collection_time_utc,collection_time_local,run_id,timestamp_utc,timestamp_local,value,unit,country,entsoe_area,variable,source,updated_at_utc
2026-06-06T16:23:19Z,2026-06-06T18:23:19+0200,8d87ff8c-7229-4840-a478-c91fa6b6d43f,2026-05-06T16:30:00Z,2026-05-06T18:30:00+0200,4773.941,MW,DE,DE_LU,actual_solar_generation,Solar,2026-06-06T16:24:29Z
2026-06-06T16:23:19Z,2026-06-06T18:23:19+0200,8d87ff8c-7229-4840-a478-c91fa6b6d43f,2026-05-06T16:45:00Z,2026-05-06T18:45:00+0200,3913.037,MW,DE,DE_LU,actual_solar_generation,Solar,2026-06-06T16:24:29Z
2026-06-06T16:23:19Z,2026-06-06T18:23:19+0200,8d87ff8c-7229-4840-a478-c91fa6b6d43f,2026-05-06T17:00:00Z,2026-05-06T19:00:00+0200,3102.68,MW,DE,DE_LU,actual_solar_generation,Solar,2026-06-06T16:24:29Z
2026-06-06T16:23:19Z,2026-06-06T18:23:19+0200,8d87ff8c-7229-4840-a478-c91fa6b6d43f,2026-05-06T17:15:00Z,2026-05-06T19:15:00+0200,2355.888,MW,DE,DE_LU,actual_solar_generation,Solar,2026-06-06T16:24:29Z
2026-06-06T16:23:19Z,2026-06-06T18:23:19+0200,8d87ff8c-7229-4840-a478-c91fa6b6d43f,2026-05-06T17:30:00Z,2026-05-06T19:30:00+0200,1690.355,MW,DE,DE_LU,actual_solar_generation,Solar,2026-06-06T16:24:29Z
2026-06-06T16:23:19Z,2026-06-06T18:23:19+0200,8d87ff8c-7229-4840-a478-c91fa6b6d43f,2026-05-06T17:45:00Z,2026-05-06T19:45:00+0200,1135.767,MW,DE,DE_LU,actual_solar_generation,Solar,2026-06-06T16:24:29Z
2026-06-06T16:23:19Z,2026-06-06T18:23:19+0200,8d87ff8c-7229-4840-a478-c91fa6b6d43f,2026-05-06T18:00:00Z,2026-05-06T20:00:00+0200,656.945,MW,DE,DE_LU,actual_solar_generation,Solar,2026-06-06T16:24:29Z
2026-06-06T16:23:19Z,2026-06-06T18:23:19+0200,8d87ff8c-7229-4840-a478-c91fa6b6d43f,2026-05-06T18:15:00Z,2026-05-06T20:15:00+0200,308.036,MW,DE,DE_LU,actual_solar_generation,Solar,2026-06-06T16:24:29Z
2026-06-06T16:23:19Z,2026-06-06T18:23:19+0200,8d87ff8c-7229-4840-a478-c91fa6b6d43f,2026-05-06T18:30:00Z,2026-05-06T20:30:00+0200,117.287,MW,DE,DE_LU,actual_solar_generation,Solar,2026-06-06T16:24:29Z
2026-06-06T16:23:19Z,2026-06-06T18:23:19+0200,8d87ff8c-7229-4840-a478-c91fa6b6d43f,2026-05-06T18:45:00Z,2026-05-06T20:45:00+0200,40.561,MW,DE,DE_LU,actual_solar_generation,Solar,2026-06-06T16:24:29Z
2026-06-06T16:23:19Z,2026-06-06T18:23:19+0200,8d87ff8c-7229-4840-a478-c91fa6b6d43f,2026-05-06T19:00:00Z,2026-05-06T21:00:00+0200,10.691,MW,DE,DE_LU,actual_solar_generation,Solar,2026-06-06T16:24:29Z
2026-06-06T16:23:19Z,2026-06-06T18:23:19+0200,8d87ff8c-7229-4840-a478-c91fa6b6d43f,2026-05-06T19:15:00Z,2026-05-06T21:15:00+0200,1.935,MW,DE,DE_LU,actual_solar_generation,Solar,2026-06-06T16:24:29Z
2026-06-06T16:23:19Z,2026-06-06T18:23:19+0200,8d87ff8c-7229-4840-a478-c91fa6b6d43f,2026-05-06T19:30:00Z,2026-05-06T21:30:00+0200,0.277,MW,DE,DE_LU,actual_solar_generation,Solar,2026-06-06T16:24:29Z
2026-06-06T16:23:19Z,2026-06-06T18:23:19+0200,8d87ff8c-7229-4840-a478-c91fa6b6d43f,2026-05-06T19:45:00Z,2026-05-06T21:45:00+0200,0.184,MW,DE,DE_LU,actual_solar_generation,Solar,2026-06-06T16:24:29Z
2026-06-06T16:23:19Z,2026-06-06T18:23:19+0200,8d87ff8c-7229-4840-a478-c91fa6b6d43f,2026-05-06T20:00:00Z,2026-05-06T22:00:00+0200,0.147,MW,DE,DE_LU,actual_solar_generation,Solar,2026-06-06T16:24:29Z
2026-06-06T16:23:19Z,2026-06-06T18:23:19+0200,8d87ff8c-7229-4840-a478-c91fa6b6d43f,2026-05-06T20:15:00Z,2026-05-06T22:15:00+0200,0.131,MW,DE,DE_LU,actual_solar_generation,Solar,2026-06-06T16:24:29Z
2026-06-06T16:23:19Z,2026-06-06T18:23:19+0200,8d87ff8c-7229-4840-a478-c91fa6b6d43f,2026-05-06T20:30:00Z,2026-05-06T22:30:00+0200,0.11,MW,DE,DE_LU,actual_solar_generation,Solar,2026-06-06T16:24:29Z
2026-06-06T16:23:19Z,2026-06-06T18:23:19+0200,8d87ff8c-7229-4840-a478-c91fa6b6d43f,2026-05-06T20:45:00Z,2026-05-06T22:45:00+0200,0.097,MW,DE,DE_LU,actual_solar_generation,Solar,2026-06-06T16:24:29Z
2026-06-06T16:23:19Z,2026-06-06T18:23:19+0200,8d87ff8c-7229-4840-a478-c91fa6b6d43f,2026-05-06T21:00:00Z,2026-05-06T23:00:00+0200,0.089,MW,DE,DE_LU,actual_solar_generation,Solar,2026-06-06T16:24:29Z
2026-06-06T16:23:19Z,2026-06-06T18:23:19+0200,8d87ff8c-7229-4840-a478-c91fa6b6d43f,2026-05-06T21:15:00Z,2026-05-06T23:15:00+0200,0.081,MW,DE,DE_LU,actual_solar_generation,Solar,2026-06-06T16:24:29Z
2026-06-06T16:23:19Z,2026-06-06T18:23:19+0200,8d87ff8c-7229-4840-a478-c91fa6b6d43f,2026-05-06T21:30:00Z,2026-05-06T23:30:00+0200,0.081,MW,DE,DE_LU,actual_solar_generation,Solar,2026-06-06T16:24:29Z
2026-06-06T16:23:19Z,2026-06-06T18:23:19+0200,8d87ff8c-7229-4840-a478-c91fa6b6d43f,2026-05-06T21:45:00Z,2026-05-06T23:45:00+0200,0.092,MW,DE,DE_LU,actual_solar_generation,Solar,2026-06-06T16:24:29Z
2026-06-06T16:23:19Z,2026-06-06T18:23:19+0200,8d87ff8c-7229-4840-a478-c91fa6b6d43f,2026-05-06T22:00:00Z,2026-05-07T00:00:00+0200,0.089,MW,DE,DE_LU,actual_solar_generation,Solar,2026-06-06T16:24:29Z
2026-06-06T16:23:19Z,2026-06-06T18:23:19+0200,8d87ff8c-7229-4840-a478-c91fa6b6d43f,2026-05-06T22:15:00Z,2026-05-07T00:15:00+0200,0.084,MW,DE,DE_LU,actual_solar_generation,Solar,2026-06-06T16:24:29Z
2026-06-06T16:23:19Z,2026-06-06T18:23:19+0200,8d87ff8c-7229-4840-a478-c91fa6b6d43f,2026-05-06T22:30:00Z,2026-05-07T00:30:00+0200,0.082,MW,DE,DE_LU,actual_solar_generation,Solar,2026-06-06T16:24:29Z
2026-06-06T16:23:19Z,2026-06-06T18:23:19+0200,8d87ff8c-7229-4840-a478-c91fa6b6d43f,2026-05-06T22:45:00Z,2026-05-07T00:45:00+0200,0.084,MW,DE,DE_LU,actual_solar_generation,Solar,2026-06-06T16:24:29Z
2026-06-06T16:23:19Z,2026-06-06T18:23:19+0200,8d87ff8c-7229-4840-a478-c91fa6b6d43f,2026-05-06T23:00:00Z,2026-05-07T01:00:00+0200,0.073,MW,DE,DE_LU,actual_solar_generation,Solar,2026-06-06T16:24:29Z
2026-06-06T16:23:19Z,2026-06-06T18:23:19+0200,8d87ff8c-7229-4840-a478-c91fa6b6d43f,2026-05-06T23:15:00Z,2026-05-07T01:15:00+0200,0.075,MW,DE,DE_LU,actual_solar_generation,Solar,2026-06-06T16:24:29Z
2026-06-06T16:23:19Z,2026-06-06T18:23:19+0200,8d87ff8c-7229-4840-a478-c91fa6b6d43f,2026-05-06T23:30:00Z,2026-05-07T01:30:00+0200,0.071,MW,DE,DE_LU,actual_solar_generation,Solar,2026-06-06T16:24:29Z
2026-06-06T16:23:19Z,2026-06-06T18:23:19+0200,8d87ff8c-7229-4840-a478-c91fa6b6d43f,2026-05-06T23:45:00Z,2026-05-07T01:45:00+0200,0.051,MW,DE,DE_LU,actual_solar_generation,Solar,2026-06-06T16:24:29Z
2026-06-06T16:23:19Z,2026-06-06T18:23:19+0200,8d87ff8c-7229-4840-a478-c91fa6b6d43f,2026-05-07T00:00:00Z,2026-05-07T02:00:00+0200,0.052,MW,DE,DE_LU,actual_solar_generation,Solar,2026-06-06T16:24:29Z
2026-06-06T16:23:19Z,2026-06-06T18:23:19+0200,8d87ff8c-7229-4840-a478-c91fa6b6d43f,2026-05-07T00:15:00Z,2026-05-07T02:15:00+0200,0.061,MW,DE,DE_LU,actual_solar_generation,Solar,2026-06-06T16:24:29Z
2026-06-06T16:23:19Z,2026-06-06T18:23:19+0200,8d87ff8c-7229-4840-a478-c91fa6b6d43f,2026-05-07T00:30:00Z,2026-05-07T02:30:00+0200,0.049,MW,DE,DE_LU,actual_solar_generation,Solar,2026-06-06T16:24:29Z
2026-06-06T16:23:19Z,2026-06-06T18:23:19+0200,8d87ff8c-7229-4840-a478-c91fa6b6d43f,2026-05-07T00:45:00Z,2026-05-07T02:45:00+0200,0.048,MW,DE,DE_LU,actual_solar_generation,Solar,2026-06-06T16:24:29Z
2026-06-06T16:23:19Z,2026-06-06T18:23:19+0200,8d87ff8c-7229-4840-a478-c91fa6b6d43f,2026-05-07T01:00:00Z,2026-05-07T03:00:00+0200,0.057,MW,DE,DE_LU,actual_solar_generation,Solar,2026-06-06T16:24:29Z
2026-06-06T16:23:19Z,2026-06-06T18:23:19+0200,8d87ff8c-7229-4840-a478-c91fa6b6d43f,2026-05-07T01:15:00Z,2026-05-07T03:15:00+0200,0.049,MW,DE,DE_LU,actual_solar_generation,Solar,2026-06-06T16:24:29Z
2026-06-06T16:23:19Z,2026-06-06T18:23:19+0200,8d87ff8c-7229-4840-a478-c91fa6b6d43f,2026-05-07T01:30:00Z,2026-05-07T03:30:00+0200,0.053,MW,DE,DE_LU,actual_solar_generation,Solar,2026-06-06T16:24:29Z
2026-06-06T16:23:19Z,2026-06-06T18:23:19+0200,8d87ff8c-7229-4840-a478-c91fa6b6d43f,2026-05-07T01:45:00Z,2026-05-07T03:45:00+0200,0.051,MW,DE,DE_LU,actual_solar_generation,Solar,2026-06-06T16:24:29Z
2026-06-06T16:23:19Z,2026-06-06T18:23:19+0200,8d87ff8c-7229-4840-a478-c91fa6b6d43f,2026-05-07T02:00:00Z,2026-05-07T04:00:00+0200,0.057,MW,DE,DE_LU,actual_solar_generation,Solar,2026-06-06T16:24:29Z
2026-06-06T16:23:19Z,2026-06-06T18:23:19+0200,8d87ff8c-7229-4840-a478-c91fa6b6d43f,2026-05-07T02:15:00Z,2026-05-07T04:15:00+0200,0.055,MW,DE,DE_LU,actual_solar_generation,Solar,2026-06-06T16:24:29Z
2026-06-06T16:23:19Z,2026-06-06T18:23:19+0200,8d87ff8c-7229-4840-a478-c91fa6b6d43f,2026-05-07T02:30:00Z,2026-05-07T04:30:00+0200,0.039,MW,DE,DE_LU,actual_solar_generation,Solar,2026-06-06T16:24:29Z
2026-06-06T16:23:19Z,2026-06-06T18:23:19+0200,8d87ff8c-7229-4840-a478-c91fa6b6d43f,2026-05-07T02:45:00Z,2026-05-07T04:45:00+0200,0.045,MW,DE,DE_LU,actual_solar_generation,Solar,2026-06-06T16:24:29Z
2026-06-06T16:23:19Z,2026-06-06T18:23:19+0200,8d87ff8c-7229-4840-a478-c91fa6b6d43f,2026-05-07T03:00:00Z,2026-05-07T05:00:00+0200,0.876,MW,DE,DE_LU,actual_solar_generation,Solar,2026-06-06T16:24:29Z
2026-06-06T16:23:19Z,2026-06-06T18:23:19+0200,8d87ff8c-7229-4840-a478-c91fa6b6d43f,2026-05-07T03:15:00Z,2026-05-07T05:15:00+0200,2.677,MW,DE,DE_LU,actual_solar_generation,Solar,2026-06-06T16:24:29Z
2026-06-06T16:23:19Z,2026-06-06T18:23:19+0200,8d87ff8c-7229-4840-a478-c91fa6b6d43f,2026-05-07T03:30:00Z,2026-05-07T05:30:00+0200,17.31,MW,DE,DE_LU,actual_solar_generation,Solar,2026-06-06T16:24:29Z
2026-06-06T16:23:19Z,2026-06-06T18:23:19+0200,8d87ff8c-7229-4840-a478-c91fa6b6d43f,2026-05-07T03:45:00Z,2026-05-07T05:45:00+0200,70.921,MW,DE,DE_LU,actual_solar_generation,Solar,2026-06-06T16:24:29Z
2026-06-06T16:23:19Z,2026-06-06T18:23:19+0200,8d87ff8c-7229-4840-a478-c91fa6b6d43f,2026-05-07T04:00:00Z,2026-05-07T06:00:00+0200,292.396,MW,DE,DE_LU,actual_solar_generation,Solar,2026-06-06T16:24:29Z
2026-06-06T16:23:19Z,2026-06-06T18:23:19+0200,8d87ff8c-7229-4840-a478-c91fa6b6d43f,2026-05-07T04:15:00Z,2026-05-07T06:15:00+0200,669.368,MW,DE,DE_LU,actual_solar_generation,Solar,2026-06-06T16:24:29Z
2026-06-06T16:23:19Z,2026-06-06T18:23:19+0200,8d87ff8c-7229-4840-a478-c91fa6b6d43f,2026-05-07T04:30:00Z,2026-05-07T06:30:00+0200,1185.498,MW,DE,DE_LU,actual_solar_generation,Solar,2026-06-06T16:24:29Z
2026-06-06T16:23:19Z,2026-06-06T18:23:19+0200,8d87ff8c-7229-4840-a478-c91fa6b6d43f,2026-05-07T04:45:00Z,2026-05-07T06:45:00+0200,1813.111,MW,DE,DE_LU,actual_solar_generation,Solar,2026-06-06T16:24:29Z
2026-06-06T16:23:19Z,2026-06-06T18:23:19+0200,8d87ff8c-7229-4840-a478-c91fa6b6d43f,2026-05-07T05:00:00Z,2026-05-07T07:00:00+0200,2571.802,MW,DE,DE_LU,actual_solar_generation,Solar,2026-06-06T16:24:29Z
2026-06-06T16:23:19Z,2026-06-06T18:23:19+0200,8d87ff8c-7229-4840-a478-c91fa6b6d43f,2026-05-07T05:15:00Z,2026-05-07T07:15:00+0200,3386.64,MW,DE,DE_LU,actual_solar_generation,Solar,2026-06-06T16:24:29Z
2026-06-06T16:23:19Z,2026-06-06T18:23:19+0200,8d87ff8c-7229-4840-a478-c91fa6b6d43f,2026-05-07T05:30:00Z,2026-05-07T07:30:00+0200,4304.708,MW,DE,DE_LU,actual_solar_generation,Solar,2026-06-06T16:24:29Z
2026-06-06T16:23:19Z,2026-06-06T18:23:19+0200,8d87ff8c-7229-4840-a478-c91fa6b6d43f,2026-05-07T05:45:00Z,2026-05-07T07:45:00+0200,5259.663,MW,DE,DE_LU,actual_solar_generation,Solar,2026-06-06T16:24:29Z
2026-06-06T16:23:19Z,2026-06-06T18:23:19+0200,8d87ff8c-7229-4840-a478-c91fa6b6d43f,2026-05-07T06:00:00Z,2026-05-07T08:00:00+0200,6324.379,MW,DE,DE_LU,actual_solar_generation,Solar,2026-06-06T16:24:29Z
2026-06-06T16:23:19Z,2026-06-06T18:23:19+0200,8d87ff8c-7229-4840-a478-c91fa6b6d43f,2026-05-07T06:15:00Z,2026-05-07T08:15:00+0200,7356.223,MW,DE,DE_LU,actual_solar_generation,Solar,2026-06-06T16:24:29Z
2026-06-06T16:23:19Z,2026-06-06T18:23:19+0200,8d87ff8c-7229-4840-a478-c91fa6b6d43f,2026-05-07T06:30:00Z,2026-05-07T08:30:00+0200,8458.603,MW,DE,DE_LU,actual_solar_generation,Solar,2026-06-06T16:24:29Z
2026-06-06T16:23:19Z,2026-06-06T18:23:19+0200,8d87ff8c-7229-4840-a478-c91fa6b6d43f,2026-05-07T06:45:00Z,2026-05-07T08:45:00+0200,9589.667,MW,DE,DE_LU,actual_solar_generation,Solar,2026-06-06T16:24:29Z
2026-06-06T16:23:19Z,2026-06-06T18:23:19+0200,8d87ff8c-7229-4840-a478-c91fa6b6d43f,2026-05-07T07:00:00Z,2026-05-07T09:00:00+0200,10666.898,MW,DE,DE_LU,actual_solar_generation,Solar,2026-06-06T16:24:29Z
2026-06-06T16:23:19Z,2026-06-06T18:23:19+0200,8d87ff8c-7229-4840-a478-c91fa6b6d43f,2026-05-07T07:15:00Z,2026-05-07T09:15:00+0200,11917.782,MW,DE,DE_LU,actual_solar_generation,Solar,2026-06-06T16:24:29Z
2026-06-06T16:23:19Z,2026-06-06T18:23:19+0200,8d87ff8c-7229-4840-a478-c91fa6b6d43f,2026-05-07T07:30:00Z,2026-05-07T09:30:00+0200,13199.492,MW,DE,DE_LU,actual_solar_generation,Solar,2026-06-06T16:24:29Z
2026-06-06T16:23:19Z,2026-06-06T18:23:19+0200,8d87ff8c-7229-4840-a478-c91fa6b6d43f,2026-05-07T07:45:00Z,2026-05-07T09:45:00+0200,14437.64,MW,DE,DE_LU,actual_solar_generation,Solar,2026-06-06T16:24:29Z
2026-06-06T16:23:19Z,2026-06-06T18:23:19+0200,8d87ff8c-7229-4840-a478-c91fa6b6d43f,2026-05-07T08:00:00Z,2026-05-07T10:00:00+0200,15670.076,MW,DE,DE_LU,actual_solar_generation,Solar,2026-06-06T16:24:29Z
2026-06-06T16:23:19Z,2026-06-06T18:23:19+0200,8d87ff8c-7229-4840-a478-c91fa6b6d43f,2026-05-07T08:15:00Z,2026-05-07T10:15:00+0200,17082.856,MW,DE,DE_LU,actual_solar_generation,Solar,2026-06-06T16:24:29Z
2026-06-06T16:23:19Z,2026-06-06T18:23:19+0200,8d87ff8c-7229-4840-a478-c91fa6b6d43f,2026-05-07T08:30:00Z,2026-05-07T10:30:00+0200,18381.815,MW,DE,DE_LU,actual_solar_generation,Solar,2026-06-06T16:24:29Z
2026-06-06T16:23:19Z,2026-06-06T18:23:19+0200,8d87ff8c-7229-4840-a478-c91fa6b6d43f,2026-05-07T08:45:00Z,2026-05-07T10:45:00+0200,19541.302,MW,DE,DE_LU,actual_solar_generation,Solar,2026-06-06T16:24:29Z
2026-06-06T16:23:19Z,2026-06-06T18:23:19+0200,8d87ff8c-7229-4840-a478-c91fa6b6d43f,2026-05-07T09:00:00Z,2026-05-07T11:00:00+0200,20368.509,MW,DE,DE_LU,actual_solar_generation,Solar,2026-06-06T16:24:29Z
2026-06-06T16:23:19Z,2026-06-06T18:23:19+0200,8d87ff8c-7229-4840-a478-c91fa6b6d43f,2026-05-07T09:15:00Z,2026-05-07T11:15:00+0200,21198.701,MW,DE,DE_LU,actual_solar_generation,Solar,2026-06-06T16:24:29Z
2026-06-06T16:23:19Z,2026-06-06T18:23:19+0200,8d87ff8c-7229-4840-a478-c91fa6b6d43f,2026-05-07T09:30:00Z,2026-05-07T11:30:00+0200,21895.788,MW,DE,DE_LU,actual_solar_generation,Solar,2026-06-06T16:24:29Z
2026-06-06T16:23:19Z,2026-06-06T18:23:19+0200,8d87ff8c-7229-4840-a478-c91fa6b6d43f,2026-05-07T09:45:00Z,2026-05-07T11:45:00+0200,22601.598,MW,DE,DE_LU,actual_solar_generation,Solar,2026-06-06T16:24:29Z
2026-06-06T16:23:19Z,2026-06-06T18:23:19+0200,8d87ff8c-7229-4840-a478-c91fa6b6d43f,2026-05-07T10:00:00Z,2026-05-07T12:00:00+0200,23329.058,MW,DE,DE_LU,actual_solar_generation,Solar,2026-06-06T16:24:29Z
2026-06-06T16:23:19Z,2026-06-06T18:23:19+0200,8d87ff8c-7229-4840-a478-c91fa6b6d43f,2026-05-07T10:15:00Z,2026-05-07T12:15:00+0200,23617.844,MW,DE,DE_LU,actual_solar_generation,Solar,2026-06-06T16:24:29Z
2026-06-06T16:23:19Z,2026-06-06T18:23:19+0200,8d87ff8c-7229-4840-a478-c91fa6b6d43f,2026-05-07T10:30:00Z,2026-05-07T12:30:00+0200,24217.244,MW,DE,DE_LU,actual_solar_generation,Solar,2026-06-06T16:24:29Z
2026-06-06T16:23:19Z,2026-06-06T18:23:19+0200,8d87ff8c-7229-4840-a478-c91fa6b6d43f,2026-05-07T10:45:00Z,2026-05-07T12:45:00+0200,24615.783,MW,DE,DE_LU,actual_solar_generation,Solar,2026-06-06T16:24:29Z
2026-06-06T16:23:19Z,2026-06-06T18:23:19+0200,8d87ff8c-7229-4840-a478-c91fa6b6d43f,2026-05-07T11:00:00Z,2026-05-07T13:00:00+0200,24908.632,MW,DE,DE_LU,actual_solar_generation,Solar,2026-06-06T16:24:29Z
2026-06-06T16:23:19Z,2026-06-06T18:23:19+0200,8d87ff8c-7229-4840-a478-c91fa6b6d43f,2026-05-07T11:15:00Z,2026-05-07T13:15:00+0200,25030.31,MW,DE,DE_LU,actual_solar_generation,Solar,2026-06-06T16:24:29Z
2026-06-06T16:23:19Z,2026-06-06T18:23:19+0200,8d87ff8c-7229-4840-a478-c91fa6b6d43f,2026-05-07T11:30:00Z,2026-05-07T13:30:00+0200,25008.946,MW,DE,DE_LU,actual_solar_generation,Solar,2026-06-06T16:24:29Z
2026-06-06T16:23:19Z,2026-06-06T18:23:19+0200,8d87ff8c-7229-4840-a478-c91fa6b6d43f,2026-05-07T11:45:00Z,2026-05-07T13:45:00+0200,25116.222,MW,DE,DE_LU,actual_solar_generation,Solar,2026-06-06T16:24:29Z
2026-06-06T16:23:19Z,2026-06-06T18:23:19+0200,8d87ff8c-7229-4840-a478-c91fa6b6d43f,2026-05-07T12:00:00Z,2026-05-07T14:00:00+0200,25072.665,MW,DE,DE_LU,actual_solar_generation,Solar,2026-06-06T16:24:29Z
2026-06-06T16:23:19Z,2026-06-06T18:23:19+0200,8d87ff8c-7229-4840-a478-c91fa6b6d43f,2026-05-07T12:15:00Z,2026-05-07T14:15:00+0200,24942.77,MW,DE,DE_LU,actual_solar_generation,Solar,2026-06-06T16:24:29Z
2026-06-06T16:23:19Z,2026-06-06T18:23:19+0200,8d87ff8c-7229-4840-a478-c91fa6b6d43f,2026-05-07T12:30:00Z,2026-05-07T14:30:00+0200,24553.19,MW,DE,DE_LU,actual_solar_generation,Solar,2026-06-06T16:24:29Z
2026-06-06T16:23:19Z,2026-06-06T18:23:19+0200,8d87ff8c-7229-4840-a478-c91fa6b6d43f,2026-05-07T12:45:00Z,2026-05-07T14:45:00+0200,24444.253,MW,DE,DE_LU,actual_solar_generation,Solar,2026-06-06T16:24:29Z
2026-06-06T16:23:19Z,2026-06-06T18:23:19+0200,8d87ff8c-7229-4840-a478-c91fa6b6d43f,2026-05-07T13:00:00Z,2026-05-07T15:00:00+0200,24080.051,MW,DE,DE_LU,actual_solar_generation,Solar,2026-06-06T16:24:29Z
2026-06-06T16:23:19Z,2026-06-06T18:23:19+0200,8d87ff8c-7229-4840-a478-c91fa6b6d43f,2026-05-07T13:15:00Z,2026-05-07T15:15:00+0200,23507.804,MW,DE,DE_LU,actual_solar_generation,Solar,2026-06-06T16:24:29Z
2026-06-06T16:23:19Z,2026-06-06T18:23:19+0200,8d87ff8c-7229-4840-a478-c91fa6b6d43f,2026-05-07T13:30:00Z,2026-05-07T15:30:00+0200,22957.661,MW,DE,DE_LU,actual_solar_generation,Solar,2026-06-06T16:24:29Z
2026-06-06T16:23:19Z,2026-06-06T18:23:19+0200,8d87ff8c-7229-4840-a478-c91fa6b6d43f,2026-05-07T13:45:00Z,2026-05-07T15:45:00+0200,22135.218,MW,DE,DE_LU,actual_solar_generation,Solar,2026-06-06T16:24:29Z
2026-06-06T16:23:19Z,2026-06-06T18:23:19+0200,8d87ff8c-7229-4840-a478-c91fa6b6d43f,2026-05-07T14:00:00Z,2026-05-07T16:00:00+0200,21221.086,MW,DE,DE_LU,actual_solar_generation,Solar,2026-06-06T16:24:29Z
2026-06-06T16:23:19Z,2026-06-06T18:23:19+0200,8d87ff8c-7229-4840-a478-c91fa6b6d43f,2026-05-07T14:15:00Z,2026-05-07T16:15:00+0200,20171.198,MW,DE,DE_LU,actual_solar_generation,Solar,2026-06-06T16:24:29Z
2026-06-06T16:23:19Z,2026-06-06T18:23:19+0200,8d87ff8c-7229-4840-a478-c91fa6b6d43f,2026-05-07T14:30:00Z,2026-05-07T16:30:00+0200,19062.569,MW,DE,DE_LU,actual_solar_generation,Solar,2026-06-06T16:24:29Z
2026-06-06T16:23:19Z,2026-06-06T18:23:19+0200,8d87ff8c-7229-4840-a478-c91fa6b6d43f,2026-05-07T14:45:00Z,2026-05-07T16:45:00+0200,17670.524,MW,DE,DE_LU,actual_solar_generation,Solar,2026-06-06T16:24:29Z
2026-06-06T16:23:19Z,2026-06-06T18:23:19+0200,8d87ff8c-7229-4840-a478-c91fa6b6d43f,2026-05-07T15:00:00Z,2026-05-07T17:00:00+0200,16389.392,MW,DE,DE_LU,actual_solar_generation,Solar,2026-06-06T16:24:29Z
2026-06-06T16:23:19Z,2026-06-06T18:23:19+0200,8d87ff8c-7229-4840-a478-c91fa6b6d43f,2026-05-07T15:15:00Z,2026-05-07T17:15:00+0200,15077.441,MW,DE,DE_LU,actual_solar_generation,Solar,2026-06-06T16:24:29Z
2026-06-06T16:23:19Z,2026-06-06T18:23:19+0200,8d87ff8c-7229-4840-a478-c91fa6b6d43f,2026-05-07T15:30:00Z,2026-05-07T17:30:00+0200,13616.417,MW,DE,DE_LU,actual_solar_generation,Solar,2026-06-06T16:24:29Z
2026-06-06T16:23:19Z,2026-06-06T18:23:19+0200,8d87ff8c-7229-4840-a478-c91fa6b6d43f,2026-05-07T15:45:00Z,2026-05-07T17:45:00+0200,12097.358,MW,DE,DE_LU,actual_solar_generation,Solar,2026-06-06T16:24:29Z
2026-06-06T16:23:19Z,2026-06-06T18:23:19+0200,8d87ff8c-7229-4840-a478-c91fa6b6d43f,2026-05-07T16:00:00Z,2026-05-07T18:00:00+0200,10600.2,MW,DE,DE_LU,actual_solar_generation,Solar,2026-06-06T16:24:29Z
2026-06-06T16:23:19Z,2026-06-06T18:23:19+0200,8d87ff8c-7229-4840-a478-c91fa6b6d43f,2026-05-07T16:15:00Z,2026-05-07T18:15:00+0200,9172.258,MW,DE,DE_LU,actual_solar_generation,Solar,2026-06-06T16:24:29Z
2026-06-06T16:23:19Z,2026-06-06T18:23:19+0200,8d87ff8c-7229-4840-a478-c91fa6b6d43f,2026-05-07T16:30:00Z,2026-05-07T18:30:00+0200,7777.521,MW,DE,DE_LU,actual_solar_generation,Solar,2026-06-06T16:24:29Z
2026-06-06T16:23:19Z,2026-06-06T18:23:19+0200,8d87ff8c-7229-4840-a478-c91fa6b6d43f,2026-05-07T16:45:00Z,2026-05-07T18:45:00+0200,6429.053,MW,DE,DE_LU,actual_solar_generation,Solar,2026-06-06T16:24:29Z
2026-06-06T16:23:19Z,2026-06-06T18:23:19+0200,8d87ff8c-7229-4840-a478-c91fa6b6d43f,2026-05-07T17:00:00Z,2026-05-07T19:00:00+0200,5150.054,MW,DE,DE_LU,actual_solar_generation,Solar,2026-06-06T16:24:29Z
2026-06-06T16:23:19Z,2026-06-06T18:23:19+0200,8d87ff8c-7229-4840-a478-c91fa6b6d43f,2026-05-07T17:15:00Z,2026-05-07T19:15:00+0200,3991.323,MW,DE,DE_LU,actual_solar_generation,Solar,2026-06-06T16:24:29Z
2026-06-06T16:23:19Z,2026-06-06T18:23:19+0200,8d87ff8c-7229-4840-a478-c91fa6b6d43f,2026-05-07T17:30:00Z,2026-05-07T19:30:00+0200,2922.007,MW,DE,DE_LU,actual_solar_generation,Solar,2026-06-06T16:24:29Z
2026-06-06T16:23:19Z,2026-06-06T18:23:19+0200,8d87ff8c-7229-4840-a478-c91fa6b6d43f,2026-05-07T17:45:00Z,2026-05-07T19:45:00+0200,1989.299,MW,DE,DE_LU,actual_solar_generation,Solar,2026-06-06T16:24:29Z
2026-06-06T16:23:19Z,2026-06-06T18:23:19+0200,8d87ff8c-7229-4840-a478-c91fa6b6d43f,2026-05-07T18:00:00Z,2026-05-07T20:00:00+0200,1170.253,MW,DE,DE_LU,actual_solar_generation,Solar,2026-06-06T16:24:29Z
2026-06-06T16:23:19Z,2026-06-06T18:23:19+0200,8d87ff8c-7229-4840-a478-c91fa6b6d43f,2026-05-07T18:15:00Z,2026-05-07T20:15:00+0200,555.975,MW,DE,DE_LU,actual_solar_generation,Solar,2026-06-06T16:24:29Z
2026-06-06T16:23:19Z,2026-06-06T18:23:19+0200,8d87ff8c-7229-4840-a478-c91fa6b6d43f,2026-05-07T18:30:00Z,2026-05-07T20:30:00+0200,192.766,MW,DE,DE_LU,actual_solar_generation,Solar,2026-06-06T16:24:29Z
2026-06-06T16:23:19Z,2026-06-06T18:23:19+0200,8d87ff8c-7229-4840-a478-c91fa6b6d43f,2026-05-07T18:45:00Z,2026-05-07T20:45:00+0200,45.266,MW,DE,DE_LU,actual_solar_generation,Solar,2026-06-06T16:24:29Z
2026-06-06T16:23:19Z,2026-06-06T18:23:19+0200,8d87ff8c-7229-4840-a478-c91fa6b6d43f,2026-05-07T19:00:00Z,2026-05-07T21:00:00+0200,7.082,MW,DE,DE_LU,actual_solar_generation,Solar,2026-06-06T16:24:29Z
2026-06-06T16:23:19Z,2026-06-06T18:23:19+0200,8d87ff8c-7229-4840-a478-c91fa6b6d43f,2026-05-07T19:15:00Z,2026-05-07T21:15:00+0200,1.941,MW,DE,DE_LU,actual_solar_generation,Solar,2026-06-06T16:24:29Z
2026-06-06T16:23:19Z,2026-06-06T18:23:19+0200,8d87ff8c-7229-4840-a478-c91fa6b6d43f,2026-05-07T19:30:00Z,2026-05-07T21:30:00+0200,0.182,MW,DE,DE_LU,actual_solar_generation,Solar,2026-06-06T16:24:29Z
2026-06-06T16:23:19Z,2026-06-06T18:23:19+0200,8d87ff8c-7229-4840-a478-c91fa6b6d43f,2026-05-07T19:45:00Z,2026-05-07T21:45:00+0200,0.162,MW,DE,DE_LU,actual_solar_generation,Solar,2026-06-06T16:24:29Z
2026-06-06T16:23:19Z,2026-06-06T18:23:19+0200,8d87ff8c-7229-4840-a478-c91fa6b6d43f,2026-05-07T20:00:00Z,2026-05-07T22:00:00+0200,0.154,MW,DE,DE_LU,actual_solar_generation,Solar,2026-06-06T16:24:29Z
2026-06-06T16:23:19Z,2026-06-06T18:23:19+0200,8d87ff8c-7229-4840-a478-c91fa6b6d43f,2026-05-07T20:15:00Z,2026-05-07T22:15:00+0200,0.147,MW,DE,DE_LU,actual_solar_generation,Solar,2026-06-06T16:24:29Z
2026-06-06T16:23:19Z,2026-06-06T18:23:19+0200,8d87ff8c-7229-4840-a478-c91fa6b6d43f,2026-05-07T20:30:00Z,2026-05-07T22:30:00+0200,0.132,MW,DE,DE_LU,actual_solar_generation,Solar,2026-06-06T16:24:29Z
2026-06-06T16:23:19Z,2026-06-06T18:23:19+0200,8d87ff8c-7229-4840-a478-c91fa6b6d43f,2026-05-07T20:45:00Z,2026-05-07T22:45:00+0200,0.127,MW,DE,DE_LU,actual_solar_generation,Solar,2026-06-06T16:24:29Z
2026-06-06T16:23:19Z,2026-06-06T18:23:19+0200,8d87ff8c-7229-4840-a478-c91fa6b6d43f,2026-05-07T21:00:00Z,2026-05-07T23:00:00+0200,0.114,MW,DE,DE_LU,actual_solar_generation,Solar,2026-06-06T16:24:29Z
2026-06-06T16:23:19Z,2026-06-06T18:23:19+0200,8d87ff8c-7229-4840-a478-c91fa6b6d43f,2026-05-07T21:15:00Z,2026-05-07T23:15:00+0200,0.096,MW,DE,DE_LU,actual_solar_generation,Solar,2026-06-06T16:24:29Z
2026-06-06T16:23:19Z,2026-06-06T18:23:19+0200,8d87ff8c-7229-4840-a478-c91fa6b6d43f,2026-05-07T21:30:00Z,2026-05-07T23:30:00+0200,0.088,MW,DE,DE_LU,actual_solar_generation,Solar,2026-06-06T16:24:29Z
2026-06-06T16:23:19Z,2026-06-06T18:23:19+0200,8d87ff8c-7229-4840-a478-c91fa6b6d43f,2026-05-07T21:45:00Z,2026-05-07T23:45:00+0200,0.092,MW,DE,DE_LU,actual_solar_generation,Solar,2026-06-06T16:24:29Z
2026-06-06T16:23:19Z,2026-06-06T18:23:19+0200,8d87ff8c-7229-4840-a478-c91fa6b6d43f,2026-05-07T22:00:00Z,2026-05-08T00:00:00+0200,0.083,MW,DE,DE_LU,actual_solar_generation,Solar,2026-06-06T16:24:29Z
2026-06-06T16:23:19Z,2026-06-06T18:23:19+0200,8d87ff8c-7229-4840-a478-c91fa6b6d43f,2026-05-07T22:15:00Z,2026-05-08T00:15:00+0200,0.083,MW,DE,DE_LU,actual_solar_generation,Solar,2026-06-06T16:24:29Z
2026-06-06T16:23:19Z,2026-06-06T18:23:19+0200,8d87ff8c-7229-4840-a478-c91fa6b6d43f,2026-05-07T22:30:00Z,2026-05-08T00:30:00+0200,0.083,MW,DE,DE_LU,actual_solar_generation,Solar,2026-06-06T16:24:29Z
2026-06-06T16:23:19Z,2026-06-06T18:23:19+0200,8d87ff8c-7229-4840-a478-c91fa6b6d43f,2026-05-07T22:45:00Z,2026-05-08T00:45:00+0200,0.089,MW,DE,DE_LU,actual_solar_generation,Solar,2026-06-06T16:24:29Z
2026-06-06T16:23:19Z,2026-06-06T18:23:19+0200,8d87ff8c-7229-4840-a478-c91fa6b6d43f,2026-05-07T23:00:00Z,2026-05-08T01:00:00+0200,0.078,MW,DE,DE_LU,actual_solar_generation,Solar,2026-06-06T16:24:29Z
2026-06-06T16:23:19Z,2026-06-06T18:23:19+0200,8d87ff8c-7229-4840-a478-c91fa6b6d43f,2026-05-07T23:15:00Z,2026-05-08T01:15:00+0200,0.073,MW,DE,DE_LU,actual_solar_generation,Solar,2026-06-06T16:24:29Z
2026-06-06T16:23:19Z,2026-06-06T18:23:19+0200,8d87ff8c-7229-4840-a478-c91fa6b6d43f,2026-05-07T23:30:00Z,2026-05-08T01:30:00+0200,0.071,MW,DE,DE_LU,actual_solar_generation,Solar,2026-06-06T16:24:29Z
2026-06-06T16:23:19Z,2026-06-06T18:23:19+0200,8d87ff8c-7229-4840-a478-c91fa6b6d43f,2026-05-07T23:45:00Z,2026-05-08T01:45:00+0200,0.074,MW,DE,DE_LU,actual_solar_generation,Solar,2026-06-06T16:24:29Z
2026-06-06T16:23:19Z,2026-06-06T18:23:19+0200,8d87ff8c-7229-4840-a478-c91fa6b6d43f,2026-05-08T00:00:00Z,2026-05-08T02:00:00+0200,0.057,MW,DE,DE_LU,actual_solar_generation,Solar,2026-06-06T16:24:29Z
2026-06-06T16:23:19Z,2026-06-06T18:23:19+0200,8d87ff8c-7229-4840-a478-c91fa6b6d43f,2026-05-08T00:15:00Z,2026-05-08T02:15:00+0200,0.056,MW,DE,DE_LU,actual_solar_generation,Solar,2026-06-06T16:24:29Z
2026-06-06T16:23:19Z,2026-06-06T18:23:19+0200,8d87ff8c-7229-4840-a478-c91fa6b6d43f,2026-05-08T00:30:00Z,2026-05-08T02:30:00+0200,0.052,MW,DE,DE_LU,actual_solar_generation,Solar,2026-06-06T16:24:29Z
2026-06-06T16:23:19Z,2026-06-06T18:23:19+0200,8d87ff8c-7229-4840-a478-c91fa6b6d43f,2026-05-08T00:45:00Z,2026-05-08T02:45:00+0200,0.058,MW,DE,DE_LU,actual_solar_generation,Solar,2026-06-06T16:24:29Z
2026-06-06T16:23:19Z,2026-06-06T18:23:19+0200,8d87ff8c-7229-4840-a478-c91fa6b6d43f,2026-05-08T01:00:00Z,2026-05-08T03:00:00+0200,0.061,MW,DE,DE_LU,actual_solar_generation,Solar,2026-06-06T16:24:29Z
2026-06-06T16:23:19Z,2026-06-06T18:23:19+0200,8d87ff8c-7229-4840-a478-c91fa6b6d43f,2026-05-08T01:15:00Z,2026-05-08T03:15:00+0200,0.06,MW,DE,DE_LU,actual_solar_generation,Solar,2026-06-06T16:24:29Z
2026-06-06T16:23:19Z,2026-06-06T18:23:19+0200,8d87ff8c-7229-4840-a478-c91fa6b6d43f,2026-05-08T01:30:00Z,2026-05-08T03:30:00+0200,0.054,MW,DE,DE_LU,actual_solar_generation,Solar,2026-06-06T16:24:29Z
2026-06-06T16:23:19Z,2026-06-06T18:23:19+0200,8d87ff8c-7229-4840-a478-c91fa6b6d43f,2026-05-08T01:45:00Z,2026-05-08T03:45:00+0200,0.049,MW,DE,DE_LU,actual_solar_generation,Solar,2026-06-06T16:24:29Z
2026-06-06T16:23:19Z,2026-06-06T18:23:19+0200,8d87ff8c-7229-4840-a478-c91fa6b6d43f,2026-05-08T02:00:00Z,2026-05-08T04:00:00+0200,0.044,MW,DE,DE_LU,actual_solar_generation,Solar,2026-06-06T16:24:29Z
2026-06-06T16:23:19Z,2026-06-06T18:23:19+0200,8d87ff8c-7229-4840-a478-c91fa6b6d43f,2026-05-08T02:15:00Z,2026-05-08T04:15:00+0200,0.04,MW,DE,DE_LU,actual_solar_generation,Solar,2026-06-06T16:24:29Z
2026-06-06T16:23:19Z,2026-06-06T18:23:19+0200,8d87ff8c-7229-4840-a478-c91fa6b6d43f,2026-05-08T02:30:00Z,2026-05-08T04:30:00+0200,0.047,MW,DE,DE_LU,actual_solar_generation,Solar,2026-06-06T16:24:29Z
2026-06-06T16:23:19Z,2026-06-06T18:23:19+0200,8d87ff8c-7229-4840-a478-c91fa6b6d43f,2026-05-08T02:45:00Z,2026-05-08T04:45:00+0200,0.049,MW,DE,DE_LU,actual_solar_generation,Solar,2026-06-06T16:24:29Z
2026-06-06T16:23:19Z,2026-06-06T18:23:19+0200,8d87ff8c-7229-4840-a478-c91fa6b6d43f,2026-05-08T03:00:00Z,2026-05-08T05:00:00+0200,1.121,MW,DE,DE_LU,actual_solar_generation,Solar,2026-06-06T16:24:29Z
2026-06-06T16:23:19Z,2026-06-06T18:23:19+0200,8d87ff8c-7229-4840-a478-c91fa6b6d43f,2026-05-08T03:15:00Z,2026-05-08T05:15:00+0200,6.192,MW,DE,DE_LU,actual_solar_generation,Solar,2026-06-06T16:24:29Z
2026-06-06T16:23:19Z,2026-06-06T18:23:19+0200,8d87ff8c-7229-4840-a478-c91fa6b6d43f,2026-05-08T03:30:00Z,2026-05-08T05:30:00+0200,42.811,MW,DE,DE_LU,actual_solar_generation,Solar,2026-06-06T16:24:29Z
2026-06-06T16:23:19Z,2026-06-06T18:23:19+0200,8d87ff8c-7229-4840-a478-c91fa6b6d43f,2026-05-08T03:45:00Z,2026-05-08T05:45:00+0200,193.026,MW,DE,DE_LU,actual_solar_generation,Solar,2026-06-06T16:24:29Z
2026-06-06T16:23:19Z,2026-06-06T18:23:19+0200,8d87ff8c-7229-4840-a478-c91fa6b6d43f,2026-05-08T04:00:00Z,2026-05-08T06:00:00+0200,688.516,MW,DE,DE_LU,actual_solar_generation,Solar,2026-06-06T16:24:29Z
2026-06-06T16:23:19Z,2026-06-06T18:23:19+0200,8d87ff8c-7229-4840-a478-c91fa6b6d43f,2026-05-08T04:15:00Z,2026-05-08T06:15:00+0200,1471.496,MW,DE,DE_LU,actual_solar_generation,Solar,2026-06-06T16:24:29Z
2026-06-06T16:23:19Z,2026-06-06T18:23:19+0200,8d87ff8c-7229-4840-a478-c91fa6b6d43f,2026-05-08T04:30:00Z,2026-05-08T06:30:00+0200,2465.507,MW,DE,DE_LU,actual_solar_generation,Solar,2026-06-06T16:24:29Z
2026-06-06T16:23:19Z,2026-06-06T18:23:19+0200,8d87ff8c-7229-4840-a478-c91fa6b6d43f,2026-05-08T04:45:00Z,2026-05-08T06:45:00+0200,3699.115,MW,DE,DE_LU,actual_solar_generation,Solar,2026-06-06T16:24:29Z
2026-06-06T16:23:19Z,2026-06-06T18:23:19+0200,8d87ff8c-7229-4840-a478-c91fa6b6d43f,2026-05-08T05:00:00Z,2026-05-08T07:00:00+0200,5098.268,MW,DE,DE_LU,actual_solar_generation,Solar,2026-06-06T16:24:29Z
2026-06-06T16:23:19Z,2026-06-06T18:23:19+0200,8d87ff8c-7229-4840-a478-c91fa6b6d43f,2026-05-08T05:15:00Z,2026-05-08T07:15:00+0200,6759.165,MW,DE,DE_LU,actual_solar_generation,Solar,2026-06-06T16:24:29Z
2026-06-06T16:23:19Z,2026-06-06T18:23:19+0200,8d87ff8c-7229-4840-a478-c91fa6b6d43f,2026-05-08T05:30:00Z,2026-05-08T07:30:00+0200,8601.754,MW,DE,DE_LU,actual_solar_generation,Solar,2026-06-06T16:24:29Z
2026-06-06T16:23:19Z,2026-06-06T18:23:19+0200,8d87ff8c-7229-4840-a478-c91fa6b6d43f,2026-05-08T05:45:00Z,2026-05-08T07:45:00+0200,10655.238,MW,DE,DE_LU,actual_solar_generation,Solar,2026-06-06T16:24:29Z
2026-06-06T16:23:19Z,2026-06-06T18:23:19+0200,8d87ff8c-7229-4840-a478-c91fa6b6d43f,2026-05-08T06:00:00Z,2026-05-08T08:00:00+0200,12857.348,MW,DE,DE_LU,actual_solar_generation,Solar,2026-06-06T16:24:29Z
2026-06-06T16:23:19Z,2026-06-06T18:23:19+0200,8d87ff8c-7229-4840-a478-c91fa6b6d43f,2026-05-08T06:15:00Z,2026-05-08T08:15:00+0200,15261.394,MW,DE,DE_LU,actual_solar_generation,Solar,2026-06-06T16:24:29Z
2026-06-06T16:23:19Z,2026-06-06T18:23:19+0200,8d87ff8c-7229-4840-a478-c91fa6b6d43f,2026-05-08T06:30:00Z,2026-05-08T08:30:00+0200,17828.969,MW,DE,DE_LU,actual_solar_generation,Solar,2026-06-06T16:24:29Z
2026-06-06T16:23:19Z,2026-06-06T18:23:19+0200,8d87ff8c-7229-4840-a478-c91fa6b6d43f,2026-05-08T06:45:00Z,2026-05-08T08:45:00+0200,20528.155,MW,DE,DE_LU,actual_solar_generation,Solar,2026-06-06T16:24:29Z
2026-06-06T16:23:19Z,2026-06-06T18:23:19+0200,8d87ff8c-7229-4840-a478-c91fa6b6d43f,2026-05-08T07:00:00Z,2026-05-08T09:00:00+0200,23246.927,MW,DE,DE_LU,actual_solar_generation,Solar,2026-06-06T16:24:29Z
2026-06-06T16:23:19Z,2026-06-06T18:23:19+0200,8d87ff8c-7229-4840-a478-c91fa6b6d43f,2026-05-08T07:15:00Z,2026-05-08T09:15:00+0200,25913.599,MW,DE,DE_LU,actual_solar_generation,Solar,2026-06-06T16:24:29Z
2026-06-06T16:23:19Z,2026-06-06T18:23:19+0200,8d87ff8c-7229-4840-a478-c91fa6b6d43f,2026-05-08T07:30:00Z,2026-05-08T09:30:00+0200,28610.903,MW,DE,DE_LU,actual_solar_generation,Solar,2026-06-06T16:24:29Z
2026-06-06T16:23:19Z,2026-06-06T18:23:19+0200,8d87ff8c-7229-4840-a478-c91fa6b6d43f,2026-05-08T07:45:00Z,2026-05-08T09:45:00+0200,30903.555,MW,DE,DE_LU,actual_solar_generation,Solar,2026-06-06T16:24:29Z
2026-06-06T16:23:19Z,2026-06-06T18:23:19+0200,8d87ff8c-7229-4840-a478-c91fa6b6d43f,2026-05-08T08:00:00Z,2026-05-08T10:00:00+0200,33221.228,MW,DE,DE_LU,actual_solar_generation,Solar,2026-06-06T16:24:29Z
2026-06-06T16:23:19Z,2026-06-06T18:23:19+0200,8d87ff8c-7229-4840-a478-c91fa6b6d43f,2026-05-08T08:15:00Z,2026-05-08T10:15:00+0200,35363.688,MW,DE,DE_LU,actual_solar_generation,Solar,2026-06-06T16:24:29Z
2026-06-06T16:23:19Z,2026-06-06T18:23:19+0200,8d87ff8c-7229-4840-a478-c91fa6b6d43f,2026-05-08T08:30:00Z,2026-05-08T10:30:00+0200,37126.526,MW,DE,DE_LU,actual_solar_generation,Solar,2026-06-06T16:24:29Z
2026-06-06T16:23:19Z,2026-06-06T18:23:19+0200,8d87ff8c-7229-4840-a478-c91fa6b6d43f,2026-05-08T08:45:00Z,2026-05-08T10:45:00+0200,38891.736,MW,DE,DE_LU,actual_solar_generation,Solar,2026-06-06T16:24:29Z
2026-06-06T16:23:19Z,2026-06-06T18:23:19+0200,8d87ff8c-7229-4840-a478-c91fa6b6d43f,2026-05-08T09:00:00Z,2026-05-08T11:00:00+0200,40073.371,MW,DE,DE_LU,actual_solar_generation,Solar,2026-06-06T16:24:29Z
2026-06-06T16:23:19Z,2026-06-06T18:23:19+0200,8d87ff8c-7229-4840-a478-c91fa6b6d43f,2026-05-08T09:15:00Z,2026-05-08T11:15:00+0200,40810.156,MW,DE,DE_LU,actual_solar_generation,Solar,2026-06-06T16:24:29Z
2026-06-06T16:23:19Z,2026-06-06T18:23:19+0200,8d87ff8c-7229-4840-a478-c91fa6b6d43f,2026-05-08T09:30:00Z,2026-05-08T11:30:00+0200,41480.242,MW,DE,DE_LU,actual_solar_generation,Solar,2026-06-06T16:24:29Z
2026-06-06T16:23:19Z,2026-06-06T18:23:19+0200,8d87ff8c-7229-4840-a478-c91fa6b6d43f,2026-05-08T09:45:00Z,2026-05-08T11:45:00+0200,42102.983,MW,DE,DE_LU,actual_solar_generation,Solar,2026-06-06T16:24:29Z
2026-06-06T16:23:19Z,2026-06-06T18:23:19+0200,8d87ff8c-7229-4840-a478-c91fa6b6d43f,2026-05-08T10:00:00Z,2026-05-08T12:00:00+0200,41825.648,MW,DE,DE_LU,actual_solar_generation,Solar,2026-06-06T16:24:29Z
2026-06-06T16:23:19Z,2026-06-06T18:23:19+0200,8d87ff8c-7229-4840-a478-c91fa6b6d43f,2026-05-08T10:15:00Z,2026-05-08T12:15:00+0200,41424.087,MW,DE,DE_LU,actual_solar_generation,Solar,2026-06-06T16:24:29Z
2026-06-06T16:23:19Z,2026-06-06T18:23:19+0200,8d87ff8c-7229-4840-a478-c91fa6b6d43f,2026-05-08T10:30:00Z,2026-05-08T12:30:00+0200,41508.694,MW,DE,DE_LU,actual_solar_generation,Solar,2026-06-06T16:24:29Z
2026-06-06T16:23:19Z,2026-06-06T18:23:19+0200,8d87ff8c-7229-4840-a478-c91fa6b6d43f,2026-05-08T10:45:00Z,2026-05-08T12:45:00+0200,41496.435,MW,DE,DE_LU,actual_solar_generation,Solar,2026-06-06T16:24:29Z
2026-06-06T16:23:19Z,2026-06-06T18:23:19+0200,8d87ff8c-7229-4840-a478-c91fa6b6d43f,2026-05-08T11:00:00Z,2026-05-08T13:00:00+0200,40861.178,MW,DE,DE_LU,actual_solar_generation,Solar,2026-06-06T16:24:29Z
2026-06-06T16:23:19Z,2026-06-06T18:23:19+0200,8d87ff8c-7229-4840-a478-c91fa6b6d43f,2026-05-08T11:15:00Z,2026-05-08T13:15:00+0200,40153.481,MW,DE,DE_LU,actual_solar_generation,Solar,2026-06-06T16:24:29Z
2026-06-06T16:23:19Z,2026-06-06T18:23:19+0200,8d87ff8c-7229-4840-a478-c91fa6b6d43f,2026-05-08T11:30:00Z,2026-05-08T13:30:00+0200,40115.278,MW,DE,DE_LU,actual_solar_generation,Solar,2026-06-06T16:24:29Z
2026-06-06T16:23:19Z,2026-06-06T18:23:19+0200,8d87ff8c-7229-4840-a478-c91fa6b6d43f,2026-05-08T11:45:00Z,2026-05-08T13:45:00+0200,39500.348,MW,DE,DE_LU,actual_solar_generation,Solar,2026-06-06T16:24:29Z
2026-06-06T16:23:19Z,2026-06-06T18:23:19+0200,8d87ff8c-7229-4840-a478-c91fa6b6d43f,2026-05-08T12:00:00Z,2026-05-08T14:00:00+0200,39042.862,MW,DE,DE_LU,actual_solar_generation,Solar,2026-06-06T16:24:29Z
2026-06-06T16:23:19Z,2026-06-06T18:23:19+0200,8d87ff8c-7229-4840-a478-c91fa6b6d43f,2026-05-08T12:15:00Z,2026-05-08T14:15:00+0200,38227.257,MW,DE,DE_LU,actual_solar_generation,Solar,2026-06-06T16:24:29Z
2026-06-06T16:23:19Z,2026-06-06T18:23:19+0200,8d87ff8c-7229-4840-a478-c91fa6b6d43f,2026-05-08T12:30:00Z,2026-05-08T14:30:00+0200,37735.229,MW,DE,DE_LU,actual_solar_generation,Solar,2026-06-06T16:24:29Z
2026-06-06T16:23:19Z,2026-06-06T18:23:19+0200,8d87ff8c-7229-4840-a478-c91fa6b6d43f,2026-05-08T12:45:00Z,2026-05-08T14:45:00+0200,36458.696,MW,DE,DE_LU,actual_solar_generation,Solar,2026-06-06T16:24:29Z
2026-06-06T16:23:19Z,2026-06-06T18:23:19+0200,8d87ff8c-7229-4840-a478-c91fa6b6d43f,2026-05-08T13:00:00Z,2026-05-08T15:00:00+0200,35508.005,MW,DE,DE_LU,actual_solar_generation,Solar,2026-06-06T16:24:29Z
2026-06-06T16:23:19Z,2026-06-06T18:23:19+0200,8d87ff8c-7229-4840-a478-c91fa6b6d43f,2026-05-08T13:15:00Z,2026-05-08T15:15:00+0200,34433.057,MW,DE,DE_LU,actual_solar_generation,Solar,2026-06-06T16:24:29Z
2026-06-06T16:23:19Z,2026-06-06T18:23:19+0200,8d87ff8c-7229-4840-a478-c91fa6b6d43f,2026-05-08T13:30:00Z,2026-05-08T15:30:00+0200,33340.07,MW,DE,DE_LU,actual_solar_generation,Solar,2026-06-06T16:24:29Z
2026-06-06T16:23:19Z,2026-06-06T18:23:19+0200,8d87ff8c-7229-4840-a478-c91fa6b6d43f,2026-05-08T13:45:00Z,2026-05-08T15:45:00+0200,32209.758,MW,DE,DE_LU,actual_solar_generation,Solar,2026-06-06T16:24:29Z
2026-06-06T16:23:19Z,2026-06-06T18:23:19+0200,8d87ff8c-7229-4840-a478-c91fa6b6d43f,2026-05-08T14:00:00Z,2026-05-08T16:00:00+0200,31082.808,MW,DE,DE_LU,actual_solar_generation,Solar,2026-06-06T16:24:29Z
2026-06-06T16:23:19Z,2026-06-06T18:23:19+0200,8d87ff8c-7229-4840-a478-c91fa6b6d43f,2026-05-08T14:15:00Z,2026-05-08T16:15:00+0200,29608.651,MW,DE,DE_LU,actual_solar_generation,Solar,2026-06-06T16:24:29Z
2026-06-06T16:23:19Z,2026-06-06T18:23:19+0200,8d87ff8c-7229-4840-a478-c91fa6b6d43f,2026-05-08T14:30:00Z,2026-05-08T16:30:00+0200,27657.927,MW,DE,DE_LU,actual_solar_generation,Solar,2026-06-06T16:24:29Z
2026-06-06T16:23:19Z,2026-06-06T18:23:19+0200,8d87ff8c-7229-4840-a478-c91fa6b6d43f,2026-05-08T14:45:00Z,2026-05-08T16:45:00+0200,25921.983,MW,DE,DE_LU,actual_solar_generation,Solar,2026-06-06T16:24:29Z
2026-06-06T16:23:19Z,2026-06-06T18:23:19+0200,8d87ff8c-7229-4840-a478-c91fa6b6d43f,2026-05-08T15:00:00Z,2026-05-08T17:00:00+0200,23950.052,MW,DE,DE_LU,actual_solar_generation,Solar,2026-06-06T16:24:29Z
2026-06-06T16:23:19Z,2026-06-06T18:23:19+0200,8d87ff8c-7229-4840-a478-c91fa6b6d43f,2026-05-08T15:15:00Z,2026-05-08T17:15:00+0200,21912.553,MW,DE,DE_LU,actual_solar_generation,Solar,2026-06-06T16:24:29Z
2026-06-06T16:23:19Z,2026-06-06T18:23:19+0200,8d87ff8c-7229-4840-a478-c91fa6b6d43f,2026-05-08T15:30:00Z,2026-05-08T17:30:00+0200,19853.343,MW,DE,DE_LU,actual_solar_generation,Solar,2026-06-06T16:24:29Z
2026-06-06T16:23:19Z,2026-06-06T18:23:19+0200,8d87ff8c-7229-4840-a478-c91fa6b6d43f,2026-05-08T15:45:00Z,2026-05-08T17:45:00+0200,17859.717,MW,DE,DE_LU,actual_solar_generation,Solar,2026-06-06T16:24:29Z
2026-06-06T16:23:19Z,2026-06-06T18:23:19+0200,8d87ff8c-7229-4840-a478-c91fa6b6d43f,2026-05-08T16:00:00Z,2026-05-08T18:00:00+0200,15756.634,MW,DE,DE_LU,actual_solar_generation,Solar,2026-06-06T16:24:29Z
2026-06-06T16:23:19Z,2026-06-06T18:23:19+0200,8d87ff8c-7229-4840-a478-c91fa6b6d43f,2026-05-08T16:15:00Z,2026-05-08T18:15:00+0200,13557.087,MW,DE,DE_LU,actual_solar_generation,Solar,2026-06-06T16:24:29Z
2026-06-06T16:23:19Z,2026-06-06T18:23:19+0200,8d87ff8c-7229-4840-a478-c91fa6b6d43f,2026-05-08T16:30:00Z,2026-05-08T18:30:00+0200,11386.614,MW,DE,DE_LU,actual_solar_generation,Solar,2026-06-06T16:24:29Z
2026-06-06T16:23:19Z,2026-06-06T18:23:19+0200,8d87ff8c-7229-4840-a478-c91fa6b6d43f,2026-05-08T16:45:00Z,2026-05-08T18:45:00+0200,9276.885,MW,DE,DE_LU,actual_solar_generation,Solar,2026-06-06T16:24:29Z
2026-06-06T16:23:19Z,2026-06-06T18:23:19+0200,8d87ff8c-7229-4840-a478-c91fa6b6d43f,2026-05-08T17:00:00Z,2026-05-08T19:00:00+0200,7302.27,MW,DE,DE_LU,actual_solar_generation,Solar,2026-06-06T16:24:29Z
2026-06-06T16:23:19Z,2026-06-06T18:23:19+0200,8d87ff8c-7229-4840-a478-c91fa6b6d43f,2026-05-08T17:15:00Z,2026-05-08T19:15:00+0200,5521.943,MW,DE,DE_LU,actual_solar_generation,Solar,2026-06-06T16:24:29Z
2026-06-06T16:23:19Z,2026-06-06T18:23:19+0200,8d87ff8c-7229-4840-a478-c91fa6b6d43f,2026-05-08T17:30:00Z,2026-05-08T19:30:00+0200,3972.537,MW,DE,DE_LU,actual_solar_generation,Solar,2026-06-06T16:24:29Z
2026-06-06T16:23:19Z,2026-06-06T18:23:19+0200,8d87ff8c-7229-4840-a478-c91fa6b6d43f,2026-05-08T17:45:00Z,2026-05-08T19:45:00+0200,2634.029,MW,DE,DE_LU,actual_solar_generation,Solar,2026-06-06T16:24:29Z
2026-06-06T16:23:19Z,2026-06-06T18:23:19+0200,8d87ff8c-7229-4840-a478-c91fa6b6d43f,2026-05-08T18:00:00Z,2026-05-08T20:00:00+0200,1601.807,MW,DE,DE_LU,actual_solar_generation,Solar,2026-06-06T16:24:29Z
2026-06-06T16:23:19Z,2026-06-06T18:23:19+0200,8d87ff8c-7229-4840-a478-c91fa6b6d43f,2026-05-08T18:15:00Z,2026-05-08T20:15:00+0200,783.445,MW,DE,DE_LU,actual_solar_generation,Solar,2026-06-06T16:24:29Z
2026-06-06T16:23:19Z,2026-06-06T18:23:19+0200,8d87ff8c-7229-4840-a478-c91fa6b6d43f,2026-05-08T18:30:00Z,2026-05-08T20:30:00+0200,299.919,MW,DE,DE_LU,actual_solar_generation,Solar,2026-06-06T16:24:29Z
2026-06-06T16:23:19Z,2026-06-06T18:23:19+0200,8d87ff8c-7229-4840-a478-c91fa6b6d43f,2026-05-08T18:45:00Z,2026-05-08T20:45:00+0200,82.346,MW,DE,DE_LU,actual_solar_generation,Solar,2026-06-06T16:24:29Z
2026-06-06T16:23:19Z,2026-06-06T18:23:19+0200,8d87ff8c-7229-4840-a478-c91fa6b6d43f,2026-05-08T19:00:00Z,2026-05-08T21:00:00+0200,13.985,MW,DE,DE_LU,actual_solar_generation,Solar,2026-06-06T16:24:29Z
2026-06-06T16:23:19Z,2026-06-06T18:23:19+0200,8d87ff8c-7229-4840-a478-c91fa6b6d43f,2026-05-08T19:15:00Z,2026-05-08T21:15:00+0200,3.428,MW,DE,DE_LU,actual_solar_generation,Solar,2026-06-06T16:24:29Z
2026-06-06T16:23:19Z,2026-06-06T18:23:19+0200,8d87ff8c-7229-4840-a478-c91fa6b6d43f,2026-05-08T19:30:00Z,2026-05-08T21:30:00+0200,0.237,MW,DE,DE_LU,actual_solar_generation,Solar,2026-06-06T16:24:29Z
2026-06-06T16:23:19Z,2026-06-06T18:23:19+0200,8d87ff8c-7229-4840-a478-c91fa6b6d43f,2026-05-08T19:45:00Z,2026-05-08T21:45:00+0200,0.211,MW,DE,DE_LU,actual_solar_generation,Solar,2026-06-06T16:24:29Z
2026-06-06T16:23:19Z,2026-06-06T18:23:19+0200,8d87ff8c-7229-4840-a478-c91fa6b6d43f,2026-05-08T20:00:00Z,2026-05-08T22:00:00+0200,0.208,MW,DE,DE_LU,actual_solar_generation,Solar,2026-06-06T16:24:29Z
2026-06-06T16:23:19Z,2026-06-06T18:23:19+0200,8d87ff8c-7229-4840-a478-c91fa6b6d43f,2026-05-08T20:15:00Z,2026-05-08T22:15:00+0200,0.197,MW,DE,DE_LU,actual_solar_generation,Solar,2026-06-06T16:24:29Z
2026-06-06T16:23:19Z,2026-06-06T18:23:19+0200,8d87ff8c-7229-4840-a478-c91fa6b6d43f,2026-05-08T20:30:00Z,2026-05-08T22:30:00+0200,0.172,MW,DE,DE_LU,actual_solar_generation,Solar,2026-06-06T16:24:29Z
2026-06-06T16:23:19Z,2026-06-06T18:23:19+0200,8d87ff8c-7229-4840-a478-c91fa6b6d43f,2026-05-08T20:45:00Z,2026-05-08T22:45:00+0200,0.164,MW,DE,DE_LU,actual_solar_generation,Solar,2026-06-06T16:24:29Z
2026-06-06T16:23:19Z,2026-06-06T18:23:19+0200,8d87ff8c-7229-4840-a478-c91fa6b6d43f,2026-05-08T21:00:00Z,2026-05-08T23:00:00+0200,0.163,MW,DE,DE_LU,actual_solar_generation,Solar,2026-06-06T16:24:29Z
2026-06-06T16:23:19Z,2026-06-06T18:23:19+0200,8d87ff8c-7229-4840-a478-c91fa6b6d43f,2026-05-08T21:15:00Z,2026-05-08T23:15:00+0200,0.16,MW,DE,DE_LU,actual_solar_generation,Solar,2026-06-06T16:24:29Z
2026-06-06T16:23:19Z,2026-06-06T18:23:19+0200,8d87ff8c-7229-4840-a478-c91fa6b6d43f,2026-05-08T21:30:00Z,2026-05-08T23:30:00+0200,0.156,MW,DE,DE_LU,actual_solar_generation,Solar,2026-06-06T16:24:29Z
2026-06-06T16:23:19Z,2026-06-06T18:23:19+0200,8d87ff8c-7229-4840-a478-c91fa6b6d43f,2026-05-08T21:45:00Z,2026-05-08T23:45:00+0200,0.145,MW,DE,DE_LU,actual_solar_generation,Solar,2026-06-06T16:24:29Z
2026-06-06T16:23:19Z,2026-06-06T18:23:19+0200,8d87ff8c-7229-4840-a478-c91fa6b6d43f,2026-05-08T22:00:00Z,2026-05-09T00:00:00+0200,0.172,MW,DE,DE_LU,actual_solar_generation,Solar,2026-06-06T16:24:29Z
2026-06-06T16:23:19Z,2026-06-06T18:23:19+0200,8d87ff8c-7229-4840-a478-c91fa6b6d43f,2026-05-08T22:15:00Z,2026-05-09T00:15:00+0200,0.163,MW,DE,DE_LU,actual_solar_generation,Solar,2026-06-06T16:24:29Z
2026-06-06T16:23:19Z,2026-06-06T18:23:19+0200,8d87ff8c-7229-4840-a478-c91fa6b6d43f,2026-05-08T22:30:00Z,2026-05-09T00:30:00+0200,0.156,MW,DE,DE_LU,actual_solar_generation,Solar,2026-06-06T16:24:29Z
2026-06-06T16:23:19Z,2026-06-06T18:23:19+0200,8d87ff8c-7229-4840-a478-c91fa6b6d43f,2026-05-08T22:45:00Z,2026-05-09T00:45:00+0200,0.147,MW,DE,DE_LU,actual_solar_generation,Solar,2026-06-06T16:24:29Z
2026-06-06T16:23:19Z,2026-06-06T18:23:19+0200,8d87ff8c-7229-4840-a478-c91fa6b6d43f,2026-05-08T23:00:00Z,2026-05-09T01:00:00+0200,0.134,MW,DE,DE_LU,actual_solar_generation,Solar,2026-06-06T16:24:29Z
2026-06-06T16:23:19Z,2026-06-06T18:23:19+0200,8d87ff8c-7229-4840-a478-c91fa6b6d43f,2026-05-08T23:15:00Z,2026-05-09T01:15:00+0200,0.11,MW,DE,DE_LU,actual_solar_generation,Solar,2026-06-06T16:24:29Z
2026-06-06T16:23:19Z,2026-06-06T18:23:19+0200,8d87ff8c-7229-4840-a478-c91fa6b6d43f,2026-05-08T23:30:00Z,2026-05-09T01:30:00+0200,0.111,MW,DE,DE_LU,actual_solar_generation,Solar,2026-06-06T16:24:29Z
2026-06-06T16:23:19Z,2026-06-06T18:23:19+0200,8d87ff8c-7229-4840-a478-c91fa6b6d43f,2026-05-08T23:45:00Z,2026-05-09T01:45:00+0200,0.111,MW,DE,DE_LU,actual_solar_generation,Solar,2026-06-06T16:24:29Z
2026-06-06T16:23:19Z,2026-06-06T18:23:19+0200,8d87ff8c-7229-4840-a478-c91fa6b6d43f,2026-05-09T00:00:00Z,2026-05-09T02:00:00+0200,0.102,MW,DE,DE_LU,actual_solar_generation,Solar,2026-06-06T16:24:29Z
2026-06-06T16:23:19Z,2026-06-06T18:23:19+0200,8d87ff8c-7229-4840-a478-c91fa6b6d43f,2026-05-09T00:15:00Z,2026-05-09T02:15:00+0200,0.093,MW,DE,DE_LU,actual_solar_generation,Solar,2026-06-06T16:24:29Z
2026-06-06T16:23:19Z,2026-06-06T18:23:19+0200,8d87ff8c-7229-4840-a478-c91fa6b6d43f,2026-05-09T00:30:00Z,2026-05-09T02:30:00+0200,0.096,MW,DE,DE_LU,actual_solar_generation,Solar,2026-06-06T16:24:29Z
2026-06-06T16:23:19Z,2026-06-06T18:23:19+0200,8d87ff8c-7229-4840-a478-c91fa6b6d43f,2026-05-09T00:45:00Z,2026-05-09T02:45:00+0200,0.086,MW,DE,DE_LU,actual_solar_generation,Solar,2026-06-06T16:24:29Z
2026-06-06T16:23:19Z,2026-06-06T18:23:19+0200,8d87ff8c-7229-4840-a478-c91fa6b6d43f,2026-05-09T01:00:00Z,2026-05-09T03:00:00+0200,0.084,MW,DE,DE_LU,actual_solar_generation,Solar,2026-06-06T16:24:29Z
2026-06-06T16:23:19Z,2026-06-06T18:23:19+0200,8d87ff8c-7229-4840-a478-c91fa6b6d43f,2026-05-09T01:15:00Z,2026-05-09T03:15:00+0200,0.083,MW,DE,DE_LU,actual_solar_generation,Solar,2026-06-06T16:24:29Z
2026-06-06T16:23:19Z,2026-06-06T18:23:19+0200,8d87ff8c-7229-4840-a478-c91fa6b6d43f,2026-05-09T01:30:00Z,2026-05-09T03:30:00+0200,0.088,MW,DE,DE_LU,actual_solar_generation,Solar,2026-06-06T16:24:29Z
2026-06-06T16:23:19Z,2026-06-06T18:23:19+0200,8d87ff8c-7229-4840-a478-c91fa6b6d43f,2026-05-09T01:45:00Z,2026-05-09T03:45:00+0200,0.08,MW,DE,DE_LU,actual_solar_generation,Solar,2026-06-06T16:24:29Z
2026-06-06T16:23:19Z,2026-06-06T18:23:19+0200,8d87ff8c-7229-4840-a478-c91fa6b6d43f,2026-05-09T02:00:00Z,2026-05-09T04:00:00+0200,0.076,MW,DE,DE_LU,actual_solar_generation,Solar,2026-06-06T16:24:29Z
2026-06-06T16:23:19Z,2026-06-06T18:23:19+0200,8d87ff8c-7229-4840-a478-c91fa6b6d43f,2026-05-09T02:15:00Z,2026-05-09T04:15:00+0200,0.072,MW,DE,DE_LU,actual_solar_generation,Solar,2026-06-06T16:24:29Z
2026-06-06T16:23:19Z,2026-06-06T18:23:19+0200,8d87ff8c-7229-4840-a478-c91fa6b6d43f,2026-05-09T02:30:00Z,2026-05-09T04:30:00+0200,0.074,MW,DE,DE_LU,actual_solar_generation,Solar,2026-06-06T16:24:29Z
2026-06-06T16:23:19Z,2026-06-06T18:23:19+0200,8d87ff8c-7229-4840-a478-c91fa6b6d43f,2026-05-09T02:45:00Z,2026-05-09T04:45:00+0200,0.08,MW,DE,DE_LU,actual_solar_generation,Solar,2026-06-06T16:24:29Z
2026-06-06T16:23:19Z,2026-06-06T18:23:19+0200,8d87ff8c-7229-4840-a478-c91fa6b6d43f,2026-05-09T03:00:00Z,2026-05-09T05:00:00+0200,1.424,MW,DE,DE_LU,actual_solar_generation,Solar,2026-06-06T16:24:29Z
2026-06-06T16:23:19Z,2026-06-06T18:23:19+0200,8d87ff8c-7229-4840-a478-c91fa6b6d43f,2026-05-09T03:15:00Z,2026-05-09T05:15:00+0200,9.373,MW,DE,DE_LU,actual_solar_generation,Solar,2026-06-06T16:24:29Z
2026-06-06T16:23:19Z,2026-06-06T18:23:19+0200,8d87ff8c-7229-4840-a478-c91fa6b6d43f,2026-05-09T03:30:00Z,2026-05-09T05:30:00+0200,66.638,MW,DE,DE_LU,actual_solar_generation,Solar,2026-06-06T16:24:29Z
2026-06-06T16:23:19Z,2026-06-06T18:23:19+0200,8d87ff8c-7229-4840-a478-c91fa6b6d43f,2026-05-09T03:45:00Z,2026-05-09T05:45:00+0200,263.418,MW,DE,DE_LU,actual_solar_generation,Solar,2026-06-06T16:24:29Z
2026-06-06T16:23:19Z,2026-06-06T18:23:19+0200,8d87ff8c-7229-4840-a478-c91fa6b6d43f,2026-05-09T04:00:00Z,2026-05-09T06:00:00+0200,885.673,MW,DE,DE_LU,actual_solar_generation,Solar,2026-06-06T16:24:29Z
2026-06-06T16:23:19Z,2026-06-06T18:23:19+0200,8d87ff8c-7229-4840-a478-c91fa6b6d43f,2026-05-09T04:15:00Z,2026-05-09T06:15:00+0200,1754.817,MW,DE,DE_LU,actual_solar_generation,Solar,2026-06-06T16:24:29Z
2026-06-06T16:23:19Z,2026-06-06T18:23:19+0200,8d87ff8c-7229-4840-a478-c91fa6b6d43f,2026-05-09T04:30:00Z,2026-05-09T06:30:00+0200,2837.811,MW,DE,DE_LU,actual_solar_generation,Solar,2026-06-06T16:24:29Z
2026-06-06T16:23:19Z,2026-06-06T18:23:19+0200,8d87ff8c-7229-4840-a478-c91fa6b6d43f,2026-05-09T04:45:00Z,2026-05-09T06:45:00+0200,4135.667,MW,DE,DE_LU,actual_solar_generation,Solar,2026-06-06T16:24:29Z
2026-06-06T16:23:19Z,2026-06-06T18:23:19+0200,8d87ff8c-7229-4840-a478-c91fa6b6d43f,2026-05-09T05:00:00Z,2026-05-09T07:00:00+0200,5754.111,MW,DE,DE_LU,actual_solar_generation,Solar,2026-06-06T16:24:29Z
2026-06-06T16:23:19Z,2026-06-06T18:23:19+0200,8d87ff8c-7229-4840-a478-c91fa6b6d43f,2026-05-09T05:15:00Z,2026-05-09T07:15:00+0200,7549.43,MW,DE,DE_LU,actual_solar_generation,Solar,2026-06-06T16:24:29Z
2026-06-06T16:23:19Z,2026-06-06T18:23:19+0200,8d87ff8c-7229-4840-a478-c91fa6b6d43f,2026-05-09T05:30:00Z,2026-05-09T07:30:00+0200,9633.357,MW,DE,DE_LU,actual_solar_generation,Solar,2026-06-06T16:24:29Z
2026-06-06T16:23:19Z,2026-06-06T18:23:19+0200,8d87ff8c-7229-4840-a478-c91fa6b6d43f,2026-05-09T05:45:00Z,2026-05-09T07:45:00+0200,11980.504,MW,DE,DE_LU,actual_solar_generation,Solar,2026-06-06T16:24:29Z
2026-06-06T16:23:19Z,2026-06-06T18:23:19+0200,8d87ff8c-7229-4840-a478-c91fa6b6d43f,2026-05-09T06:00:00Z,2026-05-09T08:00:00+0200,14603.958,MW,DE,DE_LU,actual_solar_generation,Solar,2026-06-06T16:24:29Z
2026-06-06T16:23:19Z,2026-06-06T18:23:19+0200,8d87ff8c-7229-4840-a478-c91fa6b6d43f,2026-05-09T06:15:00Z,2026-05-09T08:15:00+0200,17479.841,MW,DE,DE_LU,actual_solar_generation,Solar,2026-06-06T16:24:29Z
2026-06-06T16:23:19Z,2026-06-06T18:23:19+0200,8d87ff8c-7229-4840-a478-c91fa6b6d43f,2026-05-09T06:30:00Z,2026-05-09T08:30:00+0200,20367.094,MW,DE,DE_LU,actual_solar_generation,Solar,2026-06-06T16:24:29Z
2026-06-06T16:23:19Z,2026-06-06T18:23:19+0200,8d87ff8c-7229-4840-a478-c91fa6b6d43f,2026-05-09T06:45:00Z,2026-05-09T08:45:00+0200,23498.934,MW,DE,DE_LU,actual_solar_generation,Solar,2026-06-06T16:24:29Z
2026-06-06T16:23:19Z,2026-06-06T18:23:19+0200,8d87ff8c-7229-4840-a478-c91fa6b6d43f,2026-05-09T07:00:00Z,2026-05-09T09:00:00+0200,26523.344,MW,DE,DE_LU,actual_solar_generation,Solar,2026-06-06T16:24:29Z
2026-06-06T16:23:19Z,2026-06-06T18:23:19+0200,8d87ff8c-7229-4840-a478-c91fa6b6d43f,2026-05-09T07:15:00Z,2026-05-09T09:15:00+0200,29512.793,MW,DE,DE_LU,actual_solar_generation,Solar,2026-06-06T16:24:29Z
2026-06-06T16:23:19Z,2026-06-06T18:23:19+0200,8d87ff8c-7229-4840-a478-c91fa6b6d43f,2026-05-09T07:30:00Z,2026-05-09T09:30:00+0200,32402.288,MW,DE,DE_LU,actual_solar_generation,Solar,2026-06-06T16:24:29Z
2026-06-06T16:23:19Z,2026-06-06T18:23:19+0200,8d87ff8c-7229-4840-a478-c91fa6b6d43f,2026-05-09T07:45:00Z,2026-05-09T09:45:00+0200,35407.551,MW,DE,DE_LU,actual_solar_generation,Solar,2026-06-06T16:24:29Z
2026-06-06T16:23:19Z,2026-06-06T18:23:19+0200,8d87ff8c-7229-4840-a478-c91fa6b6d43f,2026-05-09T08:00:00Z,2026-05-09T10:00:00+0200,37915.097,MW,DE,DE_LU,actual_solar_generation,Solar,2026-06-06T16:24:29Z
2026-06-06T16:23:19Z,2026-06-06T18:23:19+0200,8d87ff8c-7229-4840-a478-c91fa6b6d43f,2026-05-09T08:15:00Z,2026-05-09T10:15:00+0200,40365.476,MW,DE,DE_LU,actual_solar_generation,Solar,2026-06-06T16:24:29Z
2026-06-06T16:23:19Z,2026-06-06T18:23:19+0200,8d87ff8c-7229-4840-a478-c91fa6b6d43f,2026-05-09T08:30:00Z,2026-05-09T10:30:00+0200,42402.927,MW,DE,DE_LU,actual_solar_generation,Solar,2026-06-06T16:24:29Z
2026-06-06T16:23:19Z,2026-06-06T18:23:19+0200,8d87ff8c-7229-4840-a478-c91fa6b6d43f,2026-05-09T08:45:00Z,2026-05-09T10:45:00+0200,43320.906,MW,DE,DE_LU,actual_solar_generation,Solar,2026-06-06T16:24:29Z
2026-06-06T16:23:19Z,2026-06-06T18:23:19+0200,8d87ff8c-7229-4840-a478-c91fa6b6d43f,2026-05-09T09:00:00Z,2026-05-09T11:00:00+0200,43612.462,MW,DE,DE_LU,actual_solar_generation,Solar,2026-06-06T16:24:29Z
2026-06-06T16:23:19Z,2026-06-06T18:23:19+0200,8d87ff8c-7229-4840-a478-c91fa6b6d43f,2026-05-09T09:15:00Z,2026-05-09T11:15:00+0200,44286.181,MW,DE,DE_LU,actual_solar_generation,Solar,2026-06-06T16:24:29Z
2026-06-06T16:23:19Z,2026-06-06T18:23:19+0200,8d87ff8c-7229-4840-a478-c91fa6b6d43f,2026-05-09T09:30:00Z,2026-05-09T11:30:00+0200,44840.127,MW,DE,DE_LU,actual_solar_generation,Solar,2026-06-06T16:24:29Z
2026-06-06T16:23:19Z,2026-06-06T18:23:19+0200,8d87ff8c-7229-4840-a478-c91fa6b6d43f,2026-05-09T09:45:00Z,2026-05-09T11:45:00+0200,45003.566,MW,DE,DE_LU,actual_solar_generation,Solar,2026-06-06T16:24:29Z
2026-06-06T16:23:19Z,2026-06-06T18:23:19+0200,8d87ff8c-7229-4840-a478-c91fa6b6d43f,2026-05-09T10:00:00Z,2026-05-09T12:00:00+0200,45259.273,MW,DE,DE_LU,actual_solar_generation,Solar,2026-06-06T16:24:29Z
2026-06-06T16:23:19Z,2026-06-06T18:23:19+0200,8d87ff8c-7229-4840-a478-c91fa6b6d43f,2026-05-09T10:15:00Z,2026-05-09T12:15:00+0200,44723.689,MW,DE,DE_LU,actual_solar_generation,Solar,2026-06-06T16:24:29Z
2026-06-06T16:23:19Z,2026-06-06T18:23:19+0200,8d87ff8c-7229-4840-a478-c91fa6b6d43f,2026-05-09T10:30:00Z,2026-05-09T12:30:00+0200,44883.259,MW,DE,DE_LU,actual_solar_generation,Solar,2026-06-06T16:24:29Z
2026-06-06T16:23:19Z,2026-06-06T18:23:19+0200,8d87ff8c-7229-4840-a478-c91fa6b6d43f,2026-05-09T10:45:00Z,2026-05-09T12:45:00+0200,44892.085,MW,DE,DE_LU,actual_solar_generation,Solar,2026-06-06T16:24:29Z
2026-06-06T16:23:19Z,2026-06-06T18:23:19+0200,8d87ff8c-7229-4840-a478-c91fa6b6d43f,2026-05-09T11:00:00Z,2026-05-09T13:00:00+0200,44582.915,MW,DE,DE_LU,actual_solar_generation,Solar,2026-06-06T16:24:29Z
2026-06-06T16:23:19Z,2026-06-06T18:23:19+0200,8d87ff8c-7229-4840-a478-c91fa6b6d43f,2026-05-09T11:15:00Z,2026-05-09T13:15:00+0200,43779.348,MW,DE,DE_LU,actual_solar_generation,Solar,2026-06-06T16:24:29Z
2026-06-06T16:23:19Z,2026-06-06T18:23:19+0200,8d87ff8c-7229-4840-a478-c91fa6b6d43f,2026-05-09T11:30:00Z,2026-05-09T13:30:00+0200,42839.629,MW,DE,DE_LU,actual_solar_generation,Solar,2026-06-06T16:24:29Z
2026-06-06T16:23:19Z,2026-06-06T18:23:19+0200,8d87ff8c-7229-4840-a478-c91fa6b6d43f,2026-05-09T11:45:00Z,2026-05-09T13:45:00+0200,42252.249,MW,DE,DE_LU,actual_solar_generation,Solar,2026-06-06T16:24:29Z
2026-06-06T16:23:19Z,2026-06-06T18:23:19+0200,8d87ff8c-7229-4840-a478-c91fa6b6d43f,2026-05-09T12:00:00Z,2026-05-09T14:00:00+0200,43426.464,MW,DE,DE_LU,actual_solar_generation,Solar,2026-06-06T16:24:29Z
2026-06-06T16:23:19Z,2026-06-06T18:23:19+0200,8d87ff8c-7229-4840-a478-c91fa6b6d43f,2026-05-09T12:15:00Z,2026-05-09T14:15:00+0200,43146.846,MW,DE,DE_LU,actual_solar_generation,Solar,2026-06-06T16:24:29Z
2026-06-06T16:23:19Z,2026-06-06T18:23:19+0200,8d87ff8c-7229-4840-a478-c91fa6b6d43f,2026-05-09T12:30:00Z,2026-05-09T14:30:00+0200,42030.118,MW,DE,DE_LU,actual_solar_generation,Solar,2026-06-06T16:24:29Z
2026-06-06T16:23:19Z,2026-06-06T18:23:19+0200,8d87ff8c-7229-4840-a478-c91fa6b6d43f,2026-05-09T12:45:00Z,2026-05-09T14:45:00+0200,40751.94,MW,DE,DE_LU,actual_solar_generation,Solar,2026-06-06T16:24:29Z
2026-06-06T16:23:19Z,2026-06-06T18:23:19+0200,8d87ff8c-7229-4840-a478-c91fa6b6d43f,2026-05-09T13:00:00Z,2026-05-09T15:00:00+0200,40517.29,MW,DE,DE_LU,actual_solar_generation,Solar,2026-06-06T16:24:29Z
2026-06-06T16:23:19Z,2026-06-06T18:23:19+0200,8d87ff8c-7229-4840-a478-c91fa6b6d43f,2026-05-09T13:15:00Z,2026-05-09T15:15:00+0200,39084.056,MW,DE,DE_LU,actual_solar_generation,Solar,2026-06-06T16:24:29Z
2026-06-06T16:23:19Z,2026-06-06T18:23:19+0200,8d87ff8c-7229-4840-a478-c91fa6b6d43f,2026-05-09T13:30:00Z,2026-05-09T15:30:00+0200,38115.323,MW,DE,DE_LU,actual_solar_generation,Solar,2026-06-06T16:24:29Z
2026-06-06T16:23:19Z,2026-06-06T18:23:19+0200,8d87ff8c-7229-4840-a478-c91fa6b6d43f,2026-05-09T13:45:00Z,2026-05-09T15:45:00+0200,36613.29,MW,DE,DE_LU,actual_solar_generation,Solar,2026-06-06T16:24:29Z
2026-06-06T16:23:19Z,2026-06-06T18:23:19+0200,8d87ff8c-7229-4840-a478-c91fa6b6d43f,2026-05-09T14:00:00Z,2026-05-09T16:00:00+0200,35423.346,MW,DE,DE_LU,actual_solar_generation,Solar,2026-06-06T16:24:29Z
2026-06-06T16:23:19Z,2026-06-06T18:23:19+0200,8d87ff8c-7229-4840-a478-c91fa6b6d43f,2026-05-09T14:15:00Z,2026-05-09T16:15:00+0200,33767.169,MW,DE,DE_LU,actual_solar_generation,Solar,2026-06-06T16:24:29Z
2026-06-06T16:23:19Z,2026-06-06T18:23:19+0200,8d87ff8c-7229-4840-a478-c91fa6b6d43f,2026-05-09T14:30:00Z,2026-05-09T16:30:00+0200,32037.3,MW,DE,DE_LU,actual_solar_generation,Solar,2026-06-06T16:24:29Z
2026-06-06T16:23:19Z,2026-06-06T18:23:19+0200,8d87ff8c-7229-4840-a478-c91fa6b6d43f,2026-05-09T14:45:00Z,2026-05-09T16:45:00+0200,30219.341,MW,DE,DE_LU,actual_solar_generation,Solar,2026-06-06T16:24:29Z
2026-06-06T16:23:19Z,2026-06-06T18:23:19+0200,8d87ff8c-7229-4840-a478-c91fa6b6d43f,2026-05-09T15:00:00Z,2026-05-09T17:00:00+0200,28146.982,MW,DE,DE_LU,actual_solar_generation,Solar,2026-06-06T16:24:29Z
2026-06-06T16:23:19Z,2026-06-06T18:23:19+0200,8d87ff8c-7229-4840-a478-c91fa6b6d43f,2026-05-09T15:15:00Z,2026-05-09T17:15:00+0200,25899.102,MW,DE,DE_LU,actual_solar_generation,Solar,2026-06-06T16:24:29Z
2026-06-06T16:23:19Z,2026-06-06T18:23:19+0200,8d87ff8c-7229-4840-a478-c91fa6b6d43f,2026-05-09T15:30:00Z,2026-05-09T17:30:00+0200,23350.253,MW,DE,DE_LU,actual_solar_generation,Solar,2026-06-06T16:24:29Z
2026-06-06T16:23:19Z,2026-06-06T18:23:19+0200,8d87ff8c-7229-4840-a478-c91fa6b6d43f,2026-05-09T15:45:00Z,2026-05-09T17:45:00+0200,20790.129,MW,DE,DE_LU,actual_solar_generation,Solar,2026-06-06T16:24:29Z
2026-06-06T16:23:19Z,2026-06-06T18:23:19+0200,8d87ff8c-7229-4840-a478-c91fa6b6d43f,2026-05-09T16:00:00Z,2026-05-09T18:00:00+0200,18070.98,MW,DE,DE_LU,actual_solar_generation,Solar,2026-06-06T16:24:29Z
2026-06-06T16:23:19Z,2026-06-06T18:23:19+0200,8d87ff8c-7229-4840-a478-c91fa6b6d43f,2026-05-09T16:15:00Z,2026-05-09T18:15:00+0200,15428.929,MW,DE,DE_LU,actual_solar_generation,Solar,2026-06-06T16:24:29Z
2026-06-06T16:23:19Z,2026-06-06T18:23:19+0200,8d87ff8c-7229-4840-a478-c91fa6b6d43f,2026-05-09T16:30:00Z,2026-05-09T18:30:00+0200,12815.105,MW,DE,DE_LU,actual_solar_generation,Solar,2026-06-06T16:24:29Z
2026-06-06T16:23:19Z,2026-06-06T18:23:19+0200,8d87ff8c-7229-4840-a478-c91fa6b6d43f,2026-05-09T16:45:00Z,2026-05-09T18:45:00+0200,10419.408,MW,DE,DE_LU,actual_solar_generation,Solar,2026-06-06T16:24:29Z
2026-06-06T16:23:19Z,2026-06-06T18:23:19+0200,8d87ff8c-7229-4840-a478-c91fa6b6d43f,2026-05-09T17:00:00Z,2026-05-09T19:00:00+0200,8072.495,MW,DE,DE_LU,actual_solar_generation,Solar,2026-06-06T16:24:29Z
2026-06-06T16:23:19Z,2026-06-06T18:23:19+0200,8d87ff8c-7229-4840-a478-c91fa6b6d43f,2026-05-09T17:15:00Z,2026-05-09T19:15:00+0200,6056.984,MW,DE,DE_LU,actual_solar_generation,Solar,2026-06-06T16:24:29Z
2026-06-06T16:23:19Z,2026-06-06T18:23:19+0200,8d87ff8c-7229-4840-a478-c91fa6b6d43f,2026-05-09T17:30:00Z,2026-05-09T19:30:00+0200,4310.247,MW,DE,DE_LU,actual_solar_generation,Solar,2026-06-06T16:24:29Z
2026-06-06T16:23:19Z,2026-06-06T18:23:19+0200,8d87ff8c-7229-4840-a478-c91fa6b6d43f,2026-05-09T17:45:00Z,2026-05-09T19:45:00+0200,2895.851,MW,DE,DE_LU,actual_solar_generation,Solar,2026-06-06T16:24:29Z
2026-06-06T16:23:19Z,2026-06-06T18:23:19+0200,8d87ff8c-7229-4840-a478-c91fa6b6d43f,2026-05-09T18:00:00Z,2026-05-09T20:00:00+0200,1697.195,MW,DE,DE_LU,actual_solar_generation,Solar,2026-06-06T16:24:29Z
2026-06-06T16:23:19Z,2026-06-06T18:23:19+0200,8d87ff8c-7229-4840-a478-c91fa6b6d43f,2026-05-09T18:15:00Z,2026-05-09T20:15:00+0200,821.585,MW,DE,DE_LU,actual_solar_generation,Solar,2026-06-06T16:24:29Z
2026-06-06T16:23:19Z,2026-06-06T18:23:19+0200,8d87ff8c-7229-4840-a478-c91fa6b6d43f,2026-05-09T18:30:00Z,2026-05-09T20:30:00+0200,286.057,MW,DE,DE_LU,actual_solar_generation,Solar,2026-06-06T16:24:29Z
2026-06-06T16:23:19Z,2026-06-06T18:23:19+0200,8d87ff8c-7229-4840-a478-c91fa6b6d43f,2026-05-09T18:45:00Z,2026-05-09T20:45:00+0200,69.59,MW,DE,DE_LU,actual_solar_generation,Solar,2026-06-06T16:24:29Z
2026-06-06T16:23:19Z,2026-06-06T18:23:19+0200,8d87ff8c-7229-4840-a478-c91fa6b6d43f,2026-05-09T19:00:00Z,2026-05-09T21:00:00+0200,13.888,MW,DE,DE_LU,actual_solar_generation,Solar,2026-06-06T16:24:29Z
2026-06-06T16:23:19Z,2026-06-06T18:23:19+0200,8d87ff8c-7229-4840-a478-c91fa6b6d43f,2026-05-09T19:15:00Z,2026-05-09T21:15:00+0200,3.65,MW,DE,DE_LU,actual_solar_generation,Solar,2026-06-06T16:24:29Z
2026-06-06T16:23:19Z,2026-06-06T18:23:19+0200,8d87ff8c-7229-4840-a478-c91fa6b6d43f,2026-05-09T19:30:00Z,2026-05-09T21:30:00+0200,0.225,MW,DE,DE_LU,actual_solar_generation,Solar,2026-06-06T16:24:29Z
2026-06-06T16:23:19Z,2026-06-06T18:23:19+0200,8d87ff8c-7229-4840-a478-c91fa6b6d43f,2026-05-09T19:45:00Z,2026-05-09T21:45:00+0200,0.221,MW,DE,DE_LU,actual_solar_generation,Solar,2026-06-06T16:24:29Z
2026-06-06T16:23:19Z,2026-06-06T18:23:19+0200,8d87ff8c-7229-4840-a478-c91fa6b6d43f,2026-05-09T20:00:00Z,2026-05-09T22:00:00+0200,0.213,MW,DE,DE_LU,actual_solar_generation,Solar,2026-06-06T16:24:29Z
2026-06-06T16:23:19Z,2026-06-06T18:23:19+0200,8d87ff8c-7229-4840-a478-c91fa6b6d43f,2026-05-09T20:15:00Z,2026-05-09T22:15:00+0200,0.212,MW,DE,DE_LU,actual_solar_generation,Solar,2026-06-06T16:24:29Z
2026-06-06T16:23:19Z,2026-06-06T18:23:19+0200,8d87ff8c-7229-4840-a478-c91fa6b6d43f,2026-05-09T20:30:00Z,2026-05-09T22:30:00+0200,0.193,MW,DE,DE_LU,actual_solar_generation,Solar,2026-06-06T16:24:29Z
2026-06-06T16:23:19Z,2026-06-06T18:23:19+0200,8d87ff8c-7229-4840-a478-c91fa6b6d43f,2026-05-09T20:45:00Z,2026-05-09T22:45:00+0200,0.191,MW,DE,DE_LU,actual_solar_generation,Solar,2026-06-06T16:24:29Z
2026-06-06T16:23:19Z,2026-06-06T18:23:19+0200,8d87ff8c-7229-4840-a478-c91fa6b6d43f,2026-05-09T21:00:00Z,2026-05-09T23:00:00+0200,0.166,MW,DE,DE_LU,actual_solar_generation,Solar,2026-06-06T16:24:29Z
2026-06-06T16:23:19Z,2026-06-06T18:23:19+0200,8d87ff8c-7229-4840-a478-c91fa6b6d43f,2026-05-09T21:15:00Z,2026-05-09T23:15:00+0200,0.169,MW,DE,DE_LU,actual_solar_generation,Solar,2026-06-06T16:24:29Z
2026-06-06T16:23:19Z,2026-06-06T18:23:19+0200,8d87ff8c-7229-4840-a478-c91fa6b6d43f,2026-05-09T21:30:00Z,2026-05-09T23:30:00+0200,0.17,MW,DE,DE_LU,actual_solar_generation,Solar,2026-06-06T16:24:29Z
2026-06-06T16:23:19Z,2026-06-06T18:23:19+0200,8d87ff8c-7229-4840-a478-c91fa6b6d43f,2026-05-09T21:45:00Z,2026-05-09T23:45:00+0200,0.146,MW,DE,DE_LU,actual_solar_generation,Solar,2026-06-06T16:24:29Z
2026-06-06T16:23:19Z,2026-06-06T18:23:19+0200,8d87ff8c-7229-4840-a478-c91fa6b6d43f,2026-05-09T22:00:00Z,2026-05-10T00:00:00+0200,0.142,MW,DE,DE_LU,actual_solar_generation,Solar,2026-06-06T16:24:29Z
2026-06-06T16:23:19Z,2026-06-06T18:23:19+0200,8d87ff8c-7229-4840-a478-c91fa6b6d43f,2026-05-09T22:15:00Z,2026-05-10T00:15:00+0200,0.139,MW,DE,DE_LU,actual_solar_generation,Solar,2026-06-06T16:24:29Z
2026-06-06T16:23:19Z,2026-06-06T18:23:19+0200,8d87ff8c-7229-4840-a478-c91fa6b6d43f,2026-05-09T22:30:00Z,2026-05-10T00:30:00+0200,0.131,MW,DE,DE_LU,actual_solar_generation,Solar,2026-06-06T16:24:29Z
2026-06-06T16:23:19Z,2026-06-06T18:23:19+0200,8d87ff8c-7229-4840-a478-c91fa6b6d43f,2026-05-09T22:45:00Z,2026-05-10T00:45:00+0200,0.12,MW,DE,DE_LU,actual_solar_generation,Solar,2026-06-06T16:24:29Z
2026-06-06T16:23:19Z,2026-06-06T18:23:19+0200,8d87ff8c-7229-4840-a478-c91fa6b6d43f,2026-05-09T23:00:00Z,2026-05-10T01:00:00+0200,0.117,MW,DE,DE_LU,actual_solar_generation,Solar,2026-06-06T16:24:29Z
2026-06-06T16:23:19Z,2026-06-06T18:23:19+0200,8d87ff8c-7229-4840-a478-c91fa6b6d43f,2026-05-09T23:15:00Z,2026-05-10T01:15:00+0200,0.098,MW,DE,DE_LU,actual_solar_generation,Solar,2026-06-06T16:24:29Z
2026-06-06T16:23:19Z,2026-06-06T18:23:19+0200,8d87ff8c-7229-4840-a478-c91fa6b6d43f,2026-05-09T23:30:00Z,2026-05-10T01:30:00+0200,0.105,MW,DE,DE_LU,actual_solar_generation,Solar,2026-06-06T16:24:29Z
2026-06-06T16:23:19Z,2026-06-06T18:23:19+0200,8d87ff8c-7229-4840-a478-c91fa6b6d43f,2026-05-09T23:45:00Z,2026-05-10T01:45:00+0200,0.097,MW,DE,DE_LU,actual_solar_generation,Solar,2026-06-06T16:24:29Z
2026-06-06T16:23:19Z,2026-06-06T18:23:19+0200,8d87ff8c-7229-4840-a478-c91fa6b6d43f,2026-05-10T00:00:00Z,2026-05-10T02:00:00+0200,0.105,MW,DE,DE_LU,actual_solar_generation,Solar,2026-06-06T16:24:29Z
2026-06-06T16:23:19Z,2026-06-06T18:23:19+0200,8d87ff8c-7229-4840-a478-c91fa6b6d43f,2026-05-10T00:15:00Z,2026-05-10T02:15:00+0200,0.104,MW,DE,DE_LU,actual_solar_generation,Solar,2026-06-06T16:24:29Z
2026-06-06T16:23:19Z,2026-06-06T18:23:19+0200,8d87ff8c-7229-4840-a478-c91fa6b6d43f,2026-05-10T00:30:00Z,2026-05-10T02:30:00+0200,0.102,MW,DE,DE_LU,actual_solar_generation,Solar,2026-06-06T16:24:29Z
2026-06-06T16:23:19Z,2026-06-06T18:23:19+0200,8d87ff8c-7229-4840-a478-c91fa6b6d43f,2026-05-10T00:45:00Z,2026-05-10T02:45:00+0200,0.091,MW,DE,DE_LU,actual_solar_generation,Solar,2026-06-06T16:24:29Z
2026-06-06T16:23:19Z,2026-06-06T18:23:19+0200,8d87ff8c-7229-4840-a478-c91fa6b6d43f,2026-05-10T01:00:00Z,2026-05-10T03:00:00+0200,0.072,MW,DE,DE_LU,actual_solar_generation,Solar,2026-06-06T16:24:29Z
2026-06-06T16:23:19Z,2026-06-06T18:23:19+0200,8d87ff8c-7229-4840-a478-c91fa6b6d43f,2026-05-10T01:15:00Z,2026-05-10T03:15:00+0200,0.064,MW,DE,DE_LU,actual_solar_generation,Solar,2026-06-06T16:24:29Z
2026-06-06T16:23:19Z,2026-06-06T18:23:19+0200,8d87ff8c-7229-4840-a478-c91fa6b6d43f,2026-05-10T01:30:00Z,2026-05-10T03:30:00+0200,0.067,MW,DE,DE_LU,actual_solar_generation,Solar,2026-06-06T16:24:29Z
2026-06-06T16:23:19Z,2026-06-06T18:23:19+0200,8d87ff8c-7229-4840-a478-c91fa6b6d43f,2026-05-10T01:45:00Z,2026-05-10T03:45:00+0200,0.063,MW,DE,DE_LU,actual_solar_generation,Solar,2026-06-06T16:24:29Z
2026-06-06T16:23:19Z,2026-06-06T18:23:19+0200,8d87ff8c-7229-4840-a478-c91fa6b6d43f,2026-05-10T02:00:00Z,2026-05-10T04:00:00+0200,0.063,MW,DE,DE_LU,actual_solar_generation,Solar,2026-06-06T16:24:29Z
2026-06-06T16:23:19Z,2026-06-06T18:23:19+0200,8d87ff8c-7229-4840-a478-c91fa6b6d43f,2026-05-10T02:15:00Z,2026-05-10T04:15:00+0200,0.064,MW,DE,DE_LU,actual_solar_generation,Solar,2026-06-06T16:24:29Z
2026-06-06T16:23:19Z,2026-06-06T18:23:19+0200,8d87ff8c-7229-4840-a478-c91fa6b6d43f,2026-05-10T02:30:00Z,2026-05-10T04:30:00+0200,0.067,MW,DE,DE_LU,actual_solar_generation,Solar,2026-06-06T16:24:29Z
2026-06-06T16:23:19Z,2026-06-06T18:23:19+0200,8d87ff8c-7229-4840-a478-c91fa6b6d43f,2026-05-10T02:45:00Z,2026-05-10T04:45:00+0200,0.069,MW,DE,DE_LU,actual_solar_generation,Solar,2026-06-06T16:24:29Z
2026-06-06T16:23:19Z,2026-06-06T18:23:19+0200,8d87ff8c-7229-4840-a478-c91fa6b6d43f,2026-05-10T03:00:00Z,2026-05-10T05:00:00+0200,1.388,MW,DE,DE_LU,actual_solar_generation,Solar,2026-06-06T16:24:29Z
2026-06-06T16:23:19Z,2026-06-06T18:23:19+0200,8d87ff8c-7229-4840-a478-c91fa6b6d43f,2026-05-10T03:15:00Z,2026-05-10T05:15:00+0200,14.359,MW,DE,DE_LU,actual_solar_generation,Solar,2026-06-06T16:24:29Z
2026-06-06T16:23:19Z,2026-06-06T18:23:19+0200,8d87ff8c-7229-4840-a478-c91fa6b6d43f,2026-05-10T03:30:00Z,2026-05-10T05:30:00+0200,90.392,MW,DE,DE_LU,actual_solar_generation,Solar,2026-06-06T16:24:29Z
2026-06-06T16:23:19Z,2026-06-06T18:23:19+0200,8d87ff8c-7229-4840-a478-c91fa6b6d43f,2026-05-10T03:45:00Z,2026-05-10T05:45:00+0200,372.818,MW,DE,DE_LU,actual_solar_generation,Solar,2026-06-06T16:24:29Z
2026-06-06T16:23:19Z,2026-06-06T18:23:19+0200,8d87ff8c-7229-4840-a478-c91fa6b6d43f,2026-05-10T04:00:00Z,2026-05-10T06:00:00+0200,1233.126,MW,DE,DE_LU,actual_solar_generation,Solar,2026-06-06T16:24:29Z
2026-06-06T16:23:19Z,2026-06-06T18:23:19+0200,8d87ff8c-7229-4840-a478-c91fa6b6d43f,2026-05-10T04:15:00Z,2026-05-10T06:15:00+0200,2279.986,MW,DE,DE_LU,actual_solar_generation,Solar,2026-06-06T16:24:29Z
2026-06-06T16:23:19Z,2026-06-06T18:23:19+0200,8d87ff8c-7229-4840-a478-c91fa6b6d43f,2026-05-10T04:30:00Z,2026-05-10T06:30:00+0200,3584.009,MW,DE,DE_LU,actual_solar_generation,Solar,2026-06-06T16:24:29Z
2026-06-06T16:23:19Z,2026-06-06T18:23:19+0200,8d87ff8c-7229-4840-a478-c91fa6b6d43f,2026-05-10T04:45:00Z,2026-05-10T06:45:00+0200,5175.05,MW,DE,DE_LU,actual_solar_generation,Solar,2026-06-06T16:24:29Z
2026-06-06T16:23:19Z,2026-06-06T18:23:19+0200,8d87ff8c-7229-4840-a478-c91fa6b6d43f,2026-05-10T05:00:00Z,2026-05-10T07:00:00+0200,7015.871,MW,DE,DE_LU,actual_solar_generation,Solar,2026-06-06T16:24:29Z
2026-06-06T16:23:19Z,2026-06-06T18:23:19+0200,8d87ff8c-7229-4840-a478-c91fa6b6d43f,2026-05-10T05:15:00Z,2026-05-10T07:15:00+0200,9128.206,MW,DE,DE_LU,actual_solar_generation,Solar,2026-06-06T16:24:29Z
2026-06-06T16:23:19Z,2026-06-06T18:23:19+0200,8d87ff8c-7229-4840-a478-c91fa6b6d43f,2026-05-10T05:30:00Z,2026-05-10T07:30:00+0200,11547.598,MW,DE,DE_LU,actual_solar_generation,Solar,2026-06-06T16:24:29Z
2026-06-06T16:23:19Z,2026-06-06T18:23:19+0200,8d87ff8c-7229-4840-a478-c91fa6b6d43f,2026-05-10T05:45:00Z,2026-05-10T07:45:00+0200,14159.463,MW,DE,DE_LU,actual_solar_generation,Solar,2026-06-06T16:24:29Z
2026-06-06T16:23:19Z,2026-06-06T18:23:19+0200,8d87ff8c-7229-4840-a478-c91fa6b6d43f,2026-05-10T06:00:00Z,2026-05-10T08:00:00+0200,16922.118,MW,DE,DE_LU,actual_solar_generation,Solar,2026-06-06T16:24:29Z
2026-06-06T16:23:19Z,2026-06-06T18:23:19+0200,8d87ff8c-7229-4840-a478-c91fa6b6d43f,2026-05-10T06:15:00Z,2026-05-10T08:15:00+0200,19749.768,MW,DE,DE_LU,actual_solar_generation,Solar,2026-06-06T16:24:29Z
2026-06-06T16:23:19Z,2026-06-06T18:23:19+0200,8d87ff8c-7229-4840-a478-c91fa6b6d43f,2026-05-10T06:30:00Z,2026-05-10T08:30:00+0200,22658.338,MW,DE,DE_LU,actual_solar_generation,Solar,2026-06-06T16:24:29Z
2026-06-06T16:23:19Z,2026-06-06T18:23:19+0200,8d87ff8c-7229-4840-a478-c91fa6b6d43f,2026-05-10T06:45:00Z,2026-05-10T08:45:00+0200,25405.733,MW,DE,DE_LU,actual_solar_generation,Solar,2026-06-06T16:24:29Z
2026-06-06T16:23:19Z,2026-06-06T18:23:19+0200,8d87ff8c-7229-4840-a478-c91fa6b6d43f,2026-05-10T07:00:00Z,2026-05-10T09:00:00+0200,28285.904,MW,DE,DE_LU,actual_solar_generation,Solar,2026-06-06T16:24:29Z
2026-06-06T16:23:19Z,2026-06-06T18:23:19+0200,8d87ff8c-7229-4840-a478-c91fa6b6d43f,2026-05-10T07:15:00Z,2026-05-10T09:15:00+0200,30746.937,MW,DE,DE_LU,actual_solar_generation,Solar,2026-06-06T16:24:29Z
2026-06-06T16:23:19Z,2026-06-06T18:23:19+0200,8d87ff8c-7229-4840-a478-c91fa6b6d43f,2026-05-10T07:30:00Z,2026-05-10T09:30:00+0200,33342.64,MW,DE,DE_LU,actual_solar_generation,Solar,2026-06-06T16:24:29Z
2026-06-06T16:23:19Z,2026-06-06T18:23:19+0200,8d87ff8c-7229-4840-a478-c91fa6b6d43f,2026-05-10T07:45:00Z,2026-05-10T09:45:00+0200,35933.101,MW,DE,DE_LU,actual_solar_generation,Solar,2026-06-06T16:24:29Z
2026-06-06T16:23:19Z,2026-06-06T18:23:19+0200,8d87ff8c-7229-4840-a478-c91fa6b6d43f,2026-05-10T08:00:00Z,2026-05-10T10:00:00+0200,37025.064,MW,DE,DE_LU,actual_solar_generation,Solar,2026-06-06T16:24:29Z
2026-06-06T16:23:19Z,2026-06-06T18:23:19+0200,8d87ff8c-7229-4840-a478-c91fa6b6d43f,2026-05-10T08:15:00Z,2026-05-10T10:15:00+0200,38533.314,MW,DE,DE_LU,actual_solar_generation,Solar,2026-06-06T16:24:29Z
2026-06-06T16:23:19Z,2026-06-06T18:23:19+0200,8d87ff8c-7229-4840-a478-c91fa6b6d43f,2026-05-10T08:30:00Z,2026-05-10T10:30:00+0200,39684.451,MW,DE,DE_LU,actual_solar_generation,Solar,2026-06-06T16:24:29Z
2026-06-06T16:23:19Z,2026-06-06T18:23:19+0200,8d87ff8c-7229-4840-a478-c91fa6b6d43f,2026-05-10T08:45:00Z,2026-05-10T10:45:00+0200,41054.535,MW,DE,DE_LU,actual_solar_generation,Solar,2026-06-06T16:24:29Z
2026-06-06T16:23:19Z,2026-06-06T18:23:19+0200,8d87ff8c-7229-4840-a478-c91fa6b6d43f,2026-05-10T09:00:00Z,2026-05-10T11:00:00+0200,40368.298,MW,DE,DE_LU,actual_solar_generation,Solar,2026-06-06T16:24:29Z
2026-06-06T16:23:19Z,2026-06-06T18:23:19+0200,8d87ff8c-7229-4840-a478-c91fa6b6d43f,2026-05-10T09:15:00Z,2026-05-10T11:15:00+0200,41393.545,MW,DE,DE_LU,actual_solar_generation,Solar,2026-06-06T16:24:29Z
2026-06-06T16:23:19Z,2026-06-06T18:23:19+0200,8d87ff8c-7229-4840-a478-c91fa6b6d43f,2026-05-10T09:30:00Z,2026-05-10T11:30:00+0200,42321.695,MW,DE,DE_LU,actual_solar_generation,Solar,2026-06-06T16:24:29Z
2026-06-06T16:23:19Z,2026-06-06T18:23:19+0200,8d87ff8c-7229-4840-a478-c91fa6b6d43f,2026-05-10T09:45:00Z,2026-05-10T11:45:00+0200,42550.293,MW,DE,DE_LU,actual_solar_generation,Solar,2026-06-06T16:24:29Z
2026-06-06T16:23:19Z,2026-06-06T18:23:19+0200,8d87ff8c-7229-4840-a478-c91fa6b6d43f,2026-05-10T10:00:00Z,2026-05-10T12:00:00+0200,42717.357,MW,DE,DE_LU,actual_solar_generation,Solar,2026-06-06T16:24:29Z
2026-06-06T16:23:19Z,2026-06-06T18:23:19+0200,8d87ff8c-7229-4840-a478-c91fa6b6d43f,2026-05-10T10:15:00Z,2026-05-10T12:15:00+0200,42561.744,MW,DE,DE_LU,actual_solar_generation,Solar,2026-06-06T16:24:29Z
2026-06-06T16:23:19Z,2026-06-06T18:23:19+0200,8d87ff8c-7229-4840-a478-c91fa6b6d43f,2026-05-10T10:30:00Z,2026-05-10T12:30:00+0200,42926.899,MW,DE,DE_LU,actual_solar_generation,Solar,2026-06-06T16:24:29Z
2026-06-06T16:23:19Z,2026-06-06T18:23:19+0200,8d87ff8c-7229-4840-a478-c91fa6b6d43f,2026-05-10T10:45:00Z,2026-05-10T12:45:00+0200,42362.781,MW,DE,DE_LU,actual_solar_generation,Solar,2026-06-06T16:24:29Z
2026-06-06T16:23:19Z,2026-06-06T18:23:19+0200,8d87ff8c-7229-4840-a478-c91fa6b6d43f,2026-05-10T11:00:00Z,2026-05-10T13:00:00+0200,41886.556,MW,DE,DE_LU,actual_solar_generation,Solar,2026-06-06T16:24:29Z
2026-06-06T16:23:19Z,2026-06-06T18:23:19+0200,8d87ff8c-7229-4840-a478-c91fa6b6d43f,2026-05-10T11:15:00Z,2026-05-10T13:15:00+0200,41596.063,MW,DE,DE_LU,actual_solar_generation,Solar,2026-06-06T16:24:29Z
2026-06-06T16:23:19Z,2026-06-06T18:23:19+0200,8d87ff8c-7229-4840-a478-c91fa6b6d43f,2026-05-10T11:30:00Z,2026-05-10T13:30:00+0200,40535.008,MW,DE,DE_LU,actual_solar_generation,Solar,2026-06-06T16:24:29Z
2026-06-06T16:23:19Z,2026-06-06T18:23:19+0200,8d87ff8c-7229-4840-a478-c91fa6b6d43f,2026-05-10T11:45:00Z,2026-05-10T13:45:00+0200,39756.367,MW,DE,DE_LU,actual_solar_generation,Solar,2026-06-06T16:24:29Z
2026-06-06T16:23:19Z,2026-06-06T18:23:19+0200,8d87ff8c-7229-4840-a478-c91fa6b6d43f,2026-05-10T12:00:00Z,2026-05-10T14:00:00+0200,39543.432,MW,DE,DE_LU,actual_solar_generation,Solar,2026-06-06T16:24:29Z
2026-06-06T16:23:19Z,2026-06-06T18:23:19+0200,8d87ff8c-7229-4840-a478-c91fa6b6d43f,2026-05-10T12:15:00Z,2026-05-10T14:15:00+0200,38799.289,MW,DE,DE_LU,actual_solar_generation,Solar,2026-06-06T16:24:29Z
2026-06-06T16:23:19Z,2026-06-06T18:23:19+0200,8d87ff8c-7229-4840-a478-c91fa6b6d43f,2026-05-10T12:30:00Z,2026-05-10T14:30:00+0200,37536.712,MW,DE,DE_LU,actual_solar_generation,Solar,2026-06-06T16:24:29Z
2026-06-06T16:23:19Z,2026-06-06T18:23:19+0200,8d87ff8c-7229-4840-a478-c91fa6b6d43f,2026-05-10T12:45:00Z,2026-05-10T14:45:00+0200,36489.353,MW,DE,DE_LU,actual_solar_generation,Solar,2026-06-06T16:24:29Z
2026-06-06T16:23:19Z,2026-06-06T18:23:19+0200,8d87ff8c-7229-4840-a478-c91fa6b6d43f,2026-05-10T13:00:00Z,2026-05-10T15:00:00+0200,35352.659,MW,DE,DE_LU,actual_solar_generation,Solar,2026-06-06T16:24:29Z
2026-06-06T16:23:19Z,2026-06-06T18:23:19+0200,8d87ff8c-7229-4840-a478-c91fa6b6d43f,2026-05-10T13:15:00Z,2026-05-10T15:15:00+0200,33763.772,MW,DE,DE_LU,actual_solar_generation,Solar,2026-06-06T16:24:29Z
2026-06-06T16:23:19Z,2026-06-06T18:23:19+0200,8d87ff8c-7229-4840-a478-c91fa6b6d43f,2026-05-10T13:30:00Z,2026-05-10T15:30:00+0200,32471.342,MW,DE,DE_LU,actual_solar_generation,Solar,2026-06-06T16:24:29Z
2026-06-06T16:23:19Z,2026-06-06T18:23:19+0200,8d87ff8c-7229-4840-a478-c91fa6b6d43f,2026-05-10T13:45:00Z,2026-05-10T15:45:00+0200,30987.535,MW,DE,DE_LU,actual_solar_generation,Solar,2026-06-06T16:24:29Z
2026-06-06T16:23:19Z,2026-06-06T18:23:19+0200,8d87ff8c-7229-4840-a478-c91fa6b6d43f,2026-05-10T14:00:00Z,2026-05-10T16:00:00+0200,29612.083,MW,DE,DE_LU,actual_solar_generation,Solar,2026-06-06T16:24:29Z
2026-06-06T16:23:19Z,2026-06-06T18:23:19+0200,8d87ff8c-7229-4840-a478-c91fa6b6d43f,2026-05-10T14:15:00Z,2026-05-10T16:15:00+0200,27679.589,MW,DE,DE_LU,actual_solar_generation,Solar,2026-06-06T16:24:29Z
2026-06-06T16:23:19Z,2026-06-06T18:23:19+0200,8d87ff8c-7229-4840-a478-c91fa6b6d43f,2026-05-10T14:30:00Z,2026-05-10T16:30:00+0200,25808.862,MW,DE,DE_LU,actual_solar_generation,Solar,2026-06-06T16:24:29Z
2026-06-06T16:23:19Z,2026-06-06T18:23:19+0200,8d87ff8c-7229-4840-a478-c91fa6b6d43f,2026-05-10T14:45:00Z,2026-05-10T16:45:00+0200,24420.478,MW,DE,DE_LU,actual_solar_generation,Solar,2026-06-06T16:24:29Z
2026-06-06T16:23:19Z,2026-06-06T18:23:19+0200,8d87ff8c-7229-4840-a478-c91fa6b6d43f,2026-05-10T15:00:00Z,2026-05-10T17:00:00+0200,22168.765,MW,DE,DE_LU,actual_solar_generation,Solar,2026-06-06T16:24:29Z
2026-06-06T16:23:19Z,2026-06-06T18:23:19+0200,8d87ff8c-7229-4840-a478-c91fa6b6d43f,2026-05-10T15:15:00Z,2026-05-10T17:15:00+0200,19851.259,MW,DE,DE_LU,actual_solar_generation,Solar,2026-06-06T16:24:29Z
2026-06-06T16:23:19Z,2026-06-06T18:23:19+0200,8d87ff8c-7229-4840-a478-c91fa6b6d43f,2026-05-10T15:30:00Z,2026-05-10T17:30:00+0200,17722.396,MW,DE,DE_LU,actual_solar_generation,Solar,2026-06-06T16:24:29Z
2026-06-06T16:23:19Z,2026-06-06T18:23:19+0200,8d87ff8c-7229-4840-a478-c91fa6b6d43f,2026-05-10T15:45:00Z,2026-05-10T17:45:00+0200,15528.663,MW,DE,DE_LU,actual_solar_generation,Solar,2026-06-06T16:24:29Z
2026-06-06T16:23:19Z,2026-06-06T18:23:19+0200,8d87ff8c-7229-4840-a478-c91fa6b6d43f,2026-05-10T16:00:00Z,2026-05-10T18:00:00+0200,13313.211,MW,DE,DE_LU,actual_solar_generation,Solar,2026-06-06T16:24:29Z
2026-06-06T16:23:19Z,2026-06-06T18:23:19+0200,8d87ff8c-7229-4840-a478-c91fa6b6d43f,2026-05-10T16:15:00Z,2026-05-10T18:15:00+0200,11274.174,MW,DE,DE_LU,actual_solar_generation,Solar,2026-06-06T16:24:29Z
2026-06-06T16:23:19Z,2026-06-06T18:23:19+0200,8d87ff8c-7229-4840-a478-c91fa6b6d43f,2026-05-10T16:30:00Z,2026-05-10T18:30:00+0200,9283.368,MW,DE,DE_LU,actual_solar_generation,Solar,2026-06-06T16:24:29Z
2026-06-06T16:23:19Z,2026-06-06T18:23:19+0200,8d87ff8c-7229-4840-a478-c91fa6b6d43f,2026-05-10T16:45:00Z,2026-05-10T18:45:00+0200,7430.108,MW,DE,DE_LU,actual_solar_generation,Solar,2026-06-06T16:24:29Z
2026-06-06T16:23:19Z,2026-06-06T18:23:19+0200,8d87ff8c-7229-4840-a478-c91fa6b6d43f,2026-05-10T17:00:00Z,2026-05-10T19:00:00+0200,5802.629,MW,DE,DE_LU,actual_solar_generation,Solar,2026-06-06T16:24:29Z
2026-06-06T16:23:19Z,2026-06-06T18:23:19+0200,8d87ff8c-7229-4840-a478-c91fa6b6d43f,2026-05-10T17:15:00Z,2026-05-10T19:15:00+0200,4372.24,MW,DE,DE_LU,actual_solar_generation,Solar,2026-06-06T16:24:29Z
2026-06-06T16:23:19Z,2026-06-06T18:23:19+0200,8d87ff8c-7229-4840-a478-c91fa6b6d43f,2026-05-10T17:30:00Z,2026-05-10T19:30:00+0200,3127.953,MW,DE,DE_LU,actual_solar_generation,Solar,2026-06-06T16:24:29Z
2026-06-06T16:23:19Z,2026-06-06T18:23:19+0200,8d87ff8c-7229-4840-a478-c91fa6b6d43f,2026-05-10T17:45:00Z,2026-05-10T19:45:00+0200,2160.625,MW,DE,DE_LU,actual_solar_generation,Solar,2026-06-06T16:24:29Z
2026-06-06T16:23:19Z,2026-06-06T18:23:19+0200,8d87ff8c-7229-4840-a478-c91fa6b6d43f,2026-05-10T18:00:00Z,2026-05-10T20:00:00+0200,1349.436,MW,DE,DE_LU,actual_solar_generation,Solar,2026-06-06T16:24:29Z
2026-06-06T16:23:19Z,2026-06-06T18:23:19+0200,8d87ff8c-7229-4840-a478-c91fa6b6d43f,2026-05-10T18:15:00Z,2026-05-10T20:15:00+0200,715.153,MW,DE,DE_LU,actual_solar_generation,Solar,2026-06-06T16:24:29Z
2026-06-06T16:23:19Z,2026-06-06T18:23:19+0200,8d87ff8c-7229-4840-a478-c91fa6b6d43f,2026-05-10T18:30:00Z,2026-05-10T20:30:00+0200,273.202,MW,DE,DE_LU,actual_solar_generation,Solar,2026-06-06T16:24:29Z
2026-06-06T16:23:19Z,2026-06-06T18:23:19+0200,8d87ff8c-7229-4840-a478-c91fa6b6d43f,2026-05-10T18:45:00Z,2026-05-10T20:45:00+0200,81.936,MW,DE,DE_LU,actual_solar_generation,Solar,2026-06-06T16:24:29Z
2026-06-06T16:23:19Z,2026-06-06T18:23:19+0200,8d87ff8c-7229-4840-a478-c91fa6b6d43f,2026-05-10T19:00:00Z,2026-05-10T21:00:00+0200,17.53,MW,DE,DE_LU,actual_solar_generation,Solar,2026-06-06T16:24:29Z
2026-06-06T16:23:19Z,2026-06-06T18:23:19+0200,8d87ff8c-7229-4840-a478-c91fa6b6d43f,2026-05-10T19:15:00Z,2026-05-10T21:15:00+0200,4.972,MW,DE,DE_LU,actual_solar_generation,Solar,2026-06-06T16:24:29Z
2026-06-06T16:23:19Z,2026-06-06T18:23:19+0200,8d87ff8c-7229-4840-a478-c91fa6b6d43f,2026-05-10T19:30:00Z,2026-05-10T21:30:00+0200,0.199,MW,DE,DE_LU,actual_solar_generation,Solar,2026-06-06T16:24:29Z
2026-06-06T16:23:19Z,2026-06-06T18:23:19+0200,8d87ff8c-7229-4840-a478-c91fa6b6d43f,2026-05-10T19:45:00Z,2026-05-10T21:45:00+0200,0.152,MW,DE,DE_LU,actual_solar_generation,Solar,2026-06-06T16:24:29Z
2026-06-06T16:23:19Z,2026-06-06T18:23:19+0200,8d87ff8c-7229-4840-a478-c91fa6b6d43f,2026-05-10T20:00:00Z,2026-05-10T22:00:00+0200,0.133,MW,DE,DE_LU,actual_solar_generation,Solar,2026-06-06T16:24:29Z
2026-06-06T16:23:19Z,2026-06-06T18:23:19+0200,8d87ff8c-7229-4840-a478-c91fa6b6d43f,2026-05-10T20:15:00Z,2026-05-10T22:15:00+0200,0.128,MW,DE,DE_LU,actual_solar_generation,Solar,2026-06-06T16:24:29Z
2026-06-06T16:23:19Z,2026-06-06T18:23:19+0200,8d87ff8c-7229-4840-a478-c91fa6b6d43f,2026-05-10T20:30:00Z,2026-05-10T22:30:00+0200,0.116,MW,DE,DE_LU,actual_solar_generation,Solar,2026-06-06T16:24:29Z
2026-06-06T16:23:19Z,2026-06-06T18:23:19+0200,8d87ff8c-7229-4840-a478-c91fa6b6d43f,2026-05-10T20:45:00Z,2026-05-10T22:45:00+0200,0.105,MW,DE,DE_LU,actual_solar_generation,Solar,2026-06-06T16:24:29Z
2026-06-06T16:23:19Z,2026-06-06T18:23:19+0200,8d87ff8c-7229-4840-a478-c91fa6b6d43f,2026-05-10T21:00:00Z,2026-05-10T23:00:00+0200,0.105,MW,DE,DE_LU,actual_solar_generation,Solar,2026-06-06T16:24:29Z
2026-06-06T16:23:19Z,2026-06-06T18:23:19+0200,8d87ff8c-7229-4840-a478-c91fa6b6d43f,2026-05-10T21:15:00Z,2026-05-10T23:15:00+0200,0.089,MW,DE,DE_LU,actual_solar_generation,Solar,2026-06-06T16:24:29Z
2026-06-06T16:23:19Z,2026-06-06T18:23:19+0200,8d87ff8c-7229-4840-a478-c91fa6b6d43f,2026-05-10T21:30:00Z,2026-05-10T23:30:00+0200,0.081,MW,DE,DE_LU,actual_solar_generation,Solar,2026-06-06T16:24:29Z
2026-06-06T16:23:19Z,2026-06-06T18:23:19+0200,8d87ff8c-7229-4840-a478-c91fa6b6d43f,2026-05-10T21:45:00Z,2026-05-10T23:45:00+0200,0.074,MW,DE,DE_LU,actual_solar_generation,Solar,2026-06-06T16:24:29Z
2026-06-06T16:23:19Z,2026-06-06T18:23:19+0200,8d87ff8c-7229-4840-a478-c91fa6b6d43f,2026-05-10T22:00:00Z,2026-05-11T00:00:00+0200,0.076,MW,DE,DE_LU,actual_solar_generation,Solar,2026-06-06T16:24:29Z
2026-06-06T16:23:19Z,2026-06-06T18:23:19+0200,8d87ff8c-7229-4840-a478-c91fa6b6d43f,2026-05-10T22:15:00Z,2026-05-11T00:15:00+0200,0.077,MW,DE,DE_LU,actual_solar_generation,Solar,2026-06-06T16:24:29Z
2026-06-06T16:23:19Z,2026-06-06T18:23:19+0200,8d87ff8c-7229-4840-a478-c91fa6b6d43f,2026-05-10T22:30:00Z,2026-05-11T00:30:00+0200,0.068,MW,DE,DE_LU,actual_solar_generation,Solar,2026-06-06T16:24:29Z
2026-06-06T16:23:19Z,2026-06-06T18:23:19+0200,8d87ff8c-7229-4840-a478-c91fa6b6d43f,2026-05-10T22:45:00Z,2026-05-11T00:45:00+0200,0.074,MW,DE,DE_LU,actual_solar_generation,Solar,2026-06-06T16:24:29Z
2026-06-06T16:23:19Z,2026-06-06T18:23:19+0200,8d87ff8c-7229-4840-a478-c91fa6b6d43f,2026-05-10T23:00:00Z,2026-05-11T01:00:00+0200,0.08,MW,DE,DE_LU,actual_solar_generation,Solar,2026-06-06T16:24:29Z
2026-06-06T16:23:19Z,2026-06-06T18:23:19+0200,8d87ff8c-7229-4840-a478-c91fa6b6d43f,2026-05-10T23:15:00Z,2026-05-11T01:15:00+0200,0.067,MW,DE,DE_LU,actual_solar_generation,Solar,2026-06-06T16:24:29Z
2026-06-06T16:23:19Z,2026-06-06T18:23:19+0200,8d87ff8c-7229-4840-a478-c91fa6b6d43f,2026-05-10T23:30:00Z,2026-05-11T01:30:00+0200,0.06,MW,DE,DE_LU,actual_solar_generation,Solar,2026-06-06T16:24:29Z
2026-06-06T16:23:19Z,2026-06-06T18:23:19+0200,8d87ff8c-7229-4840-a478-c91fa6b6d43f,2026-05-10T23:45:00Z,2026-05-11T01:45:00+0200,0.062,MW,DE,DE_LU,actual_solar_generation,Solar,2026-06-06T16:24:29Z
2026-06-06T16:23:19Z,2026-06-06T18:23:19+0200,8d87ff8c-7229-4840-a478-c91fa6b6d43f,2026-05-11T00:00:00Z,2026-05-11T02:00:00+0200,0.053,MW,DE,DE_LU,actual_solar_generation,Solar,2026-06-06T16:24:29Z
2026-06-06T16:23:19Z,2026-06-06T18:23:19+0200,8d87ff8c-7229-4840-a478-c91fa6b6d43f,2026-05-11T00:15:00Z,2026-05-11T02:15:00+0200,0.058,MW,DE,DE_LU,actual_solar_generation,Solar,2026-06-06T16:24:29Z
2026-06-06T16:23:19Z,2026-06-06T18:23:19+0200,8d87ff8c-7229-4840-a478-c91fa6b6d43f,2026-05-11T00:30:00Z,2026-05-11T02:30:00+0200,0.048,MW,DE,DE_LU,actual_solar_generation,Solar,2026-06-06T16:24:29Z
2026-06-06T16:23:19Z,2026-06-06T18:23:19+0200,8d87ff8c-7229-4840-a478-c91fa6b6d43f,2026-05-11T00:45:00Z,2026-05-11T02:45:00+0200,0.045,MW,DE,DE_LU,actual_solar_generation,Solar,2026-06-06T16:24:29Z
2026-06-06T16:23:19Z,2026-06-06T18:23:19+0200,8d87ff8c-7229-4840-a478-c91fa6b6d43f,2026-05-11T01:00:00Z,2026-05-11T03:00:00+0200,0.041,MW,DE,DE_LU,actual_solar_generation,Solar,2026-06-06T16:24:29Z
2026-06-06T16:23:19Z,2026-06-06T18:23:19+0200,8d87ff8c-7229-4840-a478-c91fa6b6d43f,2026-05-11T01:15:00Z,2026-05-11T03:15:00+0200,0.043,MW,DE,DE_LU,actual_solar_generation,Solar,2026-06-06T16:24:29Z
2026-06-06T16:23:19Z,2026-06-06T18:23:19+0200,8d87ff8c-7229-4840-a478-c91fa6b6d43f,2026-05-11T01:30:00Z,2026-05-11T03:30:00+0200,0.053,MW,DE,DE_LU,actual_solar_generation,Solar,2026-06-06T16:24:29Z
2026-06-06T16:23:19Z,2026-06-06T18:23:19+0200,8d87ff8c-7229-4840-a478-c91fa6b6d43f,2026-05-11T01:45:00Z,2026-05-11T03:45:00+0200,0.048,MW,DE,DE_LU,actual_solar_generation,Solar,2026-06-06T16:24:29Z
2026-06-06T16:23:19Z,2026-06-06T18:23:19+0200,8d87ff8c-7229-4840-a478-c91fa6b6d43f,2026-05-11T02:00:00Z,2026-05-11T04:00:00+0200,0.054,MW,DE,DE_LU,actual_solar_generation,Solar,2026-06-06T16:24:29Z
2026-06-06T16:23:19Z,2026-06-06T18:23:19+0200,8d87ff8c-7229-4840-a478-c91fa6b6d43f,2026-05-11T02:15:00Z,2026-05-11T04:15:00+0200,0.049,MW,DE,DE_LU,actual_solar_generation,Solar,2026-06-06T16:24:29Z
2026-06-06T16:23:19Z,2026-06-06T18:23:19+0200,8d87ff8c-7229-4840-a478-c91fa6b6d43f,2026-05-11T02:30:00Z,2026-05-11T04:30:00+0200,0.045,MW,DE,DE_LU,actual_solar_generation,Solar,2026-06-06T16:24:29Z
2026-06-06T16:23:19Z,2026-06-06T18:23:19+0200,8d87ff8c-7229-4840-a478-c91fa6b6d43f,2026-05-11T02:45:00Z,2026-05-11T04:45:00+0200,0.049,MW,DE,DE_LU,actual_solar_generation,Solar,2026-06-06T16:24:29Z
2026-06-06T16:23:19Z,2026-06-06T18:23:19+0200,8d87ff8c-7229-4840-a478-c91fa6b6d43f,2026-05-11T03:00:00Z,2026-05-11T05:00:00+0200,1.476,MW,DE,DE_LU,actual_solar_generation,Solar,2026-06-06T16:24:29Z
2026-06-06T16:23:19Z,2026-06-06T18:23:19+0200,8d87ff8c-7229-4840-a478-c91fa6b6d43f,2026-05-11T03:15:00Z,2026-05-11T05:15:00+0200,10.564,MW,DE,DE_LU,actual_solar_generation,Solar,2026-06-06T16:24:29Z
2026-06-06T16:23:19Z,2026-06-06T18:23:19+0200,8d87ff8c-7229-4840-a478-c91fa6b6d43f,2026-05-11T03:30:00Z,2026-05-11T05:30:00+0200,54.664,MW,DE,DE_LU,actual_solar_generation,Solar,2026-06-06T16:24:29Z
2026-06-06T16:23:19Z,2026-06-06T18:23:19+0200,8d87ff8c-7229-4840-a478-c91fa6b6d43f,2026-05-11T03:45:00Z,2026-05-11T05:45:00+0200,181.29,MW,DE,DE_LU,actual_solar_generation,Solar,2026-06-06T16:24:29Z
2026-06-06T16:23:19Z,2026-06-06T18:23:19+0200,8d87ff8c-7229-4840-a478-c91fa6b6d43f,2026-05-11T04:00:00Z,2026-05-11T06:00:00+0200,651.694,MW,DE,DE_LU,actual_solar_generation,Solar,2026-06-06T16:24:29Z
2026-06-06T16:23:19Z,2026-06-06T18:23:19+0200,8d87ff8c-7229-4840-a478-c91fa6b6d43f,2026-05-11T04:15:00Z,2026-05-11T06:15:00+0200,1184.285,MW,DE,DE_LU,actual_solar_generation,Solar,2026-06-06T16:24:29Z
2026-06-06T16:23:19Z,2026-06-06T18:23:19+0200,8d87ff8c-7229-4840-a478-c91fa6b6d43f,2026-05-11T04:30:00Z,2026-05-11T06:30:00+0200,1837.267,MW,DE,DE_LU,actual_solar_generation,Solar,2026-06-06T16:24:29Z
2026-06-06T16:23:19Z,2026-06-06T18:23:19+0200,8d87ff8c-7229-4840-a478-c91fa6b6d43f,2026-05-11T04:45:00Z,2026-05-11T06:45:00+0200,2601.311,MW,DE,DE_LU,actual_solar_generation,Solar,2026-06-06T16:24:29Z
2026-06-06T16:23:19Z,2026-06-06T18:23:19+0200,8d87ff8c-7229-4840-a478-c91fa6b6d43f,2026-05-11T05:00:00Z,2026-05-11T07:00:00+0200,3448.054,MW,DE,DE_LU,actual_solar_generation,Solar,2026-06-06T16:24:29Z
2026-06-06T16:23:19Z,2026-06-06T18:23:19+0200,8d87ff8c-7229-4840-a478-c91fa6b6d43f,2026-05-11T05:15:00Z,2026-05-11T07:15:00+0200,4371.471,MW,DE,DE_LU,actual_solar_generation,Solar,2026-06-06T16:24:29Z
2026-06-06T16:23:19Z,2026-06-06T18:23:19+0200,8d87ff8c-7229-4840-a478-c91fa6b6d43f,2026-05-11T05:30:00Z,2026-05-11T07:30:00+0200,5368.861,MW,DE,DE_LU,actual_solar_generation,Solar,2026-06-06T16:24:29Z
2026-06-06T16:23:19Z,2026-06-06T18:23:19+0200,8d87ff8c-7229-4840-a478-c91fa6b6d43f,2026-05-11T05:45:00Z,2026-05-11T07:45:00+0200,6387.47,MW,DE,DE_LU,actual_solar_generation,Solar,2026-06-06T16:24:29Z
2026-06-06T16:23:19Z,2026-06-06T18:23:19+0200,8d87ff8c-7229-4840-a478-c91fa6b6d43f,2026-05-11T06:00:00Z,2026-05-11T08:00:00+0200,7352.025,MW,DE,DE_LU,actual_solar_generation,Solar,2026-06-06T16:24:29Z
2026-06-06T16:23:19Z,2026-06-06T18:23:19+0200,8d87ff8c-7229-4840-a478-c91fa6b6d43f,2026-05-11T06:15:00Z,2026-05-11T08:15:00+0200,8378.17,MW,DE,DE_LU,actual_solar_generation,Solar,2026-06-06T16:24:29Z
2026-06-06T16:23:19Z,2026-06-06T18:23:19+0200,8d87ff8c-7229-4840-a478-c91fa6b6d43f,2026-05-11T06:30:00Z,2026-05-11T08:30:00+0200,9267.869,MW,DE,DE_LU,actual_solar_generation,Solar,2026-06-06T16:24:29Z
2026-06-06T16:23:19Z,2026-06-06T18:23:19+0200,8d87ff8c-7229-4840-a478-c91fa6b6d43f,2026-05-11T06:45:00Z,2026-05-11T08:45:00+0200,10298.611,MW,DE,DE_LU,actual_solar_generation,Solar,2026-06-06T16:24:29Z
2026-06-06T16:23:19Z,2026-06-06T18:23:19+0200,8d87ff8c-7229-4840-a478-c91fa6b6d43f,2026-05-11T07:00:00Z,2026-05-11T09:00:00+0200,11506.966,MW,DE,DE_LU,actual_solar_generation,Solar,2026-06-06T16:24:29Z
2026-06-06T16:23:19Z,2026-06-06T18:23:19+0200,8d87ff8c-7229-4840-a478-c91fa6b6d43f,2026-05-11T07:15:00Z,2026-05-11T09:15:00+0200,12853.897,MW,DE,DE_LU,actual_solar_generation,Solar,2026-06-06T16:24:29Z
2026-06-06T16:23:19Z,2026-06-06T18:23:19+0200,8d87ff8c-7229-4840-a478-c91fa6b6d43f,2026-05-11T07:30:00Z,2026-05-11T09:30:00+0200,14017.273,MW,DE,DE_LU,actual_solar_generation,Solar,2026-06-06T16:24:29Z
2026-06-06T16:23:19Z,2026-06-06T18:23:19+0200,8d87ff8c-7229-4840-a478-c91fa6b6d43f,2026-05-11T07:45:00Z,2026-05-11T09:45:00+0200,15211.944,MW,DE,DE_LU,actual_solar_generation,Solar,2026-06-06T16:24:29Z
2026-06-06T16:23:19Z,2026-06-06T18:23:19+0200,8d87ff8c-7229-4840-a478-c91fa6b6d43f,2026-05-11T08:00:00Z,2026-05-11T10:00:00+0200,16522.405,MW,DE,DE_LU,actual_solar_generation,Solar,2026-06-06T16:24:29Z
2026-06-06T16:23:19Z,2026-06-06T18:23:19+0200,8d87ff8c-7229-4840-a478-c91fa6b6d43f,2026-05-11T08:15:00Z,2026-05-11T10:15:00+0200,17550.389,MW,DE,DE_LU,actual_solar_generation,Solar,2026-06-06T16:24:29Z
2026-06-06T16:23:19Z,2026-06-06T18:23:19+0200,8d87ff8c-7229-4840-a478-c91fa6b6d43f,2026-05-11T08:30:00Z,2026-05-11T10:30:00+0200,18668.174,MW,DE,DE_LU,actual_solar_generation,Solar,2026-06-06T16:24:29Z
2026-06-06T16:23:19Z,2026-06-06T18:23:19+0200,8d87ff8c-7229-4840-a478-c91fa6b6d43f,2026-05-11T08:45:00Z,2026-05-11T10:45:00+0200,19715.662,MW,DE,DE_LU,actual_solar_generation,Solar,2026-06-06T16:24:29Z
2026-06-06T16:23:19Z,2026-06-06T18:23:19+0200,8d87ff8c-7229-4840-a478-c91fa6b6d43f,2026-05-11T09:00:00Z,2026-05-11T11:00:00+0200,20624.345,MW,DE,DE_LU,actual_solar_generation,Solar,2026-06-06T16:24:29Z
2026-06-06T16:23:19Z,2026-06-06T18:23:19+0200,8d87ff8c-7229-4840-a478-c91fa6b6d43f,2026-05-11T09:15:00Z,2026-05-11T11:15:00+0200,21307.168,MW,DE,DE_LU,actual_solar_generation,Solar,2026-06-06T16:24:29Z
2026-06-06T16:23:19Z,2026-06-06T18:23:19+0200,8d87ff8c-7229-4840-a478-c91fa6b6d43f,2026-05-11T09:30:00Z,2026-05-11T11:30:00+0200,21728.805,MW,DE,DE_LU,actual_solar_generation,Solar,2026-06-06T16:24:29Z
2026-06-06T16:23:19Z,2026-06-06T18:23:19+0200,8d87ff8c-7229-4840-a478-c91fa6b6d43f,2026-05-11T09:45:00Z,2026-05-11T11:45:00+0200,22439.333,MW,DE,DE_LU,actual_solar_generation,Solar,2026-06-06T16:24:29Z
2026-06-06T16:23:19Z,2026-06-06T18:23:19+0200,8d87ff8c-7229-4840-a478-c91fa6b6d43f,2026-05-11T10:00:00Z,2026-05-11T12:00:00+0200,22909.6,MW,DE,DE_LU,actual_solar_generation,Solar,2026-06-06T16:24:29Z
2026-06-06T16:23:19Z,2026-06-06T18:23:19+0200,8d87ff8c-7229-4840-a478-c91fa6b6d43f,2026-05-11T10:15:00Z,2026-05-11T12:15:00+0200,23615.995,MW,DE,DE_LU,actual_solar_generation,Solar,2026-06-06T16:24:29Z
2026-06-06T16:23:19Z,2026-06-06T18:23:19+0200,8d87ff8c-7229-4840-a478-c91fa6b6d43f,2026-05-11T10:30:00Z,2026-05-11T12:30:00+0200,23972.542,MW,DE,DE_LU,actual_solar_generation,Solar,2026-06-06T16:24:29Z
2026-06-06T16:23:19Z,2026-06-06T18:23:19+0200,8d87ff8c-7229-4840-a478-c91fa6b6d43f,2026-05-11T10:45:00Z,2026-05-11T12:45:00+0200,23816.322,MW,DE,DE_LU,actual_solar_generation,Solar,2026-06-06T16:24:29Z
2026-06-06T16:23:19Z,2026-06-06T18:23:19+0200,8d87ff8c-7229-4840-a478-c91fa6b6d43f,2026-05-11T11:00:00Z,2026-05-11T13:00:00+0200,23820.614,MW,DE,DE_LU,actual_solar_generation,Solar,2026-06-06T16:24:29Z
2026-06-06T16:23:19Z,2026-06-06T18:23:19+0200,8d87ff8c-7229-4840-a478-c91fa6b6d43f,2026-05-11T11:15:00Z,2026-05-11T13:15:00+0200,23642.382,MW,DE,DE_LU,actual_solar_generation,Solar,2026-06-06T16:24:29Z
2026-06-06T16:23:19Z,2026-06-06T18:23:19+0200,8d87ff8c-7229-4840-a478-c91fa6b6d43f,2026-05-11T11:30:00Z,2026-05-11T13:30:00+0200,23145.481,MW,DE,DE_LU,actual_solar_generation,Solar,2026-06-06T16:24:29Z
2026-06-06T16:23:19Z,2026-06-06T18:23:19+0200,8d87ff8c-7229-4840-a478-c91fa6b6d43f,2026-05-11T11:45:00Z,2026-05-11T13:45:00+0200,22633.805,MW,DE,DE_LU,actual_solar_generation,Solar,2026-06-06T16:24:29Z
2026-06-06T16:23:19Z,2026-06-06T18:23:19+0200,8d87ff8c-7229-4840-a478-c91fa6b6d43f,2026-05-11T12:00:00Z,2026-05-11T14:00:00+0200,21160.511,MW,DE,DE_LU,actual_solar_generation,Solar,2026-06-06T16:24:29Z
2026-06-06T16:23:19Z,2026-06-06T18:23:19+0200,8d87ff8c-7229-4840-a478-c91fa6b6d43f,2026-05-11T12:15:00Z,2026-05-11T14:15:00+0200,20074.398,MW,DE,DE_LU,actual_solar_generation,Solar,2026-06-06T16:24:29Z
2026-06-06T16:23:19Z,2026-06-06T18:23:19+0200,8d87ff8c-7229-4840-a478-c91fa6b6d43f,2026-05-11T12:30:00Z,2026-05-11T14:30:00+0200,19429.66,MW,DE,DE_LU,actual_solar_generation,Solar,2026-06-06T16:24:29Z
2026-06-06T16:23:19Z,2026-06-06T18:23:19+0200,8d87ff8c-7229-4840-a478-c91fa6b6d43f,2026-05-11T12:45:00Z,2026-05-11T14:45:00+0200,18479.332,MW,DE,DE_LU,actual_solar_generation,Solar,2026-06-06T16:24:29Z
2026-06-06T16:23:19Z,2026-06-06T18:23:19+0200,8d87ff8c-7229-4840-a478-c91fa6b6d43f,2026-05-11T13:00:00Z,2026-05-11T15:00:00+0200,17460.698,MW,DE,DE_LU,actual_solar_generation,Solar,2026-06-06T16:24:29Z
2026-06-06T16:23:19Z,2026-06-06T18:23:19+0200,8d87ff8c-7229-4840-a478-c91fa6b6d43f,2026-05-11T13:15:00Z,2026-05-11T15:15:00+0200,16206.839,MW,DE,DE_LU,actual_solar_generation,Solar,2026-06-06T16:24:29Z
2026-06-06T16:23:19Z,2026-06-06T18:23:19+0200,8d87ff8c-7229-4840-a478-c91fa6b6d43f,2026-05-11T13:30:00Z,2026-05-11T15:30:00+0200,15465.458,MW,DE,DE_LU,actual_solar_generation,Solar,2026-06-06T16:24:29Z
2026-06-06T16:23:19Z,2026-06-06T18:23:19+0200,8d87ff8c-7229-4840-a478-c91fa6b6d43f,2026-05-11T13:45:00Z,2026-05-11T15:45:00+0200,14622.217,MW,DE,DE_LU,actual_solar_generation,Solar,2026-06-06T16:24:29Z
2026-06-06T16:23:19Z,2026-06-06T18:23:19+0200,8d87ff8c-7229-4840-a478-c91fa6b6d43f,2026-05-11T14:00:00Z,2026-05-11T16:00:00+0200,13655.883,MW,DE,DE_LU,actual_solar_generation,Solar,2026-06-06T16:24:29Z
2026-06-06T16:23:19Z,2026-06-06T18:23:19+0200,8d87ff8c-7229-4840-a478-c91fa6b6d43f,2026-05-11T14:15:00Z,2026-05-11T16:15:00+0200,12915.475,MW,DE,DE_LU,actual_solar_generation,Solar,2026-06-06T16:24:29Z
2026-06-06T16:23:19Z,2026-06-06T18:23:19+0200,8d87ff8c-7229-4840-a478-c91fa6b6d43f,2026-05-11T14:30:00Z,2026-05-11T16:30:00+0200,12344.438,MW,DE,DE_LU,actual_solar_generation,Solar,2026-06-06T16:24:29Z
2026-06-06T16:23:19Z,2026-06-06T18:23:19+0200,8d87ff8c-7229-4840-a478-c91fa6b6d43f,2026-05-11T14:45:00Z,2026-05-11T16:45:00+0200,11618.074,MW,DE,DE_LU,actual_solar_generation,Solar,2026-06-06T16:24:29Z
2026-06-06T16:23:19Z,2026-06-06T18:23:19+0200,8d87ff8c-7229-4840-a478-c91fa6b6d43f,2026-05-11T15:00:00Z,2026-05-11T17:00:00+0200,10595.341,MW,DE,DE_LU,actual_solar_generation,Solar,2026-06-06T16:24:29Z
2026-06-06T16:23:19Z,2026-06-06T18:23:19+0200,8d87ff8c-7229-4840-a478-c91fa6b6d43f,2026-05-11T15:15:00Z,2026-05-11T17:15:00+0200,9830.486,MW,DE,DE_LU,actual_solar_generation,Solar,2026-06-06T16:24:29Z
2026-06-06T16:23:19Z,2026-06-06T18:23:19+0200,8d87ff8c-7229-4840-a478-c91fa6b6d43f,2026-05-11T15:30:00Z,2026-05-11T17:30:00+0200,8911.127,MW,DE,DE_LU,actual_solar_generation,Solar,2026-06-06T16:24:29Z
2026-06-06T16:23:19Z,2026-06-06T18:23:19+0200,8d87ff8c-7229-4840-a478-c91fa6b6d43f,2026-05-11T15:45:00Z,2026-05-11T17:45:00+0200,7968.709,MW,DE,DE_LU,actual_solar_generation,Solar,2026-06-06T16:24:29Z
2026-06-06T16:23:19Z,2026-06-06T18:23:19+0200,8d87ff8c-7229-4840-a478-c91fa6b6d43f,2026-05-11T16:00:00Z,2026-05-11T18:00:00+0200,7017.528,MW,DE,DE_LU,actual_solar_generation,Solar,2026-06-06T16:24:29Z
2026-06-06T16:23:19Z,2026-06-06T18:23:19+0200,8d87ff8c-7229-4840-a478-c91fa6b6d43f,2026-05-11T16:15:00Z,2026-05-11T18:15:00+0200,6192.182,MW,DE,DE_LU,actual_solar_generation,Solar,2026-06-06T16:24:29Z
2026-06-06T16:23:19Z,2026-06-06T18:23:19+0200,8d87ff8c-7229-4840-a478-c91fa6b6d43f,2026-05-11T16:30:00Z,2026-05-11T18:30:00+0200,5388.863,MW,DE,DE_LU,actual_solar_generation,Solar,2026-06-06T16:24:29Z
2026-06-06T16:23:19Z,2026-06-06T18:23:19+0200,8d87ff8c-7229-4840-a478-c91fa6b6d43f,2026-05-11T16:45:00Z,2026-05-11T18:45:00+0200,4517.807,MW,DE,DE_LU,actual_solar_generation,Solar,2026-06-06T16:24:29Z
2026-06-06T16:23:19Z,2026-06-06T18:23:19+0200,8d87ff8c-7229-4840-a478-c91fa6b6d43f,2026-05-11T17:00:00Z,2026-05-11T19:00:00+0200,3665.342,MW,DE,DE_LU,actual_solar_generation,Solar,2026-06-06T16:24:29Z
2026-06-06T16:23:19Z,2026-06-06T18:23:19+0200,8d87ff8c-7229-4840-a478-c91fa6b6d43f,2026-05-11T17:15:00Z,2026-05-11T19:15:00+0200,2894.254,MW,DE,DE_LU,actual_solar_generation,Solar,2026-06-06T16:24:29Z
2026-06-06T16:23:19Z,2026-06-06T18:23:19+0200,8d87ff8c-7229-4840-a478-c91fa6b6d43f,2026-05-11T17:30:00Z,2026-05-11T19:30:00+0200,2236.852,MW,DE,DE_LU,actual_solar_generation,Solar,2026-06-06T16:24:29Z
2026-06-06T16:23:19Z,2026-06-06T18:23:19+0200,8d87ff8c-7229-4840-a478-c91fa6b6d43f,2026-05-11T17:45:00Z,2026-05-11T19:45:00+0200,1651.484,MW,DE,DE_LU,actual_solar_generation,Solar,2026-06-06T16:24:29Z
2026-06-06T16:23:19Z,2026-06-06T18:23:19+0200,8d87ff8c-7229-4840-a478-c91fa6b6d43f,2026-05-11T18:00:00Z,2026-05-11T20:00:00+0200,1123.212,MW,DE,DE_LU,actual_solar_generation,Solar,2026-06-06T16:24:29Z
2026-06-06T16:23:19Z,2026-06-06T18:23:19+0200,8d87ff8c-7229-4840-a478-c91fa6b6d43f,2026-05-11T18:15:00Z,2026-05-11T20:15:00+0200,672.745,MW,DE,DE_LU,actual_solar_generation,Solar,2026-06-06T16:24:29Z
2026-06-06T16:23:19Z,2026-06-06T18:23:19+0200,8d87ff8c-7229-4840-a478-c91fa6b6d43f,2026-05-11T18:30:00Z,2026-05-11T20:30:00+0200,330.688,MW,DE,DE_LU,actual_solar_generation,Solar,2026-06-06T16:24:29Z
2026-06-06T16:23:19Z,2026-06-06T18:23:19+0200,8d87ff8c-7229-4840-a478-c91fa6b6d43f,2026-05-11T18:45:00Z,2026-05-11T20:45:00+0200,101.411,MW,DE,DE_LU,actual_solar_generation,Solar,2026-06-06T16:24:29Z
2026-06-06T16:23:19Z,2026-06-06T18:23:19+0200,8d87ff8c-7229-4840-a478-c91fa6b6d43f,2026-05-11T19:00:00Z,2026-05-11T21:00:00+0200,20.235,MW,DE,DE_LU,actual_solar_generation,Solar,2026-06-06T16:24:29Z
2026-06-06T16:23:19Z,2026-06-06T18:23:19+0200,8d87ff8c-7229-4840-a478-c91fa6b6d43f,2026-05-11T19:15:00Z,2026-05-11T21:15:00+0200,4.628,MW,DE,DE_LU,actual_solar_generation,Solar,2026-06-06T16:24:29Z
2026-06-06T16:23:19Z,2026-06-06T18:23:19+0200,8d87ff8c-7229-4840-a478-c91fa6b6d43f,2026-05-11T19:30:00Z,2026-05-11T21:30:00+0200,0.29,MW,DE,DE_LU,actual_solar_generation,Solar,2026-06-06T16:24:29Z
2026-06-06T16:23:19Z,2026-06-06T18:23:19+0200,8d87ff8c-7229-4840-a478-c91fa6b6d43f,2026-05-11T19:45:00Z,2026-05-11T21:45:00+0200,0.148,MW,DE,DE_LU,actual_solar_generation,Solar,2026-06-06T16:24:29Z
2026-06-06T16:23:19Z,2026-06-06T18:23:19+0200,8d87ff8c-7229-4840-a478-c91fa6b6d43f,2026-05-11T20:00:00Z,2026-05-11T22:00:00+0200,0.125,MW,DE,DE_LU,actual_solar_generation,Solar,2026-06-06T16:24:29Z
2026-06-06T16:23:19Z,2026-06-06T18:23:19+0200,8d87ff8c-7229-4840-a478-c91fa6b6d43f,2026-05-11T20:15:00Z,2026-05-11T22:15:00+0200,0.127,MW,DE,DE_LU,actual_solar_generation,Solar,2026-06-06T16:24:29Z
2026-06-06T16:23:19Z,2026-06-06T18:23:19+0200,8d87ff8c-7229-4840-a478-c91fa6b6d43f,2026-05-11T20:30:00Z,2026-05-11T22:30:00+0200,0.118,MW,DE,DE_LU,actual_solar_generation,Solar,2026-06-06T16:24:29Z
2026-06-06T16:23:19Z,2026-06-06T18:23:19+0200,8d87ff8c-7229-4840-a478-c91fa6b6d43f,2026-05-11T20:45:00Z,2026-05-11T22:45:00+0200,0.111,MW,DE,DE_LU,actual_solar_generation,Solar,2026-06-06T16:24:29Z
2026-06-06T16:23:19Z,2026-06-06T18:23:19+0200,8d87ff8c-7229-4840-a478-c91fa6b6d43f,2026-05-11T21:00:00Z,2026-05-11T23:00:00+0200,0.121,MW,DE,DE_LU,actual_solar_generation,Solar,2026-06-06T16:24:29Z
2026-06-06T16:23:19Z,2026-06-06T18:23:19+0200,8d87ff8c-7229-4840-a478-c91fa6b6d43f,2026-05-11T21:15:00Z,2026-05-11T23:15:00+0200,0.102,MW,DE,DE_LU,actual_solar_generation,Solar,2026-06-06T16:24:29Z
2026-06-06T16:23:19Z,2026-06-06T18:23:19+0200,8d87ff8c-7229-4840-a478-c91fa6b6d43f,2026-05-11T21:30:00Z,2026-05-11T23:30:00+0200,0.092,MW,DE,DE_LU,actual_solar_generation,Solar,2026-06-06T16:24:29Z
2026-06-06T16:23:19Z,2026-06-06T18:23:19+0200,8d87ff8c-7229-4840-a478-c91fa6b6d43f,2026-05-11T21:45:00Z,2026-05-11T23:45:00+0200,0.092,MW,DE,DE_LU,actual_solar_generation,Solar,2026-06-06T16:24:29Z
2026-06-06T16:23:19Z,2026-06-06T18:23:19+0200,8d87ff8c-7229-4840-a478-c91fa6b6d43f,2026-05-11T22:00:00Z,2026-05-12T00:00:00+0200,0.074,MW,DE,DE_LU,actual_solar_generation,Solar,2026-06-06T16:24:29Z
2026-06-06T16:23:19Z,2026-06-06T18:23:19+0200,8d87ff8c-7229-4840-a478-c91fa6b6d43f,2026-05-11T22:15:00Z,2026-05-12T00:15:00+0200,0.075,MW,DE,DE_LU,actual_solar_generation,Solar,2026-06-06T16:24:29Z
2026-06-06T16:23:19Z,2026-06-06T18:23:19+0200,8d87ff8c-7229-4840-a478-c91fa6b6d43f,2026-05-11T22:30:00Z,2026-05-12T00:30:00+0200,0.075,MW,DE,DE_LU,actual_solar_generation,Solar,2026-06-06T16:24:29Z
2026-06-06T16:23:19Z,2026-06-06T18:23:19+0200,8d87ff8c-7229-4840-a478-c91fa6b6d43f,2026-05-11T22:45:00Z,2026-05-12T00:45:00+0200,0.067,MW,DE,DE_LU,actual_solar_generation,Solar,2026-06-06T16:24:29Z
2026-06-06T16:23:19Z,2026-06-06T18:23:19+0200,8d87ff8c-7229-4840-a478-c91fa6b6d43f,2026-05-11T23:00:00Z,2026-05-12T01:00:00+0200,0.057,MW,DE,DE_LU,actual_solar_generation,Solar,2026-06-06T16:24:29Z
2026-06-06T16:23:19Z,2026-06-06T18:23:19+0200,8d87ff8c-7229-4840-a478-c91fa6b6d43f,2026-05-11T23:15:00Z,2026-05-12T01:15:00+0200,0.06,MW,DE,DE_LU,actual_solar_generation,Solar,2026-06-06T16:24:29Z
2026-06-06T16:23:19Z,2026-06-06T18:23:19+0200,8d87ff8c-7229-4840-a478-c91fa6b6d43f,2026-05-11T23:30:00Z,2026-05-12T01:30:00+0200,0.058,MW,DE,DE_LU,actual_solar_generation,Solar,2026-06-06T16:24:29Z
2026-06-06T16:23:19Z,2026-06-06T18:23:19+0200,8d87ff8c-7229-4840-a478-c91fa6b6d43f,2026-05-11T23:45:00Z,2026-05-12T01:45:00+0200,0.054,MW,DE,DE_LU,actual_solar_generation,Solar,2026-06-06T16:24:29Z
2026-06-06T16:23:19Z,2026-06-06T18:23:19+0200,8d87ff8c-7229-4840-a478-c91fa6b6d43f,2026-05-12T00:00:00Z,2026-05-12T02:00:00+0200,0.054,MW,DE,DE_LU,actual_solar_generation,Solar,2026-06-06T16:24:29Z
2026-06-06T16:23:19Z,2026-06-06T18:23:19+0200,8d87ff8c-7229-4840-a478-c91fa6b6d43f,2026-05-12T00:15:00Z,2026-05-12T02:15:00+0200,0.058,MW,DE,DE_LU,actual_solar_generation,Solar,2026-06-06T16:24:29Z
2026-06-06T16:23:19Z,2026-06-06T18:23:19+0200,8d87ff8c-7229-4840-a478-c91fa6b6d43f,2026-05-12T00:30:00Z,2026-05-12T02:30:00+0200,0.051,MW,DE,DE_LU,actual_solar_generation,Solar,2026-06-06T16:24:29Z
2026-06-06T16:23:19Z,2026-06-06T18:23:19+0200,8d87ff8c-7229-4840-a478-c91fa6b6d43f,2026-05-12T00:45:00Z,2026-05-12T02:45:00+0200,0.045,MW,DE,DE_LU,actual_solar_generation,Solar,2026-06-06T16:24:29Z
2026-06-06T16:23:19Z,2026-06-06T18:23:19+0200,8d87ff8c-7229-4840-a478-c91fa6b6d43f,2026-05-12T01:00:00Z,2026-05-12T03:00:00+0200,0.044,MW,DE,DE_LU,actual_solar_generation,Solar,2026-06-06T16:24:29Z
2026-06-06T16:23:19Z,2026-06-06T18:23:19+0200,8d87ff8c-7229-4840-a478-c91fa6b6d43f,2026-05-12T01:15:00Z,2026-05-12T03:15:00+0200,0.045,MW,DE,DE_LU,actual_solar_generation,Solar,2026-06-06T16:24:29Z
2026-06-06T16:23:19Z,2026-06-06T18:23:19+0200,8d87ff8c-7229-4840-a478-c91fa6b6d43f,2026-05-12T01:30:00Z,2026-05-12T03:30:00+0200,0.047,MW,DE,DE_LU,actual_solar_generation,Solar,2026-06-06T16:24:29Z
2026-06-06T16:23:19Z,2026-06-06T18:23:19+0200,8d87ff8c-7229-4840-a478-c91fa6b6d43f,2026-05-12T01:45:00Z,2026-05-12T03:45:00+0200,0.052,MW,DE,DE_LU,actual_solar_generation,Solar,2026-06-06T16:24:29Z
2026-06-06T16:23:19Z,2026-06-06T18:23:19+0200,8d87ff8c-7229-4840-a478-c91fa6b6d43f,2026-05-12T02:00:00Z,2026-05-12T04:00:00+0200,0.047,MW,DE,DE_LU,actual_solar_generation,Solar,2026-06-06T16:24:29Z
2026-06-06T16:23:19Z,2026-06-06T18:23:19+0200,8d87ff8c-7229-4840-a478-c91fa6b6d43f,2026-05-12T02:15:00Z,2026-05-12T04:15:00+0200,0.049,MW,DE,DE_LU,actual_solar_generation,Solar,2026-06-06T16:24:29Z
2026-06-06T16:23:19Z,2026-06-06T18:23:19+0200,8d87ff8c-7229-4840-a478-c91fa6b6d43f,2026-05-12T02:30:00Z,2026-05-12T04:30:00+0200,0.049,MW,DE,DE_LU,actual_solar_generation,Solar,2026-06-06T16:24:29Z
2026-06-06T16:23:19Z,2026-06-06T18:23:19+0200,8d87ff8c-7229-4840-a478-c91fa6b6d43f,2026-05-12T02:45:00Z,2026-05-12T04:45:00+0200,0.056,MW,DE,DE_LU,actual_solar_generation,Solar,2026-06-06T16:24:29Z
2026-06-06T16:23:19Z,2026-06-06T18:23:19+0200,8d87ff8c-7229-4840-a478-c91fa6b6d43f,2026-05-12T03:00:00Z,2026-05-12T05:00:00+0200,1.365,MW,DE,DE_LU,actual_solar_generation,Solar,2026-06-06T16:24:29Z
2026-06-06T16:23:19Z,2026-06-06T18:23:19+0200,8d87ff8c-7229-4840-a478-c91fa6b6d43f,2026-05-12T03:15:00Z,2026-05-12T05:15:00+0200,12.561,MW,DE,DE_LU,actual_solar_generation,Solar,2026-06-06T16:24:29Z
2026-06-06T16:23:19Z,2026-06-06T18:23:19+0200,8d87ff8c-7229-4840-a478-c91fa6b6d43f,2026-05-12T03:30:00Z,2026-05-12T05:30:00+0200,78.272,MW,DE,DE_LU,actual_solar_generation,Solar,2026-06-06T16:24:29Z
2026-06-06T16:23:19Z,2026-06-06T18:23:19+0200,8d87ff8c-7229-4840-a478-c91fa6b6d43f,2026-05-12T03:45:00Z,2026-05-12T05:45:00+0200,327.702,MW,DE,DE_LU,actual_solar_generation,Solar,2026-06-06T16:24:29Z
2026-06-06T16:23:19Z,2026-06-06T18:23:19+0200,8d87ff8c-7229-4840-a478-c91fa6b6d43f,2026-05-12T04:00:00Z,2026-05-12T06:00:00+0200,910.344,MW,DE,DE_LU,actual_solar_generation,Solar,2026-06-06T16:24:29Z
2026-06-06T16:23:19Z,2026-06-06T18:23:19+0200,8d87ff8c-7229-4840-a478-c91fa6b6d43f,2026-05-12T04:15:00Z,2026-05-12T06:15:00+0200,1733.108,MW,DE,DE_LU,actual_solar_generation,Solar,2026-06-06T16:24:29Z
2026-06-06T16:23:19Z,2026-06-06T18:23:19+0200,8d87ff8c-7229-4840-a478-c91fa6b6d43f,2026-05-12T04:30:00Z,2026-05-12T06:30:00+0200,2831.829,MW,DE,DE_LU,actual_solar_generation,Solar,2026-06-06T16:24:29Z
2026-06-06T16:23:19Z,2026-06-06T18:23:19+0200,8d87ff8c-7229-4840-a478-c91fa6b6d43f,2026-05-12T04:45:00Z,2026-05-12T06:45:00+0200,4058.108,MW,DE,DE_LU,actual_solar_generation,Solar,2026-06-06T16:24:29Z
2026-06-06T16:23:19Z,2026-06-06T18:23:19+0200,8d87ff8c-7229-4840-a478-c91fa6b6d43f,2026-05-12T05:00:00Z,2026-05-12T07:00:00+0200,5453.138,MW,DE,DE_LU,actual_solar_generation,Solar,2026-06-06T16:24:29Z
2026-06-06T16:23:19Z,2026-06-06T18:23:19+0200,8d87ff8c-7229-4840-a478-c91fa6b6d43f,2026-05-12T05:15:00Z,2026-05-12T07:15:00+0200,7222.898,MW,DE,DE_LU,actual_solar_generation,Solar,2026-06-06T16:24:29Z
2026-06-06T16:23:19Z,2026-06-06T18:23:19+0200,8d87ff8c-7229-4840-a478-c91fa6b6d43f,2026-05-12T05:30:00Z,2026-05-12T07:30:00+0200,8940.475,MW,DE,DE_LU,actual_solar_generation,Solar,2026-06-06T16:24:29Z
2026-06-06T16:23:19Z,2026-06-06T18:23:19+0200,8d87ff8c-7229-4840-a478-c91fa6b6d43f,2026-05-12T05:45:00Z,2026-05-12T07:45:00+0200,10676.526,MW,DE,DE_LU,actual_solar_generation,Solar,2026-06-06T16:24:29Z
2026-06-06T16:23:19Z,2026-06-06T18:23:19+0200,8d87ff8c-7229-4840-a478-c91fa6b6d43f,2026-05-12T06:00:00Z,2026-05-12T08:00:00+0200,12454.861,MW,DE,DE_LU,actual_solar_generation,Solar,2026-06-06T16:24:29Z
2026-06-06T16:23:19Z,2026-06-06T18:23:19+0200,8d87ff8c-7229-4840-a478-c91fa6b6d43f,2026-05-12T06:15:00Z,2026-05-12T08:15:00+0200,14295.135,MW,DE,DE_LU,actual_solar_generation,Solar,2026-06-06T16:24:29Z
2026-06-06T16:23:19Z,2026-06-06T18:23:19+0200,8d87ff8c-7229-4840-a478-c91fa6b6d43f,2026-05-12T06:30:00Z,2026-05-12T08:30:00+0200,16213.517,MW,DE,DE_LU,actual_solar_generation,Solar,2026-06-06T16:24:29Z
2026-06-06T16:23:19Z,2026-06-06T18:23:19+0200,8d87ff8c-7229-4840-a478-c91fa6b6d43f,2026-05-12T06:45:00Z,2026-05-12T08:45:00+0200,18158.611,MW,DE,DE_LU,actual_solar_generation,Solar,2026-06-06T16:24:29Z
2026-06-06T16:23:19Z,2026-06-06T18:23:19+0200,8d87ff8c-7229-4840-a478-c91fa6b6d43f,2026-05-12T07:00:00Z,2026-05-12T09:00:00+0200,19741.724,MW,DE,DE_LU,actual_solar_generation,Solar,2026-06-06T16:24:29Z
2026-06-06T16:23:19Z,2026-06-06T18:23:19+0200,8d87ff8c-7229-4840-a478-c91fa6b6d43f,2026-05-12T07:15:00Z,2026-05-12T09:15:00+0200,21463.883,MW,DE,DE_LU,actual_solar_generation,Solar,2026-06-06T16:24:29Z
2026-06-06T16:23:19Z,2026-06-06T18:23:19+0200,8d87ff8c-7229-4840-a478-c91fa6b6d43f,2026-05-12T07:30:00Z,2026-05-12T09:30:00+0200,22621.986,MW,DE,DE_LU,actual_solar_generation,Solar,2026-06-06T16:24:29Z
2026-06-06T16:23:19Z,2026-06-06T18:23:19+0200,8d87ff8c-7229-4840-a478-c91fa6b6d43f,2026-05-12T07:45:00Z,2026-05-12T09:45:00+0200,23955.374,MW,DE,DE_LU,actual_solar_generation,Solar,2026-06-06T16:24:29Z
2026-06-06T16:23:19Z,2026-06-06T18:23:19+0200,8d87ff8c-7229-4840-a478-c91fa6b6d43f,2026-05-12T08:00:00Z,2026-05-12T10:00:00+0200,24768.627,MW,DE,DE_LU,actual_solar_generation,Solar,2026-06-06T16:24:29Z
2026-06-06T16:23:19Z,2026-06-06T18:23:19+0200,8d87ff8c-7229-4840-a478-c91fa6b6d43f,2026-05-12T08:15:00Z,2026-05-12T10:15:00+0200,25767.151,MW,DE,DE_LU,actual_solar_generation,Solar,2026-06-06T16:24:29Z
2026-06-06T16:23:19Z,2026-06-06T18:23:19+0200,8d87ff8c-7229-4840-a478-c91fa6b6d43f,2026-05-12T08:30:00Z,2026-05-12T10:30:00+0200,26284.689,MW,DE,DE_LU,actual_solar_generation,Solar,2026-06-06T16:24:29Z
2026-06-06T16:23:19Z,2026-06-06T18:23:19+0200,8d87ff8c-7229-4840-a478-c91fa6b6d43f,2026-05-12T08:45:00Z,2026-05-12T10:45:00+0200,26679.391,MW,DE,DE_LU,actual_solar_generation,Solar,2026-06-06T16:24:29Z
2026-06-06T16:23:19Z,2026-06-06T18:23:19+0200,8d87ff8c-7229-4840-a478-c91fa6b6d43f,2026-05-12T09:00:00Z,2026-05-12T11:00:00+0200,27367.25,MW,DE,DE_LU,actual_solar_generation,Solar,2026-06-06T16:24:29Z
2026-06-06T16:23:19Z,2026-06-06T18:23:19+0200,8d87ff8c-7229-4840-a478-c91fa6b6d43f,2026-05-12T09:15:00Z,2026-05-12T11:15:00+0200,27992.044,MW,DE,DE_LU,actual_solar_generation,Solar,2026-06-06T16:24:29Z
2026-06-06T16:23:19Z,2026-06-06T18:23:19+0200,8d87ff8c-7229-4840-a478-c91fa6b6d43f,2026-05-12T09:30:00Z,2026-05-12T11:30:00+0200,28665.276,MW,DE,DE_LU,actual_solar_generation,Solar,2026-06-06T16:24:29Z
2026-06-06T16:23:19Z,2026-06-06T18:23:19+0200,8d87ff8c-7229-4840-a478-c91fa6b6d43f,2026-05-12T09:45:00Z,2026-05-12T11:45:00+0200,28951.428,MW,DE,DE_LU,actual_solar_generation,Solar,2026-06-06T16:24:29Z
2026-06-06T16:23:19Z,2026-06-06T18:23:19+0200,8d87ff8c-7229-4840-a478-c91fa6b6d43f,2026-05-12T10:00:00Z,2026-05-12T12:00:00+0200,29430.471,MW,DE,DE_LU,actual_solar_generation,Solar,2026-06-06T16:24:29Z
2026-06-06T16:23:19Z,2026-06-06T18:23:19+0200,8d87ff8c-7229-4840-a478-c91fa6b6d43f,2026-05-12T10:15:00Z,2026-05-12T12:15:00+0200,29518.016,MW,DE,DE_LU,actual_solar_generation,Solar,2026-06-06T16:24:29Z
2026-06-06T16:23:19Z,2026-06-06T18:23:19+0200,8d87ff8c-7229-4840-a478-c91fa6b6d43f,2026-05-12T10:30:00Z,2026-05-12T12:30:00+0200,29529.051,MW,DE,DE_LU,actual_solar_generation,Solar,2026-06-06T16:24:29Z
2026-06-06T16:23:19Z,2026-06-06T18:23:19+0200,8d87ff8c-7229-4840-a478-c91fa6b6d43f,2026-05-12T10:45:00Z,2026-05-12T12:45:00+0200,29708.659,MW,DE,DE_LU,actual_solar_generation,Solar,2026-06-06T16:24:29Z
2026-06-06T16:23:19Z,2026-06-06T18:23:19+0200,8d87ff8c-7229-4840-a478-c91fa6b6d43f,2026-05-12T11:00:00Z,2026-05-12T13:00:00+0200,29712.348,MW,DE,DE_LU,actual_solar_generation,Solar,2026-06-06T16:24:29Z
2026-06-06T16:23:19Z,2026-06-06T18:23:19+0200,8d87ff8c-7229-4840-a478-c91fa6b6d43f,2026-05-12T11:15:00Z,2026-05-12T13:15:00+0200,29344.605,MW,DE,DE_LU,actual_solar_generation,Solar,2026-06-06T16:24:29Z
2026-06-06T16:23:19Z,2026-06-06T18:23:19+0200,8d87ff8c-7229-4840-a478-c91fa6b6d43f,2026-05-12T11:30:00Z,2026-05-12T13:30:00+0200,28656.792,MW,DE,DE_LU,actual_solar_generation,Solar,2026-06-06T16:24:29Z
2026-06-06T16:23:19Z,2026-06-06T18:23:19+0200,8d87ff8c-7229-4840-a478-c91fa6b6d43f,2026-05-12T11:45:00Z,2026-05-12T13:45:00+0200,28663.128,MW,DE,DE_LU,actual_solar_generation,Solar,2026-06-06T16:24:29Z
2026-06-06T16:23:19Z,2026-06-06T18:23:19+0200,8d87ff8c-7229-4840-a478-c91fa6b6d43f,2026-05-12T12:00:00Z,2026-05-12T14:00:00+0200,28315.537,MW,DE,DE_LU,actual_solar_generation,Solar,2026-06-06T16:24:29Z
2026-06-06T16:23:19Z,2026-06-06T18:23:19+0200,8d87ff8c-7229-4840-a478-c91fa6b6d43f,2026-05-12T12:15:00Z,2026-05-12T14:15:00+0200,28392.105,MW,DE,DE_LU,actual_solar_generation,Solar,2026-06-06T16:24:29Z
2026-06-06T16:23:19Z,2026-06-06T18:23:19+0200,8d87ff8c-7229-4840-a478-c91fa6b6d43f,2026-05-12T12:30:00Z,2026-05-12T14:30:00+0200,28127.566,MW,DE,DE_LU,actual_solar_generation,Solar,2026-06-06T16:24:29Z
2026-06-06T16:23:19Z,2026-06-06T18:23:19+0200,8d87ff8c-7229-4840-a478-c91fa6b6d43f,2026-05-12T12:45:00Z,2026-05-12T14:45:00+0200,27531.21,MW,DE,DE_LU,actual_solar_generation,Solar,2026-06-06T16:24:29Z
2026-06-06T16:23:19Z,2026-06-06T18:23:19+0200,8d87ff8c-7229-4840-a478-c91fa6b6d43f,2026-05-12T13:00:00Z,2026-05-12T15:00:00+0200,27167.459,MW,DE,DE_LU,actual_solar_generation,Solar,2026-06-06T16:24:29Z
2026-06-06T16:23:19Z,2026-06-06T18:23:19+0200,8d87ff8c-7229-4840-a478-c91fa6b6d43f,2026-05-12T13:15:00Z,2026-05-12T15:15:00+0200,26249.442,MW,DE,DE_LU,actual_solar_generation,Solar,2026-06-06T16:24:29Z
2026-06-06T16:23:19Z,2026-06-06T18:23:19+0200,8d87ff8c-7229-4840-a478-c91fa6b6d43f,2026-05-12T13:30:00Z,2026-05-12T15:30:00+0200,25313.73,MW,DE,DE_LU,actual_solar_generation,Solar,2026-06-06T16:24:29Z
2026-06-06T16:23:19Z,2026-06-06T18:23:19+0200,8d87ff8c-7229-4840-a478-c91fa6b6d43f,2026-05-12T13:45:00Z,2026-05-12T15:45:00+0200,24323.889,MW,DE,DE_LU,actual_solar_generation,Solar,2026-06-06T16:24:29Z
2026-06-06T16:23:19Z,2026-06-06T18:23:19+0200,8d87ff8c-7229-4840-a478-c91fa6b6d43f,2026-05-12T14:00:00Z,2026-05-12T16:00:00+0200,22917.053,MW,DE,DE_LU,actual_solar_generation,Solar,2026-06-06T16:24:29Z
2026-06-06T16:23:19Z,2026-06-06T18:23:19+0200,8d87ff8c-7229-4840-a478-c91fa6b6d43f,2026-05-12T14:15:00Z,2026-05-12T16:15:00+0200,21326.211,MW,DE,DE_LU,actual_solar_generation,Solar,2026-06-06T16:24:29Z
2026-06-06T16:23:19Z,2026-06-06T18:23:19+0200,8d87ff8c-7229-4840-a478-c91fa6b6d43f,2026-05-12T14:30:00Z,2026-05-12T16:30:00+0200,20154.761,MW,DE,DE_LU,actual_solar_generation,Solar,2026-06-06T16:24:29Z
2026-06-06T16:23:19Z,2026-06-06T18:23:19+0200,8d87ff8c-7229-4840-a478-c91fa6b6d43f,2026-05-12T14:45:00Z,2026-05-12T16:45:00+0200,18850.188,MW,DE,DE_LU,actual_solar_generation,Solar,2026-06-06T16:24:29Z
2026-06-06T16:23:19Z,2026-06-06T18:23:19+0200,8d87ff8c-7229-4840-a478-c91fa6b6d43f,2026-05-12T15:00:00Z,2026-05-12T17:00:00+0200,17536.286,MW,DE,DE_LU,actual_solar_generation,Solar,2026-06-06T16:24:29Z
2026-06-06T16:23:19Z,2026-06-06T18:23:19+0200,8d87ff8c-7229-4840-a478-c91fa6b6d43f,2026-05-12T15:15:00Z,2026-05-12T17:15:00+0200,16000.912,MW,DE,DE_LU,actual_solar_generation,Solar,2026-06-06T16:24:29Z
2026-06-06T16:23:19Z,2026-06-06T18:23:19+0200,8d87ff8c-7229-4840-a478-c91fa6b6d43f,2026-05-12T15:30:00Z,2026-05-12T17:30:00+0200,14382.069,MW,DE,DE_LU,actual_solar_generation,Solar,2026-06-06T16:24:29Z
2026-06-06T16:23:19Z,2026-06-06T18:23:19+0200,8d87ff8c-7229-4840-a478-c91fa6b6d43f,2026-05-12T15:45:00Z,2026-05-12T17:45:00+0200,12781.653,MW,DE,DE_LU,actual_solar_generation,Solar,2026-06-06T16:24:29Z
2026-06-06T16:23:19Z,2026-06-06T18:23:19+0200,8d87ff8c-7229-4840-a478-c91fa6b6d43f,2026-05-12T16:00:00Z,2026-05-12T18:00:00+0200,11072.025,MW,DE,DE_LU,actual_solar_generation,Solar,2026-06-06T16:24:29Z
2026-06-06T16:23:19Z,2026-06-06T18:23:19+0200,8d87ff8c-7229-4840-a478-c91fa6b6d43f,2026-05-12T16:15:00Z,2026-05-12T18:15:00+0200,9523.984,MW,DE,DE_LU,actual_solar_generation,Solar,2026-06-06T16:24:29Z
2026-06-06T16:23:19Z,2026-06-06T18:23:19+0200,8d87ff8c-7229-4840-a478-c91fa6b6d43f,2026-05-12T16:30:00Z,2026-05-12T18:30:00+0200,8033.933,MW,DE,DE_LU,actual_solar_generation,Solar,2026-06-06T16:24:29Z
2026-06-06T16:23:19Z,2026-06-06T18:23:19+0200,8d87ff8c-7229-4840-a478-c91fa6b6d43f,2026-05-12T16:45:00Z,2026-05-12T18:45:00+0200,6534.013,MW,DE,DE_LU,actual_solar_generation,Solar,2026-06-06T16:24:29Z
2026-06-06T16:23:19Z,2026-06-06T18:23:19+0200,8d87ff8c-7229-4840-a478-c91fa6b6d43f,2026-05-12T17:00:00Z,2026-05-12T19:00:00+0200,5248.491,MW,DE,DE_LU,actual_solar_generation,Solar,2026-06-06T16:24:29Z
2026-06-06T16:23:19Z,2026-06-06T18:23:19+0200,8d87ff8c-7229-4840-a478-c91fa6b6d43f,2026-05-12T17:15:00Z,2026-05-12T19:15:00+0200,4052.716,MW,DE,DE_LU,actual_solar_generation,Solar,2026-06-06T16:24:29Z
2026-06-06T16:23:19Z,2026-06-06T18:23:19+0200,8d87ff8c-7229-4840-a478-c91fa6b6d43f,2026-05-12T17:30:00Z,2026-05-12T19:30:00+0200,2907.813,MW,DE,DE_LU,actual_solar_generation,Solar,2026-06-06T16:24:29Z
2026-06-06T16:23:19Z,2026-06-06T18:23:19+0200,8d87ff8c-7229-4840-a478-c91fa6b6d43f,2026-05-12T17:45:00Z,2026-05-12T19:45:00+0200,1975.064,MW,DE,DE_LU,actual_solar_generation,Solar,2026-06-06T16:24:29Z
2026-06-06T16:23:19Z,2026-06-06T18:23:19+0200,8d87ff8c-7229-4840-a478-c91fa6b6d43f,2026-05-12T18:00:00Z,2026-05-12T20:00:00+0200,1180.766,MW,DE,DE_LU,actual_solar_generation,Solar,2026-06-06T16:24:29Z
2026-06-06T16:23:19Z,2026-06-06T18:23:19+0200,8d87ff8c-7229-4840-a478-c91fa6b6d43f,2026-05-12T18:15:00Z,2026-05-12T20:15:00+0200,546.931,MW,DE,DE_LU,actual_solar_generation,Solar,2026-06-06T16:24:29Z
2026-06-06T16:23:19Z,2026-06-06T18:23:19+0200,8d87ff8c-7229-4840-a478-c91fa6b6d43f,2026-05-12T18:30:00Z,2026-05-12T20:30:00+0200,186.138,MW,DE,DE_LU,actual_solar_generation,Solar,2026-06-06T16:24:29Z
2026-06-06T16:23:19Z,2026-06-06T18:23:19+0200,8d87ff8c-7229-4840-a478-c91fa6b6d43f,2026-05-12T18:45:00Z,2026-05-12T20:45:00+0200,56.957,MW,DE,DE_LU,actual_solar_generation,Solar,2026-06-06T16:24:29Z
2026-06-06T16:23:19Z,2026-06-06T18:23:19+0200,8d87ff8c-7229-4840-a478-c91fa6b6d43f,2026-05-12T19:00:00Z,2026-05-12T21:00:00+0200,23.957,MW,DE,DE_LU,actual_solar_generation,Solar,2026-06-06T16:24:29Z
2026-06-06T16:23:19Z,2026-06-06T18:23:19+0200,8d87ff8c-7229-4840-a478-c91fa6b6d43f,2026-05-12T19:15:00Z,2026-05-12T21:15:00+0200,5.227,MW,DE,DE_LU,actual_solar_generation,Solar,2026-06-06T16:24:29Z
2026-06-06T16:23:19Z,2026-06-06T18:23:19+0200,8d87ff8c-7229-4840-a478-c91fa6b6d43f,2026-05-12T19:30:00Z,2026-05-12T21:30:00+0200,0.428,MW,DE,DE_LU,actual_solar_generation,Solar,2026-06-06T16:24:29Z
2026-06-06T16:23:19Z,2026-06-06T18:23:19+0200,8d87ff8c-7229-4840-a478-c91fa6b6d43f,2026-05-12T19:45:00Z,2026-05-12T21:45:00+0200,0.175,MW,DE,DE_LU,actual_solar_generation,Solar,2026-06-06T16:24:29Z
2026-06-06T16:23:19Z,2026-06-06T18:23:19+0200,8d87ff8c-7229-4840-a478-c91fa6b6d43f,2026-05-12T20:00:00Z,2026-05-12T22:00:00+0200,0.144,MW,DE,DE_LU,actual_solar_generation,Solar,2026-06-06T16:24:29Z
2026-06-06T16:23:19Z,2026-06-06T18:23:19+0200,8d87ff8c-7229-4840-a478-c91fa6b6d43f,2026-05-12T20:15:00Z,2026-05-12T22:15:00+0200,0.134,MW,DE,DE_LU,actual_solar_generation,Solar,2026-06-06T16:24:29Z
2026-06-06T16:23:19Z,2026-06-06T18:23:19+0200,8d87ff8c-7229-4840-a478-c91fa6b6d43f,2026-05-12T20:30:00Z,2026-05-12T22:30:00+0200,0.126,MW,DE,DE_LU,actual_solar_generation,Solar,2026-06-06T16:24:29Z
2026-06-06T16:23:19Z,2026-06-06T18:23:19+0200,8d87ff8c-7229-4840-a478-c91fa6b6d43f,2026-05-12T20:45:00Z,2026-05-12T22:45:00+0200,0.124,MW,DE,DE_LU,actual_solar_generation,Solar,2026-06-06T16:24:29Z
2026-06-06T16:23:19Z,2026-06-06T18:23:19+0200,8d87ff8c-7229-4840-a478-c91fa6b6d43f,2026-05-12T21:00:00Z,2026-05-12T23:00:00+0200,0.124,MW,DE,DE_LU,actual_solar_generation,Solar,2026-06-06T16:24:29Z
2026-06-06T16:23:19Z,2026-06-06T18:23:19+0200,8d87ff8c-7229-4840-a478-c91fa6b6d43f,2026-05-12T21:15:00Z,2026-05-12T23:15:00+0200,0.119,MW,DE,DE_LU,actual_solar_generation,Solar,2026-06-06T16:24:29Z
2026-06-06T16:23:19Z,2026-06-06T18:23:19+0200,8d87ff8c-7229-4840-a478-c91fa6b6d43f,2026-05-12T21:30:00Z,2026-05-12T23:30:00+0200,0.118,MW,DE,DE_LU,actual_solar_generation,Solar,2026-06-06T16:24:29Z
2026-06-06T16:23:19Z,2026-06-06T18:23:19+0200,8d87ff8c-7229-4840-a478-c91fa6b6d43f,2026-05-12T21:45:00Z,2026-05-12T23:45:00+0200,0.114,MW,DE,DE_LU,actual_solar_generation,Solar,2026-06-06T16:24:29Z
2026-06-06T16:23:19Z,2026-06-06T18:23:19+0200,8d87ff8c-7229-4840-a478-c91fa6b6d43f,2026-05-12T22:00:00Z,2026-05-13T00:00:00+0200,0.115,MW,DE,DE_LU,actual_solar_generation,Solar,2026-06-06T16:24:29Z
2026-06-06T16:23:19Z,2026-06-06T18:23:19+0200,8d87ff8c-7229-4840-a478-c91fa6b6d43f,2026-05-12T22:15:00Z,2026-05-13T00:15:00+0200,0.111,MW,DE,DE_LU,actual_solar_generation,Solar,2026-06-06T16:24:29Z
2026-06-06T16:23:19Z,2026-06-06T18:23:19+0200,8d87ff8c-7229-4840-a478-c91fa6b6d43f,2026-05-12T22:30:00Z,2026-05-13T00:30:00+0200,0.096,MW,DE,DE_LU,actual_solar_generation,Solar,2026-06-06T16:24:29Z
2026-06-06T16:23:19Z,2026-06-06T18:23:19+0200,8d87ff8c-7229-4840-a478-c91fa6b6d43f,2026-05-12T22:45:00Z,2026-05-13T00:45:00+0200,0.094,MW,DE,DE_LU,actual_solar_generation,Solar,2026-06-06T16:24:29Z
2026-06-06T16:23:19Z,2026-06-06T18:23:19+0200,8d87ff8c-7229-4840-a478-c91fa6b6d43f,2026-05-12T23:00:00Z,2026-05-13T01:00:00+0200,0.078,MW,DE,DE_LU,actual_solar_generation,Solar,2026-06-06T16:24:29Z
2026-06-06T16:23:19Z,2026-06-06T18:23:19+0200,8d87ff8c-7229-4840-a478-c91fa6b6d43f,2026-05-12T23:15:00Z,2026-05-13T01:15:00+0200,0.071,MW,DE,DE_LU,actual_solar_generation,Solar,2026-06-06T16:24:29Z
2026-06-06T16:23:19Z,2026-06-06T18:23:19+0200,8d87ff8c-7229-4840-a478-c91fa6b6d43f,2026-05-12T23:30:00Z,2026-05-13T01:30:00+0200,0.072,MW,DE,DE_LU,actual_solar_generation,Solar,2026-06-06T16:24:29Z
2026-06-06T16:23:19Z,2026-06-06T18:23:19+0200,8d87ff8c-7229-4840-a478-c91fa6b6d43f,2026-05-12T23:45:00Z,2026-05-13T01:45:00+0200,0.069,MW,DE,DE_LU,actual_solar_generation,Solar,2026-06-06T16:24:29Z
2026-06-06T16:23:19Z,2026-06-06T18:23:19+0200,8d87ff8c-7229-4840-a478-c91fa6b6d43f,2026-05-13T00:00:00Z,2026-05-13T02:00:00+0200,0.072,MW,DE,DE_LU,actual_solar_generation,Solar,2026-06-06T16:24:29Z
2026-06-06T16:23:19Z,2026-06-06T18:23:19+0200,8d87ff8c-7229-4840-a478-c91fa6b6d43f,2026-05-13T00:15:00Z,2026-05-13T02:15:00+0200,0.065,MW,DE,DE_LU,actual_solar_generation,Solar,2026-06-06T16:24:29Z
2026-06-06T16:23:19Z,2026-06-06T18:23:19+0200,8d87ff8c-7229-4840-a478-c91fa6b6d43f,2026-05-13T00:30:00Z,2026-05-13T02:30:00+0200,0.062,MW,DE,DE_LU,actual_solar_generation,Solar,2026-06-06T16:24:29Z
2026-06-06T16:23:19Z,2026-06-06T18:23:19+0200,8d87ff8c-7229-4840-a478-c91fa6b6d43f,2026-05-13T00:45:00Z,2026-05-13T02:45:00+0200,0.067,MW,DE,DE_LU,actual_solar_generation,Solar,2026-06-06T16:24:29Z
2026-06-06T16:23:19Z,2026-06-06T18:23:19+0200,8d87ff8c-7229-4840-a478-c91fa6b6d43f,2026-05-13T01:00:00Z,2026-05-13T03:00:00+0200,0.062,MW,DE,DE_LU,actual_solar_generation,Solar,2026-06-06T16:24:29Z
2026-06-06T16:23:19Z,2026-06-06T18:23:19+0200,8d87ff8c-7229-4840-a478-c91fa6b6d43f,2026-05-13T01:15:00Z,2026-05-13T03:15:00+0200,0.063,MW,DE,DE_LU,actual_solar_generation,Solar,2026-06-06T16:24:29Z
2026-06-06T16:23:19Z,2026-06-06T18:23:19+0200,8d87ff8c-7229-4840-a478-c91fa6b6d43f,2026-05-13T01:30:00Z,2026-05-13T03:30:00+0200,0.063,MW,DE,DE_LU,actual_solar_generation,Solar,2026-06-06T16:24:29Z
2026-06-06T16:23:19Z,2026-06-06T18:23:19+0200,8d87ff8c-7229-4840-a478-c91fa6b6d43f,2026-05-13T01:45:00Z,2026-05-13T03:45:00+0200,0.058,MW,DE,DE_LU,actual_solar_generation,Solar,2026-06-06T16:24:29Z
2026-06-06T16:23:19Z,2026-06-06T18:23:19+0200,8d87ff8c-7229-4840-a478-c91fa6b6d43f,2026-05-13T02:00:00Z,2026-05-13T04:00:00+0200,0.055,MW,DE,DE_LU,actual_solar_generation,Solar,2026-06-06T16:24:29Z
2026-06-06T16:23:19Z,2026-06-06T18:23:19+0200,8d87ff8c-7229-4840-a478-c91fa6b6d43f,2026-05-13T02:15:00Z,2026-05-13T04:15:00+0200,0.061,MW,DE,DE_LU,actual_solar_generation,Solar,2026-06-06T16:24:29Z
2026-06-06T16:23:19Z,2026-06-06T18:23:19+0200,8d87ff8c-7229-4840-a478-c91fa6b6d43f,2026-05-13T02:30:00Z,2026-05-13T04:30:00+0200,0.063,MW,DE,DE_LU,actual_solar_generation,Solar,2026-06-06T16:24:29Z
2026-06-06T16:23:19Z,2026-06-06T18:23:19+0200,8d87ff8c-7229-4840-a478-c91fa6b6d43f,2026-05-13T02:45:00Z,2026-05-13T04:45:00+0200,0.098,MW,DE,DE_LU,actual_solar_generation,Solar,2026-06-06T16:24:29Z
2026-06-06T16:23:19Z,2026-06-06T18:23:19+0200,8d87ff8c-7229-4840-a478-c91fa6b6d43f,2026-05-13T03:00:00Z,2026-05-13T05:00:00+0200,2.373,MW,DE,DE_LU,actual_solar_generation,Solar,2026-06-06T16:24:29Z
2026-06-06T16:23:19Z,2026-06-06T18:23:19+0200,8d87ff8c-7229-4840-a478-c91fa6b6d43f,2026-05-13T03:15:00Z,2026-05-13T05:15:00+0200,20.621,MW,DE,DE_LU,actual_solar_generation,Solar,2026-06-06T16:24:29Z
2026-06-06T16:23:19Z,2026-06-06T18:23:19+0200,8d87ff8c-7229-4840-a478-c91fa6b6d43f,2026-05-13T03:30:00Z,2026-05-13T05:30:00+0200,90.279,MW,DE,DE_LU,actual_solar_generation,Solar,2026-06-06T16:24:29Z
2026-06-06T16:23:19Z,2026-06-06T18:23:19+0200,8d87ff8c-7229-4840-a478-c91fa6b6d43f,2026-05-13T03:45:00Z,2026-05-13T05:45:00+0200,285.407,MW,DE,DE_LU,actual_solar_generation,Solar,2026-06-06T16:24:29Z
2026-06-06T16:23:19Z,2026-06-06T18:23:19+0200,8d87ff8c-7229-4840-a478-c91fa6b6d43f,2026-05-13T04:00:00Z,2026-05-13T06:00:00+0200,794.864,MW,DE,DE_LU,actual_solar_generation,Solar,2026-06-06T16:24:29Z
2026-06-06T16:23:19Z,2026-06-06T18:23:19+0200,8d87ff8c-7229-4840-a478-c91fa6b6d43f,2026-05-13T04:15:00Z,2026-05-13T06:15:00+0200,1483.41,MW,DE,DE_LU,actual_solar_generation,Solar,2026-06-06T16:24:29Z
2026-06-06T16:23:19Z,2026-06-06T18:23:19+0200,8d87ff8c-7229-4840-a478-c91fa6b6d43f,2026-05-13T04:30:00Z,2026-05-13T06:30:00+0200,2326.469,MW,DE,DE_LU,actual_solar_generation,Solar,2026-06-06T16:24:29Z
2026-06-06T16:23:19Z,2026-06-06T18:23:19+0200,8d87ff8c-7229-4840-a478-c91fa6b6d43f,2026-05-13T04:45:00Z,2026-05-13T06:45:00+0200,3261.58,MW,DE,DE_LU,actual_solar_generation,Solar,2026-06-06T16:24:29Z
2026-06-06T16:23:19Z,2026-06-06T18:23:19+0200,8d87ff8c-7229-4840-a478-c91fa6b6d43f,2026-05-13T05:00:00Z,2026-05-13T07:00:00+0200,4371.048,MW,DE,DE_LU,actual_solar_generation,Solar,2026-06-06T16:24:29Z
2026-06-06T16:23:19Z,2026-06-06T18:23:19+0200,8d87ff8c-7229-4840-a478-c91fa6b6d43f,2026-05-13T05:15:00Z,2026-05-13T07:15:00+0200,5699.997,MW,DE,DE_LU,actual_solar_generation,Solar,2026-06-06T16:24:29Z
2026-06-06T16:23:19Z,2026-06-06T18:23:19+0200,8d87ff8c-7229-4840-a478-c91fa6b6d43f,2026-05-13T05:30:00Z,2026-05-13T07:30:00+0200,7181.934,MW,DE,DE_LU,actual_solar_generation,Solar,2026-06-06T16:24:29Z
2026-06-06T16:23:19Z,2026-06-06T18:23:19+0200,8d87ff8c-7229-4840-a478-c91fa6b6d43f,2026-05-13T05:45:00Z,2026-05-13T07:45:00+0200,8739.025,MW,DE,DE_LU,actual_solar_generation,Solar,2026-06-06T16:24:29Z
2026-06-06T16:23:19Z,2026-06-06T18:23:19+0200,8d87ff8c-7229-4840-a478-c91fa6b6d43f,2026-05-13T06:00:00Z,2026-05-13T08:00:00+0200,10518.187,MW,DE,DE_LU,actual_solar_generation,Solar,2026-06-06T16:24:29Z
2026-06-06T16:23:19Z,2026-06-06T18:23:19+0200,8d87ff8c-7229-4840-a478-c91fa6b6d43f,2026-05-13T06:15:00Z,2026-05-13T08:15:00+0200,12391.983,MW,DE,DE_LU,actual_solar_generation,Solar,2026-06-06T16:24:29Z
2026-06-06T16:23:19Z,2026-06-06T18:23:19+0200,8d87ff8c-7229-4840-a478-c91fa6b6d43f,2026-05-13T06:30:00Z,2026-05-13T08:30:00+0200,14361.532,MW,DE,DE_LU,actual_solar_generation,Solar,2026-06-06T16:24:29Z
2026-06-06T16:23:19Z,2026-06-06T18:23:19+0200,8d87ff8c-7229-4840-a478-c91fa6b6d43f,2026-05-13T06:45:00Z,2026-05-13T08:45:00+0200,16248.502,MW,DE,DE_LU,actual_solar_generation,Solar,2026-06-06T16:24:29Z
2026-06-06T16:23:19Z,2026-06-06T18:23:19+0200,8d87ff8c-7229-4840-a478-c91fa6b6d43f,2026-05-13T07:00:00Z,2026-05-13T09:00:00+0200,18013.642,MW,DE,DE_LU,actual_solar_generation,Solar,2026-06-06T16:24:29Z
2026-06-06T16:23:19Z,2026-06-06T18:23:19+0200,8d87ff8c-7229-4840-a478-c91fa6b6d43f,2026-05-13T07:15:00Z,2026-05-13T09:15:00+0200,19968.642,MW,DE,DE_LU,actual_solar_generation,Solar,2026-06-06T16:24:29Z
2026-06-06T16:23:19Z,2026-06-06T18:23:19+0200,8d87ff8c-7229-4840-a478-c91fa6b6d43f,2026-05-13T07:30:00Z,2026-05-13T09:30:00+0200,21513.269,MW,DE,DE_LU,actual_solar_generation,Solar,2026-06-06T16:24:29Z
2026-06-06T16:23:19Z,2026-06-06T18:23:19+0200,8d87ff8c-7229-4840-a478-c91fa6b6d43f,2026-05-13T07:45:00Z,2026-05-13T09:45:00+0200,22864.925,MW,DE,DE_LU,actual_solar_generation,Solar,2026-06-06T16:24:29Z
2026-06-06T16:23:19Z,2026-06-06T18:23:19+0200,8d87ff8c-7229-4840-a478-c91fa6b6d43f,2026-05-13T08:00:00Z,2026-05-13T10:00:00+0200,24134.899,MW,DE,DE_LU,actual_solar_generation,Solar,2026-06-06T16:24:29Z
2026-06-06T16:23:19Z,2026-06-06T18:23:19+0200,8d87ff8c-7229-4840-a478-c91fa6b6d43f,2026-05-13T08:15:00Z,2026-05-13T10:15:00+0200,25552.984,MW,DE,DE_LU,actual_solar_generation,Solar,2026-06-06T16:24:29Z
2026-06-06T16:23:19Z,2026-06-06T18:23:19+0200,8d87ff8c-7229-4840-a478-c91fa6b6d43f,2026-05-13T08:30:00Z,2026-05-13T10:30:00+0200,26865.094,MW,DE,DE_LU,actual_solar_generation,Solar,2026-06-06T16:24:29Z
2026-06-06T16:23:19Z,2026-06-06T18:23:19+0200,8d87ff8c-7229-4840-a478-c91fa6b6d43f,2026-05-13T08:45:00Z,2026-05-13T10:45:00+0200,27658.355,MW,DE,DE_LU,actual_solar_generation,Solar,2026-06-06T16:24:29Z
2026-06-06T16:23:19Z,2026-06-06T18:23:19+0200,8d87ff8c-7229-4840-a478-c91fa6b6d43f,2026-05-13T09:00:00Z,2026-05-13T11:00:00+0200,28963.675,MW,DE,DE_LU,actual_solar_generation,Solar,2026-06-06T16:24:29Z
2026-06-06T16:23:19Z,2026-06-06T18:23:19+0200,8d87ff8c-7229-4840-a478-c91fa6b6d43f,2026-05-13T09:15:00Z,2026-05-13T11:15:00+0200,29582.445,MW,DE,DE_LU,actual_solar_generation,Solar,2026-06-06T16:24:29Z
2026-06-06T16:23:19Z,2026-06-06T18:23:19+0200,8d87ff8c-7229-4840-a478-c91fa6b6d43f,2026-05-13T09:30:00Z,2026-05-13T11:30:00+0200,30165.225,MW,DE,DE_LU,actual_solar_generation,Solar,2026-06-06T16:24:29Z
2026-06-06T16:23:19Z,2026-06-06T18:23:19+0200,8d87ff8c-7229-4840-a478-c91fa6b6d43f,2026-05-13T09:45:00Z,2026-05-13T11:45:00+0200,30653.675,MW,DE,DE_LU,actual_solar_generation,Solar,2026-06-06T16:24:29Z
2026-06-06T16:23:19Z,2026-06-06T18:23:19+0200,8d87ff8c-7229-4840-a478-c91fa6b6d43f,2026-05-13T10:00:00Z,2026-05-13T12:00:00+0200,30677.892,MW,DE,DE_LU,actual_solar_generation,Solar,2026-06-06T16:24:29Z
2026-06-06T16:23:19Z,2026-06-06T18:23:19+0200,8d87ff8c-7229-4840-a478-c91fa6b6d43f,2026-05-13T10:15:00Z,2026-05-13T12:15:00+0200,30642.685,MW,DE,DE_LU,actual_solar_generation,Solar,2026-06-06T16:24:29Z
2026-06-06T16:23:19Z,2026-06-06T18:23:19+0200,8d87ff8c-7229-4840-a478-c91fa6b6d43f,2026-05-13T10:30:00Z,2026-05-13T12:30:00+0200,31080.448,MW,DE,DE_LU,actual_solar_generation,Solar,2026-06-06T16:24:29Z
2026-06-06T16:23:19Z,2026-06-06T18:23:19+0200,8d87ff8c-7229-4840-a478-c91fa6b6d43f,2026-05-13T10:45:00Z,2026-05-13T12:45:00+0200,30683.633,MW,DE,DE_LU,actual_solar_generation,Solar,2026-06-06T16:24:29Z
2026-06-06T16:23:19Z,2026-06-06T18:23:19+0200,8d87ff8c-7229-4840-a478-c91fa6b6d43f,2026-05-13T11:00:00Z,2026-05-13T13:00:00+0200,29775.901,MW,DE,DE_LU,actual_solar_generation,Solar,2026-06-06T16:24:29Z
2026-06-06T16:23:19Z,2026-06-06T18:23:19+0200,8d87ff8c-7229-4840-a478-c91fa6b6d43f,2026-05-13T11:15:00Z,2026-05-13T13:15:00+0200,29617.049,MW,DE,DE_LU,actual_solar_generation,Solar,2026-06-06T16:24:29Z
2026-06-06T16:23:19Z,2026-06-06T18:23:19+0200,8d87ff8c-7229-4840-a478-c91fa6b6d43f,2026-05-13T11:30:00Z,2026-05-13T13:30:00+0200,29531.339,MW,DE,DE_LU,actual_solar_generation,Solar,2026-06-06T16:24:29Z
2026-06-06T16:23:19Z,2026-06-06T18:23:19+0200,8d87ff8c-7229-4840-a478-c91fa6b6d43f,2026-05-13T11:45:00Z,2026-05-13T13:45:00+0200,29029.677,MW,DE,DE_LU,actual_solar_generation,Solar,2026-06-06T16:24:29Z
2026-06-06T16:23:19Z,2026-06-06T18:23:19+0200,8d87ff8c-7229-4840-a478-c91fa6b6d43f,2026-05-13T12:00:00Z,2026-05-13T14:00:00+0200,28483.575,MW,DE,DE_LU,actual_solar_generation,Solar,2026-06-06T16:24:29Z
2026-06-06T16:23:19Z,2026-06-06T18:23:19+0200,8d87ff8c-7229-4840-a478-c91fa6b6d43f,2026-05-13T12:15:00Z,2026-05-13T14:15:00+0200,28070.856,MW,DE,DE_LU,actual_solar_generation,Solar,2026-06-06T16:24:29Z
2026-06-06T16:23:19Z,2026-06-06T18:23:19+0200,8d87ff8c-7229-4840-a478-c91fa6b6d43f,2026-05-13T12:30:00Z,2026-05-13T14:30:00+0200,27434.76,MW,DE,DE_LU,actual_solar_generation,Solar,2026-06-06T16:24:29Z
2026-06-06T16:23:19Z,2026-06-06T18:23:19+0200,8d87ff8c-7229-4840-a478-c91fa6b6d43f,2026-05-13T12:45:00Z,2026-05-13T14:45:00+0200,26900.003,MW,DE,DE_LU,actual_solar_generation,Solar,2026-06-06T16:24:29Z
2026-06-06T16:23:19Z,2026-06-06T18:23:19+0200,8d87ff8c-7229-4840-a478-c91fa6b6d43f,2026-05-13T13:00:00Z,2026-05-13T15:00:00+0200,26291.123,MW,DE,DE_LU,actual_solar_generation,Solar,2026-06-06T16:24:29Z
2026-06-06T16:23:19Z,2026-06-06T18:23:19+0200,8d87ff8c-7229-4840-a478-c91fa6b6d43f,2026-05-13T13:15:00Z,2026-05-13T15:15:00+0200,25577.002,MW,DE,DE_LU,actual_solar_generation,Solar,2026-06-06T16:24:29Z
2026-06-06T16:23:19Z,2026-06-06T18:23:19+0200,8d87ff8c-7229-4840-a478-c91fa6b6d43f,2026-05-13T13:30:00Z,2026-05-13T15:30:00+0200,24971.914,MW,DE,DE_LU,actual_solar_generation,Solar,2026-06-06T16:24:29Z
2026-06-06T16:23:19Z,2026-06-06T18:23:19+0200,8d87ff8c-7229-4840-a478-c91fa6b6d43f,2026-05-13T13:45:00Z,2026-05-13T15:45:00+0200,24073.031,MW,DE,DE_LU,actual_solar_generation,Solar,2026-06-06T16:24:29Z
2026-06-06T16:23:19Z,2026-06-06T18:23:19+0200,8d87ff8c-7229-4840-a478-c91fa6b6d43f,2026-05-13T14:00:00Z,2026-05-13T16:00:00+0200,23007.699,MW,DE,DE_LU,actual_solar_generation,Solar,2026-06-06T16:24:29Z
2026-06-06T16:23:19Z,2026-06-06T18:23:19+0200,8d87ff8c-7229-4840-a478-c91fa6b6d43f,2026-05-13T14:15:00Z,2026-05-13T16:15:00+0200,21692.544,MW,DE,DE_LU,actual_solar_generation,Solar,2026-06-06T16:24:29Z
2026-06-06T16:23:19Z,2026-06-06T18:23:19+0200,8d87ff8c-7229-4840-a478-c91fa6b6d43f,2026-05-13T14:30:00Z,2026-05-13T16:30:00+0200,20452.286,MW,DE,DE_LU,actual_solar_generation,Solar,2026-06-06T16:24:29Z
2026-06-06T16:23:19Z,2026-06-06T18:23:19+0200,8d87ff8c-7229-4840-a478-c91fa6b6d43f,2026-05-13T14:45:00Z,2026-05-13T16:45:00+0200,19385.8,MW,DE,DE_LU,actual_solar_generation,Solar,2026-06-06T16:24:29Z
2026-06-06T16:23:19Z,2026-06-06T18:23:19+0200,8d87ff8c-7229-4840-a478-c91fa6b6d43f,2026-05-13T15:00:00Z,2026-05-13T17:00:00+0200,18599.672,MW,DE,DE_LU,actual_solar_generation,Solar,2026-06-06T16:24:29Z
2026-06-06T16:23:19Z,2026-06-06T18:23:19+0200,8d87ff8c-7229-4840-a478-c91fa6b6d43f,2026-05-13T15:15:00Z,2026-05-13T17:15:00+0200,17144.969,MW,DE,DE_LU,actual_solar_generation,Solar,2026-06-06T16:24:29Z
2026-06-06T16:23:19Z,2026-06-06T18:23:19+0200,8d87ff8c-7229-4840-a478-c91fa6b6d43f,2026-05-13T15:30:00Z,2026-05-13T17:30:00+0200,15839.012,MW,DE,DE_LU,actual_solar_generation,Solar,2026-06-06T16:24:29Z
2026-06-06T16:23:19Z,2026-06-06T18:23:19+0200,8d87ff8c-7229-4840-a478-c91fa6b6d43f,2026-05-13T15:45:00Z,2026-05-13T17:45:00+0200,13873.35,MW,DE,DE_LU,actual_solar_generation,Solar,2026-06-06T16:24:29Z
2026-06-06T16:23:19Z,2026-06-06T18:23:19+0200,8d87ff8c-7229-4840-a478-c91fa6b6d43f,2026-05-13T16:00:00Z,2026-05-13T18:00:00+0200,12118.266,MW,DE,DE_LU,actual_solar_generation,Solar,2026-06-06T16:24:29Z
2026-06-06T16:23:19Z,2026-06-06T18:23:19+0200,8d87ff8c-7229-4840-a478-c91fa6b6d43f,2026-05-13T16:15:00Z,2026-05-13T18:15:00+0200,10515.946,MW,DE,DE_LU,actual_solar_generation,Solar,2026-06-06T16:24:29Z
2026-06-06T16:23:19Z,2026-06-06T18:23:19+0200,8d87ff8c-7229-4840-a478-c91fa6b6d43f,2026-05-13T16:30:00Z,2026-05-13T18:30:00+0200,8706.866,MW,DE,DE_LU,actual_solar_generation,Solar,2026-06-06T16:24:29Z
2026-06-06T16:23:19Z,2026-06-06T18:23:19+0200,8d87ff8c-7229-4840-a478-c91fa6b6d43f,2026-05-13T16:45:00Z,2026-05-13T18:45:00+0200,6986.783,MW,DE,DE_LU,actual_solar_generation,Solar,2026-06-06T16:24:29Z
2026-06-06T16:23:19Z,2026-06-06T18:23:19+0200,8d87ff8c-7229-4840-a478-c91fa6b6d43f,2026-05-13T17:00:00Z,2026-05-13T19:00:00+0200,5533.1,MW,DE,DE_LU,actual_solar_generation,Solar,2026-06-06T16:24:29Z
2026-06-06T16:23:19Z,2026-06-06T18:23:19+0200,8d87ff8c-7229-4840-a478-c91fa6b6d43f,2026-05-13T17:15:00Z,2026-05-13T19:15:00+0200,4228.732,MW,DE,DE_LU,actual_solar_generation,Solar,2026-06-06T16:24:29Z
2026-06-06T16:23:19Z,2026-06-06T18:23:19+0200,8d87ff8c-7229-4840-a478-c91fa6b6d43f,2026-05-13T17:30:00Z,2026-05-13T19:30:00+0200,3102.8,MW,DE,DE_LU,actual_solar_generation,Solar,2026-06-06T16:24:29Z
2026-06-06T16:23:19Z,2026-06-06T18:23:19+0200,8d87ff8c-7229-4840-a478-c91fa6b6d43f,2026-05-13T17:45:00Z,2026-05-13T19:45:00+0200,2141.201,MW,DE,DE_LU,actual_solar_generation,Solar,2026-06-06T16:24:29Z
2026-06-06T16:23:19Z,2026-06-06T18:23:19+0200,8d87ff8c-7229-4840-a478-c91fa6b6d43f,2026-05-13T18:00:00Z,2026-05-13T20:00:00+0200,1334.362,MW,DE,DE_LU,actual_solar_generation,Solar,2026-06-06T16:24:29Z
2026-06-06T16:23:19Z,2026-06-06T18:23:19+0200,8d87ff8c-7229-4840-a478-c91fa6b6d43f,2026-05-13T18:15:00Z,2026-05-13T20:15:00+0200,718.12,MW,DE,DE_LU,actual_solar_generation,Solar,2026-06-06T16:24:29Z
2026-06-06T16:23:19Z,2026-06-06T18:23:19+0200,8d87ff8c-7229-4840-a478-c91fa6b6d43f,2026-05-13T18:30:00Z,2026-05-13T20:30:00+0200,303.195,MW,DE,DE_LU,actual_solar_generation,Solar,2026-06-06T16:24:29Z
2026-06-06T16:23:19Z,2026-06-06T18:23:19+0200,8d87ff8c-7229-4840-a478-c91fa6b6d43f,2026-05-13T18:45:00Z,2026-05-13T20:45:00+0200,112.118,MW,DE,DE_LU,actual_solar_generation,Solar,2026-06-06T16:24:29Z
2026-06-06T16:23:19Z,2026-06-06T18:23:19+0200,8d87ff8c-7229-4840-a478-c91fa6b6d43f,2026-05-13T19:00:00Z,2026-05-13T21:00:00+0200,34.45,MW,DE,DE_LU,actual_solar_generation,Solar,2026-06-06T16:24:29Z
2026-06-06T16:23:19Z,2026-06-06T18:23:19+0200,8d87ff8c-7229-4840-a478-c91fa6b6d43f,2026-05-13T19:15:00Z,2026-05-13T21:15:00+0200,7.198,MW,DE,DE_LU,actual_solar_generation,Solar,2026-06-06T16:24:29Z
2026-06-06T16:23:19Z,2026-06-06T18:23:19+0200,8d87ff8c-7229-4840-a478-c91fa6b6d43f,2026-05-13T19:30:00Z,2026-05-13T21:30:00+0200,1.343,MW,DE,DE_LU,actual_solar_generation,Solar,2026-06-06T16:24:29Z
2026-06-06T16:23:19Z,2026-06-06T18:23:19+0200,8d87ff8c-7229-4840-a478-c91fa6b6d43f,2026-05-13T19:45:00Z,2026-05-13T21:45:00+0200,0.197,MW,DE,DE_LU,actual_solar_generation,Solar,2026-06-06T16:24:29Z
2026-06-06T16:23:19Z,2026-06-06T18:23:19+0200,8d87ff8c-7229-4840-a478-c91fa6b6d43f,2026-05-13T20:00:00Z,2026-05-13T22:00:00+0200,0.183,MW,DE,DE_LU,actual_solar_generation,Solar,2026-06-06T16:24:29Z
2026-06-06T16:23:19Z,2026-06-06T18:23:19+0200,8d87ff8c-7229-4840-a478-c91fa6b6d43f,2026-05-13T20:15:00Z,2026-05-13T22:15:00+0200,0.171,MW,DE,DE_LU,actual_solar_generation,Solar,2026-06-06T16:24:29Z
2026-06-06T16:23:19Z,2026-06-06T18:23:19+0200,8d87ff8c-7229-4840-a478-c91fa6b6d43f,2026-05-13T20:30:00Z,2026-05-13T22:30:00+0200,0.151,MW,DE,DE_LU,actual_solar_generation,Solar,2026-06-06T16:24:29Z
2026-06-06T16:23:19Z,2026-06-06T18:23:19+0200,8d87ff8c-7229-4840-a478-c91fa6b6d43f,2026-05-13T20:45:00Z,2026-05-13T22:45:00+0200,0.152,MW,DE,DE_LU,actual_solar_generation,Solar,2026-06-06T16:24:29Z
2026-06-06T16:23:19Z,2026-06-06T18:23:19+0200,8d87ff8c-7229-4840-a478-c91fa6b6d43f,2026-05-13T21:00:00Z,2026-05-13T23:00:00+0200,0.14,MW,DE,DE_LU,actual_solar_generation,Solar,2026-06-06T16:24:29Z
2026-06-06T16:23:19Z,2026-06-06T18:23:19+0200,8d87ff8c-7229-4840-a478-c91fa6b6d43f,2026-05-13T21:15:00Z,2026-05-13T23:15:00+0200,0.153,MW,DE,DE_LU,actual_solar_generation,Solar,2026-06-06T16:24:29Z
2026-06-06T16:23:19Z,2026-06-06T18:23:19+0200,8d87ff8c-7229-4840-a478-c91fa6b6d43f,2026-05-13T21:30:00Z,2026-05-13T23:30:00+0200,0.137,MW,DE,DE_LU,actual_solar_generation,Solar,2026-06-06T16:24:29Z
2026-06-06T16:23:19Z,2026-06-06T18:23:19+0200,8d87ff8c-7229-4840-a478-c91fa6b6d43f,2026-05-13T21:45:00Z,2026-05-13T23:45:00+0200,0.13,MW,DE,DE_LU,actual_solar_generation,Solar,2026-06-06T16:24:29Z
2026-06-06T16:23:19Z,2026-06-06T18:23:19+0200,8d87ff8c-7229-4840-a478-c91fa6b6d43f,2026-05-13T22:00:00Z,2026-05-14T00:00:00+0200,0.13,MW,DE,DE_LU,actual_solar_generation,Solar,2026-06-06T16:24:29Z
2026-06-06T16:23:19Z,2026-06-06T18:23:19+0200,8d87ff8c-7229-4840-a478-c91fa6b6d43f,2026-05-13T22:15:00Z,2026-05-14T00:15:00+0200,0.119,MW,DE,DE_LU,actual_solar_generation,Solar,2026-06-06T16:24:29Z
2026-06-06T16:23:19Z,2026-06-06T18:23:19+0200,8d87ff8c-7229-4840-a478-c91fa6b6d43f,2026-05-13T22:30:00Z,2026-05-14T00:30:00+0200,0.088,MW,DE,DE_LU,actual_solar_generation,Solar,2026-06-06T16:24:29Z
2026-06-06T16:23:19Z,2026-06-06T18:23:19+0200,8d87ff8c-7229-4840-a478-c91fa6b6d43f,2026-05-13T22:45:00Z,2026-05-14T00:45:00+0200,0.087,MW,DE,DE_LU,actual_solar_generation,Solar,2026-06-06T16:24:29Z
2026-06-06T16:23:19Z,2026-06-06T18:23:19+0200,8d87ff8c-7229-4840-a478-c91fa6b6d43f,2026-05-13T23:00:00Z,2026-05-14T01:00:00+0200,0.094,MW,DE,DE_LU,actual_solar_generation,Solar,2026-06-06T16:24:29Z
2026-06-06T16:23:19Z,2026-06-06T18:23:19+0200,8d87ff8c-7229-4840-a478-c91fa6b6d43f,2026-05-13T23:15:00Z,2026-05-14T01:15:00+0200,0.087,MW,DE,DE_LU,actual_solar_generation,Solar,2026-06-06T16:24:29Z
2026-06-06T16:23:19Z,2026-06-06T18:23:19+0200,8d87ff8c-7229-4840-a478-c91fa6b6d43f,2026-05-13T23:30:00Z,2026-05-14T01:30:00+0200,0.087,MW,DE,DE_LU,actual_solar_generation,Solar,2026-06-06T16:24:29Z
2026-06-06T16:23:19Z,2026-06-06T18:23:19+0200,8d87ff8c-7229-4840-a478-c91fa6b6d43f,2026-05-13T23:45:00Z,2026-05-14T01:45:00+0200,0.08,MW,DE,DE_LU,actual_solar_generation,Solar,2026-06-06T16:24:29Z
2026-06-06T16:23:19Z,2026-06-06T18:23:19+0200,8d87ff8c-7229-4840-a478-c91fa6b6d43f,2026-05-14T00:00:00Z,2026-05-14T02:00:00+0200,0.095,MW,DE,DE_LU,actual_solar_generation,Solar,2026-06-06T16:24:29Z
2026-06-06T16:23:19Z,2026-06-06T18:23:19+0200,8d87ff8c-7229-4840-a478-c91fa6b6d43f,2026-05-14T00:15:00Z,2026-05-14T02:15:00+0200,0.081,MW,DE,DE_LU,actual_solar_generation,Solar,2026-06-06T16:24:29Z
2026-06-06T16:23:19Z,2026-06-06T18:23:19+0200,8d87ff8c-7229-4840-a478-c91fa6b6d43f,2026-05-14T00:30:00Z,2026-05-14T02:30:00+0200,0.067,MW,DE,DE_LU,actual_solar_generation,Solar,2026-06-06T16:24:29Z
2026-06-06T16:23:19Z,2026-06-06T18:23:19+0200,8d87ff8c-7229-4840-a478-c91fa6b6d43f,2026-05-14T00:45:00Z,2026-05-14T02:45:00+0200,0.062,MW,DE,DE_LU,actual_solar_generation,Solar,2026-06-06T16:24:29Z
2026-06-06T16:23:19Z,2026-06-06T18:23:19+0200,8d87ff8c-7229-4840-a478-c91fa6b6d43f,2026-05-14T01:00:00Z,2026-05-14T03:00:00+0200,0.064,MW,DE,DE_LU,actual_solar_generation,Solar,2026-06-06T16:24:29Z
2026-06-06T16:23:19Z,2026-06-06T18:23:19+0200,8d87ff8c-7229-4840-a478-c91fa6b6d43f,2026-05-14T01:15:00Z,2026-05-14T03:15:00+0200,0.06,MW,DE,DE_LU,actual_solar_generation,Solar,2026-06-06T16:24:29Z
2026-06-06T16:23:19Z,2026-06-06T18:23:19+0200,8d87ff8c-7229-4840-a478-c91fa6b6d43f,2026-05-14T01:30:00Z,2026-05-14T03:30:00+0200,0.055,MW,DE,DE_LU,actual_solar_generation,Solar,2026-06-06T16:24:29Z
2026-06-06T16:23:19Z,2026-06-06T18:23:19+0200,8d87ff8c-7229-4840-a478-c91fa6b6d43f,2026-05-14T01:45:00Z,2026-05-14T03:45:00+0200,0.066,MW,DE,DE_LU,actual_solar_generation,Solar,2026-06-06T16:24:29Z
2026-06-06T16:23:19Z,2026-06-06T18:23:19+0200,8d87ff8c-7229-4840-a478-c91fa6b6d43f,2026-05-14T02:00:00Z,2026-05-14T04:00:00+0200,0.063,MW,DE,DE_LU,actual_solar_generation,Solar,2026-06-06T16:24:29Z
2026-06-06T16:23:19Z,2026-06-06T18:23:19+0200,8d87ff8c-7229-4840-a478-c91fa6b6d43f,2026-05-14T02:15:00Z,2026-05-14T04:15:00+0200,0.064,MW,DE,DE_LU,actual_solar_generation,Solar,2026-06-06T16:24:29Z
2026-06-06T16:23:19Z,2026-06-06T18:23:19+0200,8d87ff8c-7229-4840-a478-c91fa6b6d43f,2026-05-14T02:30:00Z,2026-05-14T04:30:00+0200,0.06,MW,DE,DE_LU,actual_solar_generation,Solar,2026-06-06T16:24:29Z
2026-06-06T16:23:19Z,2026-06-06T18:23:19+0200,8d87ff8c-7229-4840-a478-c91fa6b6d43f,2026-05-14T02:45:00Z,2026-05-14T04:45:00+0200,0.449,MW,DE,DE_LU,actual_solar_generation,Solar,2026-06-06T16:24:29Z
2026-06-06T16:23:19Z,2026-06-06T18:23:19+0200,8d87ff8c-7229-4840-a478-c91fa6b6d43f,2026-05-14T03:00:00Z,2026-05-14T05:00:00+0200,2.406,MW,DE,DE_LU,actual_solar_generation,Solar,2026-06-06T16:24:29Z
2026-06-06T16:23:19Z,2026-06-06T18:23:19+0200,8d87ff8c-7229-4840-a478-c91fa6b6d43f,2026-05-14T03:15:00Z,2026-05-14T05:15:00+0200,20.72,MW,DE,DE_LU,actual_solar_generation,Solar,2026-06-06T16:24:29Z
2026-06-06T16:23:19Z,2026-06-06T18:23:19+0200,8d87ff8c-7229-4840-a478-c91fa6b6d43f,2026-05-14T03:30:00Z,2026-05-14T05:30:00+0200,110.554,MW,DE,DE_LU,actual_solar_generation,Solar,2026-06-06T16:24:29Z
2026-06-06T16:23:19Z,2026-06-06T18:23:19+0200,8d87ff8c-7229-4840-a478-c91fa6b6d43f,2026-05-14T03:45:00Z,2026-05-14T05:45:00+0200,334.675,MW,DE,DE_LU,actual_solar_generation,Solar,2026-06-06T16:24:29Z
2026-06-06T16:23:19Z,2026-06-06T18:23:19+0200,8d87ff8c-7229-4840-a478-c91fa6b6d43f,2026-05-14T04:00:00Z,2026-05-14T06:00:00+0200,818.089,MW,DE,DE_LU,actual_solar_generation,Solar,2026-06-06T16:24:29Z
2026-06-06T16:23:19Z,2026-06-06T18:23:19+0200,8d87ff8c-7229-4840-a478-c91fa6b6d43f,2026-05-14T04:15:00Z,2026-05-14T06:15:00+0200,1491.995,MW,DE,DE_LU,actual_solar_generation,Solar,2026-06-06T16:24:29Z
2026-06-06T16:23:19Z,2026-06-06T18:23:19+0200,8d87ff8c-7229-4840-a478-c91fa6b6d43f,2026-05-14T04:30:00Z,2026-05-14T06:30:00+0200,2368.379,MW,DE,DE_LU,actual_solar_generation,Solar,2026-06-06T16:24:29Z
2026-06-06T16:23:19Z,2026-06-06T18:23:19+0200,8d87ff8c-7229-4840-a478-c91fa6b6d43f,2026-05-14T04:45:00Z,2026-05-14T06:45:00+0200,3381.635,MW,DE,DE_LU,actual_solar_generation,Solar,2026-06-06T16:24:29Z
2026-06-06T16:23:19Z,2026-06-06T18:23:19+0200,8d87ff8c-7229-4840-a478-c91fa6b6d43f,2026-05-14T05:00:00Z,2026-05-14T07:00:00+0200,4607.086,MW,DE,DE_LU,actual_solar_generation,Solar,2026-06-06T16:24:29Z
2026-06-06T16:23:19Z,2026-06-06T18:23:19+0200,8d87ff8c-7229-4840-a478-c91fa6b6d43f,2026-05-14T05:15:00Z,2026-05-14T07:15:00+0200,6019.394,MW,DE,DE_LU,actual_solar_generation,Solar,2026-06-06T16:24:29Z
2026-06-06T16:23:19Z,2026-06-06T18:23:19+0200,8d87ff8c-7229-4840-a478-c91fa6b6d43f,2026-05-14T05:30:00Z,2026-05-14T07:30:00+0200,7471.944,MW,DE,DE_LU,actual_solar_generation,Solar,2026-06-06T16:24:29Z
2026-06-06T16:23:19Z,2026-06-06T18:23:19+0200,8d87ff8c-7229-4840-a478-c91fa6b6d43f,2026-05-14T05:45:00Z,2026-05-14T07:45:00+0200,9029.624,MW,DE,DE_LU,actual_solar_generation,Solar,2026-06-06T16:24:29Z
2026-06-06T16:23:19Z,2026-06-06T18:23:19+0200,8d87ff8c-7229-4840-a478-c91fa6b6d43f,2026-05-14T06:00:00Z,2026-05-14T08:00:00+0200,10634.686,MW,DE,DE_LU,actual_solar_generation,Solar,2026-06-06T16:24:29Z
2026-06-06T16:23:19Z,2026-06-06T18:23:19+0200,8d87ff8c-7229-4840-a478-c91fa6b6d43f,2026-05-14T06:15:00Z,2026-05-14T08:15:00+0200,12134.432,MW,DE,DE_LU,actual_solar_generation,Solar,2026-06-06T16:24:29Z
2026-06-06T16:23:19Z,2026-06-06T18:23:19+0200,8d87ff8c-7229-4840-a478-c91fa6b6d43f,2026-05-14T06:30:00Z,2026-05-14T08:30:00+0200,13840.561,MW,DE,DE_LU,actual_solar_generation,Solar,2026-06-06T16:24:29Z
2026-06-06T16:23:19Z,2026-06-06T18:23:19+0200,8d87ff8c-7229-4840-a478-c91fa6b6d43f,2026-05-14T06:45:00Z,2026-05-14T08:45:00+0200,15443.659,MW,DE,DE_LU,actual_solar_generation,Solar,2026-06-06T16:24:29Z
2026-06-06T16:23:19Z,2026-06-06T18:23:19+0200,8d87ff8c-7229-4840-a478-c91fa6b6d43f,2026-05-14T07:00:00Z,2026-05-14T09:00:00+0200,17093.432,MW,DE,DE_LU,actual_solar_generation,Solar,2026-06-06T16:24:29Z
2026-06-06T16:23:19Z,2026-06-06T18:23:19+0200,8d87ff8c-7229-4840-a478-c91fa6b6d43f,2026-05-14T07:15:00Z,2026-05-14T09:15:00+0200,18717.641,MW,DE,DE_LU,actual_solar_generation,Solar,2026-06-06T16:24:29Z
2026-06-06T16:23:19Z,2026-06-06T18:23:19+0200,8d87ff8c-7229-4840-a478-c91fa6b6d43f,2026-05-14T07:30:00Z,2026-05-14T09:30:00+0200,20176.812,MW,DE,DE_LU,actual_solar_generation,Solar,2026-06-06T16:24:29Z
2026-06-06T16:23:19Z,2026-06-06T18:23:19+0200,8d87ff8c-7229-4840-a478-c91fa6b6d43f,2026-05-14T07:45:00Z,2026-05-14T09:45:00+0200,22014.201,MW,DE,DE_LU,actual_solar_generation,Solar,2026-06-06T16:24:29Z
2026-06-06T16:23:19Z,2026-06-06T18:23:19+0200,8d87ff8c-7229-4840-a478-c91fa6b6d43f,2026-05-14T08:00:00Z,2026-05-14T10:00:00+0200,24000.358,MW,DE,DE_LU,actual_solar_generation,Solar,2026-06-06T16:24:29Z
2026-06-06T16:23:19Z,2026-06-06T18:23:19+0200,8d87ff8c-7229-4840-a478-c91fa6b6d43f,2026-05-14T08:15:00Z,2026-05-14T10:15:00+0200,25677.164,MW,DE,DE_LU,actual_solar_generation,Solar,2026-06-06T16:24:29Z
2026-06-06T16:23:19Z,2026-06-06T18:23:19+0200,8d87ff8c-7229-4840-a478-c91fa6b6d43f,2026-05-14T08:30:00Z,2026-05-14T10:30:00+0200,27223.5,MW,DE,DE_LU,actual_solar_generation,Solar,2026-06-06T16:24:29Z
2026-06-06T16:23:19Z,2026-06-06T18:23:19+0200,8d87ff8c-7229-4840-a478-c91fa6b6d43f,2026-05-14T08:45:00Z,2026-05-14T10:45:00+0200,28565.26,MW,DE,DE_LU,actual_solar_generation,Solar,2026-06-06T16:24:29Z
2026-06-06T16:23:19Z,2026-06-06T18:23:19+0200,8d87ff8c-7229-4840-a478-c91fa6b6d43f,2026-05-14T09:00:00Z,2026-05-14T11:00:00+0200,29521.352,MW,DE,DE_LU,actual_solar_generation,Solar,2026-06-06T16:24:29Z
2026-06-06T16:23:19Z,2026-06-06T18:23:19+0200,8d87ff8c-7229-4840-a478-c91fa6b6d43f,2026-05-14T09:15:00Z,2026-05-14T11:15:00+0200,30940.762,MW,DE,DE_LU,actual_solar_generation,Solar,2026-06-06T16:24:29Z
2026-06-06T16:23:19Z,2026-06-06T18:23:19+0200,8d87ff8c-7229-4840-a478-c91fa6b6d43f,2026-05-14T09:30:00Z,2026-05-14T11:30:00+0200,31920.354,MW,DE,DE_LU,actual_solar_generation,Solar,2026-06-06T16:24:29Z
2026-06-06T16:23:19Z,2026-06-06T18:23:19+0200,8d87ff8c-7229-4840-a478-c91fa6b6d43f,2026-05-14T09:45:00Z,2026-05-14T11:45:00+0200,33112.628,MW,DE,DE_LU,actual_solar_generation,Solar,2026-06-06T16:24:29Z
2026-06-06T16:23:19Z,2026-06-06T18:23:19+0200,8d87ff8c-7229-4840-a478-c91fa6b6d43f,2026-05-14T10:00:00Z,2026-05-14T12:00:00+0200,34610.773,MW,DE,DE_LU,actual_solar_generation,Solar,2026-06-06T16:24:29Z
2026-06-06T16:23:19Z,2026-06-06T18:23:19+0200,8d87ff8c-7229-4840-a478-c91fa6b6d43f,2026-05-14T10:15:00Z,2026-05-14T12:15:00+0200,35075.77,MW,DE,DE_LU,actual_solar_generation,Solar,2026-06-06T16:24:29Z
2026-06-06T16:23:19Z,2026-06-06T18:23:19+0200,8d87ff8c-7229-4840-a478-c91fa6b6d43f,2026-05-14T10:30:00Z,2026-05-14T12:30:00+0200,35420.866,MW,DE,DE_LU,actual_solar_generation,Solar,2026-06-06T16:24:29Z
2026-06-06T16:23:19Z,2026-06-06T18:23:19+0200,8d87ff8c-7229-4840-a478-c91fa6b6d43f,2026-05-14T10:45:00Z,2026-05-14T12:45:00+0200,35596.196,MW,DE,DE_LU,actual_solar_generation,Solar,2026-06-06T16:24:29Z
2026-06-06T16:23:19Z,2026-06-06T18:23:19+0200,8d87ff8c-7229-4840-a478-c91fa6b6d43f,2026-05-14T11:00:00Z,2026-05-14T13:00:00+0200,35668.822,MW,DE,DE_LU,actual_solar_generation,Solar,2026-06-06T16:24:29Z
2026-06-06T16:23:19Z,2026-06-06T18:23:19+0200,8d87ff8c-7229-4840-a478-c91fa6b6d43f,2026-05-14T11:15:00Z,2026-05-14T13:15:00+0200,35447.144,MW,DE,DE_LU,actual_solar_generation,Solar,2026-06-06T16:24:29Z
2026-06-06T16:23:19Z,2026-06-06T18:23:19+0200,8d87ff8c-7229-4840-a478-c91fa6b6d43f,2026-05-14T11:30:00Z,2026-05-14T13:30:00+0200,34870.603,MW,DE,DE_LU,actual_solar_generation,Solar,2026-06-06T16:24:29Z
2026-06-06T16:23:19Z,2026-06-06T18:23:19+0200,8d87ff8c-7229-4840-a478-c91fa6b6d43f,2026-05-14T11:45:00Z,2026-05-14T13:45:00+0200,34759.717,MW,DE,DE_LU,actual_solar_generation,Solar,2026-06-06T16:24:29Z
2026-06-06T16:23:19Z,2026-06-06T18:23:19+0200,8d87ff8c-7229-4840-a478-c91fa6b6d43f,2026-05-14T12:00:00Z,2026-05-14T14:00:00+0200,34566.234,MW,DE,DE_LU,actual_solar_generation,Solar,2026-06-06T16:24:29Z
2026-06-06T16:23:19Z,2026-06-06T18:23:19+0200,8d87ff8c-7229-4840-a478-c91fa6b6d43f,2026-05-14T12:15:00Z,2026-05-14T14:15:00+0200,33291.415,MW,DE,DE_LU,actual_solar_generation,Solar,2026-06-06T16:24:29Z
2026-06-06T16:23:19Z,2026-06-06T18:23:19+0200,8d87ff8c-7229-4840-a478-c91fa6b6d43f,2026-05-14T12:30:00Z,2026-05-14T14:30:00+0200,33211.299,MW,DE,DE_LU,actual_solar_generation,Solar,2026-06-06T16:24:29Z
2026-06-06T16:23:19Z,2026-06-06T18:23:19+0200,8d87ff8c-7229-4840-a478-c91fa6b6d43f,2026-05-14T12:45:00Z,2026-05-14T14:45:00+0200,33154.951,MW,DE,DE_LU,actual_solar_generation,Solar,2026-06-06T16:24:29Z
2026-06-06T16:23:19Z,2026-06-06T18:23:19+0200,8d87ff8c-7229-4840-a478-c91fa6b6d43f,2026-05-14T13:00:00Z,2026-05-14T15:00:00+0200,32477.205,MW,DE,DE_LU,actual_solar_generation,Solar,2026-06-06T16:24:29Z
2026-06-06T16:23:19Z,2026-06-06T18:23:19+0200,8d87ff8c-7229-4840-a478-c91fa6b6d43f,2026-05-14T13:15:00Z,2026-05-14T15:15:00+0200,31500.135,MW,DE,DE_LU,actual_solar_generation,Solar,2026-06-06T16:24:29Z
2026-06-06T16:23:19Z,2026-06-06T18:23:19+0200,8d87ff8c-7229-4840-a478-c91fa6b6d43f,2026-05-14T13:30:00Z,2026-05-14T15:30:00+0200,30243.886,MW,DE,DE_LU,actual_solar_generation,Solar,2026-06-06T16:24:29Z
2026-06-06T16:23:19Z,2026-06-06T18:23:19+0200,8d87ff8c-7229-4840-a478-c91fa6b6d43f,2026-05-14T13:45:00Z,2026-05-14T15:45:00+0200,28925.073,MW,DE,DE_LU,actual_solar_generation,Solar,2026-06-06T16:24:29Z
2026-06-06T16:23:19Z,2026-06-06T18:23:19+0200,8d87ff8c-7229-4840-a478-c91fa6b6d43f,2026-05-14T14:00:00Z,2026-05-14T16:00:00+0200,27564.851,MW,DE,DE_LU,actual_solar_generation,Solar,2026-06-06T16:24:29Z
2026-06-06T16:23:19Z,2026-06-06T18:23:19+0200,8d87ff8c-7229-4840-a478-c91fa6b6d43f,2026-05-14T14:15:00Z,2026-05-14T16:15:00+0200,25916.452,MW,DE,DE_LU,actual_solar_generation,Solar,2026-06-06T16:24:29Z
2026-06-06T16:23:19Z,2026-06-06T18:23:19+0200,8d87ff8c-7229-4840-a478-c91fa6b6d43f,2026-05-14T14:30:00Z,2026-05-14T16:30:00+0200,24089.283,MW,DE,DE_LU,actual_solar_generation,Solar,2026-06-06T16:24:29Z
2026-06-06T16:23:19Z,2026-06-06T18:23:19+0200,8d87ff8c-7229-4840-a478-c91fa6b6d43f,2026-05-14T14:45:00Z,2026-05-14T16:45:00+0200,22458.333,MW,DE,DE_LU,actual_solar_generation,Solar,2026-06-06T16:24:29Z
2026-06-06T16:23:19Z,2026-06-06T18:23:19+0200,8d87ff8c-7229-4840-a478-c91fa6b6d43f,2026-05-14T15:00:00Z,2026-05-14T17:00:00+0200,20742.703,MW,DE,DE_LU,actual_solar_generation,Solar,2026-06-06T16:24:29Z
2026-06-06T16:23:19Z,2026-06-06T18:23:19+0200,8d87ff8c-7229-4840-a478-c91fa6b6d43f,2026-05-14T15:15:00Z,2026-05-14T17:15:00+0200,19039.709,MW,DE,DE_LU,actual_solar_generation,Solar,2026-06-06T16:24:29Z
2026-06-06T16:23:19Z,2026-06-06T18:23:19+0200,8d87ff8c-7229-4840-a478-c91fa6b6d43f,2026-05-14T15:30:00Z,2026-05-14T17:30:00+0200,17212.767,MW,DE,DE_LU,actual_solar_generation,Solar,2026-06-06T16:24:29Z
2026-06-06T16:23:19Z,2026-06-06T18:23:19+0200,8d87ff8c-7229-4840-a478-c91fa6b6d43f,2026-05-14T15:45:00Z,2026-05-14T17:45:00+0200,15385.494,MW,DE,DE_LU,actual_solar_generation,Solar,2026-06-06T16:24:29Z
2026-06-06T16:23:19Z,2026-06-06T18:23:19+0200,8d87ff8c-7229-4840-a478-c91fa6b6d43f,2026-05-14T16:00:00Z,2026-05-14T18:00:00+0200,13698.77,MW,DE,DE_LU,actual_solar_generation,Solar,2026-06-06T16:24:29Z
2026-06-06T16:23:19Z,2026-06-06T18:23:19+0200,8d87ff8c-7229-4840-a478-c91fa6b6d43f,2026-05-14T16:15:00Z,2026-05-14T18:15:00+0200,12116.03,MW,DE,DE_LU,actual_solar_generation,Solar,2026-06-06T16:24:29Z
2026-06-06T16:23:19Z,2026-06-06T18:23:19+0200,8d87ff8c-7229-4840-a478-c91fa6b6d43f,2026-05-14T16:30:00Z,2026-05-14T18:30:00+0200,10524.918,MW,DE,DE_LU,actual_solar_generation,Solar,2026-06-06T16:24:29Z
2026-06-06T16:23:19Z,2026-06-06T18:23:19+0200,8d87ff8c-7229-4840-a478-c91fa6b6d43f,2026-05-14T16:45:00Z,2026-05-14T18:45:00+0200,8833.642,MW,DE,DE_LU,actual_solar_generation,Solar,2026-06-06T16:24:29Z
2026-06-06T16:23:19Z,2026-06-06T18:23:19+0200,8d87ff8c-7229-4840-a478-c91fa6b6d43f,2026-05-14T17:00:00Z,2026-05-14T19:00:00+0200,7326.554,MW,DE,DE_LU,actual_solar_generation,Solar,2026-06-06T16:24:29Z
2026-06-06T16:23:19Z,2026-06-06T18:23:19+0200,8d87ff8c-7229-4840-a478-c91fa6b6d43f,2026-05-14T17:15:00Z,2026-05-14T19:15:00+0200,5756.264,MW,DE,DE_LU,actual_solar_generation,Solar,2026-06-06T16:24:29Z
2026-06-06T16:23:19Z,2026-06-06T18:23:19+0200,8d87ff8c-7229-4840-a478-c91fa6b6d43f,2026-05-14T17:30:00Z,2026-05-14T19:30:00+0200,4336.066,MW,DE,DE_LU,actual_solar_generation,Solar,2026-06-06T16:24:29Z
2026-06-06T16:23:19Z,2026-06-06T18:23:19+0200,8d87ff8c-7229-4840-a478-c91fa6b6d43f,2026-05-14T17:45:00Z,2026-05-14T19:45:00+0200,3110.612,MW,DE,DE_LU,actual_solar_generation,Solar,2026-06-06T16:24:29Z
2026-06-06T16:23:19Z,2026-06-06T18:23:19+0200,8d87ff8c-7229-4840-a478-c91fa6b6d43f,2026-05-14T18:00:00Z,2026-05-14T20:00:00+0200,2114.073,MW,DE,DE_LU,actual_solar_generation,Solar,2026-06-06T16:24:29Z
2026-06-06T16:23:19Z,2026-06-06T18:23:19+0200,8d87ff8c-7229-4840-a478-c91fa6b6d43f,2026-05-14T18:15:00Z,2026-05-14T20:15:00+0200,1235.39,MW,DE,DE_LU,actual_solar_generation,Solar,2026-06-06T16:24:29Z
2026-06-06T16:23:19Z,2026-06-06T18:23:19+0200,8d87ff8c-7229-4840-a478-c91fa6b6d43f,2026-05-14T18:30:00Z,2026-05-14T20:30:00+0200,561.518,MW,DE,DE_LU,actual_solar_generation,Solar,2026-06-06T16:24:29Z
2026-06-06T16:23:19Z,2026-06-06T18:23:19+0200,8d87ff8c-7229-4840-a478-c91fa6b6d43f,2026-05-14T18:45:00Z,2026-05-14T20:45:00+0200,177.925,MW,DE,DE_LU,actual_solar_generation,Solar,2026-06-06T16:24:29Z
2026-06-06T16:23:19Z,2026-06-06T18:23:19+0200,8d87ff8c-7229-4840-a478-c91fa6b6d43f,2026-05-14T19:00:00Z,2026-05-14T21:00:00+0200,37.293,MW,DE,DE_LU,actual_solar_generation,Solar,2026-06-06T16:24:29Z
2026-06-06T16:23:19Z,2026-06-06T18:23:19+0200,8d87ff8c-7229-4840-a478-c91fa6b6d43f,2026-05-14T19:15:00Z,2026-05-14T21:15:00+0200,7.252,MW,DE,DE_LU,actual_solar_generation,Solar,2026-06-06T16:24:29Z
2026-06-06T16:23:19Z,2026-06-06T18:23:19+0200,8d87ff8c-7229-4840-a478-c91fa6b6d43f,2026-05-14T19:30:00Z,2026-05-14T21:30:00+0200,1.514,MW,DE,DE_LU,actual_solar_generation,Solar,2026-06-06T16:24:29Z
2026-06-06T16:23:19Z,2026-06-06T18:23:19+0200,8d87ff8c-7229-4840-a478-c91fa6b6d43f,2026-05-14T19:45:00Z,2026-05-14T21:45:00+0200,0.202,MW,DE,DE_LU,actual_solar_generation,Solar,2026-06-06T16:24:29Z
2026-06-06T16:23:19Z,2026-06-06T18:23:19+0200,8d87ff8c-7229-4840-a478-c91fa6b6d43f,2026-05-14T20:00:00Z,2026-05-14T22:00:00+0200,0.194,MW,DE,DE_LU,actual_solar_generation,Solar,2026-06-06T16:24:29Z
2026-06-06T16:23:19Z,2026-06-06T18:23:19+0200,8d87ff8c-7229-4840-a478-c91fa6b6d43f,2026-05-14T20:15:00Z,2026-05-14T22:15:00+0200,0.208,MW,DE,DE_LU,actual_solar_generation,Solar,2026-06-06T16:24:29Z
2026-06-06T16:23:19Z,2026-06-06T18:23:19+0200,8d87ff8c-7229-4840-a478-c91fa6b6d43f,2026-05-14T20:30:00Z,2026-05-14T22:30:00+0200,0.159,MW,DE,DE_LU,actual_solar_generation,Solar,2026-06-06T16:24:29Z
2026-06-06T16:23:19Z,2026-06-06T18:23:19+0200,8d87ff8c-7229-4840-a478-c91fa6b6d43f,2026-05-14T20:45:00Z,2026-05-14T22:45:00+0200,0.144,MW,DE,DE_LU,actual_solar_generation,Solar,2026-06-06T16:24:29Z
2026-06-06T16:23:19Z,2026-06-06T18:23:19+0200,8d87ff8c-7229-4840-a478-c91fa6b6d43f,2026-05-14T21:00:00Z,2026-05-14T23:00:00+0200,0.132,MW,DE,DE_LU,actual_solar_generation,Solar,2026-06-06T16:24:29Z
2026-06-06T16:23:19Z,2026-06-06T18:23:19+0200,8d87ff8c-7229-4840-a478-c91fa6b6d43f,2026-05-14T21:15:00Z,2026-05-14T23:15:00+0200,0.141,MW,DE,DE_LU,actual_solar_generation,Solar,2026-06-06T16:24:29Z
2026-06-06T16:23:19Z,2026-06-06T18:23:19+0200,8d87ff8c-7229-4840-a478-c91fa6b6d43f,2026-05-14T21:30:00Z,2026-05-14T23:30:00+0200,0.121,MW,DE,DE_LU,actual_solar_generation,Solar,2026-06-06T16:24:29Z
2026-06-06T16:23:19Z,2026-06-06T18:23:19+0200,8d87ff8c-7229-4840-a478-c91fa6b6d43f,2026-05-14T21:45:00Z,2026-05-14T23:45:00+0200,0.111,MW,DE,DE_LU,actual_solar_generation,Solar,2026-06-06T16:24:29Z
2026-06-06T16:23:19Z,2026-06-06T18:23:19+0200,8d87ff8c-7229-4840-a478-c91fa6b6d43f,2026-05-14T22:00:00Z,2026-05-15T00:00:00+0200,0.092,MW,DE,DE_LU,actual_solar_generation,Solar,2026-06-06T16:24:29Z
2026-06-06T16:23:19Z,2026-06-06T18:23:19+0200,8d87ff8c-7229-4840-a478-c91fa6b6d43f,2026-05-14T22:15:00Z,2026-05-15T00:15:00+0200,0.083,MW,DE,DE_LU,actual_solar_generation,Solar,2026-06-06T16:24:29Z
2026-06-06T16:23:19Z,2026-06-06T18:23:19+0200,8d87ff8c-7229-4840-a478-c91fa6b6d43f,2026-05-14T22:30:00Z,2026-05-15T00:30:00+0200,0.075,MW,DE,DE_LU,actual_solar_generation,Solar,2026-06-06T16:24:29Z
2026-06-06T16:23:19Z,2026-06-06T18:23:19+0200,8d87ff8c-7229-4840-a478-c91fa6b6d43f,2026-05-14T22:45:00Z,2026-05-15T00:45:00+0200,0.084,MW,DE,DE_LU,actual_solar_generation,Solar,2026-06-06T16:24:29Z
2026-06-06T16:23:19Z,2026-06-06T18:23:19+0200,8d87ff8c-7229-4840-a478-c91fa6b6d43f,2026-05-14T23:00:00Z,2026-05-15T01:00:00+0200,0.072,MW,DE,DE_LU,actual_solar_generation,Solar,2026-06-06T16:24:29Z
2026-06-06T16:23:19Z,2026-06-06T18:23:19+0200,8d87ff8c-7229-4840-a478-c91fa6b6d43f,2026-05-14T23:15:00Z,2026-05-15T01:15:00+0200,0.077,MW,DE,DE_LU,actual_solar_generation,Solar,2026-06-06T16:24:29Z
2026-06-06T16:23:19Z,2026-06-06T18:23:19+0200,8d87ff8c-7229-4840-a478-c91fa6b6d43f,2026-05-14T23:30:00Z,2026-05-15T01:30:00+0200,0.083,MW,DE,DE_LU,actual_solar_generation,Solar,2026-06-06T16:24:29Z
2026-06-06T16:23:19Z,2026-06-06T18:23:19+0200,8d87ff8c-7229-4840-a478-c91fa6b6d43f,2026-05-14T23:45:00Z,2026-05-15T01:45:00+0200,0.073,MW,DE,DE_LU,actual_solar_generation,Solar,2026-06-06T16:24:29Z
2026-06-06T16:23:19Z,2026-06-06T18:23:19+0200,8d87ff8c-7229-4840-a478-c91fa6b6d43f,2026-05-15T00:00:00Z,2026-05-15T02:00:00+0200,0.065,MW,DE,DE_LU,actual_solar_generation,Solar,2026-06-06T16:24:29Z
2026-06-06T16:23:19Z,2026-06-06T18:23:19+0200,8d87ff8c-7229-4840-a478-c91fa6b6d43f,2026-05-15T00:15:00Z,2026-05-15T02:15:00+0200,0.069,MW,DE,DE_LU,actual_solar_generation,Solar,2026-06-06T16:24:29Z
2026-06-06T16:23:19Z,2026-06-06T18:23:19+0200,8d87ff8c-7229-4840-a478-c91fa6b6d43f,2026-05-15T00:30:00Z,2026-05-15T02:30:00+0200,0.066,MW,DE,DE_LU,actual_solar_generation,Solar,2026-06-06T16:24:29Z
2026-06-06T16:23:19Z,2026-06-06T18:23:19+0200,8d87ff8c-7229-4840-a478-c91fa6b6d43f,2026-05-15T00:45:00Z,2026-05-15T02:45:00+0200,0.054,MW,DE,DE_LU,actual_solar_generation,Solar,2026-06-06T16:24:29Z
2026-06-06T16:23:19Z,2026-06-06T18:23:19+0200,8d87ff8c-7229-4840-a478-c91fa6b6d43f,2026-05-15T01:00:00Z,2026-05-15T03:00:00+0200,0.056,MW,DE,DE_LU,actual_solar_generation,Solar,2026-06-06T16:24:29Z
2026-06-06T16:23:19Z,2026-06-06T18:23:19+0200,8d87ff8c-7229-4840-a478-c91fa6b6d43f,2026-05-15T01:15:00Z,2026-05-15T03:15:00+0200,0.058,MW,DE,DE_LU,actual_solar_generation,Solar,2026-06-06T16:24:29Z
2026-06-06T16:23:19Z,2026-06-06T18:23:19+0200,8d87ff8c-7229-4840-a478-c91fa6b6d43f,2026-05-15T01:30:00Z,2026-05-15T03:30:00+0200,0.057,MW,DE,DE_LU,actual_solar_generation,Solar,2026-06-06T16:24:29Z
2026-06-06T16:23:19Z,2026-06-06T18:23:19+0200,8d87ff8c-7229-4840-a478-c91fa6b6d43f,2026-05-15T01:45:00Z,2026-05-15T03:45:00+0200,0.051,MW,DE,DE_LU,actual_solar_generation,Solar,2026-06-06T16:24:29Z
2026-06-06T16:23:19Z,2026-06-06T18:23:19+0200,8d87ff8c-7229-4840-a478-c91fa6b6d43f,2026-05-15T02:00:00Z,2026-05-15T04:00:00+0200,0.045,MW,DE,DE_LU,actual_solar_generation,Solar,2026-06-06T16:24:29Z
2026-06-06T16:23:19Z,2026-06-06T18:23:19+0200,8d87ff8c-7229-4840-a478-c91fa6b6d43f,2026-05-15T02:15:00Z,2026-05-15T04:15:00+0200,0.042,MW,DE,DE_LU,actual_solar_generation,Solar,2026-06-06T16:24:29Z
2026-06-06T16:23:19Z,2026-06-06T18:23:19+0200,8d87ff8c-7229-4840-a478-c91fa6b6d43f,2026-05-15T02:30:00Z,2026-05-15T04:30:00+0200,0.046,MW,DE,DE_LU,actual_solar_generation,Solar,2026-06-06T16:24:29Z
2026-06-06T16:23:19Z,2026-06-06T18:23:19+0200,8d87ff8c-7229-4840-a478-c91fa6b6d43f,2026-05-15T02:45:00Z,2026-05-15T04:45:00+0200,1.296,MW,DE,DE_LU,actual_solar_generation,Solar,2026-06-06T16:24:29Z
2026-06-06T16:23:19Z,2026-06-06T18:23:19+0200,8d87ff8c-7229-4840-a478-c91fa6b6d43f,2026-05-15T03:00:00Z,2026-05-15T05:00:00+0200,3.971,MW,DE,DE_LU,actual_solar_generation,Solar,2026-06-06T16:24:29Z
2026-06-06T16:23:19Z,2026-06-06T18:23:19+0200,8d87ff8c-7229-4840-a478-c91fa6b6d43f,2026-05-15T03:15:00Z,2026-05-15T05:15:00+0200,29.989,MW,DE,DE_LU,actual_solar_generation,Solar,2026-06-06T16:24:29Z
2026-06-06T16:23:19Z,2026-06-06T18:23:19+0200,8d87ff8c-7229-4840-a478-c91fa6b6d43f,2026-05-15T03:30:00Z,2026-05-15T05:30:00+0200,173.749,MW,DE,DE_LU,actual_solar_generation,Solar,2026-06-06T16:24:29Z
2026-06-06T16:23:19Z,2026-06-06T18:23:19+0200,8d87ff8c-7229-4840-a478-c91fa6b6d43f,2026-05-15T03:45:00Z,2026-05-15T05:45:00+0200,546.237,MW,DE,DE_LU,actual_solar_generation,Solar,2026-06-06T16:24:29Z
2026-06-06T16:23:19Z,2026-06-06T18:23:19+0200,8d87ff8c-7229-4840-a478-c91fa6b6d43f,2026-05-15T04:00:00Z,2026-05-15T06:00:00+0200,1256.267,MW,DE,DE_LU,actual_solar_generation,Solar,2026-06-06T16:24:29Z
2026-06-06T16:23:19Z,2026-06-06T18:23:19+0200,8d87ff8c-7229-4840-a478-c91fa6b6d43f,2026-05-15T04:15:00Z,2026-05-15T06:15:00+0200,2177.195,MW,DE,DE_LU,actual_solar_generation,Solar,2026-06-06T16:24:29Z
2026-06-06T16:23:19Z,2026-06-06T18:23:19+0200,8d87ff8c-7229-4840-a478-c91fa6b6d43f,2026-05-15T04:30:00Z,2026-05-15T06:30:00+0200,3302.155,MW,DE,DE_LU,actual_solar_generation,Solar,2026-06-06T16:24:29Z
2026-06-06T16:23:19Z,2026-06-06T18:23:19+0200,8d87ff8c-7229-4840-a478-c91fa6b6d43f,2026-05-15T04:45:00Z,2026-05-15T06:45:00+0200,4640.331,MW,DE,DE_LU,actual_solar_generation,Solar,2026-06-06T16:24:29Z
2026-06-06T16:23:19Z,2026-06-06T18:23:19+0200,8d87ff8c-7229-4840-a478-c91fa6b6d43f,2026-05-15T05:00:00Z,2026-05-15T07:00:00+0200,6215.565,MW,DE,DE_LU,actual_solar_generation,Solar,2026-06-06T16:24:29Z
2026-06-06T16:23:19Z,2026-06-06T18:23:19+0200,8d87ff8c-7229-4840-a478-c91fa6b6d43f,2026-05-15T05:15:00Z,2026-05-15T07:15:00+0200,8138.145,MW,DE,DE_LU,actual_solar_generation,Solar,2026-06-06T16:24:29Z
2026-06-06T16:23:19Z,2026-06-06T18:23:19+0200,8d87ff8c-7229-4840-a478-c91fa6b6d43f,2026-05-15T05:30:00Z,2026-05-15T07:30:00+0200,10195.483,MW,DE,DE_LU,actual_solar_generation,Solar,2026-06-06T16:24:29Z
2026-06-06T16:23:19Z,2026-06-06T18:23:19+0200,8d87ff8c-7229-4840-a478-c91fa6b6d43f,2026-05-15T05:45:00Z,2026-05-15T07:45:00+0200,12515.522,MW,DE,DE_LU,actual_solar_generation,Solar,2026-06-06T16:24:29Z
2026-06-06T16:23:19Z,2026-06-06T18:23:19+0200,8d87ff8c-7229-4840-a478-c91fa6b6d43f,2026-05-15T06:00:00Z,2026-05-15T08:00:00+0200,14888.926,MW,DE,DE_LU,actual_solar_generation,Solar,2026-06-06T16:24:29Z
2026-06-06T16:23:19Z,2026-06-06T18:23:19+0200,8d87ff8c-7229-4840-a478-c91fa6b6d43f,2026-05-15T06:15:00Z,2026-05-15T08:15:00+0200,17483.341,MW,DE,DE_LU,actual_solar_generation,Solar,2026-06-06T16:24:29Z
2026-06-06T16:23:19Z,2026-06-06T18:23:19+0200,8d87ff8c-7229-4840-a478-c91fa6b6d43f,2026-05-15T06:30:00Z,2026-05-15T08:30:00+0200,19886.015,MW,DE,DE_LU,actual_solar_generation,Solar,2026-06-06T16:24:29Z
2026-06-06T16:23:19Z,2026-06-06T18:23:19+0200,8d87ff8c-7229-4840-a478-c91fa6b6d43f,2026-05-15T06:45:00Z,2026-05-15T08:45:00+0200,22056.457,MW,DE,DE_LU,actual_solar_generation,Solar,2026-06-06T16:24:29Z
2026-06-06T16:23:19Z,2026-06-06T18:23:19+0200,8d87ff8c-7229-4840-a478-c91fa6b6d43f,2026-05-15T07:00:00Z,2026-05-15T09:00:00+0200,24139.443,MW,DE,DE_LU,actual_solar_generation,Solar,2026-06-06T16:24:29Z
2026-06-06T16:23:19Z,2026-06-06T18:23:19+0200,8d87ff8c-7229-4840-a478-c91fa6b6d43f,2026-05-15T07:15:00Z,2026-05-15T09:15:00+0200,26165.038,MW,DE,DE_LU,actual_solar_generation,Solar,2026-06-06T16:24:29Z
2026-06-06T16:23:19Z,2026-06-06T18:23:19+0200,8d87ff8c-7229-4840-a478-c91fa6b6d43f,2026-05-15T07:30:00Z,2026-05-15T09:30:00+0200,27667.965,MW,DE,DE_LU,actual_solar_generation,Solar,2026-06-06T16:24:29Z
2026-06-06T16:23:19Z,2026-06-06T18:23:19+0200,8d87ff8c-7229-4840-a478-c91fa6b6d43f,2026-05-15T07:45:00Z,2026-05-15T09:45:00+0200,29083.563,MW,DE,DE_LU,actual_solar_generation,Solar,2026-06-06T16:24:29Z
2026-06-06T16:23:19Z,2026-06-06T18:23:19+0200,8d87ff8c-7229-4840-a478-c91fa6b6d43f,2026-05-15T08:00:00Z,2026-05-15T10:00:00+0200,30264.477,MW,DE,DE_LU,actual_solar_generation,Solar,2026-06-06T16:24:29Z
2026-06-06T16:23:19Z,2026-06-06T18:23:19+0200,8d87ff8c-7229-4840-a478-c91fa6b6d43f,2026-05-15T08:15:00Z,2026-05-15T10:15:00+0200,31401.796,MW,DE,DE_LU,actual_solar_generation,Solar,2026-06-06T16:24:29Z
2026-06-06T16:23:19Z,2026-06-06T18:23:19+0200,8d87ff8c-7229-4840-a478-c91fa6b6d43f,2026-05-15T08:30:00Z,2026-05-15T10:30:00+0200,32761.417,MW,DE,DE_LU,actual_solar_generation,Solar,2026-06-06T16:24:29Z
2026-06-06T16:23:19Z,2026-06-06T18:23:19+0200,8d87ff8c-7229-4840-a478-c91fa6b6d43f,2026-05-15T08:45:00Z,2026-05-15T10:45:00+0200,33518.841,MW,DE,DE_LU,actual_solar_generation,Solar,2026-06-06T16:24:29Z
2026-06-06T16:23:19Z,2026-06-06T18:23:19+0200,8d87ff8c-7229-4840-a478-c91fa6b6d43f,2026-05-15T09:00:00Z,2026-05-15T11:00:00+0200,34514.018,MW,DE,DE_LU,actual_solar_generation,Solar,2026-06-06T16:24:29Z
2026-06-06T16:23:19Z,2026-06-06T18:23:19+0200,8d87ff8c-7229-4840-a478-c91fa6b6d43f,2026-05-15T09:15:00Z,2026-05-15T11:15:00+0200,35002.167,MW,DE,DE_LU,actual_solar_generation,Solar,2026-06-06T16:24:29Z
2026-06-06T16:23:19Z,2026-06-06T18:23:19+0200,8d87ff8c-7229-4840-a478-c91fa6b6d43f,2026-05-15T09:30:00Z,2026-05-15T11:30:00+0200,35454.722,MW,DE,DE_LU,actual_solar_generation,Solar,2026-06-06T16:24:29Z
2026-06-06T16:23:19Z,2026-06-06T18:23:19+0200,8d87ff8c-7229-4840-a478-c91fa6b6d43f,2026-05-15T09:45:00Z,2026-05-15T11:45:00+0200,35507.375,MW,DE,DE_LU,actual_solar_generation,Solar,2026-06-06T16:24:29Z
2026-06-06T16:23:19Z,2026-06-06T18:23:19+0200,8d87ff8c-7229-4840-a478-c91fa6b6d43f,2026-05-15T10:00:00Z,2026-05-15T12:00:00+0200,35800.608,MW,DE,DE_LU,actual_solar_generation,Solar,2026-06-06T16:24:29Z
2026-06-06T16:23:19Z,2026-06-06T18:23:19+0200,8d87ff8c-7229-4840-a478-c91fa6b6d43f,2026-05-15T10:15:00Z,2026-05-15T12:15:00+0200,36043.998,MW,DE,DE_LU,actual_solar_generation,Solar,2026-06-06T16:24:29Z
2026-06-06T16:23:19Z,2026-06-06T18:23:19+0200,8d87ff8c-7229-4840-a478-c91fa6b6d43f,2026-05-15T10:30:00Z,2026-05-15T12:30:00+0200,36337.583,MW,DE,DE_LU,actual_solar_generation,Solar,2026-06-06T16:24:29Z
2026-06-06T16:23:19Z,2026-06-06T18:23:19+0200,8d87ff8c-7229-4840-a478-c91fa6b6d43f,2026-05-15T10:45:00Z,2026-05-15T12:45:00+0200,36322.092,MW,DE,DE_LU,actual_solar_generation,Solar,2026-06-06T16:24:29Z
2026-06-06T16:23:19Z,2026-06-06T18:23:19+0200,8d87ff8c-7229-4840-a478-c91fa6b6d43f,2026-05-15T11:00:00Z,2026-05-15T13:00:00+0200,36423.788,MW,DE,DE_LU,actual_solar_generation,Solar,2026-06-06T16:24:29Z
2026-06-06T16:23:19Z,2026-06-06T18:23:19+0200,8d87ff8c-7229-4840-a478-c91fa6b6d43f,2026-05-15T11:15:00Z,2026-05-15T13:15:00+0200,35819.473,MW,DE,DE_LU,actual_solar_generation,Solar,2026-06-06T16:24:29Z
2026-06-06T16:23:19Z,2026-06-06T18:23:19+0200,8d87ff8c-7229-4840-a478-c91fa6b6d43f,2026-05-15T11:30:00Z,2026-05-15T13:30:00+0200,35996.615,MW,DE,DE_LU,actual_solar_generation,Solar,2026-06-06T16:24:29Z
2026-06-06T16:23:19Z,2026-06-06T18:23:19+0200,8d87ff8c-7229-4840-a478-c91fa6b6d43f,2026-05-15T11:45:00Z,2026-05-15T13:45:00+0200,35603.622,MW,DE,DE_LU,actual_solar_generation,Solar,2026-06-06T16:24:29Z
2026-06-06T16:23:19Z,2026-06-06T18:23:19+0200,8d87ff8c-7229-4840-a478-c91fa6b6d43f,2026-05-15T12:00:00Z,2026-05-15T14:00:00+0200,35052.179,MW,DE,DE_LU,actual_solar_generation,Solar,2026-06-06T16:24:29Z
2026-06-06T16:23:19Z,2026-06-06T18:23:19+0200,8d87ff8c-7229-4840-a478-c91fa6b6d43f,2026-05-15T12:15:00Z,2026-05-15T14:15:00+0200,34503.725,MW,DE,DE_LU,actual_solar_generation,Solar,2026-06-06T16:24:29Z
2026-06-06T16:23:19Z,2026-06-06T18:23:19+0200,8d87ff8c-7229-4840-a478-c91fa6b6d43f,2026-05-15T12:30:00Z,2026-05-15T14:30:00+0200,34003.227,MW,DE,DE_LU,actual_solar_generation,Solar,2026-06-06T16:24:29Z
2026-06-06T16:23:19Z,2026-06-06T18:23:19+0200,8d87ff8c-7229-4840-a478-c91fa6b6d43f,2026-05-15T12:45:00Z,2026-05-15T14:45:00+0200,33353.415,MW,DE,DE_LU,actual_solar_generation,Solar,2026-06-06T16:24:29Z
2026-06-06T16:23:19Z,2026-06-06T18:23:19+0200,8d87ff8c-7229-4840-a478-c91fa6b6d43f,2026-05-15T13:00:00Z,2026-05-15T15:00:00+0200,32405.013,MW,DE,DE_LU,actual_solar_generation,Solar,2026-06-06T16:24:29Z
2026-06-06T16:23:19Z,2026-06-06T18:23:19+0200,8d87ff8c-7229-4840-a478-c91fa6b6d43f,2026-05-15T13:15:00Z,2026-05-15T15:15:00+0200,31751.284,MW,DE,DE_LU,actual_solar_generation,Solar,2026-06-06T16:24:29Z
2026-06-06T16:23:19Z,2026-06-06T18:23:19+0200,8d87ff8c-7229-4840-a478-c91fa6b6d43f,2026-05-15T13:30:00Z,2026-05-15T15:30:00+0200,30842.967,MW,DE,DE_LU,actual_solar_generation,Solar,2026-06-06T16:24:29Z
2026-06-06T16:23:19Z,2026-06-06T18:23:19+0200,8d87ff8c-7229-4840-a478-c91fa6b6d43f,2026-05-15T13:45:00Z,2026-05-15T15:45:00+0200,29813.67,MW,DE,DE_LU,actual_solar_generation,Solar,2026-06-06T16:24:29Z
2026-06-06T16:23:19Z,2026-06-06T18:23:19+0200,8d87ff8c-7229-4840-a478-c91fa6b6d43f,2026-05-15T14:00:00Z,2026-05-15T16:00:00+0200,27981.909,MW,DE,DE_LU,actual_solar_generation,Solar,2026-06-06T16:24:29Z
2026-06-06T16:23:19Z,2026-06-06T18:23:19+0200,8d87ff8c-7229-4840-a478-c91fa6b6d43f,2026-05-15T14:15:00Z,2026-05-15T16:15:00+0200,26392.439,MW,DE,DE_LU,actual_solar_generation,Solar,2026-06-06T16:24:29Z
2026-06-06T16:23:19Z,2026-06-06T18:23:19+0200,8d87ff8c-7229-4840-a478-c91fa6b6d43f,2026-05-15T14:30:00Z,2026-05-15T16:30:00+0200,25008.705,MW,DE,DE_LU,actual_solar_generation,Solar,2026-06-06T16:24:29Z
2026-06-06T16:23:19Z,2026-06-06T18:23:19+0200,8d87ff8c-7229-4840-a478-c91fa6b6d43f,2026-05-15T14:45:00Z,2026-05-15T16:45:00+0200,23323.86,MW,DE,DE_LU,actual_solar_generation,Solar,2026-06-06T16:24:29Z
2026-06-06T16:23:19Z,2026-06-06T18:23:19+0200,8d87ff8c-7229-4840-a478-c91fa6b6d43f,2026-05-15T15:00:00Z,2026-05-15T17:00:00+0200,21431.237,MW,DE,DE_LU,actual_solar_generation,Solar,2026-06-06T16:24:29Z
2026-06-06T16:23:19Z,2026-06-06T18:23:19+0200,8d87ff8c-7229-4840-a478-c91fa6b6d43f,2026-05-15T15:15:00Z,2026-05-15T17:15:00+0200,19676.275,MW,DE,DE_LU,actual_solar_generation,Solar,2026-06-06T16:24:29Z
2026-06-06T16:23:19Z,2026-06-06T18:23:19+0200,8d87ff8c-7229-4840-a478-c91fa6b6d43f,2026-05-15T15:30:00Z,2026-05-15T17:30:00+0200,18200.084,MW,DE,DE_LU,actual_solar_generation,Solar,2026-06-06T16:24:29Z
2026-06-06T16:23:19Z,2026-06-06T18:23:19+0200,8d87ff8c-7229-4840-a478-c91fa6b6d43f,2026-05-15T15:45:00Z,2026-05-15T17:45:00+0200,16405.247,MW,DE,DE_LU,actual_solar_generation,Solar,2026-06-06T16:24:29Z
2026-06-06T16:23:19Z,2026-06-06T18:23:19+0200,8d87ff8c-7229-4840-a478-c91fa6b6d43f,2026-05-15T16:00:00Z,2026-05-15T18:00:00+0200,14539.506,MW,DE,DE_LU,actual_solar_generation,Solar,2026-06-06T16:24:29Z
2026-06-06T16:23:19Z,2026-06-06T18:23:19+0200,8d87ff8c-7229-4840-a478-c91fa6b6d43f,2026-05-15T16:15:00Z,2026-05-15T18:15:00+0200,12732.777,MW,DE,DE_LU,actual_solar_generation,Solar,2026-06-06T16:24:29Z
2026-06-06T16:23:19Z,2026-06-06T18:23:19+0200,8d87ff8c-7229-4840-a478-c91fa6b6d43f,2026-05-15T16:30:00Z,2026-05-15T18:30:00+0200,10793.475,MW,DE,DE_LU,actual_solar_generation,Solar,2026-06-06T16:24:29Z
2026-06-06T16:23:19Z,2026-06-06T18:23:19+0200,8d87ff8c-7229-4840-a478-c91fa6b6d43f,2026-05-15T16:45:00Z,2026-05-15T18:45:00+0200,9029.909,MW,DE,DE_LU,actual_solar_generation,Solar,2026-06-06T16:24:29Z
2026-06-06T16:23:19Z,2026-06-06T18:23:19+0200,8d87ff8c-7229-4840-a478-c91fa6b6d43f,2026-05-15T17:00:00Z,2026-05-15T19:00:00+0200,7310.952,MW,DE,DE_LU,actual_solar_generation,Solar,2026-06-06T16:24:29Z
2026-06-06T16:23:19Z,2026-06-06T18:23:19+0200,8d87ff8c-7229-4840-a478-c91fa6b6d43f,2026-05-15T17:15:00Z,2026-05-15T19:15:00+0200,5725.737,MW,DE,DE_LU,actual_solar_generation,Solar,2026-06-06T16:24:29Z
2026-06-06T16:23:19Z,2026-06-06T18:23:19+0200,8d87ff8c-7229-4840-a478-c91fa6b6d43f,2026-05-15T17:30:00Z,2026-05-15T19:30:00+0200,4335.12,MW,DE,DE_LU,actual_solar_generation,Solar,2026-06-06T16:24:29Z
2026-06-06T16:23:19Z,2026-06-06T18:23:19+0200,8d87ff8c-7229-4840-a478-c91fa6b6d43f,2026-05-15T17:45:00Z,2026-05-15T19:45:00+0200,3093.241,MW,DE,DE_LU,actual_solar_generation,Solar,2026-06-06T16:24:29Z
2026-06-06T16:23:19Z,2026-06-06T18:23:19+0200,8d87ff8c-7229-4840-a478-c91fa6b6d43f,2026-05-15T18:00:00Z,2026-05-15T20:00:00+0200,2031.209,MW,DE,DE_LU,actual_solar_generation,Solar,2026-06-06T16:24:29Z
2026-06-06T16:23:19Z,2026-06-06T18:23:19+0200,8d87ff8c-7229-4840-a478-c91fa6b6d43f,2026-05-15T18:15:00Z,2026-05-15T20:15:00+0200,1180.663,MW,DE,DE_LU,actual_solar_generation,Solar,2026-06-06T16:24:29Z
2026-06-06T16:23:19Z,2026-06-06T18:23:19+0200,8d87ff8c-7229-4840-a478-c91fa6b6d43f,2026-05-15T18:30:00Z,2026-05-15T20:30:00+0200,519.851,MW,DE,DE_LU,actual_solar_generation,Solar,2026-06-06T16:24:29Z
2026-06-06T16:23:19Z,2026-06-06T18:23:19+0200,8d87ff8c-7229-4840-a478-c91fa6b6d43f,2026-05-15T18:45:00Z,2026-05-15T20:45:00+0200,141.044,MW,DE,DE_LU,actual_solar_generation,Solar,2026-06-06T16:24:29Z
2026-06-06T16:23:19Z,2026-06-06T18:23:19+0200,8d87ff8c-7229-4840-a478-c91fa6b6d43f,2026-05-15T19:00:00Z,2026-05-15T21:00:00+0200,40.743,MW,DE,DE_LU,actual_solar_generation,Solar,2026-06-06T16:24:29Z
2026-06-06T16:23:19Z,2026-06-06T18:23:19+0200,8d87ff8c-7229-4840-a478-c91fa6b6d43f,2026-05-15T19:15:00Z,2026-05-15T21:15:00+0200,7.865,MW,DE,DE_LU,actual_solar_generation,Solar,2026-06-06T16:24:29Z
2026-06-06T16:23:19Z,2026-06-06T18:23:19+0200,8d87ff8c-7229-4840-a478-c91fa6b6d43f,2026-05-15T19:30:00Z,2026-05-15T21:30:00+0200,2.484,MW,DE,DE_LU,actual_solar_generation,Solar,2026-06-06T16:24:29Z
2026-06-06T16:23:19Z,2026-06-06T18:23:19+0200,8d87ff8c-7229-4840-a478-c91fa6b6d43f,2026-05-15T19:45:00Z,2026-05-15T21:45:00+0200,0.181,MW,DE,DE_LU,actual_solar_generation,Solar,2026-06-06T16:24:29Z
2026-06-06T16:23:19Z,2026-06-06T18:23:19+0200,8d87ff8c-7229-4840-a478-c91fa6b6d43f,2026-05-15T20:00:00Z,2026-05-15T22:00:00+0200,0.19,MW,DE,DE_LU,actual_solar_generation,Solar,2026-06-06T16:24:29Z
2026-06-06T16:23:19Z,2026-06-06T18:23:19+0200,8d87ff8c-7229-4840-a478-c91fa6b6d43f,2026-05-15T20:15:00Z,2026-05-15T22:15:00+0200,0.173,MW,DE,DE_LU,actual_solar_generation,Solar,2026-06-06T16:24:29Z
2026-06-06T16:23:19Z,2026-06-06T18:23:19+0200,8d87ff8c-7229-4840-a478-c91fa6b6d43f,2026-05-15T20:30:00Z,2026-05-15T22:30:00+0200,0.17,MW,DE,DE_LU,actual_solar_generation,Solar,2026-06-06T16:24:29Z
2026-06-06T16:23:19Z,2026-06-06T18:23:19+0200,8d87ff8c-7229-4840-a478-c91fa6b6d43f,2026-05-15T20:45:00Z,2026-05-15T22:45:00+0200,0.16,MW,DE,DE_LU,actual_solar_generation,Solar,2026-06-06T16:24:29Z
2026-06-06T16:23:19Z,2026-06-06T18:23:19+0200,8d87ff8c-7229-4840-a478-c91fa6b6d43f,2026-05-15T21:00:00Z,2026-05-15T23:00:00+0200,0.143,MW,DE,DE_LU,actual_solar_generation,Solar,2026-06-06T16:24:29Z
2026-06-06T16:23:19Z,2026-06-06T18:23:19+0200,8d87ff8c-7229-4840-a478-c91fa6b6d43f,2026-05-15T21:15:00Z,2026-05-15T23:15:00+0200,0.133,MW,DE,DE_LU,actual_solar_generation,Solar,2026-06-06T16:24:29Z
2026-06-06T16:23:19Z,2026-06-06T18:23:19+0200,8d87ff8c-7229-4840-a478-c91fa6b6d43f,2026-05-15T21:30:00Z,2026-05-15T23:30:00+0200,0.131,MW,DE,DE_LU,actual_solar_generation,Solar,2026-06-06T16:24:29Z
2026-06-06T16:23:19Z,2026-06-06T18:23:19+0200,8d87ff8c-7229-4840-a478-c91fa6b6d43f,2026-05-15T21:45:00Z,2026-05-15T23:45:00+0200,0.11,MW,DE,DE_LU,actual_solar_generation,Solar,2026-06-06T16:24:29Z
2026-06-06T16:23:19Z,2026-06-06T18:23:19+0200,8d87ff8c-7229-4840-a478-c91fa6b6d43f,2026-05-15T22:00:00Z,2026-05-16T00:00:00+0200,0.124,MW,DE,DE_LU,actual_solar_generation,Solar,2026-06-06T16:24:29Z
2026-06-06T16:23:19Z,2026-06-06T18:23:19+0200,8d87ff8c-7229-4840-a478-c91fa6b6d43f,2026-05-15T22:15:00Z,2026-05-16T00:15:00+0200,0.11,MW,DE,DE_LU,actual_solar_generation,Solar,2026-06-06T16:24:29Z
2026-06-06T16:23:19Z,2026-06-06T18:23:19+0200,8d87ff8c-7229-4840-a478-c91fa6b6d43f,2026-05-15T22:30:00Z,2026-05-16T00:30:00+0200,0.108,MW,DE,DE_LU,actual_solar_generation,Solar,2026-06-06T16:24:29Z
2026-06-06T16:23:19Z,2026-06-06T18:23:19+0200,8d87ff8c-7229-4840-a478-c91fa6b6d43f,2026-05-15T22:45:00Z,2026-05-16T00:45:00+0200,0.104,MW,DE,DE_LU,actual_solar_generation,Solar,2026-06-06T16:24:29Z
2026-06-06T16:23:19Z,2026-06-06T18:23:19+0200,8d87ff8c-7229-4840-a478-c91fa6b6d43f,2026-05-15T23:00:00Z,2026-05-16T01:00:00+0200,0.102,MW,DE,DE_LU,actual_solar_generation,Solar,2026-06-06T16:24:29Z
2026-06-06T16:23:19Z,2026-06-06T18:23:19+0200,8d87ff8c-7229-4840-a478-c91fa6b6d43f,2026-05-15T23:15:00Z,2026-05-16T01:15:00+0200,0.101,MW,DE,DE_LU,actual_solar_generation,Solar,2026-06-06T16:24:29Z
2026-06-06T16:23:19Z,2026-06-06T18:23:19+0200,8d87ff8c-7229-4840-a478-c91fa6b6d43f,2026-05-15T23:30:00Z,2026-05-16T01:30:00+0200,0.096,MW,DE,DE_LU,actual_solar_generation,Solar,2026-06-06T16:24:29Z
2026-06-06T16:23:19Z,2026-06-06T18:23:19+0200,8d87ff8c-7229-4840-a478-c91fa6b6d43f,2026-05-15T23:45:00Z,2026-05-16T01:45:00+0200,0.096,MW,DE,DE_LU,actual_solar_generation,Solar,2026-06-06T16:24:29Z
2026-06-06T16:23:19Z,2026-06-06T18:23:19+0200,8d87ff8c-7229-4840-a478-c91fa6b6d43f,2026-05-16T00:00:00Z,2026-05-16T02:00:00+0200,0.09,MW,DE,DE_LU,actual_solar_generation,Solar,2026-06-06T16:24:29Z
2026-06-06T16:23:19Z,2026-06-06T18:23:19+0200,8d87ff8c-7229-4840-a478-c91fa6b6d43f,2026-05-16T00:15:00Z,2026-05-16T02:15:00+0200,0.084,MW,DE,DE_LU,actual_solar_generation,Solar,2026-06-06T16:24:29Z
2026-06-06T16:23:19Z,2026-06-06T18:23:19+0200,8d87ff8c-7229-4840-a478-c91fa6b6d43f,2026-05-16T00:30:00Z,2026-05-16T02:30:00+0200,0.076,MW,DE,DE_LU,actual_solar_generation,Solar,2026-06-06T16:24:29Z
2026-06-06T16:23:19Z,2026-06-06T18:23:19+0200,8d87ff8c-7229-4840-a478-c91fa6b6d43f,2026-05-16T00:45:00Z,2026-05-16T02:45:00+0200,0.066,MW,DE,DE_LU,actual_solar_generation,Solar,2026-06-06T16:24:29Z
2026-06-06T16:23:19Z,2026-06-06T18:23:19+0200,8d87ff8c-7229-4840-a478-c91fa6b6d43f,2026-05-16T01:00:00Z,2026-05-16T03:00:00+0200,0.068,MW,DE,DE_LU,actual_solar_generation,Solar,2026-06-06T16:24:29Z
2026-06-06T16:23:19Z,2026-06-06T18:23:19+0200,8d87ff8c-7229-4840-a478-c91fa6b6d43f,2026-05-16T01:15:00Z,2026-05-16T03:15:00+0200,0.066,MW,DE,DE_LU,actual_solar_generation,Solar,2026-06-06T16:24:29Z
2026-06-06T16:23:19Z,2026-06-06T18:23:19+0200,8d87ff8c-7229-4840-a478-c91fa6b6d43f,2026-05-16T01:30:00Z,2026-05-16T03:30:00+0200,0.067,MW,DE,DE_LU,actual_solar_generation,Solar,2026-06-06T16:24:29Z
2026-06-06T16:23:19Z,2026-06-06T18:23:19+0200,8d87ff8c-7229-4840-a478-c91fa6b6d43f,2026-05-16T01:45:00Z,2026-05-16T03:45:00+0200,0.066,MW,DE,DE_LU,actual_solar_generation,Solar,2026-06-06T16:24:29Z
2026-06-06T16:23:19Z,2026-06-06T18:23:19+0200,8d87ff8c-7229-4840-a478-c91fa6b6d43f,2026-05-16T02:00:00Z,2026-05-16T04:00:00+0200,0.066,MW,DE,DE_LU,actual_solar_generation,Solar,2026-06-06T16:24:29Z
2026-06-06T16:23:19Z,2026-06-06T18:23:19+0200,8d87ff8c-7229-4840-a478-c91fa6b6d43f,2026-05-16T02:15:00Z,2026-05-16T04:15:00+0200,0.057,MW,DE,DE_LU,actual_solar_generation,Solar,2026-06-06T16:24:29Z
2026-06-06T16:23:19Z,2026-06-06T18:23:19+0200,8d87ff8c-7229-4840-a478-c91fa6b6d43f,2026-05-16T02:30:00Z,2026-05-16T04:30:00+0200,0.065,MW,DE,DE_LU,actual_solar_generation,Solar,2026-06-06T16:24:29Z
2026-06-06T16:23:19Z,2026-06-06T18:23:19+0200,8d87ff8c-7229-4840-a478-c91fa6b6d43f,2026-05-16T02:45:00Z,2026-05-16T04:45:00+0200,0.393,MW,DE,DE_LU,actual_solar_generation,Solar,2026-06-06T16:24:29Z
2026-06-06T16:23:19Z,2026-06-06T18:23:19+0200,8d87ff8c-7229-4840-a478-c91fa6b6d43f,2026-05-16T03:00:00Z,2026-05-16T05:00:00+0200,6.056,MW,DE,DE_LU,actual_solar_generation,Solar,2026-06-06T16:24:29Z
2026-06-06T16:23:19Z,2026-06-06T18:23:19+0200,8d87ff8c-7229-4840-a478-c91fa6b6d43f,2026-05-16T03:15:00Z,2026-05-16T05:15:00+0200,45.232,MW,DE,DE_LU,actual_solar_generation,Solar,2026-06-06T16:24:29Z
2026-06-06T16:23:19Z,2026-06-06T18:23:19+0200,8d87ff8c-7229-4840-a478-c91fa6b6d43f,2026-05-16T03:30:00Z,2026-05-16T05:30:00+0200,189.89,MW,DE,DE_LU,actual_solar_generation,Solar,2026-06-06T16:24:29Z
2026-06-06T16:23:19Z,2026-06-06T18:23:19+0200,8d87ff8c-7229-4840-a478-c91fa6b6d43f,2026-05-16T03:45:00Z,2026-05-16T05:45:00+0200,583.341,MW,DE,DE_LU,actual_solar_generation,Solar,2026-06-06T16:24:29Z
2026-06-06T16:23:19Z,2026-06-06T18:23:19+0200,8d87ff8c-7229-4840-a478-c91fa6b6d43f,2026-05-16T04:00:00Z,2026-05-16T06:00:00+0200,1310.825,MW,DE,DE_LU,actual_solar_generation,Solar,2026-06-06T16:24:29Z
2026-06-06T16:23:19Z,2026-06-06T18:23:19+0200,8d87ff8c-7229-4840-a478-c91fa6b6d43f,2026-05-16T04:15:00Z,2026-05-16T06:15:00+0200,2244.702,MW,DE,DE_LU,actual_solar_generation,Solar,2026-06-06T16:24:29Z
2026-06-06T16:23:19Z,2026-06-06T18:23:19+0200,8d87ff8c-7229-4840-a478-c91fa6b6d43f,2026-05-16T04:30:00Z,2026-05-16T06:30:00+0200,3422.749,MW,DE,DE_LU,actual_solar_generation,Solar,2026-06-06T16:24:29Z
2026-06-06T16:23:19Z,2026-06-06T18:23:19+0200,8d87ff8c-7229-4840-a478-c91fa6b6d43f,2026-05-16T04:45:00Z,2026-05-16T06:45:00+0200,4797.696,MW,DE,DE_LU,actual_solar_generation,Solar,2026-06-06T16:24:29Z
2026-06-06T16:23:19Z,2026-06-06T18:23:19+0200,8d87ff8c-7229-4840-a478-c91fa6b6d43f,2026-05-16T05:00:00Z,2026-05-16T07:00:00+0200,6417.652,MW,DE,DE_LU,actual_solar_generation,Solar,2026-06-06T16:24:29Z
2026-06-06T16:23:19Z,2026-06-06T18:23:19+0200,8d87ff8c-7229-4840-a478-c91fa6b6d43f,2026-05-16T05:15:00Z,2026-05-16T07:15:00+0200,8220.64,MW,DE,DE_LU,actual_solar_generation,Solar,2026-06-06T16:24:29Z
2026-06-06T16:23:19Z,2026-06-06T18:23:19+0200,8d87ff8c-7229-4840-a478-c91fa6b6d43f,2026-05-16T05:30:00Z,2026-05-16T07:30:00+0200,10259.264,MW,DE,DE_LU,actual_solar_generation,Solar,2026-06-06T16:24:29Z
2026-06-06T16:23:19Z,2026-06-06T18:23:19+0200,8d87ff8c-7229-4840-a478-c91fa6b6d43f,2026-05-16T05:45:00Z,2026-05-16T07:45:00+0200,12401.478,MW,DE,DE_LU,actual_solar_generation,Solar,2026-06-06T16:24:29Z
2026-06-06T16:23:19Z,2026-06-06T18:23:19+0200,8d87ff8c-7229-4840-a478-c91fa6b6d43f,2026-05-16T06:00:00Z,2026-05-16T08:00:00+0200,15040.573,MW,DE,DE_LU,actual_solar_generation,Solar,2026-06-06T16:24:29Z
2026-06-06T16:23:19Z,2026-06-06T18:23:19+0200,8d87ff8c-7229-4840-a478-c91fa6b6d43f,2026-05-16T06:15:00Z,2026-05-16T08:15:00+0200,17367.63,MW,DE,DE_LU,actual_solar_generation,Solar,2026-06-06T16:24:29Z
2026-06-06T16:23:19Z,2026-06-06T18:23:19+0200,8d87ff8c-7229-4840-a478-c91fa6b6d43f,2026-05-16T06:30:00Z,2026-05-16T08:30:00+0200,19998.496,MW,DE,DE_LU,actual_solar_generation,Solar,2026-06-06T16:24:29Z
2026-06-06T16:23:19Z,2026-06-06T18:23:19+0200,8d87ff8c-7229-4840-a478-c91fa6b6d43f,2026-05-16T06:45:00Z,2026-05-16T08:45:00+0200,22457.079,MW,DE,DE_LU,actual_solar_generation,Solar,2026-06-06T16:24:29Z
2026-06-06T16:23:19Z,2026-06-06T18:23:19+0200,8d87ff8c-7229-4840-a478-c91fa6b6d43f,2026-05-16T07:00:00Z,2026-05-16T09:00:00+0200,24507.593,MW,DE,DE_LU,actual_solar_generation,Solar,2026-06-06T16:24:29Z
2026-06-06T16:23:19Z,2026-06-06T18:23:19+0200,8d87ff8c-7229-4840-a478-c91fa6b6d43f,2026-05-16T07:15:00Z,2026-05-16T09:15:00+0200,26251.789,MW,DE,DE_LU,actual_solar_generation,Solar,2026-06-06T16:24:29Z
2026-06-06T16:23:19Z,2026-06-06T18:23:19+0200,8d87ff8c-7229-4840-a478-c91fa6b6d43f,2026-05-16T07:30:00Z,2026-05-16T09:30:00+0200,28133.894,MW,DE,DE_LU,actual_solar_generation,Solar,2026-06-06T16:24:29Z
2026-06-06T16:23:19Z,2026-06-06T18:23:19+0200,8d87ff8c-7229-4840-a478-c91fa6b6d43f,2026-05-16T07:45:00Z,2026-05-16T09:45:00+0200,29400.616,MW,DE,DE_LU,actual_solar_generation,Solar,2026-06-06T16:24:29Z
2026-06-06T16:23:19Z,2026-06-06T18:23:19+0200,8d87ff8c-7229-4840-a478-c91fa6b6d43f,2026-05-16T08:00:00Z,2026-05-16T10:00:00+0200,30471.829,MW,DE,DE_LU,actual_solar_generation,Solar,2026-06-06T16:24:29Z
2026-06-06T16:23:19Z,2026-06-06T18:23:19+0200,8d87ff8c-7229-4840-a478-c91fa6b6d43f,2026-05-16T08:15:00Z,2026-05-16T10:15:00+0200,31287.549,MW,DE,DE_LU,actual_solar_generation,Solar,2026-06-06T16:24:29Z
2026-06-06T16:23:19Z,2026-06-06T18:23:19+0200,8d87ff8c-7229-4840-a478-c91fa6b6d43f,2026-05-16T08:30:00Z,2026-05-16T10:30:00+0200,32243.074,MW,DE,DE_LU,actual_solar_generation,Solar,2026-06-06T16:24:29Z
2026-06-06T16:23:19Z,2026-06-06T18:23:19+0200,8d87ff8c-7229-4840-a478-c91fa6b6d43f,2026-05-16T08:45:00Z,2026-05-16T10:45:00+0200,32822.881,MW,DE,DE_LU,actual_solar_generation,Solar,2026-06-06T16:24:29Z
2026-06-06T16:23:19Z,2026-06-06T18:23:19+0200,8d87ff8c-7229-4840-a478-c91fa6b6d43f,2026-05-16T09:00:00Z,2026-05-16T11:00:00+0200,32168.475,MW,DE,DE_LU,actual_solar_generation,Solar,2026-06-06T16:24:29Z
2026-06-06T16:23:19Z,2026-06-06T18:23:19+0200,8d87ff8c-7229-4840-a478-c91fa6b6d43f,2026-05-16T09:15:00Z,2026-05-16T11:15:00+0200,32201.605,MW,DE,DE_LU,actual_solar_generation,Solar,2026-06-06T16:24:29Z
2026-06-06T16:23:19Z,2026-06-06T18:23:19+0200,8d87ff8c-7229-4840-a478-c91fa6b6d43f,2026-05-16T09:30:00Z,2026-05-16T11:30:00+0200,32607.572,MW,DE,DE_LU,actual_solar_generation,Solar,2026-06-06T16:24:29Z
2026-06-06T16:23:19Z,2026-06-06T18:23:19+0200,8d87ff8c-7229-4840-a478-c91fa6b6d43f,2026-05-16T09:45:00Z,2026-05-16T11:45:00+0200,32731.099,MW,DE,DE_LU,actual_solar_generation,Solar,2026-06-06T16:24:29Z
2026-06-06T16:23:19Z,2026-06-06T18:23:19+0200,8d87ff8c-7229-4840-a478-c91fa6b6d43f,2026-05-16T10:00:00Z,2026-05-16T12:00:00+0200,32681.413,MW,DE,DE_LU,actual_solar_generation,Solar,2026-06-06T16:24:29Z
2026-06-06T16:23:19Z,2026-06-06T18:23:19+0200,8d87ff8c-7229-4840-a478-c91fa6b6d43f,2026-05-16T10:15:00Z,2026-05-16T12:15:00+0200,32772.971,MW,DE,DE_LU,actual_solar_generation,Solar,2026-06-06T16:24:29Z
2026-06-06T16:23:19Z,2026-06-06T18:23:19+0200,8d87ff8c-7229-4840-a478-c91fa6b6d43f,2026-05-16T10:30:00Z,2026-05-16T12:30:00+0200,33152.474,MW,DE,DE_LU,actual_solar_generation,Solar,2026-06-06T16:24:29Z
2026-06-06T16:23:19Z,2026-06-06T18:23:19+0200,8d87ff8c-7229-4840-a478-c91fa6b6d43f,2026-05-16T10:45:00Z,2026-05-16T12:45:00+0200,33496.597,MW,DE,DE_LU,actual_solar_generation,Solar,2026-06-06T16:24:29Z
2026-06-06T16:23:19Z,2026-06-06T18:23:19+0200,8d87ff8c-7229-4840-a478-c91fa6b6d43f,2026-05-16T11:00:00Z,2026-05-16T13:00:00+0200,33941.675,MW,DE,DE_LU,actual_solar_generation,Solar,2026-06-06T16:24:29Z
2026-06-06T16:23:19Z,2026-06-06T18:23:19+0200,8d87ff8c-7229-4840-a478-c91fa6b6d43f,2026-05-16T11:15:00Z,2026-05-16T13:15:00+0200,34340.938,MW,DE,DE_LU,actual_solar_generation,Solar,2026-06-06T16:24:29Z
2026-06-06T16:23:19Z,2026-06-06T18:23:19+0200,8d87ff8c-7229-4840-a478-c91fa6b6d43f,2026-05-16T11:30:00Z,2026-05-16T13:30:00+0200,33979.865,MW,DE,DE_LU,actual_solar_generation,Solar,2026-06-06T16:24:29Z
2026-06-06T16:23:19Z,2026-06-06T18:23:19+0200,8d87ff8c-7229-4840-a478-c91fa6b6d43f,2026-05-16T11:45:00Z,2026-05-16T13:45:00+0200,34009.257,MW,DE,DE_LU,actual_solar_generation,Solar,2026-06-06T16:24:29Z
2026-06-06T16:23:19Z,2026-06-06T18:23:19+0200,8d87ff8c-7229-4840-a478-c91fa6b6d43f,2026-05-16T12:00:00Z,2026-05-16T14:00:00+0200,33323.212,MW,DE,DE_LU,actual_solar_generation,Solar,2026-06-06T16:24:29Z
2026-06-06T16:23:19Z,2026-06-06T18:23:19+0200,8d87ff8c-7229-4840-a478-c91fa6b6d43f,2026-05-16T12:15:00Z,2026-05-16T14:15:00+0200,32717.459,MW,DE,DE_LU,actual_solar_generation,Solar,2026-06-06T16:24:29Z
2026-06-06T16:23:19Z,2026-06-06T18:23:19+0200,8d87ff8c-7229-4840-a478-c91fa6b6d43f,2026-05-16T12:30:00Z,2026-05-16T14:30:00+0200,32451.636,MW,DE,DE_LU,actual_solar_generation,Solar,2026-06-06T16:24:29Z
2026-06-06T16:23:19Z,2026-06-06T18:23:19+0200,8d87ff8c-7229-4840-a478-c91fa6b6d43f,2026-05-16T12:45:00Z,2026-05-16T14:45:00+0200,31617.002,MW,DE,DE_LU,actual_solar_generation,Solar,2026-06-06T16:24:29Z
2026-06-06T16:23:19Z,2026-06-06T18:23:19+0200,8d87ff8c-7229-4840-a478-c91fa6b6d43f,2026-05-16T13:00:00Z,2026-05-16T15:00:00+0200,31099.132,MW,DE,DE_LU,actual_solar_generation,Solar,2026-06-06T16:24:29Z
2026-06-06T16:23:19Z,2026-06-06T18:23:19+0200,8d87ff8c-7229-4840-a478-c91fa6b6d43f,2026-05-16T13:15:00Z,2026-05-16T15:15:00+0200,30225.918,MW,DE,DE_LU,actual_solar_generation,Solar,2026-06-06T16:24:29Z
2026-06-06T16:23:19Z,2026-06-06T18:23:19+0200,8d87ff8c-7229-4840-a478-c91fa6b6d43f,2026-05-16T13:30:00Z,2026-05-16T15:30:00+0200,29269.563,MW,DE,DE_LU,actual_solar_generation,Solar,2026-06-06T16:24:29Z
2026-06-06T16:23:19Z,2026-06-06T18:23:19+0200,8d87ff8c-7229-4840-a478-c91fa6b6d43f,2026-05-16T13:45:00Z,2026-05-16T15:45:00+0200,28409.929,MW,DE,DE_LU,actual_solar_generation,Solar,2026-06-06T16:24:29Z
2026-06-06T16:23:19Z,2026-06-06T18:23:19+0200,8d87ff8c-7229-4840-a478-c91fa6b6d43f,2026-05-16T14:00:00Z,2026-05-16T16:00:00+0200,28197.509,MW,DE,DE_LU,actual_solar_generation,Solar,2026-06-06T16:24:29Z
2026-06-06T16:23:19Z,2026-06-06T18:23:19+0200,8d87ff8c-7229-4840-a478-c91fa6b6d43f,2026-05-16T14:15:00Z,2026-05-16T16:15:00+0200,27513.484,MW,DE,DE_LU,actual_solar_generation,Solar,2026-06-06T16:24:29Z
2026-06-06T16:23:19Z,2026-06-06T18:23:19+0200,8d87ff8c-7229-4840-a478-c91fa6b6d43f,2026-05-16T14:30:00Z,2026-05-16T16:30:00+0200,26230.231,MW,DE,DE_LU,actual_solar_generation,Solar,2026-06-06T16:24:29Z
2026-06-06T16:23:19Z,2026-06-06T18:23:19+0200,8d87ff8c-7229-4840-a478-c91fa6b6d43f,2026-05-16T14:45:00Z,2026-05-16T16:45:00+0200,24362.077,MW,DE,DE_LU,actual_solar_generation,Solar,2026-06-06T16:24:29Z
2026-06-06T16:23:19Z,2026-06-06T18:23:19+0200,8d87ff8c-7229-4840-a478-c91fa6b6d43f,2026-05-16T15:00:00Z,2026-05-16T17:00:00+0200,22741.05,MW,DE,DE_LU,actual_solar_generation,Solar,2026-06-06T16:24:29Z
2026-06-06T16:23:19Z,2026-06-06T18:23:19+0200,8d87ff8c-7229-4840-a478-c91fa6b6d43f,2026-05-16T15:15:00Z,2026-05-16T17:15:00+0200,21022.889,MW,DE,DE_LU,actual_solar_generation,Solar,2026-06-06T16:24:29Z
2026-06-06T16:23:19Z,2026-06-06T18:23:19+0200,8d87ff8c-7229-4840-a478-c91fa6b6d43f,2026-05-16T15:30:00Z,2026-05-16T17:30:00+0200,19478.538,MW,DE,DE_LU,actual_solar_generation,Solar,2026-06-06T16:24:29Z
2026-06-06T16:23:19Z,2026-06-06T18:23:19+0200,8d87ff8c-7229-4840-a478-c91fa6b6d43f,2026-05-16T15:45:00Z,2026-05-16T17:45:00+0200,17403.778,MW,DE,DE_LU,actual_solar_generation,Solar,2026-06-06T16:24:29Z
2026-06-06T16:23:19Z,2026-06-06T18:23:19+0200,8d87ff8c-7229-4840-a478-c91fa6b6d43f,2026-05-16T16:00:00Z,2026-05-16T18:00:00+0200,15167.379,MW,DE,DE_LU,actual_solar_generation,Solar,2026-06-06T16:24:29Z
2026-06-06T16:23:19Z,2026-06-06T18:23:19+0200,8d87ff8c-7229-4840-a478-c91fa6b6d43f,2026-05-16T16:15:00Z,2026-05-16T18:15:00+0200,13195.519,MW,DE,DE_LU,actual_solar_generation,Solar,2026-06-06T16:24:29Z
2026-06-06T16:23:19Z,2026-06-06T18:23:19+0200,8d87ff8c-7229-4840-a478-c91fa6b6d43f,2026-05-16T16:30:00Z,2026-05-16T18:30:00+0200,11251.124,MW,DE,DE_LU,actual_solar_generation,Solar,2026-06-06T16:24:29Z
2026-06-06T16:23:19Z,2026-06-06T18:23:19+0200,8d87ff8c-7229-4840-a478-c91fa6b6d43f,2026-05-16T16:45:00Z,2026-05-16T18:45:00+0200,9408.456,MW,DE,DE_LU,actual_solar_generation,Solar,2026-06-06T16:24:29Z
2026-06-06T16:23:19Z,2026-06-06T18:23:19+0200,8d87ff8c-7229-4840-a478-c91fa6b6d43f,2026-05-16T17:00:00Z,2026-05-16T19:00:00+0200,7458.698,MW,DE,DE_LU,actual_solar_generation,Solar,2026-06-06T16:24:29Z
2026-06-06T16:23:19Z,2026-06-06T18:23:19+0200,8d87ff8c-7229-4840-a478-c91fa6b6d43f,2026-05-16T17:15:00Z,2026-05-16T19:15:00+0200,5818.756,MW,DE,DE_LU,actual_solar_generation,Solar,2026-06-06T16:24:29Z
2026-06-06T16:23:19Z,2026-06-06T18:23:19+0200,8d87ff8c-7229-4840-a478-c91fa6b6d43f,2026-05-16T17:30:00Z,2026-05-16T19:30:00+0200,4380.74,MW,DE,DE_LU,actual_solar_generation,Solar,2026-06-06T16:24:29Z
2026-06-06T16:23:19Z,2026-06-06T18:23:19+0200,8d87ff8c-7229-4840-a478-c91fa6b6d43f,2026-05-16T17:45:00Z,2026-05-16T19:45:00+0200,3207.663,MW,DE,DE_LU,actual_solar_generation,Solar,2026-06-06T16:24:29Z
2026-06-06T16:23:19Z,2026-06-06T18:23:19+0200,8d87ff8c-7229-4840-a478-c91fa6b6d43f,2026-05-16T18:00:00Z,2026-05-16T20:00:00+0200,2084.202,MW,DE,DE_LU,actual_solar_generation,Solar,2026-06-06T16:24:29Z
2026-06-06T16:23:19Z,2026-06-06T18:23:19+0200,8d87ff8c-7229-4840-a478-c91fa6b6d43f,2026-05-16T18:15:00Z,2026-05-16T20:15:00+0200,1186.888,MW,DE,DE_LU,actual_solar_generation,Solar,2026-06-06T16:24:29Z
2026-06-06T16:23:19Z,2026-06-06T18:23:19+0200,8d87ff8c-7229-4840-a478-c91fa6b6d43f,2026-05-16T18:30:00Z,2026-05-16T20:30:00+0200,535.051,MW,DE,DE_LU,actual_solar_generation,Solar,2026-06-06T16:24:29Z
2026-06-06T16:23:19Z,2026-06-06T18:23:19+0200,8d87ff8c-7229-4840-a478-c91fa6b6d43f,2026-05-16T18:45:00Z,2026-05-16T20:45:00+0200,172.839,MW,DE,DE_LU,actual_solar_generation,Solar,2026-06-06T16:24:29Z
2026-06-06T16:23:19Z,2026-06-06T18:23:19+0200,8d87ff8c-7229-4840-a478-c91fa6b6d43f,2026-05-16T19:00:00Z,2026-05-16T21:00:00+0200,49.798,MW,DE,DE_LU,actual_solar_generation,Solar,2026-06-06T16:24:29Z
2026-06-06T16:23:19Z,2026-06-06T18:23:19+0200,8d87ff8c-7229-4840-a478-c91fa6b6d43f,2026-05-16T19:15:00Z,2026-05-16T21:15:00+0200,8.113,MW,DE,DE_LU,actual_solar_generation,Solar,2026-06-06T16:24:29Z
2026-06-06T16:23:19Z,2026-06-06T18:23:19+0200,8d87ff8c-7229-4840-a478-c91fa6b6d43f,2026-05-16T19:30:00Z,2026-05-16T21:30:00+0200,3.65,MW,DE,DE_LU,actual_solar_generation,Solar,2026-06-06T16:24:29Z
2026-06-06T16:23:19Z,2026-06-06T18:23:19+0200,8d87ff8c-7229-4840-a478-c91fa6b6d43f,2026-05-16T19:45:00Z,2026-05-16T21:45:00+0200,0.206,MW,DE,DE_LU,actual_solar_generation,Solar,2026-06-06T16:24:29Z
2026-06-06T16:23:19Z,2026-06-06T18:23:19+0200,8d87ff8c-7229-4840-a478-c91fa6b6d43f,2026-05-16T20:00:00Z,2026-05-16T22:00:00+0200,0.184,MW,DE,DE_LU,actual_solar_generation,Solar,2026-06-06T16:24:29Z
2026-06-06T16:23:19Z,2026-06-06T18:23:19+0200,8d87ff8c-7229-4840-a478-c91fa6b6d43f,2026-05-16T20:15:00Z,2026-05-16T22:15:00+0200,0.161,MW,DE,DE_LU,actual_solar_generation,Solar,2026-06-06T16:24:29Z
2026-06-06T16:23:19Z,2026-06-06T18:23:19+0200,8d87ff8c-7229-4840-a478-c91fa6b6d43f,2026-05-16T20:30:00Z,2026-05-16T22:30:00+0200,0.156,MW,DE,DE_LU,actual_solar_generation,Solar,2026-06-06T16:24:29Z
2026-06-06T16:23:19Z,2026-06-06T18:23:19+0200,8d87ff8c-7229-4840-a478-c91fa6b6d43f,2026-05-16T20:45:00Z,2026-05-16T22:45:00+0200,0.16,MW,DE,DE_LU,actual_solar_generation,Solar,2026-06-06T16:24:29Z
2026-06-06T16:23:19Z,2026-06-06T18:23:19+0200,8d87ff8c-7229-4840-a478-c91fa6b6d43f,2026-05-16T21:00:00Z,2026-05-16T23:00:00+0200,0.153,MW,DE,DE_LU,actual_solar_generation,Solar,2026-06-06T16:24:29Z
2026-06-06T16:23:19Z,2026-06-06T18:23:19+0200,8d87ff8c-7229-4840-a478-c91fa6b6d43f,2026-05-16T21:15:00Z,2026-05-16T23:15:00+0200,0.134,MW,DE,DE_LU,actual_solar_generation,Solar,2026-06-06T16:24:29Z
2026-06-06T16:23:19Z,2026-06-06T18:23:19+0200,8d87ff8c-7229-4840-a478-c91fa6b6d43f,2026-05-16T21:30:00Z,2026-05-16T23:30:00+0200,0.134,MW,DE,DE_LU,actual_solar_generation,Solar,2026-06-06T16:24:29Z
2026-06-06T16:23:19Z,2026-06-06T18:23:19+0200,8d87ff8c-7229-4840-a478-c91fa6b6d43f,2026-05-16T21:45:00Z,2026-05-16T23:45:00+0200,0.123,MW,DE,DE_LU,actual_solar_generation,Solar,2026-06-06T16:24:29Z
2026-06-06T16:23:19Z,2026-06-06T18:23:19+0200,8d87ff8c-7229-4840-a478-c91fa6b6d43f,2026-05-16T22:00:00Z,2026-05-17T00:00:00+0200,0.142,MW,DE,DE_LU,actual_solar_generation,Solar,2026-06-06T16:24:29Z
2026-06-06T16:23:19Z,2026-06-06T18:23:19+0200,8d87ff8c-7229-4840-a478-c91fa6b6d43f,2026-05-16T22:15:00Z,2026-05-17T00:15:00+0200,0.123,MW,DE,DE_LU,actual_solar_generation,Solar,2026-06-06T16:24:29Z
2026-06-06T16:23:19Z,2026-06-06T18:23:19+0200,8d87ff8c-7229-4840-a478-c91fa6b6d43f,2026-05-16T22:30:00Z,2026-05-17T00:30:00+0200,0.117,MW,DE,DE_LU,actual_solar_generation,Solar,2026-06-06T16:24:29Z
2026-06-06T16:23:19Z,2026-06-06T18:23:19+0200,8d87ff8c-7229-4840-a478-c91fa6b6d43f,2026-05-16T22:45:00Z,2026-05-17T00:45:00+0200,0.101,MW,DE,DE_LU,actual_solar_generation,Solar,2026-06-06T16:24:29Z
2026-06-06T16:23:19Z,2026-06-06T18:23:19+0200,8d87ff8c-7229-4840-a478-c91fa6b6d43f,2026-05-16T23:00:00Z,2026-05-17T01:00:00+0200,0.091,MW,DE,DE_LU,actual_solar_generation,Solar,2026-06-06T16:24:29Z
2026-06-06T16:23:19Z,2026-06-06T18:23:19+0200,8d87ff8c-7229-4840-a478-c91fa6b6d43f,2026-05-16T23:15:00Z,2026-05-17T01:15:00+0200,0.091,MW,DE,DE_LU,actual_solar_generation,Solar,2026-06-06T16:24:29Z
2026-06-06T16:23:19Z,2026-06-06T18:23:19+0200,8d87ff8c-7229-4840-a478-c91fa6b6d43f,2026-05-16T23:30:00Z,2026-05-17T01:30:00+0200,0.091,MW,DE,DE_LU,actual_solar_generation,Solar,2026-06-06T16:24:29Z
2026-06-06T16:23:19Z,2026-06-06T18:23:19+0200,8d87ff8c-7229-4840-a478-c91fa6b6d43f,2026-05-16T23:45:00Z,2026-05-17T01:45:00+0200,0.09,MW,DE,DE_LU,actual_solar_generation,Solar,2026-06-06T16:24:29Z
2026-06-06T16:23:19Z,2026-06-06T18:23:19+0200,8d87ff8c-7229-4840-a478-c91fa6b6d43f,2026-05-17T00:00:00Z,2026-05-17T02:00:00+0200,0.086,MW,DE,DE_LU,actual_solar_generation,Solar,2026-06-06T16:24:29Z
2026-06-06T16:23:19Z,2026-06-06T18:23:19+0200,8d87ff8c-7229-4840-a478-c91fa6b6d43f,2026-05-17T00:15:00Z,2026-05-17T02:15:00+0200,0.064,MW,DE,DE_LU,actual_solar_generation,Solar,2026-06-06T16:24:29Z
2026-06-06T16:23:19Z,2026-06-06T18:23:19+0200,8d87ff8c-7229-4840-a478-c91fa6b6d43f,2026-05-17T00:30:00Z,2026-05-17T02:30:00+0200,0.081,MW,DE,DE_LU,actual_solar_generation,Solar,2026-06-06T16:24:29Z
2026-06-06T16:23:19Z,2026-06-06T18:23:19+0200,8d87ff8c-7229-4840-a478-c91fa6b6d43f,2026-05-17T00:45:00Z,2026-05-17T02:45:00+0200,0.077,MW,DE,DE_LU,actual_solar_generation,Solar,2026-06-06T16:24:29Z
2026-06-06T16:23:19Z,2026-06-06T18:23:19+0200,8d87ff8c-7229-4840-a478-c91fa6b6d43f,2026-05-17T01:00:00Z,2026-05-17T03:00:00+0200,0.071,MW,DE,DE_LU,actual_solar_generation,Solar,2026-06-06T16:24:29Z
2026-06-06T16:23:19Z,2026-06-06T18:23:19+0200,8d87ff8c-7229-4840-a478-c91fa6b6d43f,2026-05-17T01:15:00Z,2026-05-17T03:15:00+0200,0.072,MW,DE,DE_LU,actual_solar_generation,Solar,2026-06-06T16:24:29Z
2026-06-06T16:23:19Z,2026-06-06T18:23:19+0200,8d87ff8c-7229-4840-a478-c91fa6b6d43f,2026-05-17T01:30:00Z,2026-05-17T03:30:00+0200,0.06,MW,DE,DE_LU,actual_solar_generation,Solar,2026-06-06T16:24:29Z
2026-06-06T16:23:19Z,2026-06-06T18:23:19+0200,8d87ff8c-7229-4840-a478-c91fa6b6d43f,2026-05-17T01:45:00Z,2026-05-17T03:45:00+0200,0.057,MW,DE,DE_LU,actual_solar_generation,Solar,2026-06-06T16:24:29Z
2026-06-06T16:23:19Z,2026-06-06T18:23:19+0200,8d87ff8c-7229-4840-a478-c91fa6b6d43f,2026-05-17T02:00:00Z,2026-05-17T04:00:00+0200,0.053,MW,DE,DE_LU,actual_solar_generation,Solar,2026-06-06T16:24:29Z
2026-06-06T16:23:19Z,2026-06-06T18:23:19+0200,8d87ff8c-7229-4840-a478-c91fa6b6d43f,2026-05-17T02:15:00Z,2026-05-17T04:15:00+0200,0.052,MW,DE,DE_LU,actual_solar_generation,Solar,2026-06-06T16:24:29Z
2026-06-06T16:23:19Z,2026-06-06T18:23:19+0200,8d87ff8c-7229-4840-a478-c91fa6b6d43f,2026-05-17T02:30:00Z,2026-05-17T04:30:00+0200,0.049,MW,DE,DE_LU,actual_solar_generation,Solar,2026-06-06T16:24:29Z
2026-06-06T16:23:19Z,2026-06-06T18:23:19+0200,8d87ff8c-7229-4840-a478-c91fa6b6d43f,2026-05-17T02:45:00Z,2026-05-17T04:45:00+0200,1.411,MW,DE,DE_LU,actual_solar_generation,Solar,2026-06-06T16:24:29Z
2026-06-06T16:23:19Z,2026-06-06T18:23:19+0200,8d87ff8c-7229-4840-a478-c91fa6b6d43f,2026-05-17T03:00:00Z,2026-05-17T05:00:00+0200,8.344,MW,DE,DE_LU,actual_solar_generation,Solar,2026-06-06T16:24:29Z
2026-06-06T16:23:19Z,2026-06-06T18:23:19+0200,8d87ff8c-7229-4840-a478-c91fa6b6d43f,2026-05-17T03:15:00Z,2026-05-17T05:15:00+0200,69.162,MW,DE,DE_LU,actual_solar_generation,Solar,2026-06-06T16:24:29Z
2026-06-06T16:23:19Z,2026-06-06T18:23:19+0200,8d87ff8c-7229-4840-a478-c91fa6b6d43f,2026-05-17T03:30:00Z,2026-05-17T05:30:00+0200,274.447,MW,DE,DE_LU,actual_solar_generation,Solar,2026-06-06T16:24:29Z
2026-06-06T16:23:19Z,2026-06-06T18:23:19+0200,8d87ff8c-7229-4840-a478-c91fa6b6d43f,2026-05-17T03:45:00Z,2026-05-17T05:45:00+0200,846.299,MW,DE,DE_LU,actual_solar_generation,Solar,2026-06-06T16:24:29Z
2026-06-06T16:23:19Z,2026-06-06T18:23:19+0200,8d87ff8c-7229-4840-a478-c91fa6b6d43f,2026-05-17T04:00:00Z,2026-05-17T06:00:00+0200,1822.034,MW,DE,DE_LU,actual_solar_generation,Solar,2026-06-06T16:24:29Z
2026-06-06T16:23:19Z,2026-06-06T18:23:19+0200,8d87ff8c-7229-4840-a478-c91fa6b6d43f,2026-05-17T04:15:00Z,2026-05-17T06:15:00+0200,2956.517,MW,DE,DE_LU,actual_solar_generation,Solar,2026-06-06T16:24:29Z
2026-06-06T16:23:19Z,2026-06-06T18:23:19+0200,8d87ff8c-7229-4840-a478-c91fa6b6d43f,2026-05-17T04:30:00Z,2026-05-17T06:30:00+0200,4345.693,MW,DE,DE_LU,actual_solar_generation,Solar,2026-06-06T16:24:29Z
2026-06-06T16:23:19Z,2026-06-06T18:23:19+0200,8d87ff8c-7229-4840-a478-c91fa6b6d43f,2026-05-17T04:45:00Z,2026-05-17T06:45:00+0200,6049.232,MW,DE,DE_LU,actual_solar_generation,Solar,2026-06-06T16:24:29Z
2026-06-06T16:23:19Z,2026-06-06T18:23:19+0200,8d87ff8c-7229-4840-a478-c91fa6b6d43f,2026-05-17T05:00:00Z,2026-05-17T07:00:00+0200,8038.024,MW,DE,DE_LU,actual_solar_generation,Solar,2026-06-06T16:24:29Z
2026-06-06T16:23:19Z,2026-06-06T18:23:19+0200,8d87ff8c-7229-4840-a478-c91fa6b6d43f,2026-05-17T05:15:00Z,2026-05-17T07:15:00+0200,10315.596,MW,DE,DE_LU,actual_solar_generation,Solar,2026-06-06T16:24:29Z
2026-06-06T16:23:19Z,2026-06-06T18:23:19+0200,8d87ff8c-7229-4840-a478-c91fa6b6d43f,2026-05-17T05:30:00Z,2026-05-17T07:30:00+0200,12899.698,MW,DE,DE_LU,actual_solar_generation,Solar,2026-06-06T16:24:29Z
2026-06-06T16:23:19Z,2026-06-06T18:23:19+0200,8d87ff8c-7229-4840-a478-c91fa6b6d43f,2026-05-17T05:45:00Z,2026-05-17T07:45:00+0200,15693.304,MW,DE,DE_LU,actual_solar_generation,Solar,2026-06-06T16:24:29Z
2026-06-06T16:23:19Z,2026-06-06T18:23:19+0200,8d87ff8c-7229-4840-a478-c91fa6b6d43f,2026-05-17T06:00:00Z,2026-05-17T08:00:00+0200,18569.044,MW,DE,DE_LU,actual_solar_generation,Solar,2026-06-06T16:24:29Z
2026-06-06T16:23:19Z,2026-06-06T18:23:19+0200,8d87ff8c-7229-4840-a478-c91fa6b6d43f,2026-05-17T06:15:00Z,2026-05-17T08:15:00+0200,21510.076,MW,DE,DE_LU,actual_solar_generation,Solar,2026-06-06T16:24:29Z
2026-06-06T16:23:19Z,2026-06-06T18:23:19+0200,8d87ff8c-7229-4840-a478-c91fa6b6d43f,2026-05-17T06:30:00Z,2026-05-17T08:30:00+0200,24650.574,MW,DE,DE_LU,actual_solar_generation,Solar,2026-06-06T16:24:29Z
2026-06-06T16:23:19Z,2026-06-06T18:23:19+0200,8d87ff8c-7229-4840-a478-c91fa6b6d43f,2026-05-17T06:45:00Z,2026-05-17T08:45:00+0200,27461.049,MW,DE,DE_LU,actual_solar_generation,Solar,2026-06-06T16:24:29Z
2026-06-06T16:23:19Z,2026-06-06T18:23:19+0200,8d87ff8c-7229-4840-a478-c91fa6b6d43f,2026-05-17T07:00:00Z,2026-05-17T09:00:00+0200,30188.235,MW,DE,DE_LU,actual_solar_generation,Solar,2026-06-06T16:24:29Z
2026-06-06T16:23:19Z,2026-06-06T18:23:19+0200,8d87ff8c-7229-4840-a478-c91fa6b6d43f,2026-05-17T07:15:00Z,2026-05-17T09:15:00+0200,32797.187,MW,DE,DE_LU,actual_solar_generation,Solar,2026-06-06T16:24:29Z
2026-06-06T16:23:19Z,2026-06-06T18:23:19+0200,8d87ff8c-7229-4840-a478-c91fa6b6d43f,2026-05-17T07:30:00Z,2026-05-17T09:30:00+0200,35055.531,MW,DE,DE_LU,actual_solar_generation,Solar,2026-06-06T16:24:29Z
2026-06-06T16:23:19Z,2026-06-06T18:23:19+0200,8d87ff8c-7229-4840-a478-c91fa6b6d43f,2026-05-17T07:45:00Z,2026-05-17T09:45:00+0200,36668.957,MW,DE,DE_LU,actual_solar_generation,Solar,2026-06-06T16:24:29Z
2026-06-06T16:23:19Z,2026-06-06T18:23:19+0200,8d87ff8c-7229-4840-a478-c91fa6b6d43f,2026-05-17T08:00:00Z,2026-05-17T10:00:00+0200,38060.292,MW,DE,DE_LU,actual_solar_generation,Solar,2026-06-06T16:24:29Z
2026-06-06T16:23:19Z,2026-06-06T18:23:19+0200,8d87ff8c-7229-4840-a478-c91fa6b6d43f,2026-05-17T08:15:00Z,2026-05-17T10:15:00+0200,39206.873,MW,DE,DE_LU,actual_solar_generation,Solar,2026-06-06T16:24:29Z
2026-06-06T16:23:19Z,2026-06-06T18:23:19+0200,8d87ff8c-7229-4840-a478-c91fa6b6d43f,2026-05-17T08:30:00Z,2026-05-17T10:30:00+0200,39431.277,MW,DE,DE_LU,actual_solar_generation,Solar,2026-06-06T16:24:29Z
2026-06-06T16:23:19Z,2026-06-06T18:23:19+0200,8d87ff8c-7229-4840-a478-c91fa6b6d43f,2026-05-17T08:45:00Z,2026-05-17T10:45:00+0200,39490.912,MW,DE,DE_LU,actual_solar_generation,Solar,2026-06-06T16:24:29Z
2026-06-06T16:23:19Z,2026-06-06T18:23:19+0200,8d87ff8c-7229-4840-a478-c91fa6b6d43f,2026-05-17T09:00:00Z,2026-05-17T11:00:00+0200,39469.722,MW,DE,DE_LU,actual_solar_generation,Solar,2026-06-06T16:24:29Z
2026-06-06T16:23:19Z,2026-06-06T18:23:19+0200,8d87ff8c-7229-4840-a478-c91fa6b6d43f,2026-05-17T09:15:00Z,2026-05-17T11:15:00+0200,39666.73,MW,DE,DE_LU,actual_solar_generation,Solar,2026-06-06T16:24:29Z
2026-06-06T16:23:19Z,2026-06-06T18:23:19+0200,8d87ff8c-7229-4840-a478-c91fa6b6d43f,2026-05-17T09:30:00Z,2026-05-17T11:30:00+0200,39269.437,MW,DE,DE_LU,actual_solar_generation,Solar,2026-06-06T16:24:29Z
2026-06-06T16:23:19Z,2026-06-06T18:23:19+0200,8d87ff8c-7229-4840-a478-c91fa6b6d43f,2026-05-17T09:45:00Z,2026-05-17T11:45:00+0200,39081.498,MW,DE,DE_LU,actual_solar_generation,Solar,2026-06-06T16:24:29Z
2026-06-06T16:23:19Z,2026-06-06T18:23:19+0200,8d87ff8c-7229-4840-a478-c91fa6b6d43f,2026-05-17T10:00:00Z,2026-05-17T12:00:00+0200,39118.448,MW,DE,DE_LU,actual_solar_generation,Solar,2026-06-06T16:24:29Z
2026-06-06T16:23:19Z,2026-06-06T18:23:19+0200,8d87ff8c-7229-4840-a478-c91fa6b6d43f,2026-05-17T10:15:00Z,2026-05-17T12:15:00+0200,38722.065,MW,DE,DE_LU,actual_solar_generation,Solar,2026-06-06T16:24:29Z
2026-06-06T16:23:19Z,2026-06-06T18:23:19+0200,8d87ff8c-7229-4840-a478-c91fa6b6d43f,2026-05-17T10:30:00Z,2026-05-17T12:30:00+0200,38532.308,MW,DE,DE_LU,actual_solar_generation,Solar,2026-06-06T16:24:29Z
2026-06-06T16:23:19Z,2026-06-06T18:23:19+0200,8d87ff8c-7229-4840-a478-c91fa6b6d43f,2026-05-17T10:45:00Z,2026-05-17T12:45:00+0200,38009.166,MW,DE,DE_LU,actual_solar_generation,Solar,2026-06-06T16:24:29Z
2026-06-06T16:23:19Z,2026-06-06T18:23:19+0200,8d87ff8c-7229-4840-a478-c91fa6b6d43f,2026-05-17T11:00:00Z,2026-05-17T13:00:00+0200,37522.685,MW,DE,DE_LU,actual_solar_generation,Solar,2026-06-06T16:24:29Z
2026-06-06T16:23:19Z,2026-06-06T18:23:19+0200,8d87ff8c-7229-4840-a478-c91fa6b6d43f,2026-05-17T11:15:00Z,2026-05-17T13:15:00+0200,37060.749,MW,DE,DE_LU,actual_solar_generation,Solar,2026-06-06T16:24:29Z
2026-06-06T16:23:19Z,2026-06-06T18:23:19+0200,8d87ff8c-7229-4840-a478-c91fa6b6d43f,2026-05-17T11:30:00Z,2026-05-17T13:30:00+0200,35976.103,MW,DE,DE_LU,actual_solar_generation,Solar,2026-06-06T16:24:29Z
2026-06-06T16:23:19Z,2026-06-06T18:23:19+0200,8d87ff8c-7229-4840-a478-c91fa6b6d43f,2026-05-17T11:45:00Z,2026-05-17T13:45:00+0200,35350.979,MW,DE,DE_LU,actual_solar_generation,Solar,2026-06-06T16:24:29Z
2026-06-06T16:23:19Z,2026-06-06T18:23:19+0200,8d87ff8c-7229-4840-a478-c91fa6b6d43f,2026-05-17T12:00:00Z,2026-05-17T14:00:00+0200,34581.487,MW,DE,DE_LU,actual_solar_generation,Solar,2026-06-06T16:24:29Z
2026-06-06T16:23:19Z,2026-06-06T18:23:19+0200,8d87ff8c-7229-4840-a478-c91fa6b6d43f,2026-05-17T12:15:00Z,2026-05-17T14:15:00+0200,33812.6,MW,DE,DE_LU,actual_solar_generation,Solar,2026-06-06T16:24:29Z
2026-06-06T16:23:19Z,2026-06-06T18:23:19+0200,8d87ff8c-7229-4840-a478-c91fa6b6d43f,2026-05-17T12:30:00Z,2026-05-17T14:30:00+0200,33306.685,MW,DE,DE_LU,actual_solar_generation,Solar,2026-06-06T16:24:29Z
2026-06-06T16:23:19Z,2026-06-06T18:23:19+0200,8d87ff8c-7229-4840-a478-c91fa6b6d43f,2026-05-17T12:45:00Z,2026-05-17T14:45:00+0200,32594.036,MW,DE,DE_LU,actual_solar_generation,Solar,2026-06-06T16:24:29Z
2026-06-06T16:23:19Z,2026-06-06T18:23:19+0200,8d87ff8c-7229-4840-a478-c91fa6b6d43f,2026-05-17T13:00:00Z,2026-05-17T15:00:00+0200,31586.224,MW,DE,DE_LU,actual_solar_generation,Solar,2026-06-06T16:24:29Z
2026-06-06T16:23:19Z,2026-06-06T18:23:19+0200,8d87ff8c-7229-4840-a478-c91fa6b6d43f,2026-05-17T13:15:00Z,2026-05-17T15:15:00+0200,30655.939,MW,DE,DE_LU,actual_solar_generation,Solar,2026-06-06T16:24:29Z
2026-06-06T16:23:19Z,2026-06-06T18:23:19+0200,8d87ff8c-7229-4840-a478-c91fa6b6d43f,2026-05-17T13:30:00Z,2026-05-17T15:30:00+0200,29484.639,MW,DE,DE_LU,actual_solar_generation,Solar,2026-06-06T16:24:29Z
2026-06-06T16:23:19Z,2026-06-06T18:23:19+0200,8d87ff8c-7229-4840-a478-c91fa6b6d43f,2026-05-17T13:45:00Z,2026-05-17T15:45:00+0200,27962.499,MW,DE,DE_LU,actual_solar_generation,Solar,2026-06-06T16:24:29Z
2026-06-06T16:23:19Z,2026-06-06T18:23:19+0200,8d87ff8c-7229-4840-a478-c91fa6b6d43f,2026-05-17T14:00:00Z,2026-05-17T16:00:00+0200,26524.45,MW,DE,DE_LU,actual_solar_generation,Solar,2026-06-06T16:24:29Z
2026-06-06T16:23:19Z,2026-06-06T18:23:19+0200,8d87ff8c-7229-4840-a478-c91fa6b6d43f,2026-05-17T14:15:00Z,2026-05-17T16:15:00+0200,25191.123,MW,DE,DE_LU,actual_solar_generation,Solar,2026-06-06T16:24:29Z
2026-06-06T16:23:19Z,2026-06-06T18:23:19+0200,8d87ff8c-7229-4840-a478-c91fa6b6d43f,2026-05-17T14:30:00Z,2026-05-17T16:30:00+0200,23943.701,MW,DE,DE_LU,actual_solar_generation,Solar,2026-06-06T16:24:29Z
2026-06-06T16:23:19Z,2026-06-06T18:23:19+0200,8d87ff8c-7229-4840-a478-c91fa6b6d43f,2026-05-17T14:45:00Z,2026-05-17T16:45:00+0200,22459.056,MW,DE,DE_LU,actual_solar_generation,Solar,2026-06-06T16:24:29Z
2026-06-06T16:23:19Z,2026-06-06T18:23:19+0200,8d87ff8c-7229-4840-a478-c91fa6b6d43f,2026-05-17T15:00:00Z,2026-05-17T17:00:00+0200,21189.181,MW,DE,DE_LU,actual_solar_generation,Solar,2026-06-06T16:24:29Z
2026-06-06T16:23:19Z,2026-06-06T18:23:19+0200,8d87ff8c-7229-4840-a478-c91fa6b6d43f,2026-05-17T15:15:00Z,2026-05-17T17:15:00+0200,19710.965,MW,DE,DE_LU,actual_solar_generation,Solar,2026-06-06T16:24:29Z
2026-06-06T16:23:19Z,2026-06-06T18:23:19+0200,8d87ff8c-7229-4840-a478-c91fa6b6d43f,2026-05-17T15:30:00Z,2026-05-17T17:30:00+0200,18002.347,MW,DE,DE_LU,actual_solar_generation,Solar,2026-06-06T16:24:29Z
2026-06-06T16:23:19Z,2026-06-06T18:23:19+0200,8d87ff8c-7229-4840-a478-c91fa6b6d43f,2026-05-17T15:45:00Z,2026-05-17T17:45:00+0200,16222.388,MW,DE,DE_LU,actual_solar_generation,Solar,2026-06-06T16:24:29Z
2026-06-06T16:23:19Z,2026-06-06T18:23:19+0200,8d87ff8c-7229-4840-a478-c91fa6b6d43f,2026-05-17T16:00:00Z,2026-05-17T18:00:00+0200,14353.934,MW,DE,DE_LU,actual_solar_generation,Solar,2026-06-06T16:24:29Z
2026-06-06T16:23:19Z,2026-06-06T18:23:19+0200,8d87ff8c-7229-4840-a478-c91fa6b6d43f,2026-05-17T16:15:00Z,2026-05-17T18:15:00+0200,12402.809,MW,DE,DE_LU,actual_solar_generation,Solar,2026-06-06T16:24:29Z
2026-06-06T16:23:19Z,2026-06-06T18:23:19+0200,8d87ff8c-7229-4840-a478-c91fa6b6d43f,2026-05-17T16:30:00Z,2026-05-17T18:30:00+0200,10602.892,MW,DE,DE_LU,actual_solar_generation,Solar,2026-06-06T16:24:29Z
2026-06-06T16:23:19Z,2026-06-06T18:23:19+0200,8d87ff8c-7229-4840-a478-c91fa6b6d43f,2026-05-17T16:45:00Z,2026-05-17T18:45:00+0200,8837.19,MW,DE,DE_LU,actual_solar_generation,Solar,2026-06-06T16:24:29Z
2026-06-06T16:23:19Z,2026-06-06T18:23:19+0200,8d87ff8c-7229-4840-a478-c91fa6b6d43f,2026-05-17T17:00:00Z,2026-05-17T19:00:00+0200,7222.91,MW,DE,DE_LU,actual_solar_generation,Solar,2026-06-06T16:24:29Z
2026-06-06T16:23:19Z,2026-06-06T18:23:19+0200,8d87ff8c-7229-4840-a478-c91fa6b6d43f,2026-05-17T17:15:00Z,2026-05-17T19:15:00+0200,5657.467,MW,DE,DE_LU,actual_solar_generation,Solar,2026-06-06T16:24:29Z
2026-06-06T16:23:19Z,2026-06-06T18:23:19+0200,8d87ff8c-7229-4840-a478-c91fa6b6d43f,2026-05-17T17:30:00Z,2026-05-17T19:30:00+0200,4274.396,MW,DE,DE_LU,actual_solar_generation,Solar,2026-06-06T16:24:29Z
2026-06-06T16:23:19Z,2026-06-06T18:23:19+0200,8d87ff8c-7229-4840-a478-c91fa6b6d43f,2026-05-17T17:45:00Z,2026-05-17T19:45:00+0200,3018.584,MW,DE,DE_LU,actual_solar_generation,Solar,2026-06-06T16:24:29Z
2026-06-06T16:23:19Z,2026-06-06T18:23:19+0200,8d87ff8c-7229-4840-a478-c91fa6b6d43f,2026-05-17T18:00:00Z,2026-05-17T20:00:00+0200,1955.822,MW,DE,DE_LU,actual_solar_generation,Solar,2026-06-06T16:24:29Z
2026-06-06T16:23:19Z,2026-06-06T18:23:19+0200,8d87ff8c-7229-4840-a478-c91fa6b6d43f,2026-05-17T18:15:00Z,2026-05-17T20:15:00+0200,1075.604,MW,DE,DE_LU,actual_solar_generation,Solar,2026-06-06T16:24:29Z
2026-06-06T16:23:19Z,2026-06-06T18:23:19+0200,8d87ff8c-7229-4840-a478-c91fa6b6d43f,2026-05-17T18:30:00Z,2026-05-17T20:30:00+0200,423.073,MW,DE,DE_LU,actual_solar_generation,Solar,2026-06-06T16:24:29Z
2026-06-06T16:23:19Z,2026-06-06T18:23:19+0200,8d87ff8c-7229-4840-a478-c91fa6b6d43f,2026-05-17T18:45:00Z,2026-05-17T20:45:00+0200,125.844,MW,DE,DE_LU,actual_solar_generation,Solar,2026-06-06T16:24:29Z
2026-06-06T16:23:19Z,2026-06-06T18:23:19+0200,8d87ff8c-7229-4840-a478-c91fa6b6d43f,2026-05-17T19:00:00Z,2026-05-17T21:00:00+0200,33.256,MW,DE,DE_LU,actual_solar_generation,Solar,2026-06-06T16:24:29Z
2026-06-06T16:23:19Z,2026-06-06T18:23:19+0200,8d87ff8c-7229-4840-a478-c91fa6b6d43f,2026-05-17T19:15:00Z,2026-05-17T21:15:00+0200,7.199,MW,DE,DE_LU,actual_solar_generation,Solar,2026-06-06T16:24:29Z
2026-06-06T16:23:19Z,2026-06-06T18:23:19+0200,8d87ff8c-7229-4840-a478-c91fa6b6d43f,2026-05-17T19:30:00Z,2026-05-17T21:30:00+0200,5.649,MW,DE,DE_LU,actual_solar_generation,Solar,2026-06-06T16:24:29Z
2026-06-06T16:23:19Z,2026-06-06T18:23:19+0200,8d87ff8c-7229-4840-a478-c91fa6b6d43f,2026-05-17T19:45:00Z,2026-05-17T21:45:00+0200,0.306,MW,DE,DE_LU,actual_solar_generation,Solar,2026-06-06T16:24:29Z
2026-06-06T16:23:19Z,2026-06-06T18:23:19+0200,8d87ff8c-7229-4840-a478-c91fa6b6d43f,2026-05-17T20:00:00Z,2026-05-17T22:00:00+0200,0.192,MW,DE,DE_LU,actual_solar_generation,Solar,2026-06-06T16:24:29Z
2026-06-06T16:23:19Z,2026-06-06T18:23:19+0200,8d87ff8c-7229-4840-a478-c91fa6b6d43f,2026-05-17T20:15:00Z,2026-05-17T22:15:00+0200,0.175,MW,DE,DE_LU,actual_solar_generation,Solar,2026-06-06T16:24:29Z
2026-06-06T16:23:19Z,2026-06-06T18:23:19+0200,8d87ff8c-7229-4840-a478-c91fa6b6d43f,2026-05-17T20:30:00Z,2026-05-17T22:30:00+0200,0.169,MW,DE,DE_LU,actual_solar_generation,Solar,2026-06-06T16:24:29Z
2026-06-06T16:23:19Z,2026-06-06T18:23:19+0200,8d87ff8c-7229-4840-a478-c91fa6b6d43f,2026-05-17T20:45:00Z,2026-05-17T22:45:00+0200,0.154,MW,DE,DE_LU,actual_solar_generation,Solar,2026-06-06T16:24:29Z
2026-06-06T16:23:19Z,2026-06-06T18:23:19+0200,8d87ff8c-7229-4840-a478-c91fa6b6d43f,2026-05-17T21:00:00Z,2026-05-17T23:00:00+0200,0.138,MW,DE,DE_LU,actual_solar_generation,Solar,2026-06-06T16:24:29Z
2026-06-06T16:23:19Z,2026-06-06T18:23:19+0200,8d87ff8c-7229-4840-a478-c91fa6b6d43f,2026-05-17T21:15:00Z,2026-05-17T23:15:00+0200,0.146,MW,DE,DE_LU,actual_solar_generation,Solar,2026-06-06T16:24:29Z
2026-06-06T16:23:19Z,2026-06-06T18:23:19+0200,8d87ff8c-7229-4840-a478-c91fa6b6d43f,2026-05-17T21:30:00Z,2026-05-17T23:30:00+0200,0.127,MW,DE,DE_LU,actual_solar_generation,Solar,2026-06-06T16:24:29Z
2026-06-06T16:23:19Z,2026-06-06T18:23:19+0200,8d87ff8c-7229-4840-a478-c91fa6b6d43f,2026-05-17T21:45:00Z,2026-05-17T23:45:00+0200,0.11,MW,DE,DE_LU,actual_solar_generation,Solar,2026-06-06T16:24:29Z
2026-06-06T16:23:19Z,2026-06-06T18:23:19+0200,8d87ff8c-7229-4840-a478-c91fa6b6d43f,2026-05-17T22:00:00Z,2026-05-18T00:00:00+0200,0.113,MW,DE,DE_LU,actual_solar_generation,Solar,2026-06-06T16:24:29Z
2026-06-06T16:23:19Z,2026-06-06T18:23:19+0200,8d87ff8c-7229-4840-a478-c91fa6b6d43f,2026-05-17T22:15:00Z,2026-05-18T00:15:00+0200,0.1,MW,DE,DE_LU,actual_solar_generation,Solar,2026-06-06T16:24:29Z
2026-06-06T16:23:19Z,2026-06-06T18:23:19+0200,8d87ff8c-7229-4840-a478-c91fa6b6d43f,2026-05-17T22:30:00Z,2026-05-18T00:30:00+0200,0.092,MW,DE,DE_LU,actual_solar_generation,Solar,2026-06-06T16:24:29Z
2026-06-06T16:23:19Z,2026-06-06T18:23:19+0200,8d87ff8c-7229-4840-a478-c91fa6b6d43f,2026-05-17T22:45:00Z,2026-05-18T00:45:00+0200,0.094,MW,DE,DE_LU,actual_solar_generation,Solar,2026-06-06T16:24:29Z
2026-06-06T16:23:19Z,2026-06-06T18:23:19+0200,8d87ff8c-7229-4840-a478-c91fa6b6d43f,2026-05-17T23:00:00Z,2026-05-18T01:00:00+0200,0.083,MW,DE,DE_LU,actual_solar_generation,Solar,2026-06-06T16:24:29Z
2026-06-06T16:23:19Z,2026-06-06T18:23:19+0200,8d87ff8c-7229-4840-a478-c91fa6b6d43f,2026-05-17T23:15:00Z,2026-05-18T01:15:00+0200,0.09,MW,DE,DE_LU,actual_solar_generation,Solar,2026-06-06T16:24:29Z
2026-06-06T16:23:19Z,2026-06-06T18:23:19+0200,8d87ff8c-7229-4840-a478-c91fa6b6d43f,2026-05-17T23:30:00Z,2026-05-18T01:30:00+0200,0.08,MW,DE,DE_LU,actual_solar_generation,Solar,2026-06-06T16:24:29Z
2026-06-06T16:23:19Z,2026-06-06T18:23:19+0200,8d87ff8c-7229-4840-a478-c91fa6b6d43f,2026-05-17T23:45:00Z,2026-05-18T01:45:00+0200,0.074,MW,DE,DE_LU,actual_solar_generation,Solar,2026-06-06T16:24:29Z
2026-06-06T16:23:19Z,2026-06-06T18:23:19+0200,8d87ff8c-7229-4840-a478-c91fa6b6d43f,2026-05-18T00:00:00Z,2026-05-18T02:00:00+0200,0.072,MW,DE,DE_LU,actual_solar_generation,Solar,2026-06-06T16:24:29Z
2026-06-06T16:23:19Z,2026-06-06T18:23:19+0200,8d87ff8c-7229-4840-a478-c91fa6b6d43f,2026-05-18T00:15:00Z,2026-05-18T02:15:00+0200,0.065,MW,DE,DE_LU,actual_solar_generation,Solar,2026-06-06T16:24:29Z
2026-06-06T16:23:19Z,2026-06-06T18:23:19+0200,8d87ff8c-7229-4840-a478-c91fa6b6d43f,2026-05-18T00:30:00Z,2026-05-18T02:30:00+0200,0.07,MW,DE,DE_LU,actual_solar_generation,Solar,2026-06-06T16:24:29Z
2026-06-06T16:23:19Z,2026-06-06T18:23:19+0200,8d87ff8c-7229-4840-a478-c91fa6b6d43f,2026-05-18T00:45:00Z,2026-05-18T02:45:00+0200,0.082,MW,DE,DE_LU,actual_solar_generation,Solar,2026-06-06T16:24:29Z
2026-06-06T16:23:19Z,2026-06-06T18:23:19+0200,8d87ff8c-7229-4840-a478-c91fa6b6d43f,2026-05-18T01:00:00Z,2026-05-18T03:00:00+0200,0.072,MW,DE,DE_LU,actual_solar_generation,Solar,2026-06-06T16:24:29Z
2026-06-06T16:23:19Z,2026-06-06T18:23:19+0200,8d87ff8c-7229-4840-a478-c91fa6b6d43f,2026-05-18T01:15:00Z,2026-05-18T03:15:00+0200,0.051,MW,DE,DE_LU,actual_solar_generation,Solar,2026-06-06T16:24:29Z
2026-06-06T16:23:19Z,2026-06-06T18:23:19+0200,8d87ff8c-7229-4840-a478-c91fa6b6d43f,2026-05-18T01:30:00Z,2026-05-18T03:30:00+0200,0.057,MW,DE,DE_LU,actual_solar_generation,Solar,2026-06-06T16:24:29Z
2026-06-06T16:23:19Z,2026-06-06T18:23:19+0200,8d87ff8c-7229-4840-a478-c91fa6b6d43f,2026-05-18T01:45:00Z,2026-05-18T03:45:00+0200,0.061,MW,DE,DE_LU,actual_solar_generation,Solar,2026-06-06T16:24:29Z
2026-06-06T16:23:19Z,2026-06-06T18:23:19+0200,8d87ff8c-7229-4840-a478-c91fa6b6d43f,2026-05-18T02:00:00Z,2026-05-18T04:00:00+0200,0.051,MW,DE,DE_LU,actual_solar_generation,Solar,2026-06-06T16:24:29Z
2026-06-06T16:23:19Z,2026-06-06T18:23:19+0200,8d87ff8c-7229-4840-a478-c91fa6b6d43f,2026-05-18T02:15:00Z,2026-05-18T04:15:00+0200,0.053,MW,DE,DE_LU,actual_solar_generation,Solar,2026-06-06T16:24:29Z
2026-06-06T16:23:19Z,2026-06-06T18:23:19+0200,8d87ff8c-7229-4840-a478-c91fa6b6d43f,2026-05-18T02:30:00Z,2026-05-18T04:30:00+0200,0.096,MW,DE,DE_LU,actual_solar_generation,Solar,2026-06-06T16:24:29Z
2026-06-06T16:23:19Z,2026-06-06T18:23:19+0200,8d87ff8c-7229-4840-a478-c91fa6b6d43f,2026-05-18T02:45:00Z,2026-05-18T04:45:00+0200,1.346,MW,DE,DE_LU,actual_solar_generation,Solar,2026-06-06T16:24:29Z
2026-06-06T16:23:19Z,2026-06-06T18:23:19+0200,8d87ff8c-7229-4840-a478-c91fa6b6d43f,2026-05-18T03:00:00Z,2026-05-18T05:00:00+0200,8.055,MW,DE,DE_LU,actual_solar_generation,Solar,2026-06-06T16:24:29Z
2026-06-06T16:23:19Z,2026-06-06T18:23:19+0200,8d87ff8c-7229-4840-a478-c91fa6b6d43f,2026-05-18T03:15:00Z,2026-05-18T05:15:00+0200,63.64,MW,DE,DE_LU,actual_solar_generation,Solar,2026-06-06T16:24:29Z
2026-06-06T16:23:19Z,2026-06-06T18:23:19+0200,8d87ff8c-7229-4840-a478-c91fa6b6d43f,2026-05-18T03:30:00Z,2026-05-18T05:30:00+0200,281.83,MW,DE,DE_LU,actual_solar_generation,Solar,2026-06-06T16:24:29Z
2026-06-06T16:23:19Z,2026-06-06T18:23:19+0200,8d87ff8c-7229-4840-a478-c91fa6b6d43f,2026-05-18T03:45:00Z,2026-05-18T05:45:00+0200,841.506,MW,DE,DE_LU,actual_solar_generation,Solar,2026-06-06T16:24:29Z
2026-06-06T16:23:19Z,2026-06-06T18:23:19+0200,8d87ff8c-7229-4840-a478-c91fa6b6d43f,2026-05-18T04:00:00Z,2026-05-18T06:00:00+0200,1611.486,MW,DE,DE_LU,actual_solar_generation,Solar,2026-06-06T16:24:29Z
2026-06-06T16:23:19Z,2026-06-06T18:23:19+0200,8d87ff8c-7229-4840-a478-c91fa6b6d43f,2026-05-18T04:15:00Z,2026-05-18T06:15:00+0200,2565.791,MW,DE,DE_LU,actual_solar_generation,Solar,2026-06-06T16:24:29Z
2026-06-06T16:23:19Z,2026-06-06T18:23:19+0200,8d87ff8c-7229-4840-a478-c91fa6b6d43f,2026-05-18T04:30:00Z,2026-05-18T06:30:00+0200,3725.21,MW,DE,DE_LU,actual_solar_generation,Solar,2026-06-06T16:24:29Z
2026-06-06T16:23:19Z,2026-06-06T18:23:19+0200,8d87ff8c-7229-4840-a478-c91fa6b6d43f,2026-05-18T04:45:00Z,2026-05-18T06:45:00+0200,5099.122,MW,DE,DE_LU,actual_solar_generation,Solar,2026-06-06T16:24:29Z
2026-06-06T16:23:19Z,2026-06-06T18:23:19+0200,8d87ff8c-7229-4840-a478-c91fa6b6d43f,2026-05-18T05:00:00Z,2026-05-18T07:00:00+0200,6653.414,MW,DE,DE_LU,actual_solar_generation,Solar,2026-06-06T16:24:29Z
2026-06-06T16:23:19Z,2026-06-06T18:23:19+0200,8d87ff8c-7229-4840-a478-c91fa6b6d43f,2026-05-18T05:15:00Z,2026-05-18T07:15:00+0200,8487.339,MW,DE,DE_LU,actual_solar_generation,Solar,2026-06-06T16:24:29Z
2026-06-06T16:23:19Z,2026-06-06T18:23:19+0200,8d87ff8c-7229-4840-a478-c91fa6b6d43f,2026-05-18T05:30:00Z,2026-05-18T07:30:00+0200,10393.553,MW,DE,DE_LU,actual_solar_generation,Solar,2026-06-06T16:24:29Z
2026-06-06T16:23:19Z,2026-06-06T18:23:19+0200,8d87ff8c-7229-4840-a478-c91fa6b6d43f,2026-05-18T05:45:00Z,2026-05-18T07:45:00+0200,12555.033,MW,DE,DE_LU,actual_solar_generation,Solar,2026-06-06T16:24:29Z
2026-06-06T16:23:19Z,2026-06-06T18:23:19+0200,8d87ff8c-7229-4840-a478-c91fa6b6d43f,2026-05-18T06:00:00Z,2026-05-18T08:00:00+0200,14660.479,MW,DE,DE_LU,actual_solar_generation,Solar,2026-06-06T16:24:29Z
2026-06-06T16:23:19Z,2026-06-06T18:23:19+0200,8d87ff8c-7229-4840-a478-c91fa6b6d43f,2026-05-18T06:15:00Z,2026-05-18T08:15:00+0200,17193.846,MW,DE,DE_LU,actual_solar_generation,Solar,2026-06-06T16:24:29Z
2026-06-06T16:23:19Z,2026-06-06T18:23:19+0200,8d87ff8c-7229-4840-a478-c91fa6b6d43f,2026-05-18T06:30:00Z,2026-05-18T08:30:00+0200,19629.222,MW,DE,DE_LU,actual_solar_generation,Solar,2026-06-06T16:24:29Z
2026-06-06T16:23:19Z,2026-06-06T18:23:19+0200,8d87ff8c-7229-4840-a478-c91fa6b6d43f,2026-05-18T06:45:00Z,2026-05-18T08:45:00+0200,22128.128,MW,DE,DE_LU,actual_solar_generation,Solar,2026-06-06T16:24:29Z
2026-06-06T16:23:19Z,2026-06-06T18:23:19+0200,8d87ff8c-7229-4840-a478-c91fa6b6d43f,2026-05-18T07:00:00Z,2026-05-18T09:00:00+0200,24568.648,MW,DE,DE_LU,actual_solar_generation,Solar,2026-06-06T16:24:29Z
2026-06-06T16:23:19Z,2026-06-06T18:23:19+0200,8d87ff8c-7229-4840-a478-c91fa6b6d43f,2026-05-18T07:15:00Z,2026-05-18T09:15:00+0200,26792.463,MW,DE,DE_LU,actual_solar_generation,Solar,2026-06-06T16:24:29Z
2026-06-06T16:23:19Z,2026-06-06T18:23:19+0200,8d87ff8c-7229-4840-a478-c91fa6b6d43f,2026-05-18T07:30:00Z,2026-05-18T09:30:00+0200,28941.422,MW,DE,DE_LU,actual_solar_generation,Solar,2026-06-06T16:24:29Z
2026-06-06T16:23:19Z,2026-06-06T18:23:19+0200,8d87ff8c-7229-4840-a478-c91fa6b6d43f,2026-05-18T07:45:00Z,2026-05-18T09:45:00+0200,30647.918,MW,DE,DE_LU,actual_solar_generation,Solar,2026-06-06T16:24:29Z
2026-06-06T16:23:19Z,2026-06-06T18:23:19+0200,8d87ff8c-7229-4840-a478-c91fa6b6d43f,2026-05-18T08:00:00Z,2026-05-18T10:00:00+0200,32266.03,MW,DE,DE_LU,actual_solar_generation,Solar,2026-06-06T16:24:29Z
2026-06-06T16:23:19Z,2026-06-06T18:23:19+0200,8d87ff8c-7229-4840-a478-c91fa6b6d43f,2026-05-18T08:15:00Z,2026-05-18T10:15:00+0200,33793.214,MW,DE,DE_LU,actual_solar_generation,Solar,2026-06-06T16:24:29Z
2026-06-06T16:23:19Z,2026-06-06T18:23:19+0200,8d87ff8c-7229-4840-a478-c91fa6b6d43f,2026-05-18T08:30:00Z,2026-05-18T10:30:00+0200,35207.062,MW,DE,DE_LU,actual_solar_generation,Solar,2026-06-06T16:24:29Z
2026-06-06T16:23:19Z,2026-06-06T18:23:19+0200,8d87ff8c-7229-4840-a478-c91fa6b6d43f,2026-05-18T08:45:00Z,2026-05-18T10:45:00+0200,36473.73,MW,DE,DE_LU,actual_solar_generation,Solar,2026-06-06T16:24:29Z
2026-06-06T16:23:19Z,2026-06-06T18:23:19+0200,8d87ff8c-7229-4840-a478-c91fa6b6d43f,2026-05-18T09:00:00Z,2026-05-18T11:00:00+0200,37735.542,MW,DE,DE_LU,actual_solar_generation,Solar,2026-06-06T16:24:29Z
2026-06-06T16:23:19Z,2026-06-06T18:23:19+0200,8d87ff8c-7229-4840-a478-c91fa6b6d43f,2026-05-18T09:15:00Z,2026-05-18T11:15:00+0200,38565.242,MW,DE,DE_LU,actual_solar_generation,Solar,2026-06-06T16:24:29Z
2026-06-06T16:23:19Z,2026-06-06T18:23:19+0200,8d87ff8c-7229-4840-a478-c91fa6b6d43f,2026-05-18T09:30:00Z,2026-05-18T11:30:00+0200,39144.424,MW,DE,DE_LU,actual_solar_generation,Solar,2026-06-06T16:24:29Z
2026-06-06T16:23:19Z,2026-06-06T18:23:19+0200,8d87ff8c-7229-4840-a478-c91fa6b6d43f,2026-05-18T09:45:00Z,2026-05-18T11:45:00+0200,39020.201,MW,DE,DE_LU,actual_solar_generation,Solar,2026-06-06T16:24:29Z
2026-06-06T16:23:19Z,2026-06-06T18:23:19+0200,8d87ff8c-7229-4840-a478-c91fa6b6d43f,2026-05-18T10:00:00Z,2026-05-18T12:00:00+0200,39111.521,MW,DE,DE_LU,actual_solar_generation,Solar,2026-06-06T16:24:29Z
2026-06-06T16:23:19Z,2026-06-06T18:23:19+0200,8d87ff8c-7229-4840-a478-c91fa6b6d43f,2026-05-18T10:15:00Z,2026-05-18T12:15:00+0200,38654.007,MW,DE,DE_LU,actual_solar_generation,Solar,2026-06-06T16:24:29Z
2026-06-06T16:23:19Z,2026-06-06T18:23:19+0200,8d87ff8c-7229-4840-a478-c91fa6b6d43f,2026-05-18T10:30:00Z,2026-05-18T12:30:00+0200,38104.147,MW,DE,DE_LU,actual_solar_generation,Solar,2026-06-06T16:24:29Z
2026-06-06T16:23:19Z,2026-06-06T18:23:19+0200,8d87ff8c-7229-4840-a478-c91fa6b6d43f,2026-05-18T10:45:00Z,2026-05-18T12:45:00+0200,37814.453,MW,DE,DE_LU,actual_solar_generation,Solar,2026-06-06T16:24:29Z
2026-06-06T16:23:19Z,2026-06-06T18:23:19+0200,8d87ff8c-7229-4840-a478-c91fa6b6d43f,2026-05-18T11:00:00Z,2026-05-18T13:00:00+0200,37325.459,MW,DE,DE_LU,actual_solar_generation,Solar,2026-06-06T16:24:29Z
2026-06-06T16:23:19Z,2026-06-06T18:23:19+0200,8d87ff8c-7229-4840-a478-c91fa6b6d43f,2026-05-18T11:15:00Z,2026-05-18T13:15:00+0200,36726.177,MW,DE,DE_LU,actual_solar_generation,Solar,2026-06-06T16:24:29Z
2026-06-06T16:23:19Z,2026-06-06T18:23:19+0200,8d87ff8c-7229-4840-a478-c91fa6b6d43f,2026-05-18T11:30:00Z,2026-05-18T13:30:00+0200,35985.227,MW,DE,DE_LU,actual_solar_generation,Solar,2026-06-06T16:24:29Z
2026-06-06T16:23:19Z,2026-06-06T18:23:19+0200,8d87ff8c-7229-4840-a478-c91fa6b6d43f,2026-05-18T11:45:00Z,2026-05-18T13:45:00+0200,35374.769,MW,DE,DE_LU,actual_solar_generation,Solar,2026-06-06T16:24:29Z
2026-06-06T16:23:19Z,2026-06-06T18:23:19+0200,8d87ff8c-7229-4840-a478-c91fa6b6d43f,2026-05-18T12:00:00Z,2026-05-18T14:00:00+0200,34938.221,MW,DE,DE_LU,actual_solar_generation,Solar,2026-06-06T16:24:29Z
2026-06-06T16:23:19Z,2026-06-06T18:23:19+0200,8d87ff8c-7229-4840-a478-c91fa6b6d43f,2026-05-18T12:15:00Z,2026-05-18T14:15:00+0200,34403.825,MW,DE,DE_LU,actual_solar_generation,Solar,2026-06-06T16:24:29Z
2026-06-06T16:23:19Z,2026-06-06T18:23:19+0200,8d87ff8c-7229-4840-a478-c91fa6b6d43f,2026-05-18T12:30:00Z,2026-05-18T14:30:00+0200,33862.73,MW,DE,DE_LU,actual_solar_generation,Solar,2026-06-06T16:24:29Z
2026-06-06T16:23:19Z,2026-06-06T18:23:19+0200,8d87ff8c-7229-4840-a478-c91fa6b6d43f,2026-05-18T12:45:00Z,2026-05-18T14:45:00+0200,33029.739,MW,DE,DE_LU,actual_solar_generation,Solar,2026-06-06T16:24:29Z
2026-06-06T16:23:19Z,2026-06-06T18:23:19+0200,8d87ff8c-7229-4840-a478-c91fa6b6d43f,2026-05-18T13:00:00Z,2026-05-18T15:00:00+0200,32686.708,MW,DE,DE_LU,actual_solar_generation,Solar,2026-06-06T16:24:29Z
2026-06-06T16:23:19Z,2026-06-06T18:23:19+0200,8d87ff8c-7229-4840-a478-c91fa6b6d43f,2026-05-18T13:15:00Z,2026-05-18T15:15:00+0200,31767.681,MW,DE,DE_LU,actual_solar_generation,Solar,2026-06-06T16:24:29Z
2026-06-06T16:23:19Z,2026-06-06T18:23:19+0200,8d87ff8c-7229-4840-a478-c91fa6b6d43f,2026-05-18T13:30:00Z,2026-05-18T15:30:00+0200,31302.119,MW,DE,DE_LU,actual_solar_generation,Solar,2026-06-06T16:24:29Z
2026-06-06T16:23:19Z,2026-06-06T18:23:19+0200,8d87ff8c-7229-4840-a478-c91fa6b6d43f,2026-05-18T13:45:00Z,2026-05-18T15:45:00+0200,30202.59,MW,DE,DE_LU,actual_solar_generation,Solar,2026-06-06T16:24:29Z
2026-06-06T16:23:19Z,2026-06-06T18:23:19+0200,8d87ff8c-7229-4840-a478-c91fa6b6d43f,2026-05-18T14:00:00Z,2026-05-18T16:00:00+0200,28545.143,MW,DE,DE_LU,actual_solar_generation,Solar,2026-06-06T16:24:29Z
2026-06-06T16:23:19Z,2026-06-06T18:23:19+0200,8d87ff8c-7229-4840-a478-c91fa6b6d43f,2026-05-18T14:15:00Z,2026-05-18T16:15:00+0200,26928.143,MW,DE,DE_LU,actual_solar_generation,Solar,2026-06-06T16:24:29Z
2026-06-06T16:23:19Z,2026-06-06T18:23:19+0200,8d87ff8c-7229-4840-a478-c91fa6b6d43f,2026-05-18T14:30:00Z,2026-05-18T16:30:00+0200,25451.203,MW,DE,DE_LU,actual_solar_generation,Solar,2026-06-06T16:24:29Z
2026-06-06T16:23:19Z,2026-06-06T18:23:19+0200,8d87ff8c-7229-4840-a478-c91fa6b6d43f,2026-05-18T14:45:00Z,2026-05-18T16:45:00+0200,23643.369,MW,DE,DE_LU,actual_solar_generation,Solar,2026-06-06T16:24:29Z
2026-06-06T16:23:19Z,2026-06-06T18:23:19+0200,8d87ff8c-7229-4840-a478-c91fa6b6d43f,2026-05-18T15:00:00Z,2026-05-18T17:00:00+0200,22301.391,MW,DE,DE_LU,actual_solar_generation,Solar,2026-06-06T16:24:29Z
2026-06-06T16:23:19Z,2026-06-06T18:23:19+0200,8d87ff8c-7229-4840-a478-c91fa6b6d43f,2026-05-18T15:15:00Z,2026-05-18T17:15:00+0200,20631.297,MW,DE,DE_LU,actual_solar_generation,Solar,2026-06-06T16:24:29Z
2026-06-06T16:23:19Z,2026-06-06T18:23:19+0200,8d87ff8c-7229-4840-a478-c91fa6b6d43f,2026-05-18T15:30:00Z,2026-05-18T17:30:00+0200,18611.386,MW,DE,DE_LU,actual_solar_generation,Solar,2026-06-06T16:24:29Z
2026-06-06T16:23:19Z,2026-06-06T18:23:19+0200,8d87ff8c-7229-4840-a478-c91fa6b6d43f,2026-05-18T15:45:00Z,2026-05-18T17:45:00+0200,16712.953,MW,DE,DE_LU,actual_solar_generation,Solar,2026-06-06T16:24:29Z
2026-06-06T16:23:19Z,2026-06-06T18:23:19+0200,8d87ff8c-7229-4840-a478-c91fa6b6d43f,2026-05-18T16:00:00Z,2026-05-18T18:00:00+0200,14862.154,MW,DE,DE_LU,actual_solar_generation,Solar,2026-06-06T16:24:29Z
2026-06-06T16:23:19Z,2026-06-06T18:23:19+0200,8d87ff8c-7229-4840-a478-c91fa6b6d43f,2026-05-18T16:15:00Z,2026-05-18T18:15:00+0200,12880.965,MW,DE,DE_LU,actual_solar_generation,Solar,2026-06-06T16:24:29Z
2026-06-06T16:23:19Z,2026-06-06T18:23:19+0200,8d87ff8c-7229-4840-a478-c91fa6b6d43f,2026-05-18T16:30:00Z,2026-05-18T18:30:00+0200,10905.653,MW,DE,DE_LU,actual_solar_generation,Solar,2026-06-06T16:24:29Z
2026-06-06T16:23:19Z,2026-06-06T18:23:19+0200,8d87ff8c-7229-4840-a478-c91fa6b6d43f,2026-05-18T16:45:00Z,2026-05-18T18:45:00+0200,9112.865,MW,DE,DE_LU,actual_solar_generation,Solar,2026-06-06T16:24:29Z
2026-06-06T16:23:19Z,2026-06-06T18:23:19+0200,8d87ff8c-7229-4840-a478-c91fa6b6d43f,2026-05-18T17:00:00Z,2026-05-18T19:00:00+0200,7264.741,MW,DE,DE_LU,actual_solar_generation,Solar,2026-06-06T16:24:29Z
2026-06-06T16:23:19Z,2026-06-06T18:23:19+0200,8d87ff8c-7229-4840-a478-c91fa6b6d43f,2026-05-18T17:15:00Z,2026-05-18T19:15:00+0200,5649.455,MW,DE,DE_LU,actual_solar_generation,Solar,2026-06-06T16:24:29Z
2026-06-06T16:23:19Z,2026-06-06T18:23:19+0200,8d87ff8c-7229-4840-a478-c91fa6b6d43f,2026-05-18T17:30:00Z,2026-05-18T19:30:00+0200,4258.446,MW,DE,DE_LU,actual_solar_generation,Solar,2026-06-06T16:24:29Z
2026-06-06T16:23:19Z,2026-06-06T18:23:19+0200,8d87ff8c-7229-4840-a478-c91fa6b6d43f,2026-05-18T17:45:00Z,2026-05-18T19:45:00+0200,3069.869,MW,DE,DE_LU,actual_solar_generation,Solar,2026-06-06T16:24:29Z
2026-06-06T16:23:19Z,2026-06-06T18:23:19+0200,8d87ff8c-7229-4840-a478-c91fa6b6d43f,2026-05-18T18:00:00Z,2026-05-18T20:00:00+0200,2044.371,MW,DE,DE_LU,actual_solar_generation,Solar,2026-06-06T16:24:29Z
2026-06-06T16:23:19Z,2026-06-06T18:23:19+0200,8d87ff8c-7229-4840-a478-c91fa6b6d43f,2026-05-18T18:15:00Z,2026-05-18T20:15:00+0200,1214.697,MW,DE,DE_LU,actual_solar_generation,Solar,2026-06-06T16:24:29Z
2026-06-06T16:23:19Z,2026-06-06T18:23:19+0200,8d87ff8c-7229-4840-a478-c91fa6b6d43f,2026-05-18T18:30:00Z,2026-05-18T20:30:00+0200,616.757,MW,DE,DE_LU,actual_solar_generation,Solar,2026-06-06T16:24:29Z
2026-06-06T16:23:19Z,2026-06-06T18:23:19+0200,8d87ff8c-7229-4840-a478-c91fa6b6d43f,2026-05-18T18:45:00Z,2026-05-18T20:45:00+0200,228.974,MW,DE,DE_LU,actual_solar_generation,Solar,2026-06-06T16:24:29Z
2026-06-06T16:23:19Z,2026-06-06T18:23:19+0200,8d87ff8c-7229-4840-a478-c91fa6b6d43f,2026-05-18T19:00:00Z,2026-05-18T21:00:00+0200,70.807,MW,DE,DE_LU,actual_solar_generation,Solar,2026-06-06T16:24:29Z
2026-06-06T16:23:19Z,2026-06-06T18:23:19+0200,8d87ff8c-7229-4840-a478-c91fa6b6d43f,2026-05-18T19:15:00Z,2026-05-18T21:15:00+0200,12.923,MW,DE,DE_LU,actual_solar_generation,Solar,2026-06-06T16:24:29Z
2026-06-06T16:23:19Z,2026-06-06T18:23:19+0200,8d87ff8c-7229-4840-a478-c91fa6b6d43f,2026-05-18T19:30:00Z,2026-05-18T21:30:00+0200,3.717,MW,DE,DE_LU,actual_solar_generation,Solar,2026-06-06T16:24:29Z
2026-06-06T16:23:19Z,2026-06-06T18:23:19+0200,8d87ff8c-7229-4840-a478-c91fa6b6d43f,2026-05-18T19:45:00Z,2026-05-18T21:45:00+0200,0.406,MW,DE,DE_LU,actual_solar_generation,Solar,2026-06-06T16:24:29Z
2026-06-06T16:23:19Z,2026-06-06T18:23:19+0200,8d87ff8c-7229-4840-a478-c91fa6b6d43f,2026-05-18T20:00:00Z,2026-05-18T22:00:00+0200,0.235,MW,DE,DE_LU,actual_solar_generation,Solar,2026-06-06T16:24:29Z
2026-06-06T16:23:19Z,2026-06-06T18:23:19+0200,8d87ff8c-7229-4840-a478-c91fa6b6d43f,2026-05-18T20:15:00Z,2026-05-18T22:15:00+0200,0.21,MW,DE,DE_LU,actual_solar_generation,Solar,2026-06-06T16:24:29Z
2026-06-06T16:23:19Z,2026-06-06T18:23:19+0200,8d87ff8c-7229-4840-a478-c91fa6b6d43f,2026-05-18T20:30:00Z,2026-05-18T22:30:00+0200,0.188,MW,DE,DE_LU,actual_solar_generation,Solar,2026-06-06T16:24:29Z
2026-06-06T16:23:19Z,2026-06-06T18:23:19+0200,8d87ff8c-7229-4840-a478-c91fa6b6d43f,2026-05-18T20:45:00Z,2026-05-18T22:45:00+0200,0.161,MW,DE,DE_LU,actual_solar_generation,Solar,2026-06-06T16:24:29Z
2026-06-06T16:23:19Z,2026-06-06T18:23:19+0200,8d87ff8c-7229-4840-a478-c91fa6b6d43f,2026-05-18T21:00:00Z,2026-05-18T23:00:00+0200,0.147,MW,DE,DE_LU,actual_solar_generation,Solar,2026-06-06T16:24:29Z
2026-06-06T16:23:19Z,2026-06-06T18:23:19+0200,8d87ff8c-7229-4840-a478-c91fa6b6d43f,2026-05-18T21:15:00Z,2026-05-18T23:15:00+0200,0.143,MW,DE,DE_LU,actual_solar_generation,Solar,2026-06-06T16:24:29Z
2026-06-06T16:23:19Z,2026-06-06T18:23:19+0200,8d87ff8c-7229-4840-a478-c91fa6b6d43f,2026-05-18T21:30:00Z,2026-05-18T23:30:00+0200,0.138,MW,DE,DE_LU,actual_solar_generation,Solar,2026-06-06T16:24:29Z
2026-06-06T16:23:19Z,2026-06-06T18:23:19+0200,8d87ff8c-7229-4840-a478-c91fa6b6d43f,2026-05-18T21:45:00Z,2026-05-18T23:45:00+0200,0.141,MW,DE,DE_LU,actual_solar_generation,Solar,2026-06-06T16:24:29Z
2026-06-06T16:23:19Z,2026-06-06T18:23:19+0200,8d87ff8c-7229-4840-a478-c91fa6b6d43f,2026-05-18T22:00:00Z,2026-05-19T00:00:00+0200,0.144,MW,DE,DE_LU,actual_solar_generation,Solar,2026-06-06T16:24:29Z
2026-06-06T16:23:19Z,2026-06-06T18:23:19+0200,8d87ff8c-7229-4840-a478-c91fa6b6d43f,2026-05-18T22:15:00Z,2026-05-19T00:15:00+0200,0.134,MW,DE,DE_LU,actual_solar_generation,Solar,2026-06-06T16:24:29Z
2026-06-06T16:23:19Z,2026-06-06T18:23:19+0200,8d87ff8c-7229-4840-a478-c91fa6b6d43f,2026-05-18T22:30:00Z,2026-05-19T00:30:00+0200,0.114,MW,DE,DE_LU,actual_solar_generation,Solar,2026-06-06T16:24:29Z
2026-06-06T16:23:19Z,2026-06-06T18:23:19+0200,8d87ff8c-7229-4840-a478-c91fa6b6d43f,2026-05-18T22:45:00Z,2026-05-19T00:45:00+0200,0.107,MW,DE,DE_LU,actual_solar_generation,Solar,2026-06-06T16:24:29Z
2026-06-06T16:23:19Z,2026-06-06T18:23:19+0200,8d87ff8c-7229-4840-a478-c91fa6b6d43f,2026-05-18T23:00:00Z,2026-05-19T01:00:00+0200,0.105,MW,DE,DE_LU,actual_solar_generation,Solar,2026-06-06T16:24:29Z
2026-06-06T16:23:19Z,2026-06-06T18:23:19+0200,8d87ff8c-7229-4840-a478-c91fa6b6d43f,2026-05-18T23:15:00Z,2026-05-19T01:15:00+0200,0.105,MW,DE,DE_LU,actual_solar_generation,Solar,2026-06-06T16:24:29Z
2026-06-06T16:23:19Z,2026-06-06T18:23:19+0200,8d87ff8c-7229-4840-a478-c91fa6b6d43f,2026-05-18T23:30:00Z,2026-05-19T01:30:00+0200,0.108,MW,DE,DE_LU,actual_solar_generation,Solar,2026-06-06T16:24:29Z
2026-06-06T16:23:19Z,2026-06-06T18:23:19+0200,8d87ff8c-7229-4840-a478-c91fa6b6d43f,2026-05-18T23:45:00Z,2026-05-19T01:45:00+0200,0.092,MW,DE,DE_LU,actual_solar_generation,Solar,2026-06-06T16:24:29Z
2026-06-06T16:23:19Z,2026-06-06T18:23:19+0200,8d87ff8c-7229-4840-a478-c91fa6b6d43f,2026-05-19T00:00:00Z,2026-05-19T02:00:00+0200,0.077,MW,DE,DE_LU,actual_solar_generation,Solar,2026-06-06T16:24:29Z
2026-06-06T16:23:19Z,2026-06-06T18:23:19+0200,8d87ff8c-7229-4840-a478-c91fa6b6d43f,2026-05-19T00:15:00Z,2026-05-19T02:15:00+0200,0.081,MW,DE,DE_LU,actual_solar_generation,Solar,2026-06-06T16:24:29Z
2026-06-06T16:23:19Z,2026-06-06T18:23:19+0200,8d87ff8c-7229-4840-a478-c91fa6b6d43f,2026-05-19T00:30:00Z,2026-05-19T02:30:00+0200,0.079,MW,DE,DE_LU,actual_solar_generation,Solar,2026-06-06T16:24:29Z
2026-06-06T16:23:19Z,2026-06-06T18:23:19+0200,8d87ff8c-7229-4840-a478-c91fa6b6d43f,2026-05-19T00:45:00Z,2026-05-19T02:45:00+0200,0.081,MW,DE,DE_LU,actual_solar_generation,Solar,2026-06-06T16:24:29Z
2026-06-06T16:23:19Z,2026-06-06T18:23:19+0200,8d87ff8c-7229-4840-a478-c91fa6b6d43f,2026-05-19T01:00:00Z,2026-05-19T03:00:00+0200,0.083,MW,DE,DE_LU,actual_solar_generation,Solar,2026-06-06T16:24:29Z
2026-06-06T16:23:19Z,2026-06-06T18:23:19+0200,8d87ff8c-7229-4840-a478-c91fa6b6d43f,2026-05-19T01:15:00Z,2026-05-19T03:15:00+0200,0.07,MW,DE,DE_LU,actual_solar_generation,Solar,2026-06-06T16:24:29Z
2026-06-06T16:23:19Z,2026-06-06T18:23:19+0200,8d87ff8c-7229-4840-a478-c91fa6b6d43f,2026-05-19T01:30:00Z,2026-05-19T03:30:00+0200,0.063,MW,DE,DE_LU,actual_solar_generation,Solar,2026-06-06T16:24:29Z
2026-06-06T16:23:19Z,2026-06-06T18:23:19+0200,8d87ff8c-7229-4840-a478-c91fa6b6d43f,2026-05-19T01:45:00Z,2026-05-19T03:45:00+0200,0.071,MW,DE,DE_LU,actual_solar_generation,Solar,2026-06-06T16:24:29Z
2026-06-06T16:23:19Z,2026-06-06T18:23:19+0200,8d87ff8c-7229-4840-a478-c91fa6b6d43f,2026-05-19T02:00:00Z,2026-05-19T04:00:00+0200,0.067,MW,DE,DE_LU,actual_solar_generation,Solar,2026-06-06T16:24:29Z
2026-06-06T16:23:19Z,2026-06-06T18:23:19+0200,8d87ff8c-7229-4840-a478-c91fa6b6d43f,2026-05-19T02:15:00Z,2026-05-19T04:15:00+0200,0.08,MW,DE,DE_LU,actual_solar_generation,Solar,2026-06-06T16:24:29Z
2026-06-06T16:23:19Z,2026-06-06T18:23:19+0200,8d87ff8c-7229-4840-a478-c91fa6b6d43f,2026-05-19T02:30:00Z,2026-05-19T04:30:00+0200,0.073,MW,DE,DE_LU,actual_solar_generation,Solar,2026-06-06T16:24:29Z
2026-06-06T16:23:19Z,2026-06-06T18:23:19+0200,8d87ff8c-7229-4840-a478-c91fa6b6d43f,2026-05-19T02:45:00Z,2026-05-19T04:45:00+0200,1.677,MW,DE,DE_LU,actual_solar_generation,Solar,2026-06-06T16:24:29Z
2026-06-06T16:23:19Z,2026-06-06T18:23:19+0200,8d87ff8c-7229-4840-a478-c91fa6b6d43f,2026-05-19T03:00:00Z,2026-05-19T05:00:00+0200,12.978,MW,DE,DE_LU,actual_solar_generation,Solar,2026-06-06T16:24:29Z
2026-06-06T16:23:19Z,2026-06-06T18:23:19+0200,8d87ff8c-7229-4840-a478-c91fa6b6d43f,2026-05-19T03:15:00Z,2026-05-19T05:15:00+0200,79.69,MW,DE,DE_LU,actual_solar_generation,Solar,2026-06-06T16:24:29Z
2026-06-06T16:23:19Z,2026-06-06T18:23:19+0200,8d87ff8c-7229-4840-a478-c91fa6b6d43f,2026-05-19T03:30:00Z,2026-05-19T05:30:00+0200,275.561,MW,DE,DE_LU,actual_solar_generation,Solar,2026-06-06T16:24:29Z
2026-06-06T16:23:19Z,2026-06-06T18:23:19+0200,8d87ff8c-7229-4840-a478-c91fa6b6d43f,2026-05-19T03:45:00Z,2026-05-19T05:45:00+0200,783.756,MW,DE,DE_LU,actual_solar_generation,Solar,2026-06-06T16:24:29Z
2026-06-06T16:23:19Z,2026-06-06T18:23:19+0200,8d87ff8c-7229-4840-a478-c91fa6b6d43f,2026-05-19T04:00:00Z,2026-05-19T06:00:00+0200,1648.201,MW,DE,DE_LU,actual_solar_generation,Solar,2026-06-06T16:24:29Z
2026-06-06T16:23:19Z,2026-06-06T18:23:19+0200,8d87ff8c-7229-4840-a478-c91fa6b6d43f,2026-05-19T04:15:00Z,2026-05-19T06:15:00+0200,2667.221,MW,DE,DE_LU,actual_solar_generation,Solar,2026-06-06T16:24:29Z
2026-06-06T16:23:19Z,2026-06-06T18:23:19+0200,8d87ff8c-7229-4840-a478-c91fa6b6d43f,2026-05-19T04:30:00Z,2026-05-19T06:30:00+0200,3944.915,MW,DE,DE_LU,actual_solar_generation,Solar,2026-06-06T16:24:29Z
2026-06-06T16:23:19Z,2026-06-06T18:23:19+0200,8d87ff8c-7229-4840-a478-c91fa6b6d43f,2026-05-19T04:45:00Z,2026-05-19T06:45:00+0200,5414.246,MW,DE,DE_LU,actual_solar_generation,Solar,2026-06-06T16:24:29Z
2026-06-06T16:23:19Z,2026-06-06T18:23:19+0200,8d87ff8c-7229-4840-a478-c91fa6b6d43f,2026-05-19T05:00:00Z,2026-05-19T07:00:00+0200,7155.288,MW,DE,DE_LU,actual_solar_generation,Solar,2026-06-06T16:24:29Z
2026-06-06T16:23:19Z,2026-06-06T18:23:19+0200,8d87ff8c-7229-4840-a478-c91fa6b6d43f,2026-05-19T05:15:00Z,2026-05-19T07:15:00+0200,9154.539,MW,DE,DE_LU,actual_solar_generation,Solar,2026-06-06T16:24:29Z
2026-06-06T16:23:19Z,2026-06-06T18:23:19+0200,8d87ff8c-7229-4840-a478-c91fa6b6d43f,2026-05-19T05:30:00Z,2026-05-19T07:30:00+0200,11406.306,MW,DE,DE_LU,actual_solar_generation,Solar,2026-06-06T16:24:29Z
2026-06-06T16:23:19Z,2026-06-06T18:23:19+0200,8d87ff8c-7229-4840-a478-c91fa6b6d43f,2026-05-19T05:45:00Z,2026-05-19T07:45:00+0200,13947.216,MW,DE,DE_LU,actual_solar_generation,Solar,2026-06-06T16:24:29Z
2026-06-06T16:23:19Z,2026-06-06T18:23:19+0200,8d87ff8c-7229-4840-a478-c91fa6b6d43f,2026-05-19T06:00:00Z,2026-05-19T08:00:00+0200,16556.748,MW,DE,DE_LU,actual_solar_generation,Solar,2026-06-06T16:24:29Z
2026-06-06T16:23:19Z,2026-06-06T18:23:19+0200,8d87ff8c-7229-4840-a478-c91fa6b6d43f,2026-05-19T06:15:00Z,2026-05-19T08:15:00+0200,19368.313,MW,DE,DE_LU,actual_solar_generation,Solar,2026-06-06T16:24:29Z
2026-06-06T16:23:19Z,2026-06-06T18:23:19+0200,8d87ff8c-7229-4840-a478-c91fa6b6d43f,2026-05-19T06:30:00Z,2026-05-19T08:30:00+0200,22250.837,MW,DE,DE_LU,actual_solar_generation,Solar,2026-06-06T16:24:29Z
2026-06-06T16:23:19Z,2026-06-06T18:23:19+0200,8d87ff8c-7229-4840-a478-c91fa6b6d43f,2026-05-19T06:45:00Z,2026-05-19T08:45:00+0200,25113.047,MW,DE,DE_LU,actual_solar_generation,Solar,2026-06-06T16:24:29Z
2026-06-06T16:23:19Z,2026-06-06T18:23:19+0200,8d87ff8c-7229-4840-a478-c91fa6b6d43f,2026-05-19T07:00:00Z,2026-05-19T09:00:00+0200,28016.08,MW,DE,DE_LU,actual_solar_generation,Solar,2026-06-06T16:24:29Z
2026-06-06T16:23:19Z,2026-06-06T18:23:19+0200,8d87ff8c-7229-4840-a478-c91fa6b6d43f,2026-05-19T07:15:00Z,2026-05-19T09:15:00+0200,30844.792,MW,DE,DE_LU,actual_solar_generation,Solar,2026-06-06T16:24:29Z
2026-06-06T16:23:19Z,2026-06-06T18:23:19+0200,8d87ff8c-7229-4840-a478-c91fa6b6d43f,2026-05-19T07:30:00Z,2026-05-19T09:30:00+0200,33560.934,MW,DE,DE_LU,actual_solar_generation,Solar,2026-06-06T16:24:29Z
2026-06-06T16:23:19Z,2026-06-06T18:23:19+0200,8d87ff8c-7229-4840-a478-c91fa6b6d43f,2026-05-19T07:45:00Z,2026-05-19T09:45:00+0200,36075.469,MW,DE,DE_LU,actual_solar_generation,Solar,2026-06-06T16:24:29Z
2026-06-06T16:23:19Z,2026-06-06T18:23:19+0200,8d87ff8c-7229-4840-a478-c91fa6b6d43f,2026-05-19T08:00:00Z,2026-05-19T10:00:00+0200,37826.923,MW,DE,DE_LU,actual_solar_generation,Solar,2026-06-06T16:24:29Z
2026-06-06T16:23:19Z,2026-06-06T18:23:19+0200,8d87ff8c-7229-4840-a478-c91fa6b6d43f,2026-05-19T08:15:00Z,2026-05-19T10:15:00+0200,39370.504,MW,DE,DE_LU,actual_solar_generation,Solar,2026-06-06T16:24:29Z
2026-06-06T16:23:19Z,2026-06-06T18:23:19+0200,8d87ff8c-7229-4840-a478-c91fa6b6d43f,2026-05-19T08:30:00Z,2026-05-19T10:30:00+0200,40364.745,MW,DE,DE_LU,actual_solar_generation,Solar,2026-06-06T16:24:29Z
2026-06-06T16:23:19Z,2026-06-06T18:23:19+0200,8d87ff8c-7229-4840-a478-c91fa6b6d43f,2026-05-19T08:45:00Z,2026-05-19T10:45:00+0200,41320.664,MW,DE,DE_LU,actual_solar_generation,Solar,2026-06-06T16:24:29Z
2026-06-06T16:23:19Z,2026-06-06T18:23:19+0200,8d87ff8c-7229-4840-a478-c91fa6b6d43f,2026-05-19T09:00:00Z,2026-05-19T11:00:00+0200,42026.093,MW,DE,DE_LU,actual_solar_generation,Solar,2026-06-06T16:24:29Z
2026-06-06T16:23:19Z,2026-06-06T18:23:19+0200,8d87ff8c-7229-4840-a478-c91fa6b6d43f,2026-05-19T09:15:00Z,2026-05-19T11:15:00+0200,42389.464,MW,DE,DE_LU,actual_solar_generation,Solar,2026-06-06T16:24:29Z
2026-06-06T16:23:19Z,2026-06-06T18:23:19+0200,8d87ff8c-7229-4840-a478-c91fa6b6d43f,2026-05-19T09:30:00Z,2026-05-19T11:30:00+0200,42554.231,MW,DE,DE_LU,actual_solar_generation,Solar,2026-06-06T16:24:29Z
2026-06-06T16:23:19Z,2026-06-06T18:23:19+0200,8d87ff8c-7229-4840-a478-c91fa6b6d43f,2026-05-19T09:45:00Z,2026-05-19T11:45:00+0200,42700.016,MW,DE,DE_LU,actual_solar_generation,Solar,2026-06-06T16:24:29Z
2026-06-06T16:23:19Z,2026-06-06T18:23:19+0200,8d87ff8c-7229-4840-a478-c91fa6b6d43f,2026-05-19T10:00:00Z,2026-05-19T12:00:00+0200,42646.149,MW,DE,DE_LU,actual_solar_generation,Solar,2026-06-06T16:24:29Z
2026-06-06T16:23:19Z,2026-06-06T18:23:19+0200,8d87ff8c-7229-4840-a478-c91fa6b6d43f,2026-05-19T10:15:00Z,2026-05-19T12:15:00+0200,42403.368,MW,DE,DE_LU,actual_solar_generation,Solar,2026-06-06T16:24:29Z
2026-06-06T16:23:19Z,2026-06-06T18:23:19+0200,8d87ff8c-7229-4840-a478-c91fa6b6d43f,2026-05-19T10:30:00Z,2026-05-19T12:30:00+0200,41969.219,MW,DE,DE_LU,actual_solar_generation,Solar,2026-06-06T16:24:29Z
2026-06-06T16:23:19Z,2026-06-06T18:23:19+0200,8d87ff8c-7229-4840-a478-c91fa6b6d43f,2026-05-19T10:45:00Z,2026-05-19T12:45:00+0200,42002.626,MW,DE,DE_LU,actual_solar_generation,Solar,2026-06-06T16:24:29Z
2026-06-06T16:23:19Z,2026-06-06T18:23:19+0200,8d87ff8c-7229-4840-a478-c91fa6b6d43f,2026-05-19T11:00:00Z,2026-05-19T13:00:00+0200,41304.981,MW,DE,DE_LU,actual_solar_generation,Solar,2026-06-06T16:24:29Z
2026-06-06T16:23:19Z,2026-06-06T18:23:19+0200,8d87ff8c-7229-4840-a478-c91fa6b6d43f,2026-05-19T11:15:00Z,2026-05-19T13:15:00+0200,40546.162,MW,DE,DE_LU,actual_solar_generation,Solar,2026-06-06T16:24:29Z
2026-06-06T16:23:19Z,2026-06-06T18:23:19+0200,8d87ff8c-7229-4840-a478-c91fa6b6d43f,2026-05-19T11:30:00Z,2026-05-19T13:30:00+0200,39979.91,MW,DE,DE_LU,actual_solar_generation,Solar,2026-06-06T16:24:29Z
2026-06-06T16:23:19Z,2026-06-06T18:23:19+0200,8d87ff8c-7229-4840-a478-c91fa6b6d43f,2026-05-19T11:45:00Z,2026-05-19T13:45:00+0200,39186.127,MW,DE,DE_LU,actual_solar_generation,Solar,2026-06-06T16:24:29Z
2026-06-06T16:23:19Z,2026-06-06T18:23:19+0200,8d87ff8c-7229-4840-a478-c91fa6b6d43f,2026-05-19T12:00:00Z,2026-05-19T14:00:00+0200,38395.422,MW,DE,DE_LU,actual_solar_generation,Solar,2026-06-06T16:24:29Z
2026-06-06T16:23:19Z,2026-06-06T18:23:19+0200,8d87ff8c-7229-4840-a478-c91fa6b6d43f,2026-05-19T12:15:00Z,2026-05-19T14:15:00+0200,37154.527,MW,DE,DE_LU,actual_solar_generation,Solar,2026-06-06T16:24:29Z
2026-06-06T16:23:19Z,2026-06-06T18:23:19+0200,8d87ff8c-7229-4840-a478-c91fa6b6d43f,2026-05-19T12:30:00Z,2026-05-19T14:30:00+0200,36159.359,MW,DE,DE_LU,actual_solar_generation,Solar,2026-06-06T16:24:29Z
2026-06-06T16:23:19Z,2026-06-06T18:23:19+0200,8d87ff8c-7229-4840-a478-c91fa6b6d43f,2026-05-19T12:45:00Z,2026-05-19T14:45:00+0200,35112.261,MW,DE,DE_LU,actual_solar_generation,Solar,2026-06-06T16:24:29Z
2026-06-06T16:23:19Z,2026-06-06T18:23:19+0200,8d87ff8c-7229-4840-a478-c91fa6b6d43f,2026-05-19T13:00:00Z,2026-05-19T15:00:00+0200,34020.205,MW,DE,DE_LU,actual_solar_generation,Solar,2026-06-06T16:24:29Z
2026-06-06T16:23:19Z,2026-06-06T18:23:19+0200,8d87ff8c-7229-4840-a478-c91fa6b6d43f,2026-05-19T13:15:00Z,2026-05-19T15:15:00+0200,32724.215,MW,DE,DE_LU,actual_solar_generation,Solar,2026-06-06T16:24:29Z
2026-06-06T16:23:19Z,2026-06-06T18:23:19+0200,8d87ff8c-7229-4840-a478-c91fa6b6d43f,2026-05-19T13:30:00Z,2026-05-19T15:30:00+0200,31658.993,MW,DE,DE_LU,actual_solar_generation,Solar,2026-06-06T16:24:29Z
2026-06-06T16:23:19Z,2026-06-06T18:23:19+0200,8d87ff8c-7229-4840-a478-c91fa6b6d43f,2026-05-19T13:45:00Z,2026-05-19T15:45:00+0200,30208.677,MW,DE,DE_LU,actual_solar_generation,Solar,2026-06-06T16:24:29Z
2026-06-06T16:23:19Z,2026-06-06T18:23:19+0200,8d87ff8c-7229-4840-a478-c91fa6b6d43f,2026-05-19T14:00:00Z,2026-05-19T16:00:00+0200,28493.829,MW,DE,DE_LU,actual_solar_generation,Solar,2026-06-06T16:24:29Z
2026-06-06T16:23:19Z,2026-06-06T18:23:19+0200,8d87ff8c-7229-4840-a478-c91fa6b6d43f,2026-05-19T14:15:00Z,2026-05-19T16:15:00+0200,26868.232,MW,DE,DE_LU,actual_solar_generation,Solar,2026-06-06T16:24:29Z
2026-06-06T16:23:19Z,2026-06-06T18:23:19+0200,8d87ff8c-7229-4840-a478-c91fa6b6d43f,2026-05-19T14:30:00Z,2026-05-19T16:30:00+0200,25318.747,MW,DE,DE_LU,actual_solar_generation,Solar,2026-06-06T16:24:29Z
2026-06-06T16:23:19Z,2026-06-06T18:23:19+0200,8d87ff8c-7229-4840-a478-c91fa6b6d43f,2026-05-19T14:45:00Z,2026-05-19T16:45:00+0200,23633.182,MW,DE,DE_LU,actual_solar_generation,Solar,2026-06-06T16:24:29Z
2026-06-06T16:23:19Z,2026-06-06T18:23:19+0200,8d87ff8c-7229-4840-a478-c91fa6b6d43f,2026-05-19T15:00:00Z,2026-05-19T17:00:00+0200,21622.34,MW,DE,DE_LU,actual_solar_generation,Solar,2026-06-06T16:24:29Z
2026-06-06T16:23:19Z,2026-06-06T18:23:19+0200,8d87ff8c-7229-4840-a478-c91fa6b6d43f,2026-05-19T15:15:00Z,2026-05-19T17:15:00+0200,19721.086,MW,DE,DE_LU,actual_solar_generation,Solar,2026-06-06T16:24:29Z
2026-06-06T16:23:19Z,2026-06-06T18:23:19+0200,8d87ff8c-7229-4840-a478-c91fa6b6d43f,2026-05-19T15:30:00Z,2026-05-19T17:30:00+0200,17603.267,MW,DE,DE_LU,actual_solar_generation,Solar,2026-06-06T16:24:29Z
2026-06-06T16:23:19Z,2026-06-06T18:23:19+0200,8d87ff8c-7229-4840-a478-c91fa6b6d43f,2026-05-19T15:45:00Z,2026-05-19T17:45:00+0200,15526.689,MW,DE,DE_LU,actual_solar_generation,Solar,2026-06-06T16:24:29Z
2026-06-06T16:23:19Z,2026-06-06T18:23:19+0200,8d87ff8c-7229-4840-a478-c91fa6b6d43f,2026-05-19T16:00:00Z,2026-05-19T18:00:00+0200,13362.78,MW,DE,DE_LU,actual_solar_generation,Solar,2026-06-06T16:24:29Z
2026-06-06T16:23:19Z,2026-06-06T18:23:19+0200,8d87ff8c-7229-4840-a478-c91fa6b6d43f,2026-05-19T16:15:00Z,2026-05-19T18:15:00+0200,11331.465,MW,DE,DE_LU,actual_solar_generation,Solar,2026-06-06T16:24:29Z
2026-06-06T16:23:19Z,2026-06-06T18:23:19+0200,8d87ff8c-7229-4840-a478-c91fa6b6d43f,2026-05-19T16:30:00Z,2026-05-19T18:30:00+0200,9445.39,MW,DE,DE_LU,actual_solar_generation,Solar,2026-06-06T16:24:29Z
2026-06-06T16:23:19Z,2026-06-06T18:23:19+0200,8d87ff8c-7229-4840-a478-c91fa6b6d43f,2026-05-19T16:45:00Z,2026-05-19T18:45:00+0200,7798.094,MW,DE,DE_LU,actual_solar_generation,Solar,2026-06-06T16:24:29Z
2026-06-06T16:23:19Z,2026-06-06T18:23:19+0200,8d87ff8c-7229-4840-a478-c91fa6b6d43f,2026-05-19T17:00:00Z,2026-05-19T19:00:00+0200,6210.253,MW,DE,DE_LU,actual_solar_generation,Solar,2026-06-06T16:24:29Z
2026-06-06T16:23:19Z,2026-06-06T18:23:19+0200,8d87ff8c-7229-4840-a478-c91fa6b6d43f,2026-05-19T17:15:00Z,2026-05-19T19:15:00+0200,4855.221,MW,DE,DE_LU,actual_solar_generation,Solar,2026-06-06T16:24:29Z
2026-06-06T16:23:19Z,2026-06-06T18:23:19+0200,8d87ff8c-7229-4840-a478-c91fa6b6d43f,2026-05-19T17:30:00Z,2026-05-19T19:30:00+0200,3630.7,MW,DE,DE_LU,actual_solar_generation,Solar,2026-06-06T16:24:29Z
2026-06-06T16:23:19Z,2026-06-06T18:23:19+0200,8d87ff8c-7229-4840-a478-c91fa6b6d43f,2026-05-19T17:45:00Z,2026-05-19T19:45:00+0200,2600.715,MW,DE,DE_LU,actual_solar_generation,Solar,2026-06-06T16:24:29Z
2026-06-06T16:23:19Z,2026-06-06T18:23:19+0200,8d87ff8c-7229-4840-a478-c91fa6b6d43f,2026-05-19T18:00:00Z,2026-05-19T20:00:00+0200,1698.581,MW,DE,DE_LU,actual_solar_generation,Solar,2026-06-06T16:24:29Z
2026-06-06T16:23:19Z,2026-06-06T18:23:19+0200,8d87ff8c-7229-4840-a478-c91fa6b6d43f,2026-05-19T18:15:00Z,2026-05-19T20:15:00+0200,952.148,MW,DE,DE_LU,actual_solar_generation,Solar,2026-06-06T16:24:29Z
2026-06-06T16:23:19Z,2026-06-06T18:23:19+0200,8d87ff8c-7229-4840-a478-c91fa6b6d43f,2026-05-19T18:30:00Z,2026-05-19T20:30:00+0200,410.829,MW,DE,DE_LU,actual_solar_generation,Solar,2026-06-06T16:24:29Z
2026-06-06T16:23:19Z,2026-06-06T18:23:19+0200,8d87ff8c-7229-4840-a478-c91fa6b6d43f,2026-05-19T18:45:00Z,2026-05-19T20:45:00+0200,125.012,MW,DE,DE_LU,actual_solar_generation,Solar,2026-06-06T16:24:29Z
2026-06-06T16:23:19Z,2026-06-06T18:23:19+0200,8d87ff8c-7229-4840-a478-c91fa6b6d43f,2026-05-19T19:00:00Z,2026-05-19T21:00:00+0200,33.855,MW,DE,DE_LU,actual_solar_generation,Solar,2026-06-06T16:24:29Z
2026-06-06T16:23:19Z,2026-06-06T18:23:19+0200,8d87ff8c-7229-4840-a478-c91fa6b6d43f,2026-05-19T19:15:00Z,2026-05-19T21:15:00+0200,10.8,MW,DE,DE_LU,actual_solar_generation,Solar,2026-06-06T16:24:29Z
2026-06-06T16:23:19Z,2026-06-06T18:23:19+0200,8d87ff8c-7229-4840-a478-c91fa6b6d43f,2026-05-19T19:30:00Z,2026-05-19T21:30:00+0200,7.032,MW,DE,DE_LU,actual_solar_generation,Solar,2026-06-06T16:24:29Z
2026-06-06T16:23:19Z,2026-06-06T18:23:19+0200,8d87ff8c-7229-4840-a478-c91fa6b6d43f,2026-05-19T19:45:00Z,2026-05-19T21:45:00+0200,0.302,MW,DE,DE_LU,actual_solar_generation,Solar,2026-06-06T16:24:29Z
2026-06-06T16:23:19Z,2026-06-06T18:23:19+0200,8d87ff8c-7229-4840-a478-c91fa6b6d43f,2026-05-19T20:00:00Z,2026-05-19T22:00:00+0200,0.188,MW,DE,DE_LU,actual_solar_generation,Solar,2026-06-06T16:24:29Z
2026-06-06T16:23:19Z,2026-06-06T18:23:19+0200,8d87ff8c-7229-4840-a478-c91fa6b6d43f,2026-05-19T20:15:00Z,2026-05-19T22:15:00+0200,0.165,MW,DE,DE_LU,actual_solar_generation,Solar,2026-06-06T16:24:29Z
2026-06-06T16:23:19Z,2026-06-06T18:23:19+0200,8d87ff8c-7229-4840-a478-c91fa6b6d43f,2026-05-19T20:30:00Z,2026-05-19T22:30:00+0200,0.148,MW,DE,DE_LU,actual_solar_generation,Solar,2026-06-06T16:24:29Z
2026-06-06T16:23:19Z,2026-06-06T18:23:19+0200,8d87ff8c-7229-4840-a478-c91fa6b6d43f,2026-05-19T20:45:00Z,2026-05-19T22:45:00+0200,0.137,MW,DE,DE_LU,actual_solar_generation,Solar,2026-06-06T16:24:29Z
2026-06-06T16:23:19Z,2026-06-06T18:23:19+0200,8d87ff8c-7229-4840-a478-c91fa6b6d43f,2026-05-19T21:00:00Z,2026-05-19T23:00:00+0200,0.123,MW,DE,DE_LU,actual_solar_generation,Solar,2026-06-06T16:24:29Z
2026-06-06T16:23:19Z,2026-06-06T18:23:19+0200,8d87ff8c-7229-4840-a478-c91fa6b6d43f,2026-05-19T21:15:00Z,2026-05-19T23:15:00+0200,0.123,MW,DE,DE_LU,actual_solar_generation,Solar,2026-06-06T16:24:29Z
2026-06-06T16:23:19Z,2026-06-06T18:23:19+0200,8d87ff8c-7229-4840-a478-c91fa6b6d43f,2026-05-19T21:30:00Z,2026-05-19T23:30:00+0200,0.118,MW,DE,DE_LU,actual_solar_generation,Solar,2026-06-06T16:24:29Z
2026-06-06T16:23:19Z,2026-06-06T18:23:19+0200,8d87ff8c-7229-4840-a478-c91fa6b6d43f,2026-05-19T21:45:00Z,2026-05-19T23:45:00+0200,0.107,MW,DE,DE_LU,actual_solar_generation,Solar,2026-06-06T16:24:29Z
2026-06-06T16:23:19Z,2026-06-06T18:23:19+0200,8d87ff8c-7229-4840-a478-c91fa6b6d43f,2026-05-19T22:00:00Z,2026-05-20T00:00:00+0200,0.113,MW,DE,DE_LU,actual_solar_generation,Solar,2026-06-06T16:24:29Z
2026-06-06T16:23:19Z,2026-06-06T18:23:19+0200,8d87ff8c-7229-4840-a478-c91fa6b6d43f,2026-05-19T22:15:00Z,2026-05-20T00:15:00+0200,0.114,MW,DE,DE_LU,actual_solar_generation,Solar,2026-06-06T16:24:29Z
2026-06-06T16:23:19Z,2026-06-06T18:23:19+0200,8d87ff8c-7229-4840-a478-c91fa6b6d43f,2026-05-19T22:30:00Z,2026-05-20T00:30:00+0200,0.115,MW,DE,DE_LU,actual_solar_generation,Solar,2026-06-06T16:24:29Z
2026-06-06T16:23:19Z,2026-06-06T18:23:19+0200,8d87ff8c-7229-4840-a478-c91fa6b6d43f,2026-05-19T22:45:00Z,2026-05-20T00:45:00+0200,0.098,MW,DE,DE_LU,actual_solar_generation,Solar,2026-06-06T16:24:29Z
2026-06-06T16:23:19Z,2026-06-06T18:23:19+0200,8d87ff8c-7229-4840-a478-c91fa6b6d43f,2026-05-19T23:00:00Z,2026-05-20T01:00:00+0200,0.093,MW,DE,DE_LU,actual_solar_generation,Solar,2026-06-06T16:24:29Z
2026-06-06T16:23:19Z,2026-06-06T18:23:19+0200,8d87ff8c-7229-4840-a478-c91fa6b6d43f,2026-05-19T23:15:00Z,2026-05-20T01:15:00+0200,0.09,MW,DE,DE_LU,actual_solar_generation,Solar,2026-06-06T16:24:29Z
2026-06-06T16:23:19Z,2026-06-06T18:23:19+0200,8d87ff8c-7229-4840-a478-c91fa6b6d43f,2026-05-19T23:30:00Z,2026-05-20T01:30:00+0200,0.086,MW,DE,DE_LU,actual_solar_generation,Solar,2026-06-06T16:24:29Z
2026-06-06T16:23:19Z,2026-06-06T18:23:19+0200,8d87ff8c-7229-4840-a478-c91fa6b6d43f,2026-05-19T23:45:00Z,2026-05-20T01:45:00+0200,0.077,MW,DE,DE_LU,actual_solar_generation,Solar,2026-06-06T16:24:29Z
2026-06-06T16:23:19Z,2026-06-06T18:23:19+0200,8d87ff8c-7229-4840-a478-c91fa6b6d43f,2026-05-20T00:00:00Z,2026-05-20T02:00:00+0200,0.083,MW,DE,DE_LU,actual_solar_generation,Solar,2026-06-06T16:24:29Z
2026-06-06T16:23:19Z,2026-06-06T18:23:19+0200,8d87ff8c-7229-4840-a478-c91fa6b6d43f,2026-05-20T00:15:00Z,2026-05-20T02:15:00+0200,0.067,MW,DE,DE_LU,actual_solar_generation,Solar,2026-06-06T16:24:29Z
2026-06-06T16:23:19Z,2026-06-06T18:23:19+0200,8d87ff8c-7229-4840-a478-c91fa6b6d43f,2026-05-20T00:30:00Z,2026-05-20T02:30:00+0200,0.067,MW,DE,DE_LU,actual_solar_generation,Solar,2026-06-06T16:24:29Z
2026-06-06T16:23:19Z,2026-06-06T18:23:19+0200,8d87ff8c-7229-4840-a478-c91fa6b6d43f,2026-05-20T00:45:00Z,2026-05-20T02:45:00+0200,0.071,MW,DE,DE_LU,actual_solar_generation,Solar,2026-06-06T16:24:29Z
2026-06-06T16:23:19Z,2026-06-06T18:23:19+0200,8d87ff8c-7229-4840-a478-c91fa6b6d43f,2026-05-20T01:00:00Z,2026-05-20T03:00:00+0200,0.068,MW,DE,DE_LU,actual_solar_generation,Solar,2026-06-06T16:24:29Z
2026-06-06T16:23:19Z,2026-06-06T18:23:19+0200,8d87ff8c-7229-4840-a478-c91fa6b6d43f,2026-05-20T01:15:00Z,2026-05-20T03:15:00+0200,0.069,MW,DE,DE_LU,actual_solar_generation,Solar,2026-06-06T16:24:29Z
2026-06-06T16:23:19Z,2026-06-06T18:23:19+0200,8d87ff8c-7229-4840-a478-c91fa6b6d43f,2026-05-20T01:30:00Z,2026-05-20T03:30:00+0200,0.071,MW,DE,DE_LU,actual_solar_generation,Solar,2026-06-06T16:24:29Z
2026-06-06T16:23:19Z,2026-06-06T18:23:19+0200,8d87ff8c-7229-4840-a478-c91fa6b6d43f,2026-05-20T01:45:00Z,2026-05-20T03:45:00+0200,0.067,MW,DE,DE_LU,actual_solar_generation,Solar,2026-06-06T16:24:29Z
2026-06-06T16:23:19Z,2026-06-06T18:23:19+0200,8d87ff8c-7229-4840-a478-c91fa6b6d43f,2026-05-20T02:00:00Z,2026-05-20T04:00:00+0200,0.058,MW,DE,DE_LU,actual_solar_generation,Solar,2026-06-06T16:24:29Z
2026-06-06T16:23:19Z,2026-06-06T18:23:19+0200,8d87ff8c-7229-4840-a478-c91fa6b6d43f,2026-05-20T02:15:00Z,2026-05-20T04:15:00+0200,0.052,MW,DE,DE_LU,actual_solar_generation,Solar,2026-06-06T16:24:29Z
2026-06-06T16:23:19Z,2026-06-06T18:23:19+0200,8d87ff8c-7229-4840-a478-c91fa6b6d43f,2026-05-20T02:30:00Z,2026-05-20T04:30:00+0200,0.057,MW,DE,DE_LU,actual_solar_generation,Solar,2026-06-06T16:24:29Z
2026-06-06T16:23:19Z,2026-06-06T18:23:19+0200,8d87ff8c-7229-4840-a478-c91fa6b6d43f,2026-05-20T02:45:00Z,2026-05-20T04:45:00+0200,1.985,MW,DE,DE_LU,actual_solar_generation,Solar,2026-06-06T16:24:29Z
2026-06-06T16:23:19Z,2026-06-06T18:23:19+0200,8d87ff8c-7229-4840-a478-c91fa6b6d43f,2026-05-20T03:00:00Z,2026-05-20T05:00:00+0200,7.801,MW,DE,DE_LU,actual_solar_generation,Solar,2026-06-06T16:24:29Z
2026-06-06T16:23:19Z,2026-06-06T18:23:19+0200,8d87ff8c-7229-4840-a478-c91fa6b6d43f,2026-05-20T03:15:00Z,2026-05-20T05:15:00+0200,35.325,MW,DE,DE_LU,actual_solar_generation,Solar,2026-06-06T16:24:29Z
2026-06-06T16:23:19Z,2026-06-06T18:23:19+0200,8d87ff8c-7229-4840-a478-c91fa6b6d43f,2026-05-20T03:30:00Z,2026-05-20T05:30:00+0200,151.3,MW,DE,DE_LU,actual_solar_generation,Solar,2026-06-06T16:24:29Z
2026-06-06T16:23:19Z,2026-06-06T18:23:19+0200,8d87ff8c-7229-4840-a478-c91fa6b6d43f,2026-05-20T03:45:00Z,2026-05-20T05:45:00+0200,437.182,MW,DE,DE_LU,actual_solar_generation,Solar,2026-06-06T16:24:29Z
2026-06-06T16:23:19Z,2026-06-06T18:23:19+0200,8d87ff8c-7229-4840-a478-c91fa6b6d43f,2026-05-20T04:00:00Z,2026-05-20T06:00:00+0200,906.896,MW,DE,DE_LU,actual_solar_generation,Solar,2026-06-06T16:24:29Z
2026-06-06T16:23:19Z,2026-06-06T18:23:19+0200,8d87ff8c-7229-4840-a478-c91fa6b6d43f,2026-05-20T04:15:00Z,2026-05-20T06:15:00+0200,1481.093,MW,DE,DE_LU,actual_solar_generation,Solar,2026-06-06T16:24:29Z
2026-06-06T16:23:19Z,2026-06-06T18:23:19+0200,8d87ff8c-7229-4840-a478-c91fa6b6d43f,2026-05-20T04:30:00Z,2026-05-20T06:30:00+0200,2148.655,MW,DE,DE_LU,actual_solar_generation,Solar,2026-06-06T16:24:29Z
2026-06-06T16:23:19Z,2026-06-06T18:23:19+0200,8d87ff8c-7229-4840-a478-c91fa6b6d43f,2026-05-20T04:45:00Z,2026-05-20T06:45:00+0200,2908.21,MW,DE,DE_LU,actual_solar_generation,Solar,2026-06-06T16:24:29Z
2026-06-06T16:23:19Z,2026-06-06T18:23:19+0200,8d87ff8c-7229-4840-a478-c91fa6b6d43f,2026-05-20T05:00:00Z,2026-05-20T07:00:00+0200,3751.061,MW,DE,DE_LU,actual_solar_generation,Solar,2026-06-06T16:24:29Z
2026-06-06T16:23:19Z,2026-06-06T18:23:19+0200,8d87ff8c-7229-4840-a478-c91fa6b6d43f,2026-05-20T05:15:00Z,2026-05-20T07:15:00+0200,4721.475,MW,DE,DE_LU,actual_solar_generation,Solar,2026-06-06T16:24:29Z
2026-06-06T16:23:19Z,2026-06-06T18:23:19+0200,8d87ff8c-7229-4840-a478-c91fa6b6d43f,2026-05-20T05:30:00Z,2026-05-20T07:30:00+0200,5866.707,MW,DE,DE_LU,actual_solar_generation,Solar,2026-06-06T16:24:29Z
2026-06-06T16:23:19Z,2026-06-06T18:23:19+0200,8d87ff8c-7229-4840-a478-c91fa6b6d43f,2026-05-20T05:45:00Z,2026-05-20T07:45:00+0200,7060.986,MW,DE,DE_LU,actual_solar_generation,Solar,2026-06-06T16:24:29Z
2026-06-06T16:23:19Z,2026-06-06T18:23:19+0200,8d87ff8c-7229-4840-a478-c91fa6b6d43f,2026-05-20T06:00:00Z,2026-05-20T08:00:00+0200,8394.436,MW,DE,DE_LU,actual_solar_generation,Solar,2026-06-06T16:24:29Z
2026-06-06T16:23:19Z,2026-06-06T18:23:19+0200,8d87ff8c-7229-4840-a478-c91fa6b6d43f,2026-05-20T06:15:00Z,2026-05-20T08:15:00+0200,9641.99,MW,DE,DE_LU,actual_solar_generation,Solar,2026-06-06T16:24:29Z
2026-06-06T16:23:19Z,2026-06-06T18:23:19+0200,8d87ff8c-7229-4840-a478-c91fa6b6d43f,2026-05-20T06:30:00Z,2026-05-20T08:30:00+0200,11010.665,MW,DE,DE_LU,actual_solar_generation,Solar,2026-06-06T16:24:29Z
2026-06-06T16:23:19Z,2026-06-06T18:23:19+0200,8d87ff8c-7229-4840-a478-c91fa6b6d43f,2026-05-20T06:45:00Z,2026-05-20T08:45:00+0200,12538.785,MW,DE,DE_LU,actual_solar_generation,Solar,2026-06-06T16:24:29Z
2026-06-06T16:23:19Z,2026-06-06T18:23:19+0200,8d87ff8c-7229-4840-a478-c91fa6b6d43f,2026-05-20T07:00:00Z,2026-05-20T09:00:00+0200,14046.173,MW,DE,DE_LU,actual_solar_generation,Solar,2026-06-06T16:24:29Z
2026-06-06T16:23:19Z,2026-06-06T18:23:19+0200,8d87ff8c-7229-4840-a478-c91fa6b6d43f,2026-05-20T07:15:00Z,2026-05-20T09:15:00+0200,15607.829,MW,DE,DE_LU,actual_solar_generation,Solar,2026-06-06T16:24:29Z
2026-06-06T16:23:19Z,2026-06-06T18:23:19+0200,8d87ff8c-7229-4840-a478-c91fa6b6d43f,2026-05-20T07:30:00Z,2026-05-20T09:30:00+0200,17089.29,MW,DE,DE_LU,actual_solar_generation,Solar,2026-06-06T16:24:29Z
2026-06-06T16:23:19Z,2026-06-06T18:23:19+0200,8d87ff8c-7229-4840-a478-c91fa6b6d43f,2026-05-20T07:45:00Z,2026-05-20T09:45:00+0200,18406.449,MW,DE,DE_LU,actual_solar_generation,Solar,2026-06-06T16:24:29Z
2026-06-06T16:23:19Z,2026-06-06T18:23:19+0200,8d87ff8c-7229-4840-a478-c91fa6b6d43f,2026-05-20T08:00:00Z,2026-05-20T10:00:00+0200,19945.866,MW,DE,DE_LU,actual_solar_generation,Solar,2026-06-06T16:24:29Z
2026-06-06T16:23:19Z,2026-06-06T18:23:19+0200,8d87ff8c-7229-4840-a478-c91fa6b6d43f,2026-05-20T08:15:00Z,2026-05-20T10:15:00+0200,21280.926,MW,DE,DE_LU,actual_solar_generation,Solar,2026-06-06T16:24:29Z
2026-06-06T16:23:19Z,2026-06-06T18:23:19+0200,8d87ff8c-7229-4840-a478-c91fa6b6d43f,2026-05-20T08:30:00Z,2026-05-20T10:30:00+0200,22114.878,MW,DE,DE_LU,actual_solar_generation,Solar,2026-06-06T16:24:29Z
2026-06-06T16:23:19Z,2026-06-06T18:23:19+0200,8d87ff8c-7229-4840-a478-c91fa6b6d43f,2026-05-20T08:45:00Z,2026-05-20T10:45:00+0200,23220.635,MW,DE,DE_LU,actual_solar_generation,Solar,2026-06-06T16:24:29Z
2026-06-06T16:23:19Z,2026-06-06T18:23:19+0200,8d87ff8c-7229-4840-a478-c91fa6b6d43f,2026-05-20T09:00:00Z,2026-05-20T11:00:00+0200,23985.116,MW,DE,DE_LU,actual_solar_generation,Solar,2026-06-06T16:24:29Z
2026-06-06T16:23:19Z,2026-06-06T18:23:19+0200,8d87ff8c-7229-4840-a478-c91fa6b6d43f,2026-05-20T09:15:00Z,2026-05-20T11:15:00+0200,24823.33,MW,DE,DE_LU,actual_solar_generation,Solar,2026-06-06T16:24:29Z
2026-06-06T16:23:19Z,2026-06-06T18:23:19+0200,8d87ff8c-7229-4840-a478-c91fa6b6d43f,2026-05-20T09:30:00Z,2026-05-20T11:30:00+0200,25079.213,MW,DE,DE_LU,actual_solar_generation,Solar,2026-06-06T16:24:29Z
2026-06-06T16:23:19Z,2026-06-06T18:23:19+0200,8d87ff8c-7229-4840-a478-c91fa6b6d43f,2026-05-20T09:45:00Z,2026-05-20T11:45:00+0200,25744.724,MW,DE,DE_LU,actual_solar_generation,Solar,2026-06-06T16:24:29Z
2026-06-06T16:23:19Z,2026-06-06T18:23:19+0200,8d87ff8c-7229-4840-a478-c91fa6b6d43f,2026-05-20T10:00:00Z,2026-05-20T12:00:00+0200,26505.321,MW,DE,DE_LU,actual_solar_generation,Solar,2026-06-06T16:24:29Z
2026-06-06T16:23:19Z,2026-06-06T18:23:19+0200,8d87ff8c-7229-4840-a478-c91fa6b6d43f,2026-05-20T10:15:00Z,2026-05-20T12:15:00+0200,27176.406,MW,DE,DE_LU,actual_solar_generation,Solar,2026-06-06T16:24:29Z
2026-06-06T16:23:19Z,2026-06-06T18:23:19+0200,8d87ff8c-7229-4840-a478-c91fa6b6d43f,2026-05-20T10:30:00Z,2026-05-20T12:30:00+0200,27917.155,MW,DE,DE_LU,actual_solar_generation,Solar,2026-06-06T16:24:29Z
2026-06-06T16:23:19Z,2026-06-06T18:23:19+0200,8d87ff8c-7229-4840-a478-c91fa6b6d43f,2026-05-20T10:45:00Z,2026-05-20T12:45:00+0200,28671.908,MW,DE,DE_LU,actual_solar_generation,Solar,2026-06-06T16:24:29Z
2026-06-06T16:23:19Z,2026-06-06T18:23:19+0200,8d87ff8c-7229-4840-a478-c91fa6b6d43f,2026-05-20T11:00:00Z,2026-05-20T13:00:00+0200,28931.129,MW,DE,DE_LU,actual_solar_generation,Solar,2026-06-06T16:24:29Z
2026-06-06T16:23:19Z,2026-06-06T18:23:19+0200,8d87ff8c-7229-4840-a478-c91fa6b6d43f,2026-05-20T11:15:00Z,2026-05-20T13:15:00+0200,29493.054,MW,DE,DE_LU,actual_solar_generation,Solar,2026-06-06T16:24:29Z
2026-06-06T16:23:19Z,2026-06-06T18:23:19+0200,8d87ff8c-7229-4840-a478-c91fa6b6d43f,2026-05-20T11:30:00Z,2026-05-20T13:30:00+0200,29355.118,MW,DE,DE_LU,actual_solar_generation,Solar,2026-06-06T16:24:29Z
2026-06-06T16:23:19Z,2026-06-06T18:23:19+0200,8d87ff8c-7229-4840-a478-c91fa6b6d43f,2026-05-20T11:45:00Z,2026-05-20T13:45:00+0200,29325.439,MW,DE,DE_LU,actual_solar_generation,Solar,2026-06-06T16:24:29Z
2026-06-06T16:23:19Z,2026-06-06T18:23:19+0200,8d87ff8c-7229-4840-a478-c91fa6b6d43f,2026-05-20T12:00:00Z,2026-05-20T14:00:00+0200,29665.518,MW,DE,DE_LU,actual_solar_generation,Solar,2026-06-06T16:24:29Z
2026-06-06T16:23:19Z,2026-06-06T18:23:19+0200,8d87ff8c-7229-4840-a478-c91fa6b6d43f,2026-05-20T12:15:00Z,2026-05-20T14:15:00+0200,29365.188,MW,DE,DE_LU,actual_solar_generation,Solar,2026-06-06T16:24:29Z
2026-06-06T16:23:19Z,2026-06-06T18:23:19+0200,8d87ff8c-7229-4840-a478-c91fa6b6d43f,2026-05-20T12:30:00Z,2026-05-20T14:30:00+0200,29001.651,MW,DE,DE_LU,actual_solar_generation,Solar,2026-06-06T16:24:29Z
2026-06-06T16:23:19Z,2026-06-06T18:23:19+0200,8d87ff8c-7229-4840-a478-c91fa6b6d43f,2026-05-20T12:45:00Z,2026-05-20T14:45:00+0200,28090.065,MW,DE,DE_LU,actual_solar_generation,Solar,2026-06-06T16:24:29Z
2026-06-06T16:23:19Z,2026-06-06T18:23:19+0200,8d87ff8c-7229-4840-a478-c91fa6b6d43f,2026-05-20T13:00:00Z,2026-05-20T15:00:00+0200,27659.1,MW,DE,DE_LU,actual_solar_generation,Solar,2026-06-06T16:24:29Z
2026-06-06T16:23:19Z,2026-06-06T18:23:19+0200,8d87ff8c-7229-4840-a478-c91fa6b6d43f,2026-05-20T13:15:00Z,2026-05-20T15:15:00+0200,27055.855,MW,DE,DE_LU,actual_solar_generation,Solar,2026-06-06T16:24:29Z
2026-06-06T16:23:19Z,2026-06-06T18:23:19+0200,8d87ff8c-7229-4840-a478-c91fa6b6d43f,2026-05-20T13:30:00Z,2026-05-20T15:30:00+0200,26331.502,MW,DE,DE_LU,actual_solar_generation,Solar,2026-06-06T16:24:29Z
2026-06-06T16:23:19Z,2026-06-06T18:23:19+0200,8d87ff8c-7229-4840-a478-c91fa6b6d43f,2026-05-20T13:45:00Z,2026-05-20T15:45:00+0200,25257.14,MW,DE,DE_LU,actual_solar_generation,Solar,2026-06-06T16:24:29Z
2026-06-06T16:23:19Z,2026-06-06T18:23:19+0200,8d87ff8c-7229-4840-a478-c91fa6b6d43f,2026-05-20T14:00:00Z,2026-05-20T16:00:00+0200,24005.475,MW,DE,DE_LU,actual_solar_generation,Solar,2026-06-06T16:24:29Z
2026-06-06T16:23:19Z,2026-06-06T18:23:19+0200,8d87ff8c-7229-4840-a478-c91fa6b6d43f,2026-05-20T14:15:00Z,2026-05-20T16:15:00+0200,22666.594,MW,DE,DE_LU,actual_solar_generation,Solar,2026-06-06T16:24:29Z
2026-06-06T16:23:19Z,2026-06-06T18:23:19+0200,8d87ff8c-7229-4840-a478-c91fa6b6d43f,2026-05-20T14:30:00Z,2026-05-20T16:30:00+0200,21283.806,MW,DE,DE_LU,actual_solar_generation,Solar,2026-06-06T16:24:29Z
2026-06-06T16:23:19Z,2026-06-06T18:23:19+0200,8d87ff8c-7229-4840-a478-c91fa6b6d43f,2026-05-20T14:45:00Z,2026-05-20T16:45:00+0200,20107.2,MW,DE,DE_LU,actual_solar_generation,Solar,2026-06-06T16:24:29Z
2026-06-06T16:23:19Z,2026-06-06T18:23:19+0200,8d87ff8c-7229-4840-a478-c91fa6b6d43f,2026-05-20T15:00:00Z,2026-05-20T17:00:00+0200,18691.299,MW,DE,DE_LU,actual_solar_generation,Solar,2026-06-06T16:24:29Z
2026-06-06T16:23:19Z,2026-06-06T18:23:19+0200,8d87ff8c-7229-4840-a478-c91fa6b6d43f,2026-05-20T15:15:00Z,2026-05-20T17:15:00+0200,17523.323,MW,DE,DE_LU,actual_solar_generation,Solar,2026-06-06T16:24:29Z
2026-06-06T16:23:19Z,2026-06-06T18:23:19+0200,8d87ff8c-7229-4840-a478-c91fa6b6d43f,2026-05-20T15:30:00Z,2026-05-20T17:30:00+0200,16171.447,MW,DE,DE_LU,actual_solar_generation,Solar,2026-06-06T16:24:29Z
2026-06-06T16:23:19Z,2026-06-06T18:23:19+0200,8d87ff8c-7229-4840-a478-c91fa6b6d43f,2026-05-20T15:45:00Z,2026-05-20T17:45:00+0200,14595.648,MW,DE,DE_LU,actual_solar_generation,Solar,2026-06-06T16:24:29Z
2026-06-06T16:23:19Z,2026-06-06T18:23:19+0200,8d87ff8c-7229-4840-a478-c91fa6b6d43f,2026-05-20T16:00:00Z,2026-05-20T18:00:00+0200,13105.799,MW,DE,DE_LU,actual_solar_generation,Solar,2026-06-06T16:24:29Z
2026-06-06T16:23:19Z,2026-06-06T18:23:19+0200,8d87ff8c-7229-4840-a478-c91fa6b6d43f,2026-05-20T16:15:00Z,2026-05-20T18:15:00+0200,11478.122,MW,DE,DE_LU,actual_solar_generation,Solar,2026-06-06T16:24:29Z
2026-06-06T16:23:19Z,2026-06-06T18:23:19+0200,8d87ff8c-7229-4840-a478-c91fa6b6d43f,2026-05-20T16:30:00Z,2026-05-20T18:30:00+0200,9902.382,MW,DE,DE_LU,actual_solar_generation,Solar,2026-06-06T16:24:29Z
2026-06-06T16:23:19Z,2026-06-06T18:23:19+0200,8d87ff8c-7229-4840-a478-c91fa6b6d43f,2026-05-20T16:45:00Z,2026-05-20T18:45:00+0200,8299.756,MW,DE,DE_LU,actual_solar_generation,Solar,2026-06-06T16:24:29Z
2026-06-06T16:23:19Z,2026-06-06T18:23:19+0200,8d87ff8c-7229-4840-a478-c91fa6b6d43f,2026-05-20T17:00:00Z,2026-05-20T19:00:00+0200,6799.05,MW,DE,DE_LU,actual_solar_generation,Solar,2026-06-06T16:24:29Z
2026-06-06T16:23:19Z,2026-06-06T18:23:19+0200,8d87ff8c-7229-4840-a478-c91fa6b6d43f,2026-05-20T17:15:00Z,2026-05-20T19:15:00+0200,5339.786,MW,DE,DE_LU,actual_solar_generation,Solar,2026-06-06T16:24:29Z
2026-06-06T16:23:19Z,2026-06-06T18:23:19+0200,8d87ff8c-7229-4840-a478-c91fa6b6d43f,2026-05-20T17:30:00Z,2026-05-20T19:30:00+0200,4014.155,MW,DE,DE_LU,actual_solar_generation,Solar,2026-06-06T16:24:29Z
2026-06-06T16:23:19Z,2026-06-06T18:23:19+0200,8d87ff8c-7229-4840-a478-c91fa6b6d43f,2026-05-20T17:45:00Z,2026-05-20T19:45:00+0200,2895.683,MW,DE,DE_LU,actual_solar_generation,Solar,2026-06-06T16:24:29Z
2026-06-06T16:23:19Z,2026-06-06T18:23:19+0200,8d87ff8c-7229-4840-a478-c91fa6b6d43f,2026-05-20T18:00:00Z,2026-05-20T20:00:00+0200,1975.561,MW,DE,DE_LU,actual_solar_generation,Solar,2026-06-06T16:24:29Z
2026-06-06T16:23:19Z,2026-06-06T18:23:19+0200,8d87ff8c-7229-4840-a478-c91fa6b6d43f,2026-05-20T18:15:00Z,2026-05-20T20:15:00+0200,1240.88,MW,DE,DE_LU,actual_solar_generation,Solar,2026-06-06T16:24:29Z
2026-06-06T16:23:19Z,2026-06-06T18:23:19+0200,8d87ff8c-7229-4840-a478-c91fa6b6d43f,2026-05-20T18:30:00Z,2026-05-20T20:30:00+0200,611.815,MW,DE,DE_LU,actual_solar_generation,Solar,2026-06-06T16:24:29Z
2026-06-06T16:23:19Z,2026-06-06T18:23:19+0200,8d87ff8c-7229-4840-a478-c91fa6b6d43f,2026-05-20T18:45:00Z,2026-05-20T20:45:00+0200,211.48,MW,DE,DE_LU,actual_solar_generation,Solar,2026-06-06T16:24:29Z
2026-06-06T16:23:19Z,2026-06-06T18:23:19+0200,8d87ff8c-7229-4840-a478-c91fa6b6d43f,2026-05-20T19:00:00Z,2026-05-20T21:00:00+0200,53.616,MW,DE,DE_LU,actual_solar_generation,Solar,2026-06-06T16:24:29Z
2026-06-06T16:23:19Z,2026-06-06T18:23:19+0200,8d87ff8c-7229-4840-a478-c91fa6b6d43f,2026-05-20T19:15:00Z,2026-05-20T21:15:00+0200,15.43,MW,DE,DE_LU,actual_solar_generation,Solar,2026-06-06T16:24:29Z
2026-06-06T16:23:19Z,2026-06-06T18:23:19+0200,8d87ff8c-7229-4840-a478-c91fa6b6d43f,2026-05-20T19:30:00Z,2026-05-20T21:30:00+0200,5.913,MW,DE,DE_LU,actual_solar_generation,Solar,2026-06-06T16:24:29Z
2026-06-06T16:23:19Z,2026-06-06T18:23:19+0200,8d87ff8c-7229-4840-a478-c91fa6b6d43f,2026-05-20T19:45:00Z,2026-05-20T21:45:00+0200,1.177,MW,DE,DE_LU,actual_solar_generation,Solar,2026-06-06T16:24:29Z
2026-06-06T16:23:19Z,2026-06-06T18:23:19+0200,8d87ff8c-7229-4840-a478-c91fa6b6d43f,2026-05-20T20:00:00Z,2026-05-20T22:00:00+0200,0.204,MW,DE,DE_LU,actual_solar_generation,Solar,2026-06-06T16:24:29Z
2026-06-06T16:23:19Z,2026-06-06T18:23:19+0200,8d87ff8c-7229-4840-a478-c91fa6b6d43f,2026-05-20T20:15:00Z,2026-05-20T22:15:00+0200,0.199,MW,DE,DE_LU,actual_solar_generation,Solar,2026-06-06T16:24:29Z
2026-06-06T16:23:19Z,2026-06-06T18:23:19+0200,8d87ff8c-7229-4840-a478-c91fa6b6d43f,2026-05-20T20:30:00Z,2026-05-20T22:30:00+0200,0.199,MW,DE,DE_LU,actual_solar_generation,Solar,2026-06-06T16:24:29Z
2026-06-06T16:23:19Z,2026-06-06T18:23:19+0200,8d87ff8c-7229-4840-a478-c91fa6b6d43f,2026-05-20T20:45:00Z,2026-05-20T22:45:00+0200,0.167,MW,DE,DE_LU,actual_solar_generation,Solar,2026-06-06T16:24:29Z
2026-06-06T16:23:19Z,2026-06-06T18:23:19+0200,8d87ff8c-7229-4840-a478-c91fa6b6d43f,2026-05-20T21:00:00Z,2026-05-20T23:00:00+0200,0.157,MW,DE,DE_LU,actual_solar_generation,Solar,2026-06-06T16:24:29Z
2026-06-06T16:23:19Z,2026-06-06T18:23:19+0200,8d87ff8c-7229-4840-a478-c91fa6b6d43f,2026-05-20T21:15:00Z,2026-05-20T23:15:00+0200,0.135,MW,DE,DE_LU,actual_solar_generation,Solar,2026-06-06T16:24:29Z
2026-06-06T16:23:19Z,2026-06-06T18:23:19+0200,8d87ff8c-7229-4840-a478-c91fa6b6d43f,2026-05-20T21:30:00Z,2026-05-20T23:30:00+0200,0.126,MW,DE,DE_LU,actual_solar_generation,Solar,2026-06-06T16:24:29Z
2026-06-06T16:23:19Z,2026-06-06T18:23:19+0200,8d87ff8c-7229-4840-a478-c91fa6b6d43f,2026-05-20T21:45:00Z,2026-05-20T23:45:00+0200,0.13,MW,DE,DE_LU,actual_solar_generation,Solar,2026-06-06T16:24:29Z
2026-06-06T16:23:19Z,2026-06-06T18:23:19+0200,8d87ff8c-7229-4840-a478-c91fa6b6d43f,2026-05-20T22:00:00Z,2026-05-21T00:00:00+0200,0.139,MW,DE,DE_LU,actual_solar_generation,Solar,2026-06-06T16:24:29Z
2026-06-06T16:23:19Z,2026-06-06T18:23:19+0200,8d87ff8c-7229-4840-a478-c91fa6b6d43f,2026-05-20T22:15:00Z,2026-05-21T00:15:00+0200,0.121,MW,DE,DE_LU,actual_solar_generation,Solar,2026-06-06T16:24:29Z
2026-06-06T16:23:19Z,2026-06-06T18:23:19+0200,8d87ff8c-7229-4840-a478-c91fa6b6d43f,2026-05-20T22:30:00Z,2026-05-21T00:30:00+0200,0.112,MW,DE,DE_LU,actual_solar_generation,Solar,2026-06-06T16:24:29Z
2026-06-06T16:23:19Z,2026-06-06T18:23:19+0200,8d87ff8c-7229-4840-a478-c91fa6b6d43f,2026-05-20T22:45:00Z,2026-05-21T00:45:00+0200,0.103,MW,DE,DE_LU,actual_solar_generation,Solar,2026-06-06T16:24:29Z
2026-06-06T16:23:19Z,2026-06-06T18:23:19+0200,8d87ff8c-7229-4840-a478-c91fa6b6d43f,2026-05-20T23:00:00Z,2026-05-21T01:00:00+0200,0.101,MW,DE,DE_LU,actual_solar_generation,Solar,2026-06-06T16:24:29Z
2026-06-06T16:23:19Z,2026-06-06T18:23:19+0200,8d87ff8c-7229-4840-a478-c91fa6b6d43f,2026-05-20T23:15:00Z,2026-05-21T01:15:00+0200,0.095,MW,DE,DE_LU,actual_solar_generation,Solar,2026-06-06T16:24:29Z
2026-06-06T16:23:19Z,2026-06-06T18:23:19+0200,8d87ff8c-7229-4840-a478-c91fa6b6d43f,2026-05-20T23:30:00Z,2026-05-21T01:30:00+0200,0.096,MW,DE,DE_LU,actual_solar_generation,Solar,2026-06-06T16:24:29Z
2026-06-06T16:23:19Z,2026-06-06T18:23:19+0200,8d87ff8c-7229-4840-a478-c91fa6b6d43f,2026-05-20T23:45:00Z,2026-05-21T01:45:00+0200,0.101,MW,DE,DE_LU,actual_solar_generation,Solar,2026-06-06T16:24:29Z
2026-06-06T16:23:19Z,2026-06-06T18:23:19+0200,8d87ff8c-7229-4840-a478-c91fa6b6d43f,2026-05-21T00:00:00Z,2026-05-21T02:00:00+0200,0.089,MW,DE,DE_LU,actual_solar_generation,Solar,2026-06-06T16:24:29Z
2026-06-06T16:23:19Z,2026-06-06T18:23:19+0200,8d87ff8c-7229-4840-a478-c91fa6b6d43f,2026-05-21T00:15:00Z,2026-05-21T02:15:00+0200,0.081,MW,DE,DE_LU,actual_solar_generation,Solar,2026-06-06T16:24:29Z
2026-06-06T16:23:19Z,2026-06-06T18:23:19+0200,8d87ff8c-7229-4840-a478-c91fa6b6d43f,2026-05-21T00:30:00Z,2026-05-21T02:30:00+0200,0.084,MW,DE,DE_LU,actual_solar_generation,Solar,2026-06-06T16:24:29Z
2026-06-06T16:23:19Z,2026-06-06T18:23:19+0200,8d87ff8c-7229-4840-a478-c91fa6b6d43f,2026-05-21T00:45:00Z,2026-05-21T02:45:00+0200,0.094,MW,DE,DE_LU,actual_solar_generation,Solar,2026-06-06T16:24:29Z
2026-06-06T16:23:19Z,2026-06-06T18:23:19+0200,8d87ff8c-7229-4840-a478-c91fa6b6d43f,2026-05-21T01:00:00Z,2026-05-21T03:00:00+0200,0.078,MW,DE,DE_LU,actual_solar_generation,Solar,2026-06-06T16:24:29Z
2026-06-06T16:23:19Z,2026-06-06T18:23:19+0200,8d87ff8c-7229-4840-a478-c91fa6b6d43f,2026-05-21T01:15:00Z,2026-05-21T03:15:00+0200,0.076,MW,DE,DE_LU,actual_solar_generation,Solar,2026-06-06T16:24:29Z
2026-06-06T16:23:19Z,2026-06-06T18:23:19+0200,8d87ff8c-7229-4840-a478-c91fa6b6d43f,2026-05-21T01:30:00Z,2026-05-21T03:30:00+0200,0.07,MW,DE,DE_LU,actual_solar_generation,Solar,2026-06-06T16:24:29Z
2026-06-06T16:23:19Z,2026-06-06T18:23:19+0200,8d87ff8c-7229-4840-a478-c91fa6b6d43f,2026-05-21T01:45:00Z,2026-05-21T03:45:00+0200,0.067,MW,DE,DE_LU,actual_solar_generation,Solar,2026-06-06T16:24:29Z
2026-06-06T16:23:19Z,2026-06-06T18:23:19+0200,8d87ff8c-7229-4840-a478-c91fa6b6d43f,2026-05-21T02:00:00Z,2026-05-21T04:00:00+0200,0.072,MW,DE,DE_LU,actual_solar_generation,Solar,2026-06-06T16:24:29Z
2026-06-06T16:23:19Z,2026-06-06T18:23:19+0200,8d87ff8c-7229-4840-a478-c91fa6b6d43f,2026-05-21T02:15:00Z,2026-05-21T04:15:00+0200,0.07,MW,DE,DE_LU,actual_solar_generation,Solar,2026-06-06T16:24:29Z
2026-06-06T16:23:19Z,2026-06-06T18:23:19+0200,8d87ff8c-7229-4840-a478-c91fa6b6d43f,2026-05-21T02:30:00Z,2026-05-21T04:30:00+0200,0.086,MW,DE,DE_LU,actual_solar_generation,Solar,2026-06-06T16:24:29Z
2026-06-06T16:23:19Z,2026-06-06T18:23:19+0200,8d87ff8c-7229-4840-a478-c91fa6b6d43f,2026-05-21T02:45:00Z,2026-05-21T04:45:00+0200,1.218,MW,DE,DE_LU,actual_solar_generation,Solar,2026-06-06T16:24:29Z
2026-06-06T16:23:19Z,2026-06-06T18:23:19+0200,8d87ff8c-7229-4840-a478-c91fa6b6d43f,2026-05-21T03:00:00Z,2026-05-21T05:00:00+0200,17.829,MW,DE,DE_LU,actual_solar_generation,Solar,2026-06-06T16:24:29Z
2026-06-06T16:23:19Z,2026-06-06T18:23:19+0200,8d87ff8c-7229-4840-a478-c91fa6b6d43f,2026-05-21T03:15:00Z,2026-05-21T05:15:00+0200,97.6,MW,DE,DE_LU,actual_solar_generation,Solar,2026-06-06T16:24:29Z
2026-06-06T16:23:19Z,2026-06-06T18:23:19+0200,8d87ff8c-7229-4840-a478-c91fa6b6d43f,2026-05-21T03:30:00Z,2026-05-21T05:30:00+0200,295.145,MW,DE,DE_LU,actual_solar_generation,Solar,2026-06-06T16:24:29Z
2026-06-06T16:23:19Z,2026-06-06T18:23:19+0200,8d87ff8c-7229-4840-a478-c91fa6b6d43f,2026-05-21T03:45:00Z,2026-05-21T05:45:00+0200,766.055,MW,DE,DE_LU,actual_solar_generation,Solar,2026-06-06T16:24:29Z
2026-06-06T16:23:19Z,2026-06-06T18:23:19+0200,8d87ff8c-7229-4840-a478-c91fa6b6d43f,2026-05-21T04:00:00Z,2026-05-21T06:00:00+0200,1499.378,MW,DE,DE_LU,actual_solar_generation,Solar,2026-06-06T16:24:29Z
2026-06-06T16:23:19Z,2026-06-06T18:23:19+0200,8d87ff8c-7229-4840-a478-c91fa6b6d43f,2026-05-21T04:15:00Z,2026-05-21T06:15:00+0200,2409.867,MW,DE,DE_LU,actual_solar_generation,Solar,2026-06-06T16:24:29Z
2026-06-06T16:23:19Z,2026-06-06T18:23:19+0200,8d87ff8c-7229-4840-a478-c91fa6b6d43f,2026-05-21T04:30:00Z,2026-05-21T06:30:00+0200,3511.003,MW,DE,DE_LU,actual_solar_generation,Solar,2026-06-06T16:24:29Z
2026-06-06T16:23:19Z,2026-06-06T18:23:19+0200,8d87ff8c-7229-4840-a478-c91fa6b6d43f,2026-05-21T04:45:00Z,2026-05-21T06:45:00+0200,4851.397,MW,DE,DE_LU,actual_solar_generation,Solar,2026-06-06T16:24:29Z
2026-06-06T16:23:19Z,2026-06-06T18:23:19+0200,8d87ff8c-7229-4840-a478-c91fa6b6d43f,2026-05-21T05:00:00Z,2026-05-21T07:00:00+0200,6349.698,MW,DE,DE_LU,actual_solar_generation,Solar,2026-06-06T16:24:29Z
2026-06-06T16:23:19Z,2026-06-06T18:23:19+0200,8d87ff8c-7229-4840-a478-c91fa6b6d43f,2026-05-21T05:15:00Z,2026-05-21T07:15:00+0200,8169.908,MW,DE,DE_LU,actual_solar_generation,Solar,2026-06-06T16:24:29Z
2026-06-06T16:23:19Z,2026-06-06T18:23:19+0200,8d87ff8c-7229-4840-a478-c91fa6b6d43f,2026-05-21T05:30:00Z,2026-05-21T07:30:00+0200,10112.096,MW,DE,DE_LU,actual_solar_generation,Solar,2026-06-06T16:24:29Z
2026-06-06T16:23:19Z,2026-06-06T18:23:19+0200,8d87ff8c-7229-4840-a478-c91fa6b6d43f,2026-05-21T05:45:00Z,2026-05-21T07:45:00+0200,12378.117,MW,DE,DE_LU,actual_solar_generation,Solar,2026-06-06T16:24:29Z
2026-06-06T16:23:19Z,2026-06-06T18:23:19+0200,8d87ff8c-7229-4840-a478-c91fa6b6d43f,2026-05-21T06:00:00Z,2026-05-21T08:00:00+0200,14826.174,MW,DE,DE_LU,actual_solar_generation,Solar,2026-06-06T16:24:29Z
2026-06-06T16:23:19Z,2026-06-06T18:23:19+0200,8d87ff8c-7229-4840-a478-c91fa6b6d43f,2026-05-21T06:15:00Z,2026-05-21T08:15:00+0200,17547.001,MW,DE,DE_LU,actual_solar_generation,Solar,2026-06-06T16:24:29Z
2026-06-06T16:23:19Z,2026-06-06T18:23:19+0200,8d87ff8c-7229-4840-a478-c91fa6b6d43f,2026-05-21T06:30:00Z,2026-05-21T08:30:00+0200,20320.065,MW,DE,DE_LU,actual_solar_generation,Solar,2026-06-06T16:24:29Z
2026-06-06T16:23:19Z,2026-06-06T18:23:19+0200,8d87ff8c-7229-4840-a478-c91fa6b6d43f,2026-05-21T06:45:00Z,2026-05-21T08:45:00+0200,23277.643,MW,DE,DE_LU,actual_solar_generation,Solar,2026-06-06T16:24:29Z
2026-06-06T16:23:19Z,2026-06-06T18:23:19+0200,8d87ff8c-7229-4840-a478-c91fa6b6d43f,2026-05-21T07:00:00Z,2026-05-21T09:00:00+0200,25885.58,MW,DE,DE_LU,actual_solar_generation,Solar,2026-06-06T16:24:29Z
2026-06-06T16:23:19Z,2026-06-06T18:23:19+0200,8d87ff8c-7229-4840-a478-c91fa6b6d43f,2026-05-21T07:15:00Z,2026-05-21T09:15:00+0200,28572.12,MW,DE,DE_LU,actual_solar_generation,Solar,2026-06-06T16:24:29Z
2026-06-06T16:23:19Z,2026-06-06T18:23:19+0200,8d87ff8c-7229-4840-a478-c91fa6b6d43f,2026-05-21T07:30:00Z,2026-05-21T09:30:00+0200,30909.838,MW,DE,DE_LU,actual_solar_generation,Solar,2026-06-06T16:24:29Z
2026-06-06T16:23:19Z,2026-06-06T18:23:19+0200,8d87ff8c-7229-4840-a478-c91fa6b6d43f,2026-05-21T07:45:00Z,2026-05-21T09:45:00+0200,33432.784,MW,DE,DE_LU,actual_solar_generation,Solar,2026-06-06T16:24:29Z
2026-06-06T16:23:19Z,2026-06-06T18:23:19+0200,8d87ff8c-7229-4840-a478-c91fa6b6d43f,2026-05-21T08:00:00Z,2026-05-21T10:00:00+0200,35364.289,MW,DE,DE_LU,actual_solar_generation,Solar,2026-06-06T16:24:29Z
2026-06-06T16:23:19Z,2026-06-06T18:23:19+0200,8d87ff8c-7229-4840-a478-c91fa6b6d43f,2026-05-21T08:15:00Z,2026-05-21T10:15:00+0200,36865.182,MW,DE,DE_LU,actual_solar_generation,Solar,2026-06-06T16:24:29Z
2026-06-06T16:23:19Z,2026-06-06T18:23:19+0200,8d87ff8c-7229-4840-a478-c91fa6b6d43f,2026-05-21T08:30:00Z,2026-05-21T10:30:00+0200,38291.684,MW,DE,DE_LU,actual_solar_generation,Solar,2026-06-06T16:24:29Z
2026-06-06T16:23:19Z,2026-06-06T18:23:19+0200,8d87ff8c-7229-4840-a478-c91fa6b6d43f,2026-05-21T08:45:00Z,2026-05-21T10:45:00+0200,39394.893,MW,DE,DE_LU,actual_solar_generation,Solar,2026-06-06T16:24:29Z
2026-06-06T16:23:19Z,2026-06-06T18:23:19+0200,8d87ff8c-7229-4840-a478-c91fa6b6d43f,2026-05-21T09:00:00Z,2026-05-21T11:00:00+0200,39708.841,MW,DE,DE_LU,actual_solar_generation,Solar,2026-06-06T16:24:29Z
2026-06-06T16:23:19Z,2026-06-06T18:23:19+0200,8d87ff8c-7229-4840-a478-c91fa6b6d43f,2026-05-21T09:15:00Z,2026-05-21T11:15:00+0200,39724.351,MW,DE,DE_LU,actual_solar_generation,Solar,2026-06-06T16:24:29Z
2026-06-06T16:23:19Z,2026-06-06T18:23:19+0200,8d87ff8c-7229-4840-a478-c91fa6b6d43f,2026-05-21T09:30:00Z,2026-05-21T11:30:00+0200,39317.653,MW,DE,DE_LU,actual_solar_generation,Solar,2026-06-06T16:24:29Z
2026-06-06T16:23:19Z,2026-06-06T18:23:19+0200,8d87ff8c-7229-4840-a478-c91fa6b6d43f,2026-05-21T09:45:00Z,2026-05-21T11:45:00+0200,38954.926,MW,DE,DE_LU,actual_solar_generation,Solar,2026-06-06T16:24:29Z
2026-06-06T16:23:19Z,2026-06-06T18:23:19+0200,8d87ff8c-7229-4840-a478-c91fa6b6d43f,2026-05-21T10:00:00Z,2026-05-21T12:00:00+0200,39080.058,MW,DE,DE_LU,actual_solar_generation,Solar,2026-06-06T16:24:29Z
2026-06-06T16:23:19Z,2026-06-06T18:23:19+0200,8d87ff8c-7229-4840-a478-c91fa6b6d43f,2026-05-21T10:15:00Z,2026-05-21T12:15:00+0200,38540.754,MW,DE,DE_LU,actual_solar_generation,Solar,2026-06-06T16:24:29Z
2026-06-06T16:23:19Z,2026-06-06T18:23:19+0200,8d87ff8c-7229-4840-a478-c91fa6b6d43f,2026-05-21T10:30:00Z,2026-05-21T12:30:00+0200,37997.831,MW,DE,DE_LU,actual_solar_generation,Solar,2026-06-06T16:24:29Z
2026-06-06T16:23:19Z,2026-06-06T18:23:19+0200,8d87ff8c-7229-4840-a478-c91fa6b6d43f,2026-05-21T10:45:00Z,2026-05-21T12:45:00+0200,37437.585,MW,DE,DE_LU,actual_solar_generation,Solar,2026-06-06T16:24:29Z
2026-06-06T16:23:19Z,2026-06-06T18:23:19+0200,8d87ff8c-7229-4840-a478-c91fa6b6d43f,2026-05-21T11:00:00Z,2026-05-21T13:00:00+0200,37415.222,MW,DE,DE_LU,actual_solar_generation,Solar,2026-06-06T16:24:29Z
2026-06-06T16:23:19Z,2026-06-06T18:23:19+0200,8d87ff8c-7229-4840-a478-c91fa6b6d43f,2026-05-21T11:15:00Z,2026-05-21T13:15:00+0200,36793.614,MW,DE,DE_LU,actual_solar_generation,Solar,2026-06-06T16:24:29Z
2026-06-06T16:23:19Z,2026-06-06T18:23:19+0200,8d87ff8c-7229-4840-a478-c91fa6b6d43f,2026-05-21T11:30:00Z,2026-05-21T13:30:00+0200,36424.587,MW,DE,DE_LU,actual_solar_generation,Solar,2026-06-06T16:24:29Z
2026-06-06T16:23:19Z,2026-06-06T18:23:19+0200,8d87ff8c-7229-4840-a478-c91fa6b6d43f,2026-05-21T11:45:00Z,2026-05-21T13:45:00+0200,36198.43,MW,DE,DE_LU,actual_solar_generation,Solar,2026-06-06T16:24:29Z
2026-06-06T16:23:19Z,2026-06-06T18:23:19+0200,8d87ff8c-7229-4840-a478-c91fa6b6d43f,2026-05-21T12:00:00Z,2026-05-21T14:00:00+0200,36323.629,MW,DE,DE_LU,actual_solar_generation,Solar,2026-06-06T16:24:29Z
2026-06-06T16:23:19Z,2026-06-06T18:23:19+0200,8d87ff8c-7229-4840-a478-c91fa6b6d43f,2026-05-21T12:15:00Z,2026-05-21T14:15:00+0200,36150.32,MW,DE,DE_LU,actual_solar_generation,Solar,2026-06-06T16:24:29Z
2026-06-06T16:23:19Z,2026-06-06T18:23:19+0200,8d87ff8c-7229-4840-a478-c91fa6b6d43f,2026-05-21T12:30:00Z,2026-05-21T14:30:00+0200,35502.644,MW,DE,DE_LU,actual_solar_generation,Solar,2026-06-06T16:24:29Z
2026-06-06T16:23:19Z,2026-06-06T18:23:19+0200,8d87ff8c-7229-4840-a478-c91fa6b6d43f,2026-05-21T12:45:00Z,2026-05-21T14:45:00+0200,35234.802,MW,DE,DE_LU,actual_solar_generation,Solar,2026-06-06T16:24:29Z
2026-06-06T16:23:19Z,2026-06-06T18:23:19+0200,8d87ff8c-7229-4840-a478-c91fa6b6d43f,2026-05-21T13:00:00Z,2026-05-21T15:00:00+0200,34556.107,MW,DE,DE_LU,actual_solar_generation,Solar,2026-06-06T16:24:29Z
2026-06-06T16:23:19Z,2026-06-06T18:23:19+0200,8d87ff8c-7229-4840-a478-c91fa6b6d43f,2026-05-21T13:15:00Z,2026-05-21T15:15:00+0200,33977.423,MW,DE,DE_LU,actual_solar_generation,Solar,2026-06-06T16:24:29Z
2026-06-06T16:23:19Z,2026-06-06T18:23:19+0200,8d87ff8c-7229-4840-a478-c91fa6b6d43f,2026-05-21T13:30:00Z,2026-05-21T15:30:00+0200,33133.107,MW,DE,DE_LU,actual_solar_generation,Solar,2026-06-06T16:24:29Z
2026-06-06T16:23:19Z,2026-06-06T18:23:19+0200,8d87ff8c-7229-4840-a478-c91fa6b6d43f,2026-05-21T13:45:00Z,2026-05-21T15:45:00+0200,31834.372,MW,DE,DE_LU,actual_solar_generation,Solar,2026-06-06T16:24:29Z
2026-06-06T16:23:19Z,2026-06-06T18:23:19+0200,8d87ff8c-7229-4840-a478-c91fa6b6d43f,2026-05-21T14:00:00Z,2026-05-21T16:00:00+0200,30712.204,MW,DE,DE_LU,actual_solar_generation,Solar,2026-06-06T16:24:29Z
2026-06-06T16:23:19Z,2026-06-06T18:23:19+0200,8d87ff8c-7229-4840-a478-c91fa6b6d43f,2026-05-21T14:15:00Z,2026-05-21T16:15:00+0200,29380.733,MW,DE,DE_LU,actual_solar_generation,Solar,2026-06-06T16:24:29Z
2026-06-06T16:23:19Z,2026-06-06T18:23:19+0200,8d87ff8c-7229-4840-a478-c91fa6b6d43f,2026-05-21T14:30:00Z,2026-05-21T16:30:00+0200,28321.453,MW,DE,DE_LU,actual_solar_generation,Solar,2026-06-06T16:24:29Z
2026-06-06T16:23:19Z,2026-06-06T18:23:19+0200,8d87ff8c-7229-4840-a478-c91fa6b6d43f,2026-05-21T14:45:00Z,2026-05-21T16:45:00+0200,26910.83,MW,DE,DE_LU,actual_solar_generation,Solar,2026-06-06T16:24:29Z
2026-06-06T16:23:19Z,2026-06-06T18:23:19+0200,8d87ff8c-7229-4840-a478-c91fa6b6d43f,2026-05-21T15:00:00Z,2026-05-21T17:00:00+0200,25318.373,MW,DE,DE_LU,actual_solar_generation,Solar,2026-06-06T16:24:29Z
2026-06-06T16:23:19Z,2026-06-06T18:23:19+0200,8d87ff8c-7229-4840-a478-c91fa6b6d43f,2026-05-21T15:15:00Z,2026-05-21T17:15:00+0200,23494.46,MW,DE,DE_LU,actual_solar_generation,Solar,2026-06-06T16:24:29Z
2026-06-06T16:23:19Z,2026-06-06T18:23:19+0200,8d87ff8c-7229-4840-a478-c91fa6b6d43f,2026-05-21T15:30:00Z,2026-05-21T17:30:00+0200,21670.707,MW,DE,DE_LU,actual_solar_generation,Solar,2026-06-06T16:24:29Z
2026-06-06T16:23:19Z,2026-06-06T18:23:19+0200,8d87ff8c-7229-4840-a478-c91fa6b6d43f,2026-05-21T15:45:00Z,2026-05-21T17:45:00+0200,19512.392,MW,DE,DE_LU,actual_solar_generation,Solar,2026-06-06T16:24:29Z
2026-06-06T16:23:19Z,2026-06-06T18:23:19+0200,8d87ff8c-7229-4840-a478-c91fa6b6d43f,2026-05-21T16:00:00Z,2026-05-21T18:00:00+0200,17440.737,MW,DE,DE_LU,actual_solar_generation,Solar,2026-06-06T16:24:29Z
2026-06-06T16:23:19Z,2026-06-06T18:23:19+0200,8d87ff8c-7229-4840-a478-c91fa6b6d43f,2026-05-21T16:15:00Z,2026-05-21T18:15:00+0200,15259.721,MW,DE,DE_LU,actual_solar_generation,Solar,2026-06-06T16:24:29Z
2026-06-06T16:23:19Z,2026-06-06T18:23:19+0200,8d87ff8c-7229-4840-a478-c91fa6b6d43f,2026-05-21T16:30:00Z,2026-05-21T18:30:00+0200,13107.487,MW,DE,DE_LU,actual_solar_generation,Solar,2026-06-06T16:24:29Z
2026-06-06T16:23:19Z,2026-06-06T18:23:19+0200,8d87ff8c-7229-4840-a478-c91fa6b6d43f,2026-05-21T16:45:00Z,2026-05-21T18:45:00+0200,11089.276,MW,DE,DE_LU,actual_solar_generation,Solar,2026-06-06T16:24:29Z
2026-06-06T16:23:19Z,2026-06-06T18:23:19+0200,8d87ff8c-7229-4840-a478-c91fa6b6d43f,2026-05-21T17:00:00Z,2026-05-21T19:00:00+0200,9111.094,MW,DE,DE_LU,actual_solar_generation,Solar,2026-06-06T16:24:29Z
2026-06-06T16:23:19Z,2026-06-06T18:23:19+0200,8d87ff8c-7229-4840-a478-c91fa6b6d43f,2026-05-21T17:15:00Z,2026-05-21T19:15:00+0200,7407.836,MW,DE,DE_LU,actual_solar_generation,Solar,2026-06-06T16:24:29Z
2026-06-06T16:23:19Z,2026-06-06T18:23:19+0200,8d87ff8c-7229-4840-a478-c91fa6b6d43f,2026-05-21T17:30:00Z,2026-05-21T19:30:00+0200,5783.995,MW,DE,DE_LU,actual_solar_generation,Solar,2026-06-06T16:24:29Z
2026-06-06T16:23:19Z,2026-06-06T18:23:19+0200,8d87ff8c-7229-4840-a478-c91fa6b6d43f,2026-05-21T17:45:00Z,2026-05-21T19:45:00+0200,4293.088,MW,DE,DE_LU,actual_solar_generation,Solar,2026-06-06T16:24:29Z
2026-06-06T16:23:19Z,2026-06-06T18:23:19+0200,8d87ff8c-7229-4840-a478-c91fa6b6d43f,2026-05-21T18:00:00Z,2026-05-21T20:00:00+0200,3039.805,MW,DE,DE_LU,actual_solar_generation,Solar,2026-06-06T16:24:29Z
2026-06-06T16:23:19Z,2026-06-06T18:23:19+0200,8d87ff8c-7229-4840-a478-c91fa6b6d43f,2026-05-21T18:15:00Z,2026-05-21T20:15:00+0200,1941.662,MW,DE,DE_LU,actual_solar_generation,Solar,2026-06-06T16:24:29Z
2026-06-06T16:23:19Z,2026-06-06T18:23:19+0200,8d87ff8c-7229-4840-a478-c91fa6b6d43f,2026-05-21T18:30:00Z,2026-05-21T20:30:00+0200,1049.871,MW,DE,DE_LU,actual_solar_generation,Solar,2026-06-06T16:24:29Z
2026-06-06T16:23:19Z,2026-06-06T18:23:19+0200,8d87ff8c-7229-4840-a478-c91fa6b6d43f,2026-05-21T18:45:00Z,2026-05-21T20:45:00+0200,414.658,MW,DE,DE_LU,actual_solar_generation,Solar,2026-06-06T16:24:29Z
2026-06-06T16:23:19Z,2026-06-06T18:23:19+0200,8d87ff8c-7229-4840-a478-c91fa6b6d43f,2026-05-21T19:00:00Z,2026-05-21T21:00:00+0200,107.793,MW,DE,DE_LU,actual_solar_generation,Solar,2026-06-06T16:24:29Z
2026-06-06T16:23:19Z,2026-06-06T18:23:19+0200,8d87ff8c-7229-4840-a478-c91fa6b6d43f,2026-05-21T19:15:00Z,2026-05-21T21:15:00+0200,18.877,MW,DE,DE_LU,actual_solar_generation,Solar,2026-06-06T16:24:29Z
2026-06-06T16:23:19Z,2026-06-06T18:23:19+0200,8d87ff8c-7229-4840-a478-c91fa6b6d43f,2026-05-21T19:30:00Z,2026-05-21T21:30:00+0200,4.365,MW,DE,DE_LU,actual_solar_generation,Solar,2026-06-06T16:24:29Z
2026-06-06T16:23:19Z,2026-06-06T18:23:19+0200,8d87ff8c-7229-4840-a478-c91fa6b6d43f,2026-05-21T19:45:00Z,2026-05-21T21:45:00+0200,0.543,MW,DE,DE_LU,actual_solar_generation,Solar,2026-06-06T16:24:29Z
2026-06-06T16:23:19Z,2026-06-06T18:23:19+0200,8d87ff8c-7229-4840-a478-c91fa6b6d43f,2026-05-21T20:00:00Z,2026-05-21T22:00:00+0200,0.246,MW,DE,DE_LU,actual_solar_generation,Solar,2026-06-06T16:24:29Z
2026-06-06T16:23:19Z,2026-06-06T18:23:19+0200,8d87ff8c-7229-4840-a478-c91fa6b6d43f,2026-05-21T20:15:00Z,2026-05-21T22:15:00+0200,0.21,MW,DE,DE_LU,actual_solar_generation,Solar,2026-06-06T16:24:29Z
2026-06-06T16:23:19Z,2026-06-06T18:23:19+0200,8d87ff8c-7229-4840-a478-c91fa6b6d43f,2026-05-21T20:30:00Z,2026-05-21T22:30:00+0200,0.194,MW,DE,DE_LU,actual_solar_generation,Solar,2026-06-06T16:24:29Z
2026-06-06T16:23:19Z,2026-06-06T18:23:19+0200,8d87ff8c-7229-4840-a478-c91fa6b6d43f,2026-05-21T20:45:00Z,2026-05-21T22:45:00+0200,0.214,MW,DE,DE_LU,actual_solar_generation,Solar,2026-06-06T16:24:29Z
2026-06-06T16:23:19Z,2026-06-06T18:23:19+0200,8d87ff8c-7229-4840-a478-c91fa6b6d43f,2026-05-21T21:00:00Z,2026-05-21T23:00:00+0200,0.204,MW,DE,DE_LU,actual_solar_generation,Solar,2026-06-06T16:24:29Z
2026-06-06T16:23:19Z,2026-06-06T18:23:19+0200,8d87ff8c-7229-4840-a478-c91fa6b6d43f,2026-05-21T21:15:00Z,2026-05-21T23:15:00+0200,0.169,MW,DE,DE_LU,actual_solar_generation,Solar,2026-06-06T16:24:29Z
2026-06-06T16:23:19Z,2026-06-06T18:23:19+0200,8d87ff8c-7229-4840-a478-c91fa6b6d43f,2026-05-21T21:30:00Z,2026-05-21T23:30:00+0200,0.17,MW,DE,DE_LU,actual_solar_generation,Solar,2026-06-06T16:24:29Z
2026-06-06T16:23:19Z,2026-06-06T18:23:19+0200,8d87ff8c-7229-4840-a478-c91fa6b6d43f,2026-05-21T21:45:00Z,2026-05-21T23:45:00+0200,0.136,MW,DE,DE_LU,actual_solar_generation,Solar,2026-06-06T16:24:29Z
2026-06-06T16:23:19Z,2026-06-06T18:23:19+0200,8d87ff8c-7229-4840-a478-c91fa6b6d43f,2026-05-21T22:00:00Z,2026-05-22T00:00:00+0200,0.138,MW,DE,DE_LU,actual_solar_generation,Solar,2026-06-06T16:24:29Z
2026-06-06T16:23:19Z,2026-06-06T18:23:19+0200,8d87ff8c-7229-4840-a478-c91fa6b6d43f,2026-05-21T22:15:00Z,2026-05-22T00:15:00+0200,0.131,MW,DE,DE_LU,actual_solar_generation,Solar,2026-06-06T16:24:29Z
2026-06-06T16:23:19Z,2026-06-06T18:23:19+0200,8d87ff8c-7229-4840-a478-c91fa6b6d43f,2026-05-21T22:30:00Z,2026-05-22T00:30:00+0200,0.125,MW,DE,DE_LU,actual_solar_generation,Solar,2026-06-06T16:24:29Z
2026-06-06T16:23:19Z,2026-06-06T18:23:19+0200,8d87ff8c-7229-4840-a478-c91fa6b6d43f,2026-05-21T22:45:00Z,2026-05-22T00:45:00+0200,0.118,MW,DE,DE_LU,actual_solar_generation,Solar,2026-06-06T16:24:29Z
2026-06-06T16:23:19Z,2026-06-06T18:23:19+0200,8d87ff8c-7229-4840-a478-c91fa6b6d43f,2026-05-21T23:00:00Z,2026-05-22T01:00:00+0200,0.109,MW,DE,DE_LU,actual_solar_generation,Solar,2026-06-06T16:24:29Z
2026-06-06T16:23:19Z,2026-06-06T18:23:19+0200,8d87ff8c-7229-4840-a478-c91fa6b6d43f,2026-05-21T23:15:00Z,2026-05-22T01:15:00+0200,0.105,MW,DE,DE_LU,actual_solar_generation,Solar,2026-06-06T16:24:29Z
2026-06-06T16:23:19Z,2026-06-06T18:23:19+0200,8d87ff8c-7229-4840-a478-c91fa6b6d43f,2026-05-21T23:30:00Z,2026-05-22T01:30:00+0200,0.103,MW,DE,DE_LU,actual_solar_generation,Solar,2026-06-06T16:24:29Z
2026-06-06T16:23:19Z,2026-06-06T18:23:19+0200,8d87ff8c-7229-4840-a478-c91fa6b6d43f,2026-05-21T23:45:00Z,2026-05-22T01:45:00+0200,0.092,MW,DE,DE_LU,actual_solar_generation,Solar,2026-06-06T16:24:29Z
2026-06-06T16:23:19Z,2026-06-06T18:23:19+0200,8d87ff8c-7229-4840-a478-c91fa6b6d43f,2026-05-22T00:00:00Z,2026-05-22T02:00:00+0200,0.093,MW,DE,DE_LU,actual_solar_generation,Solar,2026-06-06T16:24:29Z
2026-06-06T16:23:19Z,2026-06-06T18:23:19+0200,8d87ff8c-7229-4840-a478-c91fa6b6d43f,2026-05-22T00:15:00Z,2026-05-22T02:15:00+0200,0.093,MW,DE,DE_LU,actual_solar_generation,Solar,2026-06-06T16:24:29Z
2026-06-06T16:23:19Z,2026-06-06T18:23:19+0200,8d87ff8c-7229-4840-a478-c91fa6b6d43f,2026-05-22T00:30:00Z,2026-05-22T02:30:00+0200,0.087,MW,DE,DE_LU,actual_solar_generation,Solar,2026-06-06T16:24:29Z
2026-06-06T16:23:19Z,2026-06-06T18:23:19+0200,8d87ff8c-7229-4840-a478-c91fa6b6d43f,2026-05-22T00:45:00Z,2026-05-22T02:45:00+0200,0.085,MW,DE,DE_LU,actual_solar_generation,Solar,2026-06-06T16:24:29Z
2026-06-06T16:23:19Z,2026-06-06T18:23:19+0200,8d87ff8c-7229-4840-a478-c91fa6b6d43f,2026-05-22T01:00:00Z,2026-05-22T03:00:00+0200,0.077,MW,DE,DE_LU,actual_solar_generation,Solar,2026-06-06T16:24:29Z
2026-06-06T16:23:19Z,2026-06-06T18:23:19+0200,8d87ff8c-7229-4840-a478-c91fa6b6d43f,2026-05-22T01:15:00Z,2026-05-22T03:15:00+0200,0.08,MW,DE,DE_LU,actual_solar_generation,Solar,2026-06-06T16:24:29Z
2026-06-06T16:23:19Z,2026-06-06T18:23:19+0200,8d87ff8c-7229-4840-a478-c91fa6b6d43f,2026-05-22T01:30:00Z,2026-05-22T03:30:00+0200,0.083,MW,DE,DE_LU,actual_solar_generation,Solar,2026-06-06T16:24:29Z
2026-06-06T16:23:19Z,2026-06-06T18:23:19+0200,8d87ff8c-7229-4840-a478-c91fa6b6d43f,2026-05-22T01:45:00Z,2026-05-22T03:45:00+0200,0.073,MW,DE,DE_LU,actual_solar_generation,Solar,2026-06-06T16:24:29Z
2026-06-06T16:23:19Z,2026-06-06T18:23:19+0200,8d87ff8c-7229-4840-a478-c91fa6b6d43f,2026-05-22T02:00:00Z,2026-05-22T04:00:00+0200,0.073,MW,DE,DE_LU,actual_solar_generation,Solar,2026-06-06T16:24:29Z
2026-06-06T16:23:19Z,2026-06-06T18:23:19+0200,8d87ff8c-7229-4840-a478-c91fa6b6d43f,2026-05-22T02:15:00Z,2026-05-22T04:15:00+0200,0.068,MW,DE,DE_LU,actual_solar_generation,Solar,2026-06-06T16:24:29Z
2026-06-06T16:23:19Z,2026-06-06T18:23:19+0200,8d87ff8c-7229-4840-a478-c91fa6b6d43f,2026-05-22T02:30:00Z,2026-05-22T04:30:00+0200,0.113,MW,DE,DE_LU,actual_solar_generation,Solar,2026-06-06T16:24:29Z
2026-06-06T16:23:19Z,2026-06-06T18:23:19+0200,8d87ff8c-7229-4840-a478-c91fa6b6d43f,2026-05-22T02:45:00Z,2026-05-22T04:45:00+0200,1.546,MW,DE,DE_LU,actual_solar_generation,Solar,2026-06-06T16:24:29Z
2026-06-06T16:23:19Z,2026-06-06T18:23:19+0200,8d87ff8c-7229-4840-a478-c91fa6b6d43f,2026-05-22T03:00:00Z,2026-05-22T05:00:00+0200,17.118,MW,DE,DE_LU,actual_solar_generation,Solar,2026-06-06T16:24:29Z
2026-06-06T16:23:19Z,2026-06-06T18:23:19+0200,8d87ff8c-7229-4840-a478-c91fa6b6d43f,2026-05-22T03:15:00Z,2026-05-22T05:15:00+0200,104.913,MW,DE,DE_LU,actual_solar_generation,Solar,2026-06-06T16:24:29Z
2026-06-06T16:23:19Z,2026-06-06T18:23:19+0200,8d87ff8c-7229-4840-a478-c91fa6b6d43f,2026-05-22T03:30:00Z,2026-05-22T05:30:00+0200,395.722,MW,DE,DE_LU,actual_solar_generation,Solar,2026-06-06T16:24:29Z
2026-06-06T16:23:19Z,2026-06-06T18:23:19+0200,8d87ff8c-7229-4840-a478-c91fa6b6d43f,2026-05-22T03:45:00Z,2026-05-22T05:45:00+0200,1119.998,MW,DE,DE_LU,actual_solar_generation,Solar,2026-06-06T16:24:29Z
2026-06-06T16:23:19Z,2026-06-06T18:23:19+0200,8d87ff8c-7229-4840-a478-c91fa6b6d43f,2026-05-22T04:00:00Z,2026-05-22T06:00:00+0200,2085.611,MW,DE,DE_LU,actual_solar_generation,Solar,2026-06-06T16:24:29Z
2026-06-06T16:23:19Z,2026-06-06T18:23:19+0200,8d87ff8c-7229-4840-a478-c91fa6b6d43f,2026-05-22T04:15:00Z,2026-05-22T06:15:00+0200,3243.043,MW,DE,DE_LU,actual_solar_generation,Solar,2026-06-06T16:24:29Z
2026-06-06T16:23:19Z,2026-06-06T18:23:19+0200,8d87ff8c-7229-4840-a478-c91fa6b6d43f,2026-05-22T04:30:00Z,2026-05-22T06:30:00+0200,4654.802,MW,DE,DE_LU,actual_solar_generation,Solar,2026-06-06T16:24:29Z
2026-06-06T16:23:19Z,2026-06-06T18:23:19+0200,8d87ff8c-7229-4840-a478-c91fa6b6d43f,2026-05-22T04:45:00Z,2026-05-22T06:45:00+0200,6378.371,MW,DE,DE_LU,actual_solar_generation,Solar,2026-06-06T16:24:29Z
2026-06-06T16:23:19Z,2026-06-06T18:23:19+0200,8d87ff8c-7229-4840-a478-c91fa6b6d43f,2026-05-22T05:00:00Z,2026-05-22T07:00:00+0200,8362.08,MW,DE,DE_LU,actual_solar_generation,Solar,2026-06-06T16:24:29Z
2026-06-06T16:23:19Z,2026-06-06T18:23:19+0200,8d87ff8c-7229-4840-a478-c91fa6b6d43f,2026-05-22T05:15:00Z,2026-05-22T07:15:00+0200,10641.796,MW,DE,DE_LU,actual_solar_generation,Solar,2026-06-06T16:24:29Z
2026-06-06T16:23:19Z,2026-06-06T18:23:19+0200,8d87ff8c-7229-4840-a478-c91fa6b6d43f,2026-05-22T05:30:00Z,2026-05-22T07:30:00+0200,13221.759,MW,DE,DE_LU,actual_solar_generation,Solar,2026-06-06T16:24:29Z
2026-06-06T16:23:19Z,2026-06-06T18:23:19+0200,8d87ff8c-7229-4840-a478-c91fa6b6d43f,2026-05-22T05:45:00Z,2026-05-22T07:45:00+0200,16040.955,MW,DE,DE_LU,actual_solar_generation,Solar,2026-06-06T16:24:29Z
2026-06-06T16:23:19Z,2026-06-06T18:23:19+0200,8d87ff8c-7229-4840-a478-c91fa6b6d43f,2026-05-22T06:00:00Z,2026-05-22T08:00:00+0200,19052.603,MW,DE,DE_LU,actual_solar_generation,Solar,2026-06-06T16:24:29Z
2026-06-06T16:23:19Z,2026-06-06T18:23:19+0200,8d87ff8c-7229-4840-a478-c91fa6b6d43f,2026-05-22T06:15:00Z,2026-05-22T08:15:00+0200,21935.06,MW,DE,DE_LU,actual_solar_generation,Solar,2026-06-06T16:24:29Z
2026-06-06T16:23:19Z,2026-06-06T18:23:19+0200,8d87ff8c-7229-4840-a478-c91fa6b6d43f,2026-05-22T06:30:00Z,2026-05-22T08:30:00+0200,25069.994,MW,DE,DE_LU,actual_solar_generation,Solar,2026-06-06T16:24:29Z
2026-06-06T16:23:19Z,2026-06-06T18:23:19+0200,8d87ff8c-7229-4840-a478-c91fa6b6d43f,2026-05-22T06:45:00Z,2026-05-22T08:45:00+0200,28138.188,MW,DE,DE_LU,actual_solar_generation,Solar,2026-06-06T16:24:29Z
2026-06-06T16:23:19Z,2026-06-06T18:23:19+0200,8d87ff8c-7229-4840-a478-c91fa6b6d43f,2026-05-22T07:00:00Z,2026-05-22T09:00:00+0200,31295.992,MW,DE,DE_LU,actual_solar_generation,Solar,2026-06-06T16:24:29Z
2026-06-06T16:23:19Z,2026-06-06T18:23:19+0200,8d87ff8c-7229-4840-a478-c91fa6b6d43f,2026-05-22T07:15:00Z,2026-05-22T09:15:00+0200,34242.155,MW,DE,DE_LU,actual_solar_generation,Solar,2026-06-06T16:24:29Z
2026-06-06T16:23:19Z,2026-06-06T18:23:19+0200,8d87ff8c-7229-4840-a478-c91fa6b6d43f,2026-05-22T07:30:00Z,2026-05-22T09:30:00+0200,36602.57,MW,DE,DE_LU,actual_solar_generation,Solar,2026-06-06T16:24:29Z
2026-06-06T16:23:19Z,2026-06-06T18:23:19+0200,8d87ff8c-7229-4840-a478-c91fa6b6d43f,2026-05-22T07:45:00Z,2026-05-22T09:45:00+0200,39129.144,MW,DE,DE_LU,actual_solar_generation,Solar,2026-06-06T16:24:29Z
2026-06-06T16:23:19Z,2026-06-06T18:23:19+0200,8d87ff8c-7229-4840-a478-c91fa6b6d43f,2026-05-22T08:00:00Z,2026-05-22T10:00:00+0200,41223.625,MW,DE,DE_LU,actual_solar_generation,Solar,2026-06-06T16:24:29Z
2026-06-06T16:23:19Z,2026-06-06T18:23:19+0200,8d87ff8c-7229-4840-a478-c91fa6b6d43f,2026-05-22T08:15:00Z,2026-05-22T10:15:00+0200,43151.188,MW,DE,DE_LU,actual_solar_generation,Solar,2026-06-06T16:24:29Z
2026-06-06T16:23:19Z,2026-06-06T18:23:19+0200,8d87ff8c-7229-4840-a478-c91fa6b6d43f,2026-05-22T08:30:00Z,2026-05-22T10:30:00+0200,44958.208,MW,DE,DE_LU,actual_solar_generation,Solar,2026-06-06T16:24:29Z
2026-06-06T16:23:19Z,2026-06-06T18:23:19+0200,8d87ff8c-7229-4840-a478-c91fa6b6d43f,2026-05-22T08:45:00Z,2026-05-22T10:45:00+0200,46393.706,MW,DE,DE_LU,actual_solar_generation,Solar,2026-06-06T16:24:29Z
2026-06-06T16:23:19Z,2026-06-06T18:23:19+0200,8d87ff8c-7229-4840-a478-c91fa6b6d43f,2026-05-22T09:00:00Z,2026-05-22T11:00:00+0200,47654.113,MW,DE,DE_LU,actual_solar_generation,Solar,2026-06-06T16:24:29Z
2026-06-06T16:23:19Z,2026-06-06T18:23:19+0200,8d87ff8c-7229-4840-a478-c91fa6b6d43f,2026-05-22T09:15:00Z,2026-05-22T11:15:00+0200,48789.79,MW,DE,DE_LU,actual_solar_generation,Solar,2026-06-06T16:24:29Z
2026-06-06T16:23:19Z,2026-06-06T18:23:19+0200,8d87ff8c-7229-4840-a478-c91fa6b6d43f,2026-05-22T09:30:00Z,2026-05-22T11:30:00+0200,49518.508,MW,DE,DE_LU,actual_solar_generation,Solar,2026-06-06T16:24:29Z
2026-06-06T16:23:19Z,2026-06-06T18:23:19+0200,8d87ff8c-7229-4840-a478-c91fa6b6d43f,2026-05-22T09:45:00Z,2026-05-22T11:45:00+0200,50296.279,MW,DE,DE_LU,actual_solar_generation,Solar,2026-06-06T16:24:29Z
2026-06-06T16:23:19Z,2026-06-06T18:23:19+0200,8d87ff8c-7229-4840-a478-c91fa6b6d43f,2026-05-22T10:00:00Z,2026-05-22T12:00:00+0200,50534.325,MW,DE,DE_LU,actual_solar_generation,Solar,2026-06-06T16:24:29Z
2026-06-06T16:23:19Z,2026-06-06T18:23:19+0200,8d87ff8c-7229-4840-a478-c91fa6b6d43f,2026-05-22T10:15:00Z,2026-05-22T12:15:00+0200,50730.951,MW,DE,DE_LU,actual_solar_generation,Solar,2026-06-06T16:24:29Z
2026-06-06T16:23:19Z,2026-06-06T18:23:19+0200,8d87ff8c-7229-4840-a478-c91fa6b6d43f,2026-05-22T10:30:00Z,2026-05-22T12:30:00+0200,51135.18,MW,DE,DE_LU,actual_solar_generation,Solar,2026-06-06T16:24:29Z
2026-06-06T16:23:19Z,2026-06-06T18:23:19+0200,8d87ff8c-7229-4840-a478-c91fa6b6d43f,2026-05-22T10:45:00Z,2026-05-22T12:45:00+0200,51643.013,MW,DE,DE_LU,actual_solar_generation,Solar,2026-06-06T16:24:29Z
2026-06-06T16:23:19Z,2026-06-06T18:23:19+0200,8d87ff8c-7229-4840-a478-c91fa6b6d43f,2026-05-22T11:00:00Z,2026-05-22T13:00:00+0200,51900.339,MW,DE,DE_LU,actual_solar_generation,Solar,2026-06-06T16:24:29Z
2026-06-06T16:23:19Z,2026-06-06T18:23:19+0200,8d87ff8c-7229-4840-a478-c91fa6b6d43f,2026-05-22T11:15:00Z,2026-05-22T13:15:00+0200,51724.291,MW,DE,DE_LU,actual_solar_generation,Solar,2026-06-06T16:24:29Z
2026-06-06T16:23:19Z,2026-06-06T18:23:19+0200,8d87ff8c-7229-4840-a478-c91fa6b6d43f,2026-05-22T11:30:00Z,2026-05-22T13:30:00+0200,51424.333,MW,DE,DE_LU,actual_solar_generation,Solar,2026-06-06T16:24:29Z
2026-06-06T16:23:19Z,2026-06-06T18:23:19+0200,8d87ff8c-7229-4840-a478-c91fa6b6d43f,2026-05-22T11:45:00Z,2026-05-22T13:45:00+0200,51160.389,MW,DE,DE_LU,actual_solar_generation,Solar,2026-06-06T16:24:29Z
2026-06-06T16:23:19Z,2026-06-06T18:23:19+0200,8d87ff8c-7229-4840-a478-c91fa6b6d43f,2026-05-22T12:00:00Z,2026-05-22T14:00:00+0200,50548.103,MW,DE,DE_LU,actual_solar_generation,Solar,2026-06-06T16:24:29Z
2026-06-06T16:23:19Z,2026-06-06T18:23:19+0200,8d87ff8c-7229-4840-a478-c91fa6b6d43f,2026-05-22T12:15:00Z,2026-05-22T14:15:00+0200,50324.313,MW,DE,DE_LU,actual_solar_generation,Solar,2026-06-06T16:24:29Z
2026-06-06T16:23:19Z,2026-06-06T18:23:19+0200,8d87ff8c-7229-4840-a478-c91fa6b6d43f,2026-05-22T12:30:00Z,2026-05-22T14:30:00+0200,49224.649,MW,DE,DE_LU,actual_solar_generation,Solar,2026-06-06T16:24:29Z
2026-06-06T16:23:19Z,2026-06-06T18:23:19+0200,8d87ff8c-7229-4840-a478-c91fa6b6d43f,2026-05-22T12:45:00Z,2026-05-22T14:45:00+0200,48044.993,MW,DE,DE_LU,actual_solar_generation,Solar,2026-06-06T16:24:29Z
2026-06-06T16:23:19Z,2026-06-06T18:23:19+0200,8d87ff8c-7229-4840-a478-c91fa6b6d43f,2026-05-22T13:00:00Z,2026-05-22T15:00:00+0200,47039.151,MW,DE,DE_LU,actual_solar_generation,Solar,2026-06-06T16:24:29Z
2026-06-06T16:23:19Z,2026-06-06T18:23:19+0200,8d87ff8c-7229-4840-a478-c91fa6b6d43f,2026-05-22T13:15:00Z,2026-05-22T15:15:00+0200,45918.499,MW,DE,DE_LU,actual_solar_generation,Solar,2026-06-06T16:24:29Z
2026-06-06T16:23:19Z,2026-06-06T18:23:19+0200,8d87ff8c-7229-4840-a478-c91fa6b6d43f,2026-05-22T13:30:00Z,2026-05-22T15:30:00+0200,44408.87,MW,DE,DE_LU,actual_solar_generation,Solar,2026-06-06T16:24:29Z
2026-06-06T16:23:19Z,2026-06-06T18:23:19+0200,8d87ff8c-7229-4840-a478-c91fa6b6d43f,2026-05-22T13:45:00Z,2026-05-22T15:45:00+0200,43043.729,MW,DE,DE_LU,actual_solar_generation,Solar,2026-06-06T16:24:29Z
2026-06-06T16:23:19Z,2026-06-06T18:23:19+0200,8d87ff8c-7229-4840-a478-c91fa6b6d43f,2026-05-22T14:00:00Z,2026-05-22T16:00:00+0200,41383.337,MW,DE,DE_LU,actual_solar_generation,Solar,2026-06-06T16:24:29Z
2026-06-06T16:23:19Z,2026-06-06T18:23:19+0200,8d87ff8c-7229-4840-a478-c91fa6b6d43f,2026-05-22T14:15:00Z,2026-05-22T16:15:00+0200,39463.017,MW,DE,DE_LU,actual_solar_generation,Solar,2026-06-06T16:24:29Z
2026-06-06T16:23:19Z,2026-06-06T18:23:19+0200,8d87ff8c-7229-4840-a478-c91fa6b6d43f,2026-05-22T14:30:00Z,2026-05-22T16:30:00+0200,37474.245,MW,DE,DE_LU,actual_solar_generation,Solar,2026-06-06T16:24:29Z
2026-06-06T16:23:19Z,2026-06-06T18:23:19+0200,8d87ff8c-7229-4840-a478-c91fa6b6d43f,2026-05-22T14:45:00Z,2026-05-22T16:45:00+0200,35136.993,MW,DE,DE_LU,actual_solar_generation,Solar,2026-06-06T16:24:29Z
2026-06-06T16:23:19Z,2026-06-06T18:23:19+0200,8d87ff8c-7229-4840-a478-c91fa6b6d43f,2026-05-22T15:00:00Z,2026-05-22T17:00:00+0200,32606.459,MW,DE,DE_LU,actual_solar_generation,Solar,2026-06-06T16:24:29Z
2026-06-06T16:23:19Z,2026-06-06T18:23:19+0200,8d87ff8c-7229-4840-a478-c91fa6b6d43f,2026-05-22T15:15:00Z,2026-05-22T17:15:00+0200,29934.745,MW,DE,DE_LU,actual_solar_generation,Solar,2026-06-06T16:24:29Z
2026-06-06T16:23:19Z,2026-06-06T18:23:19+0200,8d87ff8c-7229-4840-a478-c91fa6b6d43f,2026-05-22T15:30:00Z,2026-05-22T17:30:00+0200,26994.574,MW,DE,DE_LU,actual_solar_generation,Solar,2026-06-06T16:24:29Z
2026-06-06T16:23:19Z,2026-06-06T18:23:19+0200,8d87ff8c-7229-4840-a478-c91fa6b6d43f,2026-05-22T15:45:00Z,2026-05-22T17:45:00+0200,24160.734,MW,DE,DE_LU,actual_solar_generation,Solar,2026-06-06T16:24:29Z
2026-06-06T16:23:19Z,2026-06-06T18:23:19+0200,8d87ff8c-7229-4840-a478-c91fa6b6d43f,2026-05-22T16:00:00Z,2026-05-22T18:00:00+0200,21274.945,MW,DE,DE_LU,actual_solar_generation,Solar,2026-06-06T16:24:29Z
2026-06-06T16:23:19Z,2026-06-06T18:23:19+0200,8d87ff8c-7229-4840-a478-c91fa6b6d43f,2026-05-22T16:15:00Z,2026-05-22T18:15:00+0200,18298.793,MW,DE,DE_LU,actual_solar_generation,Solar,2026-06-06T16:24:29Z
2026-06-06T16:23:19Z,2026-06-06T18:23:19+0200,8d87ff8c-7229-4840-a478-c91fa6b6d43f,2026-05-22T16:30:00Z,2026-05-22T18:30:00+0200,15350.458,MW,DE,DE_LU,actual_solar_generation,Solar,2026-06-06T16:24:29Z
2026-06-06T16:23:19Z,2026-06-06T18:23:19+0200,8d87ff8c-7229-4840-a478-c91fa6b6d43f,2026-05-22T16:45:00Z,2026-05-22T18:45:00+0200,12705.575,MW,DE,DE_LU,actual_solar_generation,Solar,2026-06-06T16:24:29Z
2026-06-06T16:23:19Z,2026-06-06T18:23:19+0200,8d87ff8c-7229-4840-a478-c91fa6b6d43f,2026-05-22T17:00:00Z,2026-05-22T19:00:00+0200,10141.335,MW,DE,DE_LU,actual_solar_generation,Solar,2026-06-06T16:24:29Z
2026-06-06T16:23:19Z,2026-06-06T18:23:19+0200,8d87ff8c-7229-4840-a478-c91fa6b6d43f,2026-05-22T17:15:00Z,2026-05-22T19:15:00+0200,7905.39,MW,DE,DE_LU,actual_solar_generation,Solar,2026-06-06T16:24:29Z
2026-06-06T16:23:19Z,2026-06-06T18:23:19+0200,8d87ff8c-7229-4840-a478-c91fa6b6d43f,2026-05-22T17:30:00Z,2026-05-22T19:30:00+0200,6032.941,MW,DE,DE_LU,actual_solar_generation,Solar,2026-06-06T16:24:29Z
2026-06-06T16:23:19Z,2026-06-06T18:23:19+0200,8d87ff8c-7229-4840-a478-c91fa6b6d43f,2026-05-22T17:45:00Z,2026-05-22T19:45:00+0200,4399.368,MW,DE,DE_LU,actual_solar_generation,Solar,2026-06-06T16:24:29Z
2026-06-06T16:23:19Z,2026-06-06T18:23:19+0200,8d87ff8c-7229-4840-a478-c91fa6b6d43f,2026-05-22T18:00:00Z,2026-05-22T20:00:00+0200,3034.399,MW,DE,DE_LU,actual_solar_generation,Solar,2026-06-06T16:24:29Z
2026-06-06T16:23:19Z,2026-06-06T18:23:19+0200,8d87ff8c-7229-4840-a478-c91fa6b6d43f,2026-05-22T18:15:00Z,2026-05-22T20:15:00+0200,1922.867,MW,DE,DE_LU,actual_solar_generation,Solar,2026-06-06T16:24:29Z
2026-06-06T16:23:19Z,2026-06-06T18:23:19+0200,8d87ff8c-7229-4840-a478-c91fa6b6d43f,2026-05-22T18:30:00Z,2026-05-22T20:30:00+0200,1014.016,MW,DE,DE_LU,actual_solar_generation,Solar,2026-06-06T16:24:29Z
2026-06-06T16:23:19Z,2026-06-06T18:23:19+0200,8d87ff8c-7229-4840-a478-c91fa6b6d43f,2026-05-22T18:45:00Z,2026-05-22T20:45:00+0200,399.046,MW,DE,DE_LU,actual_solar_generation,Solar,2026-06-06T16:24:29Z
2026-06-06T16:23:19Z,2026-06-06T18:23:19+0200,8d87ff8c-7229-4840-a478-c91fa6b6d43f,2026-05-22T19:00:00Z,2026-05-22T21:00:00+0200,123.093,MW,DE,DE_LU,actual_solar_generation,Solar,2026-06-06T16:24:29Z
2026-06-06T16:23:19Z,2026-06-06T18:23:19+0200,8d87ff8c-7229-4840-a478-c91fa6b6d43f,2026-05-22T19:15:00Z,2026-05-22T21:15:00+0200,28.753,MW,DE,DE_LU,actual_solar_generation,Solar,2026-06-06T16:24:29Z
2026-06-06T16:23:19Z,2026-06-06T18:23:19+0200,8d87ff8c-7229-4840-a478-c91fa6b6d43f,2026-05-22T19:30:00Z,2026-05-22T21:30:00+0200,8.168,MW,DE,DE_LU,actual_solar_generation,Solar,2026-06-06T16:24:29Z
2026-06-06T16:23:19Z,2026-06-06T18:23:19+0200,8d87ff8c-7229-4840-a478-c91fa6b6d43f,2026-05-22T19:45:00Z,2026-05-22T21:45:00+0200,1.317,MW,DE,DE_LU,actual_solar_generation,Solar,2026-06-06T16:24:29Z
2026-06-06T16:23:19Z,2026-06-06T18:23:19+0200,8d87ff8c-7229-4840-a478-c91fa6b6d43f,2026-05-22T20:00:00Z,2026-05-22T22:00:00+0200,0.214,MW,DE,DE_LU,actual_solar_generation,Solar,2026-06-06T16:24:29Z
2026-06-06T16:23:19Z,2026-06-06T18:23:19+0200,8d87ff8c-7229-4840-a478-c91fa6b6d43f,2026-05-22T20:15:00Z,2026-05-22T22:15:00+0200,0.199,MW,DE,DE_LU,actual_solar_generation,Solar,2026-06-06T16:24:29Z
2026-06-06T16:23:19Z,2026-06-06T18:23:19+0200,8d87ff8c-7229-4840-a478-c91fa6b6d43f,2026-05-22T20:30:00Z,2026-05-22T22:30:00+0200,0.177,MW,DE,DE_LU,actual_solar_generation,Solar,2026-06-06T16:24:29Z
2026-06-06T16:23:19Z,2026-06-06T18:23:19+0200,8d87ff8c-7229-4840-a478-c91fa6b6d43f,2026-05-22T20:45:00Z,2026-05-22T22:45:00+0200,0.169,MW,DE,DE_LU,actual_solar_generation,Solar,2026-06-06T16:24:29Z
2026-06-06T16:23:19Z,2026-06-06T18:23:19+0200,8d87ff8c-7229-4840-a478-c91fa6b6d43f,2026-05-22T21:00:00Z,2026-05-22T23:00:00+0200,0.166,MW,DE,DE_LU,actual_solar_generation,Solar,2026-06-06T16:24:29Z
2026-06-06T16:23:19Z,2026-06-06T18:23:19+0200,8d87ff8c-7229-4840-a478-c91fa6b6d43f,2026-05-22T21:15:00Z,2026-05-22T23:15:00+0200,0.178,MW,DE,DE_LU,actual_solar_generation,Solar,2026-06-06T16:24:29Z
2026-06-06T16:23:19Z,2026-06-06T18:23:19+0200,8d87ff8c-7229-4840-a478-c91fa6b6d43f,2026-05-22T21:30:00Z,2026-05-22T23:30:00+0200,0.183,MW,DE,DE_LU,actual_solar_generation,Solar,2026-06-06T16:24:29Z
2026-06-06T16:23:19Z,2026-06-06T18:23:19+0200,8d87ff8c-7229-4840-a478-c91fa6b6d43f,2026-05-22T21:45:00Z,2026-05-22T23:45:00+0200,0.153,MW,DE,DE_LU,actual_solar_generation,Solar,2026-06-06T16:24:29Z
2026-06-06T16:23:19Z,2026-06-06T18:23:19+0200,8d87ff8c-7229-4840-a478-c91fa6b6d43f,2026-05-22T22:00:00Z,2026-05-23T00:00:00+0200,0.154,MW,DE,DE_LU,actual_solar_generation,Solar,2026-06-06T16:24:29Z
2026-06-06T16:23:19Z,2026-06-06T18:23:19+0200,8d87ff8c-7229-4840-a478-c91fa6b6d43f,2026-05-22T22:15:00Z,2026-05-23T00:15:00+0200,0.148,MW,DE,DE_LU,actual_solar_generation,Solar,2026-06-06T16:24:29Z
2026-06-06T16:23:19Z,2026-06-06T18:23:19+0200,8d87ff8c-7229-4840-a478-c91fa6b6d43f,2026-05-22T22:30:00Z,2026-05-23T00:30:00+0200,0.136,MW,DE,DE_LU,actual_solar_generation,Solar,2026-06-06T16:24:29Z
2026-06-06T16:23:19Z,2026-06-06T18:23:19+0200,8d87ff8c-7229-4840-a478-c91fa6b6d43f,2026-05-22T22:45:00Z,2026-05-23T00:45:00+0200,0.122,MW,DE,DE_LU,actual_solar_generation,Solar,2026-06-06T16:24:29Z
2026-06-06T16:23:19Z,2026-06-06T18:23:19+0200,8d87ff8c-7229-4840-a478-c91fa6b6d43f,2026-05-22T23:00:00Z,2026-05-23T01:00:00+0200,0.11,MW,DE,DE_LU,actual_solar_generation,Solar,2026-06-06T16:24:29Z
2026-06-06T16:23:19Z,2026-06-06T18:23:19+0200,8d87ff8c-7229-4840-a478-c91fa6b6d43f,2026-05-22T23:15:00Z,2026-05-23T01:15:00+0200,0.126,MW,DE,DE_LU,actual_solar_generation,Solar,2026-06-06T16:24:29Z
2026-06-06T16:23:19Z,2026-06-06T18:23:19+0200,8d87ff8c-7229-4840-a478-c91fa6b6d43f,2026-05-22T23:30:00Z,2026-05-23T01:30:00+0200,0.115,MW,DE,DE_LU,actual_solar_generation,Solar,2026-06-06T16:24:29Z
2026-06-06T16:23:19Z,2026-06-06T18:23:19+0200,8d87ff8c-7229-4840-a478-c91fa6b6d43f,2026-05-22T23:45:00Z,2026-05-23T01:45:00+0200,0.117,MW,DE,DE_LU,actual_solar_generation,Solar,2026-06-06T16:24:29Z
2026-06-06T16:23:19Z,2026-06-06T18:23:19+0200,8d87ff8c-7229-4840-a478-c91fa6b6d43f,2026-05-23T00:00:00Z,2026-05-23T02:00:00+0200,0.119,MW,DE,DE_LU,actual_solar_generation,Solar,2026-06-06T16:24:29Z
2026-06-06T16:23:19Z,2026-06-06T18:23:19+0200,8d87ff8c-7229-4840-a478-c91fa6b6d43f,2026-05-23T00:15:00Z,2026-05-23T02:15:00+0200,0.118,MW,DE,DE_LU,actual_solar_generation,Solar,2026-06-06T16:24:29Z
2026-06-06T16:23:19Z,2026-06-06T18:23:19+0200,8d87ff8c-7229-4840-a478-c91fa6b6d43f,2026-05-23T00:30:00Z,2026-05-23T02:30:00+0200,0.117,MW,DE,DE_LU,actual_solar_generation,Solar,2026-06-06T16:24:29Z
2026-06-06T16:23:19Z,2026-06-06T18:23:19+0200,8d87ff8c-7229-4840-a478-c91fa6b6d43f,2026-05-23T00:45:00Z,2026-05-23T02:45:00+0200,0.098,MW,DE,DE_LU,actual_solar_generation,Solar,2026-06-06T16:24:29Z
2026-06-06T16:23:19Z,2026-06-06T18:23:19+0200,8d87ff8c-7229-4840-a478-c91fa6b6d43f,2026-05-23T01:00:00Z,2026-05-23T03:00:00+0200,0.093,MW,DE,DE_LU,actual_solar_generation,Solar,2026-06-06T16:24:29Z
2026-06-06T16:23:19Z,2026-06-06T18:23:19+0200,8d87ff8c-7229-4840-a478-c91fa6b6d43f,2026-05-23T01:15:00Z,2026-05-23T03:15:00+0200,0.088,MW,DE,DE_LU,actual_solar_generation,Solar,2026-06-06T16:24:29Z
2026-06-06T16:23:19Z,2026-06-06T18:23:19+0200,8d87ff8c-7229-4840-a478-c91fa6b6d43f,2026-05-23T01:30:00Z,2026-05-23T03:30:00+0200,0.086,MW,DE,DE_LU,actual_solar_generation,Solar,2026-06-06T16:24:29Z
2026-06-06T16:23:19Z,2026-06-06T18:23:19+0200,8d87ff8c-7229-4840-a478-c91fa6b6d43f,2026-05-23T01:45:00Z,2026-05-23T03:45:00+0200,0.082,MW,DE,DE_LU,actual_solar_generation,Solar,2026-06-06T16:24:29Z
2026-06-06T16:23:19Z,2026-06-06T18:23:19+0200,8d87ff8c-7229-4840-a478-c91fa6b6d43f,2026-05-23T02:00:00Z,2026-05-23T04:00:00+0200,0.075,MW,DE,DE_LU,actual_solar_generation,Solar,2026-06-06T16:24:29Z
2026-06-06T16:23:19Z,2026-06-06T18:23:19+0200,8d87ff8c-7229-4840-a478-c91fa6b6d43f,2026-05-23T02:15:00Z,2026-05-23T04:15:00+0200,0.071,MW,DE,DE_LU,actual_solar_generation,Solar,2026-06-06T16:24:29Z
2026-06-06T16:23:19Z,2026-06-06T18:23:19+0200,8d87ff8c-7229-4840-a478-c91fa6b6d43f,2026-05-23T02:30:00Z,2026-05-23T04:30:00+0200,0.184,MW,DE,DE_LU,actual_solar_generation,Solar,2026-06-06T16:24:29Z
2026-06-06T16:23:19Z,2026-06-06T18:23:19+0200,8d87ff8c-7229-4840-a478-c91fa6b6d43f,2026-05-23T02:45:00Z,2026-05-23T04:45:00+0200,2.623,MW,DE,DE_LU,actual_solar_generation,Solar,2026-06-06T16:24:29Z
2026-06-06T16:23:19Z,2026-06-06T18:23:19+0200,8d87ff8c-7229-4840-a478-c91fa6b6d43f,2026-05-23T03:00:00Z,2026-05-23T05:00:00+0200,26.328,MW,DE,DE_LU,actual_solar_generation,Solar,2026-06-06T16:24:29Z
2026-06-06T16:23:19Z,2026-06-06T18:23:19+0200,8d87ff8c-7229-4840-a478-c91fa6b6d43f,2026-05-23T03:15:00Z,2026-05-23T05:15:00+0200,133.336,MW,DE,DE_LU,actual_solar_generation,Solar,2026-06-06T16:24:29Z
2026-06-06T16:23:19Z,2026-06-06T18:23:19+0200,8d87ff8c-7229-4840-a478-c91fa6b6d43f,2026-05-23T03:30:00Z,2026-05-23T05:30:00+0200,453.287,MW,DE,DE_LU,actual_solar_generation,Solar,2026-06-06T16:24:29Z
2026-06-06T16:23:19Z,2026-06-06T18:23:19+0200,8d87ff8c-7229-4840-a478-c91fa6b6d43f,2026-05-23T03:45:00Z,2026-05-23T05:45:00+0200,1205.35,MW,DE,DE_LU,actual_solar_generation,Solar,2026-06-06T16:24:29Z
2026-06-06T16:23:19Z,2026-06-06T18:23:19+0200,8d87ff8c-7229-4840-a478-c91fa6b6d43f,2026-05-23T04:00:00Z,2026-05-23T06:00:00+0200,2196.07,MW,DE,DE_LU,actual_solar_generation,Solar,2026-06-06T16:24:29Z
2026-06-06T16:23:19Z,2026-06-06T18:23:19+0200,8d87ff8c-7229-4840-a478-c91fa6b6d43f,2026-05-23T04:15:00Z,2026-05-23T06:15:00+0200,3454.648,MW,DE,DE_LU,actual_solar_generation,Solar,2026-06-06T16:24:29Z
2026-06-06T16:23:19Z,2026-06-06T18:23:19+0200,8d87ff8c-7229-4840-a478-c91fa6b6d43f,2026-05-23T04:30:00Z,2026-05-23T06:30:00+0200,5016.6,MW,DE,DE_LU,actual_solar_generation,Solar,2026-06-06T16:24:29Z
2026-06-06T16:23:19Z,2026-06-06T18:23:19+0200,8d87ff8c-7229-4840-a478-c91fa6b6d43f,2026-05-23T04:45:00Z,2026-05-23T06:45:00+0200,6894.655,MW,DE,DE_LU,actual_solar_generation,Solar,2026-06-06T16:24:29Z
2026-06-06T16:23:19Z,2026-06-06T18:23:19+0200,8d87ff8c-7229-4840-a478-c91fa6b6d43f,2026-05-23T05:00:00Z,2026-05-23T07:00:00+0200,9095.191,MW,DE,DE_LU,actual_solar_generation,Solar,2026-06-06T16:24:29Z
2026-06-06T16:23:19Z,2026-06-06T18:23:19+0200,8d87ff8c-7229-4840-a478-c91fa6b6d43f,2026-05-23T05:15:00Z,2026-05-23T07:15:00+0200,11647.4,MW,DE,DE_LU,actual_solar_generation,Solar,2026-06-06T16:24:29Z
2026-06-06T16:23:19Z,2026-06-06T18:23:19+0200,8d87ff8c-7229-4840-a478-c91fa6b6d43f,2026-05-23T05:30:00Z,2026-05-23T07:30:00+0200,14521.45,MW,DE,DE_LU,actual_solar_generation,Solar,2026-06-06T16:24:29Z
2026-06-06T16:23:19Z,2026-06-06T18:23:19+0200,8d87ff8c-7229-4840-a478-c91fa6b6d43f,2026-05-23T05:45:00Z,2026-05-23T07:45:00+0200,17543.112,MW,DE,DE_LU,actual_solar_generation,Solar,2026-06-06T16:24:29Z
2026-06-06T16:23:19Z,2026-06-06T18:23:19+0200,8d87ff8c-7229-4840-a478-c91fa6b6d43f,2026-05-23T06:00:00Z,2026-05-23T08:00:00+0200,20832.179,MW,DE,DE_LU,actual_solar_generation,Solar,2026-06-06T16:24:29Z
2026-06-06T16:23:19Z,2026-06-06T18:23:19+0200,8d87ff8c-7229-4840-a478-c91fa6b6d43f,2026-05-23T06:15:00Z,2026-05-23T08:15:00+0200,24222.032,MW,DE,DE_LU,actual_solar_generation,Solar,2026-06-06T16:24:29Z
2026-06-06T16:23:19Z,2026-06-06T18:23:19+0200,8d87ff8c-7229-4840-a478-c91fa6b6d43f,2026-05-23T06:30:00Z,2026-05-23T08:30:00+0200,27390.454,MW,DE,DE_LU,actual_solar_generation,Solar,2026-06-06T16:24:29Z
2026-06-06T16:23:19Z,2026-06-06T18:23:19+0200,8d87ff8c-7229-4840-a478-c91fa6b6d43f,2026-05-23T06:45:00Z,2026-05-23T08:45:00+0200,30516.764,MW,DE,DE_LU,actual_solar_generation,Solar,2026-06-06T16:24:29Z
2026-06-06T16:23:19Z,2026-06-06T18:23:19+0200,8d87ff8c-7229-4840-a478-c91fa6b6d43f,2026-05-23T07:00:00Z,2026-05-23T09:00:00+0200,33836.755,MW,DE,DE_LU,actual_solar_generation,Solar,2026-06-06T16:24:29Z
2026-06-06T16:23:19Z,2026-06-06T18:23:19+0200,8d87ff8c-7229-4840-a478-c91fa6b6d43f,2026-05-23T07:15:00Z,2026-05-23T09:15:00+0200,36966.998,MW,DE,DE_LU,actual_solar_generation,Solar,2026-06-06T16:24:29Z
2026-06-06T16:23:19Z,2026-06-06T18:23:19+0200,8d87ff8c-7229-4840-a478-c91fa6b6d43f,2026-05-23T07:30:00Z,2026-05-23T09:30:00+0200,39544.443,MW,DE,DE_LU,actual_solar_generation,Solar,2026-06-06T16:24:29Z
2026-06-06T16:23:19Z,2026-06-06T18:23:19+0200,8d87ff8c-7229-4840-a478-c91fa6b6d43f,2026-05-23T07:45:00Z,2026-05-23T09:45:00+0200,42197.865,MW,DE,DE_LU,actual_solar_generation,Solar,2026-06-06T16:24:29Z
2026-06-06T16:23:19Z,2026-06-06T18:23:19+0200,8d87ff8c-7229-4840-a478-c91fa6b6d43f,2026-05-23T08:00:00Z,2026-05-23T10:00:00+0200,43311.278,MW,DE,DE_LU,actual_solar_generation,Solar,2026-06-06T16:24:29Z
2026-06-06T16:23:19Z,2026-06-06T18:23:19+0200,8d87ff8c-7229-4840-a478-c91fa6b6d43f,2026-05-23T08:15:00Z,2026-05-23T10:15:00+0200,45277.667,MW,DE,DE_LU,actual_solar_generation,Solar,2026-06-06T16:24:29Z
2026-06-06T16:23:19Z,2026-06-06T18:23:19+0200,8d87ff8c-7229-4840-a478-c91fa6b6d43f,2026-05-23T08:30:00Z,2026-05-23T10:30:00+0200,47127.665,MW,DE,DE_LU,actual_solar_generation,Solar,2026-06-06T16:24:29Z
2026-06-06T16:23:19Z,2026-06-06T18:23:19+0200,8d87ff8c-7229-4840-a478-c91fa6b6d43f,2026-05-23T08:45:00Z,2026-05-23T10:45:00+0200,48857.168,MW,DE,DE_LU,actual_solar_generation,Solar,2026-06-06T16:24:29Z
2026-06-06T16:23:19Z,2026-06-06T18:23:19+0200,8d87ff8c-7229-4840-a478-c91fa6b6d43f,2026-05-23T09:00:00Z,2026-05-23T11:00:00+0200,49335.26,MW,DE,DE_LU,actual_solar_generation,Solar,2026-06-06T16:24:29Z
2026-06-06T16:23:19Z,2026-06-06T18:23:19+0200,8d87ff8c-7229-4840-a478-c91fa6b6d43f,2026-05-23T09:15:00Z,2026-05-23T11:15:00+0200,50427.021,MW,DE,DE_LU,actual_solar_generation,Solar,2026-06-06T16:24:29Z
2026-06-06T16:23:19Z,2026-06-06T18:23:19+0200,8d87ff8c-7229-4840-a478-c91fa6b6d43f,2026-05-23T09:30:00Z,2026-05-23T11:30:00+0200,51239.107,MW,DE,DE_LU,actual_solar_generation,Solar,2026-06-06T16:24:29Z
2026-06-06T16:23:19Z,2026-06-06T18:23:19+0200,8d87ff8c-7229-4840-a478-c91fa6b6d43f,2026-05-23T09:45:00Z,2026-05-23T11:45:00+0200,52074.956,MW,DE,DE_LU,actual_solar_generation,Solar,2026-06-06T16:24:29Z
2026-06-06T16:23:19Z,2026-06-06T18:23:19+0200,8d87ff8c-7229-4840-a478-c91fa6b6d43f,2026-05-23T10:00:00Z,2026-05-23T12:00:00+0200,52307.795,MW,DE,DE_LU,actual_solar_generation,Solar,2026-06-06T16:24:29Z
2026-06-06T16:23:19Z,2026-06-06T18:23:19+0200,8d87ff8c-7229-4840-a478-c91fa6b6d43f,2026-05-23T10:15:00Z,2026-05-23T12:15:00+0200,52722.136,MW,DE,DE_LU,actual_solar_generation,Solar,2026-06-06T16:24:29Z
2026-06-06T16:23:19Z,2026-06-06T18:23:19+0200,8d87ff8c-7229-4840-a478-c91fa6b6d43f,2026-05-23T10:30:00Z,2026-05-23T12:30:00+0200,53225.756,MW,DE,DE_LU,actual_solar_generation,Solar,2026-06-06T16:24:29Z
2026-06-06T16:23:19Z,2026-06-06T18:23:19+0200,8d87ff8c-7229-4840-a478-c91fa6b6d43f,2026-05-23T10:45:00Z,2026-05-23T12:45:00+0200,52566.525,MW,DE,DE_LU,actual_solar_generation,Solar,2026-06-06T16:24:29Z
2026-06-06T16:23:19Z,2026-06-06T18:23:19+0200,8d87ff8c-7229-4840-a478-c91fa6b6d43f,2026-05-23T11:00:00Z,2026-05-23T13:00:00+0200,51913.595,MW,DE,DE_LU,actual_solar_generation,Solar,2026-06-06T16:24:29Z
2026-06-06T16:23:19Z,2026-06-06T18:23:19+0200,8d87ff8c-7229-4840-a478-c91fa6b6d43f,2026-05-23T11:15:00Z,2026-05-23T13:15:00+0200,51386.293,MW,DE,DE_LU,actual_solar_generation,Solar,2026-06-06T16:24:29Z
2026-06-06T16:23:19Z,2026-06-06T18:23:19+0200,8d87ff8c-7229-4840-a478-c91fa6b6d43f,2026-05-23T11:30:00Z,2026-05-23T13:30:00+0200,50555.013,MW,DE,DE_LU,actual_solar_generation,Solar,2026-06-06T16:24:29Z
2026-06-06T16:23:19Z,2026-06-06T18:23:19+0200,8d87ff8c-7229-4840-a478-c91fa6b6d43f,2026-05-23T11:45:00Z,2026-05-23T13:45:00+0200,49733.035,MW,DE,DE_LU,actual_solar_generation,Solar,2026-06-06T16:24:29Z
2026-06-06T16:23:19Z,2026-06-06T18:23:19+0200,8d87ff8c-7229-4840-a478-c91fa6b6d43f,2026-05-23T12:00:00Z,2026-05-23T14:00:00+0200,49966.573,MW,DE,DE_LU,actual_solar_generation,Solar,2026-06-06T16:24:29Z
2026-06-06T16:23:19Z,2026-06-06T18:23:19+0200,8d87ff8c-7229-4840-a478-c91fa6b6d43f,2026-05-23T12:15:00Z,2026-05-23T14:15:00+0200,49243.965,MW,DE,DE_LU,actual_solar_generation,Solar,2026-06-06T16:24:29Z
2026-06-06T16:23:19Z,2026-06-06T18:23:19+0200,8d87ff8c-7229-4840-a478-c91fa6b6d43f,2026-05-23T12:30:00Z,2026-05-23T14:30:00+0200,48894.447,MW,DE,DE_LU,actual_solar_generation,Solar,2026-06-06T16:24:29Z
2026-06-06T16:23:19Z,2026-06-06T18:23:19+0200,8d87ff8c-7229-4840-a478-c91fa6b6d43f,2026-05-23T12:45:00Z,2026-05-23T14:45:00+0200,46966.501,MW,DE,DE_LU,actual_solar_generation,Solar,2026-06-06T16:24:29Z
2026-06-06T16:23:19Z,2026-06-06T18:23:19+0200,8d87ff8c-7229-4840-a478-c91fa6b6d43f,2026-05-23T13:00:00Z,2026-05-23T15:00:00+0200,45394.088,MW,DE,DE_LU,actual_solar_generation,Solar,2026-06-06T16:24:29Z
2026-06-06T16:23:19Z,2026-06-06T18:23:19+0200,8d87ff8c-7229-4840-a478-c91fa6b6d43f,2026-05-23T13:15:00Z,2026-05-23T15:15:00+0200,43094.048,MW,DE,DE_LU,actual_solar_generation,Solar,2026-06-06T16:24:29Z
2026-06-06T16:23:19Z,2026-06-06T18:23:19+0200,8d87ff8c-7229-4840-a478-c91fa6b6d43f,2026-05-23T13:30:00Z,2026-05-23T15:30:00+0200,41287.759,MW,DE,DE_LU,actual_solar_generation,Solar,2026-06-06T16:24:29Z
2026-06-06T16:23:19Z,2026-06-06T18:23:19+0200,8d87ff8c-7229-4840-a478-c91fa6b6d43f,2026-05-23T13:45:00Z,2026-05-23T15:45:00+0200,40299.548,MW,DE,DE_LU,actual_solar_generation,Solar,2026-06-06T16:24:29Z
2026-06-06T16:23:19Z,2026-06-06T18:23:19+0200,8d87ff8c-7229-4840-a478-c91fa6b6d43f,2026-05-23T14:00:00Z,2026-05-23T16:00:00+0200,39867.097,MW,DE,DE_LU,actual_solar_generation,Solar,2026-06-06T16:24:29Z
2026-06-06T16:23:19Z,2026-06-06T18:23:19+0200,8d87ff8c-7229-4840-a478-c91fa6b6d43f,2026-05-23T14:15:00Z,2026-05-23T16:15:00+0200,38248.124,MW,DE,DE_LU,actual_solar_generation,Solar,2026-06-06T16:24:29Z
2026-06-06T16:23:19Z,2026-06-06T18:23:19+0200,8d87ff8c-7229-4840-a478-c91fa6b6d43f,2026-05-23T14:30:00Z,2026-05-23T16:30:00+0200,36508.989,MW,DE,DE_LU,actual_solar_generation,Solar,2026-06-06T16:24:29Z
2026-06-06T16:23:19Z,2026-06-06T18:23:19+0200,8d87ff8c-7229-4840-a478-c91fa6b6d43f,2026-05-23T14:45:00Z,2026-05-23T16:45:00+0200,34448.198,MW,DE,DE_LU,actual_solar_generation,Solar,2026-06-06T16:24:29Z
2026-06-06T16:23:19Z,2026-06-06T18:23:19+0200,8d87ff8c-7229-4840-a478-c91fa6b6d43f,2026-05-23T15:00:00Z,2026-05-23T17:00:00+0200,33145.648,MW,DE,DE_LU,actual_solar_generation,Solar,2026-06-06T16:24:29Z
2026-06-06T16:23:19Z,2026-06-06T18:23:19+0200,8d87ff8c-7229-4840-a478-c91fa6b6d43f,2026-05-23T15:15:00Z,2026-05-23T17:15:00+0200,30292.018,MW,DE,DE_LU,actual_solar_generation,Solar,2026-06-06T16:24:29Z
2026-06-06T16:23:19Z,2026-06-06T18:23:19+0200,8d87ff8c-7229-4840-a478-c91fa6b6d43f,2026-05-23T15:30:00Z,2026-05-23T17:30:00+0200,27413.466,MW,DE,DE_LU,actual_solar_generation,Solar,2026-06-06T16:24:29Z
2026-06-06T16:23:19Z,2026-06-06T18:23:19+0200,8d87ff8c-7229-4840-a478-c91fa6b6d43f,2026-05-23T15:45:00Z,2026-05-23T17:45:00+0200,24208.232,MW,DE,DE_LU,actual_solar_generation,Solar,2026-06-06T16:24:29Z
2026-06-06T16:23:19Z,2026-06-06T18:23:19+0200,8d87ff8c-7229-4840-a478-c91fa6b6d43f,2026-05-23T16:00:00Z,2026-05-23T18:00:00+0200,21177.521,MW,DE,DE_LU,actual_solar_generation,Solar,2026-06-06T16:24:29Z
2026-06-06T16:23:19Z,2026-06-06T18:23:19+0200,8d87ff8c-7229-4840-a478-c91fa6b6d43f,2026-05-23T16:15:00Z,2026-05-23T18:15:00+0200,18280.514,MW,DE,DE_LU,actual_solar_generation,Solar,2026-06-06T16:24:29Z
2026-06-06T16:23:19Z,2026-06-06T18:23:19+0200,8d87ff8c-7229-4840-a478-c91fa6b6d43f,2026-05-23T16:30:00Z,2026-05-23T18:30:00+0200,15535.286,MW,DE,DE_LU,actual_solar_generation,Solar,2026-06-06T16:24:29Z
2026-06-06T16:23:19Z,2026-06-06T18:23:19+0200,8d87ff8c-7229-4840-a478-c91fa6b6d43f,2026-05-23T16:45:00Z,2026-05-23T18:45:00+0200,12707.045,MW,DE,DE_LU,actual_solar_generation,Solar,2026-06-06T16:24:29Z
2026-06-06T16:23:19Z,2026-06-06T18:23:19+0200,8d87ff8c-7229-4840-a478-c91fa6b6d43f,2026-05-23T17:00:00Z,2026-05-23T19:00:00+0200,10169.159,MW,DE,DE_LU,actual_solar_generation,Solar,2026-06-06T16:24:29Z
2026-06-06T16:23:19Z,2026-06-06T18:23:19+0200,8d87ff8c-7229-4840-a478-c91fa6b6d43f,2026-05-23T17:15:00Z,2026-05-23T19:15:00+0200,7960.841,MW,DE,DE_LU,actual_solar_generation,Solar,2026-06-06T16:24:29Z
2026-06-06T16:23:19Z,2026-06-06T18:23:19+0200,8d87ff8c-7229-4840-a478-c91fa6b6d43f,2026-05-23T17:30:00Z,2026-05-23T19:30:00+0200,6065.554,MW,DE,DE_LU,actual_solar_generation,Solar,2026-06-06T16:24:29Z
2026-06-06T16:23:19Z,2026-06-06T18:23:19+0200,8d87ff8c-7229-4840-a478-c91fa6b6d43f,2026-05-23T17:45:00Z,2026-05-23T19:45:00+0200,4445.656,MW,DE,DE_LU,actual_solar_generation,Solar,2026-06-06T16:24:29Z
2026-06-06T16:23:19Z,2026-06-06T18:23:19+0200,8d87ff8c-7229-4840-a478-c91fa6b6d43f,2026-05-23T18:00:00Z,2026-05-23T20:00:00+0200,3062.134,MW,DE,DE_LU,actual_solar_generation,Solar,2026-06-06T16:24:29Z
2026-06-06T16:23:19Z,2026-06-06T18:23:19+0200,8d87ff8c-7229-4840-a478-c91fa6b6d43f,2026-05-23T18:15:00Z,2026-05-23T20:15:00+0200,1944.521,MW,DE,DE_LU,actual_solar_generation,Solar,2026-06-06T16:24:29Z
2026-06-06T16:23:19Z,2026-06-06T18:23:19+0200,8d87ff8c-7229-4840-a478-c91fa6b6d43f,2026-05-23T18:30:00Z,2026-05-23T20:30:00+0200,1047.508,MW,DE,DE_LU,actual_solar_generation,Solar,2026-06-06T16:24:29Z
2026-06-06T16:23:19Z,2026-06-06T18:23:19+0200,8d87ff8c-7229-4840-a478-c91fa6b6d43f,2026-05-23T18:45:00Z,2026-05-23T20:45:00+0200,452.875,MW,DE,DE_LU,actual_solar_generation,Solar,2026-06-06T16:24:29Z
2026-06-06T16:23:19Z,2026-06-06T18:23:19+0200,8d87ff8c-7229-4840-a478-c91fa6b6d43f,2026-05-23T19:00:00Z,2026-05-23T21:00:00+0200,119.279,MW,DE,DE_LU,actual_solar_generation,Solar,2026-06-06T16:24:29Z
2026-06-06T16:23:19Z,2026-06-06T18:23:19+0200,8d87ff8c-7229-4840-a478-c91fa6b6d43f,2026-05-23T19:15:00Z,2026-05-23T21:15:00+0200,20.662,MW,DE,DE_LU,actual_solar_generation,Solar,2026-06-06T16:24:29Z
2026-06-06T16:23:19Z,2026-06-06T18:23:19+0200,8d87ff8c-7229-4840-a478-c91fa6b6d43f,2026-05-23T19:30:00Z,2026-05-23T21:30:00+0200,7.05,MW,DE,DE_LU,actual_solar_generation,Solar,2026-06-06T16:24:29Z
2026-06-06T16:23:19Z,2026-06-06T18:23:19+0200,8d87ff8c-7229-4840-a478-c91fa6b6d43f,2026-05-23T19:45:00Z,2026-05-23T21:45:00+0200,1.62,MW,DE,DE_LU,actual_solar_generation,Solar,2026-06-06T16:24:29Z
2026-06-06T16:23:19Z,2026-06-06T18:23:19+0200,8d87ff8c-7229-4840-a478-c91fa6b6d43f,2026-05-23T20:00:00Z,2026-05-23T22:00:00+0200,0.216,MW,DE,DE_LU,actual_solar_generation,Solar,2026-06-06T16:24:29Z
2026-06-06T16:23:19Z,2026-06-06T18:23:19+0200,8d87ff8c-7229-4840-a478-c91fa6b6d43f,2026-05-23T20:15:00Z,2026-05-23T22:15:00+0200,0.19,MW,DE,DE_LU,actual_solar_generation,Solar,2026-06-06T16:24:29Z
2026-06-06T16:23:19Z,2026-06-06T18:23:19+0200,8d87ff8c-7229-4840-a478-c91fa6b6d43f,2026-05-23T20:30:00Z,2026-05-23T22:30:00+0200,0.182,MW,DE,DE_LU,actual_solar_generation,Solar,2026-06-06T16:24:29Z
2026-06-06T16:23:19Z,2026-06-06T18:23:19+0200,8d87ff8c-7229-4840-a478-c91fa6b6d43f,2026-05-23T20:45:00Z,2026-05-23T22:45:00+0200,0.188,MW,DE,DE_LU,actual_solar_generation,Solar,2026-06-06T16:24:29Z
2026-06-06T16:23:19Z,2026-06-06T18:23:19+0200,8d87ff8c-7229-4840-a478-c91fa6b6d43f,2026-05-23T21:00:00Z,2026-05-23T23:00:00+0200,0.187,MW,DE,DE_LU,actual_solar_generation,Solar,2026-06-06T16:24:29Z
2026-06-06T16:23:19Z,2026-06-06T18:23:19+0200,8d87ff8c-7229-4840-a478-c91fa6b6d43f,2026-05-23T21:15:00Z,2026-05-23T23:15:00+0200,0.187,MW,DE,DE_LU,actual_solar_generation,Solar,2026-06-06T16:24:29Z
2026-06-06T16:23:19Z,2026-06-06T18:23:19+0200,8d87ff8c-7229-4840-a478-c91fa6b6d43f,2026-05-23T21:30:00Z,2026-05-23T23:30:00+0200,0.17,MW,DE,DE_LU,actual_solar_generation,Solar,2026-06-06T16:24:29Z
2026-06-06T16:23:19Z,2026-06-06T18:23:19+0200,8d87ff8c-7229-4840-a478-c91fa6b6d43f,2026-05-23T21:45:00Z,2026-05-23T23:45:00+0200,0.153,MW,DE,DE_LU,actual_solar_generation,Solar,2026-06-06T16:24:29Z
2026-06-06T16:23:19Z,2026-06-06T18:23:19+0200,8d87ff8c-7229-4840-a478-c91fa6b6d43f,2026-05-23T22:00:00Z,2026-05-24T00:00:00+0200,0.142,MW,DE,DE_LU,actual_solar_generation,Solar,2026-06-06T16:24:29Z
2026-06-06T16:23:19Z,2026-06-06T18:23:19+0200,8d87ff8c-7229-4840-a478-c91fa6b6d43f,2026-05-23T22:15:00Z,2026-05-24T00:15:00+0200,0.132,MW,DE,DE_LU,actual_solar_generation,Solar,2026-06-06T16:24:29Z
2026-06-06T16:23:19Z,2026-06-06T18:23:19+0200,8d87ff8c-7229-4840-a478-c91fa6b6d43f,2026-05-23T22:30:00Z,2026-05-24T00:30:00+0200,0.122,MW,DE,DE_LU,actual_solar_generation,Solar,2026-06-06T16:24:29Z
2026-06-06T16:23:19Z,2026-06-06T18:23:19+0200,8d87ff8c-7229-4840-a478-c91fa6b6d43f,2026-05-23T22:45:00Z,2026-05-24T00:45:00+0200,0.122,MW,DE,DE_LU,actual_solar_generation,Solar,2026-06-06T16:24:29Z
2026-06-06T16:23:19Z,2026-06-06T18:23:19+0200,8d87ff8c-7229-4840-a478-c91fa6b6d43f,2026-05-23T23:00:00Z,2026-05-24T01:00:00+0200,0.117,MW,DE,DE_LU,actual_solar_generation,Solar,2026-06-06T16:24:29Z
2026-06-06T16:23:19Z,2026-06-06T18:23:19+0200,8d87ff8c-7229-4840-a478-c91fa6b6d43f,2026-05-23T23:15:00Z,2026-05-24T01:15:00+0200,0.114,MW,DE,DE_LU,actual_solar_generation,Solar,2026-06-06T16:24:29Z
2026-06-06T16:23:19Z,2026-06-06T18:23:19+0200,8d87ff8c-7229-4840-a478-c91fa6b6d43f,2026-05-23T23:30:00Z,2026-05-24T01:30:00+0200,0.11,MW,DE,DE_LU,actual_solar_generation,Solar,2026-06-06T16:24:29Z
2026-06-06T16:23:19Z,2026-06-06T18:23:19+0200,8d87ff8c-7229-4840-a478-c91fa6b6d43f,2026-05-23T23:45:00Z,2026-05-24T01:45:00+0200,0.104,MW,DE,DE_LU,actual_solar_generation,Solar,2026-06-06T16:24:29Z
2026-06-06T16:23:19Z,2026-06-06T18:23:19+0200,8d87ff8c-7229-4840-a478-c91fa6b6d43f,2026-05-24T00:00:00Z,2026-05-24T02:00:00+0200,0.11,MW,DE,DE_LU,actual_solar_generation,Solar,2026-06-06T16:24:29Z
2026-06-06T16:23:19Z,2026-06-06T18:23:19+0200,8d87ff8c-7229-4840-a478-c91fa6b6d43f,2026-05-24T00:15:00Z,2026-05-24T02:15:00+0200,0.088,MW,DE,DE_LU,actual_solar_generation,Solar,2026-06-06T16:24:29Z
2026-06-06T16:23:19Z,2026-06-06T18:23:19+0200,8d87ff8c-7229-4840-a478-c91fa6b6d43f,2026-05-24T00:30:00Z,2026-05-24T02:30:00+0200,0.085,MW,DE,DE_LU,actual_solar_generation,Solar,2026-06-06T16:24:29Z
2026-06-06T16:23:19Z,2026-06-06T18:23:19+0200,8d87ff8c-7229-4840-a478-c91fa6b6d43f,2026-05-24T00:45:00Z,2026-05-24T02:45:00+0200,0.081,MW,DE,DE_LU,actual_solar_generation,Solar,2026-06-06T16:24:29Z
2026-06-06T16:23:19Z,2026-06-06T18:23:19+0200,8d87ff8c-7229-4840-a478-c91fa6b6d43f,2026-05-24T01:00:00Z,2026-05-24T03:00:00+0200,0.081,MW,DE,DE_LU,actual_solar_generation,Solar,2026-06-06T16:24:29Z
2026-06-06T16:23:19Z,2026-06-06T18:23:19+0200,8d87ff8c-7229-4840-a478-c91fa6b6d43f,2026-05-24T01:15:00Z,2026-05-24T03:15:00+0200,0.087,MW,DE,DE_LU,actual_solar_generation,Solar,2026-06-06T16:24:29Z
2026-06-06T16:23:19Z,2026-06-06T18:23:19+0200,8d87ff8c-7229-4840-a478-c91fa6b6d43f,2026-05-24T01:30:00Z,2026-05-24T03:30:00+0200,0.084,MW,DE,DE_LU,actual_solar_generation,Solar,2026-06-06T16:24:29Z
2026-06-06T16:23:19Z,2026-06-06T18:23:19+0200,8d87ff8c-7229-4840-a478-c91fa6b6d43f,2026-05-24T01:45:00Z,2026-05-24T03:45:00+0200,0.08,MW,DE,DE_LU,actual_solar_generation,Solar,2026-06-06T16:24:29Z
2026-06-06T16:23:19Z,2026-06-06T18:23:19+0200,8d87ff8c-7229-4840-a478-c91fa6b6d43f,2026-05-24T02:00:00Z,2026-05-24T04:00:00+0200,0.079,MW,DE,DE_LU,actual_solar_generation,Solar,2026-06-06T16:24:29Z
2026-06-06T16:23:19Z,2026-06-06T18:23:19+0200,8d87ff8c-7229-4840-a478-c91fa6b6d43f,2026-05-24T02:15:00Z,2026-05-24T04:15:00+0200,0.068,MW,DE,DE_LU,actual_solar_generation,Solar,2026-06-06T16:24:29Z
2026-06-06T16:23:19Z,2026-06-06T18:23:19+0200,8d87ff8c-7229-4840-a478-c91fa6b6d43f,2026-05-24T02:30:00Z,2026-05-24T04:30:00+0200,0.132,MW,DE,DE_LU,actual_solar_generation,Solar,2026-06-06T16:24:29Z
2026-06-06T16:23:19Z,2026-06-06T18:23:19+0200,8d87ff8c-7229-4840-a478-c91fa6b6d43f,2026-05-24T02:45:00Z,2026-05-24T04:45:00+0200,3.092,MW,DE,DE_LU,actual_solar_generation,Solar,2026-06-06T16:24:29Z
2026-06-06T16:23:19Z,2026-06-06T18:23:19+0200,8d87ff8c-7229-4840-a478-c91fa6b6d43f,2026-05-24T03:00:00Z,2026-05-24T05:00:00+0200,33.689,MW,DE,DE_LU,actual_solar_generation,Solar,2026-06-06T16:24:29Z
2026-06-06T16:23:19Z,2026-06-06T18:23:19+0200,8d87ff8c-7229-4840-a478-c91fa6b6d43f,2026-05-24T03:15:00Z,2026-05-24T05:15:00+0200,178.032,MW,DE,DE_LU,actual_solar_generation,Solar,2026-06-06T16:24:29Z
2026-06-06T16:23:19Z,2026-06-06T18:23:19+0200,8d87ff8c-7229-4840-a478-c91fa6b6d43f,2026-05-24T03:30:00Z,2026-05-24T05:30:00+0200,565.79,MW,DE,DE_LU,actual_solar_generation,Solar,2026-06-06T16:24:29Z
2026-06-06T16:23:19Z,2026-06-06T18:23:19+0200,8d87ff8c-7229-4840-a478-c91fa6b6d43f,2026-05-24T03:45:00Z,2026-05-24T05:45:00+0200,1303.335,MW,DE,DE_LU,actual_solar_generation,Solar,2026-06-06T16:24:29Z
2026-06-06T16:23:19Z,2026-06-06T18:23:19+0200,8d87ff8c-7229-4840-a478-c91fa6b6d43f,2026-05-24T04:00:00Z,2026-05-24T06:00:00+0200,2257.114,MW,DE,DE_LU,actual_solar_generation,Solar,2026-06-06T16:24:29Z
2026-06-06T16:23:19Z,2026-06-06T18:23:19+0200,8d87ff8c-7229-4840-a478-c91fa6b6d43f,2026-05-24T04:15:00Z,2026-05-24T06:15:00+0200,3476.335,MW,DE,DE_LU,actual_solar_generation,Solar,2026-06-06T16:24:29Z
2026-06-06T16:23:19Z,2026-06-06T18:23:19+0200,8d87ff8c-7229-4840-a478-c91fa6b6d43f,2026-05-24T04:30:00Z,2026-05-24T06:30:00+0200,4927.118,MW,DE,DE_LU,actual_solar_generation,Solar,2026-06-06T16:24:29Z
2026-06-06T16:23:19Z,2026-06-06T18:23:19+0200,8d87ff8c-7229-4840-a478-c91fa6b6d43f,2026-05-24T04:45:00Z,2026-05-24T06:45:00+0200,6729.79,MW,DE,DE_LU,actual_solar_generation,Solar,2026-06-06T16:24:29Z
2026-06-06T16:23:19Z,2026-06-06T18:23:19+0200,8d87ff8c-7229-4840-a478-c91fa6b6d43f,2026-05-24T05:00:00Z,2026-05-24T07:00:00+0200,8685.401,MW,DE,DE_LU,actual_solar_generation,Solar,2026-06-06T16:24:29Z
2026-06-06T16:23:19Z,2026-06-06T18:23:19+0200,8d87ff8c-7229-4840-a478-c91fa6b6d43f,2026-05-24T05:15:00Z,2026-05-24T07:15:00+0200,10992.061,MW,DE,DE_LU,actual_solar_generation,Solar,2026-06-06T16:24:29Z
2026-06-06T16:23:19Z,2026-06-06T18:23:19+0200,8d87ff8c-7229-4840-a478-c91fa6b6d43f,2026-05-24T05:30:00Z,2026-05-24T07:30:00+0200,13526.368,MW,DE,DE_LU,actual_solar_generation,Solar,2026-06-06T16:24:29Z
2026-06-06T16:23:19Z,2026-06-06T18:23:19+0200,8d87ff8c-7229-4840-a478-c91fa6b6d43f,2026-05-24T05:45:00Z,2026-05-24T07:45:00+0200,16434.213,MW,DE,DE_LU,actual_solar_generation,Solar,2026-06-06T16:24:29Z
2026-06-06T16:23:19Z,2026-06-06T18:23:19+0200,8d87ff8c-7229-4840-a478-c91fa6b6d43f,2026-05-24T06:00:00Z,2026-05-24T08:00:00+0200,19402.488,MW,DE,DE_LU,actual_solar_generation,Solar,2026-06-06T16:24:29Z
2026-06-06T16:23:19Z,2026-06-06T18:23:19+0200,8d87ff8c-7229-4840-a478-c91fa6b6d43f,2026-05-24T06:15:00Z,2026-05-24T08:15:00+0200,22437.389,MW,DE,DE_LU,actual_solar_generation,Solar,2026-06-06T16:24:29Z
2026-06-06T16:23:19Z,2026-06-06T18:23:19+0200,8d87ff8c-7229-4840-a478-c91fa6b6d43f,2026-05-24T06:30:00Z,2026-05-24T08:30:00+0200,25473.584,MW,DE,DE_LU,actual_solar_generation,Solar,2026-06-06T16:24:29Z
2026-06-06T16:23:19Z,2026-06-06T18:23:19+0200,8d87ff8c-7229-4840-a478-c91fa6b6d43f,2026-05-24T06:45:00Z,2026-05-24T08:45:00+0200,28308.416,MW,DE,DE_LU,actual_solar_generation,Solar,2026-06-06T16:24:29Z
2026-06-06T16:23:19Z,2026-06-06T18:23:19+0200,8d87ff8c-7229-4840-a478-c91fa6b6d43f,2026-05-24T07:00:00Z,2026-05-24T09:00:00+0200,29980.672,MW,DE,DE_LU,actual_solar_generation,Solar,2026-06-06T16:24:29Z
2026-06-06T16:23:19Z,2026-06-06T18:23:19+0200,8d87ff8c-7229-4840-a478-c91fa6b6d43f,2026-05-24T07:15:00Z,2026-05-24T09:15:00+0200,32412.935,MW,DE,DE_LU,actual_solar_generation,Solar,2026-06-06T16:24:29Z
2026-06-06T16:23:19Z,2026-06-06T18:23:19+0200,8d87ff8c-7229-4840-a478-c91fa6b6d43f,2026-05-24T07:30:00Z,2026-05-24T09:30:00+0200,34830.57,MW,DE,DE_LU,actual_solar_generation,Solar,2026-06-06T16:24:29Z
2026-06-06T16:23:19Z,2026-06-06T18:23:19+0200,8d87ff8c-7229-4840-a478-c91fa6b6d43f,2026-05-24T07:45:00Z,2026-05-24T09:45:00+0200,37023.4,MW,DE,DE_LU,actual_solar_generation,Solar,2026-06-06T16:24:29Z
2026-06-06T16:23:19Z,2026-06-06T18:23:19+0200,8d87ff8c-7229-4840-a478-c91fa6b6d43f,2026-05-24T08:00:00Z,2026-05-24T10:00:00+0200,39391.698,MW,DE,DE_LU,actual_solar_generation,Solar,2026-06-06T16:24:29Z
2026-06-06T16:23:19Z,2026-06-06T18:23:19+0200,8d87ff8c-7229-4840-a478-c91fa6b6d43f,2026-05-24T08:15:00Z,2026-05-24T10:15:00+0200,41212.067,MW,DE,DE_LU,actual_solar_generation,Solar,2026-06-06T16:24:29Z
2026-06-06T16:23:19Z,2026-06-06T18:23:19+0200,8d87ff8c-7229-4840-a478-c91fa6b6d43f,2026-05-24T08:30:00Z,2026-05-24T10:30:00+0200,41875.504,MW,DE,DE_LU,actual_solar_generation,Solar,2026-06-06T16:24:29Z
2026-06-06T16:23:19Z,2026-06-06T18:23:19+0200,8d87ff8c-7229-4840-a478-c91fa6b6d43f,2026-05-24T08:45:00Z,2026-05-24T10:45:00+0200,43122.828,MW,DE,DE_LU,actual_solar_generation,Solar,2026-06-06T16:24:29Z
2026-06-06T16:23:19Z,2026-06-06T18:23:19+0200,8d87ff8c-7229-4840-a478-c91fa6b6d43f,2026-05-24T09:00:00Z,2026-05-24T11:00:00+0200,43699.622,MW,DE,DE_LU,actual_solar_generation,Solar,2026-06-06T16:24:29Z
2026-06-06T16:23:19Z,2026-06-06T18:23:19+0200,8d87ff8c-7229-4840-a478-c91fa6b6d43f,2026-05-24T09:15:00Z,2026-05-24T11:15:00+0200,45173.726,MW,DE,DE_LU,actual_solar_generation,Solar,2026-06-06T16:24:29Z
2026-06-06T16:23:19Z,2026-06-06T18:23:19+0200,8d87ff8c-7229-4840-a478-c91fa6b6d43f,2026-05-24T09:30:00Z,2026-05-24T11:30:00+0200,45307.562,MW,DE,DE_LU,actual_solar_generation,Solar,2026-06-06T16:24:29Z
2026-06-06T16:23:19Z,2026-06-06T18:23:19+0200,8d87ff8c-7229-4840-a478-c91fa6b6d43f,2026-05-24T09:45:00Z,2026-05-24T11:45:00+0200,45252.865,MW,DE,DE_LU,actual_solar_generation,Solar,2026-06-06T16:24:29Z
2026-06-06T16:23:19Z,2026-06-06T18:23:19+0200,8d87ff8c-7229-4840-a478-c91fa6b6d43f,2026-05-24T10:00:00Z,2026-05-24T12:00:00+0200,45391.53,MW,DE,DE_LU,actual_solar_generation,Solar,2026-06-06T16:24:29Z
2026-06-06T16:23:19Z,2026-06-06T18:23:19+0200,8d87ff8c-7229-4840-a478-c91fa6b6d43f,2026-05-24T10:15:00Z,2026-05-24T12:15:00+0200,46218.982,MW,DE,DE_LU,actual_solar_generation,Solar,2026-06-06T16:24:29Z
2026-06-06T16:23:19Z,2026-06-06T18:23:19+0200,8d87ff8c-7229-4840-a478-c91fa6b6d43f,2026-05-24T10:30:00Z,2026-05-24T12:30:00+0200,46071.295,MW,DE,DE_LU,actual_solar_generation,Solar,2026-06-06T16:24:29Z
2026-06-06T16:23:19Z,2026-06-06T18:23:19+0200,8d87ff8c-7229-4840-a478-c91fa6b6d43f,2026-05-24T10:45:00Z,2026-05-24T12:45:00+0200,45582.051,MW,DE,DE_LU,actual_solar_generation,Solar,2026-06-06T16:24:29Z
2026-06-06T16:23:19Z,2026-06-06T18:23:19+0200,8d87ff8c-7229-4840-a478-c91fa6b6d43f,2026-05-24T11:00:00Z,2026-05-24T13:00:00+0200,45171.825,MW,DE,DE_LU,actual_solar_generation,Solar,2026-06-06T16:24:29Z
2026-06-06T16:23:19Z,2026-06-06T18:23:19+0200,8d87ff8c-7229-4840-a478-c91fa6b6d43f,2026-05-24T11:15:00Z,2026-05-24T13:15:00+0200,44998.72,MW,DE,DE_LU,actual_solar_generation,Solar,2026-06-06T16:24:29Z
2026-06-06T16:23:19Z,2026-06-06T18:23:19+0200,8d87ff8c-7229-4840-a478-c91fa6b6d43f,2026-05-24T11:30:00Z,2026-05-24T13:30:00+0200,44175.361,MW,DE,DE_LU,actual_solar_generation,Solar,2026-06-06T16:24:29Z
2026-06-06T16:23:19Z,2026-06-06T18:23:19+0200,8d87ff8c-7229-4840-a478-c91fa6b6d43f,2026-05-24T11:45:00Z,2026-05-24T13:45:00+0200,43659.89,MW,DE,DE_LU,actual_solar_generation,Solar,2026-06-06T16:24:29Z
2026-06-06T16:23:19Z,2026-06-06T18:23:19+0200,8d87ff8c-7229-4840-a478-c91fa6b6d43f,2026-05-24T12:00:00Z,2026-05-24T14:00:00+0200,42949.797,MW,DE,DE_LU,actual_solar_generation,Solar,2026-06-06T16:24:29Z
2026-06-06T16:23:19Z,2026-06-06T18:23:19+0200,8d87ff8c-7229-4840-a478-c91fa6b6d43f,2026-05-24T12:15:00Z,2026-05-24T14:15:00+0200,42830.855,MW,DE,DE_LU,actual_solar_generation,Solar,2026-06-06T16:24:29Z
2026-06-06T16:23:19Z,2026-06-06T18:23:19+0200,8d87ff8c-7229-4840-a478-c91fa6b6d43f,2026-05-24T12:30:00Z,2026-05-24T14:30:00+0200,42109.433,MW,DE,DE_LU,actual_solar_generation,Solar,2026-06-06T16:24:29Z
2026-06-06T16:23:19Z,2026-06-06T18:23:19+0200,8d87ff8c-7229-4840-a478-c91fa6b6d43f,2026-05-24T12:45:00Z,2026-05-24T14:45:00+0200,41260.774,MW,DE,DE_LU,actual_solar_generation,Solar,2026-06-06T16:24:29Z
2026-06-06T16:23:19Z,2026-06-06T18:23:19+0200,8d87ff8c-7229-4840-a478-c91fa6b6d43f,2026-05-24T13:00:00Z,2026-05-24T15:00:00+0200,40602.003,MW,DE,DE_LU,actual_solar_generation,Solar,2026-06-06T16:24:29Z
2026-06-06T16:23:19Z,2026-06-06T18:23:19+0200,8d87ff8c-7229-4840-a478-c91fa6b6d43f,2026-05-24T13:15:00Z,2026-05-24T15:15:00+0200,39629.343,MW,DE,DE_LU,actual_solar_generation,Solar,2026-06-06T16:24:29Z
2026-06-06T16:23:19Z,2026-06-06T18:23:19+0200,8d87ff8c-7229-4840-a478-c91fa6b6d43f,2026-05-24T13:30:00Z,2026-05-24T15:30:00+0200,38513.444,MW,DE,DE_LU,actual_solar_generation,Solar,2026-06-06T16:24:29Z
2026-06-06T16:23:19Z,2026-06-06T18:23:19+0200,8d87ff8c-7229-4840-a478-c91fa6b6d43f,2026-05-24T13:45:00Z,2026-05-24T15:45:00+0200,36728.143,MW,DE,DE_LU,actual_solar_generation,Solar,2026-06-06T16:24:29Z
2026-06-06T16:23:19Z,2026-06-06T18:23:19+0200,8d87ff8c-7229-4840-a478-c91fa6b6d43f,2026-05-24T14:00:00Z,2026-05-24T16:00:00+0200,35838.874,MW,DE,DE_LU,actual_solar_generation,Solar,2026-06-06T16:24:29Z
2026-06-06T16:23:19Z,2026-06-06T18:23:19+0200,8d87ff8c-7229-4840-a478-c91fa6b6d43f,2026-05-24T14:15:00Z,2026-05-24T16:15:00+0200,33594.416,MW,DE,DE_LU,actual_solar_generation,Solar,2026-06-06T16:24:29Z
2026-06-06T16:23:19Z,2026-06-06T18:23:19+0200,8d87ff8c-7229-4840-a478-c91fa6b6d43f,2026-05-24T14:30:00Z,2026-05-24T16:30:00+0200,31851.123,MW,DE,DE_LU,actual_solar_generation,Solar,2026-06-06T16:24:29Z
2026-06-06T16:23:19Z,2026-06-06T18:23:19+0200,8d87ff8c-7229-4840-a478-c91fa6b6d43f,2026-05-24T14:45:00Z,2026-05-24T16:45:00+0200,29858.91,MW,DE,DE_LU,actual_solar_generation,Solar,2026-06-06T16:24:29Z
2026-06-06T16:23:19Z,2026-06-06T18:23:19+0200,8d87ff8c-7229-4840-a478-c91fa6b6d43f,2026-05-24T15:00:00Z,2026-05-24T17:00:00+0200,30089.177,MW,DE,DE_LU,actual_solar_generation,Solar,2026-06-06T16:24:29Z
2026-06-06T16:23:19Z,2026-06-06T18:23:19+0200,8d87ff8c-7229-4840-a478-c91fa6b6d43f,2026-05-24T15:15:00Z,2026-05-24T17:15:00+0200,28421.946,MW,DE,DE_LU,actual_solar_generation,Solar,2026-06-06T16:24:29Z
2026-06-06T16:23:19Z,2026-06-06T18:23:19+0200,8d87ff8c-7229-4840-a478-c91fa6b6d43f,2026-05-24T15:30:00Z,2026-05-24T17:30:00+0200,25827.466,MW,DE,DE_LU,actual_solar_generation,Solar,2026-06-06T16:24:29Z
2026-06-06T16:23:19Z,2026-06-06T18:23:19+0200,8d87ff8c-7229-4840-a478-c91fa6b6d43f,2026-05-24T15:45:00Z,2026-05-24T17:45:00+0200,23068.865,MW,DE,DE_LU,actual_solar_generation,Solar,2026-06-06T16:24:29Z
2026-06-06T16:23:19Z,2026-06-06T18:23:19+0200,8d87ff8c-7229-4840-a478-c91fa6b6d43f,2026-05-24T16:00:00Z,2026-05-24T18:00:00+0200,20324.294,MW,DE,DE_LU,actual_solar_generation,Solar,2026-06-06T16:24:29Z
2026-06-06T16:23:19Z,2026-06-06T18:23:19+0200,8d87ff8c-7229-4840-a478-c91fa6b6d43f,2026-05-24T16:15:00Z,2026-05-24T18:15:00+0200,17643.334,MW,DE,DE_LU,actual_solar_generation,Solar,2026-06-06T16:24:29Z
2026-06-06T16:23:19Z,2026-06-06T18:23:19+0200,8d87ff8c-7229-4840-a478-c91fa6b6d43f,2026-05-24T16:30:00Z,2026-05-24T18:30:00+0200,14938.445,MW,DE,DE_LU,actual_solar_generation,Solar,2026-06-06T16:24:29Z
2026-06-06T16:23:19Z,2026-06-06T18:23:19+0200,8d87ff8c-7229-4840-a478-c91fa6b6d43f,2026-05-24T16:45:00Z,2026-05-24T18:45:00+0200,12442.483,MW,DE,DE_LU,actual_solar_generation,Solar,2026-06-06T16:24:29Z
2026-06-06T16:23:19Z,2026-06-06T18:23:19+0200,8d87ff8c-7229-4840-a478-c91fa6b6d43f,2026-05-24T17:00:00Z,2026-05-24T19:00:00+0200,10157.9,MW,DE,DE_LU,actual_solar_generation,Solar,2026-06-06T16:24:29Z
2026-06-06T16:23:19Z,2026-06-06T18:23:19+0200,8d87ff8c-7229-4840-a478-c91fa6b6d43f,2026-05-24T17:15:00Z,2026-05-24T19:15:00+0200,7976.361,MW,DE,DE_LU,actual_solar_generation,Solar,2026-06-06T16:24:29Z
2026-06-06T16:23:19Z,2026-06-06T18:23:19+0200,8d87ff8c-7229-4840-a478-c91fa6b6d43f,2026-05-24T17:30:00Z,2026-05-24T19:30:00+0200,6159.808,MW,DE,DE_LU,actual_solar_generation,Solar,2026-06-06T16:24:29Z
2026-06-06T16:23:19Z,2026-06-06T18:23:19+0200,8d87ff8c-7229-4840-a478-c91fa6b6d43f,2026-05-24T17:45:00Z,2026-05-24T19:45:00+0200,4531.56,MW,DE,DE_LU,actual_solar_generation,Solar,2026-06-06T16:24:29Z
2026-06-06T16:23:19Z,2026-06-06T18:23:19+0200,8d87ff8c-7229-4840-a478-c91fa6b6d43f,2026-05-24T18:00:00Z,2026-05-24T20:00:00+0200,3186.561,MW,DE,DE_LU,actual_solar_generation,Solar,2026-06-06T16:24:29Z
2026-06-06T16:23:19Z,2026-06-06T18:23:19+0200,8d87ff8c-7229-4840-a478-c91fa6b6d43f,2026-05-24T18:15:00Z,2026-05-24T20:15:00+0200,2078.74,MW,DE,DE_LU,actual_solar_generation,Solar,2026-06-06T16:24:29Z
2026-06-06T16:23:19Z,2026-06-06T18:23:19+0200,8d87ff8c-7229-4840-a478-c91fa6b6d43f,2026-05-24T18:30:00Z,2026-05-24T20:30:00+0200,1195.769,MW,DE,DE_LU,actual_solar_generation,Solar,2026-06-06T16:24:29Z
2026-06-06T16:23:19Z,2026-06-06T18:23:19+0200,8d87ff8c-7229-4840-a478-c91fa6b6d43f,2026-05-24T18:45:00Z,2026-05-24T20:45:00+0200,533.787,MW,DE,DE_LU,actual_solar_generation,Solar,2026-06-06T16:24:29Z
2026-06-06T16:23:19Z,2026-06-06T18:23:19+0200,8d87ff8c-7229-4840-a478-c91fa6b6d43f,2026-05-24T19:00:00Z,2026-05-24T21:00:00+0200,188.924,MW,DE,DE_LU,actual_solar_generation,Solar,2026-06-06T16:24:29Z
2026-06-06T16:23:19Z,2026-06-06T18:23:19+0200,8d87ff8c-7229-4840-a478-c91fa6b6d43f,2026-05-24T19:15:00Z,2026-05-24T21:15:00+0200,52.134,MW,DE,DE_LU,actual_solar_generation,Solar,2026-06-06T16:24:29Z
2026-06-06T16:23:19Z,2026-06-06T18:23:19+0200,8d87ff8c-7229-4840-a478-c91fa6b6d43f,2026-05-24T19:30:00Z,2026-05-24T21:30:00+0200,8.53,MW,DE,DE_LU,actual_solar_generation,Solar,2026-06-06T16:24:29Z
2026-06-06T16:23:19Z,2026-06-06T18:23:19+0200,8d87ff8c-7229-4840-a478-c91fa6b6d43f,2026-05-24T19:45:00Z,2026-05-24T21:45:00+0200,2.046,MW,DE,DE_LU,actual_solar_generation,Solar,2026-06-06T16:24:29Z
2026-06-06T16:23:19Z,2026-06-06T18:23:19+0200,8d87ff8c-7229-4840-a478-c91fa6b6d43f,2026-05-24T20:00:00Z,2026-05-24T22:00:00+0200,0.276,MW,DE,DE_LU,actual_solar_generation,Solar,2026-06-06T16:24:29Z
2026-06-06T16:23:19Z,2026-06-06T18:23:19+0200,8d87ff8c-7229-4840-a478-c91fa6b6d43f,2026-05-24T20:15:00Z,2026-05-24T22:15:00+0200,0.227,MW,DE,DE_LU,actual_solar_generation,Solar,2026-06-06T16:24:29Z
2026-06-06T16:23:19Z,2026-06-06T18:23:19+0200,8d87ff8c-7229-4840-a478-c91fa6b6d43f,2026-05-24T20:30:00Z,2026-05-24T22:30:00+0200,0.216,MW,DE,DE_LU,actual_solar_generation,Solar,2026-06-06T16:24:29Z
2026-06-06T16:23:19Z,2026-06-06T18:23:19+0200,8d87ff8c-7229-4840-a478-c91fa6b6d43f,2026-05-24T20:45:00Z,2026-05-24T22:45:00+0200,0.188,MW,DE,DE_LU,actual_solar_generation,Solar,2026-06-06T16:24:29Z
2026-06-06T16:23:19Z,2026-06-06T18:23:19+0200,8d87ff8c-7229-4840-a478-c91fa6b6d43f,2026-05-24T21:00:00Z,2026-05-24T23:00:00+0200,0.175,MW,DE,DE_LU,actual_solar_generation,Solar,2026-06-06T16:24:29Z
2026-06-06T16:23:19Z,2026-06-06T18:23:19+0200,8d87ff8c-7229-4840-a478-c91fa6b6d43f,2026-05-24T21:15:00Z,2026-05-24T23:15:00+0200,0.169,MW,DE,DE_LU,actual_solar_generation,Solar,2026-06-06T16:24:29Z
2026-06-06T16:23:19Z,2026-06-06T18:23:19+0200,8d87ff8c-7229-4840-a478-c91fa6b6d43f,2026-05-24T21:30:00Z,2026-05-24T23:30:00+0200,0.167,MW,DE,DE_LU,actual_solar_generation,Solar,2026-06-06T16:24:29Z
2026-06-06T16:23:19Z,2026-06-06T18:23:19+0200,8d87ff8c-7229-4840-a478-c91fa6b6d43f,2026-05-24T21:45:00Z,2026-05-24T23:45:00+0200,0.148,MW,DE,DE_LU,actual_solar_generation,Solar,2026-06-06T16:24:29Z
2026-06-06T16:23:19Z,2026-06-06T18:23:19+0200,8d87ff8c-7229-4840-a478-c91fa6b6d43f,2026-05-24T22:00:00Z,2026-05-25T00:00:00+0200,0.16,MW,DE,DE_LU,actual_solar_generation,Solar,2026-06-06T16:24:29Z
2026-06-06T16:23:19Z,2026-06-06T18:23:19+0200,8d87ff8c-7229-4840-a478-c91fa6b6d43f,2026-05-24T22:15:00Z,2026-05-25T00:15:00+0200,0.145,MW,DE,DE_LU,actual_solar_generation,Solar,2026-06-06T16:24:29Z
2026-06-06T16:23:19Z,2026-06-06T18:23:19+0200,8d87ff8c-7229-4840-a478-c91fa6b6d43f,2026-05-24T22:30:00Z,2026-05-25T00:30:00+0200,0.136,MW,DE,DE_LU,actual_solar_generation,Solar,2026-06-06T16:24:29Z
2026-06-06T16:23:19Z,2026-06-06T18:23:19+0200,8d87ff8c-7229-4840-a478-c91fa6b6d43f,2026-05-24T22:45:00Z,2026-05-25T00:45:00+0200,0.125,MW,DE,DE_LU,actual_solar_generation,Solar,2026-06-06T16:24:29Z
2026-06-06T16:23:19Z,2026-06-06T18:23:19+0200,8d87ff8c-7229-4840-a478-c91fa6b6d43f,2026-05-24T23:00:00Z,2026-05-25T01:00:00+0200,0.117,MW,DE,DE_LU,actual_solar_generation,Solar,2026-06-06T16:24:29Z
2026-06-06T16:23:19Z,2026-06-06T18:23:19+0200,8d87ff8c-7229-4840-a478-c91fa6b6d43f,2026-05-24T23:15:00Z,2026-05-25T01:15:00+0200,0.108,MW,DE,DE_LU,actual_solar_generation,Solar,2026-06-06T16:24:29Z
2026-06-06T16:23:19Z,2026-06-06T18:23:19+0200,8d87ff8c-7229-4840-a478-c91fa6b6d43f,2026-05-24T23:30:00Z,2026-05-25T01:30:00+0200,0.101,MW,DE,DE_LU,actual_solar_generation,Solar,2026-06-06T16:24:29Z
2026-06-06T16:23:19Z,2026-06-06T18:23:19+0200,8d87ff8c-7229-4840-a478-c91fa6b6d43f,2026-05-24T23:45:00Z,2026-05-25T01:45:00+0200,0.102,MW,DE,DE_LU,actual_solar_generation,Solar,2026-06-06T16:24:29Z
2026-06-06T16:23:19Z,2026-06-06T18:23:19+0200,8d87ff8c-7229-4840-a478-c91fa6b6d43f,2026-05-25T00:00:00Z,2026-05-25T02:00:00+0200,0.097,MW,DE,DE_LU,actual_solar_generation,Solar,2026-06-06T16:24:29Z
2026-06-06T16:23:19Z,2026-06-06T18:23:19+0200,8d87ff8c-7229-4840-a478-c91fa6b6d43f,2026-05-25T00:15:00Z,2026-05-25T02:15:00+0200,0.094,MW,DE,DE_LU,actual_solar_generation,Solar,2026-06-06T16:24:29Z
2026-06-06T16:23:19Z,2026-06-06T18:23:19+0200,8d87ff8c-7229-4840-a478-c91fa6b6d43f,2026-05-25T00:30:00Z,2026-05-25T02:30:00+0200,0.087,MW,DE,DE_LU,actual_solar_generation,Solar,2026-06-06T16:24:29Z
2026-06-06T16:23:19Z,2026-06-06T18:23:19+0200,8d87ff8c-7229-4840-a478-c91fa6b6d43f,2026-05-25T00:45:00Z,2026-05-25T02:45:00+0200,0.081,MW,DE,DE_LU,actual_solar_generation,Solar,2026-06-06T16:24:29Z
2026-06-06T16:23:19Z,2026-06-06T18:23:19+0200,8d87ff8c-7229-4840-a478-c91fa6b6d43f,2026-05-25T01:00:00Z,2026-05-25T03:00:00+0200,0.083,MW,DE,DE_LU,actual_solar_generation,Solar,2026-06-06T16:24:29Z
2026-06-06T16:23:19Z,2026-06-06T18:23:19+0200,8d87ff8c-7229-4840-a478-c91fa6b6d43f,2026-05-25T01:15:00Z,2026-05-25T03:15:00+0200,0.072,MW,DE,DE_LU,actual_solar_generation,Solar,2026-06-06T16:24:29Z
2026-06-06T16:23:19Z,2026-06-06T18:23:19+0200,8d87ff8c-7229-4840-a478-c91fa6b6d43f,2026-05-25T01:30:00Z,2026-05-25T03:30:00+0200,0.074,MW,DE,DE_LU,actual_solar_generation,Solar,2026-06-06T16:24:29Z
2026-06-06T16:23:19Z,2026-06-06T18:23:19+0200,8d87ff8c-7229-4840-a478-c91fa6b6d43f,2026-05-25T01:45:00Z,2026-05-25T03:45:00+0200,0.074,MW,DE,DE_LU,actual_solar_generation,Solar,2026-06-06T16:24:29Z
2026-06-06T16:23:19Z,2026-06-06T18:23:19+0200,8d87ff8c-7229-4840-a478-c91fa6b6d43f,2026-05-25T02:00:00Z,2026-05-25T04:00:00+0200,0.073,MW,DE,DE_LU,actual_solar_generation,Solar,2026-06-06T16:24:29Z
2026-06-06T16:23:19Z,2026-06-06T18:23:19+0200,8d87ff8c-7229-4840-a478-c91fa6b6d43f,2026-05-25T02:15:00Z,2026-05-25T04:15:00+0200,0.073,MW,DE,DE_LU,actual_solar_generation,Solar,2026-06-06T16:24:29Z
2026-06-06T16:23:19Z,2026-06-06T18:23:19+0200,8d87ff8c-7229-4840-a478-c91fa6b6d43f,2026-05-25T02:30:00Z,2026-05-25T04:30:00+0200,0.278,MW,DE,DE_LU,actual_solar_generation,Solar,2026-06-06T16:24:29Z
2026-06-06T16:23:19Z,2026-06-06T18:23:19+0200,8d87ff8c-7229-4840-a478-c91fa6b6d43f,2026-05-25T02:45:00Z,2026-05-25T04:45:00+0200,4.153,MW,DE,DE_LU,actual_solar_generation,Solar,2026-06-06T16:24:29Z
2026-06-06T16:23:19Z,2026-06-06T18:23:19+0200,8d87ff8c-7229-4840-a478-c91fa6b6d43f,2026-05-25T03:00:00Z,2026-05-25T05:00:00+0200,38.326,MW,DE,DE_LU,actual_solar_generation,Solar,2026-06-06T16:24:29Z
2026-06-06T16:23:19Z,2026-06-06T18:23:19+0200,8d87ff8c-7229-4840-a478-c91fa6b6d43f,2026-05-25T03:15:00Z,2026-05-25T05:15:00+0200,170.718,MW,DE,DE_LU,actual_solar_generation,Solar,2026-06-06T16:24:29Z
2026-06-06T16:23:19Z,2026-06-06T18:23:19+0200,8d87ff8c-7229-4840-a478-c91fa6b6d43f,2026-05-25T03:30:00Z,2026-05-25T05:30:00+0200,555.718,MW,DE,DE_LU,actual_solar_generation,Solar,2026-06-06T16:24:29Z
2026-06-06T16:23:19Z,2026-06-06T18:23:19+0200,8d87ff8c-7229-4840-a478-c91fa6b6d43f,2026-05-25T03:45:00Z,2026-05-25T05:45:00+0200,1359.689,MW,DE,DE_LU,actual_solar_generation,Solar,2026-06-06T16:24:29Z
2026-06-06T16:23:19Z,2026-06-06T18:23:19+0200,8d87ff8c-7229-4840-a478-c91fa6b6d43f,2026-05-25T04:00:00Z,2026-05-25T06:00:00+0200,2343.652,MW,DE,DE_LU,actual_solar_generation,Solar,2026-06-06T16:24:29Z
2026-06-06T16:23:19Z,2026-06-06T18:23:19+0200,8d87ff8c-7229-4840-a478-c91fa6b6d43f,2026-05-25T04:15:00Z,2026-05-25T06:15:00+0200,3576.104,MW,DE,DE_LU,actual_solar_generation,Solar,2026-06-06T16:24:29Z
2026-06-06T16:23:19Z,2026-06-06T18:23:19+0200,8d87ff8c-7229-4840-a478-c91fa6b6d43f,2026-05-25T04:30:00Z,2026-05-25T06:30:00+0200,5135.032,MW,DE,DE_LU,actual_solar_generation,Solar,2026-06-06T16:24:29Z
2026-06-06T16:23:19Z,2026-06-06T18:23:19+0200,8d87ff8c-7229-4840-a478-c91fa6b6d43f,2026-05-25T04:45:00Z,2026-05-25T06:45:00+0200,7030.371,MW,DE,DE_LU,actual_solar_generation,Solar,2026-06-06T16:24:29Z
2026-06-06T16:23:19Z,2026-06-06T18:23:19+0200,8d87ff8c-7229-4840-a478-c91fa6b6d43f,2026-05-25T05:00:00Z,2026-05-25T07:00:00+0200,9248.855,MW,DE,DE_LU,actual_solar_generation,Solar,2026-06-06T16:24:29Z
2026-06-06T16:23:19Z,2026-06-06T18:23:19+0200,8d87ff8c-7229-4840-a478-c91fa6b6d43f,2026-05-25T05:15:00Z,2026-05-25T07:15:00+0200,11784.64,MW,DE,DE_LU,actual_solar_generation,Solar,2026-06-06T16:24:29Z
2026-06-06T16:23:19Z,2026-06-06T18:23:19+0200,8d87ff8c-7229-4840-a478-c91fa6b6d43f,2026-05-25T05:30:00Z,2026-05-25T07:30:00+0200,14569.113,MW,DE,DE_LU,actual_solar_generation,Solar,2026-06-06T16:24:29Z
2026-06-06T16:23:19Z,2026-06-06T18:23:19+0200,8d87ff8c-7229-4840-a478-c91fa6b6d43f,2026-05-25T05:45:00Z,2026-05-25T07:45:00+0200,17628.306,MW,DE,DE_LU,actual_solar_generation,Solar,2026-06-06T16:24:29Z
2026-06-06T16:23:19Z,2026-06-06T18:23:19+0200,8d87ff8c-7229-4840-a478-c91fa6b6d43f,2026-05-25T06:00:00Z,2026-05-25T08:00:00+0200,20829.017,MW,DE,DE_LU,actual_solar_generation,Solar,2026-06-06T16:24:29Z
2026-06-06T16:23:19Z,2026-06-06T18:23:19+0200,8d87ff8c-7229-4840-a478-c91fa6b6d43f,2026-05-25T06:15:00Z,2026-05-25T08:15:00+0200,24168.82,MW,DE,DE_LU,actual_solar_generation,Solar,2026-06-06T16:24:29Z
2026-06-06T16:23:19Z,2026-06-06T18:23:19+0200,8d87ff8c-7229-4840-a478-c91fa6b6d43f,2026-05-25T06:30:00Z,2026-05-25T08:30:00+0200,27444.303,MW,DE,DE_LU,actual_solar_generation,Solar,2026-06-06T16:24:29Z
2026-06-06T16:23:19Z,2026-06-06T18:23:19+0200,8d87ff8c-7229-4840-a478-c91fa6b6d43f,2026-05-25T06:45:00Z,2026-05-25T08:45:00+0200,30832.282,MW,DE,DE_LU,actual_solar_generation,Solar,2026-06-06T16:24:29Z
2026-06-06T16:23:19Z,2026-06-06T18:23:19+0200,8d87ff8c-7229-4840-a478-c91fa6b6d43f,2026-05-25T07:00:00Z,2026-05-25T09:00:00+0200,33972.027,MW,DE,DE_LU,actual_solar_generation,Solar,2026-06-06T16:24:29Z
2026-06-06T16:23:19Z,2026-06-06T18:23:19+0200,8d87ff8c-7229-4840-a478-c91fa6b6d43f,2026-05-25T07:15:00Z,2026-05-25T09:15:00+0200,36806.742,MW,DE,DE_LU,actual_solar_generation,Solar,2026-06-06T16:24:29Z
2026-06-06T16:23:19Z,2026-06-06T18:23:19+0200,8d87ff8c-7229-4840-a478-c91fa6b6d43f,2026-05-25T07:30:00Z,2026-05-25T09:30:00+0200,39490.025,MW,DE,DE_LU,actual_solar_generation,Solar,2026-06-06T16:24:29Z
2026-06-06T16:23:19Z,2026-06-06T18:23:19+0200,8d87ff8c-7229-4840-a478-c91fa6b6d43f,2026-05-25T07:45:00Z,2026-05-25T09:45:00+0200,42104.458,MW,DE,DE_LU,actual_solar_generation,Solar,2026-06-06T16:24:29Z
2026-06-06T16:23:19Z,2026-06-06T18:23:19+0200,8d87ff8c-7229-4840-a478-c91fa6b6d43f,2026-05-25T08:00:00Z,2026-05-25T10:00:00+0200,42786.66,MW,DE,DE_LU,actual_solar_generation,Solar,2026-06-06T16:24:29Z
2026-06-06T16:23:19Z,2026-06-06T18:23:19+0200,8d87ff8c-7229-4840-a478-c91fa6b6d43f,2026-05-25T08:15:00Z,2026-05-25T10:15:00+0200,44536.733,MW,DE,DE_LU,actual_solar_generation,Solar,2026-06-06T16:24:29Z
2026-06-06T16:23:19Z,2026-06-06T18:23:19+0200,8d87ff8c-7229-4840-a478-c91fa6b6d43f,2026-05-25T08:30:00Z,2026-05-25T10:30:00+0200,46310.521,MW,DE,DE_LU,actual_solar_generation,Solar,2026-06-06T16:24:29Z
2026-06-06T16:23:19Z,2026-06-06T18:23:19+0200,8d87ff8c-7229-4840-a478-c91fa6b6d43f,2026-05-25T08:45:00Z,2026-05-25T10:45:00+0200,48093.61,MW,DE,DE_LU,actual_solar_generation,Solar,2026-06-06T16:24:29Z
2026-06-06T16:23:19Z,2026-06-06T18:23:19+0200,8d87ff8c-7229-4840-a478-c91fa6b6d43f,2026-05-25T09:00:00Z,2026-05-25T11:00:00+0200,49703.178,MW,DE,DE_LU,actual_solar_generation,Solar,2026-06-06T16:24:29Z
2026-06-06T16:23:19Z,2026-06-06T18:23:19+0200,8d87ff8c-7229-4840-a478-c91fa6b6d43f,2026-05-25T09:15:00Z,2026-05-25T11:15:00+0200,51157.722,MW,DE,DE_LU,actual_solar_generation,Solar,2026-06-06T16:24:29Z
2026-06-06T16:23:19Z,2026-06-06T18:23:19+0200,8d87ff8c-7229-4840-a478-c91fa6b6d43f,2026-05-25T09:30:00Z,2026-05-25T11:30:00+0200,51286.845,MW,DE,DE_LU,actual_solar_generation,Solar,2026-06-06T16:24:29Z
2026-06-06T16:23:19Z,2026-06-06T18:23:19+0200,8d87ff8c-7229-4840-a478-c91fa6b6d43f,2026-05-25T09:45:00Z,2026-05-25T11:45:00+0200,53261.592,MW,DE,DE_LU,actual_solar_generation,Solar,2026-06-06T16:24:29Z
2026-06-06T16:23:19Z,2026-06-06T18:23:19+0200,8d87ff8c-7229-4840-a478-c91fa6b6d43f,2026-05-25T10:00:00Z,2026-05-25T12:00:00+0200,53221.563,MW,DE,DE_LU,actual_solar_generation,Solar,2026-06-06T16:24:29Z
2026-06-06T16:23:19Z,2026-06-06T18:23:19+0200,8d87ff8c-7229-4840-a478-c91fa6b6d43f,2026-05-25T10:15:00Z,2026-05-25T12:15:00+0200,54066.799,MW,DE,DE_LU,actual_solar_generation,Solar,2026-06-06T16:24:29Z
2026-06-06T16:23:19Z,2026-06-06T18:23:19+0200,8d87ff8c-7229-4840-a478-c91fa6b6d43f,2026-05-25T10:30:00Z,2026-05-25T12:30:00+0200,54154.45,MW,DE,DE_LU,actual_solar_generation,Solar,2026-06-06T16:24:29Z
2026-06-06T16:23:19Z,2026-06-06T18:23:19+0200,8d87ff8c-7229-4840-a478-c91fa6b6d43f,2026-05-25T10:45:00Z,2026-05-25T12:45:00+0200,54000.22,MW,DE,DE_LU,actual_solar_generation,Solar,2026-06-06T16:24:29Z
2026-06-06T16:23:19Z,2026-06-06T18:23:19+0200,8d87ff8c-7229-4840-a478-c91fa6b6d43f,2026-05-25T11:00:00Z,2026-05-25T13:00:00+0200,53351.679,MW,DE,DE_LU,actual_solar_generation,Solar,2026-06-06T16:24:29Z
2026-06-06T16:23:19Z,2026-06-06T18:23:19+0200,8d87ff8c-7229-4840-a478-c91fa6b6d43f,2026-05-25T11:15:00Z,2026-05-25T13:15:00+0200,54225.821,MW,DE,DE_LU,actual_solar_generation,Solar,2026-06-06T16:24:29Z
2026-06-06T16:23:19Z,2026-06-06T18:23:19+0200,8d87ff8c-7229-4840-a478-c91fa6b6d43f,2026-05-25T11:30:00Z,2026-05-25T13:30:00+0200,52657.005,MW,DE,DE_LU,actual_solar_generation,Solar,2026-06-06T16:24:29Z
2026-06-06T16:23:19Z,2026-06-06T18:23:19+0200,8d87ff8c-7229-4840-a478-c91fa6b6d43f,2026-05-25T11:45:00Z,2026-05-25T13:45:00+0200,52659.401,MW,DE,DE_LU,actual_solar_generation,Solar,2026-06-06T16:24:29Z
2026-06-06T16:23:19Z,2026-06-06T18:23:19+0200,8d87ff8c-7229-4840-a478-c91fa6b6d43f,2026-05-25T12:00:00Z,2026-05-25T14:00:00+0200,53108.61,MW,DE,DE_LU,actual_solar_generation,Solar,2026-06-06T16:24:29Z
2026-06-06T16:23:19Z,2026-06-06T18:23:19+0200,8d87ff8c-7229-4840-a478-c91fa6b6d43f,2026-05-25T12:15:00Z,2026-05-25T14:15:00+0200,52455.569,MW,DE,DE_LU,actual_solar_generation,Solar,2026-06-06T16:24:29Z
2026-06-06T16:23:19Z,2026-06-06T18:23:19+0200,8d87ff8c-7229-4840-a478-c91fa6b6d43f,2026-05-25T12:30:00Z,2026-05-25T14:30:00+0200,51639.57,MW,DE,DE_LU,actual_solar_generation,Solar,2026-06-06T16:24:29Z
2026-06-06T16:23:19Z,2026-06-06T18:23:19+0200,8d87ff8c-7229-4840-a478-c91fa6b6d43f,2026-05-25T12:45:00Z,2026-05-25T14:45:00+0200,50653.024,MW,DE,DE_LU,actual_solar_generation,Solar,2026-06-06T16:24:29Z
2026-06-06T16:23:19Z,2026-06-06T18:23:19+0200,8d87ff8c-7229-4840-a478-c91fa6b6d43f,2026-05-25T13:00:00Z,2026-05-25T15:00:00+0200,48835.827,MW,DE,DE_LU,actual_solar_generation,Solar,2026-06-06T16:24:29Z
2026-06-06T16:23:19Z,2026-06-06T18:23:19+0200,8d87ff8c-7229-4840-a478-c91fa6b6d43f,2026-05-25T13:15:00Z,2026-05-25T15:15:00+0200,47697.94,MW,DE,DE_LU,actual_solar_generation,Solar,2026-06-06T16:24:29Z
2026-06-06T16:23:19Z,2026-06-06T18:23:19+0200,8d87ff8c-7229-4840-a478-c91fa6b6d43f,2026-05-25T13:30:00Z,2026-05-25T15:30:00+0200,46707.557,MW,DE,DE_LU,actual_solar_generation,Solar,2026-06-06T16:24:29Z
2026-06-06T16:23:19Z,2026-06-06T18:23:19+0200,8d87ff8c-7229-4840-a478-c91fa6b6d43f,2026-05-25T13:45:00Z,2026-05-25T15:45:00+0200,45170.062,MW,DE,DE_LU,actual_solar_generation,Solar,2026-06-06T16:24:29Z
2026-06-06T16:23:19Z,2026-06-06T18:23:19+0200,8d87ff8c-7229-4840-a478-c91fa6b6d43f,2026-05-25T14:00:00Z,2026-05-25T16:00:00+0200,42938.795,MW,DE,DE_LU,actual_solar_generation,Solar,2026-06-06T16:24:29Z
2026-06-06T16:23:19Z,2026-06-06T18:23:19+0200,8d87ff8c-7229-4840-a478-c91fa6b6d43f,2026-05-25T14:15:00Z,2026-05-25T16:15:00+0200,40616.957,MW,DE,DE_LU,actual_solar_generation,Solar,2026-06-06T16:24:29Z
2026-06-06T16:23:19Z,2026-06-06T18:23:19+0200,8d87ff8c-7229-4840-a478-c91fa6b6d43f,2026-05-25T14:30:00Z,2026-05-25T16:30:00+0200,38050.906,MW,DE,DE_LU,actual_solar_generation,Solar,2026-06-06T16:24:29Z
2026-06-06T16:23:19Z,2026-06-06T18:23:19+0200,8d87ff8c-7229-4840-a478-c91fa6b6d43f,2026-05-25T14:45:00Z,2026-05-25T16:45:00+0200,35870.256,MW,DE,DE_LU,actual_solar_generation,Solar,2026-06-06T16:24:29Z
2026-06-06T16:23:19Z,2026-06-06T18:23:19+0200,8d87ff8c-7229-4840-a478-c91fa6b6d43f,2026-05-25T15:00:00Z,2026-05-25T17:00:00+0200,35014.484,MW,DE,DE_LU,actual_solar_generation,Solar,2026-06-06T16:24:29Z
2026-06-06T16:23:19Z,2026-06-06T18:23:19+0200,8d87ff8c-7229-4840-a478-c91fa6b6d43f,2026-05-25T15:15:00Z,2026-05-25T17:15:00+0200,32658.027,MW,DE,DE_LU,actual_solar_generation,Solar,2026-06-06T16:24:29Z
2026-06-06T16:23:19Z,2026-06-06T18:23:19+0200,8d87ff8c-7229-4840-a478-c91fa6b6d43f,2026-05-25T15:30:00Z,2026-05-25T17:30:00+0200,29711.279,MW,DE,DE_LU,actual_solar_generation,Solar,2026-06-06T16:24:29Z
2026-06-06T16:23:19Z,2026-06-06T18:23:19+0200,8d87ff8c-7229-4840-a478-c91fa6b6d43f,2026-05-25T15:45:00Z,2026-05-25T17:45:00+0200,26374.242,MW,DE,DE_LU,actual_solar_generation,Solar,2026-06-06T16:24:29Z
2026-06-06T16:23:19Z,2026-06-06T18:23:19+0200,8d87ff8c-7229-4840-a478-c91fa6b6d43f,2026-05-25T16:00:00Z,2026-05-25T18:00:00+0200,23091.922,MW,DE,DE_LU,actual_solar_generation,Solar,2026-06-06T16:24:29Z
2026-06-06T16:23:19Z,2026-06-06T18:23:19+0200,8d87ff8c-7229-4840-a478-c91fa6b6d43f,2026-05-25T16:15:00Z,2026-05-25T18:15:00+0200,19957.007,MW,DE,DE_LU,actual_solar_generation,Solar,2026-06-06T16:24:29Z
2026-06-06T16:23:19Z,2026-06-06T18:23:19+0200,8d87ff8c-7229-4840-a478-c91fa6b6d43f,2026-05-25T16:30:00Z,2026-05-25T18:30:00+0200,16711.96,MW,DE,DE_LU,actual_solar_generation,Solar,2026-06-06T16:24:29Z
2026-06-06T16:23:19Z,2026-06-06T18:23:19+0200,8d87ff8c-7229-4840-a478-c91fa6b6d43f,2026-05-25T16:45:00Z,2026-05-25T18:45:00+0200,13766.804,MW,DE,DE_LU,actual_solar_generation,Solar,2026-06-06T16:24:29Z
2026-06-06T16:23:19Z,2026-06-06T18:23:19+0200,8d87ff8c-7229-4840-a478-c91fa6b6d43f,2026-05-25T17:00:00Z,2026-05-25T19:00:00+0200,11073.962,MW,DE,DE_LU,actual_solar_generation,Solar,2026-06-06T16:24:29Z
2026-06-06T16:23:19Z,2026-06-06T18:23:19+0200,8d87ff8c-7229-4840-a478-c91fa6b6d43f,2026-05-25T17:15:00Z,2026-05-25T19:15:00+0200,8673.297,MW,DE,DE_LU,actual_solar_generation,Solar,2026-06-06T16:24:29Z
2026-06-06T16:23:19Z,2026-06-06T18:23:19+0200,8d87ff8c-7229-4840-a478-c91fa6b6d43f,2026-05-25T17:30:00Z,2026-05-25T19:30:00+0200,6525.905,MW,DE,DE_LU,actual_solar_generation,Solar,2026-06-06T16:24:29Z
2026-06-06T16:23:19Z,2026-06-06T18:23:19+0200,8d87ff8c-7229-4840-a478-c91fa6b6d43f,2026-05-25T17:45:00Z,2026-05-25T19:45:00+0200,4776.1,MW,DE,DE_LU,actual_solar_generation,Solar,2026-06-06T16:24:29Z
2026-06-06T16:23:19Z,2026-06-06T18:23:19+0200,8d87ff8c-7229-4840-a478-c91fa6b6d43f,2026-05-25T18:00:00Z,2026-05-25T20:00:00+0200,3317.265,MW,DE,DE_LU,actual_solar_generation,Solar,2026-06-06T16:24:29Z
2026-06-06T16:23:19Z,2026-06-06T18:23:19+0200,8d87ff8c-7229-4840-a478-c91fa6b6d43f,2026-05-25T18:15:00Z,2026-05-25T20:15:00+0200,2134.468,MW,DE,DE_LU,actual_solar_generation,Solar,2026-06-06T16:24:29Z
2026-06-06T16:23:19Z,2026-06-06T18:23:19+0200,8d87ff8c-7229-4840-a478-c91fa6b6d43f,2026-05-25T18:30:00Z,2026-05-25T20:30:00+0200,1220.662,MW,DE,DE_LU,actual_solar_generation,Solar,2026-06-06T16:24:29Z
2026-06-06T16:23:19Z,2026-06-06T18:23:19+0200,8d87ff8c-7229-4840-a478-c91fa6b6d43f,2026-05-25T18:45:00Z,2026-05-25T20:45:00+0200,561.685,MW,DE,DE_LU,actual_solar_generation,Solar,2026-06-06T16:24:29Z
2026-06-06T16:23:19Z,2026-06-06T18:23:19+0200,8d87ff8c-7229-4840-a478-c91fa6b6d43f,2026-05-25T19:00:00Z,2026-05-25T21:00:00+0200,192.868,MW,DE,DE_LU,actual_solar_generation,Solar,2026-06-06T16:24:29Z
2026-06-06T16:23:19Z,2026-06-06T18:23:19+0200,8d87ff8c-7229-4840-a478-c91fa6b6d43f,2026-05-25T19:15:00Z,2026-05-25T21:15:00+0200,46.656,MW,DE,DE_LU,actual_solar_generation,Solar,2026-06-06T16:24:29Z
2026-06-06T16:23:19Z,2026-06-06T18:23:19+0200,8d87ff8c-7229-4840-a478-c91fa6b6d43f,2026-05-25T19:30:00Z,2026-05-25T21:30:00+0200,8.476,MW,DE,DE_LU,actual_solar_generation,Solar,2026-06-06T16:24:29Z
2026-06-06T16:23:19Z,2026-06-06T18:23:19+0200,8d87ff8c-7229-4840-a478-c91fa6b6d43f,2026-05-25T19:45:00Z,2026-05-25T21:45:00+0200,4.379,MW,DE,DE_LU,actual_solar_generation,Solar,2026-06-06T16:24:29Z
2026-06-06T16:23:19Z,2026-06-06T18:23:19+0200,8d87ff8c-7229-4840-a478-c91fa6b6d43f,2026-05-25T20:00:00Z,2026-05-25T22:00:00+0200,0.231,MW,DE,DE_LU,actual_solar_generation,Solar,2026-06-06T16:24:29Z
2026-06-06T16:23:19Z,2026-06-06T18:23:19+0200,8d87ff8c-7229-4840-a478-c91fa6b6d43f,2026-05-25T20:15:00Z,2026-05-25T22:15:00+0200,0.193,MW,DE,DE_LU,actual_solar_generation,Solar,2026-06-06T16:24:29Z
2026-06-06T16:23:19Z,2026-06-06T18:23:19+0200,8d87ff8c-7229-4840-a478-c91fa6b6d43f,2026-05-25T20:30:00Z,2026-05-25T22:30:00+0200,0.194,MW,DE,DE_LU,actual_solar_generation,Solar,2026-06-06T16:24:29Z
2026-06-06T16:23:19Z,2026-06-06T18:23:19+0200,8d87ff8c-7229-4840-a478-c91fa6b6d43f,2026-05-25T20:45:00Z,2026-05-25T22:45:00+0200,0.194,MW,DE,DE_LU,actual_solar_generation,Solar,2026-06-06T16:24:29Z
2026-06-06T16:23:19Z,2026-06-06T18:23:19+0200,8d87ff8c-7229-4840-a478-c91fa6b6d43f,2026-05-25T21:00:00Z,2026-05-25T23:00:00+0200,0.182,MW,DE,DE_LU,actual_solar_generation,Solar,2026-06-06T16:24:29Z
2026-06-06T16:23:19Z,2026-06-06T18:23:19+0200,8d87ff8c-7229-4840-a478-c91fa6b6d43f,2026-05-25T21:15:00Z,2026-05-25T23:15:00+0200,0.18,MW,DE,DE_LU,actual_solar_generation,Solar,2026-06-06T16:24:29Z
2026-06-06T16:23:19Z,2026-06-06T18:23:19+0200,8d87ff8c-7229-4840-a478-c91fa6b6d43f,2026-05-25T21:30:00Z,2026-05-25T23:30:00+0200,0.166,MW,DE,DE_LU,actual_solar_generation,Solar,2026-06-06T16:24:29Z
2026-06-06T16:23:19Z,2026-06-06T18:23:19+0200,8d87ff8c-7229-4840-a478-c91fa6b6d43f,2026-05-25T21:45:00Z,2026-05-25T23:45:00+0200,0.147,MW,DE,DE_LU,actual_solar_generation,Solar,2026-06-06T16:24:29Z
2026-06-06T16:23:19Z,2026-06-06T18:23:19+0200,8d87ff8c-7229-4840-a478-c91fa6b6d43f,2026-05-25T22:00:00Z,2026-05-26T00:00:00+0200,0.142,MW,DE,DE_LU,actual_solar_generation,Solar,2026-06-06T16:24:29Z
2026-06-06T16:23:19Z,2026-06-06T18:23:19+0200,8d87ff8c-7229-4840-a478-c91fa6b6d43f,2026-05-25T22:15:00Z,2026-05-26T00:15:00+0200,0.126,MW,DE,DE_LU,actual_solar_generation,Solar,2026-06-06T16:24:29Z
2026-06-06T16:23:19Z,2026-06-06T18:23:19+0200,8d87ff8c-7229-4840-a478-c91fa6b6d43f,2026-05-25T22:30:00Z,2026-05-26T00:30:00+0200,0.114,MW,DE,DE_LU,actual_solar_generation,Solar,2026-06-06T16:24:29Z
2026-06-06T16:23:19Z,2026-06-06T18:23:19+0200,8d87ff8c-7229-4840-a478-c91fa6b6d43f,2026-05-25T22:45:00Z,2026-05-26T00:45:00+0200,0.119,MW,DE,DE_LU,actual_solar_generation,Solar,2026-06-06T16:24:29Z
2026-06-06T16:23:19Z,2026-06-06T18:23:19+0200,8d87ff8c-7229-4840-a478-c91fa6b6d43f,2026-05-25T23:00:00Z,2026-05-26T01:00:00+0200,0.107,MW,DE,DE_LU,actual_solar_generation,Solar,2026-06-06T16:24:29Z
2026-06-06T16:23:19Z,2026-06-06T18:23:19+0200,8d87ff8c-7229-4840-a478-c91fa6b6d43f,2026-05-25T23:15:00Z,2026-05-26T01:15:00+0200,0.107,MW,DE,DE_LU,actual_solar_generation,Solar,2026-06-06T16:24:29Z
2026-06-06T16:23:19Z,2026-06-06T18:23:19+0200,8d87ff8c-7229-4840-a478-c91fa6b6d43f,2026-05-25T23:30:00Z,2026-05-26T01:30:00+0200,0.108,MW,DE,DE_LU,actual_solar_generation,Solar,2026-06-06T16:24:29Z
2026-06-06T16:23:19Z,2026-06-06T18:23:19+0200,8d87ff8c-7229-4840-a478-c91fa6b6d43f,2026-05-25T23:45:00Z,2026-05-26T01:45:00+0200,0.103,MW,DE,DE_LU,actual_solar_generation,Solar,2026-06-06T16:24:29Z
2026-06-06T16:23:19Z,2026-06-06T18:23:19+0200,8d87ff8c-7229-4840-a478-c91fa6b6d43f,2026-05-26T00:00:00Z,2026-05-26T02:00:00+0200,0.097,MW,DE,DE_LU,actual_solar_generation,Solar,2026-06-06T16:24:29Z
2026-06-06T16:23:19Z,2026-06-06T18:23:19+0200,8d87ff8c-7229-4840-a478-c91fa6b6d43f,2026-05-26T00:15:00Z,2026-05-26T02:15:00+0200,0.093,MW,DE,DE_LU,actual_solar_generation,Solar,2026-06-06T16:24:29Z
2026-06-06T16:23:19Z,2026-06-06T18:23:19+0200,8d87ff8c-7229-4840-a478-c91fa6b6d43f,2026-05-26T00:30:00Z,2026-05-26T02:30:00+0200,0.078,MW,DE,DE_LU,actual_solar_generation,Solar,2026-06-06T16:24:29Z
2026-06-06T16:23:19Z,2026-06-06T18:23:19+0200,8d87ff8c-7229-4840-a478-c91fa6b6d43f,2026-05-26T00:45:00Z,2026-05-26T02:45:00+0200,0.083,MW,DE,DE_LU,actual_solar_generation,Solar,2026-06-06T16:24:29Z
2026-06-06T16:23:19Z,2026-06-06T18:23:19+0200,8d87ff8c-7229-4840-a478-c91fa6b6d43f,2026-05-26T01:00:00Z,2026-05-26T03:00:00+0200,0.08,MW,DE,DE_LU,actual_solar_generation,Solar,2026-06-06T16:24:29Z
2026-06-06T16:23:19Z,2026-06-06T18:23:19+0200,8d87ff8c-7229-4840-a478-c91fa6b6d43f,2026-05-26T01:15:00Z,2026-05-26T03:15:00+0200,0.072,MW,DE,DE_LU,actual_solar_generation,Solar,2026-06-06T16:24:29Z
2026-06-06T16:23:19Z,2026-06-06T18:23:19+0200,8d87ff8c-7229-4840-a478-c91fa6b6d43f,2026-05-26T01:30:00Z,2026-05-26T03:30:00+0200,0.078,MW,DE,DE_LU,actual_solar_generation,Solar,2026-06-06T16:24:29Z
2026-06-06T16:23:19Z,2026-06-06T18:23:19+0200,8d87ff8c-7229-4840-a478-c91fa6b6d43f,2026-05-26T01:45:00Z,2026-05-26T03:45:00+0200,0.085,MW,DE,DE_LU,actual_solar_generation,Solar,2026-06-06T16:24:29Z
2026-06-06T16:23:19Z,2026-06-06T18:23:19+0200,8d87ff8c-7229-4840-a478-c91fa6b6d43f,2026-05-26T02:00:00Z,2026-05-26T04:00:00+0200,0.089,MW,DE,DE_LU,actual_solar_generation,Solar,2026-06-06T16:24:29Z
2026-06-06T16:23:19Z,2026-06-06T18:23:19+0200,8d87ff8c-7229-4840-a478-c91fa6b6d43f,2026-05-26T02:15:00Z,2026-05-26T04:15:00+0200,0.074,MW,DE,DE_LU,actual_solar_generation,Solar,2026-06-06T16:24:29Z
2026-06-06T16:23:19Z,2026-06-06T18:23:19+0200,8d87ff8c-7229-4840-a478-c91fa6b6d43f,2026-05-26T02:30:00Z,2026-05-26T04:30:00+0200,0.235,MW,DE,DE_LU,actual_solar_generation,Solar,2026-06-06T16:24:29Z
2026-06-06T16:23:19Z,2026-06-06T18:23:19+0200,8d87ff8c-7229-4840-a478-c91fa6b6d43f,2026-05-26T02:45:00Z,2026-05-26T04:45:00+0200,5.215,MW,DE,DE_LU,actual_solar_generation,Solar,2026-06-06T16:24:29Z
2026-06-06T16:23:19Z,2026-06-06T18:23:19+0200,8d87ff8c-7229-4840-a478-c91fa6b6d43f,2026-05-26T03:00:00Z,2026-05-26T05:00:00+0200,41.416,MW,DE,DE_LU,actual_solar_generation,Solar,2026-06-06T16:24:29Z
2026-06-06T16:23:19Z,2026-06-06T18:23:19+0200,8d87ff8c-7229-4840-a478-c91fa6b6d43f,2026-05-26T03:15:00Z,2026-05-26T05:15:00+0200,188.033,MW,DE,DE_LU,actual_solar_generation,Solar,2026-06-06T16:24:29Z
2026-06-06T16:23:19Z,2026-06-06T18:23:19+0200,8d87ff8c-7229-4840-a478-c91fa6b6d43f,2026-05-26T03:30:00Z,2026-05-26T05:30:00+0200,571.847,MW,DE,DE_LU,actual_solar_generation,Solar,2026-06-06T16:24:29Z
2026-06-06T16:23:19Z,2026-06-06T18:23:19+0200,8d87ff8c-7229-4840-a478-c91fa6b6d43f,2026-05-26T03:45:00Z,2026-05-26T05:45:00+0200,1374.671,MW,DE,DE_LU,actual_solar_generation,Solar,2026-06-06T16:24:29Z
2026-06-06T16:23:19Z,2026-06-06T18:23:19+0200,8d87ff8c-7229-4840-a478-c91fa6b6d43f,2026-05-26T04:00:00Z,2026-05-26T06:00:00+0200,2387.281,MW,DE,DE_LU,actual_solar_generation,Solar,2026-06-06T16:24:29Z
2026-06-06T16:23:19Z,2026-06-06T18:23:19+0200,8d87ff8c-7229-4840-a478-c91fa6b6d43f,2026-05-26T04:15:00Z,2026-05-26T06:15:00+0200,3640.432,MW,DE,DE_LU,actual_solar_generation,Solar,2026-06-06T16:24:29Z
2026-06-06T16:23:19Z,2026-06-06T18:23:19+0200,8d87ff8c-7229-4840-a478-c91fa6b6d43f,2026-05-26T04:30:00Z,2026-05-26T06:30:00+0200,5135.042,MW,DE,DE_LU,actual_solar_generation,Solar,2026-06-06T16:24:29Z
2026-06-06T16:23:19Z,2026-06-06T18:23:19+0200,8d87ff8c-7229-4840-a478-c91fa6b6d43f,2026-05-26T04:45:00Z,2026-05-26T06:45:00+0200,7006.855,MW,DE,DE_LU,actual_solar_generation,Solar,2026-06-06T16:24:29Z
2026-06-06T16:23:19Z,2026-06-06T18:23:19+0200,8d87ff8c-7229-4840-a478-c91fa6b6d43f,2026-05-26T05:00:00Z,2026-05-26T07:00:00+0200,9192.892,MW,DE,DE_LU,actual_solar_generation,Solar,2026-06-06T16:24:29Z
2026-06-06T16:23:19Z,2026-06-06T18:23:19+0200,8d87ff8c-7229-4840-a478-c91fa6b6d43f,2026-05-26T05:15:00Z,2026-05-26T07:15:00+0200,11616.076,MW,DE,DE_LU,actual_solar_generation,Solar,2026-06-06T16:24:29Z
2026-06-06T16:23:19Z,2026-06-06T18:23:19+0200,8d87ff8c-7229-4840-a478-c91fa6b6d43f,2026-05-26T05:30:00Z,2026-05-26T07:30:00+0200,14375.726,MW,DE,DE_LU,actual_solar_generation,Solar,2026-06-06T16:24:29Z
2026-06-06T16:23:19Z,2026-06-06T18:23:19+0200,8d87ff8c-7229-4840-a478-c91fa6b6d43f,2026-05-26T05:45:00Z,2026-05-26T07:45:00+0200,17328.985,MW,DE,DE_LU,actual_solar_generation,Solar,2026-06-06T16:24:29Z
2026-06-06T16:23:19Z,2026-06-06T18:23:19+0200,8d87ff8c-7229-4840-a478-c91fa6b6d43f,2026-05-26T06:00:00Z,2026-05-26T08:00:00+0200,20430.207,MW,DE,DE_LU,actual_solar_generation,Solar,2026-06-06T16:24:29Z
2026-06-06T16:23:19Z,2026-06-06T18:23:19+0200,8d87ff8c-7229-4840-a478-c91fa6b6d43f,2026-05-26T06:15:00Z,2026-05-26T08:15:00+0200,23561.758,MW,DE,DE_LU,actual_solar_generation,Solar,2026-06-06T16:24:29Z
2026-06-06T16:23:19Z,2026-06-06T18:23:19+0200,8d87ff8c-7229-4840-a478-c91fa6b6d43f,2026-05-26T06:30:00Z,2026-05-26T08:30:00+0200,26842.829,MW,DE,DE_LU,actual_solar_generation,Solar,2026-06-06T16:24:29Z
2026-06-06T16:23:19Z,2026-06-06T18:23:19+0200,8d87ff8c-7229-4840-a478-c91fa6b6d43f,2026-05-26T06:45:00Z,2026-05-26T08:45:00+0200,29897.19,MW,DE,DE_LU,actual_solar_generation,Solar,2026-06-06T16:24:29Z
2026-06-06T16:23:19Z,2026-06-06T18:23:19+0200,8d87ff8c-7229-4840-a478-c91fa6b6d43f,2026-05-26T07:00:00Z,2026-05-26T09:00:00+0200,33029.052,MW,DE,DE_LU,actual_solar_generation,Solar,2026-06-06T16:24:29Z
2026-06-06T16:23:19Z,2026-06-06T18:23:19+0200,8d87ff8c-7229-4840-a478-c91fa6b6d43f,2026-05-26T07:15:00Z,2026-05-26T09:15:00+0200,36235.449,MW,DE,DE_LU,actual_solar_generation,Solar,2026-06-06T16:24:29Z
2026-06-06T16:23:19Z,2026-06-06T18:23:19+0200,8d87ff8c-7229-4840-a478-c91fa6b6d43f,2026-05-26T07:30:00Z,2026-05-26T09:30:00+0200,38916.117,MW,DE,DE_LU,actual_solar_generation,Solar,2026-06-06T16:24:29Z
2026-06-06T16:23:19Z,2026-06-06T18:23:19+0200,8d87ff8c-7229-4840-a478-c91fa6b6d43f,2026-05-26T07:45:00Z,2026-05-26T09:45:00+0200,41557.469,MW,DE,DE_LU,actual_solar_generation,Solar,2026-06-06T16:24:29Z
2026-06-06T16:23:19Z,2026-06-06T18:23:19+0200,8d87ff8c-7229-4840-a478-c91fa6b6d43f,2026-05-26T08:00:00Z,2026-05-26T10:00:00+0200,43797.374,MW,DE,DE_LU,actual_solar_generation,Solar,2026-06-06T16:24:29Z
2026-06-06T16:23:19Z,2026-06-06T18:23:19+0200,8d87ff8c-7229-4840-a478-c91fa6b6d43f,2026-05-26T08:15:00Z,2026-05-26T10:15:00+0200,45832.012,MW,DE,DE_LU,actual_solar_generation,Solar,2026-06-06T16:24:29Z
2026-06-06T16:23:19Z,2026-06-06T18:23:19+0200,8d87ff8c-7229-4840-a478-c91fa6b6d43f,2026-05-26T08:30:00Z,2026-05-26T10:30:00+0200,47603.752,MW,DE,DE_LU,actual_solar_generation,Solar,2026-06-06T16:24:29Z
2026-06-06T16:23:19Z,2026-06-06T18:23:19+0200,8d87ff8c-7229-4840-a478-c91fa6b6d43f,2026-05-26T08:45:00Z,2026-05-26T10:45:00+0200,49312.238,MW,DE,DE_LU,actual_solar_generation,Solar,2026-06-06T16:24:29Z
2026-06-06T16:23:19Z,2026-06-06T18:23:19+0200,8d87ff8c-7229-4840-a478-c91fa6b6d43f,2026-05-26T09:00:00Z,2026-05-26T11:00:00+0200,50355.977,MW,DE,DE_LU,actual_solar_generation,Solar,2026-06-06T16:24:29Z
2026-06-06T16:23:19Z,2026-06-06T18:23:19+0200,8d87ff8c-7229-4840-a478-c91fa6b6d43f,2026-05-26T09:15:00Z,2026-05-26T11:15:00+0200,51569.194,MW,DE,DE_LU,actual_solar_generation,Solar,2026-06-06T16:24:29Z
2026-06-06T16:23:19Z,2026-06-06T18:23:19+0200,8d87ff8c-7229-4840-a478-c91fa6b6d43f,2026-05-26T09:30:00Z,2026-05-26T11:30:00+0200,51742.438,MW,DE,DE_LU,actual_solar_generation,Solar,2026-06-06T16:24:29Z
2026-06-06T16:23:19Z,2026-06-06T18:23:19+0200,8d87ff8c-7229-4840-a478-c91fa6b6d43f,2026-05-26T09:45:00Z,2026-05-26T11:45:00+0200,53177.13,MW,DE,DE_LU,actual_solar_generation,Solar,2026-06-06T16:24:29Z
2026-06-06T16:23:19Z,2026-06-06T18:23:19+0200,8d87ff8c-7229-4840-a478-c91fa6b6d43f,2026-05-26T10:00:00Z,2026-05-26T12:00:00+0200,53184.68,MW,DE,DE_LU,actual_solar_generation,Solar,2026-06-06T16:24:29Z
2026-06-06T16:23:19Z,2026-06-06T18:23:19+0200,8d87ff8c-7229-4840-a478-c91fa6b6d43f,2026-05-26T10:15:00Z,2026-05-26T12:15:00+0200,53173.604,MW,DE,DE_LU,actual_solar_generation,Solar,2026-06-06T16:24:29Z
2026-06-06T16:23:19Z,2026-06-06T18:23:19+0200,8d87ff8c-7229-4840-a478-c91fa6b6d43f,2026-05-26T10:30:00Z,2026-05-26T12:30:00+0200,53334.469,MW,DE,DE_LU,actual_solar_generation,Solar,2026-06-06T16:24:29Z
2026-06-06T16:23:19Z,2026-06-06T18:23:19+0200,8d87ff8c-7229-4840-a478-c91fa6b6d43f,2026-05-26T10:45:00Z,2026-05-26T12:45:00+0200,53809.66,MW,DE,DE_LU,actual_solar_generation,Solar,2026-06-06T16:24:29Z
2026-06-06T16:23:19Z,2026-06-06T18:23:19+0200,8d87ff8c-7229-4840-a478-c91fa6b6d43f,2026-05-26T11:00:00Z,2026-05-26T13:00:00+0200,54083.783,MW,DE,DE_LU,actual_solar_generation,Solar,2026-06-06T16:24:29Z
2026-06-06T16:23:19Z,2026-06-06T18:23:19+0200,8d87ff8c-7229-4840-a478-c91fa6b6d43f,2026-05-26T11:15:00Z,2026-05-26T13:15:00+0200,53667.736,MW,DE,DE_LU,actual_solar_generation,Solar,2026-06-06T16:24:29Z
2026-06-06T16:23:19Z,2026-06-06T18:23:19+0200,8d87ff8c-7229-4840-a478-c91fa6b6d43f,2026-05-26T11:30:00Z,2026-05-26T13:30:00+0200,54009.984,MW,DE,DE_LU,actual_solar_generation,Solar,2026-06-06T16:24:29Z
2026-06-06T16:23:19Z,2026-06-06T18:23:19+0200,8d87ff8c-7229-4840-a478-c91fa6b6d43f,2026-05-26T11:45:00Z,2026-05-26T13:45:00+0200,52533.42,MW,DE,DE_LU,actual_solar_generation,Solar,2026-06-06T16:24:29Z
2026-06-06T16:23:19Z,2026-06-06T18:23:19+0200,8d87ff8c-7229-4840-a478-c91fa6b6d43f,2026-05-26T12:00:00Z,2026-05-26T14:00:00+0200,52594.471,MW,DE,DE_LU,actual_solar_generation,Solar,2026-06-06T16:24:29Z
2026-06-06T16:23:19Z,2026-06-06T18:23:19+0200,8d87ff8c-7229-4840-a478-c91fa6b6d43f,2026-05-26T12:15:00Z,2026-05-26T14:15:00+0200,52407.676,MW,DE,DE_LU,actual_solar_generation,Solar,2026-06-06T16:24:29Z
2026-06-06T16:23:19Z,2026-06-06T18:23:19+0200,8d87ff8c-7229-4840-a478-c91fa6b6d43f,2026-05-26T12:30:00Z,2026-05-26T14:30:00+0200,51761.011,MW,DE,DE_LU,actual_solar_generation,Solar,2026-06-06T16:24:29Z
2026-06-06T16:23:19Z,2026-06-06T18:23:19+0200,8d87ff8c-7229-4840-a478-c91fa6b6d43f,2026-05-26T12:45:00Z,2026-05-26T14:45:00+0200,51088.792,MW,DE,DE_LU,actual_solar_generation,Solar,2026-06-06T16:24:29Z
2026-06-06T16:23:19Z,2026-06-06T18:23:19+0200,8d87ff8c-7229-4840-a478-c91fa6b6d43f,2026-05-26T13:00:00Z,2026-05-26T15:00:00+0200,49886.617,MW,DE,DE_LU,actual_solar_generation,Solar,2026-06-06T16:24:29Z
2026-06-06T16:23:19Z,2026-06-06T18:23:19+0200,8d87ff8c-7229-4840-a478-c91fa6b6d43f,2026-05-26T13:15:00Z,2026-05-26T15:15:00+0200,48760.868,MW,DE,DE_LU,actual_solar_generation,Solar,2026-06-06T16:24:29Z
2026-06-06T16:23:19Z,2026-06-06T18:23:19+0200,8d87ff8c-7229-4840-a478-c91fa6b6d43f,2026-05-26T13:30:00Z,2026-05-26T15:30:00+0200,47038.608,MW,DE,DE_LU,actual_solar_generation,Solar,2026-06-06T16:24:29Z
2026-06-06T16:23:19Z,2026-06-06T18:23:19+0200,8d87ff8c-7229-4840-a478-c91fa6b6d43f,2026-05-26T13:45:00Z,2026-05-26T15:45:00+0200,45732.091,MW,DE,DE_LU,actual_solar_generation,Solar,2026-06-06T16:24:29Z
2026-06-06T16:23:19Z,2026-06-06T18:23:19+0200,8d87ff8c-7229-4840-a478-c91fa6b6d43f,2026-05-26T14:00:00Z,2026-05-26T16:00:00+0200,44101.339,MW,DE,DE_LU,actual_solar_generation,Solar,2026-06-06T16:24:29Z
2026-06-06T16:23:19Z,2026-06-06T18:23:19+0200,8d87ff8c-7229-4840-a478-c91fa6b6d43f,2026-05-26T14:15:00Z,2026-05-26T16:15:00+0200,42066.619,MW,DE,DE_LU,actual_solar_generation,Solar,2026-06-06T16:24:29Z
2026-06-06T16:23:19Z,2026-06-06T18:23:19+0200,8d87ff8c-7229-4840-a478-c91fa6b6d43f,2026-05-26T14:30:00Z,2026-05-26T16:30:00+0200,39763.229,MW,DE,DE_LU,actual_solar_generation,Solar,2026-06-06T16:24:29Z
2026-06-06T16:23:19Z,2026-06-06T18:23:19+0200,8d87ff8c-7229-4840-a478-c91fa6b6d43f,2026-05-26T14:45:00Z,2026-05-26T16:45:00+0200,37206.662,MW,DE,DE_LU,actual_solar_generation,Solar,2026-06-06T16:24:29Z
2026-06-06T16:23:19Z,2026-06-06T18:23:19+0200,8d87ff8c-7229-4840-a478-c91fa6b6d43f,2026-05-26T15:00:00Z,2026-05-26T17:00:00+0200,34455.939,MW,DE,DE_LU,actual_solar_generation,Solar,2026-06-06T16:24:29Z
2026-06-06T16:23:19Z,2026-06-06T18:23:19+0200,8d87ff8c-7229-4840-a478-c91fa6b6d43f,2026-05-26T15:15:00Z,2026-05-26T17:15:00+0200,31613.398,MW,DE,DE_LU,actual_solar_generation,Solar,2026-06-06T16:24:29Z
2026-06-06T16:23:19Z,2026-06-06T18:23:19+0200,8d87ff8c-7229-4840-a478-c91fa6b6d43f,2026-05-26T15:30:00Z,2026-05-26T17:30:00+0200,28363.468,MW,DE,DE_LU,actual_solar_generation,Solar,2026-06-06T16:24:29Z
2026-06-06T16:23:19Z,2026-06-06T18:23:19+0200,8d87ff8c-7229-4840-a478-c91fa6b6d43f,2026-05-26T15:45:00Z,2026-05-26T17:45:00+0200,25254.521,MW,DE,DE_LU,actual_solar_generation,Solar,2026-06-06T16:24:29Z
2026-06-06T16:23:19Z,2026-06-06T18:23:19+0200,8d87ff8c-7229-4840-a478-c91fa6b6d43f,2026-05-26T16:00:00Z,2026-05-26T18:00:00+0200,22118.652,MW,DE,DE_LU,actual_solar_generation,Solar,2026-06-06T16:24:29Z
2026-06-06T16:23:19Z,2026-06-06T18:23:19+0200,8d87ff8c-7229-4840-a478-c91fa6b6d43f,2026-05-26T16:15:00Z,2026-05-26T18:15:00+0200,19137.879,MW,DE,DE_LU,actual_solar_generation,Solar,2026-06-06T16:24:29Z
2026-06-06T16:23:19Z,2026-06-06T18:23:19+0200,8d87ff8c-7229-4840-a478-c91fa6b6d43f,2026-05-26T16:30:00Z,2026-05-26T18:30:00+0200,16079.336,MW,DE,DE_LU,actual_solar_generation,Solar,2026-06-06T16:24:29Z
2026-06-06T16:23:19Z,2026-06-06T18:23:19+0200,8d87ff8c-7229-4840-a478-c91fa6b6d43f,2026-05-26T16:45:00Z,2026-05-26T18:45:00+0200,13291.449,MW,DE,DE_LU,actual_solar_generation,Solar,2026-06-06T16:24:29Z
2026-06-06T16:23:19Z,2026-06-06T18:23:19+0200,8d87ff8c-7229-4840-a478-c91fa6b6d43f,2026-05-26T17:00:00Z,2026-05-26T19:00:00+0200,10706.422,MW,DE,DE_LU,actual_solar_generation,Solar,2026-06-06T16:24:29Z
2026-06-06T16:23:19Z,2026-06-06T18:23:19+0200,8d87ff8c-7229-4840-a478-c91fa6b6d43f,2026-05-26T17:15:00Z,2026-05-26T19:15:00+0200,8431.806,MW,DE,DE_LU,actual_solar_generation,Solar,2026-06-06T16:24:29Z
2026-06-06T16:23:19Z,2026-06-06T18:23:19+0200,8d87ff8c-7229-4840-a478-c91fa6b6d43f,2026-05-26T17:30:00Z,2026-05-26T19:30:00+0200,6423.477,MW,DE,DE_LU,actual_solar_generation,Solar,2026-06-06T16:24:29Z
2026-06-06T16:23:19Z,2026-06-06T18:23:19+0200,8d87ff8c-7229-4840-a478-c91fa6b6d43f,2026-05-26T17:45:00Z,2026-05-26T19:45:00+0200,4745.909,MW,DE,DE_LU,actual_solar_generation,Solar,2026-06-06T16:24:29Z
2026-06-06T16:23:19Z,2026-06-06T18:23:19+0200,8d87ff8c-7229-4840-a478-c91fa6b6d43f,2026-05-26T18:00:00Z,2026-05-26T20:00:00+0200,3292.365,MW,DE,DE_LU,actual_solar_generation,Solar,2026-06-06T16:24:29Z
2026-06-06T16:23:19Z,2026-06-06T18:23:19+0200,8d87ff8c-7229-4840-a478-c91fa6b6d43f,2026-05-26T18:15:00Z,2026-05-26T20:15:00+0200,2168.397,MW,DE,DE_LU,actual_solar_generation,Solar,2026-06-06T16:24:29Z
2026-06-06T16:23:19Z,2026-06-06T18:23:19+0200,8d87ff8c-7229-4840-a478-c91fa6b6d43f,2026-05-26T18:30:00Z,2026-05-26T20:30:00+0200,1244.604,MW,DE,DE_LU,actual_solar_generation,Solar,2026-06-06T16:24:29Z
2026-06-06T16:23:19Z,2026-06-06T18:23:19+0200,8d87ff8c-7229-4840-a478-c91fa6b6d43f,2026-05-26T18:45:00Z,2026-05-26T20:45:00+0200,578.794,MW,DE,DE_LU,actual_solar_generation,Solar,2026-06-06T16:24:29Z
2026-06-06T16:23:19Z,2026-06-06T18:23:19+0200,8d87ff8c-7229-4840-a478-c91fa6b6d43f,2026-05-26T19:00:00Z,2026-05-26T21:00:00+0200,210.359,MW,DE,DE_LU,actual_solar_generation,Solar,2026-06-06T16:24:29Z
2026-06-06T16:23:19Z,2026-06-06T18:23:19+0200,8d87ff8c-7229-4840-a478-c91fa6b6d43f,2026-05-26T19:15:00Z,2026-05-26T21:15:00+0200,52.054,MW,DE,DE_LU,actual_solar_generation,Solar,2026-06-06T16:24:29Z
2026-06-06T16:23:19Z,2026-06-06T18:23:19+0200,8d87ff8c-7229-4840-a478-c91fa6b6d43f,2026-05-26T19:30:00Z,2026-05-26T21:30:00+0200,9.901,MW,DE,DE_LU,actual_solar_generation,Solar,2026-06-06T16:24:29Z
2026-06-06T16:23:19Z,2026-06-06T18:23:19+0200,8d87ff8c-7229-4840-a478-c91fa6b6d43f,2026-05-26T19:45:00Z,2026-05-26T21:45:00+0200,3.298,MW,DE,DE_LU,actual_solar_generation,Solar,2026-06-06T16:24:29Z
2026-06-06T16:23:19Z,2026-06-06T18:23:19+0200,8d87ff8c-7229-4840-a478-c91fa6b6d43f,2026-05-26T20:00:00Z,2026-05-26T22:00:00+0200,0.235,MW,DE,DE_LU,actual_solar_generation,Solar,2026-06-06T16:24:29Z
2026-06-06T16:23:19Z,2026-06-06T18:23:19+0200,8d87ff8c-7229-4840-a478-c91fa6b6d43f,2026-05-26T20:15:00Z,2026-05-26T22:15:00+0200,0.223,MW,DE,DE_LU,actual_solar_generation,Solar,2026-06-06T16:24:29Z
2026-06-06T16:23:19Z,2026-06-06T18:23:19+0200,8d87ff8c-7229-4840-a478-c91fa6b6d43f,2026-05-26T20:30:00Z,2026-05-26T22:30:00+0200,0.196,MW,DE,DE_LU,actual_solar_generation,Solar,2026-06-06T16:24:29Z
2026-06-06T16:23:19Z,2026-06-06T18:23:19+0200,8d87ff8c-7229-4840-a478-c91fa6b6d43f,2026-05-26T20:45:00Z,2026-05-26T22:45:00+0200,0.203,MW,DE,DE_LU,actual_solar_generation,Solar,2026-06-06T16:24:29Z
2026-06-06T16:23:19Z,2026-06-06T18:23:19+0200,8d87ff8c-7229-4840-a478-c91fa6b6d43f,2026-05-26T21:00:00Z,2026-05-26T23:00:00+0200,0.183,MW,DE,DE_LU,actual_solar_generation,Solar,2026-06-06T16:24:29Z
2026-06-06T16:23:19Z,2026-06-06T18:23:19+0200,8d87ff8c-7229-4840-a478-c91fa6b6d43f,2026-05-26T21:15:00Z,2026-05-26T23:15:00+0200,0.165,MW,DE,DE_LU,actual_solar_generation,Solar,2026-06-06T16:24:29Z
2026-06-06T16:23:19Z,2026-06-06T18:23:19+0200,8d87ff8c-7229-4840-a478-c91fa6b6d43f,2026-05-26T21:30:00Z,2026-05-26T23:30:00+0200,0.156,MW,DE,DE_LU,actual_solar_generation,Solar,2026-06-06T16:24:29Z
2026-06-06T16:23:19Z,2026-06-06T18:23:19+0200,8d87ff8c-7229-4840-a478-c91fa6b6d43f,2026-05-26T21:45:00Z,2026-05-26T23:45:00+0200,0.133,MW,DE,DE_LU,actual_solar_generation,Solar,2026-06-06T16:24:29Z
2026-06-06T16:23:19Z,2026-06-06T18:23:19+0200,8d87ff8c-7229-4840-a478-c91fa6b6d43f,2026-05-26T22:00:00Z,2026-05-27T00:00:00+0200,0.151,MW,DE,DE_LU,actual_solar_generation,Solar,2026-06-06T16:24:29Z
2026-06-06T16:23:19Z,2026-06-06T18:23:19+0200,8d87ff8c-7229-4840-a478-c91fa6b6d43f,2026-05-26T22:15:00Z,2026-05-27T00:15:00+0200,0.13,MW,DE,DE_LU,actual_solar_generation,Solar,2026-06-06T16:24:29Z
2026-06-06T16:23:19Z,2026-06-06T18:23:19+0200,8d87ff8c-7229-4840-a478-c91fa6b6d43f,2026-05-26T22:30:00Z,2026-05-27T00:30:00+0200,0.117,MW,DE,DE_LU,actual_solar_generation,Solar,2026-06-06T16:24:29Z
2026-06-06T16:23:19Z,2026-06-06T18:23:19+0200,8d87ff8c-7229-4840-a478-c91fa6b6d43f,2026-05-26T22:45:00Z,2026-05-27T00:45:00+0200,0.106,MW,DE,DE_LU,actual_solar_generation,Solar,2026-06-06T16:24:29Z
2026-06-06T16:23:19Z,2026-06-06T18:23:19+0200,8d87ff8c-7229-4840-a478-c91fa6b6d43f,2026-05-26T23:00:00Z,2026-05-27T01:00:00+0200,0.109,MW,DE,DE_LU,actual_solar_generation,Solar,2026-06-06T16:24:29Z
2026-06-06T16:23:19Z,2026-06-06T18:23:19+0200,8d87ff8c-7229-4840-a478-c91fa6b6d43f,2026-05-26T23:15:00Z,2026-05-27T01:15:00+0200,0.104,MW,DE,DE_LU,actual_solar_generation,Solar,2026-06-06T16:24:29Z
2026-06-06T16:23:19Z,2026-06-06T18:23:19+0200,8d87ff8c-7229-4840-a478-c91fa6b6d43f,2026-05-26T23:30:00Z,2026-05-27T01:30:00+0200,0.103,MW,DE,DE_LU,actual_solar_generation,Solar,2026-06-06T16:24:29Z
2026-06-06T16:23:19Z,2026-06-06T18:23:19+0200,8d87ff8c-7229-4840-a478-c91fa6b6d43f,2026-05-26T23:45:00Z,2026-05-27T01:45:00+0200,0.091,MW,DE,DE_LU,actual_solar_generation,Solar,2026-06-06T16:24:29Z
2026-06-06T16:23:19Z,2026-06-06T18:23:19+0200,8d87ff8c-7229-4840-a478-c91fa6b6d43f,2026-05-27T00:00:00Z,2026-05-27T02:00:00+0200,0.093,MW,DE,DE_LU,actual_solar_generation,Solar,2026-06-06T16:24:29Z
2026-06-06T16:23:19Z,2026-06-06T18:23:19+0200,8d87ff8c-7229-4840-a478-c91fa6b6d43f,2026-05-27T00:15:00Z,2026-05-27T02:15:00+0200,0.09,MW,DE,DE_LU,actual_solar_generation,Solar,2026-06-06T16:24:29Z
2026-06-06T16:23:19Z,2026-06-06T18:23:19+0200,8d87ff8c-7229-4840-a478-c91fa6b6d43f,2026-05-27T00:30:00Z,2026-05-27T02:30:00+0200,0.081,MW,DE,DE_LU,actual_solar_generation,Solar,2026-06-06T16:24:29Z
2026-06-06T16:23:19Z,2026-06-06T18:23:19+0200,8d87ff8c-7229-4840-a478-c91fa6b6d43f,2026-05-27T00:45:00Z,2026-05-27T02:45:00+0200,0.085,MW,DE,DE_LU,actual_solar_generation,Solar,2026-06-06T16:24:29Z
2026-06-06T16:23:19Z,2026-06-06T18:23:19+0200,8d87ff8c-7229-4840-a478-c91fa6b6d43f,2026-05-27T01:00:00Z,2026-05-27T03:00:00+0200,0.079,MW,DE,DE_LU,actual_solar_generation,Solar,2026-06-06T16:24:29Z
2026-06-06T16:23:19Z,2026-06-06T18:23:19+0200,8d87ff8c-7229-4840-a478-c91fa6b6d43f,2026-05-27T01:15:00Z,2026-05-27T03:15:00+0200,0.082,MW,DE,DE_LU,actual_solar_generation,Solar,2026-06-06T16:24:29Z
2026-06-06T16:23:19Z,2026-06-06T18:23:19+0200,8d87ff8c-7229-4840-a478-c91fa6b6d43f,2026-05-27T01:30:00Z,2026-05-27T03:30:00+0200,0.083,MW,DE,DE_LU,actual_solar_generation,Solar,2026-06-06T16:24:29Z
2026-06-06T16:23:19Z,2026-06-06T18:23:19+0200,8d87ff8c-7229-4840-a478-c91fa6b6d43f,2026-05-27T01:45:00Z,2026-05-27T03:45:00+0200,0.075,MW,DE,DE_LU,actual_solar_generation,Solar,2026-06-06T16:24:29Z
2026-06-06T16:23:19Z,2026-06-06T18:23:19+0200,8d87ff8c-7229-4840-a478-c91fa6b6d43f,2026-05-27T02:00:00Z,2026-05-27T04:00:00+0200,0.079,MW,DE,DE_LU,actual_solar_generation,Solar,2026-06-06T16:24:29Z
2026-06-06T16:23:19Z,2026-06-06T18:23:19+0200,8d87ff8c-7229-4840-a478-c91fa6b6d43f,2026-05-27T02:15:00Z,2026-05-27T04:15:00+0200,0.075,MW,DE,DE_LU,actual_solar_generation,Solar,2026-06-06T16:24:29Z
2026-06-06T16:23:19Z,2026-06-06T18:23:19+0200,8d87ff8c-7229-4840-a478-c91fa6b6d43f,2026-05-27T02:30:00Z,2026-05-27T04:30:00+0200,0.458,MW,DE,DE_LU,actual_solar_generation,Solar,2026-06-06T16:24:29Z
2026-06-06T16:23:19Z,2026-06-06T18:23:19+0200,8d87ff8c-7229-4840-a478-c91fa6b6d43f,2026-05-27T02:45:00Z,2026-05-27T04:45:00+0200,5.73,MW,DE,DE_LU,actual_solar_generation,Solar,2026-06-06T16:24:29Z
2026-06-06T16:23:19Z,2026-06-06T18:23:19+0200,8d87ff8c-7229-4840-a478-c91fa6b6d43f,2026-05-27T03:00:00Z,2026-05-27T05:00:00+0200,43.199,MW,DE,DE_LU,actual_solar_generation,Solar,2026-06-06T16:24:29Z
2026-06-06T16:23:19Z,2026-06-06T18:23:19+0200,8d87ff8c-7229-4840-a478-c91fa6b6d43f,2026-05-27T03:15:00Z,2026-05-27T05:15:00+0200,190.373,MW,DE,DE_LU,actual_solar_generation,Solar,2026-06-06T16:24:29Z
2026-06-06T16:23:19Z,2026-06-06T18:23:19+0200,8d87ff8c-7229-4840-a478-c91fa6b6d43f,2026-05-27T03:30:00Z,2026-05-27T05:30:00+0200,592.407,MW,DE,DE_LU,actual_solar_generation,Solar,2026-06-06T16:24:29Z
2026-06-06T16:23:19Z,2026-06-06T18:23:19+0200,8d87ff8c-7229-4840-a478-c91fa6b6d43f,2026-05-27T03:45:00Z,2026-05-27T05:45:00+0200,1393.462,MW,DE,DE_LU,actual_solar_generation,Solar,2026-06-06T16:24:29Z
2026-06-06T16:23:19Z,2026-06-06T18:23:19+0200,8d87ff8c-7229-4840-a478-c91fa6b6d43f,2026-05-27T04:00:00Z,2026-05-27T06:00:00+0200,2333.568,MW,DE,DE_LU,actual_solar_generation,Solar,2026-06-06T16:24:29Z
2026-06-06T16:23:19Z,2026-06-06T18:23:19+0200,8d87ff8c-7229-4840-a478-c91fa6b6d43f,2026-05-27T04:15:00Z,2026-05-27T06:15:00+0200,3523.369,MW,DE,DE_LU,actual_solar_generation,Solar,2026-06-06T16:24:29Z
2026-06-06T16:23:19Z,2026-06-06T18:23:19+0200,8d87ff8c-7229-4840-a478-c91fa6b6d43f,2026-05-27T04:30:00Z,2026-05-27T06:30:00+0200,4971.01,MW,DE,DE_LU,actual_solar_generation,Solar,2026-06-06T16:24:29Z
2026-06-06T16:23:19Z,2026-06-06T18:23:19+0200,8d87ff8c-7229-4840-a478-c91fa6b6d43f,2026-05-27T04:45:00Z,2026-05-27T06:45:00+0200,6728.615,MW,DE,DE_LU,actual_solar_generation,Solar,2026-06-06T16:24:29Z
2026-06-06T16:23:19Z,2026-06-06T18:23:19+0200,8d87ff8c-7229-4840-a478-c91fa6b6d43f,2026-05-27T05:00:00Z,2026-05-27T07:00:00+0200,8763.57,MW,DE,DE_LU,actual_solar_generation,Solar,2026-06-06T16:24:29Z
2026-06-06T16:23:19Z,2026-06-06T18:23:19+0200,8d87ff8c-7229-4840-a478-c91fa6b6d43f,2026-05-27T05:15:00Z,2026-05-27T07:15:00+0200,11127.708,MW,DE,DE_LU,actual_solar_generation,Solar,2026-06-06T16:24:29Z
2026-06-06T16:23:19Z,2026-06-06T18:23:19+0200,8d87ff8c-7229-4840-a478-c91fa6b6d43f,2026-05-27T05:30:00Z,2026-05-27T07:30:00+0200,13716.898,MW,DE,DE_LU,actual_solar_generation,Solar,2026-06-06T16:24:29Z
2026-06-06T16:23:19Z,2026-06-06T18:23:19+0200,8d87ff8c-7229-4840-a478-c91fa6b6d43f,2026-05-27T05:45:00Z,2026-05-27T07:45:00+0200,16741.928,MW,DE,DE_LU,actual_solar_generation,Solar,2026-06-06T16:24:29Z
2026-06-06T16:23:19Z,2026-06-06T18:23:19+0200,8d87ff8c-7229-4840-a478-c91fa6b6d43f,2026-05-27T06:00:00Z,2026-05-27T08:00:00+0200,19895.586,MW,DE,DE_LU,actual_solar_generation,Solar,2026-06-06T16:24:29Z
2026-06-06T16:23:19Z,2026-06-06T18:23:19+0200,8d87ff8c-7229-4840-a478-c91fa6b6d43f,2026-05-27T06:15:00Z,2026-05-27T08:15:00+0200,23067.943,MW,DE,DE_LU,actual_solar_generation,Solar,2026-06-06T16:24:29Z
2026-06-06T16:23:19Z,2026-06-06T18:23:19+0200,8d87ff8c-7229-4840-a478-c91fa6b6d43f,2026-05-27T06:30:00Z,2026-05-27T08:30:00+0200,26352.798,MW,DE,DE_LU,actual_solar_generation,Solar,2026-06-06T16:24:29Z
2026-06-06T16:23:19Z,2026-06-06T18:23:19+0200,8d87ff8c-7229-4840-a478-c91fa6b6d43f,2026-05-27T06:45:00Z,2026-05-27T08:45:00+0200,29460.017,MW,DE,DE_LU,actual_solar_generation,Solar,2026-06-06T16:24:29Z
2026-06-06T16:23:19Z,2026-06-06T18:23:19+0200,8d87ff8c-7229-4840-a478-c91fa6b6d43f,2026-05-27T07:00:00Z,2026-05-27T09:00:00+0200,32557.507,MW,DE,DE_LU,actual_solar_generation,Solar,2026-06-06T16:24:29Z
2026-06-06T16:23:19Z,2026-06-06T18:23:19+0200,8d87ff8c-7229-4840-a478-c91fa6b6d43f,2026-05-27T07:15:00Z,2026-05-27T09:15:00+0200,35396.596,MW,DE,DE_LU,actual_solar_generation,Solar,2026-06-06T16:24:29Z
2026-06-06T16:23:19Z,2026-06-06T18:23:19+0200,8d87ff8c-7229-4840-a478-c91fa6b6d43f,2026-05-27T07:30:00Z,2026-05-27T09:30:00+0200,38215.817,MW,DE,DE_LU,actual_solar_generation,Solar,2026-06-06T16:24:29Z
2026-06-06T16:23:19Z,2026-06-06T18:23:19+0200,8d87ff8c-7229-4840-a478-c91fa6b6d43f,2026-05-27T07:45:00Z,2026-05-27T09:45:00+0200,41094.274,MW,DE,DE_LU,actual_solar_generation,Solar,2026-06-06T16:24:29Z
2026-06-06T16:23:19Z,2026-06-06T18:23:19+0200,8d87ff8c-7229-4840-a478-c91fa6b6d43f,2026-05-27T08:00:00Z,2026-05-27T10:00:00+0200,43404.38,MW,DE,DE_LU,actual_solar_generation,Solar,2026-06-06T16:24:29Z
2026-06-06T16:23:19Z,2026-06-06T18:23:19+0200,8d87ff8c-7229-4840-a478-c91fa6b6d43f,2026-05-27T08:15:00Z,2026-05-27T10:15:00+0200,45766.643,MW,DE,DE_LU,actual_solar_generation,Solar,2026-06-06T16:24:29Z
2026-06-06T16:23:19Z,2026-06-06T18:23:19+0200,8d87ff8c-7229-4840-a478-c91fa6b6d43f,2026-05-27T08:30:00Z,2026-05-27T10:30:00+0200,47641.568,MW,DE,DE_LU,actual_solar_generation,Solar,2026-06-06T16:24:29Z
2026-06-06T16:23:19Z,2026-06-06T18:23:19+0200,8d87ff8c-7229-4840-a478-c91fa6b6d43f,2026-05-27T08:45:00Z,2026-05-27T10:45:00+0200,48732.651,MW,DE,DE_LU,actual_solar_generation,Solar,2026-06-06T16:24:29Z
2026-06-06T16:23:19Z,2026-06-06T18:23:19+0200,8d87ff8c-7229-4840-a478-c91fa6b6d43f,2026-05-27T09:00:00Z,2026-05-27T11:00:00+0200,48825.992,MW,DE,DE_LU,actual_solar_generation,Solar,2026-06-06T16:24:29Z
2026-06-06T16:23:19Z,2026-06-06T18:23:19+0200,8d87ff8c-7229-4840-a478-c91fa6b6d43f,2026-05-27T09:15:00Z,2026-05-27T11:15:00+0200,49989.201,MW,DE,DE_LU,actual_solar_generation,Solar,2026-06-06T16:24:29Z
2026-06-06T16:23:19Z,2026-06-06T18:23:19+0200,8d87ff8c-7229-4840-a478-c91fa6b6d43f,2026-05-27T09:30:00Z,2026-05-27T11:30:00+0200,50407.089,MW,DE,DE_LU,actual_solar_generation,Solar,2026-06-06T16:24:29Z
2026-06-06T16:23:19Z,2026-06-06T18:23:19+0200,8d87ff8c-7229-4840-a478-c91fa6b6d43f,2026-05-27T09:45:00Z,2026-05-27T11:45:00+0200,51170.554,MW,DE,DE_LU,actual_solar_generation,Solar,2026-06-06T16:24:29Z
2026-06-06T16:23:19Z,2026-06-06T18:23:19+0200,8d87ff8c-7229-4840-a478-c91fa6b6d43f,2026-05-27T10:00:00Z,2026-05-27T12:00:00+0200,51361.003,MW,DE,DE_LU,actual_solar_generation,Solar,2026-06-06T16:24:29Z
2026-06-06T16:23:19Z,2026-06-06T18:23:19+0200,8d87ff8c-7229-4840-a478-c91fa6b6d43f,2026-05-27T10:15:00Z,2026-05-27T12:15:00+0200,51898.939,MW,DE,DE_LU,actual_solar_generation,Solar,2026-06-06T16:24:29Z
2026-06-06T16:23:19Z,2026-06-06T18:23:19+0200,8d87ff8c-7229-4840-a478-c91fa6b6d43f,2026-05-27T10:30:00Z,2026-05-27T12:30:00+0200,51421.853,MW,DE,DE_LU,actual_solar_generation,Solar,2026-06-06T16:24:29Z
2026-06-06T16:23:19Z,2026-06-06T18:23:19+0200,8d87ff8c-7229-4840-a478-c91fa6b6d43f,2026-05-27T10:45:00Z,2026-05-27T12:45:00+0200,51242.555,MW,DE,DE_LU,actual_solar_generation,Solar,2026-06-06T16:24:29Z
2026-06-06T16:23:19Z,2026-06-06T18:23:19+0200,8d87ff8c-7229-4840-a478-c91fa6b6d43f,2026-05-27T11:00:00Z,2026-05-27T13:00:00+0200,51320.075,MW,DE,DE_LU,actual_solar_generation,Solar,2026-06-06T16:24:29Z
2026-06-06T16:23:19Z,2026-06-06T18:23:19+0200,8d87ff8c-7229-4840-a478-c91fa6b6d43f,2026-05-27T11:15:00Z,2026-05-27T13:15:00+0200,50544.683,MW,DE,DE_LU,actual_solar_generation,Solar,2026-06-06T16:24:29Z
2026-06-06T16:23:19Z,2026-06-06T18:23:19+0200,8d87ff8c-7229-4840-a478-c91fa6b6d43f,2026-05-27T11:30:00Z,2026-05-27T13:30:00+0200,50896.544,MW,DE,DE_LU,actual_solar_generation,Solar,2026-06-06T16:24:29Z
2026-06-06T16:23:19Z,2026-06-06T18:23:19+0200,8d87ff8c-7229-4840-a478-c91fa6b6d43f,2026-05-27T11:45:00Z,2026-05-27T13:45:00+0200,50325.065,MW,DE,DE_LU,actual_solar_generation,Solar,2026-06-06T16:24:29Z
2026-06-06T16:23:19Z,2026-06-06T18:23:19+0200,8d87ff8c-7229-4840-a478-c91fa6b6d43f,2026-05-27T12:00:00Z,2026-05-27T14:00:00+0200,50284.539,MW,DE,DE_LU,actual_solar_generation,Solar,2026-06-06T16:24:29Z
2026-06-06T16:23:19Z,2026-06-06T18:23:19+0200,8d87ff8c-7229-4840-a478-c91fa6b6d43f,2026-05-27T12:15:00Z,2026-05-27T14:15:00+0200,49096.498,MW,DE,DE_LU,actual_solar_generation,Solar,2026-06-06T16:24:29Z
2026-06-06T16:23:19Z,2026-06-06T18:23:19+0200,8d87ff8c-7229-4840-a478-c91fa6b6d43f,2026-05-27T12:30:00Z,2026-05-27T14:30:00+0200,48204.541,MW,DE,DE_LU,actual_solar_generation,Solar,2026-06-06T16:24:29Z
2026-06-06T16:23:19Z,2026-06-06T18:23:19+0200,8d87ff8c-7229-4840-a478-c91fa6b6d43f,2026-05-27T12:45:00Z,2026-05-27T14:45:00+0200,47088.434,MW,DE,DE_LU,actual_solar_generation,Solar,2026-06-06T16:24:29Z
2026-06-06T16:23:19Z,2026-06-06T18:23:19+0200,8d87ff8c-7229-4840-a478-c91fa6b6d43f,2026-05-27T13:00:00Z,2026-05-27T15:00:00+0200,45339.989,MW,DE,DE_LU,actual_solar_generation,Solar,2026-06-06T16:24:29Z
2026-06-06T16:23:19Z,2026-06-06T18:23:19+0200,8d87ff8c-7229-4840-a478-c91fa6b6d43f,2026-05-27T13:15:00Z,2026-05-27T15:15:00+0200,43980.46,MW,DE,DE_LU,actual_solar_generation,Solar,2026-06-06T16:24:29Z
2026-06-06T16:23:19Z,2026-06-06T18:23:19+0200,8d87ff8c-7229-4840-a478-c91fa6b6d43f,2026-05-27T13:30:00Z,2026-05-27T15:30:00+0200,42519.557,MW,DE,DE_LU,actual_solar_generation,Solar,2026-06-06T16:24:29Z
2026-06-06T16:23:19Z,2026-06-06T18:23:19+0200,8d87ff8c-7229-4840-a478-c91fa6b6d43f,2026-05-27T13:45:00Z,2026-05-27T15:45:00+0200,41100.137,MW,DE,DE_LU,actual_solar_generation,Solar,2026-06-06T16:24:29Z
2026-06-06T16:23:19Z,2026-06-06T18:23:19+0200,8d87ff8c-7229-4840-a478-c91fa6b6d43f,2026-05-27T14:00:00Z,2026-05-27T16:00:00+0200,40226.075,MW,DE,DE_LU,actual_solar_generation,Solar,2026-06-06T16:24:29Z
2026-06-06T16:23:19Z,2026-06-06T18:23:19+0200,8d87ff8c-7229-4840-a478-c91fa6b6d43f,2026-05-27T14:15:00Z,2026-05-27T16:15:00+0200,38585.179,MW,DE,DE_LU,actual_solar_generation,Solar,2026-06-06T16:24:29Z
2026-06-06T16:23:19Z,2026-06-06T18:23:19+0200,8d87ff8c-7229-4840-a478-c91fa6b6d43f,2026-05-27T14:30:00Z,2026-05-27T16:30:00+0200,36470.272,MW,DE,DE_LU,actual_solar_generation,Solar,2026-06-06T16:24:29Z
2026-06-06T16:23:19Z,2026-06-06T18:23:19+0200,8d87ff8c-7229-4840-a478-c91fa6b6d43f,2026-05-27T14:45:00Z,2026-05-27T16:45:00+0200,35606.093,MW,DE,DE_LU,actual_solar_generation,Solar,2026-06-06T16:24:29Z
2026-06-06T16:23:19Z,2026-06-06T18:23:19+0200,8d87ff8c-7229-4840-a478-c91fa6b6d43f,2026-05-27T15:00:00Z,2026-05-27T17:00:00+0200,34544.87,MW,DE,DE_LU,actual_solar_generation,Solar,2026-06-06T16:24:29Z
2026-06-06T16:23:19Z,2026-06-06T18:23:19+0200,8d87ff8c-7229-4840-a478-c91fa6b6d43f,2026-05-27T15:15:00Z,2026-05-27T17:15:00+0200,31959.733,MW,DE,DE_LU,actual_solar_generation,Solar,2026-06-06T16:24:29Z
2026-06-06T16:23:19Z,2026-06-06T18:23:19+0200,8d87ff8c-7229-4840-a478-c91fa6b6d43f,2026-05-27T15:30:00Z,2026-05-27T17:30:00+0200,28720.323,MW,DE,DE_LU,actual_solar_generation,Solar,2026-06-06T16:24:29Z
2026-06-06T16:23:19Z,2026-06-06T18:23:19+0200,8d87ff8c-7229-4840-a478-c91fa6b6d43f,2026-05-27T15:45:00Z,2026-05-27T17:45:00+0200,25668.305,MW,DE,DE_LU,actual_solar_generation,Solar,2026-06-06T16:24:29Z
2026-06-06T16:23:19Z,2026-06-06T18:23:19+0200,8d87ff8c-7229-4840-a478-c91fa6b6d43f,2026-05-27T16:00:00Z,2026-05-27T18:00:00+0200,22746.613,MW,DE,DE_LU,actual_solar_generation,Solar,2026-06-06T16:24:29Z
2026-06-06T16:23:19Z,2026-06-06T18:23:19+0200,8d87ff8c-7229-4840-a478-c91fa6b6d43f,2026-05-27T16:15:00Z,2026-05-27T18:15:00+0200,19770.83,MW,DE,DE_LU,actual_solar_generation,Solar,2026-06-06T16:24:29Z
2026-06-06T16:23:19Z,2026-06-06T18:23:19+0200,8d87ff8c-7229-4840-a478-c91fa6b6d43f,2026-05-27T16:30:00Z,2026-05-27T18:30:00+0200,16769.011,MW,DE,DE_LU,actual_solar_generation,Solar,2026-06-06T16:24:29Z
2026-06-06T16:23:19Z,2026-06-06T18:23:19+0200,8d87ff8c-7229-4840-a478-c91fa6b6d43f,2026-05-27T16:45:00Z,2026-05-27T18:45:00+0200,13851.329,MW,DE,DE_LU,actual_solar_generation,Solar,2026-06-06T16:24:29Z
2026-06-06T16:23:19Z,2026-06-06T18:23:19+0200,8d87ff8c-7229-4840-a478-c91fa6b6d43f,2026-05-27T17:00:00Z,2026-05-27T19:00:00+0200,11168.277,MW,DE,DE_LU,actual_solar_generation,Solar,2026-06-06T16:24:29Z
2026-06-06T16:23:19Z,2026-06-06T18:23:19+0200,8d87ff8c-7229-4840-a478-c91fa6b6d43f,2026-05-27T17:15:00Z,2026-05-27T19:15:00+0200,8748.563,MW,DE,DE_LU,actual_solar_generation,Solar,2026-06-06T16:24:29Z
2026-06-06T16:23:19Z,2026-06-06T18:23:19+0200,8d87ff8c-7229-4840-a478-c91fa6b6d43f,2026-05-27T17:30:00Z,2026-05-27T19:30:00+0200,6698.581,MW,DE,DE_LU,actual_solar_generation,Solar,2026-06-06T16:24:29Z
2026-06-06T16:23:19Z,2026-06-06T18:23:19+0200,8d87ff8c-7229-4840-a478-c91fa6b6d43f,2026-05-27T17:45:00Z,2026-05-27T19:45:00+0200,4965.673,MW,DE,DE_LU,actual_solar_generation,Solar,2026-06-06T16:24:29Z
2026-06-06T16:23:19Z,2026-06-06T18:23:19+0200,8d87ff8c-7229-4840-a478-c91fa6b6d43f,2026-05-27T18:00:00Z,2026-05-27T20:00:00+0200,3496.135,MW,DE,DE_LU,actual_solar_generation,Solar,2026-06-06T16:24:29Z
2026-06-06T16:23:19Z,2026-06-06T18:23:19+0200,8d87ff8c-7229-4840-a478-c91fa6b6d43f,2026-05-27T18:15:00Z,2026-05-27T20:15:00+0200,2283.818,MW,DE,DE_LU,actual_solar_generation,Solar,2026-06-06T16:24:29Z
2026-06-06T16:23:19Z,2026-06-06T18:23:19+0200,8d87ff8c-7229-4840-a478-c91fa6b6d43f,2026-05-27T18:30:00Z,2026-05-27T20:30:00+0200,1329.458,MW,DE,DE_LU,actual_solar_generation,Solar,2026-06-06T16:24:29Z
2026-06-06T16:23:19Z,2026-06-06T18:23:19+0200,8d87ff8c-7229-4840-a478-c91fa6b6d43f,2026-05-27T18:45:00Z,2026-05-27T20:45:00+0200,621.129,MW,DE,DE_LU,actual_solar_generation,Solar,2026-06-06T16:24:29Z
2026-06-06T16:23:19Z,2026-06-06T18:23:19+0200,8d87ff8c-7229-4840-a478-c91fa6b6d43f,2026-05-27T19:00:00Z,2026-05-27T21:00:00+0200,223.123,MW,DE,DE_LU,actual_solar_generation,Solar,2026-06-06T16:24:29Z
2026-06-06T16:23:19Z,2026-06-06T18:23:19+0200,8d87ff8c-7229-4840-a478-c91fa6b6d43f,2026-05-27T19:15:00Z,2026-05-27T21:15:00+0200,58.279,MW,DE,DE_LU,actual_solar_generation,Solar,2026-06-06T16:24:29Z
2026-06-06T16:23:19Z,2026-06-06T18:23:19+0200,8d87ff8c-7229-4840-a478-c91fa6b6d43f,2026-05-27T19:30:00Z,2026-05-27T21:30:00+0200,7.899,MW,DE,DE_LU,actual_solar_generation,Solar,2026-06-06T16:24:29Z
2026-06-06T16:23:19Z,2026-06-06T18:23:19+0200,8d87ff8c-7229-4840-a478-c91fa6b6d43f,2026-05-27T19:45:00Z,2026-05-27T21:45:00+0200,1.774,MW,DE,DE_LU,actual_solar_generation,Solar,2026-06-06T16:24:29Z
2026-06-06T16:23:19Z,2026-06-06T18:23:19+0200,8d87ff8c-7229-4840-a478-c91fa6b6d43f,2026-05-27T20:00:00Z,2026-05-27T22:00:00+0200,0.255,MW,DE,DE_LU,actual_solar_generation,Solar,2026-06-06T16:24:29Z
2026-06-06T16:23:19Z,2026-06-06T18:23:19+0200,8d87ff8c-7229-4840-a478-c91fa6b6d43f,2026-05-27T20:15:00Z,2026-05-27T22:15:00+0200,0.224,MW,DE,DE_LU,actual_solar_generation,Solar,2026-06-06T16:24:29Z
2026-06-06T16:23:19Z,2026-06-06T18:23:19+0200,8d87ff8c-7229-4840-a478-c91fa6b6d43f,2026-05-27T20:30:00Z,2026-05-27T22:30:00+0200,0.2,MW,DE,DE_LU,actual_solar_generation,Solar,2026-06-06T16:24:29Z
2026-06-06T16:23:19Z,2026-06-06T18:23:19+0200,8d87ff8c-7229-4840-a478-c91fa6b6d43f,2026-05-27T20:45:00Z,2026-05-27T22:45:00+0200,0.2,MW,DE,DE_LU,actual_solar_generation,Solar,2026-06-06T16:24:29Z
2026-06-06T16:23:19Z,2026-06-06T18:23:19+0200,8d87ff8c-7229-4840-a478-c91fa6b6d43f,2026-05-27T21:00:00Z,2026-05-27T23:00:00+0200,0.189,MW,DE,DE_LU,actual_solar_generation,Solar,2026-06-06T16:24:29Z
2026-06-06T16:23:19Z,2026-06-06T18:23:19+0200,8d87ff8c-7229-4840-a478-c91fa6b6d43f,2026-05-27T21:15:00Z,2026-05-27T23:15:00+0200,0.167,MW,DE,DE_LU,actual_solar_generation,Solar,2026-06-06T16:24:29Z
2026-06-06T16:23:19Z,2026-06-06T18:23:19+0200,8d87ff8c-7229-4840-a478-c91fa6b6d43f,2026-05-27T21:30:00Z,2026-05-27T23:30:00+0200,0.147,MW,DE,DE_LU,actual_solar_generation,Solar,2026-06-06T16:24:29Z
2026-06-06T16:23:19Z,2026-06-06T18:23:19+0200,8d87ff8c-7229-4840-a478-c91fa6b6d43f,2026-05-27T21:45:00Z,2026-05-27T23:45:00+0200,0.136,MW,DE,DE_LU,actual_solar_generation,Solar,2026-06-06T16:24:29Z
2026-06-06T16:23:19Z,2026-06-06T18:23:19+0200,8d87ff8c-7229-4840-a478-c91fa6b6d43f,2026-05-27T22:00:00Z,2026-05-28T00:00:00+0200,0.134,MW,DE,DE_LU,actual_solar_generation,Solar,2026-06-06T16:24:29Z
2026-06-06T16:23:19Z,2026-06-06T18:23:19+0200,8d87ff8c-7229-4840-a478-c91fa6b6d43f,2026-05-27T22:15:00Z,2026-05-28T00:15:00+0200,0.131,MW,DE,DE_LU,actual_solar_generation,Solar,2026-06-06T16:24:29Z
2026-06-06T16:23:19Z,2026-06-06T18:23:19+0200,8d87ff8c-7229-4840-a478-c91fa6b6d43f,2026-05-27T22:30:00Z,2026-05-28T00:30:00+0200,0.127,MW,DE,DE_LU,actual_solar_generation,Solar,2026-06-06T16:24:29Z
2026-06-06T16:23:19Z,2026-06-06T18:23:19+0200,8d87ff8c-7229-4840-a478-c91fa6b6d43f,2026-05-27T22:45:00Z,2026-05-28T00:45:00+0200,0.122,MW,DE,DE_LU,actual_solar_generation,Solar,2026-06-06T16:24:29Z
2026-06-06T16:23:19Z,2026-06-06T18:23:19+0200,8d87ff8c-7229-4840-a478-c91fa6b6d43f,2026-05-27T23:00:00Z,2026-05-28T01:00:00+0200,0.113,MW,DE,DE_LU,actual_solar_generation,Solar,2026-06-06T16:24:29Z
2026-06-06T16:23:19Z,2026-06-06T18:23:19+0200,8d87ff8c-7229-4840-a478-c91fa6b6d43f,2026-05-27T23:15:00Z,2026-05-28T01:15:00+0200,0.113,MW,DE,DE_LU,actual_solar_generation,Solar,2026-06-06T16:24:29Z
2026-06-06T16:23:19Z,2026-06-06T18:23:19+0200,8d87ff8c-7229-4840-a478-c91fa6b6d43f,2026-05-27T23:30:00Z,2026-05-28T01:30:00+0200,0.107,MW,DE,DE_LU,actual_solar_generation,Solar,2026-06-06T16:24:29Z
2026-06-06T16:23:19Z,2026-06-06T18:23:19+0200,8d87ff8c-7229-4840-a478-c91fa6b6d43f,2026-05-27T23:45:00Z,2026-05-28T01:45:00+0200,0.093,MW,DE,DE_LU,actual_solar_generation,Solar,2026-06-06T16:24:29Z
2026-06-06T16:23:19Z,2026-06-06T18:23:19+0200,8d87ff8c-7229-4840-a478-c91fa6b6d43f,2026-05-28T00:00:00Z,2026-05-28T02:00:00+0200,0.097,MW,DE,DE_LU,actual_solar_generation,Solar,2026-06-06T16:24:29Z
2026-06-06T16:23:19Z,2026-06-06T18:23:19+0200,8d87ff8c-7229-4840-a478-c91fa6b6d43f,2026-05-28T00:15:00Z,2026-05-28T02:15:00+0200,0.088,MW,DE,DE_LU,actual_solar_generation,Solar,2026-06-06T16:24:29Z
2026-06-06T16:23:19Z,2026-06-06T18:23:19+0200,8d87ff8c-7229-4840-a478-c91fa6b6d43f,2026-05-28T00:30:00Z,2026-05-28T02:30:00+0200,0.087,MW,DE,DE_LU,actual_solar_generation,Solar,2026-06-06T16:24:29Z
2026-06-06T16:23:19Z,2026-06-06T18:23:19+0200,8d87ff8c-7229-4840-a478-c91fa6b6d43f,2026-05-28T00:45:00Z,2026-05-28T02:45:00+0200,0.09,MW,DE,DE_LU,actual_solar_generation,Solar,2026-06-06T16:24:29Z
2026-06-06T16:23:19Z,2026-06-06T18:23:19+0200,8d87ff8c-7229-4840-a478-c91fa6b6d43f,2026-05-28T01:00:00Z,2026-05-28T03:00:00+0200,0.085,MW,DE,DE_LU,actual_solar_generation,Solar,2026-06-06T16:24:29Z
2026-06-06T16:23:19Z,2026-06-06T18:23:19+0200,8d87ff8c-7229-4840-a478-c91fa6b6d43f,2026-05-28T01:15:00Z,2026-05-28T03:15:00+0200,0.079,MW,DE,DE_LU,actual_solar_generation,Solar,2026-06-06T16:24:29Z
2026-06-06T16:23:19Z,2026-06-06T18:23:19+0200,8d87ff8c-7229-4840-a478-c91fa6b6d43f,2026-05-28T01:30:00Z,2026-05-28T03:30:00+0200,0.075,MW,DE,DE_LU,actual_solar_generation,Solar,2026-06-06T16:24:29Z
2026-06-06T16:23:19Z,2026-06-06T18:23:19+0200,8d87ff8c-7229-4840-a478-c91fa6b6d43f,2026-05-28T01:45:00Z,2026-05-28T03:45:00+0200,0.069,MW,DE,DE_LU,actual_solar_generation,Solar,2026-06-06T16:24:29Z
2026-06-06T16:23:19Z,2026-06-06T18:23:19+0200,8d87ff8c-7229-4840-a478-c91fa6b6d43f,2026-05-28T02:00:00Z,2026-05-28T04:00:00+0200,0.074,MW,DE,DE_LU,actual_solar_generation,Solar,2026-06-06T16:24:29Z
2026-06-06T16:23:19Z,2026-06-06T18:23:19+0200,8d87ff8c-7229-4840-a478-c91fa6b6d43f,2026-05-28T02:15:00Z,2026-05-28T04:15:00+0200,0.083,MW,DE,DE_LU,actual_solar_generation,Solar,2026-06-06T16:24:29Z
2026-06-06T16:23:19Z,2026-06-06T18:23:19+0200,8d87ff8c-7229-4840-a478-c91fa6b6d43f,2026-05-28T02:30:00Z,2026-05-28T04:30:00+0200,0.65,MW,DE,DE_LU,actual_solar_generation,Solar,2026-06-06T16:24:29Z
2026-06-06T16:23:19Z,2026-06-06T18:23:19+0200,8d87ff8c-7229-4840-a478-c91fa6b6d43f,2026-05-28T02:45:00Z,2026-05-28T04:45:00+0200,7.637,MW,DE,DE_LU,actual_solar_generation,Solar,2026-06-06T16:24:29Z
2026-06-06T16:23:19Z,2026-06-06T18:23:19+0200,8d87ff8c-7229-4840-a478-c91fa6b6d43f,2026-05-28T03:00:00Z,2026-05-28T05:00:00+0200,55.847,MW,DE,DE_LU,actual_solar_generation,Solar,2026-06-06T16:24:29Z
2026-06-06T16:23:19Z,2026-06-06T18:23:19+0200,8d87ff8c-7229-4840-a478-c91fa6b6d43f,2026-05-28T03:15:00Z,2026-05-28T05:15:00+0200,222.738,MW,DE,DE_LU,actual_solar_generation,Solar,2026-06-06T16:24:29Z
2026-06-06T16:23:19Z,2026-06-06T18:23:19+0200,8d87ff8c-7229-4840-a478-c91fa6b6d43f,2026-05-28T03:30:00Z,2026-05-28T05:30:00+0200,683.971,MW,DE,DE_LU,actual_solar_generation,Solar,2026-06-06T16:24:29Z
2026-06-06T16:23:19Z,2026-06-06T18:23:19+0200,8d87ff8c-7229-4840-a478-c91fa6b6d43f,2026-05-28T03:45:00Z,2026-05-28T05:45:00+0200,1530.095,MW,DE,DE_LU,actual_solar_generation,Solar,2026-06-06T16:24:29Z
2026-06-06T16:23:19Z,2026-06-06T18:23:19+0200,8d87ff8c-7229-4840-a478-c91fa6b6d43f,2026-05-28T04:00:00Z,2026-05-28T06:00:00+0200,2557.199,MW,DE,DE_LU,actual_solar_generation,Solar,2026-06-06T16:24:29Z
2026-06-06T16:23:19Z,2026-06-06T18:23:19+0200,8d87ff8c-7229-4840-a478-c91fa6b6d43f,2026-05-28T04:15:00Z,2026-05-28T06:15:00+0200,3825.177,MW,DE,DE_LU,actual_solar_generation,Solar,2026-06-06T16:24:29Z
2026-06-06T16:23:19Z,2026-06-06T18:23:19+0200,8d87ff8c-7229-4840-a478-c91fa6b6d43f,2026-05-28T04:30:00Z,2026-05-28T06:30:00+0200,5423.705,MW,DE,DE_LU,actual_solar_generation,Solar,2026-06-06T16:24:29Z
2026-06-06T16:23:19Z,2026-06-06T18:23:19+0200,8d87ff8c-7229-4840-a478-c91fa6b6d43f,2026-05-28T04:45:00Z,2026-05-28T06:45:00+0200,7381.08,MW,DE,DE_LU,actual_solar_generation,Solar,2026-06-06T16:24:29Z
2026-06-06T16:23:19Z,2026-06-06T18:23:19+0200,8d87ff8c-7229-4840-a478-c91fa6b6d43f,2026-05-28T05:00:00Z,2026-05-28T07:00:00+0200,9586.578,MW,DE,DE_LU,actual_solar_generation,Solar,2026-06-06T16:24:29Z
2026-06-06T16:23:19Z,2026-06-06T18:23:19+0200,8d87ff8c-7229-4840-a478-c91fa6b6d43f,2026-05-28T05:15:00Z,2026-05-28T07:15:00+0200,12072.222,MW,DE,DE_LU,actual_solar_generation,Solar,2026-06-06T16:24:29Z
2026-06-06T16:23:19Z,2026-06-06T18:23:19+0200,8d87ff8c-7229-4840-a478-c91fa6b6d43f,2026-05-28T05:30:00Z,2026-05-28T07:30:00+0200,14884.193,MW,DE,DE_LU,actual_solar_generation,Solar,2026-06-06T16:24:29Z
2026-06-06T16:23:19Z,2026-06-06T18:23:19+0200,8d87ff8c-7229-4840-a478-c91fa6b6d43f,2026-05-28T05:45:00Z,2026-05-28T07:45:00+0200,17999.474,MW,DE,DE_LU,actual_solar_generation,Solar,2026-06-06T16:24:29Z
2026-06-06T16:23:19Z,2026-06-06T18:23:19+0200,8d87ff8c-7229-4840-a478-c91fa6b6d43f,2026-05-28T06:00:00Z,2026-05-28T08:00:00+0200,21091.371,MW,DE,DE_LU,actual_solar_generation,Solar,2026-06-06T16:24:29Z
2026-06-06T16:23:19Z,2026-06-06T18:23:19+0200,8d87ff8c-7229-4840-a478-c91fa6b6d43f,2026-05-28T06:15:00Z,2026-05-28T08:15:00+0200,24398.294,MW,DE,DE_LU,actual_solar_generation,Solar,2026-06-06T16:24:29Z
2026-06-06T16:23:19Z,2026-06-06T18:23:19+0200,8d87ff8c-7229-4840-a478-c91fa6b6d43f,2026-05-28T06:30:00Z,2026-05-28T08:30:00+0200,27625.68,MW,DE,DE_LU,actual_solar_generation,Solar,2026-06-06T16:24:29Z
2026-06-06T16:23:19Z,2026-06-06T18:23:19+0200,8d87ff8c-7229-4840-a478-c91fa6b6d43f,2026-05-28T06:45:00Z,2026-05-28T08:45:00+0200,30961.187,MW,DE,DE_LU,actual_solar_generation,Solar,2026-06-06T16:24:29Z
2026-06-06T16:23:19Z,2026-06-06T18:23:19+0200,8d87ff8c-7229-4840-a478-c91fa6b6d43f,2026-05-28T07:00:00Z,2026-05-28T09:00:00+0200,34059.737,MW,DE,DE_LU,actual_solar_generation,Solar,2026-06-06T16:24:29Z
2026-06-06T16:23:19Z,2026-06-06T18:23:19+0200,8d87ff8c-7229-4840-a478-c91fa6b6d43f,2026-05-28T07:15:00Z,2026-05-28T09:15:00+0200,36835.339,MW,DE,DE_LU,actual_solar_generation,Solar,2026-06-06T16:24:29Z
2026-06-06T16:23:19Z,2026-06-06T18:23:19+0200,8d87ff8c-7229-4840-a478-c91fa6b6d43f,2026-05-28T07:30:00Z,2026-05-28T09:30:00+0200,39639.278,MW,DE,DE_LU,actual_solar_generation,Solar,2026-06-06T16:24:29Z
2026-06-06T16:23:19Z,2026-06-06T18:23:19+0200,8d87ff8c-7229-4840-a478-c91fa6b6d43f,2026-05-28T07:45:00Z,2026-05-28T09:45:00+0200,42081.285,MW,DE,DE_LU,actual_solar_generation,Solar,2026-06-06T16:24:29Z
2026-06-06T16:23:19Z,2026-06-06T18:23:19+0200,8d87ff8c-7229-4840-a478-c91fa6b6d43f,2026-05-28T08:00:00Z,2026-05-28T10:00:00+0200,44379.273,MW,DE,DE_LU,actual_solar_generation,Solar,2026-06-06T16:24:29Z
2026-06-06T16:23:19Z,2026-06-06T18:23:19+0200,8d87ff8c-7229-4840-a478-c91fa6b6d43f,2026-05-28T08:15:00Z,2026-05-28T10:15:00+0200,46584.389,MW,DE,DE_LU,actual_solar_generation,Solar,2026-06-06T16:24:29Z
2026-06-06T16:23:19Z,2026-06-06T18:23:19+0200,8d87ff8c-7229-4840-a478-c91fa6b6d43f,2026-05-28T08:30:00Z,2026-05-28T10:30:00+0200,48491.365,MW,DE,DE_LU,actual_solar_generation,Solar,2026-06-06T16:24:29Z
2026-06-06T16:23:19Z,2026-06-06T18:23:19+0200,8d87ff8c-7229-4840-a478-c91fa6b6d43f,2026-05-28T08:45:00Z,2026-05-28T10:45:00+0200,50370.747,MW,DE,DE_LU,actual_solar_generation,Solar,2026-06-06T16:24:29Z
2026-06-06T16:23:19Z,2026-06-06T18:23:19+0200,8d87ff8c-7229-4840-a478-c91fa6b6d43f,2026-05-28T09:00:00Z,2026-05-28T11:00:00+0200,52313.366,MW,DE,DE_LU,actual_solar_generation,Solar,2026-06-06T16:24:29Z
2026-06-06T16:23:19Z,2026-06-06T18:23:19+0200,8d87ff8c-7229-4840-a478-c91fa6b6d43f,2026-05-28T09:15:00Z,2026-05-28T11:15:00+0200,53634.007,MW,DE,DE_LU,actual_solar_generation,Solar,2026-06-06T16:24:29Z
2026-06-06T16:23:19Z,2026-06-06T18:23:19+0200,8d87ff8c-7229-4840-a478-c91fa6b6d43f,2026-05-28T09:30:00Z,2026-05-28T11:30:00+0200,54764.951,MW,DE,DE_LU,actual_solar_generation,Solar,2026-06-06T16:24:29Z
2026-06-06T16:23:19Z,2026-06-06T18:23:19+0200,8d87ff8c-7229-4840-a478-c91fa6b6d43f,2026-05-28T09:45:00Z,2026-05-28T11:45:00+0200,55494.638,MW,DE,DE_LU,actual_solar_generation,Solar,2026-06-06T16:24:29Z
2026-06-06T16:23:19Z,2026-06-06T18:23:19+0200,8d87ff8c-7229-4840-a478-c91fa6b6d43f,2026-05-28T10:00:00Z,2026-05-28T12:00:00+0200,56217.022,MW,DE,DE_LU,actual_solar_generation,Solar,2026-06-06T16:24:29Z
2026-06-06T16:23:19Z,2026-06-06T18:23:19+0200,8d87ff8c-7229-4840-a478-c91fa6b6d43f,2026-05-28T10:15:00Z,2026-05-28T12:15:00+0200,56536.86,MW,DE,DE_LU,actual_solar_generation,Solar,2026-06-06T16:24:29Z
2026-06-06T16:23:19Z,2026-06-06T18:23:19+0200,8d87ff8c-7229-4840-a478-c91fa6b6d43f,2026-05-28T10:30:00Z,2026-05-28T12:30:00+0200,56363.372,MW,DE,DE_LU,actual_solar_generation,Solar,2026-06-06T16:24:29Z
2026-06-06T16:23:19Z,2026-06-06T18:23:19+0200,8d87ff8c-7229-4840-a478-c91fa6b6d43f,2026-05-28T10:45:00Z,2026-05-28T12:45:00+0200,56330.384,MW,DE,DE_LU,actual_solar_generation,Solar,2026-06-06T16:24:29Z
2026-06-06T16:23:19Z,2026-06-06T18:23:19+0200,8d87ff8c-7229-4840-a478-c91fa6b6d43f,2026-05-28T11:00:00Z,2026-05-28T13:00:00+0200,56739.178,MW,DE,DE_LU,actual_solar_generation,Solar,2026-06-06T16:24:29Z
2026-06-06T16:23:19Z,2026-06-06T18:23:19+0200,8d87ff8c-7229-4840-a478-c91fa6b6d43f,2026-05-28T11:15:00Z,2026-05-28T13:15:00+0200,56019.61,MW,DE,DE_LU,actual_solar_generation,Solar,2026-06-06T16:24:29Z
2026-06-06T16:23:19Z,2026-06-06T18:23:19+0200,8d87ff8c-7229-4840-a478-c91fa6b6d43f,2026-05-28T11:30:00Z,2026-05-28T13:30:00+0200,55487.685,MW,DE,DE_LU,actual_solar_generation,Solar,2026-06-06T16:24:29Z
2026-06-06T16:23:19Z,2026-06-06T18:23:19+0200,8d87ff8c-7229-4840-a478-c91fa6b6d43f,2026-05-28T11:45:00Z,2026-05-28T13:45:00+0200,55302.657,MW,DE,DE_LU,actual_solar_generation,Solar,2026-06-06T16:24:29Z
2026-06-06T16:23:19Z,2026-06-06T18:23:19+0200,8d87ff8c-7229-4840-a478-c91fa6b6d43f,2026-05-28T12:00:00Z,2026-05-28T14:00:00+0200,55441.818,MW,DE,DE_LU,actual_solar_generation,Solar,2026-06-06T16:24:29Z
2026-06-06T16:23:19Z,2026-06-06T18:23:19+0200,8d87ff8c-7229-4840-a478-c91fa6b6d43f,2026-05-28T12:15:00Z,2026-05-28T14:15:00+0200,55770.126,MW,DE,DE_LU,actual_solar_generation,Solar,2026-06-06T16:24:29Z
2026-06-06T16:23:19Z,2026-06-06T18:23:19+0200,8d87ff8c-7229-4840-a478-c91fa6b6d43f,2026-05-28T12:30:00Z,2026-05-28T14:30:00+0200,55079.437,MW,DE,DE_LU,actual_solar_generation,Solar,2026-06-06T16:24:29Z
2026-06-06T16:23:19Z,2026-06-06T18:23:19+0200,8d87ff8c-7229-4840-a478-c91fa6b6d43f,2026-05-28T12:45:00Z,2026-05-28T14:45:00+0200,54073.315,MW,DE,DE_LU,actual_solar_generation,Solar,2026-06-06T16:24:29Z
2026-06-06T16:23:19Z,2026-06-06T18:23:19+0200,8d87ff8c-7229-4840-a478-c91fa6b6d43f,2026-05-28T13:00:00Z,2026-05-28T15:00:00+0200,52837.487,MW,DE,DE_LU,actual_solar_generation,Solar,2026-06-06T16:24:29Z
2026-06-06T16:23:19Z,2026-06-06T18:23:19+0200,8d87ff8c-7229-4840-a478-c91fa6b6d43f,2026-05-28T13:15:00Z,2026-05-28T15:15:00+0200,51569.824,MW,DE,DE_LU,actual_solar_generation,Solar,2026-06-06T16:24:29Z
2026-06-06T16:23:19Z,2026-06-06T18:23:19+0200,8d87ff8c-7229-4840-a478-c91fa6b6d43f,2026-05-28T13:30:00Z,2026-05-28T15:30:00+0200,49955.828,MW,DE,DE_LU,actual_solar_generation,Solar,2026-06-06T16:24:29Z
2026-06-06T16:23:19Z,2026-06-06T18:23:19+0200,8d87ff8c-7229-4840-a478-c91fa6b6d43f,2026-05-28T13:45:00Z,2026-05-28T15:45:00+0200,47713.757,MW,DE,DE_LU,actual_solar_generation,Solar,2026-06-06T16:24:29Z
2026-06-06T16:23:19Z,2026-06-06T18:23:19+0200,8d87ff8c-7229-4840-a478-c91fa6b6d43f,2026-05-28T14:00:00Z,2026-05-28T16:00:00+0200,46040.635,MW,DE,DE_LU,actual_solar_generation,Solar,2026-06-06T16:24:29Z
2026-06-06T16:23:19Z,2026-06-06T18:23:19+0200,8d87ff8c-7229-4840-a478-c91fa6b6d43f,2026-05-28T14:15:00Z,2026-05-28T16:15:00+0200,44070.568,MW,DE,DE_LU,actual_solar_generation,Solar,2026-06-06T16:24:29Z
2026-06-06T16:23:19Z,2026-06-06T18:23:19+0200,8d87ff8c-7229-4840-a478-c91fa6b6d43f,2026-05-28T14:30:00Z,2026-05-28T16:30:00+0200,41657.624,MW,DE,DE_LU,actual_solar_generation,Solar,2026-06-06T16:24:29Z
2026-06-06T16:23:19Z,2026-06-06T18:23:19+0200,8d87ff8c-7229-4840-a478-c91fa6b6d43f,2026-05-28T14:45:00Z,2026-05-28T16:45:00+0200,38920.98,MW,DE,DE_LU,actual_solar_generation,Solar,2026-06-06T16:24:29Z
2026-06-06T16:23:19Z,2026-06-06T18:23:19+0200,8d87ff8c-7229-4840-a478-c91fa6b6d43f,2026-05-28T15:00:00Z,2026-05-28T17:00:00+0200,36055.263,MW,DE,DE_LU,actual_solar_generation,Solar,2026-06-06T16:24:29Z
2026-06-06T16:23:19Z,2026-06-06T18:23:19+0200,8d87ff8c-7229-4840-a478-c91fa6b6d43f,2026-05-28T15:15:00Z,2026-05-28T17:15:00+0200,33242.433,MW,DE,DE_LU,actual_solar_generation,Solar,2026-06-06T16:24:29Z
2026-06-06T16:23:19Z,2026-06-06T18:23:19+0200,8d87ff8c-7229-4840-a478-c91fa6b6d43f,2026-05-28T15:30:00Z,2026-05-28T17:30:00+0200,30079.284,MW,DE,DE_LU,actual_solar_generation,Solar,2026-06-06T16:24:29Z
2026-06-06T16:23:19Z,2026-06-06T18:23:19+0200,8d87ff8c-7229-4840-a478-c91fa6b6d43f,2026-05-28T15:45:00Z,2026-05-28T17:45:00+0200,26841.127,MW,DE,DE_LU,actual_solar_generation,Solar,2026-06-06T16:24:29Z
2026-06-06T16:23:19Z,2026-06-06T18:23:19+0200,8d87ff8c-7229-4840-a478-c91fa6b6d43f,2026-05-28T16:00:00Z,2026-05-28T18:00:00+0200,23754.295,MW,DE,DE_LU,actual_solar_generation,Solar,2026-06-06T16:24:29Z
2026-06-06T16:23:19Z,2026-06-06T18:23:19+0200,8d87ff8c-7229-4840-a478-c91fa6b6d43f,2026-05-28T16:15:00Z,2026-05-28T18:15:00+0200,20756.453,MW,DE,DE_LU,actual_solar_generation,Solar,2026-06-06T16:24:29Z
2026-06-06T16:23:19Z,2026-06-06T18:23:19+0200,8d87ff8c-7229-4840-a478-c91fa6b6d43f,2026-05-28T16:30:00Z,2026-05-28T18:30:00+0200,17500.572,MW,DE,DE_LU,actual_solar_generation,Solar,2026-06-06T16:24:29Z
2026-06-06T16:23:19Z,2026-06-06T18:23:19+0200,8d87ff8c-7229-4840-a478-c91fa6b6d43f,2026-05-28T16:45:00Z,2026-05-28T18:45:00+0200,14369.569,MW,DE,DE_LU,actual_solar_generation,Solar,2026-06-06T16:24:29Z
2026-06-06T16:23:19Z,2026-06-06T18:23:19+0200,8d87ff8c-7229-4840-a478-c91fa6b6d43f,2026-05-28T17:00:00Z,2026-05-28T19:00:00+0200,11540.096,MW,DE,DE_LU,actual_solar_generation,Solar,2026-06-06T16:24:29Z
2026-06-06T16:23:19Z,2026-06-06T18:23:19+0200,8d87ff8c-7229-4840-a478-c91fa6b6d43f,2026-05-28T17:15:00Z,2026-05-28T19:15:00+0200,9074.423,MW,DE,DE_LU,actual_solar_generation,Solar,2026-06-06T16:24:29Z
2026-06-06T16:23:19Z,2026-06-06T18:23:19+0200,8d87ff8c-7229-4840-a478-c91fa6b6d43f,2026-05-28T17:30:00Z,2026-05-28T19:30:00+0200,6911.343,MW,DE,DE_LU,actual_solar_generation,Solar,2026-06-06T16:24:29Z
2026-06-06T16:23:19Z,2026-06-06T18:23:19+0200,8d87ff8c-7229-4840-a478-c91fa6b6d43f,2026-05-28T17:45:00Z,2026-05-28T19:45:00+0200,5075.087,MW,DE,DE_LU,actual_solar_generation,Solar,2026-06-06T16:24:29Z
2026-06-06T16:23:19Z,2026-06-06T18:23:19+0200,8d87ff8c-7229-4840-a478-c91fa6b6d43f,2026-05-28T18:00:00Z,2026-05-28T20:00:00+0200,3573.787,MW,DE,DE_LU,actual_solar_generation,Solar,2026-06-06T16:24:29Z
2026-06-06T16:23:19Z,2026-06-06T18:23:19+0200,8d87ff8c-7229-4840-a478-c91fa6b6d43f,2026-05-28T18:15:00Z,2026-05-28T20:15:00+0200,2393.781,MW,DE,DE_LU,actual_solar_generation,Solar,2026-06-06T16:24:29Z
2026-06-06T16:23:19Z,2026-06-06T18:23:19+0200,8d87ff8c-7229-4840-a478-c91fa6b6d43f,2026-05-28T18:30:00Z,2026-05-28T20:30:00+0200,1418.263,MW,DE,DE_LU,actual_solar_generation,Solar,2026-06-06T16:24:29Z
2026-06-06T16:23:19Z,2026-06-06T18:23:19+0200,8d87ff8c-7229-4840-a478-c91fa6b6d43f,2026-05-28T18:45:00Z,2026-05-28T20:45:00+0200,679.198,MW,DE,DE_LU,actual_solar_generation,Solar,2026-06-06T16:24:29Z
2026-06-06T16:23:19Z,2026-06-06T18:23:19+0200,8d87ff8c-7229-4840-a478-c91fa6b6d43f,2026-05-28T19:00:00Z,2026-05-28T21:00:00+0200,264.462,MW,DE,DE_LU,actual_solar_generation,Solar,2026-06-06T16:24:29Z
2026-06-06T16:23:19Z,2026-06-06T18:23:19+0200,8d87ff8c-7229-4840-a478-c91fa6b6d43f,2026-05-28T19:15:00Z,2026-05-28T21:15:00+0200,70.817,MW,DE,DE_LU,actual_solar_generation,Solar,2026-06-06T16:24:29Z
2026-06-06T16:23:19Z,2026-06-06T18:23:19+0200,8d87ff8c-7229-4840-a478-c91fa6b6d43f,2026-05-28T19:30:00Z,2026-05-28T21:30:00+0200,9.764,MW,DE,DE_LU,actual_solar_generation,Solar,2026-06-06T16:24:29Z
2026-06-06T16:23:19Z,2026-06-06T18:23:19+0200,8d87ff8c-7229-4840-a478-c91fa6b6d43f,2026-05-28T19:45:00Z,2026-05-28T21:45:00+0200,2.217,MW,DE,DE_LU,actual_solar_generation,Solar,2026-06-06T16:24:29Z
2026-06-06T16:23:19Z,2026-06-06T18:23:19+0200,8d87ff8c-7229-4840-a478-c91fa6b6d43f,2026-05-28T20:00:00Z,2026-05-28T22:00:00+0200,0.381,MW,DE,DE_LU,actual_solar_generation,Solar,2026-06-06T16:24:29Z
2026-06-06T16:23:19Z,2026-06-06T18:23:19+0200,8d87ff8c-7229-4840-a478-c91fa6b6d43f,2026-05-28T20:15:00Z,2026-05-28T22:15:00+0200,0.192,MW,DE,DE_LU,actual_solar_generation,Solar,2026-06-06T16:24:29Z
2026-06-06T16:23:19Z,2026-06-06T18:23:19+0200,8d87ff8c-7229-4840-a478-c91fa6b6d43f,2026-05-28T20:30:00Z,2026-05-28T22:30:00+0200,0.175,MW,DE,DE_LU,actual_solar_generation,Solar,2026-06-06T16:24:29Z
2026-06-06T16:23:19Z,2026-06-06T18:23:19+0200,8d87ff8c-7229-4840-a478-c91fa6b6d43f,2026-05-28T20:45:00Z,2026-05-28T22:45:00+0200,0.166,MW,DE,DE_LU,actual_solar_generation,Solar,2026-06-06T16:24:29Z
2026-06-06T16:23:19Z,2026-06-06T18:23:19+0200,8d87ff8c-7229-4840-a478-c91fa6b6d43f,2026-05-28T21:00:00Z,2026-05-28T23:00:00+0200,0.163,MW,DE,DE_LU,actual_solar_generation,Solar,2026-06-06T16:24:29Z
2026-06-06T16:23:19Z,2026-06-06T18:23:19+0200,8d87ff8c-7229-4840-a478-c91fa6b6d43f,2026-05-28T21:15:00Z,2026-05-28T23:15:00+0200,0.158,MW,DE,DE_LU,actual_solar_generation,Solar,2026-06-06T16:24:29Z
2026-06-06T16:23:19Z,2026-06-06T18:23:19+0200,8d87ff8c-7229-4840-a478-c91fa6b6d43f,2026-05-28T21:30:00Z,2026-05-28T23:30:00+0200,0.156,MW,DE,DE_LU,actual_solar_generation,Solar,2026-06-06T16:24:29Z
2026-06-06T16:23:19Z,2026-06-06T18:23:19+0200,8d87ff8c-7229-4840-a478-c91fa6b6d43f,2026-05-28T21:45:00Z,2026-05-28T23:45:00+0200,0.147,MW,DE,DE_LU,actual_solar_generation,Solar,2026-06-06T16:24:29Z
2026-06-06T16:23:19Z,2026-06-06T18:23:19+0200,8d87ff8c-7229-4840-a478-c91fa6b6d43f,2026-05-28T22:00:00Z,2026-05-29T00:00:00+0200,0.121,MW,DE,DE_LU,actual_solar_generation,Solar,2026-06-06T16:24:29Z
2026-06-06T16:23:19Z,2026-06-06T18:23:19+0200,8d87ff8c-7229-4840-a478-c91fa6b6d43f,2026-05-28T22:15:00Z,2026-05-29T00:15:00+0200,0.119,MW,DE,DE_LU,actual_solar_generation,Solar,2026-06-06T16:24:29Z
2026-06-06T16:23:19Z,2026-06-06T18:23:19+0200,8d87ff8c-7229-4840-a478-c91fa6b6d43f,2026-05-28T22:30:00Z,2026-05-29T00:30:00+0200,0.109,MW,DE,DE_LU,actual_solar_generation,Solar,2026-06-06T16:24:29Z
2026-06-06T16:23:19Z,2026-06-06T18:23:19+0200,8d87ff8c-7229-4840-a478-c91fa6b6d43f,2026-05-28T22:45:00Z,2026-05-29T00:45:00+0200,0.104,MW,DE,DE_LU,actual_solar_generation,Solar,2026-06-06T16:24:29Z
2026-06-06T16:23:19Z,2026-06-06T18:23:19+0200,8d87ff8c-7229-4840-a478-c91fa6b6d43f,2026-05-28T23:00:00Z,2026-05-29T01:00:00+0200,0.109,MW,DE,DE_LU,actual_solar_generation,Solar,2026-06-06T16:24:29Z
2026-06-06T16:23:19Z,2026-06-06T18:23:19+0200,8d87ff8c-7229-4840-a478-c91fa6b6d43f,2026-05-28T23:15:00Z,2026-05-29T01:15:00+0200,0.098,MW,DE,DE_LU,actual_solar_generation,Solar,2026-06-06T16:24:29Z
2026-06-06T16:23:19Z,2026-06-06T18:23:19+0200,8d87ff8c-7229-4840-a478-c91fa6b6d43f,2026-05-28T23:30:00Z,2026-05-29T01:30:00+0200,0.091,MW,DE,DE_LU,actual_solar_generation,Solar,2026-06-06T16:24:29Z
2026-06-06T16:23:19Z,2026-06-06T18:23:19+0200,8d87ff8c-7229-4840-a478-c91fa6b6d43f,2026-05-28T23:45:00Z,2026-05-29T01:45:00+0200,0.094,MW,DE,DE_LU,actual_solar_generation,Solar,2026-06-06T16:24:29Z
2026-06-06T16:23:19Z,2026-06-06T18:23:19+0200,8d87ff8c-7229-4840-a478-c91fa6b6d43f,2026-05-29T00:00:00Z,2026-05-29T02:00:00+0200,0.094,MW,DE,DE_LU,actual_solar_generation,Solar,2026-06-06T16:24:29Z
2026-06-06T16:23:19Z,2026-06-06T18:23:19+0200,8d87ff8c-7229-4840-a478-c91fa6b6d43f,2026-05-29T00:15:00Z,2026-05-29T02:15:00+0200,0.098,MW,DE,DE_LU,actual_solar_generation,Solar,2026-06-06T16:24:29Z
2026-06-06T16:23:19Z,2026-06-06T18:23:19+0200,8d87ff8c-7229-4840-a478-c91fa6b6d43f,2026-05-29T00:30:00Z,2026-05-29T02:30:00+0200,0.111,MW,DE,DE_LU,actual_solar_generation,Solar,2026-06-06T16:24:29Z
2026-06-06T16:23:19Z,2026-06-06T18:23:19+0200,8d87ff8c-7229-4840-a478-c91fa6b6d43f,2026-05-29T00:45:00Z,2026-05-29T02:45:00+0200,0.101,MW,DE,DE_LU,actual_solar_generation,Solar,2026-06-06T16:24:29Z
2026-06-06T16:23:19Z,2026-06-06T18:23:19+0200,8d87ff8c-7229-4840-a478-c91fa6b6d43f,2026-05-29T01:00:00Z,2026-05-29T03:00:00+0200,0.076,MW,DE,DE_LU,actual_solar_generation,Solar,2026-06-06T16:24:29Z
2026-06-06T16:23:19Z,2026-06-06T18:23:19+0200,8d87ff8c-7229-4840-a478-c91fa6b6d43f,2026-05-29T01:15:00Z,2026-05-29T03:15:00+0200,0.078,MW,DE,DE_LU,actual_solar_generation,Solar,2026-06-06T16:24:29Z
2026-06-06T16:23:19Z,2026-06-06T18:23:19+0200,8d87ff8c-7229-4840-a478-c91fa6b6d43f,2026-05-29T01:30:00Z,2026-05-29T03:30:00+0200,0.082,MW,DE,DE_LU,actual_solar_generation,Solar,2026-06-06T16:24:29Z
2026-06-06T16:23:19Z,2026-06-06T18:23:19+0200,8d87ff8c-7229-4840-a478-c91fa6b6d43f,2026-05-29T01:45:00Z,2026-05-29T03:45:00+0200,0.081,MW,DE,DE_LU,actual_solar_generation,Solar,2026-06-06T16:24:29Z
2026-06-06T16:23:19Z,2026-06-06T18:23:19+0200,8d87ff8c-7229-4840-a478-c91fa6b6d43f,2026-05-29T02:00:00Z,2026-05-29T04:00:00+0200,0.079,MW,DE,DE_LU,actual_solar_generation,Solar,2026-06-06T16:24:29Z
2026-06-06T16:23:19Z,2026-06-06T18:23:19+0200,8d87ff8c-7229-4840-a478-c91fa6b6d43f,2026-05-29T02:15:00Z,2026-05-29T04:15:00+0200,0.076,MW,DE,DE_LU,actual_solar_generation,Solar,2026-06-06T16:24:29Z
2026-06-06T16:23:19Z,2026-06-06T18:23:19+0200,8d87ff8c-7229-4840-a478-c91fa6b6d43f,2026-05-29T02:30:00Z,2026-05-29T04:30:00+0200,0.636,MW,DE,DE_LU,actual_solar_generation,Solar,2026-06-06T16:24:29Z
2026-06-06T16:23:19Z,2026-06-06T18:23:19+0200,8d87ff8c-7229-4840-a478-c91fa6b6d43f,2026-05-29T02:45:00Z,2026-05-29T04:45:00+0200,6.565,MW,DE,DE_LU,actual_solar_generation,Solar,2026-06-06T16:24:29Z
2026-06-06T16:23:19Z,2026-06-06T18:23:19+0200,8d87ff8c-7229-4840-a478-c91fa6b6d43f,2026-05-29T03:00:00Z,2026-05-29T05:00:00+0200,51.431,MW,DE,DE_LU,actual_solar_generation,Solar,2026-06-06T16:24:29Z
2026-06-06T16:23:19Z,2026-06-06T18:23:19+0200,8d87ff8c-7229-4840-a478-c91fa6b6d43f,2026-05-29T03:15:00Z,2026-05-29T05:15:00+0200,226.001,MW,DE,DE_LU,actual_solar_generation,Solar,2026-06-06T16:24:29Z
2026-06-06T16:23:19Z,2026-06-06T18:23:19+0200,8d87ff8c-7229-4840-a478-c91fa6b6d43f,2026-05-29T03:30:00Z,2026-05-29T05:30:00+0200,717.909,MW,DE,DE_LU,actual_solar_generation,Solar,2026-06-06T16:24:29Z
2026-06-06T16:23:19Z,2026-06-06T18:23:19+0200,8d87ff8c-7229-4840-a478-c91fa6b6d43f,2026-05-29T03:45:00Z,2026-05-29T05:45:00+0200,1587.119,MW,DE,DE_LU,actual_solar_generation,Solar,2026-06-06T16:24:29Z
2026-06-06T16:23:19Z,2026-06-06T18:23:19+0200,8d87ff8c-7229-4840-a478-c91fa6b6d43f,2026-05-29T04:00:00Z,2026-05-29T06:00:00+0200,2612.884,MW,DE,DE_LU,actual_solar_generation,Solar,2026-06-06T16:24:29Z
2026-06-06T16:23:19Z,2026-06-06T18:23:19+0200,8d87ff8c-7229-4840-a478-c91fa6b6d43f,2026-05-29T04:15:00Z,2026-05-29T06:15:00+0200,3890.668,MW,DE,DE_LU,actual_solar_generation,Solar,2026-06-06T16:24:29Z
2026-06-06T16:23:19Z,2026-06-06T18:23:19+0200,8d87ff8c-7229-4840-a478-c91fa6b6d43f,2026-05-29T04:30:00Z,2026-05-29T06:30:00+0200,5508.507,MW,DE,DE_LU,actual_solar_generation,Solar,2026-06-06T16:24:29Z
2026-06-06T16:23:19Z,2026-06-06T18:23:19+0200,8d87ff8c-7229-4840-a478-c91fa6b6d43f,2026-05-29T04:45:00Z,2026-05-29T06:45:00+0200,7415.625,MW,DE,DE_LU,actual_solar_generation,Solar,2026-06-06T16:24:29Z
2026-06-06T16:23:19Z,2026-06-06T18:23:19+0200,8d87ff8c-7229-4840-a478-c91fa6b6d43f,2026-05-29T05:00:00Z,2026-05-29T07:00:00+0200,9639.254,MW,DE,DE_LU,actual_solar_generation,Solar,2026-06-06T16:24:29Z
2026-06-06T16:23:19Z,2026-06-06T18:23:19+0200,8d87ff8c-7229-4840-a478-c91fa6b6d43f,2026-05-29T05:15:00Z,2026-05-29T07:15:00+0200,12108.798,MW,DE,DE_LU,actual_solar_generation,Solar,2026-06-06T16:24:29Z
2026-06-06T16:23:19Z,2026-06-06T18:23:19+0200,8d87ff8c-7229-4840-a478-c91fa6b6d43f,2026-05-29T05:30:00Z,2026-05-29T07:30:00+0200,14846.455,MW,DE,DE_LU,actual_solar_generation,Solar,2026-06-06T16:24:29Z
2026-06-06T16:23:19Z,2026-06-06T18:23:19+0200,8d87ff8c-7229-4840-a478-c91fa6b6d43f,2026-05-29T05:45:00Z,2026-05-29T07:45:00+0200,17903.93,MW,DE,DE_LU,actual_solar_generation,Solar,2026-06-06T16:24:29Z
2026-06-06T16:23:19Z,2026-06-06T18:23:19+0200,8d87ff8c-7229-4840-a478-c91fa6b6d43f,2026-05-29T06:00:00Z,2026-05-29T08:00:00+0200,21086.428,MW,DE,DE_LU,actual_solar_generation,Solar,2026-06-06T16:24:29Z
2026-06-06T16:23:19Z,2026-06-06T18:23:19+0200,8d87ff8c-7229-4840-a478-c91fa6b6d43f,2026-05-29T06:15:00Z,2026-05-29T08:15:00+0200,24207.632,MW,DE,DE_LU,actual_solar_generation,Solar,2026-06-06T16:24:29Z
2026-06-06T16:23:19Z,2026-06-06T18:23:19+0200,8d87ff8c-7229-4840-a478-c91fa6b6d43f,2026-05-29T06:30:00Z,2026-05-29T08:30:00+0200,27284.472,MW,DE,DE_LU,actual_solar_generation,Solar,2026-06-06T16:24:29Z
2026-06-06T16:23:19Z,2026-06-06T18:23:19+0200,8d87ff8c-7229-4840-a478-c91fa6b6d43f,2026-05-29T06:45:00Z,2026-05-29T08:45:00+0200,30234.165,MW,DE,DE_LU,actual_solar_generation,Solar,2026-06-06T16:24:29Z
2026-06-06T16:23:19Z,2026-06-06T18:23:19+0200,8d87ff8c-7229-4840-a478-c91fa6b6d43f,2026-05-29T07:00:00Z,2026-05-29T09:00:00+0200,32481.388,MW,DE,DE_LU,actual_solar_generation,Solar,2026-06-06T16:24:29Z
2026-06-06T16:23:19Z,2026-06-06T18:23:19+0200,8d87ff8c-7229-4840-a478-c91fa6b6d43f,2026-05-29T07:15:00Z,2026-05-29T09:15:00+0200,34930.571,MW,DE,DE_LU,actual_solar_generation,Solar,2026-06-06T16:24:29Z
2026-06-06T16:23:19Z,2026-06-06T18:23:19+0200,8d87ff8c-7229-4840-a478-c91fa6b6d43f,2026-05-29T07:30:00Z,2026-05-29T09:30:00+0200,37507.035,MW,DE,DE_LU,actual_solar_generation,Solar,2026-06-06T16:24:29Z
2026-06-06T16:23:19Z,2026-06-06T18:23:19+0200,8d87ff8c-7229-4840-a478-c91fa6b6d43f,2026-05-29T07:45:00Z,2026-05-29T09:45:00+0200,40067.401,MW,DE,DE_LU,actual_solar_generation,Solar,2026-06-06T16:24:29Z
2026-06-06T16:23:19Z,2026-06-06T18:23:19+0200,8d87ff8c-7229-4840-a478-c91fa6b6d43f,2026-05-29T08:00:00Z,2026-05-29T10:00:00+0200,42095.72,MW,DE,DE_LU,actual_solar_generation,Solar,2026-06-06T16:24:29Z
2026-06-06T16:23:19Z,2026-06-06T18:23:19+0200,8d87ff8c-7229-4840-a478-c91fa6b6d43f,2026-05-29T08:15:00Z,2026-05-29T10:15:00+0200,44095.145,MW,DE,DE_LU,actual_solar_generation,Solar,2026-06-06T16:24:29Z
2026-06-06T16:23:19Z,2026-06-06T18:23:19+0200,8d87ff8c-7229-4840-a478-c91fa6b6d43f,2026-05-29T08:30:00Z,2026-05-29T10:30:00+0200,46041.854,MW,DE,DE_LU,actual_solar_generation,Solar,2026-06-06T16:24:29Z
2026-06-06T16:23:19Z,2026-06-06T18:23:19+0200,8d87ff8c-7229-4840-a478-c91fa6b6d43f,2026-05-29T08:45:00Z,2026-05-29T10:45:00+0200,47533.194,MW,DE,DE_LU,actual_solar_generation,Solar,2026-06-06T16:24:29Z
2026-06-06T16:23:19Z,2026-06-06T18:23:19+0200,8d87ff8c-7229-4840-a478-c91fa6b6d43f,2026-05-29T09:00:00Z,2026-05-29T11:00:00+0200,49133.267,MW,DE,DE_LU,actual_solar_generation,Solar,2026-06-06T16:24:29Z
2026-06-06T16:23:19Z,2026-06-06T18:23:19+0200,8d87ff8c-7229-4840-a478-c91fa6b6d43f,2026-05-29T09:15:00Z,2026-05-29T11:15:00+0200,50355.313,MW,DE,DE_LU,actual_solar_generation,Solar,2026-06-06T16:24:29Z
2026-06-06T16:23:19Z,2026-06-06T18:23:19+0200,8d87ff8c-7229-4840-a478-c91fa6b6d43f,2026-05-29T09:30:00Z,2026-05-29T11:30:00+0200,51028.816,MW,DE,DE_LU,actual_solar_generation,Solar,2026-06-06T16:24:29Z
2026-06-06T16:23:19Z,2026-06-06T18:23:19+0200,8d87ff8c-7229-4840-a478-c91fa6b6d43f,2026-05-29T09:45:00Z,2026-05-29T11:45:00+0200,51726.631,MW,DE,DE_LU,actual_solar_generation,Solar,2026-06-06T16:24:29Z
2026-06-06T16:23:19Z,2026-06-06T18:23:19+0200,8d87ff8c-7229-4840-a478-c91fa6b6d43f,2026-05-29T10:00:00Z,2026-05-29T12:00:00+0200,52110.622,MW,DE,DE_LU,actual_solar_generation,Solar,2026-06-06T16:24:29Z
2026-06-06T16:23:19Z,2026-06-06T18:23:19+0200,8d87ff8c-7229-4840-a478-c91fa6b6d43f,2026-05-29T10:15:00Z,2026-05-29T12:15:00+0200,52605.635,MW,DE,DE_LU,actual_solar_generation,Solar,2026-06-06T16:24:29Z
2026-06-06T16:23:19Z,2026-06-06T18:23:19+0200,8d87ff8c-7229-4840-a478-c91fa6b6d43f,2026-05-29T10:30:00Z,2026-05-29T12:30:00+0200,53179.486,MW,DE,DE_LU,actual_solar_generation,Solar,2026-06-06T16:24:29Z
2026-06-06T16:23:19Z,2026-06-06T18:23:19+0200,8d87ff8c-7229-4840-a478-c91fa6b6d43f,2026-05-29T10:45:00Z,2026-05-29T12:45:00+0200,53264.217,MW,DE,DE_LU,actual_solar_generation,Solar,2026-06-06T16:24:29Z
2026-06-06T16:23:19Z,2026-06-06T18:23:19+0200,8d87ff8c-7229-4840-a478-c91fa6b6d43f,2026-05-29T11:00:00Z,2026-05-29T13:00:00+0200,53421.923,MW,DE,DE_LU,actual_solar_generation,Solar,2026-06-06T16:24:29Z
2026-06-06T16:23:19Z,2026-06-06T18:23:19+0200,8d87ff8c-7229-4840-a478-c91fa6b6d43f,2026-05-29T11:15:00Z,2026-05-29T13:15:00+0200,53434.034,MW,DE,DE_LU,actual_solar_generation,Solar,2026-06-06T16:24:29Z
2026-06-06T16:23:19Z,2026-06-06T18:23:19+0200,8d87ff8c-7229-4840-a478-c91fa6b6d43f,2026-05-29T11:30:00Z,2026-05-29T13:30:00+0200,53085.602,MW,DE,DE_LU,actual_solar_generation,Solar,2026-06-06T16:24:29Z
2026-06-06T16:23:19Z,2026-06-06T18:23:19+0200,8d87ff8c-7229-4840-a478-c91fa6b6d43f,2026-05-29T11:45:00Z,2026-05-29T13:45:00+0200,53362.777,MW,DE,DE_LU,actual_solar_generation,Solar,2026-06-06T16:24:29Z
2026-06-06T16:23:19Z,2026-06-06T18:23:19+0200,8d87ff8c-7229-4840-a478-c91fa6b6d43f,2026-05-29T12:00:00Z,2026-05-29T14:00:00+0200,52602.835,MW,DE,DE_LU,actual_solar_generation,Solar,2026-06-06T16:24:29Z
2026-06-06T16:23:19Z,2026-06-06T18:23:19+0200,8d87ff8c-7229-4840-a478-c91fa6b6d43f,2026-05-29T12:15:00Z,2026-05-29T14:15:00+0200,51726.593,MW,DE,DE_LU,actual_solar_generation,Solar,2026-06-06T16:24:29Z
2026-06-06T16:23:19Z,2026-06-06T18:23:19+0200,8d87ff8c-7229-4840-a478-c91fa6b6d43f,2026-05-29T12:30:00Z,2026-05-29T14:30:00+0200,51179.989,MW,DE,DE_LU,actual_solar_generation,Solar,2026-06-06T16:24:29Z
2026-06-06T16:23:19Z,2026-06-06T18:23:19+0200,8d87ff8c-7229-4840-a478-c91fa6b6d43f,2026-05-29T12:45:00Z,2026-05-29T14:45:00+0200,50131.538,MW,DE,DE_LU,actual_solar_generation,Solar,2026-06-06T16:24:29Z
2026-06-06T16:23:19Z,2026-06-06T18:23:19+0200,8d87ff8c-7229-4840-a478-c91fa6b6d43f,2026-05-29T13:00:00Z,2026-05-29T15:00:00+0200,49100.239,MW,DE,DE_LU,actual_solar_generation,Solar,2026-06-06T16:24:29Z
2026-06-06T16:23:19Z,2026-06-06T18:23:19+0200,8d87ff8c-7229-4840-a478-c91fa6b6d43f,2026-05-29T13:15:00Z,2026-05-29T15:15:00+0200,47743.863,MW,DE,DE_LU,actual_solar_generation,Solar,2026-06-06T16:24:29Z
2026-06-06T16:23:19Z,2026-06-06T18:23:19+0200,8d87ff8c-7229-4840-a478-c91fa6b6d43f,2026-05-29T13:30:00Z,2026-05-29T15:30:00+0200,45691.092,MW,DE,DE_LU,actual_solar_generation,Solar,2026-06-06T16:24:29Z
2026-06-06T16:23:19Z,2026-06-06T18:23:19+0200,8d87ff8c-7229-4840-a478-c91fa6b6d43f,2026-05-29T13:45:00Z,2026-05-29T15:45:00+0200,44123.774,MW,DE,DE_LU,actual_solar_generation,Solar,2026-06-06T16:24:29Z
2026-06-06T16:23:19Z,2026-06-06T18:23:19+0200,8d87ff8c-7229-4840-a478-c91fa6b6d43f,2026-05-29T14:00:00Z,2026-05-29T16:00:00+0200,42047.754,MW,DE,DE_LU,actual_solar_generation,Solar,2026-06-06T16:24:29Z
2026-06-06T16:23:19Z,2026-06-06T18:23:19+0200,8d87ff8c-7229-4840-a478-c91fa6b6d43f,2026-05-29T14:15:00Z,2026-05-29T16:15:00+0200,39773.257,MW,DE,DE_LU,actual_solar_generation,Solar,2026-06-06T16:24:29Z
2026-06-06T16:23:19Z,2026-06-06T18:23:19+0200,8d87ff8c-7229-4840-a478-c91fa6b6d43f,2026-05-29T14:30:00Z,2026-05-29T16:30:00+0200,37172.263,MW,DE,DE_LU,actual_solar_generation,Solar,2026-06-06T16:24:29Z
2026-06-06T16:23:19Z,2026-06-06T18:23:19+0200,8d87ff8c-7229-4840-a478-c91fa6b6d43f,2026-05-29T14:45:00Z,2026-05-29T16:45:00+0200,33909.527,MW,DE,DE_LU,actual_solar_generation,Solar,2026-06-06T16:24:29Z
2026-06-06T16:23:19Z,2026-06-06T18:23:19+0200,8d87ff8c-7229-4840-a478-c91fa6b6d43f,2026-05-29T15:00:00Z,2026-05-29T17:00:00+0200,31058.454,MW,DE,DE_LU,actual_solar_generation,Solar,2026-06-06T16:24:29Z
2026-06-06T16:23:19Z,2026-06-06T18:23:19+0200,8d87ff8c-7229-4840-a478-c91fa6b6d43f,2026-05-29T15:15:00Z,2026-05-29T17:15:00+0200,27876.122,MW,DE,DE_LU,actual_solar_generation,Solar,2026-06-06T16:24:29Z
2026-06-06T16:23:19Z,2026-06-06T18:23:19+0200,8d87ff8c-7229-4840-a478-c91fa6b6d43f,2026-05-29T15:30:00Z,2026-05-29T17:30:00+0200,24790.948,MW,DE,DE_LU,actual_solar_generation,Solar,2026-06-06T16:24:29Z
2026-06-06T16:23:19Z,2026-06-06T18:23:19+0200,8d87ff8c-7229-4840-a478-c91fa6b6d43f,2026-05-29T15:45:00Z,2026-05-29T17:45:00+0200,21566.609,MW,DE,DE_LU,actual_solar_generation,Solar,2026-06-06T16:24:29Z
2026-06-06T16:23:19Z,2026-06-06T18:23:19+0200,8d87ff8c-7229-4840-a478-c91fa6b6d43f,2026-05-29T16:00:00Z,2026-05-29T18:00:00+0200,18721.708,MW,DE,DE_LU,actual_solar_generation,Solar,2026-06-06T16:24:29Z
2026-06-06T16:23:19Z,2026-06-06T18:23:19+0200,8d87ff8c-7229-4840-a478-c91fa6b6d43f,2026-05-29T16:15:00Z,2026-05-29T18:15:00+0200,16104.538,MW,DE,DE_LU,actual_solar_generation,Solar,2026-06-06T16:24:29Z
2026-06-06T16:23:19Z,2026-06-06T18:23:19+0200,8d87ff8c-7229-4840-a478-c91fa6b6d43f,2026-05-29T16:30:00Z,2026-05-29T18:30:00+0200,13266.266,MW,DE,DE_LU,actual_solar_generation,Solar,2026-06-06T16:24:29Z
2026-06-06T16:23:19Z,2026-06-06T18:23:19+0200,8d87ff8c-7229-4840-a478-c91fa6b6d43f,2026-05-29T16:45:00Z,2026-05-29T18:45:00+0200,10772.746,MW,DE,DE_LU,actual_solar_generation,Solar,2026-06-06T16:24:29Z
2026-06-06T16:23:19Z,2026-06-06T18:23:19+0200,8d87ff8c-7229-4840-a478-c91fa6b6d43f,2026-05-29T17:00:00Z,2026-05-29T19:00:00+0200,8535.179,MW,DE,DE_LU,actual_solar_generation,Solar,2026-06-06T16:24:29Z
2026-06-06T16:23:19Z,2026-06-06T18:23:19+0200,8d87ff8c-7229-4840-a478-c91fa6b6d43f,2026-05-29T17:15:00Z,2026-05-29T19:15:00+0200,6656.618,MW,DE,DE_LU,actual_solar_generation,Solar,2026-06-06T16:24:29Z
2026-06-06T16:23:19Z,2026-06-06T18:23:19+0200,8d87ff8c-7229-4840-a478-c91fa6b6d43f,2026-05-29T17:30:00Z,2026-05-29T19:30:00+0200,4970.972,MW,DE,DE_LU,actual_solar_generation,Solar,2026-06-06T16:24:29Z
2026-06-06T16:23:19Z,2026-06-06T18:23:19+0200,8d87ff8c-7229-4840-a478-c91fa6b6d43f,2026-05-29T17:45:00Z,2026-05-29T19:45:00+0200,3579.608,MW,DE,DE_LU,actual_solar_generation,Solar,2026-06-06T16:24:29Z
2026-06-06T16:23:19Z,2026-06-06T18:23:19+0200,8d87ff8c-7229-4840-a478-c91fa6b6d43f,2026-05-29T18:00:00Z,2026-05-29T20:00:00+0200,2384.238,MW,DE,DE_LU,actual_solar_generation,Solar,2026-06-06T16:24:29Z
2026-06-06T16:23:19Z,2026-06-06T18:23:19+0200,8d87ff8c-7229-4840-a478-c91fa6b6d43f,2026-05-29T18:15:00Z,2026-05-29T20:15:00+0200,1458.6,MW,DE,DE_LU,actual_solar_generation,Solar,2026-06-06T16:24:29Z
2026-06-06T16:23:19Z,2026-06-06T18:23:19+0200,8d87ff8c-7229-4840-a478-c91fa6b6d43f,2026-05-29T18:30:00Z,2026-05-29T20:30:00+0200,776.609,MW,DE,DE_LU,actual_solar_generation,Solar,2026-06-06T16:24:29Z
2026-06-06T16:23:19Z,2026-06-06T18:23:19+0200,8d87ff8c-7229-4840-a478-c91fa6b6d43f,2026-05-29T18:45:00Z,2026-05-29T20:45:00+0200,356.647,MW,DE,DE_LU,actual_solar_generation,Solar,2026-06-06T16:24:29Z
2026-06-06T16:23:19Z,2026-06-06T18:23:19+0200,8d87ff8c-7229-4840-a478-c91fa6b6d43f,2026-05-29T19:00:00Z,2026-05-29T21:00:00+0200,141.418,MW,DE,DE_LU,actual_solar_generation,Solar,2026-06-06T16:24:29Z
2026-06-06T16:23:19Z,2026-06-06T18:23:19+0200,8d87ff8c-7229-4840-a478-c91fa6b6d43f,2026-05-29T19:15:00Z,2026-05-29T21:15:00+0200,46.754,MW,DE,DE_LU,actual_solar_generation,Solar,2026-06-06T16:24:29Z
2026-06-06T16:23:19Z,2026-06-06T18:23:19+0200,8d87ff8c-7229-4840-a478-c91fa6b6d43f,2026-05-29T19:30:00Z,2026-05-29T21:30:00+0200,13.701,MW,DE,DE_LU,actual_solar_generation,Solar,2026-06-06T16:24:29Z
2026-06-06T16:23:19Z,2026-06-06T18:23:19+0200,8d87ff8c-7229-4840-a478-c91fa6b6d43f,2026-05-29T19:45:00Z,2026-05-29T21:45:00+0200,7.84,MW,DE,DE_LU,actual_solar_generation,Solar,2026-06-06T16:24:29Z
2026-06-06T16:23:19Z,2026-06-06T18:23:19+0200,8d87ff8c-7229-4840-a478-c91fa6b6d43f,2026-05-29T20:00:00Z,2026-05-29T22:00:00+0200,0.3,MW,DE,DE_LU,actual_solar_generation,Solar,2026-06-06T16:24:29Z
2026-06-06T16:23:19Z,2026-06-06T18:23:19+0200,8d87ff8c-7229-4840-a478-c91fa6b6d43f,2026-05-29T20:15:00Z,2026-05-29T22:15:00+0200,0.208,MW,DE,DE_LU,actual_solar_generation,Solar,2026-06-06T16:24:29Z
2026-06-06T16:23:19Z,2026-06-06T18:23:19+0200,8d87ff8c-7229-4840-a478-c91fa6b6d43f,2026-05-29T20:30:00Z,2026-05-29T22:30:00+0200,0.196,MW,DE,DE_LU,actual_solar_generation,Solar,2026-06-06T16:24:29Z
2026-06-06T16:23:19Z,2026-06-06T18:23:19+0200,8d87ff8c-7229-4840-a478-c91fa6b6d43f,2026-05-29T20:45:00Z,2026-05-29T22:45:00+0200,0.173,MW,DE,DE_LU,actual_solar_generation,Solar,2026-06-06T16:24:29Z
2026-06-06T16:23:19Z,2026-06-06T18:23:19+0200,8d87ff8c-7229-4840-a478-c91fa6b6d43f,2026-05-29T21:00:00Z,2026-05-29T23:00:00+0200,0.18,MW,DE,DE_LU,actual_solar_generation,Solar,2026-06-06T16:24:29Z
2026-06-06T16:23:19Z,2026-06-06T18:23:19+0200,8d87ff8c-7229-4840-a478-c91fa6b6d43f,2026-05-29T21:15:00Z,2026-05-29T23:15:00+0200,0.182,MW,DE,DE_LU,actual_solar_generation,Solar,2026-06-06T16:24:29Z
2026-06-06T16:23:19Z,2026-06-06T18:23:19+0200,8d87ff8c-7229-4840-a478-c91fa6b6d43f,2026-05-29T21:30:00Z,2026-05-29T23:30:00+0200,0.155,MW,DE,DE_LU,actual_solar_generation,Solar,2026-06-06T16:24:29Z
2026-06-06T16:23:19Z,2026-06-06T18:23:19+0200,8d87ff8c-7229-4840-a478-c91fa6b6d43f,2026-05-29T21:45:00Z,2026-05-29T23:45:00+0200,0.155,MW,DE,DE_LU,actual_solar_generation,Solar,2026-06-06T16:24:29Z
2026-06-06T16:23:19Z,2026-06-06T18:23:19+0200,8d87ff8c-7229-4840-a478-c91fa6b6d43f,2026-05-29T22:00:00Z,2026-05-30T00:00:00+0200,0.151,MW,DE,DE_LU,actual_solar_generation,Solar,2026-06-06T16:24:29Z
2026-06-06T16:23:19Z,2026-06-06T18:23:19+0200,8d87ff8c-7229-4840-a478-c91fa6b6d43f,2026-05-29T22:15:00Z,2026-05-30T00:15:00+0200,0.141,MW,DE,DE_LU,actual_solar_generation,Solar,2026-06-06T16:24:29Z
2026-06-06T16:23:19Z,2026-06-06T18:23:19+0200,8d87ff8c-7229-4840-a478-c91fa6b6d43f,2026-05-29T22:30:00Z,2026-05-30T00:30:00+0200,0.142,MW,DE,DE_LU,actual_solar_generation,Solar,2026-06-06T16:24:29Z
2026-06-06T16:23:19Z,2026-06-06T18:23:19+0200,8d87ff8c-7229-4840-a478-c91fa6b6d43f,2026-05-29T22:45:00Z,2026-05-30T00:45:00+0200,0.139,MW,DE,DE_LU,actual_solar_generation,Solar,2026-06-06T16:24:29Z
2026-06-06T16:23:19Z,2026-06-06T18:23:19+0200,8d87ff8c-7229-4840-a478-c91fa6b6d43f,2026-05-29T23:00:00Z,2026-05-30T01:00:00+0200,0.135,MW,DE,DE_LU,actual_solar_generation,Solar,2026-06-06T16:24:29Z
2026-06-06T16:23:19Z,2026-06-06T18:23:19+0200,8d87ff8c-7229-4840-a478-c91fa6b6d43f,2026-05-29T23:15:00Z,2026-05-30T01:15:00+0200,0.127,MW,DE,DE_LU,actual_solar_generation,Solar,2026-06-06T16:24:29Z
2026-06-06T16:23:19Z,2026-06-06T18:23:19+0200,8d87ff8c-7229-4840-a478-c91fa6b6d43f,2026-05-29T23:30:00Z,2026-05-30T01:30:00+0200,0.116,MW,DE,DE_LU,actual_solar_generation,Solar,2026-06-06T16:24:29Z
2026-06-06T16:23:19Z,2026-06-06T18:23:19+0200,8d87ff8c-7229-4840-a478-c91fa6b6d43f,2026-05-29T23:45:00Z,2026-05-30T01:45:00+0200,0.111,MW,DE,DE_LU,actual_solar_generation,Solar,2026-06-06T16:24:29Z
2026-06-06T16:23:19Z,2026-06-06T18:23:19+0200,8d87ff8c-7229-4840-a478-c91fa6b6d43f,2026-05-30T00:00:00Z,2026-05-30T02:00:00+0200,0.113,MW,DE,DE_LU,actual_solar_generation,Solar,2026-06-06T16:24:29Z
2026-06-06T16:23:19Z,2026-06-06T18:23:19+0200,8d87ff8c-7229-4840-a478-c91fa6b6d43f,2026-05-30T00:15:00Z,2026-05-30T02:15:00+0200,0.111,MW,DE,DE_LU,actual_solar_generation,Solar,2026-06-06T16:24:29Z
2026-06-06T16:23:19Z,2026-06-06T18:23:19+0200,8d87ff8c-7229-4840-a478-c91fa6b6d43f,2026-05-30T00:30:00Z,2026-05-30T02:30:00+0200,0.11,MW,DE,DE_LU,actual_solar_generation,Solar,2026-06-06T16:24:29Z
2026-06-06T16:23:19Z,2026-06-06T18:23:19+0200,8d87ff8c-7229-4840-a478-c91fa6b6d43f,2026-05-30T00:45:00Z,2026-05-30T02:45:00+0200,0.103,MW,DE,DE_LU,actual_solar_generation,Solar,2026-06-06T16:24:29Z
2026-06-06T16:23:19Z,2026-06-06T18:23:19+0200,8d87ff8c-7229-4840-a478-c91fa6b6d43f,2026-05-30T01:00:00Z,2026-05-30T03:00:00+0200,0.091,MW,DE,DE_LU,actual_solar_generation,Solar,2026-06-06T16:24:29Z
2026-06-06T16:23:19Z,2026-06-06T18:23:19+0200,8d87ff8c-7229-4840-a478-c91fa6b6d43f,2026-05-30T01:15:00Z,2026-05-30T03:15:00+0200,0.091,MW,DE,DE_LU,actual_solar_generation,Solar,2026-06-06T16:24:29Z
2026-06-06T16:23:19Z,2026-06-06T18:23:19+0200,8d87ff8c-7229-4840-a478-c91fa6b6d43f,2026-05-30T01:30:00Z,2026-05-30T03:30:00+0200,0.102,MW,DE,DE_LU,actual_solar_generation,Solar,2026-06-06T16:24:29Z
2026-06-06T16:23:19Z,2026-06-06T18:23:19+0200,8d87ff8c-7229-4840-a478-c91fa6b6d43f,2026-05-30T01:45:00Z,2026-05-30T03:45:00+0200,0.099,MW,DE,DE_LU,actual_solar_generation,Solar,2026-06-06T16:24:29Z
2026-06-06T16:23:19Z,2026-06-06T18:23:19+0200,8d87ff8c-7229-4840-a478-c91fa6b6d43f,2026-05-30T02:00:00Z,2026-05-30T04:00:00+0200,0.089,MW,DE,DE_LU,actual_solar_generation,Solar,2026-06-06T16:24:29Z
2026-06-06T16:23:19Z,2026-06-06T18:23:19+0200,8d87ff8c-7229-4840-a478-c91fa6b6d43f,2026-05-30T02:15:00Z,2026-05-30T04:15:00+0200,0.092,MW,DE,DE_LU,actual_solar_generation,Solar,2026-06-06T16:24:29Z
2026-06-06T16:23:19Z,2026-06-06T18:23:19+0200,8d87ff8c-7229-4840-a478-c91fa6b6d43f,2026-05-30T02:30:00Z,2026-05-30T04:30:00+0200,0.45,MW,DE,DE_LU,actual_solar_generation,Solar,2026-06-06T16:24:29Z
2026-06-06T16:23:19Z,2026-06-06T18:23:19+0200,8d87ff8c-7229-4840-a478-c91fa6b6d43f,2026-05-30T02:45:00Z,2026-05-30T04:45:00+0200,2.387,MW,DE,DE_LU,actual_solar_generation,Solar,2026-06-06T16:24:29Z
2026-06-06T16:23:19Z,2026-06-06T18:23:19+0200,8d87ff8c-7229-4840-a478-c91fa6b6d43f,2026-05-30T03:00:00Z,2026-05-30T05:00:00+0200,28.685,MW,DE,DE_LU,actual_solar_generation,Solar,2026-06-06T16:24:29Z
2026-06-06T16:23:19Z,2026-06-06T18:23:19+0200,8d87ff8c-7229-4840-a478-c91fa6b6d43f,2026-05-30T03:15:00Z,2026-05-30T05:15:00+0200,156.987,MW,DE,DE_LU,actual_solar_generation,Solar,2026-06-06T16:24:29Z
2026-06-06T16:23:19Z,2026-06-06T18:23:19+0200,8d87ff8c-7229-4840-a478-c91fa6b6d43f,2026-05-30T03:30:00Z,2026-05-30T05:30:00+0200,525.344,MW,DE,DE_LU,actual_solar_generation,Solar,2026-06-06T16:24:29Z
2026-06-06T16:23:19Z,2026-06-06T18:23:19+0200,8d87ff8c-7229-4840-a478-c91fa6b6d43f,2026-05-30T03:45:00Z,2026-05-30T05:45:00+0200,1168.457,MW,DE,DE_LU,actual_solar_generation,Solar,2026-06-06T16:24:29Z
2026-06-06T16:23:19Z,2026-06-06T18:23:19+0200,8d87ff8c-7229-4840-a478-c91fa6b6d43f,2026-05-30T04:00:00Z,2026-05-30T06:00:00+0200,1970.829,MW,DE,DE_LU,actual_solar_generation,Solar,2026-06-06T16:24:29Z
2026-06-06T16:23:19Z,2026-06-06T18:23:19+0200,8d87ff8c-7229-4840-a478-c91fa6b6d43f,2026-05-30T04:15:00Z,2026-05-30T06:15:00+0200,2919.545,MW,DE,DE_LU,actual_solar_generation,Solar,2026-06-06T16:24:29Z
2026-06-06T16:23:19Z,2026-06-06T18:23:19+0200,8d87ff8c-7229-4840-a478-c91fa6b6d43f,2026-05-30T04:30:00Z,2026-05-30T06:30:00+0200,4052.299,MW,DE,DE_LU,actual_solar_generation,Solar,2026-06-06T16:24:29Z
2026-06-06T16:23:19Z,2026-06-06T18:23:19+0200,8d87ff8c-7229-4840-a478-c91fa6b6d43f,2026-05-30T04:45:00Z,2026-05-30T06:45:00+0200,5431.071,MW,DE,DE_LU,actual_solar_generation,Solar,2026-06-06T16:24:29Z
2026-06-06T16:23:19Z,2026-06-06T18:23:19+0200,8d87ff8c-7229-4840-a478-c91fa6b6d43f,2026-05-30T05:00:00Z,2026-05-30T07:00:00+0200,6946.867,MW,DE,DE_LU,actual_solar_generation,Solar,2026-06-06T16:24:29Z
2026-06-06T16:23:19Z,2026-06-06T18:23:19+0200,8d87ff8c-7229-4840-a478-c91fa6b6d43f,2026-05-30T05:15:00Z,2026-05-30T07:15:00+0200,8590.486,MW,DE,DE_LU,actual_solar_generation,Solar,2026-06-06T16:24:29Z
2026-06-06T16:23:19Z,2026-06-06T18:23:19+0200,8d87ff8c-7229-4840-a478-c91fa6b6d43f,2026-05-30T05:30:00Z,2026-05-30T07:30:00+0200,10463.792,MW,DE,DE_LU,actual_solar_generation,Solar,2026-06-06T16:24:29Z
2026-06-06T16:23:19Z,2026-06-06T18:23:19+0200,8d87ff8c-7229-4840-a478-c91fa6b6d43f,2026-05-30T05:45:00Z,2026-05-30T07:45:00+0200,12467.165,MW,DE,DE_LU,actual_solar_generation,Solar,2026-06-06T16:24:29Z
2026-06-06T16:23:19Z,2026-06-06T18:23:19+0200,8d87ff8c-7229-4840-a478-c91fa6b6d43f,2026-05-30T06:00:00Z,2026-05-30T08:00:00+0200,14737.629,MW,DE,DE_LU,actual_solar_generation,Solar,2026-06-06T16:24:29Z
2026-06-06T16:23:19Z,2026-06-06T18:23:19+0200,8d87ff8c-7229-4840-a478-c91fa6b6d43f,2026-05-30T06:15:00Z,2026-05-30T08:15:00+0200,17260.068,MW,DE,DE_LU,actual_solar_generation,Solar,2026-06-06T16:24:29Z
2026-06-06T16:23:19Z,2026-06-06T18:23:19+0200,8d87ff8c-7229-4840-a478-c91fa6b6d43f,2026-05-30T06:30:00Z,2026-05-30T08:30:00+0200,19754.791,MW,DE,DE_LU,actual_solar_generation,Solar,2026-06-06T16:24:29Z
2026-06-06T16:23:19Z,2026-06-06T18:23:19+0200,8d87ff8c-7229-4840-a478-c91fa6b6d43f,2026-05-30T06:45:00Z,2026-05-30T08:45:00+0200,22055.987,MW,DE,DE_LU,actual_solar_generation,Solar,2026-06-06T16:24:29Z
2026-06-06T16:23:19Z,2026-06-06T18:23:19+0200,8d87ff8c-7229-4840-a478-c91fa6b6d43f,2026-05-30T07:00:00Z,2026-05-30T09:00:00+0200,24704.725,MW,DE,DE_LU,actual_solar_generation,Solar,2026-06-06T16:24:29Z
2026-06-06T16:23:19Z,2026-06-06T18:23:19+0200,8d87ff8c-7229-4840-a478-c91fa6b6d43f,2026-05-30T07:15:00Z,2026-05-30T09:15:00+0200,27442.751,MW,DE,DE_LU,actual_solar_generation,Solar,2026-06-06T16:24:29Z
2026-06-06T16:23:19Z,2026-06-06T18:23:19+0200,8d87ff8c-7229-4840-a478-c91fa6b6d43f,2026-05-30T07:30:00Z,2026-05-30T09:30:00+0200,29956.767,MW,DE,DE_LU,actual_solar_generation,Solar,2026-06-06T16:24:29Z
2026-06-06T16:23:19Z,2026-06-06T18:23:19+0200,8d87ff8c-7229-4840-a478-c91fa6b6d43f,2026-05-30T07:45:00Z,2026-05-30T09:45:00+0200,31990.522,MW,DE,DE_LU,actual_solar_generation,Solar,2026-06-06T16:24:29Z
2026-06-06T16:23:19Z,2026-06-06T18:23:19+0200,8d87ff8c-7229-4840-a478-c91fa6b6d43f,2026-05-30T08:00:00Z,2026-05-30T10:00:00+0200,33867.166,MW,DE,DE_LU,actual_solar_generation,Solar,2026-06-06T16:24:29Z
2026-06-06T16:23:19Z,2026-06-06T18:23:19+0200,8d87ff8c-7229-4840-a478-c91fa6b6d43f,2026-05-30T08:15:00Z,2026-05-30T10:15:00+0200,35580.744,MW,DE,DE_LU,actual_solar_generation,Solar,2026-06-06T16:24:29Z
2026-06-06T16:23:19Z,2026-06-06T18:23:19+0200,8d87ff8c-7229-4840-a478-c91fa6b6d43f,2026-05-30T08:30:00Z,2026-05-30T10:30:00+0200,37406.464,MW,DE,DE_LU,actual_solar_generation,Solar,2026-06-06T16:24:29Z
2026-06-06T16:23:19Z,2026-06-06T18:23:19+0200,8d87ff8c-7229-4840-a478-c91fa6b6d43f,2026-05-30T08:45:00Z,2026-05-30T10:45:00+0200,38823.394,MW,DE,DE_LU,actual_solar_generation,Solar,2026-06-06T16:24:29Z
2026-06-06T16:23:19Z,2026-06-06T18:23:19+0200,8d87ff8c-7229-4840-a478-c91fa6b6d43f,2026-05-30T09:00:00Z,2026-05-30T11:00:00+0200,39693.158,MW,DE,DE_LU,actual_solar_generation,Solar,2026-06-06T16:24:29Z
2026-06-06T16:23:19Z,2026-06-06T18:23:19+0200,8d87ff8c-7229-4840-a478-c91fa6b6d43f,2026-05-30T09:15:00Z,2026-05-30T11:15:00+0200,40858.172,MW,DE,DE_LU,actual_solar_generation,Solar,2026-06-06T16:24:29Z
2026-06-06T16:23:19Z,2026-06-06T18:23:19+0200,8d87ff8c-7229-4840-a478-c91fa6b6d43f,2026-05-30T09:30:00Z,2026-05-30T11:30:00+0200,41220.492,MW,DE,DE_LU,actual_solar_generation,Solar,2026-06-06T16:24:29Z
2026-06-06T16:23:19Z,2026-06-06T18:23:19+0200,8d87ff8c-7229-4840-a478-c91fa6b6d43f,2026-05-30T09:45:00Z,2026-05-30T11:45:00+0200,42087.78,MW,DE,DE_LU,actual_solar_generation,Solar,2026-06-06T16:24:29Z
2026-06-06T16:23:19Z,2026-06-06T18:23:19+0200,8d87ff8c-7229-4840-a478-c91fa6b6d43f,2026-05-30T10:00:00Z,2026-05-30T12:00:00+0200,42421.175,MW,DE,DE_LU,actual_solar_generation,Solar,2026-06-06T16:24:29Z
2026-06-06T16:23:19Z,2026-06-06T18:23:19+0200,8d87ff8c-7229-4840-a478-c91fa6b6d43f,2026-05-30T10:15:00Z,2026-05-30T12:15:00+0200,43056.886,MW,DE,DE_LU,actual_solar_generation,Solar,2026-06-06T16:24:29Z
2026-06-06T16:23:19Z,2026-06-06T18:23:19+0200,8d87ff8c-7229-4840-a478-c91fa6b6d43f,2026-05-30T10:30:00Z,2026-05-30T12:30:00+0200,43418.882,MW,DE,DE_LU,actual_solar_generation,Solar,2026-06-06T16:24:29Z
2026-06-06T16:23:19Z,2026-06-06T18:23:19+0200,8d87ff8c-7229-4840-a478-c91fa6b6d43f,2026-05-30T10:45:00Z,2026-05-30T12:45:00+0200,42563.488,MW,DE,DE_LU,actual_solar_generation,Solar,2026-06-06T16:24:29Z
2026-06-06T16:23:19Z,2026-06-06T18:23:19+0200,8d87ff8c-7229-4840-a478-c91fa6b6d43f,2026-05-30T11:00:00Z,2026-05-30T13:00:00+0200,42112.298,MW,DE,DE_LU,actual_solar_generation,Solar,2026-06-06T16:24:29Z
2026-06-06T16:23:19Z,2026-06-06T18:23:19+0200,8d87ff8c-7229-4840-a478-c91fa6b6d43f,2026-05-30T11:15:00Z,2026-05-30T13:15:00+0200,41992.587,MW,DE,DE_LU,actual_solar_generation,Solar,2026-06-06T16:24:29Z
2026-06-06T16:23:19Z,2026-06-06T18:23:19+0200,8d87ff8c-7229-4840-a478-c91fa6b6d43f,2026-05-30T11:30:00Z,2026-05-30T13:30:00+0200,41572.274,MW,DE,DE_LU,actual_solar_generation,Solar,2026-06-06T16:24:29Z
2026-06-06T16:23:19Z,2026-06-06T18:23:19+0200,8d87ff8c-7229-4840-a478-c91fa6b6d43f,2026-05-30T11:45:00Z,2026-05-30T13:45:00+0200,41029.337,MW,DE,DE_LU,actual_solar_generation,Solar,2026-06-06T16:24:29Z
2026-06-06T16:23:19Z,2026-06-06T18:23:19+0200,8d87ff8c-7229-4840-a478-c91fa6b6d43f,2026-05-30T12:00:00Z,2026-05-30T14:00:00+0200,40535.69,MW,DE,DE_LU,actual_solar_generation,Solar,2026-06-06T16:24:29Z
2026-06-06T16:23:19Z,2026-06-06T18:23:19+0200,8d87ff8c-7229-4840-a478-c91fa6b6d43f,2026-05-30T12:15:00Z,2026-05-30T14:15:00+0200,40656.649,MW,DE,DE_LU,actual_solar_generation,Solar,2026-06-06T16:24:29Z
2026-06-06T16:23:19Z,2026-06-06T18:23:19+0200,8d87ff8c-7229-4840-a478-c91fa6b6d43f,2026-05-30T12:30:00Z,2026-05-30T14:30:00+0200,39952.831,MW,DE,DE_LU,actual_solar_generation,Solar,2026-06-06T16:24:29Z
2026-06-06T16:23:19Z,2026-06-06T18:23:19+0200,8d87ff8c-7229-4840-a478-c91fa6b6d43f,2026-05-30T12:45:00Z,2026-05-30T14:45:00+0200,39528.089,MW,DE,DE_LU,actual_solar_generation,Solar,2026-06-06T16:24:29Z
2026-06-06T16:23:19Z,2026-06-06T18:23:19+0200,8d87ff8c-7229-4840-a478-c91fa6b6d43f,2026-05-30T13:00:00Z,2026-05-30T15:00:00+0200,38860.279,MW,DE,DE_LU,actual_solar_generation,Solar,2026-06-06T16:24:29Z
2026-06-06T16:23:19Z,2026-06-06T18:23:19+0200,8d87ff8c-7229-4840-a478-c91fa6b6d43f,2026-05-30T13:15:00Z,2026-05-30T15:15:00+0200,38153.823,MW,DE,DE_LU,actual_solar_generation,Solar,2026-06-06T16:24:29Z
2026-06-06T16:23:19Z,2026-06-06T18:23:19+0200,8d87ff8c-7229-4840-a478-c91fa6b6d43f,2026-05-30T13:30:00Z,2026-05-30T15:30:00+0200,37141.444,MW,DE,DE_LU,actual_solar_generation,Solar,2026-06-06T16:24:29Z
2026-06-06T16:23:19Z,2026-06-06T18:23:19+0200,8d87ff8c-7229-4840-a478-c91fa6b6d43f,2026-05-30T13:45:00Z,2026-05-30T15:45:00+0200,35728.371,MW,DE,DE_LU,actual_solar_generation,Solar,2026-06-06T16:24:29Z
2026-06-06T16:23:19Z,2026-06-06T18:23:19+0200,8d87ff8c-7229-4840-a478-c91fa6b6d43f,2026-05-30T14:00:00Z,2026-05-30T16:00:00+0200,35266.182,MW,DE,DE_LU,actual_solar_generation,Solar,2026-06-06T16:24:29Z
2026-06-06T16:23:19Z,2026-06-06T18:23:19+0200,8d87ff8c-7229-4840-a478-c91fa6b6d43f,2026-05-30T14:15:00Z,2026-05-30T16:15:00+0200,34159.288,MW,DE,DE_LU,actual_solar_generation,Solar,2026-06-06T16:24:29Z
2026-06-06T16:23:19Z,2026-06-06T18:23:19+0200,8d87ff8c-7229-4840-a478-c91fa6b6d43f,2026-05-30T14:30:00Z,2026-05-30T16:30:00+0200,32479.228,MW,DE,DE_LU,actual_solar_generation,Solar,2026-06-06T16:24:29Z
2026-06-06T16:23:19Z,2026-06-06T18:23:19+0200,8d87ff8c-7229-4840-a478-c91fa6b6d43f,2026-05-30T14:45:00Z,2026-05-30T16:45:00+0200,30689.42,MW,DE,DE_LU,actual_solar_generation,Solar,2026-06-06T16:24:29Z
2026-06-06T16:23:19Z,2026-06-06T18:23:19+0200,8d87ff8c-7229-4840-a478-c91fa6b6d43f,2026-05-30T15:00:00Z,2026-05-30T17:00:00+0200,28656.73,MW,DE,DE_LU,actual_solar_generation,Solar,2026-06-06T16:24:29Z
2026-06-06T16:23:19Z,2026-06-06T18:23:19+0200,8d87ff8c-7229-4840-a478-c91fa6b6d43f,2026-05-30T15:15:00Z,2026-05-30T17:15:00+0200,26287.071,MW,DE,DE_LU,actual_solar_generation,Solar,2026-06-06T16:24:29Z
2026-06-06T16:23:19Z,2026-06-06T18:23:19+0200,8d87ff8c-7229-4840-a478-c91fa6b6d43f,2026-05-30T15:30:00Z,2026-05-30T17:30:00+0200,23834.574,MW,DE,DE_LU,actual_solar_generation,Solar,2026-06-06T16:24:29Z
2026-06-06T16:23:19Z,2026-06-06T18:23:19+0200,8d87ff8c-7229-4840-a478-c91fa6b6d43f,2026-05-30T15:45:00Z,2026-05-30T17:45:00+0200,21541.468,MW,DE,DE_LU,actual_solar_generation,Solar,2026-06-06T16:24:29Z
2026-06-06T16:23:19Z,2026-06-06T18:23:19+0200,8d87ff8c-7229-4840-a478-c91fa6b6d43f,2026-05-30T16:00:00Z,2026-05-30T18:00:00+0200,19159.921,MW,DE,DE_LU,actual_solar_generation,Solar,2026-06-06T16:24:29Z
2026-06-06T16:23:19Z,2026-06-06T18:23:19+0200,8d87ff8c-7229-4840-a478-c91fa6b6d43f,2026-05-30T16:15:00Z,2026-05-30T18:15:00+0200,16818.002,MW,DE,DE_LU,actual_solar_generation,Solar,2026-06-06T16:24:29Z
2026-06-06T16:23:19Z,2026-06-06T18:23:19+0200,8d87ff8c-7229-4840-a478-c91fa6b6d43f,2026-05-30T16:30:00Z,2026-05-30T18:30:00+0200,14416.521,MW,DE,DE_LU,actual_solar_generation,Solar,2026-06-06T16:24:29Z
2026-06-06T16:23:19Z,2026-06-06T18:23:19+0200,8d87ff8c-7229-4840-a478-c91fa6b6d43f,2026-05-30T16:45:00Z,2026-05-30T18:45:00+0200,12030.685,MW,DE,DE_LU,actual_solar_generation,Solar,2026-06-06T16:24:29Z
2026-06-06T16:23:19Z,2026-06-06T18:23:19+0200,8d87ff8c-7229-4840-a478-c91fa6b6d43f,2026-05-30T17:00:00Z,2026-05-30T19:00:00+0200,9845.872,MW,DE,DE_LU,actual_solar_generation,Solar,2026-06-06T16:24:29Z
2026-06-06T16:23:19Z,2026-06-06T18:23:19+0200,8d87ff8c-7229-4840-a478-c91fa6b6d43f,2026-05-30T17:15:00Z,2026-05-30T19:15:00+0200,7848.299,MW,DE,DE_LU,actual_solar_generation,Solar,2026-06-06T16:24:29Z
2026-06-06T16:23:19Z,2026-06-06T18:23:19+0200,8d87ff8c-7229-4840-a478-c91fa6b6d43f,2026-05-30T17:30:00Z,2026-05-30T19:30:00+0200,6055.778,MW,DE,DE_LU,actual_solar_generation,Solar,2026-06-06T16:24:29Z
2026-06-06T16:23:19Z,2026-06-06T18:23:19+0200,8d87ff8c-7229-4840-a478-c91fa6b6d43f,2026-05-30T17:45:00Z,2026-05-30T19:45:00+0200,4433.188,MW,DE,DE_LU,actual_solar_generation,Solar,2026-06-06T16:24:29Z
2026-06-06T16:23:19Z,2026-06-06T18:23:19+0200,8d87ff8c-7229-4840-a478-c91fa6b6d43f,2026-05-30T18:00:00Z,2026-05-30T20:00:00+0200,3067.141,MW,DE,DE_LU,actual_solar_generation,Solar,2026-06-06T16:24:29Z
2026-06-06T16:23:19Z,2026-06-06T18:23:19+0200,8d87ff8c-7229-4840-a478-c91fa6b6d43f,2026-05-30T18:15:00Z,2026-05-30T20:15:00+0200,1964.841,MW,DE,DE_LU,actual_solar_generation,Solar,2026-06-06T16:24:29Z
2026-06-06T16:23:19Z,2026-06-06T18:23:19+0200,8d87ff8c-7229-4840-a478-c91fa6b6d43f,2026-05-30T18:30:00Z,2026-05-30T20:30:00+0200,1092.849,MW,DE,DE_LU,actual_solar_generation,Solar,2026-06-06T16:24:29Z
2026-06-06T16:23:19Z,2026-06-06T18:23:19+0200,8d87ff8c-7229-4840-a478-c91fa6b6d43f,2026-05-30T18:45:00Z,2026-05-30T20:45:00+0200,527.381,MW,DE,DE_LU,actual_solar_generation,Solar,2026-06-06T16:24:29Z
2026-06-06T16:23:19Z,2026-06-06T18:23:19+0200,8d87ff8c-7229-4840-a478-c91fa6b6d43f,2026-05-30T19:00:00Z,2026-05-30T21:00:00+0200,222.036,MW,DE,DE_LU,actual_solar_generation,Solar,2026-06-06T16:24:29Z
2026-06-06T16:23:19Z,2026-06-06T18:23:19+0200,8d87ff8c-7229-4840-a478-c91fa6b6d43f,2026-05-30T19:15:00Z,2026-05-30T21:15:00+0200,74.298,MW,DE,DE_LU,actual_solar_generation,Solar,2026-06-06T16:24:29Z
2026-06-06T16:23:19Z,2026-06-06T18:23:19+0200,8d87ff8c-7229-4840-a478-c91fa6b6d43f,2026-05-30T19:30:00Z,2026-05-30T21:30:00+0200,14.518,MW,DE,DE_LU,actual_solar_generation,Solar,2026-06-06T16:24:29Z
2026-06-06T16:23:19Z,2026-06-06T18:23:19+0200,8d87ff8c-7229-4840-a478-c91fa6b6d43f,2026-05-30T19:45:00Z,2026-05-30T21:45:00+0200,4.196,MW,DE,DE_LU,actual_solar_generation,Solar,2026-06-06T16:24:29Z
2026-06-06T16:23:19Z,2026-06-06T18:23:19+0200,8d87ff8c-7229-4840-a478-c91fa6b6d43f,2026-05-30T20:00:00Z,2026-05-30T22:00:00+0200,0.47,MW,DE,DE_LU,actual_solar_generation,Solar,2026-06-06T16:24:29Z
2026-06-06T16:23:19Z,2026-06-06T18:23:19+0200,8d87ff8c-7229-4840-a478-c91fa6b6d43f,2026-05-30T20:15:00Z,2026-05-30T22:15:00+0200,0.226,MW,DE,DE_LU,actual_solar_generation,Solar,2026-06-06T16:24:29Z
2026-06-06T16:23:19Z,2026-06-06T18:23:19+0200,8d87ff8c-7229-4840-a478-c91fa6b6d43f,2026-05-30T20:30:00Z,2026-05-30T22:30:00+0200,0.215,MW,DE,DE_LU,actual_solar_generation,Solar,2026-06-06T16:24:29Z
2026-06-06T16:23:19Z,2026-06-06T18:23:19+0200,8d87ff8c-7229-4840-a478-c91fa6b6d43f,2026-05-30T20:45:00Z,2026-05-30T22:45:00+0200,0.188,MW,DE,DE_LU,actual_solar_generation,Solar,2026-06-06T16:24:29Z
2026-06-06T16:23:19Z,2026-06-06T18:23:19+0200,8d87ff8c-7229-4840-a478-c91fa6b6d43f,2026-05-30T21:00:00Z,2026-05-30T23:00:00+0200,0.167,MW,DE,DE_LU,actual_solar_generation,Solar,2026-06-06T16:24:29Z
2026-06-06T16:23:19Z,2026-06-06T18:23:19+0200,8d87ff8c-7229-4840-a478-c91fa6b6d43f,2026-05-30T21:15:00Z,2026-05-30T23:15:00+0200,0.161,MW,DE,DE_LU,actual_solar_generation,Solar,2026-06-06T16:24:29Z
2026-06-06T16:23:19Z,2026-06-06T18:23:19+0200,8d87ff8c-7229-4840-a478-c91fa6b6d43f,2026-05-30T21:30:00Z,2026-05-30T23:30:00+0200,0.147,MW,DE,DE_LU,actual_solar_generation,Solar,2026-06-06T16:24:29Z
2026-06-06T16:23:19Z,2026-06-06T18:23:19+0200,8d87ff8c-7229-4840-a478-c91fa6b6d43f,2026-05-30T21:45:00Z,2026-05-30T23:45:00+0200,0.137,MW,DE,DE_LU,actual_solar_generation,Solar,2026-06-06T16:24:29Z
2026-06-06T16:23:19Z,2026-06-06T18:23:19+0200,8d87ff8c-7229-4840-a478-c91fa6b6d43f,2026-05-30T22:00:00Z,2026-05-31T00:00:00+0200,0.129,MW,DE,DE_LU,actual_solar_generation,Solar,2026-06-06T16:24:29Z
2026-06-06T16:23:19Z,2026-06-06T18:23:19+0200,8d87ff8c-7229-4840-a478-c91fa6b6d43f,2026-05-30T22:15:00Z,2026-05-31T00:15:00+0200,0.127,MW,DE,DE_LU,actual_solar_generation,Solar,2026-06-06T16:24:29Z
2026-06-06T16:23:19Z,2026-06-06T18:23:19+0200,8d87ff8c-7229-4840-a478-c91fa6b6d43f,2026-05-30T22:30:00Z,2026-05-31T00:30:00+0200,0.115,MW,DE,DE_LU,actual_solar_generation,Solar,2026-06-06T16:24:29Z
2026-06-06T16:23:19Z,2026-06-06T18:23:19+0200,8d87ff8c-7229-4840-a478-c91fa6b6d43f,2026-05-30T22:45:00Z,2026-05-31T00:45:00+0200,0.109,MW,DE,DE_LU,actual_solar_generation,Solar,2026-06-06T16:24:29Z
2026-06-06T16:23:19Z,2026-06-06T18:23:19+0200,8d87ff8c-7229-4840-a478-c91fa6b6d43f,2026-05-30T23:00:00Z,2026-05-31T01:00:00+0200,0.107,MW,DE,DE_LU,actual_solar_generation,Solar,2026-06-06T16:24:29Z
2026-06-06T16:23:19Z,2026-06-06T18:23:19+0200,8d87ff8c-7229-4840-a478-c91fa6b6d43f,2026-05-30T23:15:00Z,2026-05-31T01:15:00+0200,0.097,MW,DE,DE_LU,actual_solar_generation,Solar,2026-06-06T16:24:29Z
2026-06-06T16:23:19Z,2026-06-06T18:23:19+0200,8d87ff8c-7229-4840-a478-c91fa6b6d43f,2026-05-30T23:30:00Z,2026-05-31T01:30:00+0200,0.097,MW,DE,DE_LU,actual_solar_generation,Solar,2026-06-06T16:24:29Z
2026-06-06T16:23:19Z,2026-06-06T18:23:19+0200,8d87ff8c-7229-4840-a478-c91fa6b6d43f,2026-05-30T23:45:00Z,2026-05-31T01:45:00+0200,0.101,MW,DE,DE_LU,actual_solar_generation,Solar,2026-06-06T16:24:29Z
2026-06-06T16:23:19Z,2026-06-06T18:23:19+0200,8d87ff8c-7229-4840-a478-c91fa6b6d43f,2026-05-31T00:00:00Z,2026-05-31T02:00:00+0200,0.106,MW,DE,DE_LU,actual_solar_generation,Solar,2026-06-06T16:24:29Z
2026-06-06T16:23:19Z,2026-06-06T18:23:19+0200,8d87ff8c-7229-4840-a478-c91fa6b6d43f,2026-05-31T00:15:00Z,2026-05-31T02:15:00+0200,0.106,MW,DE,DE_LU,actual_solar_generation,Solar,2026-06-06T16:24:29Z
2026-06-06T16:23:19Z,2026-06-06T18:23:19+0200,8d87ff8c-7229-4840-a478-c91fa6b6d43f,2026-05-31T00:30:00Z,2026-05-31T02:30:00+0200,0.108,MW,DE,DE_LU,actual_solar_generation,Solar,2026-06-06T16:24:29Z
2026-06-06T16:23:19Z,2026-06-06T18:23:19+0200,8d87ff8c-7229-4840-a478-c91fa6b6d43f,2026-05-31T00:45:00Z,2026-05-31T02:45:00+0200,0.085,MW,DE,DE_LU,actual_solar_generation,Solar,2026-06-06T16:24:29Z
2026-06-06T16:23:19Z,2026-06-06T18:23:19+0200,8d87ff8c-7229-4840-a478-c91fa6b6d43f,2026-05-31T01:00:00Z,2026-05-31T03:00:00+0200,0.096,MW,DE,DE_LU,actual_solar_generation,Solar,2026-06-06T16:24:29Z
2026-06-06T16:23:19Z,2026-06-06T18:23:19+0200,8d87ff8c-7229-4840-a478-c91fa6b6d43f,2026-05-31T01:15:00Z,2026-05-31T03:15:00+0200,0.081,MW,DE,DE_LU,actual_solar_generation,Solar,2026-06-06T16:24:29Z
2026-06-06T16:23:19Z,2026-06-06T18:23:19+0200,8d87ff8c-7229-4840-a478-c91fa6b6d43f,2026-05-31T01:30:00Z,2026-05-31T03:30:00+0200,0.074,MW,DE,DE_LU,actual_solar_generation,Solar,2026-06-06T16:24:29Z
2026-06-06T16:23:19Z,2026-06-06T18:23:19+0200,8d87ff8c-7229-4840-a478-c91fa6b6d43f,2026-05-31T01:45:00Z,2026-05-31T03:45:00+0200,0.069,MW,DE,DE_LU,actual_solar_generation,Solar,2026-06-06T16:24:29Z
2026-06-06T16:23:19Z,2026-06-06T18:23:19+0200,8d87ff8c-7229-4840-a478-c91fa6b6d43f,2026-05-31T02:00:00Z,2026-05-31T04:00:00+0200,0.081,MW,DE,DE_LU,actual_solar_generation,Solar,2026-06-06T16:24:29Z
2026-06-06T16:23:19Z,2026-06-06T18:23:19+0200,8d87ff8c-7229-4840-a478-c91fa6b6d43f,2026-05-31T02:15:00Z,2026-05-31T04:15:00+0200,0.069,MW,DE,DE_LU,actual_solar_generation,Solar,2026-06-06T16:24:29Z
2026-06-06T16:23:19Z,2026-06-06T18:23:19+0200,8d87ff8c-7229-4840-a478-c91fa6b6d43f,2026-05-31T02:30:00Z,2026-05-31T04:30:00+0200,1.178,MW,DE,DE_LU,actual_solar_generation,Solar,2026-06-06T16:24:29Z
2026-06-06T16:23:19Z,2026-06-06T18:23:19+0200,8d87ff8c-7229-4840-a478-c91fa6b6d43f,2026-05-31T02:45:00Z,2026-05-31T04:45:00+0200,12.957,MW,DE,DE_LU,actual_solar_generation,Solar,2026-06-06T16:24:29Z
2026-06-06T16:23:19Z,2026-06-06T18:23:19+0200,8d87ff8c-7229-4840-a478-c91fa6b6d43f,2026-05-31T03:00:00Z,2026-05-31T05:00:00+0200,69.737,MW,DE,DE_LU,actual_solar_generation,Solar,2026-06-06T16:24:29Z
2026-06-06T16:23:19Z,2026-06-06T18:23:19+0200,8d87ff8c-7229-4840-a478-c91fa6b6d43f,2026-05-31T03:15:00Z,2026-05-31T05:15:00+0200,262.818,MW,DE,DE_LU,actual_solar_generation,Solar,2026-06-06T16:24:29Z
2026-06-06T16:23:19Z,2026-06-06T18:23:19+0200,8d87ff8c-7229-4840-a478-c91fa6b6d43f,2026-05-31T03:30:00Z,2026-05-31T05:30:00+0200,736.27,MW,DE,DE_LU,actual_solar_generation,Solar,2026-06-06T16:24:29Z
2026-06-06T16:23:19Z,2026-06-06T18:23:19+0200,8d87ff8c-7229-4840-a478-c91fa6b6d43f,2026-05-31T03:45:00Z,2026-05-31T05:45:00+0200,1560.777,MW,DE,DE_LU,actual_solar_generation,Solar,2026-06-06T16:24:29Z
2026-06-06T16:23:19Z,2026-06-06T18:23:19+0200,8d87ff8c-7229-4840-a478-c91fa6b6d43f,2026-05-31T04:00:00Z,2026-05-31T06:00:00+0200,2540.057,MW,DE,DE_LU,actual_solar_generation,Solar,2026-06-06T16:24:29Z
2026-06-06T16:23:19Z,2026-06-06T18:23:19+0200,8d87ff8c-7229-4840-a478-c91fa6b6d43f,2026-05-31T04:15:00Z,2026-05-31T06:15:00+0200,3642.58,MW,DE,DE_LU,actual_solar_generation,Solar,2026-06-06T16:24:29Z
2026-06-06T16:23:19Z,2026-06-06T18:23:19+0200,8d87ff8c-7229-4840-a478-c91fa6b6d43f,2026-05-31T04:30:00Z,2026-05-31T06:30:00+0200,4887.867,MW,DE,DE_LU,actual_solar_generation,Solar,2026-06-06T16:24:29Z
2026-06-06T16:23:19Z,2026-06-06T18:23:19+0200,8d87ff8c-7229-4840-a478-c91fa6b6d43f,2026-05-31T04:45:00Z,2026-05-31T06:45:00+0200,6313.911,MW,DE,DE_LU,actual_solar_generation,Solar,2026-06-06T16:24:29Z
2026-06-06T16:23:19Z,2026-06-06T18:23:19+0200,8d87ff8c-7229-4840-a478-c91fa6b6d43f,2026-05-31T05:00:00Z,2026-05-31T07:00:00+0200,7913.418,MW,DE,DE_LU,actual_solar_generation,Solar,2026-06-06T16:24:29Z
2026-06-06T16:23:19Z,2026-06-06T18:23:19+0200,8d87ff8c-7229-4840-a478-c91fa6b6d43f,2026-05-31T05:15:00Z,2026-05-31T07:15:00+0200,9695.725,MW,DE,DE_LU,actual_solar_generation,Solar,2026-06-06T16:24:29Z
2026-06-06T16:23:19Z,2026-06-06T18:23:19+0200,8d87ff8c-7229-4840-a478-c91fa6b6d43f,2026-05-31T05:30:00Z,2026-05-31T07:30:00+0200,11507.337,MW,DE,DE_LU,actual_solar_generation,Solar,2026-06-06T16:24:29Z
2026-06-06T16:23:19Z,2026-06-06T18:23:19+0200,8d87ff8c-7229-4840-a478-c91fa6b6d43f,2026-05-31T05:45:00Z,2026-05-31T07:45:00+0200,13538.803,MW,DE,DE_LU,actual_solar_generation,Solar,2026-06-06T16:24:29Z
2026-06-06T16:23:19Z,2026-06-06T18:23:19+0200,8d87ff8c-7229-4840-a478-c91fa6b6d43f,2026-05-31T06:00:00Z,2026-05-31T08:00:00+0200,15464.877,MW,DE,DE_LU,actual_solar_generation,Solar,2026-06-06T16:24:29Z
2026-06-06T16:23:19Z,2026-06-06T18:23:19+0200,8d87ff8c-7229-4840-a478-c91fa6b6d43f,2026-05-31T06:15:00Z,2026-05-31T08:15:00+0200,17469.185,MW,DE,DE_LU,actual_solar_generation,Solar,2026-06-06T16:24:29Z
2026-06-06T16:23:19Z,2026-06-06T18:23:19+0200,8d87ff8c-7229-4840-a478-c91fa6b6d43f,2026-05-31T06:30:00Z,2026-05-31T08:30:00+0200,19393.456,MW,DE,DE_LU,actual_solar_generation,Solar,2026-06-06T16:24:29Z
2026-06-06T16:23:19Z,2026-06-06T18:23:19+0200,8d87ff8c-7229-4840-a478-c91fa6b6d43f,2026-05-31T06:45:00Z,2026-05-31T08:45:00+0200,21490.746,MW,DE,DE_LU,actual_solar_generation,Solar,2026-06-06T16:24:29Z
2026-06-06T16:23:19Z,2026-06-06T18:23:19+0200,8d87ff8c-7229-4840-a478-c91fa6b6d43f,2026-05-31T07:00:00Z,2026-05-31T09:00:00+0200,23363.588,MW,DE,DE_LU,actual_solar_generation,Solar,2026-06-06T16:24:29Z
2026-06-06T16:23:19Z,2026-06-06T18:23:19+0200,8d87ff8c-7229-4840-a478-c91fa6b6d43f,2026-05-31T07:15:00Z,2026-05-31T09:15:00+0200,25128.761,MW,DE,DE_LU,actual_solar_generation,Solar,2026-06-06T16:24:29Z
2026-06-06T16:23:19Z,2026-06-06T18:23:19+0200,8d87ff8c-7229-4840-a478-c91fa6b6d43f,2026-05-31T07:30:00Z,2026-05-31T09:30:00+0200,27115.877,MW,DE,DE_LU,actual_solar_generation,Solar,2026-06-06T16:24:29Z
2026-06-06T16:23:19Z,2026-06-06T18:23:19+0200,8d87ff8c-7229-4840-a478-c91fa6b6d43f,2026-05-31T07:45:00Z,2026-05-31T09:45:00+0200,28543.136,MW,DE,DE_LU,actual_solar_generation,Solar,2026-06-06T16:24:29Z
2026-06-06T16:23:19Z,2026-06-06T18:23:19+0200,8d87ff8c-7229-4840-a478-c91fa6b6d43f,2026-05-31T08:00:00Z,2026-05-31T10:00:00+0200,29581.361,MW,DE,DE_LU,actual_solar_generation,Solar,2026-06-06T16:24:29Z
2026-06-06T16:23:19Z,2026-06-06T18:23:19+0200,8d87ff8c-7229-4840-a478-c91fa6b6d43f,2026-05-31T08:15:00Z,2026-05-31T10:15:00+0200,30662.856,MW,DE,DE_LU,actual_solar_generation,Solar,2026-06-06T16:24:29Z
2026-06-06T16:23:19Z,2026-06-06T18:23:19+0200,8d87ff8c-7229-4840-a478-c91fa6b6d43f,2026-05-31T08:30:00Z,2026-05-31T10:30:00+0200,31768.649,MW,DE,DE_LU,actual_solar_generation,Solar,2026-06-06T16:24:29Z
2026-06-06T16:23:19Z,2026-06-06T18:23:19+0200,8d87ff8c-7229-4840-a478-c91fa6b6d43f,2026-05-31T08:45:00Z,2026-05-31T10:45:00+0200,32419.117,MW,DE,DE_LU,actual_solar_generation,Solar,2026-06-06T16:24:29Z
2026-06-06T16:23:19Z,2026-06-06T18:23:19+0200,8d87ff8c-7229-4840-a478-c91fa6b6d43f,2026-05-31T09:00:00Z,2026-05-31T11:00:00+0200,32918.596,MW,DE,DE_LU,actual_solar_generation,Solar,2026-06-06T16:24:29Z
2026-06-06T16:23:19Z,2026-06-06T18:23:19+0200,8d87ff8c-7229-4840-a478-c91fa6b6d43f,2026-05-31T09:15:00Z,2026-05-31T11:15:00+0200,33073.812,MW,DE,DE_LU,actual_solar_generation,Solar,2026-06-06T16:24:29Z
2026-06-06T16:23:19Z,2026-06-06T18:23:19+0200,8d87ff8c-7229-4840-a478-c91fa6b6d43f,2026-05-31T09:30:00Z,2026-05-31T11:30:00+0200,33384.666,MW,DE,DE_LU,actual_solar_generation,Solar,2026-06-06T16:24:29Z
2026-06-06T16:23:19Z,2026-06-06T18:23:19+0200,8d87ff8c-7229-4840-a478-c91fa6b6d43f,2026-05-31T09:45:00Z,2026-05-31T11:45:00+0200,33434.597,MW,DE,DE_LU,actual_solar_generation,Solar,2026-06-06T16:24:29Z
2026-06-06T16:23:19Z,2026-06-06T18:23:19+0200,8d87ff8c-7229-4840-a478-c91fa6b6d43f,2026-05-31T10:00:00Z,2026-05-31T12:00:00+0200,34080.137,MW,DE,DE_LU,actual_solar_generation,Solar,2026-06-06T16:24:29Z
2026-06-06T16:23:19Z,2026-06-06T18:23:19+0200,8d87ff8c-7229-4840-a478-c91fa6b6d43f,2026-05-31T10:15:00Z,2026-05-31T12:15:00+0200,34533.601,MW,DE,DE_LU,actual_solar_generation,Solar,2026-06-06T16:24:29Z
2026-06-06T16:23:19Z,2026-06-06T18:23:19+0200,8d87ff8c-7229-4840-a478-c91fa6b6d43f,2026-05-31T10:30:00Z,2026-05-31T12:30:00+0200,34363.14,MW,DE,DE_LU,actual_solar_generation,Solar,2026-06-06T16:24:29Z
2026-06-06T16:23:19Z,2026-06-06T18:23:19+0200,8d87ff8c-7229-4840-a478-c91fa6b6d43f,2026-05-31T10:45:00Z,2026-05-31T12:45:00+0200,33324.648,MW,DE,DE_LU,actual_solar_generation,Solar,2026-06-06T16:24:29Z
2026-06-06T16:23:19Z,2026-06-06T18:23:19+0200,8d87ff8c-7229-4840-a478-c91fa6b6d43f,2026-05-31T11:00:00Z,2026-05-31T13:00:00+0200,32133.942,MW,DE,DE_LU,actual_solar_generation,Solar,2026-06-06T16:24:29Z
2026-06-06T16:23:19Z,2026-06-06T18:23:19+0200,8d87ff8c-7229-4840-a478-c91fa6b6d43f,2026-05-31T11:15:00Z,2026-05-31T13:15:00+0200,31464.59,MW,DE,DE_LU,actual_solar_generation,Solar,2026-06-06T16:24:29Z
2026-06-06T16:23:19Z,2026-06-06T18:23:19+0200,8d87ff8c-7229-4840-a478-c91fa6b6d43f,2026-05-31T11:30:00Z,2026-05-31T13:30:00+0200,31246.319,MW,DE,DE_LU,actual_solar_generation,Solar,2026-06-06T16:24:29Z
2026-06-06T16:23:19Z,2026-06-06T18:23:19+0200,8d87ff8c-7229-4840-a478-c91fa6b6d43f,2026-05-31T11:45:00Z,2026-05-31T13:45:00+0200,30520.709,MW,DE,DE_LU,actual_solar_generation,Solar,2026-06-06T16:24:29Z
2026-06-06T16:23:19Z,2026-06-06T18:23:19+0200,8d87ff8c-7229-4840-a478-c91fa6b6d43f,2026-05-31T12:00:00Z,2026-05-31T14:00:00+0200,30232.002,MW,DE,DE_LU,actual_solar_generation,Solar,2026-06-06T16:24:29Z
2026-06-06T16:23:19Z,2026-06-06T18:23:19+0200,8d87ff8c-7229-4840-a478-c91fa6b6d43f,2026-05-31T12:15:00Z,2026-05-31T14:15:00+0200,30061.181,MW,DE,DE_LU,actual_solar_generation,Solar,2026-06-06T16:24:29Z
2026-06-06T16:23:19Z,2026-06-06T18:23:19+0200,8d87ff8c-7229-4840-a478-c91fa6b6d43f,2026-05-31T12:30:00Z,2026-05-31T14:30:00+0200,29992.099,MW,DE,DE_LU,actual_solar_generation,Solar,2026-06-06T16:24:29Z
2026-06-06T16:23:19Z,2026-06-06T18:23:19+0200,8d87ff8c-7229-4840-a478-c91fa6b6d43f,2026-05-31T12:45:00Z,2026-05-31T14:45:00+0200,29609.325,MW,DE,DE_LU,actual_solar_generation,Solar,2026-06-06T16:24:29Z
2026-06-06T16:23:19Z,2026-06-06T18:23:19+0200,8d87ff8c-7229-4840-a478-c91fa6b6d43f,2026-05-31T13:00:00Z,2026-05-31T15:00:00+0200,28941.299,MW,DE,DE_LU,actual_solar_generation,Solar,2026-06-06T16:24:29Z
2026-06-06T16:23:19Z,2026-06-06T18:23:19+0200,8d87ff8c-7229-4840-a478-c91fa6b6d43f,2026-05-31T13:15:00Z,2026-05-31T15:15:00+0200,28012.338,MW,DE,DE_LU,actual_solar_generation,Solar,2026-06-06T16:24:29Z
2026-06-06T16:23:19Z,2026-06-06T18:23:19+0200,8d87ff8c-7229-4840-a478-c91fa6b6d43f,2026-05-31T13:30:00Z,2026-05-31T15:30:00+0200,26939.66,MW,DE,DE_LU,actual_solar_generation,Solar,2026-06-06T16:24:29Z
2026-06-06T16:23:19Z,2026-06-06T18:23:19+0200,8d87ff8c-7229-4840-a478-c91fa6b6d43f,2026-05-31T13:45:00Z,2026-05-31T15:45:00+0200,25517.284,MW,DE,DE_LU,actual_solar_generation,Solar,2026-06-06T16:24:29Z
2026-06-06T16:23:19Z,2026-06-06T18:23:19+0200,8d87ff8c-7229-4840-a478-c91fa6b6d43f,2026-05-31T14:00:00Z,2026-05-31T16:00:00+0200,23705.921,MW,DE,DE_LU,actual_solar_generation,Solar,2026-06-06T16:24:29Z
2026-06-06T16:23:19Z,2026-06-06T18:23:19+0200,8d87ff8c-7229-4840-a478-c91fa6b6d43f,2026-05-31T14:15:00Z,2026-05-31T16:15:00+0200,22096.269,MW,DE,DE_LU,actual_solar_generation,Solar,2026-06-06T16:24:29Z
2026-06-06T16:23:19Z,2026-06-06T18:23:19+0200,8d87ff8c-7229-4840-a478-c91fa6b6d43f,2026-05-31T14:30:00Z,2026-05-31T16:30:00+0200,20473.405,MW,DE,DE_LU,actual_solar_generation,Solar,2026-06-06T16:24:29Z
2026-06-06T16:23:19Z,2026-06-06T18:23:19+0200,8d87ff8c-7229-4840-a478-c91fa6b6d43f,2026-05-31T14:45:00Z,2026-05-31T16:45:00+0200,18845.76,MW,DE,DE_LU,actual_solar_generation,Solar,2026-06-06T16:24:29Z
2026-06-06T16:23:19Z,2026-06-06T18:23:19+0200,8d87ff8c-7229-4840-a478-c91fa6b6d43f,2026-05-31T15:00:00Z,2026-05-31T17:00:00+0200,17246.721,MW,DE,DE_LU,actual_solar_generation,Solar,2026-06-06T16:24:29Z
2026-06-06T16:23:19Z,2026-06-06T18:23:19+0200,8d87ff8c-7229-4840-a478-c91fa6b6d43f,2026-05-31T15:15:00Z,2026-05-31T17:15:00+0200,15563.515,MW,DE,DE_LU,actual_solar_generation,Solar,2026-06-06T16:24:29Z
2026-06-06T16:23:19Z,2026-06-06T18:23:19+0200,8d87ff8c-7229-4840-a478-c91fa6b6d43f,2026-05-31T15:30:00Z,2026-05-31T17:30:00+0200,13990.324,MW,DE,DE_LU,actual_solar_generation,Solar,2026-06-06T16:24:29Z
2026-06-06T16:23:19Z,2026-06-06T18:23:19+0200,8d87ff8c-7229-4840-a478-c91fa6b6d43f,2026-05-31T15:45:00Z,2026-05-31T17:45:00+0200,12452.083,MW,DE,DE_LU,actual_solar_generation,Solar,2026-06-06T16:24:29Z
2026-06-06T16:23:19Z,2026-06-06T18:23:19+0200,8d87ff8c-7229-4840-a478-c91fa6b6d43f,2026-05-31T16:00:00Z,2026-05-31T18:00:00+0200,10980.742,MW,DE,DE_LU,actual_solar_generation,Solar,2026-06-06T16:24:29Z
2026-06-06T16:23:19Z,2026-06-06T18:23:19+0200,8d87ff8c-7229-4840-a478-c91fa6b6d43f,2026-05-31T16:15:00Z,2026-05-31T18:15:00+0200,9398.336,MW,DE,DE_LU,actual_solar_generation,Solar,2026-06-06T16:24:29Z
2026-06-06T16:23:19Z,2026-06-06T18:23:19+0200,8d87ff8c-7229-4840-a478-c91fa6b6d43f,2026-05-31T16:30:00Z,2026-05-31T18:30:00+0200,7890.921,MW,DE,DE_LU,actual_solar_generation,Solar,2026-06-06T16:24:29Z
2026-06-06T16:23:19Z,2026-06-06T18:23:19+0200,8d87ff8c-7229-4840-a478-c91fa6b6d43f,2026-05-31T16:45:00Z,2026-05-31T18:45:00+0200,6516.383,MW,DE,DE_LU,actual_solar_generation,Solar,2026-06-06T16:24:29Z
2026-06-06T16:23:19Z,2026-06-06T18:23:19+0200,8d87ff8c-7229-4840-a478-c91fa6b6d43f,2026-05-31T17:00:00Z,2026-05-31T19:00:00+0200,5297.54,MW,DE,DE_LU,actual_solar_generation,Solar,2026-06-06T16:24:29Z
2026-06-06T16:23:19Z,2026-06-06T18:23:19+0200,8d87ff8c-7229-4840-a478-c91fa6b6d43f,2026-05-31T17:15:00Z,2026-05-31T19:15:00+0200,4173.238,MW,DE,DE_LU,actual_solar_generation,Solar,2026-06-06T16:24:29Z
2026-06-06T16:23:19Z,2026-06-06T18:23:19+0200,8d87ff8c-7229-4840-a478-c91fa6b6d43f,2026-05-31T17:30:00Z,2026-05-31T19:30:00+0200,3271.252,MW,DE,DE_LU,actual_solar_generation,Solar,2026-06-06T16:24:29Z
2026-06-06T16:23:19Z,2026-06-06T18:23:19+0200,8d87ff8c-7229-4840-a478-c91fa6b6d43f,2026-05-31T17:45:00Z,2026-05-31T19:45:00+0200,2524.601,MW,DE,DE_LU,actual_solar_generation,Solar,2026-06-06T16:24:29Z
2026-06-06T16:23:19Z,2026-06-06T18:23:19+0200,8d87ff8c-7229-4840-a478-c91fa6b6d43f,2026-05-31T18:00:00Z,2026-05-31T20:00:00+0200,1852.538,MW,DE,DE_LU,actual_solar_generation,Solar,2026-06-06T16:24:29Z
2026-06-06T16:23:19Z,2026-06-06T18:23:19+0200,8d87ff8c-7229-4840-a478-c91fa6b6d43f,2026-05-31T18:15:00Z,2026-05-31T20:15:00+0200,1248.452,MW,DE,DE_LU,actual_solar_generation,Solar,2026-06-06T16:24:29Z
2026-06-06T16:23:19Z,2026-06-06T18:23:19+0200,8d87ff8c-7229-4840-a478-c91fa6b6d43f,2026-05-31T18:30:00Z,2026-05-31T20:30:00+0200,775.709,MW,DE,DE_LU,actual_solar_generation,Solar,2026-06-06T16:24:29Z
2026-06-06T16:23:19Z,2026-06-06T18:23:19+0200,8d87ff8c-7229-4840-a478-c91fa6b6d43f,2026-05-31T18:45:00Z,2026-05-31T20:45:00+0200,421.629,MW,DE,DE_LU,actual_solar_generation,Solar,2026-06-06T16:24:29Z
2026-06-06T16:23:19Z,2026-06-06T18:23:19+0200,8d87ff8c-7229-4840-a478-c91fa6b6d43f,2026-05-31T19:00:00Z,2026-05-31T21:00:00+0200,197.018,MW,DE,DE_LU,actual_solar_generation,Solar,2026-06-06T16:24:29Z
2026-06-06T16:23:19Z,2026-06-06T18:23:19+0200,8d87ff8c-7229-4840-a478-c91fa6b6d43f,2026-05-31T19:15:00Z,2026-05-31T21:15:00+0200,68.591,MW,DE,DE_LU,actual_solar_generation,Solar,2026-06-06T16:24:29Z
2026-06-06T16:23:19Z,2026-06-06T18:23:19+0200,8d87ff8c-7229-4840-a478-c91fa6b6d43f,2026-05-31T19:30:00Z,2026-05-31T21:30:00+0200,15.518,MW,DE,DE_LU,actual_solar_generation,Solar,2026-06-06T16:24:29Z
2026-06-06T16:23:19Z,2026-06-06T18:23:19+0200,8d87ff8c-7229-4840-a478-c91fa6b6d43f,2026-05-31T19:45:00Z,2026-05-31T21:45:00+0200,4.858,MW,DE,DE_LU,actual_solar_generation,Solar,2026-06-06T16:24:29Z
2026-06-06T16:23:19Z,2026-06-06T18:23:19+0200,8d87ff8c-7229-4840-a478-c91fa6b6d43f,2026-05-31T20:00:00Z,2026-05-31T22:00:00+0200,0.586,MW,DE,DE_LU,actual_solar_generation,Solar,2026-06-06T16:24:29Z
2026-06-06T16:23:19Z,2026-06-06T18:23:19+0200,8d87ff8c-7229-4840-a478-c91fa6b6d43f,2026-05-31T20:15:00Z,2026-05-31T22:15:00+0200,0.211,MW,DE,DE_LU,actual_solar_generation,Solar,2026-06-06T16:24:29Z
2026-06-06T16:23:19Z,2026-06-06T18:23:19+0200,8d87ff8c-7229-4840-a478-c91fa6b6d43f,2026-05-31T20:30:00Z,2026-05-31T22:30:00+0200,0.202,MW,DE,DE_LU,actual_solar_generation,Solar,2026-06-06T16:24:29Z
2026-06-06T16:23:19Z,2026-06-06T18:23:19+0200,8d87ff8c-7229-4840-a478-c91fa6b6d43f,2026-05-31T20:45:00Z,2026-05-31T22:45:00+0200,0.196,MW,DE,DE_LU,actual_solar_generation,Solar,2026-06-06T16:24:29Z
2026-06-06T16:23:19Z,2026-06-06T18:23:19+0200,8d87ff8c-7229-4840-a478-c91fa6b6d43f,2026-05-31T21:00:00Z,2026-05-31T23:00:00+0200,0.18,MW,DE,DE_LU,actual_solar_generation,Solar,2026-06-06T16:24:29Z
2026-06-06T16:23:19Z,2026-06-06T18:23:19+0200,8d87ff8c-7229-4840-a478-c91fa6b6d43f,2026-05-31T21:15:00Z,2026-05-31T23:15:00+0200,0.163,MW,DE,DE_LU,actual_solar_generation,Solar,2026-06-06T16:24:29Z
2026-06-06T16:23:19Z,2026-06-06T18:23:19+0200,8d87ff8c-7229-4840-a478-c91fa6b6d43f,2026-05-31T21:30:00Z,2026-05-31T23:30:00+0200,0.145,MW,DE,DE_LU,actual_solar_generation,Solar,2026-06-06T16:24:29Z
2026-06-06T16:23:19Z,2026-06-06T18:23:19+0200,8d87ff8c-7229-4840-a478-c91fa6b6d43f,2026-05-31T21:45:00Z,2026-05-31T23:45:00+0200,0.123,MW,DE,DE_LU,actual_solar_generation,Solar,2026-06-06T16:24:29Z
2026-06-06T16:23:19Z,2026-06-06T18:23:19+0200,8d87ff8c-7229-4840-a478-c91fa6b6d43f,2026-05-31T22:00:00Z,2026-06-01T00:00:00+0200,0.123,MW,DE,DE_LU,actual_solar_generation,Solar,2026-06-06T16:24:29Z
2026-06-06T16:23:19Z,2026-06-06T18:23:19+0200,8d87ff8c-7229-4840-a478-c91fa6b6d43f,2026-05-31T22:15:00Z,2026-06-01T00:15:00+0200,0.112,MW,DE,DE_LU,actual_solar_generation,Solar,2026-06-06T16:24:29Z
2026-06-06T16:23:19Z,2026-06-06T18:23:19+0200,8d87ff8c-7229-4840-a478-c91fa6b6d43f,2026-05-31T22:30:00Z,2026-06-01T00:30:00+0200,0.113,MW,DE,DE_LU,actual_solar_generation,Solar,2026-06-06T16:24:29Z
2026-06-06T16:23:19Z,2026-06-06T18:23:19+0200,8d87ff8c-7229-4840-a478-c91fa6b6d43f,2026-05-31T22:45:00Z,2026-06-01T00:45:00+0200,0.11,MW,DE,DE_LU,actual_solar_generation,Solar,2026-06-06T16:24:29Z
2026-06-06T16:23:19Z,2026-06-06T18:23:19+0200,8d87ff8c-7229-4840-a478-c91fa6b6d43f,2026-05-31T23:00:00Z,2026-06-01T01:00:00+0200,0.096,MW,DE,DE_LU,actual_solar_generation,Solar,2026-06-06T16:24:29Z
2026-06-06T16:23:19Z,2026-06-06T18:23:19+0200,8d87ff8c-7229-4840-a478-c91fa6b6d43f,2026-05-31T23:15:00Z,2026-06-01T01:15:00+0200,0.09,MW,DE,DE_LU,actual_solar_generation,Solar,2026-06-06T16:24:29Z
2026-06-06T16:23:19Z,2026-06-06T18:23:19+0200,8d87ff8c-7229-4840-a478-c91fa6b6d43f,2026-05-31T23:30:00Z,2026-06-01T01:30:00+0200,0.097,MW,DE,DE_LU,actual_solar_generation,Solar,2026-06-06T16:24:29Z
2026-06-06T16:23:19Z,2026-06-06T18:23:19+0200,8d87ff8c-7229-4840-a478-c91fa6b6d43f,2026-05-31T23:45:00Z,2026-06-01T01:45:00+0200,0.088,MW,DE,DE_LU,actual_solar_generation,Solar,2026-06-06T16:24:29Z
2026-06-06T16:23:19Z,2026-06-06T18:23:19+0200,8d87ff8c-7229-4840-a478-c91fa6b6d43f,2026-06-01T00:00:00Z,2026-06-01T02:00:00+0200,0.086,MW,DE,DE_LU,actual_solar_generation,Solar,2026-06-06T16:24:29Z
2026-06-06T16:23:19Z,2026-06-06T18:23:19+0200,8d87ff8c-7229-4840-a478-c91fa6b6d43f,2026-06-01T00:15:00Z,2026-06-01T02:15:00+0200,0.09,MW,DE,DE_LU,actual_solar_generation,Solar,2026-06-06T16:24:29Z
2026-06-06T16:23:19Z,2026-06-06T18:23:19+0200,8d87ff8c-7229-4840-a478-c91fa6b6d43f,2026-06-01T00:30:00Z,2026-06-01T02:30:00+0200,0.089,MW,DE,DE_LU,actual_solar_generation,Solar,2026-06-06T16:24:29Z
2026-06-06T16:23:19Z,2026-06-06T18:23:19+0200,8d87ff8c-7229-4840-a478-c91fa6b6d43f,2026-06-01T00:45:00Z,2026-06-01T02:45:00+0200,0.081,MW,DE,DE_LU,actual_solar_generation,Solar,2026-06-06T16:24:29Z
2026-06-06T16:23:19Z,2026-06-06T18:23:19+0200,8d87ff8c-7229-4840-a478-c91fa6b6d43f,2026-06-01T01:00:00Z,2026-06-01T03:00:00+0200,0.082,MW,DE,DE_LU,actual_solar_generation,Solar,2026-06-06T16:24:29Z
2026-06-06T16:23:19Z,2026-06-06T18:23:19+0200,8d87ff8c-7229-4840-a478-c91fa6b6d43f,2026-06-01T01:15:00Z,2026-06-01T03:15:00+0200,0.084,MW,DE,DE_LU,actual_solar_generation,Solar,2026-06-06T16:24:29Z
2026-06-06T16:23:19Z,2026-06-06T18:23:19+0200,8d87ff8c-7229-4840-a478-c91fa6b6d43f,2026-06-01T01:30:00Z,2026-06-01T03:30:00+0200,0.085,MW,DE,DE_LU,actual_solar_generation,Solar,2026-06-06T16:24:29Z
2026-06-06T16:23:19Z,2026-06-06T18:23:19+0200,8d87ff8c-7229-4840-a478-c91fa6b6d43f,2026-06-01T01:45:00Z,2026-06-01T03:45:00+0200,0.081,MW,DE,DE_LU,actual_solar_generation,Solar,2026-06-06T16:24:29Z
2026-06-06T16:23:19Z,2026-06-06T18:23:19+0200,8d87ff8c-7229-4840-a478-c91fa6b6d43f,2026-06-01T02:00:00Z,2026-06-01T04:00:00+0200,0.073,MW,DE,DE_LU,actual_solar_generation,Solar,2026-06-06T16:24:29Z
2026-06-06T16:23:19Z,2026-06-06T18:23:19+0200,8d87ff8c-7229-4840-a478-c91fa6b6d43f,2026-06-01T02:15:00Z,2026-06-01T04:15:00+0200,0.085,MW,DE,DE_LU,actual_solar_generation,Solar,2026-06-06T16:24:29Z
2026-06-06T16:23:19Z,2026-06-06T18:23:19+0200,8d87ff8c-7229-4840-a478-c91fa6b6d43f,2026-06-01T02:30:00Z,2026-06-01T04:30:00+0200,1.253,MW,DE,DE_LU,actual_solar_generation,Solar,2026-06-06T16:24:29Z
2026-06-06T16:23:19Z,2026-06-06T18:23:19+0200,8d87ff8c-7229-4840-a478-c91fa6b6d43f,2026-06-01T02:45:00Z,2026-06-01T04:45:00+0200,14.03,MW,DE,DE_LU,actual_solar_generation,Solar,2026-06-06T16:24:29Z
2026-06-06T16:23:19Z,2026-06-06T18:23:19+0200,8d87ff8c-7229-4840-a478-c91fa6b6d43f,2026-06-01T03:00:00Z,2026-06-01T05:00:00+0200,71.291,MW,DE,DE_LU,actual_solar_generation,Solar,2026-06-06T16:24:29Z
2026-06-06T16:23:19Z,2026-06-06T18:23:19+0200,8d87ff8c-7229-4840-a478-c91fa6b6d43f,2026-06-01T03:15:00Z,2026-06-01T05:15:00+0200,219.014,MW,DE,DE_LU,actual_solar_generation,Solar,2026-06-06T16:24:29Z
2026-06-06T16:23:19Z,2026-06-06T18:23:19+0200,8d87ff8c-7229-4840-a478-c91fa6b6d43f,2026-06-01T03:30:00Z,2026-06-01T05:30:00+0200,512.555,MW,DE,DE_LU,actual_solar_generation,Solar,2026-06-06T16:24:29Z
2026-06-06T16:23:19Z,2026-06-06T18:23:19+0200,8d87ff8c-7229-4840-a478-c91fa6b6d43f,2026-06-01T03:45:00Z,2026-06-01T05:45:00+0200,1088.305,MW,DE,DE_LU,actual_solar_generation,Solar,2026-06-06T16:24:29Z
2026-06-06T16:23:19Z,2026-06-06T18:23:19+0200,8d87ff8c-7229-4840-a478-c91fa6b6d43f,2026-06-01T04:00:00Z,2026-06-01T06:00:00+0200,1879.753,MW,DE,DE_LU,actual_solar_generation,Solar,2026-06-06T16:24:29Z
2026-06-06T16:23:19Z,2026-06-06T18:23:19+0200,8d87ff8c-7229-4840-a478-c91fa6b6d43f,2026-06-01T04:15:00Z,2026-06-01T06:15:00+0200,2823.474,MW,DE,DE_LU,actual_solar_generation,Solar,2026-06-06T16:24:29Z
2026-06-06T16:23:19Z,2026-06-06T18:23:19+0200,8d87ff8c-7229-4840-a478-c91fa6b6d43f,2026-06-01T04:30:00Z,2026-06-01T06:30:00+0200,3951.907,MW,DE,DE_LU,actual_solar_generation,Solar,2026-06-06T16:24:29Z
2026-06-06T16:23:19Z,2026-06-06T18:23:19+0200,8d87ff8c-7229-4840-a478-c91fa6b6d43f,2026-06-01T04:45:00Z,2026-06-01T06:45:00+0200,5243.152,MW,DE,DE_LU,actual_solar_generation,Solar,2026-06-06T16:24:29Z
2026-06-06T16:23:19Z,2026-06-06T18:23:19+0200,8d87ff8c-7229-4840-a478-c91fa6b6d43f,2026-06-01T05:00:00Z,2026-06-01T07:00:00+0200,6717.931,MW,DE,DE_LU,actual_solar_generation,Solar,2026-06-06T16:24:29Z
2026-06-06T16:23:19Z,2026-06-06T18:23:19+0200,8d87ff8c-7229-4840-a478-c91fa6b6d43f,2026-06-01T05:15:00Z,2026-06-01T07:15:00+0200,8362.574,MW,DE,DE_LU,actual_solar_generation,Solar,2026-06-06T16:24:29Z
2026-06-06T16:23:19Z,2026-06-06T18:23:19+0200,8d87ff8c-7229-4840-a478-c91fa6b6d43f,2026-06-01T05:30:00Z,2026-06-01T07:30:00+0200,10314.188,MW,DE,DE_LU,actual_solar_generation,Solar,2026-06-06T16:24:29Z
2026-06-06T16:23:19Z,2026-06-06T18:23:19+0200,8d87ff8c-7229-4840-a478-c91fa6b6d43f,2026-06-01T05:45:00Z,2026-06-01T07:45:00+0200,12495.27,MW,DE,DE_LU,actual_solar_generation,Solar,2026-06-06T16:24:29Z
2026-06-06T16:23:19Z,2026-06-06T18:23:19+0200,8d87ff8c-7229-4840-a478-c91fa6b6d43f,2026-06-01T06:00:00Z,2026-06-01T08:00:00+0200,14609.294,MW,DE,DE_LU,actual_solar_generation,Solar,2026-06-06T16:24:29Z
2026-06-06T16:23:19Z,2026-06-06T18:23:19+0200,8d87ff8c-7229-4840-a478-c91fa6b6d43f,2026-06-01T06:15:00Z,2026-06-01T08:15:00+0200,16854.155,MW,DE,DE_LU,actual_solar_generation,Solar,2026-06-06T16:24:29Z
2026-06-06T16:23:19Z,2026-06-06T18:23:19+0200,8d87ff8c-7229-4840-a478-c91fa6b6d43f,2026-06-01T06:30:00Z,2026-06-01T08:30:00+0200,19223.707,MW,DE,DE_LU,actual_solar_generation,Solar,2026-06-06T16:24:29Z
2026-06-06T16:23:19Z,2026-06-06T18:23:19+0200,8d87ff8c-7229-4840-a478-c91fa6b6d43f,2026-06-01T06:45:00Z,2026-06-01T08:45:00+0200,21573.165,MW,DE,DE_LU,actual_solar_generation,Solar,2026-06-06T16:24:29Z
2026-06-06T16:23:19Z,2026-06-06T18:23:19+0200,8d87ff8c-7229-4840-a478-c91fa6b6d43f,2026-06-01T07:00:00Z,2026-06-01T09:00:00+0200,23800.866,MW,DE,DE_LU,actual_solar_generation,Solar,2026-06-06T16:24:29Z
2026-06-06T16:23:19Z,2026-06-06T18:23:19+0200,8d87ff8c-7229-4840-a478-c91fa6b6d43f,2026-06-01T07:15:00Z,2026-06-01T09:15:00+0200,25958.983,MW,DE,DE_LU,actual_solar_generation,Solar,2026-06-06T16:24:29Z
2026-06-06T16:23:19Z,2026-06-06T18:23:19+0200,8d87ff8c-7229-4840-a478-c91fa6b6d43f,2026-06-01T07:30:00Z,2026-06-01T09:30:00+0200,27929.636,MW,DE,DE_LU,actual_solar_generation,Solar,2026-06-06T16:24:29Z
2026-06-06T16:23:19Z,2026-06-06T18:23:19+0200,8d87ff8c-7229-4840-a478-c91fa6b6d43f,2026-06-01T07:45:00Z,2026-06-01T09:45:00+0200,30276.271,MW,DE,DE_LU,actual_solar_generation,Solar,2026-06-06T16:24:29Z
2026-06-06T16:23:19Z,2026-06-06T18:23:19+0200,8d87ff8c-7229-4840-a478-c91fa6b6d43f,2026-06-01T08:00:00Z,2026-06-01T10:00:00+0200,32283.063,MW,DE,DE_LU,actual_solar_generation,Solar,2026-06-06T16:24:29Z
2026-06-06T16:23:19Z,2026-06-06T18:23:19+0200,8d87ff8c-7229-4840-a478-c91fa6b6d43f,2026-06-01T08:15:00Z,2026-06-01T10:15:00+0200,34274.694,MW,DE,DE_LU,actual_solar_generation,Solar,2026-06-06T16:24:29Z
2026-06-06T16:23:19Z,2026-06-06T18:23:19+0200,8d87ff8c-7229-4840-a478-c91fa6b6d43f,2026-06-01T08:30:00Z,2026-06-01T10:30:00+0200,36057.862,MW,DE,DE_LU,actual_solar_generation,Solar,2026-06-06T16:24:29Z
2026-06-06T16:23:19Z,2026-06-06T18:23:19+0200,8d87ff8c-7229-4840-a478-c91fa6b6d43f,2026-06-01T08:45:00Z,2026-06-01T10:45:00+0200,38017.909,MW,DE,DE_LU,actual_solar_generation,Solar,2026-06-06T16:24:29Z
2026-06-06T16:23:19Z,2026-06-06T18:23:19+0200,8d87ff8c-7229-4840-a478-c91fa6b6d43f,2026-06-01T09:00:00Z,2026-06-01T11:00:00+0200,39260.504,MW,DE,DE_LU,actual_solar_generation,Solar,2026-06-06T16:24:29Z
2026-06-06T16:23:19Z,2026-06-06T18:23:19+0200,8d87ff8c-7229-4840-a478-c91fa6b6d43f,2026-06-01T09:15:00Z,2026-06-01T11:15:00+0200,40495.636,MW,DE,DE_LU,actual_solar_generation,Solar,2026-06-06T16:24:29Z
2026-06-06T16:23:19Z,2026-06-06T18:23:19+0200,8d87ff8c-7229-4840-a478-c91fa6b6d43f,2026-06-01T09:30:00Z,2026-06-01T11:30:00+0200,41684.295,MW,DE,DE_LU,actual_solar_generation,Solar,2026-06-06T16:24:29Z
2026-06-06T16:23:19Z,2026-06-06T18:23:19+0200,8d87ff8c-7229-4840-a478-c91fa6b6d43f,2026-06-01T09:45:00Z,2026-06-01T11:45:00+0200,42473.553,MW,DE,DE_LU,actual_solar_generation,Solar,2026-06-06T16:24:29Z
2026-06-06T16:23:19Z,2026-06-06T18:23:19+0200,8d87ff8c-7229-4840-a478-c91fa6b6d43f,2026-06-01T10:00:00Z,2026-06-01T12:00:00+0200,43097.247,MW,DE,DE_LU,actual_solar_generation,Solar,2026-06-06T16:24:29Z
2026-06-06T16:23:19Z,2026-06-06T18:23:19+0200,8d87ff8c-7229-4840-a478-c91fa6b6d43f,2026-06-01T10:15:00Z,2026-06-01T12:15:00+0200,43573.605,MW,DE,DE_LU,actual_solar_generation,Solar,2026-06-06T16:24:29Z
2026-06-06T16:23:19Z,2026-06-06T18:23:19+0200,8d87ff8c-7229-4840-a478-c91fa6b6d43f,2026-06-01T10:30:00Z,2026-06-01T12:30:00+0200,44087.744,MW,DE,DE_LU,actual_solar_generation,Solar,2026-06-06T16:24:29Z
2026-06-06T16:23:19Z,2026-06-06T18:23:19+0200,8d87ff8c-7229-4840-a478-c91fa6b6d43f,2026-06-01T10:45:00Z,2026-06-01T12:45:00+0200,44062.372,MW,DE,DE_LU,actual_solar_generation,Solar,2026-06-06T16:24:29Z
2026-06-06T16:23:19Z,2026-06-06T18:23:19+0200,8d87ff8c-7229-4840-a478-c91fa6b6d43f,2026-06-01T11:00:00Z,2026-06-01T13:00:00+0200,44505.609,MW,DE,DE_LU,actual_solar_generation,Solar,2026-06-06T16:24:29Z
2026-06-06T16:23:19Z,2026-06-06T18:23:19+0200,8d87ff8c-7229-4840-a478-c91fa6b6d43f,2026-06-01T11:15:00Z,2026-06-01T13:15:00+0200,44502.703,MW,DE,DE_LU,actual_solar_generation,Solar,2026-06-06T16:24:29Z
2026-06-06T16:23:19Z,2026-06-06T18:23:19+0200,8d87ff8c-7229-4840-a478-c91fa6b6d43f,2026-06-01T11:30:00Z,2026-06-01T13:30:00+0200,44333.657,MW,DE,DE_LU,actual_solar_generation,Solar,2026-06-06T16:24:29Z
2026-06-06T16:23:19Z,2026-06-06T18:23:19+0200,8d87ff8c-7229-4840-a478-c91fa6b6d43f,2026-06-01T11:45:00Z,2026-06-01T13:45:00+0200,44021.329,MW,DE,DE_LU,actual_solar_generation,Solar,2026-06-06T16:24:29Z
2026-06-06T16:23:19Z,2026-06-06T18:23:19+0200,8d87ff8c-7229-4840-a478-c91fa6b6d43f,2026-06-01T12:00:00Z,2026-06-01T14:00:00+0200,43744.454,MW,DE,DE_LU,actual_solar_generation,Solar,2026-06-06T16:24:29Z
2026-06-06T16:23:19Z,2026-06-06T18:23:19+0200,8d87ff8c-7229-4840-a478-c91fa6b6d43f,2026-06-01T12:15:00Z,2026-06-01T14:15:00+0200,43368.94,MW,DE,DE_LU,actual_solar_generation,Solar,2026-06-06T16:24:29Z
2026-06-06T16:23:19Z,2026-06-06T18:23:19+0200,8d87ff8c-7229-4840-a478-c91fa6b6d43f,2026-06-01T12:30:00Z,2026-06-01T14:30:00+0200,42994.972,MW,DE,DE_LU,actual_solar_generation,Solar,2026-06-06T16:24:29Z
2026-06-06T16:23:19Z,2026-06-06T18:23:19+0200,8d87ff8c-7229-4840-a478-c91fa6b6d43f,2026-06-01T12:45:00Z,2026-06-01T14:45:00+0200,42008.635,MW,DE,DE_LU,actual_solar_generation,Solar,2026-06-06T16:24:29Z
2026-06-06T16:23:19Z,2026-06-06T18:23:19+0200,8d87ff8c-7229-4840-a478-c91fa6b6d43f,2026-06-01T13:00:00Z,2026-06-01T15:00:00+0200,41316.136,MW,DE,DE_LU,actual_solar_generation,Solar,2026-06-06T16:24:29Z
2026-06-06T16:23:19Z,2026-06-06T18:23:19+0200,8d87ff8c-7229-4840-a478-c91fa6b6d43f,2026-06-01T13:15:00Z,2026-06-01T15:15:00+0200,40326.431,MW,DE,DE_LU,actual_solar_generation,Solar,2026-06-06T16:24:29Z
2026-06-06T16:23:19Z,2026-06-06T18:23:19+0200,8d87ff8c-7229-4840-a478-c91fa6b6d43f,2026-06-01T13:30:00Z,2026-06-01T15:30:00+0200,38804.119,MW,DE,DE_LU,actual_solar_generation,Solar,2026-06-06T16:24:29Z
2026-06-06T16:23:19Z,2026-06-06T18:23:19+0200,8d87ff8c-7229-4840-a478-c91fa6b6d43f,2026-06-01T13:45:00Z,2026-06-01T15:45:00+0200,37374.447,MW,DE,DE_LU,actual_solar_generation,Solar,2026-06-06T16:24:29Z
2026-06-06T16:23:19Z,2026-06-06T18:23:19+0200,8d87ff8c-7229-4840-a478-c91fa6b6d43f,2026-06-01T14:00:00Z,2026-06-01T16:00:00+0200,35826.727,MW,DE,DE_LU,actual_solar_generation,Solar,2026-06-06T16:24:29Z
2026-06-06T16:23:19Z,2026-06-06T18:23:19+0200,8d87ff8c-7229-4840-a478-c91fa6b6d43f,2026-06-01T14:15:00Z,2026-06-01T16:15:00+0200,34782.124,MW,DE,DE_LU,actual_solar_generation,Solar,2026-06-06T16:24:29Z
2026-06-06T16:23:19Z,2026-06-06T18:23:19+0200,8d87ff8c-7229-4840-a478-c91fa6b6d43f,2026-06-01T14:30:00Z,2026-06-01T16:30:00+0200,32927.49,MW,DE,DE_LU,actual_solar_generation,Solar,2026-06-06T16:24:29Z
2026-06-06T16:23:19Z,2026-06-06T18:23:19+0200,8d87ff8c-7229-4840-a478-c91fa6b6d43f,2026-06-01T14:45:00Z,2026-06-01T16:45:00+0200,30961.934,MW,DE,DE_LU,actual_solar_generation,Solar,2026-06-06T16:24:29Z
2026-06-06T16:23:19Z,2026-06-06T18:23:19+0200,8d87ff8c-7229-4840-a478-c91fa6b6d43f,2026-06-01T15:00:00Z,2026-06-01T17:00:00+0200,28844.775,MW,DE,DE_LU,actual_solar_generation,Solar,2026-06-06T16:24:29Z
2026-06-06T16:23:19Z,2026-06-06T18:23:19+0200,8d87ff8c-7229-4840-a478-c91fa6b6d43f,2026-06-01T15:15:00Z,2026-06-01T17:15:00+0200,26759.176,MW,DE,DE_LU,actual_solar_generation,Solar,2026-06-06T16:24:29Z
2026-06-06T16:23:19Z,2026-06-06T18:23:19+0200,8d87ff8c-7229-4840-a478-c91fa6b6d43f,2026-06-01T15:30:00Z,2026-06-01T17:30:00+0200,24453.252,MW,DE,DE_LU,actual_solar_generation,Solar,2026-06-06T16:24:29Z
2026-06-06T16:23:19Z,2026-06-06T18:23:19+0200,8d87ff8c-7229-4840-a478-c91fa6b6d43f,2026-06-01T15:45:00Z,2026-06-01T17:45:00+0200,22159.896,MW,DE,DE_LU,actual_solar_generation,Solar,2026-06-06T16:24:29Z
2026-06-06T16:23:19Z,2026-06-06T18:23:19+0200,8d87ff8c-7229-4840-a478-c91fa6b6d43f,2026-06-01T16:00:00Z,2026-06-01T18:00:00+0200,19949.443,MW,DE,DE_LU,actual_solar_generation,Solar,2026-06-06T16:24:29Z
2026-06-06T16:23:19Z,2026-06-06T18:23:19+0200,8d87ff8c-7229-4840-a478-c91fa6b6d43f,2026-06-01T16:15:00Z,2026-06-01T18:15:00+0200,17311.597,MW,DE,DE_LU,actual_solar_generation,Solar,2026-06-06T16:24:29Z
2026-06-06T16:23:19Z,2026-06-06T18:23:19+0200,8d87ff8c-7229-4840-a478-c91fa6b6d43f,2026-06-01T16:30:00Z,2026-06-01T18:30:00+0200,14892.083,MW,DE,DE_LU,actual_solar_generation,Solar,2026-06-06T16:24:29Z
2026-06-06T16:23:19Z,2026-06-06T18:23:19+0200,8d87ff8c-7229-4840-a478-c91fa6b6d43f,2026-06-01T16:45:00Z,2026-06-01T18:45:00+0200,12523.851,MW,DE,DE_LU,actual_solar_generation,Solar,2026-06-06T16:24:29Z
2026-06-06T16:23:19Z,2026-06-06T18:23:19+0200,8d87ff8c-7229-4840-a478-c91fa6b6d43f,2026-06-01T17:00:00Z,2026-06-01T19:00:00+0200,10272.111,MW,DE,DE_LU,actual_solar_generation,Solar,2026-06-06T16:24:29Z
2026-06-06T16:23:19Z,2026-06-06T18:23:19+0200,8d87ff8c-7229-4840-a478-c91fa6b6d43f,2026-06-01T17:15:00Z,2026-06-01T19:15:00+0200,8333.808,MW,DE,DE_LU,actual_solar_generation,Solar,2026-06-06T16:24:29Z
2026-06-06T16:23:19Z,2026-06-06T18:23:19+0200,8d87ff8c-7229-4840-a478-c91fa6b6d43f,2026-06-01T17:30:00Z,2026-06-01T19:30:00+0200,6579.843,MW,DE,DE_LU,actual_solar_generation,Solar,2026-06-06T16:24:29Z
2026-06-06T16:23:19Z,2026-06-06T18:23:19+0200,8d87ff8c-7229-4840-a478-c91fa6b6d43f,2026-06-01T17:45:00Z,2026-06-01T19:45:00+0200,5020.468,MW,DE,DE_LU,actual_solar_generation,Solar,2026-06-06T16:24:29Z
2026-06-06T16:23:19Z,2026-06-06T18:23:19+0200,8d87ff8c-7229-4840-a478-c91fa6b6d43f,2026-06-01T18:00:00Z,2026-06-01T20:00:00+0200,3631.491,MW,DE,DE_LU,actual_solar_generation,Solar,2026-06-06T16:24:29Z
2026-06-06T16:23:19Z,2026-06-06T18:23:19+0200,8d87ff8c-7229-4840-a478-c91fa6b6d43f,2026-06-01T18:15:00Z,2026-06-01T20:15:00+0200,2485.833,MW,DE,DE_LU,actual_solar_generation,Solar,2026-06-06T16:24:29Z
2026-06-06T16:23:19Z,2026-06-06T18:23:19+0200,8d87ff8c-7229-4840-a478-c91fa6b6d43f,2026-06-01T18:30:00Z,2026-06-01T20:30:00+0200,1532.381,MW,DE,DE_LU,actual_solar_generation,Solar,2026-06-06T16:24:29Z
2026-06-06T16:23:19Z,2026-06-06T18:23:19+0200,8d87ff8c-7229-4840-a478-c91fa6b6d43f,2026-06-01T18:45:00Z,2026-06-01T20:45:00+0200,786.693,MW,DE,DE_LU,actual_solar_generation,Solar,2026-06-06T16:24:29Z
2026-06-06T16:23:19Z,2026-06-06T18:23:19+0200,8d87ff8c-7229-4840-a478-c91fa6b6d43f,2026-06-01T19:00:00Z,2026-06-01T21:00:00+0200,311.982,MW,DE,DE_LU,actual_solar_generation,Solar,2026-06-06T16:24:29Z
2026-06-06T16:23:19Z,2026-06-06T18:23:19+0200,8d87ff8c-7229-4840-a478-c91fa6b6d43f,2026-06-01T19:15:00Z,2026-06-01T21:15:00+0200,91.901,MW,DE,DE_LU,actual_solar_generation,Solar,2026-06-06T16:24:29Z
2026-06-06T16:23:19Z,2026-06-06T18:23:19+0200,8d87ff8c-7229-4840-a478-c91fa6b6d43f,2026-06-01T19:30:00Z,2026-06-01T21:30:00+0200,16.166,MW,DE,DE_LU,actual_solar_generation,Solar,2026-06-06T16:24:29Z
2026-06-06T16:23:19Z,2026-06-06T18:23:19+0200,8d87ff8c-7229-4840-a478-c91fa6b6d43f,2026-06-01T19:45:00Z,2026-06-01T21:45:00+0200,4.408,MW,DE,DE_LU,actual_solar_generation,Solar,2026-06-06T16:24:29Z
2026-06-06T16:23:19Z,2026-06-06T18:23:19+0200,8d87ff8c-7229-4840-a478-c91fa6b6d43f,2026-06-01T20:00:00Z,2026-06-01T22:00:00+0200,0.584,MW,DE,DE_LU,actual_solar_generation,Solar,2026-06-06T16:24:29Z
2026-06-06T16:23:19Z,2026-06-06T18:23:19+0200,8d87ff8c-7229-4840-a478-c91fa6b6d43f,2026-06-01T20:15:00Z,2026-06-01T22:15:00+0200,0.229,MW,DE,DE_LU,actual_solar_generation,Solar,2026-06-06T16:24:29Z
2026-06-06T16:23:19Z,2026-06-06T18:23:19+0200,8d87ff8c-7229-4840-a478-c91fa6b6d43f,2026-06-01T20:30:00Z,2026-06-01T22:30:00+0200,0.206,MW,DE,DE_LU,actual_solar_generation,Solar,2026-06-06T16:24:29Z
2026-06-06T16:23:19Z,2026-06-06T18:23:19+0200,8d87ff8c-7229-4840-a478-c91fa6b6d43f,2026-06-01T20:45:00Z,2026-06-01T22:45:00+0200,0.187,MW,DE,DE_LU,actual_solar_generation,Solar,2026-06-06T16:24:29Z
2026-06-06T16:23:19Z,2026-06-06T18:23:19+0200,8d87ff8c-7229-4840-a478-c91fa6b6d43f,2026-06-01T21:00:00Z,2026-06-01T23:00:00+0200,0.188,MW,DE,DE_LU,actual_solar_generation,Solar,2026-06-06T16:24:29Z
2026-06-06T16:23:19Z,2026-06-06T18:23:19+0200,8d87ff8c-7229-4840-a478-c91fa6b6d43f,2026-06-01T21:15:00Z,2026-06-01T23:15:00+0200,0.16,MW,DE,DE_LU,actual_solar_generation,Solar,2026-06-06T16:24:29Z
2026-06-06T16:23:19Z,2026-06-06T18:23:19+0200,8d87ff8c-7229-4840-a478-c91fa6b6d43f,2026-06-01T21:30:00Z,2026-06-01T23:30:00+0200,0.15,MW,DE,DE_LU,actual_solar_generation,Solar,2026-06-06T16:24:29Z
2026-06-06T16:23:19Z,2026-06-06T18:23:19+0200,8d87ff8c-7229-4840-a478-c91fa6b6d43f,2026-06-01T21:45:00Z,2026-06-01T23:45:00+0200,0.129,MW,DE,DE_LU,actual_solar_generation,Solar,2026-06-06T16:24:29Z
2026-06-06T16:23:19Z,2026-06-06T18:23:19+0200,8d87ff8c-7229-4840-a478-c91fa6b6d43f,2026-06-01T22:00:00Z,2026-06-02T00:00:00+0200,0.125,MW,DE,DE_LU,actual_solar_generation,Solar,2026-06-06T16:24:29Z
2026-06-06T16:23:19Z,2026-06-06T18:23:19+0200,8d87ff8c-7229-4840-a478-c91fa6b6d43f,2026-06-01T22:15:00Z,2026-06-02T00:15:00+0200,0.118,MW,DE,DE_LU,actual_solar_generation,Solar,2026-06-06T16:24:29Z
2026-06-06T16:23:19Z,2026-06-06T18:23:19+0200,8d87ff8c-7229-4840-a478-c91fa6b6d43f,2026-06-01T22:30:00Z,2026-06-02T00:30:00+0200,0.117,MW,DE,DE_LU,actual_solar_generation,Solar,2026-06-06T16:24:29Z
2026-06-06T16:23:19Z,2026-06-06T18:23:19+0200,8d87ff8c-7229-4840-a478-c91fa6b6d43f,2026-06-01T22:45:00Z,2026-06-02T00:45:00+0200,0.112,MW,DE,DE_LU,actual_solar_generation,Solar,2026-06-06T16:24:29Z
2026-06-06T16:23:19Z,2026-06-06T18:23:19+0200,8d87ff8c-7229-4840-a478-c91fa6b6d43f,2026-06-01T23:00:00Z,2026-06-02T01:00:00+0200,0.108,MW,DE,DE_LU,actual_solar_generation,Solar,2026-06-06T16:24:29Z
2026-06-06T16:23:19Z,2026-06-06T18:23:19+0200,8d87ff8c-7229-4840-a478-c91fa6b6d43f,2026-06-01T23:15:00Z,2026-06-02T01:15:00+0200,0.108,MW,DE,DE_LU,actual_solar_generation,Solar,2026-06-06T16:24:29Z
2026-06-06T16:23:19Z,2026-06-06T18:23:19+0200,8d87ff8c-7229-4840-a478-c91fa6b6d43f,2026-06-01T23:30:00Z,2026-06-02T01:30:00+0200,0.097,MW,DE,DE_LU,actual_solar_generation,Solar,2026-06-06T16:24:29Z
2026-06-06T16:23:19Z,2026-06-06T18:23:19+0200,8d87ff8c-7229-4840-a478-c91fa6b6d43f,2026-06-01T23:45:00Z,2026-06-02T01:45:00+0200,0.095,MW,DE,DE_LU,actual_solar_generation,Solar,2026-06-06T16:24:29Z
2026-06-06T16:23:19Z,2026-06-06T18:23:19+0200,8d87ff8c-7229-4840-a478-c91fa6b6d43f,2026-06-02T00:00:00Z,2026-06-02T02:00:00+0200,0.096,MW,DE,DE_LU,actual_solar_generation,Solar,2026-06-06T16:24:29Z
2026-06-06T16:23:19Z,2026-06-06T18:23:19+0200,8d87ff8c-7229-4840-a478-c91fa6b6d43f,2026-06-02T00:15:00Z,2026-06-02T02:15:00+0200,0.086,MW,DE,DE_LU,actual_solar_generation,Solar,2026-06-06T16:24:29Z
2026-06-06T16:23:19Z,2026-06-06T18:23:19+0200,8d87ff8c-7229-4840-a478-c91fa6b6d43f,2026-06-02T00:30:00Z,2026-06-02T02:30:00+0200,0.089,MW,DE,DE_LU,actual_solar_generation,Solar,2026-06-06T16:24:29Z
2026-06-06T16:23:19Z,2026-06-06T18:23:19+0200,8d87ff8c-7229-4840-a478-c91fa6b6d43f,2026-06-02T00:45:00Z,2026-06-02T02:45:00+0200,0.083,MW,DE,DE_LU,actual_solar_generation,Solar,2026-06-06T16:24:29Z
2026-06-06T16:23:19Z,2026-06-06T18:23:19+0200,8d87ff8c-7229-4840-a478-c91fa6b6d43f,2026-06-02T01:00:00Z,2026-06-02T03:00:00+0200,0.08,MW,DE,DE_LU,actual_solar_generation,Solar,2026-06-06T16:24:29Z
2026-06-06T16:23:19Z,2026-06-06T18:23:19+0200,8d87ff8c-7229-4840-a478-c91fa6b6d43f,2026-06-02T01:15:00Z,2026-06-02T03:15:00+0200,0.078,MW,DE,DE_LU,actual_solar_generation,Solar,2026-06-06T16:24:29Z
2026-06-06T16:23:19Z,2026-06-06T18:23:19+0200,8d87ff8c-7229-4840-a478-c91fa6b6d43f,2026-06-02T01:30:00Z,2026-06-02T03:30:00+0200,0.078,MW,DE,DE_LU,actual_solar_generation,Solar,2026-06-06T16:24:29Z
2026-06-06T16:23:19Z,2026-06-06T18:23:19+0200,8d87ff8c-7229-4840-a478-c91fa6b6d43f,2026-06-02T01:45:00Z,2026-06-02T03:45:00+0200,0.074,MW,DE,DE_LU,actual_solar_generation,Solar,2026-06-06T16:24:29Z
2026-06-06T16:23:19Z,2026-06-06T18:23:19+0200,8d87ff8c-7229-4840-a478-c91fa6b6d43f,2026-06-02T02:00:00Z,2026-06-02T04:00:00+0200,0.078,MW,DE,DE_LU,actual_solar_generation,Solar,2026-06-06T16:24:29Z
2026-06-06T16:23:19Z,2026-06-06T18:23:19+0200,8d87ff8c-7229-4840-a478-c91fa6b6d43f,2026-06-02T02:15:00Z,2026-06-02T04:15:00+0200,0.086,MW,DE,DE_LU,actual_solar_generation,Solar,2026-06-06T16:24:29Z
2026-06-06T16:23:19Z,2026-06-06T18:23:19+0200,8d87ff8c-7229-4840-a478-c91fa6b6d43f,2026-06-02T02:30:00Z,2026-06-02T04:30:00+0200,0.843,MW,DE,DE_LU,actual_solar_generation,Solar,2026-06-06T16:24:29Z
2026-06-06T16:23:19Z,2026-06-06T18:23:19+0200,8d87ff8c-7229-4840-a478-c91fa6b6d43f,2026-06-02T02:45:00Z,2026-06-02T04:45:00+0200,10.944,MW,DE,DE_LU,actual_solar_generation,Solar,2026-06-06T16:24:29Z
2026-06-06T16:23:19Z,2026-06-06T18:23:19+0200,8d87ff8c-7229-4840-a478-c91fa6b6d43f,2026-06-02T03:00:00Z,2026-06-02T05:00:00+0200,81.137,MW,DE,DE_LU,actual_solar_generation,Solar,2026-06-06T16:24:29Z
2026-06-06T16:23:19Z,2026-06-06T18:23:19+0200,8d87ff8c-7229-4840-a478-c91fa6b6d43f,2026-06-02T03:15:00Z,2026-06-02T05:15:00+0200,320.12,MW,DE,DE_LU,actual_solar_generation,Solar,2026-06-06T16:24:29Z
2026-06-06T16:23:19Z,2026-06-06T18:23:19+0200,8d87ff8c-7229-4840-a478-c91fa6b6d43f,2026-06-02T03:30:00Z,2026-06-02T05:30:00+0200,869.877,MW,DE,DE_LU,actual_solar_generation,Solar,2026-06-06T16:24:29Z
2026-06-06T16:23:19Z,2026-06-06T18:23:19+0200,8d87ff8c-7229-4840-a478-c91fa6b6d43f,2026-06-02T03:45:00Z,2026-06-02T05:45:00+0200,1729.818,MW,DE,DE_LU,actual_solar_generation,Solar,2026-06-06T16:24:29Z
2026-06-06T16:23:19Z,2026-06-06T18:23:19+0200,8d87ff8c-7229-4840-a478-c91fa6b6d43f,2026-06-02T04:00:00Z,2026-06-02T06:00:00+0200,2734.309,MW,DE,DE_LU,actual_solar_generation,Solar,2026-06-06T16:24:29Z
2026-06-06T16:23:19Z,2026-06-06T18:23:19+0200,8d87ff8c-7229-4840-a478-c91fa6b6d43f,2026-06-02T04:15:00Z,2026-06-02T06:15:00+0200,3930.613,MW,DE,DE_LU,actual_solar_generation,Solar,2026-06-06T16:24:29Z
2026-06-06T16:23:19Z,2026-06-06T18:23:19+0200,8d87ff8c-7229-4840-a478-c91fa6b6d43f,2026-06-02T04:30:00Z,2026-06-02T06:30:00+0200,5330.808,MW,DE,DE_LU,actual_solar_generation,Solar,2026-06-06T16:24:29Z
2026-06-06T16:23:19Z,2026-06-06T18:23:19+0200,8d87ff8c-7229-4840-a478-c91fa6b6d43f,2026-06-02T04:45:00Z,2026-06-02T06:45:00+0200,6939.423,MW,DE,DE_LU,actual_solar_generation,Solar,2026-06-06T16:24:29Z
2026-06-06T16:23:19Z,2026-06-06T18:23:19+0200,8d87ff8c-7229-4840-a478-c91fa6b6d43f,2026-06-02T05:00:00Z,2026-06-02T07:00:00+0200,8707.387,MW,DE,DE_LU,actual_solar_generation,Solar,2026-06-06T16:24:29Z
2026-06-06T16:23:19Z,2026-06-06T18:23:19+0200,8d87ff8c-7229-4840-a478-c91fa6b6d43f,2026-06-02T05:15:00Z,2026-06-02T07:15:00+0200,10577.52,MW,DE,DE_LU,actual_solar_generation,Solar,2026-06-06T16:24:29Z
2026-06-06T16:23:19Z,2026-06-06T18:23:19+0200,8d87ff8c-7229-4840-a478-c91fa6b6d43f,2026-06-02T05:30:00Z,2026-06-02T07:30:00+0200,12719.951,MW,DE,DE_LU,actual_solar_generation,Solar,2026-06-06T16:24:29Z
2026-06-06T16:23:19Z,2026-06-06T18:23:19+0200,8d87ff8c-7229-4840-a478-c91fa6b6d43f,2026-06-02T05:45:00Z,2026-06-02T07:45:00+0200,15033.412,MW,DE,DE_LU,actual_solar_generation,Solar,2026-06-06T16:24:29Z
2026-06-06T16:23:19Z,2026-06-06T18:23:19+0200,8d87ff8c-7229-4840-a478-c91fa6b6d43f,2026-06-02T06:00:00Z,2026-06-02T08:00:00+0200,17385.803,MW,DE,DE_LU,actual_solar_generation,Solar,2026-06-06T16:24:29Z
2026-06-06T16:23:19Z,2026-06-06T18:23:19+0200,8d87ff8c-7229-4840-a478-c91fa6b6d43f,2026-06-02T06:15:00Z,2026-06-02T08:15:00+0200,19844.205,MW,DE,DE_LU,actual_solar_generation,Solar,2026-06-06T16:24:29Z
2026-06-06T16:23:19Z,2026-06-06T18:23:19+0200,8d87ff8c-7229-4840-a478-c91fa6b6d43f,2026-06-02T06:30:00Z,2026-06-02T08:30:00+0200,22404.421,MW,DE,DE_LU,actual_solar_generation,Solar,2026-06-06T16:24:29Z
2026-06-06T16:23:19Z,2026-06-06T18:23:19+0200,8d87ff8c-7229-4840-a478-c91fa6b6d43f,2026-06-02T06:45:00Z,2026-06-02T08:45:00+0200,24748.321,MW,DE,DE_LU,actual_solar_generation,Solar,2026-06-06T16:24:29Z
2026-06-06T16:23:19Z,2026-06-06T18:23:19+0200,8d87ff8c-7229-4840-a478-c91fa6b6d43f,2026-06-02T07:00:00Z,2026-06-02T09:00:00+0200,27008.052,MW,DE,DE_LU,actual_solar_generation,Solar,2026-06-06T16:24:29Z
2026-06-06T16:23:19Z,2026-06-06T18:23:19+0200,8d87ff8c-7229-4840-a478-c91fa6b6d43f,2026-06-02T07:15:00Z,2026-06-02T09:15:00+0200,29196.186,MW,DE,DE_LU,actual_solar_generation,Solar,2026-06-06T16:24:29Z
2026-06-06T16:23:19Z,2026-06-06T18:23:19+0200,8d87ff8c-7229-4840-a478-c91fa6b6d43f,2026-06-02T07:30:00Z,2026-06-02T09:30:00+0200,31142.487,MW,DE,DE_LU,actual_solar_generation,Solar,2026-06-06T16:24:29Z
2026-06-06T16:23:19Z,2026-06-06T18:23:19+0200,8d87ff8c-7229-4840-a478-c91fa6b6d43f,2026-06-02T07:45:00Z,2026-06-02T09:45:00+0200,32688.448,MW,DE,DE_LU,actual_solar_generation,Solar,2026-06-06T16:24:29Z
2026-06-06T16:23:19Z,2026-06-06T18:23:19+0200,8d87ff8c-7229-4840-a478-c91fa6b6d43f,2026-06-02T08:00:00Z,2026-06-02T10:00:00+0200,34374.465,MW,DE,DE_LU,actual_solar_generation,Solar,2026-06-06T16:24:29Z
2026-06-06T16:23:19Z,2026-06-06T18:23:19+0200,8d87ff8c-7229-4840-a478-c91fa6b6d43f,2026-06-02T08:15:00Z,2026-06-02T10:15:00+0200,35727.099,MW,DE,DE_LU,actual_solar_generation,Solar,2026-06-06T16:24:29Z
2026-06-06T16:23:19Z,2026-06-06T18:23:19+0200,8d87ff8c-7229-4840-a478-c91fa6b6d43f,2026-06-02T08:30:00Z,2026-06-02T10:30:00+0200,36904.348,MW,DE,DE_LU,actual_solar_generation,Solar,2026-06-06T16:24:29Z
2026-06-06T16:23:19Z,2026-06-06T18:23:19+0200,8d87ff8c-7229-4840-a478-c91fa6b6d43f,2026-06-02T08:45:00Z,2026-06-02T10:45:00+0200,37358.698,MW,DE,DE_LU,actual_solar_generation,Solar,2026-06-06T16:24:29Z
2026-06-06T16:23:19Z,2026-06-06T18:23:19+0200,8d87ff8c-7229-4840-a478-c91fa6b6d43f,2026-06-02T09:00:00Z,2026-06-02T11:00:00+0200,37175.384,MW,DE,DE_LU,actual_solar_generation,Solar,2026-06-06T16:24:29Z
2026-06-06T16:23:19Z,2026-06-06T18:23:19+0200,8d87ff8c-7229-4840-a478-c91fa6b6d43f,2026-06-02T09:15:00Z,2026-06-02T11:15:00+0200,37686.721,MW,DE,DE_LU,actual_solar_generation,Solar,2026-06-06T16:24:29Z
2026-06-06T16:23:19Z,2026-06-06T18:23:19+0200,8d87ff8c-7229-4840-a478-c91fa6b6d43f,2026-06-02T09:30:00Z,2026-06-02T11:30:00+0200,37824.485,MW,DE,DE_LU,actual_solar_generation,Solar,2026-06-06T16:24:29Z
2026-06-06T16:23:19Z,2026-06-06T18:23:19+0200,8d87ff8c-7229-4840-a478-c91fa6b6d43f,2026-06-02T09:45:00Z,2026-06-02T11:45:00+0200,38440.699,MW,DE,DE_LU,actual_solar_generation,Solar,2026-06-06T16:24:29Z
2026-06-06T16:23:19Z,2026-06-06T18:23:19+0200,8d87ff8c-7229-4840-a478-c91fa6b6d43f,2026-06-02T10:00:00Z,2026-06-02T12:00:00+0200,39060.575,MW,DE,DE_LU,actual_solar_generation,Solar,2026-06-06T16:24:29Z
2026-06-06T16:23:19Z,2026-06-06T18:23:19+0200,8d87ff8c-7229-4840-a478-c91fa6b6d43f,2026-06-02T10:15:00Z,2026-06-02T12:15:00+0200,39596.583,MW,DE,DE_LU,actual_solar_generation,Solar,2026-06-06T16:24:29Z
2026-06-06T16:23:19Z,2026-06-06T18:23:19+0200,8d87ff8c-7229-4840-a478-c91fa6b6d43f,2026-06-02T10:30:00Z,2026-06-02T12:30:00+0200,39563.144,MW,DE,DE_LU,actual_solar_generation,Solar,2026-06-06T16:24:29Z
2026-06-06T16:23:19Z,2026-06-06T18:23:19+0200,8d87ff8c-7229-4840-a478-c91fa6b6d43f,2026-06-02T10:45:00Z,2026-06-02T12:45:00+0200,39109.584,MW,DE,DE_LU,actual_solar_generation,Solar,2026-06-06T16:24:29Z
2026-06-06T16:23:19Z,2026-06-06T18:23:19+0200,8d87ff8c-7229-4840-a478-c91fa6b6d43f,2026-06-02T11:00:00Z,2026-06-02T13:00:00+0200,39332.537,MW,DE,DE_LU,actual_solar_generation,Solar,2026-06-06T16:24:29Z
2026-06-06T16:23:19Z,2026-06-06T18:23:19+0200,8d87ff8c-7229-4840-a478-c91fa6b6d43f,2026-06-02T11:15:00Z,2026-06-02T13:15:00+0200,39010.54,MW,DE,DE_LU,actual_solar_generation,Solar,2026-06-06T16:24:29Z
2026-06-06T16:23:19Z,2026-06-06T18:23:19+0200,8d87ff8c-7229-4840-a478-c91fa6b6d43f,2026-06-02T11:30:00Z,2026-06-02T13:30:00+0200,38657.983,MW,DE,DE_LU,actual_solar_generation,Solar,2026-06-06T16:24:29Z
2026-06-06T16:23:19Z,2026-06-06T18:23:19+0200,8d87ff8c-7229-4840-a478-c91fa6b6d43f,2026-06-02T11:45:00Z,2026-06-02T13:45:00+0200,37806.592,MW,DE,DE_LU,actual_solar_generation,Solar,2026-06-06T16:24:29Z
2026-06-06T16:23:19Z,2026-06-06T18:23:19+0200,8d87ff8c-7229-4840-a478-c91fa6b6d43f,2026-06-02T12:00:00Z,2026-06-02T14:00:00+0200,37455.47,MW,DE,DE_LU,actual_solar_generation,Solar,2026-06-06T16:24:29Z
2026-06-06T16:23:19Z,2026-06-06T18:23:19+0200,8d87ff8c-7229-4840-a478-c91fa6b6d43f,2026-06-02T12:15:00Z,2026-06-02T14:15:00+0200,37046.341,MW,DE,DE_LU,actual_solar_generation,Solar,2026-06-06T16:24:29Z
2026-06-06T16:23:19Z,2026-06-06T18:23:19+0200,8d87ff8c-7229-4840-a478-c91fa6b6d43f,2026-06-02T12:30:00Z,2026-06-02T14:30:00+0200,35848.563,MW,DE,DE_LU,actual_solar_generation,Solar,2026-06-06T16:24:29Z
2026-06-06T16:23:19Z,2026-06-06T18:23:19+0200,8d87ff8c-7229-4840-a478-c91fa6b6d43f,2026-06-02T12:45:00Z,2026-06-02T14:45:00+0200,34452.395,MW,DE,DE_LU,actual_solar_generation,Solar,2026-06-06T16:24:29Z
2026-06-06T16:23:19Z,2026-06-06T18:23:19+0200,8d87ff8c-7229-4840-a478-c91fa6b6d43f,2026-06-02T13:00:00Z,2026-06-02T15:00:00+0200,33238.734,MW,DE,DE_LU,actual_solar_generation,Solar,2026-06-06T16:24:29Z
2026-06-06T16:23:19Z,2026-06-06T18:23:19+0200,8d87ff8c-7229-4840-a478-c91fa6b6d43f,2026-06-02T13:15:00Z,2026-06-02T15:15:00+0200,31330.335,MW,DE,DE_LU,actual_solar_generation,Solar,2026-06-06T16:24:29Z
2026-06-06T16:23:19Z,2026-06-06T18:23:19+0200,8d87ff8c-7229-4840-a478-c91fa6b6d43f,2026-06-02T13:30:00Z,2026-06-02T15:30:00+0200,29755.931,MW,DE,DE_LU,actual_solar_generation,Solar,2026-06-06T16:24:29Z
2026-06-06T16:23:19Z,2026-06-06T18:23:19+0200,8d87ff8c-7229-4840-a478-c91fa6b6d43f,2026-06-02T13:45:00Z,2026-06-02T15:45:00+0200,28185.71,MW,DE,DE_LU,actual_solar_generation,Solar,2026-06-06T16:24:29Z
2026-06-06T16:23:19Z,2026-06-06T18:23:19+0200,8d87ff8c-7229-4840-a478-c91fa6b6d43f,2026-06-02T14:00:00Z,2026-06-02T16:00:00+0200,26718.523,MW,DE,DE_LU,actual_solar_generation,Solar,2026-06-06T16:24:29Z
2026-06-06T16:23:19Z,2026-06-06T18:23:19+0200,8d87ff8c-7229-4840-a478-c91fa6b6d43f,2026-06-02T14:15:00Z,2026-06-02T16:15:00+0200,24928.719,MW,DE,DE_LU,actual_solar_generation,Solar,2026-06-06T16:24:29Z
2026-06-06T16:23:19Z,2026-06-06T18:23:19+0200,8d87ff8c-7229-4840-a478-c91fa6b6d43f,2026-06-02T14:30:00Z,2026-06-02T16:30:00+0200,22743.394,MW,DE,DE_LU,actual_solar_generation,Solar,2026-06-06T16:24:29Z
2026-06-06T16:23:19Z,2026-06-06T18:23:19+0200,8d87ff8c-7229-4840-a478-c91fa6b6d43f,2026-06-02T14:45:00Z,2026-06-02T16:45:00+0200,20249.825,MW,DE,DE_LU,actual_solar_generation,Solar,2026-06-06T16:24:29Z
2026-06-06T16:23:19Z,2026-06-06T18:23:19+0200,8d87ff8c-7229-4840-a478-c91fa6b6d43f,2026-06-02T15:00:00Z,2026-06-02T17:00:00+0200,18002.161,MW,DE,DE_LU,actual_solar_generation,Solar,2026-06-06T16:24:29Z
2026-06-06T16:23:19Z,2026-06-06T18:23:19+0200,8d87ff8c-7229-4840-a478-c91fa6b6d43f,2026-06-02T15:15:00Z,2026-06-02T17:15:00+0200,16085.286,MW,DE,DE_LU,actual_solar_generation,Solar,2026-06-06T16:24:29Z
2026-06-06T16:23:19Z,2026-06-06T18:23:19+0200,8d87ff8c-7229-4840-a478-c91fa6b6d43f,2026-06-02T15:30:00Z,2026-06-02T17:30:00+0200,14090.189,MW,DE,DE_LU,actual_solar_generation,Solar,2026-06-06T16:24:29Z
2026-06-06T16:23:19Z,2026-06-06T18:23:19+0200,8d87ff8c-7229-4840-a478-c91fa6b6d43f,2026-06-02T15:45:00Z,2026-06-02T17:45:00+0200,12245.612,MW,DE,DE_LU,actual_solar_generation,Solar,2026-06-06T16:24:29Z
2026-06-06T16:23:19Z,2026-06-06T18:23:19+0200,8d87ff8c-7229-4840-a478-c91fa6b6d43f,2026-06-02T16:00:00Z,2026-06-02T18:00:00+0200,10633.904,MW,DE,DE_LU,actual_solar_generation,Solar,2026-06-06T16:24:29Z
2026-06-06T16:23:19Z,2026-06-06T18:23:19+0200,8d87ff8c-7229-4840-a478-c91fa6b6d43f,2026-06-02T16:15:00Z,2026-06-02T18:15:00+0200,8944.533,MW,DE,DE_LU,actual_solar_generation,Solar,2026-06-06T16:24:29Z
2026-06-06T16:23:19Z,2026-06-06T18:23:19+0200,8d87ff8c-7229-4840-a478-c91fa6b6d43f,2026-06-02T16:30:00Z,2026-06-02T18:30:00+0200,7529.84,MW,DE,DE_LU,actual_solar_generation,Solar,2026-06-06T16:24:29Z
2026-06-06T16:23:19Z,2026-06-06T18:23:19+0200,8d87ff8c-7229-4840-a478-c91fa6b6d43f,2026-06-02T16:45:00Z,2026-06-02T18:45:00+0200,6169.683,MW,DE,DE_LU,actual_solar_generation,Solar,2026-06-06T16:24:29Z
2026-06-06T16:23:19Z,2026-06-06T18:23:19+0200,8d87ff8c-7229-4840-a478-c91fa6b6d43f,2026-06-02T17:00:00Z,2026-06-02T19:00:00+0200,5012.337,MW,DE,DE_LU,actual_solar_generation,Solar,2026-06-06T16:24:29Z
2026-06-06T16:23:19Z,2026-06-06T18:23:19+0200,8d87ff8c-7229-4840-a478-c91fa6b6d43f,2026-06-02T17:15:00Z,2026-06-02T19:15:00+0200,3930.955,MW,DE,DE_LU,actual_solar_generation,Solar,2026-06-06T16:24:29Z
2026-06-06T16:23:19Z,2026-06-06T18:23:19+0200,8d87ff8c-7229-4840-a478-c91fa6b6d43f,2026-06-02T17:30:00Z,2026-06-02T19:30:00+0200,3076.162,MW,DE,DE_LU,actual_solar_generation,Solar,2026-06-06T16:24:29Z
2026-06-06T16:23:19Z,2026-06-06T18:23:19+0200,8d87ff8c-7229-4840-a478-c91fa6b6d43f,2026-06-02T17:45:00Z,2026-06-02T19:45:00+0200,2373.058,MW,DE,DE_LU,actual_solar_generation,Solar,2026-06-06T16:24:29Z
2026-06-06T16:23:19Z,2026-06-06T18:23:19+0200,8d87ff8c-7229-4840-a478-c91fa6b6d43f,2026-06-02T18:00:00Z,2026-06-02T20:00:00+0200,1731.583,MW,DE,DE_LU,actual_solar_generation,Solar,2026-06-06T16:24:29Z
2026-06-06T16:23:19Z,2026-06-06T18:23:19+0200,8d87ff8c-7229-4840-a478-c91fa6b6d43f,2026-06-02T18:15:00Z,2026-06-02T20:15:00+0200,1169.154,MW,DE,DE_LU,actual_solar_generation,Solar,2026-06-06T16:24:29Z
2026-06-06T16:23:19Z,2026-06-06T18:23:19+0200,8d87ff8c-7229-4840-a478-c91fa6b6d43f,2026-06-02T18:30:00Z,2026-06-02T20:30:00+0200,730.73,MW,DE,DE_LU,actual_solar_generation,Solar,2026-06-06T16:24:29Z
2026-06-06T16:23:19Z,2026-06-06T18:23:19+0200,8d87ff8c-7229-4840-a478-c91fa6b6d43f,2026-06-02T18:45:00Z,2026-06-02T20:45:00+0200,379.422,MW,DE,DE_LU,actual_solar_generation,Solar,2026-06-06T16:24:29Z
2026-06-06T16:23:19Z,2026-06-06T18:23:19+0200,8d87ff8c-7229-4840-a478-c91fa6b6d43f,2026-06-02T19:00:00Z,2026-06-02T21:00:00+0200,144.33,MW,DE,DE_LU,actual_solar_generation,Solar,2026-06-06T16:24:29Z
2026-06-06T16:23:19Z,2026-06-06T18:23:19+0200,8d87ff8c-7229-4840-a478-c91fa6b6d43f,2026-06-02T19:15:00Z,2026-06-02T21:15:00+0200,47.485,MW,DE,DE_LU,actual_solar_generation,Solar,2026-06-06T16:24:29Z
2026-06-06T16:23:19Z,2026-06-06T18:23:19+0200,8d87ff8c-7229-4840-a478-c91fa6b6d43f,2026-06-02T19:30:00Z,2026-06-02T21:30:00+0200,10.032,MW,DE,DE_LU,actual_solar_generation,Solar,2026-06-06T16:24:29Z
2026-06-06T16:23:19Z,2026-06-06T18:23:19+0200,8d87ff8c-7229-4840-a478-c91fa6b6d43f,2026-06-02T19:45:00Z,2026-06-02T21:45:00+0200,4.504,MW,DE,DE_LU,actual_solar_generation,Solar,2026-06-06T16:24:29Z
2026-06-06T16:23:19Z,2026-06-06T18:23:19+0200,8d87ff8c-7229-4840-a478-c91fa6b6d43f,2026-06-02T20:00:00Z,2026-06-02T22:00:00+0200,0.697,MW,DE,DE_LU,actual_solar_generation,Solar,2026-06-06T16:24:29Z
2026-06-06T16:23:19Z,2026-06-06T18:23:19+0200,8d87ff8c-7229-4840-a478-c91fa6b6d43f,2026-06-02T20:15:00Z,2026-06-02T22:15:00+0200,0.197,MW,DE,DE_LU,actual_solar_generation,Solar,2026-06-06T16:24:29Z
2026-06-06T16:23:19Z,2026-06-06T18:23:19+0200,8d87ff8c-7229-4840-a478-c91fa6b6d43f,2026-06-02T20:30:00Z,2026-06-02T22:30:00+0200,0.172,MW,DE,DE_LU,actual_solar_generation,Solar,2026-06-06T16:24:29Z
2026-06-06T16:23:19Z,2026-06-06T18:23:19+0200,8d87ff8c-7229-4840-a478-c91fa6b6d43f,2026-06-02T20:45:00Z,2026-06-02T22:45:00+0200,0.172,MW,DE,DE_LU,actual_solar_generation,Solar,2026-06-06T16:24:29Z
2026-06-06T16:23:19Z,2026-06-06T18:23:19+0200,8d87ff8c-7229-4840-a478-c91fa6b6d43f,2026-06-02T21:00:00Z,2026-06-02T23:00:00+0200,0.141,MW,DE,DE_LU,actual_solar_generation,Solar,2026-06-06T16:24:29Z
2026-06-06T16:23:19Z,2026-06-06T18:23:19+0200,8d87ff8c-7229-4840-a478-c91fa6b6d43f,2026-06-02T21:15:00Z,2026-06-02T23:15:00+0200,0.131,MW,DE,DE_LU,actual_solar_generation,Solar,2026-06-06T16:24:29Z
2026-06-06T16:23:19Z,2026-06-06T18:23:19+0200,8d87ff8c-7229-4840-a478-c91fa6b6d43f,2026-06-02T21:30:00Z,2026-06-02T23:30:00+0200,0.123,MW,DE,DE_LU,actual_solar_generation,Solar,2026-06-06T16:24:29Z
2026-06-06T16:23:19Z,2026-06-06T18:23:19+0200,8d87ff8c-7229-4840-a478-c91fa6b6d43f,2026-06-02T21:45:00Z,2026-06-02T23:45:00+0200,0.101,MW,DE,DE_LU,actual_solar_generation,Solar,2026-06-06T16:24:29Z
2026-06-06T16:23:19Z,2026-06-06T18:23:19+0200,8d87ff8c-7229-4840-a478-c91fa6b6d43f,2026-06-02T22:00:00Z,2026-06-03T00:00:00+0200,0.095,MW,DE,DE_LU,actual_solar_generation,Solar,2026-06-06T16:24:29Z
2026-06-06T16:23:19Z,2026-06-06T18:23:19+0200,8d87ff8c-7229-4840-a478-c91fa6b6d43f,2026-06-02T22:15:00Z,2026-06-03T00:15:00+0200,0.088,MW,DE,DE_LU,actual_solar_generation,Solar,2026-06-06T16:24:29Z
2026-06-06T16:23:19Z,2026-06-06T18:23:19+0200,8d87ff8c-7229-4840-a478-c91fa6b6d43f,2026-06-02T22:30:00Z,2026-06-03T00:30:00+0200,0.088,MW,DE,DE_LU,actual_solar_generation,Solar,2026-06-06T16:24:29Z
2026-06-06T16:23:19Z,2026-06-06T18:23:19+0200,8d87ff8c-7229-4840-a478-c91fa6b6d43f,2026-06-02T22:45:00Z,2026-06-03T00:45:00+0200,0.087,MW,DE,DE_LU,actual_solar_generation,Solar,2026-06-06T16:24:29Z
2026-06-06T16:23:19Z,2026-06-06T18:23:19+0200,8d87ff8c-7229-4840-a478-c91fa6b6d43f,2026-06-02T23:00:00Z,2026-06-03T01:00:00+0200,0.085,MW,DE,DE_LU,actual_solar_generation,Solar,2026-06-06T16:24:29Z
2026-06-06T16:23:19Z,2026-06-06T18:23:19+0200,8d87ff8c-7229-4840-a478-c91fa6b6d43f,2026-06-02T23:15:00Z,2026-06-03T01:15:00+0200,0.08,MW,DE,DE_LU,actual_solar_generation,Solar,2026-06-06T16:24:29Z
2026-06-06T16:23:19Z,2026-06-06T18:23:19+0200,8d87ff8c-7229-4840-a478-c91fa6b6d43f,2026-06-02T23:30:00Z,2026-06-03T01:30:00+0200,0.084,MW,DE,DE_LU,actual_solar_generation,Solar,2026-06-06T16:24:29Z
2026-06-06T16:23:19Z,2026-06-06T18:23:19+0200,8d87ff8c-7229-4840-a478-c91fa6b6d43f,2026-06-02T23:45:00Z,2026-06-03T01:45:00+0200,0.089,MW,DE,DE_LU,actual_solar_generation,Solar,2026-06-06T16:24:29Z
2026-06-06T16:23:19Z,2026-06-06T18:23:19+0200,8d87ff8c-7229-4840-a478-c91fa6b6d43f,2026-06-03T00:00:00Z,2026-06-03T02:00:00+0200,0.079,MW,DE,DE_LU,actual_solar_generation,Solar,2026-06-06T16:24:29Z
2026-06-06T16:23:19Z,2026-06-06T18:23:19+0200,8d87ff8c-7229-4840-a478-c91fa6b6d43f,2026-06-03T00:15:00Z,2026-06-03T02:15:00+0200,0.076,MW,DE,DE_LU,actual_solar_generation,Solar,2026-06-06T16:24:29Z
2026-06-06T16:23:19Z,2026-06-06T18:23:19+0200,8d87ff8c-7229-4840-a478-c91fa6b6d43f,2026-06-03T00:30:00Z,2026-06-03T02:30:00+0200,0.077,MW,DE,DE_LU,actual_solar_generation,Solar,2026-06-06T16:24:29Z
2026-06-06T16:23:19Z,2026-06-06T18:23:19+0200,8d87ff8c-7229-4840-a478-c91fa6b6d43f,2026-06-03T00:45:00Z,2026-06-03T02:45:00+0200,0.069,MW,DE,DE_LU,actual_solar_generation,Solar,2026-06-06T16:24:29Z
2026-06-06T16:23:19Z,2026-06-06T18:23:19+0200,8d87ff8c-7229-4840-a478-c91fa6b6d43f,2026-06-03T01:00:00Z,2026-06-03T03:00:00+0200,0.066,MW,DE,DE_LU,actual_solar_generation,Solar,2026-06-06T16:24:29Z
2026-06-06T16:23:19Z,2026-06-06T18:23:19+0200,8d87ff8c-7229-4840-a478-c91fa6b6d43f,2026-06-03T01:15:00Z,2026-06-03T03:15:00+0200,0.064,MW,DE,DE_LU,actual_solar_generation,Solar,2026-06-06T16:24:29Z
2026-06-06T16:23:19Z,2026-06-06T18:23:19+0200,8d87ff8c-7229-4840-a478-c91fa6b6d43f,2026-06-03T01:30:00Z,2026-06-03T03:30:00+0200,0.069,MW,DE,DE_LU,actual_solar_generation,Solar,2026-06-06T16:24:29Z
2026-06-06T16:23:19Z,2026-06-06T18:23:19+0200,8d87ff8c-7229-4840-a478-c91fa6b6d43f,2026-06-03T01:45:00Z,2026-06-03T03:45:00+0200,0.065,MW,DE,DE_LU,actual_solar_generation,Solar,2026-06-06T16:24:29Z
2026-06-06T16:23:19Z,2026-06-06T18:23:19+0200,8d87ff8c-7229-4840-a478-c91fa6b6d43f,2026-06-03T02:00:00Z,2026-06-03T04:00:00+0200,0.062,MW,DE,DE_LU,actual_solar_generation,Solar,2026-06-06T16:24:29Z
2026-06-06T16:23:19Z,2026-06-06T18:23:19+0200,8d87ff8c-7229-4840-a478-c91fa6b6d43f,2026-06-03T02:15:00Z,2026-06-03T04:15:00+0200,0.083,MW,DE,DE_LU,actual_solar_generation,Solar,2026-06-06T16:24:29Z
2026-06-06T16:23:19Z,2026-06-06T18:23:19+0200,8d87ff8c-7229-4840-a478-c91fa6b6d43f,2026-06-03T02:30:00Z,2026-06-03T04:30:00+0200,0.588,MW,DE,DE_LU,actual_solar_generation,Solar,2026-06-06T16:24:29Z
2026-06-06T16:23:19Z,2026-06-06T18:23:19+0200,8d87ff8c-7229-4840-a478-c91fa6b6d43f,2026-06-03T02:45:00Z,2026-06-03T04:45:00+0200,11.018,MW,DE,DE_LU,actual_solar_generation,Solar,2026-06-06T16:24:29Z
2026-06-06T16:23:19Z,2026-06-06T18:23:19+0200,8d87ff8c-7229-4840-a478-c91fa6b6d43f,2026-06-03T03:00:00Z,2026-06-03T05:00:00+0200,73.916,MW,DE,DE_LU,actual_solar_generation,Solar,2026-06-06T16:24:29Z
2026-06-06T16:23:19Z,2026-06-06T18:23:19+0200,8d87ff8c-7229-4840-a478-c91fa6b6d43f,2026-06-03T03:15:00Z,2026-06-03T05:15:00+0200,167.689,MW,DE,DE_LU,actual_solar_generation,Solar,2026-06-06T16:24:29Z
2026-06-06T16:23:19Z,2026-06-06T18:23:19+0200,8d87ff8c-7229-4840-a478-c91fa6b6d43f,2026-06-03T03:30:00Z,2026-06-03T05:30:00+0200,375.768,MW,DE,DE_LU,actual_solar_generation,Solar,2026-06-06T16:24:29Z
2026-06-06T16:23:19Z,2026-06-06T18:23:19+0200,8d87ff8c-7229-4840-a478-c91fa6b6d43f,2026-06-03T03:45:00Z,2026-06-03T05:45:00+0200,823.501,MW,DE,DE_LU,actual_solar_generation,Solar,2026-06-06T16:24:29Z
2026-06-06T16:23:19Z,2026-06-06T18:23:19+0200,8d87ff8c-7229-4840-a478-c91fa6b6d43f,2026-06-03T04:00:00Z,2026-06-03T06:00:00+0200,1418.762,MW,DE,DE_LU,actual_solar_generation,Solar,2026-06-06T16:24:29Z
2026-06-06T16:23:19Z,2026-06-06T18:23:19+0200,8d87ff8c-7229-4840-a478-c91fa6b6d43f,2026-06-03T04:15:00Z,2026-06-03T06:15:00+0200,2110.364,MW,DE,DE_LU,actual_solar_generation,Solar,2026-06-06T16:24:29Z
2026-06-06T16:23:19Z,2026-06-06T18:23:19+0200,8d87ff8c-7229-4840-a478-c91fa6b6d43f,2026-06-03T04:30:00Z,2026-06-03T06:30:00+0200,2863.141,MW,DE,DE_LU,actual_solar_generation,Solar,2026-06-06T16:24:29Z
2026-06-06T16:23:19Z,2026-06-06T18:23:19+0200,8d87ff8c-7229-4840-a478-c91fa6b6d43f,2026-06-03T04:45:00Z,2026-06-03T06:45:00+0200,3755.892,MW,DE,DE_LU,actual_solar_generation,Solar,2026-06-06T16:24:29Z
2026-06-06T16:23:19Z,2026-06-06T18:23:19+0200,8d87ff8c-7229-4840-a478-c91fa6b6d43f,2026-06-03T05:00:00Z,2026-06-03T07:00:00+0200,4754.583,MW,DE,DE_LU,actual_solar_generation,Solar,2026-06-06T16:24:29Z
2026-06-06T16:23:19Z,2026-06-06T18:23:19+0200,8d87ff8c-7229-4840-a478-c91fa6b6d43f,2026-06-03T05:15:00Z,2026-06-03T07:15:00+0200,5844.152,MW,DE,DE_LU,actual_solar_generation,Solar,2026-06-06T16:24:29Z
2026-06-06T16:23:19Z,2026-06-06T18:23:19+0200,8d87ff8c-7229-4840-a478-c91fa6b6d43f,2026-06-03T05:30:00Z,2026-06-03T07:30:00+0200,6883.78,MW,DE,DE_LU,actual_solar_generation,Solar,2026-06-06T16:24:29Z
2026-06-06T16:23:19Z,2026-06-06T18:23:19+0200,8d87ff8c-7229-4840-a478-c91fa6b6d43f,2026-06-03T05:45:00Z,2026-06-03T07:45:00+0200,8051.83,MW,DE,DE_LU,actual_solar_generation,Solar,2026-06-06T16:24:29Z
2026-06-06T16:23:19Z,2026-06-06T18:23:19+0200,8d87ff8c-7229-4840-a478-c91fa6b6d43f,2026-06-03T06:00:00Z,2026-06-03T08:00:00+0200,9341.653,MW,DE,DE_LU,actual_solar_generation,Solar,2026-06-06T16:24:29Z
2026-06-06T16:23:19Z,2026-06-06T18:23:19+0200,8d87ff8c-7229-4840-a478-c91fa6b6d43f,2026-06-03T06:15:00Z,2026-06-03T08:15:00+0200,10752.674,MW,DE,DE_LU,actual_solar_generation,Solar,2026-06-06T16:24:29Z
2026-06-06T16:23:19Z,2026-06-06T18:23:19+0200,8d87ff8c-7229-4840-a478-c91fa6b6d43f,2026-06-03T06:30:00Z,2026-06-03T08:30:00+0200,12166.901,MW,DE,DE_LU,actual_solar_generation,Solar,2026-06-06T16:24:29Z
2026-06-06T16:23:19Z,2026-06-06T18:23:19+0200,8d87ff8c-7229-4840-a478-c91fa6b6d43f,2026-06-03T06:45:00Z,2026-06-03T08:45:00+0200,13512.976,MW,DE,DE_LU,actual_solar_generation,Solar,2026-06-06T16:24:29Z
2026-06-06T16:23:19Z,2026-06-06T18:23:19+0200,8d87ff8c-7229-4840-a478-c91fa6b6d43f,2026-06-03T07:00:00Z,2026-06-03T09:00:00+0200,15097.891,MW,DE,DE_LU,actual_solar_generation,Solar,2026-06-06T16:24:29Z
2026-06-06T16:23:19Z,2026-06-06T18:23:19+0200,8d87ff8c-7229-4840-a478-c91fa6b6d43f,2026-06-03T07:15:00Z,2026-06-03T09:15:00+0200,16527.791,MW,DE,DE_LU,actual_solar_generation,Solar,2026-06-06T16:24:29Z
2026-06-06T16:23:19Z,2026-06-06T18:23:19+0200,8d87ff8c-7229-4840-a478-c91fa6b6d43f,2026-06-03T07:30:00Z,2026-06-03T09:30:00+0200,18271.369,MW,DE,DE_LU,actual_solar_generation,Solar,2026-06-06T16:24:29Z
2026-06-06T16:23:19Z,2026-06-06T18:23:19+0200,8d87ff8c-7229-4840-a478-c91fa6b6d43f,2026-06-03T07:45:00Z,2026-06-03T09:45:00+0200,19931.128,MW,DE,DE_LU,actual_solar_generation,Solar,2026-06-06T16:24:29Z
2026-06-06T16:23:19Z,2026-06-06T18:23:19+0200,8d87ff8c-7229-4840-a478-c91fa6b6d43f,2026-06-03T08:00:00Z,2026-06-03T10:00:00+0200,21704.528,MW,DE,DE_LU,actual_solar_generation,Solar,2026-06-06T16:24:29Z
2026-06-06T16:23:19Z,2026-06-06T18:23:19+0200,8d87ff8c-7229-4840-a478-c91fa6b6d43f,2026-06-03T08:15:00Z,2026-06-03T10:15:00+0200,23207.703,MW,DE,DE_LU,actual_solar_generation,Solar,2026-06-06T16:24:29Z
2026-06-06T16:23:19Z,2026-06-06T18:23:19+0200,8d87ff8c-7229-4840-a478-c91fa6b6d43f,2026-06-03T08:30:00Z,2026-06-03T10:30:00+0200,24857.223,MW,DE,DE_LU,actual_solar_generation,Solar,2026-06-06T16:24:29Z
2026-06-06T16:23:19Z,2026-06-06T18:23:19+0200,8d87ff8c-7229-4840-a478-c91fa6b6d43f,2026-06-03T08:45:00Z,2026-06-03T10:45:00+0200,26241.028,MW,DE,DE_LU,actual_solar_generation,Solar,2026-06-06T16:24:29Z
2026-06-06T16:23:19Z,2026-06-06T18:23:19+0200,8d87ff8c-7229-4840-a478-c91fa6b6d43f,2026-06-03T09:00:00Z,2026-06-03T11:00:00+0200,27796.346,MW,DE,DE_LU,actual_solar_generation,Solar,2026-06-06T16:24:29Z
2026-06-06T16:23:19Z,2026-06-06T18:23:19+0200,8d87ff8c-7229-4840-a478-c91fa6b6d43f,2026-06-03T09:15:00Z,2026-06-03T11:15:00+0200,29035.391,MW,DE,DE_LU,actual_solar_generation,Solar,2026-06-06T16:24:29Z
2026-06-06T16:23:19Z,2026-06-06T18:23:19+0200,8d87ff8c-7229-4840-a478-c91fa6b6d43f,2026-06-03T09:30:00Z,2026-06-03T11:30:00+0200,30215.556,MW,DE,DE_LU,actual_solar_generation,Solar,2026-06-06T16:24:29Z
2026-06-06T16:23:19Z,2026-06-06T18:23:19+0200,8d87ff8c-7229-4840-a478-c91fa6b6d43f,2026-06-03T09:45:00Z,2026-06-03T11:45:00+0200,31221.965,MW,DE,DE_LU,actual_solar_generation,Solar,2026-06-06T16:24:29Z
2026-06-06T16:23:19Z,2026-06-06T18:23:19+0200,8d87ff8c-7229-4840-a478-c91fa6b6d43f,2026-06-03T10:00:00Z,2026-06-03T12:00:00+0200,31947.349,MW,DE,DE_LU,actual_solar_generation,Solar,2026-06-06T16:24:29Z
2026-06-06T16:23:19Z,2026-06-06T18:23:19+0200,8d87ff8c-7229-4840-a478-c91fa6b6d43f,2026-06-03T10:15:00Z,2026-06-03T12:15:00+0200,32542.512,MW,DE,DE_LU,actual_solar_generation,Solar,2026-06-06T16:24:29Z
2026-06-06T16:23:19Z,2026-06-06T18:23:19+0200,8d87ff8c-7229-4840-a478-c91fa6b6d43f,2026-06-03T10:30:00Z,2026-06-03T12:30:00+0200,32344.064,MW,DE,DE_LU,actual_solar_generation,Solar,2026-06-06T16:24:29Z
2026-06-06T16:23:19Z,2026-06-06T18:23:19+0200,8d87ff8c-7229-4840-a478-c91fa6b6d43f,2026-06-03T10:45:00Z,2026-06-03T12:45:00+0200,32587.673,MW,DE,DE_LU,actual_solar_generation,Solar,2026-06-06T16:24:29Z
2026-06-06T16:23:19Z,2026-06-06T18:23:19+0200,8d87ff8c-7229-4840-a478-c91fa6b6d43f,2026-06-03T11:00:00Z,2026-06-03T13:00:00+0200,33014.429,MW,DE,DE_LU,actual_solar_generation,Solar,2026-06-06T16:24:29Z
2026-06-06T16:23:19Z,2026-06-06T18:23:19+0200,8d87ff8c-7229-4840-a478-c91fa6b6d43f,2026-06-03T11:15:00Z,2026-06-03T13:15:00+0200,33317.935,MW,DE,DE_LU,actual_solar_generation,Solar,2026-06-06T16:24:29Z
2026-06-06T16:23:19Z,2026-06-06T18:23:19+0200,8d87ff8c-7229-4840-a478-c91fa6b6d43f,2026-06-03T11:30:00Z,2026-06-03T13:30:00+0200,33826.07,MW,DE,DE_LU,actual_solar_generation,Solar,2026-06-06T16:24:29Z
2026-06-06T16:23:19Z,2026-06-06T18:23:19+0200,8d87ff8c-7229-4840-a478-c91fa6b6d43f,2026-06-03T11:45:00Z,2026-06-03T13:45:00+0200,33652.379,MW,DE,DE_LU,actual_solar_generation,Solar,2026-06-06T16:24:29Z
2026-06-06T16:23:19Z,2026-06-06T18:23:19+0200,8d87ff8c-7229-4840-a478-c91fa6b6d43f,2026-06-03T12:00:00Z,2026-06-03T14:00:00+0200,33845.771,MW,DE,DE_LU,actual_solar_generation,Solar,2026-06-06T16:24:29Z
2026-06-06T16:23:19Z,2026-06-06T18:23:19+0200,8d87ff8c-7229-4840-a478-c91fa6b6d43f,2026-06-03T12:15:00Z,2026-06-03T14:15:00+0200,33340.14,MW,DE,DE_LU,actual_solar_generation,Solar,2026-06-06T16:24:29Z
2026-06-06T16:23:19Z,2026-06-06T18:23:19+0200,8d87ff8c-7229-4840-a478-c91fa6b6d43f,2026-06-03T12:30:00Z,2026-06-03T14:30:00+0200,33438.281,MW,DE,DE_LU,actual_solar_generation,Solar,2026-06-06T16:24:29Z
2026-06-06T16:23:19Z,2026-06-06T18:23:19+0200,8d87ff8c-7229-4840-a478-c91fa6b6d43f,2026-06-03T12:45:00Z,2026-06-03T14:45:00+0200,33010.569,MW,DE,DE_LU,actual_solar_generation,Solar,2026-06-06T16:24:29Z
2026-06-06T16:23:19Z,2026-06-06T18:23:19+0200,8d87ff8c-7229-4840-a478-c91fa6b6d43f,2026-06-03T13:00:00Z,2026-06-03T15:00:00+0200,31970.146,MW,DE,DE_LU,actual_solar_generation,Solar,2026-06-06T16:24:29Z
2026-06-06T16:23:19Z,2026-06-06T18:23:19+0200,8d87ff8c-7229-4840-a478-c91fa6b6d43f,2026-06-03T13:15:00Z,2026-06-03T15:15:00+0200,31247.147,MW,DE,DE_LU,actual_solar_generation,Solar,2026-06-06T16:24:29Z
2026-06-06T16:23:19Z,2026-06-06T18:23:19+0200,8d87ff8c-7229-4840-a478-c91fa6b6d43f,2026-06-03T13:30:00Z,2026-06-03T15:30:00+0200,30625.397,MW,DE,DE_LU,actual_solar_generation,Solar,2026-06-06T16:24:29Z
2026-06-06T16:23:19Z,2026-06-06T18:23:19+0200,8d87ff8c-7229-4840-a478-c91fa6b6d43f,2026-06-03T13:45:00Z,2026-06-03T15:45:00+0200,29985.649,MW,DE,DE_LU,actual_solar_generation,Solar,2026-06-06T16:24:29Z
2026-06-06T16:23:19Z,2026-06-06T18:23:19+0200,8d87ff8c-7229-4840-a478-c91fa6b6d43f,2026-06-03T14:00:00Z,2026-06-03T16:00:00+0200,28992.838,MW,DE,DE_LU,actual_solar_generation,Solar,2026-06-06T16:24:29Z
2026-06-06T16:23:19Z,2026-06-06T18:23:19+0200,8d87ff8c-7229-4840-a478-c91fa6b6d43f,2026-06-03T14:15:00Z,2026-06-03T16:15:00+0200,28030.647,MW,DE,DE_LU,actual_solar_generation,Solar,2026-06-06T16:24:29Z
2026-06-06T16:23:19Z,2026-06-06T18:23:19+0200,8d87ff8c-7229-4840-a478-c91fa6b6d43f,2026-06-03T14:30:00Z,2026-06-03T16:30:00+0200,26765.932,MW,DE,DE_LU,actual_solar_generation,Solar,2026-06-06T16:24:29Z
2026-06-06T16:23:19Z,2026-06-06T18:23:19+0200,8d87ff8c-7229-4840-a478-c91fa6b6d43f,2026-06-03T14:45:00Z,2026-06-03T16:45:00+0200,25512.137,MW,DE,DE_LU,actual_solar_generation,Solar,2026-06-06T16:24:29Z
2026-06-06T16:23:19Z,2026-06-06T18:23:19+0200,8d87ff8c-7229-4840-a478-c91fa6b6d43f,2026-06-03T15:00:00Z,2026-06-03T17:00:00+0200,23898.67,MW,DE,DE_LU,actual_solar_generation,Solar,2026-06-06T16:24:29Z
2026-06-06T16:23:19Z,2026-06-06T18:23:19+0200,8d87ff8c-7229-4840-a478-c91fa6b6d43f,2026-06-03T15:15:00Z,2026-06-03T17:15:00+0200,22357.807,MW,DE,DE_LU,actual_solar_generation,Solar,2026-06-06T16:24:29Z
2026-06-06T16:23:19Z,2026-06-06T18:23:19+0200,8d87ff8c-7229-4840-a478-c91fa6b6d43f,2026-06-03T15:30:00Z,2026-06-03T17:30:00+0200,20870.269,MW,DE,DE_LU,actual_solar_generation,Solar,2026-06-06T16:24:29Z
2026-06-06T16:23:19Z,2026-06-06T18:23:19+0200,8d87ff8c-7229-4840-a478-c91fa6b6d43f,2026-06-03T15:45:00Z,2026-06-03T17:45:00+0200,19097.463,MW,DE,DE_LU,actual_solar_generation,Solar,2026-06-06T16:24:29Z
2026-06-06T16:23:19Z,2026-06-06T18:23:19+0200,8d87ff8c-7229-4840-a478-c91fa6b6d43f,2026-06-03T16:00:00Z,2026-06-03T18:00:00+0200,17052.066,MW,DE,DE_LU,actual_solar_generation,Solar,2026-06-06T16:24:29Z
2026-06-06T16:23:19Z,2026-06-06T18:23:19+0200,8d87ff8c-7229-4840-a478-c91fa6b6d43f,2026-06-03T16:15:00Z,2026-06-03T18:15:00+0200,15040.881,MW,DE,DE_LU,actual_solar_generation,Solar,2026-06-06T16:24:29Z
2026-06-06T16:23:19Z,2026-06-06T18:23:19+0200,8d87ff8c-7229-4840-a478-c91fa6b6d43f,2026-06-03T16:30:00Z,2026-06-03T18:30:00+0200,13146.484,MW,DE,DE_LU,actual_solar_generation,Solar,2026-06-06T16:24:29Z
2026-06-06T16:23:19Z,2026-06-06T18:23:19+0200,8d87ff8c-7229-4840-a478-c91fa6b6d43f,2026-06-03T16:45:00Z,2026-06-03T18:45:00+0200,11118.939,MW,DE,DE_LU,actual_solar_generation,Solar,2026-06-06T16:24:29Z
2026-06-06T16:23:19Z,2026-06-06T18:23:19+0200,8d87ff8c-7229-4840-a478-c91fa6b6d43f,2026-06-03T17:00:00Z,2026-06-03T19:00:00+0200,9338.036,MW,DE,DE_LU,actual_solar_generation,Solar,2026-06-06T16:24:29Z
2026-06-06T16:23:19Z,2026-06-06T18:23:19+0200,8d87ff8c-7229-4840-a478-c91fa6b6d43f,2026-06-03T17:15:00Z,2026-06-03T19:15:00+0200,7496.654,MW,DE,DE_LU,actual_solar_generation,Solar,2026-06-06T16:24:29Z
2026-06-06T16:23:19Z,2026-06-06T18:23:19+0200,8d87ff8c-7229-4840-a478-c91fa6b6d43f,2026-06-03T17:30:00Z,2026-06-03T19:30:00+0200,5778.794,MW,DE,DE_LU,actual_solar_generation,Solar,2026-06-06T16:24:29Z
2026-06-06T16:23:19Z,2026-06-06T18:23:19+0200,8d87ff8c-7229-4840-a478-c91fa6b6d43f,2026-06-03T17:45:00Z,2026-06-03T19:45:00+0200,4328.095,MW,DE,DE_LU,actual_solar_generation,Solar,2026-06-06T16:24:29Z
2026-06-06T16:23:19Z,2026-06-06T18:23:19+0200,8d87ff8c-7229-4840-a478-c91fa6b6d43f,2026-06-03T18:00:00Z,2026-06-03T20:00:00+0200,3109.074,MW,DE,DE_LU,actual_solar_generation,Solar,2026-06-06T16:24:29Z
2026-06-06T16:23:19Z,2026-06-06T18:23:19+0200,8d87ff8c-7229-4840-a478-c91fa6b6d43f,2026-06-03T18:15:00Z,2026-06-03T20:15:00+0200,2038.589,MW,DE,DE_LU,actual_solar_generation,Solar,2026-06-06T16:24:29Z
2026-06-06T16:23:19Z,2026-06-06T18:23:19+0200,8d87ff8c-7229-4840-a478-c91fa6b6d43f,2026-06-03T18:30:00Z,2026-06-03T20:30:00+0200,1184.397,MW,DE,DE_LU,actual_solar_generation,Solar,2026-06-06T16:24:29Z
2026-06-06T16:23:19Z,2026-06-06T18:23:19+0200,8d87ff8c-7229-4840-a478-c91fa6b6d43f,2026-06-03T18:45:00Z,2026-06-03T20:45:00+0200,582.272,MW,DE,DE_LU,actual_solar_generation,Solar,2026-06-06T16:24:29Z
2026-06-06T16:23:19Z,2026-06-06T18:23:19+0200,8d87ff8c-7229-4840-a478-c91fa6b6d43f,2026-06-03T19:00:00Z,2026-06-03T21:00:00+0200,201.371,MW,DE,DE_LU,actual_solar_generation,Solar,2026-06-06T16:24:29Z
2026-06-06T16:23:19Z,2026-06-06T18:23:19+0200,8d87ff8c-7229-4840-a478-c91fa6b6d43f,2026-06-03T19:15:00Z,2026-06-03T21:15:00+0200,49.8,MW,DE,DE_LU,actual_solar_generation,Solar,2026-06-06T16:24:29Z
2026-06-06T16:23:19Z,2026-06-06T18:23:19+0200,8d87ff8c-7229-4840-a478-c91fa6b6d43f,2026-06-03T19:30:00Z,2026-06-03T21:30:00+0200,9.159,MW,DE,DE_LU,actual_solar_generation,Solar,2026-06-06T16:24:29Z
2026-06-06T16:23:19Z,2026-06-06T18:23:19+0200,8d87ff8c-7229-4840-a478-c91fa6b6d43f,2026-06-03T19:45:00Z,2026-06-03T21:45:00+0200,3.82,MW,DE,DE_LU,actual_solar_generation,Solar,2026-06-06T16:24:29Z
2026-06-06T16:23:19Z,2026-06-06T18:23:19+0200,8d87ff8c-7229-4840-a478-c91fa6b6d43f,2026-06-03T20:00:00Z,2026-06-03T22:00:00+0200,0.664,MW,DE,DE_LU,actual_solar_generation,Solar,2026-06-06T16:24:29Z
2026-06-06T16:23:19Z,2026-06-06T18:23:19+0200,8d87ff8c-7229-4840-a478-c91fa6b6d43f,2026-06-03T20:15:00Z,2026-06-03T22:15:00+0200,0.168,MW,DE,DE_LU,actual_solar_generation,Solar,2026-06-06T16:24:29Z
2026-06-06T16:23:19Z,2026-06-06T18:23:19+0200,8d87ff8c-7229-4840-a478-c91fa6b6d43f,2026-06-03T20:30:00Z,2026-06-03T22:30:00+0200,0.157,MW,DE,DE_LU,actual_solar_generation,Solar,2026-06-06T16:24:29Z
2026-06-06T16:23:19Z,2026-06-06T18:23:19+0200,8d87ff8c-7229-4840-a478-c91fa6b6d43f,2026-06-03T20:45:00Z,2026-06-03T22:45:00+0200,0.137,MW,DE,DE_LU,actual_solar_generation,Solar,2026-06-06T16:24:29Z
2026-06-06T16:23:19Z,2026-06-06T18:23:19+0200,8d87ff8c-7229-4840-a478-c91fa6b6d43f,2026-06-03T21:00:00Z,2026-06-03T23:00:00+0200,0.132,MW,DE,DE_LU,actual_solar_generation,Solar,2026-06-06T16:24:29Z
2026-06-06T16:23:19Z,2026-06-06T18:23:19+0200,8d87ff8c-7229-4840-a478-c91fa6b6d43f,2026-06-03T21:15:00Z,2026-06-03T23:15:00+0200,0.129,MW,DE,DE_LU,actual_solar_generation,Solar,2026-06-06T16:24:29Z
2026-06-06T16:23:19Z,2026-06-06T18:23:19+0200,8d87ff8c-7229-4840-a478-c91fa6b6d43f,2026-06-03T21:30:00Z,2026-06-03T23:30:00+0200,0.118,MW,DE,DE_LU,actual_solar_generation,Solar,2026-06-06T16:24:29Z
2026-06-06T16:23:19Z,2026-06-06T18:23:19+0200,8d87ff8c-7229-4840-a478-c91fa6b6d43f,2026-06-03T21:45:00Z,2026-06-03T23:45:00+0200,0.123,MW,DE,DE_LU,actual_solar_generation,Solar,2026-06-06T16:24:29Z
2026-06-06T16:23:19Z,2026-06-06T18:23:19+0200,8d87ff8c-7229-4840-a478-c91fa6b6d43f,2026-06-03T22:00:00Z,2026-06-04T00:00:00+0200,0.123,MW,DE,DE_LU,actual_solar_generation,Solar,2026-06-06T16:24:29Z
2026-06-06T16:23:19Z,2026-06-06T18:23:19+0200,8d87ff8c-7229-4840-a478-c91fa6b6d43f,2026-06-03T22:15:00Z,2026-06-04T00:15:00+0200,0.111,MW,DE,DE_LU,actual_solar_generation,Solar,2026-06-06T16:24:29Z
2026-06-06T16:23:19Z,2026-06-06T18:23:19+0200,8d87ff8c-7229-4840-a478-c91fa6b6d43f,2026-06-03T22:30:00Z,2026-06-04T00:30:00+0200,0.098,MW,DE,DE_LU,actual_solar_generation,Solar,2026-06-06T16:24:29Z
2026-06-06T16:23:19Z,2026-06-06T18:23:19+0200,8d87ff8c-7229-4840-a478-c91fa6b6d43f,2026-06-03T22:45:00Z,2026-06-04T00:45:00+0200,0.092,MW,DE,DE_LU,actual_solar_generation,Solar,2026-06-06T16:24:29Z
2026-06-06T16:23:19Z,2026-06-06T18:23:19+0200,8d87ff8c-7229-4840-a478-c91fa6b6d43f,2026-06-03T23:00:00Z,2026-06-04T01:00:00+0200,0.078,MW,DE,DE_LU,actual_solar_generation,Solar,2026-06-06T16:24:29Z
2026-06-06T16:23:19Z,2026-06-06T18:23:19+0200,8d87ff8c-7229-4840-a478-c91fa6b6d43f,2026-06-03T23:15:00Z,2026-06-04T01:15:00+0200,0.079,MW,DE,DE_LU,actual_solar_generation,Solar,2026-06-06T16:24:29Z
2026-06-06T16:23:19Z,2026-06-06T18:23:19+0200,8d87ff8c-7229-4840-a478-c91fa6b6d43f,2026-06-03T23:30:00Z,2026-06-04T01:30:00+0200,0.074,MW,DE,DE_LU,actual_solar_generation,Solar,2026-06-06T16:24:29Z
2026-06-06T16:23:19Z,2026-06-06T18:23:19+0200,8d87ff8c-7229-4840-a478-c91fa6b6d43f,2026-06-03T23:45:00Z,2026-06-04T01:45:00+0200,0.072,MW,DE,DE_LU,actual_solar_generation,Solar,2026-06-06T16:24:29Z
2026-06-06T16:23:19Z,2026-06-06T18:23:19+0200,8d87ff8c-7229-4840-a478-c91fa6b6d43f,2026-06-04T00:00:00Z,2026-06-04T02:00:00+0200,0.059,MW,DE,DE_LU,actual_solar_generation,Solar,2026-06-06T16:24:29Z
2026-06-06T16:23:19Z,2026-06-06T18:23:19+0200,8d87ff8c-7229-4840-a478-c91fa6b6d43f,2026-06-04T00:15:00Z,2026-06-04T02:15:00+0200,0.06,MW,DE,DE_LU,actual_solar_generation,Solar,2026-06-06T16:24:29Z
2026-06-06T16:23:19Z,2026-06-06T18:23:19+0200,8d87ff8c-7229-4840-a478-c91fa6b6d43f,2026-06-04T00:30:00Z,2026-06-04T02:30:00+0200,0.058,MW,DE,DE_LU,actual_solar_generation,Solar,2026-06-06T16:24:29Z
2026-06-06T16:23:19Z,2026-06-06T18:23:19+0200,8d87ff8c-7229-4840-a478-c91fa6b6d43f,2026-06-04T00:45:00Z,2026-06-04T02:45:00+0200,0.057,MW,DE,DE_LU,actual_solar_generation,Solar,2026-06-06T16:24:29Z
2026-06-06T16:23:19Z,2026-06-06T18:23:19+0200,8d87ff8c-7229-4840-a478-c91fa6b6d43f,2026-06-04T01:00:00Z,2026-06-04T03:00:00+0200,0.052,MW,DE,DE_LU,actual_solar_generation,Solar,2026-06-06T16:24:29Z
2026-06-06T16:23:19Z,2026-06-06T18:23:19+0200,8d87ff8c-7229-4840-a478-c91fa6b6d43f,2026-06-04T01:15:00Z,2026-06-04T03:15:00+0200,0.059,MW,DE,DE_LU,actual_solar_generation,Solar,2026-06-06T16:24:29Z
2026-06-06T16:23:19Z,2026-06-06T18:23:19+0200,8d87ff8c-7229-4840-a478-c91fa6b6d43f,2026-06-04T01:30:00Z,2026-06-04T03:30:00+0200,0.069,MW,DE,DE_LU,actual_solar_generation,Solar,2026-06-06T16:24:29Z
2026-06-06T16:23:19Z,2026-06-06T18:23:19+0200,8d87ff8c-7229-4840-a478-c91fa6b6d43f,2026-06-04T01:45:00Z,2026-06-04T03:45:00+0200,0.067,MW,DE,DE_LU,actual_solar_generation,Solar,2026-06-06T16:24:29Z
2026-06-06T16:23:19Z,2026-06-06T18:23:19+0200,8d87ff8c-7229-4840-a478-c91fa6b6d43f,2026-06-04T02:00:00Z,2026-06-04T04:00:00+0200,0.059,MW,DE,DE_LU,actual_solar_generation,Solar,2026-06-06T16:24:29Z
2026-06-06T16:23:19Z,2026-06-06T18:23:19+0200,8d87ff8c-7229-4840-a478-c91fa6b6d43f,2026-06-04T02:15:00Z,2026-06-04T04:15:00+0200,0.139,MW,DE,DE_LU,actual_solar_generation,Solar,2026-06-06T16:24:29Z
2026-06-06T16:23:19Z,2026-06-06T18:23:19+0200,8d87ff8c-7229-4840-a478-c91fa6b6d43f,2026-06-04T02:30:00Z,2026-06-04T04:30:00+0200,1.393,MW,DE,DE_LU,actual_solar_generation,Solar,2026-06-06T16:24:29Z
2026-06-06T16:23:19Z,2026-06-06T18:23:19+0200,8d87ff8c-7229-4840-a478-c91fa6b6d43f,2026-06-04T02:45:00Z,2026-06-04T04:45:00+0200,21.959,MW,DE,DE_LU,actual_solar_generation,Solar,2026-06-06T16:24:29Z
2026-06-06T16:23:19Z,2026-06-06T18:23:19+0200,8d87ff8c-7229-4840-a478-c91fa6b6d43f,2026-06-04T03:00:00Z,2026-06-04T05:00:00+0200,108.081,MW,DE,DE_LU,actual_solar_generation,Solar,2026-06-06T16:24:29Z
2026-06-06T16:23:19Z,2026-06-06T18:23:19+0200,8d87ff8c-7229-4840-a478-c91fa6b6d43f,2026-06-04T03:15:00Z,2026-06-04T05:15:00+0200,255.942,MW,DE,DE_LU,actual_solar_generation,Solar,2026-06-06T16:24:29Z
2026-06-06T16:23:19Z,2026-06-06T18:23:19+0200,8d87ff8c-7229-4840-a478-c91fa6b6d43f,2026-06-04T03:30:00Z,2026-06-04T05:30:00+0200,676.199,MW,DE,DE_LU,actual_solar_generation,Solar,2026-06-06T16:24:29Z
2026-06-06T16:23:19Z,2026-06-06T18:23:19+0200,8d87ff8c-7229-4840-a478-c91fa6b6d43f,2026-06-04T03:45:00Z,2026-06-04T05:45:00+0200,1356.089,MW,DE,DE_LU,actual_solar_generation,Solar,2026-06-06T16:24:29Z
2026-06-06T16:23:19Z,2026-06-06T18:23:19+0200,8d87ff8c-7229-4840-a478-c91fa6b6d43f,2026-06-04T04:00:00Z,2026-06-04T06:00:00+0200,2197.712,MW,DE,DE_LU,actual_solar_generation,Solar,2026-06-06T16:24:29Z
2026-06-06T16:23:19Z,2026-06-06T18:23:19+0200,8d87ff8c-7229-4840-a478-c91fa6b6d43f,2026-06-04T04:15:00Z,2026-06-04T06:15:00+0200,3170.914,MW,DE,DE_LU,actual_solar_generation,Solar,2026-06-06T16:24:29Z
2026-06-06T16:23:19Z,2026-06-06T18:23:19+0200,8d87ff8c-7229-4840-a478-c91fa6b6d43f,2026-06-04T04:30:00Z,2026-06-04T06:30:00+0200,4281.837,MW,DE,DE_LU,actual_solar_generation,Solar,2026-06-06T16:24:29Z
2026-06-06T16:23:19Z,2026-06-06T18:23:19+0200,8d87ff8c-7229-4840-a478-c91fa6b6d43f,2026-06-04T04:45:00Z,2026-06-04T06:45:00+0200,5500.474,MW,DE,DE_LU,actual_solar_generation,Solar,2026-06-06T16:24:29Z
2026-06-06T16:23:19Z,2026-06-06T18:23:19+0200,8d87ff8c-7229-4840-a478-c91fa6b6d43f,2026-06-04T05:00:00Z,2026-06-04T07:00:00+0200,7023.415,MW,DE,DE_LU,actual_solar_generation,Solar,2026-06-06T16:24:29Z
2026-06-06T16:23:19Z,2026-06-06T18:23:19+0200,8d87ff8c-7229-4840-a478-c91fa6b6d43f,2026-06-04T05:15:00Z,2026-06-04T07:15:00+0200,8728.348,MW,DE,DE_LU,actual_solar_generation,Solar,2026-06-06T16:24:29Z
2026-06-06T16:23:19Z,2026-06-06T18:23:19+0200,8d87ff8c-7229-4840-a478-c91fa6b6d43f,2026-06-04T05:30:00Z,2026-06-04T07:30:00+0200,10507.052,MW,DE,DE_LU,actual_solar_generation,Solar,2026-06-06T16:24:29Z
2026-06-06T16:23:19Z,2026-06-06T18:23:19+0200,8d87ff8c-7229-4840-a478-c91fa6b6d43f,2026-06-04T05:45:00Z,2026-06-04T07:45:00+0200,12360.064,MW,DE,DE_LU,actual_solar_generation,Solar,2026-06-06T16:24:29Z
2026-06-06T16:23:19Z,2026-06-06T18:23:19+0200,8d87ff8c-7229-4840-a478-c91fa6b6d43f,2026-06-04T06:00:00Z,2026-06-04T08:00:00+0200,14143.541,MW,DE,DE_LU,actual_solar_generation,Solar,2026-06-06T16:24:29Z
2026-06-06T16:23:19Z,2026-06-06T18:23:19+0200,8d87ff8c-7229-4840-a478-c91fa6b6d43f,2026-06-04T06:15:00Z,2026-06-04T08:15:00+0200,16023.136,MW,DE,DE_LU,actual_solar_generation,Solar,2026-06-06T16:24:29Z
2026-06-06T16:23:19Z,2026-06-06T18:23:19+0200,8d87ff8c-7229-4840-a478-c91fa6b6d43f,2026-06-04T06:30:00Z,2026-06-04T08:30:00+0200,17748.103,MW,DE,DE_LU,actual_solar_generation,Solar,2026-06-06T16:24:29Z
2026-06-06T16:23:19Z,2026-06-06T18:23:19+0200,8d87ff8c-7229-4840-a478-c91fa6b6d43f,2026-06-04T06:45:00Z,2026-06-04T08:45:00+0200,19475.033,MW,DE,DE_LU,actual_solar_generation,Solar,2026-06-06T16:24:29Z
2026-06-06T16:23:19Z,2026-06-06T18:23:19+0200,8d87ff8c-7229-4840-a478-c91fa6b6d43f,2026-06-04T07:00:00Z,2026-06-04T09:00:00+0200,21178.569,MW,DE,DE_LU,actual_solar_generation,Solar,2026-06-06T16:24:29Z
2026-06-06T16:23:19Z,2026-06-06T18:23:19+0200,8d87ff8c-7229-4840-a478-c91fa6b6d43f,2026-06-04T07:15:00Z,2026-06-04T09:15:00+0200,23100.021,MW,DE,DE_LU,actual_solar_generation,Solar,2026-06-06T16:24:29Z
2026-06-06T16:23:19Z,2026-06-06T18:23:19+0200,8d87ff8c-7229-4840-a478-c91fa6b6d43f,2026-06-04T07:30:00Z,2026-06-04T09:30:00+0200,24339.817,MW,DE,DE_LU,actual_solar_generation,Solar,2026-06-06T16:24:29Z
2026-06-06T16:23:19Z,2026-06-06T18:23:19+0200,8d87ff8c-7229-4840-a478-c91fa6b6d43f,2026-06-04T07:45:00Z,2026-06-04T09:45:00+0200,25419.163,MW,DE,DE_LU,actual_solar_generation,Solar,2026-06-06T16:24:29Z
2026-06-06T16:23:19Z,2026-06-06T18:23:19+0200,8d87ff8c-7229-4840-a478-c91fa6b6d43f,2026-06-04T08:00:00Z,2026-06-04T10:00:00+0200,26383.131,MW,DE,DE_LU,actual_solar_generation,Solar,2026-06-06T16:24:29Z
2026-06-06T16:23:19Z,2026-06-06T18:23:19+0200,8d87ff8c-7229-4840-a478-c91fa6b6d43f,2026-06-04T08:15:00Z,2026-06-04T10:15:00+0200,27320.865,MW,DE,DE_LU,actual_solar_generation,Solar,2026-06-06T16:24:29Z
2026-06-06T16:23:19Z,2026-06-06T18:23:19+0200,8d87ff8c-7229-4840-a478-c91fa6b6d43f,2026-06-04T08:30:00Z,2026-06-04T10:30:00+0200,27928.833,MW,DE,DE_LU,actual_solar_generation,Solar,2026-06-06T16:24:29Z
2026-06-06T16:23:19Z,2026-06-06T18:23:19+0200,8d87ff8c-7229-4840-a478-c91fa6b6d43f,2026-06-04T08:45:00Z,2026-06-04T10:45:00+0200,28388.506,MW,DE,DE_LU,actual_solar_generation,Solar,2026-06-06T16:24:29Z
2026-06-06T16:23:19Z,2026-06-06T18:23:19+0200,8d87ff8c-7229-4840-a478-c91fa6b6d43f,2026-06-04T09:00:00Z,2026-06-04T11:00:00+0200,28479.608,MW,DE,DE_LU,actual_solar_generation,Solar,2026-06-06T16:24:29Z
2026-06-06T16:23:19Z,2026-06-06T18:23:19+0200,8d87ff8c-7229-4840-a478-c91fa6b6d43f,2026-06-04T09:15:00Z,2026-06-04T11:15:00+0200,29118.856,MW,DE,DE_LU,actual_solar_generation,Solar,2026-06-06T16:24:29Z
2026-06-06T16:23:19Z,2026-06-06T18:23:19+0200,8d87ff8c-7229-4840-a478-c91fa6b6d43f,2026-06-04T09:30:00Z,2026-06-04T11:30:00+0200,29260.853,MW,DE,DE_LU,actual_solar_generation,Solar,2026-06-06T16:24:29Z
2026-06-06T16:23:19Z,2026-06-06T18:23:19+0200,8d87ff8c-7229-4840-a478-c91fa6b6d43f,2026-06-04T09:45:00Z,2026-06-04T11:45:00+0200,29414.96,MW,DE,DE_LU,actual_solar_generation,Solar,2026-06-06T16:24:29Z
2026-06-06T16:23:19Z,2026-06-06T18:23:19+0200,8d87ff8c-7229-4840-a478-c91fa6b6d43f,2026-06-04T10:00:00Z,2026-06-04T12:00:00+0200,29555.016,MW,DE,DE_LU,actual_solar_generation,Solar,2026-06-06T16:24:29Z
2026-06-06T16:23:19Z,2026-06-06T18:23:19+0200,8d87ff8c-7229-4840-a478-c91fa6b6d43f,2026-06-04T10:15:00Z,2026-06-04T12:15:00+0200,29168.861,MW,DE,DE_LU,actual_solar_generation,Solar,2026-06-06T16:24:29Z
2026-06-06T16:23:19Z,2026-06-06T18:23:19+0200,8d87ff8c-7229-4840-a478-c91fa6b6d43f,2026-06-04T10:30:00Z,2026-06-04T12:30:00+0200,29072.793,MW,DE,DE_LU,actual_solar_generation,Solar,2026-06-06T16:24:29Z
2026-06-06T16:23:19Z,2026-06-06T18:23:19+0200,8d87ff8c-7229-4840-a478-c91fa6b6d43f,2026-06-04T10:45:00Z,2026-06-04T12:45:00+0200,29707.51,MW,DE,DE_LU,actual_solar_generation,Solar,2026-06-06T16:24:29Z
2026-06-06T16:23:19Z,2026-06-06T18:23:19+0200,8d87ff8c-7229-4840-a478-c91fa6b6d43f,2026-06-04T11:00:00Z,2026-06-04T13:00:00+0200,28791.2,MW,DE,DE_LU,actual_solar_generation,Solar,2026-06-06T16:24:29Z
2026-06-06T16:23:19Z,2026-06-06T18:23:19+0200,8d87ff8c-7229-4840-a478-c91fa6b6d43f,2026-06-04T11:15:00Z,2026-06-04T13:15:00+0200,27928.413,MW,DE,DE_LU,actual_solar_generation,Solar,2026-06-06T16:24:29Z
2026-06-06T16:23:19Z,2026-06-06T18:23:19+0200,8d87ff8c-7229-4840-a478-c91fa6b6d43f,2026-06-04T11:30:00Z,2026-06-04T13:30:00+0200,27655.403,MW,DE,DE_LU,actual_solar_generation,Solar,2026-06-06T16:24:29Z
2026-06-06T16:23:19Z,2026-06-06T18:23:19+0200,8d87ff8c-7229-4840-a478-c91fa6b6d43f,2026-06-04T11:45:00Z,2026-06-04T13:45:00+0200,27274.304,MW,DE,DE_LU,actual_solar_generation,Solar,2026-06-06T16:24:29Z
2026-06-06T16:23:19Z,2026-06-06T18:23:19+0200,8d87ff8c-7229-4840-a478-c91fa6b6d43f,2026-06-04T12:00:00Z,2026-06-04T14:00:00+0200,26963.79,MW,DE,DE_LU,actual_solar_generation,Solar,2026-06-06T16:24:29Z
2026-06-06T16:23:19Z,2026-06-06T18:23:19+0200,8d87ff8c-7229-4840-a478-c91fa6b6d43f,2026-06-04T12:15:00Z,2026-06-04T14:15:00+0200,26353.348,MW,DE,DE_LU,actual_solar_generation,Solar,2026-06-06T16:24:29Z
2026-06-06T16:23:19Z,2026-06-06T18:23:19+0200,8d87ff8c-7229-4840-a478-c91fa6b6d43f,2026-06-04T12:30:00Z,2026-06-04T14:30:00+0200,25464.991,MW,DE,DE_LU,actual_solar_generation,Solar,2026-06-06T16:24:29Z
2026-06-06T16:23:19Z,2026-06-06T18:23:19+0200,8d87ff8c-7229-4840-a478-c91fa6b6d43f,2026-06-04T12:45:00Z,2026-06-04T14:45:00+0200,24780.892,MW,DE,DE_LU,actual_solar_generation,Solar,2026-06-06T16:24:29Z
2026-06-06T16:23:19Z,2026-06-06T18:23:19+0200,8d87ff8c-7229-4840-a478-c91fa6b6d43f,2026-06-04T13:00:00Z,2026-06-04T15:00:00+0200,24275.337,MW,DE,DE_LU,actual_solar_generation,Solar,2026-06-06T16:24:29Z
2026-06-06T16:23:19Z,2026-06-06T18:23:19+0200,8d87ff8c-7229-4840-a478-c91fa6b6d43f,2026-06-04T13:15:00Z,2026-06-04T15:15:00+0200,23050.166,MW,DE,DE_LU,actual_solar_generation,Solar,2026-06-06T16:24:29Z
2026-06-06T16:23:19Z,2026-06-06T18:23:19+0200,8d87ff8c-7229-4840-a478-c91fa6b6d43f,2026-06-04T13:30:00Z,2026-06-04T15:30:00+0200,21902.942,MW,DE,DE_LU,actual_solar_generation,Solar,2026-06-06T16:24:29Z
2026-06-06T16:23:19Z,2026-06-06T18:23:19+0200,8d87ff8c-7229-4840-a478-c91fa6b6d43f,2026-06-04T13:45:00Z,2026-06-04T15:45:00+0200,20447.55,MW,DE,DE_LU,actual_solar_generation,Solar,2026-06-06T16:24:29Z
2026-06-06T16:23:19Z,2026-06-06T18:23:19+0200,8d87ff8c-7229-4840-a478-c91fa6b6d43f,2026-06-04T14:00:00Z,2026-06-04T16:00:00+0200,19465.149,MW,DE,DE_LU,actual_solar_generation,Solar,2026-06-06T16:24:29Z
2026-06-06T16:23:19Z,2026-06-06T18:23:19+0200,8d87ff8c-7229-4840-a478-c91fa6b6d43f,2026-06-04T14:15:00Z,2026-06-04T16:15:00+0200,18498.571,MW,DE,DE_LU,actual_solar_generation,Solar,2026-06-06T16:24:29Z
2026-06-06T16:23:19Z,2026-06-06T18:23:19+0200,8d87ff8c-7229-4840-a478-c91fa6b6d43f,2026-06-04T14:30:00Z,2026-06-04T16:30:00+0200,17374.494,MW,DE,DE_LU,actual_solar_generation,Solar,2026-06-06T16:24:29Z
2026-06-06T16:23:19Z,2026-06-06T18:23:19+0200,8d87ff8c-7229-4840-a478-c91fa6b6d43f,2026-06-04T14:45:00Z,2026-06-04T16:45:00+0200,16188.975,MW,DE,DE_LU,actual_solar_generation,Solar,2026-06-06T16:24:29Z
2026-06-06T16:23:19Z,2026-06-06T18:23:19+0200,8d87ff8c-7229-4840-a478-c91fa6b6d43f,2026-06-04T15:00:00Z,2026-06-04T17:00:00+0200,14879.944,MW,DE,DE_LU,actual_solar_generation,Solar,2026-06-06T16:24:29Z
2026-06-06T16:23:19Z,2026-06-06T18:23:19+0200,8d87ff8c-7229-4840-a478-c91fa6b6d43f,2026-06-04T15:15:00Z,2026-06-04T17:15:00+0200,13761.746,MW,DE,DE_LU,actual_solar_generation,Solar,2026-06-06T16:24:29Z
2026-06-06T16:23:19Z,2026-06-06T18:23:19+0200,8d87ff8c-7229-4840-a478-c91fa6b6d43f,2026-06-04T15:30:00Z,2026-06-04T17:30:00+0200,12247.765,MW,DE,DE_LU,actual_solar_generation,Solar,2026-06-06T16:24:29Z
2026-06-06T16:23:19Z,2026-06-06T18:23:19+0200,8d87ff8c-7229-4840-a478-c91fa6b6d43f,2026-06-04T15:45:00Z,2026-06-04T17:45:00+0200,10710.372,MW,DE,DE_LU,actual_solar_generation,Solar,2026-06-06T16:24:29Z
2026-06-06T16:23:19Z,2026-06-06T18:23:19+0200,8d87ff8c-7229-4840-a478-c91fa6b6d43f,2026-06-04T16:00:00Z,2026-06-04T18:00:00+0200,9539.064,MW,DE,DE_LU,actual_solar_generation,Solar,2026-06-06T16:24:29Z
2026-06-06T16:23:19Z,2026-06-06T18:23:19+0200,8d87ff8c-7229-4840-a478-c91fa6b6d43f,2026-06-04T16:15:00Z,2026-06-04T18:15:00+0200,8454.41,MW,DE,DE_LU,actual_solar_generation,Solar,2026-06-06T16:24:29Z
2026-06-06T16:23:19Z,2026-06-06T18:23:19+0200,8d87ff8c-7229-4840-a478-c91fa6b6d43f,2026-06-04T16:30:00Z,2026-06-04T18:30:00+0200,7332.088,MW,DE,DE_LU,actual_solar_generation,Solar,2026-06-06T16:24:29Z
2026-06-06T16:23:19Z,2026-06-06T18:23:19+0200,8d87ff8c-7229-4840-a478-c91fa6b6d43f,2026-06-04T16:45:00Z,2026-06-04T18:45:00+0200,6401.24,MW,DE,DE_LU,actual_solar_generation,Solar,2026-06-06T16:24:29Z
2026-06-06T16:23:19Z,2026-06-06T18:23:19+0200,8d87ff8c-7229-4840-a478-c91fa6b6d43f,2026-06-04T17:00:00Z,2026-06-04T19:00:00+0200,5350.075,MW,DE,DE_LU,actual_solar_generation,Solar,2026-06-06T16:24:29Z
2026-06-06T16:23:19Z,2026-06-06T18:23:19+0200,8d87ff8c-7229-4840-a478-c91fa6b6d43f,2026-06-04T17:15:00Z,2026-06-04T19:15:00+0200,4345.522,MW,DE,DE_LU,actual_solar_generation,Solar,2026-06-06T16:24:29Z
2026-06-06T16:23:19Z,2026-06-06T18:23:19+0200,8d87ff8c-7229-4840-a478-c91fa6b6d43f,2026-06-04T17:30:00Z,2026-06-04T19:30:00+0200,3466.177,MW,DE,DE_LU,actual_solar_generation,Solar,2026-06-06T16:24:29Z
2026-06-06T16:23:19Z,2026-06-06T18:23:19+0200,8d87ff8c-7229-4840-a478-c91fa6b6d43f,2026-06-04T17:45:00Z,2026-06-04T19:45:00+0200,2708.312,MW,DE,DE_LU,actual_solar_generation,Solar,2026-06-06T16:24:29Z
2026-06-06T16:23:19Z,2026-06-06T18:23:19+0200,8d87ff8c-7229-4840-a478-c91fa6b6d43f,2026-06-04T18:00:00Z,2026-06-04T20:00:00+0200,2007.304,MW,DE,DE_LU,actual_solar_generation,Solar,2026-06-06T16:24:29Z
2026-06-06T16:23:19Z,2026-06-06T18:23:19+0200,8d87ff8c-7229-4840-a478-c91fa6b6d43f,2026-06-04T18:15:00Z,2026-06-04T20:15:00+0200,1405.242,MW,DE,DE_LU,actual_solar_generation,Solar,2026-06-06T16:24:29Z
2026-06-06T16:23:19Z,2026-06-06T18:23:19+0200,8d87ff8c-7229-4840-a478-c91fa6b6d43f,2026-06-04T18:30:00Z,2026-06-04T20:30:00+0200,961.366,MW,DE,DE_LU,actual_solar_generation,Solar,2026-06-06T16:24:29Z
2026-06-06T16:23:19Z,2026-06-06T18:23:19+0200,8d87ff8c-7229-4840-a478-c91fa6b6d43f,2026-06-04T18:45:00Z,2026-06-04T20:45:00+0200,572.216,MW,DE,DE_LU,actual_solar_generation,Solar,2026-06-06T16:24:29Z
2026-06-06T16:23:19Z,2026-06-06T18:23:19+0200,8d87ff8c-7229-4840-a478-c91fa6b6d43f,2026-06-04T19:00:00Z,2026-06-04T21:00:00+0200,303.191,MW,DE,DE_LU,actual_solar_generation,Solar,2026-06-06T16:24:29Z
2026-06-06T16:23:19Z,2026-06-06T18:23:19+0200,8d87ff8c-7229-4840-a478-c91fa6b6d43f,2026-06-04T19:15:00Z,2026-06-04T21:15:00+0200,120.914,MW,DE,DE_LU,actual_solar_generation,Solar,2026-06-06T16:24:29Z
2026-06-06T16:23:19Z,2026-06-06T18:23:19+0200,8d87ff8c-7229-4840-a478-c91fa6b6d43f,2026-06-04T19:30:00Z,2026-06-04T21:30:00+0200,21.948,MW,DE,DE_LU,actual_solar_generation,Solar,2026-06-06T16:24:29Z
2026-06-06T16:23:19Z,2026-06-06T18:23:19+0200,8d87ff8c-7229-4840-a478-c91fa6b6d43f,2026-06-04T19:45:00Z,2026-06-04T21:45:00+0200,3.755,MW,DE,DE_LU,actual_solar_generation,Solar,2026-06-06T16:24:29Z
2026-06-06T16:23:19Z,2026-06-06T18:23:19+0200,8d87ff8c-7229-4840-a478-c91fa6b6d43f,2026-06-04T20:00:00Z,2026-06-04T22:00:00+0200,0.987,MW,DE,DE_LU,actual_solar_generation,Solar,2026-06-06T16:24:29Z
2026-06-06T16:23:19Z,2026-06-06T18:23:19+0200,8d87ff8c-7229-4840-a478-c91fa6b6d43f,2026-06-04T20:15:00Z,2026-06-04T22:15:00+0200,0.206,MW,DE,DE_LU,actual_solar_generation,Solar,2026-06-06T16:24:29Z
2026-06-06T16:23:19Z,2026-06-06T18:23:19+0200,8d87ff8c-7229-4840-a478-c91fa6b6d43f,2026-06-04T20:30:00Z,2026-06-04T22:30:00+0200,0.173,MW,DE,DE_LU,actual_solar_generation,Solar,2026-06-06T16:24:29Z
2026-06-06T16:23:19Z,2026-06-06T18:23:19+0200,8d87ff8c-7229-4840-a478-c91fa6b6d43f,2026-06-04T20:45:00Z,2026-06-04T22:45:00+0200,0.155,MW,DE,DE_LU,actual_solar_generation,Solar,2026-06-06T16:24:29Z
2026-06-06T16:23:19Z,2026-06-06T18:23:19+0200,8d87ff8c-7229-4840-a478-c91fa6b6d43f,2026-06-04T21:00:00Z,2026-06-04T23:00:00+0200,0.137,MW,DE,DE_LU,actual_solar_generation,Solar,2026-06-06T16:24:29Z
2026-06-06T16:23:19Z,2026-06-06T18:23:19+0200,8d87ff8c-7229-4840-a478-c91fa6b6d43f,2026-06-04T21:15:00Z,2026-06-04T23:15:00+0200,0.111,MW,DE,DE_LU,actual_solar_generation,Solar,2026-06-06T16:24:29Z
2026-06-06T16:23:19Z,2026-06-06T18:23:19+0200,8d87ff8c-7229-4840-a478-c91fa6b6d43f,2026-06-04T21:30:00Z,2026-06-04T23:30:00+0200,0.12,MW,DE,DE_LU,actual_solar_generation,Solar,2026-06-06T16:24:29Z
2026-06-06T16:23:19Z,2026-06-06T18:23:19+0200,8d87ff8c-7229-4840-a478-c91fa6b6d43f,2026-06-04T21:45:00Z,2026-06-04T23:45:00+0200,0.122,MW,DE,DE_LU,actual_solar_generation,Solar,2026-06-06T16:24:29Z
2026-06-06T16:23:19Z,2026-06-06T18:23:19+0200,8d87ff8c-7229-4840-a478-c91fa6b6d43f,2026-06-04T22:00:00Z,2026-06-05T00:00:00+0200,0.112,MW,DE,DE_LU,actual_solar_generation,Solar,2026-06-06T16:24:29Z
2026-06-06T16:23:19Z,2026-06-06T18:23:19+0200,8d87ff8c-7229-4840-a478-c91fa6b6d43f,2026-06-04T22:15:00Z,2026-06-05T00:15:00+0200,0.1,MW,DE,DE_LU,actual_solar_generation,Solar,2026-06-06T16:24:29Z
2026-06-06T16:23:19Z,2026-06-06T18:23:19+0200,8d87ff8c-7229-4840-a478-c91fa6b6d43f,2026-06-04T22:30:00Z,2026-06-05T00:30:00+0200,0.095,MW,DE,DE_LU,actual_solar_generation,Solar,2026-06-06T16:24:29Z
2026-06-06T16:23:19Z,2026-06-06T18:23:19+0200,8d87ff8c-7229-4840-a478-c91fa6b6d43f,2026-06-04T22:45:00Z,2026-06-05T00:45:00+0200,0.1,MW,DE,DE_LU,actual_solar_generation,Solar,2026-06-06T16:24:29Z
2026-06-06T16:23:19Z,2026-06-06T18:23:19+0200,8d87ff8c-7229-4840-a478-c91fa6b6d43f,2026-06-04T23:00:00Z,2026-06-05T01:00:00+0200,0.092,MW,DE,DE_LU,actual_solar_generation,Solar,2026-06-06T16:24:29Z
2026-06-06T16:23:19Z,2026-06-06T18:23:19+0200,8d87ff8c-7229-4840-a478-c91fa6b6d43f,2026-06-04T23:15:00Z,2026-06-05T01:15:00+0200,0.086,MW,DE,DE_LU,actual_solar_generation,Solar,2026-06-06T16:24:29Z
2026-06-06T16:23:19Z,2026-06-06T18:23:19+0200,8d87ff8c-7229-4840-a478-c91fa6b6d43f,2026-06-04T23:30:00Z,2026-06-05T01:30:00+0200,0.081,MW,DE,DE_LU,actual_solar_generation,Solar,2026-06-06T16:24:29Z
2026-06-06T16:23:19Z,2026-06-06T18:23:19+0200,8d87ff8c-7229-4840-a478-c91fa6b6d43f,2026-06-04T23:45:00Z,2026-06-05T01:45:00+0200,0.069,MW,DE,DE_LU,actual_solar_generation,Solar,2026-06-06T16:24:29Z
2026-06-06T16:23:19Z,2026-06-06T18:23:19+0200,8d87ff8c-7229-4840-a478-c91fa6b6d43f,2026-06-05T00:00:00Z,2026-06-05T02:00:00+0200,0.061,MW,DE,DE_LU,actual_solar_generation,Solar,2026-06-06T16:24:29Z
2026-06-06T16:23:19Z,2026-06-06T18:23:19+0200,8d87ff8c-7229-4840-a478-c91fa6b6d43f,2026-06-05T00:15:00Z,2026-06-05T02:15:00+0200,0.063,MW,DE,DE_LU,actual_solar_generation,Solar,2026-06-06T16:24:29Z
2026-06-06T16:23:19Z,2026-06-06T18:23:19+0200,8d87ff8c-7229-4840-a478-c91fa6b6d43f,2026-06-05T00:30:00Z,2026-06-05T02:30:00+0200,0.07,MW,DE,DE_LU,actual_solar_generation,Solar,2026-06-06T16:24:29Z
2026-06-06T16:23:19Z,2026-06-06T18:23:19+0200,8d87ff8c-7229-4840-a478-c91fa6b6d43f,2026-06-05T00:45:00Z,2026-06-05T02:45:00+0200,0.062,MW,DE,DE_LU,actual_solar_generation,Solar,2026-06-06T16:24:29Z
2026-06-06T16:23:19Z,2026-06-06T18:23:19+0200,8d87ff8c-7229-4840-a478-c91fa6b6d43f,2026-06-05T01:00:00Z,2026-06-05T03:00:00+0200,0.06,MW,DE,DE_LU,actual_solar_generation,Solar,2026-06-06T16:24:29Z
2026-06-06T16:23:19Z,2026-06-06T18:23:19+0200,8d87ff8c-7229-4840-a478-c91fa6b6d43f,2026-06-05T01:15:00Z,2026-06-05T03:15:00+0200,0.06,MW,DE,DE_LU,actual_solar_generation,Solar,2026-06-06T16:24:29Z
2026-06-06T16:23:19Z,2026-06-06T18:23:19+0200,8d87ff8c-7229-4840-a478-c91fa6b6d43f,2026-06-05T01:30:00Z,2026-06-05T03:30:00+0200,0.062,MW,DE,DE_LU,actual_solar_generation,Solar,2026-06-06T16:24:29Z
2026-06-06T16:23:19Z,2026-06-06T18:23:19+0200,8d87ff8c-7229-4840-a478-c91fa6b6d43f,2026-06-05T01:45:00Z,2026-06-05T03:45:00+0200,0.059,MW,DE,DE_LU,actual_solar_generation,Solar,2026-06-06T16:24:29Z
2026-06-06T16:23:19Z,2026-06-06T18:23:19+0200,8d87ff8c-7229-4840-a478-c91fa6b6d43f,2026-06-05T02:00:00Z,2026-06-05T04:00:00+0200,0.061,MW,DE,DE_LU,actual_solar_generation,Solar,2026-06-06T16:24:29Z
2026-06-06T16:23:19Z,2026-06-06T18:23:19+0200,8d87ff8c-7229-4840-a478-c91fa6b6d43f,2026-06-05T02:15:00Z,2026-06-05T04:15:00+0200,0.089,MW,DE,DE_LU,actual_solar_generation,Solar,2026-06-06T16:24:29Z
2026-06-06T16:23:19Z,2026-06-06T18:23:19+0200,8d87ff8c-7229-4840-a478-c91fa6b6d43f,2026-06-05T02:30:00Z,2026-06-05T04:30:00+0200,0.381,MW,DE,DE_LU,actual_solar_generation,Solar,2026-06-06T16:24:29Z
2026-06-06T16:23:19Z,2026-06-06T18:23:19+0200,8d87ff8c-7229-4840-a478-c91fa6b6d43f,2026-06-05T02:45:00Z,2026-06-05T04:45:00+0200,3.962,MW,DE,DE_LU,actual_solar_generation,Solar,2026-06-06T16:24:29Z
2026-06-06T16:23:19Z,2026-06-06T18:23:19+0200,8d87ff8c-7229-4840-a478-c91fa6b6d43f,2026-06-05T03:00:00Z,2026-06-05T05:00:00+0200,28.684,MW,DE,DE_LU,actual_solar_generation,Solar,2026-06-06T16:24:29Z
2026-06-06T16:23:19Z,2026-06-06T18:23:19+0200,8d87ff8c-7229-4840-a478-c91fa6b6d43f,2026-06-05T03:15:00Z,2026-06-05T05:15:00+0200,115.545,MW,DE,DE_LU,actual_solar_generation,Solar,2026-06-06T16:24:29Z
2026-06-06T16:23:19Z,2026-06-06T18:23:19+0200,8d87ff8c-7229-4840-a478-c91fa6b6d43f,2026-06-05T03:30:00Z,2026-06-05T05:30:00+0200,335.506,MW,DE,DE_LU,actual_solar_generation,Solar,2026-06-06T16:24:29Z
2026-06-06T16:23:19Z,2026-06-06T18:23:19+0200,8d87ff8c-7229-4840-a478-c91fa6b6d43f,2026-06-05T03:45:00Z,2026-06-05T05:45:00+0200,746.779,MW,DE,DE_LU,actual_solar_generation,Solar,2026-06-06T16:24:29Z
2026-06-06T16:23:19Z,2026-06-06T18:23:19+0200,8d87ff8c-7229-4840-a478-c91fa6b6d43f,2026-06-05T04:00:00Z,2026-06-05T06:00:00+0200,1300.005,MW,DE,DE_LU,actual_solar_generation,Solar,2026-06-06T16:24:29Z
2026-06-06T16:23:19Z,2026-06-06T18:23:19+0200,8d87ff8c-7229-4840-a478-c91fa6b6d43f,2026-06-05T04:15:00Z,2026-06-05T06:15:00+0200,2014.633,MW,DE,DE_LU,actual_solar_generation,Solar,2026-06-06T16:24:29Z
2026-06-06T16:23:19Z,2026-06-06T18:23:19+0200,8d87ff8c-7229-4840-a478-c91fa6b6d43f,2026-06-05T04:30:00Z,2026-06-05T06:30:00+0200,2821.203,MW,DE,DE_LU,actual_solar_generation,Solar,2026-06-06T16:24:29Z
2026-06-06T16:23:19Z,2026-06-06T18:23:19+0200,8d87ff8c-7229-4840-a478-c91fa6b6d43f,2026-06-05T04:45:00Z,2026-06-05T06:45:00+0200,3770.557,MW,DE,DE_LU,actual_solar_generation,Solar,2026-06-06T16:24:29Z
2026-06-06T16:23:19Z,2026-06-06T18:23:19+0200,8d87ff8c-7229-4840-a478-c91fa6b6d43f,2026-06-05T05:00:00Z,2026-06-05T07:00:00+0200,4858.199,MW,DE,DE_LU,actual_solar_generation,Solar,2026-06-06T16:24:29Z
2026-06-06T16:23:19Z,2026-06-06T18:23:19+0200,8d87ff8c-7229-4840-a478-c91fa6b6d43f,2026-06-05T05:15:00Z,2026-06-05T07:15:00+0200,6006.36,MW,DE,DE_LU,actual_solar_generation,Solar,2026-06-06T16:24:29Z
2026-06-06T16:23:19Z,2026-06-06T18:23:19+0200,8d87ff8c-7229-4840-a478-c91fa6b6d43f,2026-06-05T05:30:00Z,2026-06-05T07:30:00+0200,7317.345,MW,DE,DE_LU,actual_solar_generation,Solar,2026-06-06T16:24:29Z
2026-06-06T16:23:19Z,2026-06-06T18:23:19+0200,8d87ff8c-7229-4840-a478-c91fa6b6d43f,2026-06-05T05:45:00Z,2026-06-05T07:45:00+0200,8680.339,MW,DE,DE_LU,actual_solar_generation,Solar,2026-06-06T16:24:29Z
2026-06-06T16:23:19Z,2026-06-06T18:23:19+0200,8d87ff8c-7229-4840-a478-c91fa6b6d43f,2026-06-05T06:00:00Z,2026-06-05T08:00:00+0200,10116.388,MW,DE,DE_LU,actual_solar_generation,Solar,2026-06-06T16:24:29Z
2026-06-06T16:23:19Z,2026-06-06T18:23:19+0200,8d87ff8c-7229-4840-a478-c91fa6b6d43f,2026-06-05T06:15:00Z,2026-06-05T08:15:00+0200,11616.762,MW,DE,DE_LU,actual_solar_generation,Solar,2026-06-06T16:24:29Z
2026-06-06T16:23:19Z,2026-06-06T18:23:19+0200,8d87ff8c-7229-4840-a478-c91fa6b6d43f,2026-06-05T06:30:00Z,2026-06-05T08:30:00+0200,13304.799,MW,DE,DE_LU,actual_solar_generation,Solar,2026-06-06T16:24:29Z
2026-06-06T16:23:19Z,2026-06-06T18:23:19+0200,8d87ff8c-7229-4840-a478-c91fa6b6d43f,2026-06-05T06:45:00Z,2026-06-05T08:45:00+0200,15107.505,MW,DE,DE_LU,actual_solar_generation,Solar,2026-06-06T16:24:29Z
2026-06-06T16:23:19Z,2026-06-06T18:23:19+0200,8d87ff8c-7229-4840-a478-c91fa6b6d43f,2026-06-05T07:00:00Z,2026-06-05T09:00:00+0200,17140.861,MW,DE,DE_LU,actual_solar_generation,Solar,2026-06-06T16:24:29Z
2026-06-06T16:23:19Z,2026-06-06T18:23:19+0200,8d87ff8c-7229-4840-a478-c91fa6b6d43f,2026-06-05T07:15:00Z,2026-06-05T09:15:00+0200,19206.77,MW,DE,DE_LU,actual_solar_generation,Solar,2026-06-06T16:24:29Z
2026-06-06T16:23:19Z,2026-06-06T18:23:19+0200,8d87ff8c-7229-4840-a478-c91fa6b6d43f,2026-06-05T07:30:00Z,2026-06-05T09:30:00+0200,21429.971,MW,DE,DE_LU,actual_solar_generation,Solar,2026-06-06T16:24:29Z
2026-06-06T16:23:19Z,2026-06-06T18:23:19+0200,8d87ff8c-7229-4840-a478-c91fa6b6d43f,2026-06-05T07:45:00Z,2026-06-05T09:45:00+0200,23299.405,MW,DE,DE_LU,actual_solar_generation,Solar,2026-06-06T16:24:29Z
2026-06-06T16:23:19Z,2026-06-06T18:23:19+0200,8d87ff8c-7229-4840-a478-c91fa6b6d43f,2026-06-05T08:00:00Z,2026-06-05T10:00:00+0200,25188.315,MW,DE,DE_LU,actual_solar_generation,Solar,2026-06-06T16:24:29Z
2026-06-06T16:23:19Z,2026-06-06T18:23:19+0200,8d87ff8c-7229-4840-a478-c91fa6b6d43f,2026-06-05T08:15:00Z,2026-06-05T10:15:00+0200,27009.511,MW,DE,DE_LU,actual_solar_generation,Solar,2026-06-06T16:24:29Z
2026-06-06T16:23:19Z,2026-06-06T18:23:19+0200,8d87ff8c-7229-4840-a478-c91fa6b6d43f,2026-06-05T08:30:00Z,2026-06-05T10:30:00+0200,29306.754,MW,DE,DE_LU,actual_solar_generation,Solar,2026-06-06T16:24:29Z
2026-06-06T16:23:19Z,2026-06-06T18:23:19+0200,8d87ff8c-7229-4840-a478-c91fa6b6d43f,2026-06-05T08:45:00Z,2026-06-05T10:45:00+0200,30980.382,MW,DE,DE_LU,actual_solar_generation,Solar,2026-06-06T16:24:29Z
2026-06-06T16:23:19Z,2026-06-06T18:23:19+0200,8d87ff8c-7229-4840-a478-c91fa6b6d43f,2026-06-05T09:00:00Z,2026-06-05T11:00:00+0200,32211.784,MW,DE,DE_LU,actual_solar_generation,Solar,2026-06-06T16:24:29Z
2026-06-06T16:23:19Z,2026-06-06T18:23:19+0200,8d87ff8c-7229-4840-a478-c91fa6b6d43f,2026-06-05T09:15:00Z,2026-06-05T11:15:00+0200,33541.977,MW,DE,DE_LU,actual_solar_generation,Solar,2026-06-06T16:24:29Z
2026-06-06T16:23:19Z,2026-06-06T18:23:19+0200,8d87ff8c-7229-4840-a478-c91fa6b6d43f,2026-06-05T09:30:00Z,2026-06-05T11:30:00+0200,34070.562,MW,DE,DE_LU,actual_solar_generation,Solar,2026-06-06T16:24:29Z
2026-06-06T16:23:19Z,2026-06-06T18:23:19+0200,8d87ff8c-7229-4840-a478-c91fa6b6d43f,2026-06-05T09:45:00Z,2026-06-05T11:45:00+0200,34763.102,MW,DE,DE_LU,actual_solar_generation,Solar,2026-06-06T16:24:29Z
2026-06-06T16:23:19Z,2026-06-06T18:23:19+0200,8d87ff8c-7229-4840-a478-c91fa6b6d43f,2026-06-05T10:00:00Z,2026-06-05T12:00:00+0200,35234.712,MW,DE,DE_LU,actual_solar_generation,Solar,2026-06-06T16:24:29Z
2026-06-06T16:23:19Z,2026-06-06T18:23:19+0200,8d87ff8c-7229-4840-a478-c91fa6b6d43f,2026-06-05T10:15:00Z,2026-06-05T12:15:00+0200,35839.238,MW,DE,DE_LU,actual_solar_generation,Solar,2026-06-06T16:24:29Z
2026-06-06T16:23:19Z,2026-06-06T18:23:19+0200,8d87ff8c-7229-4840-a478-c91fa6b6d43f,2026-06-05T10:30:00Z,2026-06-05T12:30:00+0200,36228.449,MW,DE,DE_LU,actual_solar_generation,Solar,2026-06-06T16:24:29Z
2026-06-06T16:23:19Z,2026-06-06T18:23:19+0200,8d87ff8c-7229-4840-a478-c91fa6b6d43f,2026-06-05T10:45:00Z,2026-06-05T12:45:00+0200,36357.956,MW,DE,DE_LU,actual_solar_generation,Solar,2026-06-06T16:24:29Z
2026-06-06T16:23:19Z,2026-06-06T18:23:19+0200,8d87ff8c-7229-4840-a478-c91fa6b6d43f,2026-06-05T11:00:00Z,2026-06-05T13:00:00+0200,36621.912,MW,DE,DE_LU,actual_solar_generation,Solar,2026-06-06T16:24:29Z
2026-06-06T16:23:19Z,2026-06-06T18:23:19+0200,8d87ff8c-7229-4840-a478-c91fa6b6d43f,2026-06-05T11:15:00Z,2026-06-05T13:15:00+0200,37061.777,MW,DE,DE_LU,actual_solar_generation,Solar,2026-06-06T16:24:29Z
2026-06-06T16:23:19Z,2026-06-06T18:23:19+0200,8d87ff8c-7229-4840-a478-c91fa6b6d43f,2026-06-05T11:30:00Z,2026-06-05T13:30:00+0200,36904.41,MW,DE,DE_LU,actual_solar_generation,Solar,2026-06-06T16:24:29Z
2026-06-06T16:23:19Z,2026-06-06T18:23:19+0200,8d87ff8c-7229-4840-a478-c91fa6b6d43f,2026-06-05T11:45:00Z,2026-06-05T13:45:00+0200,36790.918,MW,DE,DE_LU,actual_solar_generation,Solar,2026-06-06T16:24:29Z
2026-06-06T16:23:19Z,2026-06-06T18:23:19+0200,8d87ff8c-7229-4840-a478-c91fa6b6d43f,2026-06-05T12:00:00Z,2026-06-05T14:00:00+0200,36604.846,MW,DE,DE_LU,actual_solar_generation,Solar,2026-06-06T16:24:29Z
2026-06-06T16:23:19Z,2026-06-06T18:23:19+0200,8d87ff8c-7229-4840-a478-c91fa6b6d43f,2026-06-05T12:15:00Z,2026-06-05T14:15:00+0200,36216.578,MW,DE,DE_LU,actual_solar_generation,Solar,2026-06-06T16:24:29Z
2026-06-06T16:23:19Z,2026-06-06T18:23:19+0200,8d87ff8c-7229-4840-a478-c91fa6b6d43f,2026-06-05T12:30:00Z,2026-06-05T14:30:00+0200,35971.933,MW,DE,DE_LU,actual_solar_generation,Solar,2026-06-06T16:24:29Z
2026-06-06T16:23:19Z,2026-06-06T18:23:19+0200,8d87ff8c-7229-4840-a478-c91fa6b6d43f,2026-06-05T12:45:00Z,2026-06-05T14:45:00+0200,35517.355,MW,DE,DE_LU,actual_solar_generation,Solar,2026-06-06T16:24:29Z
2026-06-06T16:23:19Z,2026-06-06T18:23:19+0200,8d87ff8c-7229-4840-a478-c91fa6b6d43f,2026-06-05T13:00:00Z,2026-06-05T15:00:00+0200,35110.454,MW,DE,DE_LU,actual_solar_generation,Solar,2026-06-06T16:24:29Z
2026-06-06T16:23:19Z,2026-06-06T18:23:19+0200,8d87ff8c-7229-4840-a478-c91fa6b6d43f,2026-06-05T13:15:00Z,2026-06-05T15:15:00+0200,34820.87,MW,DE,DE_LU,actual_solar_generation,Solar,2026-06-06T16:24:29Z
2026-06-06T16:23:19Z,2026-06-06T18:23:19+0200,8d87ff8c-7229-4840-a478-c91fa6b6d43f,2026-06-05T13:30:00Z,2026-06-05T15:30:00+0200,34018.347,MW,DE,DE_LU,actual_solar_generation,Solar,2026-06-06T16:24:29Z
2026-06-06T16:23:19Z,2026-06-06T18:23:19+0200,8d87ff8c-7229-4840-a478-c91fa6b6d43f,2026-06-05T13:45:00Z,2026-06-05T15:45:00+0200,33063.676,MW,DE,DE_LU,actual_solar_generation,Solar,2026-06-06T16:24:29Z
2026-06-06T16:23:19Z,2026-06-06T18:23:19+0200,8d87ff8c-7229-4840-a478-c91fa6b6d43f,2026-06-05T14:00:00Z,2026-06-05T16:00:00+0200,31872.148,MW,DE,DE_LU,actual_solar_generation,Solar,2026-06-06T16:24:29Z
2026-06-06T16:23:19Z,2026-06-06T18:23:19+0200,8d87ff8c-7229-4840-a478-c91fa6b6d43f,2026-06-05T14:15:00Z,2026-06-05T16:15:00+0200,30418.856,MW,DE,DE_LU,actual_solar_generation,Solar,2026-06-06T16:24:29Z
2026-06-06T16:23:19Z,2026-06-06T18:23:19+0200,8d87ff8c-7229-4840-a478-c91fa6b6d43f,2026-06-05T14:30:00Z,2026-06-05T16:30:00+0200,29299.748,MW,DE,DE_LU,actual_solar_generation,Solar,2026-06-06T16:24:29Z
2026-06-06T16:23:19Z,2026-06-06T18:23:19+0200,8d87ff8c-7229-4840-a478-c91fa6b6d43f,2026-06-05T14:45:00Z,2026-06-05T16:45:00+0200,27621.947,MW,DE,DE_LU,actual_solar_generation,Solar,2026-06-06T16:24:29Z
2026-06-06T16:23:19Z,2026-06-06T18:23:19+0200,8d87ff8c-7229-4840-a478-c91fa6b6d43f,2026-06-05T15:00:00Z,2026-06-05T17:00:00+0200,25974.553,MW,DE,DE_LU,actual_solar_generation,Solar,2026-06-06T16:24:29Z
2026-06-06T16:23:19Z,2026-06-06T18:23:19+0200,8d87ff8c-7229-4840-a478-c91fa6b6d43f,2026-06-05T15:15:00Z,2026-06-05T17:15:00+0200,24194.484,MW,DE,DE_LU,actual_solar_generation,Solar,2026-06-06T16:24:29Z
2026-06-06T16:23:19Z,2026-06-06T18:23:19+0200,8d87ff8c-7229-4840-a478-c91fa6b6d43f,2026-06-05T15:30:00Z,2026-06-05T17:30:00+0200,22677.368,MW,DE,DE_LU,actual_solar_generation,Solar,2026-06-06T16:24:29Z
2026-06-06T16:23:19Z,2026-06-06T18:23:19+0200,8d87ff8c-7229-4840-a478-c91fa6b6d43f,2026-06-05T15:45:00Z,2026-06-05T17:45:00+0200,20582.014,MW,DE,DE_LU,actual_solar_generation,Solar,2026-06-06T16:24:29Z
2026-06-06T16:23:19Z,2026-06-06T18:23:19+0200,8d87ff8c-7229-4840-a478-c91fa6b6d43f,2026-06-05T16:00:00Z,2026-06-05T18:00:00+0200,18433.448,MW,DE,DE_LU,actual_solar_generation,Solar,2026-06-06T16:24:29Z
2026-06-06T16:23:19Z,2026-06-06T18:23:19+0200,8d87ff8c-7229-4840-a478-c91fa6b6d43f,2026-06-05T16:15:00Z,2026-06-05T18:15:00+0200,16522.375,MW,DE,DE_LU,actual_solar_generation,Solar,2026-06-06T16:24:29Z
2026-06-06T16:23:19Z,2026-06-06T18:23:19+0200,8d87ff8c-7229-4840-a478-c91fa6b6d43f,2026-06-05T16:30:00Z,2026-06-05T18:30:00+0200,14737.638,MW,DE,DE_LU,actual_solar_generation,Solar,2026-06-06T16:24:29Z
2026-06-06T16:23:19Z,2026-06-06T18:23:19+0200,8d87ff8c-7229-4840-a478-c91fa6b6d43f,2026-06-05T16:45:00Z,2026-06-05T18:45:00+0200,12680.567,MW,DE,DE_LU,actual_solar_generation,Solar,2026-06-06T16:24:29Z
2026-06-06T16:23:19Z,2026-06-06T18:23:19+0200,8d87ff8c-7229-4840-a478-c91fa6b6d43f,2026-06-05T17:00:00Z,2026-06-05T19:00:00+0200,10638.59,MW,DE,DE_LU,actual_solar_generation,Solar,2026-06-06T16:24:29Z
2026-06-06T16:23:19Z,2026-06-06T18:23:19+0200,8d87ff8c-7229-4840-a478-c91fa6b6d43f,2026-06-05T17:15:00Z,2026-06-05T19:15:00+0200,8719.539,MW,DE,DE_LU,actual_solar_generation,Solar,2026-06-06T16:24:29Z
2026-06-06T16:23:19Z,2026-06-06T18:23:19+0200,8d87ff8c-7229-4840-a478-c91fa6b6d43f,2026-06-05T17:30:00Z,2026-06-05T19:30:00+0200,6855.319,MW,DE,DE_LU,actual_solar_generation,Solar,2026-06-06T16:24:29Z
2026-06-06T16:23:19Z,2026-06-06T18:23:19+0200,8d87ff8c-7229-4840-a478-c91fa6b6d43f,2026-06-05T17:45:00Z,2026-06-05T19:45:00+0200,5257.523,MW,DE,DE_LU,actual_solar_generation,Solar,2026-06-06T16:24:29Z
2026-06-06T16:23:19Z,2026-06-06T18:23:19+0200,8d87ff8c-7229-4840-a478-c91fa6b6d43f,2026-06-05T18:00:00Z,2026-06-05T20:00:00+0200,3882.396,MW,DE,DE_LU,actual_solar_generation,Solar,2026-06-06T16:24:29Z
2026-06-06T16:23:19Z,2026-06-06T18:23:19+0200,8d87ff8c-7229-4840-a478-c91fa6b6d43f,2026-06-05T18:15:00Z,2026-06-05T20:15:00+0200,2705.941,MW,DE,DE_LU,actual_solar_generation,Solar,2026-06-06T16:24:29Z
2026-06-06T16:23:19Z,2026-06-06T18:23:19+0200,8d87ff8c-7229-4840-a478-c91fa6b6d43f,2026-06-05T18:30:00Z,2026-06-05T20:30:00+0200,1693.117,MW,DE,DE_LU,actual_solar_generation,Solar,2026-06-06T16:24:29Z
2026-06-06T16:23:19Z,2026-06-06T18:23:19+0200,8d87ff8c-7229-4840-a478-c91fa6b6d43f,2026-06-05T18:45:00Z,2026-06-05T20:45:00+0200,923.377,MW,DE,DE_LU,actual_solar_generation,Solar,2026-06-06T16:24:29Z
2026-06-06T16:23:19Z,2026-06-06T18:23:19+0200,8d87ff8c-7229-4840-a478-c91fa6b6d43f,2026-06-05T19:00:00Z,2026-06-05T21:00:00+0200,389.156,MW,DE,DE_LU,actual_solar_generation,Solar,2026-06-06T16:24:29Z
2026-06-06T16:23:19Z,2026-06-06T18:23:19+0200,8d87ff8c-7229-4840-a478-c91fa6b6d43f,2026-06-05T19:15:00Z,2026-06-05T21:15:00+0200,124.425,MW,DE,DE_LU,actual_solar_generation,Solar,2026-06-06T16:24:29Z
2026-06-06T16:23:19Z,2026-06-06T18:23:19+0200,8d87ff8c-7229-4840-a478-c91fa6b6d43f,2026-06-05T19:30:00Z,2026-06-05T21:30:00+0200,24.986,MW,DE,DE_LU,actual_solar_generation,Solar,2026-06-06T16:24:29Z
2026-06-06T16:23:19Z,2026-06-06T18:23:19+0200,8d87ff8c-7229-4840-a478-c91fa6b6d43f,2026-06-05T19:45:00Z,2026-06-05T21:45:00+0200,2.559,MW,DE,DE_LU,actual_solar_generation,Solar,2026-06-06T16:24:29Z
2026-06-06T16:23:19Z,2026-06-06T18:23:19+0200,8d87ff8c-7229-4840-a478-c91fa6b6d43f,2026-06-05T20:00:00Z,2026-06-05T22:00:00+0200,1.644,MW,DE,DE_LU,actual_solar_generation,Solar,2026-06-06T16:24:29Z
2026-06-06T16:23:19Z,2026-06-06T18:23:19+0200,8d87ff8c-7229-4840-a478-c91fa6b6d43f,2026-06-05T20:15:00Z,2026-06-05T22:15:00+0200,0.235,MW,DE,DE_LU,actual_solar_generation,Solar,2026-06-06T16:24:29Z
2026-06-06T16:23:19Z,2026-06-06T18:23:19+0200,8d87ff8c-7229-4840-a478-c91fa6b6d43f,2026-06-05T20:30:00Z,2026-06-05T22:30:00+0200,0.184,MW,DE,DE_LU,actual_solar_generation,Solar,2026-06-06T16:24:29Z
2026-06-06T16:23:19Z,2026-06-06T18:23:19+0200,8d87ff8c-7229-4840-a478-c91fa6b6d43f,2026-06-05T20:45:00Z,2026-06-05T22:45:00+0200,0.163,MW,DE,DE_LU,actual_solar_generation,Solar,2026-06-06T16:24:29Z
2026-06-06T16:23:19Z,2026-06-06T18:23:19+0200,8d87ff8c-7229-4840-a478-c91fa6b6d43f,2026-06-05T21:00:00Z,2026-06-05T23:00:00+0200,0.154,MW,DE,DE_LU,actual_solar_generation,Solar,2026-06-06T16:24:29Z
2026-06-06T16:23:19Z,2026-06-06T18:23:19+0200,8d87ff8c-7229-4840-a478-c91fa6b6d43f,2026-06-05T21:15:00Z,2026-06-05T23:15:00+0200,0.158,MW,DE,DE_LU,actual_solar_generation,Solar,2026-06-06T16:24:29Z
2026-06-06T16:23:19Z,2026-06-06T18:23:19+0200,8d87ff8c-7229-4840-a478-c91fa6b6d43f,2026-06-05T21:30:00Z,2026-06-05T23:30:00+0200,0.143,MW,DE,DE_LU,actual_solar_generation,Solar,2026-06-06T16:24:29Z
2026-06-06T16:23:19Z,2026-06-06T18:23:19+0200,8d87ff8c-7229-4840-a478-c91fa6b6d43f,2026-06-05T21:45:00Z,2026-06-05T23:45:00+0200,0.14,MW,DE,DE_LU,actual_solar_generation,Solar,2026-06-06T16:24:29Z
2026-06-06T16:23:19Z,2026-06-06T18:23:19+0200,8d87ff8c-7229-4840-a478-c91fa6b6d43f,2026-06-05T22:00:00Z,2026-06-06T00:00:00+0200,0.0,MW,DE,DE_LU,actual_solar_generation,Solar,2026-06-06T16:24:29Z
2026-06-06T16:23:19Z,2026-06-06T18:23:19+0200,8d87ff8c-7229-4840-a478-c91fa6b6d43f,2026-06-05T22:15:00Z,2026-06-06T00:15:00+0200,0.0,MW,DE,DE_LU,actual_solar_generation,Solar,2026-06-06T16:24:29Z
2026-06-06T16:23:19Z,2026-06-06T18:23:19+0200,8d87ff8c-7229-4840-a478-c91fa6b6d43f,2026-06-05T22:30:00Z,2026-06-06T00:30:00+0200,0.0,MW,DE,DE_LU,actual_solar_generation,Solar,2026-06-06T16:24:29Z
2026-06-06T16:23:19Z,2026-06-06T18:23:19+0200,8d87ff8c-7229-4840-a478-c91fa6b6d43f,2026-06-05T22:45:00Z,2026-06-06T00:45:00+0200,0.0,MW,DE,DE_LU,actual_solar_generation,Solar,2026-06-06T16:24:29Z
2026-06-06T16:23:19Z,2026-06-06T18:23:19+0200,8d87ff8c-7229-4840-a478-c91fa6b6d43f,2026-06-05T23:00:00Z,2026-06-06T01:00:00+0200,0.0,MW,DE,DE_LU,actual_solar_generation,Solar,2026-06-06T16:24:29Z
2026-06-06T16:23:19Z,2026-06-06T18:23:19+0200,8d87ff8c-7229-4840-a478-c91fa6b6d43f,2026-06-05T23:15:00Z,2026-06-06T01:15:00+0200,0.0,MW,DE,DE_LU,actual_solar_generation,Solar,2026-06-06T16:24:29Z
2026-06-06T16:23:19Z,2026-06-06T18:23:19+0200,8d87ff8c-7229-4840-a478-c91fa6b6d43f,2026-06-05T23:30:00Z,2026-06-06T01:30:00+0200,0.004,MW,DE,DE_LU,actual_solar_generation,Solar,2026-06-06T16:24:29Z
2026-06-06T16:23:19Z,2026-06-06T18:23:19+0200,8d87ff8c-7229-4840-a478-c91fa6b6d43f,2026-06-05T23:45:00Z,2026-06-06T01:45:00+0200,0.0,MW,DE,DE_LU,actual_solar_generation,Solar,2026-06-06T16:24:29Z
2026-06-06T16:23:19Z,2026-06-06T18:23:19+0200,8d87ff8c-7229-4840-a478-c91fa6b6d43f,2026-06-06T00:00:00Z,2026-06-06T02:00:00+0200,0.0,MW,DE,DE_LU,actual_solar_generation,Solar,2026-06-06T16:24:29Z
2026-06-06T16:23:19Z,2026-06-06T18:23:19+0200,8d87ff8c-7229-4840-a478-c91fa6b6d43f,2026-06-06T00:15:00Z,2026-06-06T02:15:00+0200,0.0,MW,DE,DE_LU,actual_solar_generation,Solar,2026-06-06T16:24:29Z
2026-06-06T16:23:19Z,2026-06-06T18:23:19+0200,8d87ff8c-7229-4840-a478-c91fa6b6d43f,2026-06-06T00:30:00Z,2026-06-06T02:30:00+0200,0.0,MW,DE,DE_LU,actual_solar_generation,Solar,2026-06-06T16:24:29Z
2026-06-06T16:23:19Z,2026-06-06T18:23:19+0200,8d87ff8c-7229-4840-a478-c91fa6b6d43f,2026-06-06T00:45:00Z,2026-06-06T02:45:00+0200,0.0,MW,DE,DE_LU,actual_solar_generation,Solar,2026-06-06T16:24:29Z
2026-06-06T16:23:19Z,2026-06-06T18:23:19+0200,8d87ff8c-7229-4840-a478-c91fa6b6d43f,2026-06-06T01:00:00Z,2026-06-06T03:00:00+0200,0.0,MW,DE,DE_LU,actual_solar_generation,Solar,2026-06-06T16:24:29Z
2026-06-06T16:23:19Z,2026-06-06T18:23:19+0200,8d87ff8c-7229-4840-a478-c91fa6b6d43f,2026-06-06T01:15:00Z,2026-06-06T03:15:00+0200,0.0,MW,DE,DE_LU,actual_solar_generation,Solar,2026-06-06T16:24:29Z
2026-06-06T16:23:19Z,2026-06-06T18:23:19+0200,8d87ff8c-7229-4840-a478-c91fa6b6d43f,2026-06-06T01:30:00Z,2026-06-06T03:30:00+0200,0.001,MW,DE,DE_LU,actual_solar_generation,Solar,2026-06-06T16:24:29Z
2026-06-06T16:23:19Z,2026-06-06T18:23:19+0200,8d87ff8c-7229-4840-a478-c91fa6b6d43f,2026-06-06T01:45:00Z,2026-06-06T03:45:00+0200,0.0,MW,DE,DE_LU,actual_solar_generation,Solar,2026-06-06T16:24:29Z
2026-06-06T16:23:19Z,2026-06-06T18:23:19+0200,8d87ff8c-7229-4840-a478-c91fa6b6d43f,2026-06-06T02:00:00Z,2026-06-06T04:00:00+0200,0.025,MW,DE,DE_LU,actual_solar_generation,Solar,2026-06-06T16:24:29Z
2026-06-06T16:23:19Z,2026-06-06T18:23:19+0200,8d87ff8c-7229-4840-a478-c91fa6b6d43f,2026-06-06T02:15:00Z,2026-06-06T04:15:00+0200,0.05,MW,DE,DE_LU,actual_solar_generation,Solar,2026-06-06T16:24:29Z
2026-06-06T16:23:19Z,2026-06-06T18:23:19+0200,8d87ff8c-7229-4840-a478-c91fa6b6d43f,2026-06-06T02:30:00Z,2026-06-06T04:30:00+0200,1.805,MW,DE,DE_LU,actual_solar_generation,Solar,2026-06-06T16:24:29Z
2026-06-06T16:23:19Z,2026-06-06T18:23:19+0200,8d87ff8c-7229-4840-a478-c91fa6b6d43f,2026-06-06T02:45:00Z,2026-06-06T04:45:00+0200,21.597,MW,DE,DE_LU,actual_solar_generation,Solar,2026-06-06T16:24:29Z
2026-06-06T16:23:19Z,2026-06-06T18:23:19+0200,8d87ff8c-7229-4840-a478-c91fa6b6d43f,2026-06-06T03:00:00Z,2026-06-06T05:00:00+0200,109.206,MW,DE,DE_LU,actual_solar_generation,Solar,2026-06-06T16:24:29Z
2026-06-06T16:23:19Z,2026-06-06T18:23:19+0200,8d87ff8c-7229-4840-a478-c91fa6b6d43f,2026-06-06T03:15:00Z,2026-06-06T05:15:00+0200,370.916,MW,DE,DE_LU,actual_solar_generation,Solar,2026-06-06T16:24:29Z
2026-06-06T16:23:19Z,2026-06-06T18:23:19+0200,8d87ff8c-7229-4840-a478-c91fa6b6d43f,2026-06-06T03:30:00Z,2026-06-06T05:30:00+0200,947.371,MW,DE,DE_LU,actual_solar_generation,Solar,2026-06-06T16:24:29Z
2026-06-06T16:23:19Z,2026-06-06T18:23:19+0200,8d87ff8c-7229-4840-a478-c91fa6b6d43f,2026-06-06T03:45:00Z,2026-06-06T05:45:00+0200,1846.327,MW,DE,DE_LU,actual_solar_generation,Solar,2026-06-06T16:24:29Z
2026-06-06T16:23:19Z,2026-06-06T18:23:19+0200,8d87ff8c-7229-4840-a478-c91fa6b6d43f,2026-06-06T04:00:00Z,2026-06-06T06:00:00+0200,2909.328,MW,DE,DE_LU,actual_solar_generation,Solar,2026-06-06T16:24:29Z
2026-06-06T16:23:19Z,2026-06-06T18:23:19+0200,8d87ff8c-7229-4840-a478-c91fa6b6d43f,2026-06-06T04:15:00Z,2026-06-06T06:15:00+0200,4232.662,MW,DE,DE_LU,actual_solar_generation,Solar,2026-06-06T16:24:29Z
2026-06-06T16:23:19Z,2026-06-06T18:23:19+0200,8d87ff8c-7229-4840-a478-c91fa6b6d43f,2026-06-06T04:30:00Z,2026-06-06T06:30:00+0200,5805.533,MW,DE,DE_LU,actual_solar_generation,Solar,2026-06-06T16:24:29Z
2026-06-06T16:23:19Z,2026-06-06T18:23:19+0200,8d87ff8c-7229-4840-a478-c91fa6b6d43f,2026-06-06T04:45:00Z,2026-06-06T06:45:00+0200,7768.321,MW,DE,DE_LU,actual_solar_generation,Solar,2026-06-06T16:24:29Z
2026-06-06T16:23:19Z,2026-06-06T18:23:19+0200,8d87ff8c-7229-4840-a478-c91fa6b6d43f,2026-06-06T05:00:00Z,2026-06-06T07:00:00+0200,9914.738,MW,DE,DE_LU,actual_solar_generation,Solar,2026-06-06T16:24:29Z
2026-06-06T16:23:19Z,2026-06-06T18:23:19+0200,8d87ff8c-7229-4840-a478-c91fa6b6d43f,2026-06-06T05:15:00Z,2026-06-06T07:15:00+0200,12264.293,MW,DE,DE_LU,actual_solar_generation,Solar,2026-06-06T16:24:29Z
2026-06-06T16:23:19Z,2026-06-06T18:23:19+0200,8d87ff8c-7229-4840-a478-c91fa6b6d43f,2026-06-06T05:30:00Z,2026-06-06T07:30:00+0200,14901.038,MW,DE,DE_LU,actual_solar_generation,Solar,2026-06-06T16:24:29Z
2026-06-06T16:23:19Z,2026-06-06T18:23:19+0200,8d87ff8c-7229-4840-a478-c91fa6b6d43f,2026-06-06T05:45:00Z,2026-06-06T07:45:00+0200,17613.246,MW,DE,DE_LU,actual_solar_generation,Solar,2026-06-06T16:24:29Z
2026-06-06T16:23:19Z,2026-06-06T18:23:19+0200,8d87ff8c-7229-4840-a478-c91fa6b6d43f,2026-06-06T06:00:00Z,2026-06-06T08:00:00+0200,20511.841,MW,DE,DE_LU,actual_solar_generation,Solar,2026-06-06T16:24:29Z
2026-06-06T16:23:19Z,2026-06-06T18:23:19+0200,8d87ff8c-7229-4840-a478-c91fa6b6d43f,2026-06-06T06:15:00Z,2026-06-06T08:15:00+0200,23315.684,MW,DE,DE_LU,actual_solar_generation,Solar,2026-06-06T16:24:29Z
2026-06-06T16:23:19Z,2026-06-06T18:23:19+0200,8d87ff8c-7229-4840-a478-c91fa6b6d43f,2026-06-06T06:30:00Z,2026-06-06T08:30:00+0200,25977.164,MW,DE,DE_LU,actual_solar_generation,Solar,2026-06-06T16:24:29Z
2026-06-06T16:23:19Z,2026-06-06T18:23:19+0200,8d87ff8c-7229-4840-a478-c91fa6b6d43f,2026-06-06T06:45:00Z,2026-06-06T08:45:00+0200,28681.141,MW,DE,DE_LU,actual_solar_generation,Solar,2026-06-06T16:24:29Z
2026-06-06T16:23:19Z,2026-06-06T18:23:19+0200,8d87ff8c-7229-4840-a478-c91fa6b6d43f,2026-06-06T07:00:00Z,2026-06-06T09:00:00+0200,31075.667,MW,DE,DE_LU,actual_solar_generation,Solar,2026-06-06T16:24:29Z
2026-06-06T16:23:19Z,2026-06-06T18:23:19+0200,8d87ff8c-7229-4840-a478-c91fa6b6d43f,2026-06-06T07:15:00Z,2026-06-06T09:15:00+0200,33390.124,MW,DE,DE_LU,actual_solar_generation,Solar,2026-06-06T16:24:29Z
2026-06-06T16:23:19Z,2026-06-06T18:23:19+0200,8d87ff8c-7229-4840-a478-c91fa6b6d43f,2026-06-06T07:30:00Z,2026-06-06T09:30:00+0200,35437.784,MW,DE,DE_LU,actual_solar_generation,Solar,2026-06-06T16:24:29Z
2026-06-06T16:23:19Z,2026-06-06T18:23:19+0200,8d87ff8c-7229-4840-a478-c91fa6b6d43f,2026-06-06T08:45:00Z,2026-06-06T10:45:00+0200,40400.937,MW,DE,DE_LU,actual_solar_generation,Solar,2026-06-06T16:24:29Z
2026-06-06T16:23:19Z,2026-06-06T18:23:19+0200,8d87ff8c-7229-4840-a478-c91fa6b6d43f,2026-06-06T09:00:00Z,2026-06-06T11:00:00+0200,41164.435,MW,DE,DE_LU,actual_solar_generation,Solar,2026-06-06T16:24:29Z
2026-06-06T16:23:19Z,2026-06-06T18:23:19+0200,8d87ff8c-7229-4840-a478-c91fa6b6d43f,2026-06-06T09:15:00Z,2026-06-06T11:15:00+0200,41675.332,MW,DE,DE_LU,actual_solar_generation,Solar,2026-06-06T16:24:29Z
2026-06-06T16:23:19Z,2026-06-06T18:23:19+0200,8d87ff8c-7229-4840-a478-c91fa6b6d43f,2026-06-06T09:30:00Z,2026-06-06T11:30:00+0200,42267.507,MW,DE,DE_LU,actual_solar_generation,Solar,2026-06-06T16:24:29Z
2026-06-06T16:23:19Z,2026-06-06T18:23:19+0200,8d87ff8c-7229-4840-a478-c91fa6b6d43f,2026-06-06T09:45:00Z,2026-06-06T11:45:00+0200,42554.914,MW,DE,DE_LU,actual_solar_generation,Solar,2026-06-06T16:24:29Z
2026-06-06T16:23:19Z,2026-06-06T18:23:19+0200,8d87ff8c-7229-4840-a478-c91fa6b6d43f,2026-06-06T10:00:00Z,2026-06-06T12:00:00+0200,42401.774,MW,DE,DE_LU,actual_solar_generation,Solar,2026-06-06T16:24:29Z
2026-06-06T16:23:19Z,2026-06-06T18:23:19+0200,8d87ff8c-7229-4840-a478-c91fa6b6d43f,2026-06-06T10:15:00Z,2026-06-06T12:15:00+0200,42147.556,MW,DE,DE_LU,actual_solar_generation,Solar,2026-06-06T16:24:29Z
2026-06-06T16:23:19Z,2026-06-06T18:23:19+0200,8d87ff8c-7229-4840-a478-c91fa6b6d43f,2026-06-06T10:30:00Z,2026-06-06T12:30:00+0200,42258.961,MW,DE,DE_LU,actual_solar_generation,Solar,2026-06-06T16:24:29Z
2026-06-06T16:23:19Z,2026-06-06T18:23:19+0200,8d87ff8c-7229-4840-a478-c91fa6b6d43f,2026-06-06T10:45:00Z,2026-06-06T12:45:00+0200,42106.323,MW,DE,DE_LU,actual_solar_generation,Solar,2026-06-06T16:24:29Z
2026-06-06T16:23:19Z,2026-06-06T18:23:19+0200,8d87ff8c-7229-4840-a478-c91fa6b6d43f,2026-06-06T11:00:00Z,2026-06-06T13:00:00+0200,42171.51,MW,DE,DE_LU,actual_solar_generation,Solar,2026-06-06T16:24:29Z
2026-06-06T16:23:19Z,2026-06-06T18:23:19+0200,8d87ff8c-7229-4840-a478-c91fa6b6d43f,2026-06-06T11:15:00Z,2026-06-06T13:15:00+0200,41671.25,MW,DE,DE_LU,actual_solar_generation,Solar,2026-06-06T16:24:29Z
2026-06-06T16:23:19Z,2026-06-06T18:23:19+0200,8d87ff8c-7229-4840-a478-c91fa6b6d43f,2026-06-06T11:30:00Z,2026-06-06T13:30:00+0200,40609.466,MW,DE,DE_LU,actual_solar_generation,Solar,2026-06-06T16:24:29Z
2026-06-06T16:23:19Z,2026-06-06T18:23:19+0200,8d87ff8c-7229-4840-a478-c91fa6b6d43f,2026-06-06T11:45:00Z,2026-06-06T13:45:00+0200,39900.431,MW,DE,DE_LU,actual_solar_generation,Solar,2026-06-06T16:24:29Z
2026-06-06T16:23:19Z,2026-06-06T18:23:19+0200,8d87ff8c-7229-4840-a478-c91fa6b6d43f,2026-06-06T12:00:00Z,2026-06-06T14:00:00+0200,39533.405,MW,DE,DE_LU,actual_solar_generation,Solar,2026-06-06T16:24:29Z
2026-06-06T16:23:19Z,2026-06-06T18:23:19+0200,8d87ff8c-7229-4840-a478-c91fa6b6d43f,2026-06-06T12:15:00Z,2026-06-06T14:15:00+0200,39390.911,MW,DE,DE_LU,actual_solar_generation,Solar,2026-06-06T16:24:29Z
2026-06-06T16:23:19Z,2026-06-06T18:23:19+0200,8d87ff8c-7229-4840-a478-c91fa6b6d43f,2026-06-06T12:30:00Z,2026-06-06T14:30:00+0200,38483.38,MW,DE,DE_LU,actual_solar_generation,Solar,2026-06-06T16:24:29Z
2026-06-06T16:23:19Z,2026-06-06T18:23:19+0200,8d87ff8c-7229-4840-a478-c91fa6b6d43f,2026-06-06T12:45:00Z,2026-06-06T14:45:00+0200,37267.525,MW,DE,DE_LU,actual_solar_generation,Solar,2026-06-06T16:24:29Z
2026-06-06T16:23:19Z,2026-06-06T18:23:19+0200,8d87ff8c-7229-4840-a478-c91fa6b6d43f,2026-06-06T13:00:00Z,2026-06-06T15:00:00+0200,37089.067,MW,DE,DE_LU,actual_solar_generation,Solar,2026-06-06T16:24:29Z
2026-06-06T16:23:19Z,2026-06-06T18:23:19+0200,8d87ff8c-7229-4840-a478-c91fa6b6d43f,2026-06-06T13:15:00Z,2026-06-06T15:15:00+0200,35930.65,MW,DE,DE_LU,actual_solar_generation,Solar,2026-06-06T16:24:29Z
2026-06-06T16:23:19Z,2026-06-06T18:23:19+0200,8d87ff8c-7229-4840-a478-c91fa6b6d43f,2026-06-06T13:45:00Z,2026-06-06T15:45:00+0200,33250.673,MW,DE,DE_LU,actual_solar_generation,Solar,2026-06-06T16:24:29Z
2026-06-06T16:23:19Z,2026-06-06T18:23:19+0200,8d87ff8c-7229-4840-a478-c91fa6b6d43f,2026-06-06T14:00:00Z,2026-06-06T16:00:00+0200,31286.758,MW,DE,DE_LU,actual_solar_generation,Solar,2026-06-06T16:24:29Z
2026-06-06T16:23:19Z,2026-06-06T18:23:19+0200,8d87ff8c-7229-4840-a478-c91fa6b6d43f,2026-06-06T14:15:00Z,2026-06-06T16:15:00+0200,29638.174,MW,DE,DE_LU,actual_solar_generation,Solar,2026-06-06T16:24:29Z
2026-06-06T16:23:19Z,2026-06-06T18:23:19+0200,8d87ff8c-7229-4840-a478-c91fa6b6d43f,2026-06-06T14:30:00Z,2026-06-06T16:30:00+0200,27713.544,MW,DE,DE_LU,actual_solar_generation,Solar,2026-06-06T16:24:29Z
2026-06-06T16:23:19Z,2026-06-06T18:23:19+0200,8d87ff8c-7229-4840-a478-c91fa6b6d43f,2026-06-06T14:45:00Z,2026-06-06T16:45:00+0200,25469.781,MW,DE,DE_LU,actual_solar_generation,Solar,2026-06-06T16:24:29Z
2026-06-06T16:23:19Z,2026-06-06T18:23:19+0200,8d87ff8c-7229-4840-a478-c91fa6b6d43f,2026-06-06T15:00:00Z,2026-06-06T17:00:00+0200,23117.416,MW,DE,DE_LU,actual_solar_generation,Solar,2026-06-06T16:24:29Z
2026-06-06T16:23:19Z,2026-06-06T18:23:19+0200,8d87ff8c-7229-4840-a478-c91fa6b6d43f,2026-06-06T15:15:00Z,2026-06-06T17:15:00+0200,20895.98,MW,DE,DE_LU,actual_solar_generation,Solar,2026-06-06T16:24:29Z
2026-06-06T16:23:19Z,2026-06-06T18:23:19+0200,8d87ff8c-7229-4840-a478-c91fa6b6d43f,2026-06-06T15:30:00Z,2026-06-06T17:30:00+0200,18814.556,MW,DE,DE_LU,actual_solar_generation,Solar,2026-06-06T16:24:29Z
2026-06-06T16:23:19Z,2026-06-06T18:23:19+0200,8d87ff8c-7229-4840-a478-c91fa6b6d43f,2026-06-06T15:45:00Z,2026-06-06T17:45:00+0200,16794.122,MW,DE,DE_LU,actual_solar_generation,Solar,2026-06-06T16:24:29Z
