collection_time_utc,collection_time_local,run_id,timestamp_utc,timestamp_local,value,unit,country,entsoe_area,variable,source,updated_at_utc
2026-09-04T14:45:09Z,2026-09-04T16:45:09+0200,8952467a-fca4-4f59-8ae6-677e671a7665,2026-08-28T15:00:00Z,2026-08-28T17:00:00+0200,8581.977,MW,NL,NL,forecast_load,Forecasted Load,2026-09-04T14:45:39Z
2026-09-04T14:45:09Z,2026-09-04T16:45:09+0200,8952467a-fca4-4f59-8ae6-677e671a7665,2026-08-28T15:15:00Z,2026-08-28T17:15:00+0200,8897.904,MW,NL,NL,forecast_load,Forecasted Load,2026-09-04T14:45:39Z
2026-09-04T14:45:09Z,2026-09-04T16:45:09+0200,8952467a-fca4-4f59-8ae6-677e671a7665,2026-08-28T15:30:00Z,2026-08-28T17:30:00+0200,9293.615,MW,NL,NL,forecast_load,Forecasted Load,2026-09-04T14:45:39Z
2026-09-04T14:45:09Z,2026-09-04T16:45:09+0200,8952467a-fca4-4f59-8ae6-677e671a7665,2026-08-28T15:45:00Z,2026-08-28T17:45:00+0200,9720.492,MW,NL,NL,forecast_load,Forecasted Load,2026-09-04T14:45:39Z
2026-09-04T14:45:09Z,2026-09-04T16:45:09+0200,8952467a-fca4-4f59-8ae6-677e671a7665,2026-08-28T16:00:00Z,2026-08-28T18:00:00+0200,9897.077,MW,NL,NL,forecast_load,Forecasted Load,2026-09-04T14:45:39Z
2026-09-04T14:45:09Z,2026-09-04T16:45:09+0200,8952467a-fca4-4f59-8ae6-677e671a7665,2026-08-28T16:15:00Z,2026-08-28T18:15:00+0200,10151.963,MW,NL,NL,forecast_load,Forecasted Load,2026-09-04T14:45:39Z
2026-09-04T14:45:09Z,2026-09-04T16:45:09+0200,8952467a-fca4-4f59-8ae6-677e671a7665,2026-08-28T16:30:00Z,2026-08-28T18:30:00+0200,10389.184,MW,NL,NL,forecast_load,Forecasted Load,2026-09-04T14:45:39Z
2026-09-04T14:45:09Z,2026-09-04T16:45:09+0200,8952467a-fca4-4f59-8ae6-677e671a7665,2026-08-28T16:45:00Z,2026-08-28T18:45:00+0200,10714.365,MW,NL,NL,forecast_load,Forecasted Load,2026-09-04T14:45:39Z
2026-09-04T14:45:09Z,2026-09-04T16:45:09+0200,8952467a-fca4-4f59-8ae6-677e671a7665,2026-08-28T17:00:00Z,2026-08-28T19:00:00+0200,11026.027,MW,NL,NL,forecast_load,Forecasted Load,2026-09-04T14:45:39Z
2026-09-04T14:45:09Z,2026-09-04T16:45:09+0200,8952467a-fca4-4f59-8ae6-677e671a7665,2026-08-28T17:15:00Z,2026-08-28T19:15:00+0200,11254.551,MW,NL,NL,forecast_load,Forecasted Load,2026-09-04T14:45:39Z
2026-09-04T14:45:09Z,2026-09-04T16:45:09+0200,8952467a-fca4-4f59-8ae6-677e671a7665,2026-08-28T17:30:00Z,2026-08-28T19:30:00+0200,11470.957,MW,NL,NL,forecast_load,Forecasted Load,2026-09-04T14:45:39Z
2026-09-04T14:45:09Z,2026-09-04T16:45:09+0200,8952467a-fca4-4f59-8ae6-677e671a7665,2026-08-28T17:45:00Z,2026-08-28T19:45:00+0200,11626.014,MW,NL,NL,forecast_load,Forecasted Load,2026-09-04T14:45:39Z
2026-09-04T14:45:09Z,2026-09-04T16:45:09+0200,8952467a-fca4-4f59-8ae6-677e671a7665,2026-08-28T18:00:00Z,2026-08-28T20:00:00+0200,11768.825,MW,NL,NL,forecast_load,Forecasted Load,2026-09-04T14:45:39Z
2026-09-04T14:45:09Z,2026-09-04T16:45:09+0200,8952467a-fca4-4f59-8ae6-677e671a7665,2026-08-28T18:15:00Z,2026-08-28T20:15:00+0200,11953.354,MW,NL,NL,forecast_load,Forecasted Load,2026-09-04T14:45:39Z
2026-09-04T14:45:09Z,2026-09-04T16:45:09+0200,8952467a-fca4-4f59-8ae6-677e671a7665,2026-08-28T18:30:00Z,2026-08-28T20:30:00+0200,12092.828,MW,NL,NL,forecast_load,Forecasted Load,2026-09-04T14:45:39Z
2026-09-04T14:45:09Z,2026-09-04T16:45:09+0200,8952467a-fca4-4f59-8ae6-677e671a7665,2026-08-28T18:45:00Z,2026-08-28T20:45:00+0200,12153.09,MW,NL,NL,forecast_load,Forecasted Load,2026-09-04T14:45:39Z
2026-09-04T14:45:09Z,2026-09-04T16:45:09+0200,8952467a-fca4-4f59-8ae6-677e671a7665,2026-08-28T19:00:00Z,2026-08-28T21:00:00+0200,12165.193,MW,NL,NL,forecast_load,Forecasted Load,2026-09-04T14:45:39Z
2026-09-04T14:45:09Z,2026-09-04T16:45:09+0200,8952467a-fca4-4f59-8ae6-677e671a7665,2026-08-28T19:15:00Z,2026-08-28T21:15:00+0200,12006.914,MW,NL,NL,forecast_load,Forecasted Load,2026-09-04T14:45:39Z
2026-09-04T14:45:09Z,2026-09-04T16:45:09+0200,8952467a-fca4-4f59-8ae6-677e671a7665,2026-08-28T19:30:00Z,2026-08-28T21:30:00+0200,12067.308,MW,NL,NL,forecast_load,Forecasted Load,2026-09-04T14:45:39Z
2026-09-04T14:45:09Z,2026-09-04T16:45:09+0200,8952467a-fca4-4f59-8ae6-677e671a7665,2026-08-28T19:45:00Z,2026-08-28T21:45:00+0200,12101.59,MW,NL,NL,forecast_load,Forecasted Load,2026-09-04T14:45:39Z
2026-09-04T14:45:09Z,2026-09-04T16:45:09+0200,8952467a-fca4-4f59-8ae6-677e671a7665,2026-08-28T20:00:00Z,2026-08-28T22:00:00+0200,12008.604,MW,NL,NL,forecast_load,Forecasted Load,2026-09-04T14:45:39Z
2026-09-04T14:45:09Z,2026-09-04T16:45:09+0200,8952467a-fca4-4f59-8ae6-677e671a7665,2026-08-28T20:15:00Z,2026-08-28T22:15:00+0200,11916.301,MW,NL,NL,forecast_load,Forecasted Load,2026-09-04T14:45:39Z
2026-09-04T14:45:09Z,2026-09-04T16:45:09+0200,8952467a-fca4-4f59-8ae6-677e671a7665,2026-08-28T20:30:00Z,2026-08-28T22:30:00+0200,11802.839,MW,NL,NL,forecast_load,Forecasted Load,2026-09-04T14:45:39Z
2026-09-04T14:45:09Z,2026-09-04T16:45:09+0200,8952467a-fca4-4f59-8ae6-677e671a7665,2026-08-28T20:45:00Z,2026-08-28T22:45:00+0200,11750.996,MW,NL,NL,forecast_load,Forecasted Load,2026-09-04T14:45:39Z
2026-09-04T14:45:09Z,2026-09-04T16:45:09+0200,8952467a-fca4-4f59-8ae6-677e671a7665,2026-08-28T21:00:00Z,2026-08-28T23:00:00+0200,11705.846,MW,NL,NL,forecast_load,Forecasted Load,2026-09-04T14:45:39Z
2026-09-04T14:45:09Z,2026-09-04T16:45:09+0200,8952467a-fca4-4f59-8ae6-677e671a7665,2026-08-28T21:15:00Z,2026-08-28T23:15:00+0200,11655.14,MW,NL,NL,forecast_load,Forecasted Load,2026-09-04T14:45:39Z
2026-09-04T14:45:09Z,2026-09-04T16:45:09+0200,8952467a-fca4-4f59-8ae6-677e671a7665,2026-08-28T21:30:00Z,2026-08-28T23:30:00+0200,11500.098,MW,NL,NL,forecast_load,Forecasted Load,2026-09-04T14:45:39Z
2026-09-04T14:45:09Z,2026-09-04T16:45:09+0200,8952467a-fca4-4f59-8ae6-677e671a7665,2026-08-28T21:45:00Z,2026-08-28T23:45:00+0200,11421.994,MW,NL,NL,forecast_load,Forecasted Load,2026-09-04T14:45:39Z
2026-09-04T14:45:09Z,2026-09-04T16:45:09+0200,8952467a-fca4-4f59-8ae6-677e671a7665,2026-08-28T22:00:00Z,2026-08-29T00:00:00+0200,11291.01,MW,NL,NL,forecast_load,Forecasted Load,2026-09-04T14:45:39Z
2026-09-04T14:45:09Z,2026-09-04T16:45:09+0200,8952467a-fca4-4f59-8ae6-677e671a7665,2026-08-28T22:15:00Z,2026-08-29T00:15:00+0200,11225.678,MW,NL,NL,forecast_load,Forecasted Load,2026-09-04T14:45:39Z
2026-09-04T14:45:09Z,2026-09-04T16:45:09+0200,8952467a-fca4-4f59-8ae6-677e671a7665,2026-08-28T22:30:00Z,2026-08-29T00:30:00+0200,11084.642,MW,NL,NL,forecast_load,Forecasted Load,2026-09-04T14:45:39Z
2026-09-04T14:45:09Z,2026-09-04T16:45:09+0200,8952467a-fca4-4f59-8ae6-677e671a7665,2026-08-28T22:45:00Z,2026-08-29T00:45:00+0200,11008.64,MW,NL,NL,forecast_load,Forecasted Load,2026-09-04T14:45:39Z
2026-09-04T14:45:09Z,2026-09-04T16:45:09+0200,8952467a-fca4-4f59-8ae6-677e671a7665,2026-08-28T23:00:00Z,2026-08-29T01:00:00+0200,11056.235,MW,NL,NL,forecast_load,Forecasted Load,2026-09-04T14:45:39Z
2026-09-04T14:45:09Z,2026-09-04T16:45:09+0200,8952467a-fca4-4f59-8ae6-677e671a7665,2026-08-28T23:15:00Z,2026-08-29T01:15:00+0200,11054.247,MW,NL,NL,forecast_load,Forecasted Load,2026-09-04T14:45:39Z
2026-09-04T14:45:09Z,2026-09-04T16:45:09+0200,8952467a-fca4-4f59-8ae6-677e671a7665,2026-08-28T23:30:00Z,2026-08-29T01:30:00+0200,10965.85,MW,NL,NL,forecast_load,Forecasted Load,2026-09-04T14:45:39Z
2026-09-04T14:45:09Z,2026-09-04T16:45:09+0200,8952467a-fca4-4f59-8ae6-677e671a7665,2026-08-28T23:45:00Z,2026-08-29T01:45:00+0200,10891.568,MW,NL,NL,forecast_load,Forecasted Load,2026-09-04T14:45:39Z
2026-09-04T14:45:09Z,2026-09-04T16:45:09+0200,8952467a-fca4-4f59-8ae6-677e671a7665,2026-08-29T00:00:00Z,2026-08-29T02:00:00+0200,10720.665,MW,NL,NL,forecast_load,Forecasted Load,2026-09-04T14:45:39Z
2026-09-04T14:45:09Z,2026-09-04T16:45:09+0200,8952467a-fca4-4f59-8ae6-677e671a7665,2026-08-29T00:15:00Z,2026-08-29T02:15:00+0200,10661.746,MW,NL,NL,forecast_load,Forecasted Load,2026-09-04T14:45:39Z
2026-09-04T14:45:09Z,2026-09-04T16:45:09+0200,8952467a-fca4-4f59-8ae6-677e671a7665,2026-08-29T00:30:00Z,2026-08-29T02:30:00+0200,10572.612,MW,NL,NL,forecast_load,Forecasted Load,2026-09-04T14:45:39Z
2026-09-04T14:45:09Z,2026-09-04T16:45:09+0200,8952467a-fca4-4f59-8ae6-677e671a7665,2026-08-29T00:45:00Z,2026-08-29T02:45:00+0200,10468.156,MW,NL,NL,forecast_load,Forecasted Load,2026-09-04T14:45:39Z
2026-09-04T14:45:09Z,2026-09-04T16:45:09+0200,8952467a-fca4-4f59-8ae6-677e671a7665,2026-08-29T01:00:00Z,2026-08-29T03:00:00+0200,10376.677,MW,NL,NL,forecast_load,Forecasted Load,2026-09-04T14:45:39Z
2026-09-04T14:45:09Z,2026-09-04T16:45:09+0200,8952467a-fca4-4f59-8ae6-677e671a7665,2026-08-29T01:15:00Z,2026-08-29T03:15:00+0200,10322.943,MW,NL,NL,forecast_load,Forecasted Load,2026-09-04T14:45:39Z
2026-09-04T14:45:09Z,2026-09-04T16:45:09+0200,8952467a-fca4-4f59-8ae6-677e671a7665,2026-08-29T01:30:00Z,2026-08-29T03:30:00+0200,10264.463,MW,NL,NL,forecast_load,Forecasted Load,2026-09-04T14:45:39Z
2026-09-04T14:45:09Z,2026-09-04T16:45:09+0200,8952467a-fca4-4f59-8ae6-677e671a7665,2026-08-29T01:45:00Z,2026-08-29T03:45:00+0200,10296.887,MW,NL,NL,forecast_load,Forecasted Load,2026-09-04T14:45:39Z
2026-09-04T14:45:09Z,2026-09-04T16:45:09+0200,8952467a-fca4-4f59-8ae6-677e671a7665,2026-08-29T02:00:00Z,2026-08-29T04:00:00+0200,10286.411,MW,NL,NL,forecast_load,Forecasted Load,2026-09-04T14:45:39Z
2026-09-04T14:45:09Z,2026-09-04T16:45:09+0200,8952467a-fca4-4f59-8ae6-677e671a7665,2026-08-29T02:15:00Z,2026-08-29T04:15:00+0200,10251.34,MW,NL,NL,forecast_load,Forecasted Load,2026-09-04T14:45:39Z
2026-09-04T14:45:09Z,2026-09-04T16:45:09+0200,8952467a-fca4-4f59-8ae6-677e671a7665,2026-08-29T02:30:00Z,2026-08-29T04:30:00+0200,10144.504,MW,NL,NL,forecast_load,Forecasted Load,2026-09-04T14:45:39Z
2026-09-04T14:45:09Z,2026-09-04T16:45:09+0200,8952467a-fca4-4f59-8ae6-677e671a7665,2026-08-29T02:45:00Z,2026-08-29T04:45:00+0200,10165.381,MW,NL,NL,forecast_load,Forecasted Load,2026-09-04T14:45:39Z
2026-09-04T14:45:09Z,2026-09-04T16:45:09+0200,8952467a-fca4-4f59-8ae6-677e671a7665,2026-08-29T03:00:00Z,2026-08-29T05:00:00+0200,10173.002,MW,NL,NL,forecast_load,Forecasted Load,2026-09-04T14:45:39Z
2026-09-04T14:45:09Z,2026-09-04T16:45:09+0200,8952467a-fca4-4f59-8ae6-677e671a7665,2026-08-29T03:15:00Z,2026-08-29T05:15:00+0200,10174.709,MW,NL,NL,forecast_load,Forecasted Load,2026-09-04T14:45:39Z
2026-09-04T14:45:09Z,2026-09-04T16:45:09+0200,8952467a-fca4-4f59-8ae6-677e671a7665,2026-08-29T03:30:00Z,2026-08-29T05:30:00+0200,10138.605,MW,NL,NL,forecast_load,Forecasted Load,2026-09-04T14:45:39Z
2026-09-04T14:45:09Z,2026-09-04T16:45:09+0200,8952467a-fca4-4f59-8ae6-677e671a7665,2026-08-29T03:45:00Z,2026-08-29T05:45:00+0200,10084.188,MW,NL,NL,forecast_load,Forecasted Load,2026-09-04T14:45:39Z
2026-09-04T14:45:09Z,2026-09-04T16:45:09+0200,8952467a-fca4-4f59-8ae6-677e671a7665,2026-08-29T04:00:00Z,2026-08-29T06:00:00+0200,10155.847,MW,NL,NL,forecast_load,Forecasted Load,2026-09-04T14:45:39Z
2026-09-04T14:45:09Z,2026-09-04T16:45:09+0200,8952467a-fca4-4f59-8ae6-677e671a7665,2026-08-29T04:15:00Z,2026-08-29T06:15:00+0200,10136.249,MW,NL,NL,forecast_load,Forecasted Load,2026-09-04T14:45:39Z
2026-09-04T14:45:09Z,2026-09-04T16:45:09+0200,8952467a-fca4-4f59-8ae6-677e671a7665,2026-08-29T04:30:00Z,2026-08-29T06:30:00+0200,10120.546,MW,NL,NL,forecast_load,Forecasted Load,2026-09-04T14:45:39Z
2026-09-04T14:45:09Z,2026-09-04T16:45:09+0200,8952467a-fca4-4f59-8ae6-677e671a7665,2026-08-29T04:45:00Z,2026-08-29T06:45:00+0200,10083.122,MW,NL,NL,forecast_load,Forecasted Load,2026-09-04T14:45:39Z
2026-09-04T14:45:09Z,2026-09-04T16:45:09+0200,8952467a-fca4-4f59-8ae6-677e671a7665,2026-08-29T05:00:00Z,2026-08-29T07:00:00+0200,10030.332,MW,NL,NL,forecast_load,Forecasted Load,2026-09-04T14:45:39Z
2026-09-04T14:45:09Z,2026-09-04T16:45:09+0200,8952467a-fca4-4f59-8ae6-677e671a7665,2026-08-29T05:15:00Z,2026-08-29T07:15:00+0200,9837.005,MW,NL,NL,forecast_load,Forecasted Load,2026-09-04T14:45:39Z
2026-09-04T14:45:09Z,2026-09-04T16:45:09+0200,8952467a-fca4-4f59-8ae6-677e671a7665,2026-08-29T05:30:00Z,2026-08-29T07:30:00+0200,9748.141,MW,NL,NL,forecast_load,Forecasted Load,2026-09-04T14:45:39Z
2026-09-04T14:45:09Z,2026-09-04T16:45:09+0200,8952467a-fca4-4f59-8ae6-677e671a7665,2026-08-29T05:45:00Z,2026-08-29T07:45:00+0200,9874.244,MW,NL,NL,forecast_load,Forecasted Load,2026-09-04T14:45:39Z
2026-09-04T14:45:09Z,2026-09-04T16:45:09+0200,8952467a-fca4-4f59-8ae6-677e671a7665,2026-08-29T06:00:00Z,2026-08-29T08:00:00+0200,9866.383,MW,NL,NL,forecast_load,Forecasted Load,2026-09-04T14:45:39Z
2026-09-04T14:45:09Z,2026-09-04T16:45:09+0200,8952467a-fca4-4f59-8ae6-677e671a7665,2026-08-29T06:15:00Z,2026-08-29T08:15:00+0200,9603.177,MW,NL,NL,forecast_load,Forecasted Load,2026-09-04T14:45:39Z
2026-09-04T14:45:09Z,2026-09-04T16:45:09+0200,8952467a-fca4-4f59-8ae6-677e671a7665,2026-08-29T06:30:00Z,2026-08-29T08:30:00+0200,9526.419,MW,NL,NL,forecast_load,Forecasted Load,2026-09-04T14:45:39Z
2026-09-04T14:45:09Z,2026-09-04T16:45:09+0200,8952467a-fca4-4f59-8ae6-677e671a7665,2026-08-29T06:45:00Z,2026-08-29T08:45:00+0200,9449.604,MW,NL,NL,forecast_load,Forecasted Load,2026-09-04T14:45:39Z
2026-09-04T14:45:09Z,2026-09-04T16:45:09+0200,8952467a-fca4-4f59-8ae6-677e671a7665,2026-08-29T07:00:00Z,2026-08-29T09:00:00+0200,9400.534,MW,NL,NL,forecast_load,Forecasted Load,2026-09-04T14:45:39Z
2026-09-04T14:45:09Z,2026-09-04T16:45:09+0200,8952467a-fca4-4f59-8ae6-677e671a7665,2026-08-29T07:15:00Z,2026-08-29T09:15:00+0200,9325.09,MW,NL,NL,forecast_load,Forecasted Load,2026-09-04T14:45:39Z
2026-09-04T14:45:09Z,2026-09-04T16:45:09+0200,8952467a-fca4-4f59-8ae6-677e671a7665,2026-08-29T07:30:00Z,2026-08-29T09:30:00+0200,9170.62,MW,NL,NL,forecast_load,Forecasted Load,2026-09-04T14:45:39Z
2026-09-04T14:45:09Z,2026-09-04T16:45:09+0200,8952467a-fca4-4f59-8ae6-677e671a7665,2026-08-29T07:45:00Z,2026-08-29T09:45:00+0200,9196.216,MW,NL,NL,forecast_load,Forecasted Load,2026-09-04T14:45:39Z
2026-09-04T14:45:09Z,2026-09-04T16:45:09+0200,8952467a-fca4-4f59-8ae6-677e671a7665,2026-08-29T08:00:00Z,2026-08-29T10:00:00+0200,9203.393,MW,NL,NL,forecast_load,Forecasted Load,2026-09-04T14:45:39Z
2026-09-04T14:45:09Z,2026-09-04T16:45:09+0200,8952467a-fca4-4f59-8ae6-677e671a7665,2026-08-29T08:15:00Z,2026-08-29T10:15:00+0200,9213.361,MW,NL,NL,forecast_load,Forecasted Load,2026-09-04T14:45:39Z
2026-09-04T14:45:09Z,2026-09-04T16:45:09+0200,8952467a-fca4-4f59-8ae6-677e671a7665,2026-08-29T08:30:00Z,2026-08-29T10:30:00+0200,9120.883,MW,NL,NL,forecast_load,Forecasted Load,2026-09-04T14:45:39Z
2026-09-04T14:45:09Z,2026-09-04T16:45:09+0200,8952467a-fca4-4f59-8ae6-677e671a7665,2026-08-29T08:45:00Z,2026-08-29T10:45:00+0200,9011.603,MW,NL,NL,forecast_load,Forecasted Load,2026-09-04T14:45:39Z
2026-09-04T14:45:09Z,2026-09-04T16:45:09+0200,8952467a-fca4-4f59-8ae6-677e671a7665,2026-08-29T09:00:00Z,2026-08-29T11:00:00+0200,8871.874,MW,NL,NL,forecast_load,Forecasted Load,2026-09-04T14:45:39Z
2026-09-04T14:45:09Z,2026-09-04T16:45:09+0200,8952467a-fca4-4f59-8ae6-677e671a7665,2026-08-29T09:15:00Z,2026-08-29T11:15:00+0200,8712.109,MW,NL,NL,forecast_load,Forecasted Load,2026-09-04T14:45:39Z
2026-09-04T14:45:09Z,2026-09-04T16:45:09+0200,8952467a-fca4-4f59-8ae6-677e671a7665,2026-08-29T09:30:00Z,2026-08-29T11:30:00+0200,8721.97,MW,NL,NL,forecast_load,Forecasted Load,2026-09-04T14:45:39Z
2026-09-04T14:45:09Z,2026-09-04T16:45:09+0200,8952467a-fca4-4f59-8ae6-677e671a7665,2026-08-29T09:45:00Z,2026-08-29T11:45:00+0200,8486.251,MW,NL,NL,forecast_load,Forecasted Load,2026-09-04T14:45:39Z
2026-09-04T14:45:09Z,2026-09-04T16:45:09+0200,8952467a-fca4-4f59-8ae6-677e671a7665,2026-08-29T10:00:00Z,2026-08-29T12:00:00+0200,8517.804,MW,NL,NL,forecast_load,Forecasted Load,2026-09-04T14:45:39Z
2026-09-04T14:45:09Z,2026-09-04T16:45:09+0200,8952467a-fca4-4f59-8ae6-677e671a7665,2026-08-29T10:15:00Z,2026-08-29T12:15:00+0200,8522.62,MW,NL,NL,forecast_load,Forecasted Load,2026-09-04T14:45:39Z
2026-09-04T14:45:09Z,2026-09-04T16:45:09+0200,8952467a-fca4-4f59-8ae6-677e671a7665,2026-08-29T10:30:00Z,2026-08-29T12:30:00+0200,8543.228,MW,NL,NL,forecast_load,Forecasted Load,2026-09-04T14:45:39Z
2026-09-04T14:45:09Z,2026-09-04T16:45:09+0200,8952467a-fca4-4f59-8ae6-677e671a7665,2026-08-29T10:45:00Z,2026-08-29T12:45:00+0200,8404.672,MW,NL,NL,forecast_load,Forecasted Load,2026-09-04T14:45:39Z
2026-09-04T14:45:09Z,2026-09-04T16:45:09+0200,8952467a-fca4-4f59-8ae6-677e671a7665,2026-08-29T11:00:00Z,2026-08-29T13:00:00+0200,8312.636,MW,NL,NL,forecast_load,Forecasted Load,2026-09-04T14:45:39Z
2026-09-04T14:45:09Z,2026-09-04T16:45:09+0200,8952467a-fca4-4f59-8ae6-677e671a7665,2026-08-29T11:15:00Z,2026-08-29T13:15:00+0200,8279.393,MW,NL,NL,forecast_load,Forecasted Load,2026-09-04T14:45:39Z
2026-09-04T14:45:09Z,2026-09-04T16:45:09+0200,8952467a-fca4-4f59-8ae6-677e671a7665,2026-08-29T11:30:00Z,2026-08-29T13:30:00+0200,8365.763,MW,NL,NL,forecast_load,Forecasted Load,2026-09-04T14:45:39Z
2026-09-04T14:45:09Z,2026-09-04T16:45:09+0200,8952467a-fca4-4f59-8ae6-677e671a7665,2026-08-29T11:45:00Z,2026-08-29T13:45:00+0200,8370.54,MW,NL,NL,forecast_load,Forecasted Load,2026-09-04T14:45:39Z
2026-09-04T14:45:09Z,2026-09-04T16:45:09+0200,8952467a-fca4-4f59-8ae6-677e671a7665,2026-08-29T12:00:00Z,2026-08-29T14:00:00+0200,8297.061,MW,NL,NL,forecast_load,Forecasted Load,2026-09-04T14:45:39Z
2026-09-04T14:45:09Z,2026-09-04T16:45:09+0200,8952467a-fca4-4f59-8ae6-677e671a7665,2026-08-29T12:15:00Z,2026-08-29T14:15:00+0200,8459.992,MW,NL,NL,forecast_load,Forecasted Load,2026-09-04T14:45:39Z
2026-09-04T14:45:09Z,2026-09-04T16:45:09+0200,8952467a-fca4-4f59-8ae6-677e671a7665,2026-08-29T12:30:00Z,2026-08-29T14:30:00+0200,8557.551,MW,NL,NL,forecast_load,Forecasted Load,2026-09-04T14:45:39Z
2026-09-04T14:45:09Z,2026-09-04T16:45:09+0200,8952467a-fca4-4f59-8ae6-677e671a7665,2026-08-29T12:45:00Z,2026-08-29T14:45:00+0200,8492.343,MW,NL,NL,forecast_load,Forecasted Load,2026-09-04T14:45:39Z
2026-09-04T14:45:09Z,2026-09-04T16:45:09+0200,8952467a-fca4-4f59-8ae6-677e671a7665,2026-08-29T13:00:00Z,2026-08-29T15:00:00+0200,8330.562,MW,NL,NL,forecast_load,Forecasted Load,2026-09-04T14:45:39Z
2026-09-04T14:45:09Z,2026-09-04T16:45:09+0200,8952467a-fca4-4f59-8ae6-677e671a7665,2026-08-29T13:15:00Z,2026-08-29T15:15:00+0200,8341.864,MW,NL,NL,forecast_load,Forecasted Load,2026-09-04T14:45:39Z
2026-09-04T14:45:09Z,2026-09-04T16:45:09+0200,8952467a-fca4-4f59-8ae6-677e671a7665,2026-08-29T13:30:00Z,2026-08-29T15:30:00+0200,8368.109,MW,NL,NL,forecast_load,Forecasted Load,2026-09-04T14:45:39Z
2026-09-04T14:45:09Z,2026-09-04T16:45:09+0200,8952467a-fca4-4f59-8ae6-677e671a7665,2026-08-29T13:45:00Z,2026-08-29T15:45:00+0200,8169.034,MW,NL,NL,forecast_load,Forecasted Load,2026-09-04T14:45:39Z
2026-09-04T14:45:09Z,2026-09-04T16:45:09+0200,8952467a-fca4-4f59-8ae6-677e671a7665,2026-08-29T14:00:00Z,2026-08-29T16:00:00+0200,8046.723,MW,NL,NL,forecast_load,Forecasted Load,2026-09-04T14:45:39Z
2026-09-04T14:45:09Z,2026-09-04T16:45:09+0200,8952467a-fca4-4f59-8ae6-677e671a7665,2026-08-29T14:15:00Z,2026-08-29T16:15:00+0200,8120.638,MW,NL,NL,forecast_load,Forecasted Load,2026-09-04T14:45:39Z
2026-09-04T14:45:09Z,2026-09-04T16:45:09+0200,8952467a-fca4-4f59-8ae6-677e671a7665,2026-08-29T14:30:00Z,2026-08-29T16:30:00+0200,8306.677,MW,NL,NL,forecast_load,Forecasted Load,2026-09-04T14:45:39Z
2026-09-04T14:45:09Z,2026-09-04T16:45:09+0200,8952467a-fca4-4f59-8ae6-677e671a7665,2026-08-29T14:45:00Z,2026-08-29T16:45:00+0200,8402.681,MW,NL,NL,forecast_load,Forecasted Load,2026-09-04T14:45:39Z
2026-09-04T14:45:09Z,2026-09-04T16:45:09+0200,8952467a-fca4-4f59-8ae6-677e671a7665,2026-08-29T15:00:00Z,2026-08-29T17:00:00+0200,8554.423,MW,NL,NL,forecast_load,Forecasted Load,2026-09-04T14:45:39Z
2026-09-04T14:45:09Z,2026-09-04T16:45:09+0200,8952467a-fca4-4f59-8ae6-677e671a7665,2026-08-29T15:15:00Z,2026-08-29T17:15:00+0200,8840.416,MW,NL,NL,forecast_load,Forecasted Load,2026-09-04T14:45:39Z
2026-09-04T14:45:09Z,2026-09-04T16:45:09+0200,8952467a-fca4-4f59-8ae6-677e671a7665,2026-08-29T15:30:00Z,2026-08-29T17:30:00+0200,8869.564,MW,NL,NL,forecast_load,Forecasted Load,2026-09-04T14:45:39Z
2026-09-04T14:45:09Z,2026-09-04T16:45:09+0200,8952467a-fca4-4f59-8ae6-677e671a7665,2026-08-29T15:45:00Z,2026-08-29T17:45:00+0200,8954.31,MW,NL,NL,forecast_load,Forecasted Load,2026-09-04T14:45:39Z
2026-09-04T14:45:09Z,2026-09-04T16:45:09+0200,8952467a-fca4-4f59-8ae6-677e671a7665,2026-08-29T16:00:00Z,2026-08-29T18:00:00+0200,9337.676,MW,NL,NL,forecast_load,Forecasted Load,2026-09-04T14:45:39Z
2026-09-04T14:45:09Z,2026-09-04T16:45:09+0200,8952467a-fca4-4f59-8ae6-677e671a7665,2026-08-29T16:15:00Z,2026-08-29T18:15:00+0200,9584.126,MW,NL,NL,forecast_load,Forecasted Load,2026-09-04T14:45:39Z
2026-09-04T14:45:09Z,2026-09-04T16:45:09+0200,8952467a-fca4-4f59-8ae6-677e671a7665,2026-08-29T16:30:00Z,2026-08-29T18:30:00+0200,10027.173,MW,NL,NL,forecast_load,Forecasted Load,2026-09-04T14:45:39Z
2026-09-04T14:45:09Z,2026-09-04T16:45:09+0200,8952467a-fca4-4f59-8ae6-677e671a7665,2026-08-29T16:45:00Z,2026-08-29T18:45:00+0200,10324.096,MW,NL,NL,forecast_load,Forecasted Load,2026-09-04T14:45:39Z
2026-09-04T14:45:09Z,2026-09-04T16:45:09+0200,8952467a-fca4-4f59-8ae6-677e671a7665,2026-08-29T17:00:00Z,2026-08-29T19:00:00+0200,10553.643,MW,NL,NL,forecast_load,Forecasted Load,2026-09-04T14:45:39Z
2026-09-04T14:45:09Z,2026-09-04T16:45:09+0200,8952467a-fca4-4f59-8ae6-677e671a7665,2026-08-29T17:15:00Z,2026-08-29T19:15:00+0200,10805.216,MW,NL,NL,forecast_load,Forecasted Load,2026-09-04T14:45:39Z
2026-09-04T14:45:09Z,2026-09-04T16:45:09+0200,8952467a-fca4-4f59-8ae6-677e671a7665,2026-08-29T17:30:00Z,2026-08-29T19:30:00+0200,10986.715,MW,NL,NL,forecast_load,Forecasted Load,2026-09-04T14:45:39Z
2026-09-04T14:45:09Z,2026-09-04T16:45:09+0200,8952467a-fca4-4f59-8ae6-677e671a7665,2026-08-29T17:45:00Z,2026-08-29T19:45:00+0200,10971.736,MW,NL,NL,forecast_load,Forecasted Load,2026-09-04T14:45:39Z
2026-09-04T14:45:09Z,2026-09-04T16:45:09+0200,8952467a-fca4-4f59-8ae6-677e671a7665,2026-08-29T18:00:00Z,2026-08-29T20:00:00+0200,11008.643,MW,NL,NL,forecast_load,Forecasted Load,2026-09-04T14:45:39Z
2026-09-04T14:45:09Z,2026-09-04T16:45:09+0200,8952467a-fca4-4f59-8ae6-677e671a7665,2026-08-29T18:15:00Z,2026-08-29T20:15:00+0200,11135.064,MW,NL,NL,forecast_load,Forecasted Load,2026-09-04T14:45:39Z
2026-09-04T14:45:09Z,2026-09-04T16:45:09+0200,8952467a-fca4-4f59-8ae6-677e671a7665,2026-08-29T18:30:00Z,2026-08-29T20:30:00+0200,11261.247,MW,NL,NL,forecast_load,Forecasted Load,2026-09-04T14:45:39Z
2026-09-04T14:45:09Z,2026-09-04T16:45:09+0200,8952467a-fca4-4f59-8ae6-677e671a7665,2026-08-29T18:45:00Z,2026-08-29T20:45:00+0200,11337.274,MW,NL,NL,forecast_load,Forecasted Load,2026-09-04T14:45:39Z
2026-09-04T14:45:09Z,2026-09-04T16:45:09+0200,8952467a-fca4-4f59-8ae6-677e671a7665,2026-08-29T19:00:00Z,2026-08-29T21:00:00+0200,11443.022,MW,NL,NL,forecast_load,Forecasted Load,2026-09-04T14:45:39Z
2026-09-04T14:45:09Z,2026-09-04T16:45:09+0200,8952467a-fca4-4f59-8ae6-677e671a7665,2026-08-29T19:15:00Z,2026-08-29T21:15:00+0200,11441.221,MW,NL,NL,forecast_load,Forecasted Load,2026-09-04T14:45:39Z
2026-09-04T14:45:09Z,2026-09-04T16:45:09+0200,8952467a-fca4-4f59-8ae6-677e671a7665,2026-08-29T19:30:00Z,2026-08-29T21:30:00+0200,11487.243,MW,NL,NL,forecast_load,Forecasted Load,2026-09-04T14:45:39Z
2026-09-04T14:45:09Z,2026-09-04T16:45:09+0200,8952467a-fca4-4f59-8ae6-677e671a7665,2026-08-29T19:45:00Z,2026-08-29T21:45:00+0200,11537.409,MW,NL,NL,forecast_load,Forecasted Load,2026-09-04T14:45:39Z
2026-09-04T14:45:09Z,2026-09-04T16:45:09+0200,8952467a-fca4-4f59-8ae6-677e671a7665,2026-08-29T20:00:00Z,2026-08-29T22:00:00+0200,11631.952,MW,NL,NL,forecast_load,Forecasted Load,2026-09-04T14:45:39Z
2026-09-04T14:45:09Z,2026-09-04T16:45:09+0200,8952467a-fca4-4f59-8ae6-677e671a7665,2026-08-29T20:15:00Z,2026-08-29T22:15:00+0200,11492.41,MW,NL,NL,forecast_load,Forecasted Load,2026-09-04T14:45:39Z
2026-09-04T14:45:09Z,2026-09-04T16:45:09+0200,8952467a-fca4-4f59-8ae6-677e671a7665,2026-08-29T20:30:00Z,2026-08-29T22:30:00+0200,11483.877,MW,NL,NL,forecast_load,Forecasted Load,2026-09-04T14:45:39Z
2026-09-04T14:45:09Z,2026-09-04T16:45:09+0200,8952467a-fca4-4f59-8ae6-677e671a7665,2026-08-29T20:45:00Z,2026-08-29T22:45:00+0200,11413.896,MW,NL,NL,forecast_load,Forecasted Load,2026-09-04T14:45:39Z
2026-09-04T14:45:09Z,2026-09-04T16:45:09+0200,8952467a-fca4-4f59-8ae6-677e671a7665,2026-08-29T21:00:00Z,2026-08-29T23:00:00+0200,11275.943,MW,NL,NL,forecast_load,Forecasted Load,2026-09-04T14:45:39Z
2026-09-04T14:45:09Z,2026-09-04T16:45:09+0200,8952467a-fca4-4f59-8ae6-677e671a7665,2026-08-29T21:15:00Z,2026-08-29T23:15:00+0200,11124.538,MW,NL,NL,forecast_load,Forecasted Load,2026-09-04T14:45:39Z
2026-09-04T14:45:09Z,2026-09-04T16:45:09+0200,8952467a-fca4-4f59-8ae6-677e671a7665,2026-08-29T21:30:00Z,2026-08-29T23:30:00+0200,11157.276,MW,NL,NL,forecast_load,Forecasted Load,2026-09-04T14:45:39Z
2026-09-04T14:45:09Z,2026-09-04T16:45:09+0200,8952467a-fca4-4f59-8ae6-677e671a7665,2026-08-29T21:45:00Z,2026-08-29T23:45:00+0200,11101.101,MW,NL,NL,forecast_load,Forecasted Load,2026-09-04T14:45:39Z
2026-09-04T14:45:09Z,2026-09-04T16:45:09+0200,8952467a-fca4-4f59-8ae6-677e671a7665,2026-08-29T22:00:00Z,2026-08-30T00:00:00+0200,12203.398,MW,NL,NL,forecast_load,Forecasted Load,2026-09-04T14:45:39Z
2026-09-04T14:45:09Z,2026-09-04T16:45:09+0200,8952467a-fca4-4f59-8ae6-677e671a7665,2026-08-29T22:15:00Z,2026-08-30T00:15:00+0200,12136.777,MW,NL,NL,forecast_load,Forecasted Load,2026-09-04T14:45:39Z
2026-09-04T14:45:09Z,2026-09-04T16:45:09+0200,8952467a-fca4-4f59-8ae6-677e671a7665,2026-08-29T22:30:00Z,2026-08-30T00:30:00+0200,12034.021,MW,NL,NL,forecast_load,Forecasted Load,2026-09-04T14:45:39Z
2026-09-04T14:45:09Z,2026-09-04T16:45:09+0200,8952467a-fca4-4f59-8ae6-677e671a7665,2026-08-29T22:45:00Z,2026-08-30T00:45:00+0200,11861.517,MW,NL,NL,forecast_load,Forecasted Load,2026-09-04T14:45:39Z
2026-09-04T14:45:09Z,2026-09-04T16:45:09+0200,8952467a-fca4-4f59-8ae6-677e671a7665,2026-08-29T23:00:00Z,2026-08-30T01:00:00+0200,11746.112,MW,NL,NL,forecast_load,Forecasted Load,2026-09-04T14:45:39Z
2026-09-04T14:45:09Z,2026-09-04T16:45:09+0200,8952467a-fca4-4f59-8ae6-677e671a7665,2026-08-29T23:15:00Z,2026-08-30T01:15:00+0200,11566.468,MW,NL,NL,forecast_load,Forecasted Load,2026-09-04T14:45:39Z
2026-09-04T14:45:09Z,2026-09-04T16:45:09+0200,8952467a-fca4-4f59-8ae6-677e671a7665,2026-08-29T23:30:00Z,2026-08-30T01:30:00+0200,11550.519,MW,NL,NL,forecast_load,Forecasted Load,2026-09-04T14:45:39Z
2026-09-04T14:45:09Z,2026-09-04T16:45:09+0200,8952467a-fca4-4f59-8ae6-677e671a7665,2026-08-29T23:45:00Z,2026-08-30T01:45:00+0200,11475.254,MW,NL,NL,forecast_load,Forecasted Load,2026-09-04T14:45:39Z
2026-09-04T14:45:09Z,2026-09-04T16:45:09+0200,8952467a-fca4-4f59-8ae6-677e671a7665,2026-08-30T00:00:00Z,2026-08-30T02:00:00+0200,11455.255,MW,NL,NL,forecast_load,Forecasted Load,2026-09-04T14:45:39Z
2026-09-04T14:45:09Z,2026-09-04T16:45:09+0200,8952467a-fca4-4f59-8ae6-677e671a7665,2026-08-30T00:15:00Z,2026-08-30T02:15:00+0200,11384.282,MW,NL,NL,forecast_load,Forecasted Load,2026-09-04T14:45:39Z
2026-09-04T14:45:09Z,2026-09-04T16:45:09+0200,8952467a-fca4-4f59-8ae6-677e671a7665,2026-08-30T00:30:00Z,2026-08-30T02:30:00+0200,11387.167,MW,NL,NL,forecast_load,Forecasted Load,2026-09-04T14:45:39Z
2026-09-04T14:45:09Z,2026-09-04T16:45:09+0200,8952467a-fca4-4f59-8ae6-677e671a7665,2026-08-30T00:45:00Z,2026-08-30T02:45:00+0200,11287.418,MW,NL,NL,forecast_load,Forecasted Load,2026-09-04T14:45:39Z
2026-09-04T14:45:09Z,2026-09-04T16:45:09+0200,8952467a-fca4-4f59-8ae6-677e671a7665,2026-08-30T01:00:00Z,2026-08-30T03:00:00+0200,11182.902,MW,NL,NL,forecast_load,Forecasted Load,2026-09-04T14:45:39Z
2026-09-04T14:45:09Z,2026-09-04T16:45:09+0200,8952467a-fca4-4f59-8ae6-677e671a7665,2026-08-30T01:15:00Z,2026-08-30T03:15:00+0200,11047.623,MW,NL,NL,forecast_load,Forecasted Load,2026-09-04T14:45:39Z
2026-09-04T14:45:09Z,2026-09-04T16:45:09+0200,8952467a-fca4-4f59-8ae6-677e671a7665,2026-08-30T01:30:00Z,2026-08-30T03:30:00+0200,10980.926,MW,NL,NL,forecast_load,Forecasted Load,2026-09-04T14:45:39Z
2026-09-04T14:45:09Z,2026-09-04T16:45:09+0200,8952467a-fca4-4f59-8ae6-677e671a7665,2026-08-30T01:45:00Z,2026-08-30T03:45:00+0200,10931.235,MW,NL,NL,forecast_load,Forecasted Load,2026-09-04T14:45:39Z
2026-09-04T14:45:09Z,2026-09-04T16:45:09+0200,8952467a-fca4-4f59-8ae6-677e671a7665,2026-08-30T02:00:00Z,2026-08-30T04:00:00+0200,10982.612,MW,NL,NL,forecast_load,Forecasted Load,2026-09-04T14:45:39Z
2026-09-04T14:45:09Z,2026-09-04T16:45:09+0200,8952467a-fca4-4f59-8ae6-677e671a7665,2026-08-30T02:15:00Z,2026-08-30T04:15:00+0200,10983.026,MW,NL,NL,forecast_load,Forecasted Load,2026-09-04T14:45:39Z
2026-09-04T14:45:09Z,2026-09-04T16:45:09+0200,8952467a-fca4-4f59-8ae6-677e671a7665,2026-08-30T02:30:00Z,2026-08-30T04:30:00+0200,10938.737,MW,NL,NL,forecast_load,Forecasted Load,2026-09-04T14:45:39Z
2026-09-04T14:45:09Z,2026-09-04T16:45:09+0200,8952467a-fca4-4f59-8ae6-677e671a7665,2026-08-30T02:45:00Z,2026-08-30T04:45:00+0200,10895.384,MW,NL,NL,forecast_load,Forecasted Load,2026-09-04T14:45:39Z
2026-09-04T14:45:09Z,2026-09-04T16:45:09+0200,8952467a-fca4-4f59-8ae6-677e671a7665,2026-08-30T03:00:00Z,2026-08-30T05:00:00+0200,10864.1,MW,NL,NL,forecast_load,Forecasted Load,2026-09-04T14:45:39Z
2026-09-04T14:45:09Z,2026-09-04T16:45:09+0200,8952467a-fca4-4f59-8ae6-677e671a7665,2026-08-30T03:15:00Z,2026-08-30T05:15:00+0200,10790.086,MW,NL,NL,forecast_load,Forecasted Load,2026-09-04T14:45:39Z
2026-09-04T14:45:09Z,2026-09-04T16:45:09+0200,8952467a-fca4-4f59-8ae6-677e671a7665,2026-08-30T03:30:00Z,2026-08-30T05:30:00+0200,10741.061,MW,NL,NL,forecast_load,Forecasted Load,2026-09-04T14:45:39Z
2026-09-04T14:45:09Z,2026-09-04T16:45:09+0200,8952467a-fca4-4f59-8ae6-677e671a7665,2026-08-30T03:45:00Z,2026-08-30T05:45:00+0200,10780.431,MW,NL,NL,forecast_load,Forecasted Load,2026-09-04T14:45:39Z
2026-09-04T14:45:09Z,2026-09-04T16:45:09+0200,8952467a-fca4-4f59-8ae6-677e671a7665,2026-08-30T04:00:00Z,2026-08-30T06:00:00+0200,10866.476,MW,NL,NL,forecast_load,Forecasted Load,2026-09-04T14:45:39Z
2026-09-04T14:45:09Z,2026-09-04T16:45:09+0200,8952467a-fca4-4f59-8ae6-677e671a7665,2026-08-30T04:15:00Z,2026-08-30T06:15:00+0200,10878.669,MW,NL,NL,forecast_load,Forecasted Load,2026-09-04T14:45:39Z
2026-09-04T14:45:09Z,2026-09-04T16:45:09+0200,8952467a-fca4-4f59-8ae6-677e671a7665,2026-08-30T04:30:00Z,2026-08-30T06:30:00+0200,10782.471,MW,NL,NL,forecast_load,Forecasted Load,2026-09-04T14:45:39Z
2026-09-04T14:45:09Z,2026-09-04T16:45:09+0200,8952467a-fca4-4f59-8ae6-677e671a7665,2026-08-30T04:45:00Z,2026-08-30T06:45:00+0200,10643.237,MW,NL,NL,forecast_load,Forecasted Load,2026-09-04T14:45:39Z
2026-09-04T14:45:09Z,2026-09-04T16:45:09+0200,8952467a-fca4-4f59-8ae6-677e671a7665,2026-08-30T05:00:00Z,2026-08-30T07:00:00+0200,10604.968,MW,NL,NL,forecast_load,Forecasted Load,2026-09-04T14:45:39Z
2026-09-04T14:45:09Z,2026-09-04T16:45:09+0200,8952467a-fca4-4f59-8ae6-677e671a7665,2026-08-30T05:15:00Z,2026-08-30T07:15:00+0200,10307.317,MW,NL,NL,forecast_load,Forecasted Load,2026-09-04T14:45:39Z
2026-09-04T14:45:09Z,2026-09-04T16:45:09+0200,8952467a-fca4-4f59-8ae6-677e671a7665,2026-08-30T05:30:00Z,2026-08-30T07:30:00+0200,10128.317,MW,NL,NL,forecast_load,Forecasted Load,2026-09-04T14:45:39Z
2026-09-04T14:45:09Z,2026-09-04T16:45:09+0200,8952467a-fca4-4f59-8ae6-677e671a7665,2026-08-30T05:45:00Z,2026-08-30T07:45:00+0200,10184.676,MW,NL,NL,forecast_load,Forecasted Load,2026-09-04T14:45:39Z
2026-09-04T14:45:09Z,2026-09-04T16:45:09+0200,8952467a-fca4-4f59-8ae6-677e671a7665,2026-08-30T06:00:00Z,2026-08-30T08:00:00+0200,10345.673,MW,NL,NL,forecast_load,Forecasted Load,2026-09-04T14:45:39Z
2026-09-04T14:45:09Z,2026-09-04T16:45:09+0200,8952467a-fca4-4f59-8ae6-677e671a7665,2026-08-30T06:15:00Z,2026-08-30T08:15:00+0200,10392.27,MW,NL,NL,forecast_load,Forecasted Load,2026-09-04T14:45:39Z
2026-09-04T14:45:09Z,2026-09-04T16:45:09+0200,8952467a-fca4-4f59-8ae6-677e671a7665,2026-08-30T06:30:00Z,2026-08-30T08:30:00+0200,10410.099,MW,NL,NL,forecast_load,Forecasted Load,2026-09-04T14:45:39Z
2026-09-04T14:45:09Z,2026-09-04T16:45:09+0200,8952467a-fca4-4f59-8ae6-677e671a7665,2026-08-30T06:45:00Z,2026-08-30T08:45:00+0200,10452.323,MW,NL,NL,forecast_load,Forecasted Load,2026-09-04T14:45:39Z
2026-09-04T14:45:09Z,2026-09-04T16:45:09+0200,8952467a-fca4-4f59-8ae6-677e671a7665,2026-08-30T07:00:00Z,2026-08-30T09:00:00+0200,10591.045,MW,NL,NL,forecast_load,Forecasted Load,2026-09-04T14:45:39Z
2026-09-04T14:45:09Z,2026-09-04T16:45:09+0200,8952467a-fca4-4f59-8ae6-677e671a7665,2026-08-30T07:15:00Z,2026-08-30T09:15:00+0200,10546.74,MW,NL,NL,forecast_load,Forecasted Load,2026-09-04T14:45:39Z
2026-09-04T14:45:09Z,2026-09-04T16:45:09+0200,8952467a-fca4-4f59-8ae6-677e671a7665,2026-08-30T07:30:00Z,2026-08-30T09:30:00+0200,10550.595,MW,NL,NL,forecast_load,Forecasted Load,2026-09-04T14:45:39Z
2026-09-04T14:45:09Z,2026-09-04T16:45:09+0200,8952467a-fca4-4f59-8ae6-677e671a7665,2026-08-30T07:45:00Z,2026-08-30T09:45:00+0200,10602.313,MW,NL,NL,forecast_load,Forecasted Load,2026-09-04T14:45:39Z
2026-09-04T14:45:09Z,2026-09-04T16:45:09+0200,8952467a-fca4-4f59-8ae6-677e671a7665,2026-08-30T08:00:00Z,2026-08-30T10:00:00+0200,10674.815,MW,NL,NL,forecast_load,Forecasted Load,2026-09-04T14:45:39Z
2026-09-04T14:45:09Z,2026-09-04T16:45:09+0200,8952467a-fca4-4f59-8ae6-677e671a7665,2026-08-30T08:15:00Z,2026-08-30T10:15:00+0200,10610.969,MW,NL,NL,forecast_load,Forecasted Load,2026-09-04T14:45:39Z
2026-09-04T14:45:09Z,2026-09-04T16:45:09+0200,8952467a-fca4-4f59-8ae6-677e671a7665,2026-08-30T08:30:00Z,2026-08-30T10:30:00+0200,10800.486,MW,NL,NL,forecast_load,Forecasted Load,2026-09-04T14:45:39Z
2026-09-04T14:45:09Z,2026-09-04T16:45:09+0200,8952467a-fca4-4f59-8ae6-677e671a7665,2026-08-30T08:45:00Z,2026-08-30T10:45:00+0200,10895.726,MW,NL,NL,forecast_load,Forecasted Load,2026-09-04T14:45:39Z
2026-09-04T14:45:09Z,2026-09-04T16:45:09+0200,8952467a-fca4-4f59-8ae6-677e671a7665,2026-08-30T09:00:00Z,2026-08-30T11:00:00+0200,10955.576,MW,NL,NL,forecast_load,Forecasted Load,2026-09-04T14:45:39Z
2026-09-04T14:45:09Z,2026-09-04T16:45:09+0200,8952467a-fca4-4f59-8ae6-677e671a7665,2026-08-30T09:15:00Z,2026-08-30T11:15:00+0200,10948.826,MW,NL,NL,forecast_load,Forecasted Load,2026-09-04T14:45:39Z
2026-09-04T14:45:09Z,2026-09-04T16:45:09+0200,8952467a-fca4-4f59-8ae6-677e671a7665,2026-08-30T09:30:00Z,2026-08-30T11:30:00+0200,10959.275,MW,NL,NL,forecast_load,Forecasted Load,2026-09-04T14:45:39Z
2026-09-04T14:45:09Z,2026-09-04T16:45:09+0200,8952467a-fca4-4f59-8ae6-677e671a7665,2026-08-30T09:45:00Z,2026-08-30T11:45:00+0200,11010.704,MW,NL,NL,forecast_load,Forecasted Load,2026-09-04T14:45:39Z
2026-09-04T14:45:09Z,2026-09-04T16:45:09+0200,8952467a-fca4-4f59-8ae6-677e671a7665,2026-08-30T10:00:00Z,2026-08-30T12:00:00+0200,11060.68,MW,NL,NL,forecast_load,Forecasted Load,2026-09-04T14:45:39Z
2026-09-04T14:45:09Z,2026-09-04T16:45:09+0200,8952467a-fca4-4f59-8ae6-677e671a7665,2026-08-30T10:15:00Z,2026-08-30T12:15:00+0200,11064.32,MW,NL,NL,forecast_load,Forecasted Load,2026-09-04T14:45:39Z
2026-09-04T14:45:09Z,2026-09-04T16:45:09+0200,8952467a-fca4-4f59-8ae6-677e671a7665,2026-08-30T10:30:00Z,2026-08-30T12:30:00+0200,10994.006,MW,NL,NL,forecast_load,Forecasted Load,2026-09-04T14:45:39Z
2026-09-04T14:45:09Z,2026-09-04T16:45:09+0200,8952467a-fca4-4f59-8ae6-677e671a7665,2026-08-30T10:45:00Z,2026-08-30T12:45:00+0200,11079.984,MW,NL,NL,forecast_load,Forecasted Load,2026-09-04T14:45:39Z
2026-09-04T14:45:09Z,2026-09-04T16:45:09+0200,8952467a-fca4-4f59-8ae6-677e671a7665,2026-08-30T11:00:00Z,2026-08-30T13:00:00+0200,11073.154,MW,NL,NL,forecast_load,Forecasted Load,2026-09-04T14:45:39Z
2026-09-04T14:45:09Z,2026-09-04T16:45:09+0200,8952467a-fca4-4f59-8ae6-677e671a7665,2026-08-30T11:15:00Z,2026-08-30T13:15:00+0200,11080.383,MW,NL,NL,forecast_load,Forecasted Load,2026-09-04T14:45:39Z
2026-09-04T14:45:09Z,2026-09-04T16:45:09+0200,8952467a-fca4-4f59-8ae6-677e671a7665,2026-08-30T11:30:00Z,2026-08-30T13:30:00+0200,11093.028,MW,NL,NL,forecast_load,Forecasted Load,2026-09-04T14:45:39Z
2026-09-04T14:45:09Z,2026-09-04T16:45:09+0200,8952467a-fca4-4f59-8ae6-677e671a7665,2026-08-30T11:45:00Z,2026-08-30T13:45:00+0200,11016.626,MW,NL,NL,forecast_load,Forecasted Load,2026-09-04T14:45:39Z
2026-09-04T14:45:09Z,2026-09-04T16:45:09+0200,8952467a-fca4-4f59-8ae6-677e671a7665,2026-08-30T12:00:00Z,2026-08-30T14:00:00+0200,10899.484,MW,NL,NL,forecast_load,Forecasted Load,2026-09-04T14:45:39Z
2026-09-04T14:45:09Z,2026-09-04T16:45:09+0200,8952467a-fca4-4f59-8ae6-677e671a7665,2026-08-30T12:15:00Z,2026-08-30T14:15:00+0200,10762.767,MW,NL,NL,forecast_load,Forecasted Load,2026-09-04T14:45:39Z
2026-09-04T14:45:09Z,2026-09-04T16:45:09+0200,8952467a-fca4-4f59-8ae6-677e671a7665,2026-08-30T12:30:00Z,2026-08-30T14:30:00+0200,10657.711,MW,NL,NL,forecast_load,Forecasted Load,2026-09-04T14:45:39Z
2026-09-04T14:45:09Z,2026-09-04T16:45:09+0200,8952467a-fca4-4f59-8ae6-677e671a7665,2026-08-30T12:45:00Z,2026-08-30T14:45:00+0200,10508.086,MW,NL,NL,forecast_load,Forecasted Load,2026-09-04T14:45:39Z
2026-09-04T14:45:09Z,2026-09-04T16:45:09+0200,8952467a-fca4-4f59-8ae6-677e671a7665,2026-08-30T13:00:00Z,2026-08-30T15:00:00+0200,10304.498,MW,NL,NL,forecast_load,Forecasted Load,2026-09-04T14:45:39Z
2026-09-04T14:45:09Z,2026-09-04T16:45:09+0200,8952467a-fca4-4f59-8ae6-677e671a7665,2026-08-30T13:15:00Z,2026-08-30T15:15:00+0200,10213.58,MW,NL,NL,forecast_load,Forecasted Load,2026-09-04T14:45:39Z
2026-09-04T14:45:09Z,2026-09-04T16:45:09+0200,8952467a-fca4-4f59-8ae6-677e671a7665,2026-08-30T13:30:00Z,2026-08-30T15:30:00+0200,10106.353,MW,NL,NL,forecast_load,Forecasted Load,2026-09-04T14:45:39Z
2026-09-04T14:45:09Z,2026-09-04T16:45:09+0200,8952467a-fca4-4f59-8ae6-677e671a7665,2026-08-30T13:45:00Z,2026-08-30T15:45:00+0200,10000.711,MW,NL,NL,forecast_load,Forecasted Load,2026-09-04T14:45:39Z
2026-09-04T14:45:09Z,2026-09-04T16:45:09+0200,8952467a-fca4-4f59-8ae6-677e671a7665,2026-08-30T14:00:00Z,2026-08-30T16:00:00+0200,9880.938,MW,NL,NL,forecast_load,Forecasted Load,2026-09-04T14:45:39Z
2026-09-04T14:45:09Z,2026-09-04T16:45:09+0200,8952467a-fca4-4f59-8ae6-677e671a7665,2026-08-30T14:15:00Z,2026-08-30T16:15:00+0200,9841.082,MW,NL,NL,forecast_load,Forecasted Load,2026-09-04T14:45:39Z
2026-09-04T14:45:09Z,2026-09-04T16:45:09+0200,8952467a-fca4-4f59-8ae6-677e671a7665,2026-08-30T14:30:00Z,2026-08-30T16:30:00+0200,9993.983,MW,NL,NL,forecast_load,Forecasted Load,2026-09-04T14:45:39Z
2026-09-04T14:45:09Z,2026-09-04T16:45:09+0200,8952467a-fca4-4f59-8ae6-677e671a7665,2026-08-30T14:45:00Z,2026-08-30T16:45:00+0200,9971.318,MW,NL,NL,forecast_load,Forecasted Load,2026-09-04T14:45:39Z
2026-09-04T14:45:09Z,2026-09-04T16:45:09+0200,8952467a-fca4-4f59-8ae6-677e671a7665,2026-08-30T15:00:00Z,2026-08-30T17:00:00+0200,10088.255,MW,NL,NL,forecast_load,Forecasted Load,2026-09-04T14:45:39Z
2026-09-04T14:45:09Z,2026-09-04T16:45:09+0200,8952467a-fca4-4f59-8ae6-677e671a7665,2026-08-30T15:15:00Z,2026-08-30T17:15:00+0200,10472.802,MW,NL,NL,forecast_load,Forecasted Load,2026-09-04T14:45:39Z
2026-09-04T14:45:09Z,2026-09-04T16:45:09+0200,8952467a-fca4-4f59-8ae6-677e671a7665,2026-08-30T15:30:00Z,2026-08-30T17:30:00+0200,11008.182,MW,NL,NL,forecast_load,Forecasted Load,2026-09-04T14:45:39Z
2026-09-04T14:45:09Z,2026-09-04T16:45:09+0200,8952467a-fca4-4f59-8ae6-677e671a7665,2026-08-30T15:45:00Z,2026-08-30T17:45:00+0200,11323.593,MW,NL,NL,forecast_load,Forecasted Load,2026-09-04T14:45:39Z
2026-09-04T14:45:09Z,2026-09-04T16:45:09+0200,8952467a-fca4-4f59-8ae6-677e671a7665,2026-08-30T16:00:00Z,2026-08-30T18:00:00+0200,11582.776,MW,NL,NL,forecast_load,Forecasted Load,2026-09-04T14:45:39Z
2026-09-04T14:45:09Z,2026-09-04T16:45:09+0200,8952467a-fca4-4f59-8ae6-677e671a7665,2026-08-30T16:15:00Z,2026-08-30T18:15:00+0200,11955.719,MW,NL,NL,forecast_load,Forecasted Load,2026-09-04T14:45:39Z
2026-09-04T14:45:09Z,2026-09-04T16:45:09+0200,8952467a-fca4-4f59-8ae6-677e671a7665,2026-08-30T16:30:00Z,2026-08-30T18:30:00+0200,12208.387,MW,NL,NL,forecast_load,Forecasted Load,2026-09-04T14:45:39Z
2026-09-04T14:45:09Z,2026-09-04T16:45:09+0200,8952467a-fca4-4f59-8ae6-677e671a7665,2026-08-30T16:45:00Z,2026-08-30T18:45:00+0200,12259.831,MW,NL,NL,forecast_load,Forecasted Load,2026-09-04T14:45:39Z
2026-09-04T14:45:09Z,2026-09-04T16:45:09+0200,8952467a-fca4-4f59-8ae6-677e671a7665,2026-08-30T17:00:00Z,2026-08-30T19:00:00+0200,12325.08,MW,NL,NL,forecast_load,Forecasted Load,2026-09-04T14:45:39Z
2026-09-04T14:45:09Z,2026-09-04T16:45:09+0200,8952467a-fca4-4f59-8ae6-677e671a7665,2026-08-30T17:15:00Z,2026-08-30T19:15:00+0200,12418.499,MW,NL,NL,forecast_load,Forecasted Load,2026-09-04T14:45:39Z
2026-09-04T14:45:09Z,2026-09-04T16:45:09+0200,8952467a-fca4-4f59-8ae6-677e671a7665,2026-08-30T17:30:00Z,2026-08-30T19:30:00+0200,12385.296,MW,NL,NL,forecast_load,Forecasted Load,2026-09-04T14:45:39Z
2026-09-04T14:45:09Z,2026-09-04T16:45:09+0200,8952467a-fca4-4f59-8ae6-677e671a7665,2026-08-30T17:45:00Z,2026-08-30T19:45:00+0200,12542.441,MW,NL,NL,forecast_load,Forecasted Load,2026-09-04T14:45:39Z
2026-09-04T14:45:09Z,2026-09-04T16:45:09+0200,8952467a-fca4-4f59-8ae6-677e671a7665,2026-08-30T18:00:00Z,2026-08-30T20:00:00+0200,12640.482,MW,NL,NL,forecast_load,Forecasted Load,2026-09-04T14:45:39Z
2026-09-04T14:45:09Z,2026-09-04T16:45:09+0200,8952467a-fca4-4f59-8ae6-677e671a7665,2026-08-30T18:15:00Z,2026-08-30T20:15:00+0200,12779.194,MW,NL,NL,forecast_load,Forecasted Load,2026-09-04T14:45:39Z
2026-09-04T14:45:09Z,2026-09-04T16:45:09+0200,8952467a-fca4-4f59-8ae6-677e671a7665,2026-08-30T18:30:00Z,2026-08-30T20:30:00+0200,12866.856,MW,NL,NL,forecast_load,Forecasted Load,2026-09-04T14:45:39Z
2026-09-04T14:45:09Z,2026-09-04T16:45:09+0200,8952467a-fca4-4f59-8ae6-677e671a7665,2026-08-30T18:45:00Z,2026-08-30T20:45:00+0200,12909.163,MW,NL,NL,forecast_load,Forecasted Load,2026-09-04T14:45:39Z
2026-09-04T14:45:09Z,2026-09-04T16:45:09+0200,8952467a-fca4-4f59-8ae6-677e671a7665,2026-08-30T19:00:00Z,2026-08-30T21:00:00+0200,12986.46,MW,NL,NL,forecast_load,Forecasted Load,2026-09-04T14:45:39Z
2026-09-04T14:45:09Z,2026-09-04T16:45:09+0200,8952467a-fca4-4f59-8ae6-677e671a7665,2026-08-30T19:15:00Z,2026-08-30T21:15:00+0200,13041.742,MW,NL,NL,forecast_load,Forecasted Load,2026-09-04T14:45:39Z
2026-09-04T14:45:09Z,2026-09-04T16:45:09+0200,8952467a-fca4-4f59-8ae6-677e671a7665,2026-08-30T19:30:00Z,2026-08-30T21:30:00+0200,12980.333,MW,NL,NL,forecast_load,Forecasted Load,2026-09-04T14:45:39Z
2026-09-04T14:45:09Z,2026-09-04T16:45:09+0200,8952467a-fca4-4f59-8ae6-677e671a7665,2026-08-30T19:45:00Z,2026-08-30T21:45:00+0200,12903.501,MW,NL,NL,forecast_load,Forecasted Load,2026-09-04T14:45:39Z
2026-09-04T14:45:09Z,2026-09-04T16:45:09+0200,8952467a-fca4-4f59-8ae6-677e671a7665,2026-08-30T20:00:00Z,2026-08-30T22:00:00+0200,12894.725,MW,NL,NL,forecast_load,Forecasted Load,2026-09-04T14:45:39Z
2026-09-04T14:45:09Z,2026-09-04T16:45:09+0200,8952467a-fca4-4f59-8ae6-677e671a7665,2026-08-30T20:15:00Z,2026-08-30T22:15:00+0200,12845.135,MW,NL,NL,forecast_load,Forecasted Load,2026-09-04T14:45:39Z
2026-09-04T14:45:09Z,2026-09-04T16:45:09+0200,8952467a-fca4-4f59-8ae6-677e671a7665,2026-08-30T20:30:00Z,2026-08-30T22:30:00+0200,12855.275,MW,NL,NL,forecast_load,Forecasted Load,2026-09-04T14:45:39Z
2026-09-04T14:45:09Z,2026-09-04T16:45:09+0200,8952467a-fca4-4f59-8ae6-677e671a7665,2026-08-30T20:45:00Z,2026-08-30T22:45:00+0200,12745.657,MW,NL,NL,forecast_load,Forecasted Load,2026-09-04T14:45:39Z
2026-09-04T14:45:09Z,2026-09-04T16:45:09+0200,8952467a-fca4-4f59-8ae6-677e671a7665,2026-08-30T21:00:00Z,2026-08-30T23:00:00+0200,12710.377,MW,NL,NL,forecast_load,Forecasted Load,2026-09-04T14:45:39Z
2026-09-04T14:45:09Z,2026-09-04T16:45:09+0200,8952467a-fca4-4f59-8ae6-677e671a7665,2026-08-30T21:15:00Z,2026-08-30T23:15:00+0200,12675.546,MW,NL,NL,forecast_load,Forecasted Load,2026-09-04T14:45:39Z
2026-09-04T14:45:09Z,2026-09-04T16:45:09+0200,8952467a-fca4-4f59-8ae6-677e671a7665,2026-08-30T21:30:00Z,2026-08-30T23:30:00+0200,12690.452,MW,NL,NL,forecast_load,Forecasted Load,2026-09-04T14:45:39Z
2026-09-04T14:45:09Z,2026-09-04T16:45:09+0200,8952467a-fca4-4f59-8ae6-677e671a7665,2026-08-30T21:45:00Z,2026-08-30T23:45:00+0200,12622.959,MW,NL,NL,forecast_load,Forecasted Load,2026-09-04T14:45:39Z
2026-09-04T14:45:09Z,2026-09-04T16:45:09+0200,8952467a-fca4-4f59-8ae6-677e671a7665,2026-08-30T22:00:00Z,2026-08-31T00:00:00+0200,11312.237,MW,NL,NL,forecast_load,Forecasted Load,2026-09-04T14:45:39Z
2026-09-04T14:45:09Z,2026-09-04T16:45:09+0200,8952467a-fca4-4f59-8ae6-677e671a7665,2026-08-30T22:15:00Z,2026-08-31T00:15:00+0200,11247.922,MW,NL,NL,forecast_load,Forecasted Load,2026-09-04T14:45:39Z
2026-09-04T14:45:09Z,2026-09-04T16:45:09+0200,8952467a-fca4-4f59-8ae6-677e671a7665,2026-08-30T22:30:00Z,2026-08-31T00:30:00+0200,11181.653,MW,NL,NL,forecast_load,Forecasted Load,2026-09-04T14:45:39Z
2026-09-04T14:45:09Z,2026-09-04T16:45:09+0200,8952467a-fca4-4f59-8ae6-677e671a7665,2026-08-30T22:45:00Z,2026-08-31T00:45:00+0200,11049.91,MW,NL,NL,forecast_load,Forecasted Load,2026-09-04T14:45:39Z
2026-09-04T14:45:09Z,2026-09-04T16:45:09+0200,8952467a-fca4-4f59-8ae6-677e671a7665,2026-08-30T23:00:00Z,2026-08-31T01:00:00+0200,11060.97,MW,NL,NL,forecast_load,Forecasted Load,2026-09-04T14:45:39Z
2026-09-04T14:45:09Z,2026-09-04T16:45:09+0200,8952467a-fca4-4f59-8ae6-677e671a7665,2026-08-30T23:15:00Z,2026-08-31T01:15:00+0200,11027.129,MW,NL,NL,forecast_load,Forecasted Load,2026-09-04T14:45:39Z
2026-09-04T14:45:09Z,2026-09-04T16:45:09+0200,8952467a-fca4-4f59-8ae6-677e671a7665,2026-08-30T23:30:00Z,2026-08-31T01:30:00+0200,11009.666,MW,NL,NL,forecast_load,Forecasted Load,2026-09-04T14:45:39Z
2026-09-04T14:45:09Z,2026-09-04T16:45:09+0200,8952467a-fca4-4f59-8ae6-677e671a7665,2026-08-30T23:45:00Z,2026-08-31T01:45:00+0200,10964.318,MW,NL,NL,forecast_load,Forecasted Load,2026-09-04T14:45:39Z
2026-09-04T14:45:09Z,2026-09-04T16:45:09+0200,8952467a-fca4-4f59-8ae6-677e671a7665,2026-08-31T00:00:00Z,2026-08-31T02:00:00+0200,10934.853,MW,NL,NL,forecast_load,Forecasted Load,2026-09-04T14:45:39Z
2026-09-04T14:45:09Z,2026-09-04T16:45:09+0200,8952467a-fca4-4f59-8ae6-677e671a7665,2026-08-31T00:15:00Z,2026-08-31T02:15:00+0200,10825.492,MW,NL,NL,forecast_load,Forecasted Load,2026-09-04T14:45:39Z
2026-09-04T14:45:09Z,2026-09-04T16:45:09+0200,8952467a-fca4-4f59-8ae6-677e671a7665,2026-08-31T00:30:00Z,2026-08-31T02:30:00+0200,10715.65,MW,NL,NL,forecast_load,Forecasted Load,2026-09-04T14:45:39Z
2026-09-04T14:45:09Z,2026-09-04T16:45:09+0200,8952467a-fca4-4f59-8ae6-677e671a7665,2026-08-31T00:45:00Z,2026-08-31T02:45:00+0200,10688.983,MW,NL,NL,forecast_load,Forecasted Load,2026-09-04T14:45:39Z
2026-09-04T14:45:09Z,2026-09-04T16:45:09+0200,8952467a-fca4-4f59-8ae6-677e671a7665,2026-08-31T01:00:00Z,2026-08-31T03:00:00+0200,10682.833,MW,NL,NL,forecast_load,Forecasted Load,2026-09-04T14:45:39Z
2026-09-04T14:45:09Z,2026-09-04T16:45:09+0200,8952467a-fca4-4f59-8ae6-677e671a7665,2026-08-31T01:15:00Z,2026-08-31T03:15:00+0200,10615.768,MW,NL,NL,forecast_load,Forecasted Load,2026-09-04T14:45:39Z
2026-09-04T14:45:09Z,2026-09-04T16:45:09+0200,8952467a-fca4-4f59-8ae6-677e671a7665,2026-08-31T01:30:00Z,2026-08-31T03:30:00+0200,10533.167,MW,NL,NL,forecast_load,Forecasted Load,2026-09-04T14:45:39Z
2026-09-04T14:45:09Z,2026-09-04T16:45:09+0200,8952467a-fca4-4f59-8ae6-677e671a7665,2026-08-31T01:45:00Z,2026-08-31T03:45:00+0200,10542.496,MW,NL,NL,forecast_load,Forecasted Load,2026-09-04T14:45:39Z
2026-09-04T14:45:09Z,2026-09-04T16:45:09+0200,8952467a-fca4-4f59-8ae6-677e671a7665,2026-08-31T02:00:00Z,2026-08-31T04:00:00+0200,10520.751,MW,NL,NL,forecast_load,Forecasted Load,2026-09-04T14:45:39Z
2026-09-04T14:45:09Z,2026-09-04T16:45:09+0200,8952467a-fca4-4f59-8ae6-677e671a7665,2026-08-31T02:15:00Z,2026-08-31T04:15:00+0200,10490.461,MW,NL,NL,forecast_load,Forecasted Load,2026-09-04T14:45:39Z
2026-09-04T14:45:09Z,2026-09-04T16:45:09+0200,8952467a-fca4-4f59-8ae6-677e671a7665,2026-08-31T02:30:00Z,2026-08-31T04:30:00+0200,10456.156,MW,NL,NL,forecast_load,Forecasted Load,2026-09-04T14:45:39Z
2026-09-04T14:45:09Z,2026-09-04T16:45:09+0200,8952467a-fca4-4f59-8ae6-677e671a7665,2026-08-31T02:45:00Z,2026-08-31T04:45:00+0200,10496.496,MW,NL,NL,forecast_load,Forecasted Load,2026-09-04T14:45:39Z
2026-09-04T14:45:09Z,2026-09-04T16:45:09+0200,8952467a-fca4-4f59-8ae6-677e671a7665,2026-08-31T03:00:00Z,2026-08-31T05:00:00+0200,10507.994,MW,NL,NL,forecast_load,Forecasted Load,2026-09-04T14:45:39Z
2026-09-04T14:45:09Z,2026-09-04T16:45:09+0200,8952467a-fca4-4f59-8ae6-677e671a7665,2026-08-31T03:15:00Z,2026-08-31T05:15:00+0200,10523.589,MW,NL,NL,forecast_load,Forecasted Load,2026-09-04T14:45:39Z
2026-09-04T14:45:09Z,2026-09-04T16:45:09+0200,8952467a-fca4-4f59-8ae6-677e671a7665,2026-08-31T03:30:00Z,2026-08-31T05:30:00+0200,10605.433,MW,NL,NL,forecast_load,Forecasted Load,2026-09-04T14:45:39Z
2026-09-04T14:45:09Z,2026-09-04T16:45:09+0200,8952467a-fca4-4f59-8ae6-677e671a7665,2026-08-31T03:45:00Z,2026-08-31T05:45:00+0200,10620.09,MW,NL,NL,forecast_load,Forecasted Load,2026-09-04T14:45:39Z
2026-09-04T14:45:09Z,2026-09-04T16:45:09+0200,8952467a-fca4-4f59-8ae6-677e671a7665,2026-08-31T04:00:00Z,2026-08-31T06:00:00+0200,10628.072,MW,NL,NL,forecast_load,Forecasted Load,2026-09-04T14:45:39Z
2026-09-04T14:45:09Z,2026-09-04T16:45:09+0200,8952467a-fca4-4f59-8ae6-677e671a7665,2026-08-31T04:15:00Z,2026-08-31T06:15:00+0200,10708.422,MW,NL,NL,forecast_load,Forecasted Load,2026-09-04T14:45:39Z
2026-09-04T14:45:09Z,2026-09-04T16:45:09+0200,8952467a-fca4-4f59-8ae6-677e671a7665,2026-08-31T04:30:00Z,2026-08-31T06:30:00+0200,10723.75,MW,NL,NL,forecast_load,Forecasted Load,2026-09-04T14:45:39Z
2026-09-04T14:45:09Z,2026-09-04T16:45:09+0200,8952467a-fca4-4f59-8ae6-677e671a7665,2026-08-31T04:45:00Z,2026-08-31T06:45:00+0200,10890.19,MW,NL,NL,forecast_load,Forecasted Load,2026-09-04T14:45:39Z
2026-09-04T14:45:09Z,2026-09-04T16:45:09+0200,8952467a-fca4-4f59-8ae6-677e671a7665,2026-08-31T05:00:00Z,2026-08-31T07:00:00+0200,11114.972,MW,NL,NL,forecast_load,Forecasted Load,2026-09-04T14:45:39Z
2026-09-04T14:45:09Z,2026-09-04T16:45:09+0200,8952467a-fca4-4f59-8ae6-677e671a7665,2026-08-31T05:15:00Z,2026-08-31T07:15:00+0200,10931.969,MW,NL,NL,forecast_load,Forecasted Load,2026-09-04T14:45:39Z
2026-09-04T14:45:09Z,2026-09-04T16:45:09+0200,8952467a-fca4-4f59-8ae6-677e671a7665,2026-08-31T05:30:00Z,2026-08-31T07:30:00+0200,11056.304,MW,NL,NL,forecast_load,Forecasted Load,2026-09-04T14:45:39Z
2026-09-04T14:45:09Z,2026-09-04T16:45:09+0200,8952467a-fca4-4f59-8ae6-677e671a7665,2026-08-31T05:45:00Z,2026-08-31T07:45:00+0200,11165.955,MW,NL,NL,forecast_load,Forecasted Load,2026-09-04T14:45:39Z
2026-09-04T14:45:09Z,2026-09-04T16:45:09+0200,8952467a-fca4-4f59-8ae6-677e671a7665,2026-08-31T06:00:00Z,2026-08-31T08:00:00+0200,11272.584,MW,NL,NL,forecast_load,Forecasted Load,2026-09-04T14:45:39Z
2026-09-04T14:45:09Z,2026-09-04T16:45:09+0200,8952467a-fca4-4f59-8ae6-677e671a7665,2026-08-31T06:15:00Z,2026-08-31T08:15:00+0200,11284.991,MW,NL,NL,forecast_load,Forecasted Load,2026-09-04T14:45:39Z
2026-09-04T14:45:09Z,2026-09-04T16:45:09+0200,8952467a-fca4-4f59-8ae6-677e671a7665,2026-08-31T06:30:00Z,2026-08-31T08:30:00+0200,11243.182,MW,NL,NL,forecast_load,Forecasted Load,2026-09-04T14:45:39Z
2026-09-04T14:45:09Z,2026-09-04T16:45:09+0200,8952467a-fca4-4f59-8ae6-677e671a7665,2026-08-31T06:45:00Z,2026-08-31T08:45:00+0200,11222.156,MW,NL,NL,forecast_load,Forecasted Load,2026-09-04T14:45:39Z
2026-09-04T14:45:09Z,2026-09-04T16:45:09+0200,8952467a-fca4-4f59-8ae6-677e671a7665,2026-08-31T07:00:00Z,2026-08-31T09:00:00+0200,11190.781,MW,NL,NL,forecast_load,Forecasted Load,2026-09-04T14:45:39Z
2026-09-04T14:45:09Z,2026-09-04T16:45:09+0200,8952467a-fca4-4f59-8ae6-677e671a7665,2026-08-31T07:15:00Z,2026-08-31T09:15:00+0200,10992.675,MW,NL,NL,forecast_load,Forecasted Load,2026-09-04T14:45:39Z
2026-09-04T14:45:09Z,2026-09-04T16:45:09+0200,8952467a-fca4-4f59-8ae6-677e671a7665,2026-08-31T07:30:00Z,2026-08-31T09:30:00+0200,10606.738,MW,NL,NL,forecast_load,Forecasted Load,2026-09-04T14:45:39Z
2026-09-04T14:45:09Z,2026-09-04T16:45:09+0200,8952467a-fca4-4f59-8ae6-677e671a7665,2026-08-31T07:45:00Z,2026-08-31T09:45:00+0200,10226.224,MW,NL,NL,forecast_load,Forecasted Load,2026-09-04T14:45:39Z
2026-09-04T14:45:09Z,2026-09-04T16:45:09+0200,8952467a-fca4-4f59-8ae6-677e671a7665,2026-08-31T08:00:00Z,2026-08-31T10:00:00+0200,9991.604,MW,NL,NL,forecast_load,Forecasted Load,2026-09-04T14:45:39Z
2026-09-04T14:45:09Z,2026-09-04T16:45:09+0200,8952467a-fca4-4f59-8ae6-677e671a7665,2026-08-31T08:15:00Z,2026-08-31T10:15:00+0200,9685.621,MW,NL,NL,forecast_load,Forecasted Load,2026-09-04T14:45:39Z
2026-09-04T14:45:09Z,2026-09-04T16:45:09+0200,8952467a-fca4-4f59-8ae6-677e671a7665,2026-08-31T08:30:00Z,2026-08-31T10:30:00+0200,9281.468,MW,NL,NL,forecast_load,Forecasted Load,2026-09-04T14:45:39Z
2026-09-04T14:45:09Z,2026-09-04T16:45:09+0200,8952467a-fca4-4f59-8ae6-677e671a7665,2026-08-31T08:45:00Z,2026-08-31T10:45:00+0200,8941.804,MW,NL,NL,forecast_load,Forecasted Load,2026-09-04T14:45:39Z
2026-09-04T14:45:09Z,2026-09-04T16:45:09+0200,8952467a-fca4-4f59-8ae6-677e671a7665,2026-08-31T09:00:00Z,2026-08-31T11:00:00+0200,8747.251,MW,NL,NL,forecast_load,Forecasted Load,2026-09-04T14:45:39Z
2026-09-04T14:45:09Z,2026-09-04T16:45:09+0200,8952467a-fca4-4f59-8ae6-677e671a7665,2026-08-31T09:15:00Z,2026-08-31T11:15:00+0200,8691.811,MW,NL,NL,forecast_load,Forecasted Load,2026-09-04T14:45:39Z
2026-09-04T14:45:09Z,2026-09-04T16:45:09+0200,8952467a-fca4-4f59-8ae6-677e671a7665,2026-08-31T09:30:00Z,2026-08-31T11:30:00+0200,8575.553,MW,NL,NL,forecast_load,Forecasted Load,2026-09-04T14:45:39Z
2026-09-04T14:45:09Z,2026-09-04T16:45:09+0200,8952467a-fca4-4f59-8ae6-677e671a7665,2026-08-31T09:45:00Z,2026-08-31T11:45:00+0200,8403.576,MW,NL,NL,forecast_load,Forecasted Load,2026-09-04T14:45:39Z
2026-09-04T14:45:09Z,2026-09-04T16:45:09+0200,8952467a-fca4-4f59-8ae6-677e671a7665,2026-08-31T10:00:00Z,2026-08-31T12:00:00+0200,8406.661,MW,NL,NL,forecast_load,Forecasted Load,2026-09-04T14:45:39Z
2026-09-04T14:45:09Z,2026-09-04T16:45:09+0200,8952467a-fca4-4f59-8ae6-677e671a7665,2026-08-31T10:15:00Z,2026-08-31T12:15:00+0200,8454.187,MW,NL,NL,forecast_load,Forecasted Load,2026-09-04T14:45:39Z
2026-09-04T14:45:09Z,2026-09-04T16:45:09+0200,8952467a-fca4-4f59-8ae6-677e671a7665,2026-08-31T10:30:00Z,2026-08-31T12:30:00+0200,8473.378,MW,NL,NL,forecast_load,Forecasted Load,2026-09-04T14:45:39Z
2026-09-04T14:45:09Z,2026-09-04T16:45:09+0200,8952467a-fca4-4f59-8ae6-677e671a7665,2026-08-31T10:45:00Z,2026-08-31T12:45:00+0200,8291.76,MW,NL,NL,forecast_load,Forecasted Load,2026-09-04T14:45:39Z
2026-09-04T14:45:09Z,2026-09-04T16:45:09+0200,8952467a-fca4-4f59-8ae6-677e671a7665,2026-08-31T11:00:00Z,2026-08-31T13:00:00+0200,8324.005,MW,NL,NL,forecast_load,Forecasted Load,2026-09-04T14:45:39Z
2026-09-04T14:45:09Z,2026-09-04T16:45:09+0200,8952467a-fca4-4f59-8ae6-677e671a7665,2026-08-31T11:15:00Z,2026-08-31T13:15:00+0200,8442.703,MW,NL,NL,forecast_load,Forecasted Load,2026-09-04T14:45:39Z
2026-09-04T14:45:09Z,2026-09-04T16:45:09+0200,8952467a-fca4-4f59-8ae6-677e671a7665,2026-08-31T11:30:00Z,2026-08-31T13:30:00+0200,8399.75,MW,NL,NL,forecast_load,Forecasted Load,2026-09-04T14:45:39Z
2026-09-04T14:45:09Z,2026-09-04T16:45:09+0200,8952467a-fca4-4f59-8ae6-677e671a7665,2026-08-31T11:45:00Z,2026-08-31T13:45:00+0200,8246.93,MW,NL,NL,forecast_load,Forecasted Load,2026-09-04T14:45:39Z
2026-09-04T14:45:09Z,2026-09-04T16:45:09+0200,8952467a-fca4-4f59-8ae6-677e671a7665,2026-08-31T12:00:00Z,2026-08-31T14:00:00+0200,8100.445,MW,NL,NL,forecast_load,Forecasted Load,2026-09-04T14:45:39Z
2026-09-04T14:45:09Z,2026-09-04T16:45:09+0200,8952467a-fca4-4f59-8ae6-677e671a7665,2026-08-31T12:15:00Z,2026-08-31T14:15:00+0200,7999.633,MW,NL,NL,forecast_load,Forecasted Load,2026-09-04T14:45:39Z
2026-09-04T14:45:09Z,2026-09-04T16:45:09+0200,8952467a-fca4-4f59-8ae6-677e671a7665,2026-08-31T12:30:00Z,2026-08-31T14:30:00+0200,7957.911,MW,NL,NL,forecast_load,Forecasted Load,2026-09-04T14:45:39Z
2026-09-04T14:45:09Z,2026-09-04T16:45:09+0200,8952467a-fca4-4f59-8ae6-677e671a7665,2026-08-31T12:45:00Z,2026-08-31T14:45:00+0200,7945.228,MW,NL,NL,forecast_load,Forecasted Load,2026-09-04T14:45:39Z
2026-09-04T14:45:09Z,2026-09-04T16:45:09+0200,8952467a-fca4-4f59-8ae6-677e671a7665,2026-08-31T13:00:00Z,2026-08-31T15:00:00+0200,7987.644,MW,NL,NL,forecast_load,Forecasted Load,2026-09-04T14:45:39Z
2026-09-04T14:45:09Z,2026-09-04T16:45:09+0200,8952467a-fca4-4f59-8ae6-677e671a7665,2026-08-31T13:15:00Z,2026-08-31T15:15:00+0200,8078.044,MW,NL,NL,forecast_load,Forecasted Load,2026-09-04T14:45:39Z
2026-09-04T14:45:09Z,2026-09-04T16:45:09+0200,8952467a-fca4-4f59-8ae6-677e671a7665,2026-08-31T13:30:00Z,2026-08-31T15:30:00+0200,8002.221,MW,NL,NL,forecast_load,Forecasted Load,2026-09-04T14:45:39Z
2026-09-04T14:45:09Z,2026-09-04T16:45:09+0200,8952467a-fca4-4f59-8ae6-677e671a7665,2026-08-31T13:45:00Z,2026-08-31T15:45:00+0200,8119.782,MW,NL,NL,forecast_load,Forecasted Load,2026-09-04T14:45:39Z
2026-09-04T14:45:09Z,2026-09-04T16:45:09+0200,8952467a-fca4-4f59-8ae6-677e671a7665,2026-08-31T14:00:00Z,2026-08-31T16:00:00+0200,8207.836,MW,NL,NL,forecast_load,Forecasted Load,2026-09-04T14:45:39Z
2026-09-04T14:45:09Z,2026-09-04T16:45:09+0200,8952467a-fca4-4f59-8ae6-677e671a7665,2026-08-31T14:15:00Z,2026-08-31T16:15:00+0200,8496.926,MW,NL,NL,forecast_load,Forecasted Load,2026-09-04T14:45:39Z
2026-09-04T14:45:09Z,2026-09-04T16:45:09+0200,8952467a-fca4-4f59-8ae6-677e671a7665,2026-08-31T14:30:00Z,2026-08-31T16:30:00+0200,8641.287,MW,NL,NL,forecast_load,Forecasted Load,2026-09-04T14:45:39Z
2026-09-04T14:45:09Z,2026-09-04T16:45:09+0200,8952467a-fca4-4f59-8ae6-677e671a7665,2026-08-31T14:45:00Z,2026-08-31T16:45:00+0200,8797.186,MW,NL,NL,forecast_load,Forecasted Load,2026-09-04T14:45:39Z
2026-09-04T14:45:09Z,2026-09-04T16:45:09+0200,8952467a-fca4-4f59-8ae6-677e671a7665,2026-08-31T15:00:00Z,2026-08-31T17:00:00+0200,8977.3,MW,NL,NL,forecast_load,Forecasted Load,2026-09-04T14:45:39Z
2026-09-04T14:45:09Z,2026-09-04T16:45:09+0200,8952467a-fca4-4f59-8ae6-677e671a7665,2026-08-31T15:15:00Z,2026-08-31T17:15:00+0200,9358.133,MW,NL,NL,forecast_load,Forecasted Load,2026-09-04T14:45:39Z
2026-09-04T14:45:09Z,2026-09-04T16:45:09+0200,8952467a-fca4-4f59-8ae6-677e671a7665,2026-08-31T15:30:00Z,2026-08-31T17:30:00+0200,9670.583,MW,NL,NL,forecast_load,Forecasted Load,2026-09-04T14:45:39Z
2026-09-04T14:45:09Z,2026-09-04T16:45:09+0200,8952467a-fca4-4f59-8ae6-677e671a7665,2026-08-31T15:45:00Z,2026-08-31T17:45:00+0200,9945.16,MW,NL,NL,forecast_load,Forecasted Load,2026-09-04T14:45:39Z
2026-09-04T14:45:09Z,2026-09-04T16:45:09+0200,8952467a-fca4-4f59-8ae6-677e671a7665,2026-08-31T16:00:00Z,2026-08-31T18:00:00+0200,10290.693,MW,NL,NL,forecast_load,Forecasted Load,2026-09-04T14:45:39Z
2026-09-04T14:45:09Z,2026-09-04T16:45:09+0200,8952467a-fca4-4f59-8ae6-677e671a7665,2026-08-31T16:15:00Z,2026-08-31T18:15:00+0200,10469.945,MW,NL,NL,forecast_load,Forecasted Load,2026-09-04T14:45:39Z
2026-09-04T14:45:09Z,2026-09-04T16:45:09+0200,8952467a-fca4-4f59-8ae6-677e671a7665,2026-08-31T16:30:00Z,2026-08-31T18:30:00+0200,10816.6,MW,NL,NL,forecast_load,Forecasted Load,2026-09-04T14:45:39Z
2026-09-04T14:45:09Z,2026-09-04T16:45:09+0200,8952467a-fca4-4f59-8ae6-677e671a7665,2026-08-31T16:45:00Z,2026-08-31T18:45:00+0200,11118.999,MW,NL,NL,forecast_load,Forecasted Load,2026-09-04T14:45:39Z
2026-09-04T14:45:09Z,2026-09-04T16:45:09+0200,8952467a-fca4-4f59-8ae6-677e671a7665,2026-08-31T17:00:00Z,2026-08-31T19:00:00+0200,11292.927,MW,NL,NL,forecast_load,Forecasted Load,2026-09-04T14:45:39Z
2026-09-04T14:45:09Z,2026-09-04T16:45:09+0200,8952467a-fca4-4f59-8ae6-677e671a7665,2026-08-31T17:15:00Z,2026-08-31T19:15:00+0200,11488.617,MW,NL,NL,forecast_load,Forecasted Load,2026-09-04T14:45:39Z
2026-09-04T14:45:09Z,2026-09-04T16:45:09+0200,8952467a-fca4-4f59-8ae6-677e671a7665,2026-08-31T17:30:00Z,2026-08-31T19:30:00+0200,11697.84,MW,NL,NL,forecast_load,Forecasted Load,2026-09-04T14:45:39Z
2026-09-04T14:45:09Z,2026-09-04T16:45:09+0200,8952467a-fca4-4f59-8ae6-677e671a7665,2026-08-31T17:45:00Z,2026-08-31T19:45:00+0200,11901.047,MW,NL,NL,forecast_load,Forecasted Load,2026-09-04T14:45:39Z
2026-09-04T14:45:09Z,2026-09-04T16:45:09+0200,8952467a-fca4-4f59-8ae6-677e671a7665,2026-08-31T18:00:00Z,2026-08-31T20:00:00+0200,11955.39,MW,NL,NL,forecast_load,Forecasted Load,2026-09-04T14:45:39Z
2026-09-04T14:45:09Z,2026-09-04T16:45:09+0200,8952467a-fca4-4f59-8ae6-677e671a7665,2026-08-31T18:15:00Z,2026-08-31T20:15:00+0200,12074.893,MW,NL,NL,forecast_load,Forecasted Load,2026-09-04T14:45:39Z
2026-09-04T14:45:09Z,2026-09-04T16:45:09+0200,8952467a-fca4-4f59-8ae6-677e671a7665,2026-08-31T18:30:00Z,2026-08-31T20:30:00+0200,12110.435,MW,NL,NL,forecast_load,Forecasted Load,2026-09-04T14:45:39Z
2026-09-04T14:45:09Z,2026-09-04T16:45:09+0200,8952467a-fca4-4f59-8ae6-677e671a7665,2026-08-31T18:45:00Z,2026-08-31T20:45:00+0200,12141.007,MW,NL,NL,forecast_load,Forecasted Load,2026-09-04T14:45:39Z
2026-09-04T14:45:09Z,2026-09-04T16:45:09+0200,8952467a-fca4-4f59-8ae6-677e671a7665,2026-08-31T19:00:00Z,2026-08-31T21:00:00+0200,12259.332,MW,NL,NL,forecast_load,Forecasted Load,2026-09-04T14:45:39Z
2026-09-04T14:45:09Z,2026-09-04T16:45:09+0200,8952467a-fca4-4f59-8ae6-677e671a7665,2026-08-31T19:15:00Z,2026-08-31T21:15:00+0200,12222.048,MW,NL,NL,forecast_load,Forecasted Load,2026-09-04T14:45:39Z
2026-09-04T14:45:09Z,2026-09-04T16:45:09+0200,8952467a-fca4-4f59-8ae6-677e671a7665,2026-08-31T19:30:00Z,2026-08-31T21:30:00+0200,12188.204,MW,NL,NL,forecast_load,Forecasted Load,2026-09-04T14:45:39Z
2026-09-04T14:45:09Z,2026-09-04T16:45:09+0200,8952467a-fca4-4f59-8ae6-677e671a7665,2026-08-31T19:45:00Z,2026-08-31T21:45:00+0200,12105.267,MW,NL,NL,forecast_load,Forecasted Load,2026-09-04T14:45:39Z
2026-09-04T14:45:09Z,2026-09-04T16:45:09+0200,8952467a-fca4-4f59-8ae6-677e671a7665,2026-08-31T20:00:00Z,2026-08-31T22:00:00+0200,12045.931,MW,NL,NL,forecast_load,Forecasted Load,2026-09-04T14:45:39Z
2026-09-04T14:45:09Z,2026-09-04T16:45:09+0200,8952467a-fca4-4f59-8ae6-677e671a7665,2026-08-31T20:15:00Z,2026-08-31T22:15:00+0200,11954.455,MW,NL,NL,forecast_load,Forecasted Load,2026-09-04T14:45:39Z
2026-09-04T14:45:09Z,2026-09-04T16:45:09+0200,8952467a-fca4-4f59-8ae6-677e671a7665,2026-08-31T20:30:00Z,2026-08-31T22:30:00+0200,11919.722,MW,NL,NL,forecast_load,Forecasted Load,2026-09-04T14:45:39Z
2026-09-04T14:45:09Z,2026-09-04T16:45:09+0200,8952467a-fca4-4f59-8ae6-677e671a7665,2026-08-31T20:45:00Z,2026-08-31T22:45:00+0200,11900.423,MW,NL,NL,forecast_load,Forecasted Load,2026-09-04T14:45:39Z
2026-09-04T14:45:09Z,2026-09-04T16:45:09+0200,8952467a-fca4-4f59-8ae6-677e671a7665,2026-08-31T21:00:00Z,2026-08-31T23:00:00+0200,11843.439,MW,NL,NL,forecast_load,Forecasted Load,2026-09-04T14:45:39Z
2026-09-04T14:45:09Z,2026-09-04T16:45:09+0200,8952467a-fca4-4f59-8ae6-677e671a7665,2026-08-31T21:15:00Z,2026-08-31T23:15:00+0200,11784.544,MW,NL,NL,forecast_load,Forecasted Load,2026-09-04T14:45:39Z
2026-09-04T14:45:09Z,2026-09-04T16:45:09+0200,8952467a-fca4-4f59-8ae6-677e671a7665,2026-08-31T21:30:00Z,2026-08-31T23:30:00+0200,11626.054,MW,NL,NL,forecast_load,Forecasted Load,2026-09-04T14:45:39Z
2026-09-04T14:45:09Z,2026-09-04T16:45:09+0200,8952467a-fca4-4f59-8ae6-677e671a7665,2026-08-31T21:45:00Z,2026-08-31T23:45:00+0200,11525.367,MW,NL,NL,forecast_load,Forecasted Load,2026-09-04T14:45:39Z
2026-09-04T14:45:09Z,2026-09-04T16:45:09+0200,8952467a-fca4-4f59-8ae6-677e671a7665,2026-08-31T22:00:00Z,2026-09-01T00:00:00+0200,11451.209,MW,NL,NL,forecast_load,Forecasted Load,2026-09-04T14:45:39Z
2026-09-04T14:45:09Z,2026-09-04T16:45:09+0200,8952467a-fca4-4f59-8ae6-677e671a7665,2026-08-31T22:15:00Z,2026-09-01T00:15:00+0200,11435.85,MW,NL,NL,forecast_load,Forecasted Load,2026-09-04T14:45:39Z
2026-09-04T14:45:09Z,2026-09-04T16:45:09+0200,8952467a-fca4-4f59-8ae6-677e671a7665,2026-08-31T22:30:00Z,2026-09-01T00:30:00+0200,11349.686,MW,NL,NL,forecast_load,Forecasted Load,2026-09-04T14:45:39Z
2026-09-04T14:45:09Z,2026-09-04T16:45:09+0200,8952467a-fca4-4f59-8ae6-677e671a7665,2026-08-31T22:45:00Z,2026-09-01T00:45:00+0200,11248.042,MW,NL,NL,forecast_load,Forecasted Load,2026-09-04T14:45:39Z
2026-09-04T14:45:09Z,2026-09-04T16:45:09+0200,8952467a-fca4-4f59-8ae6-677e671a7665,2026-08-31T23:00:00Z,2026-09-01T01:00:00+0200,11213.563,MW,NL,NL,forecast_load,Forecasted Load,2026-09-04T14:45:39Z
2026-09-04T14:45:09Z,2026-09-04T16:45:09+0200,8952467a-fca4-4f59-8ae6-677e671a7665,2026-08-31T23:15:00Z,2026-09-01T01:15:00+0200,11008.704,MW,NL,NL,forecast_load,Forecasted Load,2026-09-04T14:45:39Z
2026-09-04T14:45:09Z,2026-09-04T16:45:09+0200,8952467a-fca4-4f59-8ae6-677e671a7665,2026-08-31T23:30:00Z,2026-09-01T01:30:00+0200,10823.181,MW,NL,NL,forecast_load,Forecasted Load,2026-09-04T14:45:39Z
2026-09-04T14:45:09Z,2026-09-04T16:45:09+0200,8952467a-fca4-4f59-8ae6-677e671a7665,2026-08-31T23:45:00Z,2026-09-01T01:45:00+0200,10721.369,MW,NL,NL,forecast_load,Forecasted Load,2026-09-04T14:45:39Z
2026-09-04T14:45:09Z,2026-09-04T16:45:09+0200,8952467a-fca4-4f59-8ae6-677e671a7665,2026-09-01T00:00:00Z,2026-09-01T02:00:00+0200,10671.005,MW,NL,NL,forecast_load,Forecasted Load,2026-09-04T14:45:39Z
2026-09-04T14:45:09Z,2026-09-04T16:45:09+0200,8952467a-fca4-4f59-8ae6-677e671a7665,2026-09-01T00:15:00Z,2026-09-01T02:15:00+0200,10682.08,MW,NL,NL,forecast_load,Forecasted Load,2026-09-04T14:45:39Z
2026-09-04T14:45:09Z,2026-09-04T16:45:09+0200,8952467a-fca4-4f59-8ae6-677e671a7665,2026-09-01T00:30:00Z,2026-09-01T02:30:00+0200,10605.323,MW,NL,NL,forecast_load,Forecasted Load,2026-09-04T14:45:39Z
2026-09-04T14:45:09Z,2026-09-04T16:45:09+0200,8952467a-fca4-4f59-8ae6-677e671a7665,2026-09-01T00:45:00Z,2026-09-01T02:45:00+0200,10568.007,MW,NL,NL,forecast_load,Forecasted Load,2026-09-04T14:45:39Z
2026-09-04T14:45:09Z,2026-09-04T16:45:09+0200,8952467a-fca4-4f59-8ae6-677e671a7665,2026-09-01T01:00:00Z,2026-09-01T03:00:00+0200,10587.61,MW,NL,NL,forecast_load,Forecasted Load,2026-09-04T14:45:39Z
2026-09-04T14:45:09Z,2026-09-04T16:45:09+0200,8952467a-fca4-4f59-8ae6-677e671a7665,2026-09-01T01:15:00Z,2026-09-01T03:15:00+0200,10546.286,MW,NL,NL,forecast_load,Forecasted Load,2026-09-04T14:45:39Z
2026-09-04T14:45:09Z,2026-09-04T16:45:09+0200,8952467a-fca4-4f59-8ae6-677e671a7665,2026-09-01T01:30:00Z,2026-09-01T03:30:00+0200,10534.238,MW,NL,NL,forecast_load,Forecasted Load,2026-09-04T14:45:39Z
2026-09-04T14:45:09Z,2026-09-04T16:45:09+0200,8952467a-fca4-4f59-8ae6-677e671a7665,2026-09-01T01:45:00Z,2026-09-01T03:45:00+0200,10506.64,MW,NL,NL,forecast_load,Forecasted Load,2026-09-04T14:45:39Z
2026-09-04T14:45:09Z,2026-09-04T16:45:09+0200,8952467a-fca4-4f59-8ae6-677e671a7665,2026-09-01T02:00:00Z,2026-09-01T04:00:00+0200,10478.202,MW,NL,NL,forecast_load,Forecasted Load,2026-09-04T14:45:39Z
2026-09-04T14:45:09Z,2026-09-04T16:45:09+0200,8952467a-fca4-4f59-8ae6-677e671a7665,2026-09-01T02:15:00Z,2026-09-01T04:15:00+0200,10488.311,MW,NL,NL,forecast_load,Forecasted Load,2026-09-04T14:45:39Z
2026-09-04T14:45:09Z,2026-09-04T16:45:09+0200,8952467a-fca4-4f59-8ae6-677e671a7665,2026-09-01T02:30:00Z,2026-09-01T04:30:00+0200,10508.044,MW,NL,NL,forecast_load,Forecasted Load,2026-09-04T14:45:39Z
2026-09-04T14:45:09Z,2026-09-04T16:45:09+0200,8952467a-fca4-4f59-8ae6-677e671a7665,2026-09-01T02:45:00Z,2026-09-01T04:45:00+0200,10430.868,MW,NL,NL,forecast_load,Forecasted Load,2026-09-04T14:45:39Z
2026-09-04T14:45:09Z,2026-09-04T16:45:09+0200,8952467a-fca4-4f59-8ae6-677e671a7665,2026-09-01T03:00:00Z,2026-09-01T05:00:00+0200,10395.93,MW,NL,NL,forecast_load,Forecasted Load,2026-09-04T14:45:39Z
2026-09-04T14:45:09Z,2026-09-04T16:45:09+0200,8952467a-fca4-4f59-8ae6-677e671a7665,2026-09-01T03:15:00Z,2026-09-01T05:15:00+0200,10442.943,MW,NL,NL,forecast_load,Forecasted Load,2026-09-04T14:45:39Z
2026-09-04T14:45:09Z,2026-09-04T16:45:09+0200,8952467a-fca4-4f59-8ae6-677e671a7665,2026-09-01T03:30:00Z,2026-09-01T05:30:00+0200,10482.661,MW,NL,NL,forecast_load,Forecasted Load,2026-09-04T14:45:39Z
2026-09-04T14:45:09Z,2026-09-04T16:45:09+0200,8952467a-fca4-4f59-8ae6-677e671a7665,2026-09-01T03:45:00Z,2026-09-01T05:45:00+0200,10546.638,MW,NL,NL,forecast_load,Forecasted Load,2026-09-04T14:45:39Z
2026-09-04T14:45:09Z,2026-09-04T16:45:09+0200,8952467a-fca4-4f59-8ae6-677e671a7665,2026-09-01T04:00:00Z,2026-09-01T06:00:00+0200,10574.235,MW,NL,NL,forecast_load,Forecasted Load,2026-09-04T14:45:39Z
2026-09-04T14:45:09Z,2026-09-04T16:45:09+0200,8952467a-fca4-4f59-8ae6-677e671a7665,2026-09-01T04:15:00Z,2026-09-01T06:15:00+0200,10655.229,MW,NL,NL,forecast_load,Forecasted Load,2026-09-04T14:45:39Z
2026-09-04T14:45:09Z,2026-09-04T16:45:09+0200,8952467a-fca4-4f59-8ae6-677e671a7665,2026-09-01T04:30:00Z,2026-09-01T06:30:00+0200,10625.88,MW,NL,NL,forecast_load,Forecasted Load,2026-09-04T14:45:39Z
2026-09-04T14:45:09Z,2026-09-04T16:45:09+0200,8952467a-fca4-4f59-8ae6-677e671a7665,2026-09-01T04:45:00Z,2026-09-01T06:45:00+0200,10743.717,MW,NL,NL,forecast_load,Forecasted Load,2026-09-04T14:45:39Z
2026-09-04T14:45:09Z,2026-09-04T16:45:09+0200,8952467a-fca4-4f59-8ae6-677e671a7665,2026-09-01T05:00:00Z,2026-09-01T07:00:00+0200,11059.792,MW,NL,NL,forecast_load,Forecasted Load,2026-09-04T14:45:39Z
2026-09-04T14:45:09Z,2026-09-04T16:45:09+0200,8952467a-fca4-4f59-8ae6-677e671a7665,2026-09-01T05:15:00Z,2026-09-01T07:15:00+0200,11133.067,MW,NL,NL,forecast_load,Forecasted Load,2026-09-04T14:45:39Z
2026-09-04T14:45:09Z,2026-09-04T16:45:09+0200,8952467a-fca4-4f59-8ae6-677e671a7665,2026-09-01T05:30:00Z,2026-09-01T07:30:00+0200,11061.296,MW,NL,NL,forecast_load,Forecasted Load,2026-09-04T14:45:39Z
2026-09-04T14:45:09Z,2026-09-04T16:45:09+0200,8952467a-fca4-4f59-8ae6-677e671a7665,2026-09-01T05:45:00Z,2026-09-01T07:45:00+0200,11154.818,MW,NL,NL,forecast_load,Forecasted Load,2026-09-04T14:45:39Z
2026-09-04T14:45:09Z,2026-09-04T16:45:09+0200,8952467a-fca4-4f59-8ae6-677e671a7665,2026-09-01T06:00:00Z,2026-09-01T08:00:00+0200,11332.287,MW,NL,NL,forecast_load,Forecasted Load,2026-09-04T14:45:39Z
2026-09-04T14:45:09Z,2026-09-04T16:45:09+0200,8952467a-fca4-4f59-8ae6-677e671a7665,2026-09-01T06:15:00Z,2026-09-01T08:15:00+0200,11285.19,MW,NL,NL,forecast_load,Forecasted Load,2026-09-04T14:45:39Z
2026-09-04T14:45:09Z,2026-09-04T16:45:09+0200,8952467a-fca4-4f59-8ae6-677e671a7665,2026-09-01T06:30:00Z,2026-09-01T08:30:00+0200,11167.582,MW,NL,NL,forecast_load,Forecasted Load,2026-09-04T14:45:39Z
2026-09-04T14:45:09Z,2026-09-04T16:45:09+0200,8952467a-fca4-4f59-8ae6-677e671a7665,2026-09-01T06:45:00Z,2026-09-01T08:45:00+0200,11069.919,MW,NL,NL,forecast_load,Forecasted Load,2026-09-04T14:45:39Z
2026-09-04T14:45:09Z,2026-09-04T16:45:09+0200,8952467a-fca4-4f59-8ae6-677e671a7665,2026-09-01T07:00:00Z,2026-09-01T09:00:00+0200,10935.301,MW,NL,NL,forecast_load,Forecasted Load,2026-09-04T14:45:39Z
2026-09-04T14:45:09Z,2026-09-04T16:45:09+0200,8952467a-fca4-4f59-8ae6-677e671a7665,2026-09-01T07:15:00Z,2026-09-01T09:15:00+0200,10890.115,MW,NL,NL,forecast_load,Forecasted Load,2026-09-04T14:45:39Z
2026-09-04T14:45:09Z,2026-09-04T16:45:09+0200,8952467a-fca4-4f59-8ae6-677e671a7665,2026-09-01T07:30:00Z,2026-09-01T09:30:00+0200,10810.173,MW,NL,NL,forecast_load,Forecasted Load,2026-09-04T14:45:39Z
2026-09-04T14:45:09Z,2026-09-04T16:45:09+0200,8952467a-fca4-4f59-8ae6-677e671a7665,2026-09-01T07:45:00Z,2026-09-01T09:45:00+0200,10648.957,MW,NL,NL,forecast_load,Forecasted Load,2026-09-04T14:45:39Z
2026-09-04T14:45:09Z,2026-09-04T16:45:09+0200,8952467a-fca4-4f59-8ae6-677e671a7665,2026-09-01T08:00:00Z,2026-09-01T10:00:00+0200,10479.647,MW,NL,NL,forecast_load,Forecasted Load,2026-09-04T14:45:39Z
2026-09-04T14:45:09Z,2026-09-04T16:45:09+0200,8952467a-fca4-4f59-8ae6-677e671a7665,2026-09-01T08:15:00Z,2026-09-01T10:15:00+0200,10280.233,MW,NL,NL,forecast_load,Forecasted Load,2026-09-04T14:45:39Z
2026-09-04T14:45:09Z,2026-09-04T16:45:09+0200,8952467a-fca4-4f59-8ae6-677e671a7665,2026-09-01T08:30:00Z,2026-09-01T10:30:00+0200,10181.039,MW,NL,NL,forecast_load,Forecasted Load,2026-09-04T14:45:39Z
2026-09-04T14:45:09Z,2026-09-04T16:45:09+0200,8952467a-fca4-4f59-8ae6-677e671a7665,2026-09-01T08:45:00Z,2026-09-01T10:45:00+0200,10115.656,MW,NL,NL,forecast_load,Forecasted Load,2026-09-04T14:45:39Z
2026-09-04T14:45:09Z,2026-09-04T16:45:09+0200,8952467a-fca4-4f59-8ae6-677e671a7665,2026-09-01T09:00:00Z,2026-09-01T11:00:00+0200,9947.944,MW,NL,NL,forecast_load,Forecasted Load,2026-09-04T14:45:39Z
2026-09-04T14:45:09Z,2026-09-04T16:45:09+0200,8952467a-fca4-4f59-8ae6-677e671a7665,2026-09-01T09:15:00Z,2026-09-01T11:15:00+0200,9728.208,MW,NL,NL,forecast_load,Forecasted Load,2026-09-04T14:45:39Z
2026-09-04T14:45:09Z,2026-09-04T16:45:09+0200,8952467a-fca4-4f59-8ae6-677e671a7665,2026-09-01T09:30:00Z,2026-09-01T11:30:00+0200,9665.315,MW,NL,NL,forecast_load,Forecasted Load,2026-09-04T14:45:39Z
2026-09-04T14:45:09Z,2026-09-04T16:45:09+0200,8952467a-fca4-4f59-8ae6-677e671a7665,2026-09-01T09:45:00Z,2026-09-01T11:45:00+0200,9640.306,MW,NL,NL,forecast_load,Forecasted Load,2026-09-04T14:45:39Z
2026-09-04T14:45:09Z,2026-09-04T16:45:09+0200,8952467a-fca4-4f59-8ae6-677e671a7665,2026-09-01T10:00:00Z,2026-09-01T12:00:00+0200,9640.341,MW,NL,NL,forecast_load,Forecasted Load,2026-09-04T14:45:39Z
2026-09-04T14:45:09Z,2026-09-04T16:45:09+0200,8952467a-fca4-4f59-8ae6-677e671a7665,2026-09-01T10:15:00Z,2026-09-01T12:15:00+0200,9490.592,MW,NL,NL,forecast_load,Forecasted Load,2026-09-04T14:45:39Z
2026-09-04T14:45:09Z,2026-09-04T16:45:09+0200,8952467a-fca4-4f59-8ae6-677e671a7665,2026-09-01T10:30:00Z,2026-09-01T12:30:00+0200,9222.103,MW,NL,NL,forecast_load,Forecasted Load,2026-09-04T14:45:39Z
2026-09-04T14:45:09Z,2026-09-04T16:45:09+0200,8952467a-fca4-4f59-8ae6-677e671a7665,2026-09-01T10:45:00Z,2026-09-01T12:45:00+0200,9388.986,MW,NL,NL,forecast_load,Forecasted Load,2026-09-04T14:45:39Z
2026-09-04T14:45:09Z,2026-09-04T16:45:09+0200,8952467a-fca4-4f59-8ae6-677e671a7665,2026-09-01T11:00:00Z,2026-09-01T13:00:00+0200,9282.135,MW,NL,NL,forecast_load,Forecasted Load,2026-09-04T14:45:39Z
2026-09-04T14:45:09Z,2026-09-04T16:45:09+0200,8952467a-fca4-4f59-8ae6-677e671a7665,2026-09-01T11:15:00Z,2026-09-01T13:15:00+0200,9357.716,MW,NL,NL,forecast_load,Forecasted Load,2026-09-04T14:45:39Z
2026-09-04T14:45:09Z,2026-09-04T16:45:09+0200,8952467a-fca4-4f59-8ae6-677e671a7665,2026-09-01T11:30:00Z,2026-09-01T13:30:00+0200,9322.799,MW,NL,NL,forecast_load,Forecasted Load,2026-09-04T14:45:39Z
2026-09-04T14:45:09Z,2026-09-04T16:45:09+0200,8952467a-fca4-4f59-8ae6-677e671a7665,2026-09-01T11:45:00Z,2026-09-01T13:45:00+0200,9373.688,MW,NL,NL,forecast_load,Forecasted Load,2026-09-04T14:45:39Z
2026-09-04T14:45:09Z,2026-09-04T16:45:09+0200,8952467a-fca4-4f59-8ae6-677e671a7665,2026-09-01T12:00:00Z,2026-09-01T14:00:00+0200,9457.8,MW,NL,NL,forecast_load,Forecasted Load,2026-09-04T14:45:39Z
2026-09-04T14:45:09Z,2026-09-04T16:45:09+0200,8952467a-fca4-4f59-8ae6-677e671a7665,2026-09-01T12:15:00Z,2026-09-01T14:15:00+0200,9459.395,MW,NL,NL,forecast_load,Forecasted Load,2026-09-04T14:45:39Z
2026-09-04T14:45:09Z,2026-09-04T16:45:09+0200,8952467a-fca4-4f59-8ae6-677e671a7665,2026-09-01T12:30:00Z,2026-09-01T14:30:00+0200,9507.207,MW,NL,NL,forecast_load,Forecasted Load,2026-09-04T14:45:39Z
2026-09-04T14:45:09Z,2026-09-04T16:45:09+0200,8952467a-fca4-4f59-8ae6-677e671a7665,2026-09-01T12:45:00Z,2026-09-01T14:45:00+0200,9524.583,MW,NL,NL,forecast_load,Forecasted Load,2026-09-04T14:45:39Z
2026-09-04T14:45:09Z,2026-09-04T16:45:09+0200,8952467a-fca4-4f59-8ae6-677e671a7665,2026-09-01T13:00:00Z,2026-09-01T15:00:00+0200,9658.354,MW,NL,NL,forecast_load,Forecasted Load,2026-09-04T14:45:39Z
2026-09-04T14:45:09Z,2026-09-04T16:45:09+0200,8952467a-fca4-4f59-8ae6-677e671a7665,2026-09-01T13:15:00Z,2026-09-01T15:15:00+0200,9718.704,MW,NL,NL,forecast_load,Forecasted Load,2026-09-04T14:45:39Z
2026-09-04T14:45:09Z,2026-09-04T16:45:09+0200,8952467a-fca4-4f59-8ae6-677e671a7665,2026-09-01T13:30:00Z,2026-09-01T15:30:00+0200,9757.664,MW,NL,NL,forecast_load,Forecasted Load,2026-09-04T14:45:39Z
2026-09-04T14:45:09Z,2026-09-04T16:45:09+0200,8952467a-fca4-4f59-8ae6-677e671a7665,2026-09-01T13:45:00Z,2026-09-01T15:45:00+0200,9752.078,MW,NL,NL,forecast_load,Forecasted Load,2026-09-04T14:45:39Z
2026-09-04T14:45:09Z,2026-09-04T16:45:09+0200,8952467a-fca4-4f59-8ae6-677e671a7665,2026-09-01T14:00:00Z,2026-09-01T16:00:00+0200,9813.95,MW,NL,NL,forecast_load,Forecasted Load,2026-09-04T14:45:39Z
2026-09-04T14:45:09Z,2026-09-04T16:45:09+0200,8952467a-fca4-4f59-8ae6-677e671a7665,2026-09-01T14:15:00Z,2026-09-01T16:15:00+0200,10014.924,MW,NL,NL,forecast_load,Forecasted Load,2026-09-04T14:45:39Z
2026-09-04T14:45:09Z,2026-09-04T16:45:09+0200,8952467a-fca4-4f59-8ae6-677e671a7665,2026-09-01T14:30:00Z,2026-09-01T16:30:00+0200,10010.027,MW,NL,NL,forecast_load,Forecasted Load,2026-09-04T14:45:39Z
2026-09-04T14:45:09Z,2026-09-04T16:45:09+0200,8952467a-fca4-4f59-8ae6-677e671a7665,2026-09-01T14:45:00Z,2026-09-01T16:45:00+0200,10119.716,MW,NL,NL,forecast_load,Forecasted Load,2026-09-04T14:45:39Z
2026-09-04T14:45:09Z,2026-09-04T16:45:09+0200,8952467a-fca4-4f59-8ae6-677e671a7665,2026-09-01T15:00:00Z,2026-09-01T17:00:00+0200,10259.682,MW,NL,NL,forecast_load,Forecasted Load,2026-09-04T14:45:39Z
2026-09-04T14:45:09Z,2026-09-04T16:45:09+0200,8952467a-fca4-4f59-8ae6-677e671a7665,2026-09-01T15:15:00Z,2026-09-01T17:15:00+0200,10585.622,MW,NL,NL,forecast_load,Forecasted Load,2026-09-04T14:45:39Z
2026-09-04T14:45:09Z,2026-09-04T16:45:09+0200,8952467a-fca4-4f59-8ae6-677e671a7665,2026-09-01T15:30:00Z,2026-09-01T17:30:00+0200,10801.699,MW,NL,NL,forecast_load,Forecasted Load,2026-09-04T14:45:39Z
2026-09-04T14:45:09Z,2026-09-04T16:45:09+0200,8952467a-fca4-4f59-8ae6-677e671a7665,2026-09-01T15:45:00Z,2026-09-01T17:45:00+0200,11183.348,MW,NL,NL,forecast_load,Forecasted Load,2026-09-04T14:45:39Z
2026-09-04T14:45:09Z,2026-09-04T16:45:09+0200,8952467a-fca4-4f59-8ae6-677e671a7665,2026-09-01T16:00:00Z,2026-09-01T18:00:00+0200,11484.993,MW,NL,NL,forecast_load,Forecasted Load,2026-09-04T14:45:39Z
2026-09-04T14:45:09Z,2026-09-04T16:45:09+0200,8952467a-fca4-4f59-8ae6-677e671a7665,2026-09-01T16:15:00Z,2026-09-01T18:15:00+0200,11519.726,MW,NL,NL,forecast_load,Forecasted Load,2026-09-04T14:45:39Z
2026-09-04T14:45:09Z,2026-09-04T16:45:09+0200,8952467a-fca4-4f59-8ae6-677e671a7665,2026-09-01T16:30:00Z,2026-09-01T18:30:00+0200,11751.98,MW,NL,NL,forecast_load,Forecasted Load,2026-09-04T14:45:39Z
2026-09-04T14:45:09Z,2026-09-04T16:45:09+0200,8952467a-fca4-4f59-8ae6-677e671a7665,2026-09-01T16:45:00Z,2026-09-01T18:45:00+0200,12044.338,MW,NL,NL,forecast_load,Forecasted Load,2026-09-04T14:45:39Z
2026-09-04T14:45:09Z,2026-09-04T16:45:09+0200,8952467a-fca4-4f59-8ae6-677e671a7665,2026-09-01T17:00:00Z,2026-09-01T19:00:00+0200,12161.742,MW,NL,NL,forecast_load,Forecasted Load,2026-09-04T14:45:39Z
2026-09-04T14:45:09Z,2026-09-04T16:45:09+0200,8952467a-fca4-4f59-8ae6-677e671a7665,2026-09-01T17:15:00Z,2026-09-01T19:15:00+0200,12249.881,MW,NL,NL,forecast_load,Forecasted Load,2026-09-04T14:45:39Z
2026-09-04T14:45:09Z,2026-09-04T16:45:09+0200,8952467a-fca4-4f59-8ae6-677e671a7665,2026-09-01T17:30:00Z,2026-09-01T19:30:00+0200,12381.287,MW,NL,NL,forecast_load,Forecasted Load,2026-09-04T14:45:39Z
2026-09-04T14:45:09Z,2026-09-04T16:45:09+0200,8952467a-fca4-4f59-8ae6-677e671a7665,2026-09-01T17:45:00Z,2026-09-01T19:45:00+0200,12541.96,MW,NL,NL,forecast_load,Forecasted Load,2026-09-04T14:45:39Z
2026-09-04T14:45:09Z,2026-09-04T16:45:09+0200,8952467a-fca4-4f59-8ae6-677e671a7665,2026-09-01T18:00:00Z,2026-09-01T20:00:00+0200,12557.487,MW,NL,NL,forecast_load,Forecasted Load,2026-09-04T14:45:39Z
2026-09-04T14:45:09Z,2026-09-04T16:45:09+0200,8952467a-fca4-4f59-8ae6-677e671a7665,2026-09-01T18:15:00Z,2026-09-01T20:15:00+0200,12723.157,MW,NL,NL,forecast_load,Forecasted Load,2026-09-04T14:45:39Z
2026-09-04T14:45:09Z,2026-09-04T16:45:09+0200,8952467a-fca4-4f59-8ae6-677e671a7665,2026-09-01T18:30:00Z,2026-09-01T20:30:00+0200,12874.021,MW,NL,NL,forecast_load,Forecasted Load,2026-09-04T14:45:39Z
2026-09-04T14:45:09Z,2026-09-04T16:45:09+0200,8952467a-fca4-4f59-8ae6-677e671a7665,2026-09-01T18:45:00Z,2026-09-01T20:45:00+0200,13031.293,MW,NL,NL,forecast_load,Forecasted Load,2026-09-04T14:45:39Z
2026-09-04T14:45:09Z,2026-09-04T16:45:09+0200,8952467a-fca4-4f59-8ae6-677e671a7665,2026-09-01T19:00:00Z,2026-09-01T21:00:00+0200,13160.178,MW,NL,NL,forecast_load,Forecasted Load,2026-09-04T14:45:39Z
2026-09-04T14:45:09Z,2026-09-04T16:45:09+0200,8952467a-fca4-4f59-8ae6-677e671a7665,2026-09-01T19:15:00Z,2026-09-01T21:15:00+0200,13166.721,MW,NL,NL,forecast_load,Forecasted Load,2026-09-04T14:45:39Z
2026-09-04T14:45:09Z,2026-09-04T16:45:09+0200,8952467a-fca4-4f59-8ae6-677e671a7665,2026-09-01T19:30:00Z,2026-09-01T21:30:00+0200,13183.818,MW,NL,NL,forecast_load,Forecasted Load,2026-09-04T14:45:39Z
2026-09-04T14:45:09Z,2026-09-04T16:45:09+0200,8952467a-fca4-4f59-8ae6-677e671a7665,2026-09-01T19:45:00Z,2026-09-01T21:45:00+0200,13101.116,MW,NL,NL,forecast_load,Forecasted Load,2026-09-04T14:45:39Z
2026-09-04T14:45:09Z,2026-09-04T16:45:09+0200,8952467a-fca4-4f59-8ae6-677e671a7665,2026-09-01T20:00:00Z,2026-09-01T22:00:00+0200,13062.195,MW,NL,NL,forecast_load,Forecasted Load,2026-09-04T14:45:39Z
2026-09-04T14:45:09Z,2026-09-04T16:45:09+0200,8952467a-fca4-4f59-8ae6-677e671a7665,2026-09-01T20:15:00Z,2026-09-01T22:15:00+0200,12978.098,MW,NL,NL,forecast_load,Forecasted Load,2026-09-04T14:45:39Z
2026-09-04T14:45:09Z,2026-09-04T16:45:09+0200,8952467a-fca4-4f59-8ae6-677e671a7665,2026-09-01T20:30:00Z,2026-09-01T22:30:00+0200,12886.46,MW,NL,NL,forecast_load,Forecasted Load,2026-09-04T14:45:39Z
2026-09-04T14:45:09Z,2026-09-04T16:45:09+0200,8952467a-fca4-4f59-8ae6-677e671a7665,2026-09-01T20:45:00Z,2026-09-01T22:45:00+0200,12713.298,MW,NL,NL,forecast_load,Forecasted Load,2026-09-04T14:45:39Z
2026-09-04T14:45:09Z,2026-09-04T16:45:09+0200,8952467a-fca4-4f59-8ae6-677e671a7665,2026-09-01T21:00:00Z,2026-09-01T23:00:00+0200,12681.643,MW,NL,NL,forecast_load,Forecasted Load,2026-09-04T14:45:39Z
2026-09-04T14:45:09Z,2026-09-04T16:45:09+0200,8952467a-fca4-4f59-8ae6-677e671a7665,2026-09-01T21:15:00Z,2026-09-01T23:15:00+0200,12620.075,MW,NL,NL,forecast_load,Forecasted Load,2026-09-04T14:45:39Z
2026-09-04T14:45:09Z,2026-09-04T16:45:09+0200,8952467a-fca4-4f59-8ae6-677e671a7665,2026-09-01T21:30:00Z,2026-09-01T23:30:00+0200,12557.065,MW,NL,NL,forecast_load,Forecasted Load,2026-09-04T14:45:39Z
2026-09-04T14:45:09Z,2026-09-04T16:45:09+0200,8952467a-fca4-4f59-8ae6-677e671a7665,2026-09-01T21:45:00Z,2026-09-01T23:45:00+0200,12507.002,MW,NL,NL,forecast_load,Forecasted Load,2026-09-04T14:45:39Z
2026-09-04T14:45:09Z,2026-09-04T16:45:09+0200,8952467a-fca4-4f59-8ae6-677e671a7665,2026-09-01T22:00:00Z,2026-09-02T00:00:00+0200,12324.999,MW,NL,NL,forecast_load,Forecasted Load,2026-09-04T14:45:39Z
2026-09-04T14:45:09Z,2026-09-04T16:45:09+0200,8952467a-fca4-4f59-8ae6-677e671a7665,2026-09-01T22:15:00Z,2026-09-02T00:15:00+0200,12203.963,MW,NL,NL,forecast_load,Forecasted Load,2026-09-04T14:45:39Z
2026-09-04T14:45:09Z,2026-09-04T16:45:09+0200,8952467a-fca4-4f59-8ae6-677e671a7665,2026-09-01T22:30:00Z,2026-09-02T00:30:00+0200,11986.366,MW,NL,NL,forecast_load,Forecasted Load,2026-09-04T14:45:39Z
2026-09-04T14:45:09Z,2026-09-04T16:45:09+0200,8952467a-fca4-4f59-8ae6-677e671a7665,2026-09-01T22:45:00Z,2026-09-02T00:45:00+0200,11736.938,MW,NL,NL,forecast_load,Forecasted Load,2026-09-04T14:45:39Z
2026-09-04T14:45:09Z,2026-09-04T16:45:09+0200,8952467a-fca4-4f59-8ae6-677e671a7665,2026-09-01T23:00:00Z,2026-09-02T01:00:00+0200,11606.279,MW,NL,NL,forecast_load,Forecasted Load,2026-09-04T14:45:39Z
2026-09-04T14:45:09Z,2026-09-04T16:45:09+0200,8952467a-fca4-4f59-8ae6-677e671a7665,2026-09-01T23:15:00Z,2026-09-02T01:15:00+0200,11442.083,MW,NL,NL,forecast_load,Forecasted Load,2026-09-04T14:45:39Z
2026-09-04T14:45:09Z,2026-09-04T16:45:09+0200,8952467a-fca4-4f59-8ae6-677e671a7665,2026-09-01T23:30:00Z,2026-09-02T01:30:00+0200,11366.719,MW,NL,NL,forecast_load,Forecasted Load,2026-09-04T14:45:39Z
2026-09-04T14:45:09Z,2026-09-04T16:45:09+0200,8952467a-fca4-4f59-8ae6-677e671a7665,2026-09-01T23:45:00Z,2026-09-02T01:45:00+0200,11242.459,MW,NL,NL,forecast_load,Forecasted Load,2026-09-04T14:45:39Z
2026-09-04T14:45:09Z,2026-09-04T16:45:09+0200,8952467a-fca4-4f59-8ae6-677e671a7665,2026-09-02T00:00:00Z,2026-09-02T02:00:00+0200,11253.261,MW,NL,NL,forecast_load,Forecasted Load,2026-09-04T14:45:39Z
2026-09-04T14:45:09Z,2026-09-04T16:45:09+0200,8952467a-fca4-4f59-8ae6-677e671a7665,2026-09-02T00:15:00Z,2026-09-02T02:15:00+0200,11208.014,MW,NL,NL,forecast_load,Forecasted Load,2026-09-04T14:45:39Z
2026-09-04T14:45:09Z,2026-09-04T16:45:09+0200,8952467a-fca4-4f59-8ae6-677e671a7665,2026-09-02T00:30:00Z,2026-09-02T02:30:00+0200,11118.19,MW,NL,NL,forecast_load,Forecasted Load,2026-09-04T14:45:39Z
2026-09-04T14:45:09Z,2026-09-04T16:45:09+0200,8952467a-fca4-4f59-8ae6-677e671a7665,2026-09-02T00:45:00Z,2026-09-02T02:45:00+0200,11048.427,MW,NL,NL,forecast_load,Forecasted Load,2026-09-04T14:45:39Z
2026-09-04T14:45:09Z,2026-09-04T16:45:09+0200,8952467a-fca4-4f59-8ae6-677e671a7665,2026-09-02T01:00:00Z,2026-09-02T03:00:00+0200,11010.551,MW,NL,NL,forecast_load,Forecasted Load,2026-09-04T14:45:39Z
2026-09-04T14:45:09Z,2026-09-04T16:45:09+0200,8952467a-fca4-4f59-8ae6-677e671a7665,2026-09-02T01:15:00Z,2026-09-02T03:15:00+0200,11050.579,MW,NL,NL,forecast_load,Forecasted Load,2026-09-04T14:45:39Z
2026-09-04T14:45:09Z,2026-09-04T16:45:09+0200,8952467a-fca4-4f59-8ae6-677e671a7665,2026-09-02T01:30:00Z,2026-09-02T03:30:00+0200,10982.452,MW,NL,NL,forecast_load,Forecasted Load,2026-09-04T14:45:39Z
2026-09-04T14:45:09Z,2026-09-04T16:45:09+0200,8952467a-fca4-4f59-8ae6-677e671a7665,2026-09-02T01:45:00Z,2026-09-02T03:45:00+0200,10954.579,MW,NL,NL,forecast_load,Forecasted Load,2026-09-04T14:45:39Z
2026-09-04T14:45:09Z,2026-09-04T16:45:09+0200,8952467a-fca4-4f59-8ae6-677e671a7665,2026-09-02T02:00:00Z,2026-09-02T04:00:00+0200,10956.941,MW,NL,NL,forecast_load,Forecasted Load,2026-09-04T14:45:39Z
2026-09-04T14:45:09Z,2026-09-04T16:45:09+0200,8952467a-fca4-4f59-8ae6-677e671a7665,2026-09-02T02:15:00Z,2026-09-02T04:15:00+0200,10946.21,MW,NL,NL,forecast_load,Forecasted Load,2026-09-04T14:45:39Z
2026-09-04T14:45:09Z,2026-09-04T16:45:09+0200,8952467a-fca4-4f59-8ae6-677e671a7665,2026-09-02T02:30:00Z,2026-09-02T04:30:00+0200,10823.903,MW,NL,NL,forecast_load,Forecasted Load,2026-09-04T14:45:39Z
2026-09-04T14:45:09Z,2026-09-04T16:45:09+0200,8952467a-fca4-4f59-8ae6-677e671a7665,2026-09-02T02:45:00Z,2026-09-02T04:45:00+0200,10770.756,MW,NL,NL,forecast_load,Forecasted Load,2026-09-04T14:45:39Z
2026-09-04T14:45:09Z,2026-09-04T16:45:09+0200,8952467a-fca4-4f59-8ae6-677e671a7665,2026-09-02T03:00:00Z,2026-09-02T05:00:00+0200,10786.775,MW,NL,NL,forecast_load,Forecasted Load,2026-09-04T14:45:39Z
2026-09-04T14:45:09Z,2026-09-04T16:45:09+0200,8952467a-fca4-4f59-8ae6-677e671a7665,2026-09-02T03:15:00Z,2026-09-02T05:15:00+0200,10772.627,MW,NL,NL,forecast_load,Forecasted Load,2026-09-04T14:45:39Z
2026-09-04T14:45:09Z,2026-09-04T16:45:09+0200,8952467a-fca4-4f59-8ae6-677e671a7665,2026-09-02T03:30:00Z,2026-09-02T05:30:00+0200,10830.372,MW,NL,NL,forecast_load,Forecasted Load,2026-09-04T14:45:39Z
2026-09-04T14:45:09Z,2026-09-04T16:45:09+0200,8952467a-fca4-4f59-8ae6-677e671a7665,2026-09-02T03:45:00Z,2026-09-02T05:45:00+0200,10979.411,MW,NL,NL,forecast_load,Forecasted Load,2026-09-04T14:45:39Z
2026-09-04T14:45:09Z,2026-09-04T16:45:09+0200,8952467a-fca4-4f59-8ae6-677e671a7665,2026-09-02T04:00:00Z,2026-09-02T06:00:00+0200,11077.667,MW,NL,NL,forecast_load,Forecasted Load,2026-09-04T14:45:39Z
2026-09-04T14:45:09Z,2026-09-04T16:45:09+0200,8952467a-fca4-4f59-8ae6-677e671a7665,2026-09-02T04:15:00Z,2026-09-02T06:15:00+0200,11166.609,MW,NL,NL,forecast_load,Forecasted Load,2026-09-04T14:45:39Z
2026-09-04T14:45:09Z,2026-09-04T16:45:09+0200,8952467a-fca4-4f59-8ae6-677e671a7665,2026-09-02T04:30:00Z,2026-09-02T06:30:00+0200,11207.534,MW,NL,NL,forecast_load,Forecasted Load,2026-09-04T14:45:39Z
2026-09-04T14:45:09Z,2026-09-04T16:45:09+0200,8952467a-fca4-4f59-8ae6-677e671a7665,2026-09-02T04:45:00Z,2026-09-02T06:45:00+0200,11382.761,MW,NL,NL,forecast_load,Forecasted Load,2026-09-04T14:45:39Z
2026-09-04T14:45:09Z,2026-09-04T16:45:09+0200,8952467a-fca4-4f59-8ae6-677e671a7665,2026-09-02T05:00:00Z,2026-09-02T07:00:00+0200,11508.086,MW,NL,NL,forecast_load,Forecasted Load,2026-09-04T14:45:39Z
2026-09-04T14:45:09Z,2026-09-04T16:45:09+0200,8952467a-fca4-4f59-8ae6-677e671a7665,2026-09-02T05:15:00Z,2026-09-02T07:15:00+0200,11617.261,MW,NL,NL,forecast_load,Forecasted Load,2026-09-04T14:45:39Z
2026-09-04T14:45:09Z,2026-09-04T16:45:09+0200,8952467a-fca4-4f59-8ae6-677e671a7665,2026-09-02T05:30:00Z,2026-09-02T07:30:00+0200,11711.64,MW,NL,NL,forecast_load,Forecasted Load,2026-09-04T14:45:39Z
2026-09-04T14:45:09Z,2026-09-04T16:45:09+0200,8952467a-fca4-4f59-8ae6-677e671a7665,2026-09-02T05:45:00Z,2026-09-02T07:45:00+0200,11943.431,MW,NL,NL,forecast_load,Forecasted Load,2026-09-04T14:45:39Z
2026-09-04T14:45:09Z,2026-09-04T16:45:09+0200,8952467a-fca4-4f59-8ae6-677e671a7665,2026-09-02T06:00:00Z,2026-09-02T08:00:00+0200,12140.336,MW,NL,NL,forecast_load,Forecasted Load,2026-09-04T14:45:39Z
2026-09-04T14:45:09Z,2026-09-04T16:45:09+0200,8952467a-fca4-4f59-8ae6-677e671a7665,2026-09-02T06:15:00Z,2026-09-02T08:15:00+0200,12132.056,MW,NL,NL,forecast_load,Forecasted Load,2026-09-04T14:45:39Z
2026-09-04T14:45:09Z,2026-09-04T16:45:09+0200,8952467a-fca4-4f59-8ae6-677e671a7665,2026-09-02T06:30:00Z,2026-09-02T08:30:00+0200,12046.748,MW,NL,NL,forecast_load,Forecasted Load,2026-09-04T14:45:39Z
2026-09-04T14:45:09Z,2026-09-04T16:45:09+0200,8952467a-fca4-4f59-8ae6-677e671a7665,2026-09-02T06:45:00Z,2026-09-02T08:45:00+0200,11972.974,MW,NL,NL,forecast_load,Forecasted Load,2026-09-04T14:45:39Z
2026-09-04T14:45:09Z,2026-09-04T16:45:09+0200,8952467a-fca4-4f59-8ae6-677e671a7665,2026-09-02T07:00:00Z,2026-09-02T09:00:00+0200,11922.882,MW,NL,NL,forecast_load,Forecasted Load,2026-09-04T14:45:39Z
2026-09-04T14:45:09Z,2026-09-04T16:45:09+0200,8952467a-fca4-4f59-8ae6-677e671a7665,2026-09-02T07:15:00Z,2026-09-02T09:15:00+0200,11756.248,MW,NL,NL,forecast_load,Forecasted Load,2026-09-04T14:45:39Z
2026-09-04T14:45:09Z,2026-09-04T16:45:09+0200,8952467a-fca4-4f59-8ae6-677e671a7665,2026-09-02T07:30:00Z,2026-09-02T09:30:00+0200,11576.405,MW,NL,NL,forecast_load,Forecasted Load,2026-09-04T14:45:39Z
2026-09-04T14:45:09Z,2026-09-04T16:45:09+0200,8952467a-fca4-4f59-8ae6-677e671a7665,2026-09-02T07:45:00Z,2026-09-02T09:45:00+0200,11325.601,MW,NL,NL,forecast_load,Forecasted Load,2026-09-04T14:45:39Z
2026-09-04T14:45:09Z,2026-09-04T16:45:09+0200,8952467a-fca4-4f59-8ae6-677e671a7665,2026-09-02T08:00:00Z,2026-09-02T10:00:00+0200,11330.313,MW,NL,NL,forecast_load,Forecasted Load,2026-09-04T14:45:39Z
2026-09-04T14:45:09Z,2026-09-04T16:45:09+0200,8952467a-fca4-4f59-8ae6-677e671a7665,2026-09-02T08:15:00Z,2026-09-02T10:15:00+0200,11322.355,MW,NL,NL,forecast_load,Forecasted Load,2026-09-04T14:45:39Z
2026-09-04T14:45:09Z,2026-09-04T16:45:09+0200,8952467a-fca4-4f59-8ae6-677e671a7665,2026-09-02T08:30:00Z,2026-09-02T10:30:00+0200,11348.154,MW,NL,NL,forecast_load,Forecasted Load,2026-09-04T14:45:39Z
2026-09-04T14:45:09Z,2026-09-04T16:45:09+0200,8952467a-fca4-4f59-8ae6-677e671a7665,2026-09-02T08:45:00Z,2026-09-02T10:45:00+0200,11184.196,MW,NL,NL,forecast_load,Forecasted Load,2026-09-04T14:45:39Z
2026-09-04T14:45:09Z,2026-09-04T16:45:09+0200,8952467a-fca4-4f59-8ae6-677e671a7665,2026-09-02T09:00:00Z,2026-09-02T11:00:00+0200,10792.648,MW,NL,NL,forecast_load,Forecasted Load,2026-09-04T14:45:39Z
2026-09-04T14:45:09Z,2026-09-04T16:45:09+0200,8952467a-fca4-4f59-8ae6-677e671a7665,2026-09-02T09:15:00Z,2026-09-02T11:15:00+0200,10616.331,MW,NL,NL,forecast_load,Forecasted Load,2026-09-04T14:45:39Z
2026-09-04T14:45:09Z,2026-09-04T16:45:09+0200,8952467a-fca4-4f59-8ae6-677e671a7665,2026-09-02T09:30:00Z,2026-09-02T11:30:00+0200,10520.123,MW,NL,NL,forecast_load,Forecasted Load,2026-09-04T14:45:39Z
2026-09-04T14:45:09Z,2026-09-04T16:45:09+0200,8952467a-fca4-4f59-8ae6-677e671a7665,2026-09-02T09:45:00Z,2026-09-02T11:45:00+0200,10469.418,MW,NL,NL,forecast_load,Forecasted Load,2026-09-04T14:45:39Z
2026-09-04T14:45:09Z,2026-09-04T16:45:09+0200,8952467a-fca4-4f59-8ae6-677e671a7665,2026-09-02T10:00:00Z,2026-09-02T12:00:00+0200,10373.658,MW,NL,NL,forecast_load,Forecasted Load,2026-09-04T14:45:39Z
2026-09-04T14:45:09Z,2026-09-04T16:45:09+0200,8952467a-fca4-4f59-8ae6-677e671a7665,2026-09-02T10:15:00Z,2026-09-02T12:15:00+0200,10238.43,MW,NL,NL,forecast_load,Forecasted Load,2026-09-04T14:45:39Z
2026-09-04T14:45:09Z,2026-09-04T16:45:09+0200,8952467a-fca4-4f59-8ae6-677e671a7665,2026-09-02T10:30:00Z,2026-09-02T12:30:00+0200,10168.965,MW,NL,NL,forecast_load,Forecasted Load,2026-09-04T14:45:39Z
2026-09-04T14:45:09Z,2026-09-04T16:45:09+0200,8952467a-fca4-4f59-8ae6-677e671a7665,2026-09-02T10:45:00Z,2026-09-02T12:45:00+0200,10045.48,MW,NL,NL,forecast_load,Forecasted Load,2026-09-04T14:45:39Z
2026-09-04T14:45:09Z,2026-09-04T16:45:09+0200,8952467a-fca4-4f59-8ae6-677e671a7665,2026-09-02T11:00:00Z,2026-09-02T13:00:00+0200,10074.008,MW,NL,NL,forecast_load,Forecasted Load,2026-09-04T14:45:39Z
2026-09-04T14:45:09Z,2026-09-04T16:45:09+0200,8952467a-fca4-4f59-8ae6-677e671a7665,2026-09-02T11:15:00Z,2026-09-02T13:15:00+0200,9808.218,MW,NL,NL,forecast_load,Forecasted Load,2026-09-04T14:45:39Z
2026-09-04T14:45:09Z,2026-09-04T16:45:09+0200,8952467a-fca4-4f59-8ae6-677e671a7665,2026-09-02T11:30:00Z,2026-09-02T13:30:00+0200,9958.402,MW,NL,NL,forecast_load,Forecasted Load,2026-09-04T14:45:39Z
2026-09-04T14:45:09Z,2026-09-04T16:45:09+0200,8952467a-fca4-4f59-8ae6-677e671a7665,2026-09-02T11:45:00Z,2026-09-02T13:45:00+0200,9931.501,MW,NL,NL,forecast_load,Forecasted Load,2026-09-04T14:45:39Z
2026-09-04T14:45:09Z,2026-09-04T16:45:09+0200,8952467a-fca4-4f59-8ae6-677e671a7665,2026-09-02T12:00:00Z,2026-09-02T14:00:00+0200,9927.072,MW,NL,NL,forecast_load,Forecasted Load,2026-09-04T14:45:39Z
2026-09-04T14:45:09Z,2026-09-04T16:45:09+0200,8952467a-fca4-4f59-8ae6-677e671a7665,2026-09-02T12:15:00Z,2026-09-02T14:15:00+0200,9958.552,MW,NL,NL,forecast_load,Forecasted Load,2026-09-04T14:45:39Z
2026-09-04T14:45:09Z,2026-09-04T16:45:09+0200,8952467a-fca4-4f59-8ae6-677e671a7665,2026-09-02T12:30:00Z,2026-09-02T14:30:00+0200,9911.608,MW,NL,NL,forecast_load,Forecasted Load,2026-09-04T14:45:39Z
2026-09-04T14:45:09Z,2026-09-04T16:45:09+0200,8952467a-fca4-4f59-8ae6-677e671a7665,2026-09-02T12:45:00Z,2026-09-02T14:45:00+0200,9965.793,MW,NL,NL,forecast_load,Forecasted Load,2026-09-04T14:45:39Z
2026-09-04T14:45:09Z,2026-09-04T16:45:09+0200,8952467a-fca4-4f59-8ae6-677e671a7665,2026-09-02T13:00:00Z,2026-09-02T15:00:00+0200,10052.211,MW,NL,NL,forecast_load,Forecasted Load,2026-09-04T14:45:39Z
2026-09-04T14:45:09Z,2026-09-04T16:45:09+0200,8952467a-fca4-4f59-8ae6-677e671a7665,2026-09-02T13:15:00Z,2026-09-02T15:15:00+0200,10267.005,MW,NL,NL,forecast_load,Forecasted Load,2026-09-04T14:45:39Z
2026-09-04T14:45:09Z,2026-09-04T16:45:09+0200,8952467a-fca4-4f59-8ae6-677e671a7665,2026-09-02T13:30:00Z,2026-09-02T15:30:00+0200,10060.181,MW,NL,NL,forecast_load,Forecasted Load,2026-09-04T14:45:39Z
2026-09-04T14:45:09Z,2026-09-04T16:45:09+0200,8952467a-fca4-4f59-8ae6-677e671a7665,2026-09-02T13:45:00Z,2026-09-02T15:45:00+0200,10088.798,MW,NL,NL,forecast_load,Forecasted Load,2026-09-04T14:45:39Z
2026-09-04T14:45:09Z,2026-09-04T16:45:09+0200,8952467a-fca4-4f59-8ae6-677e671a7665,2026-09-02T14:00:00Z,2026-09-02T16:00:00+0200,10116.218,MW,NL,NL,forecast_load,Forecasted Load,2026-09-04T14:45:39Z
2026-09-04T14:45:09Z,2026-09-04T16:45:09+0200,8952467a-fca4-4f59-8ae6-677e671a7665,2026-09-02T14:15:00Z,2026-09-02T16:15:00+0200,10370.884,MW,NL,NL,forecast_load,Forecasted Load,2026-09-04T14:45:39Z
2026-09-04T14:45:09Z,2026-09-04T16:45:09+0200,8952467a-fca4-4f59-8ae6-677e671a7665,2026-09-02T14:30:00Z,2026-09-02T16:30:00+0200,10643.56,MW,NL,NL,forecast_load,Forecasted Load,2026-09-04T14:45:39Z
2026-09-04T14:45:09Z,2026-09-04T16:45:09+0200,8952467a-fca4-4f59-8ae6-677e671a7665,2026-09-02T14:45:00Z,2026-09-02T16:45:00+0200,10915.34,MW,NL,NL,forecast_load,Forecasted Load,2026-09-04T14:45:39Z
2026-09-04T14:45:09Z,2026-09-04T16:45:09+0200,8952467a-fca4-4f59-8ae6-677e671a7665,2026-09-02T15:00:00Z,2026-09-02T17:00:00+0200,11194.692,MW,NL,NL,forecast_load,Forecasted Load,2026-09-04T14:45:39Z
2026-09-04T14:45:09Z,2026-09-04T16:45:09+0200,8952467a-fca4-4f59-8ae6-677e671a7665,2026-09-02T15:15:00Z,2026-09-02T17:15:00+0200,11457.982,MW,NL,NL,forecast_load,Forecasted Load,2026-09-04T14:45:39Z
2026-09-04T14:45:09Z,2026-09-04T16:45:09+0200,8952467a-fca4-4f59-8ae6-677e671a7665,2026-09-02T15:30:00Z,2026-09-02T17:30:00+0200,11708.76,MW,NL,NL,forecast_load,Forecasted Load,2026-09-04T14:45:39Z
2026-09-04T14:45:09Z,2026-09-04T16:45:09+0200,8952467a-fca4-4f59-8ae6-677e671a7665,2026-09-02T15:45:00Z,2026-09-02T17:45:00+0200,11910.988,MW,NL,NL,forecast_load,Forecasted Load,2026-09-04T14:45:39Z
2026-09-04T14:45:09Z,2026-09-04T16:45:09+0200,8952467a-fca4-4f59-8ae6-677e671a7665,2026-09-02T16:00:00Z,2026-09-02T18:00:00+0200,11865.181,MW,NL,NL,forecast_load,Forecasted Load,2026-09-04T14:45:39Z
2026-09-04T14:45:09Z,2026-09-04T16:45:09+0200,8952467a-fca4-4f59-8ae6-677e671a7665,2026-09-02T16:15:00Z,2026-09-02T18:15:00+0200,11834.529,MW,NL,NL,forecast_load,Forecasted Load,2026-09-04T14:45:39Z
2026-09-04T14:45:09Z,2026-09-04T16:45:09+0200,8952467a-fca4-4f59-8ae6-677e671a7665,2026-09-02T16:30:00Z,2026-09-02T18:30:00+0200,12002.061,MW,NL,NL,forecast_load,Forecasted Load,2026-09-04T14:45:39Z
2026-09-04T14:45:09Z,2026-09-04T16:45:09+0200,8952467a-fca4-4f59-8ae6-677e671a7665,2026-09-02T16:45:00Z,2026-09-02T18:45:00+0200,12030.784,MW,NL,NL,forecast_load,Forecasted Load,2026-09-04T14:45:39Z
2026-09-04T14:45:09Z,2026-09-04T16:45:09+0200,8952467a-fca4-4f59-8ae6-677e671a7665,2026-09-02T17:00:00Z,2026-09-02T19:00:00+0200,12032.767,MW,NL,NL,forecast_load,Forecasted Load,2026-09-04T14:45:39Z
2026-09-04T14:45:09Z,2026-09-04T16:45:09+0200,8952467a-fca4-4f59-8ae6-677e671a7665,2026-09-02T17:15:00Z,2026-09-02T19:15:00+0200,12119.217,MW,NL,NL,forecast_load,Forecasted Load,2026-09-04T14:45:39Z
2026-09-04T14:45:09Z,2026-09-04T16:45:09+0200,8952467a-fca4-4f59-8ae6-677e671a7665,2026-09-02T17:30:00Z,2026-09-02T19:30:00+0200,12183.731,MW,NL,NL,forecast_load,Forecasted Load,2026-09-04T14:45:39Z
2026-09-04T14:45:09Z,2026-09-04T16:45:09+0200,8952467a-fca4-4f59-8ae6-677e671a7665,2026-09-02T17:45:00Z,2026-09-02T19:45:00+0200,12280.339,MW,NL,NL,forecast_load,Forecasted Load,2026-09-04T14:45:39Z
2026-09-04T14:45:09Z,2026-09-04T16:45:09+0200,8952467a-fca4-4f59-8ae6-677e671a7665,2026-09-02T18:00:00Z,2026-09-02T20:00:00+0200,12490.94,MW,NL,NL,forecast_load,Forecasted Load,2026-09-04T14:45:39Z
2026-09-04T14:45:09Z,2026-09-04T16:45:09+0200,8952467a-fca4-4f59-8ae6-677e671a7665,2026-09-02T18:15:00Z,2026-09-02T20:15:00+0200,12759.58,MW,NL,NL,forecast_load,Forecasted Load,2026-09-04T14:45:39Z
2026-09-04T14:45:09Z,2026-09-04T16:45:09+0200,8952467a-fca4-4f59-8ae6-677e671a7665,2026-09-02T18:30:00Z,2026-09-02T20:30:00+0200,12754.181,MW,NL,NL,forecast_load,Forecasted Load,2026-09-04T14:45:39Z
2026-09-04T14:45:09Z,2026-09-04T16:45:09+0200,8952467a-fca4-4f59-8ae6-677e671a7665,2026-09-02T18:45:00Z,2026-09-02T20:45:00+0200,12803.832,MW,NL,NL,forecast_load,Forecasted Load,2026-09-04T14:45:39Z
2026-09-04T14:45:09Z,2026-09-04T16:45:09+0200,8952467a-fca4-4f59-8ae6-677e671a7665,2026-09-02T19:00:00Z,2026-09-02T21:00:00+0200,13040.472,MW,NL,NL,forecast_load,Forecasted Load,2026-09-04T14:45:39Z
2026-09-04T14:45:09Z,2026-09-04T16:45:09+0200,8952467a-fca4-4f59-8ae6-677e671a7665,2026-09-02T19:15:00Z,2026-09-02T21:15:00+0200,13117.692,MW,NL,NL,forecast_load,Forecasted Load,2026-09-04T14:45:39Z
2026-09-04T14:45:09Z,2026-09-04T16:45:09+0200,8952467a-fca4-4f59-8ae6-677e671a7665,2026-09-02T19:30:00Z,2026-09-02T21:30:00+0200,13184.242,MW,NL,NL,forecast_load,Forecasted Load,2026-09-04T14:45:39Z
2026-09-04T14:45:09Z,2026-09-04T16:45:09+0200,8952467a-fca4-4f59-8ae6-677e671a7665,2026-09-02T19:45:00Z,2026-09-02T21:45:00+0200,13265.178,MW,NL,NL,forecast_load,Forecasted Load,2026-09-04T14:45:39Z
2026-09-04T14:45:09Z,2026-09-04T16:45:09+0200,8952467a-fca4-4f59-8ae6-677e671a7665,2026-09-02T20:00:00Z,2026-09-02T22:00:00+0200,13196.96,MW,NL,NL,forecast_load,Forecasted Load,2026-09-04T14:45:39Z
2026-09-04T14:45:09Z,2026-09-04T16:45:09+0200,8952467a-fca4-4f59-8ae6-677e671a7665,2026-09-02T20:15:00Z,2026-09-02T22:15:00+0200,13270.552,MW,NL,NL,forecast_load,Forecasted Load,2026-09-04T14:45:39Z
2026-09-04T14:45:09Z,2026-09-04T16:45:09+0200,8952467a-fca4-4f59-8ae6-677e671a7665,2026-09-02T20:30:00Z,2026-09-02T22:30:00+0200,13183.853,MW,NL,NL,forecast_load,Forecasted Load,2026-09-04T14:45:39Z
2026-09-04T14:45:09Z,2026-09-04T16:45:09+0200,8952467a-fca4-4f59-8ae6-677e671a7665,2026-09-02T20:45:00Z,2026-09-02T22:45:00+0200,13080.293,MW,NL,NL,forecast_load,Forecasted Load,2026-09-04T14:45:39Z
2026-09-04T14:45:09Z,2026-09-04T16:45:09+0200,8952467a-fca4-4f59-8ae6-677e671a7665,2026-09-02T21:00:00Z,2026-09-02T23:00:00+0200,12997.032,MW,NL,NL,forecast_load,Forecasted Load,2026-09-04T14:45:39Z
2026-09-04T14:45:09Z,2026-09-04T16:45:09+0200,8952467a-fca4-4f59-8ae6-677e671a7665,2026-09-02T21:15:00Z,2026-09-02T23:15:00+0200,12960.951,MW,NL,NL,forecast_load,Forecasted Load,2026-09-04T14:45:39Z
2026-09-04T14:45:09Z,2026-09-04T16:45:09+0200,8952467a-fca4-4f59-8ae6-677e671a7665,2026-09-02T21:30:00Z,2026-09-02T23:30:00+0200,12874.498,MW,NL,NL,forecast_load,Forecasted Load,2026-09-04T14:45:39Z
2026-09-04T14:45:09Z,2026-09-04T16:45:09+0200,8952467a-fca4-4f59-8ae6-677e671a7665,2026-09-02T21:45:00Z,2026-09-02T23:45:00+0200,12649.942,MW,NL,NL,forecast_load,Forecasted Load,2026-09-04T14:45:39Z
2026-09-04T14:45:09Z,2026-09-04T16:45:09+0200,8952467a-fca4-4f59-8ae6-677e671a7665,2026-09-02T22:00:00Z,2026-09-03T00:00:00+0200,12531.692,MW,NL,NL,forecast_load,Forecasted Load,2026-09-04T14:45:39Z
2026-09-04T14:45:09Z,2026-09-04T16:45:09+0200,8952467a-fca4-4f59-8ae6-677e671a7665,2026-09-02T22:15:00Z,2026-09-03T00:15:00+0200,12511.516,MW,NL,NL,forecast_load,Forecasted Load,2026-09-04T14:45:39Z
2026-09-04T14:45:09Z,2026-09-04T16:45:09+0200,8952467a-fca4-4f59-8ae6-677e671a7665,2026-09-02T22:30:00Z,2026-09-03T00:30:00+0200,12341.946,MW,NL,NL,forecast_load,Forecasted Load,2026-09-04T14:45:39Z
2026-09-04T14:45:09Z,2026-09-04T16:45:09+0200,8952467a-fca4-4f59-8ae6-677e671a7665,2026-09-02T22:45:00Z,2026-09-03T00:45:00+0200,12162.591,MW,NL,NL,forecast_load,Forecasted Load,2026-09-04T14:45:39Z
2026-09-04T14:45:09Z,2026-09-04T16:45:09+0200,8952467a-fca4-4f59-8ae6-677e671a7665,2026-09-02T23:00:00Z,2026-09-03T01:00:00+0200,12013.665,MW,NL,NL,forecast_load,Forecasted Load,2026-09-04T14:45:39Z
2026-09-04T14:45:09Z,2026-09-04T16:45:09+0200,8952467a-fca4-4f59-8ae6-677e671a7665,2026-09-02T23:15:00Z,2026-09-03T01:15:00+0200,11944.09,MW,NL,NL,forecast_load,Forecasted Load,2026-09-04T14:45:39Z
2026-09-04T14:45:09Z,2026-09-04T16:45:09+0200,8952467a-fca4-4f59-8ae6-677e671a7665,2026-09-02T23:30:00Z,2026-09-03T01:30:00+0200,11915.03,MW,NL,NL,forecast_load,Forecasted Load,2026-09-04T14:45:39Z
2026-09-04T14:45:09Z,2026-09-04T16:45:09+0200,8952467a-fca4-4f59-8ae6-677e671a7665,2026-09-02T23:45:00Z,2026-09-03T01:45:00+0200,11840.052,MW,NL,NL,forecast_load,Forecasted Load,2026-09-04T14:45:39Z
2026-09-04T14:45:09Z,2026-09-04T16:45:09+0200,8952467a-fca4-4f59-8ae6-677e671a7665,2026-09-03T00:00:00Z,2026-09-03T02:00:00+0200,11718.392,MW,NL,NL,forecast_load,Forecasted Load,2026-09-04T14:45:39Z
2026-09-04T14:45:09Z,2026-09-04T16:45:09+0200,8952467a-fca4-4f59-8ae6-677e671a7665,2026-09-03T00:15:00Z,2026-09-03T02:15:00+0200,11637.973,MW,NL,NL,forecast_load,Forecasted Load,2026-09-04T14:45:39Z
2026-09-04T14:45:09Z,2026-09-04T16:45:09+0200,8952467a-fca4-4f59-8ae6-677e671a7665,2026-09-03T00:30:00Z,2026-09-03T02:30:00+0200,11543.175,MW,NL,NL,forecast_load,Forecasted Load,2026-09-04T14:45:39Z
2026-09-04T14:45:09Z,2026-09-04T16:45:09+0200,8952467a-fca4-4f59-8ae6-677e671a7665,2026-09-03T00:45:00Z,2026-09-03T02:45:00+0200,11479.056,MW,NL,NL,forecast_load,Forecasted Load,2026-09-04T14:45:39Z
2026-09-04T14:45:09Z,2026-09-04T16:45:09+0200,8952467a-fca4-4f59-8ae6-677e671a7665,2026-09-03T01:00:00Z,2026-09-03T03:00:00+0200,11427.026,MW,NL,NL,forecast_load,Forecasted Load,2026-09-04T14:45:39Z
2026-09-04T14:45:09Z,2026-09-04T16:45:09+0200,8952467a-fca4-4f59-8ae6-677e671a7665,2026-09-03T01:15:00Z,2026-09-03T03:15:00+0200,11385.047,MW,NL,NL,forecast_load,Forecasted Load,2026-09-04T14:45:39Z
2026-09-04T14:45:09Z,2026-09-04T16:45:09+0200,8952467a-fca4-4f59-8ae6-677e671a7665,2026-09-03T01:30:00Z,2026-09-03T03:30:00+0200,11340.626,MW,NL,NL,forecast_load,Forecasted Load,2026-09-04T14:45:39Z
2026-09-04T14:45:09Z,2026-09-04T16:45:09+0200,8952467a-fca4-4f59-8ae6-677e671a7665,2026-09-03T01:45:00Z,2026-09-03T03:45:00+0200,11296.901,MW,NL,NL,forecast_load,Forecasted Load,2026-09-04T14:45:39Z
2026-09-04T14:45:09Z,2026-09-04T16:45:09+0200,8952467a-fca4-4f59-8ae6-677e671a7665,2026-09-03T02:00:00Z,2026-09-03T04:00:00+0200,11302.556,MW,NL,NL,forecast_load,Forecasted Load,2026-09-04T14:45:39Z
2026-09-04T14:45:09Z,2026-09-04T16:45:09+0200,8952467a-fca4-4f59-8ae6-677e671a7665,2026-09-03T02:15:00Z,2026-09-03T04:15:00+0200,11241.491,MW,NL,NL,forecast_load,Forecasted Load,2026-09-04T14:45:39Z
2026-09-04T14:45:09Z,2026-09-04T16:45:09+0200,8952467a-fca4-4f59-8ae6-677e671a7665,2026-09-03T02:30:00Z,2026-09-03T04:30:00+0200,11162.274,MW,NL,NL,forecast_load,Forecasted Load,2026-09-04T14:45:39Z
2026-09-04T14:45:09Z,2026-09-04T16:45:09+0200,8952467a-fca4-4f59-8ae6-677e671a7665,2026-09-03T02:45:00Z,2026-09-03T04:45:00+0200,11130.143,MW,NL,NL,forecast_load,Forecasted Load,2026-09-04T14:45:39Z
2026-09-04T14:45:09Z,2026-09-04T16:45:09+0200,8952467a-fca4-4f59-8ae6-677e671a7665,2026-09-03T03:00:00Z,2026-09-03T05:00:00+0200,11076.453,MW,NL,NL,forecast_load,Forecasted Load,2026-09-04T14:45:39Z
2026-09-04T14:45:09Z,2026-09-04T16:45:09+0200,8952467a-fca4-4f59-8ae6-677e671a7665,2026-09-03T03:15:00Z,2026-09-03T05:15:00+0200,11060.496,MW,NL,NL,forecast_load,Forecasted Load,2026-09-04T14:45:39Z
2026-09-04T14:45:09Z,2026-09-04T16:45:09+0200,8952467a-fca4-4f59-8ae6-677e671a7665,2026-09-03T03:30:00Z,2026-09-03T05:30:00+0200,11075.863,MW,NL,NL,forecast_load,Forecasted Load,2026-09-04T14:45:39Z
2026-09-04T14:45:09Z,2026-09-04T16:45:09+0200,8952467a-fca4-4f59-8ae6-677e671a7665,2026-09-03T03:45:00Z,2026-09-03T05:45:00+0200,11159.654,MW,NL,NL,forecast_load,Forecasted Load,2026-09-04T14:45:39Z
2026-09-04T14:45:09Z,2026-09-04T16:45:09+0200,8952467a-fca4-4f59-8ae6-677e671a7665,2026-09-03T04:00:00Z,2026-09-03T06:00:00+0200,11236.339,MW,NL,NL,forecast_load,Forecasted Load,2026-09-04T14:45:39Z
2026-09-04T14:45:09Z,2026-09-04T16:45:09+0200,8952467a-fca4-4f59-8ae6-677e671a7665,2026-09-03T04:15:00Z,2026-09-03T06:15:00+0200,11257.893,MW,NL,NL,forecast_load,Forecasted Load,2026-09-04T14:45:39Z
2026-09-04T14:45:09Z,2026-09-04T16:45:09+0200,8952467a-fca4-4f59-8ae6-677e671a7665,2026-09-03T04:30:00Z,2026-09-03T06:30:00+0200,11213.59,MW,NL,NL,forecast_load,Forecasted Load,2026-09-04T14:45:39Z
2026-09-04T14:45:09Z,2026-09-04T16:45:09+0200,8952467a-fca4-4f59-8ae6-677e671a7665,2026-09-03T04:45:00Z,2026-09-03T06:45:00+0200,11331.787,MW,NL,NL,forecast_load,Forecasted Load,2026-09-04T14:45:39Z
2026-09-04T14:45:09Z,2026-09-04T16:45:09+0200,8952467a-fca4-4f59-8ae6-677e671a7665,2026-09-03T05:00:00Z,2026-09-03T07:00:00+0200,11484.079,MW,NL,NL,forecast_load,Forecasted Load,2026-09-04T14:45:39Z
2026-09-04T14:45:09Z,2026-09-04T16:45:09+0200,8952467a-fca4-4f59-8ae6-677e671a7665,2026-09-03T05:15:00Z,2026-09-03T07:15:00+0200,11468.592,MW,NL,NL,forecast_load,Forecasted Load,2026-09-04T14:45:39Z
2026-09-04T14:45:09Z,2026-09-04T16:45:09+0200,8952467a-fca4-4f59-8ae6-677e671a7665,2026-09-03T05:30:00Z,2026-09-03T07:30:00+0200,11484.697,MW,NL,NL,forecast_load,Forecasted Load,2026-09-04T14:45:39Z
2026-09-04T14:45:09Z,2026-09-04T16:45:09+0200,8952467a-fca4-4f59-8ae6-677e671a7665,2026-09-03T05:45:00Z,2026-09-03T07:45:00+0200,11686.834,MW,NL,NL,forecast_load,Forecasted Load,2026-09-04T14:45:39Z
2026-09-04T14:45:09Z,2026-09-04T16:45:09+0200,8952467a-fca4-4f59-8ae6-677e671a7665,2026-09-03T06:00:00Z,2026-09-03T08:00:00+0200,11860.334,MW,NL,NL,forecast_load,Forecasted Load,2026-09-04T14:45:39Z
2026-09-04T14:45:09Z,2026-09-04T16:45:09+0200,8952467a-fca4-4f59-8ae6-677e671a7665,2026-09-03T06:15:00Z,2026-09-03T08:15:00+0200,11793.333,MW,NL,NL,forecast_load,Forecasted Load,2026-09-04T14:45:39Z
2026-09-04T14:45:09Z,2026-09-04T16:45:09+0200,8952467a-fca4-4f59-8ae6-677e671a7665,2026-09-03T06:30:00Z,2026-09-03T08:30:00+0200,11740.61,MW,NL,NL,forecast_load,Forecasted Load,2026-09-04T14:45:39Z
2026-09-04T14:45:09Z,2026-09-04T16:45:09+0200,8952467a-fca4-4f59-8ae6-677e671a7665,2026-09-03T06:45:00Z,2026-09-03T08:45:00+0200,11603.917,MW,NL,NL,forecast_load,Forecasted Load,2026-09-04T14:45:39Z
2026-09-04T14:45:09Z,2026-09-04T16:45:09+0200,8952467a-fca4-4f59-8ae6-677e671a7665,2026-09-03T07:00:00Z,2026-09-03T09:00:00+0200,11389.606,MW,NL,NL,forecast_load,Forecasted Load,2026-09-04T14:45:39Z
2026-09-04T14:45:09Z,2026-09-04T16:45:09+0200,8952467a-fca4-4f59-8ae6-677e671a7665,2026-09-03T07:15:00Z,2026-09-03T09:15:00+0200,11147.852,MW,NL,NL,forecast_load,Forecasted Load,2026-09-04T14:45:39Z
2026-09-04T14:45:09Z,2026-09-04T16:45:09+0200,8952467a-fca4-4f59-8ae6-677e671a7665,2026-09-03T07:30:00Z,2026-09-03T09:30:00+0200,10917.824,MW,NL,NL,forecast_load,Forecasted Load,2026-09-04T14:45:39Z
2026-09-04T14:45:09Z,2026-09-04T16:45:09+0200,8952467a-fca4-4f59-8ae6-677e671a7665,2026-09-03T07:45:00Z,2026-09-03T09:45:00+0200,10598.027,MW,NL,NL,forecast_load,Forecasted Load,2026-09-04T14:45:39Z
2026-09-04T14:45:09Z,2026-09-04T16:45:09+0200,8952467a-fca4-4f59-8ae6-677e671a7665,2026-09-03T08:00:00Z,2026-09-03T10:00:00+0200,10428.887,MW,NL,NL,forecast_load,Forecasted Load,2026-09-04T14:45:39Z
2026-09-04T14:45:09Z,2026-09-04T16:45:09+0200,8952467a-fca4-4f59-8ae6-677e671a7665,2026-09-03T08:15:00Z,2026-09-03T10:15:00+0200,10192.314,MW,NL,NL,forecast_load,Forecasted Load,2026-09-04T14:45:39Z
2026-09-04T14:45:09Z,2026-09-04T16:45:09+0200,8952467a-fca4-4f59-8ae6-677e671a7665,2026-09-03T08:30:00Z,2026-09-03T10:30:00+0200,9984.528,MW,NL,NL,forecast_load,Forecasted Load,2026-09-04T14:45:39Z
2026-09-04T14:45:09Z,2026-09-04T16:45:09+0200,8952467a-fca4-4f59-8ae6-677e671a7665,2026-09-03T08:45:00Z,2026-09-03T10:45:00+0200,9881.811,MW,NL,NL,forecast_load,Forecasted Load,2026-09-04T14:45:39Z
2026-09-04T14:45:09Z,2026-09-04T16:45:09+0200,8952467a-fca4-4f59-8ae6-677e671a7665,2026-09-03T09:00:00Z,2026-09-03T11:00:00+0200,9778.242,MW,NL,NL,forecast_load,Forecasted Load,2026-09-04T14:45:39Z
2026-09-04T14:45:09Z,2026-09-04T16:45:09+0200,8952467a-fca4-4f59-8ae6-677e671a7665,2026-09-03T09:15:00Z,2026-09-03T11:15:00+0200,9632.837,MW,NL,NL,forecast_load,Forecasted Load,2026-09-04T14:45:39Z
2026-09-04T14:45:09Z,2026-09-04T16:45:09+0200,8952467a-fca4-4f59-8ae6-677e671a7665,2026-09-03T09:30:00Z,2026-09-03T11:30:00+0200,9608.486,MW,NL,NL,forecast_load,Forecasted Load,2026-09-04T14:45:39Z
2026-09-04T14:45:09Z,2026-09-04T16:45:09+0200,8952467a-fca4-4f59-8ae6-677e671a7665,2026-09-03T09:45:00Z,2026-09-03T11:45:00+0200,9665.77,MW,NL,NL,forecast_load,Forecasted Load,2026-09-04T14:45:39Z
2026-09-04T14:45:09Z,2026-09-04T16:45:09+0200,8952467a-fca4-4f59-8ae6-677e671a7665,2026-09-03T10:00:00Z,2026-09-03T12:00:00+0200,9640.233,MW,NL,NL,forecast_load,Forecasted Load,2026-09-04T14:45:39Z
2026-09-04T14:45:09Z,2026-09-04T16:45:09+0200,8952467a-fca4-4f59-8ae6-677e671a7665,2026-09-03T10:15:00Z,2026-09-03T12:15:00+0200,9686.232,MW,NL,NL,forecast_load,Forecasted Load,2026-09-04T14:45:39Z
2026-09-04T14:45:09Z,2026-09-04T16:45:09+0200,8952467a-fca4-4f59-8ae6-677e671a7665,2026-09-03T10:30:00Z,2026-09-03T12:30:00+0200,9727.191,MW,NL,NL,forecast_load,Forecasted Load,2026-09-04T14:45:39Z
2026-09-04T14:45:09Z,2026-09-04T16:45:09+0200,8952467a-fca4-4f59-8ae6-677e671a7665,2026-09-03T10:45:00Z,2026-09-03T12:45:00+0200,9600.061,MW,NL,NL,forecast_load,Forecasted Load,2026-09-04T14:45:39Z
2026-09-04T14:45:09Z,2026-09-04T16:45:09+0200,8952467a-fca4-4f59-8ae6-677e671a7665,2026-09-03T11:00:00Z,2026-09-03T13:00:00+0200,9575.438,MW,NL,NL,forecast_load,Forecasted Load,2026-09-04T14:45:39Z
2026-09-04T14:45:09Z,2026-09-04T16:45:09+0200,8952467a-fca4-4f59-8ae6-677e671a7665,2026-09-03T11:15:00Z,2026-09-03T13:15:00+0200,9530.047,MW,NL,NL,forecast_load,Forecasted Load,2026-09-04T14:45:39Z
2026-09-04T14:45:09Z,2026-09-04T16:45:09+0200,8952467a-fca4-4f59-8ae6-677e671a7665,2026-09-03T11:30:00Z,2026-09-03T13:30:00+0200,9645.12,MW,NL,NL,forecast_load,Forecasted Load,2026-09-04T14:45:39Z
2026-09-04T14:45:09Z,2026-09-04T16:45:09+0200,8952467a-fca4-4f59-8ae6-677e671a7665,2026-09-03T11:45:00Z,2026-09-03T13:45:00+0200,9656.29,MW,NL,NL,forecast_load,Forecasted Load,2026-09-04T14:45:39Z
2026-09-04T14:45:09Z,2026-09-04T16:45:09+0200,8952467a-fca4-4f59-8ae6-677e671a7665,2026-09-03T12:00:00Z,2026-09-03T14:00:00+0200,9562.203,MW,NL,NL,forecast_load,Forecasted Load,2026-09-04T14:45:39Z
2026-09-04T14:45:09Z,2026-09-04T16:45:09+0200,8952467a-fca4-4f59-8ae6-677e671a7665,2026-09-03T12:15:00Z,2026-09-03T14:15:00+0200,9268.117,MW,NL,NL,forecast_load,Forecasted Load,2026-09-04T14:45:39Z
2026-09-04T14:45:09Z,2026-09-04T16:45:09+0200,8952467a-fca4-4f59-8ae6-677e671a7665,2026-09-03T12:30:00Z,2026-09-03T14:30:00+0200,9160.715,MW,NL,NL,forecast_load,Forecasted Load,2026-09-04T14:45:39Z
2026-09-04T14:45:09Z,2026-09-04T16:45:09+0200,8952467a-fca4-4f59-8ae6-677e671a7665,2026-09-03T12:45:00Z,2026-09-03T14:45:00+0200,9156.545,MW,NL,NL,forecast_load,Forecasted Load,2026-09-04T14:45:39Z
2026-09-04T14:45:09Z,2026-09-04T16:45:09+0200,8952467a-fca4-4f59-8ae6-677e671a7665,2026-09-03T13:00:00Z,2026-09-03T15:00:00+0200,9155.518,MW,NL,NL,forecast_load,Forecasted Load,2026-09-04T14:45:39Z
2026-09-04T14:45:09Z,2026-09-04T16:45:09+0200,8952467a-fca4-4f59-8ae6-677e671a7665,2026-09-03T13:15:00Z,2026-09-03T15:15:00+0200,9498.541,MW,NL,NL,forecast_load,Forecasted Load,2026-09-04T14:45:39Z
2026-09-04T14:45:09Z,2026-09-04T16:45:09+0200,8952467a-fca4-4f59-8ae6-677e671a7665,2026-09-03T13:30:00Z,2026-09-03T15:30:00+0200,9365.78,MW,NL,NL,forecast_load,Forecasted Load,2026-09-04T14:45:39Z
2026-09-04T14:45:09Z,2026-09-04T16:45:09+0200,8952467a-fca4-4f59-8ae6-677e671a7665,2026-09-03T13:45:00Z,2026-09-03T15:45:00+0200,9392.439,MW,NL,NL,forecast_load,Forecasted Load,2026-09-04T14:45:39Z
2026-09-04T14:45:09Z,2026-09-04T16:45:09+0200,8952467a-fca4-4f59-8ae6-677e671a7665,2026-09-03T14:00:00Z,2026-09-03T16:00:00+0200,9745.854,MW,NL,NL,forecast_load,Forecasted Load,2026-09-04T14:45:39Z
2026-09-04T14:45:09Z,2026-09-04T16:45:09+0200,8952467a-fca4-4f59-8ae6-677e671a7665,2026-09-03T14:15:00Z,2026-09-03T16:15:00+0200,9781.377,MW,NL,NL,forecast_load,Forecasted Load,2026-09-04T14:45:39Z
2026-09-04T14:45:09Z,2026-09-04T16:45:09+0200,8952467a-fca4-4f59-8ae6-677e671a7665,2026-09-03T14:30:00Z,2026-09-03T16:30:00+0200,9938.131,MW,NL,NL,forecast_load,Forecasted Load,2026-09-04T14:45:39Z
2026-09-04T14:45:09Z,2026-09-04T16:45:09+0200,8952467a-fca4-4f59-8ae6-677e671a7665,2026-09-03T14:45:00Z,2026-09-03T16:45:00+0200,10145.132,MW,NL,NL,forecast_load,Forecasted Load,2026-09-04T14:45:39Z
2026-09-04T14:45:09Z,2026-09-04T16:45:09+0200,8952467a-fca4-4f59-8ae6-677e671a7665,2026-09-03T15:00:00Z,2026-09-03T17:00:00+0200,10437.12,MW,NL,NL,forecast_load,Forecasted Load,2026-09-04T14:45:39Z
2026-09-04T14:45:09Z,2026-09-04T16:45:09+0200,8952467a-fca4-4f59-8ae6-677e671a7665,2026-09-03T15:15:00Z,2026-09-03T17:15:00+0200,10944.018,MW,NL,NL,forecast_load,Forecasted Load,2026-09-04T14:45:39Z
2026-09-04T14:45:09Z,2026-09-04T16:45:09+0200,8952467a-fca4-4f59-8ae6-677e671a7665,2026-09-03T15:30:00Z,2026-09-03T17:30:00+0200,11240.586,MW,NL,NL,forecast_load,Forecasted Load,2026-09-04T14:45:39Z
2026-09-04T14:45:09Z,2026-09-04T16:45:09+0200,8952467a-fca4-4f59-8ae6-677e671a7665,2026-09-03T15:45:00Z,2026-09-03T17:45:00+0200,11594.016,MW,NL,NL,forecast_load,Forecasted Load,2026-09-04T14:45:39Z
2026-09-04T14:45:09Z,2026-09-04T16:45:09+0200,8952467a-fca4-4f59-8ae6-677e671a7665,2026-09-03T16:00:00Z,2026-09-03T18:00:00+0200,11761.011,MW,NL,NL,forecast_load,Forecasted Load,2026-09-04T14:45:39Z
2026-09-04T14:45:09Z,2026-09-04T16:45:09+0200,8952467a-fca4-4f59-8ae6-677e671a7665,2026-09-03T16:15:00Z,2026-09-03T18:15:00+0200,12080.934,MW,NL,NL,forecast_load,Forecasted Load,2026-09-04T14:45:39Z
2026-09-04T14:45:09Z,2026-09-04T16:45:09+0200,8952467a-fca4-4f59-8ae6-677e671a7665,2026-09-03T16:30:00Z,2026-09-03T18:30:00+0200,12177.256,MW,NL,NL,forecast_load,Forecasted Load,2026-09-04T14:45:39Z
2026-09-04T14:45:09Z,2026-09-04T16:45:09+0200,8952467a-fca4-4f59-8ae6-677e671a7665,2026-09-03T16:45:00Z,2026-09-03T18:45:00+0200,12222.636,MW,NL,NL,forecast_load,Forecasted Load,2026-09-04T14:45:39Z
2026-09-04T14:45:09Z,2026-09-04T16:45:09+0200,8952467a-fca4-4f59-8ae6-677e671a7665,2026-09-03T17:00:00Z,2026-09-03T19:00:00+0200,12213.816,MW,NL,NL,forecast_load,Forecasted Load,2026-09-04T14:45:39Z
2026-09-04T14:45:09Z,2026-09-04T16:45:09+0200,8952467a-fca4-4f59-8ae6-677e671a7665,2026-09-03T17:15:00Z,2026-09-03T19:15:00+0200,12383.012,MW,NL,NL,forecast_load,Forecasted Load,2026-09-04T14:45:39Z
2026-09-04T14:45:09Z,2026-09-04T16:45:09+0200,8952467a-fca4-4f59-8ae6-677e671a7665,2026-09-03T17:30:00Z,2026-09-03T19:30:00+0200,12632.417,MW,NL,NL,forecast_load,Forecasted Load,2026-09-04T14:45:39Z
2026-09-04T14:45:09Z,2026-09-04T16:45:09+0200,8952467a-fca4-4f59-8ae6-677e671a7665,2026-09-03T17:45:00Z,2026-09-03T19:45:00+0200,12755.744,MW,NL,NL,forecast_load,Forecasted Load,2026-09-04T14:45:39Z
2026-09-04T14:45:09Z,2026-09-04T16:45:09+0200,8952467a-fca4-4f59-8ae6-677e671a7665,2026-09-03T18:00:00Z,2026-09-03T20:00:00+0200,12862.759,MW,NL,NL,forecast_load,Forecasted Load,2026-09-04T14:45:39Z
2026-09-04T14:45:09Z,2026-09-04T16:45:09+0200,8952467a-fca4-4f59-8ae6-677e671a7665,2026-09-03T18:15:00Z,2026-09-03T20:15:00+0200,12940.242,MW,NL,NL,forecast_load,Forecasted Load,2026-09-04T14:45:39Z
2026-09-04T14:45:09Z,2026-09-04T16:45:09+0200,8952467a-fca4-4f59-8ae6-677e671a7665,2026-09-03T18:30:00Z,2026-09-03T20:30:00+0200,13023.861,MW,NL,NL,forecast_load,Forecasted Load,2026-09-04T14:45:39Z
2026-09-04T14:45:09Z,2026-09-04T16:45:09+0200,8952467a-fca4-4f59-8ae6-677e671a7665,2026-09-03T18:45:00Z,2026-09-03T20:45:00+0200,13070.56,MW,NL,NL,forecast_load,Forecasted Load,2026-09-04T14:45:39Z
2026-09-04T14:45:09Z,2026-09-04T16:45:09+0200,8952467a-fca4-4f59-8ae6-677e671a7665,2026-09-03T19:00:00Z,2026-09-03T21:00:00+0200,13111.375,MW,NL,NL,forecast_load,Forecasted Load,2026-09-04T14:45:39Z
2026-09-04T14:45:09Z,2026-09-04T16:45:09+0200,8952467a-fca4-4f59-8ae6-677e671a7665,2026-09-03T19:15:00Z,2026-09-03T21:15:00+0200,13003.024,MW,NL,NL,forecast_load,Forecasted Load,2026-09-04T14:45:39Z
2026-09-04T14:45:09Z,2026-09-04T16:45:09+0200,8952467a-fca4-4f59-8ae6-677e671a7665,2026-09-03T19:30:00Z,2026-09-03T21:30:00+0200,12921.178,MW,NL,NL,forecast_load,Forecasted Load,2026-09-04T14:45:39Z
2026-09-04T14:45:09Z,2026-09-04T16:45:09+0200,8952467a-fca4-4f59-8ae6-677e671a7665,2026-09-03T19:45:00Z,2026-09-03T21:45:00+0200,12910.41,MW,NL,NL,forecast_load,Forecasted Load,2026-09-04T14:45:39Z
2026-09-04T14:45:09Z,2026-09-04T16:45:09+0200,8952467a-fca4-4f59-8ae6-677e671a7665,2026-09-03T20:00:00Z,2026-09-03T22:00:00+0200,12828.199,MW,NL,NL,forecast_load,Forecasted Load,2026-09-04T14:45:39Z
2026-09-04T14:45:09Z,2026-09-04T16:45:09+0200,8952467a-fca4-4f59-8ae6-677e671a7665,2026-09-03T20:15:00Z,2026-09-03T22:15:00+0200,12728.419,MW,NL,NL,forecast_load,Forecasted Load,2026-09-04T14:45:39Z
2026-09-04T14:45:09Z,2026-09-04T16:45:09+0200,8952467a-fca4-4f59-8ae6-677e671a7665,2026-09-03T20:30:00Z,2026-09-03T22:30:00+0200,12460.407,MW,NL,NL,forecast_load,Forecasted Load,2026-09-04T14:45:39Z
2026-09-04T14:45:09Z,2026-09-04T16:45:09+0200,8952467a-fca4-4f59-8ae6-677e671a7665,2026-09-03T20:45:00Z,2026-09-03T22:45:00+0200,12159.431,MW,NL,NL,forecast_load,Forecasted Load,2026-09-04T14:45:39Z
2026-09-04T14:45:09Z,2026-09-04T16:45:09+0200,8952467a-fca4-4f59-8ae6-677e671a7665,2026-09-03T21:00:00Z,2026-09-03T23:00:00+0200,12112.028,MW,NL,NL,forecast_load,Forecasted Load,2026-09-04T14:45:39Z
2026-09-04T14:45:09Z,2026-09-04T16:45:09+0200,8952467a-fca4-4f59-8ae6-677e671a7665,2026-09-03T21:15:00Z,2026-09-03T23:15:00+0200,11903.609,MW,NL,NL,forecast_load,Forecasted Load,2026-09-04T14:45:39Z
2026-09-04T14:45:09Z,2026-09-04T16:45:09+0200,8952467a-fca4-4f59-8ae6-677e671a7665,2026-09-03T21:30:00Z,2026-09-03T23:30:00+0200,12015.268,MW,NL,NL,forecast_load,Forecasted Load,2026-09-04T14:45:39Z
2026-09-04T14:45:09Z,2026-09-04T16:45:09+0200,8952467a-fca4-4f59-8ae6-677e671a7665,2026-09-03T21:45:00Z,2026-09-03T23:45:00+0200,11873.551,MW,NL,NL,forecast_load,Forecasted Load,2026-09-04T14:45:39Z
2026-09-04T14:45:09Z,2026-09-04T16:45:09+0200,8952467a-fca4-4f59-8ae6-677e671a7665,2026-09-03T22:00:00Z,2026-09-04T00:00:00+0200,11852.05,MW,NL,NL,forecast_load,Forecasted Load,2026-09-04T14:45:39Z
2026-09-04T14:45:09Z,2026-09-04T16:45:09+0200,8952467a-fca4-4f59-8ae6-677e671a7665,2026-09-03T22:15:00Z,2026-09-04T00:15:00+0200,11848.123,MW,NL,NL,forecast_load,Forecasted Load,2026-09-04T14:45:39Z
2026-09-04T14:45:09Z,2026-09-04T16:45:09+0200,8952467a-fca4-4f59-8ae6-677e671a7665,2026-09-03T22:30:00Z,2026-09-04T00:30:00+0200,11910.579,MW,NL,NL,forecast_load,Forecasted Load,2026-09-04T14:45:39Z
2026-09-04T14:45:09Z,2026-09-04T16:45:09+0200,8952467a-fca4-4f59-8ae6-677e671a7665,2026-09-03T22:45:00Z,2026-09-04T00:45:00+0200,11905.309,MW,NL,NL,forecast_load,Forecasted Load,2026-09-04T14:45:39Z
2026-09-04T14:45:09Z,2026-09-04T16:45:09+0200,8952467a-fca4-4f59-8ae6-677e671a7665,2026-09-03T23:00:00Z,2026-09-04T01:00:00+0200,11823.295,MW,NL,NL,forecast_load,Forecasted Load,2026-09-04T14:45:39Z
2026-09-04T14:45:09Z,2026-09-04T16:45:09+0200,8952467a-fca4-4f59-8ae6-677e671a7665,2026-09-03T23:15:00Z,2026-09-04T01:15:00+0200,11731.814,MW,NL,NL,forecast_load,Forecasted Load,2026-09-04T14:45:39Z
2026-09-04T14:45:09Z,2026-09-04T16:45:09+0200,8952467a-fca4-4f59-8ae6-677e671a7665,2026-09-03T23:30:00Z,2026-09-04T01:30:00+0200,11661.679,MW,NL,NL,forecast_load,Forecasted Load,2026-09-04T14:45:39Z
2026-09-04T14:45:09Z,2026-09-04T16:45:09+0200,8952467a-fca4-4f59-8ae6-677e671a7665,2026-09-03T23:45:00Z,2026-09-04T01:45:00+0200,11550.767,MW,NL,NL,forecast_load,Forecasted Load,2026-09-04T14:45:39Z
2026-09-04T14:45:09Z,2026-09-04T16:45:09+0200,8952467a-fca4-4f59-8ae6-677e671a7665,2026-09-04T00:00:00Z,2026-09-04T02:00:00+0200,11503.441,MW,NL,NL,forecast_load,Forecasted Load,2026-09-04T14:45:39Z
2026-09-04T14:45:09Z,2026-09-04T16:45:09+0200,8952467a-fca4-4f59-8ae6-677e671a7665,2026-09-04T00:15:00Z,2026-09-04T02:15:00+0200,11425.68,MW,NL,NL,forecast_load,Forecasted Load,2026-09-04T14:45:39Z
2026-09-04T14:45:09Z,2026-09-04T16:45:09+0200,8952467a-fca4-4f59-8ae6-677e671a7665,2026-09-04T00:30:00Z,2026-09-04T02:30:00+0200,11370.981,MW,NL,NL,forecast_load,Forecasted Load,2026-09-04T14:45:39Z
2026-09-04T14:45:09Z,2026-09-04T16:45:09+0200,8952467a-fca4-4f59-8ae6-677e671a7665,2026-09-04T00:45:00Z,2026-09-04T02:45:00+0200,11358.307,MW,NL,NL,forecast_load,Forecasted Load,2026-09-04T14:45:39Z
2026-09-04T14:45:09Z,2026-09-04T16:45:09+0200,8952467a-fca4-4f59-8ae6-677e671a7665,2026-09-04T01:00:00Z,2026-09-04T03:00:00+0200,11389.855,MW,NL,NL,forecast_load,Forecasted Load,2026-09-04T14:45:39Z
2026-09-04T14:45:09Z,2026-09-04T16:45:09+0200,8952467a-fca4-4f59-8ae6-677e671a7665,2026-09-04T01:15:00Z,2026-09-04T03:15:00+0200,11399.284,MW,NL,NL,forecast_load,Forecasted Load,2026-09-04T14:45:39Z
2026-09-04T14:45:09Z,2026-09-04T16:45:09+0200,8952467a-fca4-4f59-8ae6-677e671a7665,2026-09-04T01:30:00Z,2026-09-04T03:30:00+0200,11346.28,MW,NL,NL,forecast_load,Forecasted Load,2026-09-04T14:45:39Z
2026-09-04T14:45:09Z,2026-09-04T16:45:09+0200,8952467a-fca4-4f59-8ae6-677e671a7665,2026-09-04T01:45:00Z,2026-09-04T03:45:00+0200,11336.169,MW,NL,NL,forecast_load,Forecasted Load,2026-09-04T14:45:39Z
2026-09-04T14:45:09Z,2026-09-04T16:45:09+0200,8952467a-fca4-4f59-8ae6-677e671a7665,2026-09-04T02:00:00Z,2026-09-04T04:00:00+0200,11340.257,MW,NL,NL,forecast_load,Forecasted Load,2026-09-04T14:45:39Z
2026-09-04T14:45:09Z,2026-09-04T16:45:09+0200,8952467a-fca4-4f59-8ae6-677e671a7665,2026-09-04T02:15:00Z,2026-09-04T04:15:00+0200,11239.403,MW,NL,NL,forecast_load,Forecasted Load,2026-09-04T14:45:39Z
2026-09-04T14:45:09Z,2026-09-04T16:45:09+0200,8952467a-fca4-4f59-8ae6-677e671a7665,2026-09-04T02:30:00Z,2026-09-04T04:30:00+0200,11235.225,MW,NL,NL,forecast_load,Forecasted Load,2026-09-04T14:45:39Z
2026-09-04T14:45:09Z,2026-09-04T16:45:09+0200,8952467a-fca4-4f59-8ae6-677e671a7665,2026-09-04T02:45:00Z,2026-09-04T04:45:00+0200,11224.111,MW,NL,NL,forecast_load,Forecasted Load,2026-09-04T14:45:39Z
2026-09-04T14:45:09Z,2026-09-04T16:45:09+0200,8952467a-fca4-4f59-8ae6-677e671a7665,2026-09-04T03:00:00Z,2026-09-04T05:00:00+0200,11269.268,MW,NL,NL,forecast_load,Forecasted Load,2026-09-04T14:45:39Z
2026-09-04T14:45:09Z,2026-09-04T16:45:09+0200,8952467a-fca4-4f59-8ae6-677e671a7665,2026-09-04T03:15:00Z,2026-09-04T05:15:00+0200,11295.19,MW,NL,NL,forecast_load,Forecasted Load,2026-09-04T14:45:39Z
2026-09-04T14:45:09Z,2026-09-04T16:45:09+0200,8952467a-fca4-4f59-8ae6-677e671a7665,2026-09-04T03:30:00Z,2026-09-04T05:30:00+0200,11326.989,MW,NL,NL,forecast_load,Forecasted Load,2026-09-04T14:45:39Z
2026-09-04T14:45:09Z,2026-09-04T16:45:09+0200,8952467a-fca4-4f59-8ae6-677e671a7665,2026-09-04T03:45:00Z,2026-09-04T05:45:00+0200,11381.003,MW,NL,NL,forecast_load,Forecasted Load,2026-09-04T14:45:39Z
2026-09-04T14:45:09Z,2026-09-04T16:45:09+0200,8952467a-fca4-4f59-8ae6-677e671a7665,2026-09-04T04:00:00Z,2026-09-04T06:00:00+0200,11387.462,MW,NL,NL,forecast_load,Forecasted Load,2026-09-04T14:45:39Z
2026-09-04T14:45:09Z,2026-09-04T16:45:09+0200,8952467a-fca4-4f59-8ae6-677e671a7665,2026-09-04T04:15:00Z,2026-09-04T06:15:00+0200,11427.127,MW,NL,NL,forecast_load,Forecasted Load,2026-09-04T14:45:39Z
2026-09-04T14:45:09Z,2026-09-04T16:45:09+0200,8952467a-fca4-4f59-8ae6-677e671a7665,2026-09-04T04:30:00Z,2026-09-04T06:30:00+0200,11373.528,MW,NL,NL,forecast_load,Forecasted Load,2026-09-04T14:45:39Z
2026-09-04T14:45:09Z,2026-09-04T16:45:09+0200,8952467a-fca4-4f59-8ae6-677e671a7665,2026-09-04T04:45:00Z,2026-09-04T06:45:00+0200,11455.015,MW,NL,NL,forecast_load,Forecasted Load,2026-09-04T14:45:39Z
2026-09-04T14:45:09Z,2026-09-04T16:45:09+0200,8952467a-fca4-4f59-8ae6-677e671a7665,2026-09-04T05:00:00Z,2026-09-04T07:00:00+0200,11754.458,MW,NL,NL,forecast_load,Forecasted Load,2026-09-04T14:45:39Z
2026-09-04T14:45:09Z,2026-09-04T16:45:09+0200,8952467a-fca4-4f59-8ae6-677e671a7665,2026-09-04T05:15:00Z,2026-09-04T07:15:00+0200,11903.776,MW,NL,NL,forecast_load,Forecasted Load,2026-09-04T14:45:39Z
2026-09-04T14:45:09Z,2026-09-04T16:45:09+0200,8952467a-fca4-4f59-8ae6-677e671a7665,2026-09-04T05:30:00Z,2026-09-04T07:30:00+0200,12062.129,MW,NL,NL,forecast_load,Forecasted Load,2026-09-04T14:45:39Z
2026-09-04T14:45:09Z,2026-09-04T16:45:09+0200,8952467a-fca4-4f59-8ae6-677e671a7665,2026-09-04T05:45:00Z,2026-09-04T07:45:00+0200,12061.265,MW,NL,NL,forecast_load,Forecasted Load,2026-09-04T14:45:39Z
2026-09-04T14:45:09Z,2026-09-04T16:45:09+0200,8952467a-fca4-4f59-8ae6-677e671a7665,2026-09-04T06:00:00Z,2026-09-04T08:00:00+0200,12112.095,MW,NL,NL,forecast_load,Forecasted Load,2026-09-04T14:45:39Z
2026-09-04T14:45:09Z,2026-09-04T16:45:09+0200,8952467a-fca4-4f59-8ae6-677e671a7665,2026-09-04T06:15:00Z,2026-09-04T08:15:00+0200,12029.797,MW,NL,NL,forecast_load,Forecasted Load,2026-09-04T14:45:39Z
2026-09-04T14:45:09Z,2026-09-04T16:45:09+0200,8952467a-fca4-4f59-8ae6-677e671a7665,2026-09-04T06:30:00Z,2026-09-04T08:30:00+0200,11956.088,MW,NL,NL,forecast_load,Forecasted Load,2026-09-04T14:45:39Z
2026-09-04T14:45:09Z,2026-09-04T16:45:09+0200,8952467a-fca4-4f59-8ae6-677e671a7665,2026-09-04T06:45:00Z,2026-09-04T08:45:00+0200,11870.801,MW,NL,NL,forecast_load,Forecasted Load,2026-09-04T14:45:39Z
2026-09-04T14:45:09Z,2026-09-04T16:45:09+0200,8952467a-fca4-4f59-8ae6-677e671a7665,2026-09-04T07:00:00Z,2026-09-04T09:00:00+0200,11688.384,MW,NL,NL,forecast_load,Forecasted Load,2026-09-04T14:45:39Z
2026-09-04T14:45:09Z,2026-09-04T16:45:09+0200,8952467a-fca4-4f59-8ae6-677e671a7665,2026-09-04T07:15:00Z,2026-09-04T09:15:00+0200,11452.816,MW,NL,NL,forecast_load,Forecasted Load,2026-09-04T14:45:39Z
2026-09-04T14:45:09Z,2026-09-04T16:45:09+0200,8952467a-fca4-4f59-8ae6-677e671a7665,2026-09-04T07:30:00Z,2026-09-04T09:30:00+0200,11278.154,MW,NL,NL,forecast_load,Forecasted Load,2026-09-04T14:45:39Z
2026-09-04T14:45:09Z,2026-09-04T16:45:09+0200,8952467a-fca4-4f59-8ae6-677e671a7665,2026-09-04T07:45:00Z,2026-09-04T09:45:00+0200,11070.324,MW,NL,NL,forecast_load,Forecasted Load,2026-09-04T14:45:39Z
2026-09-04T14:45:09Z,2026-09-04T16:45:09+0200,8952467a-fca4-4f59-8ae6-677e671a7665,2026-09-04T08:00:00Z,2026-09-04T10:00:00+0200,10998.707,MW,NL,NL,forecast_load,Forecasted Load,2026-09-04T14:45:39Z
2026-09-04T14:45:09Z,2026-09-04T16:45:09+0200,8952467a-fca4-4f59-8ae6-677e671a7665,2026-09-04T08:15:00Z,2026-09-04T10:15:00+0200,10979.286,MW,NL,NL,forecast_load,Forecasted Load,2026-09-04T14:45:39Z
2026-09-04T14:45:09Z,2026-09-04T16:45:09+0200,8952467a-fca4-4f59-8ae6-677e671a7665,2026-09-04T08:30:00Z,2026-09-04T10:30:00+0200,10924.126,MW,NL,NL,forecast_load,Forecasted Load,2026-09-04T14:45:39Z
2026-09-04T14:45:09Z,2026-09-04T16:45:09+0200,8952467a-fca4-4f59-8ae6-677e671a7665,2026-09-04T08:45:00Z,2026-09-04T10:45:00+0200,10895.764,MW,NL,NL,forecast_load,Forecasted Load,2026-09-04T14:45:39Z
2026-09-04T14:45:09Z,2026-09-04T16:45:09+0200,8952467a-fca4-4f59-8ae6-677e671a7665,2026-09-04T09:00:00Z,2026-09-04T11:00:00+0200,10838.675,MW,NL,NL,forecast_load,Forecasted Load,2026-09-04T14:45:39Z
2026-09-04T14:45:09Z,2026-09-04T16:45:09+0200,8952467a-fca4-4f59-8ae6-677e671a7665,2026-09-04T09:15:00Z,2026-09-04T11:15:00+0200,10645.746,MW,NL,NL,forecast_load,Forecasted Load,2026-09-04T14:45:39Z
2026-09-04T14:45:09Z,2026-09-04T16:45:09+0200,8952467a-fca4-4f59-8ae6-677e671a7665,2026-09-04T09:30:00Z,2026-09-04T11:30:00+0200,10573.392,MW,NL,NL,forecast_load,Forecasted Load,2026-09-04T14:45:39Z
2026-09-04T14:45:09Z,2026-09-04T16:45:09+0200,8952467a-fca4-4f59-8ae6-677e671a7665,2026-09-04T09:45:00Z,2026-09-04T11:45:00+0200,10610.758,MW,NL,NL,forecast_load,Forecasted Load,2026-09-04T14:45:39Z
2026-09-04T14:45:09Z,2026-09-04T16:45:09+0200,8952467a-fca4-4f59-8ae6-677e671a7665,2026-09-04T10:00:00Z,2026-09-04T12:00:00+0200,10623.53,MW,NL,NL,forecast_load,Forecasted Load,2026-09-04T14:45:39Z
2026-09-04T14:45:09Z,2026-09-04T16:45:09+0200,8952467a-fca4-4f59-8ae6-677e671a7665,2026-09-04T10:15:00Z,2026-09-04T12:15:00+0200,10825.13,MW,NL,NL,forecast_load,Forecasted Load,2026-09-04T14:45:39Z
2026-09-04T14:45:09Z,2026-09-04T16:45:09+0200,8952467a-fca4-4f59-8ae6-677e671a7665,2026-09-04T10:30:00Z,2026-09-04T12:30:00+0200,10898.936,MW,NL,NL,forecast_load,Forecasted Load,2026-09-04T14:45:39Z
2026-09-04T14:45:09Z,2026-09-04T16:45:09+0200,8952467a-fca4-4f59-8ae6-677e671a7665,2026-09-04T10:45:00Z,2026-09-04T12:45:00+0200,10966.229,MW,NL,NL,forecast_load,Forecasted Load,2026-09-04T14:45:39Z
2026-09-04T14:45:09Z,2026-09-04T16:45:09+0200,8952467a-fca4-4f59-8ae6-677e671a7665,2026-09-04T11:00:00Z,2026-09-04T13:00:00+0200,10891.005,MW,NL,NL,forecast_load,Forecasted Load,2026-09-04T14:45:39Z
2026-09-04T14:45:09Z,2026-09-04T16:45:09+0200,8952467a-fca4-4f59-8ae6-677e671a7665,2026-09-04T11:15:00Z,2026-09-04T13:15:00+0200,10942.007,MW,NL,NL,forecast_load,Forecasted Load,2026-09-04T14:45:39Z
2026-09-04T14:45:09Z,2026-09-04T16:45:09+0200,8952467a-fca4-4f59-8ae6-677e671a7665,2026-09-04T11:30:00Z,2026-09-04T13:30:00+0200,11062.219,MW,NL,NL,forecast_load,Forecasted Load,2026-09-04T14:45:39Z
2026-09-04T14:45:09Z,2026-09-04T16:45:09+0200,8952467a-fca4-4f59-8ae6-677e671a7665,2026-09-04T11:45:00Z,2026-09-04T13:45:00+0200,11186.573,MW,NL,NL,forecast_load,Forecasted Load,2026-09-04T14:45:39Z
2026-09-04T14:45:09Z,2026-09-04T16:45:09+0200,8952467a-fca4-4f59-8ae6-677e671a7665,2026-09-04T12:00:00Z,2026-09-04T14:00:00+0200,11232.099,MW,NL,NL,forecast_load,Forecasted Load,2026-09-04T14:45:39Z
2026-09-04T14:45:09Z,2026-09-04T16:45:09+0200,8952467a-fca4-4f59-8ae6-677e671a7665,2026-09-04T12:15:00Z,2026-09-04T14:15:00+0200,11123.183,MW,NL,NL,forecast_load,Forecasted Load,2026-09-04T14:45:39Z
2026-09-04T14:45:09Z,2026-09-04T16:45:09+0200,8952467a-fca4-4f59-8ae6-677e671a7665,2026-09-04T12:30:00Z,2026-09-04T14:30:00+0200,10976.99,MW,NL,NL,forecast_load,Forecasted Load,2026-09-04T14:45:39Z
2026-09-04T14:45:09Z,2026-09-04T16:45:09+0200,8952467a-fca4-4f59-8ae6-677e671a7665,2026-09-04T12:45:00Z,2026-09-04T14:45:00+0200,10761.567,MW,NL,NL,forecast_load,Forecasted Load,2026-09-04T14:45:39Z
2026-09-04T14:45:09Z,2026-09-04T16:45:09+0200,8952467a-fca4-4f59-8ae6-677e671a7665,2026-09-04T13:00:00Z,2026-09-04T15:00:00+0200,10685.029,MW,NL,NL,forecast_load,Forecasted Load,2026-09-04T14:45:39Z
2026-09-04T14:45:09Z,2026-09-04T16:45:09+0200,8952467a-fca4-4f59-8ae6-677e671a7665,2026-09-04T13:15:00Z,2026-09-04T15:15:00+0200,10406.82,MW,NL,NL,forecast_load,Forecasted Load,2026-09-04T14:45:39Z
2026-09-04T14:45:09Z,2026-09-04T16:45:09+0200,8952467a-fca4-4f59-8ae6-677e671a7665,2026-09-04T13:30:00Z,2026-09-04T15:30:00+0200,10466.935,MW,NL,NL,forecast_load,Forecasted Load,2026-09-04T14:45:39Z
2026-09-04T14:45:09Z,2026-09-04T16:45:09+0200,8952467a-fca4-4f59-8ae6-677e671a7665,2026-09-04T13:45:00Z,2026-09-04T15:45:00+0200,10529.067,MW,NL,NL,forecast_load,Forecasted Load,2026-09-04T14:45:39Z
2026-09-04T14:45:09Z,2026-09-04T16:45:09+0200,8952467a-fca4-4f59-8ae6-677e671a7665,2026-09-04T14:00:00Z,2026-09-04T16:00:00+0200,10497.538,MW,NL,NL,forecast_load,Forecasted Load,2026-09-04T14:45:39Z
2026-09-04T14:45:09Z,2026-09-04T16:45:09+0200,8952467a-fca4-4f59-8ae6-677e671a7665,2026-09-04T14:15:00Z,2026-09-04T16:15:00+0200,10435.527,MW,NL,NL,forecast_load,Forecasted Load,2026-09-04T14:45:39Z
2026-09-04T14:45:09Z,2026-09-04T16:45:09+0200,8952467a-fca4-4f59-8ae6-677e671a7665,2026-09-04T14:30:00Z,2026-09-04T16:30:00+0200,10568.181,MW,NL,NL,forecast_load,Forecasted Load,2026-09-04T14:45:39Z
2026-09-04T14:45:09Z,2026-09-04T16:45:09+0200,8952467a-fca4-4f59-8ae6-677e671a7665,2026-09-04T14:45:00Z,2026-09-04T16:45:00+0200,10714.258,MW,NL,NL,forecast_load,Forecasted Load,2026-09-04T14:45:39Z
2026-09-04T14:45:09Z,2026-09-04T16:45:09+0200,8952467a-fca4-4f59-8ae6-677e671a7665,2026-09-04T15:00:00Z,2026-09-04T17:00:00+0200,10919.931,MW,NL,NL,forecast_load,Forecasted Load,2026-09-04T14:45:44Z
2026-09-04T14:45:09Z,2026-09-04T16:45:09+0200,8952467a-fca4-4f59-8ae6-677e671a7665,2026-09-04T15:15:00Z,2026-09-04T17:15:00+0200,10938.123,MW,NL,NL,forecast_load,Forecasted Load,2026-09-04T14:45:44Z
2026-09-04T14:45:09Z,2026-09-04T16:45:09+0200,8952467a-fca4-4f59-8ae6-677e671a7665,2026-09-04T15:30:00Z,2026-09-04T17:30:00+0200,11260.339,MW,NL,NL,forecast_load,Forecasted Load,2026-09-04T14:45:44Z
2026-09-04T14:45:09Z,2026-09-04T16:45:09+0200,8952467a-fca4-4f59-8ae6-677e671a7665,2026-09-04T15:45:00Z,2026-09-04T17:45:00+0200,11639.366,MW,NL,NL,forecast_load,Forecasted Load,2026-09-04T14:45:44Z
2026-09-04T14:45:09Z,2026-09-04T16:45:09+0200,8952467a-fca4-4f59-8ae6-677e671a7665,2026-09-04T16:00:00Z,2026-09-04T18:00:00+0200,11755.018,MW,NL,NL,forecast_load,Forecasted Load,2026-09-04T14:45:44Z
2026-09-04T14:45:09Z,2026-09-04T16:45:09+0200,8952467a-fca4-4f59-8ae6-677e671a7665,2026-09-04T16:15:00Z,2026-09-04T18:15:00+0200,11825.003,MW,NL,NL,forecast_load,Forecasted Load,2026-09-04T14:45:44Z
2026-09-04T14:45:09Z,2026-09-04T16:45:09+0200,8952467a-fca4-4f59-8ae6-677e671a7665,2026-09-04T16:30:00Z,2026-09-04T18:30:00+0200,11846.974,MW,NL,NL,forecast_load,Forecasted Load,2026-09-04T14:45:44Z
2026-09-04T14:45:09Z,2026-09-04T16:45:09+0200,8952467a-fca4-4f59-8ae6-677e671a7665,2026-09-04T16:45:00Z,2026-09-04T18:45:00+0200,11911.076,MW,NL,NL,forecast_load,Forecasted Load,2026-09-04T14:45:44Z
2026-09-04T14:45:09Z,2026-09-04T16:45:09+0200,8952467a-fca4-4f59-8ae6-677e671a7665,2026-09-04T17:00:00Z,2026-09-04T19:00:00+0200,11942.505,MW,NL,NL,forecast_load,Forecasted Load,2026-09-04T14:45:44Z
2026-09-04T14:45:09Z,2026-09-04T16:45:09+0200,8952467a-fca4-4f59-8ae6-677e671a7665,2026-09-04T17:15:00Z,2026-09-04T19:15:00+0200,12013.854,MW,NL,NL,forecast_load,Forecasted Load,2026-09-04T14:45:44Z
2026-09-04T14:45:09Z,2026-09-04T16:45:09+0200,8952467a-fca4-4f59-8ae6-677e671a7665,2026-09-04T17:30:00Z,2026-09-04T19:30:00+0200,12133.359,MW,NL,NL,forecast_load,Forecasted Load,2026-09-04T14:45:44Z
2026-09-04T14:45:09Z,2026-09-04T16:45:09+0200,8952467a-fca4-4f59-8ae6-677e671a7665,2026-09-04T17:45:00Z,2026-09-04T19:45:00+0200,12268.534,MW,NL,NL,forecast_load,Forecasted Load,2026-09-04T14:45:44Z
2026-09-04T14:45:09Z,2026-09-04T16:45:09+0200,8952467a-fca4-4f59-8ae6-677e671a7665,2026-09-04T18:00:00Z,2026-09-04T20:00:00+0200,12341.287,MW,NL,NL,forecast_load,Forecasted Load,2026-09-04T14:45:44Z
2026-09-04T14:45:09Z,2026-09-04T16:45:09+0200,8952467a-fca4-4f59-8ae6-677e671a7665,2026-09-04T18:15:00Z,2026-09-04T20:15:00+0200,12324.215,MW,NL,NL,forecast_load,Forecasted Load,2026-09-04T14:45:44Z
2026-09-04T14:45:09Z,2026-09-04T16:45:09+0200,8952467a-fca4-4f59-8ae6-677e671a7665,2026-09-04T18:30:00Z,2026-09-04T20:30:00+0200,12310.919,MW,NL,NL,forecast_load,Forecasted Load,2026-09-04T14:45:44Z
2026-09-04T14:45:09Z,2026-09-04T16:45:09+0200,8952467a-fca4-4f59-8ae6-677e671a7665,2026-09-04T18:45:00Z,2026-09-04T20:45:00+0200,12236.331,MW,NL,NL,forecast_load,Forecasted Load,2026-09-04T14:45:44Z
2026-09-04T14:45:09Z,2026-09-04T16:45:09+0200,8952467a-fca4-4f59-8ae6-677e671a7665,2026-09-04T19:00:00Z,2026-09-04T21:00:00+0200,12174.063,MW,NL,NL,forecast_load,Forecasted Load,2026-09-04T14:45:44Z
2026-09-04T14:45:09Z,2026-09-04T16:45:09+0200,8952467a-fca4-4f59-8ae6-677e671a7665,2026-09-04T19:15:00Z,2026-09-04T21:15:00+0200,12114.275,MW,NL,NL,forecast_load,Forecasted Load,2026-09-04T14:45:44Z
2026-09-04T14:45:09Z,2026-09-04T16:45:09+0200,8952467a-fca4-4f59-8ae6-677e671a7665,2026-09-04T19:30:00Z,2026-09-04T21:30:00+0200,12216.845,MW,NL,NL,forecast_load,Forecasted Load,2026-09-04T14:45:44Z
2026-09-04T14:45:09Z,2026-09-04T16:45:09+0200,8952467a-fca4-4f59-8ae6-677e671a7665,2026-09-04T19:45:00Z,2026-09-04T21:45:00+0200,12182.991,MW,NL,NL,forecast_load,Forecasted Load,2026-09-04T14:45:44Z
2026-09-04T14:45:09Z,2026-09-04T16:45:09+0200,8952467a-fca4-4f59-8ae6-677e671a7665,2026-09-04T20:00:00Z,2026-09-04T22:00:00+0200,12045.529,MW,NL,NL,forecast_load,Forecasted Load,2026-09-04T14:45:44Z
2026-09-04T14:45:09Z,2026-09-04T16:45:09+0200,8952467a-fca4-4f59-8ae6-677e671a7665,2026-09-04T20:15:00Z,2026-09-04T22:15:00+0200,11860.452,MW,NL,NL,forecast_load,Forecasted Load,2026-09-04T14:45:44Z
2026-09-04T14:45:09Z,2026-09-04T16:45:09+0200,8952467a-fca4-4f59-8ae6-677e671a7665,2026-09-04T20:30:00Z,2026-09-04T22:30:00+0200,11804.739,MW,NL,NL,forecast_load,Forecasted Load,2026-09-04T14:45:44Z
2026-09-04T14:45:09Z,2026-09-04T16:45:09+0200,8952467a-fca4-4f59-8ae6-677e671a7665,2026-09-04T20:45:00Z,2026-09-04T22:45:00+0200,11669.302,MW,NL,NL,forecast_load,Forecasted Load,2026-09-04T14:45:44Z
2026-09-04T14:45:09Z,2026-09-04T16:45:09+0200,8952467a-fca4-4f59-8ae6-677e671a7665,2026-09-04T21:00:00Z,2026-09-04T23:00:00+0200,11652.845,MW,NL,NL,forecast_load,Forecasted Load,2026-09-04T14:45:44Z
2026-09-04T14:45:09Z,2026-09-04T16:45:09+0200,8952467a-fca4-4f59-8ae6-677e671a7665,2026-09-04T21:15:00Z,2026-09-04T23:15:00+0200,11552.856,MW,NL,NL,forecast_load,Forecasted Load,2026-09-04T14:45:44Z
2026-09-04T14:45:09Z,2026-09-04T16:45:09+0200,8952467a-fca4-4f59-8ae6-677e671a7665,2026-09-04T21:30:00Z,2026-09-04T23:30:00+0200,11550.908,MW,NL,NL,forecast_load,Forecasted Load,2026-09-04T14:45:44Z
2026-09-04T14:45:09Z,2026-09-04T16:45:09+0200,8952467a-fca4-4f59-8ae6-677e671a7665,2026-09-04T21:45:00Z,2026-09-04T23:45:00+0200,11573.809,MW,NL,NL,forecast_load,Forecasted Load,2026-09-04T14:45:44Z
2026-09-04T14:45:09Z,2026-09-04T16:45:09+0200,8952467a-fca4-4f59-8ae6-677e671a7665,2026-09-04T22:00:00Z,2026-09-05T00:00:00+0200,11481.778,MW,NL,NL,forecast_load,Forecasted Load,2026-09-04T14:45:44Z
2026-09-04T14:45:09Z,2026-09-04T16:45:09+0200,8952467a-fca4-4f59-8ae6-677e671a7665,2026-09-04T22:15:00Z,2026-09-05T00:15:00+0200,11417.154,MW,NL,NL,forecast_load,Forecasted Load,2026-09-04T14:45:44Z
2026-09-04T14:45:09Z,2026-09-04T16:45:09+0200,8952467a-fca4-4f59-8ae6-677e671a7665,2026-09-04T22:30:00Z,2026-09-05T00:30:00+0200,11203.67,MW,NL,NL,forecast_load,Forecasted Load,2026-09-04T14:45:44Z
2026-09-04T14:45:09Z,2026-09-04T16:45:09+0200,8952467a-fca4-4f59-8ae6-677e671a7665,2026-09-04T22:45:00Z,2026-09-05T00:45:00+0200,11098.581,MW,NL,NL,forecast_load,Forecasted Load,2026-09-04T14:45:44Z
2026-09-04T14:45:09Z,2026-09-04T16:45:09+0200,8952467a-fca4-4f59-8ae6-677e671a7665,2026-09-04T23:00:00Z,2026-09-05T01:00:00+0200,11138.816,MW,NL,NL,forecast_load,Forecasted Load,2026-09-04T14:45:44Z
2026-09-04T14:45:09Z,2026-09-04T16:45:09+0200,8952467a-fca4-4f59-8ae6-677e671a7665,2026-09-04T23:15:00Z,2026-09-05T01:15:00+0200,11157.809,MW,NL,NL,forecast_load,Forecasted Load,2026-09-04T14:45:44Z
2026-09-04T14:45:09Z,2026-09-04T16:45:09+0200,8952467a-fca4-4f59-8ae6-677e671a7665,2026-09-04T23:30:00Z,2026-09-05T01:30:00+0200,11054.773,MW,NL,NL,forecast_load,Forecasted Load,2026-09-04T14:45:44Z
2026-09-04T14:45:09Z,2026-09-04T16:45:09+0200,8952467a-fca4-4f59-8ae6-677e671a7665,2026-09-04T23:45:00Z,2026-09-05T01:45:00+0200,11017.37,MW,NL,NL,forecast_load,Forecasted Load,2026-09-04T14:45:44Z
2026-09-04T14:45:09Z,2026-09-04T16:45:09+0200,8952467a-fca4-4f59-8ae6-677e671a7665,2026-09-05T00:00:00Z,2026-09-05T02:00:00+0200,10913.068,MW,NL,NL,forecast_load,Forecasted Load,2026-09-04T14:45:44Z
2026-09-04T14:45:09Z,2026-09-04T16:45:09+0200,8952467a-fca4-4f59-8ae6-677e671a7665,2026-09-05T00:15:00Z,2026-09-05T02:15:00+0200,10768.347,MW,NL,NL,forecast_load,Forecasted Load,2026-09-04T14:45:44Z
2026-09-04T14:45:09Z,2026-09-04T16:45:09+0200,8952467a-fca4-4f59-8ae6-677e671a7665,2026-09-05T00:30:00Z,2026-09-05T02:30:00+0200,10753.929,MW,NL,NL,forecast_load,Forecasted Load,2026-09-04T14:45:44Z
2026-09-04T14:45:09Z,2026-09-04T16:45:09+0200,8952467a-fca4-4f59-8ae6-677e671a7665,2026-09-05T00:45:00Z,2026-09-05T02:45:00+0200,10671.83,MW,NL,NL,forecast_load,Forecasted Load,2026-09-04T14:45:44Z
2026-09-04T14:45:09Z,2026-09-04T16:45:09+0200,8952467a-fca4-4f59-8ae6-677e671a7665,2026-09-05T01:00:00Z,2026-09-05T03:00:00+0200,10617.976,MW,NL,NL,forecast_load,Forecasted Load,2026-09-04T14:45:44Z
2026-09-04T14:45:09Z,2026-09-04T16:45:09+0200,8952467a-fca4-4f59-8ae6-677e671a7665,2026-09-05T01:15:00Z,2026-09-05T03:15:00+0200,10540.135,MW,NL,NL,forecast_load,Forecasted Load,2026-09-04T14:45:44Z
2026-09-04T14:45:09Z,2026-09-04T16:45:09+0200,8952467a-fca4-4f59-8ae6-677e671a7665,2026-09-05T01:30:00Z,2026-09-05T03:30:00+0200,10543.963,MW,NL,NL,forecast_load,Forecasted Load,2026-09-04T14:45:44Z
2026-09-04T14:45:09Z,2026-09-04T16:45:09+0200,8952467a-fca4-4f59-8ae6-677e671a7665,2026-09-05T01:45:00Z,2026-09-05T03:45:00+0200,10564.522,MW,NL,NL,forecast_load,Forecasted Load,2026-09-04T14:45:44Z
2026-09-04T14:45:09Z,2026-09-04T16:45:09+0200,8952467a-fca4-4f59-8ae6-677e671a7665,2026-09-05T02:00:00Z,2026-09-05T04:00:00+0200,10521.625,MW,NL,NL,forecast_load,Forecasted Load,2026-09-04T14:45:44Z
2026-09-04T14:45:09Z,2026-09-04T16:45:09+0200,8952467a-fca4-4f59-8ae6-677e671a7665,2026-09-05T02:15:00Z,2026-09-05T04:15:00+0200,10474.697,MW,NL,NL,forecast_load,Forecasted Load,2026-09-04T14:45:44Z
2026-09-04T14:45:09Z,2026-09-04T16:45:09+0200,8952467a-fca4-4f59-8ae6-677e671a7665,2026-09-05T02:30:00Z,2026-09-05T04:30:00+0200,10362.279,MW,NL,NL,forecast_load,Forecasted Load,2026-09-04T14:45:44Z
2026-09-04T14:45:09Z,2026-09-04T16:45:09+0200,8952467a-fca4-4f59-8ae6-677e671a7665,2026-09-05T02:45:00Z,2026-09-05T04:45:00+0200,10377.579,MW,NL,NL,forecast_load,Forecasted Load,2026-09-04T14:45:44Z
2026-09-04T14:45:09Z,2026-09-04T16:45:09+0200,8952467a-fca4-4f59-8ae6-677e671a7665,2026-09-05T03:00:00Z,2026-09-05T05:00:00+0200,10277.589,MW,NL,NL,forecast_load,Forecasted Load,2026-09-04T14:45:44Z
2026-09-04T14:45:09Z,2026-09-04T16:45:09+0200,8952467a-fca4-4f59-8ae6-677e671a7665,2026-09-05T03:15:00Z,2026-09-05T05:15:00+0200,10245.835,MW,NL,NL,forecast_load,Forecasted Load,2026-09-04T14:45:44Z
2026-09-04T14:45:09Z,2026-09-04T16:45:09+0200,8952467a-fca4-4f59-8ae6-677e671a7665,2026-09-05T03:30:00Z,2026-09-05T05:30:00+0200,10167.539,MW,NL,NL,forecast_load,Forecasted Load,2026-09-04T14:45:44Z
2026-09-04T14:45:09Z,2026-09-04T16:45:09+0200,8952467a-fca4-4f59-8ae6-677e671a7665,2026-09-05T03:45:00Z,2026-09-05T05:45:00+0200,10104.885,MW,NL,NL,forecast_load,Forecasted Load,2026-09-04T14:45:44Z
2026-09-04T14:45:09Z,2026-09-04T16:45:09+0200,8952467a-fca4-4f59-8ae6-677e671a7665,2026-09-05T04:00:00Z,2026-09-05T06:00:00+0200,10205.38,MW,NL,NL,forecast_load,Forecasted Load,2026-09-04T14:45:44Z
2026-09-04T14:45:09Z,2026-09-04T16:45:09+0200,8952467a-fca4-4f59-8ae6-677e671a7665,2026-09-05T04:15:00Z,2026-09-05T06:15:00+0200,10209.338,MW,NL,NL,forecast_load,Forecasted Load,2026-09-04T14:45:44Z
2026-09-04T14:45:09Z,2026-09-04T16:45:09+0200,8952467a-fca4-4f59-8ae6-677e671a7665,2026-09-05T04:30:00Z,2026-09-05T06:30:00+0200,10207.452,MW,NL,NL,forecast_load,Forecasted Load,2026-09-04T14:45:44Z
2026-09-04T14:45:09Z,2026-09-04T16:45:09+0200,8952467a-fca4-4f59-8ae6-677e671a7665,2026-09-05T04:45:00Z,2026-09-05T06:45:00+0200,10190.514,MW,NL,NL,forecast_load,Forecasted Load,2026-09-04T14:45:44Z
2026-09-04T14:45:09Z,2026-09-04T16:45:09+0200,8952467a-fca4-4f59-8ae6-677e671a7665,2026-09-05T05:00:00Z,2026-09-05T07:00:00+0200,10282.01,MW,NL,NL,forecast_load,Forecasted Load,2026-09-04T14:45:44Z
2026-09-04T14:45:09Z,2026-09-04T16:45:09+0200,8952467a-fca4-4f59-8ae6-677e671a7665,2026-09-05T05:15:00Z,2026-09-05T07:15:00+0200,10285.754,MW,NL,NL,forecast_load,Forecasted Load,2026-09-04T14:45:44Z
2026-09-04T14:45:09Z,2026-09-04T16:45:09+0200,8952467a-fca4-4f59-8ae6-677e671a7665,2026-09-05T05:30:00Z,2026-09-05T07:30:00+0200,10181.811,MW,NL,NL,forecast_load,Forecasted Load,2026-09-04T14:45:44Z
2026-09-04T14:45:09Z,2026-09-04T16:45:09+0200,8952467a-fca4-4f59-8ae6-677e671a7665,2026-09-05T05:45:00Z,2026-09-05T07:45:00+0200,10261.825,MW,NL,NL,forecast_load,Forecasted Load,2026-09-04T14:45:44Z
2026-09-04T14:45:09Z,2026-09-04T16:45:09+0200,8952467a-fca4-4f59-8ae6-677e671a7665,2026-09-05T06:00:00Z,2026-09-05T08:00:00+0200,10240.851,MW,NL,NL,forecast_load,Forecasted Load,2026-09-04T14:45:44Z
2026-09-04T14:45:09Z,2026-09-04T16:45:09+0200,8952467a-fca4-4f59-8ae6-677e671a7665,2026-09-05T06:15:00Z,2026-09-05T08:15:00+0200,9935.99,MW,NL,NL,forecast_load,Forecasted Load,2026-09-04T14:45:44Z
2026-09-04T14:45:09Z,2026-09-04T16:45:09+0200,8952467a-fca4-4f59-8ae6-677e671a7665,2026-09-05T06:30:00Z,2026-09-05T08:30:00+0200,9713.004,MW,NL,NL,forecast_load,Forecasted Load,2026-09-04T14:45:44Z
2026-09-04T14:45:09Z,2026-09-04T16:45:09+0200,8952467a-fca4-4f59-8ae6-677e671a7665,2026-09-05T06:45:00Z,2026-09-05T08:45:00+0200,9513.178,MW,NL,NL,forecast_load,Forecasted Load,2026-09-04T14:45:44Z
2026-09-04T14:45:09Z,2026-09-04T16:45:09+0200,8952467a-fca4-4f59-8ae6-677e671a7665,2026-09-05T07:00:00Z,2026-09-05T09:00:00+0200,9433.027,MW,NL,NL,forecast_load,Forecasted Load,2026-09-04T14:45:44Z
2026-09-04T14:45:09Z,2026-09-04T16:45:09+0200,8952467a-fca4-4f59-8ae6-677e671a7665,2026-09-05T07:15:00Z,2026-09-05T09:15:00+0200,9147.744,MW,NL,NL,forecast_load,Forecasted Load,2026-09-04T14:45:44Z
2026-09-04T14:45:09Z,2026-09-04T16:45:09+0200,8952467a-fca4-4f59-8ae6-677e671a7665,2026-09-05T07:30:00Z,2026-09-05T09:30:00+0200,8954.277,MW,NL,NL,forecast_load,Forecasted Load,2026-09-04T14:45:44Z
2026-09-04T14:45:09Z,2026-09-04T16:45:09+0200,8952467a-fca4-4f59-8ae6-677e671a7665,2026-09-05T07:45:00Z,2026-09-05T09:45:00+0200,8653.479,MW,NL,NL,forecast_load,Forecasted Load,2026-09-04T14:45:44Z
2026-09-04T14:45:09Z,2026-09-04T16:45:09+0200,8952467a-fca4-4f59-8ae6-677e671a7665,2026-09-05T08:00:00Z,2026-09-05T10:00:00+0200,8519.099,MW,NL,NL,forecast_load,Forecasted Load,2026-09-04T14:45:44Z
2026-09-04T14:45:09Z,2026-09-04T16:45:09+0200,8952467a-fca4-4f59-8ae6-677e671a7665,2026-09-05T08:15:00Z,2026-09-05T10:15:00+0200,8331.073,MW,NL,NL,forecast_load,Forecasted Load,2026-09-04T14:45:44Z
2026-09-04T14:45:09Z,2026-09-04T16:45:09+0200,8952467a-fca4-4f59-8ae6-677e671a7665,2026-09-05T08:30:00Z,2026-09-05T10:30:00+0200,7973.807,MW,NL,NL,forecast_load,Forecasted Load,2026-09-04T14:45:44Z
2026-09-04T14:45:09Z,2026-09-04T16:45:09+0200,8952467a-fca4-4f59-8ae6-677e671a7665,2026-09-05T08:45:00Z,2026-09-05T10:45:00+0200,7643.45,MW,NL,NL,forecast_load,Forecasted Load,2026-09-04T14:45:44Z
2026-09-04T14:45:09Z,2026-09-04T16:45:09+0200,8952467a-fca4-4f59-8ae6-677e671a7665,2026-09-05T09:00:00Z,2026-09-05T11:00:00+0200,7431.194,MW,NL,NL,forecast_load,Forecasted Load,2026-09-04T14:45:44Z
2026-09-04T14:45:09Z,2026-09-04T16:45:09+0200,8952467a-fca4-4f59-8ae6-677e671a7665,2026-09-05T09:15:00Z,2026-09-05T11:15:00+0200,7122.226,MW,NL,NL,forecast_load,Forecasted Load,2026-09-04T14:45:44Z
2026-09-04T14:45:09Z,2026-09-04T16:45:09+0200,8952467a-fca4-4f59-8ae6-677e671a7665,2026-09-05T09:30:00Z,2026-09-05T11:30:00+0200,6930.707,MW,NL,NL,forecast_load,Forecasted Load,2026-09-04T14:45:44Z
2026-09-04T14:45:09Z,2026-09-04T16:45:09+0200,8952467a-fca4-4f59-8ae6-677e671a7665,2026-09-05T09:45:00Z,2026-09-05T11:45:00+0200,6737.066,MW,NL,NL,forecast_load,Forecasted Load,2026-09-04T14:45:44Z
2026-09-04T14:45:09Z,2026-09-04T16:45:09+0200,8952467a-fca4-4f59-8ae6-677e671a7665,2026-09-05T10:00:00Z,2026-09-05T12:00:00+0200,7028.144,MW,NL,NL,forecast_load,Forecasted Load,2026-09-04T14:45:44Z
2026-09-04T14:45:09Z,2026-09-04T16:45:09+0200,8952467a-fca4-4f59-8ae6-677e671a7665,2026-09-05T10:15:00Z,2026-09-05T12:15:00+0200,7115.656,MW,NL,NL,forecast_load,Forecasted Load,2026-09-04T14:45:44Z
2026-09-04T14:45:09Z,2026-09-04T16:45:09+0200,8952467a-fca4-4f59-8ae6-677e671a7665,2026-09-05T10:30:00Z,2026-09-05T12:30:00+0200,7143.683,MW,NL,NL,forecast_load,Forecasted Load,2026-09-04T14:45:44Z
2026-09-04T14:45:09Z,2026-09-04T16:45:09+0200,8952467a-fca4-4f59-8ae6-677e671a7665,2026-09-05T10:45:00Z,2026-09-05T12:45:00+0200,7257.745,MW,NL,NL,forecast_load,Forecasted Load,2026-09-04T14:45:44Z
2026-09-04T14:45:09Z,2026-09-04T16:45:09+0200,8952467a-fca4-4f59-8ae6-677e671a7665,2026-09-05T11:00:00Z,2026-09-05T13:00:00+0200,7064.357,MW,NL,NL,forecast_load,Forecasted Load,2026-09-04T14:45:44Z
2026-09-04T14:45:09Z,2026-09-04T16:45:09+0200,8952467a-fca4-4f59-8ae6-677e671a7665,2026-09-05T11:15:00Z,2026-09-05T13:15:00+0200,7133.103,MW,NL,NL,forecast_load,Forecasted Load,2026-09-04T14:45:44Z
2026-09-04T14:45:09Z,2026-09-04T16:45:09+0200,8952467a-fca4-4f59-8ae6-677e671a7665,2026-09-05T11:30:00Z,2026-09-05T13:30:00+0200,7202.82,MW,NL,NL,forecast_load,Forecasted Load,2026-09-04T14:45:44Z
2026-09-04T14:45:09Z,2026-09-04T16:45:09+0200,8952467a-fca4-4f59-8ae6-677e671a7665,2026-09-05T11:45:00Z,2026-09-05T13:45:00+0200,7209.178,MW,NL,NL,forecast_load,Forecasted Load,2026-09-04T14:45:44Z
2026-09-04T14:45:09Z,2026-09-04T16:45:09+0200,8952467a-fca4-4f59-8ae6-677e671a7665,2026-09-05T12:00:00Z,2026-09-05T14:00:00+0200,7162.562,MW,NL,NL,forecast_load,Forecasted Load,2026-09-04T14:45:44Z
2026-09-04T14:45:09Z,2026-09-04T16:45:09+0200,8952467a-fca4-4f59-8ae6-677e671a7665,2026-09-05T12:15:00Z,2026-09-05T14:15:00+0200,7484.094,MW,NL,NL,forecast_load,Forecasted Load,2026-09-04T14:45:44Z
2026-09-04T14:45:09Z,2026-09-04T16:45:09+0200,8952467a-fca4-4f59-8ae6-677e671a7665,2026-09-05T12:30:00Z,2026-09-05T14:30:00+0200,7693.911,MW,NL,NL,forecast_load,Forecasted Load,2026-09-04T14:45:44Z
2026-09-04T14:45:09Z,2026-09-04T16:45:09+0200,8952467a-fca4-4f59-8ae6-677e671a7665,2026-09-05T12:45:00Z,2026-09-05T14:45:00+0200,7802.907,MW,NL,NL,forecast_load,Forecasted Load,2026-09-04T14:45:44Z
2026-09-04T14:45:09Z,2026-09-04T16:45:09+0200,8952467a-fca4-4f59-8ae6-677e671a7665,2026-09-05T13:00:00Z,2026-09-05T15:00:00+0200,7737.503,MW,NL,NL,forecast_load,Forecasted Load,2026-09-04T14:45:44Z
2026-09-04T14:45:09Z,2026-09-04T16:45:09+0200,8952467a-fca4-4f59-8ae6-677e671a7665,2026-09-05T13:15:00Z,2026-09-05T15:15:00+0200,7752.203,MW,NL,NL,forecast_load,Forecasted Load,2026-09-04T14:45:44Z
2026-09-04T14:45:09Z,2026-09-04T16:45:09+0200,8952467a-fca4-4f59-8ae6-677e671a7665,2026-09-05T13:30:00Z,2026-09-05T15:30:00+0200,7947.353,MW,NL,NL,forecast_load,Forecasted Load,2026-09-04T14:45:44Z
2026-09-04T14:45:09Z,2026-09-04T16:45:09+0200,8952467a-fca4-4f59-8ae6-677e671a7665,2026-09-05T13:45:00Z,2026-09-05T15:45:00+0200,8050.138,MW,NL,NL,forecast_load,Forecasted Load,2026-09-04T14:45:44Z
2026-09-04T14:45:09Z,2026-09-04T16:45:09+0200,8952467a-fca4-4f59-8ae6-677e671a7665,2026-09-05T14:00:00Z,2026-09-05T16:00:00+0200,8219.411,MW,NL,NL,forecast_load,Forecasted Load,2026-09-04T14:45:44Z
2026-09-04T14:45:09Z,2026-09-04T16:45:09+0200,8952467a-fca4-4f59-8ae6-677e671a7665,2026-09-05T14:15:00Z,2026-09-05T16:15:00+0200,8381.874,MW,NL,NL,forecast_load,Forecasted Load,2026-09-04T14:45:44Z
2026-09-04T14:45:09Z,2026-09-04T16:45:09+0200,8952467a-fca4-4f59-8ae6-677e671a7665,2026-09-05T14:30:00Z,2026-09-05T16:30:00+0200,8687.245,MW,NL,NL,forecast_load,Forecasted Load,2026-09-04T14:45:44Z
2026-09-04T14:45:09Z,2026-09-04T16:45:09+0200,8952467a-fca4-4f59-8ae6-677e671a7665,2026-09-05T14:45:00Z,2026-09-05T16:45:00+0200,8913.317,MW,NL,NL,forecast_load,Forecasted Load,2026-09-04T14:45:44Z
2026-09-04T14:45:09Z,2026-09-04T16:45:09+0200,8952467a-fca4-4f59-8ae6-677e671a7665,2026-09-05T15:00:00Z,2026-09-05T17:00:00+0200,9096.628,MW,NL,NL,forecast_load,Forecasted Load,2026-09-04T14:45:44Z
2026-09-04T14:45:09Z,2026-09-04T16:45:09+0200,8952467a-fca4-4f59-8ae6-677e671a7665,2026-09-05T15:15:00Z,2026-09-05T17:15:00+0200,9406.292,MW,NL,NL,forecast_load,Forecasted Load,2026-09-04T14:45:44Z
2026-09-04T14:45:09Z,2026-09-04T16:45:09+0200,8952467a-fca4-4f59-8ae6-677e671a7665,2026-09-05T15:30:00Z,2026-09-05T17:30:00+0200,9736.481,MW,NL,NL,forecast_load,Forecasted Load,2026-09-04T14:45:44Z
2026-09-04T14:45:09Z,2026-09-04T16:45:09+0200,8952467a-fca4-4f59-8ae6-677e671a7665,2026-09-05T15:45:00Z,2026-09-05T17:45:00+0200,9947.157,MW,NL,NL,forecast_load,Forecasted Load,2026-09-04T14:45:44Z
2026-09-04T14:45:09Z,2026-09-04T16:45:09+0200,8952467a-fca4-4f59-8ae6-677e671a7665,2026-09-05T16:00:00Z,2026-09-05T18:00:00+0200,10175.162,MW,NL,NL,forecast_load,Forecasted Load,2026-09-04T14:45:44Z
2026-09-04T14:45:09Z,2026-09-04T16:45:09+0200,8952467a-fca4-4f59-8ae6-677e671a7665,2026-09-05T16:15:00Z,2026-09-05T18:15:00+0200,10419.596,MW,NL,NL,forecast_load,Forecasted Load,2026-09-04T14:45:44Z
2026-09-04T14:45:09Z,2026-09-04T16:45:09+0200,8952467a-fca4-4f59-8ae6-677e671a7665,2026-09-05T16:30:00Z,2026-09-05T18:30:00+0200,10762.533,MW,NL,NL,forecast_load,Forecasted Load,2026-09-04T14:45:44Z
2026-09-04T14:45:09Z,2026-09-04T16:45:09+0200,8952467a-fca4-4f59-8ae6-677e671a7665,2026-09-05T16:45:00Z,2026-09-05T18:45:00+0200,10866.285,MW,NL,NL,forecast_load,Forecasted Load,2026-09-04T14:45:44Z
2026-09-04T14:45:09Z,2026-09-04T16:45:09+0200,8952467a-fca4-4f59-8ae6-677e671a7665,2026-09-05T17:00:00Z,2026-09-05T19:00:00+0200,10892.404,MW,NL,NL,forecast_load,Forecasted Load,2026-09-04T14:45:44Z
2026-09-04T14:45:09Z,2026-09-04T16:45:09+0200,8952467a-fca4-4f59-8ae6-677e671a7665,2026-09-05T17:15:00Z,2026-09-05T19:15:00+0200,10956.982,MW,NL,NL,forecast_load,Forecasted Load,2026-09-04T14:45:44Z
2026-09-04T14:45:09Z,2026-09-04T16:45:09+0200,8952467a-fca4-4f59-8ae6-677e671a7665,2026-09-05T17:30:00Z,2026-09-05T19:30:00+0200,11050.481,MW,NL,NL,forecast_load,Forecasted Load,2026-09-04T14:45:44Z
2026-09-04T14:45:09Z,2026-09-04T16:45:09+0200,8952467a-fca4-4f59-8ae6-677e671a7665,2026-09-05T17:45:00Z,2026-09-05T19:45:00+0200,10998.732,MW,NL,NL,forecast_load,Forecasted Load,2026-09-04T14:45:44Z
2026-09-04T14:45:09Z,2026-09-04T16:45:09+0200,8952467a-fca4-4f59-8ae6-677e671a7665,2026-09-05T18:00:00Z,2026-09-05T20:00:00+0200,11168.213,MW,NL,NL,forecast_load,Forecasted Load,2026-09-04T14:45:44Z
2026-09-04T14:45:09Z,2026-09-04T16:45:09+0200,8952467a-fca4-4f59-8ae6-677e671a7665,2026-09-05T18:15:00Z,2026-09-05T20:15:00+0200,11270.922,MW,NL,NL,forecast_load,Forecasted Load,2026-09-04T14:45:44Z
2026-09-04T14:45:09Z,2026-09-04T16:45:09+0200,8952467a-fca4-4f59-8ae6-677e671a7665,2026-09-05T18:30:00Z,2026-09-05T20:30:00+0200,11367.272,MW,NL,NL,forecast_load,Forecasted Load,2026-09-04T14:45:44Z
2026-09-04T14:45:09Z,2026-09-04T16:45:09+0200,8952467a-fca4-4f59-8ae6-677e671a7665,2026-09-05T18:45:00Z,2026-09-05T20:45:00+0200,11417.744,MW,NL,NL,forecast_load,Forecasted Load,2026-09-04T14:45:44Z
2026-09-04T14:45:09Z,2026-09-04T16:45:09+0200,8952467a-fca4-4f59-8ae6-677e671a7665,2026-09-05T19:00:00Z,2026-09-05T21:00:00+0200,11527.51,MW,NL,NL,forecast_load,Forecasted Load,2026-09-04T14:45:44Z
2026-09-04T14:45:09Z,2026-09-04T16:45:09+0200,8952467a-fca4-4f59-8ae6-677e671a7665,2026-09-05T19:15:00Z,2026-09-05T21:15:00+0200,11411.226,MW,NL,NL,forecast_load,Forecasted Load,2026-09-04T14:45:44Z
2026-09-04T14:45:09Z,2026-09-04T16:45:09+0200,8952467a-fca4-4f59-8ae6-677e671a7665,2026-09-05T19:30:00Z,2026-09-05T21:30:00+0200,11349.947,MW,NL,NL,forecast_load,Forecasted Load,2026-09-04T14:45:44Z
2026-09-04T14:45:09Z,2026-09-04T16:45:09+0200,8952467a-fca4-4f59-8ae6-677e671a7665,2026-09-05T19:45:00Z,2026-09-05T21:45:00+0200,11337.27,MW,NL,NL,forecast_load,Forecasted Load,2026-09-04T14:45:44Z
2026-09-04T14:45:09Z,2026-09-04T16:45:09+0200,8952467a-fca4-4f59-8ae6-677e671a7665,2026-09-05T20:00:00Z,2026-09-05T22:00:00+0200,11369.898,MW,NL,NL,forecast_load,Forecasted Load,2026-09-04T14:45:44Z
2026-09-04T14:45:09Z,2026-09-04T16:45:09+0200,8952467a-fca4-4f59-8ae6-677e671a7665,2026-09-05T20:15:00Z,2026-09-05T22:15:00+0200,11172.041,MW,NL,NL,forecast_load,Forecasted Load,2026-09-04T14:45:44Z
2026-09-04T14:45:09Z,2026-09-04T16:45:09+0200,8952467a-fca4-4f59-8ae6-677e671a7665,2026-09-05T20:30:00Z,2026-09-05T22:30:00+0200,11203.269,MW,NL,NL,forecast_load,Forecasted Load,2026-09-04T14:45:44Z
2026-09-04T14:45:09Z,2026-09-04T16:45:09+0200,8952467a-fca4-4f59-8ae6-677e671a7665,2026-09-05T20:45:00Z,2026-09-05T22:45:00+0200,11186.087,MW,NL,NL,forecast_load,Forecasted Load,2026-09-04T14:45:44Z
2026-09-04T14:45:09Z,2026-09-04T16:45:09+0200,8952467a-fca4-4f59-8ae6-677e671a7665,2026-09-05T21:00:00Z,2026-09-05T23:00:00+0200,11081.187,MW,NL,NL,forecast_load,Forecasted Load,2026-09-04T14:45:44Z
2026-09-04T14:45:09Z,2026-09-04T16:45:09+0200,8952467a-fca4-4f59-8ae6-677e671a7665,2026-09-05T21:15:00Z,2026-09-05T23:15:00+0200,10889.855,MW,NL,NL,forecast_load,Forecasted Load,2026-09-04T14:45:44Z
2026-09-04T14:45:09Z,2026-09-04T16:45:09+0200,8952467a-fca4-4f59-8ae6-677e671a7665,2026-09-05T21:30:00Z,2026-09-05T23:30:00+0200,10865.656,MW,NL,NL,forecast_load,Forecasted Load,2026-09-04T14:45:44Z
2026-09-04T14:45:09Z,2026-09-04T16:45:09+0200,8952467a-fca4-4f59-8ae6-677e671a7665,2026-09-05T21:45:00Z,2026-09-05T23:45:00+0200,10803.451,MW,NL,NL,forecast_load,Forecasted Load,2026-09-04T14:45:44Z
