collection_time_utc,collection_time_local,run_id,timestamp_utc,timestamp_local,value,unit,country,entsoe_area,variable,source,updated_at_utc
2026-08-29T22:37:58Z,2026-08-30T00:37:58+0200,ede4ebfd-4cb0-4b05-bc4d-04fd38aa5047,2026-07-29T23:00:00Z,2026-07-30T01:00:00+0200,0.0,MW,DE,DE_LU,forecast_solar_generation,Solar,2026-08-29T22:40:46Z
2026-08-29T22:37:58Z,2026-08-30T00:37:58+0200,ede4ebfd-4cb0-4b05-bc4d-04fd38aa5047,2026-07-29T23:15:00Z,2026-07-30T01:15:00+0200,0.0,MW,DE,DE_LU,forecast_solar_generation,Solar,2026-08-29T22:40:46Z
2026-08-29T22:37:58Z,2026-08-30T00:37:58+0200,ede4ebfd-4cb0-4b05-bc4d-04fd38aa5047,2026-07-29T23:30:00Z,2026-07-30T01:30:00+0200,0.0,MW,DE,DE_LU,forecast_solar_generation,Solar,2026-08-29T22:40:46Z
2026-08-29T22:37:58Z,2026-08-30T00:37:58+0200,ede4ebfd-4cb0-4b05-bc4d-04fd38aa5047,2026-07-29T23:45:00Z,2026-07-30T01:45:00+0200,0.0,MW,DE,DE_LU,forecast_solar_generation,Solar,2026-08-29T22:40:46Z
2026-08-29T22:37:58Z,2026-08-30T00:37:58+0200,ede4ebfd-4cb0-4b05-bc4d-04fd38aa5047,2026-07-30T00:00:00Z,2026-07-30T02:00:00+0200,0.0,MW,DE,DE_LU,forecast_solar_generation,Solar,2026-08-29T22:40:46Z
2026-08-29T22:37:58Z,2026-08-30T00:37:58+0200,ede4ebfd-4cb0-4b05-bc4d-04fd38aa5047,2026-07-30T00:15:00Z,2026-07-30T02:15:00+0200,0.0,MW,DE,DE_LU,forecast_solar_generation,Solar,2026-08-29T22:40:46Z
2026-08-29T22:37:58Z,2026-08-30T00:37:58+0200,ede4ebfd-4cb0-4b05-bc4d-04fd38aa5047,2026-07-30T00:30:00Z,2026-07-30T02:30:00+0200,0.0,MW,DE,DE_LU,forecast_solar_generation,Solar,2026-08-29T22:40:46Z
2026-08-29T22:37:58Z,2026-08-30T00:37:58+0200,ede4ebfd-4cb0-4b05-bc4d-04fd38aa5047,2026-07-30T00:45:00Z,2026-07-30T02:45:00+0200,0.0,MW,DE,DE_LU,forecast_solar_generation,Solar,2026-08-29T22:40:46Z
2026-08-29T22:37:58Z,2026-08-30T00:37:58+0200,ede4ebfd-4cb0-4b05-bc4d-04fd38aa5047,2026-07-30T01:00:00Z,2026-07-30T03:00:00+0200,0.0,MW,DE,DE_LU,forecast_solar_generation,Solar,2026-08-29T22:40:46Z
2026-08-29T22:37:58Z,2026-08-30T00:37:58+0200,ede4ebfd-4cb0-4b05-bc4d-04fd38aa5047,2026-07-30T01:15:00Z,2026-07-30T03:15:00+0200,0.0,MW,DE,DE_LU,forecast_solar_generation,Solar,2026-08-29T22:40:46Z
2026-08-29T22:37:58Z,2026-08-30T00:37:58+0200,ede4ebfd-4cb0-4b05-bc4d-04fd38aa5047,2026-07-30T01:30:00Z,2026-07-30T03:30:00+0200,0.0,MW,DE,DE_LU,forecast_solar_generation,Solar,2026-08-29T22:40:46Z
2026-08-29T22:37:58Z,2026-08-30T00:37:58+0200,ede4ebfd-4cb0-4b05-bc4d-04fd38aa5047,2026-07-30T01:45:00Z,2026-07-30T03:45:00+0200,0.0,MW,DE,DE_LU,forecast_solar_generation,Solar,2026-08-29T22:40:46Z
2026-08-29T22:37:58Z,2026-08-30T00:37:58+0200,ede4ebfd-4cb0-4b05-bc4d-04fd38aa5047,2026-07-30T02:00:00Z,2026-07-30T04:00:00+0200,0.0,MW,DE,DE_LU,forecast_solar_generation,Solar,2026-08-29T22:40:46Z
2026-08-29T22:37:58Z,2026-08-30T00:37:58+0200,ede4ebfd-4cb0-4b05-bc4d-04fd38aa5047,2026-07-30T02:15:00Z,2026-07-30T04:15:00+0200,0.0,MW,DE,DE_LU,forecast_solar_generation,Solar,2026-08-29T22:40:46Z
2026-08-29T22:37:58Z,2026-08-30T00:37:58+0200,ede4ebfd-4cb0-4b05-bc4d-04fd38aa5047,2026-07-30T02:30:00Z,2026-07-30T04:30:00+0200,0.0,MW,DE,DE_LU,forecast_solar_generation,Solar,2026-08-29T22:40:46Z
2026-08-29T22:37:58Z,2026-08-30T00:37:58+0200,ede4ebfd-4cb0-4b05-bc4d-04fd38aa5047,2026-07-30T02:45:00Z,2026-07-30T04:45:00+0200,0.0,MW,DE,DE_LU,forecast_solar_generation,Solar,2026-08-29T22:40:46Z
2026-08-29T22:37:58Z,2026-08-30T00:37:58+0200,ede4ebfd-4cb0-4b05-bc4d-04fd38aa5047,2026-07-30T03:00:00Z,2026-07-30T05:00:00+0200,0.28,MW,DE,DE_LU,forecast_solar_generation,Solar,2026-08-29T22:40:46Z
2026-08-29T22:37:58Z,2026-08-30T00:37:58+0200,ede4ebfd-4cb0-4b05-bc4d-04fd38aa5047,2026-07-30T03:15:00Z,2026-07-30T05:15:00+0200,10.171,MW,DE,DE_LU,forecast_solar_generation,Solar,2026-08-29T22:40:46Z
2026-08-29T22:37:58Z,2026-08-30T00:37:58+0200,ede4ebfd-4cb0-4b05-bc4d-04fd38aa5047,2026-07-30T03:30:00Z,2026-07-30T05:30:00+0200,90.53947,MW,DE,DE_LU,forecast_solar_generation,Solar,2026-08-29T22:40:46Z
2026-08-29T22:37:58Z,2026-08-30T00:37:58+0200,ede4ebfd-4cb0-4b05-bc4d-04fd38aa5047,2026-07-30T03:45:00Z,2026-07-30T05:45:00+0200,363.06348,MW,DE,DE_LU,forecast_solar_generation,Solar,2026-08-29T22:40:46Z
2026-08-29T22:37:58Z,2026-08-30T00:37:58+0200,ede4ebfd-4cb0-4b05-bc4d-04fd38aa5047,2026-07-30T04:00:00Z,2026-07-30T06:00:00+0200,997.52615,MW,DE,DE_LU,forecast_solar_generation,Solar,2026-08-29T22:40:46Z
2026-08-29T22:37:58Z,2026-08-30T00:37:58+0200,ede4ebfd-4cb0-4b05-bc4d-04fd38aa5047,2026-07-30T04:15:00Z,2026-07-30T06:15:00+0200,1967.05307,MW,DE,DE_LU,forecast_solar_generation,Solar,2026-08-29T22:40:46Z
2026-08-29T22:37:58Z,2026-08-30T00:37:58+0200,ede4ebfd-4cb0-4b05-bc4d-04fd38aa5047,2026-07-30T04:30:00Z,2026-07-30T06:30:00+0200,3163.21775,MW,DE,DE_LU,forecast_solar_generation,Solar,2026-08-29T22:40:46Z
2026-08-29T22:37:58Z,2026-08-30T00:37:58+0200,ede4ebfd-4cb0-4b05-bc4d-04fd38aa5047,2026-07-30T04:45:00Z,2026-07-30T06:45:00+0200,4629.59309,MW,DE,DE_LU,forecast_solar_generation,Solar,2026-08-29T22:40:46Z
2026-08-29T22:37:58Z,2026-08-30T00:37:58+0200,ede4ebfd-4cb0-4b05-bc4d-04fd38aa5047,2026-07-30T05:00:00Z,2026-07-30T07:00:00+0200,6490.75626,MW,DE,DE_LU,forecast_solar_generation,Solar,2026-08-29T22:40:46Z
2026-08-29T22:37:58Z,2026-08-30T00:37:58+0200,ede4ebfd-4cb0-4b05-bc4d-04fd38aa5047,2026-07-30T05:15:00Z,2026-07-30T07:15:00+0200,8824.81961,MW,DE,DE_LU,forecast_solar_generation,Solar,2026-08-29T22:40:46Z
2026-08-29T22:37:58Z,2026-08-30T00:37:58+0200,ede4ebfd-4cb0-4b05-bc4d-04fd38aa5047,2026-07-30T05:30:00Z,2026-07-30T07:30:00+0200,11566.64,MW,DE,DE_LU,forecast_solar_generation,Solar,2026-08-29T22:40:46Z
2026-08-29T22:37:58Z,2026-08-30T00:37:58+0200,ede4ebfd-4cb0-4b05-bc4d-04fd38aa5047,2026-07-30T05:45:00Z,2026-07-30T07:45:00+0200,14582.76255,MW,DE,DE_LU,forecast_solar_generation,Solar,2026-08-29T22:40:46Z
2026-08-29T22:37:58Z,2026-08-30T00:37:58+0200,ede4ebfd-4cb0-4b05-bc4d-04fd38aa5047,2026-07-30T06:00:00Z,2026-07-30T08:00:00+0200,17799.27371,MW,DE,DE_LU,forecast_solar_generation,Solar,2026-08-29T22:40:46Z
2026-08-29T22:37:58Z,2026-08-30T00:37:58+0200,ede4ebfd-4cb0-4b05-bc4d-04fd38aa5047,2026-07-30T06:15:00Z,2026-07-30T08:15:00+0200,21114.34478,MW,DE,DE_LU,forecast_solar_generation,Solar,2026-08-29T22:40:46Z
2026-08-29T22:37:58Z,2026-08-30T00:37:58+0200,ede4ebfd-4cb0-4b05-bc4d-04fd38aa5047,2026-07-30T06:30:00Z,2026-07-30T08:30:00+0200,24458.51805,MW,DE,DE_LU,forecast_solar_generation,Solar,2026-08-29T22:40:46Z
2026-08-29T22:37:58Z,2026-08-30T00:37:58+0200,ede4ebfd-4cb0-4b05-bc4d-04fd38aa5047,2026-07-30T06:45:00Z,2026-07-30T08:45:00+0200,27717.18728,MW,DE,DE_LU,forecast_solar_generation,Solar,2026-08-29T22:40:46Z
2026-08-29T22:37:58Z,2026-08-30T00:37:58+0200,ede4ebfd-4cb0-4b05-bc4d-04fd38aa5047,2026-07-30T07:00:00Z,2026-07-30T09:00:00+0200,30813.01786,MW,DE,DE_LU,forecast_solar_generation,Solar,2026-08-29T22:40:46Z
2026-08-29T22:37:58Z,2026-08-30T00:37:58+0200,ede4ebfd-4cb0-4b05-bc4d-04fd38aa5047,2026-07-30T07:15:00Z,2026-07-30T09:15:00+0200,33759.36256,MW,DE,DE_LU,forecast_solar_generation,Solar,2026-08-29T22:40:46Z
2026-08-29T22:37:58Z,2026-08-30T00:37:58+0200,ede4ebfd-4cb0-4b05-bc4d-04fd38aa5047,2026-07-30T07:30:00Z,2026-07-30T09:30:00+0200,36559.13693,MW,DE,DE_LU,forecast_solar_generation,Solar,2026-08-29T22:40:46Z
2026-08-29T22:37:58Z,2026-08-30T00:37:58+0200,ede4ebfd-4cb0-4b05-bc4d-04fd38aa5047,2026-07-30T07:45:00Z,2026-07-30T09:45:00+0200,39153.49615,MW,DE,DE_LU,forecast_solar_generation,Solar,2026-08-29T22:40:46Z
2026-08-29T22:37:58Z,2026-08-30T00:37:58+0200,ede4ebfd-4cb0-4b05-bc4d-04fd38aa5047,2026-07-30T08:00:00Z,2026-07-30T10:00:00+0200,41552.91039,MW,DE,DE_LU,forecast_solar_generation,Solar,2026-08-29T22:40:46Z
2026-08-29T22:37:58Z,2026-08-30T00:37:58+0200,ede4ebfd-4cb0-4b05-bc4d-04fd38aa5047,2026-07-30T08:15:00Z,2026-07-30T10:15:00+0200,43784.28502,MW,DE,DE_LU,forecast_solar_generation,Solar,2026-08-29T22:40:46Z
2026-08-29T22:37:58Z,2026-08-30T00:37:58+0200,ede4ebfd-4cb0-4b05-bc4d-04fd38aa5047,2026-07-30T08:30:00Z,2026-07-30T10:30:00+0200,45843.62255,MW,DE,DE_LU,forecast_solar_generation,Solar,2026-08-29T22:40:46Z
2026-08-29T22:37:58Z,2026-08-30T00:37:58+0200,ede4ebfd-4cb0-4b05-bc4d-04fd38aa5047,2026-07-30T08:45:00Z,2026-07-30T10:45:00+0200,47763.21108,MW,DE,DE_LU,forecast_solar_generation,Solar,2026-08-29T22:40:46Z
2026-08-29T22:37:58Z,2026-08-30T00:37:58+0200,ede4ebfd-4cb0-4b05-bc4d-04fd38aa5047,2026-07-30T09:00:00Z,2026-07-30T11:00:00+0200,49417.69761,MW,DE,DE_LU,forecast_solar_generation,Solar,2026-08-29T22:40:46Z
2026-08-29T22:37:58Z,2026-08-30T00:37:58+0200,ede4ebfd-4cb0-4b05-bc4d-04fd38aa5047,2026-07-30T09:15:00Z,2026-07-30T11:15:00+0200,50912.93512,MW,DE,DE_LU,forecast_solar_generation,Solar,2026-08-29T22:40:46Z
2026-08-29T22:37:58Z,2026-08-30T00:37:58+0200,ede4ebfd-4cb0-4b05-bc4d-04fd38aa5047,2026-07-30T09:30:00Z,2026-07-30T11:30:00+0200,52141.66131,MW,DE,DE_LU,forecast_solar_generation,Solar,2026-08-29T22:40:46Z
2026-08-29T22:37:58Z,2026-08-30T00:37:58+0200,ede4ebfd-4cb0-4b05-bc4d-04fd38aa5047,2026-07-30T09:45:00Z,2026-07-30T11:45:00+0200,53135.33691,MW,DE,DE_LU,forecast_solar_generation,Solar,2026-08-29T22:40:46Z
2026-08-29T22:37:58Z,2026-08-30T00:37:58+0200,ede4ebfd-4cb0-4b05-bc4d-04fd38aa5047,2026-07-30T10:00:00Z,2026-07-30T12:00:00+0200,53814.32741,MW,DE,DE_LU,forecast_solar_generation,Solar,2026-08-29T22:40:46Z
2026-08-29T22:37:58Z,2026-08-30T00:37:58+0200,ede4ebfd-4cb0-4b05-bc4d-04fd38aa5047,2026-07-30T10:15:00Z,2026-07-30T12:15:00+0200,54246.80658,MW,DE,DE_LU,forecast_solar_generation,Solar,2026-08-29T22:40:46Z
2026-08-29T22:37:58Z,2026-08-30T00:37:58+0200,ede4ebfd-4cb0-4b05-bc4d-04fd38aa5047,2026-07-30T10:30:00Z,2026-07-30T12:30:00+0200,54470.62545,MW,DE,DE_LU,forecast_solar_generation,Solar,2026-08-29T22:40:46Z
2026-08-29T22:37:58Z,2026-08-30T00:37:58+0200,ede4ebfd-4cb0-4b05-bc4d-04fd38aa5047,2026-07-30T10:45:00Z,2026-07-30T12:45:00+0200,54392.09842,MW,DE,DE_LU,forecast_solar_generation,Solar,2026-08-29T22:40:46Z
2026-08-29T22:37:58Z,2026-08-30T00:37:58+0200,ede4ebfd-4cb0-4b05-bc4d-04fd38aa5047,2026-07-30T11:00:00Z,2026-07-30T13:00:00+0200,54127.51059,MW,DE,DE_LU,forecast_solar_generation,Solar,2026-08-29T22:40:46Z
2026-08-29T22:37:58Z,2026-08-30T00:37:58+0200,ede4ebfd-4cb0-4b05-bc4d-04fd38aa5047,2026-07-30T11:15:00Z,2026-07-30T13:15:00+0200,53712.38244,MW,DE,DE_LU,forecast_solar_generation,Solar,2026-08-29T22:40:46Z
2026-08-29T22:37:58Z,2026-08-30T00:37:58+0200,ede4ebfd-4cb0-4b05-bc4d-04fd38aa5047,2026-07-30T11:30:00Z,2026-07-30T13:30:00+0200,53041.82149,MW,DE,DE_LU,forecast_solar_generation,Solar,2026-08-29T22:40:46Z
2026-08-29T22:37:58Z,2026-08-30T00:37:58+0200,ede4ebfd-4cb0-4b05-bc4d-04fd38aa5047,2026-07-30T11:45:00Z,2026-07-30T13:45:00+0200,52017.33907,MW,DE,DE_LU,forecast_solar_generation,Solar,2026-08-29T22:40:46Z
2026-08-29T22:37:58Z,2026-08-30T00:37:58+0200,ede4ebfd-4cb0-4b05-bc4d-04fd38aa5047,2026-07-30T12:00:00Z,2026-07-30T14:00:00+0200,50881.32958,MW,DE,DE_LU,forecast_solar_generation,Solar,2026-08-29T22:40:46Z
2026-08-29T22:37:58Z,2026-08-30T00:37:58+0200,ede4ebfd-4cb0-4b05-bc4d-04fd38aa5047,2026-07-30T12:15:00Z,2026-07-30T14:15:00+0200,49389.8459,MW,DE,DE_LU,forecast_solar_generation,Solar,2026-08-29T22:40:46Z
2026-08-29T22:37:58Z,2026-08-30T00:37:58+0200,ede4ebfd-4cb0-4b05-bc4d-04fd38aa5047,2026-07-30T12:30:00Z,2026-07-30T14:30:00+0200,47741.07694,MW,DE,DE_LU,forecast_solar_generation,Solar,2026-08-29T22:40:46Z
2026-08-29T22:37:58Z,2026-08-30T00:37:58+0200,ede4ebfd-4cb0-4b05-bc4d-04fd38aa5047,2026-07-30T12:45:00Z,2026-07-30T14:45:00+0200,45983.83684,MW,DE,DE_LU,forecast_solar_generation,Solar,2026-08-29T22:40:46Z
2026-08-29T22:37:58Z,2026-08-30T00:37:58+0200,ede4ebfd-4cb0-4b05-bc4d-04fd38aa5047,2026-07-30T13:00:00Z,2026-07-30T15:00:00+0200,44090.31002,MW,DE,DE_LU,forecast_solar_generation,Solar,2026-08-29T22:40:46Z
2026-08-29T22:37:58Z,2026-08-30T00:37:58+0200,ede4ebfd-4cb0-4b05-bc4d-04fd38aa5047,2026-07-30T13:15:00Z,2026-07-30T15:15:00+0200,42128.83265,MW,DE,DE_LU,forecast_solar_generation,Solar,2026-08-29T22:40:46Z
2026-08-29T22:37:58Z,2026-08-30T00:37:58+0200,ede4ebfd-4cb0-4b05-bc4d-04fd38aa5047,2026-07-30T13:30:00Z,2026-07-30T15:30:00+0200,40053.41392,MW,DE,DE_LU,forecast_solar_generation,Solar,2026-08-29T22:40:46Z
2026-08-29T22:37:58Z,2026-08-30T00:37:58+0200,ede4ebfd-4cb0-4b05-bc4d-04fd38aa5047,2026-07-30T13:45:00Z,2026-07-30T15:45:00+0200,37875.45667,MW,DE,DE_LU,forecast_solar_generation,Solar,2026-08-29T22:40:46Z
2026-08-29T22:37:58Z,2026-08-30T00:37:58+0200,ede4ebfd-4cb0-4b05-bc4d-04fd38aa5047,2026-07-30T14:00:00Z,2026-07-30T16:00:00+0200,35626.14877,MW,DE,DE_LU,forecast_solar_generation,Solar,2026-08-29T22:40:46Z
2026-08-29T22:37:58Z,2026-08-30T00:37:58+0200,ede4ebfd-4cb0-4b05-bc4d-04fd38aa5047,2026-07-30T14:15:00Z,2026-07-30T16:15:00+0200,33345.66296,MW,DE,DE_LU,forecast_solar_generation,Solar,2026-08-29T22:40:46Z
2026-08-29T22:37:58Z,2026-08-30T00:37:58+0200,ede4ebfd-4cb0-4b05-bc4d-04fd38aa5047,2026-07-30T14:30:00Z,2026-07-30T16:30:00+0200,30994.38911,MW,DE,DE_LU,forecast_solar_generation,Solar,2026-08-29T22:40:46Z
2026-08-29T22:37:58Z,2026-08-30T00:37:58+0200,ede4ebfd-4cb0-4b05-bc4d-04fd38aa5047,2026-07-30T14:45:00Z,2026-07-30T16:45:00+0200,28618.95528,MW,DE,DE_LU,forecast_solar_generation,Solar,2026-08-29T22:40:46Z
2026-08-29T22:37:58Z,2026-08-30T00:37:58+0200,ede4ebfd-4cb0-4b05-bc4d-04fd38aa5047,2026-07-30T15:00:00Z,2026-07-30T17:00:00+0200,26145.9816,MW,DE,DE_LU,forecast_solar_generation,Solar,2026-08-29T22:40:46Z
2026-08-29T22:37:58Z,2026-08-30T00:37:58+0200,ede4ebfd-4cb0-4b05-bc4d-04fd38aa5047,2026-07-30T15:15:00Z,2026-07-30T17:15:00+0200,23689.0461,MW,DE,DE_LU,forecast_solar_generation,Solar,2026-08-29T22:40:46Z
2026-08-29T22:37:58Z,2026-08-30T00:37:58+0200,ede4ebfd-4cb0-4b05-bc4d-04fd38aa5047,2026-07-30T15:30:00Z,2026-07-30T17:30:00+0200,21270.82687,MW,DE,DE_LU,forecast_solar_generation,Solar,2026-08-29T22:40:46Z
2026-08-29T22:37:58Z,2026-08-30T00:37:58+0200,ede4ebfd-4cb0-4b05-bc4d-04fd38aa5047,2026-07-30T15:45:00Z,2026-07-30T17:45:00+0200,18881.04078,MW,DE,DE_LU,forecast_solar_generation,Solar,2026-08-29T22:40:46Z
2026-08-29T22:37:58Z,2026-08-30T00:37:58+0200,ede4ebfd-4cb0-4b05-bc4d-04fd38aa5047,2026-07-30T16:00:00Z,2026-07-30T18:00:00+0200,16558.74691,MW,DE,DE_LU,forecast_solar_generation,Solar,2026-08-29T22:40:46Z
2026-08-29T22:37:58Z,2026-08-30T00:37:58+0200,ede4ebfd-4cb0-4b05-bc4d-04fd38aa5047,2026-07-30T16:15:00Z,2026-07-30T18:15:00+0200,14295.83495,MW,DE,DE_LU,forecast_solar_generation,Solar,2026-08-29T22:40:46Z
2026-08-29T22:37:58Z,2026-08-30T00:37:58+0200,ede4ebfd-4cb0-4b05-bc4d-04fd38aa5047,2026-07-30T16:30:00Z,2026-07-30T18:30:00+0200,12120.54339,MW,DE,DE_LU,forecast_solar_generation,Solar,2026-08-29T22:40:46Z
2026-08-29T22:37:58Z,2026-08-30T00:37:58+0200,ede4ebfd-4cb0-4b05-bc4d-04fd38aa5047,2026-07-30T16:45:00Z,2026-07-30T18:45:00+0200,10034.5296,MW,DE,DE_LU,forecast_solar_generation,Solar,2026-08-29T22:40:46Z
2026-08-29T22:37:58Z,2026-08-30T00:37:58+0200,ede4ebfd-4cb0-4b05-bc4d-04fd38aa5047,2026-07-30T17:00:00Z,2026-07-30T19:00:00+0200,8072.14964,MW,DE,DE_LU,forecast_solar_generation,Solar,2026-08-29T22:40:46Z
2026-08-29T22:37:58Z,2026-08-30T00:37:58+0200,ede4ebfd-4cb0-4b05-bc4d-04fd38aa5047,2026-07-30T17:15:00Z,2026-07-30T19:15:00+0200,6272.72333,MW,DE,DE_LU,forecast_solar_generation,Solar,2026-08-29T22:40:46Z
2026-08-29T22:37:58Z,2026-08-30T00:37:58+0200,ede4ebfd-4cb0-4b05-bc4d-04fd38aa5047,2026-07-30T17:30:00Z,2026-07-30T19:30:00+0200,4711.123,MW,DE,DE_LU,forecast_solar_generation,Solar,2026-08-29T22:40:46Z
2026-08-29T22:37:58Z,2026-08-30T00:37:58+0200,ede4ebfd-4cb0-4b05-bc4d-04fd38aa5047,2026-07-30T17:45:00Z,2026-07-30T19:45:00+0200,3424.8162,MW,DE,DE_LU,forecast_solar_generation,Solar,2026-08-29T22:40:46Z
2026-08-29T22:37:58Z,2026-08-30T00:37:58+0200,ede4ebfd-4cb0-4b05-bc4d-04fd38aa5047,2026-07-30T18:00:00Z,2026-07-30T20:00:00+0200,2361.08426,MW,DE,DE_LU,forecast_solar_generation,Solar,2026-08-29T22:40:46Z
2026-08-29T22:37:58Z,2026-08-30T00:37:58+0200,ede4ebfd-4cb0-4b05-bc4d-04fd38aa5047,2026-07-30T18:15:00Z,2026-07-30T20:15:00+0200,1491.0265,MW,DE,DE_LU,forecast_solar_generation,Solar,2026-08-29T22:40:46Z
2026-08-29T22:37:58Z,2026-08-30T00:37:58+0200,ede4ebfd-4cb0-4b05-bc4d-04fd38aa5047,2026-07-30T18:30:00Z,2026-07-30T20:30:00+0200,781.48291,MW,DE,DE_LU,forecast_solar_generation,Solar,2026-08-29T22:40:46Z
2026-08-29T22:37:58Z,2026-08-30T00:37:58+0200,ede4ebfd-4cb0-4b05-bc4d-04fd38aa5047,2026-07-30T18:45:00Z,2026-07-30T20:45:00+0200,301.57546,MW,DE,DE_LU,forecast_solar_generation,Solar,2026-08-29T22:40:46Z
2026-08-29T22:37:58Z,2026-08-30T00:37:58+0200,ede4ebfd-4cb0-4b05-bc4d-04fd38aa5047,2026-07-30T19:00:00Z,2026-07-30T21:00:00+0200,77.97607,MW,DE,DE_LU,forecast_solar_generation,Solar,2026-08-29T22:40:46Z
2026-08-29T22:37:58Z,2026-08-30T00:37:58+0200,ede4ebfd-4cb0-4b05-bc4d-04fd38aa5047,2026-07-30T19:15:00Z,2026-07-30T21:15:00+0200,22.31025,MW,DE,DE_LU,forecast_solar_generation,Solar,2026-08-29T22:40:46Z
2026-08-29T22:37:58Z,2026-08-30T00:37:58+0200,ede4ebfd-4cb0-4b05-bc4d-04fd38aa5047,2026-07-30T19:30:00Z,2026-07-30T21:30:00+0200,1.93,MW,DE,DE_LU,forecast_solar_generation,Solar,2026-08-29T22:40:46Z
2026-08-29T22:37:58Z,2026-08-30T00:37:58+0200,ede4ebfd-4cb0-4b05-bc4d-04fd38aa5047,2026-07-30T19:45:00Z,2026-07-30T21:45:00+0200,0.0,MW,DE,DE_LU,forecast_solar_generation,Solar,2026-08-29T22:40:46Z
2026-08-29T22:37:58Z,2026-08-30T00:37:58+0200,ede4ebfd-4cb0-4b05-bc4d-04fd38aa5047,2026-07-30T20:00:00Z,2026-07-30T22:00:00+0200,0.0,MW,DE,DE_LU,forecast_solar_generation,Solar,2026-08-29T22:40:46Z
2026-08-29T22:37:58Z,2026-08-30T00:37:58+0200,ede4ebfd-4cb0-4b05-bc4d-04fd38aa5047,2026-07-30T20:15:00Z,2026-07-30T22:15:00+0200,0.0,MW,DE,DE_LU,forecast_solar_generation,Solar,2026-08-29T22:40:46Z
2026-08-29T22:37:58Z,2026-08-30T00:37:58+0200,ede4ebfd-4cb0-4b05-bc4d-04fd38aa5047,2026-07-30T20:30:00Z,2026-07-30T22:30:00+0200,0.0,MW,DE,DE_LU,forecast_solar_generation,Solar,2026-08-29T22:40:46Z
2026-08-29T22:37:58Z,2026-08-30T00:37:58+0200,ede4ebfd-4cb0-4b05-bc4d-04fd38aa5047,2026-07-30T20:45:00Z,2026-07-30T22:45:00+0200,0.0,MW,DE,DE_LU,forecast_solar_generation,Solar,2026-08-29T22:40:46Z
2026-08-29T22:37:58Z,2026-08-30T00:37:58+0200,ede4ebfd-4cb0-4b05-bc4d-04fd38aa5047,2026-07-30T21:00:00Z,2026-07-30T23:00:00+0200,0.0,MW,DE,DE_LU,forecast_solar_generation,Solar,2026-08-29T22:40:46Z
2026-08-29T22:37:58Z,2026-08-30T00:37:58+0200,ede4ebfd-4cb0-4b05-bc4d-04fd38aa5047,2026-07-30T21:15:00Z,2026-07-30T23:15:00+0200,0.0,MW,DE,DE_LU,forecast_solar_generation,Solar,2026-08-29T22:40:46Z
2026-08-29T22:37:58Z,2026-08-30T00:37:58+0200,ede4ebfd-4cb0-4b05-bc4d-04fd38aa5047,2026-07-30T21:30:00Z,2026-07-30T23:30:00+0200,0.0,MW,DE,DE_LU,forecast_solar_generation,Solar,2026-08-29T22:40:46Z
2026-08-29T22:37:58Z,2026-08-30T00:37:58+0200,ede4ebfd-4cb0-4b05-bc4d-04fd38aa5047,2026-07-30T21:45:00Z,2026-07-30T23:45:00+0200,0.0,MW,DE,DE_LU,forecast_solar_generation,Solar,2026-08-29T22:40:46Z
2026-08-29T22:37:58Z,2026-08-30T00:37:58+0200,ede4ebfd-4cb0-4b05-bc4d-04fd38aa5047,2026-07-30T22:00:00Z,2026-07-31T00:00:00+0200,0.0,MW,DE,DE_LU,forecast_solar_generation,Solar,2026-08-29T22:40:46Z
2026-08-29T22:37:58Z,2026-08-30T00:37:58+0200,ede4ebfd-4cb0-4b05-bc4d-04fd38aa5047,2026-07-30T22:15:00Z,2026-07-31T00:15:00+0200,0.0,MW,DE,DE_LU,forecast_solar_generation,Solar,2026-08-29T22:40:46Z
2026-08-29T22:37:58Z,2026-08-30T00:37:58+0200,ede4ebfd-4cb0-4b05-bc4d-04fd38aa5047,2026-07-30T22:30:00Z,2026-07-31T00:30:00+0200,0.0,MW,DE,DE_LU,forecast_solar_generation,Solar,2026-08-29T22:40:46Z
2026-08-29T22:37:58Z,2026-08-30T00:37:58+0200,ede4ebfd-4cb0-4b05-bc4d-04fd38aa5047,2026-07-30T22:45:00Z,2026-07-31T00:45:00+0200,0.0,MW,DE,DE_LU,forecast_solar_generation,Solar,2026-08-29T22:40:46Z
2026-08-29T22:37:58Z,2026-08-30T00:37:58+0200,ede4ebfd-4cb0-4b05-bc4d-04fd38aa5047,2026-07-30T23:00:00Z,2026-07-31T01:00:00+0200,0.0,MW,DE,DE_LU,forecast_solar_generation,Solar,2026-08-29T22:40:46Z
2026-08-29T22:37:58Z,2026-08-30T00:37:58+0200,ede4ebfd-4cb0-4b05-bc4d-04fd38aa5047,2026-07-30T23:15:00Z,2026-07-31T01:15:00+0200,0.0,MW,DE,DE_LU,forecast_solar_generation,Solar,2026-08-29T22:40:46Z
2026-08-29T22:37:58Z,2026-08-30T00:37:58+0200,ede4ebfd-4cb0-4b05-bc4d-04fd38aa5047,2026-07-30T23:30:00Z,2026-07-31T01:30:00+0200,0.0,MW,DE,DE_LU,forecast_solar_generation,Solar,2026-08-29T22:40:46Z
2026-08-29T22:37:58Z,2026-08-30T00:37:58+0200,ede4ebfd-4cb0-4b05-bc4d-04fd38aa5047,2026-07-30T23:45:00Z,2026-07-31T01:45:00+0200,0.0,MW,DE,DE_LU,forecast_solar_generation,Solar,2026-08-29T22:40:46Z
2026-08-29T22:37:58Z,2026-08-30T00:37:58+0200,ede4ebfd-4cb0-4b05-bc4d-04fd38aa5047,2026-07-31T00:00:00Z,2026-07-31T02:00:00+0200,0.0,MW,DE,DE_LU,forecast_solar_generation,Solar,2026-08-29T22:40:46Z
2026-08-29T22:37:58Z,2026-08-30T00:37:58+0200,ede4ebfd-4cb0-4b05-bc4d-04fd38aa5047,2026-07-31T00:15:00Z,2026-07-31T02:15:00+0200,0.0,MW,DE,DE_LU,forecast_solar_generation,Solar,2026-08-29T22:40:46Z
2026-08-29T22:37:58Z,2026-08-30T00:37:58+0200,ede4ebfd-4cb0-4b05-bc4d-04fd38aa5047,2026-07-31T00:30:00Z,2026-07-31T02:30:00+0200,0.0,MW,DE,DE_LU,forecast_solar_generation,Solar,2026-08-29T22:40:46Z
2026-08-29T22:37:58Z,2026-08-30T00:37:58+0200,ede4ebfd-4cb0-4b05-bc4d-04fd38aa5047,2026-07-31T00:45:00Z,2026-07-31T02:45:00+0200,0.0,MW,DE,DE_LU,forecast_solar_generation,Solar,2026-08-29T22:40:46Z
2026-08-29T22:37:58Z,2026-08-30T00:37:58+0200,ede4ebfd-4cb0-4b05-bc4d-04fd38aa5047,2026-07-31T01:00:00Z,2026-07-31T03:00:00+0200,0.0,MW,DE,DE_LU,forecast_solar_generation,Solar,2026-08-29T22:40:46Z
2026-08-29T22:37:58Z,2026-08-30T00:37:58+0200,ede4ebfd-4cb0-4b05-bc4d-04fd38aa5047,2026-07-31T01:15:00Z,2026-07-31T03:15:00+0200,0.0,MW,DE,DE_LU,forecast_solar_generation,Solar,2026-08-29T22:40:46Z
2026-08-29T22:37:58Z,2026-08-30T00:37:58+0200,ede4ebfd-4cb0-4b05-bc4d-04fd38aa5047,2026-07-31T01:30:00Z,2026-07-31T03:30:00+0200,0.0,MW,DE,DE_LU,forecast_solar_generation,Solar,2026-08-29T22:40:46Z
2026-08-29T22:37:58Z,2026-08-30T00:37:58+0200,ede4ebfd-4cb0-4b05-bc4d-04fd38aa5047,2026-07-31T01:45:00Z,2026-07-31T03:45:00+0200,0.0,MW,DE,DE_LU,forecast_solar_generation,Solar,2026-08-29T22:40:46Z
2026-08-29T22:37:58Z,2026-08-30T00:37:58+0200,ede4ebfd-4cb0-4b05-bc4d-04fd38aa5047,2026-07-31T02:00:00Z,2026-07-31T04:00:00+0200,0.0,MW,DE,DE_LU,forecast_solar_generation,Solar,2026-08-29T22:40:46Z
2026-08-29T22:37:58Z,2026-08-30T00:37:58+0200,ede4ebfd-4cb0-4b05-bc4d-04fd38aa5047,2026-07-31T02:15:00Z,2026-07-31T04:15:00+0200,0.0,MW,DE,DE_LU,forecast_solar_generation,Solar,2026-08-29T22:40:46Z
2026-08-29T22:37:58Z,2026-08-30T00:37:58+0200,ede4ebfd-4cb0-4b05-bc4d-04fd38aa5047,2026-07-31T02:30:00Z,2026-07-31T04:30:00+0200,0.0,MW,DE,DE_LU,forecast_solar_generation,Solar,2026-08-29T22:40:46Z
2026-08-29T22:37:58Z,2026-08-30T00:37:58+0200,ede4ebfd-4cb0-4b05-bc4d-04fd38aa5047,2026-07-31T02:45:00Z,2026-07-31T04:45:00+0200,0.0,MW,DE,DE_LU,forecast_solar_generation,Solar,2026-08-29T22:40:46Z
2026-08-29T22:37:58Z,2026-08-30T00:37:58+0200,ede4ebfd-4cb0-4b05-bc4d-04fd38aa5047,2026-07-31T03:00:00Z,2026-07-31T05:00:00+0200,0.0,MW,DE,DE_LU,forecast_solar_generation,Solar,2026-08-29T22:40:46Z
2026-08-29T22:37:58Z,2026-08-30T00:37:58+0200,ede4ebfd-4cb0-4b05-bc4d-04fd38aa5047,2026-07-31T03:15:00Z,2026-07-31T05:15:00+0200,5.69,MW,DE,DE_LU,forecast_solar_generation,Solar,2026-08-29T22:40:46Z
2026-08-29T22:37:58Z,2026-08-30T00:37:58+0200,ede4ebfd-4cb0-4b05-bc4d-04fd38aa5047,2026-07-31T03:30:00Z,2026-07-31T05:30:00+0200,76.07298,MW,DE,DE_LU,forecast_solar_generation,Solar,2026-08-29T22:40:46Z
2026-08-29T22:37:58Z,2026-08-30T00:37:58+0200,ede4ebfd-4cb0-4b05-bc4d-04fd38aa5047,2026-07-31T03:45:00Z,2026-07-31T05:45:00+0200,271.87014,MW,DE,DE_LU,forecast_solar_generation,Solar,2026-08-29T22:40:46Z
2026-08-29T22:37:58Z,2026-08-30T00:37:58+0200,ede4ebfd-4cb0-4b05-bc4d-04fd38aa5047,2026-07-31T04:00:00Z,2026-07-31T06:00:00+0200,758.22891,MW,DE,DE_LU,forecast_solar_generation,Solar,2026-08-29T22:40:46Z
2026-08-29T22:37:58Z,2026-08-30T00:37:58+0200,ede4ebfd-4cb0-4b05-bc4d-04fd38aa5047,2026-07-31T04:15:00Z,2026-07-31T06:15:00+0200,1530.7538,MW,DE,DE_LU,forecast_solar_generation,Solar,2026-08-29T22:40:46Z
2026-08-29T22:37:58Z,2026-08-30T00:37:58+0200,ede4ebfd-4cb0-4b05-bc4d-04fd38aa5047,2026-07-31T04:30:00Z,2026-07-31T06:30:00+0200,2565.01365,MW,DE,DE_LU,forecast_solar_generation,Solar,2026-08-29T22:40:46Z
2026-08-29T22:37:58Z,2026-08-30T00:37:58+0200,ede4ebfd-4cb0-4b05-bc4d-04fd38aa5047,2026-07-31T04:45:00Z,2026-07-31T06:45:00+0200,3864.48638,MW,DE,DE_LU,forecast_solar_generation,Solar,2026-08-29T22:40:46Z
2026-08-29T22:37:58Z,2026-08-30T00:37:58+0200,ede4ebfd-4cb0-4b05-bc4d-04fd38aa5047,2026-07-31T05:00:00Z,2026-07-31T07:00:00+0200,5463.04811,MW,DE,DE_LU,forecast_solar_generation,Solar,2026-08-29T22:40:46Z
2026-08-29T22:37:58Z,2026-08-30T00:37:58+0200,ede4ebfd-4cb0-4b05-bc4d-04fd38aa5047,2026-07-31T05:15:00Z,2026-07-31T07:15:00+0200,7379.41786,MW,DE,DE_LU,forecast_solar_generation,Solar,2026-08-29T22:40:46Z
2026-08-29T22:37:58Z,2026-08-30T00:37:58+0200,ede4ebfd-4cb0-4b05-bc4d-04fd38aa5047,2026-07-31T05:30:00Z,2026-07-31T07:30:00+0200,9555.21864,MW,DE,DE_LU,forecast_solar_generation,Solar,2026-08-29T22:40:46Z
2026-08-29T22:37:58Z,2026-08-30T00:37:58+0200,ede4ebfd-4cb0-4b05-bc4d-04fd38aa5047,2026-07-31T05:45:00Z,2026-07-31T07:45:00+0200,11916.78595,MW,DE,DE_LU,forecast_solar_generation,Solar,2026-08-29T22:40:46Z
2026-08-29T22:37:58Z,2026-08-30T00:37:58+0200,ede4ebfd-4cb0-4b05-bc4d-04fd38aa5047,2026-07-31T06:00:00Z,2026-07-31T08:00:00+0200,14403.95919,MW,DE,DE_LU,forecast_solar_generation,Solar,2026-08-29T22:40:46Z
2026-08-29T22:37:58Z,2026-08-30T00:37:58+0200,ede4ebfd-4cb0-4b05-bc4d-04fd38aa5047,2026-07-31T06:15:00Z,2026-07-31T08:15:00+0200,17023.7158,MW,DE,DE_LU,forecast_solar_generation,Solar,2026-08-29T22:40:46Z
2026-08-29T22:37:58Z,2026-08-30T00:37:58+0200,ede4ebfd-4cb0-4b05-bc4d-04fd38aa5047,2026-07-31T06:30:00Z,2026-07-31T08:30:00+0200,19722.08677,MW,DE,DE_LU,forecast_solar_generation,Solar,2026-08-29T22:40:46Z
2026-08-29T22:37:58Z,2026-08-30T00:37:58+0200,ede4ebfd-4cb0-4b05-bc4d-04fd38aa5047,2026-07-31T06:45:00Z,2026-07-31T08:45:00+0200,22420.40101,MW,DE,DE_LU,forecast_solar_generation,Solar,2026-08-29T22:40:46Z
2026-08-29T22:37:58Z,2026-08-30T00:37:58+0200,ede4ebfd-4cb0-4b05-bc4d-04fd38aa5047,2026-07-31T07:00:00Z,2026-07-31T09:00:00+0200,25030.76199,MW,DE,DE_LU,forecast_solar_generation,Solar,2026-08-29T22:40:46Z
2026-08-29T22:37:58Z,2026-08-30T00:37:58+0200,ede4ebfd-4cb0-4b05-bc4d-04fd38aa5047,2026-07-31T07:15:00Z,2026-07-31T09:15:00+0200,27574.81653,MW,DE,DE_LU,forecast_solar_generation,Solar,2026-08-29T22:40:46Z
2026-08-29T22:37:58Z,2026-08-30T00:37:58+0200,ede4ebfd-4cb0-4b05-bc4d-04fd38aa5047,2026-07-31T07:30:00Z,2026-07-31T09:30:00+0200,30043.92847,MW,DE,DE_LU,forecast_solar_generation,Solar,2026-08-29T22:40:46Z
2026-08-29T22:37:58Z,2026-08-30T00:37:58+0200,ede4ebfd-4cb0-4b05-bc4d-04fd38aa5047,2026-07-31T07:45:00Z,2026-07-31T09:45:00+0200,32368.33612,MW,DE,DE_LU,forecast_solar_generation,Solar,2026-08-29T22:40:46Z
2026-08-29T22:37:58Z,2026-08-30T00:37:58+0200,ede4ebfd-4cb0-4b05-bc4d-04fd38aa5047,2026-07-31T08:00:00Z,2026-07-31T10:00:00+0200,34557.63021,MW,DE,DE_LU,forecast_solar_generation,Solar,2026-08-29T22:40:46Z
2026-08-29T22:37:58Z,2026-08-30T00:37:58+0200,ede4ebfd-4cb0-4b05-bc4d-04fd38aa5047,2026-07-31T08:15:00Z,2026-07-31T10:15:00+0200,36634.47936,MW,DE,DE_LU,forecast_solar_generation,Solar,2026-08-29T22:40:46Z
2026-08-29T22:37:58Z,2026-08-30T00:37:58+0200,ede4ebfd-4cb0-4b05-bc4d-04fd38aa5047,2026-07-31T08:30:00Z,2026-07-31T10:30:00+0200,38589.92584,MW,DE,DE_LU,forecast_solar_generation,Solar,2026-08-29T22:40:46Z
2026-08-29T22:37:58Z,2026-08-30T00:37:58+0200,ede4ebfd-4cb0-4b05-bc4d-04fd38aa5047,2026-07-31T08:45:00Z,2026-07-31T10:45:00+0200,40447.18061,MW,DE,DE_LU,forecast_solar_generation,Solar,2026-08-29T22:40:46Z
2026-08-29T22:37:58Z,2026-08-30T00:37:58+0200,ede4ebfd-4cb0-4b05-bc4d-04fd38aa5047,2026-07-31T09:00:00Z,2026-07-31T11:00:00+0200,42032.40486,MW,DE,DE_LU,forecast_solar_generation,Solar,2026-08-29T22:40:46Z
2026-08-29T22:37:58Z,2026-08-30T00:37:58+0200,ede4ebfd-4cb0-4b05-bc4d-04fd38aa5047,2026-07-31T09:15:00Z,2026-07-31T11:15:00+0200,43484.07359,MW,DE,DE_LU,forecast_solar_generation,Solar,2026-08-29T22:40:46Z
2026-08-29T22:37:58Z,2026-08-30T00:37:58+0200,ede4ebfd-4cb0-4b05-bc4d-04fd38aa5047,2026-07-31T09:30:00Z,2026-07-31T11:30:00+0200,44672.5045,MW,DE,DE_LU,forecast_solar_generation,Solar,2026-08-29T22:40:46Z
2026-08-29T22:37:58Z,2026-08-30T00:37:58+0200,ede4ebfd-4cb0-4b05-bc4d-04fd38aa5047,2026-07-31T09:45:00Z,2026-07-31T11:45:00+0200,45662.23489,MW,DE,DE_LU,forecast_solar_generation,Solar,2026-08-29T22:40:46Z
2026-08-29T22:37:58Z,2026-08-30T00:37:58+0200,ede4ebfd-4cb0-4b05-bc4d-04fd38aa5047,2026-07-31T10:00:00Z,2026-07-31T12:00:00+0200,46312.47465,MW,DE,DE_LU,forecast_solar_generation,Solar,2026-08-29T22:40:46Z
2026-08-29T22:37:58Z,2026-08-30T00:37:58+0200,ede4ebfd-4cb0-4b05-bc4d-04fd38aa5047,2026-07-31T10:15:00Z,2026-07-31T12:15:00+0200,46699.53937,MW,DE,DE_LU,forecast_solar_generation,Solar,2026-08-29T22:40:46Z
2026-08-29T22:37:58Z,2026-08-30T00:37:58+0200,ede4ebfd-4cb0-4b05-bc4d-04fd38aa5047,2026-07-31T10:30:00Z,2026-07-31T12:30:00+0200,46964.37256,MW,DE,DE_LU,forecast_solar_generation,Solar,2026-08-29T22:40:46Z
2026-08-29T22:37:58Z,2026-08-30T00:37:58+0200,ede4ebfd-4cb0-4b05-bc4d-04fd38aa5047,2026-07-31T10:45:00Z,2026-07-31T12:45:00+0200,46936.20041,MW,DE,DE_LU,forecast_solar_generation,Solar,2026-08-29T22:40:46Z
2026-08-29T22:37:58Z,2026-08-30T00:37:58+0200,ede4ebfd-4cb0-4b05-bc4d-04fd38aa5047,2026-07-31T11:00:00Z,2026-07-31T13:00:00+0200,46632.89497,MW,DE,DE_LU,forecast_solar_generation,Solar,2026-08-29T22:40:46Z
2026-08-29T22:37:58Z,2026-08-30T00:37:58+0200,ede4ebfd-4cb0-4b05-bc4d-04fd38aa5047,2026-07-31T11:15:00Z,2026-07-31T13:15:00+0200,46101.36416,MW,DE,DE_LU,forecast_solar_generation,Solar,2026-08-29T22:40:46Z
2026-08-29T22:37:58Z,2026-08-30T00:37:58+0200,ede4ebfd-4cb0-4b05-bc4d-04fd38aa5047,2026-07-31T11:30:00Z,2026-07-31T13:30:00+0200,45471.14858,MW,DE,DE_LU,forecast_solar_generation,Solar,2026-08-29T22:40:46Z
2026-08-29T22:37:58Z,2026-08-30T00:37:58+0200,ede4ebfd-4cb0-4b05-bc4d-04fd38aa5047,2026-07-31T11:45:00Z,2026-07-31T13:45:00+0200,44664.67097,MW,DE,DE_LU,forecast_solar_generation,Solar,2026-08-29T22:40:46Z
2026-08-29T22:37:58Z,2026-08-30T00:37:58+0200,ede4ebfd-4cb0-4b05-bc4d-04fd38aa5047,2026-07-31T12:00:00Z,2026-07-31T14:00:00+0200,43722.52254,MW,DE,DE_LU,forecast_solar_generation,Solar,2026-08-29T22:40:46Z
2026-08-29T22:37:58Z,2026-08-30T00:37:58+0200,ede4ebfd-4cb0-4b05-bc4d-04fd38aa5047,2026-07-31T12:15:00Z,2026-07-31T14:15:00+0200,42654.38374,MW,DE,DE_LU,forecast_solar_generation,Solar,2026-08-29T22:40:46Z
2026-08-29T22:37:58Z,2026-08-30T00:37:58+0200,ede4ebfd-4cb0-4b05-bc4d-04fd38aa5047,2026-07-31T12:30:00Z,2026-07-31T14:30:00+0200,41539.81432,MW,DE,DE_LU,forecast_solar_generation,Solar,2026-08-29T22:40:46Z
2026-08-29T22:37:58Z,2026-08-30T00:37:58+0200,ede4ebfd-4cb0-4b05-bc4d-04fd38aa5047,2026-07-31T12:45:00Z,2026-07-31T14:45:00+0200,40362.19015,MW,DE,DE_LU,forecast_solar_generation,Solar,2026-08-29T22:40:46Z
2026-08-29T22:37:58Z,2026-08-30T00:37:58+0200,ede4ebfd-4cb0-4b05-bc4d-04fd38aa5047,2026-07-31T13:00:00Z,2026-07-31T15:00:00+0200,39097.85194,MW,DE,DE_LU,forecast_solar_generation,Solar,2026-08-29T22:40:46Z
2026-08-29T22:37:58Z,2026-08-30T00:37:58+0200,ede4ebfd-4cb0-4b05-bc4d-04fd38aa5047,2026-07-31T13:15:00Z,2026-07-31T15:15:00+0200,37682.12652,MW,DE,DE_LU,forecast_solar_generation,Solar,2026-08-29T22:40:46Z
2026-08-29T22:37:58Z,2026-08-30T00:37:58+0200,ede4ebfd-4cb0-4b05-bc4d-04fd38aa5047,2026-07-31T13:30:00Z,2026-07-31T15:30:00+0200,36035.35729,MW,DE,DE_LU,forecast_solar_generation,Solar,2026-08-29T22:40:46Z
2026-08-29T22:37:58Z,2026-08-30T00:37:58+0200,ede4ebfd-4cb0-4b05-bc4d-04fd38aa5047,2026-07-31T13:45:00Z,2026-07-31T15:45:00+0200,34282.50041,MW,DE,DE_LU,forecast_solar_generation,Solar,2026-08-29T22:40:46Z
2026-08-29T22:37:58Z,2026-08-30T00:37:58+0200,ede4ebfd-4cb0-4b05-bc4d-04fd38aa5047,2026-07-31T14:00:00Z,2026-07-31T16:00:00+0200,32438.69164,MW,DE,DE_LU,forecast_solar_generation,Solar,2026-08-29T22:40:46Z
2026-08-29T22:37:58Z,2026-08-30T00:37:58+0200,ede4ebfd-4cb0-4b05-bc4d-04fd38aa5047,2026-07-31T14:15:00Z,2026-07-31T16:15:00+0200,30553.93254,MW,DE,DE_LU,forecast_solar_generation,Solar,2026-08-29T22:40:46Z
2026-08-29T22:37:58Z,2026-08-30T00:37:58+0200,ede4ebfd-4cb0-4b05-bc4d-04fd38aa5047,2026-07-31T14:30:00Z,2026-07-31T16:30:00+0200,28457.22536,MW,DE,DE_LU,forecast_solar_generation,Solar,2026-08-29T22:40:46Z
2026-08-29T22:37:58Z,2026-08-30T00:37:58+0200,ede4ebfd-4cb0-4b05-bc4d-04fd38aa5047,2026-07-31T14:45:00Z,2026-07-31T16:45:00+0200,26246.21292,MW,DE,DE_LU,forecast_solar_generation,Solar,2026-08-29T22:40:46Z
2026-08-29T22:37:58Z,2026-08-30T00:37:58+0200,ede4ebfd-4cb0-4b05-bc4d-04fd38aa5047,2026-07-31T15:00:00Z,2026-07-31T17:00:00+0200,23940.3303,MW,DE,DE_LU,forecast_solar_generation,Solar,2026-08-29T22:40:46Z
2026-08-29T22:37:58Z,2026-08-30T00:37:58+0200,ede4ebfd-4cb0-4b05-bc4d-04fd38aa5047,2026-07-31T15:15:00Z,2026-07-31T17:15:00+0200,21652.9503,MW,DE,DE_LU,forecast_solar_generation,Solar,2026-08-29T22:40:46Z
2026-08-29T22:37:58Z,2026-08-30T00:37:58+0200,ede4ebfd-4cb0-4b05-bc4d-04fd38aa5047,2026-07-31T15:30:00Z,2026-07-31T17:30:00+0200,19361.92633,MW,DE,DE_LU,forecast_solar_generation,Solar,2026-08-29T22:40:46Z
2026-08-29T22:37:58Z,2026-08-30T00:37:58+0200,ede4ebfd-4cb0-4b05-bc4d-04fd38aa5047,2026-07-31T15:45:00Z,2026-07-31T17:45:00+0200,17152.12108,MW,DE,DE_LU,forecast_solar_generation,Solar,2026-08-29T22:40:46Z
2026-08-29T22:37:58Z,2026-08-30T00:37:58+0200,ede4ebfd-4cb0-4b05-bc4d-04fd38aa5047,2026-07-31T16:00:00Z,2026-07-31T18:00:00+0200,14991.9328,MW,DE,DE_LU,forecast_solar_generation,Solar,2026-08-29T22:40:46Z
2026-08-29T22:37:58Z,2026-08-30T00:37:58+0200,ede4ebfd-4cb0-4b05-bc4d-04fd38aa5047,2026-07-31T16:15:00Z,2026-07-31T18:15:00+0200,12884.57795,MW,DE,DE_LU,forecast_solar_generation,Solar,2026-08-29T22:40:46Z
2026-08-29T22:37:58Z,2026-08-30T00:37:58+0200,ede4ebfd-4cb0-4b05-bc4d-04fd38aa5047,2026-07-31T16:30:00Z,2026-07-31T18:30:00+0200,10886.99606,MW,DE,DE_LU,forecast_solar_generation,Solar,2026-08-29T22:40:46Z
2026-08-29T22:37:58Z,2026-08-30T00:37:58+0200,ede4ebfd-4cb0-4b05-bc4d-04fd38aa5047,2026-07-31T16:45:00Z,2026-07-31T18:45:00+0200,9027.75813,MW,DE,DE_LU,forecast_solar_generation,Solar,2026-08-29T22:40:46Z
2026-08-29T22:37:58Z,2026-08-30T00:37:58+0200,ede4ebfd-4cb0-4b05-bc4d-04fd38aa5047,2026-07-31T17:00:00Z,2026-07-31T19:00:00+0200,7296.80305,MW,DE,DE_LU,forecast_solar_generation,Solar,2026-08-29T22:40:46Z
2026-08-29T22:37:58Z,2026-08-30T00:37:58+0200,ede4ebfd-4cb0-4b05-bc4d-04fd38aa5047,2026-07-31T17:15:00Z,2026-07-31T19:15:00+0200,5681.10622,MW,DE,DE_LU,forecast_solar_generation,Solar,2026-08-29T22:40:46Z
2026-08-29T22:37:58Z,2026-08-30T00:37:58+0200,ede4ebfd-4cb0-4b05-bc4d-04fd38aa5047,2026-07-31T17:30:00Z,2026-07-31T19:30:00+0200,4217.45511,MW,DE,DE_LU,forecast_solar_generation,Solar,2026-08-29T22:40:46Z
2026-08-29T22:37:58Z,2026-08-30T00:37:58+0200,ede4ebfd-4cb0-4b05-bc4d-04fd38aa5047,2026-07-31T17:45:00Z,2026-07-31T19:45:00+0200,2981.28299,MW,DE,DE_LU,forecast_solar_generation,Solar,2026-08-29T22:40:46Z
2026-08-29T22:37:58Z,2026-08-30T00:37:58+0200,ede4ebfd-4cb0-4b05-bc4d-04fd38aa5047,2026-07-31T18:00:00Z,2026-07-31T20:00:00+0200,1989.2441,MW,DE,DE_LU,forecast_solar_generation,Solar,2026-08-29T22:40:46Z
2026-08-29T22:37:58Z,2026-08-30T00:37:58+0200,ede4ebfd-4cb0-4b05-bc4d-04fd38aa5047,2026-07-31T18:15:00Z,2026-07-31T20:15:00+0200,1227.76486,MW,DE,DE_LU,forecast_solar_generation,Solar,2026-08-29T22:40:46Z
2026-08-29T22:37:58Z,2026-08-30T00:37:58+0200,ede4ebfd-4cb0-4b05-bc4d-04fd38aa5047,2026-07-31T18:30:00Z,2026-07-31T20:30:00+0200,660.20959,MW,DE,DE_LU,forecast_solar_generation,Solar,2026-08-29T22:40:46Z
2026-08-29T22:37:58Z,2026-08-30T00:37:58+0200,ede4ebfd-4cb0-4b05-bc4d-04fd38aa5047,2026-07-31T18:45:00Z,2026-07-31T20:45:00+0200,275.83397,MW,DE,DE_LU,forecast_solar_generation,Solar,2026-08-29T22:40:46Z
2026-08-29T22:37:58Z,2026-08-30T00:37:58+0200,ede4ebfd-4cb0-4b05-bc4d-04fd38aa5047,2026-07-31T19:00:00Z,2026-07-31T21:00:00+0200,77.96299,MW,DE,DE_LU,forecast_solar_generation,Solar,2026-08-29T22:40:46Z
2026-08-29T22:37:58Z,2026-08-30T00:37:58+0200,ede4ebfd-4cb0-4b05-bc4d-04fd38aa5047,2026-07-31T19:15:00Z,2026-07-31T21:15:00+0200,25.58592,MW,DE,DE_LU,forecast_solar_generation,Solar,2026-08-29T22:40:46Z
2026-08-29T22:37:58Z,2026-08-30T00:37:58+0200,ede4ebfd-4cb0-4b05-bc4d-04fd38aa5047,2026-07-31T19:30:00Z,2026-07-31T21:30:00+0200,9.796,MW,DE,DE_LU,forecast_solar_generation,Solar,2026-08-29T22:40:46Z
2026-08-29T22:37:58Z,2026-08-30T00:37:58+0200,ede4ebfd-4cb0-4b05-bc4d-04fd38aa5047,2026-07-31T19:45:00Z,2026-07-31T21:45:00+0200,0.0,MW,DE,DE_LU,forecast_solar_generation,Solar,2026-08-29T22:40:46Z
2026-08-29T22:37:58Z,2026-08-30T00:37:58+0200,ede4ebfd-4cb0-4b05-bc4d-04fd38aa5047,2026-07-31T20:00:00Z,2026-07-31T22:00:00+0200,0.0,MW,DE,DE_LU,forecast_solar_generation,Solar,2026-08-29T22:40:46Z
2026-08-29T22:37:58Z,2026-08-30T00:37:58+0200,ede4ebfd-4cb0-4b05-bc4d-04fd38aa5047,2026-07-31T20:15:00Z,2026-07-31T22:15:00+0200,0.0,MW,DE,DE_LU,forecast_solar_generation,Solar,2026-08-29T22:40:46Z
2026-08-29T22:37:58Z,2026-08-30T00:37:58+0200,ede4ebfd-4cb0-4b05-bc4d-04fd38aa5047,2026-07-31T20:30:00Z,2026-07-31T22:30:00+0200,0.0,MW,DE,DE_LU,forecast_solar_generation,Solar,2026-08-29T22:40:46Z
2026-08-29T22:37:58Z,2026-08-30T00:37:58+0200,ede4ebfd-4cb0-4b05-bc4d-04fd38aa5047,2026-07-31T20:45:00Z,2026-07-31T22:45:00+0200,0.0,MW,DE,DE_LU,forecast_solar_generation,Solar,2026-08-29T22:40:46Z
2026-08-29T22:37:58Z,2026-08-30T00:37:58+0200,ede4ebfd-4cb0-4b05-bc4d-04fd38aa5047,2026-07-31T21:00:00Z,2026-07-31T23:00:00+0200,0.0,MW,DE,DE_LU,forecast_solar_generation,Solar,2026-08-29T22:40:46Z
2026-08-29T22:37:58Z,2026-08-30T00:37:58+0200,ede4ebfd-4cb0-4b05-bc4d-04fd38aa5047,2026-07-31T21:15:00Z,2026-07-31T23:15:00+0200,0.0,MW,DE,DE_LU,forecast_solar_generation,Solar,2026-08-29T22:40:46Z
2026-08-29T22:37:58Z,2026-08-30T00:37:58+0200,ede4ebfd-4cb0-4b05-bc4d-04fd38aa5047,2026-07-31T21:30:00Z,2026-07-31T23:30:00+0200,0.0,MW,DE,DE_LU,forecast_solar_generation,Solar,2026-08-29T22:40:46Z
2026-08-29T22:37:58Z,2026-08-30T00:37:58+0200,ede4ebfd-4cb0-4b05-bc4d-04fd38aa5047,2026-07-31T21:45:00Z,2026-07-31T23:45:00+0200,0.0,MW,DE,DE_LU,forecast_solar_generation,Solar,2026-08-29T22:40:46Z
2026-08-29T22:37:58Z,2026-08-30T00:37:58+0200,ede4ebfd-4cb0-4b05-bc4d-04fd38aa5047,2026-07-31T22:00:00Z,2026-08-01T00:00:00+0200,0.0,MW,DE,DE_LU,forecast_solar_generation,Solar,2026-08-29T22:40:46Z
2026-08-29T22:37:58Z,2026-08-30T00:37:58+0200,ede4ebfd-4cb0-4b05-bc4d-04fd38aa5047,2026-07-31T22:15:00Z,2026-08-01T00:15:00+0200,0.0,MW,DE,DE_LU,forecast_solar_generation,Solar,2026-08-29T22:40:46Z
2026-08-29T22:37:58Z,2026-08-30T00:37:58+0200,ede4ebfd-4cb0-4b05-bc4d-04fd38aa5047,2026-07-31T22:30:00Z,2026-08-01T00:30:00+0200,0.0,MW,DE,DE_LU,forecast_solar_generation,Solar,2026-08-29T22:40:46Z
2026-08-29T22:37:58Z,2026-08-30T00:37:58+0200,ede4ebfd-4cb0-4b05-bc4d-04fd38aa5047,2026-07-31T22:45:00Z,2026-08-01T00:45:00+0200,0.0,MW,DE,DE_LU,forecast_solar_generation,Solar,2026-08-29T22:40:46Z
2026-08-29T22:37:58Z,2026-08-30T00:37:58+0200,ede4ebfd-4cb0-4b05-bc4d-04fd38aa5047,2026-07-31T23:00:00Z,2026-08-01T01:00:00+0200,0.0,MW,DE,DE_LU,forecast_solar_generation,Solar,2026-08-29T22:40:46Z
2026-08-29T22:37:58Z,2026-08-30T00:37:58+0200,ede4ebfd-4cb0-4b05-bc4d-04fd38aa5047,2026-07-31T23:15:00Z,2026-08-01T01:15:00+0200,0.0,MW,DE,DE_LU,forecast_solar_generation,Solar,2026-08-29T22:40:46Z
2026-08-29T22:37:58Z,2026-08-30T00:37:58+0200,ede4ebfd-4cb0-4b05-bc4d-04fd38aa5047,2026-07-31T23:30:00Z,2026-08-01T01:30:00+0200,0.0,MW,DE,DE_LU,forecast_solar_generation,Solar,2026-08-29T22:40:46Z
2026-08-29T22:37:58Z,2026-08-30T00:37:58+0200,ede4ebfd-4cb0-4b05-bc4d-04fd38aa5047,2026-07-31T23:45:00Z,2026-08-01T01:45:00+0200,0.0,MW,DE,DE_LU,forecast_solar_generation,Solar,2026-08-29T22:40:46Z
2026-08-29T22:37:58Z,2026-08-30T00:37:58+0200,ede4ebfd-4cb0-4b05-bc4d-04fd38aa5047,2026-08-01T00:00:00Z,2026-08-01T02:00:00+0200,0.0,MW,DE,DE_LU,forecast_solar_generation,Solar,2026-08-29T22:40:46Z
2026-08-29T22:37:58Z,2026-08-30T00:37:58+0200,ede4ebfd-4cb0-4b05-bc4d-04fd38aa5047,2026-08-01T00:15:00Z,2026-08-01T02:15:00+0200,0.0,MW,DE,DE_LU,forecast_solar_generation,Solar,2026-08-29T22:40:46Z
2026-08-29T22:37:58Z,2026-08-30T00:37:58+0200,ede4ebfd-4cb0-4b05-bc4d-04fd38aa5047,2026-08-01T00:30:00Z,2026-08-01T02:30:00+0200,0.0,MW,DE,DE_LU,forecast_solar_generation,Solar,2026-08-29T22:40:46Z
2026-08-29T22:37:58Z,2026-08-30T00:37:58+0200,ede4ebfd-4cb0-4b05-bc4d-04fd38aa5047,2026-08-01T00:45:00Z,2026-08-01T02:45:00+0200,0.0,MW,DE,DE_LU,forecast_solar_generation,Solar,2026-08-29T22:40:46Z
2026-08-29T22:37:58Z,2026-08-30T00:37:58+0200,ede4ebfd-4cb0-4b05-bc4d-04fd38aa5047,2026-08-01T01:00:00Z,2026-08-01T03:00:00+0200,0.0,MW,DE,DE_LU,forecast_solar_generation,Solar,2026-08-29T22:40:46Z
2026-08-29T22:37:58Z,2026-08-30T00:37:58+0200,ede4ebfd-4cb0-4b05-bc4d-04fd38aa5047,2026-08-01T01:15:00Z,2026-08-01T03:15:00+0200,0.0,MW,DE,DE_LU,forecast_solar_generation,Solar,2026-08-29T22:40:46Z
2026-08-29T22:37:58Z,2026-08-30T00:37:58+0200,ede4ebfd-4cb0-4b05-bc4d-04fd38aa5047,2026-08-01T01:30:00Z,2026-08-01T03:30:00+0200,0.0,MW,DE,DE_LU,forecast_solar_generation,Solar,2026-08-29T22:40:46Z
2026-08-29T22:37:58Z,2026-08-30T00:37:58+0200,ede4ebfd-4cb0-4b05-bc4d-04fd38aa5047,2026-08-01T01:45:00Z,2026-08-01T03:45:00+0200,0.0,MW,DE,DE_LU,forecast_solar_generation,Solar,2026-08-29T22:40:46Z
2026-08-29T22:37:58Z,2026-08-30T00:37:58+0200,ede4ebfd-4cb0-4b05-bc4d-04fd38aa5047,2026-08-01T02:00:00Z,2026-08-01T04:00:00+0200,0.0,MW,DE,DE_LU,forecast_solar_generation,Solar,2026-08-29T22:40:46Z
2026-08-29T22:37:58Z,2026-08-30T00:37:58+0200,ede4ebfd-4cb0-4b05-bc4d-04fd38aa5047,2026-08-01T02:15:00Z,2026-08-01T04:15:00+0200,0.0,MW,DE,DE_LU,forecast_solar_generation,Solar,2026-08-29T22:40:46Z
2026-08-29T22:37:58Z,2026-08-30T00:37:58+0200,ede4ebfd-4cb0-4b05-bc4d-04fd38aa5047,2026-08-01T02:30:00Z,2026-08-01T04:30:00+0200,0.0,MW,DE,DE_LU,forecast_solar_generation,Solar,2026-08-29T22:40:46Z
2026-08-29T22:37:58Z,2026-08-30T00:37:58+0200,ede4ebfd-4cb0-4b05-bc4d-04fd38aa5047,2026-08-01T02:45:00Z,2026-08-01T04:45:00+0200,0.0,MW,DE,DE_LU,forecast_solar_generation,Solar,2026-08-29T22:40:46Z
2026-08-29T22:37:58Z,2026-08-30T00:37:58+0200,ede4ebfd-4cb0-4b05-bc4d-04fd38aa5047,2026-08-01T03:00:00Z,2026-08-01T05:00:00+0200,0.0,MW,DE,DE_LU,forecast_solar_generation,Solar,2026-08-29T22:40:46Z
2026-08-29T22:37:58Z,2026-08-30T00:37:58+0200,ede4ebfd-4cb0-4b05-bc4d-04fd38aa5047,2026-08-01T03:15:00Z,2026-08-01T05:15:00+0200,0.92,MW,DE,DE_LU,forecast_solar_generation,Solar,2026-08-29T22:40:46Z
2026-08-29T22:37:58Z,2026-08-30T00:37:58+0200,ede4ebfd-4cb0-4b05-bc4d-04fd38aa5047,2026-08-01T03:30:00Z,2026-08-01T05:30:00+0200,46.84774,MW,DE,DE_LU,forecast_solar_generation,Solar,2026-08-29T22:40:46Z
2026-08-29T22:37:58Z,2026-08-30T00:37:58+0200,ede4ebfd-4cb0-4b05-bc4d-04fd38aa5047,2026-08-01T03:45:00Z,2026-08-01T05:45:00+0200,186.54911,MW,DE,DE_LU,forecast_solar_generation,Solar,2026-08-29T22:40:46Z
2026-08-29T22:37:58Z,2026-08-30T00:37:58+0200,ede4ebfd-4cb0-4b05-bc4d-04fd38aa5047,2026-08-01T04:00:00Z,2026-08-01T06:00:00+0200,526.68174,MW,DE,DE_LU,forecast_solar_generation,Solar,2026-08-29T22:40:46Z
2026-08-29T22:37:58Z,2026-08-30T00:37:58+0200,ede4ebfd-4cb0-4b05-bc4d-04fd38aa5047,2026-08-01T04:15:00Z,2026-08-01T06:15:00+0200,1095.05622,MW,DE,DE_LU,forecast_solar_generation,Solar,2026-08-29T22:40:46Z
2026-08-29T22:37:58Z,2026-08-30T00:37:58+0200,ede4ebfd-4cb0-4b05-bc4d-04fd38aa5047,2026-08-01T04:30:00Z,2026-08-01T06:30:00+0200,1896.09747,MW,DE,DE_LU,forecast_solar_generation,Solar,2026-08-29T22:40:46Z
2026-08-29T22:37:58Z,2026-08-30T00:37:58+0200,ede4ebfd-4cb0-4b05-bc4d-04fd38aa5047,2026-08-01T04:45:00Z,2026-08-01T06:45:00+0200,2926.93739,MW,DE,DE_LU,forecast_solar_generation,Solar,2026-08-29T22:40:46Z
2026-08-29T22:37:58Z,2026-08-30T00:37:58+0200,ede4ebfd-4cb0-4b05-bc4d-04fd38aa5047,2026-08-01T05:00:00Z,2026-08-01T07:00:00+0200,4194.02079,MW,DE,DE_LU,forecast_solar_generation,Solar,2026-08-29T22:40:46Z
2026-08-29T22:37:58Z,2026-08-30T00:37:58+0200,ede4ebfd-4cb0-4b05-bc4d-04fd38aa5047,2026-08-01T05:15:00Z,2026-08-01T07:15:00+0200,5722.04126,MW,DE,DE_LU,forecast_solar_generation,Solar,2026-08-29T22:40:46Z
2026-08-29T22:37:58Z,2026-08-30T00:37:58+0200,ede4ebfd-4cb0-4b05-bc4d-04fd38aa5047,2026-08-01T05:30:00Z,2026-08-01T07:30:00+0200,7426.67662,MW,DE,DE_LU,forecast_solar_generation,Solar,2026-08-29T22:40:46Z
2026-08-29T22:37:58Z,2026-08-30T00:37:58+0200,ede4ebfd-4cb0-4b05-bc4d-04fd38aa5047,2026-08-01T05:45:00Z,2026-08-01T07:45:00+0200,9232.76107,MW,DE,DE_LU,forecast_solar_generation,Solar,2026-08-29T22:40:46Z
2026-08-29T22:37:58Z,2026-08-30T00:37:58+0200,ede4ebfd-4cb0-4b05-bc4d-04fd38aa5047,2026-08-01T06:00:00Z,2026-08-01T08:00:00+0200,11135.08291,MW,DE,DE_LU,forecast_solar_generation,Solar,2026-08-29T22:40:46Z
2026-08-29T22:37:58Z,2026-08-30T00:37:58+0200,ede4ebfd-4cb0-4b05-bc4d-04fd38aa5047,2026-08-01T06:15:00Z,2026-08-01T08:15:00+0200,13146.44345,MW,DE,DE_LU,forecast_solar_generation,Solar,2026-08-29T22:40:46Z
2026-08-29T22:37:58Z,2026-08-30T00:37:58+0200,ede4ebfd-4cb0-4b05-bc4d-04fd38aa5047,2026-08-01T06:30:00Z,2026-08-01T08:30:00+0200,15241.11794,MW,DE,DE_LU,forecast_solar_generation,Solar,2026-08-29T22:40:46Z
2026-08-29T22:37:58Z,2026-08-30T00:37:58+0200,ede4ebfd-4cb0-4b05-bc4d-04fd38aa5047,2026-08-01T06:45:00Z,2026-08-01T08:45:00+0200,17378.01277,MW,DE,DE_LU,forecast_solar_generation,Solar,2026-08-29T22:40:46Z
2026-08-29T22:37:58Z,2026-08-30T00:37:58+0200,ede4ebfd-4cb0-4b05-bc4d-04fd38aa5047,2026-08-01T07:00:00Z,2026-08-01T09:00:00+0200,19541.43351,MW,DE,DE_LU,forecast_solar_generation,Solar,2026-08-29T22:40:46Z
2026-08-29T22:37:58Z,2026-08-30T00:37:58+0200,ede4ebfd-4cb0-4b05-bc4d-04fd38aa5047,2026-08-01T07:15:00Z,2026-08-01T09:15:00+0200,21697.43068,MW,DE,DE_LU,forecast_solar_generation,Solar,2026-08-29T22:40:46Z
2026-08-29T22:37:58Z,2026-08-30T00:37:58+0200,ede4ebfd-4cb0-4b05-bc4d-04fd38aa5047,2026-08-01T07:30:00Z,2026-08-01T09:30:00+0200,23823.15845,MW,DE,DE_LU,forecast_solar_generation,Solar,2026-08-29T22:40:46Z
2026-08-29T22:37:58Z,2026-08-30T00:37:58+0200,ede4ebfd-4cb0-4b05-bc4d-04fd38aa5047,2026-08-01T07:45:00Z,2026-08-01T09:45:00+0200,25923.69441,MW,DE,DE_LU,forecast_solar_generation,Solar,2026-08-29T22:40:46Z
2026-08-29T22:37:58Z,2026-08-30T00:37:58+0200,ede4ebfd-4cb0-4b05-bc4d-04fd38aa5047,2026-08-01T08:00:00Z,2026-08-01T10:00:00+0200,27938.56126,MW,DE,DE_LU,forecast_solar_generation,Solar,2026-08-29T22:40:46Z
2026-08-29T22:37:58Z,2026-08-30T00:37:58+0200,ede4ebfd-4cb0-4b05-bc4d-04fd38aa5047,2026-08-01T08:15:00Z,2026-08-01T10:15:00+0200,29877.73054,MW,DE,DE_LU,forecast_solar_generation,Solar,2026-08-29T22:40:46Z
2026-08-29T22:37:58Z,2026-08-30T00:37:58+0200,ede4ebfd-4cb0-4b05-bc4d-04fd38aa5047,2026-08-01T08:30:00Z,2026-08-01T10:30:00+0200,31745.24671,MW,DE,DE_LU,forecast_solar_generation,Solar,2026-08-29T22:40:46Z
2026-08-29T22:37:58Z,2026-08-30T00:37:58+0200,ede4ebfd-4cb0-4b05-bc4d-04fd38aa5047,2026-08-01T08:45:00Z,2026-08-01T10:45:00+0200,33541.31879,MW,DE,DE_LU,forecast_solar_generation,Solar,2026-08-29T22:40:46Z
2026-08-29T22:37:58Z,2026-08-30T00:37:58+0200,ede4ebfd-4cb0-4b05-bc4d-04fd38aa5047,2026-08-01T09:00:00Z,2026-08-01T11:00:00+0200,35214.09393,MW,DE,DE_LU,forecast_solar_generation,Solar,2026-08-29T22:40:46Z
2026-08-29T22:37:58Z,2026-08-30T00:37:58+0200,ede4ebfd-4cb0-4b05-bc4d-04fd38aa5047,2026-08-01T09:15:00Z,2026-08-01T11:15:00+0200,36772.26165,MW,DE,DE_LU,forecast_solar_generation,Solar,2026-08-29T22:40:46Z
2026-08-29T22:37:58Z,2026-08-30T00:37:58+0200,ede4ebfd-4cb0-4b05-bc4d-04fd38aa5047,2026-08-01T09:30:00Z,2026-08-01T11:30:00+0200,38152.7721,MW,DE,DE_LU,forecast_solar_generation,Solar,2026-08-29T22:40:46Z
2026-08-29T22:37:58Z,2026-08-30T00:37:58+0200,ede4ebfd-4cb0-4b05-bc4d-04fd38aa5047,2026-08-01T09:45:00Z,2026-08-01T11:45:00+0200,39404.6381,MW,DE,DE_LU,forecast_solar_generation,Solar,2026-08-29T22:40:46Z
2026-08-29T22:37:58Z,2026-08-30T00:37:58+0200,ede4ebfd-4cb0-4b05-bc4d-04fd38aa5047,2026-08-01T10:00:00Z,2026-08-01T12:00:00+0200,40482.98616,MW,DE,DE_LU,forecast_solar_generation,Solar,2026-08-29T22:40:46Z
2026-08-29T22:37:58Z,2026-08-30T00:37:58+0200,ede4ebfd-4cb0-4b05-bc4d-04fd38aa5047,2026-08-01T10:15:00Z,2026-08-01T12:15:00+0200,41355.46105,MW,DE,DE_LU,forecast_solar_generation,Solar,2026-08-29T22:40:46Z
2026-08-29T22:37:58Z,2026-08-30T00:37:58+0200,ede4ebfd-4cb0-4b05-bc4d-04fd38aa5047,2026-08-01T10:30:00Z,2026-08-01T12:30:00+0200,42142.43439,MW,DE,DE_LU,forecast_solar_generation,Solar,2026-08-29T22:40:46Z
2026-08-29T22:37:58Z,2026-08-30T00:37:58+0200,ede4ebfd-4cb0-4b05-bc4d-04fd38aa5047,2026-08-01T10:45:00Z,2026-08-01T12:45:00+0200,42827.20677,MW,DE,DE_LU,forecast_solar_generation,Solar,2026-08-29T22:40:46Z
2026-08-29T22:37:58Z,2026-08-30T00:37:58+0200,ede4ebfd-4cb0-4b05-bc4d-04fd38aa5047,2026-08-01T11:00:00Z,2026-08-01T13:00:00+0200,43378.44069,MW,DE,DE_LU,forecast_solar_generation,Solar,2026-08-29T22:40:46Z
2026-08-29T22:37:58Z,2026-08-30T00:37:58+0200,ede4ebfd-4cb0-4b05-bc4d-04fd38aa5047,2026-08-01T11:15:00Z,2026-08-01T13:15:00+0200,43726.49659,MW,DE,DE_LU,forecast_solar_generation,Solar,2026-08-29T22:40:46Z
2026-08-29T22:37:58Z,2026-08-30T00:37:58+0200,ede4ebfd-4cb0-4b05-bc4d-04fd38aa5047,2026-08-01T11:30:00Z,2026-08-01T13:30:00+0200,43913.1712,MW,DE,DE_LU,forecast_solar_generation,Solar,2026-08-29T22:40:46Z
2026-08-29T22:37:58Z,2026-08-30T00:37:58+0200,ede4ebfd-4cb0-4b05-bc4d-04fd38aa5047,2026-08-01T11:45:00Z,2026-08-01T13:45:00+0200,43973.46501,MW,DE,DE_LU,forecast_solar_generation,Solar,2026-08-29T22:40:46Z
2026-08-29T22:37:58Z,2026-08-30T00:37:58+0200,ede4ebfd-4cb0-4b05-bc4d-04fd38aa5047,2026-08-01T12:00:00Z,2026-08-01T14:00:00+0200,43884.07906,MW,DE,DE_LU,forecast_solar_generation,Solar,2026-08-29T22:40:46Z
2026-08-29T22:37:58Z,2026-08-30T00:37:58+0200,ede4ebfd-4cb0-4b05-bc4d-04fd38aa5047,2026-08-01T12:15:00Z,2026-08-01T14:15:00+0200,43678.24921,MW,DE,DE_LU,forecast_solar_generation,Solar,2026-08-29T22:40:46Z
2026-08-29T22:37:58Z,2026-08-30T00:37:58+0200,ede4ebfd-4cb0-4b05-bc4d-04fd38aa5047,2026-08-01T12:30:00Z,2026-08-01T14:30:00+0200,43304.43769,MW,DE,DE_LU,forecast_solar_generation,Solar,2026-08-29T22:40:46Z
2026-08-29T22:37:58Z,2026-08-30T00:37:58+0200,ede4ebfd-4cb0-4b05-bc4d-04fd38aa5047,2026-08-01T12:45:00Z,2026-08-01T14:45:00+0200,42809.18605,MW,DE,DE_LU,forecast_solar_generation,Solar,2026-08-29T22:40:46Z
2026-08-29T22:37:58Z,2026-08-30T00:37:58+0200,ede4ebfd-4cb0-4b05-bc4d-04fd38aa5047,2026-08-01T13:00:00Z,2026-08-01T15:00:00+0200,42184.89157,MW,DE,DE_LU,forecast_solar_generation,Solar,2026-08-29T22:40:46Z
2026-08-29T22:37:58Z,2026-08-30T00:37:58+0200,ede4ebfd-4cb0-4b05-bc4d-04fd38aa5047,2026-08-01T13:15:00Z,2026-08-01T15:15:00+0200,41381.33502,MW,DE,DE_LU,forecast_solar_generation,Solar,2026-08-29T22:40:46Z
2026-08-29T22:37:58Z,2026-08-30T00:37:58+0200,ede4ebfd-4cb0-4b05-bc4d-04fd38aa5047,2026-08-01T13:30:00Z,2026-08-01T15:30:00+0200,40405.11842,MW,DE,DE_LU,forecast_solar_generation,Solar,2026-08-29T22:40:46Z
2026-08-29T22:37:58Z,2026-08-30T00:37:58+0200,ede4ebfd-4cb0-4b05-bc4d-04fd38aa5047,2026-08-01T13:45:00Z,2026-08-01T15:45:00+0200,39230.08214,MW,DE,DE_LU,forecast_solar_generation,Solar,2026-08-29T22:40:46Z
2026-08-29T22:37:58Z,2026-08-30T00:37:58+0200,ede4ebfd-4cb0-4b05-bc4d-04fd38aa5047,2026-08-01T14:00:00Z,2026-08-01T16:00:00+0200,37869.12134,MW,DE,DE_LU,forecast_solar_generation,Solar,2026-08-29T22:40:46Z
2026-08-29T22:37:58Z,2026-08-30T00:37:58+0200,ede4ebfd-4cb0-4b05-bc4d-04fd38aa5047,2026-08-01T14:15:00Z,2026-08-01T16:15:00+0200,36340.19616,MW,DE,DE_LU,forecast_solar_generation,Solar,2026-08-29T22:40:46Z
2026-08-29T22:37:58Z,2026-08-30T00:37:58+0200,ede4ebfd-4cb0-4b05-bc4d-04fd38aa5047,2026-08-01T14:30:00Z,2026-08-01T16:30:00+0200,34659.477,MW,DE,DE_LU,forecast_solar_generation,Solar,2026-08-29T22:40:46Z
2026-08-29T22:37:58Z,2026-08-30T00:37:58+0200,ede4ebfd-4cb0-4b05-bc4d-04fd38aa5047,2026-08-01T14:45:00Z,2026-08-01T16:45:00+0200,32729.6164,MW,DE,DE_LU,forecast_solar_generation,Solar,2026-08-29T22:40:46Z
2026-08-29T22:37:58Z,2026-08-30T00:37:58+0200,ede4ebfd-4cb0-4b05-bc4d-04fd38aa5047,2026-08-01T15:00:00Z,2026-08-01T17:00:00+0200,30639.26848,MW,DE,DE_LU,forecast_solar_generation,Solar,2026-08-29T22:40:46Z
2026-08-29T22:37:58Z,2026-08-30T00:37:58+0200,ede4ebfd-4cb0-4b05-bc4d-04fd38aa5047,2026-08-01T15:15:00Z,2026-08-01T17:15:00+0200,28400.51369,MW,DE,DE_LU,forecast_solar_generation,Solar,2026-08-29T22:40:46Z
2026-08-29T22:37:58Z,2026-08-30T00:37:58+0200,ede4ebfd-4cb0-4b05-bc4d-04fd38aa5047,2026-08-01T15:30:00Z,2026-08-01T17:30:00+0200,26055.90995,MW,DE,DE_LU,forecast_solar_generation,Solar,2026-08-29T22:40:46Z
2026-08-29T22:37:58Z,2026-08-30T00:37:58+0200,ede4ebfd-4cb0-4b05-bc4d-04fd38aa5047,2026-08-01T15:45:00Z,2026-08-01T17:45:00+0200,23623.83995,MW,DE,DE_LU,forecast_solar_generation,Solar,2026-08-29T22:40:46Z
2026-08-29T22:37:58Z,2026-08-30T00:37:58+0200,ede4ebfd-4cb0-4b05-bc4d-04fd38aa5047,2026-08-01T16:00:00Z,2026-08-01T18:00:00+0200,21032.17023,MW,DE,DE_LU,forecast_solar_generation,Solar,2026-08-29T22:40:46Z
2026-08-29T22:37:58Z,2026-08-30T00:37:58+0200,ede4ebfd-4cb0-4b05-bc4d-04fd38aa5047,2026-08-01T16:15:00Z,2026-08-01T18:15:00+0200,18316.9101,MW,DE,DE_LU,forecast_solar_generation,Solar,2026-08-29T22:40:46Z
2026-08-29T22:37:58Z,2026-08-30T00:37:58+0200,ede4ebfd-4cb0-4b05-bc4d-04fd38aa5047,2026-08-01T16:30:00Z,2026-08-01T18:30:00+0200,15551.69784,MW,DE,DE_LU,forecast_solar_generation,Solar,2026-08-29T22:40:46Z
2026-08-29T22:37:58Z,2026-08-30T00:37:58+0200,ede4ebfd-4cb0-4b05-bc4d-04fd38aa5047,2026-08-01T16:45:00Z,2026-08-01T18:45:00+0200,12849.83902,MW,DE,DE_LU,forecast_solar_generation,Solar,2026-08-29T22:40:46Z
2026-08-29T22:37:58Z,2026-08-30T00:37:58+0200,ede4ebfd-4cb0-4b05-bc4d-04fd38aa5047,2026-08-01T17:00:00Z,2026-08-01T19:00:00+0200,10285.03801,MW,DE,DE_LU,forecast_solar_generation,Solar,2026-08-29T22:40:46Z
2026-08-29T22:37:58Z,2026-08-30T00:37:58+0200,ede4ebfd-4cb0-4b05-bc4d-04fd38aa5047,2026-08-01T17:15:00Z,2026-08-01T19:15:00+0200,7928.49139,MW,DE,DE_LU,forecast_solar_generation,Solar,2026-08-29T22:40:46Z
2026-08-29T22:37:58Z,2026-08-30T00:37:58+0200,ede4ebfd-4cb0-4b05-bc4d-04fd38aa5047,2026-08-01T17:30:00Z,2026-08-01T19:30:00+0200,5865.41249,MW,DE,DE_LU,forecast_solar_generation,Solar,2026-08-29T22:40:46Z
2026-08-29T22:37:58Z,2026-08-30T00:37:58+0200,ede4ebfd-4cb0-4b05-bc4d-04fd38aa5047,2026-08-01T17:45:00Z,2026-08-01T19:45:00+0200,4177.16425,MW,DE,DE_LU,forecast_solar_generation,Solar,2026-08-29T22:40:46Z
2026-08-29T22:37:58Z,2026-08-30T00:37:58+0200,ede4ebfd-4cb0-4b05-bc4d-04fd38aa5047,2026-08-01T18:00:00Z,2026-08-01T20:00:00+0200,2849.55752,MW,DE,DE_LU,forecast_solar_generation,Solar,2026-08-29T22:40:46Z
2026-08-29T22:37:58Z,2026-08-30T00:37:58+0200,ede4ebfd-4cb0-4b05-bc4d-04fd38aa5047,2026-08-01T18:15:00Z,2026-08-01T20:15:00+0200,1799.79091,MW,DE,DE_LU,forecast_solar_generation,Solar,2026-08-29T22:40:46Z
2026-08-29T22:37:58Z,2026-08-30T00:37:58+0200,ede4ebfd-4cb0-4b05-bc4d-04fd38aa5047,2026-08-01T18:30:00Z,2026-08-01T20:30:00+0200,968.32459,MW,DE,DE_LU,forecast_solar_generation,Solar,2026-08-29T22:40:46Z
2026-08-29T22:37:58Z,2026-08-30T00:37:58+0200,ede4ebfd-4cb0-4b05-bc4d-04fd38aa5047,2026-08-01T18:45:00Z,2026-08-01T20:45:00+0200,388.85224,MW,DE,DE_LU,forecast_solar_generation,Solar,2026-08-29T22:40:46Z
2026-08-29T22:37:58Z,2026-08-30T00:37:58+0200,ede4ebfd-4cb0-4b05-bc4d-04fd38aa5047,2026-08-01T19:00:00Z,2026-08-01T21:00:00+0200,99.54054,MW,DE,DE_LU,forecast_solar_generation,Solar,2026-08-29T22:40:46Z
2026-08-29T22:37:58Z,2026-08-30T00:37:58+0200,ede4ebfd-4cb0-4b05-bc4d-04fd38aa5047,2026-08-01T19:15:00Z,2026-08-01T21:15:00+0200,29.02298,MW,DE,DE_LU,forecast_solar_generation,Solar,2026-08-29T22:40:46Z
2026-08-29T22:37:58Z,2026-08-30T00:37:58+0200,ede4ebfd-4cb0-4b05-bc4d-04fd38aa5047,2026-08-01T19:30:00Z,2026-08-01T21:30:00+0200,0.0,MW,DE,DE_LU,forecast_solar_generation,Solar,2026-08-29T22:40:46Z
2026-08-29T22:37:58Z,2026-08-30T00:37:58+0200,ede4ebfd-4cb0-4b05-bc4d-04fd38aa5047,2026-08-01T19:45:00Z,2026-08-01T21:45:00+0200,0.0,MW,DE,DE_LU,forecast_solar_generation,Solar,2026-08-29T22:40:46Z
2026-08-29T22:37:58Z,2026-08-30T00:37:58+0200,ede4ebfd-4cb0-4b05-bc4d-04fd38aa5047,2026-08-01T20:00:00Z,2026-08-01T22:00:00+0200,0.0,MW,DE,DE_LU,forecast_solar_generation,Solar,2026-08-29T22:40:46Z
2026-08-29T22:37:58Z,2026-08-30T00:37:58+0200,ede4ebfd-4cb0-4b05-bc4d-04fd38aa5047,2026-08-01T20:15:00Z,2026-08-01T22:15:00+0200,0.0,MW,DE,DE_LU,forecast_solar_generation,Solar,2026-08-29T22:40:46Z
2026-08-29T22:37:58Z,2026-08-30T00:37:58+0200,ede4ebfd-4cb0-4b05-bc4d-04fd38aa5047,2026-08-01T20:30:00Z,2026-08-01T22:30:00+0200,0.0,MW,DE,DE_LU,forecast_solar_generation,Solar,2026-08-29T22:40:46Z
2026-08-29T22:37:58Z,2026-08-30T00:37:58+0200,ede4ebfd-4cb0-4b05-bc4d-04fd38aa5047,2026-08-01T20:45:00Z,2026-08-01T22:45:00+0200,0.0,MW,DE,DE_LU,forecast_solar_generation,Solar,2026-08-29T22:40:46Z
2026-08-29T22:37:58Z,2026-08-30T00:37:58+0200,ede4ebfd-4cb0-4b05-bc4d-04fd38aa5047,2026-08-01T21:00:00Z,2026-08-01T23:00:00+0200,0.0,MW,DE,DE_LU,forecast_solar_generation,Solar,2026-08-29T22:40:46Z
2026-08-29T22:37:58Z,2026-08-30T00:37:58+0200,ede4ebfd-4cb0-4b05-bc4d-04fd38aa5047,2026-08-01T21:15:00Z,2026-08-01T23:15:00+0200,0.0,MW,DE,DE_LU,forecast_solar_generation,Solar,2026-08-29T22:40:46Z
2026-08-29T22:37:58Z,2026-08-30T00:37:58+0200,ede4ebfd-4cb0-4b05-bc4d-04fd38aa5047,2026-08-01T21:30:00Z,2026-08-01T23:30:00+0200,0.0,MW,DE,DE_LU,forecast_solar_generation,Solar,2026-08-29T22:40:46Z
2026-08-29T22:37:58Z,2026-08-30T00:37:58+0200,ede4ebfd-4cb0-4b05-bc4d-04fd38aa5047,2026-08-01T21:45:00Z,2026-08-01T23:45:00+0200,0.0,MW,DE,DE_LU,forecast_solar_generation,Solar,2026-08-29T22:40:46Z
2026-08-29T22:37:58Z,2026-08-30T00:37:58+0200,ede4ebfd-4cb0-4b05-bc4d-04fd38aa5047,2026-08-01T22:00:00Z,2026-08-02T00:00:00+0200,0.0,MW,DE,DE_LU,forecast_solar_generation,Solar,2026-08-29T22:40:46Z
2026-08-29T22:37:58Z,2026-08-30T00:37:58+0200,ede4ebfd-4cb0-4b05-bc4d-04fd38aa5047,2026-08-01T22:15:00Z,2026-08-02T00:15:00+0200,0.0,MW,DE,DE_LU,forecast_solar_generation,Solar,2026-08-29T22:40:46Z
2026-08-29T22:37:58Z,2026-08-30T00:37:58+0200,ede4ebfd-4cb0-4b05-bc4d-04fd38aa5047,2026-08-01T22:30:00Z,2026-08-02T00:30:00+0200,0.0,MW,DE,DE_LU,forecast_solar_generation,Solar,2026-08-29T22:40:46Z
2026-08-29T22:37:58Z,2026-08-30T00:37:58+0200,ede4ebfd-4cb0-4b05-bc4d-04fd38aa5047,2026-08-01T22:45:00Z,2026-08-02T00:45:00+0200,0.0,MW,DE,DE_LU,forecast_solar_generation,Solar,2026-08-29T22:40:46Z
2026-08-29T22:37:58Z,2026-08-30T00:37:58+0200,ede4ebfd-4cb0-4b05-bc4d-04fd38aa5047,2026-08-01T23:00:00Z,2026-08-02T01:00:00+0200,0.0,MW,DE,DE_LU,forecast_solar_generation,Solar,2026-08-29T22:40:46Z
2026-08-29T22:37:58Z,2026-08-30T00:37:58+0200,ede4ebfd-4cb0-4b05-bc4d-04fd38aa5047,2026-08-01T23:15:00Z,2026-08-02T01:15:00+0200,0.0,MW,DE,DE_LU,forecast_solar_generation,Solar,2026-08-29T22:40:46Z
2026-08-29T22:37:58Z,2026-08-30T00:37:58+0200,ede4ebfd-4cb0-4b05-bc4d-04fd38aa5047,2026-08-01T23:30:00Z,2026-08-02T01:30:00+0200,0.0,MW,DE,DE_LU,forecast_solar_generation,Solar,2026-08-29T22:40:46Z
2026-08-29T22:37:58Z,2026-08-30T00:37:58+0200,ede4ebfd-4cb0-4b05-bc4d-04fd38aa5047,2026-08-01T23:45:00Z,2026-08-02T01:45:00+0200,0.0,MW,DE,DE_LU,forecast_solar_generation,Solar,2026-08-29T22:40:46Z
2026-08-29T22:37:58Z,2026-08-30T00:37:58+0200,ede4ebfd-4cb0-4b05-bc4d-04fd38aa5047,2026-08-02T00:00:00Z,2026-08-02T02:00:00+0200,0.0,MW,DE,DE_LU,forecast_solar_generation,Solar,2026-08-29T22:40:46Z
2026-08-29T22:37:58Z,2026-08-30T00:37:58+0200,ede4ebfd-4cb0-4b05-bc4d-04fd38aa5047,2026-08-02T00:15:00Z,2026-08-02T02:15:00+0200,0.0,MW,DE,DE_LU,forecast_solar_generation,Solar,2026-08-29T22:40:46Z
2026-08-29T22:37:58Z,2026-08-30T00:37:58+0200,ede4ebfd-4cb0-4b05-bc4d-04fd38aa5047,2026-08-02T00:30:00Z,2026-08-02T02:30:00+0200,0.0,MW,DE,DE_LU,forecast_solar_generation,Solar,2026-08-29T22:40:46Z
2026-08-29T22:37:58Z,2026-08-30T00:37:58+0200,ede4ebfd-4cb0-4b05-bc4d-04fd38aa5047,2026-08-02T00:45:00Z,2026-08-02T02:45:00+0200,0.0,MW,DE,DE_LU,forecast_solar_generation,Solar,2026-08-29T22:40:46Z
2026-08-29T22:37:58Z,2026-08-30T00:37:58+0200,ede4ebfd-4cb0-4b05-bc4d-04fd38aa5047,2026-08-02T01:00:00Z,2026-08-02T03:00:00+0200,0.0,MW,DE,DE_LU,forecast_solar_generation,Solar,2026-08-29T22:40:46Z
2026-08-29T22:37:58Z,2026-08-30T00:37:58+0200,ede4ebfd-4cb0-4b05-bc4d-04fd38aa5047,2026-08-02T01:15:00Z,2026-08-02T03:15:00+0200,0.0,MW,DE,DE_LU,forecast_solar_generation,Solar,2026-08-29T22:40:46Z
2026-08-29T22:37:58Z,2026-08-30T00:37:58+0200,ede4ebfd-4cb0-4b05-bc4d-04fd38aa5047,2026-08-02T01:30:00Z,2026-08-02T03:30:00+0200,0.0,MW,DE,DE_LU,forecast_solar_generation,Solar,2026-08-29T22:40:46Z
2026-08-29T22:37:58Z,2026-08-30T00:37:58+0200,ede4ebfd-4cb0-4b05-bc4d-04fd38aa5047,2026-08-02T01:45:00Z,2026-08-02T03:45:00+0200,0.0,MW,DE,DE_LU,forecast_solar_generation,Solar,2026-08-29T22:40:46Z
2026-08-29T22:37:58Z,2026-08-30T00:37:58+0200,ede4ebfd-4cb0-4b05-bc4d-04fd38aa5047,2026-08-02T02:00:00Z,2026-08-02T04:00:00+0200,0.0,MW,DE,DE_LU,forecast_solar_generation,Solar,2026-08-29T22:40:46Z
2026-08-29T22:37:58Z,2026-08-30T00:37:58+0200,ede4ebfd-4cb0-4b05-bc4d-04fd38aa5047,2026-08-02T02:15:00Z,2026-08-02T04:15:00+0200,0.0,MW,DE,DE_LU,forecast_solar_generation,Solar,2026-08-29T22:40:46Z
2026-08-29T22:37:58Z,2026-08-30T00:37:58+0200,ede4ebfd-4cb0-4b05-bc4d-04fd38aa5047,2026-08-02T02:30:00Z,2026-08-02T04:30:00+0200,0.0,MW,DE,DE_LU,forecast_solar_generation,Solar,2026-08-29T22:40:46Z
2026-08-29T22:37:58Z,2026-08-30T00:37:58+0200,ede4ebfd-4cb0-4b05-bc4d-04fd38aa5047,2026-08-02T02:45:00Z,2026-08-02T04:45:00+0200,0.0,MW,DE,DE_LU,forecast_solar_generation,Solar,2026-08-29T22:40:46Z
2026-08-29T22:37:58Z,2026-08-30T00:37:58+0200,ede4ebfd-4cb0-4b05-bc4d-04fd38aa5047,2026-08-02T03:00:00Z,2026-08-02T05:00:00+0200,0.0,MW,DE,DE_LU,forecast_solar_generation,Solar,2026-08-29T22:40:46Z
2026-08-29T22:37:58Z,2026-08-30T00:37:58+0200,ede4ebfd-4cb0-4b05-bc4d-04fd38aa5047,2026-08-02T03:15:00Z,2026-08-02T05:15:00+0200,0.52,MW,DE,DE_LU,forecast_solar_generation,Solar,2026-08-29T22:40:46Z
2026-08-29T22:37:58Z,2026-08-30T00:37:58+0200,ede4ebfd-4cb0-4b05-bc4d-04fd38aa5047,2026-08-02T03:30:00Z,2026-08-02T05:30:00+0200,44.14674,MW,DE,DE_LU,forecast_solar_generation,Solar,2026-08-29T22:40:46Z
2026-08-29T22:37:58Z,2026-08-30T00:37:58+0200,ede4ebfd-4cb0-4b05-bc4d-04fd38aa5047,2026-08-02T03:45:00Z,2026-08-02T05:45:00+0200,204.74667,MW,DE,DE_LU,forecast_solar_generation,Solar,2026-08-29T22:40:46Z
2026-08-29T22:37:58Z,2026-08-30T00:37:58+0200,ede4ebfd-4cb0-4b05-bc4d-04fd38aa5047,2026-08-02T04:00:00Z,2026-08-02T06:00:00+0200,718.3146,MW,DE,DE_LU,forecast_solar_generation,Solar,2026-08-29T22:40:46Z
2026-08-29T22:37:58Z,2026-08-30T00:37:58+0200,ede4ebfd-4cb0-4b05-bc4d-04fd38aa5047,2026-08-02T04:15:00Z,2026-08-02T06:15:00+0200,1494.61614,MW,DE,DE_LU,forecast_solar_generation,Solar,2026-08-29T22:40:46Z
2026-08-29T22:37:58Z,2026-08-30T00:37:58+0200,ede4ebfd-4cb0-4b05-bc4d-04fd38aa5047,2026-08-02T04:30:00Z,2026-08-02T06:30:00+0200,2520.20916,MW,DE,DE_LU,forecast_solar_generation,Solar,2026-08-29T22:40:46Z
2026-08-29T22:37:58Z,2026-08-30T00:37:58+0200,ede4ebfd-4cb0-4b05-bc4d-04fd38aa5047,2026-08-02T04:45:00Z,2026-08-02T06:45:00+0200,3789.39587,MW,DE,DE_LU,forecast_solar_generation,Solar,2026-08-29T22:40:46Z
2026-08-29T22:37:58Z,2026-08-30T00:37:58+0200,ede4ebfd-4cb0-4b05-bc4d-04fd38aa5047,2026-08-02T05:00:00Z,2026-08-02T07:00:00+0200,5390.37508,MW,DE,DE_LU,forecast_solar_generation,Solar,2026-08-29T22:40:46Z
2026-08-29T22:37:58Z,2026-08-30T00:37:58+0200,ede4ebfd-4cb0-4b05-bc4d-04fd38aa5047,2026-08-02T05:15:00Z,2026-08-02T07:15:00+0200,7386.18921,MW,DE,DE_LU,forecast_solar_generation,Solar,2026-08-29T22:40:46Z
2026-08-29T22:37:58Z,2026-08-30T00:37:58+0200,ede4ebfd-4cb0-4b05-bc4d-04fd38aa5047,2026-08-02T05:30:00Z,2026-08-02T07:30:00+0200,9725.04991,MW,DE,DE_LU,forecast_solar_generation,Solar,2026-08-29T22:40:46Z
2026-08-29T22:37:58Z,2026-08-30T00:37:58+0200,ede4ebfd-4cb0-4b05-bc4d-04fd38aa5047,2026-08-02T05:45:00Z,2026-08-02T07:45:00+0200,12322.35881,MW,DE,DE_LU,forecast_solar_generation,Solar,2026-08-29T22:40:46Z
2026-08-29T22:37:58Z,2026-08-30T00:37:58+0200,ede4ebfd-4cb0-4b05-bc4d-04fd38aa5047,2026-08-02T06:00:00Z,2026-08-02T08:00:00+0200,15082.5927,MW,DE,DE_LU,forecast_solar_generation,Solar,2026-08-29T22:40:46Z
2026-08-29T22:37:58Z,2026-08-30T00:37:58+0200,ede4ebfd-4cb0-4b05-bc4d-04fd38aa5047,2026-08-02T06:15:00Z,2026-08-02T08:15:00+0200,18021.40085,MW,DE,DE_LU,forecast_solar_generation,Solar,2026-08-29T22:40:46Z
2026-08-29T22:37:58Z,2026-08-30T00:37:58+0200,ede4ebfd-4cb0-4b05-bc4d-04fd38aa5047,2026-08-02T06:30:00Z,2026-08-02T08:30:00+0200,21053.7933,MW,DE,DE_LU,forecast_solar_generation,Solar,2026-08-29T22:40:46Z
2026-08-29T22:37:58Z,2026-08-30T00:37:58+0200,ede4ebfd-4cb0-4b05-bc4d-04fd38aa5047,2026-08-02T06:45:00Z,2026-08-02T08:45:00+0200,24076.57155,MW,DE,DE_LU,forecast_solar_generation,Solar,2026-08-29T22:40:46Z
2026-08-29T22:37:58Z,2026-08-30T00:37:58+0200,ede4ebfd-4cb0-4b05-bc4d-04fd38aa5047,2026-08-02T07:00:00Z,2026-08-02T09:00:00+0200,27030.04717,MW,DE,DE_LU,forecast_solar_generation,Solar,2026-08-29T22:40:46Z
2026-08-29T22:37:58Z,2026-08-30T00:37:58+0200,ede4ebfd-4cb0-4b05-bc4d-04fd38aa5047,2026-08-02T07:15:00Z,2026-08-02T09:15:00+0200,29876.14531,MW,DE,DE_LU,forecast_solar_generation,Solar,2026-08-29T22:40:46Z
2026-08-29T22:37:58Z,2026-08-30T00:37:58+0200,ede4ebfd-4cb0-4b05-bc4d-04fd38aa5047,2026-08-02T07:30:00Z,2026-08-02T09:30:00+0200,32575.28931,MW,DE,DE_LU,forecast_solar_generation,Solar,2026-08-29T22:40:46Z
2026-08-29T22:37:58Z,2026-08-30T00:37:58+0200,ede4ebfd-4cb0-4b05-bc4d-04fd38aa5047,2026-08-02T07:45:00Z,2026-08-02T09:45:00+0200,35105.45512,MW,DE,DE_LU,forecast_solar_generation,Solar,2026-08-29T22:40:46Z
2026-08-29T22:37:58Z,2026-08-30T00:37:58+0200,ede4ebfd-4cb0-4b05-bc4d-04fd38aa5047,2026-08-02T08:00:00Z,2026-08-02T10:00:00+0200,37470.80509,MW,DE,DE_LU,forecast_solar_generation,Solar,2026-08-29T22:40:46Z
2026-08-29T22:37:58Z,2026-08-30T00:37:58+0200,ede4ebfd-4cb0-4b05-bc4d-04fd38aa5047,2026-08-02T08:15:00Z,2026-08-02T10:15:00+0200,39645.30618,MW,DE,DE_LU,forecast_solar_generation,Solar,2026-08-29T22:40:46Z
2026-08-29T22:37:58Z,2026-08-30T00:37:58+0200,ede4ebfd-4cb0-4b05-bc4d-04fd38aa5047,2026-08-02T08:30:00Z,2026-08-02T10:30:00+0200,41610.35279,MW,DE,DE_LU,forecast_solar_generation,Solar,2026-08-29T22:40:46Z
2026-08-29T22:37:58Z,2026-08-30T00:37:58+0200,ede4ebfd-4cb0-4b05-bc4d-04fd38aa5047,2026-08-02T08:45:00Z,2026-08-02T10:45:00+0200,43404.87395,MW,DE,DE_LU,forecast_solar_generation,Solar,2026-08-29T22:40:46Z
2026-08-29T22:37:58Z,2026-08-30T00:37:58+0200,ede4ebfd-4cb0-4b05-bc4d-04fd38aa5047,2026-08-02T09:00:00Z,2026-08-02T11:00:00+0200,44996.24134,MW,DE,DE_LU,forecast_solar_generation,Solar,2026-08-29T22:40:46Z
2026-08-29T22:37:58Z,2026-08-30T00:37:58+0200,ede4ebfd-4cb0-4b05-bc4d-04fd38aa5047,2026-08-02T09:15:00Z,2026-08-02T11:15:00+0200,46420.00489,MW,DE,DE_LU,forecast_solar_generation,Solar,2026-08-29T22:40:46Z
2026-08-29T22:37:58Z,2026-08-30T00:37:58+0200,ede4ebfd-4cb0-4b05-bc4d-04fd38aa5047,2026-08-02T09:30:00Z,2026-08-02T11:30:00+0200,47618.55956,MW,DE,DE_LU,forecast_solar_generation,Solar,2026-08-29T22:40:46Z
2026-08-29T22:37:58Z,2026-08-30T00:37:58+0200,ede4ebfd-4cb0-4b05-bc4d-04fd38aa5047,2026-08-02T09:45:00Z,2026-08-02T11:45:00+0200,48626.80172,MW,DE,DE_LU,forecast_solar_generation,Solar,2026-08-29T22:40:46Z
2026-08-29T22:37:58Z,2026-08-30T00:37:58+0200,ede4ebfd-4cb0-4b05-bc4d-04fd38aa5047,2026-08-02T10:00:00Z,2026-08-02T12:00:00+0200,49493.41203,MW,DE,DE_LU,forecast_solar_generation,Solar,2026-08-29T22:40:46Z
2026-08-29T22:37:58Z,2026-08-30T00:37:58+0200,ede4ebfd-4cb0-4b05-bc4d-04fd38aa5047,2026-08-02T10:15:00Z,2026-08-02T12:15:00+0200,50155.44955,MW,DE,DE_LU,forecast_solar_generation,Solar,2026-08-29T22:40:46Z
2026-08-29T22:37:58Z,2026-08-30T00:37:58+0200,ede4ebfd-4cb0-4b05-bc4d-04fd38aa5047,2026-08-02T10:30:00Z,2026-08-02T12:30:00+0200,50665.98638,MW,DE,DE_LU,forecast_solar_generation,Solar,2026-08-29T22:40:46Z
2026-08-29T22:37:58Z,2026-08-30T00:37:58+0200,ede4ebfd-4cb0-4b05-bc4d-04fd38aa5047,2026-08-02T10:45:00Z,2026-08-02T12:45:00+0200,51063.74975,MW,DE,DE_LU,forecast_solar_generation,Solar,2026-08-29T22:40:46Z
2026-08-29T22:37:58Z,2026-08-30T00:37:58+0200,ede4ebfd-4cb0-4b05-bc4d-04fd38aa5047,2026-08-02T11:00:00Z,2026-08-02T13:00:00+0200,51266.30623,MW,DE,DE_LU,forecast_solar_generation,Solar,2026-08-29T22:40:46Z
2026-08-29T22:37:58Z,2026-08-30T00:37:58+0200,ede4ebfd-4cb0-4b05-bc4d-04fd38aa5047,2026-08-02T11:15:00Z,2026-08-02T13:15:00+0200,51298.57762,MW,DE,DE_LU,forecast_solar_generation,Solar,2026-08-29T22:40:46Z
2026-08-29T22:37:58Z,2026-08-30T00:37:58+0200,ede4ebfd-4cb0-4b05-bc4d-04fd38aa5047,2026-08-02T11:30:00Z,2026-08-02T13:30:00+0200,51174.90067,MW,DE,DE_LU,forecast_solar_generation,Solar,2026-08-29T22:40:46Z
2026-08-29T22:37:58Z,2026-08-30T00:37:58+0200,ede4ebfd-4cb0-4b05-bc4d-04fd38aa5047,2026-08-02T11:45:00Z,2026-08-02T13:45:00+0200,50964.75563,MW,DE,DE_LU,forecast_solar_generation,Solar,2026-08-29T22:40:46Z
2026-08-29T22:37:58Z,2026-08-30T00:37:58+0200,ede4ebfd-4cb0-4b05-bc4d-04fd38aa5047,2026-08-02T12:00:00Z,2026-08-02T14:00:00+0200,50524.17279,MW,DE,DE_LU,forecast_solar_generation,Solar,2026-08-29T22:40:46Z
2026-08-29T22:37:58Z,2026-08-30T00:37:58+0200,ede4ebfd-4cb0-4b05-bc4d-04fd38aa5047,2026-08-02T12:15:00Z,2026-08-02T14:15:00+0200,49900.65214,MW,DE,DE_LU,forecast_solar_generation,Solar,2026-08-29T22:40:46Z
2026-08-29T22:37:58Z,2026-08-30T00:37:58+0200,ede4ebfd-4cb0-4b05-bc4d-04fd38aa5047,2026-08-02T12:30:00Z,2026-08-02T14:30:00+0200,49110.51821,MW,DE,DE_LU,forecast_solar_generation,Solar,2026-08-29T22:40:46Z
2026-08-29T22:37:58Z,2026-08-30T00:37:58+0200,ede4ebfd-4cb0-4b05-bc4d-04fd38aa5047,2026-08-02T12:45:00Z,2026-08-02T14:45:00+0200,48202.78793,MW,DE,DE_LU,forecast_solar_generation,Solar,2026-08-29T22:40:46Z
2026-08-29T22:37:58Z,2026-08-30T00:37:58+0200,ede4ebfd-4cb0-4b05-bc4d-04fd38aa5047,2026-08-02T13:00:00Z,2026-08-02T15:00:00+0200,47102.24553,MW,DE,DE_LU,forecast_solar_generation,Solar,2026-08-29T22:40:46Z
2026-08-29T22:37:58Z,2026-08-30T00:37:58+0200,ede4ebfd-4cb0-4b05-bc4d-04fd38aa5047,2026-08-02T13:15:00Z,2026-08-02T15:15:00+0200,45902.40787,MW,DE,DE_LU,forecast_solar_generation,Solar,2026-08-29T22:40:46Z
2026-08-29T22:37:58Z,2026-08-30T00:37:58+0200,ede4ebfd-4cb0-4b05-bc4d-04fd38aa5047,2026-08-02T13:30:00Z,2026-08-02T15:30:00+0200,44582.61835,MW,DE,DE_LU,forecast_solar_generation,Solar,2026-08-29T22:40:46Z
2026-08-29T22:37:58Z,2026-08-30T00:37:58+0200,ede4ebfd-4cb0-4b05-bc4d-04fd38aa5047,2026-08-02T13:45:00Z,2026-08-02T15:45:00+0200,43113.89002,MW,DE,DE_LU,forecast_solar_generation,Solar,2026-08-29T22:40:46Z
2026-08-29T22:37:58Z,2026-08-30T00:37:58+0200,ede4ebfd-4cb0-4b05-bc4d-04fd38aa5047,2026-08-02T14:00:00Z,2026-08-02T16:00:00+0200,41440.1866,MW,DE,DE_LU,forecast_solar_generation,Solar,2026-08-29T22:40:46Z
2026-08-29T22:37:58Z,2026-08-30T00:37:58+0200,ede4ebfd-4cb0-4b05-bc4d-04fd38aa5047,2026-08-02T14:15:00Z,2026-08-02T16:15:00+0200,39562.82169,MW,DE,DE_LU,forecast_solar_generation,Solar,2026-08-29T22:40:46Z
2026-08-29T22:37:58Z,2026-08-30T00:37:58+0200,ede4ebfd-4cb0-4b05-bc4d-04fd38aa5047,2026-08-02T14:30:00Z,2026-08-02T16:30:00+0200,37544.43317,MW,DE,DE_LU,forecast_solar_generation,Solar,2026-08-29T22:40:46Z
2026-08-29T22:37:58Z,2026-08-30T00:37:58+0200,ede4ebfd-4cb0-4b05-bc4d-04fd38aa5047,2026-08-02T14:45:00Z,2026-08-02T16:45:00+0200,35339.83479,MW,DE,DE_LU,forecast_solar_generation,Solar,2026-08-29T22:40:46Z
2026-08-29T22:37:58Z,2026-08-30T00:37:58+0200,ede4ebfd-4cb0-4b05-bc4d-04fd38aa5047,2026-08-02T15:00:00Z,2026-08-02T17:00:00+0200,32957.40009,MW,DE,DE_LU,forecast_solar_generation,Solar,2026-08-29T22:40:46Z
2026-08-29T22:37:58Z,2026-08-30T00:37:58+0200,ede4ebfd-4cb0-4b05-bc4d-04fd38aa5047,2026-08-02T15:15:00Z,2026-08-02T17:15:00+0200,30417.47963,MW,DE,DE_LU,forecast_solar_generation,Solar,2026-08-29T22:40:46Z
2026-08-29T22:37:58Z,2026-08-30T00:37:58+0200,ede4ebfd-4cb0-4b05-bc4d-04fd38aa5047,2026-08-02T15:30:00Z,2026-08-02T17:30:00+0200,27744.05991,MW,DE,DE_LU,forecast_solar_generation,Solar,2026-08-29T22:40:46Z
2026-08-29T22:37:58Z,2026-08-30T00:37:58+0200,ede4ebfd-4cb0-4b05-bc4d-04fd38aa5047,2026-08-02T15:45:00Z,2026-08-02T17:45:00+0200,24970.04088,MW,DE,DE_LU,forecast_solar_generation,Solar,2026-08-29T22:40:46Z
2026-08-29T22:37:58Z,2026-08-30T00:37:58+0200,ede4ebfd-4cb0-4b05-bc4d-04fd38aa5047,2026-08-02T16:00:00Z,2026-08-02T18:00:00+0200,22032.55007,MW,DE,DE_LU,forecast_solar_generation,Solar,2026-08-29T22:40:46Z
2026-08-29T22:37:58Z,2026-08-30T00:37:58+0200,ede4ebfd-4cb0-4b05-bc4d-04fd38aa5047,2026-08-02T16:15:00Z,2026-08-02T18:15:00+0200,19015.06162,MW,DE,DE_LU,forecast_solar_generation,Solar,2026-08-29T22:40:46Z
2026-08-29T22:37:58Z,2026-08-30T00:37:58+0200,ede4ebfd-4cb0-4b05-bc4d-04fd38aa5047,2026-08-02T16:30:00Z,2026-08-02T18:30:00+0200,15991.81835,MW,DE,DE_LU,forecast_solar_generation,Solar,2026-08-29T22:40:46Z
2026-08-29T22:37:58Z,2026-08-30T00:37:58+0200,ede4ebfd-4cb0-4b05-bc4d-04fd38aa5047,2026-08-02T16:45:00Z,2026-08-02T18:45:00+0200,13079.80555,MW,DE,DE_LU,forecast_solar_generation,Solar,2026-08-29T22:40:46Z
2026-08-29T22:37:58Z,2026-08-30T00:37:58+0200,ede4ebfd-4cb0-4b05-bc4d-04fd38aa5047,2026-08-02T17:00:00Z,2026-08-02T19:00:00+0200,10353.99555,MW,DE,DE_LU,forecast_solar_generation,Solar,2026-08-29T22:40:46Z
2026-08-29T22:37:58Z,2026-08-30T00:37:58+0200,ede4ebfd-4cb0-4b05-bc4d-04fd38aa5047,2026-08-02T17:15:00Z,2026-08-02T19:15:00+0200,7891.7242,MW,DE,DE_LU,forecast_solar_generation,Solar,2026-08-29T22:40:46Z
2026-08-29T22:37:58Z,2026-08-30T00:37:58+0200,ede4ebfd-4cb0-4b05-bc4d-04fd38aa5047,2026-08-02T17:30:00Z,2026-08-02T19:30:00+0200,5795.00977,MW,DE,DE_LU,forecast_solar_generation,Solar,2026-08-29T22:40:46Z
2026-08-29T22:37:58Z,2026-08-30T00:37:58+0200,ede4ebfd-4cb0-4b05-bc4d-04fd38aa5047,2026-08-02T17:45:00Z,2026-08-02T19:45:00+0200,4121.182,MW,DE,DE_LU,forecast_solar_generation,Solar,2026-08-29T22:40:46Z
2026-08-29T22:37:58Z,2026-08-30T00:37:58+0200,ede4ebfd-4cb0-4b05-bc4d-04fd38aa5047,2026-08-02T18:00:00Z,2026-08-02T20:00:00+0200,2810.03822,MW,DE,DE_LU,forecast_solar_generation,Solar,2026-08-29T22:40:46Z
2026-08-29T22:37:58Z,2026-08-30T00:37:58+0200,ede4ebfd-4cb0-4b05-bc4d-04fd38aa5047,2026-08-02T18:15:00Z,2026-08-02T20:15:00+0200,1752.49789,MW,DE,DE_LU,forecast_solar_generation,Solar,2026-08-29T22:40:46Z
2026-08-29T22:37:58Z,2026-08-30T00:37:58+0200,ede4ebfd-4cb0-4b05-bc4d-04fd38aa5047,2026-08-02T18:30:00Z,2026-08-02T20:30:00+0200,904.21311,MW,DE,DE_LU,forecast_solar_generation,Solar,2026-08-29T22:40:46Z
2026-08-29T22:37:58Z,2026-08-30T00:37:58+0200,ede4ebfd-4cb0-4b05-bc4d-04fd38aa5047,2026-08-02T18:45:00Z,2026-08-02T20:45:00+0200,336.94103,MW,DE,DE_LU,forecast_solar_generation,Solar,2026-08-29T22:40:46Z
2026-08-29T22:37:58Z,2026-08-30T00:37:58+0200,ede4ebfd-4cb0-4b05-bc4d-04fd38aa5047,2026-08-02T19:00:00Z,2026-08-02T21:00:00+0200,81.34494,MW,DE,DE_LU,forecast_solar_generation,Solar,2026-08-29T22:40:46Z
2026-08-29T22:37:58Z,2026-08-30T00:37:58+0200,ede4ebfd-4cb0-4b05-bc4d-04fd38aa5047,2026-08-02T19:15:00Z,2026-08-02T21:15:00+0200,24.88796,MW,DE,DE_LU,forecast_solar_generation,Solar,2026-08-29T22:40:46Z
2026-08-29T22:37:58Z,2026-08-30T00:37:58+0200,ede4ebfd-4cb0-4b05-bc4d-04fd38aa5047,2026-08-02T19:30:00Z,2026-08-02T21:30:00+0200,0.0,MW,DE,DE_LU,forecast_solar_generation,Solar,2026-08-29T22:40:46Z
2026-08-29T22:37:58Z,2026-08-30T00:37:58+0200,ede4ebfd-4cb0-4b05-bc4d-04fd38aa5047,2026-08-02T19:45:00Z,2026-08-02T21:45:00+0200,0.0,MW,DE,DE_LU,forecast_solar_generation,Solar,2026-08-29T22:40:46Z
2026-08-29T22:37:58Z,2026-08-30T00:37:58+0200,ede4ebfd-4cb0-4b05-bc4d-04fd38aa5047,2026-08-02T20:00:00Z,2026-08-02T22:00:00+0200,0.0,MW,DE,DE_LU,forecast_solar_generation,Solar,2026-08-29T22:40:46Z
2026-08-29T22:37:58Z,2026-08-30T00:37:58+0200,ede4ebfd-4cb0-4b05-bc4d-04fd38aa5047,2026-08-02T20:15:00Z,2026-08-02T22:15:00+0200,0.0,MW,DE,DE_LU,forecast_solar_generation,Solar,2026-08-29T22:40:46Z
2026-08-29T22:37:58Z,2026-08-30T00:37:58+0200,ede4ebfd-4cb0-4b05-bc4d-04fd38aa5047,2026-08-02T20:30:00Z,2026-08-02T22:30:00+0200,0.0,MW,DE,DE_LU,forecast_solar_generation,Solar,2026-08-29T22:40:46Z
2026-08-29T22:37:58Z,2026-08-30T00:37:58+0200,ede4ebfd-4cb0-4b05-bc4d-04fd38aa5047,2026-08-02T20:45:00Z,2026-08-02T22:45:00+0200,0.0,MW,DE,DE_LU,forecast_solar_generation,Solar,2026-08-29T22:40:46Z
2026-08-29T22:37:58Z,2026-08-30T00:37:58+0200,ede4ebfd-4cb0-4b05-bc4d-04fd38aa5047,2026-08-02T21:00:00Z,2026-08-02T23:00:00+0200,0.0,MW,DE,DE_LU,forecast_solar_generation,Solar,2026-08-29T22:40:46Z
2026-08-29T22:37:58Z,2026-08-30T00:37:58+0200,ede4ebfd-4cb0-4b05-bc4d-04fd38aa5047,2026-08-02T21:15:00Z,2026-08-02T23:15:00+0200,0.0,MW,DE,DE_LU,forecast_solar_generation,Solar,2026-08-29T22:40:46Z
2026-08-29T22:37:58Z,2026-08-30T00:37:58+0200,ede4ebfd-4cb0-4b05-bc4d-04fd38aa5047,2026-08-02T21:30:00Z,2026-08-02T23:30:00+0200,0.0,MW,DE,DE_LU,forecast_solar_generation,Solar,2026-08-29T22:40:46Z
2026-08-29T22:37:58Z,2026-08-30T00:37:58+0200,ede4ebfd-4cb0-4b05-bc4d-04fd38aa5047,2026-08-02T21:45:00Z,2026-08-02T23:45:00+0200,0.0,MW,DE,DE_LU,forecast_solar_generation,Solar,2026-08-29T22:40:46Z
2026-08-29T22:37:58Z,2026-08-30T00:37:58+0200,ede4ebfd-4cb0-4b05-bc4d-04fd38aa5047,2026-08-02T22:00:00Z,2026-08-03T00:00:00+0200,0.0,MW,DE,DE_LU,forecast_solar_generation,Solar,2026-08-29T22:40:46Z
2026-08-29T22:37:58Z,2026-08-30T00:37:58+0200,ede4ebfd-4cb0-4b05-bc4d-04fd38aa5047,2026-08-02T22:15:00Z,2026-08-03T00:15:00+0200,0.0,MW,DE,DE_LU,forecast_solar_generation,Solar,2026-08-29T22:40:46Z
2026-08-29T22:37:58Z,2026-08-30T00:37:58+0200,ede4ebfd-4cb0-4b05-bc4d-04fd38aa5047,2026-08-02T22:30:00Z,2026-08-03T00:30:00+0200,0.0,MW,DE,DE_LU,forecast_solar_generation,Solar,2026-08-29T22:40:46Z
2026-08-29T22:37:58Z,2026-08-30T00:37:58+0200,ede4ebfd-4cb0-4b05-bc4d-04fd38aa5047,2026-08-02T22:45:00Z,2026-08-03T00:45:00+0200,0.0,MW,DE,DE_LU,forecast_solar_generation,Solar,2026-08-29T22:40:46Z
2026-08-29T22:37:58Z,2026-08-30T00:37:58+0200,ede4ebfd-4cb0-4b05-bc4d-04fd38aa5047,2026-08-02T23:00:00Z,2026-08-03T01:00:00+0200,0.0,MW,DE,DE_LU,forecast_solar_generation,Solar,2026-08-29T22:40:46Z
2026-08-29T22:37:58Z,2026-08-30T00:37:58+0200,ede4ebfd-4cb0-4b05-bc4d-04fd38aa5047,2026-08-02T23:15:00Z,2026-08-03T01:15:00+0200,0.0,MW,DE,DE_LU,forecast_solar_generation,Solar,2026-08-29T22:40:46Z
2026-08-29T22:37:58Z,2026-08-30T00:37:58+0200,ede4ebfd-4cb0-4b05-bc4d-04fd38aa5047,2026-08-02T23:30:00Z,2026-08-03T01:30:00+0200,0.0,MW,DE,DE_LU,forecast_solar_generation,Solar,2026-08-29T22:40:46Z
2026-08-29T22:37:58Z,2026-08-30T00:37:58+0200,ede4ebfd-4cb0-4b05-bc4d-04fd38aa5047,2026-08-02T23:45:00Z,2026-08-03T01:45:00+0200,0.0,MW,DE,DE_LU,forecast_solar_generation,Solar,2026-08-29T22:40:46Z
2026-08-29T22:37:58Z,2026-08-30T00:37:58+0200,ede4ebfd-4cb0-4b05-bc4d-04fd38aa5047,2026-08-03T00:00:00Z,2026-08-03T02:00:00+0200,0.0,MW,DE,DE_LU,forecast_solar_generation,Solar,2026-08-29T22:40:46Z
2026-08-29T22:37:58Z,2026-08-30T00:37:58+0200,ede4ebfd-4cb0-4b05-bc4d-04fd38aa5047,2026-08-03T00:15:00Z,2026-08-03T02:15:00+0200,0.0,MW,DE,DE_LU,forecast_solar_generation,Solar,2026-08-29T22:40:46Z
2026-08-29T22:37:58Z,2026-08-30T00:37:58+0200,ede4ebfd-4cb0-4b05-bc4d-04fd38aa5047,2026-08-03T00:30:00Z,2026-08-03T02:30:00+0200,0.0,MW,DE,DE_LU,forecast_solar_generation,Solar,2026-08-29T22:40:46Z
2026-08-29T22:37:58Z,2026-08-30T00:37:58+0200,ede4ebfd-4cb0-4b05-bc4d-04fd38aa5047,2026-08-03T00:45:00Z,2026-08-03T02:45:00+0200,0.0,MW,DE,DE_LU,forecast_solar_generation,Solar,2026-08-29T22:40:46Z
2026-08-29T22:37:58Z,2026-08-30T00:37:58+0200,ede4ebfd-4cb0-4b05-bc4d-04fd38aa5047,2026-08-03T01:00:00Z,2026-08-03T03:00:00+0200,0.0,MW,DE,DE_LU,forecast_solar_generation,Solar,2026-08-29T22:40:46Z
2026-08-29T22:37:58Z,2026-08-30T00:37:58+0200,ede4ebfd-4cb0-4b05-bc4d-04fd38aa5047,2026-08-03T01:15:00Z,2026-08-03T03:15:00+0200,0.0,MW,DE,DE_LU,forecast_solar_generation,Solar,2026-08-29T22:40:46Z
2026-08-29T22:37:58Z,2026-08-30T00:37:58+0200,ede4ebfd-4cb0-4b05-bc4d-04fd38aa5047,2026-08-03T01:30:00Z,2026-08-03T03:30:00+0200,0.0,MW,DE,DE_LU,forecast_solar_generation,Solar,2026-08-29T22:40:46Z
2026-08-29T22:37:58Z,2026-08-30T00:37:58+0200,ede4ebfd-4cb0-4b05-bc4d-04fd38aa5047,2026-08-03T01:45:00Z,2026-08-03T03:45:00+0200,0.0,MW,DE,DE_LU,forecast_solar_generation,Solar,2026-08-29T22:40:46Z
2026-08-29T22:37:58Z,2026-08-30T00:37:58+0200,ede4ebfd-4cb0-4b05-bc4d-04fd38aa5047,2026-08-03T02:00:00Z,2026-08-03T04:00:00+0200,0.0,MW,DE,DE_LU,forecast_solar_generation,Solar,2026-08-29T22:40:46Z
2026-08-29T22:37:58Z,2026-08-30T00:37:58+0200,ede4ebfd-4cb0-4b05-bc4d-04fd38aa5047,2026-08-03T02:15:00Z,2026-08-03T04:15:00+0200,0.0,MW,DE,DE_LU,forecast_solar_generation,Solar,2026-08-29T22:40:46Z
2026-08-29T22:37:58Z,2026-08-30T00:37:58+0200,ede4ebfd-4cb0-4b05-bc4d-04fd38aa5047,2026-08-03T02:30:00Z,2026-08-03T04:30:00+0200,0.0,MW,DE,DE_LU,forecast_solar_generation,Solar,2026-08-29T22:40:46Z
2026-08-29T22:37:58Z,2026-08-30T00:37:58+0200,ede4ebfd-4cb0-4b05-bc4d-04fd38aa5047,2026-08-03T02:45:00Z,2026-08-03T04:45:00+0200,0.0,MW,DE,DE_LU,forecast_solar_generation,Solar,2026-08-29T22:40:46Z
2026-08-29T22:37:58Z,2026-08-30T00:37:58+0200,ede4ebfd-4cb0-4b05-bc4d-04fd38aa5047,2026-08-03T03:00:00Z,2026-08-03T05:00:00+0200,0.0,MW,DE,DE_LU,forecast_solar_generation,Solar,2026-08-29T22:40:46Z
2026-08-29T22:37:58Z,2026-08-30T00:37:58+0200,ede4ebfd-4cb0-4b05-bc4d-04fd38aa5047,2026-08-03T03:15:00Z,2026-08-03T05:15:00+0200,0.15,MW,DE,DE_LU,forecast_solar_generation,Solar,2026-08-29T22:40:46Z
2026-08-29T22:37:58Z,2026-08-30T00:37:58+0200,ede4ebfd-4cb0-4b05-bc4d-04fd38aa5047,2026-08-03T03:30:00Z,2026-08-03T05:30:00+0200,39.19674,MW,DE,DE_LU,forecast_solar_generation,Solar,2026-08-29T22:40:46Z
2026-08-29T22:37:58Z,2026-08-30T00:37:58+0200,ede4ebfd-4cb0-4b05-bc4d-04fd38aa5047,2026-08-03T03:45:00Z,2026-08-03T05:45:00+0200,197.81319,MW,DE,DE_LU,forecast_solar_generation,Solar,2026-08-29T22:40:46Z
2026-08-29T22:37:58Z,2026-08-30T00:37:58+0200,ede4ebfd-4cb0-4b05-bc4d-04fd38aa5047,2026-08-03T04:00:00Z,2026-08-03T06:00:00+0200,731.89049,MW,DE,DE_LU,forecast_solar_generation,Solar,2026-08-29T22:40:46Z
2026-08-29T22:37:58Z,2026-08-30T00:37:58+0200,ede4ebfd-4cb0-4b05-bc4d-04fd38aa5047,2026-08-03T04:15:00Z,2026-08-03T06:15:00+0200,1550.97888,MW,DE,DE_LU,forecast_solar_generation,Solar,2026-08-29T22:40:46Z
2026-08-29T22:37:58Z,2026-08-30T00:37:58+0200,ede4ebfd-4cb0-4b05-bc4d-04fd38aa5047,2026-08-03T04:30:00Z,2026-08-03T06:30:00+0200,2622.70742,MW,DE,DE_LU,forecast_solar_generation,Solar,2026-08-29T22:40:46Z
2026-08-29T22:37:58Z,2026-08-30T00:37:58+0200,ede4ebfd-4cb0-4b05-bc4d-04fd38aa5047,2026-08-03T04:45:00Z,2026-08-03T06:45:00+0200,3942.165,MW,DE,DE_LU,forecast_solar_generation,Solar,2026-08-29T22:40:46Z
2026-08-29T22:37:58Z,2026-08-30T00:37:58+0200,ede4ebfd-4cb0-4b05-bc4d-04fd38aa5047,2026-08-03T05:00:00Z,2026-08-03T07:00:00+0200,5631.31876,MW,DE,DE_LU,forecast_solar_generation,Solar,2026-08-29T22:40:46Z
2026-08-29T22:37:58Z,2026-08-30T00:37:58+0200,ede4ebfd-4cb0-4b05-bc4d-04fd38aa5047,2026-08-03T05:15:00Z,2026-08-03T07:15:00+0200,7771.58566,MW,DE,DE_LU,forecast_solar_generation,Solar,2026-08-29T22:40:46Z
2026-08-29T22:37:58Z,2026-08-30T00:37:58+0200,ede4ebfd-4cb0-4b05-bc4d-04fd38aa5047,2026-08-03T05:30:00Z,2026-08-03T07:30:00+0200,10312.72152,MW,DE,DE_LU,forecast_solar_generation,Solar,2026-08-29T22:40:46Z
2026-08-29T22:37:58Z,2026-08-30T00:37:58+0200,ede4ebfd-4cb0-4b05-bc4d-04fd38aa5047,2026-08-03T05:45:00Z,2026-08-03T07:45:00+0200,13127.4407,MW,DE,DE_LU,forecast_solar_generation,Solar,2026-08-29T22:40:46Z
2026-08-29T22:37:58Z,2026-08-30T00:37:58+0200,ede4ebfd-4cb0-4b05-bc4d-04fd38aa5047,2026-08-03T06:00:00Z,2026-08-03T08:00:00+0200,16090.62482,MW,DE,DE_LU,forecast_solar_generation,Solar,2026-08-29T22:40:46Z
2026-08-29T22:37:58Z,2026-08-30T00:37:58+0200,ede4ebfd-4cb0-4b05-bc4d-04fd38aa5047,2026-08-03T06:15:00Z,2026-08-03T08:15:00+0200,19218.22277,MW,DE,DE_LU,forecast_solar_generation,Solar,2026-08-29T22:40:46Z
2026-08-29T22:37:58Z,2026-08-30T00:37:58+0200,ede4ebfd-4cb0-4b05-bc4d-04fd38aa5047,2026-08-03T06:30:00Z,2026-08-03T08:30:00+0200,22423.91275,MW,DE,DE_LU,forecast_solar_generation,Solar,2026-08-29T22:40:46Z
2026-08-29T22:37:58Z,2026-08-30T00:37:58+0200,ede4ebfd-4cb0-4b05-bc4d-04fd38aa5047,2026-08-03T06:45:00Z,2026-08-03T08:45:00+0200,25592.45108,MW,DE,DE_LU,forecast_solar_generation,Solar,2026-08-29T22:40:46Z
2026-08-29T22:37:58Z,2026-08-30T00:37:58+0200,ede4ebfd-4cb0-4b05-bc4d-04fd38aa5047,2026-08-03T07:00:00Z,2026-08-03T09:00:00+0200,28649.189,MW,DE,DE_LU,forecast_solar_generation,Solar,2026-08-29T22:40:46Z
2026-08-29T22:37:58Z,2026-08-30T00:37:58+0200,ede4ebfd-4cb0-4b05-bc4d-04fd38aa5047,2026-08-03T07:15:00Z,2026-08-03T09:15:00+0200,31587.71863,MW,DE,DE_LU,forecast_solar_generation,Solar,2026-08-29T22:40:46Z
2026-08-29T22:37:58Z,2026-08-30T00:37:58+0200,ede4ebfd-4cb0-4b05-bc4d-04fd38aa5047,2026-08-03T07:30:00Z,2026-08-03T09:30:00+0200,34402.64438,MW,DE,DE_LU,forecast_solar_generation,Solar,2026-08-29T22:40:46Z
2026-08-29T22:37:58Z,2026-08-30T00:37:58+0200,ede4ebfd-4cb0-4b05-bc4d-04fd38aa5047,2026-08-03T07:45:00Z,2026-08-03T09:45:00+0200,37077.18435,MW,DE,DE_LU,forecast_solar_generation,Solar,2026-08-29T22:40:46Z
2026-08-29T22:37:58Z,2026-08-30T00:37:58+0200,ede4ebfd-4cb0-4b05-bc4d-04fd38aa5047,2026-08-03T08:00:00Z,2026-08-03T10:00:00+0200,39620.50174,MW,DE,DE_LU,forecast_solar_generation,Solar,2026-08-29T22:40:46Z
2026-08-29T22:37:58Z,2026-08-30T00:37:58+0200,ede4ebfd-4cb0-4b05-bc4d-04fd38aa5047,2026-08-03T08:15:00Z,2026-08-03T10:15:00+0200,41996.62644,MW,DE,DE_LU,forecast_solar_generation,Solar,2026-08-29T22:40:46Z
2026-08-29T22:37:58Z,2026-08-30T00:37:58+0200,ede4ebfd-4cb0-4b05-bc4d-04fd38aa5047,2026-08-03T08:30:00Z,2026-08-03T10:30:00+0200,44178.60419,MW,DE,DE_LU,forecast_solar_generation,Solar,2026-08-29T22:40:46Z
2026-08-29T22:37:58Z,2026-08-30T00:37:58+0200,ede4ebfd-4cb0-4b05-bc4d-04fd38aa5047,2026-08-03T08:45:00Z,2026-08-03T10:45:00+0200,46202.89717,MW,DE,DE_LU,forecast_solar_generation,Solar,2026-08-29T22:40:46Z
2026-08-29T22:37:58Z,2026-08-30T00:37:58+0200,ede4ebfd-4cb0-4b05-bc4d-04fd38aa5047,2026-08-03T09:00:00Z,2026-08-03T11:00:00+0200,48010.55986,MW,DE,DE_LU,forecast_solar_generation,Solar,2026-08-29T22:40:46Z
2026-08-29T22:37:58Z,2026-08-30T00:37:58+0200,ede4ebfd-4cb0-4b05-bc4d-04fd38aa5047,2026-08-03T09:15:00Z,2026-08-03T11:15:00+0200,49632.63695,MW,DE,DE_LU,forecast_solar_generation,Solar,2026-08-29T22:40:46Z
2026-08-29T22:37:58Z,2026-08-30T00:37:58+0200,ede4ebfd-4cb0-4b05-bc4d-04fd38aa5047,2026-08-03T09:30:00Z,2026-08-03T11:30:00+0200,51034.78959,MW,DE,DE_LU,forecast_solar_generation,Solar,2026-08-29T22:40:46Z
2026-08-29T22:37:58Z,2026-08-30T00:37:58+0200,ede4ebfd-4cb0-4b05-bc4d-04fd38aa5047,2026-08-03T09:45:00Z,2026-08-03T11:45:00+0200,52235.58828,MW,DE,DE_LU,forecast_solar_generation,Solar,2026-08-29T22:40:46Z
2026-08-29T22:37:58Z,2026-08-30T00:37:58+0200,ede4ebfd-4cb0-4b05-bc4d-04fd38aa5047,2026-08-03T10:00:00Z,2026-08-03T12:00:00+0200,53245.98622,MW,DE,DE_LU,forecast_solar_generation,Solar,2026-08-29T22:40:46Z
2026-08-29T22:37:58Z,2026-08-30T00:37:58+0200,ede4ebfd-4cb0-4b05-bc4d-04fd38aa5047,2026-08-03T10:15:00Z,2026-08-03T12:15:00+0200,54050.94054,MW,DE,DE_LU,forecast_solar_generation,Solar,2026-08-29T22:40:46Z
2026-08-29T22:37:58Z,2026-08-30T00:37:58+0200,ede4ebfd-4cb0-4b05-bc4d-04fd38aa5047,2026-08-03T10:30:00Z,2026-08-03T12:30:00+0200,54639.68527,MW,DE,DE_LU,forecast_solar_generation,Solar,2026-08-29T22:40:46Z
2026-08-29T22:37:58Z,2026-08-30T00:37:58+0200,ede4ebfd-4cb0-4b05-bc4d-04fd38aa5047,2026-08-03T10:45:00Z,2026-08-03T12:45:00+0200,55021.91401,MW,DE,DE_LU,forecast_solar_generation,Solar,2026-08-29T22:40:46Z
2026-08-29T22:37:58Z,2026-08-30T00:37:58+0200,ede4ebfd-4cb0-4b05-bc4d-04fd38aa5047,2026-08-03T11:00:00Z,2026-08-03T13:00:00+0200,55186.99461,MW,DE,DE_LU,forecast_solar_generation,Solar,2026-08-29T22:40:46Z
2026-08-29T22:37:58Z,2026-08-30T00:37:58+0200,ede4ebfd-4cb0-4b05-bc4d-04fd38aa5047,2026-08-03T11:15:00Z,2026-08-03T13:15:00+0200,55154.11652,MW,DE,DE_LU,forecast_solar_generation,Solar,2026-08-29T22:40:46Z
2026-08-29T22:37:58Z,2026-08-30T00:37:58+0200,ede4ebfd-4cb0-4b05-bc4d-04fd38aa5047,2026-08-03T11:30:00Z,2026-08-03T13:30:00+0200,54886.94394,MW,DE,DE_LU,forecast_solar_generation,Solar,2026-08-29T22:40:46Z
2026-08-29T22:37:58Z,2026-08-30T00:37:58+0200,ede4ebfd-4cb0-4b05-bc4d-04fd38aa5047,2026-08-03T11:45:00Z,2026-08-03T13:45:00+0200,54411.08426,MW,DE,DE_LU,forecast_solar_generation,Solar,2026-08-29T22:40:46Z
2026-08-29T22:37:58Z,2026-08-30T00:37:58+0200,ede4ebfd-4cb0-4b05-bc4d-04fd38aa5047,2026-08-03T12:00:00Z,2026-08-03T14:00:00+0200,53705.44116,MW,DE,DE_LU,forecast_solar_generation,Solar,2026-08-29T22:40:46Z
2026-08-29T22:37:58Z,2026-08-30T00:37:58+0200,ede4ebfd-4cb0-4b05-bc4d-04fd38aa5047,2026-08-03T12:15:00Z,2026-08-03T14:15:00+0200,52767.79908,MW,DE,DE_LU,forecast_solar_generation,Solar,2026-08-29T22:40:46Z
2026-08-29T22:37:58Z,2026-08-30T00:37:58+0200,ede4ebfd-4cb0-4b05-bc4d-04fd38aa5047,2026-08-03T12:30:00Z,2026-08-03T14:30:00+0200,51650.23258,MW,DE,DE_LU,forecast_solar_generation,Solar,2026-08-29T22:40:46Z
2026-08-29T22:37:58Z,2026-08-30T00:37:58+0200,ede4ebfd-4cb0-4b05-bc4d-04fd38aa5047,2026-08-03T12:45:00Z,2026-08-03T14:45:00+0200,50395.74374,MW,DE,DE_LU,forecast_solar_generation,Solar,2026-08-29T22:40:46Z
2026-08-29T22:37:58Z,2026-08-30T00:37:58+0200,ede4ebfd-4cb0-4b05-bc4d-04fd38aa5047,2026-08-03T13:00:00Z,2026-08-03T15:00:00+0200,48940.2287,MW,DE,DE_LU,forecast_solar_generation,Solar,2026-08-29T22:40:46Z
2026-08-29T22:37:58Z,2026-08-30T00:37:58+0200,ede4ebfd-4cb0-4b05-bc4d-04fd38aa5047,2026-08-03T13:15:00Z,2026-08-03T15:15:00+0200,47341.60955,MW,DE,DE_LU,forecast_solar_generation,Solar,2026-08-29T22:40:46Z
2026-08-29T22:37:58Z,2026-08-30T00:37:58+0200,ede4ebfd-4cb0-4b05-bc4d-04fd38aa5047,2026-08-03T13:30:00Z,2026-08-03T15:30:00+0200,45608.3024,MW,DE,DE_LU,forecast_solar_generation,Solar,2026-08-29T22:40:46Z
2026-08-29T22:37:58Z,2026-08-30T00:37:58+0200,ede4ebfd-4cb0-4b05-bc4d-04fd38aa5047,2026-08-03T13:45:00Z,2026-08-03T15:45:00+0200,43728.0135,MW,DE,DE_LU,forecast_solar_generation,Solar,2026-08-29T22:40:46Z
2026-08-29T22:37:58Z,2026-08-30T00:37:58+0200,ede4ebfd-4cb0-4b05-bc4d-04fd38aa5047,2026-08-03T14:00:00Z,2026-08-03T16:00:00+0200,41673.56959,MW,DE,DE_LU,forecast_solar_generation,Solar,2026-08-29T22:40:46Z
2026-08-29T22:37:58Z,2026-08-30T00:37:58+0200,ede4ebfd-4cb0-4b05-bc4d-04fd38aa5047,2026-08-03T14:15:00Z,2026-08-03T16:15:00+0200,39451.63737,MW,DE,DE_LU,forecast_solar_generation,Solar,2026-08-29T22:40:46Z
2026-08-29T22:37:58Z,2026-08-30T00:37:58+0200,ede4ebfd-4cb0-4b05-bc4d-04fd38aa5047,2026-08-03T14:30:00Z,2026-08-03T16:30:00+0200,37093.52779,MW,DE,DE_LU,forecast_solar_generation,Solar,2026-08-29T22:40:46Z
2026-08-29T22:37:58Z,2026-08-30T00:37:58+0200,ede4ebfd-4cb0-4b05-bc4d-04fd38aa5047,2026-08-03T14:45:00Z,2026-08-03T16:45:00+0200,34576.08203,MW,DE,DE_LU,forecast_solar_generation,Solar,2026-08-29T22:40:46Z
2026-08-29T22:37:58Z,2026-08-30T00:37:58+0200,ede4ebfd-4cb0-4b05-bc4d-04fd38aa5047,2026-08-03T15:00:00Z,2026-08-03T17:00:00+0200,31956.87176,MW,DE,DE_LU,forecast_solar_generation,Solar,2026-08-29T22:40:46Z
2026-08-29T22:37:58Z,2026-08-30T00:37:58+0200,ede4ebfd-4cb0-4b05-bc4d-04fd38aa5047,2026-08-03T15:15:00Z,2026-08-03T17:15:00+0200,29258.37353,MW,DE,DE_LU,forecast_solar_generation,Solar,2026-08-29T22:40:46Z
2026-08-29T22:37:58Z,2026-08-30T00:37:58+0200,ede4ebfd-4cb0-4b05-bc4d-04fd38aa5047,2026-08-03T15:30:00Z,2026-08-03T17:30:00+0200,26468.44363,MW,DE,DE_LU,forecast_solar_generation,Solar,2026-08-29T22:40:46Z
2026-08-29T22:37:58Z,2026-08-30T00:37:58+0200,ede4ebfd-4cb0-4b05-bc4d-04fd38aa5047,2026-08-03T15:45:00Z,2026-08-03T17:45:00+0200,23610.22964,MW,DE,DE_LU,forecast_solar_generation,Solar,2026-08-29T22:40:46Z
2026-08-29T22:37:58Z,2026-08-30T00:37:58+0200,ede4ebfd-4cb0-4b05-bc4d-04fd38aa5047,2026-08-03T16:00:00Z,2026-08-03T18:00:00+0200,20618.66513,MW,DE,DE_LU,forecast_solar_generation,Solar,2026-08-29T22:40:46Z
2026-08-29T22:37:58Z,2026-08-30T00:37:58+0200,ede4ebfd-4cb0-4b05-bc4d-04fd38aa5047,2026-08-03T16:15:00Z,2026-08-03T18:15:00+0200,17610.528,MW,DE,DE_LU,forecast_solar_generation,Solar,2026-08-29T22:40:46Z
2026-08-29T22:37:58Z,2026-08-30T00:37:58+0200,ede4ebfd-4cb0-4b05-bc4d-04fd38aa5047,2026-08-03T16:30:00Z,2026-08-03T18:30:00+0200,14678.25515,MW,DE,DE_LU,forecast_solar_generation,Solar,2026-08-29T22:40:46Z
2026-08-29T22:37:58Z,2026-08-30T00:37:58+0200,ede4ebfd-4cb0-4b05-bc4d-04fd38aa5047,2026-08-03T16:45:00Z,2026-08-03T18:45:00+0200,11918.43933,MW,DE,DE_LU,forecast_solar_generation,Solar,2026-08-29T22:40:46Z
2026-08-29T22:37:58Z,2026-08-30T00:37:58+0200,ede4ebfd-4cb0-4b05-bc4d-04fd38aa5047,2026-08-03T17:00:00Z,2026-08-03T19:00:00+0200,9362.28414,MW,DE,DE_LU,forecast_solar_generation,Solar,2026-08-29T22:40:46Z
2026-08-29T22:37:58Z,2026-08-30T00:37:58+0200,ede4ebfd-4cb0-4b05-bc4d-04fd38aa5047,2026-08-03T17:15:00Z,2026-08-03T19:15:00+0200,7082.65445,MW,DE,DE_LU,forecast_solar_generation,Solar,2026-08-29T22:40:46Z
2026-08-29T22:37:58Z,2026-08-30T00:37:58+0200,ede4ebfd-4cb0-4b05-bc4d-04fd38aa5047,2026-08-03T17:30:00Z,2026-08-03T19:30:00+0200,5152.06643,MW,DE,DE_LU,forecast_solar_generation,Solar,2026-08-29T22:40:46Z
2026-08-29T22:37:58Z,2026-08-30T00:37:58+0200,ede4ebfd-4cb0-4b05-bc4d-04fd38aa5047,2026-08-03T17:45:00Z,2026-08-03T19:45:00+0200,3621.17447,MW,DE,DE_LU,forecast_solar_generation,Solar,2026-08-29T22:40:46Z
2026-08-29T22:37:58Z,2026-08-30T00:37:58+0200,ede4ebfd-4cb0-4b05-bc4d-04fd38aa5047,2026-08-03T18:00:00Z,2026-08-03T20:00:00+0200,2406.41674,MW,DE,DE_LU,forecast_solar_generation,Solar,2026-08-29T22:40:46Z
2026-08-29T22:37:58Z,2026-08-30T00:37:58+0200,ede4ebfd-4cb0-4b05-bc4d-04fd38aa5047,2026-08-03T18:15:00Z,2026-08-03T20:15:00+0200,1438.43522,MW,DE,DE_LU,forecast_solar_generation,Solar,2026-08-29T22:40:46Z
2026-08-29T22:37:58Z,2026-08-30T00:37:58+0200,ede4ebfd-4cb0-4b05-bc4d-04fd38aa5047,2026-08-03T18:30:00Z,2026-08-03T20:30:00+0200,698.68897,MW,DE,DE_LU,forecast_solar_generation,Solar,2026-08-29T22:40:46Z
2026-08-29T22:37:58Z,2026-08-30T00:37:58+0200,ede4ebfd-4cb0-4b05-bc4d-04fd38aa5047,2026-08-03T18:45:00Z,2026-08-03T20:45:00+0200,236.13126,MW,DE,DE_LU,forecast_solar_generation,Solar,2026-08-29T22:40:46Z
2026-08-29T22:37:58Z,2026-08-30T00:37:58+0200,ede4ebfd-4cb0-4b05-bc4d-04fd38aa5047,2026-08-03T19:00:00Z,2026-08-03T21:00:00+0200,42.57521,MW,DE,DE_LU,forecast_solar_generation,Solar,2026-08-29T22:40:46Z
2026-08-29T22:37:58Z,2026-08-30T00:37:58+0200,ede4ebfd-4cb0-4b05-bc4d-04fd38aa5047,2026-08-03T19:15:00Z,2026-08-03T21:15:00+0200,7.8626,MW,DE,DE_LU,forecast_solar_generation,Solar,2026-08-29T22:40:46Z
2026-08-29T22:37:58Z,2026-08-30T00:37:58+0200,ede4ebfd-4cb0-4b05-bc4d-04fd38aa5047,2026-08-03T19:30:00Z,2026-08-03T21:30:00+0200,0.0,MW,DE,DE_LU,forecast_solar_generation,Solar,2026-08-29T22:40:46Z
2026-08-29T22:37:58Z,2026-08-30T00:37:58+0200,ede4ebfd-4cb0-4b05-bc4d-04fd38aa5047,2026-08-03T19:45:00Z,2026-08-03T21:45:00+0200,0.0,MW,DE,DE_LU,forecast_solar_generation,Solar,2026-08-29T22:40:46Z
2026-08-29T22:37:58Z,2026-08-30T00:37:58+0200,ede4ebfd-4cb0-4b05-bc4d-04fd38aa5047,2026-08-03T20:00:00Z,2026-08-03T22:00:00+0200,0.0,MW,DE,DE_LU,forecast_solar_generation,Solar,2026-08-29T22:40:46Z
2026-08-29T22:37:58Z,2026-08-30T00:37:58+0200,ede4ebfd-4cb0-4b05-bc4d-04fd38aa5047,2026-08-03T20:15:00Z,2026-08-03T22:15:00+0200,0.0,MW,DE,DE_LU,forecast_solar_generation,Solar,2026-08-29T22:40:46Z
2026-08-29T22:37:58Z,2026-08-30T00:37:58+0200,ede4ebfd-4cb0-4b05-bc4d-04fd38aa5047,2026-08-03T20:30:00Z,2026-08-03T22:30:00+0200,0.0,MW,DE,DE_LU,forecast_solar_generation,Solar,2026-08-29T22:40:46Z
2026-08-29T22:37:58Z,2026-08-30T00:37:58+0200,ede4ebfd-4cb0-4b05-bc4d-04fd38aa5047,2026-08-03T20:45:00Z,2026-08-03T22:45:00+0200,0.0,MW,DE,DE_LU,forecast_solar_generation,Solar,2026-08-29T22:40:46Z
2026-08-29T22:37:58Z,2026-08-30T00:37:58+0200,ede4ebfd-4cb0-4b05-bc4d-04fd38aa5047,2026-08-03T21:00:00Z,2026-08-03T23:00:00+0200,0.0,MW,DE,DE_LU,forecast_solar_generation,Solar,2026-08-29T22:40:46Z
2026-08-29T22:37:58Z,2026-08-30T00:37:58+0200,ede4ebfd-4cb0-4b05-bc4d-04fd38aa5047,2026-08-03T21:15:00Z,2026-08-03T23:15:00+0200,0.0,MW,DE,DE_LU,forecast_solar_generation,Solar,2026-08-29T22:40:46Z
2026-08-29T22:37:58Z,2026-08-30T00:37:58+0200,ede4ebfd-4cb0-4b05-bc4d-04fd38aa5047,2026-08-03T21:30:00Z,2026-08-03T23:30:00+0200,0.0,MW,DE,DE_LU,forecast_solar_generation,Solar,2026-08-29T22:40:46Z
2026-08-29T22:37:58Z,2026-08-30T00:37:58+0200,ede4ebfd-4cb0-4b05-bc4d-04fd38aa5047,2026-08-03T21:45:00Z,2026-08-03T23:45:00+0200,0.0,MW,DE,DE_LU,forecast_solar_generation,Solar,2026-08-29T22:40:46Z
2026-08-29T22:37:58Z,2026-08-30T00:37:58+0200,ede4ebfd-4cb0-4b05-bc4d-04fd38aa5047,2026-08-03T22:00:00Z,2026-08-04T00:00:00+0200,0.0,MW,DE,DE_LU,forecast_solar_generation,Solar,2026-08-29T22:40:46Z
2026-08-29T22:37:58Z,2026-08-30T00:37:58+0200,ede4ebfd-4cb0-4b05-bc4d-04fd38aa5047,2026-08-03T22:15:00Z,2026-08-04T00:15:00+0200,0.0,MW,DE,DE_LU,forecast_solar_generation,Solar,2026-08-29T22:40:46Z
2026-08-29T22:37:58Z,2026-08-30T00:37:58+0200,ede4ebfd-4cb0-4b05-bc4d-04fd38aa5047,2026-08-03T22:30:00Z,2026-08-04T00:30:00+0200,0.0,MW,DE,DE_LU,forecast_solar_generation,Solar,2026-08-29T22:40:46Z
2026-08-29T22:37:58Z,2026-08-30T00:37:58+0200,ede4ebfd-4cb0-4b05-bc4d-04fd38aa5047,2026-08-03T22:45:00Z,2026-08-04T00:45:00+0200,0.0,MW,DE,DE_LU,forecast_solar_generation,Solar,2026-08-29T22:40:46Z
2026-08-29T22:37:58Z,2026-08-30T00:37:58+0200,ede4ebfd-4cb0-4b05-bc4d-04fd38aa5047,2026-08-03T23:00:00Z,2026-08-04T01:00:00+0200,0.0,MW,DE,DE_LU,forecast_solar_generation,Solar,2026-08-29T22:40:46Z
2026-08-29T22:37:58Z,2026-08-30T00:37:58+0200,ede4ebfd-4cb0-4b05-bc4d-04fd38aa5047,2026-08-03T23:15:00Z,2026-08-04T01:15:00+0200,0.0,MW,DE,DE_LU,forecast_solar_generation,Solar,2026-08-29T22:40:46Z
2026-08-29T22:37:58Z,2026-08-30T00:37:58+0200,ede4ebfd-4cb0-4b05-bc4d-04fd38aa5047,2026-08-03T23:30:00Z,2026-08-04T01:30:00+0200,0.0,MW,DE,DE_LU,forecast_solar_generation,Solar,2026-08-29T22:40:46Z
2026-08-29T22:37:58Z,2026-08-30T00:37:58+0200,ede4ebfd-4cb0-4b05-bc4d-04fd38aa5047,2026-08-03T23:45:00Z,2026-08-04T01:45:00+0200,0.0,MW,DE,DE_LU,forecast_solar_generation,Solar,2026-08-29T22:40:46Z
2026-08-29T22:37:58Z,2026-08-30T00:37:58+0200,ede4ebfd-4cb0-4b05-bc4d-04fd38aa5047,2026-08-04T00:00:00Z,2026-08-04T02:00:00+0200,0.0,MW,DE,DE_LU,forecast_solar_generation,Solar,2026-08-29T22:40:46Z
2026-08-29T22:37:58Z,2026-08-30T00:37:58+0200,ede4ebfd-4cb0-4b05-bc4d-04fd38aa5047,2026-08-04T00:15:00Z,2026-08-04T02:15:00+0200,0.0,MW,DE,DE_LU,forecast_solar_generation,Solar,2026-08-29T22:40:46Z
2026-08-29T22:37:58Z,2026-08-30T00:37:58+0200,ede4ebfd-4cb0-4b05-bc4d-04fd38aa5047,2026-08-04T00:30:00Z,2026-08-04T02:30:00+0200,0.0,MW,DE,DE_LU,forecast_solar_generation,Solar,2026-08-29T22:40:46Z
2026-08-29T22:37:58Z,2026-08-30T00:37:58+0200,ede4ebfd-4cb0-4b05-bc4d-04fd38aa5047,2026-08-04T00:45:00Z,2026-08-04T02:45:00+0200,0.0,MW,DE,DE_LU,forecast_solar_generation,Solar,2026-08-29T22:40:46Z
2026-08-29T22:37:58Z,2026-08-30T00:37:58+0200,ede4ebfd-4cb0-4b05-bc4d-04fd38aa5047,2026-08-04T01:00:00Z,2026-08-04T03:00:00+0200,0.0,MW,DE,DE_LU,forecast_solar_generation,Solar,2026-08-29T22:40:46Z
2026-08-29T22:37:58Z,2026-08-30T00:37:58+0200,ede4ebfd-4cb0-4b05-bc4d-04fd38aa5047,2026-08-04T01:15:00Z,2026-08-04T03:15:00+0200,0.0,MW,DE,DE_LU,forecast_solar_generation,Solar,2026-08-29T22:40:46Z
2026-08-29T22:37:58Z,2026-08-30T00:37:58+0200,ede4ebfd-4cb0-4b05-bc4d-04fd38aa5047,2026-08-04T01:30:00Z,2026-08-04T03:30:00+0200,0.0,MW,DE,DE_LU,forecast_solar_generation,Solar,2026-08-29T22:40:46Z
2026-08-29T22:37:58Z,2026-08-30T00:37:58+0200,ede4ebfd-4cb0-4b05-bc4d-04fd38aa5047,2026-08-04T01:45:00Z,2026-08-04T03:45:00+0200,0.0,MW,DE,DE_LU,forecast_solar_generation,Solar,2026-08-29T22:40:46Z
2026-08-29T22:37:58Z,2026-08-30T00:37:58+0200,ede4ebfd-4cb0-4b05-bc4d-04fd38aa5047,2026-08-04T02:00:00Z,2026-08-04T04:00:00+0200,0.0,MW,DE,DE_LU,forecast_solar_generation,Solar,2026-08-29T22:40:46Z
2026-08-29T22:37:58Z,2026-08-30T00:37:58+0200,ede4ebfd-4cb0-4b05-bc4d-04fd38aa5047,2026-08-04T02:15:00Z,2026-08-04T04:15:00+0200,0.0,MW,DE,DE_LU,forecast_solar_generation,Solar,2026-08-29T22:40:46Z
2026-08-29T22:37:58Z,2026-08-30T00:37:58+0200,ede4ebfd-4cb0-4b05-bc4d-04fd38aa5047,2026-08-04T02:30:00Z,2026-08-04T04:30:00+0200,0.0,MW,DE,DE_LU,forecast_solar_generation,Solar,2026-08-29T22:40:46Z
2026-08-29T22:37:58Z,2026-08-30T00:37:58+0200,ede4ebfd-4cb0-4b05-bc4d-04fd38aa5047,2026-08-04T02:45:00Z,2026-08-04T04:45:00+0200,0.0,MW,DE,DE_LU,forecast_solar_generation,Solar,2026-08-29T22:40:46Z
2026-08-29T22:37:58Z,2026-08-30T00:37:58+0200,ede4ebfd-4cb0-4b05-bc4d-04fd38aa5047,2026-08-04T03:00:00Z,2026-08-04T05:00:00+0200,0.0,MW,DE,DE_LU,forecast_solar_generation,Solar,2026-08-29T22:40:46Z
2026-08-29T22:37:58Z,2026-08-30T00:37:58+0200,ede4ebfd-4cb0-4b05-bc4d-04fd38aa5047,2026-08-04T03:15:00Z,2026-08-04T05:15:00+0200,0.02,MW,DE,DE_LU,forecast_solar_generation,Solar,2026-08-29T22:40:46Z
2026-08-29T22:37:58Z,2026-08-30T00:37:58+0200,ede4ebfd-4cb0-4b05-bc4d-04fd38aa5047,2026-08-04T03:30:00Z,2026-08-04T05:30:00+0200,30.81225,MW,DE,DE_LU,forecast_solar_generation,Solar,2026-08-29T22:40:46Z
2026-08-29T22:37:58Z,2026-08-30T00:37:58+0200,ede4ebfd-4cb0-4b05-bc4d-04fd38aa5047,2026-08-04T03:45:00Z,2026-08-04T05:45:00+0200,145.20377,MW,DE,DE_LU,forecast_solar_generation,Solar,2026-08-29T22:40:46Z
2026-08-29T22:37:58Z,2026-08-30T00:37:58+0200,ede4ebfd-4cb0-4b05-bc4d-04fd38aa5047,2026-08-04T04:00:00Z,2026-08-04T06:00:00+0200,554.20702,MW,DE,DE_LU,forecast_solar_generation,Solar,2026-08-29T22:40:46Z
2026-08-29T22:37:58Z,2026-08-30T00:37:58+0200,ede4ebfd-4cb0-4b05-bc4d-04fd38aa5047,2026-08-04T04:15:00Z,2026-08-04T06:15:00+0200,1229.47165,MW,DE,DE_LU,forecast_solar_generation,Solar,2026-08-29T22:40:46Z
2026-08-29T22:37:58Z,2026-08-30T00:37:58+0200,ede4ebfd-4cb0-4b05-bc4d-04fd38aa5047,2026-08-04T04:30:00Z,2026-08-04T06:30:00+0200,2171.51127,MW,DE,DE_LU,forecast_solar_generation,Solar,2026-08-29T22:40:46Z
2026-08-29T22:37:58Z,2026-08-30T00:37:58+0200,ede4ebfd-4cb0-4b05-bc4d-04fd38aa5047,2026-08-04T04:45:00Z,2026-08-04T06:45:00+0200,3370.65233,MW,DE,DE_LU,forecast_solar_generation,Solar,2026-08-29T22:40:46Z
2026-08-29T22:37:58Z,2026-08-30T00:37:58+0200,ede4ebfd-4cb0-4b05-bc4d-04fd38aa5047,2026-08-04T05:00:00Z,2026-08-04T07:00:00+0200,4871.72227,MW,DE,DE_LU,forecast_solar_generation,Solar,2026-08-29T22:40:46Z
2026-08-29T22:37:58Z,2026-08-30T00:37:58+0200,ede4ebfd-4cb0-4b05-bc4d-04fd38aa5047,2026-08-04T05:15:00Z,2026-08-04T07:15:00+0200,6735.53932,MW,DE,DE_LU,forecast_solar_generation,Solar,2026-08-29T22:40:46Z
2026-08-29T22:37:58Z,2026-08-30T00:37:58+0200,ede4ebfd-4cb0-4b05-bc4d-04fd38aa5047,2026-08-04T05:30:00Z,2026-08-04T07:30:00+0200,8905.60357,MW,DE,DE_LU,forecast_solar_generation,Solar,2026-08-29T22:40:46Z
2026-08-29T22:37:58Z,2026-08-30T00:37:58+0200,ede4ebfd-4cb0-4b05-bc4d-04fd38aa5047,2026-08-04T05:45:00Z,2026-08-04T07:45:00+0200,11265.40118,MW,DE,DE_LU,forecast_solar_generation,Solar,2026-08-29T22:40:46Z
2026-08-29T22:37:58Z,2026-08-30T00:37:58+0200,ede4ebfd-4cb0-4b05-bc4d-04fd38aa5047,2026-08-04T06:00:00Z,2026-08-04T08:00:00+0200,13754.56506,MW,DE,DE_LU,forecast_solar_generation,Solar,2026-08-29T22:40:46Z
2026-08-29T22:37:58Z,2026-08-30T00:37:58+0200,ede4ebfd-4cb0-4b05-bc4d-04fd38aa5047,2026-08-04T06:15:00Z,2026-08-04T08:15:00+0200,16389.64547,MW,DE,DE_LU,forecast_solar_generation,Solar,2026-08-29T22:40:46Z
2026-08-29T22:37:58Z,2026-08-30T00:37:58+0200,ede4ebfd-4cb0-4b05-bc4d-04fd38aa5047,2026-08-04T06:30:00Z,2026-08-04T08:30:00+0200,19118.98915,MW,DE,DE_LU,forecast_solar_generation,Solar,2026-08-29T22:40:46Z
2026-08-29T22:37:58Z,2026-08-30T00:37:58+0200,ede4ebfd-4cb0-4b05-bc4d-04fd38aa5047,2026-08-04T06:45:00Z,2026-08-04T08:45:00+0200,21846.88841,MW,DE,DE_LU,forecast_solar_generation,Solar,2026-08-29T22:40:46Z
2026-08-29T22:37:58Z,2026-08-30T00:37:58+0200,ede4ebfd-4cb0-4b05-bc4d-04fd38aa5047,2026-08-04T07:00:00Z,2026-08-04T09:00:00+0200,24500.09769,MW,DE,DE_LU,forecast_solar_generation,Solar,2026-08-29T22:40:46Z
2026-08-29T22:37:58Z,2026-08-30T00:37:58+0200,ede4ebfd-4cb0-4b05-bc4d-04fd38aa5047,2026-08-04T07:15:00Z,2026-08-04T09:15:00+0200,27057.36041,MW,DE,DE_LU,forecast_solar_generation,Solar,2026-08-29T22:40:46Z
2026-08-29T22:37:58Z,2026-08-30T00:37:58+0200,ede4ebfd-4cb0-4b05-bc4d-04fd38aa5047,2026-08-04T07:30:00Z,2026-08-04T09:30:00+0200,29535.13916,MW,DE,DE_LU,forecast_solar_generation,Solar,2026-08-29T22:40:46Z
2026-08-29T22:37:58Z,2026-08-30T00:37:58+0200,ede4ebfd-4cb0-4b05-bc4d-04fd38aa5047,2026-08-04T07:45:00Z,2026-08-04T09:45:00+0200,31919.52766,MW,DE,DE_LU,forecast_solar_generation,Solar,2026-08-29T22:40:46Z
2026-08-29T22:37:58Z,2026-08-30T00:37:58+0200,ede4ebfd-4cb0-4b05-bc4d-04fd38aa5047,2026-08-04T08:00:00Z,2026-08-04T10:00:00+0200,34189.63748,MW,DE,DE_LU,forecast_solar_generation,Solar,2026-08-29T22:40:46Z
2026-08-29T22:37:58Z,2026-08-30T00:37:58+0200,ede4ebfd-4cb0-4b05-bc4d-04fd38aa5047,2026-08-04T08:15:00Z,2026-08-04T10:15:00+0200,36328.50396,MW,DE,DE_LU,forecast_solar_generation,Solar,2026-08-29T22:40:46Z
2026-08-29T22:37:58Z,2026-08-30T00:37:58+0200,ede4ebfd-4cb0-4b05-bc4d-04fd38aa5047,2026-08-04T08:30:00Z,2026-08-04T10:30:00+0200,38291.49487,MW,DE,DE_LU,forecast_solar_generation,Solar,2026-08-29T22:40:46Z
2026-08-29T22:37:58Z,2026-08-30T00:37:58+0200,ede4ebfd-4cb0-4b05-bc4d-04fd38aa5047,2026-08-04T08:45:00Z,2026-08-04T10:45:00+0200,40079.35853,MW,DE,DE_LU,forecast_solar_generation,Solar,2026-08-29T22:40:46Z
2026-08-29T22:37:58Z,2026-08-30T00:37:58+0200,ede4ebfd-4cb0-4b05-bc4d-04fd38aa5047,2026-08-04T09:00:00Z,2026-08-04T11:00:00+0200,41691.84665,MW,DE,DE_LU,forecast_solar_generation,Solar,2026-08-29T22:40:46Z
2026-08-29T22:37:58Z,2026-08-30T00:37:58+0200,ede4ebfd-4cb0-4b05-bc4d-04fd38aa5047,2026-08-04T09:15:00Z,2026-08-04T11:15:00+0200,43146.71869,MW,DE,DE_LU,forecast_solar_generation,Solar,2026-08-29T22:40:46Z
2026-08-29T22:37:58Z,2026-08-30T00:37:58+0200,ede4ebfd-4cb0-4b05-bc4d-04fd38aa5047,2026-08-04T09:30:00Z,2026-08-04T11:30:00+0200,44391.20035,MW,DE,DE_LU,forecast_solar_generation,Solar,2026-08-29T22:40:46Z
2026-08-29T22:37:58Z,2026-08-30T00:37:58+0200,ede4ebfd-4cb0-4b05-bc4d-04fd38aa5047,2026-08-04T09:45:00Z,2026-08-04T11:45:00+0200,45422.22541,MW,DE,DE_LU,forecast_solar_generation,Solar,2026-08-29T22:40:46Z
2026-08-29T22:37:58Z,2026-08-30T00:37:58+0200,ede4ebfd-4cb0-4b05-bc4d-04fd38aa5047,2026-08-04T10:00:00Z,2026-08-04T12:00:00+0200,46269.17797,MW,DE,DE_LU,forecast_solar_generation,Solar,2026-08-29T22:40:46Z
2026-08-29T22:37:58Z,2026-08-30T00:37:58+0200,ede4ebfd-4cb0-4b05-bc4d-04fd38aa5047,2026-08-04T10:15:00Z,2026-08-04T12:15:00+0200,46916.90291,MW,DE,DE_LU,forecast_solar_generation,Solar,2026-08-29T22:40:46Z
2026-08-29T22:37:58Z,2026-08-30T00:37:58+0200,ede4ebfd-4cb0-4b05-bc4d-04fd38aa5047,2026-08-04T10:30:00Z,2026-08-04T12:30:00+0200,47371.6562,MW,DE,DE_LU,forecast_solar_generation,Solar,2026-08-29T22:40:46Z
2026-08-29T22:37:58Z,2026-08-30T00:37:58+0200,ede4ebfd-4cb0-4b05-bc4d-04fd38aa5047,2026-08-04T10:45:00Z,2026-08-04T12:45:00+0200,47642.8321,MW,DE,DE_LU,forecast_solar_generation,Solar,2026-08-29T22:40:46Z
2026-08-29T22:37:58Z,2026-08-30T00:37:58+0200,ede4ebfd-4cb0-4b05-bc4d-04fd38aa5047,2026-08-04T11:00:00Z,2026-08-04T13:00:00+0200,47737.76652,MW,DE,DE_LU,forecast_solar_generation,Solar,2026-08-29T22:40:46Z
2026-08-29T22:37:58Z,2026-08-30T00:37:58+0200,ede4ebfd-4cb0-4b05-bc4d-04fd38aa5047,2026-08-04T11:15:00Z,2026-08-04T13:15:00+0200,47666.32378,MW,DE,DE_LU,forecast_solar_generation,Solar,2026-08-29T22:40:46Z
2026-08-29T22:37:58Z,2026-08-30T00:37:58+0200,ede4ebfd-4cb0-4b05-bc4d-04fd38aa5047,2026-08-04T11:30:00Z,2026-08-04T13:30:00+0200,47351.18719,MW,DE,DE_LU,forecast_solar_generation,Solar,2026-08-29T22:40:46Z
2026-08-29T22:37:58Z,2026-08-30T00:37:58+0200,ede4ebfd-4cb0-4b05-bc4d-04fd38aa5047,2026-08-04T11:45:00Z,2026-08-04T13:45:00+0200,46886.79713,MW,DE,DE_LU,forecast_solar_generation,Solar,2026-08-29T22:40:46Z
2026-08-29T22:37:58Z,2026-08-30T00:37:58+0200,ede4ebfd-4cb0-4b05-bc4d-04fd38aa5047,2026-08-04T12:00:00Z,2026-08-04T14:00:00+0200,46227.16928,MW,DE,DE_LU,forecast_solar_generation,Solar,2026-08-29T22:40:46Z
2026-08-29T22:37:58Z,2026-08-30T00:37:58+0200,ede4ebfd-4cb0-4b05-bc4d-04fd38aa5047,2026-08-04T12:15:00Z,2026-08-04T14:15:00+0200,45376.98028,MW,DE,DE_LU,forecast_solar_generation,Solar,2026-08-29T22:40:46Z
2026-08-29T22:37:58Z,2026-08-30T00:37:58+0200,ede4ebfd-4cb0-4b05-bc4d-04fd38aa5047,2026-08-04T12:30:00Z,2026-08-04T14:30:00+0200,44351.3453,MW,DE,DE_LU,forecast_solar_generation,Solar,2026-08-29T22:40:46Z
2026-08-29T22:37:58Z,2026-08-30T00:37:58+0200,ede4ebfd-4cb0-4b05-bc4d-04fd38aa5047,2026-08-04T12:45:00Z,2026-08-04T14:45:00+0200,43242.73712,MW,DE,DE_LU,forecast_solar_generation,Solar,2026-08-29T22:40:46Z
2026-08-29T22:37:58Z,2026-08-30T00:37:58+0200,ede4ebfd-4cb0-4b05-bc4d-04fd38aa5047,2026-08-04T13:00:00Z,2026-08-04T15:00:00+0200,41941.3548,MW,DE,DE_LU,forecast_solar_generation,Solar,2026-08-29T22:40:46Z
2026-08-29T22:37:58Z,2026-08-30T00:37:58+0200,ede4ebfd-4cb0-4b05-bc4d-04fd38aa5047,2026-08-04T13:15:00Z,2026-08-04T15:15:00+0200,40511.40239,MW,DE,DE_LU,forecast_solar_generation,Solar,2026-08-29T22:40:46Z
2026-08-29T22:37:58Z,2026-08-30T00:37:58+0200,ede4ebfd-4cb0-4b05-bc4d-04fd38aa5047,2026-08-04T13:30:00Z,2026-08-04T15:30:00+0200,38951.86015,MW,DE,DE_LU,forecast_solar_generation,Solar,2026-08-29T22:40:46Z
2026-08-29T22:37:58Z,2026-08-30T00:37:58+0200,ede4ebfd-4cb0-4b05-bc4d-04fd38aa5047,2026-08-04T13:45:00Z,2026-08-04T15:45:00+0200,37260.85321,MW,DE,DE_LU,forecast_solar_generation,Solar,2026-08-29T22:40:46Z
2026-08-29T22:37:58Z,2026-08-30T00:37:58+0200,ede4ebfd-4cb0-4b05-bc4d-04fd38aa5047,2026-08-04T14:00:00Z,2026-08-04T16:00:00+0200,35426.40618,MW,DE,DE_LU,forecast_solar_generation,Solar,2026-08-29T22:40:46Z
2026-08-29T22:37:58Z,2026-08-30T00:37:58+0200,ede4ebfd-4cb0-4b05-bc4d-04fd38aa5047,2026-08-04T14:15:00Z,2026-08-04T16:15:00+0200,33521.8643,MW,DE,DE_LU,forecast_solar_generation,Solar,2026-08-29T22:40:46Z
2026-08-29T22:37:58Z,2026-08-30T00:37:58+0200,ede4ebfd-4cb0-4b05-bc4d-04fd38aa5047,2026-08-04T14:30:00Z,2026-08-04T16:30:00+0200,31541.34793,MW,DE,DE_LU,forecast_solar_generation,Solar,2026-08-29T22:40:46Z
2026-08-29T22:37:58Z,2026-08-30T00:37:58+0200,ede4ebfd-4cb0-4b05-bc4d-04fd38aa5047,2026-08-04T14:45:00Z,2026-08-04T16:45:00+0200,29465.36152,MW,DE,DE_LU,forecast_solar_generation,Solar,2026-08-29T22:40:46Z
2026-08-29T22:37:58Z,2026-08-30T00:37:58+0200,ede4ebfd-4cb0-4b05-bc4d-04fd38aa5047,2026-08-04T15:00:00Z,2026-08-04T17:00:00+0200,27262.45467,MW,DE,DE_LU,forecast_solar_generation,Solar,2026-08-29T22:40:46Z
2026-08-29T22:37:58Z,2026-08-30T00:37:58+0200,ede4ebfd-4cb0-4b05-bc4d-04fd38aa5047,2026-08-04T15:15:00Z,2026-08-04T17:15:00+0200,24960.52255,MW,DE,DE_LU,forecast_solar_generation,Solar,2026-08-29T22:40:46Z
2026-08-29T22:37:58Z,2026-08-30T00:37:58+0200,ede4ebfd-4cb0-4b05-bc4d-04fd38aa5047,2026-08-04T15:30:00Z,2026-08-04T17:30:00+0200,22581.22286,MW,DE,DE_LU,forecast_solar_generation,Solar,2026-08-29T22:40:46Z
2026-08-29T22:37:58Z,2026-08-30T00:37:58+0200,ede4ebfd-4cb0-4b05-bc4d-04fd38aa5047,2026-08-04T15:45:00Z,2026-08-04T17:45:00+0200,20159.32878,MW,DE,DE_LU,forecast_solar_generation,Solar,2026-08-29T22:40:46Z
2026-08-29T22:37:58Z,2026-08-30T00:37:58+0200,ede4ebfd-4cb0-4b05-bc4d-04fd38aa5047,2026-08-04T16:00:00Z,2026-08-04T18:00:00+0200,17665.30797,MW,DE,DE_LU,forecast_solar_generation,Solar,2026-08-29T22:40:46Z
2026-08-29T22:37:58Z,2026-08-30T00:37:58+0200,ede4ebfd-4cb0-4b05-bc4d-04fd38aa5047,2026-08-04T16:15:00Z,2026-08-04T18:15:00+0200,15174.81565,MW,DE,DE_LU,forecast_solar_generation,Solar,2026-08-29T22:40:46Z
2026-08-29T22:37:58Z,2026-08-30T00:37:58+0200,ede4ebfd-4cb0-4b05-bc4d-04fd38aa5047,2026-08-04T16:30:00Z,2026-08-04T18:30:00+0200,12718.78733,MW,DE,DE_LU,forecast_solar_generation,Solar,2026-08-29T22:40:46Z
2026-08-29T22:37:58Z,2026-08-30T00:37:58+0200,ede4ebfd-4cb0-4b05-bc4d-04fd38aa5047,2026-08-04T16:45:00Z,2026-08-04T18:45:00+0200,10376.56215,MW,DE,DE_LU,forecast_solar_generation,Solar,2026-08-29T22:40:46Z
2026-08-29T22:37:58Z,2026-08-30T00:37:58+0200,ede4ebfd-4cb0-4b05-bc4d-04fd38aa5047,2026-08-04T17:00:00Z,2026-08-04T19:00:00+0200,8190.11553,MW,DE,DE_LU,forecast_solar_generation,Solar,2026-08-29T22:40:46Z
2026-08-29T22:37:58Z,2026-08-30T00:37:58+0200,ede4ebfd-4cb0-4b05-bc4d-04fd38aa5047,2026-08-04T17:15:00Z,2026-08-04T19:15:00+0200,6201.3913,MW,DE,DE_LU,forecast_solar_generation,Solar,2026-08-29T22:40:46Z
2026-08-29T22:37:58Z,2026-08-30T00:37:58+0200,ede4ebfd-4cb0-4b05-bc4d-04fd38aa5047,2026-08-04T17:30:00Z,2026-08-04T19:30:00+0200,4480.56865,MW,DE,DE_LU,forecast_solar_generation,Solar,2026-08-29T22:40:46Z
2026-08-29T22:37:58Z,2026-08-30T00:37:58+0200,ede4ebfd-4cb0-4b05-bc4d-04fd38aa5047,2026-08-04T17:45:00Z,2026-08-04T19:45:00+0200,3096.96369,MW,DE,DE_LU,forecast_solar_generation,Solar,2026-08-29T22:40:46Z
2026-08-29T22:37:58Z,2026-08-30T00:37:58+0200,ede4ebfd-4cb0-4b05-bc4d-04fd38aa5047,2026-08-04T18:00:00Z,2026-08-04T20:00:00+0200,1984.48446,MW,DE,DE_LU,forecast_solar_generation,Solar,2026-08-29T22:40:46Z
2026-08-29T22:37:58Z,2026-08-30T00:37:58+0200,ede4ebfd-4cb0-4b05-bc4d-04fd38aa5047,2026-08-04T18:15:00Z,2026-08-04T20:15:00+0200,1133.51278,MW,DE,DE_LU,forecast_solar_generation,Solar,2026-08-29T22:40:46Z
2026-08-29T22:37:58Z,2026-08-30T00:37:58+0200,ede4ebfd-4cb0-4b05-bc4d-04fd38aa5047,2026-08-04T18:30:00Z,2026-08-04T20:30:00+0200,519.94644,MW,DE,DE_LU,forecast_solar_generation,Solar,2026-08-29T22:40:46Z
2026-08-29T22:37:58Z,2026-08-30T00:37:58+0200,ede4ebfd-4cb0-4b05-bc4d-04fd38aa5047,2026-08-04T18:45:00Z,2026-08-04T20:45:00+0200,171.36154,MW,DE,DE_LU,forecast_solar_generation,Solar,2026-08-29T22:40:46Z
2026-08-29T22:37:58Z,2026-08-30T00:37:58+0200,ede4ebfd-4cb0-4b05-bc4d-04fd38aa5047,2026-08-04T19:00:00Z,2026-08-04T21:00:00+0200,33.33102,MW,DE,DE_LU,forecast_solar_generation,Solar,2026-08-29T22:40:46Z
2026-08-29T22:37:58Z,2026-08-30T00:37:58+0200,ede4ebfd-4cb0-4b05-bc4d-04fd38aa5047,2026-08-04T19:15:00Z,2026-08-04T21:15:00+0200,7.45653,MW,DE,DE_LU,forecast_solar_generation,Solar,2026-08-29T22:40:46Z
2026-08-29T22:37:58Z,2026-08-30T00:37:58+0200,ede4ebfd-4cb0-4b05-bc4d-04fd38aa5047,2026-08-04T19:30:00Z,2026-08-04T21:30:00+0200,0.0,MW,DE,DE_LU,forecast_solar_generation,Solar,2026-08-29T22:40:46Z
2026-08-29T22:37:58Z,2026-08-30T00:37:58+0200,ede4ebfd-4cb0-4b05-bc4d-04fd38aa5047,2026-08-04T19:45:00Z,2026-08-04T21:45:00+0200,0.0,MW,DE,DE_LU,forecast_solar_generation,Solar,2026-08-29T22:40:46Z
2026-08-29T22:37:58Z,2026-08-30T00:37:58+0200,ede4ebfd-4cb0-4b05-bc4d-04fd38aa5047,2026-08-04T20:00:00Z,2026-08-04T22:00:00+0200,0.0,MW,DE,DE_LU,forecast_solar_generation,Solar,2026-08-29T22:40:46Z
2026-08-29T22:37:58Z,2026-08-30T00:37:58+0200,ede4ebfd-4cb0-4b05-bc4d-04fd38aa5047,2026-08-04T20:15:00Z,2026-08-04T22:15:00+0200,0.0,MW,DE,DE_LU,forecast_solar_generation,Solar,2026-08-29T22:40:46Z
2026-08-29T22:37:58Z,2026-08-30T00:37:58+0200,ede4ebfd-4cb0-4b05-bc4d-04fd38aa5047,2026-08-04T20:30:00Z,2026-08-04T22:30:00+0200,0.0,MW,DE,DE_LU,forecast_solar_generation,Solar,2026-08-29T22:40:46Z
2026-08-29T22:37:58Z,2026-08-30T00:37:58+0200,ede4ebfd-4cb0-4b05-bc4d-04fd38aa5047,2026-08-04T20:45:00Z,2026-08-04T22:45:00+0200,0.0,MW,DE,DE_LU,forecast_solar_generation,Solar,2026-08-29T22:40:46Z
2026-08-29T22:37:58Z,2026-08-30T00:37:58+0200,ede4ebfd-4cb0-4b05-bc4d-04fd38aa5047,2026-08-04T21:00:00Z,2026-08-04T23:00:00+0200,0.0,MW,DE,DE_LU,forecast_solar_generation,Solar,2026-08-29T22:40:46Z
2026-08-29T22:37:58Z,2026-08-30T00:37:58+0200,ede4ebfd-4cb0-4b05-bc4d-04fd38aa5047,2026-08-04T21:15:00Z,2026-08-04T23:15:00+0200,0.0,MW,DE,DE_LU,forecast_solar_generation,Solar,2026-08-29T22:40:46Z
2026-08-29T22:37:58Z,2026-08-30T00:37:58+0200,ede4ebfd-4cb0-4b05-bc4d-04fd38aa5047,2026-08-04T21:30:00Z,2026-08-04T23:30:00+0200,0.0,MW,DE,DE_LU,forecast_solar_generation,Solar,2026-08-29T22:40:46Z
2026-08-29T22:37:58Z,2026-08-30T00:37:58+0200,ede4ebfd-4cb0-4b05-bc4d-04fd38aa5047,2026-08-04T21:45:00Z,2026-08-04T23:45:00+0200,0.0,MW,DE,DE_LU,forecast_solar_generation,Solar,2026-08-29T22:40:46Z
2026-08-29T22:37:58Z,2026-08-30T00:37:58+0200,ede4ebfd-4cb0-4b05-bc4d-04fd38aa5047,2026-08-04T22:00:00Z,2026-08-05T00:00:00+0200,0.0,MW,DE,DE_LU,forecast_solar_generation,Solar,2026-08-29T22:40:46Z
2026-08-29T22:37:58Z,2026-08-30T00:37:58+0200,ede4ebfd-4cb0-4b05-bc4d-04fd38aa5047,2026-08-04T22:15:00Z,2026-08-05T00:15:00+0200,0.0,MW,DE,DE_LU,forecast_solar_generation,Solar,2026-08-29T22:40:46Z
2026-08-29T22:37:58Z,2026-08-30T00:37:58+0200,ede4ebfd-4cb0-4b05-bc4d-04fd38aa5047,2026-08-04T22:30:00Z,2026-08-05T00:30:00+0200,0.0,MW,DE,DE_LU,forecast_solar_generation,Solar,2026-08-29T22:40:46Z
2026-08-29T22:37:58Z,2026-08-30T00:37:58+0200,ede4ebfd-4cb0-4b05-bc4d-04fd38aa5047,2026-08-04T22:45:00Z,2026-08-05T00:45:00+0200,0.0,MW,DE,DE_LU,forecast_solar_generation,Solar,2026-08-29T22:40:46Z
2026-08-29T22:37:58Z,2026-08-30T00:37:58+0200,ede4ebfd-4cb0-4b05-bc4d-04fd38aa5047,2026-08-04T23:00:00Z,2026-08-05T01:00:00+0200,0.0,MW,DE,DE_LU,forecast_solar_generation,Solar,2026-08-29T22:40:46Z
2026-08-29T22:37:58Z,2026-08-30T00:37:58+0200,ede4ebfd-4cb0-4b05-bc4d-04fd38aa5047,2026-08-04T23:15:00Z,2026-08-05T01:15:00+0200,0.0,MW,DE,DE_LU,forecast_solar_generation,Solar,2026-08-29T22:40:46Z
2026-08-29T22:37:58Z,2026-08-30T00:37:58+0200,ede4ebfd-4cb0-4b05-bc4d-04fd38aa5047,2026-08-04T23:30:00Z,2026-08-05T01:30:00+0200,0.0,MW,DE,DE_LU,forecast_solar_generation,Solar,2026-08-29T22:40:46Z
2026-08-29T22:37:58Z,2026-08-30T00:37:58+0200,ede4ebfd-4cb0-4b05-bc4d-04fd38aa5047,2026-08-04T23:45:00Z,2026-08-05T01:45:00+0200,0.0,MW,DE,DE_LU,forecast_solar_generation,Solar,2026-08-29T22:40:46Z
2026-08-29T22:37:58Z,2026-08-30T00:37:58+0200,ede4ebfd-4cb0-4b05-bc4d-04fd38aa5047,2026-08-05T00:00:00Z,2026-08-05T02:00:00+0200,0.0,MW,DE,DE_LU,forecast_solar_generation,Solar,2026-08-29T22:40:46Z
2026-08-29T22:37:58Z,2026-08-30T00:37:58+0200,ede4ebfd-4cb0-4b05-bc4d-04fd38aa5047,2026-08-05T00:15:00Z,2026-08-05T02:15:00+0200,0.0,MW,DE,DE_LU,forecast_solar_generation,Solar,2026-08-29T22:40:46Z
2026-08-29T22:37:58Z,2026-08-30T00:37:58+0200,ede4ebfd-4cb0-4b05-bc4d-04fd38aa5047,2026-08-05T00:30:00Z,2026-08-05T02:30:00+0200,0.0,MW,DE,DE_LU,forecast_solar_generation,Solar,2026-08-29T22:40:46Z
2026-08-29T22:37:58Z,2026-08-30T00:37:58+0200,ede4ebfd-4cb0-4b05-bc4d-04fd38aa5047,2026-08-05T00:45:00Z,2026-08-05T02:45:00+0200,0.0,MW,DE,DE_LU,forecast_solar_generation,Solar,2026-08-29T22:40:46Z
2026-08-29T22:37:58Z,2026-08-30T00:37:58+0200,ede4ebfd-4cb0-4b05-bc4d-04fd38aa5047,2026-08-05T01:00:00Z,2026-08-05T03:00:00+0200,0.0,MW,DE,DE_LU,forecast_solar_generation,Solar,2026-08-29T22:40:46Z
2026-08-29T22:37:58Z,2026-08-30T00:37:58+0200,ede4ebfd-4cb0-4b05-bc4d-04fd38aa5047,2026-08-05T01:15:00Z,2026-08-05T03:15:00+0200,0.0,MW,DE,DE_LU,forecast_solar_generation,Solar,2026-08-29T22:40:46Z
2026-08-29T22:37:58Z,2026-08-30T00:37:58+0200,ede4ebfd-4cb0-4b05-bc4d-04fd38aa5047,2026-08-05T01:30:00Z,2026-08-05T03:30:00+0200,0.0,MW,DE,DE_LU,forecast_solar_generation,Solar,2026-08-29T22:40:46Z
2026-08-29T22:37:58Z,2026-08-30T00:37:58+0200,ede4ebfd-4cb0-4b05-bc4d-04fd38aa5047,2026-08-05T01:45:00Z,2026-08-05T03:45:00+0200,0.0,MW,DE,DE_LU,forecast_solar_generation,Solar,2026-08-29T22:40:46Z
2026-08-29T22:37:58Z,2026-08-30T00:37:58+0200,ede4ebfd-4cb0-4b05-bc4d-04fd38aa5047,2026-08-05T02:00:00Z,2026-08-05T04:00:00+0200,0.0,MW,DE,DE_LU,forecast_solar_generation,Solar,2026-08-29T22:40:46Z
2026-08-29T22:37:58Z,2026-08-30T00:37:58+0200,ede4ebfd-4cb0-4b05-bc4d-04fd38aa5047,2026-08-05T02:15:00Z,2026-08-05T04:15:00+0200,0.0,MW,DE,DE_LU,forecast_solar_generation,Solar,2026-08-29T22:40:46Z
2026-08-29T22:37:58Z,2026-08-30T00:37:58+0200,ede4ebfd-4cb0-4b05-bc4d-04fd38aa5047,2026-08-05T02:30:00Z,2026-08-05T04:30:00+0200,0.0,MW,DE,DE_LU,forecast_solar_generation,Solar,2026-08-29T22:40:46Z
2026-08-29T22:37:58Z,2026-08-30T00:37:58+0200,ede4ebfd-4cb0-4b05-bc4d-04fd38aa5047,2026-08-05T02:45:00Z,2026-08-05T04:45:00+0200,0.0,MW,DE,DE_LU,forecast_solar_generation,Solar,2026-08-29T22:40:46Z
2026-08-29T22:37:58Z,2026-08-30T00:37:58+0200,ede4ebfd-4cb0-4b05-bc4d-04fd38aa5047,2026-08-05T03:00:00Z,2026-08-05T05:00:00+0200,0.0,MW,DE,DE_LU,forecast_solar_generation,Solar,2026-08-29T22:40:46Z
2026-08-29T22:37:58Z,2026-08-30T00:37:58+0200,ede4ebfd-4cb0-4b05-bc4d-04fd38aa5047,2026-08-05T03:15:00Z,2026-08-05T05:15:00+0200,0.0,MW,DE,DE_LU,forecast_solar_generation,Solar,2026-08-29T22:40:46Z
2026-08-29T22:37:58Z,2026-08-30T00:37:58+0200,ede4ebfd-4cb0-4b05-bc4d-04fd38aa5047,2026-08-05T03:30:00Z,2026-08-05T05:30:00+0200,20.79725,MW,DE,DE_LU,forecast_solar_generation,Solar,2026-08-29T22:40:46Z
2026-08-29T22:37:58Z,2026-08-30T00:37:58+0200,ede4ebfd-4cb0-4b05-bc4d-04fd38aa5047,2026-08-05T03:45:00Z,2026-08-05T05:45:00+0200,124.09204,MW,DE,DE_LU,forecast_solar_generation,Solar,2026-08-29T22:40:46Z
2026-08-29T22:37:58Z,2026-08-30T00:37:58+0200,ede4ebfd-4cb0-4b05-bc4d-04fd38aa5047,2026-08-05T04:00:00Z,2026-08-05T06:00:00+0200,516.60974,MW,DE,DE_LU,forecast_solar_generation,Solar,2026-08-29T22:40:46Z
2026-08-29T22:37:58Z,2026-08-30T00:37:58+0200,ede4ebfd-4cb0-4b05-bc4d-04fd38aa5047,2026-08-05T04:15:00Z,2026-08-05T06:15:00+0200,1225.25931,MW,DE,DE_LU,forecast_solar_generation,Solar,2026-08-29T22:40:46Z
2026-08-29T22:37:58Z,2026-08-30T00:37:58+0200,ede4ebfd-4cb0-4b05-bc4d-04fd38aa5047,2026-08-05T04:30:00Z,2026-08-05T06:30:00+0200,2206.57713,MW,DE,DE_LU,forecast_solar_generation,Solar,2026-08-29T22:40:46Z
2026-08-29T22:37:58Z,2026-08-30T00:37:58+0200,ede4ebfd-4cb0-4b05-bc4d-04fd38aa5047,2026-08-05T04:45:00Z,2026-08-05T06:45:00+0200,3443.19233,MW,DE,DE_LU,forecast_solar_generation,Solar,2026-08-29T22:40:46Z
2026-08-29T22:37:58Z,2026-08-30T00:37:58+0200,ede4ebfd-4cb0-4b05-bc4d-04fd38aa5047,2026-08-05T05:00:00Z,2026-08-05T07:00:00+0200,5001.9143,MW,DE,DE_LU,forecast_solar_generation,Solar,2026-08-29T22:40:46Z
2026-08-29T22:37:58Z,2026-08-30T00:37:58+0200,ede4ebfd-4cb0-4b05-bc4d-04fd38aa5047,2026-08-05T05:15:00Z,2026-08-05T07:15:00+0200,6958.28427,MW,DE,DE_LU,forecast_solar_generation,Solar,2026-08-29T22:40:46Z
2026-08-29T22:37:58Z,2026-08-30T00:37:58+0200,ede4ebfd-4cb0-4b05-bc4d-04fd38aa5047,2026-08-05T05:30:00Z,2026-08-05T07:30:00+0200,9291.8599,MW,DE,DE_LU,forecast_solar_generation,Solar,2026-08-29T22:40:46Z
2026-08-29T22:37:58Z,2026-08-30T00:37:58+0200,ede4ebfd-4cb0-4b05-bc4d-04fd38aa5047,2026-08-05T05:45:00Z,2026-08-05T07:45:00+0200,11917.45231,MW,DE,DE_LU,forecast_solar_generation,Solar,2026-08-29T22:40:46Z
2026-08-29T22:37:58Z,2026-08-30T00:37:58+0200,ede4ebfd-4cb0-4b05-bc4d-04fd38aa5047,2026-08-05T06:00:00Z,2026-08-05T08:00:00+0200,14721.79205,MW,DE,DE_LU,forecast_solar_generation,Solar,2026-08-29T22:40:46Z
2026-08-29T22:37:58Z,2026-08-30T00:37:58+0200,ede4ebfd-4cb0-4b05-bc4d-04fd38aa5047,2026-08-05T06:15:00Z,2026-08-05T08:15:00+0200,17739.4511,MW,DE,DE_LU,forecast_solar_generation,Solar,2026-08-29T22:40:46Z
2026-08-29T22:37:58Z,2026-08-30T00:37:58+0200,ede4ebfd-4cb0-4b05-bc4d-04fd38aa5047,2026-08-05T06:30:00Z,2026-08-05T08:30:00+0200,20875.22976,MW,DE,DE_LU,forecast_solar_generation,Solar,2026-08-29T22:40:46Z
2026-08-29T22:37:58Z,2026-08-30T00:37:58+0200,ede4ebfd-4cb0-4b05-bc4d-04fd38aa5047,2026-08-05T06:45:00Z,2026-08-05T08:45:00+0200,24009.35423,MW,DE,DE_LU,forecast_solar_generation,Solar,2026-08-29T22:40:46Z
2026-08-29T22:37:58Z,2026-08-30T00:37:58+0200,ede4ebfd-4cb0-4b05-bc4d-04fd38aa5047,2026-08-05T07:00:00Z,2026-08-05T09:00:00+0200,27023.45994,MW,DE,DE_LU,forecast_solar_generation,Solar,2026-08-29T22:40:46Z
2026-08-29T22:37:58Z,2026-08-30T00:37:58+0200,ede4ebfd-4cb0-4b05-bc4d-04fd38aa5047,2026-08-05T07:15:00Z,2026-08-05T09:15:00+0200,29919.02691,MW,DE,DE_LU,forecast_solar_generation,Solar,2026-08-29T22:40:46Z
2026-08-29T22:37:58Z,2026-08-30T00:37:58+0200,ede4ebfd-4cb0-4b05-bc4d-04fd38aa5047,2026-08-05T07:30:00Z,2026-08-05T09:30:00+0200,32658.30299,MW,DE,DE_LU,forecast_solar_generation,Solar,2026-08-29T22:40:46Z
2026-08-29T22:37:58Z,2026-08-30T00:37:58+0200,ede4ebfd-4cb0-4b05-bc4d-04fd38aa5047,2026-08-05T07:45:00Z,2026-08-05T09:45:00+0200,35222.59235,MW,DE,DE_LU,forecast_solar_generation,Solar,2026-08-29T22:40:46Z
2026-08-29T22:37:58Z,2026-08-30T00:37:58+0200,ede4ebfd-4cb0-4b05-bc4d-04fd38aa5047,2026-08-05T08:00:00Z,2026-08-05T10:00:00+0200,37627.97709,MW,DE,DE_LU,forecast_solar_generation,Solar,2026-08-29T22:40:46Z
2026-08-29T22:37:58Z,2026-08-30T00:37:58+0200,ede4ebfd-4cb0-4b05-bc4d-04fd38aa5047,2026-08-05T08:15:00Z,2026-08-05T10:15:00+0200,39862.60145,MW,DE,DE_LU,forecast_solar_generation,Solar,2026-08-29T22:40:46Z
2026-08-29T22:37:58Z,2026-08-30T00:37:58+0200,ede4ebfd-4cb0-4b05-bc4d-04fd38aa5047,2026-08-05T08:30:00Z,2026-08-05T10:30:00+0200,41871.8815,MW,DE,DE_LU,forecast_solar_generation,Solar,2026-08-29T22:40:46Z
2026-08-29T22:37:58Z,2026-08-30T00:37:58+0200,ede4ebfd-4cb0-4b05-bc4d-04fd38aa5047,2026-08-05T08:45:00Z,2026-08-05T10:45:00+0200,43659.27589,MW,DE,DE_LU,forecast_solar_generation,Solar,2026-08-29T22:40:46Z
2026-08-29T22:37:58Z,2026-08-30T00:37:58+0200,ede4ebfd-4cb0-4b05-bc4d-04fd38aa5047,2026-08-05T09:00:00Z,2026-08-05T11:00:00+0200,45197.26566,MW,DE,DE_LU,forecast_solar_generation,Solar,2026-08-29T22:40:46Z
2026-08-29T22:37:58Z,2026-08-30T00:37:58+0200,ede4ebfd-4cb0-4b05-bc4d-04fd38aa5047,2026-08-05T09:15:00Z,2026-08-05T11:15:00+0200,46478.37064,MW,DE,DE_LU,forecast_solar_generation,Solar,2026-08-29T22:40:46Z
2026-08-29T22:37:58Z,2026-08-30T00:37:58+0200,ede4ebfd-4cb0-4b05-bc4d-04fd38aa5047,2026-08-05T09:30:00Z,2026-08-05T11:30:00+0200,47510.87356,MW,DE,DE_LU,forecast_solar_generation,Solar,2026-08-29T22:40:46Z
2026-08-29T22:37:58Z,2026-08-30T00:37:58+0200,ede4ebfd-4cb0-4b05-bc4d-04fd38aa5047,2026-08-05T09:45:00Z,2026-08-05T11:45:00+0200,48325.71214,MW,DE,DE_LU,forecast_solar_generation,Solar,2026-08-29T22:40:46Z
2026-08-29T22:37:58Z,2026-08-30T00:37:58+0200,ede4ebfd-4cb0-4b05-bc4d-04fd38aa5047,2026-08-05T10:00:00Z,2026-08-05T12:00:00+0200,48961.16062,MW,DE,DE_LU,forecast_solar_generation,Solar,2026-08-29T22:40:46Z
2026-08-29T22:37:58Z,2026-08-30T00:37:58+0200,ede4ebfd-4cb0-4b05-bc4d-04fd38aa5047,2026-08-05T10:15:00Z,2026-08-05T12:15:00+0200,49414.72971,MW,DE,DE_LU,forecast_solar_generation,Solar,2026-08-29T22:40:46Z
2026-08-29T22:37:58Z,2026-08-30T00:37:58+0200,ede4ebfd-4cb0-4b05-bc4d-04fd38aa5047,2026-08-05T10:30:00Z,2026-08-05T12:30:00+0200,49701.81922,MW,DE,DE_LU,forecast_solar_generation,Solar,2026-08-29T22:40:46Z
2026-08-29T22:37:58Z,2026-08-30T00:37:58+0200,ede4ebfd-4cb0-4b05-bc4d-04fd38aa5047,2026-08-05T10:45:00Z,2026-08-05T12:45:00+0200,49819.06149,MW,DE,DE_LU,forecast_solar_generation,Solar,2026-08-29T22:40:46Z
2026-08-29T22:37:58Z,2026-08-30T00:37:58+0200,ede4ebfd-4cb0-4b05-bc4d-04fd38aa5047,2026-08-05T11:00:00Z,2026-08-05T13:00:00+0200,49752.26581,MW,DE,DE_LU,forecast_solar_generation,Solar,2026-08-29T22:40:46Z
2026-08-29T22:37:58Z,2026-08-30T00:37:58+0200,ede4ebfd-4cb0-4b05-bc4d-04fd38aa5047,2026-08-05T11:15:00Z,2026-08-05T13:15:00+0200,49518.62181,MW,DE,DE_LU,forecast_solar_generation,Solar,2026-08-29T22:40:46Z
2026-08-29T22:37:58Z,2026-08-30T00:37:58+0200,ede4ebfd-4cb0-4b05-bc4d-04fd38aa5047,2026-08-05T11:30:00Z,2026-08-05T13:30:00+0200,49091.23418,MW,DE,DE_LU,forecast_solar_generation,Solar,2026-08-29T22:40:46Z
2026-08-29T22:37:58Z,2026-08-30T00:37:58+0200,ede4ebfd-4cb0-4b05-bc4d-04fd38aa5047,2026-08-05T11:45:00Z,2026-08-05T13:45:00+0200,48529.05916,MW,DE,DE_LU,forecast_solar_generation,Solar,2026-08-29T22:40:46Z
2026-08-29T22:37:58Z,2026-08-30T00:37:58+0200,ede4ebfd-4cb0-4b05-bc4d-04fd38aa5047,2026-08-05T12:00:00Z,2026-08-05T14:00:00+0200,47827.00566,MW,DE,DE_LU,forecast_solar_generation,Solar,2026-08-29T22:40:46Z
2026-08-29T22:37:58Z,2026-08-30T00:37:58+0200,ede4ebfd-4cb0-4b05-bc4d-04fd38aa5047,2026-08-05T12:15:00Z,2026-08-05T14:15:00+0200,47004.91822,MW,DE,DE_LU,forecast_solar_generation,Solar,2026-08-29T22:40:46Z
2026-08-29T22:37:58Z,2026-08-30T00:37:58+0200,ede4ebfd-4cb0-4b05-bc4d-04fd38aa5047,2026-08-05T12:30:00Z,2026-08-05T14:30:00+0200,46081.70992,MW,DE,DE_LU,forecast_solar_generation,Solar,2026-08-29T22:40:46Z
2026-08-29T22:37:58Z,2026-08-30T00:37:58+0200,ede4ebfd-4cb0-4b05-bc4d-04fd38aa5047,2026-08-05T12:45:00Z,2026-08-05T14:45:00+0200,45068.1392,MW,DE,DE_LU,forecast_solar_generation,Solar,2026-08-29T22:40:46Z
2026-08-29T22:37:58Z,2026-08-30T00:37:58+0200,ede4ebfd-4cb0-4b05-bc4d-04fd38aa5047,2026-08-05T13:00:00Z,2026-08-05T15:00:00+0200,43865.13229,MW,DE,DE_LU,forecast_solar_generation,Solar,2026-08-29T22:40:46Z
2026-08-29T22:37:58Z,2026-08-30T00:37:58+0200,ede4ebfd-4cb0-4b05-bc4d-04fd38aa5047,2026-08-05T13:15:00Z,2026-08-05T15:15:00+0200,42484.70889,MW,DE,DE_LU,forecast_solar_generation,Solar,2026-08-29T22:40:46Z
2026-08-29T22:37:58Z,2026-08-30T00:37:58+0200,ede4ebfd-4cb0-4b05-bc4d-04fd38aa5047,2026-08-05T13:30:00Z,2026-08-05T15:30:00+0200,40982.68151,MW,DE,DE_LU,forecast_solar_generation,Solar,2026-08-29T22:40:46Z
2026-08-29T22:37:58Z,2026-08-30T00:37:58+0200,ede4ebfd-4cb0-4b05-bc4d-04fd38aa5047,2026-08-05T13:45:00Z,2026-08-05T15:45:00+0200,39329.06331,MW,DE,DE_LU,forecast_solar_generation,Solar,2026-08-29T22:40:46Z
2026-08-29T22:37:58Z,2026-08-30T00:37:58+0200,ede4ebfd-4cb0-4b05-bc4d-04fd38aa5047,2026-08-05T14:00:00Z,2026-08-05T16:00:00+0200,37538.36286,MW,DE,DE_LU,forecast_solar_generation,Solar,2026-08-29T22:40:46Z
2026-08-29T22:37:58Z,2026-08-30T00:37:58+0200,ede4ebfd-4cb0-4b05-bc4d-04fd38aa5047,2026-08-05T14:15:00Z,2026-08-05T16:15:00+0200,35597.32595,MW,DE,DE_LU,forecast_solar_generation,Solar,2026-08-29T22:40:46Z
2026-08-29T22:37:58Z,2026-08-30T00:37:58+0200,ede4ebfd-4cb0-4b05-bc4d-04fd38aa5047,2026-08-05T14:30:00Z,2026-08-05T16:30:00+0200,33517.68355,MW,DE,DE_LU,forecast_solar_generation,Solar,2026-08-29T22:40:46Z
2026-08-29T22:37:58Z,2026-08-30T00:37:58+0200,ede4ebfd-4cb0-4b05-bc4d-04fd38aa5047,2026-08-05T14:45:00Z,2026-08-05T16:45:00+0200,31284.90145,MW,DE,DE_LU,forecast_solar_generation,Solar,2026-08-29T22:40:46Z
2026-08-29T22:37:58Z,2026-08-30T00:37:58+0200,ede4ebfd-4cb0-4b05-bc4d-04fd38aa5047,2026-08-05T15:00:00Z,2026-08-05T17:00:00+0200,28919.88203,MW,DE,DE_LU,forecast_solar_generation,Solar,2026-08-29T22:40:46Z
2026-08-29T22:37:58Z,2026-08-30T00:37:58+0200,ede4ebfd-4cb0-4b05-bc4d-04fd38aa5047,2026-08-05T15:15:00Z,2026-08-05T17:15:00+0200,26453.7475,MW,DE,DE_LU,forecast_solar_generation,Solar,2026-08-29T22:40:46Z
2026-08-29T22:37:58Z,2026-08-30T00:37:58+0200,ede4ebfd-4cb0-4b05-bc4d-04fd38aa5047,2026-08-05T15:30:00Z,2026-08-05T17:30:00+0200,23888.75229,MW,DE,DE_LU,forecast_solar_generation,Solar,2026-08-29T22:40:46Z
2026-08-29T22:37:58Z,2026-08-30T00:37:58+0200,ede4ebfd-4cb0-4b05-bc4d-04fd38aa5047,2026-08-05T15:45:00Z,2026-08-05T17:45:00+0200,21298.91992,MW,DE,DE_LU,forecast_solar_generation,Solar,2026-08-29T22:40:46Z
2026-08-29T22:37:58Z,2026-08-30T00:37:58+0200,ede4ebfd-4cb0-4b05-bc4d-04fd38aa5047,2026-08-05T16:00:00Z,2026-08-05T18:00:00+0200,18657.57156,MW,DE,DE_LU,forecast_solar_generation,Solar,2026-08-29T22:40:46Z
2026-08-29T22:37:58Z,2026-08-30T00:37:58+0200,ede4ebfd-4cb0-4b05-bc4d-04fd38aa5047,2026-08-05T16:15:00Z,2026-08-05T18:15:00+0200,16011.93839,MW,DE,DE_LU,forecast_solar_generation,Solar,2026-08-29T22:40:46Z
2026-08-29T22:37:58Z,2026-08-30T00:37:58+0200,ede4ebfd-4cb0-4b05-bc4d-04fd38aa5047,2026-08-05T16:30:00Z,2026-08-05T18:30:00+0200,13414.09986,MW,DE,DE_LU,forecast_solar_generation,Solar,2026-08-29T22:40:46Z
2026-08-29T22:37:58Z,2026-08-30T00:37:58+0200,ede4ebfd-4cb0-4b05-bc4d-04fd38aa5047,2026-08-05T16:45:00Z,2026-08-05T18:45:00+0200,10948.47482,MW,DE,DE_LU,forecast_solar_generation,Solar,2026-08-29T22:40:46Z
2026-08-29T22:37:58Z,2026-08-30T00:37:58+0200,ede4ebfd-4cb0-4b05-bc4d-04fd38aa5047,2026-08-05T17:00:00Z,2026-08-05T19:00:00+0200,8675.34952,MW,DE,DE_LU,forecast_solar_generation,Solar,2026-08-29T22:40:46Z
2026-08-29T22:37:58Z,2026-08-30T00:37:58+0200,ede4ebfd-4cb0-4b05-bc4d-04fd38aa5047,2026-08-05T17:15:00Z,2026-08-05T19:15:00+0200,6574.2242,MW,DE,DE_LU,forecast_solar_generation,Solar,2026-08-29T22:40:46Z
2026-08-29T22:37:58Z,2026-08-30T00:37:58+0200,ede4ebfd-4cb0-4b05-bc4d-04fd38aa5047,2026-08-05T17:30:00Z,2026-08-05T19:30:00+0200,4757.78096,MW,DE,DE_LU,forecast_solar_generation,Solar,2026-08-29T22:40:46Z
2026-08-29T22:37:58Z,2026-08-30T00:37:58+0200,ede4ebfd-4cb0-4b05-bc4d-04fd38aa5047,2026-08-05T17:45:00Z,2026-08-05T19:45:00+0200,3294.5781,MW,DE,DE_LU,forecast_solar_generation,Solar,2026-08-29T22:40:46Z
2026-08-29T22:37:58Z,2026-08-30T00:37:58+0200,ede4ebfd-4cb0-4b05-bc4d-04fd38aa5047,2026-08-05T18:00:00Z,2026-08-05T20:00:00+0200,2126.68183,MW,DE,DE_LU,forecast_solar_generation,Solar,2026-08-29T22:40:46Z
2026-08-29T22:37:58Z,2026-08-30T00:37:58+0200,ede4ebfd-4cb0-4b05-bc4d-04fd38aa5047,2026-08-05T18:15:00Z,2026-08-05T20:15:00+0200,1226.65568,MW,DE,DE_LU,forecast_solar_generation,Solar,2026-08-29T22:40:46Z
2026-08-29T22:37:58Z,2026-08-30T00:37:58+0200,ede4ebfd-4cb0-4b05-bc4d-04fd38aa5047,2026-08-05T18:30:00Z,2026-08-05T20:30:00+0200,582.76015,MW,DE,DE_LU,forecast_solar_generation,Solar,2026-08-29T22:40:46Z
2026-08-29T22:37:58Z,2026-08-30T00:37:58+0200,ede4ebfd-4cb0-4b05-bc4d-04fd38aa5047,2026-08-05T18:45:00Z,2026-08-05T20:45:00+0200,202.41583,MW,DE,DE_LU,forecast_solar_generation,Solar,2026-08-29T22:40:46Z
2026-08-29T22:37:58Z,2026-08-30T00:37:58+0200,ede4ebfd-4cb0-4b05-bc4d-04fd38aa5047,2026-08-05T19:00:00Z,2026-08-05T21:00:00+0200,47.11447,MW,DE,DE_LU,forecast_solar_generation,Solar,2026-08-29T22:40:46Z
2026-08-29T22:37:58Z,2026-08-30T00:37:58+0200,ede4ebfd-4cb0-4b05-bc4d-04fd38aa5047,2026-08-05T19:15:00Z,2026-08-05T21:15:00+0200,11.02533,MW,DE,DE_LU,forecast_solar_generation,Solar,2026-08-29T22:40:46Z
2026-08-29T22:37:58Z,2026-08-30T00:37:58+0200,ede4ebfd-4cb0-4b05-bc4d-04fd38aa5047,2026-08-05T19:30:00Z,2026-08-05T21:30:00+0200,0.0,MW,DE,DE_LU,forecast_solar_generation,Solar,2026-08-29T22:40:46Z
2026-08-29T22:37:58Z,2026-08-30T00:37:58+0200,ede4ebfd-4cb0-4b05-bc4d-04fd38aa5047,2026-08-05T19:45:00Z,2026-08-05T21:45:00+0200,0.0,MW,DE,DE_LU,forecast_solar_generation,Solar,2026-08-29T22:40:46Z
2026-08-29T22:37:58Z,2026-08-30T00:37:58+0200,ede4ebfd-4cb0-4b05-bc4d-04fd38aa5047,2026-08-05T20:00:00Z,2026-08-05T22:00:00+0200,0.0,MW,DE,DE_LU,forecast_solar_generation,Solar,2026-08-29T22:40:46Z
2026-08-29T22:37:58Z,2026-08-30T00:37:58+0200,ede4ebfd-4cb0-4b05-bc4d-04fd38aa5047,2026-08-05T20:15:00Z,2026-08-05T22:15:00+0200,0.0,MW,DE,DE_LU,forecast_solar_generation,Solar,2026-08-29T22:40:46Z
2026-08-29T22:37:58Z,2026-08-30T00:37:58+0200,ede4ebfd-4cb0-4b05-bc4d-04fd38aa5047,2026-08-05T20:30:00Z,2026-08-05T22:30:00+0200,0.0,MW,DE,DE_LU,forecast_solar_generation,Solar,2026-08-29T22:40:46Z
2026-08-29T22:37:58Z,2026-08-30T00:37:58+0200,ede4ebfd-4cb0-4b05-bc4d-04fd38aa5047,2026-08-05T20:45:00Z,2026-08-05T22:45:00+0200,0.0,MW,DE,DE_LU,forecast_solar_generation,Solar,2026-08-29T22:40:46Z
2026-08-29T22:37:58Z,2026-08-30T00:37:58+0200,ede4ebfd-4cb0-4b05-bc4d-04fd38aa5047,2026-08-05T21:00:00Z,2026-08-05T23:00:00+0200,0.0,MW,DE,DE_LU,forecast_solar_generation,Solar,2026-08-29T22:40:46Z
2026-08-29T22:37:58Z,2026-08-30T00:37:58+0200,ede4ebfd-4cb0-4b05-bc4d-04fd38aa5047,2026-08-05T21:15:00Z,2026-08-05T23:15:00+0200,0.0,MW,DE,DE_LU,forecast_solar_generation,Solar,2026-08-29T22:40:46Z
2026-08-29T22:37:58Z,2026-08-30T00:37:58+0200,ede4ebfd-4cb0-4b05-bc4d-04fd38aa5047,2026-08-05T21:30:00Z,2026-08-05T23:30:00+0200,0.0,MW,DE,DE_LU,forecast_solar_generation,Solar,2026-08-29T22:40:46Z
2026-08-29T22:37:58Z,2026-08-30T00:37:58+0200,ede4ebfd-4cb0-4b05-bc4d-04fd38aa5047,2026-08-05T21:45:00Z,2026-08-05T23:45:00+0200,0.0,MW,DE,DE_LU,forecast_solar_generation,Solar,2026-08-29T22:40:46Z
2026-08-29T22:37:58Z,2026-08-30T00:37:58+0200,ede4ebfd-4cb0-4b05-bc4d-04fd38aa5047,2026-08-05T22:00:00Z,2026-08-06T00:00:00+0200,0.0,MW,DE,DE_LU,forecast_solar_generation,Solar,2026-08-29T22:40:46Z
2026-08-29T22:37:58Z,2026-08-30T00:37:58+0200,ede4ebfd-4cb0-4b05-bc4d-04fd38aa5047,2026-08-05T22:15:00Z,2026-08-06T00:15:00+0200,0.0,MW,DE,DE_LU,forecast_solar_generation,Solar,2026-08-29T22:40:46Z
2026-08-29T22:37:58Z,2026-08-30T00:37:58+0200,ede4ebfd-4cb0-4b05-bc4d-04fd38aa5047,2026-08-05T22:30:00Z,2026-08-06T00:30:00+0200,0.0,MW,DE,DE_LU,forecast_solar_generation,Solar,2026-08-29T22:40:46Z
2026-08-29T22:37:58Z,2026-08-30T00:37:58+0200,ede4ebfd-4cb0-4b05-bc4d-04fd38aa5047,2026-08-05T22:45:00Z,2026-08-06T00:45:00+0200,0.0,MW,DE,DE_LU,forecast_solar_generation,Solar,2026-08-29T22:40:46Z
2026-08-29T22:37:58Z,2026-08-30T00:37:58+0200,ede4ebfd-4cb0-4b05-bc4d-04fd38aa5047,2026-08-05T23:00:00Z,2026-08-06T01:00:00+0200,0.0,MW,DE,DE_LU,forecast_solar_generation,Solar,2026-08-29T22:40:46Z
2026-08-29T22:37:58Z,2026-08-30T00:37:58+0200,ede4ebfd-4cb0-4b05-bc4d-04fd38aa5047,2026-08-05T23:15:00Z,2026-08-06T01:15:00+0200,0.0,MW,DE,DE_LU,forecast_solar_generation,Solar,2026-08-29T22:40:46Z
2026-08-29T22:37:58Z,2026-08-30T00:37:58+0200,ede4ebfd-4cb0-4b05-bc4d-04fd38aa5047,2026-08-05T23:30:00Z,2026-08-06T01:30:00+0200,0.0,MW,DE,DE_LU,forecast_solar_generation,Solar,2026-08-29T22:40:46Z
2026-08-29T22:37:58Z,2026-08-30T00:37:58+0200,ede4ebfd-4cb0-4b05-bc4d-04fd38aa5047,2026-08-05T23:45:00Z,2026-08-06T01:45:00+0200,0.0,MW,DE,DE_LU,forecast_solar_generation,Solar,2026-08-29T22:40:46Z
2026-08-29T22:37:58Z,2026-08-30T00:37:58+0200,ede4ebfd-4cb0-4b05-bc4d-04fd38aa5047,2026-08-06T00:00:00Z,2026-08-06T02:00:00+0200,0.0,MW,DE,DE_LU,forecast_solar_generation,Solar,2026-08-29T22:40:46Z
2026-08-29T22:37:58Z,2026-08-30T00:37:58+0200,ede4ebfd-4cb0-4b05-bc4d-04fd38aa5047,2026-08-06T00:15:00Z,2026-08-06T02:15:00+0200,0.0,MW,DE,DE_LU,forecast_solar_generation,Solar,2026-08-29T22:40:46Z
2026-08-29T22:37:58Z,2026-08-30T00:37:58+0200,ede4ebfd-4cb0-4b05-bc4d-04fd38aa5047,2026-08-06T00:30:00Z,2026-08-06T02:30:00+0200,0.0,MW,DE,DE_LU,forecast_solar_generation,Solar,2026-08-29T22:40:46Z
2026-08-29T22:37:58Z,2026-08-30T00:37:58+0200,ede4ebfd-4cb0-4b05-bc4d-04fd38aa5047,2026-08-06T00:45:00Z,2026-08-06T02:45:00+0200,0.0,MW,DE,DE_LU,forecast_solar_generation,Solar,2026-08-29T22:40:46Z
2026-08-29T22:37:58Z,2026-08-30T00:37:58+0200,ede4ebfd-4cb0-4b05-bc4d-04fd38aa5047,2026-08-06T01:00:00Z,2026-08-06T03:00:00+0200,0.0,MW,DE,DE_LU,forecast_solar_generation,Solar,2026-08-29T22:40:46Z
2026-08-29T22:37:58Z,2026-08-30T00:37:58+0200,ede4ebfd-4cb0-4b05-bc4d-04fd38aa5047,2026-08-06T01:15:00Z,2026-08-06T03:15:00+0200,0.0,MW,DE,DE_LU,forecast_solar_generation,Solar,2026-08-29T22:40:46Z
2026-08-29T22:37:58Z,2026-08-30T00:37:58+0200,ede4ebfd-4cb0-4b05-bc4d-04fd38aa5047,2026-08-06T01:30:00Z,2026-08-06T03:30:00+0200,0.0,MW,DE,DE_LU,forecast_solar_generation,Solar,2026-08-29T22:40:46Z
2026-08-29T22:37:58Z,2026-08-30T00:37:58+0200,ede4ebfd-4cb0-4b05-bc4d-04fd38aa5047,2026-08-06T01:45:00Z,2026-08-06T03:45:00+0200,0.0,MW,DE,DE_LU,forecast_solar_generation,Solar,2026-08-29T22:40:46Z
2026-08-29T22:37:58Z,2026-08-30T00:37:58+0200,ede4ebfd-4cb0-4b05-bc4d-04fd38aa5047,2026-08-06T02:00:00Z,2026-08-06T04:00:00+0200,0.0,MW,DE,DE_LU,forecast_solar_generation,Solar,2026-08-29T22:40:46Z
2026-08-29T22:37:58Z,2026-08-30T00:37:58+0200,ede4ebfd-4cb0-4b05-bc4d-04fd38aa5047,2026-08-06T02:15:00Z,2026-08-06T04:15:00+0200,0.0,MW,DE,DE_LU,forecast_solar_generation,Solar,2026-08-29T22:40:46Z
2026-08-29T22:37:58Z,2026-08-30T00:37:58+0200,ede4ebfd-4cb0-4b05-bc4d-04fd38aa5047,2026-08-06T02:30:00Z,2026-08-06T04:30:00+0200,0.0,MW,DE,DE_LU,forecast_solar_generation,Solar,2026-08-29T22:40:46Z
2026-08-29T22:37:58Z,2026-08-30T00:37:58+0200,ede4ebfd-4cb0-4b05-bc4d-04fd38aa5047,2026-08-06T02:45:00Z,2026-08-06T04:45:00+0200,0.0,MW,DE,DE_LU,forecast_solar_generation,Solar,2026-08-29T22:40:46Z
2026-08-29T22:37:58Z,2026-08-30T00:37:58+0200,ede4ebfd-4cb0-4b05-bc4d-04fd38aa5047,2026-08-06T03:00:00Z,2026-08-06T05:00:00+0200,0.0,MW,DE,DE_LU,forecast_solar_generation,Solar,2026-08-29T22:40:46Z
2026-08-29T22:37:58Z,2026-08-30T00:37:58+0200,ede4ebfd-4cb0-4b05-bc4d-04fd38aa5047,2026-08-06T03:15:00Z,2026-08-06T05:15:00+0200,0.0,MW,DE,DE_LU,forecast_solar_generation,Solar,2026-08-29T22:40:46Z
2026-08-29T22:37:58Z,2026-08-30T00:37:58+0200,ede4ebfd-4cb0-4b05-bc4d-04fd38aa5047,2026-08-06T03:30:00Z,2026-08-06T05:30:00+0200,15.32825,MW,DE,DE_LU,forecast_solar_generation,Solar,2026-08-29T22:40:46Z
2026-08-29T22:37:58Z,2026-08-30T00:37:58+0200,ede4ebfd-4cb0-4b05-bc4d-04fd38aa5047,2026-08-06T03:45:00Z,2026-08-06T05:45:00+0200,106.86233,MW,DE,DE_LU,forecast_solar_generation,Solar,2026-08-29T22:40:46Z
2026-08-29T22:37:58Z,2026-08-30T00:37:58+0200,ede4ebfd-4cb0-4b05-bc4d-04fd38aa5047,2026-08-06T04:00:00Z,2026-08-06T06:00:00+0200,461.78744,MW,DE,DE_LU,forecast_solar_generation,Solar,2026-08-29T22:40:46Z
2026-08-29T22:37:58Z,2026-08-30T00:37:58+0200,ede4ebfd-4cb0-4b05-bc4d-04fd38aa5047,2026-08-06T04:15:00Z,2026-08-06T06:15:00+0200,1114.95609,MW,DE,DE_LU,forecast_solar_generation,Solar,2026-08-29T22:40:46Z
2026-08-29T22:37:58Z,2026-08-30T00:37:58+0200,ede4ebfd-4cb0-4b05-bc4d-04fd38aa5047,2026-08-06T04:30:00Z,2026-08-06T06:30:00+0200,2039.92598,MW,DE,DE_LU,forecast_solar_generation,Solar,2026-08-29T22:40:46Z
2026-08-29T22:37:58Z,2026-08-30T00:37:58+0200,ede4ebfd-4cb0-4b05-bc4d-04fd38aa5047,2026-08-06T04:45:00Z,2026-08-06T06:45:00+0200,3237.52068,MW,DE,DE_LU,forecast_solar_generation,Solar,2026-08-29T22:40:46Z
2026-08-29T22:37:58Z,2026-08-30T00:37:58+0200,ede4ebfd-4cb0-4b05-bc4d-04fd38aa5047,2026-08-06T05:00:00Z,2026-08-06T07:00:00+0200,4755.19045,MW,DE,DE_LU,forecast_solar_generation,Solar,2026-08-29T22:40:46Z
2026-08-29T22:37:58Z,2026-08-30T00:37:58+0200,ede4ebfd-4cb0-4b05-bc4d-04fd38aa5047,2026-08-06T05:15:00Z,2026-08-06T07:15:00+0200,6679.29239,MW,DE,DE_LU,forecast_solar_generation,Solar,2026-08-29T22:40:46Z
2026-08-29T22:37:58Z,2026-08-30T00:37:58+0200,ede4ebfd-4cb0-4b05-bc4d-04fd38aa5047,2026-08-06T05:30:00Z,2026-08-06T07:30:00+0200,8963.76305,MW,DE,DE_LU,forecast_solar_generation,Solar,2026-08-29T22:40:46Z
2026-08-29T22:37:58Z,2026-08-30T00:37:58+0200,ede4ebfd-4cb0-4b05-bc4d-04fd38aa5047,2026-08-06T05:45:00Z,2026-08-06T07:45:00+0200,11493.22906,MW,DE,DE_LU,forecast_solar_generation,Solar,2026-08-29T22:40:46Z
2026-08-29T22:37:58Z,2026-08-30T00:37:58+0200,ede4ebfd-4cb0-4b05-bc4d-04fd38aa5047,2026-08-06T06:00:00Z,2026-08-06T08:00:00+0200,14166.93345,MW,DE,DE_LU,forecast_solar_generation,Solar,2026-08-29T22:40:46Z
2026-08-29T22:37:58Z,2026-08-30T00:37:58+0200,ede4ebfd-4cb0-4b05-bc4d-04fd38aa5047,2026-08-06T06:15:00Z,2026-08-06T08:15:00+0200,17004.02878,MW,DE,DE_LU,forecast_solar_generation,Solar,2026-08-29T22:40:46Z
2026-08-29T22:37:58Z,2026-08-30T00:37:58+0200,ede4ebfd-4cb0-4b05-bc4d-04fd38aa5047,2026-08-06T06:30:00Z,2026-08-06T08:30:00+0200,19925.94954,MW,DE,DE_LU,forecast_solar_generation,Solar,2026-08-29T22:40:46Z
2026-08-29T22:37:58Z,2026-08-30T00:37:58+0200,ede4ebfd-4cb0-4b05-bc4d-04fd38aa5047,2026-08-06T06:45:00Z,2026-08-06T08:45:00+0200,22807.08775,MW,DE,DE_LU,forecast_solar_generation,Solar,2026-08-29T22:40:46Z
2026-08-29T22:37:58Z,2026-08-30T00:37:58+0200,ede4ebfd-4cb0-4b05-bc4d-04fd38aa5047,2026-08-06T07:00:00Z,2026-08-06T09:00:00+0200,25566.19071,MW,DE,DE_LU,forecast_solar_generation,Solar,2026-08-29T22:40:46Z
2026-08-29T22:37:58Z,2026-08-30T00:37:58+0200,ede4ebfd-4cb0-4b05-bc4d-04fd38aa5047,2026-08-06T07:15:00Z,2026-08-06T09:15:00+0200,28166.44402,MW,DE,DE_LU,forecast_solar_generation,Solar,2026-08-29T22:40:46Z
2026-08-29T22:37:58Z,2026-08-30T00:37:58+0200,ede4ebfd-4cb0-4b05-bc4d-04fd38aa5047,2026-08-06T07:30:00Z,2026-08-06T09:30:00+0200,30577.69109,MW,DE,DE_LU,forecast_solar_generation,Solar,2026-08-29T22:40:46Z
2026-08-29T22:37:58Z,2026-08-30T00:37:58+0200,ede4ebfd-4cb0-4b05-bc4d-04fd38aa5047,2026-08-06T07:45:00Z,2026-08-06T09:45:00+0200,32788.03691,MW,DE,DE_LU,forecast_solar_generation,Solar,2026-08-29T22:40:46Z
2026-08-29T22:37:58Z,2026-08-30T00:37:58+0200,ede4ebfd-4cb0-4b05-bc4d-04fd38aa5047,2026-08-06T08:00:00Z,2026-08-06T10:00:00+0200,34821.09302,MW,DE,DE_LU,forecast_solar_generation,Solar,2026-08-29T22:40:46Z
2026-08-29T22:37:58Z,2026-08-30T00:37:58+0200,ede4ebfd-4cb0-4b05-bc4d-04fd38aa5047,2026-08-06T08:15:00Z,2026-08-06T10:15:00+0200,36673.29265,MW,DE,DE_LU,forecast_solar_generation,Solar,2026-08-29T22:40:46Z
2026-08-29T22:37:58Z,2026-08-30T00:37:58+0200,ede4ebfd-4cb0-4b05-bc4d-04fd38aa5047,2026-08-06T08:30:00Z,2026-08-06T10:30:00+0200,38340.94577,MW,DE,DE_LU,forecast_solar_generation,Solar,2026-08-29T22:40:46Z
2026-08-29T22:37:58Z,2026-08-30T00:37:58+0200,ede4ebfd-4cb0-4b05-bc4d-04fd38aa5047,2026-08-06T08:45:00Z,2026-08-06T10:45:00+0200,39840.74132,MW,DE,DE_LU,forecast_solar_generation,Solar,2026-08-29T22:40:46Z
2026-08-29T22:37:58Z,2026-08-30T00:37:58+0200,ede4ebfd-4cb0-4b05-bc4d-04fd38aa5047,2026-08-06T09:00:00Z,2026-08-06T11:00:00+0200,41135.49583,MW,DE,DE_LU,forecast_solar_generation,Solar,2026-08-29T22:40:46Z
2026-08-29T22:37:58Z,2026-08-30T00:37:58+0200,ede4ebfd-4cb0-4b05-bc4d-04fd38aa5047,2026-08-06T09:15:00Z,2026-08-06T11:15:00+0200,42190.29636,MW,DE,DE_LU,forecast_solar_generation,Solar,2026-08-29T22:40:46Z
2026-08-29T22:37:58Z,2026-08-30T00:37:58+0200,ede4ebfd-4cb0-4b05-bc4d-04fd38aa5047,2026-08-06T09:30:00Z,2026-08-06T11:30:00+0200,43076.26654,MW,DE,DE_LU,forecast_solar_generation,Solar,2026-08-29T22:40:46Z
2026-08-29T22:37:58Z,2026-08-30T00:37:58+0200,ede4ebfd-4cb0-4b05-bc4d-04fd38aa5047,2026-08-06T09:45:00Z,2026-08-06T11:45:00+0200,43816.84043,MW,DE,DE_LU,forecast_solar_generation,Solar,2026-08-29T22:40:46Z
2026-08-29T22:37:58Z,2026-08-30T00:37:58+0200,ede4ebfd-4cb0-4b05-bc4d-04fd38aa5047,2026-08-06T10:00:00Z,2026-08-06T12:00:00+0200,44460.85443,MW,DE,DE_LU,forecast_solar_generation,Solar,2026-08-29T22:40:46Z
2026-08-29T22:37:58Z,2026-08-30T00:37:58+0200,ede4ebfd-4cb0-4b05-bc4d-04fd38aa5047,2026-08-06T10:15:00Z,2026-08-06T12:15:00+0200,44945.38374,MW,DE,DE_LU,forecast_solar_generation,Solar,2026-08-29T22:40:46Z
2026-08-29T22:37:58Z,2026-08-30T00:37:58+0200,ede4ebfd-4cb0-4b05-bc4d-04fd38aa5047,2026-08-06T10:30:00Z,2026-08-06T12:30:00+0200,45302.84516,MW,DE,DE_LU,forecast_solar_generation,Solar,2026-08-29T22:40:46Z
2026-08-29T22:37:58Z,2026-08-30T00:37:58+0200,ede4ebfd-4cb0-4b05-bc4d-04fd38aa5047,2026-08-06T10:45:00Z,2026-08-06T12:45:00+0200,45551.04603,MW,DE,DE_LU,forecast_solar_generation,Solar,2026-08-29T22:40:46Z
2026-08-29T22:37:58Z,2026-08-30T00:37:58+0200,ede4ebfd-4cb0-4b05-bc4d-04fd38aa5047,2026-08-06T11:00:00Z,2026-08-06T13:00:00+0200,45620.23861,MW,DE,DE_LU,forecast_solar_generation,Solar,2026-08-29T22:40:46Z
2026-08-29T22:37:58Z,2026-08-30T00:37:58+0200,ede4ebfd-4cb0-4b05-bc4d-04fd38aa5047,2026-08-06T11:15:00Z,2026-08-06T13:15:00+0200,45547.51599,MW,DE,DE_LU,forecast_solar_generation,Solar,2026-08-29T22:40:46Z
2026-08-29T22:37:58Z,2026-08-30T00:37:58+0200,ede4ebfd-4cb0-4b05-bc4d-04fd38aa5047,2026-08-06T11:30:00Z,2026-08-06T13:30:00+0200,45329.3696,MW,DE,DE_LU,forecast_solar_generation,Solar,2026-08-29T22:40:46Z
2026-08-29T22:37:58Z,2026-08-30T00:37:58+0200,ede4ebfd-4cb0-4b05-bc4d-04fd38aa5047,2026-08-06T11:45:00Z,2026-08-06T13:45:00+0200,45020.79124,MW,DE,DE_LU,forecast_solar_generation,Solar,2026-08-29T22:40:46Z
2026-08-29T22:37:58Z,2026-08-30T00:37:58+0200,ede4ebfd-4cb0-4b05-bc4d-04fd38aa5047,2026-08-06T12:00:00Z,2026-08-06T14:00:00+0200,44571.93168,MW,DE,DE_LU,forecast_solar_generation,Solar,2026-08-29T22:40:46Z
2026-08-29T22:37:58Z,2026-08-30T00:37:58+0200,ede4ebfd-4cb0-4b05-bc4d-04fd38aa5047,2026-08-06T12:15:00Z,2026-08-06T14:15:00+0200,43966.87789,MW,DE,DE_LU,forecast_solar_generation,Solar,2026-08-29T22:40:46Z
2026-08-29T22:37:58Z,2026-08-30T00:37:58+0200,ede4ebfd-4cb0-4b05-bc4d-04fd38aa5047,2026-08-06T12:30:00Z,2026-08-06T14:30:00+0200,43208.22933,MW,DE,DE_LU,forecast_solar_generation,Solar,2026-08-29T22:40:46Z
2026-08-29T22:37:58Z,2026-08-30T00:37:58+0200,ede4ebfd-4cb0-4b05-bc4d-04fd38aa5047,2026-08-06T12:45:00Z,2026-08-06T14:45:00+0200,42395.16354,MW,DE,DE_LU,forecast_solar_generation,Solar,2026-08-29T22:40:46Z
2026-08-29T22:37:58Z,2026-08-30T00:37:58+0200,ede4ebfd-4cb0-4b05-bc4d-04fd38aa5047,2026-08-06T13:00:00Z,2026-08-06T15:00:00+0200,41378.26988,MW,DE,DE_LU,forecast_solar_generation,Solar,2026-08-29T22:40:46Z
2026-08-29T22:37:58Z,2026-08-30T00:37:58+0200,ede4ebfd-4cb0-4b05-bc4d-04fd38aa5047,2026-08-06T13:15:00Z,2026-08-06T15:15:00+0200,40267.4365,MW,DE,DE_LU,forecast_solar_generation,Solar,2026-08-29T22:40:46Z
2026-08-29T22:37:58Z,2026-08-30T00:37:58+0200,ede4ebfd-4cb0-4b05-bc4d-04fd38aa5047,2026-08-06T13:30:00Z,2026-08-06T15:30:00+0200,39005.08504,MW,DE,DE_LU,forecast_solar_generation,Solar,2026-08-29T22:40:46Z
2026-08-29T22:37:58Z,2026-08-30T00:37:58+0200,ede4ebfd-4cb0-4b05-bc4d-04fd38aa5047,2026-08-06T13:45:00Z,2026-08-06T15:45:00+0200,37567.14389,MW,DE,DE_LU,forecast_solar_generation,Solar,2026-08-29T22:40:46Z
2026-08-29T22:37:58Z,2026-08-30T00:37:58+0200,ede4ebfd-4cb0-4b05-bc4d-04fd38aa5047,2026-08-06T14:00:00Z,2026-08-06T16:00:00+0200,35963.11054,MW,DE,DE_LU,forecast_solar_generation,Solar,2026-08-29T22:40:46Z
2026-08-29T22:37:58Z,2026-08-30T00:37:58+0200,ede4ebfd-4cb0-4b05-bc4d-04fd38aa5047,2026-08-06T14:15:00Z,2026-08-06T16:15:00+0200,34200.75821,MW,DE,DE_LU,forecast_solar_generation,Solar,2026-08-29T22:40:46Z
2026-08-29T22:37:58Z,2026-08-30T00:37:58+0200,ede4ebfd-4cb0-4b05-bc4d-04fd38aa5047,2026-08-06T14:30:00Z,2026-08-06T16:30:00+0200,32312.43235,MW,DE,DE_LU,forecast_solar_generation,Solar,2026-08-29T22:40:46Z
2026-08-29T22:37:58Z,2026-08-30T00:37:58+0200,ede4ebfd-4cb0-4b05-bc4d-04fd38aa5047,2026-08-06T14:45:00Z,2026-08-06T16:45:00+0200,30270.06599,MW,DE,DE_LU,forecast_solar_generation,Solar,2026-08-29T22:40:46Z
2026-08-29T22:37:58Z,2026-08-30T00:37:58+0200,ede4ebfd-4cb0-4b05-bc4d-04fd38aa5047,2026-08-06T15:00:00Z,2026-08-06T17:00:00+0200,28068.80376,MW,DE,DE_LU,forecast_solar_generation,Solar,2026-08-29T22:40:46Z
2026-08-29T22:37:58Z,2026-08-30T00:37:58+0200,ede4ebfd-4cb0-4b05-bc4d-04fd38aa5047,2026-08-06T15:15:00Z,2026-08-06T17:15:00+0200,25776.26549,MW,DE,DE_LU,forecast_solar_generation,Solar,2026-08-29T22:40:46Z
2026-08-29T22:37:58Z,2026-08-30T00:37:58+0200,ede4ebfd-4cb0-4b05-bc4d-04fd38aa5047,2026-08-06T15:30:00Z,2026-08-06T17:30:00+0200,23419.82929,MW,DE,DE_LU,forecast_solar_generation,Solar,2026-08-29T22:40:46Z
2026-08-29T22:37:58Z,2026-08-30T00:37:58+0200,ede4ebfd-4cb0-4b05-bc4d-04fd38aa5047,2026-08-06T15:45:00Z,2026-08-06T17:45:00+0200,21010.11719,MW,DE,DE_LU,forecast_solar_generation,Solar,2026-08-29T22:40:46Z
2026-08-29T22:37:58Z,2026-08-30T00:37:58+0200,ede4ebfd-4cb0-4b05-bc4d-04fd38aa5047,2026-08-06T16:00:00Z,2026-08-06T18:00:00+0200,18495.1546,MW,DE,DE_LU,forecast_solar_generation,Solar,2026-08-29T22:40:46Z
2026-08-29T22:37:58Z,2026-08-30T00:37:58+0200,ede4ebfd-4cb0-4b05-bc4d-04fd38aa5047,2026-08-06T16:15:00Z,2026-08-06T18:15:00+0200,15944.97204,MW,DE,DE_LU,forecast_solar_generation,Solar,2026-08-29T22:40:46Z
2026-08-29T22:37:58Z,2026-08-30T00:37:58+0200,ede4ebfd-4cb0-4b05-bc4d-04fd38aa5047,2026-08-06T16:30:00Z,2026-08-06T18:30:00+0200,13403.02951,MW,DE,DE_LU,forecast_solar_generation,Solar,2026-08-29T22:40:46Z
2026-08-29T22:37:58Z,2026-08-30T00:37:58+0200,ede4ebfd-4cb0-4b05-bc4d-04fd38aa5047,2026-08-06T16:45:00Z,2026-08-06T18:45:00+0200,10957.98569,MW,DE,DE_LU,forecast_solar_generation,Solar,2026-08-29T22:40:46Z
2026-08-29T22:37:58Z,2026-08-30T00:37:58+0200,ede4ebfd-4cb0-4b05-bc4d-04fd38aa5047,2026-08-06T17:00:00Z,2026-08-06T19:00:00+0200,8670.85507,MW,DE,DE_LU,forecast_solar_generation,Solar,2026-08-29T22:40:46Z
2026-08-29T22:37:58Z,2026-08-30T00:37:58+0200,ede4ebfd-4cb0-4b05-bc4d-04fd38aa5047,2026-08-06T17:15:00Z,2026-08-06T19:15:00+0200,6555.45503,MW,DE,DE_LU,forecast_solar_generation,Solar,2026-08-29T22:40:46Z
2026-08-29T22:37:58Z,2026-08-30T00:37:58+0200,ede4ebfd-4cb0-4b05-bc4d-04fd38aa5047,2026-08-06T17:30:00Z,2026-08-06T19:30:00+0200,4716.57799,MW,DE,DE_LU,forecast_solar_generation,Solar,2026-08-29T22:40:46Z
2026-08-29T22:37:58Z,2026-08-30T00:37:58+0200,ede4ebfd-4cb0-4b05-bc4d-04fd38aa5047,2026-08-06T17:45:00Z,2026-08-06T19:45:00+0200,3230.67878,MW,DE,DE_LU,forecast_solar_generation,Solar,2026-08-29T22:40:46Z
2026-08-29T22:37:58Z,2026-08-30T00:37:58+0200,ede4ebfd-4cb0-4b05-bc4d-04fd38aa5047,2026-08-06T18:00:00Z,2026-08-06T20:00:00+0200,2066.427,MW,DE,DE_LU,forecast_solar_generation,Solar,2026-08-29T22:40:46Z
2026-08-29T22:37:58Z,2026-08-30T00:37:58+0200,ede4ebfd-4cb0-4b05-bc4d-04fd38aa5047,2026-08-06T18:15:00Z,2026-08-06T20:15:00+0200,1182.47354,MW,DE,DE_LU,forecast_solar_generation,Solar,2026-08-29T22:40:46Z
2026-08-29T22:37:58Z,2026-08-30T00:37:58+0200,ede4ebfd-4cb0-4b05-bc4d-04fd38aa5047,2026-08-06T18:30:00Z,2026-08-06T20:30:00+0200,556.69793,MW,DE,DE_LU,forecast_solar_generation,Solar,2026-08-29T22:40:46Z
2026-08-29T22:37:58Z,2026-08-30T00:37:58+0200,ede4ebfd-4cb0-4b05-bc4d-04fd38aa5047,2026-08-06T18:45:00Z,2026-08-06T20:45:00+0200,191.89809,MW,DE,DE_LU,forecast_solar_generation,Solar,2026-08-29T22:40:46Z
2026-08-29T22:37:58Z,2026-08-30T00:37:58+0200,ede4ebfd-4cb0-4b05-bc4d-04fd38aa5047,2026-08-06T19:00:00Z,2026-08-06T21:00:00+0200,43.39493,MW,DE,DE_LU,forecast_solar_generation,Solar,2026-08-29T22:40:46Z
2026-08-29T22:37:58Z,2026-08-30T00:37:58+0200,ede4ebfd-4cb0-4b05-bc4d-04fd38aa5047,2026-08-06T19:15:00Z,2026-08-06T21:15:00+0200,12.37772,MW,DE,DE_LU,forecast_solar_generation,Solar,2026-08-29T22:40:46Z
2026-08-29T22:37:58Z,2026-08-30T00:37:58+0200,ede4ebfd-4cb0-4b05-bc4d-04fd38aa5047,2026-08-06T19:30:00Z,2026-08-06T21:30:00+0200,0.0,MW,DE,DE_LU,forecast_solar_generation,Solar,2026-08-29T22:40:46Z
2026-08-29T22:37:58Z,2026-08-30T00:37:58+0200,ede4ebfd-4cb0-4b05-bc4d-04fd38aa5047,2026-08-06T19:45:00Z,2026-08-06T21:45:00+0200,0.0,MW,DE,DE_LU,forecast_solar_generation,Solar,2026-08-29T22:40:46Z
2026-08-29T22:37:58Z,2026-08-30T00:37:58+0200,ede4ebfd-4cb0-4b05-bc4d-04fd38aa5047,2026-08-06T20:00:00Z,2026-08-06T22:00:00+0200,0.0,MW,DE,DE_LU,forecast_solar_generation,Solar,2026-08-29T22:40:46Z
2026-08-29T22:37:58Z,2026-08-30T00:37:58+0200,ede4ebfd-4cb0-4b05-bc4d-04fd38aa5047,2026-08-06T20:15:00Z,2026-08-06T22:15:00+0200,0.0,MW,DE,DE_LU,forecast_solar_generation,Solar,2026-08-29T22:40:46Z
2026-08-29T22:37:58Z,2026-08-30T00:37:58+0200,ede4ebfd-4cb0-4b05-bc4d-04fd38aa5047,2026-08-06T20:30:00Z,2026-08-06T22:30:00+0200,0.0,MW,DE,DE_LU,forecast_solar_generation,Solar,2026-08-29T22:40:46Z
2026-08-29T22:37:58Z,2026-08-30T00:37:58+0200,ede4ebfd-4cb0-4b05-bc4d-04fd38aa5047,2026-08-06T20:45:00Z,2026-08-06T22:45:00+0200,0.0,MW,DE,DE_LU,forecast_solar_generation,Solar,2026-08-29T22:40:46Z
2026-08-29T22:37:58Z,2026-08-30T00:37:58+0200,ede4ebfd-4cb0-4b05-bc4d-04fd38aa5047,2026-08-06T21:00:00Z,2026-08-06T23:00:00+0200,0.0,MW,DE,DE_LU,forecast_solar_generation,Solar,2026-08-29T22:40:46Z
2026-08-29T22:37:58Z,2026-08-30T00:37:58+0200,ede4ebfd-4cb0-4b05-bc4d-04fd38aa5047,2026-08-06T21:15:00Z,2026-08-06T23:15:00+0200,0.0,MW,DE,DE_LU,forecast_solar_generation,Solar,2026-08-29T22:40:46Z
2026-08-29T22:37:58Z,2026-08-30T00:37:58+0200,ede4ebfd-4cb0-4b05-bc4d-04fd38aa5047,2026-08-06T21:30:00Z,2026-08-06T23:30:00+0200,0.0,MW,DE,DE_LU,forecast_solar_generation,Solar,2026-08-29T22:40:46Z
2026-08-29T22:37:58Z,2026-08-30T00:37:58+0200,ede4ebfd-4cb0-4b05-bc4d-04fd38aa5047,2026-08-06T21:45:00Z,2026-08-06T23:45:00+0200,0.0,MW,DE,DE_LU,forecast_solar_generation,Solar,2026-08-29T22:40:46Z
2026-08-29T22:37:58Z,2026-08-30T00:37:58+0200,ede4ebfd-4cb0-4b05-bc4d-04fd38aa5047,2026-08-06T22:00:00Z,2026-08-07T00:00:00+0200,0.0,MW,DE,DE_LU,forecast_solar_generation,Solar,2026-08-29T22:40:46Z
2026-08-29T22:37:58Z,2026-08-30T00:37:58+0200,ede4ebfd-4cb0-4b05-bc4d-04fd38aa5047,2026-08-06T22:15:00Z,2026-08-07T00:15:00+0200,0.0,MW,DE,DE_LU,forecast_solar_generation,Solar,2026-08-29T22:40:46Z
2026-08-29T22:37:58Z,2026-08-30T00:37:58+0200,ede4ebfd-4cb0-4b05-bc4d-04fd38aa5047,2026-08-06T22:30:00Z,2026-08-07T00:30:00+0200,0.0,MW,DE,DE_LU,forecast_solar_generation,Solar,2026-08-29T22:40:46Z
2026-08-29T22:37:58Z,2026-08-30T00:37:58+0200,ede4ebfd-4cb0-4b05-bc4d-04fd38aa5047,2026-08-06T22:45:00Z,2026-08-07T00:45:00+0200,0.0,MW,DE,DE_LU,forecast_solar_generation,Solar,2026-08-29T22:40:46Z
2026-08-29T22:37:58Z,2026-08-30T00:37:58+0200,ede4ebfd-4cb0-4b05-bc4d-04fd38aa5047,2026-08-06T23:00:00Z,2026-08-07T01:00:00+0200,0.0,MW,DE,DE_LU,forecast_solar_generation,Solar,2026-08-29T22:40:46Z
2026-08-29T22:37:58Z,2026-08-30T00:37:58+0200,ede4ebfd-4cb0-4b05-bc4d-04fd38aa5047,2026-08-06T23:15:00Z,2026-08-07T01:15:00+0200,0.0,MW,DE,DE_LU,forecast_solar_generation,Solar,2026-08-29T22:40:46Z
2026-08-29T22:37:58Z,2026-08-30T00:37:58+0200,ede4ebfd-4cb0-4b05-bc4d-04fd38aa5047,2026-08-06T23:30:00Z,2026-08-07T01:30:00+0200,0.0,MW,DE,DE_LU,forecast_solar_generation,Solar,2026-08-29T22:40:46Z
2026-08-29T22:37:58Z,2026-08-30T00:37:58+0200,ede4ebfd-4cb0-4b05-bc4d-04fd38aa5047,2026-08-06T23:45:00Z,2026-08-07T01:45:00+0200,0.0,MW,DE,DE_LU,forecast_solar_generation,Solar,2026-08-29T22:40:46Z
2026-08-29T22:37:58Z,2026-08-30T00:37:58+0200,ede4ebfd-4cb0-4b05-bc4d-04fd38aa5047,2026-08-07T00:00:00Z,2026-08-07T02:00:00+0200,0.0,MW,DE,DE_LU,forecast_solar_generation,Solar,2026-08-29T22:40:46Z
2026-08-29T22:37:58Z,2026-08-30T00:37:58+0200,ede4ebfd-4cb0-4b05-bc4d-04fd38aa5047,2026-08-07T00:15:00Z,2026-08-07T02:15:00+0200,0.0,MW,DE,DE_LU,forecast_solar_generation,Solar,2026-08-29T22:40:46Z
2026-08-29T22:37:58Z,2026-08-30T00:37:58+0200,ede4ebfd-4cb0-4b05-bc4d-04fd38aa5047,2026-08-07T00:30:00Z,2026-08-07T02:30:00+0200,0.0,MW,DE,DE_LU,forecast_solar_generation,Solar,2026-08-29T22:40:46Z
2026-08-29T22:37:58Z,2026-08-30T00:37:58+0200,ede4ebfd-4cb0-4b05-bc4d-04fd38aa5047,2026-08-07T00:45:00Z,2026-08-07T02:45:00+0200,0.0,MW,DE,DE_LU,forecast_solar_generation,Solar,2026-08-29T22:40:46Z
2026-08-29T22:37:58Z,2026-08-30T00:37:58+0200,ede4ebfd-4cb0-4b05-bc4d-04fd38aa5047,2026-08-07T01:00:00Z,2026-08-07T03:00:00+0200,0.0,MW,DE,DE_LU,forecast_solar_generation,Solar,2026-08-29T22:40:46Z
2026-08-29T22:37:58Z,2026-08-30T00:37:58+0200,ede4ebfd-4cb0-4b05-bc4d-04fd38aa5047,2026-08-07T01:15:00Z,2026-08-07T03:15:00+0200,0.0,MW,DE,DE_LU,forecast_solar_generation,Solar,2026-08-29T22:40:46Z
2026-08-29T22:37:58Z,2026-08-30T00:37:58+0200,ede4ebfd-4cb0-4b05-bc4d-04fd38aa5047,2026-08-07T01:30:00Z,2026-08-07T03:30:00+0200,0.0,MW,DE,DE_LU,forecast_solar_generation,Solar,2026-08-29T22:40:46Z
2026-08-29T22:37:58Z,2026-08-30T00:37:58+0200,ede4ebfd-4cb0-4b05-bc4d-04fd38aa5047,2026-08-07T01:45:00Z,2026-08-07T03:45:00+0200,0.0,MW,DE,DE_LU,forecast_solar_generation,Solar,2026-08-29T22:40:46Z
2026-08-29T22:37:58Z,2026-08-30T00:37:58+0200,ede4ebfd-4cb0-4b05-bc4d-04fd38aa5047,2026-08-07T02:00:00Z,2026-08-07T04:00:00+0200,0.0,MW,DE,DE_LU,forecast_solar_generation,Solar,2026-08-29T22:40:46Z
2026-08-29T22:37:58Z,2026-08-30T00:37:58+0200,ede4ebfd-4cb0-4b05-bc4d-04fd38aa5047,2026-08-07T02:15:00Z,2026-08-07T04:15:00+0200,0.0,MW,DE,DE_LU,forecast_solar_generation,Solar,2026-08-29T22:40:46Z
2026-08-29T22:37:58Z,2026-08-30T00:37:58+0200,ede4ebfd-4cb0-4b05-bc4d-04fd38aa5047,2026-08-07T02:30:00Z,2026-08-07T04:30:00+0200,0.0,MW,DE,DE_LU,forecast_solar_generation,Solar,2026-08-29T22:40:46Z
2026-08-29T22:37:58Z,2026-08-30T00:37:58+0200,ede4ebfd-4cb0-4b05-bc4d-04fd38aa5047,2026-08-07T02:45:00Z,2026-08-07T04:45:00+0200,0.0,MW,DE,DE_LU,forecast_solar_generation,Solar,2026-08-29T22:40:46Z
2026-08-29T22:37:58Z,2026-08-30T00:37:58+0200,ede4ebfd-4cb0-4b05-bc4d-04fd38aa5047,2026-08-07T03:00:00Z,2026-08-07T05:00:00+0200,0.0,MW,DE,DE_LU,forecast_solar_generation,Solar,2026-08-29T22:40:46Z
2026-08-29T22:37:58Z,2026-08-30T00:37:58+0200,ede4ebfd-4cb0-4b05-bc4d-04fd38aa5047,2026-08-07T03:15:00Z,2026-08-07T05:15:00+0200,0.0,MW,DE,DE_LU,forecast_solar_generation,Solar,2026-08-29T22:40:46Z
2026-08-29T22:37:58Z,2026-08-30T00:37:58+0200,ede4ebfd-4cb0-4b05-bc4d-04fd38aa5047,2026-08-07T03:30:00Z,2026-08-07T05:30:00+0200,14.82725,MW,DE,DE_LU,forecast_solar_generation,Solar,2026-08-29T22:40:46Z
2026-08-29T22:37:58Z,2026-08-30T00:37:58+0200,ede4ebfd-4cb0-4b05-bc4d-04fd38aa5047,2026-08-07T03:45:00Z,2026-08-07T05:45:00+0200,104.76337,MW,DE,DE_LU,forecast_solar_generation,Solar,2026-08-29T22:40:46Z
2026-08-29T22:37:58Z,2026-08-30T00:37:58+0200,ede4ebfd-4cb0-4b05-bc4d-04fd38aa5047,2026-08-07T04:00:00Z,2026-08-07T06:00:00+0200,501.26333,MW,DE,DE_LU,forecast_solar_generation,Solar,2026-08-29T22:40:46Z
2026-08-29T22:37:58Z,2026-08-30T00:37:58+0200,ede4ebfd-4cb0-4b05-bc4d-04fd38aa5047,2026-08-07T04:15:00Z,2026-08-07T06:15:00+0200,1211.66768,MW,DE,DE_LU,forecast_solar_generation,Solar,2026-08-29T22:40:46Z
2026-08-29T22:37:58Z,2026-08-30T00:37:58+0200,ede4ebfd-4cb0-4b05-bc4d-04fd38aa5047,2026-08-07T04:30:00Z,2026-08-07T06:30:00+0200,2205.0828,MW,DE,DE_LU,forecast_solar_generation,Solar,2026-08-29T22:40:46Z
2026-08-29T22:37:58Z,2026-08-30T00:37:58+0200,ede4ebfd-4cb0-4b05-bc4d-04fd38aa5047,2026-08-07T04:45:00Z,2026-08-07T06:45:00+0200,3457.65174,MW,DE,DE_LU,forecast_solar_generation,Solar,2026-08-29T22:40:46Z
2026-08-29T22:37:58Z,2026-08-30T00:37:58+0200,ede4ebfd-4cb0-4b05-bc4d-04fd38aa5047,2026-08-07T05:00:00Z,2026-08-07T07:00:00+0200,5084.36832,MW,DE,DE_LU,forecast_solar_generation,Solar,2026-08-29T22:40:46Z
2026-08-29T22:37:58Z,2026-08-30T00:37:58+0200,ede4ebfd-4cb0-4b05-bc4d-04fd38aa5047,2026-08-07T05:15:00Z,2026-08-07T07:15:00+0200,7199.94879,MW,DE,DE_LU,forecast_solar_generation,Solar,2026-08-29T22:40:46Z
2026-08-29T22:37:58Z,2026-08-30T00:37:58+0200,ede4ebfd-4cb0-4b05-bc4d-04fd38aa5047,2026-08-07T05:30:00Z,2026-08-07T07:30:00+0200,9730.46652,MW,DE,DE_LU,forecast_solar_generation,Solar,2026-08-29T22:40:46Z
2026-08-29T22:37:58Z,2026-08-30T00:37:58+0200,ede4ebfd-4cb0-4b05-bc4d-04fd38aa5047,2026-08-07T05:45:00Z,2026-08-07T07:45:00+0200,12524.52316,MW,DE,DE_LU,forecast_solar_generation,Solar,2026-08-29T22:40:46Z
2026-08-29T22:37:58Z,2026-08-30T00:37:58+0200,ede4ebfd-4cb0-4b05-bc4d-04fd38aa5047,2026-08-07T06:00:00Z,2026-08-07T08:00:00+0200,15436.40604,MW,DE,DE_LU,forecast_solar_generation,Solar,2026-08-29T22:40:46Z
2026-08-29T22:37:58Z,2026-08-30T00:37:58+0200,ede4ebfd-4cb0-4b05-bc4d-04fd38aa5047,2026-08-07T06:15:00Z,2026-08-07T08:15:00+0200,18487.80654,MW,DE,DE_LU,forecast_solar_generation,Solar,2026-08-29T22:40:46Z
2026-08-29T22:37:58Z,2026-08-30T00:37:58+0200,ede4ebfd-4cb0-4b05-bc4d-04fd38aa5047,2026-08-07T06:30:00Z,2026-08-07T08:30:00+0200,21608.18153,MW,DE,DE_LU,forecast_solar_generation,Solar,2026-08-29T22:40:46Z
2026-08-29T22:37:58Z,2026-08-30T00:37:58+0200,ede4ebfd-4cb0-4b05-bc4d-04fd38aa5047,2026-08-07T06:45:00Z,2026-08-07T08:45:00+0200,24655.22348,MW,DE,DE_LU,forecast_solar_generation,Solar,2026-08-29T22:40:46Z
2026-08-29T22:37:58Z,2026-08-30T00:37:58+0200,ede4ebfd-4cb0-4b05-bc4d-04fd38aa5047,2026-08-07T07:00:00Z,2026-08-07T09:00:00+0200,27577.61473,MW,DE,DE_LU,forecast_solar_generation,Solar,2026-08-29T22:40:46Z
2026-08-29T22:37:58Z,2026-08-30T00:37:58+0200,ede4ebfd-4cb0-4b05-bc4d-04fd38aa5047,2026-08-07T07:15:00Z,2026-08-07T09:15:00+0200,30355.3843,MW,DE,DE_LU,forecast_solar_generation,Solar,2026-08-29T22:40:46Z
2026-08-29T22:37:58Z,2026-08-30T00:37:58+0200,ede4ebfd-4cb0-4b05-bc4d-04fd38aa5047,2026-08-07T07:30:00Z,2026-08-07T09:30:00+0200,32930.67564,MW,DE,DE_LU,forecast_solar_generation,Solar,2026-08-29T22:40:46Z
2026-08-29T22:37:58Z,2026-08-30T00:37:58+0200,ede4ebfd-4cb0-4b05-bc4d-04fd38aa5047,2026-08-07T07:45:00Z,2026-08-07T09:45:00+0200,35262.41665,MW,DE,DE_LU,forecast_solar_generation,Solar,2026-08-29T22:40:46Z
2026-08-29T22:37:58Z,2026-08-30T00:37:58+0200,ede4ebfd-4cb0-4b05-bc4d-04fd38aa5047,2026-08-07T08:00:00Z,2026-08-07T10:00:00+0200,37383.87189,MW,DE,DE_LU,forecast_solar_generation,Solar,2026-08-29T22:40:46Z
2026-08-29T22:37:58Z,2026-08-30T00:37:58+0200,ede4ebfd-4cb0-4b05-bc4d-04fd38aa5047,2026-08-07T08:15:00Z,2026-08-07T10:15:00+0200,39306.98729,MW,DE,DE_LU,forecast_solar_generation,Solar,2026-08-29T22:40:46Z
2026-08-29T22:37:58Z,2026-08-30T00:37:58+0200,ede4ebfd-4cb0-4b05-bc4d-04fd38aa5047,2026-08-07T08:30:00Z,2026-08-07T10:30:00+0200,41022.29825,MW,DE,DE_LU,forecast_solar_generation,Solar,2026-08-29T22:40:46Z
2026-08-29T22:37:58Z,2026-08-30T00:37:58+0200,ede4ebfd-4cb0-4b05-bc4d-04fd38aa5047,2026-08-07T08:45:00Z,2026-08-07T10:45:00+0200,42567.7787,MW,DE,DE_LU,forecast_solar_generation,Solar,2026-08-29T22:40:46Z
2026-08-29T22:37:58Z,2026-08-30T00:37:58+0200,ede4ebfd-4cb0-4b05-bc4d-04fd38aa5047,2026-08-07T09:00:00Z,2026-08-07T11:00:00+0200,43887.50341,MW,DE,DE_LU,forecast_solar_generation,Solar,2026-08-29T22:40:46Z
2026-08-29T22:37:58Z,2026-08-30T00:37:58+0200,ede4ebfd-4cb0-4b05-bc4d-04fd38aa5047,2026-08-07T09:15:00Z,2026-08-07T11:15:00+0200,45016.54503,MW,DE,DE_LU,forecast_solar_generation,Solar,2026-08-29T22:40:46Z
2026-08-29T22:37:58Z,2026-08-30T00:37:58+0200,ede4ebfd-4cb0-4b05-bc4d-04fd38aa5047,2026-08-07T09:30:00Z,2026-08-07T11:30:00+0200,45919.79794,MW,DE,DE_LU,forecast_solar_generation,Solar,2026-08-29T22:40:46Z
2026-08-29T22:37:58Z,2026-08-30T00:37:58+0200,ede4ebfd-4cb0-4b05-bc4d-04fd38aa5047,2026-08-07T09:45:00Z,2026-08-07T11:45:00+0200,46646.17726,MW,DE,DE_LU,forecast_solar_generation,Solar,2026-08-29T22:40:46Z
2026-08-29T22:37:58Z,2026-08-30T00:37:58+0200,ede4ebfd-4cb0-4b05-bc4d-04fd38aa5047,2026-08-07T10:00:00Z,2026-08-07T12:00:00+0200,47232.64555,MW,DE,DE_LU,forecast_solar_generation,Solar,2026-08-29T22:40:46Z
2026-08-29T22:37:58Z,2026-08-30T00:37:58+0200,ede4ebfd-4cb0-4b05-bc4d-04fd38aa5047,2026-08-07T10:15:00Z,2026-08-07T12:15:00+0200,47632.40695,MW,DE,DE_LU,forecast_solar_generation,Solar,2026-08-29T22:40:46Z
2026-08-29T22:37:58Z,2026-08-30T00:37:58+0200,ede4ebfd-4cb0-4b05-bc4d-04fd38aa5047,2026-08-07T10:30:00Z,2026-08-07T12:30:00+0200,47888.84167,MW,DE,DE_LU,forecast_solar_generation,Solar,2026-08-29T22:40:46Z
2026-08-29T22:37:58Z,2026-08-30T00:37:58+0200,ede4ebfd-4cb0-4b05-bc4d-04fd38aa5047,2026-08-07T10:45:00Z,2026-08-07T12:45:00+0200,48046.65585,MW,DE,DE_LU,forecast_solar_generation,Solar,2026-08-29T22:40:46Z
2026-08-29T22:37:58Z,2026-08-30T00:37:58+0200,ede4ebfd-4cb0-4b05-bc4d-04fd38aa5047,2026-08-07T11:00:00Z,2026-08-07T13:00:00+0200,48062.81489,MW,DE,DE_LU,forecast_solar_generation,Solar,2026-08-29T22:40:46Z
2026-08-29T22:37:58Z,2026-08-30T00:37:58+0200,ede4ebfd-4cb0-4b05-bc4d-04fd38aa5047,2026-08-07T11:15:00Z,2026-08-07T13:15:00+0200,47952.58045,MW,DE,DE_LU,forecast_solar_generation,Solar,2026-08-29T22:40:46Z
2026-08-29T22:37:58Z,2026-08-30T00:37:58+0200,ede4ebfd-4cb0-4b05-bc4d-04fd38aa5047,2026-08-07T11:30:00Z,2026-08-07T13:30:00+0200,47739.15962,MW,DE,DE_LU,forecast_solar_generation,Solar,2026-08-29T22:40:46Z
2026-08-29T22:37:58Z,2026-08-30T00:37:58+0200,ede4ebfd-4cb0-4b05-bc4d-04fd38aa5047,2026-08-07T11:45:00Z,2026-08-07T13:45:00+0200,47434.75324,MW,DE,DE_LU,forecast_solar_generation,Solar,2026-08-29T22:40:46Z
2026-08-29T22:37:58Z,2026-08-30T00:37:58+0200,ede4ebfd-4cb0-4b05-bc4d-04fd38aa5047,2026-08-07T12:00:00Z,2026-08-07T14:00:00+0200,46949.48853,MW,DE,DE_LU,forecast_solar_generation,Solar,2026-08-29T22:40:46Z
2026-08-29T22:37:58Z,2026-08-30T00:37:58+0200,ede4ebfd-4cb0-4b05-bc4d-04fd38aa5047,2026-08-07T12:15:00Z,2026-08-07T14:15:00+0200,46293.2227,MW,DE,DE_LU,forecast_solar_generation,Solar,2026-08-29T22:40:46Z
2026-08-29T22:37:58Z,2026-08-30T00:37:58+0200,ede4ebfd-4cb0-4b05-bc4d-04fd38aa5047,2026-08-07T12:30:00Z,2026-08-07T14:30:00+0200,45488.73898,MW,DE,DE_LU,forecast_solar_generation,Solar,2026-08-29T22:40:46Z
2026-08-29T22:37:58Z,2026-08-30T00:37:58+0200,ede4ebfd-4cb0-4b05-bc4d-04fd38aa5047,2026-08-07T12:45:00Z,2026-08-07T14:45:00+0200,44567.82756,MW,DE,DE_LU,forecast_solar_generation,Solar,2026-08-29T22:40:46Z
2026-08-29T22:37:58Z,2026-08-30T00:37:58+0200,ede4ebfd-4cb0-4b05-bc4d-04fd38aa5047,2026-08-07T13:00:00Z,2026-08-07T15:00:00+0200,43490.11379,MW,DE,DE_LU,forecast_solar_generation,Solar,2026-08-29T22:40:46Z
2026-08-29T22:37:58Z,2026-08-30T00:37:58+0200,ede4ebfd-4cb0-4b05-bc4d-04fd38aa5047,2026-08-07T13:15:00Z,2026-08-07T15:15:00+0200,42324.1986,MW,DE,DE_LU,forecast_solar_generation,Solar,2026-08-29T22:40:46Z
2026-08-29T22:37:58Z,2026-08-30T00:37:58+0200,ede4ebfd-4cb0-4b05-bc4d-04fd38aa5047,2026-08-07T13:30:00Z,2026-08-07T15:30:00+0200,41033.69611,MW,DE,DE_LU,forecast_solar_generation,Solar,2026-08-29T22:40:46Z
2026-08-29T22:37:58Z,2026-08-30T00:37:58+0200,ede4ebfd-4cb0-4b05-bc4d-04fd38aa5047,2026-08-07T13:45:00Z,2026-08-07T15:45:00+0200,39600.57577,MW,DE,DE_LU,forecast_solar_generation,Solar,2026-08-29T22:40:46Z
2026-08-29T22:37:58Z,2026-08-30T00:37:58+0200,ede4ebfd-4cb0-4b05-bc4d-04fd38aa5047,2026-08-07T14:00:00Z,2026-08-07T16:00:00+0200,38010.99541,MW,DE,DE_LU,forecast_solar_generation,Solar,2026-08-29T22:40:46Z
2026-08-29T22:37:58Z,2026-08-30T00:37:58+0200,ede4ebfd-4cb0-4b05-bc4d-04fd38aa5047,2026-08-07T14:15:00Z,2026-08-07T16:15:00+0200,36199.34901,MW,DE,DE_LU,forecast_solar_generation,Solar,2026-08-29T22:40:46Z
2026-08-29T22:37:58Z,2026-08-30T00:37:58+0200,ede4ebfd-4cb0-4b05-bc4d-04fd38aa5047,2026-08-07T14:30:00Z,2026-08-07T16:30:00+0200,34235.24914,MW,DE,DE_LU,forecast_solar_generation,Solar,2026-08-29T22:40:46Z
2026-08-29T22:37:58Z,2026-08-30T00:37:58+0200,ede4ebfd-4cb0-4b05-bc4d-04fd38aa5047,2026-08-07T14:45:00Z,2026-08-07T16:45:00+0200,32114.7029,MW,DE,DE_LU,forecast_solar_generation,Solar,2026-08-29T22:40:46Z
2026-08-29T22:37:58Z,2026-08-30T00:37:58+0200,ede4ebfd-4cb0-4b05-bc4d-04fd38aa5047,2026-08-07T15:00:00Z,2026-08-07T17:00:00+0200,29859.93533,MW,DE,DE_LU,forecast_solar_generation,Solar,2026-08-29T22:40:46Z
2026-08-29T22:37:58Z,2026-08-30T00:37:58+0200,ede4ebfd-4cb0-4b05-bc4d-04fd38aa5047,2026-08-07T15:15:00Z,2026-08-07T17:15:00+0200,27476.89315,MW,DE,DE_LU,forecast_solar_generation,Solar,2026-08-29T22:40:46Z
2026-08-29T22:37:58Z,2026-08-30T00:37:58+0200,ede4ebfd-4cb0-4b05-bc4d-04fd38aa5047,2026-08-07T15:30:00Z,2026-08-07T17:30:00+0200,24994.52284,MW,DE,DE_LU,forecast_solar_generation,Solar,2026-08-29T22:40:46Z
2026-08-29T22:37:58Z,2026-08-30T00:37:58+0200,ede4ebfd-4cb0-4b05-bc4d-04fd38aa5047,2026-08-07T15:45:00Z,2026-08-07T17:45:00+0200,22431.05998,MW,DE,DE_LU,forecast_solar_generation,Solar,2026-08-29T22:40:46Z
2026-08-29T22:37:58Z,2026-08-30T00:37:58+0200,ede4ebfd-4cb0-4b05-bc4d-04fd38aa5047,2026-08-07T16:00:00Z,2026-08-07T18:00:00+0200,19750.59687,MW,DE,DE_LU,forecast_solar_generation,Solar,2026-08-29T22:40:46Z
2026-08-29T22:37:58Z,2026-08-30T00:37:58+0200,ede4ebfd-4cb0-4b05-bc4d-04fd38aa5047,2026-08-07T16:15:00Z,2026-08-07T18:15:00+0200,16978.12732,MW,DE,DE_LU,forecast_solar_generation,Solar,2026-08-29T22:40:46Z
2026-08-29T22:37:58Z,2026-08-30T00:37:58+0200,ede4ebfd-4cb0-4b05-bc4d-04fd38aa5047,2026-08-07T16:30:00Z,2026-08-07T18:30:00+0200,14197.76862,MW,DE,DE_LU,forecast_solar_generation,Solar,2026-08-29T22:40:46Z
2026-08-29T22:37:58Z,2026-08-30T00:37:58+0200,ede4ebfd-4cb0-4b05-bc4d-04fd38aa5047,2026-08-07T16:45:00Z,2026-08-07T18:45:00+0200,11524.75866,MW,DE,DE_LU,forecast_solar_generation,Solar,2026-08-29T22:40:46Z
2026-08-29T22:37:58Z,2026-08-30T00:37:58+0200,ede4ebfd-4cb0-4b05-bc4d-04fd38aa5047,2026-08-07T17:00:00Z,2026-08-07T19:00:00+0200,9036.59156,MW,DE,DE_LU,forecast_solar_generation,Solar,2026-08-29T22:40:46Z
2026-08-29T22:37:58Z,2026-08-30T00:37:58+0200,ede4ebfd-4cb0-4b05-bc4d-04fd38aa5047,2026-08-07T17:15:00Z,2026-08-07T19:15:00+0200,6779.59649,MW,DE,DE_LU,forecast_solar_generation,Solar,2026-08-29T22:40:46Z
2026-08-29T22:37:58Z,2026-08-30T00:37:58+0200,ede4ebfd-4cb0-4b05-bc4d-04fd38aa5047,2026-08-07T17:30:00Z,2026-08-07T19:30:00+0200,4836.24612,MW,DE,DE_LU,forecast_solar_generation,Solar,2026-08-29T22:40:46Z
2026-08-29T22:37:58Z,2026-08-30T00:37:58+0200,ede4ebfd-4cb0-4b05-bc4d-04fd38aa5047,2026-08-07T17:45:00Z,2026-08-07T19:45:00+0200,3300.0911,MW,DE,DE_LU,forecast_solar_generation,Solar,2026-08-29T22:40:46Z
2026-08-29T22:37:58Z,2026-08-30T00:37:58+0200,ede4ebfd-4cb0-4b05-bc4d-04fd38aa5047,2026-08-07T18:00:00Z,2026-08-07T20:00:00+0200,2093.07476,MW,DE,DE_LU,forecast_solar_generation,Solar,2026-08-29T22:40:46Z
2026-08-29T22:37:58Z,2026-08-30T00:37:58+0200,ede4ebfd-4cb0-4b05-bc4d-04fd38aa5047,2026-08-07T18:15:00Z,2026-08-07T20:15:00+0200,1163.47667,MW,DE,DE_LU,forecast_solar_generation,Solar,2026-08-29T22:40:46Z
2026-08-29T22:37:58Z,2026-08-30T00:37:58+0200,ede4ebfd-4cb0-4b05-bc4d-04fd38aa5047,2026-08-07T18:30:00Z,2026-08-07T20:30:00+0200,520.35721,MW,DE,DE_LU,forecast_solar_generation,Solar,2026-08-29T22:40:46Z
2026-08-29T22:37:58Z,2026-08-30T00:37:58+0200,ede4ebfd-4cb0-4b05-bc4d-04fd38aa5047,2026-08-07T18:45:00Z,2026-08-07T20:45:00+0200,171.64143,MW,DE,DE_LU,forecast_solar_generation,Solar,2026-08-29T22:40:46Z
2026-08-29T22:37:58Z,2026-08-30T00:37:58+0200,ede4ebfd-4cb0-4b05-bc4d-04fd38aa5047,2026-08-07T19:00:00Z,2026-08-07T21:00:00+0200,37.74647,MW,DE,DE_LU,forecast_solar_generation,Solar,2026-08-29T22:40:46Z
2026-08-29T22:37:58Z,2026-08-30T00:37:58+0200,ede4ebfd-4cb0-4b05-bc4d-04fd38aa5047,2026-08-07T19:15:00Z,2026-08-07T21:15:00+0200,2.315,MW,DE,DE_LU,forecast_solar_generation,Solar,2026-08-29T22:40:46Z
2026-08-29T22:37:58Z,2026-08-30T00:37:58+0200,ede4ebfd-4cb0-4b05-bc4d-04fd38aa5047,2026-08-07T19:30:00Z,2026-08-07T21:30:00+0200,0.0,MW,DE,DE_LU,forecast_solar_generation,Solar,2026-08-29T22:40:46Z
2026-08-29T22:37:58Z,2026-08-30T00:37:58+0200,ede4ebfd-4cb0-4b05-bc4d-04fd38aa5047,2026-08-07T19:45:00Z,2026-08-07T21:45:00+0200,0.0,MW,DE,DE_LU,forecast_solar_generation,Solar,2026-08-29T22:40:46Z
2026-08-29T22:37:58Z,2026-08-30T00:37:58+0200,ede4ebfd-4cb0-4b05-bc4d-04fd38aa5047,2026-08-07T20:00:00Z,2026-08-07T22:00:00+0200,0.0,MW,DE,DE_LU,forecast_solar_generation,Solar,2026-08-29T22:40:46Z
2026-08-29T22:37:58Z,2026-08-30T00:37:58+0200,ede4ebfd-4cb0-4b05-bc4d-04fd38aa5047,2026-08-07T20:15:00Z,2026-08-07T22:15:00+0200,0.0,MW,DE,DE_LU,forecast_solar_generation,Solar,2026-08-29T22:40:46Z
2026-08-29T22:37:58Z,2026-08-30T00:37:58+0200,ede4ebfd-4cb0-4b05-bc4d-04fd38aa5047,2026-08-07T20:30:00Z,2026-08-07T22:30:00+0200,0.0,MW,DE,DE_LU,forecast_solar_generation,Solar,2026-08-29T22:40:46Z
2026-08-29T22:37:58Z,2026-08-30T00:37:58+0200,ede4ebfd-4cb0-4b05-bc4d-04fd38aa5047,2026-08-07T20:45:00Z,2026-08-07T22:45:00+0200,0.0,MW,DE,DE_LU,forecast_solar_generation,Solar,2026-08-29T22:40:46Z
2026-08-29T22:37:58Z,2026-08-30T00:37:58+0200,ede4ebfd-4cb0-4b05-bc4d-04fd38aa5047,2026-08-07T21:00:00Z,2026-08-07T23:00:00+0200,0.0,MW,DE,DE_LU,forecast_solar_generation,Solar,2026-08-29T22:40:46Z
2026-08-29T22:37:58Z,2026-08-30T00:37:58+0200,ede4ebfd-4cb0-4b05-bc4d-04fd38aa5047,2026-08-07T21:15:00Z,2026-08-07T23:15:00+0200,0.0,MW,DE,DE_LU,forecast_solar_generation,Solar,2026-08-29T22:40:46Z
2026-08-29T22:37:58Z,2026-08-30T00:37:58+0200,ede4ebfd-4cb0-4b05-bc4d-04fd38aa5047,2026-08-07T21:30:00Z,2026-08-07T23:30:00+0200,0.0,MW,DE,DE_LU,forecast_solar_generation,Solar,2026-08-29T22:40:46Z
2026-08-29T22:37:58Z,2026-08-30T00:37:58+0200,ede4ebfd-4cb0-4b05-bc4d-04fd38aa5047,2026-08-07T21:45:00Z,2026-08-07T23:45:00+0200,0.0,MW,DE,DE_LU,forecast_solar_generation,Solar,2026-08-29T22:40:46Z
2026-08-29T22:37:58Z,2026-08-30T00:37:58+0200,ede4ebfd-4cb0-4b05-bc4d-04fd38aa5047,2026-08-07T22:00:00Z,2026-08-08T00:00:00+0200,0.0,MW,DE,DE_LU,forecast_solar_generation,Solar,2026-08-29T22:40:46Z
2026-08-29T22:37:58Z,2026-08-30T00:37:58+0200,ede4ebfd-4cb0-4b05-bc4d-04fd38aa5047,2026-08-07T22:15:00Z,2026-08-08T00:15:00+0200,0.0,MW,DE,DE_LU,forecast_solar_generation,Solar,2026-08-29T22:40:46Z
2026-08-29T22:37:58Z,2026-08-30T00:37:58+0200,ede4ebfd-4cb0-4b05-bc4d-04fd38aa5047,2026-08-07T22:30:00Z,2026-08-08T00:30:00+0200,0.0,MW,DE,DE_LU,forecast_solar_generation,Solar,2026-08-29T22:40:46Z
2026-08-29T22:37:58Z,2026-08-30T00:37:58+0200,ede4ebfd-4cb0-4b05-bc4d-04fd38aa5047,2026-08-07T22:45:00Z,2026-08-08T00:45:00+0200,0.0,MW,DE,DE_LU,forecast_solar_generation,Solar,2026-08-29T22:40:46Z
2026-08-29T22:37:58Z,2026-08-30T00:37:58+0200,ede4ebfd-4cb0-4b05-bc4d-04fd38aa5047,2026-08-07T23:00:00Z,2026-08-08T01:00:00+0200,0.0,MW,DE,DE_LU,forecast_solar_generation,Solar,2026-08-29T22:40:46Z
2026-08-29T22:37:58Z,2026-08-30T00:37:58+0200,ede4ebfd-4cb0-4b05-bc4d-04fd38aa5047,2026-08-07T23:15:00Z,2026-08-08T01:15:00+0200,0.0,MW,DE,DE_LU,forecast_solar_generation,Solar,2026-08-29T22:40:46Z
2026-08-29T22:37:58Z,2026-08-30T00:37:58+0200,ede4ebfd-4cb0-4b05-bc4d-04fd38aa5047,2026-08-07T23:30:00Z,2026-08-08T01:30:00+0200,0.0,MW,DE,DE_LU,forecast_solar_generation,Solar,2026-08-29T22:40:46Z
2026-08-29T22:37:58Z,2026-08-30T00:37:58+0200,ede4ebfd-4cb0-4b05-bc4d-04fd38aa5047,2026-08-07T23:45:00Z,2026-08-08T01:45:00+0200,0.0,MW,DE,DE_LU,forecast_solar_generation,Solar,2026-08-29T22:40:46Z
2026-08-29T22:37:58Z,2026-08-30T00:37:58+0200,ede4ebfd-4cb0-4b05-bc4d-04fd38aa5047,2026-08-08T00:00:00Z,2026-08-08T02:00:00+0200,0.0,MW,DE,DE_LU,forecast_solar_generation,Solar,2026-08-29T22:40:46Z
2026-08-29T22:37:58Z,2026-08-30T00:37:58+0200,ede4ebfd-4cb0-4b05-bc4d-04fd38aa5047,2026-08-08T00:15:00Z,2026-08-08T02:15:00+0200,0.0,MW,DE,DE_LU,forecast_solar_generation,Solar,2026-08-29T22:40:46Z
2026-08-29T22:37:58Z,2026-08-30T00:37:58+0200,ede4ebfd-4cb0-4b05-bc4d-04fd38aa5047,2026-08-08T00:30:00Z,2026-08-08T02:30:00+0200,0.0,MW,DE,DE_LU,forecast_solar_generation,Solar,2026-08-29T22:40:46Z
2026-08-29T22:37:58Z,2026-08-30T00:37:58+0200,ede4ebfd-4cb0-4b05-bc4d-04fd38aa5047,2026-08-08T00:45:00Z,2026-08-08T02:45:00+0200,0.0,MW,DE,DE_LU,forecast_solar_generation,Solar,2026-08-29T22:40:46Z
2026-08-29T22:37:58Z,2026-08-30T00:37:58+0200,ede4ebfd-4cb0-4b05-bc4d-04fd38aa5047,2026-08-08T01:00:00Z,2026-08-08T03:00:00+0200,0.0,MW,DE,DE_LU,forecast_solar_generation,Solar,2026-08-29T22:40:46Z
2026-08-29T22:37:58Z,2026-08-30T00:37:58+0200,ede4ebfd-4cb0-4b05-bc4d-04fd38aa5047,2026-08-08T01:15:00Z,2026-08-08T03:15:00+0200,0.0,MW,DE,DE_LU,forecast_solar_generation,Solar,2026-08-29T22:40:46Z
2026-08-29T22:37:58Z,2026-08-30T00:37:58+0200,ede4ebfd-4cb0-4b05-bc4d-04fd38aa5047,2026-08-08T01:30:00Z,2026-08-08T03:30:00+0200,0.0,MW,DE,DE_LU,forecast_solar_generation,Solar,2026-08-29T22:40:46Z
2026-08-29T22:37:58Z,2026-08-30T00:37:58+0200,ede4ebfd-4cb0-4b05-bc4d-04fd38aa5047,2026-08-08T01:45:00Z,2026-08-08T03:45:00+0200,0.0,MW,DE,DE_LU,forecast_solar_generation,Solar,2026-08-29T22:40:46Z
2026-08-29T22:37:58Z,2026-08-30T00:37:58+0200,ede4ebfd-4cb0-4b05-bc4d-04fd38aa5047,2026-08-08T02:00:00Z,2026-08-08T04:00:00+0200,0.0,MW,DE,DE_LU,forecast_solar_generation,Solar,2026-08-29T22:40:46Z
2026-08-29T22:37:58Z,2026-08-30T00:37:58+0200,ede4ebfd-4cb0-4b05-bc4d-04fd38aa5047,2026-08-08T02:15:00Z,2026-08-08T04:15:00+0200,0.0,MW,DE,DE_LU,forecast_solar_generation,Solar,2026-08-29T22:40:46Z
2026-08-29T22:37:58Z,2026-08-30T00:37:58+0200,ede4ebfd-4cb0-4b05-bc4d-04fd38aa5047,2026-08-08T02:30:00Z,2026-08-08T04:30:00+0200,0.0,MW,DE,DE_LU,forecast_solar_generation,Solar,2026-08-29T22:40:46Z
2026-08-29T22:37:58Z,2026-08-30T00:37:58+0200,ede4ebfd-4cb0-4b05-bc4d-04fd38aa5047,2026-08-08T02:45:00Z,2026-08-08T04:45:00+0200,0.0,MW,DE,DE_LU,forecast_solar_generation,Solar,2026-08-29T22:40:46Z
2026-08-29T22:37:58Z,2026-08-30T00:37:58+0200,ede4ebfd-4cb0-4b05-bc4d-04fd38aa5047,2026-08-08T03:00:00Z,2026-08-08T05:00:00+0200,0.0,MW,DE,DE_LU,forecast_solar_generation,Solar,2026-08-29T22:40:46Z
2026-08-29T22:37:58Z,2026-08-30T00:37:58+0200,ede4ebfd-4cb0-4b05-bc4d-04fd38aa5047,2026-08-08T03:15:00Z,2026-08-08T05:15:00+0200,0.0,MW,DE,DE_LU,forecast_solar_generation,Solar,2026-08-29T22:40:46Z
2026-08-29T22:37:58Z,2026-08-30T00:37:58+0200,ede4ebfd-4cb0-4b05-bc4d-04fd38aa5047,2026-08-08T03:30:00Z,2026-08-08T05:30:00+0200,12.311,MW,DE,DE_LU,forecast_solar_generation,Solar,2026-08-29T22:40:46Z
2026-08-29T22:37:58Z,2026-08-30T00:37:58+0200,ede4ebfd-4cb0-4b05-bc4d-04fd38aa5047,2026-08-08T03:45:00Z,2026-08-08T05:45:00+0200,98.57677,MW,DE,DE_LU,forecast_solar_generation,Solar,2026-08-29T22:40:46Z
2026-08-29T22:37:58Z,2026-08-30T00:37:58+0200,ede4ebfd-4cb0-4b05-bc4d-04fd38aa5047,2026-08-08T04:00:00Z,2026-08-08T06:00:00+0200,515.69306,MW,DE,DE_LU,forecast_solar_generation,Solar,2026-08-29T22:40:46Z
2026-08-29T22:37:58Z,2026-08-30T00:37:58+0200,ede4ebfd-4cb0-4b05-bc4d-04fd38aa5047,2026-08-08T04:15:00Z,2026-08-08T06:15:00+0200,1294.13666,MW,DE,DE_LU,forecast_solar_generation,Solar,2026-08-29T22:40:46Z
2026-08-29T22:37:58Z,2026-08-30T00:37:58+0200,ede4ebfd-4cb0-4b05-bc4d-04fd38aa5047,2026-08-08T04:30:00Z,2026-08-08T06:30:00+0200,2375.15878,MW,DE,DE_LU,forecast_solar_generation,Solar,2026-08-29T22:40:46Z
2026-08-29T22:37:58Z,2026-08-30T00:37:58+0200,ede4ebfd-4cb0-4b05-bc4d-04fd38aa5047,2026-08-08T04:45:00Z,2026-08-08T06:45:00+0200,3686.87857,MW,DE,DE_LU,forecast_solar_generation,Solar,2026-08-29T22:40:46Z
2026-08-29T22:37:58Z,2026-08-30T00:37:58+0200,ede4ebfd-4cb0-4b05-bc4d-04fd38aa5047,2026-08-08T05:00:00Z,2026-08-08T07:00:00+0200,5385.09615,MW,DE,DE_LU,forecast_solar_generation,Solar,2026-08-29T22:40:46Z
2026-08-29T22:37:58Z,2026-08-30T00:37:58+0200,ede4ebfd-4cb0-4b05-bc4d-04fd38aa5047,2026-08-08T05:15:00Z,2026-08-08T07:15:00+0200,7613.22939,MW,DE,DE_LU,forecast_solar_generation,Solar,2026-08-29T22:40:46Z
2026-08-29T22:37:58Z,2026-08-30T00:37:58+0200,ede4ebfd-4cb0-4b05-bc4d-04fd38aa5047,2026-08-08T05:30:00Z,2026-08-08T07:30:00+0200,10337.10403,MW,DE,DE_LU,forecast_solar_generation,Solar,2026-08-29T22:40:46Z
2026-08-29T22:37:58Z,2026-08-30T00:37:58+0200,ede4ebfd-4cb0-4b05-bc4d-04fd38aa5047,2026-08-08T05:45:00Z,2026-08-08T07:45:00+0200,13398.97711,MW,DE,DE_LU,forecast_solar_generation,Solar,2026-08-29T22:40:46Z
2026-08-29T22:37:58Z,2026-08-30T00:37:58+0200,ede4ebfd-4cb0-4b05-bc4d-04fd38aa5047,2026-08-08T06:00:00Z,2026-08-08T08:00:00+0200,16633.97147,MW,DE,DE_LU,forecast_solar_generation,Solar,2026-08-29T22:40:46Z
2026-08-29T22:37:58Z,2026-08-30T00:37:58+0200,ede4ebfd-4cb0-4b05-bc4d-04fd38aa5047,2026-08-08T06:15:00Z,2026-08-08T08:15:00+0200,20040.1314,MW,DE,DE_LU,forecast_solar_generation,Solar,2026-08-29T22:40:46Z
2026-08-29T22:37:58Z,2026-08-30T00:37:58+0200,ede4ebfd-4cb0-4b05-bc4d-04fd38aa5047,2026-08-08T06:30:00Z,2026-08-08T08:30:00+0200,23508.52945,MW,DE,DE_LU,forecast_solar_generation,Solar,2026-08-29T22:40:46Z
2026-08-29T22:37:58Z,2026-08-30T00:37:58+0200,ede4ebfd-4cb0-4b05-bc4d-04fd38aa5047,2026-08-08T06:45:00Z,2026-08-08T08:45:00+0200,26902.70001,MW,DE,DE_LU,forecast_solar_generation,Solar,2026-08-29T22:40:46Z
2026-08-29T22:37:58Z,2026-08-30T00:37:58+0200,ede4ebfd-4cb0-4b05-bc4d-04fd38aa5047,2026-08-08T07:00:00Z,2026-08-08T09:00:00+0200,30160.61765,MW,DE,DE_LU,forecast_solar_generation,Solar,2026-08-29T22:40:46Z
2026-08-29T22:37:58Z,2026-08-30T00:37:58+0200,ede4ebfd-4cb0-4b05-bc4d-04fd38aa5047,2026-08-08T07:15:00Z,2026-08-08T09:15:00+0200,33255.77248,MW,DE,DE_LU,forecast_solar_generation,Solar,2026-08-29T22:40:46Z
2026-08-29T22:37:58Z,2026-08-30T00:37:58+0200,ede4ebfd-4cb0-4b05-bc4d-04fd38aa5047,2026-08-08T07:30:00Z,2026-08-08T09:30:00+0200,36144.4851,MW,DE,DE_LU,forecast_solar_generation,Solar,2026-08-29T22:40:46Z
2026-08-29T22:37:58Z,2026-08-30T00:37:58+0200,ede4ebfd-4cb0-4b05-bc4d-04fd38aa5047,2026-08-08T07:45:00Z,2026-08-08T09:45:00+0200,38784.4065,MW,DE,DE_LU,forecast_solar_generation,Solar,2026-08-29T22:40:46Z
2026-08-29T22:37:58Z,2026-08-30T00:37:58+0200,ede4ebfd-4cb0-4b05-bc4d-04fd38aa5047,2026-08-08T08:00:00Z,2026-08-08T10:00:00+0200,41203.21444,MW,DE,DE_LU,forecast_solar_generation,Solar,2026-08-29T22:40:46Z
2026-08-29T22:37:58Z,2026-08-30T00:37:58+0200,ede4ebfd-4cb0-4b05-bc4d-04fd38aa5047,2026-08-08T08:15:00Z,2026-08-08T10:15:00+0200,43385.87812,MW,DE,DE_LU,forecast_solar_generation,Solar,2026-08-29T22:40:46Z
2026-08-29T22:37:58Z,2026-08-30T00:37:58+0200,ede4ebfd-4cb0-4b05-bc4d-04fd38aa5047,2026-08-08T08:30:00Z,2026-08-08T10:30:00+0200,45329.63452,MW,DE,DE_LU,forecast_solar_generation,Solar,2026-08-29T22:40:46Z
2026-08-29T22:37:58Z,2026-08-30T00:37:58+0200,ede4ebfd-4cb0-4b05-bc4d-04fd38aa5047,2026-08-08T08:45:00Z,2026-08-08T10:45:00+0200,47073.96103,MW,DE,DE_LU,forecast_solar_generation,Solar,2026-08-29T22:40:46Z
2026-08-29T22:37:58Z,2026-08-30T00:37:58+0200,ede4ebfd-4cb0-4b05-bc4d-04fd38aa5047,2026-08-08T09:00:00Z,2026-08-08T11:00:00+0200,48600.72267,MW,DE,DE_LU,forecast_solar_generation,Solar,2026-08-29T22:40:46Z
2026-08-29T22:37:58Z,2026-08-30T00:37:58+0200,ede4ebfd-4cb0-4b05-bc4d-04fd38aa5047,2026-08-08T09:15:00Z,2026-08-08T11:15:00+0200,49924.30378,MW,DE,DE_LU,forecast_solar_generation,Solar,2026-08-29T22:40:46Z
2026-08-29T22:37:58Z,2026-08-30T00:37:58+0200,ede4ebfd-4cb0-4b05-bc4d-04fd38aa5047,2026-08-08T09:30:00Z,2026-08-08T11:30:00+0200,51038.11628,MW,DE,DE_LU,forecast_solar_generation,Solar,2026-08-29T22:40:46Z
2026-08-29T22:37:58Z,2026-08-30T00:37:58+0200,ede4ebfd-4cb0-4b05-bc4d-04fd38aa5047,2026-08-08T09:45:00Z,2026-08-08T11:45:00+0200,51956.01319,MW,DE,DE_LU,forecast_solar_generation,Solar,2026-08-29T22:40:46Z
2026-08-29T22:37:58Z,2026-08-30T00:37:58+0200,ede4ebfd-4cb0-4b05-bc4d-04fd38aa5047,2026-08-08T10:00:00Z,2026-08-08T12:00:00+0200,52692.36136,MW,DE,DE_LU,forecast_solar_generation,Solar,2026-08-29T22:40:46Z
2026-08-29T22:37:58Z,2026-08-30T00:37:58+0200,ede4ebfd-4cb0-4b05-bc4d-04fd38aa5047,2026-08-08T10:15:00Z,2026-08-08T12:15:00+0200,53197.0787,MW,DE,DE_LU,forecast_solar_generation,Solar,2026-08-29T22:40:46Z
2026-08-29T22:37:58Z,2026-08-30T00:37:58+0200,ede4ebfd-4cb0-4b05-bc4d-04fd38aa5047,2026-08-08T10:30:00Z,2026-08-08T12:30:00+0200,53594.30066,MW,DE,DE_LU,forecast_solar_generation,Solar,2026-08-29T22:40:46Z
2026-08-29T22:37:58Z,2026-08-30T00:37:58+0200,ede4ebfd-4cb0-4b05-bc4d-04fd38aa5047,2026-08-08T10:45:00Z,2026-08-08T12:45:00+0200,53944.53546,MW,DE,DE_LU,forecast_solar_generation,Solar,2026-08-29T22:40:46Z
2026-08-29T22:37:58Z,2026-08-30T00:37:58+0200,ede4ebfd-4cb0-4b05-bc4d-04fd38aa5047,2026-08-08T11:00:00Z,2026-08-08T13:00:00+0200,54150.0367,MW,DE,DE_LU,forecast_solar_generation,Solar,2026-08-29T22:40:46Z
2026-08-29T22:37:58Z,2026-08-30T00:37:58+0200,ede4ebfd-4cb0-4b05-bc4d-04fd38aa5047,2026-08-08T11:15:00Z,2026-08-08T13:15:00+0200,54197.531,MW,DE,DE_LU,forecast_solar_generation,Solar,2026-08-29T22:40:46Z
2026-08-29T22:37:58Z,2026-08-30T00:37:58+0200,ede4ebfd-4cb0-4b05-bc4d-04fd38aa5047,2026-08-08T11:30:00Z,2026-08-08T13:30:00+0200,54057.8274,MW,DE,DE_LU,forecast_solar_generation,Solar,2026-08-29T22:40:46Z
2026-08-29T22:37:58Z,2026-08-30T00:37:58+0200,ede4ebfd-4cb0-4b05-bc4d-04fd38aa5047,2026-08-08T11:45:00Z,2026-08-08T13:45:00+0200,53816.88334,MW,DE,DE_LU,forecast_solar_generation,Solar,2026-08-29T22:40:46Z
2026-08-29T22:37:58Z,2026-08-30T00:37:58+0200,ede4ebfd-4cb0-4b05-bc4d-04fd38aa5047,2026-08-08T12:00:00Z,2026-08-08T14:00:00+0200,53357.00109,MW,DE,DE_LU,forecast_solar_generation,Solar,2026-08-29T22:40:46Z
2026-08-29T22:37:58Z,2026-08-30T00:37:58+0200,ede4ebfd-4cb0-4b05-bc4d-04fd38aa5047,2026-08-08T12:15:00Z,2026-08-08T14:15:00+0200,52742.32361,MW,DE,DE_LU,forecast_solar_generation,Solar,2026-08-29T22:40:46Z
2026-08-29T22:37:58Z,2026-08-30T00:37:58+0200,ede4ebfd-4cb0-4b05-bc4d-04fd38aa5047,2026-08-08T12:30:00Z,2026-08-08T14:30:00+0200,51958.08221,MW,DE,DE_LU,forecast_solar_generation,Solar,2026-08-29T22:40:46Z
2026-08-29T22:37:58Z,2026-08-30T00:37:58+0200,ede4ebfd-4cb0-4b05-bc4d-04fd38aa5047,2026-08-08T12:45:00Z,2026-08-08T14:45:00+0200,51007.49934,MW,DE,DE_LU,forecast_solar_generation,Solar,2026-08-29T22:40:46Z
2026-08-29T22:37:58Z,2026-08-30T00:37:58+0200,ede4ebfd-4cb0-4b05-bc4d-04fd38aa5047,2026-08-08T13:00:00Z,2026-08-08T15:00:00+0200,49900.57094,MW,DE,DE_LU,forecast_solar_generation,Solar,2026-08-29T22:40:46Z
2026-08-29T22:37:58Z,2026-08-30T00:37:58+0200,ede4ebfd-4cb0-4b05-bc4d-04fd38aa5047,2026-08-08T13:15:00Z,2026-08-08T15:15:00+0200,48686.31232,MW,DE,DE_LU,forecast_solar_generation,Solar,2026-08-29T22:40:46Z
2026-08-29T22:37:58Z,2026-08-30T00:37:58+0200,ede4ebfd-4cb0-4b05-bc4d-04fd38aa5047,2026-08-08T13:30:00Z,2026-08-08T15:30:00+0200,47338.49105,MW,DE,DE_LU,forecast_solar_generation,Solar,2026-08-29T22:40:46Z
2026-08-29T22:37:58Z,2026-08-30T00:37:58+0200,ede4ebfd-4cb0-4b05-bc4d-04fd38aa5047,2026-08-08T13:45:00Z,2026-08-08T15:45:00+0200,45849.94397,MW,DE,DE_LU,forecast_solar_generation,Solar,2026-08-29T22:40:46Z
2026-08-29T22:37:58Z,2026-08-30T00:37:58+0200,ede4ebfd-4cb0-4b05-bc4d-04fd38aa5047,2026-08-08T14:00:00Z,2026-08-08T16:00:00+0200,44176.66598,MW,DE,DE_LU,forecast_solar_generation,Solar,2026-08-29T22:40:46Z
2026-08-29T22:37:58Z,2026-08-30T00:37:58+0200,ede4ebfd-4cb0-4b05-bc4d-04fd38aa5047,2026-08-08T14:15:00Z,2026-08-08T16:15:00+0200,42283.91997,MW,DE,DE_LU,forecast_solar_generation,Solar,2026-08-29T22:40:46Z
2026-08-29T22:37:58Z,2026-08-30T00:37:58+0200,ede4ebfd-4cb0-4b05-bc4d-04fd38aa5047,2026-08-08T14:30:00Z,2026-08-08T16:30:00+0200,40197.16803,MW,DE,DE_LU,forecast_solar_generation,Solar,2026-08-29T22:40:46Z
2026-08-29T22:37:58Z,2026-08-30T00:37:58+0200,ede4ebfd-4cb0-4b05-bc4d-04fd38aa5047,2026-08-08T14:45:00Z,2026-08-08T16:45:00+0200,37893.58491,MW,DE,DE_LU,forecast_solar_generation,Solar,2026-08-29T22:40:46Z
2026-08-29T22:37:58Z,2026-08-30T00:37:58+0200,ede4ebfd-4cb0-4b05-bc4d-04fd38aa5047,2026-08-08T15:00:00Z,2026-08-08T17:00:00+0200,35351.14582,MW,DE,DE_LU,forecast_solar_generation,Solar,2026-08-29T22:40:46Z
2026-08-29T22:37:58Z,2026-08-30T00:37:58+0200,ede4ebfd-4cb0-4b05-bc4d-04fd38aa5047,2026-08-08T15:15:00Z,2026-08-08T17:15:00+0200,32585.29082,MW,DE,DE_LU,forecast_solar_generation,Solar,2026-08-29T22:40:46Z
2026-08-29T22:37:58Z,2026-08-30T00:37:58+0200,ede4ebfd-4cb0-4b05-bc4d-04fd38aa5047,2026-08-08T15:30:00Z,2026-08-08T17:30:00+0200,29611.02127,MW,DE,DE_LU,forecast_solar_generation,Solar,2026-08-29T22:40:46Z
2026-08-29T22:37:58Z,2026-08-30T00:37:58+0200,ede4ebfd-4cb0-4b05-bc4d-04fd38aa5047,2026-08-08T15:45:00Z,2026-08-08T17:45:00+0200,26490.09741,MW,DE,DE_LU,forecast_solar_generation,Solar,2026-08-29T22:40:46Z
2026-08-29T22:37:58Z,2026-08-30T00:37:58+0200,ede4ebfd-4cb0-4b05-bc4d-04fd38aa5047,2026-08-08T16:00:00Z,2026-08-08T18:00:00+0200,23202.99052,MW,DE,DE_LU,forecast_solar_generation,Solar,2026-08-29T22:40:46Z
2026-08-29T22:37:58Z,2026-08-30T00:37:58+0200,ede4ebfd-4cb0-4b05-bc4d-04fd38aa5047,2026-08-08T16:15:00Z,2026-08-08T18:15:00+0200,19815.46496,MW,DE,DE_LU,forecast_solar_generation,Solar,2026-08-29T22:40:46Z
2026-08-29T22:37:58Z,2026-08-30T00:37:58+0200,ede4ebfd-4cb0-4b05-bc4d-04fd38aa5047,2026-08-08T16:30:00Z,2026-08-08T18:30:00+0200,16411.04064,MW,DE,DE_LU,forecast_solar_generation,Solar,2026-08-29T22:40:46Z
2026-08-29T22:37:58Z,2026-08-30T00:37:58+0200,ede4ebfd-4cb0-4b05-bc4d-04fd38aa5047,2026-08-08T16:45:00Z,2026-08-08T18:45:00+0200,13128.26027,MW,DE,DE_LU,forecast_solar_generation,Solar,2026-08-29T22:40:46Z
2026-08-29T22:37:58Z,2026-08-30T00:37:58+0200,ede4ebfd-4cb0-4b05-bc4d-04fd38aa5047,2026-08-08T17:00:00Z,2026-08-08T19:00:00+0200,10112.57017,MW,DE,DE_LU,forecast_solar_generation,Solar,2026-08-29T22:40:46Z
2026-08-29T22:37:58Z,2026-08-30T00:37:58+0200,ede4ebfd-4cb0-4b05-bc4d-04fd38aa5047,2026-08-08T17:15:00Z,2026-08-08T19:15:00+0200,7449.24746,MW,DE,DE_LU,forecast_solar_generation,Solar,2026-08-29T22:40:46Z
2026-08-29T22:37:58Z,2026-08-30T00:37:58+0200,ede4ebfd-4cb0-4b05-bc4d-04fd38aa5047,2026-08-08T17:30:00Z,2026-08-08T19:30:00+0200,5254.44955,MW,DE,DE_LU,forecast_solar_generation,Solar,2026-08-29T22:40:46Z
2026-08-29T22:37:58Z,2026-08-30T00:37:58+0200,ede4ebfd-4cb0-4b05-bc4d-04fd38aa5047,2026-08-08T17:45:00Z,2026-08-08T19:45:00+0200,3592.45542,MW,DE,DE_LU,forecast_solar_generation,Solar,2026-08-29T22:40:46Z
2026-08-29T22:37:58Z,2026-08-30T00:37:58+0200,ede4ebfd-4cb0-4b05-bc4d-04fd38aa5047,2026-08-08T18:00:00Z,2026-08-08T20:00:00+0200,2306.04574,MW,DE,DE_LU,forecast_solar_generation,Solar,2026-08-29T22:40:46Z
2026-08-29T22:37:58Z,2026-08-30T00:37:58+0200,ede4ebfd-4cb0-4b05-bc4d-04fd38aa5047,2026-08-08T18:15:00Z,2026-08-08T20:15:00+0200,1272.61695,MW,DE,DE_LU,forecast_solar_generation,Solar,2026-08-29T22:40:46Z
2026-08-29T22:37:58Z,2026-08-30T00:37:58+0200,ede4ebfd-4cb0-4b05-bc4d-04fd38aa5047,2026-08-08T18:30:00Z,2026-08-08T20:30:00+0200,540.81665,MW,DE,DE_LU,forecast_solar_generation,Solar,2026-08-29T22:40:46Z
2026-08-29T22:37:58Z,2026-08-30T00:37:58+0200,ede4ebfd-4cb0-4b05-bc4d-04fd38aa5047,2026-08-08T18:45:00Z,2026-08-08T20:45:00+0200,163.87554,MW,DE,DE_LU,forecast_solar_generation,Solar,2026-08-29T22:40:46Z
2026-08-29T22:37:58Z,2026-08-30T00:37:58+0200,ede4ebfd-4cb0-4b05-bc4d-04fd38aa5047,2026-08-08T19:00:00Z,2026-08-08T21:00:00+0200,32.26942,MW,DE,DE_LU,forecast_solar_generation,Solar,2026-08-29T22:40:46Z
2026-08-29T22:37:58Z,2026-08-30T00:37:58+0200,ede4ebfd-4cb0-4b05-bc4d-04fd38aa5047,2026-08-08T19:15:00Z,2026-08-08T21:15:00+0200,4.081,MW,DE,DE_LU,forecast_solar_generation,Solar,2026-08-29T22:40:46Z
2026-08-29T22:37:58Z,2026-08-30T00:37:58+0200,ede4ebfd-4cb0-4b05-bc4d-04fd38aa5047,2026-08-08T19:30:00Z,2026-08-08T21:30:00+0200,0.0,MW,DE,DE_LU,forecast_solar_generation,Solar,2026-08-29T22:40:46Z
2026-08-29T22:37:58Z,2026-08-30T00:37:58+0200,ede4ebfd-4cb0-4b05-bc4d-04fd38aa5047,2026-08-08T19:45:00Z,2026-08-08T21:45:00+0200,0.0,MW,DE,DE_LU,forecast_solar_generation,Solar,2026-08-29T22:40:46Z
2026-08-29T22:37:58Z,2026-08-30T00:37:58+0200,ede4ebfd-4cb0-4b05-bc4d-04fd38aa5047,2026-08-08T20:00:00Z,2026-08-08T22:00:00+0200,0.0,MW,DE,DE_LU,forecast_solar_generation,Solar,2026-08-29T22:40:46Z
2026-08-29T22:37:58Z,2026-08-30T00:37:58+0200,ede4ebfd-4cb0-4b05-bc4d-04fd38aa5047,2026-08-08T20:15:00Z,2026-08-08T22:15:00+0200,0.0,MW,DE,DE_LU,forecast_solar_generation,Solar,2026-08-29T22:40:46Z
2026-08-29T22:37:58Z,2026-08-30T00:37:58+0200,ede4ebfd-4cb0-4b05-bc4d-04fd38aa5047,2026-08-08T20:30:00Z,2026-08-08T22:30:00+0200,0.0,MW,DE,DE_LU,forecast_solar_generation,Solar,2026-08-29T22:40:46Z
2026-08-29T22:37:58Z,2026-08-30T00:37:58+0200,ede4ebfd-4cb0-4b05-bc4d-04fd38aa5047,2026-08-08T20:45:00Z,2026-08-08T22:45:00+0200,0.0,MW,DE,DE_LU,forecast_solar_generation,Solar,2026-08-29T22:40:46Z
2026-08-29T22:37:58Z,2026-08-30T00:37:58+0200,ede4ebfd-4cb0-4b05-bc4d-04fd38aa5047,2026-08-08T21:00:00Z,2026-08-08T23:00:00+0200,0.0,MW,DE,DE_LU,forecast_solar_generation,Solar,2026-08-29T22:40:46Z
2026-08-29T22:37:58Z,2026-08-30T00:37:58+0200,ede4ebfd-4cb0-4b05-bc4d-04fd38aa5047,2026-08-08T21:15:00Z,2026-08-08T23:15:00+0200,0.0,MW,DE,DE_LU,forecast_solar_generation,Solar,2026-08-29T22:40:46Z
2026-08-29T22:37:58Z,2026-08-30T00:37:58+0200,ede4ebfd-4cb0-4b05-bc4d-04fd38aa5047,2026-08-08T21:30:00Z,2026-08-08T23:30:00+0200,0.0,MW,DE,DE_LU,forecast_solar_generation,Solar,2026-08-29T22:40:46Z
2026-08-29T22:37:58Z,2026-08-30T00:37:58+0200,ede4ebfd-4cb0-4b05-bc4d-04fd38aa5047,2026-08-08T21:45:00Z,2026-08-08T23:45:00+0200,0.0,MW,DE,DE_LU,forecast_solar_generation,Solar,2026-08-29T22:40:46Z
2026-08-29T22:37:58Z,2026-08-30T00:37:58+0200,ede4ebfd-4cb0-4b05-bc4d-04fd38aa5047,2026-08-08T22:00:00Z,2026-08-09T00:00:00+0200,0.0,MW,DE,DE_LU,forecast_solar_generation,Solar,2026-08-29T22:40:46Z
2026-08-29T22:37:58Z,2026-08-30T00:37:58+0200,ede4ebfd-4cb0-4b05-bc4d-04fd38aa5047,2026-08-08T22:15:00Z,2026-08-09T00:15:00+0200,0.0,MW,DE,DE_LU,forecast_solar_generation,Solar,2026-08-29T22:40:46Z
2026-08-29T22:37:58Z,2026-08-30T00:37:58+0200,ede4ebfd-4cb0-4b05-bc4d-04fd38aa5047,2026-08-08T22:30:00Z,2026-08-09T00:30:00+0200,0.0,MW,DE,DE_LU,forecast_solar_generation,Solar,2026-08-29T22:40:46Z
2026-08-29T22:37:58Z,2026-08-30T00:37:58+0200,ede4ebfd-4cb0-4b05-bc4d-04fd38aa5047,2026-08-08T22:45:00Z,2026-08-09T00:45:00+0200,0.0,MW,DE,DE_LU,forecast_solar_generation,Solar,2026-08-29T22:40:46Z
2026-08-29T22:37:58Z,2026-08-30T00:37:58+0200,ede4ebfd-4cb0-4b05-bc4d-04fd38aa5047,2026-08-08T23:00:00Z,2026-08-09T01:00:00+0200,0.0,MW,DE,DE_LU,forecast_solar_generation,Solar,2026-08-29T22:40:46Z
2026-08-29T22:37:58Z,2026-08-30T00:37:58+0200,ede4ebfd-4cb0-4b05-bc4d-04fd38aa5047,2026-08-08T23:15:00Z,2026-08-09T01:15:00+0200,0.0,MW,DE,DE_LU,forecast_solar_generation,Solar,2026-08-29T22:40:46Z
2026-08-29T22:37:58Z,2026-08-30T00:37:58+0200,ede4ebfd-4cb0-4b05-bc4d-04fd38aa5047,2026-08-08T23:30:00Z,2026-08-09T01:30:00+0200,0.0,MW,DE,DE_LU,forecast_solar_generation,Solar,2026-08-29T22:40:46Z
2026-08-29T22:37:58Z,2026-08-30T00:37:58+0200,ede4ebfd-4cb0-4b05-bc4d-04fd38aa5047,2026-08-08T23:45:00Z,2026-08-09T01:45:00+0200,0.0,MW,DE,DE_LU,forecast_solar_generation,Solar,2026-08-29T22:40:46Z
2026-08-29T22:37:58Z,2026-08-30T00:37:58+0200,ede4ebfd-4cb0-4b05-bc4d-04fd38aa5047,2026-08-09T00:00:00Z,2026-08-09T02:00:00+0200,0.0,MW,DE,DE_LU,forecast_solar_generation,Solar,2026-08-29T22:40:46Z
2026-08-29T22:37:58Z,2026-08-30T00:37:58+0200,ede4ebfd-4cb0-4b05-bc4d-04fd38aa5047,2026-08-09T00:15:00Z,2026-08-09T02:15:00+0200,0.0,MW,DE,DE_LU,forecast_solar_generation,Solar,2026-08-29T22:40:46Z
2026-08-29T22:37:58Z,2026-08-30T00:37:58+0200,ede4ebfd-4cb0-4b05-bc4d-04fd38aa5047,2026-08-09T00:30:00Z,2026-08-09T02:30:00+0200,0.0,MW,DE,DE_LU,forecast_solar_generation,Solar,2026-08-29T22:40:46Z
2026-08-29T22:37:58Z,2026-08-30T00:37:58+0200,ede4ebfd-4cb0-4b05-bc4d-04fd38aa5047,2026-08-09T00:45:00Z,2026-08-09T02:45:00+0200,0.0,MW,DE,DE_LU,forecast_solar_generation,Solar,2026-08-29T22:40:46Z
2026-08-29T22:37:58Z,2026-08-30T00:37:58+0200,ede4ebfd-4cb0-4b05-bc4d-04fd38aa5047,2026-08-09T01:00:00Z,2026-08-09T03:00:00+0200,0.0,MW,DE,DE_LU,forecast_solar_generation,Solar,2026-08-29T22:40:46Z
2026-08-29T22:37:58Z,2026-08-30T00:37:58+0200,ede4ebfd-4cb0-4b05-bc4d-04fd38aa5047,2026-08-09T01:15:00Z,2026-08-09T03:15:00+0200,0.0,MW,DE,DE_LU,forecast_solar_generation,Solar,2026-08-29T22:40:46Z
2026-08-29T22:37:58Z,2026-08-30T00:37:58+0200,ede4ebfd-4cb0-4b05-bc4d-04fd38aa5047,2026-08-09T01:30:00Z,2026-08-09T03:30:00+0200,0.0,MW,DE,DE_LU,forecast_solar_generation,Solar,2026-08-29T22:40:46Z
2026-08-29T22:37:58Z,2026-08-30T00:37:58+0200,ede4ebfd-4cb0-4b05-bc4d-04fd38aa5047,2026-08-09T01:45:00Z,2026-08-09T03:45:00+0200,0.0,MW,DE,DE_LU,forecast_solar_generation,Solar,2026-08-29T22:40:46Z
2026-08-29T22:37:58Z,2026-08-30T00:37:58+0200,ede4ebfd-4cb0-4b05-bc4d-04fd38aa5047,2026-08-09T02:00:00Z,2026-08-09T04:00:00+0200,0.0,MW,DE,DE_LU,forecast_solar_generation,Solar,2026-08-29T22:40:46Z
2026-08-29T22:37:58Z,2026-08-30T00:37:58+0200,ede4ebfd-4cb0-4b05-bc4d-04fd38aa5047,2026-08-09T02:15:00Z,2026-08-09T04:15:00+0200,0.0,MW,DE,DE_LU,forecast_solar_generation,Solar,2026-08-29T22:40:46Z
2026-08-29T22:37:58Z,2026-08-30T00:37:58+0200,ede4ebfd-4cb0-4b05-bc4d-04fd38aa5047,2026-08-09T02:30:00Z,2026-08-09T04:30:00+0200,0.0,MW,DE,DE_LU,forecast_solar_generation,Solar,2026-08-29T22:40:46Z
2026-08-29T22:37:58Z,2026-08-30T00:37:58+0200,ede4ebfd-4cb0-4b05-bc4d-04fd38aa5047,2026-08-09T02:45:00Z,2026-08-09T04:45:00+0200,0.0,MW,DE,DE_LU,forecast_solar_generation,Solar,2026-08-29T22:40:46Z
2026-08-29T22:37:58Z,2026-08-30T00:37:58+0200,ede4ebfd-4cb0-4b05-bc4d-04fd38aa5047,2026-08-09T03:00:00Z,2026-08-09T05:00:00+0200,0.0,MW,DE,DE_LU,forecast_solar_generation,Solar,2026-08-29T22:40:46Z
2026-08-29T22:37:58Z,2026-08-30T00:37:58+0200,ede4ebfd-4cb0-4b05-bc4d-04fd38aa5047,2026-08-09T03:15:00Z,2026-08-09T05:15:00+0200,0.0,MW,DE,DE_LU,forecast_solar_generation,Solar,2026-08-29T22:40:46Z
2026-08-29T22:37:58Z,2026-08-30T00:37:58+0200,ede4ebfd-4cb0-4b05-bc4d-04fd38aa5047,2026-08-09T03:30:00Z,2026-08-09T05:30:00+0200,3.35,MW,DE,DE_LU,forecast_solar_generation,Solar,2026-08-29T22:40:46Z
2026-08-29T22:37:58Z,2026-08-30T00:37:58+0200,ede4ebfd-4cb0-4b05-bc4d-04fd38aa5047,2026-08-09T03:45:00Z,2026-08-09T05:45:00+0200,76.60029,MW,DE,DE_LU,forecast_solar_generation,Solar,2026-08-29T22:40:46Z
2026-08-29T22:37:58Z,2026-08-30T00:37:58+0200,ede4ebfd-4cb0-4b05-bc4d-04fd38aa5047,2026-08-09T04:00:00Z,2026-08-09T06:00:00+0200,444.89716,MW,DE,DE_LU,forecast_solar_generation,Solar,2026-08-29T22:40:46Z
2026-08-29T22:37:58Z,2026-08-30T00:37:58+0200,ede4ebfd-4cb0-4b05-bc4d-04fd38aa5047,2026-08-09T04:15:00Z,2026-08-09T06:15:00+0200,1168.75071,MW,DE,DE_LU,forecast_solar_generation,Solar,2026-08-29T22:40:46Z
2026-08-29T22:37:58Z,2026-08-30T00:37:58+0200,ede4ebfd-4cb0-4b05-bc4d-04fd38aa5047,2026-08-09T04:30:00Z,2026-08-09T06:30:00+0200,2192.62244,MW,DE,DE_LU,forecast_solar_generation,Solar,2026-08-29T22:40:46Z
2026-08-29T22:37:58Z,2026-08-30T00:37:58+0200,ede4ebfd-4cb0-4b05-bc4d-04fd38aa5047,2026-08-09T04:45:00Z,2026-08-09T06:45:00+0200,3466.64026,MW,DE,DE_LU,forecast_solar_generation,Solar,2026-08-29T22:40:46Z
2026-08-29T22:37:58Z,2026-08-30T00:37:58+0200,ede4ebfd-4cb0-4b05-bc4d-04fd38aa5047,2026-08-09T05:00:00Z,2026-08-09T07:00:00+0200,5140.20023,MW,DE,DE_LU,forecast_solar_generation,Solar,2026-08-29T22:40:46Z
2026-08-29T22:37:58Z,2026-08-30T00:37:58+0200,ede4ebfd-4cb0-4b05-bc4d-04fd38aa5047,2026-08-09T05:15:00Z,2026-08-09T07:15:00+0200,7342.63206,MW,DE,DE_LU,forecast_solar_generation,Solar,2026-08-29T22:40:46Z
2026-08-29T22:37:58Z,2026-08-30T00:37:58+0200,ede4ebfd-4cb0-4b05-bc4d-04fd38aa5047,2026-08-09T05:30:00Z,2026-08-09T07:30:00+0200,10001.40997,MW,DE,DE_LU,forecast_solar_generation,Solar,2026-08-29T22:40:46Z
2026-08-29T22:37:58Z,2026-08-30T00:37:58+0200,ede4ebfd-4cb0-4b05-bc4d-04fd38aa5047,2026-08-09T05:45:00Z,2026-08-09T07:45:00+0200,12956.63716,MW,DE,DE_LU,forecast_solar_generation,Solar,2026-08-29T22:40:46Z
2026-08-29T22:37:58Z,2026-08-30T00:37:58+0200,ede4ebfd-4cb0-4b05-bc4d-04fd38aa5047,2026-08-09T06:00:00Z,2026-08-09T08:00:00+0200,16085.60378,MW,DE,DE_LU,forecast_solar_generation,Solar,2026-08-29T22:40:46Z
2026-08-29T22:37:58Z,2026-08-30T00:37:58+0200,ede4ebfd-4cb0-4b05-bc4d-04fd38aa5047,2026-08-09T06:15:00Z,2026-08-09T08:15:00+0200,19383.67406,MW,DE,DE_LU,forecast_solar_generation,Solar,2026-08-29T22:40:46Z
2026-08-29T22:37:58Z,2026-08-30T00:37:58+0200,ede4ebfd-4cb0-4b05-bc4d-04fd38aa5047,2026-08-09T06:30:00Z,2026-08-09T08:30:00+0200,22749.78497,MW,DE,DE_LU,forecast_solar_generation,Solar,2026-08-29T22:40:46Z
2026-08-29T22:37:58Z,2026-08-30T00:37:58+0200,ede4ebfd-4cb0-4b05-bc4d-04fd38aa5047,2026-08-09T06:45:00Z,2026-08-09T08:45:00+0200,26046.82108,MW,DE,DE_LU,forecast_solar_generation,Solar,2026-08-29T22:40:46Z
2026-08-29T22:37:58Z,2026-08-30T00:37:58+0200,ede4ebfd-4cb0-4b05-bc4d-04fd38aa5047,2026-08-09T07:00:00Z,2026-08-09T09:00:00+0200,29214.40145,MW,DE,DE_LU,forecast_solar_generation,Solar,2026-08-29T22:40:46Z
2026-08-29T22:37:58Z,2026-08-30T00:37:58+0200,ede4ebfd-4cb0-4b05-bc4d-04fd38aa5047,2026-08-09T07:15:00Z,2026-08-09T09:15:00+0200,32214.65176,MW,DE,DE_LU,forecast_solar_generation,Solar,2026-08-29T22:40:46Z
2026-08-29T22:37:58Z,2026-08-30T00:37:58+0200,ede4ebfd-4cb0-4b05-bc4d-04fd38aa5047,2026-08-09T07:30:00Z,2026-08-09T09:30:00+0200,35029.07591,MW,DE,DE_LU,forecast_solar_generation,Solar,2026-08-29T22:40:46Z
2026-08-29T22:37:58Z,2026-08-30T00:37:58+0200,ede4ebfd-4cb0-4b05-bc4d-04fd38aa5047,2026-08-09T07:45:00Z,2026-08-09T09:45:00+0200,37673.20074,MW,DE,DE_LU,forecast_solar_generation,Solar,2026-08-29T22:40:46Z
2026-08-29T22:37:58Z,2026-08-30T00:37:58+0200,ede4ebfd-4cb0-4b05-bc4d-04fd38aa5047,2026-08-09T08:00:00Z,2026-08-09T10:00:00+0200,40123.19427,MW,DE,DE_LU,forecast_solar_generation,Solar,2026-08-29T22:40:46Z
2026-08-29T22:37:58Z,2026-08-30T00:37:58+0200,ede4ebfd-4cb0-4b05-bc4d-04fd38aa5047,2026-08-09T08:15:00Z,2026-08-09T10:15:00+0200,42385.97437,MW,DE,DE_LU,forecast_solar_generation,Solar,2026-08-29T22:40:46Z
2026-08-29T22:37:58Z,2026-08-30T00:37:58+0200,ede4ebfd-4cb0-4b05-bc4d-04fd38aa5047,2026-08-09T08:30:00Z,2026-08-09T10:30:00+0200,44431.82437,MW,DE,DE_LU,forecast_solar_generation,Solar,2026-08-29T22:40:46Z
2026-08-29T22:37:58Z,2026-08-30T00:37:58+0200,ede4ebfd-4cb0-4b05-bc4d-04fd38aa5047,2026-08-09T08:45:00Z,2026-08-09T10:45:00+0200,46277.45911,MW,DE,DE_LU,forecast_solar_generation,Solar,2026-08-29T22:40:46Z
2026-08-29T22:37:58Z,2026-08-30T00:37:58+0200,ede4ebfd-4cb0-4b05-bc4d-04fd38aa5047,2026-08-09T09:00:00Z,2026-08-09T11:00:00+0200,47889.73455,MW,DE,DE_LU,forecast_solar_generation,Solar,2026-08-29T22:40:46Z
2026-08-29T22:37:58Z,2026-08-30T00:37:58+0200,ede4ebfd-4cb0-4b05-bc4d-04fd38aa5047,2026-08-09T09:15:00Z,2026-08-09T11:15:00+0200,49262.68941,MW,DE,DE_LU,forecast_solar_generation,Solar,2026-08-29T22:40:46Z
2026-08-29T22:37:58Z,2026-08-30T00:37:58+0200,ede4ebfd-4cb0-4b05-bc4d-04fd38aa5047,2026-08-09T09:30:00Z,2026-08-09T11:30:00+0200,50420.18208,MW,DE,DE_LU,forecast_solar_generation,Solar,2026-08-29T22:40:46Z
2026-08-29T22:37:58Z,2026-08-30T00:37:58+0200,ede4ebfd-4cb0-4b05-bc4d-04fd38aa5047,2026-08-09T09:45:00Z,2026-08-09T11:45:00+0200,51391.73003,MW,DE,DE_LU,forecast_solar_generation,Solar,2026-08-29T22:40:46Z
2026-08-29T22:37:58Z,2026-08-30T00:37:58+0200,ede4ebfd-4cb0-4b05-bc4d-04fd38aa5047,2026-08-09T10:00:00Z,2026-08-09T12:00:00+0200,52183.95875,MW,DE,DE_LU,forecast_solar_generation,Solar,2026-08-29T22:40:46Z
2026-08-29T22:37:58Z,2026-08-30T00:37:58+0200,ede4ebfd-4cb0-4b05-bc4d-04fd38aa5047,2026-08-09T10:15:00Z,2026-08-09T12:15:00+0200,52738.36148,MW,DE,DE_LU,forecast_solar_generation,Solar,2026-08-29T22:40:46Z
2026-08-29T22:37:58Z,2026-08-30T00:37:58+0200,ede4ebfd-4cb0-4b05-bc4d-04fd38aa5047,2026-08-09T10:30:00Z,2026-08-09T12:30:00+0200,53050.59489,MW,DE,DE_LU,forecast_solar_generation,Solar,2026-08-29T22:40:46Z
2026-08-29T22:37:58Z,2026-08-30T00:37:58+0200,ede4ebfd-4cb0-4b05-bc4d-04fd38aa5047,2026-08-09T10:45:00Z,2026-08-09T12:45:00+0200,53222.18581,MW,DE,DE_LU,forecast_solar_generation,Solar,2026-08-29T22:40:46Z
2026-08-29T22:37:58Z,2026-08-30T00:37:58+0200,ede4ebfd-4cb0-4b05-bc4d-04fd38aa5047,2026-08-09T11:00:00Z,2026-08-09T13:00:00+0200,53218.07602,MW,DE,DE_LU,forecast_solar_generation,Solar,2026-08-29T22:40:46Z
2026-08-29T22:37:58Z,2026-08-30T00:37:58+0200,ede4ebfd-4cb0-4b05-bc4d-04fd38aa5047,2026-08-09T11:15:00Z,2026-08-09T13:15:00+0200,53049.48371,MW,DE,DE_LU,forecast_solar_generation,Solar,2026-08-29T22:40:46Z
2026-08-29T22:37:58Z,2026-08-30T00:37:58+0200,ede4ebfd-4cb0-4b05-bc4d-04fd38aa5047,2026-08-09T11:30:00Z,2026-08-09T13:30:00+0200,52646.87213,MW,DE,DE_LU,forecast_solar_generation,Solar,2026-08-29T22:40:46Z
2026-08-29T22:37:58Z,2026-08-30T00:37:58+0200,ede4ebfd-4cb0-4b05-bc4d-04fd38aa5047,2026-08-09T11:45:00Z,2026-08-09T13:45:00+0200,52054.70181,MW,DE,DE_LU,forecast_solar_generation,Solar,2026-08-29T22:40:46Z
2026-08-29T22:37:58Z,2026-08-30T00:37:58+0200,ede4ebfd-4cb0-4b05-bc4d-04fd38aa5047,2026-08-09T12:00:00Z,2026-08-09T14:00:00+0200,51213.51314,MW,DE,DE_LU,forecast_solar_generation,Solar,2026-08-29T22:40:46Z
2026-08-29T22:37:58Z,2026-08-30T00:37:58+0200,ede4ebfd-4cb0-4b05-bc4d-04fd38aa5047,2026-08-09T12:15:00Z,2026-08-09T14:15:00+0200,50104.74388,MW,DE,DE_LU,forecast_solar_generation,Solar,2026-08-29T22:40:46Z
2026-08-29T22:37:58Z,2026-08-30T00:37:58+0200,ede4ebfd-4cb0-4b05-bc4d-04fd38aa5047,2026-08-09T12:30:00Z,2026-08-09T14:30:00+0200,48797.42837,MW,DE,DE_LU,forecast_solar_generation,Solar,2026-08-29T22:40:46Z
2026-08-29T22:37:58Z,2026-08-30T00:37:58+0200,ede4ebfd-4cb0-4b05-bc4d-04fd38aa5047,2026-08-09T12:45:00Z,2026-08-09T14:45:00+0200,47462.34055,MW,DE,DE_LU,forecast_solar_generation,Solar,2026-08-29T22:40:46Z
2026-08-29T22:37:58Z,2026-08-30T00:37:58+0200,ede4ebfd-4cb0-4b05-bc4d-04fd38aa5047,2026-08-09T13:00:00Z,2026-08-09T15:00:00+0200,45927.58706,MW,DE,DE_LU,forecast_solar_generation,Solar,2026-08-29T22:40:46Z
2026-08-29T22:37:58Z,2026-08-30T00:37:58+0200,ede4ebfd-4cb0-4b05-bc4d-04fd38aa5047,2026-08-09T13:15:00Z,2026-08-09T15:15:00+0200,44295.97663,MW,DE,DE_LU,forecast_solar_generation,Solar,2026-08-29T22:40:46Z
2026-08-29T22:37:58Z,2026-08-30T00:37:58+0200,ede4ebfd-4cb0-4b05-bc4d-04fd38aa5047,2026-08-09T13:30:00Z,2026-08-09T15:30:00+0200,42490.48333,MW,DE,DE_LU,forecast_solar_generation,Solar,2026-08-29T22:40:46Z
2026-08-29T22:37:58Z,2026-08-30T00:37:58+0200,ede4ebfd-4cb0-4b05-bc4d-04fd38aa5047,2026-08-09T13:45:00Z,2026-08-09T15:45:00+0200,40549.2574,MW,DE,DE_LU,forecast_solar_generation,Solar,2026-08-29T22:40:46Z
2026-08-29T22:37:58Z,2026-08-30T00:37:58+0200,ede4ebfd-4cb0-4b05-bc4d-04fd38aa5047,2026-08-09T14:00:00Z,2026-08-09T16:00:00+0200,38521.30388,MW,DE,DE_LU,forecast_solar_generation,Solar,2026-08-29T22:40:46Z
2026-08-29T22:37:58Z,2026-08-30T00:37:58+0200,ede4ebfd-4cb0-4b05-bc4d-04fd38aa5047,2026-08-09T14:15:00Z,2026-08-09T16:15:00+0200,36273.55182,MW,DE,DE_LU,forecast_solar_generation,Solar,2026-08-29T22:40:46Z
2026-08-29T22:37:58Z,2026-08-30T00:37:58+0200,ede4ebfd-4cb0-4b05-bc4d-04fd38aa5047,2026-08-09T14:30:00Z,2026-08-09T16:30:00+0200,33963.49158,MW,DE,DE_LU,forecast_solar_generation,Solar,2026-08-29T22:40:46Z
2026-08-29T22:37:58Z,2026-08-30T00:37:58+0200,ede4ebfd-4cb0-4b05-bc4d-04fd38aa5047,2026-08-09T14:45:00Z,2026-08-09T16:45:00+0200,31520.46709,MW,DE,DE_LU,forecast_solar_generation,Solar,2026-08-29T22:40:46Z
2026-08-29T22:37:58Z,2026-08-30T00:37:58+0200,ede4ebfd-4cb0-4b05-bc4d-04fd38aa5047,2026-08-09T15:00:00Z,2026-08-09T17:00:00+0200,28978.65892,MW,DE,DE_LU,forecast_solar_generation,Solar,2026-08-29T22:40:46Z
2026-08-29T22:37:58Z,2026-08-30T00:37:58+0200,ede4ebfd-4cb0-4b05-bc4d-04fd38aa5047,2026-08-09T15:15:00Z,2026-08-09T17:15:00+0200,26295.02332,MW,DE,DE_LU,forecast_solar_generation,Solar,2026-08-29T22:40:46Z
2026-08-29T22:37:58Z,2026-08-30T00:37:58+0200,ede4ebfd-4cb0-4b05-bc4d-04fd38aa5047,2026-08-09T15:30:00Z,2026-08-09T17:30:00+0200,23551.51546,MW,DE,DE_LU,forecast_solar_generation,Solar,2026-08-29T22:40:46Z
2026-08-29T22:37:58Z,2026-08-30T00:37:58+0200,ede4ebfd-4cb0-4b05-bc4d-04fd38aa5047,2026-08-09T15:45:00Z,2026-08-09T17:45:00+0200,20781.46719,MW,DE,DE_LU,forecast_solar_generation,Solar,2026-08-29T22:40:46Z
2026-08-29T22:37:58Z,2026-08-30T00:37:58+0200,ede4ebfd-4cb0-4b05-bc4d-04fd38aa5047,2026-08-09T16:00:00Z,2026-08-09T18:00:00+0200,18014.94883,MW,DE,DE_LU,forecast_solar_generation,Solar,2026-08-29T22:40:46Z
2026-08-29T22:37:58Z,2026-08-30T00:37:58+0200,ede4ebfd-4cb0-4b05-bc4d-04fd38aa5047,2026-08-09T16:15:00Z,2026-08-09T18:15:00+0200,15264.47795,MW,DE,DE_LU,forecast_solar_generation,Solar,2026-08-29T22:40:46Z
2026-08-29T22:37:58Z,2026-08-30T00:37:58+0200,ede4ebfd-4cb0-4b05-bc4d-04fd38aa5047,2026-08-09T16:30:00Z,2026-08-09T18:30:00+0200,12631.13337,MW,DE,DE_LU,forecast_solar_generation,Solar,2026-08-29T22:40:46Z
2026-08-29T22:37:58Z,2026-08-30T00:37:58+0200,ede4ebfd-4cb0-4b05-bc4d-04fd38aa5047,2026-08-09T16:45:00Z,2026-08-09T18:45:00+0200,10166.72255,MW,DE,DE_LU,forecast_solar_generation,Solar,2026-08-29T22:40:46Z
2026-08-29T22:37:58Z,2026-08-30T00:37:58+0200,ede4ebfd-4cb0-4b05-bc4d-04fd38aa5047,2026-08-09T17:00:00Z,2026-08-09T19:00:00+0200,7899.17572,MW,DE,DE_LU,forecast_solar_generation,Solar,2026-08-29T22:40:46Z
2026-08-29T22:37:58Z,2026-08-30T00:37:58+0200,ede4ebfd-4cb0-4b05-bc4d-04fd38aa5047,2026-08-09T17:15:00Z,2026-08-09T19:15:00+0200,5841.83738,MW,DE,DE_LU,forecast_solar_generation,Solar,2026-08-29T22:40:46Z
2026-08-29T22:37:58Z,2026-08-30T00:37:58+0200,ede4ebfd-4cb0-4b05-bc4d-04fd38aa5047,2026-08-09T17:30:00Z,2026-08-09T19:30:00+0200,4100.28404,MW,DE,DE_LU,forecast_solar_generation,Solar,2026-08-29T22:40:46Z
2026-08-29T22:37:58Z,2026-08-30T00:37:58+0200,ede4ebfd-4cb0-4b05-bc4d-04fd38aa5047,2026-08-09T17:45:00Z,2026-08-09T19:45:00+0200,2732.42341,MW,DE,DE_LU,forecast_solar_generation,Solar,2026-08-29T22:40:46Z
2026-08-29T22:37:58Z,2026-08-30T00:37:58+0200,ede4ebfd-4cb0-4b05-bc4d-04fd38aa5047,2026-08-09T18:00:00Z,2026-08-09T20:00:00+0200,1661.0792,MW,DE,DE_LU,forecast_solar_generation,Solar,2026-08-29T22:40:46Z
2026-08-29T22:37:58Z,2026-08-30T00:37:58+0200,ede4ebfd-4cb0-4b05-bc4d-04fd38aa5047,2026-08-09T18:15:00Z,2026-08-09T20:15:00+0200,864.05545,MW,DE,DE_LU,forecast_solar_generation,Solar,2026-08-29T22:40:46Z
2026-08-29T22:37:58Z,2026-08-30T00:37:58+0200,ede4ebfd-4cb0-4b05-bc4d-04fd38aa5047,2026-08-09T18:30:00Z,2026-08-09T20:30:00+0200,356.65283,MW,DE,DE_LU,forecast_solar_generation,Solar,2026-08-29T22:40:46Z
2026-08-29T22:37:58Z,2026-08-30T00:37:58+0200,ede4ebfd-4cb0-4b05-bc4d-04fd38aa5047,2026-08-09T18:45:00Z,2026-08-09T20:45:00+0200,111.80587,MW,DE,DE_LU,forecast_solar_generation,Solar,2026-08-29T22:40:46Z
2026-08-29T22:37:58Z,2026-08-30T00:37:58+0200,ede4ebfd-4cb0-4b05-bc4d-04fd38aa5047,2026-08-09T19:00:00Z,2026-08-09T21:00:00+0200,19.11116,MW,DE,DE_LU,forecast_solar_generation,Solar,2026-08-29T22:40:46Z
2026-08-29T22:37:58Z,2026-08-30T00:37:58+0200,ede4ebfd-4cb0-4b05-bc4d-04fd38aa5047,2026-08-09T19:15:00Z,2026-08-09T21:15:00+0200,0.0,MW,DE,DE_LU,forecast_solar_generation,Solar,2026-08-29T22:40:46Z
2026-08-29T22:37:58Z,2026-08-30T00:37:58+0200,ede4ebfd-4cb0-4b05-bc4d-04fd38aa5047,2026-08-09T19:30:00Z,2026-08-09T21:30:00+0200,0.0,MW,DE,DE_LU,forecast_solar_generation,Solar,2026-08-29T22:40:46Z
2026-08-29T22:37:58Z,2026-08-30T00:37:58+0200,ede4ebfd-4cb0-4b05-bc4d-04fd38aa5047,2026-08-09T19:45:00Z,2026-08-09T21:45:00+0200,0.0,MW,DE,DE_LU,forecast_solar_generation,Solar,2026-08-29T22:40:46Z
2026-08-29T22:37:58Z,2026-08-30T00:37:58+0200,ede4ebfd-4cb0-4b05-bc4d-04fd38aa5047,2026-08-09T20:00:00Z,2026-08-09T22:00:00+0200,0.0,MW,DE,DE_LU,forecast_solar_generation,Solar,2026-08-29T22:40:46Z
2026-08-29T22:37:58Z,2026-08-30T00:37:58+0200,ede4ebfd-4cb0-4b05-bc4d-04fd38aa5047,2026-08-09T20:15:00Z,2026-08-09T22:15:00+0200,0.0,MW,DE,DE_LU,forecast_solar_generation,Solar,2026-08-29T22:40:46Z
2026-08-29T22:37:58Z,2026-08-30T00:37:58+0200,ede4ebfd-4cb0-4b05-bc4d-04fd38aa5047,2026-08-09T20:30:00Z,2026-08-09T22:30:00+0200,0.0,MW,DE,DE_LU,forecast_solar_generation,Solar,2026-08-29T22:40:46Z
2026-08-29T22:37:58Z,2026-08-30T00:37:58+0200,ede4ebfd-4cb0-4b05-bc4d-04fd38aa5047,2026-08-09T20:45:00Z,2026-08-09T22:45:00+0200,0.0,MW,DE,DE_LU,forecast_solar_generation,Solar,2026-08-29T22:40:46Z
2026-08-29T22:37:58Z,2026-08-30T00:37:58+0200,ede4ebfd-4cb0-4b05-bc4d-04fd38aa5047,2026-08-09T21:00:00Z,2026-08-09T23:00:00+0200,0.0,MW,DE,DE_LU,forecast_solar_generation,Solar,2026-08-29T22:40:46Z
2026-08-29T22:37:58Z,2026-08-30T00:37:58+0200,ede4ebfd-4cb0-4b05-bc4d-04fd38aa5047,2026-08-09T21:15:00Z,2026-08-09T23:15:00+0200,0.0,MW,DE,DE_LU,forecast_solar_generation,Solar,2026-08-29T22:40:46Z
2026-08-29T22:37:58Z,2026-08-30T00:37:58+0200,ede4ebfd-4cb0-4b05-bc4d-04fd38aa5047,2026-08-09T21:30:00Z,2026-08-09T23:30:00+0200,0.0,MW,DE,DE_LU,forecast_solar_generation,Solar,2026-08-29T22:40:46Z
2026-08-29T22:37:58Z,2026-08-30T00:37:58+0200,ede4ebfd-4cb0-4b05-bc4d-04fd38aa5047,2026-08-09T21:45:00Z,2026-08-09T23:45:00+0200,0.0,MW,DE,DE_LU,forecast_solar_generation,Solar,2026-08-29T22:40:46Z
2026-08-29T22:37:58Z,2026-08-30T00:37:58+0200,ede4ebfd-4cb0-4b05-bc4d-04fd38aa5047,2026-08-09T22:00:00Z,2026-08-10T00:00:00+0200,0.0,MW,DE,DE_LU,forecast_solar_generation,Solar,2026-08-29T22:40:46Z
2026-08-29T22:37:58Z,2026-08-30T00:37:58+0200,ede4ebfd-4cb0-4b05-bc4d-04fd38aa5047,2026-08-09T22:15:00Z,2026-08-10T00:15:00+0200,0.0,MW,DE,DE_LU,forecast_solar_generation,Solar,2026-08-29T22:40:46Z
2026-08-29T22:37:58Z,2026-08-30T00:37:58+0200,ede4ebfd-4cb0-4b05-bc4d-04fd38aa5047,2026-08-09T22:30:00Z,2026-08-10T00:30:00+0200,0.0,MW,DE,DE_LU,forecast_solar_generation,Solar,2026-08-29T22:40:46Z
2026-08-29T22:37:58Z,2026-08-30T00:37:58+0200,ede4ebfd-4cb0-4b05-bc4d-04fd38aa5047,2026-08-09T22:45:00Z,2026-08-10T00:45:00+0200,0.0,MW,DE,DE_LU,forecast_solar_generation,Solar,2026-08-29T22:40:46Z
2026-08-29T22:37:58Z,2026-08-30T00:37:58+0200,ede4ebfd-4cb0-4b05-bc4d-04fd38aa5047,2026-08-09T23:00:00Z,2026-08-10T01:00:00+0200,0.0,MW,DE,DE_LU,forecast_solar_generation,Solar,2026-08-29T22:40:46Z
2026-08-29T22:37:58Z,2026-08-30T00:37:58+0200,ede4ebfd-4cb0-4b05-bc4d-04fd38aa5047,2026-08-09T23:15:00Z,2026-08-10T01:15:00+0200,0.0,MW,DE,DE_LU,forecast_solar_generation,Solar,2026-08-29T22:40:46Z
2026-08-29T22:37:58Z,2026-08-30T00:37:58+0200,ede4ebfd-4cb0-4b05-bc4d-04fd38aa5047,2026-08-09T23:30:00Z,2026-08-10T01:30:00+0200,0.0,MW,DE,DE_LU,forecast_solar_generation,Solar,2026-08-29T22:40:46Z
2026-08-29T22:37:58Z,2026-08-30T00:37:58+0200,ede4ebfd-4cb0-4b05-bc4d-04fd38aa5047,2026-08-09T23:45:00Z,2026-08-10T01:45:00+0200,0.0,MW,DE,DE_LU,forecast_solar_generation,Solar,2026-08-29T22:40:46Z
2026-08-29T22:37:58Z,2026-08-30T00:37:58+0200,ede4ebfd-4cb0-4b05-bc4d-04fd38aa5047,2026-08-10T00:00:00Z,2026-08-10T02:00:00+0200,0.0,MW,DE,DE_LU,forecast_solar_generation,Solar,2026-08-29T22:40:46Z
2026-08-29T22:37:58Z,2026-08-30T00:37:58+0200,ede4ebfd-4cb0-4b05-bc4d-04fd38aa5047,2026-08-10T00:15:00Z,2026-08-10T02:15:00+0200,0.0,MW,DE,DE_LU,forecast_solar_generation,Solar,2026-08-29T22:40:46Z
2026-08-29T22:37:58Z,2026-08-30T00:37:58+0200,ede4ebfd-4cb0-4b05-bc4d-04fd38aa5047,2026-08-10T00:30:00Z,2026-08-10T02:30:00+0200,0.0,MW,DE,DE_LU,forecast_solar_generation,Solar,2026-08-29T22:40:46Z
2026-08-29T22:37:58Z,2026-08-30T00:37:58+0200,ede4ebfd-4cb0-4b05-bc4d-04fd38aa5047,2026-08-10T00:45:00Z,2026-08-10T02:45:00+0200,0.0,MW,DE,DE_LU,forecast_solar_generation,Solar,2026-08-29T22:40:46Z
2026-08-29T22:37:58Z,2026-08-30T00:37:58+0200,ede4ebfd-4cb0-4b05-bc4d-04fd38aa5047,2026-08-10T01:00:00Z,2026-08-10T03:00:00+0200,0.0,MW,DE,DE_LU,forecast_solar_generation,Solar,2026-08-29T22:40:46Z
2026-08-29T22:37:58Z,2026-08-30T00:37:58+0200,ede4ebfd-4cb0-4b05-bc4d-04fd38aa5047,2026-08-10T01:15:00Z,2026-08-10T03:15:00+0200,0.0,MW,DE,DE_LU,forecast_solar_generation,Solar,2026-08-29T22:40:46Z
2026-08-29T22:37:58Z,2026-08-30T00:37:58+0200,ede4ebfd-4cb0-4b05-bc4d-04fd38aa5047,2026-08-10T01:30:00Z,2026-08-10T03:30:00+0200,0.0,MW,DE,DE_LU,forecast_solar_generation,Solar,2026-08-29T22:40:46Z
2026-08-29T22:37:58Z,2026-08-30T00:37:58+0200,ede4ebfd-4cb0-4b05-bc4d-04fd38aa5047,2026-08-10T01:45:00Z,2026-08-10T03:45:00+0200,0.0,MW,DE,DE_LU,forecast_solar_generation,Solar,2026-08-29T22:40:46Z
2026-08-29T22:37:58Z,2026-08-30T00:37:58+0200,ede4ebfd-4cb0-4b05-bc4d-04fd38aa5047,2026-08-10T02:00:00Z,2026-08-10T04:00:00+0200,0.0,MW,DE,DE_LU,forecast_solar_generation,Solar,2026-08-29T22:40:46Z
2026-08-29T22:37:58Z,2026-08-30T00:37:58+0200,ede4ebfd-4cb0-4b05-bc4d-04fd38aa5047,2026-08-10T02:15:00Z,2026-08-10T04:15:00+0200,0.0,MW,DE,DE_LU,forecast_solar_generation,Solar,2026-08-29T22:40:46Z
2026-08-29T22:37:58Z,2026-08-30T00:37:58+0200,ede4ebfd-4cb0-4b05-bc4d-04fd38aa5047,2026-08-10T02:30:00Z,2026-08-10T04:30:00+0200,0.0,MW,DE,DE_LU,forecast_solar_generation,Solar,2026-08-29T22:40:46Z
2026-08-29T22:37:58Z,2026-08-30T00:37:58+0200,ede4ebfd-4cb0-4b05-bc4d-04fd38aa5047,2026-08-10T02:45:00Z,2026-08-10T04:45:00+0200,0.0,MW,DE,DE_LU,forecast_solar_generation,Solar,2026-08-29T22:40:46Z
2026-08-29T22:37:58Z,2026-08-30T00:37:58+0200,ede4ebfd-4cb0-4b05-bc4d-04fd38aa5047,2026-08-10T03:00:00Z,2026-08-10T05:00:00+0200,0.0,MW,DE,DE_LU,forecast_solar_generation,Solar,2026-08-29T22:40:46Z
2026-08-29T22:37:58Z,2026-08-30T00:37:58+0200,ede4ebfd-4cb0-4b05-bc4d-04fd38aa5047,2026-08-10T03:15:00Z,2026-08-10T05:15:00+0200,0.0,MW,DE,DE_LU,forecast_solar_generation,Solar,2026-08-29T22:40:46Z
2026-08-29T22:37:58Z,2026-08-30T00:37:58+0200,ede4ebfd-4cb0-4b05-bc4d-04fd38aa5047,2026-08-10T03:30:00Z,2026-08-10T05:30:00+0200,1.23,MW,DE,DE_LU,forecast_solar_generation,Solar,2026-08-29T22:40:46Z
2026-08-29T22:37:58Z,2026-08-30T00:37:58+0200,ede4ebfd-4cb0-4b05-bc4d-04fd38aa5047,2026-08-10T03:45:00Z,2026-08-10T05:45:00+0200,52.78652,MW,DE,DE_LU,forecast_solar_generation,Solar,2026-08-29T22:40:46Z
2026-08-29T22:37:58Z,2026-08-30T00:37:58+0200,ede4ebfd-4cb0-4b05-bc4d-04fd38aa5047,2026-08-10T04:00:00Z,2026-08-10T06:00:00+0200,317.43246,MW,DE,DE_LU,forecast_solar_generation,Solar,2026-08-29T22:40:46Z
2026-08-29T22:37:58Z,2026-08-30T00:37:58+0200,ede4ebfd-4cb0-4b05-bc4d-04fd38aa5047,2026-08-10T04:15:00Z,2026-08-10T06:15:00+0200,879.4206,MW,DE,DE_LU,forecast_solar_generation,Solar,2026-08-29T22:40:46Z
2026-08-29T22:37:58Z,2026-08-30T00:37:58+0200,ede4ebfd-4cb0-4b05-bc4d-04fd38aa5047,2026-08-10T04:30:00Z,2026-08-10T06:30:00+0200,1747.35862,MW,DE,DE_LU,forecast_solar_generation,Solar,2026-08-29T22:40:46Z
2026-08-29T22:37:58Z,2026-08-30T00:37:58+0200,ede4ebfd-4cb0-4b05-bc4d-04fd38aa5047,2026-08-10T04:45:00Z,2026-08-10T06:45:00+0200,2903.77185,MW,DE,DE_LU,forecast_solar_generation,Solar,2026-08-29T22:40:46Z
2026-08-29T22:37:58Z,2026-08-30T00:37:58+0200,ede4ebfd-4cb0-4b05-bc4d-04fd38aa5047,2026-08-10T05:00:00Z,2026-08-10T07:00:00+0200,4406.11609,MW,DE,DE_LU,forecast_solar_generation,Solar,2026-08-29T22:40:46Z
2026-08-29T22:37:58Z,2026-08-30T00:37:58+0200,ede4ebfd-4cb0-4b05-bc4d-04fd38aa5047,2026-08-10T05:15:00Z,2026-08-10T07:15:00+0200,6345.68006,MW,DE,DE_LU,forecast_solar_generation,Solar,2026-08-29T22:40:46Z
2026-08-29T22:37:58Z,2026-08-30T00:37:58+0200,ede4ebfd-4cb0-4b05-bc4d-04fd38aa5047,2026-08-10T05:30:00Z,2026-08-10T07:30:00+0200,8684.92788,MW,DE,DE_LU,forecast_solar_generation,Solar,2026-08-29T22:40:46Z
2026-08-29T22:37:58Z,2026-08-30T00:37:58+0200,ede4ebfd-4cb0-4b05-bc4d-04fd38aa5047,2026-08-10T05:45:00Z,2026-08-10T07:45:00+0200,11288.03484,MW,DE,DE_LU,forecast_solar_generation,Solar,2026-08-29T22:40:46Z
2026-08-29T22:37:58Z,2026-08-30T00:37:58+0200,ede4ebfd-4cb0-4b05-bc4d-04fd38aa5047,2026-08-10T06:00:00Z,2026-08-10T08:00:00+0200,14044.37004,MW,DE,DE_LU,forecast_solar_generation,Solar,2026-08-29T22:40:46Z
2026-08-29T22:37:58Z,2026-08-30T00:37:58+0200,ede4ebfd-4cb0-4b05-bc4d-04fd38aa5047,2026-08-10T06:15:00Z,2026-08-10T08:15:00+0200,16972.84252,MW,DE,DE_LU,forecast_solar_generation,Solar,2026-08-29T22:40:46Z
2026-08-29T22:37:58Z,2026-08-30T00:37:58+0200,ede4ebfd-4cb0-4b05-bc4d-04fd38aa5047,2026-08-10T06:30:00Z,2026-08-10T08:30:00+0200,19991.69297,MW,DE,DE_LU,forecast_solar_generation,Solar,2026-08-29T22:40:46Z
2026-08-29T22:37:58Z,2026-08-30T00:37:58+0200,ede4ebfd-4cb0-4b05-bc4d-04fd38aa5047,2026-08-10T06:45:00Z,2026-08-10T08:45:00+0200,22971.03042,MW,DE,DE_LU,forecast_solar_generation,Solar,2026-08-29T22:40:46Z
2026-08-29T22:37:58Z,2026-08-30T00:37:58+0200,ede4ebfd-4cb0-4b05-bc4d-04fd38aa5047,2026-08-10T07:00:00Z,2026-08-10T09:00:00+0200,25840.96153,MW,DE,DE_LU,forecast_solar_generation,Solar,2026-08-29T22:40:46Z
2026-08-29T22:37:58Z,2026-08-30T00:37:58+0200,ede4ebfd-4cb0-4b05-bc4d-04fd38aa5047,2026-08-10T07:15:00Z,2026-08-10T09:15:00+0200,28573.85455,MW,DE,DE_LU,forecast_solar_generation,Solar,2026-08-29T22:40:46Z
2026-08-29T22:37:58Z,2026-08-30T00:37:58+0200,ede4ebfd-4cb0-4b05-bc4d-04fd38aa5047,2026-08-10T07:30:00Z,2026-08-10T09:30:00+0200,31132.70995,MW,DE,DE_LU,forecast_solar_generation,Solar,2026-08-29T22:40:46Z
2026-08-29T22:37:58Z,2026-08-30T00:37:58+0200,ede4ebfd-4cb0-4b05-bc4d-04fd38aa5047,2026-08-10T07:45:00Z,2026-08-10T09:45:00+0200,33532.28021,MW,DE,DE_LU,forecast_solar_generation,Solar,2026-08-29T22:40:46Z
2026-08-29T22:37:58Z,2026-08-30T00:37:58+0200,ede4ebfd-4cb0-4b05-bc4d-04fd38aa5047,2026-08-10T08:00:00Z,2026-08-10T10:00:00+0200,35793.00084,MW,DE,DE_LU,forecast_solar_generation,Solar,2026-08-29T22:40:46Z
2026-08-29T22:37:58Z,2026-08-30T00:37:58+0200,ede4ebfd-4cb0-4b05-bc4d-04fd38aa5047,2026-08-10T08:15:00Z,2026-08-10T10:15:00+0200,37918.20904,MW,DE,DE_LU,forecast_solar_generation,Solar,2026-08-29T22:40:46Z
2026-08-29T22:37:58Z,2026-08-30T00:37:58+0200,ede4ebfd-4cb0-4b05-bc4d-04fd38aa5047,2026-08-10T08:30:00Z,2026-08-10T10:30:00+0200,39815.23412,MW,DE,DE_LU,forecast_solar_generation,Solar,2026-08-29T22:40:46Z
2026-08-29T22:37:58Z,2026-08-30T00:37:58+0200,ede4ebfd-4cb0-4b05-bc4d-04fd38aa5047,2026-08-10T08:45:00Z,2026-08-10T10:45:00+0200,41502.53144,MW,DE,DE_LU,forecast_solar_generation,Solar,2026-08-29T22:40:46Z
2026-08-29T22:37:58Z,2026-08-30T00:37:58+0200,ede4ebfd-4cb0-4b05-bc4d-04fd38aa5047,2026-08-10T09:00:00Z,2026-08-10T11:00:00+0200,42941.38913,MW,DE,DE_LU,forecast_solar_generation,Solar,2026-08-29T22:40:46Z
2026-08-29T22:37:58Z,2026-08-30T00:37:58+0200,ede4ebfd-4cb0-4b05-bc4d-04fd38aa5047,2026-08-10T09:15:00Z,2026-08-10T11:15:00+0200,44156.31155,MW,DE,DE_LU,forecast_solar_generation,Solar,2026-08-29T22:40:46Z
2026-08-29T22:37:58Z,2026-08-30T00:37:58+0200,ede4ebfd-4cb0-4b05-bc4d-04fd38aa5047,2026-08-10T09:30:00Z,2026-08-10T11:30:00+0200,45078.73893,MW,DE,DE_LU,forecast_solar_generation,Solar,2026-08-29T22:40:46Z
2026-08-29T22:37:58Z,2026-08-30T00:37:58+0200,ede4ebfd-4cb0-4b05-bc4d-04fd38aa5047,2026-08-10T09:45:00Z,2026-08-10T11:45:00+0200,45767.04256,MW,DE,DE_LU,forecast_solar_generation,Solar,2026-08-29T22:40:46Z
2026-08-29T22:37:58Z,2026-08-30T00:37:58+0200,ede4ebfd-4cb0-4b05-bc4d-04fd38aa5047,2026-08-10T10:00:00Z,2026-08-10T12:00:00+0200,46238.84264,MW,DE,DE_LU,forecast_solar_generation,Solar,2026-08-29T22:40:46Z
2026-08-29T22:37:58Z,2026-08-30T00:37:58+0200,ede4ebfd-4cb0-4b05-bc4d-04fd38aa5047,2026-08-10T10:15:00Z,2026-08-10T12:15:00+0200,46471.09675,MW,DE,DE_LU,forecast_solar_generation,Solar,2026-08-29T22:40:46Z
2026-08-29T22:37:58Z,2026-08-30T00:37:58+0200,ede4ebfd-4cb0-4b05-bc4d-04fd38aa5047,2026-08-10T10:30:00Z,2026-08-10T12:30:00+0200,46551.16901,MW,DE,DE_LU,forecast_solar_generation,Solar,2026-08-29T22:40:46Z
2026-08-29T22:37:58Z,2026-08-30T00:37:58+0200,ede4ebfd-4cb0-4b05-bc4d-04fd38aa5047,2026-08-10T10:45:00Z,2026-08-10T12:45:00+0200,46502.4239,MW,DE,DE_LU,forecast_solar_generation,Solar,2026-08-29T22:40:46Z
2026-08-29T22:37:58Z,2026-08-30T00:37:58+0200,ede4ebfd-4cb0-4b05-bc4d-04fd38aa5047,2026-08-10T11:00:00Z,2026-08-10T13:00:00+0200,46296.23889,MW,DE,DE_LU,forecast_solar_generation,Solar,2026-08-29T22:40:46Z
2026-08-29T22:37:58Z,2026-08-30T00:37:58+0200,ede4ebfd-4cb0-4b05-bc4d-04fd38aa5047,2026-08-10T11:15:00Z,2026-08-10T13:15:00+0200,45932.28232,MW,DE,DE_LU,forecast_solar_generation,Solar,2026-08-29T22:40:46Z
2026-08-29T22:37:58Z,2026-08-30T00:37:58+0200,ede4ebfd-4cb0-4b05-bc4d-04fd38aa5047,2026-08-10T11:30:00Z,2026-08-10T13:30:00+0200,45435.1363,MW,DE,DE_LU,forecast_solar_generation,Solar,2026-08-29T22:40:46Z
2026-08-29T22:37:58Z,2026-08-30T00:37:58+0200,ede4ebfd-4cb0-4b05-bc4d-04fd38aa5047,2026-08-10T11:45:00Z,2026-08-10T13:45:00+0200,44890.51844,MW,DE,DE_LU,forecast_solar_generation,Solar,2026-08-29T22:40:46Z
2026-08-29T22:37:58Z,2026-08-30T00:37:58+0200,ede4ebfd-4cb0-4b05-bc4d-04fd38aa5047,2026-08-10T12:00:00Z,2026-08-10T14:00:00+0200,44218.82447,MW,DE,DE_LU,forecast_solar_generation,Solar,2026-08-29T22:40:46Z
2026-08-29T22:37:58Z,2026-08-30T00:37:58+0200,ede4ebfd-4cb0-4b05-bc4d-04fd38aa5047,2026-08-10T12:15:00Z,2026-08-10T14:15:00+0200,43441.38625,MW,DE,DE_LU,forecast_solar_generation,Solar,2026-08-29T22:40:46Z
2026-08-29T22:37:58Z,2026-08-30T00:37:58+0200,ede4ebfd-4cb0-4b05-bc4d-04fd38aa5047,2026-08-10T12:30:00Z,2026-08-10T14:30:00+0200,42556.90972,MW,DE,DE_LU,forecast_solar_generation,Solar,2026-08-29T22:40:46Z
2026-08-29T22:37:58Z,2026-08-30T00:37:58+0200,ede4ebfd-4cb0-4b05-bc4d-04fd38aa5047,2026-08-10T12:45:00Z,2026-08-10T14:45:00+0200,41561.48519,MW,DE,DE_LU,forecast_solar_generation,Solar,2026-08-29T22:40:46Z
2026-08-29T22:37:58Z,2026-08-30T00:37:58+0200,ede4ebfd-4cb0-4b05-bc4d-04fd38aa5047,2026-08-10T13:00:00Z,2026-08-10T15:00:00+0200,40452.34072,MW,DE,DE_LU,forecast_solar_generation,Solar,2026-08-29T22:40:46Z
2026-08-29T22:37:58Z,2026-08-30T00:37:58+0200,ede4ebfd-4cb0-4b05-bc4d-04fd38aa5047,2026-08-10T13:15:00Z,2026-08-10T15:15:00+0200,39241.00707,MW,DE,DE_LU,forecast_solar_generation,Solar,2026-08-29T22:40:46Z
2026-08-29T22:37:58Z,2026-08-30T00:37:58+0200,ede4ebfd-4cb0-4b05-bc4d-04fd38aa5047,2026-08-10T13:30:00Z,2026-08-10T15:30:00+0200,37968.32027,MW,DE,DE_LU,forecast_solar_generation,Solar,2026-08-29T22:40:46Z
2026-08-29T22:37:58Z,2026-08-30T00:37:58+0200,ede4ebfd-4cb0-4b05-bc4d-04fd38aa5047,2026-08-10T13:45:00Z,2026-08-10T15:45:00+0200,36631.08127,MW,DE,DE_LU,forecast_solar_generation,Solar,2026-08-29T22:40:46Z
2026-08-29T22:37:58Z,2026-08-30T00:37:58+0200,ede4ebfd-4cb0-4b05-bc4d-04fd38aa5047,2026-08-10T14:00:00Z,2026-08-10T16:00:00+0200,35157.90655,MW,DE,DE_LU,forecast_solar_generation,Solar,2026-08-29T22:40:46Z
2026-08-29T22:37:58Z,2026-08-30T00:37:58+0200,ede4ebfd-4cb0-4b05-bc4d-04fd38aa5047,2026-08-10T14:15:00Z,2026-08-10T16:15:00+0200,33525.53724,MW,DE,DE_LU,forecast_solar_generation,Solar,2026-08-29T22:40:46Z
2026-08-29T22:37:58Z,2026-08-30T00:37:58+0200,ede4ebfd-4cb0-4b05-bc4d-04fd38aa5047,2026-08-10T14:30:00Z,2026-08-10T16:30:00+0200,31788.03632,MW,DE,DE_LU,forecast_solar_generation,Solar,2026-08-29T22:40:46Z
2026-08-29T22:37:58Z,2026-08-30T00:37:58+0200,ede4ebfd-4cb0-4b05-bc4d-04fd38aa5047,2026-08-10T14:45:00Z,2026-08-10T16:45:00+0200,29918.63348,MW,DE,DE_LU,forecast_solar_generation,Solar,2026-08-29T22:40:46Z
2026-08-29T22:37:58Z,2026-08-30T00:37:58+0200,ede4ebfd-4cb0-4b05-bc4d-04fd38aa5047,2026-08-10T15:00:00Z,2026-08-10T17:00:00+0200,27914.10836,MW,DE,DE_LU,forecast_solar_generation,Solar,2026-08-29T22:40:46Z
2026-08-29T22:37:58Z,2026-08-30T00:37:58+0200,ede4ebfd-4cb0-4b05-bc4d-04fd38aa5047,2026-08-10T15:15:00Z,2026-08-10T17:15:00+0200,25786.60157,MW,DE,DE_LU,forecast_solar_generation,Solar,2026-08-29T22:40:46Z
2026-08-29T22:37:58Z,2026-08-30T00:37:58+0200,ede4ebfd-4cb0-4b05-bc4d-04fd38aa5047,2026-08-10T15:30:00Z,2026-08-10T17:30:00+0200,23538.60917,MW,DE,DE_LU,forecast_solar_generation,Solar,2026-08-29T22:40:46Z
2026-08-29T22:37:58Z,2026-08-30T00:37:58+0200,ede4ebfd-4cb0-4b05-bc4d-04fd38aa5047,2026-08-10T15:45:00Z,2026-08-10T17:45:00+0200,21177.67788,MW,DE,DE_LU,forecast_solar_generation,Solar,2026-08-29T22:40:46Z
2026-08-29T22:37:58Z,2026-08-30T00:37:58+0200,ede4ebfd-4cb0-4b05-bc4d-04fd38aa5047,2026-08-10T16:00:00Z,2026-08-10T18:00:00+0200,18675.01889,MW,DE,DE_LU,forecast_solar_generation,Solar,2026-08-29T22:40:46Z
2026-08-29T22:37:58Z,2026-08-30T00:37:58+0200,ede4ebfd-4cb0-4b05-bc4d-04fd38aa5047,2026-08-10T16:15:00Z,2026-08-10T18:15:00+0200,16066.20487,MW,DE,DE_LU,forecast_solar_generation,Solar,2026-08-29T22:40:46Z
2026-08-29T22:37:58Z,2026-08-30T00:37:58+0200,ede4ebfd-4cb0-4b05-bc4d-04fd38aa5047,2026-08-10T16:30:00Z,2026-08-10T18:30:00+0200,13407.67598,MW,DE,DE_LU,forecast_solar_generation,Solar,2026-08-29T22:40:46Z
2026-08-29T22:37:58Z,2026-08-30T00:37:58+0200,ede4ebfd-4cb0-4b05-bc4d-04fd38aa5047,2026-08-10T16:45:00Z,2026-08-10T18:45:00+0200,10809.14702,MW,DE,DE_LU,forecast_solar_generation,Solar,2026-08-29T22:40:46Z
2026-08-29T22:37:58Z,2026-08-30T00:37:58+0200,ede4ebfd-4cb0-4b05-bc4d-04fd38aa5047,2026-08-10T17:00:00Z,2026-08-10T19:00:00+0200,8386.52976,MW,DE,DE_LU,forecast_solar_generation,Solar,2026-08-29T22:40:46Z
2026-08-29T22:37:58Z,2026-08-30T00:37:58+0200,ede4ebfd-4cb0-4b05-bc4d-04fd38aa5047,2026-08-10T17:15:00Z,2026-08-10T19:15:00+0200,6181.63052,MW,DE,DE_LU,forecast_solar_generation,Solar,2026-08-29T22:40:46Z
2026-08-29T22:37:58Z,2026-08-30T00:37:58+0200,ede4ebfd-4cb0-4b05-bc4d-04fd38aa5047,2026-08-10T17:30:00Z,2026-08-10T19:30:00+0200,4296.81666,MW,DE,DE_LU,forecast_solar_generation,Solar,2026-08-29T22:40:46Z
2026-08-29T22:37:58Z,2026-08-30T00:37:58+0200,ede4ebfd-4cb0-4b05-bc4d-04fd38aa5047,2026-08-10T17:45:00Z,2026-08-10T19:45:00+0200,2819.53501,MW,DE,DE_LU,forecast_solar_generation,Solar,2026-08-29T22:40:46Z
2026-08-29T22:37:58Z,2026-08-30T00:37:58+0200,ede4ebfd-4cb0-4b05-bc4d-04fd38aa5047,2026-08-10T18:00:00Z,2026-08-10T20:00:00+0200,1705.65024,MW,DE,DE_LU,forecast_solar_generation,Solar,2026-08-29T22:40:46Z
2026-08-29T22:37:58Z,2026-08-30T00:37:58+0200,ede4ebfd-4cb0-4b05-bc4d-04fd38aa5047,2026-08-10T18:15:00Z,2026-08-10T20:15:00+0200,899.28678,MW,DE,DE_LU,forecast_solar_generation,Solar,2026-08-29T22:40:46Z
2026-08-29T22:37:58Z,2026-08-30T00:37:58+0200,ede4ebfd-4cb0-4b05-bc4d-04fd38aa5047,2026-08-10T18:30:00Z,2026-08-10T20:30:00+0200,383.02411,MW,DE,DE_LU,forecast_solar_generation,Solar,2026-08-29T22:40:46Z
2026-08-29T22:37:58Z,2026-08-30T00:37:58+0200,ede4ebfd-4cb0-4b05-bc4d-04fd38aa5047,2026-08-10T18:45:00Z,2026-08-10T20:45:00+0200,125.95029,MW,DE,DE_LU,forecast_solar_generation,Solar,2026-08-29T22:40:46Z
2026-08-29T22:37:58Z,2026-08-30T00:37:58+0200,ede4ebfd-4cb0-4b05-bc4d-04fd38aa5047,2026-08-10T19:00:00Z,2026-08-10T21:00:00+0200,33.01233,MW,DE,DE_LU,forecast_solar_generation,Solar,2026-08-29T22:40:46Z
2026-08-29T22:37:58Z,2026-08-30T00:37:58+0200,ede4ebfd-4cb0-4b05-bc4d-04fd38aa5047,2026-08-10T19:15:00Z,2026-08-10T21:15:00+0200,0.0,MW,DE,DE_LU,forecast_solar_generation,Solar,2026-08-29T22:40:46Z
2026-08-29T22:37:58Z,2026-08-30T00:37:58+0200,ede4ebfd-4cb0-4b05-bc4d-04fd38aa5047,2026-08-10T19:30:00Z,2026-08-10T21:30:00+0200,0.0,MW,DE,DE_LU,forecast_solar_generation,Solar,2026-08-29T22:40:46Z
2026-08-29T22:37:58Z,2026-08-30T00:37:58+0200,ede4ebfd-4cb0-4b05-bc4d-04fd38aa5047,2026-08-10T19:45:00Z,2026-08-10T21:45:00+0200,0.0,MW,DE,DE_LU,forecast_solar_generation,Solar,2026-08-29T22:40:46Z
2026-08-29T22:37:58Z,2026-08-30T00:37:58+0200,ede4ebfd-4cb0-4b05-bc4d-04fd38aa5047,2026-08-10T20:00:00Z,2026-08-10T22:00:00+0200,0.0,MW,DE,DE_LU,forecast_solar_generation,Solar,2026-08-29T22:40:46Z
2026-08-29T22:37:58Z,2026-08-30T00:37:58+0200,ede4ebfd-4cb0-4b05-bc4d-04fd38aa5047,2026-08-10T20:15:00Z,2026-08-10T22:15:00+0200,0.0,MW,DE,DE_LU,forecast_solar_generation,Solar,2026-08-29T22:40:46Z
2026-08-29T22:37:58Z,2026-08-30T00:37:58+0200,ede4ebfd-4cb0-4b05-bc4d-04fd38aa5047,2026-08-10T20:30:00Z,2026-08-10T22:30:00+0200,0.0,MW,DE,DE_LU,forecast_solar_generation,Solar,2026-08-29T22:40:46Z
2026-08-29T22:37:58Z,2026-08-30T00:37:58+0200,ede4ebfd-4cb0-4b05-bc4d-04fd38aa5047,2026-08-10T20:45:00Z,2026-08-10T22:45:00+0200,0.0,MW,DE,DE_LU,forecast_solar_generation,Solar,2026-08-29T22:40:46Z
2026-08-29T22:37:58Z,2026-08-30T00:37:58+0200,ede4ebfd-4cb0-4b05-bc4d-04fd38aa5047,2026-08-10T21:00:00Z,2026-08-10T23:00:00+0200,0.0,MW,DE,DE_LU,forecast_solar_generation,Solar,2026-08-29T22:40:46Z
2026-08-29T22:37:58Z,2026-08-30T00:37:58+0200,ede4ebfd-4cb0-4b05-bc4d-04fd38aa5047,2026-08-10T21:15:00Z,2026-08-10T23:15:00+0200,0.0,MW,DE,DE_LU,forecast_solar_generation,Solar,2026-08-29T22:40:46Z
2026-08-29T22:37:58Z,2026-08-30T00:37:58+0200,ede4ebfd-4cb0-4b05-bc4d-04fd38aa5047,2026-08-10T21:30:00Z,2026-08-10T23:30:00+0200,0.0,MW,DE,DE_LU,forecast_solar_generation,Solar,2026-08-29T22:40:46Z
2026-08-29T22:37:58Z,2026-08-30T00:37:58+0200,ede4ebfd-4cb0-4b05-bc4d-04fd38aa5047,2026-08-10T21:45:00Z,2026-08-10T23:45:00+0200,0.0,MW,DE,DE_LU,forecast_solar_generation,Solar,2026-08-29T22:40:46Z
2026-08-29T22:37:58Z,2026-08-30T00:37:58+0200,ede4ebfd-4cb0-4b05-bc4d-04fd38aa5047,2026-08-10T22:00:00Z,2026-08-11T00:00:00+0200,0.0,MW,DE,DE_LU,forecast_solar_generation,Solar,2026-08-29T22:40:46Z
2026-08-29T22:37:58Z,2026-08-30T00:37:58+0200,ede4ebfd-4cb0-4b05-bc4d-04fd38aa5047,2026-08-10T22:15:00Z,2026-08-11T00:15:00+0200,0.0,MW,DE,DE_LU,forecast_solar_generation,Solar,2026-08-29T22:40:46Z
2026-08-29T22:37:58Z,2026-08-30T00:37:58+0200,ede4ebfd-4cb0-4b05-bc4d-04fd38aa5047,2026-08-10T22:30:00Z,2026-08-11T00:30:00+0200,0.0,MW,DE,DE_LU,forecast_solar_generation,Solar,2026-08-29T22:40:46Z
2026-08-29T22:37:58Z,2026-08-30T00:37:58+0200,ede4ebfd-4cb0-4b05-bc4d-04fd38aa5047,2026-08-10T22:45:00Z,2026-08-11T00:45:00+0200,0.0,MW,DE,DE_LU,forecast_solar_generation,Solar,2026-08-29T22:40:46Z
2026-08-29T22:37:58Z,2026-08-30T00:37:58+0200,ede4ebfd-4cb0-4b05-bc4d-04fd38aa5047,2026-08-10T23:00:00Z,2026-08-11T01:00:00+0200,0.0,MW,DE,DE_LU,forecast_solar_generation,Solar,2026-08-29T22:40:46Z
2026-08-29T22:37:58Z,2026-08-30T00:37:58+0200,ede4ebfd-4cb0-4b05-bc4d-04fd38aa5047,2026-08-10T23:15:00Z,2026-08-11T01:15:00+0200,0.0,MW,DE,DE_LU,forecast_solar_generation,Solar,2026-08-29T22:40:46Z
2026-08-29T22:37:58Z,2026-08-30T00:37:58+0200,ede4ebfd-4cb0-4b05-bc4d-04fd38aa5047,2026-08-10T23:30:00Z,2026-08-11T01:30:00+0200,0.0,MW,DE,DE_LU,forecast_solar_generation,Solar,2026-08-29T22:40:46Z
2026-08-29T22:37:58Z,2026-08-30T00:37:58+0200,ede4ebfd-4cb0-4b05-bc4d-04fd38aa5047,2026-08-10T23:45:00Z,2026-08-11T01:45:00+0200,0.0,MW,DE,DE_LU,forecast_solar_generation,Solar,2026-08-29T22:40:46Z
2026-08-29T22:37:58Z,2026-08-30T00:37:58+0200,ede4ebfd-4cb0-4b05-bc4d-04fd38aa5047,2026-08-11T00:00:00Z,2026-08-11T02:00:00+0200,0.0,MW,DE,DE_LU,forecast_solar_generation,Solar,2026-08-29T22:40:46Z
2026-08-29T22:37:58Z,2026-08-30T00:37:58+0200,ede4ebfd-4cb0-4b05-bc4d-04fd38aa5047,2026-08-11T00:15:00Z,2026-08-11T02:15:00+0200,0.0,MW,DE,DE_LU,forecast_solar_generation,Solar,2026-08-29T22:40:46Z
2026-08-29T22:37:58Z,2026-08-30T00:37:58+0200,ede4ebfd-4cb0-4b05-bc4d-04fd38aa5047,2026-08-11T00:30:00Z,2026-08-11T02:30:00+0200,0.0,MW,DE,DE_LU,forecast_solar_generation,Solar,2026-08-29T22:40:46Z
2026-08-29T22:37:58Z,2026-08-30T00:37:58+0200,ede4ebfd-4cb0-4b05-bc4d-04fd38aa5047,2026-08-11T00:45:00Z,2026-08-11T02:45:00+0200,0.0,MW,DE,DE_LU,forecast_solar_generation,Solar,2026-08-29T22:40:46Z
2026-08-29T22:37:58Z,2026-08-30T00:37:58+0200,ede4ebfd-4cb0-4b05-bc4d-04fd38aa5047,2026-08-11T01:00:00Z,2026-08-11T03:00:00+0200,0.0,MW,DE,DE_LU,forecast_solar_generation,Solar,2026-08-29T22:40:46Z
2026-08-29T22:37:58Z,2026-08-30T00:37:58+0200,ede4ebfd-4cb0-4b05-bc4d-04fd38aa5047,2026-08-11T01:15:00Z,2026-08-11T03:15:00+0200,0.0,MW,DE,DE_LU,forecast_solar_generation,Solar,2026-08-29T22:40:46Z
2026-08-29T22:37:58Z,2026-08-30T00:37:58+0200,ede4ebfd-4cb0-4b05-bc4d-04fd38aa5047,2026-08-11T01:30:00Z,2026-08-11T03:30:00+0200,0.0,MW,DE,DE_LU,forecast_solar_generation,Solar,2026-08-29T22:40:46Z
2026-08-29T22:37:58Z,2026-08-30T00:37:58+0200,ede4ebfd-4cb0-4b05-bc4d-04fd38aa5047,2026-08-11T01:45:00Z,2026-08-11T03:45:00+0200,0.0,MW,DE,DE_LU,forecast_solar_generation,Solar,2026-08-29T22:40:46Z
2026-08-29T22:37:58Z,2026-08-30T00:37:58+0200,ede4ebfd-4cb0-4b05-bc4d-04fd38aa5047,2026-08-11T02:00:00Z,2026-08-11T04:00:00+0200,0.0,MW,DE,DE_LU,forecast_solar_generation,Solar,2026-08-29T22:40:46Z
2026-08-29T22:37:58Z,2026-08-30T00:37:58+0200,ede4ebfd-4cb0-4b05-bc4d-04fd38aa5047,2026-08-11T02:15:00Z,2026-08-11T04:15:00+0200,0.0,MW,DE,DE_LU,forecast_solar_generation,Solar,2026-08-29T22:40:46Z
2026-08-29T22:37:58Z,2026-08-30T00:37:58+0200,ede4ebfd-4cb0-4b05-bc4d-04fd38aa5047,2026-08-11T02:30:00Z,2026-08-11T04:30:00+0200,0.0,MW,DE,DE_LU,forecast_solar_generation,Solar,2026-08-29T22:40:46Z
2026-08-29T22:37:58Z,2026-08-30T00:37:58+0200,ede4ebfd-4cb0-4b05-bc4d-04fd38aa5047,2026-08-11T02:45:00Z,2026-08-11T04:45:00+0200,0.0,MW,DE,DE_LU,forecast_solar_generation,Solar,2026-08-29T22:40:46Z
2026-08-29T22:37:58Z,2026-08-30T00:37:58+0200,ede4ebfd-4cb0-4b05-bc4d-04fd38aa5047,2026-08-11T03:00:00Z,2026-08-11T05:00:00+0200,0.0,MW,DE,DE_LU,forecast_solar_generation,Solar,2026-08-29T22:40:46Z
2026-08-29T22:37:58Z,2026-08-30T00:37:58+0200,ede4ebfd-4cb0-4b05-bc4d-04fd38aa5047,2026-08-11T03:15:00Z,2026-08-11T05:15:00+0200,0.0,MW,DE,DE_LU,forecast_solar_generation,Solar,2026-08-29T22:40:46Z
2026-08-29T22:37:58Z,2026-08-30T00:37:58+0200,ede4ebfd-4cb0-4b05-bc4d-04fd38aa5047,2026-08-11T03:30:00Z,2026-08-11T05:30:00+0200,0.52,MW,DE,DE_LU,forecast_solar_generation,Solar,2026-08-29T22:40:46Z
2026-08-29T22:37:58Z,2026-08-30T00:37:58+0200,ede4ebfd-4cb0-4b05-bc4d-04fd38aa5047,2026-08-11T03:45:00Z,2026-08-11T05:45:00+0200,53.59578,MW,DE,DE_LU,forecast_solar_generation,Solar,2026-08-29T22:40:46Z
2026-08-29T22:37:58Z,2026-08-30T00:37:58+0200,ede4ebfd-4cb0-4b05-bc4d-04fd38aa5047,2026-08-11T04:00:00Z,2026-08-11T06:00:00+0200,321.73704,MW,DE,DE_LU,forecast_solar_generation,Solar,2026-08-29T22:40:46Z
2026-08-29T22:37:58Z,2026-08-30T00:37:58+0200,ede4ebfd-4cb0-4b05-bc4d-04fd38aa5047,2026-08-11T04:15:00Z,2026-08-11T06:15:00+0200,990.6612,MW,DE,DE_LU,forecast_solar_generation,Solar,2026-08-29T22:40:46Z
2026-08-29T22:37:58Z,2026-08-30T00:37:58+0200,ede4ebfd-4cb0-4b05-bc4d-04fd38aa5047,2026-08-11T04:30:00Z,2026-08-11T06:30:00+0200,1947.04199,MW,DE,DE_LU,forecast_solar_generation,Solar,2026-08-29T22:40:46Z
2026-08-29T22:37:58Z,2026-08-30T00:37:58+0200,ede4ebfd-4cb0-4b05-bc4d-04fd38aa5047,2026-08-11T04:45:00Z,2026-08-11T06:45:00+0200,3183.25456,MW,DE,DE_LU,forecast_solar_generation,Solar,2026-08-29T22:40:46Z
2026-08-29T22:37:58Z,2026-08-30T00:37:58+0200,ede4ebfd-4cb0-4b05-bc4d-04fd38aa5047,2026-08-11T05:00:00Z,2026-08-11T07:00:00+0200,4808.63551,MW,DE,DE_LU,forecast_solar_generation,Solar,2026-08-29T22:40:46Z
2026-08-29T22:37:58Z,2026-08-30T00:37:58+0200,ede4ebfd-4cb0-4b05-bc4d-04fd38aa5047,2026-08-11T05:15:00Z,2026-08-11T07:15:00+0200,6961.61969,MW,DE,DE_LU,forecast_solar_generation,Solar,2026-08-29T22:40:46Z
2026-08-29T22:37:58Z,2026-08-30T00:37:58+0200,ede4ebfd-4cb0-4b05-bc4d-04fd38aa5047,2026-08-11T05:30:00Z,2026-08-11T07:30:00+0200,9583.15095,MW,DE,DE_LU,forecast_solar_generation,Solar,2026-08-29T22:40:46Z
2026-08-29T22:37:58Z,2026-08-30T00:37:58+0200,ede4ebfd-4cb0-4b05-bc4d-04fd38aa5047,2026-08-11T05:45:00Z,2026-08-11T07:45:00+0200,12531.5896,MW,DE,DE_LU,forecast_solar_generation,Solar,2026-08-29T22:40:46Z
2026-08-29T22:37:58Z,2026-08-30T00:37:58+0200,ede4ebfd-4cb0-4b05-bc4d-04fd38aa5047,2026-08-11T06:00:00Z,2026-08-11T08:00:00+0200,15657.61566,MW,DE,DE_LU,forecast_solar_generation,Solar,2026-08-29T22:40:46Z
2026-08-29T22:37:58Z,2026-08-30T00:37:58+0200,ede4ebfd-4cb0-4b05-bc4d-04fd38aa5047,2026-08-11T06:15:00Z,2026-08-11T08:15:00+0200,18973.59036,MW,DE,DE_LU,forecast_solar_generation,Solar,2026-08-29T22:40:46Z
2026-08-29T22:37:58Z,2026-08-30T00:37:58+0200,ede4ebfd-4cb0-4b05-bc4d-04fd38aa5047,2026-08-11T06:30:00Z,2026-08-11T08:30:00+0200,22362.57491,MW,DE,DE_LU,forecast_solar_generation,Solar,2026-08-29T22:40:46Z
2026-08-29T22:37:58Z,2026-08-30T00:37:58+0200,ede4ebfd-4cb0-4b05-bc4d-04fd38aa5047,2026-08-11T06:45:00Z,2026-08-11T08:45:00+0200,25692.03985,MW,DE,DE_LU,forecast_solar_generation,Solar,2026-08-29T22:40:46Z
2026-08-29T22:37:58Z,2026-08-30T00:37:58+0200,ede4ebfd-4cb0-4b05-bc4d-04fd38aa5047,2026-08-11T07:00:00Z,2026-08-11T09:00:00+0200,28858.73246,MW,DE,DE_LU,forecast_solar_generation,Solar,2026-08-29T22:40:46Z
2026-08-29T22:37:58Z,2026-08-30T00:37:58+0200,ede4ebfd-4cb0-4b05-bc4d-04fd38aa5047,2026-08-11T07:15:00Z,2026-08-11T09:15:00+0200,31866.7363,MW,DE,DE_LU,forecast_solar_generation,Solar,2026-08-29T22:40:46Z
2026-08-29T22:37:58Z,2026-08-30T00:37:58+0200,ede4ebfd-4cb0-4b05-bc4d-04fd38aa5047,2026-08-11T07:30:00Z,2026-08-11T09:30:00+0200,34697.75947,MW,DE,DE_LU,forecast_solar_generation,Solar,2026-08-29T22:40:46Z
2026-08-29T22:37:58Z,2026-08-30T00:37:58+0200,ede4ebfd-4cb0-4b05-bc4d-04fd38aa5047,2026-08-11T07:45:00Z,2026-08-11T09:45:00+0200,37347.27169,MW,DE,DE_LU,forecast_solar_generation,Solar,2026-08-29T22:40:46Z
2026-08-29T22:37:58Z,2026-08-30T00:37:58+0200,ede4ebfd-4cb0-4b05-bc4d-04fd38aa5047,2026-08-11T08:00:00Z,2026-08-11T10:00:00+0200,39804.51947,MW,DE,DE_LU,forecast_solar_generation,Solar,2026-08-29T22:40:46Z
2026-08-29T22:37:58Z,2026-08-30T00:37:58+0200,ede4ebfd-4cb0-4b05-bc4d-04fd38aa5047,2026-08-11T08:15:00Z,2026-08-11T10:15:00+0200,42069.85456,MW,DE,DE_LU,forecast_solar_generation,Solar,2026-08-29T22:40:46Z
2026-08-29T22:37:58Z,2026-08-30T00:37:58+0200,ede4ebfd-4cb0-4b05-bc4d-04fd38aa5047,2026-08-11T08:30:00Z,2026-08-11T10:30:00+0200,44136.14046,MW,DE,DE_LU,forecast_solar_generation,Solar,2026-08-29T22:40:46Z
2026-08-29T22:37:58Z,2026-08-30T00:37:58+0200,ede4ebfd-4cb0-4b05-bc4d-04fd38aa5047,2026-08-11T08:45:00Z,2026-08-11T10:45:00+0200,46051.03144,MW,DE,DE_LU,forecast_solar_generation,Solar,2026-08-29T22:40:46Z
2026-08-29T22:37:58Z,2026-08-30T00:37:58+0200,ede4ebfd-4cb0-4b05-bc4d-04fd38aa5047,2026-08-11T09:00:00Z,2026-08-11T11:00:00+0200,47750.28373,MW,DE,DE_LU,forecast_solar_generation,Solar,2026-08-29T22:40:46Z
2026-08-29T22:37:58Z,2026-08-30T00:37:58+0200,ede4ebfd-4cb0-4b05-bc4d-04fd38aa5047,2026-08-11T09:15:00Z,2026-08-11T11:15:00+0200,49240.68419,MW,DE,DE_LU,forecast_solar_generation,Solar,2026-08-29T22:40:46Z
2026-08-29T22:37:58Z,2026-08-30T00:37:58+0200,ede4ebfd-4cb0-4b05-bc4d-04fd38aa5047,2026-08-11T09:30:00Z,2026-08-11T11:30:00+0200,50507.42809,MW,DE,DE_LU,forecast_solar_generation,Solar,2026-08-29T22:40:46Z
2026-08-29T22:37:58Z,2026-08-30T00:37:58+0200,ede4ebfd-4cb0-4b05-bc4d-04fd38aa5047,2026-08-11T09:45:00Z,2026-08-11T11:45:00+0200,51601.09728,MW,DE,DE_LU,forecast_solar_generation,Solar,2026-08-29T22:40:46Z
2026-08-29T22:37:58Z,2026-08-30T00:37:58+0200,ede4ebfd-4cb0-4b05-bc4d-04fd38aa5047,2026-08-11T10:00:00Z,2026-08-11T12:00:00+0200,52529.93527,MW,DE,DE_LU,forecast_solar_generation,Solar,2026-08-29T22:40:46Z
2026-08-29T22:37:58Z,2026-08-30T00:37:58+0200,ede4ebfd-4cb0-4b05-bc4d-04fd38aa5047,2026-08-11T10:15:00Z,2026-08-11T12:15:00+0200,53231.32409,MW,DE,DE_LU,forecast_solar_generation,Solar,2026-08-29T22:40:46Z
2026-08-29T22:37:58Z,2026-08-30T00:37:58+0200,ede4ebfd-4cb0-4b05-bc4d-04fd38aa5047,2026-08-11T10:30:00Z,2026-08-11T12:30:00+0200,53804.03478,MW,DE,DE_LU,forecast_solar_generation,Solar,2026-08-29T22:40:46Z
2026-08-29T22:37:58Z,2026-08-30T00:37:58+0200,ede4ebfd-4cb0-4b05-bc4d-04fd38aa5047,2026-08-11T10:45:00Z,2026-08-11T12:45:00+0200,54233.29308,MW,DE,DE_LU,forecast_solar_generation,Solar,2026-08-29T22:40:46Z
2026-08-29T22:37:58Z,2026-08-30T00:37:58+0200,ede4ebfd-4cb0-4b05-bc4d-04fd38aa5047,2026-08-11T11:00:00Z,2026-08-11T13:00:00+0200,54535.59012,MW,DE,DE_LU,forecast_solar_generation,Solar,2026-08-29T22:40:46Z
2026-08-29T22:37:58Z,2026-08-30T00:37:58+0200,ede4ebfd-4cb0-4b05-bc4d-04fd38aa5047,2026-08-11T11:15:00Z,2026-08-11T13:15:00+0200,54647.92115,MW,DE,DE_LU,forecast_solar_generation,Solar,2026-08-29T22:40:46Z
2026-08-29T22:37:58Z,2026-08-30T00:37:58+0200,ede4ebfd-4cb0-4b05-bc4d-04fd38aa5047,2026-08-11T11:30:00Z,2026-08-11T13:30:00+0200,54598.46258,MW,DE,DE_LU,forecast_solar_generation,Solar,2026-08-29T22:40:46Z
2026-08-29T22:37:58Z,2026-08-30T00:37:58+0200,ede4ebfd-4cb0-4b05-bc4d-04fd38aa5047,2026-08-11T11:45:00Z,2026-08-11T13:45:00+0200,54424.7712,MW,DE,DE_LU,forecast_solar_generation,Solar,2026-08-29T22:40:46Z
2026-08-29T22:37:58Z,2026-08-30T00:37:58+0200,ede4ebfd-4cb0-4b05-bc4d-04fd38aa5047,2026-08-11T12:00:00Z,2026-08-11T14:00:00+0200,54043.09582,MW,DE,DE_LU,forecast_solar_generation,Solar,2026-08-29T22:40:46Z
2026-08-29T22:37:58Z,2026-08-30T00:37:58+0200,ede4ebfd-4cb0-4b05-bc4d-04fd38aa5047,2026-08-11T12:15:00Z,2026-08-11T14:15:00+0200,53485.90318,MW,DE,DE_LU,forecast_solar_generation,Solar,2026-08-29T22:40:46Z
2026-08-29T22:37:58Z,2026-08-30T00:37:58+0200,ede4ebfd-4cb0-4b05-bc4d-04fd38aa5047,2026-08-11T12:30:00Z,2026-08-11T14:30:00+0200,52754.13003,MW,DE,DE_LU,forecast_solar_generation,Solar,2026-08-29T22:40:46Z
2026-08-29T22:37:58Z,2026-08-30T00:37:58+0200,ede4ebfd-4cb0-4b05-bc4d-04fd38aa5047,2026-08-11T12:45:00Z,2026-08-11T14:45:00+0200,51831.99221,MW,DE,DE_LU,forecast_solar_generation,Solar,2026-08-29T22:40:46Z
2026-08-29T22:37:58Z,2026-08-30T00:37:58+0200,ede4ebfd-4cb0-4b05-bc4d-04fd38aa5047,2026-08-11T13:00:00Z,2026-08-11T15:00:00+0200,50735.64809,MW,DE,DE_LU,forecast_solar_generation,Solar,2026-08-29T22:40:46Z
2026-08-29T22:37:58Z,2026-08-30T00:37:58+0200,ede4ebfd-4cb0-4b05-bc4d-04fd38aa5047,2026-08-11T13:15:00Z,2026-08-11T15:15:00+0200,49461.1072,MW,DE,DE_LU,forecast_solar_generation,Solar,2026-08-29T22:40:46Z
2026-08-29T22:37:58Z,2026-08-30T00:37:58+0200,ede4ebfd-4cb0-4b05-bc4d-04fd38aa5047,2026-08-11T13:30:00Z,2026-08-11T15:30:00+0200,48008.04216,MW,DE,DE_LU,forecast_solar_generation,Solar,2026-08-29T22:40:46Z
2026-08-29T22:37:58Z,2026-08-30T00:37:58+0200,ede4ebfd-4cb0-4b05-bc4d-04fd38aa5047,2026-08-11T13:45:00Z,2026-08-11T15:45:00+0200,46369.23601,MW,DE,DE_LU,forecast_solar_generation,Solar,2026-08-29T22:40:46Z
2026-08-29T22:37:58Z,2026-08-30T00:37:58+0200,ede4ebfd-4cb0-4b05-bc4d-04fd38aa5047,2026-08-11T14:00:00Z,2026-08-11T16:00:00+0200,44506.5444,MW,DE,DE_LU,forecast_solar_generation,Solar,2026-08-29T22:40:46Z
2026-08-29T22:37:58Z,2026-08-30T00:37:58+0200,ede4ebfd-4cb0-4b05-bc4d-04fd38aa5047,2026-08-11T14:15:00Z,2026-08-11T16:15:00+0200,42401.23779,MW,DE,DE_LU,forecast_solar_generation,Solar,2026-08-29T22:40:46Z
2026-08-29T22:37:58Z,2026-08-30T00:37:58+0200,ede4ebfd-4cb0-4b05-bc4d-04fd38aa5047,2026-08-11T14:30:00Z,2026-08-11T16:30:00+0200,40090.35577,MW,DE,DE_LU,forecast_solar_generation,Solar,2026-08-29T22:40:46Z
2026-08-29T22:37:58Z,2026-08-30T00:37:58+0200,ede4ebfd-4cb0-4b05-bc4d-04fd38aa5047,2026-08-11T14:45:00Z,2026-08-11T16:45:00+0200,37572.33597,MW,DE,DE_LU,forecast_solar_generation,Solar,2026-08-29T22:40:46Z
2026-08-29T22:37:58Z,2026-08-30T00:37:58+0200,ede4ebfd-4cb0-4b05-bc4d-04fd38aa5047,2026-08-11T15:00:00Z,2026-08-11T17:00:00+0200,34871.1847,MW,DE,DE_LU,forecast_solar_generation,Solar,2026-08-29T22:40:46Z
2026-08-29T22:37:58Z,2026-08-30T00:37:58+0200,ede4ebfd-4cb0-4b05-bc4d-04fd38aa5047,2026-08-11T15:15:00Z,2026-08-11T17:15:00+0200,31971.59034,MW,DE,DE_LU,forecast_solar_generation,Solar,2026-08-29T22:40:46Z
2026-08-29T22:37:58Z,2026-08-30T00:37:58+0200,ede4ebfd-4cb0-4b05-bc4d-04fd38aa5047,2026-08-11T15:30:00Z,2026-08-11T17:30:00+0200,28905.45155,MW,DE,DE_LU,forecast_solar_generation,Solar,2026-08-29T22:40:46Z
2026-08-29T22:37:58Z,2026-08-30T00:37:58+0200,ede4ebfd-4cb0-4b05-bc4d-04fd38aa5047,2026-08-11T15:45:00Z,2026-08-11T17:45:00+0200,25721.57367,MW,DE,DE_LU,forecast_solar_generation,Solar,2026-08-29T22:40:46Z
2026-08-29T22:37:58Z,2026-08-30T00:37:58+0200,ede4ebfd-4cb0-4b05-bc4d-04fd38aa5047,2026-08-11T16:00:00Z,2026-08-11T18:00:00+0200,22404.66475,MW,DE,DE_LU,forecast_solar_generation,Solar,2026-08-29T22:40:46Z
2026-08-29T22:37:58Z,2026-08-30T00:37:58+0200,ede4ebfd-4cb0-4b05-bc4d-04fd38aa5047,2026-08-11T16:15:00Z,2026-08-11T18:15:00+0200,19011.96505,MW,DE,DE_LU,forecast_solar_generation,Solar,2026-08-29T22:40:46Z
2026-08-29T22:37:58Z,2026-08-30T00:37:58+0200,ede4ebfd-4cb0-4b05-bc4d-04fd38aa5047,2026-08-11T16:30:00Z,2026-08-11T18:30:00+0200,15628.97505,MW,DE,DE_LU,forecast_solar_generation,Solar,2026-08-29T22:40:46Z
2026-08-29T22:37:58Z,2026-08-30T00:37:58+0200,ede4ebfd-4cb0-4b05-bc4d-04fd38aa5047,2026-08-11T16:45:00Z,2026-08-11T18:45:00+0200,12391.1995,MW,DE,DE_LU,forecast_solar_generation,Solar,2026-08-29T22:40:46Z
2026-08-29T22:37:58Z,2026-08-30T00:37:58+0200,ede4ebfd-4cb0-4b05-bc4d-04fd38aa5047,2026-08-11T17:00:00Z,2026-08-11T19:00:00+0200,9440.31679,MW,DE,DE_LU,forecast_solar_generation,Solar,2026-08-29T22:40:46Z
2026-08-29T22:37:58Z,2026-08-30T00:37:58+0200,ede4ebfd-4cb0-4b05-bc4d-04fd38aa5047,2026-08-11T17:15:00Z,2026-08-11T19:15:00+0200,6850.8719,MW,DE,DE_LU,forecast_solar_generation,Solar,2026-08-29T22:40:46Z
2026-08-29T22:37:58Z,2026-08-30T00:37:58+0200,ede4ebfd-4cb0-4b05-bc4d-04fd38aa5047,2026-08-11T17:30:00Z,2026-08-11T19:30:00+0200,4725.62877,MW,DE,DE_LU,forecast_solar_generation,Solar,2026-08-29T22:40:46Z
2026-08-29T22:37:58Z,2026-08-30T00:37:58+0200,ede4ebfd-4cb0-4b05-bc4d-04fd38aa5047,2026-08-11T17:45:00Z,2026-08-11T19:45:00+0200,3120.69943,MW,DE,DE_LU,forecast_solar_generation,Solar,2026-08-29T22:40:46Z
2026-08-29T22:37:58Z,2026-08-30T00:37:58+0200,ede4ebfd-4cb0-4b05-bc4d-04fd38aa5047,2026-08-11T18:00:00Z,2026-08-11T20:00:00+0200,1882.02507,MW,DE,DE_LU,forecast_solar_generation,Solar,2026-08-29T22:40:46Z
2026-08-29T22:37:58Z,2026-08-30T00:37:58+0200,ede4ebfd-4cb0-4b05-bc4d-04fd38aa5047,2026-08-11T18:15:00Z,2026-08-11T20:15:00+0200,949.74062,MW,DE,DE_LU,forecast_solar_generation,Solar,2026-08-29T22:40:46Z
2026-08-29T22:37:58Z,2026-08-30T00:37:58+0200,ede4ebfd-4cb0-4b05-bc4d-04fd38aa5047,2026-08-11T18:30:00Z,2026-08-11T20:30:00+0200,375.35506,MW,DE,DE_LU,forecast_solar_generation,Solar,2026-08-29T22:40:46Z
2026-08-29T22:37:58Z,2026-08-30T00:37:58+0200,ede4ebfd-4cb0-4b05-bc4d-04fd38aa5047,2026-08-11T18:45:00Z,2026-08-11T20:45:00+0200,117.57654,MW,DE,DE_LU,forecast_solar_generation,Solar,2026-08-29T22:40:46Z
2026-08-29T22:37:58Z,2026-08-30T00:37:58+0200,ede4ebfd-4cb0-4b05-bc4d-04fd38aa5047,2026-08-11T19:00:00Z,2026-08-11T21:00:00+0200,32.53732,MW,DE,DE_LU,forecast_solar_generation,Solar,2026-08-29T22:40:46Z
2026-08-29T22:37:58Z,2026-08-30T00:37:58+0200,ede4ebfd-4cb0-4b05-bc4d-04fd38aa5047,2026-08-11T19:15:00Z,2026-08-11T21:15:00+0200,0.0,MW,DE,DE_LU,forecast_solar_generation,Solar,2026-08-29T22:40:46Z
2026-08-29T22:37:58Z,2026-08-30T00:37:58+0200,ede4ebfd-4cb0-4b05-bc4d-04fd38aa5047,2026-08-11T19:30:00Z,2026-08-11T21:30:00+0200,0.0,MW,DE,DE_LU,forecast_solar_generation,Solar,2026-08-29T22:40:46Z
2026-08-29T22:37:58Z,2026-08-30T00:37:58+0200,ede4ebfd-4cb0-4b05-bc4d-04fd38aa5047,2026-08-11T19:45:00Z,2026-08-11T21:45:00+0200,0.0,MW,DE,DE_LU,forecast_solar_generation,Solar,2026-08-29T22:40:46Z
2026-08-29T22:37:58Z,2026-08-30T00:37:58+0200,ede4ebfd-4cb0-4b05-bc4d-04fd38aa5047,2026-08-11T20:00:00Z,2026-08-11T22:00:00+0200,0.0,MW,DE,DE_LU,forecast_solar_generation,Solar,2026-08-29T22:40:46Z
2026-08-29T22:37:58Z,2026-08-30T00:37:58+0200,ede4ebfd-4cb0-4b05-bc4d-04fd38aa5047,2026-08-11T20:15:00Z,2026-08-11T22:15:00+0200,0.0,MW,DE,DE_LU,forecast_solar_generation,Solar,2026-08-29T22:40:46Z
2026-08-29T22:37:58Z,2026-08-30T00:37:58+0200,ede4ebfd-4cb0-4b05-bc4d-04fd38aa5047,2026-08-11T20:30:00Z,2026-08-11T22:30:00+0200,0.0,MW,DE,DE_LU,forecast_solar_generation,Solar,2026-08-29T22:40:46Z
2026-08-29T22:37:58Z,2026-08-30T00:37:58+0200,ede4ebfd-4cb0-4b05-bc4d-04fd38aa5047,2026-08-11T20:45:00Z,2026-08-11T22:45:00+0200,0.0,MW,DE,DE_LU,forecast_solar_generation,Solar,2026-08-29T22:40:46Z
2026-08-29T22:37:58Z,2026-08-30T00:37:58+0200,ede4ebfd-4cb0-4b05-bc4d-04fd38aa5047,2026-08-11T21:00:00Z,2026-08-11T23:00:00+0200,0.0,MW,DE,DE_LU,forecast_solar_generation,Solar,2026-08-29T22:40:46Z
2026-08-29T22:37:58Z,2026-08-30T00:37:58+0200,ede4ebfd-4cb0-4b05-bc4d-04fd38aa5047,2026-08-11T21:15:00Z,2026-08-11T23:15:00+0200,0.0,MW,DE,DE_LU,forecast_solar_generation,Solar,2026-08-29T22:40:46Z
2026-08-29T22:37:58Z,2026-08-30T00:37:58+0200,ede4ebfd-4cb0-4b05-bc4d-04fd38aa5047,2026-08-11T21:30:00Z,2026-08-11T23:30:00+0200,0.0,MW,DE,DE_LU,forecast_solar_generation,Solar,2026-08-29T22:40:46Z
2026-08-29T22:37:58Z,2026-08-30T00:37:58+0200,ede4ebfd-4cb0-4b05-bc4d-04fd38aa5047,2026-08-11T21:45:00Z,2026-08-11T23:45:00+0200,0.0,MW,DE,DE_LU,forecast_solar_generation,Solar,2026-08-29T22:40:46Z
2026-08-29T22:37:58Z,2026-08-30T00:37:58+0200,ede4ebfd-4cb0-4b05-bc4d-04fd38aa5047,2026-08-11T22:00:00Z,2026-08-12T00:00:00+0200,0.0,MW,DE,DE_LU,forecast_solar_generation,Solar,2026-08-29T22:40:46Z
2026-08-29T22:37:58Z,2026-08-30T00:37:58+0200,ede4ebfd-4cb0-4b05-bc4d-04fd38aa5047,2026-08-11T22:15:00Z,2026-08-12T00:15:00+0200,0.0,MW,DE,DE_LU,forecast_solar_generation,Solar,2026-08-29T22:40:46Z
2026-08-29T22:37:58Z,2026-08-30T00:37:58+0200,ede4ebfd-4cb0-4b05-bc4d-04fd38aa5047,2026-08-11T22:30:00Z,2026-08-12T00:30:00+0200,0.0,MW,DE,DE_LU,forecast_solar_generation,Solar,2026-08-29T22:40:46Z
2026-08-29T22:37:58Z,2026-08-30T00:37:58+0200,ede4ebfd-4cb0-4b05-bc4d-04fd38aa5047,2026-08-11T22:45:00Z,2026-08-12T00:45:00+0200,0.0,MW,DE,DE_LU,forecast_solar_generation,Solar,2026-08-29T22:40:46Z
2026-08-29T22:37:58Z,2026-08-30T00:37:58+0200,ede4ebfd-4cb0-4b05-bc4d-04fd38aa5047,2026-08-11T23:00:00Z,2026-08-12T01:00:00+0200,0.0,MW,DE,DE_LU,forecast_solar_generation,Solar,2026-08-29T22:40:46Z
2026-08-29T22:37:58Z,2026-08-30T00:37:58+0200,ede4ebfd-4cb0-4b05-bc4d-04fd38aa5047,2026-08-11T23:15:00Z,2026-08-12T01:15:00+0200,0.0,MW,DE,DE_LU,forecast_solar_generation,Solar,2026-08-29T22:40:46Z
2026-08-29T22:37:58Z,2026-08-30T00:37:58+0200,ede4ebfd-4cb0-4b05-bc4d-04fd38aa5047,2026-08-11T23:30:00Z,2026-08-12T01:30:00+0200,0.0,MW,DE,DE_LU,forecast_solar_generation,Solar,2026-08-29T22:40:46Z
2026-08-29T22:37:58Z,2026-08-30T00:37:58+0200,ede4ebfd-4cb0-4b05-bc4d-04fd38aa5047,2026-08-11T23:45:00Z,2026-08-12T01:45:00+0200,0.0,MW,DE,DE_LU,forecast_solar_generation,Solar,2026-08-29T22:40:46Z
2026-08-29T22:37:58Z,2026-08-30T00:37:58+0200,ede4ebfd-4cb0-4b05-bc4d-04fd38aa5047,2026-08-12T00:00:00Z,2026-08-12T02:00:00+0200,0.0,MW,DE,DE_LU,forecast_solar_generation,Solar,2026-08-29T22:40:46Z
2026-08-29T22:37:58Z,2026-08-30T00:37:58+0200,ede4ebfd-4cb0-4b05-bc4d-04fd38aa5047,2026-08-12T00:15:00Z,2026-08-12T02:15:00+0200,0.0,MW,DE,DE_LU,forecast_solar_generation,Solar,2026-08-29T22:40:46Z
2026-08-29T22:37:58Z,2026-08-30T00:37:58+0200,ede4ebfd-4cb0-4b05-bc4d-04fd38aa5047,2026-08-12T00:30:00Z,2026-08-12T02:30:00+0200,0.0,MW,DE,DE_LU,forecast_solar_generation,Solar,2026-08-29T22:40:46Z
2026-08-29T22:37:58Z,2026-08-30T00:37:58+0200,ede4ebfd-4cb0-4b05-bc4d-04fd38aa5047,2026-08-12T00:45:00Z,2026-08-12T02:45:00+0200,0.0,MW,DE,DE_LU,forecast_solar_generation,Solar,2026-08-29T22:40:46Z
2026-08-29T22:37:58Z,2026-08-30T00:37:58+0200,ede4ebfd-4cb0-4b05-bc4d-04fd38aa5047,2026-08-12T01:00:00Z,2026-08-12T03:00:00+0200,0.0,MW,DE,DE_LU,forecast_solar_generation,Solar,2026-08-29T22:40:46Z
2026-08-29T22:37:58Z,2026-08-30T00:37:58+0200,ede4ebfd-4cb0-4b05-bc4d-04fd38aa5047,2026-08-12T01:15:00Z,2026-08-12T03:15:00+0200,0.0,MW,DE,DE_LU,forecast_solar_generation,Solar,2026-08-29T22:40:46Z
2026-08-29T22:37:58Z,2026-08-30T00:37:58+0200,ede4ebfd-4cb0-4b05-bc4d-04fd38aa5047,2026-08-12T01:30:00Z,2026-08-12T03:30:00+0200,0.0,MW,DE,DE_LU,forecast_solar_generation,Solar,2026-08-29T22:40:46Z
2026-08-29T22:37:58Z,2026-08-30T00:37:58+0200,ede4ebfd-4cb0-4b05-bc4d-04fd38aa5047,2026-08-12T01:45:00Z,2026-08-12T03:45:00+0200,0.0,MW,DE,DE_LU,forecast_solar_generation,Solar,2026-08-29T22:40:46Z
2026-08-29T22:37:58Z,2026-08-30T00:37:58+0200,ede4ebfd-4cb0-4b05-bc4d-04fd38aa5047,2026-08-12T02:00:00Z,2026-08-12T04:00:00+0200,0.0,MW,DE,DE_LU,forecast_solar_generation,Solar,2026-08-29T22:40:46Z
2026-08-29T22:37:58Z,2026-08-30T00:37:58+0200,ede4ebfd-4cb0-4b05-bc4d-04fd38aa5047,2026-08-12T02:15:00Z,2026-08-12T04:15:00+0200,0.0,MW,DE,DE_LU,forecast_solar_generation,Solar,2026-08-29T22:40:46Z
2026-08-29T22:37:58Z,2026-08-30T00:37:58+0200,ede4ebfd-4cb0-4b05-bc4d-04fd38aa5047,2026-08-12T02:30:00Z,2026-08-12T04:30:00+0200,0.0,MW,DE,DE_LU,forecast_solar_generation,Solar,2026-08-29T22:40:46Z
2026-08-29T22:37:58Z,2026-08-30T00:37:58+0200,ede4ebfd-4cb0-4b05-bc4d-04fd38aa5047,2026-08-12T02:45:00Z,2026-08-12T04:45:00+0200,0.0,MW,DE,DE_LU,forecast_solar_generation,Solar,2026-08-29T22:40:46Z
2026-08-29T22:37:58Z,2026-08-30T00:37:58+0200,ede4ebfd-4cb0-4b05-bc4d-04fd38aa5047,2026-08-12T03:00:00Z,2026-08-12T05:00:00+0200,0.0,MW,DE,DE_LU,forecast_solar_generation,Solar,2026-08-29T22:40:46Z
2026-08-29T22:37:58Z,2026-08-30T00:37:58+0200,ede4ebfd-4cb0-4b05-bc4d-04fd38aa5047,2026-08-12T03:15:00Z,2026-08-12T05:15:00+0200,0.0,MW,DE,DE_LU,forecast_solar_generation,Solar,2026-08-29T22:40:46Z
2026-08-29T22:37:58Z,2026-08-30T00:37:58+0200,ede4ebfd-4cb0-4b05-bc4d-04fd38aa5047,2026-08-12T03:30:00Z,2026-08-12T05:30:00+0200,0.11,MW,DE,DE_LU,forecast_solar_generation,Solar,2026-08-29T22:40:46Z
2026-08-29T22:37:58Z,2026-08-30T00:37:58+0200,ede4ebfd-4cb0-4b05-bc4d-04fd38aa5047,2026-08-12T03:45:00Z,2026-08-12T05:45:00+0200,51.37078,MW,DE,DE_LU,forecast_solar_generation,Solar,2026-08-29T22:40:46Z
2026-08-29T22:37:58Z,2026-08-30T00:37:58+0200,ede4ebfd-4cb0-4b05-bc4d-04fd38aa5047,2026-08-12T04:00:00Z,2026-08-12T06:00:00+0200,313.41739,MW,DE,DE_LU,forecast_solar_generation,Solar,2026-08-29T22:40:46Z
2026-08-29T22:37:58Z,2026-08-30T00:37:58+0200,ede4ebfd-4cb0-4b05-bc4d-04fd38aa5047,2026-08-12T04:15:00Z,2026-08-12T06:15:00+0200,1007.90937,MW,DE,DE_LU,forecast_solar_generation,Solar,2026-08-29T22:40:46Z
2026-08-29T22:37:58Z,2026-08-30T00:37:58+0200,ede4ebfd-4cb0-4b05-bc4d-04fd38aa5047,2026-08-12T04:30:00Z,2026-08-12T06:30:00+0200,2021.89617,MW,DE,DE_LU,forecast_solar_generation,Solar,2026-08-29T22:40:46Z
2026-08-29T22:37:58Z,2026-08-30T00:37:58+0200,ede4ebfd-4cb0-4b05-bc4d-04fd38aa5047,2026-08-12T04:45:00Z,2026-08-12T06:45:00+0200,3287.23022,MW,DE,DE_LU,forecast_solar_generation,Solar,2026-08-29T22:40:46Z
2026-08-29T22:37:58Z,2026-08-30T00:37:58+0200,ede4ebfd-4cb0-4b05-bc4d-04fd38aa5047,2026-08-12T05:00:00Z,2026-08-12T07:00:00+0200,4943.81313,MW,DE,DE_LU,forecast_solar_generation,Solar,2026-08-29T22:40:46Z
2026-08-29T22:37:58Z,2026-08-30T00:37:58+0200,ede4ebfd-4cb0-4b05-bc4d-04fd38aa5047,2026-08-12T05:15:00Z,2026-08-12T07:15:00+0200,7185.25335,MW,DE,DE_LU,forecast_solar_generation,Solar,2026-08-29T22:40:46Z
2026-08-29T22:37:58Z,2026-08-30T00:37:58+0200,ede4ebfd-4cb0-4b05-bc4d-04fd38aa5047,2026-08-12T05:30:00Z,2026-08-12T07:30:00+0200,9968.86295,MW,DE,DE_LU,forecast_solar_generation,Solar,2026-08-29T22:40:46Z
2026-08-29T22:37:58Z,2026-08-30T00:37:58+0200,ede4ebfd-4cb0-4b05-bc4d-04fd38aa5047,2026-08-12T05:45:00Z,2026-08-12T07:45:00+0200,13120.98221,MW,DE,DE_LU,forecast_solar_generation,Solar,2026-08-29T22:40:46Z
2026-08-29T22:37:58Z,2026-08-30T00:37:58+0200,ede4ebfd-4cb0-4b05-bc4d-04fd38aa5047,2026-08-12T06:00:00Z,2026-08-12T08:00:00+0200,16480.47023,MW,DE,DE_LU,forecast_solar_generation,Solar,2026-08-29T22:40:46Z
2026-08-29T22:37:58Z,2026-08-30T00:37:58+0200,ede4ebfd-4cb0-4b05-bc4d-04fd38aa5047,2026-08-12T06:15:00Z,2026-08-12T08:15:00+0200,20040.49012,MW,DE,DE_LU,forecast_solar_generation,Solar,2026-08-29T22:40:46Z
2026-08-29T22:37:58Z,2026-08-30T00:37:58+0200,ede4ebfd-4cb0-4b05-bc4d-04fd38aa5047,2026-08-12T06:30:00Z,2026-08-12T08:30:00+0200,23683.53254,MW,DE,DE_LU,forecast_solar_generation,Solar,2026-08-29T22:40:46Z
2026-08-29T22:37:58Z,2026-08-30T00:37:58+0200,ede4ebfd-4cb0-4b05-bc4d-04fd38aa5047,2026-08-12T06:45:00Z,2026-08-12T08:45:00+0200,27266.77345,MW,DE,DE_LU,forecast_solar_generation,Solar,2026-08-29T22:40:46Z
2026-08-29T22:37:58Z,2026-08-30T00:37:58+0200,ede4ebfd-4cb0-4b05-bc4d-04fd38aa5047,2026-08-12T07:00:00Z,2026-08-12T09:00:00+0200,30695.98434,MW,DE,DE_LU,forecast_solar_generation,Solar,2026-08-29T22:40:46Z
2026-08-29T22:37:58Z,2026-08-30T00:37:58+0200,ede4ebfd-4cb0-4b05-bc4d-04fd38aa5047,2026-08-12T07:15:00Z,2026-08-12T09:15:00+0200,33953.55148,MW,DE,DE_LU,forecast_solar_generation,Solar,2026-08-29T22:40:46Z
2026-08-29T22:37:58Z,2026-08-30T00:37:58+0200,ede4ebfd-4cb0-4b05-bc4d-04fd38aa5047,2026-08-12T07:30:00Z,2026-08-12T09:30:00+0200,37007.07058,MW,DE,DE_LU,forecast_solar_generation,Solar,2026-08-29T22:40:46Z
2026-08-29T22:37:58Z,2026-08-30T00:37:58+0200,ede4ebfd-4cb0-4b05-bc4d-04fd38aa5047,2026-08-12T07:45:00Z,2026-08-12T09:45:00+0200,39857.27587,MW,DE,DE_LU,forecast_solar_generation,Solar,2026-08-29T22:40:46Z
2026-08-29T22:37:58Z,2026-08-30T00:37:58+0200,ede4ebfd-4cb0-4b05-bc4d-04fd38aa5047,2026-08-12T08:00:00Z,2026-08-12T10:00:00+0200,42499.27037,MW,DE,DE_LU,forecast_solar_generation,Solar,2026-08-29T22:40:46Z
2026-08-29T22:37:58Z,2026-08-30T00:37:58+0200,ede4ebfd-4cb0-4b05-bc4d-04fd38aa5047,2026-08-12T08:15:00Z,2026-08-12T10:15:00+0200,44937.96482,MW,DE,DE_LU,forecast_solar_generation,Solar,2026-08-29T22:40:46Z
2026-08-29T22:37:58Z,2026-08-30T00:37:58+0200,ede4ebfd-4cb0-4b05-bc4d-04fd38aa5047,2026-08-12T08:30:00Z,2026-08-12T10:30:00+0200,47163.17412,MW,DE,DE_LU,forecast_solar_generation,Solar,2026-08-29T22:40:46Z
2026-08-29T22:37:58Z,2026-08-30T00:37:58+0200,ede4ebfd-4cb0-4b05-bc4d-04fd38aa5047,2026-08-12T08:45:00Z,2026-08-12T10:45:00+0200,49196.53903,MW,DE,DE_LU,forecast_solar_generation,Solar,2026-08-29T22:40:46Z
2026-08-29T22:37:58Z,2026-08-30T00:37:58+0200,ede4ebfd-4cb0-4b05-bc4d-04fd38aa5047,2026-08-12T09:00:00Z,2026-08-12T11:00:00+0200,51013.61817,MW,DE,DE_LU,forecast_solar_generation,Solar,2026-08-29T22:40:46Z
2026-08-29T22:37:58Z,2026-08-30T00:37:58+0200,ede4ebfd-4cb0-4b05-bc4d-04fd38aa5047,2026-08-12T09:15:00Z,2026-08-12T11:15:00+0200,52622.94163,MW,DE,DE_LU,forecast_solar_generation,Solar,2026-08-29T22:40:46Z
2026-08-29T22:37:58Z,2026-08-30T00:37:58+0200,ede4ebfd-4cb0-4b05-bc4d-04fd38aa5047,2026-08-12T09:30:00Z,2026-08-12T11:30:00+0200,53989.40925,MW,DE,DE_LU,forecast_solar_generation,Solar,2026-08-29T22:40:46Z
2026-08-29T22:37:58Z,2026-08-30T00:37:58+0200,ede4ebfd-4cb0-4b05-bc4d-04fd38aa5047,2026-08-12T09:45:00Z,2026-08-12T11:45:00+0200,55182.45818,MW,DE,DE_LU,forecast_solar_generation,Solar,2026-08-29T22:40:46Z
2026-08-29T22:37:58Z,2026-08-30T00:37:58+0200,ede4ebfd-4cb0-4b05-bc4d-04fd38aa5047,2026-08-12T10:00:00Z,2026-08-12T12:00:00+0200,56209.62773,MW,DE,DE_LU,forecast_solar_generation,Solar,2026-08-29T22:40:46Z
2026-08-29T22:37:58Z,2026-08-30T00:37:58+0200,ede4ebfd-4cb0-4b05-bc4d-04fd38aa5047,2026-08-12T10:15:00Z,2026-08-12T12:15:00+0200,57007.77735,MW,DE,DE_LU,forecast_solar_generation,Solar,2026-08-29T22:40:46Z
2026-08-29T22:37:58Z,2026-08-30T00:37:58+0200,ede4ebfd-4cb0-4b05-bc4d-04fd38aa5047,2026-08-12T10:30:00Z,2026-08-12T12:30:00+0200,57615.43188,MW,DE,DE_LU,forecast_solar_generation,Solar,2026-08-29T22:40:46Z
2026-08-29T22:37:58Z,2026-08-30T00:37:58+0200,ede4ebfd-4cb0-4b05-bc4d-04fd38aa5047,2026-08-12T10:45:00Z,2026-08-12T12:45:00+0200,58086.15435,MW,DE,DE_LU,forecast_solar_generation,Solar,2026-08-29T22:40:46Z
2026-08-29T22:37:58Z,2026-08-30T00:37:58+0200,ede4ebfd-4cb0-4b05-bc4d-04fd38aa5047,2026-08-12T11:00:00Z,2026-08-12T13:00:00+0200,58383.04803,MW,DE,DE_LU,forecast_solar_generation,Solar,2026-08-29T22:40:46Z
2026-08-29T22:37:58Z,2026-08-30T00:37:58+0200,ede4ebfd-4cb0-4b05-bc4d-04fd38aa5047,2026-08-12T11:15:00Z,2026-08-12T13:15:00+0200,58500.82531,MW,DE,DE_LU,forecast_solar_generation,Solar,2026-08-29T22:40:46Z
2026-08-29T22:37:58Z,2026-08-30T00:37:58+0200,ede4ebfd-4cb0-4b05-bc4d-04fd38aa5047,2026-08-12T11:30:00Z,2026-08-12T13:30:00+0200,58401.86348,MW,DE,DE_LU,forecast_solar_generation,Solar,2026-08-29T22:40:46Z
2026-08-29T22:37:58Z,2026-08-30T00:37:58+0200,ede4ebfd-4cb0-4b05-bc4d-04fd38aa5047,2026-08-12T11:45:00Z,2026-08-12T13:45:00+0200,58145.33246,MW,DE,DE_LU,forecast_solar_generation,Solar,2026-08-29T22:40:46Z
2026-08-29T22:37:58Z,2026-08-30T00:37:58+0200,ede4ebfd-4cb0-4b05-bc4d-04fd38aa5047,2026-08-12T12:00:00Z,2026-08-12T14:00:00+0200,57647.78144,MW,DE,DE_LU,forecast_solar_generation,Solar,2026-08-29T22:40:46Z
2026-08-29T22:37:58Z,2026-08-30T00:37:58+0200,ede4ebfd-4cb0-4b05-bc4d-04fd38aa5047,2026-08-12T12:15:00Z,2026-08-12T14:15:00+0200,56931.77163,MW,DE,DE_LU,forecast_solar_generation,Solar,2026-08-29T22:40:46Z
2026-08-29T22:37:58Z,2026-08-30T00:37:58+0200,ede4ebfd-4cb0-4b05-bc4d-04fd38aa5047,2026-08-12T12:30:00Z,2026-08-12T14:30:00+0200,55997.85218,MW,DE,DE_LU,forecast_solar_generation,Solar,2026-08-29T22:40:46Z
2026-08-29T22:37:58Z,2026-08-30T00:37:58+0200,ede4ebfd-4cb0-4b05-bc4d-04fd38aa5047,2026-08-12T12:45:00Z,2026-08-12T14:45:00+0200,54914.21437,MW,DE,DE_LU,forecast_solar_generation,Solar,2026-08-29T22:40:46Z
2026-08-29T22:37:58Z,2026-08-30T00:37:58+0200,ede4ebfd-4cb0-4b05-bc4d-04fd38aa5047,2026-08-12T13:00:00Z,2026-08-12T15:00:00+0200,53608.00972,MW,DE,DE_LU,forecast_solar_generation,Solar,2026-08-29T22:40:46Z
2026-08-29T22:37:58Z,2026-08-30T00:37:58+0200,ede4ebfd-4cb0-4b05-bc4d-04fd38aa5047,2026-08-12T13:15:00Z,2026-08-12T15:15:00+0200,52173.92718,MW,DE,DE_LU,forecast_solar_generation,Solar,2026-08-29T22:40:46Z
2026-08-29T22:37:58Z,2026-08-30T00:37:58+0200,ede4ebfd-4cb0-4b05-bc4d-04fd38aa5047,2026-08-12T13:30:00Z,2026-08-12T15:30:00+0200,50565.62707,MW,DE,DE_LU,forecast_solar_generation,Solar,2026-08-29T22:40:46Z
2026-08-29T22:37:58Z,2026-08-30T00:37:58+0200,ede4ebfd-4cb0-4b05-bc4d-04fd38aa5047,2026-08-12T13:45:00Z,2026-08-12T15:45:00+0200,48769.03658,MW,DE,DE_LU,forecast_solar_generation,Solar,2026-08-29T22:40:46Z
2026-08-29T22:37:58Z,2026-08-30T00:37:58+0200,ede4ebfd-4cb0-4b05-bc4d-04fd38aa5047,2026-08-12T14:00:00Z,2026-08-12T16:00:00+0200,46746.91728,MW,DE,DE_LU,forecast_solar_generation,Solar,2026-08-29T22:40:46Z
2026-08-29T22:37:58Z,2026-08-30T00:37:58+0200,ede4ebfd-4cb0-4b05-bc4d-04fd38aa5047,2026-08-12T14:15:00Z,2026-08-12T16:15:00+0200,44486.12636,MW,DE,DE_LU,forecast_solar_generation,Solar,2026-08-29T22:40:46Z
2026-08-29T22:37:58Z,2026-08-30T00:37:58+0200,ede4ebfd-4cb0-4b05-bc4d-04fd38aa5047,2026-08-12T14:30:00Z,2026-08-12T16:30:00+0200,42041.30911,MW,DE,DE_LU,forecast_solar_generation,Solar,2026-08-29T22:40:46Z
2026-08-29T22:37:58Z,2026-08-30T00:37:58+0200,ede4ebfd-4cb0-4b05-bc4d-04fd38aa5047,2026-08-12T14:45:00Z,2026-08-12T16:45:00+0200,39355.16049,MW,DE,DE_LU,forecast_solar_generation,Solar,2026-08-29T22:40:46Z
2026-08-29T22:37:58Z,2026-08-30T00:37:58+0200,ede4ebfd-4cb0-4b05-bc4d-04fd38aa5047,2026-08-12T15:00:00Z,2026-08-12T17:00:00+0200,36499.27072,MW,DE,DE_LU,forecast_solar_generation,Solar,2026-08-29T22:40:46Z
2026-08-29T22:37:58Z,2026-08-30T00:37:58+0200,ede4ebfd-4cb0-4b05-bc4d-04fd38aa5047,2026-08-12T15:15:00Z,2026-08-12T17:15:00+0200,33428.9199,MW,DE,DE_LU,forecast_solar_generation,Solar,2026-08-29T22:40:46Z
2026-08-29T22:37:58Z,2026-08-30T00:37:58+0200,ede4ebfd-4cb0-4b05-bc4d-04fd38aa5047,2026-08-12T15:30:00Z,2026-08-12T17:30:00+0200,30154.60574,MW,DE,DE_LU,forecast_solar_generation,Solar,2026-08-29T22:40:46Z
2026-08-29T22:37:58Z,2026-08-30T00:37:58+0200,ede4ebfd-4cb0-4b05-bc4d-04fd38aa5047,2026-08-12T15:45:00Z,2026-08-12T17:45:00+0200,26737.27792,MW,DE,DE_LU,forecast_solar_generation,Solar,2026-08-29T22:40:46Z
2026-08-29T22:37:58Z,2026-08-30T00:37:58+0200,ede4ebfd-4cb0-4b05-bc4d-04fd38aa5047,2026-08-12T16:00:00Z,2026-08-12T18:00:00+0200,23169.84292,MW,DE,DE_LU,forecast_solar_generation,Solar,2026-08-29T22:40:46Z
2026-08-29T22:37:58Z,2026-08-30T00:37:58+0200,ede4ebfd-4cb0-4b05-bc4d-04fd38aa5047,2026-08-12T16:15:00Z,2026-08-12T18:15:00+0200,19546.86209,MW,DE,DE_LU,forecast_solar_generation,Solar,2026-08-29T22:40:46Z
2026-08-29T22:37:58Z,2026-08-30T00:37:58+0200,ede4ebfd-4cb0-4b05-bc4d-04fd38aa5047,2026-08-12T16:30:00Z,2026-08-12T18:30:00+0200,15933.32222,MW,DE,DE_LU,forecast_solar_generation,Solar,2026-08-29T22:40:46Z
2026-08-29T22:37:58Z,2026-08-30T00:37:58+0200,ede4ebfd-4cb0-4b05-bc4d-04fd38aa5047,2026-08-12T16:45:00Z,2026-08-12T18:45:00+0200,12487.98675,MW,DE,DE_LU,forecast_solar_generation,Solar,2026-08-29T22:40:46Z
2026-08-29T22:37:58Z,2026-08-30T00:37:58+0200,ede4ebfd-4cb0-4b05-bc4d-04fd38aa5047,2026-08-12T17:00:00Z,2026-08-12T19:00:00+0200,9390.37399,MW,DE,DE_LU,forecast_solar_generation,Solar,2026-08-29T22:40:46Z
2026-08-29T22:37:58Z,2026-08-30T00:37:58+0200,ede4ebfd-4cb0-4b05-bc4d-04fd38aa5047,2026-08-12T17:15:00Z,2026-08-12T19:15:00+0200,6545.00861,MW,DE,DE_LU,forecast_solar_generation,Solar,2026-08-29T22:40:46Z
2026-08-29T22:37:58Z,2026-08-30T00:37:58+0200,ede4ebfd-4cb0-4b05-bc4d-04fd38aa5047,2026-08-12T17:30:00Z,2026-08-12T19:30:00+0200,3915.3416,MW,DE,DE_LU,forecast_solar_generation,Solar,2026-08-29T22:40:46Z
2026-08-29T22:37:58Z,2026-08-30T00:37:58+0200,ede4ebfd-4cb0-4b05-bc4d-04fd38aa5047,2026-08-12T17:45:00Z,2026-08-12T19:45:00+0200,1941.54358,MW,DE,DE_LU,forecast_solar_generation,Solar,2026-08-29T22:40:46Z
2026-08-29T22:37:58Z,2026-08-30T00:37:58+0200,ede4ebfd-4cb0-4b05-bc4d-04fd38aa5047,2026-08-12T18:00:00Z,2026-08-12T20:00:00+0200,817.9631,MW,DE,DE_LU,forecast_solar_generation,Solar,2026-08-29T22:40:46Z
2026-08-29T22:37:58Z,2026-08-30T00:37:58+0200,ede4ebfd-4cb0-4b05-bc4d-04fd38aa5047,2026-08-12T18:15:00Z,2026-08-12T20:15:00+0200,372.90023,MW,DE,DE_LU,forecast_solar_generation,Solar,2026-08-29T22:40:46Z
2026-08-29T22:37:58Z,2026-08-30T00:37:58+0200,ede4ebfd-4cb0-4b05-bc4d-04fd38aa5047,2026-08-12T18:30:00Z,2026-08-12T20:30:00+0200,179.52134,MW,DE,DE_LU,forecast_solar_generation,Solar,2026-08-29T22:40:46Z
2026-08-29T22:37:58Z,2026-08-30T00:37:58+0200,ede4ebfd-4cb0-4b05-bc4d-04fd38aa5047,2026-08-12T18:45:00Z,2026-08-12T20:45:00+0200,66.30416,MW,DE,DE_LU,forecast_solar_generation,Solar,2026-08-29T22:40:46Z
2026-08-29T22:37:58Z,2026-08-30T00:37:58+0200,ede4ebfd-4cb0-4b05-bc4d-04fd38aa5047,2026-08-12T19:00:00Z,2026-08-12T21:00:00+0200,20.12623,MW,DE,DE_LU,forecast_solar_generation,Solar,2026-08-29T22:40:46Z
2026-08-29T22:37:58Z,2026-08-30T00:37:58+0200,ede4ebfd-4cb0-4b05-bc4d-04fd38aa5047,2026-08-12T19:15:00Z,2026-08-12T21:15:00+0200,0.0,MW,DE,DE_LU,forecast_solar_generation,Solar,2026-08-29T22:40:46Z
2026-08-29T22:37:58Z,2026-08-30T00:37:58+0200,ede4ebfd-4cb0-4b05-bc4d-04fd38aa5047,2026-08-12T19:30:00Z,2026-08-12T21:30:00+0200,0.0,MW,DE,DE_LU,forecast_solar_generation,Solar,2026-08-29T22:40:46Z
2026-08-29T22:37:58Z,2026-08-30T00:37:58+0200,ede4ebfd-4cb0-4b05-bc4d-04fd38aa5047,2026-08-12T19:45:00Z,2026-08-12T21:45:00+0200,0.0,MW,DE,DE_LU,forecast_solar_generation,Solar,2026-08-29T22:40:46Z
2026-08-29T22:37:58Z,2026-08-30T00:37:58+0200,ede4ebfd-4cb0-4b05-bc4d-04fd38aa5047,2026-08-12T20:00:00Z,2026-08-12T22:00:00+0200,0.0,MW,DE,DE_LU,forecast_solar_generation,Solar,2026-08-29T22:40:46Z
2026-08-29T22:37:58Z,2026-08-30T00:37:58+0200,ede4ebfd-4cb0-4b05-bc4d-04fd38aa5047,2026-08-12T20:15:00Z,2026-08-12T22:15:00+0200,0.0,MW,DE,DE_LU,forecast_solar_generation,Solar,2026-08-29T22:40:46Z
2026-08-29T22:37:58Z,2026-08-30T00:37:58+0200,ede4ebfd-4cb0-4b05-bc4d-04fd38aa5047,2026-08-12T20:30:00Z,2026-08-12T22:30:00+0200,0.0,MW,DE,DE_LU,forecast_solar_generation,Solar,2026-08-29T22:40:46Z
2026-08-29T22:37:58Z,2026-08-30T00:37:58+0200,ede4ebfd-4cb0-4b05-bc4d-04fd38aa5047,2026-08-12T20:45:00Z,2026-08-12T22:45:00+0200,0.0,MW,DE,DE_LU,forecast_solar_generation,Solar,2026-08-29T22:40:46Z
2026-08-29T22:37:58Z,2026-08-30T00:37:58+0200,ede4ebfd-4cb0-4b05-bc4d-04fd38aa5047,2026-08-12T21:00:00Z,2026-08-12T23:00:00+0200,0.0,MW,DE,DE_LU,forecast_solar_generation,Solar,2026-08-29T22:40:46Z
2026-08-29T22:37:58Z,2026-08-30T00:37:58+0200,ede4ebfd-4cb0-4b05-bc4d-04fd38aa5047,2026-08-12T21:15:00Z,2026-08-12T23:15:00+0200,0.0,MW,DE,DE_LU,forecast_solar_generation,Solar,2026-08-29T22:40:46Z
2026-08-29T22:37:58Z,2026-08-30T00:37:58+0200,ede4ebfd-4cb0-4b05-bc4d-04fd38aa5047,2026-08-12T21:30:00Z,2026-08-12T23:30:00+0200,0.0,MW,DE,DE_LU,forecast_solar_generation,Solar,2026-08-29T22:40:46Z
2026-08-29T22:37:58Z,2026-08-30T00:37:58+0200,ede4ebfd-4cb0-4b05-bc4d-04fd38aa5047,2026-08-12T21:45:00Z,2026-08-12T23:45:00+0200,0.0,MW,DE,DE_LU,forecast_solar_generation,Solar,2026-08-29T22:40:46Z
2026-08-29T22:37:58Z,2026-08-30T00:37:58+0200,ede4ebfd-4cb0-4b05-bc4d-04fd38aa5047,2026-08-12T22:00:00Z,2026-08-13T00:00:00+0200,0.0,MW,DE,DE_LU,forecast_solar_generation,Solar,2026-08-29T22:40:46Z
2026-08-29T22:37:58Z,2026-08-30T00:37:58+0200,ede4ebfd-4cb0-4b05-bc4d-04fd38aa5047,2026-08-12T22:15:00Z,2026-08-13T00:15:00+0200,0.0,MW,DE,DE_LU,forecast_solar_generation,Solar,2026-08-29T22:40:46Z
2026-08-29T22:37:58Z,2026-08-30T00:37:58+0200,ede4ebfd-4cb0-4b05-bc4d-04fd38aa5047,2026-08-12T22:30:00Z,2026-08-13T00:30:00+0200,0.0,MW,DE,DE_LU,forecast_solar_generation,Solar,2026-08-29T22:40:46Z
2026-08-29T22:37:58Z,2026-08-30T00:37:58+0200,ede4ebfd-4cb0-4b05-bc4d-04fd38aa5047,2026-08-12T22:45:00Z,2026-08-13T00:45:00+0200,0.0,MW,DE,DE_LU,forecast_solar_generation,Solar,2026-08-29T22:40:46Z
2026-08-29T22:37:58Z,2026-08-30T00:37:58+0200,ede4ebfd-4cb0-4b05-bc4d-04fd38aa5047,2026-08-12T23:00:00Z,2026-08-13T01:00:00+0200,0.0,MW,DE,DE_LU,forecast_solar_generation,Solar,2026-08-29T22:40:46Z
2026-08-29T22:37:58Z,2026-08-30T00:37:58+0200,ede4ebfd-4cb0-4b05-bc4d-04fd38aa5047,2026-08-12T23:15:00Z,2026-08-13T01:15:00+0200,0.0,MW,DE,DE_LU,forecast_solar_generation,Solar,2026-08-29T22:40:46Z
2026-08-29T22:37:58Z,2026-08-30T00:37:58+0200,ede4ebfd-4cb0-4b05-bc4d-04fd38aa5047,2026-08-12T23:30:00Z,2026-08-13T01:30:00+0200,0.0,MW,DE,DE_LU,forecast_solar_generation,Solar,2026-08-29T22:40:46Z
2026-08-29T22:37:58Z,2026-08-30T00:37:58+0200,ede4ebfd-4cb0-4b05-bc4d-04fd38aa5047,2026-08-12T23:45:00Z,2026-08-13T01:45:00+0200,0.0,MW,DE,DE_LU,forecast_solar_generation,Solar,2026-08-29T22:40:46Z
2026-08-29T22:37:58Z,2026-08-30T00:37:58+0200,ede4ebfd-4cb0-4b05-bc4d-04fd38aa5047,2026-08-13T00:00:00Z,2026-08-13T02:00:00+0200,0.0,MW,DE,DE_LU,forecast_solar_generation,Solar,2026-08-29T22:40:46Z
2026-08-29T22:37:58Z,2026-08-30T00:37:58+0200,ede4ebfd-4cb0-4b05-bc4d-04fd38aa5047,2026-08-13T00:15:00Z,2026-08-13T02:15:00+0200,0.0,MW,DE,DE_LU,forecast_solar_generation,Solar,2026-08-29T22:40:46Z
2026-08-29T22:37:58Z,2026-08-30T00:37:58+0200,ede4ebfd-4cb0-4b05-bc4d-04fd38aa5047,2026-08-13T00:30:00Z,2026-08-13T02:30:00+0200,0.0,MW,DE,DE_LU,forecast_solar_generation,Solar,2026-08-29T22:40:46Z
2026-08-29T22:37:58Z,2026-08-30T00:37:58+0200,ede4ebfd-4cb0-4b05-bc4d-04fd38aa5047,2026-08-13T00:45:00Z,2026-08-13T02:45:00+0200,0.0,MW,DE,DE_LU,forecast_solar_generation,Solar,2026-08-29T22:40:46Z
2026-08-29T22:37:58Z,2026-08-30T00:37:58+0200,ede4ebfd-4cb0-4b05-bc4d-04fd38aa5047,2026-08-13T01:00:00Z,2026-08-13T03:00:00+0200,0.0,MW,DE,DE_LU,forecast_solar_generation,Solar,2026-08-29T22:40:46Z
2026-08-29T22:37:58Z,2026-08-30T00:37:58+0200,ede4ebfd-4cb0-4b05-bc4d-04fd38aa5047,2026-08-13T01:15:00Z,2026-08-13T03:15:00+0200,0.0,MW,DE,DE_LU,forecast_solar_generation,Solar,2026-08-29T22:40:46Z
2026-08-29T22:37:58Z,2026-08-30T00:37:58+0200,ede4ebfd-4cb0-4b05-bc4d-04fd38aa5047,2026-08-13T01:30:00Z,2026-08-13T03:30:00+0200,0.0,MW,DE,DE_LU,forecast_solar_generation,Solar,2026-08-29T22:40:46Z
2026-08-29T22:37:58Z,2026-08-30T00:37:58+0200,ede4ebfd-4cb0-4b05-bc4d-04fd38aa5047,2026-08-13T01:45:00Z,2026-08-13T03:45:00+0200,0.0,MW,DE,DE_LU,forecast_solar_generation,Solar,2026-08-29T22:40:46Z
2026-08-29T22:37:58Z,2026-08-30T00:37:58+0200,ede4ebfd-4cb0-4b05-bc4d-04fd38aa5047,2026-08-13T02:00:00Z,2026-08-13T04:00:00+0200,0.0,MW,DE,DE_LU,forecast_solar_generation,Solar,2026-08-29T22:40:46Z
2026-08-29T22:37:58Z,2026-08-30T00:37:58+0200,ede4ebfd-4cb0-4b05-bc4d-04fd38aa5047,2026-08-13T02:15:00Z,2026-08-13T04:15:00+0200,0.0,MW,DE,DE_LU,forecast_solar_generation,Solar,2026-08-29T22:40:46Z
2026-08-29T22:37:58Z,2026-08-30T00:37:58+0200,ede4ebfd-4cb0-4b05-bc4d-04fd38aa5047,2026-08-13T02:30:00Z,2026-08-13T04:30:00+0200,0.0,MW,DE,DE_LU,forecast_solar_generation,Solar,2026-08-29T22:40:46Z
2026-08-29T22:37:58Z,2026-08-30T00:37:58+0200,ede4ebfd-4cb0-4b05-bc4d-04fd38aa5047,2026-08-13T02:45:00Z,2026-08-13T04:45:00+0200,0.0,MW,DE,DE_LU,forecast_solar_generation,Solar,2026-08-29T22:40:46Z
2026-08-29T22:37:58Z,2026-08-30T00:37:58+0200,ede4ebfd-4cb0-4b05-bc4d-04fd38aa5047,2026-08-13T03:00:00Z,2026-08-13T05:00:00+0200,0.0,MW,DE,DE_LU,forecast_solar_generation,Solar,2026-08-29T22:40:46Z
2026-08-29T22:37:58Z,2026-08-30T00:37:58+0200,ede4ebfd-4cb0-4b05-bc4d-04fd38aa5047,2026-08-13T03:15:00Z,2026-08-13T05:15:00+0200,0.0,MW,DE,DE_LU,forecast_solar_generation,Solar,2026-08-29T22:40:46Z
2026-08-29T22:37:58Z,2026-08-30T00:37:58+0200,ede4ebfd-4cb0-4b05-bc4d-04fd38aa5047,2026-08-13T03:30:00Z,2026-08-13T05:30:00+0200,0.01,MW,DE,DE_LU,forecast_solar_generation,Solar,2026-08-29T22:40:46Z
2026-08-29T22:37:58Z,2026-08-30T00:37:58+0200,ede4ebfd-4cb0-4b05-bc4d-04fd38aa5047,2026-08-13T03:45:00Z,2026-08-13T05:45:00+0200,43.29152,MW,DE,DE_LU,forecast_solar_generation,Solar,2026-08-29T22:40:46Z
2026-08-29T22:37:58Z,2026-08-30T00:37:58+0200,ede4ebfd-4cb0-4b05-bc4d-04fd38aa5047,2026-08-13T04:00:00Z,2026-08-13T06:00:00+0200,278.08749,MW,DE,DE_LU,forecast_solar_generation,Solar,2026-08-29T22:40:46Z
2026-08-29T22:37:58Z,2026-08-30T00:37:58+0200,ede4ebfd-4cb0-4b05-bc4d-04fd38aa5047,2026-08-13T04:15:00Z,2026-08-13T06:15:00+0200,927.44269,MW,DE,DE_LU,forecast_solar_generation,Solar,2026-08-29T22:40:46Z
2026-08-29T22:37:58Z,2026-08-30T00:37:58+0200,ede4ebfd-4cb0-4b05-bc4d-04fd38aa5047,2026-08-13T04:30:00Z,2026-08-13T06:30:00+0200,1912.86234,MW,DE,DE_LU,forecast_solar_generation,Solar,2026-08-29T22:40:46Z
2026-08-29T22:37:58Z,2026-08-30T00:37:58+0200,ede4ebfd-4cb0-4b05-bc4d-04fd38aa5047,2026-08-13T04:45:00Z,2026-08-13T06:45:00+0200,3155.99815,MW,DE,DE_LU,forecast_solar_generation,Solar,2026-08-29T22:40:46Z
2026-08-29T22:37:58Z,2026-08-30T00:37:58+0200,ede4ebfd-4cb0-4b05-bc4d-04fd38aa5047,2026-08-13T05:00:00Z,2026-08-13T07:00:00+0200,4787.7982,MW,DE,DE_LU,forecast_solar_generation,Solar,2026-08-29T22:40:46Z
2026-08-29T22:37:58Z,2026-08-30T00:37:58+0200,ede4ebfd-4cb0-4b05-bc4d-04fd38aa5047,2026-08-13T05:15:00Z,2026-08-13T07:15:00+0200,7005.55182,MW,DE,DE_LU,forecast_solar_generation,Solar,2026-08-29T22:40:46Z
2026-08-29T22:37:58Z,2026-08-30T00:37:58+0200,ede4ebfd-4cb0-4b05-bc4d-04fd38aa5047,2026-08-13T05:30:00Z,2026-08-13T07:30:00+0200,9782.76694,MW,DE,DE_LU,forecast_solar_generation,Solar,2026-08-29T22:40:46Z
2026-08-29T22:37:58Z,2026-08-30T00:37:58+0200,ede4ebfd-4cb0-4b05-bc4d-04fd38aa5047,2026-08-13T05:45:00Z,2026-08-13T07:45:00+0200,12900.02566,MW,DE,DE_LU,forecast_solar_generation,Solar,2026-08-29T22:40:46Z
2026-08-29T22:37:58Z,2026-08-30T00:37:58+0200,ede4ebfd-4cb0-4b05-bc4d-04fd38aa5047,2026-08-13T06:00:00Z,2026-08-13T08:00:00+0200,16282.33753,MW,DE,DE_LU,forecast_solar_generation,Solar,2026-08-29T22:40:46Z
2026-08-29T22:37:58Z,2026-08-30T00:37:58+0200,ede4ebfd-4cb0-4b05-bc4d-04fd38aa5047,2026-08-13T06:15:00Z,2026-08-13T08:15:00+0200,19880.87226,MW,DE,DE_LU,forecast_solar_generation,Solar,2026-08-29T22:40:46Z
2026-08-29T22:37:58Z,2026-08-30T00:37:58+0200,ede4ebfd-4cb0-4b05-bc4d-04fd38aa5047,2026-08-13T06:30:00Z,2026-08-13T08:30:00+0200,23553.79686,MW,DE,DE_LU,forecast_solar_generation,Solar,2026-08-29T22:40:46Z
2026-08-29T22:37:58Z,2026-08-30T00:37:58+0200,ede4ebfd-4cb0-4b05-bc4d-04fd38aa5047,2026-08-13T06:45:00Z,2026-08-13T08:45:00+0200,27169.9106,MW,DE,DE_LU,forecast_solar_generation,Solar,2026-08-29T22:40:46Z
2026-08-29T22:37:58Z,2026-08-30T00:37:58+0200,ede4ebfd-4cb0-4b05-bc4d-04fd38aa5047,2026-08-13T07:00:00Z,2026-08-13T09:00:00+0200,30642.74543,MW,DE,DE_LU,forecast_solar_generation,Solar,2026-08-29T22:40:46Z
2026-08-29T22:37:58Z,2026-08-30T00:37:58+0200,ede4ebfd-4cb0-4b05-bc4d-04fd38aa5047,2026-08-13T07:15:00Z,2026-08-13T09:15:00+0200,33936.41117,MW,DE,DE_LU,forecast_solar_generation,Solar,2026-08-29T22:40:46Z
2026-08-29T22:37:58Z,2026-08-30T00:37:58+0200,ede4ebfd-4cb0-4b05-bc4d-04fd38aa5047,2026-08-13T07:30:00Z,2026-08-13T09:30:00+0200,37020.22408,MW,DE,DE_LU,forecast_solar_generation,Solar,2026-08-29T22:40:46Z
2026-08-29T22:37:58Z,2026-08-30T00:37:58+0200,ede4ebfd-4cb0-4b05-bc4d-04fd38aa5047,2026-08-13T07:45:00Z,2026-08-13T09:45:00+0200,39936.04311,MW,DE,DE_LU,forecast_solar_generation,Solar,2026-08-29T22:40:46Z
2026-08-29T22:37:58Z,2026-08-30T00:37:58+0200,ede4ebfd-4cb0-4b05-bc4d-04fd38aa5047,2026-08-13T08:00:00Z,2026-08-13T10:00:00+0200,42597.76167,MW,DE,DE_LU,forecast_solar_generation,Solar,2026-08-29T22:40:46Z
2026-08-29T22:37:58Z,2026-08-30T00:37:58+0200,ede4ebfd-4cb0-4b05-bc4d-04fd38aa5047,2026-08-13T08:15:00Z,2026-08-13T10:15:00+0200,45063.5825,MW,DE,DE_LU,forecast_solar_generation,Solar,2026-08-29T22:40:46Z
2026-08-29T22:37:58Z,2026-08-30T00:37:58+0200,ede4ebfd-4cb0-4b05-bc4d-04fd38aa5047,2026-08-13T08:30:00Z,2026-08-13T10:30:00+0200,47322.5425,MW,DE,DE_LU,forecast_solar_generation,Solar,2026-08-29T22:40:46Z
2026-08-29T22:37:58Z,2026-08-30T00:37:58+0200,ede4ebfd-4cb0-4b05-bc4d-04fd38aa5047,2026-08-13T08:45:00Z,2026-08-13T10:45:00+0200,49371.24991,MW,DE,DE_LU,forecast_solar_generation,Solar,2026-08-29T22:40:46Z
2026-08-29T22:37:58Z,2026-08-30T00:37:58+0200,ede4ebfd-4cb0-4b05-bc4d-04fd38aa5047,2026-08-13T09:00:00Z,2026-08-13T11:00:00+0200,51250.15609,MW,DE,DE_LU,forecast_solar_generation,Solar,2026-08-29T22:40:46Z
2026-08-29T22:37:58Z,2026-08-30T00:37:58+0200,ede4ebfd-4cb0-4b05-bc4d-04fd38aa5047,2026-08-13T09:15:00Z,2026-08-13T11:15:00+0200,52814.1742,MW,DE,DE_LU,forecast_solar_generation,Solar,2026-08-29T22:40:46Z
2026-08-29T22:37:58Z,2026-08-30T00:37:58+0200,ede4ebfd-4cb0-4b05-bc4d-04fd38aa5047,2026-08-13T09:30:00Z,2026-08-13T11:30:00+0200,54199.57451,MW,DE,DE_LU,forecast_solar_generation,Solar,2026-08-29T22:40:46Z
2026-08-29T22:37:58Z,2026-08-30T00:37:58+0200,ede4ebfd-4cb0-4b05-bc4d-04fd38aa5047,2026-08-13T09:45:00Z,2026-08-13T11:45:00+0200,55325.06693,MW,DE,DE_LU,forecast_solar_generation,Solar,2026-08-29T22:40:46Z
2026-08-29T22:37:58Z,2026-08-30T00:37:58+0200,ede4ebfd-4cb0-4b05-bc4d-04fd38aa5047,2026-08-13T10:00:00Z,2026-08-13T12:00:00+0200,56345.66071,MW,DE,DE_LU,forecast_solar_generation,Solar,2026-08-29T22:40:46Z
2026-08-29T22:37:58Z,2026-08-30T00:37:58+0200,ede4ebfd-4cb0-4b05-bc4d-04fd38aa5047,2026-08-13T10:15:00Z,2026-08-13T12:15:00+0200,57129.07113,MW,DE,DE_LU,forecast_solar_generation,Solar,2026-08-29T22:40:46Z
2026-08-29T22:37:58Z,2026-08-30T00:37:58+0200,ede4ebfd-4cb0-4b05-bc4d-04fd38aa5047,2026-08-13T10:30:00Z,2026-08-13T12:30:00+0200,57700.61466,MW,DE,DE_LU,forecast_solar_generation,Solar,2026-08-29T22:40:46Z
2026-08-29T22:37:58Z,2026-08-30T00:37:58+0200,ede4ebfd-4cb0-4b05-bc4d-04fd38aa5047,2026-08-13T10:45:00Z,2026-08-13T12:45:00+0200,58152.1136,MW,DE,DE_LU,forecast_solar_generation,Solar,2026-08-29T22:40:46Z
2026-08-29T22:37:58Z,2026-08-30T00:37:58+0200,ede4ebfd-4cb0-4b05-bc4d-04fd38aa5047,2026-08-13T11:00:00Z,2026-08-13T13:00:00+0200,58433.26921,MW,DE,DE_LU,forecast_solar_generation,Solar,2026-08-29T22:40:46Z
2026-08-29T22:37:58Z,2026-08-30T00:37:58+0200,ede4ebfd-4cb0-4b05-bc4d-04fd38aa5047,2026-08-13T11:15:00Z,2026-08-13T13:15:00+0200,58527.90975,MW,DE,DE_LU,forecast_solar_generation,Solar,2026-08-29T22:40:46Z
2026-08-29T22:37:58Z,2026-08-30T00:37:58+0200,ede4ebfd-4cb0-4b05-bc4d-04fd38aa5047,2026-08-13T11:30:00Z,2026-08-13T13:30:00+0200,58408.55515,MW,DE,DE_LU,forecast_solar_generation,Solar,2026-08-29T22:40:46Z
2026-08-29T22:37:58Z,2026-08-30T00:37:58+0200,ede4ebfd-4cb0-4b05-bc4d-04fd38aa5047,2026-08-13T11:45:00Z,2026-08-13T13:45:00+0200,58115.84559,MW,DE,DE_LU,forecast_solar_generation,Solar,2026-08-29T22:40:46Z
2026-08-29T22:37:58Z,2026-08-30T00:37:58+0200,ede4ebfd-4cb0-4b05-bc4d-04fd38aa5047,2026-08-13T12:00:00Z,2026-08-13T14:00:00+0200,57533.60409,MW,DE,DE_LU,forecast_solar_generation,Solar,2026-08-29T22:40:46Z
2026-08-29T22:37:58Z,2026-08-30T00:37:58+0200,ede4ebfd-4cb0-4b05-bc4d-04fd38aa5047,2026-08-13T12:15:00Z,2026-08-13T14:15:00+0200,56871.39394,MW,DE,DE_LU,forecast_solar_generation,Solar,2026-08-29T22:40:46Z
2026-08-29T22:37:58Z,2026-08-30T00:37:58+0200,ede4ebfd-4cb0-4b05-bc4d-04fd38aa5047,2026-08-13T12:30:00Z,2026-08-13T14:30:00+0200,55925.87945,MW,DE,DE_LU,forecast_solar_generation,Solar,2026-08-29T22:40:46Z
2026-08-29T22:37:58Z,2026-08-30T00:37:58+0200,ede4ebfd-4cb0-4b05-bc4d-04fd38aa5047,2026-08-13T12:45:00Z,2026-08-13T14:45:00+0200,54855.79062,MW,DE,DE_LU,forecast_solar_generation,Solar,2026-08-29T22:40:46Z
2026-08-29T22:37:58Z,2026-08-30T00:37:58+0200,ede4ebfd-4cb0-4b05-bc4d-04fd38aa5047,2026-08-13T13:00:00Z,2026-08-13T15:00:00+0200,53532.73041,MW,DE,DE_LU,forecast_solar_generation,Solar,2026-08-29T22:40:46Z
2026-08-29T22:37:58Z,2026-08-30T00:37:58+0200,ede4ebfd-4cb0-4b05-bc4d-04fd38aa5047,2026-08-13T13:15:00Z,2026-08-13T15:15:00+0200,52079.843,MW,DE,DE_LU,forecast_solar_generation,Solar,2026-08-29T22:40:46Z
2026-08-29T22:37:58Z,2026-08-30T00:37:58+0200,ede4ebfd-4cb0-4b05-bc4d-04fd38aa5047,2026-08-13T13:30:00Z,2026-08-13T15:30:00+0200,50460.29643,MW,DE,DE_LU,forecast_solar_generation,Solar,2026-08-29T22:40:46Z
2026-08-29T22:37:58Z,2026-08-30T00:37:58+0200,ede4ebfd-4cb0-4b05-bc4d-04fd38aa5047,2026-08-13T13:45:00Z,2026-08-13T15:45:00+0200,48647.62646,MW,DE,DE_LU,forecast_solar_generation,Solar,2026-08-29T22:40:46Z
2026-08-29T22:37:58Z,2026-08-30T00:37:58+0200,ede4ebfd-4cb0-4b05-bc4d-04fd38aa5047,2026-08-13T14:00:00Z,2026-08-13T16:00:00+0200,46599.04704,MW,DE,DE_LU,forecast_solar_generation,Solar,2026-08-29T22:40:46Z
2026-08-29T22:37:58Z,2026-08-30T00:37:58+0200,ede4ebfd-4cb0-4b05-bc4d-04fd38aa5047,2026-08-13T14:15:00Z,2026-08-13T16:15:00+0200,44301.92605,MW,DE,DE_LU,forecast_solar_generation,Solar,2026-08-29T22:40:46Z
2026-08-29T22:37:58Z,2026-08-30T00:37:58+0200,ede4ebfd-4cb0-4b05-bc4d-04fd38aa5047,2026-08-13T14:30:00Z,2026-08-13T16:30:00+0200,41805.29177,MW,DE,DE_LU,forecast_solar_generation,Solar,2026-08-29T22:40:46Z
2026-08-29T22:37:58Z,2026-08-30T00:37:58+0200,ede4ebfd-4cb0-4b05-bc4d-04fd38aa5047,2026-08-13T14:45:00Z,2026-08-13T16:45:00+0200,39083.61051,MW,DE,DE_LU,forecast_solar_generation,Solar,2026-08-29T22:40:46Z
2026-08-29T22:37:58Z,2026-08-30T00:37:58+0200,ede4ebfd-4cb0-4b05-bc4d-04fd38aa5047,2026-08-13T15:00:00Z,2026-08-13T17:00:00+0200,36206.07451,MW,DE,DE_LU,forecast_solar_generation,Solar,2026-08-29T22:40:46Z
2026-08-29T22:37:58Z,2026-08-30T00:37:58+0200,ede4ebfd-4cb0-4b05-bc4d-04fd38aa5047,2026-08-13T15:15:00Z,2026-08-13T17:15:00+0200,33123.71044,MW,DE,DE_LU,forecast_solar_generation,Solar,2026-08-29T22:40:46Z
2026-08-29T22:37:58Z,2026-08-30T00:37:58+0200,ede4ebfd-4cb0-4b05-bc4d-04fd38aa5047,2026-08-13T15:30:00Z,2026-08-13T17:30:00+0200,29851.5308,MW,DE,DE_LU,forecast_solar_generation,Solar,2026-08-29T22:40:46Z
2026-08-29T22:37:58Z,2026-08-30T00:37:58+0200,ede4ebfd-4cb0-4b05-bc4d-04fd38aa5047,2026-08-13T15:45:00Z,2026-08-13T17:45:00+0200,26446.82972,MW,DE,DE_LU,forecast_solar_generation,Solar,2026-08-29T22:40:46Z
2026-08-29T22:37:58Z,2026-08-30T00:37:58+0200,ede4ebfd-4cb0-4b05-bc4d-04fd38aa5047,2026-08-13T16:00:00Z,2026-08-13T18:00:00+0200,22899.35811,MW,DE,DE_LU,forecast_solar_generation,Solar,2026-08-29T22:40:46Z
2026-08-29T22:37:58Z,2026-08-30T00:37:58+0200,ede4ebfd-4cb0-4b05-bc4d-04fd38aa5047,2026-08-13T16:15:00Z,2026-08-13T18:15:00+0200,19281.72425,MW,DE,DE_LU,forecast_solar_generation,Solar,2026-08-29T22:40:46Z
2026-08-29T22:37:58Z,2026-08-30T00:37:58+0200,ede4ebfd-4cb0-4b05-bc4d-04fd38aa5047,2026-08-13T16:30:00Z,2026-08-13T18:30:00+0200,15695.26935,MW,DE,DE_LU,forecast_solar_generation,Solar,2026-08-29T22:40:46Z
2026-08-29T22:37:58Z,2026-08-30T00:37:58+0200,ede4ebfd-4cb0-4b05-bc4d-04fd38aa5047,2026-08-13T16:45:00Z,2026-08-13T18:45:00+0200,12297.48627,MW,DE,DE_LU,forecast_solar_generation,Solar,2026-08-29T22:40:46Z
2026-08-29T22:37:58Z,2026-08-30T00:37:58+0200,ede4ebfd-4cb0-4b05-bc4d-04fd38aa5047,2026-08-13T17:00:00Z,2026-08-13T19:00:00+0200,9238.66939,MW,DE,DE_LU,forecast_solar_generation,Solar,2026-08-29T22:40:46Z
2026-08-29T22:37:58Z,2026-08-30T00:37:58+0200,ede4ebfd-4cb0-4b05-bc4d-04fd38aa5047,2026-08-13T17:15:00Z,2026-08-13T19:15:00+0200,6608.82161,MW,DE,DE_LU,forecast_solar_generation,Solar,2026-08-29T22:40:46Z
2026-08-29T22:37:58Z,2026-08-30T00:37:58+0200,ede4ebfd-4cb0-4b05-bc4d-04fd38aa5047,2026-08-13T17:30:00Z,2026-08-13T19:30:00+0200,4500.58554,MW,DE,DE_LU,forecast_solar_generation,Solar,2026-08-29T22:40:46Z
2026-08-29T22:37:58Z,2026-08-30T00:37:58+0200,ede4ebfd-4cb0-4b05-bc4d-04fd38aa5047,2026-08-13T17:45:00Z,2026-08-13T19:45:00+0200,2926.03819,MW,DE,DE_LU,forecast_solar_generation,Solar,2026-08-29T22:40:46Z
2026-08-29T22:37:58Z,2026-08-30T00:37:58+0200,ede4ebfd-4cb0-4b05-bc4d-04fd38aa5047,2026-08-13T18:00:00Z,2026-08-13T20:00:00+0200,1695.78562,MW,DE,DE_LU,forecast_solar_generation,Solar,2026-08-29T22:40:46Z
2026-08-29T22:37:58Z,2026-08-30T00:37:58+0200,ede4ebfd-4cb0-4b05-bc4d-04fd38aa5047,2026-08-13T18:15:00Z,2026-08-13T20:15:00+0200,787.09787,MW,DE,DE_LU,forecast_solar_generation,Solar,2026-08-29T22:40:46Z
2026-08-29T22:37:58Z,2026-08-30T00:37:58+0200,ede4ebfd-4cb0-4b05-bc4d-04fd38aa5047,2026-08-13T18:30:00Z,2026-08-13T20:30:00+0200,268.61062,MW,DE,DE_LU,forecast_solar_generation,Solar,2026-08-29T22:40:46Z
2026-08-29T22:37:58Z,2026-08-30T00:37:58+0200,ede4ebfd-4cb0-4b05-bc4d-04fd38aa5047,2026-08-13T18:45:00Z,2026-08-13T20:45:00+0200,68.45474,MW,DE,DE_LU,forecast_solar_generation,Solar,2026-08-29T22:40:46Z
2026-08-29T22:37:58Z,2026-08-30T00:37:58+0200,ede4ebfd-4cb0-4b05-bc4d-04fd38aa5047,2026-08-13T19:00:00Z,2026-08-13T21:00:00+0200,9.85894,MW,DE,DE_LU,forecast_solar_generation,Solar,2026-08-29T22:40:46Z
2026-08-29T22:37:58Z,2026-08-30T00:37:58+0200,ede4ebfd-4cb0-4b05-bc4d-04fd38aa5047,2026-08-13T19:15:00Z,2026-08-13T21:15:00+0200,0.0,MW,DE,DE_LU,forecast_solar_generation,Solar,2026-08-29T22:40:46Z
2026-08-29T22:37:58Z,2026-08-30T00:37:58+0200,ede4ebfd-4cb0-4b05-bc4d-04fd38aa5047,2026-08-13T19:30:00Z,2026-08-13T21:30:00+0200,0.0,MW,DE,DE_LU,forecast_solar_generation,Solar,2026-08-29T22:40:46Z
2026-08-29T22:37:58Z,2026-08-30T00:37:58+0200,ede4ebfd-4cb0-4b05-bc4d-04fd38aa5047,2026-08-13T19:45:00Z,2026-08-13T21:45:00+0200,0.0,MW,DE,DE_LU,forecast_solar_generation,Solar,2026-08-29T22:40:46Z
2026-08-29T22:37:58Z,2026-08-30T00:37:58+0200,ede4ebfd-4cb0-4b05-bc4d-04fd38aa5047,2026-08-13T20:00:00Z,2026-08-13T22:00:00+0200,0.0,MW,DE,DE_LU,forecast_solar_generation,Solar,2026-08-29T22:40:46Z
2026-08-29T22:37:58Z,2026-08-30T00:37:58+0200,ede4ebfd-4cb0-4b05-bc4d-04fd38aa5047,2026-08-13T20:15:00Z,2026-08-13T22:15:00+0200,0.0,MW,DE,DE_LU,forecast_solar_generation,Solar,2026-08-29T22:40:46Z
2026-08-29T22:37:58Z,2026-08-30T00:37:58+0200,ede4ebfd-4cb0-4b05-bc4d-04fd38aa5047,2026-08-13T20:30:00Z,2026-08-13T22:30:00+0200,0.0,MW,DE,DE_LU,forecast_solar_generation,Solar,2026-08-29T22:40:46Z
2026-08-29T22:37:58Z,2026-08-30T00:37:58+0200,ede4ebfd-4cb0-4b05-bc4d-04fd38aa5047,2026-08-13T20:45:00Z,2026-08-13T22:45:00+0200,0.0,MW,DE,DE_LU,forecast_solar_generation,Solar,2026-08-29T22:40:46Z
2026-08-29T22:37:58Z,2026-08-30T00:37:58+0200,ede4ebfd-4cb0-4b05-bc4d-04fd38aa5047,2026-08-13T21:00:00Z,2026-08-13T23:00:00+0200,0.0,MW,DE,DE_LU,forecast_solar_generation,Solar,2026-08-29T22:40:46Z
2026-08-29T22:37:58Z,2026-08-30T00:37:58+0200,ede4ebfd-4cb0-4b05-bc4d-04fd38aa5047,2026-08-13T21:15:00Z,2026-08-13T23:15:00+0200,0.0,MW,DE,DE_LU,forecast_solar_generation,Solar,2026-08-29T22:40:46Z
2026-08-29T22:37:58Z,2026-08-30T00:37:58+0200,ede4ebfd-4cb0-4b05-bc4d-04fd38aa5047,2026-08-13T21:30:00Z,2026-08-13T23:30:00+0200,0.0,MW,DE,DE_LU,forecast_solar_generation,Solar,2026-08-29T22:40:46Z
2026-08-29T22:37:58Z,2026-08-30T00:37:58+0200,ede4ebfd-4cb0-4b05-bc4d-04fd38aa5047,2026-08-13T21:45:00Z,2026-08-13T23:45:00+0200,0.0,MW,DE,DE_LU,forecast_solar_generation,Solar,2026-08-29T22:40:46Z
2026-08-29T22:37:58Z,2026-08-30T00:37:58+0200,ede4ebfd-4cb0-4b05-bc4d-04fd38aa5047,2026-08-13T22:00:00Z,2026-08-14T00:00:00+0200,0.0,MW,DE,DE_LU,forecast_solar_generation,Solar,2026-08-29T22:40:46Z
2026-08-29T22:37:58Z,2026-08-30T00:37:58+0200,ede4ebfd-4cb0-4b05-bc4d-04fd38aa5047,2026-08-13T22:15:00Z,2026-08-14T00:15:00+0200,0.0,MW,DE,DE_LU,forecast_solar_generation,Solar,2026-08-29T22:40:46Z
2026-08-29T22:37:58Z,2026-08-30T00:37:58+0200,ede4ebfd-4cb0-4b05-bc4d-04fd38aa5047,2026-08-13T22:30:00Z,2026-08-14T00:30:00+0200,0.0,MW,DE,DE_LU,forecast_solar_generation,Solar,2026-08-29T22:40:46Z
2026-08-29T22:37:58Z,2026-08-30T00:37:58+0200,ede4ebfd-4cb0-4b05-bc4d-04fd38aa5047,2026-08-13T22:45:00Z,2026-08-14T00:45:00+0200,0.0,MW,DE,DE_LU,forecast_solar_generation,Solar,2026-08-29T22:40:46Z
2026-08-29T22:37:58Z,2026-08-30T00:37:58+0200,ede4ebfd-4cb0-4b05-bc4d-04fd38aa5047,2026-08-13T23:00:00Z,2026-08-14T01:00:00+0200,0.0,MW,DE,DE_LU,forecast_solar_generation,Solar,2026-08-29T22:40:46Z
2026-08-29T22:37:58Z,2026-08-30T00:37:58+0200,ede4ebfd-4cb0-4b05-bc4d-04fd38aa5047,2026-08-13T23:15:00Z,2026-08-14T01:15:00+0200,0.0,MW,DE,DE_LU,forecast_solar_generation,Solar,2026-08-29T22:40:46Z
2026-08-29T22:37:58Z,2026-08-30T00:37:58+0200,ede4ebfd-4cb0-4b05-bc4d-04fd38aa5047,2026-08-13T23:30:00Z,2026-08-14T01:30:00+0200,0.0,MW,DE,DE_LU,forecast_solar_generation,Solar,2026-08-29T22:40:46Z
2026-08-29T22:37:58Z,2026-08-30T00:37:58+0200,ede4ebfd-4cb0-4b05-bc4d-04fd38aa5047,2026-08-13T23:45:00Z,2026-08-14T01:45:00+0200,0.0,MW,DE,DE_LU,forecast_solar_generation,Solar,2026-08-29T22:40:46Z
2026-08-29T22:37:58Z,2026-08-30T00:37:58+0200,ede4ebfd-4cb0-4b05-bc4d-04fd38aa5047,2026-08-14T00:00:00Z,2026-08-14T02:00:00+0200,0.0,MW,DE,DE_LU,forecast_solar_generation,Solar,2026-08-29T22:40:46Z
2026-08-29T22:37:58Z,2026-08-30T00:37:58+0200,ede4ebfd-4cb0-4b05-bc4d-04fd38aa5047,2026-08-14T00:15:00Z,2026-08-14T02:15:00+0200,0.0,MW,DE,DE_LU,forecast_solar_generation,Solar,2026-08-29T22:40:46Z
2026-08-29T22:37:58Z,2026-08-30T00:37:58+0200,ede4ebfd-4cb0-4b05-bc4d-04fd38aa5047,2026-08-14T00:30:00Z,2026-08-14T02:30:00+0200,0.0,MW,DE,DE_LU,forecast_solar_generation,Solar,2026-08-29T22:40:46Z
2026-08-29T22:37:58Z,2026-08-30T00:37:58+0200,ede4ebfd-4cb0-4b05-bc4d-04fd38aa5047,2026-08-14T00:45:00Z,2026-08-14T02:45:00+0200,0.0,MW,DE,DE_LU,forecast_solar_generation,Solar,2026-08-29T22:40:46Z
2026-08-29T22:37:58Z,2026-08-30T00:37:58+0200,ede4ebfd-4cb0-4b05-bc4d-04fd38aa5047,2026-08-14T01:00:00Z,2026-08-14T03:00:00+0200,0.0,MW,DE,DE_LU,forecast_solar_generation,Solar,2026-08-29T22:40:46Z
2026-08-29T22:37:58Z,2026-08-30T00:37:58+0200,ede4ebfd-4cb0-4b05-bc4d-04fd38aa5047,2026-08-14T01:15:00Z,2026-08-14T03:15:00+0200,0.0,MW,DE,DE_LU,forecast_solar_generation,Solar,2026-08-29T22:40:46Z
2026-08-29T22:37:58Z,2026-08-30T00:37:58+0200,ede4ebfd-4cb0-4b05-bc4d-04fd38aa5047,2026-08-14T01:30:00Z,2026-08-14T03:30:00+0200,0.0,MW,DE,DE_LU,forecast_solar_generation,Solar,2026-08-29T22:40:46Z
2026-08-29T22:37:58Z,2026-08-30T00:37:58+0200,ede4ebfd-4cb0-4b05-bc4d-04fd38aa5047,2026-08-14T01:45:00Z,2026-08-14T03:45:00+0200,0.0,MW,DE,DE_LU,forecast_solar_generation,Solar,2026-08-29T22:40:46Z
2026-08-29T22:37:58Z,2026-08-30T00:37:58+0200,ede4ebfd-4cb0-4b05-bc4d-04fd38aa5047,2026-08-14T02:00:00Z,2026-08-14T04:00:00+0200,0.0,MW,DE,DE_LU,forecast_solar_generation,Solar,2026-08-29T22:40:46Z
2026-08-29T22:37:58Z,2026-08-30T00:37:58+0200,ede4ebfd-4cb0-4b05-bc4d-04fd38aa5047,2026-08-14T02:15:00Z,2026-08-14T04:15:00+0200,0.0,MW,DE,DE_LU,forecast_solar_generation,Solar,2026-08-29T22:40:46Z
2026-08-29T22:37:58Z,2026-08-30T00:37:58+0200,ede4ebfd-4cb0-4b05-bc4d-04fd38aa5047,2026-08-14T02:30:00Z,2026-08-14T04:30:00+0200,0.0,MW,DE,DE_LU,forecast_solar_generation,Solar,2026-08-29T22:40:46Z
2026-08-29T22:37:58Z,2026-08-30T00:37:58+0200,ede4ebfd-4cb0-4b05-bc4d-04fd38aa5047,2026-08-14T02:45:00Z,2026-08-14T04:45:00+0200,0.0,MW,DE,DE_LU,forecast_solar_generation,Solar,2026-08-29T22:40:46Z
2026-08-29T22:37:58Z,2026-08-30T00:37:58+0200,ede4ebfd-4cb0-4b05-bc4d-04fd38aa5047,2026-08-14T03:00:00Z,2026-08-14T05:00:00+0200,0.0,MW,DE,DE_LU,forecast_solar_generation,Solar,2026-08-29T22:40:46Z
2026-08-29T22:37:58Z,2026-08-30T00:37:58+0200,ede4ebfd-4cb0-4b05-bc4d-04fd38aa5047,2026-08-14T03:15:00Z,2026-08-14T05:15:00+0200,0.0,MW,DE,DE_LU,forecast_solar_generation,Solar,2026-08-29T22:40:46Z
2026-08-29T22:37:58Z,2026-08-30T00:37:58+0200,ede4ebfd-4cb0-4b05-bc4d-04fd38aa5047,2026-08-14T03:30:00Z,2026-08-14T05:30:00+0200,0.0,MW,DE,DE_LU,forecast_solar_generation,Solar,2026-08-29T22:40:46Z
2026-08-29T22:37:58Z,2026-08-30T00:37:58+0200,ede4ebfd-4cb0-4b05-bc4d-04fd38aa5047,2026-08-14T03:45:00Z,2026-08-14T05:45:00+0200,28.90352,MW,DE,DE_LU,forecast_solar_generation,Solar,2026-08-29T22:40:46Z
2026-08-29T22:37:58Z,2026-08-30T00:37:58+0200,ede4ebfd-4cb0-4b05-bc4d-04fd38aa5047,2026-08-14T04:00:00Z,2026-08-14T06:00:00+0200,242.4461,MW,DE,DE_LU,forecast_solar_generation,Solar,2026-08-29T22:40:46Z
2026-08-29T22:37:58Z,2026-08-30T00:37:58+0200,ede4ebfd-4cb0-4b05-bc4d-04fd38aa5047,2026-08-14T04:15:00Z,2026-08-14T06:15:00+0200,846.46453,MW,DE,DE_LU,forecast_solar_generation,Solar,2026-08-29T22:40:46Z
2026-08-29T22:37:58Z,2026-08-30T00:37:58+0200,ede4ebfd-4cb0-4b05-bc4d-04fd38aa5047,2026-08-14T04:30:00Z,2026-08-14T06:30:00+0200,1792.93032,MW,DE,DE_LU,forecast_solar_generation,Solar,2026-08-29T22:40:46Z
2026-08-29T22:37:58Z,2026-08-30T00:37:58+0200,ede4ebfd-4cb0-4b05-bc4d-04fd38aa5047,2026-08-14T04:45:00Z,2026-08-14T06:45:00+0200,3010.75712,MW,DE,DE_LU,forecast_solar_generation,Solar,2026-08-29T22:40:46Z
2026-08-29T22:37:58Z,2026-08-30T00:37:58+0200,ede4ebfd-4cb0-4b05-bc4d-04fd38aa5047,2026-08-14T05:00:00Z,2026-08-14T07:00:00+0200,4622.663,MW,DE,DE_LU,forecast_solar_generation,Solar,2026-08-29T22:40:46Z
2026-08-29T22:37:58Z,2026-08-30T00:37:58+0200,ede4ebfd-4cb0-4b05-bc4d-04fd38aa5047,2026-08-14T05:15:00Z,2026-08-14T07:15:00+0200,6821.45911,MW,DE,DE_LU,forecast_solar_generation,Solar,2026-08-29T22:40:46Z
2026-08-29T22:37:58Z,2026-08-30T00:37:58+0200,ede4ebfd-4cb0-4b05-bc4d-04fd38aa5047,2026-08-14T05:30:00Z,2026-08-14T07:30:00+0200,9563.62576,MW,DE,DE_LU,forecast_solar_generation,Solar,2026-08-29T22:40:46Z
2026-08-29T22:37:58Z,2026-08-30T00:37:58+0200,ede4ebfd-4cb0-4b05-bc4d-04fd38aa5047,2026-08-14T05:45:00Z,2026-08-14T07:45:00+0200,12670.69858,MW,DE,DE_LU,forecast_solar_generation,Solar,2026-08-29T22:40:46Z
2026-08-29T22:37:58Z,2026-08-30T00:37:58+0200,ede4ebfd-4cb0-4b05-bc4d-04fd38aa5047,2026-08-14T06:00:00Z,2026-08-14T08:00:00+0200,15994.94756,MW,DE,DE_LU,forecast_solar_generation,Solar,2026-08-29T22:40:46Z
2026-08-29T22:37:58Z,2026-08-30T00:37:58+0200,ede4ebfd-4cb0-4b05-bc4d-04fd38aa5047,2026-08-14T06:15:00Z,2026-08-14T08:15:00+0200,19522.05263,MW,DE,DE_LU,forecast_solar_generation,Solar,2026-08-29T22:40:46Z
2026-08-29T22:37:58Z,2026-08-30T00:37:58+0200,ede4ebfd-4cb0-4b05-bc4d-04fd38aa5047,2026-08-14T06:30:00Z,2026-08-14T08:30:00+0200,23143.58474,MW,DE,DE_LU,forecast_solar_generation,Solar,2026-08-29T22:40:46Z
2026-08-29T22:37:58Z,2026-08-30T00:37:58+0200,ede4ebfd-4cb0-4b05-bc4d-04fd38aa5047,2026-08-14T06:45:00Z,2026-08-14T08:45:00+0200,26720.34098,MW,DE,DE_LU,forecast_solar_generation,Solar,2026-08-29T22:40:46Z
2026-08-29T22:37:58Z,2026-08-30T00:37:58+0200,ede4ebfd-4cb0-4b05-bc4d-04fd38aa5047,2026-08-14T07:00:00Z,2026-08-14T09:00:00+0200,30137.70192,MW,DE,DE_LU,forecast_solar_generation,Solar,2026-08-29T22:40:46Z
2026-08-29T22:37:58Z,2026-08-30T00:37:58+0200,ede4ebfd-4cb0-4b05-bc4d-04fd38aa5047,2026-08-14T07:15:00Z,2026-08-14T09:15:00+0200,33370.1659,MW,DE,DE_LU,forecast_solar_generation,Solar,2026-08-29T22:40:46Z
2026-08-29T22:37:58Z,2026-08-30T00:37:58+0200,ede4ebfd-4cb0-4b05-bc4d-04fd38aa5047,2026-08-14T07:30:00Z,2026-08-14T09:30:00+0200,36408.93828,MW,DE,DE_LU,forecast_solar_generation,Solar,2026-08-29T22:40:46Z
2026-08-29T22:37:58Z,2026-08-30T00:37:58+0200,ede4ebfd-4cb0-4b05-bc4d-04fd38aa5047,2026-08-14T07:45:00Z,2026-08-14T09:45:00+0200,39250.09492,MW,DE,DE_LU,forecast_solar_generation,Solar,2026-08-29T22:40:46Z
2026-08-29T22:37:58Z,2026-08-30T00:37:58+0200,ede4ebfd-4cb0-4b05-bc4d-04fd38aa5047,2026-08-14T08:00:00Z,2026-08-14T10:00:00+0200,41925.70334,MW,DE,DE_LU,forecast_solar_generation,Solar,2026-08-29T22:40:46Z
2026-08-29T22:37:58Z,2026-08-30T00:37:58+0200,ede4ebfd-4cb0-4b05-bc4d-04fd38aa5047,2026-08-14T08:15:00Z,2026-08-14T10:15:00+0200,44415.17154,MW,DE,DE_LU,forecast_solar_generation,Solar,2026-08-29T22:40:46Z
2026-08-29T22:37:58Z,2026-08-30T00:37:58+0200,ede4ebfd-4cb0-4b05-bc4d-04fd38aa5047,2026-08-14T08:30:00Z,2026-08-14T10:30:00+0200,46679.4849,MW,DE,DE_LU,forecast_solar_generation,Solar,2026-08-29T22:40:46Z
2026-08-29T22:37:58Z,2026-08-30T00:37:58+0200,ede4ebfd-4cb0-4b05-bc4d-04fd38aa5047,2026-08-14T08:45:00Z,2026-08-14T10:45:00+0200,48750.50704,MW,DE,DE_LU,forecast_solar_generation,Solar,2026-08-29T22:40:46Z
2026-08-29T22:37:58Z,2026-08-30T00:37:58+0200,ede4ebfd-4cb0-4b05-bc4d-04fd38aa5047,2026-08-14T09:00:00Z,2026-08-14T11:00:00+0200,50605.38993,MW,DE,DE_LU,forecast_solar_generation,Solar,2026-08-29T22:40:46Z
2026-08-29T22:37:58Z,2026-08-30T00:37:58+0200,ede4ebfd-4cb0-4b05-bc4d-04fd38aa5047,2026-08-14T09:15:00Z,2026-08-14T11:15:00+0200,52245.07479,MW,DE,DE_LU,forecast_solar_generation,Solar,2026-08-29T22:40:46Z
2026-08-29T22:37:58Z,2026-08-30T00:37:58+0200,ede4ebfd-4cb0-4b05-bc4d-04fd38aa5047,2026-08-14T09:30:00Z,2026-08-14T11:30:00+0200,53642.26071,MW,DE,DE_LU,forecast_solar_generation,Solar,2026-08-29T22:40:46Z
2026-08-29T22:37:58Z,2026-08-30T00:37:58+0200,ede4ebfd-4cb0-4b05-bc4d-04fd38aa5047,2026-08-14T09:45:00Z,2026-08-14T11:45:00+0200,54838.87153,MW,DE,DE_LU,forecast_solar_generation,Solar,2026-08-29T22:40:46Z
2026-08-29T22:37:58Z,2026-08-30T00:37:58+0200,ede4ebfd-4cb0-4b05-bc4d-04fd38aa5047,2026-08-14T10:00:00Z,2026-08-14T12:00:00+0200,55864.31038,MW,DE,DE_LU,forecast_solar_generation,Solar,2026-08-29T22:40:46Z
2026-08-29T22:37:58Z,2026-08-30T00:37:58+0200,ede4ebfd-4cb0-4b05-bc4d-04fd38aa5047,2026-08-14T10:15:00Z,2026-08-14T12:15:00+0200,56660.54081,MW,DE,DE_LU,forecast_solar_generation,Solar,2026-08-29T22:40:46Z
2026-08-29T22:37:58Z,2026-08-30T00:37:58+0200,ede4ebfd-4cb0-4b05-bc4d-04fd38aa5047,2026-08-14T10:30:00Z,2026-08-14T12:30:00+0200,57238.49225,MW,DE,DE_LU,forecast_solar_generation,Solar,2026-08-29T22:40:46Z
2026-08-29T22:37:58Z,2026-08-30T00:37:58+0200,ede4ebfd-4cb0-4b05-bc4d-04fd38aa5047,2026-08-14T10:45:00Z,2026-08-14T12:45:00+0200,57655.86074,MW,DE,DE_LU,forecast_solar_generation,Solar,2026-08-29T22:40:46Z
2026-08-29T22:37:58Z,2026-08-30T00:37:58+0200,ede4ebfd-4cb0-4b05-bc4d-04fd38aa5047,2026-08-14T11:00:00Z,2026-08-14T13:00:00+0200,57897.32623,MW,DE,DE_LU,forecast_solar_generation,Solar,2026-08-29T22:40:46Z
2026-08-29T22:37:58Z,2026-08-30T00:37:58+0200,ede4ebfd-4cb0-4b05-bc4d-04fd38aa5047,2026-08-14T11:15:00Z,2026-08-14T13:15:00+0200,57965.61603,MW,DE,DE_LU,forecast_solar_generation,Solar,2026-08-29T22:40:46Z
2026-08-29T22:37:58Z,2026-08-30T00:37:58+0200,ede4ebfd-4cb0-4b05-bc4d-04fd38aa5047,2026-08-14T11:30:00Z,2026-08-14T13:30:00+0200,57828.08798,MW,DE,DE_LU,forecast_solar_generation,Solar,2026-08-29T22:40:46Z
2026-08-29T22:37:58Z,2026-08-30T00:37:58+0200,ede4ebfd-4cb0-4b05-bc4d-04fd38aa5047,2026-08-14T11:45:00Z,2026-08-14T13:45:00+0200,57517.54683,MW,DE,DE_LU,forecast_solar_generation,Solar,2026-08-29T22:40:46Z
2026-08-29T22:37:58Z,2026-08-30T00:37:58+0200,ede4ebfd-4cb0-4b05-bc4d-04fd38aa5047,2026-08-14T12:00:00Z,2026-08-14T14:00:00+0200,56988.78413,MW,DE,DE_LU,forecast_solar_generation,Solar,2026-08-29T22:40:46Z
2026-08-29T22:37:58Z,2026-08-30T00:37:58+0200,ede4ebfd-4cb0-4b05-bc4d-04fd38aa5047,2026-08-14T12:15:00Z,2026-08-14T14:15:00+0200,56272.49008,MW,DE,DE_LU,forecast_solar_generation,Solar,2026-08-29T22:40:46Z
2026-08-29T22:37:58Z,2026-08-30T00:37:58+0200,ede4ebfd-4cb0-4b05-bc4d-04fd38aa5047,2026-08-14T12:30:00Z,2026-08-14T14:30:00+0200,55330.11546,MW,DE,DE_LU,forecast_solar_generation,Solar,2026-08-29T22:40:46Z
2026-08-29T22:37:58Z,2026-08-30T00:37:58+0200,ede4ebfd-4cb0-4b05-bc4d-04fd38aa5047,2026-08-14T12:45:00Z,2026-08-14T14:45:00+0200,54242.90099,MW,DE,DE_LU,forecast_solar_generation,Solar,2026-08-29T22:40:46Z
2026-08-29T22:37:58Z,2026-08-30T00:37:58+0200,ede4ebfd-4cb0-4b05-bc4d-04fd38aa5047,2026-08-14T13:00:00Z,2026-08-14T15:00:00+0200,52902.62726,MW,DE,DE_LU,forecast_solar_generation,Solar,2026-08-29T22:40:46Z
2026-08-29T22:37:58Z,2026-08-30T00:37:58+0200,ede4ebfd-4cb0-4b05-bc4d-04fd38aa5047,2026-08-14T13:15:00Z,2026-08-14T15:15:00+0200,51413.63496,MW,DE,DE_LU,forecast_solar_generation,Solar,2026-08-29T22:40:46Z
2026-08-29T22:37:58Z,2026-08-30T00:37:58+0200,ede4ebfd-4cb0-4b05-bc4d-04fd38aa5047,2026-08-14T13:30:00Z,2026-08-14T15:30:00+0200,49754.48734,MW,DE,DE_LU,forecast_solar_generation,Solar,2026-08-29T22:40:46Z
2026-08-29T22:37:58Z,2026-08-30T00:37:58+0200,ede4ebfd-4cb0-4b05-bc4d-04fd38aa5047,2026-08-14T13:45:00Z,2026-08-14T15:45:00+0200,47894.80269,MW,DE,DE_LU,forecast_solar_generation,Solar,2026-08-29T22:40:46Z
2026-08-29T22:37:58Z,2026-08-30T00:37:58+0200,ede4ebfd-4cb0-4b05-bc4d-04fd38aa5047,2026-08-14T14:00:00Z,2026-08-14T16:00:00+0200,45802.88141,MW,DE,DE_LU,forecast_solar_generation,Solar,2026-08-29T22:40:46Z
2026-08-29T22:37:58Z,2026-08-30T00:37:58+0200,ede4ebfd-4cb0-4b05-bc4d-04fd38aa5047,2026-08-14T14:15:00Z,2026-08-14T16:15:00+0200,43467.43965,MW,DE,DE_LU,forecast_solar_generation,Solar,2026-08-29T22:40:46Z
2026-08-29T22:37:58Z,2026-08-30T00:37:58+0200,ede4ebfd-4cb0-4b05-bc4d-04fd38aa5047,2026-08-14T14:30:00Z,2026-08-14T16:30:00+0200,40947.24523,MW,DE,DE_LU,forecast_solar_generation,Solar,2026-08-29T22:40:46Z
2026-08-29T22:37:58Z,2026-08-30T00:37:58+0200,ede4ebfd-4cb0-4b05-bc4d-04fd38aa5047,2026-08-14T14:45:00Z,2026-08-14T16:45:00+0200,38221.93094,MW,DE,DE_LU,forecast_solar_generation,Solar,2026-08-29T22:40:46Z
2026-08-29T22:37:58Z,2026-08-30T00:37:58+0200,ede4ebfd-4cb0-4b05-bc4d-04fd38aa5047,2026-08-14T15:00:00Z,2026-08-14T17:00:00+0200,35335.07751,MW,DE,DE_LU,forecast_solar_generation,Solar,2026-08-29T22:40:46Z
2026-08-29T22:37:58Z,2026-08-30T00:37:58+0200,ede4ebfd-4cb0-4b05-bc4d-04fd38aa5047,2026-08-14T15:15:00Z,2026-08-14T17:15:00+0200,32271.91574,MW,DE,DE_LU,forecast_solar_generation,Solar,2026-08-29T22:40:46Z
2026-08-29T22:37:58Z,2026-08-30T00:37:58+0200,ede4ebfd-4cb0-4b05-bc4d-04fd38aa5047,2026-08-14T15:30:00Z,2026-08-14T17:30:00+0200,29017.1504,MW,DE,DE_LU,forecast_solar_generation,Solar,2026-08-29T22:40:46Z
2026-08-29T22:37:58Z,2026-08-30T00:37:58+0200,ede4ebfd-4cb0-4b05-bc4d-04fd38aa5047,2026-08-14T15:45:00Z,2026-08-14T17:45:00+0200,25634.68245,MW,DE,DE_LU,forecast_solar_generation,Solar,2026-08-29T22:40:46Z
2026-08-29T22:37:58Z,2026-08-30T00:37:58+0200,ede4ebfd-4cb0-4b05-bc4d-04fd38aa5047,2026-08-14T16:00:00Z,2026-08-14T18:00:00+0200,22144.73147,MW,DE,DE_LU,forecast_solar_generation,Solar,2026-08-29T22:40:46Z
2026-08-29T22:37:58Z,2026-08-30T00:37:58+0200,ede4ebfd-4cb0-4b05-bc4d-04fd38aa5047,2026-08-14T16:15:00Z,2026-08-14T18:15:00+0200,18607.37833,MW,DE,DE_LU,forecast_solar_generation,Solar,2026-08-29T22:40:46Z
2026-08-29T22:37:58Z,2026-08-30T00:37:58+0200,ede4ebfd-4cb0-4b05-bc4d-04fd38aa5047,2026-08-14T16:30:00Z,2026-08-14T18:30:00+0200,15117.90947,MW,DE,DE_LU,forecast_solar_generation,Solar,2026-08-29T22:40:46Z
2026-08-29T22:37:58Z,2026-08-30T00:37:58+0200,ede4ebfd-4cb0-4b05-bc4d-04fd38aa5047,2026-08-14T16:45:00Z,2026-08-14T18:45:00+0200,11813.26236,MW,DE,DE_LU,forecast_solar_generation,Solar,2026-08-29T22:40:46Z
2026-08-29T22:37:58Z,2026-08-30T00:37:58+0200,ede4ebfd-4cb0-4b05-bc4d-04fd38aa5047,2026-08-14T17:00:00Z,2026-08-14T19:00:00+0200,8850.65128,MW,DE,DE_LU,forecast_solar_generation,Solar,2026-08-29T22:40:46Z
2026-08-29T22:37:58Z,2026-08-30T00:37:58+0200,ede4ebfd-4cb0-4b05-bc4d-04fd38aa5047,2026-08-14T17:15:00Z,2026-08-14T19:15:00+0200,6312.17881,MW,DE,DE_LU,forecast_solar_generation,Solar,2026-08-29T22:40:46Z
2026-08-29T22:37:58Z,2026-08-30T00:37:58+0200,ede4ebfd-4cb0-4b05-bc4d-04fd38aa5047,2026-08-14T17:30:00Z,2026-08-14T19:30:00+0200,4290.73458,MW,DE,DE_LU,forecast_solar_generation,Solar,2026-08-29T22:40:46Z
2026-08-29T22:37:58Z,2026-08-30T00:37:58+0200,ede4ebfd-4cb0-4b05-bc4d-04fd38aa5047,2026-08-14T17:45:00Z,2026-08-14T19:45:00+0200,2773.0525,MW,DE,DE_LU,forecast_solar_generation,Solar,2026-08-29T22:40:46Z
2026-08-29T22:37:58Z,2026-08-30T00:37:58+0200,ede4ebfd-4cb0-4b05-bc4d-04fd38aa5047,2026-08-14T18:00:00Z,2026-08-14T20:00:00+0200,1576.78594,MW,DE,DE_LU,forecast_solar_generation,Solar,2026-08-29T22:40:46Z
2026-08-29T22:37:58Z,2026-08-30T00:37:58+0200,ede4ebfd-4cb0-4b05-bc4d-04fd38aa5047,2026-08-14T18:15:00Z,2026-08-14T20:15:00+0200,709.04302,MW,DE,DE_LU,forecast_solar_generation,Solar,2026-08-29T22:40:46Z
2026-08-29T22:37:58Z,2026-08-30T00:37:58+0200,ede4ebfd-4cb0-4b05-bc4d-04fd38aa5047,2026-08-14T18:30:00Z,2026-08-14T20:30:00+0200,238.99627,MW,DE,DE_LU,forecast_solar_generation,Solar,2026-08-29T22:40:46Z
2026-08-29T22:37:58Z,2026-08-30T00:37:58+0200,ede4ebfd-4cb0-4b05-bc4d-04fd38aa5047,2026-08-14T18:45:00Z,2026-08-14T20:45:00+0200,63.21893,MW,DE,DE_LU,forecast_solar_generation,Solar,2026-08-29T22:40:46Z
2026-08-29T22:37:58Z,2026-08-30T00:37:58+0200,ede4ebfd-4cb0-4b05-bc4d-04fd38aa5047,2026-08-14T19:00:00Z,2026-08-14T21:00:00+0200,10.40851,MW,DE,DE_LU,forecast_solar_generation,Solar,2026-08-29T22:40:46Z
2026-08-29T22:37:58Z,2026-08-30T00:37:58+0200,ede4ebfd-4cb0-4b05-bc4d-04fd38aa5047,2026-08-14T19:15:00Z,2026-08-14T21:15:00+0200,0.0,MW,DE,DE_LU,forecast_solar_generation,Solar,2026-08-29T22:40:46Z
2026-08-29T22:37:58Z,2026-08-30T00:37:58+0200,ede4ebfd-4cb0-4b05-bc4d-04fd38aa5047,2026-08-14T19:30:00Z,2026-08-14T21:30:00+0200,0.0,MW,DE,DE_LU,forecast_solar_generation,Solar,2026-08-29T22:40:46Z
2026-08-29T22:37:58Z,2026-08-30T00:37:58+0200,ede4ebfd-4cb0-4b05-bc4d-04fd38aa5047,2026-08-14T19:45:00Z,2026-08-14T21:45:00+0200,0.0,MW,DE,DE_LU,forecast_solar_generation,Solar,2026-08-29T22:40:46Z
2026-08-29T22:37:58Z,2026-08-30T00:37:58+0200,ede4ebfd-4cb0-4b05-bc4d-04fd38aa5047,2026-08-14T20:00:00Z,2026-08-14T22:00:00+0200,0.0,MW,DE,DE_LU,forecast_solar_generation,Solar,2026-08-29T22:40:46Z
2026-08-29T22:37:58Z,2026-08-30T00:37:58+0200,ede4ebfd-4cb0-4b05-bc4d-04fd38aa5047,2026-08-14T20:15:00Z,2026-08-14T22:15:00+0200,0.0,MW,DE,DE_LU,forecast_solar_generation,Solar,2026-08-29T22:40:46Z
2026-08-29T22:37:58Z,2026-08-30T00:37:58+0200,ede4ebfd-4cb0-4b05-bc4d-04fd38aa5047,2026-08-14T20:30:00Z,2026-08-14T22:30:00+0200,0.0,MW,DE,DE_LU,forecast_solar_generation,Solar,2026-08-29T22:40:46Z
2026-08-29T22:37:58Z,2026-08-30T00:37:58+0200,ede4ebfd-4cb0-4b05-bc4d-04fd38aa5047,2026-08-14T20:45:00Z,2026-08-14T22:45:00+0200,0.0,MW,DE,DE_LU,forecast_solar_generation,Solar,2026-08-29T22:40:46Z
2026-08-29T22:37:58Z,2026-08-30T00:37:58+0200,ede4ebfd-4cb0-4b05-bc4d-04fd38aa5047,2026-08-14T21:00:00Z,2026-08-14T23:00:00+0200,0.0,MW,DE,DE_LU,forecast_solar_generation,Solar,2026-08-29T22:40:46Z
2026-08-29T22:37:58Z,2026-08-30T00:37:58+0200,ede4ebfd-4cb0-4b05-bc4d-04fd38aa5047,2026-08-14T21:15:00Z,2026-08-14T23:15:00+0200,0.0,MW,DE,DE_LU,forecast_solar_generation,Solar,2026-08-29T22:40:46Z
2026-08-29T22:37:58Z,2026-08-30T00:37:58+0200,ede4ebfd-4cb0-4b05-bc4d-04fd38aa5047,2026-08-14T21:30:00Z,2026-08-14T23:30:00+0200,0.0,MW,DE,DE_LU,forecast_solar_generation,Solar,2026-08-29T22:40:46Z
2026-08-29T22:37:58Z,2026-08-30T00:37:58+0200,ede4ebfd-4cb0-4b05-bc4d-04fd38aa5047,2026-08-14T21:45:00Z,2026-08-14T23:45:00+0200,0.0,MW,DE,DE_LU,forecast_solar_generation,Solar,2026-08-29T22:40:46Z
2026-08-29T22:37:58Z,2026-08-30T00:37:58+0200,ede4ebfd-4cb0-4b05-bc4d-04fd38aa5047,2026-08-14T22:00:00Z,2026-08-15T00:00:00+0200,0.0,MW,DE,DE_LU,forecast_solar_generation,Solar,2026-08-29T22:40:46Z
2026-08-29T22:37:58Z,2026-08-30T00:37:58+0200,ede4ebfd-4cb0-4b05-bc4d-04fd38aa5047,2026-08-14T22:15:00Z,2026-08-15T00:15:00+0200,0.0,MW,DE,DE_LU,forecast_solar_generation,Solar,2026-08-29T22:40:46Z
2026-08-29T22:37:58Z,2026-08-30T00:37:58+0200,ede4ebfd-4cb0-4b05-bc4d-04fd38aa5047,2026-08-14T22:30:00Z,2026-08-15T00:30:00+0200,0.0,MW,DE,DE_LU,forecast_solar_generation,Solar,2026-08-29T22:40:46Z
2026-08-29T22:37:58Z,2026-08-30T00:37:58+0200,ede4ebfd-4cb0-4b05-bc4d-04fd38aa5047,2026-08-14T22:45:00Z,2026-08-15T00:45:00+0200,0.0,MW,DE,DE_LU,forecast_solar_generation,Solar,2026-08-29T22:40:46Z
2026-08-29T22:37:58Z,2026-08-30T00:37:58+0200,ede4ebfd-4cb0-4b05-bc4d-04fd38aa5047,2026-08-14T23:00:00Z,2026-08-15T01:00:00+0200,0.0,MW,DE,DE_LU,forecast_solar_generation,Solar,2026-08-29T22:40:46Z
2026-08-29T22:37:58Z,2026-08-30T00:37:58+0200,ede4ebfd-4cb0-4b05-bc4d-04fd38aa5047,2026-08-14T23:15:00Z,2026-08-15T01:15:00+0200,0.0,MW,DE,DE_LU,forecast_solar_generation,Solar,2026-08-29T22:40:46Z
2026-08-29T22:37:58Z,2026-08-30T00:37:58+0200,ede4ebfd-4cb0-4b05-bc4d-04fd38aa5047,2026-08-14T23:30:00Z,2026-08-15T01:30:00+0200,0.0,MW,DE,DE_LU,forecast_solar_generation,Solar,2026-08-29T22:40:46Z
2026-08-29T22:37:58Z,2026-08-30T00:37:58+0200,ede4ebfd-4cb0-4b05-bc4d-04fd38aa5047,2026-08-14T23:45:00Z,2026-08-15T01:45:00+0200,0.0,MW,DE,DE_LU,forecast_solar_generation,Solar,2026-08-29T22:40:46Z
2026-08-29T22:37:58Z,2026-08-30T00:37:58+0200,ede4ebfd-4cb0-4b05-bc4d-04fd38aa5047,2026-08-15T00:00:00Z,2026-08-15T02:00:00+0200,0.0,MW,DE,DE_LU,forecast_solar_generation,Solar,2026-08-29T22:40:46Z
2026-08-29T22:37:58Z,2026-08-30T00:37:58+0200,ede4ebfd-4cb0-4b05-bc4d-04fd38aa5047,2026-08-15T00:15:00Z,2026-08-15T02:15:00+0200,0.0,MW,DE,DE_LU,forecast_solar_generation,Solar,2026-08-29T22:40:46Z
2026-08-29T22:37:58Z,2026-08-30T00:37:58+0200,ede4ebfd-4cb0-4b05-bc4d-04fd38aa5047,2026-08-15T00:30:00Z,2026-08-15T02:30:00+0200,0.0,MW,DE,DE_LU,forecast_solar_generation,Solar,2026-08-29T22:40:46Z
2026-08-29T22:37:58Z,2026-08-30T00:37:58+0200,ede4ebfd-4cb0-4b05-bc4d-04fd38aa5047,2026-08-15T00:45:00Z,2026-08-15T02:45:00+0200,0.0,MW,DE,DE_LU,forecast_solar_generation,Solar,2026-08-29T22:40:46Z
2026-08-29T22:37:58Z,2026-08-30T00:37:58+0200,ede4ebfd-4cb0-4b05-bc4d-04fd38aa5047,2026-08-15T01:00:00Z,2026-08-15T03:00:00+0200,0.0,MW,DE,DE_LU,forecast_solar_generation,Solar,2026-08-29T22:40:46Z
2026-08-29T22:37:58Z,2026-08-30T00:37:58+0200,ede4ebfd-4cb0-4b05-bc4d-04fd38aa5047,2026-08-15T01:15:00Z,2026-08-15T03:15:00+0200,0.0,MW,DE,DE_LU,forecast_solar_generation,Solar,2026-08-29T22:40:46Z
2026-08-29T22:37:58Z,2026-08-30T00:37:58+0200,ede4ebfd-4cb0-4b05-bc4d-04fd38aa5047,2026-08-15T01:30:00Z,2026-08-15T03:30:00+0200,0.0,MW,DE,DE_LU,forecast_solar_generation,Solar,2026-08-29T22:40:46Z
2026-08-29T22:37:58Z,2026-08-30T00:37:58+0200,ede4ebfd-4cb0-4b05-bc4d-04fd38aa5047,2026-08-15T01:45:00Z,2026-08-15T03:45:00+0200,0.0,MW,DE,DE_LU,forecast_solar_generation,Solar,2026-08-29T22:40:46Z
2026-08-29T22:37:58Z,2026-08-30T00:37:58+0200,ede4ebfd-4cb0-4b05-bc4d-04fd38aa5047,2026-08-15T02:00:00Z,2026-08-15T04:00:00+0200,0.0,MW,DE,DE_LU,forecast_solar_generation,Solar,2026-08-29T22:40:46Z
2026-08-29T22:37:58Z,2026-08-30T00:37:58+0200,ede4ebfd-4cb0-4b05-bc4d-04fd38aa5047,2026-08-15T02:15:00Z,2026-08-15T04:15:00+0200,0.0,MW,DE,DE_LU,forecast_solar_generation,Solar,2026-08-29T22:40:46Z
2026-08-29T22:37:58Z,2026-08-30T00:37:58+0200,ede4ebfd-4cb0-4b05-bc4d-04fd38aa5047,2026-08-15T02:30:00Z,2026-08-15T04:30:00+0200,0.0,MW,DE,DE_LU,forecast_solar_generation,Solar,2026-08-29T22:40:46Z
2026-08-29T22:37:58Z,2026-08-30T00:37:58+0200,ede4ebfd-4cb0-4b05-bc4d-04fd38aa5047,2026-08-15T02:45:00Z,2026-08-15T04:45:00+0200,0.0,MW,DE,DE_LU,forecast_solar_generation,Solar,2026-08-29T22:40:46Z
2026-08-29T22:37:58Z,2026-08-30T00:37:58+0200,ede4ebfd-4cb0-4b05-bc4d-04fd38aa5047,2026-08-15T03:00:00Z,2026-08-15T05:00:00+0200,0.0,MW,DE,DE_LU,forecast_solar_generation,Solar,2026-08-29T22:40:46Z
2026-08-29T22:37:58Z,2026-08-30T00:37:58+0200,ede4ebfd-4cb0-4b05-bc4d-04fd38aa5047,2026-08-15T03:15:00Z,2026-08-15T05:15:00+0200,0.0,MW,DE,DE_LU,forecast_solar_generation,Solar,2026-08-29T22:40:46Z
2026-08-29T22:37:58Z,2026-08-30T00:37:58+0200,ede4ebfd-4cb0-4b05-bc4d-04fd38aa5047,2026-08-15T03:30:00Z,2026-08-15T05:30:00+0200,0.0,MW,DE,DE_LU,forecast_solar_generation,Solar,2026-08-29T22:40:46Z
2026-08-29T22:37:58Z,2026-08-30T00:37:58+0200,ede4ebfd-4cb0-4b05-bc4d-04fd38aa5047,2026-08-15T03:45:00Z,2026-08-15T05:45:00+0200,23.02326,MW,DE,DE_LU,forecast_solar_generation,Solar,2026-08-29T22:40:46Z
2026-08-29T22:37:58Z,2026-08-30T00:37:58+0200,ede4ebfd-4cb0-4b05-bc4d-04fd38aa5047,2026-08-15T04:00:00Z,2026-08-15T06:00:00+0200,206.55346,MW,DE,DE_LU,forecast_solar_generation,Solar,2026-08-29T22:40:46Z
2026-08-29T22:37:58Z,2026-08-30T00:37:58+0200,ede4ebfd-4cb0-4b05-bc4d-04fd38aa5047,2026-08-15T04:15:00Z,2026-08-15T06:15:00+0200,753.6732,MW,DE,DE_LU,forecast_solar_generation,Solar,2026-08-29T22:40:46Z
2026-08-29T22:37:58Z,2026-08-30T00:37:58+0200,ede4ebfd-4cb0-4b05-bc4d-04fd38aa5047,2026-08-15T04:30:00Z,2026-08-15T06:30:00+0200,1619.53487,MW,DE,DE_LU,forecast_solar_generation,Solar,2026-08-29T22:40:46Z
2026-08-29T22:37:58Z,2026-08-30T00:37:58+0200,ede4ebfd-4cb0-4b05-bc4d-04fd38aa5047,2026-08-15T04:45:00Z,2026-08-15T06:45:00+0200,2760.74246,MW,DE,DE_LU,forecast_solar_generation,Solar,2026-08-29T22:40:46Z
2026-08-29T22:37:58Z,2026-08-30T00:37:58+0200,ede4ebfd-4cb0-4b05-bc4d-04fd38aa5047,2026-08-15T05:00:00Z,2026-08-15T07:00:00+0200,4287.64277,MW,DE,DE_LU,forecast_solar_generation,Solar,2026-08-29T22:40:46Z
2026-08-29T22:37:58Z,2026-08-30T00:37:58+0200,ede4ebfd-4cb0-4b05-bc4d-04fd38aa5047,2026-08-15T05:15:00Z,2026-08-15T07:15:00+0200,6370.1192,MW,DE,DE_LU,forecast_solar_generation,Solar,2026-08-29T22:40:46Z
2026-08-29T22:37:58Z,2026-08-30T00:37:58+0200,ede4ebfd-4cb0-4b05-bc4d-04fd38aa5047,2026-08-15T05:30:00Z,2026-08-15T07:30:00+0200,8937.0772,MW,DE,DE_LU,forecast_solar_generation,Solar,2026-08-29T22:40:46Z
2026-08-29T22:37:58Z,2026-08-30T00:37:58+0200,ede4ebfd-4cb0-4b05-bc4d-04fd38aa5047,2026-08-15T05:45:00Z,2026-08-15T07:45:00+0200,11794.4711,MW,DE,DE_LU,forecast_solar_generation,Solar,2026-08-29T22:40:46Z
2026-08-29T22:37:58Z,2026-08-30T00:37:58+0200,ede4ebfd-4cb0-4b05-bc4d-04fd38aa5047,2026-08-15T06:00:00Z,2026-08-15T08:00:00+0200,14803.21878,MW,DE,DE_LU,forecast_solar_generation,Solar,2026-08-29T22:40:46Z
2026-08-29T22:37:58Z,2026-08-30T00:37:58+0200,ede4ebfd-4cb0-4b05-bc4d-04fd38aa5047,2026-08-15T06:15:00Z,2026-08-15T08:15:00+0200,17948.21958,MW,DE,DE_LU,forecast_solar_generation,Solar,2026-08-29T22:40:46Z
2026-08-29T22:37:58Z,2026-08-30T00:37:58+0200,ede4ebfd-4cb0-4b05-bc4d-04fd38aa5047,2026-08-15T06:30:00Z,2026-08-15T08:30:00+0200,21153.0665,MW,DE,DE_LU,forecast_solar_generation,Solar,2026-08-29T22:40:46Z
2026-08-29T22:37:58Z,2026-08-30T00:37:58+0200,ede4ebfd-4cb0-4b05-bc4d-04fd38aa5047,2026-08-15T06:45:00Z,2026-08-15T08:45:00+0200,24308.50344,MW,DE,DE_LU,forecast_solar_generation,Solar,2026-08-29T22:40:46Z
2026-08-29T22:37:58Z,2026-08-30T00:37:58+0200,ede4ebfd-4cb0-4b05-bc4d-04fd38aa5047,2026-08-15T07:00:00Z,2026-08-15T09:00:00+0200,27312.31865,MW,DE,DE_LU,forecast_solar_generation,Solar,2026-08-29T22:40:46Z
2026-08-29T22:37:58Z,2026-08-30T00:37:58+0200,ede4ebfd-4cb0-4b05-bc4d-04fd38aa5047,2026-08-15T07:15:00Z,2026-08-15T09:15:00+0200,30151.49154,MW,DE,DE_LU,forecast_solar_generation,Solar,2026-08-29T22:40:46Z
2026-08-29T22:37:58Z,2026-08-30T00:37:58+0200,ede4ebfd-4cb0-4b05-bc4d-04fd38aa5047,2026-08-15T07:30:00Z,2026-08-15T09:30:00+0200,32811.98731,MW,DE,DE_LU,forecast_solar_generation,Solar,2026-08-29T22:40:46Z
2026-08-29T22:37:58Z,2026-08-30T00:37:58+0200,ede4ebfd-4cb0-4b05-bc4d-04fd38aa5047,2026-08-15T07:45:00Z,2026-08-15T09:45:00+0200,35308.47611,MW,DE,DE_LU,forecast_solar_generation,Solar,2026-08-29T22:40:46Z
2026-08-29T22:37:58Z,2026-08-30T00:37:58+0200,ede4ebfd-4cb0-4b05-bc4d-04fd38aa5047,2026-08-15T08:00:00Z,2026-08-15T10:00:00+0200,37623.6415,MW,DE,DE_LU,forecast_solar_generation,Solar,2026-08-29T22:40:46Z
2026-08-29T22:37:58Z,2026-08-30T00:37:58+0200,ede4ebfd-4cb0-4b05-bc4d-04fd38aa5047,2026-08-15T08:15:00Z,2026-08-15T10:15:00+0200,39775.96807,MW,DE,DE_LU,forecast_solar_generation,Solar,2026-08-29T22:40:46Z
2026-08-29T22:37:58Z,2026-08-30T00:37:58+0200,ede4ebfd-4cb0-4b05-bc4d-04fd38aa5047,2026-08-15T08:30:00Z,2026-08-15T10:30:00+0200,41776.02584,MW,DE,DE_LU,forecast_solar_generation,Solar,2026-08-29T22:40:46Z
2026-08-29T22:37:58Z,2026-08-30T00:37:58+0200,ede4ebfd-4cb0-4b05-bc4d-04fd38aa5047,2026-08-15T08:45:00Z,2026-08-15T10:45:00+0200,43606.32867,MW,DE,DE_LU,forecast_solar_generation,Solar,2026-08-29T22:40:46Z
2026-08-29T22:37:58Z,2026-08-30T00:37:58+0200,ede4ebfd-4cb0-4b05-bc4d-04fd38aa5047,2026-08-15T09:00:00Z,2026-08-15T11:00:00+0200,45227.36515,MW,DE,DE_LU,forecast_solar_generation,Solar,2026-08-29T22:40:46Z
2026-08-29T22:37:58Z,2026-08-30T00:37:58+0200,ede4ebfd-4cb0-4b05-bc4d-04fd38aa5047,2026-08-15T09:15:00Z,2026-08-15T11:15:00+0200,46669.66718,MW,DE,DE_LU,forecast_solar_generation,Solar,2026-08-29T22:40:46Z
2026-08-29T22:37:58Z,2026-08-30T00:37:58+0200,ede4ebfd-4cb0-4b05-bc4d-04fd38aa5047,2026-08-15T09:30:00Z,2026-08-15T11:30:00+0200,47896.05686,MW,DE,DE_LU,forecast_solar_generation,Solar,2026-08-29T22:40:46Z
2026-08-29T22:37:58Z,2026-08-30T00:37:58+0200,ede4ebfd-4cb0-4b05-bc4d-04fd38aa5047,2026-08-15T09:45:00Z,2026-08-15T11:45:00+0200,48917.05799,MW,DE,DE_LU,forecast_solar_generation,Solar,2026-08-29T22:40:46Z
2026-08-29T22:37:58Z,2026-08-30T00:37:58+0200,ede4ebfd-4cb0-4b05-bc4d-04fd38aa5047,2026-08-15T10:00:00Z,2026-08-15T12:00:00+0200,49777.8174,MW,DE,DE_LU,forecast_solar_generation,Solar,2026-08-29T22:40:46Z
2026-08-29T22:37:58Z,2026-08-30T00:37:58+0200,ede4ebfd-4cb0-4b05-bc4d-04fd38aa5047,2026-08-15T10:15:00Z,2026-08-15T12:15:00+0200,50471.19464,MW,DE,DE_LU,forecast_solar_generation,Solar,2026-08-29T22:40:46Z
2026-08-29T22:37:58Z,2026-08-30T00:37:58+0200,ede4ebfd-4cb0-4b05-bc4d-04fd38aa5047,2026-08-15T10:30:00Z,2026-08-15T12:30:00+0200,50957.98484,MW,DE,DE_LU,forecast_solar_generation,Solar,2026-08-29T22:40:46Z
2026-08-29T22:37:58Z,2026-08-30T00:37:58+0200,ede4ebfd-4cb0-4b05-bc4d-04fd38aa5047,2026-08-15T10:45:00Z,2026-08-15T12:45:00+0200,51241.28427,MW,DE,DE_LU,forecast_solar_generation,Solar,2026-08-29T22:40:46Z
2026-08-29T22:37:58Z,2026-08-30T00:37:58+0200,ede4ebfd-4cb0-4b05-bc4d-04fd38aa5047,2026-08-15T11:00:00Z,2026-08-15T13:00:00+0200,51289.66509,MW,DE,DE_LU,forecast_solar_generation,Solar,2026-08-29T22:40:46Z
2026-08-29T22:37:58Z,2026-08-30T00:37:58+0200,ede4ebfd-4cb0-4b05-bc4d-04fd38aa5047,2026-08-15T11:15:00Z,2026-08-15T13:15:00+0200,51139.58683,MW,DE,DE_LU,forecast_solar_generation,Solar,2026-08-29T22:40:46Z
2026-08-29T22:37:58Z,2026-08-30T00:37:58+0200,ede4ebfd-4cb0-4b05-bc4d-04fd38aa5047,2026-08-15T11:30:00Z,2026-08-15T13:30:00+0200,50711.58712,MW,DE,DE_LU,forecast_solar_generation,Solar,2026-08-29T22:40:46Z
2026-08-29T22:37:58Z,2026-08-30T00:37:58+0200,ede4ebfd-4cb0-4b05-bc4d-04fd38aa5047,2026-08-15T11:45:00Z,2026-08-15T13:45:00+0200,50089.59978,MW,DE,DE_LU,forecast_solar_generation,Solar,2026-08-29T22:40:46Z
2026-08-29T22:37:58Z,2026-08-30T00:37:58+0200,ede4ebfd-4cb0-4b05-bc4d-04fd38aa5047,2026-08-15T12:00:00Z,2026-08-15T14:00:00+0200,49250.41489,MW,DE,DE_LU,forecast_solar_generation,Solar,2026-08-29T22:40:46Z
2026-08-29T22:37:58Z,2026-08-30T00:37:58+0200,ede4ebfd-4cb0-4b05-bc4d-04fd38aa5047,2026-08-15T12:15:00Z,2026-08-15T14:15:00+0200,48213.78988,MW,DE,DE_LU,forecast_solar_generation,Solar,2026-08-29T22:40:46Z
2026-08-29T22:37:58Z,2026-08-30T00:37:58+0200,ede4ebfd-4cb0-4b05-bc4d-04fd38aa5047,2026-08-15T12:30:00Z,2026-08-15T14:30:00+0200,47001.26072,MW,DE,DE_LU,forecast_solar_generation,Solar,2026-08-29T22:40:46Z
2026-08-29T22:37:58Z,2026-08-30T00:37:58+0200,ede4ebfd-4cb0-4b05-bc4d-04fd38aa5047,2026-08-15T12:45:00Z,2026-08-15T14:45:00+0200,45681.73451,MW,DE,DE_LU,forecast_solar_generation,Solar,2026-08-29T22:40:46Z
2026-08-29T22:37:58Z,2026-08-30T00:37:58+0200,ede4ebfd-4cb0-4b05-bc4d-04fd38aa5047,2026-08-15T13:00:00Z,2026-08-15T15:00:00+0200,44207.16833,MW,DE,DE_LU,forecast_solar_generation,Solar,2026-08-29T22:40:46Z
2026-08-29T22:37:58Z,2026-08-30T00:37:58+0200,ede4ebfd-4cb0-4b05-bc4d-04fd38aa5047,2026-08-15T13:15:00Z,2026-08-15T15:15:00+0200,42665.78349,MW,DE,DE_LU,forecast_solar_generation,Solar,2026-08-29T22:40:46Z
2026-08-29T22:37:58Z,2026-08-30T00:37:58+0200,ede4ebfd-4cb0-4b05-bc4d-04fd38aa5047,2026-08-15T13:30:00Z,2026-08-15T15:30:00+0200,41010.32611,MW,DE,DE_LU,forecast_solar_generation,Solar,2026-08-29T22:40:46Z
2026-08-29T22:37:58Z,2026-08-30T00:37:58+0200,ede4ebfd-4cb0-4b05-bc4d-04fd38aa5047,2026-08-15T13:45:00Z,2026-08-15T15:45:00+0200,39228.24274,MW,DE,DE_LU,forecast_solar_generation,Solar,2026-08-29T22:40:46Z
2026-08-29T22:37:58Z,2026-08-30T00:37:58+0200,ede4ebfd-4cb0-4b05-bc4d-04fd38aa5047,2026-08-15T14:00:00Z,2026-08-15T16:00:00+0200,37221.40116,MW,DE,DE_LU,forecast_solar_generation,Solar,2026-08-29T22:40:46Z
2026-08-29T22:37:58Z,2026-08-30T00:37:58+0200,ede4ebfd-4cb0-4b05-bc4d-04fd38aa5047,2026-08-15T14:15:00Z,2026-08-15T16:15:00+0200,35046.17023,MW,DE,DE_LU,forecast_solar_generation,Solar,2026-08-29T22:40:46Z
2026-08-29T22:37:58Z,2026-08-30T00:37:58+0200,ede4ebfd-4cb0-4b05-bc4d-04fd38aa5047,2026-08-15T14:30:00Z,2026-08-15T16:30:00+0200,32753.08031,MW,DE,DE_LU,forecast_solar_generation,Solar,2026-08-29T22:40:46Z
2026-08-29T22:37:58Z,2026-08-30T00:37:58+0200,ede4ebfd-4cb0-4b05-bc4d-04fd38aa5047,2026-08-15T14:45:00Z,2026-08-15T16:45:00+0200,30350.07395,MW,DE,DE_LU,forecast_solar_generation,Solar,2026-08-29T22:40:46Z
2026-08-29T22:37:58Z,2026-08-30T00:37:58+0200,ede4ebfd-4cb0-4b05-bc4d-04fd38aa5047,2026-08-15T15:00:00Z,2026-08-15T17:00:00+0200,27791.37177,MW,DE,DE_LU,forecast_solar_generation,Solar,2026-08-29T22:40:46Z
2026-08-29T22:37:58Z,2026-08-30T00:37:58+0200,ede4ebfd-4cb0-4b05-bc4d-04fd38aa5047,2026-08-15T15:15:00Z,2026-08-15T17:15:00+0200,25168.28222,MW,DE,DE_LU,forecast_solar_generation,Solar,2026-08-29T22:40:46Z
2026-08-29T22:37:58Z,2026-08-30T00:37:58+0200,ede4ebfd-4cb0-4b05-bc4d-04fd38aa5047,2026-08-15T15:30:00Z,2026-08-15T17:30:00+0200,22474.54108,MW,DE,DE_LU,forecast_solar_generation,Solar,2026-08-29T22:40:46Z
2026-08-29T22:37:58Z,2026-08-30T00:37:58+0200,ede4ebfd-4cb0-4b05-bc4d-04fd38aa5047,2026-08-15T15:45:00Z,2026-08-15T17:45:00+0200,19773.56953,MW,DE,DE_LU,forecast_solar_generation,Solar,2026-08-29T22:40:46Z
2026-08-29T22:37:58Z,2026-08-30T00:37:58+0200,ede4ebfd-4cb0-4b05-bc4d-04fd38aa5047,2026-08-15T16:00:00Z,2026-08-15T18:00:00+0200,16982.65781,MW,DE,DE_LU,forecast_solar_generation,Solar,2026-08-29T22:40:46Z
2026-08-29T22:37:58Z,2026-08-30T00:37:58+0200,ede4ebfd-4cb0-4b05-bc4d-04fd38aa5047,2026-08-15T16:15:00Z,2026-08-15T18:15:00+0200,14242.67259,MW,DE,DE_LU,forecast_solar_generation,Solar,2026-08-29T22:40:46Z
2026-08-29T22:37:58Z,2026-08-30T00:37:58+0200,ede4ebfd-4cb0-4b05-bc4d-04fd38aa5047,2026-08-15T16:30:00Z,2026-08-15T18:30:00+0200,11590.7098,MW,DE,DE_LU,forecast_solar_generation,Solar,2026-08-29T22:40:46Z
2026-08-29T22:37:58Z,2026-08-30T00:37:58+0200,ede4ebfd-4cb0-4b05-bc4d-04fd38aa5047,2026-08-15T16:45:00Z,2026-08-15T18:45:00+0200,9103.35486,MW,DE,DE_LU,forecast_solar_generation,Solar,2026-08-29T22:40:46Z
2026-08-29T22:37:58Z,2026-08-30T00:37:58+0200,ede4ebfd-4cb0-4b05-bc4d-04fd38aa5047,2026-08-15T17:00:00Z,2026-08-15T19:00:00+0200,6853.86978,MW,DE,DE_LU,forecast_solar_generation,Solar,2026-08-29T22:40:46Z
2026-08-29T22:37:58Z,2026-08-30T00:37:58+0200,ede4ebfd-4cb0-4b05-bc4d-04fd38aa5047,2026-08-15T17:15:00Z,2026-08-15T19:15:00+0200,4872.98567,MW,DE,DE_LU,forecast_solar_generation,Solar,2026-08-29T22:40:46Z
2026-08-29T22:37:58Z,2026-08-30T00:37:58+0200,ede4ebfd-4cb0-4b05-bc4d-04fd38aa5047,2026-08-15T17:30:00Z,2026-08-15T19:30:00+0200,3268.79342,MW,DE,DE_LU,forecast_solar_generation,Solar,2026-08-29T22:40:46Z
2026-08-29T22:37:58Z,2026-08-30T00:37:58+0200,ede4ebfd-4cb0-4b05-bc4d-04fd38aa5047,2026-08-15T17:45:00Z,2026-08-15T19:45:00+0200,1989.27412,MW,DE,DE_LU,forecast_solar_generation,Solar,2026-08-29T22:40:46Z
2026-08-29T22:37:58Z,2026-08-30T00:37:58+0200,ede4ebfd-4cb0-4b05-bc4d-04fd38aa5047,2026-08-15T18:00:00Z,2026-08-15T20:00:00+0200,1008.50709,MW,DE,DE_LU,forecast_solar_generation,Solar,2026-08-29T22:40:46Z
2026-08-29T22:37:58Z,2026-08-30T00:37:58+0200,ede4ebfd-4cb0-4b05-bc4d-04fd38aa5047,2026-08-15T18:15:00Z,2026-08-15T20:15:00+0200,385.76235,MW,DE,DE_LU,forecast_solar_generation,Solar,2026-08-29T22:40:46Z
2026-08-29T22:37:58Z,2026-08-30T00:37:58+0200,ede4ebfd-4cb0-4b05-bc4d-04fd38aa5047,2026-08-15T18:30:00Z,2026-08-15T20:30:00+0200,108.93358,MW,DE,DE_LU,forecast_solar_generation,Solar,2026-08-29T22:40:46Z
2026-08-29T22:37:58Z,2026-08-30T00:37:58+0200,ede4ebfd-4cb0-4b05-bc4d-04fd38aa5047,2026-08-15T18:45:00Z,2026-08-15T20:45:00+0200,30.84762,MW,DE,DE_LU,forecast_solar_generation,Solar,2026-08-29T22:40:46Z
2026-08-29T22:37:58Z,2026-08-30T00:37:58+0200,ede4ebfd-4cb0-4b05-bc4d-04fd38aa5047,2026-08-15T19:00:00Z,2026-08-15T21:00:00+0200,1.098,MW,DE,DE_LU,forecast_solar_generation,Solar,2026-08-29T22:40:46Z
2026-08-29T22:37:58Z,2026-08-30T00:37:58+0200,ede4ebfd-4cb0-4b05-bc4d-04fd38aa5047,2026-08-15T19:15:00Z,2026-08-15T21:15:00+0200,0.0,MW,DE,DE_LU,forecast_solar_generation,Solar,2026-08-29T22:40:46Z
2026-08-29T22:37:58Z,2026-08-30T00:37:58+0200,ede4ebfd-4cb0-4b05-bc4d-04fd38aa5047,2026-08-15T19:30:00Z,2026-08-15T21:30:00+0200,0.0,MW,DE,DE_LU,forecast_solar_generation,Solar,2026-08-29T22:40:46Z
2026-08-29T22:37:58Z,2026-08-30T00:37:58+0200,ede4ebfd-4cb0-4b05-bc4d-04fd38aa5047,2026-08-15T19:45:00Z,2026-08-15T21:45:00+0200,0.0,MW,DE,DE_LU,forecast_solar_generation,Solar,2026-08-29T22:40:46Z
2026-08-29T22:37:58Z,2026-08-30T00:37:58+0200,ede4ebfd-4cb0-4b05-bc4d-04fd38aa5047,2026-08-15T20:00:00Z,2026-08-15T22:00:00+0200,0.0,MW,DE,DE_LU,forecast_solar_generation,Solar,2026-08-29T22:40:46Z
2026-08-29T22:37:58Z,2026-08-30T00:37:58+0200,ede4ebfd-4cb0-4b05-bc4d-04fd38aa5047,2026-08-15T20:15:00Z,2026-08-15T22:15:00+0200,0.0,MW,DE,DE_LU,forecast_solar_generation,Solar,2026-08-29T22:40:46Z
2026-08-29T22:37:58Z,2026-08-30T00:37:58+0200,ede4ebfd-4cb0-4b05-bc4d-04fd38aa5047,2026-08-15T20:30:00Z,2026-08-15T22:30:00+0200,0.0,MW,DE,DE_LU,forecast_solar_generation,Solar,2026-08-29T22:40:46Z
2026-08-29T22:37:58Z,2026-08-30T00:37:58+0200,ede4ebfd-4cb0-4b05-bc4d-04fd38aa5047,2026-08-15T20:45:00Z,2026-08-15T22:45:00+0200,0.0,MW,DE,DE_LU,forecast_solar_generation,Solar,2026-08-29T22:40:46Z
2026-08-29T22:37:58Z,2026-08-30T00:37:58+0200,ede4ebfd-4cb0-4b05-bc4d-04fd38aa5047,2026-08-15T21:00:00Z,2026-08-15T23:00:00+0200,0.0,MW,DE,DE_LU,forecast_solar_generation,Solar,2026-08-29T22:40:46Z
2026-08-29T22:37:58Z,2026-08-30T00:37:58+0200,ede4ebfd-4cb0-4b05-bc4d-04fd38aa5047,2026-08-15T21:15:00Z,2026-08-15T23:15:00+0200,0.0,MW,DE,DE_LU,forecast_solar_generation,Solar,2026-08-29T22:40:46Z
2026-08-29T22:37:58Z,2026-08-30T00:37:58+0200,ede4ebfd-4cb0-4b05-bc4d-04fd38aa5047,2026-08-15T21:30:00Z,2026-08-15T23:30:00+0200,0.0,MW,DE,DE_LU,forecast_solar_generation,Solar,2026-08-29T22:40:46Z
2026-08-29T22:37:58Z,2026-08-30T00:37:58+0200,ede4ebfd-4cb0-4b05-bc4d-04fd38aa5047,2026-08-15T21:45:00Z,2026-08-15T23:45:00+0200,0.0,MW,DE,DE_LU,forecast_solar_generation,Solar,2026-08-29T22:40:46Z
2026-08-29T22:37:58Z,2026-08-30T00:37:58+0200,ede4ebfd-4cb0-4b05-bc4d-04fd38aa5047,2026-08-15T22:00:00Z,2026-08-16T00:00:00+0200,0.0,MW,DE,DE_LU,forecast_solar_generation,Solar,2026-08-29T22:40:46Z
2026-08-29T22:37:58Z,2026-08-30T00:37:58+0200,ede4ebfd-4cb0-4b05-bc4d-04fd38aa5047,2026-08-15T22:15:00Z,2026-08-16T00:15:00+0200,0.0,MW,DE,DE_LU,forecast_solar_generation,Solar,2026-08-29T22:40:46Z
2026-08-29T22:37:58Z,2026-08-30T00:37:58+0200,ede4ebfd-4cb0-4b05-bc4d-04fd38aa5047,2026-08-15T22:30:00Z,2026-08-16T00:30:00+0200,0.0,MW,DE,DE_LU,forecast_solar_generation,Solar,2026-08-29T22:40:46Z
2026-08-29T22:37:58Z,2026-08-30T00:37:58+0200,ede4ebfd-4cb0-4b05-bc4d-04fd38aa5047,2026-08-15T22:45:00Z,2026-08-16T00:45:00+0200,0.0,MW,DE,DE_LU,forecast_solar_generation,Solar,2026-08-29T22:40:46Z
2026-08-29T22:37:58Z,2026-08-30T00:37:58+0200,ede4ebfd-4cb0-4b05-bc4d-04fd38aa5047,2026-08-15T23:00:00Z,2026-08-16T01:00:00+0200,0.0,MW,DE,DE_LU,forecast_solar_generation,Solar,2026-08-29T22:40:46Z
2026-08-29T22:37:58Z,2026-08-30T00:37:58+0200,ede4ebfd-4cb0-4b05-bc4d-04fd38aa5047,2026-08-15T23:15:00Z,2026-08-16T01:15:00+0200,0.0,MW,DE,DE_LU,forecast_solar_generation,Solar,2026-08-29T22:40:46Z
2026-08-29T22:37:58Z,2026-08-30T00:37:58+0200,ede4ebfd-4cb0-4b05-bc4d-04fd38aa5047,2026-08-15T23:30:00Z,2026-08-16T01:30:00+0200,0.0,MW,DE,DE_LU,forecast_solar_generation,Solar,2026-08-29T22:40:46Z
2026-08-29T22:37:58Z,2026-08-30T00:37:58+0200,ede4ebfd-4cb0-4b05-bc4d-04fd38aa5047,2026-08-15T23:45:00Z,2026-08-16T01:45:00+0200,0.0,MW,DE,DE_LU,forecast_solar_generation,Solar,2026-08-29T22:40:46Z
2026-08-29T22:37:58Z,2026-08-30T00:37:58+0200,ede4ebfd-4cb0-4b05-bc4d-04fd38aa5047,2026-08-16T00:00:00Z,2026-08-16T02:00:00+0200,0.0,MW,DE,DE_LU,forecast_solar_generation,Solar,2026-08-29T22:40:46Z
2026-08-29T22:37:58Z,2026-08-30T00:37:58+0200,ede4ebfd-4cb0-4b05-bc4d-04fd38aa5047,2026-08-16T00:15:00Z,2026-08-16T02:15:00+0200,0.0,MW,DE,DE_LU,forecast_solar_generation,Solar,2026-08-29T22:40:46Z
2026-08-29T22:37:58Z,2026-08-30T00:37:58+0200,ede4ebfd-4cb0-4b05-bc4d-04fd38aa5047,2026-08-16T00:30:00Z,2026-08-16T02:30:00+0200,0.0,MW,DE,DE_LU,forecast_solar_generation,Solar,2026-08-29T22:40:46Z
2026-08-29T22:37:58Z,2026-08-30T00:37:58+0200,ede4ebfd-4cb0-4b05-bc4d-04fd38aa5047,2026-08-16T00:45:00Z,2026-08-16T02:45:00+0200,0.0,MW,DE,DE_LU,forecast_solar_generation,Solar,2026-08-29T22:40:46Z
2026-08-29T22:37:58Z,2026-08-30T00:37:58+0200,ede4ebfd-4cb0-4b05-bc4d-04fd38aa5047,2026-08-16T01:00:00Z,2026-08-16T03:00:00+0200,0.0,MW,DE,DE_LU,forecast_solar_generation,Solar,2026-08-29T22:40:46Z
2026-08-29T22:37:58Z,2026-08-30T00:37:58+0200,ede4ebfd-4cb0-4b05-bc4d-04fd38aa5047,2026-08-16T01:15:00Z,2026-08-16T03:15:00+0200,0.0,MW,DE,DE_LU,forecast_solar_generation,Solar,2026-08-29T22:40:46Z
2026-08-29T22:37:58Z,2026-08-30T00:37:58+0200,ede4ebfd-4cb0-4b05-bc4d-04fd38aa5047,2026-08-16T01:30:00Z,2026-08-16T03:30:00+0200,0.0,MW,DE,DE_LU,forecast_solar_generation,Solar,2026-08-29T22:40:46Z
2026-08-29T22:37:58Z,2026-08-30T00:37:58+0200,ede4ebfd-4cb0-4b05-bc4d-04fd38aa5047,2026-08-16T01:45:00Z,2026-08-16T03:45:00+0200,0.0,MW,DE,DE_LU,forecast_solar_generation,Solar,2026-08-29T22:40:46Z
2026-08-29T22:37:58Z,2026-08-30T00:37:58+0200,ede4ebfd-4cb0-4b05-bc4d-04fd38aa5047,2026-08-16T02:00:00Z,2026-08-16T04:00:00+0200,0.0,MW,DE,DE_LU,forecast_solar_generation,Solar,2026-08-29T22:40:46Z
2026-08-29T22:37:58Z,2026-08-30T00:37:58+0200,ede4ebfd-4cb0-4b05-bc4d-04fd38aa5047,2026-08-16T02:15:00Z,2026-08-16T04:15:00+0200,0.0,MW,DE,DE_LU,forecast_solar_generation,Solar,2026-08-29T22:40:46Z
2026-08-29T22:37:58Z,2026-08-30T00:37:58+0200,ede4ebfd-4cb0-4b05-bc4d-04fd38aa5047,2026-08-16T02:30:00Z,2026-08-16T04:30:00+0200,0.0,MW,DE,DE_LU,forecast_solar_generation,Solar,2026-08-29T22:40:46Z
2026-08-29T22:37:58Z,2026-08-30T00:37:58+0200,ede4ebfd-4cb0-4b05-bc4d-04fd38aa5047,2026-08-16T02:45:00Z,2026-08-16T04:45:00+0200,0.0,MW,DE,DE_LU,forecast_solar_generation,Solar,2026-08-29T22:40:46Z
2026-08-29T22:37:58Z,2026-08-30T00:37:58+0200,ede4ebfd-4cb0-4b05-bc4d-04fd38aa5047,2026-08-16T03:00:00Z,2026-08-16T05:00:00+0200,0.0,MW,DE,DE_LU,forecast_solar_generation,Solar,2026-08-29T22:40:46Z
2026-08-29T22:37:58Z,2026-08-30T00:37:58+0200,ede4ebfd-4cb0-4b05-bc4d-04fd38aa5047,2026-08-16T03:15:00Z,2026-08-16T05:15:00+0200,0.0,MW,DE,DE_LU,forecast_solar_generation,Solar,2026-08-29T22:40:46Z
2026-08-29T22:37:58Z,2026-08-30T00:37:58+0200,ede4ebfd-4cb0-4b05-bc4d-04fd38aa5047,2026-08-16T03:30:00Z,2026-08-16T05:30:00+0200,0.0,MW,DE,DE_LU,forecast_solar_generation,Solar,2026-08-29T22:40:46Z
2026-08-29T22:37:58Z,2026-08-30T00:37:58+0200,ede4ebfd-4cb0-4b05-bc4d-04fd38aa5047,2026-08-16T03:45:00Z,2026-08-16T05:45:00+0200,10.749,MW,DE,DE_LU,forecast_solar_generation,Solar,2026-08-29T22:40:46Z
2026-08-29T22:37:58Z,2026-08-30T00:37:58+0200,ede4ebfd-4cb0-4b05-bc4d-04fd38aa5047,2026-08-16T04:00:00Z,2026-08-16T06:00:00+0200,91.83049,MW,DE,DE_LU,forecast_solar_generation,Solar,2026-08-29T22:40:46Z
2026-08-29T22:37:58Z,2026-08-30T00:37:58+0200,ede4ebfd-4cb0-4b05-bc4d-04fd38aa5047,2026-08-16T04:15:00Z,2026-08-16T06:15:00+0200,335.16059,MW,DE,DE_LU,forecast_solar_generation,Solar,2026-08-29T22:40:46Z
2026-08-29T22:37:58Z,2026-08-30T00:37:58+0200,ede4ebfd-4cb0-4b05-bc4d-04fd38aa5047,2026-08-16T04:30:00Z,2026-08-16T06:30:00+0200,788.74703,MW,DE,DE_LU,forecast_solar_generation,Solar,2026-08-29T22:40:46Z
2026-08-29T22:37:58Z,2026-08-30T00:37:58+0200,ede4ebfd-4cb0-4b05-bc4d-04fd38aa5047,2026-08-16T04:45:00Z,2026-08-16T06:45:00+0200,1513.0546,MW,DE,DE_LU,forecast_solar_generation,Solar,2026-08-29T22:40:46Z
2026-08-29T22:37:58Z,2026-08-30T00:37:58+0200,ede4ebfd-4cb0-4b05-bc4d-04fd38aa5047,2026-08-16T05:00:00Z,2026-08-16T07:00:00+0200,2543.14759,MW,DE,DE_LU,forecast_solar_generation,Solar,2026-08-29T22:40:46Z
2026-08-29T22:37:58Z,2026-08-30T00:37:58+0200,ede4ebfd-4cb0-4b05-bc4d-04fd38aa5047,2026-08-16T05:15:00Z,2026-08-16T07:15:00+0200,3878.39285,MW,DE,DE_LU,forecast_solar_generation,Solar,2026-08-29T22:40:46Z
2026-08-29T22:37:58Z,2026-08-30T00:37:58+0200,ede4ebfd-4cb0-4b05-bc4d-04fd38aa5047,2026-08-16T05:30:00Z,2026-08-16T07:30:00+0200,5501.30052,MW,DE,DE_LU,forecast_solar_generation,Solar,2026-08-29T22:40:46Z
2026-08-29T22:37:58Z,2026-08-30T00:37:58+0200,ede4ebfd-4cb0-4b05-bc4d-04fd38aa5047,2026-08-16T05:45:00Z,2026-08-16T07:45:00+0200,7311.59538,MW,DE,DE_LU,forecast_solar_generation,Solar,2026-08-29T22:40:46Z
2026-08-29T22:37:58Z,2026-08-30T00:37:58+0200,ede4ebfd-4cb0-4b05-bc4d-04fd38aa5047,2026-08-16T06:00:00Z,2026-08-16T08:00:00+0200,9264.22409,MW,DE,DE_LU,forecast_solar_generation,Solar,2026-08-29T22:40:46Z
2026-08-29T22:37:58Z,2026-08-30T00:37:58+0200,ede4ebfd-4cb0-4b05-bc4d-04fd38aa5047,2026-08-16T06:15:00Z,2026-08-16T08:15:00+0200,11421.45108,MW,DE,DE_LU,forecast_solar_generation,Solar,2026-08-29T22:40:46Z
2026-08-29T22:37:58Z,2026-08-30T00:37:58+0200,ede4ebfd-4cb0-4b05-bc4d-04fd38aa5047,2026-08-16T06:30:00Z,2026-08-16T08:30:00+0200,13753.5111,MW,DE,DE_LU,forecast_solar_generation,Solar,2026-08-29T22:40:46Z
2026-08-29T22:37:58Z,2026-08-30T00:37:58+0200,ede4ebfd-4cb0-4b05-bc4d-04fd38aa5047,2026-08-16T06:45:00Z,2026-08-16T08:45:00+0200,16149.74551,MW,DE,DE_LU,forecast_solar_generation,Solar,2026-08-29T22:40:46Z
2026-08-29T22:37:58Z,2026-08-30T00:37:58+0200,ede4ebfd-4cb0-4b05-bc4d-04fd38aa5047,2026-08-16T07:00:00Z,2026-08-16T09:00:00+0200,18599.52303,MW,DE,DE_LU,forecast_solar_generation,Solar,2026-08-29T22:40:46Z
2026-08-29T22:37:58Z,2026-08-30T00:37:58+0200,ede4ebfd-4cb0-4b05-bc4d-04fd38aa5047,2026-08-16T07:15:00Z,2026-08-16T09:15:00+0200,21040.3248,MW,DE,DE_LU,forecast_solar_generation,Solar,2026-08-29T22:40:46Z
2026-08-29T22:37:58Z,2026-08-30T00:37:58+0200,ede4ebfd-4cb0-4b05-bc4d-04fd38aa5047,2026-08-16T07:30:00Z,2026-08-16T09:30:00+0200,23429.81286,MW,DE,DE_LU,forecast_solar_generation,Solar,2026-08-29T22:40:46Z
2026-08-29T22:37:58Z,2026-08-30T00:37:58+0200,ede4ebfd-4cb0-4b05-bc4d-04fd38aa5047,2026-08-16T07:45:00Z,2026-08-16T09:45:00+0200,25804.00615,MW,DE,DE_LU,forecast_solar_generation,Solar,2026-08-29T22:40:46Z
2026-08-29T22:37:58Z,2026-08-30T00:37:58+0200,ede4ebfd-4cb0-4b05-bc4d-04fd38aa5047,2026-08-16T08:00:00Z,2026-08-16T10:00:00+0200,28033.56853,MW,DE,DE_LU,forecast_solar_generation,Solar,2026-08-29T22:40:46Z
2026-08-29T22:37:58Z,2026-08-30T00:37:58+0200,ede4ebfd-4cb0-4b05-bc4d-04fd38aa5047,2026-08-16T08:15:00Z,2026-08-16T10:15:00+0200,30199.06355,MW,DE,DE_LU,forecast_solar_generation,Solar,2026-08-29T22:40:46Z
2026-08-29T22:37:58Z,2026-08-30T00:37:58+0200,ede4ebfd-4cb0-4b05-bc4d-04fd38aa5047,2026-08-16T08:30:00Z,2026-08-16T10:30:00+0200,32186.73562,MW,DE,DE_LU,forecast_solar_generation,Solar,2026-08-29T22:40:46Z
2026-08-29T22:37:58Z,2026-08-30T00:37:58+0200,ede4ebfd-4cb0-4b05-bc4d-04fd38aa5047,2026-08-16T08:45:00Z,2026-08-16T10:45:00+0200,33989.60431,MW,DE,DE_LU,forecast_solar_generation,Solar,2026-08-29T22:40:46Z
2026-08-29T22:37:58Z,2026-08-30T00:37:58+0200,ede4ebfd-4cb0-4b05-bc4d-04fd38aa5047,2026-08-16T09:00:00Z,2026-08-16T11:00:00+0200,35610.39399,MW,DE,DE_LU,forecast_solar_generation,Solar,2026-08-29T22:40:46Z
2026-08-29T22:37:58Z,2026-08-30T00:37:58+0200,ede4ebfd-4cb0-4b05-bc4d-04fd38aa5047,2026-08-16T09:15:00Z,2026-08-16T11:15:00+0200,37105.62113,MW,DE,DE_LU,forecast_solar_generation,Solar,2026-08-29T22:40:46Z
2026-08-29T22:37:58Z,2026-08-30T00:37:58+0200,ede4ebfd-4cb0-4b05-bc4d-04fd38aa5047,2026-08-16T09:30:00Z,2026-08-16T11:30:00+0200,38386.23764,MW,DE,DE_LU,forecast_solar_generation,Solar,2026-08-29T22:40:46Z
2026-08-29T22:37:58Z,2026-08-30T00:37:58+0200,ede4ebfd-4cb0-4b05-bc4d-04fd38aa5047,2026-08-16T09:45:00Z,2026-08-16T11:45:00+0200,39468.11549,MW,DE,DE_LU,forecast_solar_generation,Solar,2026-08-29T22:40:46Z
2026-08-29T22:37:58Z,2026-08-30T00:37:58+0200,ede4ebfd-4cb0-4b05-bc4d-04fd38aa5047,2026-08-16T10:00:00Z,2026-08-16T12:00:00+0200,40390.69597,MW,DE,DE_LU,forecast_solar_generation,Solar,2026-08-29T22:40:46Z
2026-08-29T22:37:58Z,2026-08-30T00:37:58+0200,ede4ebfd-4cb0-4b05-bc4d-04fd38aa5047,2026-08-16T10:15:00Z,2026-08-16T12:15:00+0200,41082.94519,MW,DE,DE_LU,forecast_solar_generation,Solar,2026-08-29T22:40:46Z
2026-08-29T22:37:58Z,2026-08-30T00:37:58+0200,ede4ebfd-4cb0-4b05-bc4d-04fd38aa5047,2026-08-16T10:30:00Z,2026-08-16T12:30:00+0200,41575.25014,MW,DE,DE_LU,forecast_solar_generation,Solar,2026-08-29T22:40:46Z
2026-08-29T22:37:58Z,2026-08-30T00:37:58+0200,ede4ebfd-4cb0-4b05-bc4d-04fd38aa5047,2026-08-16T10:45:00Z,2026-08-16T12:45:00+0200,41873.68685,MW,DE,DE_LU,forecast_solar_generation,Solar,2026-08-29T22:40:46Z
2026-08-29T22:37:58Z,2026-08-30T00:37:58+0200,ede4ebfd-4cb0-4b05-bc4d-04fd38aa5047,2026-08-16T11:00:00Z,2026-08-16T13:00:00+0200,42029.06283,MW,DE,DE_LU,forecast_solar_generation,Solar,2026-08-29T22:40:46Z
2026-08-29T22:37:58Z,2026-08-30T00:37:58+0200,ede4ebfd-4cb0-4b05-bc4d-04fd38aa5047,2026-08-16T11:15:00Z,2026-08-16T13:15:00+0200,42017.51499,MW,DE,DE_LU,forecast_solar_generation,Solar,2026-08-29T22:40:46Z
2026-08-29T22:37:58Z,2026-08-30T00:37:58+0200,ede4ebfd-4cb0-4b05-bc4d-04fd38aa5047,2026-08-16T11:30:00Z,2026-08-16T13:30:00+0200,41794.09885,MW,DE,DE_LU,forecast_solar_generation,Solar,2026-08-29T22:40:46Z
2026-08-29T22:37:58Z,2026-08-30T00:37:58+0200,ede4ebfd-4cb0-4b05-bc4d-04fd38aa5047,2026-08-16T11:45:00Z,2026-08-16T13:45:00+0200,41424.27222,MW,DE,DE_LU,forecast_solar_generation,Solar,2026-08-29T22:40:46Z
2026-08-29T22:37:58Z,2026-08-30T00:37:58+0200,ede4ebfd-4cb0-4b05-bc4d-04fd38aa5047,2026-08-16T12:00:00Z,2026-08-16T14:00:00+0200,40827.26546,MW,DE,DE_LU,forecast_solar_generation,Solar,2026-08-29T22:40:46Z
2026-08-29T22:37:58Z,2026-08-30T00:37:58+0200,ede4ebfd-4cb0-4b05-bc4d-04fd38aa5047,2026-08-16T12:15:00Z,2026-08-16T14:15:00+0200,40034.58648,MW,DE,DE_LU,forecast_solar_generation,Solar,2026-08-29T22:40:46Z
2026-08-29T22:37:58Z,2026-08-30T00:37:58+0200,ede4ebfd-4cb0-4b05-bc4d-04fd38aa5047,2026-08-16T12:30:00Z,2026-08-16T14:30:00+0200,39081.66777,MW,DE,DE_LU,forecast_solar_generation,Solar,2026-08-29T22:40:46Z
2026-08-29T22:37:58Z,2026-08-30T00:37:58+0200,ede4ebfd-4cb0-4b05-bc4d-04fd38aa5047,2026-08-16T12:45:00Z,2026-08-16T14:45:00+0200,37925.88458,MW,DE,DE_LU,forecast_solar_generation,Solar,2026-08-29T22:40:46Z
2026-08-29T22:37:58Z,2026-08-30T00:37:58+0200,ede4ebfd-4cb0-4b05-bc4d-04fd38aa5047,2026-08-16T13:00:00Z,2026-08-16T15:00:00+0200,36623.07594,MW,DE,DE_LU,forecast_solar_generation,Solar,2026-08-29T22:40:46Z
2026-08-29T22:37:58Z,2026-08-30T00:37:58+0200,ede4ebfd-4cb0-4b05-bc4d-04fd38aa5047,2026-08-16T13:15:00Z,2026-08-16T15:15:00+0200,35181.44875,MW,DE,DE_LU,forecast_solar_generation,Solar,2026-08-29T22:40:46Z
2026-08-29T22:37:58Z,2026-08-30T00:37:58+0200,ede4ebfd-4cb0-4b05-bc4d-04fd38aa5047,2026-08-16T13:30:00Z,2026-08-16T15:30:00+0200,33574.23484,MW,DE,DE_LU,forecast_solar_generation,Solar,2026-08-29T22:40:46Z
2026-08-29T22:37:58Z,2026-08-30T00:37:58+0200,ede4ebfd-4cb0-4b05-bc4d-04fd38aa5047,2026-08-16T13:45:00Z,2026-08-16T15:45:00+0200,31808.004,MW,DE,DE_LU,forecast_solar_generation,Solar,2026-08-29T22:40:46Z
2026-08-29T22:37:58Z,2026-08-30T00:37:58+0200,ede4ebfd-4cb0-4b05-bc4d-04fd38aa5047,2026-08-16T14:00:00Z,2026-08-16T16:00:00+0200,29936.15225,MW,DE,DE_LU,forecast_solar_generation,Solar,2026-08-29T22:40:46Z
2026-08-29T22:37:58Z,2026-08-30T00:37:58+0200,ede4ebfd-4cb0-4b05-bc4d-04fd38aa5047,2026-08-16T14:15:00Z,2026-08-16T16:15:00+0200,27935.19858,MW,DE,DE_LU,forecast_solar_generation,Solar,2026-08-29T22:40:46Z
2026-08-29T22:37:58Z,2026-08-30T00:37:58+0200,ede4ebfd-4cb0-4b05-bc4d-04fd38aa5047,2026-08-16T14:30:00Z,2026-08-16T16:30:00+0200,25912.4311,MW,DE,DE_LU,forecast_solar_generation,Solar,2026-08-29T22:40:46Z
2026-08-29T22:37:58Z,2026-08-30T00:37:58+0200,ede4ebfd-4cb0-4b05-bc4d-04fd38aa5047,2026-08-16T14:45:00Z,2026-08-16T16:45:00+0200,23821.96231,MW,DE,DE_LU,forecast_solar_generation,Solar,2026-08-29T22:40:46Z
2026-08-29T22:37:58Z,2026-08-30T00:37:58+0200,ede4ebfd-4cb0-4b05-bc4d-04fd38aa5047,2026-08-16T15:00:00Z,2026-08-16T17:00:00+0200,21642.42344,MW,DE,DE_LU,forecast_solar_generation,Solar,2026-08-29T22:40:46Z
2026-08-29T22:37:58Z,2026-08-30T00:37:58+0200,ede4ebfd-4cb0-4b05-bc4d-04fd38aa5047,2026-08-16T15:15:00Z,2026-08-16T17:15:00+0200,19466.65666,MW,DE,DE_LU,forecast_solar_generation,Solar,2026-08-29T22:40:46Z
2026-08-29T22:37:58Z,2026-08-30T00:37:58+0200,ede4ebfd-4cb0-4b05-bc4d-04fd38aa5047,2026-08-16T15:30:00Z,2026-08-16T17:30:00+0200,17281.93372,MW,DE,DE_LU,forecast_solar_generation,Solar,2026-08-29T22:40:46Z
2026-08-29T22:37:58Z,2026-08-30T00:37:58+0200,ede4ebfd-4cb0-4b05-bc4d-04fd38aa5047,2026-08-16T15:45:00Z,2026-08-16T17:45:00+0200,15140.32581,MW,DE,DE_LU,forecast_solar_generation,Solar,2026-08-29T22:40:46Z
2026-08-29T22:37:58Z,2026-08-30T00:37:58+0200,ede4ebfd-4cb0-4b05-bc4d-04fd38aa5047,2026-08-16T16:00:00Z,2026-08-16T18:00:00+0200,13003.65815,MW,DE,DE_LU,forecast_solar_generation,Solar,2026-08-29T22:40:46Z
2026-08-29T22:37:58Z,2026-08-30T00:37:58+0200,ede4ebfd-4cb0-4b05-bc4d-04fd38aa5047,2026-08-16T16:15:00Z,2026-08-16T18:15:00+0200,10929.17114,MW,DE,DE_LU,forecast_solar_generation,Solar,2026-08-29T22:40:46Z
2026-08-29T22:37:58Z,2026-08-30T00:37:58+0200,ede4ebfd-4cb0-4b05-bc4d-04fd38aa5047,2026-08-16T16:30:00Z,2026-08-16T18:30:00+0200,8949.12861,MW,DE,DE_LU,forecast_solar_generation,Solar,2026-08-29T22:40:46Z
2026-08-29T22:37:58Z,2026-08-30T00:37:58+0200,ede4ebfd-4cb0-4b05-bc4d-04fd38aa5047,2026-08-16T16:45:00Z,2026-08-16T18:45:00+0200,7091.58473,MW,DE,DE_LU,forecast_solar_generation,Solar,2026-08-29T22:40:46Z
2026-08-29T22:37:58Z,2026-08-30T00:37:58+0200,ede4ebfd-4cb0-4b05-bc4d-04fd38aa5047,2026-08-16T17:00:00Z,2026-08-16T19:00:00+0200,5360.81516,MW,DE,DE_LU,forecast_solar_generation,Solar,2026-08-29T22:40:46Z
2026-08-29T22:37:58Z,2026-08-30T00:37:58+0200,ede4ebfd-4cb0-4b05-bc4d-04fd38aa5047,2026-08-16T17:15:00Z,2026-08-16T19:15:00+0200,3826.00397,MW,DE,DE_LU,forecast_solar_generation,Solar,2026-08-29T22:40:46Z
2026-08-29T22:37:58Z,2026-08-30T00:37:58+0200,ede4ebfd-4cb0-4b05-bc4d-04fd38aa5047,2026-08-16T17:30:00Z,2026-08-16T19:30:00+0200,2500.94847,MW,DE,DE_LU,forecast_solar_generation,Solar,2026-08-29T22:40:46Z
2026-08-29T22:37:58Z,2026-08-30T00:37:58+0200,ede4ebfd-4cb0-4b05-bc4d-04fd38aa5047,2026-08-16T17:45:00Z,2026-08-16T19:45:00+0200,1449.73382,MW,DE,DE_LU,forecast_solar_generation,Solar,2026-08-29T22:40:46Z
2026-08-29T22:37:58Z,2026-08-30T00:37:58+0200,ede4ebfd-4cb0-4b05-bc4d-04fd38aa5047,2026-08-16T18:00:00Z,2026-08-16T20:00:00+0200,702.37173,MW,DE,DE_LU,forecast_solar_generation,Solar,2026-08-29T22:40:46Z
2026-08-29T22:37:58Z,2026-08-30T00:37:58+0200,ede4ebfd-4cb0-4b05-bc4d-04fd38aa5047,2026-08-16T18:15:00Z,2026-08-16T20:15:00+0200,263.38128,MW,DE,DE_LU,forecast_solar_generation,Solar,2026-08-29T22:40:46Z
2026-08-29T22:37:58Z,2026-08-30T00:37:58+0200,ede4ebfd-4cb0-4b05-bc4d-04fd38aa5047,2026-08-16T18:30:00Z,2026-08-16T20:30:00+0200,73.57984,MW,DE,DE_LU,forecast_solar_generation,Solar,2026-08-29T22:40:46Z
2026-08-29T22:37:58Z,2026-08-30T00:37:58+0200,ede4ebfd-4cb0-4b05-bc4d-04fd38aa5047,2026-08-16T18:45:00Z,2026-08-16T20:45:00+0200,21.64786,MW,DE,DE_LU,forecast_solar_generation,Solar,2026-08-29T22:40:46Z
2026-08-29T22:37:58Z,2026-08-30T00:37:58+0200,ede4ebfd-4cb0-4b05-bc4d-04fd38aa5047,2026-08-16T19:00:00Z,2026-08-16T21:00:00+0200,0.0,MW,DE,DE_LU,forecast_solar_generation,Solar,2026-08-29T22:40:46Z
2026-08-29T22:37:58Z,2026-08-30T00:37:58+0200,ede4ebfd-4cb0-4b05-bc4d-04fd38aa5047,2026-08-16T19:15:00Z,2026-08-16T21:15:00+0200,0.0,MW,DE,DE_LU,forecast_solar_generation,Solar,2026-08-29T22:40:46Z
2026-08-29T22:37:58Z,2026-08-30T00:37:58+0200,ede4ebfd-4cb0-4b05-bc4d-04fd38aa5047,2026-08-16T19:30:00Z,2026-08-16T21:30:00+0200,0.0,MW,DE,DE_LU,forecast_solar_generation,Solar,2026-08-29T22:40:46Z
2026-08-29T22:37:58Z,2026-08-30T00:37:58+0200,ede4ebfd-4cb0-4b05-bc4d-04fd38aa5047,2026-08-16T19:45:00Z,2026-08-16T21:45:00+0200,0.0,MW,DE,DE_LU,forecast_solar_generation,Solar,2026-08-29T22:40:46Z
2026-08-29T22:37:58Z,2026-08-30T00:37:58+0200,ede4ebfd-4cb0-4b05-bc4d-04fd38aa5047,2026-08-16T20:00:00Z,2026-08-16T22:00:00+0200,0.0,MW,DE,DE_LU,forecast_solar_generation,Solar,2026-08-29T22:40:46Z
2026-08-29T22:37:58Z,2026-08-30T00:37:58+0200,ede4ebfd-4cb0-4b05-bc4d-04fd38aa5047,2026-08-16T20:15:00Z,2026-08-16T22:15:00+0200,0.0,MW,DE,DE_LU,forecast_solar_generation,Solar,2026-08-29T22:40:46Z
2026-08-29T22:37:58Z,2026-08-30T00:37:58+0200,ede4ebfd-4cb0-4b05-bc4d-04fd38aa5047,2026-08-16T20:30:00Z,2026-08-16T22:30:00+0200,0.0,MW,DE,DE_LU,forecast_solar_generation,Solar,2026-08-29T22:40:46Z
2026-08-29T22:37:58Z,2026-08-30T00:37:58+0200,ede4ebfd-4cb0-4b05-bc4d-04fd38aa5047,2026-08-16T20:45:00Z,2026-08-16T22:45:00+0200,0.0,MW,DE,DE_LU,forecast_solar_generation,Solar,2026-08-29T22:40:46Z
2026-08-29T22:37:58Z,2026-08-30T00:37:58+0200,ede4ebfd-4cb0-4b05-bc4d-04fd38aa5047,2026-08-16T21:00:00Z,2026-08-16T23:00:00+0200,0.0,MW,DE,DE_LU,forecast_solar_generation,Solar,2026-08-29T22:40:46Z
2026-08-29T22:37:58Z,2026-08-30T00:37:58+0200,ede4ebfd-4cb0-4b05-bc4d-04fd38aa5047,2026-08-16T21:15:00Z,2026-08-16T23:15:00+0200,0.0,MW,DE,DE_LU,forecast_solar_generation,Solar,2026-08-29T22:40:46Z
2026-08-29T22:37:58Z,2026-08-30T00:37:58+0200,ede4ebfd-4cb0-4b05-bc4d-04fd38aa5047,2026-08-16T21:30:00Z,2026-08-16T23:30:00+0200,0.0,MW,DE,DE_LU,forecast_solar_generation,Solar,2026-08-29T22:40:46Z
2026-08-29T22:37:58Z,2026-08-30T00:37:58+0200,ede4ebfd-4cb0-4b05-bc4d-04fd38aa5047,2026-08-16T21:45:00Z,2026-08-16T23:45:00+0200,0.0,MW,DE,DE_LU,forecast_solar_generation,Solar,2026-08-29T22:40:46Z
2026-08-29T22:37:58Z,2026-08-30T00:37:58+0200,ede4ebfd-4cb0-4b05-bc4d-04fd38aa5047,2026-08-16T22:00:00Z,2026-08-17T00:00:00+0200,0.0,MW,DE,DE_LU,forecast_solar_generation,Solar,2026-08-29T22:40:46Z
2026-08-29T22:37:58Z,2026-08-30T00:37:58+0200,ede4ebfd-4cb0-4b05-bc4d-04fd38aa5047,2026-08-16T22:15:00Z,2026-08-17T00:15:00+0200,0.0,MW,DE,DE_LU,forecast_solar_generation,Solar,2026-08-29T22:40:46Z
2026-08-29T22:37:58Z,2026-08-30T00:37:58+0200,ede4ebfd-4cb0-4b05-bc4d-04fd38aa5047,2026-08-16T22:30:00Z,2026-08-17T00:30:00+0200,0.0,MW,DE,DE_LU,forecast_solar_generation,Solar,2026-08-29T22:40:46Z
2026-08-29T22:37:58Z,2026-08-30T00:37:58+0200,ede4ebfd-4cb0-4b05-bc4d-04fd38aa5047,2026-08-16T22:45:00Z,2026-08-17T00:45:00+0200,0.0,MW,DE,DE_LU,forecast_solar_generation,Solar,2026-08-29T22:40:46Z
2026-08-29T22:37:58Z,2026-08-30T00:37:58+0200,ede4ebfd-4cb0-4b05-bc4d-04fd38aa5047,2026-08-16T23:00:00Z,2026-08-17T01:00:00+0200,0.0,MW,DE,DE_LU,forecast_solar_generation,Solar,2026-08-29T22:40:46Z
2026-08-29T22:37:58Z,2026-08-30T00:37:58+0200,ede4ebfd-4cb0-4b05-bc4d-04fd38aa5047,2026-08-16T23:15:00Z,2026-08-17T01:15:00+0200,0.0,MW,DE,DE_LU,forecast_solar_generation,Solar,2026-08-29T22:40:46Z
2026-08-29T22:37:58Z,2026-08-30T00:37:58+0200,ede4ebfd-4cb0-4b05-bc4d-04fd38aa5047,2026-08-16T23:30:00Z,2026-08-17T01:30:00+0200,0.0,MW,DE,DE_LU,forecast_solar_generation,Solar,2026-08-29T22:40:46Z
2026-08-29T22:37:58Z,2026-08-30T00:37:58+0200,ede4ebfd-4cb0-4b05-bc4d-04fd38aa5047,2026-08-16T23:45:00Z,2026-08-17T01:45:00+0200,0.0,MW,DE,DE_LU,forecast_solar_generation,Solar,2026-08-29T22:40:46Z
2026-08-29T22:37:58Z,2026-08-30T00:37:58+0200,ede4ebfd-4cb0-4b05-bc4d-04fd38aa5047,2026-08-17T00:00:00Z,2026-08-17T02:00:00+0200,0.0,MW,DE,DE_LU,forecast_solar_generation,Solar,2026-08-29T22:40:46Z
2026-08-29T22:37:58Z,2026-08-30T00:37:58+0200,ede4ebfd-4cb0-4b05-bc4d-04fd38aa5047,2026-08-17T00:15:00Z,2026-08-17T02:15:00+0200,0.0,MW,DE,DE_LU,forecast_solar_generation,Solar,2026-08-29T22:40:46Z
2026-08-29T22:37:58Z,2026-08-30T00:37:58+0200,ede4ebfd-4cb0-4b05-bc4d-04fd38aa5047,2026-08-17T00:30:00Z,2026-08-17T02:30:00+0200,0.0,MW,DE,DE_LU,forecast_solar_generation,Solar,2026-08-29T22:40:46Z
2026-08-29T22:37:58Z,2026-08-30T00:37:58+0200,ede4ebfd-4cb0-4b05-bc4d-04fd38aa5047,2026-08-17T00:45:00Z,2026-08-17T02:45:00+0200,0.0,MW,DE,DE_LU,forecast_solar_generation,Solar,2026-08-29T22:40:46Z
2026-08-29T22:37:58Z,2026-08-30T00:37:58+0200,ede4ebfd-4cb0-4b05-bc4d-04fd38aa5047,2026-08-17T01:00:00Z,2026-08-17T03:00:00+0200,0.0,MW,DE,DE_LU,forecast_solar_generation,Solar,2026-08-29T22:40:46Z
2026-08-29T22:37:58Z,2026-08-30T00:37:58+0200,ede4ebfd-4cb0-4b05-bc4d-04fd38aa5047,2026-08-17T01:15:00Z,2026-08-17T03:15:00+0200,0.0,MW,DE,DE_LU,forecast_solar_generation,Solar,2026-08-29T22:40:46Z
2026-08-29T22:37:58Z,2026-08-30T00:37:58+0200,ede4ebfd-4cb0-4b05-bc4d-04fd38aa5047,2026-08-17T01:30:00Z,2026-08-17T03:30:00+0200,0.0,MW,DE,DE_LU,forecast_solar_generation,Solar,2026-08-29T22:40:46Z
2026-08-29T22:37:58Z,2026-08-30T00:37:58+0200,ede4ebfd-4cb0-4b05-bc4d-04fd38aa5047,2026-08-17T01:45:00Z,2026-08-17T03:45:00+0200,0.0,MW,DE,DE_LU,forecast_solar_generation,Solar,2026-08-29T22:40:46Z
2026-08-29T22:37:58Z,2026-08-30T00:37:58+0200,ede4ebfd-4cb0-4b05-bc4d-04fd38aa5047,2026-08-17T02:00:00Z,2026-08-17T04:00:00+0200,0.0,MW,DE,DE_LU,forecast_solar_generation,Solar,2026-08-29T22:40:46Z
2026-08-29T22:37:58Z,2026-08-30T00:37:58+0200,ede4ebfd-4cb0-4b05-bc4d-04fd38aa5047,2026-08-17T02:15:00Z,2026-08-17T04:15:00+0200,0.0,MW,DE,DE_LU,forecast_solar_generation,Solar,2026-08-29T22:40:46Z
2026-08-29T22:37:58Z,2026-08-30T00:37:58+0200,ede4ebfd-4cb0-4b05-bc4d-04fd38aa5047,2026-08-17T02:30:00Z,2026-08-17T04:30:00+0200,0.0,MW,DE,DE_LU,forecast_solar_generation,Solar,2026-08-29T22:40:46Z
2026-08-29T22:37:58Z,2026-08-30T00:37:58+0200,ede4ebfd-4cb0-4b05-bc4d-04fd38aa5047,2026-08-17T02:45:00Z,2026-08-17T04:45:00+0200,0.0,MW,DE,DE_LU,forecast_solar_generation,Solar,2026-08-29T22:40:46Z
2026-08-29T22:37:58Z,2026-08-30T00:37:58+0200,ede4ebfd-4cb0-4b05-bc4d-04fd38aa5047,2026-08-17T03:00:00Z,2026-08-17T05:00:00+0200,0.0,MW,DE,DE_LU,forecast_solar_generation,Solar,2026-08-29T22:40:46Z
2026-08-29T22:37:58Z,2026-08-30T00:37:58+0200,ede4ebfd-4cb0-4b05-bc4d-04fd38aa5047,2026-08-17T03:15:00Z,2026-08-17T05:15:00+0200,0.0,MW,DE,DE_LU,forecast_solar_generation,Solar,2026-08-29T22:40:46Z
2026-08-29T22:37:58Z,2026-08-30T00:37:58+0200,ede4ebfd-4cb0-4b05-bc4d-04fd38aa5047,2026-08-17T03:30:00Z,2026-08-17T05:30:00+0200,0.0,MW,DE,DE_LU,forecast_solar_generation,Solar,2026-08-29T22:40:46Z
2026-08-29T22:37:58Z,2026-08-30T00:37:58+0200,ede4ebfd-4cb0-4b05-bc4d-04fd38aa5047,2026-08-17T03:45:00Z,2026-08-17T05:45:00+0200,9.27,MW,DE,DE_LU,forecast_solar_generation,Solar,2026-08-29T22:40:46Z
2026-08-29T22:37:58Z,2026-08-30T00:37:58+0200,ede4ebfd-4cb0-4b05-bc4d-04fd38aa5047,2026-08-17T04:00:00Z,2026-08-17T06:00:00+0200,71.55763,MW,DE,DE_LU,forecast_solar_generation,Solar,2026-08-29T22:40:46Z
2026-08-29T22:37:58Z,2026-08-30T00:37:58+0200,ede4ebfd-4cb0-4b05-bc4d-04fd38aa5047,2026-08-17T04:15:00Z,2026-08-17T06:15:00+0200,280.22766,MW,DE,DE_LU,forecast_solar_generation,Solar,2026-08-29T22:40:46Z
2026-08-29T22:37:58Z,2026-08-30T00:37:58+0200,ede4ebfd-4cb0-4b05-bc4d-04fd38aa5047,2026-08-17T04:30:00Z,2026-08-17T06:30:00+0200,647.73898,MW,DE,DE_LU,forecast_solar_generation,Solar,2026-08-29T22:40:46Z
2026-08-29T22:37:58Z,2026-08-30T00:37:58+0200,ede4ebfd-4cb0-4b05-bc4d-04fd38aa5047,2026-08-17T04:45:00Z,2026-08-17T06:45:00+0200,1206.21868,MW,DE,DE_LU,forecast_solar_generation,Solar,2026-08-29T22:40:46Z
2026-08-29T22:37:58Z,2026-08-30T00:37:58+0200,ede4ebfd-4cb0-4b05-bc4d-04fd38aa5047,2026-08-17T05:00:00Z,2026-08-17T07:00:00+0200,1997.1828,MW,DE,DE_LU,forecast_solar_generation,Solar,2026-08-29T22:40:46Z
2026-08-29T22:37:58Z,2026-08-30T00:37:58+0200,ede4ebfd-4cb0-4b05-bc4d-04fd38aa5047,2026-08-17T05:15:00Z,2026-08-17T07:15:00+0200,3004.71006,MW,DE,DE_LU,forecast_solar_generation,Solar,2026-08-29T22:40:46Z
2026-08-29T22:37:58Z,2026-08-30T00:37:58+0200,ede4ebfd-4cb0-4b05-bc4d-04fd38aa5047,2026-08-17T05:30:00Z,2026-08-17T07:30:00+0200,4156.32692,MW,DE,DE_LU,forecast_solar_generation,Solar,2026-08-29T22:40:46Z
2026-08-29T22:37:58Z,2026-08-30T00:37:58+0200,ede4ebfd-4cb0-4b05-bc4d-04fd38aa5047,2026-08-17T05:45:00Z,2026-08-17T07:45:00+0200,5404.54329,MW,DE,DE_LU,forecast_solar_generation,Solar,2026-08-29T22:40:46Z
2026-08-29T22:37:58Z,2026-08-30T00:37:58+0200,ede4ebfd-4cb0-4b05-bc4d-04fd38aa5047,2026-08-17T06:00:00Z,2026-08-17T08:00:00+0200,6660.80569,MW,DE,DE_LU,forecast_solar_generation,Solar,2026-08-29T22:40:46Z
2026-08-29T22:37:58Z,2026-08-30T00:37:58+0200,ede4ebfd-4cb0-4b05-bc4d-04fd38aa5047,2026-08-17T06:15:00Z,2026-08-17T08:15:00+0200,7936.25423,MW,DE,DE_LU,forecast_solar_generation,Solar,2026-08-29T22:40:46Z
2026-08-29T22:37:58Z,2026-08-30T00:37:58+0200,ede4ebfd-4cb0-4b05-bc4d-04fd38aa5047,2026-08-17T06:30:00Z,2026-08-17T08:30:00+0200,9233.55978,MW,DE,DE_LU,forecast_solar_generation,Solar,2026-08-29T22:40:46Z
2026-08-29T22:37:58Z,2026-08-30T00:37:58+0200,ede4ebfd-4cb0-4b05-bc4d-04fd38aa5047,2026-08-17T06:45:00Z,2026-08-17T08:45:00+0200,10543.2194,MW,DE,DE_LU,forecast_solar_generation,Solar,2026-08-29T22:40:46Z
2026-08-29T22:37:58Z,2026-08-30T00:37:58+0200,ede4ebfd-4cb0-4b05-bc4d-04fd38aa5047,2026-08-17T07:00:00Z,2026-08-17T09:00:00+0200,11859.73757,MW,DE,DE_LU,forecast_solar_generation,Solar,2026-08-29T22:40:46Z
2026-08-29T22:37:58Z,2026-08-30T00:37:58+0200,ede4ebfd-4cb0-4b05-bc4d-04fd38aa5047,2026-08-17T07:15:00Z,2026-08-17T09:15:00+0200,13178.389,MW,DE,DE_LU,forecast_solar_generation,Solar,2026-08-29T22:40:46Z
2026-08-29T22:37:58Z,2026-08-30T00:37:58+0200,ede4ebfd-4cb0-4b05-bc4d-04fd38aa5047,2026-08-17T07:30:00Z,2026-08-17T09:30:00+0200,14422.2367,MW,DE,DE_LU,forecast_solar_generation,Solar,2026-08-29T22:40:46Z
2026-08-29T22:37:58Z,2026-08-30T00:37:58+0200,ede4ebfd-4cb0-4b05-bc4d-04fd38aa5047,2026-08-17T07:45:00Z,2026-08-17T09:45:00+0200,15567.86439,MW,DE,DE_LU,forecast_solar_generation,Solar,2026-08-29T22:40:46Z
2026-08-29T22:37:58Z,2026-08-30T00:37:58+0200,ede4ebfd-4cb0-4b05-bc4d-04fd38aa5047,2026-08-17T08:00:00Z,2026-08-17T10:00:00+0200,16642.64959,MW,DE,DE_LU,forecast_solar_generation,Solar,2026-08-29T22:40:46Z
2026-08-29T22:37:58Z,2026-08-30T00:37:58+0200,ede4ebfd-4cb0-4b05-bc4d-04fd38aa5047,2026-08-17T08:15:00Z,2026-08-17T10:15:00+0200,17685.07051,MW,DE,DE_LU,forecast_solar_generation,Solar,2026-08-29T22:40:46Z
2026-08-29T22:37:58Z,2026-08-30T00:37:58+0200,ede4ebfd-4cb0-4b05-bc4d-04fd38aa5047,2026-08-17T08:30:00Z,2026-08-17T10:30:00+0200,18595.91822,MW,DE,DE_LU,forecast_solar_generation,Solar,2026-08-29T22:40:46Z
2026-08-29T22:37:58Z,2026-08-30T00:37:58+0200,ede4ebfd-4cb0-4b05-bc4d-04fd38aa5047,2026-08-17T08:45:00Z,2026-08-17T10:45:00+0200,19343.22166,MW,DE,DE_LU,forecast_solar_generation,Solar,2026-08-29T22:40:46Z
2026-08-29T22:37:58Z,2026-08-30T00:37:58+0200,ede4ebfd-4cb0-4b05-bc4d-04fd38aa5047,2026-08-17T09:00:00Z,2026-08-17T11:00:00+0200,19986.22874,MW,DE,DE_LU,forecast_solar_generation,Solar,2026-08-29T22:40:46Z
2026-08-29T22:37:58Z,2026-08-30T00:37:58+0200,ede4ebfd-4cb0-4b05-bc4d-04fd38aa5047,2026-08-17T09:15:00Z,2026-08-17T11:15:00+0200,20563.60786,MW,DE,DE_LU,forecast_solar_generation,Solar,2026-08-29T22:40:46Z
2026-08-29T22:37:58Z,2026-08-30T00:37:58+0200,ede4ebfd-4cb0-4b05-bc4d-04fd38aa5047,2026-08-17T09:30:00Z,2026-08-17T11:30:00+0200,21049.92151,MW,DE,DE_LU,forecast_solar_generation,Solar,2026-08-29T22:40:46Z
2026-08-29T22:37:58Z,2026-08-30T00:37:58+0200,ede4ebfd-4cb0-4b05-bc4d-04fd38aa5047,2026-08-17T09:45:00Z,2026-08-17T11:45:00+0200,21458.23633,MW,DE,DE_LU,forecast_solar_generation,Solar,2026-08-29T22:40:46Z
2026-08-29T22:37:58Z,2026-08-30T00:37:58+0200,ede4ebfd-4cb0-4b05-bc4d-04fd38aa5047,2026-08-17T10:00:00Z,2026-08-17T12:00:00+0200,21803.39716,MW,DE,DE_LU,forecast_solar_generation,Solar,2026-08-29T22:40:46Z
2026-08-29T22:37:58Z,2026-08-30T00:37:58+0200,ede4ebfd-4cb0-4b05-bc4d-04fd38aa5047,2026-08-17T10:15:00Z,2026-08-17T12:15:00+0200,22101.74556,MW,DE,DE_LU,forecast_solar_generation,Solar,2026-08-29T22:40:46Z
2026-08-29T22:37:58Z,2026-08-30T00:37:58+0200,ede4ebfd-4cb0-4b05-bc4d-04fd38aa5047,2026-08-17T10:30:00Z,2026-08-17T12:30:00+0200,22314.40538,MW,DE,DE_LU,forecast_solar_generation,Solar,2026-08-29T22:40:46Z
2026-08-29T22:37:58Z,2026-08-30T00:37:58+0200,ede4ebfd-4cb0-4b05-bc4d-04fd38aa5047,2026-08-17T10:45:00Z,2026-08-17T12:45:00+0200,22452.10302,MW,DE,DE_LU,forecast_solar_generation,Solar,2026-08-29T22:40:46Z
2026-08-29T22:37:58Z,2026-08-30T00:37:58+0200,ede4ebfd-4cb0-4b05-bc4d-04fd38aa5047,2026-08-17T11:00:00Z,2026-08-17T13:00:00+0200,22542.27386,MW,DE,DE_LU,forecast_solar_generation,Solar,2026-08-29T22:40:46Z
2026-08-29T22:37:58Z,2026-08-30T00:37:58+0200,ede4ebfd-4cb0-4b05-bc4d-04fd38aa5047,2026-08-17T11:15:00Z,2026-08-17T13:15:00+0200,22625.42292,MW,DE,DE_LU,forecast_solar_generation,Solar,2026-08-29T22:40:46Z
2026-08-29T22:37:58Z,2026-08-30T00:37:58+0200,ede4ebfd-4cb0-4b05-bc4d-04fd38aa5047,2026-08-17T11:30:00Z,2026-08-17T13:30:00+0200,22644.19898,MW,DE,DE_LU,forecast_solar_generation,Solar,2026-08-29T22:40:46Z
2026-08-29T22:37:58Z,2026-08-30T00:37:58+0200,ede4ebfd-4cb0-4b05-bc4d-04fd38aa5047,2026-08-17T11:45:00Z,2026-08-17T13:45:00+0200,22617.79984,MW,DE,DE_LU,forecast_solar_generation,Solar,2026-08-29T22:40:46Z
2026-08-29T22:37:58Z,2026-08-30T00:37:58+0200,ede4ebfd-4cb0-4b05-bc4d-04fd38aa5047,2026-08-17T12:00:00Z,2026-08-17T14:00:00+0200,22567.38446,MW,DE,DE_LU,forecast_solar_generation,Solar,2026-08-29T22:40:46Z
2026-08-29T22:37:58Z,2026-08-30T00:37:58+0200,ede4ebfd-4cb0-4b05-bc4d-04fd38aa5047,2026-08-17T12:15:00Z,2026-08-17T14:15:00+0200,22514.02817,MW,DE,DE_LU,forecast_solar_generation,Solar,2026-08-29T22:40:46Z
2026-08-29T22:37:58Z,2026-08-30T00:37:58+0200,ede4ebfd-4cb0-4b05-bc4d-04fd38aa5047,2026-08-17T12:30:00Z,2026-08-17T14:30:00+0200,22413.05915,MW,DE,DE_LU,forecast_solar_generation,Solar,2026-08-29T22:40:46Z
2026-08-29T22:37:58Z,2026-08-30T00:37:58+0200,ede4ebfd-4cb0-4b05-bc4d-04fd38aa5047,2026-08-17T12:45:00Z,2026-08-17T14:45:00+0200,22218.7617,MW,DE,DE_LU,forecast_solar_generation,Solar,2026-08-29T22:40:46Z
2026-08-29T22:37:58Z,2026-08-30T00:37:58+0200,ede4ebfd-4cb0-4b05-bc4d-04fd38aa5047,2026-08-17T13:00:00Z,2026-08-17T15:00:00+0200,21946.35402,MW,DE,DE_LU,forecast_solar_generation,Solar,2026-08-29T22:40:46Z
2026-08-29T22:37:58Z,2026-08-30T00:37:58+0200,ede4ebfd-4cb0-4b05-bc4d-04fd38aa5047,2026-08-17T13:15:00Z,2026-08-17T15:15:00+0200,21587.82829,MW,DE,DE_LU,forecast_solar_generation,Solar,2026-08-29T22:40:46Z
2026-08-29T22:37:58Z,2026-08-30T00:37:58+0200,ede4ebfd-4cb0-4b05-bc4d-04fd38aa5047,2026-08-17T13:30:00Z,2026-08-17T15:30:00+0200,21113.53137,MW,DE,DE_LU,forecast_solar_generation,Solar,2026-08-29T22:40:46Z
2026-08-29T22:37:58Z,2026-08-30T00:37:58+0200,ede4ebfd-4cb0-4b05-bc4d-04fd38aa5047,2026-08-17T13:45:00Z,2026-08-17T15:45:00+0200,20526.43592,MW,DE,DE_LU,forecast_solar_generation,Solar,2026-08-29T22:40:46Z
2026-08-29T22:37:58Z,2026-08-30T00:37:58+0200,ede4ebfd-4cb0-4b05-bc4d-04fd38aa5047,2026-08-17T14:00:00Z,2026-08-17T16:00:00+0200,19848.77124,MW,DE,DE_LU,forecast_solar_generation,Solar,2026-08-29T22:40:46Z
2026-08-29T22:37:58Z,2026-08-30T00:37:58+0200,ede4ebfd-4cb0-4b05-bc4d-04fd38aa5047,2026-08-17T14:15:00Z,2026-08-17T16:15:00+0200,19093.70112,MW,DE,DE_LU,forecast_solar_generation,Solar,2026-08-29T22:40:46Z
2026-08-29T22:37:58Z,2026-08-30T00:37:58+0200,ede4ebfd-4cb0-4b05-bc4d-04fd38aa5047,2026-08-17T14:30:00Z,2026-08-17T16:30:00+0200,18282.3573,MW,DE,DE_LU,forecast_solar_generation,Solar,2026-08-29T22:40:46Z
2026-08-29T22:37:58Z,2026-08-30T00:37:58+0200,ede4ebfd-4cb0-4b05-bc4d-04fd38aa5047,2026-08-17T14:45:00Z,2026-08-17T16:45:00+0200,17404.87836,MW,DE,DE_LU,forecast_solar_generation,Solar,2026-08-29T22:40:46Z
2026-08-29T22:37:58Z,2026-08-30T00:37:58+0200,ede4ebfd-4cb0-4b05-bc4d-04fd38aa5047,2026-08-17T15:00:00Z,2026-08-17T17:00:00+0200,16386.46455,MW,DE,DE_LU,forecast_solar_generation,Solar,2026-08-29T22:40:46Z
2026-08-29T22:37:58Z,2026-08-30T00:37:58+0200,ede4ebfd-4cb0-4b05-bc4d-04fd38aa5047,2026-08-17T15:15:00Z,2026-08-17T17:15:00+0200,15253.87559,MW,DE,DE_LU,forecast_solar_generation,Solar,2026-08-29T22:40:46Z
2026-08-29T22:37:58Z,2026-08-30T00:37:58+0200,ede4ebfd-4cb0-4b05-bc4d-04fd38aa5047,2026-08-17T15:30:00Z,2026-08-17T17:30:00+0200,13978.97867,MW,DE,DE_LU,forecast_solar_generation,Solar,2026-08-29T22:40:46Z
2026-08-29T22:37:58Z,2026-08-30T00:37:58+0200,ede4ebfd-4cb0-4b05-bc4d-04fd38aa5047,2026-08-17T15:45:00Z,2026-08-17T17:45:00+0200,12601.31607,MW,DE,DE_LU,forecast_solar_generation,Solar,2026-08-29T22:40:46Z
2026-08-29T22:37:58Z,2026-08-30T00:37:58+0200,ede4ebfd-4cb0-4b05-bc4d-04fd38aa5047,2026-08-17T16:00:00Z,2026-08-17T18:00:00+0200,11164.7786,MW,DE,DE_LU,forecast_solar_generation,Solar,2026-08-29T22:40:46Z
2026-08-29T22:37:58Z,2026-08-30T00:37:58+0200,ede4ebfd-4cb0-4b05-bc4d-04fd38aa5047,2026-08-17T16:15:00Z,2026-08-17T18:15:00+0200,9683.14479,MW,DE,DE_LU,forecast_solar_generation,Solar,2026-08-29T22:40:46Z
2026-08-29T22:37:58Z,2026-08-30T00:37:58+0200,ede4ebfd-4cb0-4b05-bc4d-04fd38aa5047,2026-08-17T16:30:00Z,2026-08-17T18:30:00+0200,8108.36927,MW,DE,DE_LU,forecast_solar_generation,Solar,2026-08-29T22:40:46Z
2026-08-29T22:37:58Z,2026-08-30T00:37:58+0200,ede4ebfd-4cb0-4b05-bc4d-04fd38aa5047,2026-08-17T16:45:00Z,2026-08-17T18:45:00+0200,6502.37469,MW,DE,DE_LU,forecast_solar_generation,Solar,2026-08-29T22:40:46Z
2026-08-29T22:37:58Z,2026-08-30T00:37:58+0200,ede4ebfd-4cb0-4b05-bc4d-04fd38aa5047,2026-08-17T17:00:00Z,2026-08-17T19:00:00+0200,4956.38909,MW,DE,DE_LU,forecast_solar_generation,Solar,2026-08-29T22:40:46Z
2026-08-29T22:37:58Z,2026-08-30T00:37:58+0200,ede4ebfd-4cb0-4b05-bc4d-04fd38aa5047,2026-08-17T17:15:00Z,2026-08-17T19:15:00+0200,3532.55082,MW,DE,DE_LU,forecast_solar_generation,Solar,2026-08-29T22:40:46Z
2026-08-29T22:37:58Z,2026-08-30T00:37:58+0200,ede4ebfd-4cb0-4b05-bc4d-04fd38aa5047,2026-08-17T17:30:00Z,2026-08-17T19:30:00+0200,2316.52291,MW,DE,DE_LU,forecast_solar_generation,Solar,2026-08-29T22:40:46Z
2026-08-29T22:37:58Z,2026-08-30T00:37:58+0200,ede4ebfd-4cb0-4b05-bc4d-04fd38aa5047,2026-08-17T17:45:00Z,2026-08-17T19:45:00+0200,1367.00579,MW,DE,DE_LU,forecast_solar_generation,Solar,2026-08-29T22:40:46Z
2026-08-29T22:37:58Z,2026-08-30T00:37:58+0200,ede4ebfd-4cb0-4b05-bc4d-04fd38aa5047,2026-08-17T18:00:00Z,2026-08-17T20:00:00+0200,686.60131,MW,DE,DE_LU,forecast_solar_generation,Solar,2026-08-29T22:40:46Z
2026-08-29T22:37:58Z,2026-08-30T00:37:58+0200,ede4ebfd-4cb0-4b05-bc4d-04fd38aa5047,2026-08-17T18:15:00Z,2026-08-17T20:15:00+0200,273.2094,MW,DE,DE_LU,forecast_solar_generation,Solar,2026-08-29T22:40:46Z
2026-08-29T22:37:58Z,2026-08-30T00:37:58+0200,ede4ebfd-4cb0-4b05-bc4d-04fd38aa5047,2026-08-17T18:30:00Z,2026-08-17T20:30:00+0200,90.24344,MW,DE,DE_LU,forecast_solar_generation,Solar,2026-08-29T22:40:46Z
2026-08-29T22:37:58Z,2026-08-30T00:37:58+0200,ede4ebfd-4cb0-4b05-bc4d-04fd38aa5047,2026-08-17T18:45:00Z,2026-08-17T20:45:00+0200,31.1269,MW,DE,DE_LU,forecast_solar_generation,Solar,2026-08-29T22:40:46Z
2026-08-29T22:37:58Z,2026-08-30T00:37:58+0200,ede4ebfd-4cb0-4b05-bc4d-04fd38aa5047,2026-08-17T19:00:00Z,2026-08-17T21:00:00+0200,0.0,MW,DE,DE_LU,forecast_solar_generation,Solar,2026-08-29T22:40:46Z
2026-08-29T22:37:58Z,2026-08-30T00:37:58+0200,ede4ebfd-4cb0-4b05-bc4d-04fd38aa5047,2026-08-17T19:15:00Z,2026-08-17T21:15:00+0200,0.0,MW,DE,DE_LU,forecast_solar_generation,Solar,2026-08-29T22:40:46Z
2026-08-29T22:37:58Z,2026-08-30T00:37:58+0200,ede4ebfd-4cb0-4b05-bc4d-04fd38aa5047,2026-08-17T19:30:00Z,2026-08-17T21:30:00+0200,0.0,MW,DE,DE_LU,forecast_solar_generation,Solar,2026-08-29T22:40:46Z
2026-08-29T22:37:58Z,2026-08-30T00:37:58+0200,ede4ebfd-4cb0-4b05-bc4d-04fd38aa5047,2026-08-17T19:45:00Z,2026-08-17T21:45:00+0200,0.0,MW,DE,DE_LU,forecast_solar_generation,Solar,2026-08-29T22:40:46Z
2026-08-29T22:37:58Z,2026-08-30T00:37:58+0200,ede4ebfd-4cb0-4b05-bc4d-04fd38aa5047,2026-08-17T20:00:00Z,2026-08-17T22:00:00+0200,0.0,MW,DE,DE_LU,forecast_solar_generation,Solar,2026-08-29T22:40:46Z
2026-08-29T22:37:58Z,2026-08-30T00:37:58+0200,ede4ebfd-4cb0-4b05-bc4d-04fd38aa5047,2026-08-17T20:15:00Z,2026-08-17T22:15:00+0200,0.0,MW,DE,DE_LU,forecast_solar_generation,Solar,2026-08-29T22:40:46Z
2026-08-29T22:37:58Z,2026-08-30T00:37:58+0200,ede4ebfd-4cb0-4b05-bc4d-04fd38aa5047,2026-08-17T20:30:00Z,2026-08-17T22:30:00+0200,0.0,MW,DE,DE_LU,forecast_solar_generation,Solar,2026-08-29T22:40:46Z
2026-08-29T22:37:58Z,2026-08-30T00:37:58+0200,ede4ebfd-4cb0-4b05-bc4d-04fd38aa5047,2026-08-17T20:45:00Z,2026-08-17T22:45:00+0200,0.0,MW,DE,DE_LU,forecast_solar_generation,Solar,2026-08-29T22:40:46Z
2026-08-29T22:37:58Z,2026-08-30T00:37:58+0200,ede4ebfd-4cb0-4b05-bc4d-04fd38aa5047,2026-08-17T21:00:00Z,2026-08-17T23:00:00+0200,0.0,MW,DE,DE_LU,forecast_solar_generation,Solar,2026-08-29T22:40:46Z
2026-08-29T22:37:58Z,2026-08-30T00:37:58+0200,ede4ebfd-4cb0-4b05-bc4d-04fd38aa5047,2026-08-17T21:15:00Z,2026-08-17T23:15:00+0200,0.0,MW,DE,DE_LU,forecast_solar_generation,Solar,2026-08-29T22:40:46Z
2026-08-29T22:37:58Z,2026-08-30T00:37:58+0200,ede4ebfd-4cb0-4b05-bc4d-04fd38aa5047,2026-08-17T21:30:00Z,2026-08-17T23:30:00+0200,0.0,MW,DE,DE_LU,forecast_solar_generation,Solar,2026-08-29T22:40:46Z
2026-08-29T22:37:58Z,2026-08-30T00:37:58+0200,ede4ebfd-4cb0-4b05-bc4d-04fd38aa5047,2026-08-17T21:45:00Z,2026-08-17T23:45:00+0200,0.0,MW,DE,DE_LU,forecast_solar_generation,Solar,2026-08-29T22:40:46Z
2026-08-29T22:37:58Z,2026-08-30T00:37:58+0200,ede4ebfd-4cb0-4b05-bc4d-04fd38aa5047,2026-08-17T22:00:00Z,2026-08-18T00:00:00+0200,0.0,MW,DE,DE_LU,forecast_solar_generation,Solar,2026-08-29T22:40:46Z
2026-08-29T22:37:58Z,2026-08-30T00:37:58+0200,ede4ebfd-4cb0-4b05-bc4d-04fd38aa5047,2026-08-17T22:15:00Z,2026-08-18T00:15:00+0200,0.0,MW,DE,DE_LU,forecast_solar_generation,Solar,2026-08-29T22:40:46Z
2026-08-29T22:37:58Z,2026-08-30T00:37:58+0200,ede4ebfd-4cb0-4b05-bc4d-04fd38aa5047,2026-08-17T22:30:00Z,2026-08-18T00:30:00+0200,0.0,MW,DE,DE_LU,forecast_solar_generation,Solar,2026-08-29T22:40:46Z
2026-08-29T22:37:58Z,2026-08-30T00:37:58+0200,ede4ebfd-4cb0-4b05-bc4d-04fd38aa5047,2026-08-17T22:45:00Z,2026-08-18T00:45:00+0200,0.0,MW,DE,DE_LU,forecast_solar_generation,Solar,2026-08-29T22:40:46Z
2026-08-29T22:37:58Z,2026-08-30T00:37:58+0200,ede4ebfd-4cb0-4b05-bc4d-04fd38aa5047,2026-08-17T23:00:00Z,2026-08-18T01:00:00+0200,0.0,MW,DE,DE_LU,forecast_solar_generation,Solar,2026-08-29T22:40:46Z
2026-08-29T22:37:58Z,2026-08-30T00:37:58+0200,ede4ebfd-4cb0-4b05-bc4d-04fd38aa5047,2026-08-17T23:15:00Z,2026-08-18T01:15:00+0200,0.0,MW,DE,DE_LU,forecast_solar_generation,Solar,2026-08-29T22:40:46Z
2026-08-29T22:37:58Z,2026-08-30T00:37:58+0200,ede4ebfd-4cb0-4b05-bc4d-04fd38aa5047,2026-08-17T23:30:00Z,2026-08-18T01:30:00+0200,0.0,MW,DE,DE_LU,forecast_solar_generation,Solar,2026-08-29T22:40:46Z
2026-08-29T22:37:58Z,2026-08-30T00:37:58+0200,ede4ebfd-4cb0-4b05-bc4d-04fd38aa5047,2026-08-17T23:45:00Z,2026-08-18T01:45:00+0200,0.0,MW,DE,DE_LU,forecast_solar_generation,Solar,2026-08-29T22:40:46Z
2026-08-29T22:37:58Z,2026-08-30T00:37:58+0200,ede4ebfd-4cb0-4b05-bc4d-04fd38aa5047,2026-08-18T00:00:00Z,2026-08-18T02:00:00+0200,0.0,MW,DE,DE_LU,forecast_solar_generation,Solar,2026-08-29T22:40:46Z
2026-08-29T22:37:58Z,2026-08-30T00:37:58+0200,ede4ebfd-4cb0-4b05-bc4d-04fd38aa5047,2026-08-18T00:15:00Z,2026-08-18T02:15:00+0200,0.0,MW,DE,DE_LU,forecast_solar_generation,Solar,2026-08-29T22:40:46Z
2026-08-29T22:37:58Z,2026-08-30T00:37:58+0200,ede4ebfd-4cb0-4b05-bc4d-04fd38aa5047,2026-08-18T00:30:00Z,2026-08-18T02:30:00+0200,0.0,MW,DE,DE_LU,forecast_solar_generation,Solar,2026-08-29T22:40:46Z
2026-08-29T22:37:58Z,2026-08-30T00:37:58+0200,ede4ebfd-4cb0-4b05-bc4d-04fd38aa5047,2026-08-18T00:45:00Z,2026-08-18T02:45:00+0200,0.0,MW,DE,DE_LU,forecast_solar_generation,Solar,2026-08-29T22:40:46Z
2026-08-29T22:37:58Z,2026-08-30T00:37:58+0200,ede4ebfd-4cb0-4b05-bc4d-04fd38aa5047,2026-08-18T01:00:00Z,2026-08-18T03:00:00+0200,0.0,MW,DE,DE_LU,forecast_solar_generation,Solar,2026-08-29T22:40:46Z
2026-08-29T22:37:58Z,2026-08-30T00:37:58+0200,ede4ebfd-4cb0-4b05-bc4d-04fd38aa5047,2026-08-18T01:15:00Z,2026-08-18T03:15:00+0200,0.0,MW,DE,DE_LU,forecast_solar_generation,Solar,2026-08-29T22:40:46Z
2026-08-29T22:37:58Z,2026-08-30T00:37:58+0200,ede4ebfd-4cb0-4b05-bc4d-04fd38aa5047,2026-08-18T01:30:00Z,2026-08-18T03:30:00+0200,0.0,MW,DE,DE_LU,forecast_solar_generation,Solar,2026-08-29T22:40:46Z
2026-08-29T22:37:58Z,2026-08-30T00:37:58+0200,ede4ebfd-4cb0-4b05-bc4d-04fd38aa5047,2026-08-18T01:45:00Z,2026-08-18T03:45:00+0200,0.0,MW,DE,DE_LU,forecast_solar_generation,Solar,2026-08-29T22:40:46Z
2026-08-29T22:37:58Z,2026-08-30T00:37:58+0200,ede4ebfd-4cb0-4b05-bc4d-04fd38aa5047,2026-08-18T02:00:00Z,2026-08-18T04:00:00+0200,0.0,MW,DE,DE_LU,forecast_solar_generation,Solar,2026-08-29T22:40:46Z
2026-08-29T22:37:58Z,2026-08-30T00:37:58+0200,ede4ebfd-4cb0-4b05-bc4d-04fd38aa5047,2026-08-18T02:15:00Z,2026-08-18T04:15:00+0200,0.0,MW,DE,DE_LU,forecast_solar_generation,Solar,2026-08-29T22:40:46Z
2026-08-29T22:37:58Z,2026-08-30T00:37:58+0200,ede4ebfd-4cb0-4b05-bc4d-04fd38aa5047,2026-08-18T02:30:00Z,2026-08-18T04:30:00+0200,0.0,MW,DE,DE_LU,forecast_solar_generation,Solar,2026-08-29T22:40:46Z
2026-08-29T22:37:58Z,2026-08-30T00:37:58+0200,ede4ebfd-4cb0-4b05-bc4d-04fd38aa5047,2026-08-18T02:45:00Z,2026-08-18T04:45:00+0200,0.0,MW,DE,DE_LU,forecast_solar_generation,Solar,2026-08-29T22:40:46Z
2026-08-29T22:37:58Z,2026-08-30T00:37:58+0200,ede4ebfd-4cb0-4b05-bc4d-04fd38aa5047,2026-08-18T03:00:00Z,2026-08-18T05:00:00+0200,0.0,MW,DE,DE_LU,forecast_solar_generation,Solar,2026-08-29T22:40:46Z
2026-08-29T22:37:58Z,2026-08-30T00:37:58+0200,ede4ebfd-4cb0-4b05-bc4d-04fd38aa5047,2026-08-18T03:15:00Z,2026-08-18T05:15:00+0200,0.0,MW,DE,DE_LU,forecast_solar_generation,Solar,2026-08-29T22:40:46Z
2026-08-29T22:37:58Z,2026-08-30T00:37:58+0200,ede4ebfd-4cb0-4b05-bc4d-04fd38aa5047,2026-08-18T03:30:00Z,2026-08-18T05:30:00+0200,0.0,MW,DE,DE_LU,forecast_solar_generation,Solar,2026-08-29T22:40:46Z
2026-08-29T22:37:58Z,2026-08-30T00:37:58+0200,ede4ebfd-4cb0-4b05-bc4d-04fd38aa5047,2026-08-18T03:45:00Z,2026-08-18T05:45:00+0200,3.19,MW,DE,DE_LU,forecast_solar_generation,Solar,2026-08-29T22:40:46Z
2026-08-29T22:37:58Z,2026-08-30T00:37:58+0200,ede4ebfd-4cb0-4b05-bc4d-04fd38aa5047,2026-08-18T04:00:00Z,2026-08-18T06:00:00+0200,71.32667,MW,DE,DE_LU,forecast_solar_generation,Solar,2026-08-29T22:40:46Z
2026-08-29T22:37:58Z,2026-08-30T00:37:58+0200,ede4ebfd-4cb0-4b05-bc4d-04fd38aa5047,2026-08-18T04:15:00Z,2026-08-18T06:15:00+0200,282.79209,MW,DE,DE_LU,forecast_solar_generation,Solar,2026-08-29T22:40:46Z
2026-08-29T22:37:58Z,2026-08-30T00:37:58+0200,ede4ebfd-4cb0-4b05-bc4d-04fd38aa5047,2026-08-18T04:30:00Z,2026-08-18T06:30:00+0200,644.30013,MW,DE,DE_LU,forecast_solar_generation,Solar,2026-08-29T22:40:46Z
2026-08-29T22:37:58Z,2026-08-30T00:37:58+0200,ede4ebfd-4cb0-4b05-bc4d-04fd38aa5047,2026-08-18T04:45:00Z,2026-08-18T06:45:00+0200,1193.93048,MW,DE,DE_LU,forecast_solar_generation,Solar,2026-08-29T22:40:46Z
2026-08-29T22:37:58Z,2026-08-30T00:37:58+0200,ede4ebfd-4cb0-4b05-bc4d-04fd38aa5047,2026-08-18T05:00:00Z,2026-08-18T07:00:00+0200,1963.29481,MW,DE,DE_LU,forecast_solar_generation,Solar,2026-08-29T22:40:46Z
2026-08-29T22:37:58Z,2026-08-30T00:37:58+0200,ede4ebfd-4cb0-4b05-bc4d-04fd38aa5047,2026-08-18T05:15:00Z,2026-08-18T07:15:00+0200,2952.15189,MW,DE,DE_LU,forecast_solar_generation,Solar,2026-08-29T22:40:46Z
2026-08-29T22:37:58Z,2026-08-30T00:37:58+0200,ede4ebfd-4cb0-4b05-bc4d-04fd38aa5047,2026-08-18T05:30:00Z,2026-08-18T07:30:00+0200,4089.74735,MW,DE,DE_LU,forecast_solar_generation,Solar,2026-08-29T22:40:46Z
2026-08-29T22:37:58Z,2026-08-30T00:37:58+0200,ede4ebfd-4cb0-4b05-bc4d-04fd38aa5047,2026-08-18T05:45:00Z,2026-08-18T07:45:00+0200,5284.21155,MW,DE,DE_LU,forecast_solar_generation,Solar,2026-08-29T22:40:46Z
2026-08-29T22:37:58Z,2026-08-30T00:37:58+0200,ede4ebfd-4cb0-4b05-bc4d-04fd38aa5047,2026-08-18T06:00:00Z,2026-08-18T08:00:00+0200,6470.90449,MW,DE,DE_LU,forecast_solar_generation,Solar,2026-08-29T22:40:46Z
2026-08-29T22:37:58Z,2026-08-30T00:37:58+0200,ede4ebfd-4cb0-4b05-bc4d-04fd38aa5047,2026-08-18T06:15:00Z,2026-08-18T08:15:00+0200,7685.0754,MW,DE,DE_LU,forecast_solar_generation,Solar,2026-08-29T22:40:46Z
2026-08-29T22:37:58Z,2026-08-30T00:37:58+0200,ede4ebfd-4cb0-4b05-bc4d-04fd38aa5047,2026-08-18T06:30:00Z,2026-08-18T08:30:00+0200,8904.35597,MW,DE,DE_LU,forecast_solar_generation,Solar,2026-08-29T22:40:46Z
2026-08-29T22:37:58Z,2026-08-30T00:37:58+0200,ede4ebfd-4cb0-4b05-bc4d-04fd38aa5047,2026-08-18T06:45:00Z,2026-08-18T08:45:00+0200,10099.29302,MW,DE,DE_LU,forecast_solar_generation,Solar,2026-08-29T22:40:46Z
2026-08-29T22:37:58Z,2026-08-30T00:37:58+0200,ede4ebfd-4cb0-4b05-bc4d-04fd38aa5047,2026-08-18T07:00:00Z,2026-08-18T09:00:00+0200,11240.06661,MW,DE,DE_LU,forecast_solar_generation,Solar,2026-08-29T22:40:46Z
2026-08-29T22:37:58Z,2026-08-30T00:37:58+0200,ede4ebfd-4cb0-4b05-bc4d-04fd38aa5047,2026-08-18T07:15:00Z,2026-08-18T09:15:00+0200,12336.24792,MW,DE,DE_LU,forecast_solar_generation,Solar,2026-08-29T22:40:46Z
2026-08-29T22:37:58Z,2026-08-30T00:37:58+0200,ede4ebfd-4cb0-4b05-bc4d-04fd38aa5047,2026-08-18T07:30:00Z,2026-08-18T09:30:00+0200,13360.5462,MW,DE,DE_LU,forecast_solar_generation,Solar,2026-08-29T22:40:46Z
2026-08-29T22:37:58Z,2026-08-30T00:37:58+0200,ede4ebfd-4cb0-4b05-bc4d-04fd38aa5047,2026-08-18T07:45:00Z,2026-08-18T09:45:00+0200,14277.58954,MW,DE,DE_LU,forecast_solar_generation,Solar,2026-08-29T22:40:46Z
2026-08-29T22:37:58Z,2026-08-30T00:37:58+0200,ede4ebfd-4cb0-4b05-bc4d-04fd38aa5047,2026-08-18T08:00:00Z,2026-08-18T10:00:00+0200,15069.1971,MW,DE,DE_LU,forecast_solar_generation,Solar,2026-08-29T22:40:46Z
2026-08-29T22:37:58Z,2026-08-30T00:37:58+0200,ede4ebfd-4cb0-4b05-bc4d-04fd38aa5047,2026-08-18T08:15:00Z,2026-08-18T10:15:00+0200,15782.31559,MW,DE,DE_LU,forecast_solar_generation,Solar,2026-08-29T22:40:46Z
2026-08-29T22:37:58Z,2026-08-30T00:37:58+0200,ede4ebfd-4cb0-4b05-bc4d-04fd38aa5047,2026-08-18T08:30:00Z,2026-08-18T10:30:00+0200,16373.97157,MW,DE,DE_LU,forecast_solar_generation,Solar,2026-08-29T22:40:46Z
2026-08-29T22:37:58Z,2026-08-30T00:37:58+0200,ede4ebfd-4cb0-4b05-bc4d-04fd38aa5047,2026-08-18T08:45:00Z,2026-08-18T10:45:00+0200,16834.93003,MW,DE,DE_LU,forecast_solar_generation,Solar,2026-08-29T22:40:46Z
2026-08-29T22:37:58Z,2026-08-30T00:37:58+0200,ede4ebfd-4cb0-4b05-bc4d-04fd38aa5047,2026-08-18T09:00:00Z,2026-08-18T11:00:00+0200,17209.56068,MW,DE,DE_LU,forecast_solar_generation,Solar,2026-08-29T22:40:46Z
2026-08-29T22:37:58Z,2026-08-30T00:37:58+0200,ede4ebfd-4cb0-4b05-bc4d-04fd38aa5047,2026-08-18T09:15:00Z,2026-08-18T11:15:00+0200,17537.00826,MW,DE,DE_LU,forecast_solar_generation,Solar,2026-08-29T22:40:46Z
2026-08-29T22:37:58Z,2026-08-30T00:37:58+0200,ede4ebfd-4cb0-4b05-bc4d-04fd38aa5047,2026-08-18T09:30:00Z,2026-08-18T11:30:00+0200,17813.09385,MW,DE,DE_LU,forecast_solar_generation,Solar,2026-08-29T22:40:46Z
2026-08-29T22:37:58Z,2026-08-30T00:37:58+0200,ede4ebfd-4cb0-4b05-bc4d-04fd38aa5047,2026-08-18T09:45:00Z,2026-08-18T11:45:00+0200,18057.02325,MW,DE,DE_LU,forecast_solar_generation,Solar,2026-08-29T22:40:46Z
2026-08-29T22:37:58Z,2026-08-30T00:37:58+0200,ede4ebfd-4cb0-4b05-bc4d-04fd38aa5047,2026-08-18T10:00:00Z,2026-08-18T12:00:00+0200,18280.88847,MW,DE,DE_LU,forecast_solar_generation,Solar,2026-08-29T22:40:46Z
2026-08-29T22:37:58Z,2026-08-30T00:37:58+0200,ede4ebfd-4cb0-4b05-bc4d-04fd38aa5047,2026-08-18T10:15:00Z,2026-08-18T12:15:00+0200,18501.3356,MW,DE,DE_LU,forecast_solar_generation,Solar,2026-08-29T22:40:46Z
2026-08-29T22:37:58Z,2026-08-30T00:37:58+0200,ede4ebfd-4cb0-4b05-bc4d-04fd38aa5047,2026-08-18T10:30:00Z,2026-08-18T12:30:00+0200,18629.59455,MW,DE,DE_LU,forecast_solar_generation,Solar,2026-08-29T22:40:46Z
2026-08-29T22:37:58Z,2026-08-30T00:37:58+0200,ede4ebfd-4cb0-4b05-bc4d-04fd38aa5047,2026-08-18T10:45:00Z,2026-08-18T12:45:00+0200,18678.91918,MW,DE,DE_LU,forecast_solar_generation,Solar,2026-08-29T22:40:46Z
2026-08-29T22:37:58Z,2026-08-30T00:37:58+0200,ede4ebfd-4cb0-4b05-bc4d-04fd38aa5047,2026-08-18T11:00:00Z,2026-08-18T13:00:00+0200,18626.34137,MW,DE,DE_LU,forecast_solar_generation,Solar,2026-08-29T22:40:46Z
2026-08-29T22:37:58Z,2026-08-30T00:37:58+0200,ede4ebfd-4cb0-4b05-bc4d-04fd38aa5047,2026-08-18T11:15:00Z,2026-08-18T13:15:00+0200,18511.93955,MW,DE,DE_LU,forecast_solar_generation,Solar,2026-08-29T22:40:46Z
2026-08-29T22:37:58Z,2026-08-30T00:37:58+0200,ede4ebfd-4cb0-4b05-bc4d-04fd38aa5047,2026-08-18T11:30:00Z,2026-08-18T13:30:00+0200,18345.98264,MW,DE,DE_LU,forecast_solar_generation,Solar,2026-08-29T22:40:46Z
2026-08-29T22:37:58Z,2026-08-30T00:37:58+0200,ede4ebfd-4cb0-4b05-bc4d-04fd38aa5047,2026-08-18T11:45:00Z,2026-08-18T13:45:00+0200,18143.23814,MW,DE,DE_LU,forecast_solar_generation,Solar,2026-08-29T22:40:46Z
2026-08-29T22:37:58Z,2026-08-30T00:37:58+0200,ede4ebfd-4cb0-4b05-bc4d-04fd38aa5047,2026-08-18T12:00:00Z,2026-08-18T14:00:00+0200,17940.14952,MW,DE,DE_LU,forecast_solar_generation,Solar,2026-08-29T22:40:46Z
2026-08-29T22:37:58Z,2026-08-30T00:37:58+0200,ede4ebfd-4cb0-4b05-bc4d-04fd38aa5047,2026-08-18T12:15:00Z,2026-08-18T14:15:00+0200,17759.22429,MW,DE,DE_LU,forecast_solar_generation,Solar,2026-08-29T22:40:46Z
2026-08-29T22:37:58Z,2026-08-30T00:37:58+0200,ede4ebfd-4cb0-4b05-bc4d-04fd38aa5047,2026-08-18T12:30:00Z,2026-08-18T14:30:00+0200,17544.99952,MW,DE,DE_LU,forecast_solar_generation,Solar,2026-08-29T22:40:46Z
2026-08-29T22:37:58Z,2026-08-30T00:37:58+0200,ede4ebfd-4cb0-4b05-bc4d-04fd38aa5047,2026-08-18T12:45:00Z,2026-08-18T14:45:00+0200,17213.76648,MW,DE,DE_LU,forecast_solar_generation,Solar,2026-08-29T22:40:46Z
2026-08-29T22:37:58Z,2026-08-30T00:37:58+0200,ede4ebfd-4cb0-4b05-bc4d-04fd38aa5047,2026-08-18T13:00:00Z,2026-08-18T15:00:00+0200,16838.39854,MW,DE,DE_LU,forecast_solar_generation,Solar,2026-08-29T22:40:46Z
2026-08-29T22:37:58Z,2026-08-30T00:37:58+0200,ede4ebfd-4cb0-4b05-bc4d-04fd38aa5047,2026-08-18T13:15:00Z,2026-08-18T15:15:00+0200,16398.84226,MW,DE,DE_LU,forecast_solar_generation,Solar,2026-08-29T22:40:46Z
2026-08-29T22:37:58Z,2026-08-30T00:37:58+0200,ede4ebfd-4cb0-4b05-bc4d-04fd38aa5047,2026-08-18T13:30:00Z,2026-08-18T15:30:00+0200,15867.43864,MW,DE,DE_LU,forecast_solar_generation,Solar,2026-08-29T22:40:46Z
2026-08-29T22:37:58Z,2026-08-30T00:37:58+0200,ede4ebfd-4cb0-4b05-bc4d-04fd38aa5047,2026-08-18T13:45:00Z,2026-08-18T15:45:00+0200,15249.69738,MW,DE,DE_LU,forecast_solar_generation,Solar,2026-08-29T22:40:46Z
2026-08-29T22:37:58Z,2026-08-30T00:37:58+0200,ede4ebfd-4cb0-4b05-bc4d-04fd38aa5047,2026-08-18T14:00:00Z,2026-08-18T16:00:00+0200,14565.13636,MW,DE,DE_LU,forecast_solar_generation,Solar,2026-08-29T22:40:46Z
2026-08-29T22:37:58Z,2026-08-30T00:37:58+0200,ede4ebfd-4cb0-4b05-bc4d-04fd38aa5047,2026-08-18T14:15:00Z,2026-08-18T16:15:00+0200,13793.09162,MW,DE,DE_LU,forecast_solar_generation,Solar,2026-08-29T22:40:46Z
2026-08-29T22:37:58Z,2026-08-30T00:37:58+0200,ede4ebfd-4cb0-4b05-bc4d-04fd38aa5047,2026-08-18T14:30:00Z,2026-08-18T16:30:00+0200,12934.47982,MW,DE,DE_LU,forecast_solar_generation,Solar,2026-08-29T22:40:46Z
2026-08-29T22:37:58Z,2026-08-30T00:37:58+0200,ede4ebfd-4cb0-4b05-bc4d-04fd38aa5047,2026-08-18T14:45:00Z,2026-08-18T16:45:00+0200,12012.11837,MW,DE,DE_LU,forecast_solar_generation,Solar,2026-08-29T22:40:46Z
2026-08-29T22:37:58Z,2026-08-30T00:37:58+0200,ede4ebfd-4cb0-4b05-bc4d-04fd38aa5047,2026-08-18T15:00:00Z,2026-08-18T17:00:00+0200,11039.5309,MW,DE,DE_LU,forecast_solar_generation,Solar,2026-08-29T22:40:46Z
2026-08-29T22:37:58Z,2026-08-30T00:37:58+0200,ede4ebfd-4cb0-4b05-bc4d-04fd38aa5047,2026-08-18T15:15:00Z,2026-08-18T17:15:00+0200,10034.70315,MW,DE,DE_LU,forecast_solar_generation,Solar,2026-08-29T22:40:46Z
2026-08-29T22:37:58Z,2026-08-30T00:37:58+0200,ede4ebfd-4cb0-4b05-bc4d-04fd38aa5047,2026-08-18T15:30:00Z,2026-08-18T17:30:00+0200,9015.68356,MW,DE,DE_LU,forecast_solar_generation,Solar,2026-08-29T22:40:46Z
2026-08-29T22:37:58Z,2026-08-30T00:37:58+0200,ede4ebfd-4cb0-4b05-bc4d-04fd38aa5047,2026-08-18T15:45:00Z,2026-08-18T17:45:00+0200,7991.75248,MW,DE,DE_LU,forecast_solar_generation,Solar,2026-08-29T22:40:46Z
2026-08-29T22:37:58Z,2026-08-30T00:37:58+0200,ede4ebfd-4cb0-4b05-bc4d-04fd38aa5047,2026-08-18T16:00:00Z,2026-08-18T18:00:00+0200,6963.82225,MW,DE,DE_LU,forecast_solar_generation,Solar,2026-08-29T22:40:46Z
2026-08-29T22:37:58Z,2026-08-30T00:37:58+0200,ede4ebfd-4cb0-4b05-bc4d-04fd38aa5047,2026-08-18T16:15:00Z,2026-08-18T18:15:00+0200,5935.23761,MW,DE,DE_LU,forecast_solar_generation,Solar,2026-08-29T22:40:46Z
2026-08-29T22:37:58Z,2026-08-30T00:37:58+0200,ede4ebfd-4cb0-4b05-bc4d-04fd38aa5047,2026-08-18T16:30:00Z,2026-08-18T18:30:00+0200,4914.69811,MW,DE,DE_LU,forecast_solar_generation,Solar,2026-08-29T22:40:46Z
2026-08-29T22:37:58Z,2026-08-30T00:37:58+0200,ede4ebfd-4cb0-4b05-bc4d-04fd38aa5047,2026-08-18T16:45:00Z,2026-08-18T18:45:00+0200,3918.47285,MW,DE,DE_LU,forecast_solar_generation,Solar,2026-08-29T22:40:46Z
2026-08-29T22:37:58Z,2026-08-30T00:37:58+0200,ede4ebfd-4cb0-4b05-bc4d-04fd38aa5047,2026-08-18T17:00:00Z,2026-08-18T19:00:00+0200,2981.03509,MW,DE,DE_LU,forecast_solar_generation,Solar,2026-08-29T22:40:46Z
2026-08-29T22:37:58Z,2026-08-30T00:37:58+0200,ede4ebfd-4cb0-4b05-bc4d-04fd38aa5047,2026-08-18T17:15:00Z,2026-08-18T19:15:00+0200,2122.89551,MW,DE,DE_LU,forecast_solar_generation,Solar,2026-08-29T22:40:46Z
2026-08-29T22:37:58Z,2026-08-30T00:37:58+0200,ede4ebfd-4cb0-4b05-bc4d-04fd38aa5047,2026-08-18T17:30:00Z,2026-08-18T19:30:00+0200,1388.63976,MW,DE,DE_LU,forecast_solar_generation,Solar,2026-08-29T22:40:46Z
2026-08-29T22:37:58Z,2026-08-30T00:37:58+0200,ede4ebfd-4cb0-4b05-bc4d-04fd38aa5047,2026-08-18T17:45:00Z,2026-08-18T19:45:00+0200,807.81999,MW,DE,DE_LU,forecast_solar_generation,Solar,2026-08-29T22:40:46Z
2026-08-29T22:37:58Z,2026-08-30T00:37:58+0200,ede4ebfd-4cb0-4b05-bc4d-04fd38aa5047,2026-08-18T18:00:00Z,2026-08-18T20:00:00+0200,397.83223,MW,DE,DE_LU,forecast_solar_generation,Solar,2026-08-29T22:40:46Z
2026-08-29T22:37:58Z,2026-08-30T00:37:58+0200,ede4ebfd-4cb0-4b05-bc4d-04fd38aa5047,2026-08-18T18:15:00Z,2026-08-18T20:15:00+0200,158.73101,MW,DE,DE_LU,forecast_solar_generation,Solar,2026-08-29T22:40:46Z
2026-08-29T22:37:58Z,2026-08-30T00:37:58+0200,ede4ebfd-4cb0-4b05-bc4d-04fd38aa5047,2026-08-18T18:30:00Z,2026-08-18T20:30:00+0200,57.94348,MW,DE,DE_LU,forecast_solar_generation,Solar,2026-08-29T22:40:46Z
2026-08-29T22:37:58Z,2026-08-30T00:37:58+0200,ede4ebfd-4cb0-4b05-bc4d-04fd38aa5047,2026-08-18T18:45:00Z,2026-08-18T20:45:00+0200,26.07148,MW,DE,DE_LU,forecast_solar_generation,Solar,2026-08-29T22:40:46Z
2026-08-29T22:37:58Z,2026-08-30T00:37:58+0200,ede4ebfd-4cb0-4b05-bc4d-04fd38aa5047,2026-08-18T19:00:00Z,2026-08-18T21:00:00+0200,0.0,MW,DE,DE_LU,forecast_solar_generation,Solar,2026-08-29T22:40:46Z
2026-08-29T22:37:58Z,2026-08-30T00:37:58+0200,ede4ebfd-4cb0-4b05-bc4d-04fd38aa5047,2026-08-18T19:15:00Z,2026-08-18T21:15:00+0200,0.0,MW,DE,DE_LU,forecast_solar_generation,Solar,2026-08-29T22:40:46Z
2026-08-29T22:37:58Z,2026-08-30T00:37:58+0200,ede4ebfd-4cb0-4b05-bc4d-04fd38aa5047,2026-08-18T19:30:00Z,2026-08-18T21:30:00+0200,0.0,MW,DE,DE_LU,forecast_solar_generation,Solar,2026-08-29T22:40:46Z
2026-08-29T22:37:58Z,2026-08-30T00:37:58+0200,ede4ebfd-4cb0-4b05-bc4d-04fd38aa5047,2026-08-18T19:45:00Z,2026-08-18T21:45:00+0200,0.0,MW,DE,DE_LU,forecast_solar_generation,Solar,2026-08-29T22:40:46Z
2026-08-29T22:37:58Z,2026-08-30T00:37:58+0200,ede4ebfd-4cb0-4b05-bc4d-04fd38aa5047,2026-08-18T20:00:00Z,2026-08-18T22:00:00+0200,0.0,MW,DE,DE_LU,forecast_solar_generation,Solar,2026-08-29T22:40:46Z
2026-08-29T22:37:58Z,2026-08-30T00:37:58+0200,ede4ebfd-4cb0-4b05-bc4d-04fd38aa5047,2026-08-18T20:15:00Z,2026-08-18T22:15:00+0200,0.0,MW,DE,DE_LU,forecast_solar_generation,Solar,2026-08-29T22:40:46Z
2026-08-29T22:37:58Z,2026-08-30T00:37:58+0200,ede4ebfd-4cb0-4b05-bc4d-04fd38aa5047,2026-08-18T20:30:00Z,2026-08-18T22:30:00+0200,0.0,MW,DE,DE_LU,forecast_solar_generation,Solar,2026-08-29T22:40:46Z
2026-08-29T22:37:58Z,2026-08-30T00:37:58+0200,ede4ebfd-4cb0-4b05-bc4d-04fd38aa5047,2026-08-18T20:45:00Z,2026-08-18T22:45:00+0200,0.0,MW,DE,DE_LU,forecast_solar_generation,Solar,2026-08-29T22:40:46Z
2026-08-29T22:37:58Z,2026-08-30T00:37:58+0200,ede4ebfd-4cb0-4b05-bc4d-04fd38aa5047,2026-08-18T21:00:00Z,2026-08-18T23:00:00+0200,0.0,MW,DE,DE_LU,forecast_solar_generation,Solar,2026-08-29T22:40:46Z
2026-08-29T22:37:58Z,2026-08-30T00:37:58+0200,ede4ebfd-4cb0-4b05-bc4d-04fd38aa5047,2026-08-18T21:15:00Z,2026-08-18T23:15:00+0200,0.0,MW,DE,DE_LU,forecast_solar_generation,Solar,2026-08-29T22:40:46Z
2026-08-29T22:37:58Z,2026-08-30T00:37:58+0200,ede4ebfd-4cb0-4b05-bc4d-04fd38aa5047,2026-08-18T21:30:00Z,2026-08-18T23:30:00+0200,0.0,MW,DE,DE_LU,forecast_solar_generation,Solar,2026-08-29T22:40:46Z
2026-08-29T22:37:58Z,2026-08-30T00:37:58+0200,ede4ebfd-4cb0-4b05-bc4d-04fd38aa5047,2026-08-18T21:45:00Z,2026-08-18T23:45:00+0200,0.0,MW,DE,DE_LU,forecast_solar_generation,Solar,2026-08-29T22:40:46Z
2026-08-29T22:37:58Z,2026-08-30T00:37:58+0200,ede4ebfd-4cb0-4b05-bc4d-04fd38aa5047,2026-08-18T22:00:00Z,2026-08-19T00:00:00+0200,0.0,MW,DE,DE_LU,forecast_solar_generation,Solar,2026-08-29T22:40:46Z
2026-08-29T22:37:58Z,2026-08-30T00:37:58+0200,ede4ebfd-4cb0-4b05-bc4d-04fd38aa5047,2026-08-18T22:15:00Z,2026-08-19T00:15:00+0200,0.0,MW,DE,DE_LU,forecast_solar_generation,Solar,2026-08-29T22:40:46Z
2026-08-29T22:37:58Z,2026-08-30T00:37:58+0200,ede4ebfd-4cb0-4b05-bc4d-04fd38aa5047,2026-08-18T22:30:00Z,2026-08-19T00:30:00+0200,0.0,MW,DE,DE_LU,forecast_solar_generation,Solar,2026-08-29T22:40:46Z
2026-08-29T22:37:58Z,2026-08-30T00:37:58+0200,ede4ebfd-4cb0-4b05-bc4d-04fd38aa5047,2026-08-18T22:45:00Z,2026-08-19T00:45:00+0200,0.0,MW,DE,DE_LU,forecast_solar_generation,Solar,2026-08-29T22:40:46Z
2026-08-29T22:37:58Z,2026-08-30T00:37:58+0200,ede4ebfd-4cb0-4b05-bc4d-04fd38aa5047,2026-08-18T23:00:00Z,2026-08-19T01:00:00+0200,0.0,MW,DE,DE_LU,forecast_solar_generation,Solar,2026-08-29T22:40:46Z
2026-08-29T22:37:58Z,2026-08-30T00:37:58+0200,ede4ebfd-4cb0-4b05-bc4d-04fd38aa5047,2026-08-18T23:15:00Z,2026-08-19T01:15:00+0200,0.0,MW,DE,DE_LU,forecast_solar_generation,Solar,2026-08-29T22:40:46Z
2026-08-29T22:37:58Z,2026-08-30T00:37:58+0200,ede4ebfd-4cb0-4b05-bc4d-04fd38aa5047,2026-08-18T23:30:00Z,2026-08-19T01:30:00+0200,0.0,MW,DE,DE_LU,forecast_solar_generation,Solar,2026-08-29T22:40:46Z
2026-08-29T22:37:58Z,2026-08-30T00:37:58+0200,ede4ebfd-4cb0-4b05-bc4d-04fd38aa5047,2026-08-18T23:45:00Z,2026-08-19T01:45:00+0200,0.0,MW,DE,DE_LU,forecast_solar_generation,Solar,2026-08-29T22:40:46Z
2026-08-29T22:37:58Z,2026-08-30T00:37:58+0200,ede4ebfd-4cb0-4b05-bc4d-04fd38aa5047,2026-08-19T00:00:00Z,2026-08-19T02:00:00+0200,0.0,MW,DE,DE_LU,forecast_solar_generation,Solar,2026-08-29T22:40:46Z
2026-08-29T22:37:58Z,2026-08-30T00:37:58+0200,ede4ebfd-4cb0-4b05-bc4d-04fd38aa5047,2026-08-19T00:15:00Z,2026-08-19T02:15:00+0200,0.0,MW,DE,DE_LU,forecast_solar_generation,Solar,2026-08-29T22:40:46Z
2026-08-29T22:37:58Z,2026-08-30T00:37:58+0200,ede4ebfd-4cb0-4b05-bc4d-04fd38aa5047,2026-08-19T00:30:00Z,2026-08-19T02:30:00+0200,0.0,MW,DE,DE_LU,forecast_solar_generation,Solar,2026-08-29T22:40:46Z
2026-08-29T22:37:58Z,2026-08-30T00:37:58+0200,ede4ebfd-4cb0-4b05-bc4d-04fd38aa5047,2026-08-19T00:45:00Z,2026-08-19T02:45:00+0200,0.0,MW,DE,DE_LU,forecast_solar_generation,Solar,2026-08-29T22:40:46Z
2026-08-29T22:37:58Z,2026-08-30T00:37:58+0200,ede4ebfd-4cb0-4b05-bc4d-04fd38aa5047,2026-08-19T01:00:00Z,2026-08-19T03:00:00+0200,0.0,MW,DE,DE_LU,forecast_solar_generation,Solar,2026-08-29T22:40:46Z
2026-08-29T22:37:58Z,2026-08-30T00:37:58+0200,ede4ebfd-4cb0-4b05-bc4d-04fd38aa5047,2026-08-19T01:15:00Z,2026-08-19T03:15:00+0200,0.0,MW,DE,DE_LU,forecast_solar_generation,Solar,2026-08-29T22:40:46Z
2026-08-29T22:37:58Z,2026-08-30T00:37:58+0200,ede4ebfd-4cb0-4b05-bc4d-04fd38aa5047,2026-08-19T01:30:00Z,2026-08-19T03:30:00+0200,0.0,MW,DE,DE_LU,forecast_solar_generation,Solar,2026-08-29T22:40:46Z
2026-08-29T22:37:58Z,2026-08-30T00:37:58+0200,ede4ebfd-4cb0-4b05-bc4d-04fd38aa5047,2026-08-19T01:45:00Z,2026-08-19T03:45:00+0200,0.0,MW,DE,DE_LU,forecast_solar_generation,Solar,2026-08-29T22:40:46Z
2026-08-29T22:37:58Z,2026-08-30T00:37:58+0200,ede4ebfd-4cb0-4b05-bc4d-04fd38aa5047,2026-08-19T02:00:00Z,2026-08-19T04:00:00+0200,0.0,MW,DE,DE_LU,forecast_solar_generation,Solar,2026-08-29T22:40:46Z
2026-08-29T22:37:58Z,2026-08-30T00:37:58+0200,ede4ebfd-4cb0-4b05-bc4d-04fd38aa5047,2026-08-19T02:15:00Z,2026-08-19T04:15:00+0200,0.0,MW,DE,DE_LU,forecast_solar_generation,Solar,2026-08-29T22:40:46Z
2026-08-29T22:37:58Z,2026-08-30T00:37:58+0200,ede4ebfd-4cb0-4b05-bc4d-04fd38aa5047,2026-08-19T02:30:00Z,2026-08-19T04:30:00+0200,0.0,MW,DE,DE_LU,forecast_solar_generation,Solar,2026-08-29T22:40:46Z
2026-08-29T22:37:58Z,2026-08-30T00:37:58+0200,ede4ebfd-4cb0-4b05-bc4d-04fd38aa5047,2026-08-19T02:45:00Z,2026-08-19T04:45:00+0200,0.0,MW,DE,DE_LU,forecast_solar_generation,Solar,2026-08-29T22:40:46Z
2026-08-29T22:37:58Z,2026-08-30T00:37:58+0200,ede4ebfd-4cb0-4b05-bc4d-04fd38aa5047,2026-08-19T03:00:00Z,2026-08-19T05:00:00+0200,0.0,MW,DE,DE_LU,forecast_solar_generation,Solar,2026-08-29T22:40:46Z
2026-08-29T22:37:58Z,2026-08-30T00:37:58+0200,ede4ebfd-4cb0-4b05-bc4d-04fd38aa5047,2026-08-19T03:15:00Z,2026-08-19T05:15:00+0200,0.0,MW,DE,DE_LU,forecast_solar_generation,Solar,2026-08-29T22:40:46Z
2026-08-29T22:37:58Z,2026-08-30T00:37:58+0200,ede4ebfd-4cb0-4b05-bc4d-04fd38aa5047,2026-08-19T03:30:00Z,2026-08-19T05:30:00+0200,0.0,MW,DE,DE_LU,forecast_solar_generation,Solar,2026-08-29T22:40:46Z
2026-08-29T22:37:58Z,2026-08-30T00:37:58+0200,ede4ebfd-4cb0-4b05-bc4d-04fd38aa5047,2026-08-19T03:45:00Z,2026-08-19T05:45:00+0200,0.82,MW,DE,DE_LU,forecast_solar_generation,Solar,2026-08-29T22:40:46Z
2026-08-29T22:37:58Z,2026-08-30T00:37:58+0200,ede4ebfd-4cb0-4b05-bc4d-04fd38aa5047,2026-08-19T04:00:00Z,2026-08-19T06:00:00+0200,39.71043,MW,DE,DE_LU,forecast_solar_generation,Solar,2026-08-29T22:40:46Z
2026-08-29T22:37:58Z,2026-08-30T00:37:58+0200,ede4ebfd-4cb0-4b05-bc4d-04fd38aa5047,2026-08-19T04:15:00Z,2026-08-19T06:15:00+0200,173.87748,MW,DE,DE_LU,forecast_solar_generation,Solar,2026-08-29T22:40:46Z
2026-08-29T22:37:58Z,2026-08-30T00:37:58+0200,ede4ebfd-4cb0-4b05-bc4d-04fd38aa5047,2026-08-19T04:30:00Z,2026-08-19T06:30:00+0200,458.99545,MW,DE,DE_LU,forecast_solar_generation,Solar,2026-08-29T22:40:46Z
2026-08-29T22:37:58Z,2026-08-30T00:37:58+0200,ede4ebfd-4cb0-4b05-bc4d-04fd38aa5047,2026-08-19T04:45:00Z,2026-08-19T06:45:00+0200,946.24525,MW,DE,DE_LU,forecast_solar_generation,Solar,2026-08-29T22:40:46Z
2026-08-29T22:37:58Z,2026-08-30T00:37:58+0200,ede4ebfd-4cb0-4b05-bc4d-04fd38aa5047,2026-08-19T05:00:00Z,2026-08-19T07:00:00+0200,1662.64282,MW,DE,DE_LU,forecast_solar_generation,Solar,2026-08-29T22:40:46Z
2026-08-29T22:37:58Z,2026-08-30T00:37:58+0200,ede4ebfd-4cb0-4b05-bc4d-04fd38aa5047,2026-08-19T05:15:00Z,2026-08-19T07:15:00+0200,2609.86519,MW,DE,DE_LU,forecast_solar_generation,Solar,2026-08-29T22:40:46Z
2026-08-29T22:37:58Z,2026-08-30T00:37:58+0200,ede4ebfd-4cb0-4b05-bc4d-04fd38aa5047,2026-08-19T05:30:00Z,2026-08-19T07:30:00+0200,3745.47544,MW,DE,DE_LU,forecast_solar_generation,Solar,2026-08-29T22:40:46Z
2026-08-29T22:37:58Z,2026-08-30T00:37:58+0200,ede4ebfd-4cb0-4b05-bc4d-04fd38aa5047,2026-08-19T05:45:00Z,2026-08-19T07:45:00+0200,5012.89654,MW,DE,DE_LU,forecast_solar_generation,Solar,2026-08-29T22:40:46Z
2026-08-29T22:37:58Z,2026-08-30T00:37:58+0200,ede4ebfd-4cb0-4b05-bc4d-04fd38aa5047,2026-08-19T06:00:00Z,2026-08-19T08:00:00+0200,6389.50869,MW,DE,DE_LU,forecast_solar_generation,Solar,2026-08-29T22:40:46Z
2026-08-29T22:37:58Z,2026-08-30T00:37:58+0200,ede4ebfd-4cb0-4b05-bc4d-04fd38aa5047,2026-08-19T06:15:00Z,2026-08-19T08:15:00+0200,7857.49148,MW,DE,DE_LU,forecast_solar_generation,Solar,2026-08-29T22:40:46Z
2026-08-29T22:37:58Z,2026-08-30T00:37:58+0200,ede4ebfd-4cb0-4b05-bc4d-04fd38aa5047,2026-08-19T06:30:00Z,2026-08-19T08:30:00+0200,9403.01445,MW,DE,DE_LU,forecast_solar_generation,Solar,2026-08-29T22:40:46Z
2026-08-29T22:37:58Z,2026-08-30T00:37:58+0200,ede4ebfd-4cb0-4b05-bc4d-04fd38aa5047,2026-08-19T06:45:00Z,2026-08-19T08:45:00+0200,11010.79529,MW,DE,DE_LU,forecast_solar_generation,Solar,2026-08-29T22:40:46Z
2026-08-29T22:37:58Z,2026-08-30T00:37:58+0200,ede4ebfd-4cb0-4b05-bc4d-04fd38aa5047,2026-08-19T07:00:00Z,2026-08-19T09:00:00+0200,12648.09893,MW,DE,DE_LU,forecast_solar_generation,Solar,2026-08-29T22:40:46Z
2026-08-29T22:37:58Z,2026-08-30T00:37:58+0200,ede4ebfd-4cb0-4b05-bc4d-04fd38aa5047,2026-08-19T07:15:00Z,2026-08-19T09:15:00+0200,14321.63799,MW,DE,DE_LU,forecast_solar_generation,Solar,2026-08-29T22:40:46Z
2026-08-29T22:37:58Z,2026-08-30T00:37:58+0200,ede4ebfd-4cb0-4b05-bc4d-04fd38aa5047,2026-08-19T07:30:00Z,2026-08-19T09:30:00+0200,15932.7612,MW,DE,DE_LU,forecast_solar_generation,Solar,2026-08-29T22:40:46Z
2026-08-29T22:37:58Z,2026-08-30T00:37:58+0200,ede4ebfd-4cb0-4b05-bc4d-04fd38aa5047,2026-08-19T07:45:00Z,2026-08-19T09:45:00+0200,17444.18538,MW,DE,DE_LU,forecast_solar_generation,Solar,2026-08-29T22:40:46Z
2026-08-29T22:37:58Z,2026-08-30T00:37:58+0200,ede4ebfd-4cb0-4b05-bc4d-04fd38aa5047,2026-08-19T08:00:00Z,2026-08-19T10:00:00+0200,18832.41581,MW,DE,DE_LU,forecast_solar_generation,Solar,2026-08-29T22:40:46Z
2026-08-29T22:37:58Z,2026-08-30T00:37:58+0200,ede4ebfd-4cb0-4b05-bc4d-04fd38aa5047,2026-08-19T08:15:00Z,2026-08-19T10:15:00+0200,20103.30097,MW,DE,DE_LU,forecast_solar_generation,Solar,2026-08-29T22:40:46Z
2026-08-29T22:37:58Z,2026-08-30T00:37:58+0200,ede4ebfd-4cb0-4b05-bc4d-04fd38aa5047,2026-08-19T08:30:00Z,2026-08-19T10:30:00+0200,21252.79825,MW,DE,DE_LU,forecast_solar_generation,Solar,2026-08-29T22:40:46Z
2026-08-29T22:37:58Z,2026-08-30T00:37:58+0200,ede4ebfd-4cb0-4b05-bc4d-04fd38aa5047,2026-08-19T08:45:00Z,2026-08-19T10:45:00+0200,22311.14156,MW,DE,DE_LU,forecast_solar_generation,Solar,2026-08-29T22:40:46Z
2026-08-29T22:37:58Z,2026-08-30T00:37:58+0200,ede4ebfd-4cb0-4b05-bc4d-04fd38aa5047,2026-08-19T09:00:00Z,2026-08-19T11:00:00+0200,23312.94533,MW,DE,DE_LU,forecast_solar_generation,Solar,2026-08-29T22:40:46Z
2026-08-29T22:37:58Z,2026-08-30T00:37:58+0200,ede4ebfd-4cb0-4b05-bc4d-04fd38aa5047,2026-08-19T09:15:00Z,2026-08-19T11:15:00+0200,24269.95487,MW,DE,DE_LU,forecast_solar_generation,Solar,2026-08-29T22:40:46Z
2026-08-29T22:37:58Z,2026-08-30T00:37:58+0200,ede4ebfd-4cb0-4b05-bc4d-04fd38aa5047,2026-08-19T09:30:00Z,2026-08-19T11:30:00+0200,25096.66062,MW,DE,DE_LU,forecast_solar_generation,Solar,2026-08-29T22:40:46Z
2026-08-29T22:37:58Z,2026-08-30T00:37:58+0200,ede4ebfd-4cb0-4b05-bc4d-04fd38aa5047,2026-08-19T09:45:00Z,2026-08-19T11:45:00+0200,25772.91905,MW,DE,DE_LU,forecast_solar_generation,Solar,2026-08-29T22:40:46Z
2026-08-29T22:37:58Z,2026-08-30T00:37:58+0200,ede4ebfd-4cb0-4b05-bc4d-04fd38aa5047,2026-08-19T10:00:00Z,2026-08-19T12:00:00+0200,26346.2899,MW,DE,DE_LU,forecast_solar_generation,Solar,2026-08-29T22:40:46Z
2026-08-29T22:37:58Z,2026-08-30T00:37:58+0200,ede4ebfd-4cb0-4b05-bc4d-04fd38aa5047,2026-08-19T10:15:00Z,2026-08-19T12:15:00+0200,26826.17345,MW,DE,DE_LU,forecast_solar_generation,Solar,2026-08-29T22:40:46Z
2026-08-29T22:37:58Z,2026-08-30T00:37:58+0200,ede4ebfd-4cb0-4b05-bc4d-04fd38aa5047,2026-08-19T10:30:00Z,2026-08-19T12:30:00+0200,27225.85411,MW,DE,DE_LU,forecast_solar_generation,Solar,2026-08-29T22:40:46Z
2026-08-29T22:37:58Z,2026-08-30T00:37:58+0200,ede4ebfd-4cb0-4b05-bc4d-04fd38aa5047,2026-08-19T10:45:00Z,2026-08-19T12:45:00+0200,27542.19016,MW,DE,DE_LU,forecast_solar_generation,Solar,2026-08-29T22:40:46Z
2026-08-29T22:37:58Z,2026-08-30T00:37:58+0200,ede4ebfd-4cb0-4b05-bc4d-04fd38aa5047,2026-08-19T11:00:00Z,2026-08-19T13:00:00+0200,27780.47626,MW,DE,DE_LU,forecast_solar_generation,Solar,2026-08-29T22:40:46Z
2026-08-29T22:37:58Z,2026-08-30T00:37:58+0200,ede4ebfd-4cb0-4b05-bc4d-04fd38aa5047,2026-08-19T11:15:00Z,2026-08-19T13:15:00+0200,27949.5377,MW,DE,DE_LU,forecast_solar_generation,Solar,2026-08-29T22:40:46Z
2026-08-29T22:37:58Z,2026-08-30T00:37:58+0200,ede4ebfd-4cb0-4b05-bc4d-04fd38aa5047,2026-08-19T11:30:00Z,2026-08-19T13:30:00+0200,28015.52097,MW,DE,DE_LU,forecast_solar_generation,Solar,2026-08-29T22:40:46Z
2026-08-29T22:37:58Z,2026-08-30T00:37:58+0200,ede4ebfd-4cb0-4b05-bc4d-04fd38aa5047,2026-08-19T11:45:00Z,2026-08-19T13:45:00+0200,27968.63768,MW,DE,DE_LU,forecast_solar_generation,Solar,2026-08-29T22:40:46Z
2026-08-29T22:37:58Z,2026-08-30T00:37:58+0200,ede4ebfd-4cb0-4b05-bc4d-04fd38aa5047,2026-08-19T12:00:00Z,2026-08-19T14:00:00+0200,27864.81315,MW,DE,DE_LU,forecast_solar_generation,Solar,2026-08-29T22:40:46Z
2026-08-29T22:37:58Z,2026-08-30T00:37:58+0200,ede4ebfd-4cb0-4b05-bc4d-04fd38aa5047,2026-08-19T12:15:00Z,2026-08-19T14:15:00+0200,27739.12264,MW,DE,DE_LU,forecast_solar_generation,Solar,2026-08-29T22:40:46Z
2026-08-29T22:37:58Z,2026-08-30T00:37:58+0200,ede4ebfd-4cb0-4b05-bc4d-04fd38aa5047,2026-08-19T12:30:00Z,2026-08-19T14:30:00+0200,27546.36506,MW,DE,DE_LU,forecast_solar_generation,Solar,2026-08-29T22:40:46Z
2026-08-29T22:37:58Z,2026-08-30T00:37:58+0200,ede4ebfd-4cb0-4b05-bc4d-04fd38aa5047,2026-08-19T12:45:00Z,2026-08-19T14:45:00+0200,27222.54976,MW,DE,DE_LU,forecast_solar_generation,Solar,2026-08-29T22:40:46Z
2026-08-29T22:37:58Z,2026-08-30T00:37:58+0200,ede4ebfd-4cb0-4b05-bc4d-04fd38aa5047,2026-08-19T13:00:00Z,2026-08-19T15:00:00+0200,26830.59633,MW,DE,DE_LU,forecast_solar_generation,Solar,2026-08-29T22:40:46Z
2026-08-29T22:37:58Z,2026-08-30T00:37:58+0200,ede4ebfd-4cb0-4b05-bc4d-04fd38aa5047,2026-08-19T13:15:00Z,2026-08-19T15:15:00+0200,26322.00741,MW,DE,DE_LU,forecast_solar_generation,Solar,2026-08-29T22:40:46Z
2026-08-29T22:37:58Z,2026-08-30T00:37:58+0200,ede4ebfd-4cb0-4b05-bc4d-04fd38aa5047,2026-08-19T13:30:00Z,2026-08-19T15:30:00+0200,25672.03964,MW,DE,DE_LU,forecast_solar_generation,Solar,2026-08-29T22:40:46Z
2026-08-29T22:37:58Z,2026-08-30T00:37:58+0200,ede4ebfd-4cb0-4b05-bc4d-04fd38aa5047,2026-08-19T13:45:00Z,2026-08-19T15:45:00+0200,24892.56438,MW,DE,DE_LU,forecast_solar_generation,Solar,2026-08-29T22:40:46Z
2026-08-29T22:37:58Z,2026-08-30T00:37:58+0200,ede4ebfd-4cb0-4b05-bc4d-04fd38aa5047,2026-08-19T14:00:00Z,2026-08-19T16:00:00+0200,23981.86791,MW,DE,DE_LU,forecast_solar_generation,Solar,2026-08-29T22:40:46Z
2026-08-29T22:37:58Z,2026-08-30T00:37:58+0200,ede4ebfd-4cb0-4b05-bc4d-04fd38aa5047,2026-08-19T14:15:00Z,2026-08-19T16:15:00+0200,22940.26129,MW,DE,DE_LU,forecast_solar_generation,Solar,2026-08-29T22:40:46Z
2026-08-29T22:37:58Z,2026-08-30T00:37:58+0200,ede4ebfd-4cb0-4b05-bc4d-04fd38aa5047,2026-08-19T14:30:00Z,2026-08-19T16:30:00+0200,21723.70569,MW,DE,DE_LU,forecast_solar_generation,Solar,2026-08-29T22:40:46Z
2026-08-29T22:37:58Z,2026-08-30T00:37:58+0200,ede4ebfd-4cb0-4b05-bc4d-04fd38aa5047,2026-08-19T14:45:00Z,2026-08-19T16:45:00+0200,20362.8448,MW,DE,DE_LU,forecast_solar_generation,Solar,2026-08-29T22:40:46Z
2026-08-29T22:37:58Z,2026-08-30T00:37:58+0200,ede4ebfd-4cb0-4b05-bc4d-04fd38aa5047,2026-08-19T15:00:00Z,2026-08-19T17:00:00+0200,18887.33577,MW,DE,DE_LU,forecast_solar_generation,Solar,2026-08-29T22:40:46Z
2026-08-29T22:37:58Z,2026-08-30T00:37:58+0200,ede4ebfd-4cb0-4b05-bc4d-04fd38aa5047,2026-08-19T15:15:00Z,2026-08-19T17:15:00+0200,17283.17731,MW,DE,DE_LU,forecast_solar_generation,Solar,2026-08-29T22:40:46Z
2026-08-29T22:37:58Z,2026-08-30T00:37:58+0200,ede4ebfd-4cb0-4b05-bc4d-04fd38aa5047,2026-08-19T15:30:00Z,2026-08-19T17:30:00+0200,15581.65535,MW,DE,DE_LU,forecast_solar_generation,Solar,2026-08-29T22:40:46Z
2026-08-29T22:37:58Z,2026-08-30T00:37:58+0200,ede4ebfd-4cb0-4b05-bc4d-04fd38aa5047,2026-08-19T15:45:00Z,2026-08-19T17:45:00+0200,13811.06337,MW,DE,DE_LU,forecast_solar_generation,Solar,2026-08-29T22:40:46Z
2026-08-29T22:37:58Z,2026-08-30T00:37:58+0200,ede4ebfd-4cb0-4b05-bc4d-04fd38aa5047,2026-08-19T16:00:00Z,2026-08-19T18:00:00+0200,11993.44036,MW,DE,DE_LU,forecast_solar_generation,Solar,2026-08-29T22:40:46Z
2026-08-29T22:37:58Z,2026-08-30T00:37:58+0200,ede4ebfd-4cb0-4b05-bc4d-04fd38aa5047,2026-08-19T16:15:00Z,2026-08-19T18:15:00+0200,10148.60924,MW,DE,DE_LU,forecast_solar_generation,Solar,2026-08-29T22:40:46Z
2026-08-29T22:37:58Z,2026-08-30T00:37:58+0200,ede4ebfd-4cb0-4b05-bc4d-04fd38aa5047,2026-08-19T16:30:00Z,2026-08-19T18:30:00+0200,8272.54487,MW,DE,DE_LU,forecast_solar_generation,Solar,2026-08-29T22:40:46Z
2026-08-29T22:37:58Z,2026-08-30T00:37:58+0200,ede4ebfd-4cb0-4b05-bc4d-04fd38aa5047,2026-08-19T16:45:00Z,2026-08-19T18:45:00+0200,6441.70828,MW,DE,DE_LU,forecast_solar_generation,Solar,2026-08-29T22:40:46Z
2026-08-29T22:37:58Z,2026-08-30T00:37:58+0200,ede4ebfd-4cb0-4b05-bc4d-04fd38aa5047,2026-08-19T17:00:00Z,2026-08-19T19:00:00+0200,4746.30443,MW,DE,DE_LU,forecast_solar_generation,Solar,2026-08-29T22:40:46Z
2026-08-29T22:37:58Z,2026-08-30T00:37:58+0200,ede4ebfd-4cb0-4b05-bc4d-04fd38aa5047,2026-08-19T17:15:00Z,2026-08-19T19:15:00+0200,3281.05359,MW,DE,DE_LU,forecast_solar_generation,Solar,2026-08-29T22:40:46Z
2026-08-29T22:37:58Z,2026-08-30T00:37:58+0200,ede4ebfd-4cb0-4b05-bc4d-04fd38aa5047,2026-08-19T17:30:00Z,2026-08-19T19:30:00+0200,2097.5729,MW,DE,DE_LU,forecast_solar_generation,Solar,2026-08-29T22:40:46Z
2026-08-29T22:37:58Z,2026-08-30T00:37:58+0200,ede4ebfd-4cb0-4b05-bc4d-04fd38aa5047,2026-08-19T17:45:00Z,2026-08-19T19:45:00+0200,1187.79888,MW,DE,DE_LU,forecast_solar_generation,Solar,2026-08-29T22:40:46Z
2026-08-29T22:37:58Z,2026-08-30T00:37:58+0200,ede4ebfd-4cb0-4b05-bc4d-04fd38aa5047,2026-08-19T18:00:00Z,2026-08-19T20:00:00+0200,528.31544,MW,DE,DE_LU,forecast_solar_generation,Solar,2026-08-29T22:40:46Z
2026-08-29T22:37:58Z,2026-08-30T00:37:58+0200,ede4ebfd-4cb0-4b05-bc4d-04fd38aa5047,2026-08-19T18:15:00Z,2026-08-19T20:15:00+0200,172.00751,MW,DE,DE_LU,forecast_solar_generation,Solar,2026-08-29T22:40:46Z
2026-08-29T22:37:58Z,2026-08-30T00:37:58+0200,ede4ebfd-4cb0-4b05-bc4d-04fd38aa5047,2026-08-19T18:30:00Z,2026-08-19T20:30:00+0200,48.9894,MW,DE,DE_LU,forecast_solar_generation,Solar,2026-08-29T22:40:46Z
2026-08-29T22:37:58Z,2026-08-30T00:37:58+0200,ede4ebfd-4cb0-4b05-bc4d-04fd38aa5047,2026-08-19T18:45:00Z,2026-08-19T20:45:00+0200,17.98344,MW,DE,DE_LU,forecast_solar_generation,Solar,2026-08-29T22:40:46Z
2026-08-29T22:37:58Z,2026-08-30T00:37:58+0200,ede4ebfd-4cb0-4b05-bc4d-04fd38aa5047,2026-08-19T19:00:00Z,2026-08-19T21:00:00+0200,0.0,MW,DE,DE_LU,forecast_solar_generation,Solar,2026-08-29T22:40:46Z
2026-08-29T22:37:58Z,2026-08-30T00:37:58+0200,ede4ebfd-4cb0-4b05-bc4d-04fd38aa5047,2026-08-19T19:15:00Z,2026-08-19T21:15:00+0200,0.0,MW,DE,DE_LU,forecast_solar_generation,Solar,2026-08-29T22:40:46Z
2026-08-29T22:37:58Z,2026-08-30T00:37:58+0200,ede4ebfd-4cb0-4b05-bc4d-04fd38aa5047,2026-08-19T19:30:00Z,2026-08-19T21:30:00+0200,0.0,MW,DE,DE_LU,forecast_solar_generation,Solar,2026-08-29T22:40:46Z
2026-08-29T22:37:58Z,2026-08-30T00:37:58+0200,ede4ebfd-4cb0-4b05-bc4d-04fd38aa5047,2026-08-19T19:45:00Z,2026-08-19T21:45:00+0200,0.0,MW,DE,DE_LU,forecast_solar_generation,Solar,2026-08-29T22:40:46Z
2026-08-29T22:37:58Z,2026-08-30T00:37:58+0200,ede4ebfd-4cb0-4b05-bc4d-04fd38aa5047,2026-08-19T20:00:00Z,2026-08-19T22:00:00+0200,0.0,MW,DE,DE_LU,forecast_solar_generation,Solar,2026-08-29T22:40:46Z
2026-08-29T22:37:58Z,2026-08-30T00:37:58+0200,ede4ebfd-4cb0-4b05-bc4d-04fd38aa5047,2026-08-19T20:15:00Z,2026-08-19T22:15:00+0200,0.0,MW,DE,DE_LU,forecast_solar_generation,Solar,2026-08-29T22:40:46Z
2026-08-29T22:37:58Z,2026-08-30T00:37:58+0200,ede4ebfd-4cb0-4b05-bc4d-04fd38aa5047,2026-08-19T20:30:00Z,2026-08-19T22:30:00+0200,0.0,MW,DE,DE_LU,forecast_solar_generation,Solar,2026-08-29T22:40:46Z
2026-08-29T22:37:58Z,2026-08-30T00:37:58+0200,ede4ebfd-4cb0-4b05-bc4d-04fd38aa5047,2026-08-19T20:45:00Z,2026-08-19T22:45:00+0200,0.0,MW,DE,DE_LU,forecast_solar_generation,Solar,2026-08-29T22:40:46Z
2026-08-29T22:37:58Z,2026-08-30T00:37:58+0200,ede4ebfd-4cb0-4b05-bc4d-04fd38aa5047,2026-08-19T21:00:00Z,2026-08-19T23:00:00+0200,0.0,MW,DE,DE_LU,forecast_solar_generation,Solar,2026-08-29T22:40:46Z
2026-08-29T22:37:58Z,2026-08-30T00:37:58+0200,ede4ebfd-4cb0-4b05-bc4d-04fd38aa5047,2026-08-19T21:15:00Z,2026-08-19T23:15:00+0200,0.0,MW,DE,DE_LU,forecast_solar_generation,Solar,2026-08-29T22:40:46Z
2026-08-29T22:37:58Z,2026-08-30T00:37:58+0200,ede4ebfd-4cb0-4b05-bc4d-04fd38aa5047,2026-08-19T21:30:00Z,2026-08-19T23:30:00+0200,0.0,MW,DE,DE_LU,forecast_solar_generation,Solar,2026-08-29T22:40:46Z
2026-08-29T22:37:58Z,2026-08-30T00:37:58+0200,ede4ebfd-4cb0-4b05-bc4d-04fd38aa5047,2026-08-19T21:45:00Z,2026-08-19T23:45:00+0200,0.0,MW,DE,DE_LU,forecast_solar_generation,Solar,2026-08-29T22:40:46Z
2026-08-29T22:37:58Z,2026-08-30T00:37:58+0200,ede4ebfd-4cb0-4b05-bc4d-04fd38aa5047,2026-08-19T22:00:00Z,2026-08-20T00:00:00+0200,0.0,MW,DE,DE_LU,forecast_solar_generation,Solar,2026-08-29T22:40:46Z
2026-08-29T22:37:58Z,2026-08-30T00:37:58+0200,ede4ebfd-4cb0-4b05-bc4d-04fd38aa5047,2026-08-19T22:15:00Z,2026-08-20T00:15:00+0200,0.0,MW,DE,DE_LU,forecast_solar_generation,Solar,2026-08-29T22:40:46Z
2026-08-29T22:37:58Z,2026-08-30T00:37:58+0200,ede4ebfd-4cb0-4b05-bc4d-04fd38aa5047,2026-08-19T22:30:00Z,2026-08-20T00:30:00+0200,0.0,MW,DE,DE_LU,forecast_solar_generation,Solar,2026-08-29T22:40:46Z
2026-08-29T22:37:58Z,2026-08-30T00:37:58+0200,ede4ebfd-4cb0-4b05-bc4d-04fd38aa5047,2026-08-19T22:45:00Z,2026-08-20T00:45:00+0200,0.0,MW,DE,DE_LU,forecast_solar_generation,Solar,2026-08-29T22:40:46Z
2026-08-29T22:37:58Z,2026-08-30T00:37:58+0200,ede4ebfd-4cb0-4b05-bc4d-04fd38aa5047,2026-08-19T23:00:00Z,2026-08-20T01:00:00+0200,0.0,MW,DE,DE_LU,forecast_solar_generation,Solar,2026-08-29T22:40:46Z
2026-08-29T22:37:58Z,2026-08-30T00:37:58+0200,ede4ebfd-4cb0-4b05-bc4d-04fd38aa5047,2026-08-19T23:15:00Z,2026-08-20T01:15:00+0200,0.0,MW,DE,DE_LU,forecast_solar_generation,Solar,2026-08-29T22:40:46Z
2026-08-29T22:37:58Z,2026-08-30T00:37:58+0200,ede4ebfd-4cb0-4b05-bc4d-04fd38aa5047,2026-08-19T23:30:00Z,2026-08-20T01:30:00+0200,0.0,MW,DE,DE_LU,forecast_solar_generation,Solar,2026-08-29T22:40:46Z
2026-08-29T22:37:58Z,2026-08-30T00:37:58+0200,ede4ebfd-4cb0-4b05-bc4d-04fd38aa5047,2026-08-19T23:45:00Z,2026-08-20T01:45:00+0200,0.0,MW,DE,DE_LU,forecast_solar_generation,Solar,2026-08-29T22:40:46Z
2026-08-29T22:37:58Z,2026-08-30T00:37:58+0200,ede4ebfd-4cb0-4b05-bc4d-04fd38aa5047,2026-08-20T00:00:00Z,2026-08-20T02:00:00+0200,0.0,MW,DE,DE_LU,forecast_solar_generation,Solar,2026-08-29T22:40:46Z
2026-08-29T22:37:58Z,2026-08-30T00:37:58+0200,ede4ebfd-4cb0-4b05-bc4d-04fd38aa5047,2026-08-20T00:15:00Z,2026-08-20T02:15:00+0200,0.0,MW,DE,DE_LU,forecast_solar_generation,Solar,2026-08-29T22:40:46Z
2026-08-29T22:37:58Z,2026-08-30T00:37:58+0200,ede4ebfd-4cb0-4b05-bc4d-04fd38aa5047,2026-08-20T00:30:00Z,2026-08-20T02:30:00+0200,0.0,MW,DE,DE_LU,forecast_solar_generation,Solar,2026-08-29T22:40:46Z
2026-08-29T22:37:58Z,2026-08-30T00:37:58+0200,ede4ebfd-4cb0-4b05-bc4d-04fd38aa5047,2026-08-20T00:45:00Z,2026-08-20T02:45:00+0200,0.0,MW,DE,DE_LU,forecast_solar_generation,Solar,2026-08-29T22:40:46Z
2026-08-29T22:37:58Z,2026-08-30T00:37:58+0200,ede4ebfd-4cb0-4b05-bc4d-04fd38aa5047,2026-08-20T01:00:00Z,2026-08-20T03:00:00+0200,0.0,MW,DE,DE_LU,forecast_solar_generation,Solar,2026-08-29T22:40:46Z
2026-08-29T22:37:58Z,2026-08-30T00:37:58+0200,ede4ebfd-4cb0-4b05-bc4d-04fd38aa5047,2026-08-20T01:15:00Z,2026-08-20T03:15:00+0200,0.0,MW,DE,DE_LU,forecast_solar_generation,Solar,2026-08-29T22:40:46Z
2026-08-29T22:37:58Z,2026-08-30T00:37:58+0200,ede4ebfd-4cb0-4b05-bc4d-04fd38aa5047,2026-08-20T01:30:00Z,2026-08-20T03:30:00+0200,0.0,MW,DE,DE_LU,forecast_solar_generation,Solar,2026-08-29T22:40:46Z
2026-08-29T22:37:58Z,2026-08-30T00:37:58+0200,ede4ebfd-4cb0-4b05-bc4d-04fd38aa5047,2026-08-20T01:45:00Z,2026-08-20T03:45:00+0200,0.0,MW,DE,DE_LU,forecast_solar_generation,Solar,2026-08-29T22:40:46Z
2026-08-29T22:37:58Z,2026-08-30T00:37:58+0200,ede4ebfd-4cb0-4b05-bc4d-04fd38aa5047,2026-08-20T02:00:00Z,2026-08-20T04:00:00+0200,0.0,MW,DE,DE_LU,forecast_solar_generation,Solar,2026-08-29T22:40:46Z
2026-08-29T22:37:58Z,2026-08-30T00:37:58+0200,ede4ebfd-4cb0-4b05-bc4d-04fd38aa5047,2026-08-20T02:15:00Z,2026-08-20T04:15:00+0200,0.0,MW,DE,DE_LU,forecast_solar_generation,Solar,2026-08-29T22:40:46Z
2026-08-29T22:37:58Z,2026-08-30T00:37:58+0200,ede4ebfd-4cb0-4b05-bc4d-04fd38aa5047,2026-08-20T02:30:00Z,2026-08-20T04:30:00+0200,0.0,MW,DE,DE_LU,forecast_solar_generation,Solar,2026-08-29T22:40:46Z
2026-08-29T22:37:58Z,2026-08-30T00:37:58+0200,ede4ebfd-4cb0-4b05-bc4d-04fd38aa5047,2026-08-20T02:45:00Z,2026-08-20T04:45:00+0200,0.0,MW,DE,DE_LU,forecast_solar_generation,Solar,2026-08-29T22:40:46Z
2026-08-29T22:37:58Z,2026-08-30T00:37:58+0200,ede4ebfd-4cb0-4b05-bc4d-04fd38aa5047,2026-08-20T03:00:00Z,2026-08-20T05:00:00+0200,0.0,MW,DE,DE_LU,forecast_solar_generation,Solar,2026-08-29T22:40:46Z
2026-08-29T22:37:58Z,2026-08-30T00:37:58+0200,ede4ebfd-4cb0-4b05-bc4d-04fd38aa5047,2026-08-20T03:15:00Z,2026-08-20T05:15:00+0200,0.0,MW,DE,DE_LU,forecast_solar_generation,Solar,2026-08-29T22:40:46Z
2026-08-29T22:37:58Z,2026-08-30T00:37:58+0200,ede4ebfd-4cb0-4b05-bc4d-04fd38aa5047,2026-08-20T03:30:00Z,2026-08-20T05:30:00+0200,0.0,MW,DE,DE_LU,forecast_solar_generation,Solar,2026-08-29T22:40:46Z
2026-08-29T22:37:58Z,2026-08-30T00:37:58+0200,ede4ebfd-4cb0-4b05-bc4d-04fd38aa5047,2026-08-20T03:45:00Z,2026-08-20T05:45:00+0200,0.63,MW,DE,DE_LU,forecast_solar_generation,Solar,2026-08-29T22:40:46Z
2026-08-29T22:37:58Z,2026-08-30T00:37:58+0200,ede4ebfd-4cb0-4b05-bc4d-04fd38aa5047,2026-08-20T04:00:00Z,2026-08-20T06:00:00+0200,60.37483,MW,DE,DE_LU,forecast_solar_generation,Solar,2026-08-29T22:40:46Z
2026-08-29T22:37:58Z,2026-08-30T00:37:58+0200,ede4ebfd-4cb0-4b05-bc4d-04fd38aa5047,2026-08-20T04:15:00Z,2026-08-20T06:15:00+0200,247.08002,MW,DE,DE_LU,forecast_solar_generation,Solar,2026-08-29T22:40:46Z
2026-08-29T22:37:58Z,2026-08-30T00:37:58+0200,ede4ebfd-4cb0-4b05-bc4d-04fd38aa5047,2026-08-20T04:30:00Z,2026-08-20T06:30:00+0200,712.90172,MW,DE,DE_LU,forecast_solar_generation,Solar,2026-08-29T22:40:46Z
2026-08-29T22:37:58Z,2026-08-30T00:37:58+0200,ede4ebfd-4cb0-4b05-bc4d-04fd38aa5047,2026-08-20T04:45:00Z,2026-08-20T06:45:00+0200,1460.28233,MW,DE,DE_LU,forecast_solar_generation,Solar,2026-08-29T22:40:46Z
2026-08-29T22:37:58Z,2026-08-30T00:37:58+0200,ede4ebfd-4cb0-4b05-bc4d-04fd38aa5047,2026-08-20T05:00:00Z,2026-08-20T07:00:00+0200,2532.26265,MW,DE,DE_LU,forecast_solar_generation,Solar,2026-08-29T22:40:46Z
2026-08-29T22:37:58Z,2026-08-30T00:37:58+0200,ede4ebfd-4cb0-4b05-bc4d-04fd38aa5047,2026-08-20T05:15:00Z,2026-08-20T07:15:00+0200,3930.25832,MW,DE,DE_LU,forecast_solar_generation,Solar,2026-08-29T22:40:46Z
2026-08-29T22:37:58Z,2026-08-30T00:37:58+0200,ede4ebfd-4cb0-4b05-bc4d-04fd38aa5047,2026-08-20T05:30:00Z,2026-08-20T07:30:00+0200,5640.94751,MW,DE,DE_LU,forecast_solar_generation,Solar,2026-08-29T22:40:46Z
2026-08-29T22:37:58Z,2026-08-30T00:37:58+0200,ede4ebfd-4cb0-4b05-bc4d-04fd38aa5047,2026-08-20T05:45:00Z,2026-08-20T07:45:00+0200,7580.73802,MW,DE,DE_LU,forecast_solar_generation,Solar,2026-08-29T22:40:46Z
2026-08-29T22:37:58Z,2026-08-30T00:37:58+0200,ede4ebfd-4cb0-4b05-bc4d-04fd38aa5047,2026-08-20T06:00:00Z,2026-08-20T08:00:00+0200,9653.96349,MW,DE,DE_LU,forecast_solar_generation,Solar,2026-08-29T22:40:46Z
2026-08-29T22:37:58Z,2026-08-30T00:37:58+0200,ede4ebfd-4cb0-4b05-bc4d-04fd38aa5047,2026-08-20T06:15:00Z,2026-08-20T08:15:00+0200,11876.38976,MW,DE,DE_LU,forecast_solar_generation,Solar,2026-08-29T22:40:46Z
2026-08-29T22:37:58Z,2026-08-30T00:37:58+0200,ede4ebfd-4cb0-4b05-bc4d-04fd38aa5047,2026-08-20T06:30:00Z,2026-08-20T08:30:00+0200,14186.46265,MW,DE,DE_LU,forecast_solar_generation,Solar,2026-08-29T22:40:46Z
2026-08-29T22:37:58Z,2026-08-30T00:37:58+0200,ede4ebfd-4cb0-4b05-bc4d-04fd38aa5047,2026-08-20T06:45:00Z,2026-08-20T08:45:00+0200,16531.04262,MW,DE,DE_LU,forecast_solar_generation,Solar,2026-08-29T22:40:46Z
2026-08-29T22:37:58Z,2026-08-30T00:37:58+0200,ede4ebfd-4cb0-4b05-bc4d-04fd38aa5047,2026-08-20T07:00:00Z,2026-08-20T09:00:00+0200,18893.37609,MW,DE,DE_LU,forecast_solar_generation,Solar,2026-08-29T22:40:46Z
2026-08-29T22:37:58Z,2026-08-30T00:37:58+0200,ede4ebfd-4cb0-4b05-bc4d-04fd38aa5047,2026-08-20T07:15:00Z,2026-08-20T09:15:00+0200,21248.24465,MW,DE,DE_LU,forecast_solar_generation,Solar,2026-08-29T22:40:46Z
2026-08-29T22:37:58Z,2026-08-30T00:37:58+0200,ede4ebfd-4cb0-4b05-bc4d-04fd38aa5047,2026-08-20T07:30:00Z,2026-08-20T09:30:00+0200,23525.74194,MW,DE,DE_LU,forecast_solar_generation,Solar,2026-08-29T22:40:46Z
2026-08-29T22:37:58Z,2026-08-30T00:37:58+0200,ede4ebfd-4cb0-4b05-bc4d-04fd38aa5047,2026-08-20T07:45:00Z,2026-08-20T09:45:00+0200,25689.23296,MW,DE,DE_LU,forecast_solar_generation,Solar,2026-08-29T22:40:46Z
2026-08-29T22:37:58Z,2026-08-30T00:37:58+0200,ede4ebfd-4cb0-4b05-bc4d-04fd38aa5047,2026-08-20T08:00:00Z,2026-08-20T10:00:00+0200,27745.94229,MW,DE,DE_LU,forecast_solar_generation,Solar,2026-08-29T22:40:46Z
2026-08-29T22:37:58Z,2026-08-30T00:37:58+0200,ede4ebfd-4cb0-4b05-bc4d-04fd38aa5047,2026-08-20T08:15:00Z,2026-08-20T10:15:00+0200,29674.96611,MW,DE,DE_LU,forecast_solar_generation,Solar,2026-08-29T22:40:46Z
2026-08-29T22:37:58Z,2026-08-30T00:37:58+0200,ede4ebfd-4cb0-4b05-bc4d-04fd38aa5047,2026-08-20T08:30:00Z,2026-08-20T10:30:00+0200,31445.40156,MW,DE,DE_LU,forecast_solar_generation,Solar,2026-08-29T22:40:46Z
2026-08-29T22:37:58Z,2026-08-30T00:37:58+0200,ede4ebfd-4cb0-4b05-bc4d-04fd38aa5047,2026-08-20T08:45:00Z,2026-08-20T10:45:00+0200,33074.30563,MW,DE,DE_LU,forecast_solar_generation,Solar,2026-08-29T22:40:46Z
2026-08-29T22:37:58Z,2026-08-30T00:37:58+0200,ede4ebfd-4cb0-4b05-bc4d-04fd38aa5047,2026-08-20T09:00:00Z,2026-08-20T11:00:00+0200,34563.68068,MW,DE,DE_LU,forecast_solar_generation,Solar,2026-08-29T22:40:46Z
2026-08-29T22:37:58Z,2026-08-30T00:37:58+0200,ede4ebfd-4cb0-4b05-bc4d-04fd38aa5047,2026-08-20T09:15:00Z,2026-08-20T11:15:00+0200,35904.37889,MW,DE,DE_LU,forecast_solar_generation,Solar,2026-08-29T22:40:46Z
2026-08-29T22:37:58Z,2026-08-30T00:37:58+0200,ede4ebfd-4cb0-4b05-bc4d-04fd38aa5047,2026-08-20T09:30:00Z,2026-08-20T11:30:00+0200,37007.07268,MW,DE,DE_LU,forecast_solar_generation,Solar,2026-08-29T22:40:46Z
2026-08-29T22:37:58Z,2026-08-30T00:37:58+0200,ede4ebfd-4cb0-4b05-bc4d-04fd38aa5047,2026-08-20T09:45:00Z,2026-08-20T11:45:00+0200,37885.75612,MW,DE,DE_LU,forecast_solar_generation,Solar,2026-08-29T22:40:46Z
2026-08-29T22:37:58Z,2026-08-30T00:37:58+0200,ede4ebfd-4cb0-4b05-bc4d-04fd38aa5047,2026-08-20T10:00:00Z,2026-08-20T12:00:00+0200,38614.228,MW,DE,DE_LU,forecast_solar_generation,Solar,2026-08-29T22:40:46Z
2026-08-29T22:37:58Z,2026-08-30T00:37:58+0200,ede4ebfd-4cb0-4b05-bc4d-04fd38aa5047,2026-08-20T10:15:00Z,2026-08-20T12:15:00+0200,39173.87818,MW,DE,DE_LU,forecast_solar_generation,Solar,2026-08-29T22:40:46Z
2026-08-29T22:37:58Z,2026-08-30T00:37:58+0200,ede4ebfd-4cb0-4b05-bc4d-04fd38aa5047,2026-08-20T10:30:00Z,2026-08-20T12:30:00+0200,39472.49913,MW,DE,DE_LU,forecast_solar_generation,Solar,2026-08-29T22:40:46Z
2026-08-29T22:37:58Z,2026-08-30T00:37:58+0200,ede4ebfd-4cb0-4b05-bc4d-04fd38aa5047,2026-08-20T10:45:00Z,2026-08-20T12:45:00+0200,39558.76071,MW,DE,DE_LU,forecast_solar_generation,Solar,2026-08-29T22:40:46Z
2026-08-29T22:37:58Z,2026-08-30T00:37:58+0200,ede4ebfd-4cb0-4b05-bc4d-04fd38aa5047,2026-08-20T11:00:00Z,2026-08-20T13:00:00+0200,39524.75256,MW,DE,DE_LU,forecast_solar_generation,Solar,2026-08-29T22:40:46Z
2026-08-29T22:37:58Z,2026-08-30T00:37:58+0200,ede4ebfd-4cb0-4b05-bc4d-04fd38aa5047,2026-08-20T11:15:00Z,2026-08-20T13:15:00+0200,39365.47803,MW,DE,DE_LU,forecast_solar_generation,Solar,2026-08-29T22:40:46Z
2026-08-29T22:37:58Z,2026-08-30T00:37:58+0200,ede4ebfd-4cb0-4b05-bc4d-04fd38aa5047,2026-08-20T11:30:00Z,2026-08-20T13:30:00+0200,39041.1625,MW,DE,DE_LU,forecast_solar_generation,Solar,2026-08-29T22:40:46Z
2026-08-29T22:37:58Z,2026-08-30T00:37:58+0200,ede4ebfd-4cb0-4b05-bc4d-04fd38aa5047,2026-08-20T11:45:00Z,2026-08-20T13:45:00+0200,38622.53418,MW,DE,DE_LU,forecast_solar_generation,Solar,2026-08-29T22:40:46Z
2026-08-29T22:37:58Z,2026-08-30T00:37:58+0200,ede4ebfd-4cb0-4b05-bc4d-04fd38aa5047,2026-08-20T12:00:00Z,2026-08-20T14:00:00+0200,38037.86621,MW,DE,DE_LU,forecast_solar_generation,Solar,2026-08-29T22:40:46Z
2026-08-29T22:37:58Z,2026-08-30T00:37:58+0200,ede4ebfd-4cb0-4b05-bc4d-04fd38aa5047,2026-08-20T12:15:00Z,2026-08-20T14:15:00+0200,37297.33465,MW,DE,DE_LU,forecast_solar_generation,Solar,2026-08-29T22:40:46Z
2026-08-29T22:37:58Z,2026-08-30T00:37:58+0200,ede4ebfd-4cb0-4b05-bc4d-04fd38aa5047,2026-08-20T12:30:00Z,2026-08-20T14:30:00+0200,36445.75549,MW,DE,DE_LU,forecast_solar_generation,Solar,2026-08-29T22:40:46Z
2026-08-29T22:37:58Z,2026-08-30T00:37:58+0200,ede4ebfd-4cb0-4b05-bc4d-04fd38aa5047,2026-08-20T12:45:00Z,2026-08-20T14:45:00+0200,35556.94779,MW,DE,DE_LU,forecast_solar_generation,Solar,2026-08-29T22:40:46Z
2026-08-29T22:37:58Z,2026-08-30T00:37:58+0200,ede4ebfd-4cb0-4b05-bc4d-04fd38aa5047,2026-08-20T13:00:00Z,2026-08-20T15:00:00+0200,34530.66868,MW,DE,DE_LU,forecast_solar_generation,Solar,2026-08-29T22:40:46Z
2026-08-29T22:37:58Z,2026-08-30T00:37:58+0200,ede4ebfd-4cb0-4b05-bc4d-04fd38aa5047,2026-08-20T13:15:00Z,2026-08-20T15:15:00+0200,33425.61077,MW,DE,DE_LU,forecast_solar_generation,Solar,2026-08-29T22:40:46Z
2026-08-29T22:37:58Z,2026-08-30T00:37:58+0200,ede4ebfd-4cb0-4b05-bc4d-04fd38aa5047,2026-08-20T13:30:00Z,2026-08-20T15:30:00+0200,32259.02297,MW,DE,DE_LU,forecast_solar_generation,Solar,2026-08-29T22:40:46Z
2026-08-29T22:37:58Z,2026-08-30T00:37:58+0200,ede4ebfd-4cb0-4b05-bc4d-04fd38aa5047,2026-08-20T13:45:00Z,2026-08-20T15:45:00+0200,31030.94153,MW,DE,DE_LU,forecast_solar_generation,Solar,2026-08-29T22:40:46Z
2026-08-29T22:37:58Z,2026-08-30T00:37:58+0200,ede4ebfd-4cb0-4b05-bc4d-04fd38aa5047,2026-08-20T14:00:00Z,2026-08-20T16:00:00+0200,29654.7909,MW,DE,DE_LU,forecast_solar_generation,Solar,2026-08-29T22:40:46Z
2026-08-29T22:37:58Z,2026-08-30T00:37:58+0200,ede4ebfd-4cb0-4b05-bc4d-04fd38aa5047,2026-08-20T14:15:00Z,2026-08-20T16:15:00+0200,28147.12851,MW,DE,DE_LU,forecast_solar_generation,Solar,2026-08-29T22:40:46Z
2026-08-29T22:37:58Z,2026-08-30T00:37:58+0200,ede4ebfd-4cb0-4b05-bc4d-04fd38aa5047,2026-08-20T14:30:00Z,2026-08-20T16:30:00+0200,26494.18058,MW,DE,DE_LU,forecast_solar_generation,Solar,2026-08-29T22:40:46Z
2026-08-29T22:37:58Z,2026-08-30T00:37:58+0200,ede4ebfd-4cb0-4b05-bc4d-04fd38aa5047,2026-08-20T14:45:00Z,2026-08-20T16:45:00+0200,24687.46974,MW,DE,DE_LU,forecast_solar_generation,Solar,2026-08-29T22:40:46Z
2026-08-29T22:37:58Z,2026-08-30T00:37:58+0200,ede4ebfd-4cb0-4b05-bc4d-04fd38aa5047,2026-08-20T15:00:00Z,2026-08-20T17:00:00+0200,22771.35403,MW,DE,DE_LU,forecast_solar_generation,Solar,2026-08-29T22:40:46Z
2026-08-29T22:37:58Z,2026-08-30T00:37:58+0200,ede4ebfd-4cb0-4b05-bc4d-04fd38aa5047,2026-08-20T15:15:00Z,2026-08-20T17:15:00+0200,20721.26264,MW,DE,DE_LU,forecast_solar_generation,Solar,2026-08-29T22:40:46Z
2026-08-29T22:37:58Z,2026-08-30T00:37:58+0200,ede4ebfd-4cb0-4b05-bc4d-04fd38aa5047,2026-08-20T15:30:00Z,2026-08-20T17:30:00+0200,18577.62239,MW,DE,DE_LU,forecast_solar_generation,Solar,2026-08-29T22:40:46Z
2026-08-29T22:37:58Z,2026-08-30T00:37:58+0200,ede4ebfd-4cb0-4b05-bc4d-04fd38aa5047,2026-08-20T15:45:00Z,2026-08-20T17:45:00+0200,16354.54731,MW,DE,DE_LU,forecast_solar_generation,Solar,2026-08-29T22:40:46Z
2026-08-29T22:37:58Z,2026-08-30T00:37:58+0200,ede4ebfd-4cb0-4b05-bc4d-04fd38aa5047,2026-08-20T16:00:00Z,2026-08-20T18:00:00+0200,14097.06944,MW,DE,DE_LU,forecast_solar_generation,Solar,2026-08-29T22:40:46Z
2026-08-29T22:37:58Z,2026-08-30T00:37:58+0200,ede4ebfd-4cb0-4b05-bc4d-04fd38aa5047,2026-08-20T16:15:00Z,2026-08-20T18:15:00+0200,11842.80418,MW,DE,DE_LU,forecast_solar_generation,Solar,2026-08-29T22:40:46Z
2026-08-29T22:37:58Z,2026-08-30T00:37:58+0200,ede4ebfd-4cb0-4b05-bc4d-04fd38aa5047,2026-08-20T16:30:00Z,2026-08-20T18:30:00+0200,9585.76966,MW,DE,DE_LU,forecast_solar_generation,Solar,2026-08-29T22:40:46Z
2026-08-29T22:37:58Z,2026-08-30T00:37:58+0200,ede4ebfd-4cb0-4b05-bc4d-04fd38aa5047,2026-08-20T16:45:00Z,2026-08-20T18:45:00+0200,7415.89971,MW,DE,DE_LU,forecast_solar_generation,Solar,2026-08-29T22:40:46Z
2026-08-29T22:37:58Z,2026-08-30T00:37:58+0200,ede4ebfd-4cb0-4b05-bc4d-04fd38aa5047,2026-08-20T17:00:00Z,2026-08-20T19:00:00+0200,5442.3453,MW,DE,DE_LU,forecast_solar_generation,Solar,2026-08-29T22:40:46Z
2026-08-29T22:37:58Z,2026-08-30T00:37:58+0200,ede4ebfd-4cb0-4b05-bc4d-04fd38aa5047,2026-08-20T17:15:00Z,2026-08-20T19:15:00+0200,3753.9018,MW,DE,DE_LU,forecast_solar_generation,Solar,2026-08-29T22:40:46Z
2026-08-29T22:37:58Z,2026-08-30T00:37:58+0200,ede4ebfd-4cb0-4b05-bc4d-04fd38aa5047,2026-08-20T17:30:00Z,2026-08-20T19:30:00+0200,2395.48483,MW,DE,DE_LU,forecast_solar_generation,Solar,2026-08-29T22:40:46Z
2026-08-29T22:37:58Z,2026-08-30T00:37:58+0200,ede4ebfd-4cb0-4b05-bc4d-04fd38aa5047,2026-08-20T17:45:00Z,2026-08-20T19:45:00+0200,1358.73355,MW,DE,DE_LU,forecast_solar_generation,Solar,2026-08-29T22:40:46Z
2026-08-29T22:37:58Z,2026-08-30T00:37:58+0200,ede4ebfd-4cb0-4b05-bc4d-04fd38aa5047,2026-08-20T18:00:00Z,2026-08-20T20:00:00+0200,613.17396,MW,DE,DE_LU,forecast_solar_generation,Solar,2026-08-29T22:40:46Z
2026-08-29T22:37:58Z,2026-08-30T00:37:58+0200,ede4ebfd-4cb0-4b05-bc4d-04fd38aa5047,2026-08-20T18:15:00Z,2026-08-20T20:15:00+0200,199.43139,MW,DE,DE_LU,forecast_solar_generation,Solar,2026-08-29T22:40:46Z
2026-08-29T22:37:58Z,2026-08-30T00:37:58+0200,ede4ebfd-4cb0-4b05-bc4d-04fd38aa5047,2026-08-20T18:30:00Z,2026-08-20T20:30:00+0200,58.27794,MW,DE,DE_LU,forecast_solar_generation,Solar,2026-08-29T22:40:46Z
2026-08-29T22:37:58Z,2026-08-30T00:37:58+0200,ede4ebfd-4cb0-4b05-bc4d-04fd38aa5047,2026-08-20T18:45:00Z,2026-08-20T20:45:00+0200,23.20211,MW,DE,DE_LU,forecast_solar_generation,Solar,2026-08-29T22:40:46Z
2026-08-29T22:37:58Z,2026-08-30T00:37:58+0200,ede4ebfd-4cb0-4b05-bc4d-04fd38aa5047,2026-08-20T19:00:00Z,2026-08-20T21:00:00+0200,0.0,MW,DE,DE_LU,forecast_solar_generation,Solar,2026-08-29T22:40:46Z
2026-08-29T22:37:58Z,2026-08-30T00:37:58+0200,ede4ebfd-4cb0-4b05-bc4d-04fd38aa5047,2026-08-20T19:15:00Z,2026-08-20T21:15:00+0200,0.0,MW,DE,DE_LU,forecast_solar_generation,Solar,2026-08-29T22:40:46Z
2026-08-29T22:37:58Z,2026-08-30T00:37:58+0200,ede4ebfd-4cb0-4b05-bc4d-04fd38aa5047,2026-08-20T19:30:00Z,2026-08-20T21:30:00+0200,0.0,MW,DE,DE_LU,forecast_solar_generation,Solar,2026-08-29T22:40:46Z
2026-08-29T22:37:58Z,2026-08-30T00:37:58+0200,ede4ebfd-4cb0-4b05-bc4d-04fd38aa5047,2026-08-20T19:45:00Z,2026-08-20T21:45:00+0200,0.0,MW,DE,DE_LU,forecast_solar_generation,Solar,2026-08-29T22:40:46Z
2026-08-29T22:37:58Z,2026-08-30T00:37:58+0200,ede4ebfd-4cb0-4b05-bc4d-04fd38aa5047,2026-08-20T20:00:00Z,2026-08-20T22:00:00+0200,0.0,MW,DE,DE_LU,forecast_solar_generation,Solar,2026-08-29T22:40:46Z
2026-08-29T22:37:58Z,2026-08-30T00:37:58+0200,ede4ebfd-4cb0-4b05-bc4d-04fd38aa5047,2026-08-20T20:15:00Z,2026-08-20T22:15:00+0200,0.0,MW,DE,DE_LU,forecast_solar_generation,Solar,2026-08-29T22:40:46Z
2026-08-29T22:37:58Z,2026-08-30T00:37:58+0200,ede4ebfd-4cb0-4b05-bc4d-04fd38aa5047,2026-08-20T20:30:00Z,2026-08-20T22:30:00+0200,0.0,MW,DE,DE_LU,forecast_solar_generation,Solar,2026-08-29T22:40:46Z
2026-08-29T22:37:58Z,2026-08-30T00:37:58+0200,ede4ebfd-4cb0-4b05-bc4d-04fd38aa5047,2026-08-20T20:45:00Z,2026-08-20T22:45:00+0200,0.0,MW,DE,DE_LU,forecast_solar_generation,Solar,2026-08-29T22:40:46Z
2026-08-29T22:37:58Z,2026-08-30T00:37:58+0200,ede4ebfd-4cb0-4b05-bc4d-04fd38aa5047,2026-08-20T21:00:00Z,2026-08-20T23:00:00+0200,0.0,MW,DE,DE_LU,forecast_solar_generation,Solar,2026-08-29T22:40:46Z
2026-08-29T22:37:58Z,2026-08-30T00:37:58+0200,ede4ebfd-4cb0-4b05-bc4d-04fd38aa5047,2026-08-20T21:15:00Z,2026-08-20T23:15:00+0200,0.0,MW,DE,DE_LU,forecast_solar_generation,Solar,2026-08-29T22:40:46Z
2026-08-29T22:37:58Z,2026-08-30T00:37:58+0200,ede4ebfd-4cb0-4b05-bc4d-04fd38aa5047,2026-08-20T21:30:00Z,2026-08-20T23:30:00+0200,0.0,MW,DE,DE_LU,forecast_solar_generation,Solar,2026-08-29T22:40:46Z
2026-08-29T22:37:58Z,2026-08-30T00:37:58+0200,ede4ebfd-4cb0-4b05-bc4d-04fd38aa5047,2026-08-20T21:45:00Z,2026-08-20T23:45:00+0200,0.0,MW,DE,DE_LU,forecast_solar_generation,Solar,2026-08-29T22:40:46Z
2026-08-29T22:37:58Z,2026-08-30T00:37:58+0200,ede4ebfd-4cb0-4b05-bc4d-04fd38aa5047,2026-08-20T22:00:00Z,2026-08-21T00:00:00+0200,0.0,MW,DE,DE_LU,forecast_solar_generation,Solar,2026-08-29T22:40:46Z
2026-08-29T22:37:58Z,2026-08-30T00:37:58+0200,ede4ebfd-4cb0-4b05-bc4d-04fd38aa5047,2026-08-20T22:15:00Z,2026-08-21T00:15:00+0200,0.0,MW,DE,DE_LU,forecast_solar_generation,Solar,2026-08-29T22:40:46Z
2026-08-29T22:37:58Z,2026-08-30T00:37:58+0200,ede4ebfd-4cb0-4b05-bc4d-04fd38aa5047,2026-08-20T22:30:00Z,2026-08-21T00:30:00+0200,0.0,MW,DE,DE_LU,forecast_solar_generation,Solar,2026-08-29T22:40:46Z
2026-08-29T22:37:58Z,2026-08-30T00:37:58+0200,ede4ebfd-4cb0-4b05-bc4d-04fd38aa5047,2026-08-20T22:45:00Z,2026-08-21T00:45:00+0200,0.0,MW,DE,DE_LU,forecast_solar_generation,Solar,2026-08-29T22:40:46Z
2026-08-29T22:37:58Z,2026-08-30T00:37:58+0200,ede4ebfd-4cb0-4b05-bc4d-04fd38aa5047,2026-08-20T23:00:00Z,2026-08-21T01:00:00+0200,0.0,MW,DE,DE_LU,forecast_solar_generation,Solar,2026-08-29T22:40:46Z
2026-08-29T22:37:58Z,2026-08-30T00:37:58+0200,ede4ebfd-4cb0-4b05-bc4d-04fd38aa5047,2026-08-20T23:15:00Z,2026-08-21T01:15:00+0200,0.0,MW,DE,DE_LU,forecast_solar_generation,Solar,2026-08-29T22:40:46Z
2026-08-29T22:37:58Z,2026-08-30T00:37:58+0200,ede4ebfd-4cb0-4b05-bc4d-04fd38aa5047,2026-08-20T23:30:00Z,2026-08-21T01:30:00+0200,0.0,MW,DE,DE_LU,forecast_solar_generation,Solar,2026-08-29T22:40:46Z
2026-08-29T22:37:58Z,2026-08-30T00:37:58+0200,ede4ebfd-4cb0-4b05-bc4d-04fd38aa5047,2026-08-20T23:45:00Z,2026-08-21T01:45:00+0200,0.0,MW,DE,DE_LU,forecast_solar_generation,Solar,2026-08-29T22:40:46Z
2026-08-29T22:37:58Z,2026-08-30T00:37:58+0200,ede4ebfd-4cb0-4b05-bc4d-04fd38aa5047,2026-08-21T00:00:00Z,2026-08-21T02:00:00+0200,0.0,MW,DE,DE_LU,forecast_solar_generation,Solar,2026-08-29T22:40:46Z
2026-08-29T22:37:58Z,2026-08-30T00:37:58+0200,ede4ebfd-4cb0-4b05-bc4d-04fd38aa5047,2026-08-21T00:15:00Z,2026-08-21T02:15:00+0200,0.0,MW,DE,DE_LU,forecast_solar_generation,Solar,2026-08-29T22:40:46Z
2026-08-29T22:37:58Z,2026-08-30T00:37:58+0200,ede4ebfd-4cb0-4b05-bc4d-04fd38aa5047,2026-08-21T00:30:00Z,2026-08-21T02:30:00+0200,0.0,MW,DE,DE_LU,forecast_solar_generation,Solar,2026-08-29T22:40:46Z
2026-08-29T22:37:58Z,2026-08-30T00:37:58+0200,ede4ebfd-4cb0-4b05-bc4d-04fd38aa5047,2026-08-21T00:45:00Z,2026-08-21T02:45:00+0200,0.0,MW,DE,DE_LU,forecast_solar_generation,Solar,2026-08-29T22:40:46Z
2026-08-29T22:37:58Z,2026-08-30T00:37:58+0200,ede4ebfd-4cb0-4b05-bc4d-04fd38aa5047,2026-08-21T01:00:00Z,2026-08-21T03:00:00+0200,0.0,MW,DE,DE_LU,forecast_solar_generation,Solar,2026-08-29T22:40:46Z
2026-08-29T22:37:58Z,2026-08-30T00:37:58+0200,ede4ebfd-4cb0-4b05-bc4d-04fd38aa5047,2026-08-21T01:15:00Z,2026-08-21T03:15:00+0200,0.0,MW,DE,DE_LU,forecast_solar_generation,Solar,2026-08-29T22:40:46Z
2026-08-29T22:37:58Z,2026-08-30T00:37:58+0200,ede4ebfd-4cb0-4b05-bc4d-04fd38aa5047,2026-08-21T01:30:00Z,2026-08-21T03:30:00+0200,0.0,MW,DE,DE_LU,forecast_solar_generation,Solar,2026-08-29T22:40:46Z
2026-08-29T22:37:58Z,2026-08-30T00:37:58+0200,ede4ebfd-4cb0-4b05-bc4d-04fd38aa5047,2026-08-21T01:45:00Z,2026-08-21T03:45:00+0200,0.0,MW,DE,DE_LU,forecast_solar_generation,Solar,2026-08-29T22:40:46Z
2026-08-29T22:37:58Z,2026-08-30T00:37:58+0200,ede4ebfd-4cb0-4b05-bc4d-04fd38aa5047,2026-08-21T02:00:00Z,2026-08-21T04:00:00+0200,0.0,MW,DE,DE_LU,forecast_solar_generation,Solar,2026-08-29T22:40:46Z
2026-08-29T22:37:58Z,2026-08-30T00:37:58+0200,ede4ebfd-4cb0-4b05-bc4d-04fd38aa5047,2026-08-21T02:15:00Z,2026-08-21T04:15:00+0200,0.0,MW,DE,DE_LU,forecast_solar_generation,Solar,2026-08-29T22:40:46Z
2026-08-29T22:37:58Z,2026-08-30T00:37:58+0200,ede4ebfd-4cb0-4b05-bc4d-04fd38aa5047,2026-08-21T02:30:00Z,2026-08-21T04:30:00+0200,0.0,MW,DE,DE_LU,forecast_solar_generation,Solar,2026-08-29T22:40:46Z
2026-08-29T22:37:58Z,2026-08-30T00:37:58+0200,ede4ebfd-4cb0-4b05-bc4d-04fd38aa5047,2026-08-21T02:45:00Z,2026-08-21T04:45:00+0200,0.0,MW,DE,DE_LU,forecast_solar_generation,Solar,2026-08-29T22:40:46Z
2026-08-29T22:37:58Z,2026-08-30T00:37:58+0200,ede4ebfd-4cb0-4b05-bc4d-04fd38aa5047,2026-08-21T03:00:00Z,2026-08-21T05:00:00+0200,0.0,MW,DE,DE_LU,forecast_solar_generation,Solar,2026-08-29T22:40:46Z
2026-08-29T22:37:58Z,2026-08-30T00:37:58+0200,ede4ebfd-4cb0-4b05-bc4d-04fd38aa5047,2026-08-21T03:15:00Z,2026-08-21T05:15:00+0200,0.0,MW,DE,DE_LU,forecast_solar_generation,Solar,2026-08-29T22:40:46Z
2026-08-29T22:37:58Z,2026-08-30T00:37:58+0200,ede4ebfd-4cb0-4b05-bc4d-04fd38aa5047,2026-08-21T03:30:00Z,2026-08-21T05:30:00+0200,0.0,MW,DE,DE_LU,forecast_solar_generation,Solar,2026-08-29T22:40:46Z
2026-08-29T22:37:58Z,2026-08-30T00:37:58+0200,ede4ebfd-4cb0-4b05-bc4d-04fd38aa5047,2026-08-21T03:45:00Z,2026-08-21T05:45:00+0200,0.48,MW,DE,DE_LU,forecast_solar_generation,Solar,2026-08-29T22:40:46Z
2026-08-29T22:37:58Z,2026-08-30T00:37:58+0200,ede4ebfd-4cb0-4b05-bc4d-04fd38aa5047,2026-08-21T04:00:00Z,2026-08-21T06:00:00+0200,62.60768,MW,DE,DE_LU,forecast_solar_generation,Solar,2026-08-29T22:40:46Z
2026-08-29T22:37:58Z,2026-08-30T00:37:58+0200,ede4ebfd-4cb0-4b05-bc4d-04fd38aa5047,2026-08-21T04:15:00Z,2026-08-21T06:15:00+0200,272.03067,MW,DE,DE_LU,forecast_solar_generation,Solar,2026-08-29T22:40:46Z
2026-08-29T22:37:58Z,2026-08-30T00:37:58+0200,ede4ebfd-4cb0-4b05-bc4d-04fd38aa5047,2026-08-21T04:30:00Z,2026-08-21T06:30:00+0200,778.64028,MW,DE,DE_LU,forecast_solar_generation,Solar,2026-08-29T22:40:46Z
2026-08-29T22:37:58Z,2026-08-30T00:37:58+0200,ede4ebfd-4cb0-4b05-bc4d-04fd38aa5047,2026-08-21T04:45:00Z,2026-08-21T06:45:00+0200,1566.52752,MW,DE,DE_LU,forecast_solar_generation,Solar,2026-08-29T22:40:46Z
2026-08-29T22:37:58Z,2026-08-30T00:37:58+0200,ede4ebfd-4cb0-4b05-bc4d-04fd38aa5047,2026-08-21T05:00:00Z,2026-08-21T07:00:00+0200,2687.75627,MW,DE,DE_LU,forecast_solar_generation,Solar,2026-08-29T22:40:46Z
2026-08-29T22:37:58Z,2026-08-30T00:37:58+0200,ede4ebfd-4cb0-4b05-bc4d-04fd38aa5047,2026-08-21T05:15:00Z,2026-08-21T07:15:00+0200,4193.64274,MW,DE,DE_LU,forecast_solar_generation,Solar,2026-08-29T22:40:46Z
2026-08-29T22:37:58Z,2026-08-30T00:37:58+0200,ede4ebfd-4cb0-4b05-bc4d-04fd38aa5047,2026-08-21T05:30:00Z,2026-08-21T07:30:00+0200,6035.34863,MW,DE,DE_LU,forecast_solar_generation,Solar,2026-08-29T22:40:46Z
2026-08-29T22:37:58Z,2026-08-30T00:37:58+0200,ede4ebfd-4cb0-4b05-bc4d-04fd38aa5047,2026-08-21T05:45:00Z,2026-08-21T07:45:00+0200,8105.02947,MW,DE,DE_LU,forecast_solar_generation,Solar,2026-08-29T22:40:46Z
2026-08-29T22:37:58Z,2026-08-30T00:37:58+0200,ede4ebfd-4cb0-4b05-bc4d-04fd38aa5047,2026-08-21T06:00:00Z,2026-08-21T08:00:00+0200,10279.2896,MW,DE,DE_LU,forecast_solar_generation,Solar,2026-08-29T22:40:46Z
2026-08-29T22:37:58Z,2026-08-30T00:37:58+0200,ede4ebfd-4cb0-4b05-bc4d-04fd38aa5047,2026-08-21T06:15:00Z,2026-08-21T08:15:00+0200,12547.60178,MW,DE,DE_LU,forecast_solar_generation,Solar,2026-08-29T22:40:46Z
2026-08-29T22:37:58Z,2026-08-30T00:37:58+0200,ede4ebfd-4cb0-4b05-bc4d-04fd38aa5047,2026-08-21T06:30:00Z,2026-08-21T08:30:00+0200,14844.76984,MW,DE,DE_LU,forecast_solar_generation,Solar,2026-08-29T22:40:46Z
2026-08-29T22:37:58Z,2026-08-30T00:37:58+0200,ede4ebfd-4cb0-4b05-bc4d-04fd38aa5047,2026-08-21T06:45:00Z,2026-08-21T08:45:00+0200,17133.80228,MW,DE,DE_LU,forecast_solar_generation,Solar,2026-08-29T22:40:46Z
2026-08-29T22:37:58Z,2026-08-30T00:37:58+0200,ede4ebfd-4cb0-4b05-bc4d-04fd38aa5047,2026-08-21T07:00:00Z,2026-08-21T09:00:00+0200,19365.20374,MW,DE,DE_LU,forecast_solar_generation,Solar,2026-08-29T22:40:46Z
2026-08-29T22:37:58Z,2026-08-30T00:37:58+0200,ede4ebfd-4cb0-4b05-bc4d-04fd38aa5047,2026-08-21T07:15:00Z,2026-08-21T09:15:00+0200,21511.26025,MW,DE,DE_LU,forecast_solar_generation,Solar,2026-08-29T22:40:46Z
2026-08-29T22:37:58Z,2026-08-30T00:37:58+0200,ede4ebfd-4cb0-4b05-bc4d-04fd38aa5047,2026-08-21T07:30:00Z,2026-08-21T09:30:00+0200,23481.24651,MW,DE,DE_LU,forecast_solar_generation,Solar,2026-08-29T22:40:46Z
2026-08-29T22:37:58Z,2026-08-30T00:37:58+0200,ede4ebfd-4cb0-4b05-bc4d-04fd38aa5047,2026-08-21T07:45:00Z,2026-08-21T09:45:00+0200,25259.20306,MW,DE,DE_LU,forecast_solar_generation,Solar,2026-08-29T22:40:46Z
2026-08-29T22:37:58Z,2026-08-30T00:37:58+0200,ede4ebfd-4cb0-4b05-bc4d-04fd38aa5047,2026-08-21T08:00:00Z,2026-08-21T10:00:00+0200,26823.31487,MW,DE,DE_LU,forecast_solar_generation,Solar,2026-08-29T22:40:46Z
2026-08-29T22:37:58Z,2026-08-30T00:37:58+0200,ede4ebfd-4cb0-4b05-bc4d-04fd38aa5047,2026-08-21T08:15:00Z,2026-08-21T10:15:00+0200,28187.33942,MW,DE,DE_LU,forecast_solar_generation,Solar,2026-08-29T22:40:46Z
2026-08-29T22:37:58Z,2026-08-30T00:37:58+0200,ede4ebfd-4cb0-4b05-bc4d-04fd38aa5047,2026-08-21T08:30:00Z,2026-08-21T10:30:00+0200,29318.12937,MW,DE,DE_LU,forecast_solar_generation,Solar,2026-08-29T22:40:46Z
2026-08-29T22:37:58Z,2026-08-30T00:37:58+0200,ede4ebfd-4cb0-4b05-bc4d-04fd38aa5047,2026-08-21T08:45:00Z,2026-08-21T10:45:00+0200,30228.1017,MW,DE,DE_LU,forecast_solar_generation,Solar,2026-08-29T22:40:46Z
2026-08-29T22:37:58Z,2026-08-30T00:37:58+0200,ede4ebfd-4cb0-4b05-bc4d-04fd38aa5047,2026-08-21T09:00:00Z,2026-08-21T11:00:00+0200,30954.44459,MW,DE,DE_LU,forecast_solar_generation,Solar,2026-08-29T22:40:46Z
2026-08-29T22:37:58Z,2026-08-30T00:37:58+0200,ede4ebfd-4cb0-4b05-bc4d-04fd38aa5047,2026-08-21T09:15:00Z,2026-08-21T11:15:00+0200,31517.33547,MW,DE,DE_LU,forecast_solar_generation,Solar,2026-08-29T22:40:46Z
2026-08-29T22:37:58Z,2026-08-30T00:37:58+0200,ede4ebfd-4cb0-4b05-bc4d-04fd38aa5047,2026-08-21T09:30:00Z,2026-08-21T11:30:00+0200,31830.02478,MW,DE,DE_LU,forecast_solar_generation,Solar,2026-08-29T22:40:46Z
2026-08-29T22:37:58Z,2026-08-30T00:37:58+0200,ede4ebfd-4cb0-4b05-bc4d-04fd38aa5047,2026-08-21T09:45:00Z,2026-08-21T11:45:00+0200,31939.09841,MW,DE,DE_LU,forecast_solar_generation,Solar,2026-08-29T22:40:46Z
2026-08-29T22:37:58Z,2026-08-30T00:37:58+0200,ede4ebfd-4cb0-4b05-bc4d-04fd38aa5047,2026-08-21T10:00:00Z,2026-08-21T12:00:00+0200,31851.44358,MW,DE,DE_LU,forecast_solar_generation,Solar,2026-08-29T22:40:46Z
2026-08-29T22:37:58Z,2026-08-30T00:37:58+0200,ede4ebfd-4cb0-4b05-bc4d-04fd38aa5047,2026-08-21T10:15:00Z,2026-08-21T12:15:00+0200,31582.49567,MW,DE,DE_LU,forecast_solar_generation,Solar,2026-08-29T22:40:46Z
2026-08-29T22:37:58Z,2026-08-30T00:37:58+0200,ede4ebfd-4cb0-4b05-bc4d-04fd38aa5047,2026-08-21T10:30:00Z,2026-08-21T12:30:00+0200,31107.15509,MW,DE,DE_LU,forecast_solar_generation,Solar,2026-08-29T22:40:46Z
2026-08-29T22:37:58Z,2026-08-30T00:37:58+0200,ede4ebfd-4cb0-4b05-bc4d-04fd38aa5047,2026-08-21T10:45:00Z,2026-08-21T12:45:00+0200,30427.7767,MW,DE,DE_LU,forecast_solar_generation,Solar,2026-08-29T22:40:46Z
2026-08-29T22:37:58Z,2026-08-30T00:37:58+0200,ede4ebfd-4cb0-4b05-bc4d-04fd38aa5047,2026-08-21T11:00:00Z,2026-08-21T13:00:00+0200,29629.72245,MW,DE,DE_LU,forecast_solar_generation,Solar,2026-08-29T22:40:46Z
2026-08-29T22:37:58Z,2026-08-30T00:37:58+0200,ede4ebfd-4cb0-4b05-bc4d-04fd38aa5047,2026-08-21T11:15:00Z,2026-08-21T13:15:00+0200,28752.91958,MW,DE,DE_LU,forecast_solar_generation,Solar,2026-08-29T22:40:46Z
2026-08-29T22:37:58Z,2026-08-30T00:37:58+0200,ede4ebfd-4cb0-4b05-bc4d-04fd38aa5047,2026-08-21T11:30:00Z,2026-08-21T13:30:00+0200,27734.53159,MW,DE,DE_LU,forecast_solar_generation,Solar,2026-08-29T22:40:46Z
2026-08-29T22:37:58Z,2026-08-30T00:37:58+0200,ede4ebfd-4cb0-4b05-bc4d-04fd38aa5047,2026-08-21T11:45:00Z,2026-08-21T13:45:00+0200,26660.7983,MW,DE,DE_LU,forecast_solar_generation,Solar,2026-08-29T22:40:46Z
2026-08-29T22:37:58Z,2026-08-30T00:37:58+0200,ede4ebfd-4cb0-4b05-bc4d-04fd38aa5047,2026-08-21T12:00:00Z,2026-08-21T14:00:00+0200,25532.05358,MW,DE,DE_LU,forecast_solar_generation,Solar,2026-08-29T22:40:46Z
2026-08-29T22:37:58Z,2026-08-30T00:37:58+0200,ede4ebfd-4cb0-4b05-bc4d-04fd38aa5047,2026-08-21T12:15:00Z,2026-08-21T14:15:00+0200,24372.99282,MW,DE,DE_LU,forecast_solar_generation,Solar,2026-08-29T22:40:46Z
2026-08-29T22:37:58Z,2026-08-30T00:37:58+0200,ede4ebfd-4cb0-4b05-bc4d-04fd38aa5047,2026-08-21T12:30:00Z,2026-08-21T14:30:00+0200,23216.47346,MW,DE,DE_LU,forecast_solar_generation,Solar,2026-08-29T22:40:46Z
2026-08-29T22:37:58Z,2026-08-30T00:37:58+0200,ede4ebfd-4cb0-4b05-bc4d-04fd38aa5047,2026-08-21T12:45:00Z,2026-08-21T14:45:00+0200,22059.64654,MW,DE,DE_LU,forecast_solar_generation,Solar,2026-08-29T22:40:46Z
2026-08-29T22:37:58Z,2026-08-30T00:37:58+0200,ede4ebfd-4cb0-4b05-bc4d-04fd38aa5047,2026-08-21T13:00:00Z,2026-08-21T15:00:00+0200,20893.39393,MW,DE,DE_LU,forecast_solar_generation,Solar,2026-08-29T22:40:46Z
2026-08-29T22:37:58Z,2026-08-30T00:37:58+0200,ede4ebfd-4cb0-4b05-bc4d-04fd38aa5047,2026-08-21T13:15:00Z,2026-08-21T15:15:00+0200,19704.30121,MW,DE,DE_LU,forecast_solar_generation,Solar,2026-08-29T22:40:46Z
2026-08-29T22:37:58Z,2026-08-30T00:37:58+0200,ede4ebfd-4cb0-4b05-bc4d-04fd38aa5047,2026-08-21T13:30:00Z,2026-08-21T15:30:00+0200,18550.37739,MW,DE,DE_LU,forecast_solar_generation,Solar,2026-08-29T22:40:46Z
2026-08-29T22:37:58Z,2026-08-30T00:37:58+0200,ede4ebfd-4cb0-4b05-bc4d-04fd38aa5047,2026-08-21T13:45:00Z,2026-08-21T15:45:00+0200,17442.5578,MW,DE,DE_LU,forecast_solar_generation,Solar,2026-08-29T22:40:46Z
2026-08-29T22:37:58Z,2026-08-30T00:37:58+0200,ede4ebfd-4cb0-4b05-bc4d-04fd38aa5047,2026-08-21T14:00:00Z,2026-08-21T16:00:00+0200,16291.53083,MW,DE,DE_LU,forecast_solar_generation,Solar,2026-08-29T22:40:46Z
2026-08-29T22:37:58Z,2026-08-30T00:37:58+0200,ede4ebfd-4cb0-4b05-bc4d-04fd38aa5047,2026-08-21T14:15:00Z,2026-08-21T16:15:00+0200,15110.79055,MW,DE,DE_LU,forecast_solar_generation,Solar,2026-08-29T22:40:46Z
2026-08-29T22:37:58Z,2026-08-30T00:37:58+0200,ede4ebfd-4cb0-4b05-bc4d-04fd38aa5047,2026-08-21T14:30:00Z,2026-08-21T16:30:00+0200,13935.51796,MW,DE,DE_LU,forecast_solar_generation,Solar,2026-08-29T22:40:46Z
2026-08-29T22:37:58Z,2026-08-30T00:37:58+0200,ede4ebfd-4cb0-4b05-bc4d-04fd38aa5047,2026-08-21T14:45:00Z,2026-08-21T16:45:00+0200,12778.84931,MW,DE,DE_LU,forecast_solar_generation,Solar,2026-08-29T22:40:46Z
2026-08-29T22:37:58Z,2026-08-30T00:37:58+0200,ede4ebfd-4cb0-4b05-bc4d-04fd38aa5047,2026-08-21T15:00:00Z,2026-08-21T17:00:00+0200,11593.02225,MW,DE,DE_LU,forecast_solar_generation,Solar,2026-08-29T22:40:46Z
2026-08-29T22:37:58Z,2026-08-30T00:37:58+0200,ede4ebfd-4cb0-4b05-bc4d-04fd38aa5047,2026-08-21T15:15:00Z,2026-08-21T17:15:00+0200,10408.98462,MW,DE,DE_LU,forecast_solar_generation,Solar,2026-08-29T22:40:46Z
2026-08-29T22:37:58Z,2026-08-30T00:37:58+0200,ede4ebfd-4cb0-4b05-bc4d-04fd38aa5047,2026-08-21T15:30:00Z,2026-08-21T17:30:00+0200,9268.32263,MW,DE,DE_LU,forecast_solar_generation,Solar,2026-08-29T22:40:46Z
2026-08-29T22:37:58Z,2026-08-30T00:37:58+0200,ede4ebfd-4cb0-4b05-bc4d-04fd38aa5047,2026-08-21T15:45:00Z,2026-08-21T17:45:00+0200,8172.85372,MW,DE,DE_LU,forecast_solar_generation,Solar,2026-08-29T22:40:46Z
2026-08-29T22:37:58Z,2026-08-30T00:37:58+0200,ede4ebfd-4cb0-4b05-bc4d-04fd38aa5047,2026-08-21T16:00:00Z,2026-08-21T18:00:00+0200,7076.03549,MW,DE,DE_LU,forecast_solar_generation,Solar,2026-08-29T22:40:46Z
2026-08-29T22:37:58Z,2026-08-30T00:37:58+0200,ede4ebfd-4cb0-4b05-bc4d-04fd38aa5047,2026-08-21T16:15:00Z,2026-08-21T18:15:00+0200,6002.37136,MW,DE,DE_LU,forecast_solar_generation,Solar,2026-08-29T22:40:46Z
2026-08-29T22:37:58Z,2026-08-30T00:37:58+0200,ede4ebfd-4cb0-4b05-bc4d-04fd38aa5047,2026-08-21T16:30:00Z,2026-08-21T18:30:00+0200,4955.30214,MW,DE,DE_LU,forecast_solar_generation,Solar,2026-08-29T22:40:46Z
2026-08-29T22:37:58Z,2026-08-30T00:37:58+0200,ede4ebfd-4cb0-4b05-bc4d-04fd38aa5047,2026-08-21T16:45:00Z,2026-08-21T18:45:00+0200,3928.12332,MW,DE,DE_LU,forecast_solar_generation,Solar,2026-08-29T22:40:46Z
2026-08-29T22:37:58Z,2026-08-30T00:37:58+0200,ede4ebfd-4cb0-4b05-bc4d-04fd38aa5047,2026-08-21T17:00:00Z,2026-08-21T19:00:00+0200,2972.09433,MW,DE,DE_LU,forecast_solar_generation,Solar,2026-08-29T22:40:46Z
2026-08-29T22:37:58Z,2026-08-30T00:37:58+0200,ede4ebfd-4cb0-4b05-bc4d-04fd38aa5047,2026-08-21T17:15:00Z,2026-08-21T19:15:00+0200,2104.26173,MW,DE,DE_LU,forecast_solar_generation,Solar,2026-08-29T22:40:46Z
2026-08-29T22:37:58Z,2026-08-30T00:37:58+0200,ede4ebfd-4cb0-4b05-bc4d-04fd38aa5047,2026-08-21T17:30:00Z,2026-08-21T19:30:00+0200,1363.18172,MW,DE,DE_LU,forecast_solar_generation,Solar,2026-08-29T22:40:46Z
2026-08-29T22:37:58Z,2026-08-30T00:37:58+0200,ede4ebfd-4cb0-4b05-bc4d-04fd38aa5047,2026-08-21T17:45:00Z,2026-08-21T19:45:00+0200,785.30609,MW,DE,DE_LU,forecast_solar_generation,Solar,2026-08-29T22:40:46Z
2026-08-29T22:37:58Z,2026-08-30T00:37:58+0200,ede4ebfd-4cb0-4b05-bc4d-04fd38aa5047,2026-08-21T18:00:00Z,2026-08-21T20:00:00+0200,383.33809,MW,DE,DE_LU,forecast_solar_generation,Solar,2026-08-29T22:40:46Z
2026-08-29T22:37:58Z,2026-08-30T00:37:58+0200,ede4ebfd-4cb0-4b05-bc4d-04fd38aa5047,2026-08-21T18:15:00Z,2026-08-21T20:15:00+0200,145.94696,MW,DE,DE_LU,forecast_solar_generation,Solar,2026-08-29T22:40:46Z
2026-08-29T22:37:58Z,2026-08-30T00:37:58+0200,ede4ebfd-4cb0-4b05-bc4d-04fd38aa5047,2026-08-21T18:30:00Z,2026-08-21T20:30:00+0200,48.88149,MW,DE,DE_LU,forecast_solar_generation,Solar,2026-08-29T22:40:46Z
2026-08-29T22:37:58Z,2026-08-30T00:37:58+0200,ede4ebfd-4cb0-4b05-bc4d-04fd38aa5047,2026-08-21T18:45:00Z,2026-08-21T20:45:00+0200,17.76993,MW,DE,DE_LU,forecast_solar_generation,Solar,2026-08-29T22:40:46Z
2026-08-29T22:37:58Z,2026-08-30T00:37:58+0200,ede4ebfd-4cb0-4b05-bc4d-04fd38aa5047,2026-08-21T19:00:00Z,2026-08-21T21:00:00+0200,0.0,MW,DE,DE_LU,forecast_solar_generation,Solar,2026-08-29T22:40:46Z
2026-08-29T22:37:58Z,2026-08-30T00:37:58+0200,ede4ebfd-4cb0-4b05-bc4d-04fd38aa5047,2026-08-21T19:15:00Z,2026-08-21T21:15:00+0200,0.0,MW,DE,DE_LU,forecast_solar_generation,Solar,2026-08-29T22:40:46Z
2026-08-29T22:37:58Z,2026-08-30T00:37:58+0200,ede4ebfd-4cb0-4b05-bc4d-04fd38aa5047,2026-08-21T19:30:00Z,2026-08-21T21:30:00+0200,0.0,MW,DE,DE_LU,forecast_solar_generation,Solar,2026-08-29T22:40:46Z
2026-08-29T22:37:58Z,2026-08-30T00:37:58+0200,ede4ebfd-4cb0-4b05-bc4d-04fd38aa5047,2026-08-21T19:45:00Z,2026-08-21T21:45:00+0200,0.0,MW,DE,DE_LU,forecast_solar_generation,Solar,2026-08-29T22:40:46Z
2026-08-29T22:37:58Z,2026-08-30T00:37:58+0200,ede4ebfd-4cb0-4b05-bc4d-04fd38aa5047,2026-08-21T20:00:00Z,2026-08-21T22:00:00+0200,0.0,MW,DE,DE_LU,forecast_solar_generation,Solar,2026-08-29T22:40:46Z
2026-08-29T22:37:58Z,2026-08-30T00:37:58+0200,ede4ebfd-4cb0-4b05-bc4d-04fd38aa5047,2026-08-21T20:15:00Z,2026-08-21T22:15:00+0200,0.0,MW,DE,DE_LU,forecast_solar_generation,Solar,2026-08-29T22:40:46Z
2026-08-29T22:37:58Z,2026-08-30T00:37:58+0200,ede4ebfd-4cb0-4b05-bc4d-04fd38aa5047,2026-08-21T20:30:00Z,2026-08-21T22:30:00+0200,0.0,MW,DE,DE_LU,forecast_solar_generation,Solar,2026-08-29T22:40:46Z
2026-08-29T22:37:58Z,2026-08-30T00:37:58+0200,ede4ebfd-4cb0-4b05-bc4d-04fd38aa5047,2026-08-21T20:45:00Z,2026-08-21T22:45:00+0200,0.0,MW,DE,DE_LU,forecast_solar_generation,Solar,2026-08-29T22:40:46Z
2026-08-29T22:37:58Z,2026-08-30T00:37:58+0200,ede4ebfd-4cb0-4b05-bc4d-04fd38aa5047,2026-08-21T21:00:00Z,2026-08-21T23:00:00+0200,0.0,MW,DE,DE_LU,forecast_solar_generation,Solar,2026-08-29T22:40:46Z
2026-08-29T22:37:58Z,2026-08-30T00:37:58+0200,ede4ebfd-4cb0-4b05-bc4d-04fd38aa5047,2026-08-21T21:15:00Z,2026-08-21T23:15:00+0200,0.0,MW,DE,DE_LU,forecast_solar_generation,Solar,2026-08-29T22:40:46Z
2026-08-29T22:37:58Z,2026-08-30T00:37:58+0200,ede4ebfd-4cb0-4b05-bc4d-04fd38aa5047,2026-08-21T21:30:00Z,2026-08-21T23:30:00+0200,0.0,MW,DE,DE_LU,forecast_solar_generation,Solar,2026-08-29T22:40:46Z
2026-08-29T22:37:58Z,2026-08-30T00:37:58+0200,ede4ebfd-4cb0-4b05-bc4d-04fd38aa5047,2026-08-21T21:45:00Z,2026-08-21T23:45:00+0200,0.0,MW,DE,DE_LU,forecast_solar_generation,Solar,2026-08-29T22:40:46Z
2026-08-29T22:37:58Z,2026-08-30T00:37:58+0200,ede4ebfd-4cb0-4b05-bc4d-04fd38aa5047,2026-08-21T22:00:00Z,2026-08-22T00:00:00+0200,0.0,MW,DE,DE_LU,forecast_solar_generation,Solar,2026-08-29T22:40:46Z
2026-08-29T22:37:58Z,2026-08-30T00:37:58+0200,ede4ebfd-4cb0-4b05-bc4d-04fd38aa5047,2026-08-21T22:15:00Z,2026-08-22T00:15:00+0200,0.0,MW,DE,DE_LU,forecast_solar_generation,Solar,2026-08-29T22:40:46Z
2026-08-29T22:37:58Z,2026-08-30T00:37:58+0200,ede4ebfd-4cb0-4b05-bc4d-04fd38aa5047,2026-08-21T22:30:00Z,2026-08-22T00:30:00+0200,0.0,MW,DE,DE_LU,forecast_solar_generation,Solar,2026-08-29T22:40:46Z
2026-08-29T22:37:58Z,2026-08-30T00:37:58+0200,ede4ebfd-4cb0-4b05-bc4d-04fd38aa5047,2026-08-21T22:45:00Z,2026-08-22T00:45:00+0200,0.0,MW,DE,DE_LU,forecast_solar_generation,Solar,2026-08-29T22:40:46Z
2026-08-29T22:37:58Z,2026-08-30T00:37:58+0200,ede4ebfd-4cb0-4b05-bc4d-04fd38aa5047,2026-08-21T23:00:00Z,2026-08-22T01:00:00+0200,0.0,MW,DE,DE_LU,forecast_solar_generation,Solar,2026-08-29T22:40:46Z
2026-08-29T22:37:58Z,2026-08-30T00:37:58+0200,ede4ebfd-4cb0-4b05-bc4d-04fd38aa5047,2026-08-21T23:15:00Z,2026-08-22T01:15:00+0200,0.0,MW,DE,DE_LU,forecast_solar_generation,Solar,2026-08-29T22:40:46Z
2026-08-29T22:37:58Z,2026-08-30T00:37:58+0200,ede4ebfd-4cb0-4b05-bc4d-04fd38aa5047,2026-08-21T23:30:00Z,2026-08-22T01:30:00+0200,0.0,MW,DE,DE_LU,forecast_solar_generation,Solar,2026-08-29T22:40:46Z
2026-08-29T22:37:58Z,2026-08-30T00:37:58+0200,ede4ebfd-4cb0-4b05-bc4d-04fd38aa5047,2026-08-21T23:45:00Z,2026-08-22T01:45:00+0200,0.0,MW,DE,DE_LU,forecast_solar_generation,Solar,2026-08-29T22:40:46Z
2026-08-29T22:37:58Z,2026-08-30T00:37:58+0200,ede4ebfd-4cb0-4b05-bc4d-04fd38aa5047,2026-08-22T00:00:00Z,2026-08-22T02:00:00+0200,0.0,MW,DE,DE_LU,forecast_solar_generation,Solar,2026-08-29T22:40:46Z
2026-08-29T22:37:58Z,2026-08-30T00:37:58+0200,ede4ebfd-4cb0-4b05-bc4d-04fd38aa5047,2026-08-22T00:15:00Z,2026-08-22T02:15:00+0200,0.0,MW,DE,DE_LU,forecast_solar_generation,Solar,2026-08-29T22:40:46Z
2026-08-29T22:37:58Z,2026-08-30T00:37:58+0200,ede4ebfd-4cb0-4b05-bc4d-04fd38aa5047,2026-08-22T00:30:00Z,2026-08-22T02:30:00+0200,0.0,MW,DE,DE_LU,forecast_solar_generation,Solar,2026-08-29T22:40:46Z
2026-08-29T22:37:58Z,2026-08-30T00:37:58+0200,ede4ebfd-4cb0-4b05-bc4d-04fd38aa5047,2026-08-22T00:45:00Z,2026-08-22T02:45:00+0200,0.0,MW,DE,DE_LU,forecast_solar_generation,Solar,2026-08-29T22:40:46Z
2026-08-29T22:37:58Z,2026-08-30T00:37:58+0200,ede4ebfd-4cb0-4b05-bc4d-04fd38aa5047,2026-08-22T01:00:00Z,2026-08-22T03:00:00+0200,0.0,MW,DE,DE_LU,forecast_solar_generation,Solar,2026-08-29T22:40:46Z
2026-08-29T22:37:58Z,2026-08-30T00:37:58+0200,ede4ebfd-4cb0-4b05-bc4d-04fd38aa5047,2026-08-22T01:15:00Z,2026-08-22T03:15:00+0200,0.0,MW,DE,DE_LU,forecast_solar_generation,Solar,2026-08-29T22:40:46Z
2026-08-29T22:37:58Z,2026-08-30T00:37:58+0200,ede4ebfd-4cb0-4b05-bc4d-04fd38aa5047,2026-08-22T01:30:00Z,2026-08-22T03:30:00+0200,0.0,MW,DE,DE_LU,forecast_solar_generation,Solar,2026-08-29T22:40:46Z
2026-08-29T22:37:58Z,2026-08-30T00:37:58+0200,ede4ebfd-4cb0-4b05-bc4d-04fd38aa5047,2026-08-22T01:45:00Z,2026-08-22T03:45:00+0200,0.0,MW,DE,DE_LU,forecast_solar_generation,Solar,2026-08-29T22:40:46Z
2026-08-29T22:37:58Z,2026-08-30T00:37:58+0200,ede4ebfd-4cb0-4b05-bc4d-04fd38aa5047,2026-08-22T02:00:00Z,2026-08-22T04:00:00+0200,0.0,MW,DE,DE_LU,forecast_solar_generation,Solar,2026-08-29T22:40:46Z
2026-08-29T22:37:58Z,2026-08-30T00:37:58+0200,ede4ebfd-4cb0-4b05-bc4d-04fd38aa5047,2026-08-22T02:15:00Z,2026-08-22T04:15:00+0200,0.0,MW,DE,DE_LU,forecast_solar_generation,Solar,2026-08-29T22:40:46Z
2026-08-29T22:37:58Z,2026-08-30T00:37:58+0200,ede4ebfd-4cb0-4b05-bc4d-04fd38aa5047,2026-08-22T02:30:00Z,2026-08-22T04:30:00+0200,0.0,MW,DE,DE_LU,forecast_solar_generation,Solar,2026-08-29T22:40:46Z
2026-08-29T22:37:58Z,2026-08-30T00:37:58+0200,ede4ebfd-4cb0-4b05-bc4d-04fd38aa5047,2026-08-22T02:45:00Z,2026-08-22T04:45:00+0200,0.0,MW,DE,DE_LU,forecast_solar_generation,Solar,2026-08-29T22:40:46Z
2026-08-29T22:37:58Z,2026-08-30T00:37:58+0200,ede4ebfd-4cb0-4b05-bc4d-04fd38aa5047,2026-08-22T03:00:00Z,2026-08-22T05:00:00+0200,0.0,MW,DE,DE_LU,forecast_solar_generation,Solar,2026-08-29T22:40:46Z
2026-08-29T22:37:58Z,2026-08-30T00:37:58+0200,ede4ebfd-4cb0-4b05-bc4d-04fd38aa5047,2026-08-22T03:15:00Z,2026-08-22T05:15:00+0200,0.0,MW,DE,DE_LU,forecast_solar_generation,Solar,2026-08-29T22:40:46Z
2026-08-29T22:37:58Z,2026-08-30T00:37:58+0200,ede4ebfd-4cb0-4b05-bc4d-04fd38aa5047,2026-08-22T03:30:00Z,2026-08-22T05:30:00+0200,0.0,MW,DE,DE_LU,forecast_solar_generation,Solar,2026-08-29T22:40:46Z
2026-08-29T22:37:58Z,2026-08-30T00:37:58+0200,ede4ebfd-4cb0-4b05-bc4d-04fd38aa5047,2026-08-22T03:45:00Z,2026-08-22T05:45:00+0200,0.0,MW,DE,DE_LU,forecast_solar_generation,Solar,2026-08-29T22:40:46Z
2026-08-29T22:37:58Z,2026-08-30T00:37:58+0200,ede4ebfd-4cb0-4b05-bc4d-04fd38aa5047,2026-08-22T04:00:00Z,2026-08-22T06:00:00+0200,37.35855,MW,DE,DE_LU,forecast_solar_generation,Solar,2026-08-29T22:40:46Z
2026-08-29T22:37:58Z,2026-08-30T00:37:58+0200,ede4ebfd-4cb0-4b05-bc4d-04fd38aa5047,2026-08-22T04:15:00Z,2026-08-22T06:15:00+0200,155.99579,MW,DE,DE_LU,forecast_solar_generation,Solar,2026-08-29T22:40:46Z
2026-08-29T22:37:58Z,2026-08-30T00:37:58+0200,ede4ebfd-4cb0-4b05-bc4d-04fd38aa5047,2026-08-22T04:30:00Z,2026-08-22T06:30:00+0200,479.22346,MW,DE,DE_LU,forecast_solar_generation,Solar,2026-08-29T22:40:46Z
2026-08-29T22:37:58Z,2026-08-30T00:37:58+0200,ede4ebfd-4cb0-4b05-bc4d-04fd38aa5047,2026-08-22T04:45:00Z,2026-08-22T06:45:00+0200,1072.88086,MW,DE,DE_LU,forecast_solar_generation,Solar,2026-08-29T22:40:46Z
2026-08-29T22:37:58Z,2026-08-30T00:37:58+0200,ede4ebfd-4cb0-4b05-bc4d-04fd38aa5047,2026-08-22T05:00:00Z,2026-08-22T07:00:00+0200,1994.66079,MW,DE,DE_LU,forecast_solar_generation,Solar,2026-08-29T22:40:46Z
2026-08-29T22:37:58Z,2026-08-30T00:37:58+0200,ede4ebfd-4cb0-4b05-bc4d-04fd38aa5047,2026-08-22T05:15:00Z,2026-08-22T07:15:00+0200,3233.9609,MW,DE,DE_LU,forecast_solar_generation,Solar,2026-08-29T22:40:46Z
2026-08-29T22:37:58Z,2026-08-30T00:37:58+0200,ede4ebfd-4cb0-4b05-bc4d-04fd38aa5047,2026-08-22T05:30:00Z,2026-08-22T07:30:00+0200,4721.34074,MW,DE,DE_LU,forecast_solar_generation,Solar,2026-08-29T22:40:46Z
2026-08-29T22:37:58Z,2026-08-30T00:37:58+0200,ede4ebfd-4cb0-4b05-bc4d-04fd38aa5047,2026-08-22T05:45:00Z,2026-08-22T07:45:00+0200,6411.55753,MW,DE,DE_LU,forecast_solar_generation,Solar,2026-08-29T22:40:46Z
2026-08-29T22:37:58Z,2026-08-30T00:37:58+0200,ede4ebfd-4cb0-4b05-bc4d-04fd38aa5047,2026-08-22T06:00:00Z,2026-08-22T08:00:00+0200,8215.28563,MW,DE,DE_LU,forecast_solar_generation,Solar,2026-08-29T22:40:46Z
2026-08-29T22:37:58Z,2026-08-30T00:37:58+0200,ede4ebfd-4cb0-4b05-bc4d-04fd38aa5047,2026-08-22T06:15:00Z,2026-08-22T08:15:00+0200,10131.58211,MW,DE,DE_LU,forecast_solar_generation,Solar,2026-08-29T22:40:46Z
2026-08-29T22:37:58Z,2026-08-30T00:37:58+0200,ede4ebfd-4cb0-4b05-bc4d-04fd38aa5047,2026-08-22T06:30:00Z,2026-08-22T08:30:00+0200,12150.77907,MW,DE,DE_LU,forecast_solar_generation,Solar,2026-08-29T22:40:46Z
2026-08-29T22:37:58Z,2026-08-30T00:37:58+0200,ede4ebfd-4cb0-4b05-bc4d-04fd38aa5047,2026-08-22T06:45:00Z,2026-08-22T08:45:00+0200,14206.44611,MW,DE,DE_LU,forecast_solar_generation,Solar,2026-08-29T22:40:46Z
2026-08-29T22:37:58Z,2026-08-30T00:37:58+0200,ede4ebfd-4cb0-4b05-bc4d-04fd38aa5047,2026-08-22T07:00:00Z,2026-08-22T09:00:00+0200,16311.10965,MW,DE,DE_LU,forecast_solar_generation,Solar,2026-08-29T22:40:46Z
2026-08-29T22:37:58Z,2026-08-30T00:37:58+0200,ede4ebfd-4cb0-4b05-bc4d-04fd38aa5047,2026-08-22T07:15:00Z,2026-08-22T09:15:00+0200,18431.00665,MW,DE,DE_LU,forecast_solar_generation,Solar,2026-08-29T22:40:46Z
2026-08-29T22:37:58Z,2026-08-30T00:37:58+0200,ede4ebfd-4cb0-4b05-bc4d-04fd38aa5047,2026-08-22T07:30:00Z,2026-08-22T09:30:00+0200,20498.9119,MW,DE,DE_LU,forecast_solar_generation,Solar,2026-08-29T22:40:46Z
2026-08-29T22:37:58Z,2026-08-30T00:37:58+0200,ede4ebfd-4cb0-4b05-bc4d-04fd38aa5047,2026-08-22T07:45:00Z,2026-08-22T09:45:00+0200,22500.76652,MW,DE,DE_LU,forecast_solar_generation,Solar,2026-08-29T22:40:46Z
2026-08-29T22:37:58Z,2026-08-30T00:37:58+0200,ede4ebfd-4cb0-4b05-bc4d-04fd38aa5047,2026-08-22T08:00:00Z,2026-08-22T10:00:00+0200,24362.8628,MW,DE,DE_LU,forecast_solar_generation,Solar,2026-08-29T22:40:46Z
2026-08-29T22:37:58Z,2026-08-30T00:37:58+0200,ede4ebfd-4cb0-4b05-bc4d-04fd38aa5047,2026-08-22T08:15:00Z,2026-08-22T10:15:00+0200,26105.53591,MW,DE,DE_LU,forecast_solar_generation,Solar,2026-08-29T22:40:46Z
2026-08-29T22:37:58Z,2026-08-30T00:37:58+0200,ede4ebfd-4cb0-4b05-bc4d-04fd38aa5047,2026-08-22T08:30:00Z,2026-08-22T10:30:00+0200,27665.51231,MW,DE,DE_LU,forecast_solar_generation,Solar,2026-08-29T22:40:46Z
2026-08-29T22:37:58Z,2026-08-30T00:37:58+0200,ede4ebfd-4cb0-4b05-bc4d-04fd38aa5047,2026-08-22T08:45:00Z,2026-08-22T10:45:00+0200,29051.4847,MW,DE,DE_LU,forecast_solar_generation,Solar,2026-08-29T22:40:46Z
2026-08-29T22:37:58Z,2026-08-30T00:37:58+0200,ede4ebfd-4cb0-4b05-bc4d-04fd38aa5047,2026-08-22T09:00:00Z,2026-08-22T11:00:00+0200,30302.83485,MW,DE,DE_LU,forecast_solar_generation,Solar,2026-08-29T22:40:46Z
2026-08-29T22:37:58Z,2026-08-30T00:37:58+0200,ede4ebfd-4cb0-4b05-bc4d-04fd38aa5047,2026-08-22T09:15:00Z,2026-08-22T11:15:00+0200,31460.155,MW,DE,DE_LU,forecast_solar_generation,Solar,2026-08-29T22:40:46Z
2026-08-29T22:37:58Z,2026-08-30T00:37:58+0200,ede4ebfd-4cb0-4b05-bc4d-04fd38aa5047,2026-08-22T09:30:00Z,2026-08-22T11:30:00+0200,32446.12416,MW,DE,DE_LU,forecast_solar_generation,Solar,2026-08-29T22:40:46Z
2026-08-29T22:37:58Z,2026-08-30T00:37:58+0200,ede4ebfd-4cb0-4b05-bc4d-04fd38aa5047,2026-08-22T09:45:00Z,2026-08-22T11:45:00+0200,33296.75558,MW,DE,DE_LU,forecast_solar_generation,Solar,2026-08-29T22:40:46Z
2026-08-29T22:37:58Z,2026-08-30T00:37:58+0200,ede4ebfd-4cb0-4b05-bc4d-04fd38aa5047,2026-08-22T10:00:00Z,2026-08-22T12:00:00+0200,34027.1712,MW,DE,DE_LU,forecast_solar_generation,Solar,2026-08-29T22:40:46Z
2026-08-29T22:37:58Z,2026-08-30T00:37:58+0200,ede4ebfd-4cb0-4b05-bc4d-04fd38aa5047,2026-08-22T10:15:00Z,2026-08-22T12:15:00+0200,34597.3757,MW,DE,DE_LU,forecast_solar_generation,Solar,2026-08-29T22:40:46Z
2026-08-29T22:37:58Z,2026-08-30T00:37:58+0200,ede4ebfd-4cb0-4b05-bc4d-04fd38aa5047,2026-08-22T10:30:00Z,2026-08-22T12:30:00+0200,35035.58799,MW,DE,DE_LU,forecast_solar_generation,Solar,2026-08-29T22:40:46Z
2026-08-29T22:37:58Z,2026-08-30T00:37:58+0200,ede4ebfd-4cb0-4b05-bc4d-04fd38aa5047,2026-08-22T10:45:00Z,2026-08-22T12:45:00+0200,35389.06555,MW,DE,DE_LU,forecast_solar_generation,Solar,2026-08-29T22:40:46Z
2026-08-29T22:37:58Z,2026-08-30T00:37:58+0200,ede4ebfd-4cb0-4b05-bc4d-04fd38aa5047,2026-08-22T11:00:00Z,2026-08-22T13:00:00+0200,35663.50267,MW,DE,DE_LU,forecast_solar_generation,Solar,2026-08-29T22:40:46Z
2026-08-29T22:37:58Z,2026-08-30T00:37:58+0200,ede4ebfd-4cb0-4b05-bc4d-04fd38aa5047,2026-08-22T11:15:00Z,2026-08-22T13:15:00+0200,35879.2932,MW,DE,DE_LU,forecast_solar_generation,Solar,2026-08-29T22:40:46Z
2026-08-29T22:37:58Z,2026-08-30T00:37:58+0200,ede4ebfd-4cb0-4b05-bc4d-04fd38aa5047,2026-08-22T11:30:00Z,2026-08-22T13:30:00+0200,35984.71116,MW,DE,DE_LU,forecast_solar_generation,Solar,2026-08-29T22:40:46Z
2026-08-29T22:37:58Z,2026-08-30T00:37:58+0200,ede4ebfd-4cb0-4b05-bc4d-04fd38aa5047,2026-08-22T11:45:00Z,2026-08-22T13:45:00+0200,36027.61809,MW,DE,DE_LU,forecast_solar_generation,Solar,2026-08-29T22:40:46Z
2026-08-29T22:37:58Z,2026-08-30T00:37:58+0200,ede4ebfd-4cb0-4b05-bc4d-04fd38aa5047,2026-08-22T12:00:00Z,2026-08-22T14:00:00+0200,35962.93888,MW,DE,DE_LU,forecast_solar_generation,Solar,2026-08-29T22:40:46Z
2026-08-29T22:37:58Z,2026-08-30T00:37:58+0200,ede4ebfd-4cb0-4b05-bc4d-04fd38aa5047,2026-08-22T12:15:00Z,2026-08-22T14:15:00+0200,35795.73333,MW,DE,DE_LU,forecast_solar_generation,Solar,2026-08-29T22:40:46Z
2026-08-29T22:37:58Z,2026-08-30T00:37:58+0200,ede4ebfd-4cb0-4b05-bc4d-04fd38aa5047,2026-08-22T12:30:00Z,2026-08-22T14:30:00+0200,35540.32827,MW,DE,DE_LU,forecast_solar_generation,Solar,2026-08-29T22:40:46Z
2026-08-29T22:37:58Z,2026-08-30T00:37:58+0200,ede4ebfd-4cb0-4b05-bc4d-04fd38aa5047,2026-08-22T12:45:00Z,2026-08-22T14:45:00+0200,35200.56801,MW,DE,DE_LU,forecast_solar_generation,Solar,2026-08-29T22:40:46Z
2026-08-29T22:37:58Z,2026-08-30T00:37:58+0200,ede4ebfd-4cb0-4b05-bc4d-04fd38aa5047,2026-08-22T13:00:00Z,2026-08-22T15:00:00+0200,34685.08323,MW,DE,DE_LU,forecast_solar_generation,Solar,2026-08-29T22:40:46Z
2026-08-29T22:37:58Z,2026-08-30T00:37:58+0200,ede4ebfd-4cb0-4b05-bc4d-04fd38aa5047,2026-08-22T13:15:00Z,2026-08-22T15:15:00+0200,34040.78415,MW,DE,DE_LU,forecast_solar_generation,Solar,2026-08-29T22:40:46Z
2026-08-29T22:37:58Z,2026-08-30T00:37:58+0200,ede4ebfd-4cb0-4b05-bc4d-04fd38aa5047,2026-08-22T13:30:00Z,2026-08-22T15:30:00+0200,33186.3209,MW,DE,DE_LU,forecast_solar_generation,Solar,2026-08-29T22:40:46Z
2026-08-29T22:37:58Z,2026-08-30T00:37:58+0200,ede4ebfd-4cb0-4b05-bc4d-04fd38aa5047,2026-08-22T13:45:00Z,2026-08-22T15:45:00+0200,32141.59073,MW,DE,DE_LU,forecast_solar_generation,Solar,2026-08-29T22:40:46Z
2026-08-29T22:37:58Z,2026-08-30T00:37:58+0200,ede4ebfd-4cb0-4b05-bc4d-04fd38aa5047,2026-08-22T14:00:00Z,2026-08-22T16:00:00+0200,30945.24342,MW,DE,DE_LU,forecast_solar_generation,Solar,2026-08-29T22:40:46Z
2026-08-29T22:37:58Z,2026-08-30T00:37:58+0200,ede4ebfd-4cb0-4b05-bc4d-04fd38aa5047,2026-08-22T14:15:00Z,2026-08-22T16:15:00+0200,29587.30789,MW,DE,DE_LU,forecast_solar_generation,Solar,2026-08-29T22:40:46Z
2026-08-29T22:37:58Z,2026-08-30T00:37:58+0200,ede4ebfd-4cb0-4b05-bc4d-04fd38aa5047,2026-08-22T14:30:00Z,2026-08-22T16:30:00+0200,28098.13182,MW,DE,DE_LU,forecast_solar_generation,Solar,2026-08-29T22:40:46Z
2026-08-29T22:37:58Z,2026-08-30T00:37:58+0200,ede4ebfd-4cb0-4b05-bc4d-04fd38aa5047,2026-08-22T14:45:00Z,2026-08-22T16:45:00+0200,26443.74581,MW,DE,DE_LU,forecast_solar_generation,Solar,2026-08-29T22:40:46Z
2026-08-29T22:37:58Z,2026-08-30T00:37:58+0200,ede4ebfd-4cb0-4b05-bc4d-04fd38aa5047,2026-08-22T15:00:00Z,2026-08-22T17:00:00+0200,24554.90227,MW,DE,DE_LU,forecast_solar_generation,Solar,2026-08-29T22:40:46Z
2026-08-29T22:37:58Z,2026-08-30T00:37:58+0200,ede4ebfd-4cb0-4b05-bc4d-04fd38aa5047,2026-08-22T15:15:00Z,2026-08-22T17:15:00+0200,22474.84637,MW,DE,DE_LU,forecast_solar_generation,Solar,2026-08-29T22:40:46Z
2026-08-29T22:37:58Z,2026-08-30T00:37:58+0200,ede4ebfd-4cb0-4b05-bc4d-04fd38aa5047,2026-08-22T15:30:00Z,2026-08-22T17:30:00+0200,20244.6586,MW,DE,DE_LU,forecast_solar_generation,Solar,2026-08-29T22:40:46Z
2026-08-29T22:37:58Z,2026-08-30T00:37:58+0200,ede4ebfd-4cb0-4b05-bc4d-04fd38aa5047,2026-08-22T15:45:00Z,2026-08-22T17:45:00+0200,17894.45221,MW,DE,DE_LU,forecast_solar_generation,Solar,2026-08-29T22:40:46Z
2026-08-29T22:37:58Z,2026-08-30T00:37:58+0200,ede4ebfd-4cb0-4b05-bc4d-04fd38aa5047,2026-08-22T16:00:00Z,2026-08-22T18:00:00+0200,15450.01521,MW,DE,DE_LU,forecast_solar_generation,Solar,2026-08-29T22:40:46Z
2026-08-29T22:37:58Z,2026-08-30T00:37:58+0200,ede4ebfd-4cb0-4b05-bc4d-04fd38aa5047,2026-08-22T16:15:00Z,2026-08-22T18:15:00+0200,12968.50189,MW,DE,DE_LU,forecast_solar_generation,Solar,2026-08-29T22:40:46Z
2026-08-29T22:37:58Z,2026-08-30T00:37:58+0200,ede4ebfd-4cb0-4b05-bc4d-04fd38aa5047,2026-08-22T16:30:00Z,2026-08-22T18:30:00+0200,10452.71896,MW,DE,DE_LU,forecast_solar_generation,Solar,2026-08-29T22:40:46Z
2026-08-29T22:37:58Z,2026-08-30T00:37:58+0200,ede4ebfd-4cb0-4b05-bc4d-04fd38aa5047,2026-08-22T16:45:00Z,2026-08-22T18:45:00+0200,8034.08455,MW,DE,DE_LU,forecast_solar_generation,Solar,2026-08-29T22:40:46Z
2026-08-29T22:37:58Z,2026-08-30T00:37:58+0200,ede4ebfd-4cb0-4b05-bc4d-04fd38aa5047,2026-08-22T17:00:00Z,2026-08-22T19:00:00+0200,5847.31949,MW,DE,DE_LU,forecast_solar_generation,Solar,2026-08-29T22:40:46Z
2026-08-29T22:37:58Z,2026-08-30T00:37:58+0200,ede4ebfd-4cb0-4b05-bc4d-04fd38aa5047,2026-08-22T17:15:00Z,2026-08-22T19:15:00+0200,3959.56565,MW,DE,DE_LU,forecast_solar_generation,Solar,2026-08-29T22:40:46Z
2026-08-29T22:37:58Z,2026-08-30T00:37:58+0200,ede4ebfd-4cb0-4b05-bc4d-04fd38aa5047,2026-08-22T17:30:00Z,2026-08-22T19:30:00+0200,2447.42561,MW,DE,DE_LU,forecast_solar_generation,Solar,2026-08-29T22:40:46Z
2026-08-29T22:37:58Z,2026-08-30T00:37:58+0200,ede4ebfd-4cb0-4b05-bc4d-04fd38aa5047,2026-08-22T17:45:00Z,2026-08-22T19:45:00+0200,1275.01918,MW,DE,DE_LU,forecast_solar_generation,Solar,2026-08-29T22:40:46Z
2026-08-29T22:37:58Z,2026-08-30T00:37:58+0200,ede4ebfd-4cb0-4b05-bc4d-04fd38aa5047,2026-08-22T18:00:00Z,2026-08-22T20:00:00+0200,478.99072,MW,DE,DE_LU,forecast_solar_generation,Solar,2026-08-29T22:40:46Z
2026-08-29T22:37:58Z,2026-08-30T00:37:58+0200,ede4ebfd-4cb0-4b05-bc4d-04fd38aa5047,2026-08-22T18:15:00Z,2026-08-22T20:15:00+0200,133.26749,MW,DE,DE_LU,forecast_solar_generation,Solar,2026-08-29T22:40:46Z
2026-08-29T22:37:58Z,2026-08-30T00:37:58+0200,ede4ebfd-4cb0-4b05-bc4d-04fd38aa5047,2026-08-22T18:30:00Z,2026-08-22T20:30:00+0200,37.92473,MW,DE,DE_LU,forecast_solar_generation,Solar,2026-08-29T22:40:46Z
2026-08-29T22:37:58Z,2026-08-30T00:37:58+0200,ede4ebfd-4cb0-4b05-bc4d-04fd38aa5047,2026-08-22T18:45:00Z,2026-08-22T20:45:00+0200,0.848,MW,DE,DE_LU,forecast_solar_generation,Solar,2026-08-29T22:40:46Z
2026-08-29T22:37:58Z,2026-08-30T00:37:58+0200,ede4ebfd-4cb0-4b05-bc4d-04fd38aa5047,2026-08-22T19:00:00Z,2026-08-22T21:00:00+0200,0.0,MW,DE,DE_LU,forecast_solar_generation,Solar,2026-08-29T22:40:46Z
2026-08-29T22:37:58Z,2026-08-30T00:37:58+0200,ede4ebfd-4cb0-4b05-bc4d-04fd38aa5047,2026-08-22T19:15:00Z,2026-08-22T21:15:00+0200,0.0,MW,DE,DE_LU,forecast_solar_generation,Solar,2026-08-29T22:40:46Z
2026-08-29T22:37:58Z,2026-08-30T00:37:58+0200,ede4ebfd-4cb0-4b05-bc4d-04fd38aa5047,2026-08-22T19:30:00Z,2026-08-22T21:30:00+0200,0.0,MW,DE,DE_LU,forecast_solar_generation,Solar,2026-08-29T22:40:46Z
2026-08-29T22:37:58Z,2026-08-30T00:37:58+0200,ede4ebfd-4cb0-4b05-bc4d-04fd38aa5047,2026-08-22T19:45:00Z,2026-08-22T21:45:00+0200,0.0,MW,DE,DE_LU,forecast_solar_generation,Solar,2026-08-29T22:40:46Z
2026-08-29T22:37:58Z,2026-08-30T00:37:58+0200,ede4ebfd-4cb0-4b05-bc4d-04fd38aa5047,2026-08-22T20:00:00Z,2026-08-22T22:00:00+0200,0.0,MW,DE,DE_LU,forecast_solar_generation,Solar,2026-08-29T22:40:46Z
2026-08-29T22:37:58Z,2026-08-30T00:37:58+0200,ede4ebfd-4cb0-4b05-bc4d-04fd38aa5047,2026-08-22T20:15:00Z,2026-08-22T22:15:00+0200,0.0,MW,DE,DE_LU,forecast_solar_generation,Solar,2026-08-29T22:40:46Z
2026-08-29T22:37:58Z,2026-08-30T00:37:58+0200,ede4ebfd-4cb0-4b05-bc4d-04fd38aa5047,2026-08-22T20:30:00Z,2026-08-22T22:30:00+0200,0.0,MW,DE,DE_LU,forecast_solar_generation,Solar,2026-08-29T22:40:46Z
2026-08-29T22:37:58Z,2026-08-30T00:37:58+0200,ede4ebfd-4cb0-4b05-bc4d-04fd38aa5047,2026-08-22T20:45:00Z,2026-08-22T22:45:00+0200,0.0,MW,DE,DE_LU,forecast_solar_generation,Solar,2026-08-29T22:40:46Z
2026-08-29T22:37:58Z,2026-08-30T00:37:58+0200,ede4ebfd-4cb0-4b05-bc4d-04fd38aa5047,2026-08-22T21:00:00Z,2026-08-22T23:00:00+0200,0.0,MW,DE,DE_LU,forecast_solar_generation,Solar,2026-08-29T22:40:46Z
2026-08-29T22:37:58Z,2026-08-30T00:37:58+0200,ede4ebfd-4cb0-4b05-bc4d-04fd38aa5047,2026-08-22T21:15:00Z,2026-08-22T23:15:00+0200,0.0,MW,DE,DE_LU,forecast_solar_generation,Solar,2026-08-29T22:40:46Z
2026-08-29T22:37:58Z,2026-08-30T00:37:58+0200,ede4ebfd-4cb0-4b05-bc4d-04fd38aa5047,2026-08-22T21:30:00Z,2026-08-22T23:30:00+0200,0.0,MW,DE,DE_LU,forecast_solar_generation,Solar,2026-08-29T22:40:46Z
2026-08-29T22:37:58Z,2026-08-30T00:37:58+0200,ede4ebfd-4cb0-4b05-bc4d-04fd38aa5047,2026-08-22T21:45:00Z,2026-08-22T23:45:00+0200,0.0,MW,DE,DE_LU,forecast_solar_generation,Solar,2026-08-29T22:40:46Z
2026-08-29T22:37:58Z,2026-08-30T00:37:58+0200,ede4ebfd-4cb0-4b05-bc4d-04fd38aa5047,2026-08-22T22:00:00Z,2026-08-23T00:00:00+0200,0.0,MW,DE,DE_LU,forecast_solar_generation,Solar,2026-08-29T22:40:46Z
2026-08-29T22:37:58Z,2026-08-30T00:37:58+0200,ede4ebfd-4cb0-4b05-bc4d-04fd38aa5047,2026-08-22T22:15:00Z,2026-08-23T00:15:00+0200,0.0,MW,DE,DE_LU,forecast_solar_generation,Solar,2026-08-29T22:40:46Z
2026-08-29T22:37:58Z,2026-08-30T00:37:58+0200,ede4ebfd-4cb0-4b05-bc4d-04fd38aa5047,2026-08-22T22:30:00Z,2026-08-23T00:30:00+0200,0.0,MW,DE,DE_LU,forecast_solar_generation,Solar,2026-08-29T22:40:46Z
2026-08-29T22:37:58Z,2026-08-30T00:37:58+0200,ede4ebfd-4cb0-4b05-bc4d-04fd38aa5047,2026-08-22T22:45:00Z,2026-08-23T00:45:00+0200,0.0,MW,DE,DE_LU,forecast_solar_generation,Solar,2026-08-29T22:40:46Z
2026-08-29T22:37:58Z,2026-08-30T00:37:58+0200,ede4ebfd-4cb0-4b05-bc4d-04fd38aa5047,2026-08-22T23:00:00Z,2026-08-23T01:00:00+0200,0.0,MW,DE,DE_LU,forecast_solar_generation,Solar,2026-08-29T22:40:46Z
2026-08-29T22:37:58Z,2026-08-30T00:37:58+0200,ede4ebfd-4cb0-4b05-bc4d-04fd38aa5047,2026-08-22T23:15:00Z,2026-08-23T01:15:00+0200,0.0,MW,DE,DE_LU,forecast_solar_generation,Solar,2026-08-29T22:40:46Z
2026-08-29T22:37:58Z,2026-08-30T00:37:58+0200,ede4ebfd-4cb0-4b05-bc4d-04fd38aa5047,2026-08-22T23:30:00Z,2026-08-23T01:30:00+0200,0.0,MW,DE,DE_LU,forecast_solar_generation,Solar,2026-08-29T22:40:46Z
2026-08-29T22:37:58Z,2026-08-30T00:37:58+0200,ede4ebfd-4cb0-4b05-bc4d-04fd38aa5047,2026-08-22T23:45:00Z,2026-08-23T01:45:00+0200,0.0,MW,DE,DE_LU,forecast_solar_generation,Solar,2026-08-29T22:40:46Z
2026-08-29T22:37:58Z,2026-08-30T00:37:58+0200,ede4ebfd-4cb0-4b05-bc4d-04fd38aa5047,2026-08-23T00:00:00Z,2026-08-23T02:00:00+0200,0.0,MW,DE,DE_LU,forecast_solar_generation,Solar,2026-08-29T22:40:46Z
2026-08-29T22:37:58Z,2026-08-30T00:37:58+0200,ede4ebfd-4cb0-4b05-bc4d-04fd38aa5047,2026-08-23T00:15:00Z,2026-08-23T02:15:00+0200,0.0,MW,DE,DE_LU,forecast_solar_generation,Solar,2026-08-29T22:40:46Z
2026-08-29T22:37:58Z,2026-08-30T00:37:58+0200,ede4ebfd-4cb0-4b05-bc4d-04fd38aa5047,2026-08-23T00:30:00Z,2026-08-23T02:30:00+0200,0.0,MW,DE,DE_LU,forecast_solar_generation,Solar,2026-08-29T22:40:46Z
2026-08-29T22:37:58Z,2026-08-30T00:37:58+0200,ede4ebfd-4cb0-4b05-bc4d-04fd38aa5047,2026-08-23T00:45:00Z,2026-08-23T02:45:00+0200,0.0,MW,DE,DE_LU,forecast_solar_generation,Solar,2026-08-29T22:40:46Z
2026-08-29T22:37:58Z,2026-08-30T00:37:58+0200,ede4ebfd-4cb0-4b05-bc4d-04fd38aa5047,2026-08-23T01:00:00Z,2026-08-23T03:00:00+0200,0.0,MW,DE,DE_LU,forecast_solar_generation,Solar,2026-08-29T22:40:46Z
2026-08-29T22:37:58Z,2026-08-30T00:37:58+0200,ede4ebfd-4cb0-4b05-bc4d-04fd38aa5047,2026-08-23T01:15:00Z,2026-08-23T03:15:00+0200,0.0,MW,DE,DE_LU,forecast_solar_generation,Solar,2026-08-29T22:40:46Z
2026-08-29T22:37:58Z,2026-08-30T00:37:58+0200,ede4ebfd-4cb0-4b05-bc4d-04fd38aa5047,2026-08-23T01:30:00Z,2026-08-23T03:30:00+0200,0.0,MW,DE,DE_LU,forecast_solar_generation,Solar,2026-08-29T22:40:46Z
2026-08-29T22:37:58Z,2026-08-30T00:37:58+0200,ede4ebfd-4cb0-4b05-bc4d-04fd38aa5047,2026-08-23T01:45:00Z,2026-08-23T03:45:00+0200,0.0,MW,DE,DE_LU,forecast_solar_generation,Solar,2026-08-29T22:40:46Z
2026-08-29T22:37:58Z,2026-08-30T00:37:58+0200,ede4ebfd-4cb0-4b05-bc4d-04fd38aa5047,2026-08-23T02:00:00Z,2026-08-23T04:00:00+0200,0.0,MW,DE,DE_LU,forecast_solar_generation,Solar,2026-08-29T22:40:46Z
2026-08-29T22:37:58Z,2026-08-30T00:37:58+0200,ede4ebfd-4cb0-4b05-bc4d-04fd38aa5047,2026-08-23T02:15:00Z,2026-08-23T04:15:00+0200,0.0,MW,DE,DE_LU,forecast_solar_generation,Solar,2026-08-29T22:40:46Z
2026-08-29T22:37:58Z,2026-08-30T00:37:58+0200,ede4ebfd-4cb0-4b05-bc4d-04fd38aa5047,2026-08-23T02:30:00Z,2026-08-23T04:30:00+0200,0.0,MW,DE,DE_LU,forecast_solar_generation,Solar,2026-08-29T22:40:46Z
2026-08-29T22:37:58Z,2026-08-30T00:37:58+0200,ede4ebfd-4cb0-4b05-bc4d-04fd38aa5047,2026-08-23T02:45:00Z,2026-08-23T04:45:00+0200,0.0,MW,DE,DE_LU,forecast_solar_generation,Solar,2026-08-29T22:40:46Z
2026-08-29T22:37:58Z,2026-08-30T00:37:58+0200,ede4ebfd-4cb0-4b05-bc4d-04fd38aa5047,2026-08-23T03:00:00Z,2026-08-23T05:00:00+0200,0.0,MW,DE,DE_LU,forecast_solar_generation,Solar,2026-08-29T22:40:46Z
2026-08-29T22:37:58Z,2026-08-30T00:37:58+0200,ede4ebfd-4cb0-4b05-bc4d-04fd38aa5047,2026-08-23T03:15:00Z,2026-08-23T05:15:00+0200,0.0,MW,DE,DE_LU,forecast_solar_generation,Solar,2026-08-29T22:40:46Z
2026-08-29T22:37:58Z,2026-08-30T00:37:58+0200,ede4ebfd-4cb0-4b05-bc4d-04fd38aa5047,2026-08-23T03:30:00Z,2026-08-23T05:30:00+0200,0.0,MW,DE,DE_LU,forecast_solar_generation,Solar,2026-08-29T22:40:46Z
2026-08-29T22:37:58Z,2026-08-30T00:37:58+0200,ede4ebfd-4cb0-4b05-bc4d-04fd38aa5047,2026-08-23T03:45:00Z,2026-08-23T05:45:00+0200,0.0,MW,DE,DE_LU,forecast_solar_generation,Solar,2026-08-29T22:40:46Z
2026-08-29T22:37:58Z,2026-08-30T00:37:58+0200,ede4ebfd-4cb0-4b05-bc4d-04fd38aa5047,2026-08-23T04:00:00Z,2026-08-23T06:00:00+0200,44.46555,MW,DE,DE_LU,forecast_solar_generation,Solar,2026-08-29T22:40:46Z
2026-08-29T22:37:58Z,2026-08-30T00:37:58+0200,ede4ebfd-4cb0-4b05-bc4d-04fd38aa5047,2026-08-23T04:15:00Z,2026-08-23T06:15:00+0200,226.17213,MW,DE,DE_LU,forecast_solar_generation,Solar,2026-08-29T22:40:46Z
2026-08-29T22:37:58Z,2026-08-30T00:37:58+0200,ede4ebfd-4cb0-4b05-bc4d-04fd38aa5047,2026-08-23T04:30:00Z,2026-08-23T06:30:00+0200,734.55227,MW,DE,DE_LU,forecast_solar_generation,Solar,2026-08-29T22:40:46Z
2026-08-29T22:37:58Z,2026-08-30T00:37:58+0200,ede4ebfd-4cb0-4b05-bc4d-04fd38aa5047,2026-08-23T04:45:00Z,2026-08-23T06:45:00+0200,1623.86586,MW,DE,DE_LU,forecast_solar_generation,Solar,2026-08-29T22:40:46Z
2026-08-29T22:37:58Z,2026-08-30T00:37:58+0200,ede4ebfd-4cb0-4b05-bc4d-04fd38aa5047,2026-08-23T05:00:00Z,2026-08-23T07:00:00+0200,2907.04637,MW,DE,DE_LU,forecast_solar_generation,Solar,2026-08-29T22:40:46Z
2026-08-29T22:37:58Z,2026-08-30T00:37:58+0200,ede4ebfd-4cb0-4b05-bc4d-04fd38aa5047,2026-08-23T05:15:00Z,2026-08-23T07:15:00+0200,4645.63664,MW,DE,DE_LU,forecast_solar_generation,Solar,2026-08-29T22:40:46Z
2026-08-29T22:37:58Z,2026-08-30T00:37:58+0200,ede4ebfd-4cb0-4b05-bc4d-04fd38aa5047,2026-08-23T05:30:00Z,2026-08-23T07:30:00+0200,6847.37813,MW,DE,DE_LU,forecast_solar_generation,Solar,2026-08-29T22:40:46Z
2026-08-29T22:37:58Z,2026-08-30T00:37:58+0200,ede4ebfd-4cb0-4b05-bc4d-04fd38aa5047,2026-08-23T05:45:00Z,2026-08-23T07:45:00+0200,9358.15913,MW,DE,DE_LU,forecast_solar_generation,Solar,2026-08-29T22:40:46Z
2026-08-29T22:37:58Z,2026-08-30T00:37:58+0200,ede4ebfd-4cb0-4b05-bc4d-04fd38aa5047,2026-08-23T06:00:00Z,2026-08-23T08:00:00+0200,12085.89762,MW,DE,DE_LU,forecast_solar_generation,Solar,2026-08-29T22:40:46Z
2026-08-29T22:37:58Z,2026-08-30T00:37:58+0200,ede4ebfd-4cb0-4b05-bc4d-04fd38aa5047,2026-08-23T06:15:00Z,2026-08-23T08:15:00+0200,15019.60948,MW,DE,DE_LU,forecast_solar_generation,Solar,2026-08-29T22:40:46Z
2026-08-29T22:37:58Z,2026-08-30T00:37:58+0200,ede4ebfd-4cb0-4b05-bc4d-04fd38aa5047,2026-08-23T06:30:00Z,2026-08-23T08:30:00+0200,18033.89542,MW,DE,DE_LU,forecast_solar_generation,Solar,2026-08-29T22:40:46Z
2026-08-29T22:37:58Z,2026-08-30T00:37:58+0200,ede4ebfd-4cb0-4b05-bc4d-04fd38aa5047,2026-08-23T06:45:00Z,2026-08-23T08:45:00+0200,21009.42889,MW,DE,DE_LU,forecast_solar_generation,Solar,2026-08-29T22:40:46Z
2026-08-29T22:37:58Z,2026-08-30T00:37:58+0200,ede4ebfd-4cb0-4b05-bc4d-04fd38aa5047,2026-08-23T07:00:00Z,2026-08-23T09:00:00+0200,23875.01579,MW,DE,DE_LU,forecast_solar_generation,Solar,2026-08-29T22:40:46Z
2026-08-29T22:37:58Z,2026-08-30T00:37:58+0200,ede4ebfd-4cb0-4b05-bc4d-04fd38aa5047,2026-08-23T07:15:00Z,2026-08-23T09:15:00+0200,26564.68626,MW,DE,DE_LU,forecast_solar_generation,Solar,2026-08-29T22:40:46Z
2026-08-29T22:37:58Z,2026-08-30T00:37:58+0200,ede4ebfd-4cb0-4b05-bc4d-04fd38aa5047,2026-08-23T07:30:00Z,2026-08-23T09:30:00+0200,28973.49183,MW,DE,DE_LU,forecast_solar_generation,Solar,2026-08-29T22:40:46Z
2026-08-29T22:37:58Z,2026-08-30T00:37:58+0200,ede4ebfd-4cb0-4b05-bc4d-04fd38aa5047,2026-08-23T07:45:00Z,2026-08-23T09:45:00+0200,31145.58908,MW,DE,DE_LU,forecast_solar_generation,Solar,2026-08-29T22:40:46Z
2026-08-29T22:37:58Z,2026-08-30T00:37:58+0200,ede4ebfd-4cb0-4b05-bc4d-04fd38aa5047,2026-08-23T08:00:00Z,2026-08-23T10:00:00+0200,33115.15448,MW,DE,DE_LU,forecast_solar_generation,Solar,2026-08-29T22:40:46Z
2026-08-29T22:37:58Z,2026-08-30T00:37:58+0200,ede4ebfd-4cb0-4b05-bc4d-04fd38aa5047,2026-08-23T08:15:00Z,2026-08-23T10:15:00+0200,34835.595,MW,DE,DE_LU,forecast_solar_generation,Solar,2026-08-29T22:40:46Z
2026-08-29T22:37:58Z,2026-08-30T00:37:58+0200,ede4ebfd-4cb0-4b05-bc4d-04fd38aa5047,2026-08-23T08:30:00Z,2026-08-23T10:30:00+0200,36383.84494,MW,DE,DE_LU,forecast_solar_generation,Solar,2026-08-29T22:40:46Z
2026-08-29T22:37:58Z,2026-08-30T00:37:58+0200,ede4ebfd-4cb0-4b05-bc4d-04fd38aa5047,2026-08-23T08:45:00Z,2026-08-23T10:45:00+0200,37683.70256,MW,DE,DE_LU,forecast_solar_generation,Solar,2026-08-29T22:40:46Z
2026-08-29T22:37:58Z,2026-08-30T00:37:58+0200,ede4ebfd-4cb0-4b05-bc4d-04fd38aa5047,2026-08-23T09:00:00Z,2026-08-23T11:00:00+0200,38742.9115,MW,DE,DE_LU,forecast_solar_generation,Solar,2026-08-29T22:40:46Z
2026-08-29T22:37:58Z,2026-08-30T00:37:58+0200,ede4ebfd-4cb0-4b05-bc4d-04fd38aa5047,2026-08-23T09:15:00Z,2026-08-23T11:15:00+0200,39597.08652,MW,DE,DE_LU,forecast_solar_generation,Solar,2026-08-29T22:40:46Z
2026-08-29T22:37:58Z,2026-08-30T00:37:58+0200,ede4ebfd-4cb0-4b05-bc4d-04fd38aa5047,2026-08-23T09:30:00Z,2026-08-23T11:30:00+0200,40297.05988,MW,DE,DE_LU,forecast_solar_generation,Solar,2026-08-29T22:40:46Z
2026-08-29T22:37:58Z,2026-08-30T00:37:58+0200,ede4ebfd-4cb0-4b05-bc4d-04fd38aa5047,2026-08-23T09:45:00Z,2026-08-23T11:45:00+0200,40879.69596,MW,DE,DE_LU,forecast_solar_generation,Solar,2026-08-29T22:40:46Z
2026-08-29T22:37:58Z,2026-08-30T00:37:58+0200,ede4ebfd-4cb0-4b05-bc4d-04fd38aa5047,2026-08-23T10:00:00Z,2026-08-23T12:00:00+0200,41331.45807,MW,DE,DE_LU,forecast_solar_generation,Solar,2026-08-29T22:40:46Z
2026-08-29T22:37:58Z,2026-08-30T00:37:58+0200,ede4ebfd-4cb0-4b05-bc4d-04fd38aa5047,2026-08-23T10:15:00Z,2026-08-23T12:15:00+0200,41660.59308,MW,DE,DE_LU,forecast_solar_generation,Solar,2026-08-29T22:40:46Z
2026-08-29T22:37:58Z,2026-08-30T00:37:58+0200,ede4ebfd-4cb0-4b05-bc4d-04fd38aa5047,2026-08-23T10:30:00Z,2026-08-23T12:30:00+0200,41865.03321,MW,DE,DE_LU,forecast_solar_generation,Solar,2026-08-29T22:40:46Z
2026-08-29T22:37:58Z,2026-08-30T00:37:58+0200,ede4ebfd-4cb0-4b05-bc4d-04fd38aa5047,2026-08-23T10:45:00Z,2026-08-23T12:45:00+0200,41977.25701,MW,DE,DE_LU,forecast_solar_generation,Solar,2026-08-29T22:40:46Z
2026-08-29T22:37:58Z,2026-08-30T00:37:58+0200,ede4ebfd-4cb0-4b05-bc4d-04fd38aa5047,2026-08-23T11:00:00Z,2026-08-23T13:00:00+0200,41972.61365,MW,DE,DE_LU,forecast_solar_generation,Solar,2026-08-29T22:40:46Z
2026-08-29T22:37:58Z,2026-08-30T00:37:58+0200,ede4ebfd-4cb0-4b05-bc4d-04fd38aa5047,2026-08-23T11:15:00Z,2026-08-23T13:15:00+0200,41843.25684,MW,DE,DE_LU,forecast_solar_generation,Solar,2026-08-29T22:40:46Z
2026-08-29T22:37:58Z,2026-08-30T00:37:58+0200,ede4ebfd-4cb0-4b05-bc4d-04fd38aa5047,2026-08-23T11:30:00Z,2026-08-23T13:30:00+0200,41573.5174,MW,DE,DE_LU,forecast_solar_generation,Solar,2026-08-29T22:40:46Z
2026-08-29T22:37:58Z,2026-08-30T00:37:58+0200,ede4ebfd-4cb0-4b05-bc4d-04fd38aa5047,2026-08-23T11:45:00Z,2026-08-23T13:45:00+0200,41221.03184,MW,DE,DE_LU,forecast_solar_generation,Solar,2026-08-29T22:40:46Z
2026-08-29T22:37:58Z,2026-08-30T00:37:58+0200,ede4ebfd-4cb0-4b05-bc4d-04fd38aa5047,2026-08-23T12:00:00Z,2026-08-23T14:00:00+0200,40731.66676,MW,DE,DE_LU,forecast_solar_generation,Solar,2026-08-29T22:40:46Z
2026-08-29T22:37:58Z,2026-08-30T00:37:58+0200,ede4ebfd-4cb0-4b05-bc4d-04fd38aa5047,2026-08-23T12:15:00Z,2026-08-23T14:15:00+0200,40152.76972,MW,DE,DE_LU,forecast_solar_generation,Solar,2026-08-29T22:40:46Z
2026-08-29T22:37:58Z,2026-08-30T00:37:58+0200,ede4ebfd-4cb0-4b05-bc4d-04fd38aa5047,2026-08-23T12:30:00Z,2026-08-23T14:30:00+0200,39487.35895,MW,DE,DE_LU,forecast_solar_generation,Solar,2026-08-29T22:40:46Z
2026-08-29T22:37:58Z,2026-08-30T00:37:58+0200,ede4ebfd-4cb0-4b05-bc4d-04fd38aa5047,2026-08-23T12:45:00Z,2026-08-23T14:45:00+0200,38720.82893,MW,DE,DE_LU,forecast_solar_generation,Solar,2026-08-29T22:40:46Z
2026-08-29T22:37:58Z,2026-08-30T00:37:58+0200,ede4ebfd-4cb0-4b05-bc4d-04fd38aa5047,2026-08-23T13:00:00Z,2026-08-23T15:00:00+0200,37847.98688,MW,DE,DE_LU,forecast_solar_generation,Solar,2026-08-29T22:40:46Z
2026-08-29T22:37:58Z,2026-08-30T00:37:58+0200,ede4ebfd-4cb0-4b05-bc4d-04fd38aa5047,2026-08-23T13:15:00Z,2026-08-23T15:15:00+0200,36895.06626,MW,DE,DE_LU,forecast_solar_generation,Solar,2026-08-29T22:40:46Z
2026-08-29T22:37:58Z,2026-08-30T00:37:58+0200,ede4ebfd-4cb0-4b05-bc4d-04fd38aa5047,2026-08-23T13:30:00Z,2026-08-23T15:30:00+0200,35808.05128,MW,DE,DE_LU,forecast_solar_generation,Solar,2026-08-29T22:40:46Z
2026-08-29T22:37:58Z,2026-08-30T00:37:58+0200,ede4ebfd-4cb0-4b05-bc4d-04fd38aa5047,2026-08-23T13:45:00Z,2026-08-23T15:45:00+0200,34597.71609,MW,DE,DE_LU,forecast_solar_generation,Solar,2026-08-29T22:40:46Z
2026-08-29T22:37:58Z,2026-08-30T00:37:58+0200,ede4ebfd-4cb0-4b05-bc4d-04fd38aa5047,2026-08-23T14:00:00Z,2026-08-23T16:00:00+0200,33244.07673,MW,DE,DE_LU,forecast_solar_generation,Solar,2026-08-29T22:40:46Z
2026-08-29T22:37:58Z,2026-08-30T00:37:58+0200,ede4ebfd-4cb0-4b05-bc4d-04fd38aa5047,2026-08-23T14:15:00Z,2026-08-23T16:15:00+0200,31659.84789,MW,DE,DE_LU,forecast_solar_generation,Solar,2026-08-29T22:40:46Z
2026-08-29T22:37:58Z,2026-08-30T00:37:58+0200,ede4ebfd-4cb0-4b05-bc4d-04fd38aa5047,2026-08-23T14:30:00Z,2026-08-23T16:30:00+0200,29880.09428,MW,DE,DE_LU,forecast_solar_generation,Solar,2026-08-29T22:40:46Z
2026-08-29T22:37:58Z,2026-08-30T00:37:58+0200,ede4ebfd-4cb0-4b05-bc4d-04fd38aa5047,2026-08-23T14:45:00Z,2026-08-23T16:45:00+0200,27952.49904,MW,DE,DE_LU,forecast_solar_generation,Solar,2026-08-29T22:40:46Z
2026-08-29T22:37:58Z,2026-08-30T00:37:58+0200,ede4ebfd-4cb0-4b05-bc4d-04fd38aa5047,2026-08-23T15:00:00Z,2026-08-23T17:00:00+0200,25853.57444,MW,DE,DE_LU,forecast_solar_generation,Solar,2026-08-29T22:40:46Z
2026-08-29T22:37:58Z,2026-08-30T00:37:58+0200,ede4ebfd-4cb0-4b05-bc4d-04fd38aa5047,2026-08-23T15:15:00Z,2026-08-23T17:15:00+0200,23530.47206,MW,DE,DE_LU,forecast_solar_generation,Solar,2026-08-29T22:40:46Z
2026-08-29T22:37:58Z,2026-08-30T00:37:58+0200,ede4ebfd-4cb0-4b05-bc4d-04fd38aa5047,2026-08-23T15:30:00Z,2026-08-23T17:30:00+0200,21098.99566,MW,DE,DE_LU,forecast_solar_generation,Solar,2026-08-29T22:40:46Z
2026-08-29T22:37:58Z,2026-08-30T00:37:58+0200,ede4ebfd-4cb0-4b05-bc4d-04fd38aa5047,2026-08-23T15:45:00Z,2026-08-23T17:45:00+0200,18574.85361,MW,DE,DE_LU,forecast_solar_generation,Solar,2026-08-29T22:40:46Z
2026-08-29T22:37:58Z,2026-08-30T00:37:58+0200,ede4ebfd-4cb0-4b05-bc4d-04fd38aa5047,2026-08-23T16:00:00Z,2026-08-23T18:00:00+0200,15967.31765,MW,DE,DE_LU,forecast_solar_generation,Solar,2026-08-29T22:40:46Z
2026-08-29T22:37:58Z,2026-08-30T00:37:58+0200,ede4ebfd-4cb0-4b05-bc4d-04fd38aa5047,2026-08-23T16:15:00Z,2026-08-23T18:15:00+0200,13302.91708,MW,DE,DE_LU,forecast_solar_generation,Solar,2026-08-29T22:40:46Z
2026-08-29T22:37:58Z,2026-08-30T00:37:58+0200,ede4ebfd-4cb0-4b05-bc4d-04fd38aa5047,2026-08-23T16:30:00Z,2026-08-23T18:30:00+0200,10638.33241,MW,DE,DE_LU,forecast_solar_generation,Solar,2026-08-29T22:40:46Z
2026-08-29T22:37:58Z,2026-08-30T00:37:58+0200,ede4ebfd-4cb0-4b05-bc4d-04fd38aa5047,2026-08-23T16:45:00Z,2026-08-23T18:45:00+0200,8099.20232,MW,DE,DE_LU,forecast_solar_generation,Solar,2026-08-29T22:40:46Z
2026-08-29T22:37:58Z,2026-08-30T00:37:58+0200,ede4ebfd-4cb0-4b05-bc4d-04fd38aa5047,2026-08-23T17:00:00Z,2026-08-23T19:00:00+0200,5835.87377,MW,DE,DE_LU,forecast_solar_generation,Solar,2026-08-29T22:40:46Z
2026-08-29T22:37:58Z,2026-08-30T00:37:58+0200,ede4ebfd-4cb0-4b05-bc4d-04fd38aa5047,2026-08-23T17:15:00Z,2026-08-23T19:15:00+0200,3915.25694,MW,DE,DE_LU,forecast_solar_generation,Solar,2026-08-29T22:40:46Z
2026-08-29T22:37:58Z,2026-08-30T00:37:58+0200,ede4ebfd-4cb0-4b05-bc4d-04fd38aa5047,2026-08-23T17:30:00Z,2026-08-23T19:30:00+0200,2413.75483,MW,DE,DE_LU,forecast_solar_generation,Solar,2026-08-29T22:40:46Z
2026-08-29T22:37:58Z,2026-08-30T00:37:58+0200,ede4ebfd-4cb0-4b05-bc4d-04fd38aa5047,2026-08-23T17:45:00Z,2026-08-23T19:45:00+0200,1253.47514,MW,DE,DE_LU,forecast_solar_generation,Solar,2026-08-29T22:40:46Z
2026-08-29T22:37:58Z,2026-08-30T00:37:58+0200,ede4ebfd-4cb0-4b05-bc4d-04fd38aa5047,2026-08-23T18:00:00Z,2026-08-23T20:00:00+0200,472.88338,MW,DE,DE_LU,forecast_solar_generation,Solar,2026-08-29T22:40:46Z
2026-08-29T22:37:58Z,2026-08-30T00:37:58+0200,ede4ebfd-4cb0-4b05-bc4d-04fd38aa5047,2026-08-23T18:15:00Z,2026-08-23T20:15:00+0200,137.76405,MW,DE,DE_LU,forecast_solar_generation,Solar,2026-08-29T22:40:46Z
2026-08-29T22:37:58Z,2026-08-30T00:37:58+0200,ede4ebfd-4cb0-4b05-bc4d-04fd38aa5047,2026-08-23T18:30:00Z,2026-08-23T20:30:00+0200,48.18226,MW,DE,DE_LU,forecast_solar_generation,Solar,2026-08-29T22:40:46Z
2026-08-29T22:37:58Z,2026-08-30T00:37:58+0200,ede4ebfd-4cb0-4b05-bc4d-04fd38aa5047,2026-08-23T18:45:00Z,2026-08-23T20:45:00+0200,0.97939,MW,DE,DE_LU,forecast_solar_generation,Solar,2026-08-29T22:40:46Z
2026-08-29T22:37:58Z,2026-08-30T00:37:58+0200,ede4ebfd-4cb0-4b05-bc4d-04fd38aa5047,2026-08-23T19:00:00Z,2026-08-23T21:00:00+0200,0.0,MW,DE,DE_LU,forecast_solar_generation,Solar,2026-08-29T22:40:46Z
2026-08-29T22:37:58Z,2026-08-30T00:37:58+0200,ede4ebfd-4cb0-4b05-bc4d-04fd38aa5047,2026-08-23T19:15:00Z,2026-08-23T21:15:00+0200,0.0,MW,DE,DE_LU,forecast_solar_generation,Solar,2026-08-29T22:40:46Z
2026-08-29T22:37:58Z,2026-08-30T00:37:58+0200,ede4ebfd-4cb0-4b05-bc4d-04fd38aa5047,2026-08-23T19:30:00Z,2026-08-23T21:30:00+0200,0.0,MW,DE,DE_LU,forecast_solar_generation,Solar,2026-08-29T22:40:46Z
2026-08-29T22:37:58Z,2026-08-30T00:37:58+0200,ede4ebfd-4cb0-4b05-bc4d-04fd38aa5047,2026-08-23T19:45:00Z,2026-08-23T21:45:00+0200,0.0,MW,DE,DE_LU,forecast_solar_generation,Solar,2026-08-29T22:40:46Z
2026-08-29T22:37:58Z,2026-08-30T00:37:58+0200,ede4ebfd-4cb0-4b05-bc4d-04fd38aa5047,2026-08-23T20:00:00Z,2026-08-23T22:00:00+0200,0.0,MW,DE,DE_LU,forecast_solar_generation,Solar,2026-08-29T22:40:46Z
2026-08-29T22:37:58Z,2026-08-30T00:37:58+0200,ede4ebfd-4cb0-4b05-bc4d-04fd38aa5047,2026-08-23T20:15:00Z,2026-08-23T22:15:00+0200,0.0,MW,DE,DE_LU,forecast_solar_generation,Solar,2026-08-29T22:40:46Z
2026-08-29T22:37:58Z,2026-08-30T00:37:58+0200,ede4ebfd-4cb0-4b05-bc4d-04fd38aa5047,2026-08-23T20:30:00Z,2026-08-23T22:30:00+0200,0.0,MW,DE,DE_LU,forecast_solar_generation,Solar,2026-08-29T22:40:46Z
2026-08-29T22:37:58Z,2026-08-30T00:37:58+0200,ede4ebfd-4cb0-4b05-bc4d-04fd38aa5047,2026-08-23T20:45:00Z,2026-08-23T22:45:00+0200,0.0,MW,DE,DE_LU,forecast_solar_generation,Solar,2026-08-29T22:40:46Z
2026-08-29T22:37:58Z,2026-08-30T00:37:58+0200,ede4ebfd-4cb0-4b05-bc4d-04fd38aa5047,2026-08-23T21:00:00Z,2026-08-23T23:00:00+0200,0.0,MW,DE,DE_LU,forecast_solar_generation,Solar,2026-08-29T22:40:46Z
2026-08-29T22:37:58Z,2026-08-30T00:37:58+0200,ede4ebfd-4cb0-4b05-bc4d-04fd38aa5047,2026-08-23T21:15:00Z,2026-08-23T23:15:00+0200,0.0,MW,DE,DE_LU,forecast_solar_generation,Solar,2026-08-29T22:40:46Z
2026-08-29T22:37:58Z,2026-08-30T00:37:58+0200,ede4ebfd-4cb0-4b05-bc4d-04fd38aa5047,2026-08-23T21:30:00Z,2026-08-23T23:30:00+0200,0.0,MW,DE,DE_LU,forecast_solar_generation,Solar,2026-08-29T22:40:46Z
2026-08-29T22:37:58Z,2026-08-30T00:37:58+0200,ede4ebfd-4cb0-4b05-bc4d-04fd38aa5047,2026-08-23T21:45:00Z,2026-08-23T23:45:00+0200,0.0,MW,DE,DE_LU,forecast_solar_generation,Solar,2026-08-29T22:40:46Z
2026-08-29T22:37:58Z,2026-08-30T00:37:58+0200,ede4ebfd-4cb0-4b05-bc4d-04fd38aa5047,2026-08-23T22:00:00Z,2026-08-24T00:00:00+0200,0.0,MW,DE,DE_LU,forecast_solar_generation,Solar,2026-08-29T22:40:46Z
2026-08-29T22:37:58Z,2026-08-30T00:37:58+0200,ede4ebfd-4cb0-4b05-bc4d-04fd38aa5047,2026-08-23T22:15:00Z,2026-08-24T00:15:00+0200,0.0,MW,DE,DE_LU,forecast_solar_generation,Solar,2026-08-29T22:40:46Z
2026-08-29T22:37:58Z,2026-08-30T00:37:58+0200,ede4ebfd-4cb0-4b05-bc4d-04fd38aa5047,2026-08-23T22:30:00Z,2026-08-24T00:30:00+0200,0.0,MW,DE,DE_LU,forecast_solar_generation,Solar,2026-08-29T22:40:46Z
2026-08-29T22:37:58Z,2026-08-30T00:37:58+0200,ede4ebfd-4cb0-4b05-bc4d-04fd38aa5047,2026-08-23T22:45:00Z,2026-08-24T00:45:00+0200,0.0,MW,DE,DE_LU,forecast_solar_generation,Solar,2026-08-29T22:40:46Z
2026-08-29T22:37:58Z,2026-08-30T00:37:58+0200,ede4ebfd-4cb0-4b05-bc4d-04fd38aa5047,2026-08-23T23:00:00Z,2026-08-24T01:00:00+0200,0.0,MW,DE,DE_LU,forecast_solar_generation,Solar,2026-08-29T22:40:46Z
2026-08-29T22:37:58Z,2026-08-30T00:37:58+0200,ede4ebfd-4cb0-4b05-bc4d-04fd38aa5047,2026-08-23T23:15:00Z,2026-08-24T01:15:00+0200,0.0,MW,DE,DE_LU,forecast_solar_generation,Solar,2026-08-29T22:40:46Z
2026-08-29T22:37:58Z,2026-08-30T00:37:58+0200,ede4ebfd-4cb0-4b05-bc4d-04fd38aa5047,2026-08-23T23:30:00Z,2026-08-24T01:30:00+0200,0.0,MW,DE,DE_LU,forecast_solar_generation,Solar,2026-08-29T22:40:46Z
2026-08-29T22:37:58Z,2026-08-30T00:37:58+0200,ede4ebfd-4cb0-4b05-bc4d-04fd38aa5047,2026-08-23T23:45:00Z,2026-08-24T01:45:00+0200,0.0,MW,DE,DE_LU,forecast_solar_generation,Solar,2026-08-29T22:40:46Z
2026-08-29T22:37:58Z,2026-08-30T00:37:58+0200,ede4ebfd-4cb0-4b05-bc4d-04fd38aa5047,2026-08-24T00:00:00Z,2026-08-24T02:00:00+0200,0.0,MW,DE,DE_LU,forecast_solar_generation,Solar,2026-08-29T22:40:46Z
2026-08-29T22:37:58Z,2026-08-30T00:37:58+0200,ede4ebfd-4cb0-4b05-bc4d-04fd38aa5047,2026-08-24T00:15:00Z,2026-08-24T02:15:00+0200,0.0,MW,DE,DE_LU,forecast_solar_generation,Solar,2026-08-29T22:40:46Z
2026-08-29T22:37:58Z,2026-08-30T00:37:58+0200,ede4ebfd-4cb0-4b05-bc4d-04fd38aa5047,2026-08-24T00:30:00Z,2026-08-24T02:30:00+0200,0.0,MW,DE,DE_LU,forecast_solar_generation,Solar,2026-08-29T22:40:46Z
2026-08-29T22:37:58Z,2026-08-30T00:37:58+0200,ede4ebfd-4cb0-4b05-bc4d-04fd38aa5047,2026-08-24T00:45:00Z,2026-08-24T02:45:00+0200,0.0,MW,DE,DE_LU,forecast_solar_generation,Solar,2026-08-29T22:40:46Z
2026-08-29T22:37:58Z,2026-08-30T00:37:58+0200,ede4ebfd-4cb0-4b05-bc4d-04fd38aa5047,2026-08-24T01:00:00Z,2026-08-24T03:00:00+0200,0.0,MW,DE,DE_LU,forecast_solar_generation,Solar,2026-08-29T22:40:46Z
2026-08-29T22:37:58Z,2026-08-30T00:37:58+0200,ede4ebfd-4cb0-4b05-bc4d-04fd38aa5047,2026-08-24T01:15:00Z,2026-08-24T03:15:00+0200,0.0,MW,DE,DE_LU,forecast_solar_generation,Solar,2026-08-29T22:40:46Z
2026-08-29T22:37:58Z,2026-08-30T00:37:58+0200,ede4ebfd-4cb0-4b05-bc4d-04fd38aa5047,2026-08-24T01:30:00Z,2026-08-24T03:30:00+0200,0.0,MW,DE,DE_LU,forecast_solar_generation,Solar,2026-08-29T22:40:46Z
2026-08-29T22:37:58Z,2026-08-30T00:37:58+0200,ede4ebfd-4cb0-4b05-bc4d-04fd38aa5047,2026-08-24T01:45:00Z,2026-08-24T03:45:00+0200,0.0,MW,DE,DE_LU,forecast_solar_generation,Solar,2026-08-29T22:40:46Z
2026-08-29T22:37:58Z,2026-08-30T00:37:58+0200,ede4ebfd-4cb0-4b05-bc4d-04fd38aa5047,2026-08-24T02:00:00Z,2026-08-24T04:00:00+0200,0.0,MW,DE,DE_LU,forecast_solar_generation,Solar,2026-08-29T22:40:46Z
2026-08-29T22:37:58Z,2026-08-30T00:37:58+0200,ede4ebfd-4cb0-4b05-bc4d-04fd38aa5047,2026-08-24T02:15:00Z,2026-08-24T04:15:00+0200,0.0,MW,DE,DE_LU,forecast_solar_generation,Solar,2026-08-29T22:40:46Z
2026-08-29T22:37:58Z,2026-08-30T00:37:58+0200,ede4ebfd-4cb0-4b05-bc4d-04fd38aa5047,2026-08-24T02:30:00Z,2026-08-24T04:30:00+0200,0.0,MW,DE,DE_LU,forecast_solar_generation,Solar,2026-08-29T22:40:46Z
2026-08-29T22:37:58Z,2026-08-30T00:37:58+0200,ede4ebfd-4cb0-4b05-bc4d-04fd38aa5047,2026-08-24T02:45:00Z,2026-08-24T04:45:00+0200,0.0,MW,DE,DE_LU,forecast_solar_generation,Solar,2026-08-29T22:40:46Z
2026-08-29T22:37:58Z,2026-08-30T00:37:58+0200,ede4ebfd-4cb0-4b05-bc4d-04fd38aa5047,2026-08-24T03:00:00Z,2026-08-24T05:00:00+0200,0.0,MW,DE,DE_LU,forecast_solar_generation,Solar,2026-08-29T22:40:46Z
2026-08-29T22:37:58Z,2026-08-30T00:37:58+0200,ede4ebfd-4cb0-4b05-bc4d-04fd38aa5047,2026-08-24T03:15:00Z,2026-08-24T05:15:00+0200,0.0,MW,DE,DE_LU,forecast_solar_generation,Solar,2026-08-29T22:40:46Z
2026-08-29T22:37:58Z,2026-08-30T00:37:58+0200,ede4ebfd-4cb0-4b05-bc4d-04fd38aa5047,2026-08-24T03:30:00Z,2026-08-24T05:30:00+0200,0.0,MW,DE,DE_LU,forecast_solar_generation,Solar,2026-08-29T22:40:46Z
2026-08-29T22:37:58Z,2026-08-30T00:37:58+0200,ede4ebfd-4cb0-4b05-bc4d-04fd38aa5047,2026-08-24T03:45:00Z,2026-08-24T05:45:00+0200,0.0,MW,DE,DE_LU,forecast_solar_generation,Solar,2026-08-29T22:40:46Z
2026-08-29T22:37:58Z,2026-08-30T00:37:58+0200,ede4ebfd-4cb0-4b05-bc4d-04fd38aa5047,2026-08-24T04:00:00Z,2026-08-24T06:00:00+0200,40.79027,MW,DE,DE_LU,forecast_solar_generation,Solar,2026-08-29T22:40:46Z
2026-08-29T22:37:58Z,2026-08-30T00:37:58+0200,ede4ebfd-4cb0-4b05-bc4d-04fd38aa5047,2026-08-24T04:15:00Z,2026-08-24T06:15:00+0200,216.58652,MW,DE,DE_LU,forecast_solar_generation,Solar,2026-08-29T22:40:46Z
2026-08-29T22:37:58Z,2026-08-30T00:37:58+0200,ede4ebfd-4cb0-4b05-bc4d-04fd38aa5047,2026-08-24T04:30:00Z,2026-08-24T06:30:00+0200,754.22935,MW,DE,DE_LU,forecast_solar_generation,Solar,2026-08-29T22:40:46Z
2026-08-29T22:37:58Z,2026-08-30T00:37:58+0200,ede4ebfd-4cb0-4b05-bc4d-04fd38aa5047,2026-08-24T04:45:00Z,2026-08-24T06:45:00+0200,1705.27866,MW,DE,DE_LU,forecast_solar_generation,Solar,2026-08-29T22:40:46Z
2026-08-29T22:37:58Z,2026-08-30T00:37:58+0200,ede4ebfd-4cb0-4b05-bc4d-04fd38aa5047,2026-08-24T05:00:00Z,2026-08-24T07:00:00+0200,3058.14717,MW,DE,DE_LU,forecast_solar_generation,Solar,2026-08-29T22:40:46Z
2026-08-29T22:37:58Z,2026-08-30T00:37:58+0200,ede4ebfd-4cb0-4b05-bc4d-04fd38aa5047,2026-08-24T05:15:00Z,2026-08-24T07:15:00+0200,4928.69826,MW,DE,DE_LU,forecast_solar_generation,Solar,2026-08-29T22:40:46Z
2026-08-29T22:37:58Z,2026-08-30T00:37:58+0200,ede4ebfd-4cb0-4b05-bc4d-04fd38aa5047,2026-08-24T05:30:00Z,2026-08-24T07:30:00+0200,7361.10838,MW,DE,DE_LU,forecast_solar_generation,Solar,2026-08-29T22:40:46Z
2026-08-29T22:37:58Z,2026-08-30T00:37:58+0200,ede4ebfd-4cb0-4b05-bc4d-04fd38aa5047,2026-08-24T05:45:00Z,2026-08-24T07:45:00+0200,10191.30751,MW,DE,DE_LU,forecast_solar_generation,Solar,2026-08-29T22:40:46Z
2026-08-29T22:37:58Z,2026-08-30T00:37:58+0200,ede4ebfd-4cb0-4b05-bc4d-04fd38aa5047,2026-08-24T06:00:00Z,2026-08-24T08:00:00+0200,13254.00842,MW,DE,DE_LU,forecast_solar_generation,Solar,2026-08-29T22:40:46Z
2026-08-29T22:37:58Z,2026-08-30T00:37:58+0200,ede4ebfd-4cb0-4b05-bc4d-04fd38aa5047,2026-08-24T06:15:00Z,2026-08-24T08:15:00+0200,16527.81268,MW,DE,DE_LU,forecast_solar_generation,Solar,2026-08-29T22:40:46Z
2026-08-29T22:37:58Z,2026-08-30T00:37:58+0200,ede4ebfd-4cb0-4b05-bc4d-04fd38aa5047,2026-08-24T06:30:00Z,2026-08-24T08:30:00+0200,19901.39079,MW,DE,DE_LU,forecast_solar_generation,Solar,2026-08-29T22:40:46Z
2026-08-29T22:37:58Z,2026-08-30T00:37:58+0200,ede4ebfd-4cb0-4b05-bc4d-04fd38aa5047,2026-08-24T06:45:00Z,2026-08-24T08:45:00+0200,23246.06366,MW,DE,DE_LU,forecast_solar_generation,Solar,2026-08-29T22:40:46Z
2026-08-29T22:37:58Z,2026-08-30T00:37:58+0200,ede4ebfd-4cb0-4b05-bc4d-04fd38aa5047,2026-08-24T07:00:00Z,2026-08-24T09:00:00+0200,26480.93495,MW,DE,DE_LU,forecast_solar_generation,Solar,2026-08-29T22:40:46Z
2026-08-29T22:37:58Z,2026-08-30T00:37:58+0200,ede4ebfd-4cb0-4b05-bc4d-04fd38aa5047,2026-08-24T07:15:00Z,2026-08-24T09:15:00+0200,29583.49358,MW,DE,DE_LU,forecast_solar_generation,Solar,2026-08-29T22:40:46Z
2026-08-29T22:37:58Z,2026-08-30T00:37:58+0200,ede4ebfd-4cb0-4b05-bc4d-04fd38aa5047,2026-08-24T07:30:00Z,2026-08-24T09:30:00+0200,32420.06815,MW,DE,DE_LU,forecast_solar_generation,Solar,2026-08-29T22:40:46Z
2026-08-29T22:37:58Z,2026-08-30T00:37:58+0200,ede4ebfd-4cb0-4b05-bc4d-04fd38aa5047,2026-08-24T07:45:00Z,2026-08-24T09:45:00+0200,35012.03896,MW,DE,DE_LU,forecast_solar_generation,Solar,2026-08-29T22:40:46Z
2026-08-29T22:37:58Z,2026-08-30T00:37:58+0200,ede4ebfd-4cb0-4b05-bc4d-04fd38aa5047,2026-08-24T08:00:00Z,2026-08-24T10:00:00+0200,37350.59382,MW,DE,DE_LU,forecast_solar_generation,Solar,2026-08-29T22:40:46Z
2026-08-29T22:37:58Z,2026-08-30T00:37:58+0200,ede4ebfd-4cb0-4b05-bc4d-04fd38aa5047,2026-08-24T08:15:00Z,2026-08-24T10:15:00+0200,39472.23773,MW,DE,DE_LU,forecast_solar_generation,Solar,2026-08-29T22:40:46Z
2026-08-29T22:37:58Z,2026-08-30T00:37:58+0200,ede4ebfd-4cb0-4b05-bc4d-04fd38aa5047,2026-08-24T08:30:00Z,2026-08-24T10:30:00+0200,41318.51467,MW,DE,DE_LU,forecast_solar_generation,Solar,2026-08-29T22:40:46Z
2026-08-29T22:37:58Z,2026-08-30T00:37:58+0200,ede4ebfd-4cb0-4b05-bc4d-04fd38aa5047,2026-08-24T08:45:00Z,2026-08-24T10:45:00+0200,42888.60595,MW,DE,DE_LU,forecast_solar_generation,Solar,2026-08-29T22:40:46Z
2026-08-29T22:37:58Z,2026-08-30T00:37:58+0200,ede4ebfd-4cb0-4b05-bc4d-04fd38aa5047,2026-08-24T09:00:00Z,2026-08-24T11:00:00+0200,44217.20749,MW,DE,DE_LU,forecast_solar_generation,Solar,2026-08-29T22:40:46Z
2026-08-29T22:37:58Z,2026-08-30T00:37:58+0200,ede4ebfd-4cb0-4b05-bc4d-04fd38aa5047,2026-08-24T09:15:00Z,2026-08-24T11:15:00+0200,45358.96412,MW,DE,DE_LU,forecast_solar_generation,Solar,2026-08-29T22:40:46Z
2026-08-29T22:37:58Z,2026-08-30T00:37:58+0200,ede4ebfd-4cb0-4b05-bc4d-04fd38aa5047,2026-08-24T09:30:00Z,2026-08-24T11:30:00+0200,46361.59621,MW,DE,DE_LU,forecast_solar_generation,Solar,2026-08-29T22:40:46Z
2026-08-29T22:37:58Z,2026-08-30T00:37:58+0200,ede4ebfd-4cb0-4b05-bc4d-04fd38aa5047,2026-08-24T09:45:00Z,2026-08-24T11:45:00+0200,47256.16844,MW,DE,DE_LU,forecast_solar_generation,Solar,2026-08-29T22:40:46Z
2026-08-29T22:37:58Z,2026-08-30T00:37:58+0200,ede4ebfd-4cb0-4b05-bc4d-04fd38aa5047,2026-08-24T10:00:00Z,2026-08-24T12:00:00+0200,48016.0337,MW,DE,DE_LU,forecast_solar_generation,Solar,2026-08-29T22:40:46Z
2026-08-29T22:37:58Z,2026-08-30T00:37:58+0200,ede4ebfd-4cb0-4b05-bc4d-04fd38aa5047,2026-08-24T10:15:00Z,2026-08-24T12:15:00+0200,48559.2458,MW,DE,DE_LU,forecast_solar_generation,Solar,2026-08-29T22:40:46Z
2026-08-29T22:37:58Z,2026-08-30T00:37:58+0200,ede4ebfd-4cb0-4b05-bc4d-04fd38aa5047,2026-08-24T10:30:00Z,2026-08-24T12:30:00+0200,48922.58963,MW,DE,DE_LU,forecast_solar_generation,Solar,2026-08-29T22:40:46Z
2026-08-29T22:37:58Z,2026-08-30T00:37:58+0200,ede4ebfd-4cb0-4b05-bc4d-04fd38aa5047,2026-08-24T10:45:00Z,2026-08-24T12:45:00+0200,49153.51282,MW,DE,DE_LU,forecast_solar_generation,Solar,2026-08-29T22:40:46Z
2026-08-29T22:37:58Z,2026-08-30T00:37:58+0200,ede4ebfd-4cb0-4b05-bc4d-04fd38aa5047,2026-08-24T11:00:00Z,2026-08-24T13:00:00+0200,49206.84318,MW,DE,DE_LU,forecast_solar_generation,Solar,2026-08-29T22:40:46Z
2026-08-29T22:37:58Z,2026-08-30T00:37:58+0200,ede4ebfd-4cb0-4b05-bc4d-04fd38aa5047,2026-08-24T11:15:00Z,2026-08-24T13:15:00+0200,49082.68981,MW,DE,DE_LU,forecast_solar_generation,Solar,2026-08-29T22:40:46Z
2026-08-29T22:37:58Z,2026-08-30T00:37:58+0200,ede4ebfd-4cb0-4b05-bc4d-04fd38aa5047,2026-08-24T11:30:00Z,2026-08-24T13:30:00+0200,48847.0722,MW,DE,DE_LU,forecast_solar_generation,Solar,2026-08-29T22:40:46Z
2026-08-29T22:37:58Z,2026-08-30T00:37:58+0200,ede4ebfd-4cb0-4b05-bc4d-04fd38aa5047,2026-08-24T11:45:00Z,2026-08-24T13:45:00+0200,48505.95741,MW,DE,DE_LU,forecast_solar_generation,Solar,2026-08-29T22:40:46Z
2026-08-29T22:37:58Z,2026-08-30T00:37:58+0200,ede4ebfd-4cb0-4b05-bc4d-04fd38aa5047,2026-08-24T12:00:00Z,2026-08-24T14:00:00+0200,47987.67482,MW,DE,DE_LU,forecast_solar_generation,Solar,2026-08-29T22:40:46Z
2026-08-29T22:37:58Z,2026-08-30T00:37:58+0200,ede4ebfd-4cb0-4b05-bc4d-04fd38aa5047,2026-08-24T12:15:00Z,2026-08-24T14:15:00+0200,47300.64205,MW,DE,DE_LU,forecast_solar_generation,Solar,2026-08-29T22:40:46Z
2026-08-29T22:37:58Z,2026-08-30T00:37:58+0200,ede4ebfd-4cb0-4b05-bc4d-04fd38aa5047,2026-08-24T12:30:00Z,2026-08-24T14:30:00+0200,46467.08674,MW,DE,DE_LU,forecast_solar_generation,Solar,2026-08-29T22:40:46Z
2026-08-29T22:37:58Z,2026-08-30T00:37:58+0200,ede4ebfd-4cb0-4b05-bc4d-04fd38aa5047,2026-08-24T12:45:00Z,2026-08-24T14:45:00+0200,45481.54374,MW,DE,DE_LU,forecast_solar_generation,Solar,2026-08-29T22:40:46Z
2026-08-29T22:37:58Z,2026-08-30T00:37:58+0200,ede4ebfd-4cb0-4b05-bc4d-04fd38aa5047,2026-08-24T13:00:00Z,2026-08-24T15:00:00+0200,44337.34682,MW,DE,DE_LU,forecast_solar_generation,Solar,2026-08-29T22:40:46Z
2026-08-29T22:37:58Z,2026-08-30T00:37:58+0200,ede4ebfd-4cb0-4b05-bc4d-04fd38aa5047,2026-08-24T13:15:00Z,2026-08-24T15:15:00+0200,43018.88376,MW,DE,DE_LU,forecast_solar_generation,Solar,2026-08-29T22:40:46Z
2026-08-29T22:37:58Z,2026-08-30T00:37:58+0200,ede4ebfd-4cb0-4b05-bc4d-04fd38aa5047,2026-08-24T13:30:00Z,2026-08-24T15:30:00+0200,41556.76631,MW,DE,DE_LU,forecast_solar_generation,Solar,2026-08-29T22:40:46Z
2026-08-29T22:37:58Z,2026-08-30T00:37:58+0200,ede4ebfd-4cb0-4b05-bc4d-04fd38aa5047,2026-08-24T13:45:00Z,2026-08-24T15:45:00+0200,39946.20359,MW,DE,DE_LU,forecast_solar_generation,Solar,2026-08-29T22:40:46Z
2026-08-29T22:37:58Z,2026-08-30T00:37:58+0200,ede4ebfd-4cb0-4b05-bc4d-04fd38aa5047,2026-08-24T14:00:00Z,2026-08-24T16:00:00+0200,38126.23244,MW,DE,DE_LU,forecast_solar_generation,Solar,2026-08-29T22:40:46Z
2026-08-29T22:37:58Z,2026-08-30T00:37:58+0200,ede4ebfd-4cb0-4b05-bc4d-04fd38aa5047,2026-08-24T14:15:00Z,2026-08-24T16:15:00+0200,36062.63869,MW,DE,DE_LU,forecast_solar_generation,Solar,2026-08-29T22:40:46Z
2026-08-29T22:37:58Z,2026-08-30T00:37:58+0200,ede4ebfd-4cb0-4b05-bc4d-04fd38aa5047,2026-08-24T14:30:00Z,2026-08-24T16:30:00+0200,33808.19855,MW,DE,DE_LU,forecast_solar_generation,Solar,2026-08-29T22:40:46Z
2026-08-29T22:37:58Z,2026-08-30T00:37:58+0200,ede4ebfd-4cb0-4b05-bc4d-04fd38aa5047,2026-08-24T14:45:00Z,2026-08-24T16:45:00+0200,31410.7204,MW,DE,DE_LU,forecast_solar_generation,Solar,2026-08-29T22:40:46Z
2026-08-29T22:37:58Z,2026-08-30T00:37:58+0200,ede4ebfd-4cb0-4b05-bc4d-04fd38aa5047,2026-08-24T15:00:00Z,2026-08-24T17:00:00+0200,28836.81121,MW,DE,DE_LU,forecast_solar_generation,Solar,2026-08-29T22:40:46Z
2026-08-29T22:37:58Z,2026-08-30T00:37:58+0200,ede4ebfd-4cb0-4b05-bc4d-04fd38aa5047,2026-08-24T15:15:00Z,2026-08-24T17:15:00+0200,26085.66471,MW,DE,DE_LU,forecast_solar_generation,Solar,2026-08-29T22:40:46Z
2026-08-29T22:37:58Z,2026-08-30T00:37:58+0200,ede4ebfd-4cb0-4b05-bc4d-04fd38aa5047,2026-08-24T15:30:00Z,2026-08-24T17:30:00+0200,23207.81868,MW,DE,DE_LU,forecast_solar_generation,Solar,2026-08-29T22:40:46Z
2026-08-29T22:37:58Z,2026-08-30T00:37:58+0200,ede4ebfd-4cb0-4b05-bc4d-04fd38aa5047,2026-08-24T15:45:00Z,2026-08-24T17:45:00+0200,20249.37265,MW,DE,DE_LU,forecast_solar_generation,Solar,2026-08-29T22:40:46Z
2026-08-29T22:37:58Z,2026-08-30T00:37:58+0200,ede4ebfd-4cb0-4b05-bc4d-04fd38aa5047,2026-08-24T16:00:00Z,2026-08-24T18:00:00+0200,17216.81135,MW,DE,DE_LU,forecast_solar_generation,Solar,2026-08-29T22:40:46Z
2026-08-29T22:37:58Z,2026-08-30T00:37:58+0200,ede4ebfd-4cb0-4b05-bc4d-04fd38aa5047,2026-08-24T16:15:00Z,2026-08-24T18:15:00+0200,14175.40927,MW,DE,DE_LU,forecast_solar_generation,Solar,2026-08-29T22:40:46Z
2026-08-29T22:37:58Z,2026-08-30T00:37:58+0200,ede4ebfd-4cb0-4b05-bc4d-04fd38aa5047,2026-08-24T16:30:00Z,2026-08-24T18:30:00+0200,11193.15478,MW,DE,DE_LU,forecast_solar_generation,Solar,2026-08-29T22:40:46Z
2026-08-29T22:37:58Z,2026-08-30T00:37:58+0200,ede4ebfd-4cb0-4b05-bc4d-04fd38aa5047,2026-08-24T16:45:00Z,2026-08-24T18:45:00+0200,8404.46206,MW,DE,DE_LU,forecast_solar_generation,Solar,2026-08-29T22:40:46Z
2026-08-29T22:37:58Z,2026-08-30T00:37:58+0200,ede4ebfd-4cb0-4b05-bc4d-04fd38aa5047,2026-08-24T17:00:00Z,2026-08-24T19:00:00+0200,5961.46222,MW,DE,DE_LU,forecast_solar_generation,Solar,2026-08-29T22:40:46Z
2026-08-29T22:37:58Z,2026-08-30T00:37:58+0200,ede4ebfd-4cb0-4b05-bc4d-04fd38aa5047,2026-08-24T17:15:00Z,2026-08-24T19:15:00+0200,3949.23896,MW,DE,DE_LU,forecast_solar_generation,Solar,2026-08-29T22:40:46Z
2026-08-29T22:37:58Z,2026-08-30T00:37:58+0200,ede4ebfd-4cb0-4b05-bc4d-04fd38aa5047,2026-08-24T17:30:00Z,2026-08-24T19:30:00+0200,2416.31731,MW,DE,DE_LU,forecast_solar_generation,Solar,2026-08-29T22:40:46Z
2026-08-29T22:37:58Z,2026-08-30T00:37:58+0200,ede4ebfd-4cb0-4b05-bc4d-04fd38aa5047,2026-08-24T17:45:00Z,2026-08-24T19:45:00+0200,1235.62604,MW,DE,DE_LU,forecast_solar_generation,Solar,2026-08-29T22:40:46Z
2026-08-29T22:37:58Z,2026-08-30T00:37:58+0200,ede4ebfd-4cb0-4b05-bc4d-04fd38aa5047,2026-08-24T18:00:00Z,2026-08-24T20:00:00+0200,446.36887,MW,DE,DE_LU,forecast_solar_generation,Solar,2026-08-29T22:40:46Z
2026-08-29T22:37:58Z,2026-08-30T00:37:58+0200,ede4ebfd-4cb0-4b05-bc4d-04fd38aa5047,2026-08-24T18:15:00Z,2026-08-24T20:15:00+0200,120.30221,MW,DE,DE_LU,forecast_solar_generation,Solar,2026-08-29T22:40:46Z
2026-08-29T22:37:58Z,2026-08-30T00:37:58+0200,ede4ebfd-4cb0-4b05-bc4d-04fd38aa5047,2026-08-24T18:30:00Z,2026-08-24T20:30:00+0200,38.86519,MW,DE,DE_LU,forecast_solar_generation,Solar,2026-08-29T22:40:46Z
2026-08-29T22:37:58Z,2026-08-30T00:37:58+0200,ede4ebfd-4cb0-4b05-bc4d-04fd38aa5047,2026-08-24T18:45:00Z,2026-08-24T20:45:00+0200,1.08465,MW,DE,DE_LU,forecast_solar_generation,Solar,2026-08-29T22:40:46Z
2026-08-29T22:37:58Z,2026-08-30T00:37:58+0200,ede4ebfd-4cb0-4b05-bc4d-04fd38aa5047,2026-08-24T19:00:00Z,2026-08-24T21:00:00+0200,0.0,MW,DE,DE_LU,forecast_solar_generation,Solar,2026-08-29T22:40:46Z
2026-08-29T22:37:58Z,2026-08-30T00:37:58+0200,ede4ebfd-4cb0-4b05-bc4d-04fd38aa5047,2026-08-24T19:15:00Z,2026-08-24T21:15:00+0200,0.0,MW,DE,DE_LU,forecast_solar_generation,Solar,2026-08-29T22:40:46Z
2026-08-29T22:37:58Z,2026-08-30T00:37:58+0200,ede4ebfd-4cb0-4b05-bc4d-04fd38aa5047,2026-08-24T19:30:00Z,2026-08-24T21:30:00+0200,0.0,MW,DE,DE_LU,forecast_solar_generation,Solar,2026-08-29T22:40:46Z
2026-08-29T22:37:58Z,2026-08-30T00:37:58+0200,ede4ebfd-4cb0-4b05-bc4d-04fd38aa5047,2026-08-24T19:45:00Z,2026-08-24T21:45:00+0200,0.0,MW,DE,DE_LU,forecast_solar_generation,Solar,2026-08-29T22:40:46Z
2026-08-29T22:37:58Z,2026-08-30T00:37:58+0200,ede4ebfd-4cb0-4b05-bc4d-04fd38aa5047,2026-08-24T20:00:00Z,2026-08-24T22:00:00+0200,0.0,MW,DE,DE_LU,forecast_solar_generation,Solar,2026-08-29T22:40:46Z
2026-08-29T22:37:58Z,2026-08-30T00:37:58+0200,ede4ebfd-4cb0-4b05-bc4d-04fd38aa5047,2026-08-24T20:15:00Z,2026-08-24T22:15:00+0200,0.0,MW,DE,DE_LU,forecast_solar_generation,Solar,2026-08-29T22:40:46Z
2026-08-29T22:37:58Z,2026-08-30T00:37:58+0200,ede4ebfd-4cb0-4b05-bc4d-04fd38aa5047,2026-08-24T20:30:00Z,2026-08-24T22:30:00+0200,0.0,MW,DE,DE_LU,forecast_solar_generation,Solar,2026-08-29T22:40:46Z
2026-08-29T22:37:58Z,2026-08-30T00:37:58+0200,ede4ebfd-4cb0-4b05-bc4d-04fd38aa5047,2026-08-24T20:45:00Z,2026-08-24T22:45:00+0200,0.0,MW,DE,DE_LU,forecast_solar_generation,Solar,2026-08-29T22:40:46Z
2026-08-29T22:37:58Z,2026-08-30T00:37:58+0200,ede4ebfd-4cb0-4b05-bc4d-04fd38aa5047,2026-08-24T21:00:00Z,2026-08-24T23:00:00+0200,0.0,MW,DE,DE_LU,forecast_solar_generation,Solar,2026-08-29T22:40:46Z
2026-08-29T22:37:58Z,2026-08-30T00:37:58+0200,ede4ebfd-4cb0-4b05-bc4d-04fd38aa5047,2026-08-24T21:15:00Z,2026-08-24T23:15:00+0200,0.0,MW,DE,DE_LU,forecast_solar_generation,Solar,2026-08-29T22:40:46Z
2026-08-29T22:37:58Z,2026-08-30T00:37:58+0200,ede4ebfd-4cb0-4b05-bc4d-04fd38aa5047,2026-08-24T21:30:00Z,2026-08-24T23:30:00+0200,0.0,MW,DE,DE_LU,forecast_solar_generation,Solar,2026-08-29T22:40:46Z
2026-08-29T22:37:58Z,2026-08-30T00:37:58+0200,ede4ebfd-4cb0-4b05-bc4d-04fd38aa5047,2026-08-24T21:45:00Z,2026-08-24T23:45:00+0200,0.0,MW,DE,DE_LU,forecast_solar_generation,Solar,2026-08-29T22:40:46Z
2026-08-29T22:37:58Z,2026-08-30T00:37:58+0200,ede4ebfd-4cb0-4b05-bc4d-04fd38aa5047,2026-08-24T22:00:00Z,2026-08-25T00:00:00+0200,0.0,MW,DE,DE_LU,forecast_solar_generation,Solar,2026-08-29T22:40:46Z
2026-08-29T22:37:58Z,2026-08-30T00:37:58+0200,ede4ebfd-4cb0-4b05-bc4d-04fd38aa5047,2026-08-24T22:15:00Z,2026-08-25T00:15:00+0200,0.0,MW,DE,DE_LU,forecast_solar_generation,Solar,2026-08-29T22:40:46Z
2026-08-29T22:37:58Z,2026-08-30T00:37:58+0200,ede4ebfd-4cb0-4b05-bc4d-04fd38aa5047,2026-08-24T22:30:00Z,2026-08-25T00:30:00+0200,0.0,MW,DE,DE_LU,forecast_solar_generation,Solar,2026-08-29T22:40:46Z
2026-08-29T22:37:58Z,2026-08-30T00:37:58+0200,ede4ebfd-4cb0-4b05-bc4d-04fd38aa5047,2026-08-24T22:45:00Z,2026-08-25T00:45:00+0200,0.0,MW,DE,DE_LU,forecast_solar_generation,Solar,2026-08-29T22:40:46Z
2026-08-29T22:37:58Z,2026-08-30T00:37:58+0200,ede4ebfd-4cb0-4b05-bc4d-04fd38aa5047,2026-08-24T23:00:00Z,2026-08-25T01:00:00+0200,0.0,MW,DE,DE_LU,forecast_solar_generation,Solar,2026-08-29T22:40:46Z
2026-08-29T22:37:58Z,2026-08-30T00:37:58+0200,ede4ebfd-4cb0-4b05-bc4d-04fd38aa5047,2026-08-24T23:15:00Z,2026-08-25T01:15:00+0200,0.0,MW,DE,DE_LU,forecast_solar_generation,Solar,2026-08-29T22:40:46Z
2026-08-29T22:37:58Z,2026-08-30T00:37:58+0200,ede4ebfd-4cb0-4b05-bc4d-04fd38aa5047,2026-08-24T23:30:00Z,2026-08-25T01:30:00+0200,0.0,MW,DE,DE_LU,forecast_solar_generation,Solar,2026-08-29T22:40:46Z
2026-08-29T22:37:58Z,2026-08-30T00:37:58+0200,ede4ebfd-4cb0-4b05-bc4d-04fd38aa5047,2026-08-24T23:45:00Z,2026-08-25T01:45:00+0200,0.0,MW,DE,DE_LU,forecast_solar_generation,Solar,2026-08-29T22:40:46Z
2026-08-29T22:37:58Z,2026-08-30T00:37:58+0200,ede4ebfd-4cb0-4b05-bc4d-04fd38aa5047,2026-08-25T00:00:00Z,2026-08-25T02:00:00+0200,0.0,MW,DE,DE_LU,forecast_solar_generation,Solar,2026-08-29T22:40:46Z
2026-08-29T22:37:58Z,2026-08-30T00:37:58+0200,ede4ebfd-4cb0-4b05-bc4d-04fd38aa5047,2026-08-25T00:15:00Z,2026-08-25T02:15:00+0200,0.0,MW,DE,DE_LU,forecast_solar_generation,Solar,2026-08-29T22:40:46Z
2026-08-29T22:37:58Z,2026-08-30T00:37:58+0200,ede4ebfd-4cb0-4b05-bc4d-04fd38aa5047,2026-08-25T00:30:00Z,2026-08-25T02:30:00+0200,0.0,MW,DE,DE_LU,forecast_solar_generation,Solar,2026-08-29T22:40:46Z
2026-08-29T22:37:58Z,2026-08-30T00:37:58+0200,ede4ebfd-4cb0-4b05-bc4d-04fd38aa5047,2026-08-25T00:45:00Z,2026-08-25T02:45:00+0200,0.0,MW,DE,DE_LU,forecast_solar_generation,Solar,2026-08-29T22:40:46Z
2026-08-29T22:37:58Z,2026-08-30T00:37:58+0200,ede4ebfd-4cb0-4b05-bc4d-04fd38aa5047,2026-08-25T01:00:00Z,2026-08-25T03:00:00+0200,0.0,MW,DE,DE_LU,forecast_solar_generation,Solar,2026-08-29T22:40:46Z
2026-08-29T22:37:58Z,2026-08-30T00:37:58+0200,ede4ebfd-4cb0-4b05-bc4d-04fd38aa5047,2026-08-25T01:15:00Z,2026-08-25T03:15:00+0200,0.0,MW,DE,DE_LU,forecast_solar_generation,Solar,2026-08-29T22:40:46Z
2026-08-29T22:37:58Z,2026-08-30T00:37:58+0200,ede4ebfd-4cb0-4b05-bc4d-04fd38aa5047,2026-08-25T01:30:00Z,2026-08-25T03:30:00+0200,0.0,MW,DE,DE_LU,forecast_solar_generation,Solar,2026-08-29T22:40:46Z
2026-08-29T22:37:58Z,2026-08-30T00:37:58+0200,ede4ebfd-4cb0-4b05-bc4d-04fd38aa5047,2026-08-25T01:45:00Z,2026-08-25T03:45:00+0200,0.0,MW,DE,DE_LU,forecast_solar_generation,Solar,2026-08-29T22:40:46Z
2026-08-29T22:37:58Z,2026-08-30T00:37:58+0200,ede4ebfd-4cb0-4b05-bc4d-04fd38aa5047,2026-08-25T02:00:00Z,2026-08-25T04:00:00+0200,0.0,MW,DE,DE_LU,forecast_solar_generation,Solar,2026-08-29T22:40:46Z
2026-08-29T22:37:58Z,2026-08-30T00:37:58+0200,ede4ebfd-4cb0-4b05-bc4d-04fd38aa5047,2026-08-25T02:15:00Z,2026-08-25T04:15:00+0200,0.0,MW,DE,DE_LU,forecast_solar_generation,Solar,2026-08-29T22:40:46Z
2026-08-29T22:37:58Z,2026-08-30T00:37:58+0200,ede4ebfd-4cb0-4b05-bc4d-04fd38aa5047,2026-08-25T02:30:00Z,2026-08-25T04:30:00+0200,0.0,MW,DE,DE_LU,forecast_solar_generation,Solar,2026-08-29T22:40:46Z
2026-08-29T22:37:58Z,2026-08-30T00:37:58+0200,ede4ebfd-4cb0-4b05-bc4d-04fd38aa5047,2026-08-25T02:45:00Z,2026-08-25T04:45:00+0200,0.0,MW,DE,DE_LU,forecast_solar_generation,Solar,2026-08-29T22:40:46Z
2026-08-29T22:37:58Z,2026-08-30T00:37:58+0200,ede4ebfd-4cb0-4b05-bc4d-04fd38aa5047,2026-08-25T03:00:00Z,2026-08-25T05:00:00+0200,0.0,MW,DE,DE_LU,forecast_solar_generation,Solar,2026-08-29T22:40:46Z
2026-08-29T22:37:58Z,2026-08-30T00:37:58+0200,ede4ebfd-4cb0-4b05-bc4d-04fd38aa5047,2026-08-25T03:15:00Z,2026-08-25T05:15:00+0200,0.0,MW,DE,DE_LU,forecast_solar_generation,Solar,2026-08-29T22:40:46Z
2026-08-29T22:37:58Z,2026-08-30T00:37:58+0200,ede4ebfd-4cb0-4b05-bc4d-04fd38aa5047,2026-08-25T03:30:00Z,2026-08-25T05:30:00+0200,0.0,MW,DE,DE_LU,forecast_solar_generation,Solar,2026-08-29T22:40:46Z
2026-08-29T22:37:58Z,2026-08-30T00:37:58+0200,ede4ebfd-4cb0-4b05-bc4d-04fd38aa5047,2026-08-25T03:45:00Z,2026-08-25T05:45:00+0200,0.0,MW,DE,DE_LU,forecast_solar_generation,Solar,2026-08-29T22:40:46Z
2026-08-29T22:37:58Z,2026-08-30T00:37:58+0200,ede4ebfd-4cb0-4b05-bc4d-04fd38aa5047,2026-08-25T04:00:00Z,2026-08-25T06:00:00+0200,28.10027,MW,DE,DE_LU,forecast_solar_generation,Solar,2026-08-29T22:40:46Z
2026-08-29T22:37:58Z,2026-08-30T00:37:58+0200,ede4ebfd-4cb0-4b05-bc4d-04fd38aa5047,2026-08-25T04:15:00Z,2026-08-25T06:15:00+0200,175.37718,MW,DE,DE_LU,forecast_solar_generation,Solar,2026-08-29T22:40:46Z
2026-08-29T22:37:58Z,2026-08-30T00:37:58+0200,ede4ebfd-4cb0-4b05-bc4d-04fd38aa5047,2026-08-25T04:30:00Z,2026-08-25T06:30:00+0200,608.74438,MW,DE,DE_LU,forecast_solar_generation,Solar,2026-08-29T22:40:46Z
2026-08-29T22:37:58Z,2026-08-30T00:37:58+0200,ede4ebfd-4cb0-4b05-bc4d-04fd38aa5047,2026-08-25T04:45:00Z,2026-08-25T06:45:00+0200,1338.20283,MW,DE,DE_LU,forecast_solar_generation,Solar,2026-08-29T22:40:46Z
2026-08-29T22:37:58Z,2026-08-30T00:37:58+0200,ede4ebfd-4cb0-4b05-bc4d-04fd38aa5047,2026-08-25T05:00:00Z,2026-08-25T07:00:00+0200,2395.96207,MW,DE,DE_LU,forecast_solar_generation,Solar,2026-08-29T22:40:46Z
2026-08-29T22:37:58Z,2026-08-30T00:37:58+0200,ede4ebfd-4cb0-4b05-bc4d-04fd38aa5047,2026-08-25T05:15:00Z,2026-08-25T07:15:00+0200,3847.18415,MW,DE,DE_LU,forecast_solar_generation,Solar,2026-08-29T22:40:46Z
2026-08-29T22:37:58Z,2026-08-30T00:37:58+0200,ede4ebfd-4cb0-4b05-bc4d-04fd38aa5047,2026-08-25T05:30:00Z,2026-08-25T07:30:00+0200,5698.16753,MW,DE,DE_LU,forecast_solar_generation,Solar,2026-08-29T22:40:46Z
2026-08-29T22:37:58Z,2026-08-30T00:37:58+0200,ede4ebfd-4cb0-4b05-bc4d-04fd38aa5047,2026-08-25T05:45:00Z,2026-08-25T07:45:00+0200,7863.87985,MW,DE,DE_LU,forecast_solar_generation,Solar,2026-08-29T22:40:46Z
2026-08-29T22:37:58Z,2026-08-30T00:37:58+0200,ede4ebfd-4cb0-4b05-bc4d-04fd38aa5047,2026-08-25T06:00:00Z,2026-08-25T08:00:00+0200,10215.44635,MW,DE,DE_LU,forecast_solar_generation,Solar,2026-08-29T22:40:46Z
2026-08-29T22:37:58Z,2026-08-30T00:37:58+0200,ede4ebfd-4cb0-4b05-bc4d-04fd38aa5047,2026-08-25T06:15:00Z,2026-08-25T08:15:00+0200,12705.36222,MW,DE,DE_LU,forecast_solar_generation,Solar,2026-08-29T22:40:46Z
2026-08-29T22:37:58Z,2026-08-30T00:37:58+0200,ede4ebfd-4cb0-4b05-bc4d-04fd38aa5047,2026-08-25T06:30:00Z,2026-08-25T08:30:00+0200,15265.97397,MW,DE,DE_LU,forecast_solar_generation,Solar,2026-08-29T22:40:46Z
2026-08-29T22:37:58Z,2026-08-30T00:37:58+0200,ede4ebfd-4cb0-4b05-bc4d-04fd38aa5047,2026-08-25T06:45:00Z,2026-08-25T08:45:00+0200,17829.04859,MW,DE,DE_LU,forecast_solar_generation,Solar,2026-08-29T22:40:46Z
2026-08-29T22:37:58Z,2026-08-30T00:37:58+0200,ede4ebfd-4cb0-4b05-bc4d-04fd38aa5047,2026-08-25T07:00:00Z,2026-08-25T09:00:00+0200,20327.16951,MW,DE,DE_LU,forecast_solar_generation,Solar,2026-08-29T22:40:46Z
2026-08-29T22:37:58Z,2026-08-30T00:37:58+0200,ede4ebfd-4cb0-4b05-bc4d-04fd38aa5047,2026-08-25T07:15:00Z,2026-08-25T09:15:00+0200,22700.78959,MW,DE,DE_LU,forecast_solar_generation,Solar,2026-08-29T22:40:46Z
2026-08-29T22:37:58Z,2026-08-30T00:37:58+0200,ede4ebfd-4cb0-4b05-bc4d-04fd38aa5047,2026-08-25T07:30:00Z,2026-08-25T09:30:00+0200,24943.40771,MW,DE,DE_LU,forecast_solar_generation,Solar,2026-08-29T22:40:46Z
2026-08-29T22:37:58Z,2026-08-30T00:37:58+0200,ede4ebfd-4cb0-4b05-bc4d-04fd38aa5047,2026-08-25T07:45:00Z,2026-08-25T09:45:00+0200,27073.33351,MW,DE,DE_LU,forecast_solar_generation,Solar,2026-08-29T22:40:46Z
2026-08-29T22:37:58Z,2026-08-30T00:37:58+0200,ede4ebfd-4cb0-4b05-bc4d-04fd38aa5047,2026-08-25T08:00:00Z,2026-08-25T10:00:00+0200,29082.46488,MW,DE,DE_LU,forecast_solar_generation,Solar,2026-08-29T22:40:46Z
2026-08-29T22:37:58Z,2026-08-30T00:37:58+0200,ede4ebfd-4cb0-4b05-bc4d-04fd38aa5047,2026-08-25T08:15:00Z,2026-08-25T10:15:00+0200,30952.32075,MW,DE,DE_LU,forecast_solar_generation,Solar,2026-08-29T22:40:46Z
2026-08-29T22:37:58Z,2026-08-30T00:37:58+0200,ede4ebfd-4cb0-4b05-bc4d-04fd38aa5047,2026-08-25T08:30:00Z,2026-08-25T10:30:00+0200,32672.57486,MW,DE,DE_LU,forecast_solar_generation,Solar,2026-08-29T22:40:46Z
2026-08-29T22:37:58Z,2026-08-30T00:37:58+0200,ede4ebfd-4cb0-4b05-bc4d-04fd38aa5047,2026-08-25T08:45:00Z,2026-08-25T10:45:00+0200,34195.53143,MW,DE,DE_LU,forecast_solar_generation,Solar,2026-08-29T22:40:46Z
2026-08-29T22:37:58Z,2026-08-30T00:37:58+0200,ede4ebfd-4cb0-4b05-bc4d-04fd38aa5047,2026-08-25T09:00:00Z,2026-08-25T11:00:00+0200,35578.70662,MW,DE,DE_LU,forecast_solar_generation,Solar,2026-08-29T22:40:46Z
2026-08-29T22:37:58Z,2026-08-30T00:37:58+0200,ede4ebfd-4cb0-4b05-bc4d-04fd38aa5047,2026-08-25T09:15:00Z,2026-08-25T11:15:00+0200,36829.10453,MW,DE,DE_LU,forecast_solar_generation,Solar,2026-08-29T22:40:46Z
2026-08-29T22:37:58Z,2026-08-30T00:37:58+0200,ede4ebfd-4cb0-4b05-bc4d-04fd38aa5047,2026-08-25T09:30:00Z,2026-08-25T11:30:00+0200,37871.85551,MW,DE,DE_LU,forecast_solar_generation,Solar,2026-08-29T22:40:46Z
2026-08-29T22:37:58Z,2026-08-30T00:37:58+0200,ede4ebfd-4cb0-4b05-bc4d-04fd38aa5047,2026-08-25T09:45:00Z,2026-08-25T11:45:00+0200,38746.62574,MW,DE,DE_LU,forecast_solar_generation,Solar,2026-08-29T22:40:46Z
2026-08-29T22:37:58Z,2026-08-30T00:37:58+0200,ede4ebfd-4cb0-4b05-bc4d-04fd38aa5047,2026-08-25T10:00:00Z,2026-08-25T12:00:00+0200,39424.77402,MW,DE,DE_LU,forecast_solar_generation,Solar,2026-08-29T22:40:46Z
2026-08-29T22:37:58Z,2026-08-30T00:37:58+0200,ede4ebfd-4cb0-4b05-bc4d-04fd38aa5047,2026-08-25T10:15:00Z,2026-08-25T12:15:00+0200,39918.48859,MW,DE,DE_LU,forecast_solar_generation,Solar,2026-08-29T22:40:46Z
2026-08-29T22:37:58Z,2026-08-30T00:37:58+0200,ede4ebfd-4cb0-4b05-bc4d-04fd38aa5047,2026-08-25T10:30:00Z,2026-08-25T12:30:00+0200,40340.54047,MW,DE,DE_LU,forecast_solar_generation,Solar,2026-08-29T22:40:46Z
2026-08-29T22:37:58Z,2026-08-30T00:37:58+0200,ede4ebfd-4cb0-4b05-bc4d-04fd38aa5047,2026-08-25T10:45:00Z,2026-08-25T12:45:00+0200,40658.11521,MW,DE,DE_LU,forecast_solar_generation,Solar,2026-08-29T22:40:46Z
2026-08-29T22:37:58Z,2026-08-30T00:37:58+0200,ede4ebfd-4cb0-4b05-bc4d-04fd38aa5047,2026-08-25T11:00:00Z,2026-08-25T13:00:00+0200,40786.00549,MW,DE,DE_LU,forecast_solar_generation,Solar,2026-08-29T22:40:46Z
2026-08-29T22:37:58Z,2026-08-30T00:37:58+0200,ede4ebfd-4cb0-4b05-bc4d-04fd38aa5047,2026-08-25T11:15:00Z,2026-08-25T13:15:00+0200,40716.82958,MW,DE,DE_LU,forecast_solar_generation,Solar,2026-08-29T22:40:46Z
2026-08-29T22:37:58Z,2026-08-30T00:37:58+0200,ede4ebfd-4cb0-4b05-bc4d-04fd38aa5047,2026-08-25T11:30:00Z,2026-08-25T13:30:00+0200,40485.95508,MW,DE,DE_LU,forecast_solar_generation,Solar,2026-08-29T22:40:46Z
2026-08-29T22:37:58Z,2026-08-30T00:37:58+0200,ede4ebfd-4cb0-4b05-bc4d-04fd38aa5047,2026-08-25T11:45:00Z,2026-08-25T13:45:00+0200,40151.80834,MW,DE,DE_LU,forecast_solar_generation,Solar,2026-08-29T22:40:46Z
2026-08-29T22:37:58Z,2026-08-30T00:37:58+0200,ede4ebfd-4cb0-4b05-bc4d-04fd38aa5047,2026-08-25T12:00:00Z,2026-08-25T14:00:00+0200,39663.74906,MW,DE,DE_LU,forecast_solar_generation,Solar,2026-08-29T22:40:46Z
2026-08-29T22:37:58Z,2026-08-30T00:37:58+0200,ede4ebfd-4cb0-4b05-bc4d-04fd38aa5047,2026-08-25T12:15:00Z,2026-08-25T14:15:00+0200,39037.40266,MW,DE,DE_LU,forecast_solar_generation,Solar,2026-08-29T22:40:46Z
2026-08-29T22:37:58Z,2026-08-30T00:37:58+0200,ede4ebfd-4cb0-4b05-bc4d-04fd38aa5047,2026-08-25T12:30:00Z,2026-08-25T14:30:00+0200,38258.10942,MW,DE,DE_LU,forecast_solar_generation,Solar,2026-08-29T22:40:46Z
2026-08-29T22:37:58Z,2026-08-30T00:37:58+0200,ede4ebfd-4cb0-4b05-bc4d-04fd38aa5047,2026-08-25T12:45:00Z,2026-08-25T14:45:00+0200,37313.46139,MW,DE,DE_LU,forecast_solar_generation,Solar,2026-08-29T22:40:46Z
2026-08-29T22:37:58Z,2026-08-30T00:37:58+0200,ede4ebfd-4cb0-4b05-bc4d-04fd38aa5047,2026-08-25T13:00:00Z,2026-08-25T15:00:00+0200,36197.29393,MW,DE,DE_LU,forecast_solar_generation,Solar,2026-08-29T22:40:46Z
2026-08-29T22:37:58Z,2026-08-30T00:37:58+0200,ede4ebfd-4cb0-4b05-bc4d-04fd38aa5047,2026-08-25T13:15:00Z,2026-08-25T15:15:00+0200,34943.36973,MW,DE,DE_LU,forecast_solar_generation,Solar,2026-08-29T22:40:46Z
2026-08-29T22:37:58Z,2026-08-30T00:37:58+0200,ede4ebfd-4cb0-4b05-bc4d-04fd38aa5047,2026-08-25T13:30:00Z,2026-08-25T15:30:00+0200,33542.13424,MW,DE,DE_LU,forecast_solar_generation,Solar,2026-08-29T22:40:46Z
2026-08-29T22:37:58Z,2026-08-30T00:37:58+0200,ede4ebfd-4cb0-4b05-bc4d-04fd38aa5047,2026-08-25T13:45:00Z,2026-08-25T15:45:00+0200,32019.83044,MW,DE,DE_LU,forecast_solar_generation,Solar,2026-08-29T22:40:46Z
2026-08-29T22:37:58Z,2026-08-30T00:37:58+0200,ede4ebfd-4cb0-4b05-bc4d-04fd38aa5047,2026-08-25T14:00:00Z,2026-08-25T16:00:00+0200,30349.53688,MW,DE,DE_LU,forecast_solar_generation,Solar,2026-08-29T22:40:46Z
2026-08-29T22:37:58Z,2026-08-30T00:37:58+0200,ede4ebfd-4cb0-4b05-bc4d-04fd38aa5047,2026-08-25T14:15:00Z,2026-08-25T16:15:00+0200,28554.44134,MW,DE,DE_LU,forecast_solar_generation,Solar,2026-08-29T22:40:46Z
2026-08-29T22:37:58Z,2026-08-30T00:37:58+0200,ede4ebfd-4cb0-4b05-bc4d-04fd38aa5047,2026-08-25T14:30:00Z,2026-08-25T16:30:00+0200,26665.1863,MW,DE,DE_LU,forecast_solar_generation,Solar,2026-08-29T22:40:46Z
2026-08-29T22:37:58Z,2026-08-30T00:37:58+0200,ede4ebfd-4cb0-4b05-bc4d-04fd38aa5047,2026-08-25T14:45:00Z,2026-08-25T16:45:00+0200,24631.13749,MW,DE,DE_LU,forecast_solar_generation,Solar,2026-08-29T22:40:46Z
2026-08-29T22:37:58Z,2026-08-30T00:37:58+0200,ede4ebfd-4cb0-4b05-bc4d-04fd38aa5047,2026-08-25T15:00:00Z,2026-08-25T17:00:00+0200,22466.9219,MW,DE,DE_LU,forecast_solar_generation,Solar,2026-08-29T22:40:46Z
2026-08-29T22:37:58Z,2026-08-30T00:37:58+0200,ede4ebfd-4cb0-4b05-bc4d-04fd38aa5047,2026-08-25T15:15:00Z,2026-08-25T17:15:00+0200,20161.52453,MW,DE,DE_LU,forecast_solar_generation,Solar,2026-08-29T22:40:46Z
2026-08-29T22:37:58Z,2026-08-30T00:37:58+0200,ede4ebfd-4cb0-4b05-bc4d-04fd38aa5047,2026-08-25T15:30:00Z,2026-08-25T17:30:00+0200,17738.57612,MW,DE,DE_LU,forecast_solar_generation,Solar,2026-08-29T22:40:46Z
2026-08-29T22:37:58Z,2026-08-30T00:37:58+0200,ede4ebfd-4cb0-4b05-bc4d-04fd38aa5047,2026-08-25T15:45:00Z,2026-08-25T17:45:00+0200,15277.46554,MW,DE,DE_LU,forecast_solar_generation,Solar,2026-08-29T22:40:46Z
2026-08-29T22:37:58Z,2026-08-30T00:37:58+0200,ede4ebfd-4cb0-4b05-bc4d-04fd38aa5047,2026-08-25T16:00:00Z,2026-08-25T18:00:00+0200,12853.95141,MW,DE,DE_LU,forecast_solar_generation,Solar,2026-08-29T22:40:46Z
2026-08-29T22:37:58Z,2026-08-30T00:37:58+0200,ede4ebfd-4cb0-4b05-bc4d-04fd38aa5047,2026-08-25T16:15:00Z,2026-08-25T18:15:00+0200,10491.33203,MW,DE,DE_LU,forecast_solar_generation,Solar,2026-08-29T22:40:46Z
2026-08-29T22:37:58Z,2026-08-30T00:37:58+0200,ede4ebfd-4cb0-4b05-bc4d-04fd38aa5047,2026-08-25T16:30:00Z,2026-08-25T18:30:00+0200,8245.1459,MW,DE,DE_LU,forecast_solar_generation,Solar,2026-08-29T22:40:46Z
2026-08-29T22:37:58Z,2026-08-30T00:37:58+0200,ede4ebfd-4cb0-4b05-bc4d-04fd38aa5047,2026-08-25T16:45:00Z,2026-08-25T18:45:00+0200,6161.26401,MW,DE,DE_LU,forecast_solar_generation,Solar,2026-08-29T22:40:46Z
2026-08-29T22:37:58Z,2026-08-30T00:37:58+0200,ede4ebfd-4cb0-4b05-bc4d-04fd38aa5047,2026-08-25T17:00:00Z,2026-08-25T19:00:00+0200,4328.08933,MW,DE,DE_LU,forecast_solar_generation,Solar,2026-08-29T22:40:46Z
2026-08-29T22:37:58Z,2026-08-30T00:37:58+0200,ede4ebfd-4cb0-4b05-bc4d-04fd38aa5047,2026-08-25T17:15:00Z,2026-08-25T19:15:00+0200,2851.26753,MW,DE,DE_LU,forecast_solar_generation,Solar,2026-08-29T22:40:46Z
2026-08-29T22:37:58Z,2026-08-30T00:37:58+0200,ede4ebfd-4cb0-4b05-bc4d-04fd38aa5047,2026-08-25T17:30:00Z,2026-08-25T19:30:00+0200,1704.29523,MW,DE,DE_LU,forecast_solar_generation,Solar,2026-08-29T22:40:46Z
2026-08-29T22:37:58Z,2026-08-30T00:37:58+0200,ede4ebfd-4cb0-4b05-bc4d-04fd38aa5047,2026-08-25T17:45:00Z,2026-08-25T19:45:00+0200,821.4432,MW,DE,DE_LU,forecast_solar_generation,Solar,2026-08-29T22:40:46Z
2026-08-29T22:37:58Z,2026-08-30T00:37:58+0200,ede4ebfd-4cb0-4b05-bc4d-04fd38aa5047,2026-08-25T18:00:00Z,2026-08-25T20:00:00+0200,258.34729,MW,DE,DE_LU,forecast_solar_generation,Solar,2026-08-29T22:40:46Z
2026-08-29T22:37:58Z,2026-08-30T00:37:58+0200,ede4ebfd-4cb0-4b05-bc4d-04fd38aa5047,2026-08-25T18:15:00Z,2026-08-25T20:15:00+0200,58.16104,MW,DE,DE_LU,forecast_solar_generation,Solar,2026-08-29T22:40:46Z
2026-08-29T22:37:58Z,2026-08-30T00:37:58+0200,ede4ebfd-4cb0-4b05-bc4d-04fd38aa5047,2026-08-25T18:30:00Z,2026-08-25T20:30:00+0200,18.31219,MW,DE,DE_LU,forecast_solar_generation,Solar,2026-08-29T22:40:46Z
2026-08-29T22:37:58Z,2026-08-30T00:37:58+0200,ede4ebfd-4cb0-4b05-bc4d-04fd38aa5047,2026-08-25T18:45:00Z,2026-08-25T20:45:00+0200,0.0,MW,DE,DE_LU,forecast_solar_generation,Solar,2026-08-29T22:40:46Z
2026-08-29T22:37:58Z,2026-08-30T00:37:58+0200,ede4ebfd-4cb0-4b05-bc4d-04fd38aa5047,2026-08-25T19:00:00Z,2026-08-25T21:00:00+0200,0.0,MW,DE,DE_LU,forecast_solar_generation,Solar,2026-08-29T22:40:46Z
2026-08-29T22:37:58Z,2026-08-30T00:37:58+0200,ede4ebfd-4cb0-4b05-bc4d-04fd38aa5047,2026-08-25T19:15:00Z,2026-08-25T21:15:00+0200,0.0,MW,DE,DE_LU,forecast_solar_generation,Solar,2026-08-29T22:40:46Z
2026-08-29T22:37:58Z,2026-08-30T00:37:58+0200,ede4ebfd-4cb0-4b05-bc4d-04fd38aa5047,2026-08-25T19:30:00Z,2026-08-25T21:30:00+0200,0.0,MW,DE,DE_LU,forecast_solar_generation,Solar,2026-08-29T22:40:46Z
2026-08-29T22:37:58Z,2026-08-30T00:37:58+0200,ede4ebfd-4cb0-4b05-bc4d-04fd38aa5047,2026-08-25T19:45:00Z,2026-08-25T21:45:00+0200,0.0,MW,DE,DE_LU,forecast_solar_generation,Solar,2026-08-29T22:40:46Z
2026-08-29T22:37:58Z,2026-08-30T00:37:58+0200,ede4ebfd-4cb0-4b05-bc4d-04fd38aa5047,2026-08-25T20:00:00Z,2026-08-25T22:00:00+0200,0.0,MW,DE,DE_LU,forecast_solar_generation,Solar,2026-08-29T22:40:46Z
2026-08-29T22:37:58Z,2026-08-30T00:37:58+0200,ede4ebfd-4cb0-4b05-bc4d-04fd38aa5047,2026-08-25T20:15:00Z,2026-08-25T22:15:00+0200,0.0,MW,DE,DE_LU,forecast_solar_generation,Solar,2026-08-29T22:40:46Z
2026-08-29T22:37:58Z,2026-08-30T00:37:58+0200,ede4ebfd-4cb0-4b05-bc4d-04fd38aa5047,2026-08-25T20:30:00Z,2026-08-25T22:30:00+0200,0.0,MW,DE,DE_LU,forecast_solar_generation,Solar,2026-08-29T22:40:46Z
2026-08-29T22:37:58Z,2026-08-30T00:37:58+0200,ede4ebfd-4cb0-4b05-bc4d-04fd38aa5047,2026-08-25T20:45:00Z,2026-08-25T22:45:00+0200,0.0,MW,DE,DE_LU,forecast_solar_generation,Solar,2026-08-29T22:40:46Z
2026-08-29T22:37:58Z,2026-08-30T00:37:58+0200,ede4ebfd-4cb0-4b05-bc4d-04fd38aa5047,2026-08-25T21:00:00Z,2026-08-25T23:00:00+0200,0.0,MW,DE,DE_LU,forecast_solar_generation,Solar,2026-08-29T22:40:46Z
2026-08-29T22:37:58Z,2026-08-30T00:37:58+0200,ede4ebfd-4cb0-4b05-bc4d-04fd38aa5047,2026-08-25T21:15:00Z,2026-08-25T23:15:00+0200,0.0,MW,DE,DE_LU,forecast_solar_generation,Solar,2026-08-29T22:40:46Z
2026-08-29T22:37:58Z,2026-08-30T00:37:58+0200,ede4ebfd-4cb0-4b05-bc4d-04fd38aa5047,2026-08-25T21:30:00Z,2026-08-25T23:30:00+0200,0.0,MW,DE,DE_LU,forecast_solar_generation,Solar,2026-08-29T22:40:46Z
2026-08-29T22:37:58Z,2026-08-30T00:37:58+0200,ede4ebfd-4cb0-4b05-bc4d-04fd38aa5047,2026-08-25T21:45:00Z,2026-08-25T23:45:00+0200,0.0,MW,DE,DE_LU,forecast_solar_generation,Solar,2026-08-29T22:40:46Z
2026-08-29T22:37:58Z,2026-08-30T00:37:58+0200,ede4ebfd-4cb0-4b05-bc4d-04fd38aa5047,2026-08-25T22:00:00Z,2026-08-26T00:00:00+0200,0.0,MW,DE,DE_LU,forecast_solar_generation,Solar,2026-08-29T22:40:46Z
2026-08-29T22:37:58Z,2026-08-30T00:37:58+0200,ede4ebfd-4cb0-4b05-bc4d-04fd38aa5047,2026-08-25T22:15:00Z,2026-08-26T00:15:00+0200,0.0,MW,DE,DE_LU,forecast_solar_generation,Solar,2026-08-29T22:40:46Z
2026-08-29T22:37:58Z,2026-08-30T00:37:58+0200,ede4ebfd-4cb0-4b05-bc4d-04fd38aa5047,2026-08-25T22:30:00Z,2026-08-26T00:30:00+0200,0.0,MW,DE,DE_LU,forecast_solar_generation,Solar,2026-08-29T22:40:46Z
2026-08-29T22:37:58Z,2026-08-30T00:37:58+0200,ede4ebfd-4cb0-4b05-bc4d-04fd38aa5047,2026-08-25T22:45:00Z,2026-08-26T00:45:00+0200,0.0,MW,DE,DE_LU,forecast_solar_generation,Solar,2026-08-29T22:40:46Z
2026-08-29T22:37:58Z,2026-08-30T00:37:58+0200,ede4ebfd-4cb0-4b05-bc4d-04fd38aa5047,2026-08-25T23:00:00Z,2026-08-26T01:00:00+0200,0.0,MW,DE,DE_LU,forecast_solar_generation,Solar,2026-08-29T22:40:46Z
2026-08-29T22:37:58Z,2026-08-30T00:37:58+0200,ede4ebfd-4cb0-4b05-bc4d-04fd38aa5047,2026-08-25T23:15:00Z,2026-08-26T01:15:00+0200,0.0,MW,DE,DE_LU,forecast_solar_generation,Solar,2026-08-29T22:40:46Z
2026-08-29T22:37:58Z,2026-08-30T00:37:58+0200,ede4ebfd-4cb0-4b05-bc4d-04fd38aa5047,2026-08-25T23:30:00Z,2026-08-26T01:30:00+0200,0.0,MW,DE,DE_LU,forecast_solar_generation,Solar,2026-08-29T22:40:46Z
2026-08-29T22:37:58Z,2026-08-30T00:37:58+0200,ede4ebfd-4cb0-4b05-bc4d-04fd38aa5047,2026-08-25T23:45:00Z,2026-08-26T01:45:00+0200,0.0,MW,DE,DE_LU,forecast_solar_generation,Solar,2026-08-29T22:40:46Z
2026-08-29T22:37:58Z,2026-08-30T00:37:58+0200,ede4ebfd-4cb0-4b05-bc4d-04fd38aa5047,2026-08-26T00:00:00Z,2026-08-26T02:00:00+0200,0.0,MW,DE,DE_LU,forecast_solar_generation,Solar,2026-08-29T22:40:46Z
2026-08-29T22:37:58Z,2026-08-30T00:37:58+0200,ede4ebfd-4cb0-4b05-bc4d-04fd38aa5047,2026-08-26T00:15:00Z,2026-08-26T02:15:00+0200,0.0,MW,DE,DE_LU,forecast_solar_generation,Solar,2026-08-29T22:40:46Z
2026-08-29T22:37:58Z,2026-08-30T00:37:58+0200,ede4ebfd-4cb0-4b05-bc4d-04fd38aa5047,2026-08-26T00:30:00Z,2026-08-26T02:30:00+0200,0.0,MW,DE,DE_LU,forecast_solar_generation,Solar,2026-08-29T22:40:46Z
2026-08-29T22:37:58Z,2026-08-30T00:37:58+0200,ede4ebfd-4cb0-4b05-bc4d-04fd38aa5047,2026-08-26T00:45:00Z,2026-08-26T02:45:00+0200,0.0,MW,DE,DE_LU,forecast_solar_generation,Solar,2026-08-29T22:40:46Z
2026-08-29T22:37:58Z,2026-08-30T00:37:58+0200,ede4ebfd-4cb0-4b05-bc4d-04fd38aa5047,2026-08-26T01:00:00Z,2026-08-26T03:00:00+0200,0.0,MW,DE,DE_LU,forecast_solar_generation,Solar,2026-08-29T22:40:46Z
2026-08-29T22:37:58Z,2026-08-30T00:37:58+0200,ede4ebfd-4cb0-4b05-bc4d-04fd38aa5047,2026-08-26T01:15:00Z,2026-08-26T03:15:00+0200,0.0,MW,DE,DE_LU,forecast_solar_generation,Solar,2026-08-29T22:40:46Z
2026-08-29T22:37:58Z,2026-08-30T00:37:58+0200,ede4ebfd-4cb0-4b05-bc4d-04fd38aa5047,2026-08-26T01:30:00Z,2026-08-26T03:30:00+0200,0.0,MW,DE,DE_LU,forecast_solar_generation,Solar,2026-08-29T22:40:46Z
2026-08-29T22:37:58Z,2026-08-30T00:37:58+0200,ede4ebfd-4cb0-4b05-bc4d-04fd38aa5047,2026-08-26T01:45:00Z,2026-08-26T03:45:00+0200,0.0,MW,DE,DE_LU,forecast_solar_generation,Solar,2026-08-29T22:40:46Z
2026-08-29T22:37:58Z,2026-08-30T00:37:58+0200,ede4ebfd-4cb0-4b05-bc4d-04fd38aa5047,2026-08-26T02:00:00Z,2026-08-26T04:00:00+0200,0.0,MW,DE,DE_LU,forecast_solar_generation,Solar,2026-08-29T22:40:46Z
2026-08-29T22:37:58Z,2026-08-30T00:37:58+0200,ede4ebfd-4cb0-4b05-bc4d-04fd38aa5047,2026-08-26T02:15:00Z,2026-08-26T04:15:00+0200,0.0,MW,DE,DE_LU,forecast_solar_generation,Solar,2026-08-29T22:40:46Z
2026-08-29T22:37:58Z,2026-08-30T00:37:58+0200,ede4ebfd-4cb0-4b05-bc4d-04fd38aa5047,2026-08-26T02:30:00Z,2026-08-26T04:30:00+0200,0.0,MW,DE,DE_LU,forecast_solar_generation,Solar,2026-08-29T22:40:46Z
2026-08-29T22:37:58Z,2026-08-30T00:37:58+0200,ede4ebfd-4cb0-4b05-bc4d-04fd38aa5047,2026-08-26T02:45:00Z,2026-08-26T04:45:00+0200,0.0,MW,DE,DE_LU,forecast_solar_generation,Solar,2026-08-29T22:40:46Z
2026-08-29T22:37:58Z,2026-08-30T00:37:58+0200,ede4ebfd-4cb0-4b05-bc4d-04fd38aa5047,2026-08-26T03:00:00Z,2026-08-26T05:00:00+0200,0.0,MW,DE,DE_LU,forecast_solar_generation,Solar,2026-08-29T22:40:46Z
2026-08-29T22:37:58Z,2026-08-30T00:37:58+0200,ede4ebfd-4cb0-4b05-bc4d-04fd38aa5047,2026-08-26T03:15:00Z,2026-08-26T05:15:00+0200,0.0,MW,DE,DE_LU,forecast_solar_generation,Solar,2026-08-29T22:40:46Z
2026-08-29T22:37:58Z,2026-08-30T00:37:58+0200,ede4ebfd-4cb0-4b05-bc4d-04fd38aa5047,2026-08-26T03:30:00Z,2026-08-26T05:30:00+0200,0.0,MW,DE,DE_LU,forecast_solar_generation,Solar,2026-08-29T22:40:46Z
2026-08-29T22:37:58Z,2026-08-30T00:37:58+0200,ede4ebfd-4cb0-4b05-bc4d-04fd38aa5047,2026-08-26T03:45:00Z,2026-08-26T05:45:00+0200,0.0,MW,DE,DE_LU,forecast_solar_generation,Solar,2026-08-29T22:40:46Z
2026-08-29T22:37:58Z,2026-08-30T00:37:58+0200,ede4ebfd-4cb0-4b05-bc4d-04fd38aa5047,2026-08-26T04:00:00Z,2026-08-26T06:00:00+0200,14.748,MW,DE,DE_LU,forecast_solar_generation,Solar,2026-08-29T22:40:46Z
2026-08-29T22:37:58Z,2026-08-30T00:37:58+0200,ede4ebfd-4cb0-4b05-bc4d-04fd38aa5047,2026-08-26T04:15:00Z,2026-08-26T06:15:00+0200,110.95004,MW,DE,DE_LU,forecast_solar_generation,Solar,2026-08-29T22:40:46Z
2026-08-29T22:37:58Z,2026-08-30T00:37:58+0200,ede4ebfd-4cb0-4b05-bc4d-04fd38aa5047,2026-08-26T04:30:00Z,2026-08-26T06:30:00+0200,417.98536,MW,DE,DE_LU,forecast_solar_generation,Solar,2026-08-29T22:40:46Z
2026-08-29T22:37:58Z,2026-08-30T00:37:58+0200,ede4ebfd-4cb0-4b05-bc4d-04fd38aa5047,2026-08-26T04:45:00Z,2026-08-26T06:45:00+0200,995.91107,MW,DE,DE_LU,forecast_solar_generation,Solar,2026-08-29T22:40:46Z
2026-08-29T22:37:58Z,2026-08-30T00:37:58+0200,ede4ebfd-4cb0-4b05-bc4d-04fd38aa5047,2026-08-26T05:00:00Z,2026-08-26T07:00:00+0200,1944.41343,MW,DE,DE_LU,forecast_solar_generation,Solar,2026-08-29T22:40:46Z
2026-08-29T22:37:58Z,2026-08-30T00:37:58+0200,ede4ebfd-4cb0-4b05-bc4d-04fd38aa5047,2026-08-26T05:15:00Z,2026-08-26T07:15:00+0200,3252.64261,MW,DE,DE_LU,forecast_solar_generation,Solar,2026-08-29T22:40:46Z
2026-08-29T22:37:58Z,2026-08-30T00:37:58+0200,ede4ebfd-4cb0-4b05-bc4d-04fd38aa5047,2026-08-26T05:30:00Z,2026-08-26T07:30:00+0200,4894.34347,MW,DE,DE_LU,forecast_solar_generation,Solar,2026-08-29T22:40:46Z
2026-08-29T22:37:58Z,2026-08-30T00:37:58+0200,ede4ebfd-4cb0-4b05-bc4d-04fd38aa5047,2026-08-26T05:45:00Z,2026-08-26T07:45:00+0200,6829.64607,MW,DE,DE_LU,forecast_solar_generation,Solar,2026-08-29T22:40:46Z
2026-08-29T22:37:58Z,2026-08-30T00:37:58+0200,ede4ebfd-4cb0-4b05-bc4d-04fd38aa5047,2026-08-26T06:00:00Z,2026-08-26T08:00:00+0200,8945.25949,MW,DE,DE_LU,forecast_solar_generation,Solar,2026-08-29T22:40:46Z
2026-08-29T22:37:58Z,2026-08-30T00:37:58+0200,ede4ebfd-4cb0-4b05-bc4d-04fd38aa5047,2026-08-26T06:15:00Z,2026-08-26T08:15:00+0200,11247.85561,MW,DE,DE_LU,forecast_solar_generation,Solar,2026-08-29T22:40:46Z
2026-08-29T22:37:58Z,2026-08-30T00:37:58+0200,ede4ebfd-4cb0-4b05-bc4d-04fd38aa5047,2026-08-26T06:30:00Z,2026-08-26T08:30:00+0200,13738.03596,MW,DE,DE_LU,forecast_solar_generation,Solar,2026-08-29T22:40:46Z
2026-08-29T22:37:58Z,2026-08-30T00:37:58+0200,ede4ebfd-4cb0-4b05-bc4d-04fd38aa5047,2026-08-26T06:45:00Z,2026-08-26T08:45:00+0200,16322.757,MW,DE,DE_LU,forecast_solar_generation,Solar,2026-08-29T22:40:46Z
2026-08-29T22:37:58Z,2026-08-30T00:37:58+0200,ede4ebfd-4cb0-4b05-bc4d-04fd38aa5047,2026-08-26T07:00:00Z,2026-08-26T09:00:00+0200,18977.26684,MW,DE,DE_LU,forecast_solar_generation,Solar,2026-08-29T22:40:46Z
2026-08-29T22:37:58Z,2026-08-30T00:37:58+0200,ede4ebfd-4cb0-4b05-bc4d-04fd38aa5047,2026-08-26T07:15:00Z,2026-08-26T09:15:00+0200,21665.10311,MW,DE,DE_LU,forecast_solar_generation,Solar,2026-08-29T22:40:46Z
2026-08-29T22:37:58Z,2026-08-30T00:37:58+0200,ede4ebfd-4cb0-4b05-bc4d-04fd38aa5047,2026-08-26T07:30:00Z,2026-08-26T09:30:00+0200,24274.60728,MW,DE,DE_LU,forecast_solar_generation,Solar,2026-08-29T22:40:46Z
2026-08-29T22:37:58Z,2026-08-30T00:37:58+0200,ede4ebfd-4cb0-4b05-bc4d-04fd38aa5047,2026-08-26T07:45:00Z,2026-08-26T09:45:00+0200,26749.50717,MW,DE,DE_LU,forecast_solar_generation,Solar,2026-08-29T22:40:46Z
2026-08-29T22:37:58Z,2026-08-30T00:37:58+0200,ede4ebfd-4cb0-4b05-bc4d-04fd38aa5047,2026-08-26T08:00:00Z,2026-08-26T10:00:00+0200,29061.17099,MW,DE,DE_LU,forecast_solar_generation,Solar,2026-08-29T22:40:46Z
2026-08-29T22:37:58Z,2026-08-30T00:37:58+0200,ede4ebfd-4cb0-4b05-bc4d-04fd38aa5047,2026-08-26T08:15:00Z,2026-08-26T10:15:00+0200,31200.98347,MW,DE,DE_LU,forecast_solar_generation,Solar,2026-08-29T22:40:46Z
2026-08-29T22:37:58Z,2026-08-30T00:37:58+0200,ede4ebfd-4cb0-4b05-bc4d-04fd38aa5047,2026-08-26T08:30:00Z,2026-08-26T10:30:00+0200,33125.03628,MW,DE,DE_LU,forecast_solar_generation,Solar,2026-08-29T22:40:46Z
2026-08-29T22:37:58Z,2026-08-30T00:37:58+0200,ede4ebfd-4cb0-4b05-bc4d-04fd38aa5047,2026-08-26T08:45:00Z,2026-08-26T10:45:00+0200,34839.36694,MW,DE,DE_LU,forecast_solar_generation,Solar,2026-08-29T22:40:46Z
2026-08-29T22:37:58Z,2026-08-30T00:37:58+0200,ede4ebfd-4cb0-4b05-bc4d-04fd38aa5047,2026-08-26T09:00:00Z,2026-08-26T11:00:00+0200,36368.88791,MW,DE,DE_LU,forecast_solar_generation,Solar,2026-08-29T22:40:46Z
2026-08-29T22:37:58Z,2026-08-30T00:37:58+0200,ede4ebfd-4cb0-4b05-bc4d-04fd38aa5047,2026-08-26T09:15:00Z,2026-08-26T11:15:00+0200,37732.9729,MW,DE,DE_LU,forecast_solar_generation,Solar,2026-08-29T22:40:46Z
2026-08-29T22:37:58Z,2026-08-30T00:37:58+0200,ede4ebfd-4cb0-4b05-bc4d-04fd38aa5047,2026-08-26T09:30:00Z,2026-08-26T11:30:00+0200,38865.87725,MW,DE,DE_LU,forecast_solar_generation,Solar,2026-08-29T22:40:46Z
2026-08-29T22:37:58Z,2026-08-30T00:37:58+0200,ede4ebfd-4cb0-4b05-bc4d-04fd38aa5047,2026-08-26T09:45:00Z,2026-08-26T11:45:00+0200,39800.60477,MW,DE,DE_LU,forecast_solar_generation,Solar,2026-08-29T22:40:46Z
2026-08-29T22:37:58Z,2026-08-30T00:37:58+0200,ede4ebfd-4cb0-4b05-bc4d-04fd38aa5047,2026-08-26T10:00:00Z,2026-08-26T12:00:00+0200,40514.53179,MW,DE,DE_LU,forecast_solar_generation,Solar,2026-08-29T22:40:46Z
2026-08-29T22:37:58Z,2026-08-30T00:37:58+0200,ede4ebfd-4cb0-4b05-bc4d-04fd38aa5047,2026-08-26T10:15:00Z,2026-08-26T12:15:00+0200,40987.74306,MW,DE,DE_LU,forecast_solar_generation,Solar,2026-08-29T22:40:46Z
2026-08-29T22:37:58Z,2026-08-30T00:37:58+0200,ede4ebfd-4cb0-4b05-bc4d-04fd38aa5047,2026-08-26T10:30:00Z,2026-08-26T12:30:00+0200,41296.56536,MW,DE,DE_LU,forecast_solar_generation,Solar,2026-08-29T22:40:46Z
2026-08-29T22:37:58Z,2026-08-30T00:37:58+0200,ede4ebfd-4cb0-4b05-bc4d-04fd38aa5047,2026-08-26T10:45:00Z,2026-08-26T12:45:00+0200,41483.72625,MW,DE,DE_LU,forecast_solar_generation,Solar,2026-08-29T22:40:46Z
2026-08-29T22:37:58Z,2026-08-30T00:37:58+0200,ede4ebfd-4cb0-4b05-bc4d-04fd38aa5047,2026-08-26T11:00:00Z,2026-08-26T13:00:00+0200,41493.22,MW,DE,DE_LU,forecast_solar_generation,Solar,2026-08-29T22:40:46Z
2026-08-29T22:37:58Z,2026-08-30T00:37:58+0200,ede4ebfd-4cb0-4b05-bc4d-04fd38aa5047,2026-08-26T11:15:00Z,2026-08-26T13:15:00+0200,41376.75933,MW,DE,DE_LU,forecast_solar_generation,Solar,2026-08-29T22:40:46Z
2026-08-29T22:37:58Z,2026-08-30T00:37:58+0200,ede4ebfd-4cb0-4b05-bc4d-04fd38aa5047,2026-08-26T11:30:00Z,2026-08-26T13:30:00+0200,41108.1572,MW,DE,DE_LU,forecast_solar_generation,Solar,2026-08-29T22:40:46Z
2026-08-29T22:37:58Z,2026-08-30T00:37:58+0200,ede4ebfd-4cb0-4b05-bc4d-04fd38aa5047,2026-08-26T11:45:00Z,2026-08-26T13:45:00+0200,40717.64313,MW,DE,DE_LU,forecast_solar_generation,Solar,2026-08-29T22:40:46Z
2026-08-29T22:37:58Z,2026-08-30T00:37:58+0200,ede4ebfd-4cb0-4b05-bc4d-04fd38aa5047,2026-08-26T12:00:00Z,2026-08-26T14:00:00+0200,40150.80252,MW,DE,DE_LU,forecast_solar_generation,Solar,2026-08-29T22:40:46Z
2026-08-29T22:37:58Z,2026-08-30T00:37:58+0200,ede4ebfd-4cb0-4b05-bc4d-04fd38aa5047,2026-08-26T12:15:00Z,2026-08-26T14:15:00+0200,39434.78294,MW,DE,DE_LU,forecast_solar_generation,Solar,2026-08-29T22:40:46Z
2026-08-29T22:37:58Z,2026-08-30T00:37:58+0200,ede4ebfd-4cb0-4b05-bc4d-04fd38aa5047,2026-08-26T12:30:00Z,2026-08-26T14:30:00+0200,38604.04878,MW,DE,DE_LU,forecast_solar_generation,Solar,2026-08-29T22:40:46Z
2026-08-29T22:37:58Z,2026-08-30T00:37:58+0200,ede4ebfd-4cb0-4b05-bc4d-04fd38aa5047,2026-08-26T12:45:00Z,2026-08-26T14:45:00+0200,37717.28374,MW,DE,DE_LU,forecast_solar_generation,Solar,2026-08-29T22:40:46Z
2026-08-29T22:37:58Z,2026-08-30T00:37:58+0200,ede4ebfd-4cb0-4b05-bc4d-04fd38aa5047,2026-08-26T13:00:00Z,2026-08-26T15:00:00+0200,36686.7008,MW,DE,DE_LU,forecast_solar_generation,Solar,2026-08-29T22:40:46Z
2026-08-29T22:37:58Z,2026-08-30T00:37:58+0200,ede4ebfd-4cb0-4b05-bc4d-04fd38aa5047,2026-08-26T13:15:00Z,2026-08-26T15:15:00+0200,35555.95099,MW,DE,DE_LU,forecast_solar_generation,Solar,2026-08-29T22:40:46Z
2026-08-29T22:37:58Z,2026-08-30T00:37:58+0200,ede4ebfd-4cb0-4b05-bc4d-04fd38aa5047,2026-08-26T13:30:00Z,2026-08-26T15:30:00+0200,34319.51548,MW,DE,DE_LU,forecast_solar_generation,Solar,2026-08-29T22:40:46Z
2026-08-29T22:37:58Z,2026-08-30T00:37:58+0200,ede4ebfd-4cb0-4b05-bc4d-04fd38aa5047,2026-08-26T13:45:00Z,2026-08-26T15:45:00+0200,32973.79901,MW,DE,DE_LU,forecast_solar_generation,Solar,2026-08-29T22:40:46Z
2026-08-29T22:37:58Z,2026-08-30T00:37:58+0200,ede4ebfd-4cb0-4b05-bc4d-04fd38aa5047,2026-08-26T14:00:00Z,2026-08-26T16:00:00+0200,31448.04317,MW,DE,DE_LU,forecast_solar_generation,Solar,2026-08-29T22:40:46Z
2026-08-29T22:37:58Z,2026-08-30T00:37:58+0200,ede4ebfd-4cb0-4b05-bc4d-04fd38aa5047,2026-08-26T14:15:00Z,2026-08-26T16:15:00+0200,29750.15358,MW,DE,DE_LU,forecast_solar_generation,Solar,2026-08-29T22:40:46Z
2026-08-29T22:37:58Z,2026-08-30T00:37:58+0200,ede4ebfd-4cb0-4b05-bc4d-04fd38aa5047,2026-08-26T14:30:00Z,2026-08-26T16:30:00+0200,27890.37383,MW,DE,DE_LU,forecast_solar_generation,Solar,2026-08-29T22:40:46Z
2026-08-29T22:37:58Z,2026-08-30T00:37:58+0200,ede4ebfd-4cb0-4b05-bc4d-04fd38aa5047,2026-08-26T14:45:00Z,2026-08-26T16:45:00+0200,25861.81001,MW,DE,DE_LU,forecast_solar_generation,Solar,2026-08-29T22:40:46Z
2026-08-29T22:37:58Z,2026-08-30T00:37:58+0200,ede4ebfd-4cb0-4b05-bc4d-04fd38aa5047,2026-08-26T15:00:00Z,2026-08-26T17:00:00+0200,23685.16132,MW,DE,DE_LU,forecast_solar_generation,Solar,2026-08-29T22:40:46Z
2026-08-29T22:37:58Z,2026-08-30T00:37:58+0200,ede4ebfd-4cb0-4b05-bc4d-04fd38aa5047,2026-08-26T15:15:00Z,2026-08-26T17:15:00+0200,21345.88651,MW,DE,DE_LU,forecast_solar_generation,Solar,2026-08-29T22:40:46Z
2026-08-29T22:37:58Z,2026-08-30T00:37:58+0200,ede4ebfd-4cb0-4b05-bc4d-04fd38aa5047,2026-08-26T15:30:00Z,2026-08-26T17:30:00+0200,18898.71496,MW,DE,DE_LU,forecast_solar_generation,Solar,2026-08-29T22:40:46Z
2026-08-29T22:37:58Z,2026-08-30T00:37:58+0200,ede4ebfd-4cb0-4b05-bc4d-04fd38aa5047,2026-08-26T15:45:00Z,2026-08-26T17:45:00+0200,16403.14812,MW,DE,DE_LU,forecast_solar_generation,Solar,2026-08-29T22:40:46Z
2026-08-29T22:37:58Z,2026-08-30T00:37:58+0200,ede4ebfd-4cb0-4b05-bc4d-04fd38aa5047,2026-08-26T16:00:00Z,2026-08-26T18:00:00+0200,13895.91712,MW,DE,DE_LU,forecast_solar_generation,Solar,2026-08-29T22:40:46Z
2026-08-29T22:37:58Z,2026-08-30T00:37:58+0200,ede4ebfd-4cb0-4b05-bc4d-04fd38aa5047,2026-08-26T16:15:00Z,2026-08-26T18:15:00+0200,11422.95116,MW,DE,DE_LU,forecast_solar_generation,Solar,2026-08-29T22:40:46Z
2026-08-29T22:37:58Z,2026-08-30T00:37:58+0200,ede4ebfd-4cb0-4b05-bc4d-04fd38aa5047,2026-08-26T16:30:00Z,2026-08-26T18:30:00+0200,9005.60608,MW,DE,DE_LU,forecast_solar_generation,Solar,2026-08-29T22:40:46Z
2026-08-29T22:37:58Z,2026-08-30T00:37:58+0200,ede4ebfd-4cb0-4b05-bc4d-04fd38aa5047,2026-08-26T16:45:00Z,2026-08-26T18:45:00+0200,6738.39689,MW,DE,DE_LU,forecast_solar_generation,Solar,2026-08-29T22:40:46Z
2026-08-29T22:37:58Z,2026-08-30T00:37:58+0200,ede4ebfd-4cb0-4b05-bc4d-04fd38aa5047,2026-08-26T17:00:00Z,2026-08-26T19:00:00+0200,4736.59685,MW,DE,DE_LU,forecast_solar_generation,Solar,2026-08-29T22:40:46Z
2026-08-29T22:37:58Z,2026-08-30T00:37:58+0200,ede4ebfd-4cb0-4b05-bc4d-04fd38aa5047,2026-08-26T17:15:00Z,2026-08-26T19:15:00+0200,3095.42205,MW,DE,DE_LU,forecast_solar_generation,Solar,2026-08-29T22:40:46Z
2026-08-29T22:37:58Z,2026-08-30T00:37:58+0200,ede4ebfd-4cb0-4b05-bc4d-04fd38aa5047,2026-08-26T17:30:00Z,2026-08-26T19:30:00+0200,1812.2791,MW,DE,DE_LU,forecast_solar_generation,Solar,2026-08-29T22:40:46Z
2026-08-29T22:37:58Z,2026-08-30T00:37:58+0200,ede4ebfd-4cb0-4b05-bc4d-04fd38aa5047,2026-08-26T17:45:00Z,2026-08-26T19:45:00+0200,828.1356,MW,DE,DE_LU,forecast_solar_generation,Solar,2026-08-29T22:40:46Z
2026-08-29T22:37:58Z,2026-08-30T00:37:58+0200,ede4ebfd-4cb0-4b05-bc4d-04fd38aa5047,2026-08-26T18:00:00Z,2026-08-26T20:00:00+0200,237.68236,MW,DE,DE_LU,forecast_solar_generation,Solar,2026-08-29T22:40:46Z
2026-08-29T22:37:58Z,2026-08-30T00:37:58+0200,ede4ebfd-4cb0-4b05-bc4d-04fd38aa5047,2026-08-26T18:15:00Z,2026-08-26T20:15:00+0200,54.30551,MW,DE,DE_LU,forecast_solar_generation,Solar,2026-08-29T22:40:46Z
2026-08-29T22:37:58Z,2026-08-30T00:37:58+0200,ede4ebfd-4cb0-4b05-bc4d-04fd38aa5047,2026-08-26T18:30:00Z,2026-08-26T20:30:00+0200,14.6806,MW,DE,DE_LU,forecast_solar_generation,Solar,2026-08-29T22:40:46Z
2026-08-29T22:37:58Z,2026-08-30T00:37:58+0200,ede4ebfd-4cb0-4b05-bc4d-04fd38aa5047,2026-08-26T18:45:00Z,2026-08-26T20:45:00+0200,0.0,MW,DE,DE_LU,forecast_solar_generation,Solar,2026-08-29T22:40:46Z
2026-08-29T22:37:58Z,2026-08-30T00:37:58+0200,ede4ebfd-4cb0-4b05-bc4d-04fd38aa5047,2026-08-26T19:00:00Z,2026-08-26T21:00:00+0200,0.0,MW,DE,DE_LU,forecast_solar_generation,Solar,2026-08-29T22:40:46Z
2026-08-29T22:37:58Z,2026-08-30T00:37:58+0200,ede4ebfd-4cb0-4b05-bc4d-04fd38aa5047,2026-08-26T19:15:00Z,2026-08-26T21:15:00+0200,0.0,MW,DE,DE_LU,forecast_solar_generation,Solar,2026-08-29T22:40:46Z
2026-08-29T22:37:58Z,2026-08-30T00:37:58+0200,ede4ebfd-4cb0-4b05-bc4d-04fd38aa5047,2026-08-26T19:30:00Z,2026-08-26T21:30:00+0200,0.0,MW,DE,DE_LU,forecast_solar_generation,Solar,2026-08-29T22:40:46Z
2026-08-29T22:37:58Z,2026-08-30T00:37:58+0200,ede4ebfd-4cb0-4b05-bc4d-04fd38aa5047,2026-08-26T19:45:00Z,2026-08-26T21:45:00+0200,0.0,MW,DE,DE_LU,forecast_solar_generation,Solar,2026-08-29T22:40:46Z
2026-08-29T22:37:58Z,2026-08-30T00:37:58+0200,ede4ebfd-4cb0-4b05-bc4d-04fd38aa5047,2026-08-26T20:00:00Z,2026-08-26T22:00:00+0200,0.0,MW,DE,DE_LU,forecast_solar_generation,Solar,2026-08-29T22:40:46Z
2026-08-29T22:37:58Z,2026-08-30T00:37:58+0200,ede4ebfd-4cb0-4b05-bc4d-04fd38aa5047,2026-08-26T20:15:00Z,2026-08-26T22:15:00+0200,0.0,MW,DE,DE_LU,forecast_solar_generation,Solar,2026-08-29T22:40:46Z
2026-08-29T22:37:58Z,2026-08-30T00:37:58+0200,ede4ebfd-4cb0-4b05-bc4d-04fd38aa5047,2026-08-26T20:30:00Z,2026-08-26T22:30:00+0200,0.0,MW,DE,DE_LU,forecast_solar_generation,Solar,2026-08-29T22:40:46Z
2026-08-29T22:37:58Z,2026-08-30T00:37:58+0200,ede4ebfd-4cb0-4b05-bc4d-04fd38aa5047,2026-08-26T20:45:00Z,2026-08-26T22:45:00+0200,0.0,MW,DE,DE_LU,forecast_solar_generation,Solar,2026-08-29T22:40:46Z
2026-08-29T22:37:58Z,2026-08-30T00:37:58+0200,ede4ebfd-4cb0-4b05-bc4d-04fd38aa5047,2026-08-26T21:00:00Z,2026-08-26T23:00:00+0200,0.0,MW,DE,DE_LU,forecast_solar_generation,Solar,2026-08-29T22:40:46Z
2026-08-29T22:37:58Z,2026-08-30T00:37:58+0200,ede4ebfd-4cb0-4b05-bc4d-04fd38aa5047,2026-08-26T21:15:00Z,2026-08-26T23:15:00+0200,0.0,MW,DE,DE_LU,forecast_solar_generation,Solar,2026-08-29T22:40:46Z
2026-08-29T22:37:58Z,2026-08-30T00:37:58+0200,ede4ebfd-4cb0-4b05-bc4d-04fd38aa5047,2026-08-26T21:30:00Z,2026-08-26T23:30:00+0200,0.0,MW,DE,DE_LU,forecast_solar_generation,Solar,2026-08-29T22:40:46Z
2026-08-29T22:37:58Z,2026-08-30T00:37:58+0200,ede4ebfd-4cb0-4b05-bc4d-04fd38aa5047,2026-08-26T21:45:00Z,2026-08-26T23:45:00+0200,0.0,MW,DE,DE_LU,forecast_solar_generation,Solar,2026-08-29T22:40:46Z
2026-08-29T22:37:58Z,2026-08-30T00:37:58+0200,ede4ebfd-4cb0-4b05-bc4d-04fd38aa5047,2026-08-26T22:00:00Z,2026-08-27T00:00:00+0200,0.0,MW,DE,DE_LU,forecast_solar_generation,Solar,2026-08-29T22:40:46Z
2026-08-29T22:37:58Z,2026-08-30T00:37:58+0200,ede4ebfd-4cb0-4b05-bc4d-04fd38aa5047,2026-08-26T22:15:00Z,2026-08-27T00:15:00+0200,0.0,MW,DE,DE_LU,forecast_solar_generation,Solar,2026-08-29T22:40:46Z
2026-08-29T22:37:58Z,2026-08-30T00:37:58+0200,ede4ebfd-4cb0-4b05-bc4d-04fd38aa5047,2026-08-26T22:30:00Z,2026-08-27T00:30:00+0200,0.0,MW,DE,DE_LU,forecast_solar_generation,Solar,2026-08-29T22:40:46Z
2026-08-29T22:37:58Z,2026-08-30T00:37:58+0200,ede4ebfd-4cb0-4b05-bc4d-04fd38aa5047,2026-08-26T22:45:00Z,2026-08-27T00:45:00+0200,0.0,MW,DE,DE_LU,forecast_solar_generation,Solar,2026-08-29T22:40:46Z
2026-08-29T22:37:58Z,2026-08-30T00:37:58+0200,ede4ebfd-4cb0-4b05-bc4d-04fd38aa5047,2026-08-26T23:00:00Z,2026-08-27T01:00:00+0200,0.0,MW,DE,DE_LU,forecast_solar_generation,Solar,2026-08-29T22:40:46Z
2026-08-29T22:37:58Z,2026-08-30T00:37:58+0200,ede4ebfd-4cb0-4b05-bc4d-04fd38aa5047,2026-08-26T23:15:00Z,2026-08-27T01:15:00+0200,0.0,MW,DE,DE_LU,forecast_solar_generation,Solar,2026-08-29T22:40:46Z
2026-08-29T22:37:58Z,2026-08-30T00:37:58+0200,ede4ebfd-4cb0-4b05-bc4d-04fd38aa5047,2026-08-26T23:30:00Z,2026-08-27T01:30:00+0200,0.0,MW,DE,DE_LU,forecast_solar_generation,Solar,2026-08-29T22:40:46Z
2026-08-29T22:37:58Z,2026-08-30T00:37:58+0200,ede4ebfd-4cb0-4b05-bc4d-04fd38aa5047,2026-08-26T23:45:00Z,2026-08-27T01:45:00+0200,0.0,MW,DE,DE_LU,forecast_solar_generation,Solar,2026-08-29T22:40:46Z
2026-08-29T22:37:58Z,2026-08-30T00:37:58+0200,ede4ebfd-4cb0-4b05-bc4d-04fd38aa5047,2026-08-27T00:00:00Z,2026-08-27T02:00:00+0200,0.0,MW,DE,DE_LU,forecast_solar_generation,Solar,2026-08-29T22:40:46Z
2026-08-29T22:37:58Z,2026-08-30T00:37:58+0200,ede4ebfd-4cb0-4b05-bc4d-04fd38aa5047,2026-08-27T00:15:00Z,2026-08-27T02:15:00+0200,0.0,MW,DE,DE_LU,forecast_solar_generation,Solar,2026-08-29T22:40:46Z
2026-08-29T22:37:58Z,2026-08-30T00:37:58+0200,ede4ebfd-4cb0-4b05-bc4d-04fd38aa5047,2026-08-27T00:30:00Z,2026-08-27T02:30:00+0200,0.0,MW,DE,DE_LU,forecast_solar_generation,Solar,2026-08-29T22:40:46Z
2026-08-29T22:37:58Z,2026-08-30T00:37:58+0200,ede4ebfd-4cb0-4b05-bc4d-04fd38aa5047,2026-08-27T00:45:00Z,2026-08-27T02:45:00+0200,0.0,MW,DE,DE_LU,forecast_solar_generation,Solar,2026-08-29T22:40:46Z
2026-08-29T22:37:58Z,2026-08-30T00:37:58+0200,ede4ebfd-4cb0-4b05-bc4d-04fd38aa5047,2026-08-27T01:00:00Z,2026-08-27T03:00:00+0200,0.0,MW,DE,DE_LU,forecast_solar_generation,Solar,2026-08-29T22:40:46Z
2026-08-29T22:37:58Z,2026-08-30T00:37:58+0200,ede4ebfd-4cb0-4b05-bc4d-04fd38aa5047,2026-08-27T01:15:00Z,2026-08-27T03:15:00+0200,0.0,MW,DE,DE_LU,forecast_solar_generation,Solar,2026-08-29T22:40:46Z
2026-08-29T22:37:58Z,2026-08-30T00:37:58+0200,ede4ebfd-4cb0-4b05-bc4d-04fd38aa5047,2026-08-27T01:30:00Z,2026-08-27T03:30:00+0200,0.0,MW,DE,DE_LU,forecast_solar_generation,Solar,2026-08-29T22:40:46Z
2026-08-29T22:37:58Z,2026-08-30T00:37:58+0200,ede4ebfd-4cb0-4b05-bc4d-04fd38aa5047,2026-08-27T01:45:00Z,2026-08-27T03:45:00+0200,0.0,MW,DE,DE_LU,forecast_solar_generation,Solar,2026-08-29T22:40:46Z
2026-08-29T22:37:58Z,2026-08-30T00:37:58+0200,ede4ebfd-4cb0-4b05-bc4d-04fd38aa5047,2026-08-27T02:00:00Z,2026-08-27T04:00:00+0200,0.0,MW,DE,DE_LU,forecast_solar_generation,Solar,2026-08-29T22:40:46Z
2026-08-29T22:37:58Z,2026-08-30T00:37:58+0200,ede4ebfd-4cb0-4b05-bc4d-04fd38aa5047,2026-08-27T02:15:00Z,2026-08-27T04:15:00+0200,0.0,MW,DE,DE_LU,forecast_solar_generation,Solar,2026-08-29T22:40:46Z
2026-08-29T22:37:58Z,2026-08-30T00:37:58+0200,ede4ebfd-4cb0-4b05-bc4d-04fd38aa5047,2026-08-27T02:30:00Z,2026-08-27T04:30:00+0200,0.0,MW,DE,DE_LU,forecast_solar_generation,Solar,2026-08-29T22:40:46Z
2026-08-29T22:37:58Z,2026-08-30T00:37:58+0200,ede4ebfd-4cb0-4b05-bc4d-04fd38aa5047,2026-08-27T02:45:00Z,2026-08-27T04:45:00+0200,0.0,MW,DE,DE_LU,forecast_solar_generation,Solar,2026-08-29T22:40:46Z
2026-08-29T22:37:58Z,2026-08-30T00:37:58+0200,ede4ebfd-4cb0-4b05-bc4d-04fd38aa5047,2026-08-27T03:00:00Z,2026-08-27T05:00:00+0200,0.0,MW,DE,DE_LU,forecast_solar_generation,Solar,2026-08-29T22:40:46Z
2026-08-29T22:37:58Z,2026-08-30T00:37:58+0200,ede4ebfd-4cb0-4b05-bc4d-04fd38aa5047,2026-08-27T03:15:00Z,2026-08-27T05:15:00+0200,0.0,MW,DE,DE_LU,forecast_solar_generation,Solar,2026-08-29T22:40:46Z
2026-08-29T22:37:58Z,2026-08-30T00:37:58+0200,ede4ebfd-4cb0-4b05-bc4d-04fd38aa5047,2026-08-27T03:30:00Z,2026-08-27T05:30:00+0200,0.0,MW,DE,DE_LU,forecast_solar_generation,Solar,2026-08-29T22:40:46Z
2026-08-29T22:37:58Z,2026-08-30T00:37:58+0200,ede4ebfd-4cb0-4b05-bc4d-04fd38aa5047,2026-08-27T03:45:00Z,2026-08-27T05:45:00+0200,0.0,MW,DE,DE_LU,forecast_solar_generation,Solar,2026-08-29T22:40:46Z
2026-08-29T22:37:58Z,2026-08-30T00:37:58+0200,ede4ebfd-4cb0-4b05-bc4d-04fd38aa5047,2026-08-27T04:00:00Z,2026-08-27T06:00:00+0200,14.685,MW,DE,DE_LU,forecast_solar_generation,Solar,2026-08-29T22:40:46Z
2026-08-29T22:37:58Z,2026-08-30T00:37:58+0200,ede4ebfd-4cb0-4b05-bc4d-04fd38aa5047,2026-08-27T04:15:00Z,2026-08-27T06:15:00+0200,129.44862,MW,DE,DE_LU,forecast_solar_generation,Solar,2026-08-29T22:40:46Z
2026-08-29T22:37:58Z,2026-08-30T00:37:58+0200,ede4ebfd-4cb0-4b05-bc4d-04fd38aa5047,2026-08-27T04:30:00Z,2026-08-27T06:30:00+0200,534.86458,MW,DE,DE_LU,forecast_solar_generation,Solar,2026-08-29T22:40:46Z
2026-08-29T22:37:58Z,2026-08-30T00:37:58+0200,ede4ebfd-4cb0-4b05-bc4d-04fd38aa5047,2026-08-27T04:45:00Z,2026-08-27T06:45:00+0200,1304.47535,MW,DE,DE_LU,forecast_solar_generation,Solar,2026-08-29T22:40:46Z
2026-08-29T22:37:58Z,2026-08-30T00:37:58+0200,ede4ebfd-4cb0-4b05-bc4d-04fd38aa5047,2026-08-27T05:00:00Z,2026-08-27T07:00:00+0200,2546.20383,MW,DE,DE_LU,forecast_solar_generation,Solar,2026-08-29T22:40:46Z
2026-08-29T22:37:58Z,2026-08-30T00:37:58+0200,ede4ebfd-4cb0-4b05-bc4d-04fd38aa5047,2026-08-27T05:15:00Z,2026-08-27T07:15:00+0200,4262.17464,MW,DE,DE_LU,forecast_solar_generation,Solar,2026-08-29T22:40:46Z
2026-08-29T22:37:58Z,2026-08-30T00:37:58+0200,ede4ebfd-4cb0-4b05-bc4d-04fd38aa5047,2026-08-27T05:30:00Z,2026-08-27T07:30:00+0200,6474.3884,MW,DE,DE_LU,forecast_solar_generation,Solar,2026-08-29T22:40:46Z
2026-08-29T22:37:58Z,2026-08-30T00:37:58+0200,ede4ebfd-4cb0-4b05-bc4d-04fd38aa5047,2026-08-27T05:45:00Z,2026-08-27T07:45:00+0200,9054.77926,MW,DE,DE_LU,forecast_solar_generation,Solar,2026-08-29T22:40:46Z
2026-08-29T22:37:58Z,2026-08-30T00:37:58+0200,ede4ebfd-4cb0-4b05-bc4d-04fd38aa5047,2026-08-27T06:00:00Z,2026-08-27T08:00:00+0200,11864.87518,MW,DE,DE_LU,forecast_solar_generation,Solar,2026-08-29T22:40:46Z
2026-08-29T22:37:58Z,2026-08-30T00:37:58+0200,ede4ebfd-4cb0-4b05-bc4d-04fd38aa5047,2026-08-27T06:15:00Z,2026-08-27T08:15:00+0200,14895.74609,MW,DE,DE_LU,forecast_solar_generation,Solar,2026-08-29T22:40:46Z
2026-08-29T22:37:58Z,2026-08-30T00:37:58+0200,ede4ebfd-4cb0-4b05-bc4d-04fd38aa5047,2026-08-27T06:30:00Z,2026-08-27T08:30:00+0200,18030.82952,MW,DE,DE_LU,forecast_solar_generation,Solar,2026-08-29T22:40:46Z
2026-08-29T22:37:58Z,2026-08-30T00:37:58+0200,ede4ebfd-4cb0-4b05-bc4d-04fd38aa5047,2026-08-27T06:45:00Z,2026-08-27T08:45:00+0200,21190.27156,MW,DE,DE_LU,forecast_solar_generation,Solar,2026-08-29T22:40:46Z
2026-08-29T22:37:58Z,2026-08-30T00:37:58+0200,ede4ebfd-4cb0-4b05-bc4d-04fd38aa5047,2026-08-27T07:00:00Z,2026-08-27T09:00:00+0200,24272.14056,MW,DE,DE_LU,forecast_solar_generation,Solar,2026-08-29T22:40:46Z
2026-08-29T22:37:58Z,2026-08-30T00:37:58+0200,ede4ebfd-4cb0-4b05-bc4d-04fd38aa5047,2026-08-27T07:15:00Z,2026-08-27T09:15:00+0200,27243.19437,MW,DE,DE_LU,forecast_solar_generation,Solar,2026-08-29T22:40:46Z
2026-08-29T22:37:58Z,2026-08-30T00:37:58+0200,ede4ebfd-4cb0-4b05-bc4d-04fd38aa5047,2026-08-27T07:30:00Z,2026-08-27T09:30:00+0200,30083.98809,MW,DE,DE_LU,forecast_solar_generation,Solar,2026-08-29T22:40:46Z
2026-08-29T22:37:58Z,2026-08-30T00:37:58+0200,ede4ebfd-4cb0-4b05-bc4d-04fd38aa5047,2026-08-27T07:45:00Z,2026-08-27T09:45:00+0200,32830.51349,MW,DE,DE_LU,forecast_solar_generation,Solar,2026-08-29T22:40:46Z
2026-08-29T22:37:58Z,2026-08-30T00:37:58+0200,ede4ebfd-4cb0-4b05-bc4d-04fd38aa5047,2026-08-27T08:00:00Z,2026-08-27T10:00:00+0200,35426.08558,MW,DE,DE_LU,forecast_solar_generation,Solar,2026-08-29T22:40:46Z
2026-08-29T22:37:58Z,2026-08-30T00:37:58+0200,ede4ebfd-4cb0-4b05-bc4d-04fd38aa5047,2026-08-27T08:15:00Z,2026-08-27T10:15:00+0200,37890.39213,MW,DE,DE_LU,forecast_solar_generation,Solar,2026-08-29T22:40:46Z
2026-08-29T22:37:58Z,2026-08-30T00:37:58+0200,ede4ebfd-4cb0-4b05-bc4d-04fd38aa5047,2026-08-27T08:30:00Z,2026-08-27T10:30:00+0200,40189.40231,MW,DE,DE_LU,forecast_solar_generation,Solar,2026-08-29T22:40:46Z
2026-08-29T22:37:58Z,2026-08-30T00:37:58+0200,ede4ebfd-4cb0-4b05-bc4d-04fd38aa5047,2026-08-27T08:45:00Z,2026-08-27T10:45:00+0200,42265.78027,MW,DE,DE_LU,forecast_solar_generation,Solar,2026-08-29T22:40:46Z
2026-08-29T22:37:58Z,2026-08-30T00:37:58+0200,ede4ebfd-4cb0-4b05-bc4d-04fd38aa5047,2026-08-27T09:00:00Z,2026-08-27T11:00:00+0200,44082.63838,MW,DE,DE_LU,forecast_solar_generation,Solar,2026-08-29T22:40:46Z
2026-08-29T22:37:58Z,2026-08-30T00:37:58+0200,ede4ebfd-4cb0-4b05-bc4d-04fd38aa5047,2026-08-27T09:15:00Z,2026-08-27T11:15:00+0200,45680.4331,MW,DE,DE_LU,forecast_solar_generation,Solar,2026-08-29T22:40:46Z
2026-08-29T22:37:58Z,2026-08-30T00:37:58+0200,ede4ebfd-4cb0-4b05-bc4d-04fd38aa5047,2026-08-27T09:30:00Z,2026-08-27T11:30:00+0200,47055.76547,MW,DE,DE_LU,forecast_solar_generation,Solar,2026-08-29T22:40:46Z
2026-08-29T22:37:58Z,2026-08-30T00:37:58+0200,ede4ebfd-4cb0-4b05-bc4d-04fd38aa5047,2026-08-27T09:45:00Z,2026-08-27T11:45:00+0200,48218.2068,MW,DE,DE_LU,forecast_solar_generation,Solar,2026-08-29T22:40:46Z
2026-08-29T22:37:58Z,2026-08-30T00:37:58+0200,ede4ebfd-4cb0-4b05-bc4d-04fd38aa5047,2026-08-27T10:00:00Z,2026-08-27T12:00:00+0200,49129.08713,MW,DE,DE_LU,forecast_solar_generation,Solar,2026-08-29T22:40:46Z
2026-08-29T22:37:58Z,2026-08-30T00:37:58+0200,ede4ebfd-4cb0-4b05-bc4d-04fd38aa5047,2026-08-27T10:15:00Z,2026-08-27T12:15:00+0200,49781.44935,MW,DE,DE_LU,forecast_solar_generation,Solar,2026-08-29T22:40:46Z
2026-08-29T22:37:58Z,2026-08-30T00:37:58+0200,ede4ebfd-4cb0-4b05-bc4d-04fd38aa5047,2026-08-27T10:30:00Z,2026-08-27T12:30:00+0200,50235.6222,MW,DE,DE_LU,forecast_solar_generation,Solar,2026-08-29T22:40:46Z
2026-08-29T22:37:58Z,2026-08-30T00:37:58+0200,ede4ebfd-4cb0-4b05-bc4d-04fd38aa5047,2026-08-27T10:45:00Z,2026-08-27T12:45:00+0200,50508.19317,MW,DE,DE_LU,forecast_solar_generation,Solar,2026-08-29T22:40:46Z
2026-08-29T22:37:58Z,2026-08-30T00:37:58+0200,ede4ebfd-4cb0-4b05-bc4d-04fd38aa5047,2026-08-27T11:00:00Z,2026-08-27T13:00:00+0200,50606.09624,MW,DE,DE_LU,forecast_solar_generation,Solar,2026-08-29T22:40:46Z
2026-08-29T22:37:58Z,2026-08-30T00:37:58+0200,ede4ebfd-4cb0-4b05-bc4d-04fd38aa5047,2026-08-27T11:15:00Z,2026-08-27T13:15:00+0200,50527.9542,MW,DE,DE_LU,forecast_solar_generation,Solar,2026-08-29T22:40:46Z
2026-08-29T22:37:58Z,2026-08-30T00:37:58+0200,ede4ebfd-4cb0-4b05-bc4d-04fd38aa5047,2026-08-27T11:30:00Z,2026-08-27T13:30:00+0200,50244.88686,MW,DE,DE_LU,forecast_solar_generation,Solar,2026-08-29T22:40:46Z
2026-08-29T22:37:58Z,2026-08-30T00:37:58+0200,ede4ebfd-4cb0-4b05-bc4d-04fd38aa5047,2026-08-27T11:45:00Z,2026-08-27T13:45:00+0200,49827.04687,MW,DE,DE_LU,forecast_solar_generation,Solar,2026-08-29T22:40:46Z
2026-08-29T22:37:58Z,2026-08-30T00:37:58+0200,ede4ebfd-4cb0-4b05-bc4d-04fd38aa5047,2026-08-27T12:00:00Z,2026-08-27T14:00:00+0200,49185.7536,MW,DE,DE_LU,forecast_solar_generation,Solar,2026-08-29T22:40:46Z
2026-08-29T22:37:58Z,2026-08-30T00:37:58+0200,ede4ebfd-4cb0-4b05-bc4d-04fd38aa5047,2026-08-27T12:15:00Z,2026-08-27T14:15:00+0200,48315.54332,MW,DE,DE_LU,forecast_solar_generation,Solar,2026-08-29T22:40:46Z
2026-08-29T22:37:58Z,2026-08-30T00:37:58+0200,ede4ebfd-4cb0-4b05-bc4d-04fd38aa5047,2026-08-27T12:30:00Z,2026-08-27T14:30:00+0200,47216.98969,MW,DE,DE_LU,forecast_solar_generation,Solar,2026-08-29T22:40:46Z
2026-08-29T22:37:58Z,2026-08-30T00:37:58+0200,ede4ebfd-4cb0-4b05-bc4d-04fd38aa5047,2026-08-27T12:45:00Z,2026-08-27T14:45:00+0200,45920.76852,MW,DE,DE_LU,forecast_solar_generation,Solar,2026-08-29T22:40:46Z
2026-08-29T22:37:58Z,2026-08-30T00:37:58+0200,ede4ebfd-4cb0-4b05-bc4d-04fd38aa5047,2026-08-27T13:00:00Z,2026-08-27T15:00:00+0200,44424.1733,MW,DE,DE_LU,forecast_solar_generation,Solar,2026-08-29T22:40:46Z
2026-08-29T22:37:58Z,2026-08-30T00:37:58+0200,ede4ebfd-4cb0-4b05-bc4d-04fd38aa5047,2026-08-27T13:15:00Z,2026-08-27T15:15:00+0200,42738.12405,MW,DE,DE_LU,forecast_solar_generation,Solar,2026-08-29T22:40:46Z
2026-08-29T22:37:58Z,2026-08-30T00:37:58+0200,ede4ebfd-4cb0-4b05-bc4d-04fd38aa5047,2026-08-27T13:30:00Z,2026-08-27T15:30:00+0200,40841.17659,MW,DE,DE_LU,forecast_solar_generation,Solar,2026-08-29T22:40:46Z
2026-08-29T22:37:58Z,2026-08-30T00:37:58+0200,ede4ebfd-4cb0-4b05-bc4d-04fd38aa5047,2026-08-27T13:45:00Z,2026-08-27T15:45:00+0200,38729.88735,MW,DE,DE_LU,forecast_solar_generation,Solar,2026-08-29T22:40:46Z
2026-08-29T22:37:58Z,2026-08-30T00:37:58+0200,ede4ebfd-4cb0-4b05-bc4d-04fd38aa5047,2026-08-27T14:00:00Z,2026-08-27T16:00:00+0200,36385.15261,MW,DE,DE_LU,forecast_solar_generation,Solar,2026-08-29T22:40:46Z
2026-08-29T22:37:58Z,2026-08-30T00:37:58+0200,ede4ebfd-4cb0-4b05-bc4d-04fd38aa5047,2026-08-27T14:15:00Z,2026-08-27T16:15:00+0200,33901.85378,MW,DE,DE_LU,forecast_solar_generation,Solar,2026-08-29T22:40:46Z
2026-08-29T22:37:58Z,2026-08-30T00:37:58+0200,ede4ebfd-4cb0-4b05-bc4d-04fd38aa5047,2026-08-27T14:30:00Z,2026-08-27T16:30:00+0200,31260.83619,MW,DE,DE_LU,forecast_solar_generation,Solar,2026-08-29T22:40:46Z
2026-08-29T22:37:58Z,2026-08-30T00:37:58+0200,ede4ebfd-4cb0-4b05-bc4d-04fd38aa5047,2026-08-27T14:45:00Z,2026-08-27T16:45:00+0200,28479.13969,MW,DE,DE_LU,forecast_solar_generation,Solar,2026-08-29T22:40:46Z
2026-08-29T22:37:58Z,2026-08-30T00:37:58+0200,ede4ebfd-4cb0-4b05-bc4d-04fd38aa5047,2026-08-27T15:00:00Z,2026-08-27T17:00:00+0200,25536.27815,MW,DE,DE_LU,forecast_solar_generation,Solar,2026-08-29T22:40:46Z
2026-08-29T22:37:58Z,2026-08-30T00:37:58+0200,ede4ebfd-4cb0-4b05-bc4d-04fd38aa5047,2026-08-27T15:15:00Z,2026-08-27T17:15:00+0200,22499.50574,MW,DE,DE_LU,forecast_solar_generation,Solar,2026-08-29T22:40:46Z
2026-08-29T22:37:58Z,2026-08-30T00:37:58+0200,ede4ebfd-4cb0-4b05-bc4d-04fd38aa5047,2026-08-27T15:30:00Z,2026-08-27T17:30:00+0200,19433.42345,MW,DE,DE_LU,forecast_solar_generation,Solar,2026-08-29T22:40:46Z
2026-08-29T22:37:58Z,2026-08-30T00:37:58+0200,ede4ebfd-4cb0-4b05-bc4d-04fd38aa5047,2026-08-27T15:45:00Z,2026-08-27T17:45:00+0200,16448.0297,MW,DE,DE_LU,forecast_solar_generation,Solar,2026-08-29T22:40:46Z
2026-08-29T22:37:58Z,2026-08-30T00:37:58+0200,ede4ebfd-4cb0-4b05-bc4d-04fd38aa5047,2026-08-27T16:00:00Z,2026-08-27T18:00:00+0200,13562.328,MW,DE,DE_LU,forecast_solar_generation,Solar,2026-08-29T22:40:46Z
2026-08-29T22:37:58Z,2026-08-30T00:37:58+0200,ede4ebfd-4cb0-4b05-bc4d-04fd38aa5047,2026-08-27T16:15:00Z,2026-08-27T18:15:00+0200,10858.16811,MW,DE,DE_LU,forecast_solar_generation,Solar,2026-08-29T22:40:46Z
2026-08-29T22:37:58Z,2026-08-30T00:37:58+0200,ede4ebfd-4cb0-4b05-bc4d-04fd38aa5047,2026-08-27T16:30:00Z,2026-08-27T18:30:00+0200,8397.79743,MW,DE,DE_LU,forecast_solar_generation,Solar,2026-08-29T22:40:46Z
2026-08-29T22:37:58Z,2026-08-30T00:37:58+0200,ede4ebfd-4cb0-4b05-bc4d-04fd38aa5047,2026-08-27T16:45:00Z,2026-08-27T18:45:00+0200,6198.44687,MW,DE,DE_LU,forecast_solar_generation,Solar,2026-08-29T22:40:46Z
2026-08-29T22:37:58Z,2026-08-30T00:37:58+0200,ede4ebfd-4cb0-4b05-bc4d-04fd38aa5047,2026-08-27T17:00:00Z,2026-08-27T19:00:00+0200,4289.40467,MW,DE,DE_LU,forecast_solar_generation,Solar,2026-08-29T22:40:46Z
2026-08-29T22:37:58Z,2026-08-30T00:37:58+0200,ede4ebfd-4cb0-4b05-bc4d-04fd38aa5047,2026-08-27T17:15:00Z,2026-08-27T19:15:00+0200,2764.40691,MW,DE,DE_LU,forecast_solar_generation,Solar,2026-08-29T22:40:46Z
2026-08-29T22:37:58Z,2026-08-30T00:37:58+0200,ede4ebfd-4cb0-4b05-bc4d-04fd38aa5047,2026-08-27T17:30:00Z,2026-08-27T19:30:00+0200,1570.84802,MW,DE,DE_LU,forecast_solar_generation,Solar,2026-08-29T22:40:46Z
2026-08-29T22:37:58Z,2026-08-30T00:37:58+0200,ede4ebfd-4cb0-4b05-bc4d-04fd38aa5047,2026-08-27T17:45:00Z,2026-08-27T19:45:00+0200,669.51167,MW,DE,DE_LU,forecast_solar_generation,Solar,2026-08-29T22:40:46Z
2026-08-29T22:37:58Z,2026-08-30T00:37:58+0200,ede4ebfd-4cb0-4b05-bc4d-04fd38aa5047,2026-08-27T18:00:00Z,2026-08-27T20:00:00+0200,172.48071,MW,DE,DE_LU,forecast_solar_generation,Solar,2026-08-29T22:40:46Z
2026-08-29T22:37:58Z,2026-08-30T00:37:58+0200,ede4ebfd-4cb0-4b05-bc4d-04fd38aa5047,2026-08-27T18:15:00Z,2026-08-27T20:15:00+0200,41.4617,MW,DE,DE_LU,forecast_solar_generation,Solar,2026-08-29T22:40:46Z
2026-08-29T22:37:58Z,2026-08-30T00:37:58+0200,ede4ebfd-4cb0-4b05-bc4d-04fd38aa5047,2026-08-27T18:30:00Z,2026-08-27T20:30:00+0200,12.3316,MW,DE,DE_LU,forecast_solar_generation,Solar,2026-08-29T22:40:46Z
2026-08-29T22:37:58Z,2026-08-30T00:37:58+0200,ede4ebfd-4cb0-4b05-bc4d-04fd38aa5047,2026-08-27T18:45:00Z,2026-08-27T20:45:00+0200,0.0,MW,DE,DE_LU,forecast_solar_generation,Solar,2026-08-29T22:40:46Z
2026-08-29T22:37:58Z,2026-08-30T00:37:58+0200,ede4ebfd-4cb0-4b05-bc4d-04fd38aa5047,2026-08-27T19:00:00Z,2026-08-27T21:00:00+0200,0.0,MW,DE,DE_LU,forecast_solar_generation,Solar,2026-08-29T22:40:46Z
2026-08-29T22:37:58Z,2026-08-30T00:37:58+0200,ede4ebfd-4cb0-4b05-bc4d-04fd38aa5047,2026-08-27T19:15:00Z,2026-08-27T21:15:00+0200,0.0,MW,DE,DE_LU,forecast_solar_generation,Solar,2026-08-29T22:40:46Z
2026-08-29T22:37:58Z,2026-08-30T00:37:58+0200,ede4ebfd-4cb0-4b05-bc4d-04fd38aa5047,2026-08-27T19:30:00Z,2026-08-27T21:30:00+0200,0.0,MW,DE,DE_LU,forecast_solar_generation,Solar,2026-08-29T22:40:46Z
2026-08-29T22:37:58Z,2026-08-30T00:37:58+0200,ede4ebfd-4cb0-4b05-bc4d-04fd38aa5047,2026-08-27T19:45:00Z,2026-08-27T21:45:00+0200,0.0,MW,DE,DE_LU,forecast_solar_generation,Solar,2026-08-29T22:40:46Z
2026-08-29T22:37:58Z,2026-08-30T00:37:58+0200,ede4ebfd-4cb0-4b05-bc4d-04fd38aa5047,2026-08-27T20:00:00Z,2026-08-27T22:00:00+0200,0.0,MW,DE,DE_LU,forecast_solar_generation,Solar,2026-08-29T22:40:46Z
2026-08-29T22:37:58Z,2026-08-30T00:37:58+0200,ede4ebfd-4cb0-4b05-bc4d-04fd38aa5047,2026-08-27T20:15:00Z,2026-08-27T22:15:00+0200,0.0,MW,DE,DE_LU,forecast_solar_generation,Solar,2026-08-29T22:40:46Z
2026-08-29T22:37:58Z,2026-08-30T00:37:58+0200,ede4ebfd-4cb0-4b05-bc4d-04fd38aa5047,2026-08-27T20:30:00Z,2026-08-27T22:30:00+0200,0.0,MW,DE,DE_LU,forecast_solar_generation,Solar,2026-08-29T22:40:46Z
2026-08-29T22:37:58Z,2026-08-30T00:37:58+0200,ede4ebfd-4cb0-4b05-bc4d-04fd38aa5047,2026-08-27T20:45:00Z,2026-08-27T22:45:00+0200,0.0,MW,DE,DE_LU,forecast_solar_generation,Solar,2026-08-29T22:40:46Z
2026-08-29T22:37:58Z,2026-08-30T00:37:58+0200,ede4ebfd-4cb0-4b05-bc4d-04fd38aa5047,2026-08-27T21:00:00Z,2026-08-27T23:00:00+0200,0.0,MW,DE,DE_LU,forecast_solar_generation,Solar,2026-08-29T22:40:46Z
2026-08-29T22:37:58Z,2026-08-30T00:37:58+0200,ede4ebfd-4cb0-4b05-bc4d-04fd38aa5047,2026-08-27T21:15:00Z,2026-08-27T23:15:00+0200,0.0,MW,DE,DE_LU,forecast_solar_generation,Solar,2026-08-29T22:40:46Z
2026-08-29T22:37:58Z,2026-08-30T00:37:58+0200,ede4ebfd-4cb0-4b05-bc4d-04fd38aa5047,2026-08-27T21:30:00Z,2026-08-27T23:30:00+0200,0.0,MW,DE,DE_LU,forecast_solar_generation,Solar,2026-08-29T22:40:46Z
2026-08-29T22:37:58Z,2026-08-30T00:37:58+0200,ede4ebfd-4cb0-4b05-bc4d-04fd38aa5047,2026-08-27T21:45:00Z,2026-08-27T23:45:00+0200,0.0,MW,DE,DE_LU,forecast_solar_generation,Solar,2026-08-29T22:40:46Z
2026-08-29T22:37:58Z,2026-08-30T00:37:58+0200,ede4ebfd-4cb0-4b05-bc4d-04fd38aa5047,2026-08-27T22:00:00Z,2026-08-28T00:00:00+0200,0.0,MW,DE,DE_LU,forecast_solar_generation,Solar,2026-08-29T22:40:46Z
2026-08-29T22:37:58Z,2026-08-30T00:37:58+0200,ede4ebfd-4cb0-4b05-bc4d-04fd38aa5047,2026-08-27T22:15:00Z,2026-08-28T00:15:00+0200,0.0,MW,DE,DE_LU,forecast_solar_generation,Solar,2026-08-29T22:40:46Z
2026-08-29T22:37:58Z,2026-08-30T00:37:58+0200,ede4ebfd-4cb0-4b05-bc4d-04fd38aa5047,2026-08-27T22:30:00Z,2026-08-28T00:30:00+0200,0.0,MW,DE,DE_LU,forecast_solar_generation,Solar,2026-08-29T22:40:46Z
2026-08-29T22:37:58Z,2026-08-30T00:37:58+0200,ede4ebfd-4cb0-4b05-bc4d-04fd38aa5047,2026-08-27T22:45:00Z,2026-08-28T00:45:00+0200,0.0,MW,DE,DE_LU,forecast_solar_generation,Solar,2026-08-29T22:40:46Z
2026-08-29T22:37:58Z,2026-08-30T00:37:58+0200,ede4ebfd-4cb0-4b05-bc4d-04fd38aa5047,2026-08-27T23:00:00Z,2026-08-28T01:00:00+0200,0.0,MW,DE,DE_LU,forecast_solar_generation,Solar,2026-08-29T22:40:46Z
2026-08-29T22:37:58Z,2026-08-30T00:37:58+0200,ede4ebfd-4cb0-4b05-bc4d-04fd38aa5047,2026-08-27T23:15:00Z,2026-08-28T01:15:00+0200,0.0,MW,DE,DE_LU,forecast_solar_generation,Solar,2026-08-29T22:40:46Z
2026-08-29T22:37:58Z,2026-08-30T00:37:58+0200,ede4ebfd-4cb0-4b05-bc4d-04fd38aa5047,2026-08-27T23:30:00Z,2026-08-28T01:30:00+0200,0.0,MW,DE,DE_LU,forecast_solar_generation,Solar,2026-08-29T22:40:46Z
2026-08-29T22:37:58Z,2026-08-30T00:37:58+0200,ede4ebfd-4cb0-4b05-bc4d-04fd38aa5047,2026-08-27T23:45:00Z,2026-08-28T01:45:00+0200,0.0,MW,DE,DE_LU,forecast_solar_generation,Solar,2026-08-29T22:40:46Z
2026-08-29T22:37:58Z,2026-08-30T00:37:58+0200,ede4ebfd-4cb0-4b05-bc4d-04fd38aa5047,2026-08-28T00:00:00Z,2026-08-28T02:00:00+0200,0.0,MW,DE,DE_LU,forecast_solar_generation,Solar,2026-08-29T22:40:46Z
2026-08-29T22:37:58Z,2026-08-30T00:37:58+0200,ede4ebfd-4cb0-4b05-bc4d-04fd38aa5047,2026-08-28T00:15:00Z,2026-08-28T02:15:00+0200,0.0,MW,DE,DE_LU,forecast_solar_generation,Solar,2026-08-29T22:40:46Z
2026-08-29T22:37:58Z,2026-08-30T00:37:58+0200,ede4ebfd-4cb0-4b05-bc4d-04fd38aa5047,2026-08-28T00:30:00Z,2026-08-28T02:30:00+0200,0.0,MW,DE,DE_LU,forecast_solar_generation,Solar,2026-08-29T22:40:46Z
2026-08-29T22:37:58Z,2026-08-30T00:37:58+0200,ede4ebfd-4cb0-4b05-bc4d-04fd38aa5047,2026-08-28T00:45:00Z,2026-08-28T02:45:00+0200,0.0,MW,DE,DE_LU,forecast_solar_generation,Solar,2026-08-29T22:40:46Z
2026-08-29T22:37:58Z,2026-08-30T00:37:58+0200,ede4ebfd-4cb0-4b05-bc4d-04fd38aa5047,2026-08-28T01:00:00Z,2026-08-28T03:00:00+0200,0.0,MW,DE,DE_LU,forecast_solar_generation,Solar,2026-08-29T22:40:46Z
2026-08-29T22:37:58Z,2026-08-30T00:37:58+0200,ede4ebfd-4cb0-4b05-bc4d-04fd38aa5047,2026-08-28T01:15:00Z,2026-08-28T03:15:00+0200,0.0,MW,DE,DE_LU,forecast_solar_generation,Solar,2026-08-29T22:40:46Z
2026-08-29T22:37:58Z,2026-08-30T00:37:58+0200,ede4ebfd-4cb0-4b05-bc4d-04fd38aa5047,2026-08-28T01:30:00Z,2026-08-28T03:30:00+0200,0.0,MW,DE,DE_LU,forecast_solar_generation,Solar,2026-08-29T22:40:46Z
2026-08-29T22:37:58Z,2026-08-30T00:37:58+0200,ede4ebfd-4cb0-4b05-bc4d-04fd38aa5047,2026-08-28T01:45:00Z,2026-08-28T03:45:00+0200,0.0,MW,DE,DE_LU,forecast_solar_generation,Solar,2026-08-29T22:40:46Z
2026-08-29T22:37:58Z,2026-08-30T00:37:58+0200,ede4ebfd-4cb0-4b05-bc4d-04fd38aa5047,2026-08-28T02:00:00Z,2026-08-28T04:00:00+0200,0.0,MW,DE,DE_LU,forecast_solar_generation,Solar,2026-08-29T22:40:46Z
2026-08-29T22:37:58Z,2026-08-30T00:37:58+0200,ede4ebfd-4cb0-4b05-bc4d-04fd38aa5047,2026-08-28T02:15:00Z,2026-08-28T04:15:00+0200,0.0,MW,DE,DE_LU,forecast_solar_generation,Solar,2026-08-29T22:40:46Z
2026-08-29T22:37:58Z,2026-08-30T00:37:58+0200,ede4ebfd-4cb0-4b05-bc4d-04fd38aa5047,2026-08-28T02:30:00Z,2026-08-28T04:30:00+0200,0.0,MW,DE,DE_LU,forecast_solar_generation,Solar,2026-08-29T22:40:46Z
2026-08-29T22:37:58Z,2026-08-30T00:37:58+0200,ede4ebfd-4cb0-4b05-bc4d-04fd38aa5047,2026-08-28T02:45:00Z,2026-08-28T04:45:00+0200,0.0,MW,DE,DE_LU,forecast_solar_generation,Solar,2026-08-29T22:40:46Z
2026-08-29T22:37:58Z,2026-08-30T00:37:58+0200,ede4ebfd-4cb0-4b05-bc4d-04fd38aa5047,2026-08-28T03:00:00Z,2026-08-28T05:00:00+0200,0.0,MW,DE,DE_LU,forecast_solar_generation,Solar,2026-08-29T22:40:46Z
2026-08-29T22:37:58Z,2026-08-30T00:37:58+0200,ede4ebfd-4cb0-4b05-bc4d-04fd38aa5047,2026-08-28T03:15:00Z,2026-08-28T05:15:00+0200,0.0,MW,DE,DE_LU,forecast_solar_generation,Solar,2026-08-29T22:40:46Z
2026-08-29T22:37:58Z,2026-08-30T00:37:58+0200,ede4ebfd-4cb0-4b05-bc4d-04fd38aa5047,2026-08-28T03:30:00Z,2026-08-28T05:30:00+0200,0.0,MW,DE,DE_LU,forecast_solar_generation,Solar,2026-08-29T22:40:46Z
2026-08-29T22:37:58Z,2026-08-30T00:37:58+0200,ede4ebfd-4cb0-4b05-bc4d-04fd38aa5047,2026-08-28T03:45:00Z,2026-08-28T05:45:00+0200,0.0,MW,DE,DE_LU,forecast_solar_generation,Solar,2026-08-29T22:40:46Z
2026-08-29T22:37:58Z,2026-08-30T00:37:58+0200,ede4ebfd-4cb0-4b05-bc4d-04fd38aa5047,2026-08-28T04:00:00Z,2026-08-28T06:00:00+0200,4.514,MW,DE,DE_LU,forecast_solar_generation,Solar,2026-08-29T22:40:46Z
2026-08-29T22:37:58Z,2026-08-30T00:37:58+0200,ede4ebfd-4cb0-4b05-bc4d-04fd38aa5047,2026-08-28T04:15:00Z,2026-08-28T06:15:00+0200,70.54954,MW,DE,DE_LU,forecast_solar_generation,Solar,2026-08-29T22:40:46Z
2026-08-29T22:37:58Z,2026-08-30T00:37:58+0200,ede4ebfd-4cb0-4b05-bc4d-04fd38aa5047,2026-08-28T04:30:00Z,2026-08-28T06:30:00+0200,305.00179,MW,DE,DE_LU,forecast_solar_generation,Solar,2026-08-29T22:40:46Z
2026-08-29T22:37:58Z,2026-08-30T00:37:58+0200,ede4ebfd-4cb0-4b05-bc4d-04fd38aa5047,2026-08-28T04:45:00Z,2026-08-28T06:45:00+0200,771.06729,MW,DE,DE_LU,forecast_solar_generation,Solar,2026-08-29T22:40:46Z
2026-08-29T22:37:58Z,2026-08-30T00:37:58+0200,ede4ebfd-4cb0-4b05-bc4d-04fd38aa5047,2026-08-28T05:00:00Z,2026-08-28T07:00:00+0200,1524.06397,MW,DE,DE_LU,forecast_solar_generation,Solar,2026-08-29T22:40:46Z
2026-08-29T22:37:58Z,2026-08-30T00:37:58+0200,ede4ebfd-4cb0-4b05-bc4d-04fd38aa5047,2026-08-28T05:15:00Z,2026-08-28T07:15:00+0200,2565.92926,MW,DE,DE_LU,forecast_solar_generation,Solar,2026-08-29T22:40:46Z
2026-08-29T22:37:58Z,2026-08-30T00:37:58+0200,ede4ebfd-4cb0-4b05-bc4d-04fd38aa5047,2026-08-28T05:30:00Z,2026-08-28T07:30:00+0200,3842.71398,MW,DE,DE_LU,forecast_solar_generation,Solar,2026-08-29T22:40:46Z
2026-08-29T22:37:58Z,2026-08-30T00:37:58+0200,ede4ebfd-4cb0-4b05-bc4d-04fd38aa5047,2026-08-28T05:45:00Z,2026-08-28T07:45:00+0200,5332.72926,MW,DE,DE_LU,forecast_solar_generation,Solar,2026-08-29T22:40:46Z
2026-08-29T22:37:58Z,2026-08-30T00:37:58+0200,ede4ebfd-4cb0-4b05-bc4d-04fd38aa5047,2026-08-28T06:00:00Z,2026-08-28T08:00:00+0200,6918.01522,MW,DE,DE_LU,forecast_solar_generation,Solar,2026-08-29T22:40:46Z
2026-08-29T22:37:58Z,2026-08-30T00:37:58+0200,ede4ebfd-4cb0-4b05-bc4d-04fd38aa5047,2026-08-28T06:15:00Z,2026-08-28T08:15:00+0200,8611.37729,MW,DE,DE_LU,forecast_solar_generation,Solar,2026-08-29T22:40:46Z
2026-08-29T22:37:58Z,2026-08-30T00:37:58+0200,ede4ebfd-4cb0-4b05-bc4d-04fd38aa5047,2026-08-28T06:30:00Z,2026-08-28T08:30:00+0200,10393.30609,MW,DE,DE_LU,forecast_solar_generation,Solar,2026-08-29T22:40:46Z
2026-08-29T22:37:58Z,2026-08-30T00:37:58+0200,ede4ebfd-4cb0-4b05-bc4d-04fd38aa5047,2026-08-28T06:45:00Z,2026-08-28T08:45:00+0200,12200.27386,MW,DE,DE_LU,forecast_solar_generation,Solar,2026-08-29T22:40:46Z
2026-08-29T22:37:58Z,2026-08-30T00:37:58+0200,ede4ebfd-4cb0-4b05-bc4d-04fd38aa5047,2026-08-28T07:00:00Z,2026-08-28T09:00:00+0200,14002.98381,MW,DE,DE_LU,forecast_solar_generation,Solar,2026-08-29T22:40:46Z
2026-08-29T22:37:58Z,2026-08-30T00:37:58+0200,ede4ebfd-4cb0-4b05-bc4d-04fd38aa5047,2026-08-28T07:15:00Z,2026-08-28T09:15:00+0200,15778.91965,MW,DE,DE_LU,forecast_solar_generation,Solar,2026-08-29T22:40:46Z
2026-08-29T22:37:58Z,2026-08-30T00:37:58+0200,ede4ebfd-4cb0-4b05-bc4d-04fd38aa5047,2026-08-28T07:30:00Z,2026-08-28T09:30:00+0200,17456.19696,MW,DE,DE_LU,forecast_solar_generation,Solar,2026-08-29T22:40:46Z
2026-08-29T22:37:58Z,2026-08-30T00:37:58+0200,ede4ebfd-4cb0-4b05-bc4d-04fd38aa5047,2026-08-28T07:45:00Z,2026-08-28T09:45:00+0200,19023.24765,MW,DE,DE_LU,forecast_solar_generation,Solar,2026-08-29T22:40:46Z
2026-08-29T22:37:58Z,2026-08-30T00:37:58+0200,ede4ebfd-4cb0-4b05-bc4d-04fd38aa5047,2026-08-28T08:00:00Z,2026-08-28T10:00:00+0200,20507.30162,MW,DE,DE_LU,forecast_solar_generation,Solar,2026-08-29T22:40:46Z
2026-08-29T22:37:58Z,2026-08-30T00:37:58+0200,ede4ebfd-4cb0-4b05-bc4d-04fd38aa5047,2026-08-28T08:15:00Z,2026-08-28T10:15:00+0200,21891.60268,MW,DE,DE_LU,forecast_solar_generation,Solar,2026-08-29T22:40:46Z
2026-08-29T22:37:58Z,2026-08-30T00:37:58+0200,ede4ebfd-4cb0-4b05-bc4d-04fd38aa5047,2026-08-28T08:30:00Z,2026-08-28T10:30:00+0200,23044.63999,MW,DE,DE_LU,forecast_solar_generation,Solar,2026-08-29T22:40:46Z
2026-08-29T22:37:58Z,2026-08-30T00:37:58+0200,ede4ebfd-4cb0-4b05-bc4d-04fd38aa5047,2026-08-28T08:45:00Z,2026-08-28T10:45:00+0200,24038.3923,MW,DE,DE_LU,forecast_solar_generation,Solar,2026-08-29T22:40:46Z
2026-08-29T22:37:58Z,2026-08-30T00:37:58+0200,ede4ebfd-4cb0-4b05-bc4d-04fd38aa5047,2026-08-28T09:00:00Z,2026-08-28T11:00:00+0200,24932.87662,MW,DE,DE_LU,forecast_solar_generation,Solar,2026-08-29T22:40:46Z
2026-08-29T22:37:58Z,2026-08-30T00:37:58+0200,ede4ebfd-4cb0-4b05-bc4d-04fd38aa5047,2026-08-28T09:15:00Z,2026-08-28T11:15:00+0200,25771.46007,MW,DE,DE_LU,forecast_solar_generation,Solar,2026-08-29T22:40:46Z
2026-08-29T22:37:58Z,2026-08-30T00:37:58+0200,ede4ebfd-4cb0-4b05-bc4d-04fd38aa5047,2026-08-28T09:30:00Z,2026-08-28T11:30:00+0200,26502.34823,MW,DE,DE_LU,forecast_solar_generation,Solar,2026-08-29T22:40:46Z
2026-08-29T22:37:58Z,2026-08-30T00:37:58+0200,ede4ebfd-4cb0-4b05-bc4d-04fd38aa5047,2026-08-28T09:45:00Z,2026-08-28T11:45:00+0200,27152.83843,MW,DE,DE_LU,forecast_solar_generation,Solar,2026-08-29T22:40:46Z
2026-08-29T22:37:58Z,2026-08-30T00:37:58+0200,ede4ebfd-4cb0-4b05-bc4d-04fd38aa5047,2026-08-28T10:00:00Z,2026-08-28T12:00:00+0200,27751.47224,MW,DE,DE_LU,forecast_solar_generation,Solar,2026-08-29T22:40:46Z
2026-08-29T22:37:58Z,2026-08-30T00:37:58+0200,ede4ebfd-4cb0-4b05-bc4d-04fd38aa5047,2026-08-28T10:15:00Z,2026-08-28T12:15:00+0200,28277.38016,MW,DE,DE_LU,forecast_solar_generation,Solar,2026-08-29T22:40:46Z
2026-08-29T22:37:58Z,2026-08-30T00:37:58+0200,ede4ebfd-4cb0-4b05-bc4d-04fd38aa5047,2026-08-28T10:30:00Z,2026-08-28T12:30:00+0200,28622.63611,MW,DE,DE_LU,forecast_solar_generation,Solar,2026-08-29T22:40:46Z
2026-08-29T22:37:58Z,2026-08-30T00:37:58+0200,ede4ebfd-4cb0-4b05-bc4d-04fd38aa5047,2026-08-28T10:45:00Z,2026-08-28T12:45:00+0200,28794.78147,MW,DE,DE_LU,forecast_solar_generation,Solar,2026-08-29T22:40:46Z
2026-08-29T22:37:58Z,2026-08-30T00:37:58+0200,ede4ebfd-4cb0-4b05-bc4d-04fd38aa5047,2026-08-28T11:00:00Z,2026-08-28T13:00:00+0200,28851.73901,MW,DE,DE_LU,forecast_solar_generation,Solar,2026-08-29T22:40:46Z
2026-08-29T22:37:58Z,2026-08-30T00:37:58+0200,ede4ebfd-4cb0-4b05-bc4d-04fd38aa5047,2026-08-28T11:15:00Z,2026-08-28T13:15:00+0200,28794.98623,MW,DE,DE_LU,forecast_solar_generation,Solar,2026-08-29T22:40:46Z
2026-08-29T22:37:58Z,2026-08-30T00:37:58+0200,ede4ebfd-4cb0-4b05-bc4d-04fd38aa5047,2026-08-28T11:30:00Z,2026-08-28T13:30:00+0200,28620.5253,MW,DE,DE_LU,forecast_solar_generation,Solar,2026-08-29T22:40:46Z
2026-08-29T22:37:58Z,2026-08-30T00:37:58+0200,ede4ebfd-4cb0-4b05-bc4d-04fd38aa5047,2026-08-28T11:45:00Z,2026-08-28T13:45:00+0200,28310.17634,MW,DE,DE_LU,forecast_solar_generation,Solar,2026-08-29T22:40:46Z
2026-08-29T22:37:58Z,2026-08-30T00:37:58+0200,ede4ebfd-4cb0-4b05-bc4d-04fd38aa5047,2026-08-28T12:00:00Z,2026-08-28T14:00:00+0200,27888.75716,MW,DE,DE_LU,forecast_solar_generation,Solar,2026-08-29T22:40:46Z
2026-08-29T22:37:58Z,2026-08-30T00:37:58+0200,ede4ebfd-4cb0-4b05-bc4d-04fd38aa5047,2026-08-28T12:15:00Z,2026-08-28T14:15:00+0200,27440.45431,MW,DE,DE_LU,forecast_solar_generation,Solar,2026-08-29T22:40:46Z
2026-08-29T22:37:58Z,2026-08-30T00:37:58+0200,ede4ebfd-4cb0-4b05-bc4d-04fd38aa5047,2026-08-28T12:30:00Z,2026-08-28T14:30:00+0200,26879.01415,MW,DE,DE_LU,forecast_solar_generation,Solar,2026-08-29T22:40:46Z
2026-08-29T22:37:58Z,2026-08-30T00:37:58+0200,ede4ebfd-4cb0-4b05-bc4d-04fd38aa5047,2026-08-28T12:45:00Z,2026-08-28T14:45:00+0200,26083.54153,MW,DE,DE_LU,forecast_solar_generation,Solar,2026-08-29T22:40:46Z
2026-08-29T22:37:58Z,2026-08-30T00:37:58+0200,ede4ebfd-4cb0-4b05-bc4d-04fd38aa5047,2026-08-28T13:00:00Z,2026-08-28T15:00:00+0200,25237.45277,MW,DE,DE_LU,forecast_solar_generation,Solar,2026-08-29T22:40:46Z
2026-08-29T22:37:58Z,2026-08-30T00:37:58+0200,ede4ebfd-4cb0-4b05-bc4d-04fd38aa5047,2026-08-28T13:15:00Z,2026-08-28T15:15:00+0200,24286.59364,MW,DE,DE_LU,forecast_solar_generation,Solar,2026-08-29T22:40:46Z
2026-08-29T22:37:58Z,2026-08-30T00:37:58+0200,ede4ebfd-4cb0-4b05-bc4d-04fd38aa5047,2026-08-28T13:30:00Z,2026-08-28T15:30:00+0200,23236.84594,MW,DE,DE_LU,forecast_solar_generation,Solar,2026-08-29T22:40:46Z
2026-08-29T22:37:58Z,2026-08-30T00:37:58+0200,ede4ebfd-4cb0-4b05-bc4d-04fd38aa5047,2026-08-28T13:45:00Z,2026-08-28T15:45:00+0200,22134.22153,MW,DE,DE_LU,forecast_solar_generation,Solar,2026-08-29T22:40:46Z
2026-08-29T22:37:58Z,2026-08-30T00:37:58+0200,ede4ebfd-4cb0-4b05-bc4d-04fd38aa5047,2026-08-28T14:00:00Z,2026-08-28T16:00:00+0200,20933.07886,MW,DE,DE_LU,forecast_solar_generation,Solar,2026-08-29T22:40:46Z
2026-08-29T22:37:58Z,2026-08-30T00:37:58+0200,ede4ebfd-4cb0-4b05-bc4d-04fd38aa5047,2026-08-28T14:15:00Z,2026-08-28T16:15:00+0200,19659.31917,MW,DE,DE_LU,forecast_solar_generation,Solar,2026-08-29T22:40:46Z
2026-08-29T22:37:58Z,2026-08-30T00:37:58+0200,ede4ebfd-4cb0-4b05-bc4d-04fd38aa5047,2026-08-28T14:30:00Z,2026-08-28T16:30:00+0200,18271.27466,MW,DE,DE_LU,forecast_solar_generation,Solar,2026-08-29T22:40:46Z
2026-08-29T22:37:58Z,2026-08-30T00:37:58+0200,ede4ebfd-4cb0-4b05-bc4d-04fd38aa5047,2026-08-28T14:45:00Z,2026-08-28T16:45:00+0200,16798.34252,MW,DE,DE_LU,forecast_solar_generation,Solar,2026-08-29T22:40:46Z
2026-08-29T22:37:58Z,2026-08-30T00:37:58+0200,ede4ebfd-4cb0-4b05-bc4d-04fd38aa5047,2026-08-28T15:00:00Z,2026-08-28T17:00:00+0200,15253.95908,MW,DE,DE_LU,forecast_solar_generation,Solar,2026-08-29T22:40:46Z
2026-08-29T22:37:58Z,2026-08-30T00:37:58+0200,ede4ebfd-4cb0-4b05-bc4d-04fd38aa5047,2026-08-28T15:15:00Z,2026-08-28T17:15:00+0200,13676.88104,MW,DE,DE_LU,forecast_solar_generation,Solar,2026-08-29T22:40:46Z
2026-08-29T22:37:58Z,2026-08-30T00:37:58+0200,ede4ebfd-4cb0-4b05-bc4d-04fd38aa5047,2026-08-28T15:30:00Z,2026-08-28T17:30:00+0200,12006.43362,MW,DE,DE_LU,forecast_solar_generation,Solar,2026-08-29T22:40:46Z
2026-08-29T22:37:58Z,2026-08-30T00:37:58+0200,ede4ebfd-4cb0-4b05-bc4d-04fd38aa5047,2026-08-28T15:45:00Z,2026-08-28T17:45:00+0200,10346.43401,MW,DE,DE_LU,forecast_solar_generation,Solar,2026-08-29T22:40:46Z
2026-08-29T22:37:58Z,2026-08-30T00:37:58+0200,ede4ebfd-4cb0-4b05-bc4d-04fd38aa5047,2026-08-28T16:00:00Z,2026-08-28T18:00:00+0200,8726.99673,MW,DE,DE_LU,forecast_solar_generation,Solar,2026-08-29T22:40:46Z
2026-08-29T22:37:58Z,2026-08-30T00:37:58+0200,ede4ebfd-4cb0-4b05-bc4d-04fd38aa5047,2026-08-28T16:15:00Z,2026-08-28T18:15:00+0200,7153.47627,MW,DE,DE_LU,forecast_solar_generation,Solar,2026-08-29T22:40:46Z
2026-08-29T22:37:58Z,2026-08-30T00:37:58+0200,ede4ebfd-4cb0-4b05-bc4d-04fd38aa5047,2026-08-28T16:30:00Z,2026-08-28T18:30:00+0200,5612.00779,MW,DE,DE_LU,forecast_solar_generation,Solar,2026-08-29T22:40:46Z
2026-08-29T22:37:58Z,2026-08-30T00:37:58+0200,ede4ebfd-4cb0-4b05-bc4d-04fd38aa5047,2026-08-28T16:45:00Z,2026-08-28T18:45:00+0200,4178.5973,MW,DE,DE_LU,forecast_solar_generation,Solar,2026-08-29T22:40:46Z
2026-08-29T22:37:58Z,2026-08-30T00:37:58+0200,ede4ebfd-4cb0-4b05-bc4d-04fd38aa5047,2026-08-28T17:00:00Z,2026-08-28T19:00:00+0200,2907.08438,MW,DE,DE_LU,forecast_solar_generation,Solar,2026-08-29T22:40:46Z
2026-08-29T22:37:58Z,2026-08-30T00:37:58+0200,ede4ebfd-4cb0-4b05-bc4d-04fd38aa5047,2026-08-28T17:15:00Z,2026-08-28T19:15:00+0200,1869.53001,MW,DE,DE_LU,forecast_solar_generation,Solar,2026-08-29T22:40:46Z
2026-08-29T22:37:58Z,2026-08-30T00:37:58+0200,ede4ebfd-4cb0-4b05-bc4d-04fd38aa5047,2026-08-28T17:30:00Z,2026-08-28T19:30:00+0200,1073.76695,MW,DE,DE_LU,forecast_solar_generation,Solar,2026-08-29T22:40:46Z
2026-08-29T22:37:58Z,2026-08-30T00:37:58+0200,ede4ebfd-4cb0-4b05-bc4d-04fd38aa5047,2026-08-28T17:45:00Z,2026-08-28T19:45:00+0200,492.71392,MW,DE,DE_LU,forecast_solar_generation,Solar,2026-08-29T22:40:46Z
2026-08-29T22:37:58Z,2026-08-30T00:37:58+0200,ede4ebfd-4cb0-4b05-bc4d-04fd38aa5047,2026-08-28T18:00:00Z,2026-08-28T20:00:00+0200,147.57142,MW,DE,DE_LU,forecast_solar_generation,Solar,2026-08-29T22:40:46Z
2026-08-29T22:37:58Z,2026-08-30T00:37:58+0200,ede4ebfd-4cb0-4b05-bc4d-04fd38aa5047,2026-08-28T18:15:00Z,2026-08-28T20:15:00+0200,38.75287,MW,DE,DE_LU,forecast_solar_generation,Solar,2026-08-29T22:40:46Z
2026-08-29T22:37:58Z,2026-08-30T00:37:58+0200,ede4ebfd-4cb0-4b05-bc4d-04fd38aa5047,2026-08-28T18:30:00Z,2026-08-28T20:30:00+0200,12.30327,MW,DE,DE_LU,forecast_solar_generation,Solar,2026-08-29T22:40:46Z
2026-08-29T22:37:58Z,2026-08-30T00:37:58+0200,ede4ebfd-4cb0-4b05-bc4d-04fd38aa5047,2026-08-28T18:45:00Z,2026-08-28T20:45:00+0200,0.0,MW,DE,DE_LU,forecast_solar_generation,Solar,2026-08-29T22:40:46Z
2026-08-29T22:37:58Z,2026-08-30T00:37:58+0200,ede4ebfd-4cb0-4b05-bc4d-04fd38aa5047,2026-08-28T19:00:00Z,2026-08-28T21:00:00+0200,0.0,MW,DE,DE_LU,forecast_solar_generation,Solar,2026-08-29T22:40:46Z
2026-08-29T22:37:58Z,2026-08-30T00:37:58+0200,ede4ebfd-4cb0-4b05-bc4d-04fd38aa5047,2026-08-28T19:15:00Z,2026-08-28T21:15:00+0200,0.0,MW,DE,DE_LU,forecast_solar_generation,Solar,2026-08-29T22:40:46Z
2026-08-29T22:37:58Z,2026-08-30T00:37:58+0200,ede4ebfd-4cb0-4b05-bc4d-04fd38aa5047,2026-08-28T19:30:00Z,2026-08-28T21:30:00+0200,0.0,MW,DE,DE_LU,forecast_solar_generation,Solar,2026-08-29T22:40:46Z
2026-08-29T22:37:58Z,2026-08-30T00:37:58+0200,ede4ebfd-4cb0-4b05-bc4d-04fd38aa5047,2026-08-28T19:45:00Z,2026-08-28T21:45:00+0200,0.0,MW,DE,DE_LU,forecast_solar_generation,Solar,2026-08-29T22:40:46Z
2026-08-29T22:37:58Z,2026-08-30T00:37:58+0200,ede4ebfd-4cb0-4b05-bc4d-04fd38aa5047,2026-08-28T20:00:00Z,2026-08-28T22:00:00+0200,0.0,MW,DE,DE_LU,forecast_solar_generation,Solar,2026-08-29T22:40:46Z
2026-08-29T22:37:58Z,2026-08-30T00:37:58+0200,ede4ebfd-4cb0-4b05-bc4d-04fd38aa5047,2026-08-28T20:15:00Z,2026-08-28T22:15:00+0200,0.0,MW,DE,DE_LU,forecast_solar_generation,Solar,2026-08-29T22:40:46Z
2026-08-29T22:37:58Z,2026-08-30T00:37:58+0200,ede4ebfd-4cb0-4b05-bc4d-04fd38aa5047,2026-08-28T20:30:00Z,2026-08-28T22:30:00+0200,0.0,MW,DE,DE_LU,forecast_solar_generation,Solar,2026-08-29T22:40:46Z
2026-08-29T22:37:58Z,2026-08-30T00:37:58+0200,ede4ebfd-4cb0-4b05-bc4d-04fd38aa5047,2026-08-28T20:45:00Z,2026-08-28T22:45:00+0200,0.0,MW,DE,DE_LU,forecast_solar_generation,Solar,2026-08-29T22:40:46Z
2026-08-29T22:37:58Z,2026-08-30T00:37:58+0200,ede4ebfd-4cb0-4b05-bc4d-04fd38aa5047,2026-08-28T21:00:00Z,2026-08-28T23:00:00+0200,0.0,MW,DE,DE_LU,forecast_solar_generation,Solar,2026-08-29T22:40:46Z
2026-08-29T22:37:58Z,2026-08-30T00:37:58+0200,ede4ebfd-4cb0-4b05-bc4d-04fd38aa5047,2026-08-28T21:15:00Z,2026-08-28T23:15:00+0200,0.0,MW,DE,DE_LU,forecast_solar_generation,Solar,2026-08-29T22:40:46Z
2026-08-29T22:37:58Z,2026-08-30T00:37:58+0200,ede4ebfd-4cb0-4b05-bc4d-04fd38aa5047,2026-08-28T21:30:00Z,2026-08-28T23:30:00+0200,0.0,MW,DE,DE_LU,forecast_solar_generation,Solar,2026-08-29T22:40:46Z
2026-08-29T22:37:58Z,2026-08-30T00:37:58+0200,ede4ebfd-4cb0-4b05-bc4d-04fd38aa5047,2026-08-28T21:45:00Z,2026-08-28T23:45:00+0200,0.0,MW,DE,DE_LU,forecast_solar_generation,Solar,2026-08-29T22:40:46Z
2026-08-29T22:37:58Z,2026-08-30T00:37:58+0200,ede4ebfd-4cb0-4b05-bc4d-04fd38aa5047,2026-08-28T22:00:00Z,2026-08-29T00:00:00+0200,0.0,MW,DE,DE_LU,forecast_solar_generation,Solar,2026-08-29T22:40:46Z
2026-08-29T22:37:58Z,2026-08-30T00:37:58+0200,ede4ebfd-4cb0-4b05-bc4d-04fd38aa5047,2026-08-28T22:15:00Z,2026-08-29T00:15:00+0200,0.0,MW,DE,DE_LU,forecast_solar_generation,Solar,2026-08-29T22:40:46Z
2026-08-29T22:37:58Z,2026-08-30T00:37:58+0200,ede4ebfd-4cb0-4b05-bc4d-04fd38aa5047,2026-08-28T22:30:00Z,2026-08-29T00:30:00+0200,0.0,MW,DE,DE_LU,forecast_solar_generation,Solar,2026-08-29T22:40:46Z
2026-08-29T22:37:58Z,2026-08-30T00:37:58+0200,ede4ebfd-4cb0-4b05-bc4d-04fd38aa5047,2026-08-28T22:45:00Z,2026-08-29T00:45:00+0200,0.0,MW,DE,DE_LU,forecast_solar_generation,Solar,2026-08-29T22:40:46Z
2026-08-29T22:37:58Z,2026-08-30T00:37:58+0200,ede4ebfd-4cb0-4b05-bc4d-04fd38aa5047,2026-08-28T23:00:00Z,2026-08-29T01:00:00+0200,0.0,MW,DE,DE_LU,forecast_solar_generation,Solar,2026-08-29T22:40:46Z
2026-08-29T22:37:58Z,2026-08-30T00:37:58+0200,ede4ebfd-4cb0-4b05-bc4d-04fd38aa5047,2026-08-28T23:15:00Z,2026-08-29T01:15:00+0200,0.0,MW,DE,DE_LU,forecast_solar_generation,Solar,2026-08-29T22:40:46Z
2026-08-29T22:37:58Z,2026-08-30T00:37:58+0200,ede4ebfd-4cb0-4b05-bc4d-04fd38aa5047,2026-08-28T23:30:00Z,2026-08-29T01:30:00+0200,0.0,MW,DE,DE_LU,forecast_solar_generation,Solar,2026-08-29T22:40:46Z
2026-08-29T22:37:58Z,2026-08-30T00:37:58+0200,ede4ebfd-4cb0-4b05-bc4d-04fd38aa5047,2026-08-28T23:45:00Z,2026-08-29T01:45:00+0200,0.0,MW,DE,DE_LU,forecast_solar_generation,Solar,2026-08-29T22:40:46Z
2026-08-29T22:37:58Z,2026-08-30T00:37:58+0200,ede4ebfd-4cb0-4b05-bc4d-04fd38aa5047,2026-08-29T00:00:00Z,2026-08-29T02:00:00+0200,0.0,MW,DE,DE_LU,forecast_solar_generation,Solar,2026-08-29T22:40:46Z
2026-08-29T22:37:58Z,2026-08-30T00:37:58+0200,ede4ebfd-4cb0-4b05-bc4d-04fd38aa5047,2026-08-29T00:15:00Z,2026-08-29T02:15:00+0200,0.0,MW,DE,DE_LU,forecast_solar_generation,Solar,2026-08-29T22:40:46Z
2026-08-29T22:37:58Z,2026-08-30T00:37:58+0200,ede4ebfd-4cb0-4b05-bc4d-04fd38aa5047,2026-08-29T00:30:00Z,2026-08-29T02:30:00+0200,0.0,MW,DE,DE_LU,forecast_solar_generation,Solar,2026-08-29T22:40:46Z
2026-08-29T22:37:58Z,2026-08-30T00:37:58+0200,ede4ebfd-4cb0-4b05-bc4d-04fd38aa5047,2026-08-29T00:45:00Z,2026-08-29T02:45:00+0200,0.0,MW,DE,DE_LU,forecast_solar_generation,Solar,2026-08-29T22:40:46Z
2026-08-29T22:37:58Z,2026-08-30T00:37:58+0200,ede4ebfd-4cb0-4b05-bc4d-04fd38aa5047,2026-08-29T01:00:00Z,2026-08-29T03:00:00+0200,0.0,MW,DE,DE_LU,forecast_solar_generation,Solar,2026-08-29T22:40:46Z
2026-08-29T22:37:58Z,2026-08-30T00:37:58+0200,ede4ebfd-4cb0-4b05-bc4d-04fd38aa5047,2026-08-29T01:15:00Z,2026-08-29T03:15:00+0200,0.0,MW,DE,DE_LU,forecast_solar_generation,Solar,2026-08-29T22:40:46Z
2026-08-29T22:37:58Z,2026-08-30T00:37:58+0200,ede4ebfd-4cb0-4b05-bc4d-04fd38aa5047,2026-08-29T01:30:00Z,2026-08-29T03:30:00+0200,0.0,MW,DE,DE_LU,forecast_solar_generation,Solar,2026-08-29T22:40:46Z
2026-08-29T22:37:58Z,2026-08-30T00:37:58+0200,ede4ebfd-4cb0-4b05-bc4d-04fd38aa5047,2026-08-29T01:45:00Z,2026-08-29T03:45:00+0200,0.0,MW,DE,DE_LU,forecast_solar_generation,Solar,2026-08-29T22:40:46Z
2026-08-29T22:37:58Z,2026-08-30T00:37:58+0200,ede4ebfd-4cb0-4b05-bc4d-04fd38aa5047,2026-08-29T02:00:00Z,2026-08-29T04:00:00+0200,0.0,MW,DE,DE_LU,forecast_solar_generation,Solar,2026-08-29T22:40:46Z
2026-08-29T22:37:58Z,2026-08-30T00:37:58+0200,ede4ebfd-4cb0-4b05-bc4d-04fd38aa5047,2026-08-29T02:15:00Z,2026-08-29T04:15:00+0200,0.0,MW,DE,DE_LU,forecast_solar_generation,Solar,2026-08-29T22:40:46Z
2026-08-29T22:37:58Z,2026-08-30T00:37:58+0200,ede4ebfd-4cb0-4b05-bc4d-04fd38aa5047,2026-08-29T02:30:00Z,2026-08-29T04:30:00+0200,0.0,MW,DE,DE_LU,forecast_solar_generation,Solar,2026-08-29T22:40:46Z
2026-08-29T22:37:58Z,2026-08-30T00:37:58+0200,ede4ebfd-4cb0-4b05-bc4d-04fd38aa5047,2026-08-29T02:45:00Z,2026-08-29T04:45:00+0200,0.0,MW,DE,DE_LU,forecast_solar_generation,Solar,2026-08-29T22:40:46Z
2026-08-29T22:37:58Z,2026-08-30T00:37:58+0200,ede4ebfd-4cb0-4b05-bc4d-04fd38aa5047,2026-08-29T03:00:00Z,2026-08-29T05:00:00+0200,0.0,MW,DE,DE_LU,forecast_solar_generation,Solar,2026-08-29T22:40:46Z
2026-08-29T22:37:58Z,2026-08-30T00:37:58+0200,ede4ebfd-4cb0-4b05-bc4d-04fd38aa5047,2026-08-29T03:15:00Z,2026-08-29T05:15:00+0200,0.0,MW,DE,DE_LU,forecast_solar_generation,Solar,2026-08-29T22:40:46Z
2026-08-29T22:37:58Z,2026-08-30T00:37:58+0200,ede4ebfd-4cb0-4b05-bc4d-04fd38aa5047,2026-08-29T03:30:00Z,2026-08-29T05:30:00+0200,0.0,MW,DE,DE_LU,forecast_solar_generation,Solar,2026-08-29T22:40:46Z
2026-08-29T22:37:58Z,2026-08-30T00:37:58+0200,ede4ebfd-4cb0-4b05-bc4d-04fd38aa5047,2026-08-29T03:45:00Z,2026-08-29T05:45:00+0200,0.0,MW,DE,DE_LU,forecast_solar_generation,Solar,2026-08-29T22:40:46Z
2026-08-29T22:37:58Z,2026-08-30T00:37:58+0200,ede4ebfd-4cb0-4b05-bc4d-04fd38aa5047,2026-08-29T04:00:00Z,2026-08-29T06:00:00+0200,9.345,MW,DE,DE_LU,forecast_solar_generation,Solar,2026-08-29T22:40:46Z
2026-08-29T22:37:58Z,2026-08-30T00:37:58+0200,ede4ebfd-4cb0-4b05-bc4d-04fd38aa5047,2026-08-29T04:15:00Z,2026-08-29T06:15:00+0200,71.47881,MW,DE,DE_LU,forecast_solar_generation,Solar,2026-08-29T22:40:46Z
2026-08-29T22:37:58Z,2026-08-30T00:37:58+0200,ede4ebfd-4cb0-4b05-bc4d-04fd38aa5047,2026-08-29T04:30:00Z,2026-08-29T06:30:00+0200,373.76985,MW,DE,DE_LU,forecast_solar_generation,Solar,2026-08-29T22:40:46Z
2026-08-29T22:37:58Z,2026-08-30T00:37:58+0200,ede4ebfd-4cb0-4b05-bc4d-04fd38aa5047,2026-08-29T04:45:00Z,2026-08-29T06:45:00+0200,1068.53391,MW,DE,DE_LU,forecast_solar_generation,Solar,2026-08-29T22:40:46Z
2026-08-29T22:37:58Z,2026-08-30T00:37:58+0200,ede4ebfd-4cb0-4b05-bc4d-04fd38aa5047,2026-08-29T05:00:00Z,2026-08-29T07:00:00+0200,2258.2875,MW,DE,DE_LU,forecast_solar_generation,Solar,2026-08-29T22:40:46Z
2026-08-29T22:37:58Z,2026-08-30T00:37:58+0200,ede4ebfd-4cb0-4b05-bc4d-04fd38aa5047,2026-08-29T05:15:00Z,2026-08-29T07:15:00+0200,3922.25279,MW,DE,DE_LU,forecast_solar_generation,Solar,2026-08-29T22:40:46Z
2026-08-29T22:37:58Z,2026-08-30T00:37:58+0200,ede4ebfd-4cb0-4b05-bc4d-04fd38aa5047,2026-08-29T05:30:00Z,2026-08-29T07:30:00+0200,6070.61746,MW,DE,DE_LU,forecast_solar_generation,Solar,2026-08-29T22:40:46Z
2026-08-29T22:37:58Z,2026-08-30T00:37:58+0200,ede4ebfd-4cb0-4b05-bc4d-04fd38aa5047,2026-08-29T05:45:00Z,2026-08-29T07:45:00+0200,8595.20453,MW,DE,DE_LU,forecast_solar_generation,Solar,2026-08-29T22:40:46Z
2026-08-29T22:37:58Z,2026-08-30T00:37:58+0200,ede4ebfd-4cb0-4b05-bc4d-04fd38aa5047,2026-08-29T06:00:00Z,2026-08-29T08:00:00+0200,11330.84344,MW,DE,DE_LU,forecast_solar_generation,Solar,2026-08-29T22:40:46Z
2026-08-29T22:37:58Z,2026-08-30T00:37:58+0200,ede4ebfd-4cb0-4b05-bc4d-04fd38aa5047,2026-08-29T06:15:00Z,2026-08-29T08:15:00+0200,14258.79289,MW,DE,DE_LU,forecast_solar_generation,Solar,2026-08-29T22:40:46Z
2026-08-29T22:37:58Z,2026-08-30T00:37:58+0200,ede4ebfd-4cb0-4b05-bc4d-04fd38aa5047,2026-08-29T06:30:00Z,2026-08-29T08:30:00+0200,17233.71298,MW,DE,DE_LU,forecast_solar_generation,Solar,2026-08-29T22:40:46Z
2026-08-29T22:37:58Z,2026-08-30T00:37:58+0200,ede4ebfd-4cb0-4b05-bc4d-04fd38aa5047,2026-08-29T06:45:00Z,2026-08-29T08:45:00+0200,20155.19586,MW,DE,DE_LU,forecast_solar_generation,Solar,2026-08-29T22:40:46Z
2026-08-29T22:37:58Z,2026-08-30T00:37:58+0200,ede4ebfd-4cb0-4b05-bc4d-04fd38aa5047,2026-08-29T07:00:00Z,2026-08-29T09:00:00+0200,22929.25046,MW,DE,DE_LU,forecast_solar_generation,Solar,2026-08-29T22:40:46Z
2026-08-29T22:37:58Z,2026-08-30T00:37:58+0200,ede4ebfd-4cb0-4b05-bc4d-04fd38aa5047,2026-08-29T07:15:00Z,2026-08-29T09:15:00+0200,25545.65106,MW,DE,DE_LU,forecast_solar_generation,Solar,2026-08-29T22:40:46Z
2026-08-29T22:37:58Z,2026-08-30T00:37:58+0200,ede4ebfd-4cb0-4b05-bc4d-04fd38aa5047,2026-08-29T07:30:00Z,2026-08-29T09:30:00+0200,27991.13902,MW,DE,DE_LU,forecast_solar_generation,Solar,2026-08-29T22:40:46Z
2026-08-29T22:37:58Z,2026-08-30T00:37:58+0200,ede4ebfd-4cb0-4b05-bc4d-04fd38aa5047,2026-08-29T07:45:00Z,2026-08-29T09:45:00+0200,30234.53407,MW,DE,DE_LU,forecast_solar_generation,Solar,2026-08-29T22:40:46Z
2026-08-29T22:37:58Z,2026-08-30T00:37:58+0200,ede4ebfd-4cb0-4b05-bc4d-04fd38aa5047,2026-08-29T08:00:00Z,2026-08-29T10:00:00+0200,32294.90821,MW,DE,DE_LU,forecast_solar_generation,Solar,2026-08-29T22:40:46Z
2026-08-29T22:37:58Z,2026-08-30T00:37:58+0200,ede4ebfd-4cb0-4b05-bc4d-04fd38aa5047,2026-08-29T08:15:00Z,2026-08-29T10:15:00+0200,34167.39176,MW,DE,DE_LU,forecast_solar_generation,Solar,2026-08-29T22:40:46Z
2026-08-29T22:37:58Z,2026-08-30T00:37:58+0200,ede4ebfd-4cb0-4b05-bc4d-04fd38aa5047,2026-08-29T08:30:00Z,2026-08-29T10:30:00+0200,35829.16185,MW,DE,DE_LU,forecast_solar_generation,Solar,2026-08-29T22:40:46Z
2026-08-29T22:37:58Z,2026-08-30T00:37:58+0200,ede4ebfd-4cb0-4b05-bc4d-04fd38aa5047,2026-08-29T08:45:00Z,2026-08-29T10:45:00+0200,37292.23635,MW,DE,DE_LU,forecast_solar_generation,Solar,2026-08-29T22:40:46Z
2026-08-29T22:37:58Z,2026-08-30T00:37:58+0200,ede4ebfd-4cb0-4b05-bc4d-04fd38aa5047,2026-08-29T09:00:00Z,2026-08-29T11:00:00+0200,38532.07963,MW,DE,DE_LU,forecast_solar_generation,Solar,2026-08-29T22:40:46Z
2026-08-29T22:37:58Z,2026-08-30T00:37:58+0200,ede4ebfd-4cb0-4b05-bc4d-04fd38aa5047,2026-08-29T09:15:00Z,2026-08-29T11:15:00+0200,39573.62486,MW,DE,DE_LU,forecast_solar_generation,Solar,2026-08-29T22:40:46Z
2026-08-29T22:37:58Z,2026-08-30T00:37:58+0200,ede4ebfd-4cb0-4b05-bc4d-04fd38aa5047,2026-08-29T09:30:00Z,2026-08-29T11:30:00+0200,40405.8793,MW,DE,DE_LU,forecast_solar_generation,Solar,2026-08-29T22:40:46Z
2026-08-29T22:37:58Z,2026-08-30T00:37:58+0200,ede4ebfd-4cb0-4b05-bc4d-04fd38aa5047,2026-08-29T09:45:00Z,2026-08-29T11:45:00+0200,41051.94905,MW,DE,DE_LU,forecast_solar_generation,Solar,2026-08-29T22:40:46Z
2026-08-29T22:37:58Z,2026-08-30T00:37:58+0200,ede4ebfd-4cb0-4b05-bc4d-04fd38aa5047,2026-08-29T10:00:00Z,2026-08-29T12:00:00+0200,41537.93041,MW,DE,DE_LU,forecast_solar_generation,Solar,2026-08-29T22:40:46Z
2026-08-29T22:37:58Z,2026-08-30T00:37:58+0200,ede4ebfd-4cb0-4b05-bc4d-04fd38aa5047,2026-08-29T10:15:00Z,2026-08-29T12:15:00+0200,41848.22825,MW,DE,DE_LU,forecast_solar_generation,Solar,2026-08-29T22:40:46Z
2026-08-29T22:37:58Z,2026-08-30T00:37:58+0200,ede4ebfd-4cb0-4b05-bc4d-04fd38aa5047,2026-08-29T10:30:00Z,2026-08-29T12:30:00+0200,41984.49478,MW,DE,DE_LU,forecast_solar_generation,Solar,2026-08-29T22:40:46Z
2026-08-29T22:37:58Z,2026-08-30T00:37:58+0200,ede4ebfd-4cb0-4b05-bc4d-04fd38aa5047,2026-08-29T10:45:00Z,2026-08-29T12:45:00+0200,42015.05557,MW,DE,DE_LU,forecast_solar_generation,Solar,2026-08-29T22:40:46Z
2026-08-29T22:37:58Z,2026-08-30T00:37:58+0200,ede4ebfd-4cb0-4b05-bc4d-04fd38aa5047,2026-08-29T11:00:00Z,2026-08-29T13:00:00+0200,41886.75444,MW,DE,DE_LU,forecast_solar_generation,Solar,2026-08-29T22:40:46Z
2026-08-29T22:37:58Z,2026-08-30T00:37:58+0200,ede4ebfd-4cb0-4b05-bc4d-04fd38aa5047,2026-08-29T11:15:00Z,2026-08-29T13:15:00+0200,41567.31319,MW,DE,DE_LU,forecast_solar_generation,Solar,2026-08-29T22:40:46Z
2026-08-29T22:37:58Z,2026-08-30T00:37:58+0200,ede4ebfd-4cb0-4b05-bc4d-04fd38aa5047,2026-08-29T11:30:00Z,2026-08-29T13:30:00+0200,41076.18474,MW,DE,DE_LU,forecast_solar_generation,Solar,2026-08-29T22:40:46Z
2026-08-29T22:37:58Z,2026-08-30T00:37:58+0200,ede4ebfd-4cb0-4b05-bc4d-04fd38aa5047,2026-08-29T11:45:00Z,2026-08-29T13:45:00+0200,40428.29898,MW,DE,DE_LU,forecast_solar_generation,Solar,2026-08-29T22:40:46Z
2026-08-29T22:37:58Z,2026-08-30T00:37:58+0200,ede4ebfd-4cb0-4b05-bc4d-04fd38aa5047,2026-08-29T12:00:00Z,2026-08-29T14:00:00+0200,39603.93229,MW,DE,DE_LU,forecast_solar_generation,Solar,2026-08-29T22:40:46Z
2026-08-29T22:37:58Z,2026-08-30T00:37:58+0200,ede4ebfd-4cb0-4b05-bc4d-04fd38aa5047,2026-08-29T12:15:00Z,2026-08-29T14:15:00+0200,38617.82515,MW,DE,DE_LU,forecast_solar_generation,Solar,2026-08-29T22:40:46Z
2026-08-29T22:37:58Z,2026-08-30T00:37:58+0200,ede4ebfd-4cb0-4b05-bc4d-04fd38aa5047,2026-08-29T12:30:00Z,2026-08-29T14:30:00+0200,37497.7312,MW,DE,DE_LU,forecast_solar_generation,Solar,2026-08-29T22:40:46Z
2026-08-29T22:37:58Z,2026-08-30T00:37:58+0200,ede4ebfd-4cb0-4b05-bc4d-04fd38aa5047,2026-08-29T12:45:00Z,2026-08-29T14:45:00+0200,36190.72374,MW,DE,DE_LU,forecast_solar_generation,Solar,2026-08-29T22:40:46Z
2026-08-29T22:37:58Z,2026-08-30T00:37:58+0200,ede4ebfd-4cb0-4b05-bc4d-04fd38aa5047,2026-08-29T13:00:00Z,2026-08-29T15:00:00+0200,34823.28274,MW,DE,DE_LU,forecast_solar_generation,Solar,2026-08-29T22:40:46Z
2026-08-29T22:37:58Z,2026-08-30T00:37:58+0200,ede4ebfd-4cb0-4b05-bc4d-04fd38aa5047,2026-08-29T13:15:00Z,2026-08-29T15:15:00+0200,33375.79693,MW,DE,DE_LU,forecast_solar_generation,Solar,2026-08-29T22:40:46Z
2026-08-29T22:37:58Z,2026-08-30T00:37:58+0200,ede4ebfd-4cb0-4b05-bc4d-04fd38aa5047,2026-08-29T13:30:00Z,2026-08-29T15:30:00+0200,31808.99327,MW,DE,DE_LU,forecast_solar_generation,Solar,2026-08-29T22:40:46Z
2026-08-29T22:37:58Z,2026-08-30T00:37:58+0200,ede4ebfd-4cb0-4b05-bc4d-04fd38aa5047,2026-08-29T13:45:00Z,2026-08-29T15:45:00+0200,30134.78795,MW,DE,DE_LU,forecast_solar_generation,Solar,2026-08-29T22:40:46Z
2026-08-29T22:37:58Z,2026-08-30T00:37:58+0200,ede4ebfd-4cb0-4b05-bc4d-04fd38aa5047,2026-08-29T14:00:00Z,2026-08-29T16:00:00+0200,28308.5915,MW,DE,DE_LU,forecast_solar_generation,Solar,2026-08-29T22:40:46Z
2026-08-29T22:37:58Z,2026-08-30T00:37:58+0200,ede4ebfd-4cb0-4b05-bc4d-04fd38aa5047,2026-08-29T14:15:00Z,2026-08-29T16:15:00+0200,26381.83499,MW,DE,DE_LU,forecast_solar_generation,Solar,2026-08-29T22:40:46Z
2026-08-29T22:37:58Z,2026-08-30T00:37:58+0200,ede4ebfd-4cb0-4b05-bc4d-04fd38aa5047,2026-08-29T14:30:00Z,2026-08-29T16:30:00+0200,24361.08066,MW,DE,DE_LU,forecast_solar_generation,Solar,2026-08-29T22:40:46Z
2026-08-29T22:37:58Z,2026-08-30T00:37:58+0200,ede4ebfd-4cb0-4b05-bc4d-04fd38aa5047,2026-08-29T14:45:00Z,2026-08-29T16:45:00+0200,22239.33181,MW,DE,DE_LU,forecast_solar_generation,Solar,2026-08-29T22:40:46Z
2026-08-29T22:37:58Z,2026-08-30T00:37:58+0200,ede4ebfd-4cb0-4b05-bc4d-04fd38aa5047,2026-08-29T15:00:00Z,2026-08-29T17:00:00+0200,19962.98571,MW,DE,DE_LU,forecast_solar_generation,Solar,2026-08-29T22:40:46Z
2026-08-29T22:37:58Z,2026-08-30T00:37:58+0200,ede4ebfd-4cb0-4b05-bc4d-04fd38aa5047,2026-08-29T15:15:00Z,2026-08-29T17:15:00+0200,17621.22431,MW,DE,DE_LU,forecast_solar_generation,Solar,2026-08-29T22:40:46Z
2026-08-29T22:37:58Z,2026-08-30T00:37:58+0200,ede4ebfd-4cb0-4b05-bc4d-04fd38aa5047,2026-08-29T15:30:00Z,2026-08-29T17:30:00+0200,15235.44472,MW,DE,DE_LU,forecast_solar_generation,Solar,2026-08-29T22:40:46Z
2026-08-29T22:37:58Z,2026-08-30T00:37:58+0200,ede4ebfd-4cb0-4b05-bc4d-04fd38aa5047,2026-08-29T15:45:00Z,2026-08-29T17:45:00+0200,12893.07028,MW,DE,DE_LU,forecast_solar_generation,Solar,2026-08-29T22:40:46Z
2026-08-29T22:37:58Z,2026-08-30T00:37:58+0200,ede4ebfd-4cb0-4b05-bc4d-04fd38aa5047,2026-08-29T16:00:00Z,2026-08-29T18:00:00+0200,10609.80968,MW,DE,DE_LU,forecast_solar_generation,Solar,2026-08-29T22:40:46Z
2026-08-29T22:37:58Z,2026-08-30T00:37:58+0200,ede4ebfd-4cb0-4b05-bc4d-04fd38aa5047,2026-08-29T16:15:00Z,2026-08-29T18:15:00+0200,8466.30477,MW,DE,DE_LU,forecast_solar_generation,Solar,2026-08-29T22:40:46Z
2026-08-29T22:37:58Z,2026-08-30T00:37:58+0200,ede4ebfd-4cb0-4b05-bc4d-04fd38aa5047,2026-08-29T16:30:00Z,2026-08-29T18:30:00+0200,6481.95636,MW,DE,DE_LU,forecast_solar_generation,Solar,2026-08-29T22:40:46Z
2026-08-29T22:37:58Z,2026-08-30T00:37:58+0200,ede4ebfd-4cb0-4b05-bc4d-04fd38aa5047,2026-08-29T16:45:00Z,2026-08-29T18:45:00+0200,4689.31008,MW,DE,DE_LU,forecast_solar_generation,Solar,2026-08-29T22:40:46Z
2026-08-29T22:37:58Z,2026-08-30T00:37:58+0200,ede4ebfd-4cb0-4b05-bc4d-04fd38aa5047,2026-08-29T17:00:00Z,2026-08-29T19:00:00+0200,3181.98932,MW,DE,DE_LU,forecast_solar_generation,Solar,2026-08-29T22:40:46Z
2026-08-29T22:37:58Z,2026-08-30T00:37:58+0200,ede4ebfd-4cb0-4b05-bc4d-04fd38aa5047,2026-08-29T17:15:00Z,2026-08-29T19:15:00+0200,1970.35731,MW,DE,DE_LU,forecast_solar_generation,Solar,2026-08-29T22:40:46Z
2026-08-29T22:37:58Z,2026-08-30T00:37:58+0200,ede4ebfd-4cb0-4b05-bc4d-04fd38aa5047,2026-08-29T17:30:00Z,2026-08-29T19:30:00+0200,1048.92481,MW,DE,DE_LU,forecast_solar_generation,Solar,2026-08-29T22:40:46Z
2026-08-29T22:37:58Z,2026-08-30T00:37:58+0200,ede4ebfd-4cb0-4b05-bc4d-04fd38aa5047,2026-08-29T17:45:00Z,2026-08-29T19:45:00+0200,401.94224,MW,DE,DE_LU,forecast_solar_generation,Solar,2026-08-29T22:40:46Z
2026-08-29T22:37:58Z,2026-08-30T00:37:58+0200,ede4ebfd-4cb0-4b05-bc4d-04fd38aa5047,2026-08-29T18:00:00Z,2026-08-29T20:00:00+0200,89.51364,MW,DE,DE_LU,forecast_solar_generation,Solar,2026-08-29T22:40:46Z
2026-08-29T22:37:58Z,2026-08-30T00:37:58+0200,ede4ebfd-4cb0-4b05-bc4d-04fd38aa5047,2026-08-29T18:15:00Z,2026-08-29T20:15:00+0200,24.07396,MW,DE,DE_LU,forecast_solar_generation,Solar,2026-08-29T22:40:46Z
2026-08-29T22:37:58Z,2026-08-30T00:37:58+0200,ede4ebfd-4cb0-4b05-bc4d-04fd38aa5047,2026-08-29T18:30:00Z,2026-08-29T20:30:00+0200,1.809,MW,DE,DE_LU,forecast_solar_generation,Solar,2026-08-29T22:40:46Z
2026-08-29T22:37:58Z,2026-08-30T00:37:58+0200,ede4ebfd-4cb0-4b05-bc4d-04fd38aa5047,2026-08-29T18:45:00Z,2026-08-29T20:45:00+0200,0.0,MW,DE,DE_LU,forecast_solar_generation,Solar,2026-08-29T22:40:46Z
2026-08-29T22:37:58Z,2026-08-30T00:37:58+0200,ede4ebfd-4cb0-4b05-bc4d-04fd38aa5047,2026-08-29T19:00:00Z,2026-08-29T21:00:00+0200,0.0,MW,DE,DE_LU,forecast_solar_generation,Solar,2026-08-29T22:40:46Z
2026-08-29T22:37:58Z,2026-08-30T00:37:58+0200,ede4ebfd-4cb0-4b05-bc4d-04fd38aa5047,2026-08-29T19:15:00Z,2026-08-29T21:15:00+0200,0.0,MW,DE,DE_LU,forecast_solar_generation,Solar,2026-08-29T22:40:46Z
2026-08-29T22:37:58Z,2026-08-30T00:37:58+0200,ede4ebfd-4cb0-4b05-bc4d-04fd38aa5047,2026-08-29T19:30:00Z,2026-08-29T21:30:00+0200,0.0,MW,DE,DE_LU,forecast_solar_generation,Solar,2026-08-29T22:40:46Z
2026-08-29T22:37:58Z,2026-08-30T00:37:58+0200,ede4ebfd-4cb0-4b05-bc4d-04fd38aa5047,2026-08-29T19:45:00Z,2026-08-29T21:45:00+0200,0.0,MW,DE,DE_LU,forecast_solar_generation,Solar,2026-08-29T22:40:46Z
2026-08-29T22:37:58Z,2026-08-30T00:37:58+0200,ede4ebfd-4cb0-4b05-bc4d-04fd38aa5047,2026-08-29T20:00:00Z,2026-08-29T22:00:00+0200,0.0,MW,DE,DE_LU,forecast_solar_generation,Solar,2026-08-29T22:40:46Z
2026-08-29T22:37:58Z,2026-08-30T00:37:58+0200,ede4ebfd-4cb0-4b05-bc4d-04fd38aa5047,2026-08-29T20:15:00Z,2026-08-29T22:15:00+0200,0.0,MW,DE,DE_LU,forecast_solar_generation,Solar,2026-08-29T22:40:46Z
2026-08-29T22:37:58Z,2026-08-30T00:37:58+0200,ede4ebfd-4cb0-4b05-bc4d-04fd38aa5047,2026-08-29T20:30:00Z,2026-08-29T22:30:00+0200,0.0,MW,DE,DE_LU,forecast_solar_generation,Solar,2026-08-29T22:40:46Z
2026-08-29T22:37:58Z,2026-08-30T00:37:58+0200,ede4ebfd-4cb0-4b05-bc4d-04fd38aa5047,2026-08-29T20:45:00Z,2026-08-29T22:45:00+0200,0.0,MW,DE,DE_LU,forecast_solar_generation,Solar,2026-08-29T22:40:46Z
2026-08-29T22:37:58Z,2026-08-30T00:37:58+0200,ede4ebfd-4cb0-4b05-bc4d-04fd38aa5047,2026-08-29T21:00:00Z,2026-08-29T23:00:00+0200,0.0,MW,DE,DE_LU,forecast_solar_generation,Solar,2026-08-29T22:40:46Z
2026-08-29T22:37:58Z,2026-08-30T00:37:58+0200,ede4ebfd-4cb0-4b05-bc4d-04fd38aa5047,2026-08-29T21:15:00Z,2026-08-29T23:15:00+0200,0.0,MW,DE,DE_LU,forecast_solar_generation,Solar,2026-08-29T22:40:46Z
2026-08-29T22:37:58Z,2026-08-30T00:37:58+0200,ede4ebfd-4cb0-4b05-bc4d-04fd38aa5047,2026-08-29T21:30:00Z,2026-08-29T23:30:00+0200,0.0,MW,DE,DE_LU,forecast_solar_generation,Solar,2026-08-29T22:40:46Z
2026-08-29T22:37:58Z,2026-08-30T00:37:58+0200,ede4ebfd-4cb0-4b05-bc4d-04fd38aa5047,2026-08-29T21:45:00Z,2026-08-29T23:45:00+0200,0.0,MW,DE,DE_LU,forecast_solar_generation,Solar,2026-08-29T22:40:46Z
