collection_time_utc,collection_time_local,run_id,timestamp_utc,timestamp_local,value,unit,country,entsoe_area,variable,source,updated_at_utc
2026-08-04T05:31:07Z,2026-08-04T07:31:07+0200,fe4314c0-08bc-43c1-bc96-38bb7e2cf46d,2026-07-04T06:00:00Z,2026-07-04T08:00:00+0200,958.359,MW,DK1,DK_1,actual_solar_generation,Solar,2026-08-04T05:33:58Z
2026-08-04T05:31:07Z,2026-08-04T07:31:07+0200,fe4314c0-08bc-43c1-bc96-38bb7e2cf46d,2026-07-04T06:15:00Z,2026-07-04T08:15:00+0200,1077.93,MW,DK1,DK_1,actual_solar_generation,Solar,2026-08-04T05:33:58Z
2026-08-04T05:31:07Z,2026-08-04T07:31:07+0200,fe4314c0-08bc-43c1-bc96-38bb7e2cf46d,2026-07-04T06:30:00Z,2026-07-04T08:30:00+0200,1124.76,MW,DK1,DK_1,actual_solar_generation,Solar,2026-08-04T05:33:58Z
2026-08-04T05:31:07Z,2026-08-04T07:31:07+0200,fe4314c0-08bc-43c1-bc96-38bb7e2cf46d,2026-07-04T06:45:00Z,2026-07-04T08:45:00+0200,1145.52,MW,DK1,DK_1,actual_solar_generation,Solar,2026-08-04T05:33:58Z
2026-08-04T05:31:07Z,2026-08-04T07:31:07+0200,fe4314c0-08bc-43c1-bc96-38bb7e2cf46d,2026-07-04T07:00:00Z,2026-07-04T09:00:00+0200,1206.4,MW,DK1,DK_1,actual_solar_generation,Solar,2026-08-04T05:33:58Z
2026-08-04T05:31:07Z,2026-08-04T07:31:07+0200,fe4314c0-08bc-43c1-bc96-38bb7e2cf46d,2026-07-04T07:15:00Z,2026-07-04T09:15:00+0200,980.971,MW,DK1,DK_1,actual_solar_generation,Solar,2026-08-04T05:33:58Z
2026-08-04T05:31:07Z,2026-08-04T07:31:07+0200,fe4314c0-08bc-43c1-bc96-38bb7e2cf46d,2026-07-04T07:30:00Z,2026-07-04T09:30:00+0200,978.242,MW,DK1,DK_1,actual_solar_generation,Solar,2026-08-04T05:33:58Z
2026-08-04T05:31:07Z,2026-08-04T07:31:07+0200,fe4314c0-08bc-43c1-bc96-38bb7e2cf46d,2026-07-04T07:45:00Z,2026-07-04T09:45:00+0200,991.106,MW,DK1,DK_1,actual_solar_generation,Solar,2026-08-04T05:33:58Z
2026-08-04T05:31:07Z,2026-08-04T07:31:07+0200,fe4314c0-08bc-43c1-bc96-38bb7e2cf46d,2026-07-04T08:00:00Z,2026-07-04T10:00:00+0200,1049.7,MW,DK1,DK_1,actual_solar_generation,Solar,2026-08-04T05:33:58Z
2026-08-04T05:31:07Z,2026-08-04T07:31:07+0200,fe4314c0-08bc-43c1-bc96-38bb7e2cf46d,2026-07-04T08:15:00Z,2026-07-04T10:15:00+0200,1080.06,MW,DK1,DK_1,actual_solar_generation,Solar,2026-08-04T05:33:58Z
2026-08-04T05:31:07Z,2026-08-04T07:31:07+0200,fe4314c0-08bc-43c1-bc96-38bb7e2cf46d,2026-07-04T08:30:00Z,2026-07-04T10:30:00+0200,1230.07,MW,DK1,DK_1,actual_solar_generation,Solar,2026-08-04T05:33:58Z
2026-08-04T05:31:07Z,2026-08-04T07:31:07+0200,fe4314c0-08bc-43c1-bc96-38bb7e2cf46d,2026-07-04T08:45:00Z,2026-07-04T10:45:00+0200,1310.9,MW,DK1,DK_1,actual_solar_generation,Solar,2026-08-04T05:33:58Z
2026-08-04T05:31:07Z,2026-08-04T07:31:07+0200,fe4314c0-08bc-43c1-bc96-38bb7e2cf46d,2026-07-04T09:00:00Z,2026-07-04T11:00:00+0200,1055.56,MW,DK1,DK_1,actual_solar_generation,Solar,2026-08-04T05:33:58Z
2026-08-04T05:31:07Z,2026-08-04T07:31:07+0200,fe4314c0-08bc-43c1-bc96-38bb7e2cf46d,2026-07-04T09:15:00Z,2026-07-04T11:15:00+0200,1003.32,MW,DK1,DK_1,actual_solar_generation,Solar,2026-08-04T05:33:58Z
2026-08-04T05:31:07Z,2026-08-04T07:31:07+0200,fe4314c0-08bc-43c1-bc96-38bb7e2cf46d,2026-07-04T09:30:00Z,2026-07-04T11:30:00+0200,994.07,MW,DK1,DK_1,actual_solar_generation,Solar,2026-08-04T05:33:58Z
2026-08-04T05:31:07Z,2026-08-04T07:31:07+0200,fe4314c0-08bc-43c1-bc96-38bb7e2cf46d,2026-07-04T09:45:00Z,2026-07-04T11:45:00+0200,1003.08,MW,DK1,DK_1,actual_solar_generation,Solar,2026-08-04T05:33:58Z
2026-08-04T05:31:07Z,2026-08-04T07:31:07+0200,fe4314c0-08bc-43c1-bc96-38bb7e2cf46d,2026-07-04T10:00:00Z,2026-07-04T12:00:00+0200,1009.39,MW,DK1,DK_1,actual_solar_generation,Solar,2026-08-04T05:33:58Z
2026-08-04T05:31:07Z,2026-08-04T07:31:07+0200,fe4314c0-08bc-43c1-bc96-38bb7e2cf46d,2026-07-04T10:15:00Z,2026-07-04T12:15:00+0200,992.8,MW,DK1,DK_1,actual_solar_generation,Solar,2026-08-04T05:33:58Z
2026-08-04T05:31:07Z,2026-08-04T07:31:07+0200,fe4314c0-08bc-43c1-bc96-38bb7e2cf46d,2026-07-04T10:30:00Z,2026-07-04T12:30:00+0200,1025.39,MW,DK1,DK_1,actual_solar_generation,Solar,2026-08-04T05:33:58Z
2026-08-04T05:31:07Z,2026-08-04T07:31:07+0200,fe4314c0-08bc-43c1-bc96-38bb7e2cf46d,2026-07-04T10:45:00Z,2026-07-04T12:45:00+0200,1032.65,MW,DK1,DK_1,actual_solar_generation,Solar,2026-08-04T05:33:58Z
2026-08-04T05:31:07Z,2026-08-04T07:31:07+0200,fe4314c0-08bc-43c1-bc96-38bb7e2cf46d,2026-07-04T11:00:00Z,2026-07-04T13:00:00+0200,1025.02,MW,DK1,DK_1,actual_solar_generation,Solar,2026-08-04T05:33:58Z
2026-08-04T05:31:07Z,2026-08-04T07:31:07+0200,fe4314c0-08bc-43c1-bc96-38bb7e2cf46d,2026-07-04T11:15:00Z,2026-07-04T13:15:00+0200,981.109,MW,DK1,DK_1,actual_solar_generation,Solar,2026-08-04T05:33:58Z
2026-08-04T05:31:07Z,2026-08-04T07:31:07+0200,fe4314c0-08bc-43c1-bc96-38bb7e2cf46d,2026-07-04T11:30:00Z,2026-07-04T13:30:00+0200,968.399,MW,DK1,DK_1,actual_solar_generation,Solar,2026-08-04T05:33:58Z
2026-08-04T05:31:07Z,2026-08-04T07:31:07+0200,fe4314c0-08bc-43c1-bc96-38bb7e2cf46d,2026-07-04T11:45:00Z,2026-07-04T13:45:00+0200,999.612,MW,DK1,DK_1,actual_solar_generation,Solar,2026-08-04T05:33:58Z
2026-08-04T05:31:07Z,2026-08-04T07:31:07+0200,fe4314c0-08bc-43c1-bc96-38bb7e2cf46d,2026-07-04T12:00:00Z,2026-07-04T14:00:00+0200,923.23,MW,DK1,DK_1,actual_solar_generation,Solar,2026-08-04T05:33:58Z
2026-08-04T05:31:07Z,2026-08-04T07:31:07+0200,fe4314c0-08bc-43c1-bc96-38bb7e2cf46d,2026-07-04T12:15:00Z,2026-07-04T14:15:00+0200,906.889,MW,DK1,DK_1,actual_solar_generation,Solar,2026-08-04T05:33:58Z
2026-08-04T05:31:07Z,2026-08-04T07:31:07+0200,fe4314c0-08bc-43c1-bc96-38bb7e2cf46d,2026-07-04T12:30:00Z,2026-07-04T14:30:00+0200,913.437,MW,DK1,DK_1,actual_solar_generation,Solar,2026-08-04T05:33:58Z
2026-08-04T05:31:07Z,2026-08-04T07:31:07+0200,fe4314c0-08bc-43c1-bc96-38bb7e2cf46d,2026-07-04T12:45:00Z,2026-07-04T14:45:00+0200,903.403,MW,DK1,DK_1,actual_solar_generation,Solar,2026-08-04T05:33:58Z
2026-08-04T05:31:07Z,2026-08-04T07:31:07+0200,fe4314c0-08bc-43c1-bc96-38bb7e2cf46d,2026-07-04T13:00:00Z,2026-07-04T15:00:00+0200,944.121,MW,DK1,DK_1,actual_solar_generation,Solar,2026-08-04T05:33:58Z
2026-08-04T05:31:07Z,2026-08-04T07:31:07+0200,fe4314c0-08bc-43c1-bc96-38bb7e2cf46d,2026-07-04T13:15:00Z,2026-07-04T15:15:00+0200,927.206,MW,DK1,DK_1,actual_solar_generation,Solar,2026-08-04T05:33:58Z
2026-08-04T05:31:07Z,2026-08-04T07:31:07+0200,fe4314c0-08bc-43c1-bc96-38bb7e2cf46d,2026-07-04T13:30:00Z,2026-07-04T15:30:00+0200,851.002,MW,DK1,DK_1,actual_solar_generation,Solar,2026-08-04T05:33:58Z
2026-08-04T05:31:07Z,2026-08-04T07:31:07+0200,fe4314c0-08bc-43c1-bc96-38bb7e2cf46d,2026-07-04T13:45:00Z,2026-07-04T15:45:00+0200,847.386,MW,DK1,DK_1,actual_solar_generation,Solar,2026-08-04T05:33:58Z
2026-08-04T05:31:07Z,2026-08-04T07:31:07+0200,fe4314c0-08bc-43c1-bc96-38bb7e2cf46d,2026-07-04T14:00:00Z,2026-07-04T16:00:00+0200,784.025,MW,DK1,DK_1,actual_solar_generation,Solar,2026-08-04T05:33:58Z
2026-08-04T05:31:07Z,2026-08-04T07:31:07+0200,fe4314c0-08bc-43c1-bc96-38bb7e2cf46d,2026-07-04T14:15:00Z,2026-07-04T16:15:00+0200,781.687,MW,DK1,DK_1,actual_solar_generation,Solar,2026-08-04T05:33:58Z
2026-08-04T05:31:07Z,2026-08-04T07:31:07+0200,fe4314c0-08bc-43c1-bc96-38bb7e2cf46d,2026-07-04T14:30:00Z,2026-07-04T16:30:00+0200,705.206,MW,DK1,DK_1,actual_solar_generation,Solar,2026-08-04T05:33:58Z
2026-08-04T05:31:07Z,2026-08-04T07:31:07+0200,fe4314c0-08bc-43c1-bc96-38bb7e2cf46d,2026-07-04T14:45:00Z,2026-07-04T16:45:00+0200,735.525,MW,DK1,DK_1,actual_solar_generation,Solar,2026-08-04T05:33:58Z
2026-08-04T05:31:07Z,2026-08-04T07:31:07+0200,fe4314c0-08bc-43c1-bc96-38bb7e2cf46d,2026-07-04T15:00:00Z,2026-07-04T17:00:00+0200,728.438,MW,DK1,DK_1,actual_solar_generation,Solar,2026-08-04T05:33:58Z
2026-08-04T05:31:07Z,2026-08-04T07:31:07+0200,fe4314c0-08bc-43c1-bc96-38bb7e2cf46d,2026-07-04T15:15:00Z,2026-07-04T17:15:00+0200,873.964,MW,DK1,DK_1,actual_solar_generation,Solar,2026-08-04T05:33:58Z
2026-08-04T05:31:07Z,2026-08-04T07:31:07+0200,fe4314c0-08bc-43c1-bc96-38bb7e2cf46d,2026-07-04T15:30:00Z,2026-07-04T17:30:00+0200,872.408,MW,DK1,DK_1,actual_solar_generation,Solar,2026-08-04T05:33:58Z
2026-08-04T05:31:07Z,2026-08-04T07:31:07+0200,fe4314c0-08bc-43c1-bc96-38bb7e2cf46d,2026-07-04T15:45:00Z,2026-07-04T17:45:00+0200,985.049,MW,DK1,DK_1,actual_solar_generation,Solar,2026-08-04T05:33:58Z
2026-08-04T05:31:07Z,2026-08-04T07:31:07+0200,fe4314c0-08bc-43c1-bc96-38bb7e2cf46d,2026-07-04T16:00:00Z,2026-07-04T18:00:00+0200,861.343,MW,DK1,DK_1,actual_solar_generation,Solar,2026-08-04T05:33:58Z
2026-08-04T05:31:07Z,2026-08-04T07:31:07+0200,fe4314c0-08bc-43c1-bc96-38bb7e2cf46d,2026-07-04T16:15:00Z,2026-07-04T18:15:00+0200,789.935,MW,DK1,DK_1,actual_solar_generation,Solar,2026-08-04T05:33:58Z
2026-08-04T05:31:07Z,2026-08-04T07:31:07+0200,fe4314c0-08bc-43c1-bc96-38bb7e2cf46d,2026-07-04T16:30:00Z,2026-07-04T18:30:00+0200,695.84,MW,DK1,DK_1,actual_solar_generation,Solar,2026-08-04T05:33:58Z
2026-08-04T05:31:07Z,2026-08-04T07:31:07+0200,fe4314c0-08bc-43c1-bc96-38bb7e2cf46d,2026-07-04T16:45:00Z,2026-07-04T18:45:00+0200,566.988,MW,DK1,DK_1,actual_solar_generation,Solar,2026-08-04T05:33:58Z
2026-08-04T05:31:07Z,2026-08-04T07:31:07+0200,fe4314c0-08bc-43c1-bc96-38bb7e2cf46d,2026-07-04T17:00:00Z,2026-07-04T19:00:00+0200,540.361,MW,DK1,DK_1,actual_solar_generation,Solar,2026-08-04T05:33:58Z
2026-08-04T05:31:07Z,2026-08-04T07:31:07+0200,fe4314c0-08bc-43c1-bc96-38bb7e2cf46d,2026-07-04T17:15:00Z,2026-07-04T19:15:00+0200,452.029,MW,DK1,DK_1,actual_solar_generation,Solar,2026-08-04T05:33:58Z
2026-08-04T05:31:07Z,2026-08-04T07:31:07+0200,fe4314c0-08bc-43c1-bc96-38bb7e2cf46d,2026-07-04T17:30:00Z,2026-07-04T19:30:00+0200,363.259,MW,DK1,DK_1,actual_solar_generation,Solar,2026-08-04T05:33:58Z
2026-08-04T05:31:07Z,2026-08-04T07:31:07+0200,fe4314c0-08bc-43c1-bc96-38bb7e2cf46d,2026-07-04T17:45:00Z,2026-07-04T19:45:00+0200,277.281,MW,DK1,DK_1,actual_solar_generation,Solar,2026-08-04T05:33:58Z
2026-08-04T05:31:07Z,2026-08-04T07:31:07+0200,fe4314c0-08bc-43c1-bc96-38bb7e2cf46d,2026-07-04T18:00:00Z,2026-07-04T20:00:00+0200,218.211,MW,DK1,DK_1,actual_solar_generation,Solar,2026-08-04T05:33:58Z
2026-08-04T05:31:07Z,2026-08-04T07:31:07+0200,fe4314c0-08bc-43c1-bc96-38bb7e2cf46d,2026-07-04T18:15:00Z,2026-07-04T20:15:00+0200,168.783,MW,DK1,DK_1,actual_solar_generation,Solar,2026-08-04T05:33:58Z
2026-08-04T05:31:07Z,2026-08-04T07:31:07+0200,fe4314c0-08bc-43c1-bc96-38bb7e2cf46d,2026-07-04T18:30:00Z,2026-07-04T20:30:00+0200,115.168,MW,DK1,DK_1,actual_solar_generation,Solar,2026-08-04T05:33:58Z
2026-08-04T05:31:07Z,2026-08-04T07:31:07+0200,fe4314c0-08bc-43c1-bc96-38bb7e2cf46d,2026-07-04T18:45:00Z,2026-07-04T20:45:00+0200,79.6063,MW,DK1,DK_1,actual_solar_generation,Solar,2026-08-04T05:33:58Z
2026-08-04T05:31:07Z,2026-08-04T07:31:07+0200,fe4314c0-08bc-43c1-bc96-38bb7e2cf46d,2026-07-04T19:00:00Z,2026-07-04T21:00:00+0200,54.9907,MW,DK1,DK_1,actual_solar_generation,Solar,2026-08-04T05:33:58Z
2026-08-04T05:31:07Z,2026-08-04T07:31:07+0200,fe4314c0-08bc-43c1-bc96-38bb7e2cf46d,2026-07-04T19:15:00Z,2026-07-04T21:15:00+0200,34.9957,MW,DK1,DK_1,actual_solar_generation,Solar,2026-08-04T05:33:58Z
2026-08-04T05:31:07Z,2026-08-04T07:31:07+0200,fe4314c0-08bc-43c1-bc96-38bb7e2cf46d,2026-07-04T19:30:00Z,2026-07-04T21:30:00+0200,17.1793,MW,DK1,DK_1,actual_solar_generation,Solar,2026-08-04T05:33:58Z
2026-08-04T05:31:07Z,2026-08-04T07:31:07+0200,fe4314c0-08bc-43c1-bc96-38bb7e2cf46d,2026-07-04T19:45:00Z,2026-07-04T21:45:00+0200,9.49234,MW,DK1,DK_1,actual_solar_generation,Solar,2026-08-04T05:33:58Z
2026-08-04T05:31:07Z,2026-08-04T07:31:07+0200,fe4314c0-08bc-43c1-bc96-38bb7e2cf46d,2026-07-04T20:00:00Z,2026-07-04T22:00:00+0200,6.71881,MW,DK1,DK_1,actual_solar_generation,Solar,2026-08-04T05:33:58Z
2026-08-04T05:31:07Z,2026-08-04T07:31:07+0200,fe4314c0-08bc-43c1-bc96-38bb7e2cf46d,2026-07-04T20:15:00Z,2026-07-04T22:15:00+0200,3.11198,MW,DK1,DK_1,actual_solar_generation,Solar,2026-08-04T05:33:58Z
2026-08-04T05:31:07Z,2026-08-04T07:31:07+0200,fe4314c0-08bc-43c1-bc96-38bb7e2cf46d,2026-07-04T20:30:00Z,2026-07-04T22:30:00+0200,3.16618,MW,DK1,DK_1,actual_solar_generation,Solar,2026-08-04T05:33:58Z
2026-08-04T05:31:07Z,2026-08-04T07:31:07+0200,fe4314c0-08bc-43c1-bc96-38bb7e2cf46d,2026-07-04T20:45:00Z,2026-07-04T22:45:00+0200,2.82091,MW,DK1,DK_1,actual_solar_generation,Solar,2026-08-04T05:33:58Z
2026-08-04T05:31:07Z,2026-08-04T07:31:07+0200,fe4314c0-08bc-43c1-bc96-38bb7e2cf46d,2026-07-04T21:00:00Z,2026-07-04T23:00:00+0200,3.07057,MW,DK1,DK_1,actual_solar_generation,Solar,2026-08-04T05:33:58Z
2026-08-04T05:31:07Z,2026-08-04T07:31:07+0200,fe4314c0-08bc-43c1-bc96-38bb7e2cf46d,2026-07-04T21:15:00Z,2026-07-04T23:15:00+0200,4.77902,MW,DK1,DK_1,actual_solar_generation,Solar,2026-08-04T05:33:58Z
2026-08-04T05:31:07Z,2026-08-04T07:31:07+0200,fe4314c0-08bc-43c1-bc96-38bb7e2cf46d,2026-07-04T21:30:00Z,2026-07-04T23:30:00+0200,4.35879,MW,DK1,DK_1,actual_solar_generation,Solar,2026-08-04T05:33:58Z
2026-08-04T05:31:07Z,2026-08-04T07:31:07+0200,fe4314c0-08bc-43c1-bc96-38bb7e2cf46d,2026-07-04T21:45:00Z,2026-07-04T23:45:00+0200,3.82922,MW,DK1,DK_1,actual_solar_generation,Solar,2026-08-04T05:33:58Z
2026-08-04T05:31:07Z,2026-08-04T07:31:07+0200,fe4314c0-08bc-43c1-bc96-38bb7e2cf46d,2026-07-04T22:00:00Z,2026-07-05T00:00:00+0200,4.18494,MW,DK1,DK_1,actual_solar_generation,Solar,2026-08-04T05:33:58Z
2026-08-04T05:31:07Z,2026-08-04T07:31:07+0200,fe4314c0-08bc-43c1-bc96-38bb7e2cf46d,2026-07-04T22:15:00Z,2026-07-05T00:15:00+0200,4.1831,MW,DK1,DK_1,actual_solar_generation,Solar,2026-08-04T05:33:58Z
2026-08-04T05:31:07Z,2026-08-04T07:31:07+0200,fe4314c0-08bc-43c1-bc96-38bb7e2cf46d,2026-07-04T22:30:00Z,2026-07-05T00:30:00+0200,4.38578,MW,DK1,DK_1,actual_solar_generation,Solar,2026-08-04T05:33:58Z
2026-08-04T05:31:07Z,2026-08-04T07:31:07+0200,fe4314c0-08bc-43c1-bc96-38bb7e2cf46d,2026-07-04T22:45:00Z,2026-07-05T00:45:00+0200,4.83044,MW,DK1,DK_1,actual_solar_generation,Solar,2026-08-04T05:33:58Z
2026-08-04T05:31:07Z,2026-08-04T07:31:07+0200,fe4314c0-08bc-43c1-bc96-38bb7e2cf46d,2026-07-04T23:00:00Z,2026-07-05T01:00:00+0200,5.02297,MW,DK1,DK_1,actual_solar_generation,Solar,2026-08-04T05:33:58Z
2026-08-04T05:31:07Z,2026-08-04T07:31:07+0200,fe4314c0-08bc-43c1-bc96-38bb7e2cf46d,2026-07-04T23:15:00Z,2026-07-05T01:15:00+0200,5.58893,MW,DK1,DK_1,actual_solar_generation,Solar,2026-08-04T05:33:58Z
2026-08-04T05:31:07Z,2026-08-04T07:31:07+0200,fe4314c0-08bc-43c1-bc96-38bb7e2cf46d,2026-07-04T23:30:00Z,2026-07-05T01:30:00+0200,6.31208,MW,DK1,DK_1,actual_solar_generation,Solar,2026-08-04T05:33:58Z
2026-08-04T05:31:07Z,2026-08-04T07:31:07+0200,fe4314c0-08bc-43c1-bc96-38bb7e2cf46d,2026-07-04T23:45:00Z,2026-07-05T01:45:00+0200,6.33605,MW,DK1,DK_1,actual_solar_generation,Solar,2026-08-04T05:33:58Z
2026-08-04T05:31:07Z,2026-08-04T07:31:07+0200,fe4314c0-08bc-43c1-bc96-38bb7e2cf46d,2026-07-05T00:00:00Z,2026-07-05T02:00:00+0200,6.68264,MW,DK1,DK_1,actual_solar_generation,Solar,2026-08-04T05:33:58Z
2026-08-04T05:31:07Z,2026-08-04T07:31:07+0200,fe4314c0-08bc-43c1-bc96-38bb7e2cf46d,2026-07-05T00:15:00Z,2026-07-05T02:15:00+0200,7.17333,MW,DK1,DK_1,actual_solar_generation,Solar,2026-08-04T05:33:58Z
2026-08-04T05:31:07Z,2026-08-04T07:31:07+0200,fe4314c0-08bc-43c1-bc96-38bb7e2cf46d,2026-07-05T00:30:00Z,2026-07-05T02:30:00+0200,4.53054,MW,DK1,DK_1,actual_solar_generation,Solar,2026-08-04T05:33:58Z
2026-08-04T05:31:07Z,2026-08-04T07:31:07+0200,fe4314c0-08bc-43c1-bc96-38bb7e2cf46d,2026-07-05T00:45:00Z,2026-07-05T02:45:00+0200,4.61457,MW,DK1,DK_1,actual_solar_generation,Solar,2026-08-04T05:33:58Z
2026-08-04T05:31:07Z,2026-08-04T07:31:07+0200,fe4314c0-08bc-43c1-bc96-38bb7e2cf46d,2026-07-05T01:00:00Z,2026-07-05T03:00:00+0200,6.90027,MW,DK1,DK_1,actual_solar_generation,Solar,2026-08-04T05:33:58Z
2026-08-04T05:31:07Z,2026-08-04T07:31:07+0200,fe4314c0-08bc-43c1-bc96-38bb7e2cf46d,2026-07-05T01:15:00Z,2026-07-05T03:15:00+0200,7.02996,MW,DK1,DK_1,actual_solar_generation,Solar,2026-08-04T05:33:58Z
2026-08-04T05:31:07Z,2026-08-04T07:31:07+0200,fe4314c0-08bc-43c1-bc96-38bb7e2cf46d,2026-07-05T01:30:00Z,2026-07-05T03:30:00+0200,7.23184,MW,DK1,DK_1,actual_solar_generation,Solar,2026-08-04T05:33:58Z
2026-08-04T05:31:07Z,2026-08-04T07:31:07+0200,fe4314c0-08bc-43c1-bc96-38bb7e2cf46d,2026-07-05T01:45:00Z,2026-07-05T03:45:00+0200,6.46646,MW,DK1,DK_1,actual_solar_generation,Solar,2026-08-04T05:33:58Z
2026-08-04T05:31:07Z,2026-08-04T07:31:07+0200,fe4314c0-08bc-43c1-bc96-38bb7e2cf46d,2026-07-05T02:00:00Z,2026-07-05T04:00:00+0200,7.01678,MW,DK1,DK_1,actual_solar_generation,Solar,2026-08-04T05:33:58Z
2026-08-04T05:31:07Z,2026-08-04T07:31:07+0200,fe4314c0-08bc-43c1-bc96-38bb7e2cf46d,2026-07-05T02:15:00Z,2026-07-05T04:15:00+0200,7.53342,MW,DK1,DK_1,actual_solar_generation,Solar,2026-08-04T05:33:58Z
2026-08-04T05:31:07Z,2026-08-04T07:31:07+0200,fe4314c0-08bc-43c1-bc96-38bb7e2cf46d,2026-07-05T02:30:00Z,2026-07-05T04:30:00+0200,8.24927,MW,DK1,DK_1,actual_solar_generation,Solar,2026-08-04T05:33:58Z
2026-08-04T05:31:07Z,2026-08-04T07:31:07+0200,fe4314c0-08bc-43c1-bc96-38bb7e2cf46d,2026-07-05T02:45:00Z,2026-07-05T04:45:00+0200,13.8976,MW,DK1,DK_1,actual_solar_generation,Solar,2026-08-04T05:33:58Z
2026-08-04T05:31:07Z,2026-08-04T07:31:07+0200,fe4314c0-08bc-43c1-bc96-38bb7e2cf46d,2026-07-05T03:00:00Z,2026-07-05T05:00:00+0200,24.7832,MW,DK1,DK_1,actual_solar_generation,Solar,2026-08-04T05:33:58Z
2026-08-04T05:31:07Z,2026-08-04T07:31:07+0200,fe4314c0-08bc-43c1-bc96-38bb7e2cf46d,2026-07-05T03:15:00Z,2026-07-05T05:15:00+0200,42.5009,MW,DK1,DK_1,actual_solar_generation,Solar,2026-08-04T05:33:58Z
2026-08-04T05:31:07Z,2026-08-04T07:31:07+0200,fe4314c0-08bc-43c1-bc96-38bb7e2cf46d,2026-07-05T03:30:00Z,2026-07-05T05:30:00+0200,69.9838,MW,DK1,DK_1,actual_solar_generation,Solar,2026-08-04T05:33:58Z
2026-08-04T05:31:07Z,2026-08-04T07:31:07+0200,fe4314c0-08bc-43c1-bc96-38bb7e2cf46d,2026-07-05T03:45:00Z,2026-07-05T05:45:00+0200,98.5694,MW,DK1,DK_1,actual_solar_generation,Solar,2026-08-04T05:33:58Z
2026-08-04T05:31:07Z,2026-08-04T07:31:07+0200,fe4314c0-08bc-43c1-bc96-38bb7e2cf46d,2026-07-05T04:00:00Z,2026-07-05T06:00:00+0200,129.762,MW,DK1,DK_1,actual_solar_generation,Solar,2026-08-04T05:33:58Z
2026-08-04T05:31:07Z,2026-08-04T07:31:07+0200,fe4314c0-08bc-43c1-bc96-38bb7e2cf46d,2026-07-05T04:15:00Z,2026-07-05T06:15:00+0200,170.721,MW,DK1,DK_1,actual_solar_generation,Solar,2026-08-04T05:33:58Z
2026-08-04T05:31:07Z,2026-08-04T07:31:07+0200,fe4314c0-08bc-43c1-bc96-38bb7e2cf46d,2026-07-05T04:30:00Z,2026-07-05T06:30:00+0200,203.559,MW,DK1,DK_1,actual_solar_generation,Solar,2026-08-04T05:33:58Z
2026-08-04T05:31:07Z,2026-08-04T07:31:07+0200,fe4314c0-08bc-43c1-bc96-38bb7e2cf46d,2026-07-05T04:45:00Z,2026-07-05T06:45:00+0200,265.637,MW,DK1,DK_1,actual_solar_generation,Solar,2026-08-04T05:33:58Z
2026-08-04T05:31:07Z,2026-08-04T07:31:07+0200,fe4314c0-08bc-43c1-bc96-38bb7e2cf46d,2026-07-05T05:00:00Z,2026-07-05T07:00:00+0200,340.991,MW,DK1,DK_1,actual_solar_generation,Solar,2026-08-04T05:33:58Z
2026-08-04T05:31:07Z,2026-08-04T07:31:07+0200,fe4314c0-08bc-43c1-bc96-38bb7e2cf46d,2026-07-05T05:15:00Z,2026-07-05T07:15:00+0200,408.897,MW,DK1,DK_1,actual_solar_generation,Solar,2026-08-04T05:33:58Z
2026-08-04T05:31:07Z,2026-08-04T07:31:07+0200,fe4314c0-08bc-43c1-bc96-38bb7e2cf46d,2026-07-05T05:30:00Z,2026-07-05T07:30:00+0200,535.515,MW,DK1,DK_1,actual_solar_generation,Solar,2026-08-04T05:33:58Z
2026-08-04T05:31:07Z,2026-08-04T07:31:07+0200,fe4314c0-08bc-43c1-bc96-38bb7e2cf46d,2026-07-05T05:45:00Z,2026-07-05T07:45:00+0200,602.187,MW,DK1,DK_1,actual_solar_generation,Solar,2026-08-04T05:33:58Z
2026-08-04T05:31:07Z,2026-08-04T07:31:07+0200,fe4314c0-08bc-43c1-bc96-38bb7e2cf46d,2026-07-05T06:00:00Z,2026-07-05T08:00:00+0200,675.795,MW,DK1,DK_1,actual_solar_generation,Solar,2026-08-04T05:33:58Z
2026-08-04T05:31:07Z,2026-08-04T07:31:07+0200,fe4314c0-08bc-43c1-bc96-38bb7e2cf46d,2026-07-05T06:15:00Z,2026-07-05T08:15:00+0200,742.919,MW,DK1,DK_1,actual_solar_generation,Solar,2026-08-04T05:33:58Z
2026-08-04T05:31:07Z,2026-08-04T07:31:07+0200,fe4314c0-08bc-43c1-bc96-38bb7e2cf46d,2026-07-05T06:30:00Z,2026-07-05T08:30:00+0200,933.029,MW,DK1,DK_1,actual_solar_generation,Solar,2026-08-04T05:33:58Z
2026-08-04T05:31:07Z,2026-08-04T07:31:07+0200,fe4314c0-08bc-43c1-bc96-38bb7e2cf46d,2026-07-05T06:45:00Z,2026-07-05T08:45:00+0200,1077.64,MW,DK1,DK_1,actual_solar_generation,Solar,2026-08-04T05:33:58Z
2026-08-04T05:31:07Z,2026-08-04T07:31:07+0200,fe4314c0-08bc-43c1-bc96-38bb7e2cf46d,2026-07-05T07:00:00Z,2026-07-05T09:00:00+0200,1152.54,MW,DK1,DK_1,actual_solar_generation,Solar,2026-08-04T05:33:58Z
2026-08-04T05:31:07Z,2026-08-04T07:31:07+0200,fe4314c0-08bc-43c1-bc96-38bb7e2cf46d,2026-07-05T07:15:00Z,2026-07-05T09:15:00+0200,1253.05,MW,DK1,DK_1,actual_solar_generation,Solar,2026-08-04T05:33:58Z
2026-08-04T05:31:07Z,2026-08-04T07:31:07+0200,fe4314c0-08bc-43c1-bc96-38bb7e2cf46d,2026-07-05T07:30:00Z,2026-07-05T09:30:00+0200,1133.06,MW,DK1,DK_1,actual_solar_generation,Solar,2026-08-04T05:33:58Z
2026-08-04T05:31:07Z,2026-08-04T07:31:07+0200,fe4314c0-08bc-43c1-bc96-38bb7e2cf46d,2026-07-05T07:45:00Z,2026-07-05T09:45:00+0200,1121.24,MW,DK1,DK_1,actual_solar_generation,Solar,2026-08-04T05:33:58Z
2026-08-04T05:31:07Z,2026-08-04T07:31:07+0200,fe4314c0-08bc-43c1-bc96-38bb7e2cf46d,2026-07-05T08:00:00Z,2026-07-05T10:00:00+0200,1242.95,MW,DK1,DK_1,actual_solar_generation,Solar,2026-08-04T05:33:58Z
2026-08-04T05:31:07Z,2026-08-04T07:31:07+0200,fe4314c0-08bc-43c1-bc96-38bb7e2cf46d,2026-07-05T08:15:00Z,2026-07-05T10:15:00+0200,1224.82,MW,DK1,DK_1,actual_solar_generation,Solar,2026-08-04T05:33:58Z
2026-08-04T05:31:07Z,2026-08-04T07:31:07+0200,fe4314c0-08bc-43c1-bc96-38bb7e2cf46d,2026-07-05T08:30:00Z,2026-07-05T10:30:00+0200,1237.93,MW,DK1,DK_1,actual_solar_generation,Solar,2026-08-04T05:33:58Z
2026-08-04T05:31:07Z,2026-08-04T07:31:07+0200,fe4314c0-08bc-43c1-bc96-38bb7e2cf46d,2026-07-05T08:45:00Z,2026-07-05T10:45:00+0200,1141.03,MW,DK1,DK_1,actual_solar_generation,Solar,2026-08-04T05:33:58Z
2026-08-04T05:31:07Z,2026-08-04T07:31:07+0200,fe4314c0-08bc-43c1-bc96-38bb7e2cf46d,2026-07-05T09:00:00Z,2026-07-05T11:00:00+0200,1070.19,MW,DK1,DK_1,actual_solar_generation,Solar,2026-08-04T05:33:58Z
2026-08-04T05:31:07Z,2026-08-04T07:31:07+0200,fe4314c0-08bc-43c1-bc96-38bb7e2cf46d,2026-07-05T09:15:00Z,2026-07-05T11:15:00+0200,1148.81,MW,DK1,DK_1,actual_solar_generation,Solar,2026-08-04T05:33:58Z
2026-08-04T05:31:07Z,2026-08-04T07:31:07+0200,fe4314c0-08bc-43c1-bc96-38bb7e2cf46d,2026-07-05T09:30:00Z,2026-07-05T11:30:00+0200,1110.42,MW,DK1,DK_1,actual_solar_generation,Solar,2026-08-04T05:33:58Z
2026-08-04T05:31:07Z,2026-08-04T07:31:07+0200,fe4314c0-08bc-43c1-bc96-38bb7e2cf46d,2026-07-05T09:45:00Z,2026-07-05T11:45:00+0200,1125.13,MW,DK1,DK_1,actual_solar_generation,Solar,2026-08-04T05:33:58Z
2026-08-04T05:31:07Z,2026-08-04T07:31:07+0200,fe4314c0-08bc-43c1-bc96-38bb7e2cf46d,2026-07-05T10:00:00Z,2026-07-05T12:00:00+0200,1159.56,MW,DK1,DK_1,actual_solar_generation,Solar,2026-08-04T05:33:58Z
2026-08-04T05:31:07Z,2026-08-04T07:31:07+0200,fe4314c0-08bc-43c1-bc96-38bb7e2cf46d,2026-07-05T10:15:00Z,2026-07-05T12:15:00+0200,1200.06,MW,DK1,DK_1,actual_solar_generation,Solar,2026-08-04T05:33:58Z
2026-08-04T05:31:07Z,2026-08-04T07:31:07+0200,fe4314c0-08bc-43c1-bc96-38bb7e2cf46d,2026-07-05T10:30:00Z,2026-07-05T12:30:00+0200,1211.79,MW,DK1,DK_1,actual_solar_generation,Solar,2026-08-04T05:33:58Z
2026-08-04T05:31:07Z,2026-08-04T07:31:07+0200,fe4314c0-08bc-43c1-bc96-38bb7e2cf46d,2026-07-05T10:45:00Z,2026-07-05T12:45:00+0200,1215.39,MW,DK1,DK_1,actual_solar_generation,Solar,2026-08-04T05:33:58Z
2026-08-04T05:31:07Z,2026-08-04T07:31:07+0200,fe4314c0-08bc-43c1-bc96-38bb7e2cf46d,2026-07-05T11:00:00Z,2026-07-05T13:00:00+0200,1279.02,MW,DK1,DK_1,actual_solar_generation,Solar,2026-08-04T05:33:58Z
2026-08-04T05:31:07Z,2026-08-04T07:31:07+0200,fe4314c0-08bc-43c1-bc96-38bb7e2cf46d,2026-07-05T11:15:00Z,2026-07-05T13:15:00+0200,1280.76,MW,DK1,DK_1,actual_solar_generation,Solar,2026-08-04T05:33:58Z
2026-08-04T05:31:07Z,2026-08-04T07:31:07+0200,fe4314c0-08bc-43c1-bc96-38bb7e2cf46d,2026-07-05T11:30:00Z,2026-07-05T13:30:00+0200,1280.84,MW,DK1,DK_1,actual_solar_generation,Solar,2026-08-04T05:33:58Z
2026-08-04T05:31:07Z,2026-08-04T07:31:07+0200,fe4314c0-08bc-43c1-bc96-38bb7e2cf46d,2026-07-05T11:45:00Z,2026-07-05T13:45:00+0200,1281.83,MW,DK1,DK_1,actual_solar_generation,Solar,2026-08-04T05:33:58Z
2026-08-04T05:31:07Z,2026-08-04T07:31:07+0200,fe4314c0-08bc-43c1-bc96-38bb7e2cf46d,2026-07-05T12:00:00Z,2026-07-05T14:00:00+0200,1300.7,MW,DK1,DK_1,actual_solar_generation,Solar,2026-08-04T05:33:58Z
2026-08-04T05:31:07Z,2026-08-04T07:31:07+0200,fe4314c0-08bc-43c1-bc96-38bb7e2cf46d,2026-07-05T12:15:00Z,2026-07-05T14:15:00+0200,1307.36,MW,DK1,DK_1,actual_solar_generation,Solar,2026-08-04T05:33:58Z
2026-08-04T05:31:07Z,2026-08-04T07:31:07+0200,fe4314c0-08bc-43c1-bc96-38bb7e2cf46d,2026-07-05T12:30:00Z,2026-07-05T14:30:00+0200,1294.44,MW,DK1,DK_1,actual_solar_generation,Solar,2026-08-04T05:33:58Z
2026-08-04T05:31:07Z,2026-08-04T07:31:07+0200,fe4314c0-08bc-43c1-bc96-38bb7e2cf46d,2026-07-05T12:45:00Z,2026-07-05T14:45:00+0200,1268.37,MW,DK1,DK_1,actual_solar_generation,Solar,2026-08-04T05:33:58Z
2026-08-04T05:31:07Z,2026-08-04T07:31:07+0200,fe4314c0-08bc-43c1-bc96-38bb7e2cf46d,2026-07-05T13:00:00Z,2026-07-05T15:00:00+0200,1269.77,MW,DK1,DK_1,actual_solar_generation,Solar,2026-08-04T05:33:58Z
2026-08-04T05:31:07Z,2026-08-04T07:31:07+0200,fe4314c0-08bc-43c1-bc96-38bb7e2cf46d,2026-07-05T13:15:00Z,2026-07-05T15:15:00+0200,1249.56,MW,DK1,DK_1,actual_solar_generation,Solar,2026-08-04T05:33:58Z
2026-08-04T05:31:07Z,2026-08-04T07:31:07+0200,fe4314c0-08bc-43c1-bc96-38bb7e2cf46d,2026-07-05T13:30:00Z,2026-07-05T15:30:00+0200,1269.01,MW,DK1,DK_1,actual_solar_generation,Solar,2026-08-04T05:33:58Z
2026-08-04T05:31:07Z,2026-08-04T07:31:07+0200,fe4314c0-08bc-43c1-bc96-38bb7e2cf46d,2026-07-05T13:45:00Z,2026-07-05T15:45:00+0200,1207.66,MW,DK1,DK_1,actual_solar_generation,Solar,2026-08-04T05:33:58Z
2026-08-04T05:31:07Z,2026-08-04T07:31:07+0200,fe4314c0-08bc-43c1-bc96-38bb7e2cf46d,2026-07-05T14:00:00Z,2026-07-05T16:00:00+0200,1154.21,MW,DK1,DK_1,actual_solar_generation,Solar,2026-08-04T05:33:58Z
2026-08-04T05:31:07Z,2026-08-04T07:31:07+0200,fe4314c0-08bc-43c1-bc96-38bb7e2cf46d,2026-07-05T14:15:00Z,2026-07-05T16:15:00+0200,1144.7,MW,DK1,DK_1,actual_solar_generation,Solar,2026-08-04T05:33:58Z
2026-08-04T05:31:07Z,2026-08-04T07:31:07+0200,fe4314c0-08bc-43c1-bc96-38bb7e2cf46d,2026-07-05T14:30:00Z,2026-07-05T16:30:00+0200,1573.94,MW,DK1,DK_1,actual_solar_generation,Solar,2026-08-04T05:33:58Z
2026-08-04T05:31:07Z,2026-08-04T07:31:07+0200,fe4314c0-08bc-43c1-bc96-38bb7e2cf46d,2026-07-05T14:45:00Z,2026-07-05T16:45:00+0200,1238.31,MW,DK1,DK_1,actual_solar_generation,Solar,2026-08-04T05:33:58Z
2026-08-04T05:31:07Z,2026-08-04T07:31:07+0200,fe4314c0-08bc-43c1-bc96-38bb7e2cf46d,2026-07-05T15:00:00Z,2026-07-05T17:00:00+0200,1077.8,MW,DK1,DK_1,actual_solar_generation,Solar,2026-08-04T05:33:58Z
2026-08-04T05:31:07Z,2026-08-04T07:31:07+0200,fe4314c0-08bc-43c1-bc96-38bb7e2cf46d,2026-07-05T15:15:00Z,2026-07-05T17:15:00+0200,1166.35,MW,DK1,DK_1,actual_solar_generation,Solar,2026-08-04T05:33:58Z
2026-08-04T05:31:07Z,2026-08-04T07:31:07+0200,fe4314c0-08bc-43c1-bc96-38bb7e2cf46d,2026-07-05T15:30:00Z,2026-07-05T17:30:00+0200,1719.99,MW,DK1,DK_1,actual_solar_generation,Solar,2026-08-04T05:33:58Z
2026-08-04T05:31:07Z,2026-08-04T07:31:07+0200,fe4314c0-08bc-43c1-bc96-38bb7e2cf46d,2026-07-05T15:45:00Z,2026-07-05T17:45:00+0200,1675.19,MW,DK1,DK_1,actual_solar_generation,Solar,2026-08-04T05:33:58Z
2026-08-04T05:31:07Z,2026-08-04T07:31:07+0200,fe4314c0-08bc-43c1-bc96-38bb7e2cf46d,2026-07-05T16:00:00Z,2026-07-05T18:00:00+0200,1265.68,MW,DK1,DK_1,actual_solar_generation,Solar,2026-08-04T05:33:58Z
2026-08-04T05:31:07Z,2026-08-04T07:31:07+0200,fe4314c0-08bc-43c1-bc96-38bb7e2cf46d,2026-07-05T16:15:00Z,2026-07-05T18:15:00+0200,1119.77,MW,DK1,DK_1,actual_solar_generation,Solar,2026-08-04T05:33:58Z
2026-08-04T05:31:07Z,2026-08-04T07:31:07+0200,fe4314c0-08bc-43c1-bc96-38bb7e2cf46d,2026-07-05T16:30:00Z,2026-07-05T18:30:00+0200,1102.41,MW,DK1,DK_1,actual_solar_generation,Solar,2026-08-04T05:33:58Z
2026-08-04T05:31:07Z,2026-08-04T07:31:07+0200,fe4314c0-08bc-43c1-bc96-38bb7e2cf46d,2026-07-05T16:45:00Z,2026-07-05T18:45:00+0200,909.849,MW,DK1,DK_1,actual_solar_generation,Solar,2026-08-04T05:33:58Z
2026-08-04T05:31:07Z,2026-08-04T07:31:07+0200,fe4314c0-08bc-43c1-bc96-38bb7e2cf46d,2026-07-05T17:00:00Z,2026-07-05T19:00:00+0200,780.3,MW,DK1,DK_1,actual_solar_generation,Solar,2026-08-04T05:33:58Z
2026-08-04T05:31:07Z,2026-08-04T07:31:07+0200,fe4314c0-08bc-43c1-bc96-38bb7e2cf46d,2026-07-05T17:15:00Z,2026-07-05T19:15:00+0200,682.479,MW,DK1,DK_1,actual_solar_generation,Solar,2026-08-04T05:33:58Z
2026-08-04T05:31:07Z,2026-08-04T07:31:07+0200,fe4314c0-08bc-43c1-bc96-38bb7e2cf46d,2026-07-05T17:30:00Z,2026-07-05T19:30:00+0200,596.789,MW,DK1,DK_1,actual_solar_generation,Solar,2026-08-04T05:33:58Z
2026-08-04T05:31:07Z,2026-08-04T07:31:07+0200,fe4314c0-08bc-43c1-bc96-38bb7e2cf46d,2026-07-05T17:45:00Z,2026-07-05T19:45:00+0200,470.986,MW,DK1,DK_1,actual_solar_generation,Solar,2026-08-04T05:33:58Z
2026-08-04T05:31:07Z,2026-08-04T07:31:07+0200,fe4314c0-08bc-43c1-bc96-38bb7e2cf46d,2026-07-05T18:00:00Z,2026-07-05T20:00:00+0200,375.25,MW,DK1,DK_1,actual_solar_generation,Solar,2026-08-04T05:33:58Z
2026-08-04T05:31:07Z,2026-08-04T07:31:07+0200,fe4314c0-08bc-43c1-bc96-38bb7e2cf46d,2026-07-05T18:15:00Z,2026-07-05T20:15:00+0200,290.681,MW,DK1,DK_1,actual_solar_generation,Solar,2026-08-04T05:33:58Z
2026-08-04T05:31:07Z,2026-08-04T07:31:07+0200,fe4314c0-08bc-43c1-bc96-38bb7e2cf46d,2026-07-05T18:30:00Z,2026-07-05T20:30:00+0200,219.546,MW,DK1,DK_1,actual_solar_generation,Solar,2026-08-04T05:33:58Z
2026-08-04T05:31:07Z,2026-08-04T07:31:07+0200,fe4314c0-08bc-43c1-bc96-38bb7e2cf46d,2026-07-05T18:45:00Z,2026-07-05T20:45:00+0200,167.377,MW,DK1,DK_1,actual_solar_generation,Solar,2026-08-04T05:33:58Z
2026-08-04T05:31:07Z,2026-08-04T07:31:07+0200,fe4314c0-08bc-43c1-bc96-38bb7e2cf46d,2026-07-05T19:00:00Z,2026-07-05T21:00:00+0200,124.651,MW,DK1,DK_1,actual_solar_generation,Solar,2026-08-04T05:33:58Z
2026-08-04T05:31:07Z,2026-08-04T07:31:07+0200,fe4314c0-08bc-43c1-bc96-38bb7e2cf46d,2026-07-05T19:15:00Z,2026-07-05T21:15:00+0200,82.9068,MW,DK1,DK_1,actual_solar_generation,Solar,2026-08-04T05:33:58Z
2026-08-04T05:31:07Z,2026-08-04T07:31:07+0200,fe4314c0-08bc-43c1-bc96-38bb7e2cf46d,2026-07-05T19:30:00Z,2026-07-05T21:30:00+0200,50.0727,MW,DK1,DK_1,actual_solar_generation,Solar,2026-08-04T05:33:58Z
2026-08-04T05:31:07Z,2026-08-04T07:31:07+0200,fe4314c0-08bc-43c1-bc96-38bb7e2cf46d,2026-07-05T19:45:00Z,2026-07-05T21:45:00+0200,25.5454,MW,DK1,DK_1,actual_solar_generation,Solar,2026-08-04T05:33:58Z
2026-08-04T05:31:07Z,2026-08-04T07:31:07+0200,fe4314c0-08bc-43c1-bc96-38bb7e2cf46d,2026-07-05T20:00:00Z,2026-07-05T22:00:00+0200,11.7551,MW,DK1,DK_1,actual_solar_generation,Solar,2026-08-04T05:33:58Z
2026-08-04T05:31:07Z,2026-08-04T07:31:07+0200,fe4314c0-08bc-43c1-bc96-38bb7e2cf46d,2026-07-05T20:15:00Z,2026-07-05T22:15:00+0200,6.62431,MW,DK1,DK_1,actual_solar_generation,Solar,2026-08-04T05:33:58Z
2026-08-04T05:31:07Z,2026-08-04T07:31:07+0200,fe4314c0-08bc-43c1-bc96-38bb7e2cf46d,2026-07-05T20:30:00Z,2026-07-05T22:30:00+0200,7.89657,MW,DK1,DK_1,actual_solar_generation,Solar,2026-08-04T05:33:58Z
2026-08-04T05:31:07Z,2026-08-04T07:31:07+0200,fe4314c0-08bc-43c1-bc96-38bb7e2cf46d,2026-07-05T20:45:00Z,2026-07-05T22:45:00+0200,7.12399,MW,DK1,DK_1,actual_solar_generation,Solar,2026-08-04T05:33:58Z
2026-08-04T05:31:07Z,2026-08-04T07:31:07+0200,fe4314c0-08bc-43c1-bc96-38bb7e2cf46d,2026-07-05T21:00:00Z,2026-07-05T23:00:00+0200,6.17322,MW,DK1,DK_1,actual_solar_generation,Solar,2026-08-04T05:33:58Z
2026-08-04T05:31:07Z,2026-08-04T07:31:07+0200,fe4314c0-08bc-43c1-bc96-38bb7e2cf46d,2026-07-05T21:15:00Z,2026-07-05T23:15:00+0200,5.68546,MW,DK1,DK_1,actual_solar_generation,Solar,2026-08-04T05:33:58Z
2026-08-04T05:31:07Z,2026-08-04T07:31:07+0200,fe4314c0-08bc-43c1-bc96-38bb7e2cf46d,2026-07-05T21:30:00Z,2026-07-05T23:30:00+0200,6.23318,MW,DK1,DK_1,actual_solar_generation,Solar,2026-08-04T05:33:58Z
2026-08-04T05:31:07Z,2026-08-04T07:31:07+0200,fe4314c0-08bc-43c1-bc96-38bb7e2cf46d,2026-07-05T21:45:00Z,2026-07-05T23:45:00+0200,6.66174,MW,DK1,DK_1,actual_solar_generation,Solar,2026-08-04T05:33:58Z
2026-08-04T05:31:07Z,2026-08-04T07:31:07+0200,fe4314c0-08bc-43c1-bc96-38bb7e2cf46d,2026-07-05T22:00:00Z,2026-07-06T00:00:00+0200,5.97578,MW,DK1,DK_1,actual_solar_generation,Solar,2026-08-04T05:33:58Z
2026-08-04T05:31:07Z,2026-08-04T07:31:07+0200,fe4314c0-08bc-43c1-bc96-38bb7e2cf46d,2026-07-05T22:15:00Z,2026-07-06T00:15:00+0200,5.25637,MW,DK1,DK_1,actual_solar_generation,Solar,2026-08-04T05:33:58Z
2026-08-04T05:31:07Z,2026-08-04T07:31:07+0200,fe4314c0-08bc-43c1-bc96-38bb7e2cf46d,2026-07-05T22:30:00Z,2026-07-06T00:30:00+0200,6.20231,MW,DK1,DK_1,actual_solar_generation,Solar,2026-08-04T05:33:58Z
2026-08-04T05:31:07Z,2026-08-04T07:31:07+0200,fe4314c0-08bc-43c1-bc96-38bb7e2cf46d,2026-07-05T22:45:00Z,2026-07-06T00:45:00+0200,5.56954,MW,DK1,DK_1,actual_solar_generation,Solar,2026-08-04T05:33:58Z
2026-08-04T05:31:07Z,2026-08-04T07:31:07+0200,fe4314c0-08bc-43c1-bc96-38bb7e2cf46d,2026-07-05T23:00:00Z,2026-07-06T01:00:00+0200,4.61928,MW,DK1,DK_1,actual_solar_generation,Solar,2026-08-04T05:33:58Z
2026-08-04T05:31:07Z,2026-08-04T07:31:07+0200,fe4314c0-08bc-43c1-bc96-38bb7e2cf46d,2026-07-05T23:15:00Z,2026-07-06T01:15:00+0200,4.07222,MW,DK1,DK_1,actual_solar_generation,Solar,2026-08-04T05:33:58Z
2026-08-04T05:31:07Z,2026-08-04T07:31:07+0200,fe4314c0-08bc-43c1-bc96-38bb7e2cf46d,2026-07-05T23:30:00Z,2026-07-06T01:30:00+0200,4.86097,MW,DK1,DK_1,actual_solar_generation,Solar,2026-08-04T05:33:58Z
2026-08-04T05:31:07Z,2026-08-04T07:31:07+0200,fe4314c0-08bc-43c1-bc96-38bb7e2cf46d,2026-07-05T23:45:00Z,2026-07-06T01:45:00+0200,5.07004,MW,DK1,DK_1,actual_solar_generation,Solar,2026-08-04T05:33:58Z
2026-08-04T05:31:07Z,2026-08-04T07:31:07+0200,fe4314c0-08bc-43c1-bc96-38bb7e2cf46d,2026-07-06T00:00:00Z,2026-07-06T02:00:00+0200,4.76145,MW,DK1,DK_1,actual_solar_generation,Solar,2026-08-04T05:33:58Z
2026-08-04T05:31:07Z,2026-08-04T07:31:07+0200,fe4314c0-08bc-43c1-bc96-38bb7e2cf46d,2026-07-06T00:15:00Z,2026-07-06T02:15:00+0200,5.34634,MW,DK1,DK_1,actual_solar_generation,Solar,2026-08-04T05:33:58Z
2026-08-04T05:31:07Z,2026-08-04T07:31:07+0200,fe4314c0-08bc-43c1-bc96-38bb7e2cf46d,2026-07-06T00:30:00Z,2026-07-06T02:30:00+0200,5.28337,MW,DK1,DK_1,actual_solar_generation,Solar,2026-08-04T05:33:58Z
2026-08-04T05:31:07Z,2026-08-04T07:31:07+0200,fe4314c0-08bc-43c1-bc96-38bb7e2cf46d,2026-07-06T00:45:00Z,2026-07-06T02:45:00+0200,4.35737,MW,DK1,DK_1,actual_solar_generation,Solar,2026-08-04T05:33:58Z
2026-08-04T05:31:07Z,2026-08-04T07:31:07+0200,fe4314c0-08bc-43c1-bc96-38bb7e2cf46d,2026-07-06T01:00:00Z,2026-07-06T03:00:00+0200,4.35659,MW,DK1,DK_1,actual_solar_generation,Solar,2026-08-04T05:33:58Z
2026-08-04T05:31:07Z,2026-08-04T07:31:07+0200,fe4314c0-08bc-43c1-bc96-38bb7e2cf46d,2026-07-06T01:15:00Z,2026-07-06T03:15:00+0200,3.90076,MW,DK1,DK_1,actual_solar_generation,Solar,2026-08-04T05:33:58Z
2026-08-04T05:31:07Z,2026-08-04T07:31:07+0200,fe4314c0-08bc-43c1-bc96-38bb7e2cf46d,2026-07-06T01:30:00Z,2026-07-06T03:30:00+0200,3.51589,MW,DK1,DK_1,actual_solar_generation,Solar,2026-08-04T05:33:58Z
2026-08-04T05:31:07Z,2026-08-04T07:31:07+0200,fe4314c0-08bc-43c1-bc96-38bb7e2cf46d,2026-07-06T01:45:00Z,2026-07-06T03:45:00+0200,2.82862,MW,DK1,DK_1,actual_solar_generation,Solar,2026-08-04T05:33:58Z
2026-08-04T05:31:07Z,2026-08-04T07:31:07+0200,fe4314c0-08bc-43c1-bc96-38bb7e2cf46d,2026-07-06T02:00:00Z,2026-07-06T04:00:00+0200,2.89352,MW,DK1,DK_1,actual_solar_generation,Solar,2026-08-04T05:33:58Z
2026-08-04T05:31:07Z,2026-08-04T07:31:07+0200,fe4314c0-08bc-43c1-bc96-38bb7e2cf46d,2026-07-06T02:15:00Z,2026-07-06T04:15:00+0200,2.92733,MW,DK1,DK_1,actual_solar_generation,Solar,2026-08-04T05:33:58Z
2026-08-04T05:31:07Z,2026-08-04T07:31:07+0200,fe4314c0-08bc-43c1-bc96-38bb7e2cf46d,2026-07-06T02:30:00Z,2026-07-06T04:30:00+0200,3.26626,MW,DK1,DK_1,actual_solar_generation,Solar,2026-08-04T05:33:58Z
2026-08-04T05:31:07Z,2026-08-04T07:31:07+0200,fe4314c0-08bc-43c1-bc96-38bb7e2cf46d,2026-07-06T02:45:00Z,2026-07-06T04:45:00+0200,3.74366,MW,DK1,DK_1,actual_solar_generation,Solar,2026-08-04T05:33:58Z
2026-08-04T05:31:07Z,2026-08-04T07:31:07+0200,fe4314c0-08bc-43c1-bc96-38bb7e2cf46d,2026-07-06T03:00:00Z,2026-07-06T05:00:00+0200,9.16766,MW,DK1,DK_1,actual_solar_generation,Solar,2026-08-04T05:33:58Z
2026-08-04T05:31:07Z,2026-08-04T07:31:07+0200,fe4314c0-08bc-43c1-bc96-38bb7e2cf46d,2026-07-06T03:15:00Z,2026-07-06T05:15:00+0200,21.352,MW,DK1,DK_1,actual_solar_generation,Solar,2026-08-04T05:33:58Z
2026-08-04T05:31:07Z,2026-08-04T07:31:07+0200,fe4314c0-08bc-43c1-bc96-38bb7e2cf46d,2026-07-06T03:30:00Z,2026-07-06T05:30:00+0200,38.4293,MW,DK1,DK_1,actual_solar_generation,Solar,2026-08-04T05:33:58Z
2026-08-04T05:31:07Z,2026-08-04T07:31:07+0200,fe4314c0-08bc-43c1-bc96-38bb7e2cf46d,2026-07-06T03:45:00Z,2026-07-06T05:45:00+0200,65.998,MW,DK1,DK_1,actual_solar_generation,Solar,2026-08-04T05:33:58Z
2026-08-04T05:31:07Z,2026-08-04T07:31:07+0200,fe4314c0-08bc-43c1-bc96-38bb7e2cf46d,2026-07-06T04:00:00Z,2026-07-06T06:00:00+0200,91.2006,MW,DK1,DK_1,actual_solar_generation,Solar,2026-08-04T05:33:58Z
2026-08-04T05:31:07Z,2026-08-04T07:31:07+0200,fe4314c0-08bc-43c1-bc96-38bb7e2cf46d,2026-07-06T04:15:00Z,2026-07-06T06:15:00+0200,116.404,MW,DK1,DK_1,actual_solar_generation,Solar,2026-08-04T05:33:58Z
2026-08-04T05:31:07Z,2026-08-04T07:31:07+0200,fe4314c0-08bc-43c1-bc96-38bb7e2cf46d,2026-07-06T04:30:00Z,2026-07-06T06:30:00+0200,132.648,MW,DK1,DK_1,actual_solar_generation,Solar,2026-08-04T05:33:58Z
2026-08-04T05:31:07Z,2026-08-04T07:31:07+0200,fe4314c0-08bc-43c1-bc96-38bb7e2cf46d,2026-07-06T04:45:00Z,2026-07-06T06:45:00+0200,157.699,MW,DK1,DK_1,actual_solar_generation,Solar,2026-08-04T05:33:58Z
2026-08-04T05:31:07Z,2026-08-04T07:31:07+0200,fe4314c0-08bc-43c1-bc96-38bb7e2cf46d,2026-07-06T05:00:00Z,2026-07-06T07:00:00+0200,188.325,MW,DK1,DK_1,actual_solar_generation,Solar,2026-08-04T05:33:58Z
2026-08-04T05:31:07Z,2026-08-04T07:31:07+0200,fe4314c0-08bc-43c1-bc96-38bb7e2cf46d,2026-07-06T05:15:00Z,2026-07-06T07:15:00+0200,215.16,MW,DK1,DK_1,actual_solar_generation,Solar,2026-08-04T05:33:58Z
2026-08-04T05:31:07Z,2026-08-04T07:31:07+0200,fe4314c0-08bc-43c1-bc96-38bb7e2cf46d,2026-07-06T05:30:00Z,2026-07-06T07:30:00+0200,229.64,MW,DK1,DK_1,actual_solar_generation,Solar,2026-08-04T05:33:58Z
2026-08-04T05:31:07Z,2026-08-04T07:31:07+0200,fe4314c0-08bc-43c1-bc96-38bb7e2cf46d,2026-07-06T05:45:00Z,2026-07-06T07:45:00+0200,255.146,MW,DK1,DK_1,actual_solar_generation,Solar,2026-08-04T05:33:58Z
2026-08-04T05:31:07Z,2026-08-04T07:31:07+0200,fe4314c0-08bc-43c1-bc96-38bb7e2cf46d,2026-07-06T06:00:00Z,2026-07-06T08:00:00+0200,301.624,MW,DK1,DK_1,actual_solar_generation,Solar,2026-08-04T05:33:58Z
2026-08-04T05:31:07Z,2026-08-04T07:31:07+0200,fe4314c0-08bc-43c1-bc96-38bb7e2cf46d,2026-07-06T06:15:00Z,2026-07-06T08:15:00+0200,349.856,MW,DK1,DK_1,actual_solar_generation,Solar,2026-08-04T05:33:58Z
2026-08-04T05:31:07Z,2026-08-04T07:31:07+0200,fe4314c0-08bc-43c1-bc96-38bb7e2cf46d,2026-07-06T06:30:00Z,2026-07-06T08:30:00+0200,423.079,MW,DK1,DK_1,actual_solar_generation,Solar,2026-08-04T05:33:58Z
2026-08-04T05:31:07Z,2026-08-04T07:31:07+0200,fe4314c0-08bc-43c1-bc96-38bb7e2cf46d,2026-07-06T06:45:00Z,2026-07-06T08:45:00+0200,489.705,MW,DK1,DK_1,actual_solar_generation,Solar,2026-08-04T05:33:58Z
2026-08-04T05:31:07Z,2026-08-04T07:31:07+0200,fe4314c0-08bc-43c1-bc96-38bb7e2cf46d,2026-07-06T07:00:00Z,2026-07-06T09:00:00+0200,569.553,MW,DK1,DK_1,actual_solar_generation,Solar,2026-08-04T05:33:58Z
2026-08-04T05:31:07Z,2026-08-04T07:31:07+0200,fe4314c0-08bc-43c1-bc96-38bb7e2cf46d,2026-07-06T07:15:00Z,2026-07-06T09:15:00+0200,623.824,MW,DK1,DK_1,actual_solar_generation,Solar,2026-08-04T05:33:58Z
2026-08-04T05:31:07Z,2026-08-04T07:31:07+0200,fe4314c0-08bc-43c1-bc96-38bb7e2cf46d,2026-07-06T07:30:00Z,2026-07-06T09:30:00+0200,641.439,MW,DK1,DK_1,actual_solar_generation,Solar,2026-08-04T05:33:58Z
2026-08-04T05:31:07Z,2026-08-04T07:31:07+0200,fe4314c0-08bc-43c1-bc96-38bb7e2cf46d,2026-07-06T07:45:00Z,2026-07-06T09:45:00+0200,687.905,MW,DK1,DK_1,actual_solar_generation,Solar,2026-08-04T05:33:58Z
2026-08-04T05:31:07Z,2026-08-04T07:31:07+0200,fe4314c0-08bc-43c1-bc96-38bb7e2cf46d,2026-07-06T08:00:00Z,2026-07-06T10:00:00+0200,711.749,MW,DK1,DK_1,actual_solar_generation,Solar,2026-08-04T05:33:58Z
2026-08-04T05:31:07Z,2026-08-04T07:31:07+0200,fe4314c0-08bc-43c1-bc96-38bb7e2cf46d,2026-07-06T08:15:00Z,2026-07-06T10:15:00+0200,761.339,MW,DK1,DK_1,actual_solar_generation,Solar,2026-08-04T05:33:58Z
2026-08-04T05:31:07Z,2026-08-04T07:31:07+0200,fe4314c0-08bc-43c1-bc96-38bb7e2cf46d,2026-07-06T08:30:00Z,2026-07-06T10:30:00+0200,815.233,MW,DK1,DK_1,actual_solar_generation,Solar,2026-08-04T05:33:58Z
2026-08-04T05:31:07Z,2026-08-04T07:31:07+0200,fe4314c0-08bc-43c1-bc96-38bb7e2cf46d,2026-07-06T08:45:00Z,2026-07-06T10:45:00+0200,881.007,MW,DK1,DK_1,actual_solar_generation,Solar,2026-08-04T05:33:58Z
2026-08-04T05:31:07Z,2026-08-04T07:31:07+0200,fe4314c0-08bc-43c1-bc96-38bb7e2cf46d,2026-07-06T09:00:00Z,2026-07-06T11:00:00+0200,996.816,MW,DK1,DK_1,actual_solar_generation,Solar,2026-08-04T05:33:58Z
2026-08-04T05:31:07Z,2026-08-04T07:31:07+0200,fe4314c0-08bc-43c1-bc96-38bb7e2cf46d,2026-07-06T09:15:00Z,2026-07-06T11:15:00+0200,1017.83,MW,DK1,DK_1,actual_solar_generation,Solar,2026-08-04T05:33:58Z
2026-08-04T05:31:07Z,2026-08-04T07:31:07+0200,fe4314c0-08bc-43c1-bc96-38bb7e2cf46d,2026-07-06T09:30:00Z,2026-07-06T11:30:00+0200,1067.23,MW,DK1,DK_1,actual_solar_generation,Solar,2026-08-04T05:33:58Z
2026-08-04T05:31:07Z,2026-08-04T07:31:07+0200,fe4314c0-08bc-43c1-bc96-38bb7e2cf46d,2026-07-06T09:45:00Z,2026-07-06T11:45:00+0200,1130.95,MW,DK1,DK_1,actual_solar_generation,Solar,2026-08-04T05:33:58Z
2026-08-04T05:31:07Z,2026-08-04T07:31:07+0200,fe4314c0-08bc-43c1-bc96-38bb7e2cf46d,2026-07-06T10:00:00Z,2026-07-06T12:00:00+0200,989.829,MW,DK1,DK_1,actual_solar_generation,Solar,2026-08-04T05:33:58Z
2026-08-04T05:31:07Z,2026-08-04T07:31:07+0200,fe4314c0-08bc-43c1-bc96-38bb7e2cf46d,2026-07-06T10:15:00Z,2026-07-06T12:15:00+0200,1006.16,MW,DK1,DK_1,actual_solar_generation,Solar,2026-08-04T05:33:58Z
2026-08-04T05:31:07Z,2026-08-04T07:31:07+0200,fe4314c0-08bc-43c1-bc96-38bb7e2cf46d,2026-07-06T10:30:00Z,2026-07-06T12:30:00+0200,933.848,MW,DK1,DK_1,actual_solar_generation,Solar,2026-08-04T05:33:58Z
2026-08-04T05:31:07Z,2026-08-04T07:31:07+0200,fe4314c0-08bc-43c1-bc96-38bb7e2cf46d,2026-07-06T10:45:00Z,2026-07-06T12:45:00+0200,960.823,MW,DK1,DK_1,actual_solar_generation,Solar,2026-08-04T05:33:58Z
2026-08-04T05:31:07Z,2026-08-04T07:31:07+0200,fe4314c0-08bc-43c1-bc96-38bb7e2cf46d,2026-07-06T11:00:00Z,2026-07-06T13:00:00+0200,996.598,MW,DK1,DK_1,actual_solar_generation,Solar,2026-08-04T05:33:58Z
2026-08-04T05:31:07Z,2026-08-04T07:31:07+0200,fe4314c0-08bc-43c1-bc96-38bb7e2cf46d,2026-07-06T11:15:00Z,2026-07-06T13:15:00+0200,849.011,MW,DK1,DK_1,actual_solar_generation,Solar,2026-08-04T05:33:58Z
2026-08-04T05:31:07Z,2026-08-04T07:31:07+0200,fe4314c0-08bc-43c1-bc96-38bb7e2cf46d,2026-07-06T11:30:00Z,2026-07-06T13:30:00+0200,770.011,MW,DK1,DK_1,actual_solar_generation,Solar,2026-08-04T05:33:58Z
2026-08-04T05:31:07Z,2026-08-04T07:31:07+0200,fe4314c0-08bc-43c1-bc96-38bb7e2cf46d,2026-07-06T11:45:00Z,2026-07-06T13:45:00+0200,726.435,MW,DK1,DK_1,actual_solar_generation,Solar,2026-08-04T05:33:58Z
2026-08-04T05:31:07Z,2026-08-04T07:31:07+0200,fe4314c0-08bc-43c1-bc96-38bb7e2cf46d,2026-07-06T12:00:00Z,2026-07-06T14:00:00+0200,738.086,MW,DK1,DK_1,actual_solar_generation,Solar,2026-08-04T05:33:58Z
2026-08-04T05:31:07Z,2026-08-04T07:31:07+0200,fe4314c0-08bc-43c1-bc96-38bb7e2cf46d,2026-07-06T12:15:00Z,2026-07-06T14:15:00+0200,757.505,MW,DK1,DK_1,actual_solar_generation,Solar,2026-08-04T05:33:58Z
2026-08-04T05:31:07Z,2026-08-04T07:31:07+0200,fe4314c0-08bc-43c1-bc96-38bb7e2cf46d,2026-07-06T12:30:00Z,2026-07-06T14:30:00+0200,785.576,MW,DK1,DK_1,actual_solar_generation,Solar,2026-08-04T05:33:58Z
2026-08-04T05:31:07Z,2026-08-04T07:31:07+0200,fe4314c0-08bc-43c1-bc96-38bb7e2cf46d,2026-07-06T12:45:00Z,2026-07-06T14:45:00+0200,689.727,MW,DK1,DK_1,actual_solar_generation,Solar,2026-08-04T05:33:58Z
2026-08-04T05:31:07Z,2026-08-04T07:31:07+0200,fe4314c0-08bc-43c1-bc96-38bb7e2cf46d,2026-07-06T13:00:00Z,2026-07-06T15:00:00+0200,590.628,MW,DK1,DK_1,actual_solar_generation,Solar,2026-08-04T05:33:58Z
2026-08-04T05:31:07Z,2026-08-04T07:31:07+0200,fe4314c0-08bc-43c1-bc96-38bb7e2cf46d,2026-07-06T13:15:00Z,2026-07-06T15:15:00+0200,644.558,MW,DK1,DK_1,actual_solar_generation,Solar,2026-08-04T05:33:58Z
2026-08-04T05:31:07Z,2026-08-04T07:31:07+0200,fe4314c0-08bc-43c1-bc96-38bb7e2cf46d,2026-07-06T13:30:00Z,2026-07-06T15:30:00+0200,556.998,MW,DK1,DK_1,actual_solar_generation,Solar,2026-08-04T05:33:58Z
2026-08-04T05:31:07Z,2026-08-04T07:31:07+0200,fe4314c0-08bc-43c1-bc96-38bb7e2cf46d,2026-07-06T13:45:00Z,2026-07-06T15:45:00+0200,469.64,MW,DK1,DK_1,actual_solar_generation,Solar,2026-08-04T05:33:58Z
2026-08-04T05:31:07Z,2026-08-04T07:31:07+0200,fe4314c0-08bc-43c1-bc96-38bb7e2cf46d,2026-07-06T14:00:00Z,2026-07-06T16:00:00+0200,458.517,MW,DK1,DK_1,actual_solar_generation,Solar,2026-08-04T05:33:58Z
2026-08-04T05:31:07Z,2026-08-04T07:31:07+0200,fe4314c0-08bc-43c1-bc96-38bb7e2cf46d,2026-07-06T14:15:00Z,2026-07-06T16:15:00+0200,436.527,MW,DK1,DK_1,actual_solar_generation,Solar,2026-08-04T05:33:58Z
2026-08-04T05:31:07Z,2026-08-04T07:31:07+0200,fe4314c0-08bc-43c1-bc96-38bb7e2cf46d,2026-07-06T14:30:00Z,2026-07-06T16:30:00+0200,408.188,MW,DK1,DK_1,actual_solar_generation,Solar,2026-08-04T05:33:58Z
2026-08-04T05:31:07Z,2026-08-04T07:31:07+0200,fe4314c0-08bc-43c1-bc96-38bb7e2cf46d,2026-07-06T14:45:00Z,2026-07-06T16:45:00+0200,400.207,MW,DK1,DK_1,actual_solar_generation,Solar,2026-08-04T05:33:58Z
2026-08-04T05:31:07Z,2026-08-04T07:31:07+0200,fe4314c0-08bc-43c1-bc96-38bb7e2cf46d,2026-07-06T15:00:00Z,2026-07-06T17:00:00+0200,393.054,MW,DK1,DK_1,actual_solar_generation,Solar,2026-08-04T05:33:58Z
2026-08-04T05:31:07Z,2026-08-04T07:31:07+0200,fe4314c0-08bc-43c1-bc96-38bb7e2cf46d,2026-07-06T15:15:00Z,2026-07-06T17:15:00+0200,401.78,MW,DK1,DK_1,actual_solar_generation,Solar,2026-08-04T05:33:58Z
2026-08-04T05:31:07Z,2026-08-04T07:31:07+0200,fe4314c0-08bc-43c1-bc96-38bb7e2cf46d,2026-07-06T15:30:00Z,2026-07-06T17:30:00+0200,400.231,MW,DK1,DK_1,actual_solar_generation,Solar,2026-08-04T05:33:58Z
2026-08-04T05:31:07Z,2026-08-04T07:31:07+0200,fe4314c0-08bc-43c1-bc96-38bb7e2cf46d,2026-07-06T15:45:00Z,2026-07-06T17:45:00+0200,400.38,MW,DK1,DK_1,actual_solar_generation,Solar,2026-08-04T05:33:58Z
2026-08-04T05:31:07Z,2026-08-04T07:31:07+0200,fe4314c0-08bc-43c1-bc96-38bb7e2cf46d,2026-07-06T16:00:00Z,2026-07-06T18:00:00+0200,423.703,MW,DK1,DK_1,actual_solar_generation,Solar,2026-08-04T05:33:58Z
2026-08-04T05:31:07Z,2026-08-04T07:31:07+0200,fe4314c0-08bc-43c1-bc96-38bb7e2cf46d,2026-07-06T16:15:00Z,2026-07-06T18:15:00+0200,440.734,MW,DK1,DK_1,actual_solar_generation,Solar,2026-08-04T05:33:58Z
2026-08-04T05:31:07Z,2026-08-04T07:31:07+0200,fe4314c0-08bc-43c1-bc96-38bb7e2cf46d,2026-07-06T16:30:00Z,2026-07-06T18:30:00+0200,364.3,MW,DK1,DK_1,actual_solar_generation,Solar,2026-08-04T05:33:58Z
2026-08-04T05:31:07Z,2026-08-04T07:31:07+0200,fe4314c0-08bc-43c1-bc96-38bb7e2cf46d,2026-07-06T16:45:00Z,2026-07-06T18:45:00+0200,330.441,MW,DK1,DK_1,actual_solar_generation,Solar,2026-08-04T05:33:58Z
2026-08-04T05:31:07Z,2026-08-04T07:31:07+0200,fe4314c0-08bc-43c1-bc96-38bb7e2cf46d,2026-07-06T17:00:00Z,2026-07-06T19:00:00+0200,299.223,MW,DK1,DK_1,actual_solar_generation,Solar,2026-08-04T05:33:58Z
2026-08-04T05:31:07Z,2026-08-04T07:31:07+0200,fe4314c0-08bc-43c1-bc96-38bb7e2cf46d,2026-07-06T17:15:00Z,2026-07-06T19:15:00+0200,238.59,MW,DK1,DK_1,actual_solar_generation,Solar,2026-08-04T05:33:58Z
2026-08-04T05:31:07Z,2026-08-04T07:31:07+0200,fe4314c0-08bc-43c1-bc96-38bb7e2cf46d,2026-07-06T17:30:00Z,2026-07-06T19:30:00+0200,200.331,MW,DK1,DK_1,actual_solar_generation,Solar,2026-08-04T05:33:58Z
2026-08-04T05:31:07Z,2026-08-04T07:31:07+0200,fe4314c0-08bc-43c1-bc96-38bb7e2cf46d,2026-07-06T17:45:00Z,2026-07-06T19:45:00+0200,155.328,MW,DK1,DK_1,actual_solar_generation,Solar,2026-08-04T05:33:58Z
2026-08-04T05:31:07Z,2026-08-04T07:31:07+0200,fe4314c0-08bc-43c1-bc96-38bb7e2cf46d,2026-07-06T18:00:00Z,2026-07-06T20:00:00+0200,132.335,MW,DK1,DK_1,actual_solar_generation,Solar,2026-08-04T05:33:58Z
2026-08-04T05:31:07Z,2026-08-04T07:31:07+0200,fe4314c0-08bc-43c1-bc96-38bb7e2cf46d,2026-07-06T18:15:00Z,2026-07-06T20:15:00+0200,103.715,MW,DK1,DK_1,actual_solar_generation,Solar,2026-08-04T05:33:58Z
2026-08-04T05:31:07Z,2026-08-04T07:31:07+0200,fe4314c0-08bc-43c1-bc96-38bb7e2cf46d,2026-07-06T18:30:00Z,2026-07-06T20:30:00+0200,82.8324,MW,DK1,DK_1,actual_solar_generation,Solar,2026-08-04T05:33:58Z
2026-08-04T05:31:07Z,2026-08-04T07:31:07+0200,fe4314c0-08bc-43c1-bc96-38bb7e2cf46d,2026-07-06T18:45:00Z,2026-07-06T20:45:00+0200,63.2644,MW,DK1,DK_1,actual_solar_generation,Solar,2026-08-04T05:33:58Z
2026-08-04T05:31:07Z,2026-08-04T07:31:07+0200,fe4314c0-08bc-43c1-bc96-38bb7e2cf46d,2026-07-06T19:00:00Z,2026-07-06T21:00:00+0200,49.7814,MW,DK1,DK_1,actual_solar_generation,Solar,2026-08-04T05:33:58Z
2026-08-04T05:31:07Z,2026-08-04T07:31:07+0200,fe4314c0-08bc-43c1-bc96-38bb7e2cf46d,2026-07-06T19:15:00Z,2026-07-06T21:15:00+0200,38.2104,MW,DK1,DK_1,actual_solar_generation,Solar,2026-08-04T05:33:58Z
2026-08-04T05:31:07Z,2026-08-04T07:31:07+0200,fe4314c0-08bc-43c1-bc96-38bb7e2cf46d,2026-07-06T19:30:00Z,2026-07-06T21:30:00+0200,25.3224,MW,DK1,DK_1,actual_solar_generation,Solar,2026-08-04T05:33:58Z
2026-08-04T05:31:07Z,2026-08-04T07:31:07+0200,fe4314c0-08bc-43c1-bc96-38bb7e2cf46d,2026-07-06T19:45:00Z,2026-07-06T21:45:00+0200,18.7058,MW,DK1,DK_1,actual_solar_generation,Solar,2026-08-04T05:33:58Z
2026-08-04T05:31:07Z,2026-08-04T07:31:07+0200,fe4314c0-08bc-43c1-bc96-38bb7e2cf46d,2026-07-06T20:00:00Z,2026-07-06T22:00:00+0200,12.324,MW,DK1,DK_1,actual_solar_generation,Solar,2026-08-04T05:33:58Z
2026-08-04T05:31:07Z,2026-08-04T07:31:07+0200,fe4314c0-08bc-43c1-bc96-38bb7e2cf46d,2026-07-06T20:15:00Z,2026-07-06T22:15:00+0200,10.081,MW,DK1,DK_1,actual_solar_generation,Solar,2026-08-04T05:33:58Z
2026-08-04T05:31:07Z,2026-08-04T07:31:07+0200,fe4314c0-08bc-43c1-bc96-38bb7e2cf46d,2026-07-06T20:30:00Z,2026-07-06T22:30:00+0200,9.20437,MW,DK1,DK_1,actual_solar_generation,Solar,2026-08-04T05:33:58Z
2026-08-04T05:31:07Z,2026-08-04T07:31:07+0200,fe4314c0-08bc-43c1-bc96-38bb7e2cf46d,2026-07-06T20:45:00Z,2026-07-06T22:45:00+0200,8.56139,MW,DK1,DK_1,actual_solar_generation,Solar,2026-08-04T05:33:58Z
2026-08-04T05:31:07Z,2026-08-04T07:31:07+0200,fe4314c0-08bc-43c1-bc96-38bb7e2cf46d,2026-07-06T21:00:00Z,2026-07-06T23:00:00+0200,6.88993,MW,DK1,DK_1,actual_solar_generation,Solar,2026-08-04T05:33:58Z
2026-08-04T05:31:07Z,2026-08-04T07:31:07+0200,fe4314c0-08bc-43c1-bc96-38bb7e2cf46d,2026-07-06T21:15:00Z,2026-07-06T23:15:00+0200,7.96859,MW,DK1,DK_1,actual_solar_generation,Solar,2026-08-04T05:33:58Z
2026-08-04T05:31:07Z,2026-08-04T07:31:07+0200,fe4314c0-08bc-43c1-bc96-38bb7e2cf46d,2026-07-06T21:30:00Z,2026-07-06T23:30:00+0200,7.67563,MW,DK1,DK_1,actual_solar_generation,Solar,2026-08-04T05:33:58Z
2026-08-04T05:31:07Z,2026-08-04T07:31:07+0200,fe4314c0-08bc-43c1-bc96-38bb7e2cf46d,2026-07-06T21:45:00Z,2026-07-06T23:45:00+0200,7.75308,MW,DK1,DK_1,actual_solar_generation,Solar,2026-08-04T05:33:58Z
2026-08-04T05:31:07Z,2026-08-04T07:31:07+0200,fe4314c0-08bc-43c1-bc96-38bb7e2cf46d,2026-07-06T22:00:00Z,2026-07-07T00:00:00+0200,8.20739,MW,DK1,DK_1,actual_solar_generation,Solar,2026-08-04T05:33:58Z
2026-08-04T05:31:07Z,2026-08-04T07:31:07+0200,fe4314c0-08bc-43c1-bc96-38bb7e2cf46d,2026-07-06T22:15:00Z,2026-07-07T00:15:00+0200,8.12098,MW,DK1,DK_1,actual_solar_generation,Solar,2026-08-04T05:33:58Z
2026-08-04T05:31:07Z,2026-08-04T07:31:07+0200,fe4314c0-08bc-43c1-bc96-38bb7e2cf46d,2026-07-06T22:30:00Z,2026-07-07T00:30:00+0200,7.39617,MW,DK1,DK_1,actual_solar_generation,Solar,2026-08-04T05:33:58Z
2026-08-04T05:31:07Z,2026-08-04T07:31:07+0200,fe4314c0-08bc-43c1-bc96-38bb7e2cf46d,2026-07-06T22:45:00Z,2026-07-07T00:45:00+0200,8.41145,MW,DK1,DK_1,actual_solar_generation,Solar,2026-08-04T05:33:58Z
2026-08-04T05:31:07Z,2026-08-04T07:31:07+0200,fe4314c0-08bc-43c1-bc96-38bb7e2cf46d,2026-07-06T23:00:00Z,2026-07-07T01:00:00+0200,6.8018,MW,DK1,DK_1,actual_solar_generation,Solar,2026-08-04T05:33:58Z
2026-08-04T05:31:07Z,2026-08-04T07:31:07+0200,fe4314c0-08bc-43c1-bc96-38bb7e2cf46d,2026-07-06T23:15:00Z,2026-07-07T01:15:00+0200,6.43795,MW,DK1,DK_1,actual_solar_generation,Solar,2026-08-04T05:33:58Z
2026-08-04T05:31:07Z,2026-08-04T07:31:07+0200,fe4314c0-08bc-43c1-bc96-38bb7e2cf46d,2026-07-06T23:30:00Z,2026-07-07T01:30:00+0200,7.80381,MW,DK1,DK_1,actual_solar_generation,Solar,2026-08-04T05:33:58Z
2026-08-04T05:31:07Z,2026-08-04T07:31:07+0200,fe4314c0-08bc-43c1-bc96-38bb7e2cf46d,2026-07-06T23:45:00Z,2026-07-07T01:45:00+0200,8.78832,MW,DK1,DK_1,actual_solar_generation,Solar,2026-08-04T05:33:58Z
2026-08-04T05:31:07Z,2026-08-04T07:31:07+0200,fe4314c0-08bc-43c1-bc96-38bb7e2cf46d,2026-07-07T00:00:00Z,2026-07-07T02:00:00+0200,9.74942,MW,DK1,DK_1,actual_solar_generation,Solar,2026-08-04T05:33:58Z
2026-08-04T05:31:07Z,2026-08-04T07:31:07+0200,fe4314c0-08bc-43c1-bc96-38bb7e2cf46d,2026-07-07T00:15:00Z,2026-07-07T02:15:00+0200,11.044,MW,DK1,DK_1,actual_solar_generation,Solar,2026-08-04T05:33:58Z
2026-08-04T05:31:07Z,2026-08-04T07:31:07+0200,fe4314c0-08bc-43c1-bc96-38bb7e2cf46d,2026-07-07T00:30:00Z,2026-07-07T02:30:00+0200,10.3074,MW,DK1,DK_1,actual_solar_generation,Solar,2026-08-04T05:33:58Z
2026-08-04T05:31:07Z,2026-08-04T07:31:07+0200,fe4314c0-08bc-43c1-bc96-38bb7e2cf46d,2026-07-07T00:45:00Z,2026-07-07T02:45:00+0200,10.5079,MW,DK1,DK_1,actual_solar_generation,Solar,2026-08-04T05:33:58Z
2026-08-04T05:31:07Z,2026-08-04T07:31:07+0200,fe4314c0-08bc-43c1-bc96-38bb7e2cf46d,2026-07-07T01:00:00Z,2026-07-07T03:00:00+0200,10.5769,MW,DK1,DK_1,actual_solar_generation,Solar,2026-08-04T05:33:58Z
2026-08-04T05:31:07Z,2026-08-04T07:31:07+0200,fe4314c0-08bc-43c1-bc96-38bb7e2cf46d,2026-07-07T01:15:00Z,2026-07-07T03:15:00+0200,8.85157,MW,DK1,DK_1,actual_solar_generation,Solar,2026-08-04T05:33:58Z
2026-08-04T05:31:07Z,2026-08-04T07:31:07+0200,fe4314c0-08bc-43c1-bc96-38bb7e2cf46d,2026-07-07T01:30:00Z,2026-07-07T03:30:00+0200,10.4623,MW,DK1,DK_1,actual_solar_generation,Solar,2026-08-04T05:33:58Z
2026-08-04T05:31:07Z,2026-08-04T07:31:07+0200,fe4314c0-08bc-43c1-bc96-38bb7e2cf46d,2026-07-07T01:45:00Z,2026-07-07T03:45:00+0200,11.34,MW,DK1,DK_1,actual_solar_generation,Solar,2026-08-04T05:33:58Z
2026-08-04T05:31:07Z,2026-08-04T07:31:07+0200,fe4314c0-08bc-43c1-bc96-38bb7e2cf46d,2026-07-07T02:00:00Z,2026-07-07T04:00:00+0200,10.6169,MW,DK1,DK_1,actual_solar_generation,Solar,2026-08-04T05:33:58Z
2026-08-04T05:31:07Z,2026-08-04T07:31:07+0200,fe4314c0-08bc-43c1-bc96-38bb7e2cf46d,2026-07-07T02:15:00Z,2026-07-07T04:15:00+0200,8.84828,MW,DK1,DK_1,actual_solar_generation,Solar,2026-08-04T05:33:58Z
2026-08-04T05:31:07Z,2026-08-04T07:31:07+0200,fe4314c0-08bc-43c1-bc96-38bb7e2cf46d,2026-07-07T02:30:00Z,2026-07-07T04:30:00+0200,8.33239,MW,DK1,DK_1,actual_solar_generation,Solar,2026-08-04T05:33:58Z
2026-08-04T05:31:07Z,2026-08-04T07:31:07+0200,fe4314c0-08bc-43c1-bc96-38bb7e2cf46d,2026-07-07T02:45:00Z,2026-07-07T04:45:00+0200,10.5963,MW,DK1,DK_1,actual_solar_generation,Solar,2026-08-04T05:33:58Z
2026-08-04T05:31:07Z,2026-08-04T07:31:07+0200,fe4314c0-08bc-43c1-bc96-38bb7e2cf46d,2026-07-07T03:00:00Z,2026-07-07T05:00:00+0200,14.2136,MW,DK1,DK_1,actual_solar_generation,Solar,2026-08-04T05:33:58Z
2026-08-04T05:31:07Z,2026-08-04T07:31:07+0200,fe4314c0-08bc-43c1-bc96-38bb7e2cf46d,2026-07-07T03:15:00Z,2026-07-07T05:15:00+0200,23.2504,MW,DK1,DK_1,actual_solar_generation,Solar,2026-08-04T05:33:58Z
2026-08-04T05:31:07Z,2026-08-04T07:31:07+0200,fe4314c0-08bc-43c1-bc96-38bb7e2cf46d,2026-07-07T03:30:00Z,2026-07-07T05:30:00+0200,30.2799,MW,DK1,DK_1,actual_solar_generation,Solar,2026-08-04T05:33:58Z
2026-08-04T05:31:07Z,2026-08-04T07:31:07+0200,fe4314c0-08bc-43c1-bc96-38bb7e2cf46d,2026-07-07T03:45:00Z,2026-07-07T05:45:00+0200,40.0975,MW,DK1,DK_1,actual_solar_generation,Solar,2026-08-04T05:33:58Z
2026-08-04T05:31:07Z,2026-08-04T07:31:07+0200,fe4314c0-08bc-43c1-bc96-38bb7e2cf46d,2026-07-07T04:00:00Z,2026-07-07T06:00:00+0200,47.2102,MW,DK1,DK_1,actual_solar_generation,Solar,2026-08-04T05:33:58Z
2026-08-04T05:31:07Z,2026-08-04T07:31:07+0200,fe4314c0-08bc-43c1-bc96-38bb7e2cf46d,2026-07-07T04:15:00Z,2026-07-07T06:15:00+0200,60.4349,MW,DK1,DK_1,actual_solar_generation,Solar,2026-08-04T05:33:58Z
2026-08-04T05:31:07Z,2026-08-04T07:31:07+0200,fe4314c0-08bc-43c1-bc96-38bb7e2cf46d,2026-07-07T04:30:00Z,2026-07-07T06:30:00+0200,82.1333,MW,DK1,DK_1,actual_solar_generation,Solar,2026-08-04T05:33:58Z
2026-08-04T05:31:07Z,2026-08-04T07:31:07+0200,fe4314c0-08bc-43c1-bc96-38bb7e2cf46d,2026-07-07T04:45:00Z,2026-07-07T06:45:00+0200,98.7806,MW,DK1,DK_1,actual_solar_generation,Solar,2026-08-04T05:33:58Z
2026-08-04T05:31:07Z,2026-08-04T07:31:07+0200,fe4314c0-08bc-43c1-bc96-38bb7e2cf46d,2026-07-07T05:00:00Z,2026-07-07T07:00:00+0200,127.887,MW,DK1,DK_1,actual_solar_generation,Solar,2026-08-04T05:33:58Z
2026-08-04T05:31:07Z,2026-08-04T07:31:07+0200,fe4314c0-08bc-43c1-bc96-38bb7e2cf46d,2026-07-07T05:15:00Z,2026-07-07T07:15:00+0200,174.199,MW,DK1,DK_1,actual_solar_generation,Solar,2026-08-04T05:33:58Z
2026-08-04T05:31:07Z,2026-08-04T07:31:07+0200,fe4314c0-08bc-43c1-bc96-38bb7e2cf46d,2026-07-07T05:30:00Z,2026-07-07T07:30:00+0200,241.5,MW,DK1,DK_1,actual_solar_generation,Solar,2026-08-04T05:33:58Z
2026-08-04T05:31:07Z,2026-08-04T07:31:07+0200,fe4314c0-08bc-43c1-bc96-38bb7e2cf46d,2026-07-07T05:45:00Z,2026-07-07T07:45:00+0200,307.2,MW,DK1,DK_1,actual_solar_generation,Solar,2026-08-04T05:33:58Z
2026-08-04T05:31:07Z,2026-08-04T07:31:07+0200,fe4314c0-08bc-43c1-bc96-38bb7e2cf46d,2026-07-07T06:00:00Z,2026-07-07T08:00:00+0200,369.226,MW,DK1,DK_1,actual_solar_generation,Solar,2026-08-04T05:33:58Z
2026-08-04T05:31:07Z,2026-08-04T07:31:07+0200,fe4314c0-08bc-43c1-bc96-38bb7e2cf46d,2026-07-07T06:15:00Z,2026-07-07T08:15:00+0200,423.272,MW,DK1,DK_1,actual_solar_generation,Solar,2026-08-04T05:33:58Z
2026-08-04T05:31:07Z,2026-08-04T07:31:07+0200,fe4314c0-08bc-43c1-bc96-38bb7e2cf46d,2026-07-07T06:30:00Z,2026-07-07T08:30:00+0200,492.172,MW,DK1,DK_1,actual_solar_generation,Solar,2026-08-04T05:33:58Z
2026-08-04T05:31:07Z,2026-08-04T07:31:07+0200,fe4314c0-08bc-43c1-bc96-38bb7e2cf46d,2026-07-07T06:45:00Z,2026-07-07T08:45:00+0200,535.414,MW,DK1,DK_1,actual_solar_generation,Solar,2026-08-04T05:33:58Z
2026-08-04T05:31:07Z,2026-08-04T07:31:07+0200,fe4314c0-08bc-43c1-bc96-38bb7e2cf46d,2026-07-07T07:00:00Z,2026-07-07T09:00:00+0200,681.795,MW,DK1,DK_1,actual_solar_generation,Solar,2026-08-04T05:33:58Z
2026-08-04T05:31:07Z,2026-08-04T07:31:07+0200,fe4314c0-08bc-43c1-bc96-38bb7e2cf46d,2026-07-07T07:15:00Z,2026-07-07T09:15:00+0200,708.519,MW,DK1,DK_1,actual_solar_generation,Solar,2026-08-04T05:33:58Z
2026-08-04T05:31:07Z,2026-08-04T07:31:07+0200,fe4314c0-08bc-43c1-bc96-38bb7e2cf46d,2026-07-07T07:30:00Z,2026-07-07T09:30:00+0200,761.306,MW,DK1,DK_1,actual_solar_generation,Solar,2026-08-04T05:33:58Z
2026-08-04T05:31:07Z,2026-08-04T07:31:07+0200,fe4314c0-08bc-43c1-bc96-38bb7e2cf46d,2026-07-07T07:45:00Z,2026-07-07T09:45:00+0200,820.675,MW,DK1,DK_1,actual_solar_generation,Solar,2026-08-04T05:33:58Z
2026-08-04T05:31:07Z,2026-08-04T07:31:07+0200,fe4314c0-08bc-43c1-bc96-38bb7e2cf46d,2026-07-07T08:00:00Z,2026-07-07T10:00:00+0200,876.89,MW,DK1,DK_1,actual_solar_generation,Solar,2026-08-04T05:33:58Z
2026-08-04T05:31:07Z,2026-08-04T07:31:07+0200,fe4314c0-08bc-43c1-bc96-38bb7e2cf46d,2026-07-07T08:15:00Z,2026-07-07T10:15:00+0200,988.889,MW,DK1,DK_1,actual_solar_generation,Solar,2026-08-04T05:33:58Z
2026-08-04T05:31:07Z,2026-08-04T07:31:07+0200,fe4314c0-08bc-43c1-bc96-38bb7e2cf46d,2026-07-07T08:30:00Z,2026-07-07T10:30:00+0200,1090.6,MW,DK1,DK_1,actual_solar_generation,Solar,2026-08-04T05:33:58Z
2026-08-04T05:31:07Z,2026-08-04T07:31:07+0200,fe4314c0-08bc-43c1-bc96-38bb7e2cf46d,2026-07-07T08:45:00Z,2026-07-07T10:45:00+0200,1114.96,MW,DK1,DK_1,actual_solar_generation,Solar,2026-08-04T05:33:58Z
2026-08-04T05:31:07Z,2026-08-04T07:31:07+0200,fe4314c0-08bc-43c1-bc96-38bb7e2cf46d,2026-07-07T09:00:00Z,2026-07-07T11:00:00+0200,1229.14,MW,DK1,DK_1,actual_solar_generation,Solar,2026-08-04T05:33:58Z
2026-08-04T05:31:07Z,2026-08-04T07:31:07+0200,fe4314c0-08bc-43c1-bc96-38bb7e2cf46d,2026-07-07T09:15:00Z,2026-07-07T11:15:00+0200,1036.81,MW,DK1,DK_1,actual_solar_generation,Solar,2026-08-04T05:33:58Z
2026-08-04T05:31:07Z,2026-08-04T07:31:07+0200,fe4314c0-08bc-43c1-bc96-38bb7e2cf46d,2026-07-07T09:30:00Z,2026-07-07T11:30:00+0200,991.951,MW,DK1,DK_1,actual_solar_generation,Solar,2026-08-04T05:33:58Z
2026-08-04T05:31:07Z,2026-08-04T07:31:07+0200,fe4314c0-08bc-43c1-bc96-38bb7e2cf46d,2026-07-07T09:45:00Z,2026-07-07T11:45:00+0200,909.218,MW,DK1,DK_1,actual_solar_generation,Solar,2026-08-04T05:33:58Z
2026-08-04T05:31:07Z,2026-08-04T07:31:07+0200,fe4314c0-08bc-43c1-bc96-38bb7e2cf46d,2026-07-07T10:00:00Z,2026-07-07T12:00:00+0200,1016.04,MW,DK1,DK_1,actual_solar_generation,Solar,2026-08-04T05:33:58Z
2026-08-04T05:31:07Z,2026-08-04T07:31:07+0200,fe4314c0-08bc-43c1-bc96-38bb7e2cf46d,2026-07-07T10:15:00Z,2026-07-07T12:15:00+0200,1008.4,MW,DK1,DK_1,actual_solar_generation,Solar,2026-08-04T05:33:58Z
2026-08-04T05:31:07Z,2026-08-04T07:31:07+0200,fe4314c0-08bc-43c1-bc96-38bb7e2cf46d,2026-07-07T10:30:00Z,2026-07-07T12:30:00+0200,1004.92,MW,DK1,DK_1,actual_solar_generation,Solar,2026-08-04T05:33:58Z
2026-08-04T05:31:07Z,2026-08-04T07:31:07+0200,fe4314c0-08bc-43c1-bc96-38bb7e2cf46d,2026-07-07T10:45:00Z,2026-07-07T12:45:00+0200,915.218,MW,DK1,DK_1,actual_solar_generation,Solar,2026-08-04T05:33:58Z
2026-08-04T05:31:07Z,2026-08-04T07:31:07+0200,fe4314c0-08bc-43c1-bc96-38bb7e2cf46d,2026-07-07T11:00:00Z,2026-07-07T13:00:00+0200,1125.8,MW,DK1,DK_1,actual_solar_generation,Solar,2026-08-04T05:33:58Z
2026-08-04T05:31:07Z,2026-08-04T07:31:07+0200,fe4314c0-08bc-43c1-bc96-38bb7e2cf46d,2026-07-07T11:15:00Z,2026-07-07T13:15:00+0200,1119.3,MW,DK1,DK_1,actual_solar_generation,Solar,2026-08-04T05:33:58Z
2026-08-04T05:31:07Z,2026-08-04T07:31:07+0200,fe4314c0-08bc-43c1-bc96-38bb7e2cf46d,2026-07-07T11:30:00Z,2026-07-07T13:30:00+0200,1188.9,MW,DK1,DK_1,actual_solar_generation,Solar,2026-08-04T05:33:58Z
2026-08-04T05:31:07Z,2026-08-04T07:31:07+0200,fe4314c0-08bc-43c1-bc96-38bb7e2cf46d,2026-07-07T11:45:00Z,2026-07-07T13:45:00+0200,1153.58,MW,DK1,DK_1,actual_solar_generation,Solar,2026-08-04T05:33:58Z
2026-08-04T05:31:07Z,2026-08-04T07:31:07+0200,fe4314c0-08bc-43c1-bc96-38bb7e2cf46d,2026-07-07T12:00:00Z,2026-07-07T14:00:00+0200,1031.52,MW,DK1,DK_1,actual_solar_generation,Solar,2026-08-04T05:33:58Z
2026-08-04T05:31:07Z,2026-08-04T07:31:07+0200,fe4314c0-08bc-43c1-bc96-38bb7e2cf46d,2026-07-07T12:15:00Z,2026-07-07T14:15:00+0200,967.323,MW,DK1,DK_1,actual_solar_generation,Solar,2026-08-04T05:33:58Z
2026-08-04T05:31:07Z,2026-08-04T07:31:07+0200,fe4314c0-08bc-43c1-bc96-38bb7e2cf46d,2026-07-07T12:30:00Z,2026-07-07T14:30:00+0200,998.673,MW,DK1,DK_1,actual_solar_generation,Solar,2026-08-04T05:33:58Z
2026-08-04T05:31:07Z,2026-08-04T07:31:07+0200,fe4314c0-08bc-43c1-bc96-38bb7e2cf46d,2026-07-07T12:45:00Z,2026-07-07T14:45:00+0200,983.607,MW,DK1,DK_1,actual_solar_generation,Solar,2026-08-04T05:33:58Z
2026-08-04T05:31:07Z,2026-08-04T07:31:07+0200,fe4314c0-08bc-43c1-bc96-38bb7e2cf46d,2026-07-07T13:00:00Z,2026-07-07T15:00:00+0200,1093.56,MW,DK1,DK_1,actual_solar_generation,Solar,2026-08-04T05:33:58Z
2026-08-04T05:31:07Z,2026-08-04T07:31:07+0200,fe4314c0-08bc-43c1-bc96-38bb7e2cf46d,2026-07-07T13:15:00Z,2026-07-07T15:15:00+0200,1157.55,MW,DK1,DK_1,actual_solar_generation,Solar,2026-08-04T05:33:58Z
2026-08-04T05:31:07Z,2026-08-04T07:31:07+0200,fe4314c0-08bc-43c1-bc96-38bb7e2cf46d,2026-07-07T13:30:00Z,2026-07-07T15:30:00+0200,1589.86,MW,DK1,DK_1,actual_solar_generation,Solar,2026-08-04T05:33:58Z
2026-08-04T05:31:07Z,2026-08-04T07:31:07+0200,fe4314c0-08bc-43c1-bc96-38bb7e2cf46d,2026-07-07T13:45:00Z,2026-07-07T15:45:00+0200,1824.87,MW,DK1,DK_1,actual_solar_generation,Solar,2026-08-04T05:33:58Z
2026-08-04T05:31:07Z,2026-08-04T07:31:07+0200,fe4314c0-08bc-43c1-bc96-38bb7e2cf46d,2026-07-07T14:00:00Z,2026-07-07T16:00:00+0200,1404.36,MW,DK1,DK_1,actual_solar_generation,Solar,2026-08-04T05:33:58Z
2026-08-04T05:31:07Z,2026-08-04T07:31:07+0200,fe4314c0-08bc-43c1-bc96-38bb7e2cf46d,2026-07-07T14:15:00Z,2026-07-07T16:15:00+0200,1369.93,MW,DK1,DK_1,actual_solar_generation,Solar,2026-08-04T05:33:58Z
2026-08-04T05:31:07Z,2026-08-04T07:31:07+0200,fe4314c0-08bc-43c1-bc96-38bb7e2cf46d,2026-07-07T14:30:00Z,2026-07-07T16:30:00+0200,1624.71,MW,DK1,DK_1,actual_solar_generation,Solar,2026-08-04T05:33:58Z
2026-08-04T05:31:07Z,2026-08-04T07:31:07+0200,fe4314c0-08bc-43c1-bc96-38bb7e2cf46d,2026-07-07T14:45:00Z,2026-07-07T16:45:00+0200,1626.05,MW,DK1,DK_1,actual_solar_generation,Solar,2026-08-04T05:33:58Z
2026-08-04T05:31:07Z,2026-08-04T07:31:07+0200,fe4314c0-08bc-43c1-bc96-38bb7e2cf46d,2026-07-07T15:00:00Z,2026-07-07T17:00:00+0200,1565.17,MW,DK1,DK_1,actual_solar_generation,Solar,2026-08-04T05:33:58Z
2026-08-04T05:31:07Z,2026-08-04T07:31:07+0200,fe4314c0-08bc-43c1-bc96-38bb7e2cf46d,2026-07-07T15:15:00Z,2026-07-07T17:15:00+0200,1399.3,MW,DK1,DK_1,actual_solar_generation,Solar,2026-08-04T05:33:58Z
2026-08-04T05:31:07Z,2026-08-04T07:31:07+0200,fe4314c0-08bc-43c1-bc96-38bb7e2cf46d,2026-07-07T15:30:00Z,2026-07-07T17:30:00+0200,1537.5,MW,DK1,DK_1,actual_solar_generation,Solar,2026-08-04T05:33:58Z
2026-08-04T05:31:07Z,2026-08-04T07:31:07+0200,fe4314c0-08bc-43c1-bc96-38bb7e2cf46d,2026-07-07T15:45:00Z,2026-07-07T17:45:00+0200,1425.78,MW,DK1,DK_1,actual_solar_generation,Solar,2026-08-04T05:33:58Z
2026-08-04T05:31:07Z,2026-08-04T07:31:07+0200,fe4314c0-08bc-43c1-bc96-38bb7e2cf46d,2026-07-07T16:00:00Z,2026-07-07T18:00:00+0200,1358.02,MW,DK1,DK_1,actual_solar_generation,Solar,2026-08-04T05:33:58Z
2026-08-04T05:31:07Z,2026-08-04T07:31:07+0200,fe4314c0-08bc-43c1-bc96-38bb7e2cf46d,2026-07-07T16:15:00Z,2026-07-07T18:15:00+0200,1290.83,MW,DK1,DK_1,actual_solar_generation,Solar,2026-08-04T05:33:58Z
2026-08-04T05:31:07Z,2026-08-04T07:31:07+0200,fe4314c0-08bc-43c1-bc96-38bb7e2cf46d,2026-07-07T16:30:00Z,2026-07-07T18:30:00+0200,1151.18,MW,DK1,DK_1,actual_solar_generation,Solar,2026-08-04T05:33:58Z
2026-08-04T05:31:07Z,2026-08-04T07:31:07+0200,fe4314c0-08bc-43c1-bc96-38bb7e2cf46d,2026-07-07T16:45:00Z,2026-07-07T18:45:00+0200,975.74,MW,DK1,DK_1,actual_solar_generation,Solar,2026-08-04T05:33:58Z
2026-08-04T05:31:07Z,2026-08-04T07:31:07+0200,fe4314c0-08bc-43c1-bc96-38bb7e2cf46d,2026-07-07T17:00:00Z,2026-07-07T19:00:00+0200,844.661,MW,DK1,DK_1,actual_solar_generation,Solar,2026-08-04T05:33:58Z
2026-08-04T05:31:07Z,2026-08-04T07:31:07+0200,fe4314c0-08bc-43c1-bc96-38bb7e2cf46d,2026-07-07T17:15:00Z,2026-07-07T19:15:00+0200,690.801,MW,DK1,DK_1,actual_solar_generation,Solar,2026-08-04T05:33:58Z
2026-08-04T05:31:07Z,2026-08-04T07:31:07+0200,fe4314c0-08bc-43c1-bc96-38bb7e2cf46d,2026-07-07T17:30:00Z,2026-07-07T19:30:00+0200,553.704,MW,DK1,DK_1,actual_solar_generation,Solar,2026-08-04T05:33:58Z
2026-08-04T05:31:07Z,2026-08-04T07:31:07+0200,fe4314c0-08bc-43c1-bc96-38bb7e2cf46d,2026-07-07T17:45:00Z,2026-07-07T19:45:00+0200,483.343,MW,DK1,DK_1,actual_solar_generation,Solar,2026-08-04T05:33:58Z
2026-08-04T05:31:07Z,2026-08-04T07:31:07+0200,fe4314c0-08bc-43c1-bc96-38bb7e2cf46d,2026-07-07T18:00:00Z,2026-07-07T20:00:00+0200,342.583,MW,DK1,DK_1,actual_solar_generation,Solar,2026-08-04T05:33:58Z
2026-08-04T05:31:07Z,2026-08-04T07:31:07+0200,fe4314c0-08bc-43c1-bc96-38bb7e2cf46d,2026-07-07T18:15:00Z,2026-07-07T20:15:00+0200,281.937,MW,DK1,DK_1,actual_solar_generation,Solar,2026-08-04T05:33:58Z
2026-08-04T05:31:07Z,2026-08-04T07:31:07+0200,fe4314c0-08bc-43c1-bc96-38bb7e2cf46d,2026-07-07T18:30:00Z,2026-07-07T20:30:00+0200,212.639,MW,DK1,DK_1,actual_solar_generation,Solar,2026-08-04T05:33:58Z
2026-08-04T05:31:07Z,2026-08-04T07:31:07+0200,fe4314c0-08bc-43c1-bc96-38bb7e2cf46d,2026-07-07T18:45:00Z,2026-07-07T20:45:00+0200,154.063,MW,DK1,DK_1,actual_solar_generation,Solar,2026-08-04T05:33:58Z
2026-08-04T05:31:07Z,2026-08-04T07:31:07+0200,fe4314c0-08bc-43c1-bc96-38bb7e2cf46d,2026-07-07T19:00:00Z,2026-07-07T21:00:00+0200,114.591,MW,DK1,DK_1,actual_solar_generation,Solar,2026-08-04T05:33:58Z
2026-08-04T05:31:07Z,2026-08-04T07:31:07+0200,fe4314c0-08bc-43c1-bc96-38bb7e2cf46d,2026-07-07T19:15:00Z,2026-07-07T21:15:00+0200,79.1186,MW,DK1,DK_1,actual_solar_generation,Solar,2026-08-04T05:33:58Z
2026-08-04T05:31:07Z,2026-08-04T07:31:07+0200,fe4314c0-08bc-43c1-bc96-38bb7e2cf46d,2026-07-07T19:30:00Z,2026-07-07T21:30:00+0200,46.0123,MW,DK1,DK_1,actual_solar_generation,Solar,2026-08-04T05:33:58Z
2026-08-04T05:31:07Z,2026-08-04T07:31:07+0200,fe4314c0-08bc-43c1-bc96-38bb7e2cf46d,2026-07-07T19:45:00Z,2026-07-07T21:45:00+0200,26.9232,MW,DK1,DK_1,actual_solar_generation,Solar,2026-08-04T05:33:58Z
2026-08-04T05:31:07Z,2026-08-04T07:31:07+0200,fe4314c0-08bc-43c1-bc96-38bb7e2cf46d,2026-07-07T20:00:00Z,2026-07-07T22:00:00+0200,15.6654,MW,DK1,DK_1,actual_solar_generation,Solar,2026-08-04T05:33:58Z
2026-08-04T05:31:07Z,2026-08-04T07:31:07+0200,fe4314c0-08bc-43c1-bc96-38bb7e2cf46d,2026-07-07T20:15:00Z,2026-07-07T22:15:00+0200,9.97789,MW,DK1,DK_1,actual_solar_generation,Solar,2026-08-04T05:33:58Z
2026-08-04T05:31:07Z,2026-08-04T07:31:07+0200,fe4314c0-08bc-43c1-bc96-38bb7e2cf46d,2026-07-07T20:30:00Z,2026-07-07T22:30:00+0200,9.85562,MW,DK1,DK_1,actual_solar_generation,Solar,2026-08-04T05:33:58Z
2026-08-04T05:31:07Z,2026-08-04T07:31:07+0200,fe4314c0-08bc-43c1-bc96-38bb7e2cf46d,2026-07-07T20:45:00Z,2026-07-07T22:45:00+0200,8.94076,MW,DK1,DK_1,actual_solar_generation,Solar,2026-08-04T05:33:58Z
2026-08-04T05:31:07Z,2026-08-04T07:31:07+0200,fe4314c0-08bc-43c1-bc96-38bb7e2cf46d,2026-07-07T21:00:00Z,2026-07-07T23:00:00+0200,10.9013,MW,DK1,DK_1,actual_solar_generation,Solar,2026-08-04T05:33:58Z
2026-08-04T05:31:07Z,2026-08-04T07:31:07+0200,fe4314c0-08bc-43c1-bc96-38bb7e2cf46d,2026-07-07T21:15:00Z,2026-07-07T23:15:00+0200,12.2282,MW,DK1,DK_1,actual_solar_generation,Solar,2026-08-04T05:33:58Z
2026-08-04T05:31:07Z,2026-08-04T07:31:07+0200,fe4314c0-08bc-43c1-bc96-38bb7e2cf46d,2026-07-07T21:30:00Z,2026-07-07T23:30:00+0200,10.535,MW,DK1,DK_1,actual_solar_generation,Solar,2026-08-04T05:33:58Z
2026-08-04T05:31:07Z,2026-08-04T07:31:07+0200,fe4314c0-08bc-43c1-bc96-38bb7e2cf46d,2026-07-07T21:45:00Z,2026-07-07T23:45:00+0200,10.9878,MW,DK1,DK_1,actual_solar_generation,Solar,2026-08-04T05:33:58Z
2026-08-04T05:31:07Z,2026-08-04T07:31:07+0200,fe4314c0-08bc-43c1-bc96-38bb7e2cf46d,2026-07-07T22:00:00Z,2026-07-08T00:00:00+0200,9.01112,MW,DK1,DK_1,actual_solar_generation,Solar,2026-08-04T05:33:58Z
2026-08-04T05:31:07Z,2026-08-04T07:31:07+0200,fe4314c0-08bc-43c1-bc96-38bb7e2cf46d,2026-07-07T22:15:00Z,2026-07-08T00:15:00+0200,8.6129,MW,DK1,DK_1,actual_solar_generation,Solar,2026-08-04T05:33:58Z
2026-08-04T05:31:07Z,2026-08-04T07:31:07+0200,fe4314c0-08bc-43c1-bc96-38bb7e2cf46d,2026-07-07T22:30:00Z,2026-07-08T00:30:00+0200,7.90354,MW,DK1,DK_1,actual_solar_generation,Solar,2026-08-04T05:33:58Z
2026-08-04T05:31:07Z,2026-08-04T07:31:07+0200,fe4314c0-08bc-43c1-bc96-38bb7e2cf46d,2026-07-07T22:45:00Z,2026-07-08T00:45:00+0200,6.54296,MW,DK1,DK_1,actual_solar_generation,Solar,2026-08-04T05:33:58Z
2026-08-04T05:31:07Z,2026-08-04T07:31:07+0200,fe4314c0-08bc-43c1-bc96-38bb7e2cf46d,2026-07-07T23:00:00Z,2026-07-08T01:00:00+0200,7.11884,MW,DK1,DK_1,actual_solar_generation,Solar,2026-08-04T05:33:58Z
2026-08-04T05:31:07Z,2026-08-04T07:31:07+0200,fe4314c0-08bc-43c1-bc96-38bb7e2cf46d,2026-07-07T23:15:00Z,2026-07-08T01:15:00+0200,6.98002,MW,DK1,DK_1,actual_solar_generation,Solar,2026-08-04T05:33:58Z
2026-08-04T05:31:07Z,2026-08-04T07:31:07+0200,fe4314c0-08bc-43c1-bc96-38bb7e2cf46d,2026-07-07T23:30:00Z,2026-07-08T01:30:00+0200,7.89098,MW,DK1,DK_1,actual_solar_generation,Solar,2026-08-04T05:33:58Z
2026-08-04T05:31:07Z,2026-08-04T07:31:07+0200,fe4314c0-08bc-43c1-bc96-38bb7e2cf46d,2026-07-07T23:45:00Z,2026-07-08T01:45:00+0200,7.07604,MW,DK1,DK_1,actual_solar_generation,Solar,2026-08-04T05:33:58Z
2026-08-04T05:31:07Z,2026-08-04T07:31:07+0200,fe4314c0-08bc-43c1-bc96-38bb7e2cf46d,2026-07-08T00:00:00Z,2026-07-08T02:00:00+0200,8.4653,MW,DK1,DK_1,actual_solar_generation,Solar,2026-08-04T05:33:58Z
2026-08-04T05:31:07Z,2026-08-04T07:31:07+0200,fe4314c0-08bc-43c1-bc96-38bb7e2cf46d,2026-07-08T00:15:00Z,2026-07-08T02:15:00+0200,8.28885,MW,DK1,DK_1,actual_solar_generation,Solar,2026-08-04T05:33:58Z
2026-08-04T05:31:07Z,2026-08-04T07:31:07+0200,fe4314c0-08bc-43c1-bc96-38bb7e2cf46d,2026-07-08T00:30:00Z,2026-07-08T02:30:00+0200,9.77321,MW,DK1,DK_1,actual_solar_generation,Solar,2026-08-04T05:33:58Z
2026-08-04T05:31:07Z,2026-08-04T07:31:07+0200,fe4314c0-08bc-43c1-bc96-38bb7e2cf46d,2026-07-08T00:45:00Z,2026-07-08T02:45:00+0200,9.56306,MW,DK1,DK_1,actual_solar_generation,Solar,2026-08-04T05:33:58Z
2026-08-04T05:31:07Z,2026-08-04T07:31:07+0200,fe4314c0-08bc-43c1-bc96-38bb7e2cf46d,2026-07-08T01:00:00Z,2026-07-08T03:00:00+0200,9.48155,MW,DK1,DK_1,actual_solar_generation,Solar,2026-08-04T05:33:58Z
2026-08-04T05:31:07Z,2026-08-04T07:31:07+0200,fe4314c0-08bc-43c1-bc96-38bb7e2cf46d,2026-07-08T01:15:00Z,2026-07-08T03:15:00+0200,6.94525,MW,DK1,DK_1,actual_solar_generation,Solar,2026-08-04T05:33:58Z
2026-08-04T05:31:07Z,2026-08-04T07:31:07+0200,fe4314c0-08bc-43c1-bc96-38bb7e2cf46d,2026-07-08T01:30:00Z,2026-07-08T03:30:00+0200,6.71285,MW,DK1,DK_1,actual_solar_generation,Solar,2026-08-04T05:33:58Z
2026-08-04T05:31:07Z,2026-08-04T07:31:07+0200,fe4314c0-08bc-43c1-bc96-38bb7e2cf46d,2026-07-08T01:45:00Z,2026-07-08T03:45:00+0200,7.91921,MW,DK1,DK_1,actual_solar_generation,Solar,2026-08-04T05:33:58Z
2026-08-04T05:31:07Z,2026-08-04T07:31:07+0200,fe4314c0-08bc-43c1-bc96-38bb7e2cf46d,2026-07-08T02:00:00Z,2026-07-08T04:00:00+0200,9.94343,MW,DK1,DK_1,actual_solar_generation,Solar,2026-08-04T05:33:58Z
2026-08-04T05:31:07Z,2026-08-04T07:31:07+0200,fe4314c0-08bc-43c1-bc96-38bb7e2cf46d,2026-07-08T02:15:00Z,2026-07-08T04:15:00+0200,8.02714,MW,DK1,DK_1,actual_solar_generation,Solar,2026-08-04T05:33:58Z
2026-08-04T05:31:07Z,2026-08-04T07:31:07+0200,fe4314c0-08bc-43c1-bc96-38bb7e2cf46d,2026-07-08T02:30:00Z,2026-07-08T04:30:00+0200,8.617,MW,DK1,DK_1,actual_solar_generation,Solar,2026-08-04T05:33:58Z
2026-08-04T05:31:07Z,2026-08-04T07:31:07+0200,fe4314c0-08bc-43c1-bc96-38bb7e2cf46d,2026-07-08T02:45:00Z,2026-07-08T04:45:00+0200,14.1968,MW,DK1,DK_1,actual_solar_generation,Solar,2026-08-04T05:33:58Z
2026-08-04T05:31:07Z,2026-08-04T07:31:07+0200,fe4314c0-08bc-43c1-bc96-38bb7e2cf46d,2026-07-08T03:00:00Z,2026-07-08T05:00:00+0200,25.8735,MW,DK1,DK_1,actual_solar_generation,Solar,2026-08-04T05:33:58Z
2026-08-04T05:31:07Z,2026-08-04T07:31:07+0200,fe4314c0-08bc-43c1-bc96-38bb7e2cf46d,2026-07-08T03:15:00Z,2026-07-08T05:15:00+0200,47.1894,MW,DK1,DK_1,actual_solar_generation,Solar,2026-08-04T05:33:58Z
2026-08-04T05:31:07Z,2026-08-04T07:31:07+0200,fe4314c0-08bc-43c1-bc96-38bb7e2cf46d,2026-07-08T03:30:00Z,2026-07-08T05:30:00+0200,76.8885,MW,DK1,DK_1,actual_solar_generation,Solar,2026-08-04T05:33:58Z
2026-08-04T05:31:07Z,2026-08-04T07:31:07+0200,fe4314c0-08bc-43c1-bc96-38bb7e2cf46d,2026-07-08T03:45:00Z,2026-07-08T05:45:00+0200,117.55,MW,DK1,DK_1,actual_solar_generation,Solar,2026-08-04T05:33:58Z
2026-08-04T05:31:07Z,2026-08-04T07:31:07+0200,fe4314c0-08bc-43c1-bc96-38bb7e2cf46d,2026-07-08T04:00:00Z,2026-07-08T06:00:00+0200,162.968,MW,DK1,DK_1,actual_solar_generation,Solar,2026-08-04T05:33:58Z
2026-08-04T05:31:07Z,2026-08-04T07:31:07+0200,fe4314c0-08bc-43c1-bc96-38bb7e2cf46d,2026-07-08T04:15:00Z,2026-07-08T06:15:00+0200,223.067,MW,DK1,DK_1,actual_solar_generation,Solar,2026-08-04T05:33:58Z
2026-08-04T05:31:07Z,2026-08-04T07:31:07+0200,fe4314c0-08bc-43c1-bc96-38bb7e2cf46d,2026-07-08T04:30:00Z,2026-07-08T06:30:00+0200,289.751,MW,DK1,DK_1,actual_solar_generation,Solar,2026-08-04T05:33:58Z
2026-08-04T05:31:07Z,2026-08-04T07:31:07+0200,fe4314c0-08bc-43c1-bc96-38bb7e2cf46d,2026-07-08T04:45:00Z,2026-07-08T06:45:00+0200,374.041,MW,DK1,DK_1,actual_solar_generation,Solar,2026-08-04T05:33:58Z
2026-08-04T05:31:07Z,2026-08-04T07:31:07+0200,fe4314c0-08bc-43c1-bc96-38bb7e2cf46d,2026-07-08T05:00:00Z,2026-07-08T07:00:00+0200,466.108,MW,DK1,DK_1,actual_solar_generation,Solar,2026-08-04T05:33:58Z
2026-08-04T05:31:07Z,2026-08-04T07:31:07+0200,fe4314c0-08bc-43c1-bc96-38bb7e2cf46d,2026-07-08T05:15:00Z,2026-07-08T07:15:00+0200,608.756,MW,DK1,DK_1,actual_solar_generation,Solar,2026-08-04T05:33:58Z
2026-08-04T05:31:07Z,2026-08-04T07:31:07+0200,fe4314c0-08bc-43c1-bc96-38bb7e2cf46d,2026-07-08T05:30:00Z,2026-07-08T07:30:00+0200,724.121,MW,DK1,DK_1,actual_solar_generation,Solar,2026-08-04T05:33:58Z
2026-08-04T05:31:07Z,2026-08-04T07:31:07+0200,fe4314c0-08bc-43c1-bc96-38bb7e2cf46d,2026-07-08T05:45:00Z,2026-07-08T07:45:00+0200,839.435,MW,DK1,DK_1,actual_solar_generation,Solar,2026-08-04T05:33:58Z
2026-08-04T05:31:07Z,2026-08-04T07:31:07+0200,fe4314c0-08bc-43c1-bc96-38bb7e2cf46d,2026-07-08T06:00:00Z,2026-07-08T08:00:00+0200,890.854,MW,DK1,DK_1,actual_solar_generation,Solar,2026-08-04T05:33:58Z
2026-08-04T05:31:07Z,2026-08-04T07:31:07+0200,fe4314c0-08bc-43c1-bc96-38bb7e2cf46d,2026-07-08T06:15:00Z,2026-07-08T08:15:00+0200,967.272,MW,DK1,DK_1,actual_solar_generation,Solar,2026-08-04T05:33:58Z
2026-08-04T05:31:07Z,2026-08-04T07:31:07+0200,fe4314c0-08bc-43c1-bc96-38bb7e2cf46d,2026-07-08T06:30:00Z,2026-07-08T08:30:00+0200,1111.91,MW,DK1,DK_1,actual_solar_generation,Solar,2026-08-04T05:33:58Z
2026-08-04T05:31:07Z,2026-08-04T07:31:07+0200,fe4314c0-08bc-43c1-bc96-38bb7e2cf46d,2026-07-08T06:45:00Z,2026-07-08T08:45:00+0200,1246.8,MW,DK1,DK_1,actual_solar_generation,Solar,2026-08-04T05:33:58Z
2026-08-04T05:31:07Z,2026-08-04T07:31:07+0200,fe4314c0-08bc-43c1-bc96-38bb7e2cf46d,2026-07-08T07:00:00Z,2026-07-08T09:00:00+0200,1456.37,MW,DK1,DK_1,actual_solar_generation,Solar,2026-08-04T05:33:58Z
2026-08-04T05:31:07Z,2026-08-04T07:31:07+0200,fe4314c0-08bc-43c1-bc96-38bb7e2cf46d,2026-07-08T07:15:00Z,2026-07-08T09:15:00+0200,1682.51,MW,DK1,DK_1,actual_solar_generation,Solar,2026-08-04T05:33:58Z
2026-08-04T05:31:07Z,2026-08-04T07:31:07+0200,fe4314c0-08bc-43c1-bc96-38bb7e2cf46d,2026-07-08T07:30:00Z,2026-07-08T09:30:00+0200,1787.74,MW,DK1,DK_1,actual_solar_generation,Solar,2026-08-04T05:33:58Z
2026-08-04T05:31:07Z,2026-08-04T07:31:07+0200,fe4314c0-08bc-43c1-bc96-38bb7e2cf46d,2026-07-08T07:45:00Z,2026-07-08T09:45:00+0200,1954.41,MW,DK1,DK_1,actual_solar_generation,Solar,2026-08-04T05:33:58Z
2026-08-04T05:31:07Z,2026-08-04T07:31:07+0200,fe4314c0-08bc-43c1-bc96-38bb7e2cf46d,2026-07-08T08:00:00Z,2026-07-08T10:00:00+0200,2132.92,MW,DK1,DK_1,actual_solar_generation,Solar,2026-08-04T05:33:58Z
2026-08-04T05:31:07Z,2026-08-04T07:31:07+0200,fe4314c0-08bc-43c1-bc96-38bb7e2cf46d,2026-07-08T08:15:00Z,2026-07-08T10:15:00+0200,2208.63,MW,DK1,DK_1,actual_solar_generation,Solar,2026-08-04T05:33:58Z
2026-08-04T05:31:07Z,2026-08-04T07:31:07+0200,fe4314c0-08bc-43c1-bc96-38bb7e2cf46d,2026-07-08T08:30:00Z,2026-07-08T10:30:00+0200,2297.98,MW,DK1,DK_1,actual_solar_generation,Solar,2026-08-04T05:33:58Z
2026-08-04T05:31:07Z,2026-08-04T07:31:07+0200,fe4314c0-08bc-43c1-bc96-38bb7e2cf46d,2026-07-08T08:45:00Z,2026-07-08T10:45:00+0200,2360.83,MW,DK1,DK_1,actual_solar_generation,Solar,2026-08-04T05:33:58Z
2026-08-04T05:31:07Z,2026-08-04T07:31:07+0200,fe4314c0-08bc-43c1-bc96-38bb7e2cf46d,2026-07-08T09:00:00Z,2026-07-08T11:00:00+0200,2366.56,MW,DK1,DK_1,actual_solar_generation,Solar,2026-08-04T05:33:58Z
2026-08-04T05:31:07Z,2026-08-04T07:31:07+0200,fe4314c0-08bc-43c1-bc96-38bb7e2cf46d,2026-07-08T09:15:00Z,2026-07-08T11:15:00+0200,2405.5,MW,DK1,DK_1,actual_solar_generation,Solar,2026-08-04T05:33:58Z
2026-08-04T05:31:07Z,2026-08-04T07:31:07+0200,fe4314c0-08bc-43c1-bc96-38bb7e2cf46d,2026-07-08T09:30:00Z,2026-07-08T11:30:00+0200,2347.48,MW,DK1,DK_1,actual_solar_generation,Solar,2026-08-04T05:33:58Z
2026-08-04T05:31:07Z,2026-08-04T07:31:07+0200,fe4314c0-08bc-43c1-bc96-38bb7e2cf46d,2026-07-08T09:45:00Z,2026-07-08T11:45:00+0200,2364.52,MW,DK1,DK_1,actual_solar_generation,Solar,2026-08-04T05:33:58Z
2026-08-04T05:31:07Z,2026-08-04T07:31:07+0200,fe4314c0-08bc-43c1-bc96-38bb7e2cf46d,2026-07-08T10:00:00Z,2026-07-08T12:00:00+0200,2543.34,MW,DK1,DK_1,actual_solar_generation,Solar,2026-08-04T05:33:58Z
2026-08-04T05:31:07Z,2026-08-04T07:31:07+0200,fe4314c0-08bc-43c1-bc96-38bb7e2cf46d,2026-07-08T10:15:00Z,2026-07-08T12:15:00+0200,2567.08,MW,DK1,DK_1,actual_solar_generation,Solar,2026-08-04T05:33:58Z
2026-08-04T05:31:07Z,2026-08-04T07:31:07+0200,fe4314c0-08bc-43c1-bc96-38bb7e2cf46d,2026-07-08T10:30:00Z,2026-07-08T12:30:00+0200,2589.73,MW,DK1,DK_1,actual_solar_generation,Solar,2026-08-04T05:33:58Z
2026-08-04T05:31:07Z,2026-08-04T07:31:07+0200,fe4314c0-08bc-43c1-bc96-38bb7e2cf46d,2026-07-08T10:45:00Z,2026-07-08T12:45:00+0200,2564.33,MW,DK1,DK_1,actual_solar_generation,Solar,2026-08-04T05:33:58Z
2026-08-04T05:31:07Z,2026-08-04T07:31:07+0200,fe4314c0-08bc-43c1-bc96-38bb7e2cf46d,2026-07-08T11:00:00Z,2026-07-08T13:00:00+0200,2605.08,MW,DK1,DK_1,actual_solar_generation,Solar,2026-08-04T05:33:58Z
2026-08-04T05:31:07Z,2026-08-04T07:31:07+0200,fe4314c0-08bc-43c1-bc96-38bb7e2cf46d,2026-07-08T11:15:00Z,2026-07-08T13:15:00+0200,2573.12,MW,DK1,DK_1,actual_solar_generation,Solar,2026-08-04T05:33:58Z
2026-08-04T05:31:07Z,2026-08-04T07:31:07+0200,fe4314c0-08bc-43c1-bc96-38bb7e2cf46d,2026-07-08T11:30:00Z,2026-07-08T13:30:00+0200,2603.35,MW,DK1,DK_1,actual_solar_generation,Solar,2026-08-04T05:33:58Z
2026-08-04T05:31:07Z,2026-08-04T07:31:07+0200,fe4314c0-08bc-43c1-bc96-38bb7e2cf46d,2026-07-08T11:45:00Z,2026-07-08T13:45:00+0200,2500.1,MW,DK1,DK_1,actual_solar_generation,Solar,2026-08-04T05:33:58Z
2026-08-04T05:31:07Z,2026-08-04T07:31:07+0200,fe4314c0-08bc-43c1-bc96-38bb7e2cf46d,2026-07-08T12:00:00Z,2026-07-08T14:00:00+0200,2621.7,MW,DK1,DK_1,actual_solar_generation,Solar,2026-08-04T05:33:58Z
2026-08-04T05:31:07Z,2026-08-04T07:31:07+0200,fe4314c0-08bc-43c1-bc96-38bb7e2cf46d,2026-07-08T12:15:00Z,2026-07-08T14:15:00+0200,2682.8,MW,DK1,DK_1,actual_solar_generation,Solar,2026-08-04T05:33:58Z
2026-08-04T05:31:07Z,2026-08-04T07:31:07+0200,fe4314c0-08bc-43c1-bc96-38bb7e2cf46d,2026-07-08T12:30:00Z,2026-07-08T14:30:00+0200,2661.61,MW,DK1,DK_1,actual_solar_generation,Solar,2026-08-04T05:33:58Z
2026-08-04T05:31:07Z,2026-08-04T07:31:07+0200,fe4314c0-08bc-43c1-bc96-38bb7e2cf46d,2026-07-08T12:45:00Z,2026-07-08T14:45:00+0200,2531.36,MW,DK1,DK_1,actual_solar_generation,Solar,2026-08-04T05:33:58Z
2026-08-04T05:31:07Z,2026-08-04T07:31:07+0200,fe4314c0-08bc-43c1-bc96-38bb7e2cf46d,2026-07-08T13:00:00Z,2026-07-08T15:00:00+0200,2350.38,MW,DK1,DK_1,actual_solar_generation,Solar,2026-08-04T05:33:58Z
2026-08-04T05:31:07Z,2026-08-04T07:31:07+0200,fe4314c0-08bc-43c1-bc96-38bb7e2cf46d,2026-07-08T13:15:00Z,2026-07-08T15:15:00+0200,2453.16,MW,DK1,DK_1,actual_solar_generation,Solar,2026-08-04T05:33:58Z
2026-08-04T05:31:07Z,2026-08-04T07:31:07+0200,fe4314c0-08bc-43c1-bc96-38bb7e2cf46d,2026-07-08T13:30:00Z,2026-07-08T15:30:00+0200,2528.78,MW,DK1,DK_1,actual_solar_generation,Solar,2026-08-04T05:33:58Z
2026-08-04T05:31:07Z,2026-08-04T07:31:07+0200,fe4314c0-08bc-43c1-bc96-38bb7e2cf46d,2026-07-08T13:45:00Z,2026-07-08T15:45:00+0200,2441.18,MW,DK1,DK_1,actual_solar_generation,Solar,2026-08-04T05:33:58Z
2026-08-04T05:31:07Z,2026-08-04T07:31:07+0200,fe4314c0-08bc-43c1-bc96-38bb7e2cf46d,2026-07-08T14:00:00Z,2026-07-08T16:00:00+0200,2301.58,MW,DK1,DK_1,actual_solar_generation,Solar,2026-08-04T05:33:58Z
2026-08-04T05:31:07Z,2026-08-04T07:31:07+0200,fe4314c0-08bc-43c1-bc96-38bb7e2cf46d,2026-07-08T14:15:00Z,2026-07-08T16:15:00+0200,2194.89,MW,DK1,DK_1,actual_solar_generation,Solar,2026-08-04T05:33:58Z
2026-08-04T05:31:07Z,2026-08-04T07:31:07+0200,fe4314c0-08bc-43c1-bc96-38bb7e2cf46d,2026-07-08T14:30:00Z,2026-07-08T16:30:00+0200,2286.69,MW,DK1,DK_1,actual_solar_generation,Solar,2026-08-04T05:33:58Z
2026-08-04T05:31:07Z,2026-08-04T07:31:07+0200,fe4314c0-08bc-43c1-bc96-38bb7e2cf46d,2026-07-08T14:45:00Z,2026-07-08T16:45:00+0200,2022.59,MW,DK1,DK_1,actual_solar_generation,Solar,2026-08-04T05:33:58Z
2026-08-04T05:31:07Z,2026-08-04T07:31:07+0200,fe4314c0-08bc-43c1-bc96-38bb7e2cf46d,2026-07-08T15:00:00Z,2026-07-08T17:00:00+0200,2101.31,MW,DK1,DK_1,actual_solar_generation,Solar,2026-08-04T05:33:58Z
2026-08-04T05:31:07Z,2026-08-04T07:31:07+0200,fe4314c0-08bc-43c1-bc96-38bb7e2cf46d,2026-07-08T15:15:00Z,2026-07-08T17:15:00+0200,2095.69,MW,DK1,DK_1,actual_solar_generation,Solar,2026-08-04T05:33:58Z
2026-08-04T05:31:07Z,2026-08-04T07:31:07+0200,fe4314c0-08bc-43c1-bc96-38bb7e2cf46d,2026-07-08T15:30:00Z,2026-07-08T17:30:00+0200,1898.96,MW,DK1,DK_1,actual_solar_generation,Solar,2026-08-04T05:33:58Z
2026-08-04T05:31:07Z,2026-08-04T07:31:07+0200,fe4314c0-08bc-43c1-bc96-38bb7e2cf46d,2026-07-08T15:45:00Z,2026-07-08T17:45:00+0200,1628.01,MW,DK1,DK_1,actual_solar_generation,Solar,2026-08-04T05:33:58Z
2026-08-04T05:31:07Z,2026-08-04T07:31:07+0200,fe4314c0-08bc-43c1-bc96-38bb7e2cf46d,2026-07-08T16:00:00Z,2026-07-08T18:00:00+0200,1345.42,MW,DK1,DK_1,actual_solar_generation,Solar,2026-08-04T05:33:58Z
2026-08-04T05:31:07Z,2026-08-04T07:31:07+0200,fe4314c0-08bc-43c1-bc96-38bb7e2cf46d,2026-07-08T16:15:00Z,2026-07-08T18:15:00+0200,1286.59,MW,DK1,DK_1,actual_solar_generation,Solar,2026-08-04T05:33:58Z
2026-08-04T05:31:07Z,2026-08-04T07:31:07+0200,fe4314c0-08bc-43c1-bc96-38bb7e2cf46d,2026-07-08T16:30:00Z,2026-07-08T18:30:00+0200,1137.87,MW,DK1,DK_1,actual_solar_generation,Solar,2026-08-04T05:33:58Z
2026-08-04T05:31:07Z,2026-08-04T07:31:07+0200,fe4314c0-08bc-43c1-bc96-38bb7e2cf46d,2026-07-08T16:45:00Z,2026-07-08T18:45:00+0200,888.228,MW,DK1,DK_1,actual_solar_generation,Solar,2026-08-04T05:33:58Z
2026-08-04T05:31:07Z,2026-08-04T07:31:07+0200,fe4314c0-08bc-43c1-bc96-38bb7e2cf46d,2026-07-08T17:00:00Z,2026-07-08T19:00:00+0200,909.436,MW,DK1,DK_1,actual_solar_generation,Solar,2026-08-04T05:33:58Z
2026-08-04T05:31:07Z,2026-08-04T07:31:07+0200,fe4314c0-08bc-43c1-bc96-38bb7e2cf46d,2026-07-08T17:15:00Z,2026-07-08T19:15:00+0200,751.248,MW,DK1,DK_1,actual_solar_generation,Solar,2026-08-04T05:33:58Z
2026-08-04T05:31:07Z,2026-08-04T07:31:07+0200,fe4314c0-08bc-43c1-bc96-38bb7e2cf46d,2026-07-08T17:30:00Z,2026-07-08T19:30:00+0200,637.5,MW,DK1,DK_1,actual_solar_generation,Solar,2026-08-04T05:33:58Z
2026-08-04T05:31:07Z,2026-08-04T07:31:07+0200,fe4314c0-08bc-43c1-bc96-38bb7e2cf46d,2026-07-08T17:45:00Z,2026-07-08T19:45:00+0200,502.905,MW,DK1,DK_1,actual_solar_generation,Solar,2026-08-04T05:33:58Z
2026-08-04T05:31:07Z,2026-08-04T07:31:07+0200,fe4314c0-08bc-43c1-bc96-38bb7e2cf46d,2026-07-08T18:00:00Z,2026-07-08T20:00:00+0200,404.87,MW,DK1,DK_1,actual_solar_generation,Solar,2026-08-04T05:33:58Z
2026-08-04T05:31:07Z,2026-08-04T07:31:07+0200,fe4314c0-08bc-43c1-bc96-38bb7e2cf46d,2026-07-08T18:15:00Z,2026-07-08T20:15:00+0200,303.707,MW,DK1,DK_1,actual_solar_generation,Solar,2026-08-04T05:33:58Z
2026-08-04T05:31:07Z,2026-08-04T07:31:07+0200,fe4314c0-08bc-43c1-bc96-38bb7e2cf46d,2026-07-08T18:30:00Z,2026-07-08T20:30:00+0200,220.487,MW,DK1,DK_1,actual_solar_generation,Solar,2026-08-04T05:33:58Z
2026-08-04T05:31:07Z,2026-08-04T07:31:07+0200,fe4314c0-08bc-43c1-bc96-38bb7e2cf46d,2026-07-08T18:45:00Z,2026-07-08T20:45:00+0200,158.589,MW,DK1,DK_1,actual_solar_generation,Solar,2026-08-04T05:33:58Z
2026-08-04T05:31:07Z,2026-08-04T07:31:07+0200,fe4314c0-08bc-43c1-bc96-38bb7e2cf46d,2026-07-08T19:00:00Z,2026-07-08T21:00:00+0200,110.289,MW,DK1,DK_1,actual_solar_generation,Solar,2026-08-04T05:33:58Z
2026-08-04T05:31:07Z,2026-08-04T07:31:07+0200,fe4314c0-08bc-43c1-bc96-38bb7e2cf46d,2026-07-08T19:15:00Z,2026-07-08T21:15:00+0200,70.6171,MW,DK1,DK_1,actual_solar_generation,Solar,2026-08-04T05:33:58Z
2026-08-04T05:31:07Z,2026-08-04T07:31:07+0200,fe4314c0-08bc-43c1-bc96-38bb7e2cf46d,2026-07-08T19:30:00Z,2026-07-08T21:30:00+0200,43.0459,MW,DK1,DK_1,actual_solar_generation,Solar,2026-08-04T05:33:58Z
2026-08-04T05:31:07Z,2026-08-04T07:31:07+0200,fe4314c0-08bc-43c1-bc96-38bb7e2cf46d,2026-07-08T19:45:00Z,2026-07-08T21:45:00+0200,24.2152,MW,DK1,DK_1,actual_solar_generation,Solar,2026-08-04T05:33:58Z
2026-08-04T05:31:07Z,2026-08-04T07:31:07+0200,fe4314c0-08bc-43c1-bc96-38bb7e2cf46d,2026-07-08T20:00:00Z,2026-07-08T22:00:00+0200,15.3074,MW,DK1,DK_1,actual_solar_generation,Solar,2026-08-04T05:33:58Z
2026-08-04T05:31:07Z,2026-08-04T07:31:07+0200,fe4314c0-08bc-43c1-bc96-38bb7e2cf46d,2026-07-08T20:15:00Z,2026-07-08T22:15:00+0200,10.635,MW,DK1,DK_1,actual_solar_generation,Solar,2026-08-04T05:33:58Z
2026-08-04T05:31:07Z,2026-08-04T07:31:07+0200,fe4314c0-08bc-43c1-bc96-38bb7e2cf46d,2026-07-08T20:30:00Z,2026-07-08T22:30:00+0200,11.8827,MW,DK1,DK_1,actual_solar_generation,Solar,2026-08-04T05:33:58Z
2026-08-04T05:31:07Z,2026-08-04T07:31:07+0200,fe4314c0-08bc-43c1-bc96-38bb7e2cf46d,2026-07-08T20:45:00Z,2026-07-08T22:45:00+0200,6.15256,MW,DK1,DK_1,actual_solar_generation,Solar,2026-08-04T05:33:58Z
2026-08-04T05:31:07Z,2026-08-04T07:31:07+0200,fe4314c0-08bc-43c1-bc96-38bb7e2cf46d,2026-07-08T21:00:00Z,2026-07-08T23:00:00+0200,6.92463,MW,DK1,DK_1,actual_solar_generation,Solar,2026-08-04T05:33:58Z
2026-08-04T05:31:07Z,2026-08-04T07:31:07+0200,fe4314c0-08bc-43c1-bc96-38bb7e2cf46d,2026-07-08T21:15:00Z,2026-07-08T23:15:00+0200,5.46536,MW,DK1,DK_1,actual_solar_generation,Solar,2026-08-04T05:33:58Z
2026-08-04T05:31:07Z,2026-08-04T07:31:07+0200,fe4314c0-08bc-43c1-bc96-38bb7e2cf46d,2026-07-08T21:30:00Z,2026-07-08T23:30:00+0200,5.77159,MW,DK1,DK_1,actual_solar_generation,Solar,2026-08-04T05:33:58Z
2026-08-04T05:31:07Z,2026-08-04T07:31:07+0200,fe4314c0-08bc-43c1-bc96-38bb7e2cf46d,2026-07-08T21:45:00Z,2026-07-08T23:45:00+0200,6.89767,MW,DK1,DK_1,actual_solar_generation,Solar,2026-08-04T05:33:58Z
2026-08-04T05:31:07Z,2026-08-04T07:31:07+0200,fe4314c0-08bc-43c1-bc96-38bb7e2cf46d,2026-07-08T22:00:00Z,2026-07-09T00:00:00+0200,7.06744,MW,DK1,DK_1,actual_solar_generation,Solar,2026-08-04T05:33:58Z
2026-08-04T05:31:07Z,2026-08-04T07:31:07+0200,fe4314c0-08bc-43c1-bc96-38bb7e2cf46d,2026-07-08T22:15:00Z,2026-07-09T00:15:00+0200,7.00176,MW,DK1,DK_1,actual_solar_generation,Solar,2026-08-04T05:33:58Z
2026-08-04T05:31:07Z,2026-08-04T07:31:07+0200,fe4314c0-08bc-43c1-bc96-38bb7e2cf46d,2026-07-08T22:30:00Z,2026-07-09T00:30:00+0200,8.56921,MW,DK1,DK_1,actual_solar_generation,Solar,2026-08-04T05:33:58Z
2026-08-04T05:31:07Z,2026-08-04T07:31:07+0200,fe4314c0-08bc-43c1-bc96-38bb7e2cf46d,2026-07-08T22:45:00Z,2026-07-09T00:45:00+0200,7.86981,MW,DK1,DK_1,actual_solar_generation,Solar,2026-08-04T05:33:58Z
2026-08-04T05:31:07Z,2026-08-04T07:31:07+0200,fe4314c0-08bc-43c1-bc96-38bb7e2cf46d,2026-07-08T23:00:00Z,2026-07-09T01:00:00+0200,6.90155,MW,DK1,DK_1,actual_solar_generation,Solar,2026-08-04T05:33:58Z
2026-08-04T05:31:07Z,2026-08-04T07:31:07+0200,fe4314c0-08bc-43c1-bc96-38bb7e2cf46d,2026-07-08T23:15:00Z,2026-07-09T01:15:00+0200,7.02707,MW,DK1,DK_1,actual_solar_generation,Solar,2026-08-04T05:33:58Z
2026-08-04T05:31:07Z,2026-08-04T07:31:07+0200,fe4314c0-08bc-43c1-bc96-38bb7e2cf46d,2026-07-08T23:30:00Z,2026-07-09T01:30:00+0200,7.39829,MW,DK1,DK_1,actual_solar_generation,Solar,2026-08-04T05:33:58Z
2026-08-04T05:31:07Z,2026-08-04T07:31:07+0200,fe4314c0-08bc-43c1-bc96-38bb7e2cf46d,2026-07-08T23:45:00Z,2026-07-09T01:45:00+0200,7.35954,MW,DK1,DK_1,actual_solar_generation,Solar,2026-08-04T05:33:58Z
2026-08-04T05:31:07Z,2026-08-04T07:31:07+0200,fe4314c0-08bc-43c1-bc96-38bb7e2cf46d,2026-07-09T00:00:00Z,2026-07-09T02:00:00+0200,7.3087,MW,DK1,DK_1,actual_solar_generation,Solar,2026-08-04T05:33:58Z
2026-08-04T05:31:07Z,2026-08-04T07:31:07+0200,fe4314c0-08bc-43c1-bc96-38bb7e2cf46d,2026-07-09T00:15:00Z,2026-07-09T02:15:00+0200,4.98797,MW,DK1,DK_1,actual_solar_generation,Solar,2026-08-04T05:33:58Z
2026-08-04T05:31:07Z,2026-08-04T07:31:07+0200,fe4314c0-08bc-43c1-bc96-38bb7e2cf46d,2026-07-09T00:30:00Z,2026-07-09T02:30:00+0200,5.70805,MW,DK1,DK_1,actual_solar_generation,Solar,2026-08-04T05:33:58Z
2026-08-04T05:31:07Z,2026-08-04T07:31:07+0200,fe4314c0-08bc-43c1-bc96-38bb7e2cf46d,2026-07-09T00:45:00Z,2026-07-09T02:45:00+0200,5.06608,MW,DK1,DK_1,actual_solar_generation,Solar,2026-08-04T05:33:58Z
2026-08-04T05:31:07Z,2026-08-04T07:31:07+0200,fe4314c0-08bc-43c1-bc96-38bb7e2cf46d,2026-07-09T01:00:00Z,2026-07-09T03:00:00+0200,4.55966,MW,DK1,DK_1,actual_solar_generation,Solar,2026-08-04T05:33:58Z
2026-08-04T05:31:07Z,2026-08-04T07:31:07+0200,fe4314c0-08bc-43c1-bc96-38bb7e2cf46d,2026-07-09T01:15:00Z,2026-07-09T03:15:00+0200,4.81954,MW,DK1,DK_1,actual_solar_generation,Solar,2026-08-04T05:33:58Z
2026-08-04T05:31:07Z,2026-08-04T07:31:07+0200,fe4314c0-08bc-43c1-bc96-38bb7e2cf46d,2026-07-09T01:30:00Z,2026-07-09T03:30:00+0200,3.24186,MW,DK1,DK_1,actual_solar_generation,Solar,2026-08-04T05:33:58Z
2026-08-04T05:31:07Z,2026-08-04T07:31:07+0200,fe4314c0-08bc-43c1-bc96-38bb7e2cf46d,2026-07-09T01:45:00Z,2026-07-09T03:45:00+0200,4.49301,MW,DK1,DK_1,actual_solar_generation,Solar,2026-08-04T05:33:58Z
2026-08-04T05:31:07Z,2026-08-04T07:31:07+0200,fe4314c0-08bc-43c1-bc96-38bb7e2cf46d,2026-07-09T02:00:00Z,2026-07-09T04:00:00+0200,4.64254,MW,DK1,DK_1,actual_solar_generation,Solar,2026-08-04T05:33:58Z
2026-08-04T05:31:07Z,2026-08-04T07:31:07+0200,fe4314c0-08bc-43c1-bc96-38bb7e2cf46d,2026-07-09T02:15:00Z,2026-07-09T04:15:00+0200,4.4832,MW,DK1,DK_1,actual_solar_generation,Solar,2026-08-04T05:33:58Z
2026-08-04T05:31:07Z,2026-08-04T07:31:07+0200,fe4314c0-08bc-43c1-bc96-38bb7e2cf46d,2026-07-09T02:30:00Z,2026-07-09T04:30:00+0200,4.54126,MW,DK1,DK_1,actual_solar_generation,Solar,2026-08-04T05:33:58Z
2026-08-04T05:31:07Z,2026-08-04T07:31:07+0200,fe4314c0-08bc-43c1-bc96-38bb7e2cf46d,2026-07-09T02:45:00Z,2026-07-09T04:45:00+0200,8.28733,MW,DK1,DK_1,actual_solar_generation,Solar,2026-08-04T05:33:58Z
2026-08-04T05:31:07Z,2026-08-04T07:31:07+0200,fe4314c0-08bc-43c1-bc96-38bb7e2cf46d,2026-07-09T03:00:00Z,2026-07-09T05:00:00+0200,20.946,MW,DK1,DK_1,actual_solar_generation,Solar,2026-08-04T05:33:58Z
2026-08-04T05:31:07Z,2026-08-04T07:31:07+0200,fe4314c0-08bc-43c1-bc96-38bb7e2cf46d,2026-07-09T03:15:00Z,2026-07-09T05:15:00+0200,38.4487,MW,DK1,DK_1,actual_solar_generation,Solar,2026-08-04T05:33:58Z
2026-08-04T05:31:07Z,2026-08-04T07:31:07+0200,fe4314c0-08bc-43c1-bc96-38bb7e2cf46d,2026-07-09T03:30:00Z,2026-07-09T05:30:00+0200,66.9179,MW,DK1,DK_1,actual_solar_generation,Solar,2026-08-04T05:33:58Z
2026-08-04T05:31:07Z,2026-08-04T07:31:07+0200,fe4314c0-08bc-43c1-bc96-38bb7e2cf46d,2026-07-09T03:45:00Z,2026-07-09T05:45:00+0200,101.99,MW,DK1,DK_1,actual_solar_generation,Solar,2026-08-04T05:33:58Z
2026-08-04T05:31:07Z,2026-08-04T07:31:07+0200,fe4314c0-08bc-43c1-bc96-38bb7e2cf46d,2026-07-09T04:00:00Z,2026-07-09T06:00:00+0200,150.367,MW,DK1,DK_1,actual_solar_generation,Solar,2026-08-04T05:33:58Z
2026-08-04T05:31:07Z,2026-08-04T07:31:07+0200,fe4314c0-08bc-43c1-bc96-38bb7e2cf46d,2026-07-09T04:15:00Z,2026-07-09T06:15:00+0200,198.245,MW,DK1,DK_1,actual_solar_generation,Solar,2026-08-04T05:33:58Z
2026-08-04T05:31:07Z,2026-08-04T07:31:07+0200,fe4314c0-08bc-43c1-bc96-38bb7e2cf46d,2026-07-09T04:30:00Z,2026-07-09T06:30:00+0200,246.756,MW,DK1,DK_1,actual_solar_generation,Solar,2026-08-04T05:33:58Z
2026-08-04T05:31:07Z,2026-08-04T07:31:07+0200,fe4314c0-08bc-43c1-bc96-38bb7e2cf46d,2026-07-09T04:45:00Z,2026-07-09T06:45:00+0200,308.486,MW,DK1,DK_1,actual_solar_generation,Solar,2026-08-04T05:33:58Z
2026-08-04T05:31:07Z,2026-08-04T07:31:07+0200,fe4314c0-08bc-43c1-bc96-38bb7e2cf46d,2026-07-09T05:00:00Z,2026-07-09T07:00:00+0200,392.985,MW,DK1,DK_1,actual_solar_generation,Solar,2026-08-04T05:33:58Z
2026-08-04T05:31:07Z,2026-08-04T07:31:07+0200,fe4314c0-08bc-43c1-bc96-38bb7e2cf46d,2026-07-09T05:15:00Z,2026-07-09T07:15:00+0200,494.776,MW,DK1,DK_1,actual_solar_generation,Solar,2026-08-04T05:33:58Z
2026-08-04T05:31:07Z,2026-08-04T07:31:07+0200,fe4314c0-08bc-43c1-bc96-38bb7e2cf46d,2026-07-09T05:30:00Z,2026-07-09T07:30:00+0200,628.963,MW,DK1,DK_1,actual_solar_generation,Solar,2026-08-04T05:33:58Z
2026-08-04T05:31:07Z,2026-08-04T07:31:07+0200,fe4314c0-08bc-43c1-bc96-38bb7e2cf46d,2026-07-09T05:45:00Z,2026-07-09T07:45:00+0200,740.898,MW,DK1,DK_1,actual_solar_generation,Solar,2026-08-04T05:33:58Z
2026-08-04T05:31:07Z,2026-08-04T07:31:07+0200,fe4314c0-08bc-43c1-bc96-38bb7e2cf46d,2026-07-09T06:00:00Z,2026-07-09T08:00:00+0200,847.97,MW,DK1,DK_1,actual_solar_generation,Solar,2026-08-04T05:33:58Z
2026-08-04T05:31:07Z,2026-08-04T07:31:07+0200,fe4314c0-08bc-43c1-bc96-38bb7e2cf46d,2026-07-09T06:15:00Z,2026-07-09T08:15:00+0200,978.864,MW,DK1,DK_1,actual_solar_generation,Solar,2026-08-04T05:33:58Z
2026-08-04T05:31:07Z,2026-08-04T07:31:07+0200,fe4314c0-08bc-43c1-bc96-38bb7e2cf46d,2026-07-09T06:30:00Z,2026-07-09T08:30:00+0200,1111.69,MW,DK1,DK_1,actual_solar_generation,Solar,2026-08-04T05:33:58Z
2026-08-04T05:31:07Z,2026-08-04T07:31:07+0200,fe4314c0-08bc-43c1-bc96-38bb7e2cf46d,2026-07-09T06:45:00Z,2026-07-09T08:45:00+0200,1273.16,MW,DK1,DK_1,actual_solar_generation,Solar,2026-08-04T05:33:58Z
2026-08-04T05:31:07Z,2026-08-04T07:31:07+0200,fe4314c0-08bc-43c1-bc96-38bb7e2cf46d,2026-07-09T07:00:00Z,2026-07-09T09:00:00+0200,1459.19,MW,DK1,DK_1,actual_solar_generation,Solar,2026-08-04T05:33:58Z
2026-08-04T05:31:07Z,2026-08-04T07:31:07+0200,fe4314c0-08bc-43c1-bc96-38bb7e2cf46d,2026-07-09T07:15:00Z,2026-07-09T09:15:00+0200,1570.83,MW,DK1,DK_1,actual_solar_generation,Solar,2026-08-04T05:33:58Z
2026-08-04T05:31:07Z,2026-08-04T07:31:07+0200,fe4314c0-08bc-43c1-bc96-38bb7e2cf46d,2026-07-09T07:30:00Z,2026-07-09T09:30:00+0200,1700.34,MW,DK1,DK_1,actual_solar_generation,Solar,2026-08-04T05:33:58Z
2026-08-04T05:31:07Z,2026-08-04T07:31:07+0200,fe4314c0-08bc-43c1-bc96-38bb7e2cf46d,2026-07-09T07:45:00Z,2026-07-09T09:45:00+0200,1871.9,MW,DK1,DK_1,actual_solar_generation,Solar,2026-08-04T05:33:58Z
2026-08-04T05:31:07Z,2026-08-04T07:31:07+0200,fe4314c0-08bc-43c1-bc96-38bb7e2cf46d,2026-07-09T08:00:00Z,2026-07-09T10:00:00+0200,1983.39,MW,DK1,DK_1,actual_solar_generation,Solar,2026-08-04T05:33:58Z
2026-08-04T05:31:07Z,2026-08-04T07:31:07+0200,fe4314c0-08bc-43c1-bc96-38bb7e2cf46d,2026-07-09T08:15:00Z,2026-07-09T10:15:00+0200,2089.47,MW,DK1,DK_1,actual_solar_generation,Solar,2026-08-04T05:33:58Z
2026-08-04T05:31:07Z,2026-08-04T07:31:07+0200,fe4314c0-08bc-43c1-bc96-38bb7e2cf46d,2026-07-09T08:30:00Z,2026-07-09T10:30:00+0200,2227.67,MW,DK1,DK_1,actual_solar_generation,Solar,2026-08-04T05:33:58Z
2026-08-04T05:31:07Z,2026-08-04T07:31:07+0200,fe4314c0-08bc-43c1-bc96-38bb7e2cf46d,2026-07-09T08:45:00Z,2026-07-09T10:45:00+0200,2356.96,MW,DK1,DK_1,actual_solar_generation,Solar,2026-08-04T05:33:58Z
2026-08-04T05:31:07Z,2026-08-04T07:31:07+0200,fe4314c0-08bc-43c1-bc96-38bb7e2cf46d,2026-07-09T09:00:00Z,2026-07-09T11:00:00+0200,2461.11,MW,DK1,DK_1,actual_solar_generation,Solar,2026-08-04T05:33:58Z
2026-08-04T05:31:07Z,2026-08-04T07:31:07+0200,fe4314c0-08bc-43c1-bc96-38bb7e2cf46d,2026-07-09T09:15:00Z,2026-07-09T11:15:00+0200,2538.76,MW,DK1,DK_1,actual_solar_generation,Solar,2026-08-04T05:33:58Z
2026-08-04T05:31:07Z,2026-08-04T07:31:07+0200,fe4314c0-08bc-43c1-bc96-38bb7e2cf46d,2026-07-09T09:30:00Z,2026-07-09T11:30:00+0200,2611.9,MW,DK1,DK_1,actual_solar_generation,Solar,2026-08-04T05:33:58Z
2026-08-04T05:31:07Z,2026-08-04T07:31:07+0200,fe4314c0-08bc-43c1-bc96-38bb7e2cf46d,2026-07-09T09:45:00Z,2026-07-09T11:45:00+0200,2695.37,MW,DK1,DK_1,actual_solar_generation,Solar,2026-08-04T05:33:58Z
2026-08-04T05:31:07Z,2026-08-04T07:31:07+0200,fe4314c0-08bc-43c1-bc96-38bb7e2cf46d,2026-07-09T10:00:00Z,2026-07-09T12:00:00+0200,2742.81,MW,DK1,DK_1,actual_solar_generation,Solar,2026-08-04T05:33:58Z
2026-08-04T05:31:07Z,2026-08-04T07:31:07+0200,fe4314c0-08bc-43c1-bc96-38bb7e2cf46d,2026-07-09T10:15:00Z,2026-07-09T12:15:00+0200,2772.87,MW,DK1,DK_1,actual_solar_generation,Solar,2026-08-04T05:33:58Z
2026-08-04T05:31:07Z,2026-08-04T07:31:07+0200,fe4314c0-08bc-43c1-bc96-38bb7e2cf46d,2026-07-09T10:30:00Z,2026-07-09T12:30:00+0200,2796.79,MW,DK1,DK_1,actual_solar_generation,Solar,2026-08-04T05:33:58Z
2026-08-04T05:31:07Z,2026-08-04T07:31:07+0200,fe4314c0-08bc-43c1-bc96-38bb7e2cf46d,2026-07-09T10:45:00Z,2026-07-09T12:45:00+0200,2837.32,MW,DK1,DK_1,actual_solar_generation,Solar,2026-08-04T05:33:58Z
2026-08-04T05:31:07Z,2026-08-04T07:31:07+0200,fe4314c0-08bc-43c1-bc96-38bb7e2cf46d,2026-07-09T11:00:00Z,2026-07-09T13:00:00+0200,2853.84,MW,DK1,DK_1,actual_solar_generation,Solar,2026-08-04T05:33:58Z
2026-08-04T05:31:07Z,2026-08-04T07:31:07+0200,fe4314c0-08bc-43c1-bc96-38bb7e2cf46d,2026-07-09T11:15:00Z,2026-07-09T13:15:00+0200,2841.43,MW,DK1,DK_1,actual_solar_generation,Solar,2026-08-04T05:33:58Z
2026-08-04T05:31:07Z,2026-08-04T07:31:07+0200,fe4314c0-08bc-43c1-bc96-38bb7e2cf46d,2026-07-09T11:30:00Z,2026-07-09T13:30:00+0200,2829.63,MW,DK1,DK_1,actual_solar_generation,Solar,2026-08-04T05:33:58Z
2026-08-04T05:31:07Z,2026-08-04T07:31:07+0200,fe4314c0-08bc-43c1-bc96-38bb7e2cf46d,2026-07-09T11:45:00Z,2026-07-09T13:45:00+0200,2783.82,MW,DK1,DK_1,actual_solar_generation,Solar,2026-08-04T05:33:58Z
2026-08-04T05:31:07Z,2026-08-04T07:31:07+0200,fe4314c0-08bc-43c1-bc96-38bb7e2cf46d,2026-07-09T12:00:00Z,2026-07-09T14:00:00+0200,2803.38,MW,DK1,DK_1,actual_solar_generation,Solar,2026-08-04T05:33:58Z
2026-08-04T05:31:07Z,2026-08-04T07:31:07+0200,fe4314c0-08bc-43c1-bc96-38bb7e2cf46d,2026-07-09T12:15:00Z,2026-07-09T14:15:00+0200,2761.64,MW,DK1,DK_1,actual_solar_generation,Solar,2026-08-04T05:33:58Z
2026-08-04T05:31:07Z,2026-08-04T07:31:07+0200,fe4314c0-08bc-43c1-bc96-38bb7e2cf46d,2026-07-09T12:30:00Z,2026-07-09T14:30:00+0200,2748.85,MW,DK1,DK_1,actual_solar_generation,Solar,2026-08-04T05:33:58Z
2026-08-04T05:31:07Z,2026-08-04T07:31:07+0200,fe4314c0-08bc-43c1-bc96-38bb7e2cf46d,2026-07-09T12:45:00Z,2026-07-09T14:45:00+0200,2725.95,MW,DK1,DK_1,actual_solar_generation,Solar,2026-08-04T05:33:58Z
2026-08-04T05:31:07Z,2026-08-04T07:31:07+0200,fe4314c0-08bc-43c1-bc96-38bb7e2cf46d,2026-07-09T13:00:00Z,2026-07-09T15:00:00+0200,2601.22,MW,DK1,DK_1,actual_solar_generation,Solar,2026-08-04T05:33:58Z
2026-08-04T05:31:07Z,2026-08-04T07:31:07+0200,fe4314c0-08bc-43c1-bc96-38bb7e2cf46d,2026-07-09T13:15:00Z,2026-07-09T15:15:00+0200,2572.59,MW,DK1,DK_1,actual_solar_generation,Solar,2026-08-04T05:33:58Z
2026-08-04T05:31:07Z,2026-08-04T07:31:07+0200,fe4314c0-08bc-43c1-bc96-38bb7e2cf46d,2026-07-09T13:30:00Z,2026-07-09T15:30:00+0200,2567.15,MW,DK1,DK_1,actual_solar_generation,Solar,2026-08-04T05:33:58Z
2026-08-04T05:31:07Z,2026-08-04T07:31:07+0200,fe4314c0-08bc-43c1-bc96-38bb7e2cf46d,2026-07-09T13:45:00Z,2026-07-09T15:45:00+0200,2535.23,MW,DK1,DK_1,actual_solar_generation,Solar,2026-08-04T05:33:58Z
2026-08-04T05:31:07Z,2026-08-04T07:31:07+0200,fe4314c0-08bc-43c1-bc96-38bb7e2cf46d,2026-07-09T14:00:00Z,2026-07-09T16:00:00+0200,2435.91,MW,DK1,DK_1,actual_solar_generation,Solar,2026-08-04T05:33:58Z
2026-08-04T05:31:07Z,2026-08-04T07:31:07+0200,fe4314c0-08bc-43c1-bc96-38bb7e2cf46d,2026-07-09T14:15:00Z,2026-07-09T16:15:00+0200,2344.06,MW,DK1,DK_1,actual_solar_generation,Solar,2026-08-04T05:33:58Z
2026-08-04T05:31:07Z,2026-08-04T07:31:07+0200,fe4314c0-08bc-43c1-bc96-38bb7e2cf46d,2026-07-09T14:30:00Z,2026-07-09T16:30:00+0200,2197.04,MW,DK1,DK_1,actual_solar_generation,Solar,2026-08-04T05:33:58Z
2026-08-04T05:31:07Z,2026-08-04T07:31:07+0200,fe4314c0-08bc-43c1-bc96-38bb7e2cf46d,2026-07-09T14:45:00Z,2026-07-09T16:45:00+0200,2058.62,MW,DK1,DK_1,actual_solar_generation,Solar,2026-08-04T05:33:58Z
2026-08-04T05:31:07Z,2026-08-04T07:31:07+0200,fe4314c0-08bc-43c1-bc96-38bb7e2cf46d,2026-07-09T15:00:00Z,2026-07-09T17:00:00+0200,1958.08,MW,DK1,DK_1,actual_solar_generation,Solar,2026-08-04T05:33:58Z
2026-08-04T05:31:07Z,2026-08-04T07:31:07+0200,fe4314c0-08bc-43c1-bc96-38bb7e2cf46d,2026-07-09T15:15:00Z,2026-07-09T17:15:00+0200,1831.59,MW,DK1,DK_1,actual_solar_generation,Solar,2026-08-04T05:33:58Z
2026-08-04T05:31:07Z,2026-08-04T07:31:07+0200,fe4314c0-08bc-43c1-bc96-38bb7e2cf46d,2026-07-09T15:30:00Z,2026-07-09T17:30:00+0200,1692.04,MW,DK1,DK_1,actual_solar_generation,Solar,2026-08-04T05:33:58Z
2026-08-04T05:31:07Z,2026-08-04T07:31:07+0200,fe4314c0-08bc-43c1-bc96-38bb7e2cf46d,2026-07-09T15:45:00Z,2026-07-09T17:45:00+0200,1554.51,MW,DK1,DK_1,actual_solar_generation,Solar,2026-08-04T05:33:58Z
2026-08-04T05:31:07Z,2026-08-04T07:31:07+0200,fe4314c0-08bc-43c1-bc96-38bb7e2cf46d,2026-07-09T16:00:00Z,2026-07-09T18:00:00+0200,1404.2,MW,DK1,DK_1,actual_solar_generation,Solar,2026-08-04T05:33:58Z
2026-08-04T05:31:07Z,2026-08-04T07:31:07+0200,fe4314c0-08bc-43c1-bc96-38bb7e2cf46d,2026-07-09T16:15:00Z,2026-07-09T18:15:00+0200,1252.14,MW,DK1,DK_1,actual_solar_generation,Solar,2026-08-04T05:33:58Z
2026-08-04T05:31:07Z,2026-08-04T07:31:07+0200,fe4314c0-08bc-43c1-bc96-38bb7e2cf46d,2026-07-09T16:30:00Z,2026-07-09T18:30:00+0200,1101.86,MW,DK1,DK_1,actual_solar_generation,Solar,2026-08-04T05:33:58Z
2026-08-04T05:31:07Z,2026-08-04T07:31:07+0200,fe4314c0-08bc-43c1-bc96-38bb7e2cf46d,2026-07-09T16:45:00Z,2026-07-09T18:45:00+0200,963.499,MW,DK1,DK_1,actual_solar_generation,Solar,2026-08-04T05:33:58Z
2026-08-04T05:31:07Z,2026-08-04T07:31:07+0200,fe4314c0-08bc-43c1-bc96-38bb7e2cf46d,2026-07-09T17:00:00Z,2026-07-09T19:00:00+0200,807.493,MW,DK1,DK_1,actual_solar_generation,Solar,2026-08-04T05:33:58Z
2026-08-04T05:31:07Z,2026-08-04T07:31:07+0200,fe4314c0-08bc-43c1-bc96-38bb7e2cf46d,2026-07-09T17:15:00Z,2026-07-09T19:15:00+0200,685.975,MW,DK1,DK_1,actual_solar_generation,Solar,2026-08-04T05:33:58Z
2026-08-04T05:31:07Z,2026-08-04T07:31:07+0200,fe4314c0-08bc-43c1-bc96-38bb7e2cf46d,2026-07-09T17:30:00Z,2026-07-09T19:30:00+0200,542.775,MW,DK1,DK_1,actual_solar_generation,Solar,2026-08-04T05:33:58Z
2026-08-04T05:31:07Z,2026-08-04T07:31:07+0200,fe4314c0-08bc-43c1-bc96-38bb7e2cf46d,2026-07-09T17:45:00Z,2026-07-09T19:45:00+0200,418.797,MW,DK1,DK_1,actual_solar_generation,Solar,2026-08-04T05:33:58Z
2026-08-04T05:31:07Z,2026-08-04T07:31:07+0200,fe4314c0-08bc-43c1-bc96-38bb7e2cf46d,2026-07-09T18:00:00Z,2026-07-09T20:00:00+0200,324.351,MW,DK1,DK_1,actual_solar_generation,Solar,2026-08-04T05:33:58Z
2026-08-04T05:31:07Z,2026-08-04T07:31:07+0200,fe4314c0-08bc-43c1-bc96-38bb7e2cf46d,2026-07-09T18:15:00Z,2026-07-09T20:15:00+0200,251.104,MW,DK1,DK_1,actual_solar_generation,Solar,2026-08-04T05:33:58Z
2026-08-04T05:31:07Z,2026-08-04T07:31:07+0200,fe4314c0-08bc-43c1-bc96-38bb7e2cf46d,2026-07-09T18:30:00Z,2026-07-09T20:30:00+0200,193.059,MW,DK1,DK_1,actual_solar_generation,Solar,2026-08-04T05:33:58Z
2026-08-04T05:31:07Z,2026-08-04T07:31:07+0200,fe4314c0-08bc-43c1-bc96-38bb7e2cf46d,2026-07-09T18:45:00Z,2026-07-09T20:45:00+0200,142.24,MW,DK1,DK_1,actual_solar_generation,Solar,2026-08-04T05:33:58Z
2026-08-04T05:31:07Z,2026-08-04T07:31:07+0200,fe4314c0-08bc-43c1-bc96-38bb7e2cf46d,2026-07-09T19:00:00Z,2026-07-09T21:00:00+0200,98.8792,MW,DK1,DK_1,actual_solar_generation,Solar,2026-08-04T05:33:58Z
2026-08-04T05:31:07Z,2026-08-04T07:31:07+0200,fe4314c0-08bc-43c1-bc96-38bb7e2cf46d,2026-07-09T19:15:00Z,2026-07-09T21:15:00+0200,64.7411,MW,DK1,DK_1,actual_solar_generation,Solar,2026-08-04T05:33:58Z
2026-08-04T05:31:07Z,2026-08-04T07:31:07+0200,fe4314c0-08bc-43c1-bc96-38bb7e2cf46d,2026-07-09T19:30:00Z,2026-07-09T21:30:00+0200,38.3338,MW,DK1,DK_1,actual_solar_generation,Solar,2026-08-04T05:33:58Z
2026-08-04T05:31:07Z,2026-08-04T07:31:07+0200,fe4314c0-08bc-43c1-bc96-38bb7e2cf46d,2026-07-09T19:45:00Z,2026-07-09T21:45:00+0200,19.1573,MW,DK1,DK_1,actual_solar_generation,Solar,2026-08-04T05:33:58Z
2026-08-04T05:31:07Z,2026-08-04T07:31:07+0200,fe4314c0-08bc-43c1-bc96-38bb7e2cf46d,2026-07-09T20:00:00Z,2026-07-09T22:00:00+0200,7.71773,MW,DK1,DK_1,actual_solar_generation,Solar,2026-08-04T05:33:58Z
2026-08-04T05:31:07Z,2026-08-04T07:31:07+0200,fe4314c0-08bc-43c1-bc96-38bb7e2cf46d,2026-07-09T20:15:00Z,2026-07-09T22:15:00+0200,1.70596,MW,DK1,DK_1,actual_solar_generation,Solar,2026-08-04T05:33:58Z
2026-08-04T05:31:07Z,2026-08-04T07:31:07+0200,fe4314c0-08bc-43c1-bc96-38bb7e2cf46d,2026-07-09T20:30:00Z,2026-07-09T22:30:00+0200,1.35764,MW,DK1,DK_1,actual_solar_generation,Solar,2026-08-04T05:33:58Z
2026-08-04T05:31:07Z,2026-08-04T07:31:07+0200,fe4314c0-08bc-43c1-bc96-38bb7e2cf46d,2026-07-09T20:45:00Z,2026-07-09T22:45:00+0200,2.18858,MW,DK1,DK_1,actual_solar_generation,Solar,2026-08-04T05:33:58Z
2026-08-04T05:31:07Z,2026-08-04T07:31:07+0200,fe4314c0-08bc-43c1-bc96-38bb7e2cf46d,2026-07-09T21:00:00Z,2026-07-09T23:00:00+0200,1.5214,MW,DK1,DK_1,actual_solar_generation,Solar,2026-08-04T05:33:58Z
2026-08-04T05:31:07Z,2026-08-04T07:31:07+0200,fe4314c0-08bc-43c1-bc96-38bb7e2cf46d,2026-07-09T21:15:00Z,2026-07-09T23:15:00+0200,1.55334,MW,DK1,DK_1,actual_solar_generation,Solar,2026-08-04T05:33:58Z
2026-08-04T05:31:07Z,2026-08-04T07:31:07+0200,fe4314c0-08bc-43c1-bc96-38bb7e2cf46d,2026-07-09T21:30:00Z,2026-07-09T23:30:00+0200,2.81636,MW,DK1,DK_1,actual_solar_generation,Solar,2026-08-04T05:33:58Z
2026-08-04T05:31:07Z,2026-08-04T07:31:07+0200,fe4314c0-08bc-43c1-bc96-38bb7e2cf46d,2026-07-09T21:45:00Z,2026-07-09T23:45:00+0200,2.54539,MW,DK1,DK_1,actual_solar_generation,Solar,2026-08-04T05:33:58Z
2026-08-04T05:31:07Z,2026-08-04T07:31:07+0200,fe4314c0-08bc-43c1-bc96-38bb7e2cf46d,2026-07-09T22:00:00Z,2026-07-10T00:00:00+0200,2.71597,MW,DK1,DK_1,actual_solar_generation,Solar,2026-08-04T05:33:58Z
2026-08-04T05:31:07Z,2026-08-04T07:31:07+0200,fe4314c0-08bc-43c1-bc96-38bb7e2cf46d,2026-07-09T22:15:00Z,2026-07-10T00:15:00+0200,1.96102,MW,DK1,DK_1,actual_solar_generation,Solar,2026-08-04T05:33:58Z
2026-08-04T05:31:07Z,2026-08-04T07:31:07+0200,fe4314c0-08bc-43c1-bc96-38bb7e2cf46d,2026-07-09T22:30:00Z,2026-07-10T00:30:00+0200,2.56512,MW,DK1,DK_1,actual_solar_generation,Solar,2026-08-04T05:33:58Z
2026-08-04T05:31:07Z,2026-08-04T07:31:07+0200,fe4314c0-08bc-43c1-bc96-38bb7e2cf46d,2026-07-09T22:45:00Z,2026-07-10T00:45:00+0200,2.42897,MW,DK1,DK_1,actual_solar_generation,Solar,2026-08-04T05:33:58Z
2026-08-04T05:31:07Z,2026-08-04T07:31:07+0200,fe4314c0-08bc-43c1-bc96-38bb7e2cf46d,2026-07-09T23:00:00Z,2026-07-10T01:00:00+0200,2.66941,MW,DK1,DK_1,actual_solar_generation,Solar,2026-08-04T05:33:58Z
2026-08-04T05:31:07Z,2026-08-04T07:31:07+0200,fe4314c0-08bc-43c1-bc96-38bb7e2cf46d,2026-07-09T23:15:00Z,2026-07-10T01:15:00+0200,2.93141,MW,DK1,DK_1,actual_solar_generation,Solar,2026-08-04T05:33:58Z
2026-08-04T05:31:07Z,2026-08-04T07:31:07+0200,fe4314c0-08bc-43c1-bc96-38bb7e2cf46d,2026-07-09T23:30:00Z,2026-07-10T01:30:00+0200,2.94142,MW,DK1,DK_1,actual_solar_generation,Solar,2026-08-04T05:33:58Z
2026-08-04T05:31:07Z,2026-08-04T07:31:07+0200,fe4314c0-08bc-43c1-bc96-38bb7e2cf46d,2026-07-09T23:45:00Z,2026-07-10T01:45:00+0200,3.23664,MW,DK1,DK_1,actual_solar_generation,Solar,2026-08-04T05:33:58Z
2026-08-04T05:31:07Z,2026-08-04T07:31:07+0200,fe4314c0-08bc-43c1-bc96-38bb7e2cf46d,2026-07-10T00:00:00Z,2026-07-10T02:00:00+0200,2.96828,MW,DK1,DK_1,actual_solar_generation,Solar,2026-08-04T05:33:58Z
2026-08-04T05:31:07Z,2026-08-04T07:31:07+0200,fe4314c0-08bc-43c1-bc96-38bb7e2cf46d,2026-07-10T00:15:00Z,2026-07-10T02:15:00+0200,2.90907,MW,DK1,DK_1,actual_solar_generation,Solar,2026-08-04T05:33:58Z
2026-08-04T05:31:07Z,2026-08-04T07:31:07+0200,fe4314c0-08bc-43c1-bc96-38bb7e2cf46d,2026-07-10T00:30:00Z,2026-07-10T02:30:00+0200,2.50109,MW,DK1,DK_1,actual_solar_generation,Solar,2026-08-04T05:33:58Z
2026-08-04T05:31:07Z,2026-08-04T07:31:07+0200,fe4314c0-08bc-43c1-bc96-38bb7e2cf46d,2026-07-10T00:45:00Z,2026-07-10T02:45:00+0200,1.54808,MW,DK1,DK_1,actual_solar_generation,Solar,2026-08-04T05:33:58Z
2026-08-04T05:31:07Z,2026-08-04T07:31:07+0200,fe4314c0-08bc-43c1-bc96-38bb7e2cf46d,2026-07-10T01:00:00Z,2026-07-10T03:00:00+0200,1.92424,MW,DK1,DK_1,actual_solar_generation,Solar,2026-08-04T05:33:58Z
2026-08-04T05:31:07Z,2026-08-04T07:31:07+0200,fe4314c0-08bc-43c1-bc96-38bb7e2cf46d,2026-07-10T01:15:00Z,2026-07-10T03:15:00+0200,2.043,MW,DK1,DK_1,actual_solar_generation,Solar,2026-08-04T05:33:58Z
2026-08-04T05:31:07Z,2026-08-04T07:31:07+0200,fe4314c0-08bc-43c1-bc96-38bb7e2cf46d,2026-07-10T01:30:00Z,2026-07-10T03:30:00+0200,2.42096,MW,DK1,DK_1,actual_solar_generation,Solar,2026-08-04T05:33:58Z
2026-08-04T05:31:07Z,2026-08-04T07:31:07+0200,fe4314c0-08bc-43c1-bc96-38bb7e2cf46d,2026-07-10T01:45:00Z,2026-07-10T03:45:00+0200,2.21492,MW,DK1,DK_1,actual_solar_generation,Solar,2026-08-04T05:33:58Z
2026-08-04T05:31:07Z,2026-08-04T07:31:07+0200,fe4314c0-08bc-43c1-bc96-38bb7e2cf46d,2026-07-10T02:00:00Z,2026-07-10T04:00:00+0200,1.61297,MW,DK1,DK_1,actual_solar_generation,Solar,2026-08-04T05:33:58Z
2026-08-04T05:31:07Z,2026-08-04T07:31:07+0200,fe4314c0-08bc-43c1-bc96-38bb7e2cf46d,2026-07-10T02:15:00Z,2026-07-10T04:15:00+0200,2.40286,MW,DK1,DK_1,actual_solar_generation,Solar,2026-08-04T05:33:58Z
2026-08-04T05:31:07Z,2026-08-04T07:31:07+0200,fe4314c0-08bc-43c1-bc96-38bb7e2cf46d,2026-07-10T02:30:00Z,2026-07-10T04:30:00+0200,2.17713,MW,DK1,DK_1,actual_solar_generation,Solar,2026-08-04T05:33:58Z
2026-08-04T05:31:07Z,2026-08-04T07:31:07+0200,fe4314c0-08bc-43c1-bc96-38bb7e2cf46d,2026-07-10T02:45:00Z,2026-07-10T04:45:00+0200,6.79291,MW,DK1,DK_1,actual_solar_generation,Solar,2026-08-04T05:33:58Z
2026-08-04T05:31:07Z,2026-08-04T07:31:07+0200,fe4314c0-08bc-43c1-bc96-38bb7e2cf46d,2026-07-10T03:00:00Z,2026-07-10T05:00:00+0200,16.277,MW,DK1,DK_1,actual_solar_generation,Solar,2026-08-04T05:33:58Z
2026-08-04T05:31:07Z,2026-08-04T07:31:07+0200,fe4314c0-08bc-43c1-bc96-38bb7e2cf46d,2026-07-10T03:15:00Z,2026-07-10T05:15:00+0200,31.3241,MW,DK1,DK_1,actual_solar_generation,Solar,2026-08-04T05:33:58Z
2026-08-04T05:31:07Z,2026-08-04T07:31:07+0200,fe4314c0-08bc-43c1-bc96-38bb7e2cf46d,2026-07-10T03:30:00Z,2026-07-10T05:30:00+0200,55.4418,MW,DK1,DK_1,actual_solar_generation,Solar,2026-08-04T05:33:58Z
2026-08-04T05:31:07Z,2026-08-04T07:31:07+0200,fe4314c0-08bc-43c1-bc96-38bb7e2cf46d,2026-07-10T03:45:00Z,2026-07-10T05:45:00+0200,88.0812,MW,DK1,DK_1,actual_solar_generation,Solar,2026-08-04T05:33:58Z
2026-08-04T05:31:07Z,2026-08-04T07:31:07+0200,fe4314c0-08bc-43c1-bc96-38bb7e2cf46d,2026-07-10T04:00:00Z,2026-07-10T06:00:00+0200,127.784,MW,DK1,DK_1,actual_solar_generation,Solar,2026-08-04T05:33:58Z
2026-08-04T05:31:07Z,2026-08-04T07:31:07+0200,fe4314c0-08bc-43c1-bc96-38bb7e2cf46d,2026-07-10T04:15:00Z,2026-07-10T06:15:00+0200,176.295,MW,DK1,DK_1,actual_solar_generation,Solar,2026-08-04T05:33:58Z
2026-08-04T05:31:07Z,2026-08-04T07:31:07+0200,fe4314c0-08bc-43c1-bc96-38bb7e2cf46d,2026-07-10T04:30:00Z,2026-07-10T06:30:00+0200,231.913,MW,DK1,DK_1,actual_solar_generation,Solar,2026-08-04T05:33:58Z
2026-08-04T05:31:07Z,2026-08-04T07:31:07+0200,fe4314c0-08bc-43c1-bc96-38bb7e2cf46d,2026-07-10T04:45:00Z,2026-07-10T06:45:00+0200,304.572,MW,DK1,DK_1,actual_solar_generation,Solar,2026-08-04T05:33:58Z
2026-08-04T05:31:07Z,2026-08-04T07:31:07+0200,fe4314c0-08bc-43c1-bc96-38bb7e2cf46d,2026-07-10T05:00:00Z,2026-07-10T07:00:00+0200,393.111,MW,DK1,DK_1,actual_solar_generation,Solar,2026-08-04T05:33:58Z
2026-08-04T05:31:07Z,2026-08-04T07:31:07+0200,fe4314c0-08bc-43c1-bc96-38bb7e2cf46d,2026-07-10T05:15:00Z,2026-07-10T07:15:00+0200,481.15,MW,DK1,DK_1,actual_solar_generation,Solar,2026-08-04T05:33:58Z
2026-08-04T05:31:07Z,2026-08-04T07:31:07+0200,fe4314c0-08bc-43c1-bc96-38bb7e2cf46d,2026-07-10T05:30:00Z,2026-07-10T07:30:00+0200,574.128,MW,DK1,DK_1,actual_solar_generation,Solar,2026-08-04T05:33:58Z
2026-08-04T05:31:07Z,2026-08-04T07:31:07+0200,fe4314c0-08bc-43c1-bc96-38bb7e2cf46d,2026-07-10T05:45:00Z,2026-07-10T07:45:00+0200,699.062,MW,DK1,DK_1,actual_solar_generation,Solar,2026-08-04T05:33:58Z
2026-08-04T05:31:07Z,2026-08-04T07:31:07+0200,fe4314c0-08bc-43c1-bc96-38bb7e2cf46d,2026-07-10T06:00:00Z,2026-07-10T08:00:00+0200,820.374,MW,DK1,DK_1,actual_solar_generation,Solar,2026-08-04T05:33:58Z
2026-08-04T05:31:07Z,2026-08-04T07:31:07+0200,fe4314c0-08bc-43c1-bc96-38bb7e2cf46d,2026-07-10T06:15:00Z,2026-07-10T08:15:00+0200,981.521,MW,DK1,DK_1,actual_solar_generation,Solar,2026-08-04T05:33:58Z
2026-08-04T05:31:07Z,2026-08-04T07:31:07+0200,fe4314c0-08bc-43c1-bc96-38bb7e2cf46d,2026-07-10T06:30:00Z,2026-07-10T08:30:00+0200,1133.22,MW,DK1,DK_1,actual_solar_generation,Solar,2026-08-04T05:33:58Z
2026-08-04T05:31:07Z,2026-08-04T07:31:07+0200,fe4314c0-08bc-43c1-bc96-38bb7e2cf46d,2026-07-10T06:45:00Z,2026-07-10T08:45:00+0200,1305.18,MW,DK1,DK_1,actual_solar_generation,Solar,2026-08-04T05:33:58Z
2026-08-04T05:31:07Z,2026-08-04T07:31:07+0200,fe4314c0-08bc-43c1-bc96-38bb7e2cf46d,2026-07-10T07:00:00Z,2026-07-10T09:00:00+0200,1482.13,MW,DK1,DK_1,actual_solar_generation,Solar,2026-08-04T05:33:58Z
2026-08-04T05:31:07Z,2026-08-04T07:31:07+0200,fe4314c0-08bc-43c1-bc96-38bb7e2cf46d,2026-07-10T07:15:00Z,2026-07-10T09:15:00+0200,1629.13,MW,DK1,DK_1,actual_solar_generation,Solar,2026-08-04T05:33:58Z
2026-08-04T05:31:07Z,2026-08-04T07:31:07+0200,fe4314c0-08bc-43c1-bc96-38bb7e2cf46d,2026-07-10T07:30:00Z,2026-07-10T09:30:00+0200,1753.1,MW,DK1,DK_1,actual_solar_generation,Solar,2026-08-04T05:33:58Z
2026-08-04T05:31:07Z,2026-08-04T07:31:07+0200,fe4314c0-08bc-43c1-bc96-38bb7e2cf46d,2026-07-10T07:45:00Z,2026-07-10T09:45:00+0200,1879.15,MW,DK1,DK_1,actual_solar_generation,Solar,2026-08-04T05:33:58Z
2026-08-04T05:31:07Z,2026-08-04T07:31:07+0200,fe4314c0-08bc-43c1-bc96-38bb7e2cf46d,2026-07-10T08:00:00Z,2026-07-10T10:00:00+0200,1975.88,MW,DK1,DK_1,actual_solar_generation,Solar,2026-08-04T05:33:58Z
2026-08-04T05:31:07Z,2026-08-04T07:31:07+0200,fe4314c0-08bc-43c1-bc96-38bb7e2cf46d,2026-07-10T08:15:00Z,2026-07-10T10:15:00+0200,2085.98,MW,DK1,DK_1,actual_solar_generation,Solar,2026-08-04T05:33:58Z
2026-08-04T05:31:07Z,2026-08-04T07:31:07+0200,fe4314c0-08bc-43c1-bc96-38bb7e2cf46d,2026-07-10T08:30:00Z,2026-07-10T10:30:00+0200,2168.03,MW,DK1,DK_1,actual_solar_generation,Solar,2026-08-04T05:33:58Z
2026-08-04T05:31:07Z,2026-08-04T07:31:07+0200,fe4314c0-08bc-43c1-bc96-38bb7e2cf46d,2026-07-10T08:45:00Z,2026-07-10T10:45:00+0200,2315.28,MW,DK1,DK_1,actual_solar_generation,Solar,2026-08-04T05:33:58Z
2026-08-04T05:31:07Z,2026-08-04T07:31:07+0200,fe4314c0-08bc-43c1-bc96-38bb7e2cf46d,2026-07-10T09:00:00Z,2026-07-10T11:00:00+0200,2382.84,MW,DK1,DK_1,actual_solar_generation,Solar,2026-08-04T05:33:58Z
2026-08-04T05:31:07Z,2026-08-04T07:31:07+0200,fe4314c0-08bc-43c1-bc96-38bb7e2cf46d,2026-07-10T09:15:00Z,2026-07-10T11:15:00+0200,2433.04,MW,DK1,DK_1,actual_solar_generation,Solar,2026-08-04T05:33:58Z
2026-08-04T05:31:07Z,2026-08-04T07:31:07+0200,fe4314c0-08bc-43c1-bc96-38bb7e2cf46d,2026-07-10T09:30:00Z,2026-07-10T11:30:00+0200,2519.92,MW,DK1,DK_1,actual_solar_generation,Solar,2026-08-04T05:33:58Z
2026-08-04T05:31:07Z,2026-08-04T07:31:07+0200,fe4314c0-08bc-43c1-bc96-38bb7e2cf46d,2026-07-10T09:45:00Z,2026-07-10T11:45:00+0200,2592.86,MW,DK1,DK_1,actual_solar_generation,Solar,2026-08-04T05:33:58Z
2026-08-04T05:31:07Z,2026-08-04T07:31:07+0200,fe4314c0-08bc-43c1-bc96-38bb7e2cf46d,2026-07-10T10:00:00Z,2026-07-10T12:00:00+0200,2613.16,MW,DK1,DK_1,actual_solar_generation,Solar,2026-08-04T05:33:58Z
2026-08-04T05:31:07Z,2026-08-04T07:31:07+0200,fe4314c0-08bc-43c1-bc96-38bb7e2cf46d,2026-07-10T10:15:00Z,2026-07-10T12:15:00+0200,2603.08,MW,DK1,DK_1,actual_solar_generation,Solar,2026-08-04T05:33:58Z
2026-08-04T05:31:07Z,2026-08-04T07:31:07+0200,fe4314c0-08bc-43c1-bc96-38bb7e2cf46d,2026-07-10T10:30:00Z,2026-07-10T12:30:00+0200,2539.2,MW,DK1,DK_1,actual_solar_generation,Solar,2026-08-04T05:33:58Z
2026-08-04T05:31:07Z,2026-08-04T07:31:07+0200,fe4314c0-08bc-43c1-bc96-38bb7e2cf46d,2026-07-10T10:45:00Z,2026-07-10T12:45:00+0200,2597.79,MW,DK1,DK_1,actual_solar_generation,Solar,2026-08-04T05:33:58Z
2026-08-04T05:31:07Z,2026-08-04T07:31:07+0200,fe4314c0-08bc-43c1-bc96-38bb7e2cf46d,2026-07-10T11:00:00Z,2026-07-10T13:00:00+0200,2606.85,MW,DK1,DK_1,actual_solar_generation,Solar,2026-08-04T05:33:58Z
2026-08-04T05:31:07Z,2026-08-04T07:31:07+0200,fe4314c0-08bc-43c1-bc96-38bb7e2cf46d,2026-07-10T11:15:00Z,2026-07-10T13:15:00+0200,2645.71,MW,DK1,DK_1,actual_solar_generation,Solar,2026-08-04T05:33:58Z
2026-08-04T05:31:07Z,2026-08-04T07:31:07+0200,fe4314c0-08bc-43c1-bc96-38bb7e2cf46d,2026-07-10T11:30:00Z,2026-07-10T13:30:00+0200,2531.04,MW,DK1,DK_1,actual_solar_generation,Solar,2026-08-04T05:33:58Z
2026-08-04T05:31:07Z,2026-08-04T07:31:07+0200,fe4314c0-08bc-43c1-bc96-38bb7e2cf46d,2026-07-10T11:45:00Z,2026-07-10T13:45:00+0200,2491.89,MW,DK1,DK_1,actual_solar_generation,Solar,2026-08-04T05:33:58Z
2026-08-04T05:31:07Z,2026-08-04T07:31:07+0200,fe4314c0-08bc-43c1-bc96-38bb7e2cf46d,2026-07-10T12:00:00Z,2026-07-10T14:00:00+0200,2634.3,MW,DK1,DK_1,actual_solar_generation,Solar,2026-08-04T05:33:58Z
2026-08-04T05:31:07Z,2026-08-04T07:31:07+0200,fe4314c0-08bc-43c1-bc96-38bb7e2cf46d,2026-07-10T12:15:00Z,2026-07-10T14:15:00+0200,2703.99,MW,DK1,DK_1,actual_solar_generation,Solar,2026-08-04T05:33:58Z
2026-08-04T05:31:07Z,2026-08-04T07:31:07+0200,fe4314c0-08bc-43c1-bc96-38bb7e2cf46d,2026-07-10T12:30:00Z,2026-07-10T14:30:00+0200,2615.28,MW,DK1,DK_1,actual_solar_generation,Solar,2026-08-04T05:33:58Z
2026-08-04T05:31:07Z,2026-08-04T07:31:07+0200,fe4314c0-08bc-43c1-bc96-38bb7e2cf46d,2026-07-10T12:45:00Z,2026-07-10T14:45:00+0200,2568.1,MW,DK1,DK_1,actual_solar_generation,Solar,2026-08-04T05:33:58Z
2026-08-04T05:31:07Z,2026-08-04T07:31:07+0200,fe4314c0-08bc-43c1-bc96-38bb7e2cf46d,2026-07-10T13:00:00Z,2026-07-10T15:00:00+0200,2625.35,MW,DK1,DK_1,actual_solar_generation,Solar,2026-08-04T05:33:58Z
2026-08-04T05:31:07Z,2026-08-04T07:31:07+0200,fe4314c0-08bc-43c1-bc96-38bb7e2cf46d,2026-07-10T13:15:00Z,2026-07-10T15:15:00+0200,2561.68,MW,DK1,DK_1,actual_solar_generation,Solar,2026-08-04T05:33:58Z
2026-08-04T05:31:07Z,2026-08-04T07:31:07+0200,fe4314c0-08bc-43c1-bc96-38bb7e2cf46d,2026-07-10T13:30:00Z,2026-07-10T15:30:00+0200,2512.02,MW,DK1,DK_1,actual_solar_generation,Solar,2026-08-04T05:33:58Z
2026-08-04T05:31:07Z,2026-08-04T07:31:07+0200,fe4314c0-08bc-43c1-bc96-38bb7e2cf46d,2026-07-10T13:45:00Z,2026-07-10T15:45:00+0200,2565.15,MW,DK1,DK_1,actual_solar_generation,Solar,2026-08-04T05:33:58Z
2026-08-04T05:31:07Z,2026-08-04T07:31:07+0200,fe4314c0-08bc-43c1-bc96-38bb7e2cf46d,2026-07-10T14:00:00Z,2026-07-10T16:00:00+0200,2386.46,MW,DK1,DK_1,actual_solar_generation,Solar,2026-08-04T05:33:58Z
2026-08-04T05:31:07Z,2026-08-04T07:31:07+0200,fe4314c0-08bc-43c1-bc96-38bb7e2cf46d,2026-07-10T14:15:00Z,2026-07-10T16:15:00+0200,2349.23,MW,DK1,DK_1,actual_solar_generation,Solar,2026-08-04T05:33:58Z
2026-08-04T05:31:07Z,2026-08-04T07:31:07+0200,fe4314c0-08bc-43c1-bc96-38bb7e2cf46d,2026-07-10T14:30:00Z,2026-07-10T16:30:00+0200,2341.93,MW,DK1,DK_1,actual_solar_generation,Solar,2026-08-04T05:33:58Z
2026-08-04T05:31:07Z,2026-08-04T07:31:07+0200,fe4314c0-08bc-43c1-bc96-38bb7e2cf46d,2026-07-10T14:45:00Z,2026-07-10T16:45:00+0200,2240.5,MW,DK1,DK_1,actual_solar_generation,Solar,2026-08-04T05:33:58Z
2026-08-04T05:31:07Z,2026-08-04T07:31:07+0200,fe4314c0-08bc-43c1-bc96-38bb7e2cf46d,2026-07-10T15:00:00Z,2026-07-10T17:00:00+0200,2113.7,MW,DK1,DK_1,actual_solar_generation,Solar,2026-08-04T05:33:58Z
2026-08-04T05:31:07Z,2026-08-04T07:31:07+0200,fe4314c0-08bc-43c1-bc96-38bb7e2cf46d,2026-07-10T15:15:00Z,2026-07-10T17:15:00+0200,1911.72,MW,DK1,DK_1,actual_solar_generation,Solar,2026-08-04T05:33:58Z
2026-08-04T05:31:07Z,2026-08-04T07:31:07+0200,fe4314c0-08bc-43c1-bc96-38bb7e2cf46d,2026-07-10T15:30:00Z,2026-07-10T17:30:00+0200,1807.28,MW,DK1,DK_1,actual_solar_generation,Solar,2026-08-04T05:33:58Z
2026-08-04T05:31:07Z,2026-08-04T07:31:07+0200,fe4314c0-08bc-43c1-bc96-38bb7e2cf46d,2026-07-10T15:45:00Z,2026-07-10T17:45:00+0200,1622.18,MW,DK1,DK_1,actual_solar_generation,Solar,2026-08-04T05:33:58Z
2026-08-04T05:31:07Z,2026-08-04T07:31:07+0200,fe4314c0-08bc-43c1-bc96-38bb7e2cf46d,2026-07-10T16:00:00Z,2026-07-10T18:00:00+0200,1500.52,MW,DK1,DK_1,actual_solar_generation,Solar,2026-08-04T05:33:58Z
2026-08-04T05:31:07Z,2026-08-04T07:31:07+0200,fe4314c0-08bc-43c1-bc96-38bb7e2cf46d,2026-07-10T16:15:00Z,2026-07-10T18:15:00+0200,1403.57,MW,DK1,DK_1,actual_solar_generation,Solar,2026-08-04T05:33:58Z
2026-08-04T05:31:07Z,2026-08-04T07:31:07+0200,fe4314c0-08bc-43c1-bc96-38bb7e2cf46d,2026-07-10T16:30:00Z,2026-07-10T18:30:00+0200,1251.34,MW,DK1,DK_1,actual_solar_generation,Solar,2026-08-04T05:33:58Z
2026-08-04T05:31:07Z,2026-08-04T07:31:07+0200,fe4314c0-08bc-43c1-bc96-38bb7e2cf46d,2026-07-10T16:45:00Z,2026-07-10T18:45:00+0200,1059.82,MW,DK1,DK_1,actual_solar_generation,Solar,2026-08-04T05:33:58Z
2026-08-04T05:31:07Z,2026-08-04T07:31:07+0200,fe4314c0-08bc-43c1-bc96-38bb7e2cf46d,2026-07-10T17:00:00Z,2026-07-10T19:00:00+0200,902.619,MW,DK1,DK_1,actual_solar_generation,Solar,2026-08-04T05:33:58Z
2026-08-04T05:31:07Z,2026-08-04T07:31:07+0200,fe4314c0-08bc-43c1-bc96-38bb7e2cf46d,2026-07-10T17:15:00Z,2026-07-10T19:15:00+0200,729.14,MW,DK1,DK_1,actual_solar_generation,Solar,2026-08-04T05:33:58Z
2026-08-04T05:31:07Z,2026-08-04T07:31:07+0200,fe4314c0-08bc-43c1-bc96-38bb7e2cf46d,2026-07-10T17:30:00Z,2026-07-10T19:30:00+0200,573.942,MW,DK1,DK_1,actual_solar_generation,Solar,2026-08-04T05:33:58Z
2026-08-04T05:31:07Z,2026-08-04T07:31:07+0200,fe4314c0-08bc-43c1-bc96-38bb7e2cf46d,2026-07-10T17:45:00Z,2026-07-10T19:45:00+0200,437.776,MW,DK1,DK_1,actual_solar_generation,Solar,2026-08-04T05:33:58Z
2026-08-04T05:31:07Z,2026-08-04T07:31:07+0200,fe4314c0-08bc-43c1-bc96-38bb7e2cf46d,2026-07-10T18:00:00Z,2026-07-10T20:00:00+0200,326.81,MW,DK1,DK_1,actual_solar_generation,Solar,2026-08-04T05:33:58Z
2026-08-04T05:31:07Z,2026-08-04T07:31:07+0200,fe4314c0-08bc-43c1-bc96-38bb7e2cf46d,2026-07-10T18:15:00Z,2026-07-10T20:15:00+0200,240.443,MW,DK1,DK_1,actual_solar_generation,Solar,2026-08-04T05:33:58Z
2026-08-04T05:31:07Z,2026-08-04T07:31:07+0200,fe4314c0-08bc-43c1-bc96-38bb7e2cf46d,2026-07-10T18:30:00Z,2026-07-10T20:30:00+0200,179.169,MW,DK1,DK_1,actual_solar_generation,Solar,2026-08-04T05:33:58Z
2026-08-04T05:31:07Z,2026-08-04T07:31:07+0200,fe4314c0-08bc-43c1-bc96-38bb7e2cf46d,2026-07-10T18:45:00Z,2026-07-10T20:45:00+0200,131.136,MW,DK1,DK_1,actual_solar_generation,Solar,2026-08-04T05:33:58Z
2026-08-04T05:31:07Z,2026-08-04T07:31:07+0200,fe4314c0-08bc-43c1-bc96-38bb7e2cf46d,2026-07-10T19:00:00Z,2026-07-10T21:00:00+0200,90.6507,MW,DK1,DK_1,actual_solar_generation,Solar,2026-08-04T05:33:58Z
2026-08-04T05:31:07Z,2026-08-04T07:31:07+0200,fe4314c0-08bc-43c1-bc96-38bb7e2cf46d,2026-07-10T19:15:00Z,2026-07-10T21:15:00+0200,58.4261,MW,DK1,DK_1,actual_solar_generation,Solar,2026-08-04T05:33:58Z
2026-08-04T05:31:07Z,2026-08-04T07:31:07+0200,fe4314c0-08bc-43c1-bc96-38bb7e2cf46d,2026-07-10T19:30:00Z,2026-07-10T21:30:00+0200,33.8402,MW,DK1,DK_1,actual_solar_generation,Solar,2026-08-04T05:33:58Z
2026-08-04T05:31:07Z,2026-08-04T07:31:07+0200,fe4314c0-08bc-43c1-bc96-38bb7e2cf46d,2026-07-10T19:45:00Z,2026-07-10T21:45:00+0200,16.689,MW,DK1,DK_1,actual_solar_generation,Solar,2026-08-04T05:33:58Z
2026-08-04T05:31:07Z,2026-08-04T07:31:07+0200,fe4314c0-08bc-43c1-bc96-38bb7e2cf46d,2026-07-10T20:00:00Z,2026-07-10T22:00:00+0200,6.20841,MW,DK1,DK_1,actual_solar_generation,Solar,2026-08-04T05:33:58Z
2026-08-04T05:31:07Z,2026-08-04T07:31:07+0200,fe4314c0-08bc-43c1-bc96-38bb7e2cf46d,2026-07-10T20:15:00Z,2026-07-10T22:15:00+0200,1.40651,MW,DK1,DK_1,actual_solar_generation,Solar,2026-08-04T05:33:58Z
2026-08-04T05:31:07Z,2026-08-04T07:31:07+0200,fe4314c0-08bc-43c1-bc96-38bb7e2cf46d,2026-07-10T20:30:00Z,2026-07-10T22:30:00+0200,1.21075,MW,DK1,DK_1,actual_solar_generation,Solar,2026-08-04T05:33:58Z
2026-08-04T05:31:07Z,2026-08-04T07:31:07+0200,fe4314c0-08bc-43c1-bc96-38bb7e2cf46d,2026-07-10T20:45:00Z,2026-07-10T22:45:00+0200,1.46959,MW,DK1,DK_1,actual_solar_generation,Solar,2026-08-04T05:33:58Z
2026-08-04T05:31:07Z,2026-08-04T07:31:07+0200,fe4314c0-08bc-43c1-bc96-38bb7e2cf46d,2026-07-10T21:00:00Z,2026-07-10T23:00:00+0200,1.5166,MW,DK1,DK_1,actual_solar_generation,Solar,2026-08-04T05:33:58Z
2026-08-04T05:31:07Z,2026-08-04T07:31:07+0200,fe4314c0-08bc-43c1-bc96-38bb7e2cf46d,2026-07-10T21:15:00Z,2026-07-10T23:15:00+0200,1.52774,MW,DK1,DK_1,actual_solar_generation,Solar,2026-08-04T05:33:58Z
2026-08-04T05:31:07Z,2026-08-04T07:31:07+0200,fe4314c0-08bc-43c1-bc96-38bb7e2cf46d,2026-07-10T21:30:00Z,2026-07-10T23:30:00+0200,1.48364,MW,DK1,DK_1,actual_solar_generation,Solar,2026-08-04T05:33:58Z
2026-08-04T05:31:07Z,2026-08-04T07:31:07+0200,fe4314c0-08bc-43c1-bc96-38bb7e2cf46d,2026-07-10T21:45:00Z,2026-07-10T23:45:00+0200,1.49399,MW,DK1,DK_1,actual_solar_generation,Solar,2026-08-04T05:33:58Z
2026-08-04T05:31:07Z,2026-08-04T07:31:07+0200,fe4314c0-08bc-43c1-bc96-38bb7e2cf46d,2026-07-10T22:00:00Z,2026-07-11T00:00:00+0200,1.49032,MW,DK1,DK_1,actual_solar_generation,Solar,2026-08-04T05:33:58Z
2026-08-04T05:31:07Z,2026-08-04T07:31:07+0200,fe4314c0-08bc-43c1-bc96-38bb7e2cf46d,2026-07-10T22:15:00Z,2026-07-11T00:15:00+0200,1.48619,MW,DK1,DK_1,actual_solar_generation,Solar,2026-08-04T05:33:58Z
2026-08-04T05:31:07Z,2026-08-04T07:31:07+0200,fe4314c0-08bc-43c1-bc96-38bb7e2cf46d,2026-07-10T22:30:00Z,2026-07-11T00:30:00+0200,1.49368,MW,DK1,DK_1,actual_solar_generation,Solar,2026-08-04T05:33:58Z
2026-08-04T05:31:07Z,2026-08-04T07:31:07+0200,fe4314c0-08bc-43c1-bc96-38bb7e2cf46d,2026-07-10T22:45:00Z,2026-07-11T00:45:00+0200,1.47616,MW,DK1,DK_1,actual_solar_generation,Solar,2026-08-04T05:33:58Z
2026-08-04T05:31:07Z,2026-08-04T07:31:07+0200,fe4314c0-08bc-43c1-bc96-38bb7e2cf46d,2026-07-10T23:00:00Z,2026-07-11T01:00:00+0200,1.5205,MW,DK1,DK_1,actual_solar_generation,Solar,2026-08-04T05:33:58Z
2026-08-04T05:31:07Z,2026-08-04T07:31:07+0200,fe4314c0-08bc-43c1-bc96-38bb7e2cf46d,2026-07-10T23:15:00Z,2026-07-11T01:15:00+0200,1.50354,MW,DK1,DK_1,actual_solar_generation,Solar,2026-08-04T05:33:58Z
2026-08-04T05:31:07Z,2026-08-04T07:31:07+0200,fe4314c0-08bc-43c1-bc96-38bb7e2cf46d,2026-07-10T23:30:00Z,2026-07-11T01:30:00+0200,1.49873,MW,DK1,DK_1,actual_solar_generation,Solar,2026-08-04T05:33:58Z
2026-08-04T05:31:07Z,2026-08-04T07:31:07+0200,fe4314c0-08bc-43c1-bc96-38bb7e2cf46d,2026-07-10T23:45:00Z,2026-07-11T01:45:00+0200,1.48953,MW,DK1,DK_1,actual_solar_generation,Solar,2026-08-04T05:33:58Z
2026-08-04T05:31:07Z,2026-08-04T07:31:07+0200,fe4314c0-08bc-43c1-bc96-38bb7e2cf46d,2026-07-11T00:00:00Z,2026-07-11T02:00:00+0200,1.51129,MW,DK1,DK_1,actual_solar_generation,Solar,2026-08-04T05:33:58Z
2026-08-04T05:31:07Z,2026-08-04T07:31:07+0200,fe4314c0-08bc-43c1-bc96-38bb7e2cf46d,2026-07-11T00:15:00Z,2026-07-11T02:15:00+0200,1.50338,MW,DK1,DK_1,actual_solar_generation,Solar,2026-08-04T05:33:58Z
2026-08-04T05:31:07Z,2026-08-04T07:31:07+0200,fe4314c0-08bc-43c1-bc96-38bb7e2cf46d,2026-07-11T00:30:00Z,2026-07-11T02:30:00+0200,1.50094,MW,DK1,DK_1,actual_solar_generation,Solar,2026-08-04T05:33:58Z
2026-08-04T05:31:07Z,2026-08-04T07:31:07+0200,fe4314c0-08bc-43c1-bc96-38bb7e2cf46d,2026-07-11T00:45:00Z,2026-07-11T02:45:00+0200,1.50341,MW,DK1,DK_1,actual_solar_generation,Solar,2026-08-04T05:33:58Z
2026-08-04T05:31:07Z,2026-08-04T07:31:07+0200,fe4314c0-08bc-43c1-bc96-38bb7e2cf46d,2026-07-11T01:00:00Z,2026-07-11T03:00:00+0200,1.51938,MW,DK1,DK_1,actual_solar_generation,Solar,2026-08-04T05:33:58Z
2026-08-04T05:31:07Z,2026-08-04T07:31:07+0200,fe4314c0-08bc-43c1-bc96-38bb7e2cf46d,2026-07-11T01:15:00Z,2026-07-11T03:15:00+0200,1.51569,MW,DK1,DK_1,actual_solar_generation,Solar,2026-08-04T05:33:58Z
2026-08-04T05:31:07Z,2026-08-04T07:31:07+0200,fe4314c0-08bc-43c1-bc96-38bb7e2cf46d,2026-07-11T01:30:00Z,2026-07-11T03:30:00+0200,1.51701,MW,DK1,DK_1,actual_solar_generation,Solar,2026-08-04T05:33:58Z
2026-08-04T05:31:07Z,2026-08-04T07:31:07+0200,fe4314c0-08bc-43c1-bc96-38bb7e2cf46d,2026-07-11T01:45:00Z,2026-07-11T03:45:00+0200,1.51434,MW,DK1,DK_1,actual_solar_generation,Solar,2026-08-04T05:33:58Z
2026-08-04T05:31:07Z,2026-08-04T07:31:07+0200,fe4314c0-08bc-43c1-bc96-38bb7e2cf46d,2026-07-11T02:00:00Z,2026-07-11T04:00:00+0200,1.50708,MW,DK1,DK_1,actual_solar_generation,Solar,2026-08-04T05:33:58Z
2026-08-04T05:31:07Z,2026-08-04T07:31:07+0200,fe4314c0-08bc-43c1-bc96-38bb7e2cf46d,2026-07-11T02:15:00Z,2026-07-11T04:15:00+0200,1.50762,MW,DK1,DK_1,actual_solar_generation,Solar,2026-08-04T05:33:58Z
2026-08-04T05:31:07Z,2026-08-04T07:31:07+0200,fe4314c0-08bc-43c1-bc96-38bb7e2cf46d,2026-07-11T02:30:00Z,2026-07-11T04:30:00+0200,1.66396,MW,DK1,DK_1,actual_solar_generation,Solar,2026-08-04T05:33:58Z
2026-08-04T05:31:07Z,2026-08-04T07:31:07+0200,fe4314c0-08bc-43c1-bc96-38bb7e2cf46d,2026-07-11T02:45:00Z,2026-07-11T04:45:00+0200,3.99134,MW,DK1,DK_1,actual_solar_generation,Solar,2026-08-04T05:33:58Z
2026-08-04T05:31:07Z,2026-08-04T07:31:07+0200,fe4314c0-08bc-43c1-bc96-38bb7e2cf46d,2026-07-11T03:00:00Z,2026-07-11T05:00:00+0200,14.0203,MW,DK1,DK_1,actual_solar_generation,Solar,2026-08-04T05:33:58Z
2026-08-04T05:31:07Z,2026-08-04T07:31:07+0200,fe4314c0-08bc-43c1-bc96-38bb7e2cf46d,2026-07-11T03:15:00Z,2026-07-11T05:15:00+0200,34.6214,MW,DK1,DK_1,actual_solar_generation,Solar,2026-08-04T05:33:58Z
2026-08-04T05:31:07Z,2026-08-04T07:31:07+0200,fe4314c0-08bc-43c1-bc96-38bb7e2cf46d,2026-07-11T03:30:00Z,2026-07-11T05:30:00+0200,64.1964,MW,DK1,DK_1,actual_solar_generation,Solar,2026-08-04T05:33:58Z
2026-08-04T05:31:07Z,2026-08-04T07:31:07+0200,fe4314c0-08bc-43c1-bc96-38bb7e2cf46d,2026-07-11T03:45:00Z,2026-07-11T05:45:00+0200,97.3894,MW,DK1,DK_1,actual_solar_generation,Solar,2026-08-04T05:33:58Z
2026-08-04T05:31:07Z,2026-08-04T07:31:07+0200,fe4314c0-08bc-43c1-bc96-38bb7e2cf46d,2026-07-11T04:00:00Z,2026-07-11T06:00:00+0200,135.72,MW,DK1,DK_1,actual_solar_generation,Solar,2026-08-04T05:33:58Z
2026-08-04T05:31:07Z,2026-08-04T07:31:07+0200,fe4314c0-08bc-43c1-bc96-38bb7e2cf46d,2026-07-11T04:15:00Z,2026-07-11T06:15:00+0200,179.731,MW,DK1,DK_1,actual_solar_generation,Solar,2026-08-04T05:33:58Z
2026-08-04T05:31:07Z,2026-08-04T07:31:07+0200,fe4314c0-08bc-43c1-bc96-38bb7e2cf46d,2026-07-11T04:30:00Z,2026-07-11T06:30:00+0200,244.09,MW,DK1,DK_1,actual_solar_generation,Solar,2026-08-04T05:33:58Z
2026-08-04T05:31:07Z,2026-08-04T07:31:07+0200,fe4314c0-08bc-43c1-bc96-38bb7e2cf46d,2026-07-11T04:45:00Z,2026-07-11T06:45:00+0200,320.023,MW,DK1,DK_1,actual_solar_generation,Solar,2026-08-04T05:33:58Z
2026-08-04T05:31:07Z,2026-08-04T07:31:07+0200,fe4314c0-08bc-43c1-bc96-38bb7e2cf46d,2026-07-11T05:00:00Z,2026-07-11T07:00:00+0200,411.45,MW,DK1,DK_1,actual_solar_generation,Solar,2026-08-04T05:33:58Z
2026-08-04T05:31:07Z,2026-08-04T07:31:07+0200,fe4314c0-08bc-43c1-bc96-38bb7e2cf46d,2026-07-11T05:15:00Z,2026-07-11T07:15:00+0200,527.285,MW,DK1,DK_1,actual_solar_generation,Solar,2026-08-04T05:33:58Z
2026-08-04T05:31:07Z,2026-08-04T07:31:07+0200,fe4314c0-08bc-43c1-bc96-38bb7e2cf46d,2026-07-11T05:30:00Z,2026-07-11T07:30:00+0200,654.994,MW,DK1,DK_1,actual_solar_generation,Solar,2026-08-04T05:33:58Z
2026-08-04T05:31:07Z,2026-08-04T07:31:07+0200,fe4314c0-08bc-43c1-bc96-38bb7e2cf46d,2026-07-11T05:45:00Z,2026-07-11T07:45:00+0200,803.285,MW,DK1,DK_1,actual_solar_generation,Solar,2026-08-04T05:33:58Z
2026-08-04T05:31:07Z,2026-08-04T07:31:07+0200,fe4314c0-08bc-43c1-bc96-38bb7e2cf46d,2026-07-11T06:00:00Z,2026-07-11T08:00:00+0200,964.879,MW,DK1,DK_1,actual_solar_generation,Solar,2026-08-04T05:33:58Z
2026-08-04T05:31:07Z,2026-08-04T07:31:07+0200,fe4314c0-08bc-43c1-bc96-38bb7e2cf46d,2026-07-11T06:15:00Z,2026-07-11T08:15:00+0200,1120.75,MW,DK1,DK_1,actual_solar_generation,Solar,2026-08-04T05:33:58Z
2026-08-04T05:31:07Z,2026-08-04T07:31:07+0200,fe4314c0-08bc-43c1-bc96-38bb7e2cf46d,2026-07-11T06:30:00Z,2026-07-11T08:30:00+0200,1272.88,MW,DK1,DK_1,actual_solar_generation,Solar,2026-08-04T05:33:58Z
2026-08-04T05:31:07Z,2026-08-04T07:31:07+0200,fe4314c0-08bc-43c1-bc96-38bb7e2cf46d,2026-07-11T06:45:00Z,2026-07-11T08:45:00+0200,1411.0,MW,DK1,DK_1,actual_solar_generation,Solar,2026-08-04T05:33:58Z
2026-08-04T05:31:07Z,2026-08-04T07:31:07+0200,fe4314c0-08bc-43c1-bc96-38bb7e2cf46d,2026-07-11T07:00:00Z,2026-07-11T09:00:00+0200,1541.24,MW,DK1,DK_1,actual_solar_generation,Solar,2026-08-04T05:33:58Z
2026-08-04T05:31:07Z,2026-08-04T07:31:07+0200,fe4314c0-08bc-43c1-bc96-38bb7e2cf46d,2026-07-11T07:15:00Z,2026-07-11T09:15:00+0200,1688.62,MW,DK1,DK_1,actual_solar_generation,Solar,2026-08-04T05:33:58Z
2026-08-04T05:31:07Z,2026-08-04T07:31:07+0200,fe4314c0-08bc-43c1-bc96-38bb7e2cf46d,2026-07-11T07:30:00Z,2026-07-11T09:30:00+0200,1780.15,MW,DK1,DK_1,actual_solar_generation,Solar,2026-08-04T05:33:58Z
2026-08-04T05:31:07Z,2026-08-04T07:31:07+0200,fe4314c0-08bc-43c1-bc96-38bb7e2cf46d,2026-07-11T07:45:00Z,2026-07-11T09:45:00+0200,1921.14,MW,DK1,DK_1,actual_solar_generation,Solar,2026-08-04T05:33:58Z
2026-08-04T05:31:07Z,2026-08-04T07:31:07+0200,fe4314c0-08bc-43c1-bc96-38bb7e2cf46d,2026-07-11T08:00:00Z,2026-07-11T10:00:00+0200,2041.89,MW,DK1,DK_1,actual_solar_generation,Solar,2026-08-04T05:33:58Z
2026-08-04T05:31:07Z,2026-08-04T07:31:07+0200,fe4314c0-08bc-43c1-bc96-38bb7e2cf46d,2026-07-11T08:15:00Z,2026-07-11T10:15:00+0200,2004.48,MW,DK1,DK_1,actual_solar_generation,Solar,2026-08-04T05:33:58Z
2026-08-04T05:31:07Z,2026-08-04T07:31:07+0200,fe4314c0-08bc-43c1-bc96-38bb7e2cf46d,2026-07-11T08:30:00Z,2026-07-11T10:30:00+0200,2025.85,MW,DK1,DK_1,actual_solar_generation,Solar,2026-08-04T05:33:58Z
2026-08-04T05:31:07Z,2026-08-04T07:31:07+0200,fe4314c0-08bc-43c1-bc96-38bb7e2cf46d,2026-07-11T08:45:00Z,2026-07-11T10:45:00+0200,2157.54,MW,DK1,DK_1,actual_solar_generation,Solar,2026-08-04T05:33:58Z
2026-08-04T05:31:07Z,2026-08-04T07:31:07+0200,fe4314c0-08bc-43c1-bc96-38bb7e2cf46d,2026-07-11T09:00:00Z,2026-07-11T11:00:00+0200,2418.03,MW,DK1,DK_1,actual_solar_generation,Solar,2026-08-04T05:33:58Z
2026-08-04T05:31:07Z,2026-08-04T07:31:07+0200,fe4314c0-08bc-43c1-bc96-38bb7e2cf46d,2026-07-11T09:15:00Z,2026-07-11T11:15:00+0200,2498.31,MW,DK1,DK_1,actual_solar_generation,Solar,2026-08-04T05:33:58Z
2026-08-04T05:31:07Z,2026-08-04T07:31:07+0200,fe4314c0-08bc-43c1-bc96-38bb7e2cf46d,2026-07-11T09:30:00Z,2026-07-11T11:30:00+0200,2428.65,MW,DK1,DK_1,actual_solar_generation,Solar,2026-08-04T05:33:58Z
2026-08-04T05:31:07Z,2026-08-04T07:31:07+0200,fe4314c0-08bc-43c1-bc96-38bb7e2cf46d,2026-07-11T09:45:00Z,2026-07-11T11:45:00+0200,2224.36,MW,DK1,DK_1,actual_solar_generation,Solar,2026-08-04T05:33:58Z
2026-08-04T05:31:07Z,2026-08-04T07:31:07+0200,fe4314c0-08bc-43c1-bc96-38bb7e2cf46d,2026-07-11T10:00:00Z,2026-07-11T12:00:00+0200,2341.62,MW,DK1,DK_1,actual_solar_generation,Solar,2026-08-04T05:33:58Z
2026-08-04T05:31:07Z,2026-08-04T07:31:07+0200,fe4314c0-08bc-43c1-bc96-38bb7e2cf46d,2026-07-11T10:15:00Z,2026-07-11T12:15:00+0200,2443.68,MW,DK1,DK_1,actual_solar_generation,Solar,2026-08-04T05:33:58Z
2026-08-04T05:31:07Z,2026-08-04T07:31:07+0200,fe4314c0-08bc-43c1-bc96-38bb7e2cf46d,2026-07-11T10:30:00Z,2026-07-11T12:30:00+0200,2390.01,MW,DK1,DK_1,actual_solar_generation,Solar,2026-08-04T05:33:58Z
2026-08-04T05:31:07Z,2026-08-04T07:31:07+0200,fe4314c0-08bc-43c1-bc96-38bb7e2cf46d,2026-07-11T10:45:00Z,2026-07-11T12:45:00+0200,2353.73,MW,DK1,DK_1,actual_solar_generation,Solar,2026-08-04T05:33:58Z
2026-08-04T05:31:07Z,2026-08-04T07:31:07+0200,fe4314c0-08bc-43c1-bc96-38bb7e2cf46d,2026-07-11T11:00:00Z,2026-07-11T13:00:00+0200,2275.35,MW,DK1,DK_1,actual_solar_generation,Solar,2026-08-04T05:33:58Z
2026-08-04T05:31:07Z,2026-08-04T07:31:07+0200,fe4314c0-08bc-43c1-bc96-38bb7e2cf46d,2026-07-11T11:15:00Z,2026-07-11T13:15:00+0200,2307.07,MW,DK1,DK_1,actual_solar_generation,Solar,2026-08-04T05:33:58Z
2026-08-04T05:31:07Z,2026-08-04T07:31:07+0200,fe4314c0-08bc-43c1-bc96-38bb7e2cf46d,2026-07-11T11:30:00Z,2026-07-11T13:30:00+0200,2227.17,MW,DK1,DK_1,actual_solar_generation,Solar,2026-08-04T05:33:58Z
2026-08-04T05:31:07Z,2026-08-04T07:31:07+0200,fe4314c0-08bc-43c1-bc96-38bb7e2cf46d,2026-07-11T11:45:00Z,2026-07-11T13:45:00+0200,2024.63,MW,DK1,DK_1,actual_solar_generation,Solar,2026-08-04T05:33:58Z
2026-08-04T05:31:07Z,2026-08-04T07:31:07+0200,fe4314c0-08bc-43c1-bc96-38bb7e2cf46d,2026-07-11T12:00:00Z,2026-07-11T14:00:00+0200,2063.92,MW,DK1,DK_1,actual_solar_generation,Solar,2026-08-04T05:33:58Z
2026-08-04T05:31:07Z,2026-08-04T07:31:07+0200,fe4314c0-08bc-43c1-bc96-38bb7e2cf46d,2026-07-11T12:15:00Z,2026-07-11T14:15:00+0200,2053.03,MW,DK1,DK_1,actual_solar_generation,Solar,2026-08-04T05:33:58Z
2026-08-04T05:31:07Z,2026-08-04T07:31:07+0200,fe4314c0-08bc-43c1-bc96-38bb7e2cf46d,2026-07-11T12:30:00Z,2026-07-11T14:30:00+0200,1993.35,MW,DK1,DK_1,actual_solar_generation,Solar,2026-08-04T05:33:58Z
2026-08-04T05:31:07Z,2026-08-04T07:31:07+0200,fe4314c0-08bc-43c1-bc96-38bb7e2cf46d,2026-07-11T12:45:00Z,2026-07-11T14:45:00+0200,1985.44,MW,DK1,DK_1,actual_solar_generation,Solar,2026-08-04T05:33:58Z
2026-08-04T05:31:07Z,2026-08-04T07:31:07+0200,fe4314c0-08bc-43c1-bc96-38bb7e2cf46d,2026-07-11T13:00:00Z,2026-07-11T15:00:00+0200,1971.44,MW,DK1,DK_1,actual_solar_generation,Solar,2026-08-04T05:33:58Z
2026-08-04T05:31:07Z,2026-08-04T07:31:07+0200,fe4314c0-08bc-43c1-bc96-38bb7e2cf46d,2026-07-11T13:15:00Z,2026-07-11T15:15:00+0200,1946.76,MW,DK1,DK_1,actual_solar_generation,Solar,2026-08-04T05:33:58Z
2026-08-04T05:31:07Z,2026-08-04T07:31:07+0200,fe4314c0-08bc-43c1-bc96-38bb7e2cf46d,2026-07-11T13:30:00Z,2026-07-11T15:30:00+0200,1957.05,MW,DK1,DK_1,actual_solar_generation,Solar,2026-08-04T05:33:58Z
2026-08-04T05:31:07Z,2026-08-04T07:31:07+0200,fe4314c0-08bc-43c1-bc96-38bb7e2cf46d,2026-07-11T13:45:00Z,2026-07-11T15:45:00+0200,1807.38,MW,DK1,DK_1,actual_solar_generation,Solar,2026-08-04T05:33:58Z
2026-08-04T05:31:07Z,2026-08-04T07:31:07+0200,fe4314c0-08bc-43c1-bc96-38bb7e2cf46d,2026-07-11T14:00:00Z,2026-07-11T16:00:00+0200,1670.4,MW,DK1,DK_1,actual_solar_generation,Solar,2026-08-04T05:33:58Z
2026-08-04T05:31:07Z,2026-08-04T07:31:07+0200,fe4314c0-08bc-43c1-bc96-38bb7e2cf46d,2026-07-11T14:15:00Z,2026-07-11T16:15:00+0200,1775.94,MW,DK1,DK_1,actual_solar_generation,Solar,2026-08-04T05:33:58Z
2026-08-04T05:31:07Z,2026-08-04T07:31:07+0200,fe4314c0-08bc-43c1-bc96-38bb7e2cf46d,2026-07-11T14:30:00Z,2026-07-11T16:30:00+0200,1858.64,MW,DK1,DK_1,actual_solar_generation,Solar,2026-08-04T05:33:58Z
2026-08-04T05:31:07Z,2026-08-04T07:31:07+0200,fe4314c0-08bc-43c1-bc96-38bb7e2cf46d,2026-07-11T14:45:00Z,2026-07-11T16:45:00+0200,1909.45,MW,DK1,DK_1,actual_solar_generation,Solar,2026-08-04T05:33:58Z
2026-08-04T05:31:07Z,2026-08-04T07:31:07+0200,fe4314c0-08bc-43c1-bc96-38bb7e2cf46d,2026-07-11T15:00:00Z,2026-07-11T17:00:00+0200,1811.48,MW,DK1,DK_1,actual_solar_generation,Solar,2026-08-04T05:33:58Z
2026-08-04T05:31:07Z,2026-08-04T07:31:07+0200,fe4314c0-08bc-43c1-bc96-38bb7e2cf46d,2026-07-11T15:15:00Z,2026-07-11T17:15:00+0200,1622.17,MW,DK1,DK_1,actual_solar_generation,Solar,2026-08-04T05:33:58Z
2026-08-04T05:31:07Z,2026-08-04T07:31:07+0200,fe4314c0-08bc-43c1-bc96-38bb7e2cf46d,2026-07-11T15:30:00Z,2026-07-11T17:30:00+0200,1587.82,MW,DK1,DK_1,actual_solar_generation,Solar,2026-08-04T05:33:58Z
2026-08-04T05:31:07Z,2026-08-04T07:31:07+0200,fe4314c0-08bc-43c1-bc96-38bb7e2cf46d,2026-07-11T15:45:00Z,2026-07-11T17:45:00+0200,1431.81,MW,DK1,DK_1,actual_solar_generation,Solar,2026-08-04T05:33:58Z
2026-08-04T05:31:07Z,2026-08-04T07:31:07+0200,fe4314c0-08bc-43c1-bc96-38bb7e2cf46d,2026-07-11T16:00:00Z,2026-07-11T18:00:00+0200,1285.82,MW,DK1,DK_1,actual_solar_generation,Solar,2026-08-04T05:33:58Z
2026-08-04T05:31:07Z,2026-08-04T07:31:07+0200,fe4314c0-08bc-43c1-bc96-38bb7e2cf46d,2026-07-11T16:15:00Z,2026-07-11T18:15:00+0200,1145.47,MW,DK1,DK_1,actual_solar_generation,Solar,2026-08-04T05:33:58Z
2026-08-04T05:31:07Z,2026-08-04T07:31:07+0200,fe4314c0-08bc-43c1-bc96-38bb7e2cf46d,2026-07-11T16:30:00Z,2026-07-11T18:30:00+0200,1024.88,MW,DK1,DK_1,actual_solar_generation,Solar,2026-08-04T05:33:58Z
2026-08-04T05:31:07Z,2026-08-04T07:31:07+0200,fe4314c0-08bc-43c1-bc96-38bb7e2cf46d,2026-07-11T16:45:00Z,2026-07-11T18:45:00+0200,904.878,MW,DK1,DK_1,actual_solar_generation,Solar,2026-08-04T05:33:58Z
2026-08-04T05:31:07Z,2026-08-04T07:31:07+0200,fe4314c0-08bc-43c1-bc96-38bb7e2cf46d,2026-07-11T17:00:00Z,2026-07-11T19:00:00+0200,805.025,MW,DK1,DK_1,actual_solar_generation,Solar,2026-08-04T05:33:58Z
2026-08-04T05:31:07Z,2026-08-04T07:31:07+0200,fe4314c0-08bc-43c1-bc96-38bb7e2cf46d,2026-07-11T17:15:00Z,2026-07-11T19:15:00+0200,664.233,MW,DK1,DK_1,actual_solar_generation,Solar,2026-08-04T05:33:58Z
2026-08-04T05:31:07Z,2026-08-04T07:31:07+0200,fe4314c0-08bc-43c1-bc96-38bb7e2cf46d,2026-07-11T17:30:00Z,2026-07-11T19:30:00+0200,551.471,MW,DK1,DK_1,actual_solar_generation,Solar,2026-08-04T05:33:58Z
2026-08-04T05:31:07Z,2026-08-04T07:31:07+0200,fe4314c0-08bc-43c1-bc96-38bb7e2cf46d,2026-07-11T17:45:00Z,2026-07-11T19:45:00+0200,444.171,MW,DK1,DK_1,actual_solar_generation,Solar,2026-08-04T05:33:58Z
2026-08-04T05:31:07Z,2026-08-04T07:31:07+0200,fe4314c0-08bc-43c1-bc96-38bb7e2cf46d,2026-07-11T18:00:00Z,2026-07-11T20:00:00+0200,355.239,MW,DK1,DK_1,actual_solar_generation,Solar,2026-08-04T05:33:58Z
2026-08-04T05:31:07Z,2026-08-04T07:31:07+0200,fe4314c0-08bc-43c1-bc96-38bb7e2cf46d,2026-07-11T18:15:00Z,2026-07-11T20:15:00+0200,291.981,MW,DK1,DK_1,actual_solar_generation,Solar,2026-08-04T05:33:58Z
2026-08-04T05:31:07Z,2026-08-04T07:31:07+0200,fe4314c0-08bc-43c1-bc96-38bb7e2cf46d,2026-07-11T18:30:00Z,2026-07-11T20:30:00+0200,225.581,MW,DK1,DK_1,actual_solar_generation,Solar,2026-08-04T05:33:58Z
2026-08-04T05:31:07Z,2026-08-04T07:31:07+0200,fe4314c0-08bc-43c1-bc96-38bb7e2cf46d,2026-07-11T18:45:00Z,2026-07-11T20:45:00+0200,179.193,MW,DK1,DK_1,actual_solar_generation,Solar,2026-08-04T05:33:58Z
2026-08-04T05:31:07Z,2026-08-04T07:31:07+0200,fe4314c0-08bc-43c1-bc96-38bb7e2cf46d,2026-07-11T19:00:00Z,2026-07-11T21:00:00+0200,132.925,MW,DK1,DK_1,actual_solar_generation,Solar,2026-08-04T05:33:58Z
2026-08-04T05:31:07Z,2026-08-04T07:31:07+0200,fe4314c0-08bc-43c1-bc96-38bb7e2cf46d,2026-07-11T19:15:00Z,2026-07-11T21:15:00+0200,88.9418,MW,DK1,DK_1,actual_solar_generation,Solar,2026-08-04T05:33:58Z
2026-08-04T05:31:07Z,2026-08-04T07:31:07+0200,fe4314c0-08bc-43c1-bc96-38bb7e2cf46d,2026-07-11T19:30:00Z,2026-07-11T21:30:00+0200,50.5879,MW,DK1,DK_1,actual_solar_generation,Solar,2026-08-04T05:33:58Z
2026-08-04T05:31:07Z,2026-08-04T07:31:07+0200,fe4314c0-08bc-43c1-bc96-38bb7e2cf46d,2026-07-11T19:45:00Z,2026-07-11T21:45:00+0200,22.9214,MW,DK1,DK_1,actual_solar_generation,Solar,2026-08-04T05:33:58Z
2026-08-04T05:31:07Z,2026-08-04T07:31:07+0200,fe4314c0-08bc-43c1-bc96-38bb7e2cf46d,2026-07-11T20:00:00Z,2026-07-11T22:00:00+0200,10.2429,MW,DK1,DK_1,actual_solar_generation,Solar,2026-08-04T05:33:58Z
2026-08-04T05:31:07Z,2026-08-04T07:31:07+0200,fe4314c0-08bc-43c1-bc96-38bb7e2cf46d,2026-07-11T20:15:00Z,2026-07-11T22:15:00+0200,4.62388,MW,DK1,DK_1,actual_solar_generation,Solar,2026-08-04T05:33:58Z
2026-08-04T05:31:07Z,2026-08-04T07:31:07+0200,fe4314c0-08bc-43c1-bc96-38bb7e2cf46d,2026-07-11T20:30:00Z,2026-07-11T22:30:00+0200,2.52234,MW,DK1,DK_1,actual_solar_generation,Solar,2026-08-04T05:33:58Z
2026-08-04T05:31:07Z,2026-08-04T07:31:07+0200,fe4314c0-08bc-43c1-bc96-38bb7e2cf46d,2026-07-11T20:45:00Z,2026-07-11T22:45:00+0200,3.20872,MW,DK1,DK_1,actual_solar_generation,Solar,2026-08-04T05:33:58Z
2026-08-04T05:31:07Z,2026-08-04T07:31:07+0200,fe4314c0-08bc-43c1-bc96-38bb7e2cf46d,2026-07-11T21:00:00Z,2026-07-11T23:00:00+0200,3.54985,MW,DK1,DK_1,actual_solar_generation,Solar,2026-08-04T05:33:58Z
2026-08-04T05:31:07Z,2026-08-04T07:31:07+0200,fe4314c0-08bc-43c1-bc96-38bb7e2cf46d,2026-07-11T21:15:00Z,2026-07-11T23:15:00+0200,3.12548,MW,DK1,DK_1,actual_solar_generation,Solar,2026-08-04T05:33:58Z
2026-08-04T05:31:07Z,2026-08-04T07:31:07+0200,fe4314c0-08bc-43c1-bc96-38bb7e2cf46d,2026-07-11T21:30:00Z,2026-07-11T23:30:00+0200,2.23013,MW,DK1,DK_1,actual_solar_generation,Solar,2026-08-04T05:33:58Z
2026-08-04T05:31:07Z,2026-08-04T07:31:07+0200,fe4314c0-08bc-43c1-bc96-38bb7e2cf46d,2026-07-11T21:45:00Z,2026-07-11T23:45:00+0200,2.35543,MW,DK1,DK_1,actual_solar_generation,Solar,2026-08-04T05:33:58Z
2026-08-04T05:31:07Z,2026-08-04T07:31:07+0200,fe4314c0-08bc-43c1-bc96-38bb7e2cf46d,2026-07-11T22:00:00Z,2026-07-12T00:00:00+0200,2.50595,MW,DK1,DK_1,actual_solar_generation,Solar,2026-08-04T05:33:58Z
2026-08-04T05:31:07Z,2026-08-04T07:31:07+0200,fe4314c0-08bc-43c1-bc96-38bb7e2cf46d,2026-07-11T22:15:00Z,2026-07-12T00:15:00+0200,2.7619,MW,DK1,DK_1,actual_solar_generation,Solar,2026-08-04T05:33:58Z
2026-08-04T05:31:07Z,2026-08-04T07:31:07+0200,fe4314c0-08bc-43c1-bc96-38bb7e2cf46d,2026-07-11T22:30:00Z,2026-07-12T00:30:00+0200,3.27839,MW,DK1,DK_1,actual_solar_generation,Solar,2026-08-04T05:33:58Z
2026-08-04T05:31:07Z,2026-08-04T07:31:07+0200,fe4314c0-08bc-43c1-bc96-38bb7e2cf46d,2026-07-11T22:45:00Z,2026-07-12T00:45:00+0200,3.35147,MW,DK1,DK_1,actual_solar_generation,Solar,2026-08-04T05:33:58Z
2026-08-04T05:31:07Z,2026-08-04T07:31:07+0200,fe4314c0-08bc-43c1-bc96-38bb7e2cf46d,2026-07-11T23:00:00Z,2026-07-12T01:00:00+0200,3.39097,MW,DK1,DK_1,actual_solar_generation,Solar,2026-08-04T05:33:58Z
2026-08-04T05:31:07Z,2026-08-04T07:31:07+0200,fe4314c0-08bc-43c1-bc96-38bb7e2cf46d,2026-07-11T23:15:00Z,2026-07-12T01:15:00+0200,2.9937,MW,DK1,DK_1,actual_solar_generation,Solar,2026-08-04T05:33:58Z
2026-08-04T05:31:07Z,2026-08-04T07:31:07+0200,fe4314c0-08bc-43c1-bc96-38bb7e2cf46d,2026-07-11T23:30:00Z,2026-07-12T01:30:00+0200,2.98641,MW,DK1,DK_1,actual_solar_generation,Solar,2026-08-04T05:33:58Z
2026-08-04T05:31:07Z,2026-08-04T07:31:07+0200,fe4314c0-08bc-43c1-bc96-38bb7e2cf46d,2026-07-11T23:45:00Z,2026-07-12T01:45:00+0200,2.94621,MW,DK1,DK_1,actual_solar_generation,Solar,2026-08-04T05:33:58Z
2026-08-04T05:31:07Z,2026-08-04T07:31:07+0200,fe4314c0-08bc-43c1-bc96-38bb7e2cf46d,2026-07-12T00:00:00Z,2026-07-12T02:00:00+0200,2.94066,MW,DK1,DK_1,actual_solar_generation,Solar,2026-08-04T05:33:58Z
2026-08-04T05:31:07Z,2026-08-04T07:31:07+0200,fe4314c0-08bc-43c1-bc96-38bb7e2cf46d,2026-07-12T00:15:00Z,2026-07-12T02:15:00+0200,2.8606,MW,DK1,DK_1,actual_solar_generation,Solar,2026-08-04T05:33:58Z
2026-08-04T05:31:07Z,2026-08-04T07:31:07+0200,fe4314c0-08bc-43c1-bc96-38bb7e2cf46d,2026-07-12T00:30:00Z,2026-07-12T02:30:00+0200,3.52244,MW,DK1,DK_1,actual_solar_generation,Solar,2026-08-04T05:33:58Z
2026-08-04T05:31:07Z,2026-08-04T07:31:07+0200,fe4314c0-08bc-43c1-bc96-38bb7e2cf46d,2026-07-12T00:45:00Z,2026-07-12T02:45:00+0200,3.59864,MW,DK1,DK_1,actual_solar_generation,Solar,2026-08-04T05:33:58Z
2026-08-04T05:31:07Z,2026-08-04T07:31:07+0200,fe4314c0-08bc-43c1-bc96-38bb7e2cf46d,2026-07-12T01:00:00Z,2026-07-12T03:00:00+0200,0.437143,MW,DK1,DK_1,actual_solar_generation,Solar,2026-08-04T05:33:58Z
2026-08-04T05:31:07Z,2026-08-04T07:31:07+0200,fe4314c0-08bc-43c1-bc96-38bb7e2cf46d,2026-07-12T01:15:00Z,2026-07-12T03:15:00+0200,0.445575,MW,DK1,DK_1,actual_solar_generation,Solar,2026-08-04T05:33:58Z
2026-08-04T05:31:07Z,2026-08-04T07:31:07+0200,fe4314c0-08bc-43c1-bc96-38bb7e2cf46d,2026-07-12T01:30:00Z,2026-07-12T03:30:00+0200,0.437721,MW,DK1,DK_1,actual_solar_generation,Solar,2026-08-04T05:33:58Z
2026-08-04T05:31:07Z,2026-08-04T07:31:07+0200,fe4314c0-08bc-43c1-bc96-38bb7e2cf46d,2026-07-12T01:45:00Z,2026-07-12T03:45:00+0200,0.44547,MW,DK1,DK_1,actual_solar_generation,Solar,2026-08-04T05:33:58Z
2026-08-04T05:31:07Z,2026-08-04T07:31:07+0200,fe4314c0-08bc-43c1-bc96-38bb7e2cf46d,2026-07-12T02:00:00Z,2026-07-12T04:00:00+0200,7.38462,MW,DK1,DK_1,actual_solar_generation,Solar,2026-08-04T05:33:58Z
2026-08-04T05:31:07Z,2026-08-04T07:31:07+0200,fe4314c0-08bc-43c1-bc96-38bb7e2cf46d,2026-07-12T02:15:00Z,2026-07-12T04:15:00+0200,6.42141,MW,DK1,DK_1,actual_solar_generation,Solar,2026-08-04T05:33:58Z
2026-08-04T05:31:07Z,2026-08-04T07:31:07+0200,fe4314c0-08bc-43c1-bc96-38bb7e2cf46d,2026-07-12T02:30:00Z,2026-07-12T04:30:00+0200,5.38877,MW,DK1,DK_1,actual_solar_generation,Solar,2026-08-04T05:33:58Z
2026-08-04T05:31:07Z,2026-08-04T07:31:07+0200,fe4314c0-08bc-43c1-bc96-38bb7e2cf46d,2026-07-12T02:45:00Z,2026-07-12T04:45:00+0200,5.74125,MW,DK1,DK_1,actual_solar_generation,Solar,2026-08-04T05:33:58Z
2026-08-04T05:31:07Z,2026-08-04T07:31:07+0200,fe4314c0-08bc-43c1-bc96-38bb7e2cf46d,2026-07-12T03:00:00Z,2026-07-12T05:00:00+0200,14.2872,MW,DK1,DK_1,actual_solar_generation,Solar,2026-08-04T05:33:58Z
2026-08-04T05:31:07Z,2026-08-04T07:31:07+0200,fe4314c0-08bc-43c1-bc96-38bb7e2cf46d,2026-07-12T03:15:00Z,2026-07-12T05:15:00+0200,31.3629,MW,DK1,DK_1,actual_solar_generation,Solar,2026-08-04T05:33:58Z
2026-08-04T05:31:07Z,2026-08-04T07:31:07+0200,fe4314c0-08bc-43c1-bc96-38bb7e2cf46d,2026-07-12T03:30:00Z,2026-07-12T05:30:00+0200,58.2831,MW,DK1,DK_1,actual_solar_generation,Solar,2026-08-04T05:33:58Z
2026-08-04T05:31:07Z,2026-08-04T07:31:07+0200,fe4314c0-08bc-43c1-bc96-38bb7e2cf46d,2026-07-12T03:45:00Z,2026-07-12T05:45:00+0200,93.6089,MW,DK1,DK_1,actual_solar_generation,Solar,2026-08-04T05:33:58Z
2026-08-04T05:31:07Z,2026-08-04T07:31:07+0200,fe4314c0-08bc-43c1-bc96-38bb7e2cf46d,2026-07-12T04:00:00Z,2026-07-12T06:00:00+0200,130.261,MW,DK1,DK_1,actual_solar_generation,Solar,2026-08-04T05:33:58Z
2026-08-04T05:31:07Z,2026-08-04T07:31:07+0200,fe4314c0-08bc-43c1-bc96-38bb7e2cf46d,2026-07-12T04:15:00Z,2026-07-12T06:15:00+0200,167.504,MW,DK1,DK_1,actual_solar_generation,Solar,2026-08-04T05:33:58Z
2026-08-04T05:31:07Z,2026-08-04T07:31:07+0200,fe4314c0-08bc-43c1-bc96-38bb7e2cf46d,2026-07-12T04:30:00Z,2026-07-12T06:30:00+0200,213.745,MW,DK1,DK_1,actual_solar_generation,Solar,2026-08-04T05:33:58Z
2026-08-04T05:31:07Z,2026-08-04T07:31:07+0200,fe4314c0-08bc-43c1-bc96-38bb7e2cf46d,2026-07-12T04:45:00Z,2026-07-12T06:45:00+0200,275.908,MW,DK1,DK_1,actual_solar_generation,Solar,2026-08-04T05:33:58Z
2026-08-04T05:31:07Z,2026-08-04T07:31:07+0200,fe4314c0-08bc-43c1-bc96-38bb7e2cf46d,2026-07-12T05:00:00Z,2026-07-12T07:00:00+0200,362.953,MW,DK1,DK_1,actual_solar_generation,Solar,2026-08-04T05:33:58Z
2026-08-04T05:31:07Z,2026-08-04T07:31:07+0200,fe4314c0-08bc-43c1-bc96-38bb7e2cf46d,2026-07-12T05:15:00Z,2026-07-12T07:15:00+0200,451.424,MW,DK1,DK_1,actual_solar_generation,Solar,2026-08-04T05:33:58Z
2026-08-04T05:31:07Z,2026-08-04T07:31:07+0200,fe4314c0-08bc-43c1-bc96-38bb7e2cf46d,2026-07-12T05:30:00Z,2026-07-12T07:30:00+0200,521.224,MW,DK1,DK_1,actual_solar_generation,Solar,2026-08-04T05:33:58Z
2026-08-04T05:31:07Z,2026-08-04T07:31:07+0200,fe4314c0-08bc-43c1-bc96-38bb7e2cf46d,2026-07-12T05:45:00Z,2026-07-12T07:45:00+0200,569.922,MW,DK1,DK_1,actual_solar_generation,Solar,2026-08-04T05:33:58Z
2026-08-04T05:31:07Z,2026-08-04T07:31:07+0200,fe4314c0-08bc-43c1-bc96-38bb7e2cf46d,2026-07-12T06:00:00Z,2026-07-12T08:00:00+0200,657.81,MW,DK1,DK_1,actual_solar_generation,Solar,2026-08-04T05:33:58Z
2026-08-04T05:31:07Z,2026-08-04T07:31:07+0200,fe4314c0-08bc-43c1-bc96-38bb7e2cf46d,2026-07-12T06:15:00Z,2026-07-12T08:15:00+0200,729.888,MW,DK1,DK_1,actual_solar_generation,Solar,2026-08-04T05:33:58Z
2026-08-04T05:31:07Z,2026-08-04T07:31:07+0200,fe4314c0-08bc-43c1-bc96-38bb7e2cf46d,2026-07-12T06:30:00Z,2026-07-12T08:30:00+0200,865.291,MW,DK1,DK_1,actual_solar_generation,Solar,2026-08-04T05:33:58Z
2026-08-04T05:31:07Z,2026-08-04T07:31:07+0200,fe4314c0-08bc-43c1-bc96-38bb7e2cf46d,2026-07-12T06:45:00Z,2026-07-12T08:45:00+0200,976.151,MW,DK1,DK_1,actual_solar_generation,Solar,2026-08-04T05:33:58Z
2026-08-04T05:31:07Z,2026-08-04T07:31:07+0200,fe4314c0-08bc-43c1-bc96-38bb7e2cf46d,2026-07-12T07:00:00Z,2026-07-12T09:00:00+0200,1011.14,MW,DK1,DK_1,actual_solar_generation,Solar,2026-08-04T05:33:58Z
2026-08-04T05:31:07Z,2026-08-04T07:31:07+0200,fe4314c0-08bc-43c1-bc96-38bb7e2cf46d,2026-07-12T07:15:00Z,2026-07-12T09:15:00+0200,951.018,MW,DK1,DK_1,actual_solar_generation,Solar,2026-08-04T05:33:58Z
2026-08-04T05:31:07Z,2026-08-04T07:31:07+0200,fe4314c0-08bc-43c1-bc96-38bb7e2cf46d,2026-07-12T07:30:00Z,2026-07-12T09:30:00+0200,883.266,MW,DK1,DK_1,actual_solar_generation,Solar,2026-08-04T05:33:58Z
2026-08-04T05:31:07Z,2026-08-04T07:31:07+0200,fe4314c0-08bc-43c1-bc96-38bb7e2cf46d,2026-07-12T07:45:00Z,2026-07-12T09:45:00+0200,1009.9,MW,DK1,DK_1,actual_solar_generation,Solar,2026-08-04T05:33:58Z
2026-08-04T05:31:07Z,2026-08-04T07:31:07+0200,fe4314c0-08bc-43c1-bc96-38bb7e2cf46d,2026-07-12T08:00:00Z,2026-07-12T10:00:00+0200,1218.88,MW,DK1,DK_1,actual_solar_generation,Solar,2026-08-04T05:33:58Z
2026-08-04T05:31:07Z,2026-08-04T07:31:07+0200,fe4314c0-08bc-43c1-bc96-38bb7e2cf46d,2026-07-12T08:15:00Z,2026-07-12T10:15:00+0200,1264.26,MW,DK1,DK_1,actual_solar_generation,Solar,2026-08-04T05:33:58Z
2026-08-04T05:31:07Z,2026-08-04T07:31:07+0200,fe4314c0-08bc-43c1-bc96-38bb7e2cf46d,2026-07-12T08:30:00Z,2026-07-12T10:30:00+0200,1426.92,MW,DK1,DK_1,actual_solar_generation,Solar,2026-08-04T05:33:58Z
2026-08-04T05:31:07Z,2026-08-04T07:31:07+0200,fe4314c0-08bc-43c1-bc96-38bb7e2cf46d,2026-07-12T08:45:00Z,2026-07-12T10:45:00+0200,1485.69,MW,DK1,DK_1,actual_solar_generation,Solar,2026-08-04T05:33:58Z
2026-08-04T05:31:07Z,2026-08-04T07:31:07+0200,fe4314c0-08bc-43c1-bc96-38bb7e2cf46d,2026-07-12T09:00:00Z,2026-07-12T11:00:00+0200,1568.11,MW,DK1,DK_1,actual_solar_generation,Solar,2026-08-04T05:33:58Z
2026-08-04T05:31:07Z,2026-08-04T07:31:07+0200,fe4314c0-08bc-43c1-bc96-38bb7e2cf46d,2026-07-12T09:15:00Z,2026-07-12T11:15:00+0200,1569.06,MW,DK1,DK_1,actual_solar_generation,Solar,2026-08-04T05:33:58Z
2026-08-04T05:31:07Z,2026-08-04T07:31:07+0200,fe4314c0-08bc-43c1-bc96-38bb7e2cf46d,2026-07-12T09:30:00Z,2026-07-12T11:30:00+0200,1514.29,MW,DK1,DK_1,actual_solar_generation,Solar,2026-08-04T05:33:58Z
2026-08-04T05:31:07Z,2026-08-04T07:31:07+0200,fe4314c0-08bc-43c1-bc96-38bb7e2cf46d,2026-07-12T09:45:00Z,2026-07-12T11:45:00+0200,1187.36,MW,DK1,DK_1,actual_solar_generation,Solar,2026-08-04T05:33:58Z
2026-08-04T05:31:07Z,2026-08-04T07:31:07+0200,fe4314c0-08bc-43c1-bc96-38bb7e2cf46d,2026-07-12T10:00:00Z,2026-07-12T12:00:00+0200,1184.81,MW,DK1,DK_1,actual_solar_generation,Solar,2026-08-04T05:33:58Z
2026-08-04T05:31:07Z,2026-08-04T07:31:07+0200,fe4314c0-08bc-43c1-bc96-38bb7e2cf46d,2026-07-12T10:15:00Z,2026-07-12T12:15:00+0200,1146.01,MW,DK1,DK_1,actual_solar_generation,Solar,2026-08-04T05:33:58Z
2026-08-04T05:31:07Z,2026-08-04T07:31:07+0200,fe4314c0-08bc-43c1-bc96-38bb7e2cf46d,2026-07-12T10:30:00Z,2026-07-12T12:30:00+0200,1169.7,MW,DK1,DK_1,actual_solar_generation,Solar,2026-08-04T05:33:58Z
2026-08-04T05:31:07Z,2026-08-04T07:31:07+0200,fe4314c0-08bc-43c1-bc96-38bb7e2cf46d,2026-07-12T10:45:00Z,2026-07-12T12:45:00+0200,1157.05,MW,DK1,DK_1,actual_solar_generation,Solar,2026-08-04T05:33:58Z
2026-08-04T05:31:07Z,2026-08-04T07:31:07+0200,fe4314c0-08bc-43c1-bc96-38bb7e2cf46d,2026-07-12T11:00:00Z,2026-07-12T13:00:00+0200,1231.28,MW,DK1,DK_1,actual_solar_generation,Solar,2026-08-04T05:33:58Z
2026-08-04T05:31:07Z,2026-08-04T07:31:07+0200,fe4314c0-08bc-43c1-bc96-38bb7e2cf46d,2026-07-12T11:15:00Z,2026-07-12T13:15:00+0200,1259.69,MW,DK1,DK_1,actual_solar_generation,Solar,2026-08-04T05:33:58Z
2026-08-04T05:31:07Z,2026-08-04T07:31:07+0200,fe4314c0-08bc-43c1-bc96-38bb7e2cf46d,2026-07-12T11:30:00Z,2026-07-12T13:30:00+0200,1229.14,MW,DK1,DK_1,actual_solar_generation,Solar,2026-08-04T05:33:58Z
2026-08-04T05:31:07Z,2026-08-04T07:31:07+0200,fe4314c0-08bc-43c1-bc96-38bb7e2cf46d,2026-07-12T11:45:00Z,2026-07-12T13:45:00+0200,1180.19,MW,DK1,DK_1,actual_solar_generation,Solar,2026-08-04T05:33:58Z
2026-08-04T05:31:07Z,2026-08-04T07:31:07+0200,fe4314c0-08bc-43c1-bc96-38bb7e2cf46d,2026-07-12T12:00:00Z,2026-07-12T14:00:00+0200,1172.75,MW,DK1,DK_1,actual_solar_generation,Solar,2026-08-04T05:33:58Z
2026-08-04T05:31:07Z,2026-08-04T07:31:07+0200,fe4314c0-08bc-43c1-bc96-38bb7e2cf46d,2026-07-12T12:15:00Z,2026-07-12T14:15:00+0200,1229.32,MW,DK1,DK_1,actual_solar_generation,Solar,2026-08-04T05:33:58Z
2026-08-04T05:31:07Z,2026-08-04T07:31:07+0200,fe4314c0-08bc-43c1-bc96-38bb7e2cf46d,2026-07-12T12:30:00Z,2026-07-12T14:30:00+0200,1228.34,MW,DK1,DK_1,actual_solar_generation,Solar,2026-08-04T05:33:58Z
2026-08-04T05:31:07Z,2026-08-04T07:31:07+0200,fe4314c0-08bc-43c1-bc96-38bb7e2cf46d,2026-07-12T12:45:00Z,2026-07-12T14:45:00+0200,1216.94,MW,DK1,DK_1,actual_solar_generation,Solar,2026-08-04T05:33:58Z
2026-08-04T05:31:07Z,2026-08-04T07:31:07+0200,fe4314c0-08bc-43c1-bc96-38bb7e2cf46d,2026-07-12T13:00:00Z,2026-07-12T15:00:00+0200,1191.65,MW,DK1,DK_1,actual_solar_generation,Solar,2026-08-04T05:33:58Z
2026-08-04T05:31:07Z,2026-08-04T07:31:07+0200,fe4314c0-08bc-43c1-bc96-38bb7e2cf46d,2026-07-12T13:15:00Z,2026-07-12T15:15:00+0200,1214.78,MW,DK1,DK_1,actual_solar_generation,Solar,2026-08-04T05:33:58Z
2026-08-04T05:31:07Z,2026-08-04T07:31:07+0200,fe4314c0-08bc-43c1-bc96-38bb7e2cf46d,2026-07-12T13:30:00Z,2026-07-12T15:30:00+0200,1225.01,MW,DK1,DK_1,actual_solar_generation,Solar,2026-08-04T05:33:58Z
2026-08-04T05:31:07Z,2026-08-04T07:31:07+0200,fe4314c0-08bc-43c1-bc96-38bb7e2cf46d,2026-07-12T13:45:00Z,2026-07-12T15:45:00+0200,1154.49,MW,DK1,DK_1,actual_solar_generation,Solar,2026-08-04T05:33:58Z
2026-08-04T05:31:07Z,2026-08-04T07:31:07+0200,fe4314c0-08bc-43c1-bc96-38bb7e2cf46d,2026-07-12T14:00:00Z,2026-07-12T16:00:00+0200,1172.97,MW,DK1,DK_1,actual_solar_generation,Solar,2026-08-04T05:33:58Z
2026-08-04T05:31:07Z,2026-08-04T07:31:07+0200,fe4314c0-08bc-43c1-bc96-38bb7e2cf46d,2026-07-12T14:15:00Z,2026-07-12T16:15:00+0200,1336.11,MW,DK1,DK_1,actual_solar_generation,Solar,2026-08-04T05:33:58Z
2026-08-04T05:31:07Z,2026-08-04T07:31:07+0200,fe4314c0-08bc-43c1-bc96-38bb7e2cf46d,2026-07-12T14:30:00Z,2026-07-12T16:30:00+0200,1559.08,MW,DK1,DK_1,actual_solar_generation,Solar,2026-08-04T05:33:58Z
2026-08-04T05:31:07Z,2026-08-04T07:31:07+0200,fe4314c0-08bc-43c1-bc96-38bb7e2cf46d,2026-07-12T14:45:00Z,2026-07-12T16:45:00+0200,1484.78,MW,DK1,DK_1,actual_solar_generation,Solar,2026-08-04T05:33:58Z
2026-08-04T05:31:07Z,2026-08-04T07:31:07+0200,fe4314c0-08bc-43c1-bc96-38bb7e2cf46d,2026-07-12T15:00:00Z,2026-07-12T17:00:00+0200,1423.09,MW,DK1,DK_1,actual_solar_generation,Solar,2026-08-04T05:33:58Z
2026-08-04T05:31:07Z,2026-08-04T07:31:07+0200,fe4314c0-08bc-43c1-bc96-38bb7e2cf46d,2026-07-12T15:15:00Z,2026-07-12T17:15:00+0200,1440.65,MW,DK1,DK_1,actual_solar_generation,Solar,2026-08-04T05:33:58Z
2026-08-04T05:31:07Z,2026-08-04T07:31:07+0200,fe4314c0-08bc-43c1-bc96-38bb7e2cf46d,2026-07-12T15:30:00Z,2026-07-12T17:30:00+0200,1438.5,MW,DK1,DK_1,actual_solar_generation,Solar,2026-08-04T05:33:58Z
2026-08-04T05:31:07Z,2026-08-04T07:31:07+0200,fe4314c0-08bc-43c1-bc96-38bb7e2cf46d,2026-07-12T15:45:00Z,2026-07-12T17:45:00+0200,1361.01,MW,DK1,DK_1,actual_solar_generation,Solar,2026-08-04T05:33:58Z
2026-08-04T05:31:07Z,2026-08-04T07:31:07+0200,fe4314c0-08bc-43c1-bc96-38bb7e2cf46d,2026-07-12T16:00:00Z,2026-07-12T18:00:00+0200,1375.83,MW,DK1,DK_1,actual_solar_generation,Solar,2026-08-04T05:33:58Z
2026-08-04T05:31:07Z,2026-08-04T07:31:07+0200,fe4314c0-08bc-43c1-bc96-38bb7e2cf46d,2026-07-12T16:15:00Z,2026-07-12T18:15:00+0200,1260.02,MW,DK1,DK_1,actual_solar_generation,Solar,2026-08-04T05:33:58Z
2026-08-04T05:31:07Z,2026-08-04T07:31:07+0200,fe4314c0-08bc-43c1-bc96-38bb7e2cf46d,2026-07-12T16:30:00Z,2026-07-12T18:30:00+0200,1148.22,MW,DK1,DK_1,actual_solar_generation,Solar,2026-08-04T05:33:58Z
2026-08-04T05:31:07Z,2026-08-04T07:31:07+0200,fe4314c0-08bc-43c1-bc96-38bb7e2cf46d,2026-07-12T16:45:00Z,2026-07-12T18:45:00+0200,972.497,MW,DK1,DK_1,actual_solar_generation,Solar,2026-08-04T05:33:58Z
2026-08-04T05:31:07Z,2026-08-04T07:31:07+0200,fe4314c0-08bc-43c1-bc96-38bb7e2cf46d,2026-07-12T17:00:00Z,2026-07-12T19:00:00+0200,854.432,MW,DK1,DK_1,actual_solar_generation,Solar,2026-08-04T05:33:58Z
2026-08-04T05:31:07Z,2026-08-04T07:31:07+0200,fe4314c0-08bc-43c1-bc96-38bb7e2cf46d,2026-07-12T17:15:00Z,2026-07-12T19:15:00+0200,715.231,MW,DK1,DK_1,actual_solar_generation,Solar,2026-08-04T05:33:58Z
2026-08-04T05:31:07Z,2026-08-04T07:31:07+0200,fe4314c0-08bc-43c1-bc96-38bb7e2cf46d,2026-07-12T17:30:00Z,2026-07-12T19:30:00+0200,563.701,MW,DK1,DK_1,actual_solar_generation,Solar,2026-08-04T05:33:58Z
2026-08-04T05:31:07Z,2026-08-04T07:31:07+0200,fe4314c0-08bc-43c1-bc96-38bb7e2cf46d,2026-07-12T17:45:00Z,2026-07-12T19:45:00+0200,424.22,MW,DK1,DK_1,actual_solar_generation,Solar,2026-08-04T05:33:58Z
2026-08-04T05:31:07Z,2026-08-04T07:31:07+0200,fe4314c0-08bc-43c1-bc96-38bb7e2cf46d,2026-07-12T18:00:00Z,2026-07-12T20:00:00+0200,317.875,MW,DK1,DK_1,actual_solar_generation,Solar,2026-08-04T05:33:58Z
2026-08-04T05:31:07Z,2026-08-04T07:31:07+0200,fe4314c0-08bc-43c1-bc96-38bb7e2cf46d,2026-07-12T18:15:00Z,2026-07-12T20:15:00+0200,248.485,MW,DK1,DK_1,actual_solar_generation,Solar,2026-08-04T05:33:58Z
2026-08-04T05:31:07Z,2026-08-04T07:31:07+0200,fe4314c0-08bc-43c1-bc96-38bb7e2cf46d,2026-07-12T18:30:00Z,2026-07-12T20:30:00+0200,184.402,MW,DK1,DK_1,actual_solar_generation,Solar,2026-08-04T05:33:58Z
2026-08-04T05:31:07Z,2026-08-04T07:31:07+0200,fe4314c0-08bc-43c1-bc96-38bb7e2cf46d,2026-07-12T18:45:00Z,2026-07-12T20:45:00+0200,137.039,MW,DK1,DK_1,actual_solar_generation,Solar,2026-08-04T05:33:58Z
2026-08-04T05:31:07Z,2026-08-04T07:31:07+0200,fe4314c0-08bc-43c1-bc96-38bb7e2cf46d,2026-07-12T19:00:00Z,2026-07-12T21:00:00+0200,99.2726,MW,DK1,DK_1,actual_solar_generation,Solar,2026-08-04T05:33:58Z
2026-08-04T05:31:07Z,2026-08-04T07:31:07+0200,fe4314c0-08bc-43c1-bc96-38bb7e2cf46d,2026-07-12T19:15:00Z,2026-07-12T21:15:00+0200,67.3541,MW,DK1,DK_1,actual_solar_generation,Solar,2026-08-04T05:33:58Z
2026-08-04T05:31:07Z,2026-08-04T07:31:07+0200,fe4314c0-08bc-43c1-bc96-38bb7e2cf46d,2026-07-12T19:30:00Z,2026-07-12T21:30:00+0200,38.306,MW,DK1,DK_1,actual_solar_generation,Solar,2026-08-04T05:33:58Z
2026-08-04T05:31:07Z,2026-08-04T07:31:07+0200,fe4314c0-08bc-43c1-bc96-38bb7e2cf46d,2026-07-12T19:45:00Z,2026-07-12T21:45:00+0200,17.2643,MW,DK1,DK_1,actual_solar_generation,Solar,2026-08-04T05:33:58Z
2026-08-04T05:31:07Z,2026-08-04T07:31:07+0200,fe4314c0-08bc-43c1-bc96-38bb7e2cf46d,2026-07-12T20:00:00Z,2026-07-12T22:00:00+0200,6.60369,MW,DK1,DK_1,actual_solar_generation,Solar,2026-08-04T05:33:58Z
2026-08-04T05:31:07Z,2026-08-04T07:31:07+0200,fe4314c0-08bc-43c1-bc96-38bb7e2cf46d,2026-07-12T20:15:00Z,2026-07-12T22:15:00+0200,3.3837,MW,DK1,DK_1,actual_solar_generation,Solar,2026-08-04T05:33:58Z
2026-08-04T05:31:07Z,2026-08-04T07:31:07+0200,fe4314c0-08bc-43c1-bc96-38bb7e2cf46d,2026-07-12T20:30:00Z,2026-07-12T22:30:00+0200,3.05101,MW,DK1,DK_1,actual_solar_generation,Solar,2026-08-04T05:33:58Z
2026-08-04T05:31:07Z,2026-08-04T07:31:07+0200,fe4314c0-08bc-43c1-bc96-38bb7e2cf46d,2026-07-12T20:45:00Z,2026-07-12T22:45:00+0200,3.77482,MW,DK1,DK_1,actual_solar_generation,Solar,2026-08-04T05:33:58Z
2026-08-04T05:31:07Z,2026-08-04T07:31:07+0200,fe4314c0-08bc-43c1-bc96-38bb7e2cf46d,2026-07-12T21:00:00Z,2026-07-12T23:00:00+0200,4.46986,MW,DK1,DK_1,actual_solar_generation,Solar,2026-08-04T05:33:58Z
2026-08-04T05:31:07Z,2026-08-04T07:31:07+0200,fe4314c0-08bc-43c1-bc96-38bb7e2cf46d,2026-07-12T21:15:00Z,2026-07-12T23:15:00+0200,4.54256,MW,DK1,DK_1,actual_solar_generation,Solar,2026-08-04T05:33:58Z
2026-08-04T05:31:07Z,2026-08-04T07:31:07+0200,fe4314c0-08bc-43c1-bc96-38bb7e2cf46d,2026-07-12T21:30:00Z,2026-07-12T23:30:00+0200,4.49258,MW,DK1,DK_1,actual_solar_generation,Solar,2026-08-04T05:33:58Z
2026-08-04T05:31:07Z,2026-08-04T07:31:07+0200,fe4314c0-08bc-43c1-bc96-38bb7e2cf46d,2026-07-12T21:45:00Z,2026-07-12T23:45:00+0200,4.99535,MW,DK1,DK_1,actual_solar_generation,Solar,2026-08-04T05:33:58Z
2026-08-04T05:31:07Z,2026-08-04T07:31:07+0200,fe4314c0-08bc-43c1-bc96-38bb7e2cf46d,2026-07-12T22:00:00Z,2026-07-13T00:00:00+0200,5.3182,MW,DK1,DK_1,actual_solar_generation,Solar,2026-08-04T05:33:58Z
2026-08-04T05:31:07Z,2026-08-04T07:31:07+0200,fe4314c0-08bc-43c1-bc96-38bb7e2cf46d,2026-07-12T22:15:00Z,2026-07-13T00:15:00+0200,5.28687,MW,DK1,DK_1,actual_solar_generation,Solar,2026-08-04T05:33:58Z
2026-08-04T05:31:07Z,2026-08-04T07:31:07+0200,fe4314c0-08bc-43c1-bc96-38bb7e2cf46d,2026-07-12T22:30:00Z,2026-07-13T00:30:00+0200,5.17595,MW,DK1,DK_1,actual_solar_generation,Solar,2026-08-04T05:33:58Z
2026-08-04T05:31:07Z,2026-08-04T07:31:07+0200,fe4314c0-08bc-43c1-bc96-38bb7e2cf46d,2026-07-12T22:45:00Z,2026-07-13T00:45:00+0200,5.39903,MW,DK1,DK_1,actual_solar_generation,Solar,2026-08-04T05:33:58Z
2026-08-04T05:31:07Z,2026-08-04T07:31:07+0200,fe4314c0-08bc-43c1-bc96-38bb7e2cf46d,2026-07-12T23:00:00Z,2026-07-13T01:00:00+0200,4.72378,MW,DK1,DK_1,actual_solar_generation,Solar,2026-08-04T05:33:58Z
2026-08-04T05:31:07Z,2026-08-04T07:31:07+0200,fe4314c0-08bc-43c1-bc96-38bb7e2cf46d,2026-07-12T23:15:00Z,2026-07-13T01:15:00+0200,4.23756,MW,DK1,DK_1,actual_solar_generation,Solar,2026-08-04T05:33:58Z
2026-08-04T05:31:07Z,2026-08-04T07:31:07+0200,fe4314c0-08bc-43c1-bc96-38bb7e2cf46d,2026-07-12T23:30:00Z,2026-07-13T01:30:00+0200,3.43098,MW,DK1,DK_1,actual_solar_generation,Solar,2026-08-04T05:33:58Z
2026-08-04T05:31:07Z,2026-08-04T07:31:07+0200,fe4314c0-08bc-43c1-bc96-38bb7e2cf46d,2026-07-12T23:45:00Z,2026-07-13T01:45:00+0200,3.37375,MW,DK1,DK_1,actual_solar_generation,Solar,2026-08-04T05:33:58Z
2026-08-04T05:31:07Z,2026-08-04T07:31:07+0200,fe4314c0-08bc-43c1-bc96-38bb7e2cf46d,2026-07-13T00:00:00Z,2026-07-13T02:00:00+0200,4.77301,MW,DK1,DK_1,actual_solar_generation,Solar,2026-08-04T05:33:58Z
2026-08-04T05:31:07Z,2026-08-04T07:31:07+0200,fe4314c0-08bc-43c1-bc96-38bb7e2cf46d,2026-07-13T00:15:00Z,2026-07-13T02:15:00+0200,4.70805,MW,DK1,DK_1,actual_solar_generation,Solar,2026-08-04T05:33:58Z
2026-08-04T05:31:07Z,2026-08-04T07:31:07+0200,fe4314c0-08bc-43c1-bc96-38bb7e2cf46d,2026-07-13T00:30:00Z,2026-07-13T02:30:00+0200,4.34974,MW,DK1,DK_1,actual_solar_generation,Solar,2026-08-04T05:33:58Z
2026-08-04T05:31:07Z,2026-08-04T07:31:07+0200,fe4314c0-08bc-43c1-bc96-38bb7e2cf46d,2026-07-13T00:45:00Z,2026-07-13T02:45:00+0200,3.90393,MW,DK1,DK_1,actual_solar_generation,Solar,2026-08-04T05:33:58Z
2026-08-04T05:31:07Z,2026-08-04T07:31:07+0200,fe4314c0-08bc-43c1-bc96-38bb7e2cf46d,2026-07-13T01:00:00Z,2026-07-13T03:00:00+0200,3.32309,MW,DK1,DK_1,actual_solar_generation,Solar,2026-08-04T05:33:58Z
2026-08-04T05:31:07Z,2026-08-04T07:31:07+0200,fe4314c0-08bc-43c1-bc96-38bb7e2cf46d,2026-07-13T01:15:00Z,2026-07-13T03:15:00+0200,3.45964,MW,DK1,DK_1,actual_solar_generation,Solar,2026-08-04T05:33:58Z
2026-08-04T05:31:07Z,2026-08-04T07:31:07+0200,fe4314c0-08bc-43c1-bc96-38bb7e2cf46d,2026-07-13T01:30:00Z,2026-07-13T03:30:00+0200,3.97617,MW,DK1,DK_1,actual_solar_generation,Solar,2026-08-04T05:33:58Z
2026-08-04T05:31:07Z,2026-08-04T07:31:07+0200,fe4314c0-08bc-43c1-bc96-38bb7e2cf46d,2026-07-13T01:45:00Z,2026-07-13T03:45:00+0200,4.14126,MW,DK1,DK_1,actual_solar_generation,Solar,2026-08-04T05:33:58Z
2026-08-04T05:31:07Z,2026-08-04T07:31:07+0200,fe4314c0-08bc-43c1-bc96-38bb7e2cf46d,2026-07-13T02:00:00Z,2026-07-13T04:00:00+0200,4.77553,MW,DK1,DK_1,actual_solar_generation,Solar,2026-08-04T05:33:58Z
2026-08-04T05:31:07Z,2026-08-04T07:31:07+0200,fe4314c0-08bc-43c1-bc96-38bb7e2cf46d,2026-07-13T02:15:00Z,2026-07-13T04:15:00+0200,5.2447,MW,DK1,DK_1,actual_solar_generation,Solar,2026-08-04T05:33:58Z
2026-08-04T05:31:07Z,2026-08-04T07:31:07+0200,fe4314c0-08bc-43c1-bc96-38bb7e2cf46d,2026-07-13T02:30:00Z,2026-07-13T04:30:00+0200,6.50234,MW,DK1,DK_1,actual_solar_generation,Solar,2026-08-04T05:33:58Z
2026-08-04T05:31:07Z,2026-08-04T07:31:07+0200,fe4314c0-08bc-43c1-bc96-38bb7e2cf46d,2026-07-13T02:45:00Z,2026-07-13T04:45:00+0200,7.86871,MW,DK1,DK_1,actual_solar_generation,Solar,2026-08-04T05:33:58Z
2026-08-04T05:31:07Z,2026-08-04T07:31:07+0200,fe4314c0-08bc-43c1-bc96-38bb7e2cf46d,2026-07-13T03:00:00Z,2026-07-13T05:00:00+0200,11.8802,MW,DK1,DK_1,actual_solar_generation,Solar,2026-08-04T05:33:58Z
2026-08-04T05:31:07Z,2026-08-04T07:31:07+0200,fe4314c0-08bc-43c1-bc96-38bb7e2cf46d,2026-07-13T03:15:00Z,2026-07-13T05:15:00+0200,24.4776,MW,DK1,DK_1,actual_solar_generation,Solar,2026-08-04T05:33:58Z
2026-08-04T05:31:07Z,2026-08-04T07:31:07+0200,fe4314c0-08bc-43c1-bc96-38bb7e2cf46d,2026-07-13T03:30:00Z,2026-07-13T05:30:00+0200,46.116,MW,DK1,DK_1,actual_solar_generation,Solar,2026-08-04T05:33:58Z
2026-08-04T05:31:07Z,2026-08-04T07:31:07+0200,fe4314c0-08bc-43c1-bc96-38bb7e2cf46d,2026-07-13T03:45:00Z,2026-07-13T05:45:00+0200,82.6813,MW,DK1,DK_1,actual_solar_generation,Solar,2026-08-04T05:33:58Z
2026-08-04T05:31:07Z,2026-08-04T07:31:07+0200,fe4314c0-08bc-43c1-bc96-38bb7e2cf46d,2026-07-13T04:00:00Z,2026-07-13T06:00:00+0200,126.4,MW,DK1,DK_1,actual_solar_generation,Solar,2026-08-04T05:33:58Z
2026-08-04T05:31:07Z,2026-08-04T07:31:07+0200,fe4314c0-08bc-43c1-bc96-38bb7e2cf46d,2026-07-13T04:15:00Z,2026-07-13T06:15:00+0200,164.678,MW,DK1,DK_1,actual_solar_generation,Solar,2026-08-04T05:33:58Z
2026-08-04T05:31:07Z,2026-08-04T07:31:07+0200,fe4314c0-08bc-43c1-bc96-38bb7e2cf46d,2026-07-13T04:30:00Z,2026-07-13T06:30:00+0200,214.68,MW,DK1,DK_1,actual_solar_generation,Solar,2026-08-04T05:33:58Z
2026-08-04T05:31:07Z,2026-08-04T07:31:07+0200,fe4314c0-08bc-43c1-bc96-38bb7e2cf46d,2026-07-13T04:45:00Z,2026-07-13T06:45:00+0200,283.745,MW,DK1,DK_1,actual_solar_generation,Solar,2026-08-04T05:33:58Z
2026-08-04T05:31:07Z,2026-08-04T07:31:07+0200,fe4314c0-08bc-43c1-bc96-38bb7e2cf46d,2026-07-13T05:00:00Z,2026-07-13T07:00:00+0200,379.777,MW,DK1,DK_1,actual_solar_generation,Solar,2026-08-04T05:33:58Z
2026-08-04T05:31:07Z,2026-08-04T07:31:07+0200,fe4314c0-08bc-43c1-bc96-38bb7e2cf46d,2026-07-13T05:15:00Z,2026-07-13T07:15:00+0200,477.556,MW,DK1,DK_1,actual_solar_generation,Solar,2026-08-04T05:33:58Z
2026-08-04T05:31:07Z,2026-08-04T07:31:07+0200,fe4314c0-08bc-43c1-bc96-38bb7e2cf46d,2026-07-13T05:30:00Z,2026-07-13T07:30:00+0200,576.721,MW,DK1,DK_1,actual_solar_generation,Solar,2026-08-04T05:33:58Z
2026-08-04T05:31:07Z,2026-08-04T07:31:07+0200,fe4314c0-08bc-43c1-bc96-38bb7e2cf46d,2026-07-13T05:45:00Z,2026-07-13T07:45:00+0200,714.639,MW,DK1,DK_1,actual_solar_generation,Solar,2026-08-04T05:33:58Z
2026-08-04T05:31:07Z,2026-08-04T07:31:07+0200,fe4314c0-08bc-43c1-bc96-38bb7e2cf46d,2026-07-13T06:00:00Z,2026-07-13T08:00:00+0200,830.191,MW,DK1,DK_1,actual_solar_generation,Solar,2026-08-04T05:33:58Z
2026-08-04T05:31:07Z,2026-08-04T07:31:07+0200,fe4314c0-08bc-43c1-bc96-38bb7e2cf46d,2026-07-13T06:15:00Z,2026-07-13T08:15:00+0200,930.159,MW,DK1,DK_1,actual_solar_generation,Solar,2026-08-04T05:33:58Z
2026-08-04T05:31:07Z,2026-08-04T07:31:07+0200,fe4314c0-08bc-43c1-bc96-38bb7e2cf46d,2026-07-13T06:30:00Z,2026-07-13T08:30:00+0200,1017.7,MW,DK1,DK_1,actual_solar_generation,Solar,2026-08-04T05:33:58Z
2026-08-04T05:31:07Z,2026-08-04T07:31:07+0200,fe4314c0-08bc-43c1-bc96-38bb7e2cf46d,2026-07-13T06:45:00Z,2026-07-13T08:45:00+0200,1130.11,MW,DK1,DK_1,actual_solar_generation,Solar,2026-08-04T05:33:58Z
2026-08-04T05:31:07Z,2026-08-04T07:31:07+0200,fe4314c0-08bc-43c1-bc96-38bb7e2cf46d,2026-07-13T07:00:00Z,2026-07-13T09:00:00+0200,1312.79,MW,DK1,DK_1,actual_solar_generation,Solar,2026-08-04T05:33:58Z
2026-08-04T05:31:07Z,2026-08-04T07:31:07+0200,fe4314c0-08bc-43c1-bc96-38bb7e2cf46d,2026-07-13T07:15:00Z,2026-07-13T09:15:00+0200,1436.26,MW,DK1,DK_1,actual_solar_generation,Solar,2026-08-04T05:33:58Z
2026-08-04T05:31:07Z,2026-08-04T07:31:07+0200,fe4314c0-08bc-43c1-bc96-38bb7e2cf46d,2026-07-13T07:30:00Z,2026-07-13T09:30:00+0200,1478.02,MW,DK1,DK_1,actual_solar_generation,Solar,2026-08-04T05:33:58Z
2026-08-04T05:31:07Z,2026-08-04T07:31:07+0200,fe4314c0-08bc-43c1-bc96-38bb7e2cf46d,2026-07-13T07:45:00Z,2026-07-13T09:45:00+0200,1528.73,MW,DK1,DK_1,actual_solar_generation,Solar,2026-08-04T05:33:58Z
2026-08-04T05:31:07Z,2026-08-04T07:31:07+0200,fe4314c0-08bc-43c1-bc96-38bb7e2cf46d,2026-07-13T08:00:00Z,2026-07-13T10:00:00+0200,1627.13,MW,DK1,DK_1,actual_solar_generation,Solar,2026-08-04T05:33:58Z
2026-08-04T05:31:07Z,2026-08-04T07:31:07+0200,fe4314c0-08bc-43c1-bc96-38bb7e2cf46d,2026-07-13T08:15:00Z,2026-07-13T10:15:00+0200,1744.93,MW,DK1,DK_1,actual_solar_generation,Solar,2026-08-04T05:33:58Z
2026-08-04T05:31:07Z,2026-08-04T07:31:07+0200,fe4314c0-08bc-43c1-bc96-38bb7e2cf46d,2026-07-13T08:30:00Z,2026-07-13T10:30:00+0200,1880.37,MW,DK1,DK_1,actual_solar_generation,Solar,2026-08-04T05:33:58Z
2026-08-04T05:31:07Z,2026-08-04T07:31:07+0200,fe4314c0-08bc-43c1-bc96-38bb7e2cf46d,2026-07-13T08:45:00Z,2026-07-13T10:45:00+0200,1928.2,MW,DK1,DK_1,actual_solar_generation,Solar,2026-08-04T05:33:58Z
2026-08-04T05:31:07Z,2026-08-04T07:31:07+0200,fe4314c0-08bc-43c1-bc96-38bb7e2cf46d,2026-07-13T09:00:00Z,2026-07-13T11:00:00+0200,1948.5,MW,DK1,DK_1,actual_solar_generation,Solar,2026-08-04T05:33:58Z
2026-08-04T05:31:07Z,2026-08-04T07:31:07+0200,fe4314c0-08bc-43c1-bc96-38bb7e2cf46d,2026-07-13T09:15:00Z,2026-07-13T11:15:00+0200,1998.95,MW,DK1,DK_1,actual_solar_generation,Solar,2026-08-04T05:33:58Z
2026-08-04T05:31:07Z,2026-08-04T07:31:07+0200,fe4314c0-08bc-43c1-bc96-38bb7e2cf46d,2026-07-13T09:30:00Z,2026-07-13T11:30:00+0200,1908.4,MW,DK1,DK_1,actual_solar_generation,Solar,2026-08-04T05:33:58Z
2026-08-04T05:31:07Z,2026-08-04T07:31:07+0200,fe4314c0-08bc-43c1-bc96-38bb7e2cf46d,2026-07-13T09:45:00Z,2026-07-13T11:45:00+0200,1966.06,MW,DK1,DK_1,actual_solar_generation,Solar,2026-08-04T05:33:58Z
2026-08-04T05:31:07Z,2026-08-04T07:31:07+0200,fe4314c0-08bc-43c1-bc96-38bb7e2cf46d,2026-07-13T10:00:00Z,2026-07-13T12:00:00+0200,2045.82,MW,DK1,DK_1,actual_solar_generation,Solar,2026-08-04T05:33:58Z
2026-08-04T05:31:07Z,2026-08-04T07:31:07+0200,fe4314c0-08bc-43c1-bc96-38bb7e2cf46d,2026-07-13T10:15:00Z,2026-07-13T12:15:00+0200,2098.52,MW,DK1,DK_1,actual_solar_generation,Solar,2026-08-04T05:33:58Z
2026-08-04T05:31:07Z,2026-08-04T07:31:07+0200,fe4314c0-08bc-43c1-bc96-38bb7e2cf46d,2026-07-13T10:30:00Z,2026-07-13T12:30:00+0200,1981.97,MW,DK1,DK_1,actual_solar_generation,Solar,2026-08-04T05:33:58Z
2026-08-04T05:31:07Z,2026-08-04T07:31:07+0200,fe4314c0-08bc-43c1-bc96-38bb7e2cf46d,2026-07-13T10:45:00Z,2026-07-13T12:45:00+0200,1926.39,MW,DK1,DK_1,actual_solar_generation,Solar,2026-08-04T05:33:58Z
2026-08-04T05:31:07Z,2026-08-04T07:31:07+0200,fe4314c0-08bc-43c1-bc96-38bb7e2cf46d,2026-07-13T11:00:00Z,2026-07-13T13:00:00+0200,1933.44,MW,DK1,DK_1,actual_solar_generation,Solar,2026-08-04T05:33:58Z
2026-08-04T05:31:07Z,2026-08-04T07:31:07+0200,fe4314c0-08bc-43c1-bc96-38bb7e2cf46d,2026-07-13T11:15:00Z,2026-07-13T13:15:00+0200,1976.62,MW,DK1,DK_1,actual_solar_generation,Solar,2026-08-04T05:33:58Z
2026-08-04T05:31:07Z,2026-08-04T07:31:07+0200,fe4314c0-08bc-43c1-bc96-38bb7e2cf46d,2026-07-13T11:30:00Z,2026-07-13T13:30:00+0200,2083.85,MW,DK1,DK_1,actual_solar_generation,Solar,2026-08-04T05:33:58Z
2026-08-04T05:31:07Z,2026-08-04T07:31:07+0200,fe4314c0-08bc-43c1-bc96-38bb7e2cf46d,2026-07-13T11:45:00Z,2026-07-13T13:45:00+0200,2145.19,MW,DK1,DK_1,actual_solar_generation,Solar,2026-08-04T05:33:58Z
2026-08-04T05:31:07Z,2026-08-04T07:31:07+0200,fe4314c0-08bc-43c1-bc96-38bb7e2cf46d,2026-07-13T12:00:00Z,2026-07-13T14:00:00+0200,2120.16,MW,DK1,DK_1,actual_solar_generation,Solar,2026-08-04T05:33:58Z
2026-08-04T05:31:07Z,2026-08-04T07:31:07+0200,fe4314c0-08bc-43c1-bc96-38bb7e2cf46d,2026-07-13T12:15:00Z,2026-07-13T14:15:00+0200,1929.46,MW,DK1,DK_1,actual_solar_generation,Solar,2026-08-04T05:33:58Z
2026-08-04T05:31:07Z,2026-08-04T07:31:07+0200,fe4314c0-08bc-43c1-bc96-38bb7e2cf46d,2026-07-13T12:30:00Z,2026-07-13T14:30:00+0200,1931.82,MW,DK1,DK_1,actual_solar_generation,Solar,2026-08-04T05:33:58Z
2026-08-04T05:31:07Z,2026-08-04T07:31:07+0200,fe4314c0-08bc-43c1-bc96-38bb7e2cf46d,2026-07-13T12:45:00Z,2026-07-13T14:45:00+0200,2054.69,MW,DK1,DK_1,actual_solar_generation,Solar,2026-08-04T05:33:58Z
2026-08-04T05:31:07Z,2026-08-04T07:31:07+0200,fe4314c0-08bc-43c1-bc96-38bb7e2cf46d,2026-07-13T13:00:00Z,2026-07-13T15:00:00+0200,2132.34,MW,DK1,DK_1,actual_solar_generation,Solar,2026-08-04T05:33:58Z
2026-08-04T05:31:07Z,2026-08-04T07:31:07+0200,fe4314c0-08bc-43c1-bc96-38bb7e2cf46d,2026-07-13T13:15:00Z,2026-07-13T15:15:00+0200,2012.08,MW,DK1,DK_1,actual_solar_generation,Solar,2026-08-04T05:33:58Z
2026-08-04T05:31:07Z,2026-08-04T07:31:07+0200,fe4314c0-08bc-43c1-bc96-38bb7e2cf46d,2026-07-13T13:30:00Z,2026-07-13T15:30:00+0200,1977.87,MW,DK1,DK_1,actual_solar_generation,Solar,2026-08-04T05:33:58Z
2026-08-04T05:31:07Z,2026-08-04T07:31:07+0200,fe4314c0-08bc-43c1-bc96-38bb7e2cf46d,2026-07-13T13:45:00Z,2026-07-13T15:45:00+0200,1939.73,MW,DK1,DK_1,actual_solar_generation,Solar,2026-08-04T05:33:58Z
2026-08-04T05:31:07Z,2026-08-04T07:31:07+0200,fe4314c0-08bc-43c1-bc96-38bb7e2cf46d,2026-07-13T14:00:00Z,2026-07-13T16:00:00+0200,1829.52,MW,DK1,DK_1,actual_solar_generation,Solar,2026-08-04T05:33:58Z
2026-08-04T05:31:07Z,2026-08-04T07:31:07+0200,fe4314c0-08bc-43c1-bc96-38bb7e2cf46d,2026-07-13T14:15:00Z,2026-07-13T16:15:00+0200,1770.82,MW,DK1,DK_1,actual_solar_generation,Solar,2026-08-04T05:33:58Z
2026-08-04T05:31:07Z,2026-08-04T07:31:07+0200,fe4314c0-08bc-43c1-bc96-38bb7e2cf46d,2026-07-13T14:30:00Z,2026-07-13T16:30:00+0200,1880.7,MW,DK1,DK_1,actual_solar_generation,Solar,2026-08-04T05:33:58Z
2026-08-04T05:31:07Z,2026-08-04T07:31:07+0200,fe4314c0-08bc-43c1-bc96-38bb7e2cf46d,2026-07-13T14:45:00Z,2026-07-13T16:45:00+0200,1794.34,MW,DK1,DK_1,actual_solar_generation,Solar,2026-08-04T05:33:58Z
2026-08-04T05:31:07Z,2026-08-04T07:31:07+0200,fe4314c0-08bc-43c1-bc96-38bb7e2cf46d,2026-07-13T15:00:00Z,2026-07-13T17:00:00+0200,1865.62,MW,DK1,DK_1,actual_solar_generation,Solar,2026-08-04T05:33:58Z
2026-08-04T05:31:07Z,2026-08-04T07:31:07+0200,fe4314c0-08bc-43c1-bc96-38bb7e2cf46d,2026-07-13T15:15:00Z,2026-07-13T17:15:00+0200,1724.73,MW,DK1,DK_1,actual_solar_generation,Solar,2026-08-04T05:33:58Z
2026-08-04T05:31:07Z,2026-08-04T07:31:07+0200,fe4314c0-08bc-43c1-bc96-38bb7e2cf46d,2026-07-13T15:30:00Z,2026-07-13T17:30:00+0200,1585.52,MW,DK1,DK_1,actual_solar_generation,Solar,2026-08-04T05:33:58Z
2026-08-04T05:31:07Z,2026-08-04T07:31:07+0200,fe4314c0-08bc-43c1-bc96-38bb7e2cf46d,2026-07-13T15:45:00Z,2026-07-13T17:45:00+0200,1517.23,MW,DK1,DK_1,actual_solar_generation,Solar,2026-08-04T05:33:58Z
2026-08-04T05:31:07Z,2026-08-04T07:31:07+0200,fe4314c0-08bc-43c1-bc96-38bb7e2cf46d,2026-07-13T16:00:00Z,2026-07-13T18:00:00+0200,1409.79,MW,DK1,DK_1,actual_solar_generation,Solar,2026-08-04T05:33:58Z
2026-08-04T05:31:07Z,2026-08-04T07:31:07+0200,fe4314c0-08bc-43c1-bc96-38bb7e2cf46d,2026-07-13T16:15:00Z,2026-07-13T18:15:00+0200,1213.24,MW,DK1,DK_1,actual_solar_generation,Solar,2026-08-04T05:33:58Z
2026-08-04T05:31:07Z,2026-08-04T07:31:07+0200,fe4314c0-08bc-43c1-bc96-38bb7e2cf46d,2026-07-13T16:30:00Z,2026-07-13T18:30:00+0200,1067.27,MW,DK1,DK_1,actual_solar_generation,Solar,2026-08-04T05:33:58Z
2026-08-04T05:31:07Z,2026-08-04T07:31:07+0200,fe4314c0-08bc-43c1-bc96-38bb7e2cf46d,2026-07-13T16:45:00Z,2026-07-13T18:45:00+0200,943.901,MW,DK1,DK_1,actual_solar_generation,Solar,2026-08-04T05:33:58Z
2026-08-04T05:31:07Z,2026-08-04T07:31:07+0200,fe4314c0-08bc-43c1-bc96-38bb7e2cf46d,2026-07-13T17:00:00Z,2026-07-13T19:00:00+0200,759.549,MW,DK1,DK_1,actual_solar_generation,Solar,2026-08-04T05:33:58Z
2026-08-04T05:31:07Z,2026-08-04T07:31:07+0200,fe4314c0-08bc-43c1-bc96-38bb7e2cf46d,2026-07-13T17:15:00Z,2026-07-13T19:15:00+0200,596.609,MW,DK1,DK_1,actual_solar_generation,Solar,2026-08-04T05:33:58Z
2026-08-04T05:31:07Z,2026-08-04T07:31:07+0200,fe4314c0-08bc-43c1-bc96-38bb7e2cf46d,2026-07-13T17:30:00Z,2026-07-13T19:30:00+0200,499.747,MW,DK1,DK_1,actual_solar_generation,Solar,2026-08-04T05:33:58Z
2026-08-04T05:31:07Z,2026-08-04T07:31:07+0200,fe4314c0-08bc-43c1-bc96-38bb7e2cf46d,2026-07-13T17:45:00Z,2026-07-13T19:45:00+0200,407.346,MW,DK1,DK_1,actual_solar_generation,Solar,2026-08-04T05:33:58Z
2026-08-04T05:31:07Z,2026-08-04T07:31:07+0200,fe4314c0-08bc-43c1-bc96-38bb7e2cf46d,2026-07-13T18:00:00Z,2026-07-13T20:00:00+0200,318.104,MW,DK1,DK_1,actual_solar_generation,Solar,2026-08-04T05:33:58Z
2026-08-04T05:31:07Z,2026-08-04T07:31:07+0200,fe4314c0-08bc-43c1-bc96-38bb7e2cf46d,2026-07-13T18:15:00Z,2026-07-13T20:15:00+0200,250.056,MW,DK1,DK_1,actual_solar_generation,Solar,2026-08-04T05:33:58Z
2026-08-04T05:31:07Z,2026-08-04T07:31:07+0200,fe4314c0-08bc-43c1-bc96-38bb7e2cf46d,2026-07-13T18:30:00Z,2026-07-13T20:30:00+0200,197.517,MW,DK1,DK_1,actual_solar_generation,Solar,2026-08-04T05:33:58Z
2026-08-04T05:31:07Z,2026-08-04T07:31:07+0200,fe4314c0-08bc-43c1-bc96-38bb7e2cf46d,2026-07-13T18:45:00Z,2026-07-13T20:45:00+0200,148.195,MW,DK1,DK_1,actual_solar_generation,Solar,2026-08-04T05:33:58Z
2026-08-04T05:31:07Z,2026-08-04T07:31:07+0200,fe4314c0-08bc-43c1-bc96-38bb7e2cf46d,2026-07-13T19:00:00Z,2026-07-13T21:00:00+0200,106.549,MW,DK1,DK_1,actual_solar_generation,Solar,2026-08-04T05:33:58Z
2026-08-04T05:31:07Z,2026-08-04T07:31:07+0200,fe4314c0-08bc-43c1-bc96-38bb7e2cf46d,2026-07-13T19:15:00Z,2026-07-13T21:15:00+0200,74.6881,MW,DK1,DK_1,actual_solar_generation,Solar,2026-08-04T05:33:58Z
2026-08-04T05:31:07Z,2026-08-04T07:31:07+0200,fe4314c0-08bc-43c1-bc96-38bb7e2cf46d,2026-07-13T19:30:00Z,2026-07-13T21:30:00+0200,41.0756,MW,DK1,DK_1,actual_solar_generation,Solar,2026-08-04T05:33:58Z
2026-08-04T05:31:07Z,2026-08-04T07:31:07+0200,fe4314c0-08bc-43c1-bc96-38bb7e2cf46d,2026-07-13T19:45:00Z,2026-07-13T21:45:00+0200,18.0444,MW,DK1,DK_1,actual_solar_generation,Solar,2026-08-04T05:33:58Z
2026-08-04T05:31:07Z,2026-08-04T07:31:07+0200,fe4314c0-08bc-43c1-bc96-38bb7e2cf46d,2026-07-13T20:00:00Z,2026-07-13T22:00:00+0200,4.88976,MW,DK1,DK_1,actual_solar_generation,Solar,2026-08-04T05:33:58Z
2026-08-04T05:31:07Z,2026-08-04T07:31:07+0200,fe4314c0-08bc-43c1-bc96-38bb7e2cf46d,2026-07-13T20:15:00Z,2026-07-13T22:15:00+0200,1.83871,MW,DK1,DK_1,actual_solar_generation,Solar,2026-08-04T05:33:58Z
2026-08-04T05:31:07Z,2026-08-04T07:31:07+0200,fe4314c0-08bc-43c1-bc96-38bb7e2cf46d,2026-07-13T20:30:00Z,2026-07-13T22:30:00+0200,1.5908,MW,DK1,DK_1,actual_solar_generation,Solar,2026-08-04T05:33:58Z
2026-08-04T05:31:07Z,2026-08-04T07:31:07+0200,fe4314c0-08bc-43c1-bc96-38bb7e2cf46d,2026-07-13T20:45:00Z,2026-07-13T22:45:00+0200,1.90039,MW,DK1,DK_1,actual_solar_generation,Solar,2026-08-04T05:33:58Z
2026-08-04T05:31:07Z,2026-08-04T07:31:07+0200,fe4314c0-08bc-43c1-bc96-38bb7e2cf46d,2026-07-13T21:00:00Z,2026-07-13T23:00:00+0200,2.79495,MW,DK1,DK_1,actual_solar_generation,Solar,2026-08-04T05:33:58Z
2026-08-04T05:31:07Z,2026-08-04T07:31:07+0200,fe4314c0-08bc-43c1-bc96-38bb7e2cf46d,2026-07-13T21:15:00Z,2026-07-13T23:15:00+0200,1.93541,MW,DK1,DK_1,actual_solar_generation,Solar,2026-08-04T05:33:58Z
2026-08-04T05:31:07Z,2026-08-04T07:31:07+0200,fe4314c0-08bc-43c1-bc96-38bb7e2cf46d,2026-07-13T21:30:00Z,2026-07-13T23:30:00+0200,1.50098,MW,DK1,DK_1,actual_solar_generation,Solar,2026-08-04T05:33:58Z
2026-08-04T05:31:07Z,2026-08-04T07:31:07+0200,fe4314c0-08bc-43c1-bc96-38bb7e2cf46d,2026-07-13T21:45:00Z,2026-07-13T23:45:00+0200,1.4691,MW,DK1,DK_1,actual_solar_generation,Solar,2026-08-04T05:33:58Z
2026-08-04T05:31:07Z,2026-08-04T07:31:07+0200,fe4314c0-08bc-43c1-bc96-38bb7e2cf46d,2026-07-13T22:00:00Z,2026-07-14T00:00:00+0200,2.44886,MW,DK1,DK_1,actual_solar_generation,Solar,2026-08-04T05:33:58Z
2026-08-04T05:31:07Z,2026-08-04T07:31:07+0200,fe4314c0-08bc-43c1-bc96-38bb7e2cf46d,2026-07-13T22:15:00Z,2026-07-14T00:15:00+0200,3.02632,MW,DK1,DK_1,actual_solar_generation,Solar,2026-08-04T05:33:58Z
2026-08-04T05:31:07Z,2026-08-04T07:31:07+0200,fe4314c0-08bc-43c1-bc96-38bb7e2cf46d,2026-07-13T22:30:00Z,2026-07-14T00:30:00+0200,3.30882,MW,DK1,DK_1,actual_solar_generation,Solar,2026-08-04T05:33:58Z
2026-08-04T05:31:07Z,2026-08-04T07:31:07+0200,fe4314c0-08bc-43c1-bc96-38bb7e2cf46d,2026-07-13T22:45:00Z,2026-07-14T00:45:00+0200,3.70786,MW,DK1,DK_1,actual_solar_generation,Solar,2026-08-04T05:33:58Z
2026-08-04T05:31:07Z,2026-08-04T07:31:07+0200,fe4314c0-08bc-43c1-bc96-38bb7e2cf46d,2026-07-13T23:00:00Z,2026-07-14T01:00:00+0200,3.52039,MW,DK1,DK_1,actual_solar_generation,Solar,2026-08-04T05:33:58Z
2026-08-04T05:31:07Z,2026-08-04T07:31:07+0200,fe4314c0-08bc-43c1-bc96-38bb7e2cf46d,2026-07-13T23:15:00Z,2026-07-14T01:15:00+0200,3.46004,MW,DK1,DK_1,actual_solar_generation,Solar,2026-08-04T05:33:58Z
2026-08-04T05:31:07Z,2026-08-04T07:31:07+0200,fe4314c0-08bc-43c1-bc96-38bb7e2cf46d,2026-07-13T23:30:00Z,2026-07-14T01:30:00+0200,3.69424,MW,DK1,DK_1,actual_solar_generation,Solar,2026-08-04T05:33:58Z
2026-08-04T05:31:07Z,2026-08-04T07:31:07+0200,fe4314c0-08bc-43c1-bc96-38bb7e2cf46d,2026-07-13T23:45:00Z,2026-07-14T01:45:00+0200,3.46438,MW,DK1,DK_1,actual_solar_generation,Solar,2026-08-04T05:33:58Z
2026-08-04T05:31:07Z,2026-08-04T07:31:07+0200,fe4314c0-08bc-43c1-bc96-38bb7e2cf46d,2026-07-14T00:00:00Z,2026-07-14T02:00:00+0200,3.45435,MW,DK1,DK_1,actual_solar_generation,Solar,2026-08-04T05:33:58Z
2026-08-04T05:31:07Z,2026-08-04T07:31:07+0200,fe4314c0-08bc-43c1-bc96-38bb7e2cf46d,2026-07-14T00:15:00Z,2026-07-14T02:15:00+0200,2.97156,MW,DK1,DK_1,actual_solar_generation,Solar,2026-08-04T05:33:58Z
2026-08-04T05:31:07Z,2026-08-04T07:31:07+0200,fe4314c0-08bc-43c1-bc96-38bb7e2cf46d,2026-07-14T00:30:00Z,2026-07-14T02:30:00+0200,3.43813,MW,DK1,DK_1,actual_solar_generation,Solar,2026-08-04T05:33:58Z
2026-08-04T05:31:07Z,2026-08-04T07:31:07+0200,fe4314c0-08bc-43c1-bc96-38bb7e2cf46d,2026-07-14T00:45:00Z,2026-07-14T02:45:00+0200,2.87036,MW,DK1,DK_1,actual_solar_generation,Solar,2026-08-04T05:33:58Z
2026-08-04T05:31:07Z,2026-08-04T07:31:07+0200,fe4314c0-08bc-43c1-bc96-38bb7e2cf46d,2026-07-14T01:00:00Z,2026-07-14T03:00:00+0200,2.14469,MW,DK1,DK_1,actual_solar_generation,Solar,2026-08-04T05:33:58Z
2026-08-04T05:31:07Z,2026-08-04T07:31:07+0200,fe4314c0-08bc-43c1-bc96-38bb7e2cf46d,2026-07-14T01:15:00Z,2026-07-14T03:15:00+0200,1.48662,MW,DK1,DK_1,actual_solar_generation,Solar,2026-08-04T05:33:58Z
2026-08-04T05:31:07Z,2026-08-04T07:31:07+0200,fe4314c0-08bc-43c1-bc96-38bb7e2cf46d,2026-07-14T01:30:00Z,2026-07-14T03:30:00+0200,1.48323,MW,DK1,DK_1,actual_solar_generation,Solar,2026-08-04T05:33:58Z
2026-08-04T05:31:07Z,2026-08-04T07:31:07+0200,fe4314c0-08bc-43c1-bc96-38bb7e2cf46d,2026-07-14T01:45:00Z,2026-07-14T03:45:00+0200,1.49577,MW,DK1,DK_1,actual_solar_generation,Solar,2026-08-04T05:33:58Z
2026-08-04T05:31:07Z,2026-08-04T07:31:07+0200,fe4314c0-08bc-43c1-bc96-38bb7e2cf46d,2026-07-14T02:00:00Z,2026-07-14T04:00:00+0200,1.49313,MW,DK1,DK_1,actual_solar_generation,Solar,2026-08-04T05:33:58Z
2026-08-04T05:31:07Z,2026-08-04T07:31:07+0200,fe4314c0-08bc-43c1-bc96-38bb7e2cf46d,2026-07-14T02:15:00Z,2026-07-14T04:15:00+0200,1.5101,MW,DK1,DK_1,actual_solar_generation,Solar,2026-08-04T05:33:58Z
2026-08-04T05:31:07Z,2026-08-04T07:31:07+0200,fe4314c0-08bc-43c1-bc96-38bb7e2cf46d,2026-07-14T02:30:00Z,2026-07-14T04:30:00+0200,1.86485,MW,DK1,DK_1,actual_solar_generation,Solar,2026-08-04T05:33:58Z
2026-08-04T05:31:07Z,2026-08-04T07:31:07+0200,fe4314c0-08bc-43c1-bc96-38bb7e2cf46d,2026-07-14T02:45:00Z,2026-07-14T04:45:00+0200,3.70851,MW,DK1,DK_1,actual_solar_generation,Solar,2026-08-04T05:33:58Z
2026-08-04T05:31:07Z,2026-08-04T07:31:07+0200,fe4314c0-08bc-43c1-bc96-38bb7e2cf46d,2026-07-14T03:00:00Z,2026-07-14T05:00:00+0200,13.257,MW,DK1,DK_1,actual_solar_generation,Solar,2026-08-04T05:33:58Z
2026-08-04T05:31:07Z,2026-08-04T07:31:07+0200,fe4314c0-08bc-43c1-bc96-38bb7e2cf46d,2026-07-14T03:15:00Z,2026-07-14T05:15:00+0200,30.2175,MW,DK1,DK_1,actual_solar_generation,Solar,2026-08-04T05:33:58Z
2026-08-04T05:31:07Z,2026-08-04T07:31:07+0200,fe4314c0-08bc-43c1-bc96-38bb7e2cf46d,2026-07-14T03:30:00Z,2026-07-14T05:30:00+0200,56.6944,MW,DK1,DK_1,actual_solar_generation,Solar,2026-08-04T05:33:58Z
2026-08-04T05:31:07Z,2026-08-04T07:31:07+0200,fe4314c0-08bc-43c1-bc96-38bb7e2cf46d,2026-07-14T03:45:00Z,2026-07-14T05:45:00+0200,95.1455,MW,DK1,DK_1,actual_solar_generation,Solar,2026-08-04T05:33:58Z
2026-08-04T05:31:07Z,2026-08-04T07:31:07+0200,fe4314c0-08bc-43c1-bc96-38bb7e2cf46d,2026-07-14T04:00:00Z,2026-07-14T06:00:00+0200,140.373,MW,DK1,DK_1,actual_solar_generation,Solar,2026-08-04T05:33:58Z
2026-08-04T05:31:07Z,2026-08-04T07:31:07+0200,fe4314c0-08bc-43c1-bc96-38bb7e2cf46d,2026-07-14T04:15:00Z,2026-07-14T06:15:00+0200,194.887,MW,DK1,DK_1,actual_solar_generation,Solar,2026-08-04T05:33:58Z
2026-08-04T05:31:07Z,2026-08-04T07:31:07+0200,fe4314c0-08bc-43c1-bc96-38bb7e2cf46d,2026-07-14T04:30:00Z,2026-07-14T06:30:00+0200,263.127,MW,DK1,DK_1,actual_solar_generation,Solar,2026-08-04T05:33:58Z
2026-08-04T05:31:07Z,2026-08-04T07:31:07+0200,fe4314c0-08bc-43c1-bc96-38bb7e2cf46d,2026-07-14T04:45:00Z,2026-07-14T06:45:00+0200,345.643,MW,DK1,DK_1,actual_solar_generation,Solar,2026-08-04T05:33:58Z
2026-08-04T05:31:07Z,2026-08-04T07:31:07+0200,fe4314c0-08bc-43c1-bc96-38bb7e2cf46d,2026-07-14T05:00:00Z,2026-07-14T07:00:00+0200,457.255,MW,DK1,DK_1,actual_solar_generation,Solar,2026-08-04T05:33:58Z
2026-08-04T05:31:07Z,2026-08-04T07:31:07+0200,fe4314c0-08bc-43c1-bc96-38bb7e2cf46d,2026-07-14T05:15:00Z,2026-07-14T07:15:00+0200,641.112,MW,DK1,DK_1,actual_solar_generation,Solar,2026-08-04T05:33:58Z
2026-08-04T05:31:07Z,2026-08-04T07:31:07+0200,fe4314c0-08bc-43c1-bc96-38bb7e2cf46d,2026-07-14T05:30:00Z,2026-07-14T07:30:00+0200,732.608,MW,DK1,DK_1,actual_solar_generation,Solar,2026-08-04T05:33:58Z
2026-08-04T05:31:07Z,2026-08-04T07:31:07+0200,fe4314c0-08bc-43c1-bc96-38bb7e2cf46d,2026-07-14T05:45:00Z,2026-07-14T07:45:00+0200,883.977,MW,DK1,DK_1,actual_solar_generation,Solar,2026-08-04T05:33:58Z
2026-08-04T05:31:07Z,2026-08-04T07:31:07+0200,fe4314c0-08bc-43c1-bc96-38bb7e2cf46d,2026-07-14T06:00:00Z,2026-07-14T08:00:00+0200,1038.99,MW,DK1,DK_1,actual_solar_generation,Solar,2026-08-04T05:33:58Z
2026-08-04T05:31:07Z,2026-08-04T07:31:07+0200,fe4314c0-08bc-43c1-bc96-38bb7e2cf46d,2026-07-14T06:15:00Z,2026-07-14T08:15:00+0200,1216.26,MW,DK1,DK_1,actual_solar_generation,Solar,2026-08-04T05:33:58Z
2026-08-04T05:31:07Z,2026-08-04T07:31:07+0200,fe4314c0-08bc-43c1-bc96-38bb7e2cf46d,2026-07-14T06:30:00Z,2026-07-14T08:30:00+0200,1407.68,MW,DK1,DK_1,actual_solar_generation,Solar,2026-08-04T05:33:58Z
2026-08-04T05:31:07Z,2026-08-04T07:31:07+0200,fe4314c0-08bc-43c1-bc96-38bb7e2cf46d,2026-07-14T06:45:00Z,2026-07-14T08:45:00+0200,1569.1,MW,DK1,DK_1,actual_solar_generation,Solar,2026-08-04T05:33:58Z
2026-08-04T05:31:07Z,2026-08-04T07:31:07+0200,fe4314c0-08bc-43c1-bc96-38bb7e2cf46d,2026-07-14T07:00:00Z,2026-07-14T09:00:00+0200,1722.93,MW,DK1,DK_1,actual_solar_generation,Solar,2026-08-04T05:33:58Z
2026-08-04T05:31:07Z,2026-08-04T07:31:07+0200,fe4314c0-08bc-43c1-bc96-38bb7e2cf46d,2026-07-14T07:15:00Z,2026-07-14T09:15:00+0200,1862.39,MW,DK1,DK_1,actual_solar_generation,Solar,2026-08-04T05:33:58Z
2026-08-04T05:31:07Z,2026-08-04T07:31:07+0200,fe4314c0-08bc-43c1-bc96-38bb7e2cf46d,2026-07-14T07:30:00Z,2026-07-14T09:30:00+0200,1995.76,MW,DK1,DK_1,actual_solar_generation,Solar,2026-08-04T05:33:58Z
2026-08-04T05:31:07Z,2026-08-04T07:31:07+0200,fe4314c0-08bc-43c1-bc96-38bb7e2cf46d,2026-07-14T07:45:00Z,2026-07-14T09:45:00+0200,2104.38,MW,DK1,DK_1,actual_solar_generation,Solar,2026-08-04T05:33:58Z
2026-08-04T05:31:07Z,2026-08-04T07:31:07+0200,fe4314c0-08bc-43c1-bc96-38bb7e2cf46d,2026-07-14T08:00:00Z,2026-07-14T10:00:00+0200,2198.23,MW,DK1,DK_1,actual_solar_generation,Solar,2026-08-04T05:33:58Z
2026-08-04T05:31:07Z,2026-08-04T07:31:07+0200,fe4314c0-08bc-43c1-bc96-38bb7e2cf46d,2026-07-14T08:15:00Z,2026-07-14T10:15:00+0200,2276.88,MW,DK1,DK_1,actual_solar_generation,Solar,2026-08-04T05:33:58Z
2026-08-04T05:31:07Z,2026-08-04T07:31:07+0200,fe4314c0-08bc-43c1-bc96-38bb7e2cf46d,2026-07-14T08:30:00Z,2026-07-14T10:30:00+0200,2278.71,MW,DK1,DK_1,actual_solar_generation,Solar,2026-08-04T05:33:58Z
2026-08-04T05:31:07Z,2026-08-04T07:31:07+0200,fe4314c0-08bc-43c1-bc96-38bb7e2cf46d,2026-07-14T08:45:00Z,2026-07-14T10:45:00+0200,2399.0,MW,DK1,DK_1,actual_solar_generation,Solar,2026-08-04T05:33:58Z
2026-08-04T05:31:07Z,2026-08-04T07:31:07+0200,fe4314c0-08bc-43c1-bc96-38bb7e2cf46d,2026-07-14T09:00:00Z,2026-07-14T11:00:00+0200,2413.32,MW,DK1,DK_1,actual_solar_generation,Solar,2026-08-04T05:33:58Z
2026-08-04T05:31:07Z,2026-08-04T07:31:07+0200,fe4314c0-08bc-43c1-bc96-38bb7e2cf46d,2026-07-14T09:15:00Z,2026-07-14T11:15:00+0200,2486.48,MW,DK1,DK_1,actual_solar_generation,Solar,2026-08-04T05:33:58Z
2026-08-04T05:31:07Z,2026-08-04T07:31:07+0200,fe4314c0-08bc-43c1-bc96-38bb7e2cf46d,2026-07-14T09:30:00Z,2026-07-14T11:30:00+0200,2513.46,MW,DK1,DK_1,actual_solar_generation,Solar,2026-08-04T05:33:58Z
2026-08-04T05:31:07Z,2026-08-04T07:31:07+0200,fe4314c0-08bc-43c1-bc96-38bb7e2cf46d,2026-07-14T09:45:00Z,2026-07-14T11:45:00+0200,2535.12,MW,DK1,DK_1,actual_solar_generation,Solar,2026-08-04T05:33:58Z
2026-08-04T05:31:07Z,2026-08-04T07:31:07+0200,fe4314c0-08bc-43c1-bc96-38bb7e2cf46d,2026-07-14T10:00:00Z,2026-07-14T12:00:00+0200,2494.29,MW,DK1,DK_1,actual_solar_generation,Solar,2026-08-04T05:33:58Z
2026-08-04T05:31:07Z,2026-08-04T07:31:07+0200,fe4314c0-08bc-43c1-bc96-38bb7e2cf46d,2026-07-14T10:15:00Z,2026-07-14T12:15:00+0200,2452.07,MW,DK1,DK_1,actual_solar_generation,Solar,2026-08-04T05:33:58Z
2026-08-04T05:31:07Z,2026-08-04T07:31:07+0200,fe4314c0-08bc-43c1-bc96-38bb7e2cf46d,2026-07-14T10:30:00Z,2026-07-14T12:30:00+0200,2378.0,MW,DK1,DK_1,actual_solar_generation,Solar,2026-08-04T05:33:58Z
2026-08-04T05:31:07Z,2026-08-04T07:31:07+0200,fe4314c0-08bc-43c1-bc96-38bb7e2cf46d,2026-07-14T10:45:00Z,2026-07-14T12:45:00+0200,2326.54,MW,DK1,DK_1,actual_solar_generation,Solar,2026-08-04T05:33:58Z
2026-08-04T05:31:07Z,2026-08-04T07:31:07+0200,fe4314c0-08bc-43c1-bc96-38bb7e2cf46d,2026-07-14T11:00:00Z,2026-07-14T13:00:00+0200,2315.41,MW,DK1,DK_1,actual_solar_generation,Solar,2026-08-04T05:33:58Z
2026-08-04T05:31:07Z,2026-08-04T07:31:07+0200,fe4314c0-08bc-43c1-bc96-38bb7e2cf46d,2026-07-14T11:15:00Z,2026-07-14T13:15:00+0200,2294.2,MW,DK1,DK_1,actual_solar_generation,Solar,2026-08-04T05:33:58Z
2026-08-04T05:31:07Z,2026-08-04T07:31:07+0200,fe4314c0-08bc-43c1-bc96-38bb7e2cf46d,2026-07-14T11:30:00Z,2026-07-14T13:30:00+0200,2258.25,MW,DK1,DK_1,actual_solar_generation,Solar,2026-08-04T05:33:58Z
2026-08-04T05:31:07Z,2026-08-04T07:31:07+0200,fe4314c0-08bc-43c1-bc96-38bb7e2cf46d,2026-07-14T11:45:00Z,2026-07-14T13:45:00+0200,2262.78,MW,DK1,DK_1,actual_solar_generation,Solar,2026-08-04T05:33:58Z
2026-08-04T05:31:07Z,2026-08-04T07:31:07+0200,fe4314c0-08bc-43c1-bc96-38bb7e2cf46d,2026-07-14T12:00:00Z,2026-07-14T14:00:00+0200,2153.17,MW,DK1,DK_1,actual_solar_generation,Solar,2026-08-04T05:33:58Z
2026-08-04T05:31:07Z,2026-08-04T07:31:07+0200,fe4314c0-08bc-43c1-bc96-38bb7e2cf46d,2026-07-14T12:15:00Z,2026-07-14T14:15:00+0200,2159.29,MW,DK1,DK_1,actual_solar_generation,Solar,2026-08-04T05:33:58Z
2026-08-04T05:31:07Z,2026-08-04T07:31:07+0200,fe4314c0-08bc-43c1-bc96-38bb7e2cf46d,2026-07-14T12:30:00Z,2026-07-14T14:30:00+0200,2185.25,MW,DK1,DK_1,actual_solar_generation,Solar,2026-08-04T05:33:58Z
2026-08-04T05:31:07Z,2026-08-04T07:31:07+0200,fe4314c0-08bc-43c1-bc96-38bb7e2cf46d,2026-07-14T12:45:00Z,2026-07-14T14:45:00+0200,2056.82,MW,DK1,DK_1,actual_solar_generation,Solar,2026-08-04T05:33:58Z
2026-08-04T05:31:07Z,2026-08-04T07:31:07+0200,fe4314c0-08bc-43c1-bc96-38bb7e2cf46d,2026-07-14T13:00:00Z,2026-07-14T15:00:00+0200,2084.62,MW,DK1,DK_1,actual_solar_generation,Solar,2026-08-04T05:33:58Z
2026-08-04T05:31:07Z,2026-08-04T07:31:07+0200,fe4314c0-08bc-43c1-bc96-38bb7e2cf46d,2026-07-14T13:15:00Z,2026-07-14T15:15:00+0200,2193.84,MW,DK1,DK_1,actual_solar_generation,Solar,2026-08-04T05:33:58Z
2026-08-04T05:31:07Z,2026-08-04T07:31:07+0200,fe4314c0-08bc-43c1-bc96-38bb7e2cf46d,2026-07-14T13:30:00Z,2026-07-14T15:30:00+0200,2211.93,MW,DK1,DK_1,actual_solar_generation,Solar,2026-08-04T05:33:58Z
2026-08-04T05:31:07Z,2026-08-04T07:31:07+0200,fe4314c0-08bc-43c1-bc96-38bb7e2cf46d,2026-07-14T13:45:00Z,2026-07-14T15:45:00+0200,2235.01,MW,DK1,DK_1,actual_solar_generation,Solar,2026-08-04T05:33:58Z
2026-08-04T05:31:07Z,2026-08-04T07:31:07+0200,fe4314c0-08bc-43c1-bc96-38bb7e2cf46d,2026-07-14T14:00:00Z,2026-07-14T16:00:00+0200,2234.49,MW,DK1,DK_1,actual_solar_generation,Solar,2026-08-04T05:33:58Z
2026-08-04T05:31:07Z,2026-08-04T07:31:07+0200,fe4314c0-08bc-43c1-bc96-38bb7e2cf46d,2026-07-14T14:15:00Z,2026-07-14T16:15:00+0200,2196.5,MW,DK1,DK_1,actual_solar_generation,Solar,2026-08-04T05:33:58Z
2026-08-04T05:31:07Z,2026-08-04T07:31:07+0200,fe4314c0-08bc-43c1-bc96-38bb7e2cf46d,2026-07-14T14:30:00Z,2026-07-14T16:30:00+0200,2167.92,MW,DK1,DK_1,actual_solar_generation,Solar,2026-08-04T05:33:58Z
2026-08-04T05:31:07Z,2026-08-04T07:31:07+0200,fe4314c0-08bc-43c1-bc96-38bb7e2cf46d,2026-07-14T14:45:00Z,2026-07-14T16:45:00+0200,2058.28,MW,DK1,DK_1,actual_solar_generation,Solar,2026-08-04T05:33:58Z
2026-08-04T05:31:07Z,2026-08-04T07:31:07+0200,fe4314c0-08bc-43c1-bc96-38bb7e2cf46d,2026-07-14T15:00:00Z,2026-07-14T17:00:00+0200,2050.23,MW,DK1,DK_1,actual_solar_generation,Solar,2026-08-04T05:33:58Z
2026-08-04T05:31:07Z,2026-08-04T07:31:07+0200,fe4314c0-08bc-43c1-bc96-38bb7e2cf46d,2026-07-14T15:15:00Z,2026-07-14T17:15:00+0200,1935.37,MW,DK1,DK_1,actual_solar_generation,Solar,2026-08-04T05:33:58Z
2026-08-04T05:31:07Z,2026-08-04T07:31:07+0200,fe4314c0-08bc-43c1-bc96-38bb7e2cf46d,2026-07-14T15:30:00Z,2026-07-14T17:30:00+0200,1820.14,MW,DK1,DK_1,actual_solar_generation,Solar,2026-08-04T05:33:58Z
2026-08-04T05:31:07Z,2026-08-04T07:31:07+0200,fe4314c0-08bc-43c1-bc96-38bb7e2cf46d,2026-07-14T15:45:00Z,2026-07-14T17:45:00+0200,1673.8,MW,DK1,DK_1,actual_solar_generation,Solar,2026-08-04T05:33:58Z
2026-08-04T05:31:07Z,2026-08-04T07:31:07+0200,fe4314c0-08bc-43c1-bc96-38bb7e2cf46d,2026-07-14T16:00:00Z,2026-07-14T18:00:00+0200,1554.22,MW,DK1,DK_1,actual_solar_generation,Solar,2026-08-04T05:33:58Z
2026-08-04T05:31:07Z,2026-08-04T07:31:07+0200,fe4314c0-08bc-43c1-bc96-38bb7e2cf46d,2026-07-14T16:15:00Z,2026-07-14T18:15:00+0200,1412.45,MW,DK1,DK_1,actual_solar_generation,Solar,2026-08-04T05:33:58Z
2026-08-04T05:31:07Z,2026-08-04T07:31:07+0200,fe4314c0-08bc-43c1-bc96-38bb7e2cf46d,2026-07-14T16:30:00Z,2026-07-14T18:30:00+0200,1240.49,MW,DK1,DK_1,actual_solar_generation,Solar,2026-08-04T05:33:58Z
2026-08-04T05:31:07Z,2026-08-04T07:31:07+0200,fe4314c0-08bc-43c1-bc96-38bb7e2cf46d,2026-07-14T16:45:00Z,2026-07-14T18:45:00+0200,1068.57,MW,DK1,DK_1,actual_solar_generation,Solar,2026-08-04T05:33:58Z
2026-08-04T05:31:07Z,2026-08-04T07:31:07+0200,fe4314c0-08bc-43c1-bc96-38bb7e2cf46d,2026-07-14T17:00:00Z,2026-07-14T19:00:00+0200,896.628,MW,DK1,DK_1,actual_solar_generation,Solar,2026-08-04T05:33:58Z
2026-08-04T05:31:07Z,2026-08-04T07:31:07+0200,fe4314c0-08bc-43c1-bc96-38bb7e2cf46d,2026-07-14T17:15:00Z,2026-07-14T19:15:00+0200,729.725,MW,DK1,DK_1,actual_solar_generation,Solar,2026-08-04T05:33:58Z
2026-08-04T05:31:07Z,2026-08-04T07:31:07+0200,fe4314c0-08bc-43c1-bc96-38bb7e2cf46d,2026-07-14T17:30:00Z,2026-07-14T19:30:00+0200,582.362,MW,DK1,DK_1,actual_solar_generation,Solar,2026-08-04T05:33:58Z
2026-08-04T05:31:07Z,2026-08-04T07:31:07+0200,fe4314c0-08bc-43c1-bc96-38bb7e2cf46d,2026-07-14T17:45:00Z,2026-07-14T19:45:00+0200,448.943,MW,DK1,DK_1,actual_solar_generation,Solar,2026-08-04T05:33:58Z
2026-08-04T05:31:07Z,2026-08-04T07:31:07+0200,fe4314c0-08bc-43c1-bc96-38bb7e2cf46d,2026-07-14T18:00:00Z,2026-07-14T20:00:00+0200,339.646,MW,DK1,DK_1,actual_solar_generation,Solar,2026-08-04T05:33:58Z
2026-08-04T05:31:07Z,2026-08-04T07:31:07+0200,fe4314c0-08bc-43c1-bc96-38bb7e2cf46d,2026-07-14T18:15:00Z,2026-07-14T20:15:00+0200,252.36,MW,DK1,DK_1,actual_solar_generation,Solar,2026-08-04T05:33:58Z
2026-08-04T05:31:07Z,2026-08-04T07:31:07+0200,fe4314c0-08bc-43c1-bc96-38bb7e2cf46d,2026-07-14T18:30:00Z,2026-07-14T20:30:00+0200,186.65,MW,DK1,DK_1,actual_solar_generation,Solar,2026-08-04T05:33:58Z
2026-08-04T05:31:07Z,2026-08-04T07:31:07+0200,fe4314c0-08bc-43c1-bc96-38bb7e2cf46d,2026-07-14T18:45:00Z,2026-07-14T20:45:00+0200,134.964,MW,DK1,DK_1,actual_solar_generation,Solar,2026-08-04T05:33:58Z
2026-08-04T05:31:07Z,2026-08-04T07:31:07+0200,fe4314c0-08bc-43c1-bc96-38bb7e2cf46d,2026-07-14T19:00:00Z,2026-07-14T21:00:00+0200,91.1467,MW,DK1,DK_1,actual_solar_generation,Solar,2026-08-04T05:33:58Z
2026-08-04T05:31:07Z,2026-08-04T07:31:07+0200,fe4314c0-08bc-43c1-bc96-38bb7e2cf46d,2026-07-14T19:15:00Z,2026-07-14T21:15:00+0200,56.0301,MW,DK1,DK_1,actual_solar_generation,Solar,2026-08-04T05:33:58Z
2026-08-04T05:31:07Z,2026-08-04T07:31:07+0200,fe4314c0-08bc-43c1-bc96-38bb7e2cf46d,2026-07-14T19:30:00Z,2026-07-14T21:30:00+0200,30.3595,MW,DK1,DK_1,actual_solar_generation,Solar,2026-08-04T05:33:58Z
2026-08-04T05:31:07Z,2026-08-04T07:31:07+0200,fe4314c0-08bc-43c1-bc96-38bb7e2cf46d,2026-07-14T19:45:00Z,2026-07-14T21:45:00+0200,10.6482,MW,DK1,DK_1,actual_solar_generation,Solar,2026-08-04T05:33:58Z
2026-08-04T05:31:07Z,2026-08-04T07:31:07+0200,fe4314c0-08bc-43c1-bc96-38bb7e2cf46d,2026-07-14T20:00:00Z,2026-07-14T22:00:00+0200,2.3451,MW,DK1,DK_1,actual_solar_generation,Solar,2026-08-04T05:33:58Z
2026-08-04T05:31:07Z,2026-08-04T07:31:07+0200,fe4314c0-08bc-43c1-bc96-38bb7e2cf46d,2026-07-14T20:15:00Z,2026-07-14T22:15:00+0200,0.498026,MW,DK1,DK_1,actual_solar_generation,Solar,2026-08-04T05:33:58Z
2026-08-04T05:31:07Z,2026-08-04T07:31:07+0200,fe4314c0-08bc-43c1-bc96-38bb7e2cf46d,2026-07-14T20:30:00Z,2026-07-14T22:30:00+0200,0.423482,MW,DK1,DK_1,actual_solar_generation,Solar,2026-08-04T05:33:58Z
2026-08-04T05:31:07Z,2026-08-04T07:31:07+0200,fe4314c0-08bc-43c1-bc96-38bb7e2cf46d,2026-07-14T20:45:00Z,2026-07-14T22:45:00+0200,0.454836,MW,DK1,DK_1,actual_solar_generation,Solar,2026-08-04T05:33:58Z
2026-08-04T05:31:07Z,2026-08-04T07:31:07+0200,fe4314c0-08bc-43c1-bc96-38bb7e2cf46d,2026-07-14T21:00:00Z,2026-07-14T23:00:00+0200,0.458089,MW,DK1,DK_1,actual_solar_generation,Solar,2026-08-04T05:33:58Z
2026-08-04T05:31:07Z,2026-08-04T07:31:07+0200,fe4314c0-08bc-43c1-bc96-38bb7e2cf46d,2026-07-14T21:15:00Z,2026-07-14T23:15:00+0200,0.452856,MW,DK1,DK_1,actual_solar_generation,Solar,2026-08-04T05:33:58Z
2026-08-04T05:31:07Z,2026-08-04T07:31:07+0200,fe4314c0-08bc-43c1-bc96-38bb7e2cf46d,2026-07-14T21:30:00Z,2026-07-14T23:30:00+0200,0.453748,MW,DK1,DK_1,actual_solar_generation,Solar,2026-08-04T05:33:58Z
2026-08-04T05:31:07Z,2026-08-04T07:31:07+0200,fe4314c0-08bc-43c1-bc96-38bb7e2cf46d,2026-07-14T21:45:00Z,2026-07-14T23:45:00+0200,0.442405,MW,DK1,DK_1,actual_solar_generation,Solar,2026-08-04T05:33:58Z
2026-08-04T05:31:07Z,2026-08-04T07:31:07+0200,fe4314c0-08bc-43c1-bc96-38bb7e2cf46d,2026-07-14T22:00:00Z,2026-07-15T00:00:00+0200,1.13691,MW,DK1,DK_1,actual_solar_generation,Solar,2026-08-04T05:33:58Z
2026-08-04T05:31:07Z,2026-08-04T07:31:07+0200,fe4314c0-08bc-43c1-bc96-38bb7e2cf46d,2026-07-14T22:15:00Z,2026-07-15T00:15:00+0200,1.12639,MW,DK1,DK_1,actual_solar_generation,Solar,2026-08-04T05:33:58Z
2026-08-04T05:31:07Z,2026-08-04T07:31:07+0200,fe4314c0-08bc-43c1-bc96-38bb7e2cf46d,2026-07-14T22:30:00Z,2026-07-15T00:30:00+0200,0.464107,MW,DK1,DK_1,actual_solar_generation,Solar,2026-08-04T05:33:58Z
2026-08-04T05:31:07Z,2026-08-04T07:31:07+0200,fe4314c0-08bc-43c1-bc96-38bb7e2cf46d,2026-07-14T22:45:00Z,2026-07-15T00:45:00+0200,0.454417,MW,DK1,DK_1,actual_solar_generation,Solar,2026-08-04T05:33:58Z
2026-08-04T05:31:07Z,2026-08-04T07:31:07+0200,fe4314c0-08bc-43c1-bc96-38bb7e2cf46d,2026-07-14T23:00:00Z,2026-07-15T01:00:00+0200,0.447222,MW,DK1,DK_1,actual_solar_generation,Solar,2026-08-04T05:33:58Z
2026-08-04T05:31:07Z,2026-08-04T07:31:07+0200,fe4314c0-08bc-43c1-bc96-38bb7e2cf46d,2026-07-14T23:15:00Z,2026-07-15T01:15:00+0200,0.448634,MW,DK1,DK_1,actual_solar_generation,Solar,2026-08-04T05:33:58Z
2026-08-04T05:31:07Z,2026-08-04T07:31:07+0200,fe4314c0-08bc-43c1-bc96-38bb7e2cf46d,2026-07-14T23:30:00Z,2026-07-15T01:30:00+0200,0.442221,MW,DK1,DK_1,actual_solar_generation,Solar,2026-08-04T05:33:58Z
2026-08-04T05:31:07Z,2026-08-04T07:31:07+0200,fe4314c0-08bc-43c1-bc96-38bb7e2cf46d,2026-07-14T23:45:00Z,2026-07-15T01:45:00+0200,0.455418,MW,DK1,DK_1,actual_solar_generation,Solar,2026-08-04T05:33:58Z
2026-08-04T05:31:07Z,2026-08-04T07:31:07+0200,fe4314c0-08bc-43c1-bc96-38bb7e2cf46d,2026-07-15T00:00:00Z,2026-07-15T02:00:00+0200,0.448718,MW,DK1,DK_1,actual_solar_generation,Solar,2026-08-04T05:33:58Z
2026-08-04T05:31:07Z,2026-08-04T07:31:07+0200,fe4314c0-08bc-43c1-bc96-38bb7e2cf46d,2026-07-15T00:15:00Z,2026-07-15T02:15:00+0200,0.491164,MW,DK1,DK_1,actual_solar_generation,Solar,2026-08-04T05:33:58Z
2026-08-04T05:31:07Z,2026-08-04T07:31:07+0200,fe4314c0-08bc-43c1-bc96-38bb7e2cf46d,2026-07-15T00:30:00Z,2026-07-15T02:30:00+0200,0.449016,MW,DK1,DK_1,actual_solar_generation,Solar,2026-08-04T05:33:58Z
2026-08-04T05:31:07Z,2026-08-04T07:31:07+0200,fe4314c0-08bc-43c1-bc96-38bb7e2cf46d,2026-07-15T00:45:00Z,2026-07-15T02:45:00+0200,0.458701,MW,DK1,DK_1,actual_solar_generation,Solar,2026-08-04T05:33:58Z
2026-08-04T05:31:07Z,2026-08-04T07:31:07+0200,fe4314c0-08bc-43c1-bc96-38bb7e2cf46d,2026-07-15T01:00:00Z,2026-07-15T03:00:00+0200,0.440909,MW,DK1,DK_1,actual_solar_generation,Solar,2026-08-04T05:33:58Z
2026-08-04T05:31:07Z,2026-08-04T07:31:07+0200,fe4314c0-08bc-43c1-bc96-38bb7e2cf46d,2026-07-15T01:15:00Z,2026-07-15T03:15:00+0200,0.461295,MW,DK1,DK_1,actual_solar_generation,Solar,2026-08-04T05:33:58Z
2026-08-04T05:31:07Z,2026-08-04T07:31:07+0200,fe4314c0-08bc-43c1-bc96-38bb7e2cf46d,2026-07-15T01:30:00Z,2026-07-15T03:30:00+0200,0.443161,MW,DK1,DK_1,actual_solar_generation,Solar,2026-08-04T05:33:58Z
2026-08-04T05:31:07Z,2026-08-04T07:31:07+0200,fe4314c0-08bc-43c1-bc96-38bb7e2cf46d,2026-07-15T01:45:00Z,2026-07-15T03:45:00+0200,0.436775,MW,DK1,DK_1,actual_solar_generation,Solar,2026-08-04T05:33:58Z
2026-08-04T05:31:07Z,2026-08-04T07:31:07+0200,fe4314c0-08bc-43c1-bc96-38bb7e2cf46d,2026-07-15T02:00:00Z,2026-07-15T04:00:00+0200,0.452384,MW,DK1,DK_1,actual_solar_generation,Solar,2026-08-04T05:33:58Z
2026-08-04T05:31:07Z,2026-08-04T07:31:07+0200,fe4314c0-08bc-43c1-bc96-38bb7e2cf46d,2026-07-15T02:15:00Z,2026-07-15T04:15:00+0200,0.442111,MW,DK1,DK_1,actual_solar_generation,Solar,2026-08-04T05:33:58Z
2026-08-04T05:31:07Z,2026-08-04T07:31:07+0200,fe4314c0-08bc-43c1-bc96-38bb7e2cf46d,2026-07-15T02:30:00Z,2026-07-15T04:30:00+0200,0.515788,MW,DK1,DK_1,actual_solar_generation,Solar,2026-08-04T05:33:58Z
2026-08-04T05:31:07Z,2026-08-04T07:31:07+0200,fe4314c0-08bc-43c1-bc96-38bb7e2cf46d,2026-07-15T02:45:00Z,2026-07-15T04:45:00+0200,2.18534,MW,DK1,DK_1,actual_solar_generation,Solar,2026-08-04T05:33:58Z
2026-08-04T05:31:07Z,2026-08-04T07:31:07+0200,fe4314c0-08bc-43c1-bc96-38bb7e2cf46d,2026-07-15T03:00:00Z,2026-07-15T05:00:00+0200,11.4953,MW,DK1,DK_1,actual_solar_generation,Solar,2026-08-04T05:33:58Z
2026-08-04T05:31:07Z,2026-08-04T07:31:07+0200,fe4314c0-08bc-43c1-bc96-38bb7e2cf46d,2026-07-15T03:15:00Z,2026-07-15T05:15:00+0200,28.2718,MW,DK1,DK_1,actual_solar_generation,Solar,2026-08-04T05:33:58Z
2026-08-04T05:31:07Z,2026-08-04T07:31:07+0200,fe4314c0-08bc-43c1-bc96-38bb7e2cf46d,2026-07-15T03:30:00Z,2026-07-15T05:30:00+0200,55.3828,MW,DK1,DK_1,actual_solar_generation,Solar,2026-08-04T05:33:58Z
2026-08-04T05:31:07Z,2026-08-04T07:31:07+0200,fe4314c0-08bc-43c1-bc96-38bb7e2cf46d,2026-07-15T03:45:00Z,2026-07-15T05:45:00+0200,92.6771,MW,DK1,DK_1,actual_solar_generation,Solar,2026-08-04T05:33:58Z
2026-08-04T05:31:07Z,2026-08-04T07:31:07+0200,fe4314c0-08bc-43c1-bc96-38bb7e2cf46d,2026-07-15T04:00:00Z,2026-07-15T06:00:00+0200,136.733,MW,DK1,DK_1,actual_solar_generation,Solar,2026-08-04T05:33:58Z
2026-08-04T05:31:07Z,2026-08-04T07:31:07+0200,fe4314c0-08bc-43c1-bc96-38bb7e2cf46d,2026-07-15T04:15:00Z,2026-07-15T06:15:00+0200,188.835,MW,DK1,DK_1,actual_solar_generation,Solar,2026-08-04T05:33:58Z
2026-08-04T05:31:07Z,2026-08-04T07:31:07+0200,fe4314c0-08bc-43c1-bc96-38bb7e2cf46d,2026-07-15T04:30:00Z,2026-07-15T06:30:00+0200,252.043,MW,DK1,DK_1,actual_solar_generation,Solar,2026-08-04T05:33:58Z
2026-08-04T05:31:07Z,2026-08-04T07:31:07+0200,fe4314c0-08bc-43c1-bc96-38bb7e2cf46d,2026-07-15T04:45:00Z,2026-07-15T06:45:00+0200,332.66,MW,DK1,DK_1,actual_solar_generation,Solar,2026-08-04T05:33:58Z
2026-08-04T05:31:07Z,2026-08-04T07:31:07+0200,fe4314c0-08bc-43c1-bc96-38bb7e2cf46d,2026-07-15T05:00:00Z,2026-07-15T07:00:00+0200,439.35,MW,DK1,DK_1,actual_solar_generation,Solar,2026-08-04T05:33:58Z
2026-08-04T05:31:07Z,2026-08-04T07:31:07+0200,fe4314c0-08bc-43c1-bc96-38bb7e2cf46d,2026-07-15T05:15:00Z,2026-07-15T07:15:00+0200,569.127,MW,DK1,DK_1,actual_solar_generation,Solar,2026-08-04T05:33:58Z
2026-08-04T05:31:07Z,2026-08-04T07:31:07+0200,fe4314c0-08bc-43c1-bc96-38bb7e2cf46d,2026-07-15T05:30:00Z,2026-07-15T07:30:00+0200,720.635,MW,DK1,DK_1,actual_solar_generation,Solar,2026-08-04T05:33:58Z
2026-08-04T05:31:07Z,2026-08-04T07:31:07+0200,fe4314c0-08bc-43c1-bc96-38bb7e2cf46d,2026-07-15T05:45:00Z,2026-07-15T07:45:00+0200,882.956,MW,DK1,DK_1,actual_solar_generation,Solar,2026-08-04T05:33:58Z
2026-08-04T05:31:07Z,2026-08-04T07:31:07+0200,fe4314c0-08bc-43c1-bc96-38bb7e2cf46d,2026-07-15T06:00:00Z,2026-07-15T08:00:00+0200,1055.13,MW,DK1,DK_1,actual_solar_generation,Solar,2026-08-04T05:33:58Z
2026-08-04T05:31:07Z,2026-08-04T07:31:07+0200,fe4314c0-08bc-43c1-bc96-38bb7e2cf46d,2026-07-15T06:15:00Z,2026-07-15T08:15:00+0200,1227.37,MW,DK1,DK_1,actual_solar_generation,Solar,2026-08-04T05:33:58Z
2026-08-04T05:31:07Z,2026-08-04T07:31:07+0200,fe4314c0-08bc-43c1-bc96-38bb7e2cf46d,2026-07-15T06:30:00Z,2026-07-15T08:30:00+0200,1398.14,MW,DK1,DK_1,actual_solar_generation,Solar,2026-08-04T05:33:58Z
2026-08-04T05:31:07Z,2026-08-04T07:31:07+0200,fe4314c0-08bc-43c1-bc96-38bb7e2cf46d,2026-07-15T06:45:00Z,2026-07-15T08:45:00+0200,1560.49,MW,DK1,DK_1,actual_solar_generation,Solar,2026-08-04T05:33:58Z
2026-08-04T05:31:07Z,2026-08-04T07:31:07+0200,fe4314c0-08bc-43c1-bc96-38bb7e2cf46d,2026-07-15T07:00:00Z,2026-07-15T09:00:00+0200,1725.56,MW,DK1,DK_1,actual_solar_generation,Solar,2026-08-04T05:33:58Z
2026-08-04T05:31:07Z,2026-08-04T07:31:07+0200,fe4314c0-08bc-43c1-bc96-38bb7e2cf46d,2026-07-15T07:15:00Z,2026-07-15T09:15:00+0200,1888.47,MW,DK1,DK_1,actual_solar_generation,Solar,2026-08-04T05:33:58Z
2026-08-04T05:31:07Z,2026-08-04T07:31:07+0200,fe4314c0-08bc-43c1-bc96-38bb7e2cf46d,2026-07-15T07:30:00Z,2026-07-15T09:30:00+0200,2039.1,MW,DK1,DK_1,actual_solar_generation,Solar,2026-08-04T05:33:58Z
2026-08-04T05:31:07Z,2026-08-04T07:31:07+0200,fe4314c0-08bc-43c1-bc96-38bb7e2cf46d,2026-07-15T07:45:00Z,2026-07-15T09:45:00+0200,2187.86,MW,DK1,DK_1,actual_solar_generation,Solar,2026-08-04T05:33:58Z
2026-08-04T05:31:07Z,2026-08-04T07:31:07+0200,fe4314c0-08bc-43c1-bc96-38bb7e2cf46d,2026-07-15T08:00:00Z,2026-07-15T10:00:00+0200,2315.36,MW,DK1,DK_1,actual_solar_generation,Solar,2026-08-04T05:33:58Z
2026-08-04T05:31:07Z,2026-08-04T07:31:07+0200,fe4314c0-08bc-43c1-bc96-38bb7e2cf46d,2026-07-15T08:15:00Z,2026-07-15T10:15:00+0200,2429.84,MW,DK1,DK_1,actual_solar_generation,Solar,2026-08-04T05:33:58Z
2026-08-04T05:31:07Z,2026-08-04T07:31:07+0200,fe4314c0-08bc-43c1-bc96-38bb7e2cf46d,2026-07-15T08:30:00Z,2026-07-15T10:30:00+0200,2529.82,MW,DK1,DK_1,actual_solar_generation,Solar,2026-08-04T05:33:58Z
2026-08-04T05:31:07Z,2026-08-04T07:31:07+0200,fe4314c0-08bc-43c1-bc96-38bb7e2cf46d,2026-07-15T08:45:00Z,2026-07-15T10:45:00+0200,2624.87,MW,DK1,DK_1,actual_solar_generation,Solar,2026-08-04T05:33:58Z
2026-08-04T05:31:07Z,2026-08-04T07:31:07+0200,fe4314c0-08bc-43c1-bc96-38bb7e2cf46d,2026-07-15T09:00:00Z,2026-07-15T11:00:00+0200,2706.21,MW,DK1,DK_1,actual_solar_generation,Solar,2026-08-04T05:33:58Z
2026-08-04T05:31:07Z,2026-08-04T07:31:07+0200,fe4314c0-08bc-43c1-bc96-38bb7e2cf46d,2026-07-15T09:15:00Z,2026-07-15T11:15:00+0200,2768.64,MW,DK1,DK_1,actual_solar_generation,Solar,2026-08-04T05:33:58Z
2026-08-04T05:31:07Z,2026-08-04T07:31:07+0200,fe4314c0-08bc-43c1-bc96-38bb7e2cf46d,2026-07-15T09:30:00Z,2026-07-15T11:30:00+0200,2818.8,MW,DK1,DK_1,actual_solar_generation,Solar,2026-08-04T05:33:58Z
2026-08-04T05:31:07Z,2026-08-04T07:31:07+0200,fe4314c0-08bc-43c1-bc96-38bb7e2cf46d,2026-07-15T09:45:00Z,2026-07-15T11:45:00+0200,2856.38,MW,DK1,DK_1,actual_solar_generation,Solar,2026-08-04T05:33:58Z
2026-08-04T05:31:07Z,2026-08-04T07:31:07+0200,fe4314c0-08bc-43c1-bc96-38bb7e2cf46d,2026-07-15T10:00:00Z,2026-07-15T12:00:00+0200,2885.04,MW,DK1,DK_1,actual_solar_generation,Solar,2026-08-04T05:33:58Z
2026-08-04T05:31:07Z,2026-08-04T07:31:07+0200,fe4314c0-08bc-43c1-bc96-38bb7e2cf46d,2026-07-15T10:15:00Z,2026-07-15T12:15:00+0200,2894.0,MW,DK1,DK_1,actual_solar_generation,Solar,2026-08-04T05:33:58Z
2026-08-04T05:31:07Z,2026-08-04T07:31:07+0200,fe4314c0-08bc-43c1-bc96-38bb7e2cf46d,2026-07-15T10:30:00Z,2026-07-15T12:30:00+0200,2913.06,MW,DK1,DK_1,actual_solar_generation,Solar,2026-08-04T05:33:58Z
2026-08-04T05:31:07Z,2026-08-04T07:31:07+0200,fe4314c0-08bc-43c1-bc96-38bb7e2cf46d,2026-07-15T10:45:00Z,2026-07-15T12:45:00+0200,2898.42,MW,DK1,DK_1,actual_solar_generation,Solar,2026-08-04T05:33:58Z
2026-08-04T05:31:07Z,2026-08-04T07:31:07+0200,fe4314c0-08bc-43c1-bc96-38bb7e2cf46d,2026-07-15T11:00:00Z,2026-07-15T13:00:00+0200,2916.94,MW,DK1,DK_1,actual_solar_generation,Solar,2026-08-04T05:33:58Z
2026-08-04T05:31:07Z,2026-08-04T07:31:07+0200,fe4314c0-08bc-43c1-bc96-38bb7e2cf46d,2026-07-15T11:15:00Z,2026-07-15T13:15:00+0200,2905.02,MW,DK1,DK_1,actual_solar_generation,Solar,2026-08-04T05:33:58Z
2026-08-04T05:31:07Z,2026-08-04T07:31:07+0200,fe4314c0-08bc-43c1-bc96-38bb7e2cf46d,2026-07-15T11:30:00Z,2026-07-15T13:30:00+0200,2895.09,MW,DK1,DK_1,actual_solar_generation,Solar,2026-08-04T05:33:58Z
2026-08-04T05:31:07Z,2026-08-04T07:31:07+0200,fe4314c0-08bc-43c1-bc96-38bb7e2cf46d,2026-07-15T11:45:00Z,2026-07-15T13:45:00+0200,2896.63,MW,DK1,DK_1,actual_solar_generation,Solar,2026-08-04T05:33:58Z
2026-08-04T05:31:07Z,2026-08-04T07:31:07+0200,fe4314c0-08bc-43c1-bc96-38bb7e2cf46d,2026-07-15T12:00:00Z,2026-07-15T14:00:00+0200,2906.47,MW,DK1,DK_1,actual_solar_generation,Solar,2026-08-04T05:33:58Z
2026-08-04T05:31:07Z,2026-08-04T07:31:07+0200,fe4314c0-08bc-43c1-bc96-38bb7e2cf46d,2026-07-15T12:15:00Z,2026-07-15T14:15:00+0200,2904.99,MW,DK1,DK_1,actual_solar_generation,Solar,2026-08-04T05:33:58Z
2026-08-04T05:31:07Z,2026-08-04T07:31:07+0200,fe4314c0-08bc-43c1-bc96-38bb7e2cf46d,2026-07-15T12:30:00Z,2026-07-15T14:30:00+0200,2873.35,MW,DK1,DK_1,actual_solar_generation,Solar,2026-08-04T05:33:58Z
2026-08-04T05:31:07Z,2026-08-04T07:31:07+0200,fe4314c0-08bc-43c1-bc96-38bb7e2cf46d,2026-07-15T12:45:00Z,2026-07-15T14:45:00+0200,2842.09,MW,DK1,DK_1,actual_solar_generation,Solar,2026-08-04T05:33:58Z
2026-08-04T05:31:07Z,2026-08-04T07:31:07+0200,fe4314c0-08bc-43c1-bc96-38bb7e2cf46d,2026-07-15T13:00:00Z,2026-07-15T15:00:00+0200,2824.17,MW,DK1,DK_1,actual_solar_generation,Solar,2026-08-04T05:33:58Z
2026-08-04T05:31:07Z,2026-08-04T07:31:07+0200,fe4314c0-08bc-43c1-bc96-38bb7e2cf46d,2026-07-15T13:15:00Z,2026-07-15T15:15:00+0200,2791.39,MW,DK1,DK_1,actual_solar_generation,Solar,2026-08-04T05:33:58Z
2026-08-04T05:31:07Z,2026-08-04T07:31:07+0200,fe4314c0-08bc-43c1-bc96-38bb7e2cf46d,2026-07-15T13:30:00Z,2026-07-15T15:30:00+0200,2714.03,MW,DK1,DK_1,actual_solar_generation,Solar,2026-08-04T05:33:58Z
2026-08-04T05:31:07Z,2026-08-04T07:31:07+0200,fe4314c0-08bc-43c1-bc96-38bb7e2cf46d,2026-07-15T13:45:00Z,2026-07-15T15:45:00+0200,2670.06,MW,DK1,DK_1,actual_solar_generation,Solar,2026-08-04T05:33:58Z
2026-08-04T05:31:07Z,2026-08-04T07:31:07+0200,fe4314c0-08bc-43c1-bc96-38bb7e2cf46d,2026-07-15T14:00:00Z,2026-07-15T16:00:00+0200,2592.12,MW,DK1,DK_1,actual_solar_generation,Solar,2026-08-04T05:33:58Z
2026-08-04T05:31:07Z,2026-08-04T07:31:07+0200,fe4314c0-08bc-43c1-bc96-38bb7e2cf46d,2026-07-15T14:15:00Z,2026-07-15T16:15:00+0200,2505.71,MW,DK1,DK_1,actual_solar_generation,Solar,2026-08-04T05:33:58Z
2026-08-04T05:31:07Z,2026-08-04T07:31:07+0200,fe4314c0-08bc-43c1-bc96-38bb7e2cf46d,2026-07-15T14:30:00Z,2026-07-15T16:30:00+0200,2388.35,MW,DK1,DK_1,actual_solar_generation,Solar,2026-08-04T05:33:58Z
2026-08-04T05:31:07Z,2026-08-04T07:31:07+0200,fe4314c0-08bc-43c1-bc96-38bb7e2cf46d,2026-07-15T14:45:00Z,2026-07-15T16:45:00+0200,2278.73,MW,DK1,DK_1,actual_solar_generation,Solar,2026-08-04T05:33:58Z
2026-08-04T05:31:07Z,2026-08-04T07:31:07+0200,fe4314c0-08bc-43c1-bc96-38bb7e2cf46d,2026-07-15T15:00:00Z,2026-07-15T17:00:00+0200,2146.52,MW,DK1,DK_1,actual_solar_generation,Solar,2026-08-04T05:33:58Z
2026-08-04T05:31:07Z,2026-08-04T07:31:07+0200,fe4314c0-08bc-43c1-bc96-38bb7e2cf46d,2026-07-15T15:15:00Z,2026-07-15T17:15:00+0200,2009.59,MW,DK1,DK_1,actual_solar_generation,Solar,2026-08-04T05:33:58Z
2026-08-04T05:31:07Z,2026-08-04T07:31:07+0200,fe4314c0-08bc-43c1-bc96-38bb7e2cf46d,2026-07-15T15:30:00Z,2026-07-15T17:30:00+0200,1878.43,MW,DK1,DK_1,actual_solar_generation,Solar,2026-08-04T05:33:58Z
2026-08-04T05:31:07Z,2026-08-04T07:31:07+0200,fe4314c0-08bc-43c1-bc96-38bb7e2cf46d,2026-07-15T15:45:00Z,2026-07-15T17:45:00+0200,1722.2,MW,DK1,DK_1,actual_solar_generation,Solar,2026-08-04T05:33:58Z
2026-08-04T05:31:07Z,2026-08-04T07:31:07+0200,fe4314c0-08bc-43c1-bc96-38bb7e2cf46d,2026-07-15T16:00:00Z,2026-07-15T18:00:00+0200,1571.46,MW,DK1,DK_1,actual_solar_generation,Solar,2026-08-04T05:33:58Z
2026-08-04T05:31:07Z,2026-08-04T07:31:07+0200,fe4314c0-08bc-43c1-bc96-38bb7e2cf46d,2026-07-15T16:15:00Z,2026-07-15T18:15:00+0200,1398.87,MW,DK1,DK_1,actual_solar_generation,Solar,2026-08-04T05:33:58Z
2026-08-04T05:31:07Z,2026-08-04T07:31:07+0200,fe4314c0-08bc-43c1-bc96-38bb7e2cf46d,2026-07-15T16:30:00Z,2026-07-15T18:30:00+0200,1230.38,MW,DK1,DK_1,actual_solar_generation,Solar,2026-08-04T05:33:58Z
2026-08-04T05:31:07Z,2026-08-04T07:31:07+0200,fe4314c0-08bc-43c1-bc96-38bb7e2cf46d,2026-07-15T16:45:00Z,2026-07-15T18:45:00+0200,1057.49,MW,DK1,DK_1,actual_solar_generation,Solar,2026-08-04T05:33:58Z
2026-08-04T05:31:07Z,2026-08-04T07:31:07+0200,fe4314c0-08bc-43c1-bc96-38bb7e2cf46d,2026-07-15T17:00:00Z,2026-07-15T19:00:00+0200,883.349,MW,DK1,DK_1,actual_solar_generation,Solar,2026-08-04T05:33:58Z
2026-08-04T05:31:07Z,2026-08-04T07:31:07+0200,fe4314c0-08bc-43c1-bc96-38bb7e2cf46d,2026-07-15T17:15:00Z,2026-07-15T19:15:00+0200,711.053,MW,DK1,DK_1,actual_solar_generation,Solar,2026-08-04T05:33:58Z
2026-08-04T05:31:07Z,2026-08-04T07:31:07+0200,fe4314c0-08bc-43c1-bc96-38bb7e2cf46d,2026-07-15T17:30:00Z,2026-07-15T19:30:00+0200,557.168,MW,DK1,DK_1,actual_solar_generation,Solar,2026-08-04T05:33:58Z
2026-08-04T05:31:07Z,2026-08-04T07:31:07+0200,fe4314c0-08bc-43c1-bc96-38bb7e2cf46d,2026-07-15T17:45:00Z,2026-07-15T19:45:00+0200,430.489,MW,DK1,DK_1,actual_solar_generation,Solar,2026-08-04T05:33:58Z
2026-08-04T05:31:07Z,2026-08-04T07:31:07+0200,fe4314c0-08bc-43c1-bc96-38bb7e2cf46d,2026-07-15T18:00:00Z,2026-07-15T20:00:00+0200,323.361,MW,DK1,DK_1,actual_solar_generation,Solar,2026-08-04T05:33:58Z
2026-08-04T05:31:07Z,2026-08-04T07:31:07+0200,fe4314c0-08bc-43c1-bc96-38bb7e2cf46d,2026-07-15T18:15:00Z,2026-07-15T20:15:00+0200,241.475,MW,DK1,DK_1,actual_solar_generation,Solar,2026-08-04T05:33:58Z
2026-08-04T05:31:07Z,2026-08-04T07:31:07+0200,fe4314c0-08bc-43c1-bc96-38bb7e2cf46d,2026-07-15T18:30:00Z,2026-07-15T20:30:00+0200,178.836,MW,DK1,DK_1,actual_solar_generation,Solar,2026-08-04T05:33:58Z
2026-08-04T05:31:07Z,2026-08-04T07:31:07+0200,fe4314c0-08bc-43c1-bc96-38bb7e2cf46d,2026-07-15T18:45:00Z,2026-07-15T20:45:00+0200,127.737,MW,DK1,DK_1,actual_solar_generation,Solar,2026-08-04T05:33:58Z
2026-08-04T05:31:07Z,2026-08-04T07:31:07+0200,fe4314c0-08bc-43c1-bc96-38bb7e2cf46d,2026-07-15T19:00:00Z,2026-07-15T21:00:00+0200,88.0272,MW,DK1,DK_1,actual_solar_generation,Solar,2026-08-04T05:33:58Z
2026-08-04T05:31:07Z,2026-08-04T07:31:07+0200,fe4314c0-08bc-43c1-bc96-38bb7e2cf46d,2026-07-15T19:15:00Z,2026-07-15T21:15:00+0200,56.3879,MW,DK1,DK_1,actual_solar_generation,Solar,2026-08-04T05:33:58Z
2026-08-04T05:31:07Z,2026-08-04T07:31:07+0200,fe4314c0-08bc-43c1-bc96-38bb7e2cf46d,2026-07-15T19:30:00Z,2026-07-15T21:30:00+0200,30.3176,MW,DK1,DK_1,actual_solar_generation,Solar,2026-08-04T05:33:58Z
2026-08-04T05:31:07Z,2026-08-04T07:31:07+0200,fe4314c0-08bc-43c1-bc96-38bb7e2cf46d,2026-07-15T19:45:00Z,2026-07-15T21:45:00+0200,10.5318,MW,DK1,DK_1,actual_solar_generation,Solar,2026-08-04T05:33:58Z
2026-08-04T05:31:07Z,2026-08-04T07:31:07+0200,fe4314c0-08bc-43c1-bc96-38bb7e2cf46d,2026-07-15T20:00:00Z,2026-07-15T22:00:00+0200,1.85308,MW,DK1,DK_1,actual_solar_generation,Solar,2026-08-04T05:33:58Z
2026-08-04T05:31:07Z,2026-08-04T07:31:07+0200,fe4314c0-08bc-43c1-bc96-38bb7e2cf46d,2026-07-15T20:15:00Z,2026-07-15T22:15:00+0200,0.445144,MW,DK1,DK_1,actual_solar_generation,Solar,2026-08-04T05:33:58Z
2026-08-04T05:31:07Z,2026-08-04T07:31:07+0200,fe4314c0-08bc-43c1-bc96-38bb7e2cf46d,2026-07-15T20:30:00Z,2026-07-15T22:30:00+0200,0.531935,MW,DK1,DK_1,actual_solar_generation,Solar,2026-08-04T05:33:58Z
2026-08-04T05:31:07Z,2026-08-04T07:31:07+0200,fe4314c0-08bc-43c1-bc96-38bb7e2cf46d,2026-07-15T20:45:00Z,2026-07-15T22:45:00+0200,0.658729,MW,DK1,DK_1,actual_solar_generation,Solar,2026-08-04T05:33:58Z
2026-08-04T05:31:07Z,2026-08-04T07:31:07+0200,fe4314c0-08bc-43c1-bc96-38bb7e2cf46d,2026-07-15T21:00:00Z,2026-07-15T23:00:00+0200,0.663817,MW,DK1,DK_1,actual_solar_generation,Solar,2026-08-04T05:33:58Z
2026-08-04T05:31:07Z,2026-08-04T07:31:07+0200,fe4314c0-08bc-43c1-bc96-38bb7e2cf46d,2026-07-15T21:15:00Z,2026-07-15T23:15:00+0200,0.691523,MW,DK1,DK_1,actual_solar_generation,Solar,2026-08-04T05:33:58Z
2026-08-04T05:31:07Z,2026-08-04T07:31:07+0200,fe4314c0-08bc-43c1-bc96-38bb7e2cf46d,2026-07-15T21:30:00Z,2026-07-15T23:30:00+0200,0.681426,MW,DK1,DK_1,actual_solar_generation,Solar,2026-08-04T05:33:58Z
2026-08-04T05:31:07Z,2026-08-04T07:31:07+0200,fe4314c0-08bc-43c1-bc96-38bb7e2cf46d,2026-07-15T21:45:00Z,2026-07-15T23:45:00+0200,0.668207,MW,DK1,DK_1,actual_solar_generation,Solar,2026-08-04T05:33:58Z
2026-08-04T05:31:07Z,2026-08-04T07:31:07+0200,fe4314c0-08bc-43c1-bc96-38bb7e2cf46d,2026-07-15T22:00:00Z,2026-07-16T00:00:00+0200,0.697899,MW,DK1,DK_1,actual_solar_generation,Solar,2026-08-04T05:33:58Z
2026-08-04T05:31:07Z,2026-08-04T07:31:07+0200,fe4314c0-08bc-43c1-bc96-38bb7e2cf46d,2026-07-15T22:15:00Z,2026-07-16T00:15:00+0200,0.68911,MW,DK1,DK_1,actual_solar_generation,Solar,2026-08-04T05:33:58Z
2026-08-04T05:31:07Z,2026-08-04T07:31:07+0200,fe4314c0-08bc-43c1-bc96-38bb7e2cf46d,2026-07-15T22:30:00Z,2026-07-16T00:30:00+0200,0.718043,MW,DK1,DK_1,actual_solar_generation,Solar,2026-08-04T05:33:58Z
2026-08-04T05:31:07Z,2026-08-04T07:31:07+0200,fe4314c0-08bc-43c1-bc96-38bb7e2cf46d,2026-07-15T22:45:00Z,2026-07-16T00:45:00+0200,0.71222,MW,DK1,DK_1,actual_solar_generation,Solar,2026-08-04T05:33:58Z
2026-08-04T05:31:07Z,2026-08-04T07:31:07+0200,fe4314c0-08bc-43c1-bc96-38bb7e2cf46d,2026-07-15T23:00:00Z,2026-07-16T01:00:00+0200,0.733767,MW,DK1,DK_1,actual_solar_generation,Solar,2026-08-04T05:33:58Z
2026-08-04T05:31:07Z,2026-08-04T07:31:07+0200,fe4314c0-08bc-43c1-bc96-38bb7e2cf46d,2026-07-15T23:15:00Z,2026-07-16T01:15:00+0200,0.723482,MW,DK1,DK_1,actual_solar_generation,Solar,2026-08-04T05:33:58Z
2026-08-04T05:31:07Z,2026-08-04T07:31:07+0200,fe4314c0-08bc-43c1-bc96-38bb7e2cf46d,2026-07-15T23:30:00Z,2026-07-16T01:30:00+0200,0.721133,MW,DK1,DK_1,actual_solar_generation,Solar,2026-08-04T05:33:58Z
2026-08-04T05:31:07Z,2026-08-04T07:31:07+0200,fe4314c0-08bc-43c1-bc96-38bb7e2cf46d,2026-07-15T23:45:00Z,2026-07-16T01:45:00+0200,0.727139,MW,DK1,DK_1,actual_solar_generation,Solar,2026-08-04T05:33:58Z
2026-08-04T05:31:07Z,2026-08-04T07:31:07+0200,fe4314c0-08bc-43c1-bc96-38bb7e2cf46d,2026-07-16T00:00:00Z,2026-07-16T02:00:00+0200,0.714587,MW,DK1,DK_1,actual_solar_generation,Solar,2026-08-04T05:33:58Z
2026-08-04T05:31:07Z,2026-08-04T07:31:07+0200,fe4314c0-08bc-43c1-bc96-38bb7e2cf46d,2026-07-16T00:15:00Z,2026-07-16T02:15:00+0200,0.717384,MW,DK1,DK_1,actual_solar_generation,Solar,2026-08-04T05:33:58Z
2026-08-04T05:31:07Z,2026-08-04T07:31:07+0200,fe4314c0-08bc-43c1-bc96-38bb7e2cf46d,2026-07-16T00:30:00Z,2026-07-16T02:30:00+0200,0.709255,MW,DK1,DK_1,actual_solar_generation,Solar,2026-08-04T05:33:58Z
2026-08-04T05:31:07Z,2026-08-04T07:31:07+0200,fe4314c0-08bc-43c1-bc96-38bb7e2cf46d,2026-07-16T00:45:00Z,2026-07-16T02:45:00+0200,0.68653,MW,DK1,DK_1,actual_solar_generation,Solar,2026-08-04T05:33:58Z
2026-08-04T05:31:07Z,2026-08-04T07:31:07+0200,fe4314c0-08bc-43c1-bc96-38bb7e2cf46d,2026-07-16T01:00:00Z,2026-07-16T03:00:00+0200,0.698845,MW,DK1,DK_1,actual_solar_generation,Solar,2026-08-04T05:33:58Z
2026-08-04T05:31:07Z,2026-08-04T07:31:07+0200,fe4314c0-08bc-43c1-bc96-38bb7e2cf46d,2026-07-16T01:15:00Z,2026-07-16T03:15:00+0200,0.698524,MW,DK1,DK_1,actual_solar_generation,Solar,2026-08-04T05:33:58Z
2026-08-04T05:31:07Z,2026-08-04T07:31:07+0200,fe4314c0-08bc-43c1-bc96-38bb7e2cf46d,2026-07-16T01:30:00Z,2026-07-16T03:30:00+0200,0.705832,MW,DK1,DK_1,actual_solar_generation,Solar,2026-08-04T05:33:58Z
2026-08-04T05:31:07Z,2026-08-04T07:31:07+0200,fe4314c0-08bc-43c1-bc96-38bb7e2cf46d,2026-07-16T01:45:00Z,2026-07-16T03:45:00+0200,0.718405,MW,DK1,DK_1,actual_solar_generation,Solar,2026-08-04T05:33:58Z
2026-08-04T05:31:07Z,2026-08-04T07:31:07+0200,fe4314c0-08bc-43c1-bc96-38bb7e2cf46d,2026-07-16T02:00:00Z,2026-07-16T04:00:00+0200,0.706687,MW,DK1,DK_1,actual_solar_generation,Solar,2026-08-04T05:33:58Z
2026-08-04T05:31:07Z,2026-08-04T07:31:07+0200,fe4314c0-08bc-43c1-bc96-38bb7e2cf46d,2026-07-16T02:15:00Z,2026-07-16T04:15:00+0200,0.733074,MW,DK1,DK_1,actual_solar_generation,Solar,2026-08-04T05:33:58Z
2026-08-04T05:31:07Z,2026-08-04T07:31:07+0200,fe4314c0-08bc-43c1-bc96-38bb7e2cf46d,2026-07-16T02:30:00Z,2026-07-16T04:30:00+0200,0.85734,MW,DK1,DK_1,actual_solar_generation,Solar,2026-08-04T05:33:58Z
2026-08-04T05:31:07Z,2026-08-04T07:31:07+0200,fe4314c0-08bc-43c1-bc96-38bb7e2cf46d,2026-07-16T02:45:00Z,2026-07-16T04:45:00+0200,2.00903,MW,DK1,DK_1,actual_solar_generation,Solar,2026-08-04T05:33:58Z
2026-08-04T05:31:07Z,2026-08-04T07:31:07+0200,fe4314c0-08bc-43c1-bc96-38bb7e2cf46d,2026-07-16T03:00:00Z,2026-07-16T05:00:00+0200,19.6743,MW,DK1,DK_1,actual_solar_generation,Solar,2026-08-04T05:33:58Z
2026-08-04T05:31:07Z,2026-08-04T07:31:07+0200,fe4314c0-08bc-43c1-bc96-38bb7e2cf46d,2026-07-16T03:15:00Z,2026-07-16T05:15:00+0200,25.862,MW,DK1,DK_1,actual_solar_generation,Solar,2026-08-04T05:33:58Z
2026-08-04T05:31:07Z,2026-08-04T07:31:07+0200,fe4314c0-08bc-43c1-bc96-38bb7e2cf46d,2026-07-16T03:30:00Z,2026-07-16T05:30:00+0200,54.925,MW,DK1,DK_1,actual_solar_generation,Solar,2026-08-04T05:33:58Z
2026-08-04T05:31:07Z,2026-08-04T07:31:07+0200,fe4314c0-08bc-43c1-bc96-38bb7e2cf46d,2026-07-16T03:45:00Z,2026-07-16T05:45:00+0200,97.9089,MW,DK1,DK_1,actual_solar_generation,Solar,2026-08-04T05:33:58Z
2026-08-04T05:31:07Z,2026-08-04T07:31:07+0200,fe4314c0-08bc-43c1-bc96-38bb7e2cf46d,2026-07-16T04:00:00Z,2026-07-16T06:00:00+0200,144.716,MW,DK1,DK_1,actual_solar_generation,Solar,2026-08-04T05:33:58Z
2026-08-04T05:31:07Z,2026-08-04T07:31:07+0200,fe4314c0-08bc-43c1-bc96-38bb7e2cf46d,2026-07-16T04:15:00Z,2026-07-16T06:15:00+0200,193.416,MW,DK1,DK_1,actual_solar_generation,Solar,2026-08-04T05:33:58Z
2026-08-04T05:31:07Z,2026-08-04T07:31:07+0200,fe4314c0-08bc-43c1-bc96-38bb7e2cf46d,2026-07-16T04:30:00Z,2026-07-16T06:30:00+0200,245.512,MW,DK1,DK_1,actual_solar_generation,Solar,2026-08-04T05:33:58Z
2026-08-04T05:31:07Z,2026-08-04T07:31:07+0200,fe4314c0-08bc-43c1-bc96-38bb7e2cf46d,2026-07-16T04:45:00Z,2026-07-16T06:45:00+0200,302.812,MW,DK1,DK_1,actual_solar_generation,Solar,2026-08-04T05:33:58Z
2026-08-04T05:31:07Z,2026-08-04T07:31:07+0200,fe4314c0-08bc-43c1-bc96-38bb7e2cf46d,2026-07-16T05:00:00Z,2026-07-16T07:00:00+0200,393.238,MW,DK1,DK_1,actual_solar_generation,Solar,2026-08-04T05:33:58Z
2026-08-04T05:31:07Z,2026-08-04T07:31:07+0200,fe4314c0-08bc-43c1-bc96-38bb7e2cf46d,2026-07-16T05:15:00Z,2026-07-16T07:15:00+0200,488.768,MW,DK1,DK_1,actual_solar_generation,Solar,2026-08-04T05:33:58Z
2026-08-04T05:31:07Z,2026-08-04T07:31:07+0200,fe4314c0-08bc-43c1-bc96-38bb7e2cf46d,2026-07-16T05:30:00Z,2026-07-16T07:30:00+0200,612.053,MW,DK1,DK_1,actual_solar_generation,Solar,2026-08-04T05:33:58Z
2026-08-04T05:31:07Z,2026-08-04T07:31:07+0200,fe4314c0-08bc-43c1-bc96-38bb7e2cf46d,2026-07-16T05:45:00Z,2026-07-16T07:45:00+0200,744.195,MW,DK1,DK_1,actual_solar_generation,Solar,2026-08-04T05:33:58Z
2026-08-04T05:31:07Z,2026-08-04T07:31:07+0200,fe4314c0-08bc-43c1-bc96-38bb7e2cf46d,2026-07-16T06:00:00Z,2026-07-16T08:00:00+0200,854.833,MW,DK1,DK_1,actual_solar_generation,Solar,2026-08-04T05:33:58Z
2026-08-04T05:31:07Z,2026-08-04T07:31:07+0200,fe4314c0-08bc-43c1-bc96-38bb7e2cf46d,2026-07-16T06:15:00Z,2026-07-16T08:15:00+0200,971.506,MW,DK1,DK_1,actual_solar_generation,Solar,2026-08-04T05:33:58Z
2026-08-04T05:31:07Z,2026-08-04T07:31:07+0200,fe4314c0-08bc-43c1-bc96-38bb7e2cf46d,2026-07-16T06:30:00Z,2026-07-16T08:30:00+0200,1081.04,MW,DK1,DK_1,actual_solar_generation,Solar,2026-08-04T05:33:58Z
2026-08-04T05:31:07Z,2026-08-04T07:31:07+0200,fe4314c0-08bc-43c1-bc96-38bb7e2cf46d,2026-07-16T06:45:00Z,2026-07-16T08:45:00+0200,1229.16,MW,DK1,DK_1,actual_solar_generation,Solar,2026-08-04T05:33:58Z
2026-08-04T05:31:07Z,2026-08-04T07:31:07+0200,fe4314c0-08bc-43c1-bc96-38bb7e2cf46d,2026-07-16T07:00:00Z,2026-07-16T09:00:00+0200,1364.04,MW,DK1,DK_1,actual_solar_generation,Solar,2026-08-04T05:33:58Z
2026-08-04T05:31:07Z,2026-08-04T07:31:07+0200,fe4314c0-08bc-43c1-bc96-38bb7e2cf46d,2026-07-16T07:15:00Z,2026-07-16T09:15:00+0200,1605.38,MW,DK1,DK_1,actual_solar_generation,Solar,2026-08-04T05:33:58Z
2026-08-04T05:31:07Z,2026-08-04T07:31:07+0200,fe4314c0-08bc-43c1-bc96-38bb7e2cf46d,2026-07-16T07:30:00Z,2026-07-16T09:30:00+0200,1785.98,MW,DK1,DK_1,actual_solar_generation,Solar,2026-08-04T05:33:58Z
2026-08-04T05:31:07Z,2026-08-04T07:31:07+0200,fe4314c0-08bc-43c1-bc96-38bb7e2cf46d,2026-07-16T07:45:00Z,2026-07-16T09:45:00+0200,1919.25,MW,DK1,DK_1,actual_solar_generation,Solar,2026-08-04T05:33:58Z
2026-08-04T05:31:07Z,2026-08-04T07:31:07+0200,fe4314c0-08bc-43c1-bc96-38bb7e2cf46d,2026-07-16T08:00:00Z,2026-07-16T10:00:00+0200,2033.15,MW,DK1,DK_1,actual_solar_generation,Solar,2026-08-04T05:33:58Z
2026-08-04T05:31:07Z,2026-08-04T07:31:07+0200,fe4314c0-08bc-43c1-bc96-38bb7e2cf46d,2026-07-16T08:15:00Z,2026-07-16T10:15:00+0200,2139.77,MW,DK1,DK_1,actual_solar_generation,Solar,2026-08-04T05:33:58Z
2026-08-04T05:31:07Z,2026-08-04T07:31:07+0200,fe4314c0-08bc-43c1-bc96-38bb7e2cf46d,2026-07-16T08:30:00Z,2026-07-16T10:30:00+0200,2283.33,MW,DK1,DK_1,actual_solar_generation,Solar,2026-08-04T05:33:58Z
2026-08-04T05:31:07Z,2026-08-04T07:31:07+0200,fe4314c0-08bc-43c1-bc96-38bb7e2cf46d,2026-07-16T08:45:00Z,2026-07-16T10:45:00+0200,2400.77,MW,DK1,DK_1,actual_solar_generation,Solar,2026-08-04T05:33:58Z
2026-08-04T05:31:07Z,2026-08-04T07:31:07+0200,fe4314c0-08bc-43c1-bc96-38bb7e2cf46d,2026-07-16T09:00:00Z,2026-07-16T11:00:00+0200,2492.49,MW,DK1,DK_1,actual_solar_generation,Solar,2026-08-04T05:33:58Z
2026-08-04T05:31:07Z,2026-08-04T07:31:07+0200,fe4314c0-08bc-43c1-bc96-38bb7e2cf46d,2026-07-16T09:15:00Z,2026-07-16T11:15:00+0200,2635.99,MW,DK1,DK_1,actual_solar_generation,Solar,2026-08-04T05:33:58Z
2026-08-04T05:31:07Z,2026-08-04T07:31:07+0200,fe4314c0-08bc-43c1-bc96-38bb7e2cf46d,2026-07-16T09:30:00Z,2026-07-16T11:30:00+0200,2642.58,MW,DK1,DK_1,actual_solar_generation,Solar,2026-08-04T05:33:58Z
2026-08-04T05:31:07Z,2026-08-04T07:31:07+0200,fe4314c0-08bc-43c1-bc96-38bb7e2cf46d,2026-07-16T09:45:00Z,2026-07-16T11:45:00+0200,2730.58,MW,DK1,DK_1,actual_solar_generation,Solar,2026-08-04T05:33:58Z
2026-08-04T05:31:07Z,2026-08-04T07:31:07+0200,fe4314c0-08bc-43c1-bc96-38bb7e2cf46d,2026-07-16T10:00:00Z,2026-07-16T12:00:00+0200,2745.59,MW,DK1,DK_1,actual_solar_generation,Solar,2026-08-04T05:33:58Z
2026-08-04T05:31:07Z,2026-08-04T07:31:07+0200,fe4314c0-08bc-43c1-bc96-38bb7e2cf46d,2026-07-16T10:15:00Z,2026-07-16T12:15:00+0200,2665.27,MW,DK1,DK_1,actual_solar_generation,Solar,2026-08-04T05:33:58Z
2026-08-04T05:31:07Z,2026-08-04T07:31:07+0200,fe4314c0-08bc-43c1-bc96-38bb7e2cf46d,2026-07-16T10:30:00Z,2026-07-16T12:30:00+0200,2694.86,MW,DK1,DK_1,actual_solar_generation,Solar,2026-08-04T05:33:58Z
2026-08-04T05:31:07Z,2026-08-04T07:31:07+0200,fe4314c0-08bc-43c1-bc96-38bb7e2cf46d,2026-07-16T10:45:00Z,2026-07-16T12:45:00+0200,2731.55,MW,DK1,DK_1,actual_solar_generation,Solar,2026-08-04T05:33:58Z
2026-08-04T05:31:07Z,2026-08-04T07:31:07+0200,fe4314c0-08bc-43c1-bc96-38bb7e2cf46d,2026-07-16T11:00:00Z,2026-07-16T13:00:00+0200,2676.58,MW,DK1,DK_1,actual_solar_generation,Solar,2026-08-04T05:33:58Z
2026-08-04T05:31:07Z,2026-08-04T07:31:07+0200,fe4314c0-08bc-43c1-bc96-38bb7e2cf46d,2026-07-16T11:15:00Z,2026-07-16T13:15:00+0200,2660.68,MW,DK1,DK_1,actual_solar_generation,Solar,2026-08-04T05:33:58Z
2026-08-04T05:31:07Z,2026-08-04T07:31:07+0200,fe4314c0-08bc-43c1-bc96-38bb7e2cf46d,2026-07-16T11:30:00Z,2026-07-16T13:30:00+0200,2699.17,MW,DK1,DK_1,actual_solar_generation,Solar,2026-08-04T05:33:58Z
2026-08-04T05:31:07Z,2026-08-04T07:31:07+0200,fe4314c0-08bc-43c1-bc96-38bb7e2cf46d,2026-07-16T11:45:00Z,2026-07-16T13:45:00+0200,2803.71,MW,DK1,DK_1,actual_solar_generation,Solar,2026-08-04T05:33:58Z
2026-08-04T05:31:07Z,2026-08-04T07:31:07+0200,fe4314c0-08bc-43c1-bc96-38bb7e2cf46d,2026-07-16T12:00:00Z,2026-07-16T14:00:00+0200,2897.67,MW,DK1,DK_1,actual_solar_generation,Solar,2026-08-04T05:33:58Z
2026-08-04T05:31:07Z,2026-08-04T07:31:07+0200,fe4314c0-08bc-43c1-bc96-38bb7e2cf46d,2026-07-16T12:15:00Z,2026-07-16T14:15:00+0200,2812.95,MW,DK1,DK_1,actual_solar_generation,Solar,2026-08-04T05:33:58Z
2026-08-04T05:31:07Z,2026-08-04T07:31:07+0200,fe4314c0-08bc-43c1-bc96-38bb7e2cf46d,2026-07-16T12:30:00Z,2026-07-16T14:30:00+0200,2763.49,MW,DK1,DK_1,actual_solar_generation,Solar,2026-08-04T05:33:58Z
2026-08-04T05:31:07Z,2026-08-04T07:31:07+0200,fe4314c0-08bc-43c1-bc96-38bb7e2cf46d,2026-07-16T12:45:00Z,2026-07-16T14:45:00+0200,2767.38,MW,DK1,DK_1,actual_solar_generation,Solar,2026-08-04T05:33:58Z
2026-08-04T05:31:07Z,2026-08-04T07:31:07+0200,fe4314c0-08bc-43c1-bc96-38bb7e2cf46d,2026-07-16T13:00:00Z,2026-07-16T15:00:00+0200,2633.25,MW,DK1,DK_1,actual_solar_generation,Solar,2026-08-04T05:33:58Z
2026-08-04T05:31:07Z,2026-08-04T07:31:07+0200,fe4314c0-08bc-43c1-bc96-38bb7e2cf46d,2026-07-16T13:15:00Z,2026-07-16T15:15:00+0200,2602.49,MW,DK1,DK_1,actual_solar_generation,Solar,2026-08-04T05:33:58Z
2026-08-04T05:31:07Z,2026-08-04T07:31:07+0200,fe4314c0-08bc-43c1-bc96-38bb7e2cf46d,2026-07-16T13:30:00Z,2026-07-16T15:30:00+0200,2508.52,MW,DK1,DK_1,actual_solar_generation,Solar,2026-08-04T05:33:58Z
2026-08-04T05:31:07Z,2026-08-04T07:31:07+0200,fe4314c0-08bc-43c1-bc96-38bb7e2cf46d,2026-07-16T13:45:00Z,2026-07-16T15:45:00+0200,2438.47,MW,DK1,DK_1,actual_solar_generation,Solar,2026-08-04T05:33:58Z
2026-08-04T05:31:07Z,2026-08-04T07:31:07+0200,fe4314c0-08bc-43c1-bc96-38bb7e2cf46d,2026-07-16T14:00:00Z,2026-07-16T16:00:00+0200,2206.45,MW,DK1,DK_1,actual_solar_generation,Solar,2026-08-04T05:33:58Z
2026-08-04T05:31:07Z,2026-08-04T07:31:07+0200,fe4314c0-08bc-43c1-bc96-38bb7e2cf46d,2026-07-16T14:15:00Z,2026-07-16T16:15:00+0200,2147.63,MW,DK1,DK_1,actual_solar_generation,Solar,2026-08-04T05:33:58Z
2026-08-04T05:31:07Z,2026-08-04T07:31:07+0200,fe4314c0-08bc-43c1-bc96-38bb7e2cf46d,2026-07-16T14:30:00Z,2026-07-16T16:30:00+0200,2030.71,MW,DK1,DK_1,actual_solar_generation,Solar,2026-08-04T05:33:58Z
2026-08-04T05:31:07Z,2026-08-04T07:31:07+0200,fe4314c0-08bc-43c1-bc96-38bb7e2cf46d,2026-07-16T14:45:00Z,2026-07-16T16:45:00+0200,1960.36,MW,DK1,DK_1,actual_solar_generation,Solar,2026-08-04T05:33:58Z
2026-08-04T05:31:07Z,2026-08-04T07:31:07+0200,fe4314c0-08bc-43c1-bc96-38bb7e2cf46d,2026-07-16T15:00:00Z,2026-07-16T17:00:00+0200,1799.17,MW,DK1,DK_1,actual_solar_generation,Solar,2026-08-04T05:33:58Z
2026-08-04T05:31:07Z,2026-08-04T07:31:07+0200,fe4314c0-08bc-43c1-bc96-38bb7e2cf46d,2026-07-16T15:15:00Z,2026-07-16T17:15:00+0200,1678.96,MW,DK1,DK_1,actual_solar_generation,Solar,2026-08-04T05:33:58Z
2026-08-04T05:31:07Z,2026-08-04T07:31:07+0200,fe4314c0-08bc-43c1-bc96-38bb7e2cf46d,2026-07-16T15:30:00Z,2026-07-16T17:30:00+0200,1497.38,MW,DK1,DK_1,actual_solar_generation,Solar,2026-08-04T05:33:58Z
2026-08-04T05:31:07Z,2026-08-04T07:31:07+0200,fe4314c0-08bc-43c1-bc96-38bb7e2cf46d,2026-07-16T15:45:00Z,2026-07-16T17:45:00+0200,1363.78,MW,DK1,DK_1,actual_solar_generation,Solar,2026-08-04T05:33:58Z
2026-08-04T05:31:07Z,2026-08-04T07:31:07+0200,fe4314c0-08bc-43c1-bc96-38bb7e2cf46d,2026-07-16T16:00:00Z,2026-07-16T18:00:00+0200,1253.2,MW,DK1,DK_1,actual_solar_generation,Solar,2026-08-04T05:33:58Z
2026-08-04T05:31:07Z,2026-08-04T07:31:07+0200,fe4314c0-08bc-43c1-bc96-38bb7e2cf46d,2026-07-16T16:15:00Z,2026-07-16T18:15:00+0200,1109.73,MW,DK1,DK_1,actual_solar_generation,Solar,2026-08-04T05:33:58Z
2026-08-04T05:31:07Z,2026-08-04T07:31:07+0200,fe4314c0-08bc-43c1-bc96-38bb7e2cf46d,2026-07-16T16:30:00Z,2026-07-16T18:30:00+0200,941.066,MW,DK1,DK_1,actual_solar_generation,Solar,2026-08-04T05:33:58Z
2026-08-04T05:31:07Z,2026-08-04T07:31:07+0200,fe4314c0-08bc-43c1-bc96-38bb7e2cf46d,2026-07-16T16:45:00Z,2026-07-16T18:45:00+0200,834.885,MW,DK1,DK_1,actual_solar_generation,Solar,2026-08-04T05:33:58Z
2026-08-04T05:31:07Z,2026-08-04T07:31:07+0200,fe4314c0-08bc-43c1-bc96-38bb7e2cf46d,2026-07-16T17:00:00Z,2026-07-16T19:00:00+0200,704.173,MW,DK1,DK_1,actual_solar_generation,Solar,2026-08-04T05:33:58Z
2026-08-04T05:31:07Z,2026-08-04T07:31:07+0200,fe4314c0-08bc-43c1-bc96-38bb7e2cf46d,2026-07-16T17:15:00Z,2026-07-16T19:15:00+0200,600.58,MW,DK1,DK_1,actual_solar_generation,Solar,2026-08-04T05:33:58Z
2026-08-04T05:31:07Z,2026-08-04T07:31:07+0200,fe4314c0-08bc-43c1-bc96-38bb7e2cf46d,2026-07-16T17:30:00Z,2026-07-16T19:30:00+0200,509.827,MW,DK1,DK_1,actual_solar_generation,Solar,2026-08-04T05:33:58Z
2026-08-04T05:31:07Z,2026-08-04T07:31:07+0200,fe4314c0-08bc-43c1-bc96-38bb7e2cf46d,2026-07-16T17:45:00Z,2026-07-16T19:45:00+0200,397.186,MW,DK1,DK_1,actual_solar_generation,Solar,2026-08-04T05:33:58Z
2026-08-04T05:31:07Z,2026-08-04T07:31:07+0200,fe4314c0-08bc-43c1-bc96-38bb7e2cf46d,2026-07-16T18:00:00Z,2026-07-16T20:00:00+0200,306.83,MW,DK1,DK_1,actual_solar_generation,Solar,2026-08-04T05:33:58Z
2026-08-04T05:31:07Z,2026-08-04T07:31:07+0200,fe4314c0-08bc-43c1-bc96-38bb7e2cf46d,2026-07-16T18:15:00Z,2026-07-16T20:15:00+0200,236.284,MW,DK1,DK_1,actual_solar_generation,Solar,2026-08-04T05:33:58Z
2026-08-04T05:31:07Z,2026-08-04T07:31:07+0200,fe4314c0-08bc-43c1-bc96-38bb7e2cf46d,2026-07-16T18:30:00Z,2026-07-16T20:30:00+0200,193.892,MW,DK1,DK_1,actual_solar_generation,Solar,2026-08-04T05:33:58Z
2026-08-04T05:31:07Z,2026-08-04T07:31:07+0200,fe4314c0-08bc-43c1-bc96-38bb7e2cf46d,2026-07-16T18:45:00Z,2026-07-16T20:45:00+0200,133.291,MW,DK1,DK_1,actual_solar_generation,Solar,2026-08-04T05:33:58Z
2026-08-04T05:31:07Z,2026-08-04T07:31:07+0200,fe4314c0-08bc-43c1-bc96-38bb7e2cf46d,2026-07-16T19:00:00Z,2026-07-16T21:00:00+0200,90.3179,MW,DK1,DK_1,actual_solar_generation,Solar,2026-08-04T05:33:58Z
2026-08-04T05:31:07Z,2026-08-04T07:31:07+0200,fe4314c0-08bc-43c1-bc96-38bb7e2cf46d,2026-07-16T19:15:00Z,2026-07-16T21:15:00+0200,56.7008,MW,DK1,DK_1,actual_solar_generation,Solar,2026-08-04T05:33:58Z
2026-08-04T05:31:07Z,2026-08-04T07:31:07+0200,fe4314c0-08bc-43c1-bc96-38bb7e2cf46d,2026-07-16T19:30:00Z,2026-07-16T21:30:00+0200,25.5919,MW,DK1,DK_1,actual_solar_generation,Solar,2026-08-04T05:33:58Z
2026-08-04T05:31:07Z,2026-08-04T07:31:07+0200,fe4314c0-08bc-43c1-bc96-38bb7e2cf46d,2026-07-16T19:45:00Z,2026-07-16T21:45:00+0200,11.7802,MW,DK1,DK_1,actual_solar_generation,Solar,2026-08-04T05:33:58Z
2026-08-04T05:31:07Z,2026-08-04T07:31:07+0200,fe4314c0-08bc-43c1-bc96-38bb7e2cf46d,2026-07-16T20:00:00Z,2026-07-16T22:00:00+0200,1.56611,MW,DK1,DK_1,actual_solar_generation,Solar,2026-08-04T05:33:58Z
2026-08-04T05:31:07Z,2026-08-04T07:31:07+0200,fe4314c0-08bc-43c1-bc96-38bb7e2cf46d,2026-07-16T21:15:00Z,2026-07-16T23:15:00+0200,0.013549,MW,DK1,DK_1,actual_solar_generation,Solar,2026-08-04T05:33:58Z
2026-08-04T05:31:07Z,2026-08-04T07:31:07+0200,fe4314c0-08bc-43c1-bc96-38bb7e2cf46d,2026-07-16T21:30:00Z,2026-07-16T23:30:00+0200,0.014701,MW,DK1,DK_1,actual_solar_generation,Solar,2026-08-04T05:33:58Z
2026-08-04T05:31:07Z,2026-08-04T07:31:07+0200,fe4314c0-08bc-43c1-bc96-38bb7e2cf46d,2026-07-16T21:45:00Z,2026-07-16T23:45:00+0200,0.01415,MW,DK1,DK_1,actual_solar_generation,Solar,2026-08-04T05:33:58Z
2026-08-04T05:31:07Z,2026-08-04T07:31:07+0200,fe4314c0-08bc-43c1-bc96-38bb7e2cf46d,2026-07-16T22:00:00Z,2026-07-17T00:00:00+0200,0.004843,MW,DK1,DK_1,actual_solar_generation,Solar,2026-08-04T05:33:58Z
2026-08-04T05:31:07Z,2026-08-04T07:31:07+0200,fe4314c0-08bc-43c1-bc96-38bb7e2cf46d,2026-07-16T22:15:00Z,2026-07-17T00:15:00+0200,0.011878,MW,DK1,DK_1,actual_solar_generation,Solar,2026-08-04T05:33:58Z
2026-08-04T05:31:07Z,2026-08-04T07:31:07+0200,fe4314c0-08bc-43c1-bc96-38bb7e2cf46d,2026-07-16T22:30:00Z,2026-07-17T00:30:00+0200,0.008039,MW,DK1,DK_1,actual_solar_generation,Solar,2026-08-04T05:33:58Z
2026-08-04T05:31:07Z,2026-08-04T07:31:07+0200,fe4314c0-08bc-43c1-bc96-38bb7e2cf46d,2026-07-16T22:45:00Z,2026-07-17T00:45:00+0200,0.008612,MW,DK1,DK_1,actual_solar_generation,Solar,2026-08-04T05:33:58Z
2026-08-04T05:31:07Z,2026-08-04T07:31:07+0200,fe4314c0-08bc-43c1-bc96-38bb7e2cf46d,2026-07-16T23:00:00Z,2026-07-17T01:00:00+0200,0.005346,MW,DK1,DK_1,actual_solar_generation,Solar,2026-08-04T05:33:58Z
2026-08-04T05:31:07Z,2026-08-04T07:31:07+0200,fe4314c0-08bc-43c1-bc96-38bb7e2cf46d,2026-07-16T23:15:00Z,2026-07-17T01:15:00+0200,0.011906,MW,DK1,DK_1,actual_solar_generation,Solar,2026-08-04T05:33:58Z
2026-08-04T05:31:07Z,2026-08-04T07:31:07+0200,fe4314c0-08bc-43c1-bc96-38bb7e2cf46d,2026-07-16T23:30:00Z,2026-07-17T01:30:00+0200,0.008897,MW,DK1,DK_1,actual_solar_generation,Solar,2026-08-04T05:33:58Z
2026-08-04T05:31:07Z,2026-08-04T07:31:07+0200,fe4314c0-08bc-43c1-bc96-38bb7e2cf46d,2026-07-16T23:45:00Z,2026-07-17T01:45:00+0200,0.00732,MW,DK1,DK_1,actual_solar_generation,Solar,2026-08-04T05:33:58Z
2026-08-04T05:31:07Z,2026-08-04T07:31:07+0200,fe4314c0-08bc-43c1-bc96-38bb7e2cf46d,2026-07-17T00:00:00Z,2026-07-17T02:00:00+0200,0.01091,MW,DK1,DK_1,actual_solar_generation,Solar,2026-08-04T05:33:58Z
2026-08-04T05:31:07Z,2026-08-04T07:31:07+0200,fe4314c0-08bc-43c1-bc96-38bb7e2cf46d,2026-07-17T00:15:00Z,2026-07-17T02:15:00+0200,0.008849,MW,DK1,DK_1,actual_solar_generation,Solar,2026-08-04T05:33:58Z
2026-08-04T05:31:07Z,2026-08-04T07:31:07+0200,fe4314c0-08bc-43c1-bc96-38bb7e2cf46d,2026-07-17T00:30:00Z,2026-07-17T02:30:00+0200,0.021518,MW,DK1,DK_1,actual_solar_generation,Solar,2026-08-04T05:33:58Z
2026-08-04T05:31:07Z,2026-08-04T07:31:07+0200,fe4314c0-08bc-43c1-bc96-38bb7e2cf46d,2026-07-17T00:45:00Z,2026-07-17T02:45:00+0200,0.033484,MW,DK1,DK_1,actual_solar_generation,Solar,2026-08-04T05:33:58Z
2026-08-04T05:31:07Z,2026-08-04T07:31:07+0200,fe4314c0-08bc-43c1-bc96-38bb7e2cf46d,2026-07-17T01:00:00Z,2026-07-17T03:00:00+0200,0.027473,MW,DK1,DK_1,actual_solar_generation,Solar,2026-08-04T05:33:58Z
2026-08-04T05:31:07Z,2026-08-04T07:31:07+0200,fe4314c0-08bc-43c1-bc96-38bb7e2cf46d,2026-07-17T01:15:00Z,2026-07-17T03:15:00+0200,0.037108,MW,DK1,DK_1,actual_solar_generation,Solar,2026-08-04T05:33:58Z
2026-08-04T05:31:07Z,2026-08-04T07:31:07+0200,fe4314c0-08bc-43c1-bc96-38bb7e2cf46d,2026-07-17T01:30:00Z,2026-07-17T03:30:00+0200,0.03449,MW,DK1,DK_1,actual_solar_generation,Solar,2026-08-04T05:33:58Z
2026-08-04T05:31:07Z,2026-08-04T07:31:07+0200,fe4314c0-08bc-43c1-bc96-38bb7e2cf46d,2026-07-17T01:45:00Z,2026-07-17T03:45:00+0200,0.015325,MW,DK1,DK_1,actual_solar_generation,Solar,2026-08-04T05:33:58Z
2026-08-04T05:31:07Z,2026-08-04T07:31:07+0200,fe4314c0-08bc-43c1-bc96-38bb7e2cf46d,2026-07-17T02:00:00Z,2026-07-17T04:00:00+0200,0.023392,MW,DK1,DK_1,actual_solar_generation,Solar,2026-08-04T05:33:58Z
2026-08-04T05:31:07Z,2026-08-04T07:31:07+0200,fe4314c0-08bc-43c1-bc96-38bb7e2cf46d,2026-07-17T02:15:00Z,2026-07-17T04:15:00+0200,0.029289,MW,DK1,DK_1,actual_solar_generation,Solar,2026-08-04T05:33:58Z
2026-08-04T05:31:07Z,2026-08-04T07:31:07+0200,fe4314c0-08bc-43c1-bc96-38bb7e2cf46d,2026-07-17T02:30:00Z,2026-07-17T04:30:00+0200,0.090052,MW,DK1,DK_1,actual_solar_generation,Solar,2026-08-04T05:33:58Z
2026-08-04T05:31:07Z,2026-08-04T07:31:07+0200,fe4314c0-08bc-43c1-bc96-38bb7e2cf46d,2026-07-17T02:45:00Z,2026-07-17T04:45:00+0200,2.67445,MW,DK1,DK_1,actual_solar_generation,Solar,2026-08-04T05:33:58Z
2026-08-04T05:31:07Z,2026-08-04T07:31:07+0200,fe4314c0-08bc-43c1-bc96-38bb7e2cf46d,2026-07-17T03:00:00Z,2026-07-17T05:00:00+0200,10.2001,MW,DK1,DK_1,actual_solar_generation,Solar,2026-08-04T05:33:58Z
2026-08-04T05:31:07Z,2026-08-04T07:31:07+0200,fe4314c0-08bc-43c1-bc96-38bb7e2cf46d,2026-07-17T03:15:00Z,2026-07-17T05:15:00+0200,27.2044,MW,DK1,DK_1,actual_solar_generation,Solar,2026-08-04T05:33:58Z
2026-08-04T05:31:07Z,2026-08-04T07:31:07+0200,fe4314c0-08bc-43c1-bc96-38bb7e2cf46d,2026-07-17T03:30:00Z,2026-07-17T05:30:00+0200,52.5145,MW,DK1,DK_1,actual_solar_generation,Solar,2026-08-04T05:33:58Z
2026-08-04T05:31:07Z,2026-08-04T07:31:07+0200,fe4314c0-08bc-43c1-bc96-38bb7e2cf46d,2026-07-17T03:45:00Z,2026-07-17T05:45:00+0200,84.9935,MW,DK1,DK_1,actual_solar_generation,Solar,2026-08-04T05:33:58Z
2026-08-04T05:31:07Z,2026-08-04T07:31:07+0200,fe4314c0-08bc-43c1-bc96-38bb7e2cf46d,2026-07-17T04:00:00Z,2026-07-17T06:00:00+0200,123.223,MW,DK1,DK_1,actual_solar_generation,Solar,2026-08-04T05:33:58Z
2026-08-04T05:31:07Z,2026-08-04T07:31:07+0200,fe4314c0-08bc-43c1-bc96-38bb7e2cf46d,2026-07-17T04:15:00Z,2026-07-17T06:15:00+0200,171.017,MW,DK1,DK_1,actual_solar_generation,Solar,2026-08-04T05:33:58Z
2026-08-04T05:31:07Z,2026-08-04T07:31:07+0200,fe4314c0-08bc-43c1-bc96-38bb7e2cf46d,2026-07-17T04:30:00Z,2026-07-17T06:30:00+0200,240.002,MW,DK1,DK_1,actual_solar_generation,Solar,2026-08-04T05:33:58Z
2026-08-04T05:31:07Z,2026-08-04T07:31:07+0200,fe4314c0-08bc-43c1-bc96-38bb7e2cf46d,2026-07-17T04:45:00Z,2026-07-17T06:45:00+0200,328.45,MW,DK1,DK_1,actual_solar_generation,Solar,2026-08-04T05:33:58Z
2026-08-04T05:31:07Z,2026-08-04T07:31:07+0200,fe4314c0-08bc-43c1-bc96-38bb7e2cf46d,2026-07-17T05:00:00Z,2026-07-17T07:00:00+0200,408.597,MW,DK1,DK_1,actual_solar_generation,Solar,2026-08-04T05:33:58Z
2026-08-04T05:31:07Z,2026-08-04T07:31:07+0200,fe4314c0-08bc-43c1-bc96-38bb7e2cf46d,2026-07-17T05:15:00Z,2026-07-17T07:15:00+0200,513.842,MW,DK1,DK_1,actual_solar_generation,Solar,2026-08-04T05:33:58Z
2026-08-04T05:31:07Z,2026-08-04T07:31:07+0200,fe4314c0-08bc-43c1-bc96-38bb7e2cf46d,2026-07-17T05:30:00Z,2026-07-17T07:30:00+0200,554.201,MW,DK1,DK_1,actual_solar_generation,Solar,2026-08-04T05:33:58Z
2026-08-04T05:31:07Z,2026-08-04T07:31:07+0200,fe4314c0-08bc-43c1-bc96-38bb7e2cf46d,2026-07-17T05:45:00Z,2026-07-17T07:45:00+0200,582.065,MW,DK1,DK_1,actual_solar_generation,Solar,2026-08-04T05:33:58Z
2026-08-04T05:31:07Z,2026-08-04T07:31:07+0200,fe4314c0-08bc-43c1-bc96-38bb7e2cf46d,2026-07-17T06:00:00Z,2026-07-17T08:00:00+0200,733.253,MW,DK1,DK_1,actual_solar_generation,Solar,2026-08-04T05:33:58Z
2026-08-04T05:31:07Z,2026-08-04T07:31:07+0200,fe4314c0-08bc-43c1-bc96-38bb7e2cf46d,2026-07-17T06:15:00Z,2026-07-17T08:15:00+0200,824.655,MW,DK1,DK_1,actual_solar_generation,Solar,2026-08-04T05:33:58Z
2026-08-04T05:31:07Z,2026-08-04T07:31:07+0200,fe4314c0-08bc-43c1-bc96-38bb7e2cf46d,2026-07-17T06:30:00Z,2026-07-17T08:30:00+0200,972.477,MW,DK1,DK_1,actual_solar_generation,Solar,2026-08-04T05:33:58Z
2026-08-04T05:31:07Z,2026-08-04T07:31:07+0200,fe4314c0-08bc-43c1-bc96-38bb7e2cf46d,2026-07-17T06:45:00Z,2026-07-17T08:45:00+0200,1144.87,MW,DK1,DK_1,actual_solar_generation,Solar,2026-08-04T05:33:58Z
2026-08-04T05:31:07Z,2026-08-04T07:31:07+0200,fe4314c0-08bc-43c1-bc96-38bb7e2cf46d,2026-07-17T07:00:00Z,2026-07-17T09:00:00+0200,1154.61,MW,DK1,DK_1,actual_solar_generation,Solar,2026-08-04T05:33:58Z
2026-08-04T05:31:07Z,2026-08-04T07:31:07+0200,fe4314c0-08bc-43c1-bc96-38bb7e2cf46d,2026-07-17T07:15:00Z,2026-07-17T09:15:00+0200,1244.85,MW,DK1,DK_1,actual_solar_generation,Solar,2026-08-04T05:33:58Z
2026-08-04T05:31:07Z,2026-08-04T07:31:07+0200,fe4314c0-08bc-43c1-bc96-38bb7e2cf46d,2026-07-17T07:30:00Z,2026-07-17T09:30:00+0200,1392.02,MW,DK1,DK_1,actual_solar_generation,Solar,2026-08-04T05:33:58Z
2026-08-04T05:31:07Z,2026-08-04T07:31:07+0200,fe4314c0-08bc-43c1-bc96-38bb7e2cf46d,2026-07-17T07:45:00Z,2026-07-17T09:45:00+0200,1498.84,MW,DK1,DK_1,actual_solar_generation,Solar,2026-08-04T05:33:58Z
2026-08-04T05:31:07Z,2026-08-04T07:31:07+0200,fe4314c0-08bc-43c1-bc96-38bb7e2cf46d,2026-07-17T08:00:00Z,2026-07-17T10:00:00+0200,1564.26,MW,DK1,DK_1,actual_solar_generation,Solar,2026-08-04T05:33:58Z
2026-08-04T05:31:07Z,2026-08-04T07:31:07+0200,fe4314c0-08bc-43c1-bc96-38bb7e2cf46d,2026-07-17T08:15:00Z,2026-07-17T10:15:00+0200,1574.76,MW,DK1,DK_1,actual_solar_generation,Solar,2026-08-04T05:33:58Z
2026-08-04T05:31:07Z,2026-08-04T07:31:07+0200,fe4314c0-08bc-43c1-bc96-38bb7e2cf46d,2026-07-17T08:30:00Z,2026-07-17T10:30:00+0200,1635.15,MW,DK1,DK_1,actual_solar_generation,Solar,2026-08-04T05:33:58Z
2026-08-04T05:31:07Z,2026-08-04T07:31:07+0200,fe4314c0-08bc-43c1-bc96-38bb7e2cf46d,2026-07-17T08:45:00Z,2026-07-17T10:45:00+0200,1668.52,MW,DK1,DK_1,actual_solar_generation,Solar,2026-08-04T05:33:58Z
2026-08-04T05:31:07Z,2026-08-04T07:31:07+0200,fe4314c0-08bc-43c1-bc96-38bb7e2cf46d,2026-07-17T09:00:00Z,2026-07-17T11:00:00+0200,1814.91,MW,DK1,DK_1,actual_solar_generation,Solar,2026-08-04T05:33:58Z
2026-08-04T05:31:07Z,2026-08-04T07:31:07+0200,fe4314c0-08bc-43c1-bc96-38bb7e2cf46d,2026-07-17T09:15:00Z,2026-07-17T11:15:00+0200,2005.42,MW,DK1,DK_1,actual_solar_generation,Solar,2026-08-04T05:33:58Z
2026-08-04T05:31:07Z,2026-08-04T07:31:07+0200,fe4314c0-08bc-43c1-bc96-38bb7e2cf46d,2026-07-17T09:30:00Z,2026-07-17T11:30:00+0200,2106.97,MW,DK1,DK_1,actual_solar_generation,Solar,2026-08-04T05:33:58Z
2026-08-04T05:31:07Z,2026-08-04T07:31:07+0200,fe4314c0-08bc-43c1-bc96-38bb7e2cf46d,2026-07-17T09:45:00Z,2026-07-17T11:45:00+0200,2142.51,MW,DK1,DK_1,actual_solar_generation,Solar,2026-08-04T05:33:58Z
2026-08-04T05:31:07Z,2026-08-04T07:31:07+0200,fe4314c0-08bc-43c1-bc96-38bb7e2cf46d,2026-07-17T10:00:00Z,2026-07-17T12:00:00+0200,2102.1,MW,DK1,DK_1,actual_solar_generation,Solar,2026-08-04T05:33:58Z
2026-08-04T05:31:07Z,2026-08-04T07:31:07+0200,fe4314c0-08bc-43c1-bc96-38bb7e2cf46d,2026-07-17T10:15:00Z,2026-07-17T12:15:00+0200,2108.53,MW,DK1,DK_1,actual_solar_generation,Solar,2026-08-04T05:33:58Z
2026-08-04T05:31:07Z,2026-08-04T07:31:07+0200,fe4314c0-08bc-43c1-bc96-38bb7e2cf46d,2026-07-17T10:30:00Z,2026-07-17T12:30:00+0200,2044.01,MW,DK1,DK_1,actual_solar_generation,Solar,2026-08-04T05:33:58Z
2026-08-04T05:31:07Z,2026-08-04T07:31:07+0200,fe4314c0-08bc-43c1-bc96-38bb7e2cf46d,2026-07-17T10:45:00Z,2026-07-17T12:45:00+0200,1943.23,MW,DK1,DK_1,actual_solar_generation,Solar,2026-08-04T05:33:58Z
2026-08-04T05:31:07Z,2026-08-04T07:31:07+0200,fe4314c0-08bc-43c1-bc96-38bb7e2cf46d,2026-07-17T11:00:00Z,2026-07-17T13:00:00+0200,1898.43,MW,DK1,DK_1,actual_solar_generation,Solar,2026-08-04T05:33:58Z
2026-08-04T05:31:07Z,2026-08-04T07:31:07+0200,fe4314c0-08bc-43c1-bc96-38bb7e2cf46d,2026-07-17T11:15:00Z,2026-07-17T13:15:00+0200,2096.91,MW,DK1,DK_1,actual_solar_generation,Solar,2026-08-04T05:33:58Z
2026-08-04T05:31:07Z,2026-08-04T07:31:07+0200,fe4314c0-08bc-43c1-bc96-38bb7e2cf46d,2026-07-17T11:30:00Z,2026-07-17T13:30:00+0200,2202.91,MW,DK1,DK_1,actual_solar_generation,Solar,2026-08-04T05:33:58Z
2026-08-04T05:31:07Z,2026-08-04T07:31:07+0200,fe4314c0-08bc-43c1-bc96-38bb7e2cf46d,2026-07-17T11:45:00Z,2026-07-17T13:45:00+0200,2238.42,MW,DK1,DK_1,actual_solar_generation,Solar,2026-08-04T05:33:58Z
2026-08-04T05:31:07Z,2026-08-04T07:31:07+0200,fe4314c0-08bc-43c1-bc96-38bb7e2cf46d,2026-07-17T12:00:00Z,2026-07-17T14:00:00+0200,2161.04,MW,DK1,DK_1,actual_solar_generation,Solar,2026-08-04T05:33:58Z
2026-08-04T05:31:07Z,2026-08-04T07:31:07+0200,fe4314c0-08bc-43c1-bc96-38bb7e2cf46d,2026-07-17T12:15:00Z,2026-07-17T14:15:00+0200,2086.4,MW,DK1,DK_1,actual_solar_generation,Solar,2026-08-04T05:33:58Z
2026-08-04T05:31:07Z,2026-08-04T07:31:07+0200,fe4314c0-08bc-43c1-bc96-38bb7e2cf46d,2026-07-17T12:30:00Z,2026-07-17T14:30:00+0200,2064.0,MW,DK1,DK_1,actual_solar_generation,Solar,2026-08-04T05:33:58Z
2026-08-04T05:31:07Z,2026-08-04T07:31:07+0200,fe4314c0-08bc-43c1-bc96-38bb7e2cf46d,2026-07-17T12:45:00Z,2026-07-17T14:45:00+0200,2062.23,MW,DK1,DK_1,actual_solar_generation,Solar,2026-08-04T05:33:58Z
2026-08-04T05:31:07Z,2026-08-04T07:31:07+0200,fe4314c0-08bc-43c1-bc96-38bb7e2cf46d,2026-07-17T13:00:00Z,2026-07-17T15:00:00+0200,1949.09,MW,DK1,DK_1,actual_solar_generation,Solar,2026-08-04T05:33:58Z
2026-08-04T05:31:07Z,2026-08-04T07:31:07+0200,fe4314c0-08bc-43c1-bc96-38bb7e2cf46d,2026-07-17T13:15:00Z,2026-07-17T15:15:00+0200,1921.85,MW,DK1,DK_1,actual_solar_generation,Solar,2026-08-04T05:33:58Z
2026-08-04T05:31:07Z,2026-08-04T07:31:07+0200,fe4314c0-08bc-43c1-bc96-38bb7e2cf46d,2026-07-17T13:30:00Z,2026-07-17T15:30:00+0200,2007.89,MW,DK1,DK_1,actual_solar_generation,Solar,2026-08-04T05:33:58Z
2026-08-04T05:31:07Z,2026-08-04T07:31:07+0200,fe4314c0-08bc-43c1-bc96-38bb7e2cf46d,2026-07-17T13:45:00Z,2026-07-17T15:45:00+0200,1783.7,MW,DK1,DK_1,actual_solar_generation,Solar,2026-08-04T05:33:58Z
2026-08-04T05:31:07Z,2026-08-04T07:31:07+0200,fe4314c0-08bc-43c1-bc96-38bb7e2cf46d,2026-07-17T14:00:00Z,2026-07-17T16:00:00+0200,1746.85,MW,DK1,DK_1,actual_solar_generation,Solar,2026-08-04T05:33:58Z
2026-08-04T05:31:07Z,2026-08-04T07:31:07+0200,fe4314c0-08bc-43c1-bc96-38bb7e2cf46d,2026-07-17T14:15:00Z,2026-07-17T16:15:00+0200,1765.02,MW,DK1,DK_1,actual_solar_generation,Solar,2026-08-04T05:33:58Z
2026-08-04T05:31:07Z,2026-08-04T07:31:07+0200,fe4314c0-08bc-43c1-bc96-38bb7e2cf46d,2026-07-17T14:30:00Z,2026-07-17T16:30:00+0200,1681.15,MW,DK1,DK_1,actual_solar_generation,Solar,2026-08-04T05:33:58Z
2026-08-04T05:31:07Z,2026-08-04T07:31:07+0200,fe4314c0-08bc-43c1-bc96-38bb7e2cf46d,2026-07-17T14:45:00Z,2026-07-17T16:45:00+0200,1736.63,MW,DK1,DK_1,actual_solar_generation,Solar,2026-08-04T05:33:58Z
2026-08-04T05:31:07Z,2026-08-04T07:31:07+0200,fe4314c0-08bc-43c1-bc96-38bb7e2cf46d,2026-07-17T15:00:00Z,2026-07-17T17:00:00+0200,1702.14,MW,DK1,DK_1,actual_solar_generation,Solar,2026-08-04T05:33:58Z
2026-08-04T05:31:07Z,2026-08-04T07:31:07+0200,fe4314c0-08bc-43c1-bc96-38bb7e2cf46d,2026-07-17T15:15:00Z,2026-07-17T17:15:00+0200,1598.46,MW,DK1,DK_1,actual_solar_generation,Solar,2026-08-04T05:33:58Z
2026-08-04T05:31:07Z,2026-08-04T07:31:07+0200,fe4314c0-08bc-43c1-bc96-38bb7e2cf46d,2026-07-17T15:30:00Z,2026-07-17T17:30:00+0200,1480.22,MW,DK1,DK_1,actual_solar_generation,Solar,2026-08-04T05:33:58Z
2026-08-04T05:31:07Z,2026-08-04T07:31:07+0200,fe4314c0-08bc-43c1-bc96-38bb7e2cf46d,2026-07-17T15:45:00Z,2026-07-17T17:45:00+0200,1357.66,MW,DK1,DK_1,actual_solar_generation,Solar,2026-08-04T05:33:58Z
2026-08-04T05:31:07Z,2026-08-04T07:31:07+0200,fe4314c0-08bc-43c1-bc96-38bb7e2cf46d,2026-07-17T16:00:00Z,2026-07-17T18:00:00+0200,1171.1,MW,DK1,DK_1,actual_solar_generation,Solar,2026-08-04T05:33:58Z
2026-08-04T05:31:07Z,2026-08-04T07:31:07+0200,fe4314c0-08bc-43c1-bc96-38bb7e2cf46d,2026-07-17T16:15:00Z,2026-07-17T18:15:00+0200,1077.74,MW,DK1,DK_1,actual_solar_generation,Solar,2026-08-04T05:33:58Z
2026-08-04T05:31:07Z,2026-08-04T07:31:07+0200,fe4314c0-08bc-43c1-bc96-38bb7e2cf46d,2026-07-17T16:30:00Z,2026-07-17T18:30:00+0200,953.77,MW,DK1,DK_1,actual_solar_generation,Solar,2026-08-04T05:33:58Z
2026-08-04T05:31:07Z,2026-08-04T07:31:07+0200,fe4314c0-08bc-43c1-bc96-38bb7e2cf46d,2026-07-17T16:45:00Z,2026-07-17T18:45:00+0200,853.785,MW,DK1,DK_1,actual_solar_generation,Solar,2026-08-04T05:33:58Z
2026-08-04T05:31:07Z,2026-08-04T07:31:07+0200,fe4314c0-08bc-43c1-bc96-38bb7e2cf46d,2026-07-17T17:00:00Z,2026-07-17T19:00:00+0200,711.563,MW,DK1,DK_1,actual_solar_generation,Solar,2026-08-04T05:33:58Z
2026-08-04T05:31:07Z,2026-08-04T07:31:07+0200,fe4314c0-08bc-43c1-bc96-38bb7e2cf46d,2026-07-17T17:15:00Z,2026-07-17T19:15:00+0200,564.684,MW,DK1,DK_1,actual_solar_generation,Solar,2026-08-04T05:33:58Z
2026-08-04T05:31:07Z,2026-08-04T07:31:07+0200,fe4314c0-08bc-43c1-bc96-38bb7e2cf46d,2026-07-17T17:30:00Z,2026-07-17T19:30:00+0200,450.05,MW,DK1,DK_1,actual_solar_generation,Solar,2026-08-04T05:33:58Z
2026-08-04T05:31:07Z,2026-08-04T07:31:07+0200,fe4314c0-08bc-43c1-bc96-38bb7e2cf46d,2026-07-17T17:45:00Z,2026-07-17T19:45:00+0200,352.896,MW,DK1,DK_1,actual_solar_generation,Solar,2026-08-04T05:33:58Z
2026-08-04T05:31:07Z,2026-08-04T07:31:07+0200,fe4314c0-08bc-43c1-bc96-38bb7e2cf46d,2026-07-17T18:00:00Z,2026-07-17T20:00:00+0200,270.495,MW,DK1,DK_1,actual_solar_generation,Solar,2026-08-04T05:33:58Z
2026-08-04T05:31:07Z,2026-08-04T07:31:07+0200,fe4314c0-08bc-43c1-bc96-38bb7e2cf46d,2026-07-17T18:15:00Z,2026-07-17T20:15:00+0200,213.572,MW,DK1,DK_1,actual_solar_generation,Solar,2026-08-04T05:33:58Z
2026-08-04T05:31:07Z,2026-08-04T07:31:07+0200,fe4314c0-08bc-43c1-bc96-38bb7e2cf46d,2026-07-17T18:30:00Z,2026-07-17T20:30:00+0200,159.197,MW,DK1,DK_1,actual_solar_generation,Solar,2026-08-04T05:33:58Z
2026-08-04T05:31:07Z,2026-08-04T07:31:07+0200,fe4314c0-08bc-43c1-bc96-38bb7e2cf46d,2026-07-17T18:45:00Z,2026-07-17T20:45:00+0200,110.755,MW,DK1,DK_1,actual_solar_generation,Solar,2026-08-04T05:33:58Z
2026-08-04T05:31:07Z,2026-08-04T07:31:07+0200,fe4314c0-08bc-43c1-bc96-38bb7e2cf46d,2026-07-17T19:00:00Z,2026-07-17T21:00:00+0200,72.5992,MW,DK1,DK_1,actual_solar_generation,Solar,2026-08-04T05:33:58Z
2026-08-04T05:31:07Z,2026-08-04T07:31:07+0200,fe4314c0-08bc-43c1-bc96-38bb7e2cf46d,2026-07-17T19:15:00Z,2026-07-17T21:15:00+0200,41.8576,MW,DK1,DK_1,actual_solar_generation,Solar,2026-08-04T05:33:58Z
2026-08-04T05:31:07Z,2026-08-04T07:31:07+0200,fe4314c0-08bc-43c1-bc96-38bb7e2cf46d,2026-07-17T19:30:00Z,2026-07-17T21:30:00+0200,18.3344,MW,DK1,DK_1,actual_solar_generation,Solar,2026-08-04T05:33:58Z
2026-08-04T05:31:07Z,2026-08-04T07:31:07+0200,fe4314c0-08bc-43c1-bc96-38bb7e2cf46d,2026-07-17T19:45:00Z,2026-07-17T21:45:00+0200,4.76467,MW,DK1,DK_1,actual_solar_generation,Solar,2026-08-04T05:33:58Z
2026-08-04T05:31:07Z,2026-08-04T07:31:07+0200,fe4314c0-08bc-43c1-bc96-38bb7e2cf46d,2026-07-17T20:00:00Z,2026-07-17T22:00:00+0200,0.332712,MW,DK1,DK_1,actual_solar_generation,Solar,2026-08-04T05:33:58Z
2026-08-04T05:31:07Z,2026-08-04T07:31:07+0200,fe4314c0-08bc-43c1-bc96-38bb7e2cf46d,2026-07-17T20:15:00Z,2026-07-17T22:15:00+0200,0.0,MW,DK1,DK_1,actual_solar_generation,Solar,2026-08-04T05:33:58Z
2026-08-04T05:31:07Z,2026-08-04T07:31:07+0200,fe4314c0-08bc-43c1-bc96-38bb7e2cf46d,2026-07-17T20:30:00Z,2026-07-17T22:30:00+0200,0.0,MW,DK1,DK_1,actual_solar_generation,Solar,2026-08-04T05:33:58Z
2026-08-04T05:31:07Z,2026-08-04T07:31:07+0200,fe4314c0-08bc-43c1-bc96-38bb7e2cf46d,2026-07-17T20:45:00Z,2026-07-17T22:45:00+0200,0.0,MW,DK1,DK_1,actual_solar_generation,Solar,2026-08-04T05:33:58Z
2026-08-04T05:31:07Z,2026-08-04T07:31:07+0200,fe4314c0-08bc-43c1-bc96-38bb7e2cf46d,2026-07-17T21:00:00Z,2026-07-17T23:00:00+0200,0.0,MW,DK1,DK_1,actual_solar_generation,Solar,2026-08-04T05:33:58Z
2026-08-04T05:31:07Z,2026-08-04T07:31:07+0200,fe4314c0-08bc-43c1-bc96-38bb7e2cf46d,2026-07-17T21:15:00Z,2026-07-17T23:15:00+0200,0.0,MW,DK1,DK_1,actual_solar_generation,Solar,2026-08-04T05:33:58Z
2026-08-04T05:31:07Z,2026-08-04T07:31:07+0200,fe4314c0-08bc-43c1-bc96-38bb7e2cf46d,2026-07-17T21:30:00Z,2026-07-17T23:30:00+0200,0.0,MW,DK1,DK_1,actual_solar_generation,Solar,2026-08-04T05:33:58Z
2026-08-04T05:31:07Z,2026-08-04T07:31:07+0200,fe4314c0-08bc-43c1-bc96-38bb7e2cf46d,2026-07-17T21:45:00Z,2026-07-17T23:45:00+0200,0.0,MW,DK1,DK_1,actual_solar_generation,Solar,2026-08-04T05:33:58Z
2026-08-04T05:31:07Z,2026-08-04T07:31:07+0200,fe4314c0-08bc-43c1-bc96-38bb7e2cf46d,2026-07-17T22:00:00Z,2026-07-18T00:00:00+0200,0.0,MW,DK1,DK_1,actual_solar_generation,Solar,2026-08-04T05:33:58Z
2026-08-04T05:31:07Z,2026-08-04T07:31:07+0200,fe4314c0-08bc-43c1-bc96-38bb7e2cf46d,2026-07-17T23:15:00Z,2026-07-18T01:15:00+0200,0.890581,MW,DK1,DK_1,actual_solar_generation,Solar,2026-08-04T05:33:58Z
2026-08-04T05:31:07Z,2026-08-04T07:31:07+0200,fe4314c0-08bc-43c1-bc96-38bb7e2cf46d,2026-07-17T23:30:00Z,2026-07-18T01:30:00+0200,0.891802,MW,DK1,DK_1,actual_solar_generation,Solar,2026-08-04T05:33:58Z
2026-08-04T05:31:07Z,2026-08-04T07:31:07+0200,fe4314c0-08bc-43c1-bc96-38bb7e2cf46d,2026-07-17T23:45:00Z,2026-07-18T01:45:00+0200,1.03606,MW,DK1,DK_1,actual_solar_generation,Solar,2026-08-04T05:33:58Z
2026-08-04T05:31:07Z,2026-08-04T07:31:07+0200,fe4314c0-08bc-43c1-bc96-38bb7e2cf46d,2026-07-18T00:00:00Z,2026-07-18T02:00:00+0200,1.7691,MW,DK1,DK_1,actual_solar_generation,Solar,2026-08-04T05:33:58Z
2026-08-04T05:31:07Z,2026-08-04T07:31:07+0200,fe4314c0-08bc-43c1-bc96-38bb7e2cf46d,2026-07-18T00:15:00Z,2026-07-18T02:15:00+0200,3.12453,MW,DK1,DK_1,actual_solar_generation,Solar,2026-08-04T05:33:58Z
2026-08-04T05:31:07Z,2026-08-04T07:31:07+0200,fe4314c0-08bc-43c1-bc96-38bb7e2cf46d,2026-07-18T00:30:00Z,2026-07-18T02:30:00+0200,3.58034,MW,DK1,DK_1,actual_solar_generation,Solar,2026-08-04T05:33:58Z
2026-08-04T05:31:07Z,2026-08-04T07:31:07+0200,fe4314c0-08bc-43c1-bc96-38bb7e2cf46d,2026-07-18T00:45:00Z,2026-07-18T02:45:00+0200,3.17919,MW,DK1,DK_1,actual_solar_generation,Solar,2026-08-04T05:33:58Z
2026-08-04T05:31:07Z,2026-08-04T07:31:07+0200,fe4314c0-08bc-43c1-bc96-38bb7e2cf46d,2026-07-18T01:00:00Z,2026-07-18T03:00:00+0200,3.08691,MW,DK1,DK_1,actual_solar_generation,Solar,2026-08-04T05:33:58Z
2026-08-04T05:31:07Z,2026-08-04T07:31:07+0200,fe4314c0-08bc-43c1-bc96-38bb7e2cf46d,2026-07-18T01:15:00Z,2026-07-18T03:15:00+0200,3.44766,MW,DK1,DK_1,actual_solar_generation,Solar,2026-08-04T05:33:58Z
2026-08-04T05:31:07Z,2026-08-04T07:31:07+0200,fe4314c0-08bc-43c1-bc96-38bb7e2cf46d,2026-07-18T01:30:00Z,2026-07-18T03:30:00+0200,4.13456,MW,DK1,DK_1,actual_solar_generation,Solar,2026-08-04T05:33:58Z
2026-08-04T05:31:07Z,2026-08-04T07:31:07+0200,fe4314c0-08bc-43c1-bc96-38bb7e2cf46d,2026-07-18T01:45:00Z,2026-07-18T03:45:00+0200,4.13873,MW,DK1,DK_1,actual_solar_generation,Solar,2026-08-04T05:33:58Z
2026-08-04T05:31:07Z,2026-08-04T07:31:07+0200,fe4314c0-08bc-43c1-bc96-38bb7e2cf46d,2026-07-18T02:00:00Z,2026-07-18T04:00:00+0200,3.94005,MW,DK1,DK_1,actual_solar_generation,Solar,2026-08-04T05:33:58Z
2026-08-04T05:31:07Z,2026-08-04T07:31:07+0200,fe4314c0-08bc-43c1-bc96-38bb7e2cf46d,2026-07-18T02:15:00Z,2026-07-18T04:15:00+0200,4.43873,MW,DK1,DK_1,actual_solar_generation,Solar,2026-08-04T05:33:58Z
2026-08-04T05:31:07Z,2026-08-04T07:31:07+0200,fe4314c0-08bc-43c1-bc96-38bb7e2cf46d,2026-07-18T02:30:00Z,2026-07-18T04:30:00+0200,3.98592,MW,DK1,DK_1,actual_solar_generation,Solar,2026-08-04T05:33:58Z
2026-08-04T05:31:07Z,2026-08-04T07:31:07+0200,fe4314c0-08bc-43c1-bc96-38bb7e2cf46d,2026-07-18T02:45:00Z,2026-07-18T04:45:00+0200,5.62338,MW,DK1,DK_1,actual_solar_generation,Solar,2026-08-04T05:33:58Z
2026-08-04T05:31:07Z,2026-08-04T07:31:07+0200,fe4314c0-08bc-43c1-bc96-38bb7e2cf46d,2026-07-18T03:00:00Z,2026-07-18T05:00:00+0200,8.5855,MW,DK1,DK_1,actual_solar_generation,Solar,2026-08-04T05:33:58Z
2026-08-04T05:31:07Z,2026-08-04T07:31:07+0200,fe4314c0-08bc-43c1-bc96-38bb7e2cf46d,2026-07-18T03:15:00Z,2026-07-18T05:15:00+0200,16.7586,MW,DK1,DK_1,actual_solar_generation,Solar,2026-08-04T05:33:58Z
2026-08-04T05:31:07Z,2026-08-04T07:31:07+0200,fe4314c0-08bc-43c1-bc96-38bb7e2cf46d,2026-07-18T03:30:00Z,2026-07-18T05:30:00+0200,31.7781,MW,DK1,DK_1,actual_solar_generation,Solar,2026-08-04T05:33:58Z
2026-08-04T05:31:07Z,2026-08-04T07:31:07+0200,fe4314c0-08bc-43c1-bc96-38bb7e2cf46d,2026-07-18T03:45:00Z,2026-07-18T05:45:00+0200,48.6519,MW,DK1,DK_1,actual_solar_generation,Solar,2026-08-04T05:33:58Z
2026-08-04T05:31:07Z,2026-08-04T07:31:07+0200,fe4314c0-08bc-43c1-bc96-38bb7e2cf46d,2026-07-18T04:00:00Z,2026-07-18T06:00:00+0200,82.9585,MW,DK1,DK_1,actual_solar_generation,Solar,2026-08-04T05:33:58Z
2026-08-04T05:31:07Z,2026-08-04T07:31:07+0200,fe4314c0-08bc-43c1-bc96-38bb7e2cf46d,2026-07-18T04:15:00Z,2026-07-18T06:15:00+0200,124.212,MW,DK1,DK_1,actual_solar_generation,Solar,2026-08-04T05:33:58Z
2026-08-04T05:31:07Z,2026-08-04T07:31:07+0200,fe4314c0-08bc-43c1-bc96-38bb7e2cf46d,2026-07-18T04:30:00Z,2026-07-18T06:30:00+0200,165.393,MW,DK1,DK_1,actual_solar_generation,Solar,2026-08-04T05:33:58Z
2026-08-04T05:31:07Z,2026-08-04T07:31:07+0200,fe4314c0-08bc-43c1-bc96-38bb7e2cf46d,2026-07-18T04:45:00Z,2026-07-18T06:45:00+0200,200.391,MW,DK1,DK_1,actual_solar_generation,Solar,2026-08-04T05:33:58Z
2026-08-04T05:31:07Z,2026-08-04T07:31:07+0200,fe4314c0-08bc-43c1-bc96-38bb7e2cf46d,2026-07-18T05:00:00Z,2026-07-18T07:00:00+0200,261.919,MW,DK1,DK_1,actual_solar_generation,Solar,2026-08-04T05:33:58Z
2026-08-04T05:31:07Z,2026-08-04T07:31:07+0200,fe4314c0-08bc-43c1-bc96-38bb7e2cf46d,2026-07-18T05:15:00Z,2026-07-18T07:15:00+0200,305.666,MW,DK1,DK_1,actual_solar_generation,Solar,2026-08-04T05:33:58Z
2026-08-04T05:31:07Z,2026-08-04T07:31:07+0200,fe4314c0-08bc-43c1-bc96-38bb7e2cf46d,2026-07-18T05:30:00Z,2026-07-18T07:30:00+0200,365.651,MW,DK1,DK_1,actual_solar_generation,Solar,2026-08-04T05:33:58Z
2026-08-04T05:31:07Z,2026-08-04T07:31:07+0200,fe4314c0-08bc-43c1-bc96-38bb7e2cf46d,2026-07-18T05:45:00Z,2026-07-18T07:45:00+0200,446.435,MW,DK1,DK_1,actual_solar_generation,Solar,2026-08-04T05:33:58Z
2026-08-04T05:31:07Z,2026-08-04T07:31:07+0200,fe4314c0-08bc-43c1-bc96-38bb7e2cf46d,2026-07-18T06:00:00Z,2026-07-18T08:00:00+0200,495.936,MW,DK1,DK_1,actual_solar_generation,Solar,2026-08-04T05:33:58Z
2026-08-04T05:31:07Z,2026-08-04T07:31:07+0200,fe4314c0-08bc-43c1-bc96-38bb7e2cf46d,2026-07-18T06:15:00Z,2026-07-18T08:15:00+0200,543.33,MW,DK1,DK_1,actual_solar_generation,Solar,2026-08-04T05:33:58Z
2026-08-04T05:31:07Z,2026-08-04T07:31:07+0200,fe4314c0-08bc-43c1-bc96-38bb7e2cf46d,2026-07-18T06:30:00Z,2026-07-18T08:30:00+0200,607.224,MW,DK1,DK_1,actual_solar_generation,Solar,2026-08-04T05:33:58Z
2026-08-04T05:31:07Z,2026-08-04T07:31:07+0200,fe4314c0-08bc-43c1-bc96-38bb7e2cf46d,2026-07-18T06:45:00Z,2026-07-18T08:45:00+0200,720.862,MW,DK1,DK_1,actual_solar_generation,Solar,2026-08-04T05:33:58Z
2026-08-04T05:31:07Z,2026-08-04T07:31:07+0200,fe4314c0-08bc-43c1-bc96-38bb7e2cf46d,2026-07-18T07:00:00Z,2026-07-18T09:00:00+0200,807.691,MW,DK1,DK_1,actual_solar_generation,Solar,2026-08-04T05:33:58Z
2026-08-04T05:31:07Z,2026-08-04T07:31:07+0200,fe4314c0-08bc-43c1-bc96-38bb7e2cf46d,2026-07-18T07:15:00Z,2026-07-18T09:15:00+0200,938.858,MW,DK1,DK_1,actual_solar_generation,Solar,2026-08-04T05:33:58Z
2026-08-04T05:31:07Z,2026-08-04T07:31:07+0200,fe4314c0-08bc-43c1-bc96-38bb7e2cf46d,2026-07-18T07:30:00Z,2026-07-18T09:30:00+0200,988.386,MW,DK1,DK_1,actual_solar_generation,Solar,2026-08-04T05:33:58Z
2026-08-04T05:31:07Z,2026-08-04T07:31:07+0200,fe4314c0-08bc-43c1-bc96-38bb7e2cf46d,2026-07-18T07:45:00Z,2026-07-18T09:45:00+0200,1035.24,MW,DK1,DK_1,actual_solar_generation,Solar,2026-08-04T05:33:58Z
2026-08-04T05:31:07Z,2026-08-04T07:31:07+0200,fe4314c0-08bc-43c1-bc96-38bb7e2cf46d,2026-07-18T08:00:00Z,2026-07-18T10:00:00+0200,1056.36,MW,DK1,DK_1,actual_solar_generation,Solar,2026-08-04T05:33:58Z
2026-08-04T05:31:07Z,2026-08-04T07:31:07+0200,fe4314c0-08bc-43c1-bc96-38bb7e2cf46d,2026-07-18T08:15:00Z,2026-07-18T10:15:00+0200,1086.64,MW,DK1,DK_1,actual_solar_generation,Solar,2026-08-04T05:33:58Z
2026-08-04T05:31:07Z,2026-08-04T07:31:07+0200,fe4314c0-08bc-43c1-bc96-38bb7e2cf46d,2026-07-18T08:30:00Z,2026-07-18T10:30:00+0200,1121.04,MW,DK1,DK_1,actual_solar_generation,Solar,2026-08-04T05:33:58Z
2026-08-04T05:31:07Z,2026-08-04T07:31:07+0200,fe4314c0-08bc-43c1-bc96-38bb7e2cf46d,2026-07-18T08:45:00Z,2026-07-18T10:45:00+0200,1093.03,MW,DK1,DK_1,actual_solar_generation,Solar,2026-08-04T05:33:58Z
2026-08-04T05:31:07Z,2026-08-04T07:31:07+0200,fe4314c0-08bc-43c1-bc96-38bb7e2cf46d,2026-07-18T09:00:00Z,2026-07-18T11:00:00+0200,1205.92,MW,DK1,DK_1,actual_solar_generation,Solar,2026-08-04T05:33:58Z
2026-08-04T05:31:07Z,2026-08-04T07:31:07+0200,fe4314c0-08bc-43c1-bc96-38bb7e2cf46d,2026-07-18T09:15:00Z,2026-07-18T11:15:00+0200,1325.06,MW,DK1,DK_1,actual_solar_generation,Solar,2026-08-04T05:33:58Z
2026-08-04T05:31:07Z,2026-08-04T07:31:07+0200,fe4314c0-08bc-43c1-bc96-38bb7e2cf46d,2026-07-18T09:30:00Z,2026-07-18T11:30:00+0200,1357.91,MW,DK1,DK_1,actual_solar_generation,Solar,2026-08-04T05:33:58Z
2026-08-04T05:31:07Z,2026-08-04T07:31:07+0200,fe4314c0-08bc-43c1-bc96-38bb7e2cf46d,2026-07-18T09:45:00Z,2026-07-18T11:45:00+0200,1413.59,MW,DK1,DK_1,actual_solar_generation,Solar,2026-08-04T05:33:58Z
2026-08-04T05:31:07Z,2026-08-04T07:31:07+0200,fe4314c0-08bc-43c1-bc96-38bb7e2cf46d,2026-07-18T10:00:00Z,2026-07-18T12:00:00+0200,1108.87,MW,DK1,DK_1,actual_solar_generation,Solar,2026-08-04T05:33:58Z
2026-08-04T05:31:07Z,2026-08-04T07:31:07+0200,fe4314c0-08bc-43c1-bc96-38bb7e2cf46d,2026-07-18T10:15:00Z,2026-07-18T12:15:00+0200,1013.46,MW,DK1,DK_1,actual_solar_generation,Solar,2026-08-04T05:33:58Z
2026-08-04T05:31:07Z,2026-08-04T07:31:07+0200,fe4314c0-08bc-43c1-bc96-38bb7e2cf46d,2026-07-18T10:30:00Z,2026-07-18T12:30:00+0200,1047.62,MW,DK1,DK_1,actual_solar_generation,Solar,2026-08-04T05:33:58Z
2026-08-04T05:31:07Z,2026-08-04T07:31:07+0200,fe4314c0-08bc-43c1-bc96-38bb7e2cf46d,2026-07-18T10:45:00Z,2026-07-18T12:45:00+0200,1005.43,MW,DK1,DK_1,actual_solar_generation,Solar,2026-08-04T05:33:58Z
2026-08-04T05:31:07Z,2026-08-04T07:31:07+0200,fe4314c0-08bc-43c1-bc96-38bb7e2cf46d,2026-07-18T11:00:00Z,2026-07-18T13:00:00+0200,1085.38,MW,DK1,DK_1,actual_solar_generation,Solar,2026-08-04T05:33:58Z
2026-08-04T05:31:07Z,2026-08-04T07:31:07+0200,fe4314c0-08bc-43c1-bc96-38bb7e2cf46d,2026-07-18T11:15:00Z,2026-07-18T13:15:00+0200,1071.77,MW,DK1,DK_1,actual_solar_generation,Solar,2026-08-04T05:33:58Z
2026-08-04T05:31:07Z,2026-08-04T07:31:07+0200,fe4314c0-08bc-43c1-bc96-38bb7e2cf46d,2026-07-18T11:30:00Z,2026-07-18T13:30:00+0200,1052.97,MW,DK1,DK_1,actual_solar_generation,Solar,2026-08-04T05:33:58Z
2026-08-04T05:31:07Z,2026-08-04T07:31:07+0200,fe4314c0-08bc-43c1-bc96-38bb7e2cf46d,2026-07-18T11:45:00Z,2026-07-18T13:45:00+0200,1073.52,MW,DK1,DK_1,actual_solar_generation,Solar,2026-08-04T05:33:58Z
2026-08-04T05:31:07Z,2026-08-04T07:31:07+0200,fe4314c0-08bc-43c1-bc96-38bb7e2cf46d,2026-07-18T12:00:00Z,2026-07-18T14:00:00+0200,934.786,MW,DK1,DK_1,actual_solar_generation,Solar,2026-08-04T05:33:58Z
2026-08-04T05:31:07Z,2026-08-04T07:31:07+0200,fe4314c0-08bc-43c1-bc96-38bb7e2cf46d,2026-07-18T12:15:00Z,2026-07-18T14:15:00+0200,959.882,MW,DK1,DK_1,actual_solar_generation,Solar,2026-08-04T05:33:58Z
2026-08-04T05:31:07Z,2026-08-04T07:31:07+0200,fe4314c0-08bc-43c1-bc96-38bb7e2cf46d,2026-07-18T12:30:00Z,2026-07-18T14:30:00+0200,920.881,MW,DK1,DK_1,actual_solar_generation,Solar,2026-08-04T05:33:58Z
2026-08-04T05:31:07Z,2026-08-04T07:31:07+0200,fe4314c0-08bc-43c1-bc96-38bb7e2cf46d,2026-07-18T12:45:00Z,2026-07-18T14:45:00+0200,865.801,MW,DK1,DK_1,actual_solar_generation,Solar,2026-08-04T05:33:58Z
2026-08-04T05:31:07Z,2026-08-04T07:31:07+0200,fe4314c0-08bc-43c1-bc96-38bb7e2cf46d,2026-07-18T13:00:00Z,2026-07-18T15:00:00+0200,758.957,MW,DK1,DK_1,actual_solar_generation,Solar,2026-08-04T05:33:58Z
2026-08-04T05:31:07Z,2026-08-04T07:31:07+0200,fe4314c0-08bc-43c1-bc96-38bb7e2cf46d,2026-07-18T13:15:00Z,2026-07-18T15:15:00+0200,736.38,MW,DK1,DK_1,actual_solar_generation,Solar,2026-08-04T05:33:58Z
2026-08-04T05:31:07Z,2026-08-04T07:31:07+0200,fe4314c0-08bc-43c1-bc96-38bb7e2cf46d,2026-07-18T13:30:00Z,2026-07-18T15:30:00+0200,718.191,MW,DK1,DK_1,actual_solar_generation,Solar,2026-08-04T05:33:58Z
2026-08-04T05:31:07Z,2026-08-04T07:31:07+0200,fe4314c0-08bc-43c1-bc96-38bb7e2cf46d,2026-07-18T13:45:00Z,2026-07-18T15:45:00+0200,706.036,MW,DK1,DK_1,actual_solar_generation,Solar,2026-08-04T05:33:58Z
2026-08-04T05:31:07Z,2026-08-04T07:31:07+0200,fe4314c0-08bc-43c1-bc96-38bb7e2cf46d,2026-07-18T14:00:00Z,2026-07-18T16:00:00+0200,696.167,MW,DK1,DK_1,actual_solar_generation,Solar,2026-08-04T05:33:58Z
2026-08-04T05:31:07Z,2026-08-04T07:31:07+0200,fe4314c0-08bc-43c1-bc96-38bb7e2cf46d,2026-07-18T14:15:00Z,2026-07-18T16:15:00+0200,637.527,MW,DK1,DK_1,actual_solar_generation,Solar,2026-08-04T05:33:58Z
2026-08-04T05:31:07Z,2026-08-04T07:31:07+0200,fe4314c0-08bc-43c1-bc96-38bb7e2cf46d,2026-07-18T14:30:00Z,2026-07-18T16:30:00+0200,746.367,MW,DK1,DK_1,actual_solar_generation,Solar,2026-08-04T05:33:58Z
2026-08-04T05:31:07Z,2026-08-04T07:31:07+0200,fe4314c0-08bc-43c1-bc96-38bb7e2cf46d,2026-07-18T14:45:00Z,2026-07-18T16:45:00+0200,940.911,MW,DK1,DK_1,actual_solar_generation,Solar,2026-08-04T05:33:58Z
2026-08-04T05:31:07Z,2026-08-04T07:31:07+0200,fe4314c0-08bc-43c1-bc96-38bb7e2cf46d,2026-07-18T15:00:00Z,2026-07-18T17:00:00+0200,610.491,MW,DK1,DK_1,actual_solar_generation,Solar,2026-08-04T05:33:58Z
2026-08-04T05:31:07Z,2026-08-04T07:31:07+0200,fe4314c0-08bc-43c1-bc96-38bb7e2cf46d,2026-07-18T15:15:00Z,2026-07-18T17:15:00+0200,716.272,MW,DK1,DK_1,actual_solar_generation,Solar,2026-08-04T05:33:58Z
2026-08-04T05:31:07Z,2026-08-04T07:31:07+0200,fe4314c0-08bc-43c1-bc96-38bb7e2cf46d,2026-07-18T15:30:00Z,2026-07-18T17:30:00+0200,694.819,MW,DK1,DK_1,actual_solar_generation,Solar,2026-08-04T05:33:58Z
2026-08-04T05:31:07Z,2026-08-04T07:31:07+0200,fe4314c0-08bc-43c1-bc96-38bb7e2cf46d,2026-07-18T15:45:00Z,2026-07-18T17:45:00+0200,644.48,MW,DK1,DK_1,actual_solar_generation,Solar,2026-08-04T05:33:58Z
2026-08-04T05:31:07Z,2026-08-04T07:31:07+0200,fe4314c0-08bc-43c1-bc96-38bb7e2cf46d,2026-07-18T16:00:00Z,2026-07-18T18:00:00+0200,572.587,MW,DK1,DK_1,actual_solar_generation,Solar,2026-08-04T05:33:58Z
2026-08-04T05:31:07Z,2026-08-04T07:31:07+0200,fe4314c0-08bc-43c1-bc96-38bb7e2cf46d,2026-07-18T16:15:00Z,2026-07-18T18:15:00+0200,504.064,MW,DK1,DK_1,actual_solar_generation,Solar,2026-08-04T05:33:58Z
2026-08-04T05:31:07Z,2026-08-04T07:31:07+0200,fe4314c0-08bc-43c1-bc96-38bb7e2cf46d,2026-07-18T16:30:00Z,2026-07-18T18:30:00+0200,475.515,MW,DK1,DK_1,actual_solar_generation,Solar,2026-08-04T05:33:58Z
2026-08-04T05:31:07Z,2026-08-04T07:31:07+0200,fe4314c0-08bc-43c1-bc96-38bb7e2cf46d,2026-07-18T16:45:00Z,2026-07-18T18:45:00+0200,454.99,MW,DK1,DK_1,actual_solar_generation,Solar,2026-08-04T05:33:58Z
2026-08-04T05:31:07Z,2026-08-04T07:31:07+0200,fe4314c0-08bc-43c1-bc96-38bb7e2cf46d,2026-07-18T17:00:00Z,2026-07-18T19:00:00+0200,360.928,MW,DK1,DK_1,actual_solar_generation,Solar,2026-08-04T05:33:58Z
2026-08-04T05:31:07Z,2026-08-04T07:31:07+0200,fe4314c0-08bc-43c1-bc96-38bb7e2cf46d,2026-07-18T17:15:00Z,2026-07-18T19:15:00+0200,336.184,MW,DK1,DK_1,actual_solar_generation,Solar,2026-08-04T05:33:58Z
2026-08-04T05:31:07Z,2026-08-04T07:31:07+0200,fe4314c0-08bc-43c1-bc96-38bb7e2cf46d,2026-07-18T17:30:00Z,2026-07-18T19:30:00+0200,264.84,MW,DK1,DK_1,actual_solar_generation,Solar,2026-08-04T05:33:58Z
2026-08-04T05:31:07Z,2026-08-04T07:31:07+0200,fe4314c0-08bc-43c1-bc96-38bb7e2cf46d,2026-07-18T17:45:00Z,2026-07-18T19:45:00+0200,224.912,MW,DK1,DK_1,actual_solar_generation,Solar,2026-08-04T05:33:58Z
2026-08-04T05:31:07Z,2026-08-04T07:31:07+0200,fe4314c0-08bc-43c1-bc96-38bb7e2cf46d,2026-07-18T18:00:00Z,2026-07-18T20:00:00+0200,192.583,MW,DK1,DK_1,actual_solar_generation,Solar,2026-08-04T05:33:58Z
2026-08-04T05:31:07Z,2026-08-04T07:31:07+0200,fe4314c0-08bc-43c1-bc96-38bb7e2cf46d,2026-07-18T18:15:00Z,2026-07-18T20:15:00+0200,150.604,MW,DK1,DK_1,actual_solar_generation,Solar,2026-08-04T05:33:58Z
2026-08-04T05:31:07Z,2026-08-04T07:31:07+0200,fe4314c0-08bc-43c1-bc96-38bb7e2cf46d,2026-07-18T18:30:00Z,2026-07-18T20:30:00+0200,121.168,MW,DK1,DK_1,actual_solar_generation,Solar,2026-08-04T05:33:58Z
2026-08-04T05:31:07Z,2026-08-04T07:31:07+0200,fe4314c0-08bc-43c1-bc96-38bb7e2cf46d,2026-07-18T18:45:00Z,2026-07-18T20:45:00+0200,92.428,MW,DK1,DK_1,actual_solar_generation,Solar,2026-08-04T05:33:58Z
2026-08-04T05:31:07Z,2026-08-04T07:31:07+0200,fe4314c0-08bc-43c1-bc96-38bb7e2cf46d,2026-07-18T19:00:00Z,2026-07-18T21:00:00+0200,61.8285,MW,DK1,DK_1,actual_solar_generation,Solar,2026-08-04T05:33:58Z
2026-08-04T05:31:07Z,2026-08-04T07:31:07+0200,fe4314c0-08bc-43c1-bc96-38bb7e2cf46d,2026-07-18T19:15:00Z,2026-07-18T21:15:00+0200,38.1963,MW,DK1,DK_1,actual_solar_generation,Solar,2026-08-04T05:33:58Z
2026-08-04T05:31:07Z,2026-08-04T07:31:07+0200,fe4314c0-08bc-43c1-bc96-38bb7e2cf46d,2026-07-18T19:30:00Z,2026-07-18T21:30:00+0200,15.653,MW,DK1,DK_1,actual_solar_generation,Solar,2026-08-04T05:33:58Z
2026-08-04T05:31:07Z,2026-08-04T07:31:07+0200,fe4314c0-08bc-43c1-bc96-38bb7e2cf46d,2026-07-18T19:45:00Z,2026-07-18T21:45:00+0200,6.05212,MW,DK1,DK_1,actual_solar_generation,Solar,2026-08-04T05:33:58Z
2026-08-04T05:31:07Z,2026-08-04T07:31:07+0200,fe4314c0-08bc-43c1-bc96-38bb7e2cf46d,2026-07-18T20:00:00Z,2026-07-18T22:00:00+0200,3.11192,MW,DK1,DK_1,actual_solar_generation,Solar,2026-08-04T05:33:58Z
2026-08-04T05:31:07Z,2026-08-04T07:31:07+0200,fe4314c0-08bc-43c1-bc96-38bb7e2cf46d,2026-07-18T20:15:00Z,2026-07-18T22:15:00+0200,3.70171,MW,DK1,DK_1,actual_solar_generation,Solar,2026-08-04T05:33:58Z
2026-08-04T05:31:07Z,2026-08-04T07:31:07+0200,fe4314c0-08bc-43c1-bc96-38bb7e2cf46d,2026-07-18T20:30:00Z,2026-07-18T22:30:00+0200,2.95024,MW,DK1,DK_1,actual_solar_generation,Solar,2026-08-04T05:33:58Z
2026-08-04T05:31:07Z,2026-08-04T07:31:07+0200,fe4314c0-08bc-43c1-bc96-38bb7e2cf46d,2026-07-18T20:45:00Z,2026-07-18T22:45:00+0200,3.61454,MW,DK1,DK_1,actual_solar_generation,Solar,2026-08-04T05:33:58Z
2026-08-04T05:31:07Z,2026-08-04T07:31:07+0200,fe4314c0-08bc-43c1-bc96-38bb7e2cf46d,2026-07-18T21:00:00Z,2026-07-18T23:00:00+0200,4.37111,MW,DK1,DK_1,actual_solar_generation,Solar,2026-08-04T05:33:58Z
2026-08-04T05:31:07Z,2026-08-04T07:31:07+0200,fe4314c0-08bc-43c1-bc96-38bb7e2cf46d,2026-07-18T21:15:00Z,2026-07-18T23:15:00+0200,3.58459,MW,DK1,DK_1,actual_solar_generation,Solar,2026-08-04T05:33:58Z
2026-08-04T05:31:07Z,2026-08-04T07:31:07+0200,fe4314c0-08bc-43c1-bc96-38bb7e2cf46d,2026-07-18T21:30:00Z,2026-07-18T23:30:00+0200,3.06418,MW,DK1,DK_1,actual_solar_generation,Solar,2026-08-04T05:33:58Z
2026-08-04T05:31:07Z,2026-08-04T07:31:07+0200,fe4314c0-08bc-43c1-bc96-38bb7e2cf46d,2026-07-18T21:45:00Z,2026-07-18T23:45:00+0200,3.33863,MW,DK1,DK_1,actual_solar_generation,Solar,2026-08-04T05:33:58Z
2026-08-04T05:31:07Z,2026-08-04T07:31:07+0200,fe4314c0-08bc-43c1-bc96-38bb7e2cf46d,2026-07-18T22:00:00Z,2026-07-19T00:00:00+0200,3.90333,MW,DK1,DK_1,actual_solar_generation,Solar,2026-08-04T05:33:58Z
2026-08-04T05:31:07Z,2026-08-04T07:31:07+0200,fe4314c0-08bc-43c1-bc96-38bb7e2cf46d,2026-07-18T22:15:00Z,2026-07-19T00:15:00+0200,3.24455,MW,DK1,DK_1,actual_solar_generation,Solar,2026-08-04T05:33:58Z
2026-08-04T05:31:07Z,2026-08-04T07:31:07+0200,fe4314c0-08bc-43c1-bc96-38bb7e2cf46d,2026-07-18T22:30:00Z,2026-07-19T00:30:00+0200,3.21149,MW,DK1,DK_1,actual_solar_generation,Solar,2026-08-04T05:33:58Z
2026-08-04T05:31:07Z,2026-08-04T07:31:07+0200,fe4314c0-08bc-43c1-bc96-38bb7e2cf46d,2026-07-18T22:45:00Z,2026-07-19T00:45:00+0200,4.07292,MW,DK1,DK_1,actual_solar_generation,Solar,2026-08-04T05:33:58Z
2026-08-04T05:31:07Z,2026-08-04T07:31:07+0200,fe4314c0-08bc-43c1-bc96-38bb7e2cf46d,2026-07-18T23:00:00Z,2026-07-19T01:00:00+0200,4.06994,MW,DK1,DK_1,actual_solar_generation,Solar,2026-08-04T05:33:58Z
2026-08-04T05:31:07Z,2026-08-04T07:31:07+0200,fe4314c0-08bc-43c1-bc96-38bb7e2cf46d,2026-07-18T23:15:00Z,2026-07-19T01:15:00+0200,4.48598,MW,DK1,DK_1,actual_solar_generation,Solar,2026-08-04T05:33:58Z
2026-08-04T05:31:07Z,2026-08-04T07:31:07+0200,fe4314c0-08bc-43c1-bc96-38bb7e2cf46d,2026-07-18T23:30:00Z,2026-07-19T01:30:00+0200,4.82124,MW,DK1,DK_1,actual_solar_generation,Solar,2026-08-04T05:33:58Z
2026-08-04T05:31:07Z,2026-08-04T07:31:07+0200,fe4314c0-08bc-43c1-bc96-38bb7e2cf46d,2026-07-18T23:45:00Z,2026-07-19T01:45:00+0200,4.74545,MW,DK1,DK_1,actual_solar_generation,Solar,2026-08-04T05:33:58Z
2026-08-04T05:31:07Z,2026-08-04T07:31:07+0200,fe4314c0-08bc-43c1-bc96-38bb7e2cf46d,2026-07-19T00:00:00Z,2026-07-19T02:00:00+0200,4.98428,MW,DK1,DK_1,actual_solar_generation,Solar,2026-08-04T05:33:58Z
2026-08-04T05:31:07Z,2026-08-04T07:31:07+0200,fe4314c0-08bc-43c1-bc96-38bb7e2cf46d,2026-07-19T00:15:00Z,2026-07-19T02:15:00+0200,5.07614,MW,DK1,DK_1,actual_solar_generation,Solar,2026-08-04T05:33:58Z
2026-08-04T05:31:07Z,2026-08-04T07:31:07+0200,fe4314c0-08bc-43c1-bc96-38bb7e2cf46d,2026-07-19T00:30:00Z,2026-07-19T02:30:00+0200,5.28505,MW,DK1,DK_1,actual_solar_generation,Solar,2026-08-04T05:33:58Z
2026-08-04T05:31:07Z,2026-08-04T07:31:07+0200,fe4314c0-08bc-43c1-bc96-38bb7e2cf46d,2026-07-19T00:45:00Z,2026-07-19T02:45:00+0200,5.60255,MW,DK1,DK_1,actual_solar_generation,Solar,2026-08-04T05:33:58Z
2026-08-04T05:31:07Z,2026-08-04T07:31:07+0200,fe4314c0-08bc-43c1-bc96-38bb7e2cf46d,2026-07-19T01:00:00Z,2026-07-19T03:00:00+0200,5.59765,MW,DK1,DK_1,actual_solar_generation,Solar,2026-08-04T05:33:58Z
2026-08-04T05:31:07Z,2026-08-04T07:31:07+0200,fe4314c0-08bc-43c1-bc96-38bb7e2cf46d,2026-07-19T01:15:00Z,2026-07-19T03:15:00+0200,5.02452,MW,DK1,DK_1,actual_solar_generation,Solar,2026-08-04T05:33:58Z
2026-08-04T05:31:07Z,2026-08-04T07:31:07+0200,fe4314c0-08bc-43c1-bc96-38bb7e2cf46d,2026-07-19T01:30:00Z,2026-07-19T03:30:00+0200,4.42394,MW,DK1,DK_1,actual_solar_generation,Solar,2026-08-04T05:33:58Z
2026-08-04T05:31:07Z,2026-08-04T07:31:07+0200,fe4314c0-08bc-43c1-bc96-38bb7e2cf46d,2026-07-19T01:45:00Z,2026-07-19T03:45:00+0200,4.46608,MW,DK1,DK_1,actual_solar_generation,Solar,2026-08-04T05:33:58Z
2026-08-04T05:31:07Z,2026-08-04T07:31:07+0200,fe4314c0-08bc-43c1-bc96-38bb7e2cf46d,2026-07-19T02:00:00Z,2026-07-19T04:00:00+0200,4.80107,MW,DK1,DK_1,actual_solar_generation,Solar,2026-08-04T05:33:58Z
2026-08-04T05:31:07Z,2026-08-04T07:31:07+0200,fe4314c0-08bc-43c1-bc96-38bb7e2cf46d,2026-07-19T02:15:00Z,2026-07-19T04:15:00+0200,4.54634,MW,DK1,DK_1,actual_solar_generation,Solar,2026-08-04T05:33:58Z
2026-08-04T05:31:07Z,2026-08-04T07:31:07+0200,fe4314c0-08bc-43c1-bc96-38bb7e2cf46d,2026-07-19T02:30:00Z,2026-07-19T04:30:00+0200,4.59727,MW,DK1,DK_1,actual_solar_generation,Solar,2026-08-04T05:33:58Z
2026-08-04T05:31:07Z,2026-08-04T07:31:07+0200,fe4314c0-08bc-43c1-bc96-38bb7e2cf46d,2026-07-19T02:45:00Z,2026-07-19T04:45:00+0200,4.54484,MW,DK1,DK_1,actual_solar_generation,Solar,2026-08-04T05:33:58Z
2026-08-04T05:31:07Z,2026-08-04T07:31:07+0200,fe4314c0-08bc-43c1-bc96-38bb7e2cf46d,2026-07-19T03:00:00Z,2026-07-19T05:00:00+0200,8.70772,MW,DK1,DK_1,actual_solar_generation,Solar,2026-08-04T05:33:58Z
2026-08-04T05:31:07Z,2026-08-04T07:31:07+0200,fe4314c0-08bc-43c1-bc96-38bb7e2cf46d,2026-07-19T03:15:00Z,2026-07-19T05:15:00+0200,24.3481,MW,DK1,DK_1,actual_solar_generation,Solar,2026-08-04T05:33:58Z
2026-08-04T05:31:07Z,2026-08-04T07:31:07+0200,fe4314c0-08bc-43c1-bc96-38bb7e2cf46d,2026-07-19T03:30:00Z,2026-07-19T05:30:00+0200,47.0218,MW,DK1,DK_1,actual_solar_generation,Solar,2026-08-04T05:33:58Z
2026-08-04T05:31:07Z,2026-08-04T07:31:07+0200,fe4314c0-08bc-43c1-bc96-38bb7e2cf46d,2026-07-19T03:45:00Z,2026-07-19T05:45:00+0200,79.126,MW,DK1,DK_1,actual_solar_generation,Solar,2026-08-04T05:33:58Z
2026-08-04T05:31:07Z,2026-08-04T07:31:07+0200,fe4314c0-08bc-43c1-bc96-38bb7e2cf46d,2026-07-19T04:00:00Z,2026-07-19T06:00:00+0200,110.838,MW,DK1,DK_1,actual_solar_generation,Solar,2026-08-04T05:33:58Z
2026-08-04T05:31:07Z,2026-08-04T07:31:07+0200,fe4314c0-08bc-43c1-bc96-38bb7e2cf46d,2026-07-19T04:15:00Z,2026-07-19T06:15:00+0200,138.205,MW,DK1,DK_1,actual_solar_generation,Solar,2026-08-04T05:33:58Z
2026-08-04T05:31:07Z,2026-08-04T07:31:07+0200,fe4314c0-08bc-43c1-bc96-38bb7e2cf46d,2026-07-19T04:30:00Z,2026-07-19T06:30:00+0200,195.929,MW,DK1,DK_1,actual_solar_generation,Solar,2026-08-04T05:33:58Z
2026-08-04T05:31:07Z,2026-08-04T07:31:07+0200,fe4314c0-08bc-43c1-bc96-38bb7e2cf46d,2026-07-19T04:45:00Z,2026-07-19T06:45:00+0200,252.314,MW,DK1,DK_1,actual_solar_generation,Solar,2026-08-04T05:33:58Z
2026-08-04T05:31:07Z,2026-08-04T07:31:07+0200,fe4314c0-08bc-43c1-bc96-38bb7e2cf46d,2026-07-19T05:00:00Z,2026-07-19T07:00:00+0200,315.81,MW,DK1,DK_1,actual_solar_generation,Solar,2026-08-04T05:33:58Z
2026-08-04T05:31:07Z,2026-08-04T07:31:07+0200,fe4314c0-08bc-43c1-bc96-38bb7e2cf46d,2026-07-19T05:15:00Z,2026-07-19T07:15:00+0200,400.119,MW,DK1,DK_1,actual_solar_generation,Solar,2026-08-04T05:33:58Z
2026-08-04T05:31:07Z,2026-08-04T07:31:07+0200,fe4314c0-08bc-43c1-bc96-38bb7e2cf46d,2026-07-19T05:30:00Z,2026-07-19T07:30:00+0200,490.185,MW,DK1,DK_1,actual_solar_generation,Solar,2026-08-04T05:33:58Z
2026-08-04T05:31:07Z,2026-08-04T07:31:07+0200,fe4314c0-08bc-43c1-bc96-38bb7e2cf46d,2026-07-19T05:45:00Z,2026-07-19T07:45:00+0200,580.83,MW,DK1,DK_1,actual_solar_generation,Solar,2026-08-04T05:33:58Z
2026-08-04T05:31:07Z,2026-08-04T07:31:07+0200,fe4314c0-08bc-43c1-bc96-38bb7e2cf46d,2026-07-19T06:00:00Z,2026-07-19T08:00:00+0200,618.359,MW,DK1,DK_1,actual_solar_generation,Solar,2026-08-04T05:33:58Z
2026-08-04T05:31:07Z,2026-08-04T07:31:07+0200,fe4314c0-08bc-43c1-bc96-38bb7e2cf46d,2026-07-19T06:15:00Z,2026-07-19T08:15:00+0200,683.674,MW,DK1,DK_1,actual_solar_generation,Solar,2026-08-04T05:33:58Z
2026-08-04T05:31:07Z,2026-08-04T07:31:07+0200,fe4314c0-08bc-43c1-bc96-38bb7e2cf46d,2026-07-19T06:30:00Z,2026-07-19T08:30:00+0200,725.746,MW,DK1,DK_1,actual_solar_generation,Solar,2026-08-04T05:33:58Z
2026-08-04T05:31:07Z,2026-08-04T07:31:07+0200,fe4314c0-08bc-43c1-bc96-38bb7e2cf46d,2026-07-19T06:45:00Z,2026-07-19T08:45:00+0200,800.419,MW,DK1,DK_1,actual_solar_generation,Solar,2026-08-04T05:33:58Z
2026-08-04T05:31:07Z,2026-08-04T07:31:07+0200,fe4314c0-08bc-43c1-bc96-38bb7e2cf46d,2026-07-19T07:00:00Z,2026-07-19T09:00:00+0200,800.228,MW,DK1,DK_1,actual_solar_generation,Solar,2026-08-04T05:33:58Z
2026-08-04T05:31:07Z,2026-08-04T07:31:07+0200,fe4314c0-08bc-43c1-bc96-38bb7e2cf46d,2026-07-19T07:15:00Z,2026-07-19T09:15:00+0200,720.14,MW,DK1,DK_1,actual_solar_generation,Solar,2026-08-04T05:33:58Z
2026-08-04T05:31:07Z,2026-08-04T07:31:07+0200,fe4314c0-08bc-43c1-bc96-38bb7e2cf46d,2026-07-19T07:30:00Z,2026-07-19T09:30:00+0200,665.102,MW,DK1,DK_1,actual_solar_generation,Solar,2026-08-04T05:33:58Z
2026-08-04T05:31:07Z,2026-08-04T07:31:07+0200,fe4314c0-08bc-43c1-bc96-38bb7e2cf46d,2026-07-19T07:45:00Z,2026-07-19T09:45:00+0200,676.729,MW,DK1,DK_1,actual_solar_generation,Solar,2026-08-04T05:33:58Z
2026-08-04T05:31:07Z,2026-08-04T07:31:07+0200,fe4314c0-08bc-43c1-bc96-38bb7e2cf46d,2026-07-19T08:00:00Z,2026-07-19T10:00:00+0200,764.755,MW,DK1,DK_1,actual_solar_generation,Solar,2026-08-04T05:33:58Z
2026-08-04T05:31:07Z,2026-08-04T07:31:07+0200,fe4314c0-08bc-43c1-bc96-38bb7e2cf46d,2026-07-19T08:15:00Z,2026-07-19T10:15:00+0200,813.236,MW,DK1,DK_1,actual_solar_generation,Solar,2026-08-04T05:33:58Z
2026-08-04T05:31:07Z,2026-08-04T07:31:07+0200,fe4314c0-08bc-43c1-bc96-38bb7e2cf46d,2026-07-19T08:30:00Z,2026-07-19T10:30:00+0200,913.83,MW,DK1,DK_1,actual_solar_generation,Solar,2026-08-04T05:33:58Z
2026-08-04T05:31:07Z,2026-08-04T07:31:07+0200,fe4314c0-08bc-43c1-bc96-38bb7e2cf46d,2026-07-19T08:45:00Z,2026-07-19T10:45:00+0200,818.746,MW,DK1,DK_1,actual_solar_generation,Solar,2026-08-04T05:33:58Z
2026-08-04T05:31:07Z,2026-08-04T07:31:07+0200,fe4314c0-08bc-43c1-bc96-38bb7e2cf46d,2026-07-19T09:00:00Z,2026-07-19T11:00:00+0200,637.264,MW,DK1,DK_1,actual_solar_generation,Solar,2026-08-04T05:33:58Z
2026-08-04T05:31:07Z,2026-08-04T07:31:07+0200,fe4314c0-08bc-43c1-bc96-38bb7e2cf46d,2026-07-19T09:15:00Z,2026-07-19T11:15:00+0200,635.828,MW,DK1,DK_1,actual_solar_generation,Solar,2026-08-04T05:33:58Z
2026-08-04T05:31:07Z,2026-08-04T07:31:07+0200,fe4314c0-08bc-43c1-bc96-38bb7e2cf46d,2026-07-19T09:30:00Z,2026-07-19T11:30:00+0200,591.429,MW,DK1,DK_1,actual_solar_generation,Solar,2026-08-04T05:33:58Z
2026-08-04T05:31:07Z,2026-08-04T07:31:07+0200,fe4314c0-08bc-43c1-bc96-38bb7e2cf46d,2026-07-19T09:45:00Z,2026-07-19T11:45:00+0200,606.764,MW,DK1,DK_1,actual_solar_generation,Solar,2026-08-04T05:33:58Z
2026-08-04T05:31:07Z,2026-08-04T07:31:07+0200,fe4314c0-08bc-43c1-bc96-38bb7e2cf46d,2026-07-19T10:00:00Z,2026-07-19T12:00:00+0200,606.519,MW,DK1,DK_1,actual_solar_generation,Solar,2026-08-04T05:33:58Z
2026-08-04T05:31:07Z,2026-08-04T07:31:07+0200,fe4314c0-08bc-43c1-bc96-38bb7e2cf46d,2026-07-19T10:15:00Z,2026-07-19T12:15:00+0200,605.265,MW,DK1,DK_1,actual_solar_generation,Solar,2026-08-04T05:33:58Z
2026-08-04T05:31:07Z,2026-08-04T07:31:07+0200,fe4314c0-08bc-43c1-bc96-38bb7e2cf46d,2026-07-19T10:30:00Z,2026-07-19T12:30:00+0200,740.861,MW,DK1,DK_1,actual_solar_generation,Solar,2026-08-04T05:33:58Z
2026-08-04T05:31:07Z,2026-08-04T07:31:07+0200,fe4314c0-08bc-43c1-bc96-38bb7e2cf46d,2026-07-19T10:45:00Z,2026-07-19T12:45:00+0200,815.157,MW,DK1,DK_1,actual_solar_generation,Solar,2026-08-04T05:33:58Z
2026-08-04T05:31:07Z,2026-08-04T07:31:07+0200,fe4314c0-08bc-43c1-bc96-38bb7e2cf46d,2026-07-19T11:00:00Z,2026-07-19T13:00:00+0200,659.663,MW,DK1,DK_1,actual_solar_generation,Solar,2026-08-04T05:33:58Z
2026-08-04T05:31:07Z,2026-08-04T07:31:07+0200,fe4314c0-08bc-43c1-bc96-38bb7e2cf46d,2026-07-19T11:15:00Z,2026-07-19T13:15:00+0200,568.709,MW,DK1,DK_1,actual_solar_generation,Solar,2026-08-04T05:33:58Z
2026-08-04T05:31:07Z,2026-08-04T07:31:07+0200,fe4314c0-08bc-43c1-bc96-38bb7e2cf46d,2026-07-19T11:30:00Z,2026-07-19T13:30:00+0200,563.995,MW,DK1,DK_1,actual_solar_generation,Solar,2026-08-04T05:33:58Z
2026-08-04T05:31:07Z,2026-08-04T07:31:07+0200,fe4314c0-08bc-43c1-bc96-38bb7e2cf46d,2026-07-19T11:45:00Z,2026-07-19T13:45:00+0200,590.31,MW,DK1,DK_1,actual_solar_generation,Solar,2026-08-04T05:33:58Z
2026-08-04T05:31:07Z,2026-08-04T07:31:07+0200,fe4314c0-08bc-43c1-bc96-38bb7e2cf46d,2026-07-19T12:00:00Z,2026-07-19T14:00:00+0200,617.323,MW,DK1,DK_1,actual_solar_generation,Solar,2026-08-04T05:33:58Z
2026-08-04T05:31:07Z,2026-08-04T07:31:07+0200,fe4314c0-08bc-43c1-bc96-38bb7e2cf46d,2026-07-19T12:15:00Z,2026-07-19T14:15:00+0200,599.782,MW,DK1,DK_1,actual_solar_generation,Solar,2026-08-04T05:33:58Z
2026-08-04T05:31:07Z,2026-08-04T07:31:07+0200,fe4314c0-08bc-43c1-bc96-38bb7e2cf46d,2026-07-19T12:30:00Z,2026-07-19T14:30:00+0200,684.977,MW,DK1,DK_1,actual_solar_generation,Solar,2026-08-04T05:33:58Z
2026-08-04T05:31:07Z,2026-08-04T07:31:07+0200,fe4314c0-08bc-43c1-bc96-38bb7e2cf46d,2026-07-19T12:45:00Z,2026-07-19T14:45:00+0200,541.068,MW,DK1,DK_1,actual_solar_generation,Solar,2026-08-04T05:33:58Z
2026-08-04T05:31:07Z,2026-08-04T07:31:07+0200,fe4314c0-08bc-43c1-bc96-38bb7e2cf46d,2026-07-19T13:00:00Z,2026-07-19T15:00:00+0200,747.083,MW,DK1,DK_1,actual_solar_generation,Solar,2026-08-04T05:33:58Z
2026-08-04T05:31:07Z,2026-08-04T07:31:07+0200,fe4314c0-08bc-43c1-bc96-38bb7e2cf46d,2026-07-19T13:15:00Z,2026-07-19T15:15:00+0200,777.816,MW,DK1,DK_1,actual_solar_generation,Solar,2026-08-04T05:33:58Z
2026-08-04T05:31:07Z,2026-08-04T07:31:07+0200,fe4314c0-08bc-43c1-bc96-38bb7e2cf46d,2026-07-19T13:30:00Z,2026-07-19T15:30:00+0200,641.164,MW,DK1,DK_1,actual_solar_generation,Solar,2026-08-04T05:33:58Z
2026-08-04T05:31:07Z,2026-08-04T07:31:07+0200,fe4314c0-08bc-43c1-bc96-38bb7e2cf46d,2026-07-19T13:45:00Z,2026-07-19T15:45:00+0200,611.252,MW,DK1,DK_1,actual_solar_generation,Solar,2026-08-04T05:33:58Z
2026-08-04T05:31:07Z,2026-08-04T07:31:07+0200,fe4314c0-08bc-43c1-bc96-38bb7e2cf46d,2026-07-19T14:00:00Z,2026-07-19T16:00:00+0200,557.403,MW,DK1,DK_1,actual_solar_generation,Solar,2026-08-04T05:33:58Z
2026-08-04T05:31:07Z,2026-08-04T07:31:07+0200,fe4314c0-08bc-43c1-bc96-38bb7e2cf46d,2026-07-19T14:15:00Z,2026-07-19T16:15:00+0200,527.708,MW,DK1,DK_1,actual_solar_generation,Solar,2026-08-04T05:33:58Z
2026-08-04T05:31:07Z,2026-08-04T07:31:07+0200,fe4314c0-08bc-43c1-bc96-38bb7e2cf46d,2026-07-19T14:30:00Z,2026-07-19T16:30:00+0200,622.588,MW,DK1,DK_1,actual_solar_generation,Solar,2026-08-04T05:33:58Z
2026-08-04T05:31:07Z,2026-08-04T07:31:07+0200,fe4314c0-08bc-43c1-bc96-38bb7e2cf46d,2026-07-19T14:45:00Z,2026-07-19T16:45:00+0200,680.397,MW,DK1,DK_1,actual_solar_generation,Solar,2026-08-04T05:33:58Z
2026-08-04T05:31:07Z,2026-08-04T07:31:07+0200,fe4314c0-08bc-43c1-bc96-38bb7e2cf46d,2026-07-19T15:00:00Z,2026-07-19T17:00:00+0200,528.676,MW,DK1,DK_1,actual_solar_generation,Solar,2026-08-04T05:33:58Z
2026-08-04T05:31:07Z,2026-08-04T07:31:07+0200,fe4314c0-08bc-43c1-bc96-38bb7e2cf46d,2026-07-19T15:15:00Z,2026-07-19T17:15:00+0200,571.214,MW,DK1,DK_1,actual_solar_generation,Solar,2026-08-04T05:33:58Z
2026-08-04T05:31:07Z,2026-08-04T07:31:07+0200,fe4314c0-08bc-43c1-bc96-38bb7e2cf46d,2026-07-19T15:30:00Z,2026-07-19T17:30:00+0200,478.022,MW,DK1,DK_1,actual_solar_generation,Solar,2026-08-04T05:33:58Z
2026-08-04T05:31:07Z,2026-08-04T07:31:07+0200,fe4314c0-08bc-43c1-bc96-38bb7e2cf46d,2026-07-19T15:45:00Z,2026-07-19T17:45:00+0200,414.749,MW,DK1,DK_1,actual_solar_generation,Solar,2026-08-04T05:33:58Z
2026-08-04T05:31:07Z,2026-08-04T07:31:07+0200,fe4314c0-08bc-43c1-bc96-38bb7e2cf46d,2026-07-19T16:00:00Z,2026-07-19T18:00:00+0200,360.263,MW,DK1,DK_1,actual_solar_generation,Solar,2026-08-04T05:33:58Z
2026-08-04T05:31:07Z,2026-08-04T07:31:07+0200,fe4314c0-08bc-43c1-bc96-38bb7e2cf46d,2026-07-19T16:15:00Z,2026-07-19T18:15:00+0200,340.974,MW,DK1,DK_1,actual_solar_generation,Solar,2026-08-04T05:33:58Z
2026-08-04T05:31:07Z,2026-08-04T07:31:07+0200,fe4314c0-08bc-43c1-bc96-38bb7e2cf46d,2026-07-19T16:30:00Z,2026-07-19T18:30:00+0200,307.049,MW,DK1,DK_1,actual_solar_generation,Solar,2026-08-04T05:33:58Z
2026-08-04T05:31:07Z,2026-08-04T07:31:07+0200,fe4314c0-08bc-43c1-bc96-38bb7e2cf46d,2026-07-19T16:45:00Z,2026-07-19T18:45:00+0200,277.385,MW,DK1,DK_1,actual_solar_generation,Solar,2026-08-04T05:33:58Z
2026-08-04T05:31:07Z,2026-08-04T07:31:07+0200,fe4314c0-08bc-43c1-bc96-38bb7e2cf46d,2026-07-19T17:00:00Z,2026-07-19T19:00:00+0200,247.007,MW,DK1,DK_1,actual_solar_generation,Solar,2026-08-04T05:33:58Z
2026-08-04T05:31:07Z,2026-08-04T07:31:07+0200,fe4314c0-08bc-43c1-bc96-38bb7e2cf46d,2026-07-19T17:15:00Z,2026-07-19T19:15:00+0200,214.002,MW,DK1,DK_1,actual_solar_generation,Solar,2026-08-04T05:33:58Z
2026-08-04T05:31:07Z,2026-08-04T07:31:07+0200,fe4314c0-08bc-43c1-bc96-38bb7e2cf46d,2026-07-19T17:30:00Z,2026-07-19T19:30:00+0200,195.517,MW,DK1,DK_1,actual_solar_generation,Solar,2026-08-04T05:33:58Z
2026-08-04T05:31:07Z,2026-08-04T07:31:07+0200,fe4314c0-08bc-43c1-bc96-38bb7e2cf46d,2026-07-19T17:45:00Z,2026-07-19T19:45:00+0200,157.299,MW,DK1,DK_1,actual_solar_generation,Solar,2026-08-04T05:33:58Z
2026-08-04T05:31:07Z,2026-08-04T07:31:07+0200,fe4314c0-08bc-43c1-bc96-38bb7e2cf46d,2026-07-19T18:00:00Z,2026-07-19T20:00:00+0200,122.77,MW,DK1,DK_1,actual_solar_generation,Solar,2026-08-04T05:33:58Z
2026-08-04T05:31:07Z,2026-08-04T07:31:07+0200,fe4314c0-08bc-43c1-bc96-38bb7e2cf46d,2026-07-19T18:15:00Z,2026-07-19T20:15:00+0200,96.7083,MW,DK1,DK_1,actual_solar_generation,Solar,2026-08-04T05:33:58Z
2026-08-04T05:31:07Z,2026-08-04T07:31:07+0200,fe4314c0-08bc-43c1-bc96-38bb7e2cf46d,2026-07-19T18:30:00Z,2026-07-19T20:30:00+0200,81.1088,MW,DK1,DK_1,actual_solar_generation,Solar,2026-08-04T05:33:58Z
2026-08-04T05:31:07Z,2026-08-04T07:31:07+0200,fe4314c0-08bc-43c1-bc96-38bb7e2cf46d,2026-07-19T18:45:00Z,2026-07-19T20:45:00+0200,57.6075,MW,DK1,DK_1,actual_solar_generation,Solar,2026-08-04T05:33:58Z
2026-08-04T05:31:07Z,2026-08-04T07:31:07+0200,fe4314c0-08bc-43c1-bc96-38bb7e2cf46d,2026-07-19T19:00:00Z,2026-07-19T21:00:00+0200,37.9417,MW,DK1,DK_1,actual_solar_generation,Solar,2026-08-04T05:33:58Z
2026-08-04T05:31:07Z,2026-08-04T07:31:07+0200,fe4314c0-08bc-43c1-bc96-38bb7e2cf46d,2026-07-19T19:15:00Z,2026-07-19T21:15:00+0200,22.9086,MW,DK1,DK_1,actual_solar_generation,Solar,2026-08-04T05:33:58Z
2026-08-04T05:31:07Z,2026-08-04T07:31:07+0200,fe4314c0-08bc-43c1-bc96-38bb7e2cf46d,2026-07-19T19:30:00Z,2026-07-19T21:30:00+0200,11.8515,MW,DK1,DK_1,actual_solar_generation,Solar,2026-08-04T05:33:58Z
2026-08-04T05:31:07Z,2026-08-04T07:31:07+0200,fe4314c0-08bc-43c1-bc96-38bb7e2cf46d,2026-07-19T19:45:00Z,2026-07-19T21:45:00+0200,5.55136,MW,DK1,DK_1,actual_solar_generation,Solar,2026-08-04T05:33:58Z
2026-08-04T05:31:07Z,2026-08-04T07:31:07+0200,fe4314c0-08bc-43c1-bc96-38bb7e2cf46d,2026-07-19T20:00:00Z,2026-07-19T22:00:00+0200,5.79637,MW,DK1,DK_1,actual_solar_generation,Solar,2026-08-04T05:33:58Z
2026-08-04T05:31:07Z,2026-08-04T07:31:07+0200,fe4314c0-08bc-43c1-bc96-38bb7e2cf46d,2026-07-19T20:15:00Z,2026-07-19T22:15:00+0200,5.28285,MW,DK1,DK_1,actual_solar_generation,Solar,2026-08-04T05:33:58Z
2026-08-04T05:31:07Z,2026-08-04T07:31:07+0200,fe4314c0-08bc-43c1-bc96-38bb7e2cf46d,2026-07-19T20:30:00Z,2026-07-19T22:30:00+0200,5.61366,MW,DK1,DK_1,actual_solar_generation,Solar,2026-08-04T05:33:58Z
2026-08-04T05:31:07Z,2026-08-04T07:31:07+0200,fe4314c0-08bc-43c1-bc96-38bb7e2cf46d,2026-07-19T20:45:00Z,2026-07-19T22:45:00+0200,5.75141,MW,DK1,DK_1,actual_solar_generation,Solar,2026-08-04T05:33:58Z
2026-08-04T05:31:07Z,2026-08-04T07:31:07+0200,fe4314c0-08bc-43c1-bc96-38bb7e2cf46d,2026-07-19T21:00:00Z,2026-07-19T23:00:00+0200,6.19552,MW,DK1,DK_1,actual_solar_generation,Solar,2026-08-04T05:33:58Z
2026-08-04T05:31:07Z,2026-08-04T07:31:07+0200,fe4314c0-08bc-43c1-bc96-38bb7e2cf46d,2026-07-19T21:15:00Z,2026-07-19T23:15:00+0200,5.78566,MW,DK1,DK_1,actual_solar_generation,Solar,2026-08-04T05:33:58Z
2026-08-04T05:31:07Z,2026-08-04T07:31:07+0200,fe4314c0-08bc-43c1-bc96-38bb7e2cf46d,2026-07-19T21:30:00Z,2026-07-19T23:30:00+0200,5.21073,MW,DK1,DK_1,actual_solar_generation,Solar,2026-08-04T05:33:58Z
2026-08-04T05:31:07Z,2026-08-04T07:31:07+0200,fe4314c0-08bc-43c1-bc96-38bb7e2cf46d,2026-07-19T21:45:00Z,2026-07-19T23:45:00+0200,5.91479,MW,DK1,DK_1,actual_solar_generation,Solar,2026-08-04T05:33:58Z
2026-08-04T05:31:07Z,2026-08-04T07:31:07+0200,fe4314c0-08bc-43c1-bc96-38bb7e2cf46d,2026-07-19T22:00:00Z,2026-07-20T00:00:00+0200,5.31295,MW,DK1,DK_1,actual_solar_generation,Solar,2026-08-04T05:33:58Z
2026-08-04T05:31:07Z,2026-08-04T07:31:07+0200,fe4314c0-08bc-43c1-bc96-38bb7e2cf46d,2026-07-19T22:15:00Z,2026-07-20T00:15:00+0200,5.9,MW,DK1,DK_1,actual_solar_generation,Solar,2026-08-04T05:33:58Z
2026-08-04T05:31:07Z,2026-08-04T07:31:07+0200,fe4314c0-08bc-43c1-bc96-38bb7e2cf46d,2026-07-19T22:30:00Z,2026-07-20T00:30:00+0200,6.58043,MW,DK1,DK_1,actual_solar_generation,Solar,2026-08-04T05:33:58Z
2026-08-04T05:31:07Z,2026-08-04T07:31:07+0200,fe4314c0-08bc-43c1-bc96-38bb7e2cf46d,2026-07-19T22:45:00Z,2026-07-20T00:45:00+0200,7.47767,MW,DK1,DK_1,actual_solar_generation,Solar,2026-08-04T05:33:58Z
2026-08-04T05:31:07Z,2026-08-04T07:31:07+0200,fe4314c0-08bc-43c1-bc96-38bb7e2cf46d,2026-07-19T23:00:00Z,2026-07-20T01:00:00+0200,6.20345,MW,DK1,DK_1,actual_solar_generation,Solar,2026-08-04T05:33:58Z
2026-08-04T05:31:07Z,2026-08-04T07:31:07+0200,fe4314c0-08bc-43c1-bc96-38bb7e2cf46d,2026-07-19T23:15:00Z,2026-07-20T01:15:00+0200,6.18738,MW,DK1,DK_1,actual_solar_generation,Solar,2026-08-04T05:33:58Z
2026-08-04T05:31:07Z,2026-08-04T07:31:07+0200,fe4314c0-08bc-43c1-bc96-38bb7e2cf46d,2026-07-19T23:30:00Z,2026-07-20T01:30:00+0200,7.4105,MW,DK1,DK_1,actual_solar_generation,Solar,2026-08-04T05:33:58Z
2026-08-04T05:31:07Z,2026-08-04T07:31:07+0200,fe4314c0-08bc-43c1-bc96-38bb7e2cf46d,2026-07-19T23:45:00Z,2026-07-20T01:45:00+0200,6.65216,MW,DK1,DK_1,actual_solar_generation,Solar,2026-08-04T05:33:58Z
2026-08-04T05:31:07Z,2026-08-04T07:31:07+0200,fe4314c0-08bc-43c1-bc96-38bb7e2cf46d,2026-07-20T00:00:00Z,2026-07-20T02:00:00+0200,6.48095,MW,DK1,DK_1,actual_solar_generation,Solar,2026-08-04T05:33:58Z
2026-08-04T05:31:07Z,2026-08-04T07:31:07+0200,fe4314c0-08bc-43c1-bc96-38bb7e2cf46d,2026-07-20T00:15:00Z,2026-07-20T02:15:00+0200,6.45566,MW,DK1,DK_1,actual_solar_generation,Solar,2026-08-04T05:33:58Z
2026-08-04T05:31:07Z,2026-08-04T07:31:07+0200,fe4314c0-08bc-43c1-bc96-38bb7e2cf46d,2026-07-20T00:30:00Z,2026-07-20T02:30:00+0200,5.3196,MW,DK1,DK_1,actual_solar_generation,Solar,2026-08-04T05:33:58Z
2026-08-04T05:31:07Z,2026-08-04T07:31:07+0200,fe4314c0-08bc-43c1-bc96-38bb7e2cf46d,2026-07-20T00:45:00Z,2026-07-20T02:45:00+0200,5.08953,MW,DK1,DK_1,actual_solar_generation,Solar,2026-08-04T05:33:58Z
2026-08-04T05:31:07Z,2026-08-04T07:31:07+0200,fe4314c0-08bc-43c1-bc96-38bb7e2cf46d,2026-07-20T01:00:00Z,2026-07-20T03:00:00+0200,4.73959,MW,DK1,DK_1,actual_solar_generation,Solar,2026-08-04T05:33:58Z
2026-08-04T05:31:07Z,2026-08-04T07:31:07+0200,fe4314c0-08bc-43c1-bc96-38bb7e2cf46d,2026-07-20T01:15:00Z,2026-07-20T03:15:00+0200,4.94035,MW,DK1,DK_1,actual_solar_generation,Solar,2026-08-04T05:33:58Z
2026-08-04T05:31:07Z,2026-08-04T07:31:07+0200,fe4314c0-08bc-43c1-bc96-38bb7e2cf46d,2026-07-20T01:30:00Z,2026-07-20T03:30:00+0200,4.598,MW,DK1,DK_1,actual_solar_generation,Solar,2026-08-04T05:33:58Z
2026-08-04T05:31:07Z,2026-08-04T07:31:07+0200,fe4314c0-08bc-43c1-bc96-38bb7e2cf46d,2026-07-20T01:45:00Z,2026-07-20T03:45:00+0200,4.78276,MW,DK1,DK_1,actual_solar_generation,Solar,2026-08-04T05:33:58Z
2026-08-04T05:31:07Z,2026-08-04T07:31:07+0200,fe4314c0-08bc-43c1-bc96-38bb7e2cf46d,2026-07-20T02:00:00Z,2026-07-20T04:00:00+0200,5.16271,MW,DK1,DK_1,actual_solar_generation,Solar,2026-08-04T05:33:58Z
2026-08-04T05:31:07Z,2026-08-04T07:31:07+0200,fe4314c0-08bc-43c1-bc96-38bb7e2cf46d,2026-07-20T02:15:00Z,2026-07-20T04:15:00+0200,4.78894,MW,DK1,DK_1,actual_solar_generation,Solar,2026-08-04T05:33:58Z
2026-08-04T05:31:07Z,2026-08-04T07:31:07+0200,fe4314c0-08bc-43c1-bc96-38bb7e2cf46d,2026-07-20T02:30:00Z,2026-07-20T04:30:00+0200,4.4163,MW,DK1,DK_1,actual_solar_generation,Solar,2026-08-04T05:33:58Z
2026-08-04T05:31:07Z,2026-08-04T07:31:07+0200,fe4314c0-08bc-43c1-bc96-38bb7e2cf46d,2026-07-20T02:45:00Z,2026-07-20T04:45:00+0200,4.16911,MW,DK1,DK_1,actual_solar_generation,Solar,2026-08-04T05:33:58Z
2026-08-04T05:31:07Z,2026-08-04T07:31:07+0200,fe4314c0-08bc-43c1-bc96-38bb7e2cf46d,2026-07-20T03:00:00Z,2026-07-20T05:00:00+0200,5.28056,MW,DK1,DK_1,actual_solar_generation,Solar,2026-08-04T05:33:58Z
2026-08-04T05:31:07Z,2026-08-04T07:31:07+0200,fe4314c0-08bc-43c1-bc96-38bb7e2cf46d,2026-07-20T03:15:00Z,2026-07-20T05:15:00+0200,13.0599,MW,DK1,DK_1,actual_solar_generation,Solar,2026-08-04T05:33:58Z
2026-08-04T05:31:07Z,2026-08-04T07:31:07+0200,fe4314c0-08bc-43c1-bc96-38bb7e2cf46d,2026-07-20T03:30:00Z,2026-07-20T05:30:00+0200,27.0053,MW,DK1,DK_1,actual_solar_generation,Solar,2026-08-04T05:33:58Z
2026-08-04T05:31:07Z,2026-08-04T07:31:07+0200,fe4314c0-08bc-43c1-bc96-38bb7e2cf46d,2026-07-20T03:45:00Z,2026-07-20T05:45:00+0200,50.3232,MW,DK1,DK_1,actual_solar_generation,Solar,2026-08-04T05:33:58Z
2026-08-04T05:31:07Z,2026-08-04T07:31:07+0200,fe4314c0-08bc-43c1-bc96-38bb7e2cf46d,2026-07-20T04:00:00Z,2026-07-20T06:00:00+0200,88.6448,MW,DK1,DK_1,actual_solar_generation,Solar,2026-08-04T05:33:58Z
2026-08-04T05:31:07Z,2026-08-04T07:31:07+0200,fe4314c0-08bc-43c1-bc96-38bb7e2cf46d,2026-07-20T04:15:00Z,2026-07-20T06:15:00+0200,132.261,MW,DK1,DK_1,actual_solar_generation,Solar,2026-08-04T05:33:58Z
2026-08-04T05:31:07Z,2026-08-04T07:31:07+0200,fe4314c0-08bc-43c1-bc96-38bb7e2cf46d,2026-07-20T04:30:00Z,2026-07-20T06:30:00+0200,195.217,MW,DK1,DK_1,actual_solar_generation,Solar,2026-08-04T05:33:58Z
2026-08-04T05:31:07Z,2026-08-04T07:31:07+0200,fe4314c0-08bc-43c1-bc96-38bb7e2cf46d,2026-07-20T04:45:00Z,2026-07-20T06:45:00+0200,256.473,MW,DK1,DK_1,actual_solar_generation,Solar,2026-08-04T05:33:58Z
2026-08-04T05:31:07Z,2026-08-04T07:31:07+0200,fe4314c0-08bc-43c1-bc96-38bb7e2cf46d,2026-07-20T05:00:00Z,2026-07-20T07:00:00+0200,335.984,MW,DK1,DK_1,actual_solar_generation,Solar,2026-08-04T05:33:58Z
2026-08-04T05:31:07Z,2026-08-04T07:31:07+0200,fe4314c0-08bc-43c1-bc96-38bb7e2cf46d,2026-07-20T05:15:00Z,2026-07-20T07:15:00+0200,449.45,MW,DK1,DK_1,actual_solar_generation,Solar,2026-08-04T05:33:58Z
2026-08-04T05:31:07Z,2026-08-04T07:31:07+0200,fe4314c0-08bc-43c1-bc96-38bb7e2cf46d,2026-07-20T05:30:00Z,2026-07-20T07:30:00+0200,540.555,MW,DK1,DK_1,actual_solar_generation,Solar,2026-08-04T05:33:58Z
2026-08-04T05:31:07Z,2026-08-04T07:31:07+0200,fe4314c0-08bc-43c1-bc96-38bb7e2cf46d,2026-07-20T05:45:00Z,2026-07-20T07:45:00+0200,660.928,MW,DK1,DK_1,actual_solar_generation,Solar,2026-08-04T05:33:58Z
2026-08-04T05:31:07Z,2026-08-04T07:31:07+0200,fe4314c0-08bc-43c1-bc96-38bb7e2cf46d,2026-07-20T06:00:00Z,2026-07-20T08:00:00+0200,801.419,MW,DK1,DK_1,actual_solar_generation,Solar,2026-08-04T05:33:58Z
2026-08-04T05:31:07Z,2026-08-04T07:31:07+0200,fe4314c0-08bc-43c1-bc96-38bb7e2cf46d,2026-07-20T06:15:00Z,2026-07-20T08:15:00+0200,993.457,MW,DK1,DK_1,actual_solar_generation,Solar,2026-08-04T05:33:58Z
2026-08-04T05:31:07Z,2026-08-04T07:31:07+0200,fe4314c0-08bc-43c1-bc96-38bb7e2cf46d,2026-07-20T06:30:00Z,2026-07-20T08:30:00+0200,1145.72,MW,DK1,DK_1,actual_solar_generation,Solar,2026-08-04T05:33:58Z
2026-08-04T05:31:07Z,2026-08-04T07:31:07+0200,fe4314c0-08bc-43c1-bc96-38bb7e2cf46d,2026-07-20T06:45:00Z,2026-07-20T08:45:00+0200,1317.66,MW,DK1,DK_1,actual_solar_generation,Solar,2026-08-04T05:33:58Z
2026-08-04T05:31:07Z,2026-08-04T07:31:07+0200,fe4314c0-08bc-43c1-bc96-38bb7e2cf46d,2026-07-20T07:00:00Z,2026-07-20T09:00:00+0200,1465.13,MW,DK1,DK_1,actual_solar_generation,Solar,2026-08-04T05:33:58Z
2026-08-04T05:31:07Z,2026-08-04T07:31:07+0200,fe4314c0-08bc-43c1-bc96-38bb7e2cf46d,2026-07-20T07:15:00Z,2026-07-20T09:15:00+0200,1621.64,MW,DK1,DK_1,actual_solar_generation,Solar,2026-08-04T05:33:58Z
2026-08-04T05:31:07Z,2026-08-04T07:31:07+0200,fe4314c0-08bc-43c1-bc96-38bb7e2cf46d,2026-07-20T07:30:00Z,2026-07-20T09:30:00+0200,1748.01,MW,DK1,DK_1,actual_solar_generation,Solar,2026-08-04T05:33:58Z
2026-08-04T05:31:07Z,2026-08-04T07:31:07+0200,fe4314c0-08bc-43c1-bc96-38bb7e2cf46d,2026-07-20T07:45:00Z,2026-07-20T09:45:00+0200,1913.88,MW,DK1,DK_1,actual_solar_generation,Solar,2026-08-04T05:33:58Z
2026-08-04T05:31:07Z,2026-08-04T07:31:07+0200,fe4314c0-08bc-43c1-bc96-38bb7e2cf46d,2026-07-20T08:00:00Z,2026-07-20T10:00:00+0200,2009.68,MW,DK1,DK_1,actual_solar_generation,Solar,2026-08-04T05:33:58Z
2026-08-04T05:31:07Z,2026-08-04T07:31:07+0200,fe4314c0-08bc-43c1-bc96-38bb7e2cf46d,2026-07-20T08:15:00Z,2026-07-20T10:15:00+0200,2085.06,MW,DK1,DK_1,actual_solar_generation,Solar,2026-08-04T05:33:58Z
2026-08-04T05:31:07Z,2026-08-04T07:31:07+0200,fe4314c0-08bc-43c1-bc96-38bb7e2cf46d,2026-07-20T08:30:00Z,2026-07-20T10:30:00+0200,2197.31,MW,DK1,DK_1,actual_solar_generation,Solar,2026-08-04T05:33:58Z
2026-08-04T05:31:07Z,2026-08-04T07:31:07+0200,fe4314c0-08bc-43c1-bc96-38bb7e2cf46d,2026-07-20T08:45:00Z,2026-07-20T10:45:00+0200,2313.21,MW,DK1,DK_1,actual_solar_generation,Solar,2026-08-04T05:33:58Z
2026-08-04T05:31:07Z,2026-08-04T07:31:07+0200,fe4314c0-08bc-43c1-bc96-38bb7e2cf46d,2026-07-20T09:00:00Z,2026-07-20T11:00:00+0200,2304.37,MW,DK1,DK_1,actual_solar_generation,Solar,2026-08-04T05:33:58Z
2026-08-04T05:31:07Z,2026-08-04T07:31:07+0200,fe4314c0-08bc-43c1-bc96-38bb7e2cf46d,2026-07-20T09:15:00Z,2026-07-20T11:15:00+0200,2223.39,MW,DK1,DK_1,actual_solar_generation,Solar,2026-08-04T05:33:58Z
2026-08-04T05:31:07Z,2026-08-04T07:31:07+0200,fe4314c0-08bc-43c1-bc96-38bb7e2cf46d,2026-07-20T09:30:00Z,2026-07-20T11:30:00+0200,2253.74,MW,DK1,DK_1,actual_solar_generation,Solar,2026-08-04T05:33:58Z
2026-08-04T05:31:07Z,2026-08-04T07:31:07+0200,fe4314c0-08bc-43c1-bc96-38bb7e2cf46d,2026-07-20T09:45:00Z,2026-07-20T11:45:00+0200,2277.46,MW,DK1,DK_1,actual_solar_generation,Solar,2026-08-04T05:33:58Z
2026-08-04T05:31:07Z,2026-08-04T07:31:07+0200,fe4314c0-08bc-43c1-bc96-38bb7e2cf46d,2026-07-20T10:00:00Z,2026-07-20T12:00:00+0200,2343.53,MW,DK1,DK_1,actual_solar_generation,Solar,2026-08-04T05:33:58Z
2026-08-04T05:31:07Z,2026-08-04T07:31:07+0200,fe4314c0-08bc-43c1-bc96-38bb7e2cf46d,2026-07-20T10:15:00Z,2026-07-20T12:15:00+0200,2378.37,MW,DK1,DK_1,actual_solar_generation,Solar,2026-08-04T05:33:58Z
2026-08-04T05:31:07Z,2026-08-04T07:31:07+0200,fe4314c0-08bc-43c1-bc96-38bb7e2cf46d,2026-07-20T10:30:00Z,2026-07-20T12:30:00+0200,2287.78,MW,DK1,DK_1,actual_solar_generation,Solar,2026-08-04T05:33:58Z
2026-08-04T05:31:07Z,2026-08-04T07:31:07+0200,fe4314c0-08bc-43c1-bc96-38bb7e2cf46d,2026-07-20T10:45:00Z,2026-07-20T12:45:00+0200,2360.74,MW,DK1,DK_1,actual_solar_generation,Solar,2026-08-04T05:33:58Z
2026-08-04T05:31:07Z,2026-08-04T07:31:07+0200,fe4314c0-08bc-43c1-bc96-38bb7e2cf46d,2026-07-20T11:00:00Z,2026-07-20T13:00:00+0200,2351.21,MW,DK1,DK_1,actual_solar_generation,Solar,2026-08-04T05:33:58Z
2026-08-04T05:31:07Z,2026-08-04T07:31:07+0200,fe4314c0-08bc-43c1-bc96-38bb7e2cf46d,2026-07-20T11:15:00Z,2026-07-20T13:15:00+0200,2290.95,MW,DK1,DK_1,actual_solar_generation,Solar,2026-08-04T05:33:58Z
2026-08-04T05:31:07Z,2026-08-04T07:31:07+0200,fe4314c0-08bc-43c1-bc96-38bb7e2cf46d,2026-07-20T11:30:00Z,2026-07-20T13:30:00+0200,2202.32,MW,DK1,DK_1,actual_solar_generation,Solar,2026-08-04T05:33:58Z
2026-08-04T05:31:07Z,2026-08-04T07:31:07+0200,fe4314c0-08bc-43c1-bc96-38bb7e2cf46d,2026-07-20T11:45:00Z,2026-07-20T13:45:00+0200,2242.54,MW,DK1,DK_1,actual_solar_generation,Solar,2026-08-04T05:33:58Z
2026-08-04T05:31:07Z,2026-08-04T07:31:07+0200,fe4314c0-08bc-43c1-bc96-38bb7e2cf46d,2026-07-20T12:00:00Z,2026-07-20T14:00:00+0200,2290.47,MW,DK1,DK_1,actual_solar_generation,Solar,2026-08-04T05:33:58Z
2026-08-04T05:31:07Z,2026-08-04T07:31:07+0200,fe4314c0-08bc-43c1-bc96-38bb7e2cf46d,2026-07-20T12:15:00Z,2026-07-20T14:15:00+0200,2177.38,MW,DK1,DK_1,actual_solar_generation,Solar,2026-08-04T05:33:58Z
2026-08-04T05:31:07Z,2026-08-04T07:31:07+0200,fe4314c0-08bc-43c1-bc96-38bb7e2cf46d,2026-07-20T12:30:00Z,2026-07-20T14:30:00+0200,2208.03,MW,DK1,DK_1,actual_solar_generation,Solar,2026-08-04T05:33:58Z
2026-08-04T05:31:07Z,2026-08-04T07:31:07+0200,fe4314c0-08bc-43c1-bc96-38bb7e2cf46d,2026-07-20T12:45:00Z,2026-07-20T14:45:00+0200,2218.79,MW,DK1,DK_1,actual_solar_generation,Solar,2026-08-04T05:33:58Z
2026-08-04T05:31:07Z,2026-08-04T07:31:07+0200,fe4314c0-08bc-43c1-bc96-38bb7e2cf46d,2026-07-20T13:00:00Z,2026-07-20T15:00:00+0200,2006.37,MW,DK1,DK_1,actual_solar_generation,Solar,2026-08-04T05:33:58Z
2026-08-04T05:31:07Z,2026-08-04T07:31:07+0200,fe4314c0-08bc-43c1-bc96-38bb7e2cf46d,2026-07-20T13:15:00Z,2026-07-20T15:15:00+0200,2022.03,MW,DK1,DK_1,actual_solar_generation,Solar,2026-08-04T05:33:58Z
2026-08-04T05:31:07Z,2026-08-04T07:31:07+0200,fe4314c0-08bc-43c1-bc96-38bb7e2cf46d,2026-07-20T13:30:00Z,2026-07-20T15:30:00+0200,2046.75,MW,DK1,DK_1,actual_solar_generation,Solar,2026-08-04T05:33:58Z
2026-08-04T05:31:07Z,2026-08-04T07:31:07+0200,fe4314c0-08bc-43c1-bc96-38bb7e2cf46d,2026-07-20T13:45:00Z,2026-07-20T15:45:00+0200,1996.46,MW,DK1,DK_1,actual_solar_generation,Solar,2026-08-04T05:33:58Z
2026-08-04T05:31:07Z,2026-08-04T07:31:07+0200,fe4314c0-08bc-43c1-bc96-38bb7e2cf46d,2026-07-20T14:00:00Z,2026-07-20T16:00:00+0200,1873.08,MW,DK1,DK_1,actual_solar_generation,Solar,2026-08-04T05:33:58Z
2026-08-04T05:31:07Z,2026-08-04T07:31:07+0200,fe4314c0-08bc-43c1-bc96-38bb7e2cf46d,2026-07-20T14:15:00Z,2026-07-20T16:15:00+0200,1749.79,MW,DK1,DK_1,actual_solar_generation,Solar,2026-08-04T05:33:58Z
2026-08-04T05:31:07Z,2026-08-04T07:31:07+0200,fe4314c0-08bc-43c1-bc96-38bb7e2cf46d,2026-07-20T14:30:00Z,2026-07-20T16:30:00+0200,1889.21,MW,DK1,DK_1,actual_solar_generation,Solar,2026-08-04T05:33:58Z
2026-08-04T05:31:07Z,2026-08-04T07:31:07+0200,fe4314c0-08bc-43c1-bc96-38bb7e2cf46d,2026-07-20T14:45:00Z,2026-07-20T16:45:00+0200,1857.0,MW,DK1,DK_1,actual_solar_generation,Solar,2026-08-04T05:33:58Z
2026-08-04T05:31:07Z,2026-08-04T07:31:07+0200,fe4314c0-08bc-43c1-bc96-38bb7e2cf46d,2026-07-20T15:00:00Z,2026-07-20T17:00:00+0200,1669.34,MW,DK1,DK_1,actual_solar_generation,Solar,2026-08-04T05:33:58Z
2026-08-04T05:31:07Z,2026-08-04T07:31:07+0200,fe4314c0-08bc-43c1-bc96-38bb7e2cf46d,2026-07-20T15:15:00Z,2026-07-20T17:15:00+0200,1647.56,MW,DK1,DK_1,actual_solar_generation,Solar,2026-08-04T05:33:58Z
2026-08-04T05:31:07Z,2026-08-04T07:31:07+0200,fe4314c0-08bc-43c1-bc96-38bb7e2cf46d,2026-07-20T15:30:00Z,2026-07-20T17:30:00+0200,1590.44,MW,DK1,DK_1,actual_solar_generation,Solar,2026-08-04T05:33:58Z
2026-08-04T05:31:07Z,2026-08-04T07:31:07+0200,fe4314c0-08bc-43c1-bc96-38bb7e2cf46d,2026-07-20T15:45:00Z,2026-07-20T17:45:00+0200,1494.2,MW,DK1,DK_1,actual_solar_generation,Solar,2026-08-04T05:33:58Z
2026-08-04T05:31:07Z,2026-08-04T07:31:07+0200,fe4314c0-08bc-43c1-bc96-38bb7e2cf46d,2026-07-20T16:00:00Z,2026-07-20T18:00:00+0200,1421.01,MW,DK1,DK_1,actual_solar_generation,Solar,2026-08-04T05:33:58Z
2026-08-04T05:31:07Z,2026-08-04T07:31:07+0200,fe4314c0-08bc-43c1-bc96-38bb7e2cf46d,2026-07-20T16:15:00Z,2026-07-20T18:15:00+0200,1279.8,MW,DK1,DK_1,actual_solar_generation,Solar,2026-08-04T05:33:58Z
2026-08-04T05:31:07Z,2026-08-04T07:31:07+0200,fe4314c0-08bc-43c1-bc96-38bb7e2cf46d,2026-07-20T16:30:00Z,2026-07-20T18:30:00+0200,1141.33,MW,DK1,DK_1,actual_solar_generation,Solar,2026-08-04T05:33:58Z
2026-08-04T05:31:07Z,2026-08-04T07:31:07+0200,fe4314c0-08bc-43c1-bc96-38bb7e2cf46d,2026-07-20T16:45:00Z,2026-07-20T18:45:00+0200,1069.99,MW,DK1,DK_1,actual_solar_generation,Solar,2026-08-04T05:33:58Z
2026-08-04T05:31:07Z,2026-08-04T07:31:07+0200,fe4314c0-08bc-43c1-bc96-38bb7e2cf46d,2026-07-20T17:00:00Z,2026-07-20T19:00:00+0200,902.097,MW,DK1,DK_1,actual_solar_generation,Solar,2026-08-04T05:33:58Z
2026-08-04T05:31:07Z,2026-08-04T07:31:07+0200,fe4314c0-08bc-43c1-bc96-38bb7e2cf46d,2026-07-20T17:15:00Z,2026-07-20T19:15:00+0200,722.082,MW,DK1,DK_1,actual_solar_generation,Solar,2026-08-04T05:33:58Z
2026-08-04T05:31:07Z,2026-08-04T07:31:07+0200,fe4314c0-08bc-43c1-bc96-38bb7e2cf46d,2026-07-20T17:30:00Z,2026-07-20T19:30:00+0200,565.123,MW,DK1,DK_1,actual_solar_generation,Solar,2026-08-04T05:33:58Z
2026-08-04T05:31:07Z,2026-08-04T07:31:07+0200,fe4314c0-08bc-43c1-bc96-38bb7e2cf46d,2026-07-20T17:45:00Z,2026-07-20T19:45:00+0200,426.985,MW,DK1,DK_1,actual_solar_generation,Solar,2026-08-04T05:33:58Z
2026-08-04T05:31:07Z,2026-08-04T07:31:07+0200,fe4314c0-08bc-43c1-bc96-38bb7e2cf46d,2026-07-20T18:00:00Z,2026-07-20T20:00:00+0200,317.421,MW,DK1,DK_1,actual_solar_generation,Solar,2026-08-04T05:33:58Z
2026-08-04T05:31:07Z,2026-08-04T07:31:07+0200,fe4314c0-08bc-43c1-bc96-38bb7e2cf46d,2026-07-20T18:15:00Z,2026-07-20T20:15:00+0200,229.616,MW,DK1,DK_1,actual_solar_generation,Solar,2026-08-04T05:33:58Z
2026-08-04T05:31:07Z,2026-08-04T07:31:07+0200,fe4314c0-08bc-43c1-bc96-38bb7e2cf46d,2026-07-20T18:30:00Z,2026-07-20T20:30:00+0200,165.911,MW,DK1,DK_1,actual_solar_generation,Solar,2026-08-04T05:33:58Z
2026-08-04T05:31:07Z,2026-08-04T07:31:07+0200,fe4314c0-08bc-43c1-bc96-38bb7e2cf46d,2026-07-20T18:45:00Z,2026-07-20T20:45:00+0200,118.36,MW,DK1,DK_1,actual_solar_generation,Solar,2026-08-04T05:33:58Z
2026-08-04T05:31:07Z,2026-08-04T07:31:07+0200,fe4314c0-08bc-43c1-bc96-38bb7e2cf46d,2026-07-20T19:00:00Z,2026-07-20T21:00:00+0200,76.6839,MW,DK1,DK_1,actual_solar_generation,Solar,2026-08-04T05:33:58Z
2026-08-04T05:31:07Z,2026-08-04T07:31:07+0200,fe4314c0-08bc-43c1-bc96-38bb7e2cf46d,2026-07-20T19:15:00Z,2026-07-20T21:15:00+0200,45.6534,MW,DK1,DK_1,actual_solar_generation,Solar,2026-08-04T05:33:58Z
2026-08-04T05:31:07Z,2026-08-04T07:31:07+0200,fe4314c0-08bc-43c1-bc96-38bb7e2cf46d,2026-07-20T19:30:00Z,2026-07-20T21:30:00+0200,22.9141,MW,DK1,DK_1,actual_solar_generation,Solar,2026-08-04T05:33:58Z
2026-08-04T05:31:07Z,2026-08-04T07:31:07+0200,fe4314c0-08bc-43c1-bc96-38bb7e2cf46d,2026-07-20T19:45:00Z,2026-07-20T21:45:00+0200,7.1441,MW,DK1,DK_1,actual_solar_generation,Solar,2026-08-04T05:33:58Z
2026-08-04T05:31:07Z,2026-08-04T07:31:07+0200,fe4314c0-08bc-43c1-bc96-38bb7e2cf46d,2026-07-20T20:00:00Z,2026-07-20T22:00:00+0200,0.517431,MW,DK1,DK_1,actual_solar_generation,Solar,2026-08-04T05:33:58Z
2026-08-04T05:31:07Z,2026-08-04T07:31:07+0200,fe4314c0-08bc-43c1-bc96-38bb7e2cf46d,2026-07-20T20:15:00Z,2026-07-20T22:15:00+0200,0.508104,MW,DK1,DK_1,actual_solar_generation,Solar,2026-08-04T05:33:58Z
2026-08-04T05:31:07Z,2026-08-04T07:31:07+0200,fe4314c0-08bc-43c1-bc96-38bb7e2cf46d,2026-07-20T20:30:00Z,2026-07-20T22:30:00+0200,0.383988,MW,DK1,DK_1,actual_solar_generation,Solar,2026-08-04T05:33:58Z
2026-08-04T05:31:07Z,2026-08-04T07:31:07+0200,fe4314c0-08bc-43c1-bc96-38bb7e2cf46d,2026-07-20T20:45:00Z,2026-07-20T22:45:00+0200,0.309758,MW,DK1,DK_1,actual_solar_generation,Solar,2026-08-04T05:33:58Z
2026-08-04T05:31:07Z,2026-08-04T07:31:07+0200,fe4314c0-08bc-43c1-bc96-38bb7e2cf46d,2026-07-20T21:00:00Z,2026-07-20T23:00:00+0200,0.559235,MW,DK1,DK_1,actual_solar_generation,Solar,2026-08-04T05:33:58Z
2026-08-04T05:31:07Z,2026-08-04T07:31:07+0200,fe4314c0-08bc-43c1-bc96-38bb7e2cf46d,2026-07-20T21:15:00Z,2026-07-20T23:15:00+0200,0.156604,MW,DK1,DK_1,actual_solar_generation,Solar,2026-08-04T05:33:58Z
2026-08-04T05:31:07Z,2026-08-04T07:31:07+0200,fe4314c0-08bc-43c1-bc96-38bb7e2cf46d,2026-07-20T21:30:00Z,2026-07-20T23:30:00+0200,0.017518,MW,DK1,DK_1,actual_solar_generation,Solar,2026-08-04T05:33:58Z
2026-08-04T05:31:07Z,2026-08-04T07:31:07+0200,fe4314c0-08bc-43c1-bc96-38bb7e2cf46d,2026-07-20T21:45:00Z,2026-07-20T23:45:00+0200,0.688127,MW,DK1,DK_1,actual_solar_generation,Solar,2026-08-04T05:33:58Z
2026-08-04T05:31:07Z,2026-08-04T07:31:07+0200,fe4314c0-08bc-43c1-bc96-38bb7e2cf46d,2026-07-20T22:00:00Z,2026-07-21T00:00:00+0200,0.799061,MW,DK1,DK_1,actual_solar_generation,Solar,2026-08-04T05:33:58Z
2026-08-04T05:31:07Z,2026-08-04T07:31:07+0200,fe4314c0-08bc-43c1-bc96-38bb7e2cf46d,2026-07-20T22:15:00Z,2026-07-21T00:15:00+0200,0.813386,MW,DK1,DK_1,actual_solar_generation,Solar,2026-08-04T05:33:58Z
2026-08-04T05:31:07Z,2026-08-04T07:31:07+0200,fe4314c0-08bc-43c1-bc96-38bb7e2cf46d,2026-07-20T22:45:00Z,2026-07-21T00:45:00+0200,0.454625,MW,DK1,DK_1,actual_solar_generation,Solar,2026-08-04T05:33:58Z
2026-08-04T05:31:07Z,2026-08-04T07:31:07+0200,fe4314c0-08bc-43c1-bc96-38bb7e2cf46d,2026-07-20T23:00:00Z,2026-07-21T01:00:00+0200,0.534721,MW,DK1,DK_1,actual_solar_generation,Solar,2026-08-04T05:33:58Z
2026-08-04T05:31:07Z,2026-08-04T07:31:07+0200,fe4314c0-08bc-43c1-bc96-38bb7e2cf46d,2026-07-20T23:15:00Z,2026-07-21T01:15:00+0200,0.481367,MW,DK1,DK_1,actual_solar_generation,Solar,2026-08-04T05:33:58Z
2026-08-04T05:31:07Z,2026-08-04T07:31:07+0200,fe4314c0-08bc-43c1-bc96-38bb7e2cf46d,2026-07-21T00:15:00Z,2026-07-21T02:15:00+0200,0.661506,MW,DK1,DK_1,actual_solar_generation,Solar,2026-08-04T05:33:58Z
2026-08-04T05:31:07Z,2026-08-04T07:31:07+0200,fe4314c0-08bc-43c1-bc96-38bb7e2cf46d,2026-07-21T00:45:00Z,2026-07-21T02:45:00+0200,0.731968,MW,DK1,DK_1,actual_solar_generation,Solar,2026-08-04T05:33:58Z
2026-08-04T05:31:07Z,2026-08-04T07:31:07+0200,fe4314c0-08bc-43c1-bc96-38bb7e2cf46d,2026-07-21T01:00:00Z,2026-07-21T03:00:00+0200,0.710842,MW,DK1,DK_1,actual_solar_generation,Solar,2026-08-04T05:33:58Z
2026-08-04T05:31:07Z,2026-08-04T07:31:07+0200,fe4314c0-08bc-43c1-bc96-38bb7e2cf46d,2026-07-21T01:15:00Z,2026-07-21T03:15:00+0200,0.779888,MW,DK1,DK_1,actual_solar_generation,Solar,2026-08-04T05:33:58Z
2026-08-04T05:31:07Z,2026-08-04T07:31:07+0200,fe4314c0-08bc-43c1-bc96-38bb7e2cf46d,2026-07-21T01:30:00Z,2026-07-21T03:30:00+0200,0.839272,MW,DK1,DK_1,actual_solar_generation,Solar,2026-08-04T05:33:58Z
2026-08-04T05:31:07Z,2026-08-04T07:31:07+0200,fe4314c0-08bc-43c1-bc96-38bb7e2cf46d,2026-07-21T01:45:00Z,2026-07-21T03:45:00+0200,0.695916,MW,DK1,DK_1,actual_solar_generation,Solar,2026-08-04T05:33:58Z
2026-08-04T05:31:07Z,2026-08-04T07:31:07+0200,fe4314c0-08bc-43c1-bc96-38bb7e2cf46d,2026-07-21T02:00:00Z,2026-07-21T04:00:00+0200,0.830765,MW,DK1,DK_1,actual_solar_generation,Solar,2026-08-04T05:33:58Z
2026-08-04T05:31:07Z,2026-08-04T07:31:07+0200,fe4314c0-08bc-43c1-bc96-38bb7e2cf46d,2026-07-21T02:15:00Z,2026-07-21T04:15:00+0200,0.358918,MW,DK1,DK_1,actual_solar_generation,Solar,2026-08-04T05:33:58Z
2026-08-04T05:31:07Z,2026-08-04T07:31:07+0200,fe4314c0-08bc-43c1-bc96-38bb7e2cf46d,2026-07-21T02:30:00Z,2026-07-21T04:30:00+0200,0.644686,MW,DK1,DK_1,actual_solar_generation,Solar,2026-08-04T05:33:58Z
2026-08-04T05:31:07Z,2026-08-04T07:31:07+0200,fe4314c0-08bc-43c1-bc96-38bb7e2cf46d,2026-07-21T02:45:00Z,2026-07-21T04:45:00+0200,0.681427,MW,DK1,DK_1,actual_solar_generation,Solar,2026-08-04T05:33:58Z
2026-08-04T05:31:07Z,2026-08-04T07:31:07+0200,fe4314c0-08bc-43c1-bc96-38bb7e2cf46d,2026-07-21T03:00:00Z,2026-07-21T05:00:00+0200,4.4968,MW,DK1,DK_1,actual_solar_generation,Solar,2026-08-04T05:33:58Z
2026-08-04T05:31:07Z,2026-08-04T07:31:07+0200,fe4314c0-08bc-43c1-bc96-38bb7e2cf46d,2026-07-21T03:15:00Z,2026-07-21T05:15:00+0200,18.1929,MW,DK1,DK_1,actual_solar_generation,Solar,2026-08-04T05:33:58Z
2026-08-04T05:31:07Z,2026-08-04T07:31:07+0200,fe4314c0-08bc-43c1-bc96-38bb7e2cf46d,2026-07-21T03:30:00Z,2026-07-21T05:30:00+0200,40.3256,MW,DK1,DK_1,actual_solar_generation,Solar,2026-08-04T05:33:58Z
2026-08-04T05:31:07Z,2026-08-04T07:31:07+0200,fe4314c0-08bc-43c1-bc96-38bb7e2cf46d,2026-07-21T03:45:00Z,2026-07-21T05:45:00+0200,73.6544,MW,DK1,DK_1,actual_solar_generation,Solar,2026-08-04T05:33:58Z
2026-08-04T05:31:07Z,2026-08-04T07:31:07+0200,fe4314c0-08bc-43c1-bc96-38bb7e2cf46d,2026-07-21T04:00:00Z,2026-07-21T06:00:00+0200,116.046,MW,DK1,DK_1,actual_solar_generation,Solar,2026-08-04T05:33:58Z
2026-08-04T05:31:07Z,2026-08-04T07:31:07+0200,fe4314c0-08bc-43c1-bc96-38bb7e2cf46d,2026-07-21T04:15:00Z,2026-07-21T06:15:00+0200,164.517,MW,DK1,DK_1,actual_solar_generation,Solar,2026-08-04T05:33:58Z
2026-08-04T05:31:07Z,2026-08-04T07:31:07+0200,fe4314c0-08bc-43c1-bc96-38bb7e2cf46d,2026-07-21T04:30:00Z,2026-07-21T06:30:00+0200,223.007,MW,DK1,DK_1,actual_solar_generation,Solar,2026-08-04T05:33:58Z
2026-08-04T05:31:07Z,2026-08-04T07:31:07+0200,fe4314c0-08bc-43c1-bc96-38bb7e2cf46d,2026-07-21T04:45:00Z,2026-07-21T06:45:00+0200,298.615,MW,DK1,DK_1,actual_solar_generation,Solar,2026-08-04T05:33:58Z
2026-08-04T05:31:07Z,2026-08-04T07:31:07+0200,fe4314c0-08bc-43c1-bc96-38bb7e2cf46d,2026-07-21T05:00:00Z,2026-07-21T07:00:00+0200,398.443,MW,DK1,DK_1,actual_solar_generation,Solar,2026-08-04T05:33:58Z
2026-08-04T05:31:07Z,2026-08-04T07:31:07+0200,fe4314c0-08bc-43c1-bc96-38bb7e2cf46d,2026-07-21T05:15:00Z,2026-07-21T07:15:00+0200,527.187,MW,DK1,DK_1,actual_solar_generation,Solar,2026-08-04T05:33:58Z
2026-08-04T05:31:07Z,2026-08-04T07:31:07+0200,fe4314c0-08bc-43c1-bc96-38bb7e2cf46d,2026-07-21T05:30:00Z,2026-07-21T07:30:00+0200,673.444,MW,DK1,DK_1,actual_solar_generation,Solar,2026-08-04T05:33:58Z
2026-08-04T05:31:07Z,2026-08-04T07:31:07+0200,fe4314c0-08bc-43c1-bc96-38bb7e2cf46d,2026-07-21T05:45:00Z,2026-07-21T07:45:00+0200,858.16,MW,DK1,DK_1,actual_solar_generation,Solar,2026-08-04T05:33:58Z
2026-08-04T05:31:07Z,2026-08-04T07:31:07+0200,fe4314c0-08bc-43c1-bc96-38bb7e2cf46d,2026-07-21T06:00:00Z,2026-07-21T08:00:00+0200,1050.94,MW,DK1,DK_1,actual_solar_generation,Solar,2026-08-04T05:33:58Z
2026-08-04T05:31:07Z,2026-08-04T07:31:07+0200,fe4314c0-08bc-43c1-bc96-38bb7e2cf46d,2026-07-21T06:15:00Z,2026-07-21T08:15:00+0200,1231.98,MW,DK1,DK_1,actual_solar_generation,Solar,2026-08-04T05:33:58Z
2026-08-04T05:31:07Z,2026-08-04T07:31:07+0200,fe4314c0-08bc-43c1-bc96-38bb7e2cf46d,2026-07-21T06:30:00Z,2026-07-21T08:30:00+0200,1355.62,MW,DK1,DK_1,actual_solar_generation,Solar,2026-08-04T05:33:58Z
2026-08-04T05:31:07Z,2026-08-04T07:31:07+0200,fe4314c0-08bc-43c1-bc96-38bb7e2cf46d,2026-07-21T06:45:00Z,2026-07-21T08:45:00+0200,1496.22,MW,DK1,DK_1,actual_solar_generation,Solar,2026-08-04T05:33:58Z
2026-08-04T05:31:07Z,2026-08-04T07:31:07+0200,fe4314c0-08bc-43c1-bc96-38bb7e2cf46d,2026-07-21T07:00:00Z,2026-07-21T09:00:00+0200,1673.59,MW,DK1,DK_1,actual_solar_generation,Solar,2026-08-04T05:33:58Z
2026-08-04T05:31:07Z,2026-08-04T07:31:07+0200,fe4314c0-08bc-43c1-bc96-38bb7e2cf46d,2026-07-21T07:15:00Z,2026-07-21T09:15:00+0200,1900.14,MW,DK1,DK_1,actual_solar_generation,Solar,2026-08-04T05:33:58Z
2026-08-04T05:31:07Z,2026-08-04T07:31:07+0200,fe4314c0-08bc-43c1-bc96-38bb7e2cf46d,2026-07-21T07:30:00Z,2026-07-21T09:30:00+0200,2014.2,MW,DK1,DK_1,actual_solar_generation,Solar,2026-08-04T05:33:58Z
2026-08-04T05:31:07Z,2026-08-04T07:31:07+0200,fe4314c0-08bc-43c1-bc96-38bb7e2cf46d,2026-07-21T07:45:00Z,2026-07-21T09:45:00+0200,2186.47,MW,DK1,DK_1,actual_solar_generation,Solar,2026-08-04T05:33:58Z
2026-08-04T05:31:07Z,2026-08-04T07:31:07+0200,fe4314c0-08bc-43c1-bc96-38bb7e2cf46d,2026-07-21T08:00:00Z,2026-07-21T10:00:00+0200,2300.28,MW,DK1,DK_1,actual_solar_generation,Solar,2026-08-04T05:33:58Z
2026-08-04T05:31:07Z,2026-08-04T07:31:07+0200,fe4314c0-08bc-43c1-bc96-38bb7e2cf46d,2026-07-21T08:15:00Z,2026-07-21T10:15:00+0200,2426.65,MW,DK1,DK_1,actual_solar_generation,Solar,2026-08-04T05:33:58Z
2026-08-04T05:31:07Z,2026-08-04T07:31:07+0200,fe4314c0-08bc-43c1-bc96-38bb7e2cf46d,2026-07-21T08:30:00Z,2026-07-21T10:30:00+0200,2534.25,MW,DK1,DK_1,actual_solar_generation,Solar,2026-08-04T05:33:58Z
2026-08-04T05:31:07Z,2026-08-04T07:31:07+0200,fe4314c0-08bc-43c1-bc96-38bb7e2cf46d,2026-07-21T08:45:00Z,2026-07-21T10:45:00+0200,2624.39,MW,DK1,DK_1,actual_solar_generation,Solar,2026-08-04T05:33:58Z
2026-08-04T05:31:07Z,2026-08-04T07:31:07+0200,fe4314c0-08bc-43c1-bc96-38bb7e2cf46d,2026-07-21T09:00:00Z,2026-07-21T11:00:00+0200,2708.77,MW,DK1,DK_1,actual_solar_generation,Solar,2026-08-04T05:33:58Z
2026-08-04T05:31:07Z,2026-08-04T07:31:07+0200,fe4314c0-08bc-43c1-bc96-38bb7e2cf46d,2026-07-21T09:15:00Z,2026-07-21T11:15:00+0200,2693.41,MW,DK1,DK_1,actual_solar_generation,Solar,2026-08-04T05:33:58Z
2026-08-04T05:31:07Z,2026-08-04T07:31:07+0200,fe4314c0-08bc-43c1-bc96-38bb7e2cf46d,2026-07-21T09:30:00Z,2026-07-21T11:30:00+0200,2694.04,MW,DK1,DK_1,actual_solar_generation,Solar,2026-08-04T05:33:58Z
2026-08-04T05:31:07Z,2026-08-04T07:31:07+0200,fe4314c0-08bc-43c1-bc96-38bb7e2cf46d,2026-07-21T09:45:00Z,2026-07-21T11:45:00+0200,2536.61,MW,DK1,DK_1,actual_solar_generation,Solar,2026-08-04T05:33:58Z
2026-08-04T05:31:07Z,2026-08-04T07:31:07+0200,fe4314c0-08bc-43c1-bc96-38bb7e2cf46d,2026-07-21T10:00:00Z,2026-07-21T12:00:00+0200,2519.59,MW,DK1,DK_1,actual_solar_generation,Solar,2026-08-04T05:33:58Z
2026-08-04T05:31:07Z,2026-08-04T07:31:07+0200,fe4314c0-08bc-43c1-bc96-38bb7e2cf46d,2026-07-21T10:15:00Z,2026-07-21T12:15:00+0200,2542.96,MW,DK1,DK_1,actual_solar_generation,Solar,2026-08-04T05:33:58Z
2026-08-04T05:31:07Z,2026-08-04T07:31:07+0200,fe4314c0-08bc-43c1-bc96-38bb7e2cf46d,2026-07-21T10:30:00Z,2026-07-21T12:30:00+0200,2487.26,MW,DK1,DK_1,actual_solar_generation,Solar,2026-08-04T05:33:58Z
2026-08-04T05:31:07Z,2026-08-04T07:31:07+0200,fe4314c0-08bc-43c1-bc96-38bb7e2cf46d,2026-07-21T10:45:00Z,2026-07-21T12:45:00+0200,2422.39,MW,DK1,DK_1,actual_solar_generation,Solar,2026-08-04T05:33:58Z
2026-08-04T05:31:07Z,2026-08-04T07:31:07+0200,fe4314c0-08bc-43c1-bc96-38bb7e2cf46d,2026-07-21T11:00:00Z,2026-07-21T13:00:00+0200,2415.43,MW,DK1,DK_1,actual_solar_generation,Solar,2026-08-04T05:33:58Z
2026-08-04T05:31:07Z,2026-08-04T07:31:07+0200,fe4314c0-08bc-43c1-bc96-38bb7e2cf46d,2026-07-21T11:15:00Z,2026-07-21T13:15:00+0200,2462.46,MW,DK1,DK_1,actual_solar_generation,Solar,2026-08-04T05:33:58Z
2026-08-04T05:31:07Z,2026-08-04T07:31:07+0200,fe4314c0-08bc-43c1-bc96-38bb7e2cf46d,2026-07-21T11:30:00Z,2026-07-21T13:30:00+0200,2466.7,MW,DK1,DK_1,actual_solar_generation,Solar,2026-08-04T05:33:58Z
2026-08-04T05:31:07Z,2026-08-04T07:31:07+0200,fe4314c0-08bc-43c1-bc96-38bb7e2cf46d,2026-07-21T11:45:00Z,2026-07-21T13:45:00+0200,2443.36,MW,DK1,DK_1,actual_solar_generation,Solar,2026-08-04T05:33:58Z
2026-08-04T05:31:07Z,2026-08-04T07:31:07+0200,fe4314c0-08bc-43c1-bc96-38bb7e2cf46d,2026-07-21T12:00:00Z,2026-07-21T14:00:00+0200,2392.63,MW,DK1,DK_1,actual_solar_generation,Solar,2026-08-04T05:33:58Z
2026-08-04T05:31:07Z,2026-08-04T07:31:07+0200,fe4314c0-08bc-43c1-bc96-38bb7e2cf46d,2026-07-21T12:15:00Z,2026-07-21T14:15:00+0200,2359.27,MW,DK1,DK_1,actual_solar_generation,Solar,2026-08-04T05:33:58Z
2026-08-04T05:31:07Z,2026-08-04T07:31:07+0200,fe4314c0-08bc-43c1-bc96-38bb7e2cf46d,2026-07-21T12:30:00Z,2026-07-21T14:30:00+0200,2442.79,MW,DK1,DK_1,actual_solar_generation,Solar,2026-08-04T05:33:58Z
2026-08-04T05:31:07Z,2026-08-04T07:31:07+0200,fe4314c0-08bc-43c1-bc96-38bb7e2cf46d,2026-07-21T12:45:00Z,2026-07-21T14:45:00+0200,2474.54,MW,DK1,DK_1,actual_solar_generation,Solar,2026-08-04T05:33:58Z
2026-08-04T05:31:07Z,2026-08-04T07:31:07+0200,fe4314c0-08bc-43c1-bc96-38bb7e2cf46d,2026-07-21T13:00:00Z,2026-07-21T15:00:00+0200,2461.18,MW,DK1,DK_1,actual_solar_generation,Solar,2026-08-04T05:33:58Z
2026-08-04T05:31:07Z,2026-08-04T07:31:07+0200,fe4314c0-08bc-43c1-bc96-38bb7e2cf46d,2026-07-21T13:15:00Z,2026-07-21T15:15:00+0200,2431.36,MW,DK1,DK_1,actual_solar_generation,Solar,2026-08-04T05:33:58Z
2026-08-04T05:31:07Z,2026-08-04T07:31:07+0200,fe4314c0-08bc-43c1-bc96-38bb7e2cf46d,2026-07-21T13:30:00Z,2026-07-21T15:30:00+0200,2434.63,MW,DK1,DK_1,actual_solar_generation,Solar,2026-08-04T05:33:58Z
2026-08-04T05:31:07Z,2026-08-04T07:31:07+0200,fe4314c0-08bc-43c1-bc96-38bb7e2cf46d,2026-07-21T13:45:00Z,2026-07-21T15:45:00+0200,2271.35,MW,DK1,DK_1,actual_solar_generation,Solar,2026-08-04T05:33:58Z
2026-08-04T05:31:07Z,2026-08-04T07:31:07+0200,fe4314c0-08bc-43c1-bc96-38bb7e2cf46d,2026-07-21T14:00:00Z,2026-07-21T16:00:00+0200,2302.29,MW,DK1,DK_1,actual_solar_generation,Solar,2026-08-04T05:33:58Z
2026-08-04T05:31:07Z,2026-08-04T07:31:07+0200,fe4314c0-08bc-43c1-bc96-38bb7e2cf46d,2026-07-21T14:15:00Z,2026-07-21T16:15:00+0200,2278.71,MW,DK1,DK_1,actual_solar_generation,Solar,2026-08-04T05:33:58Z
2026-08-04T05:31:07Z,2026-08-04T07:31:07+0200,fe4314c0-08bc-43c1-bc96-38bb7e2cf46d,2026-07-21T14:30:00Z,2026-07-21T16:30:00+0200,2182.71,MW,DK1,DK_1,actual_solar_generation,Solar,2026-08-04T05:33:58Z
2026-08-04T05:31:07Z,2026-08-04T07:31:07+0200,fe4314c0-08bc-43c1-bc96-38bb7e2cf46d,2026-07-21T14:45:00Z,2026-07-21T16:45:00+0200,2123.51,MW,DK1,DK_1,actual_solar_generation,Solar,2026-08-04T05:33:58Z
2026-08-04T05:31:07Z,2026-08-04T07:31:07+0200,fe4314c0-08bc-43c1-bc96-38bb7e2cf46d,2026-07-21T15:00:00Z,2026-07-21T17:00:00+0200,1967.85,MW,DK1,DK_1,actual_solar_generation,Solar,2026-08-04T05:33:58Z
2026-08-04T05:31:07Z,2026-08-04T07:31:07+0200,fe4314c0-08bc-43c1-bc96-38bb7e2cf46d,2026-07-21T15:15:00Z,2026-07-21T17:15:00+0200,1770.79,MW,DK1,DK_1,actual_solar_generation,Solar,2026-08-04T05:33:58Z
2026-08-04T05:31:07Z,2026-08-04T07:31:07+0200,fe4314c0-08bc-43c1-bc96-38bb7e2cf46d,2026-07-21T15:30:00Z,2026-07-21T17:30:00+0200,1638.28,MW,DK1,DK_1,actual_solar_generation,Solar,2026-08-04T05:33:58Z
2026-08-04T05:31:07Z,2026-08-04T07:31:07+0200,fe4314c0-08bc-43c1-bc96-38bb7e2cf46d,2026-07-21T15:45:00Z,2026-07-21T17:45:00+0200,1446.7,MW,DK1,DK_1,actual_solar_generation,Solar,2026-08-04T05:33:58Z
2026-08-04T05:31:07Z,2026-08-04T07:31:07+0200,fe4314c0-08bc-43c1-bc96-38bb7e2cf46d,2026-07-21T16:00:00Z,2026-07-21T18:00:00+0200,1271.3,MW,DK1,DK_1,actual_solar_generation,Solar,2026-08-04T05:33:58Z
2026-08-04T05:31:07Z,2026-08-04T07:31:07+0200,fe4314c0-08bc-43c1-bc96-38bb7e2cf46d,2026-07-21T16:15:00Z,2026-07-21T18:15:00+0200,1086.76,MW,DK1,DK_1,actual_solar_generation,Solar,2026-08-04T05:33:58Z
2026-08-04T05:31:07Z,2026-08-04T07:31:07+0200,fe4314c0-08bc-43c1-bc96-38bb7e2cf46d,2026-07-21T16:30:00Z,2026-07-21T18:30:00+0200,902.559,MW,DK1,DK_1,actual_solar_generation,Solar,2026-08-04T05:33:58Z
2026-08-04T05:31:07Z,2026-08-04T07:31:07+0200,fe4314c0-08bc-43c1-bc96-38bb7e2cf46d,2026-07-21T16:45:00Z,2026-07-21T18:45:00+0200,749.286,MW,DK1,DK_1,actual_solar_generation,Solar,2026-08-04T05:33:58Z
2026-08-04T05:31:07Z,2026-08-04T07:31:07+0200,fe4314c0-08bc-43c1-bc96-38bb7e2cf46d,2026-07-21T17:00:00Z,2026-07-21T19:00:00+0200,588.771,MW,DK1,DK_1,actual_solar_generation,Solar,2026-08-04T05:33:58Z
2026-08-04T05:31:07Z,2026-08-04T07:31:07+0200,fe4314c0-08bc-43c1-bc96-38bb7e2cf46d,2026-07-21T17:15:00Z,2026-07-21T19:15:00+0200,460.215,MW,DK1,DK_1,actual_solar_generation,Solar,2026-08-04T05:33:58Z
2026-08-04T05:31:07Z,2026-08-04T07:31:07+0200,fe4314c0-08bc-43c1-bc96-38bb7e2cf46d,2026-07-21T17:30:00Z,2026-07-21T19:30:00+0200,340.992,MW,DK1,DK_1,actual_solar_generation,Solar,2026-08-04T05:33:58Z
2026-08-04T05:31:07Z,2026-08-04T07:31:07+0200,fe4314c0-08bc-43c1-bc96-38bb7e2cf46d,2026-07-21T17:45:00Z,2026-07-21T19:45:00+0200,269.526,MW,DK1,DK_1,actual_solar_generation,Solar,2026-08-04T05:33:58Z
2026-08-04T05:31:07Z,2026-08-04T07:31:07+0200,fe4314c0-08bc-43c1-bc96-38bb7e2cf46d,2026-07-21T18:00:00Z,2026-07-21T20:00:00+0200,195.324,MW,DK1,DK_1,actual_solar_generation,Solar,2026-08-04T05:33:58Z
2026-08-04T05:31:07Z,2026-08-04T07:31:07+0200,fe4314c0-08bc-43c1-bc96-38bb7e2cf46d,2026-07-21T18:15:00Z,2026-07-21T20:15:00+0200,143.358,MW,DK1,DK_1,actual_solar_generation,Solar,2026-08-04T05:33:58Z
2026-08-04T05:31:07Z,2026-08-04T07:31:07+0200,fe4314c0-08bc-43c1-bc96-38bb7e2cf46d,2026-07-21T18:30:00Z,2026-07-21T20:30:00+0200,99.866,MW,DK1,DK_1,actual_solar_generation,Solar,2026-08-04T05:33:58Z
2026-08-04T05:31:07Z,2026-08-04T07:31:07+0200,fe4314c0-08bc-43c1-bc96-38bb7e2cf46d,2026-07-21T18:45:00Z,2026-07-21T20:45:00+0200,70.5159,MW,DK1,DK_1,actual_solar_generation,Solar,2026-08-04T05:33:58Z
2026-08-04T05:31:07Z,2026-08-04T07:31:07+0200,fe4314c0-08bc-43c1-bc96-38bb7e2cf46d,2026-07-21T19:00:00Z,2026-07-21T21:00:00+0200,42.2025,MW,DK1,DK_1,actual_solar_generation,Solar,2026-08-04T05:33:58Z
2026-08-04T05:31:07Z,2026-08-04T07:31:07+0200,fe4314c0-08bc-43c1-bc96-38bb7e2cf46d,2026-07-21T19:15:00Z,2026-07-21T21:15:00+0200,21.441,MW,DK1,DK_1,actual_solar_generation,Solar,2026-08-04T05:33:58Z
2026-08-04T05:31:07Z,2026-08-04T07:31:07+0200,fe4314c0-08bc-43c1-bc96-38bb7e2cf46d,2026-07-21T19:30:00Z,2026-07-21T21:30:00+0200,9.98918,MW,DK1,DK_1,actual_solar_generation,Solar,2026-08-04T05:33:58Z
2026-08-04T05:31:07Z,2026-08-04T07:31:07+0200,fe4314c0-08bc-43c1-bc96-38bb7e2cf46d,2026-07-21T19:45:00Z,2026-07-21T21:45:00+0200,5.90892,MW,DK1,DK_1,actual_solar_generation,Solar,2026-08-04T05:33:58Z
2026-08-04T05:31:07Z,2026-08-04T07:31:07+0200,fe4314c0-08bc-43c1-bc96-38bb7e2cf46d,2026-07-21T20:00:00Z,2026-07-21T22:00:00+0200,5.96836,MW,DK1,DK_1,actual_solar_generation,Solar,2026-08-04T05:33:58Z
2026-08-04T05:31:07Z,2026-08-04T07:31:07+0200,fe4314c0-08bc-43c1-bc96-38bb7e2cf46d,2026-07-21T20:15:00Z,2026-07-21T22:15:00+0200,6.90785,MW,DK1,DK_1,actual_solar_generation,Solar,2026-08-04T05:33:58Z
2026-08-04T05:31:07Z,2026-08-04T07:31:07+0200,fe4314c0-08bc-43c1-bc96-38bb7e2cf46d,2026-07-21T20:30:00Z,2026-07-21T22:30:00+0200,7.47183,MW,DK1,DK_1,actual_solar_generation,Solar,2026-08-04T05:33:58Z
2026-08-04T05:31:07Z,2026-08-04T07:31:07+0200,fe4314c0-08bc-43c1-bc96-38bb7e2cf46d,2026-07-21T20:45:00Z,2026-07-21T22:45:00+0200,6.88428,MW,DK1,DK_1,actual_solar_generation,Solar,2026-08-04T05:33:58Z
2026-08-04T05:31:07Z,2026-08-04T07:31:07+0200,fe4314c0-08bc-43c1-bc96-38bb7e2cf46d,2026-07-21T21:00:00Z,2026-07-21T23:00:00+0200,7.15085,MW,DK1,DK_1,actual_solar_generation,Solar,2026-08-04T05:33:58Z
2026-08-04T05:31:07Z,2026-08-04T07:31:07+0200,fe4314c0-08bc-43c1-bc96-38bb7e2cf46d,2026-07-21T21:15:00Z,2026-07-21T23:15:00+0200,7.83022,MW,DK1,DK_1,actual_solar_generation,Solar,2026-08-04T05:33:58Z
2026-08-04T05:31:07Z,2026-08-04T07:31:07+0200,fe4314c0-08bc-43c1-bc96-38bb7e2cf46d,2026-07-21T21:30:00Z,2026-07-21T23:30:00+0200,7.82175,MW,DK1,DK_1,actual_solar_generation,Solar,2026-08-04T05:33:58Z
2026-08-04T05:31:07Z,2026-08-04T07:31:07+0200,fe4314c0-08bc-43c1-bc96-38bb7e2cf46d,2026-07-21T21:45:00Z,2026-07-21T23:45:00+0200,7.95291,MW,DK1,DK_1,actual_solar_generation,Solar,2026-08-04T05:33:58Z
2026-08-04T05:31:07Z,2026-08-04T07:31:07+0200,fe4314c0-08bc-43c1-bc96-38bb7e2cf46d,2026-07-21T22:00:00Z,2026-07-22T00:00:00+0200,9.01368,MW,DK1,DK_1,actual_solar_generation,Solar,2026-08-04T05:33:58Z
2026-08-04T05:31:07Z,2026-08-04T07:31:07+0200,fe4314c0-08bc-43c1-bc96-38bb7e2cf46d,2026-07-21T22:15:00Z,2026-07-22T00:15:00+0200,7.84162,MW,DK1,DK_1,actual_solar_generation,Solar,2026-08-04T05:33:58Z
2026-08-04T05:31:07Z,2026-08-04T07:31:07+0200,fe4314c0-08bc-43c1-bc96-38bb7e2cf46d,2026-07-21T22:30:00Z,2026-07-22T00:30:00+0200,9.56015,MW,DK1,DK_1,actual_solar_generation,Solar,2026-08-04T05:33:58Z
2026-08-04T05:31:07Z,2026-08-04T07:31:07+0200,fe4314c0-08bc-43c1-bc96-38bb7e2cf46d,2026-07-21T22:45:00Z,2026-07-22T00:45:00+0200,7.58541,MW,DK1,DK_1,actual_solar_generation,Solar,2026-08-04T05:33:58Z
2026-08-04T05:31:07Z,2026-08-04T07:31:07+0200,fe4314c0-08bc-43c1-bc96-38bb7e2cf46d,2026-07-21T23:00:00Z,2026-07-22T01:00:00+0200,8.3177,MW,DK1,DK_1,actual_solar_generation,Solar,2026-08-04T05:33:58Z
2026-08-04T05:31:07Z,2026-08-04T07:31:07+0200,fe4314c0-08bc-43c1-bc96-38bb7e2cf46d,2026-07-21T23:15:00Z,2026-07-22T01:15:00+0200,9.28502,MW,DK1,DK_1,actual_solar_generation,Solar,2026-08-04T05:33:58Z
2026-08-04T05:31:07Z,2026-08-04T07:31:07+0200,fe4314c0-08bc-43c1-bc96-38bb7e2cf46d,2026-07-21T23:30:00Z,2026-07-22T01:30:00+0200,9.30052,MW,DK1,DK_1,actual_solar_generation,Solar,2026-08-04T05:33:58Z
2026-08-04T05:31:07Z,2026-08-04T07:31:07+0200,fe4314c0-08bc-43c1-bc96-38bb7e2cf46d,2026-07-21T23:45:00Z,2026-07-22T01:45:00+0200,9.2355,MW,DK1,DK_1,actual_solar_generation,Solar,2026-08-04T05:33:58Z
2026-08-04T05:31:07Z,2026-08-04T07:31:07+0200,fe4314c0-08bc-43c1-bc96-38bb7e2cf46d,2026-07-22T00:00:00Z,2026-07-22T02:00:00+0200,8.9377,MW,DK1,DK_1,actual_solar_generation,Solar,2026-08-04T05:33:58Z
2026-08-04T05:31:07Z,2026-08-04T07:31:07+0200,fe4314c0-08bc-43c1-bc96-38bb7e2cf46d,2026-07-22T00:15:00Z,2026-07-22T02:15:00+0200,9.98687,MW,DK1,DK_1,actual_solar_generation,Solar,2026-08-04T05:33:58Z
2026-08-04T05:31:07Z,2026-08-04T07:31:07+0200,fe4314c0-08bc-43c1-bc96-38bb7e2cf46d,2026-07-22T00:30:00Z,2026-07-22T02:30:00+0200,9.35035,MW,DK1,DK_1,actual_solar_generation,Solar,2026-08-04T05:33:58Z
2026-08-04T05:31:07Z,2026-08-04T07:31:07+0200,fe4314c0-08bc-43c1-bc96-38bb7e2cf46d,2026-07-22T00:45:00Z,2026-07-22T02:45:00+0200,9.756,MW,DK1,DK_1,actual_solar_generation,Solar,2026-08-04T05:33:58Z
2026-08-04T05:31:07Z,2026-08-04T07:31:07+0200,fe4314c0-08bc-43c1-bc96-38bb7e2cf46d,2026-07-22T01:00:00Z,2026-07-22T03:00:00+0200,10.0344,MW,DK1,DK_1,actual_solar_generation,Solar,2026-08-04T05:33:58Z
2026-08-04T05:31:07Z,2026-08-04T07:31:07+0200,fe4314c0-08bc-43c1-bc96-38bb7e2cf46d,2026-07-22T01:15:00Z,2026-07-22T03:15:00+0200,9.91078,MW,DK1,DK_1,actual_solar_generation,Solar,2026-08-04T05:33:58Z
2026-08-04T05:31:07Z,2026-08-04T07:31:07+0200,fe4314c0-08bc-43c1-bc96-38bb7e2cf46d,2026-07-22T01:30:00Z,2026-07-22T03:30:00+0200,10.2119,MW,DK1,DK_1,actual_solar_generation,Solar,2026-08-04T05:33:58Z
2026-08-04T05:31:07Z,2026-08-04T07:31:07+0200,fe4314c0-08bc-43c1-bc96-38bb7e2cf46d,2026-07-22T01:45:00Z,2026-07-22T03:45:00+0200,10.3614,MW,DK1,DK_1,actual_solar_generation,Solar,2026-08-04T05:33:58Z
2026-08-04T05:31:07Z,2026-08-04T07:31:07+0200,fe4314c0-08bc-43c1-bc96-38bb7e2cf46d,2026-07-22T02:00:00Z,2026-07-22T04:00:00+0200,10.5901,MW,DK1,DK_1,actual_solar_generation,Solar,2026-08-04T05:33:58Z
2026-08-04T05:31:07Z,2026-08-04T07:31:07+0200,fe4314c0-08bc-43c1-bc96-38bb7e2cf46d,2026-07-22T02:15:00Z,2026-07-22T04:15:00+0200,10.7536,MW,DK1,DK_1,actual_solar_generation,Solar,2026-08-04T05:33:58Z
2026-08-04T05:31:07Z,2026-08-04T07:31:07+0200,fe4314c0-08bc-43c1-bc96-38bb7e2cf46d,2026-07-22T02:30:00Z,2026-07-22T04:30:00+0200,10.7909,MW,DK1,DK_1,actual_solar_generation,Solar,2026-08-04T05:33:58Z
2026-08-04T05:31:07Z,2026-08-04T07:31:07+0200,fe4314c0-08bc-43c1-bc96-38bb7e2cf46d,2026-07-22T02:45:00Z,2026-07-22T04:45:00+0200,10.6859,MW,DK1,DK_1,actual_solar_generation,Solar,2026-08-04T05:33:58Z
2026-08-04T05:31:07Z,2026-08-04T07:31:07+0200,fe4314c0-08bc-43c1-bc96-38bb7e2cf46d,2026-07-22T03:00:00Z,2026-07-22T05:00:00+0200,8.97018,MW,DK1,DK_1,actual_solar_generation,Solar,2026-08-04T05:33:58Z
2026-08-04T05:31:07Z,2026-08-04T07:31:07+0200,fe4314c0-08bc-43c1-bc96-38bb7e2cf46d,2026-07-22T03:15:00Z,2026-07-22T05:15:00+0200,12.4059,MW,DK1,DK_1,actual_solar_generation,Solar,2026-08-04T05:33:58Z
2026-08-04T05:31:07Z,2026-08-04T07:31:07+0200,fe4314c0-08bc-43c1-bc96-38bb7e2cf46d,2026-07-22T03:30:00Z,2026-07-22T05:30:00+0200,20.3143,MW,DK1,DK_1,actual_solar_generation,Solar,2026-08-04T05:33:58Z
2026-08-04T05:31:07Z,2026-08-04T07:31:07+0200,fe4314c0-08bc-43c1-bc96-38bb7e2cf46d,2026-07-22T03:45:00Z,2026-07-22T05:45:00+0200,35.5176,MW,DK1,DK_1,actual_solar_generation,Solar,2026-08-04T05:33:58Z
2026-08-04T05:31:07Z,2026-08-04T07:31:07+0200,fe4314c0-08bc-43c1-bc96-38bb7e2cf46d,2026-07-22T04:00:00Z,2026-07-22T06:00:00+0200,56.381,MW,DK1,DK_1,actual_solar_generation,Solar,2026-08-04T05:33:58Z
2026-08-04T05:31:07Z,2026-08-04T07:31:07+0200,fe4314c0-08bc-43c1-bc96-38bb7e2cf46d,2026-07-22T04:15:00Z,2026-07-22T06:15:00+0200,84.8838,MW,DK1,DK_1,actual_solar_generation,Solar,2026-08-04T05:33:58Z
2026-08-04T05:31:07Z,2026-08-04T07:31:07+0200,fe4314c0-08bc-43c1-bc96-38bb7e2cf46d,2026-07-22T04:30:00Z,2026-07-22T06:30:00+0200,119.305,MW,DK1,DK_1,actual_solar_generation,Solar,2026-08-04T05:33:58Z
2026-08-04T05:31:07Z,2026-08-04T07:31:07+0200,fe4314c0-08bc-43c1-bc96-38bb7e2cf46d,2026-07-22T04:45:00Z,2026-07-22T06:45:00+0200,162.01,MW,DK1,DK_1,actual_solar_generation,Solar,2026-08-04T05:33:58Z
2026-08-04T05:31:07Z,2026-08-04T07:31:07+0200,fe4314c0-08bc-43c1-bc96-38bb7e2cf46d,2026-07-22T05:00:00Z,2026-07-22T07:00:00+0200,230.404,MW,DK1,DK_1,actual_solar_generation,Solar,2026-08-04T05:33:58Z
2026-08-04T05:31:07Z,2026-08-04T07:31:07+0200,fe4314c0-08bc-43c1-bc96-38bb7e2cf46d,2026-07-22T05:15:00Z,2026-07-22T07:15:00+0200,291.962,MW,DK1,DK_1,actual_solar_generation,Solar,2026-08-04T05:33:58Z
2026-08-04T05:31:07Z,2026-08-04T07:31:07+0200,fe4314c0-08bc-43c1-bc96-38bb7e2cf46d,2026-07-22T05:30:00Z,2026-07-22T07:30:00+0200,368.611,MW,DK1,DK_1,actual_solar_generation,Solar,2026-08-04T05:33:58Z
2026-08-04T05:31:07Z,2026-08-04T07:31:07+0200,fe4314c0-08bc-43c1-bc96-38bb7e2cf46d,2026-07-22T05:45:00Z,2026-07-22T07:45:00+0200,470.221,MW,DK1,DK_1,actual_solar_generation,Solar,2026-08-04T05:33:58Z
2026-08-04T05:31:07Z,2026-08-04T07:31:07+0200,fe4314c0-08bc-43c1-bc96-38bb7e2cf46d,2026-07-22T06:00:00Z,2026-07-22T08:00:00+0200,560.494,MW,DK1,DK_1,actual_solar_generation,Solar,2026-08-04T05:33:58Z
2026-08-04T05:31:07Z,2026-08-04T07:31:07+0200,fe4314c0-08bc-43c1-bc96-38bb7e2cf46d,2026-07-22T06:15:00Z,2026-07-22T08:15:00+0200,644.905,MW,DK1,DK_1,actual_solar_generation,Solar,2026-08-04T05:33:58Z
2026-08-04T05:31:07Z,2026-08-04T07:31:07+0200,fe4314c0-08bc-43c1-bc96-38bb7e2cf46d,2026-07-22T06:30:00Z,2026-07-22T08:30:00+0200,757.398,MW,DK1,DK_1,actual_solar_generation,Solar,2026-08-04T05:33:58Z
2026-08-04T05:31:07Z,2026-08-04T07:31:07+0200,fe4314c0-08bc-43c1-bc96-38bb7e2cf46d,2026-07-22T06:45:00Z,2026-07-22T08:45:00+0200,858.018,MW,DK1,DK_1,actual_solar_generation,Solar,2026-08-04T05:33:58Z
2026-08-04T05:31:07Z,2026-08-04T07:31:07+0200,fe4314c0-08bc-43c1-bc96-38bb7e2cf46d,2026-07-22T07:00:00Z,2026-07-22T09:00:00+0200,1001.01,MW,DK1,DK_1,actual_solar_generation,Solar,2026-08-04T05:33:58Z
2026-08-04T05:31:07Z,2026-08-04T07:31:07+0200,fe4314c0-08bc-43c1-bc96-38bb7e2cf46d,2026-07-22T07:15:00Z,2026-07-22T09:15:00+0200,1142.37,MW,DK1,DK_1,actual_solar_generation,Solar,2026-08-04T05:33:58Z
2026-08-04T05:31:07Z,2026-08-04T07:31:07+0200,fe4314c0-08bc-43c1-bc96-38bb7e2cf46d,2026-07-22T07:30:00Z,2026-07-22T09:30:00+0200,1216.61,MW,DK1,DK_1,actual_solar_generation,Solar,2026-08-04T05:33:58Z
2026-08-04T05:31:07Z,2026-08-04T07:31:07+0200,fe4314c0-08bc-43c1-bc96-38bb7e2cf46d,2026-07-22T07:45:00Z,2026-07-22T09:45:00+0200,1274.11,MW,DK1,DK_1,actual_solar_generation,Solar,2026-08-04T05:33:58Z
2026-08-04T05:31:07Z,2026-08-04T07:31:07+0200,fe4314c0-08bc-43c1-bc96-38bb7e2cf46d,2026-07-22T08:00:00Z,2026-07-22T10:00:00+0200,1412.43,MW,DK1,DK_1,actual_solar_generation,Solar,2026-08-04T05:33:58Z
2026-08-04T05:31:07Z,2026-08-04T07:31:07+0200,fe4314c0-08bc-43c1-bc96-38bb7e2cf46d,2026-07-22T08:15:00Z,2026-07-22T10:15:00+0200,1467.28,MW,DK1,DK_1,actual_solar_generation,Solar,2026-08-04T05:33:58Z
2026-08-04T05:31:07Z,2026-08-04T07:31:07+0200,fe4314c0-08bc-43c1-bc96-38bb7e2cf46d,2026-07-22T08:30:00Z,2026-07-22T10:30:00+0200,1525.97,MW,DK1,DK_1,actual_solar_generation,Solar,2026-08-04T05:33:58Z
2026-08-04T05:31:07Z,2026-08-04T07:31:07+0200,fe4314c0-08bc-43c1-bc96-38bb7e2cf46d,2026-07-22T08:45:00Z,2026-07-22T10:45:00+0200,1541.0,MW,DK1,DK_1,actual_solar_generation,Solar,2026-08-04T05:33:58Z
2026-08-04T05:31:07Z,2026-08-04T07:31:07+0200,fe4314c0-08bc-43c1-bc96-38bb7e2cf46d,2026-07-22T09:00:00Z,2026-07-22T11:00:00+0200,1592.77,MW,DK1,DK_1,actual_solar_generation,Solar,2026-08-04T05:33:58Z
2026-08-04T05:31:07Z,2026-08-04T07:31:07+0200,fe4314c0-08bc-43c1-bc96-38bb7e2cf46d,2026-07-22T09:15:00Z,2026-07-22T11:15:00+0200,1622.83,MW,DK1,DK_1,actual_solar_generation,Solar,2026-08-04T05:33:58Z
2026-08-04T05:31:07Z,2026-08-04T07:31:07+0200,fe4314c0-08bc-43c1-bc96-38bb7e2cf46d,2026-07-22T09:30:00Z,2026-07-22T11:30:00+0200,1558.04,MW,DK1,DK_1,actual_solar_generation,Solar,2026-08-04T05:33:58Z
2026-08-04T05:31:07Z,2026-08-04T07:31:07+0200,fe4314c0-08bc-43c1-bc96-38bb7e2cf46d,2026-07-22T09:45:00Z,2026-07-22T11:45:00+0200,1704.69,MW,DK1,DK_1,actual_solar_generation,Solar,2026-08-04T05:33:58Z
2026-08-04T05:31:07Z,2026-08-04T07:31:07+0200,fe4314c0-08bc-43c1-bc96-38bb7e2cf46d,2026-07-22T10:00:00Z,2026-07-22T12:00:00+0200,1719.13,MW,DK1,DK_1,actual_solar_generation,Solar,2026-08-04T05:33:58Z
2026-08-04T05:31:07Z,2026-08-04T07:31:07+0200,fe4314c0-08bc-43c1-bc96-38bb7e2cf46d,2026-07-22T10:15:00Z,2026-07-22T12:15:00+0200,1714.7,MW,DK1,DK_1,actual_solar_generation,Solar,2026-08-04T05:33:58Z
2026-08-04T05:31:07Z,2026-08-04T07:31:07+0200,fe4314c0-08bc-43c1-bc96-38bb7e2cf46d,2026-07-22T10:30:00Z,2026-07-22T12:30:00+0200,1680.81,MW,DK1,DK_1,actual_solar_generation,Solar,2026-08-04T05:33:58Z
2026-08-04T05:31:07Z,2026-08-04T07:31:07+0200,fe4314c0-08bc-43c1-bc96-38bb7e2cf46d,2026-07-22T10:45:00Z,2026-07-22T12:45:00+0200,1642.69,MW,DK1,DK_1,actual_solar_generation,Solar,2026-08-04T05:33:58Z
2026-08-04T05:31:07Z,2026-08-04T07:31:07+0200,fe4314c0-08bc-43c1-bc96-38bb7e2cf46d,2026-07-22T11:00:00Z,2026-07-22T13:00:00+0200,1642.99,MW,DK1,DK_1,actual_solar_generation,Solar,2026-08-04T05:33:58Z
2026-08-04T05:31:07Z,2026-08-04T07:31:07+0200,fe4314c0-08bc-43c1-bc96-38bb7e2cf46d,2026-07-22T11:15:00Z,2026-07-22T13:15:00+0200,1713.84,MW,DK1,DK_1,actual_solar_generation,Solar,2026-08-04T05:33:58Z
2026-08-04T05:31:07Z,2026-08-04T07:31:07+0200,fe4314c0-08bc-43c1-bc96-38bb7e2cf46d,2026-07-22T11:30:00Z,2026-07-22T13:30:00+0200,1541.97,MW,DK1,DK_1,actual_solar_generation,Solar,2026-08-04T05:33:58Z
2026-08-04T05:31:07Z,2026-08-04T07:31:07+0200,fe4314c0-08bc-43c1-bc96-38bb7e2cf46d,2026-07-22T11:45:00Z,2026-07-22T13:45:00+0200,1491.52,MW,DK1,DK_1,actual_solar_generation,Solar,2026-08-04T05:33:58Z
2026-08-04T05:31:07Z,2026-08-04T07:31:07+0200,fe4314c0-08bc-43c1-bc96-38bb7e2cf46d,2026-07-22T12:00:00Z,2026-07-22T14:00:00+0200,1547.38,MW,DK1,DK_1,actual_solar_generation,Solar,2026-08-04T05:33:58Z
2026-08-04T05:31:07Z,2026-08-04T07:31:07+0200,fe4314c0-08bc-43c1-bc96-38bb7e2cf46d,2026-07-22T12:15:00Z,2026-07-22T14:15:00+0200,1524.38,MW,DK1,DK_1,actual_solar_generation,Solar,2026-08-04T05:33:58Z
2026-08-04T05:31:07Z,2026-08-04T07:31:07+0200,fe4314c0-08bc-43c1-bc96-38bb7e2cf46d,2026-07-22T12:30:00Z,2026-07-22T14:30:00+0200,1760.01,MW,DK1,DK_1,actual_solar_generation,Solar,2026-08-04T05:33:58Z
2026-08-04T05:31:07Z,2026-08-04T07:31:07+0200,fe4314c0-08bc-43c1-bc96-38bb7e2cf46d,2026-07-22T12:45:00Z,2026-07-22T14:45:00+0200,1822.93,MW,DK1,DK_1,actual_solar_generation,Solar,2026-08-04T05:33:58Z
2026-08-04T05:31:07Z,2026-08-04T07:31:07+0200,fe4314c0-08bc-43c1-bc96-38bb7e2cf46d,2026-07-22T13:00:00Z,2026-07-22T15:00:00+0200,1619.45,MW,DK1,DK_1,actual_solar_generation,Solar,2026-08-04T05:33:58Z
2026-08-04T05:31:07Z,2026-08-04T07:31:07+0200,fe4314c0-08bc-43c1-bc96-38bb7e2cf46d,2026-07-22T13:15:00Z,2026-07-22T15:15:00+0200,1644.43,MW,DK1,DK_1,actual_solar_generation,Solar,2026-08-04T05:33:58Z
2026-08-04T05:31:07Z,2026-08-04T07:31:07+0200,fe4314c0-08bc-43c1-bc96-38bb7e2cf46d,2026-07-22T13:30:00Z,2026-07-22T15:30:00+0200,1820.51,MW,DK1,DK_1,actual_solar_generation,Solar,2026-08-04T05:33:58Z
2026-08-04T05:31:07Z,2026-08-04T07:31:07+0200,fe4314c0-08bc-43c1-bc96-38bb7e2cf46d,2026-07-22T13:45:00Z,2026-07-22T15:45:00+0200,1655.44,MW,DK1,DK_1,actual_solar_generation,Solar,2026-08-04T05:33:58Z
2026-08-04T05:31:07Z,2026-08-04T07:31:07+0200,fe4314c0-08bc-43c1-bc96-38bb7e2cf46d,2026-07-22T14:00:00Z,2026-07-22T16:00:00+0200,1789.68,MW,DK1,DK_1,actual_solar_generation,Solar,2026-08-04T05:33:58Z
2026-08-04T05:31:07Z,2026-08-04T07:31:07+0200,fe4314c0-08bc-43c1-bc96-38bb7e2cf46d,2026-07-22T14:15:00Z,2026-07-22T16:15:00+0200,1747.19,MW,DK1,DK_1,actual_solar_generation,Solar,2026-08-04T05:33:58Z
2026-08-04T05:31:07Z,2026-08-04T07:31:07+0200,fe4314c0-08bc-43c1-bc96-38bb7e2cf46d,2026-07-22T14:30:00Z,2026-07-22T16:30:00+0200,1749.04,MW,DK1,DK_1,actual_solar_generation,Solar,2026-08-04T05:33:58Z
2026-08-04T05:31:07Z,2026-08-04T07:31:07+0200,fe4314c0-08bc-43c1-bc96-38bb7e2cf46d,2026-07-22T14:45:00Z,2026-07-22T16:45:00+0200,1744.04,MW,DK1,DK_1,actual_solar_generation,Solar,2026-08-04T05:33:58Z
2026-08-04T05:31:07Z,2026-08-04T07:31:07+0200,fe4314c0-08bc-43c1-bc96-38bb7e2cf46d,2026-07-22T15:00:00Z,2026-07-22T17:00:00+0200,1750.59,MW,DK1,DK_1,actual_solar_generation,Solar,2026-08-04T05:33:58Z
2026-08-04T05:31:07Z,2026-08-04T07:31:07+0200,fe4314c0-08bc-43c1-bc96-38bb7e2cf46d,2026-07-22T15:15:00Z,2026-07-22T17:15:00+0200,1717.41,MW,DK1,DK_1,actual_solar_generation,Solar,2026-08-04T05:33:58Z
2026-08-04T05:31:07Z,2026-08-04T07:31:07+0200,fe4314c0-08bc-43c1-bc96-38bb7e2cf46d,2026-07-22T15:30:00Z,2026-07-22T17:30:00+0200,1530.92,MW,DK1,DK_1,actual_solar_generation,Solar,2026-08-04T05:33:58Z
2026-08-04T05:31:07Z,2026-08-04T07:31:07+0200,fe4314c0-08bc-43c1-bc96-38bb7e2cf46d,2026-07-22T15:45:00Z,2026-07-22T17:45:00+0200,1439.97,MW,DK1,DK_1,actual_solar_generation,Solar,2026-08-04T05:33:58Z
2026-08-04T05:31:07Z,2026-08-04T07:31:07+0200,fe4314c0-08bc-43c1-bc96-38bb7e2cf46d,2026-07-22T16:00:00Z,2026-07-22T18:00:00+0200,1312.95,MW,DK1,DK_1,actual_solar_generation,Solar,2026-08-04T05:33:58Z
2026-08-04T05:31:07Z,2026-08-04T07:31:07+0200,fe4314c0-08bc-43c1-bc96-38bb7e2cf46d,2026-07-22T16:15:00Z,2026-07-22T18:15:00+0200,1233.45,MW,DK1,DK_1,actual_solar_generation,Solar,2026-08-04T05:33:58Z
2026-08-04T05:31:07Z,2026-08-04T07:31:07+0200,fe4314c0-08bc-43c1-bc96-38bb7e2cf46d,2026-07-22T16:30:00Z,2026-07-22T18:30:00+0200,1147.15,MW,DK1,DK_1,actual_solar_generation,Solar,2026-08-04T05:33:58Z
2026-08-04T05:31:07Z,2026-08-04T07:31:07+0200,fe4314c0-08bc-43c1-bc96-38bb7e2cf46d,2026-07-22T16:45:00Z,2026-07-22T18:45:00+0200,992.818,MW,DK1,DK_1,actual_solar_generation,Solar,2026-08-04T05:33:58Z
2026-08-04T05:31:07Z,2026-08-04T07:31:07+0200,fe4314c0-08bc-43c1-bc96-38bb7e2cf46d,2026-07-22T17:00:00Z,2026-07-22T19:00:00+0200,830.366,MW,DK1,DK_1,actual_solar_generation,Solar,2026-08-04T05:33:58Z
2026-08-04T05:31:07Z,2026-08-04T07:31:07+0200,fe4314c0-08bc-43c1-bc96-38bb7e2cf46d,2026-07-22T17:15:00Z,2026-07-22T19:15:00+0200,654.821,MW,DK1,DK_1,actual_solar_generation,Solar,2026-08-04T05:33:58Z
2026-08-04T05:31:07Z,2026-08-04T07:31:07+0200,fe4314c0-08bc-43c1-bc96-38bb7e2cf46d,2026-07-22T17:30:00Z,2026-07-22T19:30:00+0200,512.742,MW,DK1,DK_1,actual_solar_generation,Solar,2026-08-04T05:33:58Z
2026-08-04T05:31:07Z,2026-08-04T07:31:07+0200,fe4314c0-08bc-43c1-bc96-38bb7e2cf46d,2026-07-22T17:45:00Z,2026-07-22T19:45:00+0200,383.936,MW,DK1,DK_1,actual_solar_generation,Solar,2026-08-04T05:33:58Z
2026-08-04T05:31:07Z,2026-08-04T07:31:07+0200,fe4314c0-08bc-43c1-bc96-38bb7e2cf46d,2026-07-22T18:00:00Z,2026-07-22T20:00:00+0200,284.967,MW,DK1,DK_1,actual_solar_generation,Solar,2026-08-04T05:33:58Z
2026-08-04T05:31:07Z,2026-08-04T07:31:07+0200,fe4314c0-08bc-43c1-bc96-38bb7e2cf46d,2026-07-22T18:15:00Z,2026-07-22T20:15:00+0200,202.701,MW,DK1,DK_1,actual_solar_generation,Solar,2026-08-04T05:33:58Z
2026-08-04T05:31:07Z,2026-08-04T07:31:07+0200,fe4314c0-08bc-43c1-bc96-38bb7e2cf46d,2026-07-22T18:30:00Z,2026-07-22T20:30:00+0200,139.645,MW,DK1,DK_1,actual_solar_generation,Solar,2026-08-04T05:33:58Z
2026-08-04T05:31:07Z,2026-08-04T07:31:07+0200,fe4314c0-08bc-43c1-bc96-38bb7e2cf46d,2026-07-22T18:45:00Z,2026-07-22T20:45:00+0200,97.3728,MW,DK1,DK_1,actual_solar_generation,Solar,2026-08-04T05:33:58Z
2026-08-04T05:31:07Z,2026-08-04T07:31:07+0200,fe4314c0-08bc-43c1-bc96-38bb7e2cf46d,2026-07-22T19:00:00Z,2026-07-22T21:00:00+0200,57.2764,MW,DK1,DK_1,actual_solar_generation,Solar,2026-08-04T05:33:58Z
2026-08-04T05:31:07Z,2026-08-04T07:31:07+0200,fe4314c0-08bc-43c1-bc96-38bb7e2cf46d,2026-07-22T19:15:00Z,2026-07-22T21:15:00+0200,30.7114,MW,DK1,DK_1,actual_solar_generation,Solar,2026-08-04T05:33:58Z
2026-08-04T05:31:07Z,2026-08-04T07:31:07+0200,fe4314c0-08bc-43c1-bc96-38bb7e2cf46d,2026-07-22T19:30:00Z,2026-07-22T21:30:00+0200,12.9637,MW,DK1,DK_1,actual_solar_generation,Solar,2026-08-04T05:33:58Z
2026-08-04T05:31:07Z,2026-08-04T07:31:07+0200,fe4314c0-08bc-43c1-bc96-38bb7e2cf46d,2026-07-22T19:45:00Z,2026-07-22T21:45:00+0200,3.38315,MW,DK1,DK_1,actual_solar_generation,Solar,2026-08-04T05:33:58Z
2026-08-04T05:31:07Z,2026-08-04T07:31:07+0200,fe4314c0-08bc-43c1-bc96-38bb7e2cf46d,2026-07-22T20:00:00Z,2026-07-22T22:00:00+0200,0.423575,MW,DK1,DK_1,actual_solar_generation,Solar,2026-08-04T05:33:58Z
2026-08-04T05:31:07Z,2026-08-04T07:31:07+0200,fe4314c0-08bc-43c1-bc96-38bb7e2cf46d,2026-07-22T20:15:00Z,2026-07-22T22:15:00+0200,1.18763,MW,DK1,DK_1,actual_solar_generation,Solar,2026-08-04T05:33:58Z
2026-08-04T05:31:07Z,2026-08-04T07:31:07+0200,fe4314c0-08bc-43c1-bc96-38bb7e2cf46d,2026-07-22T20:30:00Z,2026-07-22T22:30:00+0200,1.48066,MW,DK1,DK_1,actual_solar_generation,Solar,2026-08-04T05:33:58Z
2026-08-04T05:31:07Z,2026-08-04T07:31:07+0200,fe4314c0-08bc-43c1-bc96-38bb7e2cf46d,2026-07-22T20:45:00Z,2026-07-22T22:45:00+0200,0.254694,MW,DK1,DK_1,actual_solar_generation,Solar,2026-08-04T05:33:58Z
2026-08-04T05:31:07Z,2026-08-04T07:31:07+0200,fe4314c0-08bc-43c1-bc96-38bb7e2cf46d,2026-07-22T21:00:00Z,2026-07-22T23:00:00+0200,1.00092,MW,DK1,DK_1,actual_solar_generation,Solar,2026-08-04T05:33:58Z
2026-08-04T05:31:07Z,2026-08-04T07:31:07+0200,fe4314c0-08bc-43c1-bc96-38bb7e2cf46d,2026-07-22T21:15:00Z,2026-07-22T23:15:00+0200,0.429413,MW,DK1,DK_1,actual_solar_generation,Solar,2026-08-04T05:33:58Z
2026-08-04T05:31:07Z,2026-08-04T07:31:07+0200,fe4314c0-08bc-43c1-bc96-38bb7e2cf46d,2026-07-22T21:30:00Z,2026-07-22T23:30:00+0200,1.13013,MW,DK1,DK_1,actual_solar_generation,Solar,2026-08-04T05:33:58Z
2026-08-04T05:31:07Z,2026-08-04T07:31:07+0200,fe4314c0-08bc-43c1-bc96-38bb7e2cf46d,2026-07-22T21:45:00Z,2026-07-22T23:45:00+0200,0.463653,MW,DK1,DK_1,actual_solar_generation,Solar,2026-08-04T05:33:58Z
2026-08-04T05:31:07Z,2026-08-04T07:31:07+0200,fe4314c0-08bc-43c1-bc96-38bb7e2cf46d,2026-07-22T22:00:00Z,2026-07-23T00:00:00+0200,0.007222,MW,DK1,DK_1,actual_solar_generation,Solar,2026-08-04T05:33:58Z
2026-08-04T05:31:07Z,2026-08-04T07:31:07+0200,fe4314c0-08bc-43c1-bc96-38bb7e2cf46d,2026-07-22T22:15:00Z,2026-07-23T00:15:00+0200,0.024456,MW,DK1,DK_1,actual_solar_generation,Solar,2026-08-04T05:33:58Z
2026-08-04T05:31:07Z,2026-08-04T07:31:07+0200,fe4314c0-08bc-43c1-bc96-38bb7e2cf46d,2026-07-22T22:30:00Z,2026-07-23T00:30:00+0200,1.61519,MW,DK1,DK_1,actual_solar_generation,Solar,2026-08-04T05:33:58Z
2026-08-04T05:31:07Z,2026-08-04T07:31:07+0200,fe4314c0-08bc-43c1-bc96-38bb7e2cf46d,2026-07-22T22:45:00Z,2026-07-23T00:45:00+0200,0.633991,MW,DK1,DK_1,actual_solar_generation,Solar,2026-08-04T05:33:58Z
2026-08-04T05:31:07Z,2026-08-04T07:31:07+0200,fe4314c0-08bc-43c1-bc96-38bb7e2cf46d,2026-07-22T23:00:00Z,2026-07-23T01:00:00+0200,0.040173,MW,DK1,DK_1,actual_solar_generation,Solar,2026-08-04T05:33:58Z
2026-08-04T05:31:07Z,2026-08-04T07:31:07+0200,fe4314c0-08bc-43c1-bc96-38bb7e2cf46d,2026-07-22T23:15:00Z,2026-07-23T01:15:00+0200,0.554395,MW,DK1,DK_1,actual_solar_generation,Solar,2026-08-04T05:33:58Z
2026-08-04T05:31:07Z,2026-08-04T07:31:07+0200,fe4314c0-08bc-43c1-bc96-38bb7e2cf46d,2026-07-22T23:30:00Z,2026-07-23T01:30:00+0200,1.25194,MW,DK1,DK_1,actual_solar_generation,Solar,2026-08-04T05:33:58Z
2026-08-04T05:31:07Z,2026-08-04T07:31:07+0200,fe4314c0-08bc-43c1-bc96-38bb7e2cf46d,2026-07-22T23:45:00Z,2026-07-23T01:45:00+0200,1.67627,MW,DK1,DK_1,actual_solar_generation,Solar,2026-08-04T05:33:58Z
2026-08-04T05:31:07Z,2026-08-04T07:31:07+0200,fe4314c0-08bc-43c1-bc96-38bb7e2cf46d,2026-07-23T00:00:00Z,2026-07-23T02:00:00+0200,1.30239,MW,DK1,DK_1,actual_solar_generation,Solar,2026-08-04T05:33:58Z
2026-08-04T05:31:07Z,2026-08-04T07:31:07+0200,fe4314c0-08bc-43c1-bc96-38bb7e2cf46d,2026-07-23T00:15:00Z,2026-07-23T02:15:00+0200,1.72042,MW,DK1,DK_1,actual_solar_generation,Solar,2026-08-04T05:33:58Z
2026-08-04T05:31:07Z,2026-08-04T07:31:07+0200,fe4314c0-08bc-43c1-bc96-38bb7e2cf46d,2026-07-23T00:30:00Z,2026-07-23T02:30:00+0200,0.498668,MW,DK1,DK_1,actual_solar_generation,Solar,2026-08-04T05:33:58Z
2026-08-04T05:31:07Z,2026-08-04T07:31:07+0200,fe4314c0-08bc-43c1-bc96-38bb7e2cf46d,2026-07-23T00:45:00Z,2026-07-23T02:45:00+0200,0.572271,MW,DK1,DK_1,actual_solar_generation,Solar,2026-08-04T05:33:58Z
2026-08-04T05:31:07Z,2026-08-04T07:31:07+0200,fe4314c0-08bc-43c1-bc96-38bb7e2cf46d,2026-07-23T01:00:00Z,2026-07-23T03:00:00+0200,1.21048,MW,DK1,DK_1,actual_solar_generation,Solar,2026-08-04T05:33:58Z
2026-08-04T05:31:07Z,2026-08-04T07:31:07+0200,fe4314c0-08bc-43c1-bc96-38bb7e2cf46d,2026-07-23T01:15:00Z,2026-07-23T03:15:00+0200,0.211487,MW,DK1,DK_1,actual_solar_generation,Solar,2026-08-04T05:33:58Z
2026-08-04T05:31:07Z,2026-08-04T07:31:07+0200,fe4314c0-08bc-43c1-bc96-38bb7e2cf46d,2026-07-23T01:30:00Z,2026-07-23T03:30:00+0200,0.426204,MW,DK1,DK_1,actual_solar_generation,Solar,2026-08-04T05:33:58Z
2026-08-04T05:31:07Z,2026-08-04T07:31:07+0200,fe4314c0-08bc-43c1-bc96-38bb7e2cf46d,2026-07-23T01:45:00Z,2026-07-23T03:45:00+0200,0.012485,MW,DK1,DK_1,actual_solar_generation,Solar,2026-08-04T05:33:58Z
2026-08-04T05:31:07Z,2026-08-04T07:31:07+0200,fe4314c0-08bc-43c1-bc96-38bb7e2cf46d,2026-07-23T02:00:00Z,2026-07-23T04:00:00+0200,0.014183,MW,DK1,DK_1,actual_solar_generation,Solar,2026-08-04T05:33:58Z
2026-08-04T05:31:07Z,2026-08-04T07:31:07+0200,fe4314c0-08bc-43c1-bc96-38bb7e2cf46d,2026-07-23T02:15:00Z,2026-07-23T04:15:00+0200,0.018027,MW,DK1,DK_1,actual_solar_generation,Solar,2026-08-04T05:33:58Z
2026-08-04T05:31:07Z,2026-08-04T07:31:07+0200,fe4314c0-08bc-43c1-bc96-38bb7e2cf46d,2026-07-23T02:30:00Z,2026-07-23T04:30:00+0200,0.024535,MW,DK1,DK_1,actual_solar_generation,Solar,2026-08-04T05:33:58Z
2026-08-04T05:31:07Z,2026-08-04T07:31:07+0200,fe4314c0-08bc-43c1-bc96-38bb7e2cf46d,2026-07-23T02:45:00Z,2026-07-23T04:45:00+0200,0.246766,MW,DK1,DK_1,actual_solar_generation,Solar,2026-08-04T05:33:58Z
2026-08-04T05:31:07Z,2026-08-04T07:31:07+0200,fe4314c0-08bc-43c1-bc96-38bb7e2cf46d,2026-07-23T03:00:00Z,2026-07-23T05:00:00+0200,2.6575,MW,DK1,DK_1,actual_solar_generation,Solar,2026-08-04T05:33:58Z
2026-08-04T05:31:07Z,2026-08-04T07:31:07+0200,fe4314c0-08bc-43c1-bc96-38bb7e2cf46d,2026-07-23T03:15:00Z,2026-07-23T05:15:00+0200,13.7975,MW,DK1,DK_1,actual_solar_generation,Solar,2026-08-04T05:33:58Z
2026-08-04T05:31:07Z,2026-08-04T07:31:07+0200,fe4314c0-08bc-43c1-bc96-38bb7e2cf46d,2026-07-23T03:30:00Z,2026-07-23T05:30:00+0200,33.2081,MW,DK1,DK_1,actual_solar_generation,Solar,2026-08-04T05:33:58Z
2026-08-04T05:31:07Z,2026-08-04T07:31:07+0200,fe4314c0-08bc-43c1-bc96-38bb7e2cf46d,2026-07-23T03:45:00Z,2026-07-23T05:45:00+0200,63.3208,MW,DK1,DK_1,actual_solar_generation,Solar,2026-08-04T05:33:58Z
2026-08-04T05:31:07Z,2026-08-04T07:31:07+0200,fe4314c0-08bc-43c1-bc96-38bb7e2cf46d,2026-07-23T04:00:00Z,2026-07-23T06:00:00+0200,106.819,MW,DK1,DK_1,actual_solar_generation,Solar,2026-08-04T05:33:58Z
2026-08-04T05:31:07Z,2026-08-04T07:31:07+0200,fe4314c0-08bc-43c1-bc96-38bb7e2cf46d,2026-07-23T04:15:00Z,2026-07-23T06:15:00+0200,153.29,MW,DK1,DK_1,actual_solar_generation,Solar,2026-08-04T05:33:58Z
2026-08-04T05:31:07Z,2026-08-04T07:31:07+0200,fe4314c0-08bc-43c1-bc96-38bb7e2cf46d,2026-07-23T04:30:00Z,2026-07-23T06:30:00+0200,205.426,MW,DK1,DK_1,actual_solar_generation,Solar,2026-08-04T05:33:58Z
2026-08-04T05:31:07Z,2026-08-04T07:31:07+0200,fe4314c0-08bc-43c1-bc96-38bb7e2cf46d,2026-07-23T04:45:00Z,2026-07-23T06:45:00+0200,278.272,MW,DK1,DK_1,actual_solar_generation,Solar,2026-08-04T05:33:58Z
2026-08-04T05:31:07Z,2026-08-04T07:31:07+0200,fe4314c0-08bc-43c1-bc96-38bb7e2cf46d,2026-07-23T05:00:00Z,2026-07-23T07:00:00+0200,391.796,MW,DK1,DK_1,actual_solar_generation,Solar,2026-08-04T05:33:58Z
2026-08-04T05:31:07Z,2026-08-04T07:31:07+0200,fe4314c0-08bc-43c1-bc96-38bb7e2cf46d,2026-07-23T05:15:00Z,2026-07-23T07:15:00+0200,512.031,MW,DK1,DK_1,actual_solar_generation,Solar,2026-08-04T05:33:58Z
2026-08-04T05:31:07Z,2026-08-04T07:31:07+0200,fe4314c0-08bc-43c1-bc96-38bb7e2cf46d,2026-07-23T05:30:00Z,2026-07-23T07:30:00+0200,622.962,MW,DK1,DK_1,actual_solar_generation,Solar,2026-08-04T05:33:58Z
2026-08-04T05:31:07Z,2026-08-04T07:31:07+0200,fe4314c0-08bc-43c1-bc96-38bb7e2cf46d,2026-07-23T05:45:00Z,2026-07-23T07:45:00+0200,783.669,MW,DK1,DK_1,actual_solar_generation,Solar,2026-08-04T05:33:58Z
2026-08-04T05:31:07Z,2026-08-04T07:31:07+0200,fe4314c0-08bc-43c1-bc96-38bb7e2cf46d,2026-07-23T06:00:00Z,2026-07-23T08:00:00+0200,976.101,MW,DK1,DK_1,actual_solar_generation,Solar,2026-08-04T05:33:58Z
2026-08-04T05:31:07Z,2026-08-04T07:31:07+0200,fe4314c0-08bc-43c1-bc96-38bb7e2cf46d,2026-07-23T06:15:00Z,2026-07-23T08:15:00+0200,1160.15,MW,DK1,DK_1,actual_solar_generation,Solar,2026-08-04T05:33:58Z
2026-08-04T05:31:07Z,2026-08-04T07:31:07+0200,fe4314c0-08bc-43c1-bc96-38bb7e2cf46d,2026-07-23T06:30:00Z,2026-07-23T08:30:00+0200,1351.56,MW,DK1,DK_1,actual_solar_generation,Solar,2026-08-04T05:33:58Z
2026-08-04T05:31:07Z,2026-08-04T07:31:07+0200,fe4314c0-08bc-43c1-bc96-38bb7e2cf46d,2026-07-23T06:45:00Z,2026-07-23T08:45:00+0200,1513.7,MW,DK1,DK_1,actual_solar_generation,Solar,2026-08-04T05:33:58Z
2026-08-04T05:31:07Z,2026-08-04T07:31:07+0200,fe4314c0-08bc-43c1-bc96-38bb7e2cf46d,2026-07-23T07:00:00Z,2026-07-23T09:00:00+0200,1706.46,MW,DK1,DK_1,actual_solar_generation,Solar,2026-08-04T05:33:58Z
2026-08-04T05:31:07Z,2026-08-04T07:31:07+0200,fe4314c0-08bc-43c1-bc96-38bb7e2cf46d,2026-07-23T07:15:00Z,2026-07-23T09:15:00+0200,1872.05,MW,DK1,DK_1,actual_solar_generation,Solar,2026-08-04T05:33:58Z
2026-08-04T05:31:07Z,2026-08-04T07:31:07+0200,fe4314c0-08bc-43c1-bc96-38bb7e2cf46d,2026-07-23T07:30:00Z,2026-07-23T09:30:00+0200,2016.89,MW,DK1,DK_1,actual_solar_generation,Solar,2026-08-04T05:33:58Z
2026-08-04T05:31:07Z,2026-08-04T07:31:07+0200,fe4314c0-08bc-43c1-bc96-38bb7e2cf46d,2026-07-23T07:45:00Z,2026-07-23T09:45:00+0200,2156.82,MW,DK1,DK_1,actual_solar_generation,Solar,2026-08-04T05:33:58Z
2026-08-04T05:31:07Z,2026-08-04T07:31:07+0200,fe4314c0-08bc-43c1-bc96-38bb7e2cf46d,2026-07-23T08:00:00Z,2026-07-23T10:00:00+0200,2297.88,MW,DK1,DK_1,actual_solar_generation,Solar,2026-08-04T05:33:58Z
2026-08-04T05:31:07Z,2026-08-04T07:31:07+0200,fe4314c0-08bc-43c1-bc96-38bb7e2cf46d,2026-07-23T08:15:00Z,2026-07-23T10:15:00+0200,2431.92,MW,DK1,DK_1,actual_solar_generation,Solar,2026-08-04T05:33:58Z
2026-08-04T05:31:07Z,2026-08-04T07:31:07+0200,fe4314c0-08bc-43c1-bc96-38bb7e2cf46d,2026-07-23T08:30:00Z,2026-07-23T10:30:00+0200,2552.45,MW,DK1,DK_1,actual_solar_generation,Solar,2026-08-04T05:33:58Z
2026-08-04T05:31:07Z,2026-08-04T07:31:07+0200,fe4314c0-08bc-43c1-bc96-38bb7e2cf46d,2026-07-23T08:45:00Z,2026-07-23T10:45:00+0200,2609.34,MW,DK1,DK_1,actual_solar_generation,Solar,2026-08-04T05:33:58Z
2026-08-04T05:31:07Z,2026-08-04T07:31:07+0200,fe4314c0-08bc-43c1-bc96-38bb7e2cf46d,2026-07-23T09:00:00Z,2026-07-23T11:00:00+0200,2701.68,MW,DK1,DK_1,actual_solar_generation,Solar,2026-08-04T05:33:58Z
2026-08-04T05:31:07Z,2026-08-04T07:31:07+0200,fe4314c0-08bc-43c1-bc96-38bb7e2cf46d,2026-07-23T09:15:00Z,2026-07-23T11:15:00+0200,2730.93,MW,DK1,DK_1,actual_solar_generation,Solar,2026-08-04T05:33:58Z
2026-08-04T05:31:07Z,2026-08-04T07:31:07+0200,fe4314c0-08bc-43c1-bc96-38bb7e2cf46d,2026-07-23T09:30:00Z,2026-07-23T11:30:00+0200,2804.08,MW,DK1,DK_1,actual_solar_generation,Solar,2026-08-04T05:33:58Z
2026-08-04T05:31:07Z,2026-08-04T07:31:07+0200,fe4314c0-08bc-43c1-bc96-38bb7e2cf46d,2026-07-23T09:45:00Z,2026-07-23T11:45:00+0200,2864.1,MW,DK1,DK_1,actual_solar_generation,Solar,2026-08-04T05:33:58Z
2026-08-04T05:31:07Z,2026-08-04T07:31:07+0200,fe4314c0-08bc-43c1-bc96-38bb7e2cf46d,2026-07-23T10:00:00Z,2026-07-23T12:00:00+0200,2867.8,MW,DK1,DK_1,actual_solar_generation,Solar,2026-08-04T05:33:58Z
2026-08-04T05:31:07Z,2026-08-04T07:31:07+0200,fe4314c0-08bc-43c1-bc96-38bb7e2cf46d,2026-07-23T10:15:00Z,2026-07-23T12:15:00+0200,2895.84,MW,DK1,DK_1,actual_solar_generation,Solar,2026-08-04T05:33:58Z
2026-08-04T05:31:07Z,2026-08-04T07:31:07+0200,fe4314c0-08bc-43c1-bc96-38bb7e2cf46d,2026-07-23T10:30:00Z,2026-07-23T12:30:00+0200,2888.35,MW,DK1,DK_1,actual_solar_generation,Solar,2026-08-04T05:33:58Z
2026-08-04T05:31:07Z,2026-08-04T07:31:07+0200,fe4314c0-08bc-43c1-bc96-38bb7e2cf46d,2026-07-23T10:45:00Z,2026-07-23T12:45:00+0200,2789.25,MW,DK1,DK_1,actual_solar_generation,Solar,2026-08-04T05:33:58Z
2026-08-04T05:31:07Z,2026-08-04T07:31:07+0200,fe4314c0-08bc-43c1-bc96-38bb7e2cf46d,2026-07-23T11:00:00Z,2026-07-23T13:00:00+0200,2830.01,MW,DK1,DK_1,actual_solar_generation,Solar,2026-08-04T05:33:58Z
2026-08-04T05:31:07Z,2026-08-04T07:31:07+0200,fe4314c0-08bc-43c1-bc96-38bb7e2cf46d,2026-07-23T11:15:00Z,2026-07-23T13:15:00+0200,2759.47,MW,DK1,DK_1,actual_solar_generation,Solar,2026-08-04T05:33:58Z
2026-08-04T05:31:07Z,2026-08-04T07:31:07+0200,fe4314c0-08bc-43c1-bc96-38bb7e2cf46d,2026-07-23T11:30:00Z,2026-07-23T13:30:00+0200,2651.2,MW,DK1,DK_1,actual_solar_generation,Solar,2026-08-04T05:33:58Z
2026-08-04T05:31:07Z,2026-08-04T07:31:07+0200,fe4314c0-08bc-43c1-bc96-38bb7e2cf46d,2026-07-23T11:45:00Z,2026-07-23T13:45:00+0200,2597.24,MW,DK1,DK_1,actual_solar_generation,Solar,2026-08-04T05:33:58Z
2026-08-04T05:31:07Z,2026-08-04T07:31:07+0200,fe4314c0-08bc-43c1-bc96-38bb7e2cf46d,2026-07-23T12:00:00Z,2026-07-23T14:00:00+0200,2608.75,MW,DK1,DK_1,actual_solar_generation,Solar,2026-08-04T05:33:58Z
2026-08-04T05:31:07Z,2026-08-04T07:31:07+0200,fe4314c0-08bc-43c1-bc96-38bb7e2cf46d,2026-07-23T12:15:00Z,2026-07-23T14:15:00+0200,2588.04,MW,DK1,DK_1,actual_solar_generation,Solar,2026-08-04T05:33:58Z
2026-08-04T05:31:07Z,2026-08-04T07:31:07+0200,fe4314c0-08bc-43c1-bc96-38bb7e2cf46d,2026-07-23T12:30:00Z,2026-07-23T14:30:00+0200,2575.61,MW,DK1,DK_1,actual_solar_generation,Solar,2026-08-04T05:33:58Z
2026-08-04T05:31:07Z,2026-08-04T07:31:07+0200,fe4314c0-08bc-43c1-bc96-38bb7e2cf46d,2026-07-23T12:45:00Z,2026-07-23T14:45:00+0200,2483.54,MW,DK1,DK_1,actual_solar_generation,Solar,2026-08-04T05:33:58Z
2026-08-04T05:31:07Z,2026-08-04T07:31:07+0200,fe4314c0-08bc-43c1-bc96-38bb7e2cf46d,2026-07-23T13:00:00Z,2026-07-23T15:00:00+0200,2515.65,MW,DK1,DK_1,actual_solar_generation,Solar,2026-08-04T05:33:58Z
2026-08-04T05:31:07Z,2026-08-04T07:31:07+0200,fe4314c0-08bc-43c1-bc96-38bb7e2cf46d,2026-07-23T13:15:00Z,2026-07-23T15:15:00+0200,2537.43,MW,DK1,DK_1,actual_solar_generation,Solar,2026-08-04T05:33:58Z
2026-08-04T05:31:07Z,2026-08-04T07:31:07+0200,fe4314c0-08bc-43c1-bc96-38bb7e2cf46d,2026-07-23T13:30:00Z,2026-07-23T15:30:00+0200,2442.5,MW,DK1,DK_1,actual_solar_generation,Solar,2026-08-04T05:33:58Z
2026-08-04T05:31:07Z,2026-08-04T07:31:07+0200,fe4314c0-08bc-43c1-bc96-38bb7e2cf46d,2026-07-23T13:45:00Z,2026-07-23T15:45:00+0200,2362.17,MW,DK1,DK_1,actual_solar_generation,Solar,2026-08-04T05:33:58Z
2026-08-04T05:31:07Z,2026-08-04T07:31:07+0200,fe4314c0-08bc-43c1-bc96-38bb7e2cf46d,2026-07-23T14:00:00Z,2026-07-23T16:00:00+0200,2254.71,MW,DK1,DK_1,actual_solar_generation,Solar,2026-08-04T05:33:58Z
2026-08-04T05:31:07Z,2026-08-04T07:31:07+0200,fe4314c0-08bc-43c1-bc96-38bb7e2cf46d,2026-07-23T14:15:00Z,2026-07-23T16:15:00+0200,2179.83,MW,DK1,DK_1,actual_solar_generation,Solar,2026-08-04T05:33:58Z
2026-08-04T05:31:07Z,2026-08-04T07:31:07+0200,fe4314c0-08bc-43c1-bc96-38bb7e2cf46d,2026-07-23T14:30:00Z,2026-07-23T16:30:00+0200,2092.22,MW,DK1,DK_1,actual_solar_generation,Solar,2026-08-04T05:33:58Z
2026-08-04T05:31:07Z,2026-08-04T07:31:07+0200,fe4314c0-08bc-43c1-bc96-38bb7e2cf46d,2026-07-23T14:45:00Z,2026-07-23T16:45:00+0200,1997.4,MW,DK1,DK_1,actual_solar_generation,Solar,2026-08-04T05:33:58Z
2026-08-04T05:31:07Z,2026-08-04T07:31:07+0200,fe4314c0-08bc-43c1-bc96-38bb7e2cf46d,2026-07-23T15:00:00Z,2026-07-23T17:00:00+0200,1949.28,MW,DK1,DK_1,actual_solar_generation,Solar,2026-08-04T05:33:58Z
2026-08-04T05:31:07Z,2026-08-04T07:31:07+0200,fe4314c0-08bc-43c1-bc96-38bb7e2cf46d,2026-07-23T15:15:00Z,2026-07-23T17:15:00+0200,1781.65,MW,DK1,DK_1,actual_solar_generation,Solar,2026-08-04T05:33:58Z
2026-08-04T05:31:07Z,2026-08-04T07:31:07+0200,fe4314c0-08bc-43c1-bc96-38bb7e2cf46d,2026-07-23T15:30:00Z,2026-07-23T17:30:00+0200,1587.69,MW,DK1,DK_1,actual_solar_generation,Solar,2026-08-04T05:33:58Z
2026-08-04T05:31:07Z,2026-08-04T07:31:07+0200,fe4314c0-08bc-43c1-bc96-38bb7e2cf46d,2026-07-23T15:45:00Z,2026-07-23T17:45:00+0200,1426.39,MW,DK1,DK_1,actual_solar_generation,Solar,2026-08-04T05:33:58Z
2026-08-04T05:31:07Z,2026-08-04T07:31:07+0200,fe4314c0-08bc-43c1-bc96-38bb7e2cf46d,2026-07-23T16:00:00Z,2026-07-23T18:00:00+0200,1204.96,MW,DK1,DK_1,actual_solar_generation,Solar,2026-08-04T05:33:58Z
2026-08-04T05:31:07Z,2026-08-04T07:31:07+0200,fe4314c0-08bc-43c1-bc96-38bb7e2cf46d,2026-07-23T16:15:00Z,2026-07-23T18:15:00+0200,1045.37,MW,DK1,DK_1,actual_solar_generation,Solar,2026-08-04T05:33:58Z
2026-08-04T05:31:07Z,2026-08-04T07:31:07+0200,fe4314c0-08bc-43c1-bc96-38bb7e2cf46d,2026-07-23T16:30:00Z,2026-07-23T18:30:00+0200,856.07,MW,DK1,DK_1,actual_solar_generation,Solar,2026-08-04T05:33:58Z
2026-08-04T05:31:07Z,2026-08-04T07:31:07+0200,fe4314c0-08bc-43c1-bc96-38bb7e2cf46d,2026-07-23T16:45:00Z,2026-07-23T18:45:00+0200,719.46,MW,DK1,DK_1,actual_solar_generation,Solar,2026-08-04T05:33:58Z
2026-08-04T05:31:07Z,2026-08-04T07:31:07+0200,fe4314c0-08bc-43c1-bc96-38bb7e2cf46d,2026-07-23T17:00:00Z,2026-07-23T19:00:00+0200,578.49,MW,DK1,DK_1,actual_solar_generation,Solar,2026-08-04T05:33:58Z
2026-08-04T05:31:07Z,2026-08-04T07:31:07+0200,fe4314c0-08bc-43c1-bc96-38bb7e2cf46d,2026-07-23T17:15:00Z,2026-07-23T19:15:00+0200,435.115,MW,DK1,DK_1,actual_solar_generation,Solar,2026-08-04T05:33:58Z
2026-08-04T05:31:07Z,2026-08-04T07:31:07+0200,fe4314c0-08bc-43c1-bc96-38bb7e2cf46d,2026-07-23T17:30:00Z,2026-07-23T19:30:00+0200,334.897,MW,DK1,DK_1,actual_solar_generation,Solar,2026-08-04T05:33:58Z
2026-08-04T05:31:07Z,2026-08-04T07:31:07+0200,fe4314c0-08bc-43c1-bc96-38bb7e2cf46d,2026-07-23T17:45:00Z,2026-07-23T19:45:00+0200,239.312,MW,DK1,DK_1,actual_solar_generation,Solar,2026-08-04T05:33:58Z
2026-08-04T05:31:07Z,2026-08-04T07:31:07+0200,fe4314c0-08bc-43c1-bc96-38bb7e2cf46d,2026-07-23T18:00:00Z,2026-07-23T20:00:00+0200,177.056,MW,DK1,DK_1,actual_solar_generation,Solar,2026-08-04T05:33:58Z
2026-08-04T05:31:07Z,2026-08-04T07:31:07+0200,fe4314c0-08bc-43c1-bc96-38bb7e2cf46d,2026-07-23T18:15:00Z,2026-07-23T20:15:00+0200,134.687,MW,DK1,DK_1,actual_solar_generation,Solar,2026-08-04T05:33:58Z
2026-08-04T05:31:07Z,2026-08-04T07:31:07+0200,fe4314c0-08bc-43c1-bc96-38bb7e2cf46d,2026-07-23T18:30:00Z,2026-07-23T20:30:00+0200,101.876,MW,DK1,DK_1,actual_solar_generation,Solar,2026-08-04T05:33:58Z
2026-08-04T05:31:07Z,2026-08-04T07:31:07+0200,fe4314c0-08bc-43c1-bc96-38bb7e2cf46d,2026-07-23T18:45:00Z,2026-07-23T20:45:00+0200,74.8089,MW,DK1,DK_1,actual_solar_generation,Solar,2026-08-04T05:33:58Z
2026-08-04T05:31:07Z,2026-08-04T07:31:07+0200,fe4314c0-08bc-43c1-bc96-38bb7e2cf46d,2026-07-23T19:00:00Z,2026-07-23T21:00:00+0200,47.8208,MW,DK1,DK_1,actual_solar_generation,Solar,2026-08-04T05:33:58Z
2026-08-04T05:31:07Z,2026-08-04T07:31:07+0200,fe4314c0-08bc-43c1-bc96-38bb7e2cf46d,2026-07-23T19:15:00Z,2026-07-23T21:15:00+0200,22.3227,MW,DK1,DK_1,actual_solar_generation,Solar,2026-08-04T05:33:58Z
2026-08-04T05:31:07Z,2026-08-04T07:31:07+0200,fe4314c0-08bc-43c1-bc96-38bb7e2cf46d,2026-07-23T19:30:00Z,2026-07-23T21:30:00+0200,6.70675,MW,DK1,DK_1,actual_solar_generation,Solar,2026-08-04T05:33:58Z
2026-08-04T05:31:07Z,2026-08-04T07:31:07+0200,fe4314c0-08bc-43c1-bc96-38bb7e2cf46d,2026-07-23T19:45:00Z,2026-07-23T21:45:00+0200,2.07575,MW,DK1,DK_1,actual_solar_generation,Solar,2026-08-04T05:33:58Z
2026-08-04T05:31:07Z,2026-08-04T07:31:07+0200,fe4314c0-08bc-43c1-bc96-38bb7e2cf46d,2026-07-23T20:00:00Z,2026-07-23T22:00:00+0200,2.15489,MW,DK1,DK_1,actual_solar_generation,Solar,2026-08-04T05:33:58Z
2026-08-04T05:31:07Z,2026-08-04T07:31:07+0200,fe4314c0-08bc-43c1-bc96-38bb7e2cf46d,2026-07-23T20:15:00Z,2026-07-23T22:15:00+0200,2.44334,MW,DK1,DK_1,actual_solar_generation,Solar,2026-08-04T05:33:58Z
2026-08-04T05:31:07Z,2026-08-04T07:31:07+0200,fe4314c0-08bc-43c1-bc96-38bb7e2cf46d,2026-07-23T20:30:00Z,2026-07-23T22:30:00+0200,1.474,MW,DK1,DK_1,actual_solar_generation,Solar,2026-08-04T05:33:58Z
2026-08-04T05:31:07Z,2026-08-04T07:31:07+0200,fe4314c0-08bc-43c1-bc96-38bb7e2cf46d,2026-07-23T20:45:00Z,2026-07-23T22:45:00+0200,2.57789,MW,DK1,DK_1,actual_solar_generation,Solar,2026-08-04T05:33:58Z
2026-08-04T05:31:07Z,2026-08-04T07:31:07+0200,fe4314c0-08bc-43c1-bc96-38bb7e2cf46d,2026-07-23T21:00:00Z,2026-07-23T23:00:00+0200,2.53716,MW,DK1,DK_1,actual_solar_generation,Solar,2026-08-04T05:33:58Z
2026-08-04T05:31:07Z,2026-08-04T07:31:07+0200,fe4314c0-08bc-43c1-bc96-38bb7e2cf46d,2026-07-23T21:15:00Z,2026-07-23T23:15:00+0200,3.30168,MW,DK1,DK_1,actual_solar_generation,Solar,2026-08-04T05:33:58Z
2026-08-04T05:31:07Z,2026-08-04T07:31:07+0200,fe4314c0-08bc-43c1-bc96-38bb7e2cf46d,2026-07-23T21:30:00Z,2026-07-23T23:30:00+0200,1.45758,MW,DK1,DK_1,actual_solar_generation,Solar,2026-08-04T05:33:58Z
2026-08-04T05:31:07Z,2026-08-04T07:31:07+0200,fe4314c0-08bc-43c1-bc96-38bb7e2cf46d,2026-07-23T21:45:00Z,2026-07-23T23:45:00+0200,1.47412,MW,DK1,DK_1,actual_solar_generation,Solar,2026-08-04T05:33:58Z
2026-08-04T05:31:07Z,2026-08-04T07:31:07+0200,fe4314c0-08bc-43c1-bc96-38bb7e2cf46d,2026-07-23T22:00:00Z,2026-07-24T00:00:00+0200,1.09061,MW,DK1,DK_1,actual_solar_generation,Solar,2026-08-04T05:33:58Z
2026-08-04T05:31:07Z,2026-08-04T07:31:07+0200,fe4314c0-08bc-43c1-bc96-38bb7e2cf46d,2026-07-23T22:15:00Z,2026-07-24T00:15:00+0200,1.50557,MW,DK1,DK_1,actual_solar_generation,Solar,2026-08-04T05:33:58Z
2026-08-04T05:31:07Z,2026-08-04T07:31:07+0200,fe4314c0-08bc-43c1-bc96-38bb7e2cf46d,2026-07-23T22:30:00Z,2026-07-24T00:30:00+0200,1.76989,MW,DK1,DK_1,actual_solar_generation,Solar,2026-08-04T05:33:58Z
2026-08-04T05:31:07Z,2026-08-04T07:31:07+0200,fe4314c0-08bc-43c1-bc96-38bb7e2cf46d,2026-07-23T22:45:00Z,2026-07-24T00:45:00+0200,2.00135,MW,DK1,DK_1,actual_solar_generation,Solar,2026-08-04T05:33:58Z
2026-08-04T05:31:07Z,2026-08-04T07:31:07+0200,fe4314c0-08bc-43c1-bc96-38bb7e2cf46d,2026-07-23T23:00:00Z,2026-07-24T01:00:00+0200,2.56987,MW,DK1,DK_1,actual_solar_generation,Solar,2026-08-04T05:33:58Z
2026-08-04T05:31:07Z,2026-08-04T07:31:07+0200,fe4314c0-08bc-43c1-bc96-38bb7e2cf46d,2026-07-23T23:15:00Z,2026-07-24T01:15:00+0200,2.78502,MW,DK1,DK_1,actual_solar_generation,Solar,2026-08-04T05:33:58Z
2026-08-04T05:31:07Z,2026-08-04T07:31:07+0200,fe4314c0-08bc-43c1-bc96-38bb7e2cf46d,2026-07-23T23:30:00Z,2026-07-24T01:30:00+0200,3.09131,MW,DK1,DK_1,actual_solar_generation,Solar,2026-08-04T05:33:58Z
2026-08-04T05:31:07Z,2026-08-04T07:31:07+0200,fe4314c0-08bc-43c1-bc96-38bb7e2cf46d,2026-07-23T23:45:00Z,2026-07-24T01:45:00+0200,2.83056,MW,DK1,DK_1,actual_solar_generation,Solar,2026-08-04T05:33:58Z
2026-08-04T05:31:07Z,2026-08-04T07:31:07+0200,fe4314c0-08bc-43c1-bc96-38bb7e2cf46d,2026-07-24T00:00:00Z,2026-07-24T02:00:00+0200,2.08204,MW,DK1,DK_1,actual_solar_generation,Solar,2026-08-04T05:33:58Z
2026-08-04T05:31:07Z,2026-08-04T07:31:07+0200,fe4314c0-08bc-43c1-bc96-38bb7e2cf46d,2026-07-24T00:15:00Z,2026-07-24T02:15:00+0200,2.30225,MW,DK1,DK_1,actual_solar_generation,Solar,2026-08-04T05:33:58Z
2026-08-04T05:31:07Z,2026-08-04T07:31:07+0200,fe4314c0-08bc-43c1-bc96-38bb7e2cf46d,2026-07-24T00:30:00Z,2026-07-24T02:30:00+0200,4.14499,MW,DK1,DK_1,actual_solar_generation,Solar,2026-08-04T05:33:58Z
2026-08-04T05:31:07Z,2026-08-04T07:31:07+0200,fe4314c0-08bc-43c1-bc96-38bb7e2cf46d,2026-07-24T00:45:00Z,2026-07-24T02:45:00+0200,4.01363,MW,DK1,DK_1,actual_solar_generation,Solar,2026-08-04T05:33:58Z
2026-08-04T05:31:07Z,2026-08-04T07:31:07+0200,fe4314c0-08bc-43c1-bc96-38bb7e2cf46d,2026-07-24T01:00:00Z,2026-07-24T03:00:00+0200,4.38604,MW,DK1,DK_1,actual_solar_generation,Solar,2026-08-04T05:33:58Z
2026-08-04T05:31:07Z,2026-08-04T07:31:07+0200,fe4314c0-08bc-43c1-bc96-38bb7e2cf46d,2026-07-24T01:15:00Z,2026-07-24T03:15:00+0200,2.00353,MW,DK1,DK_1,actual_solar_generation,Solar,2026-08-04T05:33:58Z
2026-08-04T05:31:07Z,2026-08-04T07:31:07+0200,fe4314c0-08bc-43c1-bc96-38bb7e2cf46d,2026-07-24T01:30:00Z,2026-07-24T03:30:00+0200,2.4389,MW,DK1,DK_1,actual_solar_generation,Solar,2026-08-04T05:33:58Z
2026-08-04T05:31:07Z,2026-08-04T07:31:07+0200,fe4314c0-08bc-43c1-bc96-38bb7e2cf46d,2026-07-24T01:45:00Z,2026-07-24T03:45:00+0200,3.63383,MW,DK1,DK_1,actual_solar_generation,Solar,2026-08-04T05:33:58Z
2026-08-04T05:31:07Z,2026-08-04T07:31:07+0200,fe4314c0-08bc-43c1-bc96-38bb7e2cf46d,2026-07-24T02:00:00Z,2026-07-24T04:00:00+0200,1.47627,MW,DK1,DK_1,actual_solar_generation,Solar,2026-08-04T05:33:58Z
2026-08-04T05:31:07Z,2026-08-04T07:31:07+0200,fe4314c0-08bc-43c1-bc96-38bb7e2cf46d,2026-07-24T02:15:00Z,2026-07-24T04:15:00+0200,1.98792,MW,DK1,DK_1,actual_solar_generation,Solar,2026-08-04T05:33:58Z
2026-08-04T05:31:07Z,2026-08-04T07:31:07+0200,fe4314c0-08bc-43c1-bc96-38bb7e2cf46d,2026-07-24T02:30:00Z,2026-07-24T04:30:00+0200,1.48658,MW,DK1,DK_1,actual_solar_generation,Solar,2026-08-04T05:33:58Z
2026-08-04T05:31:07Z,2026-08-04T07:31:07+0200,fe4314c0-08bc-43c1-bc96-38bb7e2cf46d,2026-07-24T02:45:00Z,2026-07-24T04:45:00+0200,1.32294,MW,DK1,DK_1,actual_solar_generation,Solar,2026-08-04T05:33:58Z
2026-08-04T05:31:07Z,2026-08-04T07:31:07+0200,fe4314c0-08bc-43c1-bc96-38bb7e2cf46d,2026-07-24T03:00:00Z,2026-07-24T05:00:00+0200,1.72868,MW,DK1,DK_1,actual_solar_generation,Solar,2026-08-04T05:33:58Z
2026-08-04T05:31:07Z,2026-08-04T07:31:07+0200,fe4314c0-08bc-43c1-bc96-38bb7e2cf46d,2026-07-24T03:15:00Z,2026-07-24T05:15:00+0200,5.86427,MW,DK1,DK_1,actual_solar_generation,Solar,2026-08-04T05:33:58Z
2026-08-04T05:31:07Z,2026-08-04T07:31:07+0200,fe4314c0-08bc-43c1-bc96-38bb7e2cf46d,2026-07-24T03:30:00Z,2026-07-24T05:30:00+0200,17.3772,MW,DK1,DK_1,actual_solar_generation,Solar,2026-08-04T05:33:58Z
2026-08-04T05:31:07Z,2026-08-04T07:31:07+0200,fe4314c0-08bc-43c1-bc96-38bb7e2cf46d,2026-07-24T03:45:00Z,2026-07-24T05:45:00+0200,33.156,MW,DK1,DK_1,actual_solar_generation,Solar,2026-08-04T05:33:58Z
2026-08-04T05:31:07Z,2026-08-04T07:31:07+0200,fe4314c0-08bc-43c1-bc96-38bb7e2cf46d,2026-07-24T04:00:00Z,2026-07-24T06:00:00+0200,57.1911,MW,DK1,DK_1,actual_solar_generation,Solar,2026-08-04T05:33:58Z
2026-08-04T05:31:07Z,2026-08-04T07:31:07+0200,fe4314c0-08bc-43c1-bc96-38bb7e2cf46d,2026-07-24T04:15:00Z,2026-07-24T06:15:00+0200,86.3347,MW,DK1,DK_1,actual_solar_generation,Solar,2026-08-04T05:33:58Z
2026-08-04T05:31:07Z,2026-08-04T07:31:07+0200,fe4314c0-08bc-43c1-bc96-38bb7e2cf46d,2026-07-24T04:30:00Z,2026-07-24T06:30:00+0200,120.593,MW,DK1,DK_1,actual_solar_generation,Solar,2026-08-04T05:33:58Z
2026-08-04T05:31:07Z,2026-08-04T07:31:07+0200,fe4314c0-08bc-43c1-bc96-38bb7e2cf46d,2026-07-24T04:45:00Z,2026-07-24T06:45:00+0200,165.883,MW,DK1,DK_1,actual_solar_generation,Solar,2026-08-04T05:33:58Z
2026-08-04T05:31:07Z,2026-08-04T07:31:07+0200,fe4314c0-08bc-43c1-bc96-38bb7e2cf46d,2026-07-24T05:00:00Z,2026-07-24T07:00:00+0200,227.063,MW,DK1,DK_1,actual_solar_generation,Solar,2026-08-04T05:33:58Z
2026-08-04T05:31:07Z,2026-08-04T07:31:07+0200,fe4314c0-08bc-43c1-bc96-38bb7e2cf46d,2026-07-24T05:15:00Z,2026-07-24T07:15:00+0200,265.702,MW,DK1,DK_1,actual_solar_generation,Solar,2026-08-04T05:33:58Z
2026-08-04T05:31:07Z,2026-08-04T07:31:07+0200,fe4314c0-08bc-43c1-bc96-38bb7e2cf46d,2026-07-24T05:30:00Z,2026-07-24T07:30:00+0200,305.129,MW,DK1,DK_1,actual_solar_generation,Solar,2026-08-04T05:33:58Z
2026-08-04T05:31:07Z,2026-08-04T07:31:07+0200,fe4314c0-08bc-43c1-bc96-38bb7e2cf46d,2026-07-24T05:45:00Z,2026-07-24T07:45:00+0200,368.385,MW,DK1,DK_1,actual_solar_generation,Solar,2026-08-04T05:33:58Z
2026-08-04T05:31:07Z,2026-08-04T07:31:07+0200,fe4314c0-08bc-43c1-bc96-38bb7e2cf46d,2026-07-24T06:00:00Z,2026-07-24T08:00:00+0200,424.359,MW,DK1,DK_1,actual_solar_generation,Solar,2026-08-04T05:33:58Z
2026-08-04T05:31:07Z,2026-08-04T07:31:07+0200,fe4314c0-08bc-43c1-bc96-38bb7e2cf46d,2026-07-24T06:15:00Z,2026-07-24T08:15:00+0200,491.005,MW,DK1,DK_1,actual_solar_generation,Solar,2026-08-04T05:33:58Z
2026-08-04T05:31:07Z,2026-08-04T07:31:07+0200,fe4314c0-08bc-43c1-bc96-38bb7e2cf46d,2026-07-24T06:30:00Z,2026-07-24T08:30:00+0200,557.084,MW,DK1,DK_1,actual_solar_generation,Solar,2026-08-04T05:33:58Z
2026-08-04T05:31:07Z,2026-08-04T07:31:07+0200,fe4314c0-08bc-43c1-bc96-38bb7e2cf46d,2026-07-24T06:45:00Z,2026-07-24T08:45:00+0200,640.907,MW,DK1,DK_1,actual_solar_generation,Solar,2026-08-04T05:33:58Z
2026-08-04T05:31:07Z,2026-08-04T07:31:07+0200,fe4314c0-08bc-43c1-bc96-38bb7e2cf46d,2026-07-24T07:00:00Z,2026-07-24T09:00:00+0200,691.262,MW,DK1,DK_1,actual_solar_generation,Solar,2026-08-04T05:33:58Z
2026-08-04T05:31:07Z,2026-08-04T07:31:07+0200,fe4314c0-08bc-43c1-bc96-38bb7e2cf46d,2026-07-24T07:15:00Z,2026-07-24T09:15:00+0200,765.651,MW,DK1,DK_1,actual_solar_generation,Solar,2026-08-04T05:33:58Z
2026-08-04T05:31:07Z,2026-08-04T07:31:07+0200,fe4314c0-08bc-43c1-bc96-38bb7e2cf46d,2026-07-24T07:30:00Z,2026-07-24T09:30:00+0200,815.356,MW,DK1,DK_1,actual_solar_generation,Solar,2026-08-04T05:33:58Z
2026-08-04T05:31:07Z,2026-08-04T07:31:07+0200,fe4314c0-08bc-43c1-bc96-38bb7e2cf46d,2026-07-24T07:45:00Z,2026-07-24T09:45:00+0200,870.325,MW,DK1,DK_1,actual_solar_generation,Solar,2026-08-04T05:33:58Z
2026-08-04T05:31:07Z,2026-08-04T07:31:07+0200,fe4314c0-08bc-43c1-bc96-38bb7e2cf46d,2026-07-24T08:00:00Z,2026-07-24T10:00:00+0200,919.855,MW,DK1,DK_1,actual_solar_generation,Solar,2026-08-04T05:33:58Z
2026-08-04T05:31:07Z,2026-08-04T07:31:07+0200,fe4314c0-08bc-43c1-bc96-38bb7e2cf46d,2026-07-24T08:15:00Z,2026-07-24T10:15:00+0200,975.896,MW,DK1,DK_1,actual_solar_generation,Solar,2026-08-04T05:33:58Z
2026-08-04T05:31:07Z,2026-08-04T07:31:07+0200,fe4314c0-08bc-43c1-bc96-38bb7e2cf46d,2026-07-24T08:30:00Z,2026-07-24T10:30:00+0200,996.263,MW,DK1,DK_1,actual_solar_generation,Solar,2026-08-04T05:33:58Z
2026-08-04T05:31:07Z,2026-08-04T07:31:07+0200,fe4314c0-08bc-43c1-bc96-38bb7e2cf46d,2026-07-24T08:45:00Z,2026-07-24T10:45:00+0200,1021.76,MW,DK1,DK_1,actual_solar_generation,Solar,2026-08-04T05:33:58Z
2026-08-04T05:31:07Z,2026-08-04T07:31:07+0200,fe4314c0-08bc-43c1-bc96-38bb7e2cf46d,2026-07-24T09:00:00Z,2026-07-24T11:00:00+0200,1075.9,MW,DK1,DK_1,actual_solar_generation,Solar,2026-08-04T05:33:58Z
2026-08-04T05:31:07Z,2026-08-04T07:31:07+0200,fe4314c0-08bc-43c1-bc96-38bb7e2cf46d,2026-07-24T09:15:00Z,2026-07-24T11:15:00+0200,1131.18,MW,DK1,DK_1,actual_solar_generation,Solar,2026-08-04T05:33:58Z
2026-08-04T05:31:07Z,2026-08-04T07:31:07+0200,fe4314c0-08bc-43c1-bc96-38bb7e2cf46d,2026-07-24T09:30:00Z,2026-07-24T11:30:00+0200,1196.55,MW,DK1,DK_1,actual_solar_generation,Solar,2026-08-04T05:33:58Z
2026-08-04T05:31:07Z,2026-08-04T07:31:07+0200,fe4314c0-08bc-43c1-bc96-38bb7e2cf46d,2026-07-24T09:45:00Z,2026-07-24T11:45:00+0200,1205.71,MW,DK1,DK_1,actual_solar_generation,Solar,2026-08-04T05:33:58Z
2026-08-04T05:31:07Z,2026-08-04T07:31:07+0200,fe4314c0-08bc-43c1-bc96-38bb7e2cf46d,2026-07-24T10:00:00Z,2026-07-24T12:00:00+0200,1242.28,MW,DK1,DK_1,actual_solar_generation,Solar,2026-08-04T05:33:58Z
2026-08-04T05:31:07Z,2026-08-04T07:31:07+0200,fe4314c0-08bc-43c1-bc96-38bb7e2cf46d,2026-07-24T10:15:00Z,2026-07-24T12:15:00+0200,1256.41,MW,DK1,DK_1,actual_solar_generation,Solar,2026-08-04T05:33:58Z
2026-08-04T05:31:07Z,2026-08-04T07:31:07+0200,fe4314c0-08bc-43c1-bc96-38bb7e2cf46d,2026-07-24T10:30:00Z,2026-07-24T12:30:00+0200,1258.56,MW,DK1,DK_1,actual_solar_generation,Solar,2026-08-04T05:33:58Z
2026-08-04T05:31:07Z,2026-08-04T07:31:07+0200,fe4314c0-08bc-43c1-bc96-38bb7e2cf46d,2026-07-24T10:45:00Z,2026-07-24T12:45:00+0200,1229.14,MW,DK1,DK_1,actual_solar_generation,Solar,2026-08-04T05:33:58Z
2026-08-04T05:31:07Z,2026-08-04T07:31:07+0200,fe4314c0-08bc-43c1-bc96-38bb7e2cf46d,2026-07-24T11:00:00Z,2026-07-24T13:00:00+0200,1186.55,MW,DK1,DK_1,actual_solar_generation,Solar,2026-08-04T05:33:58Z
2026-08-04T05:31:07Z,2026-08-04T07:31:07+0200,fe4314c0-08bc-43c1-bc96-38bb7e2cf46d,2026-07-24T11:15:00Z,2026-07-24T13:15:00+0200,1175.54,MW,DK1,DK_1,actual_solar_generation,Solar,2026-08-04T05:33:58Z
2026-08-04T05:31:07Z,2026-08-04T07:31:07+0200,fe4314c0-08bc-43c1-bc96-38bb7e2cf46d,2026-07-24T11:30:00Z,2026-07-24T13:30:00+0200,1172.71,MW,DK1,DK_1,actual_solar_generation,Solar,2026-08-04T05:33:58Z
2026-08-04T05:31:07Z,2026-08-04T07:31:07+0200,fe4314c0-08bc-43c1-bc96-38bb7e2cf46d,2026-07-24T11:45:00Z,2026-07-24T13:45:00+0200,1236.78,MW,DK1,DK_1,actual_solar_generation,Solar,2026-08-04T05:33:58Z
2026-08-04T05:31:07Z,2026-08-04T07:31:07+0200,fe4314c0-08bc-43c1-bc96-38bb7e2cf46d,2026-07-24T12:00:00Z,2026-07-24T14:00:00+0200,1093.57,MW,DK1,DK_1,actual_solar_generation,Solar,2026-08-04T05:33:58Z
2026-08-04T05:31:07Z,2026-08-04T07:31:07+0200,fe4314c0-08bc-43c1-bc96-38bb7e2cf46d,2026-07-24T12:15:00Z,2026-07-24T14:15:00+0200,1269.54,MW,DK1,DK_1,actual_solar_generation,Solar,2026-08-04T05:33:58Z
2026-08-04T05:31:07Z,2026-08-04T07:31:07+0200,fe4314c0-08bc-43c1-bc96-38bb7e2cf46d,2026-07-24T12:30:00Z,2026-07-24T14:30:00+0200,1317.39,MW,DK1,DK_1,actual_solar_generation,Solar,2026-08-04T05:33:58Z
2026-08-04T05:31:07Z,2026-08-04T07:31:07+0200,fe4314c0-08bc-43c1-bc96-38bb7e2cf46d,2026-07-24T12:45:00Z,2026-07-24T14:45:00+0200,1321.14,MW,DK1,DK_1,actual_solar_generation,Solar,2026-08-04T05:33:58Z
2026-08-04T05:31:07Z,2026-08-04T07:31:07+0200,fe4314c0-08bc-43c1-bc96-38bb7e2cf46d,2026-07-24T13:00:00Z,2026-07-24T15:00:00+0200,1450.93,MW,DK1,DK_1,actual_solar_generation,Solar,2026-08-04T05:33:58Z
2026-08-04T05:31:07Z,2026-08-04T07:31:07+0200,fe4314c0-08bc-43c1-bc96-38bb7e2cf46d,2026-07-24T13:15:00Z,2026-07-24T15:15:00+0200,1478.51,MW,DK1,DK_1,actual_solar_generation,Solar,2026-08-04T05:33:58Z
2026-08-04T05:31:07Z,2026-08-04T07:31:07+0200,fe4314c0-08bc-43c1-bc96-38bb7e2cf46d,2026-07-24T13:30:00Z,2026-07-24T15:30:00+0200,1463.38,MW,DK1,DK_1,actual_solar_generation,Solar,2026-08-04T05:33:58Z
2026-08-04T05:31:07Z,2026-08-04T07:31:07+0200,fe4314c0-08bc-43c1-bc96-38bb7e2cf46d,2026-07-24T13:45:00Z,2026-07-24T15:45:00+0200,1472.58,MW,DK1,DK_1,actual_solar_generation,Solar,2026-08-04T05:33:58Z
2026-08-04T05:31:07Z,2026-08-04T07:31:07+0200,fe4314c0-08bc-43c1-bc96-38bb7e2cf46d,2026-07-24T14:00:00Z,2026-07-24T16:00:00+0200,1345.72,MW,DK1,DK_1,actual_solar_generation,Solar,2026-08-04T05:33:58Z
2026-08-04T05:31:07Z,2026-08-04T07:31:07+0200,fe4314c0-08bc-43c1-bc96-38bb7e2cf46d,2026-07-24T14:15:00Z,2026-07-24T16:15:00+0200,1231.29,MW,DK1,DK_1,actual_solar_generation,Solar,2026-08-04T05:33:58Z
2026-08-04T05:31:07Z,2026-08-04T07:31:07+0200,fe4314c0-08bc-43c1-bc96-38bb7e2cf46d,2026-07-24T14:30:00Z,2026-07-24T16:30:00+0200,1265.15,MW,DK1,DK_1,actual_solar_generation,Solar,2026-08-04T05:33:58Z
2026-08-04T05:31:07Z,2026-08-04T07:31:07+0200,fe4314c0-08bc-43c1-bc96-38bb7e2cf46d,2026-07-24T14:45:00Z,2026-07-24T16:45:00+0200,1162.69,MW,DK1,DK_1,actual_solar_generation,Solar,2026-08-04T05:33:58Z
2026-08-04T05:31:07Z,2026-08-04T07:31:07+0200,fe4314c0-08bc-43c1-bc96-38bb7e2cf46d,2026-07-24T15:00:00Z,2026-07-24T17:00:00+0200,1060.0,MW,DK1,DK_1,actual_solar_generation,Solar,2026-08-04T05:33:58Z
2026-08-04T05:31:07Z,2026-08-04T07:31:07+0200,fe4314c0-08bc-43c1-bc96-38bb7e2cf46d,2026-07-24T15:15:00Z,2026-07-24T17:15:00+0200,936.098,MW,DK1,DK_1,actual_solar_generation,Solar,2026-08-04T05:33:58Z
2026-08-04T05:31:07Z,2026-08-04T07:31:07+0200,fe4314c0-08bc-43c1-bc96-38bb7e2cf46d,2026-07-24T15:30:00Z,2026-07-24T17:30:00+0200,815.23,MW,DK1,DK_1,actual_solar_generation,Solar,2026-08-04T05:33:58Z
2026-08-04T05:31:07Z,2026-08-04T07:31:07+0200,fe4314c0-08bc-43c1-bc96-38bb7e2cf46d,2026-07-24T15:45:00Z,2026-07-24T17:45:00+0200,715.774,MW,DK1,DK_1,actual_solar_generation,Solar,2026-08-04T05:33:58Z
2026-08-04T05:31:07Z,2026-08-04T07:31:07+0200,fe4314c0-08bc-43c1-bc96-38bb7e2cf46d,2026-07-24T16:00:00Z,2026-07-24T18:00:00+0200,600.8,MW,DK1,DK_1,actual_solar_generation,Solar,2026-08-04T05:33:58Z
2026-08-04T05:31:07Z,2026-08-04T07:31:07+0200,fe4314c0-08bc-43c1-bc96-38bb7e2cf46d,2026-07-24T16:15:00Z,2026-07-24T18:15:00+0200,489.094,MW,DK1,DK_1,actual_solar_generation,Solar,2026-08-04T05:33:58Z
2026-08-04T05:31:07Z,2026-08-04T07:31:07+0200,fe4314c0-08bc-43c1-bc96-38bb7e2cf46d,2026-07-24T16:30:00Z,2026-07-24T18:30:00+0200,434.236,MW,DK1,DK_1,actual_solar_generation,Solar,2026-08-04T05:33:58Z
2026-08-04T05:31:07Z,2026-08-04T07:31:07+0200,fe4314c0-08bc-43c1-bc96-38bb7e2cf46d,2026-07-24T16:45:00Z,2026-07-24T18:45:00+0200,365.519,MW,DK1,DK_1,actual_solar_generation,Solar,2026-08-04T05:33:58Z
2026-08-04T05:31:07Z,2026-08-04T07:31:07+0200,fe4314c0-08bc-43c1-bc96-38bb7e2cf46d,2026-07-24T17:00:00Z,2026-07-24T19:00:00+0200,322.161,MW,DK1,DK_1,actual_solar_generation,Solar,2026-08-04T05:33:58Z
2026-08-04T05:31:07Z,2026-08-04T07:31:07+0200,fe4314c0-08bc-43c1-bc96-38bb7e2cf46d,2026-07-24T17:15:00Z,2026-07-24T19:15:00+0200,264.45,MW,DK1,DK_1,actual_solar_generation,Solar,2026-08-04T05:33:58Z
2026-08-04T05:31:07Z,2026-08-04T07:31:07+0200,fe4314c0-08bc-43c1-bc96-38bb7e2cf46d,2026-07-24T17:30:00Z,2026-07-24T19:30:00+0200,207.49,MW,DK1,DK_1,actual_solar_generation,Solar,2026-08-04T05:33:58Z
2026-08-04T05:31:07Z,2026-08-04T07:31:07+0200,fe4314c0-08bc-43c1-bc96-38bb7e2cf46d,2026-07-24T17:45:00Z,2026-07-24T19:45:00+0200,170.791,MW,DK1,DK_1,actual_solar_generation,Solar,2026-08-04T05:33:58Z
2026-08-04T05:31:07Z,2026-08-04T07:31:07+0200,fe4314c0-08bc-43c1-bc96-38bb7e2cf46d,2026-07-24T18:00:00Z,2026-07-24T20:00:00+0200,139.839,MW,DK1,DK_1,actual_solar_generation,Solar,2026-08-04T05:33:58Z
2026-08-04T05:31:07Z,2026-08-04T07:31:07+0200,fe4314c0-08bc-43c1-bc96-38bb7e2cf46d,2026-07-24T18:15:00Z,2026-07-24T20:15:00+0200,104.6,MW,DK1,DK_1,actual_solar_generation,Solar,2026-08-04T05:33:58Z
2026-08-04T05:31:07Z,2026-08-04T07:31:07+0200,fe4314c0-08bc-43c1-bc96-38bb7e2cf46d,2026-07-24T18:30:00Z,2026-07-24T20:30:00+0200,72.1641,MW,DK1,DK_1,actual_solar_generation,Solar,2026-08-04T05:33:58Z
2026-08-04T05:31:07Z,2026-08-04T07:31:07+0200,fe4314c0-08bc-43c1-bc96-38bb7e2cf46d,2026-07-24T18:45:00Z,2026-07-24T20:45:00+0200,50.5563,MW,DK1,DK_1,actual_solar_generation,Solar,2026-08-04T05:33:58Z
2026-08-04T05:31:07Z,2026-08-04T07:31:07+0200,fe4314c0-08bc-43c1-bc96-38bb7e2cf46d,2026-07-24T19:00:00Z,2026-07-24T21:00:00+0200,32.3753,MW,DK1,DK_1,actual_solar_generation,Solar,2026-08-04T05:33:58Z
2026-08-04T05:31:07Z,2026-08-04T07:31:07+0200,fe4314c0-08bc-43c1-bc96-38bb7e2cf46d,2026-07-24T19:15:00Z,2026-07-24T21:15:00+0200,16.0451,MW,DK1,DK_1,actual_solar_generation,Solar,2026-08-04T05:33:58Z
2026-08-04T05:31:07Z,2026-08-04T07:31:07+0200,fe4314c0-08bc-43c1-bc96-38bb7e2cf46d,2026-07-24T19:30:00Z,2026-07-24T21:30:00+0200,3.71106,MW,DK1,DK_1,actual_solar_generation,Solar,2026-08-04T05:33:58Z
2026-08-04T05:31:07Z,2026-08-04T07:31:07+0200,fe4314c0-08bc-43c1-bc96-38bb7e2cf46d,2026-07-24T19:45:00Z,2026-07-24T21:45:00+0200,0.092929,MW,DK1,DK_1,actual_solar_generation,Solar,2026-08-04T05:33:58Z
2026-08-04T05:31:07Z,2026-08-04T07:31:07+0200,fe4314c0-08bc-43c1-bc96-38bb7e2cf46d,2026-07-24T20:00:00Z,2026-07-24T22:00:00+0200,0.267603,MW,DK1,DK_1,actual_solar_generation,Solar,2026-08-04T05:33:58Z
2026-08-04T05:31:07Z,2026-08-04T07:31:07+0200,fe4314c0-08bc-43c1-bc96-38bb7e2cf46d,2026-07-24T20:15:00Z,2026-07-24T22:15:00+0200,0.438123,MW,DK1,DK_1,actual_solar_generation,Solar,2026-08-04T05:33:58Z
2026-08-04T05:31:07Z,2026-08-04T07:31:07+0200,fe4314c0-08bc-43c1-bc96-38bb7e2cf46d,2026-07-24T20:30:00Z,2026-07-24T22:30:00+0200,0.803629,MW,DK1,DK_1,actual_solar_generation,Solar,2026-08-04T05:33:58Z
2026-08-04T05:31:07Z,2026-08-04T07:31:07+0200,fe4314c0-08bc-43c1-bc96-38bb7e2cf46d,2026-07-24T20:45:00Z,2026-07-24T22:45:00+0200,0.856927,MW,DK1,DK_1,actual_solar_generation,Solar,2026-08-04T05:33:58Z
2026-08-04T05:31:07Z,2026-08-04T07:31:07+0200,fe4314c0-08bc-43c1-bc96-38bb7e2cf46d,2026-07-24T21:00:00Z,2026-07-24T23:00:00+0200,1.56602,MW,DK1,DK_1,actual_solar_generation,Solar,2026-08-04T05:33:58Z
2026-08-04T05:31:07Z,2026-08-04T07:31:07+0200,fe4314c0-08bc-43c1-bc96-38bb7e2cf46d,2026-07-24T21:15:00Z,2026-07-24T23:15:00+0200,1.53545,MW,DK1,DK_1,actual_solar_generation,Solar,2026-08-04T05:33:58Z
2026-08-04T05:31:07Z,2026-08-04T07:31:07+0200,fe4314c0-08bc-43c1-bc96-38bb7e2cf46d,2026-07-24T21:30:00Z,2026-07-24T23:30:00+0200,0.922519,MW,DK1,DK_1,actual_solar_generation,Solar,2026-08-04T05:33:58Z
2026-08-04T05:31:07Z,2026-08-04T07:31:07+0200,fe4314c0-08bc-43c1-bc96-38bb7e2cf46d,2026-07-24T21:45:00Z,2026-07-24T23:45:00+0200,0.499701,MW,DK1,DK_1,actual_solar_generation,Solar,2026-08-04T05:33:58Z
2026-08-04T05:31:07Z,2026-08-04T07:31:07+0200,fe4314c0-08bc-43c1-bc96-38bb7e2cf46d,2026-07-24T22:00:00Z,2026-07-25T00:00:00+0200,1.19789,MW,DK1,DK_1,actual_solar_generation,Solar,2026-08-04T05:33:58Z
2026-08-04T05:31:07Z,2026-08-04T07:31:07+0200,fe4314c0-08bc-43c1-bc96-38bb7e2cf46d,2026-07-24T22:15:00Z,2026-07-25T00:15:00+0200,0.898509,MW,DK1,DK_1,actual_solar_generation,Solar,2026-08-04T05:33:58Z
2026-08-04T05:31:07Z,2026-08-04T07:31:07+0200,fe4314c0-08bc-43c1-bc96-38bb7e2cf46d,2026-07-24T22:30:00Z,2026-07-25T00:30:00+0200,0.928722,MW,DK1,DK_1,actual_solar_generation,Solar,2026-08-04T05:33:58Z
2026-08-04T05:31:07Z,2026-08-04T07:31:07+0200,fe4314c0-08bc-43c1-bc96-38bb7e2cf46d,2026-07-24T22:45:00Z,2026-07-25T00:45:00+0200,1.00066,MW,DK1,DK_1,actual_solar_generation,Solar,2026-08-04T05:33:58Z
2026-08-04T05:31:07Z,2026-08-04T07:31:07+0200,fe4314c0-08bc-43c1-bc96-38bb7e2cf46d,2026-07-24T23:30:00Z,2026-07-25T01:30:00+0200,1.10077,MW,DK1,DK_1,actual_solar_generation,Solar,2026-08-04T05:33:58Z
2026-08-04T05:31:07Z,2026-08-04T07:31:07+0200,fe4314c0-08bc-43c1-bc96-38bb7e2cf46d,2026-07-24T23:45:00Z,2026-07-25T01:45:00+0200,1.99167,MW,DK1,DK_1,actual_solar_generation,Solar,2026-08-04T05:33:58Z
2026-08-04T05:31:07Z,2026-08-04T07:31:07+0200,fe4314c0-08bc-43c1-bc96-38bb7e2cf46d,2026-07-25T00:00:00Z,2026-07-25T02:00:00+0200,3.03386,MW,DK1,DK_1,actual_solar_generation,Solar,2026-08-04T05:33:58Z
2026-08-04T05:31:07Z,2026-08-04T07:31:07+0200,fe4314c0-08bc-43c1-bc96-38bb7e2cf46d,2026-07-25T00:15:00Z,2026-07-25T02:15:00+0200,2.52799,MW,DK1,DK_1,actual_solar_generation,Solar,2026-08-04T05:33:58Z
2026-08-04T05:31:07Z,2026-08-04T07:31:07+0200,fe4314c0-08bc-43c1-bc96-38bb7e2cf46d,2026-07-25T00:30:00Z,2026-07-25T02:30:00+0200,1.70124,MW,DK1,DK_1,actual_solar_generation,Solar,2026-08-04T05:33:58Z
2026-08-04T05:31:07Z,2026-08-04T07:31:07+0200,fe4314c0-08bc-43c1-bc96-38bb7e2cf46d,2026-07-25T00:45:00Z,2026-07-25T02:45:00+0200,2.37434,MW,DK1,DK_1,actual_solar_generation,Solar,2026-08-04T05:33:58Z
2026-08-04T05:31:07Z,2026-08-04T07:31:07+0200,fe4314c0-08bc-43c1-bc96-38bb7e2cf46d,2026-07-25T01:00:00Z,2026-07-25T03:00:00+0200,0.172768,MW,DK1,DK_1,actual_solar_generation,Solar,2026-08-04T05:33:58Z
2026-08-04T05:31:07Z,2026-08-04T07:31:07+0200,fe4314c0-08bc-43c1-bc96-38bb7e2cf46d,2026-07-25T01:15:00Z,2026-07-25T03:15:00+0200,2.39982,MW,DK1,DK_1,actual_solar_generation,Solar,2026-08-04T05:33:58Z
2026-08-04T05:31:07Z,2026-08-04T07:31:07+0200,fe4314c0-08bc-43c1-bc96-38bb7e2cf46d,2026-07-25T01:30:00Z,2026-07-25T03:30:00+0200,4.00932,MW,DK1,DK_1,actual_solar_generation,Solar,2026-08-04T05:33:58Z
2026-08-04T05:31:07Z,2026-08-04T07:31:07+0200,fe4314c0-08bc-43c1-bc96-38bb7e2cf46d,2026-07-25T01:45:00Z,2026-07-25T03:45:00+0200,5.25267,MW,DK1,DK_1,actual_solar_generation,Solar,2026-08-04T05:33:58Z
2026-08-04T05:31:07Z,2026-08-04T07:31:07+0200,fe4314c0-08bc-43c1-bc96-38bb7e2cf46d,2026-07-25T02:00:00Z,2026-07-25T04:00:00+0200,4.30515,MW,DK1,DK_1,actual_solar_generation,Solar,2026-08-04T05:33:58Z
2026-08-04T05:31:07Z,2026-08-04T07:31:07+0200,fe4314c0-08bc-43c1-bc96-38bb7e2cf46d,2026-07-25T02:15:00Z,2026-07-25T04:15:00+0200,3.58946,MW,DK1,DK_1,actual_solar_generation,Solar,2026-08-04T05:33:58Z
2026-08-04T05:31:07Z,2026-08-04T07:31:07+0200,fe4314c0-08bc-43c1-bc96-38bb7e2cf46d,2026-07-25T02:30:00Z,2026-07-25T04:30:00+0200,4.22305,MW,DK1,DK_1,actual_solar_generation,Solar,2026-08-04T05:33:58Z
2026-08-04T05:31:07Z,2026-08-04T07:31:07+0200,fe4314c0-08bc-43c1-bc96-38bb7e2cf46d,2026-07-25T02:45:00Z,2026-07-25T04:45:00+0200,3.67913,MW,DK1,DK_1,actual_solar_generation,Solar,2026-08-04T05:33:58Z
2026-08-04T05:31:07Z,2026-08-04T07:31:07+0200,fe4314c0-08bc-43c1-bc96-38bb7e2cf46d,2026-07-25T03:00:00Z,2026-07-25T05:00:00+0200,5.00619,MW,DK1,DK_1,actual_solar_generation,Solar,2026-08-04T05:33:58Z
2026-08-04T05:31:07Z,2026-08-04T07:31:07+0200,fe4314c0-08bc-43c1-bc96-38bb7e2cf46d,2026-07-25T03:15:00Z,2026-07-25T05:15:00+0200,9.43671,MW,DK1,DK_1,actual_solar_generation,Solar,2026-08-04T05:33:58Z
2026-08-04T05:31:07Z,2026-08-04T07:31:07+0200,fe4314c0-08bc-43c1-bc96-38bb7e2cf46d,2026-07-25T03:30:00Z,2026-07-25T05:30:00+0200,19.6551,MW,DK1,DK_1,actual_solar_generation,Solar,2026-08-04T05:33:58Z
2026-08-04T05:31:07Z,2026-08-04T07:31:07+0200,fe4314c0-08bc-43c1-bc96-38bb7e2cf46d,2026-07-25T03:45:00Z,2026-07-25T05:45:00+0200,32.9181,MW,DK1,DK_1,actual_solar_generation,Solar,2026-08-04T05:33:58Z
2026-08-04T05:31:07Z,2026-08-04T07:31:07+0200,fe4314c0-08bc-43c1-bc96-38bb7e2cf46d,2026-07-25T04:00:00Z,2026-07-25T06:00:00+0200,54.6526,MW,DK1,DK_1,actual_solar_generation,Solar,2026-08-04T05:33:58Z
2026-08-04T05:31:07Z,2026-08-04T07:31:07+0200,fe4314c0-08bc-43c1-bc96-38bb7e2cf46d,2026-07-25T04:15:00Z,2026-07-25T06:15:00+0200,86.1468,MW,DK1,DK_1,actual_solar_generation,Solar,2026-08-04T05:33:58Z
2026-08-04T05:31:07Z,2026-08-04T07:31:07+0200,fe4314c0-08bc-43c1-bc96-38bb7e2cf46d,2026-07-25T04:30:00Z,2026-07-25T06:30:00+0200,127.658,MW,DK1,DK_1,actual_solar_generation,Solar,2026-08-04T05:33:58Z
2026-08-04T05:31:07Z,2026-08-04T07:31:07+0200,fe4314c0-08bc-43c1-bc96-38bb7e2cf46d,2026-07-25T04:45:00Z,2026-07-25T06:45:00+0200,181.352,MW,DK1,DK_1,actual_solar_generation,Solar,2026-08-04T05:33:58Z
2026-08-04T05:31:07Z,2026-08-04T07:31:07+0200,fe4314c0-08bc-43c1-bc96-38bb7e2cf46d,2026-07-25T05:00:00Z,2026-07-25T07:00:00+0200,236.309,MW,DK1,DK_1,actual_solar_generation,Solar,2026-08-04T05:33:58Z
2026-08-04T05:31:07Z,2026-08-04T07:31:07+0200,fe4314c0-08bc-43c1-bc96-38bb7e2cf46d,2026-07-25T05:15:00Z,2026-07-25T07:15:00+0200,293.804,MW,DK1,DK_1,actual_solar_generation,Solar,2026-08-04T05:33:58Z
2026-08-04T05:31:07Z,2026-08-04T07:31:07+0200,fe4314c0-08bc-43c1-bc96-38bb7e2cf46d,2026-07-25T05:30:00Z,2026-07-25T07:30:00+0200,351.547,MW,DK1,DK_1,actual_solar_generation,Solar,2026-08-04T05:33:58Z
2026-08-04T05:31:07Z,2026-08-04T07:31:07+0200,fe4314c0-08bc-43c1-bc96-38bb7e2cf46d,2026-07-25T05:45:00Z,2026-07-25T07:45:00+0200,403.721,MW,DK1,DK_1,actual_solar_generation,Solar,2026-08-04T05:33:58Z
2026-08-04T05:31:07Z,2026-08-04T07:31:07+0200,fe4314c0-08bc-43c1-bc96-38bb7e2cf46d,2026-07-25T06:00:00Z,2026-07-25T08:00:00+0200,510.87,MW,DK1,DK_1,actual_solar_generation,Solar,2026-08-04T05:33:58Z
2026-08-04T05:31:07Z,2026-08-04T07:31:07+0200,fe4314c0-08bc-43c1-bc96-38bb7e2cf46d,2026-07-25T06:15:00Z,2026-07-25T08:15:00+0200,568.647,MW,DK1,DK_1,actual_solar_generation,Solar,2026-08-04T05:33:58Z
2026-08-04T05:31:07Z,2026-08-04T07:31:07+0200,fe4314c0-08bc-43c1-bc96-38bb7e2cf46d,2026-07-25T06:30:00Z,2026-07-25T08:30:00+0200,633.574,MW,DK1,DK_1,actual_solar_generation,Solar,2026-08-04T05:33:58Z
2026-08-04T05:31:07Z,2026-08-04T07:31:07+0200,fe4314c0-08bc-43c1-bc96-38bb7e2cf46d,2026-07-25T06:45:00Z,2026-07-25T08:45:00+0200,680.297,MW,DK1,DK_1,actual_solar_generation,Solar,2026-08-04T05:33:58Z
2026-08-04T05:31:07Z,2026-08-04T07:31:07+0200,fe4314c0-08bc-43c1-bc96-38bb7e2cf46d,2026-07-25T07:00:00Z,2026-07-25T09:00:00+0200,696.97,MW,DK1,DK_1,actual_solar_generation,Solar,2026-08-04T05:33:58Z
2026-08-04T05:31:07Z,2026-08-04T07:31:07+0200,fe4314c0-08bc-43c1-bc96-38bb7e2cf46d,2026-07-25T07:15:00Z,2026-07-25T09:15:00+0200,815.509,MW,DK1,DK_1,actual_solar_generation,Solar,2026-08-04T05:33:58Z
2026-08-04T05:31:07Z,2026-08-04T07:31:07+0200,fe4314c0-08bc-43c1-bc96-38bb7e2cf46d,2026-07-25T07:30:00Z,2026-07-25T09:30:00+0200,715.387,MW,DK1,DK_1,actual_solar_generation,Solar,2026-08-04T05:33:58Z
2026-08-04T05:31:07Z,2026-08-04T07:31:07+0200,fe4314c0-08bc-43c1-bc96-38bb7e2cf46d,2026-07-25T07:45:00Z,2026-07-25T09:45:00+0200,679.641,MW,DK1,DK_1,actual_solar_generation,Solar,2026-08-04T05:33:58Z
2026-08-04T05:31:07Z,2026-08-04T07:31:07+0200,fe4314c0-08bc-43c1-bc96-38bb7e2cf46d,2026-07-25T08:00:00Z,2026-07-25T10:00:00+0200,652.755,MW,DK1,DK_1,actual_solar_generation,Solar,2026-08-04T05:33:58Z
2026-08-04T05:31:07Z,2026-08-04T07:31:07+0200,fe4314c0-08bc-43c1-bc96-38bb7e2cf46d,2026-07-25T08:15:00Z,2026-07-25T10:15:00+0200,543.658,MW,DK1,DK_1,actual_solar_generation,Solar,2026-08-04T05:33:58Z
2026-08-04T05:31:07Z,2026-08-04T07:31:07+0200,fe4314c0-08bc-43c1-bc96-38bb7e2cf46d,2026-07-25T08:30:00Z,2026-07-25T10:30:00+0200,533.553,MW,DK1,DK_1,actual_solar_generation,Solar,2026-08-04T05:33:58Z
2026-08-04T05:31:07Z,2026-08-04T07:31:07+0200,fe4314c0-08bc-43c1-bc96-38bb7e2cf46d,2026-07-25T08:45:00Z,2026-07-25T10:45:00+0200,542.424,MW,DK1,DK_1,actual_solar_generation,Solar,2026-08-04T05:33:58Z
2026-08-04T05:31:07Z,2026-08-04T07:31:07+0200,fe4314c0-08bc-43c1-bc96-38bb7e2cf46d,2026-07-25T09:00:00Z,2026-07-25T11:00:00+0200,686.228,MW,DK1,DK_1,actual_solar_generation,Solar,2026-08-04T05:33:58Z
2026-08-04T05:31:07Z,2026-08-04T07:31:07+0200,fe4314c0-08bc-43c1-bc96-38bb7e2cf46d,2026-07-25T09:15:00Z,2026-07-25T11:15:00+0200,503.676,MW,DK1,DK_1,actual_solar_generation,Solar,2026-08-04T05:33:58Z
2026-08-04T05:31:07Z,2026-08-04T07:31:07+0200,fe4314c0-08bc-43c1-bc96-38bb7e2cf46d,2026-07-25T09:30:00Z,2026-07-25T11:30:00+0200,496.172,MW,DK1,DK_1,actual_solar_generation,Solar,2026-08-04T05:33:58Z
2026-08-04T05:31:07Z,2026-08-04T07:31:07+0200,fe4314c0-08bc-43c1-bc96-38bb7e2cf46d,2026-07-25T09:45:00Z,2026-07-25T11:45:00+0200,505.61,MW,DK1,DK_1,actual_solar_generation,Solar,2026-08-04T05:33:58Z
2026-08-04T05:31:07Z,2026-08-04T07:31:07+0200,fe4314c0-08bc-43c1-bc96-38bb7e2cf46d,2026-07-25T10:00:00Z,2026-07-25T12:00:00+0200,566.894,MW,DK1,DK_1,actual_solar_generation,Solar,2026-08-04T05:33:58Z
2026-08-04T05:31:07Z,2026-08-04T07:31:07+0200,fe4314c0-08bc-43c1-bc96-38bb7e2cf46d,2026-07-25T10:15:00Z,2026-07-25T12:15:00+0200,499.667,MW,DK1,DK_1,actual_solar_generation,Solar,2026-08-04T05:33:58Z
2026-08-04T05:31:07Z,2026-08-04T07:31:07+0200,fe4314c0-08bc-43c1-bc96-38bb7e2cf46d,2026-07-25T10:30:00Z,2026-07-25T12:30:00+0200,508.602,MW,DK1,DK_1,actual_solar_generation,Solar,2026-08-04T05:33:58Z
2026-08-04T05:31:07Z,2026-08-04T07:31:07+0200,fe4314c0-08bc-43c1-bc96-38bb7e2cf46d,2026-07-25T10:45:00Z,2026-07-25T12:45:00+0200,512.183,MW,DK1,DK_1,actual_solar_generation,Solar,2026-08-04T05:33:58Z
2026-08-04T05:31:07Z,2026-08-04T07:31:07+0200,fe4314c0-08bc-43c1-bc96-38bb7e2cf46d,2026-07-25T11:00:00Z,2026-07-25T13:00:00+0200,472.752,MW,DK1,DK_1,actual_solar_generation,Solar,2026-08-04T05:33:58Z
2026-08-04T05:31:07Z,2026-08-04T07:31:07+0200,fe4314c0-08bc-43c1-bc96-38bb7e2cf46d,2026-07-25T11:15:00Z,2026-07-25T13:15:00+0200,457.112,MW,DK1,DK_1,actual_solar_generation,Solar,2026-08-04T05:33:58Z
2026-08-04T05:31:07Z,2026-08-04T07:31:07+0200,fe4314c0-08bc-43c1-bc96-38bb7e2cf46d,2026-07-25T11:30:00Z,2026-07-25T13:30:00+0200,455.833,MW,DK1,DK_1,actual_solar_generation,Solar,2026-08-04T05:33:58Z
2026-08-04T05:31:07Z,2026-08-04T07:31:07+0200,fe4314c0-08bc-43c1-bc96-38bb7e2cf46d,2026-07-25T11:45:00Z,2026-07-25T13:45:00+0200,470.426,MW,DK1,DK_1,actual_solar_generation,Solar,2026-08-04T05:33:58Z
2026-08-04T05:31:07Z,2026-08-04T07:31:07+0200,fe4314c0-08bc-43c1-bc96-38bb7e2cf46d,2026-07-25T12:00:00Z,2026-07-25T14:00:00+0200,453.342,MW,DK1,DK_1,actual_solar_generation,Solar,2026-08-04T05:33:58Z
2026-08-04T05:31:07Z,2026-08-04T07:31:07+0200,fe4314c0-08bc-43c1-bc96-38bb7e2cf46d,2026-07-25T12:15:00Z,2026-07-25T14:15:00+0200,409.924,MW,DK1,DK_1,actual_solar_generation,Solar,2026-08-04T05:33:58Z
2026-08-04T05:31:07Z,2026-08-04T07:31:07+0200,fe4314c0-08bc-43c1-bc96-38bb7e2cf46d,2026-07-25T12:30:00Z,2026-07-25T14:30:00+0200,389.955,MW,DK1,DK_1,actual_solar_generation,Solar,2026-08-04T05:33:58Z
2026-08-04T05:31:07Z,2026-08-04T07:31:07+0200,fe4314c0-08bc-43c1-bc96-38bb7e2cf46d,2026-07-25T12:45:00Z,2026-07-25T14:45:00+0200,367.274,MW,DK1,DK_1,actual_solar_generation,Solar,2026-08-04T05:33:58Z
2026-08-04T05:31:07Z,2026-08-04T07:31:07+0200,fe4314c0-08bc-43c1-bc96-38bb7e2cf46d,2026-07-25T13:00:00Z,2026-07-25T15:00:00+0200,366.829,MW,DK1,DK_1,actual_solar_generation,Solar,2026-08-04T05:33:58Z
2026-08-04T05:31:07Z,2026-08-04T07:31:07+0200,fe4314c0-08bc-43c1-bc96-38bb7e2cf46d,2026-07-25T13:15:00Z,2026-07-25T15:15:00+0200,393.565,MW,DK1,DK_1,actual_solar_generation,Solar,2026-08-04T05:33:58Z
2026-08-04T05:31:07Z,2026-08-04T07:31:07+0200,fe4314c0-08bc-43c1-bc96-38bb7e2cf46d,2026-07-25T13:30:00Z,2026-07-25T15:30:00+0200,367.899,MW,DK1,DK_1,actual_solar_generation,Solar,2026-08-04T05:33:58Z
2026-08-04T05:31:07Z,2026-08-04T07:31:07+0200,fe4314c0-08bc-43c1-bc96-38bb7e2cf46d,2026-07-25T13:45:00Z,2026-07-25T15:45:00+0200,346.834,MW,DK1,DK_1,actual_solar_generation,Solar,2026-08-04T05:33:58Z
2026-08-04T05:31:07Z,2026-08-04T07:31:07+0200,fe4314c0-08bc-43c1-bc96-38bb7e2cf46d,2026-07-25T14:00:00Z,2026-07-25T16:00:00+0200,308.232,MW,DK1,DK_1,actual_solar_generation,Solar,2026-08-04T05:33:58Z
2026-08-04T05:31:07Z,2026-08-04T07:31:07+0200,fe4314c0-08bc-43c1-bc96-38bb7e2cf46d,2026-07-25T14:15:00Z,2026-07-25T16:15:00+0200,338.818,MW,DK1,DK_1,actual_solar_generation,Solar,2026-08-04T05:33:58Z
2026-08-04T05:31:07Z,2026-08-04T07:31:07+0200,fe4314c0-08bc-43c1-bc96-38bb7e2cf46d,2026-07-25T14:30:00Z,2026-07-25T16:30:00+0200,370.052,MW,DK1,DK_1,actual_solar_generation,Solar,2026-08-04T05:33:58Z
2026-08-04T05:31:07Z,2026-08-04T07:31:07+0200,fe4314c0-08bc-43c1-bc96-38bb7e2cf46d,2026-07-25T14:45:00Z,2026-07-25T16:45:00+0200,346.173,MW,DK1,DK_1,actual_solar_generation,Solar,2026-08-04T05:33:58Z
2026-08-04T05:31:07Z,2026-08-04T07:31:07+0200,fe4314c0-08bc-43c1-bc96-38bb7e2cf46d,2026-07-25T15:00:00Z,2026-07-25T17:00:00+0200,336.855,MW,DK1,DK_1,actual_solar_generation,Solar,2026-08-04T05:33:58Z
2026-08-04T05:31:07Z,2026-08-04T07:31:07+0200,fe4314c0-08bc-43c1-bc96-38bb7e2cf46d,2026-07-25T15:15:00Z,2026-07-25T17:15:00+0200,430.513,MW,DK1,DK_1,actual_solar_generation,Solar,2026-08-04T05:33:58Z
2026-08-04T05:31:07Z,2026-08-04T07:31:07+0200,fe4314c0-08bc-43c1-bc96-38bb7e2cf46d,2026-07-25T15:30:00Z,2026-07-25T17:30:00+0200,446.452,MW,DK1,DK_1,actual_solar_generation,Solar,2026-08-04T05:33:58Z
2026-08-04T05:31:07Z,2026-08-04T07:31:07+0200,fe4314c0-08bc-43c1-bc96-38bb7e2cf46d,2026-07-25T15:45:00Z,2026-07-25T17:45:00+0200,430.825,MW,DK1,DK_1,actual_solar_generation,Solar,2026-08-04T05:33:58Z
2026-08-04T05:31:07Z,2026-08-04T07:31:07+0200,fe4314c0-08bc-43c1-bc96-38bb7e2cf46d,2026-07-25T16:00:00Z,2026-07-25T18:00:00+0200,407.417,MW,DK1,DK_1,actual_solar_generation,Solar,2026-08-04T05:33:58Z
2026-08-04T05:31:07Z,2026-08-04T07:31:07+0200,fe4314c0-08bc-43c1-bc96-38bb7e2cf46d,2026-07-25T16:15:00Z,2026-07-25T18:15:00+0200,474.179,MW,DK1,DK_1,actual_solar_generation,Solar,2026-08-04T05:33:58Z
2026-08-04T05:31:07Z,2026-08-04T07:31:07+0200,fe4314c0-08bc-43c1-bc96-38bb7e2cf46d,2026-07-25T16:30:00Z,2026-07-25T18:30:00+0200,367.793,MW,DK1,DK_1,actual_solar_generation,Solar,2026-08-04T05:33:58Z
2026-08-04T05:31:07Z,2026-08-04T07:31:07+0200,fe4314c0-08bc-43c1-bc96-38bb7e2cf46d,2026-07-25T16:45:00Z,2026-07-25T18:45:00+0200,312.275,MW,DK1,DK_1,actual_solar_generation,Solar,2026-08-04T05:33:58Z
2026-08-04T05:31:07Z,2026-08-04T07:31:07+0200,fe4314c0-08bc-43c1-bc96-38bb7e2cf46d,2026-07-25T17:00:00Z,2026-07-25T19:00:00+0200,258.637,MW,DK1,DK_1,actual_solar_generation,Solar,2026-08-04T05:33:58Z
2026-08-04T05:31:07Z,2026-08-04T07:31:07+0200,fe4314c0-08bc-43c1-bc96-38bb7e2cf46d,2026-07-25T17:15:00Z,2026-07-25T19:15:00+0200,191.62,MW,DK1,DK_1,actual_solar_generation,Solar,2026-08-04T05:33:58Z
2026-08-04T05:31:07Z,2026-08-04T07:31:07+0200,fe4314c0-08bc-43c1-bc96-38bb7e2cf46d,2026-07-25T17:30:00Z,2026-07-25T19:30:00+0200,168.99,MW,DK1,DK_1,actual_solar_generation,Solar,2026-08-04T05:33:58Z
2026-08-04T05:31:07Z,2026-08-04T07:31:07+0200,fe4314c0-08bc-43c1-bc96-38bb7e2cf46d,2026-07-25T17:45:00Z,2026-07-25T19:45:00+0200,144.502,MW,DK1,DK_1,actual_solar_generation,Solar,2026-08-04T05:33:58Z
2026-08-04T05:31:07Z,2026-08-04T07:31:07+0200,fe4314c0-08bc-43c1-bc96-38bb7e2cf46d,2026-07-25T18:00:00Z,2026-07-25T20:00:00+0200,110.491,MW,DK1,DK_1,actual_solar_generation,Solar,2026-08-04T05:33:58Z
2026-08-04T05:31:07Z,2026-08-04T07:31:07+0200,fe4314c0-08bc-43c1-bc96-38bb7e2cf46d,2026-07-25T18:15:00Z,2026-07-25T20:15:00+0200,92.8016,MW,DK1,DK_1,actual_solar_generation,Solar,2026-08-04T05:33:58Z
2026-08-04T05:31:07Z,2026-08-04T07:31:07+0200,fe4314c0-08bc-43c1-bc96-38bb7e2cf46d,2026-07-25T18:30:00Z,2026-07-25T20:30:00+0200,73.1307,MW,DK1,DK_1,actual_solar_generation,Solar,2026-08-04T05:33:58Z
2026-08-04T05:31:07Z,2026-08-04T07:31:07+0200,fe4314c0-08bc-43c1-bc96-38bb7e2cf46d,2026-07-25T18:45:00Z,2026-07-25T20:45:00+0200,47.8746,MW,DK1,DK_1,actual_solar_generation,Solar,2026-08-04T05:33:58Z
2026-08-04T05:31:07Z,2026-08-04T07:31:07+0200,fe4314c0-08bc-43c1-bc96-38bb7e2cf46d,2026-07-25T19:00:00Z,2026-07-25T21:00:00+0200,26.0874,MW,DK1,DK_1,actual_solar_generation,Solar,2026-08-04T05:33:58Z
2026-08-04T05:31:07Z,2026-08-04T07:31:07+0200,fe4314c0-08bc-43c1-bc96-38bb7e2cf46d,2026-07-25T19:15:00Z,2026-07-25T21:15:00+0200,17.9683,MW,DK1,DK_1,actual_solar_generation,Solar,2026-08-04T05:33:58Z
2026-08-04T05:31:07Z,2026-08-04T07:31:07+0200,fe4314c0-08bc-43c1-bc96-38bb7e2cf46d,2026-07-25T19:30:00Z,2026-07-25T21:30:00+0200,8.64554,MW,DK1,DK_1,actual_solar_generation,Solar,2026-08-04T05:33:58Z
2026-08-04T05:31:07Z,2026-08-04T07:31:07+0200,fe4314c0-08bc-43c1-bc96-38bb7e2cf46d,2026-07-25T19:45:00Z,2026-07-25T21:45:00+0200,4.1115,MW,DK1,DK_1,actual_solar_generation,Solar,2026-08-04T05:33:58Z
2026-08-04T05:31:07Z,2026-08-04T07:31:07+0200,fe4314c0-08bc-43c1-bc96-38bb7e2cf46d,2026-07-25T20:00:00Z,2026-07-25T22:00:00+0200,4.96597,MW,DK1,DK_1,actual_solar_generation,Solar,2026-08-04T05:33:58Z
2026-08-04T05:31:07Z,2026-08-04T07:31:07+0200,fe4314c0-08bc-43c1-bc96-38bb7e2cf46d,2026-07-25T20:15:00Z,2026-07-25T22:15:00+0200,3.45968,MW,DK1,DK_1,actual_solar_generation,Solar,2026-08-04T05:33:58Z
2026-08-04T05:31:07Z,2026-08-04T07:31:07+0200,fe4314c0-08bc-43c1-bc96-38bb7e2cf46d,2026-07-25T20:30:00Z,2026-07-25T22:30:00+0200,2.718,MW,DK1,DK_1,actual_solar_generation,Solar,2026-08-04T05:33:58Z
2026-08-04T05:31:07Z,2026-08-04T07:31:07+0200,fe4314c0-08bc-43c1-bc96-38bb7e2cf46d,2026-07-25T20:45:00Z,2026-07-25T22:45:00+0200,3.10259,MW,DK1,DK_1,actual_solar_generation,Solar,2026-08-04T05:33:58Z
2026-08-04T05:31:07Z,2026-08-04T07:31:07+0200,fe4314c0-08bc-43c1-bc96-38bb7e2cf46d,2026-07-25T21:00:00Z,2026-07-25T23:00:00+0200,4.11041,MW,DK1,DK_1,actual_solar_generation,Solar,2026-08-04T05:33:58Z
2026-08-04T05:31:07Z,2026-08-04T07:31:07+0200,fe4314c0-08bc-43c1-bc96-38bb7e2cf46d,2026-07-25T21:15:00Z,2026-07-25T23:15:00+0200,6.08884,MW,DK1,DK_1,actual_solar_generation,Solar,2026-08-04T05:33:58Z
2026-08-04T05:31:07Z,2026-08-04T07:31:07+0200,fe4314c0-08bc-43c1-bc96-38bb7e2cf46d,2026-07-25T21:30:00Z,2026-07-25T23:30:00+0200,4.59022,MW,DK1,DK_1,actual_solar_generation,Solar,2026-08-04T05:33:58Z
2026-08-04T05:31:07Z,2026-08-04T07:31:07+0200,fe4314c0-08bc-43c1-bc96-38bb7e2cf46d,2026-07-25T21:45:00Z,2026-07-25T23:45:00+0200,4.07156,MW,DK1,DK_1,actual_solar_generation,Solar,2026-08-04T05:33:58Z
2026-08-04T05:31:07Z,2026-08-04T07:31:07+0200,fe4314c0-08bc-43c1-bc96-38bb7e2cf46d,2026-07-25T22:00:00Z,2026-07-26T00:00:00+0200,2.88704,MW,DK1,DK_1,actual_solar_generation,Solar,2026-08-04T05:33:58Z
2026-08-04T05:31:07Z,2026-08-04T07:31:07+0200,fe4314c0-08bc-43c1-bc96-38bb7e2cf46d,2026-07-25T22:15:00Z,2026-07-26T00:15:00+0200,2.5496,MW,DK1,DK_1,actual_solar_generation,Solar,2026-08-04T05:33:58Z
2026-08-04T05:31:07Z,2026-08-04T07:31:07+0200,fe4314c0-08bc-43c1-bc96-38bb7e2cf46d,2026-07-25T22:30:00Z,2026-07-26T00:30:00+0200,1.636,MW,DK1,DK_1,actual_solar_generation,Solar,2026-08-04T05:33:58Z
2026-08-04T05:31:07Z,2026-08-04T07:31:07+0200,fe4314c0-08bc-43c1-bc96-38bb7e2cf46d,2026-07-25T22:45:00Z,2026-07-26T00:45:00+0200,1.78356,MW,DK1,DK_1,actual_solar_generation,Solar,2026-08-04T05:33:58Z
2026-08-04T05:31:07Z,2026-08-04T07:31:07+0200,fe4314c0-08bc-43c1-bc96-38bb7e2cf46d,2026-07-25T23:00:00Z,2026-07-26T01:00:00+0200,1.06007,MW,DK1,DK_1,actual_solar_generation,Solar,2026-08-04T05:33:58Z
2026-08-04T05:31:07Z,2026-08-04T07:31:07+0200,fe4314c0-08bc-43c1-bc96-38bb7e2cf46d,2026-07-25T23:15:00Z,2026-07-26T01:15:00+0200,1.06908,MW,DK1,DK_1,actual_solar_generation,Solar,2026-08-04T05:33:58Z
2026-08-04T05:31:07Z,2026-08-04T07:31:07+0200,fe4314c0-08bc-43c1-bc96-38bb7e2cf46d,2026-07-25T23:30:00Z,2026-07-26T01:30:00+0200,1.33595,MW,DK1,DK_1,actual_solar_generation,Solar,2026-08-04T05:33:58Z
2026-08-04T05:31:07Z,2026-08-04T07:31:07+0200,fe4314c0-08bc-43c1-bc96-38bb7e2cf46d,2026-07-25T23:45:00Z,2026-07-26T01:45:00+0200,2.00034,MW,DK1,DK_1,actual_solar_generation,Solar,2026-08-04T05:33:58Z
2026-08-04T05:31:07Z,2026-08-04T07:31:07+0200,fe4314c0-08bc-43c1-bc96-38bb7e2cf46d,2026-07-26T00:00:00Z,2026-07-26T02:00:00+0200,1.56584,MW,DK1,DK_1,actual_solar_generation,Solar,2026-08-04T05:33:58Z
2026-08-04T05:31:07Z,2026-08-04T07:31:07+0200,fe4314c0-08bc-43c1-bc96-38bb7e2cf46d,2026-07-26T00:15:00Z,2026-07-26T02:15:00+0200,0.854777,MW,DK1,DK_1,actual_solar_generation,Solar,2026-08-04T05:33:58Z
2026-08-04T05:31:07Z,2026-08-04T07:31:07+0200,fe4314c0-08bc-43c1-bc96-38bb7e2cf46d,2026-07-26T00:30:00Z,2026-07-26T02:30:00+0200,1.35782,MW,DK1,DK_1,actual_solar_generation,Solar,2026-08-04T05:33:58Z
2026-08-04T05:31:07Z,2026-08-04T07:31:07+0200,fe4314c0-08bc-43c1-bc96-38bb7e2cf46d,2026-07-26T00:45:00Z,2026-07-26T02:45:00+0200,0.542285,MW,DK1,DK_1,actual_solar_generation,Solar,2026-08-04T05:33:58Z
2026-08-04T05:31:07Z,2026-08-04T07:31:07+0200,fe4314c0-08bc-43c1-bc96-38bb7e2cf46d,2026-07-26T01:00:00Z,2026-07-26T03:00:00+0200,0.627441,MW,DK1,DK_1,actual_solar_generation,Solar,2026-08-04T05:33:58Z
2026-08-04T05:31:07Z,2026-08-04T07:31:07+0200,fe4314c0-08bc-43c1-bc96-38bb7e2cf46d,2026-07-26T01:30:00Z,2026-07-26T03:30:00+0200,0.070702,MW,DK1,DK_1,actual_solar_generation,Solar,2026-08-04T05:33:58Z
2026-08-04T05:31:07Z,2026-08-04T07:31:07+0200,fe4314c0-08bc-43c1-bc96-38bb7e2cf46d,2026-07-26T01:45:00Z,2026-07-26T03:45:00+0200,0.702279,MW,DK1,DK_1,actual_solar_generation,Solar,2026-08-04T05:33:58Z
2026-08-04T05:31:07Z,2026-08-04T07:31:07+0200,fe4314c0-08bc-43c1-bc96-38bb7e2cf46d,2026-07-26T02:00:00Z,2026-07-26T04:00:00+0200,1.96105,MW,DK1,DK_1,actual_solar_generation,Solar,2026-08-04T05:33:58Z
2026-08-04T05:31:07Z,2026-08-04T07:31:07+0200,fe4314c0-08bc-43c1-bc96-38bb7e2cf46d,2026-07-26T02:15:00Z,2026-07-26T04:15:00+0200,1.61444,MW,DK1,DK_1,actual_solar_generation,Solar,2026-08-04T05:33:58Z
2026-08-04T05:31:07Z,2026-08-04T07:31:07+0200,fe4314c0-08bc-43c1-bc96-38bb7e2cf46d,2026-07-26T02:30:00Z,2026-07-26T04:30:00+0200,1.70509,MW,DK1,DK_1,actual_solar_generation,Solar,2026-08-04T05:33:58Z
2026-08-04T05:31:07Z,2026-08-04T07:31:07+0200,fe4314c0-08bc-43c1-bc96-38bb7e2cf46d,2026-07-26T02:45:00Z,2026-07-26T04:45:00+0200,1.40548,MW,DK1,DK_1,actual_solar_generation,Solar,2026-08-04T05:33:58Z
2026-08-04T05:31:07Z,2026-08-04T07:31:07+0200,fe4314c0-08bc-43c1-bc96-38bb7e2cf46d,2026-07-26T03:00:00Z,2026-07-26T05:00:00+0200,2.12923,MW,DK1,DK_1,actual_solar_generation,Solar,2026-08-04T05:33:58Z
2026-08-04T05:31:07Z,2026-08-04T07:31:07+0200,fe4314c0-08bc-43c1-bc96-38bb7e2cf46d,2026-07-26T03:15:00Z,2026-07-26T05:15:00+0200,6.55094,MW,DK1,DK_1,actual_solar_generation,Solar,2026-08-04T05:33:58Z
2026-08-04T05:31:07Z,2026-08-04T07:31:07+0200,fe4314c0-08bc-43c1-bc96-38bb7e2cf46d,2026-07-26T03:30:00Z,2026-07-26T05:30:00+0200,21.4604,MW,DK1,DK_1,actual_solar_generation,Solar,2026-08-04T05:33:58Z
2026-08-04T05:31:07Z,2026-08-04T07:31:07+0200,fe4314c0-08bc-43c1-bc96-38bb7e2cf46d,2026-07-26T03:45:00Z,2026-07-26T05:45:00+0200,46.0523,MW,DK1,DK_1,actual_solar_generation,Solar,2026-08-04T05:33:58Z
2026-08-04T05:31:07Z,2026-08-04T07:31:07+0200,fe4314c0-08bc-43c1-bc96-38bb7e2cf46d,2026-07-26T04:00:00Z,2026-07-26T06:00:00+0200,81.5684,MW,DK1,DK_1,actual_solar_generation,Solar,2026-08-04T05:33:58Z
2026-08-04T05:31:07Z,2026-08-04T07:31:07+0200,fe4314c0-08bc-43c1-bc96-38bb7e2cf46d,2026-07-26T04:15:00Z,2026-07-26T06:15:00+0200,124.999,MW,DK1,DK_1,actual_solar_generation,Solar,2026-08-04T05:33:58Z
2026-08-04T05:31:07Z,2026-08-04T07:31:07+0200,fe4314c0-08bc-43c1-bc96-38bb7e2cf46d,2026-07-26T04:30:00Z,2026-07-26T06:30:00+0200,177.006,MW,DK1,DK_1,actual_solar_generation,Solar,2026-08-04T05:33:58Z
2026-08-04T05:31:07Z,2026-08-04T07:31:07+0200,fe4314c0-08bc-43c1-bc96-38bb7e2cf46d,2026-07-26T04:45:00Z,2026-07-26T06:45:00+0200,246.145,MW,DK1,DK_1,actual_solar_generation,Solar,2026-08-04T05:33:58Z
2026-08-04T05:31:07Z,2026-08-04T07:31:07+0200,fe4314c0-08bc-43c1-bc96-38bb7e2cf46d,2026-07-26T05:00:00Z,2026-07-26T07:00:00+0200,333.918,MW,DK1,DK_1,actual_solar_generation,Solar,2026-08-04T05:33:58Z
2026-08-04T05:31:07Z,2026-08-04T07:31:07+0200,fe4314c0-08bc-43c1-bc96-38bb7e2cf46d,2026-07-26T05:15:00Z,2026-07-26T07:15:00+0200,425.067,MW,DK1,DK_1,actual_solar_generation,Solar,2026-08-04T05:33:58Z
2026-08-04T05:31:07Z,2026-08-04T07:31:07+0200,fe4314c0-08bc-43c1-bc96-38bb7e2cf46d,2026-07-26T05:30:00Z,2026-07-26T07:30:00+0200,556.799,MW,DK1,DK_1,actual_solar_generation,Solar,2026-08-04T05:33:58Z
2026-08-04T05:31:07Z,2026-08-04T07:31:07+0200,fe4314c0-08bc-43c1-bc96-38bb7e2cf46d,2026-07-26T05:45:00Z,2026-07-26T07:45:00+0200,669.5,MW,DK1,DK_1,actual_solar_generation,Solar,2026-08-04T05:33:58Z
2026-08-04T05:31:07Z,2026-08-04T07:31:07+0200,fe4314c0-08bc-43c1-bc96-38bb7e2cf46d,2026-07-26T06:00:00Z,2026-07-26T08:00:00+0200,828.871,MW,DK1,DK_1,actual_solar_generation,Solar,2026-08-04T05:33:58Z
2026-08-04T05:31:07Z,2026-08-04T07:31:07+0200,fe4314c0-08bc-43c1-bc96-38bb7e2cf46d,2026-07-26T06:15:00Z,2026-07-26T08:15:00+0200,927.779,MW,DK1,DK_1,actual_solar_generation,Solar,2026-08-04T05:33:58Z
2026-08-04T05:31:07Z,2026-08-04T07:31:07+0200,fe4314c0-08bc-43c1-bc96-38bb7e2cf46d,2026-07-26T06:30:00Z,2026-07-26T08:30:00+0200,965.526,MW,DK1,DK_1,actual_solar_generation,Solar,2026-08-04T05:33:58Z
2026-08-04T05:31:07Z,2026-08-04T07:31:07+0200,fe4314c0-08bc-43c1-bc96-38bb7e2cf46d,2026-07-26T06:45:00Z,2026-07-26T08:45:00+0200,1105.15,MW,DK1,DK_1,actual_solar_generation,Solar,2026-08-04T05:33:58Z
2026-08-04T05:31:07Z,2026-08-04T07:31:07+0200,fe4314c0-08bc-43c1-bc96-38bb7e2cf46d,2026-07-26T07:00:00Z,2026-07-26T09:00:00+0200,1210.83,MW,DK1,DK_1,actual_solar_generation,Solar,2026-08-04T05:33:58Z
2026-08-04T05:31:07Z,2026-08-04T07:31:07+0200,fe4314c0-08bc-43c1-bc96-38bb7e2cf46d,2026-07-26T07:15:00Z,2026-07-26T09:15:00+0200,1260.74,MW,DK1,DK_1,actual_solar_generation,Solar,2026-08-04T05:33:58Z
2026-08-04T05:31:07Z,2026-08-04T07:31:07+0200,fe4314c0-08bc-43c1-bc96-38bb7e2cf46d,2026-07-26T07:30:00Z,2026-07-26T09:30:00+0200,1160.05,MW,DK1,DK_1,actual_solar_generation,Solar,2026-08-04T05:33:58Z
2026-08-04T05:31:07Z,2026-08-04T07:31:07+0200,fe4314c0-08bc-43c1-bc96-38bb7e2cf46d,2026-07-26T07:45:00Z,2026-07-26T09:45:00+0200,1175.09,MW,DK1,DK_1,actual_solar_generation,Solar,2026-08-04T05:33:58Z
2026-08-04T05:31:07Z,2026-08-04T07:31:07+0200,fe4314c0-08bc-43c1-bc96-38bb7e2cf46d,2026-07-26T08:00:00Z,2026-07-26T10:00:00+0200,1144.85,MW,DK1,DK_1,actual_solar_generation,Solar,2026-08-04T05:33:58Z
2026-08-04T05:31:07Z,2026-08-04T07:31:07+0200,fe4314c0-08bc-43c1-bc96-38bb7e2cf46d,2026-07-26T08:15:00Z,2026-07-26T10:15:00+0200,1116.75,MW,DK1,DK_1,actual_solar_generation,Solar,2026-08-04T05:33:58Z
2026-08-04T05:31:07Z,2026-08-04T07:31:07+0200,fe4314c0-08bc-43c1-bc96-38bb7e2cf46d,2026-07-26T08:30:00Z,2026-07-26T10:30:00+0200,795.973,MW,DK1,DK_1,actual_solar_generation,Solar,2026-08-04T05:33:58Z
2026-08-04T05:31:07Z,2026-08-04T07:31:07+0200,fe4314c0-08bc-43c1-bc96-38bb7e2cf46d,2026-07-26T08:45:00Z,2026-07-26T10:45:00+0200,730.439,MW,DK1,DK_1,actual_solar_generation,Solar,2026-08-04T05:33:58Z
2026-08-04T05:31:07Z,2026-08-04T07:31:07+0200,fe4314c0-08bc-43c1-bc96-38bb7e2cf46d,2026-07-26T09:00:00Z,2026-07-26T11:00:00+0200,769.27,MW,DK1,DK_1,actual_solar_generation,Solar,2026-08-04T05:33:58Z
2026-08-04T05:31:07Z,2026-08-04T07:31:07+0200,fe4314c0-08bc-43c1-bc96-38bb7e2cf46d,2026-07-26T09:15:00Z,2026-07-26T11:15:00+0200,839.366,MW,DK1,DK_1,actual_solar_generation,Solar,2026-08-04T05:33:58Z
2026-08-04T05:31:07Z,2026-08-04T07:31:07+0200,fe4314c0-08bc-43c1-bc96-38bb7e2cf46d,2026-07-26T09:30:00Z,2026-07-26T11:30:00+0200,728.831,MW,DK1,DK_1,actual_solar_generation,Solar,2026-08-04T05:33:58Z
2026-08-04T05:31:07Z,2026-08-04T07:31:07+0200,fe4314c0-08bc-43c1-bc96-38bb7e2cf46d,2026-07-26T09:45:00Z,2026-07-26T11:45:00+0200,826.071,MW,DK1,DK_1,actual_solar_generation,Solar,2026-08-04T05:33:58Z
2026-08-04T05:31:07Z,2026-08-04T07:31:07+0200,fe4314c0-08bc-43c1-bc96-38bb7e2cf46d,2026-07-26T10:00:00Z,2026-07-26T12:00:00+0200,641.645,MW,DK1,DK_1,actual_solar_generation,Solar,2026-08-04T05:33:58Z
2026-08-04T05:31:07Z,2026-08-04T07:31:07+0200,fe4314c0-08bc-43c1-bc96-38bb7e2cf46d,2026-07-26T10:15:00Z,2026-07-26T12:15:00+0200,598.248,MW,DK1,DK_1,actual_solar_generation,Solar,2026-08-04T05:33:58Z
2026-08-04T05:31:07Z,2026-08-04T07:31:07+0200,fe4314c0-08bc-43c1-bc96-38bb7e2cf46d,2026-07-26T10:30:00Z,2026-07-26T12:30:00+0200,700.184,MW,DK1,DK_1,actual_solar_generation,Solar,2026-08-04T05:33:58Z
2026-08-04T05:31:07Z,2026-08-04T07:31:07+0200,fe4314c0-08bc-43c1-bc96-38bb7e2cf46d,2026-07-26T10:45:00Z,2026-07-26T12:45:00+0200,726.569,MW,DK1,DK_1,actual_solar_generation,Solar,2026-08-04T05:33:58Z
2026-08-04T05:31:07Z,2026-08-04T07:31:07+0200,fe4314c0-08bc-43c1-bc96-38bb7e2cf46d,2026-07-26T11:00:00Z,2026-07-26T13:00:00+0200,673.7,MW,DK1,DK_1,actual_solar_generation,Solar,2026-08-04T05:33:58Z
2026-08-04T05:31:07Z,2026-08-04T07:31:07+0200,fe4314c0-08bc-43c1-bc96-38bb7e2cf46d,2026-07-26T11:15:00Z,2026-07-26T13:15:00+0200,729.779,MW,DK1,DK_1,actual_solar_generation,Solar,2026-08-04T05:33:58Z
2026-08-04T05:31:07Z,2026-08-04T07:31:07+0200,fe4314c0-08bc-43c1-bc96-38bb7e2cf46d,2026-07-26T11:30:00Z,2026-07-26T13:30:00+0200,864.004,MW,DK1,DK_1,actual_solar_generation,Solar,2026-08-04T05:33:58Z
2026-08-04T05:31:07Z,2026-08-04T07:31:07+0200,fe4314c0-08bc-43c1-bc96-38bb7e2cf46d,2026-07-26T11:45:00Z,2026-07-26T13:45:00+0200,799.992,MW,DK1,DK_1,actual_solar_generation,Solar,2026-08-04T05:33:58Z
2026-08-04T05:31:07Z,2026-08-04T07:31:07+0200,fe4314c0-08bc-43c1-bc96-38bb7e2cf46d,2026-07-26T12:00:00Z,2026-07-26T14:00:00+0200,764.979,MW,DK1,DK_1,actual_solar_generation,Solar,2026-08-04T05:33:58Z
2026-08-04T05:31:07Z,2026-08-04T07:31:07+0200,fe4314c0-08bc-43c1-bc96-38bb7e2cf46d,2026-07-26T12:15:00Z,2026-07-26T14:15:00+0200,675.041,MW,DK1,DK_1,actual_solar_generation,Solar,2026-08-04T05:33:58Z
2026-08-04T05:31:07Z,2026-08-04T07:31:07+0200,fe4314c0-08bc-43c1-bc96-38bb7e2cf46d,2026-07-26T12:30:00Z,2026-07-26T14:30:00+0200,608.928,MW,DK1,DK_1,actual_solar_generation,Solar,2026-08-04T05:33:58Z
2026-08-04T05:31:07Z,2026-08-04T07:31:07+0200,fe4314c0-08bc-43c1-bc96-38bb7e2cf46d,2026-07-26T12:45:00Z,2026-07-26T14:45:00+0200,587.414,MW,DK1,DK_1,actual_solar_generation,Solar,2026-08-04T05:33:58Z
2026-08-04T05:31:07Z,2026-08-04T07:31:07+0200,fe4314c0-08bc-43c1-bc96-38bb7e2cf46d,2026-07-26T13:00:00Z,2026-07-26T15:00:00+0200,596.385,MW,DK1,DK_1,actual_solar_generation,Solar,2026-08-04T05:33:58Z
2026-08-04T05:31:07Z,2026-08-04T07:31:07+0200,fe4314c0-08bc-43c1-bc96-38bb7e2cf46d,2026-07-26T13:15:00Z,2026-07-26T15:15:00+0200,541.85,MW,DK1,DK_1,actual_solar_generation,Solar,2026-08-04T05:33:58Z
2026-08-04T05:31:07Z,2026-08-04T07:31:07+0200,fe4314c0-08bc-43c1-bc96-38bb7e2cf46d,2026-07-26T13:30:00Z,2026-07-26T15:30:00+0200,549.377,MW,DK1,DK_1,actual_solar_generation,Solar,2026-08-04T05:33:58Z
2026-08-04T05:31:07Z,2026-08-04T07:31:07+0200,fe4314c0-08bc-43c1-bc96-38bb7e2cf46d,2026-07-26T13:45:00Z,2026-07-26T15:45:00+0200,544.192,MW,DK1,DK_1,actual_solar_generation,Solar,2026-08-04T05:33:58Z
2026-08-04T05:31:07Z,2026-08-04T07:31:07+0200,fe4314c0-08bc-43c1-bc96-38bb7e2cf46d,2026-07-26T14:00:00Z,2026-07-26T16:00:00+0200,511.68,MW,DK1,DK_1,actual_solar_generation,Solar,2026-08-04T05:33:58Z
2026-08-04T05:31:07Z,2026-08-04T07:31:07+0200,fe4314c0-08bc-43c1-bc96-38bb7e2cf46d,2026-07-26T14:15:00Z,2026-07-26T16:15:00+0200,540.878,MW,DK1,DK_1,actual_solar_generation,Solar,2026-08-04T05:33:58Z
2026-08-04T05:31:07Z,2026-08-04T07:31:07+0200,fe4314c0-08bc-43c1-bc96-38bb7e2cf46d,2026-07-26T14:30:00Z,2026-07-26T16:30:00+0200,631.874,MW,DK1,DK_1,actual_solar_generation,Solar,2026-08-04T05:33:58Z
2026-08-04T05:31:07Z,2026-08-04T07:31:07+0200,fe4314c0-08bc-43c1-bc96-38bb7e2cf46d,2026-07-26T14:45:00Z,2026-07-26T16:45:00+0200,613.363,MW,DK1,DK_1,actual_solar_generation,Solar,2026-08-04T05:33:58Z
2026-08-04T05:31:07Z,2026-08-04T07:31:07+0200,fe4314c0-08bc-43c1-bc96-38bb7e2cf46d,2026-07-26T15:00:00Z,2026-07-26T17:00:00+0200,490.726,MW,DK1,DK_1,actual_solar_generation,Solar,2026-08-04T05:33:58Z
2026-08-04T05:31:07Z,2026-08-04T07:31:07+0200,fe4314c0-08bc-43c1-bc96-38bb7e2cf46d,2026-07-26T15:15:00Z,2026-07-26T17:15:00+0200,435.995,MW,DK1,DK_1,actual_solar_generation,Solar,2026-08-04T05:33:58Z
2026-08-04T05:31:07Z,2026-08-04T07:31:07+0200,fe4314c0-08bc-43c1-bc96-38bb7e2cf46d,2026-07-26T15:30:00Z,2026-07-26T17:30:00+0200,372.787,MW,DK1,DK_1,actual_solar_generation,Solar,2026-08-04T05:33:58Z
2026-08-04T05:31:07Z,2026-08-04T07:31:07+0200,fe4314c0-08bc-43c1-bc96-38bb7e2cf46d,2026-07-26T15:45:00Z,2026-07-26T17:45:00+0200,349.575,MW,DK1,DK_1,actual_solar_generation,Solar,2026-08-04T05:33:58Z
2026-08-04T05:31:07Z,2026-08-04T07:31:07+0200,fe4314c0-08bc-43c1-bc96-38bb7e2cf46d,2026-07-26T16:00:00Z,2026-07-26T18:00:00+0200,309.438,MW,DK1,DK_1,actual_solar_generation,Solar,2026-08-04T05:33:58Z
2026-08-04T05:31:07Z,2026-08-04T07:31:07+0200,fe4314c0-08bc-43c1-bc96-38bb7e2cf46d,2026-07-26T16:15:00Z,2026-07-26T18:15:00+0200,260.427,MW,DK1,DK_1,actual_solar_generation,Solar,2026-08-04T05:33:58Z
2026-08-04T05:31:07Z,2026-08-04T07:31:07+0200,fe4314c0-08bc-43c1-bc96-38bb7e2cf46d,2026-07-26T16:30:00Z,2026-07-26T18:30:00+0200,225.604,MW,DK1,DK_1,actual_solar_generation,Solar,2026-08-04T05:33:58Z
2026-08-04T05:31:07Z,2026-08-04T07:31:07+0200,fe4314c0-08bc-43c1-bc96-38bb7e2cf46d,2026-07-26T16:45:00Z,2026-07-26T18:45:00+0200,206.407,MW,DK1,DK_1,actual_solar_generation,Solar,2026-08-04T05:33:58Z
2026-08-04T05:31:07Z,2026-08-04T07:31:07+0200,fe4314c0-08bc-43c1-bc96-38bb7e2cf46d,2026-07-26T17:00:00Z,2026-07-26T19:00:00+0200,200.348,MW,DK1,DK_1,actual_solar_generation,Solar,2026-08-04T05:33:58Z
2026-08-04T05:31:07Z,2026-08-04T07:31:07+0200,fe4314c0-08bc-43c1-bc96-38bb7e2cf46d,2026-07-26T17:15:00Z,2026-07-26T19:15:00+0200,198.724,MW,DK1,DK_1,actual_solar_generation,Solar,2026-08-04T05:33:58Z
2026-08-04T05:31:07Z,2026-08-04T07:31:07+0200,fe4314c0-08bc-43c1-bc96-38bb7e2cf46d,2026-07-26T17:30:00Z,2026-07-26T19:30:00+0200,184.66,MW,DK1,DK_1,actual_solar_generation,Solar,2026-08-04T05:33:58Z
2026-08-04T05:31:07Z,2026-08-04T07:31:07+0200,fe4314c0-08bc-43c1-bc96-38bb7e2cf46d,2026-07-26T17:45:00Z,2026-07-26T19:45:00+0200,148.592,MW,DK1,DK_1,actual_solar_generation,Solar,2026-08-04T05:33:58Z
2026-08-04T05:31:07Z,2026-08-04T07:31:07+0200,fe4314c0-08bc-43c1-bc96-38bb7e2cf46d,2026-07-26T18:00:00Z,2026-07-26T20:00:00+0200,108.431,MW,DK1,DK_1,actual_solar_generation,Solar,2026-08-04T05:33:58Z
2026-08-04T05:31:07Z,2026-08-04T07:31:07+0200,fe4314c0-08bc-43c1-bc96-38bb7e2cf46d,2026-07-26T18:15:00Z,2026-07-26T20:15:00+0200,83.0977,MW,DK1,DK_1,actual_solar_generation,Solar,2026-08-04T05:33:58Z
2026-08-04T05:31:07Z,2026-08-04T07:31:07+0200,fe4314c0-08bc-43c1-bc96-38bb7e2cf46d,2026-07-26T18:30:00Z,2026-07-26T20:30:00+0200,50.4524,MW,DK1,DK_1,actual_solar_generation,Solar,2026-08-04T05:33:58Z
2026-08-04T05:31:07Z,2026-08-04T07:31:07+0200,fe4314c0-08bc-43c1-bc96-38bb7e2cf46d,2026-07-26T18:45:00Z,2026-07-26T20:45:00+0200,28.9414,MW,DK1,DK_1,actual_solar_generation,Solar,2026-08-04T05:33:58Z
2026-08-04T05:31:07Z,2026-08-04T07:31:07+0200,fe4314c0-08bc-43c1-bc96-38bb7e2cf46d,2026-07-26T19:00:00Z,2026-07-26T21:00:00+0200,13.5055,MW,DK1,DK_1,actual_solar_generation,Solar,2026-08-04T05:33:58Z
2026-08-04T05:31:07Z,2026-08-04T07:31:07+0200,fe4314c0-08bc-43c1-bc96-38bb7e2cf46d,2026-07-26T19:15:00Z,2026-07-26T21:15:00+0200,4.51271,MW,DK1,DK_1,actual_solar_generation,Solar,2026-08-04T05:33:58Z
2026-08-04T05:31:07Z,2026-08-04T07:31:07+0200,fe4314c0-08bc-43c1-bc96-38bb7e2cf46d,2026-07-26T19:30:00Z,2026-07-26T21:30:00+0200,0.573912,MW,DK1,DK_1,actual_solar_generation,Solar,2026-08-04T05:33:58Z
2026-08-04T05:31:07Z,2026-08-04T07:31:07+0200,fe4314c0-08bc-43c1-bc96-38bb7e2cf46d,2026-07-26T19:45:00Z,2026-07-26T21:45:00+0200,0.031159,MW,DK1,DK_1,actual_solar_generation,Solar,2026-08-04T05:33:58Z
2026-08-04T05:31:07Z,2026-08-04T07:31:07+0200,fe4314c0-08bc-43c1-bc96-38bb7e2cf46d,2026-07-26T20:15:00Z,2026-07-26T22:15:00+0200,0.861179,MW,DK1,DK_1,actual_solar_generation,Solar,2026-08-04T05:33:58Z
2026-08-04T05:31:07Z,2026-08-04T07:31:07+0200,fe4314c0-08bc-43c1-bc96-38bb7e2cf46d,2026-07-26T20:30:00Z,2026-07-26T22:30:00+0200,1.64533,MW,DK1,DK_1,actual_solar_generation,Solar,2026-08-04T05:33:58Z
2026-08-04T05:31:07Z,2026-08-04T07:31:07+0200,fe4314c0-08bc-43c1-bc96-38bb7e2cf46d,2026-07-26T20:45:00Z,2026-07-26T22:45:00+0200,1.79411,MW,DK1,DK_1,actual_solar_generation,Solar,2026-08-04T05:33:58Z
2026-08-04T05:31:07Z,2026-08-04T07:31:07+0200,fe4314c0-08bc-43c1-bc96-38bb7e2cf46d,2026-07-26T21:00:00Z,2026-07-26T23:00:00+0200,0.535949,MW,DK1,DK_1,actual_solar_generation,Solar,2026-08-04T05:33:58Z
2026-08-04T05:31:07Z,2026-08-04T07:31:07+0200,fe4314c0-08bc-43c1-bc96-38bb7e2cf46d,2026-07-26T21:15:00Z,2026-07-26T23:15:00+0200,0.461589,MW,DK1,DK_1,actual_solar_generation,Solar,2026-08-04T05:33:58Z
2026-08-04T05:31:07Z,2026-08-04T07:31:07+0200,fe4314c0-08bc-43c1-bc96-38bb7e2cf46d,2026-07-26T21:30:00Z,2026-07-26T23:30:00+0200,0.076341,MW,DK1,DK_1,actual_solar_generation,Solar,2026-08-04T05:33:58Z
2026-08-04T05:31:07Z,2026-08-04T07:31:07+0200,fe4314c0-08bc-43c1-bc96-38bb7e2cf46d,2026-07-26T21:45:00Z,2026-07-26T23:45:00+0200,0.005862,MW,DK1,DK_1,actual_solar_generation,Solar,2026-08-04T05:33:58Z
2026-08-04T05:31:07Z,2026-08-04T07:31:07+0200,fe4314c0-08bc-43c1-bc96-38bb7e2cf46d,2026-07-26T22:00:00Z,2026-07-27T00:00:00+0200,0.036793,MW,DK1,DK_1,actual_solar_generation,Solar,2026-08-04T05:33:58Z
2026-08-04T05:31:07Z,2026-08-04T07:31:07+0200,fe4314c0-08bc-43c1-bc96-38bb7e2cf46d,2026-07-26T22:15:00Z,2026-07-27T00:15:00+0200,0.082859,MW,DK1,DK_1,actual_solar_generation,Solar,2026-08-04T05:33:58Z
2026-08-04T05:31:07Z,2026-08-04T07:31:07+0200,fe4314c0-08bc-43c1-bc96-38bb7e2cf46d,2026-07-26T22:30:00Z,2026-07-27T00:30:00+0200,0.0514,MW,DK1,DK_1,actual_solar_generation,Solar,2026-08-04T05:33:58Z
2026-08-04T05:31:07Z,2026-08-04T07:31:07+0200,fe4314c0-08bc-43c1-bc96-38bb7e2cf46d,2026-07-26T22:45:00Z,2026-07-27T00:45:00+0200,0.453662,MW,DK1,DK_1,actual_solar_generation,Solar,2026-08-04T05:33:58Z
2026-08-04T05:31:07Z,2026-08-04T07:31:07+0200,fe4314c0-08bc-43c1-bc96-38bb7e2cf46d,2026-07-26T23:00:00Z,2026-07-27T01:00:00+0200,0.929565,MW,DK1,DK_1,actual_solar_generation,Solar,2026-08-04T05:33:58Z
2026-08-04T05:31:07Z,2026-08-04T07:31:07+0200,fe4314c0-08bc-43c1-bc96-38bb7e2cf46d,2026-07-26T23:15:00Z,2026-07-27T01:15:00+0200,1.20252,MW,DK1,DK_1,actual_solar_generation,Solar,2026-08-04T05:33:58Z
2026-08-04T05:31:07Z,2026-08-04T07:31:07+0200,fe4314c0-08bc-43c1-bc96-38bb7e2cf46d,2026-07-26T23:30:00Z,2026-07-27T01:30:00+0200,1.00947,MW,DK1,DK_1,actual_solar_generation,Solar,2026-08-04T05:33:58Z
2026-08-04T05:31:07Z,2026-08-04T07:31:07+0200,fe4314c0-08bc-43c1-bc96-38bb7e2cf46d,2026-07-26T23:45:00Z,2026-07-27T01:45:00+0200,1.5028,MW,DK1,DK_1,actual_solar_generation,Solar,2026-08-04T05:33:58Z
2026-08-04T05:31:07Z,2026-08-04T07:31:07+0200,fe4314c0-08bc-43c1-bc96-38bb7e2cf46d,2026-07-27T00:00:00Z,2026-07-27T02:00:00+0200,1.23335,MW,DK1,DK_1,actual_solar_generation,Solar,2026-08-04T05:33:58Z
2026-08-04T05:31:07Z,2026-08-04T07:31:07+0200,fe4314c0-08bc-43c1-bc96-38bb7e2cf46d,2026-07-27T00:15:00Z,2026-07-27T02:15:00+0200,1.57013,MW,DK1,DK_1,actual_solar_generation,Solar,2026-08-04T05:33:58Z
2026-08-04T05:31:07Z,2026-08-04T07:31:07+0200,fe4314c0-08bc-43c1-bc96-38bb7e2cf46d,2026-07-27T00:30:00Z,2026-07-27T02:30:00+0200,1.00788,MW,DK1,DK_1,actual_solar_generation,Solar,2026-08-04T05:33:58Z
2026-08-04T05:31:07Z,2026-08-04T07:31:07+0200,fe4314c0-08bc-43c1-bc96-38bb7e2cf46d,2026-07-27T00:45:00Z,2026-07-27T02:45:00+0200,2.05216,MW,DK1,DK_1,actual_solar_generation,Solar,2026-08-04T05:33:58Z
2026-08-04T05:31:07Z,2026-08-04T07:31:07+0200,fe4314c0-08bc-43c1-bc96-38bb7e2cf46d,2026-07-27T01:00:00Z,2026-07-27T03:00:00+0200,3.37284,MW,DK1,DK_1,actual_solar_generation,Solar,2026-08-04T05:33:58Z
2026-08-04T05:31:07Z,2026-08-04T07:31:07+0200,fe4314c0-08bc-43c1-bc96-38bb7e2cf46d,2026-07-27T01:15:00Z,2026-07-27T03:15:00+0200,3.80746,MW,DK1,DK_1,actual_solar_generation,Solar,2026-08-04T05:33:58Z
2026-08-04T05:31:07Z,2026-08-04T07:31:07+0200,fe4314c0-08bc-43c1-bc96-38bb7e2cf46d,2026-07-27T01:30:00Z,2026-07-27T03:30:00+0200,3.15225,MW,DK1,DK_1,actual_solar_generation,Solar,2026-08-04T05:33:58Z
2026-08-04T05:31:07Z,2026-08-04T07:31:07+0200,fe4314c0-08bc-43c1-bc96-38bb7e2cf46d,2026-07-27T01:45:00Z,2026-07-27T03:45:00+0200,2.49734,MW,DK1,DK_1,actual_solar_generation,Solar,2026-08-04T05:33:58Z
2026-08-04T05:31:07Z,2026-08-04T07:31:07+0200,fe4314c0-08bc-43c1-bc96-38bb7e2cf46d,2026-07-27T02:00:00Z,2026-07-27T04:00:00+0200,3.38154,MW,DK1,DK_1,actual_solar_generation,Solar,2026-08-04T05:33:58Z
2026-08-04T05:31:07Z,2026-08-04T07:31:07+0200,fe4314c0-08bc-43c1-bc96-38bb7e2cf46d,2026-07-27T02:15:00Z,2026-07-27T04:15:00+0200,4.22092,MW,DK1,DK_1,actual_solar_generation,Solar,2026-08-04T05:33:58Z
2026-08-04T05:31:07Z,2026-08-04T07:31:07+0200,fe4314c0-08bc-43c1-bc96-38bb7e2cf46d,2026-07-27T02:30:00Z,2026-07-27T04:30:00+0200,6.06771,MW,DK1,DK_1,actual_solar_generation,Solar,2026-08-04T05:33:58Z
2026-08-04T05:31:07Z,2026-08-04T07:31:07+0200,fe4314c0-08bc-43c1-bc96-38bb7e2cf46d,2026-07-27T02:45:00Z,2026-07-27T04:45:00+0200,3.8433,MW,DK1,DK_1,actual_solar_generation,Solar,2026-08-04T05:33:58Z
2026-08-04T05:31:07Z,2026-08-04T07:31:07+0200,fe4314c0-08bc-43c1-bc96-38bb7e2cf46d,2026-07-27T03:00:00Z,2026-07-27T05:00:00+0200,3.65532,MW,DK1,DK_1,actual_solar_generation,Solar,2026-08-04T05:33:58Z
2026-08-04T05:31:07Z,2026-08-04T07:31:07+0200,fe4314c0-08bc-43c1-bc96-38bb7e2cf46d,2026-07-27T03:15:00Z,2026-07-27T05:15:00+0200,7.8081,MW,DK1,DK_1,actual_solar_generation,Solar,2026-08-04T05:33:58Z
2026-08-04T05:31:07Z,2026-08-04T07:31:07+0200,fe4314c0-08bc-43c1-bc96-38bb7e2cf46d,2026-07-27T03:30:00Z,2026-07-27T05:30:00+0200,21.6893,MW,DK1,DK_1,actual_solar_generation,Solar,2026-08-04T05:33:58Z
2026-08-04T05:31:07Z,2026-08-04T07:31:07+0200,fe4314c0-08bc-43c1-bc96-38bb7e2cf46d,2026-07-27T03:45:00Z,2026-07-27T05:45:00+0200,49.2186,MW,DK1,DK_1,actual_solar_generation,Solar,2026-08-04T05:33:58Z
2026-08-04T05:31:07Z,2026-08-04T07:31:07+0200,fe4314c0-08bc-43c1-bc96-38bb7e2cf46d,2026-07-27T04:00:00Z,2026-07-27T06:00:00+0200,85.7301,MW,DK1,DK_1,actual_solar_generation,Solar,2026-08-04T05:33:58Z
2026-08-04T05:31:07Z,2026-08-04T07:31:07+0200,fe4314c0-08bc-43c1-bc96-38bb7e2cf46d,2026-07-27T04:15:00Z,2026-07-27T06:15:00+0200,130.958,MW,DK1,DK_1,actual_solar_generation,Solar,2026-08-04T05:33:58Z
2026-08-04T05:31:07Z,2026-08-04T07:31:07+0200,fe4314c0-08bc-43c1-bc96-38bb7e2cf46d,2026-07-27T04:30:00Z,2026-07-27T06:30:00+0200,183.795,MW,DK1,DK_1,actual_solar_generation,Solar,2026-08-04T05:33:58Z
2026-08-04T05:31:07Z,2026-08-04T07:31:07+0200,fe4314c0-08bc-43c1-bc96-38bb7e2cf46d,2026-07-27T04:45:00Z,2026-07-27T06:45:00+0200,256.946,MW,DK1,DK_1,actual_solar_generation,Solar,2026-08-04T05:33:58Z
2026-08-04T05:31:07Z,2026-08-04T07:31:07+0200,fe4314c0-08bc-43c1-bc96-38bb7e2cf46d,2026-07-27T05:00:00Z,2026-07-27T07:00:00+0200,334.473,MW,DK1,DK_1,actual_solar_generation,Solar,2026-08-04T05:33:58Z
2026-08-04T05:31:07Z,2026-08-04T07:31:07+0200,fe4314c0-08bc-43c1-bc96-38bb7e2cf46d,2026-07-27T05:15:00Z,2026-07-27T07:15:00+0200,413.593,MW,DK1,DK_1,actual_solar_generation,Solar,2026-08-04T05:33:58Z
2026-08-04T05:31:07Z,2026-08-04T07:31:07+0200,fe4314c0-08bc-43c1-bc96-38bb7e2cf46d,2026-07-27T05:30:00Z,2026-07-27T07:30:00+0200,529.438,MW,DK1,DK_1,actual_solar_generation,Solar,2026-08-04T05:33:58Z
2026-08-04T05:31:07Z,2026-08-04T07:31:07+0200,fe4314c0-08bc-43c1-bc96-38bb7e2cf46d,2026-07-27T05:45:00Z,2026-07-27T07:45:00+0200,614.521,MW,DK1,DK_1,actual_solar_generation,Solar,2026-08-04T05:33:58Z
2026-08-04T05:31:07Z,2026-08-04T07:31:07+0200,fe4314c0-08bc-43c1-bc96-38bb7e2cf46d,2026-07-27T06:00:00Z,2026-07-27T08:00:00+0200,737.707,MW,DK1,DK_1,actual_solar_generation,Solar,2026-08-04T05:33:58Z
2026-08-04T05:31:07Z,2026-08-04T07:31:07+0200,fe4314c0-08bc-43c1-bc96-38bb7e2cf46d,2026-07-27T06:15:00Z,2026-07-27T08:15:00+0200,852.415,MW,DK1,DK_1,actual_solar_generation,Solar,2026-08-04T05:33:58Z
2026-08-04T05:31:07Z,2026-08-04T07:31:07+0200,fe4314c0-08bc-43c1-bc96-38bb7e2cf46d,2026-07-27T06:30:00Z,2026-07-27T08:30:00+0200,912.321,MW,DK1,DK_1,actual_solar_generation,Solar,2026-08-04T05:33:58Z
2026-08-04T05:31:07Z,2026-08-04T07:31:07+0200,fe4314c0-08bc-43c1-bc96-38bb7e2cf46d,2026-07-27T06:45:00Z,2026-07-27T08:45:00+0200,987.564,MW,DK1,DK_1,actual_solar_generation,Solar,2026-08-04T05:33:58Z
2026-08-04T05:31:07Z,2026-08-04T07:31:07+0200,fe4314c0-08bc-43c1-bc96-38bb7e2cf46d,2026-07-27T07:00:00Z,2026-07-27T09:00:00+0200,1060.29,MW,DK1,DK_1,actual_solar_generation,Solar,2026-08-04T05:33:58Z
2026-08-04T05:31:07Z,2026-08-04T07:31:07+0200,fe4314c0-08bc-43c1-bc96-38bb7e2cf46d,2026-07-27T07:15:00Z,2026-07-27T09:15:00+0200,1204.09,MW,DK1,DK_1,actual_solar_generation,Solar,2026-08-04T05:33:58Z
2026-08-04T05:31:07Z,2026-08-04T07:31:07+0200,fe4314c0-08bc-43c1-bc96-38bb7e2cf46d,2026-07-27T07:30:00Z,2026-07-27T09:30:00+0200,1330.95,MW,DK1,DK_1,actual_solar_generation,Solar,2026-08-04T05:33:58Z
2026-08-04T05:31:07Z,2026-08-04T07:31:07+0200,fe4314c0-08bc-43c1-bc96-38bb7e2cf46d,2026-07-27T07:45:00Z,2026-07-27T09:45:00+0200,1398.68,MW,DK1,DK_1,actual_solar_generation,Solar,2026-08-04T05:33:58Z
2026-08-04T05:31:07Z,2026-08-04T07:31:07+0200,fe4314c0-08bc-43c1-bc96-38bb7e2cf46d,2026-07-27T08:00:00Z,2026-07-27T10:00:00+0200,1468.97,MW,DK1,DK_1,actual_solar_generation,Solar,2026-08-04T05:33:58Z
2026-08-04T05:31:07Z,2026-08-04T07:31:07+0200,fe4314c0-08bc-43c1-bc96-38bb7e2cf46d,2026-07-27T08:15:00Z,2026-07-27T10:15:00+0200,1607.13,MW,DK1,DK_1,actual_solar_generation,Solar,2026-08-04T05:33:58Z
2026-08-04T05:31:07Z,2026-08-04T07:31:07+0200,fe4314c0-08bc-43c1-bc96-38bb7e2cf46d,2026-07-27T08:30:00Z,2026-07-27T10:30:00+0200,1580.14,MW,DK1,DK_1,actual_solar_generation,Solar,2026-08-04T05:33:58Z
2026-08-04T05:31:07Z,2026-08-04T07:31:07+0200,fe4314c0-08bc-43c1-bc96-38bb7e2cf46d,2026-07-27T08:45:00Z,2026-07-27T10:45:00+0200,1699.81,MW,DK1,DK_1,actual_solar_generation,Solar,2026-08-04T05:33:58Z
2026-08-04T05:31:07Z,2026-08-04T07:31:07+0200,fe4314c0-08bc-43c1-bc96-38bb7e2cf46d,2026-07-27T09:00:00Z,2026-07-27T11:00:00+0200,1820.21,MW,DK1,DK_1,actual_solar_generation,Solar,2026-08-04T05:33:58Z
2026-08-04T05:31:07Z,2026-08-04T07:31:07+0200,fe4314c0-08bc-43c1-bc96-38bb7e2cf46d,2026-07-27T09:15:00Z,2026-07-27T11:15:00+0200,1787.45,MW,DK1,DK_1,actual_solar_generation,Solar,2026-08-04T05:33:58Z
2026-08-04T05:31:07Z,2026-08-04T07:31:07+0200,fe4314c0-08bc-43c1-bc96-38bb7e2cf46d,2026-07-27T09:30:00Z,2026-07-27T11:30:00+0200,1624.53,MW,DK1,DK_1,actual_solar_generation,Solar,2026-08-04T05:33:58Z
2026-08-04T05:31:07Z,2026-08-04T07:31:07+0200,fe4314c0-08bc-43c1-bc96-38bb7e2cf46d,2026-07-27T09:45:00Z,2026-07-27T11:45:00+0200,1677.77,MW,DK1,DK_1,actual_solar_generation,Solar,2026-08-04T05:33:58Z
2026-08-04T05:31:07Z,2026-08-04T07:31:07+0200,fe4314c0-08bc-43c1-bc96-38bb7e2cf46d,2026-07-27T10:00:00Z,2026-07-27T12:00:00+0200,1728.73,MW,DK1,DK_1,actual_solar_generation,Solar,2026-08-04T05:33:58Z
2026-08-04T05:31:07Z,2026-08-04T07:31:07+0200,fe4314c0-08bc-43c1-bc96-38bb7e2cf46d,2026-07-27T10:15:00Z,2026-07-27T12:15:00+0200,1739.89,MW,DK1,DK_1,actual_solar_generation,Solar,2026-08-04T05:33:58Z
2026-08-04T05:31:07Z,2026-08-04T07:31:07+0200,fe4314c0-08bc-43c1-bc96-38bb7e2cf46d,2026-07-27T10:30:00Z,2026-07-27T12:30:00+0200,1593.29,MW,DK1,DK_1,actual_solar_generation,Solar,2026-08-04T05:33:58Z
2026-08-04T05:31:07Z,2026-08-04T07:31:07+0200,fe4314c0-08bc-43c1-bc96-38bb7e2cf46d,2026-07-27T10:45:00Z,2026-07-27T12:45:00+0200,1780.26,MW,DK1,DK_1,actual_solar_generation,Solar,2026-08-04T05:33:58Z
2026-08-04T05:31:07Z,2026-08-04T07:31:07+0200,fe4314c0-08bc-43c1-bc96-38bb7e2cf46d,2026-07-27T11:00:00Z,2026-07-27T13:00:00+0200,1834.67,MW,DK1,DK_1,actual_solar_generation,Solar,2026-08-04T05:33:58Z
2026-08-04T05:31:07Z,2026-08-04T07:31:07+0200,fe4314c0-08bc-43c1-bc96-38bb7e2cf46d,2026-07-27T11:15:00Z,2026-07-27T13:15:00+0200,1678.68,MW,DK1,DK_1,actual_solar_generation,Solar,2026-08-04T05:33:58Z
2026-08-04T05:31:07Z,2026-08-04T07:31:07+0200,fe4314c0-08bc-43c1-bc96-38bb7e2cf46d,2026-07-27T11:30:00Z,2026-07-27T13:30:00+0200,1707.9,MW,DK1,DK_1,actual_solar_generation,Solar,2026-08-04T05:33:58Z
2026-08-04T05:31:07Z,2026-08-04T07:31:07+0200,fe4314c0-08bc-43c1-bc96-38bb7e2cf46d,2026-07-27T11:45:00Z,2026-07-27T13:45:00+0200,1557.44,MW,DK1,DK_1,actual_solar_generation,Solar,2026-08-04T05:33:58Z
2026-08-04T05:31:07Z,2026-08-04T07:31:07+0200,fe4314c0-08bc-43c1-bc96-38bb7e2cf46d,2026-07-27T12:00:00Z,2026-07-27T14:00:00+0200,1148.16,MW,DK1,DK_1,actual_solar_generation,Solar,2026-08-04T05:33:58Z
2026-08-04T05:31:07Z,2026-08-04T07:31:07+0200,fe4314c0-08bc-43c1-bc96-38bb7e2cf46d,2026-07-27T12:15:00Z,2026-07-27T14:15:00+0200,1292.12,MW,DK1,DK_1,actual_solar_generation,Solar,2026-08-04T05:33:58Z
2026-08-04T05:31:07Z,2026-08-04T07:31:07+0200,fe4314c0-08bc-43c1-bc96-38bb7e2cf46d,2026-07-27T12:30:00Z,2026-07-27T14:30:00+0200,1433.19,MW,DK1,DK_1,actual_solar_generation,Solar,2026-08-04T05:33:58Z
2026-08-04T05:31:07Z,2026-08-04T07:31:07+0200,fe4314c0-08bc-43c1-bc96-38bb7e2cf46d,2026-07-27T12:45:00Z,2026-07-27T14:45:00+0200,1400.47,MW,DK1,DK_1,actual_solar_generation,Solar,2026-08-04T05:33:58Z
2026-08-04T05:31:07Z,2026-08-04T07:31:07+0200,fe4314c0-08bc-43c1-bc96-38bb7e2cf46d,2026-07-27T13:00:00Z,2026-07-27T15:00:00+0200,1328.14,MW,DK1,DK_1,actual_solar_generation,Solar,2026-08-04T05:33:58Z
2026-08-04T05:31:07Z,2026-08-04T07:31:07+0200,fe4314c0-08bc-43c1-bc96-38bb7e2cf46d,2026-07-27T13:15:00Z,2026-07-27T15:15:00+0200,1085.83,MW,DK1,DK_1,actual_solar_generation,Solar,2026-08-04T05:33:58Z
2026-08-04T05:31:07Z,2026-08-04T07:31:07+0200,fe4314c0-08bc-43c1-bc96-38bb7e2cf46d,2026-07-27T13:30:00Z,2026-07-27T15:30:00+0200,1058.38,MW,DK1,DK_1,actual_solar_generation,Solar,2026-08-04T05:33:58Z
2026-08-04T05:31:07Z,2026-08-04T07:31:07+0200,fe4314c0-08bc-43c1-bc96-38bb7e2cf46d,2026-07-27T13:45:00Z,2026-07-27T15:45:00+0200,1267.37,MW,DK1,DK_1,actual_solar_generation,Solar,2026-08-04T05:33:58Z
2026-08-04T05:31:07Z,2026-08-04T07:31:07+0200,fe4314c0-08bc-43c1-bc96-38bb7e2cf46d,2026-07-27T14:00:00Z,2026-07-27T16:00:00+0200,1094.48,MW,DK1,DK_1,actual_solar_generation,Solar,2026-08-04T05:33:58Z
2026-08-04T05:31:07Z,2026-08-04T07:31:07+0200,fe4314c0-08bc-43c1-bc96-38bb7e2cf46d,2026-07-27T14:15:00Z,2026-07-27T16:15:00+0200,1061.71,MW,DK1,DK_1,actual_solar_generation,Solar,2026-08-04T05:33:58Z
2026-08-04T05:31:07Z,2026-08-04T07:31:07+0200,fe4314c0-08bc-43c1-bc96-38bb7e2cf46d,2026-07-27T14:30:00Z,2026-07-27T16:30:00+0200,1221.48,MW,DK1,DK_1,actual_solar_generation,Solar,2026-08-04T05:33:58Z
2026-08-04T05:31:07Z,2026-08-04T07:31:07+0200,fe4314c0-08bc-43c1-bc96-38bb7e2cf46d,2026-07-27T14:45:00Z,2026-07-27T16:45:00+0200,1095.49,MW,DK1,DK_1,actual_solar_generation,Solar,2026-08-04T05:33:58Z
2026-08-04T05:31:07Z,2026-08-04T07:31:07+0200,fe4314c0-08bc-43c1-bc96-38bb7e2cf46d,2026-07-27T15:00:00Z,2026-07-27T17:00:00+0200,902.111,MW,DK1,DK_1,actual_solar_generation,Solar,2026-08-04T05:33:58Z
2026-08-04T05:31:07Z,2026-08-04T07:31:07+0200,fe4314c0-08bc-43c1-bc96-38bb7e2cf46d,2026-07-27T15:15:00Z,2026-07-27T17:15:00+0200,1116.92,MW,DK1,DK_1,actual_solar_generation,Solar,2026-08-04T05:33:58Z
2026-08-04T05:31:07Z,2026-08-04T07:31:07+0200,fe4314c0-08bc-43c1-bc96-38bb7e2cf46d,2026-07-27T15:30:00Z,2026-07-27T17:30:00+0200,1119.23,MW,DK1,DK_1,actual_solar_generation,Solar,2026-08-04T05:33:58Z
2026-08-04T05:31:07Z,2026-08-04T07:31:07+0200,fe4314c0-08bc-43c1-bc96-38bb7e2cf46d,2026-07-27T15:45:00Z,2026-07-27T17:45:00+0200,979.292,MW,DK1,DK_1,actual_solar_generation,Solar,2026-08-04T05:33:58Z
2026-08-04T05:31:07Z,2026-08-04T07:31:07+0200,fe4314c0-08bc-43c1-bc96-38bb7e2cf46d,2026-07-27T16:00:00Z,2026-07-27T18:00:00+0200,943.384,MW,DK1,DK_1,actual_solar_generation,Solar,2026-08-04T05:33:58Z
2026-08-04T05:31:07Z,2026-08-04T07:31:07+0200,fe4314c0-08bc-43c1-bc96-38bb7e2cf46d,2026-07-27T16:15:00Z,2026-07-27T18:15:00+0200,811.034,MW,DK1,DK_1,actual_solar_generation,Solar,2026-08-04T05:33:58Z
2026-08-04T05:31:07Z,2026-08-04T07:31:07+0200,fe4314c0-08bc-43c1-bc96-38bb7e2cf46d,2026-07-27T16:30:00Z,2026-07-27T18:30:00+0200,701.144,MW,DK1,DK_1,actual_solar_generation,Solar,2026-08-04T05:33:58Z
2026-08-04T05:31:07Z,2026-08-04T07:31:07+0200,fe4314c0-08bc-43c1-bc96-38bb7e2cf46d,2026-07-27T16:45:00Z,2026-07-27T18:45:00+0200,596.099,MW,DK1,DK_1,actual_solar_generation,Solar,2026-08-04T05:33:58Z
2026-08-04T05:31:07Z,2026-08-04T07:31:07+0200,fe4314c0-08bc-43c1-bc96-38bb7e2cf46d,2026-07-27T17:00:00Z,2026-07-27T19:00:00+0200,554.337,MW,DK1,DK_1,actual_solar_generation,Solar,2026-08-04T05:33:58Z
2026-08-04T05:31:07Z,2026-08-04T07:31:07+0200,fe4314c0-08bc-43c1-bc96-38bb7e2cf46d,2026-07-27T17:15:00Z,2026-07-27T19:15:00+0200,470.446,MW,DK1,DK_1,actual_solar_generation,Solar,2026-08-04T05:33:58Z
2026-08-04T05:31:07Z,2026-08-04T07:31:07+0200,fe4314c0-08bc-43c1-bc96-38bb7e2cf46d,2026-07-27T17:30:00Z,2026-07-27T19:30:00+0200,397.603,MW,DK1,DK_1,actual_solar_generation,Solar,2026-08-04T05:33:58Z
2026-08-04T05:31:07Z,2026-08-04T07:31:07+0200,fe4314c0-08bc-43c1-bc96-38bb7e2cf46d,2026-07-27T17:45:00Z,2026-07-27T19:45:00+0200,321.429,MW,DK1,DK_1,actual_solar_generation,Solar,2026-08-04T05:33:58Z
2026-08-04T05:31:07Z,2026-08-04T07:31:07+0200,fe4314c0-08bc-43c1-bc96-38bb7e2cf46d,2026-07-27T18:00:00Z,2026-07-27T20:00:00+0200,249.282,MW,DK1,DK_1,actual_solar_generation,Solar,2026-08-04T05:33:58Z
2026-08-04T05:31:07Z,2026-08-04T07:31:07+0200,fe4314c0-08bc-43c1-bc96-38bb7e2cf46d,2026-07-27T18:15:00Z,2026-07-27T20:15:00+0200,184.032,MW,DK1,DK_1,actual_solar_generation,Solar,2026-08-04T05:33:58Z
2026-08-04T05:31:07Z,2026-08-04T07:31:07+0200,fe4314c0-08bc-43c1-bc96-38bb7e2cf46d,2026-07-27T18:30:00Z,2026-07-27T20:30:00+0200,124.716,MW,DK1,DK_1,actual_solar_generation,Solar,2026-08-04T05:33:58Z
2026-08-04T05:31:07Z,2026-08-04T07:31:07+0200,fe4314c0-08bc-43c1-bc96-38bb7e2cf46d,2026-07-27T18:45:00Z,2026-07-27T20:45:00+0200,79.7294,MW,DK1,DK_1,actual_solar_generation,Solar,2026-08-04T05:33:58Z
2026-08-04T05:31:07Z,2026-08-04T07:31:07+0200,fe4314c0-08bc-43c1-bc96-38bb7e2cf46d,2026-07-27T19:00:00Z,2026-07-27T21:00:00+0200,49.5706,MW,DK1,DK_1,actual_solar_generation,Solar,2026-08-04T05:33:58Z
2026-08-04T05:31:07Z,2026-08-04T07:31:07+0200,fe4314c0-08bc-43c1-bc96-38bb7e2cf46d,2026-07-27T19:15:00Z,2026-07-27T21:15:00+0200,28.2853,MW,DK1,DK_1,actual_solar_generation,Solar,2026-08-04T05:33:58Z
2026-08-04T05:31:07Z,2026-08-04T07:31:07+0200,fe4314c0-08bc-43c1-bc96-38bb7e2cf46d,2026-07-27T19:30:00Z,2026-07-27T21:30:00+0200,12.7873,MW,DK1,DK_1,actual_solar_generation,Solar,2026-08-04T05:33:58Z
2026-08-04T05:31:07Z,2026-08-04T07:31:07+0200,fe4314c0-08bc-43c1-bc96-38bb7e2cf46d,2026-07-27T19:45:00Z,2026-07-27T21:45:00+0200,6.22293,MW,DK1,DK_1,actual_solar_generation,Solar,2026-08-04T05:33:58Z
2026-08-04T05:31:07Z,2026-08-04T07:31:07+0200,fe4314c0-08bc-43c1-bc96-38bb7e2cf46d,2026-07-27T20:00:00Z,2026-07-27T22:00:00+0200,5.11311,MW,DK1,DK_1,actual_solar_generation,Solar,2026-08-04T05:33:58Z
2026-08-04T05:31:07Z,2026-08-04T07:31:07+0200,fe4314c0-08bc-43c1-bc96-38bb7e2cf46d,2026-07-27T20:15:00Z,2026-07-27T22:15:00+0200,5.51072,MW,DK1,DK_1,actual_solar_generation,Solar,2026-08-04T05:33:58Z
2026-08-04T05:31:07Z,2026-08-04T07:31:07+0200,fe4314c0-08bc-43c1-bc96-38bb7e2cf46d,2026-07-27T20:30:00Z,2026-07-27T22:30:00+0200,5.59392,MW,DK1,DK_1,actual_solar_generation,Solar,2026-08-04T05:33:58Z
2026-08-04T05:31:07Z,2026-08-04T07:31:07+0200,fe4314c0-08bc-43c1-bc96-38bb7e2cf46d,2026-07-27T20:45:00Z,2026-07-27T22:45:00+0200,5.8414,MW,DK1,DK_1,actual_solar_generation,Solar,2026-08-04T05:33:58Z
2026-08-04T05:31:07Z,2026-08-04T07:31:07+0200,fe4314c0-08bc-43c1-bc96-38bb7e2cf46d,2026-07-27T21:00:00Z,2026-07-27T23:00:00+0200,5.82535,MW,DK1,DK_1,actual_solar_generation,Solar,2026-08-04T05:33:58Z
2026-08-04T05:31:07Z,2026-08-04T07:31:07+0200,fe4314c0-08bc-43c1-bc96-38bb7e2cf46d,2026-07-27T21:15:00Z,2026-07-27T23:15:00+0200,6.06042,MW,DK1,DK_1,actual_solar_generation,Solar,2026-08-04T05:33:58Z
2026-08-04T05:31:07Z,2026-08-04T07:31:07+0200,fe4314c0-08bc-43c1-bc96-38bb7e2cf46d,2026-07-27T21:30:00Z,2026-07-27T23:30:00+0200,5.63452,MW,DK1,DK_1,actual_solar_generation,Solar,2026-08-04T05:33:58Z
2026-08-04T05:31:07Z,2026-08-04T07:31:07+0200,fe4314c0-08bc-43c1-bc96-38bb7e2cf46d,2026-07-27T21:45:00Z,2026-07-27T23:45:00+0200,7.49602,MW,DK1,DK_1,actual_solar_generation,Solar,2026-08-04T05:33:58Z
2026-08-04T05:31:07Z,2026-08-04T07:31:07+0200,fe4314c0-08bc-43c1-bc96-38bb7e2cf46d,2026-07-27T22:00:00Z,2026-07-28T00:00:00+0200,6.85684,MW,DK1,DK_1,actual_solar_generation,Solar,2026-08-04T05:33:58Z
2026-08-04T05:31:07Z,2026-08-04T07:31:07+0200,fe4314c0-08bc-43c1-bc96-38bb7e2cf46d,2026-07-27T22:15:00Z,2026-07-28T00:15:00+0200,7.02989,MW,DK1,DK_1,actual_solar_generation,Solar,2026-08-04T05:33:58Z
2026-08-04T05:31:07Z,2026-08-04T07:31:07+0200,fe4314c0-08bc-43c1-bc96-38bb7e2cf46d,2026-07-27T22:30:00Z,2026-07-28T00:30:00+0200,6.02225,MW,DK1,DK_1,actual_solar_generation,Solar,2026-08-04T05:33:58Z
2026-08-04T05:31:07Z,2026-08-04T07:31:07+0200,fe4314c0-08bc-43c1-bc96-38bb7e2cf46d,2026-07-27T22:45:00Z,2026-07-28T00:45:00+0200,7.30452,MW,DK1,DK_1,actual_solar_generation,Solar,2026-08-04T05:33:58Z
2026-08-04T05:31:07Z,2026-08-04T07:31:07+0200,fe4314c0-08bc-43c1-bc96-38bb7e2cf46d,2026-07-27T23:00:00Z,2026-07-28T01:00:00+0200,7.64343,MW,DK1,DK_1,actual_solar_generation,Solar,2026-08-04T05:33:58Z
2026-08-04T05:31:07Z,2026-08-04T07:31:07+0200,fe4314c0-08bc-43c1-bc96-38bb7e2cf46d,2026-07-27T23:15:00Z,2026-07-28T01:15:00+0200,7.70266,MW,DK1,DK_1,actual_solar_generation,Solar,2026-08-04T05:33:58Z
2026-08-04T05:31:07Z,2026-08-04T07:31:07+0200,fe4314c0-08bc-43c1-bc96-38bb7e2cf46d,2026-07-27T23:30:00Z,2026-07-28T01:30:00+0200,8.42398,MW,DK1,DK_1,actual_solar_generation,Solar,2026-08-04T05:33:58Z
2026-08-04T05:31:07Z,2026-08-04T07:31:07+0200,fe4314c0-08bc-43c1-bc96-38bb7e2cf46d,2026-07-27T23:45:00Z,2026-07-28T01:45:00+0200,7.69018,MW,DK1,DK_1,actual_solar_generation,Solar,2026-08-04T05:33:58Z
2026-08-04T05:31:07Z,2026-08-04T07:31:07+0200,fe4314c0-08bc-43c1-bc96-38bb7e2cf46d,2026-07-28T00:00:00Z,2026-07-28T02:00:00+0200,8.61163,MW,DK1,DK_1,actual_solar_generation,Solar,2026-08-04T05:33:58Z
2026-08-04T05:31:07Z,2026-08-04T07:31:07+0200,fe4314c0-08bc-43c1-bc96-38bb7e2cf46d,2026-07-28T00:15:00Z,2026-07-28T02:15:00+0200,8.10947,MW,DK1,DK_1,actual_solar_generation,Solar,2026-08-04T05:33:58Z
2026-08-04T05:31:07Z,2026-08-04T07:31:07+0200,fe4314c0-08bc-43c1-bc96-38bb7e2cf46d,2026-07-28T00:30:00Z,2026-07-28T02:30:00+0200,7.14106,MW,DK1,DK_1,actual_solar_generation,Solar,2026-08-04T05:33:58Z
2026-08-04T05:31:07Z,2026-08-04T07:31:07+0200,fe4314c0-08bc-43c1-bc96-38bb7e2cf46d,2026-07-28T00:45:00Z,2026-07-28T02:45:00+0200,6.44231,MW,DK1,DK_1,actual_solar_generation,Solar,2026-08-04T05:33:58Z
2026-08-04T05:31:07Z,2026-08-04T07:31:07+0200,fe4314c0-08bc-43c1-bc96-38bb7e2cf46d,2026-07-28T01:00:00Z,2026-07-28T03:00:00+0200,6.33508,MW,DK1,DK_1,actual_solar_generation,Solar,2026-08-04T05:33:58Z
2026-08-04T05:31:07Z,2026-08-04T07:31:07+0200,fe4314c0-08bc-43c1-bc96-38bb7e2cf46d,2026-07-28T01:15:00Z,2026-07-28T03:15:00+0200,6.57114,MW,DK1,DK_1,actual_solar_generation,Solar,2026-08-04T05:33:58Z
2026-08-04T05:31:07Z,2026-08-04T07:31:07+0200,fe4314c0-08bc-43c1-bc96-38bb7e2cf46d,2026-07-28T01:30:00Z,2026-07-28T03:30:00+0200,7.0164,MW,DK1,DK_1,actual_solar_generation,Solar,2026-08-04T05:33:58Z
2026-08-04T05:31:07Z,2026-08-04T07:31:07+0200,fe4314c0-08bc-43c1-bc96-38bb7e2cf46d,2026-07-28T01:45:00Z,2026-07-28T03:45:00+0200,6.11855,MW,DK1,DK_1,actual_solar_generation,Solar,2026-08-04T05:33:58Z
2026-08-04T05:31:07Z,2026-08-04T07:31:07+0200,fe4314c0-08bc-43c1-bc96-38bb7e2cf46d,2026-07-28T02:00:00Z,2026-07-28T04:00:00+0200,6.91638,MW,DK1,DK_1,actual_solar_generation,Solar,2026-08-04T05:33:58Z
2026-08-04T05:31:07Z,2026-08-04T07:31:07+0200,fe4314c0-08bc-43c1-bc96-38bb7e2cf46d,2026-07-28T02:15:00Z,2026-07-28T04:15:00+0200,4.68268,MW,DK1,DK_1,actual_solar_generation,Solar,2026-08-04T05:33:58Z
2026-08-04T05:31:07Z,2026-08-04T07:31:07+0200,fe4314c0-08bc-43c1-bc96-38bb7e2cf46d,2026-07-28T02:30:00Z,2026-07-28T04:30:00+0200,3.76728,MW,DK1,DK_1,actual_solar_generation,Solar,2026-08-04T05:33:58Z
2026-08-04T05:31:07Z,2026-08-04T07:31:07+0200,fe4314c0-08bc-43c1-bc96-38bb7e2cf46d,2026-07-28T02:45:00Z,2026-07-28T04:45:00+0200,5.0732,MW,DK1,DK_1,actual_solar_generation,Solar,2026-08-04T05:33:58Z
2026-08-04T05:31:07Z,2026-08-04T07:31:07+0200,fe4314c0-08bc-43c1-bc96-38bb7e2cf46d,2026-07-28T03:00:00Z,2026-07-28T05:00:00+0200,6.09903,MW,DK1,DK_1,actual_solar_generation,Solar,2026-08-04T05:33:58Z
2026-08-04T05:31:07Z,2026-08-04T07:31:07+0200,fe4314c0-08bc-43c1-bc96-38bb7e2cf46d,2026-07-28T03:15:00Z,2026-07-28T05:15:00+0200,11.2792,MW,DK1,DK_1,actual_solar_generation,Solar,2026-08-04T05:33:58Z
2026-08-04T05:31:07Z,2026-08-04T07:31:07+0200,fe4314c0-08bc-43c1-bc96-38bb7e2cf46d,2026-07-28T03:30:00Z,2026-07-28T05:30:00+0200,21.4494,MW,DK1,DK_1,actual_solar_generation,Solar,2026-08-04T05:33:58Z
2026-08-04T05:31:07Z,2026-08-04T07:31:07+0200,fe4314c0-08bc-43c1-bc96-38bb7e2cf46d,2026-07-28T03:45:00Z,2026-07-28T05:45:00+0200,39.7521,MW,DK1,DK_1,actual_solar_generation,Solar,2026-08-04T05:33:58Z
2026-08-04T05:31:07Z,2026-08-04T07:31:07+0200,fe4314c0-08bc-43c1-bc96-38bb7e2cf46d,2026-07-28T04:00:00Z,2026-07-28T06:00:00+0200,67.2056,MW,DK1,DK_1,actual_solar_generation,Solar,2026-08-04T05:33:58Z
2026-08-04T05:31:07Z,2026-08-04T07:31:07+0200,fe4314c0-08bc-43c1-bc96-38bb7e2cf46d,2026-07-28T04:15:00Z,2026-07-28T06:15:00+0200,112.728,MW,DK1,DK_1,actual_solar_generation,Solar,2026-08-04T05:33:58Z
2026-08-04T05:31:07Z,2026-08-04T07:31:07+0200,fe4314c0-08bc-43c1-bc96-38bb7e2cf46d,2026-07-28T04:30:00Z,2026-07-28T06:30:00+0200,171.052,MW,DK1,DK_1,actual_solar_generation,Solar,2026-08-04T05:33:58Z
2026-08-04T05:31:07Z,2026-08-04T07:31:07+0200,fe4314c0-08bc-43c1-bc96-38bb7e2cf46d,2026-07-28T04:45:00Z,2026-07-28T06:45:00+0200,231.991,MW,DK1,DK_1,actual_solar_generation,Solar,2026-08-04T05:33:58Z
2026-08-04T05:31:07Z,2026-08-04T07:31:07+0200,fe4314c0-08bc-43c1-bc96-38bb7e2cf46d,2026-07-28T05:00:00Z,2026-07-28T07:00:00+0200,306.095,MW,DK1,DK_1,actual_solar_generation,Solar,2026-08-04T05:33:58Z
2026-08-04T05:31:07Z,2026-08-04T07:31:07+0200,fe4314c0-08bc-43c1-bc96-38bb7e2cf46d,2026-07-28T05:15:00Z,2026-07-28T07:15:00+0200,401.019,MW,DK1,DK_1,actual_solar_generation,Solar,2026-08-04T05:33:58Z
2026-08-04T05:31:07Z,2026-08-04T07:31:07+0200,fe4314c0-08bc-43c1-bc96-38bb7e2cf46d,2026-07-28T05:30:00Z,2026-07-28T07:30:00+0200,499.294,MW,DK1,DK_1,actual_solar_generation,Solar,2026-08-04T05:33:58Z
2026-08-04T05:31:07Z,2026-08-04T07:31:07+0200,fe4314c0-08bc-43c1-bc96-38bb7e2cf46d,2026-07-28T05:45:00Z,2026-07-28T07:45:00+0200,606.459,MW,DK1,DK_1,actual_solar_generation,Solar,2026-08-04T05:33:58Z
2026-08-04T05:31:07Z,2026-08-04T07:31:07+0200,fe4314c0-08bc-43c1-bc96-38bb7e2cf46d,2026-07-28T06:00:00Z,2026-07-28T08:00:00+0200,780.7,MW,DK1,DK_1,actual_solar_generation,Solar,2026-08-04T05:33:58Z
2026-08-04T05:31:07Z,2026-08-04T07:31:07+0200,fe4314c0-08bc-43c1-bc96-38bb7e2cf46d,2026-07-28T06:15:00Z,2026-07-28T08:15:00+0200,921.228,MW,DK1,DK_1,actual_solar_generation,Solar,2026-08-04T05:33:58Z
2026-08-04T05:31:07Z,2026-08-04T07:31:07+0200,fe4314c0-08bc-43c1-bc96-38bb7e2cf46d,2026-07-28T06:30:00Z,2026-07-28T08:30:00+0200,1064.3,MW,DK1,DK_1,actual_solar_generation,Solar,2026-08-04T05:33:58Z
2026-08-04T05:31:07Z,2026-08-04T07:31:07+0200,fe4314c0-08bc-43c1-bc96-38bb7e2cf46d,2026-07-28T06:45:00Z,2026-07-28T08:45:00+0200,1174.54,MW,DK1,DK_1,actual_solar_generation,Solar,2026-08-04T05:33:58Z
2026-08-04T05:31:07Z,2026-08-04T07:31:07+0200,fe4314c0-08bc-43c1-bc96-38bb7e2cf46d,2026-07-28T07:00:00Z,2026-07-28T09:00:00+0200,1202.66,MW,DK1,DK_1,actual_solar_generation,Solar,2026-08-04T05:33:58Z
2026-08-04T05:31:07Z,2026-08-04T07:31:07+0200,fe4314c0-08bc-43c1-bc96-38bb7e2cf46d,2026-07-28T07:15:00Z,2026-07-28T09:15:00+0200,1327.32,MW,DK1,DK_1,actual_solar_generation,Solar,2026-08-04T05:33:58Z
2026-08-04T05:31:07Z,2026-08-04T07:31:07+0200,fe4314c0-08bc-43c1-bc96-38bb7e2cf46d,2026-07-28T07:30:00Z,2026-07-28T09:30:00+0200,1398.32,MW,DK1,DK_1,actual_solar_generation,Solar,2026-08-04T05:33:58Z
2026-08-04T05:31:07Z,2026-08-04T07:31:07+0200,fe4314c0-08bc-43c1-bc96-38bb7e2cf46d,2026-07-28T07:45:00Z,2026-07-28T09:45:00+0200,1409.65,MW,DK1,DK_1,actual_solar_generation,Solar,2026-08-04T05:33:58Z
2026-08-04T05:31:07Z,2026-08-04T07:31:07+0200,fe4314c0-08bc-43c1-bc96-38bb7e2cf46d,2026-07-28T08:00:00Z,2026-07-28T10:00:00+0200,1461.1,MW,DK1,DK_1,actual_solar_generation,Solar,2026-08-04T05:33:58Z
2026-08-04T05:31:07Z,2026-08-04T07:31:07+0200,fe4314c0-08bc-43c1-bc96-38bb7e2cf46d,2026-07-28T08:15:00Z,2026-07-28T10:15:00+0200,1414.94,MW,DK1,DK_1,actual_solar_generation,Solar,2026-08-04T05:33:58Z
2026-08-04T05:31:07Z,2026-08-04T07:31:07+0200,fe4314c0-08bc-43c1-bc96-38bb7e2cf46d,2026-07-28T08:30:00Z,2026-07-28T10:30:00+0200,1345.73,MW,DK1,DK_1,actual_solar_generation,Solar,2026-08-04T05:33:58Z
2026-08-04T05:31:07Z,2026-08-04T07:31:07+0200,fe4314c0-08bc-43c1-bc96-38bb7e2cf46d,2026-07-28T08:45:00Z,2026-07-28T10:45:00+0200,1369.8,MW,DK1,DK_1,actual_solar_generation,Solar,2026-08-04T05:33:58Z
2026-08-04T05:31:07Z,2026-08-04T07:31:07+0200,fe4314c0-08bc-43c1-bc96-38bb7e2cf46d,2026-07-28T09:00:00Z,2026-07-28T11:00:00+0200,1399.3,MW,DK1,DK_1,actual_solar_generation,Solar,2026-08-04T05:33:58Z
2026-08-04T05:31:07Z,2026-08-04T07:31:07+0200,fe4314c0-08bc-43c1-bc96-38bb7e2cf46d,2026-07-28T09:15:00Z,2026-07-28T11:15:00+0200,1309.57,MW,DK1,DK_1,actual_solar_generation,Solar,2026-08-04T05:33:58Z
2026-08-04T05:31:07Z,2026-08-04T07:31:07+0200,fe4314c0-08bc-43c1-bc96-38bb7e2cf46d,2026-07-28T09:30:00Z,2026-07-28T11:30:00+0200,1294.35,MW,DK1,DK_1,actual_solar_generation,Solar,2026-08-04T05:33:58Z
2026-08-04T05:31:07Z,2026-08-04T07:31:07+0200,fe4314c0-08bc-43c1-bc96-38bb7e2cf46d,2026-07-28T09:45:00Z,2026-07-28T11:45:00+0200,1087.2,MW,DK1,DK_1,actual_solar_generation,Solar,2026-08-04T05:33:58Z
2026-08-04T05:31:07Z,2026-08-04T07:31:07+0200,fe4314c0-08bc-43c1-bc96-38bb7e2cf46d,2026-07-28T10:00:00Z,2026-07-28T12:00:00+0200,1153.57,MW,DK1,DK_1,actual_solar_generation,Solar,2026-08-04T05:33:58Z
2026-08-04T05:31:07Z,2026-08-04T07:31:07+0200,fe4314c0-08bc-43c1-bc96-38bb7e2cf46d,2026-07-28T10:15:00Z,2026-07-28T12:15:00+0200,1090.02,MW,DK1,DK_1,actual_solar_generation,Solar,2026-08-04T05:33:58Z
2026-08-04T05:31:07Z,2026-08-04T07:31:07+0200,fe4314c0-08bc-43c1-bc96-38bb7e2cf46d,2026-07-28T10:30:00Z,2026-07-28T12:30:00+0200,1123.76,MW,DK1,DK_1,actual_solar_generation,Solar,2026-08-04T05:33:58Z
2026-08-04T05:31:07Z,2026-08-04T07:31:07+0200,fe4314c0-08bc-43c1-bc96-38bb7e2cf46d,2026-07-28T10:45:00Z,2026-07-28T12:45:00+0200,1152.61,MW,DK1,DK_1,actual_solar_generation,Solar,2026-08-04T05:33:58Z
2026-08-04T05:31:07Z,2026-08-04T07:31:07+0200,fe4314c0-08bc-43c1-bc96-38bb7e2cf46d,2026-07-28T11:00:00Z,2026-07-28T13:00:00+0200,1207.56,MW,DK1,DK_1,actual_solar_generation,Solar,2026-08-04T05:33:58Z
2026-08-04T05:31:07Z,2026-08-04T07:31:07+0200,fe4314c0-08bc-43c1-bc96-38bb7e2cf46d,2026-07-28T11:15:00Z,2026-07-28T13:15:00+0200,1077.72,MW,DK1,DK_1,actual_solar_generation,Solar,2026-08-04T05:33:58Z
2026-08-04T05:31:07Z,2026-08-04T07:31:07+0200,fe4314c0-08bc-43c1-bc96-38bb7e2cf46d,2026-07-28T11:30:00Z,2026-07-28T13:30:00+0200,1127.54,MW,DK1,DK_1,actual_solar_generation,Solar,2026-08-04T05:33:58Z
2026-08-04T05:31:07Z,2026-08-04T07:31:07+0200,fe4314c0-08bc-43c1-bc96-38bb7e2cf46d,2026-07-28T11:45:00Z,2026-07-28T13:45:00+0200,1131.73,MW,DK1,DK_1,actual_solar_generation,Solar,2026-08-04T05:33:58Z
2026-08-04T05:31:07Z,2026-08-04T07:31:07+0200,fe4314c0-08bc-43c1-bc96-38bb7e2cf46d,2026-07-28T12:00:00Z,2026-07-28T14:00:00+0200,1237.18,MW,DK1,DK_1,actual_solar_generation,Solar,2026-08-04T05:33:58Z
2026-08-04T05:31:07Z,2026-08-04T07:31:07+0200,fe4314c0-08bc-43c1-bc96-38bb7e2cf46d,2026-07-28T12:15:00Z,2026-07-28T14:15:00+0200,1232.08,MW,DK1,DK_1,actual_solar_generation,Solar,2026-08-04T05:33:58Z
2026-08-04T05:31:07Z,2026-08-04T07:31:07+0200,fe4314c0-08bc-43c1-bc96-38bb7e2cf46d,2026-07-28T12:30:00Z,2026-07-28T14:30:00+0200,1181.75,MW,DK1,DK_1,actual_solar_generation,Solar,2026-08-04T05:33:58Z
2026-08-04T05:31:07Z,2026-08-04T07:31:07+0200,fe4314c0-08bc-43c1-bc96-38bb7e2cf46d,2026-07-28T12:45:00Z,2026-07-28T14:45:00+0200,1168.21,MW,DK1,DK_1,actual_solar_generation,Solar,2026-08-04T05:33:58Z
2026-08-04T05:31:07Z,2026-08-04T07:31:07+0200,fe4314c0-08bc-43c1-bc96-38bb7e2cf46d,2026-07-28T13:00:00Z,2026-07-28T15:00:00+0200,1104.04,MW,DK1,DK_1,actual_solar_generation,Solar,2026-08-04T05:33:58Z
2026-08-04T05:31:07Z,2026-08-04T07:31:07+0200,fe4314c0-08bc-43c1-bc96-38bb7e2cf46d,2026-07-28T13:15:00Z,2026-07-28T15:15:00+0200,1043.34,MW,DK1,DK_1,actual_solar_generation,Solar,2026-08-04T05:33:58Z
2026-08-04T05:31:07Z,2026-08-04T07:31:07+0200,fe4314c0-08bc-43c1-bc96-38bb7e2cf46d,2026-07-28T13:30:00Z,2026-07-28T15:30:00+0200,1095.21,MW,DK1,DK_1,actual_solar_generation,Solar,2026-08-04T05:33:58Z
2026-08-04T05:31:07Z,2026-08-04T07:31:07+0200,fe4314c0-08bc-43c1-bc96-38bb7e2cf46d,2026-07-28T13:45:00Z,2026-07-28T15:45:00+0200,1053.95,MW,DK1,DK_1,actual_solar_generation,Solar,2026-08-04T05:33:58Z
2026-08-04T05:31:07Z,2026-08-04T07:31:07+0200,fe4314c0-08bc-43c1-bc96-38bb7e2cf46d,2026-07-28T14:00:00Z,2026-07-28T16:00:00+0200,934.315,MW,DK1,DK_1,actual_solar_generation,Solar,2026-08-04T05:33:58Z
2026-08-04T05:31:07Z,2026-08-04T07:31:07+0200,fe4314c0-08bc-43c1-bc96-38bb7e2cf46d,2026-07-28T14:15:00Z,2026-07-28T16:15:00+0200,941.618,MW,DK1,DK_1,actual_solar_generation,Solar,2026-08-04T05:33:58Z
2026-08-04T05:31:07Z,2026-08-04T07:31:07+0200,fe4314c0-08bc-43c1-bc96-38bb7e2cf46d,2026-07-28T14:30:00Z,2026-07-28T16:30:00+0200,826.957,MW,DK1,DK_1,actual_solar_generation,Solar,2026-08-04T05:33:58Z
2026-08-04T05:31:07Z,2026-08-04T07:31:07+0200,fe4314c0-08bc-43c1-bc96-38bb7e2cf46d,2026-07-28T14:45:00Z,2026-07-28T16:45:00+0200,631.797,MW,DK1,DK_1,actual_solar_generation,Solar,2026-08-04T05:33:58Z
2026-08-04T05:31:07Z,2026-08-04T07:31:07+0200,fe4314c0-08bc-43c1-bc96-38bb7e2cf46d,2026-07-28T15:00:00Z,2026-07-28T17:00:00+0200,550.219,MW,DK1,DK_1,actual_solar_generation,Solar,2026-08-04T05:33:58Z
2026-08-04T05:31:07Z,2026-08-04T07:31:07+0200,fe4314c0-08bc-43c1-bc96-38bb7e2cf46d,2026-07-28T15:15:00Z,2026-07-28T17:15:00+0200,450.844,MW,DK1,DK_1,actual_solar_generation,Solar,2026-08-04T05:33:58Z
2026-08-04T05:31:07Z,2026-08-04T07:31:07+0200,fe4314c0-08bc-43c1-bc96-38bb7e2cf46d,2026-07-28T15:30:00Z,2026-07-28T17:30:00+0200,404.405,MW,DK1,DK_1,actual_solar_generation,Solar,2026-08-04T05:33:58Z
2026-08-04T05:31:07Z,2026-08-04T07:31:07+0200,fe4314c0-08bc-43c1-bc96-38bb7e2cf46d,2026-07-28T15:45:00Z,2026-07-28T17:45:00+0200,361.649,MW,DK1,DK_1,actual_solar_generation,Solar,2026-08-04T05:33:58Z
2026-08-04T05:31:07Z,2026-08-04T07:31:07+0200,fe4314c0-08bc-43c1-bc96-38bb7e2cf46d,2026-07-28T16:00:00Z,2026-07-28T18:00:00+0200,296.07,MW,DK1,DK_1,actual_solar_generation,Solar,2026-08-04T05:33:58Z
2026-08-04T05:31:07Z,2026-08-04T07:31:07+0200,fe4314c0-08bc-43c1-bc96-38bb7e2cf46d,2026-07-28T16:15:00Z,2026-07-28T18:15:00+0200,256.092,MW,DK1,DK_1,actual_solar_generation,Solar,2026-08-04T05:33:58Z
2026-08-04T05:31:07Z,2026-08-04T07:31:07+0200,fe4314c0-08bc-43c1-bc96-38bb7e2cf46d,2026-07-28T16:30:00Z,2026-07-28T18:30:00+0200,224.715,MW,DK1,DK_1,actual_solar_generation,Solar,2026-08-04T05:33:58Z
2026-08-04T05:31:07Z,2026-08-04T07:31:07+0200,fe4314c0-08bc-43c1-bc96-38bb7e2cf46d,2026-07-28T16:45:00Z,2026-07-28T18:45:00+0200,191.254,MW,DK1,DK_1,actual_solar_generation,Solar,2026-08-04T05:33:58Z
2026-08-04T05:31:07Z,2026-08-04T07:31:07+0200,fe4314c0-08bc-43c1-bc96-38bb7e2cf46d,2026-07-28T17:00:00Z,2026-07-28T19:00:00+0200,156.684,MW,DK1,DK_1,actual_solar_generation,Solar,2026-08-04T05:33:58Z
2026-08-04T05:31:07Z,2026-08-04T07:31:07+0200,fe4314c0-08bc-43c1-bc96-38bb7e2cf46d,2026-07-28T17:15:00Z,2026-07-28T19:15:00+0200,138.647,MW,DK1,DK_1,actual_solar_generation,Solar,2026-08-04T05:33:58Z
2026-08-04T05:31:07Z,2026-08-04T07:31:07+0200,fe4314c0-08bc-43c1-bc96-38bb7e2cf46d,2026-07-28T17:30:00Z,2026-07-28T19:30:00+0200,114.626,MW,DK1,DK_1,actual_solar_generation,Solar,2026-08-04T05:33:58Z
2026-08-04T05:31:07Z,2026-08-04T07:31:07+0200,fe4314c0-08bc-43c1-bc96-38bb7e2cf46d,2026-07-28T17:45:00Z,2026-07-28T19:45:00+0200,103.853,MW,DK1,DK_1,actual_solar_generation,Solar,2026-08-04T05:33:58Z
2026-08-04T05:31:07Z,2026-08-04T07:31:07+0200,fe4314c0-08bc-43c1-bc96-38bb7e2cf46d,2026-07-28T18:00:00Z,2026-07-28T20:00:00+0200,86.8373,MW,DK1,DK_1,actual_solar_generation,Solar,2026-08-04T05:33:58Z
2026-08-04T05:31:07Z,2026-08-04T07:31:07+0200,fe4314c0-08bc-43c1-bc96-38bb7e2cf46d,2026-07-28T18:15:00Z,2026-07-28T20:15:00+0200,72.4166,MW,DK1,DK_1,actual_solar_generation,Solar,2026-08-04T05:33:58Z
2026-08-04T05:31:07Z,2026-08-04T07:31:07+0200,fe4314c0-08bc-43c1-bc96-38bb7e2cf46d,2026-07-28T18:30:00Z,2026-07-28T20:30:00+0200,54.1212,MW,DK1,DK_1,actual_solar_generation,Solar,2026-08-04T05:33:58Z
2026-08-04T05:31:07Z,2026-08-04T07:31:07+0200,fe4314c0-08bc-43c1-bc96-38bb7e2cf46d,2026-07-28T18:45:00Z,2026-07-28T20:45:00+0200,35.3642,MW,DK1,DK_1,actual_solar_generation,Solar,2026-08-04T05:33:58Z
2026-08-04T05:31:07Z,2026-08-04T07:31:07+0200,fe4314c0-08bc-43c1-bc96-38bb7e2cf46d,2026-07-28T19:00:00Z,2026-07-28T21:00:00+0200,22.1653,MW,DK1,DK_1,actual_solar_generation,Solar,2026-08-04T05:33:58Z
2026-08-04T05:31:07Z,2026-08-04T07:31:07+0200,fe4314c0-08bc-43c1-bc96-38bb7e2cf46d,2026-07-28T19:15:00Z,2026-07-28T21:15:00+0200,11.4971,MW,DK1,DK_1,actual_solar_generation,Solar,2026-08-04T05:33:58Z
2026-08-04T05:31:07Z,2026-08-04T07:31:07+0200,fe4314c0-08bc-43c1-bc96-38bb7e2cf46d,2026-07-28T19:30:00Z,2026-07-28T21:30:00+0200,5.04607,MW,DK1,DK_1,actual_solar_generation,Solar,2026-08-04T05:33:58Z
2026-08-04T05:31:07Z,2026-08-04T07:31:07+0200,fe4314c0-08bc-43c1-bc96-38bb7e2cf46d,2026-07-28T19:45:00Z,2026-07-28T21:45:00+0200,2.67994,MW,DK1,DK_1,actual_solar_generation,Solar,2026-08-04T05:33:58Z
2026-08-04T05:31:07Z,2026-08-04T07:31:07+0200,fe4314c0-08bc-43c1-bc96-38bb7e2cf46d,2026-07-28T20:00:00Z,2026-07-28T22:00:00+0200,2.24591,MW,DK1,DK_1,actual_solar_generation,Solar,2026-08-04T05:33:58Z
2026-08-04T05:31:07Z,2026-08-04T07:31:07+0200,fe4314c0-08bc-43c1-bc96-38bb7e2cf46d,2026-07-28T20:15:00Z,2026-07-28T22:15:00+0200,2.11793,MW,DK1,DK_1,actual_solar_generation,Solar,2026-08-04T05:33:58Z
2026-08-04T05:31:07Z,2026-08-04T07:31:07+0200,fe4314c0-08bc-43c1-bc96-38bb7e2cf46d,2026-07-28T20:30:00Z,2026-07-28T22:30:00+0200,1.92396,MW,DK1,DK_1,actual_solar_generation,Solar,2026-08-04T05:33:58Z
2026-08-04T05:31:07Z,2026-08-04T07:31:07+0200,fe4314c0-08bc-43c1-bc96-38bb7e2cf46d,2026-07-28T20:45:00Z,2026-07-28T22:45:00+0200,1.98963,MW,DK1,DK_1,actual_solar_generation,Solar,2026-08-04T05:33:58Z
2026-08-04T05:31:07Z,2026-08-04T07:31:07+0200,fe4314c0-08bc-43c1-bc96-38bb7e2cf46d,2026-07-28T21:00:00Z,2026-07-28T23:00:00+0200,1.68297,MW,DK1,DK_1,actual_solar_generation,Solar,2026-08-04T05:33:58Z
2026-08-04T05:31:07Z,2026-08-04T07:31:07+0200,fe4314c0-08bc-43c1-bc96-38bb7e2cf46d,2026-07-28T21:15:00Z,2026-07-28T23:15:00+0200,1.37757,MW,DK1,DK_1,actual_solar_generation,Solar,2026-08-04T05:33:58Z
2026-08-04T05:31:07Z,2026-08-04T07:31:07+0200,fe4314c0-08bc-43c1-bc96-38bb7e2cf46d,2026-07-28T21:30:00Z,2026-07-28T23:30:00+0200,1.5311,MW,DK1,DK_1,actual_solar_generation,Solar,2026-08-04T05:33:58Z
2026-08-04T05:31:07Z,2026-08-04T07:31:07+0200,fe4314c0-08bc-43c1-bc96-38bb7e2cf46d,2026-07-28T21:45:00Z,2026-07-28T23:45:00+0200,1.3013,MW,DK1,DK_1,actual_solar_generation,Solar,2026-08-04T05:33:58Z
2026-08-04T05:31:07Z,2026-08-04T07:31:07+0200,fe4314c0-08bc-43c1-bc96-38bb7e2cf46d,2026-07-28T22:00:00Z,2026-07-29T00:00:00+0200,0.854954,MW,DK1,DK_1,actual_solar_generation,Solar,2026-08-04T05:33:58Z
2026-08-04T05:31:07Z,2026-08-04T07:31:07+0200,fe4314c0-08bc-43c1-bc96-38bb7e2cf46d,2026-07-28T22:15:00Z,2026-07-29T00:15:00+0200,1.10749,MW,DK1,DK_1,actual_solar_generation,Solar,2026-08-04T05:33:58Z
2026-08-04T05:31:07Z,2026-08-04T07:31:07+0200,fe4314c0-08bc-43c1-bc96-38bb7e2cf46d,2026-07-28T22:30:00Z,2026-07-29T00:30:00+0200,1.13956,MW,DK1,DK_1,actual_solar_generation,Solar,2026-08-04T05:33:58Z
2026-08-04T05:31:07Z,2026-08-04T07:31:07+0200,fe4314c0-08bc-43c1-bc96-38bb7e2cf46d,2026-07-28T22:45:00Z,2026-07-29T00:45:00+0200,0.636058,MW,DK1,DK_1,actual_solar_generation,Solar,2026-08-04T05:33:58Z
2026-08-04T05:31:07Z,2026-08-04T07:31:07+0200,fe4314c0-08bc-43c1-bc96-38bb7e2cf46d,2026-07-28T23:00:00Z,2026-07-29T01:00:00+0200,0.820744,MW,DK1,DK_1,actual_solar_generation,Solar,2026-08-04T05:33:58Z
2026-08-04T05:31:07Z,2026-08-04T07:31:07+0200,fe4314c0-08bc-43c1-bc96-38bb7e2cf46d,2026-07-28T23:15:00Z,2026-07-29T01:15:00+0200,0.927524,MW,DK1,DK_1,actual_solar_generation,Solar,2026-08-04T05:33:58Z
2026-08-04T05:31:07Z,2026-08-04T07:31:07+0200,fe4314c0-08bc-43c1-bc96-38bb7e2cf46d,2026-07-28T23:30:00Z,2026-07-29T01:30:00+0200,1.33149,MW,DK1,DK_1,actual_solar_generation,Solar,2026-08-04T05:33:58Z
2026-08-04T05:31:07Z,2026-08-04T07:31:07+0200,fe4314c0-08bc-43c1-bc96-38bb7e2cf46d,2026-07-28T23:45:00Z,2026-07-29T01:45:00+0200,1.06559,MW,DK1,DK_1,actual_solar_generation,Solar,2026-08-04T05:33:58Z
2026-08-04T05:31:07Z,2026-08-04T07:31:07+0200,fe4314c0-08bc-43c1-bc96-38bb7e2cf46d,2026-07-29T00:00:00Z,2026-07-29T02:00:00+0200,0.736252,MW,DK1,DK_1,actual_solar_generation,Solar,2026-08-04T05:33:58Z
2026-08-04T05:31:07Z,2026-08-04T07:31:07+0200,fe4314c0-08bc-43c1-bc96-38bb7e2cf46d,2026-07-29T00:15:00Z,2026-07-29T02:15:00+0200,0.904377,MW,DK1,DK_1,actual_solar_generation,Solar,2026-08-04T05:33:58Z
2026-08-04T05:31:07Z,2026-08-04T07:31:07+0200,fe4314c0-08bc-43c1-bc96-38bb7e2cf46d,2026-07-29T00:30:00Z,2026-07-29T02:30:00+0200,1.36886,MW,DK1,DK_1,actual_solar_generation,Solar,2026-08-04T05:33:58Z
2026-08-04T05:31:07Z,2026-08-04T07:31:07+0200,fe4314c0-08bc-43c1-bc96-38bb7e2cf46d,2026-07-29T00:45:00Z,2026-07-29T02:45:00+0200,1.05848,MW,DK1,DK_1,actual_solar_generation,Solar,2026-08-04T05:33:58Z
2026-08-04T05:31:07Z,2026-08-04T07:31:07+0200,fe4314c0-08bc-43c1-bc96-38bb7e2cf46d,2026-07-29T01:00:00Z,2026-07-29T03:00:00+0200,1.01798,MW,DK1,DK_1,actual_solar_generation,Solar,2026-08-04T05:33:58Z
2026-08-04T05:31:07Z,2026-08-04T07:31:07+0200,fe4314c0-08bc-43c1-bc96-38bb7e2cf46d,2026-07-29T01:15:00Z,2026-07-29T03:15:00+0200,1.30142,MW,DK1,DK_1,actual_solar_generation,Solar,2026-08-04T05:33:58Z
2026-08-04T05:31:07Z,2026-08-04T07:31:07+0200,fe4314c0-08bc-43c1-bc96-38bb7e2cf46d,2026-07-29T01:30:00Z,2026-07-29T03:30:00+0200,0.748177,MW,DK1,DK_1,actual_solar_generation,Solar,2026-08-04T05:33:58Z
2026-08-04T05:31:07Z,2026-08-04T07:31:07+0200,fe4314c0-08bc-43c1-bc96-38bb7e2cf46d,2026-07-29T01:45:00Z,2026-07-29T03:45:00+0200,0.705511,MW,DK1,DK_1,actual_solar_generation,Solar,2026-08-04T05:33:58Z
2026-08-04T05:31:07Z,2026-08-04T07:31:07+0200,fe4314c0-08bc-43c1-bc96-38bb7e2cf46d,2026-07-29T02:15:00Z,2026-07-29T04:15:00+0200,0.006362,MW,DK1,DK_1,actual_solar_generation,Solar,2026-08-04T05:33:58Z
2026-08-04T05:31:07Z,2026-08-04T07:31:07+0200,fe4314c0-08bc-43c1-bc96-38bb7e2cf46d,2026-07-29T02:30:00Z,2026-07-29T04:30:00+0200,0.012039,MW,DK1,DK_1,actual_solar_generation,Solar,2026-08-04T05:33:58Z
2026-08-04T05:31:07Z,2026-08-04T07:31:07+0200,fe4314c0-08bc-43c1-bc96-38bb7e2cf46d,2026-07-29T03:00:00Z,2026-07-29T05:00:00+0200,0.493768,MW,DK1,DK_1,actual_solar_generation,Solar,2026-08-04T05:33:58Z
2026-08-04T05:31:07Z,2026-08-04T07:31:07+0200,fe4314c0-08bc-43c1-bc96-38bb7e2cf46d,2026-07-29T03:15:00Z,2026-07-29T05:15:00+0200,5.83944,MW,DK1,DK_1,actual_solar_generation,Solar,2026-08-04T05:33:58Z
2026-08-04T05:31:07Z,2026-08-04T07:31:07+0200,fe4314c0-08bc-43c1-bc96-38bb7e2cf46d,2026-07-29T03:30:00Z,2026-07-29T05:30:00+0200,19.4355,MW,DK1,DK_1,actual_solar_generation,Solar,2026-08-04T05:33:58Z
2026-08-04T05:31:07Z,2026-08-04T07:31:07+0200,fe4314c0-08bc-43c1-bc96-38bb7e2cf46d,2026-07-29T03:45:00Z,2026-07-29T05:45:00+0200,37.8293,MW,DK1,DK_1,actual_solar_generation,Solar,2026-08-04T05:33:58Z
2026-08-04T05:31:07Z,2026-08-04T07:31:07+0200,fe4314c0-08bc-43c1-bc96-38bb7e2cf46d,2026-07-29T04:00:00Z,2026-07-29T06:00:00+0200,61.2367,MW,DK1,DK_1,actual_solar_generation,Solar,2026-08-04T05:33:58Z
2026-08-04T05:31:07Z,2026-08-04T07:31:07+0200,fe4314c0-08bc-43c1-bc96-38bb7e2cf46d,2026-07-29T04:15:00Z,2026-07-29T06:15:00+0200,87.3961,MW,DK1,DK_1,actual_solar_generation,Solar,2026-08-04T05:33:58Z
2026-08-04T05:31:07Z,2026-08-04T07:31:07+0200,fe4314c0-08bc-43c1-bc96-38bb7e2cf46d,2026-07-29T04:30:00Z,2026-07-29T06:30:00+0200,123.661,MW,DK1,DK_1,actual_solar_generation,Solar,2026-08-04T05:33:58Z
2026-08-04T05:31:07Z,2026-08-04T07:31:07+0200,fe4314c0-08bc-43c1-bc96-38bb7e2cf46d,2026-07-29T04:45:00Z,2026-07-29T06:45:00+0200,155.002,MW,DK1,DK_1,actual_solar_generation,Solar,2026-08-04T05:33:58Z
2026-08-04T05:31:07Z,2026-08-04T07:31:07+0200,fe4314c0-08bc-43c1-bc96-38bb7e2cf46d,2026-07-29T05:00:00Z,2026-07-29T07:00:00+0200,184.743,MW,DK1,DK_1,actual_solar_generation,Solar,2026-08-04T05:33:58Z
2026-08-04T05:31:07Z,2026-08-04T07:31:07+0200,fe4314c0-08bc-43c1-bc96-38bb7e2cf46d,2026-07-29T05:15:00Z,2026-07-29T07:15:00+0200,233.998,MW,DK1,DK_1,actual_solar_generation,Solar,2026-08-04T05:33:58Z
2026-08-04T05:31:07Z,2026-08-04T07:31:07+0200,fe4314c0-08bc-43c1-bc96-38bb7e2cf46d,2026-07-29T05:30:00Z,2026-07-29T07:30:00+0200,294.801,MW,DK1,DK_1,actual_solar_generation,Solar,2026-08-04T05:33:58Z
2026-08-04T05:31:07Z,2026-08-04T07:31:07+0200,fe4314c0-08bc-43c1-bc96-38bb7e2cf46d,2026-07-29T05:45:00Z,2026-07-29T07:45:00+0200,361.033,MW,DK1,DK_1,actual_solar_generation,Solar,2026-08-04T05:33:58Z
2026-08-04T05:31:07Z,2026-08-04T07:31:07+0200,fe4314c0-08bc-43c1-bc96-38bb7e2cf46d,2026-07-29T06:00:00Z,2026-07-29T08:00:00+0200,452.105,MW,DK1,DK_1,actual_solar_generation,Solar,2026-08-04T05:33:58Z
2026-08-04T05:31:07Z,2026-08-04T07:31:07+0200,fe4314c0-08bc-43c1-bc96-38bb7e2cf46d,2026-07-29T06:15:00Z,2026-07-29T08:15:00+0200,541.439,MW,DK1,DK_1,actual_solar_generation,Solar,2026-08-04T05:33:58Z
2026-08-04T05:31:07Z,2026-08-04T07:31:07+0200,fe4314c0-08bc-43c1-bc96-38bb7e2cf46d,2026-07-29T06:30:00Z,2026-07-29T08:30:00+0200,640.033,MW,DK1,DK_1,actual_solar_generation,Solar,2026-08-04T05:33:58Z
2026-08-04T05:31:07Z,2026-08-04T07:31:07+0200,fe4314c0-08bc-43c1-bc96-38bb7e2cf46d,2026-07-29T06:45:00Z,2026-07-29T08:45:00+0200,820.235,MW,DK1,DK_1,actual_solar_generation,Solar,2026-08-04T05:33:58Z
2026-08-04T05:31:07Z,2026-08-04T07:31:07+0200,fe4314c0-08bc-43c1-bc96-38bb7e2cf46d,2026-07-29T07:00:00Z,2026-07-29T09:00:00+0200,964.914,MW,DK1,DK_1,actual_solar_generation,Solar,2026-08-04T05:33:58Z
2026-08-04T05:31:07Z,2026-08-04T07:31:07+0200,fe4314c0-08bc-43c1-bc96-38bb7e2cf46d,2026-07-29T07:15:00Z,2026-07-29T09:15:00+0200,1107.81,MW,DK1,DK_1,actual_solar_generation,Solar,2026-08-04T05:33:58Z
2026-08-04T05:31:07Z,2026-08-04T07:31:07+0200,fe4314c0-08bc-43c1-bc96-38bb7e2cf46d,2026-07-29T07:30:00Z,2026-07-29T09:30:00+0200,1208.24,MW,DK1,DK_1,actual_solar_generation,Solar,2026-08-04T05:33:58Z
2026-08-04T05:31:07Z,2026-08-04T07:31:07+0200,fe4314c0-08bc-43c1-bc96-38bb7e2cf46d,2026-07-29T07:45:00Z,2026-07-29T09:45:00+0200,1355.62,MW,DK1,DK_1,actual_solar_generation,Solar,2026-08-04T05:33:58Z
2026-08-04T05:31:07Z,2026-08-04T07:31:07+0200,fe4314c0-08bc-43c1-bc96-38bb7e2cf46d,2026-07-29T08:00:00Z,2026-07-29T10:00:00+0200,1487.63,MW,DK1,DK_1,actual_solar_generation,Solar,2026-08-04T05:33:58Z
2026-08-04T05:31:07Z,2026-08-04T07:31:07+0200,fe4314c0-08bc-43c1-bc96-38bb7e2cf46d,2026-07-29T08:15:00Z,2026-07-29T10:15:00+0200,1529.57,MW,DK1,DK_1,actual_solar_generation,Solar,2026-08-04T05:33:58Z
2026-08-04T05:31:07Z,2026-08-04T07:31:07+0200,fe4314c0-08bc-43c1-bc96-38bb7e2cf46d,2026-07-29T08:30:00Z,2026-07-29T10:30:00+0200,1577.56,MW,DK1,DK_1,actual_solar_generation,Solar,2026-08-04T05:33:58Z
2026-08-04T05:31:07Z,2026-08-04T07:31:07+0200,fe4314c0-08bc-43c1-bc96-38bb7e2cf46d,2026-07-29T08:45:00Z,2026-07-29T10:45:00+0200,1743.09,MW,DK1,DK_1,actual_solar_generation,Solar,2026-08-04T05:33:58Z
2026-08-04T05:31:07Z,2026-08-04T07:31:07+0200,fe4314c0-08bc-43c1-bc96-38bb7e2cf46d,2026-07-29T09:00:00Z,2026-07-29T11:00:00+0200,1807.78,MW,DK1,DK_1,actual_solar_generation,Solar,2026-08-04T05:33:58Z
2026-08-04T05:31:07Z,2026-08-04T07:31:07+0200,fe4314c0-08bc-43c1-bc96-38bb7e2cf46d,2026-07-29T09:15:00Z,2026-07-29T11:15:00+0200,1769.16,MW,DK1,DK_1,actual_solar_generation,Solar,2026-08-04T05:33:58Z
2026-08-04T05:31:07Z,2026-08-04T07:31:07+0200,fe4314c0-08bc-43c1-bc96-38bb7e2cf46d,2026-07-29T09:30:00Z,2026-07-29T11:30:00+0200,1941.41,MW,DK1,DK_1,actual_solar_generation,Solar,2026-08-04T05:33:58Z
2026-08-04T05:31:07Z,2026-08-04T07:31:07+0200,fe4314c0-08bc-43c1-bc96-38bb7e2cf46d,2026-07-29T09:45:00Z,2026-07-29T11:45:00+0200,1913.3,MW,DK1,DK_1,actual_solar_generation,Solar,2026-08-04T05:33:58Z
2026-08-04T05:31:07Z,2026-08-04T07:31:07+0200,fe4314c0-08bc-43c1-bc96-38bb7e2cf46d,2026-07-29T10:00:00Z,2026-07-29T12:00:00+0200,2032.6,MW,DK1,DK_1,actual_solar_generation,Solar,2026-08-04T05:33:58Z
2026-08-04T05:31:07Z,2026-08-04T07:31:07+0200,fe4314c0-08bc-43c1-bc96-38bb7e2cf46d,2026-07-29T10:15:00Z,2026-07-29T12:15:00+0200,1812.65,MW,DK1,DK_1,actual_solar_generation,Solar,2026-08-04T05:33:58Z
2026-08-04T05:31:07Z,2026-08-04T07:31:07+0200,fe4314c0-08bc-43c1-bc96-38bb7e2cf46d,2026-07-29T10:30:00Z,2026-07-29T12:30:00+0200,1729.63,MW,DK1,DK_1,actual_solar_generation,Solar,2026-08-04T05:33:58Z
2026-08-04T05:31:07Z,2026-08-04T07:31:07+0200,fe4314c0-08bc-43c1-bc96-38bb7e2cf46d,2026-07-29T10:45:00Z,2026-07-29T12:45:00+0200,1877.27,MW,DK1,DK_1,actual_solar_generation,Solar,2026-08-04T05:33:58Z
2026-08-04T05:31:07Z,2026-08-04T07:31:07+0200,fe4314c0-08bc-43c1-bc96-38bb7e2cf46d,2026-07-29T11:00:00Z,2026-07-29T13:00:00+0200,1954.6,MW,DK1,DK_1,actual_solar_generation,Solar,2026-08-04T05:33:58Z
2026-08-04T05:31:07Z,2026-08-04T07:31:07+0200,fe4314c0-08bc-43c1-bc96-38bb7e2cf46d,2026-07-29T11:15:00Z,2026-07-29T13:15:00+0200,1783.92,MW,DK1,DK_1,actual_solar_generation,Solar,2026-08-04T05:33:58Z
2026-08-04T05:31:07Z,2026-08-04T07:31:07+0200,fe4314c0-08bc-43c1-bc96-38bb7e2cf46d,2026-07-29T11:30:00Z,2026-07-29T13:30:00+0200,1781.02,MW,DK1,DK_1,actual_solar_generation,Solar,2026-08-04T05:33:58Z
2026-08-04T05:31:07Z,2026-08-04T07:31:07+0200,fe4314c0-08bc-43c1-bc96-38bb7e2cf46d,2026-07-29T11:45:00Z,2026-07-29T13:45:00+0200,1754.53,MW,DK1,DK_1,actual_solar_generation,Solar,2026-08-04T05:33:58Z
2026-08-04T05:31:07Z,2026-08-04T07:31:07+0200,fe4314c0-08bc-43c1-bc96-38bb7e2cf46d,2026-07-29T12:00:00Z,2026-07-29T14:00:00+0200,1641.04,MW,DK1,DK_1,actual_solar_generation,Solar,2026-08-04T05:33:58Z
2026-08-04T05:31:07Z,2026-08-04T07:31:07+0200,fe4314c0-08bc-43c1-bc96-38bb7e2cf46d,2026-07-29T12:15:00Z,2026-07-29T14:15:00+0200,1737.63,MW,DK1,DK_1,actual_solar_generation,Solar,2026-08-04T05:33:58Z
2026-08-04T05:31:07Z,2026-08-04T07:31:07+0200,fe4314c0-08bc-43c1-bc96-38bb7e2cf46d,2026-07-29T12:30:00Z,2026-07-29T14:30:00+0200,1792.3,MW,DK1,DK_1,actual_solar_generation,Solar,2026-08-04T05:33:58Z
2026-08-04T05:31:07Z,2026-08-04T07:31:07+0200,fe4314c0-08bc-43c1-bc96-38bb7e2cf46d,2026-07-29T12:45:00Z,2026-07-29T14:45:00+0200,1832.84,MW,DK1,DK_1,actual_solar_generation,Solar,2026-08-04T05:33:58Z
2026-08-04T05:31:07Z,2026-08-04T07:31:07+0200,fe4314c0-08bc-43c1-bc96-38bb7e2cf46d,2026-07-29T13:00:00Z,2026-07-29T15:00:00+0200,1735.99,MW,DK1,DK_1,actual_solar_generation,Solar,2026-08-04T05:33:58Z
2026-08-04T05:31:07Z,2026-08-04T07:31:07+0200,fe4314c0-08bc-43c1-bc96-38bb7e2cf46d,2026-07-29T13:15:00Z,2026-07-29T15:15:00+0200,2075.39,MW,DK1,DK_1,actual_solar_generation,Solar,2026-08-04T05:33:58Z
2026-08-04T05:31:07Z,2026-08-04T07:31:07+0200,fe4314c0-08bc-43c1-bc96-38bb7e2cf46d,2026-07-29T13:30:00Z,2026-07-29T15:30:00+0200,2025.13,MW,DK1,DK_1,actual_solar_generation,Solar,2026-08-04T05:33:58Z
2026-08-04T05:31:07Z,2026-08-04T07:31:07+0200,fe4314c0-08bc-43c1-bc96-38bb7e2cf46d,2026-07-29T13:45:00Z,2026-07-29T15:45:00+0200,2020.82,MW,DK1,DK_1,actual_solar_generation,Solar,2026-08-04T05:33:58Z
2026-08-04T05:31:07Z,2026-08-04T07:31:07+0200,fe4314c0-08bc-43c1-bc96-38bb7e2cf46d,2026-07-29T14:00:00Z,2026-07-29T16:00:00+0200,2077.62,MW,DK1,DK_1,actual_solar_generation,Solar,2026-08-04T05:33:58Z
2026-08-04T05:31:07Z,2026-08-04T07:31:07+0200,fe4314c0-08bc-43c1-bc96-38bb7e2cf46d,2026-07-29T14:15:00Z,2026-07-29T16:15:00+0200,1925.09,MW,DK1,DK_1,actual_solar_generation,Solar,2026-08-04T05:33:58Z
2026-08-04T05:31:07Z,2026-08-04T07:31:07+0200,fe4314c0-08bc-43c1-bc96-38bb7e2cf46d,2026-07-29T14:30:00Z,2026-07-29T16:30:00+0200,1806.98,MW,DK1,DK_1,actual_solar_generation,Solar,2026-08-04T05:33:58Z
2026-08-04T05:31:07Z,2026-08-04T07:31:07+0200,fe4314c0-08bc-43c1-bc96-38bb7e2cf46d,2026-07-29T14:45:00Z,2026-07-29T16:45:00+0200,1811.1,MW,DK1,DK_1,actual_solar_generation,Solar,2026-08-04T05:33:58Z
2026-08-04T05:31:07Z,2026-08-04T07:31:07+0200,fe4314c0-08bc-43c1-bc96-38bb7e2cf46d,2026-07-29T15:00:00Z,2026-07-29T17:00:00+0200,1684.73,MW,DK1,DK_1,actual_solar_generation,Solar,2026-08-04T05:33:58Z
2026-08-04T05:31:07Z,2026-08-04T07:31:07+0200,fe4314c0-08bc-43c1-bc96-38bb7e2cf46d,2026-07-29T15:15:00Z,2026-07-29T17:15:00+0200,1575.11,MW,DK1,DK_1,actual_solar_generation,Solar,2026-08-04T05:33:58Z
2026-08-04T05:31:07Z,2026-08-04T07:31:07+0200,fe4314c0-08bc-43c1-bc96-38bb7e2cf46d,2026-07-29T15:30:00Z,2026-07-29T17:30:00+0200,1391.8,MW,DK1,DK_1,actual_solar_generation,Solar,2026-08-04T05:33:58Z
2026-08-04T05:31:07Z,2026-08-04T07:31:07+0200,fe4314c0-08bc-43c1-bc96-38bb7e2cf46d,2026-07-29T15:45:00Z,2026-07-29T17:45:00+0200,1195.05,MW,DK1,DK_1,actual_solar_generation,Solar,2026-08-04T05:33:58Z
2026-08-04T05:31:07Z,2026-08-04T07:31:07+0200,fe4314c0-08bc-43c1-bc96-38bb7e2cf46d,2026-07-29T16:00:00Z,2026-07-29T18:00:00+0200,1058.56,MW,DK1,DK_1,actual_solar_generation,Solar,2026-08-04T05:33:58Z
2026-08-04T05:31:07Z,2026-08-04T07:31:07+0200,fe4314c0-08bc-43c1-bc96-38bb7e2cf46d,2026-07-29T16:15:00Z,2026-07-29T18:15:00+0200,981.742,MW,DK1,DK_1,actual_solar_generation,Solar,2026-08-04T05:33:58Z
2026-08-04T05:31:07Z,2026-08-04T07:31:07+0200,fe4314c0-08bc-43c1-bc96-38bb7e2cf46d,2026-07-29T16:30:00Z,2026-07-29T18:30:00+0200,838.437,MW,DK1,DK_1,actual_solar_generation,Solar,2026-08-04T05:33:58Z
2026-08-04T05:31:07Z,2026-08-04T07:31:07+0200,fe4314c0-08bc-43c1-bc96-38bb7e2cf46d,2026-07-29T16:45:00Z,2026-07-29T18:45:00+0200,746.572,MW,DK1,DK_1,actual_solar_generation,Solar,2026-08-04T05:33:58Z
2026-08-04T05:31:07Z,2026-08-04T07:31:07+0200,fe4314c0-08bc-43c1-bc96-38bb7e2cf46d,2026-07-29T17:00:00Z,2026-07-29T19:00:00+0200,618.416,MW,DK1,DK_1,actual_solar_generation,Solar,2026-08-04T05:33:58Z
2026-08-04T05:31:07Z,2026-08-04T07:31:07+0200,fe4314c0-08bc-43c1-bc96-38bb7e2cf46d,2026-07-29T17:15:00Z,2026-07-29T19:15:00+0200,488.19,MW,DK1,DK_1,actual_solar_generation,Solar,2026-08-04T05:33:58Z
2026-08-04T05:31:07Z,2026-08-04T07:31:07+0200,fe4314c0-08bc-43c1-bc96-38bb7e2cf46d,2026-07-29T17:30:00Z,2026-07-29T19:30:00+0200,360.685,MW,DK1,DK_1,actual_solar_generation,Solar,2026-08-04T05:33:58Z
2026-08-04T05:31:07Z,2026-08-04T07:31:07+0200,fe4314c0-08bc-43c1-bc96-38bb7e2cf46d,2026-07-29T17:45:00Z,2026-07-29T19:45:00+0200,275.776,MW,DK1,DK_1,actual_solar_generation,Solar,2026-08-04T05:33:58Z
2026-08-04T05:31:07Z,2026-08-04T07:31:07+0200,fe4314c0-08bc-43c1-bc96-38bb7e2cf46d,2026-07-29T18:00:00Z,2026-07-29T20:00:00+0200,214.783,MW,DK1,DK_1,actual_solar_generation,Solar,2026-08-04T05:33:58Z
2026-08-04T05:31:07Z,2026-08-04T07:31:07+0200,fe4314c0-08bc-43c1-bc96-38bb7e2cf46d,2026-07-29T18:15:00Z,2026-07-29T20:15:00+0200,171.112,MW,DK1,DK_1,actual_solar_generation,Solar,2026-08-04T05:33:58Z
2026-08-04T05:31:07Z,2026-08-04T07:31:07+0200,fe4314c0-08bc-43c1-bc96-38bb7e2cf46d,2026-07-29T18:30:00Z,2026-07-29T20:30:00+0200,118.433,MW,DK1,DK_1,actual_solar_generation,Solar,2026-08-04T05:33:58Z
2026-08-04T05:31:07Z,2026-08-04T07:31:07+0200,fe4314c0-08bc-43c1-bc96-38bb7e2cf46d,2026-07-29T18:45:00Z,2026-07-29T20:45:00+0200,81.0297,MW,DK1,DK_1,actual_solar_generation,Solar,2026-08-04T05:33:58Z
2026-08-04T05:31:07Z,2026-08-04T07:31:07+0200,fe4314c0-08bc-43c1-bc96-38bb7e2cf46d,2026-07-29T19:00:00Z,2026-07-29T21:00:00+0200,44.7015,MW,DK1,DK_1,actual_solar_generation,Solar,2026-08-04T05:33:58Z
2026-08-04T05:31:07Z,2026-08-04T07:31:07+0200,fe4314c0-08bc-43c1-bc96-38bb7e2cf46d,2026-07-29T19:15:00Z,2026-07-29T21:15:00+0200,12.4189,MW,DK1,DK_1,actual_solar_generation,Solar,2026-08-04T05:33:58Z
2026-08-04T05:31:07Z,2026-08-04T07:31:07+0200,fe4314c0-08bc-43c1-bc96-38bb7e2cf46d,2026-07-29T19:30:00Z,2026-07-29T21:30:00+0200,3.24991,MW,DK1,DK_1,actual_solar_generation,Solar,2026-08-04T05:33:58Z
2026-08-04T05:31:07Z,2026-08-04T07:31:07+0200,fe4314c0-08bc-43c1-bc96-38bb7e2cf46d,2026-07-29T19:45:00Z,2026-07-29T21:45:00+0200,0.125363,MW,DK1,DK_1,actual_solar_generation,Solar,2026-08-04T05:33:58Z
2026-08-04T05:31:07Z,2026-08-04T07:31:07+0200,fe4314c0-08bc-43c1-bc96-38bb7e2cf46d,2026-07-30T03:00:00Z,2026-07-30T05:00:00+0200,0.062403,MW,DK1,DK_1,actual_solar_generation,Solar,2026-08-04T05:33:58Z
2026-08-04T05:31:07Z,2026-08-04T07:31:07+0200,fe4314c0-08bc-43c1-bc96-38bb7e2cf46d,2026-07-30T03:15:00Z,2026-07-30T05:15:00+0200,1.12814,MW,DK1,DK_1,actual_solar_generation,Solar,2026-08-04T05:33:58Z
2026-08-04T05:31:07Z,2026-08-04T07:31:07+0200,fe4314c0-08bc-43c1-bc96-38bb7e2cf46d,2026-07-30T03:30:00Z,2026-07-30T05:30:00+0200,11.8577,MW,DK1,DK_1,actual_solar_generation,Solar,2026-08-04T05:33:58Z
2026-08-04T05:31:07Z,2026-08-04T07:31:07+0200,fe4314c0-08bc-43c1-bc96-38bb7e2cf46d,2026-07-30T03:45:00Z,2026-07-30T05:45:00+0200,31.5877,MW,DK1,DK_1,actual_solar_generation,Solar,2026-08-04T05:33:58Z
2026-08-04T05:31:07Z,2026-08-04T07:31:07+0200,fe4314c0-08bc-43c1-bc96-38bb7e2cf46d,2026-07-30T04:00:00Z,2026-07-30T06:00:00+0200,63.0594,MW,DK1,DK_1,actual_solar_generation,Solar,2026-08-04T05:33:58Z
2026-08-04T05:31:07Z,2026-08-04T07:31:07+0200,fe4314c0-08bc-43c1-bc96-38bb7e2cf46d,2026-07-30T04:15:00Z,2026-07-30T06:15:00+0200,104.523,MW,DK1,DK_1,actual_solar_generation,Solar,2026-08-04T05:33:58Z
2026-08-04T05:31:07Z,2026-08-04T07:31:07+0200,fe4314c0-08bc-43c1-bc96-38bb7e2cf46d,2026-07-30T04:30:00Z,2026-07-30T06:30:00+0200,154.441,MW,DK1,DK_1,actual_solar_generation,Solar,2026-08-04T05:33:58Z
2026-08-04T05:31:07Z,2026-08-04T07:31:07+0200,fe4314c0-08bc-43c1-bc96-38bb7e2cf46d,2026-07-30T04:45:00Z,2026-07-30T06:45:00+0200,221.847,MW,DK1,DK_1,actual_solar_generation,Solar,2026-08-04T05:33:58Z
2026-08-04T05:31:07Z,2026-08-04T07:31:07+0200,fe4314c0-08bc-43c1-bc96-38bb7e2cf46d,2026-07-30T05:00:00Z,2026-07-30T07:00:00+0200,298.476,MW,DK1,DK_1,actual_solar_generation,Solar,2026-08-04T05:33:58Z
2026-08-04T05:31:07Z,2026-08-04T07:31:07+0200,fe4314c0-08bc-43c1-bc96-38bb7e2cf46d,2026-07-30T05:15:00Z,2026-07-30T07:15:00+0200,405.029,MW,DK1,DK_1,actual_solar_generation,Solar,2026-08-04T05:33:58Z
2026-08-04T05:31:07Z,2026-08-04T07:31:07+0200,fe4314c0-08bc-43c1-bc96-38bb7e2cf46d,2026-07-30T05:30:00Z,2026-07-30T07:30:00+0200,530.596,MW,DK1,DK_1,actual_solar_generation,Solar,2026-08-04T05:33:58Z
2026-08-04T05:31:07Z,2026-08-04T07:31:07+0200,fe4314c0-08bc-43c1-bc96-38bb7e2cf46d,2026-07-30T05:45:00Z,2026-07-30T07:45:00+0200,658.207,MW,DK1,DK_1,actual_solar_generation,Solar,2026-08-04T05:33:58Z
2026-08-04T05:31:07Z,2026-08-04T07:31:07+0200,fe4314c0-08bc-43c1-bc96-38bb7e2cf46d,2026-07-30T06:00:00Z,2026-07-30T08:00:00+0200,824.743,MW,DK1,DK_1,actual_solar_generation,Solar,2026-08-04T05:33:58Z
2026-08-04T05:31:07Z,2026-08-04T07:31:07+0200,fe4314c0-08bc-43c1-bc96-38bb7e2cf46d,2026-07-30T06:15:00Z,2026-07-30T08:15:00+0200,999.573,MW,DK1,DK_1,actual_solar_generation,Solar,2026-08-04T05:33:58Z
2026-08-04T05:31:07Z,2026-08-04T07:31:07+0200,fe4314c0-08bc-43c1-bc96-38bb7e2cf46d,2026-07-30T06:30:00Z,2026-07-30T08:30:00+0200,1181.41,MW,DK1,DK_1,actual_solar_generation,Solar,2026-08-04T05:33:58Z
2026-08-04T05:31:07Z,2026-08-04T07:31:07+0200,fe4314c0-08bc-43c1-bc96-38bb7e2cf46d,2026-07-30T06:45:00Z,2026-07-30T08:45:00+0200,1324.43,MW,DK1,DK_1,actual_solar_generation,Solar,2026-08-04T05:33:58Z
2026-08-04T05:31:07Z,2026-08-04T07:31:07+0200,fe4314c0-08bc-43c1-bc96-38bb7e2cf46d,2026-07-30T07:00:00Z,2026-07-30T09:00:00+0200,1512.51,MW,DK1,DK_1,actual_solar_generation,Solar,2026-08-04T05:33:58Z
2026-08-04T05:31:07Z,2026-08-04T07:31:07+0200,fe4314c0-08bc-43c1-bc96-38bb7e2cf46d,2026-07-30T07:15:00Z,2026-07-30T09:15:00+0200,1651.11,MW,DK1,DK_1,actual_solar_generation,Solar,2026-08-04T05:33:58Z
2026-08-04T05:31:07Z,2026-08-04T07:31:07+0200,fe4314c0-08bc-43c1-bc96-38bb7e2cf46d,2026-07-30T07:30:00Z,2026-07-30T09:30:00+0200,1794.9,MW,DK1,DK_1,actual_solar_generation,Solar,2026-08-04T05:33:58Z
2026-08-04T05:31:07Z,2026-08-04T07:31:07+0200,fe4314c0-08bc-43c1-bc96-38bb7e2cf46d,2026-07-30T07:45:00Z,2026-07-30T09:45:00+0200,1921.54,MW,DK1,DK_1,actual_solar_generation,Solar,2026-08-04T05:33:58Z
2026-08-04T05:31:07Z,2026-08-04T07:31:07+0200,fe4314c0-08bc-43c1-bc96-38bb7e2cf46d,2026-07-30T08:00:00Z,2026-07-30T10:00:00+0200,2062.3,MW,DK1,DK_1,actual_solar_generation,Solar,2026-08-04T05:33:58Z
2026-08-04T05:31:07Z,2026-08-04T07:31:07+0200,fe4314c0-08bc-43c1-bc96-38bb7e2cf46d,2026-07-30T08:15:00Z,2026-07-30T10:15:00+0200,2167.14,MW,DK1,DK_1,actual_solar_generation,Solar,2026-08-04T05:33:58Z
2026-08-04T05:31:07Z,2026-08-04T07:31:07+0200,fe4314c0-08bc-43c1-bc96-38bb7e2cf46d,2026-07-30T08:30:00Z,2026-07-30T10:30:00+0200,2277.75,MW,DK1,DK_1,actual_solar_generation,Solar,2026-08-04T05:33:58Z
2026-08-04T05:31:07Z,2026-08-04T07:31:07+0200,fe4314c0-08bc-43c1-bc96-38bb7e2cf46d,2026-07-30T08:45:00Z,2026-07-30T10:45:00+0200,2370.7,MW,DK1,DK_1,actual_solar_generation,Solar,2026-08-04T05:33:58Z
2026-08-04T05:31:07Z,2026-08-04T07:31:07+0200,fe4314c0-08bc-43c1-bc96-38bb7e2cf46d,2026-07-30T09:00:00Z,2026-07-30T11:00:00+0200,2506.09,MW,DK1,DK_1,actual_solar_generation,Solar,2026-08-04T05:33:58Z
2026-08-04T05:31:07Z,2026-08-04T07:31:07+0200,fe4314c0-08bc-43c1-bc96-38bb7e2cf46d,2026-07-30T09:15:00Z,2026-07-30T11:15:00+0200,2581.48,MW,DK1,DK_1,actual_solar_generation,Solar,2026-08-04T05:33:58Z
2026-08-04T05:31:07Z,2026-08-04T07:31:07+0200,fe4314c0-08bc-43c1-bc96-38bb7e2cf46d,2026-07-30T09:30:00Z,2026-07-30T11:30:00+0200,2536.82,MW,DK1,DK_1,actual_solar_generation,Solar,2026-08-04T05:33:58Z
2026-08-04T05:31:07Z,2026-08-04T07:31:07+0200,fe4314c0-08bc-43c1-bc96-38bb7e2cf46d,2026-07-30T09:45:00Z,2026-07-30T11:45:00+0200,2569.66,MW,DK1,DK_1,actual_solar_generation,Solar,2026-08-04T05:33:58Z
2026-08-04T05:31:07Z,2026-08-04T07:31:07+0200,fe4314c0-08bc-43c1-bc96-38bb7e2cf46d,2026-07-30T10:00:00Z,2026-07-30T12:00:00+0200,2615.57,MW,DK1,DK_1,actual_solar_generation,Solar,2026-08-04T05:33:58Z
2026-08-04T05:31:07Z,2026-08-04T07:31:07+0200,fe4314c0-08bc-43c1-bc96-38bb7e2cf46d,2026-07-30T10:15:00Z,2026-07-30T12:15:00+0200,2691.99,MW,DK1,DK_1,actual_solar_generation,Solar,2026-08-04T05:33:58Z
2026-08-04T05:31:07Z,2026-08-04T07:31:07+0200,fe4314c0-08bc-43c1-bc96-38bb7e2cf46d,2026-07-30T10:30:00Z,2026-07-30T12:30:00+0200,2632.84,MW,DK1,DK_1,actual_solar_generation,Solar,2026-08-04T05:33:58Z
2026-08-04T05:31:07Z,2026-08-04T07:31:07+0200,fe4314c0-08bc-43c1-bc96-38bb7e2cf46d,2026-07-30T10:45:00Z,2026-07-30T12:45:00+0200,2439.39,MW,DK1,DK_1,actual_solar_generation,Solar,2026-08-04T05:33:58Z
2026-08-04T05:31:07Z,2026-08-04T07:31:07+0200,fe4314c0-08bc-43c1-bc96-38bb7e2cf46d,2026-07-30T11:00:00Z,2026-07-30T13:00:00+0200,2451.64,MW,DK1,DK_1,actual_solar_generation,Solar,2026-08-04T05:33:58Z
2026-08-04T05:31:07Z,2026-08-04T07:31:07+0200,fe4314c0-08bc-43c1-bc96-38bb7e2cf46d,2026-07-30T11:15:00Z,2026-07-30T13:15:00+0200,2530.32,MW,DK1,DK_1,actual_solar_generation,Solar,2026-08-04T05:33:58Z
2026-08-04T05:31:07Z,2026-08-04T07:31:07+0200,fe4314c0-08bc-43c1-bc96-38bb7e2cf46d,2026-07-30T11:30:00Z,2026-07-30T13:30:00+0200,2564.6,MW,DK1,DK_1,actual_solar_generation,Solar,2026-08-04T05:33:58Z
2026-08-04T05:31:07Z,2026-08-04T07:31:07+0200,fe4314c0-08bc-43c1-bc96-38bb7e2cf46d,2026-07-30T11:45:00Z,2026-07-30T13:45:00+0200,2550.61,MW,DK1,DK_1,actual_solar_generation,Solar,2026-08-04T05:33:58Z
2026-08-04T05:31:07Z,2026-08-04T07:31:07+0200,fe4314c0-08bc-43c1-bc96-38bb7e2cf46d,2026-07-30T12:00:00Z,2026-07-30T14:00:00+0200,2539.3,MW,DK1,DK_1,actual_solar_generation,Solar,2026-08-04T05:33:58Z
2026-08-04T05:31:07Z,2026-08-04T07:31:07+0200,fe4314c0-08bc-43c1-bc96-38bb7e2cf46d,2026-07-30T12:15:00Z,2026-07-30T14:15:00+0200,2570.63,MW,DK1,DK_1,actual_solar_generation,Solar,2026-08-04T05:33:58Z
2026-08-04T05:31:07Z,2026-08-04T07:31:07+0200,fe4314c0-08bc-43c1-bc96-38bb7e2cf46d,2026-07-30T12:30:00Z,2026-07-30T14:30:00+0200,2651.97,MW,DK1,DK_1,actual_solar_generation,Solar,2026-08-04T05:33:58Z
2026-08-04T05:31:07Z,2026-08-04T07:31:07+0200,fe4314c0-08bc-43c1-bc96-38bb7e2cf46d,2026-07-30T12:45:00Z,2026-07-30T14:45:00+0200,2556.85,MW,DK1,DK_1,actual_solar_generation,Solar,2026-08-04T05:33:58Z
2026-08-04T05:31:07Z,2026-08-04T07:31:07+0200,fe4314c0-08bc-43c1-bc96-38bb7e2cf46d,2026-07-30T13:00:00Z,2026-07-30T15:00:00+0200,2594.44,MW,DK1,DK_1,actual_solar_generation,Solar,2026-08-04T05:33:58Z
2026-08-04T05:31:07Z,2026-08-04T07:31:07+0200,fe4314c0-08bc-43c1-bc96-38bb7e2cf46d,2026-07-30T13:15:00Z,2026-07-30T15:15:00+0200,2599.7,MW,DK1,DK_1,actual_solar_generation,Solar,2026-08-04T05:33:58Z
2026-08-04T05:31:07Z,2026-08-04T07:31:07+0200,fe4314c0-08bc-43c1-bc96-38bb7e2cf46d,2026-07-30T13:30:00Z,2026-07-30T15:30:00+0200,2490.52,MW,DK1,DK_1,actual_solar_generation,Solar,2026-08-04T05:33:58Z
2026-08-04T05:31:07Z,2026-08-04T07:31:07+0200,fe4314c0-08bc-43c1-bc96-38bb7e2cf46d,2026-07-30T13:45:00Z,2026-07-30T15:45:00+0200,2346.62,MW,DK1,DK_1,actual_solar_generation,Solar,2026-08-04T05:33:58Z
2026-08-04T05:31:07Z,2026-08-04T07:31:07+0200,fe4314c0-08bc-43c1-bc96-38bb7e2cf46d,2026-07-30T14:00:00Z,2026-07-30T16:00:00+0200,2177.82,MW,DK1,DK_1,actual_solar_generation,Solar,2026-08-04T05:33:58Z
2026-08-04T05:31:07Z,2026-08-04T07:31:07+0200,fe4314c0-08bc-43c1-bc96-38bb7e2cf46d,2026-07-30T14:15:00Z,2026-07-30T16:15:00+0200,2024.45,MW,DK1,DK_1,actual_solar_generation,Solar,2026-08-04T05:33:58Z
2026-08-04T05:31:07Z,2026-08-04T07:31:07+0200,fe4314c0-08bc-43c1-bc96-38bb7e2cf46d,2026-07-30T14:30:00Z,2026-07-30T16:30:00+0200,1862.07,MW,DK1,DK_1,actual_solar_generation,Solar,2026-08-04T05:33:58Z
2026-08-04T05:31:07Z,2026-08-04T07:31:07+0200,fe4314c0-08bc-43c1-bc96-38bb7e2cf46d,2026-07-30T14:45:00Z,2026-07-30T16:45:00+0200,1618.73,MW,DK1,DK_1,actual_solar_generation,Solar,2026-08-04T05:33:58Z
2026-08-04T05:31:07Z,2026-08-04T07:31:07+0200,fe4314c0-08bc-43c1-bc96-38bb7e2cf46d,2026-07-30T15:00:00Z,2026-07-30T17:00:00+0200,1520.05,MW,DK1,DK_1,actual_solar_generation,Solar,2026-08-04T05:33:58Z
2026-08-04T05:31:07Z,2026-08-04T07:31:07+0200,fe4314c0-08bc-43c1-bc96-38bb7e2cf46d,2026-07-30T15:15:00Z,2026-07-30T17:15:00+0200,1371.37,MW,DK1,DK_1,actual_solar_generation,Solar,2026-08-04T05:33:58Z
2026-08-04T05:31:07Z,2026-08-04T07:31:07+0200,fe4314c0-08bc-43c1-bc96-38bb7e2cf46d,2026-07-30T15:30:00Z,2026-07-30T17:30:00+0200,1255.07,MW,DK1,DK_1,actual_solar_generation,Solar,2026-08-04T05:33:58Z
2026-08-04T05:31:07Z,2026-08-04T07:31:07+0200,fe4314c0-08bc-43c1-bc96-38bb7e2cf46d,2026-07-30T15:45:00Z,2026-07-30T17:45:00+0200,1063.71,MW,DK1,DK_1,actual_solar_generation,Solar,2026-08-04T05:33:58Z
2026-08-04T05:31:07Z,2026-08-04T07:31:07+0200,fe4314c0-08bc-43c1-bc96-38bb7e2cf46d,2026-07-30T16:00:00Z,2026-07-30T18:00:00+0200,908.35,MW,DK1,DK_1,actual_solar_generation,Solar,2026-08-04T05:33:58Z
2026-08-04T05:31:07Z,2026-08-04T07:31:07+0200,fe4314c0-08bc-43c1-bc96-38bb7e2cf46d,2026-07-30T16:15:00Z,2026-07-30T18:15:00+0200,768.805,MW,DK1,DK_1,actual_solar_generation,Solar,2026-08-04T05:33:58Z
2026-08-04T05:31:07Z,2026-08-04T07:31:07+0200,fe4314c0-08bc-43c1-bc96-38bb7e2cf46d,2026-07-30T16:30:00Z,2026-07-30T18:30:00+0200,644.853,MW,DK1,DK_1,actual_solar_generation,Solar,2026-08-04T05:33:58Z
2026-08-04T05:31:07Z,2026-08-04T07:31:07+0200,fe4314c0-08bc-43c1-bc96-38bb7e2cf46d,2026-07-30T16:45:00Z,2026-07-30T18:45:00+0200,535.716,MW,DK1,DK_1,actual_solar_generation,Solar,2026-08-04T05:33:58Z
2026-08-04T05:31:07Z,2026-08-04T07:31:07+0200,fe4314c0-08bc-43c1-bc96-38bb7e2cf46d,2026-07-30T17:00:00Z,2026-07-30T19:00:00+0200,444.098,MW,DK1,DK_1,actual_solar_generation,Solar,2026-08-04T05:33:58Z
2026-08-04T05:31:07Z,2026-08-04T07:31:07+0200,fe4314c0-08bc-43c1-bc96-38bb7e2cf46d,2026-07-30T17:15:00Z,2026-07-30T19:15:00+0200,363.503,MW,DK1,DK_1,actual_solar_generation,Solar,2026-08-04T05:33:58Z
2026-08-04T05:31:07Z,2026-08-04T07:31:07+0200,fe4314c0-08bc-43c1-bc96-38bb7e2cf46d,2026-07-30T17:30:00Z,2026-07-30T19:30:00+0200,289.439,MW,DK1,DK_1,actual_solar_generation,Solar,2026-08-04T05:33:58Z
2026-08-04T05:31:07Z,2026-08-04T07:31:07+0200,fe4314c0-08bc-43c1-bc96-38bb7e2cf46d,2026-07-30T17:45:00Z,2026-07-30T19:45:00+0200,222.305,MW,DK1,DK_1,actual_solar_generation,Solar,2026-08-04T05:33:58Z
2026-08-04T05:31:07Z,2026-08-04T07:31:07+0200,fe4314c0-08bc-43c1-bc96-38bb7e2cf46d,2026-07-30T18:00:00Z,2026-07-30T20:00:00+0200,165.753,MW,DK1,DK_1,actual_solar_generation,Solar,2026-08-04T05:33:58Z
2026-08-04T05:31:07Z,2026-08-04T07:31:07+0200,fe4314c0-08bc-43c1-bc96-38bb7e2cf46d,2026-07-30T18:15:00Z,2026-07-30T20:15:00+0200,118.65,MW,DK1,DK_1,actual_solar_generation,Solar,2026-08-04T05:33:58Z
2026-08-04T05:31:07Z,2026-08-04T07:31:07+0200,fe4314c0-08bc-43c1-bc96-38bb7e2cf46d,2026-07-30T18:30:00Z,2026-07-30T20:30:00+0200,83.6169,MW,DK1,DK_1,actual_solar_generation,Solar,2026-08-04T05:33:58Z
2026-08-04T05:31:07Z,2026-08-04T07:31:07+0200,fe4314c0-08bc-43c1-bc96-38bb7e2cf46d,2026-07-30T18:45:00Z,2026-07-30T20:45:00+0200,59.9417,MW,DK1,DK_1,actual_solar_generation,Solar,2026-08-04T05:33:58Z
2026-08-04T05:31:07Z,2026-08-04T07:31:07+0200,fe4314c0-08bc-43c1-bc96-38bb7e2cf46d,2026-07-30T19:00:00Z,2026-07-30T21:00:00+0200,40.1484,MW,DK1,DK_1,actual_solar_generation,Solar,2026-08-04T05:33:58Z
2026-08-04T05:31:07Z,2026-08-04T07:31:07+0200,fe4314c0-08bc-43c1-bc96-38bb7e2cf46d,2026-07-30T19:15:00Z,2026-07-30T21:15:00+0200,24.4185,MW,DK1,DK_1,actual_solar_generation,Solar,2026-08-04T05:33:58Z
2026-08-04T05:31:07Z,2026-08-04T07:31:07+0200,fe4314c0-08bc-43c1-bc96-38bb7e2cf46d,2026-07-30T19:30:00Z,2026-07-30T21:30:00+0200,14.0412,MW,DK1,DK_1,actual_solar_generation,Solar,2026-08-04T05:33:58Z
2026-08-04T05:31:07Z,2026-08-04T07:31:07+0200,fe4314c0-08bc-43c1-bc96-38bb7e2cf46d,2026-07-30T19:45:00Z,2026-07-30T21:45:00+0200,3.56587,MW,DK1,DK_1,actual_solar_generation,Solar,2026-08-04T05:33:58Z
2026-08-04T05:31:07Z,2026-08-04T07:31:07+0200,fe4314c0-08bc-43c1-bc96-38bb7e2cf46d,2026-07-30T20:00:00Z,2026-07-30T22:00:00+0200,1.72249,MW,DK1,DK_1,actual_solar_generation,Solar,2026-08-04T05:33:58Z
2026-08-04T05:31:07Z,2026-08-04T07:31:07+0200,fe4314c0-08bc-43c1-bc96-38bb7e2cf46d,2026-07-30T20:15:00Z,2026-07-30T22:15:00+0200,2.12918,MW,DK1,DK_1,actual_solar_generation,Solar,2026-08-04T05:33:58Z
2026-08-04T05:31:07Z,2026-08-04T07:31:07+0200,fe4314c0-08bc-43c1-bc96-38bb7e2cf46d,2026-07-30T20:30:00Z,2026-07-30T22:30:00+0200,2.57113,MW,DK1,DK_1,actual_solar_generation,Solar,2026-08-04T05:33:58Z
2026-08-04T05:31:07Z,2026-08-04T07:31:07+0200,fe4314c0-08bc-43c1-bc96-38bb7e2cf46d,2026-07-30T20:45:00Z,2026-07-30T22:45:00+0200,2.64157,MW,DK1,DK_1,actual_solar_generation,Solar,2026-08-04T05:33:58Z
2026-08-04T05:31:07Z,2026-08-04T07:31:07+0200,fe4314c0-08bc-43c1-bc96-38bb7e2cf46d,2026-07-30T21:00:00Z,2026-07-30T23:00:00+0200,3.36661,MW,DK1,DK_1,actual_solar_generation,Solar,2026-08-04T05:33:58Z
2026-08-04T05:31:07Z,2026-08-04T07:31:07+0200,fe4314c0-08bc-43c1-bc96-38bb7e2cf46d,2026-07-30T21:15:00Z,2026-07-30T23:15:00+0200,3.65486,MW,DK1,DK_1,actual_solar_generation,Solar,2026-08-04T05:33:58Z
2026-08-04T05:31:07Z,2026-08-04T07:31:07+0200,fe4314c0-08bc-43c1-bc96-38bb7e2cf46d,2026-07-30T21:30:00Z,2026-07-30T23:30:00+0200,2.82681,MW,DK1,DK_1,actual_solar_generation,Solar,2026-08-04T05:33:58Z
2026-08-04T05:31:07Z,2026-08-04T07:31:07+0200,fe4314c0-08bc-43c1-bc96-38bb7e2cf46d,2026-07-30T21:45:00Z,2026-07-30T23:45:00+0200,2.32304,MW,DK1,DK_1,actual_solar_generation,Solar,2026-08-04T05:33:58Z
2026-08-04T05:31:07Z,2026-08-04T07:31:07+0200,fe4314c0-08bc-43c1-bc96-38bb7e2cf46d,2026-07-30T22:00:00Z,2026-07-31T00:00:00+0200,2.10533,MW,DK1,DK_1,actual_solar_generation,Solar,2026-08-04T05:33:58Z
2026-08-04T05:31:07Z,2026-08-04T07:31:07+0200,fe4314c0-08bc-43c1-bc96-38bb7e2cf46d,2026-07-30T22:15:00Z,2026-07-31T00:15:00+0200,2.97738,MW,DK1,DK_1,actual_solar_generation,Solar,2026-08-04T05:33:58Z
2026-08-04T05:31:07Z,2026-08-04T07:31:07+0200,fe4314c0-08bc-43c1-bc96-38bb7e2cf46d,2026-07-30T22:30:00Z,2026-07-31T00:30:00+0200,3.22197,MW,DK1,DK_1,actual_solar_generation,Solar,2026-08-04T05:33:58Z
2026-08-04T05:31:07Z,2026-08-04T07:31:07+0200,fe4314c0-08bc-43c1-bc96-38bb7e2cf46d,2026-07-30T22:45:00Z,2026-07-31T00:45:00+0200,1.90865,MW,DK1,DK_1,actual_solar_generation,Solar,2026-08-04T05:33:58Z
2026-08-04T05:31:07Z,2026-08-04T07:31:07+0200,fe4314c0-08bc-43c1-bc96-38bb7e2cf46d,2026-07-30T23:00:00Z,2026-07-31T01:00:00+0200,2.60253,MW,DK1,DK_1,actual_solar_generation,Solar,2026-08-04T05:33:58Z
2026-08-04T05:31:07Z,2026-08-04T07:31:07+0200,fe4314c0-08bc-43c1-bc96-38bb7e2cf46d,2026-07-30T23:15:00Z,2026-07-31T01:15:00+0200,2.82735,MW,DK1,DK_1,actual_solar_generation,Solar,2026-08-04T05:33:58Z
2026-08-04T05:31:07Z,2026-08-04T07:31:07+0200,fe4314c0-08bc-43c1-bc96-38bb7e2cf46d,2026-07-30T23:30:00Z,2026-07-31T01:30:00+0200,2.6517,MW,DK1,DK_1,actual_solar_generation,Solar,2026-08-04T05:33:58Z
2026-08-04T05:31:07Z,2026-08-04T07:31:07+0200,fe4314c0-08bc-43c1-bc96-38bb7e2cf46d,2026-07-30T23:45:00Z,2026-07-31T01:45:00+0200,2.26056,MW,DK1,DK_1,actual_solar_generation,Solar,2026-08-04T05:33:58Z
2026-08-04T05:31:07Z,2026-08-04T07:31:07+0200,fe4314c0-08bc-43c1-bc96-38bb7e2cf46d,2026-07-31T00:00:00Z,2026-07-31T02:00:00+0200,2.30684,MW,DK1,DK_1,actual_solar_generation,Solar,2026-08-04T05:33:58Z
2026-08-04T05:31:07Z,2026-08-04T07:31:07+0200,fe4314c0-08bc-43c1-bc96-38bb7e2cf46d,2026-07-31T00:15:00Z,2026-07-31T02:15:00+0200,1.90878,MW,DK1,DK_1,actual_solar_generation,Solar,2026-08-04T05:33:58Z
2026-08-04T05:31:07Z,2026-08-04T07:31:07+0200,fe4314c0-08bc-43c1-bc96-38bb7e2cf46d,2026-07-31T00:30:00Z,2026-07-31T02:30:00+0200,1.34683,MW,DK1,DK_1,actual_solar_generation,Solar,2026-08-04T05:33:58Z
2026-08-04T05:31:07Z,2026-08-04T07:31:07+0200,fe4314c0-08bc-43c1-bc96-38bb7e2cf46d,2026-07-31T00:45:00Z,2026-07-31T02:45:00+0200,1.38602,MW,DK1,DK_1,actual_solar_generation,Solar,2026-08-04T05:33:58Z
2026-08-04T05:31:07Z,2026-08-04T07:31:07+0200,fe4314c0-08bc-43c1-bc96-38bb7e2cf46d,2026-07-31T01:00:00Z,2026-07-31T03:00:00+0200,2.3215,MW,DK1,DK_1,actual_solar_generation,Solar,2026-08-04T05:33:58Z
2026-08-04T05:31:07Z,2026-08-04T07:31:07+0200,fe4314c0-08bc-43c1-bc96-38bb7e2cf46d,2026-07-31T01:15:00Z,2026-07-31T03:15:00+0200,1.37932,MW,DK1,DK_1,actual_solar_generation,Solar,2026-08-04T05:33:58Z
2026-08-04T05:31:07Z,2026-08-04T07:31:07+0200,fe4314c0-08bc-43c1-bc96-38bb7e2cf46d,2026-07-31T01:30:00Z,2026-07-31T03:30:00+0200,1.18241,MW,DK1,DK_1,actual_solar_generation,Solar,2026-08-04T05:33:58Z
2026-08-04T05:31:07Z,2026-08-04T07:31:07+0200,fe4314c0-08bc-43c1-bc96-38bb7e2cf46d,2026-07-31T01:45:00Z,2026-07-31T03:45:00+0200,1.60445,MW,DK1,DK_1,actual_solar_generation,Solar,2026-08-04T05:33:58Z
2026-08-04T05:31:07Z,2026-08-04T07:31:07+0200,fe4314c0-08bc-43c1-bc96-38bb7e2cf46d,2026-07-31T02:00:00Z,2026-07-31T04:00:00+0200,1.03819,MW,DK1,DK_1,actual_solar_generation,Solar,2026-08-04T05:33:58Z
2026-08-04T05:31:07Z,2026-08-04T07:31:07+0200,fe4314c0-08bc-43c1-bc96-38bb7e2cf46d,2026-07-31T02:15:00Z,2026-07-31T04:15:00+0200,1.26166,MW,DK1,DK_1,actual_solar_generation,Solar,2026-08-04T05:33:58Z
2026-08-04T05:31:07Z,2026-08-04T07:31:07+0200,fe4314c0-08bc-43c1-bc96-38bb7e2cf46d,2026-07-31T02:30:00Z,2026-07-31T04:30:00+0200,0.886603,MW,DK1,DK_1,actual_solar_generation,Solar,2026-08-04T05:33:58Z
2026-08-04T05:31:07Z,2026-08-04T07:31:07+0200,fe4314c0-08bc-43c1-bc96-38bb7e2cf46d,2026-07-31T02:45:00Z,2026-07-31T04:45:00+0200,1.4902,MW,DK1,DK_1,actual_solar_generation,Solar,2026-08-04T05:33:58Z
2026-08-04T05:31:07Z,2026-08-04T07:31:07+0200,fe4314c0-08bc-43c1-bc96-38bb7e2cf46d,2026-07-31T03:00:00Z,2026-07-31T05:00:00+0200,1.10418,MW,DK1,DK_1,actual_solar_generation,Solar,2026-08-04T05:33:58Z
2026-08-04T05:31:07Z,2026-08-04T07:31:07+0200,fe4314c0-08bc-43c1-bc96-38bb7e2cf46d,2026-07-31T03:15:00Z,2026-07-31T05:15:00+0200,3.0411,MW,DK1,DK_1,actual_solar_generation,Solar,2026-08-04T05:33:58Z
2026-08-04T05:31:07Z,2026-08-04T07:31:07+0200,fe4314c0-08bc-43c1-bc96-38bb7e2cf46d,2026-07-31T03:30:00Z,2026-07-31T05:30:00+0200,18.1745,MW,DK1,DK_1,actual_solar_generation,Solar,2026-08-04T05:33:58Z
2026-08-04T05:31:07Z,2026-08-04T07:31:07+0200,fe4314c0-08bc-43c1-bc96-38bb7e2cf46d,2026-07-31T03:45:00Z,2026-07-31T05:45:00+0200,41.7855,MW,DK1,DK_1,actual_solar_generation,Solar,2026-08-04T05:33:58Z
2026-08-04T05:31:07Z,2026-08-04T07:31:07+0200,fe4314c0-08bc-43c1-bc96-38bb7e2cf46d,2026-07-31T04:00:00Z,2026-07-31T06:00:00+0200,78.9151,MW,DK1,DK_1,actual_solar_generation,Solar,2026-08-04T05:33:58Z
2026-08-04T05:31:07Z,2026-08-04T07:31:07+0200,fe4314c0-08bc-43c1-bc96-38bb7e2cf46d,2026-07-31T04:15:00Z,2026-07-31T06:15:00+0200,123.059,MW,DK1,DK_1,actual_solar_generation,Solar,2026-08-04T05:33:58Z
2026-08-04T05:31:07Z,2026-08-04T07:31:07+0200,fe4314c0-08bc-43c1-bc96-38bb7e2cf46d,2026-07-31T04:30:00Z,2026-07-31T06:30:00+0200,191.612,MW,DK1,DK_1,actual_solar_generation,Solar,2026-08-04T05:33:58Z
2026-08-04T05:31:07Z,2026-08-04T07:31:07+0200,fe4314c0-08bc-43c1-bc96-38bb7e2cf46d,2026-07-31T04:45:00Z,2026-07-31T06:45:00+0200,250.064,MW,DK1,DK_1,actual_solar_generation,Solar,2026-08-04T05:33:58Z
2026-08-04T05:31:07Z,2026-08-04T07:31:07+0200,fe4314c0-08bc-43c1-bc96-38bb7e2cf46d,2026-07-31T05:00:00Z,2026-07-31T07:00:00+0200,356.664,MW,DK1,DK_1,actual_solar_generation,Solar,2026-08-04T05:33:58Z
2026-08-04T05:31:07Z,2026-08-04T07:31:07+0200,fe4314c0-08bc-43c1-bc96-38bb7e2cf46d,2026-07-31T05:15:00Z,2026-07-31T07:15:00+0200,472.424,MW,DK1,DK_1,actual_solar_generation,Solar,2026-08-04T05:33:58Z
2026-08-04T05:31:07Z,2026-08-04T07:31:07+0200,fe4314c0-08bc-43c1-bc96-38bb7e2cf46d,2026-07-31T05:30:00Z,2026-07-31T07:30:00+0200,598.286,MW,DK1,DK_1,actual_solar_generation,Solar,2026-08-04T05:33:58Z
2026-08-04T05:31:07Z,2026-08-04T07:31:07+0200,fe4314c0-08bc-43c1-bc96-38bb7e2cf46d,2026-07-31T05:45:00Z,2026-07-31T07:45:00+0200,673.124,MW,DK1,DK_1,actual_solar_generation,Solar,2026-08-04T05:33:58Z
2026-08-04T05:31:07Z,2026-08-04T07:31:07+0200,fe4314c0-08bc-43c1-bc96-38bb7e2cf46d,2026-07-31T06:00:00Z,2026-07-31T08:00:00+0200,862.734,MW,DK1,DK_1,actual_solar_generation,Solar,2026-08-04T05:33:58Z
2026-08-04T05:31:07Z,2026-08-04T07:31:07+0200,fe4314c0-08bc-43c1-bc96-38bb7e2cf46d,2026-07-31T06:15:00Z,2026-07-31T08:15:00+0200,1068.19,MW,DK1,DK_1,actual_solar_generation,Solar,2026-08-04T05:33:58Z
2026-08-04T05:31:07Z,2026-08-04T07:31:07+0200,fe4314c0-08bc-43c1-bc96-38bb7e2cf46d,2026-07-31T06:30:00Z,2026-07-31T08:30:00+0200,1225.2,MW,DK1,DK_1,actual_solar_generation,Solar,2026-08-04T05:33:58Z
2026-08-04T05:31:07Z,2026-08-04T07:31:07+0200,fe4314c0-08bc-43c1-bc96-38bb7e2cf46d,2026-07-31T06:45:00Z,2026-07-31T08:45:00+0200,1307.11,MW,DK1,DK_1,actual_solar_generation,Solar,2026-08-04T05:33:58Z
2026-08-04T05:31:07Z,2026-08-04T07:31:07+0200,fe4314c0-08bc-43c1-bc96-38bb7e2cf46d,2026-07-31T07:00:00Z,2026-07-31T09:00:00+0200,1364.88,MW,DK1,DK_1,actual_solar_generation,Solar,2026-08-04T05:33:58Z
2026-08-04T05:31:07Z,2026-08-04T07:31:07+0200,fe4314c0-08bc-43c1-bc96-38bb7e2cf46d,2026-07-31T07:15:00Z,2026-07-31T09:15:00+0200,1498.7,MW,DK1,DK_1,actual_solar_generation,Solar,2026-08-04T05:33:58Z
2026-08-04T05:31:07Z,2026-08-04T07:31:07+0200,fe4314c0-08bc-43c1-bc96-38bb7e2cf46d,2026-07-31T07:30:00Z,2026-07-31T09:30:00+0200,1392.55,MW,DK1,DK_1,actual_solar_generation,Solar,2026-08-04T05:33:58Z
2026-08-04T05:31:07Z,2026-08-04T07:31:07+0200,fe4314c0-08bc-43c1-bc96-38bb7e2cf46d,2026-07-31T07:45:00Z,2026-07-31T09:45:00+0200,1320.08,MW,DK1,DK_1,actual_solar_generation,Solar,2026-08-04T05:33:58Z
2026-08-04T05:31:07Z,2026-08-04T07:31:07+0200,fe4314c0-08bc-43c1-bc96-38bb7e2cf46d,2026-07-31T08:00:00Z,2026-07-31T10:00:00+0200,1445.34,MW,DK1,DK_1,actual_solar_generation,Solar,2026-08-04T05:33:58Z
2026-08-04T05:31:07Z,2026-08-04T07:31:07+0200,fe4314c0-08bc-43c1-bc96-38bb7e2cf46d,2026-07-31T08:15:00Z,2026-07-31T10:15:00+0200,1391.33,MW,DK1,DK_1,actual_solar_generation,Solar,2026-08-04T05:33:58Z
2026-08-04T05:31:07Z,2026-08-04T07:31:07+0200,fe4314c0-08bc-43c1-bc96-38bb7e2cf46d,2026-07-31T08:30:00Z,2026-07-31T10:30:00+0200,1372.88,MW,DK1,DK_1,actual_solar_generation,Solar,2026-08-04T05:33:58Z
2026-08-04T05:31:07Z,2026-08-04T07:31:07+0200,fe4314c0-08bc-43c1-bc96-38bb7e2cf46d,2026-07-31T08:45:00Z,2026-07-31T10:45:00+0200,1266.6,MW,DK1,DK_1,actual_solar_generation,Solar,2026-08-04T05:33:58Z
2026-08-04T05:31:07Z,2026-08-04T07:31:07+0200,fe4314c0-08bc-43c1-bc96-38bb7e2cf46d,2026-07-31T09:00:00Z,2026-07-31T11:00:00+0200,1306.83,MW,DK1,DK_1,actual_solar_generation,Solar,2026-08-04T05:33:58Z
2026-08-04T05:31:07Z,2026-08-04T07:31:07+0200,fe4314c0-08bc-43c1-bc96-38bb7e2cf46d,2026-07-31T09:15:00Z,2026-07-31T11:15:00+0200,1263.22,MW,DK1,DK_1,actual_solar_generation,Solar,2026-08-04T05:33:58Z
2026-08-04T05:31:07Z,2026-08-04T07:31:07+0200,fe4314c0-08bc-43c1-bc96-38bb7e2cf46d,2026-07-31T09:30:00Z,2026-07-31T11:30:00+0200,1192.44,MW,DK1,DK_1,actual_solar_generation,Solar,2026-08-04T05:33:58Z
2026-08-04T05:31:07Z,2026-08-04T07:31:07+0200,fe4314c0-08bc-43c1-bc96-38bb7e2cf46d,2026-07-31T09:45:00Z,2026-07-31T11:45:00+0200,1178.49,MW,DK1,DK_1,actual_solar_generation,Solar,2026-08-04T05:33:58Z
2026-08-04T05:31:07Z,2026-08-04T07:31:07+0200,fe4314c0-08bc-43c1-bc96-38bb7e2cf46d,2026-07-31T10:00:00Z,2026-07-31T12:00:00+0200,1166.46,MW,DK1,DK_1,actual_solar_generation,Solar,2026-08-04T05:33:58Z
2026-08-04T05:31:07Z,2026-08-04T07:31:07+0200,fe4314c0-08bc-43c1-bc96-38bb7e2cf46d,2026-07-31T10:15:00Z,2026-07-31T12:15:00+0200,1254.23,MW,DK1,DK_1,actual_solar_generation,Solar,2026-08-04T05:33:58Z
2026-08-04T05:31:07Z,2026-08-04T07:31:07+0200,fe4314c0-08bc-43c1-bc96-38bb7e2cf46d,2026-07-31T10:30:00Z,2026-07-31T12:30:00+0200,1335.75,MW,DK1,DK_1,actual_solar_generation,Solar,2026-08-04T05:33:58Z
2026-08-04T05:31:07Z,2026-08-04T07:31:07+0200,fe4314c0-08bc-43c1-bc96-38bb7e2cf46d,2026-07-31T10:45:00Z,2026-07-31T12:45:00+0200,1371.06,MW,DK1,DK_1,actual_solar_generation,Solar,2026-08-04T05:33:58Z
2026-08-04T05:31:07Z,2026-08-04T07:31:07+0200,fe4314c0-08bc-43c1-bc96-38bb7e2cf46d,2026-07-31T11:00:00Z,2026-07-31T13:00:00+0200,1490.68,MW,DK1,DK_1,actual_solar_generation,Solar,2026-08-04T05:33:58Z
2026-08-04T05:31:07Z,2026-08-04T07:31:07+0200,fe4314c0-08bc-43c1-bc96-38bb7e2cf46d,2026-07-31T11:15:00Z,2026-07-31T13:15:00+0200,1488.08,MW,DK1,DK_1,actual_solar_generation,Solar,2026-08-04T05:33:58Z
2026-08-04T05:31:07Z,2026-08-04T07:31:07+0200,fe4314c0-08bc-43c1-bc96-38bb7e2cf46d,2026-07-31T11:30:00Z,2026-07-31T13:30:00+0200,1426.58,MW,DK1,DK_1,actual_solar_generation,Solar,2026-08-04T05:33:58Z
2026-08-04T05:31:07Z,2026-08-04T07:31:07+0200,fe4314c0-08bc-43c1-bc96-38bb7e2cf46d,2026-07-31T11:45:00Z,2026-07-31T13:45:00+0200,1497.12,MW,DK1,DK_1,actual_solar_generation,Solar,2026-08-04T05:33:58Z
2026-08-04T05:31:07Z,2026-08-04T07:31:07+0200,fe4314c0-08bc-43c1-bc96-38bb7e2cf46d,2026-07-31T12:00:00Z,2026-07-31T14:00:00+0200,1582.31,MW,DK1,DK_1,actual_solar_generation,Solar,2026-08-04T05:33:58Z
2026-08-04T05:31:07Z,2026-08-04T07:31:07+0200,fe4314c0-08bc-43c1-bc96-38bb7e2cf46d,2026-07-31T12:15:00Z,2026-07-31T14:15:00+0200,1530.1,MW,DK1,DK_1,actual_solar_generation,Solar,2026-08-04T05:33:58Z
2026-08-04T05:31:07Z,2026-08-04T07:31:07+0200,fe4314c0-08bc-43c1-bc96-38bb7e2cf46d,2026-07-31T12:30:00Z,2026-07-31T14:30:00+0200,1547.77,MW,DK1,DK_1,actual_solar_generation,Solar,2026-08-04T05:33:58Z
2026-08-04T05:31:07Z,2026-08-04T07:31:07+0200,fe4314c0-08bc-43c1-bc96-38bb7e2cf46d,2026-07-31T12:45:00Z,2026-07-31T14:45:00+0200,1487.46,MW,DK1,DK_1,actual_solar_generation,Solar,2026-08-04T05:33:58Z
2026-08-04T05:31:07Z,2026-08-04T07:31:07+0200,fe4314c0-08bc-43c1-bc96-38bb7e2cf46d,2026-07-31T13:00:00Z,2026-07-31T15:00:00+0200,1425.37,MW,DK1,DK_1,actual_solar_generation,Solar,2026-08-04T05:33:58Z
2026-08-04T05:31:07Z,2026-08-04T07:31:07+0200,fe4314c0-08bc-43c1-bc96-38bb7e2cf46d,2026-07-31T13:15:00Z,2026-07-31T15:15:00+0200,1473.48,MW,DK1,DK_1,actual_solar_generation,Solar,2026-08-04T05:33:58Z
2026-08-04T05:31:07Z,2026-08-04T07:31:07+0200,fe4314c0-08bc-43c1-bc96-38bb7e2cf46d,2026-07-31T13:30:00Z,2026-07-31T15:30:00+0200,1396.65,MW,DK1,DK_1,actual_solar_generation,Solar,2026-08-04T05:33:58Z
2026-08-04T05:31:07Z,2026-08-04T07:31:07+0200,fe4314c0-08bc-43c1-bc96-38bb7e2cf46d,2026-07-31T13:45:00Z,2026-07-31T15:45:00+0200,1398.81,MW,DK1,DK_1,actual_solar_generation,Solar,2026-08-04T05:33:58Z
2026-08-04T05:31:07Z,2026-08-04T07:31:07+0200,fe4314c0-08bc-43c1-bc96-38bb7e2cf46d,2026-07-31T14:00:00Z,2026-07-31T16:00:00+0200,1366.85,MW,DK1,DK_1,actual_solar_generation,Solar,2026-08-04T05:33:58Z
2026-08-04T05:31:07Z,2026-08-04T07:31:07+0200,fe4314c0-08bc-43c1-bc96-38bb7e2cf46d,2026-07-31T14:15:00Z,2026-07-31T16:15:00+0200,1277.3,MW,DK1,DK_1,actual_solar_generation,Solar,2026-08-04T05:33:58Z
2026-08-04T05:31:07Z,2026-08-04T07:31:07+0200,fe4314c0-08bc-43c1-bc96-38bb7e2cf46d,2026-07-31T14:30:00Z,2026-07-31T16:30:00+0200,1216.74,MW,DK1,DK_1,actual_solar_generation,Solar,2026-08-04T05:33:58Z
2026-08-04T05:31:07Z,2026-08-04T07:31:07+0200,fe4314c0-08bc-43c1-bc96-38bb7e2cf46d,2026-07-31T14:45:00Z,2026-07-31T16:45:00+0200,1182.77,MW,DK1,DK_1,actual_solar_generation,Solar,2026-08-04T05:33:58Z
2026-08-04T05:31:07Z,2026-08-04T07:31:07+0200,fe4314c0-08bc-43c1-bc96-38bb7e2cf46d,2026-07-31T15:00:00Z,2026-07-31T17:00:00+0200,1163.9,MW,DK1,DK_1,actual_solar_generation,Solar,2026-08-04T05:33:58Z
2026-08-04T05:31:07Z,2026-08-04T07:31:07+0200,fe4314c0-08bc-43c1-bc96-38bb7e2cf46d,2026-07-31T15:15:00Z,2026-07-31T17:15:00+0200,1102.49,MW,DK1,DK_1,actual_solar_generation,Solar,2026-08-04T05:33:58Z
2026-08-04T05:31:07Z,2026-08-04T07:31:07+0200,fe4314c0-08bc-43c1-bc96-38bb7e2cf46d,2026-07-31T15:30:00Z,2026-07-31T17:30:00+0200,1049.7,MW,DK1,DK_1,actual_solar_generation,Solar,2026-08-04T05:33:58Z
2026-08-04T05:31:07Z,2026-08-04T07:31:07+0200,fe4314c0-08bc-43c1-bc96-38bb7e2cf46d,2026-07-31T15:45:00Z,2026-07-31T17:45:00+0200,915.598,MW,DK1,DK_1,actual_solar_generation,Solar,2026-08-04T05:33:58Z
2026-08-04T05:31:07Z,2026-08-04T07:31:07+0200,fe4314c0-08bc-43c1-bc96-38bb7e2cf46d,2026-07-31T16:00:00Z,2026-07-31T18:00:00+0200,841.932,MW,DK1,DK_1,actual_solar_generation,Solar,2026-08-04T05:33:58Z
2026-08-04T05:31:07Z,2026-08-04T07:31:07+0200,fe4314c0-08bc-43c1-bc96-38bb7e2cf46d,2026-07-31T16:15:00Z,2026-07-31T18:15:00+0200,790.956,MW,DK1,DK_1,actual_solar_generation,Solar,2026-08-04T05:33:58Z
2026-08-04T05:31:07Z,2026-08-04T07:31:07+0200,fe4314c0-08bc-43c1-bc96-38bb7e2cf46d,2026-07-31T16:30:00Z,2026-07-31T18:30:00+0200,746.348,MW,DK1,DK_1,actual_solar_generation,Solar,2026-08-04T05:33:58Z
2026-08-04T05:31:07Z,2026-08-04T07:31:07+0200,fe4314c0-08bc-43c1-bc96-38bb7e2cf46d,2026-07-31T16:45:00Z,2026-07-31T18:45:00+0200,684.879,MW,DK1,DK_1,actual_solar_generation,Solar,2026-08-04T05:33:58Z
2026-08-04T05:31:07Z,2026-08-04T07:31:07+0200,fe4314c0-08bc-43c1-bc96-38bb7e2cf46d,2026-07-31T17:00:00Z,2026-07-31T19:00:00+0200,587.533,MW,DK1,DK_1,actual_solar_generation,Solar,2026-08-04T05:33:58Z
2026-08-04T05:31:07Z,2026-08-04T07:31:07+0200,fe4314c0-08bc-43c1-bc96-38bb7e2cf46d,2026-07-31T17:15:00Z,2026-07-31T19:15:00+0200,500.544,MW,DK1,DK_1,actual_solar_generation,Solar,2026-08-04T05:33:58Z
2026-08-04T05:31:07Z,2026-08-04T07:31:07+0200,fe4314c0-08bc-43c1-bc96-38bb7e2cf46d,2026-07-31T17:30:00Z,2026-07-31T19:30:00+0200,415.509,MW,DK1,DK_1,actual_solar_generation,Solar,2026-08-04T05:33:58Z
2026-08-04T05:31:07Z,2026-08-04T07:31:07+0200,fe4314c0-08bc-43c1-bc96-38bb7e2cf46d,2026-07-31T17:45:00Z,2026-07-31T19:45:00+0200,306.134,MW,DK1,DK_1,actual_solar_generation,Solar,2026-08-04T05:33:58Z
2026-08-04T05:31:07Z,2026-08-04T07:31:07+0200,fe4314c0-08bc-43c1-bc96-38bb7e2cf46d,2026-07-31T18:00:00Z,2026-07-31T20:00:00+0200,217.394,MW,DK1,DK_1,actual_solar_generation,Solar,2026-08-04T05:33:58Z
2026-08-04T05:31:07Z,2026-08-04T07:31:07+0200,fe4314c0-08bc-43c1-bc96-38bb7e2cf46d,2026-07-31T18:15:00Z,2026-07-31T20:15:00+0200,149.374,MW,DK1,DK_1,actual_solar_generation,Solar,2026-08-04T05:33:58Z
2026-08-04T05:31:07Z,2026-08-04T07:31:07+0200,fe4314c0-08bc-43c1-bc96-38bb7e2cf46d,2026-07-31T18:30:00Z,2026-07-31T20:30:00+0200,105.377,MW,DK1,DK_1,actual_solar_generation,Solar,2026-08-04T05:33:58Z
2026-08-04T05:31:07Z,2026-08-04T07:31:07+0200,fe4314c0-08bc-43c1-bc96-38bb7e2cf46d,2026-07-31T18:45:00Z,2026-07-31T20:45:00+0200,69.598,MW,DK1,DK_1,actual_solar_generation,Solar,2026-08-04T05:33:58Z
2026-08-04T05:31:07Z,2026-08-04T07:31:07+0200,fe4314c0-08bc-43c1-bc96-38bb7e2cf46d,2026-07-31T19:00:00Z,2026-07-31T21:00:00+0200,38.7358,MW,DK1,DK_1,actual_solar_generation,Solar,2026-08-04T05:33:58Z
2026-08-04T05:31:07Z,2026-08-04T07:31:07+0200,fe4314c0-08bc-43c1-bc96-38bb7e2cf46d,2026-07-31T19:15:00Z,2026-07-31T21:15:00+0200,15.7544,MW,DK1,DK_1,actual_solar_generation,Solar,2026-08-04T05:33:58Z
2026-08-04T05:31:07Z,2026-08-04T07:31:07+0200,fe4314c0-08bc-43c1-bc96-38bb7e2cf46d,2026-07-31T19:30:00Z,2026-07-31T21:30:00+0200,2.40114,MW,DK1,DK_1,actual_solar_generation,Solar,2026-08-04T05:33:58Z
2026-08-04T05:31:07Z,2026-08-04T07:31:07+0200,fe4314c0-08bc-43c1-bc96-38bb7e2cf46d,2026-07-31T19:45:00Z,2026-07-31T21:45:00+0200,0.064795,MW,DK1,DK_1,actual_solar_generation,Solar,2026-08-04T05:33:58Z
2026-08-04T05:31:07Z,2026-08-04T07:31:07+0200,fe4314c0-08bc-43c1-bc96-38bb7e2cf46d,2026-07-31T22:00:00Z,2026-08-01T00:00:00+0200,0.010237,MW,DK1,DK_1,actual_solar_generation,Solar,2026-08-04T05:33:58Z
2026-08-04T05:31:07Z,2026-08-04T07:31:07+0200,fe4314c0-08bc-43c1-bc96-38bb7e2cf46d,2026-07-31T22:30:00Z,2026-08-01T00:30:00+0200,0.009239,MW,DK1,DK_1,actual_solar_generation,Solar,2026-08-04T05:33:58Z
2026-08-04T05:31:07Z,2026-08-04T07:31:07+0200,fe4314c0-08bc-43c1-bc96-38bb7e2cf46d,2026-07-31T23:45:00Z,2026-08-01T01:45:00+0200,0.011246,MW,DK1,DK_1,actual_solar_generation,Solar,2026-08-04T05:33:58Z
2026-08-04T05:31:07Z,2026-08-04T07:31:07+0200,fe4314c0-08bc-43c1-bc96-38bb7e2cf46d,2026-08-01T00:30:00Z,2026-08-01T02:30:00+0200,0.013107,MW,DK1,DK_1,actual_solar_generation,Solar,2026-08-04T05:33:58Z
2026-08-04T05:31:07Z,2026-08-04T07:31:07+0200,fe4314c0-08bc-43c1-bc96-38bb7e2cf46d,2026-08-01T01:00:00Z,2026-08-01T03:00:00+0200,0.007637,MW,DK1,DK_1,actual_solar_generation,Solar,2026-08-04T05:33:58Z
2026-08-04T05:31:07Z,2026-08-04T07:31:07+0200,fe4314c0-08bc-43c1-bc96-38bb7e2cf46d,2026-08-01T02:30:00Z,2026-08-01T04:30:00+0200,0.001836,MW,DK1,DK_1,actual_solar_generation,Solar,2026-08-04T05:33:58Z
2026-08-04T05:31:07Z,2026-08-04T07:31:07+0200,fe4314c0-08bc-43c1-bc96-38bb7e2cf46d,2026-08-01T02:45:00Z,2026-08-01T04:45:00+0200,0.009205,MW,DK1,DK_1,actual_solar_generation,Solar,2026-08-04T05:33:58Z
2026-08-04T05:31:07Z,2026-08-04T07:31:07+0200,fe4314c0-08bc-43c1-bc96-38bb7e2cf46d,2026-08-01T03:00:00Z,2026-08-01T05:00:00+0200,0.140508,MW,DK1,DK_1,actual_solar_generation,Solar,2026-08-04T05:33:58Z
2026-08-04T05:31:07Z,2026-08-04T07:31:07+0200,fe4314c0-08bc-43c1-bc96-38bb7e2cf46d,2026-08-01T03:15:00Z,2026-08-01T05:15:00+0200,1.89291,MW,DK1,DK_1,actual_solar_generation,Solar,2026-08-04T05:33:58Z
2026-08-04T05:31:07Z,2026-08-04T07:31:07+0200,fe4314c0-08bc-43c1-bc96-38bb7e2cf46d,2026-08-01T03:30:00Z,2026-08-01T05:30:00+0200,12.4859,MW,DK1,DK_1,actual_solar_generation,Solar,2026-08-04T05:33:58Z
2026-08-04T05:31:07Z,2026-08-04T07:31:07+0200,fe4314c0-08bc-43c1-bc96-38bb7e2cf46d,2026-08-01T03:45:00Z,2026-08-01T05:45:00+0200,33.0841,MW,DK1,DK_1,actual_solar_generation,Solar,2026-08-04T05:33:58Z
2026-08-04T05:31:07Z,2026-08-04T07:31:07+0200,fe4314c0-08bc-43c1-bc96-38bb7e2cf46d,2026-08-01T04:00:00Z,2026-08-01T06:00:00+0200,67.9762,MW,DK1,DK_1,actual_solar_generation,Solar,2026-08-04T05:33:58Z
2026-08-04T05:31:07Z,2026-08-04T07:31:07+0200,fe4314c0-08bc-43c1-bc96-38bb7e2cf46d,2026-08-01T04:15:00Z,2026-08-01T06:15:00+0200,117.258,MW,DK1,DK_1,actual_solar_generation,Solar,2026-08-04T05:33:58Z
2026-08-04T05:31:07Z,2026-08-04T07:31:07+0200,fe4314c0-08bc-43c1-bc96-38bb7e2cf46d,2026-08-01T04:30:00Z,2026-08-01T06:30:00+0200,177.172,MW,DK1,DK_1,actual_solar_generation,Solar,2026-08-04T05:33:58Z
2026-08-04T05:31:07Z,2026-08-04T07:31:07+0200,fe4314c0-08bc-43c1-bc96-38bb7e2cf46d,2026-08-01T04:45:00Z,2026-08-01T06:45:00+0200,237.671,MW,DK1,DK_1,actual_solar_generation,Solar,2026-08-04T05:33:58Z
2026-08-04T05:31:07Z,2026-08-04T07:31:07+0200,fe4314c0-08bc-43c1-bc96-38bb7e2cf46d,2026-08-01T05:00:00Z,2026-08-01T07:00:00+0200,327.074,MW,DK1,DK_1,actual_solar_generation,Solar,2026-08-04T05:33:58Z
2026-08-04T05:31:07Z,2026-08-04T07:31:07+0200,fe4314c0-08bc-43c1-bc96-38bb7e2cf46d,2026-08-01T05:15:00Z,2026-08-01T07:15:00+0200,452.118,MW,DK1,DK_1,actual_solar_generation,Solar,2026-08-04T05:33:58Z
2026-08-04T05:31:07Z,2026-08-04T07:31:07+0200,fe4314c0-08bc-43c1-bc96-38bb7e2cf46d,2026-08-01T05:30:00Z,2026-08-01T07:30:00+0200,576.919,MW,DK1,DK_1,actual_solar_generation,Solar,2026-08-04T05:33:58Z
2026-08-04T05:31:07Z,2026-08-04T07:31:07+0200,fe4314c0-08bc-43c1-bc96-38bb7e2cf46d,2026-08-01T05:45:00Z,2026-08-01T07:45:00+0200,726.835,MW,DK1,DK_1,actual_solar_generation,Solar,2026-08-04T05:33:58Z
2026-08-04T05:31:07Z,2026-08-04T07:31:07+0200,fe4314c0-08bc-43c1-bc96-38bb7e2cf46d,2026-08-01T06:00:00Z,2026-08-01T08:00:00+0200,885.536,MW,DK1,DK_1,actual_solar_generation,Solar,2026-08-04T05:33:58Z
2026-08-04T05:31:07Z,2026-08-04T07:31:07+0200,fe4314c0-08bc-43c1-bc96-38bb7e2cf46d,2026-08-01T06:15:00Z,2026-08-01T08:15:00+0200,1001.17,MW,DK1,DK_1,actual_solar_generation,Solar,2026-08-04T05:33:58Z
2026-08-04T05:31:07Z,2026-08-04T07:31:07+0200,fe4314c0-08bc-43c1-bc96-38bb7e2cf46d,2026-08-01T06:30:00Z,2026-08-01T08:30:00+0200,1135.98,MW,DK1,DK_1,actual_solar_generation,Solar,2026-08-04T05:33:58Z
2026-08-04T05:31:07Z,2026-08-04T07:31:07+0200,fe4314c0-08bc-43c1-bc96-38bb7e2cf46d,2026-08-01T06:45:00Z,2026-08-01T08:45:00+0200,1164.73,MW,DK1,DK_1,actual_solar_generation,Solar,2026-08-04T05:33:58Z
2026-08-04T05:31:07Z,2026-08-04T07:31:07+0200,fe4314c0-08bc-43c1-bc96-38bb7e2cf46d,2026-08-01T07:00:00Z,2026-08-01T09:00:00+0200,1361.74,MW,DK1,DK_1,actual_solar_generation,Solar,2026-08-04T05:33:58Z
2026-08-04T05:31:07Z,2026-08-04T07:31:07+0200,fe4314c0-08bc-43c1-bc96-38bb7e2cf46d,2026-08-01T07:15:00Z,2026-08-01T09:15:00+0200,1506.98,MW,DK1,DK_1,actual_solar_generation,Solar,2026-08-04T05:33:58Z
2026-08-04T05:31:07Z,2026-08-04T07:31:07+0200,fe4314c0-08bc-43c1-bc96-38bb7e2cf46d,2026-08-01T07:30:00Z,2026-08-01T09:30:00+0200,1667.93,MW,DK1,DK_1,actual_solar_generation,Solar,2026-08-04T05:33:58Z
2026-08-04T05:31:07Z,2026-08-04T07:31:07+0200,fe4314c0-08bc-43c1-bc96-38bb7e2cf46d,2026-08-01T07:45:00Z,2026-08-01T09:45:00+0200,1843.45,MW,DK1,DK_1,actual_solar_generation,Solar,2026-08-04T05:33:58Z
2026-08-04T05:31:07Z,2026-08-04T07:31:07+0200,fe4314c0-08bc-43c1-bc96-38bb7e2cf46d,2026-08-01T08:00:00Z,2026-08-01T10:00:00+0200,1843.36,MW,DK1,DK_1,actual_solar_generation,Solar,2026-08-04T05:33:58Z
2026-08-04T05:31:07Z,2026-08-04T07:31:07+0200,fe4314c0-08bc-43c1-bc96-38bb7e2cf46d,2026-08-01T08:15:00Z,2026-08-01T10:15:00+0200,2018.0,MW,DK1,DK_1,actual_solar_generation,Solar,2026-08-04T05:33:58Z
2026-08-04T05:31:07Z,2026-08-04T07:31:07+0200,fe4314c0-08bc-43c1-bc96-38bb7e2cf46d,2026-08-01T08:30:00Z,2026-08-01T10:30:00+0200,2180.38,MW,DK1,DK_1,actual_solar_generation,Solar,2026-08-04T05:33:58Z
2026-08-04T05:31:07Z,2026-08-04T07:31:07+0200,fe4314c0-08bc-43c1-bc96-38bb7e2cf46d,2026-08-01T08:45:00Z,2026-08-01T10:45:00+0200,2213.58,MW,DK1,DK_1,actual_solar_generation,Solar,2026-08-04T05:33:58Z
2026-08-04T05:31:07Z,2026-08-04T07:31:07+0200,fe4314c0-08bc-43c1-bc96-38bb7e2cf46d,2026-08-01T09:00:00Z,2026-08-01T11:00:00+0200,2216.53,MW,DK1,DK_1,actual_solar_generation,Solar,2026-08-04T05:33:58Z
2026-08-04T05:31:07Z,2026-08-04T07:31:07+0200,fe4314c0-08bc-43c1-bc96-38bb7e2cf46d,2026-08-01T09:15:00Z,2026-08-01T11:15:00+0200,2269.28,MW,DK1,DK_1,actual_solar_generation,Solar,2026-08-04T05:33:58Z
2026-08-04T05:31:07Z,2026-08-04T07:31:07+0200,fe4314c0-08bc-43c1-bc96-38bb7e2cf46d,2026-08-01T09:30:00Z,2026-08-01T11:30:00+0200,2392.44,MW,DK1,DK_1,actual_solar_generation,Solar,2026-08-04T05:33:58Z
2026-08-04T05:31:07Z,2026-08-04T07:31:07+0200,fe4314c0-08bc-43c1-bc96-38bb7e2cf46d,2026-08-01T09:45:00Z,2026-08-01T11:45:00+0200,2261.66,MW,DK1,DK_1,actual_solar_generation,Solar,2026-08-04T05:33:58Z
2026-08-04T05:31:07Z,2026-08-04T07:31:07+0200,fe4314c0-08bc-43c1-bc96-38bb7e2cf46d,2026-08-01T10:00:00Z,2026-08-01T12:00:00+0200,2368.0,MW,DK1,DK_1,actual_solar_generation,Solar,2026-08-04T05:33:58Z
2026-08-04T05:31:07Z,2026-08-04T07:31:07+0200,fe4314c0-08bc-43c1-bc96-38bb7e2cf46d,2026-08-01T10:15:00Z,2026-08-01T12:15:00+0200,2358.76,MW,DK1,DK_1,actual_solar_generation,Solar,2026-08-04T05:33:58Z
2026-08-04T05:31:07Z,2026-08-04T07:31:07+0200,fe4314c0-08bc-43c1-bc96-38bb7e2cf46d,2026-08-01T10:30:00Z,2026-08-01T12:30:00+0200,2376.72,MW,DK1,DK_1,actual_solar_generation,Solar,2026-08-04T05:33:58Z
2026-08-04T05:31:07Z,2026-08-04T07:31:07+0200,fe4314c0-08bc-43c1-bc96-38bb7e2cf46d,2026-08-01T10:45:00Z,2026-08-01T12:45:00+0200,2101.68,MW,DK1,DK_1,actual_solar_generation,Solar,2026-08-04T05:33:58Z
2026-08-04T05:31:07Z,2026-08-04T07:31:07+0200,fe4314c0-08bc-43c1-bc96-38bb7e2cf46d,2026-08-01T11:00:00Z,2026-08-01T13:00:00+0200,2238.06,MW,DK1,DK_1,actual_solar_generation,Solar,2026-08-04T05:33:58Z
2026-08-04T05:31:07Z,2026-08-04T07:31:07+0200,fe4314c0-08bc-43c1-bc96-38bb7e2cf46d,2026-08-01T11:15:00Z,2026-08-01T13:15:00+0200,2088.83,MW,DK1,DK_1,actual_solar_generation,Solar,2026-08-04T05:33:58Z
2026-08-04T05:31:07Z,2026-08-04T07:31:07+0200,fe4314c0-08bc-43c1-bc96-38bb7e2cf46d,2026-08-01T11:30:00Z,2026-08-01T13:30:00+0200,1986.12,MW,DK1,DK_1,actual_solar_generation,Solar,2026-08-04T05:33:58Z
2026-08-04T05:31:07Z,2026-08-04T07:31:07+0200,fe4314c0-08bc-43c1-bc96-38bb7e2cf46d,2026-08-01T11:45:00Z,2026-08-01T13:45:00+0200,1916.8,MW,DK1,DK_1,actual_solar_generation,Solar,2026-08-04T05:33:58Z
2026-08-04T05:31:07Z,2026-08-04T07:31:07+0200,fe4314c0-08bc-43c1-bc96-38bb7e2cf46d,2026-08-01T12:00:00Z,2026-08-01T14:00:00+0200,1977.65,MW,DK1,DK_1,actual_solar_generation,Solar,2026-08-04T05:33:58Z
2026-08-04T05:31:07Z,2026-08-04T07:31:07+0200,fe4314c0-08bc-43c1-bc96-38bb7e2cf46d,2026-08-01T12:15:00Z,2026-08-01T14:15:00+0200,1733.96,MW,DK1,DK_1,actual_solar_generation,Solar,2026-08-04T05:33:58Z
2026-08-04T05:31:07Z,2026-08-04T07:31:07+0200,fe4314c0-08bc-43c1-bc96-38bb7e2cf46d,2026-08-01T12:30:00Z,2026-08-01T14:30:00+0200,1799.32,MW,DK1,DK_1,actual_solar_generation,Solar,2026-08-04T05:33:58Z
2026-08-04T05:31:07Z,2026-08-04T07:31:07+0200,fe4314c0-08bc-43c1-bc96-38bb7e2cf46d,2026-08-01T12:45:00Z,2026-08-01T14:45:00+0200,1800.66,MW,DK1,DK_1,actual_solar_generation,Solar,2026-08-04T05:33:58Z
2026-08-04T05:31:07Z,2026-08-04T07:31:07+0200,fe4314c0-08bc-43c1-bc96-38bb7e2cf46d,2026-08-01T13:00:00Z,2026-08-01T15:00:00+0200,1746.87,MW,DK1,DK_1,actual_solar_generation,Solar,2026-08-04T05:33:58Z
2026-08-04T05:31:07Z,2026-08-04T07:31:07+0200,fe4314c0-08bc-43c1-bc96-38bb7e2cf46d,2026-08-01T13:15:00Z,2026-08-01T15:15:00+0200,1712.9,MW,DK1,DK_1,actual_solar_generation,Solar,2026-08-04T05:33:58Z
2026-08-04T05:31:07Z,2026-08-04T07:31:07+0200,fe4314c0-08bc-43c1-bc96-38bb7e2cf46d,2026-08-01T13:30:00Z,2026-08-01T15:30:00+0200,1626.04,MW,DK1,DK_1,actual_solar_generation,Solar,2026-08-04T05:33:58Z
2026-08-04T05:31:07Z,2026-08-04T07:31:07+0200,fe4314c0-08bc-43c1-bc96-38bb7e2cf46d,2026-08-01T13:45:00Z,2026-08-01T15:45:00+0200,1809.32,MW,DK1,DK_1,actual_solar_generation,Solar,2026-08-04T05:33:58Z
2026-08-04T05:31:07Z,2026-08-04T07:31:07+0200,fe4314c0-08bc-43c1-bc96-38bb7e2cf46d,2026-08-01T14:00:00Z,2026-08-01T16:00:00+0200,1848.22,MW,DK1,DK_1,actual_solar_generation,Solar,2026-08-04T05:33:58Z
2026-08-04T05:31:07Z,2026-08-04T07:31:07+0200,fe4314c0-08bc-43c1-bc96-38bb7e2cf46d,2026-08-01T14:15:00Z,2026-08-01T16:15:00+0200,1675.33,MW,DK1,DK_1,actual_solar_generation,Solar,2026-08-04T05:33:58Z
2026-08-04T05:31:07Z,2026-08-04T07:31:07+0200,fe4314c0-08bc-43c1-bc96-38bb7e2cf46d,2026-08-01T14:30:00Z,2026-08-01T16:30:00+0200,1637.9,MW,DK1,DK_1,actual_solar_generation,Solar,2026-08-04T05:33:58Z
2026-08-04T05:31:07Z,2026-08-04T07:31:07+0200,fe4314c0-08bc-43c1-bc96-38bb7e2cf46d,2026-08-01T14:45:00Z,2026-08-01T16:45:00+0200,1551.89,MW,DK1,DK_1,actual_solar_generation,Solar,2026-08-04T05:33:58Z
2026-08-04T05:31:07Z,2026-08-04T07:31:07+0200,fe4314c0-08bc-43c1-bc96-38bb7e2cf46d,2026-08-01T15:00:00Z,2026-08-01T17:00:00+0200,1411.73,MW,DK1,DK_1,actual_solar_generation,Solar,2026-08-04T05:33:58Z
2026-08-04T05:31:07Z,2026-08-04T07:31:07+0200,fe4314c0-08bc-43c1-bc96-38bb7e2cf46d,2026-08-01T15:15:00Z,2026-08-01T17:15:00+0200,1213.57,MW,DK1,DK_1,actual_solar_generation,Solar,2026-08-04T05:33:58Z
2026-08-04T05:31:07Z,2026-08-04T07:31:07+0200,fe4314c0-08bc-43c1-bc96-38bb7e2cf46d,2026-08-01T15:30:00Z,2026-08-01T17:30:00+0200,1220.87,MW,DK1,DK_1,actual_solar_generation,Solar,2026-08-04T05:33:58Z
2026-08-04T05:31:07Z,2026-08-04T07:31:07+0200,fe4314c0-08bc-43c1-bc96-38bb7e2cf46d,2026-08-01T15:45:00Z,2026-08-01T17:45:00+0200,1141.7,MW,DK1,DK_1,actual_solar_generation,Solar,2026-08-04T05:33:58Z
2026-08-04T05:31:07Z,2026-08-04T07:31:07+0200,fe4314c0-08bc-43c1-bc96-38bb7e2cf46d,2026-08-01T16:00:00Z,2026-08-01T18:00:00+0200,882.09,MW,DK1,DK_1,actual_solar_generation,Solar,2026-08-04T05:33:58Z
2026-08-04T05:31:07Z,2026-08-04T07:31:07+0200,fe4314c0-08bc-43c1-bc96-38bb7e2cf46d,2026-08-01T16:15:00Z,2026-08-01T18:15:00+0200,755.817,MW,DK1,DK_1,actual_solar_generation,Solar,2026-08-04T05:33:58Z
2026-08-04T05:31:07Z,2026-08-04T07:31:07+0200,fe4314c0-08bc-43c1-bc96-38bb7e2cf46d,2026-08-01T16:30:00Z,2026-08-01T18:30:00+0200,745.164,MW,DK1,DK_1,actual_solar_generation,Solar,2026-08-04T05:33:58Z
2026-08-04T05:31:07Z,2026-08-04T07:31:07+0200,fe4314c0-08bc-43c1-bc96-38bb7e2cf46d,2026-08-01T16:45:00Z,2026-08-01T18:45:00+0200,664.616,MW,DK1,DK_1,actual_solar_generation,Solar,2026-08-04T05:33:58Z
2026-08-04T05:31:07Z,2026-08-04T07:31:07+0200,fe4314c0-08bc-43c1-bc96-38bb7e2cf46d,2026-08-01T17:00:00Z,2026-08-01T19:00:00+0200,569.133,MW,DK1,DK_1,actual_solar_generation,Solar,2026-08-04T05:33:58Z
2026-08-04T05:31:07Z,2026-08-04T07:31:07+0200,fe4314c0-08bc-43c1-bc96-38bb7e2cf46d,2026-08-01T17:15:00Z,2026-08-01T19:15:00+0200,444.555,MW,DK1,DK_1,actual_solar_generation,Solar,2026-08-04T05:33:58Z
2026-08-04T05:31:07Z,2026-08-04T07:31:07+0200,fe4314c0-08bc-43c1-bc96-38bb7e2cf46d,2026-08-01T17:30:00Z,2026-08-01T19:30:00+0200,360.829,MW,DK1,DK_1,actual_solar_generation,Solar,2026-08-04T05:33:58Z
2026-08-04T05:31:07Z,2026-08-04T07:31:07+0200,fe4314c0-08bc-43c1-bc96-38bb7e2cf46d,2026-08-01T17:45:00Z,2026-08-01T19:45:00+0200,270.494,MW,DK1,DK_1,actual_solar_generation,Solar,2026-08-04T05:33:58Z
2026-08-04T05:31:07Z,2026-08-04T07:31:07+0200,fe4314c0-08bc-43c1-bc96-38bb7e2cf46d,2026-08-01T18:00:00Z,2026-08-01T20:00:00+0200,208.647,MW,DK1,DK_1,actual_solar_generation,Solar,2026-08-04T05:33:58Z
2026-08-04T05:31:07Z,2026-08-04T07:31:07+0200,fe4314c0-08bc-43c1-bc96-38bb7e2cf46d,2026-08-01T18:15:00Z,2026-08-01T20:15:00+0200,166.819,MW,DK1,DK_1,actual_solar_generation,Solar,2026-08-04T05:33:58Z
2026-08-04T05:31:07Z,2026-08-04T07:31:07+0200,fe4314c0-08bc-43c1-bc96-38bb7e2cf46d,2026-08-01T18:30:00Z,2026-08-01T20:30:00+0200,110.611,MW,DK1,DK_1,actual_solar_generation,Solar,2026-08-04T05:33:58Z
2026-08-04T05:31:07Z,2026-08-04T07:31:07+0200,fe4314c0-08bc-43c1-bc96-38bb7e2cf46d,2026-08-01T18:45:00Z,2026-08-01T20:45:00+0200,67.7901,MW,DK1,DK_1,actual_solar_generation,Solar,2026-08-04T05:33:58Z
2026-08-04T05:31:07Z,2026-08-04T07:31:07+0200,fe4314c0-08bc-43c1-bc96-38bb7e2cf46d,2026-08-01T19:00:00Z,2026-08-01T21:00:00+0200,35.954,MW,DK1,DK_1,actual_solar_generation,Solar,2026-08-04T05:33:58Z
2026-08-04T05:31:07Z,2026-08-04T07:31:07+0200,fe4314c0-08bc-43c1-bc96-38bb7e2cf46d,2026-08-01T19:15:00Z,2026-08-01T21:15:00+0200,13.8704,MW,DK1,DK_1,actual_solar_generation,Solar,2026-08-04T05:33:58Z
2026-08-04T05:31:07Z,2026-08-04T07:31:07+0200,fe4314c0-08bc-43c1-bc96-38bb7e2cf46d,2026-08-01T19:30:00Z,2026-08-01T21:30:00+0200,3.59604,MW,DK1,DK_1,actual_solar_generation,Solar,2026-08-04T05:33:58Z
2026-08-04T05:31:07Z,2026-08-04T07:31:07+0200,fe4314c0-08bc-43c1-bc96-38bb7e2cf46d,2026-08-01T19:45:00Z,2026-08-01T21:45:00+0200,0.855545,MW,DK1,DK_1,actual_solar_generation,Solar,2026-08-04T05:33:58Z
2026-08-04T05:31:07Z,2026-08-04T07:31:07+0200,fe4314c0-08bc-43c1-bc96-38bb7e2cf46d,2026-08-01T20:00:00Z,2026-08-01T22:00:00+0200,0.915371,MW,DK1,DK_1,actual_solar_generation,Solar,2026-08-04T05:33:58Z
2026-08-04T05:31:07Z,2026-08-04T07:31:07+0200,fe4314c0-08bc-43c1-bc96-38bb7e2cf46d,2026-08-01T20:15:00Z,2026-08-01T22:15:00+0200,1.03838,MW,DK1,DK_1,actual_solar_generation,Solar,2026-08-04T05:33:58Z
2026-08-04T05:31:07Z,2026-08-04T07:31:07+0200,fe4314c0-08bc-43c1-bc96-38bb7e2cf46d,2026-08-01T20:30:00Z,2026-08-01T22:30:00+0200,0.989958,MW,DK1,DK_1,actual_solar_generation,Solar,2026-08-04T05:33:58Z
2026-08-04T05:31:07Z,2026-08-04T07:31:07+0200,fe4314c0-08bc-43c1-bc96-38bb7e2cf46d,2026-08-01T20:45:00Z,2026-08-01T22:45:00+0200,0.841545,MW,DK1,DK_1,actual_solar_generation,Solar,2026-08-04T05:33:58Z
2026-08-04T05:31:07Z,2026-08-04T07:31:07+0200,fe4314c0-08bc-43c1-bc96-38bb7e2cf46d,2026-08-01T21:00:00Z,2026-08-01T23:00:00+0200,1.30708,MW,DK1,DK_1,actual_solar_generation,Solar,2026-08-04T05:33:58Z
2026-08-04T05:31:07Z,2026-08-04T07:31:07+0200,fe4314c0-08bc-43c1-bc96-38bb7e2cf46d,2026-08-01T21:15:00Z,2026-08-01T23:15:00+0200,0.994013,MW,DK1,DK_1,actual_solar_generation,Solar,2026-08-04T05:33:58Z
2026-08-04T05:31:07Z,2026-08-04T07:31:07+0200,fe4314c0-08bc-43c1-bc96-38bb7e2cf46d,2026-08-01T21:30:00Z,2026-08-01T23:30:00+0200,0.919718,MW,DK1,DK_1,actual_solar_generation,Solar,2026-08-04T05:33:58Z
2026-08-04T05:31:07Z,2026-08-04T07:31:07+0200,fe4314c0-08bc-43c1-bc96-38bb7e2cf46d,2026-08-01T21:45:00Z,2026-08-01T23:45:00+0200,1.01138,MW,DK1,DK_1,actual_solar_generation,Solar,2026-08-04T05:33:58Z
2026-08-04T05:31:07Z,2026-08-04T07:31:07+0200,fe4314c0-08bc-43c1-bc96-38bb7e2cf46d,2026-08-01T22:00:00Z,2026-08-02T00:00:00+0200,0.888919,MW,DK1,DK_1,actual_solar_generation,Solar,2026-08-04T05:33:58Z
2026-08-04T05:31:07Z,2026-08-04T07:31:07+0200,fe4314c0-08bc-43c1-bc96-38bb7e2cf46d,2026-08-01T22:15:00Z,2026-08-02T00:15:00+0200,1.045,MW,DK1,DK_1,actual_solar_generation,Solar,2026-08-04T05:33:58Z
2026-08-04T05:31:07Z,2026-08-04T07:31:07+0200,fe4314c0-08bc-43c1-bc96-38bb7e2cf46d,2026-08-01T22:30:00Z,2026-08-02T00:30:00+0200,1.31465,MW,DK1,DK_1,actual_solar_generation,Solar,2026-08-04T05:33:58Z
2026-08-04T05:31:07Z,2026-08-04T07:31:07+0200,fe4314c0-08bc-43c1-bc96-38bb7e2cf46d,2026-08-01T22:45:00Z,2026-08-02T00:45:00+0200,1.19578,MW,DK1,DK_1,actual_solar_generation,Solar,2026-08-04T05:33:58Z
2026-08-04T05:31:07Z,2026-08-04T07:31:07+0200,fe4314c0-08bc-43c1-bc96-38bb7e2cf46d,2026-08-01T23:00:00Z,2026-08-02T01:00:00+0200,2.09887,MW,DK1,DK_1,actual_solar_generation,Solar,2026-08-04T05:33:58Z
2026-08-04T05:31:07Z,2026-08-04T07:31:07+0200,fe4314c0-08bc-43c1-bc96-38bb7e2cf46d,2026-08-01T23:15:00Z,2026-08-02T01:15:00+0200,0.968333,MW,DK1,DK_1,actual_solar_generation,Solar,2026-08-04T05:33:58Z
2026-08-04T05:31:07Z,2026-08-04T07:31:07+0200,fe4314c0-08bc-43c1-bc96-38bb7e2cf46d,2026-08-01T23:30:00Z,2026-08-02T01:30:00+0200,0.818608,MW,DK1,DK_1,actual_solar_generation,Solar,2026-08-04T05:33:58Z
2026-08-04T05:31:07Z,2026-08-04T07:31:07+0200,fe4314c0-08bc-43c1-bc96-38bb7e2cf46d,2026-08-01T23:45:00Z,2026-08-02T01:45:00+0200,1.10401,MW,DK1,DK_1,actual_solar_generation,Solar,2026-08-04T05:33:58Z
2026-08-04T05:31:07Z,2026-08-04T07:31:07+0200,fe4314c0-08bc-43c1-bc96-38bb7e2cf46d,2026-08-02T00:00:00Z,2026-08-02T02:00:00+0200,1.06743,MW,DK1,DK_1,actual_solar_generation,Solar,2026-08-04T05:33:58Z
2026-08-04T05:31:07Z,2026-08-04T07:31:07+0200,fe4314c0-08bc-43c1-bc96-38bb7e2cf46d,2026-08-02T00:15:00Z,2026-08-02T02:15:00+0200,0.920987,MW,DK1,DK_1,actual_solar_generation,Solar,2026-08-04T05:33:58Z
2026-08-04T05:31:07Z,2026-08-04T07:31:07+0200,fe4314c0-08bc-43c1-bc96-38bb7e2cf46d,2026-08-02T00:30:00Z,2026-08-02T02:30:00+0200,1.04337,MW,DK1,DK_1,actual_solar_generation,Solar,2026-08-04T05:33:58Z
2026-08-04T05:31:07Z,2026-08-04T07:31:07+0200,fe4314c0-08bc-43c1-bc96-38bb7e2cf46d,2026-08-02T00:45:00Z,2026-08-02T02:45:00+0200,1.64412,MW,DK1,DK_1,actual_solar_generation,Solar,2026-08-04T05:33:58Z
2026-08-04T05:31:07Z,2026-08-04T07:31:07+0200,fe4314c0-08bc-43c1-bc96-38bb7e2cf46d,2026-08-02T01:00:00Z,2026-08-02T03:00:00+0200,1.86495,MW,DK1,DK_1,actual_solar_generation,Solar,2026-08-04T05:33:58Z
2026-08-04T05:31:07Z,2026-08-04T07:31:07+0200,fe4314c0-08bc-43c1-bc96-38bb7e2cf46d,2026-08-02T01:15:00Z,2026-08-02T03:15:00+0200,1.58471,MW,DK1,DK_1,actual_solar_generation,Solar,2026-08-04T05:33:58Z
2026-08-04T05:31:07Z,2026-08-04T07:31:07+0200,fe4314c0-08bc-43c1-bc96-38bb7e2cf46d,2026-08-02T01:30:00Z,2026-08-02T03:30:00+0200,1.66339,MW,DK1,DK_1,actual_solar_generation,Solar,2026-08-04T05:33:58Z
2026-08-04T05:31:07Z,2026-08-04T07:31:07+0200,fe4314c0-08bc-43c1-bc96-38bb7e2cf46d,2026-08-02T01:45:00Z,2026-08-02T03:45:00+0200,1.79481,MW,DK1,DK_1,actual_solar_generation,Solar,2026-08-04T05:33:58Z
2026-08-04T05:31:07Z,2026-08-04T07:31:07+0200,fe4314c0-08bc-43c1-bc96-38bb7e2cf46d,2026-08-02T02:00:00Z,2026-08-02T04:00:00+0200,1.01939,MW,DK1,DK_1,actual_solar_generation,Solar,2026-08-04T05:33:58Z
2026-08-04T05:31:07Z,2026-08-04T07:31:07+0200,fe4314c0-08bc-43c1-bc96-38bb7e2cf46d,2026-08-02T02:15:00Z,2026-08-02T04:15:00+0200,1.19843,MW,DK1,DK_1,actual_solar_generation,Solar,2026-08-04T05:33:58Z
2026-08-04T05:31:07Z,2026-08-04T07:31:07+0200,fe4314c0-08bc-43c1-bc96-38bb7e2cf46d,2026-08-02T02:30:00Z,2026-08-02T04:30:00+0200,0.928667,MW,DK1,DK_1,actual_solar_generation,Solar,2026-08-04T05:33:58Z
2026-08-04T05:31:07Z,2026-08-04T07:31:07+0200,fe4314c0-08bc-43c1-bc96-38bb7e2cf46d,2026-08-02T02:45:00Z,2026-08-02T04:45:00+0200,1.15171,MW,DK1,DK_1,actual_solar_generation,Solar,2026-08-04T05:33:58Z
2026-08-04T05:31:07Z,2026-08-04T07:31:07+0200,fe4314c0-08bc-43c1-bc96-38bb7e2cf46d,2026-08-02T03:00:00Z,2026-08-02T05:00:00+0200,1.12323,MW,DK1,DK_1,actual_solar_generation,Solar,2026-08-04T05:33:58Z
2026-08-04T05:31:07Z,2026-08-04T07:31:07+0200,fe4314c0-08bc-43c1-bc96-38bb7e2cf46d,2026-08-02T03:15:00Z,2026-08-02T05:15:00+0200,2.1262,MW,DK1,DK_1,actual_solar_generation,Solar,2026-08-04T05:33:58Z
2026-08-04T05:31:07Z,2026-08-04T07:31:07+0200,fe4314c0-08bc-43c1-bc96-38bb7e2cf46d,2026-08-02T03:30:00Z,2026-08-02T05:30:00+0200,10.6791,MW,DK1,DK_1,actual_solar_generation,Solar,2026-08-04T05:33:58Z
2026-08-04T05:31:07Z,2026-08-04T07:31:07+0200,fe4314c0-08bc-43c1-bc96-38bb7e2cf46d,2026-08-02T03:45:00Z,2026-08-02T05:45:00+0200,29.1738,MW,DK1,DK_1,actual_solar_generation,Solar,2026-08-04T05:33:58Z
2026-08-04T05:31:07Z,2026-08-04T07:31:07+0200,fe4314c0-08bc-43c1-bc96-38bb7e2cf46d,2026-08-02T04:00:00Z,2026-08-02T06:00:00+0200,58.3789,MW,DK1,DK_1,actual_solar_generation,Solar,2026-08-04T05:33:58Z
2026-08-04T05:31:07Z,2026-08-04T07:31:07+0200,fe4314c0-08bc-43c1-bc96-38bb7e2cf46d,2026-08-02T04:15:00Z,2026-08-02T06:15:00+0200,98.2598,MW,DK1,DK_1,actual_solar_generation,Solar,2026-08-04T05:33:58Z
2026-08-04T05:31:07Z,2026-08-04T07:31:07+0200,fe4314c0-08bc-43c1-bc96-38bb7e2cf46d,2026-08-02T04:30:00Z,2026-08-02T06:30:00+0200,151.352,MW,DK1,DK_1,actual_solar_generation,Solar,2026-08-04T05:33:58Z
2026-08-04T05:31:07Z,2026-08-04T07:31:07+0200,fe4314c0-08bc-43c1-bc96-38bb7e2cf46d,2026-08-02T04:45:00Z,2026-08-02T06:45:00+0200,214.645,MW,DK1,DK_1,actual_solar_generation,Solar,2026-08-04T05:33:58Z
2026-08-04T05:31:07Z,2026-08-04T07:31:07+0200,fe4314c0-08bc-43c1-bc96-38bb7e2cf46d,2026-08-02T05:00:00Z,2026-08-02T07:00:00+0200,291.914,MW,DK1,DK_1,actual_solar_generation,Solar,2026-08-04T05:33:58Z
2026-08-04T05:31:07Z,2026-08-04T07:31:07+0200,fe4314c0-08bc-43c1-bc96-38bb7e2cf46d,2026-08-02T05:15:00Z,2026-08-02T07:15:00+0200,403.006,MW,DK1,DK_1,actual_solar_generation,Solar,2026-08-04T05:33:58Z
2026-08-04T05:31:07Z,2026-08-04T07:31:07+0200,fe4314c0-08bc-43c1-bc96-38bb7e2cf46d,2026-08-02T05:30:00Z,2026-08-02T07:30:00+0200,539.028,MW,DK1,DK_1,actual_solar_generation,Solar,2026-08-04T05:33:58Z
2026-08-04T05:31:07Z,2026-08-04T07:31:07+0200,fe4314c0-08bc-43c1-bc96-38bb7e2cf46d,2026-08-02T05:45:00Z,2026-08-02T07:45:00+0200,641.847,MW,DK1,DK_1,actual_solar_generation,Solar,2026-08-04T05:33:58Z
2026-08-04T05:31:07Z,2026-08-04T07:31:07+0200,fe4314c0-08bc-43c1-bc96-38bb7e2cf46d,2026-08-02T06:00:00Z,2026-08-02T08:00:00+0200,760.172,MW,DK1,DK_1,actual_solar_generation,Solar,2026-08-04T05:33:58Z
2026-08-04T05:31:07Z,2026-08-04T07:31:07+0200,fe4314c0-08bc-43c1-bc96-38bb7e2cf46d,2026-08-02T06:15:00Z,2026-08-02T08:15:00+0200,870.306,MW,DK1,DK_1,actual_solar_generation,Solar,2026-08-04T05:33:58Z
2026-08-04T05:31:07Z,2026-08-04T07:31:07+0200,fe4314c0-08bc-43c1-bc96-38bb7e2cf46d,2026-08-02T06:30:00Z,2026-08-02T08:30:00+0200,1008.91,MW,DK1,DK_1,actual_solar_generation,Solar,2026-08-04T05:33:58Z
2026-08-04T05:31:07Z,2026-08-04T07:31:07+0200,fe4314c0-08bc-43c1-bc96-38bb7e2cf46d,2026-08-02T06:45:00Z,2026-08-02T08:45:00+0200,1073.28,MW,DK1,DK_1,actual_solar_generation,Solar,2026-08-04T05:33:58Z
2026-08-04T05:31:07Z,2026-08-04T07:31:07+0200,fe4314c0-08bc-43c1-bc96-38bb7e2cf46d,2026-08-02T07:00:00Z,2026-08-02T09:00:00+0200,1169.87,MW,DK1,DK_1,actual_solar_generation,Solar,2026-08-04T05:33:58Z
2026-08-04T05:31:07Z,2026-08-04T07:31:07+0200,fe4314c0-08bc-43c1-bc96-38bb7e2cf46d,2026-08-02T07:15:00Z,2026-08-02T09:15:00+0200,1271.34,MW,DK1,DK_1,actual_solar_generation,Solar,2026-08-04T05:33:58Z
2026-08-04T05:31:07Z,2026-08-04T07:31:07+0200,fe4314c0-08bc-43c1-bc96-38bb7e2cf46d,2026-08-02T07:30:00Z,2026-08-02T09:30:00+0200,1309.5,MW,DK1,DK_1,actual_solar_generation,Solar,2026-08-04T05:33:58Z
2026-08-04T05:31:07Z,2026-08-04T07:31:07+0200,fe4314c0-08bc-43c1-bc96-38bb7e2cf46d,2026-08-02T07:45:00Z,2026-08-02T09:45:00+0200,1322.96,MW,DK1,DK_1,actual_solar_generation,Solar,2026-08-04T05:33:58Z
2026-08-04T05:31:07Z,2026-08-04T07:31:07+0200,fe4314c0-08bc-43c1-bc96-38bb7e2cf46d,2026-08-02T08:00:00Z,2026-08-02T10:00:00+0200,1406.63,MW,DK1,DK_1,actual_solar_generation,Solar,2026-08-04T05:33:58Z
2026-08-04T05:31:07Z,2026-08-04T07:31:07+0200,fe4314c0-08bc-43c1-bc96-38bb7e2cf46d,2026-08-02T08:15:00Z,2026-08-02T10:15:00+0200,1393.82,MW,DK1,DK_1,actual_solar_generation,Solar,2026-08-04T05:33:58Z
2026-08-04T05:31:07Z,2026-08-04T07:31:07+0200,fe4314c0-08bc-43c1-bc96-38bb7e2cf46d,2026-08-02T08:30:00Z,2026-08-02T10:30:00+0200,1155.43,MW,DK1,DK_1,actual_solar_generation,Solar,2026-08-04T05:33:58Z
2026-08-04T05:31:07Z,2026-08-04T07:31:07+0200,fe4314c0-08bc-43c1-bc96-38bb7e2cf46d,2026-08-02T08:45:00Z,2026-08-02T10:45:00+0200,920.691,MW,DK1,DK_1,actual_solar_generation,Solar,2026-08-04T05:33:58Z
2026-08-04T05:31:07Z,2026-08-04T07:31:07+0200,fe4314c0-08bc-43c1-bc96-38bb7e2cf46d,2026-08-02T09:00:00Z,2026-08-02T11:00:00+0200,982.451,MW,DK1,DK_1,actual_solar_generation,Solar,2026-08-04T05:33:58Z
2026-08-04T05:31:07Z,2026-08-04T07:31:07+0200,fe4314c0-08bc-43c1-bc96-38bb7e2cf46d,2026-08-02T09:15:00Z,2026-08-02T11:15:00+0200,978.617,MW,DK1,DK_1,actual_solar_generation,Solar,2026-08-04T05:33:58Z
2026-08-04T05:31:07Z,2026-08-04T07:31:07+0200,fe4314c0-08bc-43c1-bc96-38bb7e2cf46d,2026-08-02T09:30:00Z,2026-08-02T11:30:00+0200,1223.78,MW,DK1,DK_1,actual_solar_generation,Solar,2026-08-04T05:33:58Z
2026-08-04T05:31:07Z,2026-08-04T07:31:07+0200,fe4314c0-08bc-43c1-bc96-38bb7e2cf46d,2026-08-02T09:45:00Z,2026-08-02T11:45:00+0200,1246.36,MW,DK1,DK_1,actual_solar_generation,Solar,2026-08-04T05:33:58Z
2026-08-04T05:31:07Z,2026-08-04T07:31:07+0200,fe4314c0-08bc-43c1-bc96-38bb7e2cf46d,2026-08-02T10:00:00Z,2026-08-02T12:00:00+0200,1461.33,MW,DK1,DK_1,actual_solar_generation,Solar,2026-08-04T05:33:58Z
2026-08-04T05:31:07Z,2026-08-04T07:31:07+0200,fe4314c0-08bc-43c1-bc96-38bb7e2cf46d,2026-08-02T10:15:00Z,2026-08-02T12:15:00+0200,1356.54,MW,DK1,DK_1,actual_solar_generation,Solar,2026-08-04T05:33:58Z
2026-08-04T05:31:07Z,2026-08-04T07:31:07+0200,fe4314c0-08bc-43c1-bc96-38bb7e2cf46d,2026-08-02T10:30:00Z,2026-08-02T12:30:00+0200,1553.67,MW,DK1,DK_1,actual_solar_generation,Solar,2026-08-04T05:33:58Z
2026-08-04T05:31:07Z,2026-08-04T07:31:07+0200,fe4314c0-08bc-43c1-bc96-38bb7e2cf46d,2026-08-02T10:45:00Z,2026-08-02T12:45:00+0200,1493.96,MW,DK1,DK_1,actual_solar_generation,Solar,2026-08-04T05:33:58Z
2026-08-04T05:31:07Z,2026-08-04T07:31:07+0200,fe4314c0-08bc-43c1-bc96-38bb7e2cf46d,2026-08-02T11:00:00Z,2026-08-02T13:00:00+0200,1159.12,MW,DK1,DK_1,actual_solar_generation,Solar,2026-08-04T05:33:58Z
2026-08-04T05:31:07Z,2026-08-04T07:31:07+0200,fe4314c0-08bc-43c1-bc96-38bb7e2cf46d,2026-08-02T11:15:00Z,2026-08-02T13:15:00+0200,1319.75,MW,DK1,DK_1,actual_solar_generation,Solar,2026-08-04T05:33:58Z
2026-08-04T05:31:07Z,2026-08-04T07:31:07+0200,fe4314c0-08bc-43c1-bc96-38bb7e2cf46d,2026-08-02T11:30:00Z,2026-08-02T13:30:00+0200,1579.3,MW,DK1,DK_1,actual_solar_generation,Solar,2026-08-04T05:33:58Z
2026-08-04T05:31:07Z,2026-08-04T07:31:07+0200,fe4314c0-08bc-43c1-bc96-38bb7e2cf46d,2026-08-02T11:45:00Z,2026-08-02T13:45:00+0200,1471.08,MW,DK1,DK_1,actual_solar_generation,Solar,2026-08-04T05:33:58Z
2026-08-04T05:31:07Z,2026-08-04T07:31:07+0200,fe4314c0-08bc-43c1-bc96-38bb7e2cf46d,2026-08-02T12:00:00Z,2026-08-02T14:00:00+0200,1396.86,MW,DK1,DK_1,actual_solar_generation,Solar,2026-08-04T05:33:58Z
2026-08-04T05:31:07Z,2026-08-04T07:31:07+0200,fe4314c0-08bc-43c1-bc96-38bb7e2cf46d,2026-08-02T12:15:00Z,2026-08-02T14:15:00+0200,1376.59,MW,DK1,DK_1,actual_solar_generation,Solar,2026-08-04T05:33:58Z
2026-08-04T05:31:07Z,2026-08-04T07:31:07+0200,fe4314c0-08bc-43c1-bc96-38bb7e2cf46d,2026-08-02T12:30:00Z,2026-08-02T14:30:00+0200,1267.8,MW,DK1,DK_1,actual_solar_generation,Solar,2026-08-04T05:33:58Z
2026-08-04T05:31:07Z,2026-08-04T07:31:07+0200,fe4314c0-08bc-43c1-bc96-38bb7e2cf46d,2026-08-02T12:45:00Z,2026-08-02T14:45:00+0200,1302.59,MW,DK1,DK_1,actual_solar_generation,Solar,2026-08-04T05:33:58Z
2026-08-04T05:31:07Z,2026-08-04T07:31:07+0200,fe4314c0-08bc-43c1-bc96-38bb7e2cf46d,2026-08-02T13:00:00Z,2026-08-02T15:00:00+0200,1410.64,MW,DK1,DK_1,actual_solar_generation,Solar,2026-08-04T05:33:58Z
2026-08-04T05:31:07Z,2026-08-04T07:31:07+0200,fe4314c0-08bc-43c1-bc96-38bb7e2cf46d,2026-08-02T13:15:00Z,2026-08-02T15:15:00+0200,1429.94,MW,DK1,DK_1,actual_solar_generation,Solar,2026-08-04T05:33:58Z
2026-08-04T05:31:07Z,2026-08-04T07:31:07+0200,fe4314c0-08bc-43c1-bc96-38bb7e2cf46d,2026-08-02T13:30:00Z,2026-08-02T15:30:00+0200,1554.88,MW,DK1,DK_1,actual_solar_generation,Solar,2026-08-04T05:33:58Z
2026-08-04T05:31:07Z,2026-08-04T07:31:07+0200,fe4314c0-08bc-43c1-bc96-38bb7e2cf46d,2026-08-02T13:45:00Z,2026-08-02T15:45:00+0200,1482.42,MW,DK1,DK_1,actual_solar_generation,Solar,2026-08-04T05:33:58Z
2026-08-04T05:31:07Z,2026-08-04T07:31:07+0200,fe4314c0-08bc-43c1-bc96-38bb7e2cf46d,2026-08-02T14:00:00Z,2026-08-02T16:00:00+0200,1585.16,MW,DK1,DK_1,actual_solar_generation,Solar,2026-08-04T05:33:58Z
2026-08-04T05:31:07Z,2026-08-04T07:31:07+0200,fe4314c0-08bc-43c1-bc96-38bb7e2cf46d,2026-08-02T14:15:00Z,2026-08-02T16:15:00+0200,1616.45,MW,DK1,DK_1,actual_solar_generation,Solar,2026-08-04T05:33:58Z
2026-08-04T05:31:07Z,2026-08-04T07:31:07+0200,fe4314c0-08bc-43c1-bc96-38bb7e2cf46d,2026-08-02T14:30:00Z,2026-08-02T16:30:00+0200,1535.66,MW,DK1,DK_1,actual_solar_generation,Solar,2026-08-04T05:33:58Z
2026-08-04T05:31:07Z,2026-08-04T07:31:07+0200,fe4314c0-08bc-43c1-bc96-38bb7e2cf46d,2026-08-02T14:45:00Z,2026-08-02T16:45:00+0200,1428.91,MW,DK1,DK_1,actual_solar_generation,Solar,2026-08-04T05:33:58Z
2026-08-04T05:31:07Z,2026-08-04T07:31:07+0200,fe4314c0-08bc-43c1-bc96-38bb7e2cf46d,2026-08-02T15:00:00Z,2026-08-02T17:00:00+0200,1495.35,MW,DK1,DK_1,actual_solar_generation,Solar,2026-08-04T05:33:58Z
2026-08-04T05:31:07Z,2026-08-04T07:31:07+0200,fe4314c0-08bc-43c1-bc96-38bb7e2cf46d,2026-08-02T15:15:00Z,2026-08-02T17:15:00+0200,1546.35,MW,DK1,DK_1,actual_solar_generation,Solar,2026-08-04T05:33:58Z
2026-08-04T05:31:07Z,2026-08-04T07:31:07+0200,fe4314c0-08bc-43c1-bc96-38bb7e2cf46d,2026-08-02T15:30:00Z,2026-08-02T17:30:00+0200,1469.93,MW,DK1,DK_1,actual_solar_generation,Solar,2026-08-04T05:33:58Z
2026-08-04T05:31:07Z,2026-08-04T07:31:07+0200,fe4314c0-08bc-43c1-bc96-38bb7e2cf46d,2026-08-02T15:45:00Z,2026-08-02T17:45:00+0200,1415.14,MW,DK1,DK_1,actual_solar_generation,Solar,2026-08-04T05:33:58Z
2026-08-04T05:31:07Z,2026-08-04T07:31:07+0200,fe4314c0-08bc-43c1-bc96-38bb7e2cf46d,2026-08-02T16:00:00Z,2026-08-02T18:00:00+0200,1271.1,MW,DK1,DK_1,actual_solar_generation,Solar,2026-08-04T05:33:58Z
2026-08-04T05:31:07Z,2026-08-04T07:31:07+0200,fe4314c0-08bc-43c1-bc96-38bb7e2cf46d,2026-08-02T16:15:00Z,2026-08-02T18:15:00+0200,1143.15,MW,DK1,DK_1,actual_solar_generation,Solar,2026-08-04T05:33:58Z
2026-08-04T05:31:07Z,2026-08-04T07:31:07+0200,fe4314c0-08bc-43c1-bc96-38bb7e2cf46d,2026-08-02T16:30:00Z,2026-08-02T18:30:00+0200,1045.67,MW,DK1,DK_1,actual_solar_generation,Solar,2026-08-04T05:33:58Z
2026-08-04T05:31:07Z,2026-08-04T07:31:07+0200,fe4314c0-08bc-43c1-bc96-38bb7e2cf46d,2026-08-02T16:45:00Z,2026-08-02T18:45:00+0200,872.521,MW,DK1,DK_1,actual_solar_generation,Solar,2026-08-04T05:33:58Z
2026-08-04T05:31:07Z,2026-08-04T07:31:07+0200,fe4314c0-08bc-43c1-bc96-38bb7e2cf46d,2026-08-02T17:00:00Z,2026-08-02T19:00:00+0200,709.002,MW,DK1,DK_1,actual_solar_generation,Solar,2026-08-04T05:33:58Z
2026-08-04T05:31:07Z,2026-08-04T07:31:07+0200,fe4314c0-08bc-43c1-bc96-38bb7e2cf46d,2026-08-02T17:15:00Z,2026-08-02T19:15:00+0200,568.453,MW,DK1,DK_1,actual_solar_generation,Solar,2026-08-04T05:33:58Z
2026-08-04T05:31:07Z,2026-08-04T07:31:07+0200,fe4314c0-08bc-43c1-bc96-38bb7e2cf46d,2026-08-02T17:30:00Z,2026-08-02T19:30:00+0200,436.996,MW,DK1,DK_1,actual_solar_generation,Solar,2026-08-04T05:33:58Z
2026-08-04T05:31:07Z,2026-08-04T07:31:07+0200,fe4314c0-08bc-43c1-bc96-38bb7e2cf46d,2026-08-02T17:45:00Z,2026-08-02T19:45:00+0200,325.913,MW,DK1,DK_1,actual_solar_generation,Solar,2026-08-04T05:33:58Z
2026-08-04T05:31:07Z,2026-08-04T07:31:07+0200,fe4314c0-08bc-43c1-bc96-38bb7e2cf46d,2026-08-02T18:00:00Z,2026-08-02T20:00:00+0200,252.402,MW,DK1,DK_1,actual_solar_generation,Solar,2026-08-04T05:33:58Z
2026-08-04T05:31:07Z,2026-08-04T07:31:07+0200,fe4314c0-08bc-43c1-bc96-38bb7e2cf46d,2026-08-02T18:15:00Z,2026-08-02T20:15:00+0200,172.469,MW,DK1,DK_1,actual_solar_generation,Solar,2026-08-04T05:33:58Z
2026-08-04T05:31:07Z,2026-08-04T07:31:07+0200,fe4314c0-08bc-43c1-bc96-38bb7e2cf46d,2026-08-02T18:30:00Z,2026-08-02T20:30:00+0200,119.095,MW,DK1,DK_1,actual_solar_generation,Solar,2026-08-04T05:33:58Z
2026-08-04T05:31:07Z,2026-08-04T07:31:07+0200,fe4314c0-08bc-43c1-bc96-38bb7e2cf46d,2026-08-02T18:45:00Z,2026-08-02T20:45:00+0200,72.3282,MW,DK1,DK_1,actual_solar_generation,Solar,2026-08-04T05:33:58Z
2026-08-04T05:31:07Z,2026-08-04T07:31:07+0200,fe4314c0-08bc-43c1-bc96-38bb7e2cf46d,2026-08-02T19:00:00Z,2026-08-02T21:00:00+0200,36.4601,MW,DK1,DK_1,actual_solar_generation,Solar,2026-08-04T05:33:58Z
2026-08-04T05:31:07Z,2026-08-04T07:31:07+0200,fe4314c0-08bc-43c1-bc96-38bb7e2cf46d,2026-08-02T19:15:00Z,2026-08-02T21:15:00+0200,11.8552,MW,DK1,DK_1,actual_solar_generation,Solar,2026-08-04T05:33:58Z
2026-08-04T05:31:07Z,2026-08-04T07:31:07+0200,fe4314c0-08bc-43c1-bc96-38bb7e2cf46d,2026-08-02T19:30:00Z,2026-08-02T21:30:00+0200,1.50518,MW,DK1,DK_1,actual_solar_generation,Solar,2026-08-04T05:33:58Z
2026-08-04T05:31:07Z,2026-08-04T07:31:07+0200,fe4314c0-08bc-43c1-bc96-38bb7e2cf46d,2026-08-02T19:45:00Z,2026-08-02T21:45:00+0200,0.054621,MW,DK1,DK_1,actual_solar_generation,Solar,2026-08-04T05:33:58Z
2026-08-04T05:31:07Z,2026-08-04T07:31:07+0200,fe4314c0-08bc-43c1-bc96-38bb7e2cf46d,2026-08-02T23:00:00Z,2026-08-03T01:00:00+0200,0.025451,MW,DK1,DK_1,actual_solar_generation,Solar,2026-08-04T05:33:58Z
2026-08-04T05:31:07Z,2026-08-04T07:31:07+0200,fe4314c0-08bc-43c1-bc96-38bb7e2cf46d,2026-08-02T23:15:00Z,2026-08-03T01:15:00+0200,0.019507,MW,DK1,DK_1,actual_solar_generation,Solar,2026-08-04T05:33:58Z
2026-08-04T05:31:07Z,2026-08-04T07:31:07+0200,fe4314c0-08bc-43c1-bc96-38bb7e2cf46d,2026-08-02T23:30:00Z,2026-08-03T01:30:00+0200,0.018572,MW,DK1,DK_1,actual_solar_generation,Solar,2026-08-04T05:33:58Z
2026-08-04T05:31:07Z,2026-08-04T07:31:07+0200,fe4314c0-08bc-43c1-bc96-38bb7e2cf46d,2026-08-02T23:45:00Z,2026-08-03T01:45:00+0200,0.022261,MW,DK1,DK_1,actual_solar_generation,Solar,2026-08-04T05:33:58Z
2026-08-04T05:31:07Z,2026-08-04T07:31:07+0200,fe4314c0-08bc-43c1-bc96-38bb7e2cf46d,2026-08-03T00:00:00Z,2026-08-03T02:00:00+0200,0.026472,MW,DK1,DK_1,actual_solar_generation,Solar,2026-08-04T05:33:58Z
2026-08-04T05:31:07Z,2026-08-04T07:31:07+0200,fe4314c0-08bc-43c1-bc96-38bb7e2cf46d,2026-08-03T00:15:00Z,2026-08-03T02:15:00+0200,0.016644,MW,DK1,DK_1,actual_solar_generation,Solar,2026-08-04T05:33:58Z
2026-08-04T05:31:07Z,2026-08-04T07:31:07+0200,fe4314c0-08bc-43c1-bc96-38bb7e2cf46d,2026-08-03T00:30:00Z,2026-08-03T02:30:00+0200,0.027773,MW,DK1,DK_1,actual_solar_generation,Solar,2026-08-04T05:33:58Z
2026-08-04T05:31:07Z,2026-08-04T07:31:07+0200,fe4314c0-08bc-43c1-bc96-38bb7e2cf46d,2026-08-03T00:45:00Z,2026-08-03T02:45:00+0200,0.016512,MW,DK1,DK_1,actual_solar_generation,Solar,2026-08-04T05:33:58Z
2026-08-04T05:31:07Z,2026-08-04T07:31:07+0200,fe4314c0-08bc-43c1-bc96-38bb7e2cf46d,2026-08-03T01:00:00Z,2026-08-03T03:00:00+0200,0.017297,MW,DK1,DK_1,actual_solar_generation,Solar,2026-08-04T05:33:58Z
2026-08-04T05:31:07Z,2026-08-04T07:31:07+0200,fe4314c0-08bc-43c1-bc96-38bb7e2cf46d,2026-08-03T01:15:00Z,2026-08-03T03:15:00+0200,0.00885,MW,DK1,DK_1,actual_solar_generation,Solar,2026-08-04T05:33:58Z
2026-08-04T05:31:07Z,2026-08-04T07:31:07+0200,fe4314c0-08bc-43c1-bc96-38bb7e2cf46d,2026-08-03T02:45:00Z,2026-08-03T04:45:00+0200,0.03549,MW,DK1,DK_1,actual_solar_generation,Solar,2026-08-04T05:33:58Z
2026-08-04T05:31:07Z,2026-08-04T07:31:07+0200,fe4314c0-08bc-43c1-bc96-38bb7e2cf46d,2026-08-03T03:00:00Z,2026-08-03T05:00:00+0200,0.0906,MW,DK1,DK_1,actual_solar_generation,Solar,2026-08-04T05:33:58Z
2026-08-04T05:31:07Z,2026-08-04T07:31:07+0200,fe4314c0-08bc-43c1-bc96-38bb7e2cf46d,2026-08-03T03:15:00Z,2026-08-03T05:15:00+0200,0.401056,MW,DK1,DK_1,actual_solar_generation,Solar,2026-08-04T05:33:58Z
2026-08-04T05:31:07Z,2026-08-04T07:31:07+0200,fe4314c0-08bc-43c1-bc96-38bb7e2cf46d,2026-08-03T03:30:00Z,2026-08-03T05:30:00+0200,6.6628,MW,DK1,DK_1,actual_solar_generation,Solar,2026-08-04T05:33:58Z
2026-08-04T05:31:07Z,2026-08-04T07:31:07+0200,fe4314c0-08bc-43c1-bc96-38bb7e2cf46d,2026-08-03T03:45:00Z,2026-08-03T05:45:00+0200,27.431,MW,DK1,DK_1,actual_solar_generation,Solar,2026-08-04T05:33:58Z
2026-08-04T05:31:07Z,2026-08-04T07:31:07+0200,fe4314c0-08bc-43c1-bc96-38bb7e2cf46d,2026-08-03T04:00:00Z,2026-08-03T06:00:00+0200,59.3047,MW,DK1,DK_1,actual_solar_generation,Solar,2026-08-04T05:33:58Z
2026-08-04T05:31:07Z,2026-08-04T07:31:07+0200,fe4314c0-08bc-43c1-bc96-38bb7e2cf46d,2026-08-03T04:15:00Z,2026-08-03T06:15:00+0200,92.3627,MW,DK1,DK_1,actual_solar_generation,Solar,2026-08-04T05:33:58Z
2026-08-04T05:31:07Z,2026-08-04T07:31:07+0200,fe4314c0-08bc-43c1-bc96-38bb7e2cf46d,2026-08-03T04:30:00Z,2026-08-03T06:30:00+0200,130.378,MW,DK1,DK_1,actual_solar_generation,Solar,2026-08-04T05:33:58Z
2026-08-04T05:31:07Z,2026-08-04T07:31:07+0200,fe4314c0-08bc-43c1-bc96-38bb7e2cf46d,2026-08-03T04:45:00Z,2026-08-03T06:45:00+0200,183.006,MW,DK1,DK_1,actual_solar_generation,Solar,2026-08-04T05:33:58Z
2026-08-04T05:31:07Z,2026-08-04T07:31:07+0200,fe4314c0-08bc-43c1-bc96-38bb7e2cf46d,2026-08-03T05:00:00Z,2026-08-03T07:00:00+0200,225.921,MW,DK1,DK_1,actual_solar_generation,Solar,2026-08-04T05:33:58Z
2026-08-04T05:31:07Z,2026-08-04T07:31:07+0200,fe4314c0-08bc-43c1-bc96-38bb7e2cf46d,2026-08-03T05:15:00Z,2026-08-03T07:15:00+0200,280.101,MW,DK1,DK_1,actual_solar_generation,Solar,2026-08-04T05:33:58Z
2026-08-04T05:31:07Z,2026-08-04T07:31:07+0200,fe4314c0-08bc-43c1-bc96-38bb7e2cf46d,2026-08-03T05:30:00Z,2026-08-03T07:30:00+0200,353.83,MW,DK1,DK_1,actual_solar_generation,Solar,2026-08-04T05:33:58Z
2026-08-04T05:31:07Z,2026-08-04T07:31:07+0200,fe4314c0-08bc-43c1-bc96-38bb7e2cf46d,2026-08-03T05:45:00Z,2026-08-03T07:45:00+0200,452.376,MW,DK1,DK_1,actual_solar_generation,Solar,2026-08-04T05:33:58Z
2026-08-04T05:31:07Z,2026-08-04T07:31:07+0200,fe4314c0-08bc-43c1-bc96-38bb7e2cf46d,2026-08-03T06:00:00Z,2026-08-03T08:00:00+0200,579.455,MW,DK1,DK_1,actual_solar_generation,Solar,2026-08-04T05:33:58Z
2026-08-04T05:31:07Z,2026-08-04T07:31:07+0200,fe4314c0-08bc-43c1-bc96-38bb7e2cf46d,2026-08-03T06:15:00Z,2026-08-03T08:15:00+0200,741.553,MW,DK1,DK_1,actual_solar_generation,Solar,2026-08-04T05:33:58Z
2026-08-04T05:31:07Z,2026-08-04T07:31:07+0200,fe4314c0-08bc-43c1-bc96-38bb7e2cf46d,2026-08-03T06:30:00Z,2026-08-03T08:30:00+0200,889.124,MW,DK1,DK_1,actual_solar_generation,Solar,2026-08-04T05:33:58Z
2026-08-04T05:31:07Z,2026-08-04T07:31:07+0200,fe4314c0-08bc-43c1-bc96-38bb7e2cf46d,2026-08-03T06:45:00Z,2026-08-03T08:45:00+0200,1045.7,MW,DK1,DK_1,actual_solar_generation,Solar,2026-08-04T05:33:58Z
2026-08-04T05:31:07Z,2026-08-04T07:31:07+0200,fe4314c0-08bc-43c1-bc96-38bb7e2cf46d,2026-08-03T07:00:00Z,2026-08-03T09:00:00+0200,1053.24,MW,DK1,DK_1,actual_solar_generation,Solar,2026-08-04T05:33:58Z
2026-08-04T05:31:07Z,2026-08-04T07:31:07+0200,fe4314c0-08bc-43c1-bc96-38bb7e2cf46d,2026-08-03T07:15:00Z,2026-08-03T09:15:00+0200,1131.43,MW,DK1,DK_1,actual_solar_generation,Solar,2026-08-04T05:33:58Z
2026-08-04T05:31:07Z,2026-08-04T07:31:07+0200,fe4314c0-08bc-43c1-bc96-38bb7e2cf46d,2026-08-03T07:30:00Z,2026-08-03T09:30:00+0200,1264.7,MW,DK1,DK_1,actual_solar_generation,Solar,2026-08-04T05:33:58Z
2026-08-04T05:31:07Z,2026-08-04T07:31:07+0200,fe4314c0-08bc-43c1-bc96-38bb7e2cf46d,2026-08-03T07:45:00Z,2026-08-03T09:45:00+0200,1374.05,MW,DK1,DK_1,actual_solar_generation,Solar,2026-08-04T05:33:58Z
2026-08-04T05:31:07Z,2026-08-04T07:31:07+0200,fe4314c0-08bc-43c1-bc96-38bb7e2cf46d,2026-08-03T08:00:00Z,2026-08-03T10:00:00+0200,1441.59,MW,DK1,DK_1,actual_solar_generation,Solar,2026-08-04T05:33:58Z
2026-08-04T05:31:07Z,2026-08-04T07:31:07+0200,fe4314c0-08bc-43c1-bc96-38bb7e2cf46d,2026-08-03T08:15:00Z,2026-08-03T10:15:00+0200,1577.17,MW,DK1,DK_1,actual_solar_generation,Solar,2026-08-04T05:33:58Z
2026-08-04T05:31:07Z,2026-08-04T07:31:07+0200,fe4314c0-08bc-43c1-bc96-38bb7e2cf46d,2026-08-03T08:30:00Z,2026-08-03T10:30:00+0200,1616.49,MW,DK1,DK_1,actual_solar_generation,Solar,2026-08-04T05:33:58Z
2026-08-04T05:31:07Z,2026-08-04T07:31:07+0200,fe4314c0-08bc-43c1-bc96-38bb7e2cf46d,2026-08-03T08:45:00Z,2026-08-03T10:45:00+0200,1699.0,MW,DK1,DK_1,actual_solar_generation,Solar,2026-08-04T05:33:58Z
2026-08-04T05:31:07Z,2026-08-04T07:31:07+0200,fe4314c0-08bc-43c1-bc96-38bb7e2cf46d,2026-08-03T09:00:00Z,2026-08-03T11:00:00+0200,1670.34,MW,DK1,DK_1,actual_solar_generation,Solar,2026-08-04T05:33:58Z
2026-08-04T05:31:07Z,2026-08-04T07:31:07+0200,fe4314c0-08bc-43c1-bc96-38bb7e2cf46d,2026-08-03T09:15:00Z,2026-08-03T11:15:00+0200,1736.18,MW,DK1,DK_1,actual_solar_generation,Solar,2026-08-04T05:33:58Z
2026-08-04T05:31:07Z,2026-08-04T07:31:07+0200,fe4314c0-08bc-43c1-bc96-38bb7e2cf46d,2026-08-03T09:30:00Z,2026-08-03T11:30:00+0200,1871.36,MW,DK1,DK_1,actual_solar_generation,Solar,2026-08-04T05:33:58Z
2026-08-04T05:31:07Z,2026-08-04T07:31:07+0200,fe4314c0-08bc-43c1-bc96-38bb7e2cf46d,2026-08-03T09:45:00Z,2026-08-03T11:45:00+0200,1885.3,MW,DK1,DK_1,actual_solar_generation,Solar,2026-08-04T05:33:58Z
2026-08-04T05:31:07Z,2026-08-04T07:31:07+0200,fe4314c0-08bc-43c1-bc96-38bb7e2cf46d,2026-08-03T10:00:00Z,2026-08-03T12:00:00+0200,2049.36,MW,DK1,DK_1,actual_solar_generation,Solar,2026-08-04T05:33:58Z
2026-08-04T05:31:07Z,2026-08-04T07:31:07+0200,fe4314c0-08bc-43c1-bc96-38bb7e2cf46d,2026-08-03T10:15:00Z,2026-08-03T12:15:00+0200,2117.13,MW,DK1,DK_1,actual_solar_generation,Solar,2026-08-04T05:33:58Z
2026-08-04T05:31:07Z,2026-08-04T07:31:07+0200,fe4314c0-08bc-43c1-bc96-38bb7e2cf46d,2026-08-03T10:30:00Z,2026-08-03T12:30:00+0200,2148.84,MW,DK1,DK_1,actual_solar_generation,Solar,2026-08-04T05:33:58Z
2026-08-04T05:31:07Z,2026-08-04T07:31:07+0200,fe4314c0-08bc-43c1-bc96-38bb7e2cf46d,2026-08-03T10:45:00Z,2026-08-03T12:45:00+0200,2239.5,MW,DK1,DK_1,actual_solar_generation,Solar,2026-08-04T05:33:58Z
2026-08-04T05:31:07Z,2026-08-04T07:31:07+0200,fe4314c0-08bc-43c1-bc96-38bb7e2cf46d,2026-08-03T11:00:00Z,2026-08-03T13:00:00+0200,2335.44,MW,DK1,DK_1,actual_solar_generation,Solar,2026-08-04T05:33:58Z
2026-08-04T05:31:07Z,2026-08-04T07:31:07+0200,fe4314c0-08bc-43c1-bc96-38bb7e2cf46d,2026-08-03T11:15:00Z,2026-08-03T13:15:00+0200,2311.43,MW,DK1,DK_1,actual_solar_generation,Solar,2026-08-04T05:33:58Z
2026-08-04T05:31:07Z,2026-08-04T07:31:07+0200,fe4314c0-08bc-43c1-bc96-38bb7e2cf46d,2026-08-03T11:30:00Z,2026-08-03T13:30:00+0200,2276.4,MW,DK1,DK_1,actual_solar_generation,Solar,2026-08-04T05:33:58Z
2026-08-04T05:31:07Z,2026-08-04T07:31:07+0200,fe4314c0-08bc-43c1-bc96-38bb7e2cf46d,2026-08-03T11:45:00Z,2026-08-03T13:45:00+0200,2303.08,MW,DK1,DK_1,actual_solar_generation,Solar,2026-08-04T05:33:58Z
2026-08-04T05:31:07Z,2026-08-04T07:31:07+0200,fe4314c0-08bc-43c1-bc96-38bb7e2cf46d,2026-08-03T12:00:00Z,2026-08-03T14:00:00+0200,2332.55,MW,DK1,DK_1,actual_solar_generation,Solar,2026-08-04T05:33:58Z
2026-08-04T05:31:07Z,2026-08-04T07:31:07+0200,fe4314c0-08bc-43c1-bc96-38bb7e2cf46d,2026-08-03T12:15:00Z,2026-08-03T14:15:00+0200,2340.07,MW,DK1,DK_1,actual_solar_generation,Solar,2026-08-04T05:33:58Z
2026-08-04T05:31:07Z,2026-08-04T07:31:07+0200,fe4314c0-08bc-43c1-bc96-38bb7e2cf46d,2026-08-03T12:30:00Z,2026-08-03T14:30:00+0200,2276.52,MW,DK1,DK_1,actual_solar_generation,Solar,2026-08-04T05:33:58Z
2026-08-04T05:31:07Z,2026-08-04T07:31:07+0200,fe4314c0-08bc-43c1-bc96-38bb7e2cf46d,2026-08-03T12:45:00Z,2026-08-03T14:45:00+0200,2205.11,MW,DK1,DK_1,actual_solar_generation,Solar,2026-08-04T05:33:58Z
2026-08-04T05:31:07Z,2026-08-04T07:31:07+0200,fe4314c0-08bc-43c1-bc96-38bb7e2cf46d,2026-08-03T13:00:00Z,2026-08-03T15:00:00+0200,2116.24,MW,DK1,DK_1,actual_solar_generation,Solar,2026-08-04T05:33:58Z
2026-08-04T05:31:07Z,2026-08-04T07:31:07+0200,fe4314c0-08bc-43c1-bc96-38bb7e2cf46d,2026-08-03T13:15:00Z,2026-08-03T15:15:00+0200,2060.52,MW,DK1,DK_1,actual_solar_generation,Solar,2026-08-04T05:33:58Z
2026-08-04T05:31:07Z,2026-08-04T07:31:07+0200,fe4314c0-08bc-43c1-bc96-38bb7e2cf46d,2026-08-03T13:30:00Z,2026-08-03T15:30:00+0200,1952.03,MW,DK1,DK_1,actual_solar_generation,Solar,2026-08-04T05:33:58Z
2026-08-04T05:31:07Z,2026-08-04T07:31:07+0200,fe4314c0-08bc-43c1-bc96-38bb7e2cf46d,2026-08-03T13:45:00Z,2026-08-03T15:45:00+0200,1934.16,MW,DK1,DK_1,actual_solar_generation,Solar,2026-08-04T05:33:58Z
2026-08-04T05:31:07Z,2026-08-04T07:31:07+0200,fe4314c0-08bc-43c1-bc96-38bb7e2cf46d,2026-08-03T14:00:00Z,2026-08-03T16:00:00+0200,1900.32,MW,DK1,DK_1,actual_solar_generation,Solar,2026-08-04T05:33:58Z
2026-08-04T05:31:07Z,2026-08-04T07:31:07+0200,fe4314c0-08bc-43c1-bc96-38bb7e2cf46d,2026-08-03T14:15:00Z,2026-08-03T16:15:00+0200,1856.96,MW,DK1,DK_1,actual_solar_generation,Solar,2026-08-04T05:33:58Z
2026-08-04T05:31:07Z,2026-08-04T07:31:07+0200,fe4314c0-08bc-43c1-bc96-38bb7e2cf46d,2026-08-03T14:30:00Z,2026-08-03T16:30:00+0200,1776.99,MW,DK1,DK_1,actual_solar_generation,Solar,2026-08-04T05:33:58Z
2026-08-04T05:31:07Z,2026-08-04T07:31:07+0200,fe4314c0-08bc-43c1-bc96-38bb7e2cf46d,2026-08-03T14:45:00Z,2026-08-03T16:45:00+0200,1763.71,MW,DK1,DK_1,actual_solar_generation,Solar,2026-08-04T05:33:58Z
2026-08-04T05:31:07Z,2026-08-04T07:31:07+0200,fe4314c0-08bc-43c1-bc96-38bb7e2cf46d,2026-08-03T15:00:00Z,2026-08-03T17:00:00+0200,1616.92,MW,DK1,DK_1,actual_solar_generation,Solar,2026-08-04T05:33:58Z
2026-08-04T05:31:07Z,2026-08-04T07:31:07+0200,fe4314c0-08bc-43c1-bc96-38bb7e2cf46d,2026-08-03T15:15:00Z,2026-08-03T17:15:00+0200,1468.78,MW,DK1,DK_1,actual_solar_generation,Solar,2026-08-04T05:33:58Z
2026-08-04T05:31:07Z,2026-08-04T07:31:07+0200,fe4314c0-08bc-43c1-bc96-38bb7e2cf46d,2026-08-03T15:30:00Z,2026-08-03T17:30:00+0200,1329.25,MW,DK1,DK_1,actual_solar_generation,Solar,2026-08-04T05:33:58Z
2026-08-04T05:31:07Z,2026-08-04T07:31:07+0200,fe4314c0-08bc-43c1-bc96-38bb7e2cf46d,2026-08-03T15:45:00Z,2026-08-03T17:45:00+0200,1209.13,MW,DK1,DK_1,actual_solar_generation,Solar,2026-08-04T05:33:58Z
2026-08-04T05:31:07Z,2026-08-04T07:31:07+0200,fe4314c0-08bc-43c1-bc96-38bb7e2cf46d,2026-08-03T16:00:00Z,2026-08-03T18:00:00+0200,1058.39,MW,DK1,DK_1,actual_solar_generation,Solar,2026-08-04T05:33:58Z
2026-08-04T05:31:07Z,2026-08-04T07:31:07+0200,fe4314c0-08bc-43c1-bc96-38bb7e2cf46d,2026-08-03T16:15:00Z,2026-08-03T18:15:00+0200,867.599,MW,DK1,DK_1,actual_solar_generation,Solar,2026-08-04T05:33:58Z
2026-08-04T05:31:07Z,2026-08-04T07:31:07+0200,fe4314c0-08bc-43c1-bc96-38bb7e2cf46d,2026-08-03T16:30:00Z,2026-08-03T18:30:00+0200,731.926,MW,DK1,DK_1,actual_solar_generation,Solar,2026-08-04T05:33:58Z
2026-08-04T05:31:07Z,2026-08-04T07:31:07+0200,fe4314c0-08bc-43c1-bc96-38bb7e2cf46d,2026-08-03T16:45:00Z,2026-08-03T18:45:00+0200,558.272,MW,DK1,DK_1,actual_solar_generation,Solar,2026-08-04T05:33:58Z
2026-08-04T05:31:07Z,2026-08-04T07:31:07+0200,fe4314c0-08bc-43c1-bc96-38bb7e2cf46d,2026-08-03T17:00:00Z,2026-08-03T19:00:00+0200,454.661,MW,DK1,DK_1,actual_solar_generation,Solar,2026-08-04T05:33:58Z
2026-08-04T05:31:07Z,2026-08-04T07:31:07+0200,fe4314c0-08bc-43c1-bc96-38bb7e2cf46d,2026-08-03T17:15:00Z,2026-08-03T19:15:00+0200,356.228,MW,DK1,DK_1,actual_solar_generation,Solar,2026-08-04T05:33:58Z
2026-08-04T05:31:07Z,2026-08-04T07:31:07+0200,fe4314c0-08bc-43c1-bc96-38bb7e2cf46d,2026-08-03T17:30:00Z,2026-08-03T19:30:00+0200,273.327,MW,DK1,DK_1,actual_solar_generation,Solar,2026-08-04T05:33:58Z
2026-08-04T05:31:07Z,2026-08-04T07:31:07+0200,fe4314c0-08bc-43c1-bc96-38bb7e2cf46d,2026-08-03T17:45:00Z,2026-08-03T19:45:00+0200,197.585,MW,DK1,DK_1,actual_solar_generation,Solar,2026-08-04T05:33:58Z
2026-08-04T05:31:07Z,2026-08-04T07:31:07+0200,fe4314c0-08bc-43c1-bc96-38bb7e2cf46d,2026-08-03T18:00:00Z,2026-08-03T20:00:00+0200,141.322,MW,DK1,DK_1,actual_solar_generation,Solar,2026-08-04T05:33:58Z
2026-08-04T05:31:07Z,2026-08-04T07:31:07+0200,fe4314c0-08bc-43c1-bc96-38bb7e2cf46d,2026-08-03T18:15:00Z,2026-08-03T20:15:00+0200,89.7846,MW,DK1,DK_1,actual_solar_generation,Solar,2026-08-04T05:33:58Z
2026-08-04T05:31:07Z,2026-08-04T07:31:07+0200,fe4314c0-08bc-43c1-bc96-38bb7e2cf46d,2026-08-03T18:30:00Z,2026-08-03T20:30:00+0200,54.3867,MW,DK1,DK_1,actual_solar_generation,Solar,2026-08-04T05:33:58Z
2026-08-04T05:31:07Z,2026-08-04T07:31:07+0200,fe4314c0-08bc-43c1-bc96-38bb7e2cf46d,2026-08-03T18:45:00Z,2026-08-03T20:45:00+0200,31.1669,MW,DK1,DK_1,actual_solar_generation,Solar,2026-08-04T05:33:58Z
2026-08-04T05:31:07Z,2026-08-04T07:31:07+0200,fe4314c0-08bc-43c1-bc96-38bb7e2cf46d,2026-08-03T19:00:00Z,2026-08-03T21:00:00+0200,18.3405,MW,DK1,DK_1,actual_solar_generation,Solar,2026-08-04T05:33:58Z
2026-08-04T05:31:07Z,2026-08-04T07:31:07+0200,fe4314c0-08bc-43c1-bc96-38bb7e2cf46d,2026-08-03T19:15:00Z,2026-08-03T21:15:00+0200,9.38859,MW,DK1,DK_1,actual_solar_generation,Solar,2026-08-04T05:33:58Z
2026-08-04T05:31:07Z,2026-08-04T07:31:07+0200,fe4314c0-08bc-43c1-bc96-38bb7e2cf46d,2026-08-03T19:30:00Z,2026-08-03T21:30:00+0200,4.66957,MW,DK1,DK_1,actual_solar_generation,Solar,2026-08-04T05:33:58Z
2026-08-04T05:31:07Z,2026-08-04T07:31:07+0200,fe4314c0-08bc-43c1-bc96-38bb7e2cf46d,2026-08-03T19:45:00Z,2026-08-03T21:45:00+0200,3.9169,MW,DK1,DK_1,actual_solar_generation,Solar,2026-08-04T05:33:58Z
2026-08-04T05:31:07Z,2026-08-04T07:31:07+0200,fe4314c0-08bc-43c1-bc96-38bb7e2cf46d,2026-08-03T20:00:00Z,2026-08-03T22:00:00+0200,3.1824,MW,DK1,DK_1,actual_solar_generation,Solar,2026-08-04T05:33:58Z
2026-08-04T05:31:07Z,2026-08-04T07:31:07+0200,fe4314c0-08bc-43c1-bc96-38bb7e2cf46d,2026-08-03T20:15:00Z,2026-08-03T22:15:00+0200,2.81705,MW,DK1,DK_1,actual_solar_generation,Solar,2026-08-04T05:33:58Z
2026-08-04T05:31:07Z,2026-08-04T07:31:07+0200,fe4314c0-08bc-43c1-bc96-38bb7e2cf46d,2026-08-03T20:30:00Z,2026-08-03T22:30:00+0200,2.78168,MW,DK1,DK_1,actual_solar_generation,Solar,2026-08-04T05:33:58Z
2026-08-04T05:31:07Z,2026-08-04T07:31:07+0200,fe4314c0-08bc-43c1-bc96-38bb7e2cf46d,2026-08-03T20:45:00Z,2026-08-03T22:45:00+0200,3.4567,MW,DK1,DK_1,actual_solar_generation,Solar,2026-08-04T05:33:58Z
2026-08-04T05:31:07Z,2026-08-04T07:31:07+0200,fe4314c0-08bc-43c1-bc96-38bb7e2cf46d,2026-08-03T21:00:00Z,2026-08-03T23:00:00+0200,4.26295,MW,DK1,DK_1,actual_solar_generation,Solar,2026-08-04T05:33:58Z
2026-08-04T05:31:07Z,2026-08-04T07:31:07+0200,fe4314c0-08bc-43c1-bc96-38bb7e2cf46d,2026-08-03T21:15:00Z,2026-08-03T23:15:00+0200,3.80642,MW,DK1,DK_1,actual_solar_generation,Solar,2026-08-04T05:33:58Z
2026-08-04T05:31:07Z,2026-08-04T07:31:07+0200,fe4314c0-08bc-43c1-bc96-38bb7e2cf46d,2026-08-03T21:30:00Z,2026-08-03T23:30:00+0200,3.17507,MW,DK1,DK_1,actual_solar_generation,Solar,2026-08-04T05:33:58Z
2026-08-04T05:31:07Z,2026-08-04T07:31:07+0200,fe4314c0-08bc-43c1-bc96-38bb7e2cf46d,2026-08-03T21:45:00Z,2026-08-03T23:45:00+0200,2.58657,MW,DK1,DK_1,actual_solar_generation,Solar,2026-08-04T05:33:58Z
2026-08-04T05:31:07Z,2026-08-04T07:31:07+0200,fe4314c0-08bc-43c1-bc96-38bb7e2cf46d,2026-08-03T22:00:00Z,2026-08-04T00:00:00+0200,2.84599,MW,DK1,DK_1,actual_solar_generation,Solar,2026-08-04T05:33:58Z
2026-08-04T05:31:07Z,2026-08-04T07:31:07+0200,fe4314c0-08bc-43c1-bc96-38bb7e2cf46d,2026-08-03T22:15:00Z,2026-08-04T00:15:00+0200,2.53138,MW,DK1,DK_1,actual_solar_generation,Solar,2026-08-04T05:33:58Z
2026-08-04T05:31:07Z,2026-08-04T07:31:07+0200,fe4314c0-08bc-43c1-bc96-38bb7e2cf46d,2026-08-03T22:30:00Z,2026-08-04T00:30:00+0200,2.1158,MW,DK1,DK_1,actual_solar_generation,Solar,2026-08-04T05:33:58Z
2026-08-04T05:31:07Z,2026-08-04T07:31:07+0200,fe4314c0-08bc-43c1-bc96-38bb7e2cf46d,2026-08-03T22:45:00Z,2026-08-04T00:45:00+0200,2.09838,MW,DK1,DK_1,actual_solar_generation,Solar,2026-08-04T05:33:58Z
2026-08-04T05:31:07Z,2026-08-04T07:31:07+0200,fe4314c0-08bc-43c1-bc96-38bb7e2cf46d,2026-08-03T23:00:00Z,2026-08-04T01:00:00+0200,2.18734,MW,DK1,DK_1,actual_solar_generation,Solar,2026-08-04T05:33:58Z
2026-08-04T05:31:07Z,2026-08-04T07:31:07+0200,fe4314c0-08bc-43c1-bc96-38bb7e2cf46d,2026-08-03T23:15:00Z,2026-08-04T01:15:00+0200,1.75486,MW,DK1,DK_1,actual_solar_generation,Solar,2026-08-04T05:33:58Z
2026-08-04T05:31:07Z,2026-08-04T07:31:07+0200,fe4314c0-08bc-43c1-bc96-38bb7e2cf46d,2026-08-03T23:30:00Z,2026-08-04T01:30:00+0200,1.40147,MW,DK1,DK_1,actual_solar_generation,Solar,2026-08-04T05:33:58Z
2026-08-04T05:31:07Z,2026-08-04T07:31:07+0200,fe4314c0-08bc-43c1-bc96-38bb7e2cf46d,2026-08-03T23:45:00Z,2026-08-04T01:45:00+0200,1.48817,MW,DK1,DK_1,actual_solar_generation,Solar,2026-08-04T05:33:58Z
2026-08-04T05:31:07Z,2026-08-04T07:31:07+0200,fe4314c0-08bc-43c1-bc96-38bb7e2cf46d,2026-08-04T00:00:00Z,2026-08-04T02:00:00+0200,1.95272,MW,DK1,DK_1,actual_solar_generation,Solar,2026-08-04T05:33:58Z
2026-08-04T05:31:07Z,2026-08-04T07:31:07+0200,fe4314c0-08bc-43c1-bc96-38bb7e2cf46d,2026-08-04T00:15:00Z,2026-08-04T02:15:00+0200,2.01352,MW,DK1,DK_1,actual_solar_generation,Solar,2026-08-04T05:33:58Z
2026-08-04T05:31:07Z,2026-08-04T07:31:07+0200,fe4314c0-08bc-43c1-bc96-38bb7e2cf46d,2026-08-04T00:30:00Z,2026-08-04T02:30:00+0200,2.38699,MW,DK1,DK_1,actual_solar_generation,Solar,2026-08-04T05:33:58Z
2026-08-04T05:31:07Z,2026-08-04T07:31:07+0200,fe4314c0-08bc-43c1-bc96-38bb7e2cf46d,2026-08-04T00:45:00Z,2026-08-04T02:45:00+0200,1.75009,MW,DK1,DK_1,actual_solar_generation,Solar,2026-08-04T05:33:58Z
2026-08-04T05:31:07Z,2026-08-04T07:31:07+0200,fe4314c0-08bc-43c1-bc96-38bb7e2cf46d,2026-08-04T01:00:00Z,2026-08-04T03:00:00+0200,2.07985,MW,DK1,DK_1,actual_solar_generation,Solar,2026-08-04T05:33:58Z
2026-08-04T05:31:07Z,2026-08-04T07:31:07+0200,fe4314c0-08bc-43c1-bc96-38bb7e2cf46d,2026-08-04T01:15:00Z,2026-08-04T03:15:00+0200,2.09335,MW,DK1,DK_1,actual_solar_generation,Solar,2026-08-04T05:33:58Z
2026-08-04T05:31:07Z,2026-08-04T07:31:07+0200,fe4314c0-08bc-43c1-bc96-38bb7e2cf46d,2026-08-04T01:30:00Z,2026-08-04T03:30:00+0200,2.46775,MW,DK1,DK_1,actual_solar_generation,Solar,2026-08-04T05:33:58Z
2026-08-04T05:31:07Z,2026-08-04T07:31:07+0200,fe4314c0-08bc-43c1-bc96-38bb7e2cf46d,2026-08-04T01:45:00Z,2026-08-04T03:45:00+0200,2.18193,MW,DK1,DK_1,actual_solar_generation,Solar,2026-08-04T05:33:58Z
2026-08-04T05:31:07Z,2026-08-04T07:31:07+0200,fe4314c0-08bc-43c1-bc96-38bb7e2cf46d,2026-08-04T02:00:00Z,2026-08-04T04:00:00+0200,2.41816,MW,DK1,DK_1,actual_solar_generation,Solar,2026-08-04T05:33:58Z
2026-08-04T05:31:07Z,2026-08-04T07:31:07+0200,fe4314c0-08bc-43c1-bc96-38bb7e2cf46d,2026-08-04T02:15:00Z,2026-08-04T04:15:00+0200,2.78726,MW,DK1,DK_1,actual_solar_generation,Solar,2026-08-04T05:33:58Z
2026-08-04T05:31:07Z,2026-08-04T07:31:07+0200,fe4314c0-08bc-43c1-bc96-38bb7e2cf46d,2026-08-04T02:30:00Z,2026-08-04T04:30:00+0200,3.16487,MW,DK1,DK_1,actual_solar_generation,Solar,2026-08-04T05:33:58Z
2026-08-04T05:31:07Z,2026-08-04T07:31:07+0200,fe4314c0-08bc-43c1-bc96-38bb7e2cf46d,2026-08-04T02:45:00Z,2026-08-04T04:45:00+0200,3.12686,MW,DK1,DK_1,actual_solar_generation,Solar,2026-08-04T05:33:58Z
2026-08-04T05:31:07Z,2026-08-04T07:31:07+0200,fe4314c0-08bc-43c1-bc96-38bb7e2cf46d,2026-08-04T03:00:00Z,2026-08-04T05:00:00+0200,2.56596,MW,DK1,DK_1,actual_solar_generation,Solar,2026-08-04T05:33:58Z
2026-08-04T05:31:07Z,2026-08-04T07:31:07+0200,fe4314c0-08bc-43c1-bc96-38bb7e2cf46d,2026-08-04T03:15:00Z,2026-08-04T05:15:00+0200,3.27122,MW,DK1,DK_1,actual_solar_generation,Solar,2026-08-04T05:33:58Z
2026-08-04T05:31:07Z,2026-08-04T07:31:07+0200,fe4314c0-08bc-43c1-bc96-38bb7e2cf46d,2026-08-04T03:30:00Z,2026-08-04T05:30:00+0200,6.04202,MW,DK1,DK_1,actual_solar_generation,Solar,2026-08-04T05:33:58Z
2026-08-04T05:31:07Z,2026-08-04T07:31:07+0200,fe4314c0-08bc-43c1-bc96-38bb7e2cf46d,2026-08-04T03:45:00Z,2026-08-04T05:45:00+0200,18.52,MW,DK1,DK_1,actual_solar_generation,Solar,2026-08-04T05:33:58Z
2026-08-04T05:31:07Z,2026-08-04T07:31:07+0200,fe4314c0-08bc-43c1-bc96-38bb7e2cf46d,2026-08-04T04:00:00Z,2026-08-04T06:00:00+0200,43.131,MW,DK1,DK_1,actual_solar_generation,Solar,2026-08-04T05:33:58Z
2026-08-04T05:31:07Z,2026-08-04T07:31:07+0200,fe4314c0-08bc-43c1-bc96-38bb7e2cf46d,2026-08-04T04:15:00Z,2026-08-04T06:15:00+0200,80.5601,MW,DK1,DK_1,actual_solar_generation,Solar,2026-08-04T05:33:58Z
2026-08-04T05:31:07Z,2026-08-04T07:31:07+0200,fe4314c0-08bc-43c1-bc96-38bb7e2cf46d,2026-08-04T04:30:00Z,2026-08-04T06:30:00+0200,107.289,MW,DK1,DK_1,actual_solar_generation,Solar,2026-08-04T05:33:58Z
