collection_time_utc,collection_time_local,run_id,timestamp_utc,timestamp_local,value,unit,country,entsoe_area,variable,source,updated_at_utc
2026-08-17T19:51:40Z,2026-08-17T21:51:40+0200,fdae99e2-5a7d-42af-ac8a-eb89677bb4d2,2026-07-17T20:00:00Z,2026-07-17T22:00:00+0200,162.35,MW,BE,BE,forecast_offshore_wind_generation,Wind Offshore,2026-08-17T19:52:07Z
2026-08-17T19:51:40Z,2026-08-17T21:51:40+0200,fdae99e2-5a7d-42af-ac8a-eb89677bb4d2,2026-07-17T21:00:00Z,2026-07-17T23:00:00+0200,156.325,MW,BE,BE,forecast_offshore_wind_generation,Wind Offshore,2026-08-17T19:52:07Z
2026-08-17T19:51:40Z,2026-08-17T21:51:40+0200,fdae99e2-5a7d-42af-ac8a-eb89677bb4d2,2026-07-17T22:00:00Z,2026-07-18T00:00:00+0200,99.3,MW,BE,BE,forecast_offshore_wind_generation,Wind Offshore,2026-08-17T19:52:07Z
2026-08-17T19:51:40Z,2026-08-17T21:51:40+0200,fdae99e2-5a7d-42af-ac8a-eb89677bb4d2,2026-07-17T23:00:00Z,2026-07-18T01:00:00+0200,116.45,MW,BE,BE,forecast_offshore_wind_generation,Wind Offshore,2026-08-17T19:52:07Z
2026-08-17T19:51:40Z,2026-08-17T21:51:40+0200,fdae99e2-5a7d-42af-ac8a-eb89677bb4d2,2026-07-18T00:00:00Z,2026-07-18T02:00:00+0200,143.7,MW,BE,BE,forecast_offshore_wind_generation,Wind Offshore,2026-08-17T19:52:07Z
2026-08-17T19:51:40Z,2026-08-17T21:51:40+0200,fdae99e2-5a7d-42af-ac8a-eb89677bb4d2,2026-07-18T01:00:00Z,2026-07-18T03:00:00+0200,170.7,MW,BE,BE,forecast_offshore_wind_generation,Wind Offshore,2026-08-17T19:52:07Z
2026-08-17T19:51:40Z,2026-08-17T21:51:40+0200,fdae99e2-5a7d-42af-ac8a-eb89677bb4d2,2026-07-18T02:00:00Z,2026-07-18T04:00:00+0200,192.975,MW,BE,BE,forecast_offshore_wind_generation,Wind Offshore,2026-08-17T19:52:07Z
2026-08-17T19:51:40Z,2026-08-17T21:51:40+0200,fdae99e2-5a7d-42af-ac8a-eb89677bb4d2,2026-07-18T03:00:00Z,2026-07-18T05:00:00+0200,213.125,MW,BE,BE,forecast_offshore_wind_generation,Wind Offshore,2026-08-17T19:52:07Z
2026-08-17T19:51:40Z,2026-08-17T21:51:40+0200,fdae99e2-5a7d-42af-ac8a-eb89677bb4d2,2026-07-18T04:00:00Z,2026-07-18T06:00:00+0200,236.85,MW,BE,BE,forecast_offshore_wind_generation,Wind Offshore,2026-08-17T19:52:07Z
2026-08-17T19:51:40Z,2026-08-17T21:51:40+0200,fdae99e2-5a7d-42af-ac8a-eb89677bb4d2,2026-07-18T05:00:00Z,2026-07-18T07:00:00+0200,250.075,MW,BE,BE,forecast_offshore_wind_generation,Wind Offshore,2026-08-17T19:52:07Z
2026-08-17T19:51:40Z,2026-08-17T21:51:40+0200,fdae99e2-5a7d-42af-ac8a-eb89677bb4d2,2026-07-18T06:00:00Z,2026-07-18T08:00:00+0200,254.7,MW,BE,BE,forecast_offshore_wind_generation,Wind Offshore,2026-08-17T19:52:07Z
2026-08-17T19:51:40Z,2026-08-17T21:51:40+0200,fdae99e2-5a7d-42af-ac8a-eb89677bb4d2,2026-07-18T07:00:00Z,2026-07-18T09:00:00+0200,271.625,MW,BE,BE,forecast_offshore_wind_generation,Wind Offshore,2026-08-17T19:52:07Z
2026-08-17T19:51:40Z,2026-08-17T21:51:40+0200,fdae99e2-5a7d-42af-ac8a-eb89677bb4d2,2026-07-18T08:00:00Z,2026-07-18T10:00:00+0200,302.65,MW,BE,BE,forecast_offshore_wind_generation,Wind Offshore,2026-08-17T19:52:07Z
2026-08-17T19:51:40Z,2026-08-17T21:51:40+0200,fdae99e2-5a7d-42af-ac8a-eb89677bb4d2,2026-07-18T09:00:00Z,2026-07-18T11:00:00+0200,336.55,MW,BE,BE,forecast_offshore_wind_generation,Wind Offshore,2026-08-17T19:52:07Z
2026-08-17T19:51:40Z,2026-08-17T21:51:40+0200,fdae99e2-5a7d-42af-ac8a-eb89677bb4d2,2026-07-18T10:00:00Z,2026-07-18T12:00:00+0200,371.45,MW,BE,BE,forecast_offshore_wind_generation,Wind Offshore,2026-08-17T19:52:07Z
2026-08-17T19:51:40Z,2026-08-17T21:51:40+0200,fdae99e2-5a7d-42af-ac8a-eb89677bb4d2,2026-07-18T11:00:00Z,2026-07-18T13:00:00+0200,408.2,MW,BE,BE,forecast_offshore_wind_generation,Wind Offshore,2026-08-17T19:52:07Z
2026-08-17T19:51:40Z,2026-08-17T21:51:40+0200,fdae99e2-5a7d-42af-ac8a-eb89677bb4d2,2026-07-18T12:00:00Z,2026-07-18T14:00:00+0200,455.55,MW,BE,BE,forecast_offshore_wind_generation,Wind Offshore,2026-08-17T19:52:07Z
2026-08-17T19:51:40Z,2026-08-17T21:51:40+0200,fdae99e2-5a7d-42af-ac8a-eb89677bb4d2,2026-07-18T13:00:00Z,2026-07-18T15:00:00+0200,529.6,MW,BE,BE,forecast_offshore_wind_generation,Wind Offshore,2026-08-17T19:52:07Z
2026-08-17T19:51:40Z,2026-08-17T21:51:40+0200,fdae99e2-5a7d-42af-ac8a-eb89677bb4d2,2026-07-18T14:00:00Z,2026-07-18T16:00:00+0200,625.25,MW,BE,BE,forecast_offshore_wind_generation,Wind Offshore,2026-08-17T19:52:07Z
2026-08-17T19:51:40Z,2026-08-17T21:51:40+0200,fdae99e2-5a7d-42af-ac8a-eb89677bb4d2,2026-07-18T15:00:00Z,2026-07-18T17:00:00+0200,743.0,MW,BE,BE,forecast_offshore_wind_generation,Wind Offshore,2026-08-17T19:52:07Z
2026-08-17T19:51:40Z,2026-08-17T21:51:40+0200,fdae99e2-5a7d-42af-ac8a-eb89677bb4d2,2026-07-18T16:00:00Z,2026-07-18T18:00:00+0200,863.775,MW,BE,BE,forecast_offshore_wind_generation,Wind Offshore,2026-08-17T19:52:07Z
2026-08-17T19:51:40Z,2026-08-17T21:51:40+0200,fdae99e2-5a7d-42af-ac8a-eb89677bb4d2,2026-07-18T17:00:00Z,2026-07-18T19:00:00+0200,943.0,MW,BE,BE,forecast_offshore_wind_generation,Wind Offshore,2026-08-17T19:52:07Z
2026-08-17T19:51:40Z,2026-08-17T21:51:40+0200,fdae99e2-5a7d-42af-ac8a-eb89677bb4d2,2026-07-18T18:00:00Z,2026-07-18T20:00:00+0200,974.025,MW,BE,BE,forecast_offshore_wind_generation,Wind Offshore,2026-08-17T19:52:07Z
2026-08-17T19:51:40Z,2026-08-17T21:51:40+0200,fdae99e2-5a7d-42af-ac8a-eb89677bb4d2,2026-07-18T19:00:00Z,2026-07-18T21:00:00+0200,957.825,MW,BE,BE,forecast_offshore_wind_generation,Wind Offshore,2026-08-17T19:52:07Z
2026-08-17T19:51:40Z,2026-08-17T21:51:40+0200,fdae99e2-5a7d-42af-ac8a-eb89677bb4d2,2026-07-18T20:00:00Z,2026-07-18T22:00:00+0200,906.925,MW,BE,BE,forecast_offshore_wind_generation,Wind Offshore,2026-08-17T19:52:07Z
2026-08-17T19:51:40Z,2026-08-17T21:51:40+0200,fdae99e2-5a7d-42af-ac8a-eb89677bb4d2,2026-07-18T21:00:00Z,2026-07-18T23:00:00+0200,845.475,MW,BE,BE,forecast_offshore_wind_generation,Wind Offshore,2026-08-17T19:52:07Z
2026-08-17T19:51:40Z,2026-08-17T21:51:40+0200,fdae99e2-5a7d-42af-ac8a-eb89677bb4d2,2026-07-18T22:00:00Z,2026-07-19T00:00:00+0200,673.9,MW,BE,BE,forecast_offshore_wind_generation,Wind Offshore,2026-08-17T19:52:07Z
2026-08-17T19:51:40Z,2026-08-17T21:51:40+0200,fdae99e2-5a7d-42af-ac8a-eb89677bb4d2,2026-07-18T23:00:00Z,2026-07-19T01:00:00+0200,659.5,MW,BE,BE,forecast_offshore_wind_generation,Wind Offshore,2026-08-17T19:52:07Z
2026-08-17T19:51:40Z,2026-08-17T21:51:40+0200,fdae99e2-5a7d-42af-ac8a-eb89677bb4d2,2026-07-19T00:00:00Z,2026-07-19T02:00:00+0200,678.875,MW,BE,BE,forecast_offshore_wind_generation,Wind Offshore,2026-08-17T19:52:07Z
2026-08-17T19:51:40Z,2026-08-17T21:51:40+0200,fdae99e2-5a7d-42af-ac8a-eb89677bb4d2,2026-07-19T01:00:00Z,2026-07-19T03:00:00+0200,723.25,MW,BE,BE,forecast_offshore_wind_generation,Wind Offshore,2026-08-17T19:52:07Z
2026-08-17T19:51:40Z,2026-08-17T21:51:40+0200,fdae99e2-5a7d-42af-ac8a-eb89677bb4d2,2026-07-19T02:00:00Z,2026-07-19T04:00:00+0200,763.475,MW,BE,BE,forecast_offshore_wind_generation,Wind Offshore,2026-08-17T19:52:07Z
2026-08-17T19:51:40Z,2026-08-17T21:51:40+0200,fdae99e2-5a7d-42af-ac8a-eb89677bb4d2,2026-07-19T03:00:00Z,2026-07-19T05:00:00+0200,777.85,MW,BE,BE,forecast_offshore_wind_generation,Wind Offshore,2026-08-17T19:52:07Z
2026-08-17T19:51:40Z,2026-08-17T21:51:40+0200,fdae99e2-5a7d-42af-ac8a-eb89677bb4d2,2026-07-19T04:00:00Z,2026-07-19T06:00:00+0200,767.825,MW,BE,BE,forecast_offshore_wind_generation,Wind Offshore,2026-08-17T19:52:07Z
2026-08-17T19:51:40Z,2026-08-17T21:51:40+0200,fdae99e2-5a7d-42af-ac8a-eb89677bb4d2,2026-07-19T05:00:00Z,2026-07-19T07:00:00+0200,727.5,MW,BE,BE,forecast_offshore_wind_generation,Wind Offshore,2026-08-17T19:52:07Z
2026-08-17T19:51:40Z,2026-08-17T21:51:40+0200,fdae99e2-5a7d-42af-ac8a-eb89677bb4d2,2026-07-19T06:00:00Z,2026-07-19T08:00:00+0200,667.85,MW,BE,BE,forecast_offshore_wind_generation,Wind Offshore,2026-08-17T19:52:07Z
2026-08-17T19:51:40Z,2026-08-17T21:51:40+0200,fdae99e2-5a7d-42af-ac8a-eb89677bb4d2,2026-07-19T07:00:00Z,2026-07-19T09:00:00+0200,624.325,MW,BE,BE,forecast_offshore_wind_generation,Wind Offshore,2026-08-17T19:52:07Z
2026-08-17T19:51:40Z,2026-08-17T21:51:40+0200,fdae99e2-5a7d-42af-ac8a-eb89677bb4d2,2026-07-19T08:00:00Z,2026-07-19T10:00:00+0200,580.225,MW,BE,BE,forecast_offshore_wind_generation,Wind Offshore,2026-08-17T19:52:07Z
2026-08-17T19:51:40Z,2026-08-17T21:51:40+0200,fdae99e2-5a7d-42af-ac8a-eb89677bb4d2,2026-07-19T09:00:00Z,2026-07-19T11:00:00+0200,534.725,MW,BE,BE,forecast_offshore_wind_generation,Wind Offshore,2026-08-17T19:52:07Z
2026-08-17T19:51:40Z,2026-08-17T21:51:40+0200,fdae99e2-5a7d-42af-ac8a-eb89677bb4d2,2026-07-19T10:00:00Z,2026-07-19T12:00:00+0200,501.375,MW,BE,BE,forecast_offshore_wind_generation,Wind Offshore,2026-08-17T19:52:07Z
2026-08-17T19:51:40Z,2026-08-17T21:51:40+0200,fdae99e2-5a7d-42af-ac8a-eb89677bb4d2,2026-07-19T11:00:00Z,2026-07-19T13:00:00+0200,477.95,MW,BE,BE,forecast_offshore_wind_generation,Wind Offshore,2026-08-17T19:52:07Z
2026-08-17T19:51:40Z,2026-08-17T21:51:40+0200,fdae99e2-5a7d-42af-ac8a-eb89677bb4d2,2026-07-19T12:00:00Z,2026-07-19T14:00:00+0200,472.4,MW,BE,BE,forecast_offshore_wind_generation,Wind Offshore,2026-08-17T19:52:07Z
2026-08-17T19:51:40Z,2026-08-17T21:51:40+0200,fdae99e2-5a7d-42af-ac8a-eb89677bb4d2,2026-07-19T13:00:00Z,2026-07-19T15:00:00+0200,487.4,MW,BE,BE,forecast_offshore_wind_generation,Wind Offshore,2026-08-17T19:52:07Z
2026-08-17T19:51:40Z,2026-08-17T21:51:40+0200,fdae99e2-5a7d-42af-ac8a-eb89677bb4d2,2026-07-19T14:00:00Z,2026-07-19T16:00:00+0200,536.15,MW,BE,BE,forecast_offshore_wind_generation,Wind Offshore,2026-08-17T19:52:07Z
2026-08-17T19:51:40Z,2026-08-17T21:51:40+0200,fdae99e2-5a7d-42af-ac8a-eb89677bb4d2,2026-07-19T15:00:00Z,2026-07-19T17:00:00+0200,601.575,MW,BE,BE,forecast_offshore_wind_generation,Wind Offshore,2026-08-17T19:52:07Z
2026-08-17T19:51:40Z,2026-08-17T21:51:40+0200,fdae99e2-5a7d-42af-ac8a-eb89677bb4d2,2026-07-19T16:00:00Z,2026-07-19T18:00:00+0200,668.925,MW,BE,BE,forecast_offshore_wind_generation,Wind Offshore,2026-08-17T19:52:07Z
2026-08-17T19:51:40Z,2026-08-17T21:51:40+0200,fdae99e2-5a7d-42af-ac8a-eb89677bb4d2,2026-07-19T17:00:00Z,2026-07-19T19:00:00+0200,734.975,MW,BE,BE,forecast_offshore_wind_generation,Wind Offshore,2026-08-17T19:52:07Z
2026-08-17T19:51:40Z,2026-08-17T21:51:40+0200,fdae99e2-5a7d-42af-ac8a-eb89677bb4d2,2026-07-19T18:00:00Z,2026-07-19T20:00:00+0200,765.825,MW,BE,BE,forecast_offshore_wind_generation,Wind Offshore,2026-08-17T19:52:07Z
2026-08-17T19:51:40Z,2026-08-17T21:51:40+0200,fdae99e2-5a7d-42af-ac8a-eb89677bb4d2,2026-07-19T19:00:00Z,2026-07-19T21:00:00+0200,758.775,MW,BE,BE,forecast_offshore_wind_generation,Wind Offshore,2026-08-17T19:52:07Z
2026-08-17T19:51:40Z,2026-08-17T21:51:40+0200,fdae99e2-5a7d-42af-ac8a-eb89677bb4d2,2026-07-19T20:00:00Z,2026-07-19T22:00:00+0200,721.975,MW,BE,BE,forecast_offshore_wind_generation,Wind Offshore,2026-08-17T19:52:07Z
2026-08-17T19:51:40Z,2026-08-17T21:51:40+0200,fdae99e2-5a7d-42af-ac8a-eb89677bb4d2,2026-07-19T21:00:00Z,2026-07-19T23:00:00+0200,665.75,MW,BE,BE,forecast_offshore_wind_generation,Wind Offshore,2026-08-17T19:52:07Z
2026-08-17T19:51:40Z,2026-08-17T21:51:40+0200,fdae99e2-5a7d-42af-ac8a-eb89677bb4d2,2026-07-19T22:00:00Z,2026-07-20T00:00:00+0200,605.675,MW,BE,BE,forecast_offshore_wind_generation,Wind Offshore,2026-08-17T19:52:07Z
2026-08-17T19:51:40Z,2026-08-17T21:51:40+0200,fdae99e2-5a7d-42af-ac8a-eb89677bb4d2,2026-07-19T23:00:00Z,2026-07-20T01:00:00+0200,557.55,MW,BE,BE,forecast_offshore_wind_generation,Wind Offshore,2026-08-17T19:52:07Z
2026-08-17T19:51:40Z,2026-08-17T21:51:40+0200,fdae99e2-5a7d-42af-ac8a-eb89677bb4d2,2026-07-20T00:00:00Z,2026-07-20T02:00:00+0200,501.075,MW,BE,BE,forecast_offshore_wind_generation,Wind Offshore,2026-08-17T19:52:07Z
2026-08-17T19:51:40Z,2026-08-17T21:51:40+0200,fdae99e2-5a7d-42af-ac8a-eb89677bb4d2,2026-07-20T01:00:00Z,2026-07-20T03:00:00+0200,470.825,MW,BE,BE,forecast_offshore_wind_generation,Wind Offshore,2026-08-17T19:52:07Z
2026-08-17T19:51:40Z,2026-08-17T21:51:40+0200,fdae99e2-5a7d-42af-ac8a-eb89677bb4d2,2026-07-20T02:00:00Z,2026-07-20T04:00:00+0200,477.975,MW,BE,BE,forecast_offshore_wind_generation,Wind Offshore,2026-08-17T19:52:07Z
2026-08-17T19:51:40Z,2026-08-17T21:51:40+0200,fdae99e2-5a7d-42af-ac8a-eb89677bb4d2,2026-07-20T03:00:00Z,2026-07-20T05:00:00+0200,497.575,MW,BE,BE,forecast_offshore_wind_generation,Wind Offshore,2026-08-17T19:52:07Z
2026-08-17T19:51:40Z,2026-08-17T21:51:40+0200,fdae99e2-5a7d-42af-ac8a-eb89677bb4d2,2026-07-20T04:00:00Z,2026-07-20T06:00:00+0200,503.45,MW,BE,BE,forecast_offshore_wind_generation,Wind Offshore,2026-08-17T19:52:07Z
2026-08-17T19:51:40Z,2026-08-17T21:51:40+0200,fdae99e2-5a7d-42af-ac8a-eb89677bb4d2,2026-07-20T05:00:00Z,2026-07-20T07:00:00+0200,506.85,MW,BE,BE,forecast_offshore_wind_generation,Wind Offshore,2026-08-17T19:52:07Z
2026-08-17T19:51:40Z,2026-08-17T21:51:40+0200,fdae99e2-5a7d-42af-ac8a-eb89677bb4d2,2026-07-20T06:00:00Z,2026-07-20T08:00:00+0200,506.725,MW,BE,BE,forecast_offshore_wind_generation,Wind Offshore,2026-08-17T19:52:07Z
2026-08-17T19:51:40Z,2026-08-17T21:51:40+0200,fdae99e2-5a7d-42af-ac8a-eb89677bb4d2,2026-07-20T07:00:00Z,2026-07-20T09:00:00+0200,504.775,MW,BE,BE,forecast_offshore_wind_generation,Wind Offshore,2026-08-17T19:52:07Z
2026-08-17T19:51:40Z,2026-08-17T21:51:40+0200,fdae99e2-5a7d-42af-ac8a-eb89677bb4d2,2026-07-20T08:00:00Z,2026-07-20T10:00:00+0200,501.5,MW,BE,BE,forecast_offshore_wind_generation,Wind Offshore,2026-08-17T19:52:07Z
2026-08-17T19:51:40Z,2026-08-17T21:51:40+0200,fdae99e2-5a7d-42af-ac8a-eb89677bb4d2,2026-07-20T09:00:00Z,2026-07-20T11:00:00+0200,490.575,MW,BE,BE,forecast_offshore_wind_generation,Wind Offshore,2026-08-17T19:52:07Z
2026-08-17T19:51:40Z,2026-08-17T21:51:40+0200,fdae99e2-5a7d-42af-ac8a-eb89677bb4d2,2026-07-20T10:00:00Z,2026-07-20T12:00:00+0200,467.25,MW,BE,BE,forecast_offshore_wind_generation,Wind Offshore,2026-08-17T19:52:07Z
2026-08-17T19:51:40Z,2026-08-17T21:51:40+0200,fdae99e2-5a7d-42af-ac8a-eb89677bb4d2,2026-07-20T11:00:00Z,2026-07-20T13:00:00+0200,435.65,MW,BE,BE,forecast_offshore_wind_generation,Wind Offshore,2026-08-17T19:52:07Z
2026-08-17T19:51:40Z,2026-08-17T21:51:40+0200,fdae99e2-5a7d-42af-ac8a-eb89677bb4d2,2026-07-20T12:00:00Z,2026-07-20T14:00:00+0200,404.475,MW,BE,BE,forecast_offshore_wind_generation,Wind Offshore,2026-08-17T19:52:07Z
2026-08-17T19:51:40Z,2026-08-17T21:51:40+0200,fdae99e2-5a7d-42af-ac8a-eb89677bb4d2,2026-07-20T13:00:00Z,2026-07-20T15:00:00+0200,385.45,MW,BE,BE,forecast_offshore_wind_generation,Wind Offshore,2026-08-17T19:52:07Z
2026-08-17T19:51:40Z,2026-08-17T21:51:40+0200,fdae99e2-5a7d-42af-ac8a-eb89677bb4d2,2026-07-20T14:00:00Z,2026-07-20T16:00:00+0200,392.025,MW,BE,BE,forecast_offshore_wind_generation,Wind Offshore,2026-08-17T19:52:07Z
2026-08-17T19:51:40Z,2026-08-17T21:51:40+0200,fdae99e2-5a7d-42af-ac8a-eb89677bb4d2,2026-07-20T15:00:00Z,2026-07-20T17:00:00+0200,424.175,MW,BE,BE,forecast_offshore_wind_generation,Wind Offshore,2026-08-17T19:52:07Z
2026-08-17T19:51:40Z,2026-08-17T21:51:40+0200,fdae99e2-5a7d-42af-ac8a-eb89677bb4d2,2026-07-20T16:00:00Z,2026-07-20T18:00:00+0200,467.55,MW,BE,BE,forecast_offshore_wind_generation,Wind Offshore,2026-08-17T19:52:07Z
2026-08-17T19:51:40Z,2026-08-17T21:51:40+0200,fdae99e2-5a7d-42af-ac8a-eb89677bb4d2,2026-07-20T17:00:00Z,2026-07-20T19:00:00+0200,505.85,MW,BE,BE,forecast_offshore_wind_generation,Wind Offshore,2026-08-17T19:52:07Z
2026-08-17T19:51:40Z,2026-08-17T21:51:40+0200,fdae99e2-5a7d-42af-ac8a-eb89677bb4d2,2026-07-20T18:00:00Z,2026-07-20T20:00:00+0200,521.9,MW,BE,BE,forecast_offshore_wind_generation,Wind Offshore,2026-08-17T19:52:07Z
2026-08-17T19:51:40Z,2026-08-17T21:51:40+0200,fdae99e2-5a7d-42af-ac8a-eb89677bb4d2,2026-07-20T19:00:00Z,2026-07-20T21:00:00+0200,512.075,MW,BE,BE,forecast_offshore_wind_generation,Wind Offshore,2026-08-17T19:52:07Z
2026-08-17T19:51:40Z,2026-08-17T21:51:40+0200,fdae99e2-5a7d-42af-ac8a-eb89677bb4d2,2026-07-20T20:00:00Z,2026-07-20T22:00:00+0200,482.6,MW,BE,BE,forecast_offshore_wind_generation,Wind Offshore,2026-08-17T19:52:07Z
2026-08-17T19:51:40Z,2026-08-17T21:51:40+0200,fdae99e2-5a7d-42af-ac8a-eb89677bb4d2,2026-07-20T21:00:00Z,2026-07-20T23:00:00+0200,435.75,MW,BE,BE,forecast_offshore_wind_generation,Wind Offshore,2026-08-17T19:52:07Z
2026-08-17T19:51:40Z,2026-08-17T21:51:40+0200,fdae99e2-5a7d-42af-ac8a-eb89677bb4d2,2026-07-20T22:00:00Z,2026-07-21T00:00:00+0200,282.775,MW,BE,BE,forecast_offshore_wind_generation,Wind Offshore,2026-08-17T19:52:07Z
2026-08-17T19:51:40Z,2026-08-17T21:51:40+0200,fdae99e2-5a7d-42af-ac8a-eb89677bb4d2,2026-07-20T23:00:00Z,2026-07-21T01:00:00+0200,253.325,MW,BE,BE,forecast_offshore_wind_generation,Wind Offshore,2026-08-17T19:52:07Z
2026-08-17T19:51:40Z,2026-08-17T21:51:40+0200,fdae99e2-5a7d-42af-ac8a-eb89677bb4d2,2026-07-21T00:00:00Z,2026-07-21T02:00:00+0200,231.275,MW,BE,BE,forecast_offshore_wind_generation,Wind Offshore,2026-08-17T19:52:07Z
2026-08-17T19:51:40Z,2026-08-17T21:51:40+0200,fdae99e2-5a7d-42af-ac8a-eb89677bb4d2,2026-07-21T01:00:00Z,2026-07-21T03:00:00+0200,215.1,MW,BE,BE,forecast_offshore_wind_generation,Wind Offshore,2026-08-17T19:52:07Z
2026-08-17T19:51:40Z,2026-08-17T21:51:40+0200,fdae99e2-5a7d-42af-ac8a-eb89677bb4d2,2026-07-21T02:00:00Z,2026-07-21T04:00:00+0200,200.275,MW,BE,BE,forecast_offshore_wind_generation,Wind Offshore,2026-08-17T19:52:07Z
2026-08-17T19:51:40Z,2026-08-17T21:51:40+0200,fdae99e2-5a7d-42af-ac8a-eb89677bb4d2,2026-07-21T03:00:00Z,2026-07-21T05:00:00+0200,180.85,MW,BE,BE,forecast_offshore_wind_generation,Wind Offshore,2026-08-17T19:52:07Z
2026-08-17T19:51:40Z,2026-08-17T21:51:40+0200,fdae99e2-5a7d-42af-ac8a-eb89677bb4d2,2026-07-21T04:00:00Z,2026-07-21T06:00:00+0200,157.25,MW,BE,BE,forecast_offshore_wind_generation,Wind Offshore,2026-08-17T19:52:07Z
2026-08-17T19:51:40Z,2026-08-17T21:51:40+0200,fdae99e2-5a7d-42af-ac8a-eb89677bb4d2,2026-07-21T05:00:00Z,2026-07-21T07:00:00+0200,132.425,MW,BE,BE,forecast_offshore_wind_generation,Wind Offshore,2026-08-17T19:52:07Z
2026-08-17T19:51:40Z,2026-08-17T21:51:40+0200,fdae99e2-5a7d-42af-ac8a-eb89677bb4d2,2026-07-21T06:00:00Z,2026-07-21T08:00:00+0200,109.075,MW,BE,BE,forecast_offshore_wind_generation,Wind Offshore,2026-08-17T19:52:07Z
2026-08-17T19:51:40Z,2026-08-17T21:51:40+0200,fdae99e2-5a7d-42af-ac8a-eb89677bb4d2,2026-07-21T07:00:00Z,2026-07-21T09:00:00+0200,92.425,MW,BE,BE,forecast_offshore_wind_generation,Wind Offshore,2026-08-17T19:52:07Z
2026-08-17T19:51:40Z,2026-08-17T21:51:40+0200,fdae99e2-5a7d-42af-ac8a-eb89677bb4d2,2026-07-21T08:00:00Z,2026-07-21T10:00:00+0200,84.875,MW,BE,BE,forecast_offshore_wind_generation,Wind Offshore,2026-08-17T19:52:07Z
2026-08-17T19:51:40Z,2026-08-17T21:51:40+0200,fdae99e2-5a7d-42af-ac8a-eb89677bb4d2,2026-07-21T09:00:00Z,2026-07-21T11:00:00+0200,83.65,MW,BE,BE,forecast_offshore_wind_generation,Wind Offshore,2026-08-17T19:52:07Z
2026-08-17T19:51:40Z,2026-08-17T21:51:40+0200,fdae99e2-5a7d-42af-ac8a-eb89677bb4d2,2026-07-21T10:00:00Z,2026-07-21T12:00:00+0200,88.9,MW,BE,BE,forecast_offshore_wind_generation,Wind Offshore,2026-08-17T19:52:07Z
2026-08-17T19:51:40Z,2026-08-17T21:51:40+0200,fdae99e2-5a7d-42af-ac8a-eb89677bb4d2,2026-07-21T11:00:00Z,2026-07-21T13:00:00+0200,94.25,MW,BE,BE,forecast_offshore_wind_generation,Wind Offshore,2026-08-17T19:52:07Z
2026-08-17T19:51:40Z,2026-08-17T21:51:40+0200,fdae99e2-5a7d-42af-ac8a-eb89677bb4d2,2026-07-21T12:00:00Z,2026-07-21T14:00:00+0200,100.775,MW,BE,BE,forecast_offshore_wind_generation,Wind Offshore,2026-08-17T19:52:07Z
2026-08-17T19:51:40Z,2026-08-17T21:51:40+0200,fdae99e2-5a7d-42af-ac8a-eb89677bb4d2,2026-07-21T13:00:00Z,2026-07-21T15:00:00+0200,115.225,MW,BE,BE,forecast_offshore_wind_generation,Wind Offshore,2026-08-17T19:52:07Z
2026-08-17T19:51:40Z,2026-08-17T21:51:40+0200,fdae99e2-5a7d-42af-ac8a-eb89677bb4d2,2026-07-21T14:00:00Z,2026-07-21T16:00:00+0200,133.025,MW,BE,BE,forecast_offshore_wind_generation,Wind Offshore,2026-08-17T19:52:07Z
2026-08-17T19:51:40Z,2026-08-17T21:51:40+0200,fdae99e2-5a7d-42af-ac8a-eb89677bb4d2,2026-07-21T15:00:00Z,2026-07-21T17:00:00+0200,151.525,MW,BE,BE,forecast_offshore_wind_generation,Wind Offshore,2026-08-17T19:52:07Z
2026-08-17T19:51:40Z,2026-08-17T21:51:40+0200,fdae99e2-5a7d-42af-ac8a-eb89677bb4d2,2026-07-21T16:00:00Z,2026-07-21T18:00:00+0200,168.275,MW,BE,BE,forecast_offshore_wind_generation,Wind Offshore,2026-08-17T19:52:07Z
2026-08-17T19:51:40Z,2026-08-17T21:51:40+0200,fdae99e2-5a7d-42af-ac8a-eb89677bb4d2,2026-07-21T17:00:00Z,2026-07-21T19:00:00+0200,182.625,MW,BE,BE,forecast_offshore_wind_generation,Wind Offshore,2026-08-17T19:52:07Z
2026-08-17T19:51:40Z,2026-08-17T21:51:40+0200,fdae99e2-5a7d-42af-ac8a-eb89677bb4d2,2026-07-21T18:00:00Z,2026-07-21T20:00:00+0200,192.15,MW,BE,BE,forecast_offshore_wind_generation,Wind Offshore,2026-08-17T19:52:07Z
2026-08-17T19:51:40Z,2026-08-17T21:51:40+0200,fdae99e2-5a7d-42af-ac8a-eb89677bb4d2,2026-07-21T19:00:00Z,2026-07-21T21:00:00+0200,192.175,MW,BE,BE,forecast_offshore_wind_generation,Wind Offshore,2026-08-17T19:52:07Z
2026-08-17T19:51:40Z,2026-08-17T21:51:40+0200,fdae99e2-5a7d-42af-ac8a-eb89677bb4d2,2026-07-21T20:00:00Z,2026-07-21T22:00:00+0200,175.45,MW,BE,BE,forecast_offshore_wind_generation,Wind Offshore,2026-08-17T19:52:07Z
2026-08-17T19:51:40Z,2026-08-17T21:51:40+0200,fdae99e2-5a7d-42af-ac8a-eb89677bb4d2,2026-07-21T21:00:00Z,2026-07-21T23:00:00+0200,147.45,MW,BE,BE,forecast_offshore_wind_generation,Wind Offshore,2026-08-17T19:52:07Z
2026-08-17T19:51:40Z,2026-08-17T21:51:40+0200,fdae99e2-5a7d-42af-ac8a-eb89677bb4d2,2026-07-21T22:00:00Z,2026-07-22T00:00:00+0200,137.05,MW,BE,BE,forecast_offshore_wind_generation,Wind Offshore,2026-08-17T19:52:07Z
2026-08-17T19:51:40Z,2026-08-17T21:51:40+0200,fdae99e2-5a7d-42af-ac8a-eb89677bb4d2,2026-07-21T23:00:00Z,2026-07-22T01:00:00+0200,136.075,MW,BE,BE,forecast_offshore_wind_generation,Wind Offshore,2026-08-17T19:52:07Z
2026-08-17T19:51:40Z,2026-08-17T21:51:40+0200,fdae99e2-5a7d-42af-ac8a-eb89677bb4d2,2026-07-22T00:00:00Z,2026-07-22T02:00:00+0200,137.575,MW,BE,BE,forecast_offshore_wind_generation,Wind Offshore,2026-08-17T19:52:07Z
2026-08-17T19:51:40Z,2026-08-17T21:51:40+0200,fdae99e2-5a7d-42af-ac8a-eb89677bb4d2,2026-07-22T01:00:00Z,2026-07-22T03:00:00+0200,146.75,MW,BE,BE,forecast_offshore_wind_generation,Wind Offshore,2026-08-17T19:52:07Z
2026-08-17T19:51:40Z,2026-08-17T21:51:40+0200,fdae99e2-5a7d-42af-ac8a-eb89677bb4d2,2026-07-22T02:00:00Z,2026-07-22T04:00:00+0200,171.2,MW,BE,BE,forecast_offshore_wind_generation,Wind Offshore,2026-08-17T19:52:07Z
2026-08-17T19:51:40Z,2026-08-17T21:51:40+0200,fdae99e2-5a7d-42af-ac8a-eb89677bb4d2,2026-07-22T03:00:00Z,2026-07-22T05:00:00+0200,202.825,MW,BE,BE,forecast_offshore_wind_generation,Wind Offshore,2026-08-17T19:52:07Z
2026-08-17T19:51:40Z,2026-08-17T21:51:40+0200,fdae99e2-5a7d-42af-ac8a-eb89677bb4d2,2026-07-22T04:00:00Z,2026-07-22T06:00:00+0200,226.225,MW,BE,BE,forecast_offshore_wind_generation,Wind Offshore,2026-08-17T19:52:07Z
2026-08-17T19:51:40Z,2026-08-17T21:51:40+0200,fdae99e2-5a7d-42af-ac8a-eb89677bb4d2,2026-07-22T05:00:00Z,2026-07-22T07:00:00+0200,232.35,MW,BE,BE,forecast_offshore_wind_generation,Wind Offshore,2026-08-17T19:52:07Z
2026-08-17T19:51:40Z,2026-08-17T21:51:40+0200,fdae99e2-5a7d-42af-ac8a-eb89677bb4d2,2026-07-22T06:00:00Z,2026-07-22T08:00:00+0200,222.875,MW,BE,BE,forecast_offshore_wind_generation,Wind Offshore,2026-08-17T19:52:07Z
2026-08-17T19:51:40Z,2026-08-17T21:51:40+0200,fdae99e2-5a7d-42af-ac8a-eb89677bb4d2,2026-07-22T07:00:00Z,2026-07-22T09:00:00+0200,199.175,MW,BE,BE,forecast_offshore_wind_generation,Wind Offshore,2026-08-17T19:52:07Z
2026-08-17T19:51:40Z,2026-08-17T21:51:40+0200,fdae99e2-5a7d-42af-ac8a-eb89677bb4d2,2026-07-22T08:00:00Z,2026-07-22T10:00:00+0200,171.675,MW,BE,BE,forecast_offshore_wind_generation,Wind Offshore,2026-08-17T19:52:07Z
2026-08-17T19:51:40Z,2026-08-17T21:51:40+0200,fdae99e2-5a7d-42af-ac8a-eb89677bb4d2,2026-07-22T09:00:00Z,2026-07-22T11:00:00+0200,156.575,MW,BE,BE,forecast_offshore_wind_generation,Wind Offshore,2026-08-17T19:52:07Z
2026-08-17T19:51:40Z,2026-08-17T21:51:40+0200,fdae99e2-5a7d-42af-ac8a-eb89677bb4d2,2026-07-22T10:00:00Z,2026-07-22T12:00:00+0200,158.825,MW,BE,BE,forecast_offshore_wind_generation,Wind Offshore,2026-08-17T19:52:07Z
2026-08-17T19:51:40Z,2026-08-17T21:51:40+0200,fdae99e2-5a7d-42af-ac8a-eb89677bb4d2,2026-07-22T11:00:00Z,2026-07-22T13:00:00+0200,174.95,MW,BE,BE,forecast_offshore_wind_generation,Wind Offshore,2026-08-17T19:52:07Z
2026-08-17T19:51:40Z,2026-08-17T21:51:40+0200,fdae99e2-5a7d-42af-ac8a-eb89677bb4d2,2026-07-22T12:00:00Z,2026-07-22T14:00:00+0200,196.675,MW,BE,BE,forecast_offshore_wind_generation,Wind Offshore,2026-08-17T19:52:07Z
2026-08-17T19:51:40Z,2026-08-17T21:51:40+0200,fdae99e2-5a7d-42af-ac8a-eb89677bb4d2,2026-07-22T13:00:00Z,2026-07-22T15:00:00+0200,220.625,MW,BE,BE,forecast_offshore_wind_generation,Wind Offshore,2026-08-17T19:52:07Z
2026-08-17T19:51:40Z,2026-08-17T21:51:40+0200,fdae99e2-5a7d-42af-ac8a-eb89677bb4d2,2026-07-22T14:00:00Z,2026-07-22T16:00:00+0200,245.075,MW,BE,BE,forecast_offshore_wind_generation,Wind Offshore,2026-08-17T19:52:07Z
2026-08-17T19:51:40Z,2026-08-17T21:51:40+0200,fdae99e2-5a7d-42af-ac8a-eb89677bb4d2,2026-07-22T15:00:00Z,2026-07-22T17:00:00+0200,268.475,MW,BE,BE,forecast_offshore_wind_generation,Wind Offshore,2026-08-17T19:52:07Z
2026-08-17T19:51:40Z,2026-08-17T21:51:40+0200,fdae99e2-5a7d-42af-ac8a-eb89677bb4d2,2026-07-22T16:00:00Z,2026-07-22T18:00:00+0200,285.525,MW,BE,BE,forecast_offshore_wind_generation,Wind Offshore,2026-08-17T19:52:07Z
2026-08-17T19:51:40Z,2026-08-17T21:51:40+0200,fdae99e2-5a7d-42af-ac8a-eb89677bb4d2,2026-07-22T17:00:00Z,2026-07-22T19:00:00+0200,290.0,MW,BE,BE,forecast_offshore_wind_generation,Wind Offshore,2026-08-17T19:52:07Z
2026-08-17T19:51:40Z,2026-08-17T21:51:40+0200,fdae99e2-5a7d-42af-ac8a-eb89677bb4d2,2026-07-22T18:00:00Z,2026-07-22T20:00:00+0200,293.9,MW,BE,BE,forecast_offshore_wind_generation,Wind Offshore,2026-08-17T19:52:07Z
2026-08-17T19:51:40Z,2026-08-17T21:51:40+0200,fdae99e2-5a7d-42af-ac8a-eb89677bb4d2,2026-07-22T19:00:00Z,2026-07-22T21:00:00+0200,294.225,MW,BE,BE,forecast_offshore_wind_generation,Wind Offshore,2026-08-17T19:52:07Z
2026-08-17T19:51:40Z,2026-08-17T21:51:40+0200,fdae99e2-5a7d-42af-ac8a-eb89677bb4d2,2026-07-22T20:00:00Z,2026-07-22T22:00:00+0200,275.825,MW,BE,BE,forecast_offshore_wind_generation,Wind Offshore,2026-08-17T19:52:07Z
2026-08-17T19:51:40Z,2026-08-17T21:51:40+0200,fdae99e2-5a7d-42af-ac8a-eb89677bb4d2,2026-07-22T21:00:00Z,2026-07-22T23:00:00+0200,248.7,MW,BE,BE,forecast_offshore_wind_generation,Wind Offshore,2026-08-17T19:52:07Z
2026-08-17T19:51:40Z,2026-08-17T21:51:40+0200,fdae99e2-5a7d-42af-ac8a-eb89677bb4d2,2026-07-22T22:00:00Z,2026-07-23T00:00:00+0200,140.45,MW,BE,BE,forecast_offshore_wind_generation,Wind Offshore,2026-08-17T19:52:07Z
2026-08-17T19:51:40Z,2026-08-17T21:51:40+0200,fdae99e2-5a7d-42af-ac8a-eb89677bb4d2,2026-07-22T23:00:00Z,2026-07-23T01:00:00+0200,151.925,MW,BE,BE,forecast_offshore_wind_generation,Wind Offshore,2026-08-17T19:52:07Z
2026-08-17T19:51:40Z,2026-08-17T21:51:40+0200,fdae99e2-5a7d-42af-ac8a-eb89677bb4d2,2026-07-23T00:00:00Z,2026-07-23T02:00:00+0200,175.4,MW,BE,BE,forecast_offshore_wind_generation,Wind Offshore,2026-08-17T19:52:07Z
2026-08-17T19:51:40Z,2026-08-17T21:51:40+0200,fdae99e2-5a7d-42af-ac8a-eb89677bb4d2,2026-07-23T01:00:00Z,2026-07-23T03:00:00+0200,213.9,MW,BE,BE,forecast_offshore_wind_generation,Wind Offshore,2026-08-17T19:52:07Z
2026-08-17T19:51:40Z,2026-08-17T21:51:40+0200,fdae99e2-5a7d-42af-ac8a-eb89677bb4d2,2026-07-23T02:00:00Z,2026-07-23T04:00:00+0200,266.025,MW,BE,BE,forecast_offshore_wind_generation,Wind Offshore,2026-08-17T19:52:07Z
2026-08-17T19:51:40Z,2026-08-17T21:51:40+0200,fdae99e2-5a7d-42af-ac8a-eb89677bb4d2,2026-07-23T03:00:00Z,2026-07-23T05:00:00+0200,320.15,MW,BE,BE,forecast_offshore_wind_generation,Wind Offshore,2026-08-17T19:52:07Z
2026-08-17T19:51:40Z,2026-08-17T21:51:40+0200,fdae99e2-5a7d-42af-ac8a-eb89677bb4d2,2026-07-23T04:00:00Z,2026-07-23T06:00:00+0200,365.15,MW,BE,BE,forecast_offshore_wind_generation,Wind Offshore,2026-08-17T19:52:07Z
2026-08-17T19:51:40Z,2026-08-17T21:51:40+0200,fdae99e2-5a7d-42af-ac8a-eb89677bb4d2,2026-07-23T05:00:00Z,2026-07-23T07:00:00+0200,396.2,MW,BE,BE,forecast_offshore_wind_generation,Wind Offshore,2026-08-17T19:52:07Z
2026-08-17T19:51:40Z,2026-08-17T21:51:40+0200,fdae99e2-5a7d-42af-ac8a-eb89677bb4d2,2026-07-23T06:00:00Z,2026-07-23T08:00:00+0200,400.575,MW,BE,BE,forecast_offshore_wind_generation,Wind Offshore,2026-08-17T19:52:07Z
2026-08-17T19:51:40Z,2026-08-17T21:51:40+0200,fdae99e2-5a7d-42af-ac8a-eb89677bb4d2,2026-07-23T07:00:00Z,2026-07-23T09:00:00+0200,375.025,MW,BE,BE,forecast_offshore_wind_generation,Wind Offshore,2026-08-17T19:52:07Z
2026-08-17T19:51:40Z,2026-08-17T21:51:40+0200,fdae99e2-5a7d-42af-ac8a-eb89677bb4d2,2026-07-23T08:00:00Z,2026-07-23T10:00:00+0200,338.925,MW,BE,BE,forecast_offshore_wind_generation,Wind Offshore,2026-08-17T19:52:07Z
2026-08-17T19:51:40Z,2026-08-17T21:51:40+0200,fdae99e2-5a7d-42af-ac8a-eb89677bb4d2,2026-07-23T09:00:00Z,2026-07-23T11:00:00+0200,298.7,MW,BE,BE,forecast_offshore_wind_generation,Wind Offshore,2026-08-17T19:52:07Z
2026-08-17T19:51:40Z,2026-08-17T21:51:40+0200,fdae99e2-5a7d-42af-ac8a-eb89677bb4d2,2026-07-23T10:00:00Z,2026-07-23T12:00:00+0200,258.625,MW,BE,BE,forecast_offshore_wind_generation,Wind Offshore,2026-08-17T19:52:07Z
2026-08-17T19:51:40Z,2026-08-17T21:51:40+0200,fdae99e2-5a7d-42af-ac8a-eb89677bb4d2,2026-07-23T11:00:00Z,2026-07-23T13:00:00+0200,218.9,MW,BE,BE,forecast_offshore_wind_generation,Wind Offshore,2026-08-17T19:52:07Z
2026-08-17T19:51:40Z,2026-08-17T21:51:40+0200,fdae99e2-5a7d-42af-ac8a-eb89677bb4d2,2026-07-23T12:00:00Z,2026-07-23T14:00:00+0200,179.925,MW,BE,BE,forecast_offshore_wind_generation,Wind Offshore,2026-08-17T19:52:07Z
2026-08-17T19:51:40Z,2026-08-17T21:51:40+0200,fdae99e2-5a7d-42af-ac8a-eb89677bb4d2,2026-07-23T13:00:00Z,2026-07-23T15:00:00+0200,142.225,MW,BE,BE,forecast_offshore_wind_generation,Wind Offshore,2026-08-17T19:52:07Z
2026-08-17T19:51:40Z,2026-08-17T21:51:40+0200,fdae99e2-5a7d-42af-ac8a-eb89677bb4d2,2026-07-23T14:00:00Z,2026-07-23T16:00:00+0200,104.775,MW,BE,BE,forecast_offshore_wind_generation,Wind Offshore,2026-08-17T19:52:07Z
2026-08-17T19:51:40Z,2026-08-17T21:51:40+0200,fdae99e2-5a7d-42af-ac8a-eb89677bb4d2,2026-07-23T15:00:00Z,2026-07-23T17:00:00+0200,76.45,MW,BE,BE,forecast_offshore_wind_generation,Wind Offshore,2026-08-17T19:52:07Z
2026-08-17T19:51:40Z,2026-08-17T21:51:40+0200,fdae99e2-5a7d-42af-ac8a-eb89677bb4d2,2026-07-23T16:00:00Z,2026-07-23T18:00:00+0200,58.8,MW,BE,BE,forecast_offshore_wind_generation,Wind Offshore,2026-08-17T19:52:07Z
2026-08-17T19:51:40Z,2026-08-17T21:51:40+0200,fdae99e2-5a7d-42af-ac8a-eb89677bb4d2,2026-07-23T17:00:00Z,2026-07-23T19:00:00+0200,45.95,MW,BE,BE,forecast_offshore_wind_generation,Wind Offshore,2026-08-17T19:52:07Z
2026-08-17T19:51:40Z,2026-08-17T21:51:40+0200,fdae99e2-5a7d-42af-ac8a-eb89677bb4d2,2026-07-23T18:00:00Z,2026-07-23T20:00:00+0200,35.2,MW,BE,BE,forecast_offshore_wind_generation,Wind Offshore,2026-08-17T19:52:07Z
2026-08-17T19:51:40Z,2026-08-17T21:51:40+0200,fdae99e2-5a7d-42af-ac8a-eb89677bb4d2,2026-07-23T19:00:00Z,2026-07-23T21:00:00+0200,28.6,MW,BE,BE,forecast_offshore_wind_generation,Wind Offshore,2026-08-17T19:52:07Z
2026-08-17T19:51:40Z,2026-08-17T21:51:40+0200,fdae99e2-5a7d-42af-ac8a-eb89677bb4d2,2026-07-23T20:00:00Z,2026-07-23T22:00:00+0200,24.95,MW,BE,BE,forecast_offshore_wind_generation,Wind Offshore,2026-08-17T19:52:07Z
2026-08-17T19:51:40Z,2026-08-17T21:51:40+0200,fdae99e2-5a7d-42af-ac8a-eb89677bb4d2,2026-07-23T21:00:00Z,2026-07-23T23:00:00+0200,26.375,MW,BE,BE,forecast_offshore_wind_generation,Wind Offshore,2026-08-17T19:52:07Z
2026-08-17T19:51:40Z,2026-08-17T21:51:40+0200,fdae99e2-5a7d-42af-ac8a-eb89677bb4d2,2026-07-23T22:00:00Z,2026-07-24T00:00:00+0200,30.275,MW,BE,BE,forecast_offshore_wind_generation,Wind Offshore,2026-08-17T19:52:07Z
2026-08-17T19:51:40Z,2026-08-17T21:51:40+0200,fdae99e2-5a7d-42af-ac8a-eb89677bb4d2,2026-07-23T23:00:00Z,2026-07-24T01:00:00+0200,32.375,MW,BE,BE,forecast_offshore_wind_generation,Wind Offshore,2026-08-17T19:52:07Z
2026-08-17T19:51:40Z,2026-08-17T21:51:40+0200,fdae99e2-5a7d-42af-ac8a-eb89677bb4d2,2026-07-24T00:00:00Z,2026-07-24T02:00:00+0200,36.7,MW,BE,BE,forecast_offshore_wind_generation,Wind Offshore,2026-08-17T19:52:07Z
2026-08-17T19:51:40Z,2026-08-17T21:51:40+0200,fdae99e2-5a7d-42af-ac8a-eb89677bb4d2,2026-07-24T01:00:00Z,2026-07-24T03:00:00+0200,40.275,MW,BE,BE,forecast_offshore_wind_generation,Wind Offshore,2026-08-17T19:52:07Z
2026-08-17T19:51:40Z,2026-08-17T21:51:40+0200,fdae99e2-5a7d-42af-ac8a-eb89677bb4d2,2026-07-24T02:00:00Z,2026-07-24T04:00:00+0200,44.125,MW,BE,BE,forecast_offshore_wind_generation,Wind Offshore,2026-08-17T19:52:07Z
2026-08-17T19:51:40Z,2026-08-17T21:51:40+0200,fdae99e2-5a7d-42af-ac8a-eb89677bb4d2,2026-07-24T03:00:00Z,2026-07-24T05:00:00+0200,50.0,MW,BE,BE,forecast_offshore_wind_generation,Wind Offshore,2026-08-17T19:52:07Z
2026-08-17T19:51:40Z,2026-08-17T21:51:40+0200,fdae99e2-5a7d-42af-ac8a-eb89677bb4d2,2026-07-24T04:00:00Z,2026-07-24T06:00:00+0200,58.75,MW,BE,BE,forecast_offshore_wind_generation,Wind Offshore,2026-08-17T19:52:07Z
2026-08-17T19:51:40Z,2026-08-17T21:51:40+0200,fdae99e2-5a7d-42af-ac8a-eb89677bb4d2,2026-07-24T05:00:00Z,2026-07-24T07:00:00+0200,69.4,MW,BE,BE,forecast_offshore_wind_generation,Wind Offshore,2026-08-17T19:52:07Z
2026-08-17T19:51:40Z,2026-08-17T21:51:40+0200,fdae99e2-5a7d-42af-ac8a-eb89677bb4d2,2026-07-24T06:00:00Z,2026-07-24T08:00:00+0200,79.125,MW,BE,BE,forecast_offshore_wind_generation,Wind Offshore,2026-08-17T19:52:07Z
2026-08-17T19:51:40Z,2026-08-17T21:51:40+0200,fdae99e2-5a7d-42af-ac8a-eb89677bb4d2,2026-07-24T07:00:00Z,2026-07-24T09:00:00+0200,84.6,MW,BE,BE,forecast_offshore_wind_generation,Wind Offshore,2026-08-17T19:52:07Z
2026-08-17T19:51:40Z,2026-08-17T21:51:40+0200,fdae99e2-5a7d-42af-ac8a-eb89677bb4d2,2026-07-24T08:00:00Z,2026-07-24T10:00:00+0200,82.875,MW,BE,BE,forecast_offshore_wind_generation,Wind Offshore,2026-08-17T19:52:07Z
2026-08-17T19:51:40Z,2026-08-17T21:51:40+0200,fdae99e2-5a7d-42af-ac8a-eb89677bb4d2,2026-07-24T09:00:00Z,2026-07-24T11:00:00+0200,75.775,MW,BE,BE,forecast_offshore_wind_generation,Wind Offshore,2026-08-17T19:52:07Z
2026-08-17T19:51:40Z,2026-08-17T21:51:40+0200,fdae99e2-5a7d-42af-ac8a-eb89677bb4d2,2026-07-24T10:00:00Z,2026-07-24T12:00:00+0200,70.925,MW,BE,BE,forecast_offshore_wind_generation,Wind Offshore,2026-08-17T19:52:07Z
2026-08-17T19:51:40Z,2026-08-17T21:51:40+0200,fdae99e2-5a7d-42af-ac8a-eb89677bb4d2,2026-07-24T11:00:00Z,2026-07-24T13:00:00+0200,70.225,MW,BE,BE,forecast_offshore_wind_generation,Wind Offshore,2026-08-17T19:52:07Z
2026-08-17T19:51:40Z,2026-08-17T21:51:40+0200,fdae99e2-5a7d-42af-ac8a-eb89677bb4d2,2026-07-24T12:00:00Z,2026-07-24T14:00:00+0200,70.7,MW,BE,BE,forecast_offshore_wind_generation,Wind Offshore,2026-08-17T19:52:07Z
2026-08-17T19:51:40Z,2026-08-17T21:51:40+0200,fdae99e2-5a7d-42af-ac8a-eb89677bb4d2,2026-07-24T13:00:00Z,2026-07-24T15:00:00+0200,68.95,MW,BE,BE,forecast_offshore_wind_generation,Wind Offshore,2026-08-17T19:52:07Z
2026-08-17T19:51:40Z,2026-08-17T21:51:40+0200,fdae99e2-5a7d-42af-ac8a-eb89677bb4d2,2026-07-24T14:00:00Z,2026-07-24T16:00:00+0200,65.875,MW,BE,BE,forecast_offshore_wind_generation,Wind Offshore,2026-08-17T19:52:07Z
2026-08-17T19:51:40Z,2026-08-17T21:51:40+0200,fdae99e2-5a7d-42af-ac8a-eb89677bb4d2,2026-07-24T15:00:00Z,2026-07-24T17:00:00+0200,70.5,MW,BE,BE,forecast_offshore_wind_generation,Wind Offshore,2026-08-17T19:52:07Z
2026-08-17T19:51:40Z,2026-08-17T21:51:40+0200,fdae99e2-5a7d-42af-ac8a-eb89677bb4d2,2026-07-24T16:00:00Z,2026-07-24T18:00:00+0200,84.0,MW,BE,BE,forecast_offshore_wind_generation,Wind Offshore,2026-08-17T19:52:07Z
2026-08-17T19:51:40Z,2026-08-17T21:51:40+0200,fdae99e2-5a7d-42af-ac8a-eb89677bb4d2,2026-07-24T17:00:00Z,2026-07-24T19:00:00+0200,104.9,MW,BE,BE,forecast_offshore_wind_generation,Wind Offshore,2026-08-17T19:52:07Z
2026-08-17T19:51:40Z,2026-08-17T21:51:40+0200,fdae99e2-5a7d-42af-ac8a-eb89677bb4d2,2026-07-24T18:00:00Z,2026-07-24T20:00:00+0200,134.375,MW,BE,BE,forecast_offshore_wind_generation,Wind Offshore,2026-08-17T19:52:07Z
2026-08-17T19:51:40Z,2026-08-17T21:51:40+0200,fdae99e2-5a7d-42af-ac8a-eb89677bb4d2,2026-07-24T19:00:00Z,2026-07-24T21:00:00+0200,179.975,MW,BE,BE,forecast_offshore_wind_generation,Wind Offshore,2026-08-17T19:52:07Z
2026-08-17T19:51:40Z,2026-08-17T21:51:40+0200,fdae99e2-5a7d-42af-ac8a-eb89677bb4d2,2026-07-24T20:00:00Z,2026-07-24T22:00:00+0200,249.225,MW,BE,BE,forecast_offshore_wind_generation,Wind Offshore,2026-08-17T19:52:07Z
2026-08-17T19:51:40Z,2026-08-17T21:51:40+0200,fdae99e2-5a7d-42af-ac8a-eb89677bb4d2,2026-07-24T21:00:00Z,2026-07-24T23:00:00+0200,327.1,MW,BE,BE,forecast_offshore_wind_generation,Wind Offshore,2026-08-17T19:52:07Z
2026-08-17T19:51:40Z,2026-08-17T21:51:40+0200,fdae99e2-5a7d-42af-ac8a-eb89677bb4d2,2026-07-24T22:00:00Z,2026-07-25T00:00:00+0200,157.525,MW,BE,BE,forecast_offshore_wind_generation,Wind Offshore,2026-08-17T19:52:07Z
2026-08-17T19:51:40Z,2026-08-17T21:51:40+0200,fdae99e2-5a7d-42af-ac8a-eb89677bb4d2,2026-07-24T23:00:00Z,2026-07-25T01:00:00+0200,168.25,MW,BE,BE,forecast_offshore_wind_generation,Wind Offshore,2026-08-17T19:52:07Z
2026-08-17T19:51:40Z,2026-08-17T21:51:40+0200,fdae99e2-5a7d-42af-ac8a-eb89677bb4d2,2026-07-25T00:00:00Z,2026-07-25T02:00:00+0200,180.775,MW,BE,BE,forecast_offshore_wind_generation,Wind Offshore,2026-08-17T19:52:07Z
2026-08-17T19:51:40Z,2026-08-17T21:51:40+0200,fdae99e2-5a7d-42af-ac8a-eb89677bb4d2,2026-07-25T01:00:00Z,2026-07-25T03:00:00+0200,184.65,MW,BE,BE,forecast_offshore_wind_generation,Wind Offshore,2026-08-17T19:52:07Z
2026-08-17T19:51:40Z,2026-08-17T21:51:40+0200,fdae99e2-5a7d-42af-ac8a-eb89677bb4d2,2026-07-25T02:00:00Z,2026-07-25T04:00:00+0200,177.25,MW,BE,BE,forecast_offshore_wind_generation,Wind Offshore,2026-08-17T19:52:07Z
2026-08-17T19:51:40Z,2026-08-17T21:51:40+0200,fdae99e2-5a7d-42af-ac8a-eb89677bb4d2,2026-07-25T03:00:00Z,2026-07-25T05:00:00+0200,170.15,MW,BE,BE,forecast_offshore_wind_generation,Wind Offshore,2026-08-17T19:52:07Z
2026-08-17T19:51:40Z,2026-08-17T21:51:40+0200,fdae99e2-5a7d-42af-ac8a-eb89677bb4d2,2026-07-25T04:00:00Z,2026-07-25T06:00:00+0200,149.225,MW,BE,BE,forecast_offshore_wind_generation,Wind Offshore,2026-08-17T19:52:07Z
2026-08-17T19:51:40Z,2026-08-17T21:51:40+0200,fdae99e2-5a7d-42af-ac8a-eb89677bb4d2,2026-07-25T05:00:00Z,2026-07-25T07:00:00+0200,120.275,MW,BE,BE,forecast_offshore_wind_generation,Wind Offshore,2026-08-17T19:52:07Z
2026-08-17T19:51:40Z,2026-08-17T21:51:40+0200,fdae99e2-5a7d-42af-ac8a-eb89677bb4d2,2026-07-25T06:00:00Z,2026-07-25T08:00:00+0200,92.775,MW,BE,BE,forecast_offshore_wind_generation,Wind Offshore,2026-08-17T19:52:07Z
2026-08-17T19:51:40Z,2026-08-17T21:51:40+0200,fdae99e2-5a7d-42af-ac8a-eb89677bb4d2,2026-07-25T07:00:00Z,2026-07-25T09:00:00+0200,78.1,MW,BE,BE,forecast_offshore_wind_generation,Wind Offshore,2026-08-17T19:52:07Z
2026-08-17T19:51:40Z,2026-08-17T21:51:40+0200,fdae99e2-5a7d-42af-ac8a-eb89677bb4d2,2026-07-25T08:00:00Z,2026-07-25T10:00:00+0200,76.6,MW,BE,BE,forecast_offshore_wind_generation,Wind Offshore,2026-08-17T19:52:07Z
2026-08-17T19:51:40Z,2026-08-17T21:51:40+0200,fdae99e2-5a7d-42af-ac8a-eb89677bb4d2,2026-07-25T09:00:00Z,2026-07-25T11:00:00+0200,89.975,MW,BE,BE,forecast_offshore_wind_generation,Wind Offshore,2026-08-17T19:52:07Z
2026-08-17T19:51:40Z,2026-08-17T21:51:40+0200,fdae99e2-5a7d-42af-ac8a-eb89677bb4d2,2026-07-25T10:00:00Z,2026-07-25T12:00:00+0200,112.9,MW,BE,BE,forecast_offshore_wind_generation,Wind Offshore,2026-08-17T19:52:07Z
2026-08-17T19:51:40Z,2026-08-17T21:51:40+0200,fdae99e2-5a7d-42af-ac8a-eb89677bb4d2,2026-07-25T11:00:00Z,2026-07-25T13:00:00+0200,142.0,MW,BE,BE,forecast_offshore_wind_generation,Wind Offshore,2026-08-17T19:52:07Z
2026-08-17T19:51:40Z,2026-08-17T21:51:40+0200,fdae99e2-5a7d-42af-ac8a-eb89677bb4d2,2026-07-25T12:00:00Z,2026-07-25T14:00:00+0200,180.5,MW,BE,BE,forecast_offshore_wind_generation,Wind Offshore,2026-08-17T19:52:07Z
2026-08-17T19:51:40Z,2026-08-17T21:51:40+0200,fdae99e2-5a7d-42af-ac8a-eb89677bb4d2,2026-07-25T13:00:00Z,2026-07-25T15:00:00+0200,233.625,MW,BE,BE,forecast_offshore_wind_generation,Wind Offshore,2026-08-17T19:52:07Z
2026-08-17T19:51:40Z,2026-08-17T21:51:40+0200,fdae99e2-5a7d-42af-ac8a-eb89677bb4d2,2026-07-25T14:00:00Z,2026-07-25T16:00:00+0200,323.65,MW,BE,BE,forecast_offshore_wind_generation,Wind Offshore,2026-08-17T19:52:07Z
2026-08-17T19:51:40Z,2026-08-17T21:51:40+0200,fdae99e2-5a7d-42af-ac8a-eb89677bb4d2,2026-07-25T15:00:00Z,2026-07-25T17:00:00+0200,505.55,MW,BE,BE,forecast_offshore_wind_generation,Wind Offshore,2026-08-17T19:52:07Z
2026-08-17T19:51:40Z,2026-08-17T21:51:40+0200,fdae99e2-5a7d-42af-ac8a-eb89677bb4d2,2026-07-25T16:00:00Z,2026-07-25T18:00:00+0200,789.425,MW,BE,BE,forecast_offshore_wind_generation,Wind Offshore,2026-08-17T19:52:07Z
2026-08-17T19:51:40Z,2026-08-17T21:51:40+0200,fdae99e2-5a7d-42af-ac8a-eb89677bb4d2,2026-07-25T17:00:00Z,2026-07-25T19:00:00+0200,1141.85,MW,BE,BE,forecast_offshore_wind_generation,Wind Offshore,2026-08-17T19:52:07Z
2026-08-17T19:51:40Z,2026-08-17T21:51:40+0200,fdae99e2-5a7d-42af-ac8a-eb89677bb4d2,2026-07-25T18:00:00Z,2026-07-25T20:00:00+0200,1462.8,MW,BE,BE,forecast_offshore_wind_generation,Wind Offshore,2026-08-17T19:52:07Z
2026-08-17T19:51:40Z,2026-08-17T21:51:40+0200,fdae99e2-5a7d-42af-ac8a-eb89677bb4d2,2026-07-25T19:00:00Z,2026-07-25T21:00:00+0200,1619.3,MW,BE,BE,forecast_offshore_wind_generation,Wind Offshore,2026-08-17T19:52:07Z
2026-08-17T19:51:40Z,2026-08-17T21:51:40+0200,fdae99e2-5a7d-42af-ac8a-eb89677bb4d2,2026-07-25T20:00:00Z,2026-07-25T22:00:00+0200,1573.05,MW,BE,BE,forecast_offshore_wind_generation,Wind Offshore,2026-08-17T19:52:07Z
2026-08-17T19:51:40Z,2026-08-17T21:51:40+0200,fdae99e2-5a7d-42af-ac8a-eb89677bb4d2,2026-07-25T21:00:00Z,2026-07-25T23:00:00+0200,1318.025,MW,BE,BE,forecast_offshore_wind_generation,Wind Offshore,2026-08-17T19:52:07Z
2026-08-17T19:51:40Z,2026-08-17T21:51:40+0200,fdae99e2-5a7d-42af-ac8a-eb89677bb4d2,2026-07-25T22:00:00Z,2026-07-26T00:00:00+0200,1085.65,MW,BE,BE,forecast_offshore_wind_generation,Wind Offshore,2026-08-17T19:52:07Z
2026-08-17T19:51:40Z,2026-08-17T21:51:40+0200,fdae99e2-5a7d-42af-ac8a-eb89677bb4d2,2026-07-25T23:00:00Z,2026-07-26T01:00:00+0200,685.425,MW,BE,BE,forecast_offshore_wind_generation,Wind Offshore,2026-08-17T19:52:07Z
2026-08-17T19:51:40Z,2026-08-17T21:51:40+0200,fdae99e2-5a7d-42af-ac8a-eb89677bb4d2,2026-07-26T00:00:00Z,2026-07-26T02:00:00+0200,357.375,MW,BE,BE,forecast_offshore_wind_generation,Wind Offshore,2026-08-17T19:52:07Z
2026-08-17T19:51:40Z,2026-08-17T21:51:40+0200,fdae99e2-5a7d-42af-ac8a-eb89677bb4d2,2026-07-26T01:00:00Z,2026-07-26T03:00:00+0200,193.75,MW,BE,BE,forecast_offshore_wind_generation,Wind Offshore,2026-08-17T19:52:07Z
2026-08-17T19:51:40Z,2026-08-17T21:51:40+0200,fdae99e2-5a7d-42af-ac8a-eb89677bb4d2,2026-07-26T02:00:00Z,2026-07-26T04:00:00+0200,161.35,MW,BE,BE,forecast_offshore_wind_generation,Wind Offshore,2026-08-17T19:52:07Z
2026-08-17T19:51:40Z,2026-08-17T21:51:40+0200,fdae99e2-5a7d-42af-ac8a-eb89677bb4d2,2026-07-26T03:00:00Z,2026-07-26T05:00:00+0200,217.4,MW,BE,BE,forecast_offshore_wind_generation,Wind Offshore,2026-08-17T19:52:07Z
2026-08-17T19:51:40Z,2026-08-17T21:51:40+0200,fdae99e2-5a7d-42af-ac8a-eb89677bb4d2,2026-07-26T04:00:00Z,2026-07-26T06:00:00+0200,338.175,MW,BE,BE,forecast_offshore_wind_generation,Wind Offshore,2026-08-17T19:52:07Z
2026-08-17T19:51:40Z,2026-08-17T21:51:40+0200,fdae99e2-5a7d-42af-ac8a-eb89677bb4d2,2026-07-26T05:00:00Z,2026-07-26T07:00:00+0200,494.05,MW,BE,BE,forecast_offshore_wind_generation,Wind Offshore,2026-08-17T19:52:07Z
2026-08-17T19:51:40Z,2026-08-17T21:51:40+0200,fdae99e2-5a7d-42af-ac8a-eb89677bb4d2,2026-07-26T06:00:00Z,2026-07-26T08:00:00+0200,651.15,MW,BE,BE,forecast_offshore_wind_generation,Wind Offshore,2026-08-17T19:52:07Z
2026-08-17T19:51:40Z,2026-08-17T21:51:40+0200,fdae99e2-5a7d-42af-ac8a-eb89677bb4d2,2026-07-26T07:00:00Z,2026-07-26T09:00:00+0200,804.775,MW,BE,BE,forecast_offshore_wind_generation,Wind Offshore,2026-08-17T19:52:07Z
2026-08-17T19:51:40Z,2026-08-17T21:51:40+0200,fdae99e2-5a7d-42af-ac8a-eb89677bb4d2,2026-07-26T08:00:00Z,2026-07-26T10:00:00+0200,949.4,MW,BE,BE,forecast_offshore_wind_generation,Wind Offshore,2026-08-17T19:52:07Z
2026-08-17T19:51:40Z,2026-08-17T21:51:40+0200,fdae99e2-5a7d-42af-ac8a-eb89677bb4d2,2026-07-26T09:00:00Z,2026-07-26T11:00:00+0200,1099.05,MW,BE,BE,forecast_offshore_wind_generation,Wind Offshore,2026-08-17T19:52:07Z
2026-08-17T19:51:40Z,2026-08-17T21:51:40+0200,fdae99e2-5a7d-42af-ac8a-eb89677bb4d2,2026-07-26T10:00:00Z,2026-07-26T12:00:00+0200,1240.35,MW,BE,BE,forecast_offshore_wind_generation,Wind Offshore,2026-08-17T19:52:07Z
2026-08-17T19:51:40Z,2026-08-17T21:51:40+0200,fdae99e2-5a7d-42af-ac8a-eb89677bb4d2,2026-07-26T11:00:00Z,2026-07-26T13:00:00+0200,1355.55,MW,BE,BE,forecast_offshore_wind_generation,Wind Offshore,2026-08-17T19:52:07Z
2026-08-17T19:51:40Z,2026-08-17T21:51:40+0200,fdae99e2-5a7d-42af-ac8a-eb89677bb4d2,2026-07-26T12:00:00Z,2026-07-26T14:00:00+0200,1436.275,MW,BE,BE,forecast_offshore_wind_generation,Wind Offshore,2026-08-17T19:52:07Z
2026-08-17T19:51:40Z,2026-08-17T21:51:40+0200,fdae99e2-5a7d-42af-ac8a-eb89677bb4d2,2026-07-26T13:00:00Z,2026-07-26T15:00:00+0200,1442.725,MW,BE,BE,forecast_offshore_wind_generation,Wind Offshore,2026-08-17T19:52:07Z
2026-08-17T19:51:40Z,2026-08-17T21:51:40+0200,fdae99e2-5a7d-42af-ac8a-eb89677bb4d2,2026-07-26T14:00:00Z,2026-07-26T16:00:00+0200,1333.025,MW,BE,BE,forecast_offshore_wind_generation,Wind Offshore,2026-08-17T19:52:07Z
2026-08-17T19:51:40Z,2026-08-17T21:51:40+0200,fdae99e2-5a7d-42af-ac8a-eb89677bb4d2,2026-07-26T15:00:00Z,2026-07-26T17:00:00+0200,1116.575,MW,BE,BE,forecast_offshore_wind_generation,Wind Offshore,2026-08-17T19:52:07Z
2026-08-17T19:51:40Z,2026-08-17T21:51:40+0200,fdae99e2-5a7d-42af-ac8a-eb89677bb4d2,2026-07-26T16:00:00Z,2026-07-26T18:00:00+0200,872.4,MW,BE,BE,forecast_offshore_wind_generation,Wind Offshore,2026-08-17T19:52:07Z
2026-08-17T19:51:40Z,2026-08-17T21:51:40+0200,fdae99e2-5a7d-42af-ac8a-eb89677bb4d2,2026-07-26T17:00:00Z,2026-07-26T19:00:00+0200,697.375,MW,BE,BE,forecast_offshore_wind_generation,Wind Offshore,2026-08-17T19:52:07Z
2026-08-17T19:51:40Z,2026-08-17T21:51:40+0200,fdae99e2-5a7d-42af-ac8a-eb89677bb4d2,2026-07-26T18:00:00Z,2026-07-26T20:00:00+0200,637.675,MW,BE,BE,forecast_offshore_wind_generation,Wind Offshore,2026-08-17T19:52:07Z
2026-08-17T19:51:40Z,2026-08-17T21:51:40+0200,fdae99e2-5a7d-42af-ac8a-eb89677bb4d2,2026-07-26T19:00:00Z,2026-07-26T21:00:00+0200,757.325,MW,BE,BE,forecast_offshore_wind_generation,Wind Offshore,2026-08-17T19:52:07Z
2026-08-17T19:51:40Z,2026-08-17T21:51:40+0200,fdae99e2-5a7d-42af-ac8a-eb89677bb4d2,2026-07-26T20:00:00Z,2026-07-26T22:00:00+0200,943.125,MW,BE,BE,forecast_offshore_wind_generation,Wind Offshore,2026-08-17T19:52:07Z
2026-08-17T19:51:40Z,2026-08-17T21:51:40+0200,fdae99e2-5a7d-42af-ac8a-eb89677bb4d2,2026-07-26T21:00:00Z,2026-07-26T23:00:00+0200,1087.65,MW,BE,BE,forecast_offshore_wind_generation,Wind Offshore,2026-08-17T19:52:07Z
2026-08-17T19:51:40Z,2026-08-17T21:51:40+0200,fdae99e2-5a7d-42af-ac8a-eb89677bb4d2,2026-07-26T22:00:00Z,2026-07-27T00:00:00+0200,1176.425,MW,BE,BE,forecast_offshore_wind_generation,Wind Offshore,2026-08-17T19:52:07Z
2026-08-17T19:51:40Z,2026-08-17T21:51:40+0200,fdae99e2-5a7d-42af-ac8a-eb89677bb4d2,2026-07-26T23:00:00Z,2026-07-27T01:00:00+0200,1233.7,MW,BE,BE,forecast_offshore_wind_generation,Wind Offshore,2026-08-17T19:52:07Z
2026-08-17T19:51:40Z,2026-08-17T21:51:40+0200,fdae99e2-5a7d-42af-ac8a-eb89677bb4d2,2026-07-27T00:00:00Z,2026-07-27T02:00:00+0200,1217.9,MW,BE,BE,forecast_offshore_wind_generation,Wind Offshore,2026-08-17T19:52:07Z
2026-08-17T19:51:40Z,2026-08-17T21:51:40+0200,fdae99e2-5a7d-42af-ac8a-eb89677bb4d2,2026-07-27T01:00:00Z,2026-07-27T03:00:00+0200,1138.325,MW,BE,BE,forecast_offshore_wind_generation,Wind Offshore,2026-08-17T19:52:07Z
2026-08-17T19:51:40Z,2026-08-17T21:51:40+0200,fdae99e2-5a7d-42af-ac8a-eb89677bb4d2,2026-07-27T02:00:00Z,2026-07-27T04:00:00+0200,1005.15,MW,BE,BE,forecast_offshore_wind_generation,Wind Offshore,2026-08-17T19:52:07Z
2026-08-17T19:51:40Z,2026-08-17T21:51:40+0200,fdae99e2-5a7d-42af-ac8a-eb89677bb4d2,2026-07-27T03:00:00Z,2026-07-27T05:00:00+0200,874.875,MW,BE,BE,forecast_offshore_wind_generation,Wind Offshore,2026-08-17T19:52:07Z
2026-08-17T19:51:40Z,2026-08-17T21:51:40+0200,fdae99e2-5a7d-42af-ac8a-eb89677bb4d2,2026-07-27T04:00:00Z,2026-07-27T06:00:00+0200,751.825,MW,BE,BE,forecast_offshore_wind_generation,Wind Offshore,2026-08-17T19:52:07Z
2026-08-17T19:51:40Z,2026-08-17T21:51:40+0200,fdae99e2-5a7d-42af-ac8a-eb89677bb4d2,2026-07-27T05:00:00Z,2026-07-27T07:00:00+0200,643.025,MW,BE,BE,forecast_offshore_wind_generation,Wind Offshore,2026-08-17T19:52:07Z
2026-08-17T19:51:40Z,2026-08-17T21:51:40+0200,fdae99e2-5a7d-42af-ac8a-eb89677bb4d2,2026-07-27T06:00:00Z,2026-07-27T08:00:00+0200,554.95,MW,BE,BE,forecast_offshore_wind_generation,Wind Offshore,2026-08-17T19:52:07Z
2026-08-17T19:51:40Z,2026-08-17T21:51:40+0200,fdae99e2-5a7d-42af-ac8a-eb89677bb4d2,2026-07-27T07:00:00Z,2026-07-27T09:00:00+0200,485.65,MW,BE,BE,forecast_offshore_wind_generation,Wind Offshore,2026-08-17T19:52:07Z
2026-08-17T19:51:40Z,2026-08-17T21:51:40+0200,fdae99e2-5a7d-42af-ac8a-eb89677bb4d2,2026-07-27T08:00:00Z,2026-07-27T10:00:00+0200,429.175,MW,BE,BE,forecast_offshore_wind_generation,Wind Offshore,2026-08-17T19:52:07Z
2026-08-17T19:51:40Z,2026-08-17T21:51:40+0200,fdae99e2-5a7d-42af-ac8a-eb89677bb4d2,2026-07-27T09:00:00Z,2026-07-27T11:00:00+0200,385.95,MW,BE,BE,forecast_offshore_wind_generation,Wind Offshore,2026-08-17T19:52:07Z
2026-08-17T19:51:40Z,2026-08-17T21:51:40+0200,fdae99e2-5a7d-42af-ac8a-eb89677bb4d2,2026-07-27T10:00:00Z,2026-07-27T12:00:00+0200,356.55,MW,BE,BE,forecast_offshore_wind_generation,Wind Offshore,2026-08-17T19:52:07Z
2026-08-17T19:51:40Z,2026-08-17T21:51:40+0200,fdae99e2-5a7d-42af-ac8a-eb89677bb4d2,2026-07-27T11:00:00Z,2026-07-27T13:00:00+0200,339.25,MW,BE,BE,forecast_offshore_wind_generation,Wind Offshore,2026-08-17T19:52:07Z
2026-08-17T19:51:40Z,2026-08-17T21:51:40+0200,fdae99e2-5a7d-42af-ac8a-eb89677bb4d2,2026-07-27T12:00:00Z,2026-07-27T14:00:00+0200,337.8,MW,BE,BE,forecast_offshore_wind_generation,Wind Offshore,2026-08-17T19:52:07Z
2026-08-17T19:51:40Z,2026-08-17T21:51:40+0200,fdae99e2-5a7d-42af-ac8a-eb89677bb4d2,2026-07-27T13:00:00Z,2026-07-27T15:00:00+0200,358.075,MW,BE,BE,forecast_offshore_wind_generation,Wind Offshore,2026-08-17T19:52:07Z
2026-08-17T19:51:40Z,2026-08-17T21:51:40+0200,fdae99e2-5a7d-42af-ac8a-eb89677bb4d2,2026-07-27T14:00:00Z,2026-07-27T16:00:00+0200,410.85,MW,BE,BE,forecast_offshore_wind_generation,Wind Offshore,2026-08-17T19:52:07Z
2026-08-17T19:51:40Z,2026-08-17T21:51:40+0200,fdae99e2-5a7d-42af-ac8a-eb89677bb4d2,2026-07-27T15:00:00Z,2026-07-27T17:00:00+0200,496.275,MW,BE,BE,forecast_offshore_wind_generation,Wind Offshore,2026-08-17T19:52:07Z
2026-08-17T19:51:40Z,2026-08-17T21:51:40+0200,fdae99e2-5a7d-42af-ac8a-eb89677bb4d2,2026-07-27T16:00:00Z,2026-07-27T18:00:00+0200,606.4,MW,BE,BE,forecast_offshore_wind_generation,Wind Offshore,2026-08-17T19:52:07Z
2026-08-17T19:51:40Z,2026-08-17T21:51:40+0200,fdae99e2-5a7d-42af-ac8a-eb89677bb4d2,2026-07-27T17:00:00Z,2026-07-27T19:00:00+0200,736.525,MW,BE,BE,forecast_offshore_wind_generation,Wind Offshore,2026-08-17T19:52:07Z
2026-08-17T19:51:40Z,2026-08-17T21:51:40+0200,fdae99e2-5a7d-42af-ac8a-eb89677bb4d2,2026-07-27T18:00:00Z,2026-07-27T20:00:00+0200,854.05,MW,BE,BE,forecast_offshore_wind_generation,Wind Offshore,2026-08-17T19:52:07Z
2026-08-17T19:51:40Z,2026-08-17T21:51:40+0200,fdae99e2-5a7d-42af-ac8a-eb89677bb4d2,2026-07-27T19:00:00Z,2026-07-27T21:00:00+0200,960.65,MW,BE,BE,forecast_offshore_wind_generation,Wind Offshore,2026-08-17T19:52:07Z
2026-08-17T19:51:40Z,2026-08-17T21:51:40+0200,fdae99e2-5a7d-42af-ac8a-eb89677bb4d2,2026-07-27T20:00:00Z,2026-07-27T22:00:00+0200,1010.65,MW,BE,BE,forecast_offshore_wind_generation,Wind Offshore,2026-08-17T19:52:07Z
2026-08-17T19:51:40Z,2026-08-17T21:51:40+0200,fdae99e2-5a7d-42af-ac8a-eb89677bb4d2,2026-07-27T21:00:00Z,2026-07-27T23:00:00+0200,968.025,MW,BE,BE,forecast_offshore_wind_generation,Wind Offshore,2026-08-17T19:52:07Z
2026-08-17T19:51:40Z,2026-08-17T21:51:40+0200,fdae99e2-5a7d-42af-ac8a-eb89677bb4d2,2026-07-27T22:00:00Z,2026-07-28T00:00:00+0200,959.4,MW,BE,BE,forecast_offshore_wind_generation,Wind Offshore,2026-08-17T19:52:07Z
2026-08-17T19:51:40Z,2026-08-17T21:51:40+0200,fdae99e2-5a7d-42af-ac8a-eb89677bb4d2,2026-07-27T23:00:00Z,2026-07-28T01:00:00+0200,764.125,MW,BE,BE,forecast_offshore_wind_generation,Wind Offshore,2026-08-17T19:52:07Z
2026-08-17T19:51:40Z,2026-08-17T21:51:40+0200,fdae99e2-5a7d-42af-ac8a-eb89677bb4d2,2026-07-28T00:00:00Z,2026-07-28T02:00:00+0200,583.15,MW,BE,BE,forecast_offshore_wind_generation,Wind Offshore,2026-08-17T19:52:07Z
2026-08-17T19:51:40Z,2026-08-17T21:51:40+0200,fdae99e2-5a7d-42af-ac8a-eb89677bb4d2,2026-07-28T01:00:00Z,2026-07-28T03:00:00+0200,450.775,MW,BE,BE,forecast_offshore_wind_generation,Wind Offshore,2026-08-17T19:52:07Z
2026-08-17T19:51:40Z,2026-08-17T21:51:40+0200,fdae99e2-5a7d-42af-ac8a-eb89677bb4d2,2026-07-28T02:00:00Z,2026-07-28T04:00:00+0200,350.75,MW,BE,BE,forecast_offshore_wind_generation,Wind Offshore,2026-08-17T19:52:07Z
2026-08-17T19:51:40Z,2026-08-17T21:51:40+0200,fdae99e2-5a7d-42af-ac8a-eb89677bb4d2,2026-07-28T03:00:00Z,2026-07-28T05:00:00+0200,272.1,MW,BE,BE,forecast_offshore_wind_generation,Wind Offshore,2026-08-17T19:52:07Z
2026-08-17T19:51:40Z,2026-08-17T21:51:40+0200,fdae99e2-5a7d-42af-ac8a-eb89677bb4d2,2026-07-28T04:00:00Z,2026-07-28T06:00:00+0200,220.125,MW,BE,BE,forecast_offshore_wind_generation,Wind Offshore,2026-08-17T19:52:07Z
2026-08-17T19:51:40Z,2026-08-17T21:51:40+0200,fdae99e2-5a7d-42af-ac8a-eb89677bb4d2,2026-07-28T05:00:00Z,2026-07-28T07:00:00+0200,192.825,MW,BE,BE,forecast_offshore_wind_generation,Wind Offshore,2026-08-17T19:52:07Z
2026-08-17T19:51:40Z,2026-08-17T21:51:40+0200,fdae99e2-5a7d-42af-ac8a-eb89677bb4d2,2026-07-28T06:00:00Z,2026-07-28T08:00:00+0200,183.025,MW,BE,BE,forecast_offshore_wind_generation,Wind Offshore,2026-08-17T19:52:07Z
2026-08-17T19:51:40Z,2026-08-17T21:51:40+0200,fdae99e2-5a7d-42af-ac8a-eb89677bb4d2,2026-07-28T07:00:00Z,2026-07-28T09:00:00+0200,184.15,MW,BE,BE,forecast_offshore_wind_generation,Wind Offshore,2026-08-17T19:52:07Z
2026-08-17T19:51:40Z,2026-08-17T21:51:40+0200,fdae99e2-5a7d-42af-ac8a-eb89677bb4d2,2026-07-28T08:00:00Z,2026-07-28T10:00:00+0200,192.025,MW,BE,BE,forecast_offshore_wind_generation,Wind Offshore,2026-08-17T19:52:07Z
2026-08-17T19:51:40Z,2026-08-17T21:51:40+0200,fdae99e2-5a7d-42af-ac8a-eb89677bb4d2,2026-07-28T09:00:00Z,2026-07-28T11:00:00+0200,200.825,MW,BE,BE,forecast_offshore_wind_generation,Wind Offshore,2026-08-17T19:52:07Z
2026-08-17T19:51:40Z,2026-08-17T21:51:40+0200,fdae99e2-5a7d-42af-ac8a-eb89677bb4d2,2026-07-28T10:00:00Z,2026-07-28T12:00:00+0200,203.075,MW,BE,BE,forecast_offshore_wind_generation,Wind Offshore,2026-08-17T19:52:07Z
2026-08-17T19:51:40Z,2026-08-17T21:51:40+0200,fdae99e2-5a7d-42af-ac8a-eb89677bb4d2,2026-07-28T11:00:00Z,2026-07-28T13:00:00+0200,191.9,MW,BE,BE,forecast_offshore_wind_generation,Wind Offshore,2026-08-17T19:52:07Z
2026-08-17T19:51:40Z,2026-08-17T21:51:40+0200,fdae99e2-5a7d-42af-ac8a-eb89677bb4d2,2026-07-28T12:00:00Z,2026-07-28T14:00:00+0200,169.475,MW,BE,BE,forecast_offshore_wind_generation,Wind Offshore,2026-08-17T19:52:07Z
2026-08-17T19:51:40Z,2026-08-17T21:51:40+0200,fdae99e2-5a7d-42af-ac8a-eb89677bb4d2,2026-07-28T13:00:00Z,2026-07-28T15:00:00+0200,142.6,MW,BE,BE,forecast_offshore_wind_generation,Wind Offshore,2026-08-17T19:52:07Z
2026-08-17T19:51:40Z,2026-08-17T21:51:40+0200,fdae99e2-5a7d-42af-ac8a-eb89677bb4d2,2026-07-28T14:00:00Z,2026-07-28T16:00:00+0200,117.2,MW,BE,BE,forecast_offshore_wind_generation,Wind Offshore,2026-08-17T19:52:07Z
2026-08-17T19:51:40Z,2026-08-17T21:51:40+0200,fdae99e2-5a7d-42af-ac8a-eb89677bb4d2,2026-07-28T15:00:00Z,2026-07-28T17:00:00+0200,95.275,MW,BE,BE,forecast_offshore_wind_generation,Wind Offshore,2026-08-17T19:52:07Z
2026-08-17T19:51:40Z,2026-08-17T21:51:40+0200,fdae99e2-5a7d-42af-ac8a-eb89677bb4d2,2026-07-28T16:00:00Z,2026-07-28T18:00:00+0200,76.025,MW,BE,BE,forecast_offshore_wind_generation,Wind Offshore,2026-08-17T19:52:07Z
2026-08-17T19:51:40Z,2026-08-17T21:51:40+0200,fdae99e2-5a7d-42af-ac8a-eb89677bb4d2,2026-07-28T17:00:00Z,2026-07-28T19:00:00+0200,64.9,MW,BE,BE,forecast_offshore_wind_generation,Wind Offshore,2026-08-17T19:52:07Z
2026-08-17T19:51:40Z,2026-08-17T21:51:40+0200,fdae99e2-5a7d-42af-ac8a-eb89677bb4d2,2026-07-28T18:00:00Z,2026-07-28T20:00:00+0200,55.5,MW,BE,BE,forecast_offshore_wind_generation,Wind Offshore,2026-08-17T19:52:07Z
2026-08-17T19:51:40Z,2026-08-17T21:51:40+0200,fdae99e2-5a7d-42af-ac8a-eb89677bb4d2,2026-07-28T19:00:00Z,2026-07-28T21:00:00+0200,49.525,MW,BE,BE,forecast_offshore_wind_generation,Wind Offshore,2026-08-17T19:52:07Z
2026-08-17T19:51:40Z,2026-08-17T21:51:40+0200,fdae99e2-5a7d-42af-ac8a-eb89677bb4d2,2026-07-28T20:00:00Z,2026-07-28T22:00:00+0200,45.725,MW,BE,BE,forecast_offshore_wind_generation,Wind Offshore,2026-08-17T19:52:07Z
2026-08-17T19:51:40Z,2026-08-17T21:51:40+0200,fdae99e2-5a7d-42af-ac8a-eb89677bb4d2,2026-07-28T21:00:00Z,2026-07-28T23:00:00+0200,42.1,MW,BE,BE,forecast_offshore_wind_generation,Wind Offshore,2026-08-17T19:52:07Z
2026-08-17T19:51:40Z,2026-08-17T21:51:40+0200,fdae99e2-5a7d-42af-ac8a-eb89677bb4d2,2026-07-28T22:00:00Z,2026-07-29T00:00:00+0200,52.1,MW,BE,BE,forecast_offshore_wind_generation,Wind Offshore,2026-08-17T19:52:07Z
2026-08-17T19:51:40Z,2026-08-17T21:51:40+0200,fdae99e2-5a7d-42af-ac8a-eb89677bb4d2,2026-07-28T23:00:00Z,2026-07-29T01:00:00+0200,51.4,MW,BE,BE,forecast_offshore_wind_generation,Wind Offshore,2026-08-17T19:52:07Z
2026-08-17T19:51:40Z,2026-08-17T21:51:40+0200,fdae99e2-5a7d-42af-ac8a-eb89677bb4d2,2026-07-29T00:00:00Z,2026-07-29T02:00:00+0200,54.0,MW,BE,BE,forecast_offshore_wind_generation,Wind Offshore,2026-08-17T19:52:07Z
2026-08-17T19:51:40Z,2026-08-17T21:51:40+0200,fdae99e2-5a7d-42af-ac8a-eb89677bb4d2,2026-07-29T01:00:00Z,2026-07-29T03:00:00+0200,59.975,MW,BE,BE,forecast_offshore_wind_generation,Wind Offshore,2026-08-17T19:52:07Z
2026-08-17T19:51:40Z,2026-08-17T21:51:40+0200,fdae99e2-5a7d-42af-ac8a-eb89677bb4d2,2026-07-29T02:00:00Z,2026-07-29T04:00:00+0200,66.425,MW,BE,BE,forecast_offshore_wind_generation,Wind Offshore,2026-08-17T19:52:07Z
2026-08-17T19:51:40Z,2026-08-17T21:51:40+0200,fdae99e2-5a7d-42af-ac8a-eb89677bb4d2,2026-07-29T03:00:00Z,2026-07-29T05:00:00+0200,67.925,MW,BE,BE,forecast_offshore_wind_generation,Wind Offshore,2026-08-17T19:52:07Z
2026-08-17T19:51:40Z,2026-08-17T21:51:40+0200,fdae99e2-5a7d-42af-ac8a-eb89677bb4d2,2026-07-29T04:00:00Z,2026-07-29T06:00:00+0200,65.85,MW,BE,BE,forecast_offshore_wind_generation,Wind Offshore,2026-08-17T19:52:07Z
2026-08-17T19:51:40Z,2026-08-17T21:51:40+0200,fdae99e2-5a7d-42af-ac8a-eb89677bb4d2,2026-07-29T05:00:00Z,2026-07-29T07:00:00+0200,62.475,MW,BE,BE,forecast_offshore_wind_generation,Wind Offshore,2026-08-17T19:52:07Z
2026-08-17T19:51:40Z,2026-08-17T21:51:40+0200,fdae99e2-5a7d-42af-ac8a-eb89677bb4d2,2026-07-29T06:00:00Z,2026-07-29T08:00:00+0200,55.6,MW,BE,BE,forecast_offshore_wind_generation,Wind Offshore,2026-08-17T19:52:07Z
2026-08-17T19:51:40Z,2026-08-17T21:51:40+0200,fdae99e2-5a7d-42af-ac8a-eb89677bb4d2,2026-07-29T07:00:00Z,2026-07-29T09:00:00+0200,49.775,MW,BE,BE,forecast_offshore_wind_generation,Wind Offshore,2026-08-17T19:52:07Z
2026-08-17T19:51:40Z,2026-08-17T21:51:40+0200,fdae99e2-5a7d-42af-ac8a-eb89677bb4d2,2026-07-29T08:00:00Z,2026-07-29T10:00:00+0200,46.05,MW,BE,BE,forecast_offshore_wind_generation,Wind Offshore,2026-08-17T19:52:07Z
2026-08-17T19:51:40Z,2026-08-17T21:51:40+0200,fdae99e2-5a7d-42af-ac8a-eb89677bb4d2,2026-07-29T09:00:00Z,2026-07-29T11:00:00+0200,44.4,MW,BE,BE,forecast_offshore_wind_generation,Wind Offshore,2026-08-17T19:52:07Z
2026-08-17T19:51:40Z,2026-08-17T21:51:40+0200,fdae99e2-5a7d-42af-ac8a-eb89677bb4d2,2026-07-29T10:00:00Z,2026-07-29T12:00:00+0200,45.55,MW,BE,BE,forecast_offshore_wind_generation,Wind Offshore,2026-08-17T19:52:07Z
2026-08-17T19:51:40Z,2026-08-17T21:51:40+0200,fdae99e2-5a7d-42af-ac8a-eb89677bb4d2,2026-07-29T11:00:00Z,2026-07-29T13:00:00+0200,46.075,MW,BE,BE,forecast_offshore_wind_generation,Wind Offshore,2026-08-17T19:52:07Z
2026-08-17T19:51:40Z,2026-08-17T21:51:40+0200,fdae99e2-5a7d-42af-ac8a-eb89677bb4d2,2026-07-29T12:00:00Z,2026-07-29T14:00:00+0200,45.75,MW,BE,BE,forecast_offshore_wind_generation,Wind Offshore,2026-08-17T19:52:07Z
2026-08-17T19:51:40Z,2026-08-17T21:51:40+0200,fdae99e2-5a7d-42af-ac8a-eb89677bb4d2,2026-07-29T13:00:00Z,2026-07-29T15:00:00+0200,45.35,MW,BE,BE,forecast_offshore_wind_generation,Wind Offshore,2026-08-17T19:52:07Z
2026-08-17T19:51:40Z,2026-08-17T21:51:40+0200,fdae99e2-5a7d-42af-ac8a-eb89677bb4d2,2026-07-29T14:00:00Z,2026-07-29T16:00:00+0200,56.05,MW,BE,BE,forecast_offshore_wind_generation,Wind Offshore,2026-08-17T19:52:07Z
2026-08-17T19:51:40Z,2026-08-17T21:51:40+0200,fdae99e2-5a7d-42af-ac8a-eb89677bb4d2,2026-07-29T15:00:00Z,2026-07-29T17:00:00+0200,78.05,MW,BE,BE,forecast_offshore_wind_generation,Wind Offshore,2026-08-17T19:52:07Z
2026-08-17T19:51:40Z,2026-08-17T21:51:40+0200,fdae99e2-5a7d-42af-ac8a-eb89677bb4d2,2026-07-29T16:00:00Z,2026-07-29T18:00:00+0200,114.2,MW,BE,BE,forecast_offshore_wind_generation,Wind Offshore,2026-08-17T19:52:07Z
2026-08-17T19:51:40Z,2026-08-17T21:51:40+0200,fdae99e2-5a7d-42af-ac8a-eb89677bb4d2,2026-07-29T17:00:00Z,2026-07-29T19:00:00+0200,185.9,MW,BE,BE,forecast_offshore_wind_generation,Wind Offshore,2026-08-17T19:52:07Z
2026-08-17T19:51:40Z,2026-08-17T21:51:40+0200,fdae99e2-5a7d-42af-ac8a-eb89677bb4d2,2026-07-29T18:00:00Z,2026-07-29T20:00:00+0200,302.275,MW,BE,BE,forecast_offshore_wind_generation,Wind Offshore,2026-08-17T19:52:07Z
2026-08-17T19:51:40Z,2026-08-17T21:51:40+0200,fdae99e2-5a7d-42af-ac8a-eb89677bb4d2,2026-07-29T19:00:00Z,2026-07-29T21:00:00+0200,510.25,MW,BE,BE,forecast_offshore_wind_generation,Wind Offshore,2026-08-17T19:52:07Z
2026-08-17T19:51:40Z,2026-08-17T21:51:40+0200,fdae99e2-5a7d-42af-ac8a-eb89677bb4d2,2026-07-29T20:00:00Z,2026-07-29T22:00:00+0200,724.975,MW,BE,BE,forecast_offshore_wind_generation,Wind Offshore,2026-08-17T19:52:07Z
2026-08-17T19:51:40Z,2026-08-17T21:51:40+0200,fdae99e2-5a7d-42af-ac8a-eb89677bb4d2,2026-07-29T21:00:00Z,2026-07-29T23:00:00+0200,857.025,MW,BE,BE,forecast_offshore_wind_generation,Wind Offshore,2026-08-17T19:52:07Z
2026-08-17T19:51:40Z,2026-08-17T21:51:40+0200,fdae99e2-5a7d-42af-ac8a-eb89677bb4d2,2026-07-29T22:00:00Z,2026-07-30T00:00:00+0200,1246.8,MW,BE,BE,forecast_offshore_wind_generation,Wind Offshore,2026-08-17T19:52:07Z
2026-08-17T19:51:40Z,2026-08-17T21:51:40+0200,fdae99e2-5a7d-42af-ac8a-eb89677bb4d2,2026-07-29T23:00:00Z,2026-07-30T01:00:00+0200,1221.05,MW,BE,BE,forecast_offshore_wind_generation,Wind Offshore,2026-08-17T19:52:07Z
2026-08-17T19:51:40Z,2026-08-17T21:51:40+0200,fdae99e2-5a7d-42af-ac8a-eb89677bb4d2,2026-07-30T00:00:00Z,2026-07-30T02:00:00+0200,1128.425,MW,BE,BE,forecast_offshore_wind_generation,Wind Offshore,2026-08-17T19:52:07Z
2026-08-17T19:51:40Z,2026-08-17T21:51:40+0200,fdae99e2-5a7d-42af-ac8a-eb89677bb4d2,2026-07-30T01:00:00Z,2026-07-30T03:00:00+0200,973.625,MW,BE,BE,forecast_offshore_wind_generation,Wind Offshore,2026-08-17T19:52:07Z
2026-08-17T19:51:40Z,2026-08-17T21:51:40+0200,fdae99e2-5a7d-42af-ac8a-eb89677bb4d2,2026-07-30T02:00:00Z,2026-07-30T04:00:00+0200,804.325,MW,BE,BE,forecast_offshore_wind_generation,Wind Offshore,2026-08-17T19:52:07Z
2026-08-17T19:51:40Z,2026-08-17T21:51:40+0200,fdae99e2-5a7d-42af-ac8a-eb89677bb4d2,2026-07-30T03:00:00Z,2026-07-30T05:00:00+0200,645.2,MW,BE,BE,forecast_offshore_wind_generation,Wind Offshore,2026-08-17T19:52:07Z
2026-08-17T19:51:40Z,2026-08-17T21:51:40+0200,fdae99e2-5a7d-42af-ac8a-eb89677bb4d2,2026-07-30T04:00:00Z,2026-07-30T06:00:00+0200,478.95,MW,BE,BE,forecast_offshore_wind_generation,Wind Offshore,2026-08-17T19:52:07Z
2026-08-17T19:51:40Z,2026-08-17T21:51:40+0200,fdae99e2-5a7d-42af-ac8a-eb89677bb4d2,2026-07-30T05:00:00Z,2026-07-30T07:00:00+0200,323.1,MW,BE,BE,forecast_offshore_wind_generation,Wind Offshore,2026-08-17T19:52:07Z
2026-08-17T19:51:40Z,2026-08-17T21:51:40+0200,fdae99e2-5a7d-42af-ac8a-eb89677bb4d2,2026-07-30T06:00:00Z,2026-07-30T08:00:00+0200,217.7,MW,BE,BE,forecast_offshore_wind_generation,Wind Offshore,2026-08-17T19:52:07Z
2026-08-17T19:51:40Z,2026-08-17T21:51:40+0200,fdae99e2-5a7d-42af-ac8a-eb89677bb4d2,2026-07-30T07:00:00Z,2026-07-30T09:00:00+0200,159.7,MW,BE,BE,forecast_offshore_wind_generation,Wind Offshore,2026-08-17T19:52:07Z
2026-08-17T19:51:40Z,2026-08-17T21:51:40+0200,fdae99e2-5a7d-42af-ac8a-eb89677bb4d2,2026-07-30T08:00:00Z,2026-07-30T10:00:00+0200,123.775,MW,BE,BE,forecast_offshore_wind_generation,Wind Offshore,2026-08-17T19:52:07Z
2026-08-17T19:51:40Z,2026-08-17T21:51:40+0200,fdae99e2-5a7d-42af-ac8a-eb89677bb4d2,2026-07-30T09:00:00Z,2026-07-30T11:00:00+0200,101.325,MW,BE,BE,forecast_offshore_wind_generation,Wind Offshore,2026-08-17T19:52:07Z
2026-08-17T19:51:40Z,2026-08-17T21:51:40+0200,fdae99e2-5a7d-42af-ac8a-eb89677bb4d2,2026-07-30T10:00:00Z,2026-07-30T12:00:00+0200,95.975,MW,BE,BE,forecast_offshore_wind_generation,Wind Offshore,2026-08-17T19:52:07Z
2026-08-17T19:51:40Z,2026-08-17T21:51:40+0200,fdae99e2-5a7d-42af-ac8a-eb89677bb4d2,2026-07-30T11:00:00Z,2026-07-30T13:00:00+0200,103.225,MW,BE,BE,forecast_offshore_wind_generation,Wind Offshore,2026-08-17T19:52:07Z
2026-08-17T19:51:40Z,2026-08-17T21:51:40+0200,fdae99e2-5a7d-42af-ac8a-eb89677bb4d2,2026-07-30T12:00:00Z,2026-07-30T14:00:00+0200,115.825,MW,BE,BE,forecast_offshore_wind_generation,Wind Offshore,2026-08-17T19:52:07Z
2026-08-17T19:51:40Z,2026-08-17T21:51:40+0200,fdae99e2-5a7d-42af-ac8a-eb89677bb4d2,2026-07-30T13:00:00Z,2026-07-30T15:00:00+0200,140.2,MW,BE,BE,forecast_offshore_wind_generation,Wind Offshore,2026-08-17T19:52:07Z
2026-08-17T19:51:40Z,2026-08-17T21:51:40+0200,fdae99e2-5a7d-42af-ac8a-eb89677bb4d2,2026-07-30T14:00:00Z,2026-07-30T16:00:00+0200,194.0,MW,BE,BE,forecast_offshore_wind_generation,Wind Offshore,2026-08-17T19:52:07Z
2026-08-17T19:51:40Z,2026-08-17T21:51:40+0200,fdae99e2-5a7d-42af-ac8a-eb89677bb4d2,2026-07-30T15:00:00Z,2026-07-30T17:00:00+0200,297.725,MW,BE,BE,forecast_offshore_wind_generation,Wind Offshore,2026-08-17T19:52:07Z
2026-08-17T19:51:40Z,2026-08-17T21:51:40+0200,fdae99e2-5a7d-42af-ac8a-eb89677bb4d2,2026-07-30T16:00:00Z,2026-07-30T18:00:00+0200,458.3,MW,BE,BE,forecast_offshore_wind_generation,Wind Offshore,2026-08-17T19:52:07Z
2026-08-17T19:51:40Z,2026-08-17T21:51:40+0200,fdae99e2-5a7d-42af-ac8a-eb89677bb4d2,2026-07-30T17:00:00Z,2026-07-30T19:00:00+0200,635.3,MW,BE,BE,forecast_offshore_wind_generation,Wind Offshore,2026-08-17T19:52:07Z
2026-08-17T19:51:40Z,2026-08-17T21:51:40+0200,fdae99e2-5a7d-42af-ac8a-eb89677bb4d2,2026-07-30T18:00:00Z,2026-07-30T20:00:00+0200,735.775,MW,BE,BE,forecast_offshore_wind_generation,Wind Offshore,2026-08-17T19:52:07Z
2026-08-17T19:51:40Z,2026-08-17T21:51:40+0200,fdae99e2-5a7d-42af-ac8a-eb89677bb4d2,2026-07-30T19:00:00Z,2026-07-30T21:00:00+0200,678.5,MW,BE,BE,forecast_offshore_wind_generation,Wind Offshore,2026-08-17T19:52:07Z
2026-08-17T19:51:40Z,2026-08-17T21:51:40+0200,fdae99e2-5a7d-42af-ac8a-eb89677bb4d2,2026-07-30T20:00:00Z,2026-07-30T22:00:00+0200,517.6,MW,BE,BE,forecast_offshore_wind_generation,Wind Offshore,2026-08-17T19:52:07Z
2026-08-17T19:51:40Z,2026-08-17T21:51:40+0200,fdae99e2-5a7d-42af-ac8a-eb89677bb4d2,2026-07-30T21:00:00Z,2026-07-30T23:00:00+0200,352.4,MW,BE,BE,forecast_offshore_wind_generation,Wind Offshore,2026-08-17T19:52:07Z
2026-08-17T19:51:40Z,2026-08-17T21:51:40+0200,fdae99e2-5a7d-42af-ac8a-eb89677bb4d2,2026-07-30T22:00:00Z,2026-07-31T00:00:00+0200,259.2,MW,BE,BE,forecast_offshore_wind_generation,Wind Offshore,2026-08-17T19:52:07Z
2026-08-17T19:51:40Z,2026-08-17T21:51:40+0200,fdae99e2-5a7d-42af-ac8a-eb89677bb4d2,2026-07-30T23:00:00Z,2026-07-31T01:00:00+0200,200.975,MW,BE,BE,forecast_offshore_wind_generation,Wind Offshore,2026-08-17T19:52:07Z
2026-08-17T19:51:40Z,2026-08-17T21:51:40+0200,fdae99e2-5a7d-42af-ac8a-eb89677bb4d2,2026-07-31T00:00:00Z,2026-07-31T02:00:00+0200,167.975,MW,BE,BE,forecast_offshore_wind_generation,Wind Offshore,2026-08-17T19:52:07Z
2026-08-17T19:51:40Z,2026-08-17T21:51:40+0200,fdae99e2-5a7d-42af-ac8a-eb89677bb4d2,2026-07-31T01:00:00Z,2026-07-31T03:00:00+0200,173.325,MW,BE,BE,forecast_offshore_wind_generation,Wind Offshore,2026-08-17T19:52:07Z
2026-08-17T19:51:40Z,2026-08-17T21:51:40+0200,fdae99e2-5a7d-42af-ac8a-eb89677bb4d2,2026-07-31T02:00:00Z,2026-07-31T04:00:00+0200,193.45,MW,BE,BE,forecast_offshore_wind_generation,Wind Offshore,2026-08-17T19:52:07Z
2026-08-17T19:51:40Z,2026-08-17T21:51:40+0200,fdae99e2-5a7d-42af-ac8a-eb89677bb4d2,2026-07-31T03:00:00Z,2026-07-31T05:00:00+0200,211.7,MW,BE,BE,forecast_offshore_wind_generation,Wind Offshore,2026-08-17T19:52:07Z
2026-08-17T19:51:40Z,2026-08-17T21:51:40+0200,fdae99e2-5a7d-42af-ac8a-eb89677bb4d2,2026-07-31T04:00:00Z,2026-07-31T06:00:00+0200,245.325,MW,BE,BE,forecast_offshore_wind_generation,Wind Offshore,2026-08-17T19:52:07Z
2026-08-17T19:51:40Z,2026-08-17T21:51:40+0200,fdae99e2-5a7d-42af-ac8a-eb89677bb4d2,2026-07-31T05:00:00Z,2026-07-31T07:00:00+0200,294.375,MW,BE,BE,forecast_offshore_wind_generation,Wind Offshore,2026-08-17T19:52:07Z
2026-08-17T19:51:40Z,2026-08-17T21:51:40+0200,fdae99e2-5a7d-42af-ac8a-eb89677bb4d2,2026-07-31T06:00:00Z,2026-07-31T08:00:00+0200,337.5,MW,BE,BE,forecast_offshore_wind_generation,Wind Offshore,2026-08-17T19:52:07Z
2026-08-17T19:51:40Z,2026-08-17T21:51:40+0200,fdae99e2-5a7d-42af-ac8a-eb89677bb4d2,2026-07-31T07:00:00Z,2026-07-31T09:00:00+0200,355.325,MW,BE,BE,forecast_offshore_wind_generation,Wind Offshore,2026-08-17T19:52:07Z
2026-08-17T19:51:40Z,2026-08-17T21:51:40+0200,fdae99e2-5a7d-42af-ac8a-eb89677bb4d2,2026-07-31T08:00:00Z,2026-07-31T10:00:00+0200,340.875,MW,BE,BE,forecast_offshore_wind_generation,Wind Offshore,2026-08-17T19:52:07Z
2026-08-17T19:51:40Z,2026-08-17T21:51:40+0200,fdae99e2-5a7d-42af-ac8a-eb89677bb4d2,2026-07-31T09:00:00Z,2026-07-31T11:00:00+0200,297.8,MW,BE,BE,forecast_offshore_wind_generation,Wind Offshore,2026-08-17T19:52:07Z
2026-08-17T19:51:40Z,2026-08-17T21:51:40+0200,fdae99e2-5a7d-42af-ac8a-eb89677bb4d2,2026-07-31T10:00:00Z,2026-07-31T12:00:00+0200,252.0,MW,BE,BE,forecast_offshore_wind_generation,Wind Offshore,2026-08-17T19:52:07Z
2026-08-17T19:51:40Z,2026-08-17T21:51:40+0200,fdae99e2-5a7d-42af-ac8a-eb89677bb4d2,2026-07-31T11:00:00Z,2026-07-31T13:00:00+0200,220.1,MW,BE,BE,forecast_offshore_wind_generation,Wind Offshore,2026-08-17T19:52:07Z
2026-08-17T19:51:40Z,2026-08-17T21:51:40+0200,fdae99e2-5a7d-42af-ac8a-eb89677bb4d2,2026-07-31T12:00:00Z,2026-07-31T14:00:00+0200,198.625,MW,BE,BE,forecast_offshore_wind_generation,Wind Offshore,2026-08-17T19:52:07Z
2026-08-17T19:51:40Z,2026-08-17T21:51:40+0200,fdae99e2-5a7d-42af-ac8a-eb89677bb4d2,2026-07-31T13:00:00Z,2026-07-31T15:00:00+0200,180.775,MW,BE,BE,forecast_offshore_wind_generation,Wind Offshore,2026-08-17T19:52:07Z
2026-08-17T19:51:40Z,2026-08-17T21:51:40+0200,fdae99e2-5a7d-42af-ac8a-eb89677bb4d2,2026-07-31T14:00:00Z,2026-07-31T16:00:00+0200,166.55,MW,BE,BE,forecast_offshore_wind_generation,Wind Offshore,2026-08-17T19:52:07Z
2026-08-17T19:51:40Z,2026-08-17T21:51:40+0200,fdae99e2-5a7d-42af-ac8a-eb89677bb4d2,2026-07-31T15:00:00Z,2026-07-31T17:00:00+0200,154.35,MW,BE,BE,forecast_offshore_wind_generation,Wind Offshore,2026-08-17T19:52:07Z
2026-08-17T19:51:40Z,2026-08-17T21:51:40+0200,fdae99e2-5a7d-42af-ac8a-eb89677bb4d2,2026-07-31T16:00:00Z,2026-07-31T18:00:00+0200,142.2,MW,BE,BE,forecast_offshore_wind_generation,Wind Offshore,2026-08-17T19:52:07Z
2026-08-17T19:51:40Z,2026-08-17T21:51:40+0200,fdae99e2-5a7d-42af-ac8a-eb89677bb4d2,2026-07-31T17:00:00Z,2026-07-31T19:00:00+0200,130.325,MW,BE,BE,forecast_offshore_wind_generation,Wind Offshore,2026-08-17T19:52:07Z
2026-08-17T19:51:40Z,2026-08-17T21:51:40+0200,fdae99e2-5a7d-42af-ac8a-eb89677bb4d2,2026-07-31T18:00:00Z,2026-07-31T20:00:00+0200,117.725,MW,BE,BE,forecast_offshore_wind_generation,Wind Offshore,2026-08-17T19:52:07Z
2026-08-17T19:51:40Z,2026-08-17T21:51:40+0200,fdae99e2-5a7d-42af-ac8a-eb89677bb4d2,2026-07-31T19:00:00Z,2026-07-31T21:00:00+0200,101.925,MW,BE,BE,forecast_offshore_wind_generation,Wind Offshore,2026-08-17T19:52:07Z
2026-08-17T19:51:40Z,2026-08-17T21:51:40+0200,fdae99e2-5a7d-42af-ac8a-eb89677bb4d2,2026-07-31T20:00:00Z,2026-07-31T22:00:00+0200,79.525,MW,BE,BE,forecast_offshore_wind_generation,Wind Offshore,2026-08-17T19:52:07Z
2026-08-17T19:51:40Z,2026-08-17T21:51:40+0200,fdae99e2-5a7d-42af-ac8a-eb89677bb4d2,2026-07-31T21:00:00Z,2026-07-31T23:00:00+0200,55.425,MW,BE,BE,forecast_offshore_wind_generation,Wind Offshore,2026-08-17T19:52:07Z
2026-08-17T19:51:40Z,2026-08-17T21:51:40+0200,fdae99e2-5a7d-42af-ac8a-eb89677bb4d2,2026-07-31T22:00:00Z,2026-08-01T00:00:00+0200,41.3,MW,BE,BE,forecast_offshore_wind_generation,Wind Offshore,2026-08-17T19:52:07Z
2026-08-17T19:51:40Z,2026-08-17T21:51:40+0200,fdae99e2-5a7d-42af-ac8a-eb89677bb4d2,2026-07-31T23:00:00Z,2026-08-01T01:00:00+0200,29.575,MW,BE,BE,forecast_offshore_wind_generation,Wind Offshore,2026-08-17T19:52:07Z
2026-08-17T19:51:40Z,2026-08-17T21:51:40+0200,fdae99e2-5a7d-42af-ac8a-eb89677bb4d2,2026-08-01T00:00:00Z,2026-08-01T02:00:00+0200,27.0,MW,BE,BE,forecast_offshore_wind_generation,Wind Offshore,2026-08-17T19:52:07Z
2026-08-17T19:51:40Z,2026-08-17T21:51:40+0200,fdae99e2-5a7d-42af-ac8a-eb89677bb4d2,2026-08-01T01:00:00Z,2026-08-01T03:00:00+0200,32.025,MW,BE,BE,forecast_offshore_wind_generation,Wind Offshore,2026-08-17T19:52:07Z
2026-08-17T19:51:40Z,2026-08-17T21:51:40+0200,fdae99e2-5a7d-42af-ac8a-eb89677bb4d2,2026-08-01T02:00:00Z,2026-08-01T04:00:00+0200,41.375,MW,BE,BE,forecast_offshore_wind_generation,Wind Offshore,2026-08-17T19:52:07Z
2026-08-17T19:51:40Z,2026-08-17T21:51:40+0200,fdae99e2-5a7d-42af-ac8a-eb89677bb4d2,2026-08-01T03:00:00Z,2026-08-01T05:00:00+0200,50.325,MW,BE,BE,forecast_offshore_wind_generation,Wind Offshore,2026-08-17T19:52:07Z
2026-08-17T19:51:40Z,2026-08-17T21:51:40+0200,fdae99e2-5a7d-42af-ac8a-eb89677bb4d2,2026-08-01T04:00:00Z,2026-08-01T06:00:00+0200,55.85,MW,BE,BE,forecast_offshore_wind_generation,Wind Offshore,2026-08-17T19:52:07Z
2026-08-17T19:51:40Z,2026-08-17T21:51:40+0200,fdae99e2-5a7d-42af-ac8a-eb89677bb4d2,2026-08-01T05:00:00Z,2026-08-01T07:00:00+0200,54.925,MW,BE,BE,forecast_offshore_wind_generation,Wind Offshore,2026-08-17T19:52:07Z
2026-08-17T19:51:40Z,2026-08-17T21:51:40+0200,fdae99e2-5a7d-42af-ac8a-eb89677bb4d2,2026-08-01T06:00:00Z,2026-08-01T08:00:00+0200,48.525,MW,BE,BE,forecast_offshore_wind_generation,Wind Offshore,2026-08-17T19:52:07Z
2026-08-17T19:51:40Z,2026-08-17T21:51:40+0200,fdae99e2-5a7d-42af-ac8a-eb89677bb4d2,2026-08-01T07:00:00Z,2026-08-01T09:00:00+0200,42.725,MW,BE,BE,forecast_offshore_wind_generation,Wind Offshore,2026-08-17T19:52:07Z
2026-08-17T19:51:40Z,2026-08-17T21:51:40+0200,fdae99e2-5a7d-42af-ac8a-eb89677bb4d2,2026-08-01T08:00:00Z,2026-08-01T10:00:00+0200,40.325,MW,BE,BE,forecast_offshore_wind_generation,Wind Offshore,2026-08-17T19:52:07Z
2026-08-17T19:51:40Z,2026-08-17T21:51:40+0200,fdae99e2-5a7d-42af-ac8a-eb89677bb4d2,2026-08-01T09:00:00Z,2026-08-01T11:00:00+0200,40.975,MW,BE,BE,forecast_offshore_wind_generation,Wind Offshore,2026-08-17T19:52:07Z
2026-08-17T19:51:40Z,2026-08-17T21:51:40+0200,fdae99e2-5a7d-42af-ac8a-eb89677bb4d2,2026-08-01T10:00:00Z,2026-08-01T12:00:00+0200,42.6,MW,BE,BE,forecast_offshore_wind_generation,Wind Offshore,2026-08-17T19:52:07Z
2026-08-17T19:51:40Z,2026-08-17T21:51:40+0200,fdae99e2-5a7d-42af-ac8a-eb89677bb4d2,2026-08-01T11:00:00Z,2026-08-01T13:00:00+0200,43.7,MW,BE,BE,forecast_offshore_wind_generation,Wind Offshore,2026-08-17T19:52:07Z
2026-08-17T19:51:40Z,2026-08-17T21:51:40+0200,fdae99e2-5a7d-42af-ac8a-eb89677bb4d2,2026-08-01T12:00:00Z,2026-08-01T14:00:00+0200,41.425,MW,BE,BE,forecast_offshore_wind_generation,Wind Offshore,2026-08-17T19:52:07Z
2026-08-17T19:51:40Z,2026-08-17T21:51:40+0200,fdae99e2-5a7d-42af-ac8a-eb89677bb4d2,2026-08-01T13:00:00Z,2026-08-01T15:00:00+0200,34.35,MW,BE,BE,forecast_offshore_wind_generation,Wind Offshore,2026-08-17T19:52:07Z
2026-08-17T19:51:40Z,2026-08-17T21:51:40+0200,fdae99e2-5a7d-42af-ac8a-eb89677bb4d2,2026-08-01T14:00:00Z,2026-08-01T16:00:00+0200,24.825,MW,BE,BE,forecast_offshore_wind_generation,Wind Offshore,2026-08-17T19:52:07Z
2026-08-17T19:51:40Z,2026-08-17T21:51:40+0200,fdae99e2-5a7d-42af-ac8a-eb89677bb4d2,2026-08-01T15:00:00Z,2026-08-01T17:00:00+0200,16.25,MW,BE,BE,forecast_offshore_wind_generation,Wind Offshore,2026-08-17T19:52:07Z
2026-08-17T19:51:40Z,2026-08-17T21:51:40+0200,fdae99e2-5a7d-42af-ac8a-eb89677bb4d2,2026-08-01T16:00:00Z,2026-08-01T18:00:00+0200,12.6,MW,BE,BE,forecast_offshore_wind_generation,Wind Offshore,2026-08-17T19:52:07Z
2026-08-17T19:51:40Z,2026-08-17T21:51:40+0200,fdae99e2-5a7d-42af-ac8a-eb89677bb4d2,2026-08-01T17:00:00Z,2026-08-01T19:00:00+0200,10.5,MW,BE,BE,forecast_offshore_wind_generation,Wind Offshore,2026-08-17T19:52:07Z
2026-08-17T19:51:40Z,2026-08-17T21:51:40+0200,fdae99e2-5a7d-42af-ac8a-eb89677bb4d2,2026-08-01T18:00:00Z,2026-08-01T20:00:00+0200,11.75,MW,BE,BE,forecast_offshore_wind_generation,Wind Offshore,2026-08-17T19:52:07Z
2026-08-17T19:51:40Z,2026-08-17T21:51:40+0200,fdae99e2-5a7d-42af-ac8a-eb89677bb4d2,2026-08-01T19:00:00Z,2026-08-01T21:00:00+0200,14.675,MW,BE,BE,forecast_offshore_wind_generation,Wind Offshore,2026-08-17T19:52:07Z
2026-08-17T19:51:40Z,2026-08-17T21:51:40+0200,fdae99e2-5a7d-42af-ac8a-eb89677bb4d2,2026-08-01T20:00:00Z,2026-08-01T22:00:00+0200,17.85,MW,BE,BE,forecast_offshore_wind_generation,Wind Offshore,2026-08-17T19:52:07Z
2026-08-17T19:51:40Z,2026-08-17T21:51:40+0200,fdae99e2-5a7d-42af-ac8a-eb89677bb4d2,2026-08-01T21:00:00Z,2026-08-01T23:00:00+0200,21.8,MW,BE,BE,forecast_offshore_wind_generation,Wind Offshore,2026-08-17T19:52:07Z
2026-08-17T19:51:40Z,2026-08-17T21:51:40+0200,fdae99e2-5a7d-42af-ac8a-eb89677bb4d2,2026-08-01T22:00:00Z,2026-08-02T00:00:00+0200,28.4,MW,BE,BE,forecast_offshore_wind_generation,Wind Offshore,2026-08-17T19:52:07Z
2026-08-17T19:51:40Z,2026-08-17T21:51:40+0200,fdae99e2-5a7d-42af-ac8a-eb89677bb4d2,2026-08-01T23:00:00Z,2026-08-02T01:00:00+0200,30.8,MW,BE,BE,forecast_offshore_wind_generation,Wind Offshore,2026-08-17T19:52:07Z
2026-08-17T19:51:40Z,2026-08-17T21:51:40+0200,fdae99e2-5a7d-42af-ac8a-eb89677bb4d2,2026-08-02T00:00:00Z,2026-08-02T02:00:00+0200,31.475,MW,BE,BE,forecast_offshore_wind_generation,Wind Offshore,2026-08-17T19:52:07Z
2026-08-17T19:51:40Z,2026-08-17T21:51:40+0200,fdae99e2-5a7d-42af-ac8a-eb89677bb4d2,2026-08-02T01:00:00Z,2026-08-02T03:00:00+0200,30.975,MW,BE,BE,forecast_offshore_wind_generation,Wind Offshore,2026-08-17T19:52:07Z
2026-08-17T19:51:40Z,2026-08-17T21:51:40+0200,fdae99e2-5a7d-42af-ac8a-eb89677bb4d2,2026-08-02T02:00:00Z,2026-08-02T04:00:00+0200,29.375,MW,BE,BE,forecast_offshore_wind_generation,Wind Offshore,2026-08-17T19:52:07Z
2026-08-17T19:51:40Z,2026-08-17T21:51:40+0200,fdae99e2-5a7d-42af-ac8a-eb89677bb4d2,2026-08-02T03:00:00Z,2026-08-02T05:00:00+0200,29.025,MW,BE,BE,forecast_offshore_wind_generation,Wind Offshore,2026-08-17T19:52:07Z
2026-08-17T19:51:40Z,2026-08-17T21:51:40+0200,fdae99e2-5a7d-42af-ac8a-eb89677bb4d2,2026-08-02T04:00:00Z,2026-08-02T06:00:00+0200,31.15,MW,BE,BE,forecast_offshore_wind_generation,Wind Offshore,2026-08-17T19:52:07Z
2026-08-17T19:51:40Z,2026-08-17T21:51:40+0200,fdae99e2-5a7d-42af-ac8a-eb89677bb4d2,2026-08-02T05:00:00Z,2026-08-02T07:00:00+0200,33.425,MW,BE,BE,forecast_offshore_wind_generation,Wind Offshore,2026-08-17T19:52:07Z
2026-08-17T19:51:40Z,2026-08-17T21:51:40+0200,fdae99e2-5a7d-42af-ac8a-eb89677bb4d2,2026-08-02T06:00:00Z,2026-08-02T08:00:00+0200,35.675,MW,BE,BE,forecast_offshore_wind_generation,Wind Offshore,2026-08-17T19:52:07Z
2026-08-17T19:51:40Z,2026-08-17T21:51:40+0200,fdae99e2-5a7d-42af-ac8a-eb89677bb4d2,2026-08-02T07:00:00Z,2026-08-02T09:00:00+0200,39.05,MW,BE,BE,forecast_offshore_wind_generation,Wind Offshore,2026-08-17T19:52:07Z
2026-08-17T19:51:40Z,2026-08-17T21:51:40+0200,fdae99e2-5a7d-42af-ac8a-eb89677bb4d2,2026-08-02T08:00:00Z,2026-08-02T10:00:00+0200,50.075,MW,BE,BE,forecast_offshore_wind_generation,Wind Offshore,2026-08-17T19:52:07Z
2026-08-17T19:51:40Z,2026-08-17T21:51:40+0200,fdae99e2-5a7d-42af-ac8a-eb89677bb4d2,2026-08-02T09:00:00Z,2026-08-02T11:00:00+0200,72.55,MW,BE,BE,forecast_offshore_wind_generation,Wind Offshore,2026-08-17T19:52:07Z
2026-08-17T19:51:40Z,2026-08-17T21:51:40+0200,fdae99e2-5a7d-42af-ac8a-eb89677bb4d2,2026-08-02T10:00:00Z,2026-08-02T12:00:00+0200,108.2,MW,BE,BE,forecast_offshore_wind_generation,Wind Offshore,2026-08-17T19:52:07Z
2026-08-17T19:51:40Z,2026-08-17T21:51:40+0200,fdae99e2-5a7d-42af-ac8a-eb89677bb4d2,2026-08-02T11:00:00Z,2026-08-02T13:00:00+0200,159.575,MW,BE,BE,forecast_offshore_wind_generation,Wind Offshore,2026-08-17T19:52:07Z
2026-08-17T19:51:40Z,2026-08-17T21:51:40+0200,fdae99e2-5a7d-42af-ac8a-eb89677bb4d2,2026-08-02T12:00:00Z,2026-08-02T14:00:00+0200,232.65,MW,BE,BE,forecast_offshore_wind_generation,Wind Offshore,2026-08-17T19:52:07Z
2026-08-17T19:51:40Z,2026-08-17T21:51:40+0200,fdae99e2-5a7d-42af-ac8a-eb89677bb4d2,2026-08-02T13:00:00Z,2026-08-02T15:00:00+0200,326.775,MW,BE,BE,forecast_offshore_wind_generation,Wind Offshore,2026-08-17T19:52:07Z
2026-08-17T19:51:40Z,2026-08-17T21:51:40+0200,fdae99e2-5a7d-42af-ac8a-eb89677bb4d2,2026-08-02T14:00:00Z,2026-08-02T16:00:00+0200,431.975,MW,BE,BE,forecast_offshore_wind_generation,Wind Offshore,2026-08-17T19:52:07Z
2026-08-17T19:51:40Z,2026-08-17T21:51:40+0200,fdae99e2-5a7d-42af-ac8a-eb89677bb4d2,2026-08-02T15:00:00Z,2026-08-02T17:00:00+0200,537.45,MW,BE,BE,forecast_offshore_wind_generation,Wind Offshore,2026-08-17T19:52:07Z
2026-08-17T19:51:40Z,2026-08-17T21:51:40+0200,fdae99e2-5a7d-42af-ac8a-eb89677bb4d2,2026-08-02T16:00:00Z,2026-08-02T18:00:00+0200,642.95,MW,BE,BE,forecast_offshore_wind_generation,Wind Offshore,2026-08-17T19:52:07Z
2026-08-17T19:51:40Z,2026-08-17T21:51:40+0200,fdae99e2-5a7d-42af-ac8a-eb89677bb4d2,2026-08-02T17:00:00Z,2026-08-02T19:00:00+0200,745.575,MW,BE,BE,forecast_offshore_wind_generation,Wind Offshore,2026-08-17T19:52:07Z
2026-08-17T19:51:40Z,2026-08-17T21:51:40+0200,fdae99e2-5a7d-42af-ac8a-eb89677bb4d2,2026-08-02T18:00:00Z,2026-08-02T20:00:00+0200,831.55,MW,BE,BE,forecast_offshore_wind_generation,Wind Offshore,2026-08-17T19:52:07Z
2026-08-17T19:51:40Z,2026-08-17T21:51:40+0200,fdae99e2-5a7d-42af-ac8a-eb89677bb4d2,2026-08-02T19:00:00Z,2026-08-02T21:00:00+0200,891.925,MW,BE,BE,forecast_offshore_wind_generation,Wind Offshore,2026-08-17T19:52:07Z
2026-08-17T19:51:40Z,2026-08-17T21:51:40+0200,fdae99e2-5a7d-42af-ac8a-eb89677bb4d2,2026-08-02T20:00:00Z,2026-08-02T22:00:00+0200,916.85,MW,BE,BE,forecast_offshore_wind_generation,Wind Offshore,2026-08-17T19:52:07Z
2026-08-17T19:51:40Z,2026-08-17T21:51:40+0200,fdae99e2-5a7d-42af-ac8a-eb89677bb4d2,2026-08-02T21:00:00Z,2026-08-02T23:00:00+0200,907.2,MW,BE,BE,forecast_offshore_wind_generation,Wind Offshore,2026-08-17T19:52:07Z
2026-08-17T19:51:40Z,2026-08-17T21:51:40+0200,fdae99e2-5a7d-42af-ac8a-eb89677bb4d2,2026-08-02T22:00:00Z,2026-08-03T00:00:00+0200,1037.775,MW,BE,BE,forecast_offshore_wind_generation,Wind Offshore,2026-08-17T19:52:07Z
2026-08-17T19:51:40Z,2026-08-17T21:51:40+0200,fdae99e2-5a7d-42af-ac8a-eb89677bb4d2,2026-08-02T23:00:00Z,2026-08-03T01:00:00+0200,897.025,MW,BE,BE,forecast_offshore_wind_generation,Wind Offshore,2026-08-17T19:52:07Z
2026-08-17T19:51:40Z,2026-08-17T21:51:40+0200,fdae99e2-5a7d-42af-ac8a-eb89677bb4d2,2026-08-03T00:00:00Z,2026-08-03T02:00:00+0200,743.2,MW,BE,BE,forecast_offshore_wind_generation,Wind Offshore,2026-08-17T19:52:07Z
2026-08-17T19:51:40Z,2026-08-17T21:51:40+0200,fdae99e2-5a7d-42af-ac8a-eb89677bb4d2,2026-08-03T01:00:00Z,2026-08-03T03:00:00+0200,603.525,MW,BE,BE,forecast_offshore_wind_generation,Wind Offshore,2026-08-17T19:52:07Z
2026-08-17T19:51:40Z,2026-08-17T21:51:40+0200,fdae99e2-5a7d-42af-ac8a-eb89677bb4d2,2026-08-03T02:00:00Z,2026-08-03T04:00:00+0200,489.6,MW,BE,BE,forecast_offshore_wind_generation,Wind Offshore,2026-08-17T19:52:07Z
2026-08-17T19:51:40Z,2026-08-17T21:51:40+0200,fdae99e2-5a7d-42af-ac8a-eb89677bb4d2,2026-08-03T03:00:00Z,2026-08-03T05:00:00+0200,386.575,MW,BE,BE,forecast_offshore_wind_generation,Wind Offshore,2026-08-17T19:52:07Z
2026-08-17T19:51:40Z,2026-08-17T21:51:40+0200,fdae99e2-5a7d-42af-ac8a-eb89677bb4d2,2026-08-03T04:00:00Z,2026-08-03T06:00:00+0200,283.725,MW,BE,BE,forecast_offshore_wind_generation,Wind Offshore,2026-08-17T19:52:07Z
2026-08-17T19:51:40Z,2026-08-17T21:51:40+0200,fdae99e2-5a7d-42af-ac8a-eb89677bb4d2,2026-08-03T05:00:00Z,2026-08-03T07:00:00+0200,193.325,MW,BE,BE,forecast_offshore_wind_generation,Wind Offshore,2026-08-17T19:52:07Z
2026-08-17T19:51:40Z,2026-08-17T21:51:40+0200,fdae99e2-5a7d-42af-ac8a-eb89677bb4d2,2026-08-03T06:00:00Z,2026-08-03T08:00:00+0200,122.3,MW,BE,BE,forecast_offshore_wind_generation,Wind Offshore,2026-08-17T19:52:07Z
2026-08-17T19:51:40Z,2026-08-17T21:51:40+0200,fdae99e2-5a7d-42af-ac8a-eb89677bb4d2,2026-08-03T07:00:00Z,2026-08-03T09:00:00+0200,73.975,MW,BE,BE,forecast_offshore_wind_generation,Wind Offshore,2026-08-17T19:52:07Z
2026-08-17T19:51:40Z,2026-08-17T21:51:40+0200,fdae99e2-5a7d-42af-ac8a-eb89677bb4d2,2026-08-03T08:00:00Z,2026-08-03T10:00:00+0200,43.875,MW,BE,BE,forecast_offshore_wind_generation,Wind Offshore,2026-08-17T19:52:07Z
2026-08-17T19:51:40Z,2026-08-17T21:51:40+0200,fdae99e2-5a7d-42af-ac8a-eb89677bb4d2,2026-08-03T09:00:00Z,2026-08-03T11:00:00+0200,26.55,MW,BE,BE,forecast_offshore_wind_generation,Wind Offshore,2026-08-17T19:52:07Z
2026-08-17T19:51:40Z,2026-08-17T21:51:40+0200,fdae99e2-5a7d-42af-ac8a-eb89677bb4d2,2026-08-03T10:00:00Z,2026-08-03T12:00:00+0200,20.55,MW,BE,BE,forecast_offshore_wind_generation,Wind Offshore,2026-08-17T19:52:07Z
2026-08-17T19:51:40Z,2026-08-17T21:51:40+0200,fdae99e2-5a7d-42af-ac8a-eb89677bb4d2,2026-08-03T11:00:00Z,2026-08-03T13:00:00+0200,20.625,MW,BE,BE,forecast_offshore_wind_generation,Wind Offshore,2026-08-17T19:52:07Z
2026-08-17T19:51:40Z,2026-08-17T21:51:40+0200,fdae99e2-5a7d-42af-ac8a-eb89677bb4d2,2026-08-03T12:00:00Z,2026-08-03T14:00:00+0200,23.775,MW,BE,BE,forecast_offshore_wind_generation,Wind Offshore,2026-08-17T19:52:07Z
2026-08-17T19:51:40Z,2026-08-17T21:51:40+0200,fdae99e2-5a7d-42af-ac8a-eb89677bb4d2,2026-08-03T13:00:00Z,2026-08-03T15:00:00+0200,31.75,MW,BE,BE,forecast_offshore_wind_generation,Wind Offshore,2026-08-17T19:52:07Z
2026-08-17T19:51:40Z,2026-08-17T21:51:40+0200,fdae99e2-5a7d-42af-ac8a-eb89677bb4d2,2026-08-03T14:00:00Z,2026-08-03T16:00:00+0200,41.1,MW,BE,BE,forecast_offshore_wind_generation,Wind Offshore,2026-08-17T19:52:07Z
2026-08-17T19:51:40Z,2026-08-17T21:51:40+0200,fdae99e2-5a7d-42af-ac8a-eb89677bb4d2,2026-08-03T15:00:00Z,2026-08-03T17:00:00+0200,53.975,MW,BE,BE,forecast_offshore_wind_generation,Wind Offshore,2026-08-17T19:52:07Z
2026-08-17T19:51:40Z,2026-08-17T21:51:40+0200,fdae99e2-5a7d-42af-ac8a-eb89677bb4d2,2026-08-03T16:00:00Z,2026-08-03T18:00:00+0200,68.4,MW,BE,BE,forecast_offshore_wind_generation,Wind Offshore,2026-08-17T19:52:07Z
2026-08-17T19:51:40Z,2026-08-17T21:51:40+0200,fdae99e2-5a7d-42af-ac8a-eb89677bb4d2,2026-08-03T17:00:00Z,2026-08-03T19:00:00+0200,88.3,MW,BE,BE,forecast_offshore_wind_generation,Wind Offshore,2026-08-17T19:52:07Z
2026-08-17T19:51:40Z,2026-08-17T21:51:40+0200,fdae99e2-5a7d-42af-ac8a-eb89677bb4d2,2026-08-03T18:00:00Z,2026-08-03T20:00:00+0200,123.85,MW,BE,BE,forecast_offshore_wind_generation,Wind Offshore,2026-08-17T19:52:07Z
2026-08-17T19:51:40Z,2026-08-17T21:51:40+0200,fdae99e2-5a7d-42af-ac8a-eb89677bb4d2,2026-08-03T19:00:00Z,2026-08-03T21:00:00+0200,161.875,MW,BE,BE,forecast_offshore_wind_generation,Wind Offshore,2026-08-17T19:52:07Z
2026-08-17T19:51:40Z,2026-08-17T21:51:40+0200,fdae99e2-5a7d-42af-ac8a-eb89677bb4d2,2026-08-03T20:00:00Z,2026-08-03T22:00:00+0200,192.475,MW,BE,BE,forecast_offshore_wind_generation,Wind Offshore,2026-08-17T19:52:07Z
2026-08-17T19:51:40Z,2026-08-17T21:51:40+0200,fdae99e2-5a7d-42af-ac8a-eb89677bb4d2,2026-08-03T21:00:00Z,2026-08-03T23:00:00+0200,203.125,MW,BE,BE,forecast_offshore_wind_generation,Wind Offshore,2026-08-17T19:52:07Z
2026-08-17T19:51:40Z,2026-08-17T21:51:40+0200,fdae99e2-5a7d-42af-ac8a-eb89677bb4d2,2026-08-03T22:00:00Z,2026-08-04T00:00:00+0200,106.1,MW,BE,BE,forecast_offshore_wind_generation,Wind Offshore,2026-08-17T19:52:07Z
2026-08-17T19:51:40Z,2026-08-17T21:51:40+0200,fdae99e2-5a7d-42af-ac8a-eb89677bb4d2,2026-08-03T23:00:00Z,2026-08-04T01:00:00+0200,115.325,MW,BE,BE,forecast_offshore_wind_generation,Wind Offshore,2026-08-17T19:52:07Z
2026-08-17T19:51:40Z,2026-08-17T21:51:40+0200,fdae99e2-5a7d-42af-ac8a-eb89677bb4d2,2026-08-04T00:00:00Z,2026-08-04T02:00:00+0200,126.5,MW,BE,BE,forecast_offshore_wind_generation,Wind Offshore,2026-08-17T19:52:07Z
2026-08-17T19:51:40Z,2026-08-17T21:51:40+0200,fdae99e2-5a7d-42af-ac8a-eb89677bb4d2,2026-08-04T01:00:00Z,2026-08-04T03:00:00+0200,134.675,MW,BE,BE,forecast_offshore_wind_generation,Wind Offshore,2026-08-17T19:52:07Z
2026-08-17T19:51:40Z,2026-08-17T21:51:40+0200,fdae99e2-5a7d-42af-ac8a-eb89677bb4d2,2026-08-04T02:00:00Z,2026-08-04T04:00:00+0200,138.975,MW,BE,BE,forecast_offshore_wind_generation,Wind Offshore,2026-08-17T19:52:07Z
2026-08-17T19:51:40Z,2026-08-17T21:51:40+0200,fdae99e2-5a7d-42af-ac8a-eb89677bb4d2,2026-08-04T03:00:00Z,2026-08-04T05:00:00+0200,151.35,MW,BE,BE,forecast_offshore_wind_generation,Wind Offshore,2026-08-17T19:52:07Z
2026-08-17T19:51:40Z,2026-08-17T21:51:40+0200,fdae99e2-5a7d-42af-ac8a-eb89677bb4d2,2026-08-04T04:00:00Z,2026-08-04T06:00:00+0200,181.325,MW,BE,BE,forecast_offshore_wind_generation,Wind Offshore,2026-08-17T19:52:07Z
2026-08-17T19:51:40Z,2026-08-17T21:51:40+0200,fdae99e2-5a7d-42af-ac8a-eb89677bb4d2,2026-08-04T05:00:00Z,2026-08-04T07:00:00+0200,228.9,MW,BE,BE,forecast_offshore_wind_generation,Wind Offshore,2026-08-17T19:52:07Z
2026-08-17T19:51:40Z,2026-08-17T21:51:40+0200,fdae99e2-5a7d-42af-ac8a-eb89677bb4d2,2026-08-04T06:00:00Z,2026-08-04T08:00:00+0200,260.825,MW,BE,BE,forecast_offshore_wind_generation,Wind Offshore,2026-08-17T19:52:07Z
2026-08-17T19:51:40Z,2026-08-17T21:51:40+0200,fdae99e2-5a7d-42af-ac8a-eb89677bb4d2,2026-08-04T07:00:00Z,2026-08-04T09:00:00+0200,252.35,MW,BE,BE,forecast_offshore_wind_generation,Wind Offshore,2026-08-17T19:52:07Z
2026-08-17T19:51:40Z,2026-08-17T21:51:40+0200,fdae99e2-5a7d-42af-ac8a-eb89677bb4d2,2026-08-04T08:00:00Z,2026-08-04T10:00:00+0200,266.025,MW,BE,BE,forecast_offshore_wind_generation,Wind Offshore,2026-08-17T19:52:07Z
2026-08-17T19:51:40Z,2026-08-17T21:51:40+0200,fdae99e2-5a7d-42af-ac8a-eb89677bb4d2,2026-08-04T09:00:00Z,2026-08-04T11:00:00+0200,307.325,MW,BE,BE,forecast_offshore_wind_generation,Wind Offshore,2026-08-17T19:52:07Z
2026-08-17T19:51:40Z,2026-08-17T21:51:40+0200,fdae99e2-5a7d-42af-ac8a-eb89677bb4d2,2026-08-04T10:00:00Z,2026-08-04T12:00:00+0200,361.1,MW,BE,BE,forecast_offshore_wind_generation,Wind Offshore,2026-08-17T19:52:07Z
2026-08-17T19:51:40Z,2026-08-17T21:51:40+0200,fdae99e2-5a7d-42af-ac8a-eb89677bb4d2,2026-08-04T11:00:00Z,2026-08-04T13:00:00+0200,424.7,MW,BE,BE,forecast_offshore_wind_generation,Wind Offshore,2026-08-17T19:52:07Z
2026-08-17T19:51:40Z,2026-08-17T21:51:40+0200,fdae99e2-5a7d-42af-ac8a-eb89677bb4d2,2026-08-04T12:00:00Z,2026-08-04T14:00:00+0200,540.75,MW,BE,BE,forecast_offshore_wind_generation,Wind Offshore,2026-08-17T19:52:07Z
2026-08-17T19:51:40Z,2026-08-17T21:51:40+0200,fdae99e2-5a7d-42af-ac8a-eb89677bb4d2,2026-08-04T13:00:00Z,2026-08-04T15:00:00+0200,759.575,MW,BE,BE,forecast_offshore_wind_generation,Wind Offshore,2026-08-17T19:52:07Z
2026-08-17T19:51:40Z,2026-08-17T21:51:40+0200,fdae99e2-5a7d-42af-ac8a-eb89677bb4d2,2026-08-04T14:00:00Z,2026-08-04T16:00:00+0200,1077.375,MW,BE,BE,forecast_offshore_wind_generation,Wind Offshore,2026-08-17T19:52:07Z
2026-08-17T19:51:40Z,2026-08-17T21:51:40+0200,fdae99e2-5a7d-42af-ac8a-eb89677bb4d2,2026-08-04T15:00:00Z,2026-08-04T17:00:00+0200,1374.2,MW,BE,BE,forecast_offshore_wind_generation,Wind Offshore,2026-08-17T19:52:07Z
2026-08-17T19:51:40Z,2026-08-17T21:51:40+0200,fdae99e2-5a7d-42af-ac8a-eb89677bb4d2,2026-08-04T16:00:00Z,2026-08-04T18:00:00+0200,1543.825,MW,BE,BE,forecast_offshore_wind_generation,Wind Offshore,2026-08-17T19:52:07Z
2026-08-17T19:51:40Z,2026-08-17T21:51:40+0200,fdae99e2-5a7d-42af-ac8a-eb89677bb4d2,2026-08-04T17:00:00Z,2026-08-04T19:00:00+0200,1592.275,MW,BE,BE,forecast_offshore_wind_generation,Wind Offshore,2026-08-17T19:52:07Z
2026-08-17T19:51:40Z,2026-08-17T21:51:40+0200,fdae99e2-5a7d-42af-ac8a-eb89677bb4d2,2026-08-04T18:00:00Z,2026-08-04T20:00:00+0200,1572.675,MW,BE,BE,forecast_offshore_wind_generation,Wind Offshore,2026-08-17T19:52:07Z
2026-08-17T19:51:40Z,2026-08-17T21:51:40+0200,fdae99e2-5a7d-42af-ac8a-eb89677bb4d2,2026-08-04T19:00:00Z,2026-08-04T21:00:00+0200,1562.675,MW,BE,BE,forecast_offshore_wind_generation,Wind Offshore,2026-08-17T19:52:07Z
2026-08-17T19:51:40Z,2026-08-17T21:51:40+0200,fdae99e2-5a7d-42af-ac8a-eb89677bb4d2,2026-08-04T20:00:00Z,2026-08-04T22:00:00+0200,1581.475,MW,BE,BE,forecast_offshore_wind_generation,Wind Offshore,2026-08-17T19:52:07Z
2026-08-17T19:51:40Z,2026-08-17T21:51:40+0200,fdae99e2-5a7d-42af-ac8a-eb89677bb4d2,2026-08-04T21:00:00Z,2026-08-04T23:00:00+0200,1586.025,MW,BE,BE,forecast_offshore_wind_generation,Wind Offshore,2026-08-17T19:52:07Z
2026-08-17T19:51:40Z,2026-08-17T21:51:40+0200,fdae99e2-5a7d-42af-ac8a-eb89677bb4d2,2026-08-04T22:00:00Z,2026-08-05T00:00:00+0200,1456.4,MW,BE,BE,forecast_offshore_wind_generation,Wind Offshore,2026-08-17T19:52:07Z
2026-08-17T19:51:40Z,2026-08-17T21:51:40+0200,fdae99e2-5a7d-42af-ac8a-eb89677bb4d2,2026-08-04T23:00:00Z,2026-08-05T01:00:00+0200,1469.5,MW,BE,BE,forecast_offshore_wind_generation,Wind Offshore,2026-08-17T19:52:07Z
2026-08-17T19:51:40Z,2026-08-17T21:51:40+0200,fdae99e2-5a7d-42af-ac8a-eb89677bb4d2,2026-08-05T00:00:00Z,2026-08-05T02:00:00+0200,1497.325,MW,BE,BE,forecast_offshore_wind_generation,Wind Offshore,2026-08-17T19:52:07Z
2026-08-17T19:51:40Z,2026-08-17T21:51:40+0200,fdae99e2-5a7d-42af-ac8a-eb89677bb4d2,2026-08-05T01:00:00Z,2026-08-05T03:00:00+0200,1544.025,MW,BE,BE,forecast_offshore_wind_generation,Wind Offshore,2026-08-17T19:52:07Z
2026-08-17T19:51:40Z,2026-08-17T21:51:40+0200,fdae99e2-5a7d-42af-ac8a-eb89677bb4d2,2026-08-05T02:00:00Z,2026-08-05T04:00:00+0200,1611.35,MW,BE,BE,forecast_offshore_wind_generation,Wind Offshore,2026-08-17T19:52:07Z
2026-08-17T19:51:40Z,2026-08-17T21:51:40+0200,fdae99e2-5a7d-42af-ac8a-eb89677bb4d2,2026-08-05T03:00:00Z,2026-08-05T05:00:00+0200,1670.575,MW,BE,BE,forecast_offshore_wind_generation,Wind Offshore,2026-08-17T19:52:07Z
2026-08-17T19:51:40Z,2026-08-17T21:51:40+0200,fdae99e2-5a7d-42af-ac8a-eb89677bb4d2,2026-08-05T04:00:00Z,2026-08-05T06:00:00+0200,1723.425,MW,BE,BE,forecast_offshore_wind_generation,Wind Offshore,2026-08-17T19:52:07Z
2026-08-17T19:51:40Z,2026-08-17T21:51:40+0200,fdae99e2-5a7d-42af-ac8a-eb89677bb4d2,2026-08-05T05:00:00Z,2026-08-05T07:00:00+0200,1755.225,MW,BE,BE,forecast_offshore_wind_generation,Wind Offshore,2026-08-17T19:52:07Z
2026-08-17T19:51:40Z,2026-08-17T21:51:40+0200,fdae99e2-5a7d-42af-ac8a-eb89677bb4d2,2026-08-05T06:00:00Z,2026-08-05T08:00:00+0200,1761.4,MW,BE,BE,forecast_offshore_wind_generation,Wind Offshore,2026-08-17T19:52:07Z
2026-08-17T19:51:40Z,2026-08-17T21:51:40+0200,fdae99e2-5a7d-42af-ac8a-eb89677bb4d2,2026-08-05T07:00:00Z,2026-08-05T09:00:00+0200,1770.95,MW,BE,BE,forecast_offshore_wind_generation,Wind Offshore,2026-08-17T19:52:07Z
2026-08-17T19:51:40Z,2026-08-17T21:51:40+0200,fdae99e2-5a7d-42af-ac8a-eb89677bb4d2,2026-08-05T08:00:00Z,2026-08-05T10:00:00+0200,1783.025,MW,BE,BE,forecast_offshore_wind_generation,Wind Offshore,2026-08-17T19:52:07Z
2026-08-17T19:51:40Z,2026-08-17T21:51:40+0200,fdae99e2-5a7d-42af-ac8a-eb89677bb4d2,2026-08-05T09:00:00Z,2026-08-05T11:00:00+0200,1783.675,MW,BE,BE,forecast_offshore_wind_generation,Wind Offshore,2026-08-17T19:52:07Z
2026-08-17T19:51:40Z,2026-08-17T21:51:40+0200,fdae99e2-5a7d-42af-ac8a-eb89677bb4d2,2026-08-05T10:00:00Z,2026-08-05T12:00:00+0200,1782.5,MW,BE,BE,forecast_offshore_wind_generation,Wind Offshore,2026-08-17T19:52:07Z
2026-08-17T19:51:40Z,2026-08-17T21:51:40+0200,fdae99e2-5a7d-42af-ac8a-eb89677bb4d2,2026-08-05T11:00:00Z,2026-08-05T13:00:00+0200,1789.525,MW,BE,BE,forecast_offshore_wind_generation,Wind Offshore,2026-08-17T19:52:07Z
2026-08-17T19:51:40Z,2026-08-17T21:51:40+0200,fdae99e2-5a7d-42af-ac8a-eb89677bb4d2,2026-08-05T12:00:00Z,2026-08-05T14:00:00+0200,1808.35,MW,BE,BE,forecast_offshore_wind_generation,Wind Offshore,2026-08-17T19:52:07Z
2026-08-17T19:51:40Z,2026-08-17T21:51:40+0200,fdae99e2-5a7d-42af-ac8a-eb89677bb4d2,2026-08-05T13:00:00Z,2026-08-05T15:00:00+0200,1844.025,MW,BE,BE,forecast_offshore_wind_generation,Wind Offshore,2026-08-17T19:52:07Z
2026-08-17T19:51:40Z,2026-08-17T21:51:40+0200,fdae99e2-5a7d-42af-ac8a-eb89677bb4d2,2026-08-05T14:00:00Z,2026-08-05T16:00:00+0200,1896.375,MW,BE,BE,forecast_offshore_wind_generation,Wind Offshore,2026-08-17T19:52:07Z
2026-08-17T19:51:40Z,2026-08-17T21:51:40+0200,fdae99e2-5a7d-42af-ac8a-eb89677bb4d2,2026-08-05T15:00:00Z,2026-08-05T17:00:00+0200,1967.25,MW,BE,BE,forecast_offshore_wind_generation,Wind Offshore,2026-08-17T19:52:07Z
2026-08-17T19:51:40Z,2026-08-17T21:51:40+0200,fdae99e2-5a7d-42af-ac8a-eb89677bb4d2,2026-08-05T16:00:00Z,2026-08-05T18:00:00+0200,2041.075,MW,BE,BE,forecast_offshore_wind_generation,Wind Offshore,2026-08-17T19:52:07Z
2026-08-17T19:51:40Z,2026-08-17T21:51:40+0200,fdae99e2-5a7d-42af-ac8a-eb89677bb4d2,2026-08-05T17:00:00Z,2026-08-05T19:00:00+0200,2084.725,MW,BE,BE,forecast_offshore_wind_generation,Wind Offshore,2026-08-17T19:52:07Z
2026-08-17T19:51:40Z,2026-08-17T21:51:40+0200,fdae99e2-5a7d-42af-ac8a-eb89677bb4d2,2026-08-05T18:00:00Z,2026-08-05T20:00:00+0200,2075.875,MW,BE,BE,forecast_offshore_wind_generation,Wind Offshore,2026-08-17T19:52:07Z
2026-08-17T19:51:40Z,2026-08-17T21:51:40+0200,fdae99e2-5a7d-42af-ac8a-eb89677bb4d2,2026-08-05T19:00:00Z,2026-08-05T21:00:00+0200,1994.2,MW,BE,BE,forecast_offshore_wind_generation,Wind Offshore,2026-08-17T19:52:07Z
2026-08-17T19:51:40Z,2026-08-17T21:51:40+0200,fdae99e2-5a7d-42af-ac8a-eb89677bb4d2,2026-08-05T20:00:00Z,2026-08-05T22:00:00+0200,1841.0,MW,BE,BE,forecast_offshore_wind_generation,Wind Offshore,2026-08-17T19:52:07Z
2026-08-17T19:51:40Z,2026-08-17T21:51:40+0200,fdae99e2-5a7d-42af-ac8a-eb89677bb4d2,2026-08-05T21:00:00Z,2026-08-05T23:00:00+0200,1663.275,MW,BE,BE,forecast_offshore_wind_generation,Wind Offshore,2026-08-17T19:52:07Z
2026-08-17T19:51:40Z,2026-08-17T21:51:40+0200,fdae99e2-5a7d-42af-ac8a-eb89677bb4d2,2026-08-05T22:00:00Z,2026-08-06T00:00:00+0200,1411.25,MW,BE,BE,forecast_offshore_wind_generation,Wind Offshore,2026-08-17T19:52:07Z
2026-08-17T19:51:40Z,2026-08-17T21:51:40+0200,fdae99e2-5a7d-42af-ac8a-eb89677bb4d2,2026-08-05T23:00:00Z,2026-08-06T01:00:00+0200,1211.6,MW,BE,BE,forecast_offshore_wind_generation,Wind Offshore,2026-08-17T19:52:07Z
2026-08-17T19:51:40Z,2026-08-17T21:51:40+0200,fdae99e2-5a7d-42af-ac8a-eb89677bb4d2,2026-08-06T00:00:00Z,2026-08-06T02:00:00+0200,999.3,MW,BE,BE,forecast_offshore_wind_generation,Wind Offshore,2026-08-17T19:52:07Z
2026-08-17T19:51:40Z,2026-08-17T21:51:40+0200,fdae99e2-5a7d-42af-ac8a-eb89677bb4d2,2026-08-06T01:00:00Z,2026-08-06T03:00:00+0200,818.725,MW,BE,BE,forecast_offshore_wind_generation,Wind Offshore,2026-08-17T19:52:07Z
2026-08-17T19:51:40Z,2026-08-17T21:51:40+0200,fdae99e2-5a7d-42af-ac8a-eb89677bb4d2,2026-08-06T02:00:00Z,2026-08-06T04:00:00+0200,701.075,MW,BE,BE,forecast_offshore_wind_generation,Wind Offshore,2026-08-17T19:52:07Z
2026-08-17T19:51:40Z,2026-08-17T21:51:40+0200,fdae99e2-5a7d-42af-ac8a-eb89677bb4d2,2026-08-06T03:00:00Z,2026-08-06T05:00:00+0200,642.1,MW,BE,BE,forecast_offshore_wind_generation,Wind Offshore,2026-08-17T19:52:07Z
2026-08-17T19:51:40Z,2026-08-17T21:51:40+0200,fdae99e2-5a7d-42af-ac8a-eb89677bb4d2,2026-08-06T04:00:00Z,2026-08-06T06:00:00+0200,609.15,MW,BE,BE,forecast_offshore_wind_generation,Wind Offshore,2026-08-17T19:52:07Z
2026-08-17T19:51:40Z,2026-08-17T21:51:40+0200,fdae99e2-5a7d-42af-ac8a-eb89677bb4d2,2026-08-06T05:00:00Z,2026-08-06T07:00:00+0200,574.775,MW,BE,BE,forecast_offshore_wind_generation,Wind Offshore,2026-08-17T19:52:07Z
2026-08-17T19:51:40Z,2026-08-17T21:51:40+0200,fdae99e2-5a7d-42af-ac8a-eb89677bb4d2,2026-08-06T06:00:00Z,2026-08-06T08:00:00+0200,541.1,MW,BE,BE,forecast_offshore_wind_generation,Wind Offshore,2026-08-17T19:52:07Z
2026-08-17T19:51:40Z,2026-08-17T21:51:40+0200,fdae99e2-5a7d-42af-ac8a-eb89677bb4d2,2026-08-06T07:00:00Z,2026-08-06T09:00:00+0200,497.975,MW,BE,BE,forecast_offshore_wind_generation,Wind Offshore,2026-08-17T19:52:07Z
2026-08-17T19:51:40Z,2026-08-17T21:51:40+0200,fdae99e2-5a7d-42af-ac8a-eb89677bb4d2,2026-08-06T08:00:00Z,2026-08-06T10:00:00+0200,446.1,MW,BE,BE,forecast_offshore_wind_generation,Wind Offshore,2026-08-17T19:52:07Z
2026-08-17T19:51:40Z,2026-08-17T21:51:40+0200,fdae99e2-5a7d-42af-ac8a-eb89677bb4d2,2026-08-06T09:00:00Z,2026-08-06T11:00:00+0200,412.55,MW,BE,BE,forecast_offshore_wind_generation,Wind Offshore,2026-08-17T19:52:07Z
2026-08-17T19:51:40Z,2026-08-17T21:51:40+0200,fdae99e2-5a7d-42af-ac8a-eb89677bb4d2,2026-08-06T10:00:00Z,2026-08-06T12:00:00+0200,396.725,MW,BE,BE,forecast_offshore_wind_generation,Wind Offshore,2026-08-17T19:52:07Z
2026-08-17T19:51:40Z,2026-08-17T21:51:40+0200,fdae99e2-5a7d-42af-ac8a-eb89677bb4d2,2026-08-06T11:00:00Z,2026-08-06T13:00:00+0200,377.475,MW,BE,BE,forecast_offshore_wind_generation,Wind Offshore,2026-08-17T19:52:07Z
2026-08-17T19:51:40Z,2026-08-17T21:51:40+0200,fdae99e2-5a7d-42af-ac8a-eb89677bb4d2,2026-08-06T12:00:00Z,2026-08-06T14:00:00+0200,334.475,MW,BE,BE,forecast_offshore_wind_generation,Wind Offshore,2026-08-17T19:52:07Z
2026-08-17T19:51:40Z,2026-08-17T21:51:40+0200,fdae99e2-5a7d-42af-ac8a-eb89677bb4d2,2026-08-06T13:00:00Z,2026-08-06T15:00:00+0200,271.5,MW,BE,BE,forecast_offshore_wind_generation,Wind Offshore,2026-08-17T19:52:07Z
2026-08-17T19:51:40Z,2026-08-17T21:51:40+0200,fdae99e2-5a7d-42af-ac8a-eb89677bb4d2,2026-08-06T14:00:00Z,2026-08-06T16:00:00+0200,213.575,MW,BE,BE,forecast_offshore_wind_generation,Wind Offshore,2026-08-17T19:52:07Z
2026-08-17T19:51:40Z,2026-08-17T21:51:40+0200,fdae99e2-5a7d-42af-ac8a-eb89677bb4d2,2026-08-06T15:00:00Z,2026-08-06T17:00:00+0200,162.35,MW,BE,BE,forecast_offshore_wind_generation,Wind Offshore,2026-08-17T19:52:07Z
2026-08-17T19:51:40Z,2026-08-17T21:51:40+0200,fdae99e2-5a7d-42af-ac8a-eb89677bb4d2,2026-08-06T16:00:00Z,2026-08-06T18:00:00+0200,119.7,MW,BE,BE,forecast_offshore_wind_generation,Wind Offshore,2026-08-17T19:52:07Z
2026-08-17T19:51:40Z,2026-08-17T21:51:40+0200,fdae99e2-5a7d-42af-ac8a-eb89677bb4d2,2026-08-06T17:00:00Z,2026-08-06T19:00:00+0200,83.375,MW,BE,BE,forecast_offshore_wind_generation,Wind Offshore,2026-08-17T19:52:07Z
2026-08-17T19:51:40Z,2026-08-17T21:51:40+0200,fdae99e2-5a7d-42af-ac8a-eb89677bb4d2,2026-08-06T18:00:00Z,2026-08-06T20:00:00+0200,54.45,MW,BE,BE,forecast_offshore_wind_generation,Wind Offshore,2026-08-17T19:52:07Z
2026-08-17T19:51:40Z,2026-08-17T21:51:40+0200,fdae99e2-5a7d-42af-ac8a-eb89677bb4d2,2026-08-06T19:00:00Z,2026-08-06T21:00:00+0200,37.05,MW,BE,BE,forecast_offshore_wind_generation,Wind Offshore,2026-08-17T19:52:07Z
2026-08-17T19:51:40Z,2026-08-17T21:51:40+0200,fdae99e2-5a7d-42af-ac8a-eb89677bb4d2,2026-08-06T20:00:00Z,2026-08-06T22:00:00+0200,27.25,MW,BE,BE,forecast_offshore_wind_generation,Wind Offshore,2026-08-17T19:52:07Z
2026-08-17T19:51:40Z,2026-08-17T21:51:40+0200,fdae99e2-5a7d-42af-ac8a-eb89677bb4d2,2026-08-06T21:00:00Z,2026-08-06T23:00:00+0200,21.775,MW,BE,BE,forecast_offshore_wind_generation,Wind Offshore,2026-08-17T19:52:07Z
2026-08-17T19:51:40Z,2026-08-17T21:51:40+0200,fdae99e2-5a7d-42af-ac8a-eb89677bb4d2,2026-08-06T22:00:00Z,2026-08-07T00:00:00+0200,39.65,MW,BE,BE,forecast_offshore_wind_generation,Wind Offshore,2026-08-17T19:52:07Z
2026-08-17T19:51:40Z,2026-08-17T21:51:40+0200,fdae99e2-5a7d-42af-ac8a-eb89677bb4d2,2026-08-06T23:00:00Z,2026-08-07T01:00:00+0200,31.35,MW,BE,BE,forecast_offshore_wind_generation,Wind Offshore,2026-08-17T19:52:07Z
2026-08-17T19:51:40Z,2026-08-17T21:51:40+0200,fdae99e2-5a7d-42af-ac8a-eb89677bb4d2,2026-08-07T00:00:00Z,2026-08-07T02:00:00+0200,27.375,MW,BE,BE,forecast_offshore_wind_generation,Wind Offshore,2026-08-17T19:52:07Z
2026-08-17T19:51:40Z,2026-08-17T21:51:40+0200,fdae99e2-5a7d-42af-ac8a-eb89677bb4d2,2026-08-07T01:00:00Z,2026-08-07T03:00:00+0200,24.75,MW,BE,BE,forecast_offshore_wind_generation,Wind Offshore,2026-08-17T19:52:07Z
2026-08-17T19:51:40Z,2026-08-17T21:51:40+0200,fdae99e2-5a7d-42af-ac8a-eb89677bb4d2,2026-08-07T02:00:00Z,2026-08-07T04:00:00+0200,22.325,MW,BE,BE,forecast_offshore_wind_generation,Wind Offshore,2026-08-17T19:52:07Z
2026-08-17T19:51:40Z,2026-08-17T21:51:40+0200,fdae99e2-5a7d-42af-ac8a-eb89677bb4d2,2026-08-07T03:00:00Z,2026-08-07T05:00:00+0200,22.375,MW,BE,BE,forecast_offshore_wind_generation,Wind Offshore,2026-08-17T19:52:07Z
2026-08-17T19:51:40Z,2026-08-17T21:51:40+0200,fdae99e2-5a7d-42af-ac8a-eb89677bb4d2,2026-08-07T04:00:00Z,2026-08-07T06:00:00+0200,24.2,MW,BE,BE,forecast_offshore_wind_generation,Wind Offshore,2026-08-17T19:52:07Z
2026-08-17T19:51:40Z,2026-08-17T21:51:40+0200,fdae99e2-5a7d-42af-ac8a-eb89677bb4d2,2026-08-07T05:00:00Z,2026-08-07T07:00:00+0200,25.85,MW,BE,BE,forecast_offshore_wind_generation,Wind Offshore,2026-08-17T19:52:07Z
2026-08-17T19:51:40Z,2026-08-17T21:51:40+0200,fdae99e2-5a7d-42af-ac8a-eb89677bb4d2,2026-08-07T06:00:00Z,2026-08-07T08:00:00+0200,26.525,MW,BE,BE,forecast_offshore_wind_generation,Wind Offshore,2026-08-17T19:52:07Z
2026-08-17T19:51:40Z,2026-08-17T21:51:40+0200,fdae99e2-5a7d-42af-ac8a-eb89677bb4d2,2026-08-07T07:00:00Z,2026-08-07T09:00:00+0200,25.775,MW,BE,BE,forecast_offshore_wind_generation,Wind Offshore,2026-08-17T19:52:07Z
2026-08-17T19:51:40Z,2026-08-17T21:51:40+0200,fdae99e2-5a7d-42af-ac8a-eb89677bb4d2,2026-08-07T08:00:00Z,2026-08-07T10:00:00+0200,25.75,MW,BE,BE,forecast_offshore_wind_generation,Wind Offshore,2026-08-17T19:52:07Z
2026-08-17T19:51:40Z,2026-08-17T21:51:40+0200,fdae99e2-5a7d-42af-ac8a-eb89677bb4d2,2026-08-07T09:00:00Z,2026-08-07T11:00:00+0200,25.8,MW,BE,BE,forecast_offshore_wind_generation,Wind Offshore,2026-08-17T19:52:07Z
2026-08-17T19:51:40Z,2026-08-17T21:51:40+0200,fdae99e2-5a7d-42af-ac8a-eb89677bb4d2,2026-08-07T10:00:00Z,2026-08-07T12:00:00+0200,24.5,MW,BE,BE,forecast_offshore_wind_generation,Wind Offshore,2026-08-17T19:52:07Z
2026-08-17T19:51:40Z,2026-08-17T21:51:40+0200,fdae99e2-5a7d-42af-ac8a-eb89677bb4d2,2026-08-07T11:00:00Z,2026-08-07T13:00:00+0200,21.75,MW,BE,BE,forecast_offshore_wind_generation,Wind Offshore,2026-08-17T19:52:07Z
2026-08-17T19:51:40Z,2026-08-17T21:51:40+0200,fdae99e2-5a7d-42af-ac8a-eb89677bb4d2,2026-08-07T12:00:00Z,2026-08-07T14:00:00+0200,19.575,MW,BE,BE,forecast_offshore_wind_generation,Wind Offshore,2026-08-17T19:52:07Z
2026-08-17T19:51:40Z,2026-08-17T21:51:40+0200,fdae99e2-5a7d-42af-ac8a-eb89677bb4d2,2026-08-07T13:00:00Z,2026-08-07T15:00:00+0200,19.775,MW,BE,BE,forecast_offshore_wind_generation,Wind Offshore,2026-08-17T19:52:07Z
2026-08-17T19:51:40Z,2026-08-17T21:51:40+0200,fdae99e2-5a7d-42af-ac8a-eb89677bb4d2,2026-08-07T14:00:00Z,2026-08-07T16:00:00+0200,21.45,MW,BE,BE,forecast_offshore_wind_generation,Wind Offshore,2026-08-17T19:52:07Z
2026-08-17T19:51:40Z,2026-08-17T21:51:40+0200,fdae99e2-5a7d-42af-ac8a-eb89677bb4d2,2026-08-07T15:00:00Z,2026-08-07T17:00:00+0200,24.325,MW,BE,BE,forecast_offshore_wind_generation,Wind Offshore,2026-08-17T19:52:07Z
2026-08-17T19:51:40Z,2026-08-17T21:51:40+0200,fdae99e2-5a7d-42af-ac8a-eb89677bb4d2,2026-08-07T16:00:00Z,2026-08-07T18:00:00+0200,27.525,MW,BE,BE,forecast_offshore_wind_generation,Wind Offshore,2026-08-17T19:52:07Z
2026-08-17T19:51:40Z,2026-08-17T21:51:40+0200,fdae99e2-5a7d-42af-ac8a-eb89677bb4d2,2026-08-07T17:00:00Z,2026-08-07T19:00:00+0200,30.1,MW,BE,BE,forecast_offshore_wind_generation,Wind Offshore,2026-08-17T19:52:07Z
2026-08-17T19:51:40Z,2026-08-17T21:51:40+0200,fdae99e2-5a7d-42af-ac8a-eb89677bb4d2,2026-08-07T18:00:00Z,2026-08-07T20:00:00+0200,32.25,MW,BE,BE,forecast_offshore_wind_generation,Wind Offshore,2026-08-17T19:52:07Z
2026-08-17T19:51:40Z,2026-08-17T21:51:40+0200,fdae99e2-5a7d-42af-ac8a-eb89677bb4d2,2026-08-07T19:00:00Z,2026-08-07T21:00:00+0200,33.45,MW,BE,BE,forecast_offshore_wind_generation,Wind Offshore,2026-08-17T19:52:07Z
2026-08-17T19:51:40Z,2026-08-17T21:51:40+0200,fdae99e2-5a7d-42af-ac8a-eb89677bb4d2,2026-08-07T20:00:00Z,2026-08-07T22:00:00+0200,33.85,MW,BE,BE,forecast_offshore_wind_generation,Wind Offshore,2026-08-17T19:52:07Z
2026-08-17T19:51:40Z,2026-08-17T21:51:40+0200,fdae99e2-5a7d-42af-ac8a-eb89677bb4d2,2026-08-07T21:00:00Z,2026-08-07T23:00:00+0200,35.45,MW,BE,BE,forecast_offshore_wind_generation,Wind Offshore,2026-08-17T19:52:07Z
2026-08-17T19:51:40Z,2026-08-17T21:51:40+0200,fdae99e2-5a7d-42af-ac8a-eb89677bb4d2,2026-08-07T22:00:00Z,2026-08-08T00:00:00+0200,30.825,MW,BE,BE,forecast_offshore_wind_generation,Wind Offshore,2026-08-17T19:52:07Z
2026-08-17T19:51:40Z,2026-08-17T21:51:40+0200,fdae99e2-5a7d-42af-ac8a-eb89677bb4d2,2026-08-07T23:00:00Z,2026-08-08T01:00:00+0200,41.85,MW,BE,BE,forecast_offshore_wind_generation,Wind Offshore,2026-08-17T19:52:07Z
2026-08-17T19:51:40Z,2026-08-17T21:51:40+0200,fdae99e2-5a7d-42af-ac8a-eb89677bb4d2,2026-08-08T00:00:00Z,2026-08-08T02:00:00+0200,57.825,MW,BE,BE,forecast_offshore_wind_generation,Wind Offshore,2026-08-17T19:52:07Z
2026-08-17T19:51:40Z,2026-08-17T21:51:40+0200,fdae99e2-5a7d-42af-ac8a-eb89677bb4d2,2026-08-08T01:00:00Z,2026-08-08T03:00:00+0200,74.175,MW,BE,BE,forecast_offshore_wind_generation,Wind Offshore,2026-08-17T19:52:07Z
2026-08-17T19:51:40Z,2026-08-17T21:51:40+0200,fdae99e2-5a7d-42af-ac8a-eb89677bb4d2,2026-08-08T02:00:00Z,2026-08-08T04:00:00+0200,83.75,MW,BE,BE,forecast_offshore_wind_generation,Wind Offshore,2026-08-17T19:52:07Z
2026-08-17T19:51:40Z,2026-08-17T21:51:40+0200,fdae99e2-5a7d-42af-ac8a-eb89677bb4d2,2026-08-08T03:00:00Z,2026-08-08T05:00:00+0200,85.125,MW,BE,BE,forecast_offshore_wind_generation,Wind Offshore,2026-08-17T19:52:07Z
2026-08-17T19:51:40Z,2026-08-17T21:51:40+0200,fdae99e2-5a7d-42af-ac8a-eb89677bb4d2,2026-08-08T04:00:00Z,2026-08-08T06:00:00+0200,80.95,MW,BE,BE,forecast_offshore_wind_generation,Wind Offshore,2026-08-17T19:52:07Z
2026-08-17T19:51:40Z,2026-08-17T21:51:40+0200,fdae99e2-5a7d-42af-ac8a-eb89677bb4d2,2026-08-08T05:00:00Z,2026-08-08T07:00:00+0200,73.575,MW,BE,BE,forecast_offshore_wind_generation,Wind Offshore,2026-08-17T19:52:07Z
2026-08-17T19:51:40Z,2026-08-17T21:51:40+0200,fdae99e2-5a7d-42af-ac8a-eb89677bb4d2,2026-08-08T06:00:00Z,2026-08-08T08:00:00+0200,63.5,MW,BE,BE,forecast_offshore_wind_generation,Wind Offshore,2026-08-17T19:52:07Z
2026-08-17T19:51:40Z,2026-08-17T21:51:40+0200,fdae99e2-5a7d-42af-ac8a-eb89677bb4d2,2026-08-08T07:00:00Z,2026-08-08T09:00:00+0200,51.25,MW,BE,BE,forecast_offshore_wind_generation,Wind Offshore,2026-08-17T19:52:07Z
2026-08-17T19:51:40Z,2026-08-17T21:51:40+0200,fdae99e2-5a7d-42af-ac8a-eb89677bb4d2,2026-08-08T08:00:00Z,2026-08-08T10:00:00+0200,38.65,MW,BE,BE,forecast_offshore_wind_generation,Wind Offshore,2026-08-17T19:52:07Z
2026-08-17T19:51:40Z,2026-08-17T21:51:40+0200,fdae99e2-5a7d-42af-ac8a-eb89677bb4d2,2026-08-08T09:00:00Z,2026-08-08T11:00:00+0200,27.125,MW,BE,BE,forecast_offshore_wind_generation,Wind Offshore,2026-08-17T19:52:07Z
2026-08-17T19:51:40Z,2026-08-17T21:51:40+0200,fdae99e2-5a7d-42af-ac8a-eb89677bb4d2,2026-08-08T10:00:00Z,2026-08-08T12:00:00+0200,20.55,MW,BE,BE,forecast_offshore_wind_generation,Wind Offshore,2026-08-17T19:52:07Z
2026-08-17T19:51:40Z,2026-08-17T21:51:40+0200,fdae99e2-5a7d-42af-ac8a-eb89677bb4d2,2026-08-08T11:00:00Z,2026-08-08T13:00:00+0200,20.25,MW,BE,BE,forecast_offshore_wind_generation,Wind Offshore,2026-08-17T19:52:07Z
2026-08-17T19:51:40Z,2026-08-17T21:51:40+0200,fdae99e2-5a7d-42af-ac8a-eb89677bb4d2,2026-08-08T12:00:00Z,2026-08-08T14:00:00+0200,27.325,MW,BE,BE,forecast_offshore_wind_generation,Wind Offshore,2026-08-17T19:52:07Z
2026-08-17T19:51:40Z,2026-08-17T21:51:40+0200,fdae99e2-5a7d-42af-ac8a-eb89677bb4d2,2026-08-08T13:00:00Z,2026-08-08T15:00:00+0200,40.3,MW,BE,BE,forecast_offshore_wind_generation,Wind Offshore,2026-08-17T19:52:07Z
2026-08-17T19:51:40Z,2026-08-17T21:51:40+0200,fdae99e2-5a7d-42af-ac8a-eb89677bb4d2,2026-08-08T14:00:00Z,2026-08-08T16:00:00+0200,57.65,MW,BE,BE,forecast_offshore_wind_generation,Wind Offshore,2026-08-17T19:52:07Z
2026-08-17T19:51:40Z,2026-08-17T21:51:40+0200,fdae99e2-5a7d-42af-ac8a-eb89677bb4d2,2026-08-08T15:00:00Z,2026-08-08T17:00:00+0200,75.975,MW,BE,BE,forecast_offshore_wind_generation,Wind Offshore,2026-08-17T19:52:07Z
2026-08-17T19:51:40Z,2026-08-17T21:51:40+0200,fdae99e2-5a7d-42af-ac8a-eb89677bb4d2,2026-08-08T16:00:00Z,2026-08-08T18:00:00+0200,97.1,MW,BE,BE,forecast_offshore_wind_generation,Wind Offshore,2026-08-17T19:52:07Z
2026-08-17T19:51:40Z,2026-08-17T21:51:40+0200,fdae99e2-5a7d-42af-ac8a-eb89677bb4d2,2026-08-08T17:00:00Z,2026-08-08T19:00:00+0200,122.075,MW,BE,BE,forecast_offshore_wind_generation,Wind Offshore,2026-08-17T19:52:07Z
2026-08-17T19:51:40Z,2026-08-17T21:51:40+0200,fdae99e2-5a7d-42af-ac8a-eb89677bb4d2,2026-08-08T18:00:00Z,2026-08-08T20:00:00+0200,144.25,MW,BE,BE,forecast_offshore_wind_generation,Wind Offshore,2026-08-17T19:52:07Z
2026-08-17T19:51:40Z,2026-08-17T21:51:40+0200,fdae99e2-5a7d-42af-ac8a-eb89677bb4d2,2026-08-08T19:00:00Z,2026-08-08T21:00:00+0200,154.225,MW,BE,BE,forecast_offshore_wind_generation,Wind Offshore,2026-08-17T19:52:07Z
2026-08-17T19:51:40Z,2026-08-17T21:51:40+0200,fdae99e2-5a7d-42af-ac8a-eb89677bb4d2,2026-08-08T20:00:00Z,2026-08-08T22:00:00+0200,152.075,MW,BE,BE,forecast_offshore_wind_generation,Wind Offshore,2026-08-17T19:52:07Z
2026-08-17T19:51:40Z,2026-08-17T21:51:40+0200,fdae99e2-5a7d-42af-ac8a-eb89677bb4d2,2026-08-08T21:00:00Z,2026-08-08T23:00:00+0200,143.125,MW,BE,BE,forecast_offshore_wind_generation,Wind Offshore,2026-08-17T19:52:07Z
2026-08-17T19:51:40Z,2026-08-17T21:51:40+0200,fdae99e2-5a7d-42af-ac8a-eb89677bb4d2,2026-08-08T22:00:00Z,2026-08-09T00:00:00+0200,161.125,MW,BE,BE,forecast_offshore_wind_generation,Wind Offshore,2026-08-17T19:52:07Z
2026-08-17T19:51:40Z,2026-08-17T21:51:40+0200,fdae99e2-5a7d-42af-ac8a-eb89677bb4d2,2026-08-08T23:00:00Z,2026-08-09T01:00:00+0200,161.725,MW,BE,BE,forecast_offshore_wind_generation,Wind Offshore,2026-08-17T19:52:07Z
2026-08-17T19:51:40Z,2026-08-17T21:51:40+0200,fdae99e2-5a7d-42af-ac8a-eb89677bb4d2,2026-08-09T00:00:00Z,2026-08-09T02:00:00+0200,146.875,MW,BE,BE,forecast_offshore_wind_generation,Wind Offshore,2026-08-17T19:52:07Z
2026-08-17T19:51:40Z,2026-08-17T21:51:40+0200,fdae99e2-5a7d-42af-ac8a-eb89677bb4d2,2026-08-09T01:00:00Z,2026-08-09T03:00:00+0200,122.35,MW,BE,BE,forecast_offshore_wind_generation,Wind Offshore,2026-08-17T19:52:07Z
2026-08-17T19:51:40Z,2026-08-17T21:51:40+0200,fdae99e2-5a7d-42af-ac8a-eb89677bb4d2,2026-08-09T02:00:00Z,2026-08-09T04:00:00+0200,98.025,MW,BE,BE,forecast_offshore_wind_generation,Wind Offshore,2026-08-17T19:52:07Z
2026-08-17T19:51:40Z,2026-08-17T21:51:40+0200,fdae99e2-5a7d-42af-ac8a-eb89677bb4d2,2026-08-09T03:00:00Z,2026-08-09T05:00:00+0200,81.05,MW,BE,BE,forecast_offshore_wind_generation,Wind Offshore,2026-08-17T19:52:07Z
2026-08-17T19:51:40Z,2026-08-17T21:51:40+0200,fdae99e2-5a7d-42af-ac8a-eb89677bb4d2,2026-08-09T04:00:00Z,2026-08-09T06:00:00+0200,70.625,MW,BE,BE,forecast_offshore_wind_generation,Wind Offshore,2026-08-17T19:52:07Z
2026-08-17T19:51:40Z,2026-08-17T21:51:40+0200,fdae99e2-5a7d-42af-ac8a-eb89677bb4d2,2026-08-09T05:00:00Z,2026-08-09T07:00:00+0200,64.075,MW,BE,BE,forecast_offshore_wind_generation,Wind Offshore,2026-08-17T19:52:07Z
2026-08-17T19:51:40Z,2026-08-17T21:51:40+0200,fdae99e2-5a7d-42af-ac8a-eb89677bb4d2,2026-08-09T06:00:00Z,2026-08-09T08:00:00+0200,57.7,MW,BE,BE,forecast_offshore_wind_generation,Wind Offshore,2026-08-17T19:52:07Z
2026-08-17T19:51:40Z,2026-08-17T21:51:40+0200,fdae99e2-5a7d-42af-ac8a-eb89677bb4d2,2026-08-09T07:00:00Z,2026-08-09T09:00:00+0200,49.175,MW,BE,BE,forecast_offshore_wind_generation,Wind Offshore,2026-08-17T19:52:07Z
2026-08-17T19:51:40Z,2026-08-17T21:51:40+0200,fdae99e2-5a7d-42af-ac8a-eb89677bb4d2,2026-08-09T08:00:00Z,2026-08-09T10:00:00+0200,39.15,MW,BE,BE,forecast_offshore_wind_generation,Wind Offshore,2026-08-17T19:52:07Z
2026-08-17T19:51:40Z,2026-08-17T21:51:40+0200,fdae99e2-5a7d-42af-ac8a-eb89677bb4d2,2026-08-09T09:00:00Z,2026-08-09T11:00:00+0200,38.725,MW,BE,BE,forecast_offshore_wind_generation,Wind Offshore,2026-08-17T19:52:07Z
2026-08-17T19:51:40Z,2026-08-17T21:51:40+0200,fdae99e2-5a7d-42af-ac8a-eb89677bb4d2,2026-08-09T10:00:00Z,2026-08-09T12:00:00+0200,45.075,MW,BE,BE,forecast_offshore_wind_generation,Wind Offshore,2026-08-17T19:52:07Z
2026-08-17T19:51:40Z,2026-08-17T21:51:40+0200,fdae99e2-5a7d-42af-ac8a-eb89677bb4d2,2026-08-09T11:00:00Z,2026-08-09T13:00:00+0200,52.2,MW,BE,BE,forecast_offshore_wind_generation,Wind Offshore,2026-08-17T19:52:07Z
2026-08-17T19:51:40Z,2026-08-17T21:51:40+0200,fdae99e2-5a7d-42af-ac8a-eb89677bb4d2,2026-08-09T12:00:00Z,2026-08-09T14:00:00+0200,57.15,MW,BE,BE,forecast_offshore_wind_generation,Wind Offshore,2026-08-17T19:52:07Z
2026-08-17T19:51:40Z,2026-08-17T21:51:40+0200,fdae99e2-5a7d-42af-ac8a-eb89677bb4d2,2026-08-09T13:00:00Z,2026-08-09T15:00:00+0200,54.75,MW,BE,BE,forecast_offshore_wind_generation,Wind Offshore,2026-08-17T19:52:07Z
2026-08-17T19:51:40Z,2026-08-17T21:51:40+0200,fdae99e2-5a7d-42af-ac8a-eb89677bb4d2,2026-08-09T14:00:00Z,2026-08-09T16:00:00+0200,52.875,MW,BE,BE,forecast_offshore_wind_generation,Wind Offshore,2026-08-17T19:52:07Z
2026-08-17T19:51:40Z,2026-08-17T21:51:40+0200,fdae99e2-5a7d-42af-ac8a-eb89677bb4d2,2026-08-09T15:00:00Z,2026-08-09T17:00:00+0200,53.45,MW,BE,BE,forecast_offshore_wind_generation,Wind Offshore,2026-08-17T19:52:07Z
2026-08-17T19:51:40Z,2026-08-17T21:51:40+0200,fdae99e2-5a7d-42af-ac8a-eb89677bb4d2,2026-08-09T16:00:00Z,2026-08-09T18:00:00+0200,57.5,MW,BE,BE,forecast_offshore_wind_generation,Wind Offshore,2026-08-17T19:52:07Z
2026-08-17T19:51:40Z,2026-08-17T21:51:40+0200,fdae99e2-5a7d-42af-ac8a-eb89677bb4d2,2026-08-09T17:00:00Z,2026-08-09T19:00:00+0200,71.3,MW,BE,BE,forecast_offshore_wind_generation,Wind Offshore,2026-08-17T19:52:07Z
2026-08-17T19:51:40Z,2026-08-17T21:51:40+0200,fdae99e2-5a7d-42af-ac8a-eb89677bb4d2,2026-08-09T18:00:00Z,2026-08-09T20:00:00+0200,101.0,MW,BE,BE,forecast_offshore_wind_generation,Wind Offshore,2026-08-17T19:52:07Z
2026-08-17T19:51:40Z,2026-08-17T21:51:40+0200,fdae99e2-5a7d-42af-ac8a-eb89677bb4d2,2026-08-09T19:00:00Z,2026-08-09T21:00:00+0200,156.3,MW,BE,BE,forecast_offshore_wind_generation,Wind Offshore,2026-08-17T19:52:07Z
2026-08-17T19:51:40Z,2026-08-17T21:51:40+0200,fdae99e2-5a7d-42af-ac8a-eb89677bb4d2,2026-08-09T20:00:00Z,2026-08-09T22:00:00+0200,243.55,MW,BE,BE,forecast_offshore_wind_generation,Wind Offshore,2026-08-17T19:52:07Z
2026-08-17T19:51:40Z,2026-08-17T21:51:40+0200,fdae99e2-5a7d-42af-ac8a-eb89677bb4d2,2026-08-09T21:00:00Z,2026-08-09T23:00:00+0200,347.675,MW,BE,BE,forecast_offshore_wind_generation,Wind Offshore,2026-08-17T19:52:07Z
2026-08-17T19:51:40Z,2026-08-17T21:51:40+0200,fdae99e2-5a7d-42af-ac8a-eb89677bb4d2,2026-08-09T22:00:00Z,2026-08-10T00:00:00+0200,711.8,MW,BE,BE,forecast_offshore_wind_generation,Wind Offshore,2026-08-17T19:52:07Z
2026-08-17T19:51:40Z,2026-08-17T21:51:40+0200,fdae99e2-5a7d-42af-ac8a-eb89677bb4d2,2026-08-09T23:00:00Z,2026-08-10T01:00:00+0200,702.675,MW,BE,BE,forecast_offshore_wind_generation,Wind Offshore,2026-08-17T19:52:07Z
2026-08-17T19:51:40Z,2026-08-17T21:51:40+0200,fdae99e2-5a7d-42af-ac8a-eb89677bb4d2,2026-08-10T00:00:00Z,2026-08-10T02:00:00+0200,672.2,MW,BE,BE,forecast_offshore_wind_generation,Wind Offshore,2026-08-17T19:52:07Z
2026-08-17T19:51:40Z,2026-08-17T21:51:40+0200,fdae99e2-5a7d-42af-ac8a-eb89677bb4d2,2026-08-10T01:00:00Z,2026-08-10T03:00:00+0200,656.025,MW,BE,BE,forecast_offshore_wind_generation,Wind Offshore,2026-08-17T19:52:07Z
2026-08-17T19:51:40Z,2026-08-17T21:51:40+0200,fdae99e2-5a7d-42af-ac8a-eb89677bb4d2,2026-08-10T02:00:00Z,2026-08-10T04:00:00+0200,654.225,MW,BE,BE,forecast_offshore_wind_generation,Wind Offshore,2026-08-17T19:52:07Z
2026-08-17T19:51:40Z,2026-08-17T21:51:40+0200,fdae99e2-5a7d-42af-ac8a-eb89677bb4d2,2026-08-10T03:00:00Z,2026-08-10T05:00:00+0200,648.025,MW,BE,BE,forecast_offshore_wind_generation,Wind Offshore,2026-08-17T19:52:07Z
2026-08-17T19:51:40Z,2026-08-17T21:51:40+0200,fdae99e2-5a7d-42af-ac8a-eb89677bb4d2,2026-08-10T04:00:00Z,2026-08-10T06:00:00+0200,563.625,MW,BE,BE,forecast_offshore_wind_generation,Wind Offshore,2026-08-17T19:52:07Z
2026-08-17T19:51:40Z,2026-08-17T21:51:40+0200,fdae99e2-5a7d-42af-ac8a-eb89677bb4d2,2026-08-10T05:00:00Z,2026-08-10T07:00:00+0200,439.2,MW,BE,BE,forecast_offshore_wind_generation,Wind Offshore,2026-08-17T19:52:07Z
2026-08-17T19:51:40Z,2026-08-17T21:51:40+0200,fdae99e2-5a7d-42af-ac8a-eb89677bb4d2,2026-08-10T06:00:00Z,2026-08-10T08:00:00+0200,342.725,MW,BE,BE,forecast_offshore_wind_generation,Wind Offshore,2026-08-17T19:52:07Z
2026-08-17T19:51:40Z,2026-08-17T21:51:40+0200,fdae99e2-5a7d-42af-ac8a-eb89677bb4d2,2026-08-10T07:00:00Z,2026-08-10T09:00:00+0200,274.35,MW,BE,BE,forecast_offshore_wind_generation,Wind Offshore,2026-08-17T19:52:07Z
2026-08-17T19:51:40Z,2026-08-17T21:51:40+0200,fdae99e2-5a7d-42af-ac8a-eb89677bb4d2,2026-08-10T08:00:00Z,2026-08-10T10:00:00+0200,231.675,MW,BE,BE,forecast_offshore_wind_generation,Wind Offshore,2026-08-17T19:52:07Z
2026-08-17T19:51:40Z,2026-08-17T21:51:40+0200,fdae99e2-5a7d-42af-ac8a-eb89677bb4d2,2026-08-10T09:00:00Z,2026-08-10T11:00:00+0200,210.3,MW,BE,BE,forecast_offshore_wind_generation,Wind Offshore,2026-08-17T19:52:07Z
2026-08-17T19:51:40Z,2026-08-17T21:51:40+0200,fdae99e2-5a7d-42af-ac8a-eb89677bb4d2,2026-08-10T10:00:00Z,2026-08-10T12:00:00+0200,198.25,MW,BE,BE,forecast_offshore_wind_generation,Wind Offshore,2026-08-17T19:52:07Z
2026-08-17T19:51:40Z,2026-08-17T21:51:40+0200,fdae99e2-5a7d-42af-ac8a-eb89677bb4d2,2026-08-10T11:00:00Z,2026-08-10T13:00:00+0200,187.625,MW,BE,BE,forecast_offshore_wind_generation,Wind Offshore,2026-08-17T19:52:07Z
2026-08-17T19:51:40Z,2026-08-17T21:51:40+0200,fdae99e2-5a7d-42af-ac8a-eb89677bb4d2,2026-08-10T12:00:00Z,2026-08-10T14:00:00+0200,174.125,MW,BE,BE,forecast_offshore_wind_generation,Wind Offshore,2026-08-17T19:52:07Z
2026-08-17T19:51:40Z,2026-08-17T21:51:40+0200,fdae99e2-5a7d-42af-ac8a-eb89677bb4d2,2026-08-10T13:00:00Z,2026-08-10T15:00:00+0200,163.6,MW,BE,BE,forecast_offshore_wind_generation,Wind Offshore,2026-08-17T19:52:07Z
2026-08-17T19:51:40Z,2026-08-17T21:51:40+0200,fdae99e2-5a7d-42af-ac8a-eb89677bb4d2,2026-08-10T14:00:00Z,2026-08-10T16:00:00+0200,162.3,MW,BE,BE,forecast_offshore_wind_generation,Wind Offshore,2026-08-17T19:52:07Z
2026-08-17T19:51:40Z,2026-08-17T21:51:40+0200,fdae99e2-5a7d-42af-ac8a-eb89677bb4d2,2026-08-10T15:00:00Z,2026-08-10T17:00:00+0200,172.175,MW,BE,BE,forecast_offshore_wind_generation,Wind Offshore,2026-08-17T19:52:07Z
2026-08-17T19:51:40Z,2026-08-17T21:51:40+0200,fdae99e2-5a7d-42af-ac8a-eb89677bb4d2,2026-08-10T16:00:00Z,2026-08-10T18:00:00+0200,189.55,MW,BE,BE,forecast_offshore_wind_generation,Wind Offshore,2026-08-17T19:52:07Z
2026-08-17T19:51:40Z,2026-08-17T21:51:40+0200,fdae99e2-5a7d-42af-ac8a-eb89677bb4d2,2026-08-10T17:00:00Z,2026-08-10T19:00:00+0200,205.625,MW,BE,BE,forecast_offshore_wind_generation,Wind Offshore,2026-08-17T19:52:07Z
2026-08-17T19:51:40Z,2026-08-17T21:51:40+0200,fdae99e2-5a7d-42af-ac8a-eb89677bb4d2,2026-08-10T18:00:00Z,2026-08-10T20:00:00+0200,214.625,MW,BE,BE,forecast_offshore_wind_generation,Wind Offshore,2026-08-17T19:52:07Z
2026-08-17T19:51:40Z,2026-08-17T21:51:40+0200,fdae99e2-5a7d-42af-ac8a-eb89677bb4d2,2026-08-10T19:00:00Z,2026-08-10T21:00:00+0200,216.65,MW,BE,BE,forecast_offshore_wind_generation,Wind Offshore,2026-08-17T19:52:07Z
2026-08-17T19:51:40Z,2026-08-17T21:51:40+0200,fdae99e2-5a7d-42af-ac8a-eb89677bb4d2,2026-08-10T20:00:00Z,2026-08-10T22:00:00+0200,211.975,MW,BE,BE,forecast_offshore_wind_generation,Wind Offshore,2026-08-17T19:52:07Z
2026-08-17T19:51:40Z,2026-08-17T21:51:40+0200,fdae99e2-5a7d-42af-ac8a-eb89677bb4d2,2026-08-10T21:00:00Z,2026-08-10T23:00:00+0200,201.95,MW,BE,BE,forecast_offshore_wind_generation,Wind Offshore,2026-08-17T19:52:07Z
2026-08-17T19:51:40Z,2026-08-17T21:51:40+0200,fdae99e2-5a7d-42af-ac8a-eb89677bb4d2,2026-08-10T22:00:00Z,2026-08-11T00:00:00+0200,250.875,MW,BE,BE,forecast_offshore_wind_generation,Wind Offshore,2026-08-17T19:52:07Z
2026-08-17T19:51:40Z,2026-08-17T21:51:40+0200,fdae99e2-5a7d-42af-ac8a-eb89677bb4d2,2026-08-10T23:00:00Z,2026-08-11T01:00:00+0200,233.675,MW,BE,BE,forecast_offshore_wind_generation,Wind Offshore,2026-08-17T19:52:07Z
2026-08-17T19:51:40Z,2026-08-17T21:51:40+0200,fdae99e2-5a7d-42af-ac8a-eb89677bb4d2,2026-08-11T00:00:00Z,2026-08-11T02:00:00+0200,217.65,MW,BE,BE,forecast_offshore_wind_generation,Wind Offshore,2026-08-17T19:52:07Z
2026-08-17T19:51:40Z,2026-08-17T21:51:40+0200,fdae99e2-5a7d-42af-ac8a-eb89677bb4d2,2026-08-11T01:00:00Z,2026-08-11T03:00:00+0200,203.8,MW,BE,BE,forecast_offshore_wind_generation,Wind Offshore,2026-08-17T19:52:07Z
2026-08-17T19:51:40Z,2026-08-17T21:51:40+0200,fdae99e2-5a7d-42af-ac8a-eb89677bb4d2,2026-08-11T02:00:00Z,2026-08-11T04:00:00+0200,195.575,MW,BE,BE,forecast_offshore_wind_generation,Wind Offshore,2026-08-17T19:52:07Z
2026-08-17T19:51:40Z,2026-08-17T21:51:40+0200,fdae99e2-5a7d-42af-ac8a-eb89677bb4d2,2026-08-11T03:00:00Z,2026-08-11T05:00:00+0200,195.7,MW,BE,BE,forecast_offshore_wind_generation,Wind Offshore,2026-08-17T19:52:07Z
2026-08-17T19:51:40Z,2026-08-17T21:51:40+0200,fdae99e2-5a7d-42af-ac8a-eb89677bb4d2,2026-08-11T04:00:00Z,2026-08-11T06:00:00+0200,204.7,MW,BE,BE,forecast_offshore_wind_generation,Wind Offshore,2026-08-17T19:52:07Z
2026-08-17T19:51:40Z,2026-08-17T21:51:40+0200,fdae99e2-5a7d-42af-ac8a-eb89677bb4d2,2026-08-11T05:00:00Z,2026-08-11T07:00:00+0200,218.475,MW,BE,BE,forecast_offshore_wind_generation,Wind Offshore,2026-08-17T19:52:07Z
2026-08-17T19:51:40Z,2026-08-17T21:51:40+0200,fdae99e2-5a7d-42af-ac8a-eb89677bb4d2,2026-08-11T06:00:00Z,2026-08-11T08:00:00+0200,228.175,MW,BE,BE,forecast_offshore_wind_generation,Wind Offshore,2026-08-17T19:52:07Z
2026-08-17T19:51:40Z,2026-08-17T21:51:40+0200,fdae99e2-5a7d-42af-ac8a-eb89677bb4d2,2026-08-11T07:00:00Z,2026-08-11T09:00:00+0200,229.175,MW,BE,BE,forecast_offshore_wind_generation,Wind Offshore,2026-08-17T19:52:07Z
2026-08-17T19:51:40Z,2026-08-17T21:51:40+0200,fdae99e2-5a7d-42af-ac8a-eb89677bb4d2,2026-08-11T08:00:00Z,2026-08-11T10:00:00+0200,224.325,MW,BE,BE,forecast_offshore_wind_generation,Wind Offshore,2026-08-17T19:52:07Z
2026-08-17T19:51:40Z,2026-08-17T21:51:40+0200,fdae99e2-5a7d-42af-ac8a-eb89677bb4d2,2026-08-11T09:00:00Z,2026-08-11T11:00:00+0200,222.175,MW,BE,BE,forecast_offshore_wind_generation,Wind Offshore,2026-08-17T19:52:07Z
2026-08-17T19:51:40Z,2026-08-17T21:51:40+0200,fdae99e2-5a7d-42af-ac8a-eb89677bb4d2,2026-08-11T10:00:00Z,2026-08-11T12:00:00+0200,233.725,MW,BE,BE,forecast_offshore_wind_generation,Wind Offshore,2026-08-17T19:52:07Z
2026-08-17T19:51:40Z,2026-08-17T21:51:40+0200,fdae99e2-5a7d-42af-ac8a-eb89677bb4d2,2026-08-11T11:00:00Z,2026-08-11T13:00:00+0200,265.875,MW,BE,BE,forecast_offshore_wind_generation,Wind Offshore,2026-08-17T19:52:07Z
2026-08-17T19:51:40Z,2026-08-17T21:51:40+0200,fdae99e2-5a7d-42af-ac8a-eb89677bb4d2,2026-08-11T12:00:00Z,2026-08-11T14:00:00+0200,315.1,MW,BE,BE,forecast_offshore_wind_generation,Wind Offshore,2026-08-17T19:52:07Z
2026-08-17T19:51:40Z,2026-08-17T21:51:40+0200,fdae99e2-5a7d-42af-ac8a-eb89677bb4d2,2026-08-11T13:00:00Z,2026-08-11T15:00:00+0200,381.85,MW,BE,BE,forecast_offshore_wind_generation,Wind Offshore,2026-08-17T19:52:07Z
2026-08-17T19:51:40Z,2026-08-17T21:51:40+0200,fdae99e2-5a7d-42af-ac8a-eb89677bb4d2,2026-08-11T14:00:00Z,2026-08-11T16:00:00+0200,470.6,MW,BE,BE,forecast_offshore_wind_generation,Wind Offshore,2026-08-17T19:52:07Z
2026-08-17T19:51:40Z,2026-08-17T21:51:40+0200,fdae99e2-5a7d-42af-ac8a-eb89677bb4d2,2026-08-11T15:00:00Z,2026-08-11T17:00:00+0200,577.175,MW,BE,BE,forecast_offshore_wind_generation,Wind Offshore,2026-08-17T19:52:07Z
2026-08-17T19:51:40Z,2026-08-17T21:51:40+0200,fdae99e2-5a7d-42af-ac8a-eb89677bb4d2,2026-08-11T16:00:00Z,2026-08-11T18:00:00+0200,690.15,MW,BE,BE,forecast_offshore_wind_generation,Wind Offshore,2026-08-17T19:52:07Z
2026-08-17T19:51:40Z,2026-08-17T21:51:40+0200,fdae99e2-5a7d-42af-ac8a-eb89677bb4d2,2026-08-11T17:00:00Z,2026-08-11T19:00:00+0200,788.475,MW,BE,BE,forecast_offshore_wind_generation,Wind Offshore,2026-08-17T19:52:07Z
2026-08-17T19:51:40Z,2026-08-17T21:51:40+0200,fdae99e2-5a7d-42af-ac8a-eb89677bb4d2,2026-08-11T18:00:00Z,2026-08-11T20:00:00+0200,848.9,MW,BE,BE,forecast_offshore_wind_generation,Wind Offshore,2026-08-17T19:52:07Z
2026-08-17T19:51:40Z,2026-08-17T21:51:40+0200,fdae99e2-5a7d-42af-ac8a-eb89677bb4d2,2026-08-11T19:00:00Z,2026-08-11T21:00:00+0200,874.2,MW,BE,BE,forecast_offshore_wind_generation,Wind Offshore,2026-08-17T19:52:07Z
2026-08-17T19:51:40Z,2026-08-17T21:51:40+0200,fdae99e2-5a7d-42af-ac8a-eb89677bb4d2,2026-08-11T20:00:00Z,2026-08-11T22:00:00+0200,887.425,MW,BE,BE,forecast_offshore_wind_generation,Wind Offshore,2026-08-17T19:52:07Z
2026-08-17T19:51:40Z,2026-08-17T21:51:40+0200,fdae99e2-5a7d-42af-ac8a-eb89677bb4d2,2026-08-11T21:00:00Z,2026-08-11T23:00:00+0200,886.725,MW,BE,BE,forecast_offshore_wind_generation,Wind Offshore,2026-08-17T19:52:07Z
2026-08-17T19:51:40Z,2026-08-17T21:51:40+0200,fdae99e2-5a7d-42af-ac8a-eb89677bb4d2,2026-08-11T22:00:00Z,2026-08-12T00:00:00+0200,941.075,MW,BE,BE,forecast_offshore_wind_generation,Wind Offshore,2026-08-17T19:52:07Z
2026-08-17T19:51:40Z,2026-08-17T21:51:40+0200,fdae99e2-5a7d-42af-ac8a-eb89677bb4d2,2026-08-11T23:00:00Z,2026-08-12T01:00:00+0200,958.1,MW,BE,BE,forecast_offshore_wind_generation,Wind Offshore,2026-08-17T19:52:07Z
2026-08-17T19:51:40Z,2026-08-17T21:51:40+0200,fdae99e2-5a7d-42af-ac8a-eb89677bb4d2,2026-08-12T00:00:00Z,2026-08-12T02:00:00+0200,911.975,MW,BE,BE,forecast_offshore_wind_generation,Wind Offshore,2026-08-17T19:52:07Z
2026-08-17T19:51:40Z,2026-08-17T21:51:40+0200,fdae99e2-5a7d-42af-ac8a-eb89677bb4d2,2026-08-12T01:00:00Z,2026-08-12T03:00:00+0200,835.45,MW,BE,BE,forecast_offshore_wind_generation,Wind Offshore,2026-08-17T19:52:07Z
2026-08-17T19:51:40Z,2026-08-17T21:51:40+0200,fdae99e2-5a7d-42af-ac8a-eb89677bb4d2,2026-08-12T02:00:00Z,2026-08-12T04:00:00+0200,760.4,MW,BE,BE,forecast_offshore_wind_generation,Wind Offshore,2026-08-17T19:52:07Z
2026-08-17T19:51:40Z,2026-08-17T21:51:40+0200,fdae99e2-5a7d-42af-ac8a-eb89677bb4d2,2026-08-12T03:00:00Z,2026-08-12T05:00:00+0200,694.175,MW,BE,BE,forecast_offshore_wind_generation,Wind Offshore,2026-08-17T19:52:07Z
2026-08-17T19:51:40Z,2026-08-17T21:51:40+0200,fdae99e2-5a7d-42af-ac8a-eb89677bb4d2,2026-08-12T04:00:00Z,2026-08-12T06:00:00+0200,632.25,MW,BE,BE,forecast_offshore_wind_generation,Wind Offshore,2026-08-17T19:52:07Z
2026-08-17T19:51:40Z,2026-08-17T21:51:40+0200,fdae99e2-5a7d-42af-ac8a-eb89677bb4d2,2026-08-12T05:00:00Z,2026-08-12T07:00:00+0200,567.075,MW,BE,BE,forecast_offshore_wind_generation,Wind Offshore,2026-08-17T19:52:07Z
2026-08-17T19:51:40Z,2026-08-17T21:51:40+0200,fdae99e2-5a7d-42af-ac8a-eb89677bb4d2,2026-08-12T06:00:00Z,2026-08-12T08:00:00+0200,490.35,MW,BE,BE,forecast_offshore_wind_generation,Wind Offshore,2026-08-17T19:52:07Z
2026-08-17T19:51:40Z,2026-08-17T21:51:40+0200,fdae99e2-5a7d-42af-ac8a-eb89677bb4d2,2026-08-12T07:00:00Z,2026-08-12T09:00:00+0200,398.325,MW,BE,BE,forecast_offshore_wind_generation,Wind Offshore,2026-08-17T19:52:07Z
2026-08-17T19:51:40Z,2026-08-17T21:51:40+0200,fdae99e2-5a7d-42af-ac8a-eb89677bb4d2,2026-08-12T08:00:00Z,2026-08-12T10:00:00+0200,309.6,MW,BE,BE,forecast_offshore_wind_generation,Wind Offshore,2026-08-17T19:52:07Z
2026-08-17T19:51:40Z,2026-08-17T21:51:40+0200,fdae99e2-5a7d-42af-ac8a-eb89677bb4d2,2026-08-12T09:00:00Z,2026-08-12T11:00:00+0200,234.15,MW,BE,BE,forecast_offshore_wind_generation,Wind Offshore,2026-08-17T19:52:07Z
2026-08-17T19:51:40Z,2026-08-17T21:51:40+0200,fdae99e2-5a7d-42af-ac8a-eb89677bb4d2,2026-08-12T10:00:00Z,2026-08-12T12:00:00+0200,177.45,MW,BE,BE,forecast_offshore_wind_generation,Wind Offshore,2026-08-17T19:52:07Z
2026-08-17T19:51:40Z,2026-08-17T21:51:40+0200,fdae99e2-5a7d-42af-ac8a-eb89677bb4d2,2026-08-12T11:00:00Z,2026-08-12T13:00:00+0200,138.275,MW,BE,BE,forecast_offshore_wind_generation,Wind Offshore,2026-08-17T19:52:07Z
2026-08-17T19:51:40Z,2026-08-17T21:51:40+0200,fdae99e2-5a7d-42af-ac8a-eb89677bb4d2,2026-08-12T12:00:00Z,2026-08-12T14:00:00+0200,114.025,MW,BE,BE,forecast_offshore_wind_generation,Wind Offshore,2026-08-17T19:52:07Z
2026-08-17T19:51:40Z,2026-08-17T21:51:40+0200,fdae99e2-5a7d-42af-ac8a-eb89677bb4d2,2026-08-12T13:00:00Z,2026-08-12T15:00:00+0200,106.1,MW,BE,BE,forecast_offshore_wind_generation,Wind Offshore,2026-08-17T19:52:07Z
2026-08-17T19:51:40Z,2026-08-17T21:51:40+0200,fdae99e2-5a7d-42af-ac8a-eb89677bb4d2,2026-08-12T14:00:00Z,2026-08-12T16:00:00+0200,114.5,MW,BE,BE,forecast_offshore_wind_generation,Wind Offshore,2026-08-17T19:52:07Z
2026-08-17T19:51:40Z,2026-08-17T21:51:40+0200,fdae99e2-5a7d-42af-ac8a-eb89677bb4d2,2026-08-12T15:00:00Z,2026-08-12T17:00:00+0200,140.5,MW,BE,BE,forecast_offshore_wind_generation,Wind Offshore,2026-08-17T19:52:07Z
2026-08-17T19:51:40Z,2026-08-17T21:51:40+0200,fdae99e2-5a7d-42af-ac8a-eb89677bb4d2,2026-08-12T16:00:00Z,2026-08-12T18:00:00+0200,185.325,MW,BE,BE,forecast_offshore_wind_generation,Wind Offshore,2026-08-17T19:52:07Z
2026-08-17T19:51:40Z,2026-08-17T21:51:40+0200,fdae99e2-5a7d-42af-ac8a-eb89677bb4d2,2026-08-12T17:00:00Z,2026-08-12T19:00:00+0200,242.85,MW,BE,BE,forecast_offshore_wind_generation,Wind Offshore,2026-08-17T19:52:07Z
2026-08-17T19:51:40Z,2026-08-17T21:51:40+0200,fdae99e2-5a7d-42af-ac8a-eb89677bb4d2,2026-08-12T18:00:00Z,2026-08-12T20:00:00+0200,303.925,MW,BE,BE,forecast_offshore_wind_generation,Wind Offshore,2026-08-17T19:52:07Z
2026-08-17T19:51:40Z,2026-08-17T21:51:40+0200,fdae99e2-5a7d-42af-ac8a-eb89677bb4d2,2026-08-12T19:00:00Z,2026-08-12T21:00:00+0200,355.7,MW,BE,BE,forecast_offshore_wind_generation,Wind Offshore,2026-08-17T19:52:07Z
2026-08-17T19:51:40Z,2026-08-17T21:51:40+0200,fdae99e2-5a7d-42af-ac8a-eb89677bb4d2,2026-08-12T20:00:00Z,2026-08-12T22:00:00+0200,363.275,MW,BE,BE,forecast_offshore_wind_generation,Wind Offshore,2026-08-17T19:52:07Z
2026-08-17T19:51:40Z,2026-08-17T21:51:40+0200,fdae99e2-5a7d-42af-ac8a-eb89677bb4d2,2026-08-12T21:00:00Z,2026-08-12T23:00:00+0200,329.075,MW,BE,BE,forecast_offshore_wind_generation,Wind Offshore,2026-08-17T19:52:07Z
2026-08-17T19:51:40Z,2026-08-17T21:51:40+0200,fdae99e2-5a7d-42af-ac8a-eb89677bb4d2,2026-08-12T22:00:00Z,2026-08-13T00:00:00+0200,273.225,MW,BE,BE,forecast_offshore_wind_generation,Wind Offshore,2026-08-17T19:52:07Z
2026-08-17T19:51:40Z,2026-08-17T21:51:40+0200,fdae99e2-5a7d-42af-ac8a-eb89677bb4d2,2026-08-12T23:00:00Z,2026-08-13T01:00:00+0200,229.2,MW,BE,BE,forecast_offshore_wind_generation,Wind Offshore,2026-08-17T19:52:07Z
2026-08-17T19:51:40Z,2026-08-17T21:51:40+0200,fdae99e2-5a7d-42af-ac8a-eb89677bb4d2,2026-08-13T00:00:00Z,2026-08-13T02:00:00+0200,192.45,MW,BE,BE,forecast_offshore_wind_generation,Wind Offshore,2026-08-17T19:52:07Z
2026-08-17T19:51:40Z,2026-08-17T21:51:40+0200,fdae99e2-5a7d-42af-ac8a-eb89677bb4d2,2026-08-13T01:00:00Z,2026-08-13T03:00:00+0200,166.125,MW,BE,BE,forecast_offshore_wind_generation,Wind Offshore,2026-08-17T19:52:07Z
2026-08-17T19:51:40Z,2026-08-17T21:51:40+0200,fdae99e2-5a7d-42af-ac8a-eb89677bb4d2,2026-08-13T02:00:00Z,2026-08-13T04:00:00+0200,142.925,MW,BE,BE,forecast_offshore_wind_generation,Wind Offshore,2026-08-17T19:52:07Z
2026-08-17T19:51:40Z,2026-08-17T21:51:40+0200,fdae99e2-5a7d-42af-ac8a-eb89677bb4d2,2026-08-13T03:00:00Z,2026-08-13T05:00:00+0200,116.525,MW,BE,BE,forecast_offshore_wind_generation,Wind Offshore,2026-08-17T19:52:07Z
2026-08-17T19:51:40Z,2026-08-17T21:51:40+0200,fdae99e2-5a7d-42af-ac8a-eb89677bb4d2,2026-08-13T04:00:00Z,2026-08-13T06:00:00+0200,92.675,MW,BE,BE,forecast_offshore_wind_generation,Wind Offshore,2026-08-17T19:52:07Z
2026-08-17T19:51:40Z,2026-08-17T21:51:40+0200,fdae99e2-5a7d-42af-ac8a-eb89677bb4d2,2026-08-13T05:00:00Z,2026-08-13T07:00:00+0200,73.025,MW,BE,BE,forecast_offshore_wind_generation,Wind Offshore,2026-08-17T19:52:07Z
2026-08-17T19:51:40Z,2026-08-17T21:51:40+0200,fdae99e2-5a7d-42af-ac8a-eb89677bb4d2,2026-08-13T06:00:00Z,2026-08-13T08:00:00+0200,60.25,MW,BE,BE,forecast_offshore_wind_generation,Wind Offshore,2026-08-17T19:52:07Z
2026-08-17T19:51:40Z,2026-08-17T21:51:40+0200,fdae99e2-5a7d-42af-ac8a-eb89677bb4d2,2026-08-13T07:00:00Z,2026-08-13T09:00:00+0200,52.775,MW,BE,BE,forecast_offshore_wind_generation,Wind Offshore,2026-08-17T19:52:07Z
2026-08-17T19:51:40Z,2026-08-17T21:51:40+0200,fdae99e2-5a7d-42af-ac8a-eb89677bb4d2,2026-08-13T08:00:00Z,2026-08-13T10:00:00+0200,46.475,MW,BE,BE,forecast_offshore_wind_generation,Wind Offshore,2026-08-17T19:52:07Z
2026-08-17T19:51:40Z,2026-08-17T21:51:40+0200,fdae99e2-5a7d-42af-ac8a-eb89677bb4d2,2026-08-13T09:00:00Z,2026-08-13T11:00:00+0200,41.85,MW,BE,BE,forecast_offshore_wind_generation,Wind Offshore,2026-08-17T19:52:07Z
2026-08-17T19:51:40Z,2026-08-17T21:51:40+0200,fdae99e2-5a7d-42af-ac8a-eb89677bb4d2,2026-08-13T10:00:00Z,2026-08-13T12:00:00+0200,40.1,MW,BE,BE,forecast_offshore_wind_generation,Wind Offshore,2026-08-17T19:52:07Z
2026-08-17T19:51:40Z,2026-08-17T21:51:40+0200,fdae99e2-5a7d-42af-ac8a-eb89677bb4d2,2026-08-13T11:00:00Z,2026-08-13T13:00:00+0200,41.325,MW,BE,BE,forecast_offshore_wind_generation,Wind Offshore,2026-08-17T19:52:07Z
2026-08-17T19:51:40Z,2026-08-17T21:51:40+0200,fdae99e2-5a7d-42af-ac8a-eb89677bb4d2,2026-08-13T12:00:00Z,2026-08-13T14:00:00+0200,43.075,MW,BE,BE,forecast_offshore_wind_generation,Wind Offshore,2026-08-17T19:52:07Z
2026-08-17T19:51:40Z,2026-08-17T21:51:40+0200,fdae99e2-5a7d-42af-ac8a-eb89677bb4d2,2026-08-13T13:00:00Z,2026-08-13T15:00:00+0200,42.4,MW,BE,BE,forecast_offshore_wind_generation,Wind Offshore,2026-08-17T19:52:07Z
2026-08-17T19:51:40Z,2026-08-17T21:51:40+0200,fdae99e2-5a7d-42af-ac8a-eb89677bb4d2,2026-08-13T14:00:00Z,2026-08-13T16:00:00+0200,41.675,MW,BE,BE,forecast_offshore_wind_generation,Wind Offshore,2026-08-17T19:52:07Z
2026-08-17T19:51:40Z,2026-08-17T21:51:40+0200,fdae99e2-5a7d-42af-ac8a-eb89677bb4d2,2026-08-13T15:00:00Z,2026-08-13T17:00:00+0200,42.5,MW,BE,BE,forecast_offshore_wind_generation,Wind Offshore,2026-08-17T19:52:07Z
2026-08-17T19:51:40Z,2026-08-17T21:51:40+0200,fdae99e2-5a7d-42af-ac8a-eb89677bb4d2,2026-08-13T16:00:00Z,2026-08-13T18:00:00+0200,42.65,MW,BE,BE,forecast_offshore_wind_generation,Wind Offshore,2026-08-17T19:52:07Z
2026-08-17T19:51:40Z,2026-08-17T21:51:40+0200,fdae99e2-5a7d-42af-ac8a-eb89677bb4d2,2026-08-13T17:00:00Z,2026-08-13T19:00:00+0200,44.85,MW,BE,BE,forecast_offshore_wind_generation,Wind Offshore,2026-08-17T19:52:07Z
2026-08-17T19:51:40Z,2026-08-17T21:51:40+0200,fdae99e2-5a7d-42af-ac8a-eb89677bb4d2,2026-08-13T18:00:00Z,2026-08-13T20:00:00+0200,51.05,MW,BE,BE,forecast_offshore_wind_generation,Wind Offshore,2026-08-17T19:52:07Z
2026-08-17T19:51:40Z,2026-08-17T21:51:40+0200,fdae99e2-5a7d-42af-ac8a-eb89677bb4d2,2026-08-13T19:00:00Z,2026-08-13T21:00:00+0200,57.45,MW,BE,BE,forecast_offshore_wind_generation,Wind Offshore,2026-08-17T19:52:07Z
2026-08-17T19:51:40Z,2026-08-17T21:51:40+0200,fdae99e2-5a7d-42af-ac8a-eb89677bb4d2,2026-08-13T20:00:00Z,2026-08-13T22:00:00+0200,60.9,MW,BE,BE,forecast_offshore_wind_generation,Wind Offshore,2026-08-17T19:52:07Z
2026-08-17T19:51:40Z,2026-08-17T21:51:40+0200,fdae99e2-5a7d-42af-ac8a-eb89677bb4d2,2026-08-13T21:00:00Z,2026-08-13T23:00:00+0200,60.9,MW,BE,BE,forecast_offshore_wind_generation,Wind Offshore,2026-08-17T19:52:07Z
2026-08-17T19:51:40Z,2026-08-17T21:51:40+0200,fdae99e2-5a7d-42af-ac8a-eb89677bb4d2,2026-08-13T22:00:00Z,2026-08-14T00:00:00+0200,38.225,MW,BE,BE,forecast_offshore_wind_generation,Wind Offshore,2026-08-17T19:52:07Z
2026-08-17T19:51:40Z,2026-08-17T21:51:40+0200,fdae99e2-5a7d-42af-ac8a-eb89677bb4d2,2026-08-13T23:00:00Z,2026-08-14T01:00:00+0200,45.8,MW,BE,BE,forecast_offshore_wind_generation,Wind Offshore,2026-08-17T19:52:07Z
2026-08-17T19:51:40Z,2026-08-17T21:51:40+0200,fdae99e2-5a7d-42af-ac8a-eb89677bb4d2,2026-08-14T00:00:00Z,2026-08-14T02:00:00+0200,53.4,MW,BE,BE,forecast_offshore_wind_generation,Wind Offshore,2026-08-17T19:52:07Z
2026-08-17T19:51:40Z,2026-08-17T21:51:40+0200,fdae99e2-5a7d-42af-ac8a-eb89677bb4d2,2026-08-14T01:00:00Z,2026-08-14T03:00:00+0200,62.925,MW,BE,BE,forecast_offshore_wind_generation,Wind Offshore,2026-08-17T19:52:07Z
2026-08-17T19:51:40Z,2026-08-17T21:51:40+0200,fdae99e2-5a7d-42af-ac8a-eb89677bb4d2,2026-08-14T02:00:00Z,2026-08-14T04:00:00+0200,75.275,MW,BE,BE,forecast_offshore_wind_generation,Wind Offshore,2026-08-17T19:52:07Z
2026-08-17T19:51:40Z,2026-08-17T21:51:40+0200,fdae99e2-5a7d-42af-ac8a-eb89677bb4d2,2026-08-14T03:00:00Z,2026-08-14T05:00:00+0200,83.075,MW,BE,BE,forecast_offshore_wind_generation,Wind Offshore,2026-08-17T19:52:07Z
2026-08-17T19:51:40Z,2026-08-17T21:51:40+0200,fdae99e2-5a7d-42af-ac8a-eb89677bb4d2,2026-08-14T04:00:00Z,2026-08-14T06:00:00+0200,77.075,MW,BE,BE,forecast_offshore_wind_generation,Wind Offshore,2026-08-17T19:52:07Z
2026-08-17T19:51:40Z,2026-08-17T21:51:40+0200,fdae99e2-5a7d-42af-ac8a-eb89677bb4d2,2026-08-14T05:00:00Z,2026-08-14T07:00:00+0200,62.675,MW,BE,BE,forecast_offshore_wind_generation,Wind Offshore,2026-08-17T19:52:07Z
2026-08-17T19:51:40Z,2026-08-17T21:51:40+0200,fdae99e2-5a7d-42af-ac8a-eb89677bb4d2,2026-08-14T06:00:00Z,2026-08-14T08:00:00+0200,54.45,MW,BE,BE,forecast_offshore_wind_generation,Wind Offshore,2026-08-17T19:52:07Z
2026-08-17T19:51:40Z,2026-08-17T21:51:40+0200,fdae99e2-5a7d-42af-ac8a-eb89677bb4d2,2026-08-14T07:00:00Z,2026-08-14T09:00:00+0200,54.85,MW,BE,BE,forecast_offshore_wind_generation,Wind Offshore,2026-08-17T19:52:07Z
2026-08-17T19:51:40Z,2026-08-17T21:51:40+0200,fdae99e2-5a7d-42af-ac8a-eb89677bb4d2,2026-08-14T08:00:00Z,2026-08-14T10:00:00+0200,61.95,MW,BE,BE,forecast_offshore_wind_generation,Wind Offshore,2026-08-17T19:52:07Z
2026-08-17T19:51:40Z,2026-08-17T21:51:40+0200,fdae99e2-5a7d-42af-ac8a-eb89677bb4d2,2026-08-14T09:00:00Z,2026-08-14T11:00:00+0200,63.475,MW,BE,BE,forecast_offshore_wind_generation,Wind Offshore,2026-08-17T19:52:07Z
2026-08-17T19:51:40Z,2026-08-17T21:51:40+0200,fdae99e2-5a7d-42af-ac8a-eb89677bb4d2,2026-08-14T10:00:00Z,2026-08-14T12:00:00+0200,66.15,MW,BE,BE,forecast_offshore_wind_generation,Wind Offshore,2026-08-17T19:52:07Z
2026-08-17T19:51:40Z,2026-08-17T21:51:40+0200,fdae99e2-5a7d-42af-ac8a-eb89677bb4d2,2026-08-14T11:00:00Z,2026-08-14T13:00:00+0200,70.075,MW,BE,BE,forecast_offshore_wind_generation,Wind Offshore,2026-08-17T19:52:07Z
2026-08-17T19:51:40Z,2026-08-17T21:51:40+0200,fdae99e2-5a7d-42af-ac8a-eb89677bb4d2,2026-08-14T12:00:00Z,2026-08-14T14:00:00+0200,71.65,MW,BE,BE,forecast_offshore_wind_generation,Wind Offshore,2026-08-17T19:52:07Z
2026-08-17T19:51:40Z,2026-08-17T21:51:40+0200,fdae99e2-5a7d-42af-ac8a-eb89677bb4d2,2026-08-14T13:00:00Z,2026-08-14T15:00:00+0200,69.475,MW,BE,BE,forecast_offshore_wind_generation,Wind Offshore,2026-08-17T19:52:07Z
2026-08-17T19:51:40Z,2026-08-17T21:51:40+0200,fdae99e2-5a7d-42af-ac8a-eb89677bb4d2,2026-08-14T14:00:00Z,2026-08-14T16:00:00+0200,70.825,MW,BE,BE,forecast_offshore_wind_generation,Wind Offshore,2026-08-17T19:52:07Z
2026-08-17T19:51:40Z,2026-08-17T21:51:40+0200,fdae99e2-5a7d-42af-ac8a-eb89677bb4d2,2026-08-14T15:00:00Z,2026-08-14T17:00:00+0200,79.5,MW,BE,BE,forecast_offshore_wind_generation,Wind Offshore,2026-08-17T19:52:07Z
2026-08-17T19:51:40Z,2026-08-17T21:51:40+0200,fdae99e2-5a7d-42af-ac8a-eb89677bb4d2,2026-08-14T16:00:00Z,2026-08-14T18:00:00+0200,94.3,MW,BE,BE,forecast_offshore_wind_generation,Wind Offshore,2026-08-17T19:52:07Z
2026-08-17T19:51:40Z,2026-08-17T21:51:40+0200,fdae99e2-5a7d-42af-ac8a-eb89677bb4d2,2026-08-14T17:00:00Z,2026-08-14T19:00:00+0200,109.975,MW,BE,BE,forecast_offshore_wind_generation,Wind Offshore,2026-08-17T19:52:07Z
2026-08-17T19:51:40Z,2026-08-17T21:51:40+0200,fdae99e2-5a7d-42af-ac8a-eb89677bb4d2,2026-08-14T18:00:00Z,2026-08-14T20:00:00+0200,118.025,MW,BE,BE,forecast_offshore_wind_generation,Wind Offshore,2026-08-17T19:52:07Z
2026-08-17T19:51:40Z,2026-08-17T21:51:40+0200,fdae99e2-5a7d-42af-ac8a-eb89677bb4d2,2026-08-14T19:00:00Z,2026-08-14T21:00:00+0200,120.05,MW,BE,BE,forecast_offshore_wind_generation,Wind Offshore,2026-08-17T19:52:07Z
2026-08-17T19:51:40Z,2026-08-17T21:51:40+0200,fdae99e2-5a7d-42af-ac8a-eb89677bb4d2,2026-08-14T20:00:00Z,2026-08-14T22:00:00+0200,119.875,MW,BE,BE,forecast_offshore_wind_generation,Wind Offshore,2026-08-17T19:52:07Z
2026-08-17T19:51:40Z,2026-08-17T21:51:40+0200,fdae99e2-5a7d-42af-ac8a-eb89677bb4d2,2026-08-14T21:00:00Z,2026-08-14T23:00:00+0200,114.2,MW,BE,BE,forecast_offshore_wind_generation,Wind Offshore,2026-08-17T19:52:07Z
2026-08-17T19:51:40Z,2026-08-17T21:51:40+0200,fdae99e2-5a7d-42af-ac8a-eb89677bb4d2,2026-08-14T22:00:00Z,2026-08-15T00:00:00+0200,99.125,MW,BE,BE,forecast_offshore_wind_generation,Wind Offshore,2026-08-17T19:52:07Z
2026-08-17T19:51:40Z,2026-08-17T21:51:40+0200,fdae99e2-5a7d-42af-ac8a-eb89677bb4d2,2026-08-14T23:00:00Z,2026-08-15T01:00:00+0200,86.3,MW,BE,BE,forecast_offshore_wind_generation,Wind Offshore,2026-08-17T19:52:07Z
2026-08-17T19:51:40Z,2026-08-17T21:51:40+0200,fdae99e2-5a7d-42af-ac8a-eb89677bb4d2,2026-08-15T00:00:00Z,2026-08-15T02:00:00+0200,76.475,MW,BE,BE,forecast_offshore_wind_generation,Wind Offshore,2026-08-17T19:52:07Z
2026-08-17T19:51:40Z,2026-08-17T21:51:40+0200,fdae99e2-5a7d-42af-ac8a-eb89677bb4d2,2026-08-15T01:00:00Z,2026-08-15T03:00:00+0200,77.625,MW,BE,BE,forecast_offshore_wind_generation,Wind Offshore,2026-08-17T19:52:07Z
2026-08-17T19:51:40Z,2026-08-17T21:51:40+0200,fdae99e2-5a7d-42af-ac8a-eb89677bb4d2,2026-08-15T02:00:00Z,2026-08-15T04:00:00+0200,90.575,MW,BE,BE,forecast_offshore_wind_generation,Wind Offshore,2026-08-17T19:52:07Z
2026-08-17T19:51:40Z,2026-08-17T21:51:40+0200,fdae99e2-5a7d-42af-ac8a-eb89677bb4d2,2026-08-15T03:00:00Z,2026-08-15T05:00:00+0200,110.175,MW,BE,BE,forecast_offshore_wind_generation,Wind Offshore,2026-08-17T19:52:07Z
2026-08-17T19:51:40Z,2026-08-17T21:51:40+0200,fdae99e2-5a7d-42af-ac8a-eb89677bb4d2,2026-08-15T04:00:00Z,2026-08-15T06:00:00+0200,134.1,MW,BE,BE,forecast_offshore_wind_generation,Wind Offshore,2026-08-17T19:52:07Z
2026-08-17T19:51:40Z,2026-08-17T21:51:40+0200,fdae99e2-5a7d-42af-ac8a-eb89677bb4d2,2026-08-15T05:00:00Z,2026-08-15T07:00:00+0200,163.175,MW,BE,BE,forecast_offshore_wind_generation,Wind Offshore,2026-08-17T19:52:07Z
2026-08-17T19:51:40Z,2026-08-17T21:51:40+0200,fdae99e2-5a7d-42af-ac8a-eb89677bb4d2,2026-08-15T06:00:00Z,2026-08-15T08:00:00+0200,195.55,MW,BE,BE,forecast_offshore_wind_generation,Wind Offshore,2026-08-17T19:52:07Z
2026-08-17T19:51:40Z,2026-08-17T21:51:40+0200,fdae99e2-5a7d-42af-ac8a-eb89677bb4d2,2026-08-15T07:00:00Z,2026-08-15T09:00:00+0200,221.375,MW,BE,BE,forecast_offshore_wind_generation,Wind Offshore,2026-08-17T19:52:07Z
2026-08-17T19:51:40Z,2026-08-17T21:51:40+0200,fdae99e2-5a7d-42af-ac8a-eb89677bb4d2,2026-08-15T08:00:00Z,2026-08-15T10:00:00+0200,252.25,MW,BE,BE,forecast_offshore_wind_generation,Wind Offshore,2026-08-17T19:52:07Z
2026-08-17T19:51:40Z,2026-08-17T21:51:40+0200,fdae99e2-5a7d-42af-ac8a-eb89677bb4d2,2026-08-15T09:00:00Z,2026-08-15T11:00:00+0200,295.675,MW,BE,BE,forecast_offshore_wind_generation,Wind Offshore,2026-08-17T19:52:07Z
2026-08-17T19:51:40Z,2026-08-17T21:51:40+0200,fdae99e2-5a7d-42af-ac8a-eb89677bb4d2,2026-08-15T10:00:00Z,2026-08-15T12:00:00+0200,347.375,MW,BE,BE,forecast_offshore_wind_generation,Wind Offshore,2026-08-17T19:52:07Z
2026-08-17T19:51:40Z,2026-08-17T21:51:40+0200,fdae99e2-5a7d-42af-ac8a-eb89677bb4d2,2026-08-15T11:00:00Z,2026-08-15T13:00:00+0200,405.8,MW,BE,BE,forecast_offshore_wind_generation,Wind Offshore,2026-08-17T19:52:07Z
2026-08-17T19:51:40Z,2026-08-17T21:51:40+0200,fdae99e2-5a7d-42af-ac8a-eb89677bb4d2,2026-08-15T12:00:00Z,2026-08-15T14:00:00+0200,465.575,MW,BE,BE,forecast_offshore_wind_generation,Wind Offshore,2026-08-17T19:52:07Z
2026-08-17T19:51:40Z,2026-08-17T21:51:40+0200,fdae99e2-5a7d-42af-ac8a-eb89677bb4d2,2026-08-15T13:00:00Z,2026-08-15T15:00:00+0200,504.025,MW,BE,BE,forecast_offshore_wind_generation,Wind Offshore,2026-08-17T19:52:07Z
2026-08-17T19:51:40Z,2026-08-17T21:51:40+0200,fdae99e2-5a7d-42af-ac8a-eb89677bb4d2,2026-08-15T14:00:00Z,2026-08-15T16:00:00+0200,527.55,MW,BE,BE,forecast_offshore_wind_generation,Wind Offshore,2026-08-17T19:52:07Z
2026-08-17T19:51:40Z,2026-08-17T21:51:40+0200,fdae99e2-5a7d-42af-ac8a-eb89677bb4d2,2026-08-15T15:00:00Z,2026-08-15T17:00:00+0200,572.6,MW,BE,BE,forecast_offshore_wind_generation,Wind Offshore,2026-08-17T19:52:07Z
2026-08-17T19:51:40Z,2026-08-17T21:51:40+0200,fdae99e2-5a7d-42af-ac8a-eb89677bb4d2,2026-08-15T16:00:00Z,2026-08-15T18:00:00+0200,650.925,MW,BE,BE,forecast_offshore_wind_generation,Wind Offshore,2026-08-17T19:52:07Z
2026-08-17T19:51:40Z,2026-08-17T21:51:40+0200,fdae99e2-5a7d-42af-ac8a-eb89677bb4d2,2026-08-15T17:00:00Z,2026-08-15T19:00:00+0200,749.95,MW,BE,BE,forecast_offshore_wind_generation,Wind Offshore,2026-08-17T19:52:07Z
2026-08-17T19:51:40Z,2026-08-17T21:51:40+0200,fdae99e2-5a7d-42af-ac8a-eb89677bb4d2,2026-08-15T18:00:00Z,2026-08-15T20:00:00+0200,837.35,MW,BE,BE,forecast_offshore_wind_generation,Wind Offshore,2026-08-17T19:52:07Z
2026-08-17T19:51:40Z,2026-08-17T21:51:40+0200,fdae99e2-5a7d-42af-ac8a-eb89677bb4d2,2026-08-15T19:00:00Z,2026-08-15T21:00:00+0200,863.525,MW,BE,BE,forecast_offshore_wind_generation,Wind Offshore,2026-08-17T19:52:07Z
2026-08-17T19:51:40Z,2026-08-17T21:51:40+0200,fdae99e2-5a7d-42af-ac8a-eb89677bb4d2,2026-08-15T20:00:00Z,2026-08-15T22:00:00+0200,790.2,MW,BE,BE,forecast_offshore_wind_generation,Wind Offshore,2026-08-17T19:52:07Z
2026-08-17T19:51:40Z,2026-08-17T21:51:40+0200,fdae99e2-5a7d-42af-ac8a-eb89677bb4d2,2026-08-15T21:00:00Z,2026-08-15T23:00:00+0200,656.625,MW,BE,BE,forecast_offshore_wind_generation,Wind Offshore,2026-08-17T19:52:07Z
2026-08-17T19:51:40Z,2026-08-17T21:51:40+0200,fdae99e2-5a7d-42af-ac8a-eb89677bb4d2,2026-08-15T22:00:00Z,2026-08-16T00:00:00+0200,532.825,MW,BE,BE,forecast_offshore_wind_generation,Wind Offshore,2026-08-17T19:52:07Z
2026-08-17T19:51:40Z,2026-08-17T21:51:40+0200,fdae99e2-5a7d-42af-ac8a-eb89677bb4d2,2026-08-15T23:00:00Z,2026-08-16T01:00:00+0200,408.05,MW,BE,BE,forecast_offshore_wind_generation,Wind Offshore,2026-08-17T19:52:07Z
2026-08-17T19:51:40Z,2026-08-17T21:51:40+0200,fdae99e2-5a7d-42af-ac8a-eb89677bb4d2,2026-08-16T00:00:00Z,2026-08-16T02:00:00+0200,311.35,MW,BE,BE,forecast_offshore_wind_generation,Wind Offshore,2026-08-17T19:52:07Z
2026-08-17T19:51:40Z,2026-08-17T21:51:40+0200,fdae99e2-5a7d-42af-ac8a-eb89677bb4d2,2026-08-16T01:00:00Z,2026-08-16T03:00:00+0200,246.125,MW,BE,BE,forecast_offshore_wind_generation,Wind Offshore,2026-08-17T19:52:07Z
2026-08-17T19:51:40Z,2026-08-17T21:51:40+0200,fdae99e2-5a7d-42af-ac8a-eb89677bb4d2,2026-08-16T02:00:00Z,2026-08-16T04:00:00+0200,200.05,MW,BE,BE,forecast_offshore_wind_generation,Wind Offshore,2026-08-17T19:52:07Z
2026-08-17T19:51:40Z,2026-08-17T21:51:40+0200,fdae99e2-5a7d-42af-ac8a-eb89677bb4d2,2026-08-16T03:00:00Z,2026-08-16T05:00:00+0200,162.65,MW,BE,BE,forecast_offshore_wind_generation,Wind Offshore,2026-08-17T19:52:07Z
2026-08-17T19:51:40Z,2026-08-17T21:51:40+0200,fdae99e2-5a7d-42af-ac8a-eb89677bb4d2,2026-08-16T04:00:00Z,2026-08-16T06:00:00+0200,126.875,MW,BE,BE,forecast_offshore_wind_generation,Wind Offshore,2026-08-17T19:52:07Z
2026-08-17T19:51:40Z,2026-08-17T21:51:40+0200,fdae99e2-5a7d-42af-ac8a-eb89677bb4d2,2026-08-16T05:00:00Z,2026-08-16T07:00:00+0200,93.6,MW,BE,BE,forecast_offshore_wind_generation,Wind Offshore,2026-08-17T19:52:07Z
2026-08-17T19:51:40Z,2026-08-17T21:51:40+0200,fdae99e2-5a7d-42af-ac8a-eb89677bb4d2,2026-08-16T06:00:00Z,2026-08-16T08:00:00+0200,66.8,MW,BE,BE,forecast_offshore_wind_generation,Wind Offshore,2026-08-17T19:52:07Z
2026-08-17T19:51:40Z,2026-08-17T21:51:40+0200,fdae99e2-5a7d-42af-ac8a-eb89677bb4d2,2026-08-16T07:00:00Z,2026-08-16T09:00:00+0200,48.15,MW,BE,BE,forecast_offshore_wind_generation,Wind Offshore,2026-08-17T19:52:07Z
2026-08-17T19:51:40Z,2026-08-17T21:51:40+0200,fdae99e2-5a7d-42af-ac8a-eb89677bb4d2,2026-08-16T08:00:00Z,2026-08-16T10:00:00+0200,35.9,MW,BE,BE,forecast_offshore_wind_generation,Wind Offshore,2026-08-17T19:52:07Z
2026-08-17T19:51:40Z,2026-08-17T21:51:40+0200,fdae99e2-5a7d-42af-ac8a-eb89677bb4d2,2026-08-16T09:00:00Z,2026-08-16T11:00:00+0200,28.875,MW,BE,BE,forecast_offshore_wind_generation,Wind Offshore,2026-08-17T19:52:07Z
2026-08-17T19:51:40Z,2026-08-17T21:51:40+0200,fdae99e2-5a7d-42af-ac8a-eb89677bb4d2,2026-08-16T10:00:00Z,2026-08-16T12:00:00+0200,24.7,MW,BE,BE,forecast_offshore_wind_generation,Wind Offshore,2026-08-17T19:52:07Z
2026-08-17T19:51:40Z,2026-08-17T21:51:40+0200,fdae99e2-5a7d-42af-ac8a-eb89677bb4d2,2026-08-16T11:00:00Z,2026-08-16T13:00:00+0200,22.75,MW,BE,BE,forecast_offshore_wind_generation,Wind Offshore,2026-08-17T19:52:07Z
2026-08-17T19:51:40Z,2026-08-17T21:51:40+0200,fdae99e2-5a7d-42af-ac8a-eb89677bb4d2,2026-08-16T12:00:00Z,2026-08-16T14:00:00+0200,23.85,MW,BE,BE,forecast_offshore_wind_generation,Wind Offshore,2026-08-17T19:52:07Z
2026-08-17T19:51:40Z,2026-08-17T21:51:40+0200,fdae99e2-5a7d-42af-ac8a-eb89677bb4d2,2026-08-16T13:00:00Z,2026-08-16T15:00:00+0200,24.775,MW,BE,BE,forecast_offshore_wind_generation,Wind Offshore,2026-08-17T19:52:07Z
2026-08-17T19:51:40Z,2026-08-17T21:51:40+0200,fdae99e2-5a7d-42af-ac8a-eb89677bb4d2,2026-08-16T14:00:00Z,2026-08-16T16:00:00+0200,27.35,MW,BE,BE,forecast_offshore_wind_generation,Wind Offshore,2026-08-17T19:52:07Z
2026-08-17T19:51:40Z,2026-08-17T21:51:40+0200,fdae99e2-5a7d-42af-ac8a-eb89677bb4d2,2026-08-16T15:00:00Z,2026-08-16T17:00:00+0200,30.675,MW,BE,BE,forecast_offshore_wind_generation,Wind Offshore,2026-08-17T19:52:07Z
2026-08-17T19:51:40Z,2026-08-17T21:51:40+0200,fdae99e2-5a7d-42af-ac8a-eb89677bb4d2,2026-08-16T16:00:00Z,2026-08-16T18:00:00+0200,34.975,MW,BE,BE,forecast_offshore_wind_generation,Wind Offshore,2026-08-17T19:52:07Z
2026-08-17T19:51:40Z,2026-08-17T21:51:40+0200,fdae99e2-5a7d-42af-ac8a-eb89677bb4d2,2026-08-16T17:00:00Z,2026-08-16T19:00:00+0200,41.425,MW,BE,BE,forecast_offshore_wind_generation,Wind Offshore,2026-08-17T19:52:07Z
2026-08-17T19:51:40Z,2026-08-17T21:51:40+0200,fdae99e2-5a7d-42af-ac8a-eb89677bb4d2,2026-08-16T18:00:00Z,2026-08-16T20:00:00+0200,46.0,MW,BE,BE,forecast_offshore_wind_generation,Wind Offshore,2026-08-17T19:52:07Z
2026-08-17T19:51:40Z,2026-08-17T21:51:40+0200,fdae99e2-5a7d-42af-ac8a-eb89677bb4d2,2026-08-16T19:00:00Z,2026-08-16T21:00:00+0200,50.85,MW,BE,BE,forecast_offshore_wind_generation,Wind Offshore,2026-08-17T19:52:07Z
2026-08-17T19:51:40Z,2026-08-17T21:51:40+0200,fdae99e2-5a7d-42af-ac8a-eb89677bb4d2,2026-08-16T20:00:00Z,2026-08-16T22:00:00+0200,57.675,MW,BE,BE,forecast_offshore_wind_generation,Wind Offshore,2026-08-17T19:52:07Z
2026-08-17T19:51:40Z,2026-08-17T21:51:40+0200,fdae99e2-5a7d-42af-ac8a-eb89677bb4d2,2026-08-16T21:00:00Z,2026-08-16T23:00:00+0200,69.625,MW,BE,BE,forecast_offshore_wind_generation,Wind Offshore,2026-08-17T19:52:07Z
2026-08-17T19:51:40Z,2026-08-17T21:51:40+0200,fdae99e2-5a7d-42af-ac8a-eb89677bb4d2,2026-08-16T22:00:00Z,2026-08-17T00:00:00+0200,55.5,MW,BE,BE,forecast_offshore_wind_generation,Wind Offshore,2026-08-17T19:52:07Z
2026-08-17T19:51:40Z,2026-08-17T21:51:40+0200,fdae99e2-5a7d-42af-ac8a-eb89677bb4d2,2026-08-16T23:00:00Z,2026-08-17T01:00:00+0200,53.6,MW,BE,BE,forecast_offshore_wind_generation,Wind Offshore,2026-08-17T19:52:07Z
2026-08-17T19:51:40Z,2026-08-17T21:51:40+0200,fdae99e2-5a7d-42af-ac8a-eb89677bb4d2,2026-08-17T00:00:00Z,2026-08-17T02:00:00+0200,52.9,MW,BE,BE,forecast_offshore_wind_generation,Wind Offshore,2026-08-17T19:52:07Z
2026-08-17T19:51:40Z,2026-08-17T21:51:40+0200,fdae99e2-5a7d-42af-ac8a-eb89677bb4d2,2026-08-17T01:00:00Z,2026-08-17T03:00:00+0200,49.925,MW,BE,BE,forecast_offshore_wind_generation,Wind Offshore,2026-08-17T19:52:07Z
2026-08-17T19:51:40Z,2026-08-17T21:51:40+0200,fdae99e2-5a7d-42af-ac8a-eb89677bb4d2,2026-08-17T02:00:00Z,2026-08-17T04:00:00+0200,43.425,MW,BE,BE,forecast_offshore_wind_generation,Wind Offshore,2026-08-17T19:52:07Z
2026-08-17T19:51:40Z,2026-08-17T21:51:40+0200,fdae99e2-5a7d-42af-ac8a-eb89677bb4d2,2026-08-17T03:00:00Z,2026-08-17T05:00:00+0200,43.675,MW,BE,BE,forecast_offshore_wind_generation,Wind Offshore,2026-08-17T19:52:07Z
2026-08-17T19:51:40Z,2026-08-17T21:51:40+0200,fdae99e2-5a7d-42af-ac8a-eb89677bb4d2,2026-08-17T04:00:00Z,2026-08-17T06:00:00+0200,47.45,MW,BE,BE,forecast_offshore_wind_generation,Wind Offshore,2026-08-17T19:52:07Z
2026-08-17T19:51:40Z,2026-08-17T21:51:40+0200,fdae99e2-5a7d-42af-ac8a-eb89677bb4d2,2026-08-17T05:00:00Z,2026-08-17T07:00:00+0200,44.35,MW,BE,BE,forecast_offshore_wind_generation,Wind Offshore,2026-08-17T19:52:07Z
2026-08-17T19:51:40Z,2026-08-17T21:51:40+0200,fdae99e2-5a7d-42af-ac8a-eb89677bb4d2,2026-08-17T06:00:00Z,2026-08-17T08:00:00+0200,37.5,MW,BE,BE,forecast_offshore_wind_generation,Wind Offshore,2026-08-17T19:52:07Z
2026-08-17T19:51:40Z,2026-08-17T21:51:40+0200,fdae99e2-5a7d-42af-ac8a-eb89677bb4d2,2026-08-17T07:00:00Z,2026-08-17T09:00:00+0200,30.025,MW,BE,BE,forecast_offshore_wind_generation,Wind Offshore,2026-08-17T19:52:07Z
2026-08-17T19:51:40Z,2026-08-17T21:51:40+0200,fdae99e2-5a7d-42af-ac8a-eb89677bb4d2,2026-08-17T08:00:00Z,2026-08-17T10:00:00+0200,21.875,MW,BE,BE,forecast_offshore_wind_generation,Wind Offshore,2026-08-17T19:52:07Z
2026-08-17T19:51:40Z,2026-08-17T21:51:40+0200,fdae99e2-5a7d-42af-ac8a-eb89677bb4d2,2026-08-17T09:00:00Z,2026-08-17T11:00:00+0200,18.575,MW,BE,BE,forecast_offshore_wind_generation,Wind Offshore,2026-08-17T19:52:07Z
2026-08-17T19:51:40Z,2026-08-17T21:51:40+0200,fdae99e2-5a7d-42af-ac8a-eb89677bb4d2,2026-08-17T10:00:00Z,2026-08-17T12:00:00+0200,18.625,MW,BE,BE,forecast_offshore_wind_generation,Wind Offshore,2026-08-17T19:52:07Z
2026-08-17T19:51:40Z,2026-08-17T21:51:40+0200,fdae99e2-5a7d-42af-ac8a-eb89677bb4d2,2026-08-17T11:00:00Z,2026-08-17T13:00:00+0200,21.85,MW,BE,BE,forecast_offshore_wind_generation,Wind Offshore,2026-08-17T19:52:07Z
2026-08-17T19:51:40Z,2026-08-17T21:51:40+0200,fdae99e2-5a7d-42af-ac8a-eb89677bb4d2,2026-08-17T12:00:00Z,2026-08-17T14:00:00+0200,30.2,MW,BE,BE,forecast_offshore_wind_generation,Wind Offshore,2026-08-17T19:52:07Z
2026-08-17T19:51:40Z,2026-08-17T21:51:40+0200,fdae99e2-5a7d-42af-ac8a-eb89677bb4d2,2026-08-17T13:00:00Z,2026-08-17T15:00:00+0200,37.5,MW,BE,BE,forecast_offshore_wind_generation,Wind Offshore,2026-08-17T19:52:07Z
2026-08-17T19:51:40Z,2026-08-17T21:51:40+0200,fdae99e2-5a7d-42af-ac8a-eb89677bb4d2,2026-08-17T14:00:00Z,2026-08-17T16:00:00+0200,40.925,MW,BE,BE,forecast_offshore_wind_generation,Wind Offshore,2026-08-17T19:52:07Z
2026-08-17T19:51:40Z,2026-08-17T21:51:40+0200,fdae99e2-5a7d-42af-ac8a-eb89677bb4d2,2026-08-17T15:00:00Z,2026-08-17T17:00:00+0200,40.8,MW,BE,BE,forecast_offshore_wind_generation,Wind Offshore,2026-08-17T19:52:07Z
2026-08-17T19:51:40Z,2026-08-17T21:51:40+0200,fdae99e2-5a7d-42af-ac8a-eb89677bb4d2,2026-08-17T16:00:00Z,2026-08-17T18:00:00+0200,41.425,MW,BE,BE,forecast_offshore_wind_generation,Wind Offshore,2026-08-17T19:52:07Z
2026-08-17T19:51:40Z,2026-08-17T21:51:40+0200,fdae99e2-5a7d-42af-ac8a-eb89677bb4d2,2026-08-17T17:00:00Z,2026-08-17T19:00:00+0200,42.0,MW,BE,BE,forecast_offshore_wind_generation,Wind Offshore,2026-08-17T19:52:07Z
2026-08-17T19:51:40Z,2026-08-17T21:51:40+0200,fdae99e2-5a7d-42af-ac8a-eb89677bb4d2,2026-08-17T18:00:00Z,2026-08-17T20:00:00+0200,41.5,MW,BE,BE,forecast_offshore_wind_generation,Wind Offshore,2026-08-17T19:52:07Z
2026-08-17T19:51:40Z,2026-08-17T21:51:40+0200,fdae99e2-5a7d-42af-ac8a-eb89677bb4d2,2026-08-17T19:00:00Z,2026-08-17T21:00:00+0200,42.7,MW,BE,BE,forecast_offshore_wind_generation,Wind Offshore,2026-08-17T19:52:07Z
