collection_time_utc,collection_time_local,run_id,timestamp_utc,timestamp_local,value,unit,country,entsoe_area,variable,source,updated_at_utc
2026-09-12T23:13:15Z,2026-09-13T01:13:15+0200,2866f7da-ee7e-4cc2-b3c3-c97fb597cf24,2026-09-05T23:30:00Z,2026-09-06T01:30:00+0200,70.61,EUR/MWh,DK1,DK_1,day_ahead_price,value,2026-09-12T23:15:53Z
2026-09-12T23:13:15Z,2026-09-13T01:13:15+0200,2866f7da-ee7e-4cc2-b3c3-c97fb597cf24,2026-09-05T23:45:00Z,2026-09-06T01:45:00+0200,69.81,EUR/MWh,DK1,DK_1,day_ahead_price,value,2026-09-12T23:15:53Z
2026-09-12T23:13:15Z,2026-09-13T01:13:15+0200,2866f7da-ee7e-4cc2-b3c3-c97fb597cf24,2026-09-06T00:00:00Z,2026-09-06T02:00:00+0200,71.84,EUR/MWh,DK1,DK_1,day_ahead_price,value,2026-09-12T23:15:53Z
2026-09-12T23:13:15Z,2026-09-13T01:13:15+0200,2866f7da-ee7e-4cc2-b3c3-c97fb597cf24,2026-09-06T00:15:00Z,2026-09-06T02:15:00+0200,75.48,EUR/MWh,DK1,DK_1,day_ahead_price,value,2026-09-12T23:15:53Z
2026-09-12T23:13:15Z,2026-09-13T01:13:15+0200,2866f7da-ee7e-4cc2-b3c3-c97fb597cf24,2026-09-06T00:30:00Z,2026-09-06T02:30:00+0200,79.46,EUR/MWh,DK1,DK_1,day_ahead_price,value,2026-09-12T23:15:53Z
2026-09-12T23:13:15Z,2026-09-13T01:13:15+0200,2866f7da-ee7e-4cc2-b3c3-c97fb597cf24,2026-09-06T00:45:00Z,2026-09-06T02:45:00+0200,80.620003,EUR/MWh,DK1,DK_1,day_ahead_price,value,2026-09-12T23:15:53Z
2026-09-12T23:13:15Z,2026-09-13T01:13:15+0200,2866f7da-ee7e-4cc2-b3c3-c97fb597cf24,2026-09-06T01:00:00Z,2026-09-06T03:00:00+0200,87.220001,EUR/MWh,DK1,DK_1,day_ahead_price,value,2026-09-12T23:15:53Z
2026-09-12T23:13:15Z,2026-09-13T01:13:15+0200,2866f7da-ee7e-4cc2-b3c3-c97fb597cf24,2026-09-06T01:15:00Z,2026-09-06T03:15:00+0200,87.540001,EUR/MWh,DK1,DK_1,day_ahead_price,value,2026-09-12T23:15:53Z
2026-09-12T23:13:15Z,2026-09-13T01:13:15+0200,2866f7da-ee7e-4cc2-b3c3-c97fb597cf24,2026-09-06T01:30:00Z,2026-09-06T03:30:00+0200,91.110001,EUR/MWh,DK1,DK_1,day_ahead_price,value,2026-09-12T23:15:53Z
2026-09-12T23:13:15Z,2026-09-13T01:13:15+0200,2866f7da-ee7e-4cc2-b3c3-c97fb597cf24,2026-09-06T01:45:00Z,2026-09-06T03:45:00+0200,93.790001,EUR/MWh,DK1,DK_1,day_ahead_price,value,2026-09-12T23:15:53Z
2026-09-12T23:13:15Z,2026-09-13T01:13:15+0200,2866f7da-ee7e-4cc2-b3c3-c97fb597cf24,2026-09-06T02:00:00Z,2026-09-06T04:00:00+0200,110.01,EUR/MWh,DK1,DK_1,day_ahead_price,value,2026-09-12T23:15:53Z
2026-09-12T23:13:15Z,2026-09-13T01:13:15+0200,2866f7da-ee7e-4cc2-b3c3-c97fb597cf24,2026-09-06T02:15:00Z,2026-09-06T04:15:00+0200,110.790001,EUR/MWh,DK1,DK_1,day_ahead_price,value,2026-09-12T23:15:53Z
2026-09-12T23:13:15Z,2026-09-13T01:13:15+0200,2866f7da-ee7e-4cc2-b3c3-c97fb597cf24,2026-09-06T02:30:00Z,2026-09-06T04:30:00+0200,115.2,EUR/MWh,DK1,DK_1,day_ahead_price,value,2026-09-12T23:15:53Z
2026-09-12T23:13:15Z,2026-09-13T01:13:15+0200,2866f7da-ee7e-4cc2-b3c3-c97fb597cf24,2026-09-06T02:45:00Z,2026-09-06T04:45:00+0200,114.800003,EUR/MWh,DK1,DK_1,day_ahead_price,value,2026-09-12T23:15:53Z
2026-09-12T23:13:15Z,2026-09-13T01:13:15+0200,2866f7da-ee7e-4cc2-b3c3-c97fb597cf24,2026-09-06T03:00:00Z,2026-09-06T05:00:00+0200,131.029999,EUR/MWh,DK1,DK_1,day_ahead_price,value,2026-09-12T23:15:53Z
2026-09-12T23:13:15Z,2026-09-13T01:13:15+0200,2866f7da-ee7e-4cc2-b3c3-c97fb597cf24,2026-09-06T03:15:00Z,2026-09-06T05:15:00+0200,131.929993,EUR/MWh,DK1,DK_1,day_ahead_price,value,2026-09-12T23:15:53Z
2026-09-12T23:13:15Z,2026-09-13T01:13:15+0200,2866f7da-ee7e-4cc2-b3c3-c97fb597cf24,2026-09-06T03:30:00Z,2026-09-06T05:30:00+0200,143.89,EUR/MWh,DK1,DK_1,day_ahead_price,value,2026-09-12T23:15:53Z
2026-09-12T23:13:15Z,2026-09-13T01:13:15+0200,2866f7da-ee7e-4cc2-b3c3-c97fb597cf24,2026-09-06T03:45:00Z,2026-09-06T05:45:00+0200,142.35,EUR/MWh,DK1,DK_1,day_ahead_price,value,2026-09-12T23:15:53Z
2026-09-12T23:13:15Z,2026-09-13T01:13:15+0200,2866f7da-ee7e-4cc2-b3c3-c97fb597cf24,2026-09-06T04:00:00Z,2026-09-06T06:00:00+0200,140.210007,EUR/MWh,DK1,DK_1,day_ahead_price,value,2026-09-12T23:15:53Z
2026-09-12T23:13:15Z,2026-09-13T01:13:15+0200,2866f7da-ee7e-4cc2-b3c3-c97fb597cf24,2026-09-06T04:15:00Z,2026-09-06T06:15:00+0200,141.41,EUR/MWh,DK1,DK_1,day_ahead_price,value,2026-09-12T23:15:53Z
2026-09-12T23:13:15Z,2026-09-13T01:13:15+0200,2866f7da-ee7e-4cc2-b3c3-c97fb597cf24,2026-09-06T04:30:00Z,2026-09-06T06:30:00+0200,143.22,EUR/MWh,DK1,DK_1,day_ahead_price,value,2026-09-12T23:15:53Z
2026-09-12T23:13:15Z,2026-09-13T01:13:15+0200,2866f7da-ee7e-4cc2-b3c3-c97fb597cf24,2026-09-06T04:45:00Z,2026-09-06T06:45:00+0200,140.76,EUR/MWh,DK1,DK_1,day_ahead_price,value,2026-09-12T23:15:53Z
2026-09-12T23:13:15Z,2026-09-13T01:13:15+0200,2866f7da-ee7e-4cc2-b3c3-c97fb597cf24,2026-09-06T05:00:00Z,2026-09-06T07:00:00+0200,143.18,EUR/MWh,DK1,DK_1,day_ahead_price,value,2026-09-12T23:15:53Z
2026-09-12T23:13:15Z,2026-09-13T01:13:15+0200,2866f7da-ee7e-4cc2-b3c3-c97fb597cf24,2026-09-06T05:15:00Z,2026-09-06T07:15:00+0200,137.669998,EUR/MWh,DK1,DK_1,day_ahead_price,value,2026-09-12T23:15:53Z
2026-09-12T23:13:15Z,2026-09-13T01:13:15+0200,2866f7da-ee7e-4cc2-b3c3-c97fb597cf24,2026-09-06T05:30:00Z,2026-09-06T07:30:00+0200,129.73,EUR/MWh,DK1,DK_1,day_ahead_price,value,2026-09-12T23:15:53Z
2026-09-12T23:13:15Z,2026-09-13T01:13:15+0200,2866f7da-ee7e-4cc2-b3c3-c97fb597cf24,2026-09-06T05:45:00Z,2026-09-06T07:45:00+0200,119.910004,EUR/MWh,DK1,DK_1,day_ahead_price,value,2026-09-12T23:15:53Z
2026-09-12T23:13:15Z,2026-09-13T01:13:15+0200,2866f7da-ee7e-4cc2-b3c3-c97fb597cf24,2026-09-06T06:00:00Z,2026-09-06T08:00:00+0200,137.65,EUR/MWh,DK1,DK_1,day_ahead_price,value,2026-09-12T23:15:53Z
2026-09-12T23:13:15Z,2026-09-13T01:13:15+0200,2866f7da-ee7e-4cc2-b3c3-c97fb597cf24,2026-09-06T06:15:00Z,2026-09-06T08:15:00+0200,121.63,EUR/MWh,DK1,DK_1,day_ahead_price,value,2026-09-12T23:15:53Z
2026-09-12T23:13:15Z,2026-09-13T01:13:15+0200,2866f7da-ee7e-4cc2-b3c3-c97fb597cf24,2026-09-06T06:30:00Z,2026-09-06T08:30:00+0200,93.94,EUR/MWh,DK1,DK_1,day_ahead_price,value,2026-09-12T23:15:53Z
2026-09-12T23:13:15Z,2026-09-13T01:13:15+0200,2866f7da-ee7e-4cc2-b3c3-c97fb597cf24,2026-09-06T06:45:00Z,2026-09-06T08:45:00+0200,75.0,EUR/MWh,DK1,DK_1,day_ahead_price,value,2026-09-12T23:15:53Z
2026-09-12T23:13:15Z,2026-09-13T01:13:15+0200,2866f7da-ee7e-4cc2-b3c3-c97fb597cf24,2026-09-06T07:00:00Z,2026-09-06T09:00:00+0200,82.610001,EUR/MWh,DK1,DK_1,day_ahead_price,value,2026-09-12T23:15:53Z
2026-09-12T23:13:15Z,2026-09-13T01:13:15+0200,2866f7da-ee7e-4cc2-b3c3-c97fb597cf24,2026-09-06T07:15:00Z,2026-09-06T09:15:00+0200,58.209999,EUR/MWh,DK1,DK_1,day_ahead_price,value,2026-09-12T23:15:53Z
2026-09-12T23:13:15Z,2026-09-13T01:13:15+0200,2866f7da-ee7e-4cc2-b3c3-c97fb597cf24,2026-09-06T07:30:00Z,2026-09-06T09:30:00+0200,12.24,EUR/MWh,DK1,DK_1,day_ahead_price,value,2026-09-12T23:15:53Z
2026-09-12T23:13:15Z,2026-09-13T01:13:15+0200,2866f7da-ee7e-4cc2-b3c3-c97fb597cf24,2026-09-06T07:45:00Z,2026-09-06T09:45:00+0200,7.49,EUR/MWh,DK1,DK_1,day_ahead_price,value,2026-09-12T23:15:53Z
2026-09-12T23:13:15Z,2026-09-13T01:13:15+0200,2866f7da-ee7e-4cc2-b3c3-c97fb597cf24,2026-09-06T08:00:00Z,2026-09-06T10:00:00+0200,2.42,EUR/MWh,DK1,DK_1,day_ahead_price,value,2026-09-12T23:15:53Z
2026-09-12T23:13:15Z,2026-09-13T01:13:15+0200,2866f7da-ee7e-4cc2-b3c3-c97fb597cf24,2026-09-06T08:15:00Z,2026-09-06T10:15:00+0200,0.8,EUR/MWh,DK1,DK_1,day_ahead_price,value,2026-09-12T23:15:53Z
2026-09-12T23:13:15Z,2026-09-13T01:13:15+0200,2866f7da-ee7e-4cc2-b3c3-c97fb597cf24,2026-09-06T08:30:00Z,2026-09-06T10:30:00+0200,0.02,EUR/MWh,DK1,DK_1,day_ahead_price,value,2026-09-12T23:15:53Z
2026-09-12T23:13:15Z,2026-09-13T01:13:15+0200,2866f7da-ee7e-4cc2-b3c3-c97fb597cf24,2026-09-06T08:45:00Z,2026-09-06T10:45:00+0200,0.0,EUR/MWh,DK1,DK_1,day_ahead_price,value,2026-09-12T23:15:53Z
2026-09-12T23:13:15Z,2026-09-13T01:13:15+0200,2866f7da-ee7e-4cc2-b3c3-c97fb597cf24,2026-09-06T09:00:00Z,2026-09-06T11:00:00+0200,0.0,EUR/MWh,DK1,DK_1,day_ahead_price,value,2026-09-12T23:15:53Z
2026-09-12T23:13:15Z,2026-09-13T01:13:15+0200,2866f7da-ee7e-4cc2-b3c3-c97fb597cf24,2026-09-06T09:15:00Z,2026-09-06T11:15:00+0200,0.0,EUR/MWh,DK1,DK_1,day_ahead_price,value,2026-09-12T23:15:53Z
2026-09-12T23:13:15Z,2026-09-13T01:13:15+0200,2866f7da-ee7e-4cc2-b3c3-c97fb597cf24,2026-09-06T09:30:00Z,2026-09-06T11:30:00+0200,0.0,EUR/MWh,DK1,DK_1,day_ahead_price,value,2026-09-12T23:15:53Z
2026-09-12T23:13:15Z,2026-09-13T01:13:15+0200,2866f7da-ee7e-4cc2-b3c3-c97fb597cf24,2026-09-06T09:45:00Z,2026-09-06T11:45:00+0200,0.0,EUR/MWh,DK1,DK_1,day_ahead_price,value,2026-09-12T23:15:53Z
2026-09-12T23:13:15Z,2026-09-13T01:13:15+0200,2866f7da-ee7e-4cc2-b3c3-c97fb597cf24,2026-09-06T10:00:00Z,2026-09-06T12:00:00+0200,0.1,EUR/MWh,DK1,DK_1,day_ahead_price,value,2026-09-12T23:15:53Z
2026-09-12T23:13:15Z,2026-09-13T01:13:15+0200,2866f7da-ee7e-4cc2-b3c3-c97fb597cf24,2026-09-06T10:15:00Z,2026-09-06T12:15:00+0200,0.98,EUR/MWh,DK1,DK_1,day_ahead_price,value,2026-09-12T23:15:53Z
2026-09-12T23:13:15Z,2026-09-13T01:13:15+0200,2866f7da-ee7e-4cc2-b3c3-c97fb597cf24,2026-09-06T10:30:00Z,2026-09-06T12:30:00+0200,1.27,EUR/MWh,DK1,DK_1,day_ahead_price,value,2026-09-12T23:15:53Z
2026-09-12T23:13:15Z,2026-09-13T01:13:15+0200,2866f7da-ee7e-4cc2-b3c3-c97fb597cf24,2026-09-06T10:45:00Z,2026-09-06T12:45:00+0200,1.33,EUR/MWh,DK1,DK_1,day_ahead_price,value,2026-09-12T23:15:53Z
2026-09-12T23:13:15Z,2026-09-13T01:13:15+0200,2866f7da-ee7e-4cc2-b3c3-c97fb597cf24,2026-09-06T11:00:00Z,2026-09-06T13:00:00+0200,0.5,EUR/MWh,DK1,DK_1,day_ahead_price,value,2026-09-12T23:15:53Z
2026-09-12T23:13:15Z,2026-09-13T01:13:15+0200,2866f7da-ee7e-4cc2-b3c3-c97fb597cf24,2026-09-06T11:15:00Z,2026-09-06T13:15:00+0200,1.33,EUR/MWh,DK1,DK_1,day_ahead_price,value,2026-09-12T23:15:53Z
2026-09-12T23:13:15Z,2026-09-13T01:13:15+0200,2866f7da-ee7e-4cc2-b3c3-c97fb597cf24,2026-09-06T11:30:00Z,2026-09-06T13:30:00+0200,1.33,EUR/MWh,DK1,DK_1,day_ahead_price,value,2026-09-12T23:15:53Z
2026-09-12T23:13:15Z,2026-09-13T01:13:15+0200,2866f7da-ee7e-4cc2-b3c3-c97fb597cf24,2026-09-06T11:45:00Z,2026-09-06T13:45:00+0200,1.34,EUR/MWh,DK1,DK_1,day_ahead_price,value,2026-09-12T23:15:53Z
2026-09-12T23:13:15Z,2026-09-13T01:13:15+0200,2866f7da-ee7e-4cc2-b3c3-c97fb597cf24,2026-09-06T12:00:00Z,2026-09-06T14:00:00+0200,0.1,EUR/MWh,DK1,DK_1,day_ahead_price,value,2026-09-12T23:15:53Z
2026-09-12T23:13:15Z,2026-09-13T01:13:15+0200,2866f7da-ee7e-4cc2-b3c3-c97fb597cf24,2026-09-06T12:15:00Z,2026-09-06T14:15:00+0200,0.1,EUR/MWh,DK1,DK_1,day_ahead_price,value,2026-09-12T23:15:53Z
2026-09-12T23:13:15Z,2026-09-13T01:13:15+0200,2866f7da-ee7e-4cc2-b3c3-c97fb597cf24,2026-09-06T12:30:00Z,2026-09-06T14:30:00+0200,0.1,EUR/MWh,DK1,DK_1,day_ahead_price,value,2026-09-12T23:15:53Z
2026-09-12T23:13:15Z,2026-09-13T01:13:15+0200,2866f7da-ee7e-4cc2-b3c3-c97fb597cf24,2026-09-06T12:45:00Z,2026-09-06T14:45:00+0200,0.1,EUR/MWh,DK1,DK_1,day_ahead_price,value,2026-09-12T23:15:53Z
2026-09-12T23:13:15Z,2026-09-13T01:13:15+0200,2866f7da-ee7e-4cc2-b3c3-c97fb597cf24,2026-09-06T13:00:00Z,2026-09-06T15:00:00+0200,0.0,EUR/MWh,DK1,DK_1,day_ahead_price,value,2026-09-12T23:15:53Z
2026-09-12T23:13:15Z,2026-09-13T01:13:15+0200,2866f7da-ee7e-4cc2-b3c3-c97fb597cf24,2026-09-06T13:15:00Z,2026-09-06T15:15:00+0200,0.0,EUR/MWh,DK1,DK_1,day_ahead_price,value,2026-09-12T23:15:53Z
2026-09-12T23:13:15Z,2026-09-13T01:13:15+0200,2866f7da-ee7e-4cc2-b3c3-c97fb597cf24,2026-09-06T13:30:00Z,2026-09-06T15:30:00+0200,0.0,EUR/MWh,DK1,DK_1,day_ahead_price,value,2026-09-12T23:15:53Z
2026-09-12T23:13:15Z,2026-09-13T01:13:15+0200,2866f7da-ee7e-4cc2-b3c3-c97fb597cf24,2026-09-06T13:45:00Z,2026-09-06T15:45:00+0200,0.07,EUR/MWh,DK1,DK_1,day_ahead_price,value,2026-09-12T23:15:53Z
2026-09-12T23:13:15Z,2026-09-13T01:13:15+0200,2866f7da-ee7e-4cc2-b3c3-c97fb597cf24,2026-09-06T14:00:00Z,2026-09-06T16:00:00+0200,0.12,EUR/MWh,DK1,DK_1,day_ahead_price,value,2026-09-12T23:15:53Z
2026-09-12T23:13:15Z,2026-09-13T01:13:15+0200,2866f7da-ee7e-4cc2-b3c3-c97fb597cf24,2026-09-06T14:15:00Z,2026-09-06T16:15:00+0200,1.99,EUR/MWh,DK1,DK_1,day_ahead_price,value,2026-09-12T23:15:53Z
2026-09-12T23:13:15Z,2026-09-13T01:13:15+0200,2866f7da-ee7e-4cc2-b3c3-c97fb597cf24,2026-09-06T14:30:00Z,2026-09-06T16:30:00+0200,20.0,EUR/MWh,DK1,DK_1,day_ahead_price,value,2026-09-12T23:15:53Z
2026-09-12T23:13:15Z,2026-09-13T01:13:15+0200,2866f7da-ee7e-4cc2-b3c3-c97fb597cf24,2026-09-06T14:45:00Z,2026-09-06T16:45:00+0200,57.830002,EUR/MWh,DK1,DK_1,day_ahead_price,value,2026-09-12T23:15:53Z
2026-09-12T23:13:15Z,2026-09-13T01:13:15+0200,2866f7da-ee7e-4cc2-b3c3-c97fb597cf24,2026-09-06T15:00:00Z,2026-09-06T17:00:00+0200,57.23,EUR/MWh,DK1,DK_1,day_ahead_price,value,2026-09-12T23:15:53Z
2026-09-12T23:13:15Z,2026-09-13T01:13:15+0200,2866f7da-ee7e-4cc2-b3c3-c97fb597cf24,2026-09-06T15:15:00Z,2026-09-06T17:15:00+0200,92.410004,EUR/MWh,DK1,DK_1,day_ahead_price,value,2026-09-12T23:15:53Z
2026-09-12T23:13:15Z,2026-09-13T01:13:15+0200,2866f7da-ee7e-4cc2-b3c3-c97fb597cf24,2026-09-06T15:30:00Z,2026-09-06T17:30:00+0200,150.25,EUR/MWh,DK1,DK_1,day_ahead_price,value,2026-09-12T23:15:53Z
2026-09-12T23:13:15Z,2026-09-13T01:13:15+0200,2866f7da-ee7e-4cc2-b3c3-c97fb597cf24,2026-09-06T15:45:00Z,2026-09-06T17:45:00+0200,191.429993,EUR/MWh,DK1,DK_1,day_ahead_price,value,2026-09-12T23:15:53Z
2026-09-12T23:13:15Z,2026-09-13T01:13:15+0200,2866f7da-ee7e-4cc2-b3c3-c97fb597cf24,2026-09-06T16:00:00Z,2026-09-06T18:00:00+0200,154.5,EUR/MWh,DK1,DK_1,day_ahead_price,value,2026-09-12T23:15:53Z
2026-09-12T23:13:15Z,2026-09-13T01:13:15+0200,2866f7da-ee7e-4cc2-b3c3-c97fb597cf24,2026-09-06T16:15:00Z,2026-09-06T18:15:00+0200,181.35,EUR/MWh,DK1,DK_1,day_ahead_price,value,2026-09-12T23:15:53Z
2026-09-12T23:13:15Z,2026-09-13T01:13:15+0200,2866f7da-ee7e-4cc2-b3c3-c97fb597cf24,2026-09-06T16:30:00Z,2026-09-06T18:30:00+0200,204.96,EUR/MWh,DK1,DK_1,day_ahead_price,value,2026-09-12T23:15:53Z
2026-09-12T23:13:15Z,2026-09-13T01:13:15+0200,2866f7da-ee7e-4cc2-b3c3-c97fb597cf24,2026-09-06T16:45:00Z,2026-09-06T18:45:00+0200,233.940002,EUR/MWh,DK1,DK_1,day_ahead_price,value,2026-09-12T23:15:53Z
2026-09-12T23:13:15Z,2026-09-13T01:13:15+0200,2866f7da-ee7e-4cc2-b3c3-c97fb597cf24,2026-09-06T17:00:00Z,2026-09-06T19:00:00+0200,199.82,EUR/MWh,DK1,DK_1,day_ahead_price,value,2026-09-12T23:15:53Z
2026-09-12T23:13:15Z,2026-09-13T01:13:15+0200,2866f7da-ee7e-4cc2-b3c3-c97fb597cf24,2026-09-06T17:15:00Z,2026-09-06T19:15:00+0200,221.740005,EUR/MWh,DK1,DK_1,day_ahead_price,value,2026-09-12T23:15:53Z
2026-09-12T23:13:15Z,2026-09-13T01:13:15+0200,2866f7da-ee7e-4cc2-b3c3-c97fb597cf24,2026-09-06T17:30:00Z,2026-09-06T19:30:00+0200,225.43,EUR/MWh,DK1,DK_1,day_ahead_price,value,2026-09-12T23:15:53Z
2026-09-12T23:13:15Z,2026-09-13T01:13:15+0200,2866f7da-ee7e-4cc2-b3c3-c97fb597cf24,2026-09-06T17:45:00Z,2026-09-06T19:45:00+0200,240.47,EUR/MWh,DK1,DK_1,day_ahead_price,value,2026-09-12T23:15:53Z
2026-09-12T23:13:15Z,2026-09-13T01:13:15+0200,2866f7da-ee7e-4cc2-b3c3-c97fb597cf24,2026-09-06T18:00:00Z,2026-09-06T20:00:00+0200,224.990005,EUR/MWh,DK1,DK_1,day_ahead_price,value,2026-09-12T23:15:53Z
2026-09-12T23:13:15Z,2026-09-13T01:13:15+0200,2866f7da-ee7e-4cc2-b3c3-c97fb597cf24,2026-09-06T18:15:00Z,2026-09-06T20:15:00+0200,228.57,EUR/MWh,DK1,DK_1,day_ahead_price,value,2026-09-12T23:15:53Z
2026-09-12T23:13:15Z,2026-09-13T01:13:15+0200,2866f7da-ee7e-4cc2-b3c3-c97fb597cf24,2026-09-06T18:30:00Z,2026-09-06T20:30:00+0200,235.059998,EUR/MWh,DK1,DK_1,day_ahead_price,value,2026-09-12T23:15:53Z
2026-09-12T23:13:15Z,2026-09-13T01:13:15+0200,2866f7da-ee7e-4cc2-b3c3-c97fb597cf24,2026-09-06T18:45:00Z,2026-09-06T20:45:00+0200,222.0,EUR/MWh,DK1,DK_1,day_ahead_price,value,2026-09-12T23:15:53Z
2026-09-12T23:13:15Z,2026-09-13T01:13:15+0200,2866f7da-ee7e-4cc2-b3c3-c97fb597cf24,2026-09-06T19:00:00Z,2026-09-06T21:00:00+0200,230.95,EUR/MWh,DK1,DK_1,day_ahead_price,value,2026-09-12T23:15:53Z
2026-09-12T23:13:15Z,2026-09-13T01:13:15+0200,2866f7da-ee7e-4cc2-b3c3-c97fb597cf24,2026-09-06T19:15:00Z,2026-09-06T21:15:00+0200,207.44,EUR/MWh,DK1,DK_1,day_ahead_price,value,2026-09-12T23:15:53Z
2026-09-12T23:13:15Z,2026-09-13T01:13:15+0200,2866f7da-ee7e-4cc2-b3c3-c97fb597cf24,2026-09-06T19:30:00Z,2026-09-06T21:30:00+0200,200.0,EUR/MWh,DK1,DK_1,day_ahead_price,value,2026-09-12T23:15:53Z
2026-09-12T23:13:15Z,2026-09-13T01:13:15+0200,2866f7da-ee7e-4cc2-b3c3-c97fb597cf24,2026-09-06T19:45:00Z,2026-09-06T21:45:00+0200,186.23,EUR/MWh,DK1,DK_1,day_ahead_price,value,2026-09-12T23:15:53Z
2026-09-12T23:13:15Z,2026-09-13T01:13:15+0200,2866f7da-ee7e-4cc2-b3c3-c97fb597cf24,2026-09-06T20:00:00Z,2026-09-06T22:00:00+0200,203.97,EUR/MWh,DK1,DK_1,day_ahead_price,value,2026-09-12T23:15:53Z
2026-09-12T23:13:15Z,2026-09-13T01:13:15+0200,2866f7da-ee7e-4cc2-b3c3-c97fb597cf24,2026-09-06T20:15:00Z,2026-09-06T22:15:00+0200,191.26,EUR/MWh,DK1,DK_1,day_ahead_price,value,2026-09-12T23:15:53Z
2026-09-12T23:13:15Z,2026-09-13T01:13:15+0200,2866f7da-ee7e-4cc2-b3c3-c97fb597cf24,2026-09-06T20:30:00Z,2026-09-06T22:30:00+0200,185.800003,EUR/MWh,DK1,DK_1,day_ahead_price,value,2026-09-12T23:15:53Z
2026-09-12T23:13:15Z,2026-09-13T01:13:15+0200,2866f7da-ee7e-4cc2-b3c3-c97fb597cf24,2026-09-06T20:45:00Z,2026-09-06T22:45:00+0200,176.51,EUR/MWh,DK1,DK_1,day_ahead_price,value,2026-09-12T23:15:53Z
2026-09-12T23:13:15Z,2026-09-13T01:13:15+0200,2866f7da-ee7e-4cc2-b3c3-c97fb597cf24,2026-09-06T21:00:00Z,2026-09-06T23:00:00+0200,182.259995,EUR/MWh,DK1,DK_1,day_ahead_price,value,2026-09-12T23:15:53Z
2026-09-12T23:13:15Z,2026-09-13T01:13:15+0200,2866f7da-ee7e-4cc2-b3c3-c97fb597cf24,2026-09-06T21:15:00Z,2026-09-06T23:15:00+0200,171.759995,EUR/MWh,DK1,DK_1,day_ahead_price,value,2026-09-12T23:15:53Z
2026-09-12T23:13:15Z,2026-09-13T01:13:15+0200,2866f7da-ee7e-4cc2-b3c3-c97fb597cf24,2026-09-06T21:30:00Z,2026-09-06T23:30:00+0200,170.289993,EUR/MWh,DK1,DK_1,day_ahead_price,value,2026-09-12T23:15:53Z
2026-09-12T23:13:15Z,2026-09-13T01:13:15+0200,2866f7da-ee7e-4cc2-b3c3-c97fb597cf24,2026-09-06T21:45:00Z,2026-09-06T23:45:00+0200,153.26,EUR/MWh,DK1,DK_1,day_ahead_price,value,2026-09-12T23:15:53Z
2026-09-12T23:13:15Z,2026-09-13T01:13:15+0200,2866f7da-ee7e-4cc2-b3c3-c97fb597cf24,2026-09-06T22:00:00Z,2026-09-07T00:00:00+0200,169.86,EUR/MWh,DK1,DK_1,day_ahead_price,value,2026-09-12T23:15:53Z
2026-09-12T23:13:15Z,2026-09-13T01:13:15+0200,2866f7da-ee7e-4cc2-b3c3-c97fb597cf24,2026-09-06T22:15:00Z,2026-09-07T00:15:00+0200,156.59,EUR/MWh,DK1,DK_1,day_ahead_price,value,2026-09-12T23:15:53Z
2026-09-12T23:13:15Z,2026-09-13T01:13:15+0200,2866f7da-ee7e-4cc2-b3c3-c97fb597cf24,2026-09-06T22:30:00Z,2026-09-07T00:30:00+0200,149.53,EUR/MWh,DK1,DK_1,day_ahead_price,value,2026-09-12T23:15:53Z
2026-09-12T23:13:15Z,2026-09-13T01:13:15+0200,2866f7da-ee7e-4cc2-b3c3-c97fb597cf24,2026-09-06T22:45:00Z,2026-09-07T00:45:00+0200,145.66,EUR/MWh,DK1,DK_1,day_ahead_price,value,2026-09-12T23:15:53Z
2026-09-12T23:13:15Z,2026-09-13T01:13:15+0200,2866f7da-ee7e-4cc2-b3c3-c97fb597cf24,2026-09-06T23:00:00Z,2026-09-07T01:00:00+0200,157.11,EUR/MWh,DK1,DK_1,day_ahead_price,value,2026-09-12T23:15:53Z
2026-09-12T23:13:15Z,2026-09-13T01:13:15+0200,2866f7da-ee7e-4cc2-b3c3-c97fb597cf24,2026-09-06T23:15:00Z,2026-09-07T01:15:00+0200,149.96,EUR/MWh,DK1,DK_1,day_ahead_price,value,2026-09-12T23:15:53Z
2026-09-12T23:13:15Z,2026-09-13T01:13:15+0200,2866f7da-ee7e-4cc2-b3c3-c97fb597cf24,2026-09-06T23:30:00Z,2026-09-07T01:30:00+0200,149.34,EUR/MWh,DK1,DK_1,day_ahead_price,value,2026-09-12T23:15:53Z
2026-09-12T23:13:15Z,2026-09-13T01:13:15+0200,2866f7da-ee7e-4cc2-b3c3-c97fb597cf24,2026-09-06T23:45:00Z,2026-09-07T01:45:00+0200,146.6,EUR/MWh,DK1,DK_1,day_ahead_price,value,2026-09-12T23:15:53Z
2026-09-12T23:13:15Z,2026-09-13T01:13:15+0200,2866f7da-ee7e-4cc2-b3c3-c97fb597cf24,2026-09-07T00:00:00Z,2026-09-07T02:00:00+0200,148.93,EUR/MWh,DK1,DK_1,day_ahead_price,value,2026-09-12T23:15:53Z
2026-09-12T23:13:15Z,2026-09-13T01:13:15+0200,2866f7da-ee7e-4cc2-b3c3-c97fb597cf24,2026-09-07T00:15:00Z,2026-09-07T02:15:00+0200,148.92,EUR/MWh,DK1,DK_1,day_ahead_price,value,2026-09-12T23:15:53Z
2026-09-12T23:13:15Z,2026-09-13T01:13:15+0200,2866f7da-ee7e-4cc2-b3c3-c97fb597cf24,2026-09-07T00:30:00Z,2026-09-07T02:30:00+0200,148.26,EUR/MWh,DK1,DK_1,day_ahead_price,value,2026-09-12T23:15:53Z
2026-09-12T23:13:15Z,2026-09-13T01:13:15+0200,2866f7da-ee7e-4cc2-b3c3-c97fb597cf24,2026-09-07T00:45:00Z,2026-09-07T02:45:00+0200,146.66,EUR/MWh,DK1,DK_1,day_ahead_price,value,2026-09-12T23:15:53Z
2026-09-12T23:13:15Z,2026-09-13T01:13:15+0200,2866f7da-ee7e-4cc2-b3c3-c97fb597cf24,2026-09-07T01:00:00Z,2026-09-07T03:00:00+0200,150.3,EUR/MWh,DK1,DK_1,day_ahead_price,value,2026-09-12T23:15:53Z
2026-09-12T23:13:15Z,2026-09-13T01:13:15+0200,2866f7da-ee7e-4cc2-b3c3-c97fb597cf24,2026-09-07T01:15:00Z,2026-09-07T03:15:00+0200,147.26,EUR/MWh,DK1,DK_1,day_ahead_price,value,2026-09-12T23:15:53Z
2026-09-12T23:13:15Z,2026-09-13T01:13:15+0200,2866f7da-ee7e-4cc2-b3c3-c97fb597cf24,2026-09-07T01:30:00Z,2026-09-07T03:30:00+0200,147.19,EUR/MWh,DK1,DK_1,day_ahead_price,value,2026-09-12T23:15:53Z
2026-09-12T23:13:15Z,2026-09-13T01:13:15+0200,2866f7da-ee7e-4cc2-b3c3-c97fb597cf24,2026-09-07T01:45:00Z,2026-09-07T03:45:00+0200,147.55,EUR/MWh,DK1,DK_1,day_ahead_price,value,2026-09-12T23:15:53Z
2026-09-12T23:13:15Z,2026-09-13T01:13:15+0200,2866f7da-ee7e-4cc2-b3c3-c97fb597cf24,2026-09-07T02:00:00Z,2026-09-07T04:00:00+0200,147.56,EUR/MWh,DK1,DK_1,day_ahead_price,value,2026-09-12T23:15:53Z
2026-09-12T23:13:15Z,2026-09-13T01:13:15+0200,2866f7da-ee7e-4cc2-b3c3-c97fb597cf24,2026-09-07T02:15:00Z,2026-09-07T04:15:00+0200,149.4,EUR/MWh,DK1,DK_1,day_ahead_price,value,2026-09-12T23:15:53Z
2026-09-12T23:13:15Z,2026-09-13T01:13:15+0200,2866f7da-ee7e-4cc2-b3c3-c97fb597cf24,2026-09-07T02:30:00Z,2026-09-07T04:30:00+0200,150.71,EUR/MWh,DK1,DK_1,day_ahead_price,value,2026-09-12T23:15:53Z
2026-09-12T23:13:15Z,2026-09-13T01:13:15+0200,2866f7da-ee7e-4cc2-b3c3-c97fb597cf24,2026-09-07T02:45:00Z,2026-09-07T04:45:00+0200,159.59,EUR/MWh,DK1,DK_1,day_ahead_price,value,2026-09-12T23:15:53Z
2026-09-12T23:13:15Z,2026-09-13T01:13:15+0200,2866f7da-ee7e-4cc2-b3c3-c97fb597cf24,2026-09-07T03:00:00Z,2026-09-07T05:00:00+0200,154.51,EUR/MWh,DK1,DK_1,day_ahead_price,value,2026-09-12T23:15:53Z
2026-09-12T23:13:15Z,2026-09-13T01:13:15+0200,2866f7da-ee7e-4cc2-b3c3-c97fb597cf24,2026-09-07T03:15:00Z,2026-09-07T05:15:00+0200,165.0,EUR/MWh,DK1,DK_1,day_ahead_price,value,2026-09-12T23:15:53Z
2026-09-12T23:13:15Z,2026-09-13T01:13:15+0200,2866f7da-ee7e-4cc2-b3c3-c97fb597cf24,2026-09-07T03:30:00Z,2026-09-07T05:30:00+0200,178.05,EUR/MWh,DK1,DK_1,day_ahead_price,value,2026-09-12T23:15:53Z
2026-09-12T23:13:15Z,2026-09-13T01:13:15+0200,2866f7da-ee7e-4cc2-b3c3-c97fb597cf24,2026-09-07T03:45:00Z,2026-09-07T05:45:00+0200,192.77,EUR/MWh,DK1,DK_1,day_ahead_price,value,2026-09-12T23:15:53Z
2026-09-12T23:13:15Z,2026-09-13T01:13:15+0200,2866f7da-ee7e-4cc2-b3c3-c97fb597cf24,2026-09-07T04:00:00Z,2026-09-07T06:00:00+0200,193.31,EUR/MWh,DK1,DK_1,day_ahead_price,value,2026-09-12T23:15:53Z
2026-09-12T23:13:15Z,2026-09-13T01:13:15+0200,2866f7da-ee7e-4cc2-b3c3-c97fb597cf24,2026-09-07T04:15:00Z,2026-09-07T06:15:00+0200,205.56,EUR/MWh,DK1,DK_1,day_ahead_price,value,2026-09-12T23:15:53Z
2026-09-12T23:13:15Z,2026-09-13T01:13:15+0200,2866f7da-ee7e-4cc2-b3c3-c97fb597cf24,2026-09-07T04:30:00Z,2026-09-07T06:30:00+0200,211.01,EUR/MWh,DK1,DK_1,day_ahead_price,value,2026-09-12T23:15:53Z
2026-09-12T23:13:15Z,2026-09-13T01:13:15+0200,2866f7da-ee7e-4cc2-b3c3-c97fb597cf24,2026-09-07T04:45:00Z,2026-09-07T06:45:00+0200,217.54,EUR/MWh,DK1,DK_1,day_ahead_price,value,2026-09-12T23:15:53Z
2026-09-12T23:13:15Z,2026-09-13T01:13:15+0200,2866f7da-ee7e-4cc2-b3c3-c97fb597cf24,2026-09-07T05:00:00Z,2026-09-07T07:00:00+0200,220.28,EUR/MWh,DK1,DK_1,day_ahead_price,value,2026-09-12T23:15:53Z
2026-09-12T23:13:15Z,2026-09-13T01:13:15+0200,2866f7da-ee7e-4cc2-b3c3-c97fb597cf24,2026-09-07T05:15:00Z,2026-09-07T07:15:00+0200,223.86,EUR/MWh,DK1,DK_1,day_ahead_price,value,2026-09-12T23:15:53Z
2026-09-12T23:13:15Z,2026-09-13T01:13:15+0200,2866f7da-ee7e-4cc2-b3c3-c97fb597cf24,2026-09-07T05:30:00Z,2026-09-07T07:30:00+0200,221.46,EUR/MWh,DK1,DK_1,day_ahead_price,value,2026-09-12T23:15:53Z
2026-09-12T23:13:15Z,2026-09-13T01:13:15+0200,2866f7da-ee7e-4cc2-b3c3-c97fb597cf24,2026-09-07T05:45:00Z,2026-09-07T07:45:00+0200,214.18,EUR/MWh,DK1,DK_1,day_ahead_price,value,2026-09-12T23:15:53Z
2026-09-12T23:13:15Z,2026-09-13T01:13:15+0200,2866f7da-ee7e-4cc2-b3c3-c97fb597cf24,2026-09-07T06:00:00Z,2026-09-07T08:00:00+0200,230.04,EUR/MWh,DK1,DK_1,day_ahead_price,value,2026-09-12T23:15:53Z
2026-09-12T23:13:15Z,2026-09-13T01:13:15+0200,2866f7da-ee7e-4cc2-b3c3-c97fb597cf24,2026-09-07T06:15:00Z,2026-09-07T08:15:00+0200,219.95,EUR/MWh,DK1,DK_1,day_ahead_price,value,2026-09-12T23:15:53Z
2026-09-12T23:13:15Z,2026-09-13T01:13:15+0200,2866f7da-ee7e-4cc2-b3c3-c97fb597cf24,2026-09-07T06:30:00Z,2026-09-07T08:30:00+0200,206.24,EUR/MWh,DK1,DK_1,day_ahead_price,value,2026-09-12T23:15:53Z
2026-09-12T23:13:15Z,2026-09-13T01:13:15+0200,2866f7da-ee7e-4cc2-b3c3-c97fb597cf24,2026-09-07T06:45:00Z,2026-09-07T08:45:00+0200,193.0,EUR/MWh,DK1,DK_1,day_ahead_price,value,2026-09-12T23:15:53Z
2026-09-12T23:13:15Z,2026-09-13T01:13:15+0200,2866f7da-ee7e-4cc2-b3c3-c97fb597cf24,2026-09-07T07:00:00Z,2026-09-07T09:00:00+0200,207.59,EUR/MWh,DK1,DK_1,day_ahead_price,value,2026-09-12T23:15:53Z
2026-09-12T23:13:15Z,2026-09-13T01:13:15+0200,2866f7da-ee7e-4cc2-b3c3-c97fb597cf24,2026-09-07T07:15:00Z,2026-09-07T09:15:00+0200,194.07,EUR/MWh,DK1,DK_1,day_ahead_price,value,2026-09-12T23:15:53Z
2026-09-12T23:13:15Z,2026-09-13T01:13:15+0200,2866f7da-ee7e-4cc2-b3c3-c97fb597cf24,2026-09-07T07:30:00Z,2026-09-07T09:30:00+0200,160.89,EUR/MWh,DK1,DK_1,day_ahead_price,value,2026-09-12T23:15:53Z
2026-09-12T23:13:15Z,2026-09-13T01:13:15+0200,2866f7da-ee7e-4cc2-b3c3-c97fb597cf24,2026-09-07T07:45:00Z,2026-09-07T09:45:00+0200,145.48,EUR/MWh,DK1,DK_1,day_ahead_price,value,2026-09-12T23:15:53Z
2026-09-12T23:13:15Z,2026-09-13T01:13:15+0200,2866f7da-ee7e-4cc2-b3c3-c97fb597cf24,2026-09-07T08:00:00Z,2026-09-07T10:00:00+0200,157.8,EUR/MWh,DK1,DK_1,day_ahead_price,value,2026-09-12T23:15:53Z
2026-09-12T23:13:15Z,2026-09-13T01:13:15+0200,2866f7da-ee7e-4cc2-b3c3-c97fb597cf24,2026-09-07T08:15:00Z,2026-09-07T10:15:00+0200,148.97,EUR/MWh,DK1,DK_1,day_ahead_price,value,2026-09-12T23:15:53Z
2026-09-12T23:13:15Z,2026-09-13T01:13:15+0200,2866f7da-ee7e-4cc2-b3c3-c97fb597cf24,2026-09-07T08:30:00Z,2026-09-07T10:30:00+0200,138.69,EUR/MWh,DK1,DK_1,day_ahead_price,value,2026-09-12T23:15:53Z
2026-09-12T23:13:15Z,2026-09-13T01:13:15+0200,2866f7da-ee7e-4cc2-b3c3-c97fb597cf24,2026-09-07T08:45:00Z,2026-09-07T10:45:00+0200,123.25,EUR/MWh,DK1,DK_1,day_ahead_price,value,2026-09-12T23:15:53Z
2026-09-12T23:13:15Z,2026-09-13T01:13:15+0200,2866f7da-ee7e-4cc2-b3c3-c97fb597cf24,2026-09-07T09:00:00Z,2026-09-07T11:00:00+0200,138.07,EUR/MWh,DK1,DK_1,day_ahead_price,value,2026-09-12T23:15:53Z
2026-09-12T23:13:15Z,2026-09-13T01:13:15+0200,2866f7da-ee7e-4cc2-b3c3-c97fb597cf24,2026-09-07T09:15:00Z,2026-09-07T11:15:00+0200,120.2,EUR/MWh,DK1,DK_1,day_ahead_price,value,2026-09-12T23:15:53Z
2026-09-12T23:13:15Z,2026-09-13T01:13:15+0200,2866f7da-ee7e-4cc2-b3c3-c97fb597cf24,2026-09-07T09:30:00Z,2026-09-07T11:30:00+0200,106.38,EUR/MWh,DK1,DK_1,day_ahead_price,value,2026-09-12T23:15:53Z
2026-09-12T23:13:15Z,2026-09-13T01:13:15+0200,2866f7da-ee7e-4cc2-b3c3-c97fb597cf24,2026-09-07T09:45:00Z,2026-09-07T11:45:00+0200,99.08,EUR/MWh,DK1,DK_1,day_ahead_price,value,2026-09-12T23:15:53Z
2026-09-12T23:13:15Z,2026-09-13T01:13:15+0200,2866f7da-ee7e-4cc2-b3c3-c97fb597cf24,2026-09-07T10:00:00Z,2026-09-07T12:00:00+0200,105.01,EUR/MWh,DK1,DK_1,day_ahead_price,value,2026-09-12T23:15:53Z
2026-09-12T23:13:15Z,2026-09-13T01:13:15+0200,2866f7da-ee7e-4cc2-b3c3-c97fb597cf24,2026-09-07T10:15:00Z,2026-09-07T12:15:00+0200,91.9,EUR/MWh,DK1,DK_1,day_ahead_price,value,2026-09-12T23:15:53Z
2026-09-12T23:13:15Z,2026-09-13T01:13:15+0200,2866f7da-ee7e-4cc2-b3c3-c97fb597cf24,2026-09-07T10:30:00Z,2026-09-07T12:30:00+0200,67.18,EUR/MWh,DK1,DK_1,day_ahead_price,value,2026-09-12T23:15:53Z
2026-09-12T23:13:15Z,2026-09-13T01:13:15+0200,2866f7da-ee7e-4cc2-b3c3-c97fb597cf24,2026-09-07T10:45:00Z,2026-09-07T12:45:00+0200,49.94,EUR/MWh,DK1,DK_1,day_ahead_price,value,2026-09-12T23:15:53Z
2026-09-12T23:13:15Z,2026-09-13T01:13:15+0200,2866f7da-ee7e-4cc2-b3c3-c97fb597cf24,2026-09-07T11:00:00Z,2026-09-07T13:00:00+0200,60.83,EUR/MWh,DK1,DK_1,day_ahead_price,value,2026-09-12T23:15:53Z
2026-09-12T23:13:15Z,2026-09-13T01:13:15+0200,2866f7da-ee7e-4cc2-b3c3-c97fb597cf24,2026-09-07T11:15:00Z,2026-09-07T13:15:00+0200,44.5,EUR/MWh,DK1,DK_1,day_ahead_price,value,2026-09-12T23:15:53Z
2026-09-12T23:13:15Z,2026-09-13T01:13:15+0200,2866f7da-ee7e-4cc2-b3c3-c97fb597cf24,2026-09-07T11:30:00Z,2026-09-07T13:30:00+0200,37.62,EUR/MWh,DK1,DK_1,day_ahead_price,value,2026-09-12T23:15:53Z
2026-09-12T23:13:15Z,2026-09-13T01:13:15+0200,2866f7da-ee7e-4cc2-b3c3-c97fb597cf24,2026-09-07T11:45:00Z,2026-09-07T13:45:00+0200,24.98,EUR/MWh,DK1,DK_1,day_ahead_price,value,2026-09-12T23:15:53Z
2026-09-12T23:13:15Z,2026-09-13T01:13:15+0200,2866f7da-ee7e-4cc2-b3c3-c97fb597cf24,2026-09-07T12:00:00Z,2026-09-07T14:00:00+0200,30.98,EUR/MWh,DK1,DK_1,day_ahead_price,value,2026-09-12T23:15:53Z
2026-09-12T23:13:15Z,2026-09-13T01:13:15+0200,2866f7da-ee7e-4cc2-b3c3-c97fb597cf24,2026-09-07T12:15:00Z,2026-09-07T14:15:00+0200,31.05,EUR/MWh,DK1,DK_1,day_ahead_price,value,2026-09-12T23:15:53Z
2026-09-12T23:13:15Z,2026-09-13T01:13:15+0200,2866f7da-ee7e-4cc2-b3c3-c97fb597cf24,2026-09-07T12:30:00Z,2026-09-07T14:30:00+0200,31.07,EUR/MWh,DK1,DK_1,day_ahead_price,value,2026-09-12T23:15:53Z
2026-09-12T23:13:15Z,2026-09-13T01:13:15+0200,2866f7da-ee7e-4cc2-b3c3-c97fb597cf24,2026-09-07T12:45:00Z,2026-09-07T14:45:00+0200,34.91,EUR/MWh,DK1,DK_1,day_ahead_price,value,2026-09-12T23:15:53Z
2026-09-12T23:13:15Z,2026-09-13T01:13:15+0200,2866f7da-ee7e-4cc2-b3c3-c97fb597cf24,2026-09-07T13:00:00Z,2026-09-07T15:00:00+0200,39.03,EUR/MWh,DK1,DK_1,day_ahead_price,value,2026-09-12T23:15:53Z
2026-09-12T23:13:15Z,2026-09-13T01:13:15+0200,2866f7da-ee7e-4cc2-b3c3-c97fb597cf24,2026-09-07T13:15:00Z,2026-09-07T15:15:00+0200,54.54,EUR/MWh,DK1,DK_1,day_ahead_price,value,2026-09-12T23:15:53Z
2026-09-12T23:13:15Z,2026-09-13T01:13:15+0200,2866f7da-ee7e-4cc2-b3c3-c97fb597cf24,2026-09-07T13:30:00Z,2026-09-07T15:30:00+0200,75.32,EUR/MWh,DK1,DK_1,day_ahead_price,value,2026-09-12T23:15:53Z
2026-09-12T23:13:15Z,2026-09-13T01:13:15+0200,2866f7da-ee7e-4cc2-b3c3-c97fb597cf24,2026-09-07T13:45:00Z,2026-09-07T15:45:00+0200,84.37,EUR/MWh,DK1,DK_1,day_ahead_price,value,2026-09-12T23:15:53Z
2026-09-12T23:13:15Z,2026-09-13T01:13:15+0200,2866f7da-ee7e-4cc2-b3c3-c97fb597cf24,2026-09-07T14:00:00Z,2026-09-07T16:00:00+0200,58.78,EUR/MWh,DK1,DK_1,day_ahead_price,value,2026-09-12T23:15:53Z
2026-09-12T23:13:15Z,2026-09-13T01:13:15+0200,2866f7da-ee7e-4cc2-b3c3-c97fb597cf24,2026-09-07T14:15:00Z,2026-09-07T16:15:00+0200,91.77,EUR/MWh,DK1,DK_1,day_ahead_price,value,2026-09-12T23:15:53Z
2026-09-12T23:13:15Z,2026-09-13T01:13:15+0200,2866f7da-ee7e-4cc2-b3c3-c97fb597cf24,2026-09-07T14:30:00Z,2026-09-07T16:30:00+0200,125.9,EUR/MWh,DK1,DK_1,day_ahead_price,value,2026-09-12T23:15:53Z
2026-09-12T23:13:15Z,2026-09-13T01:13:15+0200,2866f7da-ee7e-4cc2-b3c3-c97fb597cf24,2026-09-07T14:45:00Z,2026-09-07T16:45:00+0200,153.54,EUR/MWh,DK1,DK_1,day_ahead_price,value,2026-09-12T23:15:53Z
2026-09-12T23:13:15Z,2026-09-13T01:13:15+0200,2866f7da-ee7e-4cc2-b3c3-c97fb597cf24,2026-09-07T15:00:00Z,2026-09-07T17:00:00+0200,111.43,EUR/MWh,DK1,DK_1,day_ahead_price,value,2026-09-12T23:15:53Z
2026-09-12T23:13:15Z,2026-09-13T01:13:15+0200,2866f7da-ee7e-4cc2-b3c3-c97fb597cf24,2026-09-07T15:15:00Z,2026-09-07T17:15:00+0200,143.79,EUR/MWh,DK1,DK_1,day_ahead_price,value,2026-09-12T23:15:53Z
2026-09-12T23:13:15Z,2026-09-13T01:13:15+0200,2866f7da-ee7e-4cc2-b3c3-c97fb597cf24,2026-09-07T15:30:00Z,2026-09-07T17:30:00+0200,168.44,EUR/MWh,DK1,DK_1,day_ahead_price,value,2026-09-12T23:15:53Z
2026-09-12T23:13:15Z,2026-09-13T01:13:15+0200,2866f7da-ee7e-4cc2-b3c3-c97fb597cf24,2026-09-07T15:45:00Z,2026-09-07T17:45:00+0200,211.41,EUR/MWh,DK1,DK_1,day_ahead_price,value,2026-09-12T23:15:53Z
2026-09-12T23:13:15Z,2026-09-13T01:13:15+0200,2866f7da-ee7e-4cc2-b3c3-c97fb597cf24,2026-09-07T16:00:00Z,2026-09-07T18:00:00+0200,173.79,EUR/MWh,DK1,DK_1,day_ahead_price,value,2026-09-12T23:15:53Z
2026-09-12T23:13:15Z,2026-09-13T01:13:15+0200,2866f7da-ee7e-4cc2-b3c3-c97fb597cf24,2026-09-07T16:15:00Z,2026-09-07T18:15:00+0200,192.21,EUR/MWh,DK1,DK_1,day_ahead_price,value,2026-09-12T23:15:53Z
2026-09-12T23:13:15Z,2026-09-13T01:13:15+0200,2866f7da-ee7e-4cc2-b3c3-c97fb597cf24,2026-09-07T16:30:00Z,2026-09-07T18:30:00+0200,206.3,EUR/MWh,DK1,DK_1,day_ahead_price,value,2026-09-12T23:15:53Z
2026-09-12T23:13:15Z,2026-09-13T01:13:15+0200,2866f7da-ee7e-4cc2-b3c3-c97fb597cf24,2026-09-07T16:45:00Z,2026-09-07T18:45:00+0200,252.97,EUR/MWh,DK1,DK_1,day_ahead_price,value,2026-09-12T23:15:53Z
2026-09-12T23:13:15Z,2026-09-13T01:13:15+0200,2866f7da-ee7e-4cc2-b3c3-c97fb597cf24,2026-09-07T17:00:00Z,2026-09-07T19:00:00+0200,222.42,EUR/MWh,DK1,DK_1,day_ahead_price,value,2026-09-12T23:15:53Z
2026-09-12T23:13:15Z,2026-09-13T01:13:15+0200,2866f7da-ee7e-4cc2-b3c3-c97fb597cf24,2026-09-07T17:15:00Z,2026-09-07T19:15:00+0200,236.75,EUR/MWh,DK1,DK_1,day_ahead_price,value,2026-09-12T23:15:53Z
2026-09-12T23:13:15Z,2026-09-13T01:13:15+0200,2866f7da-ee7e-4cc2-b3c3-c97fb597cf24,2026-09-07T17:30:00Z,2026-09-07T19:30:00+0200,254.79,EUR/MWh,DK1,DK_1,day_ahead_price,value,2026-09-12T23:15:53Z
2026-09-12T23:13:15Z,2026-09-13T01:13:15+0200,2866f7da-ee7e-4cc2-b3c3-c97fb597cf24,2026-09-07T17:45:00Z,2026-09-07T19:45:00+0200,248.98,EUR/MWh,DK1,DK_1,day_ahead_price,value,2026-09-12T23:15:53Z
2026-09-12T23:13:15Z,2026-09-13T01:13:15+0200,2866f7da-ee7e-4cc2-b3c3-c97fb597cf24,2026-09-07T18:00:00Z,2026-09-07T20:00:00+0200,229.95,EUR/MWh,DK1,DK_1,day_ahead_price,value,2026-09-12T23:15:53Z
2026-09-12T23:13:15Z,2026-09-13T01:13:15+0200,2866f7da-ee7e-4cc2-b3c3-c97fb597cf24,2026-09-07T18:15:00Z,2026-09-07T20:15:00+0200,235.43,EUR/MWh,DK1,DK_1,day_ahead_price,value,2026-09-12T23:15:53Z
2026-09-12T23:13:15Z,2026-09-13T01:13:15+0200,2866f7da-ee7e-4cc2-b3c3-c97fb597cf24,2026-09-07T18:30:00Z,2026-09-07T20:30:00+0200,240.48,EUR/MWh,DK1,DK_1,day_ahead_price,value,2026-09-12T23:15:53Z
2026-09-12T23:13:15Z,2026-09-13T01:13:15+0200,2866f7da-ee7e-4cc2-b3c3-c97fb597cf24,2026-09-07T18:45:00Z,2026-09-07T20:45:00+0200,227.29,EUR/MWh,DK1,DK_1,day_ahead_price,value,2026-09-12T23:15:53Z
2026-09-12T23:13:15Z,2026-09-13T01:13:15+0200,2866f7da-ee7e-4cc2-b3c3-c97fb597cf24,2026-09-07T19:00:00Z,2026-09-07T21:00:00+0200,233.95,EUR/MWh,DK1,DK_1,day_ahead_price,value,2026-09-12T23:15:53Z
2026-09-12T23:13:15Z,2026-09-13T01:13:15+0200,2866f7da-ee7e-4cc2-b3c3-c97fb597cf24,2026-09-07T19:15:00Z,2026-09-07T21:15:00+0200,207.74,EUR/MWh,DK1,DK_1,day_ahead_price,value,2026-09-12T23:15:53Z
2026-09-12T23:13:15Z,2026-09-13T01:13:15+0200,2866f7da-ee7e-4cc2-b3c3-c97fb597cf24,2026-09-07T19:30:00Z,2026-09-07T21:30:00+0200,198.04,EUR/MWh,DK1,DK_1,day_ahead_price,value,2026-09-12T23:15:53Z
2026-09-12T23:13:15Z,2026-09-13T01:13:15+0200,2866f7da-ee7e-4cc2-b3c3-c97fb597cf24,2026-09-07T19:45:00Z,2026-09-07T21:45:00+0200,178.65,EUR/MWh,DK1,DK_1,day_ahead_price,value,2026-09-12T23:15:53Z
2026-09-12T23:13:15Z,2026-09-13T01:13:15+0200,2866f7da-ee7e-4cc2-b3c3-c97fb597cf24,2026-09-07T20:00:00Z,2026-09-07T22:00:00+0200,193.96,EUR/MWh,DK1,DK_1,day_ahead_price,value,2026-09-12T23:15:53Z
2026-09-12T23:13:15Z,2026-09-13T01:13:15+0200,2866f7da-ee7e-4cc2-b3c3-c97fb597cf24,2026-09-07T20:15:00Z,2026-09-07T22:15:00+0200,187.84,EUR/MWh,DK1,DK_1,day_ahead_price,value,2026-09-12T23:15:53Z
2026-09-12T23:13:15Z,2026-09-13T01:13:15+0200,2866f7da-ee7e-4cc2-b3c3-c97fb597cf24,2026-09-07T20:30:00Z,2026-09-07T22:30:00+0200,184.92,EUR/MWh,DK1,DK_1,day_ahead_price,value,2026-09-12T23:15:53Z
2026-09-12T23:13:15Z,2026-09-13T01:13:15+0200,2866f7da-ee7e-4cc2-b3c3-c97fb597cf24,2026-09-07T20:45:00Z,2026-09-07T22:45:00+0200,179.41,EUR/MWh,DK1,DK_1,day_ahead_price,value,2026-09-12T23:15:53Z
2026-09-12T23:13:15Z,2026-09-13T01:13:15+0200,2866f7da-ee7e-4cc2-b3c3-c97fb597cf24,2026-09-07T21:00:00Z,2026-09-07T23:00:00+0200,178.56,EUR/MWh,DK1,DK_1,day_ahead_price,value,2026-09-12T23:15:53Z
2026-09-12T23:13:15Z,2026-09-13T01:13:15+0200,2866f7da-ee7e-4cc2-b3c3-c97fb597cf24,2026-09-07T21:15:00Z,2026-09-07T23:15:00+0200,170.46,EUR/MWh,DK1,DK_1,day_ahead_price,value,2026-09-12T23:15:53Z
2026-09-12T23:13:15Z,2026-09-13T01:13:15+0200,2866f7da-ee7e-4cc2-b3c3-c97fb597cf24,2026-09-07T21:30:00Z,2026-09-07T23:30:00+0200,167.34,EUR/MWh,DK1,DK_1,day_ahead_price,value,2026-09-12T23:15:53Z
2026-09-12T23:13:15Z,2026-09-13T01:13:15+0200,2866f7da-ee7e-4cc2-b3c3-c97fb597cf24,2026-09-07T21:45:00Z,2026-09-07T23:45:00+0200,159.86,EUR/MWh,DK1,DK_1,day_ahead_price,value,2026-09-12T23:15:53Z
2026-09-12T23:13:15Z,2026-09-13T01:13:15+0200,2866f7da-ee7e-4cc2-b3c3-c97fb597cf24,2026-09-07T22:00:00Z,2026-09-08T00:00:00+0200,205.93,EUR/MWh,DK1,DK_1,day_ahead_price,value,2026-09-12T23:15:53Z
2026-09-12T23:13:15Z,2026-09-13T01:13:15+0200,2866f7da-ee7e-4cc2-b3c3-c97fb597cf24,2026-09-07T22:15:00Z,2026-09-08T00:15:00+0200,175.72,EUR/MWh,DK1,DK_1,day_ahead_price,value,2026-09-12T23:15:53Z
2026-09-12T23:13:15Z,2026-09-13T01:13:15+0200,2866f7da-ee7e-4cc2-b3c3-c97fb597cf24,2026-09-07T22:30:00Z,2026-09-08T00:30:00+0200,166.98,EUR/MWh,DK1,DK_1,day_ahead_price,value,2026-09-12T23:15:53Z
2026-09-12T23:13:15Z,2026-09-13T01:13:15+0200,2866f7da-ee7e-4cc2-b3c3-c97fb597cf24,2026-09-07T22:45:00Z,2026-09-08T00:45:00+0200,164.13,EUR/MWh,DK1,DK_1,day_ahead_price,value,2026-09-12T23:15:53Z
2026-09-12T23:13:15Z,2026-09-13T01:13:15+0200,2866f7da-ee7e-4cc2-b3c3-c97fb597cf24,2026-09-07T23:00:00Z,2026-09-08T01:00:00+0200,173.75,EUR/MWh,DK1,DK_1,day_ahead_price,value,2026-09-12T23:15:53Z
2026-09-12T23:13:15Z,2026-09-13T01:13:15+0200,2866f7da-ee7e-4cc2-b3c3-c97fb597cf24,2026-09-07T23:15:00Z,2026-09-08T01:15:00+0200,166.53,EUR/MWh,DK1,DK_1,day_ahead_price,value,2026-09-12T23:15:53Z
2026-09-12T23:13:15Z,2026-09-13T01:13:15+0200,2866f7da-ee7e-4cc2-b3c3-c97fb597cf24,2026-09-07T23:30:00Z,2026-09-08T01:30:00+0200,164.77,EUR/MWh,DK1,DK_1,day_ahead_price,value,2026-09-12T23:15:53Z
2026-09-12T23:13:15Z,2026-09-13T01:13:15+0200,2866f7da-ee7e-4cc2-b3c3-c97fb597cf24,2026-09-07T23:45:00Z,2026-09-08T01:45:00+0200,158.63,EUR/MWh,DK1,DK_1,day_ahead_price,value,2026-09-12T23:15:53Z
2026-09-12T23:13:15Z,2026-09-13T01:13:15+0200,2866f7da-ee7e-4cc2-b3c3-c97fb597cf24,2026-09-08T00:00:00Z,2026-09-08T02:00:00+0200,155.16,EUR/MWh,DK1,DK_1,day_ahead_price,value,2026-09-12T23:15:53Z
2026-09-12T23:13:15Z,2026-09-13T01:13:15+0200,2866f7da-ee7e-4cc2-b3c3-c97fb597cf24,2026-09-08T00:15:00Z,2026-09-08T02:15:00+0200,152.48,EUR/MWh,DK1,DK_1,day_ahead_price,value,2026-09-12T23:15:53Z
2026-09-12T23:13:15Z,2026-09-13T01:13:15+0200,2866f7da-ee7e-4cc2-b3c3-c97fb597cf24,2026-09-08T00:30:00Z,2026-09-08T02:30:00+0200,153.27,EUR/MWh,DK1,DK_1,day_ahead_price,value,2026-09-12T23:15:53Z
2026-09-12T23:13:15Z,2026-09-13T01:13:15+0200,2866f7da-ee7e-4cc2-b3c3-c97fb597cf24,2026-09-08T00:45:00Z,2026-09-08T02:45:00+0200,153.38,EUR/MWh,DK1,DK_1,day_ahead_price,value,2026-09-12T23:15:53Z
2026-09-12T23:13:15Z,2026-09-13T01:13:15+0200,2866f7da-ee7e-4cc2-b3c3-c97fb597cf24,2026-09-08T01:00:00Z,2026-09-08T03:00:00+0200,149.55,EUR/MWh,DK1,DK_1,day_ahead_price,value,2026-09-12T23:15:53Z
2026-09-12T23:13:15Z,2026-09-13T01:13:15+0200,2866f7da-ee7e-4cc2-b3c3-c97fb597cf24,2026-09-08T01:15:00Z,2026-09-08T03:15:00+0200,151.22,EUR/MWh,DK1,DK_1,day_ahead_price,value,2026-09-12T23:15:53Z
2026-09-12T23:13:15Z,2026-09-13T01:13:15+0200,2866f7da-ee7e-4cc2-b3c3-c97fb597cf24,2026-09-08T01:30:00Z,2026-09-08T03:30:00+0200,150.76,EUR/MWh,DK1,DK_1,day_ahead_price,value,2026-09-12T23:15:53Z
2026-09-12T23:13:15Z,2026-09-13T01:13:15+0200,2866f7da-ee7e-4cc2-b3c3-c97fb597cf24,2026-09-08T01:45:00Z,2026-09-08T03:45:00+0200,150.83,EUR/MWh,DK1,DK_1,day_ahead_price,value,2026-09-12T23:15:53Z
2026-09-12T23:13:15Z,2026-09-13T01:13:15+0200,2866f7da-ee7e-4cc2-b3c3-c97fb597cf24,2026-09-08T02:00:00Z,2026-09-08T04:00:00+0200,150.58,EUR/MWh,DK1,DK_1,day_ahead_price,value,2026-09-12T23:15:53Z
2026-09-12T23:13:15Z,2026-09-13T01:13:15+0200,2866f7da-ee7e-4cc2-b3c3-c97fb597cf24,2026-09-08T02:15:00Z,2026-09-08T04:15:00+0200,151.19,EUR/MWh,DK1,DK_1,day_ahead_price,value,2026-09-12T23:15:53Z
2026-09-12T23:13:15Z,2026-09-13T01:13:15+0200,2866f7da-ee7e-4cc2-b3c3-c97fb597cf24,2026-09-08T02:30:00Z,2026-09-08T04:30:00+0200,152.44,EUR/MWh,DK1,DK_1,day_ahead_price,value,2026-09-12T23:15:53Z
2026-09-12T23:13:15Z,2026-09-13T01:13:15+0200,2866f7da-ee7e-4cc2-b3c3-c97fb597cf24,2026-09-08T02:45:00Z,2026-09-08T04:45:00+0200,150.41,EUR/MWh,DK1,DK_1,day_ahead_price,value,2026-09-12T23:15:53Z
2026-09-12T23:13:15Z,2026-09-13T01:13:15+0200,2866f7da-ee7e-4cc2-b3c3-c97fb597cf24,2026-09-08T03:00:00Z,2026-09-08T05:00:00+0200,153.63,EUR/MWh,DK1,DK_1,day_ahead_price,value,2026-09-12T23:15:53Z
2026-09-12T23:13:15Z,2026-09-13T01:13:15+0200,2866f7da-ee7e-4cc2-b3c3-c97fb597cf24,2026-09-08T03:15:00Z,2026-09-08T05:15:00+0200,158.51,EUR/MWh,DK1,DK_1,day_ahead_price,value,2026-09-12T23:15:53Z
2026-09-12T23:13:15Z,2026-09-13T01:13:15+0200,2866f7da-ee7e-4cc2-b3c3-c97fb597cf24,2026-09-08T03:30:00Z,2026-09-08T05:30:00+0200,169.08,EUR/MWh,DK1,DK_1,day_ahead_price,value,2026-09-12T23:15:53Z
2026-09-12T23:13:15Z,2026-09-13T01:13:15+0200,2866f7da-ee7e-4cc2-b3c3-c97fb597cf24,2026-09-08T03:45:00Z,2026-09-08T05:45:00+0200,188.18,EUR/MWh,DK1,DK_1,day_ahead_price,value,2026-09-12T23:15:53Z
2026-09-12T23:13:15Z,2026-09-13T01:13:15+0200,2866f7da-ee7e-4cc2-b3c3-c97fb597cf24,2026-09-08T04:00:00Z,2026-09-08T06:00:00+0200,186.3,EUR/MWh,DK1,DK_1,day_ahead_price,value,2026-09-12T23:15:53Z
2026-09-12T23:13:15Z,2026-09-13T01:13:15+0200,2866f7da-ee7e-4cc2-b3c3-c97fb597cf24,2026-09-08T04:15:00Z,2026-09-08T06:15:00+0200,202.71,EUR/MWh,DK1,DK_1,day_ahead_price,value,2026-09-12T23:15:53Z
2026-09-12T23:13:15Z,2026-09-13T01:13:15+0200,2866f7da-ee7e-4cc2-b3c3-c97fb597cf24,2026-09-08T04:30:00Z,2026-09-08T06:30:00+0200,210.04,EUR/MWh,DK1,DK_1,day_ahead_price,value,2026-09-12T23:15:53Z
2026-09-12T23:13:15Z,2026-09-13T01:13:15+0200,2866f7da-ee7e-4cc2-b3c3-c97fb597cf24,2026-09-08T04:45:00Z,2026-09-08T06:45:00+0200,213.0,EUR/MWh,DK1,DK_1,day_ahead_price,value,2026-09-12T23:15:53Z
2026-09-12T23:13:15Z,2026-09-13T01:13:15+0200,2866f7da-ee7e-4cc2-b3c3-c97fb597cf24,2026-09-08T05:00:00Z,2026-09-08T07:00:00+0200,241.7,EUR/MWh,DK1,DK_1,day_ahead_price,value,2026-09-12T23:15:53Z
2026-09-12T23:13:15Z,2026-09-13T01:13:15+0200,2866f7da-ee7e-4cc2-b3c3-c97fb597cf24,2026-09-08T05:15:00Z,2026-09-08T07:15:00+0200,226.51,EUR/MWh,DK1,DK_1,day_ahead_price,value,2026-09-12T23:15:53Z
2026-09-12T23:13:15Z,2026-09-13T01:13:15+0200,2866f7da-ee7e-4cc2-b3c3-c97fb597cf24,2026-09-08T05:30:00Z,2026-09-08T07:30:00+0200,215.62,EUR/MWh,DK1,DK_1,day_ahead_price,value,2026-09-12T23:15:53Z
2026-09-12T23:13:15Z,2026-09-13T01:13:15+0200,2866f7da-ee7e-4cc2-b3c3-c97fb597cf24,2026-09-08T05:45:00Z,2026-09-08T07:45:00+0200,211.45,EUR/MWh,DK1,DK_1,day_ahead_price,value,2026-09-12T23:15:53Z
2026-09-12T23:13:15Z,2026-09-13T01:13:15+0200,2866f7da-ee7e-4cc2-b3c3-c97fb597cf24,2026-09-08T06:00:00Z,2026-09-08T08:00:00+0200,230.01,EUR/MWh,DK1,DK_1,day_ahead_price,value,2026-09-12T23:15:53Z
2026-09-12T23:13:15Z,2026-09-13T01:13:15+0200,2866f7da-ee7e-4cc2-b3c3-c97fb597cf24,2026-09-08T06:15:00Z,2026-09-08T08:15:00+0200,215.61,EUR/MWh,DK1,DK_1,day_ahead_price,value,2026-09-12T23:15:53Z
2026-09-12T23:13:15Z,2026-09-13T01:13:15+0200,2866f7da-ee7e-4cc2-b3c3-c97fb597cf24,2026-09-08T06:30:00Z,2026-09-08T08:30:00+0200,199.98,EUR/MWh,DK1,DK_1,day_ahead_price,value,2026-09-12T23:15:53Z
2026-09-12T23:13:15Z,2026-09-13T01:13:15+0200,2866f7da-ee7e-4cc2-b3c3-c97fb597cf24,2026-09-08T06:45:00Z,2026-09-08T08:45:00+0200,157.34,EUR/MWh,DK1,DK_1,day_ahead_price,value,2026-09-12T23:15:53Z
2026-09-12T23:13:15Z,2026-09-13T01:13:15+0200,2866f7da-ee7e-4cc2-b3c3-c97fb597cf24,2026-09-08T07:00:00Z,2026-09-08T09:00:00+0200,199.88,EUR/MWh,DK1,DK_1,day_ahead_price,value,2026-09-12T23:15:53Z
2026-09-12T23:13:15Z,2026-09-13T01:13:15+0200,2866f7da-ee7e-4cc2-b3c3-c97fb597cf24,2026-09-08T07:15:00Z,2026-09-08T09:15:00+0200,166.29,EUR/MWh,DK1,DK_1,day_ahead_price,value,2026-09-12T23:15:53Z
2026-09-12T23:13:15Z,2026-09-13T01:13:15+0200,2866f7da-ee7e-4cc2-b3c3-c97fb597cf24,2026-09-08T07:30:00Z,2026-09-08T09:30:00+0200,133.01,EUR/MWh,DK1,DK_1,day_ahead_price,value,2026-09-12T23:15:53Z
2026-09-12T23:13:15Z,2026-09-13T01:13:15+0200,2866f7da-ee7e-4cc2-b3c3-c97fb597cf24,2026-09-08T07:45:00Z,2026-09-08T09:45:00+0200,96.11,EUR/MWh,DK1,DK_1,day_ahead_price,value,2026-09-12T23:15:53Z
2026-09-12T23:13:15Z,2026-09-13T01:13:15+0200,2866f7da-ee7e-4cc2-b3c3-c97fb597cf24,2026-09-08T08:00:00Z,2026-09-08T10:00:00+0200,140.22,EUR/MWh,DK1,DK_1,day_ahead_price,value,2026-09-12T23:15:53Z
2026-09-12T23:13:15Z,2026-09-13T01:13:15+0200,2866f7da-ee7e-4cc2-b3c3-c97fb597cf24,2026-09-08T08:15:00Z,2026-09-08T10:15:00+0200,119.34,EUR/MWh,DK1,DK_1,day_ahead_price,value,2026-09-12T23:15:53Z
2026-09-12T23:13:15Z,2026-09-13T01:13:15+0200,2866f7da-ee7e-4cc2-b3c3-c97fb597cf24,2026-09-08T08:30:00Z,2026-09-08T10:30:00+0200,89.46,EUR/MWh,DK1,DK_1,day_ahead_price,value,2026-09-12T23:15:53Z
2026-09-12T23:13:15Z,2026-09-13T01:13:15+0200,2866f7da-ee7e-4cc2-b3c3-c97fb597cf24,2026-09-08T08:45:00Z,2026-09-08T10:45:00+0200,31.4,EUR/MWh,DK1,DK_1,day_ahead_price,value,2026-09-12T23:15:53Z
2026-09-12T23:13:15Z,2026-09-13T01:13:15+0200,2866f7da-ee7e-4cc2-b3c3-c97fb597cf24,2026-09-08T09:00:00Z,2026-09-08T11:00:00+0200,90.18,EUR/MWh,DK1,DK_1,day_ahead_price,value,2026-09-12T23:15:53Z
2026-09-12T23:13:15Z,2026-09-13T01:13:15+0200,2866f7da-ee7e-4cc2-b3c3-c97fb597cf24,2026-09-08T09:15:00Z,2026-09-08T11:15:00+0200,53.54,EUR/MWh,DK1,DK_1,day_ahead_price,value,2026-09-12T23:15:53Z
2026-09-12T23:13:15Z,2026-09-13T01:13:15+0200,2866f7da-ee7e-4cc2-b3c3-c97fb597cf24,2026-09-08T09:30:00Z,2026-09-08T11:30:00+0200,25.29,EUR/MWh,DK1,DK_1,day_ahead_price,value,2026-09-12T23:15:53Z
2026-09-12T23:13:15Z,2026-09-13T01:13:15+0200,2866f7da-ee7e-4cc2-b3c3-c97fb597cf24,2026-09-08T09:45:00Z,2026-09-08T11:45:00+0200,2.5,EUR/MWh,DK1,DK_1,day_ahead_price,value,2026-09-12T23:15:53Z
2026-09-12T23:13:15Z,2026-09-13T01:13:15+0200,2866f7da-ee7e-4cc2-b3c3-c97fb597cf24,2026-09-08T10:00:00Z,2026-09-08T12:00:00+0200,13.57,EUR/MWh,DK1,DK_1,day_ahead_price,value,2026-09-12T23:15:53Z
2026-09-12T23:13:15Z,2026-09-13T01:13:15+0200,2866f7da-ee7e-4cc2-b3c3-c97fb597cf24,2026-09-08T10:15:00Z,2026-09-08T12:15:00+0200,2.49,EUR/MWh,DK1,DK_1,day_ahead_price,value,2026-09-12T23:15:53Z
2026-09-12T23:13:15Z,2026-09-13T01:13:15+0200,2866f7da-ee7e-4cc2-b3c3-c97fb597cf24,2026-09-08T10:30:00Z,2026-09-08T12:30:00+0200,1.54,EUR/MWh,DK1,DK_1,day_ahead_price,value,2026-09-12T23:15:53Z
2026-09-12T23:13:15Z,2026-09-13T01:13:15+0200,2866f7da-ee7e-4cc2-b3c3-c97fb597cf24,2026-09-08T10:45:00Z,2026-09-08T12:45:00+0200,2.0,EUR/MWh,DK1,DK_1,day_ahead_price,value,2026-09-12T23:15:53Z
2026-09-12T23:13:15Z,2026-09-13T01:13:15+0200,2866f7da-ee7e-4cc2-b3c3-c97fb597cf24,2026-09-08T11:00:00Z,2026-09-08T13:00:00+0200,2.48,EUR/MWh,DK1,DK_1,day_ahead_price,value,2026-09-12T23:15:53Z
2026-09-12T23:13:15Z,2026-09-13T01:13:15+0200,2866f7da-ee7e-4cc2-b3c3-c97fb597cf24,2026-09-08T11:15:00Z,2026-09-08T13:15:00+0200,2.65,EUR/MWh,DK1,DK_1,day_ahead_price,value,2026-09-12T23:15:53Z
2026-09-12T23:13:15Z,2026-09-13T01:13:15+0200,2866f7da-ee7e-4cc2-b3c3-c97fb597cf24,2026-09-08T11:30:00Z,2026-09-08T13:30:00+0200,3.4,EUR/MWh,DK1,DK_1,day_ahead_price,value,2026-09-12T23:15:53Z
2026-09-12T23:13:15Z,2026-09-13T01:13:15+0200,2866f7da-ee7e-4cc2-b3c3-c97fb597cf24,2026-09-08T11:45:00Z,2026-09-08T13:45:00+0200,4.31,EUR/MWh,DK1,DK_1,day_ahead_price,value,2026-09-12T23:15:53Z
2026-09-12T23:13:15Z,2026-09-13T01:13:15+0200,2866f7da-ee7e-4cc2-b3c3-c97fb597cf24,2026-09-08T12:00:00Z,2026-09-08T14:00:00+0200,5.84,EUR/MWh,DK1,DK_1,day_ahead_price,value,2026-09-12T23:15:53Z
2026-09-12T23:13:15Z,2026-09-13T01:13:15+0200,2866f7da-ee7e-4cc2-b3c3-c97fb597cf24,2026-09-08T12:15:00Z,2026-09-08T14:15:00+0200,9.57,EUR/MWh,DK1,DK_1,day_ahead_price,value,2026-09-12T23:15:53Z
2026-09-12T23:13:15Z,2026-09-13T01:13:15+0200,2866f7da-ee7e-4cc2-b3c3-c97fb597cf24,2026-09-08T12:30:00Z,2026-09-08T14:30:00+0200,10.52,EUR/MWh,DK1,DK_1,day_ahead_price,value,2026-09-12T23:15:53Z
2026-09-12T23:13:15Z,2026-09-13T01:13:15+0200,2866f7da-ee7e-4cc2-b3c3-c97fb597cf24,2026-09-08T12:45:00Z,2026-09-08T14:45:00+0200,16.87,EUR/MWh,DK1,DK_1,day_ahead_price,value,2026-09-12T23:15:53Z
2026-09-12T23:13:15Z,2026-09-13T01:13:15+0200,2866f7da-ee7e-4cc2-b3c3-c97fb597cf24,2026-09-08T13:00:00Z,2026-09-08T15:00:00+0200,2.65,EUR/MWh,DK1,DK_1,day_ahead_price,value,2026-09-12T23:15:53Z
2026-09-12T23:13:15Z,2026-09-13T01:13:15+0200,2866f7da-ee7e-4cc2-b3c3-c97fb597cf24,2026-09-08T13:15:00Z,2026-09-08T15:15:00+0200,16.96,EUR/MWh,DK1,DK_1,day_ahead_price,value,2026-09-12T23:15:53Z
2026-09-12T23:13:15Z,2026-09-13T01:13:15+0200,2866f7da-ee7e-4cc2-b3c3-c97fb597cf24,2026-09-08T13:30:00Z,2026-09-08T15:30:00+0200,57.04,EUR/MWh,DK1,DK_1,day_ahead_price,value,2026-09-12T23:15:53Z
2026-09-12T23:13:15Z,2026-09-13T01:13:15+0200,2866f7da-ee7e-4cc2-b3c3-c97fb597cf24,2026-09-08T13:45:00Z,2026-09-08T15:45:00+0200,74.5,EUR/MWh,DK1,DK_1,day_ahead_price,value,2026-09-12T23:15:53Z
2026-09-12T23:13:15Z,2026-09-13T01:13:15+0200,2866f7da-ee7e-4cc2-b3c3-c97fb597cf24,2026-09-08T14:00:00Z,2026-09-08T16:00:00+0200,6.61,EUR/MWh,DK1,DK_1,day_ahead_price,value,2026-09-12T23:15:53Z
2026-09-12T23:13:15Z,2026-09-13T01:13:15+0200,2866f7da-ee7e-4cc2-b3c3-c97fb597cf24,2026-09-08T14:15:00Z,2026-09-08T16:15:00+0200,43.84,EUR/MWh,DK1,DK_1,day_ahead_price,value,2026-09-12T23:15:53Z
2026-09-12T23:13:15Z,2026-09-13T01:13:15+0200,2866f7da-ee7e-4cc2-b3c3-c97fb597cf24,2026-09-08T14:30:00Z,2026-09-08T16:30:00+0200,111.58,EUR/MWh,DK1,DK_1,day_ahead_price,value,2026-09-12T23:15:53Z
2026-09-12T23:13:15Z,2026-09-13T01:13:15+0200,2866f7da-ee7e-4cc2-b3c3-c97fb597cf24,2026-09-08T14:45:00Z,2026-09-08T16:45:00+0200,139.13,EUR/MWh,DK1,DK_1,day_ahead_price,value,2026-09-12T23:15:53Z
2026-09-12T23:13:15Z,2026-09-13T01:13:15+0200,2866f7da-ee7e-4cc2-b3c3-c97fb597cf24,2026-09-08T15:00:00Z,2026-09-08T17:00:00+0200,112.12,EUR/MWh,DK1,DK_1,day_ahead_price,value,2026-09-12T23:15:53Z
2026-09-12T23:13:15Z,2026-09-13T01:13:15+0200,2866f7da-ee7e-4cc2-b3c3-c97fb597cf24,2026-09-08T15:15:00Z,2026-09-08T17:15:00+0200,144.89,EUR/MWh,DK1,DK_1,day_ahead_price,value,2026-09-12T23:15:53Z
2026-09-12T23:13:15Z,2026-09-13T01:13:15+0200,2866f7da-ee7e-4cc2-b3c3-c97fb597cf24,2026-09-08T15:30:00Z,2026-09-08T17:30:00+0200,172.33,EUR/MWh,DK1,DK_1,day_ahead_price,value,2026-09-12T23:15:53Z
2026-09-12T23:13:15Z,2026-09-13T01:13:15+0200,2866f7da-ee7e-4cc2-b3c3-c97fb597cf24,2026-09-08T15:45:00Z,2026-09-08T17:45:00+0200,209.25,EUR/MWh,DK1,DK_1,day_ahead_price,value,2026-09-12T23:15:53Z
2026-09-12T23:13:15Z,2026-09-13T01:13:15+0200,2866f7da-ee7e-4cc2-b3c3-c97fb597cf24,2026-09-08T16:00:00Z,2026-09-08T18:00:00+0200,161.6,EUR/MWh,DK1,DK_1,day_ahead_price,value,2026-09-12T23:15:53Z
2026-09-12T23:13:15Z,2026-09-13T01:13:15+0200,2866f7da-ee7e-4cc2-b3c3-c97fb597cf24,2026-09-08T16:15:00Z,2026-09-08T18:15:00+0200,200.89,EUR/MWh,DK1,DK_1,day_ahead_price,value,2026-09-12T23:15:53Z
2026-09-12T23:13:15Z,2026-09-13T01:13:15+0200,2866f7da-ee7e-4cc2-b3c3-c97fb597cf24,2026-09-08T16:30:00Z,2026-09-08T18:30:00+0200,210.08,EUR/MWh,DK1,DK_1,day_ahead_price,value,2026-09-12T23:15:53Z
2026-09-12T23:13:15Z,2026-09-13T01:13:15+0200,2866f7da-ee7e-4cc2-b3c3-c97fb597cf24,2026-09-08T16:45:00Z,2026-09-08T18:45:00+0200,237.3,EUR/MWh,DK1,DK_1,day_ahead_price,value,2026-09-12T23:15:53Z
2026-09-12T23:13:15Z,2026-09-13T01:13:15+0200,2866f7da-ee7e-4cc2-b3c3-c97fb597cf24,2026-09-08T17:00:00Z,2026-09-08T19:00:00+0200,215.76,EUR/MWh,DK1,DK_1,day_ahead_price,value,2026-09-12T23:15:53Z
2026-09-12T23:13:15Z,2026-09-13T01:13:15+0200,2866f7da-ee7e-4cc2-b3c3-c97fb597cf24,2026-09-08T17:15:00Z,2026-09-08T19:15:00+0200,230.4,EUR/MWh,DK1,DK_1,day_ahead_price,value,2026-09-12T23:15:53Z
2026-09-12T23:13:15Z,2026-09-13T01:13:15+0200,2866f7da-ee7e-4cc2-b3c3-c97fb597cf24,2026-09-08T17:30:00Z,2026-09-08T19:30:00+0200,255.09,EUR/MWh,DK1,DK_1,day_ahead_price,value,2026-09-12T23:15:53Z
2026-09-12T23:13:15Z,2026-09-13T01:13:15+0200,2866f7da-ee7e-4cc2-b3c3-c97fb597cf24,2026-09-08T17:45:00Z,2026-09-08T19:45:00+0200,269.11,EUR/MWh,DK1,DK_1,day_ahead_price,value,2026-09-12T23:15:53Z
2026-09-12T23:13:15Z,2026-09-13T01:13:15+0200,2866f7da-ee7e-4cc2-b3c3-c97fb597cf24,2026-09-08T18:00:00Z,2026-09-08T20:00:00+0200,275.08,EUR/MWh,DK1,DK_1,day_ahead_price,value,2026-09-12T23:15:53Z
2026-09-12T23:13:15Z,2026-09-13T01:13:15+0200,2866f7da-ee7e-4cc2-b3c3-c97fb597cf24,2026-09-08T18:15:00Z,2026-09-08T20:15:00+0200,270.02,EUR/MWh,DK1,DK_1,day_ahead_price,value,2026-09-12T23:15:53Z
2026-09-12T23:13:15Z,2026-09-13T01:13:15+0200,2866f7da-ee7e-4cc2-b3c3-c97fb597cf24,2026-09-08T18:30:00Z,2026-09-08T20:30:00+0200,257.65,EUR/MWh,DK1,DK_1,day_ahead_price,value,2026-09-12T23:15:53Z
2026-09-12T23:13:15Z,2026-09-13T01:13:15+0200,2866f7da-ee7e-4cc2-b3c3-c97fb597cf24,2026-09-08T18:45:00Z,2026-09-08T20:45:00+0200,236.66,EUR/MWh,DK1,DK_1,day_ahead_price,value,2026-09-12T23:15:53Z
2026-09-12T23:13:15Z,2026-09-13T01:13:15+0200,2866f7da-ee7e-4cc2-b3c3-c97fb597cf24,2026-09-08T19:00:00Z,2026-09-08T21:00:00+0200,246.35,EUR/MWh,DK1,DK_1,day_ahead_price,value,2026-09-12T23:15:53Z
2026-09-12T23:13:15Z,2026-09-13T01:13:15+0200,2866f7da-ee7e-4cc2-b3c3-c97fb597cf24,2026-09-08T19:15:00Z,2026-09-08T21:15:00+0200,221.9,EUR/MWh,DK1,DK_1,day_ahead_price,value,2026-09-12T23:15:53Z
2026-09-12T23:13:15Z,2026-09-13T01:13:15+0200,2866f7da-ee7e-4cc2-b3c3-c97fb597cf24,2026-09-08T19:30:00Z,2026-09-08T21:30:00+0200,211.47,EUR/MWh,DK1,DK_1,day_ahead_price,value,2026-09-12T23:15:53Z
2026-09-12T23:13:15Z,2026-09-13T01:13:15+0200,2866f7da-ee7e-4cc2-b3c3-c97fb597cf24,2026-09-08T19:45:00Z,2026-09-08T21:45:00+0200,196.82,EUR/MWh,DK1,DK_1,day_ahead_price,value,2026-09-12T23:15:53Z
2026-09-12T23:13:15Z,2026-09-13T01:13:15+0200,2866f7da-ee7e-4cc2-b3c3-c97fb597cf24,2026-09-08T20:00:00Z,2026-09-08T22:00:00+0200,206.51,EUR/MWh,DK1,DK_1,day_ahead_price,value,2026-09-12T23:15:53Z
2026-09-12T23:13:15Z,2026-09-13T01:13:15+0200,2866f7da-ee7e-4cc2-b3c3-c97fb597cf24,2026-09-08T20:15:00Z,2026-09-08T22:15:00+0200,196.65,EUR/MWh,DK1,DK_1,day_ahead_price,value,2026-09-12T23:15:53Z
2026-09-12T23:13:15Z,2026-09-13T01:13:15+0200,2866f7da-ee7e-4cc2-b3c3-c97fb597cf24,2026-09-08T20:30:00Z,2026-09-08T22:30:00+0200,194.01,EUR/MWh,DK1,DK_1,day_ahead_price,value,2026-09-12T23:15:53Z
2026-09-12T23:13:15Z,2026-09-13T01:13:15+0200,2866f7da-ee7e-4cc2-b3c3-c97fb597cf24,2026-09-08T20:45:00Z,2026-09-08T22:45:00+0200,185.54,EUR/MWh,DK1,DK_1,day_ahead_price,value,2026-09-12T23:15:53Z
2026-09-12T23:13:15Z,2026-09-13T01:13:15+0200,2866f7da-ee7e-4cc2-b3c3-c97fb597cf24,2026-09-08T21:00:00Z,2026-09-08T23:00:00+0200,190.74,EUR/MWh,DK1,DK_1,day_ahead_price,value,2026-09-12T23:15:53Z
2026-09-12T23:13:15Z,2026-09-13T01:13:15+0200,2866f7da-ee7e-4cc2-b3c3-c97fb597cf24,2026-09-08T21:15:00Z,2026-09-08T23:15:00+0200,180.25,EUR/MWh,DK1,DK_1,day_ahead_price,value,2026-09-12T23:15:53Z
2026-09-12T23:13:15Z,2026-09-13T01:13:15+0200,2866f7da-ee7e-4cc2-b3c3-c97fb597cf24,2026-09-08T21:30:00Z,2026-09-08T23:30:00+0200,176.84,EUR/MWh,DK1,DK_1,day_ahead_price,value,2026-09-12T23:15:53Z
2026-09-12T23:13:15Z,2026-09-13T01:13:15+0200,2866f7da-ee7e-4cc2-b3c3-c97fb597cf24,2026-09-08T21:45:00Z,2026-09-08T23:45:00+0200,161.12,EUR/MWh,DK1,DK_1,day_ahead_price,value,2026-09-12T23:15:53Z
2026-09-12T23:13:15Z,2026-09-13T01:13:15+0200,2866f7da-ee7e-4cc2-b3c3-c97fb597cf24,2026-09-08T22:00:00Z,2026-09-09T00:00:00+0200,150.18,EUR/MWh,DK1,DK_1,day_ahead_price,value,2026-09-12T23:15:53Z
2026-09-12T23:13:15Z,2026-09-13T01:13:15+0200,2866f7da-ee7e-4cc2-b3c3-c97fb597cf24,2026-09-08T22:15:00Z,2026-09-09T00:15:00+0200,150.990005,EUR/MWh,DK1,DK_1,day_ahead_price,value,2026-09-12T23:15:53Z
2026-09-12T23:13:15Z,2026-09-13T01:13:15+0200,2866f7da-ee7e-4cc2-b3c3-c97fb597cf24,2026-09-08T22:30:00Z,2026-09-09T00:30:00+0200,150.9,EUR/MWh,DK1,DK_1,day_ahead_price,value,2026-09-12T23:15:53Z
2026-09-12T23:13:15Z,2026-09-13T01:13:15+0200,2866f7da-ee7e-4cc2-b3c3-c97fb597cf24,2026-09-08T22:45:00Z,2026-09-09T00:45:00+0200,147.449997,EUR/MWh,DK1,DK_1,day_ahead_price,value,2026-09-12T23:15:53Z
2026-09-12T23:13:15Z,2026-09-13T01:13:15+0200,2866f7da-ee7e-4cc2-b3c3-c97fb597cf24,2026-09-08T23:00:00Z,2026-09-09T01:00:00+0200,152.190002,EUR/MWh,DK1,DK_1,day_ahead_price,value,2026-09-12T23:15:53Z
2026-09-12T23:13:15Z,2026-09-13T01:13:15+0200,2866f7da-ee7e-4cc2-b3c3-c97fb597cf24,2026-09-08T23:15:00Z,2026-09-09T01:15:00+0200,146.14,EUR/MWh,DK1,DK_1,day_ahead_price,value,2026-09-12T23:15:53Z
2026-09-12T23:13:15Z,2026-09-13T01:13:15+0200,2866f7da-ee7e-4cc2-b3c3-c97fb597cf24,2026-09-08T23:30:00Z,2026-09-09T01:30:00+0200,142.67,EUR/MWh,DK1,DK_1,day_ahead_price,value,2026-09-12T23:15:53Z
2026-09-12T23:13:15Z,2026-09-13T01:13:15+0200,2866f7da-ee7e-4cc2-b3c3-c97fb597cf24,2026-09-08T23:45:00Z,2026-09-09T01:45:00+0200,140.31,EUR/MWh,DK1,DK_1,day_ahead_price,value,2026-09-12T23:15:53Z
2026-09-12T23:13:15Z,2026-09-13T01:13:15+0200,2866f7da-ee7e-4cc2-b3c3-c97fb597cf24,2026-09-09T00:00:00Z,2026-09-09T02:00:00+0200,145.92,EUR/MWh,DK1,DK_1,day_ahead_price,value,2026-09-12T23:15:53Z
2026-09-12T23:13:15Z,2026-09-13T01:13:15+0200,2866f7da-ee7e-4cc2-b3c3-c97fb597cf24,2026-09-09T00:15:00Z,2026-09-09T02:15:00+0200,144.169998,EUR/MWh,DK1,DK_1,day_ahead_price,value,2026-09-12T23:15:53Z
2026-09-12T23:13:15Z,2026-09-13T01:13:15+0200,2866f7da-ee7e-4cc2-b3c3-c97fb597cf24,2026-09-09T00:30:00Z,2026-09-09T02:30:00+0200,141.580002,EUR/MWh,DK1,DK_1,day_ahead_price,value,2026-09-12T23:15:53Z
2026-09-12T23:13:15Z,2026-09-13T01:13:15+0200,2866f7da-ee7e-4cc2-b3c3-c97fb597cf24,2026-09-09T00:45:00Z,2026-09-09T02:45:00+0200,138.4,EUR/MWh,DK1,DK_1,day_ahead_price,value,2026-09-12T23:15:53Z
2026-09-12T23:13:15Z,2026-09-13T01:13:15+0200,2866f7da-ee7e-4cc2-b3c3-c97fb597cf24,2026-09-09T01:00:00Z,2026-09-09T03:00:00+0200,142.94,EUR/MWh,DK1,DK_1,day_ahead_price,value,2026-09-12T23:15:53Z
2026-09-12T23:13:15Z,2026-09-13T01:13:15+0200,2866f7da-ee7e-4cc2-b3c3-c97fb597cf24,2026-09-09T01:15:00Z,2026-09-09T03:15:00+0200,138.24,EUR/MWh,DK1,DK_1,day_ahead_price,value,2026-09-12T23:15:53Z
2026-09-12T23:13:15Z,2026-09-13T01:13:15+0200,2866f7da-ee7e-4cc2-b3c3-c97fb597cf24,2026-09-09T01:30:00Z,2026-09-09T03:30:00+0200,137.520004,EUR/MWh,DK1,DK_1,day_ahead_price,value,2026-09-12T23:15:53Z
2026-09-12T23:13:15Z,2026-09-13T01:13:15+0200,2866f7da-ee7e-4cc2-b3c3-c97fb597cf24,2026-09-09T01:45:00Z,2026-09-09T03:45:00+0200,136.410004,EUR/MWh,DK1,DK_1,day_ahead_price,value,2026-09-12T23:15:53Z
2026-09-12T23:13:15Z,2026-09-13T01:13:15+0200,2866f7da-ee7e-4cc2-b3c3-c97fb597cf24,2026-09-09T02:00:00Z,2026-09-09T04:00:00+0200,138.18,EUR/MWh,DK1,DK_1,day_ahead_price,value,2026-09-12T23:15:53Z
2026-09-12T23:13:15Z,2026-09-13T01:13:15+0200,2866f7da-ee7e-4cc2-b3c3-c97fb597cf24,2026-09-09T02:15:00Z,2026-09-09T04:15:00+0200,137.589996,EUR/MWh,DK1,DK_1,day_ahead_price,value,2026-09-12T23:15:53Z
2026-09-12T23:13:15Z,2026-09-13T01:13:15+0200,2866f7da-ee7e-4cc2-b3c3-c97fb597cf24,2026-09-09T02:30:00Z,2026-09-09T04:30:00+0200,137.139999,EUR/MWh,DK1,DK_1,day_ahead_price,value,2026-09-12T23:15:53Z
2026-09-12T23:13:15Z,2026-09-13T01:13:15+0200,2866f7da-ee7e-4cc2-b3c3-c97fb597cf24,2026-09-09T02:45:00Z,2026-09-09T04:45:00+0200,137.360001,EUR/MWh,DK1,DK_1,day_ahead_price,value,2026-09-12T23:15:53Z
2026-09-12T23:13:15Z,2026-09-13T01:13:15+0200,2866f7da-ee7e-4cc2-b3c3-c97fb597cf24,2026-09-09T03:00:00Z,2026-09-09T05:00:00+0200,136.610001,EUR/MWh,DK1,DK_1,day_ahead_price,value,2026-09-12T23:15:53Z
2026-09-12T23:13:15Z,2026-09-13T01:13:15+0200,2866f7da-ee7e-4cc2-b3c3-c97fb597cf24,2026-09-09T03:15:00Z,2026-09-09T05:15:00+0200,138.020004,EUR/MWh,DK1,DK_1,day_ahead_price,value,2026-09-12T23:15:53Z
2026-09-12T23:13:15Z,2026-09-13T01:13:15+0200,2866f7da-ee7e-4cc2-b3c3-c97fb597cf24,2026-09-09T03:30:00Z,2026-09-09T05:30:00+0200,143.199997,EUR/MWh,DK1,DK_1,day_ahead_price,value,2026-09-12T23:15:53Z
2026-09-12T23:13:15Z,2026-09-13T01:13:15+0200,2866f7da-ee7e-4cc2-b3c3-c97fb597cf24,2026-09-09T03:45:00Z,2026-09-09T05:45:00+0200,148.899994,EUR/MWh,DK1,DK_1,day_ahead_price,value,2026-09-12T23:15:53Z
2026-09-12T23:13:15Z,2026-09-13T01:13:15+0200,2866f7da-ee7e-4cc2-b3c3-c97fb597cf24,2026-09-09T04:00:00Z,2026-09-09T06:00:00+0200,153.820007,EUR/MWh,DK1,DK_1,day_ahead_price,value,2026-09-12T23:15:53Z
2026-09-12T23:13:15Z,2026-09-13T01:13:15+0200,2866f7da-ee7e-4cc2-b3c3-c97fb597cf24,2026-09-09T04:15:00Z,2026-09-09T06:15:00+0200,174.5,EUR/MWh,DK1,DK_1,day_ahead_price,value,2026-09-12T23:15:53Z
2026-09-12T23:13:15Z,2026-09-13T01:13:15+0200,2866f7da-ee7e-4cc2-b3c3-c97fb597cf24,2026-09-09T04:30:00Z,2026-09-09T06:30:00+0200,179.289993,EUR/MWh,DK1,DK_1,day_ahead_price,value,2026-09-12T23:15:53Z
2026-09-12T23:13:15Z,2026-09-13T01:13:15+0200,2866f7da-ee7e-4cc2-b3c3-c97fb597cf24,2026-09-09T04:45:00Z,2026-09-09T06:45:00+0200,188.29,EUR/MWh,DK1,DK_1,day_ahead_price,value,2026-09-12T23:15:53Z
2026-09-12T23:13:15Z,2026-09-13T01:13:15+0200,2866f7da-ee7e-4cc2-b3c3-c97fb597cf24,2026-09-09T05:00:00Z,2026-09-09T07:00:00+0200,200.95,EUR/MWh,DK1,DK_1,day_ahead_price,value,2026-09-12T23:15:53Z
2026-09-12T23:13:15Z,2026-09-13T01:13:15+0200,2866f7da-ee7e-4cc2-b3c3-c97fb597cf24,2026-09-09T05:15:00Z,2026-09-09T07:15:00+0200,199.79,EUR/MWh,DK1,DK_1,day_ahead_price,value,2026-09-12T23:15:53Z
2026-09-12T23:13:15Z,2026-09-13T01:13:15+0200,2866f7da-ee7e-4cc2-b3c3-c97fb597cf24,2026-09-09T05:30:00Z,2026-09-09T07:30:00+0200,199.059998,EUR/MWh,DK1,DK_1,day_ahead_price,value,2026-09-12T23:15:53Z
2026-09-12T23:13:15Z,2026-09-13T01:13:15+0200,2866f7da-ee7e-4cc2-b3c3-c97fb597cf24,2026-09-09T05:45:00Z,2026-09-09T07:45:00+0200,196.43,EUR/MWh,DK1,DK_1,day_ahead_price,value,2026-09-12T23:15:53Z
2026-09-12T23:13:15Z,2026-09-13T01:13:15+0200,2866f7da-ee7e-4cc2-b3c3-c97fb597cf24,2026-09-09T06:00:00Z,2026-09-09T08:00:00+0200,220.07,EUR/MWh,DK1,DK_1,day_ahead_price,value,2026-09-12T23:15:53Z
2026-09-12T23:13:15Z,2026-09-13T01:13:15+0200,2866f7da-ee7e-4cc2-b3c3-c97fb597cf24,2026-09-09T06:15:00Z,2026-09-09T08:15:00+0200,202.0,EUR/MWh,DK1,DK_1,day_ahead_price,value,2026-09-12T23:15:53Z
2026-09-12T23:13:15Z,2026-09-13T01:13:15+0200,2866f7da-ee7e-4cc2-b3c3-c97fb597cf24,2026-09-09T06:30:00Z,2026-09-09T08:30:00+0200,196.01,EUR/MWh,DK1,DK_1,day_ahead_price,value,2026-09-12T23:15:53Z
2026-09-12T23:13:15Z,2026-09-13T01:13:15+0200,2866f7da-ee7e-4cc2-b3c3-c97fb597cf24,2026-09-09T06:45:00Z,2026-09-09T08:45:00+0200,172.509995,EUR/MWh,DK1,DK_1,day_ahead_price,value,2026-09-12T23:15:53Z
2026-09-12T23:13:15Z,2026-09-13T01:13:15+0200,2866f7da-ee7e-4cc2-b3c3-c97fb597cf24,2026-09-09T07:00:00Z,2026-09-09T09:00:00+0200,194.429993,EUR/MWh,DK1,DK_1,day_ahead_price,value,2026-09-12T23:15:53Z
2026-09-12T23:13:15Z,2026-09-13T01:13:15+0200,2866f7da-ee7e-4cc2-b3c3-c97fb597cf24,2026-09-09T07:15:00Z,2026-09-09T09:15:00+0200,162.12,EUR/MWh,DK1,DK_1,day_ahead_price,value,2026-09-12T23:15:53Z
2026-09-12T23:13:15Z,2026-09-13T01:13:15+0200,2866f7da-ee7e-4cc2-b3c3-c97fb597cf24,2026-09-09T07:30:00Z,2026-09-09T09:30:00+0200,146.289993,EUR/MWh,DK1,DK_1,day_ahead_price,value,2026-09-12T23:15:53Z
2026-09-12T23:13:15Z,2026-09-13T01:13:15+0200,2866f7da-ee7e-4cc2-b3c3-c97fb597cf24,2026-09-09T07:45:00Z,2026-09-09T09:45:00+0200,133.089996,EUR/MWh,DK1,DK_1,day_ahead_price,value,2026-09-12T23:15:53Z
2026-09-12T23:13:15Z,2026-09-13T01:13:15+0200,2866f7da-ee7e-4cc2-b3c3-c97fb597cf24,2026-09-09T08:00:00Z,2026-09-09T10:00:00+0200,133.759995,EUR/MWh,DK1,DK_1,day_ahead_price,value,2026-09-12T23:15:53Z
2026-09-12T23:13:15Z,2026-09-13T01:13:15+0200,2866f7da-ee7e-4cc2-b3c3-c97fb597cf24,2026-09-09T08:15:00Z,2026-09-09T10:15:00+0200,128.669998,EUR/MWh,DK1,DK_1,day_ahead_price,value,2026-09-12T23:15:53Z
2026-09-12T23:13:15Z,2026-09-13T01:13:15+0200,2866f7da-ee7e-4cc2-b3c3-c97fb597cf24,2026-09-09T08:30:00Z,2026-09-09T10:30:00+0200,120.47,EUR/MWh,DK1,DK_1,day_ahead_price,value,2026-09-12T23:15:53Z
2026-09-12T23:13:15Z,2026-09-13T01:13:15+0200,2866f7da-ee7e-4cc2-b3c3-c97fb597cf24,2026-09-09T08:45:00Z,2026-09-09T10:45:00+0200,99.84,EUR/MWh,DK1,DK_1,day_ahead_price,value,2026-09-12T23:15:53Z
2026-09-12T23:13:15Z,2026-09-13T01:13:15+0200,2866f7da-ee7e-4cc2-b3c3-c97fb597cf24,2026-09-09T09:00:00Z,2026-09-09T11:00:00+0200,120.260002,EUR/MWh,DK1,DK_1,day_ahead_price,value,2026-09-12T23:15:53Z
2026-09-12T23:13:15Z,2026-09-13T01:13:15+0200,2866f7da-ee7e-4cc2-b3c3-c97fb597cf24,2026-09-09T09:15:00Z,2026-09-09T11:15:00+0200,107.1,EUR/MWh,DK1,DK_1,day_ahead_price,value,2026-09-12T23:15:53Z
2026-09-12T23:13:15Z,2026-09-13T01:13:15+0200,2866f7da-ee7e-4cc2-b3c3-c97fb597cf24,2026-09-09T09:30:00Z,2026-09-09T11:30:00+0200,91.47,EUR/MWh,DK1,DK_1,day_ahead_price,value,2026-09-12T23:15:53Z
2026-09-12T23:13:15Z,2026-09-13T01:13:15+0200,2866f7da-ee7e-4cc2-b3c3-c97fb597cf24,2026-09-09T09:45:00Z,2026-09-09T11:45:00+0200,79.86,EUR/MWh,DK1,DK_1,day_ahead_price,value,2026-09-12T23:15:53Z
2026-09-12T23:13:15Z,2026-09-13T01:13:15+0200,2866f7da-ee7e-4cc2-b3c3-c97fb597cf24,2026-09-09T10:00:00Z,2026-09-09T12:00:00+0200,107.58,EUR/MWh,DK1,DK_1,day_ahead_price,value,2026-09-12T23:15:53Z
2026-09-12T23:13:15Z,2026-09-13T01:13:15+0200,2866f7da-ee7e-4cc2-b3c3-c97fb597cf24,2026-09-09T10:15:00Z,2026-09-09T12:15:00+0200,87.34,EUR/MWh,DK1,DK_1,day_ahead_price,value,2026-09-12T23:15:53Z
2026-09-12T23:13:15Z,2026-09-13T01:13:15+0200,2866f7da-ee7e-4cc2-b3c3-c97fb597cf24,2026-09-09T10:30:00Z,2026-09-09T12:30:00+0200,82.989998,EUR/MWh,DK1,DK_1,day_ahead_price,value,2026-09-12T23:15:53Z
2026-09-12T23:13:15Z,2026-09-13T01:13:15+0200,2866f7da-ee7e-4cc2-b3c3-c97fb597cf24,2026-09-09T10:45:00Z,2026-09-09T12:45:00+0200,71.78,EUR/MWh,DK1,DK_1,day_ahead_price,value,2026-09-12T23:15:53Z
2026-09-12T23:13:15Z,2026-09-13T01:13:15+0200,2866f7da-ee7e-4cc2-b3c3-c97fb597cf24,2026-09-09T11:00:00Z,2026-09-09T13:00:00+0200,79.050003,EUR/MWh,DK1,DK_1,day_ahead_price,value,2026-09-12T23:15:53Z
2026-09-12T23:13:15Z,2026-09-13T01:13:15+0200,2866f7da-ee7e-4cc2-b3c3-c97fb597cf24,2026-09-09T11:15:00Z,2026-09-09T13:15:00+0200,70.089996,EUR/MWh,DK1,DK_1,day_ahead_price,value,2026-09-12T23:15:53Z
2026-09-12T23:13:15Z,2026-09-13T01:13:15+0200,2866f7da-ee7e-4cc2-b3c3-c97fb597cf24,2026-09-09T11:30:00Z,2026-09-09T13:30:00+0200,61.650002,EUR/MWh,DK1,DK_1,day_ahead_price,value,2026-09-12T23:15:53Z
2026-09-12T23:13:15Z,2026-09-13T01:13:15+0200,2866f7da-ee7e-4cc2-b3c3-c97fb597cf24,2026-09-09T11:45:00Z,2026-09-09T13:45:00+0200,55.91,EUR/MWh,DK1,DK_1,day_ahead_price,value,2026-09-12T23:15:53Z
2026-09-12T23:13:15Z,2026-09-13T01:13:15+0200,2866f7da-ee7e-4cc2-b3c3-c97fb597cf24,2026-09-09T12:00:00Z,2026-09-09T14:00:00+0200,60.599998,EUR/MWh,DK1,DK_1,day_ahead_price,value,2026-09-12T23:15:53Z
2026-09-12T23:13:15Z,2026-09-13T01:13:15+0200,2866f7da-ee7e-4cc2-b3c3-c97fb597cf24,2026-09-09T12:15:00Z,2026-09-09T14:15:00+0200,62.189999,EUR/MWh,DK1,DK_1,day_ahead_price,value,2026-09-12T23:15:53Z
2026-09-12T23:13:15Z,2026-09-13T01:13:15+0200,2866f7da-ee7e-4cc2-b3c3-c97fb597cf24,2026-09-09T12:30:00Z,2026-09-09T14:30:00+0200,59.700001,EUR/MWh,DK1,DK_1,day_ahead_price,value,2026-09-12T23:15:53Z
2026-09-12T23:13:15Z,2026-09-13T01:13:15+0200,2866f7da-ee7e-4cc2-b3c3-c97fb597cf24,2026-09-09T12:45:00Z,2026-09-09T14:45:00+0200,61.470001,EUR/MWh,DK1,DK_1,day_ahead_price,value,2026-09-12T23:15:53Z
2026-09-12T23:13:15Z,2026-09-13T01:13:15+0200,2866f7da-ee7e-4cc2-b3c3-c97fb597cf24,2026-09-09T13:00:00Z,2026-09-09T15:00:00+0200,59.259998,EUR/MWh,DK1,DK_1,day_ahead_price,value,2026-09-12T23:15:53Z
2026-09-12T23:13:15Z,2026-09-13T01:13:15+0200,2866f7da-ee7e-4cc2-b3c3-c97fb597cf24,2026-09-09T13:15:00Z,2026-09-09T15:15:00+0200,67.639999,EUR/MWh,DK1,DK_1,day_ahead_price,value,2026-09-12T23:15:53Z
2026-09-12T23:13:15Z,2026-09-13T01:13:15+0200,2866f7da-ee7e-4cc2-b3c3-c97fb597cf24,2026-09-09T13:30:00Z,2026-09-09T15:30:00+0200,75.470001,EUR/MWh,DK1,DK_1,day_ahead_price,value,2026-09-12T23:15:53Z
2026-09-12T23:13:15Z,2026-09-13T01:13:15+0200,2866f7da-ee7e-4cc2-b3c3-c97fb597cf24,2026-09-09T13:45:00Z,2026-09-09T15:45:00+0200,79.360001,EUR/MWh,DK1,DK_1,day_ahead_price,value,2026-09-12T23:15:53Z
2026-09-12T23:13:15Z,2026-09-13T01:13:15+0200,2866f7da-ee7e-4cc2-b3c3-c97fb597cf24,2026-09-09T14:00:00Z,2026-09-09T16:00:00+0200,64.78,EUR/MWh,DK1,DK_1,day_ahead_price,value,2026-09-12T23:15:53Z
2026-09-12T23:13:15Z,2026-09-13T01:13:15+0200,2866f7da-ee7e-4cc2-b3c3-c97fb597cf24,2026-09-09T14:15:00Z,2026-09-09T16:15:00+0200,82.98,EUR/MWh,DK1,DK_1,day_ahead_price,value,2026-09-12T23:15:53Z
2026-09-12T23:13:15Z,2026-09-13T01:13:15+0200,2866f7da-ee7e-4cc2-b3c3-c97fb597cf24,2026-09-09T14:30:00Z,2026-09-09T16:30:00+0200,111.57,EUR/MWh,DK1,DK_1,day_ahead_price,value,2026-09-12T23:15:53Z
2026-09-12T23:13:15Z,2026-09-13T01:13:15+0200,2866f7da-ee7e-4cc2-b3c3-c97fb597cf24,2026-09-09T14:45:00Z,2026-09-09T16:45:00+0200,118.730003,EUR/MWh,DK1,DK_1,day_ahead_price,value,2026-09-12T23:15:53Z
2026-09-12T23:13:15Z,2026-09-13T01:13:15+0200,2866f7da-ee7e-4cc2-b3c3-c97fb597cf24,2026-09-09T15:00:00Z,2026-09-09T17:00:00+0200,96.610001,EUR/MWh,DK1,DK_1,day_ahead_price,value,2026-09-12T23:15:53Z
2026-09-12T23:13:15Z,2026-09-13T01:13:15+0200,2866f7da-ee7e-4cc2-b3c3-c97fb597cf24,2026-09-09T15:15:00Z,2026-09-09T17:15:00+0200,119.01,EUR/MWh,DK1,DK_1,day_ahead_price,value,2026-09-12T23:15:53Z
2026-09-12T23:13:15Z,2026-09-13T01:13:15+0200,2866f7da-ee7e-4cc2-b3c3-c97fb597cf24,2026-09-09T15:30:00Z,2026-09-09T17:30:00+0200,128.479996,EUR/MWh,DK1,DK_1,day_ahead_price,value,2026-09-12T23:15:53Z
2026-09-12T23:13:15Z,2026-09-13T01:13:15+0200,2866f7da-ee7e-4cc2-b3c3-c97fb597cf24,2026-09-09T15:45:00Z,2026-09-09T17:45:00+0200,140.43,EUR/MWh,DK1,DK_1,day_ahead_price,value,2026-09-12T23:15:53Z
2026-09-12T23:13:15Z,2026-09-13T01:13:15+0200,2866f7da-ee7e-4cc2-b3c3-c97fb597cf24,2026-09-09T16:00:00Z,2026-09-09T18:00:00+0200,134.25,EUR/MWh,DK1,DK_1,day_ahead_price,value,2026-09-12T23:15:53Z
2026-09-12T23:13:15Z,2026-09-13T01:13:15+0200,2866f7da-ee7e-4cc2-b3c3-c97fb597cf24,2026-09-09T16:15:00Z,2026-09-09T18:15:00+0200,154.11,EUR/MWh,DK1,DK_1,day_ahead_price,value,2026-09-12T23:15:53Z
2026-09-12T23:13:15Z,2026-09-13T01:13:15+0200,2866f7da-ee7e-4cc2-b3c3-c97fb597cf24,2026-09-09T16:30:00Z,2026-09-09T18:30:00+0200,154.869995,EUR/MWh,DK1,DK_1,day_ahead_price,value,2026-09-12T23:15:53Z
2026-09-12T23:13:15Z,2026-09-13T01:13:15+0200,2866f7da-ee7e-4cc2-b3c3-c97fb597cf24,2026-09-09T16:45:00Z,2026-09-09T18:45:00+0200,157.92,EUR/MWh,DK1,DK_1,day_ahead_price,value,2026-09-12T23:15:53Z
2026-09-12T23:13:15Z,2026-09-13T01:13:15+0200,2866f7da-ee7e-4cc2-b3c3-c97fb597cf24,2026-09-09T17:00:00Z,2026-09-09T19:00:00+0200,168.62,EUR/MWh,DK1,DK_1,day_ahead_price,value,2026-09-12T23:15:53Z
2026-09-12T23:13:15Z,2026-09-13T01:13:15+0200,2866f7da-ee7e-4cc2-b3c3-c97fb597cf24,2026-09-09T17:15:00Z,2026-09-09T19:15:00+0200,162.2,EUR/MWh,DK1,DK_1,day_ahead_price,value,2026-09-12T23:15:53Z
2026-09-12T23:13:15Z,2026-09-13T01:13:15+0200,2866f7da-ee7e-4cc2-b3c3-c97fb597cf24,2026-09-09T17:30:00Z,2026-09-09T19:30:00+0200,161.809998,EUR/MWh,DK1,DK_1,day_ahead_price,value,2026-09-12T23:15:53Z
2026-09-12T23:13:15Z,2026-09-13T01:13:15+0200,2866f7da-ee7e-4cc2-b3c3-c97fb597cf24,2026-09-09T17:45:00Z,2026-09-09T19:45:00+0200,161.49,EUR/MWh,DK1,DK_1,day_ahead_price,value,2026-09-12T23:15:53Z
2026-09-12T23:13:15Z,2026-09-13T01:13:15+0200,2866f7da-ee7e-4cc2-b3c3-c97fb597cf24,2026-09-09T18:00:00Z,2026-09-09T20:00:00+0200,160.45,EUR/MWh,DK1,DK_1,day_ahead_price,value,2026-09-12T23:15:53Z
2026-09-12T23:13:15Z,2026-09-13T01:13:15+0200,2866f7da-ee7e-4cc2-b3c3-c97fb597cf24,2026-09-09T18:15:00Z,2026-09-09T20:15:00+0200,163.84,EUR/MWh,DK1,DK_1,day_ahead_price,value,2026-09-12T23:15:53Z
2026-09-12T23:13:15Z,2026-09-13T01:13:15+0200,2866f7da-ee7e-4cc2-b3c3-c97fb597cf24,2026-09-09T18:30:00Z,2026-09-09T20:30:00+0200,167.009995,EUR/MWh,DK1,DK_1,day_ahead_price,value,2026-09-12T23:15:53Z
2026-09-12T23:13:15Z,2026-09-13T01:13:15+0200,2866f7da-ee7e-4cc2-b3c3-c97fb597cf24,2026-09-09T18:45:00Z,2026-09-09T20:45:00+0200,164.0,EUR/MWh,DK1,DK_1,day_ahead_price,value,2026-09-12T23:15:53Z
2026-09-12T23:13:15Z,2026-09-13T01:13:15+0200,2866f7da-ee7e-4cc2-b3c3-c97fb597cf24,2026-09-09T19:00:00Z,2026-09-09T21:00:00+0200,159.25,EUR/MWh,DK1,DK_1,day_ahead_price,value,2026-09-12T23:15:53Z
2026-09-12T23:13:15Z,2026-09-13T01:13:15+0200,2866f7da-ee7e-4cc2-b3c3-c97fb597cf24,2026-09-09T19:15:00Z,2026-09-09T21:15:00+0200,157.57,EUR/MWh,DK1,DK_1,day_ahead_price,value,2026-09-12T23:15:53Z
2026-09-12T23:13:15Z,2026-09-13T01:13:15+0200,2866f7da-ee7e-4cc2-b3c3-c97fb597cf24,2026-09-09T19:30:00Z,2026-09-09T21:30:00+0200,156.14,EUR/MWh,DK1,DK_1,day_ahead_price,value,2026-09-12T23:15:53Z
2026-09-12T23:13:15Z,2026-09-13T01:13:15+0200,2866f7da-ee7e-4cc2-b3c3-c97fb597cf24,2026-09-09T19:45:00Z,2026-09-09T21:45:00+0200,154.97,EUR/MWh,DK1,DK_1,day_ahead_price,value,2026-09-12T23:15:53Z
2026-09-12T23:13:15Z,2026-09-13T01:13:15+0200,2866f7da-ee7e-4cc2-b3c3-c97fb597cf24,2026-09-09T20:00:00Z,2026-09-09T22:00:00+0200,148.79,EUR/MWh,DK1,DK_1,day_ahead_price,value,2026-09-12T23:15:53Z
2026-09-12T23:13:15Z,2026-09-13T01:13:15+0200,2866f7da-ee7e-4cc2-b3c3-c97fb597cf24,2026-09-09T20:15:00Z,2026-09-09T22:15:00+0200,145.62,EUR/MWh,DK1,DK_1,day_ahead_price,value,2026-09-12T23:15:53Z
2026-09-12T23:13:15Z,2026-09-13T01:13:15+0200,2866f7da-ee7e-4cc2-b3c3-c97fb597cf24,2026-09-09T20:30:00Z,2026-09-09T22:30:00+0200,142.160004,EUR/MWh,DK1,DK_1,day_ahead_price,value,2026-09-12T23:15:53Z
2026-09-12T23:13:15Z,2026-09-13T01:13:15+0200,2866f7da-ee7e-4cc2-b3c3-c97fb597cf24,2026-09-09T20:45:00Z,2026-09-09T22:45:00+0200,140.07,EUR/MWh,DK1,DK_1,day_ahead_price,value,2026-09-12T23:15:53Z
2026-09-12T23:13:15Z,2026-09-13T01:13:15+0200,2866f7da-ee7e-4cc2-b3c3-c97fb597cf24,2026-09-09T21:00:00Z,2026-09-09T23:00:00+0200,143.57,EUR/MWh,DK1,DK_1,day_ahead_price,value,2026-09-12T23:15:53Z
2026-09-12T23:13:15Z,2026-09-13T01:13:15+0200,2866f7da-ee7e-4cc2-b3c3-c97fb597cf24,2026-09-09T21:15:00Z,2026-09-09T23:15:00+0200,141.15,EUR/MWh,DK1,DK_1,day_ahead_price,value,2026-09-12T23:15:53Z
2026-09-12T23:13:15Z,2026-09-13T01:13:15+0200,2866f7da-ee7e-4cc2-b3c3-c97fb597cf24,2026-09-09T21:30:00Z,2026-09-09T23:30:00+0200,140.850006,EUR/MWh,DK1,DK_1,day_ahead_price,value,2026-09-12T23:15:53Z
2026-09-12T23:13:15Z,2026-09-13T01:13:15+0200,2866f7da-ee7e-4cc2-b3c3-c97fb597cf24,2026-09-09T21:45:00Z,2026-09-09T23:45:00+0200,134.44,EUR/MWh,DK1,DK_1,day_ahead_price,value,2026-09-12T23:15:53Z
2026-09-12T23:13:15Z,2026-09-13T01:13:15+0200,2866f7da-ee7e-4cc2-b3c3-c97fb597cf24,2026-09-09T22:00:00Z,2026-09-10T00:00:00+0200,157.710007,EUR/MWh,DK1,DK_1,day_ahead_price,value,2026-09-12T23:15:53Z
2026-09-12T23:13:15Z,2026-09-13T01:13:15+0200,2866f7da-ee7e-4cc2-b3c3-c97fb597cf24,2026-09-09T22:15:00Z,2026-09-10T00:15:00+0200,157.41,EUR/MWh,DK1,DK_1,day_ahead_price,value,2026-09-12T23:15:53Z
2026-09-12T23:13:15Z,2026-09-13T01:13:15+0200,2866f7da-ee7e-4cc2-b3c3-c97fb597cf24,2026-09-09T22:30:00Z,2026-09-10T00:30:00+0200,150.660004,EUR/MWh,DK1,DK_1,day_ahead_price,value,2026-09-12T23:15:53Z
2026-09-12T23:13:15Z,2026-09-13T01:13:15+0200,2866f7da-ee7e-4cc2-b3c3-c97fb597cf24,2026-09-09T22:45:00Z,2026-09-10T00:45:00+0200,148.240005,EUR/MWh,DK1,DK_1,day_ahead_price,value,2026-09-12T23:15:53Z
2026-09-12T23:13:15Z,2026-09-13T01:13:15+0200,2866f7da-ee7e-4cc2-b3c3-c97fb597cf24,2026-09-09T23:00:00Z,2026-09-10T01:00:00+0200,153.9,EUR/MWh,DK1,DK_1,day_ahead_price,value,2026-09-12T23:15:53Z
2026-09-12T23:13:15Z,2026-09-13T01:13:15+0200,2866f7da-ee7e-4cc2-b3c3-c97fb597cf24,2026-09-09T23:15:00Z,2026-09-10T01:15:00+0200,152.01,EUR/MWh,DK1,DK_1,day_ahead_price,value,2026-09-12T23:15:53Z
2026-09-12T23:13:15Z,2026-09-13T01:13:15+0200,2866f7da-ee7e-4cc2-b3c3-c97fb597cf24,2026-09-09T23:30:00Z,2026-09-10T01:30:00+0200,152.61,EUR/MWh,DK1,DK_1,day_ahead_price,value,2026-09-12T23:15:53Z
2026-09-12T23:13:15Z,2026-09-13T01:13:15+0200,2866f7da-ee7e-4cc2-b3c3-c97fb597cf24,2026-09-09T23:45:00Z,2026-09-10T01:45:00+0200,150.42,EUR/MWh,DK1,DK_1,day_ahead_price,value,2026-09-12T23:15:53Z
2026-09-12T23:13:15Z,2026-09-13T01:13:15+0200,2866f7da-ee7e-4cc2-b3c3-c97fb597cf24,2026-09-10T00:00:00Z,2026-09-10T02:00:00+0200,156.82,EUR/MWh,DK1,DK_1,day_ahead_price,value,2026-09-12T23:15:53Z
2026-09-12T23:13:15Z,2026-09-13T01:13:15+0200,2866f7da-ee7e-4cc2-b3c3-c97fb597cf24,2026-09-10T00:15:00Z,2026-09-10T02:15:00+0200,155.740005,EUR/MWh,DK1,DK_1,day_ahead_price,value,2026-09-12T23:15:53Z
2026-09-12T23:13:15Z,2026-09-13T01:13:15+0200,2866f7da-ee7e-4cc2-b3c3-c97fb597cf24,2026-09-10T00:30:00Z,2026-09-10T02:30:00+0200,161.910004,EUR/MWh,DK1,DK_1,day_ahead_price,value,2026-09-12T23:15:53Z
2026-09-12T23:13:15Z,2026-09-13T01:13:15+0200,2866f7da-ee7e-4cc2-b3c3-c97fb597cf24,2026-09-10T00:45:00Z,2026-09-10T02:45:00+0200,162.27,EUR/MWh,DK1,DK_1,day_ahead_price,value,2026-09-12T23:15:53Z
2026-09-12T23:13:15Z,2026-09-13T01:13:15+0200,2866f7da-ee7e-4cc2-b3c3-c97fb597cf24,2026-09-10T01:00:00Z,2026-09-10T03:00:00+0200,161.910004,EUR/MWh,DK1,DK_1,day_ahead_price,value,2026-09-12T23:15:53Z
2026-09-12T23:13:15Z,2026-09-13T01:13:15+0200,2866f7da-ee7e-4cc2-b3c3-c97fb597cf24,2026-09-10T01:15:00Z,2026-09-10T03:15:00+0200,163.11,EUR/MWh,DK1,DK_1,day_ahead_price,value,2026-09-12T23:15:53Z
2026-09-12T23:13:15Z,2026-09-13T01:13:15+0200,2866f7da-ee7e-4cc2-b3c3-c97fb597cf24,2026-09-10T01:30:00Z,2026-09-10T03:30:00+0200,160.7,EUR/MWh,DK1,DK_1,day_ahead_price,value,2026-09-12T23:15:53Z
2026-09-12T23:13:15Z,2026-09-13T01:13:15+0200,2866f7da-ee7e-4cc2-b3c3-c97fb597cf24,2026-09-10T01:45:00Z,2026-09-10T03:45:00+0200,163.15,EUR/MWh,DK1,DK_1,day_ahead_price,value,2026-09-12T23:15:53Z
2026-09-12T23:13:15Z,2026-09-13T01:13:15+0200,2866f7da-ee7e-4cc2-b3c3-c97fb597cf24,2026-09-10T02:00:00Z,2026-09-10T04:00:00+0200,163.29,EUR/MWh,DK1,DK_1,day_ahead_price,value,2026-09-12T23:15:53Z
2026-09-12T23:13:15Z,2026-09-13T01:13:15+0200,2866f7da-ee7e-4cc2-b3c3-c97fb597cf24,2026-09-10T02:15:00Z,2026-09-10T04:15:00+0200,165.99,EUR/MWh,DK1,DK_1,day_ahead_price,value,2026-09-12T23:15:53Z
2026-09-12T23:13:15Z,2026-09-13T01:13:15+0200,2866f7da-ee7e-4cc2-b3c3-c97fb597cf24,2026-09-10T02:30:00Z,2026-09-10T04:30:00+0200,170.889999,EUR/MWh,DK1,DK_1,day_ahead_price,value,2026-09-12T23:15:53Z
2026-09-12T23:13:15Z,2026-09-13T01:13:15+0200,2866f7da-ee7e-4cc2-b3c3-c97fb597cf24,2026-09-10T02:45:00Z,2026-09-10T04:45:00+0200,170.940002,EUR/MWh,DK1,DK_1,day_ahead_price,value,2026-09-12T23:15:53Z
2026-09-12T23:13:15Z,2026-09-13T01:13:15+0200,2866f7da-ee7e-4cc2-b3c3-c97fb597cf24,2026-09-10T03:00:00Z,2026-09-10T05:00:00+0200,170.23,EUR/MWh,DK1,DK_1,day_ahead_price,value,2026-09-12T23:15:53Z
2026-09-12T23:13:15Z,2026-09-13T01:13:15+0200,2866f7da-ee7e-4cc2-b3c3-c97fb597cf24,2026-09-10T03:15:00Z,2026-09-10T05:15:00+0200,177.07,EUR/MWh,DK1,DK_1,day_ahead_price,value,2026-09-12T23:15:53Z
2026-09-12T23:13:15Z,2026-09-13T01:13:15+0200,2866f7da-ee7e-4cc2-b3c3-c97fb597cf24,2026-09-10T03:30:00Z,2026-09-10T05:30:00+0200,187.24,EUR/MWh,DK1,DK_1,day_ahead_price,value,2026-09-12T23:15:53Z
2026-09-12T23:13:15Z,2026-09-13T01:13:15+0200,2866f7da-ee7e-4cc2-b3c3-c97fb597cf24,2026-09-10T03:45:00Z,2026-09-10T05:45:00+0200,200.89,EUR/MWh,DK1,DK_1,day_ahead_price,value,2026-09-12T23:15:53Z
2026-09-12T23:13:15Z,2026-09-13T01:13:15+0200,2866f7da-ee7e-4cc2-b3c3-c97fb597cf24,2026-09-10T04:00:00Z,2026-09-10T06:00:00+0200,191.01,EUR/MWh,DK1,DK_1,day_ahead_price,value,2026-09-12T23:15:53Z
2026-09-12T23:13:15Z,2026-09-13T01:13:15+0200,2866f7da-ee7e-4cc2-b3c3-c97fb597cf24,2026-09-10T04:15:00Z,2026-09-10T06:15:00+0200,205.080002,EUR/MWh,DK1,DK_1,day_ahead_price,value,2026-09-12T23:15:53Z
2026-09-12T23:13:15Z,2026-09-13T01:13:15+0200,2866f7da-ee7e-4cc2-b3c3-c97fb597cf24,2026-09-10T04:30:00Z,2026-09-10T06:30:00+0200,218.27,EUR/MWh,DK1,DK_1,day_ahead_price,value,2026-09-12T23:15:53Z
2026-09-12T23:13:15Z,2026-09-13T01:13:15+0200,2866f7da-ee7e-4cc2-b3c3-c97fb597cf24,2026-09-10T04:45:00Z,2026-09-10T06:45:00+0200,226.770004,EUR/MWh,DK1,DK_1,day_ahead_price,value,2026-09-12T23:15:53Z
2026-09-12T23:13:15Z,2026-09-13T01:13:15+0200,2866f7da-ee7e-4cc2-b3c3-c97fb597cf24,2026-09-10T05:00:00Z,2026-09-10T07:00:00+0200,226.470001,EUR/MWh,DK1,DK_1,day_ahead_price,value,2026-09-12T23:15:53Z
2026-09-12T23:13:15Z,2026-09-13T01:13:15+0200,2866f7da-ee7e-4cc2-b3c3-c97fb597cf24,2026-09-10T05:15:00Z,2026-09-10T07:15:00+0200,233.949997,EUR/MWh,DK1,DK_1,day_ahead_price,value,2026-09-12T23:15:53Z
2026-09-12T23:13:15Z,2026-09-13T01:13:15+0200,2866f7da-ee7e-4cc2-b3c3-c97fb597cf24,2026-09-10T05:30:00Z,2026-09-10T07:30:00+0200,236.990005,EUR/MWh,DK1,DK_1,day_ahead_price,value,2026-09-12T23:15:53Z
2026-09-12T23:13:15Z,2026-09-13T01:13:15+0200,2866f7da-ee7e-4cc2-b3c3-c97fb597cf24,2026-09-10T05:45:00Z,2026-09-10T07:45:00+0200,229.94,EUR/MWh,DK1,DK_1,day_ahead_price,value,2026-09-12T23:15:53Z
2026-09-12T23:13:15Z,2026-09-13T01:13:15+0200,2866f7da-ee7e-4cc2-b3c3-c97fb597cf24,2026-09-10T06:00:00Z,2026-09-10T08:00:00+0200,248.93,EUR/MWh,DK1,DK_1,day_ahead_price,value,2026-09-12T23:15:53Z
2026-09-12T23:13:15Z,2026-09-13T01:13:15+0200,2866f7da-ee7e-4cc2-b3c3-c97fb597cf24,2026-09-10T06:15:00Z,2026-09-10T08:15:00+0200,227.5,EUR/MWh,DK1,DK_1,day_ahead_price,value,2026-09-12T23:15:53Z
2026-09-12T23:13:15Z,2026-09-13T01:13:15+0200,2866f7da-ee7e-4cc2-b3c3-c97fb597cf24,2026-09-10T06:30:00Z,2026-09-10T08:30:00+0200,216.080002,EUR/MWh,DK1,DK_1,day_ahead_price,value,2026-09-12T23:15:53Z
2026-09-12T23:13:15Z,2026-09-13T01:13:15+0200,2866f7da-ee7e-4cc2-b3c3-c97fb597cf24,2026-09-10T06:45:00Z,2026-09-10T08:45:00+0200,195.67,EUR/MWh,DK1,DK_1,day_ahead_price,value,2026-09-12T23:15:53Z
2026-09-12T23:13:15Z,2026-09-13T01:13:15+0200,2866f7da-ee7e-4cc2-b3c3-c97fb597cf24,2026-09-10T07:00:00Z,2026-09-10T09:00:00+0200,215.990005,EUR/MWh,DK1,DK_1,day_ahead_price,value,2026-09-12T23:15:53Z
2026-09-12T23:13:15Z,2026-09-13T01:13:15+0200,2866f7da-ee7e-4cc2-b3c3-c97fb597cf24,2026-09-10T07:15:00Z,2026-09-10T09:15:00+0200,195.01,EUR/MWh,DK1,DK_1,day_ahead_price,value,2026-09-12T23:15:53Z
2026-09-12T23:13:15Z,2026-09-13T01:13:15+0200,2866f7da-ee7e-4cc2-b3c3-c97fb597cf24,2026-09-10T07:30:00Z,2026-09-10T09:30:00+0200,173.79,EUR/MWh,DK1,DK_1,day_ahead_price,value,2026-09-12T23:15:53Z
2026-09-12T23:13:15Z,2026-09-13T01:13:15+0200,2866f7da-ee7e-4cc2-b3c3-c97fb597cf24,2026-09-10T07:45:00Z,2026-09-10T09:45:00+0200,155.089996,EUR/MWh,DK1,DK_1,day_ahead_price,value,2026-09-12T23:15:53Z
2026-09-12T23:13:15Z,2026-09-13T01:13:15+0200,2866f7da-ee7e-4cc2-b3c3-c97fb597cf24,2026-09-10T08:00:00Z,2026-09-10T10:00:00+0200,174.910004,EUR/MWh,DK1,DK_1,day_ahead_price,value,2026-09-12T23:15:53Z
2026-09-12T23:13:15Z,2026-09-13T01:13:15+0200,2866f7da-ee7e-4cc2-b3c3-c97fb597cf24,2026-09-10T08:15:00Z,2026-09-10T10:15:00+0200,150.139999,EUR/MWh,DK1,DK_1,day_ahead_price,value,2026-09-12T23:15:53Z
2026-09-12T23:13:15Z,2026-09-13T01:13:15+0200,2866f7da-ee7e-4cc2-b3c3-c97fb597cf24,2026-09-10T08:30:00Z,2026-09-10T10:30:00+0200,135.98,EUR/MWh,DK1,DK_1,day_ahead_price,value,2026-09-12T23:15:53Z
2026-09-12T23:13:15Z,2026-09-13T01:13:15+0200,2866f7da-ee7e-4cc2-b3c3-c97fb597cf24,2026-09-10T08:45:00Z,2026-09-10T10:45:00+0200,121.32,EUR/MWh,DK1,DK_1,day_ahead_price,value,2026-09-12T23:15:53Z
2026-09-12T23:13:15Z,2026-09-13T01:13:15+0200,2866f7da-ee7e-4cc2-b3c3-c97fb597cf24,2026-09-10T09:00:00Z,2026-09-10T11:00:00+0200,130.26,EUR/MWh,DK1,DK_1,day_ahead_price,value,2026-09-12T23:15:53Z
2026-09-12T23:13:15Z,2026-09-13T01:13:15+0200,2866f7da-ee7e-4cc2-b3c3-c97fb597cf24,2026-09-10T09:15:00Z,2026-09-10T11:15:00+0200,117.07,EUR/MWh,DK1,DK_1,day_ahead_price,value,2026-09-12T23:15:53Z
2026-09-12T23:13:15Z,2026-09-13T01:13:15+0200,2866f7da-ee7e-4cc2-b3c3-c97fb597cf24,2026-09-10T09:30:00Z,2026-09-10T11:30:00+0200,99.31,EUR/MWh,DK1,DK_1,day_ahead_price,value,2026-09-12T23:15:53Z
2026-09-12T23:13:15Z,2026-09-13T01:13:15+0200,2866f7da-ee7e-4cc2-b3c3-c97fb597cf24,2026-09-10T09:45:00Z,2026-09-10T11:45:00+0200,74.0,EUR/MWh,DK1,DK_1,day_ahead_price,value,2026-09-12T23:15:53Z
2026-09-12T23:13:15Z,2026-09-13T01:13:15+0200,2866f7da-ee7e-4cc2-b3c3-c97fb597cf24,2026-09-10T10:00:00Z,2026-09-10T12:00:00+0200,89.18,EUR/MWh,DK1,DK_1,day_ahead_price,value,2026-09-12T23:15:53Z
2026-09-12T23:13:15Z,2026-09-13T01:13:15+0200,2866f7da-ee7e-4cc2-b3c3-c97fb597cf24,2026-09-10T10:15:00Z,2026-09-10T12:15:00+0200,76.300003,EUR/MWh,DK1,DK_1,day_ahead_price,value,2026-09-12T23:15:53Z
2026-09-12T23:13:15Z,2026-09-13T01:13:15+0200,2866f7da-ee7e-4cc2-b3c3-c97fb597cf24,2026-09-10T10:30:00Z,2026-09-10T12:30:00+0200,74.68,EUR/MWh,DK1,DK_1,day_ahead_price,value,2026-09-12T23:15:53Z
2026-09-12T23:13:15Z,2026-09-13T01:13:15+0200,2866f7da-ee7e-4cc2-b3c3-c97fb597cf24,2026-09-10T10:45:00Z,2026-09-10T12:45:00+0200,69.51,EUR/MWh,DK1,DK_1,day_ahead_price,value,2026-09-12T23:15:53Z
2026-09-12T23:13:15Z,2026-09-13T01:13:15+0200,2866f7da-ee7e-4cc2-b3c3-c97fb597cf24,2026-09-10T11:00:00Z,2026-09-10T13:00:00+0200,72.59,EUR/MWh,DK1,DK_1,day_ahead_price,value,2026-09-12T23:15:53Z
2026-09-12T23:13:15Z,2026-09-13T01:13:15+0200,2866f7da-ee7e-4cc2-b3c3-c97fb597cf24,2026-09-10T11:15:00Z,2026-09-10T13:15:00+0200,67.79,EUR/MWh,DK1,DK_1,day_ahead_price,value,2026-09-12T23:15:53Z
2026-09-12T23:13:15Z,2026-09-13T01:13:15+0200,2866f7da-ee7e-4cc2-b3c3-c97fb597cf24,2026-09-10T11:30:00Z,2026-09-10T13:30:00+0200,68.77,EUR/MWh,DK1,DK_1,day_ahead_price,value,2026-09-12T23:15:53Z
2026-09-12T23:13:15Z,2026-09-13T01:13:15+0200,2866f7da-ee7e-4cc2-b3c3-c97fb597cf24,2026-09-10T11:45:00Z,2026-09-10T13:45:00+0200,73.35,EUR/MWh,DK1,DK_1,day_ahead_price,value,2026-09-12T23:15:53Z
2026-09-12T23:13:15Z,2026-09-13T01:13:15+0200,2866f7da-ee7e-4cc2-b3c3-c97fb597cf24,2026-09-10T12:00:00Z,2026-09-10T14:00:00+0200,77.879997,EUR/MWh,DK1,DK_1,day_ahead_price,value,2026-09-12T23:15:53Z
2026-09-12T23:13:15Z,2026-09-13T01:13:15+0200,2866f7da-ee7e-4cc2-b3c3-c97fb597cf24,2026-09-10T12:15:00Z,2026-09-10T14:15:00+0200,89.529999,EUR/MWh,DK1,DK_1,day_ahead_price,value,2026-09-12T23:15:53Z
2026-09-12T23:13:15Z,2026-09-13T01:13:15+0200,2866f7da-ee7e-4cc2-b3c3-c97fb597cf24,2026-09-10T12:30:00Z,2026-09-10T14:30:00+0200,96.68,EUR/MWh,DK1,DK_1,day_ahead_price,value,2026-09-12T23:15:53Z
2026-09-12T23:13:15Z,2026-09-13T01:13:15+0200,2866f7da-ee7e-4cc2-b3c3-c97fb597cf24,2026-09-10T12:45:00Z,2026-09-10T14:45:00+0200,105.4,EUR/MWh,DK1,DK_1,day_ahead_price,value,2026-09-12T23:15:53Z
2026-09-12T23:13:15Z,2026-09-13T01:13:15+0200,2866f7da-ee7e-4cc2-b3c3-c97fb597cf24,2026-09-10T13:00:00Z,2026-09-10T15:00:00+0200,102.09,EUR/MWh,DK1,DK_1,day_ahead_price,value,2026-09-12T23:15:53Z
2026-09-12T23:13:15Z,2026-09-13T01:13:15+0200,2866f7da-ee7e-4cc2-b3c3-c97fb597cf24,2026-09-10T13:15:00Z,2026-09-10T15:15:00+0200,113.7,EUR/MWh,DK1,DK_1,day_ahead_price,value,2026-09-12T23:15:53Z
2026-09-12T23:13:15Z,2026-09-13T01:13:15+0200,2866f7da-ee7e-4cc2-b3c3-c97fb597cf24,2026-09-10T13:30:00Z,2026-09-10T15:30:00+0200,123.660004,EUR/MWh,DK1,DK_1,day_ahead_price,value,2026-09-12T23:15:53Z
2026-09-12T23:13:15Z,2026-09-13T01:13:15+0200,2866f7da-ee7e-4cc2-b3c3-c97fb597cf24,2026-09-10T13:45:00Z,2026-09-10T15:45:00+0200,134.419998,EUR/MWh,DK1,DK_1,day_ahead_price,value,2026-09-12T23:15:53Z
2026-09-12T23:13:15Z,2026-09-13T01:13:15+0200,2866f7da-ee7e-4cc2-b3c3-c97fb597cf24,2026-09-10T14:00:00Z,2026-09-10T16:00:00+0200,114.07,EUR/MWh,DK1,DK_1,day_ahead_price,value,2026-09-12T23:15:53Z
2026-09-12T23:13:15Z,2026-09-13T01:13:15+0200,2866f7da-ee7e-4cc2-b3c3-c97fb597cf24,2026-09-10T14:15:00Z,2026-09-10T16:15:00+0200,144.03,EUR/MWh,DK1,DK_1,day_ahead_price,value,2026-09-12T23:15:53Z
2026-09-12T23:13:15Z,2026-09-13T01:13:15+0200,2866f7da-ee7e-4cc2-b3c3-c97fb597cf24,2026-09-10T14:30:00Z,2026-09-10T16:30:00+0200,162.15,EUR/MWh,DK1,DK_1,day_ahead_price,value,2026-09-12T23:15:53Z
2026-09-12T23:13:15Z,2026-09-13T01:13:15+0200,2866f7da-ee7e-4cc2-b3c3-c97fb597cf24,2026-09-10T14:45:00Z,2026-09-10T16:45:00+0200,181.350006,EUR/MWh,DK1,DK_1,day_ahead_price,value,2026-09-12T23:15:53Z
2026-09-12T23:13:15Z,2026-09-13T01:13:15+0200,2866f7da-ee7e-4cc2-b3c3-c97fb597cf24,2026-09-10T15:00:00Z,2026-09-10T17:00:00+0200,154.49,EUR/MWh,DK1,DK_1,day_ahead_price,value,2026-09-12T23:15:53Z
2026-09-12T23:13:15Z,2026-09-13T01:13:15+0200,2866f7da-ee7e-4cc2-b3c3-c97fb597cf24,2026-09-10T15:15:00Z,2026-09-10T17:15:00+0200,184.179993,EUR/MWh,DK1,DK_1,day_ahead_price,value,2026-09-12T23:15:53Z
2026-09-12T23:13:15Z,2026-09-13T01:13:15+0200,2866f7da-ee7e-4cc2-b3c3-c97fb597cf24,2026-09-10T15:30:00Z,2026-09-10T17:30:00+0200,196.229996,EUR/MWh,DK1,DK_1,day_ahead_price,value,2026-09-12T23:15:53Z
2026-09-12T23:13:15Z,2026-09-13T01:13:15+0200,2866f7da-ee7e-4cc2-b3c3-c97fb597cf24,2026-09-10T15:45:00Z,2026-09-10T17:45:00+0200,215.51,EUR/MWh,DK1,DK_1,day_ahead_price,value,2026-09-12T23:15:53Z
2026-09-12T23:13:15Z,2026-09-13T01:13:15+0200,2866f7da-ee7e-4cc2-b3c3-c97fb597cf24,2026-09-10T16:00:00Z,2026-09-10T18:00:00+0200,203.21,EUR/MWh,DK1,DK_1,day_ahead_price,value,2026-09-12T23:15:53Z
2026-09-12T23:13:15Z,2026-09-13T01:13:15+0200,2866f7da-ee7e-4cc2-b3c3-c97fb597cf24,2026-09-10T16:15:00Z,2026-09-10T18:15:00+0200,237.97,EUR/MWh,DK1,DK_1,day_ahead_price,value,2026-09-12T23:15:53Z
2026-09-12T23:13:15Z,2026-09-13T01:13:15+0200,2866f7da-ee7e-4cc2-b3c3-c97fb597cf24,2026-09-10T16:30:00Z,2026-09-10T18:30:00+0200,254.99,EUR/MWh,DK1,DK_1,day_ahead_price,value,2026-09-12T23:15:53Z
2026-09-12T23:13:15Z,2026-09-13T01:13:15+0200,2866f7da-ee7e-4cc2-b3c3-c97fb597cf24,2026-09-10T16:45:00Z,2026-09-10T18:45:00+0200,301.48999,EUR/MWh,DK1,DK_1,day_ahead_price,value,2026-09-12T23:15:53Z
2026-09-12T23:13:15Z,2026-09-13T01:13:15+0200,2866f7da-ee7e-4cc2-b3c3-c97fb597cf24,2026-09-10T17:00:00Z,2026-09-10T19:00:00+0200,360.059998,EUR/MWh,DK1,DK_1,day_ahead_price,value,2026-09-12T23:15:53Z
2026-09-12T23:13:15Z,2026-09-13T01:13:15+0200,2866f7da-ee7e-4cc2-b3c3-c97fb597cf24,2026-09-10T17:15:00Z,2026-09-10T19:15:00+0200,409.640015,EUR/MWh,DK1,DK_1,day_ahead_price,value,2026-09-12T23:15:53Z
2026-09-12T23:13:15Z,2026-09-13T01:13:15+0200,2866f7da-ee7e-4cc2-b3c3-c97fb597cf24,2026-09-10T17:30:00Z,2026-09-10T19:30:00+0200,515.27002,EUR/MWh,DK1,DK_1,day_ahead_price,value,2026-09-12T23:15:53Z
2026-09-12T23:13:15Z,2026-09-13T01:13:15+0200,2866f7da-ee7e-4cc2-b3c3-c97fb597cf24,2026-09-10T17:45:00Z,2026-09-10T19:45:00+0200,602.099976,EUR/MWh,DK1,DK_1,day_ahead_price,value,2026-09-12T23:15:53Z
2026-09-12T23:13:15Z,2026-09-13T01:13:15+0200,2866f7da-ee7e-4cc2-b3c3-c97fb597cf24,2026-09-10T18:00:00Z,2026-09-10T20:00:00+0200,593.61,EUR/MWh,DK1,DK_1,day_ahead_price,value,2026-09-12T23:15:53Z
2026-09-12T23:13:15Z,2026-09-13T01:13:15+0200,2866f7da-ee7e-4cc2-b3c3-c97fb597cf24,2026-09-10T18:15:00Z,2026-09-10T20:15:00+0200,481.58,EUR/MWh,DK1,DK_1,day_ahead_price,value,2026-09-12T23:15:53Z
2026-09-12T23:13:15Z,2026-09-13T01:13:15+0200,2866f7da-ee7e-4cc2-b3c3-c97fb597cf24,2026-09-10T18:30:00Z,2026-09-10T20:30:00+0200,371.079987,EUR/MWh,DK1,DK_1,day_ahead_price,value,2026-09-12T23:15:53Z
2026-09-12T23:13:15Z,2026-09-13T01:13:15+0200,2866f7da-ee7e-4cc2-b3c3-c97fb597cf24,2026-09-10T18:45:00Z,2026-09-10T20:45:00+0200,301.170013,EUR/MWh,DK1,DK_1,day_ahead_price,value,2026-09-12T23:15:53Z
2026-09-12T23:13:15Z,2026-09-13T01:13:15+0200,2866f7da-ee7e-4cc2-b3c3-c97fb597cf24,2026-09-10T19:00:00Z,2026-09-10T21:00:00+0200,271.390015,EUR/MWh,DK1,DK_1,day_ahead_price,value,2026-09-12T23:15:53Z
2026-09-12T23:13:15Z,2026-09-13T01:13:15+0200,2866f7da-ee7e-4cc2-b3c3-c97fb597cf24,2026-09-10T19:15:00Z,2026-09-10T21:15:00+0200,268.06,EUR/MWh,DK1,DK_1,day_ahead_price,value,2026-09-12T23:15:53Z
2026-09-12T23:13:15Z,2026-09-13T01:13:15+0200,2866f7da-ee7e-4cc2-b3c3-c97fb597cf24,2026-09-10T19:30:00Z,2026-09-10T21:30:00+0200,241.43,EUR/MWh,DK1,DK_1,day_ahead_price,value,2026-09-12T23:15:53Z
2026-09-12T23:13:15Z,2026-09-13T01:13:15+0200,2866f7da-ee7e-4cc2-b3c3-c97fb597cf24,2026-09-10T19:45:00Z,2026-09-10T21:45:00+0200,238.009995,EUR/MWh,DK1,DK_1,day_ahead_price,value,2026-09-12T23:15:53Z
2026-09-12T23:13:15Z,2026-09-13T01:13:15+0200,2866f7da-ee7e-4cc2-b3c3-c97fb597cf24,2026-09-10T20:00:00Z,2026-09-10T22:00:00+0200,239.7,EUR/MWh,DK1,DK_1,day_ahead_price,value,2026-09-12T23:15:53Z
2026-09-12T23:13:15Z,2026-09-13T01:13:15+0200,2866f7da-ee7e-4cc2-b3c3-c97fb597cf24,2026-09-10T20:15:00Z,2026-09-10T22:15:00+0200,226.41,EUR/MWh,DK1,DK_1,day_ahead_price,value,2026-09-12T23:15:53Z
2026-09-12T23:13:15Z,2026-09-13T01:13:15+0200,2866f7da-ee7e-4cc2-b3c3-c97fb597cf24,2026-09-10T20:30:00Z,2026-09-10T22:30:00+0200,222.91,EUR/MWh,DK1,DK_1,day_ahead_price,value,2026-09-12T23:15:53Z
2026-09-12T23:13:15Z,2026-09-13T01:13:15+0200,2866f7da-ee7e-4cc2-b3c3-c97fb597cf24,2026-09-10T20:45:00Z,2026-09-10T22:45:00+0200,211.179993,EUR/MWh,DK1,DK_1,day_ahead_price,value,2026-09-12T23:15:53Z
2026-09-12T23:13:15Z,2026-09-13T01:13:15+0200,2866f7da-ee7e-4cc2-b3c3-c97fb597cf24,2026-09-10T21:00:00Z,2026-09-10T23:00:00+0200,218.13,EUR/MWh,DK1,DK_1,day_ahead_price,value,2026-09-12T23:15:53Z
2026-09-12T23:13:15Z,2026-09-13T01:13:15+0200,2866f7da-ee7e-4cc2-b3c3-c97fb597cf24,2026-09-10T21:15:00Z,2026-09-10T23:15:00+0200,210.509995,EUR/MWh,DK1,DK_1,day_ahead_price,value,2026-09-12T23:15:53Z
2026-09-12T23:13:15Z,2026-09-13T01:13:15+0200,2866f7da-ee7e-4cc2-b3c3-c97fb597cf24,2026-09-10T21:30:00Z,2026-09-10T23:30:00+0200,197.52,EUR/MWh,DK1,DK_1,day_ahead_price,value,2026-09-12T23:15:53Z
2026-09-12T23:13:15Z,2026-09-13T01:13:15+0200,2866f7da-ee7e-4cc2-b3c3-c97fb597cf24,2026-09-10T21:45:00Z,2026-09-10T23:45:00+0200,171.16,EUR/MWh,DK1,DK_1,day_ahead_price,value,2026-09-12T23:15:53Z
2026-09-12T23:13:15Z,2026-09-13T01:13:15+0200,2866f7da-ee7e-4cc2-b3c3-c97fb597cf24,2026-09-10T22:00:00Z,2026-09-11T00:00:00+0200,183.44,EUR/MWh,DK1,DK_1,day_ahead_price,value,2026-09-12T23:15:53Z
2026-09-12T23:13:15Z,2026-09-13T01:13:15+0200,2866f7da-ee7e-4cc2-b3c3-c97fb597cf24,2026-09-10T22:15:00Z,2026-09-11T00:15:00+0200,185.92,EUR/MWh,DK1,DK_1,day_ahead_price,value,2026-09-12T23:15:53Z
2026-09-12T23:13:15Z,2026-09-13T01:13:15+0200,2866f7da-ee7e-4cc2-b3c3-c97fb597cf24,2026-09-10T22:30:00Z,2026-09-11T00:30:00+0200,186.74,EUR/MWh,DK1,DK_1,day_ahead_price,value,2026-09-12T23:15:53Z
2026-09-12T23:13:15Z,2026-09-13T01:13:15+0200,2866f7da-ee7e-4cc2-b3c3-c97fb597cf24,2026-09-10T22:45:00Z,2026-09-11T00:45:00+0200,180.73,EUR/MWh,DK1,DK_1,day_ahead_price,value,2026-09-12T23:15:53Z
2026-09-12T23:13:15Z,2026-09-13T01:13:15+0200,2866f7da-ee7e-4cc2-b3c3-c97fb597cf24,2026-09-10T23:00:00Z,2026-09-11T01:00:00+0200,196.82,EUR/MWh,DK1,DK_1,day_ahead_price,value,2026-09-12T23:15:53Z
2026-09-12T23:13:15Z,2026-09-13T01:13:15+0200,2866f7da-ee7e-4cc2-b3c3-c97fb597cf24,2026-09-10T23:15:00Z,2026-09-11T01:15:00+0200,178.05,EUR/MWh,DK1,DK_1,day_ahead_price,value,2026-09-12T23:15:53Z
2026-09-12T23:13:15Z,2026-09-13T01:13:15+0200,2866f7da-ee7e-4cc2-b3c3-c97fb597cf24,2026-09-10T23:30:00Z,2026-09-11T01:30:00+0200,175.47,EUR/MWh,DK1,DK_1,day_ahead_price,value,2026-09-12T23:15:53Z
2026-09-12T23:13:15Z,2026-09-13T01:13:15+0200,2866f7da-ee7e-4cc2-b3c3-c97fb597cf24,2026-09-10T23:45:00Z,2026-09-11T01:45:00+0200,172.53,EUR/MWh,DK1,DK_1,day_ahead_price,value,2026-09-12T23:15:53Z
2026-09-12T23:13:15Z,2026-09-13T01:13:15+0200,2866f7da-ee7e-4cc2-b3c3-c97fb597cf24,2026-09-11T00:00:00Z,2026-09-11T02:00:00+0200,175.02,EUR/MWh,DK1,DK_1,day_ahead_price,value,2026-09-12T23:15:53Z
2026-09-12T23:13:15Z,2026-09-13T01:13:15+0200,2866f7da-ee7e-4cc2-b3c3-c97fb597cf24,2026-09-11T00:15:00Z,2026-09-11T02:15:00+0200,172.35,EUR/MWh,DK1,DK_1,day_ahead_price,value,2026-09-12T23:15:53Z
2026-09-12T23:13:15Z,2026-09-13T01:13:15+0200,2866f7da-ee7e-4cc2-b3c3-c97fb597cf24,2026-09-11T00:30:00Z,2026-09-11T02:30:00+0200,169.82,EUR/MWh,DK1,DK_1,day_ahead_price,value,2026-09-12T23:15:53Z
2026-09-12T23:13:15Z,2026-09-13T01:13:15+0200,2866f7da-ee7e-4cc2-b3c3-c97fb597cf24,2026-09-11T00:45:00Z,2026-09-11T02:45:00+0200,168.27,EUR/MWh,DK1,DK_1,day_ahead_price,value,2026-09-12T23:15:53Z
2026-09-12T23:13:15Z,2026-09-13T01:13:15+0200,2866f7da-ee7e-4cc2-b3c3-c97fb597cf24,2026-09-11T01:00:00Z,2026-09-11T03:00:00+0200,165.84,EUR/MWh,DK1,DK_1,day_ahead_price,value,2026-09-12T23:15:53Z
2026-09-12T23:13:15Z,2026-09-13T01:13:15+0200,2866f7da-ee7e-4cc2-b3c3-c97fb597cf24,2026-09-11T01:15:00Z,2026-09-11T03:15:00+0200,163.41,EUR/MWh,DK1,DK_1,day_ahead_price,value,2026-09-12T23:15:53Z
2026-09-12T23:13:15Z,2026-09-13T01:13:15+0200,2866f7da-ee7e-4cc2-b3c3-c97fb597cf24,2026-09-11T01:30:00Z,2026-09-11T03:30:00+0200,165.18,EUR/MWh,DK1,DK_1,day_ahead_price,value,2026-09-12T23:15:53Z
2026-09-12T23:13:15Z,2026-09-13T01:13:15+0200,2866f7da-ee7e-4cc2-b3c3-c97fb597cf24,2026-09-11T01:45:00Z,2026-09-11T03:45:00+0200,163.63,EUR/MWh,DK1,DK_1,day_ahead_price,value,2026-09-12T23:15:53Z
2026-09-12T23:13:15Z,2026-09-13T01:13:15+0200,2866f7da-ee7e-4cc2-b3c3-c97fb597cf24,2026-09-11T02:00:00Z,2026-09-11T04:00:00+0200,165.71,EUR/MWh,DK1,DK_1,day_ahead_price,value,2026-09-12T23:15:53Z
2026-09-12T23:13:15Z,2026-09-13T01:13:15+0200,2866f7da-ee7e-4cc2-b3c3-c97fb597cf24,2026-09-11T02:15:00Z,2026-09-11T04:15:00+0200,167.11,EUR/MWh,DK1,DK_1,day_ahead_price,value,2026-09-12T23:15:53Z
2026-09-12T23:13:15Z,2026-09-13T01:13:15+0200,2866f7da-ee7e-4cc2-b3c3-c97fb597cf24,2026-09-11T02:30:00Z,2026-09-11T04:30:00+0200,167.31,EUR/MWh,DK1,DK_1,day_ahead_price,value,2026-09-12T23:15:53Z
2026-09-12T23:13:15Z,2026-09-13T01:13:15+0200,2866f7da-ee7e-4cc2-b3c3-c97fb597cf24,2026-09-11T02:45:00Z,2026-09-11T04:45:00+0200,168.5,EUR/MWh,DK1,DK_1,day_ahead_price,value,2026-09-12T23:15:53Z
2026-09-12T23:13:15Z,2026-09-13T01:13:15+0200,2866f7da-ee7e-4cc2-b3c3-c97fb597cf24,2026-09-11T03:00:00Z,2026-09-11T05:00:00+0200,170.45,EUR/MWh,DK1,DK_1,day_ahead_price,value,2026-09-12T23:15:53Z
2026-09-12T23:13:15Z,2026-09-13T01:13:15+0200,2866f7da-ee7e-4cc2-b3c3-c97fb597cf24,2026-09-11T03:15:00Z,2026-09-11T05:15:00+0200,173.72,EUR/MWh,DK1,DK_1,day_ahead_price,value,2026-09-12T23:15:53Z
2026-09-12T23:13:15Z,2026-09-13T01:13:15+0200,2866f7da-ee7e-4cc2-b3c3-c97fb597cf24,2026-09-11T03:30:00Z,2026-09-11T05:30:00+0200,176.05,EUR/MWh,DK1,DK_1,day_ahead_price,value,2026-09-12T23:15:53Z
2026-09-12T23:13:15Z,2026-09-13T01:13:15+0200,2866f7da-ee7e-4cc2-b3c3-c97fb597cf24,2026-09-11T03:45:00Z,2026-09-11T05:45:00+0200,183.04,EUR/MWh,DK1,DK_1,day_ahead_price,value,2026-09-12T23:15:53Z
2026-09-12T23:13:15Z,2026-09-13T01:13:15+0200,2866f7da-ee7e-4cc2-b3c3-c97fb597cf24,2026-09-11T04:00:00Z,2026-09-11T06:00:00+0200,189.99,EUR/MWh,DK1,DK_1,day_ahead_price,value,2026-09-12T23:15:53Z
2026-09-12T23:13:15Z,2026-09-13T01:13:15+0200,2866f7da-ee7e-4cc2-b3c3-c97fb597cf24,2026-09-11T04:15:00Z,2026-09-11T06:15:00+0200,199.39,EUR/MWh,DK1,DK_1,day_ahead_price,value,2026-09-12T23:15:53Z
2026-09-12T23:13:15Z,2026-09-13T01:13:15+0200,2866f7da-ee7e-4cc2-b3c3-c97fb597cf24,2026-09-11T04:30:00Z,2026-09-11T06:30:00+0200,205.38,EUR/MWh,DK1,DK_1,day_ahead_price,value,2026-09-12T23:15:53Z
2026-09-12T23:13:15Z,2026-09-13T01:13:15+0200,2866f7da-ee7e-4cc2-b3c3-c97fb597cf24,2026-09-11T04:45:00Z,2026-09-11T06:45:00+0200,213.05,EUR/MWh,DK1,DK_1,day_ahead_price,value,2026-09-12T23:15:53Z
2026-09-12T23:13:15Z,2026-09-13T01:13:15+0200,2866f7da-ee7e-4cc2-b3c3-c97fb597cf24,2026-09-11T05:00:00Z,2026-09-11T07:00:00+0200,220.95,EUR/MWh,DK1,DK_1,day_ahead_price,value,2026-09-12T23:15:53Z
2026-09-12T23:13:15Z,2026-09-13T01:13:15+0200,2866f7da-ee7e-4cc2-b3c3-c97fb597cf24,2026-09-11T05:15:00Z,2026-09-11T07:15:00+0200,223.61,EUR/MWh,DK1,DK_1,day_ahead_price,value,2026-09-12T23:15:53Z
2026-09-12T23:13:15Z,2026-09-13T01:13:15+0200,2866f7da-ee7e-4cc2-b3c3-c97fb597cf24,2026-09-11T05:30:00Z,2026-09-11T07:30:00+0200,223.97,EUR/MWh,DK1,DK_1,day_ahead_price,value,2026-09-12T23:15:53Z
2026-09-12T23:13:15Z,2026-09-13T01:13:15+0200,2866f7da-ee7e-4cc2-b3c3-c97fb597cf24,2026-09-11T05:45:00Z,2026-09-11T07:45:00+0200,221.9,EUR/MWh,DK1,DK_1,day_ahead_price,value,2026-09-12T23:15:53Z
2026-09-12T23:13:15Z,2026-09-13T01:13:15+0200,2866f7da-ee7e-4cc2-b3c3-c97fb597cf24,2026-09-11T06:00:00Z,2026-09-11T08:00:00+0200,233.15,EUR/MWh,DK1,DK_1,day_ahead_price,value,2026-09-12T23:15:53Z
2026-09-12T23:13:15Z,2026-09-13T01:13:15+0200,2866f7da-ee7e-4cc2-b3c3-c97fb597cf24,2026-09-11T06:15:00Z,2026-09-11T08:15:00+0200,223.03,EUR/MWh,DK1,DK_1,day_ahead_price,value,2026-09-12T23:15:53Z
2026-09-12T23:13:15Z,2026-09-13T01:13:15+0200,2866f7da-ee7e-4cc2-b3c3-c97fb597cf24,2026-09-11T06:30:00Z,2026-09-11T08:30:00+0200,212.62,EUR/MWh,DK1,DK_1,day_ahead_price,value,2026-09-12T23:15:53Z
2026-09-12T23:13:15Z,2026-09-13T01:13:15+0200,2866f7da-ee7e-4cc2-b3c3-c97fb597cf24,2026-09-11T06:45:00Z,2026-09-11T08:45:00+0200,185.65,EUR/MWh,DK1,DK_1,day_ahead_price,value,2026-09-12T23:15:53Z
2026-09-12T23:13:15Z,2026-09-13T01:13:15+0200,2866f7da-ee7e-4cc2-b3c3-c97fb597cf24,2026-09-11T07:00:00Z,2026-09-11T09:00:00+0200,203.59,EUR/MWh,DK1,DK_1,day_ahead_price,value,2026-09-12T23:15:53Z
2026-09-12T23:13:15Z,2026-09-13T01:13:15+0200,2866f7da-ee7e-4cc2-b3c3-c97fb597cf24,2026-09-11T07:15:00Z,2026-09-11T09:15:00+0200,200.11,EUR/MWh,DK1,DK_1,day_ahead_price,value,2026-09-12T23:15:53Z
2026-09-12T23:13:15Z,2026-09-13T01:13:15+0200,2866f7da-ee7e-4cc2-b3c3-c97fb597cf24,2026-09-11T07:30:00Z,2026-09-11T09:30:00+0200,191.74,EUR/MWh,DK1,DK_1,day_ahead_price,value,2026-09-12T23:15:53Z
2026-09-12T23:13:15Z,2026-09-13T01:13:15+0200,2866f7da-ee7e-4cc2-b3c3-c97fb597cf24,2026-09-11T07:45:00Z,2026-09-11T09:45:00+0200,180.75,EUR/MWh,DK1,DK_1,day_ahead_price,value,2026-09-12T23:15:53Z
2026-09-12T23:13:15Z,2026-09-13T01:13:15+0200,2866f7da-ee7e-4cc2-b3c3-c97fb597cf24,2026-09-11T08:00:00Z,2026-09-11T10:00:00+0200,204.6,EUR/MWh,DK1,DK_1,day_ahead_price,value,2026-09-12T23:15:53Z
2026-09-12T23:13:15Z,2026-09-13T01:13:15+0200,2866f7da-ee7e-4cc2-b3c3-c97fb597cf24,2026-09-11T08:15:00Z,2026-09-11T10:15:00+0200,175.08,EUR/MWh,DK1,DK_1,day_ahead_price,value,2026-09-12T23:15:53Z
2026-09-12T23:13:15Z,2026-09-13T01:13:15+0200,2866f7da-ee7e-4cc2-b3c3-c97fb597cf24,2026-09-11T08:30:00Z,2026-09-11T10:30:00+0200,169.13,EUR/MWh,DK1,DK_1,day_ahead_price,value,2026-09-12T23:15:53Z
2026-09-12T23:13:15Z,2026-09-13T01:13:15+0200,2866f7da-ee7e-4cc2-b3c3-c97fb597cf24,2026-09-11T08:45:00Z,2026-09-11T10:45:00+0200,164.01,EUR/MWh,DK1,DK_1,day_ahead_price,value,2026-09-12T23:15:53Z
2026-09-12T23:13:15Z,2026-09-13T01:13:15+0200,2866f7da-ee7e-4cc2-b3c3-c97fb597cf24,2026-09-11T09:00:00Z,2026-09-11T11:00:00+0200,157.97,EUR/MWh,DK1,DK_1,day_ahead_price,value,2026-09-12T23:15:53Z
2026-09-12T23:13:15Z,2026-09-13T01:13:15+0200,2866f7da-ee7e-4cc2-b3c3-c97fb597cf24,2026-09-11T09:15:00Z,2026-09-11T11:15:00+0200,152.6,EUR/MWh,DK1,DK_1,day_ahead_price,value,2026-09-12T23:15:53Z
2026-09-12T23:13:15Z,2026-09-13T01:13:15+0200,2866f7da-ee7e-4cc2-b3c3-c97fb597cf24,2026-09-11T09:30:00Z,2026-09-11T11:30:00+0200,146.26,EUR/MWh,DK1,DK_1,day_ahead_price,value,2026-09-12T23:15:53Z
2026-09-12T23:13:15Z,2026-09-13T01:13:15+0200,2866f7da-ee7e-4cc2-b3c3-c97fb597cf24,2026-09-11T09:45:00Z,2026-09-11T11:45:00+0200,140.9,EUR/MWh,DK1,DK_1,day_ahead_price,value,2026-09-12T23:15:53Z
2026-09-12T23:13:15Z,2026-09-13T01:13:15+0200,2866f7da-ee7e-4cc2-b3c3-c97fb597cf24,2026-09-11T10:00:00Z,2026-09-11T12:00:00+0200,139.66,EUR/MWh,DK1,DK_1,day_ahead_price,value,2026-09-12T23:15:53Z
2026-09-12T23:13:15Z,2026-09-13T01:13:15+0200,2866f7da-ee7e-4cc2-b3c3-c97fb597cf24,2026-09-11T10:15:00Z,2026-09-11T12:15:00+0200,126.96,EUR/MWh,DK1,DK_1,day_ahead_price,value,2026-09-12T23:15:53Z
2026-09-12T23:13:15Z,2026-09-13T01:13:15+0200,2866f7da-ee7e-4cc2-b3c3-c97fb597cf24,2026-09-11T10:30:00Z,2026-09-11T12:30:00+0200,133.01,EUR/MWh,DK1,DK_1,day_ahead_price,value,2026-09-12T23:15:53Z
2026-09-12T23:13:15Z,2026-09-13T01:13:15+0200,2866f7da-ee7e-4cc2-b3c3-c97fb597cf24,2026-09-11T10:45:00Z,2026-09-11T12:45:00+0200,138.39,EUR/MWh,DK1,DK_1,day_ahead_price,value,2026-09-12T23:15:53Z
2026-09-12T23:13:15Z,2026-09-13T01:13:15+0200,2866f7da-ee7e-4cc2-b3c3-c97fb597cf24,2026-09-11T11:00:00Z,2026-09-11T13:00:00+0200,127.0,EUR/MWh,DK1,DK_1,day_ahead_price,value,2026-09-12T23:15:53Z
2026-09-12T23:13:15Z,2026-09-13T01:13:15+0200,2866f7da-ee7e-4cc2-b3c3-c97fb597cf24,2026-09-11T11:15:00Z,2026-09-11T13:15:00+0200,133.09,EUR/MWh,DK1,DK_1,day_ahead_price,value,2026-09-12T23:15:53Z
2026-09-12T23:13:15Z,2026-09-13T01:13:15+0200,2866f7da-ee7e-4cc2-b3c3-c97fb597cf24,2026-09-11T11:30:00Z,2026-09-11T13:30:00+0200,137.26,EUR/MWh,DK1,DK_1,day_ahead_price,value,2026-09-12T23:15:53Z
2026-09-12T23:13:15Z,2026-09-13T01:13:15+0200,2866f7da-ee7e-4cc2-b3c3-c97fb597cf24,2026-09-11T11:45:00Z,2026-09-11T13:45:00+0200,140.5,EUR/MWh,DK1,DK_1,day_ahead_price,value,2026-09-12T23:15:53Z
2026-09-12T23:13:15Z,2026-09-13T01:13:15+0200,2866f7da-ee7e-4cc2-b3c3-c97fb597cf24,2026-09-11T12:00:00Z,2026-09-11T14:00:00+0200,140.97,EUR/MWh,DK1,DK_1,day_ahead_price,value,2026-09-12T23:15:53Z
2026-09-12T23:13:15Z,2026-09-13T01:13:15+0200,2866f7da-ee7e-4cc2-b3c3-c97fb597cf24,2026-09-11T12:15:00Z,2026-09-11T14:15:00+0200,146.1,EUR/MWh,DK1,DK_1,day_ahead_price,value,2026-09-12T23:15:53Z
2026-09-12T23:13:15Z,2026-09-13T01:13:15+0200,2866f7da-ee7e-4cc2-b3c3-c97fb597cf24,2026-09-11T12:30:00Z,2026-09-11T14:30:00+0200,149.73,EUR/MWh,DK1,DK_1,day_ahead_price,value,2026-09-12T23:15:53Z
2026-09-12T23:13:15Z,2026-09-13T01:13:15+0200,2866f7da-ee7e-4cc2-b3c3-c97fb597cf24,2026-09-11T12:45:00Z,2026-09-11T14:45:00+0200,153.79,EUR/MWh,DK1,DK_1,day_ahead_price,value,2026-09-12T23:15:53Z
2026-09-12T23:13:15Z,2026-09-13T01:13:15+0200,2866f7da-ee7e-4cc2-b3c3-c97fb597cf24,2026-09-11T13:00:00Z,2026-09-11T15:00:00+0200,153.6,EUR/MWh,DK1,DK_1,day_ahead_price,value,2026-09-12T23:15:53Z
2026-09-12T23:13:15Z,2026-09-13T01:13:15+0200,2866f7da-ee7e-4cc2-b3c3-c97fb597cf24,2026-09-11T13:15:00Z,2026-09-11T15:15:00+0200,156.37,EUR/MWh,DK1,DK_1,day_ahead_price,value,2026-09-12T23:15:53Z
2026-09-12T23:13:15Z,2026-09-13T01:13:15+0200,2866f7da-ee7e-4cc2-b3c3-c97fb597cf24,2026-09-11T13:30:00Z,2026-09-11T15:30:00+0200,160.27,EUR/MWh,DK1,DK_1,day_ahead_price,value,2026-09-12T23:15:53Z
2026-09-12T23:13:15Z,2026-09-13T01:13:15+0200,2866f7da-ee7e-4cc2-b3c3-c97fb597cf24,2026-09-11T13:45:00Z,2026-09-11T15:45:00+0200,172.83,EUR/MWh,DK1,DK_1,day_ahead_price,value,2026-09-12T23:15:53Z
2026-09-12T23:13:15Z,2026-09-13T01:13:15+0200,2866f7da-ee7e-4cc2-b3c3-c97fb597cf24,2026-09-11T14:00:00Z,2026-09-11T16:00:00+0200,158.29,EUR/MWh,DK1,DK_1,day_ahead_price,value,2026-09-12T23:15:53Z
2026-09-12T23:13:15Z,2026-09-13T01:13:15+0200,2866f7da-ee7e-4cc2-b3c3-c97fb597cf24,2026-09-11T14:15:00Z,2026-09-11T16:15:00+0200,174.92,EUR/MWh,DK1,DK_1,day_ahead_price,value,2026-09-12T23:15:53Z
2026-09-12T23:13:15Z,2026-09-13T01:13:15+0200,2866f7da-ee7e-4cc2-b3c3-c97fb597cf24,2026-09-11T14:30:00Z,2026-09-11T16:30:00+0200,191.45,EUR/MWh,DK1,DK_1,day_ahead_price,value,2026-09-12T23:15:53Z
2026-09-12T23:13:15Z,2026-09-13T01:13:15+0200,2866f7da-ee7e-4cc2-b3c3-c97fb597cf24,2026-09-11T14:45:00Z,2026-09-11T16:45:00+0200,201.54,EUR/MWh,DK1,DK_1,day_ahead_price,value,2026-09-12T23:15:53Z
2026-09-12T23:13:15Z,2026-09-13T01:13:15+0200,2866f7da-ee7e-4cc2-b3c3-c97fb597cf24,2026-09-11T15:00:00Z,2026-09-11T17:00:00+0200,181.92,EUR/MWh,DK1,DK_1,day_ahead_price,value,2026-09-12T23:15:53Z
2026-09-12T23:13:15Z,2026-09-13T01:13:15+0200,2866f7da-ee7e-4cc2-b3c3-c97fb597cf24,2026-09-11T15:15:00Z,2026-09-11T17:15:00+0200,206.01,EUR/MWh,DK1,DK_1,day_ahead_price,value,2026-09-12T23:15:53Z
2026-09-12T23:13:15Z,2026-09-13T01:13:15+0200,2866f7da-ee7e-4cc2-b3c3-c97fb597cf24,2026-09-11T15:30:00Z,2026-09-11T17:30:00+0200,216.77,EUR/MWh,DK1,DK_1,day_ahead_price,value,2026-09-12T23:15:53Z
2026-09-12T23:13:15Z,2026-09-13T01:13:15+0200,2866f7da-ee7e-4cc2-b3c3-c97fb597cf24,2026-09-11T15:45:00Z,2026-09-11T17:45:00+0200,232.44,EUR/MWh,DK1,DK_1,day_ahead_price,value,2026-09-12T23:15:53Z
2026-09-12T23:13:15Z,2026-09-13T01:13:15+0200,2866f7da-ee7e-4cc2-b3c3-c97fb597cf24,2026-09-11T16:00:00Z,2026-09-11T18:00:00+0200,216.92,EUR/MWh,DK1,DK_1,day_ahead_price,value,2026-09-12T23:15:53Z
2026-09-12T23:13:15Z,2026-09-13T01:13:15+0200,2866f7da-ee7e-4cc2-b3c3-c97fb597cf24,2026-09-11T16:15:00Z,2026-09-11T18:15:00+0200,238.01,EUR/MWh,DK1,DK_1,day_ahead_price,value,2026-09-12T23:15:53Z
2026-09-12T23:13:15Z,2026-09-13T01:13:15+0200,2866f7da-ee7e-4cc2-b3c3-c97fb597cf24,2026-09-11T16:30:00Z,2026-09-11T18:30:00+0200,260.78,EUR/MWh,DK1,DK_1,day_ahead_price,value,2026-09-12T23:15:53Z
2026-09-12T23:13:15Z,2026-09-13T01:13:15+0200,2866f7da-ee7e-4cc2-b3c3-c97fb597cf24,2026-09-11T16:45:00Z,2026-09-11T18:45:00+0200,278.23,EUR/MWh,DK1,DK_1,day_ahead_price,value,2026-09-12T23:15:53Z
2026-09-12T23:13:15Z,2026-09-13T01:13:15+0200,2866f7da-ee7e-4cc2-b3c3-c97fb597cf24,2026-09-11T17:00:00Z,2026-09-11T19:00:00+0200,289.65,EUR/MWh,DK1,DK_1,day_ahead_price,value,2026-09-12T23:15:53Z
2026-09-12T23:13:15Z,2026-09-13T01:13:15+0200,2866f7da-ee7e-4cc2-b3c3-c97fb597cf24,2026-09-11T17:15:00Z,2026-09-11T19:15:00+0200,300.4,EUR/MWh,DK1,DK_1,day_ahead_price,value,2026-09-12T23:15:53Z
2026-09-12T23:13:15Z,2026-09-13T01:13:15+0200,2866f7da-ee7e-4cc2-b3c3-c97fb597cf24,2026-09-11T17:30:00Z,2026-09-11T19:30:00+0200,322.69,EUR/MWh,DK1,DK_1,day_ahead_price,value,2026-09-12T23:15:53Z
2026-09-12T23:13:15Z,2026-09-13T01:13:15+0200,2866f7da-ee7e-4cc2-b3c3-c97fb597cf24,2026-09-11T17:45:00Z,2026-09-11T19:45:00+0200,327.56,EUR/MWh,DK1,DK_1,day_ahead_price,value,2026-09-12T23:15:53Z
2026-09-12T23:13:15Z,2026-09-13T01:13:15+0200,2866f7da-ee7e-4cc2-b3c3-c97fb597cf24,2026-09-11T18:00:00Z,2026-09-11T20:00:00+0200,316.48,EUR/MWh,DK1,DK_1,day_ahead_price,value,2026-09-12T23:15:53Z
2026-09-12T23:13:15Z,2026-09-13T01:13:15+0200,2866f7da-ee7e-4cc2-b3c3-c97fb597cf24,2026-09-11T18:15:00Z,2026-09-11T20:15:00+0200,295.44,EUR/MWh,DK1,DK_1,day_ahead_price,value,2026-09-12T23:15:53Z
2026-09-12T23:13:15Z,2026-09-13T01:13:15+0200,2866f7da-ee7e-4cc2-b3c3-c97fb597cf24,2026-09-11T18:30:00Z,2026-09-11T20:30:00+0200,277.42,EUR/MWh,DK1,DK_1,day_ahead_price,value,2026-09-12T23:15:53Z
2026-09-12T23:13:15Z,2026-09-13T01:13:15+0200,2866f7da-ee7e-4cc2-b3c3-c97fb597cf24,2026-09-11T18:45:00Z,2026-09-11T20:45:00+0200,267.9,EUR/MWh,DK1,DK_1,day_ahead_price,value,2026-09-12T23:15:53Z
2026-09-12T23:13:15Z,2026-09-13T01:13:15+0200,2866f7da-ee7e-4cc2-b3c3-c97fb597cf24,2026-09-11T19:00:00Z,2026-09-11T21:00:00+0200,270.47,EUR/MWh,DK1,DK_1,day_ahead_price,value,2026-09-12T23:15:53Z
2026-09-12T23:13:15Z,2026-09-13T01:13:15+0200,2866f7da-ee7e-4cc2-b3c3-c97fb597cf24,2026-09-11T19:15:00Z,2026-09-11T21:15:00+0200,245.25,EUR/MWh,DK1,DK_1,day_ahead_price,value,2026-09-12T23:15:53Z
2026-09-12T23:13:15Z,2026-09-13T01:13:15+0200,2866f7da-ee7e-4cc2-b3c3-c97fb597cf24,2026-09-11T19:30:00Z,2026-09-11T21:30:00+0200,236.0,EUR/MWh,DK1,DK_1,day_ahead_price,value,2026-09-12T23:15:53Z
2026-09-12T23:13:15Z,2026-09-13T01:13:15+0200,2866f7da-ee7e-4cc2-b3c3-c97fb597cf24,2026-09-11T19:45:00Z,2026-09-11T21:45:00+0200,228.79,EUR/MWh,DK1,DK_1,day_ahead_price,value,2026-09-12T23:15:53Z
2026-09-12T23:13:15Z,2026-09-13T01:13:15+0200,2866f7da-ee7e-4cc2-b3c3-c97fb597cf24,2026-09-11T20:00:00Z,2026-09-11T22:00:00+0200,234.01,EUR/MWh,DK1,DK_1,day_ahead_price,value,2026-09-12T23:15:53Z
2026-09-12T23:13:15Z,2026-09-13T01:13:15+0200,2866f7da-ee7e-4cc2-b3c3-c97fb597cf24,2026-09-11T20:15:00Z,2026-09-11T22:15:00+0200,225.01,EUR/MWh,DK1,DK_1,day_ahead_price,value,2026-09-12T23:15:53Z
2026-09-12T23:13:15Z,2026-09-13T01:13:15+0200,2866f7da-ee7e-4cc2-b3c3-c97fb597cf24,2026-09-11T20:30:00Z,2026-09-11T22:30:00+0200,222.31,EUR/MWh,DK1,DK_1,day_ahead_price,value,2026-09-12T23:15:53Z
2026-09-12T23:13:15Z,2026-09-13T01:13:15+0200,2866f7da-ee7e-4cc2-b3c3-c97fb597cf24,2026-09-11T20:45:00Z,2026-09-11T22:45:00+0200,218.53,EUR/MWh,DK1,DK_1,day_ahead_price,value,2026-09-12T23:15:53Z
2026-09-12T23:13:15Z,2026-09-13T01:13:15+0200,2866f7da-ee7e-4cc2-b3c3-c97fb597cf24,2026-09-11T21:00:00Z,2026-09-11T23:00:00+0200,216.99,EUR/MWh,DK1,DK_1,day_ahead_price,value,2026-09-12T23:15:53Z
2026-09-12T23:13:15Z,2026-09-13T01:13:15+0200,2866f7da-ee7e-4cc2-b3c3-c97fb597cf24,2026-09-11T21:15:00Z,2026-09-11T23:15:00+0200,206.96,EUR/MWh,DK1,DK_1,day_ahead_price,value,2026-09-12T23:15:53Z
2026-09-12T23:13:15Z,2026-09-13T01:13:15+0200,2866f7da-ee7e-4cc2-b3c3-c97fb597cf24,2026-09-11T21:30:00Z,2026-09-11T23:30:00+0200,202.37,EUR/MWh,DK1,DK_1,day_ahead_price,value,2026-09-12T23:15:53Z
2026-09-12T23:13:15Z,2026-09-13T01:13:15+0200,2866f7da-ee7e-4cc2-b3c3-c97fb597cf24,2026-09-11T21:45:00Z,2026-09-11T23:45:00+0200,192.0,EUR/MWh,DK1,DK_1,day_ahead_price,value,2026-09-12T23:15:53Z
2026-09-12T23:13:15Z,2026-09-13T01:13:15+0200,2866f7da-ee7e-4cc2-b3c3-c97fb597cf24,2026-09-11T22:00:00Z,2026-09-12T00:00:00+0200,211.949997,EUR/MWh,DK1,DK_1,day_ahead_price,value,2026-09-12T23:15:53Z
2026-09-12T23:13:15Z,2026-09-13T01:13:15+0200,2866f7da-ee7e-4cc2-b3c3-c97fb597cf24,2026-09-11T22:15:00Z,2026-09-12T00:15:00+0200,206.42,EUR/MWh,DK1,DK_1,day_ahead_price,value,2026-09-12T23:15:53Z
2026-09-12T23:13:15Z,2026-09-13T01:13:15+0200,2866f7da-ee7e-4cc2-b3c3-c97fb597cf24,2026-09-11T22:30:00Z,2026-09-12T00:30:00+0200,203.580002,EUR/MWh,DK1,DK_1,day_ahead_price,value,2026-09-12T23:15:53Z
2026-09-12T23:13:15Z,2026-09-13T01:13:15+0200,2866f7da-ee7e-4cc2-b3c3-c97fb597cf24,2026-09-11T22:45:00Z,2026-09-12T00:45:00+0200,198.850006,EUR/MWh,DK1,DK_1,day_ahead_price,value,2026-09-12T23:15:53Z
2026-09-12T23:13:15Z,2026-09-13T01:13:15+0200,2866f7da-ee7e-4cc2-b3c3-c97fb597cf24,2026-09-11T23:00:00Z,2026-09-12T01:00:00+0200,205.88,EUR/MWh,DK1,DK_1,day_ahead_price,value,2026-09-12T23:15:53Z
2026-09-12T23:13:15Z,2026-09-13T01:13:15+0200,2866f7da-ee7e-4cc2-b3c3-c97fb597cf24,2026-09-11T23:15:00Z,2026-09-12T01:15:00+0200,199.05,EUR/MWh,DK1,DK_1,day_ahead_price,value,2026-09-12T23:15:53Z
2026-09-12T23:13:15Z,2026-09-13T01:13:15+0200,2866f7da-ee7e-4cc2-b3c3-c97fb597cf24,2026-09-11T23:30:00Z,2026-09-12T01:30:00+0200,197.21,EUR/MWh,DK1,DK_1,day_ahead_price,value,2026-09-12T23:15:53Z
2026-09-12T23:13:15Z,2026-09-13T01:13:15+0200,2866f7da-ee7e-4cc2-b3c3-c97fb597cf24,2026-09-11T23:45:00Z,2026-09-12T01:45:00+0200,194.0,EUR/MWh,DK1,DK_1,day_ahead_price,value,2026-09-12T23:15:53Z
2026-09-12T23:13:15Z,2026-09-13T01:13:15+0200,2866f7da-ee7e-4cc2-b3c3-c97fb597cf24,2026-09-12T00:00:00Z,2026-09-12T02:00:00+0200,197.97,EUR/MWh,DK1,DK_1,day_ahead_price,value,2026-09-12T23:15:53Z
2026-09-12T23:13:15Z,2026-09-13T01:13:15+0200,2866f7da-ee7e-4cc2-b3c3-c97fb597cf24,2026-09-12T00:15:00Z,2026-09-12T02:15:00+0200,198.570007,EUR/MWh,DK1,DK_1,day_ahead_price,value,2026-09-12T23:15:53Z
2026-09-12T23:13:15Z,2026-09-13T01:13:15+0200,2866f7da-ee7e-4cc2-b3c3-c97fb597cf24,2026-09-12T00:30:00Z,2026-09-12T02:30:00+0200,195.0,EUR/MWh,DK1,DK_1,day_ahead_price,value,2026-09-12T23:15:53Z
2026-09-12T23:13:15Z,2026-09-13T01:13:15+0200,2866f7da-ee7e-4cc2-b3c3-c97fb597cf24,2026-09-12T00:45:00Z,2026-09-12T02:45:00+0200,194.0,EUR/MWh,DK1,DK_1,day_ahead_price,value,2026-09-12T23:15:53Z
2026-09-12T23:13:15Z,2026-09-13T01:13:15+0200,2866f7da-ee7e-4cc2-b3c3-c97fb597cf24,2026-09-12T01:00:00Z,2026-09-12T03:00:00+0200,190.179993,EUR/MWh,DK1,DK_1,day_ahead_price,value,2026-09-12T23:15:53Z
2026-09-12T23:13:15Z,2026-09-13T01:13:15+0200,2866f7da-ee7e-4cc2-b3c3-c97fb597cf24,2026-09-12T01:15:00Z,2026-09-12T03:15:00+0200,189.82,EUR/MWh,DK1,DK_1,day_ahead_price,value,2026-09-12T23:15:53Z
2026-09-12T23:13:15Z,2026-09-13T01:13:15+0200,2866f7da-ee7e-4cc2-b3c3-c97fb597cf24,2026-09-12T01:30:00Z,2026-09-12T03:30:00+0200,188.6,EUR/MWh,DK1,DK_1,day_ahead_price,value,2026-09-12T23:15:53Z
2026-09-12T23:13:15Z,2026-09-13T01:13:15+0200,2866f7da-ee7e-4cc2-b3c3-c97fb597cf24,2026-09-12T01:45:00Z,2026-09-12T03:45:00+0200,188.6,EUR/MWh,DK1,DK_1,day_ahead_price,value,2026-09-12T23:15:53Z
2026-09-12T23:13:15Z,2026-09-13T01:13:15+0200,2866f7da-ee7e-4cc2-b3c3-c97fb597cf24,2026-09-12T02:00:00Z,2026-09-12T04:00:00+0200,184.5,EUR/MWh,DK1,DK_1,day_ahead_price,value,2026-09-12T23:15:53Z
2026-09-12T23:13:15Z,2026-09-13T01:13:15+0200,2866f7da-ee7e-4cc2-b3c3-c97fb597cf24,2026-09-12T02:15:00Z,2026-09-12T04:15:00+0200,182.43,EUR/MWh,DK1,DK_1,day_ahead_price,value,2026-09-12T23:15:53Z
2026-09-12T23:13:15Z,2026-09-13T01:13:15+0200,2866f7da-ee7e-4cc2-b3c3-c97fb597cf24,2026-09-12T02:30:00Z,2026-09-12T04:30:00+0200,185.0,EUR/MWh,DK1,DK_1,day_ahead_price,value,2026-09-12T23:15:53Z
2026-09-12T23:13:15Z,2026-09-13T01:13:15+0200,2866f7da-ee7e-4cc2-b3c3-c97fb597cf24,2026-09-12T02:45:00Z,2026-09-12T04:45:00+0200,185.0,EUR/MWh,DK1,DK_1,day_ahead_price,value,2026-09-12T23:15:53Z
2026-09-12T23:13:15Z,2026-09-13T01:13:15+0200,2866f7da-ee7e-4cc2-b3c3-c97fb597cf24,2026-09-12T03:00:00Z,2026-09-12T05:00:00+0200,184.5,EUR/MWh,DK1,DK_1,day_ahead_price,value,2026-09-12T23:15:53Z
2026-09-12T23:13:15Z,2026-09-13T01:13:15+0200,2866f7da-ee7e-4cc2-b3c3-c97fb597cf24,2026-09-12T03:15:00Z,2026-09-12T05:15:00+0200,185.2,EUR/MWh,DK1,DK_1,day_ahead_price,value,2026-09-12T23:15:53Z
2026-09-12T23:13:15Z,2026-09-13T01:13:15+0200,2866f7da-ee7e-4cc2-b3c3-c97fb597cf24,2026-09-12T03:30:00Z,2026-09-12T05:30:00+0200,186.37,EUR/MWh,DK1,DK_1,day_ahead_price,value,2026-09-12T23:15:53Z
2026-09-12T23:13:15Z,2026-09-13T01:13:15+0200,2866f7da-ee7e-4cc2-b3c3-c97fb597cf24,2026-09-12T03:45:00Z,2026-09-12T05:45:00+0200,190.68,EUR/MWh,DK1,DK_1,day_ahead_price,value,2026-09-12T23:15:53Z
2026-09-12T23:13:15Z,2026-09-13T01:13:15+0200,2866f7da-ee7e-4cc2-b3c3-c97fb597cf24,2026-09-12T04:00:00Z,2026-09-12T06:00:00+0200,190.15,EUR/MWh,DK1,DK_1,day_ahead_price,value,2026-09-12T23:15:53Z
2026-09-12T23:13:15Z,2026-09-13T01:13:15+0200,2866f7da-ee7e-4cc2-b3c3-c97fb597cf24,2026-09-12T04:15:00Z,2026-09-12T06:15:00+0200,192.720001,EUR/MWh,DK1,DK_1,day_ahead_price,value,2026-09-12T23:15:53Z
2026-09-12T23:13:15Z,2026-09-13T01:13:15+0200,2866f7da-ee7e-4cc2-b3c3-c97fb597cf24,2026-09-12T04:30:00Z,2026-09-12T06:30:00+0200,196.76,EUR/MWh,DK1,DK_1,day_ahead_price,value,2026-09-12T23:15:53Z
2026-09-12T23:13:15Z,2026-09-13T01:13:15+0200,2866f7da-ee7e-4cc2-b3c3-c97fb597cf24,2026-09-12T04:45:00Z,2026-09-12T06:45:00+0200,193.050003,EUR/MWh,DK1,DK_1,day_ahead_price,value,2026-09-12T23:15:53Z
2026-09-12T23:13:15Z,2026-09-13T01:13:15+0200,2866f7da-ee7e-4cc2-b3c3-c97fb597cf24,2026-09-12T05:00:00Z,2026-09-12T07:00:00+0200,199.820007,EUR/MWh,DK1,DK_1,day_ahead_price,value,2026-09-12T23:15:53Z
2026-09-12T23:13:15Z,2026-09-13T01:13:15+0200,2866f7da-ee7e-4cc2-b3c3-c97fb597cf24,2026-09-12T05:15:00Z,2026-09-12T07:15:00+0200,196.699997,EUR/MWh,DK1,DK_1,day_ahead_price,value,2026-09-12T23:15:53Z
2026-09-12T23:13:15Z,2026-09-13T01:13:15+0200,2866f7da-ee7e-4cc2-b3c3-c97fb597cf24,2026-09-12T05:30:00Z,2026-09-12T07:30:00+0200,191.119995,EUR/MWh,DK1,DK_1,day_ahead_price,value,2026-09-12T23:15:53Z
2026-09-12T23:13:15Z,2026-09-13T01:13:15+0200,2866f7da-ee7e-4cc2-b3c3-c97fb597cf24,2026-09-12T05:45:00Z,2026-09-12T07:45:00+0200,186.8,EUR/MWh,DK1,DK_1,day_ahead_price,value,2026-09-12T23:15:53Z
2026-09-12T23:13:15Z,2026-09-13T01:13:15+0200,2866f7da-ee7e-4cc2-b3c3-c97fb597cf24,2026-09-12T06:00:00Z,2026-09-12T08:00:00+0200,200.75,EUR/MWh,DK1,DK_1,day_ahead_price,value,2026-09-12T23:15:53Z
2026-09-12T23:13:15Z,2026-09-13T01:13:15+0200,2866f7da-ee7e-4cc2-b3c3-c97fb597cf24,2026-09-12T06:15:00Z,2026-09-12T08:15:00+0200,188.619995,EUR/MWh,DK1,DK_1,day_ahead_price,value,2026-09-12T23:15:53Z
2026-09-12T23:13:15Z,2026-09-13T01:13:15+0200,2866f7da-ee7e-4cc2-b3c3-c97fb597cf24,2026-09-12T06:30:00Z,2026-09-12T08:30:00+0200,161.009995,EUR/MWh,DK1,DK_1,day_ahead_price,value,2026-09-12T23:15:53Z
2026-09-12T23:13:15Z,2026-09-13T01:13:15+0200,2866f7da-ee7e-4cc2-b3c3-c97fb597cf24,2026-09-12T06:45:00Z,2026-09-12T08:45:00+0200,146.02,EUR/MWh,DK1,DK_1,day_ahead_price,value,2026-09-12T23:15:53Z
2026-09-12T23:13:15Z,2026-09-13T01:13:15+0200,2866f7da-ee7e-4cc2-b3c3-c97fb597cf24,2026-09-12T07:00:00Z,2026-09-12T09:00:00+0200,182.809998,EUR/MWh,DK1,DK_1,day_ahead_price,value,2026-09-12T23:15:53Z
2026-09-12T23:13:15Z,2026-09-13T01:13:15+0200,2866f7da-ee7e-4cc2-b3c3-c97fb597cf24,2026-09-12T07:15:00Z,2026-09-12T09:15:00+0200,150.39,EUR/MWh,DK1,DK_1,day_ahead_price,value,2026-09-12T23:15:53Z
2026-09-12T23:13:15Z,2026-09-13T01:13:15+0200,2866f7da-ee7e-4cc2-b3c3-c97fb597cf24,2026-09-12T07:30:00Z,2026-09-12T09:30:00+0200,132.99,EUR/MWh,DK1,DK_1,day_ahead_price,value,2026-09-12T23:15:53Z
2026-09-12T23:13:15Z,2026-09-13T01:13:15+0200,2866f7da-ee7e-4cc2-b3c3-c97fb597cf24,2026-09-12T07:45:00Z,2026-09-12T09:45:00+0200,112.400002,EUR/MWh,DK1,DK_1,day_ahead_price,value,2026-09-12T23:15:53Z
2026-09-12T23:13:15Z,2026-09-13T01:13:15+0200,2866f7da-ee7e-4cc2-b3c3-c97fb597cf24,2026-09-12T08:00:00Z,2026-09-12T10:00:00+0200,122.300003,EUR/MWh,DK1,DK_1,day_ahead_price,value,2026-09-12T23:15:53Z
2026-09-12T23:13:15Z,2026-09-13T01:13:15+0200,2866f7da-ee7e-4cc2-b3c3-c97fb597cf24,2026-09-12T08:15:00Z,2026-09-12T10:15:00+0200,104.949997,EUR/MWh,DK1,DK_1,day_ahead_price,value,2026-09-12T23:15:53Z
2026-09-12T23:13:15Z,2026-09-13T01:13:15+0200,2866f7da-ee7e-4cc2-b3c3-c97fb597cf24,2026-09-12T08:30:00Z,2026-09-12T10:30:00+0200,83.94,EUR/MWh,DK1,DK_1,day_ahead_price,value,2026-09-12T23:15:53Z
2026-09-12T23:13:15Z,2026-09-13T01:13:15+0200,2866f7da-ee7e-4cc2-b3c3-c97fb597cf24,2026-09-12T08:45:00Z,2026-09-12T10:45:00+0200,42.709999,EUR/MWh,DK1,DK_1,day_ahead_price,value,2026-09-12T23:15:53Z
2026-09-12T23:13:15Z,2026-09-13T01:13:15+0200,2866f7da-ee7e-4cc2-b3c3-c97fb597cf24,2026-09-12T09:00:00Z,2026-09-12T11:00:00+0200,64.68,EUR/MWh,DK1,DK_1,day_ahead_price,value,2026-09-12T23:15:53Z
2026-09-12T23:13:15Z,2026-09-13T01:13:15+0200,2866f7da-ee7e-4cc2-b3c3-c97fb597cf24,2026-09-12T09:15:00Z,2026-09-12T11:15:00+0200,42.060001,EUR/MWh,DK1,DK_1,day_ahead_price,value,2026-09-12T23:15:53Z
2026-09-12T23:13:15Z,2026-09-13T01:13:15+0200,2866f7da-ee7e-4cc2-b3c3-c97fb597cf24,2026-09-12T09:30:00Z,2026-09-12T11:30:00+0200,16.8,EUR/MWh,DK1,DK_1,day_ahead_price,value,2026-09-12T23:15:53Z
2026-09-12T23:13:15Z,2026-09-13T01:13:15+0200,2866f7da-ee7e-4cc2-b3c3-c97fb597cf24,2026-09-12T09:45:00Z,2026-09-12T11:45:00+0200,6.51,EUR/MWh,DK1,DK_1,day_ahead_price,value,2026-09-12T23:15:53Z
2026-09-12T23:13:15Z,2026-09-13T01:13:15+0200,2866f7da-ee7e-4cc2-b3c3-c97fb597cf24,2026-09-12T10:00:00Z,2026-09-12T12:00:00+0200,4.81,EUR/MWh,DK1,DK_1,day_ahead_price,value,2026-09-12T23:15:53Z
2026-09-12T23:13:15Z,2026-09-13T01:13:15+0200,2866f7da-ee7e-4cc2-b3c3-c97fb597cf24,2026-09-12T10:15:00Z,2026-09-12T12:15:00+0200,0.97,EUR/MWh,DK1,DK_1,day_ahead_price,value,2026-09-12T23:15:53Z
2026-09-12T23:13:15Z,2026-09-13T01:13:15+0200,2866f7da-ee7e-4cc2-b3c3-c97fb597cf24,2026-09-12T10:30:00Z,2026-09-12T12:30:00+0200,0.87,EUR/MWh,DK1,DK_1,day_ahead_price,value,2026-09-12T23:15:53Z
2026-09-12T23:13:15Z,2026-09-13T01:13:15+0200,2866f7da-ee7e-4cc2-b3c3-c97fb597cf24,2026-09-12T10:45:00Z,2026-09-12T12:45:00+0200,0.55,EUR/MWh,DK1,DK_1,day_ahead_price,value,2026-09-12T23:15:53Z
2026-09-12T23:13:15Z,2026-09-13T01:13:15+0200,2866f7da-ee7e-4cc2-b3c3-c97fb597cf24,2026-09-12T11:00:00Z,2026-09-12T13:00:00+0200,0.94,EUR/MWh,DK1,DK_1,day_ahead_price,value,2026-09-12T23:15:53Z
2026-09-12T23:13:15Z,2026-09-13T01:13:15+0200,2866f7da-ee7e-4cc2-b3c3-c97fb597cf24,2026-09-12T11:15:00Z,2026-09-12T13:15:00+0200,0.57,EUR/MWh,DK1,DK_1,day_ahead_price,value,2026-09-12T23:15:53Z
2026-09-12T23:13:15Z,2026-09-13T01:13:15+0200,2866f7da-ee7e-4cc2-b3c3-c97fb597cf24,2026-09-12T11:30:00Z,2026-09-12T13:30:00+0200,0.5,EUR/MWh,DK1,DK_1,day_ahead_price,value,2026-09-12T23:15:53Z
2026-09-12T23:13:15Z,2026-09-13T01:13:15+0200,2866f7da-ee7e-4cc2-b3c3-c97fb597cf24,2026-09-12T11:45:00Z,2026-09-12T13:45:00+0200,0.32,EUR/MWh,DK1,DK_1,day_ahead_price,value,2026-09-12T23:15:53Z
2026-09-12T23:13:15Z,2026-09-13T01:13:15+0200,2866f7da-ee7e-4cc2-b3c3-c97fb597cf24,2026-09-12T12:00:00Z,2026-09-12T14:00:00+0200,0.47,EUR/MWh,DK1,DK_1,day_ahead_price,value,2026-09-12T23:15:53Z
2026-09-12T23:13:15Z,2026-09-13T01:13:15+0200,2866f7da-ee7e-4cc2-b3c3-c97fb597cf24,2026-09-12T12:15:00Z,2026-09-12T14:15:00+0200,0.73,EUR/MWh,DK1,DK_1,day_ahead_price,value,2026-09-12T23:15:53Z
2026-09-12T23:13:15Z,2026-09-13T01:13:15+0200,2866f7da-ee7e-4cc2-b3c3-c97fb597cf24,2026-09-12T12:30:00Z,2026-09-12T14:30:00+0200,0.95,EUR/MWh,DK1,DK_1,day_ahead_price,value,2026-09-12T23:15:53Z
2026-09-12T23:13:15Z,2026-09-13T01:13:15+0200,2866f7da-ee7e-4cc2-b3c3-c97fb597cf24,2026-09-12T12:45:00Z,2026-09-12T14:45:00+0200,1.61,EUR/MWh,DK1,DK_1,day_ahead_price,value,2026-09-12T23:15:53Z
2026-09-12T23:13:15Z,2026-09-13T01:13:15+0200,2866f7da-ee7e-4cc2-b3c3-c97fb597cf24,2026-09-12T13:00:00Z,2026-09-12T15:00:00+0200,1.1,EUR/MWh,DK1,DK_1,day_ahead_price,value,2026-09-12T23:15:53Z
2026-09-12T23:13:15Z,2026-09-13T01:13:15+0200,2866f7da-ee7e-4cc2-b3c3-c97fb597cf24,2026-09-12T13:15:00Z,2026-09-12T15:15:00+0200,1.58,EUR/MWh,DK1,DK_1,day_ahead_price,value,2026-09-12T23:15:53Z
2026-09-12T23:13:15Z,2026-09-13T01:13:15+0200,2866f7da-ee7e-4cc2-b3c3-c97fb597cf24,2026-09-12T13:30:00Z,2026-09-12T15:30:00+0200,2.34,EUR/MWh,DK1,DK_1,day_ahead_price,value,2026-09-12T23:15:53Z
2026-09-12T23:13:15Z,2026-09-13T01:13:15+0200,2866f7da-ee7e-4cc2-b3c3-c97fb597cf24,2026-09-12T13:45:00Z,2026-09-12T15:45:00+0200,5.41,EUR/MWh,DK1,DK_1,day_ahead_price,value,2026-09-12T23:15:53Z
2026-09-12T23:13:15Z,2026-09-13T01:13:15+0200,2866f7da-ee7e-4cc2-b3c3-c97fb597cf24,2026-09-12T14:00:00Z,2026-09-12T16:00:00+0200,0.75,EUR/MWh,DK1,DK_1,day_ahead_price,value,2026-09-12T23:15:53Z
2026-09-12T23:13:15Z,2026-09-13T01:13:15+0200,2866f7da-ee7e-4cc2-b3c3-c97fb597cf24,2026-09-12T14:15:00Z,2026-09-12T16:15:00+0200,7.53,EUR/MWh,DK1,DK_1,day_ahead_price,value,2026-09-12T23:15:53Z
2026-09-12T23:13:15Z,2026-09-13T01:13:15+0200,2866f7da-ee7e-4cc2-b3c3-c97fb597cf24,2026-09-12T14:30:00Z,2026-09-12T16:30:00+0200,42.49,EUR/MWh,DK1,DK_1,day_ahead_price,value,2026-09-12T23:15:53Z
2026-09-12T23:13:15Z,2026-09-13T01:13:15+0200,2866f7da-ee7e-4cc2-b3c3-c97fb597cf24,2026-09-12T14:45:00Z,2026-09-12T16:45:00+0200,85.629997,EUR/MWh,DK1,DK_1,day_ahead_price,value,2026-09-12T23:15:53Z
2026-09-12T23:13:15Z,2026-09-13T01:13:15+0200,2866f7da-ee7e-4cc2-b3c3-c97fb597cf24,2026-09-12T15:00:00Z,2026-09-12T17:00:00+0200,81.4,EUR/MWh,DK1,DK_1,day_ahead_price,value,2026-09-12T23:15:53Z
2026-09-12T23:13:15Z,2026-09-13T01:13:15+0200,2866f7da-ee7e-4cc2-b3c3-c97fb597cf24,2026-09-12T15:15:00Z,2026-09-12T17:15:00+0200,111.410004,EUR/MWh,DK1,DK_1,day_ahead_price,value,2026-09-12T23:15:53Z
2026-09-12T23:13:15Z,2026-09-13T01:13:15+0200,2866f7da-ee7e-4cc2-b3c3-c97fb597cf24,2026-09-12T15:30:00Z,2026-09-12T17:30:00+0200,126.610001,EUR/MWh,DK1,DK_1,day_ahead_price,value,2026-09-12T23:15:53Z
2026-09-12T23:13:15Z,2026-09-13T01:13:15+0200,2866f7da-ee7e-4cc2-b3c3-c97fb597cf24,2026-09-12T15:45:00Z,2026-09-12T17:45:00+0200,150.4,EUR/MWh,DK1,DK_1,day_ahead_price,value,2026-09-12T23:15:53Z
2026-09-12T23:13:15Z,2026-09-13T01:13:15+0200,2866f7da-ee7e-4cc2-b3c3-c97fb597cf24,2026-09-12T16:00:00Z,2026-09-12T18:00:00+0200,146.24,EUR/MWh,DK1,DK_1,day_ahead_price,value,2026-09-12T23:15:53Z
2026-09-12T23:13:15Z,2026-09-13T01:13:15+0200,2866f7da-ee7e-4cc2-b3c3-c97fb597cf24,2026-09-12T16:15:00Z,2026-09-12T18:15:00+0200,180.45,EUR/MWh,DK1,DK_1,day_ahead_price,value,2026-09-12T23:15:53Z
2026-09-12T23:13:15Z,2026-09-13T01:13:15+0200,2866f7da-ee7e-4cc2-b3c3-c97fb597cf24,2026-09-12T16:30:00Z,2026-09-12T18:30:00+0200,191.9,EUR/MWh,DK1,DK_1,day_ahead_price,value,2026-09-12T23:15:53Z
2026-09-12T23:13:15Z,2026-09-13T01:13:15+0200,2866f7da-ee7e-4cc2-b3c3-c97fb597cf24,2026-09-12T16:45:00Z,2026-09-12T18:45:00+0200,195.149994,EUR/MWh,DK1,DK_1,day_ahead_price,value,2026-09-12T23:15:53Z
2026-09-12T23:13:15Z,2026-09-13T01:13:15+0200,2866f7da-ee7e-4cc2-b3c3-c97fb597cf24,2026-09-12T17:00:00Z,2026-09-12T19:00:00+0200,194.440002,EUR/MWh,DK1,DK_1,day_ahead_price,value,2026-09-12T23:15:53Z
2026-09-12T23:13:15Z,2026-09-13T01:13:15+0200,2866f7da-ee7e-4cc2-b3c3-c97fb597cf24,2026-09-12T17:15:00Z,2026-09-12T19:15:00+0200,204.809998,EUR/MWh,DK1,DK_1,day_ahead_price,value,2026-09-12T23:15:53Z
2026-09-12T23:13:15Z,2026-09-13T01:13:15+0200,2866f7da-ee7e-4cc2-b3c3-c97fb597cf24,2026-09-12T17:30:00Z,2026-09-12T19:30:00+0200,205.059998,EUR/MWh,DK1,DK_1,day_ahead_price,value,2026-09-12T23:15:53Z
2026-09-12T23:13:15Z,2026-09-13T01:13:15+0200,2866f7da-ee7e-4cc2-b3c3-c97fb597cf24,2026-09-12T17:45:00Z,2026-09-12T19:45:00+0200,210.869995,EUR/MWh,DK1,DK_1,day_ahead_price,value,2026-09-12T23:15:53Z
2026-09-12T23:13:15Z,2026-09-13T01:13:15+0200,2866f7da-ee7e-4cc2-b3c3-c97fb597cf24,2026-09-12T18:00:00Z,2026-09-12T20:00:00+0200,210.99,EUR/MWh,DK1,DK_1,day_ahead_price,value,2026-09-12T23:15:53Z
2026-09-12T23:13:15Z,2026-09-13T01:13:15+0200,2866f7da-ee7e-4cc2-b3c3-c97fb597cf24,2026-09-12T18:15:00Z,2026-09-12T20:15:00+0200,211.17,EUR/MWh,DK1,DK_1,day_ahead_price,value,2026-09-12T23:15:53Z
2026-09-12T23:13:15Z,2026-09-13T01:13:15+0200,2866f7da-ee7e-4cc2-b3c3-c97fb597cf24,2026-09-12T18:30:00Z,2026-09-12T20:30:00+0200,210.919998,EUR/MWh,DK1,DK_1,day_ahead_price,value,2026-09-12T23:15:53Z
2026-09-12T23:13:15Z,2026-09-13T01:13:15+0200,2866f7da-ee7e-4cc2-b3c3-c97fb597cf24,2026-09-12T18:45:00Z,2026-09-12T20:45:00+0200,207.690002,EUR/MWh,DK1,DK_1,day_ahead_price,value,2026-09-12T23:15:53Z
2026-09-12T23:13:15Z,2026-09-13T01:13:15+0200,2866f7da-ee7e-4cc2-b3c3-c97fb597cf24,2026-09-12T19:00:00Z,2026-09-12T21:00:00+0200,210.75,EUR/MWh,DK1,DK_1,day_ahead_price,value,2026-09-12T23:15:53Z
2026-09-12T23:13:15Z,2026-09-13T01:13:15+0200,2866f7da-ee7e-4cc2-b3c3-c97fb597cf24,2026-09-12T19:15:00Z,2026-09-12T21:15:00+0200,204.94,EUR/MWh,DK1,DK_1,day_ahead_price,value,2026-09-12T23:15:53Z
2026-09-12T23:13:15Z,2026-09-13T01:13:15+0200,2866f7da-ee7e-4cc2-b3c3-c97fb597cf24,2026-09-12T19:30:00Z,2026-09-12T21:30:00+0200,200.65,EUR/MWh,DK1,DK_1,day_ahead_price,value,2026-09-12T23:15:53Z
2026-09-12T23:13:15Z,2026-09-13T01:13:15+0200,2866f7da-ee7e-4cc2-b3c3-c97fb597cf24,2026-09-12T19:45:00Z,2026-09-12T21:45:00+0200,189.220001,EUR/MWh,DK1,DK_1,day_ahead_price,value,2026-09-12T23:15:53Z
2026-09-12T23:13:15Z,2026-09-13T01:13:15+0200,2866f7da-ee7e-4cc2-b3c3-c97fb597cf24,2026-09-12T20:00:00Z,2026-09-12T22:00:00+0200,198.65,EUR/MWh,DK1,DK_1,day_ahead_price,value,2026-09-12T23:15:53Z
2026-09-12T23:13:15Z,2026-09-13T01:13:15+0200,2866f7da-ee7e-4cc2-b3c3-c97fb597cf24,2026-09-12T20:15:00Z,2026-09-12T22:15:00+0200,189.15,EUR/MWh,DK1,DK_1,day_ahead_price,value,2026-09-12T23:15:53Z
2026-09-12T23:13:15Z,2026-09-13T01:13:15+0200,2866f7da-ee7e-4cc2-b3c3-c97fb597cf24,2026-09-12T20:30:00Z,2026-09-12T22:30:00+0200,184.82,EUR/MWh,DK1,DK_1,day_ahead_price,value,2026-09-12T23:15:53Z
2026-09-12T23:13:15Z,2026-09-13T01:13:15+0200,2866f7da-ee7e-4cc2-b3c3-c97fb597cf24,2026-09-12T20:45:00Z,2026-09-12T22:45:00+0200,179.389999,EUR/MWh,DK1,DK_1,day_ahead_price,value,2026-09-12T23:15:53Z
2026-09-12T23:13:15Z,2026-09-13T01:13:15+0200,2866f7da-ee7e-4cc2-b3c3-c97fb597cf24,2026-09-12T21:00:00Z,2026-09-12T23:00:00+0200,189.97,EUR/MWh,DK1,DK_1,day_ahead_price,value,2026-09-12T23:15:53Z
2026-09-12T23:13:15Z,2026-09-13T01:13:15+0200,2866f7da-ee7e-4cc2-b3c3-c97fb597cf24,2026-09-12T21:15:00Z,2026-09-12T23:15:00+0200,184.210007,EUR/MWh,DK1,DK_1,day_ahead_price,value,2026-09-12T23:15:53Z
2026-09-12T23:13:15Z,2026-09-13T01:13:15+0200,2866f7da-ee7e-4cc2-b3c3-c97fb597cf24,2026-09-12T21:30:00Z,2026-09-12T23:30:00+0200,179.41,EUR/MWh,DK1,DK_1,day_ahead_price,value,2026-09-12T23:15:53Z
2026-09-12T23:13:15Z,2026-09-13T01:13:15+0200,2866f7da-ee7e-4cc2-b3c3-c97fb597cf24,2026-09-12T21:45:00Z,2026-09-12T23:45:00+0200,177.5,EUR/MWh,DK1,DK_1,day_ahead_price,value,2026-09-12T23:15:53Z
2026-09-12T23:13:15Z,2026-09-13T01:13:15+0200,2866f7da-ee7e-4cc2-b3c3-c97fb597cf24,2026-09-12T22:00:00Z,2026-09-13T00:00:00+0200,191.99,EUR/MWh,DK1,DK_1,day_ahead_price,value,2026-09-12T23:15:53Z
2026-09-12T23:13:15Z,2026-09-13T01:13:15+0200,2866f7da-ee7e-4cc2-b3c3-c97fb597cf24,2026-09-12T22:15:00Z,2026-09-13T00:15:00+0200,180.01,EUR/MWh,DK1,DK_1,day_ahead_price,value,2026-09-12T23:15:53Z
2026-09-12T23:13:15Z,2026-09-13T01:13:15+0200,2866f7da-ee7e-4cc2-b3c3-c97fb597cf24,2026-09-12T22:30:00Z,2026-09-13T00:30:00+0200,173.3,EUR/MWh,DK1,DK_1,day_ahead_price,value,2026-09-12T23:15:53Z
2026-09-12T23:13:15Z,2026-09-13T01:13:15+0200,2866f7da-ee7e-4cc2-b3c3-c97fb597cf24,2026-09-12T22:45:00Z,2026-09-13T00:45:00+0200,166.01,EUR/MWh,DK1,DK_1,day_ahead_price,value,2026-09-12T23:15:53Z
2026-09-12T23:13:15Z,2026-09-13T01:13:15+0200,2866f7da-ee7e-4cc2-b3c3-c97fb597cf24,2026-09-12T23:00:00Z,2026-09-13T01:00:00+0200,176.4,EUR/MWh,DK1,DK_1,day_ahead_price,value,2026-09-12T23:15:53Z
2026-09-12T23:13:15Z,2026-09-13T01:13:15+0200,2866f7da-ee7e-4cc2-b3c3-c97fb597cf24,2026-09-12T23:15:00Z,2026-09-13T01:15:00+0200,165.98,EUR/MWh,DK1,DK_1,day_ahead_price,value,2026-09-12T23:15:53Z
2026-09-12T23:13:15Z,2026-09-13T01:13:15+0200,2866f7da-ee7e-4cc2-b3c3-c97fb597cf24,2026-09-12T23:30:00Z,2026-09-13T01:30:00+0200,164.26,EUR/MWh,DK1,DK_1,day_ahead_price,value,2026-09-12T23:15:59Z
2026-09-12T23:13:15Z,2026-09-13T01:13:15+0200,2866f7da-ee7e-4cc2-b3c3-c97fb597cf24,2026-09-12T23:45:00Z,2026-09-13T01:45:00+0200,163.74,EUR/MWh,DK1,DK_1,day_ahead_price,value,2026-09-12T23:15:59Z
2026-09-12T23:13:15Z,2026-09-13T01:13:15+0200,2866f7da-ee7e-4cc2-b3c3-c97fb597cf24,2026-09-13T00:00:00Z,2026-09-13T02:00:00+0200,168.52,EUR/MWh,DK1,DK_1,day_ahead_price,value,2026-09-12T23:15:59Z
2026-09-12T23:13:15Z,2026-09-13T01:13:15+0200,2866f7da-ee7e-4cc2-b3c3-c97fb597cf24,2026-09-13T00:15:00Z,2026-09-13T02:15:00+0200,163.79,EUR/MWh,DK1,DK_1,day_ahead_price,value,2026-09-12T23:15:59Z
2026-09-12T23:13:15Z,2026-09-13T01:13:15+0200,2866f7da-ee7e-4cc2-b3c3-c97fb597cf24,2026-09-13T00:30:00Z,2026-09-13T02:30:00+0200,160.6,EUR/MWh,DK1,DK_1,day_ahead_price,value,2026-09-12T23:15:59Z
2026-09-12T23:13:15Z,2026-09-13T01:13:15+0200,2866f7da-ee7e-4cc2-b3c3-c97fb597cf24,2026-09-13T00:45:00Z,2026-09-13T02:45:00+0200,159.2,EUR/MWh,DK1,DK_1,day_ahead_price,value,2026-09-12T23:15:59Z
2026-09-12T23:13:15Z,2026-09-13T01:13:15+0200,2866f7da-ee7e-4cc2-b3c3-c97fb597cf24,2026-09-13T01:00:00Z,2026-09-13T03:00:00+0200,163.59,EUR/MWh,DK1,DK_1,day_ahead_price,value,2026-09-12T23:15:59Z
2026-09-12T23:13:15Z,2026-09-13T01:13:15+0200,2866f7da-ee7e-4cc2-b3c3-c97fb597cf24,2026-09-13T01:15:00Z,2026-09-13T03:15:00+0200,162.26,EUR/MWh,DK1,DK_1,day_ahead_price,value,2026-09-12T23:15:59Z
2026-09-12T23:13:15Z,2026-09-13T01:13:15+0200,2866f7da-ee7e-4cc2-b3c3-c97fb597cf24,2026-09-13T01:30:00Z,2026-09-13T03:30:00+0200,161.37,EUR/MWh,DK1,DK_1,day_ahead_price,value,2026-09-12T23:15:59Z
2026-09-12T23:13:15Z,2026-09-13T01:13:15+0200,2866f7da-ee7e-4cc2-b3c3-c97fb597cf24,2026-09-13T01:45:00Z,2026-09-13T03:45:00+0200,159.7,EUR/MWh,DK1,DK_1,day_ahead_price,value,2026-09-12T23:15:59Z
2026-09-12T23:13:15Z,2026-09-13T01:13:15+0200,2866f7da-ee7e-4cc2-b3c3-c97fb597cf24,2026-09-13T02:00:00Z,2026-09-13T04:00:00+0200,164.44,EUR/MWh,DK1,DK_1,day_ahead_price,value,2026-09-12T23:15:59Z
2026-09-12T23:13:15Z,2026-09-13T01:13:15+0200,2866f7da-ee7e-4cc2-b3c3-c97fb597cf24,2026-09-13T02:15:00Z,2026-09-13T04:15:00+0200,163.8,EUR/MWh,DK1,DK_1,day_ahead_price,value,2026-09-12T23:15:59Z
2026-09-12T23:13:15Z,2026-09-13T01:13:15+0200,2866f7da-ee7e-4cc2-b3c3-c97fb597cf24,2026-09-13T02:30:00Z,2026-09-13T04:30:00+0200,163.6,EUR/MWh,DK1,DK_1,day_ahead_price,value,2026-09-12T23:15:59Z
2026-09-12T23:13:15Z,2026-09-13T01:13:15+0200,2866f7da-ee7e-4cc2-b3c3-c97fb597cf24,2026-09-13T02:45:00Z,2026-09-13T04:45:00+0200,164.38,EUR/MWh,DK1,DK_1,day_ahead_price,value,2026-09-12T23:15:59Z
2026-09-12T23:13:15Z,2026-09-13T01:13:15+0200,2866f7da-ee7e-4cc2-b3c3-c97fb597cf24,2026-09-13T03:00:00Z,2026-09-13T05:00:00+0200,165.12,EUR/MWh,DK1,DK_1,day_ahead_price,value,2026-09-12T23:15:59Z
2026-09-12T23:13:15Z,2026-09-13T01:13:15+0200,2866f7da-ee7e-4cc2-b3c3-c97fb597cf24,2026-09-13T03:15:00Z,2026-09-13T05:15:00+0200,166.31,EUR/MWh,DK1,DK_1,day_ahead_price,value,2026-09-12T23:15:59Z
2026-09-12T23:13:15Z,2026-09-13T01:13:15+0200,2866f7da-ee7e-4cc2-b3c3-c97fb597cf24,2026-09-13T03:30:00Z,2026-09-13T05:30:00+0200,168.69,EUR/MWh,DK1,DK_1,day_ahead_price,value,2026-09-12T23:15:59Z
2026-09-12T23:13:15Z,2026-09-13T01:13:15+0200,2866f7da-ee7e-4cc2-b3c3-c97fb597cf24,2026-09-13T03:45:00Z,2026-09-13T05:45:00+0200,172.0,EUR/MWh,DK1,DK_1,day_ahead_price,value,2026-09-12T23:15:59Z
2026-09-12T23:13:15Z,2026-09-13T01:13:15+0200,2866f7da-ee7e-4cc2-b3c3-c97fb597cf24,2026-09-13T04:00:00Z,2026-09-13T06:00:00+0200,167.28,EUR/MWh,DK1,DK_1,day_ahead_price,value,2026-09-12T23:15:59Z
2026-09-12T23:13:15Z,2026-09-13T01:13:15+0200,2866f7da-ee7e-4cc2-b3c3-c97fb597cf24,2026-09-13T04:15:00Z,2026-09-13T06:15:00+0200,173.29,EUR/MWh,DK1,DK_1,day_ahead_price,value,2026-09-12T23:15:59Z
2026-09-12T23:13:15Z,2026-09-13T01:13:15+0200,2866f7da-ee7e-4cc2-b3c3-c97fb597cf24,2026-09-13T04:30:00Z,2026-09-13T06:30:00+0200,177.56,EUR/MWh,DK1,DK_1,day_ahead_price,value,2026-09-12T23:15:59Z
2026-09-12T23:13:15Z,2026-09-13T01:13:15+0200,2866f7da-ee7e-4cc2-b3c3-c97fb597cf24,2026-09-13T04:45:00Z,2026-09-13T06:45:00+0200,178.59,EUR/MWh,DK1,DK_1,day_ahead_price,value,2026-09-12T23:15:59Z
2026-09-12T23:13:15Z,2026-09-13T01:13:15+0200,2866f7da-ee7e-4cc2-b3c3-c97fb597cf24,2026-09-13T05:00:00Z,2026-09-13T07:00:00+0200,179.61,EUR/MWh,DK1,DK_1,day_ahead_price,value,2026-09-12T23:15:59Z
2026-09-12T23:13:15Z,2026-09-13T01:13:15+0200,2866f7da-ee7e-4cc2-b3c3-c97fb597cf24,2026-09-13T05:15:00Z,2026-09-13T07:15:00+0200,180.33,EUR/MWh,DK1,DK_1,day_ahead_price,value,2026-09-12T23:15:59Z
2026-09-12T23:13:15Z,2026-09-13T01:13:15+0200,2866f7da-ee7e-4cc2-b3c3-c97fb597cf24,2026-09-13T05:30:00Z,2026-09-13T07:30:00+0200,181.4,EUR/MWh,DK1,DK_1,day_ahead_price,value,2026-09-12T23:15:59Z
2026-09-12T23:13:15Z,2026-09-13T01:13:15+0200,2866f7da-ee7e-4cc2-b3c3-c97fb597cf24,2026-09-13T05:45:00Z,2026-09-13T07:45:00+0200,170.89,EUR/MWh,DK1,DK_1,day_ahead_price,value,2026-09-12T23:15:59Z
2026-09-12T23:13:15Z,2026-09-13T01:13:15+0200,2866f7da-ee7e-4cc2-b3c3-c97fb597cf24,2026-09-13T06:00:00Z,2026-09-13T08:00:00+0200,190.1,EUR/MWh,DK1,DK_1,day_ahead_price,value,2026-09-12T23:15:59Z
2026-09-12T23:13:15Z,2026-09-13T01:13:15+0200,2866f7da-ee7e-4cc2-b3c3-c97fb597cf24,2026-09-13T06:15:00Z,2026-09-13T08:15:00+0200,173.56,EUR/MWh,DK1,DK_1,day_ahead_price,value,2026-09-12T23:15:59Z
2026-09-12T23:13:15Z,2026-09-13T01:13:15+0200,2866f7da-ee7e-4cc2-b3c3-c97fb597cf24,2026-09-13T06:30:00Z,2026-09-13T08:30:00+0200,159.78,EUR/MWh,DK1,DK_1,day_ahead_price,value,2026-09-12T23:15:59Z
2026-09-12T23:13:15Z,2026-09-13T01:13:15+0200,2866f7da-ee7e-4cc2-b3c3-c97fb597cf24,2026-09-13T06:45:00Z,2026-09-13T08:45:00+0200,148.87,EUR/MWh,DK1,DK_1,day_ahead_price,value,2026-09-12T23:15:59Z
2026-09-12T23:13:15Z,2026-09-13T01:13:15+0200,2866f7da-ee7e-4cc2-b3c3-c97fb597cf24,2026-09-13T07:00:00Z,2026-09-13T09:00:00+0200,156.27,EUR/MWh,DK1,DK_1,day_ahead_price,value,2026-09-12T23:15:59Z
2026-09-12T23:13:15Z,2026-09-13T01:13:15+0200,2866f7da-ee7e-4cc2-b3c3-c97fb597cf24,2026-09-13T07:15:00Z,2026-09-13T09:15:00+0200,146.19,EUR/MWh,DK1,DK_1,day_ahead_price,value,2026-09-12T23:15:59Z
2026-09-12T23:13:15Z,2026-09-13T01:13:15+0200,2866f7da-ee7e-4cc2-b3c3-c97fb597cf24,2026-09-13T07:30:00Z,2026-09-13T09:30:00+0200,145.32,EUR/MWh,DK1,DK_1,day_ahead_price,value,2026-09-12T23:15:59Z
2026-09-12T23:13:15Z,2026-09-13T01:13:15+0200,2866f7da-ee7e-4cc2-b3c3-c97fb597cf24,2026-09-13T07:45:00Z,2026-09-13T09:45:00+0200,144.89,EUR/MWh,DK1,DK_1,day_ahead_price,value,2026-09-12T23:15:59Z
2026-09-12T23:13:15Z,2026-09-13T01:13:15+0200,2866f7da-ee7e-4cc2-b3c3-c97fb597cf24,2026-09-13T08:00:00Z,2026-09-13T10:00:00+0200,136.58,EUR/MWh,DK1,DK_1,day_ahead_price,value,2026-09-12T23:15:59Z
2026-09-12T23:13:15Z,2026-09-13T01:13:15+0200,2866f7da-ee7e-4cc2-b3c3-c97fb597cf24,2026-09-13T08:15:00Z,2026-09-13T10:15:00+0200,130.26,EUR/MWh,DK1,DK_1,day_ahead_price,value,2026-09-12T23:15:59Z
2026-09-12T23:13:15Z,2026-09-13T01:13:15+0200,2866f7da-ee7e-4cc2-b3c3-c97fb597cf24,2026-09-13T08:30:00Z,2026-09-13T10:30:00+0200,127.96,EUR/MWh,DK1,DK_1,day_ahead_price,value,2026-09-12T23:15:59Z
2026-09-12T23:13:15Z,2026-09-13T01:13:15+0200,2866f7da-ee7e-4cc2-b3c3-c97fb597cf24,2026-09-13T08:45:00Z,2026-09-13T10:45:00+0200,119.56,EUR/MWh,DK1,DK_1,day_ahead_price,value,2026-09-12T23:15:59Z
2026-09-12T23:13:15Z,2026-09-13T01:13:15+0200,2866f7da-ee7e-4cc2-b3c3-c97fb597cf24,2026-09-13T09:00:00Z,2026-09-13T11:00:00+0200,115.42,EUR/MWh,DK1,DK_1,day_ahead_price,value,2026-09-12T23:15:59Z
2026-09-12T23:13:15Z,2026-09-13T01:13:15+0200,2866f7da-ee7e-4cc2-b3c3-c97fb597cf24,2026-09-13T09:15:00Z,2026-09-13T11:15:00+0200,114.8,EUR/MWh,DK1,DK_1,day_ahead_price,value,2026-09-12T23:15:59Z
2026-09-12T23:13:15Z,2026-09-13T01:13:15+0200,2866f7da-ee7e-4cc2-b3c3-c97fb597cf24,2026-09-13T09:30:00Z,2026-09-13T11:30:00+0200,114.17,EUR/MWh,DK1,DK_1,day_ahead_price,value,2026-09-12T23:15:59Z
2026-09-12T23:13:15Z,2026-09-13T01:13:15+0200,2866f7da-ee7e-4cc2-b3c3-c97fb597cf24,2026-09-13T09:45:00Z,2026-09-13T11:45:00+0200,114.8,EUR/MWh,DK1,DK_1,day_ahead_price,value,2026-09-12T23:15:59Z
2026-09-12T23:13:15Z,2026-09-13T01:13:15+0200,2866f7da-ee7e-4cc2-b3c3-c97fb597cf24,2026-09-13T10:00:00Z,2026-09-13T12:00:00+0200,109.09,EUR/MWh,DK1,DK_1,day_ahead_price,value,2026-09-12T23:15:59Z
2026-09-12T23:13:15Z,2026-09-13T01:13:15+0200,2866f7da-ee7e-4cc2-b3c3-c97fb597cf24,2026-09-13T10:15:00Z,2026-09-13T12:15:00+0200,113.4,EUR/MWh,DK1,DK_1,day_ahead_price,value,2026-09-12T23:15:59Z
2026-09-12T23:13:15Z,2026-09-13T01:13:15+0200,2866f7da-ee7e-4cc2-b3c3-c97fb597cf24,2026-09-13T10:30:00Z,2026-09-13T12:30:00+0200,110.25,EUR/MWh,DK1,DK_1,day_ahead_price,value,2026-09-12T23:15:59Z
2026-09-12T23:13:15Z,2026-09-13T01:13:15+0200,2866f7da-ee7e-4cc2-b3c3-c97fb597cf24,2026-09-13T10:45:00Z,2026-09-13T12:45:00+0200,109.18,EUR/MWh,DK1,DK_1,day_ahead_price,value,2026-09-12T23:15:59Z
2026-09-12T23:13:15Z,2026-09-13T01:13:15+0200,2866f7da-ee7e-4cc2-b3c3-c97fb597cf24,2026-09-13T11:00:00Z,2026-09-13T13:00:00+0200,109.23,EUR/MWh,DK1,DK_1,day_ahead_price,value,2026-09-12T23:15:59Z
2026-09-12T23:13:15Z,2026-09-13T01:13:15+0200,2866f7da-ee7e-4cc2-b3c3-c97fb597cf24,2026-09-13T11:15:00Z,2026-09-13T13:15:00+0200,107.74,EUR/MWh,DK1,DK_1,day_ahead_price,value,2026-09-12T23:15:59Z
2026-09-12T23:13:15Z,2026-09-13T01:13:15+0200,2866f7da-ee7e-4cc2-b3c3-c97fb597cf24,2026-09-13T11:30:00Z,2026-09-13T13:30:00+0200,105.53,EUR/MWh,DK1,DK_1,day_ahead_price,value,2026-09-12T23:15:59Z
2026-09-12T23:13:15Z,2026-09-13T01:13:15+0200,2866f7da-ee7e-4cc2-b3c3-c97fb597cf24,2026-09-13T11:45:00Z,2026-09-13T13:45:00+0200,103.19,EUR/MWh,DK1,DK_1,day_ahead_price,value,2026-09-12T23:15:59Z
2026-09-12T23:13:15Z,2026-09-13T01:13:15+0200,2866f7da-ee7e-4cc2-b3c3-c97fb597cf24,2026-09-13T12:00:00Z,2026-09-13T14:00:00+0200,101.38,EUR/MWh,DK1,DK_1,day_ahead_price,value,2026-09-12T23:15:59Z
2026-09-12T23:13:15Z,2026-09-13T01:13:15+0200,2866f7da-ee7e-4cc2-b3c3-c97fb597cf24,2026-09-13T12:15:00Z,2026-09-13T14:15:00+0200,105.18,EUR/MWh,DK1,DK_1,day_ahead_price,value,2026-09-12T23:15:59Z
2026-09-12T23:13:15Z,2026-09-13T01:13:15+0200,2866f7da-ee7e-4cc2-b3c3-c97fb597cf24,2026-09-13T12:30:00Z,2026-09-13T14:30:00+0200,108.97,EUR/MWh,DK1,DK_1,day_ahead_price,value,2026-09-12T23:15:59Z
2026-09-12T23:13:15Z,2026-09-13T01:13:15+0200,2866f7da-ee7e-4cc2-b3c3-c97fb597cf24,2026-09-13T12:45:00Z,2026-09-13T14:45:00+0200,108.64,EUR/MWh,DK1,DK_1,day_ahead_price,value,2026-09-12T23:15:59Z
2026-09-12T23:13:15Z,2026-09-13T01:13:15+0200,2866f7da-ee7e-4cc2-b3c3-c97fb597cf24,2026-09-13T13:00:00Z,2026-09-13T15:00:00+0200,105.69,EUR/MWh,DK1,DK_1,day_ahead_price,value,2026-09-12T23:15:59Z
2026-09-12T23:13:15Z,2026-09-13T01:13:15+0200,2866f7da-ee7e-4cc2-b3c3-c97fb597cf24,2026-09-13T13:15:00Z,2026-09-13T15:15:00+0200,109.06,EUR/MWh,DK1,DK_1,day_ahead_price,value,2026-09-12T23:15:59Z
2026-09-12T23:13:15Z,2026-09-13T01:13:15+0200,2866f7da-ee7e-4cc2-b3c3-c97fb597cf24,2026-09-13T13:30:00Z,2026-09-13T15:30:00+0200,127.28,EUR/MWh,DK1,DK_1,day_ahead_price,value,2026-09-12T23:15:59Z
2026-09-12T23:13:15Z,2026-09-13T01:13:15+0200,2866f7da-ee7e-4cc2-b3c3-c97fb597cf24,2026-09-13T13:45:00Z,2026-09-13T15:45:00+0200,136.09,EUR/MWh,DK1,DK_1,day_ahead_price,value,2026-09-12T23:15:59Z
2026-09-12T23:13:15Z,2026-09-13T01:13:15+0200,2866f7da-ee7e-4cc2-b3c3-c97fb597cf24,2026-09-13T14:00:00Z,2026-09-13T16:00:00+0200,138.85,EUR/MWh,DK1,DK_1,day_ahead_price,value,2026-09-12T23:15:59Z
2026-09-12T23:13:15Z,2026-09-13T01:13:15+0200,2866f7da-ee7e-4cc2-b3c3-c97fb597cf24,2026-09-13T14:15:00Z,2026-09-13T16:15:00+0200,142.91,EUR/MWh,DK1,DK_1,day_ahead_price,value,2026-09-12T23:15:59Z
2026-09-12T23:13:15Z,2026-09-13T01:13:15+0200,2866f7da-ee7e-4cc2-b3c3-c97fb597cf24,2026-09-13T14:30:00Z,2026-09-13T16:30:00+0200,157.39,EUR/MWh,DK1,DK_1,day_ahead_price,value,2026-09-12T23:15:59Z
2026-09-12T23:13:15Z,2026-09-13T01:13:15+0200,2866f7da-ee7e-4cc2-b3c3-c97fb597cf24,2026-09-13T14:45:00Z,2026-09-13T16:45:00+0200,172.27,EUR/MWh,DK1,DK_1,day_ahead_price,value,2026-09-12T23:15:59Z
2026-09-12T23:13:15Z,2026-09-13T01:13:15+0200,2866f7da-ee7e-4cc2-b3c3-c97fb597cf24,2026-09-13T15:00:00Z,2026-09-13T17:00:00+0200,169.86,EUR/MWh,DK1,DK_1,day_ahead_price,value,2026-09-12T23:15:59Z
2026-09-12T23:13:15Z,2026-09-13T01:13:15+0200,2866f7da-ee7e-4cc2-b3c3-c97fb597cf24,2026-09-13T15:15:00Z,2026-09-13T17:15:00+0200,182.18,EUR/MWh,DK1,DK_1,day_ahead_price,value,2026-09-12T23:15:59Z
2026-09-12T23:13:15Z,2026-09-13T01:13:15+0200,2866f7da-ee7e-4cc2-b3c3-c97fb597cf24,2026-09-13T15:30:00Z,2026-09-13T17:30:00+0200,197.31,EUR/MWh,DK1,DK_1,day_ahead_price,value,2026-09-12T23:15:59Z
2026-09-12T23:13:15Z,2026-09-13T01:13:15+0200,2866f7da-ee7e-4cc2-b3c3-c97fb597cf24,2026-09-13T15:45:00Z,2026-09-13T17:45:00+0200,208.01,EUR/MWh,DK1,DK_1,day_ahead_price,value,2026-09-12T23:15:59Z
2026-09-12T23:13:15Z,2026-09-13T01:13:15+0200,2866f7da-ee7e-4cc2-b3c3-c97fb597cf24,2026-09-13T16:00:00Z,2026-09-13T18:00:00+0200,197.6,EUR/MWh,DK1,DK_1,day_ahead_price,value,2026-09-12T23:15:59Z
2026-09-12T23:13:15Z,2026-09-13T01:13:15+0200,2866f7da-ee7e-4cc2-b3c3-c97fb597cf24,2026-09-13T16:15:00Z,2026-09-13T18:15:00+0200,203.06,EUR/MWh,DK1,DK_1,day_ahead_price,value,2026-09-12T23:15:59Z
2026-09-12T23:13:15Z,2026-09-13T01:13:15+0200,2866f7da-ee7e-4cc2-b3c3-c97fb597cf24,2026-09-13T16:30:00Z,2026-09-13T18:30:00+0200,210.52,EUR/MWh,DK1,DK_1,day_ahead_price,value,2026-09-12T23:15:59Z
2026-09-12T23:13:15Z,2026-09-13T01:13:15+0200,2866f7da-ee7e-4cc2-b3c3-c97fb597cf24,2026-09-13T16:45:00Z,2026-09-13T18:45:00+0200,228.64,EUR/MWh,DK1,DK_1,day_ahead_price,value,2026-09-12T23:15:59Z
2026-09-12T23:13:15Z,2026-09-13T01:13:15+0200,2866f7da-ee7e-4cc2-b3c3-c97fb597cf24,2026-09-13T17:00:00Z,2026-09-13T19:00:00+0200,217.28,EUR/MWh,DK1,DK_1,day_ahead_price,value,2026-09-12T23:15:59Z
2026-09-12T23:13:15Z,2026-09-13T01:13:15+0200,2866f7da-ee7e-4cc2-b3c3-c97fb597cf24,2026-09-13T17:15:00Z,2026-09-13T19:15:00+0200,228.31,EUR/MWh,DK1,DK_1,day_ahead_price,value,2026-09-12T23:15:59Z
2026-09-12T23:13:15Z,2026-09-13T01:13:15+0200,2866f7da-ee7e-4cc2-b3c3-c97fb597cf24,2026-09-13T17:30:00Z,2026-09-13T19:30:00+0200,234.49,EUR/MWh,DK1,DK_1,day_ahead_price,value,2026-09-12T23:15:59Z
2026-09-12T23:13:15Z,2026-09-13T01:13:15+0200,2866f7da-ee7e-4cc2-b3c3-c97fb597cf24,2026-09-13T17:45:00Z,2026-09-13T19:45:00+0200,239.96,EUR/MWh,DK1,DK_1,day_ahead_price,value,2026-09-12T23:15:59Z
2026-09-12T23:13:15Z,2026-09-13T01:13:15+0200,2866f7da-ee7e-4cc2-b3c3-c97fb597cf24,2026-09-13T18:00:00Z,2026-09-13T20:00:00+0200,228.8,EUR/MWh,DK1,DK_1,day_ahead_price,value,2026-09-12T23:15:59Z
2026-09-12T23:13:15Z,2026-09-13T01:13:15+0200,2866f7da-ee7e-4cc2-b3c3-c97fb597cf24,2026-09-13T18:15:00Z,2026-09-13T20:15:00+0200,235.0,EUR/MWh,DK1,DK_1,day_ahead_price,value,2026-09-12T23:15:59Z
2026-09-12T23:13:15Z,2026-09-13T01:13:15+0200,2866f7da-ee7e-4cc2-b3c3-c97fb597cf24,2026-09-13T18:30:00Z,2026-09-13T20:30:00+0200,237.53,EUR/MWh,DK1,DK_1,day_ahead_price,value,2026-09-12T23:15:59Z
2026-09-12T23:13:15Z,2026-09-13T01:13:15+0200,2866f7da-ee7e-4cc2-b3c3-c97fb597cf24,2026-09-13T18:45:00Z,2026-09-13T20:45:00+0200,233.99,EUR/MWh,DK1,DK_1,day_ahead_price,value,2026-09-12T23:15:59Z
2026-09-12T23:13:15Z,2026-09-13T01:13:15+0200,2866f7da-ee7e-4cc2-b3c3-c97fb597cf24,2026-09-13T19:00:00Z,2026-09-13T21:00:00+0200,235.33,EUR/MWh,DK1,DK_1,day_ahead_price,value,2026-09-12T23:15:59Z
2026-09-12T23:13:15Z,2026-09-13T01:13:15+0200,2866f7da-ee7e-4cc2-b3c3-c97fb597cf24,2026-09-13T19:15:00Z,2026-09-13T21:15:00+0200,235.0,EUR/MWh,DK1,DK_1,day_ahead_price,value,2026-09-12T23:15:59Z
2026-09-12T23:13:15Z,2026-09-13T01:13:15+0200,2866f7da-ee7e-4cc2-b3c3-c97fb597cf24,2026-09-13T19:30:00Z,2026-09-13T21:30:00+0200,231.65,EUR/MWh,DK1,DK_1,day_ahead_price,value,2026-09-12T23:15:59Z
2026-09-12T23:13:15Z,2026-09-13T01:13:15+0200,2866f7da-ee7e-4cc2-b3c3-c97fb597cf24,2026-09-13T19:45:00Z,2026-09-13T21:45:00+0200,227.5,EUR/MWh,DK1,DK_1,day_ahead_price,value,2026-09-12T23:15:59Z
2026-09-12T23:13:15Z,2026-09-13T01:13:15+0200,2866f7da-ee7e-4cc2-b3c3-c97fb597cf24,2026-09-13T20:00:00Z,2026-09-13T22:00:00+0200,232.43,EUR/MWh,DK1,DK_1,day_ahead_price,value,2026-09-12T23:15:59Z
2026-09-12T23:13:15Z,2026-09-13T01:13:15+0200,2866f7da-ee7e-4cc2-b3c3-c97fb597cf24,2026-09-13T20:15:00Z,2026-09-13T22:15:00+0200,227.5,EUR/MWh,DK1,DK_1,day_ahead_price,value,2026-09-12T23:15:59Z
2026-09-12T23:13:15Z,2026-09-13T01:13:15+0200,2866f7da-ee7e-4cc2-b3c3-c97fb597cf24,2026-09-13T20:30:00Z,2026-09-13T22:30:00+0200,227.5,EUR/MWh,DK1,DK_1,day_ahead_price,value,2026-09-12T23:15:59Z
2026-09-12T23:13:15Z,2026-09-13T01:13:15+0200,2866f7da-ee7e-4cc2-b3c3-c97fb597cf24,2026-09-13T20:45:00Z,2026-09-13T22:45:00+0200,222.41,EUR/MWh,DK1,DK_1,day_ahead_price,value,2026-09-12T23:15:59Z
2026-09-12T23:13:15Z,2026-09-13T01:13:15+0200,2866f7da-ee7e-4cc2-b3c3-c97fb597cf24,2026-09-13T21:00:00Z,2026-09-13T23:00:00+0200,220.53,EUR/MWh,DK1,DK_1,day_ahead_price,value,2026-09-12T23:15:59Z
2026-09-12T23:13:15Z,2026-09-13T01:13:15+0200,2866f7da-ee7e-4cc2-b3c3-c97fb597cf24,2026-09-13T21:15:00Z,2026-09-13T23:15:00+0200,208.58,EUR/MWh,DK1,DK_1,day_ahead_price,value,2026-09-12T23:15:59Z
2026-09-12T23:13:15Z,2026-09-13T01:13:15+0200,2866f7da-ee7e-4cc2-b3c3-c97fb597cf24,2026-09-13T21:30:00Z,2026-09-13T23:30:00+0200,207.24,EUR/MWh,DK1,DK_1,day_ahead_price,value,2026-09-12T23:15:59Z
2026-09-12T23:13:15Z,2026-09-13T01:13:15+0200,2866f7da-ee7e-4cc2-b3c3-c97fb597cf24,2026-09-13T21:45:00Z,2026-09-13T23:45:00+0200,206.0,EUR/MWh,DK1,DK_1,day_ahead_price,value,2026-09-12T23:15:59Z
