collection_time_utc,collection_time_local,run_id,timestamp_utc,timestamp_local,value,unit,country,entsoe_area,variable,source,updated_at_utc
2026-07-11T19:29:37Z,2026-07-11T21:29:37+0200,1d83aeba-7d53-466c-9cd8-cde3940d84cc,2026-06-10T20:00:00Z,2026-06-10T22:00:00+0200,962.91998,MW,FR,FR,forecast_offshore_wind_generation,Wind Offshore,2026-07-11T19:30:56Z
2026-07-11T19:29:37Z,2026-07-11T21:29:37+0200,1d83aeba-7d53-466c-9cd8-cde3940d84cc,2026-06-10T20:15:00Z,2026-06-10T22:15:00+0200,949.83002,MW,FR,FR,forecast_offshore_wind_generation,Wind Offshore,2026-07-11T19:30:56Z
2026-07-11T19:29:37Z,2026-07-11T21:29:37+0200,1d83aeba-7d53-466c-9cd8-cde3940d84cc,2026-06-10T20:30:00Z,2026-06-10T22:30:00+0200,936.76001,MW,FR,FR,forecast_offshore_wind_generation,Wind Offshore,2026-07-11T19:30:56Z
2026-07-11T19:29:37Z,2026-07-11T21:29:37+0200,1d83aeba-7d53-466c-9cd8-cde3940d84cc,2026-06-10T20:45:00Z,2026-06-10T22:45:00+0200,923.71002,MW,FR,FR,forecast_offshore_wind_generation,Wind Offshore,2026-07-11T19:30:56Z
2026-07-11T19:29:37Z,2026-07-11T21:29:37+0200,1d83aeba-7d53-466c-9cd8-cde3940d84cc,2026-06-10T21:00:00Z,2026-06-10T23:00:00+0200,910.67999,MW,FR,FR,forecast_offshore_wind_generation,Wind Offshore,2026-07-11T19:30:56Z
2026-07-11T19:29:37Z,2026-07-11T21:29:37+0200,1d83aeba-7d53-466c-9cd8-cde3940d84cc,2026-06-10T21:15:00Z,2026-06-10T23:15:00+0200,888.64001,MW,FR,FR,forecast_offshore_wind_generation,Wind Offshore,2026-07-11T19:30:56Z
2026-07-11T19:29:37Z,2026-07-11T21:29:37+0200,1d83aeba-7d53-466c-9cd8-cde3940d84cc,2026-06-10T21:30:00Z,2026-06-10T23:30:00+0200,866.57996,MW,FR,FR,forecast_offshore_wind_generation,Wind Offshore,2026-07-11T19:30:56Z
2026-07-11T19:29:37Z,2026-07-11T21:29:37+0200,1d83aeba-7d53-466c-9cd8-cde3940d84cc,2026-06-10T21:45:00Z,2026-06-10T23:45:00+0200,844.56006,MW,FR,FR,forecast_offshore_wind_generation,Wind Offshore,2026-07-11T19:30:56Z
2026-07-11T19:29:37Z,2026-07-11T21:29:37+0200,1d83aeba-7d53-466c-9cd8-cde3940d84cc,2026-06-10T22:00:00Z,2026-06-11T00:00:00+0200,743.04999,MW,FR,FR,forecast_offshore_wind_generation,Wind Offshore,2026-07-11T19:30:56Z
2026-07-11T19:29:37Z,2026-07-11T21:29:37+0200,1d83aeba-7d53-466c-9cd8-cde3940d84cc,2026-06-10T22:15:00Z,2026-06-11T00:15:00+0200,721.92999,MW,FR,FR,forecast_offshore_wind_generation,Wind Offshore,2026-07-11T19:30:56Z
2026-07-11T19:29:37Z,2026-07-11T21:29:37+0200,1d83aeba-7d53-466c-9cd8-cde3940d84cc,2026-06-10T22:30:00Z,2026-06-11T00:30:00+0200,700.83008,MW,FR,FR,forecast_offshore_wind_generation,Wind Offshore,2026-07-11T19:30:56Z
2026-07-11T19:29:37Z,2026-07-11T21:29:37+0200,1d83aeba-7d53-466c-9cd8-cde3940d84cc,2026-06-10T22:45:00Z,2026-06-11T00:45:00+0200,679.17993,MW,FR,FR,forecast_offshore_wind_generation,Wind Offshore,2026-07-11T19:30:56Z
2026-07-11T19:29:37Z,2026-07-11T21:29:37+0200,1d83aeba-7d53-466c-9cd8-cde3940d84cc,2026-06-10T23:00:00Z,2026-06-11T01:00:00+0200,657.56,MW,FR,FR,forecast_offshore_wind_generation,Wind Offshore,2026-07-11T19:30:56Z
2026-07-11T19:29:37Z,2026-07-11T21:29:37+0200,1d83aeba-7d53-466c-9cd8-cde3940d84cc,2026-06-10T23:15:00Z,2026-06-11T01:15:00+0200,645.70996,MW,FR,FR,forecast_offshore_wind_generation,Wind Offshore,2026-07-11T19:30:56Z
2026-07-11T19:29:37Z,2026-07-11T21:29:37+0200,1d83aeba-7d53-466c-9cd8-cde3940d84cc,2026-06-10T23:30:00Z,2026-06-11T01:30:00+0200,633.84003,MW,FR,FR,forecast_offshore_wind_generation,Wind Offshore,2026-07-11T19:30:56Z
2026-07-11T19:29:37Z,2026-07-11T21:29:37+0200,1d83aeba-7d53-466c-9cd8-cde3940d84cc,2026-06-10T23:45:00Z,2026-06-11T01:45:00+0200,621.79004,MW,FR,FR,forecast_offshore_wind_generation,Wind Offshore,2026-07-11T19:30:56Z
2026-07-11T19:29:37Z,2026-07-11T21:29:37+0200,1d83aeba-7d53-466c-9cd8-cde3940d84cc,2026-06-11T00:00:00Z,2026-06-11T02:00:00+0200,609.75,MW,FR,FR,forecast_offshore_wind_generation,Wind Offshore,2026-07-11T19:30:56Z
2026-07-11T19:29:37Z,2026-07-11T21:29:37+0200,1d83aeba-7d53-466c-9cd8-cde3940d84cc,2026-06-11T00:15:00Z,2026-06-11T02:15:00+0200,589.06,MW,FR,FR,forecast_offshore_wind_generation,Wind Offshore,2026-07-11T19:30:56Z
2026-07-11T19:29:37Z,2026-07-11T21:29:37+0200,1d83aeba-7d53-466c-9cd8-cde3940d84cc,2026-06-11T00:30:00Z,2026-06-11T02:30:00+0200,568.37,MW,FR,FR,forecast_offshore_wind_generation,Wind Offshore,2026-07-11T19:30:56Z
2026-07-11T19:29:37Z,2026-07-11T21:29:37+0200,1d83aeba-7d53-466c-9cd8-cde3940d84cc,2026-06-11T00:45:00Z,2026-06-11T02:45:00+0200,547.70001,MW,FR,FR,forecast_offshore_wind_generation,Wind Offshore,2026-07-11T19:30:56Z
2026-07-11T19:29:37Z,2026-07-11T21:29:37+0200,1d83aeba-7d53-466c-9cd8-cde3940d84cc,2026-06-11T01:00:00Z,2026-06-11T03:00:00+0200,527.02002,MW,FR,FR,forecast_offshore_wind_generation,Wind Offshore,2026-07-11T19:30:56Z
2026-07-11T19:29:37Z,2026-07-11T21:29:37+0200,1d83aeba-7d53-466c-9cd8-cde3940d84cc,2026-06-11T01:15:00Z,2026-06-11T03:15:00+0200,519.16998,MW,FR,FR,forecast_offshore_wind_generation,Wind Offshore,2026-07-11T19:30:56Z
2026-07-11T19:29:37Z,2026-07-11T21:29:37+0200,1d83aeba-7d53-466c-9cd8-cde3940d84cc,2026-06-11T01:30:00Z,2026-06-11T03:30:00+0200,511.31,MW,FR,FR,forecast_offshore_wind_generation,Wind Offshore,2026-07-11T19:30:56Z
2026-07-11T19:29:37Z,2026-07-11T21:29:37+0200,1d83aeba-7d53-466c-9cd8-cde3940d84cc,2026-06-11T01:45:00Z,2026-06-11T03:45:00+0200,503.45999,MW,FR,FR,forecast_offshore_wind_generation,Wind Offshore,2026-07-11T19:30:56Z
2026-07-11T19:29:37Z,2026-07-11T21:29:37+0200,1d83aeba-7d53-466c-9cd8-cde3940d84cc,2026-06-11T02:00:00Z,2026-06-11T04:00:00+0200,495.62003,MW,FR,FR,forecast_offshore_wind_generation,Wind Offshore,2026-07-11T19:30:56Z
2026-07-11T19:29:37Z,2026-07-11T21:29:37+0200,1d83aeba-7d53-466c-9cd8-cde3940d84cc,2026-06-11T02:15:00Z,2026-06-11T04:15:00+0200,475.33997,MW,FR,FR,forecast_offshore_wind_generation,Wind Offshore,2026-07-11T19:30:56Z
2026-07-11T19:29:37Z,2026-07-11T21:29:37+0200,1d83aeba-7d53-466c-9cd8-cde3940d84cc,2026-06-11T02:30:00Z,2026-06-11T04:30:00+0200,455.04999,MW,FR,FR,forecast_offshore_wind_generation,Wind Offshore,2026-07-11T19:30:56Z
2026-07-11T19:29:37Z,2026-07-11T21:29:37+0200,1d83aeba-7d53-466c-9cd8-cde3940d84cc,2026-06-11T02:45:00Z,2026-06-11T04:45:00+0200,434.76001,MW,FR,FR,forecast_offshore_wind_generation,Wind Offshore,2026-07-11T19:30:56Z
2026-07-11T19:29:37Z,2026-07-11T21:29:37+0200,1d83aeba-7d53-466c-9cd8-cde3940d84cc,2026-06-11T03:00:00Z,2026-06-11T05:00:00+0200,414.45999,MW,FR,FR,forecast_offshore_wind_generation,Wind Offshore,2026-07-11T19:30:56Z
2026-07-11T19:29:37Z,2026-07-11T21:29:37+0200,1d83aeba-7d53-466c-9cd8-cde3940d84cc,2026-06-11T03:15:00Z,2026-06-11T05:15:00+0200,399.57001,MW,FR,FR,forecast_offshore_wind_generation,Wind Offshore,2026-07-11T19:30:56Z
2026-07-11T19:29:37Z,2026-07-11T21:29:37+0200,1d83aeba-7d53-466c-9cd8-cde3940d84cc,2026-06-11T03:30:00Z,2026-06-11T05:30:00+0200,384.69,MW,FR,FR,forecast_offshore_wind_generation,Wind Offshore,2026-07-11T19:30:56Z
2026-07-11T19:29:37Z,2026-07-11T21:29:37+0200,1d83aeba-7d53-466c-9cd8-cde3940d84cc,2026-06-11T03:45:00Z,2026-06-11T05:45:00+0200,369.65997,MW,FR,FR,forecast_offshore_wind_generation,Wind Offshore,2026-07-11T19:30:56Z
2026-07-11T19:29:37Z,2026-07-11T21:29:37+0200,1d83aeba-7d53-466c-9cd8-cde3940d84cc,2026-06-11T04:00:00Z,2026-06-11T06:00:00+0200,354.64001,MW,FR,FR,forecast_offshore_wind_generation,Wind Offshore,2026-07-11T19:30:56Z
2026-07-11T19:29:37Z,2026-07-11T21:29:37+0200,1d83aeba-7d53-466c-9cd8-cde3940d84cc,2026-06-11T04:15:00Z,2026-06-11T06:15:00+0200,342.60999,MW,FR,FR,forecast_offshore_wind_generation,Wind Offshore,2026-07-11T19:30:56Z
2026-07-11T19:29:37Z,2026-07-11T21:29:37+0200,1d83aeba-7d53-466c-9cd8-cde3940d84cc,2026-06-11T04:30:00Z,2026-06-11T06:30:00+0200,330.57999,MW,FR,FR,forecast_offshore_wind_generation,Wind Offshore,2026-07-11T19:30:56Z
2026-07-11T19:29:37Z,2026-07-11T21:29:37+0200,1d83aeba-7d53-466c-9cd8-cde3940d84cc,2026-06-11T04:45:00Z,2026-06-11T06:45:00+0200,318.39001,MW,FR,FR,forecast_offshore_wind_generation,Wind Offshore,2026-07-11T19:30:56Z
2026-07-11T19:29:37Z,2026-07-11T21:29:37+0200,1d83aeba-7d53-466c-9cd8-cde3940d84cc,2026-06-11T05:00:00Z,2026-06-11T07:00:00+0200,306.19,MW,FR,FR,forecast_offshore_wind_generation,Wind Offshore,2026-07-11T19:30:56Z
2026-07-11T19:29:37Z,2026-07-11T21:29:37+0200,1d83aeba-7d53-466c-9cd8-cde3940d84cc,2026-06-11T05:15:00Z,2026-06-11T07:15:00+0200,299.56003,MW,FR,FR,forecast_offshore_wind_generation,Wind Offshore,2026-07-11T19:30:56Z
2026-07-11T19:29:37Z,2026-07-11T21:29:37+0200,1d83aeba-7d53-466c-9cd8-cde3940d84cc,2026-06-11T05:30:00Z,2026-06-11T07:30:00+0200,292.90997,MW,FR,FR,forecast_offshore_wind_generation,Wind Offshore,2026-07-11T19:30:56Z
2026-07-11T19:29:37Z,2026-07-11T21:29:37+0200,1d83aeba-7d53-466c-9cd8-cde3940d84cc,2026-06-11T05:45:00Z,2026-06-11T07:45:00+0200,286.14999,MW,FR,FR,forecast_offshore_wind_generation,Wind Offshore,2026-07-11T19:30:56Z
2026-07-11T19:29:37Z,2026-07-11T21:29:37+0200,1d83aeba-7d53-466c-9cd8-cde3940d84cc,2026-06-11T06:00:00Z,2026-06-11T08:00:00+0200,279.37,MW,FR,FR,forecast_offshore_wind_generation,Wind Offshore,2026-07-11T19:30:56Z
2026-07-11T19:29:37Z,2026-07-11T21:29:37+0200,1d83aeba-7d53-466c-9cd8-cde3940d84cc,2026-06-11T06:15:00Z,2026-06-11T08:15:00+0200,281.87003,MW,FR,FR,forecast_offshore_wind_generation,Wind Offshore,2026-07-11T19:30:56Z
2026-07-11T19:29:37Z,2026-07-11T21:29:37+0200,1d83aeba-7d53-466c-9cd8-cde3940d84cc,2026-06-11T06:30:00Z,2026-06-11T08:30:00+0200,284.37,MW,FR,FR,forecast_offshore_wind_generation,Wind Offshore,2026-07-11T19:30:56Z
2026-07-11T19:29:37Z,2026-07-11T21:29:37+0200,1d83aeba-7d53-466c-9cd8-cde3940d84cc,2026-06-11T06:45:00Z,2026-06-11T08:45:00+0200,286.79999,MW,FR,FR,forecast_offshore_wind_generation,Wind Offshore,2026-07-11T19:30:56Z
2026-07-11T19:29:37Z,2026-07-11T21:29:37+0200,1d83aeba-7d53-466c-9cd8-cde3940d84cc,2026-06-11T07:00:00Z,2026-06-11T09:00:00+0200,289.20001,MW,FR,FR,forecast_offshore_wind_generation,Wind Offshore,2026-07-11T19:30:56Z
2026-07-11T19:29:37Z,2026-07-11T21:29:37+0200,1d83aeba-7d53-466c-9cd8-cde3940d84cc,2026-06-11T07:15:00Z,2026-06-11T09:15:00+0200,292.62,MW,FR,FR,forecast_offshore_wind_generation,Wind Offshore,2026-07-11T19:30:56Z
2026-07-11T19:29:37Z,2026-07-11T21:29:37+0200,1d83aeba-7d53-466c-9cd8-cde3940d84cc,2026-06-11T07:30:00Z,2026-06-11T09:30:00+0200,296.04001,MW,FR,FR,forecast_offshore_wind_generation,Wind Offshore,2026-07-11T19:30:56Z
2026-07-11T19:29:37Z,2026-07-11T21:29:37+0200,1d83aeba-7d53-466c-9cd8-cde3940d84cc,2026-06-11T07:45:00Z,2026-06-11T09:45:00+0200,299.41998,MW,FR,FR,forecast_offshore_wind_generation,Wind Offshore,2026-07-11T19:30:56Z
2026-07-11T19:29:37Z,2026-07-11T21:29:37+0200,1d83aeba-7d53-466c-9cd8-cde3940d84cc,2026-06-11T08:00:00Z,2026-06-11T10:00:00+0200,302.79001,MW,FR,FR,forecast_offshore_wind_generation,Wind Offshore,2026-07-11T19:30:56Z
2026-07-11T19:29:37Z,2026-07-11T21:29:37+0200,1d83aeba-7d53-466c-9cd8-cde3940d84cc,2026-06-11T08:15:00Z,2026-06-11T10:15:00+0200,315.35999,MW,FR,FR,forecast_offshore_wind_generation,Wind Offshore,2026-07-11T19:30:56Z
2026-07-11T19:29:37Z,2026-07-11T21:29:37+0200,1d83aeba-7d53-466c-9cd8-cde3940d84cc,2026-06-11T08:30:00Z,2026-06-11T10:30:00+0200,327.94,MW,FR,FR,forecast_offshore_wind_generation,Wind Offshore,2026-07-11T19:30:56Z
2026-07-11T19:29:37Z,2026-07-11T21:29:37+0200,1d83aeba-7d53-466c-9cd8-cde3940d84cc,2026-06-11T08:45:00Z,2026-06-11T10:45:00+0200,340.47998,MW,FR,FR,forecast_offshore_wind_generation,Wind Offshore,2026-07-11T19:30:56Z
2026-07-11T19:29:37Z,2026-07-11T21:29:37+0200,1d83aeba-7d53-466c-9cd8-cde3940d84cc,2026-06-11T09:00:00Z,2026-06-11T11:00:00+0200,353.02997,MW,FR,FR,forecast_offshore_wind_generation,Wind Offshore,2026-07-11T19:30:56Z
2026-07-11T19:29:37Z,2026-07-11T21:29:37+0200,1d83aeba-7d53-466c-9cd8-cde3940d84cc,2026-06-11T09:15:00Z,2026-06-11T11:15:00+0200,369.46002,MW,FR,FR,forecast_offshore_wind_generation,Wind Offshore,2026-07-11T19:30:56Z
2026-07-11T19:29:37Z,2026-07-11T21:29:37+0200,1d83aeba-7d53-466c-9cd8-cde3940d84cc,2026-06-11T09:30:00Z,2026-06-11T11:30:00+0200,385.89001,MW,FR,FR,forecast_offshore_wind_generation,Wind Offshore,2026-07-11T19:30:56Z
2026-07-11T19:29:37Z,2026-07-11T21:29:37+0200,1d83aeba-7d53-466c-9cd8-cde3940d84cc,2026-06-11T09:45:00Z,2026-06-11T11:45:00+0200,402.29999,MW,FR,FR,forecast_offshore_wind_generation,Wind Offshore,2026-07-11T19:30:56Z
2026-07-11T19:29:37Z,2026-07-11T21:29:37+0200,1d83aeba-7d53-466c-9cd8-cde3940d84cc,2026-06-11T10:00:00Z,2026-06-11T12:00:00+0200,418.71002,MW,FR,FR,forecast_offshore_wind_generation,Wind Offshore,2026-07-11T19:30:56Z
2026-07-11T19:29:37Z,2026-07-11T21:29:37+0200,1d83aeba-7d53-466c-9cd8-cde3940d84cc,2026-06-11T10:15:00Z,2026-06-11T12:15:00+0200,404.31,MW,FR,FR,forecast_offshore_wind_generation,Wind Offshore,2026-07-11T19:30:56Z
2026-07-11T19:29:37Z,2026-07-11T21:29:37+0200,1d83aeba-7d53-466c-9cd8-cde3940d84cc,2026-06-11T10:30:00Z,2026-06-11T12:30:00+0200,389.91,MW,FR,FR,forecast_offshore_wind_generation,Wind Offshore,2026-07-11T19:30:56Z
2026-07-11T19:29:37Z,2026-07-11T21:29:37+0200,1d83aeba-7d53-466c-9cd8-cde3940d84cc,2026-06-11T10:45:00Z,2026-06-11T12:45:00+0200,375.52002,MW,FR,FR,forecast_offshore_wind_generation,Wind Offshore,2026-07-11T19:30:56Z
2026-07-11T19:29:37Z,2026-07-11T21:29:37+0200,1d83aeba-7d53-466c-9cd8-cde3940d84cc,2026-06-11T11:00:00Z,2026-06-11T13:00:00+0200,361.11002,MW,FR,FR,forecast_offshore_wind_generation,Wind Offshore,2026-07-11T19:30:56Z
2026-07-11T19:29:37Z,2026-07-11T21:29:37+0200,1d83aeba-7d53-466c-9cd8-cde3940d84cc,2026-06-11T11:15:00Z,2026-06-11T13:15:00+0200,372.76999,MW,FR,FR,forecast_offshore_wind_generation,Wind Offshore,2026-07-11T19:30:56Z
2026-07-11T19:29:37Z,2026-07-11T21:29:37+0200,1d83aeba-7d53-466c-9cd8-cde3940d84cc,2026-06-11T11:30:00Z,2026-06-11T13:30:00+0200,384.42999,MW,FR,FR,forecast_offshore_wind_generation,Wind Offshore,2026-07-11T19:30:56Z
2026-07-11T19:29:37Z,2026-07-11T21:29:37+0200,1d83aeba-7d53-466c-9cd8-cde3940d84cc,2026-06-11T11:45:00Z,2026-06-11T13:45:00+0200,396.05997,MW,FR,FR,forecast_offshore_wind_generation,Wind Offshore,2026-07-11T19:30:56Z
2026-07-11T19:29:37Z,2026-07-11T21:29:37+0200,1d83aeba-7d53-466c-9cd8-cde3940d84cc,2026-06-11T12:00:00Z,2026-06-11T14:00:00+0200,407.68002,MW,FR,FR,forecast_offshore_wind_generation,Wind Offshore,2026-07-11T19:30:56Z
2026-07-11T19:29:37Z,2026-07-11T21:29:37+0200,1d83aeba-7d53-466c-9cd8-cde3940d84cc,2026-06-11T12:15:00Z,2026-06-11T14:15:00+0200,413.82999,MW,FR,FR,forecast_offshore_wind_generation,Wind Offshore,2026-07-11T19:30:56Z
2026-07-11T19:29:37Z,2026-07-11T21:29:37+0200,1d83aeba-7d53-466c-9cd8-cde3940d84cc,2026-06-11T12:30:00Z,2026-06-11T14:30:00+0200,419.96997,MW,FR,FR,forecast_offshore_wind_generation,Wind Offshore,2026-07-11T19:30:56Z
2026-07-11T19:29:37Z,2026-07-11T21:29:37+0200,1d83aeba-7d53-466c-9cd8-cde3940d84cc,2026-06-11T12:45:00Z,2026-06-11T14:45:00+0200,426.10001,MW,FR,FR,forecast_offshore_wind_generation,Wind Offshore,2026-07-11T19:30:56Z
2026-07-11T19:29:37Z,2026-07-11T21:29:37+0200,1d83aeba-7d53-466c-9cd8-cde3940d84cc,2026-06-11T13:00:00Z,2026-06-11T15:00:00+0200,432.23999,MW,FR,FR,forecast_offshore_wind_generation,Wind Offshore,2026-07-11T19:30:56Z
2026-07-11T19:29:37Z,2026-07-11T21:29:37+0200,1d83aeba-7d53-466c-9cd8-cde3940d84cc,2026-06-11T13:15:00Z,2026-06-11T15:15:00+0200,470.12,MW,FR,FR,forecast_offshore_wind_generation,Wind Offshore,2026-07-11T19:30:56Z
2026-07-11T19:29:37Z,2026-07-11T21:29:37+0200,1d83aeba-7d53-466c-9cd8-cde3940d84cc,2026-06-11T13:30:00Z,2026-06-11T15:30:00+0200,507.97003,MW,FR,FR,forecast_offshore_wind_generation,Wind Offshore,2026-07-11T19:30:56Z
2026-07-11T19:29:37Z,2026-07-11T21:29:37+0200,1d83aeba-7d53-466c-9cd8-cde3940d84cc,2026-06-11T13:45:00Z,2026-06-11T15:45:00+0200,545.91998,MW,FR,FR,forecast_offshore_wind_generation,Wind Offshore,2026-07-11T19:30:56Z
2026-07-11T19:29:37Z,2026-07-11T21:29:37+0200,1d83aeba-7d53-466c-9cd8-cde3940d84cc,2026-06-11T14:00:00Z,2026-06-11T16:00:00+0200,583.85999,MW,FR,FR,forecast_offshore_wind_generation,Wind Offshore,2026-07-11T19:30:56Z
2026-07-11T19:29:37Z,2026-07-11T21:29:37+0200,1d83aeba-7d53-466c-9cd8-cde3940d84cc,2026-06-11T14:15:00Z,2026-06-11T16:15:00+0200,612.90002,MW,FR,FR,forecast_offshore_wind_generation,Wind Offshore,2026-07-11T19:30:56Z
2026-07-11T19:29:37Z,2026-07-11T21:29:37+0200,1d83aeba-7d53-466c-9cd8-cde3940d84cc,2026-06-11T14:30:00Z,2026-06-11T16:30:00+0200,641.92999,MW,FR,FR,forecast_offshore_wind_generation,Wind Offshore,2026-07-11T19:30:56Z
2026-07-11T19:29:37Z,2026-07-11T21:29:37+0200,1d83aeba-7d53-466c-9cd8-cde3940d84cc,2026-06-11T14:45:00Z,2026-06-11T16:45:00+0200,671.05005,MW,FR,FR,forecast_offshore_wind_generation,Wind Offshore,2026-07-11T19:30:56Z
2026-07-11T19:29:37Z,2026-07-11T21:29:37+0200,1d83aeba-7d53-466c-9cd8-cde3940d84cc,2026-06-11T15:00:00Z,2026-06-11T17:00:00+0200,700.17999,MW,FR,FR,forecast_offshore_wind_generation,Wind Offshore,2026-07-11T19:30:56Z
2026-07-11T19:29:37Z,2026-07-11T21:29:37+0200,1d83aeba-7d53-466c-9cd8-cde3940d84cc,2026-06-11T15:15:00Z,2026-06-11T17:15:00+0200,732.5,MW,FR,FR,forecast_offshore_wind_generation,Wind Offshore,2026-07-11T19:30:56Z
2026-07-11T19:29:37Z,2026-07-11T21:29:37+0200,1d83aeba-7d53-466c-9cd8-cde3940d84cc,2026-06-11T15:30:00Z,2026-06-11T17:30:00+0200,764.84003,MW,FR,FR,forecast_offshore_wind_generation,Wind Offshore,2026-07-11T19:30:56Z
2026-07-11T19:29:37Z,2026-07-11T21:29:37+0200,1d83aeba-7d53-466c-9cd8-cde3940d84cc,2026-06-11T15:45:00Z,2026-06-11T17:45:00+0200,797.27002,MW,FR,FR,forecast_offshore_wind_generation,Wind Offshore,2026-07-11T19:30:56Z
2026-07-11T19:29:37Z,2026-07-11T21:29:37+0200,1d83aeba-7d53-466c-9cd8-cde3940d84cc,2026-06-11T16:00:00Z,2026-06-11T18:00:00+0200,829.70001,MW,FR,FR,forecast_offshore_wind_generation,Wind Offshore,2026-07-11T19:30:56Z
2026-07-11T19:29:37Z,2026-07-11T21:29:37+0200,1d83aeba-7d53-466c-9cd8-cde3940d84cc,2026-06-11T16:15:00Z,2026-06-11T18:15:00+0200,833.22998,MW,FR,FR,forecast_offshore_wind_generation,Wind Offshore,2026-07-11T19:30:56Z
2026-07-11T19:29:37Z,2026-07-11T21:29:37+0200,1d83aeba-7d53-466c-9cd8-cde3940d84cc,2026-06-11T16:30:00Z,2026-06-11T18:30:00+0200,836.76001,MW,FR,FR,forecast_offshore_wind_generation,Wind Offshore,2026-07-11T19:30:56Z
2026-07-11T19:29:37Z,2026-07-11T21:29:37+0200,1d83aeba-7d53-466c-9cd8-cde3940d84cc,2026-06-11T16:45:00Z,2026-06-11T18:45:00+0200,840.35999,MW,FR,FR,forecast_offshore_wind_generation,Wind Offshore,2026-07-11T19:30:56Z
2026-07-11T19:29:37Z,2026-07-11T21:29:37+0200,1d83aeba-7d53-466c-9cd8-cde3940d84cc,2026-06-11T17:00:00Z,2026-06-11T19:00:00+0200,843.96997,MW,FR,FR,forecast_offshore_wind_generation,Wind Offshore,2026-07-11T19:30:56Z
2026-07-11T19:29:37Z,2026-07-11T21:29:37+0200,1d83aeba-7d53-466c-9cd8-cde3940d84cc,2026-06-11T17:15:00Z,2026-06-11T19:15:00+0200,850.20996,MW,FR,FR,forecast_offshore_wind_generation,Wind Offshore,2026-07-11T19:30:56Z
2026-07-11T19:29:37Z,2026-07-11T21:29:37+0200,1d83aeba-7d53-466c-9cd8-cde3940d84cc,2026-06-11T17:30:00Z,2026-06-11T19:30:00+0200,856.46997,MW,FR,FR,forecast_offshore_wind_generation,Wind Offshore,2026-07-11T19:30:56Z
2026-07-11T19:29:37Z,2026-07-11T21:29:37+0200,1d83aeba-7d53-466c-9cd8-cde3940d84cc,2026-06-11T17:45:00Z,2026-06-11T19:45:00+0200,862.81006,MW,FR,FR,forecast_offshore_wind_generation,Wind Offshore,2026-07-11T19:30:56Z
2026-07-11T19:29:37Z,2026-07-11T21:29:37+0200,1d83aeba-7d53-466c-9cd8-cde3940d84cc,2026-06-11T18:00:00Z,2026-06-11T20:00:00+0200,869.14996,MW,FR,FR,forecast_offshore_wind_generation,Wind Offshore,2026-07-11T19:30:56Z
2026-07-11T19:29:37Z,2026-07-11T21:29:37+0200,1d83aeba-7d53-466c-9cd8-cde3940d84cc,2026-06-11T18:15:00Z,2026-06-11T20:15:00+0200,863.96997,MW,FR,FR,forecast_offshore_wind_generation,Wind Offshore,2026-07-11T19:30:56Z
2026-07-11T19:29:37Z,2026-07-11T21:29:37+0200,1d83aeba-7d53-466c-9cd8-cde3940d84cc,2026-06-11T18:30:00Z,2026-06-11T20:30:00+0200,858.81,MW,FR,FR,forecast_offshore_wind_generation,Wind Offshore,2026-07-11T19:30:56Z
2026-07-11T19:29:37Z,2026-07-11T21:29:37+0200,1d83aeba-7d53-466c-9cd8-cde3940d84cc,2026-06-11T18:45:00Z,2026-06-11T20:45:00+0200,853.58002,MW,FR,FR,forecast_offshore_wind_generation,Wind Offshore,2026-07-11T19:30:56Z
2026-07-11T19:29:37Z,2026-07-11T21:29:37+0200,1d83aeba-7d53-466c-9cd8-cde3940d84cc,2026-06-11T19:00:00Z,2026-06-11T21:00:00+0200,848.34998,MW,FR,FR,forecast_offshore_wind_generation,Wind Offshore,2026-07-11T19:30:56Z
2026-07-11T19:29:37Z,2026-07-11T21:29:37+0200,1d83aeba-7d53-466c-9cd8-cde3940d84cc,2026-06-11T19:15:00Z,2026-06-11T21:15:00+0200,853.5,MW,FR,FR,forecast_offshore_wind_generation,Wind Offshore,2026-07-11T19:30:56Z
2026-07-11T19:29:37Z,2026-07-11T21:29:37+0200,1d83aeba-7d53-466c-9cd8-cde3940d84cc,2026-06-11T19:30:00Z,2026-06-11T21:30:00+0200,858.66998,MW,FR,FR,forecast_offshore_wind_generation,Wind Offshore,2026-07-11T19:30:56Z
2026-07-11T19:29:37Z,2026-07-11T21:29:37+0200,1d83aeba-7d53-466c-9cd8-cde3940d84cc,2026-06-11T19:45:00Z,2026-06-11T21:45:00+0200,863.78003,MW,FR,FR,forecast_offshore_wind_generation,Wind Offshore,2026-07-11T19:30:56Z
2026-07-11T19:29:37Z,2026-07-11T21:29:37+0200,1d83aeba-7d53-466c-9cd8-cde3940d84cc,2026-06-11T20:00:00Z,2026-06-11T22:00:00+0200,868.87006,MW,FR,FR,forecast_offshore_wind_generation,Wind Offshore,2026-07-11T19:30:56Z
2026-07-11T19:29:37Z,2026-07-11T21:29:37+0200,1d83aeba-7d53-466c-9cd8-cde3940d84cc,2026-06-11T20:15:00Z,2026-06-11T22:15:00+0200,867.73999,MW,FR,FR,forecast_offshore_wind_generation,Wind Offshore,2026-07-11T19:30:56Z
2026-07-11T19:29:37Z,2026-07-11T21:29:37+0200,1d83aeba-7d53-466c-9cd8-cde3940d84cc,2026-06-11T20:30:00Z,2026-06-11T22:30:00+0200,866.58997,MW,FR,FR,forecast_offshore_wind_generation,Wind Offshore,2026-07-11T19:30:56Z
2026-07-11T19:29:37Z,2026-07-11T21:29:37+0200,1d83aeba-7d53-466c-9cd8-cde3940d84cc,2026-06-11T20:45:00Z,2026-06-11T22:45:00+0200,865.33002,MW,FR,FR,forecast_offshore_wind_generation,Wind Offshore,2026-07-11T19:30:56Z
2026-07-11T19:29:37Z,2026-07-11T21:29:37+0200,1d83aeba-7d53-466c-9cd8-cde3940d84cc,2026-06-11T21:00:00Z,2026-06-11T23:00:00+0200,864.06,MW,FR,FR,forecast_offshore_wind_generation,Wind Offshore,2026-07-11T19:30:56Z
2026-07-11T19:29:37Z,2026-07-11T21:29:37+0200,1d83aeba-7d53-466c-9cd8-cde3940d84cc,2026-06-11T21:15:00Z,2026-06-11T23:15:00+0200,859.85999,MW,FR,FR,forecast_offshore_wind_generation,Wind Offshore,2026-07-11T19:30:56Z
2026-07-11T19:29:37Z,2026-07-11T21:29:37+0200,1d83aeba-7d53-466c-9cd8-cde3940d84cc,2026-06-11T21:30:00Z,2026-06-11T23:30:00+0200,855.66003,MW,FR,FR,forecast_offshore_wind_generation,Wind Offshore,2026-07-11T19:30:56Z
2026-07-11T19:29:37Z,2026-07-11T21:29:37+0200,1d83aeba-7d53-466c-9cd8-cde3940d84cc,2026-06-11T21:45:00Z,2026-06-11T23:45:00+0200,851.39001,MW,FR,FR,forecast_offshore_wind_generation,Wind Offshore,2026-07-11T19:30:56Z
2026-07-11T19:29:37Z,2026-07-11T21:29:37+0200,1d83aeba-7d53-466c-9cd8-cde3940d84cc,2026-06-11T22:00:00Z,2026-06-12T00:00:00+0200,1015.04999,MW,FR,FR,forecast_offshore_wind_generation,Wind Offshore,2026-07-11T19:30:56Z
2026-07-11T19:29:37Z,2026-07-11T21:29:37+0200,1d83aeba-7d53-466c-9cd8-cde3940d84cc,2026-06-11T22:15:00Z,2026-06-12T00:15:00+0200,1018.5,MW,FR,FR,forecast_offshore_wind_generation,Wind Offshore,2026-07-11T19:30:56Z
2026-07-11T19:29:37Z,2026-07-11T21:29:37+0200,1d83aeba-7d53-466c-9cd8-cde3940d84cc,2026-06-11T22:30:00Z,2026-06-12T00:30:00+0200,1021.96002,MW,FR,FR,forecast_offshore_wind_generation,Wind Offshore,2026-07-11T19:30:56Z
2026-07-11T19:29:37Z,2026-07-11T21:29:37+0200,1d83aeba-7d53-466c-9cd8-cde3940d84cc,2026-06-11T22:45:00Z,2026-06-12T00:45:00+0200,1025.63,MW,FR,FR,forecast_offshore_wind_generation,Wind Offshore,2026-07-11T19:30:56Z
2026-07-11T19:29:37Z,2026-07-11T21:29:37+0200,1d83aeba-7d53-466c-9cd8-cde3940d84cc,2026-06-11T23:00:00Z,2026-06-12T01:00:00+0200,1029.29993,MW,FR,FR,forecast_offshore_wind_generation,Wind Offshore,2026-07-11T19:30:56Z
2026-07-11T19:29:37Z,2026-07-11T21:29:37+0200,1d83aeba-7d53-466c-9cd8-cde3940d84cc,2026-06-11T23:15:00Z,2026-06-12T01:15:00+0200,1015.25,MW,FR,FR,forecast_offshore_wind_generation,Wind Offshore,2026-07-11T19:30:56Z
2026-07-11T19:29:37Z,2026-07-11T21:29:37+0200,1d83aeba-7d53-466c-9cd8-cde3940d84cc,2026-06-11T23:30:00Z,2026-06-12T01:30:00+0200,1001.22998,MW,FR,FR,forecast_offshore_wind_generation,Wind Offshore,2026-07-11T19:30:56Z
2026-07-11T19:29:37Z,2026-07-11T21:29:37+0200,1d83aeba-7d53-466c-9cd8-cde3940d84cc,2026-06-11T23:45:00Z,2026-06-12T01:45:00+0200,987.24005,MW,FR,FR,forecast_offshore_wind_generation,Wind Offshore,2026-07-11T19:30:56Z
2026-07-11T19:29:37Z,2026-07-11T21:29:37+0200,1d83aeba-7d53-466c-9cd8-cde3940d84cc,2026-06-12T00:00:00Z,2026-06-12T02:00:00+0200,973.28998,MW,FR,FR,forecast_offshore_wind_generation,Wind Offshore,2026-07-11T19:30:56Z
2026-07-11T19:29:37Z,2026-07-11T21:29:37+0200,1d83aeba-7d53-466c-9cd8-cde3940d84cc,2026-06-12T00:15:00Z,2026-06-12T02:15:00+0200,958.52002,MW,FR,FR,forecast_offshore_wind_generation,Wind Offshore,2026-07-11T19:30:56Z
2026-07-11T19:29:37Z,2026-07-11T21:29:37+0200,1d83aeba-7d53-466c-9cd8-cde3940d84cc,2026-06-12T00:30:00Z,2026-06-12T02:30:00+0200,943.75995,MW,FR,FR,forecast_offshore_wind_generation,Wind Offshore,2026-07-11T19:30:56Z
2026-07-11T19:29:37Z,2026-07-11T21:29:37+0200,1d83aeba-7d53-466c-9cd8-cde3940d84cc,2026-06-12T00:45:00Z,2026-06-12T02:45:00+0200,928.96997,MW,FR,FR,forecast_offshore_wind_generation,Wind Offshore,2026-07-11T19:30:56Z
2026-07-11T19:29:37Z,2026-07-11T21:29:37+0200,1d83aeba-7d53-466c-9cd8-cde3940d84cc,2026-06-12T01:00:00Z,2026-06-12T03:00:00+0200,914.18994,MW,FR,FR,forecast_offshore_wind_generation,Wind Offshore,2026-07-11T19:30:56Z
2026-07-11T19:29:37Z,2026-07-11T21:29:37+0200,1d83aeba-7d53-466c-9cd8-cde3940d84cc,2026-06-12T01:15:00Z,2026-06-12T03:15:00+0200,910.53998,MW,FR,FR,forecast_offshore_wind_generation,Wind Offshore,2026-07-11T19:30:56Z
2026-07-11T19:29:37Z,2026-07-11T21:29:37+0200,1d83aeba-7d53-466c-9cd8-cde3940d84cc,2026-06-12T01:30:00Z,2026-06-12T03:30:00+0200,906.89001,MW,FR,FR,forecast_offshore_wind_generation,Wind Offshore,2026-07-11T19:30:56Z
2026-07-11T19:29:37Z,2026-07-11T21:29:37+0200,1d83aeba-7d53-466c-9cd8-cde3940d84cc,2026-06-12T01:45:00Z,2026-06-12T03:45:00+0200,903.21997,MW,FR,FR,forecast_offshore_wind_generation,Wind Offshore,2026-07-11T19:30:56Z
2026-07-11T19:29:37Z,2026-07-11T21:29:37+0200,1d83aeba-7d53-466c-9cd8-cde3940d84cc,2026-06-12T02:00:00Z,2026-06-12T04:00:00+0200,899.54004,MW,FR,FR,forecast_offshore_wind_generation,Wind Offshore,2026-07-11T19:30:56Z
2026-07-11T19:29:37Z,2026-07-11T21:29:37+0200,1d83aeba-7d53-466c-9cd8-cde3940d84cc,2026-06-12T02:15:00Z,2026-06-12T04:15:00+0200,899.21997,MW,FR,FR,forecast_offshore_wind_generation,Wind Offshore,2026-07-11T19:30:56Z
2026-07-11T19:29:37Z,2026-07-11T21:29:37+0200,1d83aeba-7d53-466c-9cd8-cde3940d84cc,2026-06-12T02:30:00Z,2026-06-12T04:30:00+0200,898.87,MW,FR,FR,forecast_offshore_wind_generation,Wind Offshore,2026-07-11T19:30:56Z
2026-07-11T19:29:37Z,2026-07-11T21:29:37+0200,1d83aeba-7d53-466c-9cd8-cde3940d84cc,2026-06-12T02:45:00Z,2026-06-12T04:45:00+0200,898.54004,MW,FR,FR,forecast_offshore_wind_generation,Wind Offshore,2026-07-11T19:30:56Z
2026-07-11T19:29:37Z,2026-07-11T21:29:37+0200,1d83aeba-7d53-466c-9cd8-cde3940d84cc,2026-06-12T03:00:00Z,2026-06-12T05:00:00+0200,898.22003,MW,FR,FR,forecast_offshore_wind_generation,Wind Offshore,2026-07-11T19:30:56Z
2026-07-11T19:29:37Z,2026-07-11T21:29:37+0200,1d83aeba-7d53-466c-9cd8-cde3940d84cc,2026-06-12T03:15:00Z,2026-06-12T05:15:00+0200,886.71997,MW,FR,FR,forecast_offshore_wind_generation,Wind Offshore,2026-07-11T19:30:56Z
2026-07-11T19:29:37Z,2026-07-11T21:29:37+0200,1d83aeba-7d53-466c-9cd8-cde3940d84cc,2026-06-12T03:30:00Z,2026-06-12T05:30:00+0200,875.19995,MW,FR,FR,forecast_offshore_wind_generation,Wind Offshore,2026-07-11T19:30:56Z
2026-07-11T19:29:37Z,2026-07-11T21:29:37+0200,1d83aeba-7d53-466c-9cd8-cde3940d84cc,2026-06-12T03:45:00Z,2026-06-12T05:45:00+0200,863.75,MW,FR,FR,forecast_offshore_wind_generation,Wind Offshore,2026-07-11T19:30:56Z
2026-07-11T19:29:37Z,2026-07-11T21:29:37+0200,1d83aeba-7d53-466c-9cd8-cde3940d84cc,2026-06-12T04:00:00Z,2026-06-12T06:00:00+0200,852.30005,MW,FR,FR,forecast_offshore_wind_generation,Wind Offshore,2026-07-11T19:30:56Z
2026-07-11T19:29:37Z,2026-07-11T21:29:37+0200,1d83aeba-7d53-466c-9cd8-cde3940d84cc,2026-06-12T04:15:00Z,2026-06-12T06:15:00+0200,842.59998,MW,FR,FR,forecast_offshore_wind_generation,Wind Offshore,2026-07-11T19:30:56Z
2026-07-11T19:29:37Z,2026-07-11T21:29:37+0200,1d83aeba-7d53-466c-9cd8-cde3940d84cc,2026-06-12T04:30:00Z,2026-06-12T06:30:00+0200,832.90997,MW,FR,FR,forecast_offshore_wind_generation,Wind Offshore,2026-07-11T19:30:56Z
2026-07-11T19:29:37Z,2026-07-11T21:29:37+0200,1d83aeba-7d53-466c-9cd8-cde3940d84cc,2026-06-12T04:45:00Z,2026-06-12T06:45:00+0200,823.26001,MW,FR,FR,forecast_offshore_wind_generation,Wind Offshore,2026-07-11T19:30:56Z
2026-07-11T19:29:37Z,2026-07-11T21:29:37+0200,1d83aeba-7d53-466c-9cd8-cde3940d84cc,2026-06-12T05:00:00Z,2026-06-12T07:00:00+0200,813.63,MW,FR,FR,forecast_offshore_wind_generation,Wind Offshore,2026-07-11T19:30:56Z
2026-07-11T19:29:37Z,2026-07-11T21:29:37+0200,1d83aeba-7d53-466c-9cd8-cde3940d84cc,2026-06-12T05:15:00Z,2026-06-12T07:15:00+0200,795.37,MW,FR,FR,forecast_offshore_wind_generation,Wind Offshore,2026-07-11T19:30:56Z
2026-07-11T19:29:37Z,2026-07-11T21:29:37+0200,1d83aeba-7d53-466c-9cd8-cde3940d84cc,2026-06-12T05:30:00Z,2026-06-12T07:30:00+0200,777.12,MW,FR,FR,forecast_offshore_wind_generation,Wind Offshore,2026-07-11T19:30:56Z
2026-07-11T19:29:37Z,2026-07-11T21:29:37+0200,1d83aeba-7d53-466c-9cd8-cde3940d84cc,2026-06-12T05:45:00Z,2026-06-12T07:45:00+0200,758.93994,MW,FR,FR,forecast_offshore_wind_generation,Wind Offshore,2026-07-11T19:30:56Z
2026-07-11T19:29:37Z,2026-07-11T21:29:37+0200,1d83aeba-7d53-466c-9cd8-cde3940d84cc,2026-06-12T06:00:00Z,2026-06-12T08:00:00+0200,740.73999,MW,FR,FR,forecast_offshore_wind_generation,Wind Offshore,2026-07-11T19:30:56Z
2026-07-11T19:29:37Z,2026-07-11T21:29:37+0200,1d83aeba-7d53-466c-9cd8-cde3940d84cc,2026-06-12T06:15:00Z,2026-06-12T08:15:00+0200,737.03003,MW,FR,FR,forecast_offshore_wind_generation,Wind Offshore,2026-07-11T19:30:56Z
2026-07-11T19:29:37Z,2026-07-11T21:29:37+0200,1d83aeba-7d53-466c-9cd8-cde3940d84cc,2026-06-12T06:30:00Z,2026-06-12T08:30:00+0200,733.32001,MW,FR,FR,forecast_offshore_wind_generation,Wind Offshore,2026-07-11T19:30:56Z
2026-07-11T19:29:37Z,2026-07-11T21:29:37+0200,1d83aeba-7d53-466c-9cd8-cde3940d84cc,2026-06-12T06:45:00Z,2026-06-12T08:45:00+0200,729.63,MW,FR,FR,forecast_offshore_wind_generation,Wind Offshore,2026-07-11T19:30:56Z
2026-07-11T19:29:37Z,2026-07-11T21:29:37+0200,1d83aeba-7d53-466c-9cd8-cde3940d84cc,2026-06-12T07:00:00Z,2026-06-12T09:00:00+0200,725.96997,MW,FR,FR,forecast_offshore_wind_generation,Wind Offshore,2026-07-11T19:30:56Z
2026-07-11T19:29:37Z,2026-07-11T21:29:37+0200,1d83aeba-7d53-466c-9cd8-cde3940d84cc,2026-06-12T07:15:00Z,2026-06-12T09:15:00+0200,714.97003,MW,FR,FR,forecast_offshore_wind_generation,Wind Offshore,2026-07-11T19:30:56Z
2026-07-11T19:29:37Z,2026-07-11T21:29:37+0200,1d83aeba-7d53-466c-9cd8-cde3940d84cc,2026-06-12T07:30:00Z,2026-06-12T09:30:00+0200,703.99005,MW,FR,FR,forecast_offshore_wind_generation,Wind Offshore,2026-07-11T19:30:56Z
2026-07-11T19:29:37Z,2026-07-11T21:29:37+0200,1d83aeba-7d53-466c-9cd8-cde3940d84cc,2026-06-12T07:45:00Z,2026-06-12T09:45:00+0200,693.02997,MW,FR,FR,forecast_offshore_wind_generation,Wind Offshore,2026-07-11T19:30:56Z
2026-07-11T19:29:37Z,2026-07-11T21:29:37+0200,1d83aeba-7d53-466c-9cd8-cde3940d84cc,2026-06-12T08:00:00Z,2026-06-12T10:00:00+0200,682.04999,MW,FR,FR,forecast_offshore_wind_generation,Wind Offshore,2026-07-11T19:30:56Z
2026-07-11T19:29:37Z,2026-07-11T21:29:37+0200,1d83aeba-7d53-466c-9cd8-cde3940d84cc,2026-06-12T08:15:00Z,2026-06-12T10:15:00+0200,664.91998,MW,FR,FR,forecast_offshore_wind_generation,Wind Offshore,2026-07-11T19:30:56Z
2026-07-11T19:29:37Z,2026-07-11T21:29:37+0200,1d83aeba-7d53-466c-9cd8-cde3940d84cc,2026-06-12T08:30:00Z,2026-06-12T10:30:00+0200,647.77002,MW,FR,FR,forecast_offshore_wind_generation,Wind Offshore,2026-07-11T19:30:56Z
2026-07-11T19:29:37Z,2026-07-11T21:29:37+0200,1d83aeba-7d53-466c-9cd8-cde3940d84cc,2026-06-12T08:45:00Z,2026-06-12T10:45:00+0200,630.64001,MW,FR,FR,forecast_offshore_wind_generation,Wind Offshore,2026-07-11T19:30:56Z
2026-07-11T19:29:37Z,2026-07-11T21:29:37+0200,1d83aeba-7d53-466c-9cd8-cde3940d84cc,2026-06-12T09:00:00Z,2026-06-12T11:00:00+0200,613.51001,MW,FR,FR,forecast_offshore_wind_generation,Wind Offshore,2026-07-11T19:30:56Z
2026-07-11T19:29:37Z,2026-07-11T21:29:37+0200,1d83aeba-7d53-466c-9cd8-cde3940d84cc,2026-06-12T09:15:00Z,2026-06-12T11:15:00+0200,609.88,MW,FR,FR,forecast_offshore_wind_generation,Wind Offshore,2026-07-11T19:30:56Z
2026-07-11T19:29:37Z,2026-07-11T21:29:37+0200,1d83aeba-7d53-466c-9cd8-cde3940d84cc,2026-06-12T09:30:00Z,2026-06-12T11:30:00+0200,606.27002,MW,FR,FR,forecast_offshore_wind_generation,Wind Offshore,2026-07-11T19:30:56Z
2026-07-11T19:29:37Z,2026-07-11T21:29:37+0200,1d83aeba-7d53-466c-9cd8-cde3940d84cc,2026-06-12T09:45:00Z,2026-06-12T11:45:00+0200,602.64001,MW,FR,FR,forecast_offshore_wind_generation,Wind Offshore,2026-07-11T19:30:56Z
2026-07-11T19:29:37Z,2026-07-11T21:29:37+0200,1d83aeba-7d53-466c-9cd8-cde3940d84cc,2026-06-12T10:00:00Z,2026-06-12T12:00:00+0200,599.02002,MW,FR,FR,forecast_offshore_wind_generation,Wind Offshore,2026-07-11T19:30:56Z
2026-07-11T19:29:37Z,2026-07-11T21:29:37+0200,1d83aeba-7d53-466c-9cd8-cde3940d84cc,2026-06-12T10:15:00Z,2026-06-12T12:15:00+0200,600.82001,MW,FR,FR,forecast_offshore_wind_generation,Wind Offshore,2026-07-11T19:30:56Z
2026-07-11T19:29:37Z,2026-07-11T21:29:37+0200,1d83aeba-7d53-466c-9cd8-cde3940d84cc,2026-06-12T10:30:00Z,2026-06-12T12:30:00+0200,602.62,MW,FR,FR,forecast_offshore_wind_generation,Wind Offshore,2026-07-11T19:30:56Z
2026-07-11T19:29:37Z,2026-07-11T21:29:37+0200,1d83aeba-7d53-466c-9cd8-cde3940d84cc,2026-06-12T10:45:00Z,2026-06-12T12:45:00+0200,604.42004,MW,FR,FR,forecast_offshore_wind_generation,Wind Offshore,2026-07-11T19:30:56Z
2026-07-11T19:29:37Z,2026-07-11T21:29:37+0200,1d83aeba-7d53-466c-9cd8-cde3940d84cc,2026-06-12T11:00:00Z,2026-06-12T13:00:00+0200,606.20996,MW,FR,FR,forecast_offshore_wind_generation,Wind Offshore,2026-07-11T19:30:56Z
2026-07-11T19:29:37Z,2026-07-11T21:29:37+0200,1d83aeba-7d53-466c-9cd8-cde3940d84cc,2026-06-12T11:15:00Z,2026-06-12T13:15:00+0200,617.97998,MW,FR,FR,forecast_offshore_wind_generation,Wind Offshore,2026-07-11T19:30:56Z
2026-07-11T19:29:37Z,2026-07-11T21:29:37+0200,1d83aeba-7d53-466c-9cd8-cde3940d84cc,2026-06-12T11:30:00Z,2026-06-12T13:30:00+0200,629.76001,MW,FR,FR,forecast_offshore_wind_generation,Wind Offshore,2026-07-11T19:30:56Z
2026-07-11T19:29:37Z,2026-07-11T21:29:37+0200,1d83aeba-7d53-466c-9cd8-cde3940d84cc,2026-06-12T11:45:00Z,2026-06-12T13:45:00+0200,641.52997,MW,FR,FR,forecast_offshore_wind_generation,Wind Offshore,2026-07-11T19:30:56Z
2026-07-11T19:29:37Z,2026-07-11T21:29:37+0200,1d83aeba-7d53-466c-9cd8-cde3940d84cc,2026-06-12T12:00:00Z,2026-06-12T14:00:00+0200,653.29999,MW,FR,FR,forecast_offshore_wind_generation,Wind Offshore,2026-07-11T19:30:56Z
2026-07-11T19:29:37Z,2026-07-11T21:29:37+0200,1d83aeba-7d53-466c-9cd8-cde3940d84cc,2026-06-12T12:15:00Z,2026-06-12T14:15:00+0200,666.91003,MW,FR,FR,forecast_offshore_wind_generation,Wind Offshore,2026-07-11T19:30:56Z
2026-07-11T19:29:37Z,2026-07-11T21:29:37+0200,1d83aeba-7d53-466c-9cd8-cde3940d84cc,2026-06-12T12:30:00Z,2026-06-12T14:30:00+0200,680.52997,MW,FR,FR,forecast_offshore_wind_generation,Wind Offshore,2026-07-11T19:30:56Z
2026-07-11T19:29:37Z,2026-07-11T21:29:37+0200,1d83aeba-7d53-466c-9cd8-cde3940d84cc,2026-06-12T12:45:00Z,2026-06-12T14:45:00+0200,694.14001,MW,FR,FR,forecast_offshore_wind_generation,Wind Offshore,2026-07-11T19:30:56Z
2026-07-11T19:29:37Z,2026-07-11T21:29:37+0200,1d83aeba-7d53-466c-9cd8-cde3940d84cc,2026-06-12T13:00:00Z,2026-06-12T15:00:00+0200,707.73999,MW,FR,FR,forecast_offshore_wind_generation,Wind Offshore,2026-07-11T19:30:56Z
2026-07-11T19:29:37Z,2026-07-11T21:29:37+0200,1d83aeba-7d53-466c-9cd8-cde3940d84cc,2026-06-12T13:15:00Z,2026-06-12T15:15:00+0200,719.02002,MW,FR,FR,forecast_offshore_wind_generation,Wind Offshore,2026-07-11T19:30:56Z
2026-07-11T19:29:37Z,2026-07-11T21:29:37+0200,1d83aeba-7d53-466c-9cd8-cde3940d84cc,2026-06-12T13:30:00Z,2026-06-12T15:30:00+0200,730.29999,MW,FR,FR,forecast_offshore_wind_generation,Wind Offshore,2026-07-11T19:30:56Z
2026-07-11T19:29:37Z,2026-07-11T21:29:37+0200,1d83aeba-7d53-466c-9cd8-cde3940d84cc,2026-06-12T13:45:00Z,2026-06-12T15:45:00+0200,741.54999,MW,FR,FR,forecast_offshore_wind_generation,Wind Offshore,2026-07-11T19:30:56Z
2026-07-11T19:29:37Z,2026-07-11T21:29:37+0200,1d83aeba-7d53-466c-9cd8-cde3940d84cc,2026-06-12T14:00:00Z,2026-06-12T16:00:00+0200,752.78003,MW,FR,FR,forecast_offshore_wind_generation,Wind Offshore,2026-07-11T19:30:56Z
2026-07-11T19:29:37Z,2026-07-11T21:29:37+0200,1d83aeba-7d53-466c-9cd8-cde3940d84cc,2026-06-12T14:15:00Z,2026-06-12T16:15:00+0200,753.76001,MW,FR,FR,forecast_offshore_wind_generation,Wind Offshore,2026-07-11T19:30:56Z
2026-07-11T19:29:37Z,2026-07-11T21:29:37+0200,1d83aeba-7d53-466c-9cd8-cde3940d84cc,2026-06-12T14:30:00Z,2026-06-12T16:30:00+0200,754.71997,MW,FR,FR,forecast_offshore_wind_generation,Wind Offshore,2026-07-11T19:30:56Z
2026-07-11T19:29:37Z,2026-07-11T21:29:37+0200,1d83aeba-7d53-466c-9cd8-cde3940d84cc,2026-06-12T14:45:00Z,2026-06-12T16:45:00+0200,755.66003,MW,FR,FR,forecast_offshore_wind_generation,Wind Offshore,2026-07-11T19:30:56Z
2026-07-11T19:29:37Z,2026-07-11T21:29:37+0200,1d83aeba-7d53-466c-9cd8-cde3940d84cc,2026-06-12T15:00:00Z,2026-06-12T17:00:00+0200,756.58997,MW,FR,FR,forecast_offshore_wind_generation,Wind Offshore,2026-07-11T19:30:56Z
2026-07-11T19:29:37Z,2026-07-11T21:29:37+0200,1d83aeba-7d53-466c-9cd8-cde3940d84cc,2026-06-12T15:15:00Z,2026-06-12T17:15:00+0200,758.74005,MW,FR,FR,forecast_offshore_wind_generation,Wind Offshore,2026-07-11T19:30:56Z
2026-07-11T19:29:37Z,2026-07-11T21:29:37+0200,1d83aeba-7d53-466c-9cd8-cde3940d84cc,2026-06-12T15:30:00Z,2026-06-12T17:30:00+0200,760.87006,MW,FR,FR,forecast_offshore_wind_generation,Wind Offshore,2026-07-11T19:30:56Z
2026-07-11T19:29:37Z,2026-07-11T21:29:37+0200,1d83aeba-7d53-466c-9cd8-cde3940d84cc,2026-06-12T15:45:00Z,2026-06-12T17:45:00+0200,762.97998,MW,FR,FR,forecast_offshore_wind_generation,Wind Offshore,2026-07-11T19:30:56Z
2026-07-11T19:29:37Z,2026-07-11T21:29:37+0200,1d83aeba-7d53-466c-9cd8-cde3940d84cc,2026-06-12T16:00:00Z,2026-06-12T18:00:00+0200,765.10004,MW,FR,FR,forecast_offshore_wind_generation,Wind Offshore,2026-07-11T19:30:56Z
2026-07-11T19:29:37Z,2026-07-11T21:29:37+0200,1d83aeba-7d53-466c-9cd8-cde3940d84cc,2026-06-12T16:15:00Z,2026-06-12T18:15:00+0200,760.20996,MW,FR,FR,forecast_offshore_wind_generation,Wind Offshore,2026-07-11T19:30:56Z
2026-07-11T19:29:37Z,2026-07-11T21:29:37+0200,1d83aeba-7d53-466c-9cd8-cde3940d84cc,2026-06-12T16:30:00Z,2026-06-12T18:30:00+0200,755.33002,MW,FR,FR,forecast_offshore_wind_generation,Wind Offshore,2026-07-11T19:30:56Z
2026-07-11T19:29:37Z,2026-07-11T21:29:37+0200,1d83aeba-7d53-466c-9cd8-cde3940d84cc,2026-06-12T16:45:00Z,2026-06-12T18:45:00+0200,750.42004,MW,FR,FR,forecast_offshore_wind_generation,Wind Offshore,2026-07-11T19:30:56Z
2026-07-11T19:29:37Z,2026-07-11T21:29:37+0200,1d83aeba-7d53-466c-9cd8-cde3940d84cc,2026-06-12T17:00:00Z,2026-06-12T19:00:00+0200,745.51001,MW,FR,FR,forecast_offshore_wind_generation,Wind Offshore,2026-07-11T19:30:56Z
2026-07-11T19:29:37Z,2026-07-11T21:29:37+0200,1d83aeba-7d53-466c-9cd8-cde3940d84cc,2026-06-12T17:15:00Z,2026-06-12T19:15:00+0200,739.17004,MW,FR,FR,forecast_offshore_wind_generation,Wind Offshore,2026-07-11T19:30:56Z
2026-07-11T19:29:37Z,2026-07-11T21:29:37+0200,1d83aeba-7d53-466c-9cd8-cde3940d84cc,2026-06-12T17:30:00Z,2026-06-12T19:30:00+0200,732.85999,MW,FR,FR,forecast_offshore_wind_generation,Wind Offshore,2026-07-11T19:30:56Z
2026-07-11T19:29:37Z,2026-07-11T21:29:37+0200,1d83aeba-7d53-466c-9cd8-cde3940d84cc,2026-06-12T17:45:00Z,2026-06-12T19:45:00+0200,726.48999,MW,FR,FR,forecast_offshore_wind_generation,Wind Offshore,2026-07-11T19:30:56Z
2026-07-11T19:29:37Z,2026-07-11T21:29:37+0200,1d83aeba-7d53-466c-9cd8-cde3940d84cc,2026-06-12T18:00:00Z,2026-06-12T20:00:00+0200,720.13,MW,FR,FR,forecast_offshore_wind_generation,Wind Offshore,2026-07-11T19:30:56Z
2026-07-11T19:29:37Z,2026-07-11T21:29:37+0200,1d83aeba-7d53-466c-9cd8-cde3940d84cc,2026-06-12T18:15:00Z,2026-06-12T20:15:00+0200,715.58002,MW,FR,FR,forecast_offshore_wind_generation,Wind Offshore,2026-07-11T19:30:56Z
2026-07-11T19:29:37Z,2026-07-11T21:29:37+0200,1d83aeba-7d53-466c-9cd8-cde3940d84cc,2026-06-12T18:30:00Z,2026-06-12T20:30:00+0200,711.04999,MW,FR,FR,forecast_offshore_wind_generation,Wind Offshore,2026-07-11T19:30:56Z
2026-07-11T19:29:37Z,2026-07-11T21:29:37+0200,1d83aeba-7d53-466c-9cd8-cde3940d84cc,2026-06-12T18:45:00Z,2026-06-12T20:45:00+0200,706.53003,MW,FR,FR,forecast_offshore_wind_generation,Wind Offshore,2026-07-11T19:30:56Z
2026-07-11T19:29:37Z,2026-07-11T21:29:37+0200,1d83aeba-7d53-466c-9cd8-cde3940d84cc,2026-06-12T19:00:00Z,2026-06-12T21:00:00+0200,702.02002,MW,FR,FR,forecast_offshore_wind_generation,Wind Offshore,2026-07-11T19:30:56Z
2026-07-11T19:29:37Z,2026-07-11T21:29:37+0200,1d83aeba-7d53-466c-9cd8-cde3940d84cc,2026-06-12T19:15:00Z,2026-06-12T21:15:00+0200,702.39001,MW,FR,FR,forecast_offshore_wind_generation,Wind Offshore,2026-07-11T19:30:56Z
2026-07-11T19:29:37Z,2026-07-11T21:29:37+0200,1d83aeba-7d53-466c-9cd8-cde3940d84cc,2026-06-12T19:30:00Z,2026-06-12T21:30:00+0200,702.74005,MW,FR,FR,forecast_offshore_wind_generation,Wind Offshore,2026-07-11T19:30:56Z
2026-07-11T19:29:37Z,2026-07-11T21:29:37+0200,1d83aeba-7d53-466c-9cd8-cde3940d84cc,2026-06-12T19:45:00Z,2026-06-12T21:45:00+0200,703.13995,MW,FR,FR,forecast_offshore_wind_generation,Wind Offshore,2026-07-11T19:30:56Z
2026-07-11T19:29:37Z,2026-07-11T21:29:37+0200,1d83aeba-7d53-466c-9cd8-cde3940d84cc,2026-06-12T20:00:00Z,2026-06-12T22:00:00+0200,703.54004,MW,FR,FR,forecast_offshore_wind_generation,Wind Offshore,2026-07-11T19:30:56Z
2026-07-11T19:29:37Z,2026-07-11T21:29:37+0200,1d83aeba-7d53-466c-9cd8-cde3940d84cc,2026-06-12T20:15:00Z,2026-06-12T22:15:00+0200,697.58997,MW,FR,FR,forecast_offshore_wind_generation,Wind Offshore,2026-07-11T19:30:56Z
2026-07-11T19:29:37Z,2026-07-11T21:29:37+0200,1d83aeba-7d53-466c-9cd8-cde3940d84cc,2026-06-12T20:30:00Z,2026-06-12T22:30:00+0200,691.63,MW,FR,FR,forecast_offshore_wind_generation,Wind Offshore,2026-07-11T19:30:56Z
2026-07-11T19:29:37Z,2026-07-11T21:29:37+0200,1d83aeba-7d53-466c-9cd8-cde3940d84cc,2026-06-12T20:45:00Z,2026-06-12T22:45:00+0200,685.72998,MW,FR,FR,forecast_offshore_wind_generation,Wind Offshore,2026-07-11T19:30:56Z
2026-07-11T19:29:37Z,2026-07-11T21:29:37+0200,1d83aeba-7d53-466c-9cd8-cde3940d84cc,2026-06-12T21:00:00Z,2026-06-12T23:00:00+0200,679.83002,MW,FR,FR,forecast_offshore_wind_generation,Wind Offshore,2026-07-11T19:30:56Z
2026-07-11T19:29:37Z,2026-07-11T21:29:37+0200,1d83aeba-7d53-466c-9cd8-cde3940d84cc,2026-06-12T21:15:00Z,2026-06-12T23:15:00+0200,665.60004,MW,FR,FR,forecast_offshore_wind_generation,Wind Offshore,2026-07-11T19:30:56Z
2026-07-11T19:29:37Z,2026-07-11T21:29:37+0200,1d83aeba-7d53-466c-9cd8-cde3940d84cc,2026-06-12T21:30:00Z,2026-06-12T23:30:00+0200,651.34998,MW,FR,FR,forecast_offshore_wind_generation,Wind Offshore,2026-07-11T19:30:56Z
2026-07-11T19:29:37Z,2026-07-11T21:29:37+0200,1d83aeba-7d53-466c-9cd8-cde3940d84cc,2026-06-12T21:45:00Z,2026-06-12T23:45:00+0200,637.17004,MW,FR,FR,forecast_offshore_wind_generation,Wind Offshore,2026-07-11T19:30:56Z
2026-07-11T19:29:37Z,2026-07-11T21:29:37+0200,1d83aeba-7d53-466c-9cd8-cde3940d84cc,2026-06-12T22:00:00Z,2026-06-13T00:00:00+0200,828.58997,MW,FR,FR,forecast_offshore_wind_generation,Wind Offshore,2026-07-11T19:30:56Z
2026-07-11T19:29:37Z,2026-07-11T21:29:37+0200,1d83aeba-7d53-466c-9cd8-cde3940d84cc,2026-06-12T22:15:00Z,2026-06-13T00:15:00+0200,816.73999,MW,FR,FR,forecast_offshore_wind_generation,Wind Offshore,2026-07-11T19:30:56Z
2026-07-11T19:29:37Z,2026-07-11T21:29:37+0200,1d83aeba-7d53-466c-9cd8-cde3940d84cc,2026-06-12T22:30:00Z,2026-06-13T00:30:00+0200,804.91998,MW,FR,FR,forecast_offshore_wind_generation,Wind Offshore,2026-07-11T19:30:56Z
2026-07-11T19:29:37Z,2026-07-11T21:29:37+0200,1d83aeba-7d53-466c-9cd8-cde3940d84cc,2026-06-12T22:45:00Z,2026-06-13T00:45:00+0200,793.10004,MW,FR,FR,forecast_offshore_wind_generation,Wind Offshore,2026-07-11T19:30:56Z
2026-07-11T19:29:37Z,2026-07-11T21:29:37+0200,1d83aeba-7d53-466c-9cd8-cde3940d84cc,2026-06-12T23:00:00Z,2026-06-13T01:00:00+0200,781.31006,MW,FR,FR,forecast_offshore_wind_generation,Wind Offshore,2026-07-11T19:30:56Z
2026-07-11T19:29:37Z,2026-07-11T21:29:37+0200,1d83aeba-7d53-466c-9cd8-cde3940d84cc,2026-06-12T23:15:00Z,2026-06-13T01:15:00+0200,756.22003,MW,FR,FR,forecast_offshore_wind_generation,Wind Offshore,2026-07-11T19:30:56Z
2026-07-11T19:29:37Z,2026-07-11T21:29:37+0200,1d83aeba-7d53-466c-9cd8-cde3940d84cc,2026-06-12T23:30:00Z,2026-06-13T01:30:00+0200,731.09998,MW,FR,FR,forecast_offshore_wind_generation,Wind Offshore,2026-07-11T19:30:56Z
2026-07-11T19:29:37Z,2026-07-11T21:29:37+0200,1d83aeba-7d53-466c-9cd8-cde3940d84cc,2026-06-12T23:45:00Z,2026-06-13T01:45:00+0200,706.03003,MW,FR,FR,forecast_offshore_wind_generation,Wind Offshore,2026-07-11T19:30:56Z
2026-07-11T19:29:37Z,2026-07-11T21:29:37+0200,1d83aeba-7d53-466c-9cd8-cde3940d84cc,2026-06-13T00:00:00Z,2026-06-13T02:00:00+0200,680.94006,MW,FR,FR,forecast_offshore_wind_generation,Wind Offshore,2026-07-11T19:30:56Z
2026-07-11T19:29:37Z,2026-07-11T21:29:37+0200,1d83aeba-7d53-466c-9cd8-cde3940d84cc,2026-06-13T00:15:00Z,2026-06-13T02:15:00+0200,662.94,MW,FR,FR,forecast_offshore_wind_generation,Wind Offshore,2026-07-11T19:30:56Z
2026-07-11T19:29:37Z,2026-07-11T21:29:37+0200,1d83aeba-7d53-466c-9cd8-cde3940d84cc,2026-06-13T00:30:00Z,2026-06-13T02:30:00+0200,644.93994,MW,FR,FR,forecast_offshore_wind_generation,Wind Offshore,2026-07-11T19:30:56Z
2026-07-11T19:29:37Z,2026-07-11T21:29:37+0200,1d83aeba-7d53-466c-9cd8-cde3940d84cc,2026-06-13T00:45:00Z,2026-06-13T02:45:00+0200,626.92004,MW,FR,FR,forecast_offshore_wind_generation,Wind Offshore,2026-07-11T19:30:56Z
2026-07-11T19:29:37Z,2026-07-11T21:29:37+0200,1d83aeba-7d53-466c-9cd8-cde3940d84cc,2026-06-13T01:00:00Z,2026-06-13T03:00:00+0200,608.91998,MW,FR,FR,forecast_offshore_wind_generation,Wind Offshore,2026-07-11T19:30:56Z
2026-07-11T19:29:37Z,2026-07-11T21:29:37+0200,1d83aeba-7d53-466c-9cd8-cde3940d84cc,2026-06-13T01:15:00Z,2026-06-13T03:15:00+0200,598.01001,MW,FR,FR,forecast_offshore_wind_generation,Wind Offshore,2026-07-11T19:30:56Z
2026-07-11T19:29:37Z,2026-07-11T21:29:37+0200,1d83aeba-7d53-466c-9cd8-cde3940d84cc,2026-06-13T01:30:00Z,2026-06-13T03:30:00+0200,587.09003,MW,FR,FR,forecast_offshore_wind_generation,Wind Offshore,2026-07-11T19:30:56Z
2026-07-11T19:29:37Z,2026-07-11T21:29:37+0200,1d83aeba-7d53-466c-9cd8-cde3940d84cc,2026-06-13T01:45:00Z,2026-06-13T03:45:00+0200,576.17004,MW,FR,FR,forecast_offshore_wind_generation,Wind Offshore,2026-07-11T19:30:56Z
2026-07-11T19:29:37Z,2026-07-11T21:29:37+0200,1d83aeba-7d53-466c-9cd8-cde3940d84cc,2026-06-13T02:00:00Z,2026-06-13T04:00:00+0200,565.26001,MW,FR,FR,forecast_offshore_wind_generation,Wind Offshore,2026-07-11T19:30:56Z
2026-07-11T19:29:37Z,2026-07-11T21:29:37+0200,1d83aeba-7d53-466c-9cd8-cde3940d84cc,2026-06-13T02:15:00Z,2026-06-13T04:15:00+0200,557.64996,MW,FR,FR,forecast_offshore_wind_generation,Wind Offshore,2026-07-11T19:30:56Z
2026-07-11T19:29:37Z,2026-07-11T21:29:37+0200,1d83aeba-7d53-466c-9cd8-cde3940d84cc,2026-06-13T02:30:00Z,2026-06-13T04:30:00+0200,550.04004,MW,FR,FR,forecast_offshore_wind_generation,Wind Offshore,2026-07-11T19:30:56Z
2026-07-11T19:29:37Z,2026-07-11T21:29:37+0200,1d83aeba-7d53-466c-9cd8-cde3940d84cc,2026-06-13T02:45:00Z,2026-06-13T04:45:00+0200,542.44995,MW,FR,FR,forecast_offshore_wind_generation,Wind Offshore,2026-07-11T19:30:56Z
2026-07-11T19:29:37Z,2026-07-11T21:29:37+0200,1d83aeba-7d53-466c-9cd8-cde3940d84cc,2026-06-13T03:00:00Z,2026-06-13T05:00:00+0200,534.84003,MW,FR,FR,forecast_offshore_wind_generation,Wind Offshore,2026-07-11T19:30:56Z
2026-07-11T19:29:37Z,2026-07-11T21:29:37+0200,1d83aeba-7d53-466c-9cd8-cde3940d84cc,2026-06-13T03:15:00Z,2026-06-13T05:15:00+0200,534.78003,MW,FR,FR,forecast_offshore_wind_generation,Wind Offshore,2026-07-11T19:30:56Z
2026-07-11T19:29:37Z,2026-07-11T21:29:37+0200,1d83aeba-7d53-466c-9cd8-cde3940d84cc,2026-06-13T03:30:00Z,2026-06-13T05:30:00+0200,534.72998,MW,FR,FR,forecast_offshore_wind_generation,Wind Offshore,2026-07-11T19:30:56Z
2026-07-11T19:29:37Z,2026-07-11T21:29:37+0200,1d83aeba-7d53-466c-9cd8-cde3940d84cc,2026-06-13T03:45:00Z,2026-06-13T05:45:00+0200,534.66998,MW,FR,FR,forecast_offshore_wind_generation,Wind Offshore,2026-07-11T19:30:56Z
2026-07-11T19:29:37Z,2026-07-11T21:29:37+0200,1d83aeba-7d53-466c-9cd8-cde3940d84cc,2026-06-13T04:00:00Z,2026-06-13T06:00:00+0200,534.63,MW,FR,FR,forecast_offshore_wind_generation,Wind Offshore,2026-07-11T19:30:56Z
2026-07-11T19:29:37Z,2026-07-11T21:29:37+0200,1d83aeba-7d53-466c-9cd8-cde3940d84cc,2026-06-13T04:15:00Z,2026-06-13T06:15:00+0200,546.84998,MW,FR,FR,forecast_offshore_wind_generation,Wind Offshore,2026-07-11T19:30:56Z
2026-07-11T19:29:37Z,2026-07-11T21:29:37+0200,1d83aeba-7d53-466c-9cd8-cde3940d84cc,2026-06-13T04:30:00Z,2026-06-13T06:30:00+0200,559.07001,MW,FR,FR,forecast_offshore_wind_generation,Wind Offshore,2026-07-11T19:30:56Z
2026-07-11T19:29:37Z,2026-07-11T21:29:37+0200,1d83aeba-7d53-466c-9cd8-cde3940d84cc,2026-06-13T04:45:00Z,2026-06-13T06:45:00+0200,571.28998,MW,FR,FR,forecast_offshore_wind_generation,Wind Offshore,2026-07-11T19:30:56Z
2026-07-11T19:29:37Z,2026-07-11T21:29:37+0200,1d83aeba-7d53-466c-9cd8-cde3940d84cc,2026-06-13T05:00:00Z,2026-06-13T07:00:00+0200,583.52002,MW,FR,FR,forecast_offshore_wind_generation,Wind Offshore,2026-07-11T19:30:56Z
2026-07-11T19:29:37Z,2026-07-11T21:29:37+0200,1d83aeba-7d53-466c-9cd8-cde3940d84cc,2026-06-13T05:15:00Z,2026-06-13T07:15:00+0200,582.52002,MW,FR,FR,forecast_offshore_wind_generation,Wind Offshore,2026-07-11T19:30:56Z
2026-07-11T19:29:37Z,2026-07-11T21:29:37+0200,1d83aeba-7d53-466c-9cd8-cde3940d84cc,2026-06-13T05:30:00Z,2026-06-13T07:30:00+0200,581.51001,MW,FR,FR,forecast_offshore_wind_generation,Wind Offshore,2026-07-11T19:30:56Z
2026-07-11T19:29:37Z,2026-07-11T21:29:37+0200,1d83aeba-7d53-466c-9cd8-cde3940d84cc,2026-06-13T05:45:00Z,2026-06-13T07:45:00+0200,580.52002,MW,FR,FR,forecast_offshore_wind_generation,Wind Offshore,2026-07-11T19:30:56Z
2026-07-11T19:29:37Z,2026-07-11T21:29:37+0200,1d83aeba-7d53-466c-9cd8-cde3940d84cc,2026-06-13T06:00:00Z,2026-06-13T08:00:00+0200,579.53003,MW,FR,FR,forecast_offshore_wind_generation,Wind Offshore,2026-07-11T19:30:56Z
2026-07-11T19:29:37Z,2026-07-11T21:29:37+0200,1d83aeba-7d53-466c-9cd8-cde3940d84cc,2026-06-13T06:15:00Z,2026-06-13T08:15:00+0200,555.96002,MW,FR,FR,forecast_offshore_wind_generation,Wind Offshore,2026-07-11T19:30:56Z
2026-07-11T19:29:37Z,2026-07-11T21:29:37+0200,1d83aeba-7d53-466c-9cd8-cde3940d84cc,2026-06-13T06:30:00Z,2026-06-13T08:30:00+0200,532.38007,MW,FR,FR,forecast_offshore_wind_generation,Wind Offshore,2026-07-11T19:30:56Z
2026-07-11T19:29:37Z,2026-07-11T21:29:37+0200,1d83aeba-7d53-466c-9cd8-cde3940d84cc,2026-06-13T06:45:00Z,2026-06-13T08:45:00+0200,508.81,MW,FR,FR,forecast_offshore_wind_generation,Wind Offshore,2026-07-11T19:30:56Z
2026-07-11T19:29:37Z,2026-07-11T21:29:37+0200,1d83aeba-7d53-466c-9cd8-cde3940d84cc,2026-06-13T07:00:00Z,2026-06-13T09:00:00+0200,485.23999,MW,FR,FR,forecast_offshore_wind_generation,Wind Offshore,2026-07-11T19:30:56Z
2026-07-11T19:29:37Z,2026-07-11T21:29:37+0200,1d83aeba-7d53-466c-9cd8-cde3940d84cc,2026-06-13T07:15:00Z,2026-06-13T09:15:00+0200,102.32,MW,FR,FR,forecast_offshore_wind_generation,Wind Offshore,2026-07-11T19:30:56Z
2026-07-11T19:29:37Z,2026-07-11T21:29:37+0200,1d83aeba-7d53-466c-9cd8-cde3940d84cc,2026-06-13T07:30:00Z,2026-06-13T09:30:00+0200,101.59,MW,FR,FR,forecast_offshore_wind_generation,Wind Offshore,2026-07-11T19:30:56Z
2026-07-11T19:29:37Z,2026-07-11T21:29:37+0200,1d83aeba-7d53-466c-9cd8-cde3940d84cc,2026-06-13T07:45:00Z,2026-06-13T09:45:00+0200,100.86,MW,FR,FR,forecast_offshore_wind_generation,Wind Offshore,2026-07-11T19:30:56Z
2026-07-11T19:29:37Z,2026-07-11T21:29:37+0200,1d83aeba-7d53-466c-9cd8-cde3940d84cc,2026-06-13T08:00:00Z,2026-06-13T10:00:00+0200,100.14,MW,FR,FR,forecast_offshore_wind_generation,Wind Offshore,2026-07-11T19:30:56Z
2026-07-11T19:29:37Z,2026-07-11T21:29:37+0200,1d83aeba-7d53-466c-9cd8-cde3940d84cc,2026-06-13T08:15:00Z,2026-06-13T10:15:00+0200,98.89,MW,FR,FR,forecast_offshore_wind_generation,Wind Offshore,2026-07-11T19:30:56Z
2026-07-11T19:29:37Z,2026-07-11T21:29:37+0200,1d83aeba-7d53-466c-9cd8-cde3940d84cc,2026-06-13T08:30:00Z,2026-06-13T10:30:00+0200,97.2,MW,FR,FR,forecast_offshore_wind_generation,Wind Offshore,2026-07-11T19:30:56Z
2026-07-11T19:29:37Z,2026-07-11T21:29:37+0200,1d83aeba-7d53-466c-9cd8-cde3940d84cc,2026-06-13T08:45:00Z,2026-06-13T10:45:00+0200,95.5,MW,FR,FR,forecast_offshore_wind_generation,Wind Offshore,2026-07-11T19:30:56Z
2026-07-11T19:29:37Z,2026-07-11T21:29:37+0200,1d83aeba-7d53-466c-9cd8-cde3940d84cc,2026-06-13T09:00:00Z,2026-06-13T11:00:00+0200,93.79,MW,FR,FR,forecast_offshore_wind_generation,Wind Offshore,2026-07-11T19:30:56Z
2026-07-11T19:29:37Z,2026-07-11T21:29:37+0200,1d83aeba-7d53-466c-9cd8-cde3940d84cc,2026-06-13T09:15:00Z,2026-06-13T11:15:00+0200,92.74,MW,FR,FR,forecast_offshore_wind_generation,Wind Offshore,2026-07-11T19:30:56Z
2026-07-11T19:29:37Z,2026-07-11T21:29:37+0200,1d83aeba-7d53-466c-9cd8-cde3940d84cc,2026-06-13T09:30:00Z,2026-06-13T11:30:00+0200,91.68999,MW,FR,FR,forecast_offshore_wind_generation,Wind Offshore,2026-07-11T19:30:56Z
2026-07-11T19:29:37Z,2026-07-11T21:29:37+0200,1d83aeba-7d53-466c-9cd8-cde3940d84cc,2026-06-13T09:45:00Z,2026-06-13T11:45:00+0200,90.64,MW,FR,FR,forecast_offshore_wind_generation,Wind Offshore,2026-07-11T19:30:56Z
2026-07-11T19:29:37Z,2026-07-11T21:29:37+0200,1d83aeba-7d53-466c-9cd8-cde3940d84cc,2026-06-13T10:00:00Z,2026-06-13T12:00:00+0200,89.76,MW,FR,FR,forecast_offshore_wind_generation,Wind Offshore,2026-07-11T19:30:56Z
2026-07-11T19:29:37Z,2026-07-11T21:29:37+0200,1d83aeba-7d53-466c-9cd8-cde3940d84cc,2026-06-13T10:15:00Z,2026-06-13T12:15:00+0200,89.5,MW,FR,FR,forecast_offshore_wind_generation,Wind Offshore,2026-07-11T19:30:56Z
2026-07-11T19:29:37Z,2026-07-11T21:29:37+0200,1d83aeba-7d53-466c-9cd8-cde3940d84cc,2026-06-13T10:30:00Z,2026-06-13T12:30:00+0200,88.42,MW,FR,FR,forecast_offshore_wind_generation,Wind Offshore,2026-07-11T19:30:56Z
2026-07-11T19:29:37Z,2026-07-11T21:29:37+0200,1d83aeba-7d53-466c-9cd8-cde3940d84cc,2026-06-13T10:45:00Z,2026-06-13T12:45:00+0200,86.34999,MW,FR,FR,forecast_offshore_wind_generation,Wind Offshore,2026-07-11T19:30:56Z
2026-07-11T19:29:37Z,2026-07-11T21:29:37+0200,1d83aeba-7d53-466c-9cd8-cde3940d84cc,2026-06-13T11:00:00Z,2026-06-13T13:00:00+0200,84.23,MW,FR,FR,forecast_offshore_wind_generation,Wind Offshore,2026-07-11T19:30:56Z
2026-07-11T19:29:37Z,2026-07-11T21:29:37+0200,1d83aeba-7d53-466c-9cd8-cde3940d84cc,2026-06-13T11:15:00Z,2026-06-13T13:15:00+0200,82.17999,MW,FR,FR,forecast_offshore_wind_generation,Wind Offshore,2026-07-11T19:30:56Z
2026-07-11T19:29:37Z,2026-07-11T21:29:37+0200,1d83aeba-7d53-466c-9cd8-cde3940d84cc,2026-06-13T11:30:00Z,2026-06-13T13:30:00+0200,80.11,MW,FR,FR,forecast_offshore_wind_generation,Wind Offshore,2026-07-11T19:30:56Z
2026-07-11T19:29:37Z,2026-07-11T21:29:37+0200,1d83aeba-7d53-466c-9cd8-cde3940d84cc,2026-06-13T11:45:00Z,2026-06-13T13:45:00+0200,78.05,MW,FR,FR,forecast_offshore_wind_generation,Wind Offshore,2026-07-11T19:30:56Z
2026-07-11T19:29:37Z,2026-07-11T21:29:37+0200,1d83aeba-7d53-466c-9cd8-cde3940d84cc,2026-06-13T12:00:00Z,2026-06-13T14:00:00+0200,75.99001,MW,FR,FR,forecast_offshore_wind_generation,Wind Offshore,2026-07-11T19:30:56Z
2026-07-11T19:29:37Z,2026-07-11T21:29:37+0200,1d83aeba-7d53-466c-9cd8-cde3940d84cc,2026-06-13T12:15:00Z,2026-06-13T14:15:00+0200,74.46,MW,FR,FR,forecast_offshore_wind_generation,Wind Offshore,2026-07-11T19:30:56Z
2026-07-11T19:29:37Z,2026-07-11T21:29:37+0200,1d83aeba-7d53-466c-9cd8-cde3940d84cc,2026-06-13T12:30:00Z,2026-06-13T14:30:00+0200,73.15,MW,FR,FR,forecast_offshore_wind_generation,Wind Offshore,2026-07-11T19:30:56Z
2026-07-11T19:29:37Z,2026-07-11T21:29:37+0200,1d83aeba-7d53-466c-9cd8-cde3940d84cc,2026-06-13T12:45:00Z,2026-06-13T14:45:00+0200,71.88,MW,FR,FR,forecast_offshore_wind_generation,Wind Offshore,2026-07-11T19:30:56Z
2026-07-11T19:29:37Z,2026-07-11T21:29:37+0200,1d83aeba-7d53-466c-9cd8-cde3940d84cc,2026-06-13T13:00:00Z,2026-06-13T15:00:00+0200,70.59,MW,FR,FR,forecast_offshore_wind_generation,Wind Offshore,2026-07-11T19:30:56Z
2026-07-11T19:29:37Z,2026-07-11T21:29:37+0200,1d83aeba-7d53-466c-9cd8-cde3940d84cc,2026-06-13T13:15:00Z,2026-06-13T15:15:00+0200,70.3,MW,FR,FR,forecast_offshore_wind_generation,Wind Offshore,2026-07-11T19:30:56Z
2026-07-11T19:29:37Z,2026-07-11T21:29:37+0200,1d83aeba-7d53-466c-9cd8-cde3940d84cc,2026-06-13T13:30:00Z,2026-06-13T15:30:00+0200,70.00999,MW,FR,FR,forecast_offshore_wind_generation,Wind Offshore,2026-07-11T19:30:56Z
2026-07-11T19:29:37Z,2026-07-11T21:29:37+0200,1d83aeba-7d53-466c-9cd8-cde3940d84cc,2026-06-13T13:45:00Z,2026-06-13T15:45:00+0200,69.75,MW,FR,FR,forecast_offshore_wind_generation,Wind Offshore,2026-07-11T19:30:56Z
2026-07-11T19:29:37Z,2026-07-11T21:29:37+0200,1d83aeba-7d53-466c-9cd8-cde3940d84cc,2026-06-13T14:00:00Z,2026-06-13T16:00:00+0200,69.47,MW,FR,FR,forecast_offshore_wind_generation,Wind Offshore,2026-07-11T19:30:56Z
2026-07-11T19:29:37Z,2026-07-11T21:29:37+0200,1d83aeba-7d53-466c-9cd8-cde3940d84cc,2026-06-13T14:15:00Z,2026-06-13T16:15:00+0200,70.91,MW,FR,FR,forecast_offshore_wind_generation,Wind Offshore,2026-07-11T19:30:56Z
2026-07-11T19:29:37Z,2026-07-11T21:29:37+0200,1d83aeba-7d53-466c-9cd8-cde3940d84cc,2026-06-13T14:30:00Z,2026-06-13T16:30:00+0200,72.33,MW,FR,FR,forecast_offshore_wind_generation,Wind Offshore,2026-07-11T19:30:56Z
2026-07-11T19:29:37Z,2026-07-11T21:29:37+0200,1d83aeba-7d53-466c-9cd8-cde3940d84cc,2026-06-13T14:45:00Z,2026-06-13T16:45:00+0200,73.77,MW,FR,FR,forecast_offshore_wind_generation,Wind Offshore,2026-07-11T19:30:56Z
2026-07-11T19:29:37Z,2026-07-11T21:29:37+0200,1d83aeba-7d53-466c-9cd8-cde3940d84cc,2026-06-13T15:00:00Z,2026-06-13T17:00:00+0200,75.22,MW,FR,FR,forecast_offshore_wind_generation,Wind Offshore,2026-07-11T19:30:56Z
2026-07-11T19:29:37Z,2026-07-11T21:29:37+0200,1d83aeba-7d53-466c-9cd8-cde3940d84cc,2026-06-13T15:15:00Z,2026-06-13T17:15:00+0200,75.76,MW,FR,FR,forecast_offshore_wind_generation,Wind Offshore,2026-07-11T19:30:56Z
2026-07-11T19:29:37Z,2026-07-11T21:29:37+0200,1d83aeba-7d53-466c-9cd8-cde3940d84cc,2026-06-13T15:30:00Z,2026-06-13T17:30:00+0200,75.38,MW,FR,FR,forecast_offshore_wind_generation,Wind Offshore,2026-07-11T19:30:56Z
2026-07-11T19:29:37Z,2026-07-11T21:29:37+0200,1d83aeba-7d53-466c-9cd8-cde3940d84cc,2026-06-13T15:45:00Z,2026-06-13T17:45:00+0200,74.81,MW,FR,FR,forecast_offshore_wind_generation,Wind Offshore,2026-07-11T19:30:56Z
2026-07-11T19:29:37Z,2026-07-11T21:29:37+0200,1d83aeba-7d53-466c-9cd8-cde3940d84cc,2026-06-13T16:00:00Z,2026-06-13T18:00:00+0200,74.21,MW,FR,FR,forecast_offshore_wind_generation,Wind Offshore,2026-07-11T19:30:56Z
2026-07-11T19:29:37Z,2026-07-11T21:29:37+0200,1d83aeba-7d53-466c-9cd8-cde3940d84cc,2026-06-13T16:15:00Z,2026-06-13T18:15:00+0200,282.99002,MW,FR,FR,forecast_offshore_wind_generation,Wind Offshore,2026-07-11T19:30:56Z
2026-07-11T19:29:37Z,2026-07-11T21:29:37+0200,1d83aeba-7d53-466c-9cd8-cde3940d84cc,2026-06-13T16:30:00Z,2026-06-13T18:30:00+0200,288.28998,MW,FR,FR,forecast_offshore_wind_generation,Wind Offshore,2026-07-11T19:30:56Z
2026-07-11T19:29:37Z,2026-07-11T21:29:37+0200,1d83aeba-7d53-466c-9cd8-cde3940d84cc,2026-06-13T16:45:00Z,2026-06-13T18:45:00+0200,293.57999,MW,FR,FR,forecast_offshore_wind_generation,Wind Offshore,2026-07-11T19:30:56Z
2026-07-11T19:29:37Z,2026-07-11T21:29:37+0200,1d83aeba-7d53-466c-9cd8-cde3940d84cc,2026-06-13T17:00:00Z,2026-06-13T19:00:00+0200,298.87,MW,FR,FR,forecast_offshore_wind_generation,Wind Offshore,2026-07-11T19:30:56Z
2026-07-11T19:29:37Z,2026-07-11T21:29:37+0200,1d83aeba-7d53-466c-9cd8-cde3940d84cc,2026-06-13T17:15:00Z,2026-06-13T19:15:00+0200,316.04001,MW,FR,FR,forecast_offshore_wind_generation,Wind Offshore,2026-07-11T19:30:56Z
2026-07-11T19:29:37Z,2026-07-11T21:29:37+0200,1d83aeba-7d53-466c-9cd8-cde3940d84cc,2026-06-13T17:30:00Z,2026-06-13T19:30:00+0200,333.18997,MW,FR,FR,forecast_offshore_wind_generation,Wind Offshore,2026-07-11T19:30:56Z
2026-07-11T19:29:37Z,2026-07-11T21:29:37+0200,1d83aeba-7d53-466c-9cd8-cde3940d84cc,2026-06-13T17:45:00Z,2026-06-13T19:45:00+0200,350.35999,MW,FR,FR,forecast_offshore_wind_generation,Wind Offshore,2026-07-11T19:30:56Z
2026-07-11T19:29:37Z,2026-07-11T21:29:37+0200,1d83aeba-7d53-466c-9cd8-cde3940d84cc,2026-06-13T18:00:00Z,2026-06-13T20:00:00+0200,367.51001,MW,FR,FR,forecast_offshore_wind_generation,Wind Offshore,2026-07-11T19:30:56Z
2026-07-11T19:29:37Z,2026-07-11T21:29:37+0200,1d83aeba-7d53-466c-9cd8-cde3940d84cc,2026-06-13T18:15:00Z,2026-06-13T20:15:00+0200,399.44998,MW,FR,FR,forecast_offshore_wind_generation,Wind Offshore,2026-07-11T19:30:56Z
2026-07-11T19:29:37Z,2026-07-11T21:29:37+0200,1d83aeba-7d53-466c-9cd8-cde3940d84cc,2026-06-13T18:30:00Z,2026-06-13T20:30:00+0200,431.38,MW,FR,FR,forecast_offshore_wind_generation,Wind Offshore,2026-07-11T19:30:56Z
2026-07-11T19:29:37Z,2026-07-11T21:29:37+0200,1d83aeba-7d53-466c-9cd8-cde3940d84cc,2026-06-13T18:45:00Z,2026-06-13T20:45:00+0200,463.29999,MW,FR,FR,forecast_offshore_wind_generation,Wind Offshore,2026-07-11T19:30:56Z
2026-07-11T19:29:37Z,2026-07-11T21:29:37+0200,1d83aeba-7d53-466c-9cd8-cde3940d84cc,2026-06-13T19:00:00Z,2026-06-13T21:00:00+0200,495.25,MW,FR,FR,forecast_offshore_wind_generation,Wind Offshore,2026-07-11T19:30:56Z
2026-07-11T19:29:37Z,2026-07-11T21:29:37+0200,1d83aeba-7d53-466c-9cd8-cde3940d84cc,2026-06-13T19:15:00Z,2026-06-13T21:15:00+0200,514.57001,MW,FR,FR,forecast_offshore_wind_generation,Wind Offshore,2026-07-11T19:30:56Z
2026-07-11T19:29:37Z,2026-07-11T21:29:37+0200,1d83aeba-7d53-466c-9cd8-cde3940d84cc,2026-06-13T19:30:00Z,2026-06-13T21:30:00+0200,533.90002,MW,FR,FR,forecast_offshore_wind_generation,Wind Offshore,2026-07-11T19:30:56Z
2026-07-11T19:29:37Z,2026-07-11T21:29:37+0200,1d83aeba-7d53-466c-9cd8-cde3940d84cc,2026-06-13T19:45:00Z,2026-06-13T21:45:00+0200,553.22998,MW,FR,FR,forecast_offshore_wind_generation,Wind Offshore,2026-07-11T19:30:56Z
2026-07-11T19:29:37Z,2026-07-11T21:29:37+0200,1d83aeba-7d53-466c-9cd8-cde3940d84cc,2026-06-13T20:00:00Z,2026-06-13T22:00:00+0200,572.56,MW,FR,FR,forecast_offshore_wind_generation,Wind Offshore,2026-07-11T19:30:56Z
2026-07-11T19:29:37Z,2026-07-11T21:29:37+0200,1d83aeba-7d53-466c-9cd8-cde3940d84cc,2026-06-13T20:15:00Z,2026-06-13T22:15:00+0200,594.87,MW,FR,FR,forecast_offshore_wind_generation,Wind Offshore,2026-07-11T19:30:56Z
2026-07-11T19:29:37Z,2026-07-11T21:29:37+0200,1d83aeba-7d53-466c-9cd8-cde3940d84cc,2026-06-13T20:30:00Z,2026-06-13T22:30:00+0200,617.17999,MW,FR,FR,forecast_offshore_wind_generation,Wind Offshore,2026-07-11T19:30:56Z
2026-07-11T19:29:37Z,2026-07-11T21:29:37+0200,1d83aeba-7d53-466c-9cd8-cde3940d84cc,2026-06-13T20:45:00Z,2026-06-13T22:45:00+0200,639.48999,MW,FR,FR,forecast_offshore_wind_generation,Wind Offshore,2026-07-11T19:30:56Z
2026-07-11T19:29:37Z,2026-07-11T21:29:37+0200,1d83aeba-7d53-466c-9cd8-cde3940d84cc,2026-06-13T21:00:00Z,2026-06-13T23:00:00+0200,661.83002,MW,FR,FR,forecast_offshore_wind_generation,Wind Offshore,2026-07-11T19:30:56Z
2026-07-11T19:29:37Z,2026-07-11T21:29:37+0200,1d83aeba-7d53-466c-9cd8-cde3940d84cc,2026-06-13T21:15:00Z,2026-06-13T23:15:00+0200,669.51001,MW,FR,FR,forecast_offshore_wind_generation,Wind Offshore,2026-07-11T19:30:56Z
2026-07-11T19:29:37Z,2026-07-11T21:29:37+0200,1d83aeba-7d53-466c-9cd8-cde3940d84cc,2026-06-13T21:30:00Z,2026-06-13T23:30:00+0200,677.19,MW,FR,FR,forecast_offshore_wind_generation,Wind Offshore,2026-07-11T19:30:56Z
2026-07-11T19:29:37Z,2026-07-11T21:29:37+0200,1d83aeba-7d53-466c-9cd8-cde3940d84cc,2026-06-13T21:45:00Z,2026-06-13T23:45:00+0200,684.89001,MW,FR,FR,forecast_offshore_wind_generation,Wind Offshore,2026-07-11T19:30:56Z
2026-07-11T19:29:37Z,2026-07-11T21:29:37+0200,1d83aeba-7d53-466c-9cd8-cde3940d84cc,2026-06-13T22:00:00Z,2026-06-14T00:00:00+0200,720.41003,MW,FR,FR,forecast_offshore_wind_generation,Wind Offshore,2026-07-11T19:30:56Z
2026-07-11T19:29:37Z,2026-07-11T21:29:37+0200,1d83aeba-7d53-466c-9cd8-cde3940d84cc,2026-06-13T22:15:00Z,2026-06-14T00:15:00+0200,727.02002,MW,FR,FR,forecast_offshore_wind_generation,Wind Offshore,2026-07-11T19:30:56Z
2026-07-11T19:29:37Z,2026-07-11T21:29:37+0200,1d83aeba-7d53-466c-9cd8-cde3940d84cc,2026-06-13T22:30:00Z,2026-06-14T00:30:00+0200,733.64001,MW,FR,FR,forecast_offshore_wind_generation,Wind Offshore,2026-07-11T19:30:56Z
2026-07-11T19:29:37Z,2026-07-11T21:29:37+0200,1d83aeba-7d53-466c-9cd8-cde3940d84cc,2026-06-13T22:45:00Z,2026-06-14T00:45:00+0200,740.25,MW,FR,FR,forecast_offshore_wind_generation,Wind Offshore,2026-07-11T19:30:56Z
2026-07-11T19:29:37Z,2026-07-11T21:29:37+0200,1d83aeba-7d53-466c-9cd8-cde3940d84cc,2026-06-13T23:00:00Z,2026-06-14T01:00:00+0200,746.87,MW,FR,FR,forecast_offshore_wind_generation,Wind Offshore,2026-07-11T19:30:56Z
2026-07-11T19:29:37Z,2026-07-11T21:29:37+0200,1d83aeba-7d53-466c-9cd8-cde3940d84cc,2026-06-13T23:15:00Z,2026-06-14T01:15:00+0200,747.31995,MW,FR,FR,forecast_offshore_wind_generation,Wind Offshore,2026-07-11T19:30:56Z
2026-07-11T19:29:37Z,2026-07-11T21:29:37+0200,1d83aeba-7d53-466c-9cd8-cde3940d84cc,2026-06-13T23:30:00Z,2026-06-14T01:30:00+0200,747.78003,MW,FR,FR,forecast_offshore_wind_generation,Wind Offshore,2026-07-11T19:30:56Z
2026-07-11T19:29:37Z,2026-07-11T21:29:37+0200,1d83aeba-7d53-466c-9cd8-cde3940d84cc,2026-06-13T23:45:00Z,2026-06-14T01:45:00+0200,748.21002,MW,FR,FR,forecast_offshore_wind_generation,Wind Offshore,2026-07-11T19:30:56Z
2026-07-11T19:29:37Z,2026-07-11T21:29:37+0200,1d83aeba-7d53-466c-9cd8-cde3940d84cc,2026-06-14T00:00:00Z,2026-06-14T02:00:00+0200,748.66998,MW,FR,FR,forecast_offshore_wind_generation,Wind Offshore,2026-07-11T19:30:56Z
2026-07-11T19:29:37Z,2026-07-11T21:29:37+0200,1d83aeba-7d53-466c-9cd8-cde3940d84cc,2026-06-14T00:15:00Z,2026-06-14T02:15:00+0200,732.54004,MW,FR,FR,forecast_offshore_wind_generation,Wind Offshore,2026-07-11T19:30:56Z
2026-07-11T19:29:37Z,2026-07-11T21:29:37+0200,1d83aeba-7d53-466c-9cd8-cde3940d84cc,2026-06-14T00:30:00Z,2026-06-14T02:30:00+0200,716.38007,MW,FR,FR,forecast_offshore_wind_generation,Wind Offshore,2026-07-11T19:30:56Z
2026-07-11T19:29:37Z,2026-07-11T21:29:37+0200,1d83aeba-7d53-466c-9cd8-cde3940d84cc,2026-06-14T00:45:00Z,2026-06-14T02:45:00+0200,700.23999,MW,FR,FR,forecast_offshore_wind_generation,Wind Offshore,2026-07-11T19:30:56Z
2026-07-11T19:29:37Z,2026-07-11T21:29:37+0200,1d83aeba-7d53-466c-9cd8-cde3940d84cc,2026-06-14T01:00:00Z,2026-06-14T03:00:00+0200,684.09998,MW,FR,FR,forecast_offshore_wind_generation,Wind Offshore,2026-07-11T19:30:56Z
2026-07-11T19:29:37Z,2026-07-11T21:29:37+0200,1d83aeba-7d53-466c-9cd8-cde3940d84cc,2026-06-14T01:15:00Z,2026-06-14T03:15:00+0200,675.32001,MW,FR,FR,forecast_offshore_wind_generation,Wind Offshore,2026-07-11T19:30:56Z
2026-07-11T19:29:37Z,2026-07-11T21:29:37+0200,1d83aeba-7d53-466c-9cd8-cde3940d84cc,2026-06-14T01:30:00Z,2026-06-14T03:30:00+0200,666.52997,MW,FR,FR,forecast_offshore_wind_generation,Wind Offshore,2026-07-11T19:30:56Z
2026-07-11T19:29:37Z,2026-07-11T21:29:37+0200,1d83aeba-7d53-466c-9cd8-cde3940d84cc,2026-06-14T01:45:00Z,2026-06-14T03:45:00+0200,657.77002,MW,FR,FR,forecast_offshore_wind_generation,Wind Offshore,2026-07-11T19:30:56Z
2026-07-11T19:29:37Z,2026-07-11T21:29:37+0200,1d83aeba-7d53-466c-9cd8-cde3940d84cc,2026-06-14T02:00:00Z,2026-06-14T04:00:00+0200,649.03003,MW,FR,FR,forecast_offshore_wind_generation,Wind Offshore,2026-07-11T19:30:56Z
2026-07-11T19:29:37Z,2026-07-11T21:29:37+0200,1d83aeba-7d53-466c-9cd8-cde3940d84cc,2026-06-14T02:15:00Z,2026-06-14T04:15:00+0200,646.01001,MW,FR,FR,forecast_offshore_wind_generation,Wind Offshore,2026-07-11T19:30:56Z
2026-07-11T19:29:37Z,2026-07-11T21:29:37+0200,1d83aeba-7d53-466c-9cd8-cde3940d84cc,2026-06-14T02:30:00Z,2026-06-14T04:30:00+0200,643.01001,MW,FR,FR,forecast_offshore_wind_generation,Wind Offshore,2026-07-11T19:30:56Z
2026-07-11T19:29:37Z,2026-07-11T21:29:37+0200,1d83aeba-7d53-466c-9cd8-cde3940d84cc,2026-06-14T02:45:00Z,2026-06-14T04:45:00+0200,639.97998,MW,FR,FR,forecast_offshore_wind_generation,Wind Offshore,2026-07-11T19:30:56Z
2026-07-11T19:29:37Z,2026-07-11T21:29:37+0200,1d83aeba-7d53-466c-9cd8-cde3940d84cc,2026-06-14T03:00:00Z,2026-06-14T05:00:00+0200,636.98004,MW,FR,FR,forecast_offshore_wind_generation,Wind Offshore,2026-07-11T19:30:56Z
2026-07-11T19:29:37Z,2026-07-11T21:29:37+0200,1d83aeba-7d53-466c-9cd8-cde3940d84cc,2026-06-14T03:15:00Z,2026-06-14T05:15:00+0200,638.31,MW,FR,FR,forecast_offshore_wind_generation,Wind Offshore,2026-07-11T19:30:56Z
2026-07-11T19:29:37Z,2026-07-11T21:29:37+0200,1d83aeba-7d53-466c-9cd8-cde3940d84cc,2026-06-14T03:30:00Z,2026-06-14T05:30:00+0200,639.61993,MW,FR,FR,forecast_offshore_wind_generation,Wind Offshore,2026-07-11T19:30:56Z
2026-07-11T19:29:37Z,2026-07-11T21:29:37+0200,1d83aeba-7d53-466c-9cd8-cde3940d84cc,2026-06-14T03:45:00Z,2026-06-14T05:45:00+0200,640.94,MW,FR,FR,forecast_offshore_wind_generation,Wind Offshore,2026-07-11T19:30:56Z
2026-07-11T19:29:37Z,2026-07-11T21:29:37+0200,1d83aeba-7d53-466c-9cd8-cde3940d84cc,2026-06-14T04:00:00Z,2026-06-14T06:00:00+0200,642.26001,MW,FR,FR,forecast_offshore_wind_generation,Wind Offshore,2026-07-11T19:30:56Z
2026-07-11T19:29:37Z,2026-07-11T21:29:37+0200,1d83aeba-7d53-466c-9cd8-cde3940d84cc,2026-06-14T04:15:00Z,2026-06-14T06:15:00+0200,645.21997,MW,FR,FR,forecast_offshore_wind_generation,Wind Offshore,2026-07-11T19:30:56Z
2026-07-11T19:29:37Z,2026-07-11T21:29:37+0200,1d83aeba-7d53-466c-9cd8-cde3940d84cc,2026-06-14T04:30:00Z,2026-06-14T06:30:00+0200,648.19006,MW,FR,FR,forecast_offshore_wind_generation,Wind Offshore,2026-07-11T19:30:56Z
2026-07-11T19:29:37Z,2026-07-11T21:29:37+0200,1d83aeba-7d53-466c-9cd8-cde3940d84cc,2026-06-14T04:45:00Z,2026-06-14T06:45:00+0200,651.14996,MW,FR,FR,forecast_offshore_wind_generation,Wind Offshore,2026-07-11T19:30:56Z
2026-07-11T19:29:37Z,2026-07-11T21:29:37+0200,1d83aeba-7d53-466c-9cd8-cde3940d84cc,2026-06-14T05:00:00Z,2026-06-14T07:00:00+0200,654.12,MW,FR,FR,forecast_offshore_wind_generation,Wind Offshore,2026-07-11T19:30:56Z
2026-07-11T19:29:37Z,2026-07-11T21:29:37+0200,1d83aeba-7d53-466c-9cd8-cde3940d84cc,2026-06-14T05:15:00Z,2026-06-14T07:15:00+0200,662.02997,MW,FR,FR,forecast_offshore_wind_generation,Wind Offshore,2026-07-11T19:30:56Z
2026-07-11T19:29:37Z,2026-07-11T21:29:37+0200,1d83aeba-7d53-466c-9cd8-cde3940d84cc,2026-06-14T05:30:00Z,2026-06-14T07:30:00+0200,669.93005,MW,FR,FR,forecast_offshore_wind_generation,Wind Offshore,2026-07-11T19:30:56Z
2026-07-11T19:29:37Z,2026-07-11T21:29:37+0200,1d83aeba-7d53-466c-9cd8-cde3940d84cc,2026-06-14T05:45:00Z,2026-06-14T07:45:00+0200,677.84003,MW,FR,FR,forecast_offshore_wind_generation,Wind Offshore,2026-07-11T19:30:56Z
2026-07-11T19:29:37Z,2026-07-11T21:29:37+0200,1d83aeba-7d53-466c-9cd8-cde3940d84cc,2026-06-14T06:00:00Z,2026-06-14T08:00:00+0200,685.73999,MW,FR,FR,forecast_offshore_wind_generation,Wind Offshore,2026-07-11T19:30:56Z
2026-07-11T19:29:37Z,2026-07-11T21:29:37+0200,1d83aeba-7d53-466c-9cd8-cde3940d84cc,2026-06-14T06:15:00Z,2026-06-14T08:15:00+0200,684.48999,MW,FR,FR,forecast_offshore_wind_generation,Wind Offshore,2026-07-11T19:30:56Z
2026-07-11T19:29:37Z,2026-07-11T21:29:37+0200,1d83aeba-7d53-466c-9cd8-cde3940d84cc,2026-06-14T06:30:00Z,2026-06-14T08:30:00+0200,96.49,MW,FR,FR,forecast_offshore_wind_generation,Wind Offshore,2026-07-11T19:30:56Z
2026-07-11T19:29:37Z,2026-07-11T21:29:37+0200,1d83aeba-7d53-466c-9cd8-cde3940d84cc,2026-06-14T06:45:00Z,2026-06-14T08:45:00+0200,96.65,MW,FR,FR,forecast_offshore_wind_generation,Wind Offshore,2026-07-11T19:30:56Z
2026-07-11T19:29:37Z,2026-07-11T21:29:37+0200,1d83aeba-7d53-466c-9cd8-cde3940d84cc,2026-06-14T07:00:00Z,2026-06-14T09:00:00+0200,96.8,MW,FR,FR,forecast_offshore_wind_generation,Wind Offshore,2026-07-11T19:30:56Z
2026-07-11T19:29:37Z,2026-07-11T21:29:37+0200,1d83aeba-7d53-466c-9cd8-cde3940d84cc,2026-06-14T07:15:00Z,2026-06-14T09:15:00+0200,96.96,MW,FR,FR,forecast_offshore_wind_generation,Wind Offshore,2026-07-11T19:30:56Z
2026-07-11T19:29:37Z,2026-07-11T21:29:37+0200,1d83aeba-7d53-466c-9cd8-cde3940d84cc,2026-06-14T07:30:00Z,2026-06-14T09:30:00+0200,97.12,MW,FR,FR,forecast_offshore_wind_generation,Wind Offshore,2026-07-11T19:30:56Z
2026-07-11T19:29:37Z,2026-07-11T21:29:37+0200,1d83aeba-7d53-466c-9cd8-cde3940d84cc,2026-06-14T07:45:00Z,2026-06-14T09:45:00+0200,97.28,MW,FR,FR,forecast_offshore_wind_generation,Wind Offshore,2026-07-11T19:30:56Z
2026-07-11T19:29:37Z,2026-07-11T21:29:37+0200,1d83aeba-7d53-466c-9cd8-cde3940d84cc,2026-06-14T08:00:00Z,2026-06-14T10:00:00+0200,97.13,MW,FR,FR,forecast_offshore_wind_generation,Wind Offshore,2026-07-11T19:30:56Z
2026-07-11T19:29:37Z,2026-07-11T21:29:37+0200,1d83aeba-7d53-466c-9cd8-cde3940d84cc,2026-06-14T08:15:00Z,2026-06-14T10:15:00+0200,96.29,MW,FR,FR,forecast_offshore_wind_generation,Wind Offshore,2026-07-11T19:30:56Z
2026-07-11T19:29:37Z,2026-07-11T21:29:37+0200,1d83aeba-7d53-466c-9cd8-cde3940d84cc,2026-06-14T08:30:00Z,2026-06-14T10:30:00+0200,95.45,MW,FR,FR,forecast_offshore_wind_generation,Wind Offshore,2026-07-11T19:30:56Z
2026-07-11T19:29:37Z,2026-07-11T21:29:37+0200,1d83aeba-7d53-466c-9cd8-cde3940d84cc,2026-06-14T08:45:00Z,2026-06-14T10:45:00+0200,94.61,MW,FR,FR,forecast_offshore_wind_generation,Wind Offshore,2026-07-11T19:30:56Z
2026-07-11T19:29:37Z,2026-07-11T21:29:37+0200,1d83aeba-7d53-466c-9cd8-cde3940d84cc,2026-06-14T09:00:00Z,2026-06-14T11:00:00+0200,93.77,MW,FR,FR,forecast_offshore_wind_generation,Wind Offshore,2026-07-11T19:30:56Z
2026-07-11T19:29:37Z,2026-07-11T21:29:37+0200,1d83aeba-7d53-466c-9cd8-cde3940d84cc,2026-06-14T09:15:00Z,2026-06-14T11:15:00+0200,93.51,MW,FR,FR,forecast_offshore_wind_generation,Wind Offshore,2026-07-11T19:30:56Z
2026-07-11T19:29:37Z,2026-07-11T21:29:37+0200,1d83aeba-7d53-466c-9cd8-cde3940d84cc,2026-06-14T09:30:00Z,2026-06-14T11:30:00+0200,93.25,MW,FR,FR,forecast_offshore_wind_generation,Wind Offshore,2026-07-11T19:30:56Z
2026-07-11T19:29:37Z,2026-07-11T21:29:37+0200,1d83aeba-7d53-466c-9cd8-cde3940d84cc,2026-06-14T09:45:00Z,2026-06-14T11:45:00+0200,93.0,MW,FR,FR,forecast_offshore_wind_generation,Wind Offshore,2026-07-11T19:30:56Z
2026-07-11T19:29:37Z,2026-07-11T21:29:37+0200,1d83aeba-7d53-466c-9cd8-cde3940d84cc,2026-06-14T10:00:00Z,2026-06-14T12:00:00+0200,92.58,MW,FR,FR,forecast_offshore_wind_generation,Wind Offshore,2026-07-11T19:30:56Z
2026-07-11T19:29:37Z,2026-07-11T21:29:37+0200,1d83aeba-7d53-466c-9cd8-cde3940d84cc,2026-06-14T10:15:00Z,2026-06-14T12:15:00+0200,91.86,MW,FR,FR,forecast_offshore_wind_generation,Wind Offshore,2026-07-11T19:30:56Z
2026-07-11T19:29:37Z,2026-07-11T21:29:37+0200,1d83aeba-7d53-466c-9cd8-cde3940d84cc,2026-06-14T10:30:00Z,2026-06-14T12:30:00+0200,91.15,MW,FR,FR,forecast_offshore_wind_generation,Wind Offshore,2026-07-11T19:30:56Z
2026-07-11T19:29:37Z,2026-07-11T21:29:37+0200,1d83aeba-7d53-466c-9cd8-cde3940d84cc,2026-06-14T10:45:00Z,2026-06-14T12:45:00+0200,90.41,MW,FR,FR,forecast_offshore_wind_generation,Wind Offshore,2026-07-11T19:30:56Z
2026-07-11T19:29:37Z,2026-07-11T21:29:37+0200,1d83aeba-7d53-466c-9cd8-cde3940d84cc,2026-06-14T11:00:00Z,2026-06-14T13:00:00+0200,89.7,MW,FR,FR,forecast_offshore_wind_generation,Wind Offshore,2026-07-11T19:30:56Z
2026-07-11T19:29:37Z,2026-07-11T21:29:37+0200,1d83aeba-7d53-466c-9cd8-cde3940d84cc,2026-06-14T11:15:00Z,2026-06-14T13:15:00+0200,89.16,MW,FR,FR,forecast_offshore_wind_generation,Wind Offshore,2026-07-11T19:30:56Z
2026-07-11T19:29:37Z,2026-07-11T21:29:37+0200,1d83aeba-7d53-466c-9cd8-cde3940d84cc,2026-06-14T11:30:00Z,2026-06-14T13:30:00+0200,88.62,MW,FR,FR,forecast_offshore_wind_generation,Wind Offshore,2026-07-11T19:30:56Z
2026-07-11T19:29:37Z,2026-07-11T21:29:37+0200,1d83aeba-7d53-466c-9cd8-cde3940d84cc,2026-06-14T11:45:00Z,2026-06-14T13:45:00+0200,88.08,MW,FR,FR,forecast_offshore_wind_generation,Wind Offshore,2026-07-11T19:30:56Z
2026-07-11T19:29:37Z,2026-07-11T21:29:37+0200,1d83aeba-7d53-466c-9cd8-cde3940d84cc,2026-06-14T12:00:00Z,2026-06-14T14:00:00+0200,87.54,MW,FR,FR,forecast_offshore_wind_generation,Wind Offshore,2026-07-11T19:30:56Z
2026-07-11T19:29:37Z,2026-07-11T21:29:37+0200,1d83aeba-7d53-466c-9cd8-cde3940d84cc,2026-06-14T12:15:00Z,2026-06-14T14:15:00+0200,87.72,MW,FR,FR,forecast_offshore_wind_generation,Wind Offshore,2026-07-11T19:30:56Z
2026-07-11T19:29:37Z,2026-07-11T21:29:37+0200,1d83aeba-7d53-466c-9cd8-cde3940d84cc,2026-06-14T12:30:00Z,2026-06-14T14:30:00+0200,87.88,MW,FR,FR,forecast_offshore_wind_generation,Wind Offshore,2026-07-11T19:30:56Z
2026-07-11T19:29:37Z,2026-07-11T21:29:37+0200,1d83aeba-7d53-466c-9cd8-cde3940d84cc,2026-06-14T12:45:00Z,2026-06-14T14:45:00+0200,88.03999,MW,FR,FR,forecast_offshore_wind_generation,Wind Offshore,2026-07-11T19:30:56Z
2026-07-11T19:29:37Z,2026-07-11T21:29:37+0200,1d83aeba-7d53-466c-9cd8-cde3940d84cc,2026-06-14T13:00:00Z,2026-06-14T15:00:00+0200,88.21,MW,FR,FR,forecast_offshore_wind_generation,Wind Offshore,2026-07-11T19:30:56Z
2026-07-11T19:29:37Z,2026-07-11T21:29:37+0200,1d83aeba-7d53-466c-9cd8-cde3940d84cc,2026-06-14T13:15:00Z,2026-06-14T15:15:00+0200,88.41,MW,FR,FR,forecast_offshore_wind_generation,Wind Offshore,2026-07-11T19:30:56Z
2026-07-11T19:29:37Z,2026-07-11T21:29:37+0200,1d83aeba-7d53-466c-9cd8-cde3940d84cc,2026-06-14T13:30:00Z,2026-06-14T15:30:00+0200,88.61,MW,FR,FR,forecast_offshore_wind_generation,Wind Offshore,2026-07-11T19:30:56Z
2026-07-11T19:29:37Z,2026-07-11T21:29:37+0200,1d83aeba-7d53-466c-9cd8-cde3940d84cc,2026-06-14T13:45:00Z,2026-06-14T15:45:00+0200,88.81,MW,FR,FR,forecast_offshore_wind_generation,Wind Offshore,2026-07-11T19:30:56Z
2026-07-11T19:29:37Z,2026-07-11T21:29:37+0200,1d83aeba-7d53-466c-9cd8-cde3940d84cc,2026-06-14T14:00:00Z,2026-06-14T16:00:00+0200,89.02,MW,FR,FR,forecast_offshore_wind_generation,Wind Offshore,2026-07-11T19:30:56Z
2026-07-11T19:29:37Z,2026-07-11T21:29:37+0200,1d83aeba-7d53-466c-9cd8-cde3940d84cc,2026-06-14T14:15:00Z,2026-06-14T16:15:00+0200,89.24,MW,FR,FR,forecast_offshore_wind_generation,Wind Offshore,2026-07-11T19:30:56Z
2026-07-11T19:29:37Z,2026-07-11T21:29:37+0200,1d83aeba-7d53-466c-9cd8-cde3940d84cc,2026-06-14T14:30:00Z,2026-06-14T16:30:00+0200,89.47,MW,FR,FR,forecast_offshore_wind_generation,Wind Offshore,2026-07-11T19:30:56Z
2026-07-11T19:29:37Z,2026-07-11T21:29:37+0200,1d83aeba-7d53-466c-9cd8-cde3940d84cc,2026-06-14T14:45:00Z,2026-06-14T16:45:00+0200,88.0,MW,FR,FR,forecast_offshore_wind_generation,Wind Offshore,2026-07-11T19:30:56Z
2026-07-11T19:29:37Z,2026-07-11T21:29:37+0200,1d83aeba-7d53-466c-9cd8-cde3940d84cc,2026-06-14T15:00:00Z,2026-06-14T17:00:00+0200,85.43,MW,FR,FR,forecast_offshore_wind_generation,Wind Offshore,2026-07-11T19:30:56Z
2026-07-11T19:29:37Z,2026-07-11T21:29:37+0200,1d83aeba-7d53-466c-9cd8-cde3940d84cc,2026-06-14T15:15:00Z,2026-06-14T17:15:00+0200,84.52,MW,FR,FR,forecast_offshore_wind_generation,Wind Offshore,2026-07-11T19:30:56Z
2026-07-11T19:29:37Z,2026-07-11T21:29:37+0200,1d83aeba-7d53-466c-9cd8-cde3940d84cc,2026-06-14T15:30:00Z,2026-06-14T17:30:00+0200,83.61,MW,FR,FR,forecast_offshore_wind_generation,Wind Offshore,2026-07-11T19:30:56Z
2026-07-11T19:29:37Z,2026-07-11T21:29:37+0200,1d83aeba-7d53-466c-9cd8-cde3940d84cc,2026-06-14T15:45:00Z,2026-06-14T17:45:00+0200,203.97002,MW,FR,FR,forecast_offshore_wind_generation,Wind Offshore,2026-07-11T19:30:56Z
2026-07-11T19:29:37Z,2026-07-11T21:29:37+0200,1d83aeba-7d53-466c-9cd8-cde3940d84cc,2026-06-14T16:00:00Z,2026-06-14T18:00:00+0200,212.67999,MW,FR,FR,forecast_offshore_wind_generation,Wind Offshore,2026-07-11T19:30:56Z
2026-07-11T19:29:37Z,2026-07-11T21:29:37+0200,1d83aeba-7d53-466c-9cd8-cde3940d84cc,2026-06-14T16:15:00Z,2026-06-14T18:15:00+0200,217.83,MW,FR,FR,forecast_offshore_wind_generation,Wind Offshore,2026-07-11T19:30:56Z
2026-07-11T19:29:37Z,2026-07-11T21:29:37+0200,1d83aeba-7d53-466c-9cd8-cde3940d84cc,2026-06-14T16:30:00Z,2026-06-14T18:30:00+0200,222.97,MW,FR,FR,forecast_offshore_wind_generation,Wind Offshore,2026-07-11T19:30:56Z
2026-07-11T19:29:37Z,2026-07-11T21:29:37+0200,1d83aeba-7d53-466c-9cd8-cde3940d84cc,2026-06-14T16:45:00Z,2026-06-14T18:45:00+0200,228.12001,MW,FR,FR,forecast_offshore_wind_generation,Wind Offshore,2026-07-11T19:30:56Z
2026-07-11T19:29:37Z,2026-07-11T21:29:37+0200,1d83aeba-7d53-466c-9cd8-cde3940d84cc,2026-06-14T17:00:00Z,2026-06-14T19:00:00+0200,233.26001,MW,FR,FR,forecast_offshore_wind_generation,Wind Offshore,2026-07-11T19:30:56Z
2026-07-11T19:29:37Z,2026-07-11T21:29:37+0200,1d83aeba-7d53-466c-9cd8-cde3940d84cc,2026-06-14T17:15:00Z,2026-06-14T19:15:00+0200,255.06999,MW,FR,FR,forecast_offshore_wind_generation,Wind Offshore,2026-07-11T19:30:56Z
2026-07-11T19:29:37Z,2026-07-11T21:29:37+0200,1d83aeba-7d53-466c-9cd8-cde3940d84cc,2026-06-14T17:30:00Z,2026-06-14T19:30:00+0200,276.87,MW,FR,FR,forecast_offshore_wind_generation,Wind Offshore,2026-07-11T19:30:56Z
2026-07-11T19:29:37Z,2026-07-11T21:29:37+0200,1d83aeba-7d53-466c-9cd8-cde3940d84cc,2026-06-14T17:45:00Z,2026-06-14T19:45:00+0200,298.67999,MW,FR,FR,forecast_offshore_wind_generation,Wind Offshore,2026-07-11T19:30:56Z
2026-07-11T19:29:37Z,2026-07-11T21:29:37+0200,1d83aeba-7d53-466c-9cd8-cde3940d84cc,2026-06-14T18:00:00Z,2026-06-14T20:00:00+0200,320.49002,MW,FR,FR,forecast_offshore_wind_generation,Wind Offshore,2026-07-11T19:30:56Z
2026-07-11T19:29:37Z,2026-07-11T21:29:37+0200,1d83aeba-7d53-466c-9cd8-cde3940d84cc,2026-06-14T18:15:00Z,2026-06-14T20:15:00+0200,363.66998,MW,FR,FR,forecast_offshore_wind_generation,Wind Offshore,2026-07-11T19:30:56Z
2026-07-11T19:29:37Z,2026-07-11T21:29:37+0200,1d83aeba-7d53-466c-9cd8-cde3940d84cc,2026-06-14T18:30:00Z,2026-06-14T20:30:00+0200,406.85999,MW,FR,FR,forecast_offshore_wind_generation,Wind Offshore,2026-07-11T19:30:56Z
2026-07-11T19:29:37Z,2026-07-11T21:29:37+0200,1d83aeba-7d53-466c-9cd8-cde3940d84cc,2026-06-14T18:45:00Z,2026-06-14T20:45:00+0200,450.03998,MW,FR,FR,forecast_offshore_wind_generation,Wind Offshore,2026-07-11T19:30:56Z
2026-07-11T19:29:37Z,2026-07-11T21:29:37+0200,1d83aeba-7d53-466c-9cd8-cde3940d84cc,2026-06-14T19:00:00Z,2026-06-14T21:00:00+0200,493.22998,MW,FR,FR,forecast_offshore_wind_generation,Wind Offshore,2026-07-11T19:30:56Z
2026-07-11T19:29:37Z,2026-07-11T21:29:37+0200,1d83aeba-7d53-466c-9cd8-cde3940d84cc,2026-06-14T19:15:00Z,2026-06-14T21:15:00+0200,538.44995,MW,FR,FR,forecast_offshore_wind_generation,Wind Offshore,2026-07-11T19:30:56Z
2026-07-11T19:29:37Z,2026-07-11T21:29:37+0200,1d83aeba-7d53-466c-9cd8-cde3940d84cc,2026-06-14T19:30:00Z,2026-06-14T21:30:00+0200,583.67999,MW,FR,FR,forecast_offshore_wind_generation,Wind Offshore,2026-07-11T19:30:56Z
2026-07-11T19:29:37Z,2026-07-11T21:29:37+0200,1d83aeba-7d53-466c-9cd8-cde3940d84cc,2026-06-14T19:45:00Z,2026-06-14T21:45:00+0200,628.91998,MW,FR,FR,forecast_offshore_wind_generation,Wind Offshore,2026-07-11T19:30:56Z
2026-07-11T19:29:37Z,2026-07-11T21:29:37+0200,1d83aeba-7d53-466c-9cd8-cde3940d84cc,2026-06-14T20:00:00Z,2026-06-14T22:00:00+0200,674.15002,MW,FR,FR,forecast_offshore_wind_generation,Wind Offshore,2026-07-11T19:30:56Z
2026-07-11T19:29:37Z,2026-07-11T21:29:37+0200,1d83aeba-7d53-466c-9cd8-cde3940d84cc,2026-06-14T20:15:00Z,2026-06-14T22:15:00+0200,699.79993,MW,FR,FR,forecast_offshore_wind_generation,Wind Offshore,2026-07-11T19:30:56Z
2026-07-11T19:29:37Z,2026-07-11T21:29:37+0200,1d83aeba-7d53-466c-9cd8-cde3940d84cc,2026-06-14T20:30:00Z,2026-06-14T22:30:00+0200,725.44995,MW,FR,FR,forecast_offshore_wind_generation,Wind Offshore,2026-07-11T19:30:56Z
2026-07-11T19:29:37Z,2026-07-11T21:29:37+0200,1d83aeba-7d53-466c-9cd8-cde3940d84cc,2026-06-14T20:45:00Z,2026-06-14T22:45:00+0200,751.10999,MW,FR,FR,forecast_offshore_wind_generation,Wind Offshore,2026-07-11T19:30:56Z
2026-07-11T19:29:37Z,2026-07-11T21:29:37+0200,1d83aeba-7d53-466c-9cd8-cde3940d84cc,2026-06-14T21:00:00Z,2026-06-14T23:00:00+0200,776.76001,MW,FR,FR,forecast_offshore_wind_generation,Wind Offshore,2026-07-11T19:30:56Z
2026-07-11T19:29:37Z,2026-07-11T21:29:37+0200,1d83aeba-7d53-466c-9cd8-cde3940d84cc,2026-06-14T21:15:00Z,2026-06-14T23:15:00+0200,788.21002,MW,FR,FR,forecast_offshore_wind_generation,Wind Offshore,2026-07-11T19:30:56Z
2026-07-11T19:29:37Z,2026-07-11T21:29:37+0200,1d83aeba-7d53-466c-9cd8-cde3940d84cc,2026-06-14T21:30:00Z,2026-06-14T23:30:00+0200,799.65997,MW,FR,FR,forecast_offshore_wind_generation,Wind Offshore,2026-07-11T19:30:56Z
2026-07-11T19:29:37Z,2026-07-11T21:29:37+0200,1d83aeba-7d53-466c-9cd8-cde3940d84cc,2026-06-14T21:45:00Z,2026-06-14T23:45:00+0200,811.12,MW,FR,FR,forecast_offshore_wind_generation,Wind Offshore,2026-07-11T19:30:56Z
2026-07-11T19:29:37Z,2026-07-11T21:29:37+0200,1d83aeba-7d53-466c-9cd8-cde3940d84cc,2026-06-14T22:00:00Z,2026-06-15T00:00:00+0200,685.45001,MW,FR,FR,forecast_offshore_wind_generation,Wind Offshore,2026-07-11T19:30:56Z
2026-07-11T19:29:37Z,2026-07-11T21:29:37+0200,1d83aeba-7d53-466c-9cd8-cde3940d84cc,2026-06-14T22:15:00Z,2026-06-15T00:15:00+0200,681.44,MW,FR,FR,forecast_offshore_wind_generation,Wind Offshore,2026-07-11T19:30:56Z
2026-07-11T19:29:37Z,2026-07-11T21:29:37+0200,1d83aeba-7d53-466c-9cd8-cde3940d84cc,2026-06-14T22:30:00Z,2026-06-15T00:30:00+0200,677.40997,MW,FR,FR,forecast_offshore_wind_generation,Wind Offshore,2026-07-11T19:30:56Z
2026-07-11T19:29:37Z,2026-07-11T21:29:37+0200,1d83aeba-7d53-466c-9cd8-cde3940d84cc,2026-06-14T22:45:00Z,2026-06-15T00:45:00+0200,673.38,MW,FR,FR,forecast_offshore_wind_generation,Wind Offshore,2026-07-11T19:30:56Z
2026-07-11T19:29:37Z,2026-07-11T21:29:37+0200,1d83aeba-7d53-466c-9cd8-cde3940d84cc,2026-06-14T23:00:00Z,2026-06-15T01:00:00+0200,669.37,MW,FR,FR,forecast_offshore_wind_generation,Wind Offshore,2026-07-11T19:30:56Z
2026-07-11T19:29:37Z,2026-07-11T21:29:37+0200,1d83aeba-7d53-466c-9cd8-cde3940d84cc,2026-06-14T23:15:00Z,2026-06-15T01:15:00+0200,650.94,MW,FR,FR,forecast_offshore_wind_generation,Wind Offshore,2026-07-11T19:30:56Z
2026-07-11T19:29:37Z,2026-07-11T21:29:37+0200,1d83aeba-7d53-466c-9cd8-cde3940d84cc,2026-06-14T23:30:00Z,2026-06-15T01:30:00+0200,632.5,MW,FR,FR,forecast_offshore_wind_generation,Wind Offshore,2026-07-11T19:30:56Z
2026-07-11T19:29:37Z,2026-07-11T21:29:37+0200,1d83aeba-7d53-466c-9cd8-cde3940d84cc,2026-06-14T23:45:00Z,2026-06-15T01:45:00+0200,614.04999,MW,FR,FR,forecast_offshore_wind_generation,Wind Offshore,2026-07-11T19:30:56Z
2026-07-11T19:29:37Z,2026-07-11T21:29:37+0200,1d83aeba-7d53-466c-9cd8-cde3940d84cc,2026-06-15T00:00:00Z,2026-06-15T02:00:00+0200,595.61005,MW,FR,FR,forecast_offshore_wind_generation,Wind Offshore,2026-07-11T19:30:56Z
2026-07-11T19:29:37Z,2026-07-11T21:29:37+0200,1d83aeba-7d53-466c-9cd8-cde3940d84cc,2026-06-15T00:15:00Z,2026-06-15T02:15:00+0200,572.45996,MW,FR,FR,forecast_offshore_wind_generation,Wind Offshore,2026-07-11T19:30:56Z
2026-07-11T19:29:37Z,2026-07-11T21:29:37+0200,1d83aeba-7d53-466c-9cd8-cde3940d84cc,2026-06-15T00:30:00Z,2026-06-15T02:30:00+0200,549.28998,MW,FR,FR,forecast_offshore_wind_generation,Wind Offshore,2026-07-11T19:30:56Z
2026-07-11T19:29:37Z,2026-07-11T21:29:37+0200,1d83aeba-7d53-466c-9cd8-cde3940d84cc,2026-06-15T00:45:00Z,2026-06-15T02:45:00+0200,526.13,MW,FR,FR,forecast_offshore_wind_generation,Wind Offshore,2026-07-11T19:30:56Z
2026-07-11T19:29:37Z,2026-07-11T21:29:37+0200,1d83aeba-7d53-466c-9cd8-cde3940d84cc,2026-06-15T01:00:00Z,2026-06-15T03:00:00+0200,502.95999,MW,FR,FR,forecast_offshore_wind_generation,Wind Offshore,2026-07-11T19:30:56Z
2026-07-11T19:29:37Z,2026-07-11T21:29:37+0200,1d83aeba-7d53-466c-9cd8-cde3940d84cc,2026-06-15T01:15:00Z,2026-06-15T03:15:00+0200,498.26001,MW,FR,FR,forecast_offshore_wind_generation,Wind Offshore,2026-07-11T19:30:56Z
2026-07-11T19:29:37Z,2026-07-11T21:29:37+0200,1d83aeba-7d53-466c-9cd8-cde3940d84cc,2026-06-15T01:30:00Z,2026-06-15T03:30:00+0200,493.53998,MW,FR,FR,forecast_offshore_wind_generation,Wind Offshore,2026-07-11T19:30:56Z
2026-07-11T19:29:37Z,2026-07-11T21:29:37+0200,1d83aeba-7d53-466c-9cd8-cde3940d84cc,2026-06-15T01:45:00Z,2026-06-15T03:45:00+0200,488.84,MW,FR,FR,forecast_offshore_wind_generation,Wind Offshore,2026-07-11T19:30:56Z
2026-07-11T19:29:37Z,2026-07-11T21:29:37+0200,1d83aeba-7d53-466c-9cd8-cde3940d84cc,2026-06-15T02:00:00Z,2026-06-15T04:00:00+0200,484.13,MW,FR,FR,forecast_offshore_wind_generation,Wind Offshore,2026-07-11T19:30:56Z
2026-07-11T19:29:37Z,2026-07-11T21:29:37+0200,1d83aeba-7d53-466c-9cd8-cde3940d84cc,2026-06-15T02:15:00Z,2026-06-15T04:15:00+0200,483.69998,MW,FR,FR,forecast_offshore_wind_generation,Wind Offshore,2026-07-11T19:30:56Z
2026-07-11T19:29:37Z,2026-07-11T21:29:37+0200,1d83aeba-7d53-466c-9cd8-cde3940d84cc,2026-06-15T02:30:00Z,2026-06-15T04:30:00+0200,483.27997,MW,FR,FR,forecast_offshore_wind_generation,Wind Offshore,2026-07-11T19:30:56Z
2026-07-11T19:29:37Z,2026-07-11T21:29:37+0200,1d83aeba-7d53-466c-9cd8-cde3940d84cc,2026-06-15T02:45:00Z,2026-06-15T04:45:00+0200,482.84,MW,FR,FR,forecast_offshore_wind_generation,Wind Offshore,2026-07-11T19:30:56Z
2026-07-11T19:29:37Z,2026-07-11T21:29:37+0200,1d83aeba-7d53-466c-9cd8-cde3940d84cc,2026-06-15T03:00:00Z,2026-06-15T05:00:00+0200,482.42001,MW,FR,FR,forecast_offshore_wind_generation,Wind Offshore,2026-07-11T19:30:56Z
2026-07-11T19:29:37Z,2026-07-11T21:29:37+0200,1d83aeba-7d53-466c-9cd8-cde3940d84cc,2026-06-15T03:15:00Z,2026-06-15T05:15:00+0200,490.73999,MW,FR,FR,forecast_offshore_wind_generation,Wind Offshore,2026-07-11T19:30:56Z
2026-07-11T19:29:37Z,2026-07-11T21:29:37+0200,1d83aeba-7d53-466c-9cd8-cde3940d84cc,2026-06-15T03:30:00Z,2026-06-15T05:30:00+0200,499.07999,MW,FR,FR,forecast_offshore_wind_generation,Wind Offshore,2026-07-11T19:30:56Z
2026-07-11T19:29:37Z,2026-07-11T21:29:37+0200,1d83aeba-7d53-466c-9cd8-cde3940d84cc,2026-06-15T03:45:00Z,2026-06-15T05:45:00+0200,507.39996,MW,FR,FR,forecast_offshore_wind_generation,Wind Offshore,2026-07-11T19:30:56Z
2026-07-11T19:29:37Z,2026-07-11T21:29:37+0200,1d83aeba-7d53-466c-9cd8-cde3940d84cc,2026-06-15T04:00:00Z,2026-06-15T06:00:00+0200,515.72003,MW,FR,FR,forecast_offshore_wind_generation,Wind Offshore,2026-07-11T19:30:56Z
2026-07-11T19:29:37Z,2026-07-11T21:29:37+0200,1d83aeba-7d53-466c-9cd8-cde3940d84cc,2026-06-15T04:15:00Z,2026-06-15T06:15:00+0200,517.42999,MW,FR,FR,forecast_offshore_wind_generation,Wind Offshore,2026-07-11T19:30:56Z
2026-07-11T19:29:37Z,2026-07-11T21:29:37+0200,1d83aeba-7d53-466c-9cd8-cde3940d84cc,2026-06-15T04:30:00Z,2026-06-15T06:30:00+0200,519.15997,MW,FR,FR,forecast_offshore_wind_generation,Wind Offshore,2026-07-11T19:30:56Z
2026-07-11T19:29:37Z,2026-07-11T21:29:37+0200,1d83aeba-7d53-466c-9cd8-cde3940d84cc,2026-06-15T04:45:00Z,2026-06-15T06:45:00+0200,520.85999,MW,FR,FR,forecast_offshore_wind_generation,Wind Offshore,2026-07-11T19:30:56Z
2026-07-11T19:29:37Z,2026-07-11T21:29:37+0200,1d83aeba-7d53-466c-9cd8-cde3940d84cc,2026-06-15T05:00:00Z,2026-06-15T07:00:00+0200,522.59003,MW,FR,FR,forecast_offshore_wind_generation,Wind Offshore,2026-07-11T19:30:56Z
2026-07-11T19:29:37Z,2026-07-11T21:29:37+0200,1d83aeba-7d53-466c-9cd8-cde3940d84cc,2026-06-15T05:15:00Z,2026-06-15T07:15:00+0200,526.0,MW,FR,FR,forecast_offshore_wind_generation,Wind Offshore,2026-07-11T19:30:56Z
2026-07-11T19:29:37Z,2026-07-11T21:29:37+0200,1d83aeba-7d53-466c-9cd8-cde3940d84cc,2026-06-15T05:30:00Z,2026-06-15T07:30:00+0200,529.40997,MW,FR,FR,forecast_offshore_wind_generation,Wind Offshore,2026-07-11T19:30:56Z
2026-07-11T19:29:37Z,2026-07-11T21:29:37+0200,1d83aeba-7d53-466c-9cd8-cde3940d84cc,2026-06-15T05:45:00Z,2026-06-15T07:45:00+0200,532.83002,MW,FR,FR,forecast_offshore_wind_generation,Wind Offshore,2026-07-11T19:30:56Z
2026-07-11T19:29:37Z,2026-07-11T21:29:37+0200,1d83aeba-7d53-466c-9cd8-cde3940d84cc,2026-06-15T06:00:00Z,2026-06-15T08:00:00+0200,536.25,MW,FR,FR,forecast_offshore_wind_generation,Wind Offshore,2026-07-11T19:30:56Z
2026-07-11T19:29:37Z,2026-07-11T21:29:37+0200,1d83aeba-7d53-466c-9cd8-cde3940d84cc,2026-06-15T06:15:00Z,2026-06-15T08:15:00+0200,552.32996,MW,FR,FR,forecast_offshore_wind_generation,Wind Offshore,2026-07-11T19:30:56Z
2026-07-11T19:29:37Z,2026-07-11T21:29:37+0200,1d83aeba-7d53-466c-9cd8-cde3940d84cc,2026-06-15T06:30:00Z,2026-06-15T08:30:00+0200,568.40002,MW,FR,FR,forecast_offshore_wind_generation,Wind Offshore,2026-07-11T19:30:56Z
2026-07-11T19:29:37Z,2026-07-11T21:29:37+0200,1d83aeba-7d53-466c-9cd8-cde3940d84cc,2026-06-15T06:45:00Z,2026-06-15T08:45:00+0200,584.47998,MW,FR,FR,forecast_offshore_wind_generation,Wind Offshore,2026-07-11T19:30:56Z
2026-07-11T19:29:37Z,2026-07-11T21:29:37+0200,1d83aeba-7d53-466c-9cd8-cde3940d84cc,2026-06-15T07:00:00Z,2026-06-15T09:00:00+0200,600.56006,MW,FR,FR,forecast_offshore_wind_generation,Wind Offshore,2026-07-11T19:30:56Z
2026-07-11T19:29:37Z,2026-07-11T21:29:37+0200,1d83aeba-7d53-466c-9cd8-cde3940d84cc,2026-06-15T07:15:00Z,2026-06-15T09:15:00+0200,577.57996,MW,FR,FR,forecast_offshore_wind_generation,Wind Offshore,2026-07-11T19:30:56Z
2026-07-11T19:29:37Z,2026-07-11T21:29:37+0200,1d83aeba-7d53-466c-9cd8-cde3940d84cc,2026-06-15T07:30:00Z,2026-06-15T09:30:00+0200,554.58997,MW,FR,FR,forecast_offshore_wind_generation,Wind Offshore,2026-07-11T19:30:56Z
2026-07-11T19:29:37Z,2026-07-11T21:29:37+0200,1d83aeba-7d53-466c-9cd8-cde3940d84cc,2026-06-15T07:45:00Z,2026-06-15T09:45:00+0200,531.59998,MW,FR,FR,forecast_offshore_wind_generation,Wind Offshore,2026-07-11T19:30:56Z
2026-07-11T19:29:37Z,2026-07-11T21:29:37+0200,1d83aeba-7d53-466c-9cd8-cde3940d84cc,2026-06-15T08:00:00Z,2026-06-15T10:00:00+0200,508.60001,MW,FR,FR,forecast_offshore_wind_generation,Wind Offshore,2026-07-11T19:30:56Z
2026-07-11T19:29:37Z,2026-07-11T21:29:37+0200,1d83aeba-7d53-466c-9cd8-cde3940d84cc,2026-06-15T08:15:00Z,2026-06-15T10:15:00+0200,492.86002,MW,FR,FR,forecast_offshore_wind_generation,Wind Offshore,2026-07-11T19:30:56Z
2026-07-11T19:29:37Z,2026-07-11T21:29:37+0200,1d83aeba-7d53-466c-9cd8-cde3940d84cc,2026-06-15T08:30:00Z,2026-06-15T10:30:00+0200,477.10999,MW,FR,FR,forecast_offshore_wind_generation,Wind Offshore,2026-07-11T19:30:56Z
2026-07-11T19:29:37Z,2026-07-11T21:29:37+0200,1d83aeba-7d53-466c-9cd8-cde3940d84cc,2026-06-15T08:45:00Z,2026-06-15T10:45:00+0200,461.38,MW,FR,FR,forecast_offshore_wind_generation,Wind Offshore,2026-07-11T19:30:56Z
2026-07-11T19:29:37Z,2026-07-11T21:29:37+0200,1d83aeba-7d53-466c-9cd8-cde3940d84cc,2026-06-15T09:00:00Z,2026-06-15T11:00:00+0200,445.64001,MW,FR,FR,forecast_offshore_wind_generation,Wind Offshore,2026-07-11T19:30:56Z
2026-07-11T19:29:37Z,2026-07-11T21:29:37+0200,1d83aeba-7d53-466c-9cd8-cde3940d84cc,2026-06-15T09:15:00Z,2026-06-15T11:15:00+0200,446.79999,MW,FR,FR,forecast_offshore_wind_generation,Wind Offshore,2026-07-11T19:30:56Z
2026-07-11T19:29:37Z,2026-07-11T21:29:37+0200,1d83aeba-7d53-466c-9cd8-cde3940d84cc,2026-06-15T09:30:00Z,2026-06-15T11:30:00+0200,447.95999,MW,FR,FR,forecast_offshore_wind_generation,Wind Offshore,2026-07-11T19:30:56Z
2026-07-11T19:29:37Z,2026-07-11T21:29:37+0200,1d83aeba-7d53-466c-9cd8-cde3940d84cc,2026-06-15T09:45:00Z,2026-06-15T11:45:00+0200,449.13,MW,FR,FR,forecast_offshore_wind_generation,Wind Offshore,2026-07-11T19:30:56Z
2026-07-11T19:29:37Z,2026-07-11T21:29:37+0200,1d83aeba-7d53-466c-9cd8-cde3940d84cc,2026-06-15T10:00:00Z,2026-06-15T12:00:00+0200,450.29001,MW,FR,FR,forecast_offshore_wind_generation,Wind Offshore,2026-07-11T19:30:56Z
2026-07-11T19:29:37Z,2026-07-11T21:29:37+0200,1d83aeba-7d53-466c-9cd8-cde3940d84cc,2026-06-15T10:15:00Z,2026-06-15T12:15:00+0200,412.70999,MW,FR,FR,forecast_offshore_wind_generation,Wind Offshore,2026-07-11T19:30:56Z
2026-07-11T19:29:37Z,2026-07-11T21:29:37+0200,1d83aeba-7d53-466c-9cd8-cde3940d84cc,2026-06-15T10:30:00Z,2026-06-15T12:30:00+0200,375.12997,MW,FR,FR,forecast_offshore_wind_generation,Wind Offshore,2026-07-11T19:30:56Z
2026-07-11T19:29:37Z,2026-07-11T21:29:37+0200,1d83aeba-7d53-466c-9cd8-cde3940d84cc,2026-06-15T10:45:00Z,2026-06-15T12:45:00+0200,337.54001,MW,FR,FR,forecast_offshore_wind_generation,Wind Offshore,2026-07-11T19:30:56Z
2026-07-11T19:29:37Z,2026-07-11T21:29:37+0200,1d83aeba-7d53-466c-9cd8-cde3940d84cc,2026-06-15T11:00:00Z,2026-06-15T13:00:00+0200,299.97,MW,FR,FR,forecast_offshore_wind_generation,Wind Offshore,2026-07-11T19:30:56Z
2026-07-11T19:29:37Z,2026-07-11T21:29:37+0200,1d83aeba-7d53-466c-9cd8-cde3940d84cc,2026-06-15T11:15:00Z,2026-06-15T13:15:00+0200,300.53,MW,FR,FR,forecast_offshore_wind_generation,Wind Offshore,2026-07-11T19:30:56Z
2026-07-11T19:29:37Z,2026-07-11T21:29:37+0200,1d83aeba-7d53-466c-9cd8-cde3940d84cc,2026-06-15T11:30:00Z,2026-06-15T13:30:00+0200,301.12003,MW,FR,FR,forecast_offshore_wind_generation,Wind Offshore,2026-07-11T19:30:56Z
2026-07-11T19:29:37Z,2026-07-11T21:29:37+0200,1d83aeba-7d53-466c-9cd8-cde3940d84cc,2026-06-15T11:45:00Z,2026-06-15T13:45:00+0200,301.66998,MW,FR,FR,forecast_offshore_wind_generation,Wind Offshore,2026-07-11T19:30:56Z
2026-07-11T19:29:37Z,2026-07-11T21:29:37+0200,1d83aeba-7d53-466c-9cd8-cde3940d84cc,2026-06-15T12:00:00Z,2026-06-15T14:00:00+0200,302.25,MW,FR,FR,forecast_offshore_wind_generation,Wind Offshore,2026-07-11T19:30:56Z
2026-07-11T19:29:37Z,2026-07-11T21:29:37+0200,1d83aeba-7d53-466c-9cd8-cde3940d84cc,2026-06-15T12:15:00Z,2026-06-15T14:15:00+0200,294.26001,MW,FR,FR,forecast_offshore_wind_generation,Wind Offshore,2026-07-11T19:30:56Z
2026-07-11T19:29:37Z,2026-07-11T21:29:37+0200,1d83aeba-7d53-466c-9cd8-cde3940d84cc,2026-06-15T12:30:00Z,2026-06-15T14:30:00+0200,286.25,MW,FR,FR,forecast_offshore_wind_generation,Wind Offshore,2026-07-11T19:30:56Z
2026-07-11T19:29:37Z,2026-07-11T21:29:37+0200,1d83aeba-7d53-466c-9cd8-cde3940d84cc,2026-06-15T12:45:00Z,2026-06-15T14:45:00+0200,278.25998,MW,FR,FR,forecast_offshore_wind_generation,Wind Offshore,2026-07-11T19:30:56Z
2026-07-11T19:29:37Z,2026-07-11T21:29:37+0200,1d83aeba-7d53-466c-9cd8-cde3940d84cc,2026-06-15T13:00:00Z,2026-06-15T15:00:00+0200,270.27002,MW,FR,FR,forecast_offshore_wind_generation,Wind Offshore,2026-07-11T19:30:56Z
2026-07-11T19:29:37Z,2026-07-11T21:29:37+0200,1d83aeba-7d53-466c-9cd8-cde3940d84cc,2026-06-15T13:15:00Z,2026-06-15T15:15:00+0200,248.5,MW,FR,FR,forecast_offshore_wind_generation,Wind Offshore,2026-07-11T19:30:56Z
2026-07-11T19:29:37Z,2026-07-11T21:29:37+0200,1d83aeba-7d53-466c-9cd8-cde3940d84cc,2026-06-15T13:30:00Z,2026-06-15T15:30:00+0200,226.74001,MW,FR,FR,forecast_offshore_wind_generation,Wind Offshore,2026-07-11T19:30:56Z
2026-07-11T19:29:37Z,2026-07-11T21:29:37+0200,1d83aeba-7d53-466c-9cd8-cde3940d84cc,2026-06-15T13:45:00Z,2026-06-15T15:45:00+0200,205.0,MW,FR,FR,forecast_offshore_wind_generation,Wind Offshore,2026-07-11T19:30:56Z
2026-07-11T19:29:37Z,2026-07-11T21:29:37+0200,1d83aeba-7d53-466c-9cd8-cde3940d84cc,2026-06-15T14:00:00Z,2026-06-15T16:00:00+0200,183.25,MW,FR,FR,forecast_offshore_wind_generation,Wind Offshore,2026-07-11T19:30:56Z
2026-07-11T19:29:37Z,2026-07-11T21:29:37+0200,1d83aeba-7d53-466c-9cd8-cde3940d84cc,2026-06-15T14:15:00Z,2026-06-15T16:15:00+0200,187.98,MW,FR,FR,forecast_offshore_wind_generation,Wind Offshore,2026-07-11T19:30:56Z
2026-07-11T19:29:37Z,2026-07-11T21:29:37+0200,1d83aeba-7d53-466c-9cd8-cde3940d84cc,2026-06-15T14:30:00Z,2026-06-15T16:30:00+0200,192.75999,MW,FR,FR,forecast_offshore_wind_generation,Wind Offshore,2026-07-11T19:30:56Z
2026-07-11T19:29:37Z,2026-07-11T21:29:37+0200,1d83aeba-7d53-466c-9cd8-cde3940d84cc,2026-06-15T14:45:00Z,2026-06-15T16:45:00+0200,197.51001,MW,FR,FR,forecast_offshore_wind_generation,Wind Offshore,2026-07-11T19:30:56Z
2026-07-11T19:29:37Z,2026-07-11T21:29:37+0200,1d83aeba-7d53-466c-9cd8-cde3940d84cc,2026-06-15T15:00:00Z,2026-06-15T17:00:00+0200,202.25,MW,FR,FR,forecast_offshore_wind_generation,Wind Offshore,2026-07-11T19:30:56Z
2026-07-11T19:29:37Z,2026-07-11T21:29:37+0200,1d83aeba-7d53-466c-9cd8-cde3940d84cc,2026-06-15T15:15:00Z,2026-06-15T17:15:00+0200,226.98999,MW,FR,FR,forecast_offshore_wind_generation,Wind Offshore,2026-07-11T19:30:56Z
2026-07-11T19:29:37Z,2026-07-11T21:29:37+0200,1d83aeba-7d53-466c-9cd8-cde3940d84cc,2026-06-15T15:30:00Z,2026-06-15T17:30:00+0200,251.73,MW,FR,FR,forecast_offshore_wind_generation,Wind Offshore,2026-07-11T19:30:56Z
2026-07-11T19:29:37Z,2026-07-11T21:29:37+0200,1d83aeba-7d53-466c-9cd8-cde3940d84cc,2026-06-15T15:45:00Z,2026-06-15T17:45:00+0200,276.47,MW,FR,FR,forecast_offshore_wind_generation,Wind Offshore,2026-07-11T19:30:56Z
2026-07-11T19:29:37Z,2026-07-11T21:29:37+0200,1d83aeba-7d53-466c-9cd8-cde3940d84cc,2026-06-15T16:00:00Z,2026-06-15T18:00:00+0200,301.22,MW,FR,FR,forecast_offshore_wind_generation,Wind Offshore,2026-07-11T19:30:56Z
2026-07-11T19:29:37Z,2026-07-11T21:29:37+0200,1d83aeba-7d53-466c-9cd8-cde3940d84cc,2026-06-15T16:15:00Z,2026-06-15T18:15:00+0200,281.63998,MW,FR,FR,forecast_offshore_wind_generation,Wind Offshore,2026-07-11T19:30:56Z
2026-07-11T19:29:37Z,2026-07-11T21:29:37+0200,1d83aeba-7d53-466c-9cd8-cde3940d84cc,2026-06-15T16:30:00Z,2026-06-15T18:30:00+0200,262.04999,MW,FR,FR,forecast_offshore_wind_generation,Wind Offshore,2026-07-11T19:30:56Z
2026-07-11T19:29:37Z,2026-07-11T21:29:37+0200,1d83aeba-7d53-466c-9cd8-cde3940d84cc,2026-06-15T16:45:00Z,2026-06-15T18:45:00+0200,242.49001,MW,FR,FR,forecast_offshore_wind_generation,Wind Offshore,2026-07-11T19:30:56Z
2026-07-11T19:29:37Z,2026-07-11T21:29:37+0200,1d83aeba-7d53-466c-9cd8-cde3940d84cc,2026-06-15T17:00:00Z,2026-06-15T19:00:00+0200,222.91,MW,FR,FR,forecast_offshore_wind_generation,Wind Offshore,2026-07-11T19:30:56Z
2026-07-11T19:29:37Z,2026-07-11T21:29:37+0200,1d83aeba-7d53-466c-9cd8-cde3940d84cc,2026-06-15T17:15:00Z,2026-06-15T19:15:00+0200,211.14999,MW,FR,FR,forecast_offshore_wind_generation,Wind Offshore,2026-07-11T19:30:56Z
2026-07-11T19:29:37Z,2026-07-11T21:29:37+0200,1d83aeba-7d53-466c-9cd8-cde3940d84cc,2026-06-15T17:30:00Z,2026-06-15T19:30:00+0200,199.41,MW,FR,FR,forecast_offshore_wind_generation,Wind Offshore,2026-07-11T19:30:56Z
2026-07-11T19:29:37Z,2026-07-11T21:29:37+0200,1d83aeba-7d53-466c-9cd8-cde3940d84cc,2026-06-15T17:45:00Z,2026-06-15T19:45:00+0200,187.64,MW,FR,FR,forecast_offshore_wind_generation,Wind Offshore,2026-07-11T19:30:56Z
2026-07-11T19:29:37Z,2026-07-11T21:29:37+0200,1d83aeba-7d53-466c-9cd8-cde3940d84cc,2026-06-15T18:00:00Z,2026-06-15T20:00:00+0200,175.89999,MW,FR,FR,forecast_offshore_wind_generation,Wind Offshore,2026-07-11T19:30:56Z
2026-07-11T19:29:37Z,2026-07-11T21:29:37+0200,1d83aeba-7d53-466c-9cd8-cde3940d84cc,2026-06-15T18:15:00Z,2026-06-15T20:15:00+0200,181.06999,MW,FR,FR,forecast_offshore_wind_generation,Wind Offshore,2026-07-11T19:30:56Z
2026-07-11T19:29:37Z,2026-07-11T21:29:37+0200,1d83aeba-7d53-466c-9cd8-cde3940d84cc,2026-06-15T18:30:00Z,2026-06-15T20:30:00+0200,186.24001,MW,FR,FR,forecast_offshore_wind_generation,Wind Offshore,2026-07-11T19:30:56Z
2026-07-11T19:29:37Z,2026-07-11T21:29:37+0200,1d83aeba-7d53-466c-9cd8-cde3940d84cc,2026-06-15T18:45:00Z,2026-06-15T20:45:00+0200,191.42,MW,FR,FR,forecast_offshore_wind_generation,Wind Offshore,2026-07-11T19:30:56Z
2026-07-11T19:29:37Z,2026-07-11T21:29:37+0200,1d83aeba-7d53-466c-9cd8-cde3940d84cc,2026-06-15T19:00:00Z,2026-06-15T21:00:00+0200,196.59999,MW,FR,FR,forecast_offshore_wind_generation,Wind Offshore,2026-07-11T19:30:56Z
2026-07-11T19:29:37Z,2026-07-11T21:29:37+0200,1d83aeba-7d53-466c-9cd8-cde3940d84cc,2026-06-15T19:15:00Z,2026-06-15T21:15:00+0200,200.40001,MW,FR,FR,forecast_offshore_wind_generation,Wind Offshore,2026-07-11T19:30:56Z
2026-07-11T19:29:37Z,2026-07-11T21:29:37+0200,1d83aeba-7d53-466c-9cd8-cde3940d84cc,2026-06-15T19:30:00Z,2026-06-15T21:30:00+0200,204.2,MW,FR,FR,forecast_offshore_wind_generation,Wind Offshore,2026-07-11T19:30:56Z
2026-07-11T19:29:37Z,2026-07-11T21:29:37+0200,1d83aeba-7d53-466c-9cd8-cde3940d84cc,2026-06-15T19:45:00Z,2026-06-15T21:45:00+0200,208.0,MW,FR,FR,forecast_offshore_wind_generation,Wind Offshore,2026-07-11T19:30:56Z
2026-07-11T19:29:37Z,2026-07-11T21:29:37+0200,1d83aeba-7d53-466c-9cd8-cde3940d84cc,2026-06-15T20:00:00Z,2026-06-15T22:00:00+0200,211.80002,MW,FR,FR,forecast_offshore_wind_generation,Wind Offshore,2026-07-11T19:30:56Z
2026-07-11T19:29:37Z,2026-07-11T21:29:37+0200,1d83aeba-7d53-466c-9cd8-cde3940d84cc,2026-06-15T20:15:00Z,2026-06-15T22:15:00+0200,219.55002,MW,FR,FR,forecast_offshore_wind_generation,Wind Offshore,2026-07-11T19:30:56Z
2026-07-11T19:29:37Z,2026-07-11T21:29:37+0200,1d83aeba-7d53-466c-9cd8-cde3940d84cc,2026-06-15T20:30:00Z,2026-06-15T22:30:00+0200,227.29999,MW,FR,FR,forecast_offshore_wind_generation,Wind Offshore,2026-07-11T19:30:56Z
2026-07-11T19:29:37Z,2026-07-11T21:29:37+0200,1d83aeba-7d53-466c-9cd8-cde3940d84cc,2026-06-15T20:45:00Z,2026-06-15T22:45:00+0200,235.04001,MW,FR,FR,forecast_offshore_wind_generation,Wind Offshore,2026-07-11T19:30:56Z
2026-07-11T19:29:37Z,2026-07-11T21:29:37+0200,1d83aeba-7d53-466c-9cd8-cde3940d84cc,2026-06-15T21:00:00Z,2026-06-15T23:00:00+0200,242.78,MW,FR,FR,forecast_offshore_wind_generation,Wind Offshore,2026-07-11T19:30:56Z
2026-07-11T19:29:37Z,2026-07-11T21:29:37+0200,1d83aeba-7d53-466c-9cd8-cde3940d84cc,2026-06-15T21:15:00Z,2026-06-15T23:15:00+0200,275.81998,MW,FR,FR,forecast_offshore_wind_generation,Wind Offshore,2026-07-11T19:30:56Z
2026-07-11T19:29:37Z,2026-07-11T21:29:37+0200,1d83aeba-7d53-466c-9cd8-cde3940d84cc,2026-06-15T21:30:00Z,2026-06-15T23:30:00+0200,308.85999,MW,FR,FR,forecast_offshore_wind_generation,Wind Offshore,2026-07-11T19:30:56Z
2026-07-11T19:29:37Z,2026-07-11T21:29:37+0200,1d83aeba-7d53-466c-9cd8-cde3940d84cc,2026-06-15T21:45:00Z,2026-06-15T23:45:00+0200,341.88,MW,FR,FR,forecast_offshore_wind_generation,Wind Offshore,2026-07-11T19:30:56Z
2026-07-11T19:29:37Z,2026-07-11T21:29:37+0200,1d83aeba-7d53-466c-9cd8-cde3940d84cc,2026-06-15T22:00:00Z,2026-06-16T00:00:00+0200,591.56,MW,FR,FR,forecast_offshore_wind_generation,Wind Offshore,2026-07-11T19:30:56Z
2026-07-11T19:29:37Z,2026-07-11T21:29:37+0200,1d83aeba-7d53-466c-9cd8-cde3940d84cc,2026-06-15T22:15:00Z,2026-06-16T00:15:00+0200,575.09998,MW,FR,FR,forecast_offshore_wind_generation,Wind Offshore,2026-07-11T19:30:56Z
2026-07-11T19:29:37Z,2026-07-11T21:29:37+0200,1d83aeba-7d53-466c-9cd8-cde3940d84cc,2026-06-15T22:30:00Z,2026-06-16T00:30:00+0200,558.64996,MW,FR,FR,forecast_offshore_wind_generation,Wind Offshore,2026-07-11T19:30:56Z
2026-07-11T19:29:37Z,2026-07-11T21:29:37+0200,1d83aeba-7d53-466c-9cd8-cde3940d84cc,2026-06-15T22:45:00Z,2026-06-16T00:45:00+0200,542.31,MW,FR,FR,forecast_offshore_wind_generation,Wind Offshore,2026-07-11T19:30:56Z
2026-07-11T19:29:37Z,2026-07-11T21:29:37+0200,1d83aeba-7d53-466c-9cd8-cde3940d84cc,2026-06-15T23:00:00Z,2026-06-16T01:00:00+0200,525.96997,MW,FR,FR,forecast_offshore_wind_generation,Wind Offshore,2026-07-11T19:30:56Z
2026-07-11T19:29:37Z,2026-07-11T21:29:37+0200,1d83aeba-7d53-466c-9cd8-cde3940d84cc,2026-06-15T23:15:00Z,2026-06-16T01:15:00+0200,533.51001,MW,FR,FR,forecast_offshore_wind_generation,Wind Offshore,2026-07-11T19:30:56Z
2026-07-11T19:29:37Z,2026-07-11T21:29:37+0200,1d83aeba-7d53-466c-9cd8-cde3940d84cc,2026-06-15T23:30:00Z,2026-06-16T01:30:00+0200,541.04999,MW,FR,FR,forecast_offshore_wind_generation,Wind Offshore,2026-07-11T19:30:56Z
2026-07-11T19:29:37Z,2026-07-11T21:29:37+0200,1d83aeba-7d53-466c-9cd8-cde3940d84cc,2026-06-15T23:45:00Z,2026-06-16T01:45:00+0200,548.62,MW,FR,FR,forecast_offshore_wind_generation,Wind Offshore,2026-07-11T19:30:56Z
2026-07-11T19:29:37Z,2026-07-11T21:29:37+0200,1d83aeba-7d53-466c-9cd8-cde3940d84cc,2026-06-16T00:00:00Z,2026-06-16T02:00:00+0200,556.20001,MW,FR,FR,forecast_offshore_wind_generation,Wind Offshore,2026-07-11T19:30:56Z
2026-07-11T19:29:37Z,2026-07-11T21:29:37+0200,1d83aeba-7d53-466c-9cd8-cde3940d84cc,2026-06-16T00:15:00Z,2026-06-16T02:15:00+0200,551.02002,MW,FR,FR,forecast_offshore_wind_generation,Wind Offshore,2026-07-11T19:30:56Z
2026-07-11T19:29:37Z,2026-07-11T21:29:37+0200,1d83aeba-7d53-466c-9cd8-cde3940d84cc,2026-06-16T00:30:00Z,2026-06-16T02:30:00+0200,545.84998,MW,FR,FR,forecast_offshore_wind_generation,Wind Offshore,2026-07-11T19:30:56Z
2026-07-11T19:29:37Z,2026-07-11T21:29:37+0200,1d83aeba-7d53-466c-9cd8-cde3940d84cc,2026-06-16T00:45:00Z,2026-06-16T02:45:00+0200,540.67004,MW,FR,FR,forecast_offshore_wind_generation,Wind Offshore,2026-07-11T19:30:56Z
2026-07-11T19:29:37Z,2026-07-11T21:29:37+0200,1d83aeba-7d53-466c-9cd8-cde3940d84cc,2026-06-16T01:00:00Z,2026-06-16T03:00:00+0200,535.47998,MW,FR,FR,forecast_offshore_wind_generation,Wind Offshore,2026-07-11T19:30:56Z
2026-07-11T19:29:37Z,2026-07-11T21:29:37+0200,1d83aeba-7d53-466c-9cd8-cde3940d84cc,2026-06-16T01:15:00Z,2026-06-16T03:15:00+0200,527.03003,MW,FR,FR,forecast_offshore_wind_generation,Wind Offshore,2026-07-11T19:30:56Z
2026-07-11T19:29:37Z,2026-07-11T21:29:37+0200,1d83aeba-7d53-466c-9cd8-cde3940d84cc,2026-06-16T01:30:00Z,2026-06-16T03:30:00+0200,518.56,MW,FR,FR,forecast_offshore_wind_generation,Wind Offshore,2026-07-11T19:30:56Z
2026-07-11T19:29:37Z,2026-07-11T21:29:37+0200,1d83aeba-7d53-466c-9cd8-cde3940d84cc,2026-06-16T01:45:00Z,2026-06-16T03:45:00+0200,510.07001,MW,FR,FR,forecast_offshore_wind_generation,Wind Offshore,2026-07-11T19:30:56Z
2026-07-11T19:29:37Z,2026-07-11T21:29:37+0200,1d83aeba-7d53-466c-9cd8-cde3940d84cc,2026-06-16T02:00:00Z,2026-06-16T04:00:00+0200,501.60001,MW,FR,FR,forecast_offshore_wind_generation,Wind Offshore,2026-07-11T19:30:56Z
2026-07-11T19:29:37Z,2026-07-11T21:29:37+0200,1d83aeba-7d53-466c-9cd8-cde3940d84cc,2026-06-16T02:15:00Z,2026-06-16T04:15:00+0200,485.82999,MW,FR,FR,forecast_offshore_wind_generation,Wind Offshore,2026-07-11T19:30:56Z
2026-07-11T19:29:37Z,2026-07-11T21:29:37+0200,1d83aeba-7d53-466c-9cd8-cde3940d84cc,2026-06-16T02:30:00Z,2026-06-16T04:30:00+0200,470.07999,MW,FR,FR,forecast_offshore_wind_generation,Wind Offshore,2026-07-11T19:30:56Z
2026-07-11T19:29:37Z,2026-07-11T21:29:37+0200,1d83aeba-7d53-466c-9cd8-cde3940d84cc,2026-06-16T02:45:00Z,2026-06-16T04:45:00+0200,454.32999,MW,FR,FR,forecast_offshore_wind_generation,Wind Offshore,2026-07-11T19:30:56Z
2026-07-11T19:29:37Z,2026-07-11T21:29:37+0200,1d83aeba-7d53-466c-9cd8-cde3940d84cc,2026-06-16T03:00:00Z,2026-06-16T05:00:00+0200,438.56,MW,FR,FR,forecast_offshore_wind_generation,Wind Offshore,2026-07-11T19:30:56Z
2026-07-11T19:29:37Z,2026-07-11T21:29:37+0200,1d83aeba-7d53-466c-9cd8-cde3940d84cc,2026-06-16T03:15:00Z,2026-06-16T05:15:00+0200,430.34998,MW,FR,FR,forecast_offshore_wind_generation,Wind Offshore,2026-07-11T19:30:56Z
2026-07-11T19:29:37Z,2026-07-11T21:29:37+0200,1d83aeba-7d53-466c-9cd8-cde3940d84cc,2026-06-16T03:30:00Z,2026-06-16T05:30:00+0200,422.13,MW,FR,FR,forecast_offshore_wind_generation,Wind Offshore,2026-07-11T19:30:56Z
2026-07-11T19:29:37Z,2026-07-11T21:29:37+0200,1d83aeba-7d53-466c-9cd8-cde3940d84cc,2026-06-16T03:45:00Z,2026-06-16T05:45:00+0200,413.94,MW,FR,FR,forecast_offshore_wind_generation,Wind Offshore,2026-07-11T19:30:56Z
2026-07-11T19:29:37Z,2026-07-11T21:29:37+0200,1d83aeba-7d53-466c-9cd8-cde3940d84cc,2026-06-16T04:00:00Z,2026-06-16T06:00:00+0200,405.76001,MW,FR,FR,forecast_offshore_wind_generation,Wind Offshore,2026-07-11T19:30:56Z
2026-07-11T19:29:37Z,2026-07-11T21:29:37+0200,1d83aeba-7d53-466c-9cd8-cde3940d84cc,2026-06-16T04:15:00Z,2026-06-16T06:15:00+0200,380.91998,MW,FR,FR,forecast_offshore_wind_generation,Wind Offshore,2026-07-11T19:30:56Z
2026-07-11T19:29:37Z,2026-07-11T21:29:37+0200,1d83aeba-7d53-466c-9cd8-cde3940d84cc,2026-06-16T04:30:00Z,2026-06-16T06:30:00+0200,356.10999,MW,FR,FR,forecast_offshore_wind_generation,Wind Offshore,2026-07-11T19:30:56Z
2026-07-11T19:29:37Z,2026-07-11T21:29:37+0200,1d83aeba-7d53-466c-9cd8-cde3940d84cc,2026-06-16T04:45:00Z,2026-06-16T06:45:00+0200,331.31,MW,FR,FR,forecast_offshore_wind_generation,Wind Offshore,2026-07-11T19:30:56Z
2026-07-11T19:29:37Z,2026-07-11T21:29:37+0200,1d83aeba-7d53-466c-9cd8-cde3940d84cc,2026-06-16T05:00:00Z,2026-06-16T07:00:00+0200,306.51999,MW,FR,FR,forecast_offshore_wind_generation,Wind Offshore,2026-07-11T19:30:56Z
2026-07-11T19:29:37Z,2026-07-11T21:29:37+0200,1d83aeba-7d53-466c-9cd8-cde3940d84cc,2026-06-16T05:15:00Z,2026-06-16T07:15:00+0200,285.91,MW,FR,FR,forecast_offshore_wind_generation,Wind Offshore,2026-07-11T19:30:56Z
2026-07-11T19:29:37Z,2026-07-11T21:29:37+0200,1d83aeba-7d53-466c-9cd8-cde3940d84cc,2026-06-16T05:30:00Z,2026-06-16T07:30:00+0200,265.29001,MW,FR,FR,forecast_offshore_wind_generation,Wind Offshore,2026-07-11T19:30:56Z
2026-07-11T19:29:37Z,2026-07-11T21:29:37+0200,1d83aeba-7d53-466c-9cd8-cde3940d84cc,2026-06-16T05:45:00Z,2026-06-16T07:45:00+0200,244.73,MW,FR,FR,forecast_offshore_wind_generation,Wind Offshore,2026-07-11T19:30:56Z
2026-07-11T19:29:37Z,2026-07-11T21:29:37+0200,1d83aeba-7d53-466c-9cd8-cde3940d84cc,2026-06-16T06:00:00Z,2026-06-16T08:00:00+0200,224.14,MW,FR,FR,forecast_offshore_wind_generation,Wind Offshore,2026-07-11T19:30:56Z
2026-07-11T19:29:37Z,2026-07-11T21:29:37+0200,1d83aeba-7d53-466c-9cd8-cde3940d84cc,2026-06-16T06:15:00Z,2026-06-16T08:15:00+0200,210.85001,MW,FR,FR,forecast_offshore_wind_generation,Wind Offshore,2026-07-11T19:30:56Z
2026-07-11T19:29:37Z,2026-07-11T21:29:37+0200,1d83aeba-7d53-466c-9cd8-cde3940d84cc,2026-06-16T06:30:00Z,2026-06-16T08:30:00+0200,197.59,MW,FR,FR,forecast_offshore_wind_generation,Wind Offshore,2026-07-11T19:30:56Z
2026-07-11T19:29:37Z,2026-07-11T21:29:37+0200,1d83aeba-7d53-466c-9cd8-cde3940d84cc,2026-06-16T06:45:00Z,2026-06-16T08:45:00+0200,184.34,MW,FR,FR,forecast_offshore_wind_generation,Wind Offshore,2026-07-11T19:30:56Z
2026-07-11T19:29:37Z,2026-07-11T21:29:37+0200,1d83aeba-7d53-466c-9cd8-cde3940d84cc,2026-06-16T07:00:00Z,2026-06-16T09:00:00+0200,171.07999,MW,FR,FR,forecast_offshore_wind_generation,Wind Offshore,2026-07-11T19:30:56Z
2026-07-11T19:29:37Z,2026-07-11T21:29:37+0200,1d83aeba-7d53-466c-9cd8-cde3940d84cc,2026-06-16T07:15:00Z,2026-06-16T09:15:00+0200,165.12,MW,FR,FR,forecast_offshore_wind_generation,Wind Offshore,2026-07-11T19:30:56Z
2026-07-11T19:29:37Z,2026-07-11T21:29:37+0200,1d83aeba-7d53-466c-9cd8-cde3940d84cc,2026-06-16T07:30:00Z,2026-06-16T09:30:00+0200,159.14999,MW,FR,FR,forecast_offshore_wind_generation,Wind Offshore,2026-07-11T19:30:56Z
2026-07-11T19:29:37Z,2026-07-11T21:29:37+0200,1d83aeba-7d53-466c-9cd8-cde3940d84cc,2026-06-16T07:45:00Z,2026-06-16T09:45:00+0200,153.19,MW,FR,FR,forecast_offshore_wind_generation,Wind Offshore,2026-07-11T19:30:56Z
2026-07-11T19:29:37Z,2026-07-11T21:29:37+0200,1d83aeba-7d53-466c-9cd8-cde3940d84cc,2026-06-16T08:00:00Z,2026-06-16T10:00:00+0200,147.23001,MW,FR,FR,forecast_offshore_wind_generation,Wind Offshore,2026-07-11T19:30:56Z
2026-07-11T19:29:37Z,2026-07-11T21:29:37+0200,1d83aeba-7d53-466c-9cd8-cde3940d84cc,2026-06-16T08:15:00Z,2026-06-16T10:15:00+0200,142.94,MW,FR,FR,forecast_offshore_wind_generation,Wind Offshore,2026-07-11T19:30:56Z
2026-07-11T19:29:37Z,2026-07-11T21:29:37+0200,1d83aeba-7d53-466c-9cd8-cde3940d84cc,2026-06-16T08:30:00Z,2026-06-16T10:30:00+0200,138.64,MW,FR,FR,forecast_offshore_wind_generation,Wind Offshore,2026-07-11T19:30:56Z
2026-07-11T19:29:37Z,2026-07-11T21:29:37+0200,1d83aeba-7d53-466c-9cd8-cde3940d84cc,2026-06-16T08:45:00Z,2026-06-16T10:45:00+0200,134.36002,MW,FR,FR,forecast_offshore_wind_generation,Wind Offshore,2026-07-11T19:30:56Z
2026-07-11T19:29:37Z,2026-07-11T21:29:37+0200,1d83aeba-7d53-466c-9cd8-cde3940d84cc,2026-06-16T09:00:00Z,2026-06-16T11:00:00+0200,130.07001,MW,FR,FR,forecast_offshore_wind_generation,Wind Offshore,2026-07-11T19:30:56Z
2026-07-11T19:29:37Z,2026-07-11T21:29:37+0200,1d83aeba-7d53-466c-9cd8-cde3940d84cc,2026-06-16T09:15:00Z,2026-06-16T11:15:00+0200,130.81,MW,FR,FR,forecast_offshore_wind_generation,Wind Offshore,2026-07-11T19:30:56Z
2026-07-11T19:29:37Z,2026-07-11T21:29:37+0200,1d83aeba-7d53-466c-9cd8-cde3940d84cc,2026-06-16T09:30:00Z,2026-06-16T11:30:00+0200,131.54001,MW,FR,FR,forecast_offshore_wind_generation,Wind Offshore,2026-07-11T19:30:56Z
2026-07-11T19:29:37Z,2026-07-11T21:29:37+0200,1d83aeba-7d53-466c-9cd8-cde3940d84cc,2026-06-16T09:45:00Z,2026-06-16T11:45:00+0200,132.28,MW,FR,FR,forecast_offshore_wind_generation,Wind Offshore,2026-07-11T19:30:56Z
2026-07-11T19:29:37Z,2026-07-11T21:29:37+0200,1d83aeba-7d53-466c-9cd8-cde3940d84cc,2026-06-16T10:00:00Z,2026-06-16T12:00:00+0200,133.00999,MW,FR,FR,forecast_offshore_wind_generation,Wind Offshore,2026-07-11T19:30:56Z
2026-07-11T19:29:37Z,2026-07-11T21:29:37+0200,1d83aeba-7d53-466c-9cd8-cde3940d84cc,2026-06-16T10:15:00Z,2026-06-16T12:15:00+0200,138.16,MW,FR,FR,forecast_offshore_wind_generation,Wind Offshore,2026-07-11T19:30:56Z
2026-07-11T19:29:37Z,2026-07-11T21:29:37+0200,1d83aeba-7d53-466c-9cd8-cde3940d84cc,2026-06-16T10:30:00Z,2026-06-16T12:30:00+0200,143.31,MW,FR,FR,forecast_offshore_wind_generation,Wind Offshore,2026-07-11T19:30:56Z
2026-07-11T19:29:37Z,2026-07-11T21:29:37+0200,1d83aeba-7d53-466c-9cd8-cde3940d84cc,2026-06-16T10:45:00Z,2026-06-16T12:45:00+0200,148.46001,MW,FR,FR,forecast_offshore_wind_generation,Wind Offshore,2026-07-11T19:30:56Z
2026-07-11T19:29:37Z,2026-07-11T21:29:37+0200,1d83aeba-7d53-466c-9cd8-cde3940d84cc,2026-06-16T11:00:00Z,2026-06-16T13:00:00+0200,153.62,MW,FR,FR,forecast_offshore_wind_generation,Wind Offshore,2026-07-11T19:30:56Z
2026-07-11T19:29:37Z,2026-07-11T21:29:37+0200,1d83aeba-7d53-466c-9cd8-cde3940d84cc,2026-06-16T11:15:00Z,2026-06-16T13:15:00+0200,160.78,MW,FR,FR,forecast_offshore_wind_generation,Wind Offshore,2026-07-11T19:30:56Z
2026-07-11T19:29:37Z,2026-07-11T21:29:37+0200,1d83aeba-7d53-466c-9cd8-cde3940d84cc,2026-06-16T11:30:00Z,2026-06-16T13:30:00+0200,167.96001,MW,FR,FR,forecast_offshore_wind_generation,Wind Offshore,2026-07-11T19:30:56Z
2026-07-11T19:29:37Z,2026-07-11T21:29:37+0200,1d83aeba-7d53-466c-9cd8-cde3940d84cc,2026-06-16T11:45:00Z,2026-06-16T13:45:00+0200,175.13998,MW,FR,FR,forecast_offshore_wind_generation,Wind Offshore,2026-07-11T19:30:56Z
2026-07-11T19:29:37Z,2026-07-11T21:29:37+0200,1d83aeba-7d53-466c-9cd8-cde3940d84cc,2026-06-16T12:00:00Z,2026-06-16T14:00:00+0200,182.31999,MW,FR,FR,forecast_offshore_wind_generation,Wind Offshore,2026-07-11T19:30:56Z
2026-07-11T19:29:37Z,2026-07-11T21:29:37+0200,1d83aeba-7d53-466c-9cd8-cde3940d84cc,2026-06-16T12:15:00Z,2026-06-16T14:15:00+0200,198.75999,MW,FR,FR,forecast_offshore_wind_generation,Wind Offshore,2026-07-11T19:30:56Z
2026-07-11T19:29:37Z,2026-07-11T21:29:37+0200,1d83aeba-7d53-466c-9cd8-cde3940d84cc,2026-06-16T12:30:00Z,2026-06-16T14:30:00+0200,215.21001,MW,FR,FR,forecast_offshore_wind_generation,Wind Offshore,2026-07-11T19:30:56Z
2026-07-11T19:29:37Z,2026-07-11T21:29:37+0200,1d83aeba-7d53-466c-9cd8-cde3940d84cc,2026-06-16T12:45:00Z,2026-06-16T14:45:00+0200,231.66,MW,FR,FR,forecast_offshore_wind_generation,Wind Offshore,2026-07-11T19:30:56Z
2026-07-11T19:29:37Z,2026-07-11T21:29:37+0200,1d83aeba-7d53-466c-9cd8-cde3940d84cc,2026-06-16T13:00:00Z,2026-06-16T15:00:00+0200,248.10001,MW,FR,FR,forecast_offshore_wind_generation,Wind Offshore,2026-07-11T19:30:56Z
2026-07-11T19:29:37Z,2026-07-11T21:29:37+0200,1d83aeba-7d53-466c-9cd8-cde3940d84cc,2026-06-16T13:15:00Z,2026-06-16T15:15:00+0200,259.51001,MW,FR,FR,forecast_offshore_wind_generation,Wind Offshore,2026-07-11T19:30:56Z
2026-07-11T19:29:37Z,2026-07-11T21:29:37+0200,1d83aeba-7d53-466c-9cd8-cde3940d84cc,2026-06-16T13:30:00Z,2026-06-16T15:30:00+0200,270.92999,MW,FR,FR,forecast_offshore_wind_generation,Wind Offshore,2026-07-11T19:30:56Z
2026-07-11T19:29:37Z,2026-07-11T21:29:37+0200,1d83aeba-7d53-466c-9cd8-cde3940d84cc,2026-06-16T13:45:00Z,2026-06-16T15:45:00+0200,282.32004,MW,FR,FR,forecast_offshore_wind_generation,Wind Offshore,2026-07-11T19:30:56Z
2026-07-11T19:29:37Z,2026-07-11T21:29:37+0200,1d83aeba-7d53-466c-9cd8-cde3940d84cc,2026-06-16T14:00:00Z,2026-06-16T16:00:00+0200,293.72,MW,FR,FR,forecast_offshore_wind_generation,Wind Offshore,2026-07-11T19:30:56Z
2026-07-11T19:29:37Z,2026-07-11T21:29:37+0200,1d83aeba-7d53-466c-9cd8-cde3940d84cc,2026-06-16T14:15:00Z,2026-06-16T16:15:00+0200,297.85001,MW,FR,FR,forecast_offshore_wind_generation,Wind Offshore,2026-07-11T19:30:56Z
2026-07-11T19:29:37Z,2026-07-11T21:29:37+0200,1d83aeba-7d53-466c-9cd8-cde3940d84cc,2026-06-16T14:30:00Z,2026-06-16T16:30:00+0200,301.98001,MW,FR,FR,forecast_offshore_wind_generation,Wind Offshore,2026-07-11T19:30:56Z
2026-07-11T19:29:37Z,2026-07-11T21:29:37+0200,1d83aeba-7d53-466c-9cd8-cde3940d84cc,2026-06-16T14:45:00Z,2026-06-16T16:45:00+0200,306.09003,MW,FR,FR,forecast_offshore_wind_generation,Wind Offshore,2026-07-11T19:30:56Z
2026-07-11T19:29:37Z,2026-07-11T21:29:37+0200,1d83aeba-7d53-466c-9cd8-cde3940d84cc,2026-06-16T15:00:00Z,2026-06-16T17:00:00+0200,310.22,MW,FR,FR,forecast_offshore_wind_generation,Wind Offshore,2026-07-11T19:30:56Z
2026-07-11T19:29:37Z,2026-07-11T21:29:37+0200,1d83aeba-7d53-466c-9cd8-cde3940d84cc,2026-06-16T15:15:00Z,2026-06-16T17:15:00+0200,300.14001,MW,FR,FR,forecast_offshore_wind_generation,Wind Offshore,2026-07-11T19:30:56Z
2026-07-11T19:29:37Z,2026-07-11T21:29:37+0200,1d83aeba-7d53-466c-9cd8-cde3940d84cc,2026-06-16T15:30:00Z,2026-06-16T17:30:00+0200,290.07001,MW,FR,FR,forecast_offshore_wind_generation,Wind Offshore,2026-07-11T19:30:56Z
2026-07-11T19:29:37Z,2026-07-11T21:29:37+0200,1d83aeba-7d53-466c-9cd8-cde3940d84cc,2026-06-16T15:45:00Z,2026-06-16T17:45:00+0200,279.98001,MW,FR,FR,forecast_offshore_wind_generation,Wind Offshore,2026-07-11T19:30:56Z
2026-07-11T19:29:37Z,2026-07-11T21:29:37+0200,1d83aeba-7d53-466c-9cd8-cde3940d84cc,2026-06-16T16:00:00Z,2026-06-16T18:00:00+0200,269.91,MW,FR,FR,forecast_offshore_wind_generation,Wind Offshore,2026-07-11T19:30:56Z
2026-07-11T19:29:37Z,2026-07-11T21:29:37+0200,1d83aeba-7d53-466c-9cd8-cde3940d84cc,2026-06-16T16:15:00Z,2026-06-16T18:15:00+0200,263.67999,MW,FR,FR,forecast_offshore_wind_generation,Wind Offshore,2026-07-11T19:30:56Z
2026-07-11T19:29:37Z,2026-07-11T21:29:37+0200,1d83aeba-7d53-466c-9cd8-cde3940d84cc,2026-06-16T16:30:00Z,2026-06-16T18:30:00+0200,257.45001,MW,FR,FR,forecast_offshore_wind_generation,Wind Offshore,2026-07-11T19:30:56Z
2026-07-11T19:29:37Z,2026-07-11T21:29:37+0200,1d83aeba-7d53-466c-9cd8-cde3940d84cc,2026-06-16T16:45:00Z,2026-06-16T18:45:00+0200,251.20001,MW,FR,FR,forecast_offshore_wind_generation,Wind Offshore,2026-07-11T19:30:56Z
2026-07-11T19:29:37Z,2026-07-11T21:29:37+0200,1d83aeba-7d53-466c-9cd8-cde3940d84cc,2026-06-16T17:00:00Z,2026-06-16T19:00:00+0200,244.94,MW,FR,FR,forecast_offshore_wind_generation,Wind Offshore,2026-07-11T19:30:56Z
2026-07-11T19:29:37Z,2026-07-11T21:29:37+0200,1d83aeba-7d53-466c-9cd8-cde3940d84cc,2026-06-16T17:15:00Z,2026-06-16T19:15:00+0200,238.03,MW,FR,FR,forecast_offshore_wind_generation,Wind Offshore,2026-07-11T19:30:56Z
2026-07-11T19:29:37Z,2026-07-11T21:29:37+0200,1d83aeba-7d53-466c-9cd8-cde3940d84cc,2026-06-16T17:30:00Z,2026-06-16T19:30:00+0200,231.11,MW,FR,FR,forecast_offshore_wind_generation,Wind Offshore,2026-07-11T19:30:56Z
2026-07-11T19:29:37Z,2026-07-11T21:29:37+0200,1d83aeba-7d53-466c-9cd8-cde3940d84cc,2026-06-16T17:45:00Z,2026-06-16T19:45:00+0200,224.17,MW,FR,FR,forecast_offshore_wind_generation,Wind Offshore,2026-07-11T19:30:56Z
2026-07-11T19:29:37Z,2026-07-11T21:29:37+0200,1d83aeba-7d53-466c-9cd8-cde3940d84cc,2026-06-16T18:00:00Z,2026-06-16T20:00:00+0200,217.20999,MW,FR,FR,forecast_offshore_wind_generation,Wind Offshore,2026-07-11T19:30:56Z
2026-07-11T19:29:37Z,2026-07-11T21:29:37+0200,1d83aeba-7d53-466c-9cd8-cde3940d84cc,2026-06-16T18:15:00Z,2026-06-16T20:15:00+0200,219.81999,MW,FR,FR,forecast_offshore_wind_generation,Wind Offshore,2026-07-11T19:30:56Z
2026-07-11T19:29:37Z,2026-07-11T21:29:37+0200,1d83aeba-7d53-466c-9cd8-cde3940d84cc,2026-06-16T18:30:00Z,2026-06-16T20:30:00+0200,222.40001,MW,FR,FR,forecast_offshore_wind_generation,Wind Offshore,2026-07-11T19:30:56Z
2026-07-11T19:29:37Z,2026-07-11T21:29:37+0200,1d83aeba-7d53-466c-9cd8-cde3940d84cc,2026-06-16T18:45:00Z,2026-06-16T20:45:00+0200,225.00999,MW,FR,FR,forecast_offshore_wind_generation,Wind Offshore,2026-07-11T19:30:56Z
2026-07-11T19:29:37Z,2026-07-11T21:29:37+0200,1d83aeba-7d53-466c-9cd8-cde3940d84cc,2026-06-16T19:00:00Z,2026-06-16T21:00:00+0200,227.62001,MW,FR,FR,forecast_offshore_wind_generation,Wind Offshore,2026-07-11T19:30:56Z
2026-07-11T19:29:37Z,2026-07-11T21:29:37+0200,1d83aeba-7d53-466c-9cd8-cde3940d84cc,2026-06-16T19:15:00Z,2026-06-16T21:15:00+0200,220.35001,MW,FR,FR,forecast_offshore_wind_generation,Wind Offshore,2026-07-11T19:30:56Z
2026-07-11T19:29:37Z,2026-07-11T21:29:37+0200,1d83aeba-7d53-466c-9cd8-cde3940d84cc,2026-06-16T19:30:00Z,2026-06-16T21:30:00+0200,213.06001,MW,FR,FR,forecast_offshore_wind_generation,Wind Offshore,2026-07-11T19:30:56Z
2026-07-11T19:29:37Z,2026-07-11T21:29:37+0200,1d83aeba-7d53-466c-9cd8-cde3940d84cc,2026-06-16T19:45:00Z,2026-06-16T21:45:00+0200,205.8,MW,FR,FR,forecast_offshore_wind_generation,Wind Offshore,2026-07-11T19:30:56Z
2026-07-11T19:29:37Z,2026-07-11T21:29:37+0200,1d83aeba-7d53-466c-9cd8-cde3940d84cc,2026-06-16T20:00:00Z,2026-06-16T22:00:00+0200,198.53,MW,FR,FR,forecast_offshore_wind_generation,Wind Offshore,2026-07-11T19:30:56Z
2026-07-11T19:29:37Z,2026-07-11T21:29:37+0200,1d83aeba-7d53-466c-9cd8-cde3940d84cc,2026-06-16T20:15:00Z,2026-06-16T22:15:00+0200,192.95999,MW,FR,FR,forecast_offshore_wind_generation,Wind Offshore,2026-07-11T19:30:56Z
2026-07-11T19:29:37Z,2026-07-11T21:29:37+0200,1d83aeba-7d53-466c-9cd8-cde3940d84cc,2026-06-16T20:30:00Z,2026-06-16T22:30:00+0200,187.38,MW,FR,FR,forecast_offshore_wind_generation,Wind Offshore,2026-07-11T19:30:56Z
2026-07-11T19:29:37Z,2026-07-11T21:29:37+0200,1d83aeba-7d53-466c-9cd8-cde3940d84cc,2026-06-16T20:45:00Z,2026-06-16T22:45:00+0200,181.81,MW,FR,FR,forecast_offshore_wind_generation,Wind Offshore,2026-07-11T19:30:56Z
2026-07-11T19:29:37Z,2026-07-11T21:29:37+0200,1d83aeba-7d53-466c-9cd8-cde3940d84cc,2026-06-16T21:00:00Z,2026-06-16T23:00:00+0200,176.26001,MW,FR,FR,forecast_offshore_wind_generation,Wind Offshore,2026-07-11T19:30:56Z
2026-07-11T19:29:37Z,2026-07-11T21:29:37+0200,1d83aeba-7d53-466c-9cd8-cde3940d84cc,2026-06-16T21:15:00Z,2026-06-16T23:15:00+0200,178.35001,MW,FR,FR,forecast_offshore_wind_generation,Wind Offshore,2026-07-11T19:30:56Z
2026-07-11T19:29:37Z,2026-07-11T21:29:37+0200,1d83aeba-7d53-466c-9cd8-cde3940d84cc,2026-06-16T21:30:00Z,2026-06-16T23:30:00+0200,180.43999,MW,FR,FR,forecast_offshore_wind_generation,Wind Offshore,2026-07-11T19:30:56Z
2026-07-11T19:29:37Z,2026-07-11T21:29:37+0200,1d83aeba-7d53-466c-9cd8-cde3940d84cc,2026-06-16T21:45:00Z,2026-06-16T23:45:00+0200,182.56,MW,FR,FR,forecast_offshore_wind_generation,Wind Offshore,2026-07-11T19:30:56Z
2026-07-11T19:29:37Z,2026-07-11T21:29:37+0200,1d83aeba-7d53-466c-9cd8-cde3940d84cc,2026-06-16T22:00:00Z,2026-06-17T00:00:00+0200,117.34,MW,FR,FR,forecast_offshore_wind_generation,Wind Offshore,2026-07-11T19:30:56Z
2026-07-11T19:29:37Z,2026-07-11T21:29:37+0200,1d83aeba-7d53-466c-9cd8-cde3940d84cc,2026-06-16T22:15:00Z,2026-06-17T00:15:00+0200,119.73,MW,FR,FR,forecast_offshore_wind_generation,Wind Offshore,2026-07-11T19:30:56Z
2026-07-11T19:29:37Z,2026-07-11T21:29:37+0200,1d83aeba-7d53-466c-9cd8-cde3940d84cc,2026-06-16T22:30:00Z,2026-06-17T00:30:00+0200,122.11,MW,FR,FR,forecast_offshore_wind_generation,Wind Offshore,2026-07-11T19:30:56Z
2026-07-11T19:29:37Z,2026-07-11T21:29:37+0200,1d83aeba-7d53-466c-9cd8-cde3940d84cc,2026-06-16T22:45:00Z,2026-06-17T00:45:00+0200,124.48,MW,FR,FR,forecast_offshore_wind_generation,Wind Offshore,2026-07-11T19:30:56Z
2026-07-11T19:29:37Z,2026-07-11T21:29:37+0200,1d83aeba-7d53-466c-9cd8-cde3940d84cc,2026-06-16T23:00:00Z,2026-06-17T01:00:00+0200,126.84999,MW,FR,FR,forecast_offshore_wind_generation,Wind Offshore,2026-07-11T19:30:56Z
2026-07-11T19:29:37Z,2026-07-11T21:29:37+0200,1d83aeba-7d53-466c-9cd8-cde3940d84cc,2026-06-16T23:15:00Z,2026-06-17T01:15:00+0200,131.83,MW,FR,FR,forecast_offshore_wind_generation,Wind Offshore,2026-07-11T19:30:56Z
2026-07-11T19:29:37Z,2026-07-11T21:29:37+0200,1d83aeba-7d53-466c-9cd8-cde3940d84cc,2026-06-16T23:30:00Z,2026-06-17T01:30:00+0200,136.81,MW,FR,FR,forecast_offshore_wind_generation,Wind Offshore,2026-07-11T19:30:56Z
2026-07-11T19:29:37Z,2026-07-11T21:29:37+0200,1d83aeba-7d53-466c-9cd8-cde3940d84cc,2026-06-16T23:45:00Z,2026-06-17T01:45:00+0200,141.78999,MW,FR,FR,forecast_offshore_wind_generation,Wind Offshore,2026-07-11T19:30:56Z
2026-07-11T19:29:37Z,2026-07-11T21:29:37+0200,1d83aeba-7d53-466c-9cd8-cde3940d84cc,2026-06-17T00:00:00Z,2026-06-17T02:00:00+0200,146.79001,MW,FR,FR,forecast_offshore_wind_generation,Wind Offshore,2026-07-11T19:30:56Z
2026-07-11T19:29:37Z,2026-07-11T21:29:37+0200,1d83aeba-7d53-466c-9cd8-cde3940d84cc,2026-06-17T00:15:00Z,2026-06-17T02:15:00+0200,155.92999,MW,FR,FR,forecast_offshore_wind_generation,Wind Offshore,2026-07-11T19:30:56Z
2026-07-11T19:29:37Z,2026-07-11T21:29:37+0200,1d83aeba-7d53-466c-9cd8-cde3940d84cc,2026-06-17T00:30:00Z,2026-06-17T02:30:00+0200,165.06,MW,FR,FR,forecast_offshore_wind_generation,Wind Offshore,2026-07-11T19:30:56Z
2026-07-11T19:29:37Z,2026-07-11T21:29:37+0200,1d83aeba-7d53-466c-9cd8-cde3940d84cc,2026-06-17T00:45:00Z,2026-06-17T02:45:00+0200,174.20999,MW,FR,FR,forecast_offshore_wind_generation,Wind Offshore,2026-07-11T19:30:56Z
2026-07-11T19:29:37Z,2026-07-11T21:29:37+0200,1d83aeba-7d53-466c-9cd8-cde3940d84cc,2026-06-17T01:00:00Z,2026-06-17T03:00:00+0200,183.37,MW,FR,FR,forecast_offshore_wind_generation,Wind Offshore,2026-07-11T19:30:56Z
2026-07-11T19:29:37Z,2026-07-11T21:29:37+0200,1d83aeba-7d53-466c-9cd8-cde3940d84cc,2026-06-17T01:15:00Z,2026-06-17T03:15:00+0200,188.64,MW,FR,FR,forecast_offshore_wind_generation,Wind Offshore,2026-07-11T19:30:56Z
2026-07-11T19:29:37Z,2026-07-11T21:29:37+0200,1d83aeba-7d53-466c-9cd8-cde3940d84cc,2026-06-17T01:30:00Z,2026-06-17T03:30:00+0200,193.90001,MW,FR,FR,forecast_offshore_wind_generation,Wind Offshore,2026-07-11T19:30:56Z
2026-07-11T19:29:37Z,2026-07-11T21:29:37+0200,1d83aeba-7d53-466c-9cd8-cde3940d84cc,2026-06-17T01:45:00Z,2026-06-17T03:45:00+0200,199.14999,MW,FR,FR,forecast_offshore_wind_generation,Wind Offshore,2026-07-11T19:30:56Z
2026-07-11T19:29:37Z,2026-07-11T21:29:37+0200,1d83aeba-7d53-466c-9cd8-cde3940d84cc,2026-06-17T02:00:00Z,2026-06-17T04:00:00+0200,204.42,MW,FR,FR,forecast_offshore_wind_generation,Wind Offshore,2026-07-11T19:30:56Z
2026-07-11T19:29:37Z,2026-07-11T21:29:37+0200,1d83aeba-7d53-466c-9cd8-cde3940d84cc,2026-06-17T02:15:00Z,2026-06-17T04:15:00+0200,197.03999,MW,FR,FR,forecast_offshore_wind_generation,Wind Offshore,2026-07-11T19:30:56Z
2026-07-11T19:29:37Z,2026-07-11T21:29:37+0200,1d83aeba-7d53-466c-9cd8-cde3940d84cc,2026-06-17T02:30:00Z,2026-06-17T04:30:00+0200,189.66,MW,FR,FR,forecast_offshore_wind_generation,Wind Offshore,2026-07-11T19:30:56Z
2026-07-11T19:29:37Z,2026-07-11T21:29:37+0200,1d83aeba-7d53-466c-9cd8-cde3940d84cc,2026-06-17T02:45:00Z,2026-06-17T04:45:00+0200,182.27,MW,FR,FR,forecast_offshore_wind_generation,Wind Offshore,2026-07-11T19:30:56Z
2026-07-11T19:29:37Z,2026-07-11T21:29:37+0200,1d83aeba-7d53-466c-9cd8-cde3940d84cc,2026-06-17T03:00:00Z,2026-06-17T05:00:00+0200,174.89,MW,FR,FR,forecast_offshore_wind_generation,Wind Offshore,2026-07-11T19:30:56Z
2026-07-11T19:29:37Z,2026-07-11T21:29:37+0200,1d83aeba-7d53-466c-9cd8-cde3940d84cc,2026-06-17T03:15:00Z,2026-06-17T05:15:00+0200,167.25,MW,FR,FR,forecast_offshore_wind_generation,Wind Offshore,2026-07-11T19:30:56Z
2026-07-11T19:29:37Z,2026-07-11T21:29:37+0200,1d83aeba-7d53-466c-9cd8-cde3940d84cc,2026-06-17T03:30:00Z,2026-06-17T05:30:00+0200,159.60001,MW,FR,FR,forecast_offshore_wind_generation,Wind Offshore,2026-07-11T19:30:56Z
2026-07-11T19:29:37Z,2026-07-11T21:29:37+0200,1d83aeba-7d53-466c-9cd8-cde3940d84cc,2026-06-17T03:45:00Z,2026-06-17T05:45:00+0200,151.95999,MW,FR,FR,forecast_offshore_wind_generation,Wind Offshore,2026-07-11T19:30:56Z
2026-07-11T19:29:37Z,2026-07-11T21:29:37+0200,1d83aeba-7d53-466c-9cd8-cde3940d84cc,2026-06-17T04:00:00Z,2026-06-17T06:00:00+0200,144.32999,MW,FR,FR,forecast_offshore_wind_generation,Wind Offshore,2026-07-11T19:30:56Z
2026-07-11T19:29:37Z,2026-07-11T21:29:37+0200,1d83aeba-7d53-466c-9cd8-cde3940d84cc,2026-06-17T04:15:00Z,2026-06-17T06:15:00+0200,138.73,MW,FR,FR,forecast_offshore_wind_generation,Wind Offshore,2026-07-11T19:30:56Z
2026-07-11T19:29:37Z,2026-07-11T21:29:37+0200,1d83aeba-7d53-466c-9cd8-cde3940d84cc,2026-06-17T04:30:00Z,2026-06-17T06:30:00+0200,133.13,MW,FR,FR,forecast_offshore_wind_generation,Wind Offshore,2026-07-11T19:30:56Z
2026-07-11T19:29:37Z,2026-07-11T21:29:37+0200,1d83aeba-7d53-466c-9cd8-cde3940d84cc,2026-06-17T04:45:00Z,2026-06-17T06:45:00+0200,127.53,MW,FR,FR,forecast_offshore_wind_generation,Wind Offshore,2026-07-11T19:30:56Z
2026-07-11T19:29:37Z,2026-07-11T21:29:37+0200,1d83aeba-7d53-466c-9cd8-cde3940d84cc,2026-06-17T05:00:00Z,2026-06-17T07:00:00+0200,121.96001,MW,FR,FR,forecast_offshore_wind_generation,Wind Offshore,2026-07-11T19:30:56Z
2026-07-11T19:29:37Z,2026-07-11T21:29:37+0200,1d83aeba-7d53-466c-9cd8-cde3940d84cc,2026-06-17T05:15:00Z,2026-06-17T07:15:00+0200,117.3,MW,FR,FR,forecast_offshore_wind_generation,Wind Offshore,2026-07-11T19:30:56Z
2026-07-11T19:29:37Z,2026-07-11T21:29:37+0200,1d83aeba-7d53-466c-9cd8-cde3940d84cc,2026-06-17T05:30:00Z,2026-06-17T07:30:00+0200,112.65,MW,FR,FR,forecast_offshore_wind_generation,Wind Offshore,2026-07-11T19:30:56Z
2026-07-11T19:29:37Z,2026-07-11T21:29:37+0200,1d83aeba-7d53-466c-9cd8-cde3940d84cc,2026-06-17T05:45:00Z,2026-06-17T07:45:00+0200,107.97,MW,FR,FR,forecast_offshore_wind_generation,Wind Offshore,2026-07-11T19:30:56Z
2026-07-11T19:29:37Z,2026-07-11T21:29:37+0200,1d83aeba-7d53-466c-9cd8-cde3940d84cc,2026-06-17T06:00:00Z,2026-06-17T08:00:00+0200,103.32,MW,FR,FR,forecast_offshore_wind_generation,Wind Offshore,2026-07-11T19:30:56Z
2026-07-11T19:29:37Z,2026-07-11T21:29:37+0200,1d83aeba-7d53-466c-9cd8-cde3940d84cc,2026-06-17T06:15:00Z,2026-06-17T08:15:00+0200,99.41,MW,FR,FR,forecast_offshore_wind_generation,Wind Offshore,2026-07-11T19:30:56Z
2026-07-11T19:29:37Z,2026-07-11T21:29:37+0200,1d83aeba-7d53-466c-9cd8-cde3940d84cc,2026-06-17T06:30:00Z,2026-06-17T08:30:00+0200,95.5,MW,FR,FR,forecast_offshore_wind_generation,Wind Offshore,2026-07-11T19:30:56Z
2026-07-11T19:29:37Z,2026-07-11T21:29:37+0200,1d83aeba-7d53-466c-9cd8-cde3940d84cc,2026-06-17T06:45:00Z,2026-06-17T08:45:00+0200,91.60001,MW,FR,FR,forecast_offshore_wind_generation,Wind Offshore,2026-07-11T19:30:56Z
2026-07-11T19:29:37Z,2026-07-11T21:29:37+0200,1d83aeba-7d53-466c-9cd8-cde3940d84cc,2026-06-17T07:00:00Z,2026-06-17T09:00:00+0200,87.71,MW,FR,FR,forecast_offshore_wind_generation,Wind Offshore,2026-07-11T19:30:56Z
2026-07-11T19:29:37Z,2026-07-11T21:29:37+0200,1d83aeba-7d53-466c-9cd8-cde3940d84cc,2026-06-17T07:15:00Z,2026-06-17T09:15:00+0200,86.86,MW,FR,FR,forecast_offshore_wind_generation,Wind Offshore,2026-07-11T19:30:56Z
2026-07-11T19:29:37Z,2026-07-11T21:29:37+0200,1d83aeba-7d53-466c-9cd8-cde3940d84cc,2026-06-17T07:30:00Z,2026-06-17T09:30:00+0200,86.03,MW,FR,FR,forecast_offshore_wind_generation,Wind Offshore,2026-07-11T19:30:56Z
2026-07-11T19:29:37Z,2026-07-11T21:29:37+0200,1d83aeba-7d53-466c-9cd8-cde3940d84cc,2026-06-17T07:45:00Z,2026-06-17T09:45:00+0200,85.19,MW,FR,FR,forecast_offshore_wind_generation,Wind Offshore,2026-07-11T19:30:56Z
2026-07-11T19:29:37Z,2026-07-11T21:29:37+0200,1d83aeba-7d53-466c-9cd8-cde3940d84cc,2026-06-17T08:00:00Z,2026-06-17T10:00:00+0200,84.36,MW,FR,FR,forecast_offshore_wind_generation,Wind Offshore,2026-07-11T19:30:56Z
2026-07-11T19:29:37Z,2026-07-11T21:29:37+0200,1d83aeba-7d53-466c-9cd8-cde3940d84cc,2026-06-17T08:15:00Z,2026-06-17T10:15:00+0200,80.25,MW,FR,FR,forecast_offshore_wind_generation,Wind Offshore,2026-07-11T19:30:56Z
2026-07-11T19:29:37Z,2026-07-11T21:29:37+0200,1d83aeba-7d53-466c-9cd8-cde3940d84cc,2026-06-17T08:30:00Z,2026-06-17T10:30:00+0200,76.14,MW,FR,FR,forecast_offshore_wind_generation,Wind Offshore,2026-07-11T19:30:56Z
2026-07-11T19:29:37Z,2026-07-11T21:29:37+0200,1d83aeba-7d53-466c-9cd8-cde3940d84cc,2026-06-17T08:45:00Z,2026-06-17T10:45:00+0200,72.02,MW,FR,FR,forecast_offshore_wind_generation,Wind Offshore,2026-07-11T19:30:56Z
2026-07-11T19:29:37Z,2026-07-11T21:29:37+0200,1d83aeba-7d53-466c-9cd8-cde3940d84cc,2026-06-17T09:00:00Z,2026-06-17T11:00:00+0200,67.92,MW,FR,FR,forecast_offshore_wind_generation,Wind Offshore,2026-07-11T19:30:56Z
2026-07-11T19:29:37Z,2026-07-11T21:29:37+0200,1d83aeba-7d53-466c-9cd8-cde3940d84cc,2026-06-17T09:15:00Z,2026-06-17T11:15:00+0200,68.41,MW,FR,FR,forecast_offshore_wind_generation,Wind Offshore,2026-07-11T19:30:56Z
2026-07-11T19:29:37Z,2026-07-11T21:29:37+0200,1d83aeba-7d53-466c-9cd8-cde3940d84cc,2026-06-17T09:30:00Z,2026-06-17T11:30:00+0200,68.92,MW,FR,FR,forecast_offshore_wind_generation,Wind Offshore,2026-07-11T19:30:56Z
2026-07-11T19:29:37Z,2026-07-11T21:29:37+0200,1d83aeba-7d53-466c-9cd8-cde3940d84cc,2026-06-17T09:45:00Z,2026-06-17T11:45:00+0200,69.44,MW,FR,FR,forecast_offshore_wind_generation,Wind Offshore,2026-07-11T19:30:56Z
2026-07-11T19:29:37Z,2026-07-11T21:29:37+0200,1d83aeba-7d53-466c-9cd8-cde3940d84cc,2026-06-17T10:00:00Z,2026-06-17T12:00:00+0200,69.99,MW,FR,FR,forecast_offshore_wind_generation,Wind Offshore,2026-07-11T19:30:56Z
2026-07-11T19:29:37Z,2026-07-11T21:29:37+0200,1d83aeba-7d53-466c-9cd8-cde3940d84cc,2026-06-17T10:15:00Z,2026-06-17T12:15:00+0200,74.24001,MW,FR,FR,forecast_offshore_wind_generation,Wind Offshore,2026-07-11T19:30:56Z
2026-07-11T19:29:37Z,2026-07-11T21:29:37+0200,1d83aeba-7d53-466c-9cd8-cde3940d84cc,2026-06-17T10:30:00Z,2026-06-17T12:30:00+0200,78.5,MW,FR,FR,forecast_offshore_wind_generation,Wind Offshore,2026-07-11T19:30:56Z
2026-07-11T19:29:37Z,2026-07-11T21:29:37+0200,1d83aeba-7d53-466c-9cd8-cde3940d84cc,2026-06-17T10:45:00Z,2026-06-17T12:45:00+0200,82.74,MW,FR,FR,forecast_offshore_wind_generation,Wind Offshore,2026-07-11T19:30:56Z
2026-07-11T19:29:37Z,2026-07-11T21:29:37+0200,1d83aeba-7d53-466c-9cd8-cde3940d84cc,2026-06-17T11:00:00Z,2026-06-17T13:00:00+0200,87.0,MW,FR,FR,forecast_offshore_wind_generation,Wind Offshore,2026-07-11T19:30:56Z
2026-07-11T19:29:37Z,2026-07-11T21:29:37+0200,1d83aeba-7d53-466c-9cd8-cde3940d84cc,2026-06-17T11:15:00Z,2026-06-17T13:15:00+0200,86.87,MW,FR,FR,forecast_offshore_wind_generation,Wind Offshore,2026-07-11T19:30:56Z
2026-07-11T19:29:37Z,2026-07-11T21:29:37+0200,1d83aeba-7d53-466c-9cd8-cde3940d84cc,2026-06-17T11:30:00Z,2026-06-17T13:30:00+0200,86.72,MW,FR,FR,forecast_offshore_wind_generation,Wind Offshore,2026-07-11T19:30:56Z
2026-07-11T19:29:37Z,2026-07-11T21:29:37+0200,1d83aeba-7d53-466c-9cd8-cde3940d84cc,2026-06-17T11:45:00Z,2026-06-17T13:45:00+0200,86.58,MW,FR,FR,forecast_offshore_wind_generation,Wind Offshore,2026-07-11T19:30:56Z
2026-07-11T19:29:37Z,2026-07-11T21:29:37+0200,1d83aeba-7d53-466c-9cd8-cde3940d84cc,2026-06-17T12:00:00Z,2026-06-17T14:00:00+0200,86.43,MW,FR,FR,forecast_offshore_wind_generation,Wind Offshore,2026-07-11T19:30:56Z
2026-07-11T19:29:37Z,2026-07-11T21:29:37+0200,1d83aeba-7d53-466c-9cd8-cde3940d84cc,2026-06-17T12:15:00Z,2026-06-17T14:15:00+0200,83.51,MW,FR,FR,forecast_offshore_wind_generation,Wind Offshore,2026-07-11T19:30:56Z
2026-07-11T19:29:37Z,2026-07-11T21:29:37+0200,1d83aeba-7d53-466c-9cd8-cde3940d84cc,2026-06-17T12:30:00Z,2026-06-17T14:30:00+0200,80.59,MW,FR,FR,forecast_offshore_wind_generation,Wind Offshore,2026-07-11T19:30:56Z
2026-07-11T19:29:37Z,2026-07-11T21:29:37+0200,1d83aeba-7d53-466c-9cd8-cde3940d84cc,2026-06-17T12:45:00Z,2026-06-17T14:45:00+0200,77.7,MW,FR,FR,forecast_offshore_wind_generation,Wind Offshore,2026-07-11T19:30:56Z
2026-07-11T19:29:37Z,2026-07-11T21:29:37+0200,1d83aeba-7d53-466c-9cd8-cde3940d84cc,2026-06-17T13:00:00Z,2026-06-17T15:00:00+0200,74.77,MW,FR,FR,forecast_offshore_wind_generation,Wind Offshore,2026-07-11T19:30:56Z
2026-07-11T19:29:37Z,2026-07-11T21:29:37+0200,1d83aeba-7d53-466c-9cd8-cde3940d84cc,2026-06-17T13:15:00Z,2026-06-17T15:15:00+0200,79.69,MW,FR,FR,forecast_offshore_wind_generation,Wind Offshore,2026-07-11T19:30:56Z
2026-07-11T19:29:37Z,2026-07-11T21:29:37+0200,1d83aeba-7d53-466c-9cd8-cde3940d84cc,2026-06-17T13:30:00Z,2026-06-17T15:30:00+0200,84.62,MW,FR,FR,forecast_offshore_wind_generation,Wind Offshore,2026-07-11T19:30:56Z
2026-07-11T19:29:37Z,2026-07-11T21:29:37+0200,1d83aeba-7d53-466c-9cd8-cde3940d84cc,2026-06-17T13:45:00Z,2026-06-17T15:45:00+0200,89.55,MW,FR,FR,forecast_offshore_wind_generation,Wind Offshore,2026-07-11T19:30:56Z
2026-07-11T19:29:37Z,2026-07-11T21:29:37+0200,1d83aeba-7d53-466c-9cd8-cde3940d84cc,2026-06-17T14:00:00Z,2026-06-17T16:00:00+0200,94.48,MW,FR,FR,forecast_offshore_wind_generation,Wind Offshore,2026-07-11T19:30:56Z
2026-07-11T19:29:37Z,2026-07-11T21:29:37+0200,1d83aeba-7d53-466c-9cd8-cde3940d84cc,2026-06-17T14:15:00Z,2026-06-17T16:15:00+0200,113.29,MW,FR,FR,forecast_offshore_wind_generation,Wind Offshore,2026-07-11T19:30:56Z
2026-07-11T19:29:37Z,2026-07-11T21:29:37+0200,1d83aeba-7d53-466c-9cd8-cde3940d84cc,2026-06-17T14:30:00Z,2026-06-17T16:30:00+0200,132.10001,MW,FR,FR,forecast_offshore_wind_generation,Wind Offshore,2026-07-11T19:30:56Z
2026-07-11T19:29:37Z,2026-07-11T21:29:37+0200,1d83aeba-7d53-466c-9cd8-cde3940d84cc,2026-06-17T14:45:00Z,2026-06-17T16:45:00+0200,150.92,MW,FR,FR,forecast_offshore_wind_generation,Wind Offshore,2026-07-11T19:30:56Z
2026-07-11T19:29:37Z,2026-07-11T21:29:37+0200,1d83aeba-7d53-466c-9cd8-cde3940d84cc,2026-06-17T15:00:00Z,2026-06-17T17:00:00+0200,169.74001,MW,FR,FR,forecast_offshore_wind_generation,Wind Offshore,2026-07-11T19:30:56Z
2026-07-11T19:29:37Z,2026-07-11T21:29:37+0200,1d83aeba-7d53-466c-9cd8-cde3940d84cc,2026-06-17T15:15:00Z,2026-06-17T17:15:00+0200,177.54001,MW,FR,FR,forecast_offshore_wind_generation,Wind Offshore,2026-07-11T19:30:56Z
2026-07-11T19:29:37Z,2026-07-11T21:29:37+0200,1d83aeba-7d53-466c-9cd8-cde3940d84cc,2026-06-17T15:30:00Z,2026-06-17T17:30:00+0200,185.36,MW,FR,FR,forecast_offshore_wind_generation,Wind Offshore,2026-07-11T19:30:56Z
2026-07-11T19:29:37Z,2026-07-11T21:29:37+0200,1d83aeba-7d53-466c-9cd8-cde3940d84cc,2026-06-17T15:45:00Z,2026-06-17T17:45:00+0200,193.17001,MW,FR,FR,forecast_offshore_wind_generation,Wind Offshore,2026-07-11T19:30:56Z
2026-07-11T19:29:37Z,2026-07-11T21:29:37+0200,1d83aeba-7d53-466c-9cd8-cde3940d84cc,2026-06-17T16:00:00Z,2026-06-17T18:00:00+0200,200.99001,MW,FR,FR,forecast_offshore_wind_generation,Wind Offshore,2026-07-11T19:30:56Z
2026-07-11T19:29:37Z,2026-07-11T21:29:37+0200,1d83aeba-7d53-466c-9cd8-cde3940d84cc,2026-06-17T16:15:00Z,2026-06-17T18:15:00+0200,206.87999,MW,FR,FR,forecast_offshore_wind_generation,Wind Offshore,2026-07-11T19:30:56Z
2026-07-11T19:29:37Z,2026-07-11T21:29:37+0200,1d83aeba-7d53-466c-9cd8-cde3940d84cc,2026-06-17T16:30:00Z,2026-06-17T18:30:00+0200,212.78,MW,FR,FR,forecast_offshore_wind_generation,Wind Offshore,2026-07-11T19:30:56Z
2026-07-11T19:29:37Z,2026-07-11T21:29:37+0200,1d83aeba-7d53-466c-9cd8-cde3940d84cc,2026-06-17T16:45:00Z,2026-06-17T18:45:00+0200,218.67,MW,FR,FR,forecast_offshore_wind_generation,Wind Offshore,2026-07-11T19:30:56Z
2026-07-11T19:29:37Z,2026-07-11T21:29:37+0200,1d83aeba-7d53-466c-9cd8-cde3940d84cc,2026-06-17T17:00:00Z,2026-06-17T19:00:00+0200,224.57999,MW,FR,FR,forecast_offshore_wind_generation,Wind Offshore,2026-07-11T19:30:56Z
2026-07-11T19:29:37Z,2026-07-11T21:29:37+0200,1d83aeba-7d53-466c-9cd8-cde3940d84cc,2026-06-17T17:15:00Z,2026-06-17T19:15:00+0200,226.57001,MW,FR,FR,forecast_offshore_wind_generation,Wind Offshore,2026-07-11T19:30:56Z
2026-07-11T19:29:37Z,2026-07-11T21:29:37+0200,1d83aeba-7d53-466c-9cd8-cde3940d84cc,2026-06-17T17:30:00Z,2026-06-17T19:30:00+0200,228.53999,MW,FR,FR,forecast_offshore_wind_generation,Wind Offshore,2026-07-11T19:30:56Z
2026-07-11T19:29:37Z,2026-07-11T21:29:37+0200,1d83aeba-7d53-466c-9cd8-cde3940d84cc,2026-06-17T17:45:00Z,2026-06-17T19:45:00+0200,230.54001,MW,FR,FR,forecast_offshore_wind_generation,Wind Offshore,2026-07-11T19:30:56Z
2026-07-11T19:29:37Z,2026-07-11T21:29:37+0200,1d83aeba-7d53-466c-9cd8-cde3940d84cc,2026-06-17T18:00:00Z,2026-06-17T20:00:00+0200,232.53,MW,FR,FR,forecast_offshore_wind_generation,Wind Offshore,2026-07-11T19:30:56Z
2026-07-11T19:29:37Z,2026-07-11T21:29:37+0200,1d83aeba-7d53-466c-9cd8-cde3940d84cc,2026-06-17T18:15:00Z,2026-06-17T20:15:00+0200,229.47,MW,FR,FR,forecast_offshore_wind_generation,Wind Offshore,2026-07-11T19:30:56Z
2026-07-11T19:29:37Z,2026-07-11T21:29:37+0200,1d83aeba-7d53-466c-9cd8-cde3940d84cc,2026-06-17T18:30:00Z,2026-06-17T20:30:00+0200,226.40999,MW,FR,FR,forecast_offshore_wind_generation,Wind Offshore,2026-07-11T19:30:56Z
2026-07-11T19:29:37Z,2026-07-11T21:29:37+0200,1d83aeba-7d53-466c-9cd8-cde3940d84cc,2026-06-17T18:45:00Z,2026-06-17T20:45:00+0200,223.34999,MW,FR,FR,forecast_offshore_wind_generation,Wind Offshore,2026-07-11T19:30:56Z
2026-07-11T19:29:37Z,2026-07-11T21:29:37+0200,1d83aeba-7d53-466c-9cd8-cde3940d84cc,2026-06-17T19:00:00Z,2026-06-17T21:00:00+0200,220.29001,MW,FR,FR,forecast_offshore_wind_generation,Wind Offshore,2026-07-11T19:30:56Z
2026-07-11T19:29:37Z,2026-07-11T21:29:37+0200,1d83aeba-7d53-466c-9cd8-cde3940d84cc,2026-06-17T19:15:00Z,2026-06-17T21:15:00+0200,215.13,MW,FR,FR,forecast_offshore_wind_generation,Wind Offshore,2026-07-11T19:30:56Z
2026-07-11T19:29:37Z,2026-07-11T21:29:37+0200,1d83aeba-7d53-466c-9cd8-cde3940d84cc,2026-06-17T19:30:00Z,2026-06-17T21:30:00+0200,209.98999,MW,FR,FR,forecast_offshore_wind_generation,Wind Offshore,2026-07-11T19:30:56Z
2026-07-11T19:29:37Z,2026-07-11T21:29:37+0200,1d83aeba-7d53-466c-9cd8-cde3940d84cc,2026-06-17T19:45:00Z,2026-06-17T21:45:00+0200,204.82001,MW,FR,FR,forecast_offshore_wind_generation,Wind Offshore,2026-07-11T19:30:56Z
2026-07-11T19:29:37Z,2026-07-11T21:29:37+0200,1d83aeba-7d53-466c-9cd8-cde3940d84cc,2026-06-17T20:00:00Z,2026-06-17T22:00:00+0200,199.65001,MW,FR,FR,forecast_offshore_wind_generation,Wind Offshore,2026-07-11T19:30:56Z
2026-07-11T19:29:37Z,2026-07-11T21:29:37+0200,1d83aeba-7d53-466c-9cd8-cde3940d84cc,2026-06-17T20:15:00Z,2026-06-17T22:15:00+0200,187.13,MW,FR,FR,forecast_offshore_wind_generation,Wind Offshore,2026-07-11T19:30:56Z
2026-07-11T19:29:37Z,2026-07-11T21:29:37+0200,1d83aeba-7d53-466c-9cd8-cde3940d84cc,2026-06-17T20:30:00Z,2026-06-17T22:30:00+0200,174.60001,MW,FR,FR,forecast_offshore_wind_generation,Wind Offshore,2026-07-11T19:30:56Z
2026-07-11T19:29:37Z,2026-07-11T21:29:37+0200,1d83aeba-7d53-466c-9cd8-cde3940d84cc,2026-06-17T20:45:00Z,2026-06-17T22:45:00+0200,162.05,MW,FR,FR,forecast_offshore_wind_generation,Wind Offshore,2026-07-11T19:30:56Z
2026-07-11T19:29:37Z,2026-07-11T21:29:37+0200,1d83aeba-7d53-466c-9cd8-cde3940d84cc,2026-06-17T21:00:00Z,2026-06-17T23:00:00+0200,149.51001,MW,FR,FR,forecast_offshore_wind_generation,Wind Offshore,2026-07-11T19:30:56Z
2026-07-11T19:29:37Z,2026-07-11T21:29:37+0200,1d83aeba-7d53-466c-9cd8-cde3940d84cc,2026-06-17T21:15:00Z,2026-06-17T23:15:00+0200,139.67,MW,FR,FR,forecast_offshore_wind_generation,Wind Offshore,2026-07-11T19:30:56Z
2026-07-11T19:29:37Z,2026-07-11T21:29:37+0200,1d83aeba-7d53-466c-9cd8-cde3940d84cc,2026-06-17T21:30:00Z,2026-06-17T23:30:00+0200,129.81,MW,FR,FR,forecast_offshore_wind_generation,Wind Offshore,2026-07-11T19:30:56Z
2026-07-11T19:29:37Z,2026-07-11T21:29:37+0200,1d83aeba-7d53-466c-9cd8-cde3940d84cc,2026-06-17T21:45:00Z,2026-06-17T23:45:00+0200,119.95,MW,FR,FR,forecast_offshore_wind_generation,Wind Offshore,2026-07-11T19:30:56Z
2026-07-11T19:29:37Z,2026-07-11T21:29:37+0200,1d83aeba-7d53-466c-9cd8-cde3940d84cc,2026-06-17T22:00:00Z,2026-06-18T00:00:00+0200,157.44,MW,FR,FR,forecast_offshore_wind_generation,Wind Offshore,2026-07-11T19:30:56Z
2026-07-11T19:29:37Z,2026-07-11T21:29:37+0200,1d83aeba-7d53-466c-9cd8-cde3940d84cc,2026-06-17T22:15:00Z,2026-06-18T00:15:00+0200,147.59999,MW,FR,FR,forecast_offshore_wind_generation,Wind Offshore,2026-07-11T19:30:56Z
2026-07-11T19:29:37Z,2026-07-11T21:29:37+0200,1d83aeba-7d53-466c-9cd8-cde3940d84cc,2026-06-17T22:30:00Z,2026-06-18T00:30:00+0200,137.78,MW,FR,FR,forecast_offshore_wind_generation,Wind Offshore,2026-07-11T19:30:56Z
2026-07-11T19:29:37Z,2026-07-11T21:29:37+0200,1d83aeba-7d53-466c-9cd8-cde3940d84cc,2026-06-17T22:45:00Z,2026-06-18T00:45:00+0200,127.95,MW,FR,FR,forecast_offshore_wind_generation,Wind Offshore,2026-07-11T19:30:56Z
2026-07-11T19:29:37Z,2026-07-11T21:29:37+0200,1d83aeba-7d53-466c-9cd8-cde3940d84cc,2026-06-17T23:00:00Z,2026-06-18T01:00:00+0200,118.14,MW,FR,FR,forecast_offshore_wind_generation,Wind Offshore,2026-07-11T19:30:56Z
2026-07-11T19:29:37Z,2026-07-11T21:29:37+0200,1d83aeba-7d53-466c-9cd8-cde3940d84cc,2026-06-17T23:15:00Z,2026-06-18T01:15:00+0200,110.64,MW,FR,FR,forecast_offshore_wind_generation,Wind Offshore,2026-07-11T19:30:56Z
2026-07-11T19:29:37Z,2026-07-11T21:29:37+0200,1d83aeba-7d53-466c-9cd8-cde3940d84cc,2026-06-17T23:30:00Z,2026-06-18T01:30:00+0200,103.17001,MW,FR,FR,forecast_offshore_wind_generation,Wind Offshore,2026-07-11T19:30:56Z
2026-07-11T19:29:37Z,2026-07-11T21:29:37+0200,1d83aeba-7d53-466c-9cd8-cde3940d84cc,2026-06-17T23:45:00Z,2026-06-18T01:45:00+0200,95.68999,MW,FR,FR,forecast_offshore_wind_generation,Wind Offshore,2026-07-11T19:30:56Z
2026-07-11T19:29:37Z,2026-07-11T21:29:37+0200,1d83aeba-7d53-466c-9cd8-cde3940d84cc,2026-06-18T00:00:00Z,2026-06-18T02:00:00+0200,88.21,MW,FR,FR,forecast_offshore_wind_generation,Wind Offshore,2026-07-11T19:30:56Z
2026-07-11T19:29:37Z,2026-07-11T21:29:37+0200,1d83aeba-7d53-466c-9cd8-cde3940d84cc,2026-06-18T00:15:00Z,2026-06-18T02:15:00+0200,85.11,MW,FR,FR,forecast_offshore_wind_generation,Wind Offshore,2026-07-11T19:30:56Z
2026-07-11T19:29:37Z,2026-07-11T21:29:37+0200,1d83aeba-7d53-466c-9cd8-cde3940d84cc,2026-06-18T00:30:00Z,2026-06-18T02:30:00+0200,82.02,MW,FR,FR,forecast_offshore_wind_generation,Wind Offshore,2026-07-11T19:30:56Z
2026-07-11T19:29:37Z,2026-07-11T21:29:37+0200,1d83aeba-7d53-466c-9cd8-cde3940d84cc,2026-06-18T00:45:00Z,2026-06-18T02:45:00+0200,78.92,MW,FR,FR,forecast_offshore_wind_generation,Wind Offshore,2026-07-11T19:30:56Z
2026-07-11T19:29:37Z,2026-07-11T21:29:37+0200,1d83aeba-7d53-466c-9cd8-cde3940d84cc,2026-06-18T01:00:00Z,2026-06-18T03:00:00+0200,75.81,MW,FR,FR,forecast_offshore_wind_generation,Wind Offshore,2026-07-11T19:30:56Z
2026-07-11T19:29:37Z,2026-07-11T21:29:37+0200,1d83aeba-7d53-466c-9cd8-cde3940d84cc,2026-06-18T01:15:00Z,2026-06-18T03:15:00+0200,74.14,MW,FR,FR,forecast_offshore_wind_generation,Wind Offshore,2026-07-11T19:30:56Z
2026-07-11T19:29:37Z,2026-07-11T21:29:37+0200,1d83aeba-7d53-466c-9cd8-cde3940d84cc,2026-06-18T01:30:00Z,2026-06-18T03:30:00+0200,72.46001,MW,FR,FR,forecast_offshore_wind_generation,Wind Offshore,2026-07-11T19:30:56Z
2026-07-11T19:29:37Z,2026-07-11T21:29:37+0200,1d83aeba-7d53-466c-9cd8-cde3940d84cc,2026-06-18T01:45:00Z,2026-06-18T03:45:00+0200,70.77,MW,FR,FR,forecast_offshore_wind_generation,Wind Offshore,2026-07-11T19:30:56Z
2026-07-11T19:29:37Z,2026-07-11T21:29:37+0200,1d83aeba-7d53-466c-9cd8-cde3940d84cc,2026-06-18T02:00:00Z,2026-06-18T04:00:00+0200,69.10001,MW,FR,FR,forecast_offshore_wind_generation,Wind Offshore,2026-07-11T19:30:56Z
2026-07-11T19:29:37Z,2026-07-11T21:29:37+0200,1d83aeba-7d53-466c-9cd8-cde3940d84cc,2026-06-18T02:15:00Z,2026-06-18T04:15:00+0200,68.78001,MW,FR,FR,forecast_offshore_wind_generation,Wind Offshore,2026-07-11T19:30:56Z
2026-07-11T19:29:37Z,2026-07-11T21:29:37+0200,1d83aeba-7d53-466c-9cd8-cde3940d84cc,2026-06-18T02:30:00Z,2026-06-18T04:30:00+0200,68.47,MW,FR,FR,forecast_offshore_wind_generation,Wind Offshore,2026-07-11T19:30:56Z
2026-07-11T19:29:37Z,2026-07-11T21:29:37+0200,1d83aeba-7d53-466c-9cd8-cde3940d84cc,2026-06-18T02:45:00Z,2026-06-18T04:45:00+0200,68.15,MW,FR,FR,forecast_offshore_wind_generation,Wind Offshore,2026-07-11T19:30:56Z
2026-07-11T19:29:37Z,2026-07-11T21:29:37+0200,1d83aeba-7d53-466c-9cd8-cde3940d84cc,2026-06-18T03:00:00Z,2026-06-18T05:00:00+0200,67.84,MW,FR,FR,forecast_offshore_wind_generation,Wind Offshore,2026-07-11T19:30:56Z
2026-07-11T19:29:37Z,2026-07-11T21:29:37+0200,1d83aeba-7d53-466c-9cd8-cde3940d84cc,2026-06-18T03:15:00Z,2026-06-18T05:15:00+0200,69.92999,MW,FR,FR,forecast_offshore_wind_generation,Wind Offshore,2026-07-11T19:30:56Z
2026-07-11T19:29:37Z,2026-07-11T21:29:37+0200,1d83aeba-7d53-466c-9cd8-cde3940d84cc,2026-06-18T03:30:00Z,2026-06-18T05:30:00+0200,72.04,MW,FR,FR,forecast_offshore_wind_generation,Wind Offshore,2026-07-11T19:30:56Z
2026-07-11T19:29:37Z,2026-07-11T21:29:37+0200,1d83aeba-7d53-466c-9cd8-cde3940d84cc,2026-06-18T03:45:00Z,2026-06-18T05:45:00+0200,74.14,MW,FR,FR,forecast_offshore_wind_generation,Wind Offshore,2026-07-11T19:30:56Z
2026-07-11T19:29:37Z,2026-07-11T21:29:37+0200,1d83aeba-7d53-466c-9cd8-cde3940d84cc,2026-06-18T04:00:00Z,2026-06-18T06:00:00+0200,76.24001,MW,FR,FR,forecast_offshore_wind_generation,Wind Offshore,2026-07-11T19:30:56Z
2026-07-11T19:29:37Z,2026-07-11T21:29:37+0200,1d83aeba-7d53-466c-9cd8-cde3940d84cc,2026-06-18T04:15:00Z,2026-06-18T06:15:00+0200,79.48,MW,FR,FR,forecast_offshore_wind_generation,Wind Offshore,2026-07-11T19:30:56Z
2026-07-11T19:29:37Z,2026-07-11T21:29:37+0200,1d83aeba-7d53-466c-9cd8-cde3940d84cc,2026-06-18T04:30:00Z,2026-06-18T06:30:00+0200,82.71,MW,FR,FR,forecast_offshore_wind_generation,Wind Offshore,2026-07-11T19:30:56Z
2026-07-11T19:29:37Z,2026-07-11T21:29:37+0200,1d83aeba-7d53-466c-9cd8-cde3940d84cc,2026-06-18T04:45:00Z,2026-06-18T06:45:00+0200,85.93,MW,FR,FR,forecast_offshore_wind_generation,Wind Offshore,2026-07-11T19:30:56Z
2026-07-11T19:29:37Z,2026-07-11T21:29:37+0200,1d83aeba-7d53-466c-9cd8-cde3940d84cc,2026-06-18T05:00:00Z,2026-06-18T07:00:00+0200,89.17,MW,FR,FR,forecast_offshore_wind_generation,Wind Offshore,2026-07-11T19:30:56Z
2026-07-11T19:29:37Z,2026-07-11T21:29:37+0200,1d83aeba-7d53-466c-9cd8-cde3940d84cc,2026-06-18T05:15:00Z,2026-06-18T07:15:00+0200,90.46999,MW,FR,FR,forecast_offshore_wind_generation,Wind Offshore,2026-07-11T19:30:56Z
2026-07-11T19:29:37Z,2026-07-11T21:29:37+0200,1d83aeba-7d53-466c-9cd8-cde3940d84cc,2026-06-18T05:30:00Z,2026-06-18T07:30:00+0200,91.78999,MW,FR,FR,forecast_offshore_wind_generation,Wind Offshore,2026-07-11T19:30:56Z
2026-07-11T19:29:37Z,2026-07-11T21:29:37+0200,1d83aeba-7d53-466c-9cd8-cde3940d84cc,2026-06-18T05:45:00Z,2026-06-18T07:45:00+0200,93.10001,MW,FR,FR,forecast_offshore_wind_generation,Wind Offshore,2026-07-11T19:30:56Z
2026-07-11T19:29:37Z,2026-07-11T21:29:37+0200,1d83aeba-7d53-466c-9cd8-cde3940d84cc,2026-06-18T06:00:00Z,2026-06-18T08:00:00+0200,94.41,MW,FR,FR,forecast_offshore_wind_generation,Wind Offshore,2026-07-11T19:30:56Z
2026-07-11T19:29:37Z,2026-07-11T21:29:37+0200,1d83aeba-7d53-466c-9cd8-cde3940d84cc,2026-06-18T06:15:00Z,2026-06-18T08:15:00+0200,98.92,MW,FR,FR,forecast_offshore_wind_generation,Wind Offshore,2026-07-11T19:30:56Z
2026-07-11T19:29:37Z,2026-07-11T21:29:37+0200,1d83aeba-7d53-466c-9cd8-cde3940d84cc,2026-06-18T06:30:00Z,2026-06-18T08:30:00+0200,103.46,MW,FR,FR,forecast_offshore_wind_generation,Wind Offshore,2026-07-11T19:30:56Z
2026-07-11T19:29:37Z,2026-07-11T21:29:37+0200,1d83aeba-7d53-466c-9cd8-cde3940d84cc,2026-06-18T06:45:00Z,2026-06-18T08:45:00+0200,107.96999,MW,FR,FR,forecast_offshore_wind_generation,Wind Offshore,2026-07-11T19:30:56Z
2026-07-11T19:29:37Z,2026-07-11T21:29:37+0200,1d83aeba-7d53-466c-9cd8-cde3940d84cc,2026-06-18T07:00:00Z,2026-06-18T09:00:00+0200,112.5,MW,FR,FR,forecast_offshore_wind_generation,Wind Offshore,2026-07-11T19:30:56Z
2026-07-11T19:29:37Z,2026-07-11T21:29:37+0200,1d83aeba-7d53-466c-9cd8-cde3940d84cc,2026-06-18T07:15:00Z,2026-06-18T09:15:00+0200,126.36,MW,FR,FR,forecast_offshore_wind_generation,Wind Offshore,2026-07-11T19:30:56Z
2026-07-11T19:29:37Z,2026-07-11T21:29:37+0200,1d83aeba-7d53-466c-9cd8-cde3940d84cc,2026-06-18T07:30:00Z,2026-06-18T09:30:00+0200,140.20999,MW,FR,FR,forecast_offshore_wind_generation,Wind Offshore,2026-07-11T19:30:56Z
2026-07-11T19:29:37Z,2026-07-11T21:29:37+0200,1d83aeba-7d53-466c-9cd8-cde3940d84cc,2026-06-18T07:45:00Z,2026-06-18T09:45:00+0200,154.06,MW,FR,FR,forecast_offshore_wind_generation,Wind Offshore,2026-07-11T19:30:56Z
2026-07-11T19:29:37Z,2026-07-11T21:29:37+0200,1d83aeba-7d53-466c-9cd8-cde3940d84cc,2026-06-18T08:00:00Z,2026-06-18T10:00:00+0200,167.89,MW,FR,FR,forecast_offshore_wind_generation,Wind Offshore,2026-07-11T19:30:56Z
2026-07-11T19:29:37Z,2026-07-11T21:29:37+0200,1d83aeba-7d53-466c-9cd8-cde3940d84cc,2026-06-18T08:15:00Z,2026-06-18T10:15:00+0200,164.32001,MW,FR,FR,forecast_offshore_wind_generation,Wind Offshore,2026-07-11T19:30:56Z
2026-07-11T19:29:37Z,2026-07-11T21:29:37+0200,1d83aeba-7d53-466c-9cd8-cde3940d84cc,2026-06-18T08:30:00Z,2026-06-18T10:30:00+0200,160.73999,MW,FR,FR,forecast_offshore_wind_generation,Wind Offshore,2026-07-11T19:30:56Z
2026-07-11T19:29:37Z,2026-07-11T21:29:37+0200,1d83aeba-7d53-466c-9cd8-cde3940d84cc,2026-06-18T08:45:00Z,2026-06-18T10:45:00+0200,157.17,MW,FR,FR,forecast_offshore_wind_generation,Wind Offshore,2026-07-11T19:30:56Z
2026-07-11T19:29:37Z,2026-07-11T21:29:37+0200,1d83aeba-7d53-466c-9cd8-cde3940d84cc,2026-06-18T09:00:00Z,2026-06-18T11:00:00+0200,153.59001,MW,FR,FR,forecast_offshore_wind_generation,Wind Offshore,2026-07-11T19:30:56Z
2026-07-11T19:29:37Z,2026-07-11T21:29:37+0200,1d83aeba-7d53-466c-9cd8-cde3940d84cc,2026-06-18T09:15:00Z,2026-06-18T11:15:00+0200,148.32001,MW,FR,FR,forecast_offshore_wind_generation,Wind Offshore,2026-07-11T19:30:56Z
2026-07-11T19:29:37Z,2026-07-11T21:29:37+0200,1d83aeba-7d53-466c-9cd8-cde3940d84cc,2026-06-18T09:30:00Z,2026-06-18T11:30:00+0200,143.06999,MW,FR,FR,forecast_offshore_wind_generation,Wind Offshore,2026-07-11T19:30:56Z
2026-07-11T19:29:37Z,2026-07-11T21:29:37+0200,1d83aeba-7d53-466c-9cd8-cde3940d84cc,2026-06-18T09:45:00Z,2026-06-18T11:45:00+0200,137.79999,MW,FR,FR,forecast_offshore_wind_generation,Wind Offshore,2026-07-11T19:30:56Z
2026-07-11T19:29:37Z,2026-07-11T21:29:37+0200,1d83aeba-7d53-466c-9cd8-cde3940d84cc,2026-06-18T10:00:00Z,2026-06-18T12:00:00+0200,132.53,MW,FR,FR,forecast_offshore_wind_generation,Wind Offshore,2026-07-11T19:30:56Z
2026-07-11T19:29:37Z,2026-07-11T21:29:37+0200,1d83aeba-7d53-466c-9cd8-cde3940d84cc,2026-06-18T10:15:00Z,2026-06-18T12:15:00+0200,133.98,MW,FR,FR,forecast_offshore_wind_generation,Wind Offshore,2026-07-11T19:30:56Z
2026-07-11T19:29:37Z,2026-07-11T21:29:37+0200,1d83aeba-7d53-466c-9cd8-cde3940d84cc,2026-06-18T10:30:00Z,2026-06-18T12:30:00+0200,135.43001,MW,FR,FR,forecast_offshore_wind_generation,Wind Offshore,2026-07-11T19:30:56Z
2026-07-11T19:29:37Z,2026-07-11T21:29:37+0200,1d83aeba-7d53-466c-9cd8-cde3940d84cc,2026-06-18T10:45:00Z,2026-06-18T12:45:00+0200,136.87,MW,FR,FR,forecast_offshore_wind_generation,Wind Offshore,2026-07-11T19:30:56Z
2026-07-11T19:29:37Z,2026-07-11T21:29:37+0200,1d83aeba-7d53-466c-9cd8-cde3940d84cc,2026-06-18T11:00:00Z,2026-06-18T13:00:00+0200,138.31,MW,FR,FR,forecast_offshore_wind_generation,Wind Offshore,2026-07-11T19:30:56Z
2026-07-11T19:29:37Z,2026-07-11T21:29:37+0200,1d83aeba-7d53-466c-9cd8-cde3940d84cc,2026-06-18T11:15:00Z,2026-06-18T13:15:00+0200,138.23001,MW,FR,FR,forecast_offshore_wind_generation,Wind Offshore,2026-07-11T19:30:56Z
2026-07-11T19:29:37Z,2026-07-11T21:29:37+0200,1d83aeba-7d53-466c-9cd8-cde3940d84cc,2026-06-18T11:30:00Z,2026-06-18T13:30:00+0200,138.17,MW,FR,FR,forecast_offshore_wind_generation,Wind Offshore,2026-07-11T19:30:56Z
2026-07-11T19:29:37Z,2026-07-11T21:29:37+0200,1d83aeba-7d53-466c-9cd8-cde3940d84cc,2026-06-18T11:45:00Z,2026-06-18T13:45:00+0200,138.10001,MW,FR,FR,forecast_offshore_wind_generation,Wind Offshore,2026-07-11T19:30:56Z
2026-07-11T19:29:37Z,2026-07-11T21:29:37+0200,1d83aeba-7d53-466c-9cd8-cde3940d84cc,2026-06-18T12:00:00Z,2026-06-18T14:00:00+0200,138.02,MW,FR,FR,forecast_offshore_wind_generation,Wind Offshore,2026-07-11T19:30:56Z
2026-07-11T19:29:37Z,2026-07-11T21:29:37+0200,1d83aeba-7d53-466c-9cd8-cde3940d84cc,2026-06-18T12:15:00Z,2026-06-18T14:15:00+0200,136.99001,MW,FR,FR,forecast_offshore_wind_generation,Wind Offshore,2026-07-11T19:30:56Z
2026-07-11T19:29:37Z,2026-07-11T21:29:37+0200,1d83aeba-7d53-466c-9cd8-cde3940d84cc,2026-06-18T12:30:00Z,2026-06-18T14:30:00+0200,135.95999,MW,FR,FR,forecast_offshore_wind_generation,Wind Offshore,2026-07-11T19:30:56Z
2026-07-11T19:29:37Z,2026-07-11T21:29:37+0200,1d83aeba-7d53-466c-9cd8-cde3940d84cc,2026-06-18T12:45:00Z,2026-06-18T14:45:00+0200,134.92001,MW,FR,FR,forecast_offshore_wind_generation,Wind Offshore,2026-07-11T19:30:56Z
2026-07-11T19:29:37Z,2026-07-11T21:29:37+0200,1d83aeba-7d53-466c-9cd8-cde3940d84cc,2026-06-18T13:00:00Z,2026-06-18T15:00:00+0200,133.89,MW,FR,FR,forecast_offshore_wind_generation,Wind Offshore,2026-07-11T19:30:56Z
2026-07-11T19:29:37Z,2026-07-11T21:29:37+0200,1d83aeba-7d53-466c-9cd8-cde3940d84cc,2026-06-18T13:15:00Z,2026-06-18T15:15:00+0200,164.87001,MW,FR,FR,forecast_offshore_wind_generation,Wind Offshore,2026-07-11T19:30:56Z
2026-07-11T19:29:37Z,2026-07-11T21:29:37+0200,1d83aeba-7d53-466c-9cd8-cde3940d84cc,2026-06-18T13:30:00Z,2026-06-18T15:30:00+0200,195.87,MW,FR,FR,forecast_offshore_wind_generation,Wind Offshore,2026-07-11T19:30:56Z
2026-07-11T19:29:37Z,2026-07-11T21:29:37+0200,1d83aeba-7d53-466c-9cd8-cde3940d84cc,2026-06-18T13:45:00Z,2026-06-18T15:45:00+0200,226.85001,MW,FR,FR,forecast_offshore_wind_generation,Wind Offshore,2026-07-11T19:30:56Z
2026-07-11T19:29:37Z,2026-07-11T21:29:37+0200,1d83aeba-7d53-466c-9cd8-cde3940d84cc,2026-06-18T14:00:00Z,2026-06-18T16:00:00+0200,257.84003,MW,FR,FR,forecast_offshore_wind_generation,Wind Offshore,2026-07-11T19:30:56Z
2026-07-11T19:29:37Z,2026-07-11T21:29:37+0200,1d83aeba-7d53-466c-9cd8-cde3940d84cc,2026-06-18T14:15:00Z,2026-06-18T16:15:00+0200,285.33002,MW,FR,FR,forecast_offshore_wind_generation,Wind Offshore,2026-07-11T19:30:56Z
2026-07-11T19:29:37Z,2026-07-11T21:29:37+0200,1d83aeba-7d53-466c-9cd8-cde3940d84cc,2026-06-18T14:30:00Z,2026-06-18T16:30:00+0200,312.79999,MW,FR,FR,forecast_offshore_wind_generation,Wind Offshore,2026-07-11T19:30:56Z
2026-07-11T19:29:37Z,2026-07-11T21:29:37+0200,1d83aeba-7d53-466c-9cd8-cde3940d84cc,2026-06-18T14:45:00Z,2026-06-18T16:45:00+0200,340.27002,MW,FR,FR,forecast_offshore_wind_generation,Wind Offshore,2026-07-11T19:30:56Z
2026-07-11T19:29:37Z,2026-07-11T21:29:37+0200,1d83aeba-7d53-466c-9cd8-cde3940d84cc,2026-06-18T15:00:00Z,2026-06-18T17:00:00+0200,367.75,MW,FR,FR,forecast_offshore_wind_generation,Wind Offshore,2026-07-11T19:30:56Z
2026-07-11T19:29:37Z,2026-07-11T21:29:37+0200,1d83aeba-7d53-466c-9cd8-cde3940d84cc,2026-06-18T15:15:00Z,2026-06-18T17:15:00+0200,363.82001,MW,FR,FR,forecast_offshore_wind_generation,Wind Offshore,2026-07-11T19:30:56Z
2026-07-11T19:29:37Z,2026-07-11T21:29:37+0200,1d83aeba-7d53-466c-9cd8-cde3940d84cc,2026-06-18T15:30:00Z,2026-06-18T17:30:00+0200,359.90997,MW,FR,FR,forecast_offshore_wind_generation,Wind Offshore,2026-07-11T19:30:56Z
2026-07-11T19:29:37Z,2026-07-11T21:29:37+0200,1d83aeba-7d53-466c-9cd8-cde3940d84cc,2026-06-18T15:45:00Z,2026-06-18T17:45:00+0200,355.97,MW,FR,FR,forecast_offshore_wind_generation,Wind Offshore,2026-07-11T19:30:56Z
2026-07-11T19:29:37Z,2026-07-11T21:29:37+0200,1d83aeba-7d53-466c-9cd8-cde3940d84cc,2026-06-18T16:00:00Z,2026-06-18T18:00:00+0200,352.06,MW,FR,FR,forecast_offshore_wind_generation,Wind Offshore,2026-07-11T19:30:56Z
2026-07-11T19:29:37Z,2026-07-11T21:29:37+0200,1d83aeba-7d53-466c-9cd8-cde3940d84cc,2026-06-18T16:15:00Z,2026-06-18T18:15:00+0200,341.43002,MW,FR,FR,forecast_offshore_wind_generation,Wind Offshore,2026-07-11T19:30:56Z
2026-07-11T19:29:37Z,2026-07-11T21:29:37+0200,1d83aeba-7d53-466c-9cd8-cde3940d84cc,2026-06-18T16:30:00Z,2026-06-18T18:30:00+0200,330.83002,MW,FR,FR,forecast_offshore_wind_generation,Wind Offshore,2026-07-11T19:30:56Z
2026-07-11T19:29:37Z,2026-07-11T21:29:37+0200,1d83aeba-7d53-466c-9cd8-cde3940d84cc,2026-06-18T16:45:00Z,2026-06-18T18:45:00+0200,320.20999,MW,FR,FR,forecast_offshore_wind_generation,Wind Offshore,2026-07-11T19:30:56Z
2026-07-11T19:29:37Z,2026-07-11T21:29:37+0200,1d83aeba-7d53-466c-9cd8-cde3940d84cc,2026-06-18T17:00:00Z,2026-06-18T19:00:00+0200,309.59003,MW,FR,FR,forecast_offshore_wind_generation,Wind Offshore,2026-07-11T19:30:56Z
2026-07-11T19:29:37Z,2026-07-11T21:29:37+0200,1d83aeba-7d53-466c-9cd8-cde3940d84cc,2026-06-18T17:15:00Z,2026-06-18T19:15:00+0200,302.23001,MW,FR,FR,forecast_offshore_wind_generation,Wind Offshore,2026-07-11T19:30:56Z
2026-07-11T19:29:37Z,2026-07-11T21:29:37+0200,1d83aeba-7d53-466c-9cd8-cde3940d84cc,2026-06-18T17:30:00Z,2026-06-18T19:30:00+0200,294.87,MW,FR,FR,forecast_offshore_wind_generation,Wind Offshore,2026-07-11T19:30:56Z
2026-07-11T19:29:37Z,2026-07-11T21:29:37+0200,1d83aeba-7d53-466c-9cd8-cde3940d84cc,2026-06-18T17:45:00Z,2026-06-18T19:45:00+0200,287.52002,MW,FR,FR,forecast_offshore_wind_generation,Wind Offshore,2026-07-11T19:30:56Z
2026-07-11T19:29:37Z,2026-07-11T21:29:37+0200,1d83aeba-7d53-466c-9cd8-cde3940d84cc,2026-06-18T18:00:00Z,2026-06-18T20:00:00+0200,280.14999,MW,FR,FR,forecast_offshore_wind_generation,Wind Offshore,2026-07-11T19:30:56Z
2026-07-11T19:29:37Z,2026-07-11T21:29:37+0200,1d83aeba-7d53-466c-9cd8-cde3940d84cc,2026-06-18T18:15:00Z,2026-06-18T20:15:00+0200,270.94998,MW,FR,FR,forecast_offshore_wind_generation,Wind Offshore,2026-07-11T19:30:56Z
2026-07-11T19:29:37Z,2026-07-11T21:29:37+0200,1d83aeba-7d53-466c-9cd8-cde3940d84cc,2026-06-18T18:30:00Z,2026-06-18T20:30:00+0200,261.76001,MW,FR,FR,forecast_offshore_wind_generation,Wind Offshore,2026-07-11T19:30:56Z
2026-07-11T19:29:37Z,2026-07-11T21:29:37+0200,1d83aeba-7d53-466c-9cd8-cde3940d84cc,2026-06-18T18:45:00Z,2026-06-18T20:45:00+0200,252.56,MW,FR,FR,forecast_offshore_wind_generation,Wind Offshore,2026-07-11T19:30:56Z
2026-07-11T19:29:37Z,2026-07-11T21:29:37+0200,1d83aeba-7d53-466c-9cd8-cde3940d84cc,2026-06-18T19:00:00Z,2026-06-18T21:00:00+0200,243.35001,MW,FR,FR,forecast_offshore_wind_generation,Wind Offshore,2026-07-11T19:30:56Z
2026-07-11T19:29:37Z,2026-07-11T21:29:37+0200,1d83aeba-7d53-466c-9cd8-cde3940d84cc,2026-06-18T19:15:00Z,2026-06-18T21:15:00+0200,248.89998,MW,FR,FR,forecast_offshore_wind_generation,Wind Offshore,2026-07-11T19:30:56Z
2026-07-11T19:29:37Z,2026-07-11T21:29:37+0200,1d83aeba-7d53-466c-9cd8-cde3940d84cc,2026-06-18T19:30:00Z,2026-06-18T21:30:00+0200,254.46001,MW,FR,FR,forecast_offshore_wind_generation,Wind Offshore,2026-07-11T19:30:56Z
2026-07-11T19:29:37Z,2026-07-11T21:29:37+0200,1d83aeba-7d53-466c-9cd8-cde3940d84cc,2026-06-18T19:45:00Z,2026-06-18T21:45:00+0200,260.02002,MW,FR,FR,forecast_offshore_wind_generation,Wind Offshore,2026-07-11T19:30:56Z
2026-07-11T19:29:37Z,2026-07-11T21:29:37+0200,1d83aeba-7d53-466c-9cd8-cde3940d84cc,2026-06-18T20:00:00Z,2026-06-18T22:00:00+0200,265.56,MW,FR,FR,forecast_offshore_wind_generation,Wind Offshore,2026-07-11T19:30:56Z
2026-07-11T19:29:37Z,2026-07-11T21:29:37+0200,1d83aeba-7d53-466c-9cd8-cde3940d84cc,2026-06-18T20:15:00Z,2026-06-18T22:15:00+0200,261.32001,MW,FR,FR,forecast_offshore_wind_generation,Wind Offshore,2026-07-11T19:30:56Z
2026-07-11T19:29:37Z,2026-07-11T21:29:37+0200,1d83aeba-7d53-466c-9cd8-cde3940d84cc,2026-06-18T20:30:00Z,2026-06-18T22:30:00+0200,257.07999,MW,FR,FR,forecast_offshore_wind_generation,Wind Offshore,2026-07-11T19:30:56Z
2026-07-11T19:29:37Z,2026-07-11T21:29:37+0200,1d83aeba-7d53-466c-9cd8-cde3940d84cc,2026-06-18T20:45:00Z,2026-06-18T22:45:00+0200,252.83002,MW,FR,FR,forecast_offshore_wind_generation,Wind Offshore,2026-07-11T19:30:56Z
2026-07-11T19:29:37Z,2026-07-11T21:29:37+0200,1d83aeba-7d53-466c-9cd8-cde3940d84cc,2026-06-18T21:00:00Z,2026-06-18T23:00:00+0200,248.58,MW,FR,FR,forecast_offshore_wind_generation,Wind Offshore,2026-07-11T19:30:56Z
2026-07-11T19:29:37Z,2026-07-11T21:29:37+0200,1d83aeba-7d53-466c-9cd8-cde3940d84cc,2026-06-18T21:15:00Z,2026-06-18T23:15:00+0200,242.32999,MW,FR,FR,forecast_offshore_wind_generation,Wind Offshore,2026-07-11T19:30:56Z
2026-07-11T19:29:37Z,2026-07-11T21:29:37+0200,1d83aeba-7d53-466c-9cd8-cde3940d84cc,2026-06-18T21:30:00Z,2026-06-18T23:30:00+0200,236.07999,MW,FR,FR,forecast_offshore_wind_generation,Wind Offshore,2026-07-11T19:30:56Z
2026-07-11T19:29:37Z,2026-07-11T21:29:37+0200,1d83aeba-7d53-466c-9cd8-cde3940d84cc,2026-06-18T21:45:00Z,2026-06-18T23:45:00+0200,229.82001,MW,FR,FR,forecast_offshore_wind_generation,Wind Offshore,2026-07-11T19:30:56Z
2026-07-11T19:29:37Z,2026-07-11T21:29:37+0200,1d83aeba-7d53-466c-9cd8-cde3940d84cc,2026-06-18T22:00:00Z,2026-06-19T00:00:00+0200,159.84999,MW,FR,FR,forecast_offshore_wind_generation,Wind Offshore,2026-07-11T19:30:56Z
2026-07-11T19:29:37Z,2026-07-11T21:29:37+0200,1d83aeba-7d53-466c-9cd8-cde3940d84cc,2026-06-18T22:15:00Z,2026-06-19T00:15:00+0200,152.45,MW,FR,FR,forecast_offshore_wind_generation,Wind Offshore,2026-07-11T19:30:56Z
2026-07-11T19:29:37Z,2026-07-11T21:29:37+0200,1d83aeba-7d53-466c-9cd8-cde3940d84cc,2026-06-18T22:30:00Z,2026-06-19T00:30:00+0200,145.96999,MW,FR,FR,forecast_offshore_wind_generation,Wind Offshore,2026-07-11T19:30:56Z
2026-07-11T19:29:37Z,2026-07-11T21:29:37+0200,1d83aeba-7d53-466c-9cd8-cde3940d84cc,2026-06-18T22:45:00Z,2026-06-19T00:45:00+0200,139.31999,MW,FR,FR,forecast_offshore_wind_generation,Wind Offshore,2026-07-11T19:30:56Z
2026-07-11T19:29:37Z,2026-07-11T21:29:37+0200,1d83aeba-7d53-466c-9cd8-cde3940d84cc,2026-06-18T23:00:00Z,2026-06-19T01:00:00+0200,132.67999,MW,FR,FR,forecast_offshore_wind_generation,Wind Offshore,2026-07-11T19:30:56Z
2026-07-11T19:29:37Z,2026-07-11T21:29:37+0200,1d83aeba-7d53-466c-9cd8-cde3940d84cc,2026-06-18T23:15:00Z,2026-06-19T01:15:00+0200,130.69,MW,FR,FR,forecast_offshore_wind_generation,Wind Offshore,2026-07-11T19:30:56Z
2026-07-11T19:29:37Z,2026-07-11T21:29:37+0200,1d83aeba-7d53-466c-9cd8-cde3940d84cc,2026-06-18T23:30:00Z,2026-06-19T01:30:00+0200,128.70001,MW,FR,FR,forecast_offshore_wind_generation,Wind Offshore,2026-07-11T19:30:56Z
2026-07-11T19:29:37Z,2026-07-11T21:29:37+0200,1d83aeba-7d53-466c-9cd8-cde3940d84cc,2026-06-18T23:45:00Z,2026-06-19T01:45:00+0200,126.67001,MW,FR,FR,forecast_offshore_wind_generation,Wind Offshore,2026-07-11T19:30:56Z
2026-07-11T19:29:37Z,2026-07-11T21:29:37+0200,1d83aeba-7d53-466c-9cd8-cde3940d84cc,2026-06-19T00:00:00Z,2026-06-19T02:00:00+0200,124.63,MW,FR,FR,forecast_offshore_wind_generation,Wind Offshore,2026-07-11T19:30:56Z
2026-07-11T19:29:37Z,2026-07-11T21:29:37+0200,1d83aeba-7d53-466c-9cd8-cde3940d84cc,2026-06-19T00:15:00Z,2026-06-19T02:15:00+0200,122.35,MW,FR,FR,forecast_offshore_wind_generation,Wind Offshore,2026-07-11T19:30:56Z
2026-07-11T19:29:37Z,2026-07-11T21:29:37+0200,1d83aeba-7d53-466c-9cd8-cde3940d84cc,2026-06-19T00:30:00Z,2026-06-19T02:30:00+0200,120.07,MW,FR,FR,forecast_offshore_wind_generation,Wind Offshore,2026-07-11T19:30:56Z
2026-07-11T19:29:37Z,2026-07-11T21:29:37+0200,1d83aeba-7d53-466c-9cd8-cde3940d84cc,2026-06-19T00:45:00Z,2026-06-19T02:45:00+0200,117.81,MW,FR,FR,forecast_offshore_wind_generation,Wind Offshore,2026-07-11T19:30:56Z
2026-07-11T19:29:37Z,2026-07-11T21:29:37+0200,1d83aeba-7d53-466c-9cd8-cde3940d84cc,2026-06-19T01:00:00Z,2026-06-19T03:00:00+0200,115.53,MW,FR,FR,forecast_offshore_wind_generation,Wind Offshore,2026-07-11T19:30:56Z
2026-07-11T19:29:37Z,2026-07-11T21:29:37+0200,1d83aeba-7d53-466c-9cd8-cde3940d84cc,2026-06-19T01:15:00Z,2026-06-19T03:15:00+0200,115.91,MW,FR,FR,forecast_offshore_wind_generation,Wind Offshore,2026-07-11T19:30:56Z
2026-07-11T19:29:37Z,2026-07-11T21:29:37+0200,1d83aeba-7d53-466c-9cd8-cde3940d84cc,2026-06-19T01:30:00Z,2026-06-19T03:30:00+0200,116.29001,MW,FR,FR,forecast_offshore_wind_generation,Wind Offshore,2026-07-11T19:30:56Z
2026-07-11T19:29:37Z,2026-07-11T21:29:37+0200,1d83aeba-7d53-466c-9cd8-cde3940d84cc,2026-06-19T01:45:00Z,2026-06-19T03:45:00+0200,116.66,MW,FR,FR,forecast_offshore_wind_generation,Wind Offshore,2026-07-11T19:30:56Z
2026-07-11T19:29:37Z,2026-07-11T21:29:37+0200,1d83aeba-7d53-466c-9cd8-cde3940d84cc,2026-06-19T02:00:00Z,2026-06-19T04:00:00+0200,117.05,MW,FR,FR,forecast_offshore_wind_generation,Wind Offshore,2026-07-11T19:30:56Z
2026-07-11T19:29:37Z,2026-07-11T21:29:37+0200,1d83aeba-7d53-466c-9cd8-cde3940d84cc,2026-06-19T02:15:00Z,2026-06-19T04:15:00+0200,119.00999,MW,FR,FR,forecast_offshore_wind_generation,Wind Offshore,2026-07-11T19:30:56Z
2026-07-11T19:29:37Z,2026-07-11T21:29:37+0200,1d83aeba-7d53-466c-9cd8-cde3940d84cc,2026-06-19T02:30:00Z,2026-06-19T04:30:00+0200,120.98,MW,FR,FR,forecast_offshore_wind_generation,Wind Offshore,2026-07-11T19:30:56Z
2026-07-11T19:29:37Z,2026-07-11T21:29:37+0200,1d83aeba-7d53-466c-9cd8-cde3940d84cc,2026-06-19T02:45:00Z,2026-06-19T04:45:00+0200,122.98,MW,FR,FR,forecast_offshore_wind_generation,Wind Offshore,2026-07-11T19:30:56Z
2026-07-11T19:29:37Z,2026-07-11T21:29:37+0200,1d83aeba-7d53-466c-9cd8-cde3940d84cc,2026-06-19T03:00:00Z,2026-06-19T05:00:00+0200,125.01,MW,FR,FR,forecast_offshore_wind_generation,Wind Offshore,2026-07-11T19:30:56Z
2026-07-11T19:29:37Z,2026-07-11T21:29:37+0200,1d83aeba-7d53-466c-9cd8-cde3940d84cc,2026-06-19T03:15:00Z,2026-06-19T05:15:00+0200,134.08,MW,FR,FR,forecast_offshore_wind_generation,Wind Offshore,2026-07-11T19:30:56Z
2026-07-11T19:29:37Z,2026-07-11T21:29:37+0200,1d83aeba-7d53-466c-9cd8-cde3940d84cc,2026-06-19T03:30:00Z,2026-06-19T05:30:00+0200,143.14,MW,FR,FR,forecast_offshore_wind_generation,Wind Offshore,2026-07-11T19:30:56Z
2026-07-11T19:29:37Z,2026-07-11T21:29:37+0200,1d83aeba-7d53-466c-9cd8-cde3940d84cc,2026-06-19T03:45:00Z,2026-06-19T05:45:00+0200,152.16,MW,FR,FR,forecast_offshore_wind_generation,Wind Offshore,2026-07-11T19:30:56Z
2026-07-11T19:29:37Z,2026-07-11T21:29:37+0200,1d83aeba-7d53-466c-9cd8-cde3940d84cc,2026-06-19T04:00:00Z,2026-06-19T06:00:00+0200,161.17,MW,FR,FR,forecast_offshore_wind_generation,Wind Offshore,2026-07-11T19:30:56Z
2026-07-11T19:29:37Z,2026-07-11T21:29:37+0200,1d83aeba-7d53-466c-9cd8-cde3940d84cc,2026-06-19T04:15:00Z,2026-06-19T06:15:00+0200,172.23999,MW,FR,FR,forecast_offshore_wind_generation,Wind Offshore,2026-07-11T19:30:56Z
2026-07-11T19:29:37Z,2026-07-11T21:29:37+0200,1d83aeba-7d53-466c-9cd8-cde3940d84cc,2026-06-19T04:30:00Z,2026-06-19T06:30:00+0200,183.31,MW,FR,FR,forecast_offshore_wind_generation,Wind Offshore,2026-07-11T19:30:56Z
2026-07-11T19:29:37Z,2026-07-11T21:29:37+0200,1d83aeba-7d53-466c-9cd8-cde3940d84cc,2026-06-19T04:45:00Z,2026-06-19T06:45:00+0200,194.34,MW,FR,FR,forecast_offshore_wind_generation,Wind Offshore,2026-07-11T19:30:56Z
2026-07-11T19:29:37Z,2026-07-11T21:29:37+0200,1d83aeba-7d53-466c-9cd8-cde3940d84cc,2026-06-19T05:00:00Z,2026-06-19T07:00:00+0200,205.36,MW,FR,FR,forecast_offshore_wind_generation,Wind Offshore,2026-07-11T19:30:56Z
2026-07-11T19:29:37Z,2026-07-11T21:29:37+0200,1d83aeba-7d53-466c-9cd8-cde3940d84cc,2026-06-19T05:15:00Z,2026-06-19T07:15:00+0200,212.14999,MW,FR,FR,forecast_offshore_wind_generation,Wind Offshore,2026-07-11T19:30:56Z
2026-07-11T19:29:37Z,2026-07-11T21:29:37+0200,1d83aeba-7d53-466c-9cd8-cde3940d84cc,2026-06-19T05:30:00Z,2026-06-19T07:30:00+0200,218.92999,MW,FR,FR,forecast_offshore_wind_generation,Wind Offshore,2026-07-11T19:30:56Z
2026-07-11T19:29:37Z,2026-07-11T21:29:37+0200,1d83aeba-7d53-466c-9cd8-cde3940d84cc,2026-06-19T05:45:00Z,2026-06-19T07:45:00+0200,225.64999,MW,FR,FR,forecast_offshore_wind_generation,Wind Offshore,2026-07-11T19:30:56Z
2026-07-11T19:29:37Z,2026-07-11T21:29:37+0200,1d83aeba-7d53-466c-9cd8-cde3940d84cc,2026-06-19T06:00:00Z,2026-06-19T08:00:00+0200,232.40999,MW,FR,FR,forecast_offshore_wind_generation,Wind Offshore,2026-07-11T19:30:56Z
2026-07-11T19:29:37Z,2026-07-11T21:29:37+0200,1d83aeba-7d53-466c-9cd8-cde3940d84cc,2026-06-19T06:15:00Z,2026-06-19T08:15:00+0200,227.8,MW,FR,FR,forecast_offshore_wind_generation,Wind Offshore,2026-07-11T19:30:56Z
2026-07-11T19:29:37Z,2026-07-11T21:29:37+0200,1d83aeba-7d53-466c-9cd8-cde3940d84cc,2026-06-19T06:30:00Z,2026-06-19T08:30:00+0200,223.2,MW,FR,FR,forecast_offshore_wind_generation,Wind Offshore,2026-07-11T19:30:56Z
2026-07-11T19:29:37Z,2026-07-11T21:29:37+0200,1d83aeba-7d53-466c-9cd8-cde3940d84cc,2026-06-19T06:45:00Z,2026-06-19T08:45:00+0200,218.58,MW,FR,FR,forecast_offshore_wind_generation,Wind Offshore,2026-07-11T19:30:56Z
2026-07-11T19:29:37Z,2026-07-11T21:29:37+0200,1d83aeba-7d53-466c-9cd8-cde3940d84cc,2026-06-19T07:00:00Z,2026-06-19T09:00:00+0200,213.96001,MW,FR,FR,forecast_offshore_wind_generation,Wind Offshore,2026-07-11T19:30:56Z
2026-07-11T19:29:37Z,2026-07-11T21:29:37+0200,1d83aeba-7d53-466c-9cd8-cde3940d84cc,2026-06-19T07:15:00Z,2026-06-19T09:15:00+0200,196.75999,MW,FR,FR,forecast_offshore_wind_generation,Wind Offshore,2026-07-11T19:30:56Z
2026-07-11T19:29:37Z,2026-07-11T21:29:37+0200,1d83aeba-7d53-466c-9cd8-cde3940d84cc,2026-06-19T07:30:00Z,2026-06-19T09:30:00+0200,179.56,MW,FR,FR,forecast_offshore_wind_generation,Wind Offshore,2026-07-11T19:30:56Z
2026-07-11T19:29:37Z,2026-07-11T21:29:37+0200,1d83aeba-7d53-466c-9cd8-cde3940d84cc,2026-06-19T07:45:00Z,2026-06-19T09:45:00+0200,162.36,MW,FR,FR,forecast_offshore_wind_generation,Wind Offshore,2026-07-11T19:30:56Z
2026-07-11T19:29:37Z,2026-07-11T21:29:37+0200,1d83aeba-7d53-466c-9cd8-cde3940d84cc,2026-06-19T08:00:00Z,2026-06-19T10:00:00+0200,145.16,MW,FR,FR,forecast_offshore_wind_generation,Wind Offshore,2026-07-11T19:30:56Z
2026-07-11T19:29:37Z,2026-07-11T21:29:37+0200,1d83aeba-7d53-466c-9cd8-cde3940d84cc,2026-06-19T08:15:00Z,2026-06-19T10:15:00+0200,129.3,MW,FR,FR,forecast_offshore_wind_generation,Wind Offshore,2026-07-11T19:30:56Z
2026-07-11T19:29:37Z,2026-07-11T21:29:37+0200,1d83aeba-7d53-466c-9cd8-cde3940d84cc,2026-06-19T08:30:00Z,2026-06-19T10:30:00+0200,113.43,MW,FR,FR,forecast_offshore_wind_generation,Wind Offshore,2026-07-11T19:30:56Z
2026-07-11T19:29:37Z,2026-07-11T21:29:37+0200,1d83aeba-7d53-466c-9cd8-cde3940d84cc,2026-06-19T08:45:00Z,2026-06-19T10:45:00+0200,97.53999,MW,FR,FR,forecast_offshore_wind_generation,Wind Offshore,2026-07-11T19:30:56Z
2026-07-11T19:29:37Z,2026-07-11T21:29:37+0200,1d83aeba-7d53-466c-9cd8-cde3940d84cc,2026-06-19T09:00:00Z,2026-06-19T11:00:00+0200,81.67,MW,FR,FR,forecast_offshore_wind_generation,Wind Offshore,2026-07-11T19:30:56Z
2026-07-11T19:29:37Z,2026-07-11T21:29:37+0200,1d83aeba-7d53-466c-9cd8-cde3940d84cc,2026-06-19T09:15:00Z,2026-06-19T11:15:00+0200,78.58,MW,FR,FR,forecast_offshore_wind_generation,Wind Offshore,2026-07-11T19:30:56Z
2026-07-11T19:29:37Z,2026-07-11T21:29:37+0200,1d83aeba-7d53-466c-9cd8-cde3940d84cc,2026-06-19T09:30:00Z,2026-06-19T11:30:00+0200,75.46001,MW,FR,FR,forecast_offshore_wind_generation,Wind Offshore,2026-07-11T19:30:56Z
2026-07-11T19:29:37Z,2026-07-11T21:29:37+0200,1d83aeba-7d53-466c-9cd8-cde3940d84cc,2026-06-19T09:45:00Z,2026-06-19T11:45:00+0200,72.35001,MW,FR,FR,forecast_offshore_wind_generation,Wind Offshore,2026-07-11T19:30:56Z
2026-07-11T19:29:37Z,2026-07-11T21:29:37+0200,1d83aeba-7d53-466c-9cd8-cde3940d84cc,2026-06-19T10:00:00Z,2026-06-19T12:00:00+0200,69.24,MW,FR,FR,forecast_offshore_wind_generation,Wind Offshore,2026-07-11T19:30:56Z
2026-07-11T19:29:37Z,2026-07-11T21:29:37+0200,1d83aeba-7d53-466c-9cd8-cde3940d84cc,2026-06-19T10:15:00Z,2026-06-19T12:15:00+0200,76.09,MW,FR,FR,forecast_offshore_wind_generation,Wind Offshore,2026-07-11T19:30:56Z
2026-07-11T19:29:37Z,2026-07-11T21:29:37+0200,1d83aeba-7d53-466c-9cd8-cde3940d84cc,2026-06-19T10:30:00Z,2026-06-19T12:30:00+0200,82.95,MW,FR,FR,forecast_offshore_wind_generation,Wind Offshore,2026-07-11T19:30:56Z
2026-07-11T19:29:37Z,2026-07-11T21:29:37+0200,1d83aeba-7d53-466c-9cd8-cde3940d84cc,2026-06-19T10:45:00Z,2026-06-19T12:45:00+0200,89.81001,MW,FR,FR,forecast_offshore_wind_generation,Wind Offshore,2026-07-11T19:30:56Z
2026-07-11T19:29:37Z,2026-07-11T21:29:37+0200,1d83aeba-7d53-466c-9cd8-cde3940d84cc,2026-06-19T11:00:00Z,2026-06-19T13:00:00+0200,96.66,MW,FR,FR,forecast_offshore_wind_generation,Wind Offshore,2026-07-11T19:30:56Z
2026-07-11T19:29:37Z,2026-07-11T21:29:37+0200,1d83aeba-7d53-466c-9cd8-cde3940d84cc,2026-06-19T11:15:00Z,2026-06-19T13:15:00+0200,102.49001,MW,FR,FR,forecast_offshore_wind_generation,Wind Offshore,2026-07-11T19:30:56Z
2026-07-11T19:29:37Z,2026-07-11T21:29:37+0200,1d83aeba-7d53-466c-9cd8-cde3940d84cc,2026-06-19T11:30:00Z,2026-06-19T13:30:00+0200,108.31,MW,FR,FR,forecast_offshore_wind_generation,Wind Offshore,2026-07-11T19:30:56Z
2026-07-11T19:29:37Z,2026-07-11T21:29:37+0200,1d83aeba-7d53-466c-9cd8-cde3940d84cc,2026-06-19T11:45:00Z,2026-06-19T13:45:00+0200,114.12,MW,FR,FR,forecast_offshore_wind_generation,Wind Offshore,2026-07-11T19:30:56Z
2026-07-11T19:29:37Z,2026-07-11T21:29:37+0200,1d83aeba-7d53-466c-9cd8-cde3940d84cc,2026-06-19T12:00:00Z,2026-06-19T14:00:00+0200,119.92999,MW,FR,FR,forecast_offshore_wind_generation,Wind Offshore,2026-07-11T19:30:56Z
2026-07-11T19:29:37Z,2026-07-11T21:29:37+0200,1d83aeba-7d53-466c-9cd8-cde3940d84cc,2026-06-19T12:15:00Z,2026-06-19T14:15:00+0200,126.96001,MW,FR,FR,forecast_offshore_wind_generation,Wind Offshore,2026-07-11T19:30:56Z
2026-07-11T19:29:37Z,2026-07-11T21:29:37+0200,1d83aeba-7d53-466c-9cd8-cde3940d84cc,2026-06-19T12:30:00Z,2026-06-19T14:30:00+0200,133.98,MW,FR,FR,forecast_offshore_wind_generation,Wind Offshore,2026-07-11T19:30:56Z
2026-07-11T19:29:37Z,2026-07-11T21:29:37+0200,1d83aeba-7d53-466c-9cd8-cde3940d84cc,2026-06-19T12:45:00Z,2026-06-19T14:45:00+0200,141.00999,MW,FR,FR,forecast_offshore_wind_generation,Wind Offshore,2026-07-11T19:30:56Z
2026-07-11T19:29:37Z,2026-07-11T21:29:37+0200,1d83aeba-7d53-466c-9cd8-cde3940d84cc,2026-06-19T13:00:00Z,2026-06-19T15:00:00+0200,148.03999,MW,FR,FR,forecast_offshore_wind_generation,Wind Offshore,2026-07-11T19:30:56Z
2026-07-11T19:29:37Z,2026-07-11T21:29:37+0200,1d83aeba-7d53-466c-9cd8-cde3940d84cc,2026-06-19T13:15:00Z,2026-06-19T15:15:00+0200,146.48,MW,FR,FR,forecast_offshore_wind_generation,Wind Offshore,2026-07-11T19:30:56Z
2026-07-11T19:29:37Z,2026-07-11T21:29:37+0200,1d83aeba-7d53-466c-9cd8-cde3940d84cc,2026-06-19T13:30:00Z,2026-06-19T15:30:00+0200,144.91,MW,FR,FR,forecast_offshore_wind_generation,Wind Offshore,2026-07-11T19:30:56Z
2026-07-11T19:29:37Z,2026-07-11T21:29:37+0200,1d83aeba-7d53-466c-9cd8-cde3940d84cc,2026-06-19T13:45:00Z,2026-06-19T15:45:00+0200,143.35001,MW,FR,FR,forecast_offshore_wind_generation,Wind Offshore,2026-07-11T19:30:56Z
2026-07-11T19:29:37Z,2026-07-11T21:29:37+0200,1d83aeba-7d53-466c-9cd8-cde3940d84cc,2026-06-19T14:00:00Z,2026-06-19T16:00:00+0200,141.83,MW,FR,FR,forecast_offshore_wind_generation,Wind Offshore,2026-07-11T19:30:56Z
2026-07-11T19:29:37Z,2026-07-11T21:29:37+0200,1d83aeba-7d53-466c-9cd8-cde3940d84cc,2026-06-19T14:15:00Z,2026-06-19T16:15:00+0200,136.42999,MW,FR,FR,forecast_offshore_wind_generation,Wind Offshore,2026-07-11T19:30:56Z
2026-07-11T19:29:37Z,2026-07-11T21:29:37+0200,1d83aeba-7d53-466c-9cd8-cde3940d84cc,2026-06-19T14:30:00Z,2026-06-19T16:30:00+0200,131.02,MW,FR,FR,forecast_offshore_wind_generation,Wind Offshore,2026-07-11T19:30:56Z
2026-07-11T19:29:37Z,2026-07-11T21:29:37+0200,1d83aeba-7d53-466c-9cd8-cde3940d84cc,2026-06-19T14:45:00Z,2026-06-19T16:45:00+0200,125.67,MW,FR,FR,forecast_offshore_wind_generation,Wind Offshore,2026-07-11T19:30:56Z
2026-07-11T19:29:37Z,2026-07-11T21:29:37+0200,1d83aeba-7d53-466c-9cd8-cde3940d84cc,2026-06-19T15:00:00Z,2026-06-19T17:00:00+0200,120.29,MW,FR,FR,forecast_offshore_wind_generation,Wind Offshore,2026-07-11T19:30:56Z
2026-07-11T19:29:37Z,2026-07-11T21:29:37+0200,1d83aeba-7d53-466c-9cd8-cde3940d84cc,2026-06-19T15:15:00Z,2026-06-19T17:15:00+0200,120.88,MW,FR,FR,forecast_offshore_wind_generation,Wind Offshore,2026-07-11T19:30:56Z
2026-07-11T19:29:37Z,2026-07-11T21:29:37+0200,1d83aeba-7d53-466c-9cd8-cde3940d84cc,2026-06-19T15:30:00Z,2026-06-19T17:30:00+0200,121.46,MW,FR,FR,forecast_offshore_wind_generation,Wind Offshore,2026-07-11T19:30:56Z
2026-07-11T19:29:37Z,2026-07-11T21:29:37+0200,1d83aeba-7d53-466c-9cd8-cde3940d84cc,2026-06-19T15:45:00Z,2026-06-19T17:45:00+0200,122.08,MW,FR,FR,forecast_offshore_wind_generation,Wind Offshore,2026-07-11T19:30:56Z
2026-07-11T19:29:37Z,2026-07-11T21:29:37+0200,1d83aeba-7d53-466c-9cd8-cde3940d84cc,2026-06-19T16:00:00Z,2026-06-19T18:00:00+0200,123.15,MW,FR,FR,forecast_offshore_wind_generation,Wind Offshore,2026-07-11T19:30:56Z
2026-07-11T19:29:37Z,2026-07-11T21:29:37+0200,1d83aeba-7d53-466c-9cd8-cde3940d84cc,2026-06-19T16:15:00Z,2026-06-19T18:15:00+0200,125.11,MW,FR,FR,forecast_offshore_wind_generation,Wind Offshore,2026-07-11T19:30:56Z
2026-07-11T19:29:37Z,2026-07-11T21:29:37+0200,1d83aeba-7d53-466c-9cd8-cde3940d84cc,2026-06-19T16:30:00Z,2026-06-19T18:30:00+0200,127.25,MW,FR,FR,forecast_offshore_wind_generation,Wind Offshore,2026-07-11T19:30:56Z
2026-07-11T19:29:37Z,2026-07-11T21:29:37+0200,1d83aeba-7d53-466c-9cd8-cde3940d84cc,2026-06-19T16:45:00Z,2026-06-19T18:45:00+0200,129.55,MW,FR,FR,forecast_offshore_wind_generation,Wind Offshore,2026-07-11T19:30:56Z
2026-07-11T19:29:37Z,2026-07-11T21:29:37+0200,1d83aeba-7d53-466c-9cd8-cde3940d84cc,2026-06-19T17:00:00Z,2026-06-19T19:00:00+0200,131.85001,MW,FR,FR,forecast_offshore_wind_generation,Wind Offshore,2026-07-11T19:30:56Z
2026-07-11T19:29:37Z,2026-07-11T21:29:37+0200,1d83aeba-7d53-466c-9cd8-cde3940d84cc,2026-06-19T17:15:00Z,2026-06-19T19:15:00+0200,132.48,MW,FR,FR,forecast_offshore_wind_generation,Wind Offshore,2026-07-11T19:30:56Z
2026-07-11T19:29:37Z,2026-07-11T21:29:37+0200,1d83aeba-7d53-466c-9cd8-cde3940d84cc,2026-06-19T17:30:00Z,2026-06-19T19:30:00+0200,133.13,MW,FR,FR,forecast_offshore_wind_generation,Wind Offshore,2026-07-11T19:30:56Z
2026-07-11T19:29:37Z,2026-07-11T21:29:37+0200,1d83aeba-7d53-466c-9cd8-cde3940d84cc,2026-06-19T17:45:00Z,2026-06-19T19:45:00+0200,133.81,MW,FR,FR,forecast_offshore_wind_generation,Wind Offshore,2026-07-11T19:30:56Z
2026-07-11T19:29:37Z,2026-07-11T21:29:37+0200,1d83aeba-7d53-466c-9cd8-cde3940d84cc,2026-06-19T18:00:00Z,2026-06-19T20:00:00+0200,134.48,MW,FR,FR,forecast_offshore_wind_generation,Wind Offshore,2026-07-11T19:30:56Z
2026-07-11T19:29:37Z,2026-07-11T21:29:37+0200,1d83aeba-7d53-466c-9cd8-cde3940d84cc,2026-06-19T18:15:00Z,2026-06-19T20:15:00+0200,143.67,MW,FR,FR,forecast_offshore_wind_generation,Wind Offshore,2026-07-11T19:30:56Z
2026-07-11T19:29:37Z,2026-07-11T21:29:37+0200,1d83aeba-7d53-466c-9cd8-cde3940d84cc,2026-06-19T18:30:00Z,2026-06-19T20:30:00+0200,152.85999,MW,FR,FR,forecast_offshore_wind_generation,Wind Offshore,2026-07-11T19:30:56Z
2026-07-11T19:29:37Z,2026-07-11T21:29:37+0200,1d83aeba-7d53-466c-9cd8-cde3940d84cc,2026-06-19T18:45:00Z,2026-06-19T20:45:00+0200,162.03999,MW,FR,FR,forecast_offshore_wind_generation,Wind Offshore,2026-07-11T19:30:56Z
2026-07-11T19:29:37Z,2026-07-11T21:29:37+0200,1d83aeba-7d53-466c-9cd8-cde3940d84cc,2026-06-19T19:00:00Z,2026-06-19T21:00:00+0200,171.23,MW,FR,FR,forecast_offshore_wind_generation,Wind Offshore,2026-07-11T19:30:56Z
2026-07-11T19:29:37Z,2026-07-11T21:29:37+0200,1d83aeba-7d53-466c-9cd8-cde3940d84cc,2026-06-19T19:15:00Z,2026-06-19T21:15:00+0200,169.59,MW,FR,FR,forecast_offshore_wind_generation,Wind Offshore,2026-07-11T19:30:56Z
2026-07-11T19:29:37Z,2026-07-11T21:29:37+0200,1d83aeba-7d53-466c-9cd8-cde3940d84cc,2026-06-19T19:30:00Z,2026-06-19T21:30:00+0200,167.95999,MW,FR,FR,forecast_offshore_wind_generation,Wind Offshore,2026-07-11T19:30:56Z
2026-07-11T19:29:37Z,2026-07-11T21:29:37+0200,1d83aeba-7d53-466c-9cd8-cde3940d84cc,2026-06-19T19:45:00Z,2026-06-19T21:45:00+0200,166.32999,MW,FR,FR,forecast_offshore_wind_generation,Wind Offshore,2026-07-11T19:30:56Z
2026-07-11T19:29:37Z,2026-07-11T21:29:37+0200,1d83aeba-7d53-466c-9cd8-cde3940d84cc,2026-06-19T20:00:00Z,2026-06-19T22:00:00+0200,164.68001,MW,FR,FR,forecast_offshore_wind_generation,Wind Offshore,2026-07-11T19:30:56Z
2026-07-11T19:29:37Z,2026-07-11T21:29:37+0200,1d83aeba-7d53-466c-9cd8-cde3940d84cc,2026-06-19T20:15:00Z,2026-06-19T22:15:00+0200,155.41,MW,FR,FR,forecast_offshore_wind_generation,Wind Offshore,2026-07-11T19:30:56Z
2026-07-11T19:29:37Z,2026-07-11T21:29:37+0200,1d83aeba-7d53-466c-9cd8-cde3940d84cc,2026-06-19T20:30:00Z,2026-06-19T22:30:00+0200,146.14,MW,FR,FR,forecast_offshore_wind_generation,Wind Offshore,2026-07-11T19:30:56Z
2026-07-11T19:29:37Z,2026-07-11T21:29:37+0200,1d83aeba-7d53-466c-9cd8-cde3940d84cc,2026-06-19T20:45:00Z,2026-06-19T22:45:00+0200,136.81,MW,FR,FR,forecast_offshore_wind_generation,Wind Offshore,2026-07-11T19:30:56Z
2026-07-11T19:29:37Z,2026-07-11T21:29:37+0200,1d83aeba-7d53-466c-9cd8-cde3940d84cc,2026-06-19T21:00:00Z,2026-06-19T23:00:00+0200,127.49999,MW,FR,FR,forecast_offshore_wind_generation,Wind Offshore,2026-07-11T19:30:56Z
2026-07-11T19:29:37Z,2026-07-11T21:29:37+0200,1d83aeba-7d53-466c-9cd8-cde3940d84cc,2026-06-19T21:15:00Z,2026-06-19T23:15:00+0200,131.14999,MW,FR,FR,forecast_offshore_wind_generation,Wind Offshore,2026-07-11T19:30:56Z
2026-07-11T19:29:37Z,2026-07-11T21:29:37+0200,1d83aeba-7d53-466c-9cd8-cde3940d84cc,2026-06-19T21:30:00Z,2026-06-19T23:30:00+0200,134.95,MW,FR,FR,forecast_offshore_wind_generation,Wind Offshore,2026-07-11T19:30:56Z
2026-07-11T19:29:37Z,2026-07-11T21:29:37+0200,1d83aeba-7d53-466c-9cd8-cde3940d84cc,2026-06-19T21:45:00Z,2026-06-19T23:45:00+0200,138.92999,MW,FR,FR,forecast_offshore_wind_generation,Wind Offshore,2026-07-11T19:30:56Z
2026-07-11T19:29:37Z,2026-07-11T21:29:37+0200,1d83aeba-7d53-466c-9cd8-cde3940d84cc,2026-06-19T22:00:00Z,2026-06-20T00:00:00+0200,137.38998,MW,FR,FR,forecast_offshore_wind_generation,Wind Offshore,2026-07-11T19:30:56Z
2026-07-11T19:29:37Z,2026-07-11T21:29:37+0200,1d83aeba-7d53-466c-9cd8-cde3940d84cc,2026-06-19T22:15:00Z,2026-06-20T00:15:00+0200,128.41,MW,FR,FR,forecast_offshore_wind_generation,Wind Offshore,2026-07-11T19:30:56Z
2026-07-11T19:29:37Z,2026-07-11T21:29:37+0200,1d83aeba-7d53-466c-9cd8-cde3940d84cc,2026-06-19T22:30:00Z,2026-06-20T00:30:00+0200,119.43,MW,FR,FR,forecast_offshore_wind_generation,Wind Offshore,2026-07-11T19:30:56Z
2026-07-11T19:29:37Z,2026-07-11T21:29:37+0200,1d83aeba-7d53-466c-9cd8-cde3940d84cc,2026-06-19T22:45:00Z,2026-06-20T00:45:00+0200,110.34,MW,FR,FR,forecast_offshore_wind_generation,Wind Offshore,2026-07-11T19:30:56Z
2026-07-11T19:29:37Z,2026-07-11T21:29:37+0200,1d83aeba-7d53-466c-9cd8-cde3940d84cc,2026-06-19T23:00:00Z,2026-06-20T01:00:00+0200,101.41,MW,FR,FR,forecast_offshore_wind_generation,Wind Offshore,2026-07-11T19:30:56Z
2026-07-11T19:29:37Z,2026-07-11T21:29:37+0200,1d83aeba-7d53-466c-9cd8-cde3940d84cc,2026-06-19T23:15:00Z,2026-06-20T01:15:00+0200,98.54,MW,FR,FR,forecast_offshore_wind_generation,Wind Offshore,2026-07-11T19:30:56Z
2026-07-11T19:29:37Z,2026-07-11T21:29:37+0200,1d83aeba-7d53-466c-9cd8-cde3940d84cc,2026-06-19T23:30:00Z,2026-06-20T01:30:00+0200,95.69,MW,FR,FR,forecast_offshore_wind_generation,Wind Offshore,2026-07-11T19:30:56Z
2026-07-11T19:29:37Z,2026-07-11T21:29:37+0200,1d83aeba-7d53-466c-9cd8-cde3940d84cc,2026-06-19T23:45:00Z,2026-06-20T01:45:00+0200,92.78999,MW,FR,FR,forecast_offshore_wind_generation,Wind Offshore,2026-07-11T19:30:56Z
2026-07-11T19:29:37Z,2026-07-11T21:29:37+0200,1d83aeba-7d53-466c-9cd8-cde3940d84cc,2026-06-20T00:00:00Z,2026-06-20T02:00:00+0200,89.89999,MW,FR,FR,forecast_offshore_wind_generation,Wind Offshore,2026-07-11T19:30:56Z
2026-07-11T19:29:37Z,2026-07-11T21:29:37+0200,1d83aeba-7d53-466c-9cd8-cde3940d84cc,2026-06-20T00:15:00Z,2026-06-20T02:15:00+0200,91.31,MW,FR,FR,forecast_offshore_wind_generation,Wind Offshore,2026-07-11T19:30:56Z
2026-07-11T19:29:37Z,2026-07-11T21:29:37+0200,1d83aeba-7d53-466c-9cd8-cde3940d84cc,2026-06-20T00:30:00Z,2026-06-20T02:30:00+0200,92.72,MW,FR,FR,forecast_offshore_wind_generation,Wind Offshore,2026-07-11T19:30:56Z
2026-07-11T19:29:37Z,2026-07-11T21:29:37+0200,1d83aeba-7d53-466c-9cd8-cde3940d84cc,2026-06-20T00:45:00Z,2026-06-20T02:45:00+0200,94.10999,MW,FR,FR,forecast_offshore_wind_generation,Wind Offshore,2026-07-11T19:30:56Z
2026-07-11T19:29:37Z,2026-07-11T21:29:37+0200,1d83aeba-7d53-466c-9cd8-cde3940d84cc,2026-06-20T01:00:00Z,2026-06-20T03:00:00+0200,95.54,MW,FR,FR,forecast_offshore_wind_generation,Wind Offshore,2026-07-11T19:30:56Z
2026-07-11T19:29:37Z,2026-07-11T21:29:37+0200,1d83aeba-7d53-466c-9cd8-cde3940d84cc,2026-06-20T01:15:00Z,2026-06-20T03:15:00+0200,91.11,MW,FR,FR,forecast_offshore_wind_generation,Wind Offshore,2026-07-11T19:30:56Z
2026-07-11T19:29:37Z,2026-07-11T21:29:37+0200,1d83aeba-7d53-466c-9cd8-cde3940d84cc,2026-06-20T01:30:00Z,2026-06-20T03:30:00+0200,86.79,MW,FR,FR,forecast_offshore_wind_generation,Wind Offshore,2026-07-11T19:30:56Z
2026-07-11T19:29:37Z,2026-07-11T21:29:37+0200,1d83aeba-7d53-466c-9cd8-cde3940d84cc,2026-06-20T01:45:00Z,2026-06-20T03:45:00+0200,82.71001,MW,FR,FR,forecast_offshore_wind_generation,Wind Offshore,2026-07-11T19:30:56Z
2026-07-11T19:29:37Z,2026-07-11T21:29:37+0200,1d83aeba-7d53-466c-9cd8-cde3940d84cc,2026-06-20T02:00:00Z,2026-06-20T04:00:00+0200,78.87,MW,FR,FR,forecast_offshore_wind_generation,Wind Offshore,2026-07-11T19:30:56Z
2026-07-11T19:29:37Z,2026-07-11T21:29:37+0200,1d83aeba-7d53-466c-9cd8-cde3940d84cc,2026-06-20T02:15:00Z,2026-06-20T04:15:00+0200,73.21999,MW,FR,FR,forecast_offshore_wind_generation,Wind Offshore,2026-07-11T19:30:56Z
2026-07-11T19:29:37Z,2026-07-11T21:29:37+0200,1d83aeba-7d53-466c-9cd8-cde3940d84cc,2026-06-20T02:30:00Z,2026-06-20T04:30:00+0200,67.54,MW,FR,FR,forecast_offshore_wind_generation,Wind Offshore,2026-07-11T19:30:56Z
2026-07-11T19:29:37Z,2026-07-11T21:29:37+0200,1d83aeba-7d53-466c-9cd8-cde3940d84cc,2026-06-20T02:45:00Z,2026-06-20T04:45:00+0200,61.88,MW,FR,FR,forecast_offshore_wind_generation,Wind Offshore,2026-07-11T19:30:56Z
2026-07-11T19:29:37Z,2026-07-11T21:29:37+0200,1d83aeba-7d53-466c-9cd8-cde3940d84cc,2026-06-20T03:00:00Z,2026-06-20T05:00:00+0200,56.2,MW,FR,FR,forecast_offshore_wind_generation,Wind Offshore,2026-07-11T19:30:56Z
2026-07-11T19:29:37Z,2026-07-11T21:29:37+0200,1d83aeba-7d53-466c-9cd8-cde3940d84cc,2026-06-20T03:15:00Z,2026-06-20T05:15:00+0200,56.43,MW,FR,FR,forecast_offshore_wind_generation,Wind Offshore,2026-07-11T19:30:56Z
2026-07-11T19:29:37Z,2026-07-11T21:29:37+0200,1d83aeba-7d53-466c-9cd8-cde3940d84cc,2026-06-20T03:30:00Z,2026-06-20T05:30:00+0200,56.66,MW,FR,FR,forecast_offshore_wind_generation,Wind Offshore,2026-07-11T19:30:56Z
2026-07-11T19:29:37Z,2026-07-11T21:29:37+0200,1d83aeba-7d53-466c-9cd8-cde3940d84cc,2026-06-20T03:45:00Z,2026-06-20T05:45:00+0200,56.87,MW,FR,FR,forecast_offshore_wind_generation,Wind Offshore,2026-07-11T19:30:56Z
2026-07-11T19:29:37Z,2026-07-11T21:29:37+0200,1d83aeba-7d53-466c-9cd8-cde3940d84cc,2026-06-20T04:00:00Z,2026-06-20T06:00:00+0200,57.08,MW,FR,FR,forecast_offshore_wind_generation,Wind Offshore,2026-07-11T19:30:56Z
2026-07-11T19:29:37Z,2026-07-11T21:29:37+0200,1d83aeba-7d53-466c-9cd8-cde3940d84cc,2026-06-20T04:15:00Z,2026-06-20T06:15:00+0200,55.71,MW,FR,FR,forecast_offshore_wind_generation,Wind Offshore,2026-07-11T19:30:56Z
2026-07-11T19:29:37Z,2026-07-11T21:29:37+0200,1d83aeba-7d53-466c-9cd8-cde3940d84cc,2026-06-20T04:30:00Z,2026-06-20T06:30:00+0200,54.33,MW,FR,FR,forecast_offshore_wind_generation,Wind Offshore,2026-07-11T19:30:56Z
2026-07-11T19:29:37Z,2026-07-11T21:29:37+0200,1d83aeba-7d53-466c-9cd8-cde3940d84cc,2026-06-20T04:45:00Z,2026-06-20T06:45:00+0200,52.93,MW,FR,FR,forecast_offshore_wind_generation,Wind Offshore,2026-07-11T19:30:56Z
2026-07-11T19:29:37Z,2026-07-11T21:29:37+0200,1d83aeba-7d53-466c-9cd8-cde3940d84cc,2026-06-20T05:00:00Z,2026-06-20T07:00:00+0200,51.52,MW,FR,FR,forecast_offshore_wind_generation,Wind Offshore,2026-07-11T19:30:56Z
2026-07-11T19:29:37Z,2026-07-11T21:29:37+0200,1d83aeba-7d53-466c-9cd8-cde3940d84cc,2026-06-20T05:15:00Z,2026-06-20T07:15:00+0200,51.12,MW,FR,FR,forecast_offshore_wind_generation,Wind Offshore,2026-07-11T19:30:56Z
2026-07-11T19:29:37Z,2026-07-11T21:29:37+0200,1d83aeba-7d53-466c-9cd8-cde3940d84cc,2026-06-20T05:30:00Z,2026-06-20T07:30:00+0200,50.72,MW,FR,FR,forecast_offshore_wind_generation,Wind Offshore,2026-07-11T19:30:56Z
2026-07-11T19:29:37Z,2026-07-11T21:29:37+0200,1d83aeba-7d53-466c-9cd8-cde3940d84cc,2026-06-20T05:45:00Z,2026-06-20T07:45:00+0200,50.29,MW,FR,FR,forecast_offshore_wind_generation,Wind Offshore,2026-07-11T19:30:56Z
2026-07-11T19:29:37Z,2026-07-11T21:29:37+0200,1d83aeba-7d53-466c-9cd8-cde3940d84cc,2026-06-20T06:00:00Z,2026-06-20T08:00:00+0200,49.86,MW,FR,FR,forecast_offshore_wind_generation,Wind Offshore,2026-07-11T19:30:56Z
2026-07-11T19:29:37Z,2026-07-11T21:29:37+0200,1d83aeba-7d53-466c-9cd8-cde3940d84cc,2026-06-20T06:15:00Z,2026-06-20T08:15:00+0200,48.33,MW,FR,FR,forecast_offshore_wind_generation,Wind Offshore,2026-07-11T19:30:56Z
2026-07-11T19:29:37Z,2026-07-11T21:29:37+0200,1d83aeba-7d53-466c-9cd8-cde3940d84cc,2026-06-20T06:30:00Z,2026-06-20T08:30:00+0200,46.82,MW,FR,FR,forecast_offshore_wind_generation,Wind Offshore,2026-07-11T19:30:56Z
2026-07-11T19:29:37Z,2026-07-11T21:29:37+0200,1d83aeba-7d53-466c-9cd8-cde3940d84cc,2026-06-20T06:45:00Z,2026-06-20T08:45:00+0200,45.29,MW,FR,FR,forecast_offshore_wind_generation,Wind Offshore,2026-07-11T19:30:56Z
2026-07-11T19:29:37Z,2026-07-11T21:29:37+0200,1d83aeba-7d53-466c-9cd8-cde3940d84cc,2026-06-20T07:00:00Z,2026-06-20T09:00:00+0200,43.73,MW,FR,FR,forecast_offshore_wind_generation,Wind Offshore,2026-07-11T19:30:56Z
2026-07-11T19:29:37Z,2026-07-11T21:29:37+0200,1d83aeba-7d53-466c-9cd8-cde3940d84cc,2026-06-20T07:15:00Z,2026-06-20T09:15:00+0200,41.77,MW,FR,FR,forecast_offshore_wind_generation,Wind Offshore,2026-07-11T19:30:56Z
2026-07-11T19:29:37Z,2026-07-11T21:29:37+0200,1d83aeba-7d53-466c-9cd8-cde3940d84cc,2026-06-20T07:30:00Z,2026-06-20T09:30:00+0200,39.82,MW,FR,FR,forecast_offshore_wind_generation,Wind Offshore,2026-07-11T19:30:56Z
2026-07-11T19:29:37Z,2026-07-11T21:29:37+0200,1d83aeba-7d53-466c-9cd8-cde3940d84cc,2026-06-20T07:45:00Z,2026-06-20T09:45:00+0200,37.84,MW,FR,FR,forecast_offshore_wind_generation,Wind Offshore,2026-07-11T19:30:56Z
2026-07-11T19:29:37Z,2026-07-11T21:29:37+0200,1d83aeba-7d53-466c-9cd8-cde3940d84cc,2026-06-20T08:00:00Z,2026-06-20T10:00:00+0200,35.9,MW,FR,FR,forecast_offshore_wind_generation,Wind Offshore,2026-07-11T19:30:56Z
2026-07-11T19:29:37Z,2026-07-11T21:29:37+0200,1d83aeba-7d53-466c-9cd8-cde3940d84cc,2026-06-20T08:15:00Z,2026-06-20T10:15:00+0200,39.08,MW,FR,FR,forecast_offshore_wind_generation,Wind Offshore,2026-07-11T19:30:56Z
2026-07-11T19:29:37Z,2026-07-11T21:29:37+0200,1d83aeba-7d53-466c-9cd8-cde3940d84cc,2026-06-20T08:30:00Z,2026-06-20T10:30:00+0200,42.27,MW,FR,FR,forecast_offshore_wind_generation,Wind Offshore,2026-07-11T19:30:56Z
2026-07-11T19:29:37Z,2026-07-11T21:29:37+0200,1d83aeba-7d53-466c-9cd8-cde3940d84cc,2026-06-20T08:45:00Z,2026-06-20T10:45:00+0200,45.49,MW,FR,FR,forecast_offshore_wind_generation,Wind Offshore,2026-07-11T19:30:56Z
2026-07-11T19:29:37Z,2026-07-11T21:29:37+0200,1d83aeba-7d53-466c-9cd8-cde3940d84cc,2026-06-20T09:00:00Z,2026-06-20T11:00:00+0200,48.68,MW,FR,FR,forecast_offshore_wind_generation,Wind Offshore,2026-07-11T19:30:56Z
2026-07-11T19:29:37Z,2026-07-11T21:29:37+0200,1d83aeba-7d53-466c-9cd8-cde3940d84cc,2026-06-20T09:15:00Z,2026-06-20T11:15:00+0200,59.3,MW,FR,FR,forecast_offshore_wind_generation,Wind Offshore,2026-07-11T19:30:56Z
2026-07-11T19:29:37Z,2026-07-11T21:29:37+0200,1d83aeba-7d53-466c-9cd8-cde3940d84cc,2026-06-20T09:30:00Z,2026-06-20T11:30:00+0200,69.93,MW,FR,FR,forecast_offshore_wind_generation,Wind Offshore,2026-07-11T19:30:56Z
2026-07-11T19:29:37Z,2026-07-11T21:29:37+0200,1d83aeba-7d53-466c-9cd8-cde3940d84cc,2026-06-20T09:45:00Z,2026-06-20T11:45:00+0200,80.56,MW,FR,FR,forecast_offshore_wind_generation,Wind Offshore,2026-07-11T19:30:56Z
2026-07-11T19:29:37Z,2026-07-11T21:29:37+0200,1d83aeba-7d53-466c-9cd8-cde3940d84cc,2026-06-20T10:00:00Z,2026-06-20T12:00:00+0200,91.18999,MW,FR,FR,forecast_offshore_wind_generation,Wind Offshore,2026-07-11T19:30:56Z
2026-07-11T19:29:37Z,2026-07-11T21:29:37+0200,1d83aeba-7d53-466c-9cd8-cde3940d84cc,2026-06-20T10:15:00Z,2026-06-20T12:15:00+0200,99.29,MW,FR,FR,forecast_offshore_wind_generation,Wind Offshore,2026-07-11T19:30:56Z
2026-07-11T19:29:37Z,2026-07-11T21:29:37+0200,1d83aeba-7d53-466c-9cd8-cde3940d84cc,2026-06-20T10:30:00Z,2026-06-20T12:30:00+0200,107.36,MW,FR,FR,forecast_offshore_wind_generation,Wind Offshore,2026-07-11T19:30:56Z
2026-07-11T19:29:37Z,2026-07-11T21:29:37+0200,1d83aeba-7d53-466c-9cd8-cde3940d84cc,2026-06-20T10:45:00Z,2026-06-20T12:45:00+0200,115.68,MW,FR,FR,forecast_offshore_wind_generation,Wind Offshore,2026-07-11T19:30:56Z
2026-07-11T19:29:37Z,2026-07-11T21:29:37+0200,1d83aeba-7d53-466c-9cd8-cde3940d84cc,2026-06-20T11:00:00Z,2026-06-20T13:00:00+0200,124.08,MW,FR,FR,forecast_offshore_wind_generation,Wind Offshore,2026-07-11T19:30:56Z
2026-07-11T19:29:37Z,2026-07-11T21:29:37+0200,1d83aeba-7d53-466c-9cd8-cde3940d84cc,2026-06-20T11:15:00Z,2026-06-20T13:15:00+0200,127.75999,MW,FR,FR,forecast_offshore_wind_generation,Wind Offshore,2026-07-11T19:30:56Z
2026-07-11T19:29:37Z,2026-07-11T21:29:37+0200,1d83aeba-7d53-466c-9cd8-cde3940d84cc,2026-06-20T11:30:00Z,2026-06-20T13:30:00+0200,131.98,MW,FR,FR,forecast_offshore_wind_generation,Wind Offshore,2026-07-11T19:30:56Z
2026-07-11T19:29:37Z,2026-07-11T21:29:37+0200,1d83aeba-7d53-466c-9cd8-cde3940d84cc,2026-06-20T11:45:00Z,2026-06-20T13:45:00+0200,136.17999,MW,FR,FR,forecast_offshore_wind_generation,Wind Offshore,2026-07-11T19:30:56Z
2026-07-11T19:29:37Z,2026-07-11T21:29:37+0200,1d83aeba-7d53-466c-9cd8-cde3940d84cc,2026-06-20T12:00:00Z,2026-06-20T14:00:00+0200,140.38,MW,FR,FR,forecast_offshore_wind_generation,Wind Offshore,2026-07-11T19:30:56Z
2026-07-11T19:29:37Z,2026-07-11T21:29:37+0200,1d83aeba-7d53-466c-9cd8-cde3940d84cc,2026-06-20T12:15:00Z,2026-06-20T14:15:00+0200,139.97,MW,FR,FR,forecast_offshore_wind_generation,Wind Offshore,2026-07-11T19:30:56Z
2026-07-11T19:29:37Z,2026-07-11T21:29:37+0200,1d83aeba-7d53-466c-9cd8-cde3940d84cc,2026-06-20T12:30:00Z,2026-06-20T14:30:00+0200,139.56,MW,FR,FR,forecast_offshore_wind_generation,Wind Offshore,2026-07-11T19:30:56Z
2026-07-11T19:29:37Z,2026-07-11T21:29:37+0200,1d83aeba-7d53-466c-9cd8-cde3940d84cc,2026-06-20T12:45:00Z,2026-06-20T14:45:00+0200,139.14999,MW,FR,FR,forecast_offshore_wind_generation,Wind Offshore,2026-07-11T19:30:56Z
2026-07-11T19:29:37Z,2026-07-11T21:29:37+0200,1d83aeba-7d53-466c-9cd8-cde3940d84cc,2026-06-20T13:00:00Z,2026-06-20T15:00:00+0200,138.75,MW,FR,FR,forecast_offshore_wind_generation,Wind Offshore,2026-07-11T19:30:56Z
2026-07-11T19:29:37Z,2026-07-11T21:29:37+0200,1d83aeba-7d53-466c-9cd8-cde3940d84cc,2026-06-20T13:15:00Z,2026-06-20T15:15:00+0200,142.10001,MW,FR,FR,forecast_offshore_wind_generation,Wind Offshore,2026-07-11T19:30:56Z
2026-07-11T19:29:37Z,2026-07-11T21:29:37+0200,1d83aeba-7d53-466c-9cd8-cde3940d84cc,2026-06-20T13:30:00Z,2026-06-20T15:30:00+0200,145.43999,MW,FR,FR,forecast_offshore_wind_generation,Wind Offshore,2026-07-11T19:30:56Z
2026-07-11T19:29:37Z,2026-07-11T21:29:37+0200,1d83aeba-7d53-466c-9cd8-cde3940d84cc,2026-06-20T13:45:00Z,2026-06-20T15:45:00+0200,148.78999,MW,FR,FR,forecast_offshore_wind_generation,Wind Offshore,2026-07-11T19:30:56Z
2026-07-11T19:29:37Z,2026-07-11T21:29:37+0200,1d83aeba-7d53-466c-9cd8-cde3940d84cc,2026-06-20T14:00:00Z,2026-06-20T16:00:00+0200,152.17001,MW,FR,FR,forecast_offshore_wind_generation,Wind Offshore,2026-07-11T19:30:56Z
2026-07-11T19:29:37Z,2026-07-11T21:29:37+0200,1d83aeba-7d53-466c-9cd8-cde3940d84cc,2026-06-20T14:15:00Z,2026-06-20T16:15:00+0200,170.33,MW,FR,FR,forecast_offshore_wind_generation,Wind Offshore,2026-07-11T19:30:56Z
2026-07-11T19:29:37Z,2026-07-11T21:29:37+0200,1d83aeba-7d53-466c-9cd8-cde3940d84cc,2026-06-20T14:30:00Z,2026-06-20T16:30:00+0200,188.47,MW,FR,FR,forecast_offshore_wind_generation,Wind Offshore,2026-07-11T19:30:56Z
2026-07-11T19:29:37Z,2026-07-11T21:29:37+0200,1d83aeba-7d53-466c-9cd8-cde3940d84cc,2026-06-20T14:45:00Z,2026-06-20T16:45:00+0200,206.63,MW,FR,FR,forecast_offshore_wind_generation,Wind Offshore,2026-07-11T19:30:56Z
2026-07-11T19:29:37Z,2026-07-11T21:29:37+0200,1d83aeba-7d53-466c-9cd8-cde3940d84cc,2026-06-20T15:00:00Z,2026-06-20T17:00:00+0200,224.81,MW,FR,FR,forecast_offshore_wind_generation,Wind Offshore,2026-07-11T19:30:56Z
2026-07-11T19:29:37Z,2026-07-11T21:29:37+0200,1d83aeba-7d53-466c-9cd8-cde3940d84cc,2026-06-20T15:15:00Z,2026-06-20T17:15:00+0200,254.39,MW,FR,FR,forecast_offshore_wind_generation,Wind Offshore,2026-07-11T19:30:56Z
2026-07-11T19:29:37Z,2026-07-11T21:29:37+0200,1d83aeba-7d53-466c-9cd8-cde3940d84cc,2026-06-20T15:30:00Z,2026-06-20T17:30:00+0200,283.97998,MW,FR,FR,forecast_offshore_wind_generation,Wind Offshore,2026-07-11T19:30:56Z
2026-07-11T19:29:37Z,2026-07-11T21:29:37+0200,1d83aeba-7d53-466c-9cd8-cde3940d84cc,2026-06-20T15:45:00Z,2026-06-20T17:45:00+0200,313.57999,MW,FR,FR,forecast_offshore_wind_generation,Wind Offshore,2026-07-11T19:30:56Z
2026-07-11T19:29:37Z,2026-07-11T21:29:37+0200,1d83aeba-7d53-466c-9cd8-cde3940d84cc,2026-06-20T16:00:00Z,2026-06-20T18:00:00+0200,343.19,MW,FR,FR,forecast_offshore_wind_generation,Wind Offshore,2026-07-11T19:30:56Z
2026-07-11T19:29:37Z,2026-07-11T21:29:37+0200,1d83aeba-7d53-466c-9cd8-cde3940d84cc,2026-06-20T16:15:00Z,2026-06-20T18:15:00+0200,360.75,MW,FR,FR,forecast_offshore_wind_generation,Wind Offshore,2026-07-11T19:30:56Z
2026-07-11T19:29:37Z,2026-07-11T21:29:37+0200,1d83aeba-7d53-466c-9cd8-cde3940d84cc,2026-06-20T16:30:00Z,2026-06-20T18:30:00+0200,378.33002,MW,FR,FR,forecast_offshore_wind_generation,Wind Offshore,2026-07-11T19:30:56Z
2026-07-11T19:29:37Z,2026-07-11T21:29:37+0200,1d83aeba-7d53-466c-9cd8-cde3940d84cc,2026-06-20T16:45:00Z,2026-06-20T18:45:00+0200,395.91998,MW,FR,FR,forecast_offshore_wind_generation,Wind Offshore,2026-07-11T19:30:56Z
2026-07-11T19:29:37Z,2026-07-11T21:29:37+0200,1d83aeba-7d53-466c-9cd8-cde3940d84cc,2026-06-20T17:00:00Z,2026-06-20T19:00:00+0200,413.5,MW,FR,FR,forecast_offshore_wind_generation,Wind Offshore,2026-07-11T19:30:56Z
2026-07-11T19:29:37Z,2026-07-11T21:29:37+0200,1d83aeba-7d53-466c-9cd8-cde3940d84cc,2026-06-20T17:15:00Z,2026-06-20T19:15:00+0200,409.71997,MW,FR,FR,forecast_offshore_wind_generation,Wind Offshore,2026-07-11T19:30:56Z
2026-07-11T19:29:37Z,2026-07-11T21:29:37+0200,1d83aeba-7d53-466c-9cd8-cde3940d84cc,2026-06-20T17:30:00Z,2026-06-20T19:30:00+0200,405.91998,MW,FR,FR,forecast_offshore_wind_generation,Wind Offshore,2026-07-11T19:30:56Z
2026-07-11T19:29:37Z,2026-07-11T21:29:37+0200,1d83aeba-7d53-466c-9cd8-cde3940d84cc,2026-06-20T17:45:00Z,2026-06-20T19:45:00+0200,402.17001,MW,FR,FR,forecast_offshore_wind_generation,Wind Offshore,2026-07-11T19:30:56Z
2026-07-11T19:29:37Z,2026-07-11T21:29:37+0200,1d83aeba-7d53-466c-9cd8-cde3940d84cc,2026-06-20T18:00:00Z,2026-06-20T20:00:00+0200,398.40002,MW,FR,FR,forecast_offshore_wind_generation,Wind Offshore,2026-07-11T19:30:56Z
2026-07-11T19:29:37Z,2026-07-11T21:29:37+0200,1d83aeba-7d53-466c-9cd8-cde3940d84cc,2026-06-20T18:15:00Z,2026-06-20T20:15:00+0200,388.14001,MW,FR,FR,forecast_offshore_wind_generation,Wind Offshore,2026-07-11T19:30:56Z
2026-07-11T19:29:37Z,2026-07-11T21:29:37+0200,1d83aeba-7d53-466c-9cd8-cde3940d84cc,2026-06-20T18:30:00Z,2026-06-20T20:30:00+0200,377.87003,MW,FR,FR,forecast_offshore_wind_generation,Wind Offshore,2026-07-11T19:30:56Z
2026-07-11T19:29:37Z,2026-07-11T21:29:37+0200,1d83aeba-7d53-466c-9cd8-cde3940d84cc,2026-06-20T18:45:00Z,2026-06-20T20:45:00+0200,367.59,MW,FR,FR,forecast_offshore_wind_generation,Wind Offshore,2026-07-11T19:30:56Z
2026-07-11T19:29:37Z,2026-07-11T21:29:37+0200,1d83aeba-7d53-466c-9cd8-cde3940d84cc,2026-06-20T19:00:00Z,2026-06-20T21:00:00+0200,357.32001,MW,FR,FR,forecast_offshore_wind_generation,Wind Offshore,2026-07-11T19:30:56Z
2026-07-11T19:29:37Z,2026-07-11T21:29:37+0200,1d83aeba-7d53-466c-9cd8-cde3940d84cc,2026-06-20T19:15:00Z,2026-06-20T21:15:00+0200,337.25,MW,FR,FR,forecast_offshore_wind_generation,Wind Offshore,2026-07-11T19:30:56Z
2026-07-11T19:29:37Z,2026-07-11T21:29:37+0200,1d83aeba-7d53-466c-9cd8-cde3940d84cc,2026-06-20T19:30:00Z,2026-06-20T21:30:00+0200,317.19,MW,FR,FR,forecast_offshore_wind_generation,Wind Offshore,2026-07-11T19:30:56Z
2026-07-11T19:29:37Z,2026-07-11T21:29:37+0200,1d83aeba-7d53-466c-9cd8-cde3940d84cc,2026-06-20T19:45:00Z,2026-06-20T21:45:00+0200,297.12,MW,FR,FR,forecast_offshore_wind_generation,Wind Offshore,2026-07-11T19:30:56Z
2026-07-11T19:29:37Z,2026-07-11T21:29:37+0200,1d83aeba-7d53-466c-9cd8-cde3940d84cc,2026-06-20T20:00:00Z,2026-06-20T22:00:00+0200,277.06,MW,FR,FR,forecast_offshore_wind_generation,Wind Offshore,2026-07-11T19:30:56Z
2026-07-11T19:29:37Z,2026-07-11T21:29:37+0200,1d83aeba-7d53-466c-9cd8-cde3940d84cc,2026-06-20T20:15:00Z,2026-06-20T22:15:00+0200,284.39001,MW,FR,FR,forecast_offshore_wind_generation,Wind Offshore,2026-07-11T19:30:56Z
2026-07-11T19:29:37Z,2026-07-11T21:29:37+0200,1d83aeba-7d53-466c-9cd8-cde3940d84cc,2026-06-20T20:30:00Z,2026-06-20T22:30:00+0200,291.74002,MW,FR,FR,forecast_offshore_wind_generation,Wind Offshore,2026-07-11T19:30:56Z
2026-07-11T19:29:37Z,2026-07-11T21:29:37+0200,1d83aeba-7d53-466c-9cd8-cde3940d84cc,2026-06-20T20:45:00Z,2026-06-20T22:45:00+0200,299.04001,MW,FR,FR,forecast_offshore_wind_generation,Wind Offshore,2026-07-11T19:30:56Z
2026-07-11T19:29:37Z,2026-07-11T21:29:37+0200,1d83aeba-7d53-466c-9cd8-cde3940d84cc,2026-06-20T21:00:00Z,2026-06-20T23:00:00+0200,306.35001,MW,FR,FR,forecast_offshore_wind_generation,Wind Offshore,2026-07-11T19:30:56Z
2026-07-11T19:29:37Z,2026-07-11T21:29:37+0200,1d83aeba-7d53-466c-9cd8-cde3940d84cc,2026-06-20T21:15:00Z,2026-06-20T23:15:00+0200,313.82001,MW,FR,FR,forecast_offshore_wind_generation,Wind Offshore,2026-07-11T19:30:56Z
2026-07-11T19:29:37Z,2026-07-11T21:29:37+0200,1d83aeba-7d53-466c-9cd8-cde3940d84cc,2026-06-20T21:30:00Z,2026-06-20T23:30:00+0200,321.31,MW,FR,FR,forecast_offshore_wind_generation,Wind Offshore,2026-07-11T19:30:56Z
2026-07-11T19:29:37Z,2026-07-11T21:29:37+0200,1d83aeba-7d53-466c-9cd8-cde3940d84cc,2026-06-20T21:45:00Z,2026-06-20T23:45:00+0200,328.75003,MW,FR,FR,forecast_offshore_wind_generation,Wind Offshore,2026-07-11T19:30:56Z
2026-07-11T19:29:37Z,2026-07-11T21:29:37+0200,1d83aeba-7d53-466c-9cd8-cde3940d84cc,2026-06-20T22:00:00Z,2026-06-21T00:00:00+0200,229.95,MW,FR,FR,forecast_offshore_wind_generation,Wind Offshore,2026-07-11T19:30:56Z
2026-07-11T19:29:37Z,2026-07-11T21:29:37+0200,1d83aeba-7d53-466c-9cd8-cde3940d84cc,2026-06-20T22:15:00Z,2026-06-21T00:15:00+0200,238.39999,MW,FR,FR,forecast_offshore_wind_generation,Wind Offshore,2026-07-11T19:30:56Z
2026-07-11T19:29:37Z,2026-07-11T21:29:37+0200,1d83aeba-7d53-466c-9cd8-cde3940d84cc,2026-06-20T22:30:00Z,2026-06-21T00:30:00+0200,246.84999,MW,FR,FR,forecast_offshore_wind_generation,Wind Offshore,2026-07-11T19:30:56Z
2026-07-11T19:29:37Z,2026-07-11T21:29:37+0200,1d83aeba-7d53-466c-9cd8-cde3940d84cc,2026-06-20T22:45:00Z,2026-06-21T00:45:00+0200,255.31,MW,FR,FR,forecast_offshore_wind_generation,Wind Offshore,2026-07-11T19:30:56Z
2026-07-11T19:29:37Z,2026-07-11T21:29:37+0200,1d83aeba-7d53-466c-9cd8-cde3940d84cc,2026-06-20T23:00:00Z,2026-06-21T01:00:00+0200,263.75,MW,FR,FR,forecast_offshore_wind_generation,Wind Offshore,2026-07-11T19:30:56Z
2026-07-11T19:29:37Z,2026-07-11T21:29:37+0200,1d83aeba-7d53-466c-9cd8-cde3940d84cc,2026-06-20T23:15:00Z,2026-06-21T01:15:00+0200,277.91,MW,FR,FR,forecast_offshore_wind_generation,Wind Offshore,2026-07-11T19:30:56Z
2026-07-11T19:29:37Z,2026-07-11T21:29:37+0200,1d83aeba-7d53-466c-9cd8-cde3940d84cc,2026-06-20T23:30:00Z,2026-06-21T01:30:00+0200,292.06,MW,FR,FR,forecast_offshore_wind_generation,Wind Offshore,2026-07-11T19:30:56Z
2026-07-11T19:29:37Z,2026-07-11T21:29:37+0200,1d83aeba-7d53-466c-9cd8-cde3940d84cc,2026-06-20T23:45:00Z,2026-06-21T01:45:00+0200,306.22998,MW,FR,FR,forecast_offshore_wind_generation,Wind Offshore,2026-07-11T19:30:56Z
2026-07-11T19:29:37Z,2026-07-11T21:29:37+0200,1d83aeba-7d53-466c-9cd8-cde3940d84cc,2026-06-21T00:00:00Z,2026-06-21T02:00:00+0200,320.38,MW,FR,FR,forecast_offshore_wind_generation,Wind Offshore,2026-07-11T19:30:56Z
2026-07-11T19:29:37Z,2026-07-11T21:29:37+0200,1d83aeba-7d53-466c-9cd8-cde3940d84cc,2026-06-21T00:15:00Z,2026-06-21T02:15:00+0200,324.97,MW,FR,FR,forecast_offshore_wind_generation,Wind Offshore,2026-07-11T19:30:56Z
2026-07-11T19:29:37Z,2026-07-11T21:29:37+0200,1d83aeba-7d53-466c-9cd8-cde3940d84cc,2026-06-21T00:30:00Z,2026-06-21T02:30:00+0200,329.53998,MW,FR,FR,forecast_offshore_wind_generation,Wind Offshore,2026-07-11T19:30:56Z
2026-07-11T19:29:37Z,2026-07-11T21:29:37+0200,1d83aeba-7d53-466c-9cd8-cde3940d84cc,2026-06-21T00:45:00Z,2026-06-21T02:45:00+0200,334.13,MW,FR,FR,forecast_offshore_wind_generation,Wind Offshore,2026-07-11T19:30:56Z
2026-07-11T19:29:37Z,2026-07-11T21:29:37+0200,1d83aeba-7d53-466c-9cd8-cde3940d84cc,2026-06-21T01:00:00Z,2026-06-21T03:00:00+0200,338.72998,MW,FR,FR,forecast_offshore_wind_generation,Wind Offshore,2026-07-11T19:30:56Z
2026-07-11T19:29:37Z,2026-07-11T21:29:37+0200,1d83aeba-7d53-466c-9cd8-cde3940d84cc,2026-06-21T01:15:00Z,2026-06-21T03:15:00+0200,363.82999,MW,FR,FR,forecast_offshore_wind_generation,Wind Offshore,2026-07-11T19:30:56Z
2026-07-11T19:29:37Z,2026-07-11T21:29:37+0200,1d83aeba-7d53-466c-9cd8-cde3940d84cc,2026-06-21T01:30:00Z,2026-06-21T03:30:00+0200,388.91,MW,FR,FR,forecast_offshore_wind_generation,Wind Offshore,2026-07-11T19:30:56Z
2026-07-11T19:29:37Z,2026-07-11T21:29:37+0200,1d83aeba-7d53-466c-9cd8-cde3940d84cc,2026-06-21T01:45:00Z,2026-06-21T03:45:00+0200,414.09998,MW,FR,FR,forecast_offshore_wind_generation,Wind Offshore,2026-07-11T19:30:56Z
2026-07-11T19:29:37Z,2026-07-11T21:29:37+0200,1d83aeba-7d53-466c-9cd8-cde3940d84cc,2026-06-21T02:00:00Z,2026-06-21T04:00:00+0200,439.59003,MW,FR,FR,forecast_offshore_wind_generation,Wind Offshore,2026-07-11T19:30:56Z
2026-07-11T19:29:37Z,2026-07-11T21:29:37+0200,1d83aeba-7d53-466c-9cd8-cde3940d84cc,2026-06-21T02:15:00Z,2026-06-21T04:15:00+0200,443.02997,MW,FR,FR,forecast_offshore_wind_generation,Wind Offshore,2026-07-11T19:30:56Z
2026-07-11T19:29:37Z,2026-07-11T21:29:37+0200,1d83aeba-7d53-466c-9cd8-cde3940d84cc,2026-06-21T02:30:00Z,2026-06-21T04:30:00+0200,446.95999,MW,FR,FR,forecast_offshore_wind_generation,Wind Offshore,2026-07-11T19:30:56Z
2026-07-11T19:29:37Z,2026-07-11T21:29:37+0200,1d83aeba-7d53-466c-9cd8-cde3940d84cc,2026-06-21T02:45:00Z,2026-06-21T04:45:00+0200,450.87003,MW,FR,FR,forecast_offshore_wind_generation,Wind Offshore,2026-07-11T19:30:56Z
2026-07-11T19:29:37Z,2026-07-11T21:29:37+0200,1d83aeba-7d53-466c-9cd8-cde3940d84cc,2026-06-21T03:00:00Z,2026-06-21T05:00:00+0200,454.79001,MW,FR,FR,forecast_offshore_wind_generation,Wind Offshore,2026-07-11T19:30:56Z
2026-07-11T19:29:37Z,2026-07-11T21:29:37+0200,1d83aeba-7d53-466c-9cd8-cde3940d84cc,2026-06-21T03:15:00Z,2026-06-21T05:15:00+0200,440.17999,MW,FR,FR,forecast_offshore_wind_generation,Wind Offshore,2026-07-11T19:30:56Z
2026-07-11T19:29:37Z,2026-07-11T21:29:37+0200,1d83aeba-7d53-466c-9cd8-cde3940d84cc,2026-06-21T03:30:00Z,2026-06-21T05:30:00+0200,425.56,MW,FR,FR,forecast_offshore_wind_generation,Wind Offshore,2026-07-11T19:30:56Z
2026-07-11T19:29:37Z,2026-07-11T21:29:37+0200,1d83aeba-7d53-466c-9cd8-cde3940d84cc,2026-06-21T03:45:00Z,2026-06-21T05:45:00+0200,410.95001,MW,FR,FR,forecast_offshore_wind_generation,Wind Offshore,2026-07-11T19:30:56Z
2026-07-11T19:29:37Z,2026-07-11T21:29:37+0200,1d83aeba-7d53-466c-9cd8-cde3940d84cc,2026-06-21T04:00:00Z,2026-06-21T06:00:00+0200,396.32999,MW,FR,FR,forecast_offshore_wind_generation,Wind Offshore,2026-07-11T19:30:56Z
2026-07-11T19:29:37Z,2026-07-11T21:29:37+0200,1d83aeba-7d53-466c-9cd8-cde3940d84cc,2026-06-21T04:15:00Z,2026-06-21T06:15:00+0200,387.66998,MW,FR,FR,forecast_offshore_wind_generation,Wind Offshore,2026-07-11T19:30:56Z
2026-07-11T19:29:37Z,2026-07-11T21:29:37+0200,1d83aeba-7d53-466c-9cd8-cde3940d84cc,2026-06-21T04:30:00Z,2026-06-21T06:30:00+0200,379.0,MW,FR,FR,forecast_offshore_wind_generation,Wind Offshore,2026-07-11T19:30:56Z
2026-07-11T19:29:37Z,2026-07-11T21:29:37+0200,1d83aeba-7d53-466c-9cd8-cde3940d84cc,2026-06-21T04:45:00Z,2026-06-21T06:45:00+0200,370.34,MW,FR,FR,forecast_offshore_wind_generation,Wind Offshore,2026-07-11T19:30:56Z
2026-07-11T19:29:37Z,2026-07-11T21:29:37+0200,1d83aeba-7d53-466c-9cd8-cde3940d84cc,2026-06-21T05:00:00Z,2026-06-21T07:00:00+0200,361.64999,MW,FR,FR,forecast_offshore_wind_generation,Wind Offshore,2026-07-11T19:30:56Z
2026-07-11T19:29:37Z,2026-07-11T21:29:37+0200,1d83aeba-7d53-466c-9cd8-cde3940d84cc,2026-06-21T05:15:00Z,2026-06-21T07:15:00+0200,370.23999,MW,FR,FR,forecast_offshore_wind_generation,Wind Offshore,2026-07-11T19:30:56Z
2026-07-11T19:29:37Z,2026-07-11T21:29:37+0200,1d83aeba-7d53-466c-9cd8-cde3940d84cc,2026-06-21T05:30:00Z,2026-06-21T07:30:00+0200,378.84,MW,FR,FR,forecast_offshore_wind_generation,Wind Offshore,2026-07-11T19:30:56Z
2026-07-11T19:29:37Z,2026-07-11T21:29:37+0200,1d83aeba-7d53-466c-9cd8-cde3940d84cc,2026-06-21T05:45:00Z,2026-06-21T07:45:00+0200,387.44,MW,FR,FR,forecast_offshore_wind_generation,Wind Offshore,2026-07-11T19:30:56Z
2026-07-11T19:29:37Z,2026-07-11T21:29:37+0200,1d83aeba-7d53-466c-9cd8-cde3940d84cc,2026-06-21T06:00:00Z,2026-06-21T08:00:00+0200,396.03,MW,FR,FR,forecast_offshore_wind_generation,Wind Offshore,2026-07-11T19:30:56Z
2026-07-11T19:29:37Z,2026-07-11T21:29:37+0200,1d83aeba-7d53-466c-9cd8-cde3940d84cc,2026-06-21T06:15:00Z,2026-06-21T08:15:00+0200,407.10999,MW,FR,FR,forecast_offshore_wind_generation,Wind Offshore,2026-07-11T19:30:56Z
2026-07-11T19:29:37Z,2026-07-11T21:29:37+0200,1d83aeba-7d53-466c-9cd8-cde3940d84cc,2026-06-21T06:30:00Z,2026-06-21T08:30:00+0200,418.17999,MW,FR,FR,forecast_offshore_wind_generation,Wind Offshore,2026-07-11T19:30:56Z
2026-07-11T19:29:37Z,2026-07-11T21:29:37+0200,1d83aeba-7d53-466c-9cd8-cde3940d84cc,2026-06-21T06:45:00Z,2026-06-21T08:45:00+0200,429.26004,MW,FR,FR,forecast_offshore_wind_generation,Wind Offshore,2026-07-11T19:30:56Z
2026-07-11T19:29:37Z,2026-07-11T21:29:37+0200,1d83aeba-7d53-466c-9cd8-cde3940d84cc,2026-06-21T07:00:00Z,2026-06-21T09:00:00+0200,440.34,MW,FR,FR,forecast_offshore_wind_generation,Wind Offshore,2026-07-11T19:30:56Z
2026-07-11T19:29:37Z,2026-07-11T21:29:37+0200,1d83aeba-7d53-466c-9cd8-cde3940d84cc,2026-06-21T07:15:00Z,2026-06-21T09:15:00+0200,428.86002,MW,FR,FR,forecast_offshore_wind_generation,Wind Offshore,2026-07-11T19:30:56Z
2026-07-11T19:29:37Z,2026-07-11T21:29:37+0200,1d83aeba-7d53-466c-9cd8-cde3940d84cc,2026-06-21T07:30:00Z,2026-06-21T09:30:00+0200,417.38,MW,FR,FR,forecast_offshore_wind_generation,Wind Offshore,2026-07-11T19:30:56Z
2026-07-11T19:29:37Z,2026-07-11T21:29:37+0200,1d83aeba-7d53-466c-9cd8-cde3940d84cc,2026-06-21T07:45:00Z,2026-06-21T09:45:00+0200,405.89999,MW,FR,FR,forecast_offshore_wind_generation,Wind Offshore,2026-07-11T19:30:56Z
2026-07-11T19:29:37Z,2026-07-11T21:29:37+0200,1d83aeba-7d53-466c-9cd8-cde3940d84cc,2026-06-21T08:00:00Z,2026-06-21T10:00:00+0200,394.42999,MW,FR,FR,forecast_offshore_wind_generation,Wind Offshore,2026-07-11T19:30:56Z
2026-07-11T19:29:37Z,2026-07-11T21:29:37+0200,1d83aeba-7d53-466c-9cd8-cde3940d84cc,2026-06-21T08:15:00Z,2026-06-21T10:15:00+0200,381.14999,MW,FR,FR,forecast_offshore_wind_generation,Wind Offshore,2026-07-11T19:30:56Z
2026-07-11T19:29:37Z,2026-07-11T21:29:37+0200,1d83aeba-7d53-466c-9cd8-cde3940d84cc,2026-06-21T08:30:00Z,2026-06-21T10:30:00+0200,367.85999,MW,FR,FR,forecast_offshore_wind_generation,Wind Offshore,2026-07-11T19:30:56Z
2026-07-11T19:29:37Z,2026-07-11T21:29:37+0200,1d83aeba-7d53-466c-9cd8-cde3940d84cc,2026-06-21T08:45:00Z,2026-06-21T10:45:00+0200,354.57999,MW,FR,FR,forecast_offshore_wind_generation,Wind Offshore,2026-07-11T19:30:56Z
2026-07-11T19:29:37Z,2026-07-11T21:29:37+0200,1d83aeba-7d53-466c-9cd8-cde3940d84cc,2026-06-21T09:00:00Z,2026-06-21T11:00:00+0200,341.31,MW,FR,FR,forecast_offshore_wind_generation,Wind Offshore,2026-07-11T19:30:56Z
2026-07-11T19:29:37Z,2026-07-11T21:29:37+0200,1d83aeba-7d53-466c-9cd8-cde3940d84cc,2026-06-21T09:15:00Z,2026-06-21T11:15:00+0200,338.98001,MW,FR,FR,forecast_offshore_wind_generation,Wind Offshore,2026-07-11T19:30:56Z
2026-07-11T19:29:37Z,2026-07-11T21:29:37+0200,1d83aeba-7d53-466c-9cd8-cde3940d84cc,2026-06-21T09:30:00Z,2026-06-21T11:30:00+0200,336.66,MW,FR,FR,forecast_offshore_wind_generation,Wind Offshore,2026-07-11T19:30:56Z
2026-07-11T19:29:37Z,2026-07-11T21:29:37+0200,1d83aeba-7d53-466c-9cd8-cde3940d84cc,2026-06-21T09:45:00Z,2026-06-21T11:45:00+0200,334.35001,MW,FR,FR,forecast_offshore_wind_generation,Wind Offshore,2026-07-11T19:30:56Z
2026-07-11T19:29:37Z,2026-07-11T21:29:37+0200,1d83aeba-7d53-466c-9cd8-cde3940d84cc,2026-06-21T10:00:00Z,2026-06-21T12:00:00+0200,332.03,MW,FR,FR,forecast_offshore_wind_generation,Wind Offshore,2026-07-11T19:30:56Z
2026-07-11T19:29:37Z,2026-07-11T21:29:37+0200,1d83aeba-7d53-466c-9cd8-cde3940d84cc,2026-06-21T10:15:00Z,2026-06-21T12:15:00+0200,322.64999,MW,FR,FR,forecast_offshore_wind_generation,Wind Offshore,2026-07-11T19:30:56Z
2026-07-11T19:29:37Z,2026-07-11T21:29:37+0200,1d83aeba-7d53-466c-9cd8-cde3940d84cc,2026-06-21T10:30:00Z,2026-06-21T12:30:00+0200,313.28,MW,FR,FR,forecast_offshore_wind_generation,Wind Offshore,2026-07-11T19:30:56Z
2026-07-11T19:29:37Z,2026-07-11T21:29:37+0200,1d83aeba-7d53-466c-9cd8-cde3940d84cc,2026-06-21T10:45:00Z,2026-06-21T12:45:00+0200,303.91998,MW,FR,FR,forecast_offshore_wind_generation,Wind Offshore,2026-07-11T19:30:56Z
2026-07-11T19:29:37Z,2026-07-11T21:29:37+0200,1d83aeba-7d53-466c-9cd8-cde3940d84cc,2026-06-21T11:00:00Z,2026-06-21T13:00:00+0200,294.54999,MW,FR,FR,forecast_offshore_wind_generation,Wind Offshore,2026-07-11T19:30:56Z
2026-07-11T19:29:37Z,2026-07-11T21:29:37+0200,1d83aeba-7d53-466c-9cd8-cde3940d84cc,2026-06-21T11:15:00Z,2026-06-21T13:15:00+0200,299.60999,MW,FR,FR,forecast_offshore_wind_generation,Wind Offshore,2026-07-11T19:30:56Z
2026-07-11T19:29:37Z,2026-07-11T21:29:37+0200,1d83aeba-7d53-466c-9cd8-cde3940d84cc,2026-06-21T11:30:00Z,2026-06-21T13:30:00+0200,304.66,MW,FR,FR,forecast_offshore_wind_generation,Wind Offshore,2026-07-11T19:30:56Z
2026-07-11T19:29:37Z,2026-07-11T21:29:37+0200,1d83aeba-7d53-466c-9cd8-cde3940d84cc,2026-06-21T11:45:00Z,2026-06-21T13:45:00+0200,309.70999,MW,FR,FR,forecast_offshore_wind_generation,Wind Offshore,2026-07-11T19:30:56Z
2026-07-11T19:29:37Z,2026-07-11T21:29:37+0200,1d83aeba-7d53-466c-9cd8-cde3940d84cc,2026-06-21T12:00:00Z,2026-06-21T14:00:00+0200,314.77002,MW,FR,FR,forecast_offshore_wind_generation,Wind Offshore,2026-07-11T19:30:56Z
2026-07-11T19:29:37Z,2026-07-11T21:29:37+0200,1d83aeba-7d53-466c-9cd8-cde3940d84cc,2026-06-21T12:15:00Z,2026-06-21T14:15:00+0200,320.35999,MW,FR,FR,forecast_offshore_wind_generation,Wind Offshore,2026-07-11T19:30:56Z
2026-07-11T19:29:37Z,2026-07-11T21:29:37+0200,1d83aeba-7d53-466c-9cd8-cde3940d84cc,2026-06-21T12:30:00Z,2026-06-21T14:30:00+0200,325.95001,MW,FR,FR,forecast_offshore_wind_generation,Wind Offshore,2026-07-11T19:30:56Z
2026-07-11T19:29:37Z,2026-07-11T21:29:37+0200,1d83aeba-7d53-466c-9cd8-cde3940d84cc,2026-06-21T12:45:00Z,2026-06-21T14:45:00+0200,331.52002,MW,FR,FR,forecast_offshore_wind_generation,Wind Offshore,2026-07-11T19:30:56Z
2026-07-11T19:29:37Z,2026-07-11T21:29:37+0200,1d83aeba-7d53-466c-9cd8-cde3940d84cc,2026-06-21T13:00:00Z,2026-06-21T15:00:00+0200,337.09003,MW,FR,FR,forecast_offshore_wind_generation,Wind Offshore,2026-07-11T19:30:56Z
2026-07-11T19:29:37Z,2026-07-11T21:29:37+0200,1d83aeba-7d53-466c-9cd8-cde3940d84cc,2026-06-21T13:15:00Z,2026-06-21T15:15:00+0200,341.33002,MW,FR,FR,forecast_offshore_wind_generation,Wind Offshore,2026-07-11T19:30:56Z
2026-07-11T19:29:37Z,2026-07-11T21:29:37+0200,1d83aeba-7d53-466c-9cd8-cde3940d84cc,2026-06-21T13:30:00Z,2026-06-21T15:30:00+0200,345.57004,MW,FR,FR,forecast_offshore_wind_generation,Wind Offshore,2026-07-11T19:30:56Z
2026-07-11T19:29:37Z,2026-07-11T21:29:37+0200,1d83aeba-7d53-466c-9cd8-cde3940d84cc,2026-06-21T13:45:00Z,2026-06-21T15:45:00+0200,349.78998,MW,FR,FR,forecast_offshore_wind_generation,Wind Offshore,2026-07-11T19:30:56Z
2026-07-11T19:29:37Z,2026-07-11T21:29:37+0200,1d83aeba-7d53-466c-9cd8-cde3940d84cc,2026-06-21T14:00:00Z,2026-06-21T16:00:00+0200,354.03,MW,FR,FR,forecast_offshore_wind_generation,Wind Offshore,2026-07-11T19:30:56Z
2026-07-11T19:29:37Z,2026-07-11T21:29:37+0200,1d83aeba-7d53-466c-9cd8-cde3940d84cc,2026-06-21T14:15:00Z,2026-06-21T16:15:00+0200,359.03,MW,FR,FR,forecast_offshore_wind_generation,Wind Offshore,2026-07-11T19:30:56Z
2026-07-11T19:29:37Z,2026-07-11T21:29:37+0200,1d83aeba-7d53-466c-9cd8-cde3940d84cc,2026-06-21T14:30:00Z,2026-06-21T16:30:00+0200,364.03,MW,FR,FR,forecast_offshore_wind_generation,Wind Offshore,2026-07-11T19:30:56Z
2026-07-11T19:29:37Z,2026-07-11T21:29:37+0200,1d83aeba-7d53-466c-9cd8-cde3940d84cc,2026-06-21T14:45:00Z,2026-06-21T16:45:00+0200,369.01999,MW,FR,FR,forecast_offshore_wind_generation,Wind Offshore,2026-07-11T19:30:56Z
2026-07-11T19:29:37Z,2026-07-11T21:29:37+0200,1d83aeba-7d53-466c-9cd8-cde3940d84cc,2026-06-21T15:00:00Z,2026-06-21T17:00:00+0200,374.01999,MW,FR,FR,forecast_offshore_wind_generation,Wind Offshore,2026-07-11T19:30:56Z
2026-07-11T19:29:37Z,2026-07-11T21:29:37+0200,1d83aeba-7d53-466c-9cd8-cde3940d84cc,2026-06-21T15:15:00Z,2026-06-21T17:15:00+0200,379.89999,MW,FR,FR,forecast_offshore_wind_generation,Wind Offshore,2026-07-11T19:30:56Z
2026-07-11T19:29:37Z,2026-07-11T21:29:37+0200,1d83aeba-7d53-466c-9cd8-cde3940d84cc,2026-06-21T15:30:00Z,2026-06-21T17:30:00+0200,385.78003,MW,FR,FR,forecast_offshore_wind_generation,Wind Offshore,2026-07-11T19:30:56Z
2026-07-11T19:29:37Z,2026-07-11T21:29:37+0200,1d83aeba-7d53-466c-9cd8-cde3940d84cc,2026-06-21T15:45:00Z,2026-06-21T17:45:00+0200,391.66003,MW,FR,FR,forecast_offshore_wind_generation,Wind Offshore,2026-07-11T19:30:56Z
2026-07-11T19:29:37Z,2026-07-11T21:29:37+0200,1d83aeba-7d53-466c-9cd8-cde3940d84cc,2026-06-21T16:00:00Z,2026-06-21T18:00:00+0200,397.54999,MW,FR,FR,forecast_offshore_wind_generation,Wind Offshore,2026-07-11T19:30:56Z
2026-07-11T19:29:37Z,2026-07-11T21:29:37+0200,1d83aeba-7d53-466c-9cd8-cde3940d84cc,2026-06-21T16:15:00Z,2026-06-21T18:15:00+0200,405.89999,MW,FR,FR,forecast_offshore_wind_generation,Wind Offshore,2026-07-11T19:30:56Z
2026-07-11T19:29:37Z,2026-07-11T21:29:37+0200,1d83aeba-7d53-466c-9cd8-cde3940d84cc,2026-06-21T16:30:00Z,2026-06-21T18:30:00+0200,414.23999,MW,FR,FR,forecast_offshore_wind_generation,Wind Offshore,2026-07-11T19:30:56Z
2026-07-11T19:29:37Z,2026-07-11T21:29:37+0200,1d83aeba-7d53-466c-9cd8-cde3940d84cc,2026-06-21T16:45:00Z,2026-06-21T18:45:00+0200,422.60999,MW,FR,FR,forecast_offshore_wind_generation,Wind Offshore,2026-07-11T19:30:56Z
2026-07-11T19:29:37Z,2026-07-11T21:29:37+0200,1d83aeba-7d53-466c-9cd8-cde3940d84cc,2026-06-21T17:00:00Z,2026-06-21T19:00:00+0200,430.95001,MW,FR,FR,forecast_offshore_wind_generation,Wind Offshore,2026-07-11T19:30:56Z
2026-07-11T19:29:37Z,2026-07-11T21:29:37+0200,1d83aeba-7d53-466c-9cd8-cde3940d84cc,2026-06-21T17:15:00Z,2026-06-21T19:15:00+0200,440.95999,MW,FR,FR,forecast_offshore_wind_generation,Wind Offshore,2026-07-11T19:30:56Z
2026-07-11T19:29:37Z,2026-07-11T21:29:37+0200,1d83aeba-7d53-466c-9cd8-cde3940d84cc,2026-06-21T17:30:00Z,2026-06-21T19:30:00+0200,450.94998,MW,FR,FR,forecast_offshore_wind_generation,Wind Offshore,2026-07-11T19:30:56Z
2026-07-11T19:29:37Z,2026-07-11T21:29:37+0200,1d83aeba-7d53-466c-9cd8-cde3940d84cc,2026-06-21T17:45:00Z,2026-06-21T19:45:00+0200,460.91998,MW,FR,FR,forecast_offshore_wind_generation,Wind Offshore,2026-07-11T19:30:56Z
2026-07-11T19:29:37Z,2026-07-11T21:29:37+0200,1d83aeba-7d53-466c-9cd8-cde3940d84cc,2026-06-21T18:00:00Z,2026-06-21T20:00:00+0200,470.89999,MW,FR,FR,forecast_offshore_wind_generation,Wind Offshore,2026-07-11T19:30:56Z
2026-07-11T19:29:37Z,2026-07-11T21:29:37+0200,1d83aeba-7d53-466c-9cd8-cde3940d84cc,2026-06-21T18:15:00Z,2026-06-21T20:15:00+0200,486.70004,MW,FR,FR,forecast_offshore_wind_generation,Wind Offshore,2026-07-11T19:30:56Z
2026-07-11T19:29:37Z,2026-07-11T21:29:37+0200,1d83aeba-7d53-466c-9cd8-cde3940d84cc,2026-06-21T18:30:00Z,2026-06-21T20:30:00+0200,502.48001,MW,FR,FR,forecast_offshore_wind_generation,Wind Offshore,2026-07-11T19:30:56Z
2026-07-11T19:29:37Z,2026-07-11T21:29:37+0200,1d83aeba-7d53-466c-9cd8-cde3940d84cc,2026-06-21T18:45:00Z,2026-06-21T20:45:00+0200,518.27002,MW,FR,FR,forecast_offshore_wind_generation,Wind Offshore,2026-07-11T19:30:56Z
2026-07-11T19:29:37Z,2026-07-11T21:29:37+0200,1d83aeba-7d53-466c-9cd8-cde3940d84cc,2026-06-21T19:00:00Z,2026-06-21T21:00:00+0200,534.04999,MW,FR,FR,forecast_offshore_wind_generation,Wind Offshore,2026-07-11T19:30:56Z
2026-07-11T19:29:37Z,2026-07-11T21:29:37+0200,1d83aeba-7d53-466c-9cd8-cde3940d84cc,2026-06-21T19:15:00Z,2026-06-21T21:15:00+0200,544.72998,MW,FR,FR,forecast_offshore_wind_generation,Wind Offshore,2026-07-11T19:30:56Z
2026-07-11T19:29:37Z,2026-07-11T21:29:37+0200,1d83aeba-7d53-466c-9cd8-cde3940d84cc,2026-06-21T19:30:00Z,2026-06-21T21:30:00+0200,555.38995,MW,FR,FR,forecast_offshore_wind_generation,Wind Offshore,2026-07-11T19:30:56Z
2026-07-11T19:29:37Z,2026-07-11T21:29:37+0200,1d83aeba-7d53-466c-9cd8-cde3940d84cc,2026-06-21T19:45:00Z,2026-06-21T21:45:00+0200,566.04999,MW,FR,FR,forecast_offshore_wind_generation,Wind Offshore,2026-07-11T19:30:56Z
2026-07-11T19:29:37Z,2026-07-11T21:29:37+0200,1d83aeba-7d53-466c-9cd8-cde3940d84cc,2026-06-21T20:00:00Z,2026-06-21T22:00:00+0200,576.70001,MW,FR,FR,forecast_offshore_wind_generation,Wind Offshore,2026-07-11T19:30:56Z
2026-07-11T19:29:37Z,2026-07-11T21:29:37+0200,1d83aeba-7d53-466c-9cd8-cde3940d84cc,2026-06-21T20:15:00Z,2026-06-21T22:15:00+0200,590.39001,MW,FR,FR,forecast_offshore_wind_generation,Wind Offshore,2026-07-11T19:30:56Z
2026-07-11T19:29:37Z,2026-07-11T21:29:37+0200,1d83aeba-7d53-466c-9cd8-cde3940d84cc,2026-06-21T20:30:00Z,2026-06-21T22:30:00+0200,604.07996,MW,FR,FR,forecast_offshore_wind_generation,Wind Offshore,2026-07-11T19:30:56Z
2026-07-11T19:29:37Z,2026-07-11T21:29:37+0200,1d83aeba-7d53-466c-9cd8-cde3940d84cc,2026-06-21T20:45:00Z,2026-06-21T22:45:00+0200,617.76007,MW,FR,FR,forecast_offshore_wind_generation,Wind Offshore,2026-07-11T19:30:56Z
2026-07-11T19:29:37Z,2026-07-11T21:29:37+0200,1d83aeba-7d53-466c-9cd8-cde3940d84cc,2026-06-21T21:00:00Z,2026-06-21T23:00:00+0200,631.45996,MW,FR,FR,forecast_offshore_wind_generation,Wind Offshore,2026-07-11T19:30:56Z
2026-07-11T19:29:37Z,2026-07-11T21:29:37+0200,1d83aeba-7d53-466c-9cd8-cde3940d84cc,2026-06-21T21:15:00Z,2026-06-21T23:15:00+0200,644.97003,MW,FR,FR,forecast_offshore_wind_generation,Wind Offshore,2026-07-11T19:30:56Z
2026-07-11T19:29:37Z,2026-07-11T21:29:37+0200,1d83aeba-7d53-466c-9cd8-cde3940d84cc,2026-06-21T21:30:00Z,2026-06-21T23:30:00+0200,658.51001,MW,FR,FR,forecast_offshore_wind_generation,Wind Offshore,2026-07-11T19:30:56Z
2026-07-11T19:29:37Z,2026-07-11T21:29:37+0200,1d83aeba-7d53-466c-9cd8-cde3940d84cc,2026-06-21T21:45:00Z,2026-06-21T23:45:00+0200,672.03998,MW,FR,FR,forecast_offshore_wind_generation,Wind Offshore,2026-07-11T19:30:56Z
2026-07-11T19:29:37Z,2026-07-11T21:29:37+0200,1d83aeba-7d53-466c-9cd8-cde3940d84cc,2026-06-21T22:00:00Z,2026-06-22T00:00:00+0200,687.45001,MW,FR,FR,forecast_offshore_wind_generation,Wind Offshore,2026-07-11T19:30:56Z
2026-07-11T19:29:37Z,2026-07-11T21:29:37+0200,1d83aeba-7d53-466c-9cd8-cde3940d84cc,2026-06-21T22:15:00Z,2026-06-22T00:15:00+0200,695.93005,MW,FR,FR,forecast_offshore_wind_generation,Wind Offshore,2026-07-11T19:30:56Z
2026-07-11T19:29:37Z,2026-07-11T21:29:37+0200,1d83aeba-7d53-466c-9cd8-cde3940d84cc,2026-06-21T22:30:00Z,2026-06-22T00:30:00+0200,704.41003,MW,FR,FR,forecast_offshore_wind_generation,Wind Offshore,2026-07-11T19:30:56Z
2026-07-11T19:29:37Z,2026-07-11T21:29:37+0200,1d83aeba-7d53-466c-9cd8-cde3940d84cc,2026-06-21T22:45:00Z,2026-06-22T00:45:00+0200,712.78003,MW,FR,FR,forecast_offshore_wind_generation,Wind Offshore,2026-07-11T19:30:56Z
2026-07-11T19:29:37Z,2026-07-11T21:29:37+0200,1d83aeba-7d53-466c-9cd8-cde3940d84cc,2026-06-21T23:00:00Z,2026-06-22T01:00:00+0200,721.15002,MW,FR,FR,forecast_offshore_wind_generation,Wind Offshore,2026-07-11T19:30:56Z
2026-07-11T19:29:37Z,2026-07-11T21:29:37+0200,1d83aeba-7d53-466c-9cd8-cde3940d84cc,2026-06-21T23:15:00Z,2026-06-22T01:15:00+0200,721.23004,MW,FR,FR,forecast_offshore_wind_generation,Wind Offshore,2026-07-11T19:30:56Z
2026-07-11T19:29:37Z,2026-07-11T21:29:37+0200,1d83aeba-7d53-466c-9cd8-cde3940d84cc,2026-06-21T23:30:00Z,2026-06-22T01:30:00+0200,721.32001,MW,FR,FR,forecast_offshore_wind_generation,Wind Offshore,2026-07-11T19:30:56Z
2026-07-11T19:29:37Z,2026-07-11T21:29:37+0200,1d83aeba-7d53-466c-9cd8-cde3940d84cc,2026-06-21T23:45:00Z,2026-06-22T01:45:00+0200,721.37006,MW,FR,FR,forecast_offshore_wind_generation,Wind Offshore,2026-07-11T19:30:56Z
2026-07-11T19:29:37Z,2026-07-11T21:29:37+0200,1d83aeba-7d53-466c-9cd8-cde3940d84cc,2026-06-22T00:00:00Z,2026-06-22T02:00:00+0200,721.42999,MW,FR,FR,forecast_offshore_wind_generation,Wind Offshore,2026-07-11T19:30:56Z
2026-07-11T19:29:37Z,2026-07-11T21:29:37+0200,1d83aeba-7d53-466c-9cd8-cde3940d84cc,2026-06-22T00:15:00Z,2026-06-22T02:15:00+0200,707.78003,MW,FR,FR,forecast_offshore_wind_generation,Wind Offshore,2026-07-11T19:30:56Z
2026-07-11T19:29:37Z,2026-07-11T21:29:37+0200,1d83aeba-7d53-466c-9cd8-cde3940d84cc,2026-06-22T00:30:00Z,2026-06-22T02:30:00+0200,694.11005,MW,FR,FR,forecast_offshore_wind_generation,Wind Offshore,2026-07-11T19:30:56Z
2026-07-11T19:29:37Z,2026-07-11T21:29:37+0200,1d83aeba-7d53-466c-9cd8-cde3940d84cc,2026-06-22T00:45:00Z,2026-06-22T02:45:00+0200,680.47998,MW,FR,FR,forecast_offshore_wind_generation,Wind Offshore,2026-07-11T19:30:56Z
2026-07-11T19:29:37Z,2026-07-11T21:29:37+0200,1d83aeba-7d53-466c-9cd8-cde3940d84cc,2026-06-22T01:00:00Z,2026-06-22T03:00:00+0200,666.81995,MW,FR,FR,forecast_offshore_wind_generation,Wind Offshore,2026-07-11T19:30:56Z
2026-07-11T19:29:37Z,2026-07-11T21:29:37+0200,1d83aeba-7d53-466c-9cd8-cde3940d84cc,2026-06-22T01:15:00Z,2026-06-22T03:15:00+0200,663.67004,MW,FR,FR,forecast_offshore_wind_generation,Wind Offshore,2026-07-11T19:30:56Z
2026-07-11T19:29:37Z,2026-07-11T21:29:37+0200,1d83aeba-7d53-466c-9cd8-cde3940d84cc,2026-06-22T01:30:00Z,2026-06-22T03:30:00+0200,660.53003,MW,FR,FR,forecast_offshore_wind_generation,Wind Offshore,2026-07-11T19:30:56Z
2026-07-11T19:29:37Z,2026-07-11T21:29:37+0200,1d83aeba-7d53-466c-9cd8-cde3940d84cc,2026-06-22T01:45:00Z,2026-06-22T03:45:00+0200,657.38,MW,FR,FR,forecast_offshore_wind_generation,Wind Offshore,2026-07-11T19:30:56Z
2026-07-11T19:29:37Z,2026-07-11T21:29:37+0200,1d83aeba-7d53-466c-9cd8-cde3940d84cc,2026-06-22T02:00:00Z,2026-06-22T04:00:00+0200,654.25,MW,FR,FR,forecast_offshore_wind_generation,Wind Offshore,2026-07-11T19:30:56Z
2026-07-11T19:29:37Z,2026-07-11T21:29:37+0200,1d83aeba-7d53-466c-9cd8-cde3940d84cc,2026-06-22T02:15:00Z,2026-06-22T04:15:00+0200,647.48999,MW,FR,FR,forecast_offshore_wind_generation,Wind Offshore,2026-07-11T19:30:56Z
2026-07-11T19:29:37Z,2026-07-11T21:29:37+0200,1d83aeba-7d53-466c-9cd8-cde3940d84cc,2026-06-22T02:30:00Z,2026-06-22T04:30:00+0200,640.72003,MW,FR,FR,forecast_offshore_wind_generation,Wind Offshore,2026-07-11T19:30:56Z
2026-07-11T19:29:37Z,2026-07-11T21:29:37+0200,1d83aeba-7d53-466c-9cd8-cde3940d84cc,2026-06-22T02:45:00Z,2026-06-22T04:45:00+0200,633.95001,MW,FR,FR,forecast_offshore_wind_generation,Wind Offshore,2026-07-11T19:30:56Z
2026-07-11T19:29:37Z,2026-07-11T21:29:37+0200,1d83aeba-7d53-466c-9cd8-cde3940d84cc,2026-06-22T03:00:00Z,2026-06-22T05:00:00+0200,627.17999,MW,FR,FR,forecast_offshore_wind_generation,Wind Offshore,2026-07-11T19:30:56Z
2026-07-11T19:29:37Z,2026-07-11T21:29:37+0200,1d83aeba-7d53-466c-9cd8-cde3940d84cc,2026-06-22T03:15:00Z,2026-06-22T05:15:00+0200,625.52002,MW,FR,FR,forecast_offshore_wind_generation,Wind Offshore,2026-07-11T19:30:56Z
2026-07-11T19:29:37Z,2026-07-11T21:29:37+0200,1d83aeba-7d53-466c-9cd8-cde3940d84cc,2026-06-22T03:30:00Z,2026-06-22T05:30:00+0200,623.82996,MW,FR,FR,forecast_offshore_wind_generation,Wind Offshore,2026-07-11T19:30:56Z
2026-07-11T19:29:37Z,2026-07-11T21:29:37+0200,1d83aeba-7d53-466c-9cd8-cde3940d84cc,2026-06-22T03:45:00Z,2026-06-22T05:45:00+0200,622.13,MW,FR,FR,forecast_offshore_wind_generation,Wind Offshore,2026-07-11T19:30:56Z
2026-07-11T19:29:37Z,2026-07-11T21:29:37+0200,1d83aeba-7d53-466c-9cd8-cde3940d84cc,2026-06-22T04:00:00Z,2026-06-22T06:00:00+0200,620.42004,MW,FR,FR,forecast_offshore_wind_generation,Wind Offshore,2026-07-11T19:30:56Z
2026-07-11T19:29:37Z,2026-07-11T21:29:37+0200,1d83aeba-7d53-466c-9cd8-cde3940d84cc,2026-06-22T04:15:00Z,2026-06-22T06:15:00+0200,615.37,MW,FR,FR,forecast_offshore_wind_generation,Wind Offshore,2026-07-11T19:30:56Z
2026-07-11T19:29:37Z,2026-07-11T21:29:37+0200,1d83aeba-7d53-466c-9cd8-cde3940d84cc,2026-06-22T04:30:00Z,2026-06-22T06:30:00+0200,610.33002,MW,FR,FR,forecast_offshore_wind_generation,Wind Offshore,2026-07-11T19:30:56Z
2026-07-11T19:29:37Z,2026-07-11T21:29:37+0200,1d83aeba-7d53-466c-9cd8-cde3940d84cc,2026-06-22T04:45:00Z,2026-06-22T06:45:00+0200,605.22998,MW,FR,FR,forecast_offshore_wind_generation,Wind Offshore,2026-07-11T19:30:56Z
2026-07-11T19:29:37Z,2026-07-11T21:29:37+0200,1d83aeba-7d53-466c-9cd8-cde3940d84cc,2026-06-22T05:00:00Z,2026-06-22T07:00:00+0200,600.15002,MW,FR,FR,forecast_offshore_wind_generation,Wind Offshore,2026-07-11T19:30:56Z
2026-07-11T19:29:37Z,2026-07-11T21:29:37+0200,1d83aeba-7d53-466c-9cd8-cde3940d84cc,2026-06-22T05:15:00Z,2026-06-22T07:15:00+0200,596.39001,MW,FR,FR,forecast_offshore_wind_generation,Wind Offshore,2026-07-11T19:30:56Z
2026-07-11T19:29:37Z,2026-07-11T21:29:37+0200,1d83aeba-7d53-466c-9cd8-cde3940d84cc,2026-06-22T05:30:00Z,2026-06-22T07:30:00+0200,592.63,MW,FR,FR,forecast_offshore_wind_generation,Wind Offshore,2026-07-11T19:30:56Z
2026-07-11T19:29:37Z,2026-07-11T21:29:37+0200,1d83aeba-7d53-466c-9cd8-cde3940d84cc,2026-06-22T05:45:00Z,2026-06-22T07:45:00+0200,588.82001,MW,FR,FR,forecast_offshore_wind_generation,Wind Offshore,2026-07-11T19:30:56Z
2026-07-11T19:29:37Z,2026-07-11T21:29:37+0200,1d83aeba-7d53-466c-9cd8-cde3940d84cc,2026-06-22T06:00:00Z,2026-06-22T08:00:00+0200,585.03003,MW,FR,FR,forecast_offshore_wind_generation,Wind Offshore,2026-07-11T19:30:56Z
2026-07-11T19:29:37Z,2026-07-11T21:29:37+0200,1d83aeba-7d53-466c-9cd8-cde3940d84cc,2026-06-22T06:15:00Z,2026-06-22T08:15:00+0200,580.21002,MW,FR,FR,forecast_offshore_wind_generation,Wind Offshore,2026-07-11T19:30:56Z
2026-07-11T19:29:37Z,2026-07-11T21:29:37+0200,1d83aeba-7d53-466c-9cd8-cde3940d84cc,2026-06-22T06:30:00Z,2026-06-22T08:30:00+0200,575.39996,MW,FR,FR,forecast_offshore_wind_generation,Wind Offshore,2026-07-11T19:30:56Z
2026-07-11T19:29:37Z,2026-07-11T21:29:37+0200,1d83aeba-7d53-466c-9cd8-cde3940d84cc,2026-06-22T06:45:00Z,2026-06-22T08:45:00+0200,570.54999,MW,FR,FR,forecast_offshore_wind_generation,Wind Offshore,2026-07-11T19:30:56Z
2026-07-11T19:29:37Z,2026-07-11T21:29:37+0200,1d83aeba-7d53-466c-9cd8-cde3940d84cc,2026-06-22T07:00:00Z,2026-06-22T09:00:00+0200,565.69995,MW,FR,FR,forecast_offshore_wind_generation,Wind Offshore,2026-07-11T19:30:56Z
2026-07-11T19:29:37Z,2026-07-11T21:29:37+0200,1d83aeba-7d53-466c-9cd8-cde3940d84cc,2026-06-22T07:15:00Z,2026-06-22T09:15:00+0200,549.97003,MW,FR,FR,forecast_offshore_wind_generation,Wind Offshore,2026-07-11T19:30:56Z
2026-07-11T19:29:37Z,2026-07-11T21:29:37+0200,1d83aeba-7d53-466c-9cd8-cde3940d84cc,2026-06-22T07:30:00Z,2026-06-22T09:30:00+0200,534.25,MW,FR,FR,forecast_offshore_wind_generation,Wind Offshore,2026-07-11T19:30:56Z
2026-07-11T19:29:37Z,2026-07-11T21:29:37+0200,1d83aeba-7d53-466c-9cd8-cde3940d84cc,2026-06-22T07:45:00Z,2026-06-22T09:45:00+0200,518.51001,MW,FR,FR,forecast_offshore_wind_generation,Wind Offshore,2026-07-11T19:30:56Z
2026-07-11T19:29:37Z,2026-07-11T21:29:37+0200,1d83aeba-7d53-466c-9cd8-cde3940d84cc,2026-06-22T08:00:00Z,2026-06-22T10:00:00+0200,502.76001,MW,FR,FR,forecast_offshore_wind_generation,Wind Offshore,2026-07-11T19:30:56Z
2026-07-11T19:29:37Z,2026-07-11T21:29:37+0200,1d83aeba-7d53-466c-9cd8-cde3940d84cc,2026-06-22T08:15:00Z,2026-06-22T10:15:00+0200,488.20001,MW,FR,FR,forecast_offshore_wind_generation,Wind Offshore,2026-07-11T19:30:56Z
2026-07-11T19:29:37Z,2026-07-11T21:29:37+0200,1d83aeba-7d53-466c-9cd8-cde3940d84cc,2026-06-22T08:30:00Z,2026-06-22T10:30:00+0200,473.63,MW,FR,FR,forecast_offshore_wind_generation,Wind Offshore,2026-07-11T19:30:56Z
2026-07-11T19:29:37Z,2026-07-11T21:29:37+0200,1d83aeba-7d53-466c-9cd8-cde3940d84cc,2026-06-22T08:45:00Z,2026-06-22T10:45:00+0200,459.04999,MW,FR,FR,forecast_offshore_wind_generation,Wind Offshore,2026-07-11T19:30:56Z
2026-07-11T19:29:37Z,2026-07-11T21:29:37+0200,1d83aeba-7d53-466c-9cd8-cde3940d84cc,2026-06-22T09:00:00Z,2026-06-22T11:00:00+0200,444.47003,MW,FR,FR,forecast_offshore_wind_generation,Wind Offshore,2026-07-11T19:30:56Z
2026-07-11T19:29:37Z,2026-07-11T21:29:37+0200,1d83aeba-7d53-466c-9cd8-cde3940d84cc,2026-06-22T09:15:00Z,2026-06-22T11:15:00+0200,436.69,MW,FR,FR,forecast_offshore_wind_generation,Wind Offshore,2026-07-11T19:30:56Z
2026-07-11T19:29:37Z,2026-07-11T21:29:37+0200,1d83aeba-7d53-466c-9cd8-cde3940d84cc,2026-06-22T09:30:00Z,2026-06-22T11:30:00+0200,428.92999,MW,FR,FR,forecast_offshore_wind_generation,Wind Offshore,2026-07-11T19:30:56Z
2026-07-11T19:29:37Z,2026-07-11T21:29:37+0200,1d83aeba-7d53-466c-9cd8-cde3940d84cc,2026-06-22T09:45:00Z,2026-06-22T11:45:00+0200,421.14999,MW,FR,FR,forecast_offshore_wind_generation,Wind Offshore,2026-07-11T19:30:56Z
2026-07-11T19:29:37Z,2026-07-11T21:29:37+0200,1d83aeba-7d53-466c-9cd8-cde3940d84cc,2026-06-22T10:00:00Z,2026-06-22T12:00:00+0200,413.38,MW,FR,FR,forecast_offshore_wind_generation,Wind Offshore,2026-07-11T19:30:56Z
2026-07-11T19:29:37Z,2026-07-11T21:29:37+0200,1d83aeba-7d53-466c-9cd8-cde3940d84cc,2026-06-22T10:15:00Z,2026-06-22T12:15:00+0200,410.87006,MW,FR,FR,forecast_offshore_wind_generation,Wind Offshore,2026-07-11T19:30:56Z
2026-07-11T19:29:37Z,2026-07-11T21:29:37+0200,1d83aeba-7d53-466c-9cd8-cde3940d84cc,2026-06-22T10:30:00Z,2026-06-22T12:30:00+0200,408.36996,MW,FR,FR,forecast_offshore_wind_generation,Wind Offshore,2026-07-11T19:30:56Z
2026-07-11T19:29:37Z,2026-07-11T21:29:37+0200,1d83aeba-7d53-466c-9cd8-cde3940d84cc,2026-06-22T10:45:00Z,2026-06-22T12:45:00+0200,405.87,MW,FR,FR,forecast_offshore_wind_generation,Wind Offshore,2026-07-11T19:30:56Z
2026-07-11T19:29:37Z,2026-07-11T21:29:37+0200,1d83aeba-7d53-466c-9cd8-cde3940d84cc,2026-06-22T11:00:00Z,2026-06-22T13:00:00+0200,403.37003,MW,FR,FR,forecast_offshore_wind_generation,Wind Offshore,2026-07-11T19:30:56Z
2026-07-11T19:29:37Z,2026-07-11T21:29:37+0200,1d83aeba-7d53-466c-9cd8-cde3940d84cc,2026-06-22T11:15:00Z,2026-06-22T13:15:00+0200,411.51001,MW,FR,FR,forecast_offshore_wind_generation,Wind Offshore,2026-07-11T19:30:56Z
2026-07-11T19:29:37Z,2026-07-11T21:29:37+0200,1d83aeba-7d53-466c-9cd8-cde3940d84cc,2026-06-22T11:30:00Z,2026-06-22T13:30:00+0200,419.66998,MW,FR,FR,forecast_offshore_wind_generation,Wind Offshore,2026-07-11T19:30:56Z
2026-07-11T19:29:37Z,2026-07-11T21:29:37+0200,1d83aeba-7d53-466c-9cd8-cde3940d84cc,2026-06-22T11:45:00Z,2026-06-22T13:45:00+0200,427.82001,MW,FR,FR,forecast_offshore_wind_generation,Wind Offshore,2026-07-11T19:30:56Z
2026-07-11T19:29:37Z,2026-07-11T21:29:37+0200,1d83aeba-7d53-466c-9cd8-cde3940d84cc,2026-06-22T12:00:00Z,2026-06-22T14:00:00+0200,435.96002,MW,FR,FR,forecast_offshore_wind_generation,Wind Offshore,2026-07-11T19:30:56Z
2026-07-11T19:29:37Z,2026-07-11T21:29:37+0200,1d83aeba-7d53-466c-9cd8-cde3940d84cc,2026-06-22T12:15:00Z,2026-06-22T14:15:00+0200,442.40997,MW,FR,FR,forecast_offshore_wind_generation,Wind Offshore,2026-07-11T19:30:56Z
2026-07-11T19:29:37Z,2026-07-11T21:29:37+0200,1d83aeba-7d53-466c-9cd8-cde3940d84cc,2026-06-22T12:30:00Z,2026-06-22T14:30:00+0200,448.85999,MW,FR,FR,forecast_offshore_wind_generation,Wind Offshore,2026-07-11T19:30:56Z
2026-07-11T19:29:37Z,2026-07-11T21:29:37+0200,1d83aeba-7d53-466c-9cd8-cde3940d84cc,2026-06-22T12:45:00Z,2026-06-22T14:45:00+0200,455.32001,MW,FR,FR,forecast_offshore_wind_generation,Wind Offshore,2026-07-11T19:30:56Z
2026-07-11T19:29:37Z,2026-07-11T21:29:37+0200,1d83aeba-7d53-466c-9cd8-cde3940d84cc,2026-06-22T13:00:00Z,2026-06-22T15:00:00+0200,461.76999,MW,FR,FR,forecast_offshore_wind_generation,Wind Offshore,2026-07-11T19:30:56Z
2026-07-11T19:29:37Z,2026-07-11T21:29:37+0200,1d83aeba-7d53-466c-9cd8-cde3940d84cc,2026-06-22T13:15:00Z,2026-06-22T15:15:00+0200,466.29001,MW,FR,FR,forecast_offshore_wind_generation,Wind Offshore,2026-07-11T19:30:56Z
2026-07-11T19:29:37Z,2026-07-11T21:29:37+0200,1d83aeba-7d53-466c-9cd8-cde3940d84cc,2026-06-22T13:30:00Z,2026-06-22T15:30:00+0200,470.81,MW,FR,FR,forecast_offshore_wind_generation,Wind Offshore,2026-07-11T19:30:56Z
2026-07-11T19:29:37Z,2026-07-11T21:29:37+0200,1d83aeba-7d53-466c-9cd8-cde3940d84cc,2026-06-22T13:45:00Z,2026-06-22T15:45:00+0200,475.33002,MW,FR,FR,forecast_offshore_wind_generation,Wind Offshore,2026-07-11T19:30:56Z
2026-07-11T19:29:37Z,2026-07-11T21:29:37+0200,1d83aeba-7d53-466c-9cd8-cde3940d84cc,2026-06-22T14:00:00Z,2026-06-22T16:00:00+0200,479.87,MW,FR,FR,forecast_offshore_wind_generation,Wind Offshore,2026-07-11T19:30:56Z
2026-07-11T19:29:37Z,2026-07-11T21:29:37+0200,1d83aeba-7d53-466c-9cd8-cde3940d84cc,2026-06-22T14:15:00Z,2026-06-22T16:15:00+0200,487.94,MW,FR,FR,forecast_offshore_wind_generation,Wind Offshore,2026-07-11T19:30:56Z
2026-07-11T19:29:37Z,2026-07-11T21:29:37+0200,1d83aeba-7d53-466c-9cd8-cde3940d84cc,2026-06-22T14:30:00Z,2026-06-22T16:30:00+0200,496.03,MW,FR,FR,forecast_offshore_wind_generation,Wind Offshore,2026-07-11T19:30:56Z
2026-07-11T19:29:37Z,2026-07-11T21:29:37+0200,1d83aeba-7d53-466c-9cd8-cde3940d84cc,2026-06-22T14:45:00Z,2026-06-22T16:45:00+0200,504.12,MW,FR,FR,forecast_offshore_wind_generation,Wind Offshore,2026-07-11T19:30:56Z
2026-07-11T19:29:37Z,2026-07-11T21:29:37+0200,1d83aeba-7d53-466c-9cd8-cde3940d84cc,2026-06-22T15:00:00Z,2026-06-22T17:00:00+0200,512.21997,MW,FR,FR,forecast_offshore_wind_generation,Wind Offshore,2026-07-11T19:30:56Z
2026-07-11T19:29:37Z,2026-07-11T21:29:37+0200,1d83aeba-7d53-466c-9cd8-cde3940d84cc,2026-06-22T15:15:00Z,2026-06-22T17:15:00+0200,520.15002,MW,FR,FR,forecast_offshore_wind_generation,Wind Offshore,2026-07-11T19:30:56Z
2026-07-11T19:29:37Z,2026-07-11T21:29:37+0200,1d83aeba-7d53-466c-9cd8-cde3940d84cc,2026-06-22T15:30:00Z,2026-06-22T17:30:00+0200,528.06,MW,FR,FR,forecast_offshore_wind_generation,Wind Offshore,2026-07-11T19:30:56Z
2026-07-11T19:29:37Z,2026-07-11T21:29:37+0200,1d83aeba-7d53-466c-9cd8-cde3940d84cc,2026-06-22T15:45:00Z,2026-06-22T17:45:00+0200,536.02002,MW,FR,FR,forecast_offshore_wind_generation,Wind Offshore,2026-07-11T19:30:56Z
2026-07-11T19:29:37Z,2026-07-11T21:29:37+0200,1d83aeba-7d53-466c-9cd8-cde3940d84cc,2026-06-22T16:00:00Z,2026-06-22T18:00:00+0200,543.96002,MW,FR,FR,forecast_offshore_wind_generation,Wind Offshore,2026-07-11T19:30:56Z
2026-07-11T19:29:37Z,2026-07-11T21:29:37+0200,1d83aeba-7d53-466c-9cd8-cde3940d84cc,2026-06-22T16:15:00Z,2026-06-22T18:15:00+0200,552.70996,MW,FR,FR,forecast_offshore_wind_generation,Wind Offshore,2026-07-11T19:30:56Z
2026-07-11T19:29:37Z,2026-07-11T21:29:37+0200,1d83aeba-7d53-466c-9cd8-cde3940d84cc,2026-06-22T16:30:00Z,2026-06-22T18:30:00+0200,561.44006,MW,FR,FR,forecast_offshore_wind_generation,Wind Offshore,2026-07-11T19:30:56Z
2026-07-11T19:29:37Z,2026-07-11T21:29:37+0200,1d83aeba-7d53-466c-9cd8-cde3940d84cc,2026-06-22T16:45:00Z,2026-06-22T18:45:00+0200,570.19995,MW,FR,FR,forecast_offshore_wind_generation,Wind Offshore,2026-07-11T19:30:56Z
2026-07-11T19:29:37Z,2026-07-11T21:29:37+0200,1d83aeba-7d53-466c-9cd8-cde3940d84cc,2026-06-22T17:00:00Z,2026-06-22T19:00:00+0200,578.97003,MW,FR,FR,forecast_offshore_wind_generation,Wind Offshore,2026-07-11T19:30:56Z
2026-07-11T19:29:37Z,2026-07-11T21:29:37+0200,1d83aeba-7d53-466c-9cd8-cde3940d84cc,2026-06-22T17:15:00Z,2026-06-22T19:15:00+0200,583.65002,MW,FR,FR,forecast_offshore_wind_generation,Wind Offshore,2026-07-11T19:30:56Z
2026-07-11T19:29:37Z,2026-07-11T21:29:37+0200,1d83aeba-7d53-466c-9cd8-cde3940d84cc,2026-06-22T17:30:00Z,2026-06-22T19:30:00+0200,588.37,MW,FR,FR,forecast_offshore_wind_generation,Wind Offshore,2026-07-11T19:30:56Z
2026-07-11T19:29:37Z,2026-07-11T21:29:37+0200,1d83aeba-7d53-466c-9cd8-cde3940d84cc,2026-06-22T17:45:00Z,2026-06-22T19:45:00+0200,593.07996,MW,FR,FR,forecast_offshore_wind_generation,Wind Offshore,2026-07-11T19:30:56Z
2026-07-11T19:29:37Z,2026-07-11T21:29:37+0200,1d83aeba-7d53-466c-9cd8-cde3940d84cc,2026-06-22T18:00:00Z,2026-06-22T20:00:00+0200,597.82001,MW,FR,FR,forecast_offshore_wind_generation,Wind Offshore,2026-07-11T19:30:56Z
2026-07-11T19:29:37Z,2026-07-11T21:29:37+0200,1d83aeba-7d53-466c-9cd8-cde3940d84cc,2026-06-22T18:15:00Z,2026-06-22T20:15:00+0200,595.33997,MW,FR,FR,forecast_offshore_wind_generation,Wind Offshore,2026-07-11T19:30:56Z
2026-07-11T19:29:37Z,2026-07-11T21:29:37+0200,1d83aeba-7d53-466c-9cd8-cde3940d84cc,2026-06-22T18:30:00Z,2026-06-22T20:30:00+0200,592.85999,MW,FR,FR,forecast_offshore_wind_generation,Wind Offshore,2026-07-11T19:30:56Z
2026-07-11T19:29:37Z,2026-07-11T21:29:37+0200,1d83aeba-7d53-466c-9cd8-cde3940d84cc,2026-06-22T18:45:00Z,2026-06-22T20:45:00+0200,590.37,MW,FR,FR,forecast_offshore_wind_generation,Wind Offshore,2026-07-11T19:30:56Z
2026-07-11T19:29:37Z,2026-07-11T21:29:37+0200,1d83aeba-7d53-466c-9cd8-cde3940d84cc,2026-06-22T19:00:00Z,2026-06-22T21:00:00+0200,587.87,MW,FR,FR,forecast_offshore_wind_generation,Wind Offshore,2026-07-11T19:30:56Z
2026-07-11T19:29:37Z,2026-07-11T21:29:37+0200,1d83aeba-7d53-466c-9cd8-cde3940d84cc,2026-06-22T19:15:00Z,2026-06-22T21:15:00+0200,584.31,MW,FR,FR,forecast_offshore_wind_generation,Wind Offshore,2026-07-11T19:30:56Z
2026-07-11T19:29:37Z,2026-07-11T21:29:37+0200,1d83aeba-7d53-466c-9cd8-cde3940d84cc,2026-06-22T19:30:00Z,2026-06-22T21:30:00+0200,580.76996,MW,FR,FR,forecast_offshore_wind_generation,Wind Offshore,2026-07-11T19:30:56Z
2026-07-11T19:29:37Z,2026-07-11T21:29:37+0200,1d83aeba-7d53-466c-9cd8-cde3940d84cc,2026-06-22T19:45:00Z,2026-06-22T21:45:00+0200,577.19995,MW,FR,FR,forecast_offshore_wind_generation,Wind Offshore,2026-07-11T19:30:56Z
2026-07-11T19:29:37Z,2026-07-11T21:29:37+0200,1d83aeba-7d53-466c-9cd8-cde3940d84cc,2026-06-22T20:00:00Z,2026-06-22T22:00:00+0200,573.64001,MW,FR,FR,forecast_offshore_wind_generation,Wind Offshore,2026-07-11T19:30:56Z
2026-07-11T19:29:37Z,2026-07-11T21:29:37+0200,1d83aeba-7d53-466c-9cd8-cde3940d84cc,2026-06-22T20:15:00Z,2026-06-22T22:15:00+0200,571.73004,MW,FR,FR,forecast_offshore_wind_generation,Wind Offshore,2026-07-11T19:30:56Z
2026-07-11T19:29:37Z,2026-07-11T21:29:37+0200,1d83aeba-7d53-466c-9cd8-cde3940d84cc,2026-06-22T20:30:00Z,2026-06-22T22:30:00+0200,569.82001,MW,FR,FR,forecast_offshore_wind_generation,Wind Offshore,2026-07-11T19:30:56Z
2026-07-11T19:29:37Z,2026-07-11T21:29:37+0200,1d83aeba-7d53-466c-9cd8-cde3940d84cc,2026-06-22T20:45:00Z,2026-06-22T22:45:00+0200,567.87,MW,FR,FR,forecast_offshore_wind_generation,Wind Offshore,2026-07-11T19:30:56Z
2026-07-11T19:29:37Z,2026-07-11T21:29:37+0200,1d83aeba-7d53-466c-9cd8-cde3940d84cc,2026-06-22T21:00:00Z,2026-06-22T23:00:00+0200,565.94,MW,FR,FR,forecast_offshore_wind_generation,Wind Offshore,2026-07-11T19:30:56Z
2026-07-11T19:29:37Z,2026-07-11T21:29:37+0200,1d83aeba-7d53-466c-9cd8-cde3940d84cc,2026-06-22T21:15:00Z,2026-06-22T23:15:00+0200,547.79999,MW,FR,FR,forecast_offshore_wind_generation,Wind Offshore,2026-07-11T19:30:56Z
2026-07-11T19:29:37Z,2026-07-11T21:29:37+0200,1d83aeba-7d53-466c-9cd8-cde3940d84cc,2026-06-22T21:30:00Z,2026-06-22T23:30:00+0200,529.66003,MW,FR,FR,forecast_offshore_wind_generation,Wind Offshore,2026-07-11T19:30:56Z
2026-07-11T19:29:37Z,2026-07-11T21:29:37+0200,1d83aeba-7d53-466c-9cd8-cde3940d84cc,2026-06-22T21:45:00Z,2026-06-22T23:45:00+0200,511.50003,MW,FR,FR,forecast_offshore_wind_generation,Wind Offshore,2026-07-11T19:30:56Z
2026-07-11T19:29:37Z,2026-07-11T21:29:37+0200,1d83aeba-7d53-466c-9cd8-cde3940d84cc,2026-06-22T22:00:00Z,2026-06-23T00:00:00+0200,417.01001,MW,FR,FR,forecast_offshore_wind_generation,Wind Offshore,2026-07-11T19:30:56Z
2026-07-11T19:29:37Z,2026-07-11T21:29:37+0200,1d83aeba-7d53-466c-9cd8-cde3940d84cc,2026-06-22T22:15:00Z,2026-06-23T00:15:00+0200,396.42999,MW,FR,FR,forecast_offshore_wind_generation,Wind Offshore,2026-07-11T19:30:56Z
2026-07-11T19:29:37Z,2026-07-11T21:29:37+0200,1d83aeba-7d53-466c-9cd8-cde3940d84cc,2026-06-22T22:30:00Z,2026-06-23T00:30:00+0200,375.86002,MW,FR,FR,forecast_offshore_wind_generation,Wind Offshore,2026-07-11T19:30:56Z
2026-07-11T19:29:37Z,2026-07-11T21:29:37+0200,1d83aeba-7d53-466c-9cd8-cde3940d84cc,2026-06-22T22:45:00Z,2026-06-23T00:45:00+0200,355.06,MW,FR,FR,forecast_offshore_wind_generation,Wind Offshore,2026-07-11T19:30:56Z
2026-07-11T19:29:37Z,2026-07-11T21:29:37+0200,1d83aeba-7d53-466c-9cd8-cde3940d84cc,2026-06-22T23:00:00Z,2026-06-23T01:00:00+0200,334.27002,MW,FR,FR,forecast_offshore_wind_generation,Wind Offshore,2026-07-11T19:30:56Z
2026-07-11T19:29:37Z,2026-07-11T21:29:37+0200,1d83aeba-7d53-466c-9cd8-cde3940d84cc,2026-06-22T23:15:00Z,2026-06-23T01:15:00+0200,320.03,MW,FR,FR,forecast_offshore_wind_generation,Wind Offshore,2026-07-11T19:30:56Z
2026-07-11T19:29:37Z,2026-07-11T21:29:37+0200,1d83aeba-7d53-466c-9cd8-cde3940d84cc,2026-06-22T23:30:00Z,2026-06-23T01:30:00+0200,306.23999,MW,FR,FR,forecast_offshore_wind_generation,Wind Offshore,2026-07-11T19:30:56Z
2026-07-11T19:29:37Z,2026-07-11T21:29:37+0200,1d83aeba-7d53-466c-9cd8-cde3940d84cc,2026-06-22T23:45:00Z,2026-06-23T01:45:00+0200,293.10999,MW,FR,FR,forecast_offshore_wind_generation,Wind Offshore,2026-07-11T19:30:56Z
2026-07-11T19:29:37Z,2026-07-11T21:29:37+0200,1d83aeba-7d53-466c-9cd8-cde3940d84cc,2026-06-23T00:00:00Z,2026-06-23T02:00:00+0200,280.0,MW,FR,FR,forecast_offshore_wind_generation,Wind Offshore,2026-07-11T19:30:56Z
2026-07-11T19:29:37Z,2026-07-11T21:29:37+0200,1d83aeba-7d53-466c-9cd8-cde3940d84cc,2026-06-23T00:15:00Z,2026-06-23T02:15:00+0200,266.79999,MW,FR,FR,forecast_offshore_wind_generation,Wind Offshore,2026-07-11T19:30:56Z
2026-07-11T19:29:37Z,2026-07-11T21:29:37+0200,1d83aeba-7d53-466c-9cd8-cde3940d84cc,2026-06-23T00:30:00Z,2026-06-23T02:30:00+0200,254.00999,MW,FR,FR,forecast_offshore_wind_generation,Wind Offshore,2026-07-11T19:30:56Z
2026-07-11T19:29:37Z,2026-07-11T21:29:37+0200,1d83aeba-7d53-466c-9cd8-cde3940d84cc,2026-06-23T00:45:00Z,2026-06-23T02:45:00+0200,242.42999,MW,FR,FR,forecast_offshore_wind_generation,Wind Offshore,2026-07-11T19:30:56Z
2026-07-11T19:29:37Z,2026-07-11T21:29:37+0200,1d83aeba-7d53-466c-9cd8-cde3940d84cc,2026-06-23T01:00:00Z,2026-06-23T03:00:00+0200,230.87,MW,FR,FR,forecast_offshore_wind_generation,Wind Offshore,2026-07-11T19:30:56Z
2026-07-11T19:29:37Z,2026-07-11T21:29:37+0200,1d83aeba-7d53-466c-9cd8-cde3940d84cc,2026-06-23T01:15:00Z,2026-06-23T03:15:00+0200,223.81001,MW,FR,FR,forecast_offshore_wind_generation,Wind Offshore,2026-07-11T19:30:56Z
2026-07-11T19:29:37Z,2026-07-11T21:29:37+0200,1d83aeba-7d53-466c-9cd8-cde3940d84cc,2026-06-23T01:30:00Z,2026-06-23T03:30:00+0200,216.73999,MW,FR,FR,forecast_offshore_wind_generation,Wind Offshore,2026-07-11T19:30:56Z
2026-07-11T19:29:37Z,2026-07-11T21:29:37+0200,1d83aeba-7d53-466c-9cd8-cde3940d84cc,2026-06-23T01:45:00Z,2026-06-23T03:45:00+0200,209.67999,MW,FR,FR,forecast_offshore_wind_generation,Wind Offshore,2026-07-11T19:30:56Z
2026-07-11T19:29:37Z,2026-07-11T21:29:37+0200,1d83aeba-7d53-466c-9cd8-cde3940d84cc,2026-06-23T02:00:00Z,2026-06-23T04:00:00+0200,202.62001,MW,FR,FR,forecast_offshore_wind_generation,Wind Offshore,2026-07-11T19:30:56Z
2026-07-11T19:29:37Z,2026-07-11T21:29:37+0200,1d83aeba-7d53-466c-9cd8-cde3940d84cc,2026-06-23T02:15:00Z,2026-06-23T04:15:00+0200,210.37,MW,FR,FR,forecast_offshore_wind_generation,Wind Offshore,2026-07-11T19:30:56Z
2026-07-11T19:29:37Z,2026-07-11T21:29:37+0200,1d83aeba-7d53-466c-9cd8-cde3940d84cc,2026-06-23T02:30:00Z,2026-06-23T04:30:00+0200,218.14999,MW,FR,FR,forecast_offshore_wind_generation,Wind Offshore,2026-07-11T19:30:56Z
2026-07-11T19:29:37Z,2026-07-11T21:29:37+0200,1d83aeba-7d53-466c-9cd8-cde3940d84cc,2026-06-23T02:45:00Z,2026-06-23T04:45:00+0200,225.89999,MW,FR,FR,forecast_offshore_wind_generation,Wind Offshore,2026-07-11T19:30:56Z
2026-07-11T19:29:37Z,2026-07-11T21:29:37+0200,1d83aeba-7d53-466c-9cd8-cde3940d84cc,2026-06-23T03:00:00Z,2026-06-23T05:00:00+0200,233.64001,MW,FR,FR,forecast_offshore_wind_generation,Wind Offshore,2026-07-11T19:30:56Z
2026-07-11T19:29:37Z,2026-07-11T21:29:37+0200,1d83aeba-7d53-466c-9cd8-cde3940d84cc,2026-06-23T03:15:00Z,2026-06-23T05:15:00+0200,244.58,MW,FR,FR,forecast_offshore_wind_generation,Wind Offshore,2026-07-11T19:30:56Z
2026-07-11T19:29:37Z,2026-07-11T21:29:37+0200,1d83aeba-7d53-466c-9cd8-cde3940d84cc,2026-06-23T03:30:00Z,2026-06-23T05:30:00+0200,255.51999,MW,FR,FR,forecast_offshore_wind_generation,Wind Offshore,2026-07-11T19:30:56Z
2026-07-11T19:29:37Z,2026-07-11T21:29:37+0200,1d83aeba-7d53-466c-9cd8-cde3940d84cc,2026-06-23T03:45:00Z,2026-06-23T05:45:00+0200,266.39001,MW,FR,FR,forecast_offshore_wind_generation,Wind Offshore,2026-07-11T19:30:56Z
2026-07-11T19:29:37Z,2026-07-11T21:29:37+0200,1d83aeba-7d53-466c-9cd8-cde3940d84cc,2026-06-23T04:00:00Z,2026-06-23T06:00:00+0200,277.26001,MW,FR,FR,forecast_offshore_wind_generation,Wind Offshore,2026-07-11T19:30:56Z
2026-07-11T19:29:37Z,2026-07-11T21:29:37+0200,1d83aeba-7d53-466c-9cd8-cde3940d84cc,2026-06-23T04:15:00Z,2026-06-23T06:15:00+0200,292.29999,MW,FR,FR,forecast_offshore_wind_generation,Wind Offshore,2026-07-11T19:30:56Z
2026-07-11T19:29:37Z,2026-07-11T21:29:37+0200,1d83aeba-7d53-466c-9cd8-cde3940d84cc,2026-06-23T04:30:00Z,2026-06-23T06:30:00+0200,307.35001,MW,FR,FR,forecast_offshore_wind_generation,Wind Offshore,2026-07-11T19:30:56Z
2026-07-11T19:29:37Z,2026-07-11T21:29:37+0200,1d83aeba-7d53-466c-9cd8-cde3940d84cc,2026-06-23T04:45:00Z,2026-06-23T06:45:00+0200,322.33002,MW,FR,FR,forecast_offshore_wind_generation,Wind Offshore,2026-07-11T19:30:56Z
2026-07-11T19:29:37Z,2026-07-11T21:29:37+0200,1d83aeba-7d53-466c-9cd8-cde3940d84cc,2026-06-23T05:00:00Z,2026-06-23T07:00:00+0200,337.29999,MW,FR,FR,forecast_offshore_wind_generation,Wind Offshore,2026-07-11T19:30:56Z
2026-07-11T19:29:37Z,2026-07-11T21:29:37+0200,1d83aeba-7d53-466c-9cd8-cde3940d84cc,2026-06-23T05:15:00Z,2026-06-23T07:15:00+0200,329.64001,MW,FR,FR,forecast_offshore_wind_generation,Wind Offshore,2026-07-11T19:30:56Z
2026-07-11T19:29:37Z,2026-07-11T21:29:37+0200,1d83aeba-7d53-466c-9cd8-cde3940d84cc,2026-06-23T05:30:00Z,2026-06-23T07:30:00+0200,321.97,MW,FR,FR,forecast_offshore_wind_generation,Wind Offshore,2026-07-11T19:30:56Z
2026-07-11T19:29:37Z,2026-07-11T21:29:37+0200,1d83aeba-7d53-466c-9cd8-cde3940d84cc,2026-06-23T05:45:00Z,2026-06-23T07:45:00+0200,314.23999,MW,FR,FR,forecast_offshore_wind_generation,Wind Offshore,2026-07-11T19:30:56Z
2026-07-11T19:29:37Z,2026-07-11T21:29:37+0200,1d83aeba-7d53-466c-9cd8-cde3940d84cc,2026-06-23T06:00:00Z,2026-06-23T08:00:00+0200,306.51001,MW,FR,FR,forecast_offshore_wind_generation,Wind Offshore,2026-07-11T19:30:56Z
2026-07-11T19:29:37Z,2026-07-11T21:29:37+0200,1d83aeba-7d53-466c-9cd8-cde3940d84cc,2026-06-23T06:15:00Z,2026-06-23T08:15:00+0200,293.46002,MW,FR,FR,forecast_offshore_wind_generation,Wind Offshore,2026-07-11T19:30:56Z
2026-07-11T19:29:37Z,2026-07-11T21:29:37+0200,1d83aeba-7d53-466c-9cd8-cde3940d84cc,2026-06-23T06:30:00Z,2026-06-23T08:30:00+0200,280.38998,MW,FR,FR,forecast_offshore_wind_generation,Wind Offshore,2026-07-11T19:30:56Z
2026-07-11T19:29:37Z,2026-07-11T21:29:37+0200,1d83aeba-7d53-466c-9cd8-cde3940d84cc,2026-06-23T06:45:00Z,2026-06-23T08:45:00+0200,267.29999,MW,FR,FR,forecast_offshore_wind_generation,Wind Offshore,2026-07-11T19:30:56Z
2026-07-11T19:29:37Z,2026-07-11T21:29:37+0200,1d83aeba-7d53-466c-9cd8-cde3940d84cc,2026-06-23T07:00:00Z,2026-06-23T09:00:00+0200,254.19,MW,FR,FR,forecast_offshore_wind_generation,Wind Offshore,2026-07-11T19:30:56Z
2026-07-11T19:29:37Z,2026-07-11T21:29:37+0200,1d83aeba-7d53-466c-9cd8-cde3940d84cc,2026-06-23T07:15:00Z,2026-06-23T09:15:00+0200,262.76999,MW,FR,FR,forecast_offshore_wind_generation,Wind Offshore,2026-07-11T19:30:56Z
2026-07-11T19:29:37Z,2026-07-11T21:29:37+0200,1d83aeba-7d53-466c-9cd8-cde3940d84cc,2026-06-23T07:30:00Z,2026-06-23T09:30:00+0200,271.34,MW,FR,FR,forecast_offshore_wind_generation,Wind Offshore,2026-07-11T19:30:56Z
2026-07-11T19:29:37Z,2026-07-11T21:29:37+0200,1d83aeba-7d53-466c-9cd8-cde3940d84cc,2026-06-23T07:45:00Z,2026-06-23T09:45:00+0200,279.87003,MW,FR,FR,forecast_offshore_wind_generation,Wind Offshore,2026-07-11T19:30:56Z
2026-07-11T19:29:37Z,2026-07-11T21:29:37+0200,1d83aeba-7d53-466c-9cd8-cde3940d84cc,2026-06-23T08:00:00Z,2026-06-23T10:00:00+0200,288.42999,MW,FR,FR,forecast_offshore_wind_generation,Wind Offshore,2026-07-11T19:30:56Z
2026-07-11T19:29:37Z,2026-07-11T21:29:37+0200,1d83aeba-7d53-466c-9cd8-cde3940d84cc,2026-06-23T08:15:00Z,2026-06-23T10:15:00+0200,280.53,MW,FR,FR,forecast_offshore_wind_generation,Wind Offshore,2026-07-11T19:30:56Z
2026-07-11T19:29:37Z,2026-07-11T21:29:37+0200,1d83aeba-7d53-466c-9cd8-cde3940d84cc,2026-06-23T08:30:00Z,2026-06-23T10:30:00+0200,272.63,MW,FR,FR,forecast_offshore_wind_generation,Wind Offshore,2026-07-11T19:30:56Z
2026-07-11T19:29:37Z,2026-07-11T21:29:37+0200,1d83aeba-7d53-466c-9cd8-cde3940d84cc,2026-06-23T08:45:00Z,2026-06-23T10:45:00+0200,264.73001,MW,FR,FR,forecast_offshore_wind_generation,Wind Offshore,2026-07-11T19:30:56Z
2026-07-11T19:29:37Z,2026-07-11T21:29:37+0200,1d83aeba-7d53-466c-9cd8-cde3940d84cc,2026-06-23T09:00:00Z,2026-06-23T11:00:00+0200,256.83002,MW,FR,FR,forecast_offshore_wind_generation,Wind Offshore,2026-07-11T19:30:56Z
2026-07-11T19:29:37Z,2026-07-11T21:29:37+0200,1d83aeba-7d53-466c-9cd8-cde3940d84cc,2026-06-23T09:15:00Z,2026-06-23T11:15:00+0200,251.69,MW,FR,FR,forecast_offshore_wind_generation,Wind Offshore,2026-07-11T19:30:56Z
2026-07-11T19:29:37Z,2026-07-11T21:29:37+0200,1d83aeba-7d53-466c-9cd8-cde3940d84cc,2026-06-23T09:30:00Z,2026-06-23T11:30:00+0200,246.55,MW,FR,FR,forecast_offshore_wind_generation,Wind Offshore,2026-07-11T19:30:56Z
2026-07-11T19:29:37Z,2026-07-11T21:29:37+0200,1d83aeba-7d53-466c-9cd8-cde3940d84cc,2026-06-23T09:45:00Z,2026-06-23T11:45:00+0200,241.40999,MW,FR,FR,forecast_offshore_wind_generation,Wind Offshore,2026-07-11T19:30:56Z
2026-07-11T19:29:37Z,2026-07-11T21:29:37+0200,1d83aeba-7d53-466c-9cd8-cde3940d84cc,2026-06-23T10:00:00Z,2026-06-23T12:00:00+0200,236.27,MW,FR,FR,forecast_offshore_wind_generation,Wind Offshore,2026-07-11T19:30:56Z
2026-07-11T19:29:37Z,2026-07-11T21:29:37+0200,1d83aeba-7d53-466c-9cd8-cde3940d84cc,2026-06-23T10:15:00Z,2026-06-23T12:15:00+0200,232.14999,MW,FR,FR,forecast_offshore_wind_generation,Wind Offshore,2026-07-11T19:30:56Z
2026-07-11T19:29:37Z,2026-07-11T21:29:37+0200,1d83aeba-7d53-466c-9cd8-cde3940d84cc,2026-06-23T10:30:00Z,2026-06-23T12:30:00+0200,228.01999,MW,FR,FR,forecast_offshore_wind_generation,Wind Offshore,2026-07-11T19:30:56Z
2026-07-11T19:29:37Z,2026-07-11T21:29:37+0200,1d83aeba-7d53-466c-9cd8-cde3940d84cc,2026-06-23T10:45:00Z,2026-06-23T12:45:00+0200,223.91998,MW,FR,FR,forecast_offshore_wind_generation,Wind Offshore,2026-07-11T19:30:56Z
2026-07-11T19:29:37Z,2026-07-11T21:29:37+0200,1d83aeba-7d53-466c-9cd8-cde3940d84cc,2026-06-23T11:00:00Z,2026-06-23T13:00:00+0200,219.81001,MW,FR,FR,forecast_offshore_wind_generation,Wind Offshore,2026-07-11T19:30:56Z
2026-07-11T19:29:37Z,2026-07-11T21:29:37+0200,1d83aeba-7d53-466c-9cd8-cde3940d84cc,2026-06-23T11:15:00Z,2026-06-23T13:15:00+0200,211.31999,MW,FR,FR,forecast_offshore_wind_generation,Wind Offshore,2026-07-11T19:30:56Z
2026-07-11T19:29:37Z,2026-07-11T21:29:37+0200,1d83aeba-7d53-466c-9cd8-cde3940d84cc,2026-06-23T11:30:00Z,2026-06-23T13:30:00+0200,202.83,MW,FR,FR,forecast_offshore_wind_generation,Wind Offshore,2026-07-11T19:30:56Z
2026-07-11T19:29:37Z,2026-07-11T21:29:37+0200,1d83aeba-7d53-466c-9cd8-cde3940d84cc,2026-06-23T11:45:00Z,2026-06-23T13:45:00+0200,194.33002,MW,FR,FR,forecast_offshore_wind_generation,Wind Offshore,2026-07-11T19:30:56Z
2026-07-11T19:29:37Z,2026-07-11T21:29:37+0200,1d83aeba-7d53-466c-9cd8-cde3940d84cc,2026-06-23T12:00:00Z,2026-06-23T14:00:00+0200,185.83,MW,FR,FR,forecast_offshore_wind_generation,Wind Offshore,2026-07-11T19:30:56Z
2026-07-11T19:29:37Z,2026-07-11T21:29:37+0200,1d83aeba-7d53-466c-9cd8-cde3940d84cc,2026-06-23T12:15:00Z,2026-06-23T14:15:00+0200,176.88998,MW,FR,FR,forecast_offshore_wind_generation,Wind Offshore,2026-07-11T19:30:56Z
2026-07-11T19:29:37Z,2026-07-11T21:29:37+0200,1d83aeba-7d53-466c-9cd8-cde3940d84cc,2026-06-23T12:30:00Z,2026-06-23T14:30:00+0200,167.95,MW,FR,FR,forecast_offshore_wind_generation,Wind Offshore,2026-07-11T19:30:56Z
2026-07-11T19:29:37Z,2026-07-11T21:29:37+0200,1d83aeba-7d53-466c-9cd8-cde3940d84cc,2026-06-23T12:45:00Z,2026-06-23T14:45:00+0200,159.03,MW,FR,FR,forecast_offshore_wind_generation,Wind Offshore,2026-07-11T19:30:56Z
2026-07-11T19:29:37Z,2026-07-11T21:29:37+0200,1d83aeba-7d53-466c-9cd8-cde3940d84cc,2026-06-23T13:00:00Z,2026-06-23T15:00:00+0200,150.10001,MW,FR,FR,forecast_offshore_wind_generation,Wind Offshore,2026-07-11T19:30:56Z
2026-07-11T19:29:37Z,2026-07-11T21:29:37+0200,1d83aeba-7d53-466c-9cd8-cde3940d84cc,2026-06-23T13:15:00Z,2026-06-23T15:15:00+0200,145.37,MW,FR,FR,forecast_offshore_wind_generation,Wind Offshore,2026-07-11T19:30:56Z
2026-07-11T19:29:37Z,2026-07-11T21:29:37+0200,1d83aeba-7d53-466c-9cd8-cde3940d84cc,2026-06-23T13:30:00Z,2026-06-23T15:30:00+0200,140.66998,MW,FR,FR,forecast_offshore_wind_generation,Wind Offshore,2026-07-11T19:30:56Z
2026-07-11T19:29:37Z,2026-07-11T21:29:37+0200,1d83aeba-7d53-466c-9cd8-cde3940d84cc,2026-06-23T13:45:00Z,2026-06-23T15:45:00+0200,135.98,MW,FR,FR,forecast_offshore_wind_generation,Wind Offshore,2026-07-11T19:30:56Z
2026-07-11T19:29:37Z,2026-07-11T21:29:37+0200,1d83aeba-7d53-466c-9cd8-cde3940d84cc,2026-06-23T14:00:00Z,2026-06-23T16:00:00+0200,131.3,MW,FR,FR,forecast_offshore_wind_generation,Wind Offshore,2026-07-11T19:30:56Z
2026-07-11T19:29:37Z,2026-07-11T21:29:37+0200,1d83aeba-7d53-466c-9cd8-cde3940d84cc,2026-06-23T14:15:00Z,2026-06-23T16:15:00+0200,120.55,MW,FR,FR,forecast_offshore_wind_generation,Wind Offshore,2026-07-11T19:30:56Z
2026-07-11T19:29:37Z,2026-07-11T21:29:37+0200,1d83aeba-7d53-466c-9cd8-cde3940d84cc,2026-06-23T14:30:00Z,2026-06-23T16:30:00+0200,109.8,MW,FR,FR,forecast_offshore_wind_generation,Wind Offshore,2026-07-11T19:30:56Z
2026-07-11T19:29:37Z,2026-07-11T21:29:37+0200,1d83aeba-7d53-466c-9cd8-cde3940d84cc,2026-06-23T14:45:00Z,2026-06-23T16:45:00+0200,99.09,MW,FR,FR,forecast_offshore_wind_generation,Wind Offshore,2026-07-11T19:30:56Z
2026-07-11T19:29:37Z,2026-07-11T21:29:37+0200,1d83aeba-7d53-466c-9cd8-cde3940d84cc,2026-06-23T15:00:00Z,2026-06-23T17:00:00+0200,88.38,MW,FR,FR,forecast_offshore_wind_generation,Wind Offshore,2026-07-11T19:30:56Z
2026-07-11T19:29:37Z,2026-07-11T21:29:37+0200,1d83aeba-7d53-466c-9cd8-cde3940d84cc,2026-06-23T15:15:00Z,2026-06-23T17:15:00+0200,79.05,MW,FR,FR,forecast_offshore_wind_generation,Wind Offshore,2026-07-11T19:30:56Z
2026-07-11T19:29:37Z,2026-07-11T21:29:37+0200,1d83aeba-7d53-466c-9cd8-cde3940d84cc,2026-06-23T15:30:00Z,2026-06-23T17:30:00+0200,69.75,MW,FR,FR,forecast_offshore_wind_generation,Wind Offshore,2026-07-11T19:30:56Z
2026-07-11T19:29:37Z,2026-07-11T21:29:37+0200,1d83aeba-7d53-466c-9cd8-cde3940d84cc,2026-06-23T15:45:00Z,2026-06-23T17:45:00+0200,60.56,MW,FR,FR,forecast_offshore_wind_generation,Wind Offshore,2026-07-11T19:30:56Z
2026-07-11T19:29:37Z,2026-07-11T21:29:37+0200,1d83aeba-7d53-466c-9cd8-cde3940d84cc,2026-06-23T16:00:00Z,2026-06-23T18:00:00+0200,52.09,MW,FR,FR,forecast_offshore_wind_generation,Wind Offshore,2026-07-11T19:30:56Z
2026-07-11T19:29:37Z,2026-07-11T21:29:37+0200,1d83aeba-7d53-466c-9cd8-cde3940d84cc,2026-06-23T16:15:00Z,2026-06-23T18:15:00+0200,52.46,MW,FR,FR,forecast_offshore_wind_generation,Wind Offshore,2026-07-11T19:30:56Z
2026-07-11T19:29:37Z,2026-07-11T21:29:37+0200,1d83aeba-7d53-466c-9cd8-cde3940d84cc,2026-06-23T16:30:00Z,2026-06-23T18:30:00+0200,53.7,MW,FR,FR,forecast_offshore_wind_generation,Wind Offshore,2026-07-11T19:30:56Z
2026-07-11T19:29:37Z,2026-07-11T21:29:37+0200,1d83aeba-7d53-466c-9cd8-cde3940d84cc,2026-06-23T16:45:00Z,2026-06-23T18:45:00+0200,55.02,MW,FR,FR,forecast_offshore_wind_generation,Wind Offshore,2026-07-11T19:30:56Z
2026-07-11T19:29:37Z,2026-07-11T21:29:37+0200,1d83aeba-7d53-466c-9cd8-cde3940d84cc,2026-06-23T17:00:00Z,2026-06-23T19:00:00+0200,56.31001,MW,FR,FR,forecast_offshore_wind_generation,Wind Offshore,2026-07-11T19:30:56Z
2026-07-11T19:29:37Z,2026-07-11T21:29:37+0200,1d83aeba-7d53-466c-9cd8-cde3940d84cc,2026-06-23T17:15:00Z,2026-06-23T19:15:00+0200,62.78,MW,FR,FR,forecast_offshore_wind_generation,Wind Offshore,2026-07-11T19:30:56Z
2026-07-11T19:29:37Z,2026-07-11T21:29:37+0200,1d83aeba-7d53-466c-9cd8-cde3940d84cc,2026-06-23T17:30:00Z,2026-06-23T19:30:00+0200,69.26,MW,FR,FR,forecast_offshore_wind_generation,Wind Offshore,2026-07-11T19:30:56Z
2026-07-11T19:29:37Z,2026-07-11T21:29:37+0200,1d83aeba-7d53-466c-9cd8-cde3940d84cc,2026-06-23T17:45:00Z,2026-06-23T19:45:00+0200,75.76,MW,FR,FR,forecast_offshore_wind_generation,Wind Offshore,2026-07-11T19:30:56Z
2026-07-11T19:29:37Z,2026-07-11T21:29:37+0200,1d83aeba-7d53-466c-9cd8-cde3940d84cc,2026-06-23T18:00:00Z,2026-06-23T20:00:00+0200,82.27,MW,FR,FR,forecast_offshore_wind_generation,Wind Offshore,2026-07-11T19:30:56Z
2026-07-11T19:29:37Z,2026-07-11T21:29:37+0200,1d83aeba-7d53-466c-9cd8-cde3940d84cc,2026-06-23T18:15:00Z,2026-06-23T20:15:00+0200,85.62,MW,FR,FR,forecast_offshore_wind_generation,Wind Offshore,2026-07-11T19:30:56Z
2026-07-11T19:29:37Z,2026-07-11T21:29:37+0200,1d83aeba-7d53-466c-9cd8-cde3940d84cc,2026-06-23T18:30:00Z,2026-06-23T20:30:00+0200,88.96,MW,FR,FR,forecast_offshore_wind_generation,Wind Offshore,2026-07-11T19:30:56Z
2026-07-11T19:29:37Z,2026-07-11T21:29:37+0200,1d83aeba-7d53-466c-9cd8-cde3940d84cc,2026-06-23T18:45:00Z,2026-06-23T20:45:00+0200,92.29,MW,FR,FR,forecast_offshore_wind_generation,Wind Offshore,2026-07-11T19:30:56Z
2026-07-11T19:29:37Z,2026-07-11T21:29:37+0200,1d83aeba-7d53-466c-9cd8-cde3940d84cc,2026-06-23T19:00:00Z,2026-06-23T21:00:00+0200,95.62,MW,FR,FR,forecast_offshore_wind_generation,Wind Offshore,2026-07-11T19:30:56Z
2026-07-11T19:29:37Z,2026-07-11T21:29:37+0200,1d83aeba-7d53-466c-9cd8-cde3940d84cc,2026-06-23T19:15:00Z,2026-06-23T21:15:00+0200,97.17999,MW,FR,FR,forecast_offshore_wind_generation,Wind Offshore,2026-07-11T19:30:56Z
2026-07-11T19:29:37Z,2026-07-11T21:29:37+0200,1d83aeba-7d53-466c-9cd8-cde3940d84cc,2026-06-23T19:30:00Z,2026-06-23T21:30:00+0200,98.75,MW,FR,FR,forecast_offshore_wind_generation,Wind Offshore,2026-07-11T19:30:56Z
2026-07-11T19:29:37Z,2026-07-11T21:29:37+0200,1d83aeba-7d53-466c-9cd8-cde3940d84cc,2026-06-23T19:45:00Z,2026-06-23T21:45:00+0200,100.29,MW,FR,FR,forecast_offshore_wind_generation,Wind Offshore,2026-07-11T19:30:56Z
2026-07-11T19:29:37Z,2026-07-11T21:29:37+0200,1d83aeba-7d53-466c-9cd8-cde3940d84cc,2026-06-23T20:00:00Z,2026-06-23T22:00:00+0200,101.82999,MW,FR,FR,forecast_offshore_wind_generation,Wind Offshore,2026-07-11T19:30:56Z
2026-07-11T19:29:37Z,2026-07-11T21:29:37+0200,1d83aeba-7d53-466c-9cd8-cde3940d84cc,2026-06-23T20:15:00Z,2026-06-23T22:15:00+0200,108.04,MW,FR,FR,forecast_offshore_wind_generation,Wind Offshore,2026-07-11T19:30:56Z
2026-07-11T19:29:37Z,2026-07-11T21:29:37+0200,1d83aeba-7d53-466c-9cd8-cde3940d84cc,2026-06-23T20:30:00Z,2026-06-23T22:30:00+0200,114.28001,MW,FR,FR,forecast_offshore_wind_generation,Wind Offshore,2026-07-11T19:30:56Z
2026-07-11T19:29:37Z,2026-07-11T21:29:37+0200,1d83aeba-7d53-466c-9cd8-cde3940d84cc,2026-06-23T20:45:00Z,2026-06-23T22:45:00+0200,120.47,MW,FR,FR,forecast_offshore_wind_generation,Wind Offshore,2026-07-11T19:30:56Z
2026-07-11T19:29:37Z,2026-07-11T21:29:37+0200,1d83aeba-7d53-466c-9cd8-cde3940d84cc,2026-06-23T21:00:00Z,2026-06-23T23:00:00+0200,126.66,MW,FR,FR,forecast_offshore_wind_generation,Wind Offshore,2026-07-11T19:30:56Z
2026-07-11T19:29:37Z,2026-07-11T21:29:37+0200,1d83aeba-7d53-466c-9cd8-cde3940d84cc,2026-06-23T21:15:00Z,2026-06-23T23:15:00+0200,130.67,MW,FR,FR,forecast_offshore_wind_generation,Wind Offshore,2026-07-11T19:30:56Z
2026-07-11T19:29:37Z,2026-07-11T21:29:37+0200,1d83aeba-7d53-466c-9cd8-cde3940d84cc,2026-06-23T21:30:00Z,2026-06-23T23:30:00+0200,134.69,MW,FR,FR,forecast_offshore_wind_generation,Wind Offshore,2026-07-11T19:30:56Z
2026-07-11T19:29:37Z,2026-07-11T21:29:37+0200,1d83aeba-7d53-466c-9cd8-cde3940d84cc,2026-06-23T21:45:00Z,2026-06-23T23:45:00+0200,138.69,MW,FR,FR,forecast_offshore_wind_generation,Wind Offshore,2026-07-11T19:30:56Z
2026-07-11T19:29:37Z,2026-07-11T21:29:37+0200,1d83aeba-7d53-466c-9cd8-cde3940d84cc,2026-06-23T22:00:00Z,2026-06-24T00:00:00+0200,371.14001,MW,FR,FR,forecast_offshore_wind_generation,Wind Offshore,2026-07-11T19:30:56Z
2026-07-11T19:29:37Z,2026-07-11T21:29:37+0200,1d83aeba-7d53-466c-9cd8-cde3940d84cc,2026-06-23T22:15:00Z,2026-06-24T00:15:00+0200,376.52002,MW,FR,FR,forecast_offshore_wind_generation,Wind Offshore,2026-07-11T19:30:56Z
2026-07-11T19:29:37Z,2026-07-11T21:29:37+0200,1d83aeba-7d53-466c-9cd8-cde3940d84cc,2026-06-23T22:30:00Z,2026-06-24T00:30:00+0200,381.87997,MW,FR,FR,forecast_offshore_wind_generation,Wind Offshore,2026-07-11T19:30:56Z
2026-07-11T19:29:37Z,2026-07-11T21:29:37+0200,1d83aeba-7d53-466c-9cd8-cde3940d84cc,2026-06-23T22:45:00Z,2026-06-24T00:45:00+0200,387.33002,MW,FR,FR,forecast_offshore_wind_generation,Wind Offshore,2026-07-11T19:30:56Z
2026-07-11T19:29:37Z,2026-07-11T21:29:37+0200,1d83aeba-7d53-466c-9cd8-cde3940d84cc,2026-06-23T23:00:00Z,2026-06-24T01:00:00+0200,392.78,MW,FR,FR,forecast_offshore_wind_generation,Wind Offshore,2026-07-11T19:30:56Z
2026-07-11T19:29:37Z,2026-07-11T21:29:37+0200,1d83aeba-7d53-466c-9cd8-cde3940d84cc,2026-06-23T23:15:00Z,2026-06-24T01:15:00+0200,392.0,MW,FR,FR,forecast_offshore_wind_generation,Wind Offshore,2026-07-11T19:30:56Z
2026-07-11T19:29:37Z,2026-07-11T21:29:37+0200,1d83aeba-7d53-466c-9cd8-cde3940d84cc,2026-06-23T23:30:00Z,2026-06-24T01:30:00+0200,391.20004,MW,FR,FR,forecast_offshore_wind_generation,Wind Offshore,2026-07-11T19:30:56Z
2026-07-11T19:29:37Z,2026-07-11T21:29:37+0200,1d83aeba-7d53-466c-9cd8-cde3940d84cc,2026-06-23T23:45:00Z,2026-06-24T01:45:00+0200,390.45999,MW,FR,FR,forecast_offshore_wind_generation,Wind Offshore,2026-07-11T19:30:56Z
2026-07-11T19:29:37Z,2026-07-11T21:29:37+0200,1d83aeba-7d53-466c-9cd8-cde3940d84cc,2026-06-24T00:00:00Z,2026-06-24T02:00:00+0200,389.69,MW,FR,FR,forecast_offshore_wind_generation,Wind Offshore,2026-07-11T19:30:56Z
2026-07-11T19:29:37Z,2026-07-11T21:29:37+0200,1d83aeba-7d53-466c-9cd8-cde3940d84cc,2026-06-24T00:15:00Z,2026-06-24T02:15:00+0200,375.66,MW,FR,FR,forecast_offshore_wind_generation,Wind Offshore,2026-07-11T19:30:56Z
2026-07-11T19:29:37Z,2026-07-11T21:29:37+0200,1d83aeba-7d53-466c-9cd8-cde3940d84cc,2026-06-24T00:30:00Z,2026-06-24T02:30:00+0200,361.62,MW,FR,FR,forecast_offshore_wind_generation,Wind Offshore,2026-07-11T19:30:56Z
2026-07-11T19:29:37Z,2026-07-11T21:29:37+0200,1d83aeba-7d53-466c-9cd8-cde3940d84cc,2026-06-24T00:45:00Z,2026-06-24T02:45:00+0200,347.59,MW,FR,FR,forecast_offshore_wind_generation,Wind Offshore,2026-07-11T19:30:56Z
2026-07-11T19:29:37Z,2026-07-11T21:29:37+0200,1d83aeba-7d53-466c-9cd8-cde3940d84cc,2026-06-24T01:00:00Z,2026-06-24T03:00:00+0200,333.57001,MW,FR,FR,forecast_offshore_wind_generation,Wind Offshore,2026-07-11T19:30:56Z
2026-07-11T19:29:37Z,2026-07-11T21:29:37+0200,1d83aeba-7d53-466c-9cd8-cde3940d84cc,2026-06-24T01:15:00Z,2026-06-24T03:15:00+0200,333.44998,MW,FR,FR,forecast_offshore_wind_generation,Wind Offshore,2026-07-11T19:30:56Z
2026-07-11T19:29:37Z,2026-07-11T21:29:37+0200,1d83aeba-7d53-466c-9cd8-cde3940d84cc,2026-06-24T01:30:00Z,2026-06-24T03:30:00+0200,333.34998,MW,FR,FR,forecast_offshore_wind_generation,Wind Offshore,2026-07-11T19:30:56Z
2026-07-11T19:29:37Z,2026-07-11T21:29:37+0200,1d83aeba-7d53-466c-9cd8-cde3940d84cc,2026-06-24T01:45:00Z,2026-06-24T03:45:00+0200,333.22998,MW,FR,FR,forecast_offshore_wind_generation,Wind Offshore,2026-07-11T19:30:56Z
2026-07-11T19:29:37Z,2026-07-11T21:29:37+0200,1d83aeba-7d53-466c-9cd8-cde3940d84cc,2026-06-24T02:00:00Z,2026-06-24T04:00:00+0200,333.12,MW,FR,FR,forecast_offshore_wind_generation,Wind Offshore,2026-07-11T19:30:56Z
2026-07-11T19:29:37Z,2026-07-11T21:29:37+0200,1d83aeba-7d53-466c-9cd8-cde3940d84cc,2026-06-24T02:15:00Z,2026-06-24T04:15:00+0200,332.70001,MW,FR,FR,forecast_offshore_wind_generation,Wind Offshore,2026-07-11T19:30:56Z
2026-07-11T19:29:37Z,2026-07-11T21:29:37+0200,1d83aeba-7d53-466c-9cd8-cde3940d84cc,2026-06-24T02:30:00Z,2026-06-24T04:30:00+0200,332.29999,MW,FR,FR,forecast_offshore_wind_generation,Wind Offshore,2026-07-11T19:30:56Z
2026-07-11T19:29:37Z,2026-07-11T21:29:37+0200,1d83aeba-7d53-466c-9cd8-cde3940d84cc,2026-06-24T02:45:00Z,2026-06-24T04:45:00+0200,331.90997,MW,FR,FR,forecast_offshore_wind_generation,Wind Offshore,2026-07-11T19:30:56Z
2026-07-11T19:29:37Z,2026-07-11T21:29:37+0200,1d83aeba-7d53-466c-9cd8-cde3940d84cc,2026-06-24T03:00:00Z,2026-06-24T05:00:00+0200,331.52002,MW,FR,FR,forecast_offshore_wind_generation,Wind Offshore,2026-07-11T19:30:56Z
2026-07-11T19:29:37Z,2026-07-11T21:29:37+0200,1d83aeba-7d53-466c-9cd8-cde3940d84cc,2026-06-24T03:15:00Z,2026-06-24T05:15:00+0200,328.12,MW,FR,FR,forecast_offshore_wind_generation,Wind Offshore,2026-07-11T19:30:56Z
2026-07-11T19:29:37Z,2026-07-11T21:29:37+0200,1d83aeba-7d53-466c-9cd8-cde3940d84cc,2026-06-24T03:30:00Z,2026-06-24T05:30:00+0200,324.73999,MW,FR,FR,forecast_offshore_wind_generation,Wind Offshore,2026-07-11T19:30:56Z
2026-07-11T19:29:37Z,2026-07-11T21:29:37+0200,1d83aeba-7d53-466c-9cd8-cde3940d84cc,2026-06-24T03:45:00Z,2026-06-24T05:45:00+0200,321.38,MW,FR,FR,forecast_offshore_wind_generation,Wind Offshore,2026-07-11T19:30:56Z
2026-07-11T19:29:37Z,2026-07-11T21:29:37+0200,1d83aeba-7d53-466c-9cd8-cde3940d84cc,2026-06-24T04:00:00Z,2026-06-24T06:00:00+0200,318.02002,MW,FR,FR,forecast_offshore_wind_generation,Wind Offshore,2026-07-11T19:30:56Z
2026-07-11T19:29:37Z,2026-07-11T21:29:37+0200,1d83aeba-7d53-466c-9cd8-cde3940d84cc,2026-06-24T04:15:00Z,2026-06-24T06:15:00+0200,302.92999,MW,FR,FR,forecast_offshore_wind_generation,Wind Offshore,2026-07-11T19:30:56Z
2026-07-11T19:29:37Z,2026-07-11T21:29:37+0200,1d83aeba-7d53-466c-9cd8-cde3940d84cc,2026-06-24T04:30:00Z,2026-06-24T06:30:00+0200,287.86002,MW,FR,FR,forecast_offshore_wind_generation,Wind Offshore,2026-07-11T19:30:56Z
2026-07-11T19:29:37Z,2026-07-11T21:29:37+0200,1d83aeba-7d53-466c-9cd8-cde3940d84cc,2026-06-24T04:45:00Z,2026-06-24T06:45:00+0200,272.78998,MW,FR,FR,forecast_offshore_wind_generation,Wind Offshore,2026-07-11T19:30:56Z
2026-07-11T19:29:37Z,2026-07-11T21:29:37+0200,1d83aeba-7d53-466c-9cd8-cde3940d84cc,2026-06-24T05:00:00Z,2026-06-24T07:00:00+0200,257.73001,MW,FR,FR,forecast_offshore_wind_generation,Wind Offshore,2026-07-11T19:30:56Z
2026-07-11T19:29:37Z,2026-07-11T21:29:37+0200,1d83aeba-7d53-466c-9cd8-cde3940d84cc,2026-06-24T05:15:00Z,2026-06-24T07:15:00+0200,249.98999,MW,FR,FR,forecast_offshore_wind_generation,Wind Offshore,2026-07-11T19:30:56Z
2026-07-11T19:29:37Z,2026-07-11T21:29:37+0200,1d83aeba-7d53-466c-9cd8-cde3940d84cc,2026-06-24T05:30:00Z,2026-06-24T07:30:00+0200,242.25,MW,FR,FR,forecast_offshore_wind_generation,Wind Offshore,2026-07-11T19:30:56Z
2026-07-11T19:29:37Z,2026-07-11T21:29:37+0200,1d83aeba-7d53-466c-9cd8-cde3940d84cc,2026-06-24T05:45:00Z,2026-06-24T07:45:00+0200,234.54999,MW,FR,FR,forecast_offshore_wind_generation,Wind Offshore,2026-07-11T19:30:56Z
2026-07-11T19:29:37Z,2026-07-11T21:29:37+0200,1d83aeba-7d53-466c-9cd8-cde3940d84cc,2026-06-24T06:00:00Z,2026-06-24T08:00:00+0200,226.82001,MW,FR,FR,forecast_offshore_wind_generation,Wind Offshore,2026-07-11T19:30:56Z
2026-07-11T19:29:37Z,2026-07-11T21:29:37+0200,1d83aeba-7d53-466c-9cd8-cde3940d84cc,2026-06-24T06:15:00Z,2026-06-24T08:15:00+0200,211.32001,MW,FR,FR,forecast_offshore_wind_generation,Wind Offshore,2026-07-11T19:30:56Z
2026-07-11T19:29:37Z,2026-07-11T21:29:37+0200,1d83aeba-7d53-466c-9cd8-cde3940d84cc,2026-06-24T06:30:00Z,2026-06-24T08:30:00+0200,195.79001,MW,FR,FR,forecast_offshore_wind_generation,Wind Offshore,2026-07-11T19:30:56Z
2026-07-11T19:29:37Z,2026-07-11T21:29:37+0200,1d83aeba-7d53-466c-9cd8-cde3940d84cc,2026-06-24T06:45:00Z,2026-06-24T08:45:00+0200,180.31,MW,FR,FR,forecast_offshore_wind_generation,Wind Offshore,2026-07-11T19:30:56Z
2026-07-11T19:29:37Z,2026-07-11T21:29:37+0200,1d83aeba-7d53-466c-9cd8-cde3940d84cc,2026-06-24T07:00:00Z,2026-06-24T09:00:00+0200,164.81,MW,FR,FR,forecast_offshore_wind_generation,Wind Offshore,2026-07-11T19:30:56Z
2026-07-11T19:29:37Z,2026-07-11T21:29:37+0200,1d83aeba-7d53-466c-9cd8-cde3940d84cc,2026-06-24T07:15:00Z,2026-06-24T09:15:00+0200,155.65999,MW,FR,FR,forecast_offshore_wind_generation,Wind Offshore,2026-07-11T19:30:56Z
2026-07-11T19:29:37Z,2026-07-11T21:29:37+0200,1d83aeba-7d53-466c-9cd8-cde3940d84cc,2026-06-24T07:30:00Z,2026-06-24T09:30:00+0200,146.54001,MW,FR,FR,forecast_offshore_wind_generation,Wind Offshore,2026-07-11T19:30:56Z
2026-07-11T19:29:37Z,2026-07-11T21:29:37+0200,1d83aeba-7d53-466c-9cd8-cde3940d84cc,2026-06-24T07:45:00Z,2026-06-24T09:45:00+0200,137.39999,MW,FR,FR,forecast_offshore_wind_generation,Wind Offshore,2026-07-11T19:30:56Z
2026-07-11T19:29:37Z,2026-07-11T21:29:37+0200,1d83aeba-7d53-466c-9cd8-cde3940d84cc,2026-06-24T08:00:00Z,2026-06-24T10:00:00+0200,128.28,MW,FR,FR,forecast_offshore_wind_generation,Wind Offshore,2026-07-11T19:30:56Z
2026-07-11T19:29:37Z,2026-07-11T21:29:37+0200,1d83aeba-7d53-466c-9cd8-cde3940d84cc,2026-06-24T08:15:00Z,2026-06-24T10:15:00+0200,121.95999,MW,FR,FR,forecast_offshore_wind_generation,Wind Offshore,2026-07-11T19:30:56Z
2026-07-11T19:29:37Z,2026-07-11T21:29:37+0200,1d83aeba-7d53-466c-9cd8-cde3940d84cc,2026-06-24T08:30:00Z,2026-06-24T10:30:00+0200,115.63,MW,FR,FR,forecast_offshore_wind_generation,Wind Offshore,2026-07-11T19:30:56Z
2026-07-11T19:29:37Z,2026-07-11T21:29:37+0200,1d83aeba-7d53-466c-9cd8-cde3940d84cc,2026-06-24T08:45:00Z,2026-06-24T10:45:00+0200,109.31,MW,FR,FR,forecast_offshore_wind_generation,Wind Offshore,2026-07-11T19:30:56Z
2026-07-11T19:29:37Z,2026-07-11T21:29:37+0200,1d83aeba-7d53-466c-9cd8-cde3940d84cc,2026-06-24T09:00:00Z,2026-06-24T11:00:00+0200,102.99001,MW,FR,FR,forecast_offshore_wind_generation,Wind Offshore,2026-07-11T19:30:56Z
2026-07-11T19:29:37Z,2026-07-11T21:29:37+0200,1d83aeba-7d53-466c-9cd8-cde3940d84cc,2026-06-24T09:15:00Z,2026-06-24T11:15:00+0200,99.35,MW,FR,FR,forecast_offshore_wind_generation,Wind Offshore,2026-07-11T19:30:56Z
2026-07-11T19:29:37Z,2026-07-11T21:29:37+0200,1d83aeba-7d53-466c-9cd8-cde3940d84cc,2026-06-24T09:30:00Z,2026-06-24T11:30:00+0200,95.71001,MW,FR,FR,forecast_offshore_wind_generation,Wind Offshore,2026-07-11T19:30:56Z
2026-07-11T19:29:37Z,2026-07-11T21:29:37+0200,1d83aeba-7d53-466c-9cd8-cde3940d84cc,2026-06-24T09:45:00Z,2026-06-24T11:45:00+0200,92.08,MW,FR,FR,forecast_offshore_wind_generation,Wind Offshore,2026-07-11T19:30:56Z
2026-07-11T19:29:37Z,2026-07-11T21:29:37+0200,1d83aeba-7d53-466c-9cd8-cde3940d84cc,2026-06-24T10:00:00Z,2026-06-24T12:00:00+0200,88.43999,MW,FR,FR,forecast_offshore_wind_generation,Wind Offshore,2026-07-11T19:30:56Z
2026-07-11T19:29:37Z,2026-07-11T21:29:37+0200,1d83aeba-7d53-466c-9cd8-cde3940d84cc,2026-06-24T10:15:00Z,2026-06-24T12:15:00+0200,85.79,MW,FR,FR,forecast_offshore_wind_generation,Wind Offshore,2026-07-11T19:30:56Z
2026-07-11T19:29:37Z,2026-07-11T21:29:37+0200,1d83aeba-7d53-466c-9cd8-cde3940d84cc,2026-06-24T10:30:00Z,2026-06-24T12:30:00+0200,83.13,MW,FR,FR,forecast_offshore_wind_generation,Wind Offshore,2026-07-11T19:30:56Z
2026-07-11T19:29:37Z,2026-07-11T21:29:37+0200,1d83aeba-7d53-466c-9cd8-cde3940d84cc,2026-06-24T10:45:00Z,2026-06-24T12:45:00+0200,80.49,MW,FR,FR,forecast_offshore_wind_generation,Wind Offshore,2026-07-11T19:30:56Z
2026-07-11T19:29:37Z,2026-07-11T21:29:37+0200,1d83aeba-7d53-466c-9cd8-cde3940d84cc,2026-06-24T11:00:00Z,2026-06-24T13:00:00+0200,77.82999,MW,FR,FR,forecast_offshore_wind_generation,Wind Offshore,2026-07-11T19:30:56Z
2026-07-11T19:29:37Z,2026-07-11T21:29:37+0200,1d83aeba-7d53-466c-9cd8-cde3940d84cc,2026-06-24T11:15:00Z,2026-06-24T13:15:00+0200,74.78,MW,FR,FR,forecast_offshore_wind_generation,Wind Offshore,2026-07-11T19:30:56Z
2026-07-11T19:29:37Z,2026-07-11T21:29:37+0200,1d83aeba-7d53-466c-9cd8-cde3940d84cc,2026-06-24T11:30:00Z,2026-06-24T13:30:00+0200,71.72,MW,FR,FR,forecast_offshore_wind_generation,Wind Offshore,2026-07-11T19:30:56Z
2026-07-11T19:29:37Z,2026-07-11T21:29:37+0200,1d83aeba-7d53-466c-9cd8-cde3940d84cc,2026-06-24T11:45:00Z,2026-06-24T13:45:00+0200,68.68,MW,FR,FR,forecast_offshore_wind_generation,Wind Offshore,2026-07-11T19:30:56Z
2026-07-11T19:29:37Z,2026-07-11T21:29:37+0200,1d83aeba-7d53-466c-9cd8-cde3940d84cc,2026-06-24T12:00:00Z,2026-06-24T14:00:00+0200,65.62,MW,FR,FR,forecast_offshore_wind_generation,Wind Offshore,2026-07-11T19:30:56Z
2026-07-11T19:29:37Z,2026-07-11T21:29:37+0200,1d83aeba-7d53-466c-9cd8-cde3940d84cc,2026-06-24T12:15:00Z,2026-06-24T14:15:00+0200,65.23,MW,FR,FR,forecast_offshore_wind_generation,Wind Offshore,2026-07-11T19:30:56Z
2026-07-11T19:29:37Z,2026-07-11T21:29:37+0200,1d83aeba-7d53-466c-9cd8-cde3940d84cc,2026-06-24T12:30:00Z,2026-06-24T14:30:00+0200,64.85,MW,FR,FR,forecast_offshore_wind_generation,Wind Offshore,2026-07-11T19:30:56Z
2026-07-11T19:29:37Z,2026-07-11T21:29:37+0200,1d83aeba-7d53-466c-9cd8-cde3940d84cc,2026-06-24T12:45:00Z,2026-06-24T14:45:00+0200,64.44,MW,FR,FR,forecast_offshore_wind_generation,Wind Offshore,2026-07-11T19:30:56Z
2026-07-11T19:29:37Z,2026-07-11T21:29:37+0200,1d83aeba-7d53-466c-9cd8-cde3940d84cc,2026-06-24T13:00:00Z,2026-06-24T15:00:00+0200,64.05,MW,FR,FR,forecast_offshore_wind_generation,Wind Offshore,2026-07-11T19:30:56Z
2026-07-11T19:29:37Z,2026-07-11T21:29:37+0200,1d83aeba-7d53-466c-9cd8-cde3940d84cc,2026-06-24T13:15:00Z,2026-06-24T15:15:00+0200,66.29,MW,FR,FR,forecast_offshore_wind_generation,Wind Offshore,2026-07-11T19:30:56Z
2026-07-11T19:29:37Z,2026-07-11T21:29:37+0200,1d83aeba-7d53-466c-9cd8-cde3940d84cc,2026-06-24T13:30:00Z,2026-06-24T15:30:00+0200,68.50999,MW,FR,FR,forecast_offshore_wind_generation,Wind Offshore,2026-07-11T19:30:56Z
2026-07-11T19:29:37Z,2026-07-11T21:29:37+0200,1d83aeba-7d53-466c-9cd8-cde3940d84cc,2026-06-24T13:45:00Z,2026-06-24T15:45:00+0200,70.74,MW,FR,FR,forecast_offshore_wind_generation,Wind Offshore,2026-07-11T19:30:56Z
2026-07-11T19:29:37Z,2026-07-11T21:29:37+0200,1d83aeba-7d53-466c-9cd8-cde3940d84cc,2026-06-24T14:00:00Z,2026-06-24T16:00:00+0200,72.96,MW,FR,FR,forecast_offshore_wind_generation,Wind Offshore,2026-07-11T19:30:56Z
2026-07-11T19:29:37Z,2026-07-11T21:29:37+0200,1d83aeba-7d53-466c-9cd8-cde3940d84cc,2026-06-24T14:15:00Z,2026-06-24T16:15:00+0200,79.32999,MW,FR,FR,forecast_offshore_wind_generation,Wind Offshore,2026-07-11T19:30:56Z
2026-07-11T19:29:37Z,2026-07-11T21:29:37+0200,1d83aeba-7d53-466c-9cd8-cde3940d84cc,2026-06-24T14:30:00Z,2026-06-24T16:30:00+0200,85.7,MW,FR,FR,forecast_offshore_wind_generation,Wind Offshore,2026-07-11T19:30:56Z
2026-07-11T19:29:37Z,2026-07-11T21:29:37+0200,1d83aeba-7d53-466c-9cd8-cde3940d84cc,2026-06-24T14:45:00Z,2026-06-24T16:45:00+0200,92.08,MW,FR,FR,forecast_offshore_wind_generation,Wind Offshore,2026-07-11T19:30:56Z
2026-07-11T19:29:37Z,2026-07-11T21:29:37+0200,1d83aeba-7d53-466c-9cd8-cde3940d84cc,2026-06-24T15:00:00Z,2026-06-24T17:00:00+0200,98.43999,MW,FR,FR,forecast_offshore_wind_generation,Wind Offshore,2026-07-11T19:30:56Z
2026-07-11T19:29:37Z,2026-07-11T21:29:37+0200,1d83aeba-7d53-466c-9cd8-cde3940d84cc,2026-06-24T15:15:00Z,2026-06-24T17:15:00+0200,104.57001,MW,FR,FR,forecast_offshore_wind_generation,Wind Offshore,2026-07-11T19:30:56Z
2026-07-11T19:29:37Z,2026-07-11T21:29:37+0200,1d83aeba-7d53-466c-9cd8-cde3940d84cc,2026-06-24T15:30:00Z,2026-06-24T17:30:00+0200,110.71,MW,FR,FR,forecast_offshore_wind_generation,Wind Offshore,2026-07-11T19:30:56Z
2026-07-11T19:29:37Z,2026-07-11T21:29:37+0200,1d83aeba-7d53-466c-9cd8-cde3940d84cc,2026-06-24T15:45:00Z,2026-06-24T17:45:00+0200,116.82999,MW,FR,FR,forecast_offshore_wind_generation,Wind Offshore,2026-07-11T19:30:56Z
2026-07-11T19:29:37Z,2026-07-11T21:29:37+0200,1d83aeba-7d53-466c-9cd8-cde3940d84cc,2026-06-24T16:00:00Z,2026-06-24T18:00:00+0200,122.95,MW,FR,FR,forecast_offshore_wind_generation,Wind Offshore,2026-07-11T19:30:56Z
2026-07-11T19:29:37Z,2026-07-11T21:29:37+0200,1d83aeba-7d53-466c-9cd8-cde3940d84cc,2026-06-24T16:15:00Z,2026-06-24T18:15:00+0200,129.74001,MW,FR,FR,forecast_offshore_wind_generation,Wind Offshore,2026-07-11T19:30:56Z
2026-07-11T19:29:37Z,2026-07-11T21:29:37+0200,1d83aeba-7d53-466c-9cd8-cde3940d84cc,2026-06-24T16:30:00Z,2026-06-24T18:30:00+0200,136.53,MW,FR,FR,forecast_offshore_wind_generation,Wind Offshore,2026-07-11T19:30:56Z
2026-07-11T19:29:37Z,2026-07-11T21:29:37+0200,1d83aeba-7d53-466c-9cd8-cde3940d84cc,2026-06-24T16:45:00Z,2026-06-24T18:45:00+0200,143.31,MW,FR,FR,forecast_offshore_wind_generation,Wind Offshore,2026-07-11T19:30:56Z
2026-07-11T19:29:37Z,2026-07-11T21:29:37+0200,1d83aeba-7d53-466c-9cd8-cde3940d84cc,2026-06-24T17:00:00Z,2026-06-24T19:00:00+0200,150.10001,MW,FR,FR,forecast_offshore_wind_generation,Wind Offshore,2026-07-11T19:30:56Z
2026-07-11T19:29:37Z,2026-07-11T21:29:37+0200,1d83aeba-7d53-466c-9cd8-cde3940d84cc,2026-06-24T17:15:00Z,2026-06-24T19:15:00+0200,167.31999,MW,FR,FR,forecast_offshore_wind_generation,Wind Offshore,2026-07-11T19:30:56Z
2026-07-11T19:29:37Z,2026-07-11T21:29:37+0200,1d83aeba-7d53-466c-9cd8-cde3940d84cc,2026-06-24T17:30:00Z,2026-06-24T19:30:00+0200,184.53001,MW,FR,FR,forecast_offshore_wind_generation,Wind Offshore,2026-07-11T19:30:56Z
2026-07-11T19:29:37Z,2026-07-11T21:29:37+0200,1d83aeba-7d53-466c-9cd8-cde3940d84cc,2026-06-24T17:45:00Z,2026-06-24T19:45:00+0200,201.73001,MW,FR,FR,forecast_offshore_wind_generation,Wind Offshore,2026-07-11T19:30:56Z
2026-07-11T19:29:37Z,2026-07-11T21:29:37+0200,1d83aeba-7d53-466c-9cd8-cde3940d84cc,2026-06-24T18:00:00Z,2026-06-24T20:00:00+0200,218.94,MW,FR,FR,forecast_offshore_wind_generation,Wind Offshore,2026-07-11T19:30:56Z
2026-07-11T19:29:37Z,2026-07-11T21:29:37+0200,1d83aeba-7d53-466c-9cd8-cde3940d84cc,2026-06-24T18:15:00Z,2026-06-24T20:15:00+0200,249.92001,MW,FR,FR,forecast_offshore_wind_generation,Wind Offshore,2026-07-11T19:30:56Z
2026-07-11T19:29:37Z,2026-07-11T21:29:37+0200,1d83aeba-7d53-466c-9cd8-cde3940d84cc,2026-06-24T18:30:00Z,2026-06-24T20:30:00+0200,280.89001,MW,FR,FR,forecast_offshore_wind_generation,Wind Offshore,2026-07-11T19:30:56Z
2026-07-11T19:29:37Z,2026-07-11T21:29:37+0200,1d83aeba-7d53-466c-9cd8-cde3940d84cc,2026-06-24T18:45:00Z,2026-06-24T20:45:00+0200,311.89001,MW,FR,FR,forecast_offshore_wind_generation,Wind Offshore,2026-07-11T19:30:56Z
2026-07-11T19:29:37Z,2026-07-11T21:29:37+0200,1d83aeba-7d53-466c-9cd8-cde3940d84cc,2026-06-24T19:00:00Z,2026-06-24T21:00:00+0200,342.87997,MW,FR,FR,forecast_offshore_wind_generation,Wind Offshore,2026-07-11T19:30:56Z
2026-07-11T19:29:37Z,2026-07-11T21:29:37+0200,1d83aeba-7d53-466c-9cd8-cde3940d84cc,2026-06-24T19:15:00Z,2026-06-24T21:15:00+0200,374.20001,MW,FR,FR,forecast_offshore_wind_generation,Wind Offshore,2026-07-11T19:30:56Z
2026-07-11T19:29:37Z,2026-07-11T21:29:37+0200,1d83aeba-7d53-466c-9cd8-cde3940d84cc,2026-06-24T19:30:00Z,2026-06-24T21:30:00+0200,405.54001,MW,FR,FR,forecast_offshore_wind_generation,Wind Offshore,2026-07-11T19:30:56Z
2026-07-11T19:29:37Z,2026-07-11T21:29:37+0200,1d83aeba-7d53-466c-9cd8-cde3940d84cc,2026-06-24T19:45:00Z,2026-06-24T21:45:00+0200,436.87,MW,FR,FR,forecast_offshore_wind_generation,Wind Offshore,2026-07-11T19:30:56Z
2026-07-11T19:29:37Z,2026-07-11T21:29:37+0200,1d83aeba-7d53-466c-9cd8-cde3940d84cc,2026-06-24T20:00:00Z,2026-06-24T22:00:00+0200,468.19,MW,FR,FR,forecast_offshore_wind_generation,Wind Offshore,2026-07-11T19:30:56Z
2026-07-11T19:29:37Z,2026-07-11T21:29:37+0200,1d83aeba-7d53-466c-9cd8-cde3940d84cc,2026-06-24T20:15:00Z,2026-06-24T22:15:00+0200,518.26996,MW,FR,FR,forecast_offshore_wind_generation,Wind Offshore,2026-07-11T19:30:56Z
2026-07-11T19:29:37Z,2026-07-11T21:29:37+0200,1d83aeba-7d53-466c-9cd8-cde3940d84cc,2026-06-24T20:30:00Z,2026-06-24T22:30:00+0200,568.34003,MW,FR,FR,forecast_offshore_wind_generation,Wind Offshore,2026-07-11T19:30:56Z
2026-07-11T19:29:37Z,2026-07-11T21:29:37+0200,1d83aeba-7d53-466c-9cd8-cde3940d84cc,2026-06-24T20:45:00Z,2026-06-24T22:45:00+0200,618.45001,MW,FR,FR,forecast_offshore_wind_generation,Wind Offshore,2026-07-11T19:30:56Z
2026-07-11T19:29:37Z,2026-07-11T21:29:37+0200,1d83aeba-7d53-466c-9cd8-cde3940d84cc,2026-06-24T21:00:00Z,2026-06-24T23:00:00+0200,668.54999,MW,FR,FR,forecast_offshore_wind_generation,Wind Offshore,2026-07-11T19:30:56Z
2026-07-11T19:29:37Z,2026-07-11T21:29:37+0200,1d83aeba-7d53-466c-9cd8-cde3940d84cc,2026-06-24T21:15:00Z,2026-06-24T23:15:00+0200,698.14996,MW,FR,FR,forecast_offshore_wind_generation,Wind Offshore,2026-07-11T19:30:56Z
2026-07-11T19:29:37Z,2026-07-11T21:29:37+0200,1d83aeba-7d53-466c-9cd8-cde3940d84cc,2026-06-24T21:30:00Z,2026-06-24T23:30:00+0200,727.77002,MW,FR,FR,forecast_offshore_wind_generation,Wind Offshore,2026-07-11T19:30:56Z
2026-07-11T19:29:37Z,2026-07-11T21:29:37+0200,1d83aeba-7d53-466c-9cd8-cde3940d84cc,2026-06-24T21:45:00Z,2026-06-24T23:45:00+0200,757.39001,MW,FR,FR,forecast_offshore_wind_generation,Wind Offshore,2026-07-11T19:30:56Z
2026-07-11T19:29:37Z,2026-07-11T21:29:37+0200,1d83aeba-7d53-466c-9cd8-cde3940d84cc,2026-06-24T22:00:00Z,2026-06-25T00:00:00+0200,1051.55005,MW,FR,FR,forecast_offshore_wind_generation,Wind Offshore,2026-07-11T19:30:56Z
2026-07-11T19:29:37Z,2026-07-11T21:29:37+0200,1d83aeba-7d53-466c-9cd8-cde3940d84cc,2026-06-24T22:15:00Z,2026-06-25T00:15:00+0200,1043.20996,MW,FR,FR,forecast_offshore_wind_generation,Wind Offshore,2026-07-11T19:30:56Z
2026-07-11T19:29:37Z,2026-07-11T21:29:37+0200,1d83aeba-7d53-466c-9cd8-cde3940d84cc,2026-06-24T22:30:00Z,2026-06-25T00:30:00+0200,1034.88,MW,FR,FR,forecast_offshore_wind_generation,Wind Offshore,2026-07-11T19:30:56Z
2026-07-11T19:29:37Z,2026-07-11T21:29:37+0200,1d83aeba-7d53-466c-9cd8-cde3940d84cc,2026-06-24T22:45:00Z,2026-06-25T00:45:00+0200,1026.46997,MW,FR,FR,forecast_offshore_wind_generation,Wind Offshore,2026-07-11T19:30:56Z
2026-07-11T19:29:37Z,2026-07-11T21:29:37+0200,1d83aeba-7d53-466c-9cd8-cde3940d84cc,2026-06-24T23:00:00Z,2026-06-25T01:00:00+0200,1018.05994,MW,FR,FR,forecast_offshore_wind_generation,Wind Offshore,2026-07-11T19:30:56Z
2026-07-11T19:29:37Z,2026-07-11T21:29:37+0200,1d83aeba-7d53-466c-9cd8-cde3940d84cc,2026-06-24T23:15:00Z,2026-06-25T01:15:00+0200,994.54999,MW,FR,FR,forecast_offshore_wind_generation,Wind Offshore,2026-07-11T19:30:56Z
2026-07-11T19:29:37Z,2026-07-11T21:29:37+0200,1d83aeba-7d53-466c-9cd8-cde3940d84cc,2026-06-24T23:30:00Z,2026-06-25T01:30:00+0200,971.05005,MW,FR,FR,forecast_offshore_wind_generation,Wind Offshore,2026-07-11T19:30:56Z
2026-07-11T19:29:37Z,2026-07-11T21:29:37+0200,1d83aeba-7d53-466c-9cd8-cde3940d84cc,2026-06-24T23:45:00Z,2026-06-25T01:45:00+0200,947.51996,MW,FR,FR,forecast_offshore_wind_generation,Wind Offshore,2026-07-11T19:30:56Z
2026-07-11T19:29:37Z,2026-07-11T21:29:37+0200,1d83aeba-7d53-466c-9cd8-cde3940d84cc,2026-06-25T00:00:00Z,2026-06-25T02:00:00+0200,923.98993,MW,FR,FR,forecast_offshore_wind_generation,Wind Offshore,2026-07-11T19:30:56Z
2026-07-11T19:29:37Z,2026-07-11T21:29:37+0200,1d83aeba-7d53-466c-9cd8-cde3940d84cc,2026-06-25T00:15:00Z,2026-06-25T02:15:00+0200,918.75,MW,FR,FR,forecast_offshore_wind_generation,Wind Offshore,2026-07-11T19:30:56Z
2026-07-11T19:29:37Z,2026-07-11T21:29:37+0200,1d83aeba-7d53-466c-9cd8-cde3940d84cc,2026-06-25T00:30:00Z,2026-06-25T02:30:00+0200,913.51996,MW,FR,FR,forecast_offshore_wind_generation,Wind Offshore,2026-07-11T19:30:56Z
2026-07-11T19:29:37Z,2026-07-11T21:29:37+0200,1d83aeba-7d53-466c-9cd8-cde3940d84cc,2026-06-25T00:45:00Z,2026-06-25T02:45:00+0200,908.29999,MW,FR,FR,forecast_offshore_wind_generation,Wind Offshore,2026-07-11T19:30:56Z
2026-07-11T19:29:37Z,2026-07-11T21:29:37+0200,1d83aeba-7d53-466c-9cd8-cde3940d84cc,2026-06-25T01:00:00Z,2026-06-25T03:00:00+0200,903.06995,MW,FR,FR,forecast_offshore_wind_generation,Wind Offshore,2026-07-11T19:30:56Z
2026-07-11T19:29:37Z,2026-07-11T21:29:37+0200,1d83aeba-7d53-466c-9cd8-cde3940d84cc,2026-06-25T01:15:00Z,2026-06-25T03:15:00+0200,897.83002,MW,FR,FR,forecast_offshore_wind_generation,Wind Offshore,2026-07-11T19:30:56Z
2026-07-11T19:29:37Z,2026-07-11T21:29:37+0200,1d83aeba-7d53-466c-9cd8-cde3940d84cc,2026-06-25T01:30:00Z,2026-06-25T03:30:00+0200,892.57996,MW,FR,FR,forecast_offshore_wind_generation,Wind Offshore,2026-07-11T19:30:56Z
2026-07-11T19:29:37Z,2026-07-11T21:29:37+0200,1d83aeba-7d53-466c-9cd8-cde3940d84cc,2026-06-25T01:45:00Z,2026-06-25T03:45:00+0200,887.34003,MW,FR,FR,forecast_offshore_wind_generation,Wind Offshore,2026-07-11T19:30:56Z
2026-07-11T19:29:37Z,2026-07-11T21:29:37+0200,1d83aeba-7d53-466c-9cd8-cde3940d84cc,2026-06-25T02:00:00Z,2026-06-25T04:00:00+0200,882.09998,MW,FR,FR,forecast_offshore_wind_generation,Wind Offshore,2026-07-11T19:30:56Z
2026-07-11T19:29:37Z,2026-07-11T21:29:37+0200,1d83aeba-7d53-466c-9cd8-cde3940d84cc,2026-06-25T02:15:00Z,2026-06-25T04:15:00+0200,881.04999,MW,FR,FR,forecast_offshore_wind_generation,Wind Offshore,2026-07-11T19:30:56Z
2026-07-11T19:29:37Z,2026-07-11T21:29:37+0200,1d83aeba-7d53-466c-9cd8-cde3940d84cc,2026-06-25T02:30:00Z,2026-06-25T04:30:00+0200,879.98999,MW,FR,FR,forecast_offshore_wind_generation,Wind Offshore,2026-07-11T19:30:56Z
2026-07-11T19:29:37Z,2026-07-11T21:29:37+0200,1d83aeba-7d53-466c-9cd8-cde3940d84cc,2026-06-25T02:45:00Z,2026-06-25T04:45:00+0200,878.93005,MW,FR,FR,forecast_offshore_wind_generation,Wind Offshore,2026-07-11T19:30:56Z
2026-07-11T19:29:37Z,2026-07-11T21:29:37+0200,1d83aeba-7d53-466c-9cd8-cde3940d84cc,2026-06-25T03:00:00Z,2026-06-25T05:00:00+0200,877.87,MW,FR,FR,forecast_offshore_wind_generation,Wind Offshore,2026-07-11T19:30:56Z
2026-07-11T19:29:37Z,2026-07-11T21:29:37+0200,1d83aeba-7d53-466c-9cd8-cde3940d84cc,2026-06-25T03:15:00Z,2026-06-25T05:15:00+0200,867.81995,MW,FR,FR,forecast_offshore_wind_generation,Wind Offshore,2026-07-11T19:30:56Z
2026-07-11T19:29:37Z,2026-07-11T21:29:37+0200,1d83aeba-7d53-466c-9cd8-cde3940d84cc,2026-06-25T03:30:00Z,2026-06-25T05:30:00+0200,857.77002,MW,FR,FR,forecast_offshore_wind_generation,Wind Offshore,2026-07-11T19:30:56Z
2026-07-11T19:29:37Z,2026-07-11T21:29:37+0200,1d83aeba-7d53-466c-9cd8-cde3940d84cc,2026-06-25T03:45:00Z,2026-06-25T05:45:00+0200,847.70996,MW,FR,FR,forecast_offshore_wind_generation,Wind Offshore,2026-07-11T19:30:56Z
2026-07-11T19:29:37Z,2026-07-11T21:29:37+0200,1d83aeba-7d53-466c-9cd8-cde3940d84cc,2026-06-25T04:00:00Z,2026-06-25T06:00:00+0200,837.63995,MW,FR,FR,forecast_offshore_wind_generation,Wind Offshore,2026-07-11T19:30:56Z
2026-07-11T19:29:37Z,2026-07-11T21:29:37+0200,1d83aeba-7d53-466c-9cd8-cde3940d84cc,2026-06-25T04:15:00Z,2026-06-25T06:15:00+0200,821.26001,MW,FR,FR,forecast_offshore_wind_generation,Wind Offshore,2026-07-11T19:30:56Z
2026-07-11T19:29:37Z,2026-07-11T21:29:37+0200,1d83aeba-7d53-466c-9cd8-cde3940d84cc,2026-06-25T04:30:00Z,2026-06-25T06:30:00+0200,804.89001,MW,FR,FR,forecast_offshore_wind_generation,Wind Offshore,2026-07-11T19:30:56Z
2026-07-11T19:29:37Z,2026-07-11T21:29:37+0200,1d83aeba-7d53-466c-9cd8-cde3940d84cc,2026-06-25T04:45:00Z,2026-06-25T06:45:00+0200,788.51001,MW,FR,FR,forecast_offshore_wind_generation,Wind Offshore,2026-07-11T19:30:56Z
2026-07-11T19:29:37Z,2026-07-11T21:29:37+0200,1d83aeba-7d53-466c-9cd8-cde3940d84cc,2026-06-25T05:00:00Z,2026-06-25T07:00:00+0200,772.10999,MW,FR,FR,forecast_offshore_wind_generation,Wind Offshore,2026-07-11T19:30:56Z
2026-07-11T19:29:37Z,2026-07-11T21:29:37+0200,1d83aeba-7d53-466c-9cd8-cde3940d84cc,2026-06-25T05:15:00Z,2026-06-25T07:15:00+0200,762.06,MW,FR,FR,forecast_offshore_wind_generation,Wind Offshore,2026-07-11T19:30:56Z
2026-07-11T19:29:37Z,2026-07-11T21:29:37+0200,1d83aeba-7d53-466c-9cd8-cde3940d84cc,2026-06-25T05:30:00Z,2026-06-25T07:30:00+0200,751.98999,MW,FR,FR,forecast_offshore_wind_generation,Wind Offshore,2026-07-11T19:30:56Z
2026-07-11T19:29:37Z,2026-07-11T21:29:37+0200,1d83aeba-7d53-466c-9cd8-cde3940d84cc,2026-06-25T05:45:00Z,2026-06-25T07:45:00+0200,741.93005,MW,FR,FR,forecast_offshore_wind_generation,Wind Offshore,2026-07-11T19:30:56Z
2026-07-11T19:29:37Z,2026-07-11T21:29:37+0200,1d83aeba-7d53-466c-9cd8-cde3940d84cc,2026-06-25T06:00:00Z,2026-06-25T08:00:00+0200,731.85999,MW,FR,FR,forecast_offshore_wind_generation,Wind Offshore,2026-07-11T19:30:56Z
2026-07-11T19:29:37Z,2026-07-11T21:29:37+0200,1d83aeba-7d53-466c-9cd8-cde3940d84cc,2026-06-25T06:15:00Z,2026-06-25T08:15:00+0200,711.51001,MW,FR,FR,forecast_offshore_wind_generation,Wind Offshore,2026-07-11T19:30:56Z
2026-07-11T19:29:37Z,2026-07-11T21:29:37+0200,1d83aeba-7d53-466c-9cd8-cde3940d84cc,2026-06-25T06:30:00Z,2026-06-25T08:30:00+0200,691.13,MW,FR,FR,forecast_offshore_wind_generation,Wind Offshore,2026-07-11T19:30:56Z
2026-07-11T19:29:37Z,2026-07-11T21:29:37+0200,1d83aeba-7d53-466c-9cd8-cde3940d84cc,2026-06-25T06:45:00Z,2026-06-25T08:45:00+0200,670.76001,MW,FR,FR,forecast_offshore_wind_generation,Wind Offshore,2026-07-11T19:30:56Z
2026-07-11T19:29:37Z,2026-07-11T21:29:37+0200,1d83aeba-7d53-466c-9cd8-cde3940d84cc,2026-06-25T07:00:00Z,2026-06-25T09:00:00+0200,650.39001,MW,FR,FR,forecast_offshore_wind_generation,Wind Offshore,2026-07-11T19:30:56Z
2026-07-11T19:29:37Z,2026-07-11T21:29:37+0200,1d83aeba-7d53-466c-9cd8-cde3940d84cc,2026-06-25T07:15:00Z,2026-06-25T09:15:00+0200,641.20001,MW,FR,FR,forecast_offshore_wind_generation,Wind Offshore,2026-07-11T19:30:56Z
2026-07-11T19:29:37Z,2026-07-11T21:29:37+0200,1d83aeba-7d53-466c-9cd8-cde3940d84cc,2026-06-25T07:30:00Z,2026-06-25T09:30:00+0200,632.02002,MW,FR,FR,forecast_offshore_wind_generation,Wind Offshore,2026-07-11T19:30:56Z
2026-07-11T19:29:37Z,2026-07-11T21:29:37+0200,1d83aeba-7d53-466c-9cd8-cde3940d84cc,2026-06-25T07:45:00Z,2026-06-25T09:45:00+0200,622.83002,MW,FR,FR,forecast_offshore_wind_generation,Wind Offshore,2026-07-11T19:30:56Z
2026-07-11T19:29:37Z,2026-07-11T21:29:37+0200,1d83aeba-7d53-466c-9cd8-cde3940d84cc,2026-06-25T08:00:00Z,2026-06-25T10:00:00+0200,613.64001,MW,FR,FR,forecast_offshore_wind_generation,Wind Offshore,2026-07-11T19:30:56Z
2026-07-11T19:29:37Z,2026-07-11T21:29:37+0200,1d83aeba-7d53-466c-9cd8-cde3940d84cc,2026-06-25T08:15:00Z,2026-06-25T10:15:00+0200,601.29999,MW,FR,FR,forecast_offshore_wind_generation,Wind Offshore,2026-07-11T19:30:56Z
2026-07-11T19:29:37Z,2026-07-11T21:29:37+0200,1d83aeba-7d53-466c-9cd8-cde3940d84cc,2026-06-25T08:30:00Z,2026-06-25T10:30:00+0200,588.96997,MW,FR,FR,forecast_offshore_wind_generation,Wind Offshore,2026-07-11T19:30:56Z
2026-07-11T19:29:37Z,2026-07-11T21:29:37+0200,1d83aeba-7d53-466c-9cd8-cde3940d84cc,2026-06-25T08:45:00Z,2026-06-25T10:45:00+0200,576.64001,MW,FR,FR,forecast_offshore_wind_generation,Wind Offshore,2026-07-11T19:30:56Z
2026-07-11T19:29:37Z,2026-07-11T21:29:37+0200,1d83aeba-7d53-466c-9cd8-cde3940d84cc,2026-06-25T09:00:00Z,2026-06-25T11:00:00+0200,564.33002,MW,FR,FR,forecast_offshore_wind_generation,Wind Offshore,2026-07-11T19:30:56Z
2026-07-11T19:29:37Z,2026-07-11T21:29:37+0200,1d83aeba-7d53-466c-9cd8-cde3940d84cc,2026-06-25T09:15:00Z,2026-06-25T11:15:00+0200,572.91998,MW,FR,FR,forecast_offshore_wind_generation,Wind Offshore,2026-07-11T19:30:56Z
2026-07-11T19:29:37Z,2026-07-11T21:29:37+0200,1d83aeba-7d53-466c-9cd8-cde3940d84cc,2026-06-25T09:30:00Z,2026-06-25T11:30:00+0200,581.53003,MW,FR,FR,forecast_offshore_wind_generation,Wind Offshore,2026-07-11T19:30:56Z
2026-07-11T19:29:37Z,2026-07-11T21:29:37+0200,1d83aeba-7d53-466c-9cd8-cde3940d84cc,2026-06-25T09:45:00Z,2026-06-25T11:45:00+0200,590.12,MW,FR,FR,forecast_offshore_wind_generation,Wind Offshore,2026-07-11T19:30:56Z
2026-07-11T19:29:37Z,2026-07-11T21:29:37+0200,1d83aeba-7d53-466c-9cd8-cde3940d84cc,2026-06-25T10:00:00Z,2026-06-25T12:00:00+0200,598.71997,MW,FR,FR,forecast_offshore_wind_generation,Wind Offshore,2026-07-11T19:30:56Z
2026-07-11T19:29:37Z,2026-07-11T21:29:37+0200,1d83aeba-7d53-466c-9cd8-cde3940d84cc,2026-06-25T10:15:00Z,2026-06-25T12:15:00+0200,618.64001,MW,FR,FR,forecast_offshore_wind_generation,Wind Offshore,2026-07-11T19:30:56Z
2026-07-11T19:29:37Z,2026-07-11T21:29:37+0200,1d83aeba-7d53-466c-9cd8-cde3940d84cc,2026-06-25T10:30:00Z,2026-06-25T12:30:00+0200,638.56006,MW,FR,FR,forecast_offshore_wind_generation,Wind Offshore,2026-07-11T19:30:56Z
2026-07-11T19:29:37Z,2026-07-11T21:29:37+0200,1d83aeba-7d53-466c-9cd8-cde3940d84cc,2026-06-25T10:45:00Z,2026-06-25T12:45:00+0200,658.47998,MW,FR,FR,forecast_offshore_wind_generation,Wind Offshore,2026-07-11T19:30:56Z
2026-07-11T19:29:37Z,2026-07-11T21:29:37+0200,1d83aeba-7d53-466c-9cd8-cde3940d84cc,2026-06-25T11:00:00Z,2026-06-25T13:00:00+0200,678.39001,MW,FR,FR,forecast_offshore_wind_generation,Wind Offshore,2026-07-11T19:30:56Z
2026-07-11T19:29:37Z,2026-07-11T21:29:37+0200,1d83aeba-7d53-466c-9cd8-cde3940d84cc,2026-06-25T11:15:00Z,2026-06-25T13:15:00+0200,707.25,MW,FR,FR,forecast_offshore_wind_generation,Wind Offshore,2026-07-11T19:30:56Z
2026-07-11T19:29:37Z,2026-07-11T21:29:37+0200,1d83aeba-7d53-466c-9cd8-cde3940d84cc,2026-06-25T11:30:00Z,2026-06-25T13:30:00+0200,736.09998,MW,FR,FR,forecast_offshore_wind_generation,Wind Offshore,2026-07-11T19:30:56Z
2026-07-11T19:29:37Z,2026-07-11T21:29:37+0200,1d83aeba-7d53-466c-9cd8-cde3940d84cc,2026-06-25T11:45:00Z,2026-06-25T13:45:00+0200,764.95996,MW,FR,FR,forecast_offshore_wind_generation,Wind Offshore,2026-07-11T19:30:56Z
2026-07-11T19:29:37Z,2026-07-11T21:29:37+0200,1d83aeba-7d53-466c-9cd8-cde3940d84cc,2026-06-25T12:00:00Z,2026-06-25T14:00:00+0200,793.79999,MW,FR,FR,forecast_offshore_wind_generation,Wind Offshore,2026-07-11T19:30:56Z
2026-07-11T19:29:37Z,2026-07-11T21:29:37+0200,1d83aeba-7d53-466c-9cd8-cde3940d84cc,2026-06-25T12:15:00Z,2026-06-25T14:15:00+0200,862.15997,MW,FR,FR,forecast_offshore_wind_generation,Wind Offshore,2026-07-11T19:30:56Z
2026-07-11T19:29:37Z,2026-07-11T21:29:37+0200,1d83aeba-7d53-466c-9cd8-cde3940d84cc,2026-06-25T12:30:00Z,2026-06-25T14:30:00+0200,930.49994,MW,FR,FR,forecast_offshore_wind_generation,Wind Offshore,2026-07-11T19:30:56Z
2026-07-11T19:29:37Z,2026-07-11T21:29:37+0200,1d83aeba-7d53-466c-9cd8-cde3940d84cc,2026-06-25T12:45:00Z,2026-06-25T14:45:00+0200,998.85999,MW,FR,FR,forecast_offshore_wind_generation,Wind Offshore,2026-07-11T19:30:56Z
2026-07-11T19:29:37Z,2026-07-11T21:29:37+0200,1d83aeba-7d53-466c-9cd8-cde3940d84cc,2026-06-25T13:00:00Z,2026-06-25T15:00:00+0200,1067.18994,MW,FR,FR,forecast_offshore_wind_generation,Wind Offshore,2026-07-11T19:30:56Z
2026-07-11T19:29:37Z,2026-07-11T21:29:37+0200,1d83aeba-7d53-466c-9cd8-cde3940d84cc,2026-06-25T13:15:00Z,2026-06-25T15:15:00+0200,1060.84998,MW,FR,FR,forecast_offshore_wind_generation,Wind Offshore,2026-07-11T19:30:56Z
2026-07-11T19:29:37Z,2026-07-11T21:29:37+0200,1d83aeba-7d53-466c-9cd8-cde3940d84cc,2026-06-25T13:30:00Z,2026-06-25T15:30:00+0200,1054.48999,MW,FR,FR,forecast_offshore_wind_generation,Wind Offshore,2026-07-11T19:30:56Z
2026-07-11T19:29:37Z,2026-07-11T21:29:37+0200,1d83aeba-7d53-466c-9cd8-cde3940d84cc,2026-06-25T13:45:00Z,2026-06-25T15:45:00+0200,1048.16003,MW,FR,FR,forecast_offshore_wind_generation,Wind Offshore,2026-07-11T19:30:56Z
2026-07-11T19:29:37Z,2026-07-11T21:29:37+0200,1d83aeba-7d53-466c-9cd8-cde3940d84cc,2026-06-25T14:00:00Z,2026-06-25T16:00:00+0200,1041.83008,MW,FR,FR,forecast_offshore_wind_generation,Wind Offshore,2026-07-11T19:30:56Z
2026-07-11T19:29:37Z,2026-07-11T21:29:37+0200,1d83aeba-7d53-466c-9cd8-cde3940d84cc,2026-06-25T14:15:00Z,2026-06-25T16:15:00+0200,1029.21997,MW,FR,FR,forecast_offshore_wind_generation,Wind Offshore,2026-07-11T19:30:56Z
2026-07-11T19:29:37Z,2026-07-11T21:29:37+0200,1d83aeba-7d53-466c-9cd8-cde3940d84cc,2026-06-25T14:30:00Z,2026-06-25T16:30:00+0200,1016.57996,MW,FR,FR,forecast_offshore_wind_generation,Wind Offshore,2026-07-11T19:30:56Z
2026-07-11T19:29:37Z,2026-07-11T21:29:37+0200,1d83aeba-7d53-466c-9cd8-cde3940d84cc,2026-06-25T14:45:00Z,2026-06-25T16:45:00+0200,1003.97998,MW,FR,FR,forecast_offshore_wind_generation,Wind Offshore,2026-07-11T19:30:56Z
2026-07-11T19:29:37Z,2026-07-11T21:29:37+0200,1d83aeba-7d53-466c-9cd8-cde3940d84cc,2026-06-25T15:00:00Z,2026-06-25T17:00:00+0200,991.37,MW,FR,FR,forecast_offshore_wind_generation,Wind Offshore,2026-07-11T19:30:56Z
2026-07-11T19:29:37Z,2026-07-11T21:29:37+0200,1d83aeba-7d53-466c-9cd8-cde3940d84cc,2026-06-25T15:15:00Z,2026-06-25T17:15:00+0200,988.79004,MW,FR,FR,forecast_offshore_wind_generation,Wind Offshore,2026-07-11T19:30:56Z
2026-07-11T19:29:37Z,2026-07-11T21:29:37+0200,1d83aeba-7d53-466c-9cd8-cde3940d84cc,2026-06-25T15:30:00Z,2026-06-25T17:30:00+0200,986.21008,MW,FR,FR,forecast_offshore_wind_generation,Wind Offshore,2026-07-11T19:30:56Z
2026-07-11T19:29:37Z,2026-07-11T21:29:37+0200,1d83aeba-7d53-466c-9cd8-cde3940d84cc,2026-06-25T15:45:00Z,2026-06-25T17:45:00+0200,983.66003,MW,FR,FR,forecast_offshore_wind_generation,Wind Offshore,2026-07-11T19:30:56Z
2026-07-11T19:29:37Z,2026-07-11T21:29:37+0200,1d83aeba-7d53-466c-9cd8-cde3940d84cc,2026-06-25T16:00:00Z,2026-06-25T18:00:00+0200,981.11005,MW,FR,FR,forecast_offshore_wind_generation,Wind Offshore,2026-07-11T19:30:56Z
2026-07-11T19:29:37Z,2026-07-11T21:29:37+0200,1d83aeba-7d53-466c-9cd8-cde3940d84cc,2026-06-25T16:15:00Z,2026-06-25T18:15:00+0200,1006.04999,MW,FR,FR,forecast_offshore_wind_generation,Wind Offshore,2026-07-11T19:30:56Z
2026-07-11T19:29:37Z,2026-07-11T21:29:37+0200,1d83aeba-7d53-466c-9cd8-cde3940d84cc,2026-06-25T16:30:00Z,2026-06-25T18:30:00+0200,1030.9801,MW,FR,FR,forecast_offshore_wind_generation,Wind Offshore,2026-07-11T19:30:56Z
2026-07-11T19:29:37Z,2026-07-11T21:29:37+0200,1d83aeba-7d53-466c-9cd8-cde3940d84cc,2026-06-25T16:45:00Z,2026-06-25T18:45:00+0200,1055.92004,MW,FR,FR,forecast_offshore_wind_generation,Wind Offshore,2026-07-11T19:30:56Z
2026-07-11T19:29:37Z,2026-07-11T21:29:37+0200,1d83aeba-7d53-466c-9cd8-cde3940d84cc,2026-06-25T17:00:00Z,2026-06-25T19:00:00+0200,1080.87,MW,FR,FR,forecast_offshore_wind_generation,Wind Offshore,2026-07-11T19:30:56Z
2026-07-11T19:29:37Z,2026-07-11T21:29:37+0200,1d83aeba-7d53-466c-9cd8-cde3940d84cc,2026-06-25T17:15:00Z,2026-06-25T19:15:00+0200,1033.19995,MW,FR,FR,forecast_offshore_wind_generation,Wind Offshore,2026-07-11T19:30:56Z
2026-07-11T19:29:37Z,2026-07-11T21:29:37+0200,1d83aeba-7d53-466c-9cd8-cde3940d84cc,2026-06-25T17:30:00Z,2026-06-25T19:30:00+0200,985.52002,MW,FR,FR,forecast_offshore_wind_generation,Wind Offshore,2026-07-11T19:30:56Z
2026-07-11T19:29:37Z,2026-07-11T21:29:37+0200,1d83aeba-7d53-466c-9cd8-cde3940d84cc,2026-06-25T17:45:00Z,2026-06-25T19:45:00+0200,937.85999,MW,FR,FR,forecast_offshore_wind_generation,Wind Offshore,2026-07-11T19:30:56Z
2026-07-11T19:29:37Z,2026-07-11T21:29:37+0200,1d83aeba-7d53-466c-9cd8-cde3940d84cc,2026-06-25T18:00:00Z,2026-06-25T20:00:00+0200,890.19006,MW,FR,FR,forecast_offshore_wind_generation,Wind Offshore,2026-07-11T19:30:56Z
2026-07-11T19:29:37Z,2026-07-11T21:29:37+0200,1d83aeba-7d53-466c-9cd8-cde3940d84cc,2026-06-25T18:15:00Z,2026-06-25T20:15:00+0200,910.08002,MW,FR,FR,forecast_offshore_wind_generation,Wind Offshore,2026-07-11T19:30:56Z
2026-07-11T19:29:37Z,2026-07-11T21:29:37+0200,1d83aeba-7d53-466c-9cd8-cde3940d84cc,2026-06-25T18:30:00Z,2026-06-25T20:30:00+0200,929.95007,MW,FR,FR,forecast_offshore_wind_generation,Wind Offshore,2026-07-11T19:30:56Z
2026-07-11T19:29:37Z,2026-07-11T21:29:37+0200,1d83aeba-7d53-466c-9cd8-cde3940d84cc,2026-06-25T18:45:00Z,2026-06-25T20:45:00+0200,949.82001,MW,FR,FR,forecast_offshore_wind_generation,Wind Offshore,2026-07-11T19:30:56Z
2026-07-11T19:29:37Z,2026-07-11T21:29:37+0200,1d83aeba-7d53-466c-9cd8-cde3940d84cc,2026-06-25T19:00:00Z,2026-06-25T21:00:00+0200,969.70001,MW,FR,FR,forecast_offshore_wind_generation,Wind Offshore,2026-07-11T19:30:56Z
2026-07-11T19:29:37Z,2026-07-11T21:29:37+0200,1d83aeba-7d53-466c-9cd8-cde3940d84cc,2026-06-25T19:15:00Z,2026-06-25T21:15:00+0200,934.66992,MW,FR,FR,forecast_offshore_wind_generation,Wind Offshore,2026-07-11T19:30:56Z
2026-07-11T19:29:37Z,2026-07-11T21:29:37+0200,1d83aeba-7d53-466c-9cd8-cde3940d84cc,2026-06-25T19:30:00Z,2026-06-25T21:30:00+0200,899.65002,MW,FR,FR,forecast_offshore_wind_generation,Wind Offshore,2026-07-11T19:30:56Z
2026-07-11T19:29:37Z,2026-07-11T21:29:37+0200,1d83aeba-7d53-466c-9cd8-cde3940d84cc,2026-06-25T19:45:00Z,2026-06-25T21:45:00+0200,864.60999,MW,FR,FR,forecast_offshore_wind_generation,Wind Offshore,2026-07-11T19:30:56Z
2026-07-11T19:29:37Z,2026-07-11T21:29:37+0200,1d83aeba-7d53-466c-9cd8-cde3940d84cc,2026-06-25T20:00:00Z,2026-06-25T22:00:00+0200,829.59003,MW,FR,FR,forecast_offshore_wind_generation,Wind Offshore,2026-07-11T19:30:56Z
2026-07-11T19:29:37Z,2026-07-11T21:29:37+0200,1d83aeba-7d53-466c-9cd8-cde3940d84cc,2026-06-25T20:15:00Z,2026-06-25T22:15:00+0200,791.62,MW,FR,FR,forecast_offshore_wind_generation,Wind Offshore,2026-07-11T19:30:56Z
2026-07-11T19:29:37Z,2026-07-11T21:29:37+0200,1d83aeba-7d53-466c-9cd8-cde3940d84cc,2026-06-25T20:30:00Z,2026-06-25T22:30:00+0200,753.67999,MW,FR,FR,forecast_offshore_wind_generation,Wind Offshore,2026-07-11T19:30:56Z
2026-07-11T19:29:37Z,2026-07-11T21:29:37+0200,1d83aeba-7d53-466c-9cd8-cde3940d84cc,2026-06-25T20:45:00Z,2026-06-25T22:45:00+0200,715.70001,MW,FR,FR,forecast_offshore_wind_generation,Wind Offshore,2026-07-11T19:30:56Z
2026-07-11T19:29:37Z,2026-07-11T21:29:37+0200,1d83aeba-7d53-466c-9cd8-cde3940d84cc,2026-06-25T21:00:00Z,2026-06-25T23:00:00+0200,677.72003,MW,FR,FR,forecast_offshore_wind_generation,Wind Offshore,2026-07-11T19:30:56Z
2026-07-11T19:29:37Z,2026-07-11T21:29:37+0200,1d83aeba-7d53-466c-9cd8-cde3940d84cc,2026-06-25T21:15:00Z,2026-06-25T23:15:00+0200,663.20996,MW,FR,FR,forecast_offshore_wind_generation,Wind Offshore,2026-07-11T19:30:56Z
2026-07-11T19:29:37Z,2026-07-11T21:29:37+0200,1d83aeba-7d53-466c-9cd8-cde3940d84cc,2026-06-25T21:30:00Z,2026-06-25T23:30:00+0200,648.73999,MW,FR,FR,forecast_offshore_wind_generation,Wind Offshore,2026-07-11T19:30:56Z
2026-07-11T19:29:37Z,2026-07-11T21:29:37+0200,1d83aeba-7d53-466c-9cd8-cde3940d84cc,2026-06-25T21:45:00Z,2026-06-25T23:45:00+0200,634.22998,MW,FR,FR,forecast_offshore_wind_generation,Wind Offshore,2026-07-11T19:30:56Z
2026-07-11T19:29:37Z,2026-07-11T21:29:37+0200,1d83aeba-7d53-466c-9cd8-cde3940d84cc,2026-06-25T22:00:00Z,2026-06-26T00:00:00+0200,589.21002,MW,FR,FR,forecast_offshore_wind_generation,Wind Offshore,2026-07-11T19:30:56Z
2026-07-11T19:29:37Z,2026-07-11T21:29:37+0200,1d83aeba-7d53-466c-9cd8-cde3940d84cc,2026-06-25T22:15:00Z,2026-06-26T00:15:00+0200,600.42999,MW,FR,FR,forecast_offshore_wind_generation,Wind Offshore,2026-07-11T19:30:56Z
2026-07-11T19:29:37Z,2026-07-11T21:29:37+0200,1d83aeba-7d53-466c-9cd8-cde3940d84cc,2026-06-25T22:30:00Z,2026-06-26T00:30:00+0200,611.68005,MW,FR,FR,forecast_offshore_wind_generation,Wind Offshore,2026-07-11T19:30:56Z
2026-07-11T19:29:37Z,2026-07-11T21:29:37+0200,1d83aeba-7d53-466c-9cd8-cde3940d84cc,2026-06-25T22:45:00Z,2026-06-26T00:45:00+0200,623.27002,MW,FR,FR,forecast_offshore_wind_generation,Wind Offshore,2026-07-11T19:30:56Z
2026-07-11T19:29:37Z,2026-07-11T21:29:37+0200,1d83aeba-7d53-466c-9cd8-cde3940d84cc,2026-06-25T23:00:00Z,2026-06-26T01:00:00+0200,634.87,MW,FR,FR,forecast_offshore_wind_generation,Wind Offshore,2026-07-11T19:30:56Z
2026-07-11T19:29:37Z,2026-07-11T21:29:37+0200,1d83aeba-7d53-466c-9cd8-cde3940d84cc,2026-06-25T23:15:00Z,2026-06-26T01:15:00+0200,637.23999,MW,FR,FR,forecast_offshore_wind_generation,Wind Offshore,2026-07-11T19:30:56Z
2026-07-11T19:29:37Z,2026-07-11T21:29:37+0200,1d83aeba-7d53-466c-9cd8-cde3940d84cc,2026-06-25T23:30:00Z,2026-06-26T01:30:00+0200,639.60999,MW,FR,FR,forecast_offshore_wind_generation,Wind Offshore,2026-07-11T19:30:56Z
2026-07-11T19:29:37Z,2026-07-11T21:29:37+0200,1d83aeba-7d53-466c-9cd8-cde3940d84cc,2026-06-25T23:45:00Z,2026-06-26T01:45:00+0200,642.10999,MW,FR,FR,forecast_offshore_wind_generation,Wind Offshore,2026-07-11T19:30:56Z
2026-07-11T19:29:37Z,2026-07-11T21:29:37+0200,1d83aeba-7d53-466c-9cd8-cde3940d84cc,2026-06-26T00:00:00Z,2026-06-26T02:00:00+0200,644.67999,MW,FR,FR,forecast_offshore_wind_generation,Wind Offshore,2026-07-11T19:30:56Z
2026-07-11T19:29:37Z,2026-07-11T21:29:37+0200,1d83aeba-7d53-466c-9cd8-cde3940d84cc,2026-06-26T00:15:00Z,2026-06-26T02:15:00+0200,643.03998,MW,FR,FR,forecast_offshore_wind_generation,Wind Offshore,2026-07-11T19:30:56Z
2026-07-11T19:29:37Z,2026-07-11T21:29:37+0200,1d83aeba-7d53-466c-9cd8-cde3940d84cc,2026-06-26T00:30:00Z,2026-06-26T02:30:00+0200,641.41003,MW,FR,FR,forecast_offshore_wind_generation,Wind Offshore,2026-07-11T19:30:56Z
2026-07-11T19:29:37Z,2026-07-11T21:29:37+0200,1d83aeba-7d53-466c-9cd8-cde3940d84cc,2026-06-26T00:45:00Z,2026-06-26T02:45:00+0200,639.76001,MW,FR,FR,forecast_offshore_wind_generation,Wind Offshore,2026-07-11T19:30:56Z
2026-07-11T19:29:37Z,2026-07-11T21:29:37+0200,1d83aeba-7d53-466c-9cd8-cde3940d84cc,2026-06-26T01:00:00Z,2026-06-26T03:00:00+0200,638.10004,MW,FR,FR,forecast_offshore_wind_generation,Wind Offshore,2026-07-11T19:30:56Z
2026-07-11T19:29:37Z,2026-07-11T21:29:37+0200,1d83aeba-7d53-466c-9cd8-cde3940d84cc,2026-06-26T01:15:00Z,2026-06-26T03:15:00+0200,582.22998,MW,FR,FR,forecast_offshore_wind_generation,Wind Offshore,2026-07-11T19:30:56Z
2026-07-11T19:29:37Z,2026-07-11T21:29:37+0200,1d83aeba-7d53-466c-9cd8-cde3940d84cc,2026-06-26T01:30:00Z,2026-06-26T03:30:00+0200,526.39001,MW,FR,FR,forecast_offshore_wind_generation,Wind Offshore,2026-07-11T19:30:56Z
2026-07-11T19:29:37Z,2026-07-11T21:29:37+0200,1d83aeba-7d53-466c-9cd8-cde3940d84cc,2026-06-26T01:45:00Z,2026-06-26T03:45:00+0200,470.53,MW,FR,FR,forecast_offshore_wind_generation,Wind Offshore,2026-07-11T19:30:56Z
2026-07-11T19:29:37Z,2026-07-11T21:29:37+0200,1d83aeba-7d53-466c-9cd8-cde3940d84cc,2026-06-26T02:00:00Z,2026-06-26T04:00:00+0200,414.67001,MW,FR,FR,forecast_offshore_wind_generation,Wind Offshore,2026-07-11T19:30:56Z
2026-07-11T19:29:37Z,2026-07-11T21:29:37+0200,1d83aeba-7d53-466c-9cd8-cde3940d84cc,2026-06-26T02:15:00Z,2026-06-26T04:15:00+0200,388.84,MW,FR,FR,forecast_offshore_wind_generation,Wind Offshore,2026-07-11T19:30:56Z
2026-07-11T19:29:37Z,2026-07-11T21:29:37+0200,1d83aeba-7d53-466c-9cd8-cde3940d84cc,2026-06-26T02:30:00Z,2026-06-26T04:30:00+0200,363.03,MW,FR,FR,forecast_offshore_wind_generation,Wind Offshore,2026-07-11T19:30:56Z
2026-07-11T19:29:37Z,2026-07-11T21:29:37+0200,1d83aeba-7d53-466c-9cd8-cde3940d84cc,2026-06-26T02:45:00Z,2026-06-26T04:45:00+0200,337.20999,MW,FR,FR,forecast_offshore_wind_generation,Wind Offshore,2026-07-11T19:30:56Z
2026-07-11T19:29:37Z,2026-07-11T21:29:37+0200,1d83aeba-7d53-466c-9cd8-cde3940d84cc,2026-06-26T03:00:00Z,2026-06-26T05:00:00+0200,311.40997,MW,FR,FR,forecast_offshore_wind_generation,Wind Offshore,2026-07-11T19:30:56Z
2026-07-11T19:29:37Z,2026-07-11T21:29:37+0200,1d83aeba-7d53-466c-9cd8-cde3940d84cc,2026-06-26T03:15:00Z,2026-06-26T05:15:00+0200,319.38998,MW,FR,FR,forecast_offshore_wind_generation,Wind Offshore,2026-07-11T19:30:56Z
2026-07-11T19:29:37Z,2026-07-11T21:29:37+0200,1d83aeba-7d53-466c-9cd8-cde3940d84cc,2026-06-26T03:30:00Z,2026-06-26T05:30:00+0200,327.36002,MW,FR,FR,forecast_offshore_wind_generation,Wind Offshore,2026-07-11T19:30:56Z
2026-07-11T19:29:37Z,2026-07-11T21:29:37+0200,1d83aeba-7d53-466c-9cd8-cde3940d84cc,2026-06-26T03:45:00Z,2026-06-26T05:45:00+0200,335.42999,MW,FR,FR,forecast_offshore_wind_generation,Wind Offshore,2026-07-11T19:30:56Z
2026-07-11T19:29:37Z,2026-07-11T21:29:37+0200,1d83aeba-7d53-466c-9cd8-cde3940d84cc,2026-06-26T04:00:00Z,2026-06-26T06:00:00+0200,343.5,MW,FR,FR,forecast_offshore_wind_generation,Wind Offshore,2026-07-11T19:30:56Z
2026-07-11T19:29:37Z,2026-07-11T21:29:37+0200,1d83aeba-7d53-466c-9cd8-cde3940d84cc,2026-06-26T04:15:00Z,2026-06-26T06:15:00+0200,364.43002,MW,FR,FR,forecast_offshore_wind_generation,Wind Offshore,2026-07-11T19:30:56Z
2026-07-11T19:29:37Z,2026-07-11T21:29:37+0200,1d83aeba-7d53-466c-9cd8-cde3940d84cc,2026-06-26T04:30:00Z,2026-06-26T06:30:00+0200,385.37,MW,FR,FR,forecast_offshore_wind_generation,Wind Offshore,2026-07-11T19:30:56Z
2026-07-11T19:29:37Z,2026-07-11T21:29:37+0200,1d83aeba-7d53-466c-9cd8-cde3940d84cc,2026-06-26T04:45:00Z,2026-06-26T06:45:00+0200,406.40002,MW,FR,FR,forecast_offshore_wind_generation,Wind Offshore,2026-07-11T19:30:56Z
2026-07-11T19:29:37Z,2026-07-11T21:29:37+0200,1d83aeba-7d53-466c-9cd8-cde3940d84cc,2026-06-26T05:00:00Z,2026-06-26T07:00:00+0200,427.44998,MW,FR,FR,forecast_offshore_wind_generation,Wind Offshore,2026-07-11T19:30:56Z
2026-07-11T19:29:37Z,2026-07-11T21:29:37+0200,1d83aeba-7d53-466c-9cd8-cde3940d84cc,2026-06-26T05:15:00Z,2026-06-26T07:15:00+0200,421.32999,MW,FR,FR,forecast_offshore_wind_generation,Wind Offshore,2026-07-11T19:30:56Z
2026-07-11T19:29:37Z,2026-07-11T21:29:37+0200,1d83aeba-7d53-466c-9cd8-cde3940d84cc,2026-06-26T05:30:00Z,2026-06-26T07:30:00+0200,415.19,MW,FR,FR,forecast_offshore_wind_generation,Wind Offshore,2026-07-11T19:30:56Z
2026-07-11T19:29:37Z,2026-07-11T21:29:37+0200,1d83aeba-7d53-466c-9cd8-cde3940d84cc,2026-06-26T05:45:00Z,2026-06-26T07:45:00+0200,409.15002,MW,FR,FR,forecast_offshore_wind_generation,Wind Offshore,2026-07-11T19:30:56Z
2026-07-11T19:29:37Z,2026-07-11T21:29:37+0200,1d83aeba-7d53-466c-9cd8-cde3940d84cc,2026-06-26T06:00:00Z,2026-06-26T08:00:00+0200,403.09,MW,FR,FR,forecast_offshore_wind_generation,Wind Offshore,2026-07-11T19:30:56Z
2026-07-11T19:29:37Z,2026-07-11T21:29:37+0200,1d83aeba-7d53-466c-9cd8-cde3940d84cc,2026-06-26T06:15:00Z,2026-06-26T08:15:00+0200,386.88,MW,FR,FR,forecast_offshore_wind_generation,Wind Offshore,2026-07-11T19:30:56Z
2026-07-11T19:29:37Z,2026-07-11T21:29:37+0200,1d83aeba-7d53-466c-9cd8-cde3940d84cc,2026-06-26T06:30:00Z,2026-06-26T08:30:00+0200,370.67999,MW,FR,FR,forecast_offshore_wind_generation,Wind Offshore,2026-07-11T19:30:56Z
2026-07-11T19:29:37Z,2026-07-11T21:29:37+0200,1d83aeba-7d53-466c-9cd8-cde3940d84cc,2026-06-26T06:45:00Z,2026-06-26T08:45:00+0200,354.56,MW,FR,FR,forecast_offshore_wind_generation,Wind Offshore,2026-07-11T19:30:56Z
2026-07-11T19:29:37Z,2026-07-11T21:29:37+0200,1d83aeba-7d53-466c-9cd8-cde3940d84cc,2026-06-26T07:00:00Z,2026-06-26T09:00:00+0200,338.41,MW,FR,FR,forecast_offshore_wind_generation,Wind Offshore,2026-07-11T19:30:56Z
2026-07-11T19:29:37Z,2026-07-11T21:29:37+0200,1d83aeba-7d53-466c-9cd8-cde3940d84cc,2026-06-26T07:15:00Z,2026-06-26T09:15:00+0200,329.88998,MW,FR,FR,forecast_offshore_wind_generation,Wind Offshore,2026-07-11T19:30:56Z
2026-07-11T19:29:37Z,2026-07-11T21:29:37+0200,1d83aeba-7d53-466c-9cd8-cde3940d84cc,2026-06-26T07:30:00Z,2026-06-26T09:30:00+0200,321.34,MW,FR,FR,forecast_offshore_wind_generation,Wind Offshore,2026-07-11T19:30:56Z
2026-07-11T19:29:37Z,2026-07-11T21:29:37+0200,1d83aeba-7d53-466c-9cd8-cde3940d84cc,2026-06-26T07:45:00Z,2026-06-26T09:45:00+0200,312.84003,MW,FR,FR,forecast_offshore_wind_generation,Wind Offshore,2026-07-11T19:30:56Z
2026-07-11T19:29:37Z,2026-07-11T21:29:37+0200,1d83aeba-7d53-466c-9cd8-cde3940d84cc,2026-06-26T08:00:00Z,2026-06-26T10:00:00+0200,304.35004,MW,FR,FR,forecast_offshore_wind_generation,Wind Offshore,2026-07-11T19:30:56Z
2026-07-11T19:29:37Z,2026-07-11T21:29:37+0200,1d83aeba-7d53-466c-9cd8-cde3940d84cc,2026-06-26T08:15:00Z,2026-06-26T10:15:00+0200,297.59,MW,FR,FR,forecast_offshore_wind_generation,Wind Offshore,2026-07-11T19:30:56Z
2026-07-11T19:29:37Z,2026-07-11T21:29:37+0200,1d83aeba-7d53-466c-9cd8-cde3940d84cc,2026-06-26T08:30:00Z,2026-06-26T10:30:00+0200,290.82001,MW,FR,FR,forecast_offshore_wind_generation,Wind Offshore,2026-07-11T19:30:56Z
2026-07-11T19:29:37Z,2026-07-11T21:29:37+0200,1d83aeba-7d53-466c-9cd8-cde3940d84cc,2026-06-26T08:45:00Z,2026-06-26T10:45:00+0200,284.09,MW,FR,FR,forecast_offshore_wind_generation,Wind Offshore,2026-07-11T19:30:56Z
2026-07-11T19:29:37Z,2026-07-11T21:29:37+0200,1d83aeba-7d53-466c-9cd8-cde3940d84cc,2026-06-26T09:00:00Z,2026-06-26T11:00:00+0200,277.35001,MW,FR,FR,forecast_offshore_wind_generation,Wind Offshore,2026-07-11T19:30:56Z
2026-07-11T19:29:37Z,2026-07-11T21:29:37+0200,1d83aeba-7d53-466c-9cd8-cde3940d84cc,2026-06-26T09:15:00Z,2026-06-26T11:15:00+0200,274.23999,MW,FR,FR,forecast_offshore_wind_generation,Wind Offshore,2026-07-11T19:30:56Z
2026-07-11T19:29:37Z,2026-07-11T21:29:37+0200,1d83aeba-7d53-466c-9cd8-cde3940d84cc,2026-06-26T09:30:00Z,2026-06-26T11:30:00+0200,271.14999,MW,FR,FR,forecast_offshore_wind_generation,Wind Offshore,2026-07-11T19:30:56Z
2026-07-11T19:29:37Z,2026-07-11T21:29:37+0200,1d83aeba-7d53-466c-9cd8-cde3940d84cc,2026-06-26T09:45:00Z,2026-06-26T11:45:00+0200,268.03998,MW,FR,FR,forecast_offshore_wind_generation,Wind Offshore,2026-07-11T19:30:56Z
2026-07-11T19:29:37Z,2026-07-11T21:29:37+0200,1d83aeba-7d53-466c-9cd8-cde3940d84cc,2026-06-26T10:00:00Z,2026-06-26T12:00:00+0200,264.94,MW,FR,FR,forecast_offshore_wind_generation,Wind Offshore,2026-07-11T19:30:56Z
2026-07-11T19:29:37Z,2026-07-11T21:29:37+0200,1d83aeba-7d53-466c-9cd8-cde3940d84cc,2026-06-26T10:15:00Z,2026-06-26T12:15:00+0200,252.89999,MW,FR,FR,forecast_offshore_wind_generation,Wind Offshore,2026-07-11T19:30:56Z
2026-07-11T19:29:37Z,2026-07-11T21:29:37+0200,1d83aeba-7d53-466c-9cd8-cde3940d84cc,2026-06-26T10:30:00Z,2026-06-26T12:30:00+0200,240.85999,MW,FR,FR,forecast_offshore_wind_generation,Wind Offshore,2026-07-11T19:30:56Z
2026-07-11T19:29:37Z,2026-07-11T21:29:37+0200,1d83aeba-7d53-466c-9cd8-cde3940d84cc,2026-06-26T10:45:00Z,2026-06-26T12:45:00+0200,228.82001,MW,FR,FR,forecast_offshore_wind_generation,Wind Offshore,2026-07-11T19:30:56Z
2026-07-11T19:29:37Z,2026-07-11T21:29:37+0200,1d83aeba-7d53-466c-9cd8-cde3940d84cc,2026-06-26T11:00:00Z,2026-06-26T13:00:00+0200,216.78,MW,FR,FR,forecast_offshore_wind_generation,Wind Offshore,2026-07-11T19:30:56Z
2026-07-11T19:29:37Z,2026-07-11T21:29:37+0200,1d83aeba-7d53-466c-9cd8-cde3940d84cc,2026-06-26T11:15:00Z,2026-06-26T13:15:00+0200,208.34999,MW,FR,FR,forecast_offshore_wind_generation,Wind Offshore,2026-07-11T19:30:56Z
2026-07-11T19:29:37Z,2026-07-11T21:29:37+0200,1d83aeba-7d53-466c-9cd8-cde3940d84cc,2026-06-26T11:30:00Z,2026-06-26T13:30:00+0200,199.94002,MW,FR,FR,forecast_offshore_wind_generation,Wind Offshore,2026-07-11T19:30:56Z
2026-07-11T19:29:37Z,2026-07-11T21:29:37+0200,1d83aeba-7d53-466c-9cd8-cde3940d84cc,2026-06-26T11:45:00Z,2026-06-26T13:45:00+0200,191.52,MW,FR,FR,forecast_offshore_wind_generation,Wind Offshore,2026-07-11T19:30:56Z
2026-07-11T19:29:37Z,2026-07-11T21:29:37+0200,1d83aeba-7d53-466c-9cd8-cde3940d84cc,2026-06-26T12:00:00Z,2026-06-26T14:00:00+0200,183.12,MW,FR,FR,forecast_offshore_wind_generation,Wind Offshore,2026-07-11T19:30:56Z
2026-07-11T19:29:37Z,2026-07-11T21:29:37+0200,1d83aeba-7d53-466c-9cd8-cde3940d84cc,2026-06-26T12:15:00Z,2026-06-26T14:15:00+0200,189.26999,MW,FR,FR,forecast_offshore_wind_generation,Wind Offshore,2026-07-11T19:30:56Z
2026-07-11T19:29:37Z,2026-07-11T21:29:37+0200,1d83aeba-7d53-466c-9cd8-cde3940d84cc,2026-06-26T12:30:00Z,2026-06-26T14:30:00+0200,195.44,MW,FR,FR,forecast_offshore_wind_generation,Wind Offshore,2026-07-11T19:30:56Z
2026-07-11T19:29:37Z,2026-07-11T21:29:37+0200,1d83aeba-7d53-466c-9cd8-cde3940d84cc,2026-06-26T12:45:00Z,2026-06-26T14:45:00+0200,201.60001,MW,FR,FR,forecast_offshore_wind_generation,Wind Offshore,2026-07-11T19:30:56Z
2026-07-11T19:29:37Z,2026-07-11T21:29:37+0200,1d83aeba-7d53-466c-9cd8-cde3940d84cc,2026-06-26T13:00:00Z,2026-06-26T15:00:00+0200,207.73999,MW,FR,FR,forecast_offshore_wind_generation,Wind Offshore,2026-07-11T19:30:56Z
2026-07-11T19:29:37Z,2026-07-11T21:29:37+0200,1d83aeba-7d53-466c-9cd8-cde3940d84cc,2026-06-26T13:15:00Z,2026-06-26T15:15:00+0200,218.17,MW,FR,FR,forecast_offshore_wind_generation,Wind Offshore,2026-07-11T19:30:56Z
2026-07-11T19:29:37Z,2026-07-11T21:29:37+0200,1d83aeba-7d53-466c-9cd8-cde3940d84cc,2026-06-26T13:30:00Z,2026-06-26T15:30:00+0200,228.59001,MW,FR,FR,forecast_offshore_wind_generation,Wind Offshore,2026-07-11T19:30:56Z
2026-07-11T19:29:37Z,2026-07-11T21:29:37+0200,1d83aeba-7d53-466c-9cd8-cde3940d84cc,2026-06-26T13:45:00Z,2026-06-26T15:45:00+0200,238.95,MW,FR,FR,forecast_offshore_wind_generation,Wind Offshore,2026-07-11T19:30:56Z
2026-07-11T19:29:37Z,2026-07-11T21:29:37+0200,1d83aeba-7d53-466c-9cd8-cde3940d84cc,2026-06-26T14:00:00Z,2026-06-26T16:00:00+0200,249.29001,MW,FR,FR,forecast_offshore_wind_generation,Wind Offshore,2026-07-11T19:30:56Z
2026-07-11T19:29:37Z,2026-07-11T21:29:37+0200,1d83aeba-7d53-466c-9cd8-cde3940d84cc,2026-06-26T14:15:00Z,2026-06-26T16:15:00+0200,259.0,MW,FR,FR,forecast_offshore_wind_generation,Wind Offshore,2026-07-11T19:30:56Z
2026-07-11T19:29:37Z,2026-07-11T21:29:37+0200,1d83aeba-7d53-466c-9cd8-cde3940d84cc,2026-06-26T14:30:00Z,2026-06-26T16:30:00+0200,268.70001,MW,FR,FR,forecast_offshore_wind_generation,Wind Offshore,2026-07-11T19:30:56Z
2026-07-11T19:29:37Z,2026-07-11T21:29:37+0200,1d83aeba-7d53-466c-9cd8-cde3940d84cc,2026-06-26T14:45:00Z,2026-06-26T16:45:00+0200,278.33002,MW,FR,FR,forecast_offshore_wind_generation,Wind Offshore,2026-07-11T19:30:56Z
2026-07-11T19:29:37Z,2026-07-11T21:29:37+0200,1d83aeba-7d53-466c-9cd8-cde3940d84cc,2026-06-26T15:00:00Z,2026-06-26T17:00:00+0200,287.95999,MW,FR,FR,forecast_offshore_wind_generation,Wind Offshore,2026-07-11T19:30:56Z
2026-07-11T19:29:37Z,2026-07-11T21:29:37+0200,1d83aeba-7d53-466c-9cd8-cde3940d84cc,2026-06-26T15:15:00Z,2026-06-26T17:15:00+0200,290.51999,MW,FR,FR,forecast_offshore_wind_generation,Wind Offshore,2026-07-11T19:30:56Z
2026-07-11T19:29:37Z,2026-07-11T21:29:37+0200,1d83aeba-7d53-466c-9cd8-cde3940d84cc,2026-06-26T15:30:00Z,2026-06-26T17:30:00+0200,293.08002,MW,FR,FR,forecast_offshore_wind_generation,Wind Offshore,2026-07-11T19:30:56Z
2026-07-11T19:29:37Z,2026-07-11T21:29:37+0200,1d83aeba-7d53-466c-9cd8-cde3940d84cc,2026-06-26T15:45:00Z,2026-06-26T17:45:00+0200,295.56,MW,FR,FR,forecast_offshore_wind_generation,Wind Offshore,2026-07-11T19:30:56Z
2026-07-11T19:29:37Z,2026-07-11T21:29:37+0200,1d83aeba-7d53-466c-9cd8-cde3940d84cc,2026-06-26T16:00:00Z,2026-06-26T18:00:00+0200,298.05002,MW,FR,FR,forecast_offshore_wind_generation,Wind Offshore,2026-07-11T19:30:56Z
2026-07-11T19:29:37Z,2026-07-11T21:29:37+0200,1d83aeba-7d53-466c-9cd8-cde3940d84cc,2026-06-26T16:15:00Z,2026-06-26T18:15:00+0200,294.89999,MW,FR,FR,forecast_offshore_wind_generation,Wind Offshore,2026-07-11T19:30:56Z
2026-07-11T19:29:37Z,2026-07-11T21:29:37+0200,1d83aeba-7d53-466c-9cd8-cde3940d84cc,2026-06-26T16:30:00Z,2026-06-26T18:30:00+0200,291.75,MW,FR,FR,forecast_offshore_wind_generation,Wind Offshore,2026-07-11T19:30:56Z
2026-07-11T19:29:37Z,2026-07-11T21:29:37+0200,1d83aeba-7d53-466c-9cd8-cde3940d84cc,2026-06-26T16:45:00Z,2026-06-26T18:45:00+0200,288.53,MW,FR,FR,forecast_offshore_wind_generation,Wind Offshore,2026-07-11T19:30:56Z
2026-07-11T19:29:37Z,2026-07-11T21:29:37+0200,1d83aeba-7d53-466c-9cd8-cde3940d84cc,2026-06-26T17:00:00Z,2026-06-26T19:00:00+0200,285.32999,MW,FR,FR,forecast_offshore_wind_generation,Wind Offshore,2026-07-11T19:30:56Z
2026-07-11T19:29:37Z,2026-07-11T21:29:37+0200,1d83aeba-7d53-466c-9cd8-cde3940d84cc,2026-06-26T17:15:00Z,2026-06-26T19:15:00+0200,298.41,MW,FR,FR,forecast_offshore_wind_generation,Wind Offshore,2026-07-11T19:30:56Z
2026-07-11T19:29:37Z,2026-07-11T21:29:37+0200,1d83aeba-7d53-466c-9cd8-cde3940d84cc,2026-06-26T17:30:00Z,2026-06-26T19:30:00+0200,311.5,MW,FR,FR,forecast_offshore_wind_generation,Wind Offshore,2026-07-11T19:30:56Z
2026-07-11T19:29:37Z,2026-07-11T21:29:37+0200,1d83aeba-7d53-466c-9cd8-cde3940d84cc,2026-06-26T17:45:00Z,2026-06-26T19:45:00+0200,324.53,MW,FR,FR,forecast_offshore_wind_generation,Wind Offshore,2026-07-11T19:30:56Z
2026-07-11T19:29:37Z,2026-07-11T21:29:37+0200,1d83aeba-7d53-466c-9cd8-cde3940d84cc,2026-06-26T18:00:00Z,2026-06-26T20:00:00+0200,337.54999,MW,FR,FR,forecast_offshore_wind_generation,Wind Offshore,2026-07-11T19:30:56Z
2026-07-11T19:29:37Z,2026-07-11T21:29:37+0200,1d83aeba-7d53-466c-9cd8-cde3940d84cc,2026-06-26T18:15:00Z,2026-06-26T20:15:00+0200,336.91003,MW,FR,FR,forecast_offshore_wind_generation,Wind Offshore,2026-07-11T19:30:56Z
2026-07-11T19:29:37Z,2026-07-11T21:29:37+0200,1d83aeba-7d53-466c-9cd8-cde3940d84cc,2026-06-26T18:30:00Z,2026-06-26T20:30:00+0200,336.27002,MW,FR,FR,forecast_offshore_wind_generation,Wind Offshore,2026-07-11T19:30:56Z
2026-07-11T19:29:37Z,2026-07-11T21:29:37+0200,1d83aeba-7d53-466c-9cd8-cde3940d84cc,2026-06-26T18:45:00Z,2026-06-26T20:45:00+0200,335.67001,MW,FR,FR,forecast_offshore_wind_generation,Wind Offshore,2026-07-11T19:30:56Z
2026-07-11T19:29:37Z,2026-07-11T21:29:37+0200,1d83aeba-7d53-466c-9cd8-cde3940d84cc,2026-06-26T19:00:00Z,2026-06-26T21:00:00+0200,335.07999,MW,FR,FR,forecast_offshore_wind_generation,Wind Offshore,2026-07-11T19:30:56Z
2026-07-11T19:29:37Z,2026-07-11T21:29:37+0200,1d83aeba-7d53-466c-9cd8-cde3940d84cc,2026-06-26T19:15:00Z,2026-06-26T21:15:00+0200,340.37,MW,FR,FR,forecast_offshore_wind_generation,Wind Offshore,2026-07-11T19:30:56Z
2026-07-11T19:29:37Z,2026-07-11T21:29:37+0200,1d83aeba-7d53-466c-9cd8-cde3940d84cc,2026-06-26T19:30:00Z,2026-06-26T21:30:00+0200,345.63998,MW,FR,FR,forecast_offshore_wind_generation,Wind Offshore,2026-07-11T19:30:56Z
2026-07-11T19:29:37Z,2026-07-11T21:29:37+0200,1d83aeba-7d53-466c-9cd8-cde3940d84cc,2026-06-26T19:45:00Z,2026-06-26T21:45:00+0200,350.94998,MW,FR,FR,forecast_offshore_wind_generation,Wind Offshore,2026-07-11T19:30:56Z
2026-07-11T19:29:37Z,2026-07-11T21:29:37+0200,1d83aeba-7d53-466c-9cd8-cde3940d84cc,2026-06-26T20:00:00Z,2026-06-26T22:00:00+0200,356.25995,MW,FR,FR,forecast_offshore_wind_generation,Wind Offshore,2026-07-11T19:30:56Z
2026-07-11T19:29:37Z,2026-07-11T21:29:37+0200,1d83aeba-7d53-466c-9cd8-cde3940d84cc,2026-06-26T20:15:00Z,2026-06-26T22:15:00+0200,341.98999,MW,FR,FR,forecast_offshore_wind_generation,Wind Offshore,2026-07-11T19:30:56Z
2026-07-11T19:29:37Z,2026-07-11T21:29:37+0200,1d83aeba-7d53-466c-9cd8-cde3940d84cc,2026-06-26T20:30:00Z,2026-06-26T22:30:00+0200,327.73001,MW,FR,FR,forecast_offshore_wind_generation,Wind Offshore,2026-07-11T19:30:56Z
2026-07-11T19:29:37Z,2026-07-11T21:29:37+0200,1d83aeba-7d53-466c-9cd8-cde3940d84cc,2026-06-26T20:45:00Z,2026-06-26T22:45:00+0200,313.54999,MW,FR,FR,forecast_offshore_wind_generation,Wind Offshore,2026-07-11T19:30:56Z
2026-07-11T19:29:37Z,2026-07-11T21:29:37+0200,1d83aeba-7d53-466c-9cd8-cde3940d84cc,2026-06-26T21:00:00Z,2026-06-26T23:00:00+0200,299.36002,MW,FR,FR,forecast_offshore_wind_generation,Wind Offshore,2026-07-11T19:30:56Z
2026-07-11T19:29:37Z,2026-07-11T21:29:37+0200,1d83aeba-7d53-466c-9cd8-cde3940d84cc,2026-06-26T21:15:00Z,2026-06-26T23:15:00+0200,311.44,MW,FR,FR,forecast_offshore_wind_generation,Wind Offshore,2026-07-11T19:30:56Z
2026-07-11T19:29:37Z,2026-07-11T21:29:37+0200,1d83aeba-7d53-466c-9cd8-cde3940d84cc,2026-06-26T21:30:00Z,2026-06-26T23:30:00+0200,323.51001,MW,FR,FR,forecast_offshore_wind_generation,Wind Offshore,2026-07-11T19:30:56Z
2026-07-11T19:29:37Z,2026-07-11T21:29:37+0200,1d83aeba-7d53-466c-9cd8-cde3940d84cc,2026-06-26T21:45:00Z,2026-06-26T23:45:00+0200,335.63998,MW,FR,FR,forecast_offshore_wind_generation,Wind Offshore,2026-07-11T19:30:56Z
2026-07-11T19:29:37Z,2026-07-11T21:29:37+0200,1d83aeba-7d53-466c-9cd8-cde3940d84cc,2026-06-26T22:00:00Z,2026-06-27T00:00:00+0200,477.21997,MW,FR,FR,forecast_offshore_wind_generation,Wind Offshore,2026-07-11T19:30:56Z
2026-07-11T19:29:37Z,2026-07-11T21:29:37+0200,1d83aeba-7d53-466c-9cd8-cde3940d84cc,2026-06-26T22:15:00Z,2026-06-27T00:15:00+0200,492.96002,MW,FR,FR,forecast_offshore_wind_generation,Wind Offshore,2026-07-11T19:30:56Z
2026-07-11T19:29:37Z,2026-07-11T21:29:37+0200,1d83aeba-7d53-466c-9cd8-cde3940d84cc,2026-06-26T22:30:00Z,2026-06-27T00:30:00+0200,508.88,MW,FR,FR,forecast_offshore_wind_generation,Wind Offshore,2026-07-11T19:30:56Z
2026-07-11T19:29:37Z,2026-07-11T21:29:37+0200,1d83aeba-7d53-466c-9cd8-cde3940d84cc,2026-06-26T22:45:00Z,2026-06-27T00:45:00+0200,524.81995,MW,FR,FR,forecast_offshore_wind_generation,Wind Offshore,2026-07-11T19:30:56Z
2026-07-11T19:29:37Z,2026-07-11T21:29:37+0200,1d83aeba-7d53-466c-9cd8-cde3940d84cc,2026-06-26T23:00:00Z,2026-06-27T01:00:00+0200,540.76007,MW,FR,FR,forecast_offshore_wind_generation,Wind Offshore,2026-07-11T19:30:56Z
2026-07-11T19:29:37Z,2026-07-11T21:29:37+0200,1d83aeba-7d53-466c-9cd8-cde3940d84cc,2026-06-26T23:15:00Z,2026-06-27T01:15:00+0200,506.56,MW,FR,FR,forecast_offshore_wind_generation,Wind Offshore,2026-07-11T19:30:56Z
2026-07-11T19:29:37Z,2026-07-11T21:29:37+0200,1d83aeba-7d53-466c-9cd8-cde3940d84cc,2026-06-26T23:30:00Z,2026-06-27T01:30:00+0200,472.34998,MW,FR,FR,forecast_offshore_wind_generation,Wind Offshore,2026-07-11T19:30:56Z
2026-07-11T19:29:37Z,2026-07-11T21:29:37+0200,1d83aeba-7d53-466c-9cd8-cde3940d84cc,2026-06-26T23:45:00Z,2026-06-27T01:45:00+0200,438.15002,MW,FR,FR,forecast_offshore_wind_generation,Wind Offshore,2026-07-11T19:30:56Z
2026-07-11T19:29:37Z,2026-07-11T21:29:37+0200,1d83aeba-7d53-466c-9cd8-cde3940d84cc,2026-06-27T00:00:00Z,2026-06-27T02:00:00+0200,403.95001,MW,FR,FR,forecast_offshore_wind_generation,Wind Offshore,2026-07-11T19:30:56Z
2026-07-11T19:29:37Z,2026-07-11T21:29:37+0200,1d83aeba-7d53-466c-9cd8-cde3940d84cc,2026-06-27T00:15:00Z,2026-06-27T02:15:00+0200,361.07001,MW,FR,FR,forecast_offshore_wind_generation,Wind Offshore,2026-07-11T19:30:56Z
2026-07-11T19:29:37Z,2026-07-11T21:29:37+0200,1d83aeba-7d53-466c-9cd8-cde3940d84cc,2026-06-27T00:30:00Z,2026-06-27T02:30:00+0200,318.19998,MW,FR,FR,forecast_offshore_wind_generation,Wind Offshore,2026-07-11T19:30:56Z
2026-07-11T19:29:37Z,2026-07-11T21:29:37+0200,1d83aeba-7d53-466c-9cd8-cde3940d84cc,2026-06-27T00:45:00Z,2026-06-27T02:45:00+0200,275.32999,MW,FR,FR,forecast_offshore_wind_generation,Wind Offshore,2026-07-11T19:30:56Z
2026-07-11T19:29:37Z,2026-07-11T21:29:37+0200,1d83aeba-7d53-466c-9cd8-cde3940d84cc,2026-06-27T01:00:00Z,2026-06-27T03:00:00+0200,232.47,MW,FR,FR,forecast_offshore_wind_generation,Wind Offshore,2026-07-11T19:30:56Z
2026-07-11T19:29:37Z,2026-07-11T21:29:37+0200,1d83aeba-7d53-466c-9cd8-cde3940d84cc,2026-06-27T01:15:00Z,2026-06-27T03:15:00+0200,222.76999,MW,FR,FR,forecast_offshore_wind_generation,Wind Offshore,2026-07-11T19:30:56Z
2026-07-11T19:29:37Z,2026-07-11T21:29:37+0200,1d83aeba-7d53-466c-9cd8-cde3940d84cc,2026-06-27T01:30:00Z,2026-06-27T03:30:00+0200,213.07001,MW,FR,FR,forecast_offshore_wind_generation,Wind Offshore,2026-07-11T19:30:56Z
2026-07-11T19:29:37Z,2026-07-11T21:29:37+0200,1d83aeba-7d53-466c-9cd8-cde3940d84cc,2026-06-27T01:45:00Z,2026-06-27T03:45:00+0200,203.39,MW,FR,FR,forecast_offshore_wind_generation,Wind Offshore,2026-07-11T19:30:56Z
2026-07-11T19:29:37Z,2026-07-11T21:29:37+0200,1d83aeba-7d53-466c-9cd8-cde3940d84cc,2026-06-27T02:00:00Z,2026-06-27T04:00:00+0200,193.67999,MW,FR,FR,forecast_offshore_wind_generation,Wind Offshore,2026-07-11T19:30:56Z
2026-07-11T19:29:37Z,2026-07-11T21:29:37+0200,1d83aeba-7d53-466c-9cd8-cde3940d84cc,2026-06-27T02:15:00Z,2026-06-27T04:15:00+0200,181.13,MW,FR,FR,forecast_offshore_wind_generation,Wind Offshore,2026-07-11T19:30:56Z
2026-07-11T19:29:37Z,2026-07-11T21:29:37+0200,1d83aeba-7d53-466c-9cd8-cde3940d84cc,2026-06-27T02:30:00Z,2026-06-27T04:30:00+0200,168.56,MW,FR,FR,forecast_offshore_wind_generation,Wind Offshore,2026-07-11T19:30:56Z
2026-07-11T19:29:37Z,2026-07-11T21:29:37+0200,1d83aeba-7d53-466c-9cd8-cde3940d84cc,2026-06-27T02:45:00Z,2026-06-27T04:45:00+0200,156.0,MW,FR,FR,forecast_offshore_wind_generation,Wind Offshore,2026-07-11T19:30:56Z
2026-07-11T19:29:37Z,2026-07-11T21:29:37+0200,1d83aeba-7d53-466c-9cd8-cde3940d84cc,2026-06-27T03:00:00Z,2026-06-27T05:00:00+0200,143.45,MW,FR,FR,forecast_offshore_wind_generation,Wind Offshore,2026-07-11T19:30:56Z
2026-07-11T19:29:37Z,2026-07-11T21:29:37+0200,1d83aeba-7d53-466c-9cd8-cde3940d84cc,2026-06-27T03:15:00Z,2026-06-27T05:15:00+0200,125.54,MW,FR,FR,forecast_offshore_wind_generation,Wind Offshore,2026-07-11T19:30:56Z
2026-07-11T19:29:37Z,2026-07-11T21:29:37+0200,1d83aeba-7d53-466c-9cd8-cde3940d84cc,2026-06-27T03:30:00Z,2026-06-27T05:30:00+0200,107.63,MW,FR,FR,forecast_offshore_wind_generation,Wind Offshore,2026-07-11T19:30:56Z
2026-07-11T19:29:37Z,2026-07-11T21:29:37+0200,1d83aeba-7d53-466c-9cd8-cde3940d84cc,2026-06-27T03:45:00Z,2026-06-27T05:45:00+0200,89.72,MW,FR,FR,forecast_offshore_wind_generation,Wind Offshore,2026-07-11T19:30:56Z
2026-07-11T19:29:37Z,2026-07-11T21:29:37+0200,1d83aeba-7d53-466c-9cd8-cde3940d84cc,2026-06-27T04:00:00Z,2026-06-27T06:00:00+0200,71.81,MW,FR,FR,forecast_offshore_wind_generation,Wind Offshore,2026-07-11T19:30:56Z
2026-07-11T19:29:37Z,2026-07-11T21:29:37+0200,1d83aeba-7d53-466c-9cd8-cde3940d84cc,2026-06-27T04:15:00Z,2026-06-27T06:15:00+0200,64.32,MW,FR,FR,forecast_offshore_wind_generation,Wind Offshore,2026-07-11T19:30:56Z
2026-07-11T19:29:37Z,2026-07-11T21:29:37+0200,1d83aeba-7d53-466c-9cd8-cde3940d84cc,2026-06-27T04:30:00Z,2026-06-27T06:30:00+0200,56.82,MW,FR,FR,forecast_offshore_wind_generation,Wind Offshore,2026-07-11T19:30:56Z
2026-07-11T19:29:37Z,2026-07-11T21:29:37+0200,1d83aeba-7d53-466c-9cd8-cde3940d84cc,2026-06-27T04:45:00Z,2026-06-27T06:45:00+0200,49.32,MW,FR,FR,forecast_offshore_wind_generation,Wind Offshore,2026-07-11T19:30:56Z
2026-07-11T19:29:37Z,2026-07-11T21:29:37+0200,1d83aeba-7d53-466c-9cd8-cde3940d84cc,2026-06-27T05:00:00Z,2026-06-27T07:00:00+0200,41.83,MW,FR,FR,forecast_offshore_wind_generation,Wind Offshore,2026-07-11T19:30:56Z
2026-07-11T19:29:37Z,2026-07-11T21:29:37+0200,1d83aeba-7d53-466c-9cd8-cde3940d84cc,2026-06-27T05:15:00Z,2026-06-27T07:15:00+0200,38.66,MW,FR,FR,forecast_offshore_wind_generation,Wind Offshore,2026-07-11T19:30:56Z
2026-07-11T19:29:37Z,2026-07-11T21:29:37+0200,1d83aeba-7d53-466c-9cd8-cde3940d84cc,2026-06-27T05:30:00Z,2026-06-27T07:30:00+0200,37.32,MW,FR,FR,forecast_offshore_wind_generation,Wind Offshore,2026-07-11T19:30:56Z
2026-07-11T19:29:37Z,2026-07-11T21:29:37+0200,1d83aeba-7d53-466c-9cd8-cde3940d84cc,2026-06-27T05:45:00Z,2026-06-27T07:45:00+0200,35.96,MW,FR,FR,forecast_offshore_wind_generation,Wind Offshore,2026-07-11T19:30:56Z
2026-07-11T19:29:37Z,2026-07-11T21:29:37+0200,1d83aeba-7d53-466c-9cd8-cde3940d84cc,2026-06-27T06:00:00Z,2026-06-27T08:00:00+0200,34.61,MW,FR,FR,forecast_offshore_wind_generation,Wind Offshore,2026-07-11T19:30:56Z
2026-07-11T19:29:37Z,2026-07-11T21:29:37+0200,1d83aeba-7d53-466c-9cd8-cde3940d84cc,2026-06-27T06:15:00Z,2026-06-27T08:15:00+0200,34.69,MW,FR,FR,forecast_offshore_wind_generation,Wind Offshore,2026-07-11T19:30:56Z
2026-07-11T19:29:37Z,2026-07-11T21:29:37+0200,1d83aeba-7d53-466c-9cd8-cde3940d84cc,2026-06-27T06:30:00Z,2026-06-27T08:30:00+0200,34.96,MW,FR,FR,forecast_offshore_wind_generation,Wind Offshore,2026-07-11T19:30:56Z
2026-07-11T19:29:37Z,2026-07-11T21:29:37+0200,1d83aeba-7d53-466c-9cd8-cde3940d84cc,2026-06-27T06:45:00Z,2026-06-27T08:45:00+0200,35.23,MW,FR,FR,forecast_offshore_wind_generation,Wind Offshore,2026-07-11T19:30:56Z
2026-07-11T19:29:37Z,2026-07-11T21:29:37+0200,1d83aeba-7d53-466c-9cd8-cde3940d84cc,2026-06-27T07:00:00Z,2026-06-27T09:00:00+0200,35.47,MW,FR,FR,forecast_offshore_wind_generation,Wind Offshore,2026-07-11T19:30:56Z
2026-07-11T19:29:37Z,2026-07-11T21:29:37+0200,1d83aeba-7d53-466c-9cd8-cde3940d84cc,2026-06-27T07:15:00Z,2026-06-27T09:15:00+0200,37.32,MW,FR,FR,forecast_offshore_wind_generation,Wind Offshore,2026-07-11T19:30:56Z
2026-07-11T19:29:37Z,2026-07-11T21:29:37+0200,1d83aeba-7d53-466c-9cd8-cde3940d84cc,2026-06-27T07:30:00Z,2026-06-27T09:30:00+0200,39.19,MW,FR,FR,forecast_offshore_wind_generation,Wind Offshore,2026-07-11T19:30:56Z
2026-07-11T19:29:37Z,2026-07-11T21:29:37+0200,1d83aeba-7d53-466c-9cd8-cde3940d84cc,2026-06-27T07:45:00Z,2026-06-27T09:45:00+0200,41.01,MW,FR,FR,forecast_offshore_wind_generation,Wind Offshore,2026-07-11T19:30:56Z
2026-07-11T19:29:37Z,2026-07-11T21:29:37+0200,1d83aeba-7d53-466c-9cd8-cde3940d84cc,2026-06-27T08:00:00Z,2026-06-27T10:00:00+0200,42.85,MW,FR,FR,forecast_offshore_wind_generation,Wind Offshore,2026-07-11T19:30:56Z
2026-07-11T19:29:37Z,2026-07-11T21:29:37+0200,1d83aeba-7d53-466c-9cd8-cde3940d84cc,2026-06-27T08:15:00Z,2026-06-27T10:15:00+0200,43.1,MW,FR,FR,forecast_offshore_wind_generation,Wind Offshore,2026-07-11T19:30:56Z
2026-07-11T19:29:37Z,2026-07-11T21:29:37+0200,1d83aeba-7d53-466c-9cd8-cde3940d84cc,2026-06-27T08:30:00Z,2026-06-27T10:30:00+0200,43.38,MW,FR,FR,forecast_offshore_wind_generation,Wind Offshore,2026-07-11T19:30:56Z
2026-07-11T19:29:37Z,2026-07-11T21:29:37+0200,1d83aeba-7d53-466c-9cd8-cde3940d84cc,2026-06-27T08:45:00Z,2026-06-27T10:45:00+0200,43.82,MW,FR,FR,forecast_offshore_wind_generation,Wind Offshore,2026-07-11T19:30:56Z
2026-07-11T19:29:37Z,2026-07-11T21:29:37+0200,1d83aeba-7d53-466c-9cd8-cde3940d84cc,2026-06-27T09:00:00Z,2026-06-27T11:00:00+0200,44.54,MW,FR,FR,forecast_offshore_wind_generation,Wind Offshore,2026-07-11T19:30:56Z
2026-07-11T19:29:37Z,2026-07-11T21:29:37+0200,1d83aeba-7d53-466c-9cd8-cde3940d84cc,2026-06-27T09:15:00Z,2026-06-27T11:15:00+0200,48.3,MW,FR,FR,forecast_offshore_wind_generation,Wind Offshore,2026-07-11T19:30:56Z
2026-07-11T19:29:37Z,2026-07-11T21:29:37+0200,1d83aeba-7d53-466c-9cd8-cde3940d84cc,2026-06-27T09:30:00Z,2026-06-27T11:30:00+0200,52.74,MW,FR,FR,forecast_offshore_wind_generation,Wind Offshore,2026-07-11T19:30:56Z
2026-07-11T19:29:37Z,2026-07-11T21:29:37+0200,1d83aeba-7d53-466c-9cd8-cde3940d84cc,2026-06-27T09:45:00Z,2026-06-27T11:45:00+0200,57.17,MW,FR,FR,forecast_offshore_wind_generation,Wind Offshore,2026-07-11T19:30:56Z
2026-07-11T19:29:37Z,2026-07-11T21:29:37+0200,1d83aeba-7d53-466c-9cd8-cde3940d84cc,2026-06-27T10:00:00Z,2026-06-27T12:00:00+0200,61.59,MW,FR,FR,forecast_offshore_wind_generation,Wind Offshore,2026-07-11T19:30:56Z
2026-07-11T19:29:37Z,2026-07-11T21:29:37+0200,1d83aeba-7d53-466c-9cd8-cde3940d84cc,2026-06-27T10:15:00Z,2026-06-27T12:15:00+0200,63.31,MW,FR,FR,forecast_offshore_wind_generation,Wind Offshore,2026-07-11T19:30:56Z
2026-07-11T19:29:37Z,2026-07-11T21:29:37+0200,1d83aeba-7d53-466c-9cd8-cde3940d84cc,2026-06-27T10:30:00Z,2026-06-27T12:30:00+0200,65.03,MW,FR,FR,forecast_offshore_wind_generation,Wind Offshore,2026-07-11T19:30:56Z
2026-07-11T19:29:37Z,2026-07-11T21:29:37+0200,1d83aeba-7d53-466c-9cd8-cde3940d84cc,2026-06-27T10:45:00Z,2026-06-27T12:45:00+0200,66.76,MW,FR,FR,forecast_offshore_wind_generation,Wind Offshore,2026-07-11T19:30:56Z
2026-07-11T19:29:37Z,2026-07-11T21:29:37+0200,1d83aeba-7d53-466c-9cd8-cde3940d84cc,2026-06-27T11:00:00Z,2026-06-27T13:00:00+0200,68.48,MW,FR,FR,forecast_offshore_wind_generation,Wind Offshore,2026-07-11T19:30:56Z
2026-07-11T19:29:37Z,2026-07-11T21:29:37+0200,1d83aeba-7d53-466c-9cd8-cde3940d84cc,2026-06-27T11:15:00Z,2026-06-27T13:15:00+0200,70.86,MW,FR,FR,forecast_offshore_wind_generation,Wind Offshore,2026-07-11T19:30:56Z
2026-07-11T19:29:37Z,2026-07-11T21:29:37+0200,1d83aeba-7d53-466c-9cd8-cde3940d84cc,2026-06-27T11:30:00Z,2026-06-27T13:30:00+0200,73.23,MW,FR,FR,forecast_offshore_wind_generation,Wind Offshore,2026-07-11T19:30:56Z
2026-07-11T19:29:37Z,2026-07-11T21:29:37+0200,1d83aeba-7d53-466c-9cd8-cde3940d84cc,2026-06-27T11:45:00Z,2026-06-27T13:45:00+0200,75.59,MW,FR,FR,forecast_offshore_wind_generation,Wind Offshore,2026-07-11T19:30:56Z
2026-07-11T19:29:37Z,2026-07-11T21:29:37+0200,1d83aeba-7d53-466c-9cd8-cde3940d84cc,2026-06-27T12:00:00Z,2026-06-27T14:00:00+0200,77.95,MW,FR,FR,forecast_offshore_wind_generation,Wind Offshore,2026-07-11T19:30:56Z
2026-07-11T19:29:37Z,2026-07-11T21:29:37+0200,1d83aeba-7d53-466c-9cd8-cde3940d84cc,2026-06-27T12:15:00Z,2026-06-27T14:15:00+0200,84.64999,MW,FR,FR,forecast_offshore_wind_generation,Wind Offshore,2026-07-11T19:30:56Z
2026-07-11T19:29:37Z,2026-07-11T21:29:37+0200,1d83aeba-7d53-466c-9cd8-cde3940d84cc,2026-06-27T12:30:00Z,2026-06-27T14:30:00+0200,91.35001,MW,FR,FR,forecast_offshore_wind_generation,Wind Offshore,2026-07-11T19:30:56Z
2026-07-11T19:29:37Z,2026-07-11T21:29:37+0200,1d83aeba-7d53-466c-9cd8-cde3940d84cc,2026-06-27T12:45:00Z,2026-06-27T14:45:00+0200,98.05,MW,FR,FR,forecast_offshore_wind_generation,Wind Offshore,2026-07-11T19:30:56Z
2026-07-11T19:29:37Z,2026-07-11T21:29:37+0200,1d83aeba-7d53-466c-9cd8-cde3940d84cc,2026-06-27T13:00:00Z,2026-06-27T15:00:00+0200,104.74,MW,FR,FR,forecast_offshore_wind_generation,Wind Offshore,2026-07-11T19:30:56Z
2026-07-11T19:29:37Z,2026-07-11T21:29:37+0200,1d83aeba-7d53-466c-9cd8-cde3940d84cc,2026-06-27T13:15:00Z,2026-06-27T15:15:00+0200,99.92,MW,FR,FR,forecast_offshore_wind_generation,Wind Offshore,2026-07-11T19:30:56Z
2026-07-11T19:29:37Z,2026-07-11T21:29:37+0200,1d83aeba-7d53-466c-9cd8-cde3940d84cc,2026-06-27T13:30:00Z,2026-06-27T15:30:00+0200,95.10999,MW,FR,FR,forecast_offshore_wind_generation,Wind Offshore,2026-07-11T19:30:56Z
2026-07-11T19:29:37Z,2026-07-11T21:29:37+0200,1d83aeba-7d53-466c-9cd8-cde3940d84cc,2026-06-27T13:45:00Z,2026-06-27T15:45:00+0200,90.31001,MW,FR,FR,forecast_offshore_wind_generation,Wind Offshore,2026-07-11T19:30:56Z
2026-07-11T19:29:37Z,2026-07-11T21:29:37+0200,1d83aeba-7d53-466c-9cd8-cde3940d84cc,2026-06-27T14:00:00Z,2026-06-27T16:00:00+0200,85.53,MW,FR,FR,forecast_offshore_wind_generation,Wind Offshore,2026-07-11T19:30:56Z
2026-07-11T19:29:37Z,2026-07-11T21:29:37+0200,1d83aeba-7d53-466c-9cd8-cde3940d84cc,2026-06-27T14:15:00Z,2026-06-27T16:15:00+0200,95.89,MW,FR,FR,forecast_offshore_wind_generation,Wind Offshore,2026-07-11T19:30:56Z
2026-07-11T19:29:37Z,2026-07-11T21:29:37+0200,1d83aeba-7d53-466c-9cd8-cde3940d84cc,2026-06-27T14:30:00Z,2026-06-27T16:30:00+0200,106.24001,MW,FR,FR,forecast_offshore_wind_generation,Wind Offshore,2026-07-11T19:30:56Z
2026-07-11T19:29:37Z,2026-07-11T21:29:37+0200,1d83aeba-7d53-466c-9cd8-cde3940d84cc,2026-06-27T14:45:00Z,2026-06-27T16:45:00+0200,117.49,MW,FR,FR,forecast_offshore_wind_generation,Wind Offshore,2026-07-11T19:30:56Z
2026-07-11T19:29:37Z,2026-07-11T21:29:37+0200,1d83aeba-7d53-466c-9cd8-cde3940d84cc,2026-06-27T15:00:00Z,2026-06-27T17:00:00+0200,130.50999,MW,FR,FR,forecast_offshore_wind_generation,Wind Offshore,2026-07-11T19:30:56Z
2026-07-11T19:29:37Z,2026-07-11T21:29:37+0200,1d83aeba-7d53-466c-9cd8-cde3940d84cc,2026-06-27T15:15:00Z,2026-06-27T17:15:00+0200,136.22,MW,FR,FR,forecast_offshore_wind_generation,Wind Offshore,2026-07-11T19:30:56Z
2026-07-11T19:29:37Z,2026-07-11T21:29:37+0200,1d83aeba-7d53-466c-9cd8-cde3940d84cc,2026-06-27T15:30:00Z,2026-06-27T17:30:00+0200,141.95001,MW,FR,FR,forecast_offshore_wind_generation,Wind Offshore,2026-07-11T19:30:56Z
2026-07-11T19:29:37Z,2026-07-11T21:29:37+0200,1d83aeba-7d53-466c-9cd8-cde3940d84cc,2026-06-27T15:45:00Z,2026-06-27T17:45:00+0200,147.64,MW,FR,FR,forecast_offshore_wind_generation,Wind Offshore,2026-07-11T19:30:56Z
2026-07-11T19:29:37Z,2026-07-11T21:29:37+0200,1d83aeba-7d53-466c-9cd8-cde3940d84cc,2026-06-27T16:00:00Z,2026-06-27T18:00:00+0200,153.34999,MW,FR,FR,forecast_offshore_wind_generation,Wind Offshore,2026-07-11T19:30:56Z
2026-07-11T19:29:37Z,2026-07-11T21:29:37+0200,1d83aeba-7d53-466c-9cd8-cde3940d84cc,2026-06-27T16:15:00Z,2026-06-27T18:15:00+0200,156.64,MW,FR,FR,forecast_offshore_wind_generation,Wind Offshore,2026-07-11T19:30:56Z
2026-07-11T19:29:37Z,2026-07-11T21:29:37+0200,1d83aeba-7d53-466c-9cd8-cde3940d84cc,2026-06-27T16:30:00Z,2026-06-27T18:30:00+0200,159.92,MW,FR,FR,forecast_offshore_wind_generation,Wind Offshore,2026-07-11T19:30:56Z
2026-07-11T19:29:37Z,2026-07-11T21:29:37+0200,1d83aeba-7d53-466c-9cd8-cde3940d84cc,2026-06-27T16:45:00Z,2026-06-27T18:45:00+0200,163.19,MW,FR,FR,forecast_offshore_wind_generation,Wind Offshore,2026-07-11T19:30:56Z
2026-07-11T19:29:37Z,2026-07-11T21:29:37+0200,1d83aeba-7d53-466c-9cd8-cde3940d84cc,2026-06-27T17:00:00Z,2026-06-27T19:00:00+0200,167.78999,MW,FR,FR,forecast_offshore_wind_generation,Wind Offshore,2026-07-11T19:30:56Z
2026-07-11T19:29:37Z,2026-07-11T21:29:37+0200,1d83aeba-7d53-466c-9cd8-cde3940d84cc,2026-06-27T17:15:00Z,2026-06-27T19:15:00+0200,168.13,MW,FR,FR,forecast_offshore_wind_generation,Wind Offshore,2026-07-11T19:30:56Z
2026-07-11T19:29:37Z,2026-07-11T21:29:37+0200,1d83aeba-7d53-466c-9cd8-cde3940d84cc,2026-06-27T17:30:00Z,2026-06-27T19:30:00+0200,168.46001,MW,FR,FR,forecast_offshore_wind_generation,Wind Offshore,2026-07-11T19:30:56Z
2026-07-11T19:29:37Z,2026-07-11T21:29:37+0200,1d83aeba-7d53-466c-9cd8-cde3940d84cc,2026-06-27T17:45:00Z,2026-06-27T19:45:00+0200,168.79999,MW,FR,FR,forecast_offshore_wind_generation,Wind Offshore,2026-07-11T19:30:56Z
2026-07-11T19:29:37Z,2026-07-11T21:29:37+0200,1d83aeba-7d53-466c-9cd8-cde3940d84cc,2026-06-27T18:00:00Z,2026-06-27T20:00:00+0200,169.67,MW,FR,FR,forecast_offshore_wind_generation,Wind Offshore,2026-07-11T19:30:56Z
2026-07-11T19:29:37Z,2026-07-11T21:29:37+0200,1d83aeba-7d53-466c-9cd8-cde3940d84cc,2026-06-27T18:15:00Z,2026-06-27T20:15:00+0200,166.06999,MW,FR,FR,forecast_offshore_wind_generation,Wind Offshore,2026-07-11T19:30:56Z
2026-07-11T19:29:37Z,2026-07-11T21:29:37+0200,1d83aeba-7d53-466c-9cd8-cde3940d84cc,2026-06-27T18:30:00Z,2026-06-27T20:30:00+0200,162.83,MW,FR,FR,forecast_offshore_wind_generation,Wind Offshore,2026-07-11T19:30:56Z
2026-07-11T19:29:37Z,2026-07-11T21:29:37+0200,1d83aeba-7d53-466c-9cd8-cde3940d84cc,2026-06-27T18:45:00Z,2026-06-27T20:45:00+0200,159.66,MW,FR,FR,forecast_offshore_wind_generation,Wind Offshore,2026-07-11T19:30:56Z
2026-07-11T19:29:37Z,2026-07-11T21:29:37+0200,1d83aeba-7d53-466c-9cd8-cde3940d84cc,2026-06-27T19:00:00Z,2026-06-27T21:00:00+0200,156.49001,MW,FR,FR,forecast_offshore_wind_generation,Wind Offshore,2026-07-11T19:30:56Z
2026-07-11T19:29:37Z,2026-07-11T21:29:37+0200,1d83aeba-7d53-466c-9cd8-cde3940d84cc,2026-06-27T19:15:00Z,2026-06-27T21:15:00+0200,157.17,MW,FR,FR,forecast_offshore_wind_generation,Wind Offshore,2026-07-11T19:30:56Z
2026-07-11T19:29:37Z,2026-07-11T21:29:37+0200,1d83aeba-7d53-466c-9cd8-cde3940d84cc,2026-06-27T19:30:00Z,2026-06-27T21:30:00+0200,157.87,MW,FR,FR,forecast_offshore_wind_generation,Wind Offshore,2026-07-11T19:30:56Z
2026-07-11T19:29:37Z,2026-07-11T21:29:37+0200,1d83aeba-7d53-466c-9cd8-cde3940d84cc,2026-06-27T19:45:00Z,2026-06-27T21:45:00+0200,158.86,MW,FR,FR,forecast_offshore_wind_generation,Wind Offshore,2026-07-11T19:30:56Z
2026-07-11T19:29:37Z,2026-07-11T21:29:37+0200,1d83aeba-7d53-466c-9cd8-cde3940d84cc,2026-06-27T20:00:00Z,2026-06-27T22:00:00+0200,160.05,MW,FR,FR,forecast_offshore_wind_generation,Wind Offshore,2026-07-11T19:30:56Z
2026-07-11T19:29:37Z,2026-07-11T21:29:37+0200,1d83aeba-7d53-466c-9cd8-cde3940d84cc,2026-06-27T20:15:00Z,2026-06-27T22:15:00+0200,158.97,MW,FR,FR,forecast_offshore_wind_generation,Wind Offshore,2026-07-11T19:30:56Z
2026-07-11T19:29:37Z,2026-07-11T21:29:37+0200,1d83aeba-7d53-466c-9cd8-cde3940d84cc,2026-06-27T20:30:00Z,2026-06-27T22:30:00+0200,157.87999,MW,FR,FR,forecast_offshore_wind_generation,Wind Offshore,2026-07-11T19:30:56Z
2026-07-11T19:29:37Z,2026-07-11T21:29:37+0200,1d83aeba-7d53-466c-9cd8-cde3940d84cc,2026-06-27T20:45:00Z,2026-06-27T22:45:00+0200,156.74001,MW,FR,FR,forecast_offshore_wind_generation,Wind Offshore,2026-07-11T19:30:56Z
2026-07-11T19:29:37Z,2026-07-11T21:29:37+0200,1d83aeba-7d53-466c-9cd8-cde3940d84cc,2026-06-27T21:00:00Z,2026-06-27T23:00:00+0200,155.62,MW,FR,FR,forecast_offshore_wind_generation,Wind Offshore,2026-07-11T19:30:56Z
2026-07-11T19:29:37Z,2026-07-11T21:29:37+0200,1d83aeba-7d53-466c-9cd8-cde3940d84cc,2026-06-27T21:15:00Z,2026-06-27T23:15:00+0200,165.53,MW,FR,FR,forecast_offshore_wind_generation,Wind Offshore,2026-07-11T19:30:56Z
2026-07-11T19:29:37Z,2026-07-11T21:29:37+0200,1d83aeba-7d53-466c-9cd8-cde3940d84cc,2026-06-27T21:30:00Z,2026-06-27T23:30:00+0200,175.45999,MW,FR,FR,forecast_offshore_wind_generation,Wind Offshore,2026-07-11T19:30:56Z
2026-07-11T19:29:37Z,2026-07-11T21:29:37+0200,1d83aeba-7d53-466c-9cd8-cde3940d84cc,2026-06-27T21:45:00Z,2026-06-27T23:45:00+0200,185.34,MW,FR,FR,forecast_offshore_wind_generation,Wind Offshore,2026-07-11T19:30:56Z
2026-07-11T19:29:37Z,2026-07-11T21:29:37+0200,1d83aeba-7d53-466c-9cd8-cde3940d84cc,2026-06-27T22:00:00Z,2026-06-28T00:00:00+0200,221.47,MW,FR,FR,forecast_offshore_wind_generation,Wind Offshore,2026-07-11T19:30:56Z
2026-07-11T19:29:37Z,2026-07-11T21:29:37+0200,1d83aeba-7d53-466c-9cd8-cde3940d84cc,2026-06-27T22:15:00Z,2026-06-28T00:15:00+0200,244.56,MW,FR,FR,forecast_offshore_wind_generation,Wind Offshore,2026-07-11T19:30:56Z
2026-07-11T19:29:37Z,2026-07-11T21:29:37+0200,1d83aeba-7d53-466c-9cd8-cde3940d84cc,2026-06-27T22:30:00Z,2026-06-28T00:30:00+0200,267.66,MW,FR,FR,forecast_offshore_wind_generation,Wind Offshore,2026-07-11T19:30:56Z
2026-07-11T19:29:37Z,2026-07-11T21:29:37+0200,1d83aeba-7d53-466c-9cd8-cde3940d84cc,2026-06-27T22:45:00Z,2026-06-28T00:45:00+0200,290.65997,MW,FR,FR,forecast_offshore_wind_generation,Wind Offshore,2026-07-11T19:30:56Z
2026-07-11T19:29:37Z,2026-07-11T21:29:37+0200,1d83aeba-7d53-466c-9cd8-cde3940d84cc,2026-06-27T23:00:00Z,2026-06-28T01:00:00+0200,313.67999,MW,FR,FR,forecast_offshore_wind_generation,Wind Offshore,2026-07-11T19:30:56Z
2026-07-11T19:29:37Z,2026-07-11T21:29:37+0200,1d83aeba-7d53-466c-9cd8-cde3940d84cc,2026-06-27T23:15:00Z,2026-06-28T01:15:00+0200,335.12,MW,FR,FR,forecast_offshore_wind_generation,Wind Offshore,2026-07-11T19:30:56Z
2026-07-11T19:29:37Z,2026-07-11T21:29:37+0200,1d83aeba-7d53-466c-9cd8-cde3940d84cc,2026-06-27T23:30:00Z,2026-06-28T01:30:00+0200,356.57001,MW,FR,FR,forecast_offshore_wind_generation,Wind Offshore,2026-07-11T19:30:56Z
2026-07-11T19:29:37Z,2026-07-11T21:29:37+0200,1d83aeba-7d53-466c-9cd8-cde3940d84cc,2026-06-27T23:45:00Z,2026-06-28T01:45:00+0200,377.99997,MW,FR,FR,forecast_offshore_wind_generation,Wind Offshore,2026-07-11T19:30:56Z
2026-07-11T19:29:37Z,2026-07-11T21:29:37+0200,1d83aeba-7d53-466c-9cd8-cde3940d84cc,2026-06-28T00:00:00Z,2026-06-28T02:00:00+0200,399.39999,MW,FR,FR,forecast_offshore_wind_generation,Wind Offshore,2026-07-11T19:30:56Z
2026-07-11T19:29:37Z,2026-07-11T21:29:37+0200,1d83aeba-7d53-466c-9cd8-cde3940d84cc,2026-06-28T00:15:00Z,2026-06-28T02:15:00+0200,395.34003,MW,FR,FR,forecast_offshore_wind_generation,Wind Offshore,2026-07-11T19:30:56Z
2026-07-11T19:29:37Z,2026-07-11T21:29:37+0200,1d83aeba-7d53-466c-9cd8-cde3940d84cc,2026-06-28T00:30:00Z,2026-06-28T02:30:00+0200,391.26999,MW,FR,FR,forecast_offshore_wind_generation,Wind Offshore,2026-07-11T19:30:56Z
2026-07-11T19:29:37Z,2026-07-11T21:29:37+0200,1d83aeba-7d53-466c-9cd8-cde3940d84cc,2026-06-28T00:45:00Z,2026-06-28T02:45:00+0200,387.20999,MW,FR,FR,forecast_offshore_wind_generation,Wind Offshore,2026-07-11T19:30:56Z
2026-07-11T19:29:37Z,2026-07-11T21:29:37+0200,1d83aeba-7d53-466c-9cd8-cde3940d84cc,2026-06-28T01:00:00Z,2026-06-28T03:00:00+0200,383.14999,MW,FR,FR,forecast_offshore_wind_generation,Wind Offshore,2026-07-11T19:30:56Z
2026-07-11T19:29:37Z,2026-07-11T21:29:37+0200,1d83aeba-7d53-466c-9cd8-cde3940d84cc,2026-06-28T01:15:00Z,2026-06-28T03:15:00+0200,390.72998,MW,FR,FR,forecast_offshore_wind_generation,Wind Offshore,2026-07-11T19:30:56Z
2026-07-11T19:29:37Z,2026-07-11T21:29:37+0200,1d83aeba-7d53-466c-9cd8-cde3940d84cc,2026-06-28T01:30:00Z,2026-06-28T03:30:00+0200,398.28998,MW,FR,FR,forecast_offshore_wind_generation,Wind Offshore,2026-07-11T19:30:56Z
2026-07-11T19:29:37Z,2026-07-11T21:29:37+0200,1d83aeba-7d53-466c-9cd8-cde3940d84cc,2026-06-28T01:45:00Z,2026-06-28T03:45:00+0200,405.85999,MW,FR,FR,forecast_offshore_wind_generation,Wind Offshore,2026-07-11T19:30:56Z
2026-07-11T19:29:37Z,2026-07-11T21:29:37+0200,1d83aeba-7d53-466c-9cd8-cde3940d84cc,2026-06-28T02:00:00Z,2026-06-28T04:00:00+0200,413.42001,MW,FR,FR,forecast_offshore_wind_generation,Wind Offshore,2026-07-11T19:30:56Z
2026-07-11T19:29:37Z,2026-07-11T21:29:37+0200,1d83aeba-7d53-466c-9cd8-cde3940d84cc,2026-06-28T02:15:00Z,2026-06-28T04:15:00+0200,403.52002,MW,FR,FR,forecast_offshore_wind_generation,Wind Offshore,2026-07-11T19:30:56Z
2026-07-11T19:29:37Z,2026-07-11T21:29:37+0200,1d83aeba-7d53-466c-9cd8-cde3940d84cc,2026-06-28T02:30:00Z,2026-06-28T04:30:00+0200,393.62,MW,FR,FR,forecast_offshore_wind_generation,Wind Offshore,2026-07-11T19:30:56Z
2026-07-11T19:29:37Z,2026-07-11T21:29:37+0200,1d83aeba-7d53-466c-9cd8-cde3940d84cc,2026-06-28T02:45:00Z,2026-06-28T04:45:00+0200,383.72,MW,FR,FR,forecast_offshore_wind_generation,Wind Offshore,2026-07-11T19:30:56Z
2026-07-11T19:29:37Z,2026-07-11T21:29:37+0200,1d83aeba-7d53-466c-9cd8-cde3940d84cc,2026-06-28T03:00:00Z,2026-06-28T05:00:00+0200,373.80002,MW,FR,FR,forecast_offshore_wind_generation,Wind Offshore,2026-07-11T19:30:56Z
2026-07-11T19:29:37Z,2026-07-11T21:29:37+0200,1d83aeba-7d53-466c-9cd8-cde3940d84cc,2026-06-28T03:15:00Z,2026-06-28T05:15:00+0200,366.69,MW,FR,FR,forecast_offshore_wind_generation,Wind Offshore,2026-07-11T19:30:56Z
2026-07-11T19:29:37Z,2026-07-11T21:29:37+0200,1d83aeba-7d53-466c-9cd8-cde3940d84cc,2026-06-28T03:30:00Z,2026-06-28T05:30:00+0200,359.53998,MW,FR,FR,forecast_offshore_wind_generation,Wind Offshore,2026-07-11T19:30:56Z
2026-07-11T19:29:37Z,2026-07-11T21:29:37+0200,1d83aeba-7d53-466c-9cd8-cde3940d84cc,2026-06-28T03:45:00Z,2026-06-28T05:45:00+0200,352.40002,MW,FR,FR,forecast_offshore_wind_generation,Wind Offshore,2026-07-11T19:30:56Z
2026-07-11T19:29:37Z,2026-07-11T21:29:37+0200,1d83aeba-7d53-466c-9cd8-cde3940d84cc,2026-06-28T04:00:00Z,2026-06-28T06:00:00+0200,345.25,MW,FR,FR,forecast_offshore_wind_generation,Wind Offshore,2026-07-11T19:30:56Z
2026-07-11T19:29:37Z,2026-07-11T21:29:37+0200,1d83aeba-7d53-466c-9cd8-cde3940d84cc,2026-06-28T04:15:00Z,2026-06-28T06:15:00+0200,320.29999,MW,FR,FR,forecast_offshore_wind_generation,Wind Offshore,2026-07-11T19:30:56Z
2026-07-11T19:29:37Z,2026-07-11T21:29:37+0200,1d83aeba-7d53-466c-9cd8-cde3940d84cc,2026-06-28T04:30:00Z,2026-06-28T06:30:00+0200,295.36002,MW,FR,FR,forecast_offshore_wind_generation,Wind Offshore,2026-07-11T19:30:56Z
2026-07-11T19:29:37Z,2026-07-11T21:29:37+0200,1d83aeba-7d53-466c-9cd8-cde3940d84cc,2026-06-28T04:45:00Z,2026-06-28T06:45:00+0200,270.39999,MW,FR,FR,forecast_offshore_wind_generation,Wind Offshore,2026-07-11T19:30:56Z
2026-07-11T19:29:37Z,2026-07-11T21:29:37+0200,1d83aeba-7d53-466c-9cd8-cde3940d84cc,2026-06-28T05:00:00Z,2026-06-28T07:00:00+0200,245.43001,MW,FR,FR,forecast_offshore_wind_generation,Wind Offshore,2026-07-11T19:30:56Z
2026-07-11T19:29:37Z,2026-07-11T21:29:37+0200,1d83aeba-7d53-466c-9cd8-cde3940d84cc,2026-06-28T05:15:00Z,2026-06-28T07:15:00+0200,235.69998,MW,FR,FR,forecast_offshore_wind_generation,Wind Offshore,2026-07-11T19:30:56Z
2026-07-11T19:29:37Z,2026-07-11T21:29:37+0200,1d83aeba-7d53-466c-9cd8-cde3940d84cc,2026-06-28T05:30:00Z,2026-06-28T07:30:00+0200,225.94,MW,FR,FR,forecast_offshore_wind_generation,Wind Offshore,2026-07-11T19:30:56Z
2026-07-11T19:29:37Z,2026-07-11T21:29:37+0200,1d83aeba-7d53-466c-9cd8-cde3940d84cc,2026-06-28T05:45:00Z,2026-06-28T07:45:00+0200,216.15999,MW,FR,FR,forecast_offshore_wind_generation,Wind Offshore,2026-07-11T19:30:56Z
2026-07-11T19:29:37Z,2026-07-11T21:29:37+0200,1d83aeba-7d53-466c-9cd8-cde3940d84cc,2026-06-28T06:00:00Z,2026-06-28T08:00:00+0200,206.38,MW,FR,FR,forecast_offshore_wind_generation,Wind Offshore,2026-07-11T19:30:56Z
2026-07-11T19:29:37Z,2026-07-11T21:29:37+0200,1d83aeba-7d53-466c-9cd8-cde3940d84cc,2026-06-28T06:15:00Z,2026-06-28T08:15:00+0200,204.98001,MW,FR,FR,forecast_offshore_wind_generation,Wind Offshore,2026-07-11T19:30:56Z
2026-07-11T19:29:37Z,2026-07-11T21:29:37+0200,1d83aeba-7d53-466c-9cd8-cde3940d84cc,2026-06-28T06:30:00Z,2026-06-28T08:30:00+0200,203.59,MW,FR,FR,forecast_offshore_wind_generation,Wind Offshore,2026-07-11T19:30:56Z
2026-07-11T19:29:37Z,2026-07-11T21:29:37+0200,1d83aeba-7d53-466c-9cd8-cde3940d84cc,2026-06-28T06:45:00Z,2026-06-28T08:45:00+0200,202.17,MW,FR,FR,forecast_offshore_wind_generation,Wind Offshore,2026-07-11T19:30:56Z
2026-07-11T19:29:37Z,2026-07-11T21:29:37+0200,1d83aeba-7d53-466c-9cd8-cde3940d84cc,2026-06-28T07:00:00Z,2026-06-28T09:00:00+0200,200.76001,MW,FR,FR,forecast_offshore_wind_generation,Wind Offshore,2026-07-11T19:30:56Z
2026-07-11T19:29:37Z,2026-07-11T21:29:37+0200,1d83aeba-7d53-466c-9cd8-cde3940d84cc,2026-06-28T07:15:00Z,2026-06-28T09:15:00+0200,209.13,MW,FR,FR,forecast_offshore_wind_generation,Wind Offshore,2026-07-11T19:30:56Z
2026-07-11T19:29:37Z,2026-07-11T21:29:37+0200,1d83aeba-7d53-466c-9cd8-cde3940d84cc,2026-06-28T07:30:00Z,2026-06-28T09:30:00+0200,217.48,MW,FR,FR,forecast_offshore_wind_generation,Wind Offshore,2026-07-11T19:30:56Z
2026-07-11T19:29:37Z,2026-07-11T21:29:37+0200,1d83aeba-7d53-466c-9cd8-cde3940d84cc,2026-06-28T07:45:00Z,2026-06-28T09:45:00+0200,225.82999,MW,FR,FR,forecast_offshore_wind_generation,Wind Offshore,2026-07-11T19:30:56Z
2026-07-11T19:29:37Z,2026-07-11T21:29:37+0200,1d83aeba-7d53-466c-9cd8-cde3940d84cc,2026-06-28T08:00:00Z,2026-06-28T10:00:00+0200,234.18999,MW,FR,FR,forecast_offshore_wind_generation,Wind Offshore,2026-07-11T19:30:56Z
2026-07-11T19:29:37Z,2026-07-11T21:29:37+0200,1d83aeba-7d53-466c-9cd8-cde3940d84cc,2026-06-28T08:15:00Z,2026-06-28T10:15:00+0200,225.54999,MW,FR,FR,forecast_offshore_wind_generation,Wind Offshore,2026-07-11T19:30:56Z
2026-07-11T19:29:37Z,2026-07-11T21:29:37+0200,1d83aeba-7d53-466c-9cd8-cde3940d84cc,2026-06-28T08:30:00Z,2026-06-28T10:30:00+0200,216.92999,MW,FR,FR,forecast_offshore_wind_generation,Wind Offshore,2026-07-11T19:30:56Z
2026-07-11T19:29:37Z,2026-07-11T21:29:37+0200,1d83aeba-7d53-466c-9cd8-cde3940d84cc,2026-06-28T08:45:00Z,2026-06-28T10:45:00+0200,208.26999,MW,FR,FR,forecast_offshore_wind_generation,Wind Offshore,2026-07-11T19:30:56Z
2026-07-11T19:29:37Z,2026-07-11T21:29:37+0200,1d83aeba-7d53-466c-9cd8-cde3940d84cc,2026-06-28T09:00:00Z,2026-06-28T11:00:00+0200,199.62003,MW,FR,FR,forecast_offshore_wind_generation,Wind Offshore,2026-07-11T19:30:56Z
2026-07-11T19:29:37Z,2026-07-11T21:29:37+0200,1d83aeba-7d53-466c-9cd8-cde3940d84cc,2026-06-28T09:15:00Z,2026-06-28T11:15:00+0200,178.78,MW,FR,FR,forecast_offshore_wind_generation,Wind Offshore,2026-07-11T19:30:56Z
2026-07-11T19:29:37Z,2026-07-11T21:29:37+0200,1d83aeba-7d53-466c-9cd8-cde3940d84cc,2026-06-28T09:30:00Z,2026-06-28T11:30:00+0200,157.89999,MW,FR,FR,forecast_offshore_wind_generation,Wind Offshore,2026-07-11T19:30:56Z
2026-07-11T19:29:37Z,2026-07-11T21:29:37+0200,1d83aeba-7d53-466c-9cd8-cde3940d84cc,2026-06-28T09:45:00Z,2026-06-28T11:45:00+0200,137.02,MW,FR,FR,forecast_offshore_wind_generation,Wind Offshore,2026-07-11T19:30:56Z
2026-07-11T19:29:37Z,2026-07-11T21:29:37+0200,1d83aeba-7d53-466c-9cd8-cde3940d84cc,2026-06-28T10:00:00Z,2026-06-28T12:00:00+0200,116.14001,MW,FR,FR,forecast_offshore_wind_generation,Wind Offshore,2026-07-11T19:30:56Z
2026-07-11T19:29:37Z,2026-07-11T21:29:37+0200,1d83aeba-7d53-466c-9cd8-cde3940d84cc,2026-06-28T10:15:00Z,2026-06-28T12:15:00+0200,126.87,MW,FR,FR,forecast_offshore_wind_generation,Wind Offshore,2026-07-11T19:30:56Z
2026-07-11T19:29:37Z,2026-07-11T21:29:37+0200,1d83aeba-7d53-466c-9cd8-cde3940d84cc,2026-06-28T10:30:00Z,2026-06-28T12:30:00+0200,137.58,MW,FR,FR,forecast_offshore_wind_generation,Wind Offshore,2026-07-11T19:30:56Z
2026-07-11T19:29:37Z,2026-07-11T21:29:37+0200,1d83aeba-7d53-466c-9cd8-cde3940d84cc,2026-06-28T10:45:00Z,2026-06-28T12:45:00+0200,148.31999,MW,FR,FR,forecast_offshore_wind_generation,Wind Offshore,2026-07-11T19:30:56Z
2026-07-11T19:29:37Z,2026-07-11T21:29:37+0200,1d83aeba-7d53-466c-9cd8-cde3940d84cc,2026-06-28T11:00:00Z,2026-06-28T13:00:00+0200,159.03999,MW,FR,FR,forecast_offshore_wind_generation,Wind Offshore,2026-07-11T19:30:56Z
2026-07-11T19:29:37Z,2026-07-11T21:29:37+0200,1d83aeba-7d53-466c-9cd8-cde3940d84cc,2026-06-28T11:15:00Z,2026-06-28T13:15:00+0200,194.48999,MW,FR,FR,forecast_offshore_wind_generation,Wind Offshore,2026-07-11T19:30:56Z
2026-07-11T19:29:37Z,2026-07-11T21:29:37+0200,1d83aeba-7d53-466c-9cd8-cde3940d84cc,2026-06-28T11:30:00Z,2026-06-28T13:30:00+0200,229.95999,MW,FR,FR,forecast_offshore_wind_generation,Wind Offshore,2026-07-11T19:30:56Z
2026-07-11T19:29:37Z,2026-07-11T21:29:37+0200,1d83aeba-7d53-466c-9cd8-cde3940d84cc,2026-06-28T11:45:00Z,2026-06-28T13:45:00+0200,265.42999,MW,FR,FR,forecast_offshore_wind_generation,Wind Offshore,2026-07-11T19:30:56Z
2026-07-11T19:29:37Z,2026-07-11T21:29:37+0200,1d83aeba-7d53-466c-9cd8-cde3940d84cc,2026-06-28T12:00:00Z,2026-06-28T14:00:00+0200,300.88998,MW,FR,FR,forecast_offshore_wind_generation,Wind Offshore,2026-07-11T19:30:56Z
2026-07-11T19:29:37Z,2026-07-11T21:29:37+0200,1d83aeba-7d53-466c-9cd8-cde3940d84cc,2026-06-28T12:15:00Z,2026-06-28T14:15:00+0200,302.20001,MW,FR,FR,forecast_offshore_wind_generation,Wind Offshore,2026-07-11T19:30:56Z
2026-07-11T19:29:37Z,2026-07-11T21:29:37+0200,1d83aeba-7d53-466c-9cd8-cde3940d84cc,2026-06-28T12:30:00Z,2026-06-28T14:30:00+0200,303.51999,MW,FR,FR,forecast_offshore_wind_generation,Wind Offshore,2026-07-11T19:30:56Z
2026-07-11T19:29:37Z,2026-07-11T21:29:37+0200,1d83aeba-7d53-466c-9cd8-cde3940d84cc,2026-06-28T12:45:00Z,2026-06-28T14:45:00+0200,304.83002,MW,FR,FR,forecast_offshore_wind_generation,Wind Offshore,2026-07-11T19:30:56Z
2026-07-11T19:29:37Z,2026-07-11T21:29:37+0200,1d83aeba-7d53-466c-9cd8-cde3940d84cc,2026-06-28T13:00:00Z,2026-06-28T15:00:00+0200,306.14999,MW,FR,FR,forecast_offshore_wind_generation,Wind Offshore,2026-07-11T19:30:56Z
2026-07-11T19:29:37Z,2026-07-11T21:29:37+0200,1d83aeba-7d53-466c-9cd8-cde3940d84cc,2026-06-28T13:15:00Z,2026-06-28T15:15:00+0200,318.11005,MW,FR,FR,forecast_offshore_wind_generation,Wind Offshore,2026-07-11T19:30:56Z
2026-07-11T19:29:37Z,2026-07-11T21:29:37+0200,1d83aeba-7d53-466c-9cd8-cde3940d84cc,2026-06-28T13:30:00Z,2026-06-28T15:30:00+0200,330.09,MW,FR,FR,forecast_offshore_wind_generation,Wind Offshore,2026-07-11T19:30:56Z
2026-07-11T19:29:37Z,2026-07-11T21:29:37+0200,1d83aeba-7d53-466c-9cd8-cde3940d84cc,2026-06-28T13:45:00Z,2026-06-28T15:45:00+0200,342.07004,MW,FR,FR,forecast_offshore_wind_generation,Wind Offshore,2026-07-11T19:30:56Z
2026-07-11T19:29:37Z,2026-07-11T21:29:37+0200,1d83aeba-7d53-466c-9cd8-cde3940d84cc,2026-06-28T14:00:00Z,2026-06-28T16:00:00+0200,354.07999,MW,FR,FR,forecast_offshore_wind_generation,Wind Offshore,2026-07-11T19:30:56Z
2026-07-11T19:29:37Z,2026-07-11T21:29:37+0200,1d83aeba-7d53-466c-9cd8-cde3940d84cc,2026-06-28T14:15:00Z,2026-06-28T16:15:00+0200,364.70001,MW,FR,FR,forecast_offshore_wind_generation,Wind Offshore,2026-07-11T19:30:56Z
2026-07-11T19:29:37Z,2026-07-11T21:29:37+0200,1d83aeba-7d53-466c-9cd8-cde3940d84cc,2026-06-28T14:30:00Z,2026-06-28T16:30:00+0200,375.32001,MW,FR,FR,forecast_offshore_wind_generation,Wind Offshore,2026-07-11T19:30:56Z
2026-07-11T19:29:37Z,2026-07-11T21:29:37+0200,1d83aeba-7d53-466c-9cd8-cde3940d84cc,2026-06-28T14:45:00Z,2026-06-28T16:45:00+0200,385.95996,MW,FR,FR,forecast_offshore_wind_generation,Wind Offshore,2026-07-11T19:30:56Z
2026-07-11T19:29:37Z,2026-07-11T21:29:37+0200,1d83aeba-7d53-466c-9cd8-cde3940d84cc,2026-06-28T15:00:00Z,2026-06-28T17:00:00+0200,396.61002,MW,FR,FR,forecast_offshore_wind_generation,Wind Offshore,2026-07-11T19:30:56Z
2026-07-11T19:29:37Z,2026-07-11T21:29:37+0200,1d83aeba-7d53-466c-9cd8-cde3940d84cc,2026-06-28T15:15:00Z,2026-06-28T17:15:00+0200,422.65002,MW,FR,FR,forecast_offshore_wind_generation,Wind Offshore,2026-07-11T19:30:56Z
2026-07-11T19:29:37Z,2026-07-11T21:29:37+0200,1d83aeba-7d53-466c-9cd8-cde3940d84cc,2026-06-28T15:30:00Z,2026-06-28T17:30:00+0200,448.70001,MW,FR,FR,forecast_offshore_wind_generation,Wind Offshore,2026-07-11T19:30:56Z
2026-07-11T19:29:37Z,2026-07-11T21:29:37+0200,1d83aeba-7d53-466c-9cd8-cde3940d84cc,2026-06-28T15:45:00Z,2026-06-28T17:45:00+0200,474.76001,MW,FR,FR,forecast_offshore_wind_generation,Wind Offshore,2026-07-11T19:30:56Z
2026-07-11T19:29:37Z,2026-07-11T21:29:37+0200,1d83aeba-7d53-466c-9cd8-cde3940d84cc,2026-06-28T16:00:00Z,2026-06-28T18:00:00+0200,500.81,MW,FR,FR,forecast_offshore_wind_generation,Wind Offshore,2026-07-11T19:30:56Z
2026-07-11T19:29:37Z,2026-07-11T21:29:37+0200,1d83aeba-7d53-466c-9cd8-cde3940d84cc,2026-06-28T16:15:00Z,2026-06-28T18:15:00+0200,530.76996,MW,FR,FR,forecast_offshore_wind_generation,Wind Offshore,2026-07-11T19:30:56Z
2026-07-11T19:29:37Z,2026-07-11T21:29:37+0200,1d83aeba-7d53-466c-9cd8-cde3940d84cc,2026-06-28T16:30:00Z,2026-06-28T18:30:00+0200,560.71997,MW,FR,FR,forecast_offshore_wind_generation,Wind Offshore,2026-07-11T19:30:56Z
2026-07-11T19:29:37Z,2026-07-11T21:29:37+0200,1d83aeba-7d53-466c-9cd8-cde3940d84cc,2026-06-28T16:45:00Z,2026-06-28T18:45:00+0200,590.69,MW,FR,FR,forecast_offshore_wind_generation,Wind Offshore,2026-07-11T19:30:56Z
2026-07-11T19:29:37Z,2026-07-11T21:29:37+0200,1d83aeba-7d53-466c-9cd8-cde3940d84cc,2026-06-28T17:00:00Z,2026-06-28T19:00:00+0200,620.66003,MW,FR,FR,forecast_offshore_wind_generation,Wind Offshore,2026-07-11T19:30:56Z
2026-07-11T19:29:37Z,2026-07-11T21:29:37+0200,1d83aeba-7d53-466c-9cd8-cde3940d84cc,2026-06-28T17:15:00Z,2026-06-28T19:15:00+0200,669.25,MW,FR,FR,forecast_offshore_wind_generation,Wind Offshore,2026-07-11T19:30:56Z
2026-07-11T19:29:37Z,2026-07-11T21:29:37+0200,1d83aeba-7d53-466c-9cd8-cde3940d84cc,2026-06-28T17:30:00Z,2026-06-28T19:30:00+0200,717.82001,MW,FR,FR,forecast_offshore_wind_generation,Wind Offshore,2026-07-11T19:30:56Z
2026-07-11T19:29:37Z,2026-07-11T21:29:37+0200,1d83aeba-7d53-466c-9cd8-cde3940d84cc,2026-06-28T17:45:00Z,2026-06-28T19:45:00+0200,766.41998,MW,FR,FR,forecast_offshore_wind_generation,Wind Offshore,2026-07-11T19:30:56Z
2026-07-11T19:29:37Z,2026-07-11T21:29:37+0200,1d83aeba-7d53-466c-9cd8-cde3940d84cc,2026-06-28T18:00:00Z,2026-06-28T20:00:00+0200,815.00995,MW,FR,FR,forecast_offshore_wind_generation,Wind Offshore,2026-07-11T19:30:56Z
2026-07-11T19:29:37Z,2026-07-11T21:29:37+0200,1d83aeba-7d53-466c-9cd8-cde3940d84cc,2026-06-28T18:15:00Z,2026-06-28T20:15:00+0200,823.41003,MW,FR,FR,forecast_offshore_wind_generation,Wind Offshore,2026-07-11T19:30:56Z
2026-07-11T19:29:37Z,2026-07-11T21:29:37+0200,1d83aeba-7d53-466c-9cd8-cde3940d84cc,2026-06-28T18:30:00Z,2026-06-28T20:30:00+0200,831.81995,MW,FR,FR,forecast_offshore_wind_generation,Wind Offshore,2026-07-11T19:30:56Z
2026-07-11T19:29:37Z,2026-07-11T21:29:37+0200,1d83aeba-7d53-466c-9cd8-cde3940d84cc,2026-06-28T18:45:00Z,2026-06-28T20:45:00+0200,840.21002,MW,FR,FR,forecast_offshore_wind_generation,Wind Offshore,2026-07-11T19:30:56Z
2026-07-11T19:29:37Z,2026-07-11T21:29:37+0200,1d83aeba-7d53-466c-9cd8-cde3940d84cc,2026-06-28T19:00:00Z,2026-06-28T21:00:00+0200,848.60004,MW,FR,FR,forecast_offshore_wind_generation,Wind Offshore,2026-07-11T19:30:56Z
2026-07-11T19:29:37Z,2026-07-11T21:29:37+0200,1d83aeba-7d53-466c-9cd8-cde3940d84cc,2026-06-28T19:15:00Z,2026-06-28T21:15:00+0200,856.98004,MW,FR,FR,forecast_offshore_wind_generation,Wind Offshore,2026-07-11T19:30:56Z
2026-07-11T19:29:37Z,2026-07-11T21:29:37+0200,1d83aeba-7d53-466c-9cd8-cde3940d84cc,2026-06-28T19:30:00Z,2026-06-28T21:30:00+0200,865.34003,MW,FR,FR,forecast_offshore_wind_generation,Wind Offshore,2026-07-11T19:30:56Z
2026-07-11T19:29:37Z,2026-07-11T21:29:37+0200,1d83aeba-7d53-466c-9cd8-cde3940d84cc,2026-06-28T19:45:00Z,2026-06-28T21:45:00+0200,873.71002,MW,FR,FR,forecast_offshore_wind_generation,Wind Offshore,2026-07-11T19:30:56Z
2026-07-11T19:29:37Z,2026-07-11T21:29:37+0200,1d83aeba-7d53-466c-9cd8-cde3940d84cc,2026-06-28T20:00:00Z,2026-06-28T22:00:00+0200,882.07001,MW,FR,FR,forecast_offshore_wind_generation,Wind Offshore,2026-07-11T19:30:56Z
2026-07-11T19:29:37Z,2026-07-11T21:29:37+0200,1d83aeba-7d53-466c-9cd8-cde3940d84cc,2026-06-28T20:15:00Z,2026-06-28T22:15:00+0200,885.09998,MW,FR,FR,forecast_offshore_wind_generation,Wind Offshore,2026-07-11T19:30:56Z
2026-07-11T19:29:37Z,2026-07-11T21:29:37+0200,1d83aeba-7d53-466c-9cd8-cde3940d84cc,2026-06-28T20:30:00Z,2026-06-28T22:30:00+0200,888.12,MW,FR,FR,forecast_offshore_wind_generation,Wind Offshore,2026-07-11T19:30:56Z
2026-07-11T19:29:37Z,2026-07-11T21:29:37+0200,1d83aeba-7d53-466c-9cd8-cde3940d84cc,2026-06-28T20:45:00Z,2026-06-28T22:45:00+0200,891.12,MW,FR,FR,forecast_offshore_wind_generation,Wind Offshore,2026-07-11T19:30:56Z
2026-07-11T19:29:37Z,2026-07-11T21:29:37+0200,1d83aeba-7d53-466c-9cd8-cde3940d84cc,2026-06-28T21:00:00Z,2026-06-28T23:00:00+0200,894.12,MW,FR,FR,forecast_offshore_wind_generation,Wind Offshore,2026-07-11T19:30:56Z
2026-07-11T19:29:37Z,2026-07-11T21:29:37+0200,1d83aeba-7d53-466c-9cd8-cde3940d84cc,2026-06-28T21:15:00Z,2026-06-28T23:15:00+0200,901.42999,MW,FR,FR,forecast_offshore_wind_generation,Wind Offshore,2026-07-11T19:30:56Z
2026-07-11T19:29:37Z,2026-07-11T21:29:37+0200,1d83aeba-7d53-466c-9cd8-cde3940d84cc,2026-06-28T21:30:00Z,2026-06-28T23:30:00+0200,908.71997,MW,FR,FR,forecast_offshore_wind_generation,Wind Offshore,2026-07-11T19:30:56Z
2026-07-11T19:29:37Z,2026-07-11T21:29:37+0200,1d83aeba-7d53-466c-9cd8-cde3940d84cc,2026-06-28T21:45:00Z,2026-06-28T23:45:00+0200,916.00006,MW,FR,FR,forecast_offshore_wind_generation,Wind Offshore,2026-07-11T19:30:56Z
2026-07-11T19:29:37Z,2026-07-11T21:29:37+0200,1d83aeba-7d53-466c-9cd8-cde3940d84cc,2026-06-28T22:00:00Z,2026-06-29T00:00:00+0200,871.39001,MW,FR,FR,forecast_offshore_wind_generation,Wind Offshore,2026-07-11T19:30:56Z
2026-07-11T19:29:37Z,2026-07-11T21:29:37+0200,1d83aeba-7d53-466c-9cd8-cde3940d84cc,2026-06-28T22:15:00Z,2026-06-29T00:15:00+0200,849.14001,MW,FR,FR,forecast_offshore_wind_generation,Wind Offshore,2026-07-11T19:30:56Z
2026-07-11T19:29:37Z,2026-07-11T21:29:37+0200,1d83aeba-7d53-466c-9cd8-cde3940d84cc,2026-06-28T22:30:00Z,2026-06-29T00:30:00+0200,826.88,MW,FR,FR,forecast_offshore_wind_generation,Wind Offshore,2026-07-11T19:30:56Z
2026-07-11T19:29:37Z,2026-07-11T21:29:37+0200,1d83aeba-7d53-466c-9cd8-cde3940d84cc,2026-06-28T22:45:00Z,2026-06-29T00:45:00+0200,804.68005,MW,FR,FR,forecast_offshore_wind_generation,Wind Offshore,2026-07-11T19:30:56Z
2026-07-11T19:29:37Z,2026-07-11T21:29:37+0200,1d83aeba-7d53-466c-9cd8-cde3940d84cc,2026-06-28T23:00:00Z,2026-06-29T01:00:00+0200,782.47003,MW,FR,FR,forecast_offshore_wind_generation,Wind Offshore,2026-07-11T19:30:56Z
2026-07-11T19:29:37Z,2026-07-11T21:29:37+0200,1d83aeba-7d53-466c-9cd8-cde3940d84cc,2026-06-28T23:15:00Z,2026-06-29T01:15:00+0200,740.44995,MW,FR,FR,forecast_offshore_wind_generation,Wind Offshore,2026-07-11T19:30:56Z
2026-07-11T19:29:37Z,2026-07-11T21:29:37+0200,1d83aeba-7d53-466c-9cd8-cde3940d84cc,2026-06-28T23:30:00Z,2026-06-29T01:30:00+0200,698.44,MW,FR,FR,forecast_offshore_wind_generation,Wind Offshore,2026-07-11T19:30:56Z
2026-07-11T19:29:37Z,2026-07-11T21:29:37+0200,1d83aeba-7d53-466c-9cd8-cde3940d84cc,2026-06-28T23:45:00Z,2026-06-29T01:45:00+0200,656.42004,MW,FR,FR,forecast_offshore_wind_generation,Wind Offshore,2026-07-11T19:30:56Z
2026-07-11T19:29:37Z,2026-07-11T21:29:37+0200,1d83aeba-7d53-466c-9cd8-cde3940d84cc,2026-06-29T00:00:00Z,2026-06-29T02:00:00+0200,614.42999,MW,FR,FR,forecast_offshore_wind_generation,Wind Offshore,2026-07-11T19:30:56Z
2026-07-11T19:29:37Z,2026-07-11T21:29:37+0200,1d83aeba-7d53-466c-9cd8-cde3940d84cc,2026-06-29T00:15:00Z,2026-06-29T02:15:00+0200,575.35999,MW,FR,FR,forecast_offshore_wind_generation,Wind Offshore,2026-07-11T19:30:56Z
2026-07-11T19:29:37Z,2026-07-11T21:29:37+0200,1d83aeba-7d53-466c-9cd8-cde3940d84cc,2026-06-29T00:30:00Z,2026-06-29T02:30:00+0200,536.29999,MW,FR,FR,forecast_offshore_wind_generation,Wind Offshore,2026-07-11T19:30:56Z
2026-07-11T19:29:37Z,2026-07-11T21:29:37+0200,1d83aeba-7d53-466c-9cd8-cde3940d84cc,2026-06-29T00:45:00Z,2026-06-29T02:45:00+0200,497.25003,MW,FR,FR,forecast_offshore_wind_generation,Wind Offshore,2026-07-11T19:30:56Z
2026-07-11T19:29:37Z,2026-07-11T21:29:37+0200,1d83aeba-7d53-466c-9cd8-cde3940d84cc,2026-06-29T01:00:00Z,2026-06-29T03:00:00+0200,458.19,MW,FR,FR,forecast_offshore_wind_generation,Wind Offshore,2026-07-11T19:30:56Z
2026-07-11T19:29:37Z,2026-07-11T21:29:37+0200,1d83aeba-7d53-466c-9cd8-cde3940d84cc,2026-06-29T01:15:00Z,2026-06-29T03:15:00+0200,461.95001,MW,FR,FR,forecast_offshore_wind_generation,Wind Offshore,2026-07-11T19:30:56Z
2026-07-11T19:29:37Z,2026-07-11T21:29:37+0200,1d83aeba-7d53-466c-9cd8-cde3940d84cc,2026-06-29T01:30:00Z,2026-06-29T03:30:00+0200,465.70001,MW,FR,FR,forecast_offshore_wind_generation,Wind Offshore,2026-07-11T19:30:56Z
2026-07-11T19:29:37Z,2026-07-11T21:29:37+0200,1d83aeba-7d53-466c-9cd8-cde3940d84cc,2026-06-29T01:45:00Z,2026-06-29T03:45:00+0200,469.47,MW,FR,FR,forecast_offshore_wind_generation,Wind Offshore,2026-07-11T19:30:56Z
2026-07-11T19:29:37Z,2026-07-11T21:29:37+0200,1d83aeba-7d53-466c-9cd8-cde3940d84cc,2026-06-29T02:00:00Z,2026-06-29T04:00:00+0200,473.23999,MW,FR,FR,forecast_offshore_wind_generation,Wind Offshore,2026-07-11T19:30:56Z
2026-07-11T19:29:37Z,2026-07-11T21:29:37+0200,1d83aeba-7d53-466c-9cd8-cde3940d84cc,2026-06-29T02:15:00Z,2026-06-29T04:15:00+0200,459.45999,MW,FR,FR,forecast_offshore_wind_generation,Wind Offshore,2026-07-11T19:30:56Z
2026-07-11T19:29:37Z,2026-07-11T21:29:37+0200,1d83aeba-7d53-466c-9cd8-cde3940d84cc,2026-06-29T02:30:00Z,2026-06-29T04:30:00+0200,445.69,MW,FR,FR,forecast_offshore_wind_generation,Wind Offshore,2026-07-11T19:30:56Z
2026-07-11T19:29:37Z,2026-07-11T21:29:37+0200,1d83aeba-7d53-466c-9cd8-cde3940d84cc,2026-06-29T02:45:00Z,2026-06-29T04:45:00+0200,431.91,MW,FR,FR,forecast_offshore_wind_generation,Wind Offshore,2026-07-11T19:30:56Z
2026-07-11T19:29:37Z,2026-07-11T21:29:37+0200,1d83aeba-7d53-466c-9cd8-cde3940d84cc,2026-06-29T03:00:00Z,2026-06-29T05:00:00+0200,418.13004,MW,FR,FR,forecast_offshore_wind_generation,Wind Offshore,2026-07-11T19:30:56Z
2026-07-11T19:29:37Z,2026-07-11T21:29:37+0200,1d83aeba-7d53-466c-9cd8-cde3940d84cc,2026-06-29T03:15:00Z,2026-06-29T05:15:00+0200,404.31003,MW,FR,FR,forecast_offshore_wind_generation,Wind Offshore,2026-07-11T19:30:56Z
2026-07-11T19:29:37Z,2026-07-11T21:29:37+0200,1d83aeba-7d53-466c-9cd8-cde3940d84cc,2026-06-29T03:30:00Z,2026-06-29T05:30:00+0200,390.46002,MW,FR,FR,forecast_offshore_wind_generation,Wind Offshore,2026-07-11T19:30:56Z
2026-07-11T19:29:37Z,2026-07-11T21:29:37+0200,1d83aeba-7d53-466c-9cd8-cde3940d84cc,2026-06-29T03:45:00Z,2026-06-29T05:45:00+0200,376.64999,MW,FR,FR,forecast_offshore_wind_generation,Wind Offshore,2026-07-11T19:30:56Z
2026-07-11T19:29:37Z,2026-07-11T21:29:37+0200,1d83aeba-7d53-466c-9cd8-cde3940d84cc,2026-06-29T04:00:00Z,2026-06-29T06:00:00+0200,362.85001,MW,FR,FR,forecast_offshore_wind_generation,Wind Offshore,2026-07-11T19:30:56Z
2026-07-11T19:29:37Z,2026-07-11T21:29:37+0200,1d83aeba-7d53-466c-9cd8-cde3940d84cc,2026-06-29T04:15:00Z,2026-06-29T06:15:00+0200,343.97998,MW,FR,FR,forecast_offshore_wind_generation,Wind Offshore,2026-07-11T19:30:56Z
2026-07-11T19:29:37Z,2026-07-11T21:29:37+0200,1d83aeba-7d53-466c-9cd8-cde3940d84cc,2026-06-29T04:30:00Z,2026-06-29T06:30:00+0200,325.10999,MW,FR,FR,forecast_offshore_wind_generation,Wind Offshore,2026-07-11T19:30:56Z
2026-07-11T19:29:37Z,2026-07-11T21:29:37+0200,1d83aeba-7d53-466c-9cd8-cde3940d84cc,2026-06-29T04:45:00Z,2026-06-29T06:45:00+0200,306.28,MW,FR,FR,forecast_offshore_wind_generation,Wind Offshore,2026-07-11T19:30:56Z
2026-07-11T19:29:37Z,2026-07-11T21:29:37+0200,1d83aeba-7d53-466c-9cd8-cde3940d84cc,2026-06-29T05:00:00Z,2026-06-29T07:00:00+0200,287.41998,MW,FR,FR,forecast_offshore_wind_generation,Wind Offshore,2026-07-11T19:30:56Z
2026-07-11T19:29:37Z,2026-07-11T21:29:37+0200,1d83aeba-7d53-466c-9cd8-cde3940d84cc,2026-06-29T05:15:00Z,2026-06-29T07:15:00+0200,276.59,MW,FR,FR,forecast_offshore_wind_generation,Wind Offshore,2026-07-11T19:30:56Z
2026-07-11T19:29:37Z,2026-07-11T21:29:37+0200,1d83aeba-7d53-466c-9cd8-cde3940d84cc,2026-06-29T05:30:00Z,2026-06-29T07:30:00+0200,265.77002,MW,FR,FR,forecast_offshore_wind_generation,Wind Offshore,2026-07-11T19:30:56Z
2026-07-11T19:29:37Z,2026-07-11T21:29:37+0200,1d83aeba-7d53-466c-9cd8-cde3940d84cc,2026-06-29T05:45:00Z,2026-06-29T07:45:00+0200,254.95,MW,FR,FR,forecast_offshore_wind_generation,Wind Offshore,2026-07-11T19:30:56Z
2026-07-11T19:29:37Z,2026-07-11T21:29:37+0200,1d83aeba-7d53-466c-9cd8-cde3940d84cc,2026-06-29T06:00:00Z,2026-06-29T08:00:00+0200,244.13,MW,FR,FR,forecast_offshore_wind_generation,Wind Offshore,2026-07-11T19:30:56Z
2026-07-11T19:29:37Z,2026-07-11T21:29:37+0200,1d83aeba-7d53-466c-9cd8-cde3940d84cc,2026-06-29T06:15:00Z,2026-06-29T08:15:00+0200,239.51999,MW,FR,FR,forecast_offshore_wind_generation,Wind Offshore,2026-07-11T19:30:56Z
2026-07-11T19:29:37Z,2026-07-11T21:29:37+0200,1d83aeba-7d53-466c-9cd8-cde3940d84cc,2026-06-29T06:30:00Z,2026-06-29T08:30:00+0200,234.95001,MW,FR,FR,forecast_offshore_wind_generation,Wind Offshore,2026-07-11T19:30:56Z
2026-07-11T19:29:37Z,2026-07-11T21:29:37+0200,1d83aeba-7d53-466c-9cd8-cde3940d84cc,2026-06-29T06:45:00Z,2026-06-29T08:45:00+0200,230.36,MW,FR,FR,forecast_offshore_wind_generation,Wind Offshore,2026-07-11T19:30:56Z
2026-07-11T19:29:37Z,2026-07-11T21:29:37+0200,1d83aeba-7d53-466c-9cd8-cde3940d84cc,2026-06-29T07:00:00Z,2026-06-29T09:00:00+0200,225.76999,MW,FR,FR,forecast_offshore_wind_generation,Wind Offshore,2026-07-11T19:30:56Z
2026-07-11T19:29:37Z,2026-07-11T21:29:37+0200,1d83aeba-7d53-466c-9cd8-cde3940d84cc,2026-06-29T07:15:00Z,2026-06-29T09:15:00+0200,209.16998,MW,FR,FR,forecast_offshore_wind_generation,Wind Offshore,2026-07-11T19:30:56Z
2026-07-11T19:29:37Z,2026-07-11T21:29:37+0200,1d83aeba-7d53-466c-9cd8-cde3940d84cc,2026-06-29T07:30:00Z,2026-06-29T09:30:00+0200,192.56001,MW,FR,FR,forecast_offshore_wind_generation,Wind Offshore,2026-07-11T19:30:56Z
2026-07-11T19:29:37Z,2026-07-11T21:29:37+0200,1d83aeba-7d53-466c-9cd8-cde3940d84cc,2026-06-29T07:45:00Z,2026-06-29T09:45:00+0200,175.95,MW,FR,FR,forecast_offshore_wind_generation,Wind Offshore,2026-07-11T19:30:56Z
2026-07-11T19:29:37Z,2026-07-11T21:29:37+0200,1d83aeba-7d53-466c-9cd8-cde3940d84cc,2026-06-29T08:00:00Z,2026-06-29T10:00:00+0200,159.34999,MW,FR,FR,forecast_offshore_wind_generation,Wind Offshore,2026-07-11T19:30:56Z
2026-07-11T19:29:37Z,2026-07-11T21:29:37+0200,1d83aeba-7d53-466c-9cd8-cde3940d84cc,2026-06-29T08:15:00Z,2026-06-29T10:15:00+0200,150.10001,MW,FR,FR,forecast_offshore_wind_generation,Wind Offshore,2026-07-11T19:30:56Z
2026-07-11T19:29:37Z,2026-07-11T21:29:37+0200,1d83aeba-7d53-466c-9cd8-cde3940d84cc,2026-06-29T08:30:00Z,2026-06-29T10:30:00+0200,140.82001,MW,FR,FR,forecast_offshore_wind_generation,Wind Offshore,2026-07-11T19:30:56Z
2026-07-11T19:29:37Z,2026-07-11T21:29:37+0200,1d83aeba-7d53-466c-9cd8-cde3940d84cc,2026-06-29T08:45:00Z,2026-06-29T10:45:00+0200,131.56,MW,FR,FR,forecast_offshore_wind_generation,Wind Offshore,2026-07-11T19:30:56Z
2026-07-11T19:29:37Z,2026-07-11T21:29:37+0200,1d83aeba-7d53-466c-9cd8-cde3940d84cc,2026-06-29T09:00:00Z,2026-06-29T11:00:00+0200,122.28999,MW,FR,FR,forecast_offshore_wind_generation,Wind Offshore,2026-07-11T19:30:56Z
2026-07-11T19:29:37Z,2026-07-11T21:29:37+0200,1d83aeba-7d53-466c-9cd8-cde3940d84cc,2026-06-29T09:15:00Z,2026-06-29T11:15:00+0200,115.10001,MW,FR,FR,forecast_offshore_wind_generation,Wind Offshore,2026-07-11T19:30:56Z
2026-07-11T19:29:37Z,2026-07-11T21:29:37+0200,1d83aeba-7d53-466c-9cd8-cde3940d84cc,2026-06-29T09:30:00Z,2026-06-29T11:30:00+0200,107.89,MW,FR,FR,forecast_offshore_wind_generation,Wind Offshore,2026-07-11T19:30:56Z
2026-07-11T19:29:37Z,2026-07-11T21:29:37+0200,1d83aeba-7d53-466c-9cd8-cde3940d84cc,2026-06-29T09:45:00Z,2026-06-29T11:45:00+0200,100.7,MW,FR,FR,forecast_offshore_wind_generation,Wind Offshore,2026-07-11T19:30:56Z
2026-07-11T19:29:37Z,2026-07-11T21:29:37+0200,1d83aeba-7d53-466c-9cd8-cde3940d84cc,2026-06-29T10:00:00Z,2026-06-29T12:00:00+0200,93.51,MW,FR,FR,forecast_offshore_wind_generation,Wind Offshore,2026-07-11T19:30:56Z
2026-07-11T19:29:37Z,2026-07-11T21:29:37+0200,1d83aeba-7d53-466c-9cd8-cde3940d84cc,2026-06-29T10:15:00Z,2026-06-29T12:15:00+0200,94.18,MW,FR,FR,forecast_offshore_wind_generation,Wind Offshore,2026-07-11T19:30:56Z
2026-07-11T19:29:37Z,2026-07-11T21:29:37+0200,1d83aeba-7d53-466c-9cd8-cde3940d84cc,2026-06-29T10:30:00Z,2026-06-29T12:30:00+0200,94.84,MW,FR,FR,forecast_offshore_wind_generation,Wind Offshore,2026-07-11T19:30:56Z
2026-07-11T19:29:37Z,2026-07-11T21:29:37+0200,1d83aeba-7d53-466c-9cd8-cde3940d84cc,2026-06-29T10:45:00Z,2026-06-29T12:45:00+0200,95.51,MW,FR,FR,forecast_offshore_wind_generation,Wind Offshore,2026-07-11T19:30:56Z
2026-07-11T19:29:37Z,2026-07-11T21:29:37+0200,1d83aeba-7d53-466c-9cd8-cde3940d84cc,2026-06-29T11:00:00Z,2026-06-29T13:00:00+0200,96.16,MW,FR,FR,forecast_offshore_wind_generation,Wind Offshore,2026-07-11T19:30:56Z
2026-07-11T19:29:37Z,2026-07-11T21:29:37+0200,1d83aeba-7d53-466c-9cd8-cde3940d84cc,2026-06-29T11:15:00Z,2026-06-29T13:15:00+0200,95.84,MW,FR,FR,forecast_offshore_wind_generation,Wind Offshore,2026-07-11T19:30:56Z
2026-07-11T19:29:37Z,2026-07-11T21:29:37+0200,1d83aeba-7d53-466c-9cd8-cde3940d84cc,2026-06-29T11:30:00Z,2026-06-29T13:30:00+0200,95.52,MW,FR,FR,forecast_offshore_wind_generation,Wind Offshore,2026-07-11T19:30:56Z
2026-07-11T19:29:37Z,2026-07-11T21:29:37+0200,1d83aeba-7d53-466c-9cd8-cde3940d84cc,2026-06-29T11:45:00Z,2026-06-29T13:45:00+0200,95.19,MW,FR,FR,forecast_offshore_wind_generation,Wind Offshore,2026-07-11T19:30:56Z
2026-07-11T19:29:37Z,2026-07-11T21:29:37+0200,1d83aeba-7d53-466c-9cd8-cde3940d84cc,2026-06-29T12:00:00Z,2026-06-29T14:00:00+0200,94.85999,MW,FR,FR,forecast_offshore_wind_generation,Wind Offshore,2026-07-11T19:30:56Z
2026-07-11T19:29:37Z,2026-07-11T21:29:37+0200,1d83aeba-7d53-466c-9cd8-cde3940d84cc,2026-06-29T12:15:00Z,2026-06-29T14:15:00+0200,102.42001,MW,FR,FR,forecast_offshore_wind_generation,Wind Offshore,2026-07-11T19:30:56Z
2026-07-11T19:29:37Z,2026-07-11T21:29:37+0200,1d83aeba-7d53-466c-9cd8-cde3940d84cc,2026-06-29T12:30:00Z,2026-06-29T14:30:00+0200,109.97,MW,FR,FR,forecast_offshore_wind_generation,Wind Offshore,2026-07-11T19:30:56Z
2026-07-11T19:29:37Z,2026-07-11T21:29:37+0200,1d83aeba-7d53-466c-9cd8-cde3940d84cc,2026-06-29T12:45:00Z,2026-06-29T14:45:00+0200,117.52,MW,FR,FR,forecast_offshore_wind_generation,Wind Offshore,2026-07-11T19:30:56Z
2026-07-11T19:29:37Z,2026-07-11T21:29:37+0200,1d83aeba-7d53-466c-9cd8-cde3940d84cc,2026-06-29T13:00:00Z,2026-06-29T15:00:00+0200,125.08,MW,FR,FR,forecast_offshore_wind_generation,Wind Offshore,2026-07-11T19:30:56Z
2026-07-11T19:29:37Z,2026-07-11T21:29:37+0200,1d83aeba-7d53-466c-9cd8-cde3940d84cc,2026-06-29T13:15:00Z,2026-06-29T15:15:00+0200,148.79001,MW,FR,FR,forecast_offshore_wind_generation,Wind Offshore,2026-07-11T19:30:56Z
2026-07-11T19:29:37Z,2026-07-11T21:29:37+0200,1d83aeba-7d53-466c-9cd8-cde3940d84cc,2026-06-29T13:30:00Z,2026-06-29T15:30:00+0200,172.5,MW,FR,FR,forecast_offshore_wind_generation,Wind Offshore,2026-07-11T19:30:56Z
2026-07-11T19:29:37Z,2026-07-11T21:29:37+0200,1d83aeba-7d53-466c-9cd8-cde3940d84cc,2026-06-29T13:45:00Z,2026-06-29T15:45:00+0200,196.20999,MW,FR,FR,forecast_offshore_wind_generation,Wind Offshore,2026-07-11T19:30:56Z
2026-07-11T19:29:37Z,2026-07-11T21:29:37+0200,1d83aeba-7d53-466c-9cd8-cde3940d84cc,2026-06-29T14:00:00Z,2026-06-29T16:00:00+0200,219.92001,MW,FR,FR,forecast_offshore_wind_generation,Wind Offshore,2026-07-11T19:30:56Z
2026-07-11T19:29:37Z,2026-07-11T21:29:37+0200,1d83aeba-7d53-466c-9cd8-cde3940d84cc,2026-06-29T14:15:00Z,2026-06-29T16:15:00+0200,247.86,MW,FR,FR,forecast_offshore_wind_generation,Wind Offshore,2026-07-11T19:30:56Z
2026-07-11T19:29:37Z,2026-07-11T21:29:37+0200,1d83aeba-7d53-466c-9cd8-cde3940d84cc,2026-06-29T14:30:00Z,2026-06-29T16:30:00+0200,275.79999,MW,FR,FR,forecast_offshore_wind_generation,Wind Offshore,2026-07-11T19:30:56Z
2026-07-11T19:29:37Z,2026-07-11T21:29:37+0200,1d83aeba-7d53-466c-9cd8-cde3940d84cc,2026-06-29T14:45:00Z,2026-06-29T16:45:00+0200,303.73001,MW,FR,FR,forecast_offshore_wind_generation,Wind Offshore,2026-07-11T19:30:56Z
2026-07-11T19:29:37Z,2026-07-11T21:29:37+0200,1d83aeba-7d53-466c-9cd8-cde3940d84cc,2026-06-29T15:00:00Z,2026-06-29T17:00:00+0200,331.66,MW,FR,FR,forecast_offshore_wind_generation,Wind Offshore,2026-07-11T19:30:56Z
2026-07-11T19:29:37Z,2026-07-11T21:29:37+0200,1d83aeba-7d53-466c-9cd8-cde3940d84cc,2026-06-29T15:15:00Z,2026-06-29T17:15:00+0200,351.15997,MW,FR,FR,forecast_offshore_wind_generation,Wind Offshore,2026-07-11T19:30:56Z
2026-07-11T19:29:37Z,2026-07-11T21:29:37+0200,1d83aeba-7d53-466c-9cd8-cde3940d84cc,2026-06-29T15:30:00Z,2026-06-29T17:30:00+0200,370.66003,MW,FR,FR,forecast_offshore_wind_generation,Wind Offshore,2026-07-11T19:30:56Z
2026-07-11T19:29:37Z,2026-07-11T21:29:37+0200,1d83aeba-7d53-466c-9cd8-cde3940d84cc,2026-06-29T15:45:00Z,2026-06-29T17:45:00+0200,390.14996,MW,FR,FR,forecast_offshore_wind_generation,Wind Offshore,2026-07-11T19:30:56Z
2026-07-11T19:29:37Z,2026-07-11T21:29:37+0200,1d83aeba-7d53-466c-9cd8-cde3940d84cc,2026-06-29T16:00:00Z,2026-06-29T18:00:00+0200,409.62,MW,FR,FR,forecast_offshore_wind_generation,Wind Offshore,2026-07-11T19:30:56Z
2026-07-11T19:29:37Z,2026-07-11T21:29:37+0200,1d83aeba-7d53-466c-9cd8-cde3940d84cc,2026-06-29T16:15:00Z,2026-06-29T18:15:00+0200,441.25,MW,FR,FR,forecast_offshore_wind_generation,Wind Offshore,2026-07-11T19:30:56Z
2026-07-11T19:29:37Z,2026-07-11T21:29:37+0200,1d83aeba-7d53-466c-9cd8-cde3940d84cc,2026-06-29T16:30:00Z,2026-06-29T18:30:00+0200,472.87,MW,FR,FR,forecast_offshore_wind_generation,Wind Offshore,2026-07-11T19:30:56Z
2026-07-11T19:29:37Z,2026-07-11T21:29:37+0200,1d83aeba-7d53-466c-9cd8-cde3940d84cc,2026-06-29T16:45:00Z,2026-06-29T18:45:00+0200,504.48001,MW,FR,FR,forecast_offshore_wind_generation,Wind Offshore,2026-07-11T19:30:56Z
2026-07-11T19:29:37Z,2026-07-11T21:29:37+0200,1d83aeba-7d53-466c-9cd8-cde3940d84cc,2026-06-29T17:00:00Z,2026-06-29T19:00:00+0200,536.08997,MW,FR,FR,forecast_offshore_wind_generation,Wind Offshore,2026-07-11T19:30:56Z
2026-07-11T19:29:37Z,2026-07-11T21:29:37+0200,1d83aeba-7d53-466c-9cd8-cde3940d84cc,2026-06-29T17:15:00Z,2026-06-29T19:15:00+0200,546.66998,MW,FR,FR,forecast_offshore_wind_generation,Wind Offshore,2026-07-11T19:30:56Z
2026-07-11T19:29:37Z,2026-07-11T21:29:37+0200,1d83aeba-7d53-466c-9cd8-cde3940d84cc,2026-06-29T17:30:00Z,2026-06-29T19:30:00+0200,557.25,MW,FR,FR,forecast_offshore_wind_generation,Wind Offshore,2026-07-11T19:30:56Z
2026-07-11T19:29:37Z,2026-07-11T21:29:37+0200,1d83aeba-7d53-466c-9cd8-cde3940d84cc,2026-06-29T17:45:00Z,2026-06-29T19:45:00+0200,567.81,MW,FR,FR,forecast_offshore_wind_generation,Wind Offshore,2026-07-11T19:30:56Z
2026-07-11T19:29:37Z,2026-07-11T21:29:37+0200,1d83aeba-7d53-466c-9cd8-cde3940d84cc,2026-06-29T18:00:00Z,2026-06-29T20:00:00+0200,578.37,MW,FR,FR,forecast_offshore_wind_generation,Wind Offshore,2026-07-11T19:30:56Z
2026-07-11T19:29:37Z,2026-07-11T21:29:37+0200,1d83aeba-7d53-466c-9cd8-cde3940d84cc,2026-06-29T18:15:00Z,2026-06-29T20:15:00+0200,558.76996,MW,FR,FR,forecast_offshore_wind_generation,Wind Offshore,2026-07-11T19:30:56Z
2026-07-11T19:29:37Z,2026-07-11T21:29:37+0200,1d83aeba-7d53-466c-9cd8-cde3940d84cc,2026-06-29T18:30:00Z,2026-06-29T20:30:00+0200,539.14001,MW,FR,FR,forecast_offshore_wind_generation,Wind Offshore,2026-07-11T19:30:56Z
2026-07-11T19:29:37Z,2026-07-11T21:29:37+0200,1d83aeba-7d53-466c-9cd8-cde3940d84cc,2026-06-29T18:45:00Z,2026-06-29T20:45:00+0200,519.53998,MW,FR,FR,forecast_offshore_wind_generation,Wind Offshore,2026-07-11T19:30:56Z
2026-07-11T19:29:37Z,2026-07-11T21:29:37+0200,1d83aeba-7d53-466c-9cd8-cde3940d84cc,2026-06-29T19:00:00Z,2026-06-29T21:00:00+0200,499.95001,MW,FR,FR,forecast_offshore_wind_generation,Wind Offshore,2026-07-11T19:30:56Z
2026-07-11T19:29:37Z,2026-07-11T21:29:37+0200,1d83aeba-7d53-466c-9cd8-cde3940d84cc,2026-06-29T19:15:00Z,2026-06-29T21:15:00+0200,506.40002,MW,FR,FR,forecast_offshore_wind_generation,Wind Offshore,2026-07-11T19:30:56Z
2026-07-11T19:29:37Z,2026-07-11T21:29:37+0200,1d83aeba-7d53-466c-9cd8-cde3940d84cc,2026-06-29T19:30:00Z,2026-06-29T21:30:00+0200,512.85004,MW,FR,FR,forecast_offshore_wind_generation,Wind Offshore,2026-07-11T19:30:56Z
2026-07-11T19:29:37Z,2026-07-11T21:29:37+0200,1d83aeba-7d53-466c-9cd8-cde3940d84cc,2026-06-29T19:45:00Z,2026-06-29T21:45:00+0200,519.32001,MW,FR,FR,forecast_offshore_wind_generation,Wind Offshore,2026-07-11T19:30:56Z
2026-07-11T19:29:37Z,2026-07-11T21:29:37+0200,1d83aeba-7d53-466c-9cd8-cde3940d84cc,2026-06-29T20:00:00Z,2026-06-29T22:00:00+0200,525.78003,MW,FR,FR,forecast_offshore_wind_generation,Wind Offshore,2026-07-11T19:30:56Z
2026-07-11T19:29:37Z,2026-07-11T21:29:37+0200,1d83aeba-7d53-466c-9cd8-cde3940d84cc,2026-06-29T20:15:00Z,2026-06-29T22:15:00+0200,495.75998,MW,FR,FR,forecast_offshore_wind_generation,Wind Offshore,2026-07-11T19:30:56Z
2026-07-11T19:29:37Z,2026-07-11T21:29:37+0200,1d83aeba-7d53-466c-9cd8-cde3940d84cc,2026-06-29T20:30:00Z,2026-06-29T22:30:00+0200,465.75003,MW,FR,FR,forecast_offshore_wind_generation,Wind Offshore,2026-07-11T19:30:56Z
2026-07-11T19:29:37Z,2026-07-11T21:29:37+0200,1d83aeba-7d53-466c-9cd8-cde3940d84cc,2026-06-29T20:45:00Z,2026-06-29T22:45:00+0200,435.77002,MW,FR,FR,forecast_offshore_wind_generation,Wind Offshore,2026-07-11T19:30:56Z
2026-07-11T19:29:37Z,2026-07-11T21:29:37+0200,1d83aeba-7d53-466c-9cd8-cde3940d84cc,2026-06-29T21:00:00Z,2026-06-29T23:00:00+0200,405.78003,MW,FR,FR,forecast_offshore_wind_generation,Wind Offshore,2026-07-11T19:30:56Z
2026-07-11T19:29:37Z,2026-07-11T21:29:37+0200,1d83aeba-7d53-466c-9cd8-cde3940d84cc,2026-06-29T21:15:00Z,2026-06-29T23:15:00+0200,386.34003,MW,FR,FR,forecast_offshore_wind_generation,Wind Offshore,2026-07-11T19:30:56Z
2026-07-11T19:29:37Z,2026-07-11T21:29:37+0200,1d83aeba-7d53-466c-9cd8-cde3940d84cc,2026-06-29T21:30:00Z,2026-06-29T23:30:00+0200,366.89001,MW,FR,FR,forecast_offshore_wind_generation,Wind Offshore,2026-07-11T19:30:56Z
2026-07-11T19:29:37Z,2026-07-11T21:29:37+0200,1d83aeba-7d53-466c-9cd8-cde3940d84cc,2026-06-29T21:45:00Z,2026-06-29T23:45:00+0200,347.43997,MW,FR,FR,forecast_offshore_wind_generation,Wind Offshore,2026-07-11T19:30:56Z
2026-07-11T19:29:37Z,2026-07-11T21:29:37+0200,1d83aeba-7d53-466c-9cd8-cde3940d84cc,2026-06-29T22:00:00Z,2026-06-30T00:00:00+0200,244.59,MW,FR,FR,forecast_offshore_wind_generation,Wind Offshore,2026-07-11T19:30:56Z
2026-07-11T19:29:37Z,2026-07-11T21:29:37+0200,1d83aeba-7d53-466c-9cd8-cde3940d84cc,2026-06-29T22:15:00Z,2026-06-30T00:15:00+0200,227.60001,MW,FR,FR,forecast_offshore_wind_generation,Wind Offshore,2026-07-11T19:30:56Z
2026-07-11T19:29:37Z,2026-07-11T21:29:37+0200,1d83aeba-7d53-466c-9cd8-cde3940d84cc,2026-06-29T22:30:00Z,2026-06-30T00:30:00+0200,210.61002,MW,FR,FR,forecast_offshore_wind_generation,Wind Offshore,2026-07-11T19:30:56Z
2026-07-11T19:29:37Z,2026-07-11T21:29:37+0200,1d83aeba-7d53-466c-9cd8-cde3940d84cc,2026-06-29T22:45:00Z,2026-06-30T00:45:00+0200,193.53,MW,FR,FR,forecast_offshore_wind_generation,Wind Offshore,2026-07-11T19:30:56Z
2026-07-11T19:29:37Z,2026-07-11T21:29:37+0200,1d83aeba-7d53-466c-9cd8-cde3940d84cc,2026-06-29T23:00:00Z,2026-06-30T01:00:00+0200,176.42999,MW,FR,FR,forecast_offshore_wind_generation,Wind Offshore,2026-07-11T19:30:56Z
2026-07-11T19:29:37Z,2026-07-11T21:29:37+0200,1d83aeba-7d53-466c-9cd8-cde3940d84cc,2026-06-29T23:15:00Z,2026-06-30T01:15:00+0200,166.39999,MW,FR,FR,forecast_offshore_wind_generation,Wind Offshore,2026-07-11T19:30:56Z
2026-07-11T19:29:37Z,2026-07-11T21:29:37+0200,1d83aeba-7d53-466c-9cd8-cde3940d84cc,2026-06-29T23:30:00Z,2026-06-30T01:30:00+0200,156.37999,MW,FR,FR,forecast_offshore_wind_generation,Wind Offshore,2026-07-11T19:30:56Z
2026-07-11T19:29:37Z,2026-07-11T21:29:37+0200,1d83aeba-7d53-466c-9cd8-cde3940d84cc,2026-06-29T23:45:00Z,2026-06-30T01:45:00+0200,146.31,MW,FR,FR,forecast_offshore_wind_generation,Wind Offshore,2026-07-11T19:30:56Z
2026-07-11T19:29:37Z,2026-07-11T21:29:37+0200,1d83aeba-7d53-466c-9cd8-cde3940d84cc,2026-06-30T00:00:00Z,2026-06-30T02:00:00+0200,136.25,MW,FR,FR,forecast_offshore_wind_generation,Wind Offshore,2026-07-11T19:30:56Z
2026-07-11T19:29:37Z,2026-07-11T21:29:37+0200,1d83aeba-7d53-466c-9cd8-cde3940d84cc,2026-06-30T00:15:00Z,2026-06-30T02:15:00+0200,125.8,MW,FR,FR,forecast_offshore_wind_generation,Wind Offshore,2026-07-11T19:30:56Z
2026-07-11T19:29:37Z,2026-07-11T21:29:37+0200,1d83aeba-7d53-466c-9cd8-cde3940d84cc,2026-06-30T00:30:00Z,2026-06-30T02:30:00+0200,115.36,MW,FR,FR,forecast_offshore_wind_generation,Wind Offshore,2026-07-11T19:30:56Z
2026-07-11T19:29:37Z,2026-07-11T21:29:37+0200,1d83aeba-7d53-466c-9cd8-cde3940d84cc,2026-06-30T00:45:00Z,2026-06-30T02:45:00+0200,104.91,MW,FR,FR,forecast_offshore_wind_generation,Wind Offshore,2026-07-11T19:30:56Z
2026-07-11T19:29:37Z,2026-07-11T21:29:37+0200,1d83aeba-7d53-466c-9cd8-cde3940d84cc,2026-06-30T01:00:00Z,2026-06-30T03:00:00+0200,94.46,MW,FR,FR,forecast_offshore_wind_generation,Wind Offshore,2026-07-11T19:30:56Z
2026-07-11T19:29:37Z,2026-07-11T21:29:37+0200,1d83aeba-7d53-466c-9cd8-cde3940d84cc,2026-06-30T01:15:00Z,2026-06-30T03:15:00+0200,89.94,MW,FR,FR,forecast_offshore_wind_generation,Wind Offshore,2026-07-11T19:30:56Z
2026-07-11T19:29:37Z,2026-07-11T21:29:37+0200,1d83aeba-7d53-466c-9cd8-cde3940d84cc,2026-06-30T01:30:00Z,2026-06-30T03:30:00+0200,85.41,MW,FR,FR,forecast_offshore_wind_generation,Wind Offshore,2026-07-11T19:30:56Z
2026-07-11T19:29:37Z,2026-07-11T21:29:37+0200,1d83aeba-7d53-466c-9cd8-cde3940d84cc,2026-06-30T01:45:00Z,2026-06-30T03:45:00+0200,80.89,MW,FR,FR,forecast_offshore_wind_generation,Wind Offshore,2026-07-11T19:30:56Z
2026-07-11T19:29:37Z,2026-07-11T21:29:37+0200,1d83aeba-7d53-466c-9cd8-cde3940d84cc,2026-06-30T02:00:00Z,2026-06-30T04:00:00+0200,76.37,MW,FR,FR,forecast_offshore_wind_generation,Wind Offshore,2026-07-11T19:30:56Z
2026-07-11T19:29:37Z,2026-07-11T21:29:37+0200,1d83aeba-7d53-466c-9cd8-cde3940d84cc,2026-06-30T02:15:00Z,2026-06-30T04:15:00+0200,73.25,MW,FR,FR,forecast_offshore_wind_generation,Wind Offshore,2026-07-11T19:30:56Z
2026-07-11T19:29:37Z,2026-07-11T21:29:37+0200,1d83aeba-7d53-466c-9cd8-cde3940d84cc,2026-06-30T02:30:00Z,2026-06-30T04:30:00+0200,70.17,MW,FR,FR,forecast_offshore_wind_generation,Wind Offshore,2026-07-11T19:30:56Z
2026-07-11T19:29:37Z,2026-07-11T21:29:37+0200,1d83aeba-7d53-466c-9cd8-cde3940d84cc,2026-06-30T02:45:00Z,2026-06-30T04:45:00+0200,67.05,MW,FR,FR,forecast_offshore_wind_generation,Wind Offshore,2026-07-11T19:30:56Z
2026-07-11T19:29:37Z,2026-07-11T21:29:37+0200,1d83aeba-7d53-466c-9cd8-cde3940d84cc,2026-06-30T03:00:00Z,2026-06-30T05:00:00+0200,63.94,MW,FR,FR,forecast_offshore_wind_generation,Wind Offshore,2026-07-11T19:30:56Z
2026-07-11T19:29:37Z,2026-07-11T21:29:37+0200,1d83aeba-7d53-466c-9cd8-cde3940d84cc,2026-06-30T03:15:00Z,2026-06-30T05:15:00+0200,65.37,MW,FR,FR,forecast_offshore_wind_generation,Wind Offshore,2026-07-11T19:30:56Z
2026-07-11T19:29:37Z,2026-07-11T21:29:37+0200,1d83aeba-7d53-466c-9cd8-cde3940d84cc,2026-06-30T03:30:00Z,2026-06-30T05:30:00+0200,66.83,MW,FR,FR,forecast_offshore_wind_generation,Wind Offshore,2026-07-11T19:30:56Z
2026-07-11T19:29:37Z,2026-07-11T21:29:37+0200,1d83aeba-7d53-466c-9cd8-cde3940d84cc,2026-06-30T03:45:00Z,2026-06-30T05:45:00+0200,68.21999,MW,FR,FR,forecast_offshore_wind_generation,Wind Offshore,2026-07-11T19:30:56Z
2026-07-11T19:29:37Z,2026-07-11T21:29:37+0200,1d83aeba-7d53-466c-9cd8-cde3940d84cc,2026-06-30T04:00:00Z,2026-06-30T06:00:00+0200,69.64,MW,FR,FR,forecast_offshore_wind_generation,Wind Offshore,2026-07-11T19:30:56Z
2026-07-11T19:29:37Z,2026-07-11T21:29:37+0200,1d83aeba-7d53-466c-9cd8-cde3940d84cc,2026-06-30T04:15:00Z,2026-06-30T06:15:00+0200,64.25,MW,FR,FR,forecast_offshore_wind_generation,Wind Offshore,2026-07-11T19:30:56Z
2026-07-11T19:29:37Z,2026-07-11T21:29:37+0200,1d83aeba-7d53-466c-9cd8-cde3940d84cc,2026-06-30T04:30:00Z,2026-06-30T06:30:00+0200,58.84,MW,FR,FR,forecast_offshore_wind_generation,Wind Offshore,2026-07-11T19:30:56Z
2026-07-11T19:29:37Z,2026-07-11T21:29:37+0200,1d83aeba-7d53-466c-9cd8-cde3940d84cc,2026-06-30T04:45:00Z,2026-06-30T06:45:00+0200,53.42,MW,FR,FR,forecast_offshore_wind_generation,Wind Offshore,2026-07-11T19:30:56Z
2026-07-11T19:29:37Z,2026-07-11T21:29:37+0200,1d83aeba-7d53-466c-9cd8-cde3940d84cc,2026-06-30T05:00:00Z,2026-06-30T07:00:00+0200,47.98,MW,FR,FR,forecast_offshore_wind_generation,Wind Offshore,2026-07-11T19:30:56Z
2026-07-11T19:29:37Z,2026-07-11T21:29:37+0200,1d83aeba-7d53-466c-9cd8-cde3940d84cc,2026-06-30T05:15:00Z,2026-06-30T07:15:00+0200,47.35,MW,FR,FR,forecast_offshore_wind_generation,Wind Offshore,2026-07-11T19:30:56Z
2026-07-11T19:29:37Z,2026-07-11T21:29:37+0200,1d83aeba-7d53-466c-9cd8-cde3940d84cc,2026-06-30T05:30:00Z,2026-06-30T07:30:00+0200,46.73,MW,FR,FR,forecast_offshore_wind_generation,Wind Offshore,2026-07-11T19:30:56Z
2026-07-11T19:29:37Z,2026-07-11T21:29:37+0200,1d83aeba-7d53-466c-9cd8-cde3940d84cc,2026-06-30T05:45:00Z,2026-06-30T07:45:00+0200,46.05,MW,FR,FR,forecast_offshore_wind_generation,Wind Offshore,2026-07-11T19:30:56Z
2026-07-11T19:29:37Z,2026-07-11T21:29:37+0200,1d83aeba-7d53-466c-9cd8-cde3940d84cc,2026-06-30T06:00:00Z,2026-06-30T08:00:00+0200,45.39,MW,FR,FR,forecast_offshore_wind_generation,Wind Offshore,2026-07-11T19:30:56Z
2026-07-11T19:29:37Z,2026-07-11T21:29:37+0200,1d83aeba-7d53-466c-9cd8-cde3940d84cc,2026-06-30T06:15:00Z,2026-06-30T08:15:00+0200,42.61,MW,FR,FR,forecast_offshore_wind_generation,Wind Offshore,2026-07-11T19:30:56Z
2026-07-11T19:29:37Z,2026-07-11T21:29:37+0200,1d83aeba-7d53-466c-9cd8-cde3940d84cc,2026-06-30T06:30:00Z,2026-06-30T08:30:00+0200,39.85,MW,FR,FR,forecast_offshore_wind_generation,Wind Offshore,2026-07-11T19:30:56Z
2026-07-11T19:29:37Z,2026-07-11T21:29:37+0200,1d83aeba-7d53-466c-9cd8-cde3940d84cc,2026-06-30T06:45:00Z,2026-06-30T08:45:00+0200,37.04,MW,FR,FR,forecast_offshore_wind_generation,Wind Offshore,2026-07-11T19:30:56Z
2026-07-11T19:29:37Z,2026-07-11T21:29:37+0200,1d83aeba-7d53-466c-9cd8-cde3940d84cc,2026-06-30T07:00:00Z,2026-06-30T09:00:00+0200,34.24,MW,FR,FR,forecast_offshore_wind_generation,Wind Offshore,2026-07-11T19:30:56Z
2026-07-11T19:29:37Z,2026-07-11T21:29:37+0200,1d83aeba-7d53-466c-9cd8-cde3940d84cc,2026-06-30T07:15:00Z,2026-06-30T09:15:00+0200,33.21,MW,FR,FR,forecast_offshore_wind_generation,Wind Offshore,2026-07-11T19:30:56Z
2026-07-11T19:29:37Z,2026-07-11T21:29:37+0200,1d83aeba-7d53-466c-9cd8-cde3940d84cc,2026-06-30T07:30:00Z,2026-06-30T09:30:00+0200,32.18,MW,FR,FR,forecast_offshore_wind_generation,Wind Offshore,2026-07-11T19:30:56Z
2026-07-11T19:29:37Z,2026-07-11T21:29:37+0200,1d83aeba-7d53-466c-9cd8-cde3940d84cc,2026-06-30T07:45:00Z,2026-06-30T09:45:00+0200,31.12,MW,FR,FR,forecast_offshore_wind_generation,Wind Offshore,2026-07-11T19:30:56Z
2026-07-11T19:29:37Z,2026-07-11T21:29:37+0200,1d83aeba-7d53-466c-9cd8-cde3940d84cc,2026-06-30T08:00:00Z,2026-06-30T10:00:00+0200,30.09,MW,FR,FR,forecast_offshore_wind_generation,Wind Offshore,2026-07-11T19:30:56Z
2026-07-11T19:29:37Z,2026-07-11T21:29:37+0200,1d83aeba-7d53-466c-9cd8-cde3940d84cc,2026-06-30T08:15:00Z,2026-06-30T10:15:00+0200,32.82,MW,FR,FR,forecast_offshore_wind_generation,Wind Offshore,2026-07-11T19:30:56Z
2026-07-11T19:29:37Z,2026-07-11T21:29:37+0200,1d83aeba-7d53-466c-9cd8-cde3940d84cc,2026-06-30T08:30:00Z,2026-06-30T10:30:00+0200,35.56,MW,FR,FR,forecast_offshore_wind_generation,Wind Offshore,2026-07-11T19:30:56Z
2026-07-11T19:29:37Z,2026-07-11T21:29:37+0200,1d83aeba-7d53-466c-9cd8-cde3940d84cc,2026-06-30T08:45:00Z,2026-06-30T10:45:00+0200,38.28,MW,FR,FR,forecast_offshore_wind_generation,Wind Offshore,2026-07-11T19:30:56Z
2026-07-11T19:29:37Z,2026-07-11T21:29:37+0200,1d83aeba-7d53-466c-9cd8-cde3940d84cc,2026-06-30T09:00:00Z,2026-06-30T11:00:00+0200,41.02,MW,FR,FR,forecast_offshore_wind_generation,Wind Offshore,2026-07-11T19:30:56Z
2026-07-11T19:29:37Z,2026-07-11T21:29:37+0200,1d83aeba-7d53-466c-9cd8-cde3940d84cc,2026-06-30T09:15:00Z,2026-06-30T11:15:00+0200,54.59,MW,FR,FR,forecast_offshore_wind_generation,Wind Offshore,2026-07-11T19:30:56Z
2026-07-11T19:29:37Z,2026-07-11T21:29:37+0200,1d83aeba-7d53-466c-9cd8-cde3940d84cc,2026-06-30T09:30:00Z,2026-06-30T11:30:00+0200,68.17,MW,FR,FR,forecast_offshore_wind_generation,Wind Offshore,2026-07-11T19:30:56Z
2026-07-11T19:29:37Z,2026-07-11T21:29:37+0200,1d83aeba-7d53-466c-9cd8-cde3940d84cc,2026-06-30T09:45:00Z,2026-06-30T11:45:00+0200,81.75001,MW,FR,FR,forecast_offshore_wind_generation,Wind Offshore,2026-07-11T19:30:56Z
2026-07-11T19:29:37Z,2026-07-11T21:29:37+0200,1d83aeba-7d53-466c-9cd8-cde3940d84cc,2026-06-30T10:00:00Z,2026-06-30T12:00:00+0200,95.33,MW,FR,FR,forecast_offshore_wind_generation,Wind Offshore,2026-07-11T19:30:56Z
2026-07-11T19:29:37Z,2026-07-11T21:29:37+0200,1d83aeba-7d53-466c-9cd8-cde3940d84cc,2026-06-30T10:15:00Z,2026-06-30T12:15:00+0200,113.57,MW,FR,FR,forecast_offshore_wind_generation,Wind Offshore,2026-07-11T19:30:56Z
2026-07-11T19:29:37Z,2026-07-11T21:29:37+0200,1d83aeba-7d53-466c-9cd8-cde3940d84cc,2026-06-30T10:30:00Z,2026-06-30T12:30:00+0200,131.81,MW,FR,FR,forecast_offshore_wind_generation,Wind Offshore,2026-07-11T19:30:56Z
2026-07-11T19:29:37Z,2026-07-11T21:29:37+0200,1d83aeba-7d53-466c-9cd8-cde3940d84cc,2026-06-30T10:45:00Z,2026-06-30T12:45:00+0200,150.08,MW,FR,FR,forecast_offshore_wind_generation,Wind Offshore,2026-07-11T19:30:56Z
2026-07-11T19:29:37Z,2026-07-11T21:29:37+0200,1d83aeba-7d53-466c-9cd8-cde3940d84cc,2026-06-30T11:00:00Z,2026-06-30T13:00:00+0200,168.32001,MW,FR,FR,forecast_offshore_wind_generation,Wind Offshore,2026-07-11T19:30:56Z
2026-07-11T19:29:37Z,2026-07-11T21:29:37+0200,1d83aeba-7d53-466c-9cd8-cde3940d84cc,2026-06-30T11:15:00Z,2026-06-30T13:15:00+0200,195.43001,MW,FR,FR,forecast_offshore_wind_generation,Wind Offshore,2026-07-11T19:30:56Z
2026-07-11T19:29:37Z,2026-07-11T21:29:37+0200,1d83aeba-7d53-466c-9cd8-cde3940d84cc,2026-06-30T11:30:00Z,2026-06-30T13:30:00+0200,222.55,MW,FR,FR,forecast_offshore_wind_generation,Wind Offshore,2026-07-11T19:30:56Z
2026-07-11T19:29:37Z,2026-07-11T21:29:37+0200,1d83aeba-7d53-466c-9cd8-cde3940d84cc,2026-06-30T11:45:00Z,2026-06-30T13:45:00+0200,249.66,MW,FR,FR,forecast_offshore_wind_generation,Wind Offshore,2026-07-11T19:30:56Z
2026-07-11T19:29:37Z,2026-07-11T21:29:37+0200,1d83aeba-7d53-466c-9cd8-cde3940d84cc,2026-06-30T12:00:00Z,2026-06-30T14:00:00+0200,276.77002,MW,FR,FR,forecast_offshore_wind_generation,Wind Offshore,2026-07-11T19:30:56Z
2026-07-11T19:29:37Z,2026-07-11T21:29:37+0200,1d83aeba-7d53-466c-9cd8-cde3940d84cc,2026-06-30T12:15:00Z,2026-06-30T14:15:00+0200,310.92999,MW,FR,FR,forecast_offshore_wind_generation,Wind Offshore,2026-07-11T19:30:56Z
2026-07-11T19:29:37Z,2026-07-11T21:29:37+0200,1d83aeba-7d53-466c-9cd8-cde3940d84cc,2026-06-30T12:30:00Z,2026-06-30T14:30:00+0200,345.08002,MW,FR,FR,forecast_offshore_wind_generation,Wind Offshore,2026-07-11T19:30:56Z
2026-07-11T19:29:37Z,2026-07-11T21:29:37+0200,1d83aeba-7d53-466c-9cd8-cde3940d84cc,2026-06-30T12:45:00Z,2026-06-30T14:45:00+0200,379.23001,MW,FR,FR,forecast_offshore_wind_generation,Wind Offshore,2026-07-11T19:30:56Z
2026-07-11T19:29:37Z,2026-07-11T21:29:37+0200,1d83aeba-7d53-466c-9cd8-cde3940d84cc,2026-06-30T13:00:00Z,2026-06-30T15:00:00+0200,413.37,MW,FR,FR,forecast_offshore_wind_generation,Wind Offshore,2026-07-11T19:30:56Z
2026-07-11T19:29:37Z,2026-07-11T21:29:37+0200,1d83aeba-7d53-466c-9cd8-cde3940d84cc,2026-06-30T13:15:00Z,2026-06-30T15:15:00+0200,439.04001,MW,FR,FR,forecast_offshore_wind_generation,Wind Offshore,2026-07-11T19:30:56Z
2026-07-11T19:29:37Z,2026-07-11T21:29:37+0200,1d83aeba-7d53-466c-9cd8-cde3940d84cc,2026-06-30T13:30:00Z,2026-06-30T15:30:00+0200,464.67999,MW,FR,FR,forecast_offshore_wind_generation,Wind Offshore,2026-07-11T19:30:56Z
2026-07-11T19:29:37Z,2026-07-11T21:29:37+0200,1d83aeba-7d53-466c-9cd8-cde3940d84cc,2026-06-30T13:45:00Z,2026-06-30T15:45:00+0200,490.35999,MW,FR,FR,forecast_offshore_wind_generation,Wind Offshore,2026-07-11T19:30:56Z
2026-07-11T19:29:37Z,2026-07-11T21:29:37+0200,1d83aeba-7d53-466c-9cd8-cde3940d84cc,2026-06-30T14:00:00Z,2026-06-30T16:00:00+0200,516.04004,MW,FR,FR,forecast_offshore_wind_generation,Wind Offshore,2026-07-11T19:30:56Z
2026-07-11T19:29:37Z,2026-07-11T21:29:37+0200,1d83aeba-7d53-466c-9cd8-cde3940d84cc,2026-06-30T14:15:00Z,2026-06-30T16:15:00+0200,544.45001,MW,FR,FR,forecast_offshore_wind_generation,Wind Offshore,2026-07-11T19:30:56Z
2026-07-11T19:29:37Z,2026-07-11T21:29:37+0200,1d83aeba-7d53-466c-9cd8-cde3940d84cc,2026-06-30T14:30:00Z,2026-06-30T16:30:00+0200,572.87,MW,FR,FR,forecast_offshore_wind_generation,Wind Offshore,2026-07-11T19:30:56Z
2026-07-11T19:29:37Z,2026-07-11T21:29:37+0200,1d83aeba-7d53-466c-9cd8-cde3940d84cc,2026-06-30T14:45:00Z,2026-06-30T16:45:00+0200,601.31006,MW,FR,FR,forecast_offshore_wind_generation,Wind Offshore,2026-07-11T19:30:56Z
2026-07-11T19:29:37Z,2026-07-11T21:29:37+0200,1d83aeba-7d53-466c-9cd8-cde3940d84cc,2026-06-30T15:00:00Z,2026-06-30T17:00:00+0200,629.76001,MW,FR,FR,forecast_offshore_wind_generation,Wind Offshore,2026-07-11T19:30:56Z
2026-07-11T19:29:37Z,2026-07-11T21:29:37+0200,1d83aeba-7d53-466c-9cd8-cde3940d84cc,2026-06-30T15:15:00Z,2026-06-30T17:15:00+0200,650.33997,MW,FR,FR,forecast_offshore_wind_generation,Wind Offshore,2026-07-11T19:30:56Z
2026-07-11T19:29:37Z,2026-07-11T21:29:37+0200,1d83aeba-7d53-466c-9cd8-cde3940d84cc,2026-06-30T15:30:00Z,2026-06-30T17:30:00+0200,670.91998,MW,FR,FR,forecast_offshore_wind_generation,Wind Offshore,2026-07-11T19:30:56Z
2026-07-11T19:29:37Z,2026-07-11T21:29:37+0200,1d83aeba-7d53-466c-9cd8-cde3940d84cc,2026-06-30T15:45:00Z,2026-06-30T17:45:00+0200,691.53003,MW,FR,FR,forecast_offshore_wind_generation,Wind Offshore,2026-07-11T19:30:56Z
2026-07-11T19:29:37Z,2026-07-11T21:29:37+0200,1d83aeba-7d53-466c-9cd8-cde3940d84cc,2026-06-30T16:00:00Z,2026-06-30T18:00:00+0200,712.15002,MW,FR,FR,forecast_offshore_wind_generation,Wind Offshore,2026-07-11T19:30:56Z
2026-07-11T19:29:37Z,2026-07-11T21:29:37+0200,1d83aeba-7d53-466c-9cd8-cde3940d84cc,2026-06-30T16:15:00Z,2026-06-30T18:15:00+0200,734.92004,MW,FR,FR,forecast_offshore_wind_generation,Wind Offshore,2026-07-11T19:30:56Z
2026-07-11T19:29:37Z,2026-07-11T21:29:37+0200,1d83aeba-7d53-466c-9cd8-cde3940d84cc,2026-06-30T16:30:00Z,2026-06-30T18:30:00+0200,757.69,MW,FR,FR,forecast_offshore_wind_generation,Wind Offshore,2026-07-11T19:30:56Z
2026-07-11T19:29:37Z,2026-07-11T21:29:37+0200,1d83aeba-7d53-466c-9cd8-cde3940d84cc,2026-06-30T16:45:00Z,2026-06-30T18:45:00+0200,780.45996,MW,FR,FR,forecast_offshore_wind_generation,Wind Offshore,2026-07-11T19:30:56Z
2026-07-11T19:29:37Z,2026-07-11T21:29:37+0200,1d83aeba-7d53-466c-9cd8-cde3940d84cc,2026-06-30T17:00:00Z,2026-06-30T19:00:00+0200,803.27002,MW,FR,FR,forecast_offshore_wind_generation,Wind Offshore,2026-07-11T19:30:56Z
2026-07-11T19:29:37Z,2026-07-11T21:29:37+0200,1d83aeba-7d53-466c-9cd8-cde3940d84cc,2026-06-30T17:15:00Z,2026-06-30T19:15:00+0200,823.16003,MW,FR,FR,forecast_offshore_wind_generation,Wind Offshore,2026-07-11T19:30:56Z
2026-07-11T19:29:37Z,2026-07-11T21:29:37+0200,1d83aeba-7d53-466c-9cd8-cde3940d84cc,2026-06-30T17:30:00Z,2026-06-30T19:30:00+0200,843.03998,MW,FR,FR,forecast_offshore_wind_generation,Wind Offshore,2026-07-11T19:30:56Z
2026-07-11T19:29:37Z,2026-07-11T21:29:37+0200,1d83aeba-7d53-466c-9cd8-cde3940d84cc,2026-06-30T17:45:00Z,2026-06-30T19:45:00+0200,862.96002,MW,FR,FR,forecast_offshore_wind_generation,Wind Offshore,2026-07-11T19:30:56Z
2026-07-11T19:29:37Z,2026-07-11T21:29:37+0200,1d83aeba-7d53-466c-9cd8-cde3940d84cc,2026-06-30T18:00:00Z,2026-06-30T20:00:00+0200,882.85999,MW,FR,FR,forecast_offshore_wind_generation,Wind Offshore,2026-07-11T19:30:56Z
2026-07-11T19:29:37Z,2026-07-11T21:29:37+0200,1d83aeba-7d53-466c-9cd8-cde3940d84cc,2026-06-30T18:15:00Z,2026-06-30T20:15:00+0200,904.03998,MW,FR,FR,forecast_offshore_wind_generation,Wind Offshore,2026-07-11T19:30:56Z
2026-07-11T19:29:37Z,2026-07-11T21:29:37+0200,1d83aeba-7d53-466c-9cd8-cde3940d84cc,2026-06-30T18:30:00Z,2026-06-30T20:30:00+0200,925.21002,MW,FR,FR,forecast_offshore_wind_generation,Wind Offshore,2026-07-11T19:30:56Z
2026-07-11T19:29:37Z,2026-07-11T21:29:37+0200,1d83aeba-7d53-466c-9cd8-cde3940d84cc,2026-06-30T18:45:00Z,2026-06-30T20:45:00+0200,946.37994,MW,FR,FR,forecast_offshore_wind_generation,Wind Offshore,2026-07-11T19:30:56Z
2026-07-11T19:29:37Z,2026-07-11T21:29:37+0200,1d83aeba-7d53-466c-9cd8-cde3940d84cc,2026-06-30T19:00:00Z,2026-06-30T21:00:00+0200,967.53003,MW,FR,FR,forecast_offshore_wind_generation,Wind Offshore,2026-07-11T19:30:56Z
2026-07-11T19:29:37Z,2026-07-11T21:29:37+0200,1d83aeba-7d53-466c-9cd8-cde3940d84cc,2026-06-30T19:15:00Z,2026-06-30T21:15:00+0200,962.71997,MW,FR,FR,forecast_offshore_wind_generation,Wind Offshore,2026-07-11T19:30:56Z
2026-07-11T19:29:37Z,2026-07-11T21:29:37+0200,1d83aeba-7d53-466c-9cd8-cde3940d84cc,2026-06-30T19:30:00Z,2026-06-30T21:30:00+0200,957.91003,MW,FR,FR,forecast_offshore_wind_generation,Wind Offshore,2026-07-11T19:30:56Z
2026-07-11T19:29:37Z,2026-07-11T21:29:37+0200,1d83aeba-7d53-466c-9cd8-cde3940d84cc,2026-06-30T19:45:00Z,2026-06-30T21:45:00+0200,953.09003,MW,FR,FR,forecast_offshore_wind_generation,Wind Offshore,2026-07-11T19:30:56Z
2026-07-11T19:29:37Z,2026-07-11T21:29:37+0200,1d83aeba-7d53-466c-9cd8-cde3940d84cc,2026-06-30T20:00:00Z,2026-06-30T22:00:00+0200,948.28003,MW,FR,FR,forecast_offshore_wind_generation,Wind Offshore,2026-07-11T19:30:56Z
2026-07-11T19:29:37Z,2026-07-11T21:29:37+0200,1d83aeba-7d53-466c-9cd8-cde3940d84cc,2026-06-30T20:15:00Z,2026-06-30T22:15:00+0200,940.80994,MW,FR,FR,forecast_offshore_wind_generation,Wind Offshore,2026-07-11T19:30:56Z
2026-07-11T19:29:37Z,2026-07-11T21:29:37+0200,1d83aeba-7d53-466c-9cd8-cde3940d84cc,2026-06-30T20:30:00Z,2026-06-30T22:30:00+0200,933.34003,MW,FR,FR,forecast_offshore_wind_generation,Wind Offshore,2026-07-11T19:30:56Z
2026-07-11T19:29:37Z,2026-07-11T21:29:37+0200,1d83aeba-7d53-466c-9cd8-cde3940d84cc,2026-06-30T20:45:00Z,2026-06-30T22:45:00+0200,925.82996,MW,FR,FR,forecast_offshore_wind_generation,Wind Offshore,2026-07-11T19:30:56Z
2026-07-11T19:29:37Z,2026-07-11T21:29:37+0200,1d83aeba-7d53-466c-9cd8-cde3940d84cc,2026-06-30T21:00:00Z,2026-06-30T23:00:00+0200,918.30994,MW,FR,FR,forecast_offshore_wind_generation,Wind Offshore,2026-07-11T19:30:56Z
2026-07-11T19:29:37Z,2026-07-11T21:29:37+0200,1d83aeba-7d53-466c-9cd8-cde3940d84cc,2026-06-30T21:15:00Z,2026-06-30T23:15:00+0200,902.18994,MW,FR,FR,forecast_offshore_wind_generation,Wind Offshore,2026-07-11T19:30:56Z
2026-07-11T19:29:37Z,2026-07-11T21:29:37+0200,1d83aeba-7d53-466c-9cd8-cde3940d84cc,2026-06-30T21:30:00Z,2026-06-30T23:30:00+0200,886.04999,MW,FR,FR,forecast_offshore_wind_generation,Wind Offshore,2026-07-11T19:30:56Z
2026-07-11T19:29:37Z,2026-07-11T21:29:37+0200,1d83aeba-7d53-466c-9cd8-cde3940d84cc,2026-06-30T21:45:00Z,2026-06-30T23:45:00+0200,869.90002,MW,FR,FR,forecast_offshore_wind_generation,Wind Offshore,2026-07-11T19:30:56Z
2026-07-11T19:29:37Z,2026-07-11T21:29:37+0200,1d83aeba-7d53-466c-9cd8-cde3940d84cc,2026-06-30T22:00:00Z,2026-07-01T00:00:00+0200,758.15997,MW,FR,FR,forecast_offshore_wind_generation,Wind Offshore,2026-07-11T19:30:56Z
2026-07-11T19:29:37Z,2026-07-11T21:29:37+0200,1d83aeba-7d53-466c-9cd8-cde3940d84cc,2026-06-30T22:15:00Z,2026-07-01T00:15:00+0200,755.02997,MW,FR,FR,forecast_offshore_wind_generation,Wind Offshore,2026-07-11T19:30:56Z
2026-07-11T19:29:37Z,2026-07-11T21:29:37+0200,1d83aeba-7d53-466c-9cd8-cde3940d84cc,2026-06-30T22:30:00Z,2026-07-01T00:30:00+0200,751.85999,MW,FR,FR,forecast_offshore_wind_generation,Wind Offshore,2026-07-11T19:30:56Z
2026-07-11T19:29:37Z,2026-07-11T21:29:37+0200,1d83aeba-7d53-466c-9cd8-cde3940d84cc,2026-06-30T22:45:00Z,2026-07-01T00:45:00+0200,748.44995,MW,FR,FR,forecast_offshore_wind_generation,Wind Offshore,2026-07-11T19:30:56Z
2026-07-11T19:29:37Z,2026-07-11T21:29:37+0200,1d83aeba-7d53-466c-9cd8-cde3940d84cc,2026-06-30T23:00:00Z,2026-07-01T01:00:00+0200,745.03003,MW,FR,FR,forecast_offshore_wind_generation,Wind Offshore,2026-07-11T19:30:56Z
2026-07-11T19:29:37Z,2026-07-11T21:29:37+0200,1d83aeba-7d53-466c-9cd8-cde3940d84cc,2026-06-30T23:15:00Z,2026-07-01T01:15:00+0200,724.88,MW,FR,FR,forecast_offshore_wind_generation,Wind Offshore,2026-07-11T19:30:56Z
2026-07-11T19:29:37Z,2026-07-11T21:29:37+0200,1d83aeba-7d53-466c-9cd8-cde3940d84cc,2026-06-30T23:30:00Z,2026-07-01T01:30:00+0200,704.73004,MW,FR,FR,forecast_offshore_wind_generation,Wind Offshore,2026-07-11T19:30:56Z
2026-07-11T19:29:37Z,2026-07-11T21:29:37+0200,1d83aeba-7d53-466c-9cd8-cde3940d84cc,2026-06-30T23:45:00Z,2026-07-01T01:45:00+0200,684.48999,MW,FR,FR,forecast_offshore_wind_generation,Wind Offshore,2026-07-11T19:30:56Z
2026-07-11T19:29:37Z,2026-07-11T21:29:37+0200,1d83aeba-7d53-466c-9cd8-cde3940d84cc,2026-07-01T00:00:00Z,2026-07-01T02:00:00+0200,664.26001,MW,FR,FR,forecast_offshore_wind_generation,Wind Offshore,2026-07-11T19:30:56Z
2026-07-11T19:29:37Z,2026-07-11T21:29:37+0200,1d83aeba-7d53-466c-9cd8-cde3940d84cc,2026-07-01T00:15:00Z,2026-07-01T02:15:00+0200,642.51001,MW,FR,FR,forecast_offshore_wind_generation,Wind Offshore,2026-07-11T19:30:56Z
2026-07-11T19:29:37Z,2026-07-11T21:29:37+0200,1d83aeba-7d53-466c-9cd8-cde3940d84cc,2026-07-01T00:30:00Z,2026-07-01T02:30:00+0200,620.77002,MW,FR,FR,forecast_offshore_wind_generation,Wind Offshore,2026-07-11T19:30:56Z
2026-07-11T19:29:37Z,2026-07-11T21:29:37+0200,1d83aeba-7d53-466c-9cd8-cde3940d84cc,2026-07-01T00:45:00Z,2026-07-01T02:45:00+0200,599.02002,MW,FR,FR,forecast_offshore_wind_generation,Wind Offshore,2026-07-11T19:30:56Z
2026-07-11T19:29:37Z,2026-07-11T21:29:37+0200,1d83aeba-7d53-466c-9cd8-cde3940d84cc,2026-07-01T01:00:00Z,2026-07-01T03:00:00+0200,577.29004,MW,FR,FR,forecast_offshore_wind_generation,Wind Offshore,2026-07-11T19:30:56Z
2026-07-11T19:29:37Z,2026-07-11T21:29:37+0200,1d83aeba-7d53-466c-9cd8-cde3940d84cc,2026-07-01T01:15:00Z,2026-07-01T03:15:00+0200,559.94,MW,FR,FR,forecast_offshore_wind_generation,Wind Offshore,2026-07-11T19:30:56Z
2026-07-11T19:29:37Z,2026-07-11T21:29:37+0200,1d83aeba-7d53-466c-9cd8-cde3940d84cc,2026-07-01T01:30:00Z,2026-07-01T03:30:00+0200,542.58997,MW,FR,FR,forecast_offshore_wind_generation,Wind Offshore,2026-07-11T19:30:56Z
2026-07-11T19:29:37Z,2026-07-11T21:29:37+0200,1d83aeba-7d53-466c-9cd8-cde3940d84cc,2026-07-01T01:45:00Z,2026-07-01T03:45:00+0200,525.23999,MW,FR,FR,forecast_offshore_wind_generation,Wind Offshore,2026-07-11T19:30:56Z
2026-07-11T19:29:37Z,2026-07-11T21:29:37+0200,1d83aeba-7d53-466c-9cd8-cde3940d84cc,2026-07-01T02:00:00Z,2026-07-01T04:00:00+0200,507.91,MW,FR,FR,forecast_offshore_wind_generation,Wind Offshore,2026-07-11T19:30:56Z
2026-07-11T19:29:37Z,2026-07-11T21:29:37+0200,1d83aeba-7d53-466c-9cd8-cde3940d84cc,2026-07-01T02:15:00Z,2026-07-01T04:15:00+0200,475.53998,MW,FR,FR,forecast_offshore_wind_generation,Wind Offshore,2026-07-11T19:30:56Z
2026-07-11T19:29:37Z,2026-07-11T21:29:37+0200,1d83aeba-7d53-466c-9cd8-cde3940d84cc,2026-07-01T02:30:00Z,2026-07-01T04:30:00+0200,443.17004,MW,FR,FR,forecast_offshore_wind_generation,Wind Offshore,2026-07-11T19:30:56Z
2026-07-11T19:29:37Z,2026-07-11T21:29:37+0200,1d83aeba-7d53-466c-9cd8-cde3940d84cc,2026-07-01T02:45:00Z,2026-07-01T04:45:00+0200,410.76001,MW,FR,FR,forecast_offshore_wind_generation,Wind Offshore,2026-07-11T19:30:56Z
2026-07-11T19:29:37Z,2026-07-11T21:29:37+0200,1d83aeba-7d53-466c-9cd8-cde3940d84cc,2026-07-01T03:00:00Z,2026-07-01T05:00:00+0200,378.38,MW,FR,FR,forecast_offshore_wind_generation,Wind Offshore,2026-07-11T19:30:56Z
2026-07-11T19:29:37Z,2026-07-11T21:29:37+0200,1d83aeba-7d53-466c-9cd8-cde3940d84cc,2026-07-01T03:15:00Z,2026-07-01T05:15:00+0200,371.96002,MW,FR,FR,forecast_offshore_wind_generation,Wind Offshore,2026-07-11T19:30:56Z
2026-07-11T19:29:37Z,2026-07-11T21:29:37+0200,1d83aeba-7d53-466c-9cd8-cde3940d84cc,2026-07-01T03:30:00Z,2026-07-01T05:30:00+0200,365.54001,MW,FR,FR,forecast_offshore_wind_generation,Wind Offshore,2026-07-11T19:30:56Z
2026-07-11T19:29:37Z,2026-07-11T21:29:37+0200,1d83aeba-7d53-466c-9cd8-cde3940d84cc,2026-07-01T03:45:00Z,2026-07-01T05:45:00+0200,359.04999,MW,FR,FR,forecast_offshore_wind_generation,Wind Offshore,2026-07-11T19:30:56Z
2026-07-11T19:29:37Z,2026-07-11T21:29:37+0200,1d83aeba-7d53-466c-9cd8-cde3940d84cc,2026-07-01T04:00:00Z,2026-07-01T06:00:00+0200,352.54999,MW,FR,FR,forecast_offshore_wind_generation,Wind Offshore,2026-07-11T19:30:56Z
2026-07-11T19:29:37Z,2026-07-11T21:29:37+0200,1d83aeba-7d53-466c-9cd8-cde3940d84cc,2026-07-01T04:15:00Z,2026-07-01T06:15:00+0200,349.98999,MW,FR,FR,forecast_offshore_wind_generation,Wind Offshore,2026-07-11T19:30:56Z
2026-07-11T19:29:37Z,2026-07-11T21:29:37+0200,1d83aeba-7d53-466c-9cd8-cde3940d84cc,2026-07-01T04:30:00Z,2026-07-01T06:30:00+0200,347.42999,MW,FR,FR,forecast_offshore_wind_generation,Wind Offshore,2026-07-11T19:30:56Z
2026-07-11T19:29:37Z,2026-07-11T21:29:37+0200,1d83aeba-7d53-466c-9cd8-cde3940d84cc,2026-07-01T04:45:00Z,2026-07-01T06:45:00+0200,344.79999,MW,FR,FR,forecast_offshore_wind_generation,Wind Offshore,2026-07-11T19:30:56Z
2026-07-11T19:29:37Z,2026-07-11T21:29:37+0200,1d83aeba-7d53-466c-9cd8-cde3940d84cc,2026-07-01T05:00:00Z,2026-07-01T07:00:00+0200,342.16,MW,FR,FR,forecast_offshore_wind_generation,Wind Offshore,2026-07-11T19:30:56Z
2026-07-11T19:29:37Z,2026-07-11T21:29:37+0200,1d83aeba-7d53-466c-9cd8-cde3940d84cc,2026-07-01T05:15:00Z,2026-07-01T07:15:00+0200,334.70001,MW,FR,FR,forecast_offshore_wind_generation,Wind Offshore,2026-07-11T19:30:56Z
2026-07-11T19:29:37Z,2026-07-11T21:29:37+0200,1d83aeba-7d53-466c-9cd8-cde3940d84cc,2026-07-01T05:30:00Z,2026-07-01T07:30:00+0200,327.25,MW,FR,FR,forecast_offshore_wind_generation,Wind Offshore,2026-07-11T19:30:56Z
2026-07-11T19:29:37Z,2026-07-11T21:29:37+0200,1d83aeba-7d53-466c-9cd8-cde3940d84cc,2026-07-01T05:45:00Z,2026-07-01T07:45:00+0200,319.72998,MW,FR,FR,forecast_offshore_wind_generation,Wind Offshore,2026-07-11T19:30:56Z
2026-07-11T19:29:37Z,2026-07-11T21:29:37+0200,1d83aeba-7d53-466c-9cd8-cde3940d84cc,2026-07-01T06:00:00Z,2026-07-01T08:00:00+0200,312.21002,MW,FR,FR,forecast_offshore_wind_generation,Wind Offshore,2026-07-11T19:30:56Z
2026-07-11T19:29:37Z,2026-07-11T21:29:37+0200,1d83aeba-7d53-466c-9cd8-cde3940d84cc,2026-07-01T06:15:00Z,2026-07-01T08:15:00+0200,301.72,MW,FR,FR,forecast_offshore_wind_generation,Wind Offshore,2026-07-11T19:30:56Z
2026-07-11T19:29:37Z,2026-07-11T21:29:37+0200,1d83aeba-7d53-466c-9cd8-cde3940d84cc,2026-07-01T06:30:00Z,2026-07-01T08:30:00+0200,291.22998,MW,FR,FR,forecast_offshore_wind_generation,Wind Offshore,2026-07-11T19:30:56Z
2026-07-11T19:29:37Z,2026-07-11T21:29:37+0200,1d83aeba-7d53-466c-9cd8-cde3940d84cc,2026-07-01T06:45:00Z,2026-07-01T08:45:00+0200,280.70999,MW,FR,FR,forecast_offshore_wind_generation,Wind Offshore,2026-07-11T19:30:56Z
2026-07-11T19:29:37Z,2026-07-11T21:29:37+0200,1d83aeba-7d53-466c-9cd8-cde3940d84cc,2026-07-01T07:00:00Z,2026-07-01T09:00:00+0200,270.17999,MW,FR,FR,forecast_offshore_wind_generation,Wind Offshore,2026-07-11T19:30:56Z
2026-07-11T19:29:37Z,2026-07-11T21:29:37+0200,1d83aeba-7d53-466c-9cd8-cde3940d84cc,2026-07-01T07:15:00Z,2026-07-01T09:15:00+0200,278.0,MW,FR,FR,forecast_offshore_wind_generation,Wind Offshore,2026-07-11T19:30:56Z
2026-07-11T19:29:37Z,2026-07-11T21:29:37+0200,1d83aeba-7d53-466c-9cd8-cde3940d84cc,2026-07-01T07:30:00Z,2026-07-01T09:30:00+0200,285.81,MW,FR,FR,forecast_offshore_wind_generation,Wind Offshore,2026-07-11T19:30:56Z
2026-07-11T19:29:37Z,2026-07-11T21:29:37+0200,1d83aeba-7d53-466c-9cd8-cde3940d84cc,2026-07-01T07:45:00Z,2026-07-01T09:45:00+0200,293.60999,MW,FR,FR,forecast_offshore_wind_generation,Wind Offshore,2026-07-11T19:30:56Z
2026-07-11T19:29:37Z,2026-07-11T21:29:37+0200,1d83aeba-7d53-466c-9cd8-cde3940d84cc,2026-07-01T08:00:00Z,2026-07-01T10:00:00+0200,301.38998,MW,FR,FR,forecast_offshore_wind_generation,Wind Offshore,2026-07-11T19:30:56Z
2026-07-11T19:29:37Z,2026-07-11T21:29:37+0200,1d83aeba-7d53-466c-9cd8-cde3940d84cc,2026-07-01T08:15:00Z,2026-07-01T10:15:00+0200,312.32001,MW,FR,FR,forecast_offshore_wind_generation,Wind Offshore,2026-07-11T19:30:56Z
2026-07-11T19:29:37Z,2026-07-11T21:29:37+0200,1d83aeba-7d53-466c-9cd8-cde3940d84cc,2026-07-01T08:30:00Z,2026-07-01T10:30:00+0200,323.26001,MW,FR,FR,forecast_offshore_wind_generation,Wind Offshore,2026-07-11T19:30:56Z
2026-07-11T19:29:37Z,2026-07-11T21:29:37+0200,1d83aeba-7d53-466c-9cd8-cde3940d84cc,2026-07-01T08:45:00Z,2026-07-01T10:45:00+0200,334.17001,MW,FR,FR,forecast_offshore_wind_generation,Wind Offshore,2026-07-11T19:30:56Z
2026-07-11T19:29:37Z,2026-07-11T21:29:37+0200,1d83aeba-7d53-466c-9cd8-cde3940d84cc,2026-07-01T09:00:00Z,2026-07-01T11:00:00+0200,345.07999,MW,FR,FR,forecast_offshore_wind_generation,Wind Offshore,2026-07-11T19:30:56Z
2026-07-11T19:29:37Z,2026-07-11T21:29:37+0200,1d83aeba-7d53-466c-9cd8-cde3940d84cc,2026-07-01T09:15:00Z,2026-07-01T11:15:00+0200,353.31,MW,FR,FR,forecast_offshore_wind_generation,Wind Offshore,2026-07-11T19:30:56Z
2026-07-11T19:29:37Z,2026-07-11T21:29:37+0200,1d83aeba-7d53-466c-9cd8-cde3940d84cc,2026-07-01T09:30:00Z,2026-07-01T11:30:00+0200,361.54999,MW,FR,FR,forecast_offshore_wind_generation,Wind Offshore,2026-07-11T19:30:56Z
2026-07-11T19:29:37Z,2026-07-11T21:29:37+0200,1d83aeba-7d53-466c-9cd8-cde3940d84cc,2026-07-01T09:45:00Z,2026-07-01T11:45:00+0200,369.77002,MW,FR,FR,forecast_offshore_wind_generation,Wind Offshore,2026-07-11T19:30:56Z
2026-07-11T19:29:37Z,2026-07-11T21:29:37+0200,1d83aeba-7d53-466c-9cd8-cde3940d84cc,2026-07-01T10:00:00Z,2026-07-01T12:00:00+0200,377.97998,MW,FR,FR,forecast_offshore_wind_generation,Wind Offshore,2026-07-11T19:30:56Z
2026-07-11T19:29:37Z,2026-07-11T21:29:37+0200,1d83aeba-7d53-466c-9cd8-cde3940d84cc,2026-07-01T10:15:00Z,2026-07-01T12:15:00+0200,378.89001,MW,FR,FR,forecast_offshore_wind_generation,Wind Offshore,2026-07-11T19:30:56Z
2026-07-11T19:29:37Z,2026-07-11T21:29:37+0200,1d83aeba-7d53-466c-9cd8-cde3940d84cc,2026-07-01T10:30:00Z,2026-07-01T12:30:00+0200,379.77002,MW,FR,FR,forecast_offshore_wind_generation,Wind Offshore,2026-07-11T19:30:56Z
2026-07-11T19:29:37Z,2026-07-11T21:29:37+0200,1d83aeba-7d53-466c-9cd8-cde3940d84cc,2026-07-01T10:45:00Z,2026-07-01T12:45:00+0200,380.66003,MW,FR,FR,forecast_offshore_wind_generation,Wind Offshore,2026-07-11T19:30:56Z
2026-07-11T19:29:37Z,2026-07-11T21:29:37+0200,1d83aeba-7d53-466c-9cd8-cde3940d84cc,2026-07-01T11:00:00Z,2026-07-01T13:00:00+0200,381.56,MW,FR,FR,forecast_offshore_wind_generation,Wind Offshore,2026-07-11T19:30:56Z
2026-07-11T19:29:37Z,2026-07-11T21:29:37+0200,1d83aeba-7d53-466c-9cd8-cde3940d84cc,2026-07-01T11:15:00Z,2026-07-01T13:15:00+0200,378.97,MW,FR,FR,forecast_offshore_wind_generation,Wind Offshore,2026-07-11T19:30:56Z
2026-07-11T19:29:37Z,2026-07-11T21:29:37+0200,1d83aeba-7d53-466c-9cd8-cde3940d84cc,2026-07-01T11:30:00Z,2026-07-01T13:30:00+0200,376.35001,MW,FR,FR,forecast_offshore_wind_generation,Wind Offshore,2026-07-11T19:30:56Z
2026-07-11T19:29:37Z,2026-07-11T21:29:37+0200,1d83aeba-7d53-466c-9cd8-cde3940d84cc,2026-07-01T11:45:00Z,2026-07-01T13:45:00+0200,373.75,MW,FR,FR,forecast_offshore_wind_generation,Wind Offshore,2026-07-11T19:30:56Z
2026-07-11T19:29:37Z,2026-07-11T21:29:37+0200,1d83aeba-7d53-466c-9cd8-cde3940d84cc,2026-07-01T12:00:00Z,2026-07-01T14:00:00+0200,371.12,MW,FR,FR,forecast_offshore_wind_generation,Wind Offshore,2026-07-11T19:30:56Z
2026-07-11T19:29:37Z,2026-07-11T21:29:37+0200,1d83aeba-7d53-466c-9cd8-cde3940d84cc,2026-07-01T12:15:00Z,2026-07-01T14:15:00+0200,393.53003,MW,FR,FR,forecast_offshore_wind_generation,Wind Offshore,2026-07-11T19:30:56Z
2026-07-11T19:29:37Z,2026-07-11T21:29:37+0200,1d83aeba-7d53-466c-9cd8-cde3940d84cc,2026-07-01T12:30:00Z,2026-07-01T14:30:00+0200,415.91998,MW,FR,FR,forecast_offshore_wind_generation,Wind Offshore,2026-07-11T19:30:56Z
2026-07-11T19:29:37Z,2026-07-11T21:29:37+0200,1d83aeba-7d53-466c-9cd8-cde3940d84cc,2026-07-01T12:45:00Z,2026-07-01T14:45:00+0200,438.32999,MW,FR,FR,forecast_offshore_wind_generation,Wind Offshore,2026-07-11T19:30:56Z
2026-07-11T19:29:37Z,2026-07-11T21:29:37+0200,1d83aeba-7d53-466c-9cd8-cde3940d84cc,2026-07-01T13:00:00Z,2026-07-01T15:00:00+0200,460.72,MW,FR,FR,forecast_offshore_wind_generation,Wind Offshore,2026-07-11T19:30:56Z
2026-07-11T19:29:37Z,2026-07-11T21:29:37+0200,1d83aeba-7d53-466c-9cd8-cde3940d84cc,2026-07-01T13:15:00Z,2026-07-01T15:15:00+0200,508.51004,MW,FR,FR,forecast_offshore_wind_generation,Wind Offshore,2026-07-11T19:30:56Z
2026-07-11T19:29:37Z,2026-07-11T21:29:37+0200,1d83aeba-7d53-466c-9cd8-cde3940d84cc,2026-07-01T13:30:00Z,2026-07-01T15:30:00+0200,556.28998,MW,FR,FR,forecast_offshore_wind_generation,Wind Offshore,2026-07-11T19:30:56Z
2026-07-11T19:29:37Z,2026-07-11T21:29:37+0200,1d83aeba-7d53-466c-9cd8-cde3940d84cc,2026-07-01T13:45:00Z,2026-07-01T15:45:00+0200,604.13,MW,FR,FR,forecast_offshore_wind_generation,Wind Offshore,2026-07-11T19:30:56Z
2026-07-11T19:29:37Z,2026-07-11T21:29:37+0200,1d83aeba-7d53-466c-9cd8-cde3940d84cc,2026-07-01T14:00:00Z,2026-07-01T16:00:00+0200,651.95996,MW,FR,FR,forecast_offshore_wind_generation,Wind Offshore,2026-07-11T19:30:56Z
2026-07-11T19:29:37Z,2026-07-11T21:29:37+0200,1d83aeba-7d53-466c-9cd8-cde3940d84cc,2026-07-01T14:15:00Z,2026-07-01T16:15:00+0200,671.83002,MW,FR,FR,forecast_offshore_wind_generation,Wind Offshore,2026-07-11T19:30:56Z
2026-07-11T19:29:37Z,2026-07-11T21:29:37+0200,1d83aeba-7d53-466c-9cd8-cde3940d84cc,2026-07-01T14:30:00Z,2026-07-01T16:30:00+0200,691.66003,MW,FR,FR,forecast_offshore_wind_generation,Wind Offshore,2026-07-11T19:30:56Z
2026-07-11T19:29:37Z,2026-07-11T21:29:37+0200,1d83aeba-7d53-466c-9cd8-cde3940d84cc,2026-07-01T14:45:00Z,2026-07-01T16:45:00+0200,711.56,MW,FR,FR,forecast_offshore_wind_generation,Wind Offshore,2026-07-11T19:30:56Z
2026-07-11T19:29:37Z,2026-07-11T21:29:37+0200,1d83aeba-7d53-466c-9cd8-cde3940d84cc,2026-07-01T15:00:00Z,2026-07-01T17:00:00+0200,731.47003,MW,FR,FR,forecast_offshore_wind_generation,Wind Offshore,2026-07-11T19:30:56Z
2026-07-11T19:29:37Z,2026-07-11T21:29:37+0200,1d83aeba-7d53-466c-9cd8-cde3940d84cc,2026-07-01T15:15:00Z,2026-07-01T17:15:00+0200,756.32001,MW,FR,FR,forecast_offshore_wind_generation,Wind Offshore,2026-07-11T19:30:56Z
2026-07-11T19:29:37Z,2026-07-11T21:29:37+0200,1d83aeba-7d53-466c-9cd8-cde3940d84cc,2026-07-01T15:30:00Z,2026-07-01T17:30:00+0200,781.17004,MW,FR,FR,forecast_offshore_wind_generation,Wind Offshore,2026-07-11T19:30:56Z
2026-07-11T19:29:37Z,2026-07-11T21:29:37+0200,1d83aeba-7d53-466c-9cd8-cde3940d84cc,2026-07-01T15:45:00Z,2026-07-01T17:45:00+0200,806.07996,MW,FR,FR,forecast_offshore_wind_generation,Wind Offshore,2026-07-11T19:30:56Z
2026-07-11T19:29:37Z,2026-07-11T21:29:37+0200,1d83aeba-7d53-466c-9cd8-cde3940d84cc,2026-07-01T16:00:00Z,2026-07-01T18:00:00+0200,830.98999,MW,FR,FR,forecast_offshore_wind_generation,Wind Offshore,2026-07-11T19:30:56Z
2026-07-11T19:29:37Z,2026-07-11T21:29:37+0200,1d83aeba-7d53-466c-9cd8-cde3940d84cc,2026-07-01T16:15:00Z,2026-07-01T18:15:00+0200,865.85999,MW,FR,FR,forecast_offshore_wind_generation,Wind Offshore,2026-07-11T19:30:56Z
2026-07-11T19:29:37Z,2026-07-11T21:29:37+0200,1d83aeba-7d53-466c-9cd8-cde3940d84cc,2026-07-01T16:30:00Z,2026-07-01T18:30:00+0200,900.72003,MW,FR,FR,forecast_offshore_wind_generation,Wind Offshore,2026-07-11T19:30:56Z
2026-07-11T19:29:37Z,2026-07-11T21:29:37+0200,1d83aeba-7d53-466c-9cd8-cde3940d84cc,2026-07-01T16:45:00Z,2026-07-01T18:45:00+0200,935.64001,MW,FR,FR,forecast_offshore_wind_generation,Wind Offshore,2026-07-11T19:30:56Z
2026-07-11T19:29:37Z,2026-07-11T21:29:37+0200,1d83aeba-7d53-466c-9cd8-cde3940d84cc,2026-07-01T17:00:00Z,2026-07-01T19:00:00+0200,970.55005,MW,FR,FR,forecast_offshore_wind_generation,Wind Offshore,2026-07-11T19:30:56Z
2026-07-11T19:29:37Z,2026-07-11T21:29:37+0200,1d83aeba-7d53-466c-9cd8-cde3940d84cc,2026-07-01T17:15:00Z,2026-07-01T19:15:00+0200,1018.35992,MW,FR,FR,forecast_offshore_wind_generation,Wind Offshore,2026-07-11T19:30:56Z
2026-07-11T19:29:37Z,2026-07-11T21:29:37+0200,1d83aeba-7d53-466c-9cd8-cde3940d84cc,2026-07-01T17:30:00Z,2026-07-01T19:30:00+0200,1066.15002,MW,FR,FR,forecast_offshore_wind_generation,Wind Offshore,2026-07-11T19:30:56Z
2026-07-11T19:29:37Z,2026-07-11T21:29:37+0200,1d83aeba-7d53-466c-9cd8-cde3940d84cc,2026-07-01T17:45:00Z,2026-07-01T19:45:00+0200,1114.0,MW,FR,FR,forecast_offshore_wind_generation,Wind Offshore,2026-07-11T19:30:56Z
2026-07-11T19:29:37Z,2026-07-11T21:29:37+0200,1d83aeba-7d53-466c-9cd8-cde3940d84cc,2026-07-01T18:00:00Z,2026-07-01T20:00:00+0200,1161.87,MW,FR,FR,forecast_offshore_wind_generation,Wind Offshore,2026-07-11T19:30:56Z
2026-07-11T19:29:37Z,2026-07-11T21:29:37+0200,1d83aeba-7d53-466c-9cd8-cde3940d84cc,2026-07-01T18:15:00Z,2026-07-01T20:15:00+0200,1129.40002,MW,FR,FR,forecast_offshore_wind_generation,Wind Offshore,2026-07-11T19:30:56Z
2026-07-11T19:29:37Z,2026-07-11T21:29:37+0200,1d83aeba-7d53-466c-9cd8-cde3940d84cc,2026-07-01T18:30:00Z,2026-07-01T20:30:00+0200,1096.94995,MW,FR,FR,forecast_offshore_wind_generation,Wind Offshore,2026-07-11T19:30:56Z
2026-07-11T19:29:37Z,2026-07-11T21:29:37+0200,1d83aeba-7d53-466c-9cd8-cde3940d84cc,2026-07-01T18:45:00Z,2026-07-01T20:45:00+0200,1064.46997,MW,FR,FR,forecast_offshore_wind_generation,Wind Offshore,2026-07-11T19:30:56Z
2026-07-11T19:29:37Z,2026-07-11T21:29:37+0200,1d83aeba-7d53-466c-9cd8-cde3940d84cc,2026-07-01T19:00:00Z,2026-07-01T21:00:00+0200,1031.98999,MW,FR,FR,forecast_offshore_wind_generation,Wind Offshore,2026-07-11T19:30:56Z
2026-07-11T19:29:37Z,2026-07-11T21:29:37+0200,1d83aeba-7d53-466c-9cd8-cde3940d84cc,2026-07-01T19:15:00Z,2026-07-01T21:15:00+0200,1011.33997,MW,FR,FR,forecast_offshore_wind_generation,Wind Offshore,2026-07-11T19:30:56Z
2026-07-11T19:29:37Z,2026-07-11T21:29:37+0200,1d83aeba-7d53-466c-9cd8-cde3940d84cc,2026-07-01T19:30:00Z,2026-07-01T21:30:00+0200,990.66998,MW,FR,FR,forecast_offshore_wind_generation,Wind Offshore,2026-07-11T19:30:56Z
2026-07-11T19:29:37Z,2026-07-11T21:29:37+0200,1d83aeba-7d53-466c-9cd8-cde3940d84cc,2026-07-01T19:45:00Z,2026-07-01T21:45:00+0200,969.96997,MW,FR,FR,forecast_offshore_wind_generation,Wind Offshore,2026-07-11T19:30:56Z
2026-07-11T19:29:37Z,2026-07-11T21:29:37+0200,1d83aeba-7d53-466c-9cd8-cde3940d84cc,2026-07-01T20:00:00Z,2026-07-01T22:00:00+0200,949.29004,MW,FR,FR,forecast_offshore_wind_generation,Wind Offshore,2026-07-11T19:30:56Z
2026-07-11T19:29:37Z,2026-07-11T21:29:37+0200,1d83aeba-7d53-466c-9cd8-cde3940d84cc,2026-07-01T20:15:00Z,2026-07-01T22:15:00+0200,934.72998,MW,FR,FR,forecast_offshore_wind_generation,Wind Offshore,2026-07-11T19:30:56Z
2026-07-11T19:29:37Z,2026-07-11T21:29:37+0200,1d83aeba-7d53-466c-9cd8-cde3940d84cc,2026-07-01T20:30:00Z,2026-07-01T22:30:00+0200,920.18005,MW,FR,FR,forecast_offshore_wind_generation,Wind Offshore,2026-07-11T19:30:56Z
2026-07-11T19:29:37Z,2026-07-11T21:29:37+0200,1d83aeba-7d53-466c-9cd8-cde3940d84cc,2026-07-01T20:45:00Z,2026-07-01T22:45:00+0200,905.58002,MW,FR,FR,forecast_offshore_wind_generation,Wind Offshore,2026-07-11T19:30:56Z
2026-07-11T19:29:37Z,2026-07-11T21:29:37+0200,1d83aeba-7d53-466c-9cd8-cde3940d84cc,2026-07-01T21:00:00Z,2026-07-01T23:00:00+0200,890.98004,MW,FR,FR,forecast_offshore_wind_generation,Wind Offshore,2026-07-11T19:30:56Z
2026-07-11T19:29:37Z,2026-07-11T21:29:37+0200,1d83aeba-7d53-466c-9cd8-cde3940d84cc,2026-07-01T21:15:00Z,2026-07-01T23:15:00+0200,860.79999,MW,FR,FR,forecast_offshore_wind_generation,Wind Offshore,2026-07-11T19:30:56Z
2026-07-11T19:29:37Z,2026-07-11T21:29:37+0200,1d83aeba-7d53-466c-9cd8-cde3940d84cc,2026-07-01T21:30:00Z,2026-07-01T23:30:00+0200,830.63,MW,FR,FR,forecast_offshore_wind_generation,Wind Offshore,2026-07-11T19:30:56Z
2026-07-11T19:29:37Z,2026-07-11T21:29:37+0200,1d83aeba-7d53-466c-9cd8-cde3940d84cc,2026-07-01T21:45:00Z,2026-07-01T23:45:00+0200,800.41998,MW,FR,FR,forecast_offshore_wind_generation,Wind Offshore,2026-07-11T19:30:56Z
2026-07-11T19:29:37Z,2026-07-11T21:29:37+0200,1d83aeba-7d53-466c-9cd8-cde3940d84cc,2026-07-01T22:00:00Z,2026-07-02T00:00:00+0200,952.95001,MW,FR,FR,forecast_offshore_wind_generation,Wind Offshore,2026-07-11T19:30:56Z
2026-07-11T19:29:37Z,2026-07-11T21:29:37+0200,1d83aeba-7d53-466c-9cd8-cde3940d84cc,2026-07-01T22:15:00Z,2026-07-02T00:15:00+0200,895.01996,MW,FR,FR,forecast_offshore_wind_generation,Wind Offshore,2026-07-11T19:30:56Z
2026-07-11T19:29:37Z,2026-07-11T21:29:37+0200,1d83aeba-7d53-466c-9cd8-cde3940d84cc,2026-07-01T22:30:00Z,2026-07-02T00:30:00+0200,837.11005,MW,FR,FR,forecast_offshore_wind_generation,Wind Offshore,2026-07-11T19:30:56Z
2026-07-11T19:29:37Z,2026-07-11T21:29:37+0200,1d83aeba-7d53-466c-9cd8-cde3940d84cc,2026-07-01T22:45:00Z,2026-07-02T00:45:00+0200,778.92999,MW,FR,FR,forecast_offshore_wind_generation,Wind Offshore,2026-07-11T19:30:56Z
2026-07-11T19:29:37Z,2026-07-11T21:29:37+0200,1d83aeba-7d53-466c-9cd8-cde3940d84cc,2026-07-01T23:00:00Z,2026-07-02T01:00:00+0200,720.73999,MW,FR,FR,forecast_offshore_wind_generation,Wind Offshore,2026-07-11T19:30:56Z
2026-07-11T19:29:37Z,2026-07-11T21:29:37+0200,1d83aeba-7d53-466c-9cd8-cde3940d84cc,2026-07-01T23:15:00Z,2026-07-02T01:15:00+0200,691.85992,MW,FR,FR,forecast_offshore_wind_generation,Wind Offshore,2026-07-11T19:30:56Z
2026-07-11T19:29:37Z,2026-07-11T21:29:37+0200,1d83aeba-7d53-466c-9cd8-cde3940d84cc,2026-07-01T23:30:00Z,2026-07-02T01:30:00+0200,662.95001,MW,FR,FR,forecast_offshore_wind_generation,Wind Offshore,2026-07-11T19:30:56Z
2026-07-11T19:29:37Z,2026-07-11T21:29:37+0200,1d83aeba-7d53-466c-9cd8-cde3940d84cc,2026-07-01T23:45:00Z,2026-07-02T01:45:00+0200,633.96997,MW,FR,FR,forecast_offshore_wind_generation,Wind Offshore,2026-07-11T19:30:56Z
2026-07-11T19:29:37Z,2026-07-11T21:29:37+0200,1d83aeba-7d53-466c-9cd8-cde3940d84cc,2026-07-02T00:00:00Z,2026-07-02T02:00:00+0200,604.97998,MW,FR,FR,forecast_offshore_wind_generation,Wind Offshore,2026-07-11T19:30:56Z
2026-07-11T19:29:37Z,2026-07-11T21:29:37+0200,1d83aeba-7d53-466c-9cd8-cde3940d84cc,2026-07-02T00:15:00Z,2026-07-02T02:15:00+0200,590.98999,MW,FR,FR,forecast_offshore_wind_generation,Wind Offshore,2026-07-11T19:30:56Z
2026-07-11T19:29:37Z,2026-07-11T21:29:37+0200,1d83aeba-7d53-466c-9cd8-cde3940d84cc,2026-07-02T00:30:00Z,2026-07-02T02:30:00+0200,576.97998,MW,FR,FR,forecast_offshore_wind_generation,Wind Offshore,2026-07-11T19:30:56Z
2026-07-11T19:29:37Z,2026-07-11T21:29:37+0200,1d83aeba-7d53-466c-9cd8-cde3940d84cc,2026-07-02T00:45:00Z,2026-07-02T02:45:00+0200,563.01001,MW,FR,FR,forecast_offshore_wind_generation,Wind Offshore,2026-07-11T19:30:56Z
2026-07-11T19:29:37Z,2026-07-11T21:29:37+0200,1d83aeba-7d53-466c-9cd8-cde3940d84cc,2026-07-02T01:00:00Z,2026-07-02T03:00:00+0200,549.02997,MW,FR,FR,forecast_offshore_wind_generation,Wind Offshore,2026-07-11T19:30:56Z
2026-07-11T19:29:37Z,2026-07-11T21:29:37+0200,1d83aeba-7d53-466c-9cd8-cde3940d84cc,2026-07-02T01:15:00Z,2026-07-02T03:15:00+0200,562.16003,MW,FR,FR,forecast_offshore_wind_generation,Wind Offshore,2026-07-11T19:30:56Z
2026-07-11T19:29:37Z,2026-07-11T21:29:37+0200,1d83aeba-7d53-466c-9cd8-cde3940d84cc,2026-07-02T01:30:00Z,2026-07-02T03:30:00+0200,575.31,MW,FR,FR,forecast_offshore_wind_generation,Wind Offshore,2026-07-11T19:30:56Z
2026-07-11T19:29:37Z,2026-07-11T21:29:37+0200,1d83aeba-7d53-466c-9cd8-cde3940d84cc,2026-07-02T01:45:00Z,2026-07-02T03:45:00+0200,588.45996,MW,FR,FR,forecast_offshore_wind_generation,Wind Offshore,2026-07-11T19:30:56Z
2026-07-11T19:29:37Z,2026-07-11T21:29:37+0200,1d83aeba-7d53-466c-9cd8-cde3940d84cc,2026-07-02T02:00:00Z,2026-07-02T04:00:00+0200,601.60999,MW,FR,FR,forecast_offshore_wind_generation,Wind Offshore,2026-07-11T19:30:56Z
2026-07-11T19:29:37Z,2026-07-11T21:29:37+0200,1d83aeba-7d53-466c-9cd8-cde3940d84cc,2026-07-02T02:15:00Z,2026-07-02T04:15:00+0200,618.01001,MW,FR,FR,forecast_offshore_wind_generation,Wind Offshore,2026-07-11T19:30:56Z
2026-07-11T19:29:37Z,2026-07-11T21:29:37+0200,1d83aeba-7d53-466c-9cd8-cde3940d84cc,2026-07-02T02:30:00Z,2026-07-02T04:30:00+0200,634.40997,MW,FR,FR,forecast_offshore_wind_generation,Wind Offshore,2026-07-11T19:30:56Z
2026-07-11T19:29:37Z,2026-07-11T21:29:37+0200,1d83aeba-7d53-466c-9cd8-cde3940d84cc,2026-07-02T02:45:00Z,2026-07-02T04:45:00+0200,650.79999,MW,FR,FR,forecast_offshore_wind_generation,Wind Offshore,2026-07-11T19:30:56Z
2026-07-11T19:29:37Z,2026-07-11T21:29:37+0200,1d83aeba-7d53-466c-9cd8-cde3940d84cc,2026-07-02T03:00:00Z,2026-07-02T05:00:00+0200,667.17999,MW,FR,FR,forecast_offshore_wind_generation,Wind Offshore,2026-07-11T19:30:56Z
2026-07-11T19:29:37Z,2026-07-11T21:29:37+0200,1d83aeba-7d53-466c-9cd8-cde3940d84cc,2026-07-02T03:15:00Z,2026-07-02T05:15:00+0200,685.89001,MW,FR,FR,forecast_offshore_wind_generation,Wind Offshore,2026-07-11T19:30:56Z
2026-07-11T19:29:37Z,2026-07-11T21:29:37+0200,1d83aeba-7d53-466c-9cd8-cde3940d84cc,2026-07-02T03:30:00Z,2026-07-02T05:30:00+0200,704.60999,MW,FR,FR,forecast_offshore_wind_generation,Wind Offshore,2026-07-11T19:30:56Z
2026-07-11T19:29:37Z,2026-07-11T21:29:37+0200,1d83aeba-7d53-466c-9cd8-cde3940d84cc,2026-07-02T03:45:00Z,2026-07-02T05:45:00+0200,723.22998,MW,FR,FR,forecast_offshore_wind_generation,Wind Offshore,2026-07-11T19:30:56Z
2026-07-11T19:29:37Z,2026-07-11T21:29:37+0200,1d83aeba-7d53-466c-9cd8-cde3940d84cc,2026-07-02T04:00:00Z,2026-07-02T06:00:00+0200,741.88,MW,FR,FR,forecast_offshore_wind_generation,Wind Offshore,2026-07-11T19:30:56Z
2026-07-11T19:29:37Z,2026-07-11T21:29:37+0200,1d83aeba-7d53-466c-9cd8-cde3940d84cc,2026-07-02T04:15:00Z,2026-07-02T06:15:00+0200,731.60999,MW,FR,FR,forecast_offshore_wind_generation,Wind Offshore,2026-07-11T19:30:56Z
2026-07-11T19:29:37Z,2026-07-11T21:29:37+0200,1d83aeba-7d53-466c-9cd8-cde3940d84cc,2026-07-02T04:30:00Z,2026-07-02T06:30:00+0200,721.34998,MW,FR,FR,forecast_offshore_wind_generation,Wind Offshore,2026-07-11T19:30:56Z
2026-07-11T19:29:37Z,2026-07-11T21:29:37+0200,1d83aeba-7d53-466c-9cd8-cde3940d84cc,2026-07-02T04:45:00Z,2026-07-02T06:45:00+0200,711.00995,MW,FR,FR,forecast_offshore_wind_generation,Wind Offshore,2026-07-11T19:30:56Z
2026-07-11T19:29:37Z,2026-07-11T21:29:37+0200,1d83aeba-7d53-466c-9cd8-cde3940d84cc,2026-07-02T05:00:00Z,2026-07-02T07:00:00+0200,700.67999,MW,FR,FR,forecast_offshore_wind_generation,Wind Offshore,2026-07-11T19:30:56Z
2026-07-11T19:29:37Z,2026-07-11T21:29:37+0200,1d83aeba-7d53-466c-9cd8-cde3940d84cc,2026-07-02T05:15:00Z,2026-07-02T07:15:00+0200,705.30005,MW,FR,FR,forecast_offshore_wind_generation,Wind Offshore,2026-07-11T19:30:56Z
2026-07-11T19:29:37Z,2026-07-11T21:29:37+0200,1d83aeba-7d53-466c-9cd8-cde3940d84cc,2026-07-02T05:30:00Z,2026-07-02T07:30:00+0200,709.91003,MW,FR,FR,forecast_offshore_wind_generation,Wind Offshore,2026-07-11T19:30:56Z
2026-07-11T19:29:37Z,2026-07-11T21:29:37+0200,1d83aeba-7d53-466c-9cd8-cde3940d84cc,2026-07-02T05:45:00Z,2026-07-02T07:45:00+0200,714.46997,MW,FR,FR,forecast_offshore_wind_generation,Wind Offshore,2026-07-11T19:30:56Z
2026-07-11T19:29:37Z,2026-07-11T21:29:37+0200,1d83aeba-7d53-466c-9cd8-cde3940d84cc,2026-07-02T06:00:00Z,2026-07-02T08:00:00+0200,719.04004,MW,FR,FR,forecast_offshore_wind_generation,Wind Offshore,2026-07-11T19:30:56Z
2026-07-11T19:29:37Z,2026-07-11T21:29:37+0200,1d83aeba-7d53-466c-9cd8-cde3940d84cc,2026-07-02T06:15:00Z,2026-07-02T08:15:00+0200,734.48004,MW,FR,FR,forecast_offshore_wind_generation,Wind Offshore,2026-07-11T19:30:56Z
2026-07-11T19:29:37Z,2026-07-11T21:29:37+0200,1d83aeba-7d53-466c-9cd8-cde3940d84cc,2026-07-02T06:30:00Z,2026-07-02T08:30:00+0200,749.91998,MW,FR,FR,forecast_offshore_wind_generation,Wind Offshore,2026-07-11T19:30:56Z
2026-07-11T19:29:37Z,2026-07-11T21:29:37+0200,1d83aeba-7d53-466c-9cd8-cde3940d84cc,2026-07-02T06:45:00Z,2026-07-02T08:45:00+0200,765.33002,MW,FR,FR,forecast_offshore_wind_generation,Wind Offshore,2026-07-11T19:30:56Z
2026-07-11T19:29:37Z,2026-07-11T21:29:37+0200,1d83aeba-7d53-466c-9cd8-cde3940d84cc,2026-07-02T07:00:00Z,2026-07-02T09:00:00+0200,780.72998,MW,FR,FR,forecast_offshore_wind_generation,Wind Offshore,2026-07-11T19:30:56Z
2026-07-11T19:29:37Z,2026-07-11T21:29:37+0200,1d83aeba-7d53-466c-9cd8-cde3940d84cc,2026-07-02T07:15:00Z,2026-07-02T09:15:00+0200,769.19995,MW,FR,FR,forecast_offshore_wind_generation,Wind Offshore,2026-07-11T19:30:56Z
2026-07-11T19:29:37Z,2026-07-11T21:29:37+0200,1d83aeba-7d53-466c-9cd8-cde3940d84cc,2026-07-02T07:30:00Z,2026-07-02T09:30:00+0200,757.67999,MW,FR,FR,forecast_offshore_wind_generation,Wind Offshore,2026-07-11T19:30:56Z
2026-07-11T19:29:37Z,2026-07-11T21:29:37+0200,1d83aeba-7d53-466c-9cd8-cde3940d84cc,2026-07-02T07:45:00Z,2026-07-02T09:45:00+0200,746.12994,MW,FR,FR,forecast_offshore_wind_generation,Wind Offshore,2026-07-11T19:30:56Z
2026-07-11T19:29:37Z,2026-07-11T21:29:37+0200,1d83aeba-7d53-466c-9cd8-cde3940d84cc,2026-07-02T08:00:00Z,2026-07-02T10:00:00+0200,734.59998,MW,FR,FR,forecast_offshore_wind_generation,Wind Offshore,2026-07-11T19:30:56Z
2026-07-11T19:29:37Z,2026-07-11T21:29:37+0200,1d83aeba-7d53-466c-9cd8-cde3940d84cc,2026-07-02T08:15:00Z,2026-07-02T10:15:00+0200,739.45001,MW,FR,FR,forecast_offshore_wind_generation,Wind Offshore,2026-07-11T19:30:56Z
2026-07-11T19:29:37Z,2026-07-11T21:29:37+0200,1d83aeba-7d53-466c-9cd8-cde3940d84cc,2026-07-02T08:30:00Z,2026-07-02T10:30:00+0200,744.31,MW,FR,FR,forecast_offshore_wind_generation,Wind Offshore,2026-07-11T19:30:56Z
2026-07-11T19:29:37Z,2026-07-11T21:29:37+0200,1d83aeba-7d53-466c-9cd8-cde3940d84cc,2026-07-02T08:45:00Z,2026-07-02T10:45:00+0200,749.16003,MW,FR,FR,forecast_offshore_wind_generation,Wind Offshore,2026-07-11T19:30:56Z
2026-07-11T19:29:37Z,2026-07-11T21:29:37+0200,1d83aeba-7d53-466c-9cd8-cde3940d84cc,2026-07-02T09:00:00Z,2026-07-02T11:00:00+0200,753.97998,MW,FR,FR,forecast_offshore_wind_generation,Wind Offshore,2026-07-11T19:30:56Z
2026-07-11T19:29:37Z,2026-07-11T21:29:37+0200,1d83aeba-7d53-466c-9cd8-cde3940d84cc,2026-07-02T09:15:00Z,2026-07-02T11:15:00+0200,762.82001,MW,FR,FR,forecast_offshore_wind_generation,Wind Offshore,2026-07-11T19:30:56Z
2026-07-11T19:29:37Z,2026-07-11T21:29:37+0200,1d83aeba-7d53-466c-9cd8-cde3940d84cc,2026-07-02T09:30:00Z,2026-07-02T11:30:00+0200,771.64001,MW,FR,FR,forecast_offshore_wind_generation,Wind Offshore,2026-07-11T19:30:56Z
2026-07-11T19:29:37Z,2026-07-11T21:29:37+0200,1d83aeba-7d53-466c-9cd8-cde3940d84cc,2026-07-02T09:45:00Z,2026-07-02T11:45:00+0200,780.46997,MW,FR,FR,forecast_offshore_wind_generation,Wind Offshore,2026-07-11T19:30:56Z
2026-07-11T19:29:37Z,2026-07-11T21:29:37+0200,1d83aeba-7d53-466c-9cd8-cde3940d84cc,2026-07-02T10:00:00Z,2026-07-02T12:00:00+0200,789.28998,MW,FR,FR,forecast_offshore_wind_generation,Wind Offshore,2026-07-11T19:30:56Z
2026-07-11T19:29:37Z,2026-07-11T21:29:37+0200,1d83aeba-7d53-466c-9cd8-cde3940d84cc,2026-07-02T10:15:00Z,2026-07-02T12:15:00+0200,788.60999,MW,FR,FR,forecast_offshore_wind_generation,Wind Offshore,2026-07-11T19:30:56Z
2026-07-11T19:29:37Z,2026-07-11T21:29:37+0200,1d83aeba-7d53-466c-9cd8-cde3940d84cc,2026-07-02T10:30:00Z,2026-07-02T12:30:00+0200,787.96002,MW,FR,FR,forecast_offshore_wind_generation,Wind Offshore,2026-07-11T19:30:56Z
2026-07-11T19:29:37Z,2026-07-11T21:29:37+0200,1d83aeba-7d53-466c-9cd8-cde3940d84cc,2026-07-02T10:45:00Z,2026-07-02T12:45:00+0200,787.26996,MW,FR,FR,forecast_offshore_wind_generation,Wind Offshore,2026-07-11T19:30:56Z
2026-07-11T19:29:37Z,2026-07-11T21:29:37+0200,1d83aeba-7d53-466c-9cd8-cde3940d84cc,2026-07-02T11:00:00Z,2026-07-02T13:00:00+0200,786.61993,MW,FR,FR,forecast_offshore_wind_generation,Wind Offshore,2026-07-11T19:30:56Z
2026-07-11T19:29:37Z,2026-07-11T21:29:37+0200,1d83aeba-7d53-466c-9cd8-cde3940d84cc,2026-07-02T11:15:00Z,2026-07-02T13:15:00+0200,788.26001,MW,FR,FR,forecast_offshore_wind_generation,Wind Offshore,2026-07-11T19:30:56Z
2026-07-11T19:29:37Z,2026-07-11T21:29:37+0200,1d83aeba-7d53-466c-9cd8-cde3940d84cc,2026-07-02T11:30:00Z,2026-07-02T13:30:00+0200,789.90002,MW,FR,FR,forecast_offshore_wind_generation,Wind Offshore,2026-07-11T19:30:56Z
2026-07-11T19:29:37Z,2026-07-11T21:29:37+0200,1d83aeba-7d53-466c-9cd8-cde3940d84cc,2026-07-02T11:45:00Z,2026-07-02T13:45:00+0200,791.52002,MW,FR,FR,forecast_offshore_wind_generation,Wind Offshore,2026-07-11T19:30:56Z
2026-07-11T19:29:37Z,2026-07-11T21:29:37+0200,1d83aeba-7d53-466c-9cd8-cde3940d84cc,2026-07-02T12:00:00Z,2026-07-02T14:00:00+0200,793.14001,MW,FR,FR,forecast_offshore_wind_generation,Wind Offshore,2026-07-11T19:30:56Z
2026-07-11T19:29:37Z,2026-07-11T21:29:37+0200,1d83aeba-7d53-466c-9cd8-cde3940d84cc,2026-07-02T12:15:00Z,2026-07-02T14:15:00+0200,806.62994,MW,FR,FR,forecast_offshore_wind_generation,Wind Offshore,2026-07-11T19:30:56Z
2026-07-11T19:29:37Z,2026-07-11T21:29:37+0200,1d83aeba-7d53-466c-9cd8-cde3940d84cc,2026-07-02T12:30:00Z,2026-07-02T14:30:00+0200,820.09998,MW,FR,FR,forecast_offshore_wind_generation,Wind Offshore,2026-07-11T19:30:56Z
2026-07-11T19:29:37Z,2026-07-11T21:29:37+0200,1d83aeba-7d53-466c-9cd8-cde3940d84cc,2026-07-02T12:45:00Z,2026-07-02T14:45:00+0200,833.58997,MW,FR,FR,forecast_offshore_wind_generation,Wind Offshore,2026-07-11T19:30:56Z
2026-07-11T19:29:37Z,2026-07-11T21:29:37+0200,1d83aeba-7d53-466c-9cd8-cde3940d84cc,2026-07-02T13:00:00Z,2026-07-02T15:00:00+0200,847.07996,MW,FR,FR,forecast_offshore_wind_generation,Wind Offshore,2026-07-11T19:30:56Z
2026-07-11T19:29:37Z,2026-07-11T21:29:37+0200,1d83aeba-7d53-466c-9cd8-cde3940d84cc,2026-07-02T13:15:00Z,2026-07-02T15:15:00+0200,867.46997,MW,FR,FR,forecast_offshore_wind_generation,Wind Offshore,2026-07-11T19:30:56Z
2026-07-11T19:29:37Z,2026-07-11T21:29:37+0200,1d83aeba-7d53-466c-9cd8-cde3940d84cc,2026-07-02T13:30:00Z,2026-07-02T15:30:00+0200,887.85999,MW,FR,FR,forecast_offshore_wind_generation,Wind Offshore,2026-07-11T19:30:56Z
2026-07-11T19:29:37Z,2026-07-11T21:29:37+0200,1d83aeba-7d53-466c-9cd8-cde3940d84cc,2026-07-02T13:45:00Z,2026-07-02T15:45:00+0200,908.30005,MW,FR,FR,forecast_offshore_wind_generation,Wind Offshore,2026-07-11T19:30:56Z
2026-07-11T19:29:37Z,2026-07-11T21:29:37+0200,1d83aeba-7d53-466c-9cd8-cde3940d84cc,2026-07-02T14:00:00Z,2026-07-02T16:00:00+0200,928.74005,MW,FR,FR,forecast_offshore_wind_generation,Wind Offshore,2026-07-11T19:30:56Z
2026-07-11T19:29:37Z,2026-07-11T21:29:37+0200,1d83aeba-7d53-466c-9cd8-cde3940d84cc,2026-07-02T14:15:00Z,2026-07-02T16:15:00+0200,943.57001,MW,FR,FR,forecast_offshore_wind_generation,Wind Offshore,2026-07-11T19:30:56Z
2026-07-11T19:29:37Z,2026-07-11T21:29:37+0200,1d83aeba-7d53-466c-9cd8-cde3940d84cc,2026-07-02T14:30:00Z,2026-07-02T16:30:00+0200,958.37,MW,FR,FR,forecast_offshore_wind_generation,Wind Offshore,2026-07-11T19:30:56Z
2026-07-11T19:29:37Z,2026-07-11T21:29:37+0200,1d83aeba-7d53-466c-9cd8-cde3940d84cc,2026-07-02T14:45:00Z,2026-07-02T16:45:00+0200,973.25,MW,FR,FR,forecast_offshore_wind_generation,Wind Offshore,2026-07-11T19:30:56Z
2026-07-11T19:29:37Z,2026-07-11T21:29:37+0200,1d83aeba-7d53-466c-9cd8-cde3940d84cc,2026-07-02T15:00:00Z,2026-07-02T17:00:00+0200,988.10999,MW,FR,FR,forecast_offshore_wind_generation,Wind Offshore,2026-07-11T19:30:56Z
2026-07-11T19:29:37Z,2026-07-11T21:29:37+0200,1d83aeba-7d53-466c-9cd8-cde3940d84cc,2026-07-02T15:15:00Z,2026-07-02T17:15:00+0200,1014.50995,MW,FR,FR,forecast_offshore_wind_generation,Wind Offshore,2026-07-11T19:30:56Z
2026-07-11T19:29:37Z,2026-07-11T21:29:37+0200,1d83aeba-7d53-466c-9cd8-cde3940d84cc,2026-07-02T15:30:00Z,2026-07-02T17:30:00+0200,1040.90002,MW,FR,FR,forecast_offshore_wind_generation,Wind Offshore,2026-07-11T19:30:56Z
2026-07-11T19:29:37Z,2026-07-11T21:29:37+0200,1d83aeba-7d53-466c-9cd8-cde3940d84cc,2026-07-02T15:45:00Z,2026-07-02T17:45:00+0200,1067.33997,MW,FR,FR,forecast_offshore_wind_generation,Wind Offshore,2026-07-11T19:30:56Z
2026-07-11T19:29:37Z,2026-07-11T21:29:37+0200,1d83aeba-7d53-466c-9cd8-cde3940d84cc,2026-07-02T16:00:00Z,2026-07-02T18:00:00+0200,1093.79004,MW,FR,FR,forecast_offshore_wind_generation,Wind Offshore,2026-07-11T19:30:56Z
2026-07-11T19:29:37Z,2026-07-11T21:29:37+0200,1d83aeba-7d53-466c-9cd8-cde3940d84cc,2026-07-02T16:15:00Z,2026-07-02T18:15:00+0200,1122.43994,MW,FR,FR,forecast_offshore_wind_generation,Wind Offshore,2026-07-11T19:30:56Z
2026-07-11T19:29:37Z,2026-07-11T21:29:37+0200,1d83aeba-7d53-466c-9cd8-cde3940d84cc,2026-07-02T16:30:00Z,2026-07-02T18:30:00+0200,1151.1001,MW,FR,FR,forecast_offshore_wind_generation,Wind Offshore,2026-07-11T19:30:56Z
2026-07-11T19:29:37Z,2026-07-11T21:29:37+0200,1d83aeba-7d53-466c-9cd8-cde3940d84cc,2026-07-02T16:45:00Z,2026-07-02T18:45:00+0200,1179.81006,MW,FR,FR,forecast_offshore_wind_generation,Wind Offshore,2026-07-11T19:30:56Z
2026-07-11T19:29:37Z,2026-07-11T21:29:37+0200,1d83aeba-7d53-466c-9cd8-cde3940d84cc,2026-07-02T17:00:00Z,2026-07-02T19:00:00+0200,1208.5,MW,FR,FR,forecast_offshore_wind_generation,Wind Offshore,2026-07-11T19:30:56Z
2026-07-11T19:29:37Z,2026-07-11T21:29:37+0200,1d83aeba-7d53-466c-9cd8-cde3940d84cc,2026-07-02T17:15:00Z,2026-07-02T19:15:00+0200,1206.22998,MW,FR,FR,forecast_offshore_wind_generation,Wind Offshore,2026-07-11T19:30:56Z
2026-07-11T19:29:37Z,2026-07-11T21:29:37+0200,1d83aeba-7d53-466c-9cd8-cde3940d84cc,2026-07-02T17:30:00Z,2026-07-02T19:30:00+0200,1203.98999,MW,FR,FR,forecast_offshore_wind_generation,Wind Offshore,2026-07-11T19:30:56Z
2026-07-11T19:29:37Z,2026-07-11T21:29:37+0200,1d83aeba-7d53-466c-9cd8-cde3940d84cc,2026-07-02T17:45:00Z,2026-07-02T19:45:00+0200,1201.77002,MW,FR,FR,forecast_offshore_wind_generation,Wind Offshore,2026-07-11T19:30:56Z
2026-07-11T19:29:37Z,2026-07-11T21:29:37+0200,1d83aeba-7d53-466c-9cd8-cde3940d84cc,2026-07-02T18:00:00Z,2026-07-02T20:00:00+0200,1199.56995,MW,FR,FR,forecast_offshore_wind_generation,Wind Offshore,2026-07-11T19:30:56Z
2026-07-11T19:29:37Z,2026-07-11T21:29:37+0200,1d83aeba-7d53-466c-9cd8-cde3940d84cc,2026-07-02T18:15:00Z,2026-07-02T20:15:00+0200,1191.70996,MW,FR,FR,forecast_offshore_wind_generation,Wind Offshore,2026-07-11T19:30:56Z
2026-07-11T19:29:37Z,2026-07-11T21:29:37+0200,1d83aeba-7d53-466c-9cd8-cde3940d84cc,2026-07-02T18:30:00Z,2026-07-02T20:30:00+0200,1183.84998,MW,FR,FR,forecast_offshore_wind_generation,Wind Offshore,2026-07-11T19:30:56Z
2026-07-11T19:29:37Z,2026-07-11T21:29:37+0200,1d83aeba-7d53-466c-9cd8-cde3940d84cc,2026-07-02T18:45:00Z,2026-07-02T20:45:00+0200,1175.97998,MW,FR,FR,forecast_offshore_wind_generation,Wind Offshore,2026-07-11T19:30:56Z
2026-07-11T19:29:37Z,2026-07-11T21:29:37+0200,1d83aeba-7d53-466c-9cd8-cde3940d84cc,2026-07-02T19:00:00Z,2026-07-02T21:00:00+0200,1168.10986,MW,FR,FR,forecast_offshore_wind_generation,Wind Offshore,2026-07-11T19:30:56Z
2026-07-11T19:29:37Z,2026-07-11T21:29:37+0200,1d83aeba-7d53-466c-9cd8-cde3940d84cc,2026-07-02T19:15:00Z,2026-07-02T21:15:00+0200,1176.59998,MW,FR,FR,forecast_offshore_wind_generation,Wind Offshore,2026-07-11T19:30:56Z
2026-07-11T19:29:37Z,2026-07-11T21:29:37+0200,1d83aeba-7d53-466c-9cd8-cde3940d84cc,2026-07-02T19:30:00Z,2026-07-02T21:30:00+0200,1185.05994,MW,FR,FR,forecast_offshore_wind_generation,Wind Offshore,2026-07-11T19:30:56Z
2026-07-11T19:29:37Z,2026-07-11T21:29:37+0200,1d83aeba-7d53-466c-9cd8-cde3940d84cc,2026-07-02T19:45:00Z,2026-07-02T21:45:00+0200,1193.53003,MW,FR,FR,forecast_offshore_wind_generation,Wind Offshore,2026-07-11T19:30:56Z
2026-07-11T19:29:37Z,2026-07-11T21:29:37+0200,1d83aeba-7d53-466c-9cd8-cde3940d84cc,2026-07-02T20:00:00Z,2026-07-02T22:00:00+0200,1202.0,MW,FR,FR,forecast_offshore_wind_generation,Wind Offshore,2026-07-11T19:30:56Z
2026-07-11T19:29:37Z,2026-07-11T21:29:37+0200,1d83aeba-7d53-466c-9cd8-cde3940d84cc,2026-07-02T20:15:00Z,2026-07-02T22:15:00+0200,1170.41003,MW,FR,FR,forecast_offshore_wind_generation,Wind Offshore,2026-07-11T19:30:56Z
2026-07-11T19:29:37Z,2026-07-11T21:29:37+0200,1d83aeba-7d53-466c-9cd8-cde3940d84cc,2026-07-02T20:30:00Z,2026-07-02T22:30:00+0200,1138.82007,MW,FR,FR,forecast_offshore_wind_generation,Wind Offshore,2026-07-11T19:30:56Z
2026-07-11T19:29:37Z,2026-07-11T21:29:37+0200,1d83aeba-7d53-466c-9cd8-cde3940d84cc,2026-07-02T20:45:00Z,2026-07-02T22:45:00+0200,1107.18994,MW,FR,FR,forecast_offshore_wind_generation,Wind Offshore,2026-07-11T19:30:56Z
2026-07-11T19:29:37Z,2026-07-11T21:29:37+0200,1d83aeba-7d53-466c-9cd8-cde3940d84cc,2026-07-02T21:00:00Z,2026-07-02T23:00:00+0200,1075.52002,MW,FR,FR,forecast_offshore_wind_generation,Wind Offshore,2026-07-11T19:30:56Z
2026-07-11T19:29:37Z,2026-07-11T21:29:37+0200,1d83aeba-7d53-466c-9cd8-cde3940d84cc,2026-07-02T21:15:00Z,2026-07-02T23:15:00+0200,1030.03003,MW,FR,FR,forecast_offshore_wind_generation,Wind Offshore,2026-07-11T19:30:56Z
2026-07-11T19:29:37Z,2026-07-11T21:29:37+0200,1d83aeba-7d53-466c-9cd8-cde3940d84cc,2026-07-02T21:30:00Z,2026-07-02T23:30:00+0200,984.52002,MW,FR,FR,forecast_offshore_wind_generation,Wind Offshore,2026-07-11T19:30:56Z
2026-07-11T19:29:37Z,2026-07-11T21:29:37+0200,1d83aeba-7d53-466c-9cd8-cde3940d84cc,2026-07-02T21:45:00Z,2026-07-02T23:45:00+0200,938.97003,MW,FR,FR,forecast_offshore_wind_generation,Wind Offshore,2026-07-11T19:30:56Z
2026-07-11T19:29:37Z,2026-07-11T21:29:37+0200,1d83aeba-7d53-466c-9cd8-cde3940d84cc,2026-07-02T22:00:00Z,2026-07-03T00:00:00+0200,789.59998,MW,FR,FR,forecast_offshore_wind_generation,Wind Offshore,2026-07-11T19:30:56Z
2026-07-11T19:29:37Z,2026-07-11T21:29:37+0200,1d83aeba-7d53-466c-9cd8-cde3940d84cc,2026-07-02T22:15:00Z,2026-07-03T00:15:00+0200,757.23999,MW,FR,FR,forecast_offshore_wind_generation,Wind Offshore,2026-07-11T19:30:56Z
2026-07-11T19:29:37Z,2026-07-11T21:29:37+0200,1d83aeba-7d53-466c-9cd8-cde3940d84cc,2026-07-02T22:30:00Z,2026-07-03T00:30:00+0200,724.88007,MW,FR,FR,forecast_offshore_wind_generation,Wind Offshore,2026-07-11T19:30:56Z
2026-07-11T19:29:37Z,2026-07-11T21:29:37+0200,1d83aeba-7d53-466c-9cd8-cde3940d84cc,2026-07-02T22:45:00Z,2026-07-03T00:45:00+0200,692.17999,MW,FR,FR,forecast_offshore_wind_generation,Wind Offshore,2026-07-11T19:30:56Z
2026-07-11T19:29:37Z,2026-07-11T21:29:37+0200,1d83aeba-7d53-466c-9cd8-cde3940d84cc,2026-07-02T23:00:00Z,2026-07-03T01:00:00+0200,659.46002,MW,FR,FR,forecast_offshore_wind_generation,Wind Offshore,2026-07-11T19:30:56Z
2026-07-11T19:29:37Z,2026-07-11T21:29:37+0200,1d83aeba-7d53-466c-9cd8-cde3940d84cc,2026-07-02T23:15:00Z,2026-07-03T01:15:00+0200,629.79004,MW,FR,FR,forecast_offshore_wind_generation,Wind Offshore,2026-07-11T19:30:56Z
2026-07-11T19:29:37Z,2026-07-11T21:29:37+0200,1d83aeba-7d53-466c-9cd8-cde3940d84cc,2026-07-02T23:30:00Z,2026-07-03T01:30:00+0200,600.09998,MW,FR,FR,forecast_offshore_wind_generation,Wind Offshore,2026-07-11T19:30:56Z
2026-07-11T19:29:37Z,2026-07-11T21:29:37+0200,1d83aeba-7d53-466c-9cd8-cde3940d84cc,2026-07-02T23:45:00Z,2026-07-03T01:45:00+0200,570.29999,MW,FR,FR,forecast_offshore_wind_generation,Wind Offshore,2026-07-11T19:30:56Z
2026-07-11T19:29:37Z,2026-07-11T21:29:37+0200,1d83aeba-7d53-466c-9cd8-cde3940d84cc,2026-07-03T00:00:00Z,2026-07-03T02:00:00+0200,540.50995,MW,FR,FR,forecast_offshore_wind_generation,Wind Offshore,2026-07-11T19:30:56Z
2026-07-11T19:29:37Z,2026-07-11T21:29:37+0200,1d83aeba-7d53-466c-9cd8-cde3940d84cc,2026-07-03T00:15:00Z,2026-07-03T02:15:00+0200,524.67999,MW,FR,FR,forecast_offshore_wind_generation,Wind Offshore,2026-07-11T19:30:56Z
2026-07-11T19:29:37Z,2026-07-11T21:29:37+0200,1d83aeba-7d53-466c-9cd8-cde3940d84cc,2026-07-03T00:30:00Z,2026-07-03T02:30:00+0200,508.84998,MW,FR,FR,forecast_offshore_wind_generation,Wind Offshore,2026-07-11T19:30:56Z
2026-07-11T19:29:37Z,2026-07-11T21:29:37+0200,1d83aeba-7d53-466c-9cd8-cde3940d84cc,2026-07-03T00:45:00Z,2026-07-03T02:45:00+0200,493.03003,MW,FR,FR,forecast_offshore_wind_generation,Wind Offshore,2026-07-11T19:30:56Z
2026-07-11T19:29:37Z,2026-07-11T21:29:37+0200,1d83aeba-7d53-466c-9cd8-cde3940d84cc,2026-07-03T01:00:00Z,2026-07-03T03:00:00+0200,477.21002,MW,FR,FR,forecast_offshore_wind_generation,Wind Offshore,2026-07-11T19:30:56Z
2026-07-11T19:29:37Z,2026-07-11T21:29:37+0200,1d83aeba-7d53-466c-9cd8-cde3940d84cc,2026-07-03T01:15:00Z,2026-07-03T03:15:00+0200,477.0,MW,FR,FR,forecast_offshore_wind_generation,Wind Offshore,2026-07-11T19:30:56Z
2026-07-11T19:29:37Z,2026-07-11T21:29:37+0200,1d83aeba-7d53-466c-9cd8-cde3940d84cc,2026-07-03T01:30:00Z,2026-07-03T03:30:00+0200,476.79001,MW,FR,FR,forecast_offshore_wind_generation,Wind Offshore,2026-07-11T19:30:56Z
2026-07-11T19:29:37Z,2026-07-11T21:29:37+0200,1d83aeba-7d53-466c-9cd8-cde3940d84cc,2026-07-03T01:45:00Z,2026-07-03T03:45:00+0200,476.59998,MW,FR,FR,forecast_offshore_wind_generation,Wind Offshore,2026-07-11T19:30:56Z
2026-07-11T19:29:37Z,2026-07-11T21:29:37+0200,1d83aeba-7d53-466c-9cd8-cde3940d84cc,2026-07-03T02:00:00Z,2026-07-03T04:00:00+0200,476.39999,MW,FR,FR,forecast_offshore_wind_generation,Wind Offshore,2026-07-11T19:30:56Z
2026-07-11T19:29:37Z,2026-07-11T21:29:37+0200,1d83aeba-7d53-466c-9cd8-cde3940d84cc,2026-07-03T02:15:00Z,2026-07-03T04:15:00+0200,452.66998,MW,FR,FR,forecast_offshore_wind_generation,Wind Offshore,2026-07-11T19:30:56Z
2026-07-11T19:29:37Z,2026-07-11T21:29:37+0200,1d83aeba-7d53-466c-9cd8-cde3940d84cc,2026-07-03T02:30:00Z,2026-07-03T04:30:00+0200,428.95001,MW,FR,FR,forecast_offshore_wind_generation,Wind Offshore,2026-07-11T19:30:56Z
2026-07-11T19:29:37Z,2026-07-11T21:29:37+0200,1d83aeba-7d53-466c-9cd8-cde3940d84cc,2026-07-03T02:45:00Z,2026-07-03T04:45:00+0200,405.22003,MW,FR,FR,forecast_offshore_wind_generation,Wind Offshore,2026-07-11T19:30:56Z
2026-07-11T19:29:37Z,2026-07-11T21:29:37+0200,1d83aeba-7d53-466c-9cd8-cde3940d84cc,2026-07-03T03:00:00Z,2026-07-03T05:00:00+0200,381.47998,MW,FR,FR,forecast_offshore_wind_generation,Wind Offshore,2026-07-11T19:30:56Z
2026-07-11T19:29:37Z,2026-07-11T21:29:37+0200,1d83aeba-7d53-466c-9cd8-cde3940d84cc,2026-07-03T03:15:00Z,2026-07-03T05:15:00+0200,365.35001,MW,FR,FR,forecast_offshore_wind_generation,Wind Offshore,2026-07-11T19:30:56Z
2026-07-11T19:29:37Z,2026-07-11T21:29:37+0200,1d83aeba-7d53-466c-9cd8-cde3940d84cc,2026-07-03T03:30:00Z,2026-07-03T05:30:00+0200,349.20999,MW,FR,FR,forecast_offshore_wind_generation,Wind Offshore,2026-07-11T19:30:56Z
2026-07-11T19:29:37Z,2026-07-11T21:29:37+0200,1d83aeba-7d53-466c-9cd8-cde3940d84cc,2026-07-03T03:45:00Z,2026-07-03T05:45:00+0200,332.98999,MW,FR,FR,forecast_offshore_wind_generation,Wind Offshore,2026-07-11T19:30:56Z
2026-07-11T19:29:37Z,2026-07-11T21:29:37+0200,1d83aeba-7d53-466c-9cd8-cde3940d84cc,2026-07-03T04:00:00Z,2026-07-03T06:00:00+0200,316.76001,MW,FR,FR,forecast_offshore_wind_generation,Wind Offshore,2026-07-11T19:30:56Z
2026-07-11T19:29:37Z,2026-07-11T21:29:37+0200,1d83aeba-7d53-466c-9cd8-cde3940d84cc,2026-07-03T04:15:00Z,2026-07-03T06:15:00+0200,307.23999,MW,FR,FR,forecast_offshore_wind_generation,Wind Offshore,2026-07-11T19:30:56Z
2026-07-11T19:29:37Z,2026-07-11T21:29:37+0200,1d83aeba-7d53-466c-9cd8-cde3940d84cc,2026-07-03T04:30:00Z,2026-07-03T06:30:00+0200,297.70001,MW,FR,FR,forecast_offshore_wind_generation,Wind Offshore,2026-07-11T19:30:56Z
2026-07-11T19:29:37Z,2026-07-11T21:29:37+0200,1d83aeba-7d53-466c-9cd8-cde3940d84cc,2026-07-03T04:45:00Z,2026-07-03T06:45:00+0200,288.07001,MW,FR,FR,forecast_offshore_wind_generation,Wind Offshore,2026-07-11T19:30:56Z
2026-07-11T19:29:37Z,2026-07-11T21:29:37+0200,1d83aeba-7d53-466c-9cd8-cde3940d84cc,2026-07-03T05:00:00Z,2026-07-03T07:00:00+0200,278.44998,MW,FR,FR,forecast_offshore_wind_generation,Wind Offshore,2026-07-11T19:30:56Z
2026-07-11T19:29:37Z,2026-07-11T21:29:37+0200,1d83aeba-7d53-466c-9cd8-cde3940d84cc,2026-07-03T05:15:00Z,2026-07-03T07:15:00+0200,262.97,MW,FR,FR,forecast_offshore_wind_generation,Wind Offshore,2026-07-11T19:30:56Z
2026-07-11T19:29:37Z,2026-07-11T21:29:37+0200,1d83aeba-7d53-466c-9cd8-cde3940d84cc,2026-07-03T05:30:00Z,2026-07-03T07:30:00+0200,247.47,MW,FR,FR,forecast_offshore_wind_generation,Wind Offshore,2026-07-11T19:30:56Z
2026-07-11T19:29:37Z,2026-07-11T21:29:37+0200,1d83aeba-7d53-466c-9cd8-cde3940d84cc,2026-07-03T05:45:00Z,2026-07-03T07:45:00+0200,231.88998,MW,FR,FR,forecast_offshore_wind_generation,Wind Offshore,2026-07-11T19:30:56Z
2026-07-11T19:29:37Z,2026-07-11T21:29:37+0200,1d83aeba-7d53-466c-9cd8-cde3940d84cc,2026-07-03T06:00:00Z,2026-07-03T08:00:00+0200,216.32999,MW,FR,FR,forecast_offshore_wind_generation,Wind Offshore,2026-07-11T19:30:56Z
2026-07-11T19:29:37Z,2026-07-11T21:29:37+0200,1d83aeba-7d53-466c-9cd8-cde3940d84cc,2026-07-03T06:15:00Z,2026-07-03T08:15:00+0200,205.03,MW,FR,FR,forecast_offshore_wind_generation,Wind Offshore,2026-07-11T19:30:56Z
2026-07-11T19:29:37Z,2026-07-11T21:29:37+0200,1d83aeba-7d53-466c-9cd8-cde3940d84cc,2026-07-03T06:30:00Z,2026-07-03T08:30:00+0200,193.73997,MW,FR,FR,forecast_offshore_wind_generation,Wind Offshore,2026-07-11T19:30:56Z
2026-07-11T19:29:37Z,2026-07-11T21:29:37+0200,1d83aeba-7d53-466c-9cd8-cde3940d84cc,2026-07-03T06:45:00Z,2026-07-03T08:45:00+0200,182.39999,MW,FR,FR,forecast_offshore_wind_generation,Wind Offshore,2026-07-11T19:30:56Z
2026-07-11T19:29:37Z,2026-07-11T21:29:37+0200,1d83aeba-7d53-466c-9cd8-cde3940d84cc,2026-07-03T07:00:00Z,2026-07-03T09:00:00+0200,171.05,MW,FR,FR,forecast_offshore_wind_generation,Wind Offshore,2026-07-11T19:30:56Z
2026-07-11T19:29:37Z,2026-07-11T21:29:37+0200,1d83aeba-7d53-466c-9cd8-cde3940d84cc,2026-07-03T07:15:00Z,2026-07-03T09:15:00+0200,162.24998,MW,FR,FR,forecast_offshore_wind_generation,Wind Offshore,2026-07-11T19:30:56Z
2026-07-11T19:29:37Z,2026-07-11T21:29:37+0200,1d83aeba-7d53-466c-9cd8-cde3940d84cc,2026-07-03T07:30:00Z,2026-07-03T09:30:00+0200,153.45,MW,FR,FR,forecast_offshore_wind_generation,Wind Offshore,2026-07-11T19:30:56Z
2026-07-11T19:29:37Z,2026-07-11T21:29:37+0200,1d83aeba-7d53-466c-9cd8-cde3940d84cc,2026-07-03T07:45:00Z,2026-07-03T09:45:00+0200,144.63,MW,FR,FR,forecast_offshore_wind_generation,Wind Offshore,2026-07-11T19:30:56Z
2026-07-11T19:29:37Z,2026-07-11T21:29:37+0200,1d83aeba-7d53-466c-9cd8-cde3940d84cc,2026-07-03T08:00:00Z,2026-07-03T10:00:00+0200,136.38,MW,FR,FR,forecast_offshore_wind_generation,Wind Offshore,2026-07-11T19:30:56Z
2026-07-11T19:29:37Z,2026-07-11T21:29:37+0200,1d83aeba-7d53-466c-9cd8-cde3940d84cc,2026-07-03T08:15:00Z,2026-07-03T10:15:00+0200,128.54999,MW,FR,FR,forecast_offshore_wind_generation,Wind Offshore,2026-07-11T19:30:56Z
2026-07-11T19:29:37Z,2026-07-11T21:29:37+0200,1d83aeba-7d53-466c-9cd8-cde3940d84cc,2026-07-03T08:30:00Z,2026-07-03T10:30:00+0200,120.74001,MW,FR,FR,forecast_offshore_wind_generation,Wind Offshore,2026-07-11T19:30:56Z
2026-07-11T19:29:37Z,2026-07-11T21:29:37+0200,1d83aeba-7d53-466c-9cd8-cde3940d84cc,2026-07-03T08:45:00Z,2026-07-03T10:45:00+0200,112.92,MW,FR,FR,forecast_offshore_wind_generation,Wind Offshore,2026-07-11T19:30:56Z
2026-07-11T19:29:37Z,2026-07-11T21:29:37+0200,1d83aeba-7d53-466c-9cd8-cde3940d84cc,2026-07-03T09:00:00Z,2026-07-03T11:00:00+0200,105.1,MW,FR,FR,forecast_offshore_wind_generation,Wind Offshore,2026-07-11T19:30:56Z
2026-07-11T19:29:37Z,2026-07-11T21:29:37+0200,1d83aeba-7d53-466c-9cd8-cde3940d84cc,2026-07-03T09:15:00Z,2026-07-03T11:15:00+0200,106.23,MW,FR,FR,forecast_offshore_wind_generation,Wind Offshore,2026-07-11T19:30:56Z
2026-07-11T19:29:37Z,2026-07-11T21:29:37+0200,1d83aeba-7d53-466c-9cd8-cde3940d84cc,2026-07-03T09:30:00Z,2026-07-03T11:30:00+0200,107.37,MW,FR,FR,forecast_offshore_wind_generation,Wind Offshore,2026-07-11T19:30:56Z
2026-07-11T19:29:37Z,2026-07-11T21:29:37+0200,1d83aeba-7d53-466c-9cd8-cde3940d84cc,2026-07-03T09:45:00Z,2026-07-03T11:45:00+0200,108.5,MW,FR,FR,forecast_offshore_wind_generation,Wind Offshore,2026-07-11T19:30:56Z
2026-07-11T19:29:37Z,2026-07-11T21:29:37+0200,1d83aeba-7d53-466c-9cd8-cde3940d84cc,2026-07-03T10:00:00Z,2026-07-03T12:00:00+0200,109.63,MW,FR,FR,forecast_offshore_wind_generation,Wind Offshore,2026-07-11T19:30:56Z
2026-07-11T19:29:37Z,2026-07-11T21:29:37+0200,1d83aeba-7d53-466c-9cd8-cde3940d84cc,2026-07-03T10:15:00Z,2026-07-03T12:15:00+0200,107.24,MW,FR,FR,forecast_offshore_wind_generation,Wind Offshore,2026-07-11T19:30:56Z
2026-07-11T19:29:37Z,2026-07-11T21:29:37+0200,1d83aeba-7d53-466c-9cd8-cde3940d84cc,2026-07-03T10:30:00Z,2026-07-03T12:30:00+0200,104.85001,MW,FR,FR,forecast_offshore_wind_generation,Wind Offshore,2026-07-11T19:30:56Z
2026-07-11T19:29:37Z,2026-07-11T21:29:37+0200,1d83aeba-7d53-466c-9cd8-cde3940d84cc,2026-07-03T10:45:00Z,2026-07-03T12:45:00+0200,102.46,MW,FR,FR,forecast_offshore_wind_generation,Wind Offshore,2026-07-11T19:30:56Z
2026-07-11T19:29:37Z,2026-07-11T21:29:37+0200,1d83aeba-7d53-466c-9cd8-cde3940d84cc,2026-07-03T11:00:00Z,2026-07-03T13:00:00+0200,100.09,MW,FR,FR,forecast_offshore_wind_generation,Wind Offshore,2026-07-11T19:30:56Z
2026-07-11T19:29:37Z,2026-07-11T21:29:37+0200,1d83aeba-7d53-466c-9cd8-cde3940d84cc,2026-07-03T11:15:00Z,2026-07-03T13:15:00+0200,105.32001,MW,FR,FR,forecast_offshore_wind_generation,Wind Offshore,2026-07-11T19:30:56Z
2026-07-11T19:29:37Z,2026-07-11T21:29:37+0200,1d83aeba-7d53-466c-9cd8-cde3940d84cc,2026-07-03T11:30:00Z,2026-07-03T13:30:00+0200,94.39,MW,FR,FR,forecast_offshore_wind_generation,Wind Offshore,2026-07-11T19:30:56Z
2026-07-11T19:29:37Z,2026-07-11T21:29:37+0200,1d83aeba-7d53-466c-9cd8-cde3940d84cc,2026-07-03T11:45:00Z,2026-07-03T13:45:00+0200,93.0,MW,FR,FR,forecast_offshore_wind_generation,Wind Offshore,2026-07-11T19:30:56Z
2026-07-11T19:29:37Z,2026-07-11T21:29:37+0200,1d83aeba-7d53-466c-9cd8-cde3940d84cc,2026-07-03T12:00:00Z,2026-07-03T14:00:00+0200,91.61,MW,FR,FR,forecast_offshore_wind_generation,Wind Offshore,2026-07-11T19:30:56Z
2026-07-11T19:29:37Z,2026-07-11T21:29:37+0200,1d83aeba-7d53-466c-9cd8-cde3940d84cc,2026-07-03T12:15:00Z,2026-07-03T14:15:00+0200,92.92,MW,FR,FR,forecast_offshore_wind_generation,Wind Offshore,2026-07-11T19:30:56Z
2026-07-11T19:29:37Z,2026-07-11T21:29:37+0200,1d83aeba-7d53-466c-9cd8-cde3940d84cc,2026-07-03T12:30:00Z,2026-07-03T14:30:00+0200,94.23,MW,FR,FR,forecast_offshore_wind_generation,Wind Offshore,2026-07-11T19:30:56Z
2026-07-11T19:29:37Z,2026-07-11T21:29:37+0200,1d83aeba-7d53-466c-9cd8-cde3940d84cc,2026-07-03T12:45:00Z,2026-07-03T14:45:00+0200,94.38,MW,FR,FR,forecast_offshore_wind_generation,Wind Offshore,2026-07-11T19:30:56Z
2026-07-11T19:29:37Z,2026-07-11T21:29:37+0200,1d83aeba-7d53-466c-9cd8-cde3940d84cc,2026-07-03T13:00:00Z,2026-07-03T15:00:00+0200,187.39,MW,FR,FR,forecast_offshore_wind_generation,Wind Offshore,2026-07-11T19:30:56Z
2026-07-11T19:29:37Z,2026-07-11T21:29:37+0200,1d83aeba-7d53-466c-9cd8-cde3940d84cc,2026-07-03T13:15:00Z,2026-07-03T15:15:00+0200,204.98,MW,FR,FR,forecast_offshore_wind_generation,Wind Offshore,2026-07-11T19:30:56Z
2026-07-11T19:29:37Z,2026-07-11T21:29:37+0200,1d83aeba-7d53-466c-9cd8-cde3940d84cc,2026-07-03T13:30:00Z,2026-07-03T15:30:00+0200,94.45,MW,FR,FR,forecast_offshore_wind_generation,Wind Offshore,2026-07-11T19:30:56Z
2026-07-11T19:29:37Z,2026-07-11T21:29:37+0200,1d83aeba-7d53-466c-9cd8-cde3940d84cc,2026-07-03T13:45:00Z,2026-07-03T15:45:00+0200,95.12,MW,FR,FR,forecast_offshore_wind_generation,Wind Offshore,2026-07-11T19:30:56Z
2026-07-11T19:29:37Z,2026-07-11T21:29:37+0200,1d83aeba-7d53-466c-9cd8-cde3940d84cc,2026-07-03T14:00:00Z,2026-07-03T16:00:00+0200,259.03,MW,FR,FR,forecast_offshore_wind_generation,Wind Offshore,2026-07-11T19:30:56Z
2026-07-11T19:29:37Z,2026-07-11T21:29:37+0200,1d83aeba-7d53-466c-9cd8-cde3940d84cc,2026-07-03T14:15:00Z,2026-07-03T16:15:00+0200,285.10001,MW,FR,FR,forecast_offshore_wind_generation,Wind Offshore,2026-07-11T19:30:56Z
2026-07-11T19:29:37Z,2026-07-11T21:29:37+0200,1d83aeba-7d53-466c-9cd8-cde3940d84cc,2026-07-03T14:30:00Z,2026-07-03T16:30:00+0200,311.16,MW,FR,FR,forecast_offshore_wind_generation,Wind Offshore,2026-07-11T19:30:56Z
2026-07-11T19:29:37Z,2026-07-11T21:29:37+0200,1d83aeba-7d53-466c-9cd8-cde3940d84cc,2026-07-03T14:45:00Z,2026-07-03T16:45:00+0200,337.29999,MW,FR,FR,forecast_offshore_wind_generation,Wind Offshore,2026-07-11T19:30:56Z
2026-07-11T19:29:37Z,2026-07-11T21:29:37+0200,1d83aeba-7d53-466c-9cd8-cde3940d84cc,2026-07-03T15:00:00Z,2026-07-03T17:00:00+0200,363.44,MW,FR,FR,forecast_offshore_wind_generation,Wind Offshore,2026-07-11T19:30:56Z
2026-07-11T19:29:37Z,2026-07-11T21:29:37+0200,1d83aeba-7d53-466c-9cd8-cde3940d84cc,2026-07-03T15:15:00Z,2026-07-03T17:15:00+0200,399.45001,MW,FR,FR,forecast_offshore_wind_generation,Wind Offshore,2026-07-11T19:30:56Z
2026-07-11T19:29:37Z,2026-07-11T21:29:37+0200,1d83aeba-7d53-466c-9cd8-cde3940d84cc,2026-07-03T15:30:00Z,2026-07-03T17:30:00+0200,435.5,MW,FR,FR,forecast_offshore_wind_generation,Wind Offshore,2026-07-11T19:30:56Z
2026-07-11T19:29:37Z,2026-07-11T21:29:37+0200,1d83aeba-7d53-466c-9cd8-cde3940d84cc,2026-07-03T15:45:00Z,2026-07-03T17:45:00+0200,471.59003,MW,FR,FR,forecast_offshore_wind_generation,Wind Offshore,2026-07-11T19:30:56Z
2026-07-11T19:29:37Z,2026-07-11T21:29:37+0200,1d83aeba-7d53-466c-9cd8-cde3940d84cc,2026-07-03T16:00:00Z,2026-07-03T18:00:00+0200,507.70001,MW,FR,FR,forecast_offshore_wind_generation,Wind Offshore,2026-07-11T19:30:56Z
2026-07-11T19:29:37Z,2026-07-11T21:29:37+0200,1d83aeba-7d53-466c-9cd8-cde3940d84cc,2026-07-03T16:15:00Z,2026-07-03T18:15:00+0200,540.04004,MW,FR,FR,forecast_offshore_wind_generation,Wind Offshore,2026-07-11T19:30:56Z
2026-07-11T19:29:37Z,2026-07-11T21:29:37+0200,1d83aeba-7d53-466c-9cd8-cde3940d84cc,2026-07-03T16:30:00Z,2026-07-03T18:30:00+0200,572.38,MW,FR,FR,forecast_offshore_wind_generation,Wind Offshore,2026-07-11T19:30:56Z
2026-07-11T19:29:37Z,2026-07-11T21:29:37+0200,1d83aeba-7d53-466c-9cd8-cde3940d84cc,2026-07-03T16:45:00Z,2026-07-03T18:45:00+0200,604.75995,MW,FR,FR,forecast_offshore_wind_generation,Wind Offshore,2026-07-11T19:30:56Z
2026-07-11T19:29:37Z,2026-07-11T21:29:37+0200,1d83aeba-7d53-466c-9cd8-cde3940d84cc,2026-07-03T17:00:00Z,2026-07-03T19:00:00+0200,637.15997,MW,FR,FR,forecast_offshore_wind_generation,Wind Offshore,2026-07-11T19:30:56Z
2026-07-11T19:29:37Z,2026-07-11T21:29:37+0200,1d83aeba-7d53-466c-9cd8-cde3940d84cc,2026-07-03T17:15:00Z,2026-07-03T19:15:00+0200,657.02997,MW,FR,FR,forecast_offshore_wind_generation,Wind Offshore,2026-07-11T19:30:56Z
2026-07-11T19:29:37Z,2026-07-11T21:29:37+0200,1d83aeba-7d53-466c-9cd8-cde3940d84cc,2026-07-03T17:30:00Z,2026-07-03T19:30:00+0200,676.91998,MW,FR,FR,forecast_offshore_wind_generation,Wind Offshore,2026-07-11T19:30:56Z
2026-07-11T19:29:37Z,2026-07-11T21:29:37+0200,1d83aeba-7d53-466c-9cd8-cde3940d84cc,2026-07-03T17:45:00Z,2026-07-03T19:45:00+0200,696.85999,MW,FR,FR,forecast_offshore_wind_generation,Wind Offshore,2026-07-11T19:30:56Z
2026-07-11T19:29:37Z,2026-07-11T21:29:37+0200,1d83aeba-7d53-466c-9cd8-cde3940d84cc,2026-07-03T18:00:00Z,2026-07-03T20:00:00+0200,716.80005,MW,FR,FR,forecast_offshore_wind_generation,Wind Offshore,2026-07-11T19:30:56Z
2026-07-11T19:29:37Z,2026-07-11T21:29:37+0200,1d83aeba-7d53-466c-9cd8-cde3940d84cc,2026-07-03T18:15:00Z,2026-07-03T20:15:00+0200,714.44,MW,FR,FR,forecast_offshore_wind_generation,Wind Offshore,2026-07-11T19:30:56Z
2026-07-11T19:29:37Z,2026-07-11T21:29:37+0200,1d83aeba-7d53-466c-9cd8-cde3940d84cc,2026-07-03T18:30:00Z,2026-07-03T20:30:00+0200,712.08002,MW,FR,FR,forecast_offshore_wind_generation,Wind Offshore,2026-07-11T19:30:56Z
2026-07-11T19:29:37Z,2026-07-11T21:29:37+0200,1d83aeba-7d53-466c-9cd8-cde3940d84cc,2026-07-03T18:45:00Z,2026-07-03T20:45:00+0200,709.67004,MW,FR,FR,forecast_offshore_wind_generation,Wind Offshore,2026-07-11T19:30:56Z
2026-07-11T19:29:37Z,2026-07-11T21:29:37+0200,1d83aeba-7d53-466c-9cd8-cde3940d84cc,2026-07-03T19:00:00Z,2026-07-03T21:00:00+0200,707.27002,MW,FR,FR,forecast_offshore_wind_generation,Wind Offshore,2026-07-11T19:30:56Z
2026-07-11T19:29:37Z,2026-07-11T21:29:37+0200,1d83aeba-7d53-466c-9cd8-cde3940d84cc,2026-07-03T19:15:00Z,2026-07-03T21:15:00+0200,691.29004,MW,FR,FR,forecast_offshore_wind_generation,Wind Offshore,2026-07-11T19:30:56Z
2026-07-11T19:29:37Z,2026-07-11T21:29:37+0200,1d83aeba-7d53-466c-9cd8-cde3940d84cc,2026-07-03T19:30:00Z,2026-07-03T21:30:00+0200,675.33002,MW,FR,FR,forecast_offshore_wind_generation,Wind Offshore,2026-07-11T19:30:56Z
2026-07-11T19:29:37Z,2026-07-11T21:29:37+0200,1d83aeba-7d53-466c-9cd8-cde3940d84cc,2026-07-03T19:45:00Z,2026-07-03T21:45:00+0200,659.33002,MW,FR,FR,forecast_offshore_wind_generation,Wind Offshore,2026-07-11T19:30:56Z
2026-07-11T19:29:37Z,2026-07-11T21:29:37+0200,1d83aeba-7d53-466c-9cd8-cde3940d84cc,2026-07-03T20:00:00Z,2026-07-03T22:00:00+0200,643.30994,MW,FR,FR,forecast_offshore_wind_generation,Wind Offshore,2026-07-11T19:30:56Z
2026-07-11T19:29:37Z,2026-07-11T21:29:37+0200,1d83aeba-7d53-466c-9cd8-cde3940d84cc,2026-07-03T20:15:00Z,2026-07-03T22:15:00+0200,622.04999,MW,FR,FR,forecast_offshore_wind_generation,Wind Offshore,2026-07-11T19:30:56Z
2026-07-11T19:29:37Z,2026-07-11T21:29:37+0200,1d83aeba-7d53-466c-9cd8-cde3940d84cc,2026-07-03T20:30:00Z,2026-07-03T22:30:00+0200,600.77002,MW,FR,FR,forecast_offshore_wind_generation,Wind Offshore,2026-07-11T19:30:56Z
2026-07-11T19:29:37Z,2026-07-11T21:29:37+0200,1d83aeba-7d53-466c-9cd8-cde3940d84cc,2026-07-03T20:45:00Z,2026-07-03T22:45:00+0200,579.42004,MW,FR,FR,forecast_offshore_wind_generation,Wind Offshore,2026-07-11T19:30:56Z
2026-07-11T19:29:37Z,2026-07-11T21:29:37+0200,1d83aeba-7d53-466c-9cd8-cde3940d84cc,2026-07-03T21:00:00Z,2026-07-03T23:00:00+0200,558.07001,MW,FR,FR,forecast_offshore_wind_generation,Wind Offshore,2026-07-11T19:30:56Z
2026-07-11T19:29:37Z,2026-07-11T21:29:37+0200,1d83aeba-7d53-466c-9cd8-cde3940d84cc,2026-07-03T21:15:00Z,2026-07-03T23:15:00+0200,537.19995,MW,FR,FR,forecast_offshore_wind_generation,Wind Offshore,2026-07-11T19:30:56Z
2026-07-11T19:29:37Z,2026-07-11T21:29:37+0200,1d83aeba-7d53-466c-9cd8-cde3940d84cc,2026-07-03T21:30:00Z,2026-07-03T23:30:00+0200,516.34998,MW,FR,FR,forecast_offshore_wind_generation,Wind Offshore,2026-07-11T19:30:56Z
2026-07-11T19:29:37Z,2026-07-11T21:29:37+0200,1d83aeba-7d53-466c-9cd8-cde3940d84cc,2026-07-03T21:45:00Z,2026-07-03T23:45:00+0200,495.42999,MW,FR,FR,forecast_offshore_wind_generation,Wind Offshore,2026-07-11T19:30:56Z
2026-07-11T19:29:37Z,2026-07-11T21:29:37+0200,1d83aeba-7d53-466c-9cd8-cde3940d84cc,2026-07-03T22:00:00Z,2026-07-04T00:00:00+0200,437.73999,MW,FR,FR,forecast_offshore_wind_generation,Wind Offshore,2026-07-11T19:30:56Z
2026-07-11T19:29:37Z,2026-07-11T21:29:37+0200,1d83aeba-7d53-466c-9cd8-cde3940d84cc,2026-07-03T22:15:00Z,2026-07-04T00:15:00+0200,440.22998,MW,FR,FR,forecast_offshore_wind_generation,Wind Offshore,2026-07-11T19:30:56Z
2026-07-11T19:29:37Z,2026-07-11T21:29:37+0200,1d83aeba-7d53-466c-9cd8-cde3940d84cc,2026-07-03T22:30:00Z,2026-07-04T00:30:00+0200,442.73999,MW,FR,FR,forecast_offshore_wind_generation,Wind Offshore,2026-07-11T19:30:56Z
2026-07-11T19:29:37Z,2026-07-11T21:29:37+0200,1d83aeba-7d53-466c-9cd8-cde3940d84cc,2026-07-03T22:45:00Z,2026-07-04T00:45:00+0200,445.25,MW,FR,FR,forecast_offshore_wind_generation,Wind Offshore,2026-07-11T19:30:56Z
2026-07-11T19:29:37Z,2026-07-11T21:29:37+0200,1d83aeba-7d53-466c-9cd8-cde3940d84cc,2026-07-03T23:00:00Z,2026-07-04T01:00:00+0200,447.75,MW,FR,FR,forecast_offshore_wind_generation,Wind Offshore,2026-07-11T19:30:56Z
2026-07-11T19:29:37Z,2026-07-11T21:29:37+0200,1d83aeba-7d53-466c-9cd8-cde3940d84cc,2026-07-03T23:15:00Z,2026-07-04T01:15:00+0200,452.23999,MW,FR,FR,forecast_offshore_wind_generation,Wind Offshore,2026-07-11T19:30:56Z
2026-07-11T19:29:37Z,2026-07-11T21:29:37+0200,1d83aeba-7d53-466c-9cd8-cde3940d84cc,2026-07-03T23:30:00Z,2026-07-04T01:30:00+0200,456.72998,MW,FR,FR,forecast_offshore_wind_generation,Wind Offshore,2026-07-11T19:30:56Z
2026-07-11T19:29:37Z,2026-07-11T21:29:37+0200,1d83aeba-7d53-466c-9cd8-cde3940d84cc,2026-07-03T23:45:00Z,2026-07-04T01:45:00+0200,461.23999,MW,FR,FR,forecast_offshore_wind_generation,Wind Offshore,2026-07-11T19:30:56Z
2026-07-11T19:29:37Z,2026-07-11T21:29:37+0200,1d83aeba-7d53-466c-9cd8-cde3940d84cc,2026-07-04T00:00:00Z,2026-07-04T02:00:00+0200,465.73001,MW,FR,FR,forecast_offshore_wind_generation,Wind Offshore,2026-07-11T19:30:56Z
2026-07-11T19:29:37Z,2026-07-11T21:29:37+0200,1d83aeba-7d53-466c-9cd8-cde3940d84cc,2026-07-04T00:15:00Z,2026-07-04T02:15:00+0200,458.43002,MW,FR,FR,forecast_offshore_wind_generation,Wind Offshore,2026-07-11T19:30:56Z
2026-07-11T19:29:37Z,2026-07-11T21:29:37+0200,1d83aeba-7d53-466c-9cd8-cde3940d84cc,2026-07-04T00:30:00Z,2026-07-04T02:30:00+0200,451.13,MW,FR,FR,forecast_offshore_wind_generation,Wind Offshore,2026-07-11T19:30:56Z
2026-07-11T19:29:37Z,2026-07-11T21:29:37+0200,1d83aeba-7d53-466c-9cd8-cde3940d84cc,2026-07-04T00:45:00Z,2026-07-04T02:45:00+0200,443.82999,MW,FR,FR,forecast_offshore_wind_generation,Wind Offshore,2026-07-11T19:30:56Z
2026-07-11T19:29:37Z,2026-07-11T21:29:37+0200,1d83aeba-7d53-466c-9cd8-cde3940d84cc,2026-07-04T01:00:00Z,2026-07-04T03:00:00+0200,436.52002,MW,FR,FR,forecast_offshore_wind_generation,Wind Offshore,2026-07-11T19:30:56Z
2026-07-11T19:29:37Z,2026-07-11T21:29:37+0200,1d83aeba-7d53-466c-9cd8-cde3940d84cc,2026-07-04T01:15:00Z,2026-07-04T03:15:00+0200,428.64001,MW,FR,FR,forecast_offshore_wind_generation,Wind Offshore,2026-07-11T19:30:56Z
2026-07-11T19:29:37Z,2026-07-11T21:29:37+0200,1d83aeba-7d53-466c-9cd8-cde3940d84cc,2026-07-04T01:30:00Z,2026-07-04T03:30:00+0200,420.73999,MW,FR,FR,forecast_offshore_wind_generation,Wind Offshore,2026-07-11T19:30:56Z
2026-07-11T19:29:37Z,2026-07-11T21:29:37+0200,1d83aeba-7d53-466c-9cd8-cde3940d84cc,2026-07-04T01:45:00Z,2026-07-04T03:45:00+0200,412.84998,MW,FR,FR,forecast_offshore_wind_generation,Wind Offshore,2026-07-11T19:30:56Z
2026-07-11T19:29:37Z,2026-07-11T21:29:37+0200,1d83aeba-7d53-466c-9cd8-cde3940d84cc,2026-07-04T02:00:00Z,2026-07-04T04:00:00+0200,404.97,MW,FR,FR,forecast_offshore_wind_generation,Wind Offshore,2026-07-11T19:30:56Z
2026-07-11T19:29:37Z,2026-07-11T21:29:37+0200,1d83aeba-7d53-466c-9cd8-cde3940d84cc,2026-07-04T02:15:00Z,2026-07-04T04:15:00+0200,403.69,MW,FR,FR,forecast_offshore_wind_generation,Wind Offshore,2026-07-11T19:30:56Z
2026-07-11T19:29:37Z,2026-07-11T21:29:37+0200,1d83aeba-7d53-466c-9cd8-cde3940d84cc,2026-07-04T02:30:00Z,2026-07-04T04:30:00+0200,402.39999,MW,FR,FR,forecast_offshore_wind_generation,Wind Offshore,2026-07-11T19:30:56Z
2026-07-11T19:29:37Z,2026-07-11T21:29:37+0200,1d83aeba-7d53-466c-9cd8-cde3940d84cc,2026-07-04T02:45:00Z,2026-07-04T04:45:00+0200,401.11002,MW,FR,FR,forecast_offshore_wind_generation,Wind Offshore,2026-07-11T19:30:56Z
2026-07-11T19:29:37Z,2026-07-11T21:29:37+0200,1d83aeba-7d53-466c-9cd8-cde3940d84cc,2026-07-04T03:00:00Z,2026-07-04T05:00:00+0200,399.82999,MW,FR,FR,forecast_offshore_wind_generation,Wind Offshore,2026-07-11T19:30:56Z
2026-07-11T19:29:37Z,2026-07-11T21:29:37+0200,1d83aeba-7d53-466c-9cd8-cde3940d84cc,2026-07-04T03:15:00Z,2026-07-04T05:15:00+0200,390.95996,MW,FR,FR,forecast_offshore_wind_generation,Wind Offshore,2026-07-11T19:30:56Z
2026-07-11T19:29:37Z,2026-07-11T21:29:37+0200,1d83aeba-7d53-466c-9cd8-cde3940d84cc,2026-07-04T03:30:00Z,2026-07-04T05:30:00+0200,382.09003,MW,FR,FR,forecast_offshore_wind_generation,Wind Offshore,2026-07-11T19:30:56Z
2026-07-11T19:29:37Z,2026-07-11T21:29:37+0200,1d83aeba-7d53-466c-9cd8-cde3940d84cc,2026-07-04T03:45:00Z,2026-07-04T05:45:00+0200,373.23001,MW,FR,FR,forecast_offshore_wind_generation,Wind Offshore,2026-07-11T19:30:56Z
2026-07-11T19:29:37Z,2026-07-11T21:29:37+0200,1d83aeba-7d53-466c-9cd8-cde3940d84cc,2026-07-04T04:00:00Z,2026-07-04T06:00:00+0200,364.35001,MW,FR,FR,forecast_offshore_wind_generation,Wind Offshore,2026-07-11T19:30:56Z
2026-07-11T19:29:37Z,2026-07-11T21:29:37+0200,1d83aeba-7d53-466c-9cd8-cde3940d84cc,2026-07-04T04:15:00Z,2026-07-04T06:15:00+0200,358.60001,MW,FR,FR,forecast_offshore_wind_generation,Wind Offshore,2026-07-11T19:30:56Z
2026-07-11T19:29:37Z,2026-07-11T21:29:37+0200,1d83aeba-7d53-466c-9cd8-cde3940d84cc,2026-07-04T04:30:00Z,2026-07-04T06:30:00+0200,352.85001,MW,FR,FR,forecast_offshore_wind_generation,Wind Offshore,2026-07-11T19:30:56Z
2026-07-11T19:29:37Z,2026-07-11T21:29:37+0200,1d83aeba-7d53-466c-9cd8-cde3940d84cc,2026-07-04T04:45:00Z,2026-07-04T06:45:00+0200,347.10999,MW,FR,FR,forecast_offshore_wind_generation,Wind Offshore,2026-07-11T19:30:56Z
2026-07-11T19:29:37Z,2026-07-11T21:29:37+0200,1d83aeba-7d53-466c-9cd8-cde3940d84cc,2026-07-04T05:00:00Z,2026-07-04T07:00:00+0200,341.34998,MW,FR,FR,forecast_offshore_wind_generation,Wind Offshore,2026-07-11T19:30:56Z
2026-07-11T19:29:37Z,2026-07-11T21:29:37+0200,1d83aeba-7d53-466c-9cd8-cde3940d84cc,2026-07-04T05:15:00Z,2026-07-04T07:15:00+0200,332.48999,MW,FR,FR,forecast_offshore_wind_generation,Wind Offshore,2026-07-11T19:30:56Z
2026-07-11T19:29:37Z,2026-07-11T21:29:37+0200,1d83aeba-7d53-466c-9cd8-cde3940d84cc,2026-07-04T05:30:00Z,2026-07-04T07:30:00+0200,323.64999,MW,FR,FR,forecast_offshore_wind_generation,Wind Offshore,2026-07-11T19:30:56Z
2026-07-11T19:29:37Z,2026-07-11T21:29:37+0200,1d83aeba-7d53-466c-9cd8-cde3940d84cc,2026-07-04T05:45:00Z,2026-07-04T07:45:00+0200,314.78998,MW,FR,FR,forecast_offshore_wind_generation,Wind Offshore,2026-07-11T19:30:56Z
2026-07-11T19:29:37Z,2026-07-11T21:29:37+0200,1d83aeba-7d53-466c-9cd8-cde3940d84cc,2026-07-04T06:00:00Z,2026-07-04T08:00:00+0200,305.94,MW,FR,FR,forecast_offshore_wind_generation,Wind Offshore,2026-07-11T19:30:56Z
2026-07-11T19:29:37Z,2026-07-11T21:29:37+0200,1d83aeba-7d53-466c-9cd8-cde3940d84cc,2026-07-04T06:15:00Z,2026-07-04T08:15:00+0200,290.98001,MW,FR,FR,forecast_offshore_wind_generation,Wind Offshore,2026-07-11T19:30:56Z
2026-07-11T19:29:37Z,2026-07-11T21:29:37+0200,1d83aeba-7d53-466c-9cd8-cde3940d84cc,2026-07-04T06:30:00Z,2026-07-04T08:30:00+0200,276.00998,MW,FR,FR,forecast_offshore_wind_generation,Wind Offshore,2026-07-11T19:30:56Z
2026-07-11T19:29:37Z,2026-07-11T21:29:37+0200,1d83aeba-7d53-466c-9cd8-cde3940d84cc,2026-07-04T06:45:00Z,2026-07-04T08:45:00+0200,261.04999,MW,FR,FR,forecast_offshore_wind_generation,Wind Offshore,2026-07-11T19:30:56Z
2026-07-11T19:29:37Z,2026-07-11T21:29:37+0200,1d83aeba-7d53-466c-9cd8-cde3940d84cc,2026-07-04T07:00:00Z,2026-07-04T09:00:00+0200,246.07001,MW,FR,FR,forecast_offshore_wind_generation,Wind Offshore,2026-07-11T19:30:56Z
2026-07-11T19:29:37Z,2026-07-11T21:29:37+0200,1d83aeba-7d53-466c-9cd8-cde3940d84cc,2026-07-04T07:15:00Z,2026-07-04T09:15:00+0200,232.48999,MW,FR,FR,forecast_offshore_wind_generation,Wind Offshore,2026-07-11T19:30:56Z
2026-07-11T19:29:37Z,2026-07-11T21:29:37+0200,1d83aeba-7d53-466c-9cd8-cde3940d84cc,2026-07-04T07:30:00Z,2026-07-04T09:30:00+0200,218.90999,MW,FR,FR,forecast_offshore_wind_generation,Wind Offshore,2026-07-11T19:30:56Z
2026-07-11T19:29:37Z,2026-07-11T21:29:37+0200,1d83aeba-7d53-466c-9cd8-cde3940d84cc,2026-07-04T07:45:00Z,2026-07-04T09:45:00+0200,205.31001,MW,FR,FR,forecast_offshore_wind_generation,Wind Offshore,2026-07-11T19:30:56Z
2026-07-11T19:29:37Z,2026-07-11T21:29:37+0200,1d83aeba-7d53-466c-9cd8-cde3940d84cc,2026-07-04T08:00:00Z,2026-07-04T10:00:00+0200,191.73001,MW,FR,FR,forecast_offshore_wind_generation,Wind Offshore,2026-07-11T19:30:56Z
2026-07-11T19:29:37Z,2026-07-11T21:29:37+0200,1d83aeba-7d53-466c-9cd8-cde3940d84cc,2026-07-04T08:15:00Z,2026-07-04T10:15:00+0200,189.25999,MW,FR,FR,forecast_offshore_wind_generation,Wind Offshore,2026-07-11T19:30:56Z
2026-07-11T19:29:37Z,2026-07-11T21:29:37+0200,1d83aeba-7d53-466c-9cd8-cde3940d84cc,2026-07-04T08:30:00Z,2026-07-04T10:30:00+0200,186.81001,MW,FR,FR,forecast_offshore_wind_generation,Wind Offshore,2026-07-11T19:30:56Z
2026-07-11T19:29:37Z,2026-07-11T21:29:37+0200,1d83aeba-7d53-466c-9cd8-cde3940d84cc,2026-07-04T08:45:00Z,2026-07-04T10:45:00+0200,184.33,MW,FR,FR,forecast_offshore_wind_generation,Wind Offshore,2026-07-11T19:30:56Z
2026-07-11T19:29:37Z,2026-07-11T21:29:37+0200,1d83aeba-7d53-466c-9cd8-cde3940d84cc,2026-07-04T09:00:00Z,2026-07-04T11:00:00+0200,181.87999,MW,FR,FR,forecast_offshore_wind_generation,Wind Offshore,2026-07-11T19:30:56Z
2026-07-11T19:29:37Z,2026-07-11T21:29:37+0200,1d83aeba-7d53-466c-9cd8-cde3940d84cc,2026-07-04T09:15:00Z,2026-07-04T11:15:00+0200,99.67,MW,FR,FR,forecast_offshore_wind_generation,Wind Offshore,2026-07-11T19:30:56Z
2026-07-11T19:29:37Z,2026-07-11T21:29:37+0200,1d83aeba-7d53-466c-9cd8-cde3940d84cc,2026-07-04T09:30:00Z,2026-07-04T11:30:00+0200,97.69,MW,FR,FR,forecast_offshore_wind_generation,Wind Offshore,2026-07-11T19:30:56Z
2026-07-11T19:29:37Z,2026-07-11T21:29:37+0200,1d83aeba-7d53-466c-9cd8-cde3940d84cc,2026-07-04T09:45:00Z,2026-07-04T11:45:00+0200,95.7,MW,FR,FR,forecast_offshore_wind_generation,Wind Offshore,2026-07-11T19:30:56Z
2026-07-11T19:29:37Z,2026-07-11T21:29:37+0200,1d83aeba-7d53-466c-9cd8-cde3940d84cc,2026-07-04T10:00:00Z,2026-07-04T12:00:00+0200,93.71,MW,FR,FR,forecast_offshore_wind_generation,Wind Offshore,2026-07-11T19:30:56Z
2026-07-11T19:29:37Z,2026-07-11T21:29:37+0200,1d83aeba-7d53-466c-9cd8-cde3940d84cc,2026-07-04T10:15:00Z,2026-07-04T12:15:00+0200,92.96,MW,FR,FR,forecast_offshore_wind_generation,Wind Offshore,2026-07-11T19:30:56Z
2026-07-11T19:29:37Z,2026-07-11T21:29:37+0200,1d83aeba-7d53-466c-9cd8-cde3940d84cc,2026-07-04T10:30:00Z,2026-07-04T12:30:00+0200,91.48,MW,FR,FR,forecast_offshore_wind_generation,Wind Offshore,2026-07-11T19:30:56Z
2026-07-11T19:29:37Z,2026-07-11T21:29:37+0200,1d83aeba-7d53-466c-9cd8-cde3940d84cc,2026-07-04T10:45:00Z,2026-07-04T12:45:00+0200,89.68999,MW,FR,FR,forecast_offshore_wind_generation,Wind Offshore,2026-07-11T19:30:56Z
2026-07-11T19:29:37Z,2026-07-11T21:29:37+0200,1d83aeba-7d53-466c-9cd8-cde3940d84cc,2026-07-04T11:00:00Z,2026-07-04T13:00:00+0200,87.9,MW,FR,FR,forecast_offshore_wind_generation,Wind Offshore,2026-07-11T19:30:56Z
2026-07-11T19:29:37Z,2026-07-11T21:29:37+0200,1d83aeba-7d53-466c-9cd8-cde3940d84cc,2026-07-04T11:15:00Z,2026-07-04T13:15:00+0200,89.76,MW,FR,FR,forecast_offshore_wind_generation,Wind Offshore,2026-07-11T19:30:56Z
2026-07-11T19:29:37Z,2026-07-11T21:29:37+0200,1d83aeba-7d53-466c-9cd8-cde3940d84cc,2026-07-04T11:30:00Z,2026-07-04T13:30:00+0200,91.64,MW,FR,FR,forecast_offshore_wind_generation,Wind Offshore,2026-07-11T19:30:56Z
2026-07-11T19:29:37Z,2026-07-11T21:29:37+0200,1d83aeba-7d53-466c-9cd8-cde3940d84cc,2026-07-04T11:45:00Z,2026-07-04T13:45:00+0200,93.48,MW,FR,FR,forecast_offshore_wind_generation,Wind Offshore,2026-07-11T19:30:56Z
2026-07-11T19:29:37Z,2026-07-11T21:29:37+0200,1d83aeba-7d53-466c-9cd8-cde3940d84cc,2026-07-04T12:00:00Z,2026-07-04T14:00:00+0200,95.34,MW,FR,FR,forecast_offshore_wind_generation,Wind Offshore,2026-07-11T19:30:56Z
2026-07-11T19:29:37Z,2026-07-11T21:29:37+0200,1d83aeba-7d53-466c-9cd8-cde3940d84cc,2026-07-04T12:15:00Z,2026-07-04T14:15:00+0200,99.06999,MW,FR,FR,forecast_offshore_wind_generation,Wind Offshore,2026-07-11T19:30:56Z
2026-07-11T19:29:37Z,2026-07-11T21:29:37+0200,1d83aeba-7d53-466c-9cd8-cde3940d84cc,2026-07-04T12:30:00Z,2026-07-04T14:30:00+0200,102.81001,MW,FR,FR,forecast_offshore_wind_generation,Wind Offshore,2026-07-11T19:30:56Z
2026-07-11T19:29:37Z,2026-07-11T21:29:37+0200,1d83aeba-7d53-466c-9cd8-cde3940d84cc,2026-07-04T12:45:00Z,2026-07-04T14:45:00+0200,105.38,MW,FR,FR,forecast_offshore_wind_generation,Wind Offshore,2026-07-11T19:30:56Z
2026-07-11T19:29:37Z,2026-07-11T21:29:37+0200,1d83aeba-7d53-466c-9cd8-cde3940d84cc,2026-07-04T13:00:00Z,2026-07-04T15:00:00+0200,106.36,MW,FR,FR,forecast_offshore_wind_generation,Wind Offshore,2026-07-11T19:30:56Z
2026-07-11T19:29:37Z,2026-07-11T21:29:37+0200,1d83aeba-7d53-466c-9cd8-cde3940d84cc,2026-07-04T13:15:00Z,2026-07-04T15:15:00+0200,106.32,MW,FR,FR,forecast_offshore_wind_generation,Wind Offshore,2026-07-11T19:30:56Z
2026-07-11T19:29:37Z,2026-07-11T21:29:37+0200,1d83aeba-7d53-466c-9cd8-cde3940d84cc,2026-07-04T13:30:00Z,2026-07-04T15:30:00+0200,106.28,MW,FR,FR,forecast_offshore_wind_generation,Wind Offshore,2026-07-11T19:30:56Z
2026-07-11T19:29:37Z,2026-07-11T21:29:37+0200,1d83aeba-7d53-466c-9cd8-cde3940d84cc,2026-07-04T13:45:00Z,2026-07-04T15:45:00+0200,106.24,MW,FR,FR,forecast_offshore_wind_generation,Wind Offshore,2026-07-11T19:30:56Z
2026-07-11T19:29:37Z,2026-07-11T21:29:37+0200,1d83aeba-7d53-466c-9cd8-cde3940d84cc,2026-07-04T14:00:00Z,2026-07-04T16:00:00+0200,106.2,MW,FR,FR,forecast_offshore_wind_generation,Wind Offshore,2026-07-11T19:30:56Z
2026-07-11T19:29:37Z,2026-07-11T21:29:37+0200,1d83aeba-7d53-466c-9cd8-cde3940d84cc,2026-07-04T14:15:00Z,2026-07-04T16:15:00+0200,106.15,MW,FR,FR,forecast_offshore_wind_generation,Wind Offshore,2026-07-11T19:30:56Z
2026-07-11T19:29:37Z,2026-07-11T21:29:37+0200,1d83aeba-7d53-466c-9cd8-cde3940d84cc,2026-07-04T14:30:00Z,2026-07-04T16:30:00+0200,106.1,MW,FR,FR,forecast_offshore_wind_generation,Wind Offshore,2026-07-11T19:30:56Z
2026-07-11T19:29:37Z,2026-07-11T21:29:37+0200,1d83aeba-7d53-466c-9cd8-cde3940d84cc,2026-07-04T14:45:00Z,2026-07-04T16:45:00+0200,106.05,MW,FR,FR,forecast_offshore_wind_generation,Wind Offshore,2026-07-11T19:30:56Z
2026-07-11T19:29:37Z,2026-07-11T21:29:37+0200,1d83aeba-7d53-466c-9cd8-cde3940d84cc,2026-07-04T15:00:00Z,2026-07-04T17:00:00+0200,521.34998,MW,FR,FR,forecast_offshore_wind_generation,Wind Offshore,2026-07-11T19:30:56Z
2026-07-11T19:29:37Z,2026-07-11T21:29:37+0200,1d83aeba-7d53-466c-9cd8-cde3940d84cc,2026-07-04T15:15:00Z,2026-07-04T17:15:00+0200,543.14996,MW,FR,FR,forecast_offshore_wind_generation,Wind Offshore,2026-07-11T19:30:56Z
2026-07-11T19:29:37Z,2026-07-11T21:29:37+0200,1d83aeba-7d53-466c-9cd8-cde3940d84cc,2026-07-04T15:30:00Z,2026-07-04T17:30:00+0200,564.96002,MW,FR,FR,forecast_offshore_wind_generation,Wind Offshore,2026-07-11T19:30:56Z
2026-07-11T19:29:37Z,2026-07-11T21:29:37+0200,1d83aeba-7d53-466c-9cd8-cde3940d84cc,2026-07-04T15:45:00Z,2026-07-04T17:45:00+0200,586.77002,MW,FR,FR,forecast_offshore_wind_generation,Wind Offshore,2026-07-11T19:30:56Z
2026-07-11T19:29:37Z,2026-07-11T21:29:37+0200,1d83aeba-7d53-466c-9cd8-cde3940d84cc,2026-07-04T16:00:00Z,2026-07-04T18:00:00+0200,608.58002,MW,FR,FR,forecast_offshore_wind_generation,Wind Offshore,2026-07-11T19:30:56Z
2026-07-11T19:29:37Z,2026-07-11T21:29:37+0200,1d83aeba-7d53-466c-9cd8-cde3940d84cc,2026-07-04T16:15:00Z,2026-07-04T18:15:00+0200,605.65002,MW,FR,FR,forecast_offshore_wind_generation,Wind Offshore,2026-07-11T19:30:56Z
2026-07-11T19:29:37Z,2026-07-11T21:29:37+0200,1d83aeba-7d53-466c-9cd8-cde3940d84cc,2026-07-04T16:30:00Z,2026-07-04T18:30:00+0200,602.72003,MW,FR,FR,forecast_offshore_wind_generation,Wind Offshore,2026-07-11T19:30:56Z
2026-07-11T19:29:37Z,2026-07-11T21:29:37+0200,1d83aeba-7d53-466c-9cd8-cde3940d84cc,2026-07-04T16:45:00Z,2026-07-04T18:45:00+0200,599.78998,MW,FR,FR,forecast_offshore_wind_generation,Wind Offshore,2026-07-11T19:30:56Z
2026-07-11T19:29:37Z,2026-07-11T21:29:37+0200,1d83aeba-7d53-466c-9cd8-cde3940d84cc,2026-07-04T17:00:00Z,2026-07-04T19:00:00+0200,596.84998,MW,FR,FR,forecast_offshore_wind_generation,Wind Offshore,2026-07-11T19:30:56Z
2026-07-11T19:29:37Z,2026-07-11T21:29:37+0200,1d83aeba-7d53-466c-9cd8-cde3940d84cc,2026-07-04T17:15:00Z,2026-07-04T19:15:00+0200,609.13,MW,FR,FR,forecast_offshore_wind_generation,Wind Offshore,2026-07-11T19:30:56Z
2026-07-11T19:29:37Z,2026-07-11T21:29:37+0200,1d83aeba-7d53-466c-9cd8-cde3940d84cc,2026-07-04T17:30:00Z,2026-07-04T19:30:00+0200,621.41998,MW,FR,FR,forecast_offshore_wind_generation,Wind Offshore,2026-07-11T19:30:56Z
2026-07-11T19:29:37Z,2026-07-11T21:29:37+0200,1d83aeba-7d53-466c-9cd8-cde3940d84cc,2026-07-04T17:45:00Z,2026-07-04T19:45:00+0200,633.70996,MW,FR,FR,forecast_offshore_wind_generation,Wind Offshore,2026-07-11T19:30:56Z
2026-07-11T19:29:37Z,2026-07-11T21:29:37+0200,1d83aeba-7d53-466c-9cd8-cde3940d84cc,2026-07-04T18:00:00Z,2026-07-04T20:00:00+0200,645.98999,MW,FR,FR,forecast_offshore_wind_generation,Wind Offshore,2026-07-11T19:30:56Z
2026-07-11T19:29:37Z,2026-07-11T21:29:37+0200,1d83aeba-7d53-466c-9cd8-cde3940d84cc,2026-07-04T18:15:00Z,2026-07-04T20:15:00+0200,656.67004,MW,FR,FR,forecast_offshore_wind_generation,Wind Offshore,2026-07-11T19:30:56Z
2026-07-11T19:29:37Z,2026-07-11T21:29:37+0200,1d83aeba-7d53-466c-9cd8-cde3940d84cc,2026-07-04T18:30:00Z,2026-07-04T20:30:00+0200,667.37,MW,FR,FR,forecast_offshore_wind_generation,Wind Offshore,2026-07-11T19:30:56Z
2026-07-11T19:29:37Z,2026-07-11T21:29:37+0200,1d83aeba-7d53-466c-9cd8-cde3940d84cc,2026-07-04T18:45:00Z,2026-07-04T20:45:00+0200,678.06,MW,FR,FR,forecast_offshore_wind_generation,Wind Offshore,2026-07-11T19:30:56Z
2026-07-11T19:29:37Z,2026-07-11T21:29:37+0200,1d83aeba-7d53-466c-9cd8-cde3940d84cc,2026-07-04T19:00:00Z,2026-07-04T21:00:00+0200,688.76001,MW,FR,FR,forecast_offshore_wind_generation,Wind Offshore,2026-07-11T19:30:56Z
2026-07-11T19:29:37Z,2026-07-11T21:29:37+0200,1d83aeba-7d53-466c-9cd8-cde3940d84cc,2026-07-04T19:15:00Z,2026-07-04T21:15:00+0200,688.65997,MW,FR,FR,forecast_offshore_wind_generation,Wind Offshore,2026-07-11T19:30:56Z
2026-07-11T19:29:37Z,2026-07-11T21:29:37+0200,1d83aeba-7d53-466c-9cd8-cde3940d84cc,2026-07-04T19:30:00Z,2026-07-04T21:30:00+0200,688.57001,MW,FR,FR,forecast_offshore_wind_generation,Wind Offshore,2026-07-11T19:30:56Z
2026-07-11T19:29:37Z,2026-07-11T21:29:37+0200,1d83aeba-7d53-466c-9cd8-cde3940d84cc,2026-07-04T19:45:00Z,2026-07-04T21:45:00+0200,688.47003,MW,FR,FR,forecast_offshore_wind_generation,Wind Offshore,2026-07-11T19:30:56Z
2026-07-11T19:29:37Z,2026-07-11T21:29:37+0200,1d83aeba-7d53-466c-9cd8-cde3940d84cc,2026-07-04T20:00:00Z,2026-07-04T22:00:00+0200,688.37,MW,FR,FR,forecast_offshore_wind_generation,Wind Offshore,2026-07-11T19:30:56Z
2026-07-11T19:29:37Z,2026-07-11T21:29:37+0200,1d83aeba-7d53-466c-9cd8-cde3940d84cc,2026-07-04T20:15:00Z,2026-07-04T22:15:00+0200,674.87006,MW,FR,FR,forecast_offshore_wind_generation,Wind Offshore,2026-07-11T19:30:56Z
2026-07-11T19:29:37Z,2026-07-11T21:29:37+0200,1d83aeba-7d53-466c-9cd8-cde3940d84cc,2026-07-04T20:30:00Z,2026-07-04T22:30:00+0200,661.38995,MW,FR,FR,forecast_offshore_wind_generation,Wind Offshore,2026-07-11T19:30:56Z
2026-07-11T19:29:37Z,2026-07-11T21:29:37+0200,1d83aeba-7d53-466c-9cd8-cde3940d84cc,2026-07-04T20:45:00Z,2026-07-04T22:45:00+0200,647.90997,MW,FR,FR,forecast_offshore_wind_generation,Wind Offshore,2026-07-11T19:30:56Z
2026-07-11T19:29:37Z,2026-07-11T21:29:37+0200,1d83aeba-7d53-466c-9cd8-cde3940d84cc,2026-07-04T21:00:00Z,2026-07-04T23:00:00+0200,634.42004,MW,FR,FR,forecast_offshore_wind_generation,Wind Offshore,2026-07-11T19:30:56Z
2026-07-11T19:29:37Z,2026-07-11T21:29:37+0200,1d83aeba-7d53-466c-9cd8-cde3940d84cc,2026-07-04T21:15:00Z,2026-07-04T23:15:00+0200,637.26001,MW,FR,FR,forecast_offshore_wind_generation,Wind Offshore,2026-07-11T19:30:56Z
2026-07-11T19:29:37Z,2026-07-11T21:29:37+0200,1d83aeba-7d53-466c-9cd8-cde3940d84cc,2026-07-04T21:30:00Z,2026-07-04T23:30:00+0200,640.10992,MW,FR,FR,forecast_offshore_wind_generation,Wind Offshore,2026-07-11T19:30:56Z
2026-07-11T19:29:37Z,2026-07-11T21:29:37+0200,1d83aeba-7d53-466c-9cd8-cde3940d84cc,2026-07-04T21:45:00Z,2026-07-04T23:45:00+0200,642.94995,MW,FR,FR,forecast_offshore_wind_generation,Wind Offshore,2026-07-11T19:30:56Z
2026-07-11T19:29:37Z,2026-07-11T21:29:37+0200,1d83aeba-7d53-466c-9cd8-cde3940d84cc,2026-07-04T22:00:00Z,2026-07-05T00:00:00+0200,770.92999,MW,FR,FR,forecast_offshore_wind_generation,Wind Offshore,2026-07-11T19:30:56Z
2026-07-11T19:29:37Z,2026-07-11T21:29:37+0200,1d83aeba-7d53-466c-9cd8-cde3940d84cc,2026-07-04T22:15:00Z,2026-07-05T00:15:00+0200,778.21997,MW,FR,FR,forecast_offshore_wind_generation,Wind Offshore,2026-07-11T19:30:56Z
2026-07-11T19:29:37Z,2026-07-11T21:29:37+0200,1d83aeba-7d53-466c-9cd8-cde3940d84cc,2026-07-04T22:30:00Z,2026-07-05T00:30:00+0200,785.52997,MW,FR,FR,forecast_offshore_wind_generation,Wind Offshore,2026-07-11T19:30:56Z
2026-07-11T19:29:37Z,2026-07-11T21:29:37+0200,1d83aeba-7d53-466c-9cd8-cde3940d84cc,2026-07-04T22:45:00Z,2026-07-05T00:45:00+0200,792.82001,MW,FR,FR,forecast_offshore_wind_generation,Wind Offshore,2026-07-11T19:30:56Z
2026-07-11T19:29:37Z,2026-07-11T21:29:37+0200,1d83aeba-7d53-466c-9cd8-cde3940d84cc,2026-07-04T23:00:00Z,2026-07-05T01:00:00+0200,800.12,MW,FR,FR,forecast_offshore_wind_generation,Wind Offshore,2026-07-11T19:30:56Z
2026-07-11T19:29:37Z,2026-07-11T21:29:37+0200,1d83aeba-7d53-466c-9cd8-cde3940d84cc,2026-07-04T23:15:00Z,2026-07-05T01:15:00+0200,788.49005,MW,FR,FR,forecast_offshore_wind_generation,Wind Offshore,2026-07-11T19:30:56Z
2026-07-11T19:29:37Z,2026-07-11T21:29:37+0200,1d83aeba-7d53-466c-9cd8-cde3940d84cc,2026-07-04T23:30:00Z,2026-07-05T01:30:00+0200,776.85999,MW,FR,FR,forecast_offshore_wind_generation,Wind Offshore,2026-07-11T19:30:56Z
2026-07-11T19:29:37Z,2026-07-11T21:29:37+0200,1d83aeba-7d53-466c-9cd8-cde3940d84cc,2026-07-04T23:45:00Z,2026-07-05T01:45:00+0200,765.22998,MW,FR,FR,forecast_offshore_wind_generation,Wind Offshore,2026-07-11T19:30:56Z
2026-07-11T19:29:37Z,2026-07-11T21:29:37+0200,1d83aeba-7d53-466c-9cd8-cde3940d84cc,2026-07-05T00:00:00Z,2026-07-05T02:00:00+0200,753.59998,MW,FR,FR,forecast_offshore_wind_generation,Wind Offshore,2026-07-11T19:30:56Z
2026-07-11T19:29:37Z,2026-07-11T21:29:37+0200,1d83aeba-7d53-466c-9cd8-cde3940d84cc,2026-07-05T00:15:00Z,2026-07-05T02:15:00+0200,704.95996,MW,FR,FR,forecast_offshore_wind_generation,Wind Offshore,2026-07-11T19:30:56Z
2026-07-11T19:29:37Z,2026-07-11T21:29:37+0200,1d83aeba-7d53-466c-9cd8-cde3940d84cc,2026-07-05T00:30:00Z,2026-07-05T02:30:00+0200,656.33002,MW,FR,FR,forecast_offshore_wind_generation,Wind Offshore,2026-07-11T19:30:56Z
2026-07-11T19:29:37Z,2026-07-11T21:29:37+0200,1d83aeba-7d53-466c-9cd8-cde3940d84cc,2026-07-05T00:45:00Z,2026-07-05T02:45:00+0200,607.66003,MW,FR,FR,forecast_offshore_wind_generation,Wind Offshore,2026-07-11T19:30:56Z
2026-07-11T19:29:37Z,2026-07-11T21:29:37+0200,1d83aeba-7d53-466c-9cd8-cde3940d84cc,2026-07-05T01:00:00Z,2026-07-05T03:00:00+0200,559.03003,MW,FR,FR,forecast_offshore_wind_generation,Wind Offshore,2026-07-11T19:30:56Z
2026-07-11T19:29:37Z,2026-07-11T21:29:37+0200,1d83aeba-7d53-466c-9cd8-cde3940d84cc,2026-07-05T01:15:00Z,2026-07-05T03:15:00+0200,545.48999,MW,FR,FR,forecast_offshore_wind_generation,Wind Offshore,2026-07-11T19:30:56Z
2026-07-11T19:29:37Z,2026-07-11T21:29:37+0200,1d83aeba-7d53-466c-9cd8-cde3940d84cc,2026-07-05T01:30:00Z,2026-07-05T03:30:00+0200,531.94,MW,FR,FR,forecast_offshore_wind_generation,Wind Offshore,2026-07-11T19:30:56Z
2026-07-11T19:29:37Z,2026-07-11T21:29:37+0200,1d83aeba-7d53-466c-9cd8-cde3940d84cc,2026-07-05T01:45:00Z,2026-07-05T03:45:00+0200,518.41003,MW,FR,FR,forecast_offshore_wind_generation,Wind Offshore,2026-07-11T19:30:56Z
2026-07-11T19:29:37Z,2026-07-11T21:29:37+0200,1d83aeba-7d53-466c-9cd8-cde3940d84cc,2026-07-05T02:00:00Z,2026-07-05T04:00:00+0200,504.85999,MW,FR,FR,forecast_offshore_wind_generation,Wind Offshore,2026-07-11T19:30:56Z
2026-07-11T19:29:37Z,2026-07-11T21:29:37+0200,1d83aeba-7d53-466c-9cd8-cde3940d84cc,2026-07-05T02:15:00Z,2026-07-05T04:15:00+0200,497.15002,MW,FR,FR,forecast_offshore_wind_generation,Wind Offshore,2026-07-11T19:30:56Z
2026-07-11T19:29:37Z,2026-07-11T21:29:37+0200,1d83aeba-7d53-466c-9cd8-cde3940d84cc,2026-07-05T02:30:00Z,2026-07-05T04:30:00+0200,489.43002,MW,FR,FR,forecast_offshore_wind_generation,Wind Offshore,2026-07-11T19:30:56Z
2026-07-11T19:29:37Z,2026-07-11T21:29:37+0200,1d83aeba-7d53-466c-9cd8-cde3940d84cc,2026-07-05T02:45:00Z,2026-07-05T04:45:00+0200,481.71997,MW,FR,FR,forecast_offshore_wind_generation,Wind Offshore,2026-07-11T19:30:56Z
2026-07-11T19:29:37Z,2026-07-11T21:29:37+0200,1d83aeba-7d53-466c-9cd8-cde3940d84cc,2026-07-05T03:00:00Z,2026-07-05T05:00:00+0200,474.02002,MW,FR,FR,forecast_offshore_wind_generation,Wind Offshore,2026-07-11T19:30:56Z
2026-07-11T19:29:37Z,2026-07-11T21:29:37+0200,1d83aeba-7d53-466c-9cd8-cde3940d84cc,2026-07-05T03:15:00Z,2026-07-05T05:15:00+0200,459.06,MW,FR,FR,forecast_offshore_wind_generation,Wind Offshore,2026-07-11T19:30:56Z
2026-07-11T19:29:37Z,2026-07-11T21:29:37+0200,1d83aeba-7d53-466c-9cd8-cde3940d84cc,2026-07-05T03:30:00Z,2026-07-05T05:30:00+0200,444.10004,MW,FR,FR,forecast_offshore_wind_generation,Wind Offshore,2026-07-11T19:30:56Z
2026-07-11T19:29:37Z,2026-07-11T21:29:37+0200,1d83aeba-7d53-466c-9cd8-cde3940d84cc,2026-07-05T03:45:00Z,2026-07-05T05:45:00+0200,429.12997,MW,FR,FR,forecast_offshore_wind_generation,Wind Offshore,2026-07-11T19:30:56Z
2026-07-11T19:29:37Z,2026-07-11T21:29:37+0200,1d83aeba-7d53-466c-9cd8-cde3940d84cc,2026-07-05T04:00:00Z,2026-07-05T06:00:00+0200,414.19,MW,FR,FR,forecast_offshore_wind_generation,Wind Offshore,2026-07-11T19:30:56Z
2026-07-11T19:29:37Z,2026-07-11T21:29:37+0200,1d83aeba-7d53-466c-9cd8-cde3940d84cc,2026-07-05T04:15:00Z,2026-07-05T06:15:00+0200,398.46997,MW,FR,FR,forecast_offshore_wind_generation,Wind Offshore,2026-07-11T19:30:56Z
2026-07-11T19:29:37Z,2026-07-11T21:29:37+0200,1d83aeba-7d53-466c-9cd8-cde3940d84cc,2026-07-05T04:30:00Z,2026-07-05T06:30:00+0200,382.75,MW,FR,FR,forecast_offshore_wind_generation,Wind Offshore,2026-07-11T19:30:56Z
2026-07-11T19:29:37Z,2026-07-11T21:29:37+0200,1d83aeba-7d53-466c-9cd8-cde3940d84cc,2026-07-05T04:45:00Z,2026-07-05T06:45:00+0200,367.03,MW,FR,FR,forecast_offshore_wind_generation,Wind Offshore,2026-07-11T19:30:56Z
2026-07-11T19:29:37Z,2026-07-11T21:29:37+0200,1d83aeba-7d53-466c-9cd8-cde3940d84cc,2026-07-05T05:00:00Z,2026-07-05T07:00:00+0200,351.31,MW,FR,FR,forecast_offshore_wind_generation,Wind Offshore,2026-07-11T19:30:56Z
2026-07-11T19:29:37Z,2026-07-11T21:29:37+0200,1d83aeba-7d53-466c-9cd8-cde3940d84cc,2026-07-05T05:15:00Z,2026-07-05T07:15:00+0200,330.97998,MW,FR,FR,forecast_offshore_wind_generation,Wind Offshore,2026-07-11T19:30:56Z
2026-07-11T19:29:37Z,2026-07-11T21:29:37+0200,1d83aeba-7d53-466c-9cd8-cde3940d84cc,2026-07-05T05:30:00Z,2026-07-05T07:30:00+0200,310.64001,MW,FR,FR,forecast_offshore_wind_generation,Wind Offshore,2026-07-11T19:30:56Z
2026-07-11T19:29:37Z,2026-07-11T21:29:37+0200,1d83aeba-7d53-466c-9cd8-cde3940d84cc,2026-07-05T05:45:00Z,2026-07-05T07:45:00+0200,290.31,MW,FR,FR,forecast_offshore_wind_generation,Wind Offshore,2026-07-11T19:30:56Z
2026-07-11T19:29:37Z,2026-07-11T21:29:37+0200,1d83aeba-7d53-466c-9cd8-cde3940d84cc,2026-07-05T06:00:00Z,2026-07-05T08:00:00+0200,269.97,MW,FR,FR,forecast_offshore_wind_generation,Wind Offshore,2026-07-11T19:30:56Z
2026-07-11T19:29:37Z,2026-07-11T21:29:37+0200,1d83aeba-7d53-466c-9cd8-cde3940d84cc,2026-07-05T06:15:00Z,2026-07-05T08:15:00+0200,257.70001,MW,FR,FR,forecast_offshore_wind_generation,Wind Offshore,2026-07-11T19:30:56Z
2026-07-11T19:29:37Z,2026-07-11T21:29:37+0200,1d83aeba-7d53-466c-9cd8-cde3940d84cc,2026-07-05T06:30:00Z,2026-07-05T08:30:00+0200,245.41,MW,FR,FR,forecast_offshore_wind_generation,Wind Offshore,2026-07-11T19:30:56Z
2026-07-11T19:29:37Z,2026-07-11T21:29:37+0200,1d83aeba-7d53-466c-9cd8-cde3940d84cc,2026-07-05T06:45:00Z,2026-07-05T08:45:00+0200,233.11,MW,FR,FR,forecast_offshore_wind_generation,Wind Offshore,2026-07-11T19:30:56Z
2026-07-11T19:29:37Z,2026-07-11T21:29:37+0200,1d83aeba-7d53-466c-9cd8-cde3940d84cc,2026-07-05T07:00:00Z,2026-07-05T09:00:00+0200,220.82001,MW,FR,FR,forecast_offshore_wind_generation,Wind Offshore,2026-07-11T19:30:56Z
2026-07-11T19:29:37Z,2026-07-11T21:29:37+0200,1d83aeba-7d53-466c-9cd8-cde3940d84cc,2026-07-05T07:15:00Z,2026-07-05T09:15:00+0200,212.54001,MW,FR,FR,forecast_offshore_wind_generation,Wind Offshore,2026-07-11T19:30:56Z
2026-07-11T19:29:37Z,2026-07-11T21:29:37+0200,1d83aeba-7d53-466c-9cd8-cde3940d84cc,2026-07-05T07:30:00Z,2026-07-05T09:30:00+0200,204.23001,MW,FR,FR,forecast_offshore_wind_generation,Wind Offshore,2026-07-11T19:30:56Z
2026-07-11T19:29:37Z,2026-07-11T21:29:37+0200,1d83aeba-7d53-466c-9cd8-cde3940d84cc,2026-07-05T07:45:00Z,2026-07-05T09:45:00+0200,195.92,MW,FR,FR,forecast_offshore_wind_generation,Wind Offshore,2026-07-11T19:30:56Z
2026-07-11T19:29:37Z,2026-07-11T21:29:37+0200,1d83aeba-7d53-466c-9cd8-cde3940d84cc,2026-07-05T08:00:00Z,2026-07-05T10:00:00+0200,187.62001,MW,FR,FR,forecast_offshore_wind_generation,Wind Offshore,2026-07-11T19:30:56Z
2026-07-11T19:29:37Z,2026-07-11T21:29:37+0200,1d83aeba-7d53-466c-9cd8-cde3940d84cc,2026-07-05T08:15:00Z,2026-07-05T10:15:00+0200,179.26999,MW,FR,FR,forecast_offshore_wind_generation,Wind Offshore,2026-07-11T19:30:56Z
2026-07-11T19:29:37Z,2026-07-11T21:29:37+0200,1d83aeba-7d53-466c-9cd8-cde3940d84cc,2026-07-05T08:30:00Z,2026-07-05T10:30:00+0200,170.92,MW,FR,FR,forecast_offshore_wind_generation,Wind Offshore,2026-07-11T19:30:56Z
2026-07-11T19:29:37Z,2026-07-11T21:29:37+0200,1d83aeba-7d53-466c-9cd8-cde3940d84cc,2026-07-05T08:45:00Z,2026-07-05T10:45:00+0200,162.58,MW,FR,FR,forecast_offshore_wind_generation,Wind Offshore,2026-07-11T19:30:56Z
2026-07-11T19:29:37Z,2026-07-11T21:29:37+0200,1d83aeba-7d53-466c-9cd8-cde3940d84cc,2026-07-05T09:00:00Z,2026-07-05T11:00:00+0200,154.23001,MW,FR,FR,forecast_offshore_wind_generation,Wind Offshore,2026-07-11T19:30:56Z
2026-07-11T19:29:37Z,2026-07-11T21:29:37+0200,1d83aeba-7d53-466c-9cd8-cde3940d84cc,2026-07-05T09:15:00Z,2026-07-05T11:15:00+0200,147.41,MW,FR,FR,forecast_offshore_wind_generation,Wind Offshore,2026-07-11T19:30:56Z
2026-07-11T19:29:37Z,2026-07-11T21:29:37+0200,1d83aeba-7d53-466c-9cd8-cde3940d84cc,2026-07-05T09:30:00Z,2026-07-05T11:30:00+0200,91.03,MW,FR,FR,forecast_offshore_wind_generation,Wind Offshore,2026-07-11T19:30:56Z
2026-07-11T19:29:37Z,2026-07-11T21:29:37+0200,1d83aeba-7d53-466c-9cd8-cde3940d84cc,2026-07-05T09:45:00Z,2026-07-05T11:45:00+0200,86.93999,MW,FR,FR,forecast_offshore_wind_generation,Wind Offshore,2026-07-11T19:30:56Z
2026-07-11T19:29:37Z,2026-07-11T21:29:37+0200,1d83aeba-7d53-466c-9cd8-cde3940d84cc,2026-07-05T10:00:00Z,2026-07-05T12:00:00+0200,82.84,MW,FR,FR,forecast_offshore_wind_generation,Wind Offshore,2026-07-11T19:30:56Z
2026-07-11T19:29:37Z,2026-07-11T21:29:37+0200,1d83aeba-7d53-466c-9cd8-cde3940d84cc,2026-07-05T10:15:00Z,2026-07-05T12:15:00+0200,120.12999,MW,FR,FR,forecast_offshore_wind_generation,Wind Offshore,2026-07-11T19:30:56Z
2026-07-11T19:29:37Z,2026-07-11T21:29:37+0200,1d83aeba-7d53-466c-9cd8-cde3940d84cc,2026-07-05T10:30:00Z,2026-07-05T12:30:00+0200,113.3,MW,FR,FR,forecast_offshore_wind_generation,Wind Offshore,2026-07-11T19:30:56Z
2026-07-11T19:29:37Z,2026-07-11T21:29:37+0200,1d83aeba-7d53-466c-9cd8-cde3940d84cc,2026-07-05T10:45:00Z,2026-07-05T12:45:00+0200,75.82999,MW,FR,FR,forecast_offshore_wind_generation,Wind Offshore,2026-07-11T19:30:56Z
2026-07-11T19:29:37Z,2026-07-11T21:29:37+0200,1d83aeba-7d53-466c-9cd8-cde3940d84cc,2026-07-05T11:00:00Z,2026-07-05T13:00:00+0200,70.78,MW,FR,FR,forecast_offshore_wind_generation,Wind Offshore,2026-07-11T19:30:56Z
2026-07-11T19:29:37Z,2026-07-11T21:29:37+0200,1d83aeba-7d53-466c-9cd8-cde3940d84cc,2026-07-05T11:15:00Z,2026-07-05T13:15:00+0200,72.82,MW,FR,FR,forecast_offshore_wind_generation,Wind Offshore,2026-07-11T19:30:56Z
2026-07-11T19:29:37Z,2026-07-11T21:29:37+0200,1d83aeba-7d53-466c-9cd8-cde3940d84cc,2026-07-05T11:30:00Z,2026-07-05T13:30:00+0200,74.84,MW,FR,FR,forecast_offshore_wind_generation,Wind Offshore,2026-07-11T19:30:56Z
2026-07-11T19:29:37Z,2026-07-11T21:29:37+0200,1d83aeba-7d53-466c-9cd8-cde3940d84cc,2026-07-05T11:45:00Z,2026-07-05T13:45:00+0200,76.43001,MW,FR,FR,forecast_offshore_wind_generation,Wind Offshore,2026-07-11T19:30:56Z
2026-07-11T19:29:37Z,2026-07-11T21:29:37+0200,1d83aeba-7d53-466c-9cd8-cde3940d84cc,2026-07-05T12:00:00Z,2026-07-05T14:00:00+0200,77.41,MW,FR,FR,forecast_offshore_wind_generation,Wind Offshore,2026-07-11T19:30:56Z
2026-07-11T19:29:37Z,2026-07-11T21:29:37+0200,1d83aeba-7d53-466c-9cd8-cde3940d84cc,2026-07-05T12:15:00Z,2026-07-05T14:15:00+0200,81.37,MW,FR,FR,forecast_offshore_wind_generation,Wind Offshore,2026-07-11T19:30:56Z
2026-07-11T19:29:37Z,2026-07-11T21:29:37+0200,1d83aeba-7d53-466c-9cd8-cde3940d84cc,2026-07-05T12:30:00Z,2026-07-05T14:30:00+0200,84.04,MW,FR,FR,forecast_offshore_wind_generation,Wind Offshore,2026-07-11T19:30:56Z
2026-07-11T19:29:37Z,2026-07-11T21:29:37+0200,1d83aeba-7d53-466c-9cd8-cde3940d84cc,2026-07-05T12:45:00Z,2026-07-05T14:45:00+0200,84.96999,MW,FR,FR,forecast_offshore_wind_generation,Wind Offshore,2026-07-11T19:30:56Z
2026-07-11T19:29:37Z,2026-07-11T21:29:37+0200,1d83aeba-7d53-466c-9cd8-cde3940d84cc,2026-07-05T13:00:00Z,2026-07-05T15:00:00+0200,85.91,MW,FR,FR,forecast_offshore_wind_generation,Wind Offshore,2026-07-11T19:30:56Z
2026-07-11T19:29:37Z,2026-07-11T21:29:37+0200,1d83aeba-7d53-466c-9cd8-cde3940d84cc,2026-07-05T13:15:00Z,2026-07-05T15:15:00+0200,85.89,MW,FR,FR,forecast_offshore_wind_generation,Wind Offshore,2026-07-11T19:30:56Z
2026-07-11T19:29:37Z,2026-07-11T21:29:37+0200,1d83aeba-7d53-466c-9cd8-cde3940d84cc,2026-07-05T13:30:00Z,2026-07-05T15:30:00+0200,85.86,MW,FR,FR,forecast_offshore_wind_generation,Wind Offshore,2026-07-11T19:30:56Z
2026-07-11T19:29:37Z,2026-07-11T21:29:37+0200,1d83aeba-7d53-466c-9cd8-cde3940d84cc,2026-07-05T13:45:00Z,2026-07-05T15:45:00+0200,85.83,MW,FR,FR,forecast_offshore_wind_generation,Wind Offshore,2026-07-11T19:30:56Z
2026-07-11T19:29:37Z,2026-07-11T21:29:37+0200,1d83aeba-7d53-466c-9cd8-cde3940d84cc,2026-07-05T14:00:00Z,2026-07-05T16:00:00+0200,85.78,MW,FR,FR,forecast_offshore_wind_generation,Wind Offshore,2026-07-11T19:30:56Z
2026-07-11T19:29:37Z,2026-07-11T21:29:37+0200,1d83aeba-7d53-466c-9cd8-cde3940d84cc,2026-07-05T14:15:00Z,2026-07-05T16:15:00+0200,88.81,MW,FR,FR,forecast_offshore_wind_generation,Wind Offshore,2026-07-11T19:30:56Z
2026-07-11T19:29:37Z,2026-07-11T21:29:37+0200,1d83aeba-7d53-466c-9cd8-cde3940d84cc,2026-07-05T14:30:00Z,2026-07-05T16:30:00+0200,91.82999,MW,FR,FR,forecast_offshore_wind_generation,Wind Offshore,2026-07-11T19:30:56Z
2026-07-11T19:29:37Z,2026-07-11T21:29:37+0200,1d83aeba-7d53-466c-9cd8-cde3940d84cc,2026-07-05T14:45:00Z,2026-07-05T16:45:00+0200,94.85,MW,FR,FR,forecast_offshore_wind_generation,Wind Offshore,2026-07-11T19:30:56Z
2026-07-11T19:29:37Z,2026-07-11T21:29:37+0200,1d83aeba-7d53-466c-9cd8-cde3940d84cc,2026-07-05T15:00:00Z,2026-07-05T17:00:00+0200,97.9,MW,FR,FR,forecast_offshore_wind_generation,Wind Offshore,2026-07-11T19:30:56Z
2026-07-11T19:29:37Z,2026-07-11T21:29:37+0200,1d83aeba-7d53-466c-9cd8-cde3940d84cc,2026-07-05T15:15:00Z,2026-07-05T17:15:00+0200,135.34,MW,FR,FR,forecast_offshore_wind_generation,Wind Offshore,2026-07-11T19:30:56Z
2026-07-11T19:29:37Z,2026-07-11T21:29:37+0200,1d83aeba-7d53-466c-9cd8-cde3940d84cc,2026-07-05T15:30:00Z,2026-07-05T17:30:00+0200,143.75999,MW,FR,FR,forecast_offshore_wind_generation,Wind Offshore,2026-07-11T19:30:56Z
2026-07-11T19:29:37Z,2026-07-11T21:29:37+0200,1d83aeba-7d53-466c-9cd8-cde3940d84cc,2026-07-05T15:45:00Z,2026-07-05T17:45:00+0200,152.17,MW,FR,FR,forecast_offshore_wind_generation,Wind Offshore,2026-07-11T19:30:56Z
2026-07-11T19:29:37Z,2026-07-11T21:29:37+0200,1d83aeba-7d53-466c-9cd8-cde3940d84cc,2026-07-05T16:00:00Z,2026-07-05T18:00:00+0200,160.56999,MW,FR,FR,forecast_offshore_wind_generation,Wind Offshore,2026-07-11T19:30:56Z
2026-07-11T19:29:37Z,2026-07-11T21:29:37+0200,1d83aeba-7d53-466c-9cd8-cde3940d84cc,2026-07-05T16:15:00Z,2026-07-05T18:15:00+0200,168.15001,MW,FR,FR,forecast_offshore_wind_generation,Wind Offshore,2026-07-11T19:30:56Z
2026-07-11T19:29:37Z,2026-07-11T21:29:37+0200,1d83aeba-7d53-466c-9cd8-cde3940d84cc,2026-07-05T16:30:00Z,2026-07-05T18:30:00+0200,175.68001,MW,FR,FR,forecast_offshore_wind_generation,Wind Offshore,2026-07-11T19:30:56Z
2026-07-11T19:29:37Z,2026-07-11T21:29:37+0200,1d83aeba-7d53-466c-9cd8-cde3940d84cc,2026-07-05T16:45:00Z,2026-07-05T18:45:00+0200,183.24001,MW,FR,FR,forecast_offshore_wind_generation,Wind Offshore,2026-07-11T19:30:56Z
2026-07-11T19:29:37Z,2026-07-11T21:29:37+0200,1d83aeba-7d53-466c-9cd8-cde3940d84cc,2026-07-05T17:00:00Z,2026-07-05T19:00:00+0200,190.79999,MW,FR,FR,forecast_offshore_wind_generation,Wind Offshore,2026-07-11T19:30:56Z
2026-07-11T19:29:37Z,2026-07-11T21:29:37+0200,1d83aeba-7d53-466c-9cd8-cde3940d84cc,2026-07-05T17:15:00Z,2026-07-05T19:15:00+0200,203.28,MW,FR,FR,forecast_offshore_wind_generation,Wind Offshore,2026-07-11T19:30:56Z
2026-07-11T19:29:37Z,2026-07-11T21:29:37+0200,1d83aeba-7d53-466c-9cd8-cde3940d84cc,2026-07-05T17:30:00Z,2026-07-05T19:30:00+0200,215.78,MW,FR,FR,forecast_offshore_wind_generation,Wind Offshore,2026-07-11T19:30:56Z
2026-07-11T19:29:37Z,2026-07-11T21:29:37+0200,1d83aeba-7d53-466c-9cd8-cde3940d84cc,2026-07-05T17:45:00Z,2026-07-05T19:45:00+0200,228.26999,MW,FR,FR,forecast_offshore_wind_generation,Wind Offshore,2026-07-11T19:30:56Z
2026-07-11T19:29:37Z,2026-07-11T21:29:37+0200,1d83aeba-7d53-466c-9cd8-cde3940d84cc,2026-07-05T18:00:00Z,2026-07-05T20:00:00+0200,240.76001,MW,FR,FR,forecast_offshore_wind_generation,Wind Offshore,2026-07-11T19:30:56Z
2026-07-11T19:29:37Z,2026-07-11T21:29:37+0200,1d83aeba-7d53-466c-9cd8-cde3940d84cc,2026-07-05T18:15:00Z,2026-07-05T20:15:00+0200,264.39999,MW,FR,FR,forecast_offshore_wind_generation,Wind Offshore,2026-07-11T19:30:56Z
2026-07-11T19:29:37Z,2026-07-11T21:29:37+0200,1d83aeba-7d53-466c-9cd8-cde3940d84cc,2026-07-05T18:30:00Z,2026-07-05T20:30:00+0200,288.04999,MW,FR,FR,forecast_offshore_wind_generation,Wind Offshore,2026-07-11T19:30:56Z
2026-07-11T19:29:37Z,2026-07-11T21:29:37+0200,1d83aeba-7d53-466c-9cd8-cde3940d84cc,2026-07-05T18:45:00Z,2026-07-05T20:45:00+0200,311.70001,MW,FR,FR,forecast_offshore_wind_generation,Wind Offshore,2026-07-11T19:30:56Z
2026-07-11T19:29:37Z,2026-07-11T21:29:37+0200,1d83aeba-7d53-466c-9cd8-cde3940d84cc,2026-07-05T19:00:00Z,2026-07-05T21:00:00+0200,335.35001,MW,FR,FR,forecast_offshore_wind_generation,Wind Offshore,2026-07-11T19:30:56Z
2026-07-11T19:29:37Z,2026-07-11T21:29:37+0200,1d83aeba-7d53-466c-9cd8-cde3940d84cc,2026-07-05T19:15:00Z,2026-07-05T21:15:00+0200,352.98996,MW,FR,FR,forecast_offshore_wind_generation,Wind Offshore,2026-07-11T19:30:56Z
2026-07-11T19:29:37Z,2026-07-11T21:29:37+0200,1d83aeba-7d53-466c-9cd8-cde3940d84cc,2026-07-05T19:30:00Z,2026-07-05T21:30:00+0200,370.65997,MW,FR,FR,forecast_offshore_wind_generation,Wind Offshore,2026-07-11T19:30:56Z
2026-07-11T19:29:37Z,2026-07-11T21:29:37+0200,1d83aeba-7d53-466c-9cd8-cde3940d84cc,2026-07-05T19:45:00Z,2026-07-05T21:45:00+0200,388.30002,MW,FR,FR,forecast_offshore_wind_generation,Wind Offshore,2026-07-11T19:30:56Z
2026-07-11T19:29:37Z,2026-07-11T21:29:37+0200,1d83aeba-7d53-466c-9cd8-cde3940d84cc,2026-07-05T20:00:00Z,2026-07-05T22:00:00+0200,405.94,MW,FR,FR,forecast_offshore_wind_generation,Wind Offshore,2026-07-11T19:30:56Z
2026-07-11T19:29:37Z,2026-07-11T21:29:37+0200,1d83aeba-7d53-466c-9cd8-cde3940d84cc,2026-07-05T20:15:00Z,2026-07-05T22:15:00+0200,409.50003,MW,FR,FR,forecast_offshore_wind_generation,Wind Offshore,2026-07-11T19:30:56Z
2026-07-11T19:29:37Z,2026-07-11T21:29:37+0200,1d83aeba-7d53-466c-9cd8-cde3940d84cc,2026-07-05T20:30:00Z,2026-07-05T22:30:00+0200,413.03998,MW,FR,FR,forecast_offshore_wind_generation,Wind Offshore,2026-07-11T19:30:56Z
2026-07-11T19:29:37Z,2026-07-11T21:29:37+0200,1d83aeba-7d53-466c-9cd8-cde3940d84cc,2026-07-05T20:45:00Z,2026-07-05T22:45:00+0200,416.60001,MW,FR,FR,forecast_offshore_wind_generation,Wind Offshore,2026-07-11T19:30:56Z
2026-07-11T19:29:37Z,2026-07-11T21:29:37+0200,1d83aeba-7d53-466c-9cd8-cde3940d84cc,2026-07-05T21:00:00Z,2026-07-05T23:00:00+0200,420.14001,MW,FR,FR,forecast_offshore_wind_generation,Wind Offshore,2026-07-11T19:30:56Z
2026-07-11T19:29:37Z,2026-07-11T21:29:37+0200,1d83aeba-7d53-466c-9cd8-cde3940d84cc,2026-07-05T21:15:00Z,2026-07-05T23:15:00+0200,437.53003,MW,FR,FR,forecast_offshore_wind_generation,Wind Offshore,2026-07-11T19:30:56Z
2026-07-11T19:29:37Z,2026-07-11T21:29:37+0200,1d83aeba-7d53-466c-9cd8-cde3940d84cc,2026-07-05T21:30:00Z,2026-07-05T23:30:00+0200,454.92999,MW,FR,FR,forecast_offshore_wind_generation,Wind Offshore,2026-07-11T19:30:56Z
2026-07-11T19:29:37Z,2026-07-11T21:29:37+0200,1d83aeba-7d53-466c-9cd8-cde3940d84cc,2026-07-05T21:45:00Z,2026-07-05T23:45:00+0200,472.32001,MW,FR,FR,forecast_offshore_wind_generation,Wind Offshore,2026-07-11T19:30:56Z
2026-07-11T19:29:37Z,2026-07-11T21:29:37+0200,1d83aeba-7d53-466c-9cd8-cde3940d84cc,2026-07-05T22:00:00Z,2026-07-06T00:00:00+0200,435.08002,MW,FR,FR,forecast_offshore_wind_generation,Wind Offshore,2026-07-11T19:30:56Z
2026-07-11T19:29:37Z,2026-07-11T21:29:37+0200,1d83aeba-7d53-466c-9cd8-cde3940d84cc,2026-07-05T22:15:00Z,2026-07-06T00:15:00+0200,449.59003,MW,FR,FR,forecast_offshore_wind_generation,Wind Offshore,2026-07-11T19:30:56Z
2026-07-11T19:29:37Z,2026-07-11T21:29:37+0200,1d83aeba-7d53-466c-9cd8-cde3940d84cc,2026-07-05T22:30:00Z,2026-07-06T00:30:00+0200,464.10999,MW,FR,FR,forecast_offshore_wind_generation,Wind Offshore,2026-07-11T19:30:56Z
2026-07-11T19:29:37Z,2026-07-11T21:29:37+0200,1d83aeba-7d53-466c-9cd8-cde3940d84cc,2026-07-05T22:45:00Z,2026-07-06T00:45:00+0200,478.62,MW,FR,FR,forecast_offshore_wind_generation,Wind Offshore,2026-07-11T19:30:56Z
2026-07-11T19:29:37Z,2026-07-11T21:29:37+0200,1d83aeba-7d53-466c-9cd8-cde3940d84cc,2026-07-05T23:00:00Z,2026-07-06T01:00:00+0200,493.12997,MW,FR,FR,forecast_offshore_wind_generation,Wind Offshore,2026-07-11T19:30:56Z
2026-07-11T19:29:37Z,2026-07-11T21:29:37+0200,1d83aeba-7d53-466c-9cd8-cde3940d84cc,2026-07-05T23:15:00Z,2026-07-06T01:15:00+0200,498.26996,MW,FR,FR,forecast_offshore_wind_generation,Wind Offshore,2026-07-11T19:30:56Z
2026-07-11T19:29:37Z,2026-07-11T21:29:37+0200,1d83aeba-7d53-466c-9cd8-cde3940d84cc,2026-07-05T23:30:00Z,2026-07-06T01:30:00+0200,503.40997,MW,FR,FR,forecast_offshore_wind_generation,Wind Offshore,2026-07-11T19:30:56Z
2026-07-11T19:29:37Z,2026-07-11T21:29:37+0200,1d83aeba-7d53-466c-9cd8-cde3940d84cc,2026-07-05T23:45:00Z,2026-07-06T01:45:00+0200,508.53,MW,FR,FR,forecast_offshore_wind_generation,Wind Offshore,2026-07-11T19:30:56Z
2026-07-11T19:29:37Z,2026-07-11T21:29:37+0200,1d83aeba-7d53-466c-9cd8-cde3940d84cc,2026-07-06T00:00:00Z,2026-07-06T02:00:00+0200,513.67004,MW,FR,FR,forecast_offshore_wind_generation,Wind Offshore,2026-07-11T19:30:56Z
2026-07-11T19:29:37Z,2026-07-11T21:29:37+0200,1d83aeba-7d53-466c-9cd8-cde3940d84cc,2026-07-06T00:15:00Z,2026-07-06T02:15:00+0200,503.07999,MW,FR,FR,forecast_offshore_wind_generation,Wind Offshore,2026-07-11T19:30:56Z
2026-07-11T19:29:37Z,2026-07-11T21:29:37+0200,1d83aeba-7d53-466c-9cd8-cde3940d84cc,2026-07-06T00:30:00Z,2026-07-06T02:30:00+0200,492.47,MW,FR,FR,forecast_offshore_wind_generation,Wind Offshore,2026-07-11T19:30:56Z
2026-07-11T19:29:37Z,2026-07-11T21:29:37+0200,1d83aeba-7d53-466c-9cd8-cde3940d84cc,2026-07-06T00:45:00Z,2026-07-06T02:45:00+0200,481.89999,MW,FR,FR,forecast_offshore_wind_generation,Wind Offshore,2026-07-11T19:30:56Z
2026-07-11T19:29:37Z,2026-07-11T21:29:37+0200,1d83aeba-7d53-466c-9cd8-cde3940d84cc,2026-07-06T01:00:00Z,2026-07-06T03:00:00+0200,471.30997,MW,FR,FR,forecast_offshore_wind_generation,Wind Offshore,2026-07-11T19:30:56Z
2026-07-11T19:29:37Z,2026-07-11T21:29:37+0200,1d83aeba-7d53-466c-9cd8-cde3940d84cc,2026-07-06T01:15:00Z,2026-07-06T03:15:00+0200,461.81,MW,FR,FR,forecast_offshore_wind_generation,Wind Offshore,2026-07-11T19:30:56Z
2026-07-11T19:29:37Z,2026-07-11T21:29:37+0200,1d83aeba-7d53-466c-9cd8-cde3940d84cc,2026-07-06T01:30:00Z,2026-07-06T03:30:00+0200,452.33002,MW,FR,FR,forecast_offshore_wind_generation,Wind Offshore,2026-07-11T19:30:56Z
2026-07-11T19:29:37Z,2026-07-11T21:29:37+0200,1d83aeba-7d53-466c-9cd8-cde3940d84cc,2026-07-06T01:45:00Z,2026-07-06T03:45:00+0200,442.84003,MW,FR,FR,forecast_offshore_wind_generation,Wind Offshore,2026-07-11T19:30:56Z
2026-07-11T19:29:37Z,2026-07-11T21:29:37+0200,1d83aeba-7d53-466c-9cd8-cde3940d84cc,2026-07-06T02:00:00Z,2026-07-06T04:00:00+0200,433.35004,MW,FR,FR,forecast_offshore_wind_generation,Wind Offshore,2026-07-11T19:30:56Z
2026-07-11T19:29:37Z,2026-07-11T21:29:37+0200,1d83aeba-7d53-466c-9cd8-cde3940d84cc,2026-07-06T02:15:00Z,2026-07-06T04:15:00+0200,432.78998,MW,FR,FR,forecast_offshore_wind_generation,Wind Offshore,2026-07-11T19:30:56Z
2026-07-11T19:29:37Z,2026-07-11T21:29:37+0200,1d83aeba-7d53-466c-9cd8-cde3940d84cc,2026-07-06T02:30:00Z,2026-07-06T04:30:00+0200,432.22998,MW,FR,FR,forecast_offshore_wind_generation,Wind Offshore,2026-07-11T19:30:56Z
2026-07-11T19:29:37Z,2026-07-11T21:29:37+0200,1d83aeba-7d53-466c-9cd8-cde3940d84cc,2026-07-06T02:45:00Z,2026-07-06T04:45:00+0200,431.65997,MW,FR,FR,forecast_offshore_wind_generation,Wind Offshore,2026-07-11T19:30:56Z
2026-07-11T19:29:37Z,2026-07-11T21:29:37+0200,1d83aeba-7d53-466c-9cd8-cde3940d84cc,2026-07-06T03:00:00Z,2026-07-06T05:00:00+0200,431.11002,MW,FR,FR,forecast_offshore_wind_generation,Wind Offshore,2026-07-11T19:30:56Z
2026-07-11T19:29:37Z,2026-07-11T21:29:37+0200,1d83aeba-7d53-466c-9cd8-cde3940d84cc,2026-07-06T03:15:00Z,2026-07-06T05:15:00+0200,433.54001,MW,FR,FR,forecast_offshore_wind_generation,Wind Offshore,2026-07-11T19:30:56Z
2026-07-11T19:29:37Z,2026-07-11T21:29:37+0200,1d83aeba-7d53-466c-9cd8-cde3940d84cc,2026-07-06T03:30:00Z,2026-07-06T05:30:00+0200,435.94998,MW,FR,FR,forecast_offshore_wind_generation,Wind Offshore,2026-07-11T19:30:56Z
2026-07-11T19:29:37Z,2026-07-11T21:29:37+0200,1d83aeba-7d53-466c-9cd8-cde3940d84cc,2026-07-06T03:45:00Z,2026-07-06T05:45:00+0200,438.38998,MW,FR,FR,forecast_offshore_wind_generation,Wind Offshore,2026-07-11T19:30:56Z
2026-07-11T19:29:37Z,2026-07-11T21:29:37+0200,1d83aeba-7d53-466c-9cd8-cde3940d84cc,2026-07-06T04:00:00Z,2026-07-06T06:00:00+0200,440.79999,MW,FR,FR,forecast_offshore_wind_generation,Wind Offshore,2026-07-11T19:30:56Z
2026-07-11T19:29:37Z,2026-07-11T21:29:37+0200,1d83aeba-7d53-466c-9cd8-cde3940d84cc,2026-07-06T04:15:00Z,2026-07-06T06:15:00+0200,440.82001,MW,FR,FR,forecast_offshore_wind_generation,Wind Offshore,2026-07-11T19:30:56Z
2026-07-11T19:29:37Z,2026-07-11T21:29:37+0200,1d83aeba-7d53-466c-9cd8-cde3940d84cc,2026-07-06T04:30:00Z,2026-07-06T06:30:00+0200,440.83002,MW,FR,FR,forecast_offshore_wind_generation,Wind Offshore,2026-07-11T19:30:56Z
2026-07-11T19:29:37Z,2026-07-11T21:29:37+0200,1d83aeba-7d53-466c-9cd8-cde3940d84cc,2026-07-06T04:45:00Z,2026-07-06T06:45:00+0200,440.84998,MW,FR,FR,forecast_offshore_wind_generation,Wind Offshore,2026-07-11T19:30:56Z
2026-07-11T19:29:37Z,2026-07-11T21:29:37+0200,1d83aeba-7d53-466c-9cd8-cde3940d84cc,2026-07-06T05:00:00Z,2026-07-06T07:00:00+0200,440.86002,MW,FR,FR,forecast_offshore_wind_generation,Wind Offshore,2026-07-11T19:30:56Z
2026-07-11T19:29:37Z,2026-07-11T21:29:37+0200,1d83aeba-7d53-466c-9cd8-cde3940d84cc,2026-07-06T05:15:00Z,2026-07-06T07:15:00+0200,435.24002,MW,FR,FR,forecast_offshore_wind_generation,Wind Offshore,2026-07-11T19:30:56Z
2026-07-11T19:29:37Z,2026-07-11T21:29:37+0200,1d83aeba-7d53-466c-9cd8-cde3940d84cc,2026-07-06T05:30:00Z,2026-07-06T07:30:00+0200,429.60999,MW,FR,FR,forecast_offshore_wind_generation,Wind Offshore,2026-07-11T19:30:56Z
2026-07-11T19:29:37Z,2026-07-11T21:29:37+0200,1d83aeba-7d53-466c-9cd8-cde3940d84cc,2026-07-06T05:45:00Z,2026-07-06T07:45:00+0200,423.99002,MW,FR,FR,forecast_offshore_wind_generation,Wind Offshore,2026-07-11T19:30:56Z
2026-07-11T19:29:37Z,2026-07-11T21:29:37+0200,1d83aeba-7d53-466c-9cd8-cde3940d84cc,2026-07-06T06:00:00Z,2026-07-06T08:00:00+0200,418.35001,MW,FR,FR,forecast_offshore_wind_generation,Wind Offshore,2026-07-11T19:30:56Z
2026-07-11T19:29:37Z,2026-07-11T21:29:37+0200,1d83aeba-7d53-466c-9cd8-cde3940d84cc,2026-07-06T06:15:00Z,2026-07-06T08:15:00+0200,406.29001,MW,FR,FR,forecast_offshore_wind_generation,Wind Offshore,2026-07-11T19:30:56Z
2026-07-11T19:29:37Z,2026-07-11T21:29:37+0200,1d83aeba-7d53-466c-9cd8-cde3940d84cc,2026-07-06T06:30:00Z,2026-07-06T08:30:00+0200,394.21997,MW,FR,FR,forecast_offshore_wind_generation,Wind Offshore,2026-07-11T19:30:56Z
2026-07-11T19:29:37Z,2026-07-11T21:29:37+0200,1d83aeba-7d53-466c-9cd8-cde3940d84cc,2026-07-06T06:45:00Z,2026-07-06T08:45:00+0200,382.16,MW,FR,FR,forecast_offshore_wind_generation,Wind Offshore,2026-07-11T19:30:56Z
2026-07-11T19:29:37Z,2026-07-11T21:29:37+0200,1d83aeba-7d53-466c-9cd8-cde3940d84cc,2026-07-06T07:00:00Z,2026-07-06T09:00:00+0200,370.08002,MW,FR,FR,forecast_offshore_wind_generation,Wind Offshore,2026-07-11T19:30:56Z
2026-07-11T19:29:37Z,2026-07-11T21:29:37+0200,1d83aeba-7d53-466c-9cd8-cde3940d84cc,2026-07-06T07:15:00Z,2026-07-06T09:15:00+0200,343.82999,MW,FR,FR,forecast_offshore_wind_generation,Wind Offshore,2026-07-11T19:30:56Z
2026-07-11T19:29:37Z,2026-07-11T21:29:37+0200,1d83aeba-7d53-466c-9cd8-cde3940d84cc,2026-07-06T07:30:00Z,2026-07-06T09:30:00+0200,317.57001,MW,FR,FR,forecast_offshore_wind_generation,Wind Offshore,2026-07-11T19:30:56Z
2026-07-11T19:29:37Z,2026-07-11T21:29:37+0200,1d83aeba-7d53-466c-9cd8-cde3940d84cc,2026-07-06T07:45:00Z,2026-07-06T09:45:00+0200,291.29999,MW,FR,FR,forecast_offshore_wind_generation,Wind Offshore,2026-07-11T19:30:56Z
2026-07-11T19:29:37Z,2026-07-11T21:29:37+0200,1d83aeba-7d53-466c-9cd8-cde3940d84cc,2026-07-06T08:00:00Z,2026-07-06T10:00:00+0200,265.03,MW,FR,FR,forecast_offshore_wind_generation,Wind Offshore,2026-07-11T19:30:56Z
2026-07-11T19:29:37Z,2026-07-11T21:29:37+0200,1d83aeba-7d53-466c-9cd8-cde3940d84cc,2026-07-06T08:15:00Z,2026-07-06T10:15:00+0200,247.61002,MW,FR,FR,forecast_offshore_wind_generation,Wind Offshore,2026-07-11T19:30:56Z
2026-07-11T19:29:37Z,2026-07-11T21:29:37+0200,1d83aeba-7d53-466c-9cd8-cde3940d84cc,2026-07-06T08:30:00Z,2026-07-06T10:30:00+0200,230.20999,MW,FR,FR,forecast_offshore_wind_generation,Wind Offshore,2026-07-11T19:30:56Z
2026-07-11T19:29:37Z,2026-07-11T21:29:37+0200,1d83aeba-7d53-466c-9cd8-cde3940d84cc,2026-07-06T08:45:00Z,2026-07-06T10:45:00+0200,212.79999,MW,FR,FR,forecast_offshore_wind_generation,Wind Offshore,2026-07-11T19:30:56Z
2026-07-11T19:29:37Z,2026-07-11T21:29:37+0200,1d83aeba-7d53-466c-9cd8-cde3940d84cc,2026-07-06T09:00:00Z,2026-07-06T11:00:00+0200,195.39001,MW,FR,FR,forecast_offshore_wind_generation,Wind Offshore,2026-07-11T19:30:56Z
2026-07-11T19:29:37Z,2026-07-11T21:29:37+0200,1d83aeba-7d53-466c-9cd8-cde3940d84cc,2026-07-06T09:15:00Z,2026-07-06T11:15:00+0200,185.06,MW,FR,FR,forecast_offshore_wind_generation,Wind Offshore,2026-07-11T19:30:56Z
2026-07-11T19:29:37Z,2026-07-11T21:29:37+0200,1d83aeba-7d53-466c-9cd8-cde3940d84cc,2026-07-06T09:30:00Z,2026-07-06T11:30:00+0200,174.70999,MW,FR,FR,forecast_offshore_wind_generation,Wind Offshore,2026-07-11T19:30:56Z
2026-07-11T19:29:37Z,2026-07-11T21:29:37+0200,1d83aeba-7d53-466c-9cd8-cde3940d84cc,2026-07-06T09:45:00Z,2026-07-06T11:45:00+0200,164.37999,MW,FR,FR,forecast_offshore_wind_generation,Wind Offshore,2026-07-11T19:30:56Z
2026-07-11T19:29:37Z,2026-07-11T21:29:37+0200,1d83aeba-7d53-466c-9cd8-cde3940d84cc,2026-07-06T10:00:00Z,2026-07-06T12:00:00+0200,154.02,MW,FR,FR,forecast_offshore_wind_generation,Wind Offshore,2026-07-11T19:30:56Z
2026-07-11T19:29:37Z,2026-07-11T21:29:37+0200,1d83aeba-7d53-466c-9cd8-cde3940d84cc,2026-07-06T10:15:00Z,2026-07-06T12:15:00+0200,146.04001,MW,FR,FR,forecast_offshore_wind_generation,Wind Offshore,2026-07-11T19:30:56Z
2026-07-11T19:29:37Z,2026-07-11T21:29:37+0200,1d83aeba-7d53-466c-9cd8-cde3940d84cc,2026-07-06T10:30:00Z,2026-07-06T12:30:00+0200,138.05,MW,FR,FR,forecast_offshore_wind_generation,Wind Offshore,2026-07-11T19:30:56Z
2026-07-11T19:29:37Z,2026-07-11T21:29:37+0200,1d83aeba-7d53-466c-9cd8-cde3940d84cc,2026-07-06T10:45:00Z,2026-07-06T12:45:00+0200,130.06,MW,FR,FR,forecast_offshore_wind_generation,Wind Offshore,2026-07-11T19:30:56Z
2026-07-11T19:29:37Z,2026-07-11T21:29:37+0200,1d83aeba-7d53-466c-9cd8-cde3940d84cc,2026-07-06T11:00:00Z,2026-07-06T13:00:00+0200,122.06,MW,FR,FR,forecast_offshore_wind_generation,Wind Offshore,2026-07-11T19:30:56Z
2026-07-11T19:29:37Z,2026-07-11T21:29:37+0200,1d83aeba-7d53-466c-9cd8-cde3940d84cc,2026-07-06T11:15:00Z,2026-07-06T13:15:00+0200,118.28999,MW,FR,FR,forecast_offshore_wind_generation,Wind Offshore,2026-07-11T19:30:56Z
2026-07-11T19:29:37Z,2026-07-11T21:29:37+0200,1d83aeba-7d53-466c-9cd8-cde3940d84cc,2026-07-06T11:30:00Z,2026-07-06T13:30:00+0200,114.75,MW,FR,FR,forecast_offshore_wind_generation,Wind Offshore,2026-07-11T19:30:56Z
2026-07-11T19:29:37Z,2026-07-11T21:29:37+0200,1d83aeba-7d53-466c-9cd8-cde3940d84cc,2026-07-06T11:45:00Z,2026-07-06T13:45:00+0200,111.2,MW,FR,FR,forecast_offshore_wind_generation,Wind Offshore,2026-07-11T19:30:56Z
2026-07-11T19:29:37Z,2026-07-11T21:29:37+0200,1d83aeba-7d53-466c-9cd8-cde3940d84cc,2026-07-06T12:00:00Z,2026-07-06T14:00:00+0200,107.65,MW,FR,FR,forecast_offshore_wind_generation,Wind Offshore,2026-07-11T19:30:56Z
2026-07-11T19:29:37Z,2026-07-11T21:29:37+0200,1d83aeba-7d53-466c-9cd8-cde3940d84cc,2026-07-06T12:15:00Z,2026-07-06T14:15:00+0200,114.22,MW,FR,FR,forecast_offshore_wind_generation,Wind Offshore,2026-07-11T19:30:56Z
2026-07-11T19:29:37Z,2026-07-11T21:29:37+0200,1d83aeba-7d53-466c-9cd8-cde3940d84cc,2026-07-06T12:30:00Z,2026-07-06T14:30:00+0200,120.78001,MW,FR,FR,forecast_offshore_wind_generation,Wind Offshore,2026-07-11T19:30:56Z
2026-07-11T19:29:37Z,2026-07-11T21:29:37+0200,1d83aeba-7d53-466c-9cd8-cde3940d84cc,2026-07-06T12:45:00Z,2026-07-06T14:45:00+0200,127.33,MW,FR,FR,forecast_offshore_wind_generation,Wind Offshore,2026-07-11T19:30:56Z
2026-07-11T19:29:37Z,2026-07-11T21:29:37+0200,1d83aeba-7d53-466c-9cd8-cde3940d84cc,2026-07-06T13:00:00Z,2026-07-06T15:00:00+0200,133.91,MW,FR,FR,forecast_offshore_wind_generation,Wind Offshore,2026-07-11T19:30:56Z
2026-07-11T19:29:37Z,2026-07-11T21:29:37+0200,1d83aeba-7d53-466c-9cd8-cde3940d84cc,2026-07-06T13:15:00Z,2026-07-06T15:15:00+0200,135.40001,MW,FR,FR,forecast_offshore_wind_generation,Wind Offshore,2026-07-11T19:30:56Z
2026-07-11T19:29:37Z,2026-07-11T21:29:37+0200,1d83aeba-7d53-466c-9cd8-cde3940d84cc,2026-07-06T13:30:00Z,2026-07-06T15:30:00+0200,136.89999,MW,FR,FR,forecast_offshore_wind_generation,Wind Offshore,2026-07-11T19:30:56Z
2026-07-11T19:29:37Z,2026-07-11T21:29:37+0200,1d83aeba-7d53-466c-9cd8-cde3940d84cc,2026-07-06T13:45:00Z,2026-07-06T15:45:00+0200,138.39,MW,FR,FR,forecast_offshore_wind_generation,Wind Offshore,2026-07-11T19:30:56Z
2026-07-11T19:29:37Z,2026-07-11T21:29:37+0200,1d83aeba-7d53-466c-9cd8-cde3940d84cc,2026-07-06T14:00:00Z,2026-07-06T16:00:00+0200,139.88,MW,FR,FR,forecast_offshore_wind_generation,Wind Offshore,2026-07-11T19:30:56Z
2026-07-11T19:29:37Z,2026-07-11T21:29:37+0200,1d83aeba-7d53-466c-9cd8-cde3940d84cc,2026-07-06T14:15:00Z,2026-07-06T16:15:00+0200,142.59,MW,FR,FR,forecast_offshore_wind_generation,Wind Offshore,2026-07-11T19:30:56Z
2026-07-11T19:29:37Z,2026-07-11T21:29:37+0200,1d83aeba-7d53-466c-9cd8-cde3940d84cc,2026-07-06T14:30:00Z,2026-07-06T16:30:00+0200,145.29001,MW,FR,FR,forecast_offshore_wind_generation,Wind Offshore,2026-07-11T19:30:56Z
2026-07-11T19:29:37Z,2026-07-11T21:29:37+0200,1d83aeba-7d53-466c-9cd8-cde3940d84cc,2026-07-06T14:45:00Z,2026-07-06T16:45:00+0200,147.98999,MW,FR,FR,forecast_offshore_wind_generation,Wind Offshore,2026-07-11T19:30:56Z
2026-07-11T19:29:37Z,2026-07-11T21:29:37+0200,1d83aeba-7d53-466c-9cd8-cde3940d84cc,2026-07-06T15:00:00Z,2026-07-06T17:00:00+0200,150.70999,MW,FR,FR,forecast_offshore_wind_generation,Wind Offshore,2026-07-11T19:30:56Z
2026-07-11T19:29:37Z,2026-07-11T21:29:37+0200,1d83aeba-7d53-466c-9cd8-cde3940d84cc,2026-07-06T15:15:00Z,2026-07-06T17:15:00+0200,153.03,MW,FR,FR,forecast_offshore_wind_generation,Wind Offshore,2026-07-11T19:30:56Z
2026-07-11T19:29:37Z,2026-07-11T21:29:37+0200,1d83aeba-7d53-466c-9cd8-cde3940d84cc,2026-07-06T15:30:00Z,2026-07-06T17:30:00+0200,155.61,MW,FR,FR,forecast_offshore_wind_generation,Wind Offshore,2026-07-11T19:30:56Z
2026-07-11T19:29:37Z,2026-07-11T21:29:37+0200,1d83aeba-7d53-466c-9cd8-cde3940d84cc,2026-07-06T15:45:00Z,2026-07-06T17:45:00+0200,158.2,MW,FR,FR,forecast_offshore_wind_generation,Wind Offshore,2026-07-11T19:30:56Z
2026-07-11T19:29:37Z,2026-07-11T21:29:37+0200,1d83aeba-7d53-466c-9cd8-cde3940d84cc,2026-07-06T16:00:00Z,2026-07-06T18:00:00+0200,160.78,MW,FR,FR,forecast_offshore_wind_generation,Wind Offshore,2026-07-11T19:30:56Z
2026-07-11T19:29:37Z,2026-07-11T21:29:37+0200,1d83aeba-7d53-466c-9cd8-cde3940d84cc,2026-07-06T16:15:00Z,2026-07-06T18:15:00+0200,163.54999,MW,FR,FR,forecast_offshore_wind_generation,Wind Offshore,2026-07-11T19:30:56Z
2026-07-11T19:29:37Z,2026-07-11T21:29:37+0200,1d83aeba-7d53-466c-9cd8-cde3940d84cc,2026-07-06T16:30:00Z,2026-07-06T18:30:00+0200,166.34,MW,FR,FR,forecast_offshore_wind_generation,Wind Offshore,2026-07-11T19:30:56Z
2026-07-11T19:29:37Z,2026-07-11T21:29:37+0200,1d83aeba-7d53-466c-9cd8-cde3940d84cc,2026-07-06T16:45:00Z,2026-07-06T18:45:00+0200,169.11,MW,FR,FR,forecast_offshore_wind_generation,Wind Offshore,2026-07-11T19:30:56Z
2026-07-11T19:29:37Z,2026-07-11T21:29:37+0200,1d83aeba-7d53-466c-9cd8-cde3940d84cc,2026-07-06T17:00:00Z,2026-07-06T19:00:00+0200,171.89,MW,FR,FR,forecast_offshore_wind_generation,Wind Offshore,2026-07-11T19:30:56Z
2026-07-11T19:29:37Z,2026-07-11T21:29:37+0200,1d83aeba-7d53-466c-9cd8-cde3940d84cc,2026-07-06T17:15:00Z,2026-07-06T19:15:00+0200,172.94,MW,FR,FR,forecast_offshore_wind_generation,Wind Offshore,2026-07-11T19:30:56Z
2026-07-11T19:29:37Z,2026-07-11T21:29:37+0200,1d83aeba-7d53-466c-9cd8-cde3940d84cc,2026-07-06T17:30:00Z,2026-07-06T19:30:00+0200,174.0,MW,FR,FR,forecast_offshore_wind_generation,Wind Offshore,2026-07-11T19:30:56Z
2026-07-11T19:29:37Z,2026-07-11T21:29:37+0200,1d83aeba-7d53-466c-9cd8-cde3940d84cc,2026-07-06T17:45:00Z,2026-07-06T19:45:00+0200,175.03,MW,FR,FR,forecast_offshore_wind_generation,Wind Offshore,2026-07-11T19:30:56Z
2026-07-11T19:29:37Z,2026-07-11T21:29:37+0200,1d83aeba-7d53-466c-9cd8-cde3940d84cc,2026-07-06T18:00:00Z,2026-07-06T20:00:00+0200,176.09999,MW,FR,FR,forecast_offshore_wind_generation,Wind Offshore,2026-07-11T19:30:56Z
2026-07-11T19:29:37Z,2026-07-11T21:29:37+0200,1d83aeba-7d53-466c-9cd8-cde3940d84cc,2026-07-06T18:15:00Z,2026-07-06T20:15:00+0200,179.41,MW,FR,FR,forecast_offshore_wind_generation,Wind Offshore,2026-07-11T19:30:56Z
2026-07-11T19:29:37Z,2026-07-11T21:29:37+0200,1d83aeba-7d53-466c-9cd8-cde3940d84cc,2026-07-06T18:30:00Z,2026-07-06T20:30:00+0200,182.71999,MW,FR,FR,forecast_offshore_wind_generation,Wind Offshore,2026-07-11T19:30:56Z
2026-07-11T19:29:37Z,2026-07-11T21:29:37+0200,1d83aeba-7d53-466c-9cd8-cde3940d84cc,2026-07-06T18:45:00Z,2026-07-06T20:45:00+0200,186.03999,MW,FR,FR,forecast_offshore_wind_generation,Wind Offshore,2026-07-11T19:30:56Z
2026-07-11T19:29:37Z,2026-07-11T21:29:37+0200,1d83aeba-7d53-466c-9cd8-cde3940d84cc,2026-07-06T19:00:00Z,2026-07-06T21:00:00+0200,189.34,MW,FR,FR,forecast_offshore_wind_generation,Wind Offshore,2026-07-11T19:30:56Z
2026-07-11T19:29:37Z,2026-07-11T21:29:37+0200,1d83aeba-7d53-466c-9cd8-cde3940d84cc,2026-07-06T19:15:00Z,2026-07-06T21:15:00+0200,195.39,MW,FR,FR,forecast_offshore_wind_generation,Wind Offshore,2026-07-11T19:30:56Z
2026-07-11T19:29:37Z,2026-07-11T21:29:37+0200,1d83aeba-7d53-466c-9cd8-cde3940d84cc,2026-07-06T19:30:00Z,2026-07-06T21:30:00+0200,201.44,MW,FR,FR,forecast_offshore_wind_generation,Wind Offshore,2026-07-11T19:30:56Z
2026-07-11T19:29:37Z,2026-07-11T21:29:37+0200,1d83aeba-7d53-466c-9cd8-cde3940d84cc,2026-07-06T19:45:00Z,2026-07-06T21:45:00+0200,207.48001,MW,FR,FR,forecast_offshore_wind_generation,Wind Offshore,2026-07-11T19:30:56Z
2026-07-11T19:29:37Z,2026-07-11T21:29:37+0200,1d83aeba-7d53-466c-9cd8-cde3940d84cc,2026-07-06T20:00:00Z,2026-07-06T22:00:00+0200,213.51999,MW,FR,FR,forecast_offshore_wind_generation,Wind Offshore,2026-07-11T19:30:56Z
2026-07-11T19:29:37Z,2026-07-11T21:29:37+0200,1d83aeba-7d53-466c-9cd8-cde3940d84cc,2026-07-06T20:15:00Z,2026-07-06T22:15:00+0200,210.24001,MW,FR,FR,forecast_offshore_wind_generation,Wind Offshore,2026-07-11T19:30:56Z
2026-07-11T19:29:37Z,2026-07-11T21:29:37+0200,1d83aeba-7d53-466c-9cd8-cde3940d84cc,2026-07-06T20:30:00Z,2026-07-06T22:30:00+0200,206.93999,MW,FR,FR,forecast_offshore_wind_generation,Wind Offshore,2026-07-11T19:30:56Z
2026-07-11T19:29:37Z,2026-07-11T21:29:37+0200,1d83aeba-7d53-466c-9cd8-cde3940d84cc,2026-07-06T20:45:00Z,2026-07-06T22:45:00+0200,203.64999,MW,FR,FR,forecast_offshore_wind_generation,Wind Offshore,2026-07-11T19:30:56Z
2026-07-11T19:29:37Z,2026-07-11T21:29:37+0200,1d83aeba-7d53-466c-9cd8-cde3940d84cc,2026-07-06T21:00:00Z,2026-07-06T23:00:00+0200,200.35001,MW,FR,FR,forecast_offshore_wind_generation,Wind Offshore,2026-07-11T19:30:56Z
2026-07-11T19:29:37Z,2026-07-11T21:29:37+0200,1d83aeba-7d53-466c-9cd8-cde3940d84cc,2026-07-06T21:15:00Z,2026-07-06T23:15:00+0200,208.59,MW,FR,FR,forecast_offshore_wind_generation,Wind Offshore,2026-07-11T19:30:56Z
2026-07-11T19:29:37Z,2026-07-11T21:29:37+0200,1d83aeba-7d53-466c-9cd8-cde3940d84cc,2026-07-06T21:30:00Z,2026-07-06T23:30:00+0200,216.81001,MW,FR,FR,forecast_offshore_wind_generation,Wind Offshore,2026-07-11T19:30:56Z
2026-07-11T19:29:37Z,2026-07-11T21:29:37+0200,1d83aeba-7d53-466c-9cd8-cde3940d84cc,2026-07-06T21:45:00Z,2026-07-06T23:45:00+0200,225.03999,MW,FR,FR,forecast_offshore_wind_generation,Wind Offshore,2026-07-11T19:30:56Z
2026-07-11T19:29:37Z,2026-07-11T21:29:37+0200,1d83aeba-7d53-466c-9cd8-cde3940d84cc,2026-07-06T22:00:00Z,2026-07-07T00:00:00+0200,139.50999,MW,FR,FR,forecast_offshore_wind_generation,Wind Offshore,2026-07-11T19:30:56Z
2026-07-11T19:29:37Z,2026-07-11T21:29:37+0200,1d83aeba-7d53-466c-9cd8-cde3940d84cc,2026-07-06T22:15:00Z,2026-07-07T00:15:00+0200,142.78,MW,FR,FR,forecast_offshore_wind_generation,Wind Offshore,2026-07-11T19:30:56Z
2026-07-11T19:29:37Z,2026-07-11T21:29:37+0200,1d83aeba-7d53-466c-9cd8-cde3940d84cc,2026-07-06T22:30:00Z,2026-07-07T00:30:00+0200,146.02,MW,FR,FR,forecast_offshore_wind_generation,Wind Offshore,2026-07-11T19:30:56Z
2026-07-11T19:29:37Z,2026-07-11T21:29:37+0200,1d83aeba-7d53-466c-9cd8-cde3940d84cc,2026-07-06T22:45:00Z,2026-07-07T00:45:00+0200,149.14999,MW,FR,FR,forecast_offshore_wind_generation,Wind Offshore,2026-07-11T19:30:56Z
2026-07-11T19:29:37Z,2026-07-11T21:29:37+0200,1d83aeba-7d53-466c-9cd8-cde3940d84cc,2026-07-06T23:00:00Z,2026-07-07T01:00:00+0200,152.29001,MW,FR,FR,forecast_offshore_wind_generation,Wind Offshore,2026-07-11T19:30:56Z
2026-07-11T19:29:37Z,2026-07-11T21:29:37+0200,1d83aeba-7d53-466c-9cd8-cde3940d84cc,2026-07-06T23:15:00Z,2026-07-07T01:15:00+0200,156.37001,MW,FR,FR,forecast_offshore_wind_generation,Wind Offshore,2026-07-11T19:30:56Z
2026-07-11T19:29:37Z,2026-07-11T21:29:37+0200,1d83aeba-7d53-466c-9cd8-cde3940d84cc,2026-07-06T23:30:00Z,2026-07-07T01:30:00+0200,160.44,MW,FR,FR,forecast_offshore_wind_generation,Wind Offshore,2026-07-11T19:30:56Z
2026-07-11T19:29:37Z,2026-07-11T21:29:37+0200,1d83aeba-7d53-466c-9cd8-cde3940d84cc,2026-07-06T23:45:00Z,2026-07-07T01:45:00+0200,164.48999,MW,FR,FR,forecast_offshore_wind_generation,Wind Offshore,2026-07-11T19:30:56Z
2026-07-11T19:29:37Z,2026-07-11T21:29:37+0200,1d83aeba-7d53-466c-9cd8-cde3940d84cc,2026-07-07T00:00:00Z,2026-07-07T02:00:00+0200,168.53,MW,FR,FR,forecast_offshore_wind_generation,Wind Offshore,2026-07-11T19:30:56Z
2026-07-11T19:29:37Z,2026-07-11T21:29:37+0200,1d83aeba-7d53-466c-9cd8-cde3940d84cc,2026-07-07T00:15:00Z,2026-07-07T02:15:00+0200,172.04999,MW,FR,FR,forecast_offshore_wind_generation,Wind Offshore,2026-07-11T19:30:56Z
2026-07-11T19:29:37Z,2026-07-11T21:29:37+0200,1d83aeba-7d53-466c-9cd8-cde3940d84cc,2026-07-07T00:30:00Z,2026-07-07T02:30:00+0200,175.62,MW,FR,FR,forecast_offshore_wind_generation,Wind Offshore,2026-07-11T19:30:56Z
2026-07-11T19:29:37Z,2026-07-11T21:29:37+0200,1d83aeba-7d53-466c-9cd8-cde3940d84cc,2026-07-07T00:45:00Z,2026-07-07T02:45:00+0200,179.17999,MW,FR,FR,forecast_offshore_wind_generation,Wind Offshore,2026-07-11T19:30:56Z
2026-07-11T19:29:37Z,2026-07-11T21:29:37+0200,1d83aeba-7d53-466c-9cd8-cde3940d84cc,2026-07-07T01:00:00Z,2026-07-07T03:00:00+0200,183.0,MW,FR,FR,forecast_offshore_wind_generation,Wind Offshore,2026-07-11T19:30:56Z
2026-07-11T19:29:37Z,2026-07-11T21:29:37+0200,1d83aeba-7d53-466c-9cd8-cde3940d84cc,2026-07-07T01:15:00Z,2026-07-07T03:15:00+0200,185.98999,MW,FR,FR,forecast_offshore_wind_generation,Wind Offshore,2026-07-11T19:30:56Z
2026-07-11T19:29:37Z,2026-07-11T21:29:37+0200,1d83aeba-7d53-466c-9cd8-cde3940d84cc,2026-07-07T01:30:00Z,2026-07-07T03:30:00+0200,189.25,MW,FR,FR,forecast_offshore_wind_generation,Wind Offshore,2026-07-11T19:30:56Z
2026-07-11T19:29:37Z,2026-07-11T21:29:37+0200,1d83aeba-7d53-466c-9cd8-cde3940d84cc,2026-07-07T01:45:00Z,2026-07-07T03:45:00+0200,192.50999,MW,FR,FR,forecast_offshore_wind_generation,Wind Offshore,2026-07-11T19:30:56Z
2026-07-11T19:29:37Z,2026-07-11T21:29:37+0200,1d83aeba-7d53-466c-9cd8-cde3940d84cc,2026-07-07T02:00:00Z,2026-07-07T04:00:00+0200,195.76001,MW,FR,FR,forecast_offshore_wind_generation,Wind Offshore,2026-07-11T19:30:56Z
2026-07-11T19:29:37Z,2026-07-11T21:29:37+0200,1d83aeba-7d53-466c-9cd8-cde3940d84cc,2026-07-07T02:15:00Z,2026-07-07T04:15:00+0200,196.63,MW,FR,FR,forecast_offshore_wind_generation,Wind Offshore,2026-07-11T19:30:56Z
2026-07-11T19:29:37Z,2026-07-11T21:29:37+0200,1d83aeba-7d53-466c-9cd8-cde3940d84cc,2026-07-07T02:30:00Z,2026-07-07T04:30:00+0200,197.60001,MW,FR,FR,forecast_offshore_wind_generation,Wind Offshore,2026-07-11T19:30:56Z
2026-07-11T19:29:37Z,2026-07-11T21:29:37+0200,1d83aeba-7d53-466c-9cd8-cde3940d84cc,2026-07-07T02:45:00Z,2026-07-07T04:45:00+0200,198.58,MW,FR,FR,forecast_offshore_wind_generation,Wind Offshore,2026-07-11T19:30:56Z
2026-07-11T19:29:37Z,2026-07-11T21:29:37+0200,1d83aeba-7d53-466c-9cd8-cde3940d84cc,2026-07-07T03:00:00Z,2026-07-07T05:00:00+0200,199.54999,MW,FR,FR,forecast_offshore_wind_generation,Wind Offshore,2026-07-11T19:30:56Z
2026-07-11T19:29:37Z,2026-07-11T21:29:37+0200,1d83aeba-7d53-466c-9cd8-cde3940d84cc,2026-07-07T03:15:00Z,2026-07-07T05:15:00+0200,199.67999,MW,FR,FR,forecast_offshore_wind_generation,Wind Offshore,2026-07-11T19:30:56Z
2026-07-11T19:29:37Z,2026-07-11T21:29:37+0200,1d83aeba-7d53-466c-9cd8-cde3940d84cc,2026-07-07T03:30:00Z,2026-07-07T05:30:00+0200,199.81,MW,FR,FR,forecast_offshore_wind_generation,Wind Offshore,2026-07-11T19:30:56Z
2026-07-11T19:29:37Z,2026-07-11T21:29:37+0200,1d83aeba-7d53-466c-9cd8-cde3940d84cc,2026-07-07T03:45:00Z,2026-07-07T05:45:00+0200,199.93001,MW,FR,FR,forecast_offshore_wind_generation,Wind Offshore,2026-07-11T19:30:56Z
2026-07-11T19:29:37Z,2026-07-11T21:29:37+0200,1d83aeba-7d53-466c-9cd8-cde3940d84cc,2026-07-07T04:00:00Z,2026-07-07T06:00:00+0200,200.04001,MW,FR,FR,forecast_offshore_wind_generation,Wind Offshore,2026-07-11T19:30:56Z
2026-07-11T19:29:37Z,2026-07-11T21:29:37+0200,1d83aeba-7d53-466c-9cd8-cde3940d84cc,2026-07-07T04:15:00Z,2026-07-07T06:15:00+0200,191.08,MW,FR,FR,forecast_offshore_wind_generation,Wind Offshore,2026-07-11T19:30:56Z
2026-07-11T19:29:37Z,2026-07-11T21:29:37+0200,1d83aeba-7d53-466c-9cd8-cde3940d84cc,2026-07-07T04:30:00Z,2026-07-07T06:30:00+0200,182.14999,MW,FR,FR,forecast_offshore_wind_generation,Wind Offshore,2026-07-11T19:30:56Z
2026-07-11T19:29:37Z,2026-07-11T21:29:37+0200,1d83aeba-7d53-466c-9cd8-cde3940d84cc,2026-07-07T04:45:00Z,2026-07-07T06:45:00+0200,173.18001,MW,FR,FR,forecast_offshore_wind_generation,Wind Offshore,2026-07-11T19:30:56Z
2026-07-11T19:29:37Z,2026-07-11T21:29:37+0200,1d83aeba-7d53-466c-9cd8-cde3940d84cc,2026-07-07T05:00:00Z,2026-07-07T07:00:00+0200,164.20999,MW,FR,FR,forecast_offshore_wind_generation,Wind Offshore,2026-07-11T19:30:56Z
2026-07-11T19:29:37Z,2026-07-11T21:29:37+0200,1d83aeba-7d53-466c-9cd8-cde3940d84cc,2026-07-07T05:15:00Z,2026-07-07T07:15:00+0200,156.93001,MW,FR,FR,forecast_offshore_wind_generation,Wind Offshore,2026-07-11T19:30:56Z
2026-07-11T19:29:37Z,2026-07-11T21:29:37+0200,1d83aeba-7d53-466c-9cd8-cde3940d84cc,2026-07-07T05:30:00Z,2026-07-07T07:30:00+0200,149.64,MW,FR,FR,forecast_offshore_wind_generation,Wind Offshore,2026-07-11T19:30:56Z
2026-07-11T19:29:37Z,2026-07-11T21:29:37+0200,1d83aeba-7d53-466c-9cd8-cde3940d84cc,2026-07-07T05:45:00Z,2026-07-07T07:45:00+0200,142.33,MW,FR,FR,forecast_offshore_wind_generation,Wind Offshore,2026-07-11T19:30:56Z
2026-07-11T19:29:37Z,2026-07-11T21:29:37+0200,1d83aeba-7d53-466c-9cd8-cde3940d84cc,2026-07-07T06:00:00Z,2026-07-07T08:00:00+0200,135.03,MW,FR,FR,forecast_offshore_wind_generation,Wind Offshore,2026-07-11T19:30:56Z
2026-07-11T19:29:37Z,2026-07-11T21:29:37+0200,1d83aeba-7d53-466c-9cd8-cde3940d84cc,2026-07-07T06:15:00Z,2026-07-07T08:15:00+0200,127.66,MW,FR,FR,forecast_offshore_wind_generation,Wind Offshore,2026-07-11T19:30:56Z
2026-07-11T19:29:37Z,2026-07-11T21:29:37+0200,1d83aeba-7d53-466c-9cd8-cde3940d84cc,2026-07-07T06:30:00Z,2026-07-07T08:30:00+0200,120.3,MW,FR,FR,forecast_offshore_wind_generation,Wind Offshore,2026-07-11T19:30:56Z
2026-07-11T19:29:37Z,2026-07-11T21:29:37+0200,1d83aeba-7d53-466c-9cd8-cde3940d84cc,2026-07-07T06:45:00Z,2026-07-07T08:45:00+0200,112.92,MW,FR,FR,forecast_offshore_wind_generation,Wind Offshore,2026-07-11T19:30:56Z
2026-07-11T19:29:37Z,2026-07-11T21:29:37+0200,1d83aeba-7d53-466c-9cd8-cde3940d84cc,2026-07-07T07:00:00Z,2026-07-07T09:00:00+0200,105.52,MW,FR,FR,forecast_offshore_wind_generation,Wind Offshore,2026-07-11T19:30:56Z
2026-07-11T19:29:37Z,2026-07-11T21:29:37+0200,1d83aeba-7d53-466c-9cd8-cde3940d84cc,2026-07-07T07:15:00Z,2026-07-07T09:15:00+0200,102.82999,MW,FR,FR,forecast_offshore_wind_generation,Wind Offshore,2026-07-11T19:30:56Z
2026-07-11T19:29:37Z,2026-07-11T21:29:37+0200,1d83aeba-7d53-466c-9cd8-cde3940d84cc,2026-07-07T07:30:00Z,2026-07-07T09:30:00+0200,100.14,MW,FR,FR,forecast_offshore_wind_generation,Wind Offshore,2026-07-11T19:30:56Z
2026-07-11T19:29:37Z,2026-07-11T21:29:37+0200,1d83aeba-7d53-466c-9cd8-cde3940d84cc,2026-07-07T07:45:00Z,2026-07-07T09:45:00+0200,97.42,MW,FR,FR,forecast_offshore_wind_generation,Wind Offshore,2026-07-11T19:30:56Z
2026-07-11T19:29:37Z,2026-07-11T21:29:37+0200,1d83aeba-7d53-466c-9cd8-cde3940d84cc,2026-07-07T08:00:00Z,2026-07-07T10:00:00+0200,94.71999,MW,FR,FR,forecast_offshore_wind_generation,Wind Offshore,2026-07-11T19:30:56Z
2026-07-11T19:29:37Z,2026-07-11T21:29:37+0200,1d83aeba-7d53-466c-9cd8-cde3940d84cc,2026-07-07T08:15:00Z,2026-07-07T10:15:00+0200,91.61,MW,FR,FR,forecast_offshore_wind_generation,Wind Offshore,2026-07-11T19:30:56Z
2026-07-11T19:29:37Z,2026-07-11T21:29:37+0200,1d83aeba-7d53-466c-9cd8-cde3940d84cc,2026-07-07T08:30:00Z,2026-07-07T10:30:00+0200,88.53,MW,FR,FR,forecast_offshore_wind_generation,Wind Offshore,2026-07-11T19:30:56Z
2026-07-11T19:29:37Z,2026-07-11T21:29:37+0200,1d83aeba-7d53-466c-9cd8-cde3940d84cc,2026-07-07T08:45:00Z,2026-07-07T10:45:00+0200,85.41,MW,FR,FR,forecast_offshore_wind_generation,Wind Offshore,2026-07-11T19:30:56Z
2026-07-11T19:29:37Z,2026-07-11T21:29:37+0200,1d83aeba-7d53-466c-9cd8-cde3940d84cc,2026-07-07T09:00:00Z,2026-07-07T11:00:00+0200,82.31,MW,FR,FR,forecast_offshore_wind_generation,Wind Offshore,2026-07-11T19:30:56Z
2026-07-11T19:29:37Z,2026-07-11T21:29:37+0200,1d83aeba-7d53-466c-9cd8-cde3940d84cc,2026-07-07T09:15:00Z,2026-07-07T11:15:00+0200,83.69,MW,FR,FR,forecast_offshore_wind_generation,Wind Offshore,2026-07-11T19:30:56Z
2026-07-11T19:29:37Z,2026-07-11T21:29:37+0200,1d83aeba-7d53-466c-9cd8-cde3940d84cc,2026-07-07T09:30:00Z,2026-07-07T11:30:00+0200,85.05,MW,FR,FR,forecast_offshore_wind_generation,Wind Offshore,2026-07-11T19:30:56Z
2026-07-11T19:29:37Z,2026-07-11T21:29:37+0200,1d83aeba-7d53-466c-9cd8-cde3940d84cc,2026-07-07T09:45:00Z,2026-07-07T11:45:00+0200,86.43001,MW,FR,FR,forecast_offshore_wind_generation,Wind Offshore,2026-07-11T19:30:56Z
2026-07-11T19:29:37Z,2026-07-11T21:29:37+0200,1d83aeba-7d53-466c-9cd8-cde3940d84cc,2026-07-07T10:00:00Z,2026-07-07T12:00:00+0200,87.79,MW,FR,FR,forecast_offshore_wind_generation,Wind Offshore,2026-07-11T19:30:56Z
2026-07-11T19:29:37Z,2026-07-11T21:29:37+0200,1d83aeba-7d53-466c-9cd8-cde3940d84cc,2026-07-07T10:15:00Z,2026-07-07T12:15:00+0200,86.06001,MW,FR,FR,forecast_offshore_wind_generation,Wind Offshore,2026-07-11T19:30:56Z
2026-07-11T19:29:37Z,2026-07-11T21:29:37+0200,1d83aeba-7d53-466c-9cd8-cde3940d84cc,2026-07-07T10:30:00Z,2026-07-07T12:30:00+0200,84.32,MW,FR,FR,forecast_offshore_wind_generation,Wind Offshore,2026-07-11T19:30:56Z
2026-07-11T19:29:37Z,2026-07-11T21:29:37+0200,1d83aeba-7d53-466c-9cd8-cde3940d84cc,2026-07-07T10:45:00Z,2026-07-07T12:45:00+0200,82.59,MW,FR,FR,forecast_offshore_wind_generation,Wind Offshore,2026-07-11T19:30:56Z
2026-07-11T19:29:37Z,2026-07-11T21:29:37+0200,1d83aeba-7d53-466c-9cd8-cde3940d84cc,2026-07-07T11:00:00Z,2026-07-07T13:00:00+0200,80.84,MW,FR,FR,forecast_offshore_wind_generation,Wind Offshore,2026-07-11T19:30:56Z
2026-07-11T19:29:37Z,2026-07-11T21:29:37+0200,1d83aeba-7d53-466c-9cd8-cde3940d84cc,2026-07-07T11:15:00Z,2026-07-07T13:15:00+0200,79.2,MW,FR,FR,forecast_offshore_wind_generation,Wind Offshore,2026-07-11T19:30:56Z
2026-07-11T19:29:37Z,2026-07-11T21:29:37+0200,1d83aeba-7d53-466c-9cd8-cde3940d84cc,2026-07-07T11:30:00Z,2026-07-07T13:30:00+0200,77.63,MW,FR,FR,forecast_offshore_wind_generation,Wind Offshore,2026-07-11T19:30:56Z
2026-07-11T19:29:37Z,2026-07-11T21:29:37+0200,1d83aeba-7d53-466c-9cd8-cde3940d84cc,2026-07-07T11:45:00Z,2026-07-07T13:45:00+0200,76.23,MW,FR,FR,forecast_offshore_wind_generation,Wind Offshore,2026-07-11T19:30:56Z
2026-07-11T19:29:37Z,2026-07-11T21:29:37+0200,1d83aeba-7d53-466c-9cd8-cde3940d84cc,2026-07-07T12:00:00Z,2026-07-07T14:00:00+0200,74.87,MW,FR,FR,forecast_offshore_wind_generation,Wind Offshore,2026-07-11T19:30:56Z
2026-07-11T19:29:37Z,2026-07-11T21:29:37+0200,1d83aeba-7d53-466c-9cd8-cde3940d84cc,2026-07-07T12:15:00Z,2026-07-07T14:15:00+0200,79.5,MW,FR,FR,forecast_offshore_wind_generation,Wind Offshore,2026-07-11T19:30:56Z
2026-07-11T19:29:37Z,2026-07-11T21:29:37+0200,1d83aeba-7d53-466c-9cd8-cde3940d84cc,2026-07-07T12:30:00Z,2026-07-07T14:30:00+0200,84.13,MW,FR,FR,forecast_offshore_wind_generation,Wind Offshore,2026-07-11T19:30:56Z
2026-07-11T19:29:37Z,2026-07-11T21:29:37+0200,1d83aeba-7d53-466c-9cd8-cde3940d84cc,2026-07-07T12:45:00Z,2026-07-07T14:45:00+0200,88.86,MW,FR,FR,forecast_offshore_wind_generation,Wind Offshore,2026-07-11T19:30:56Z
2026-07-11T19:29:37Z,2026-07-11T21:29:37+0200,1d83aeba-7d53-466c-9cd8-cde3940d84cc,2026-07-07T13:00:00Z,2026-07-07T15:00:00+0200,93.66,MW,FR,FR,forecast_offshore_wind_generation,Wind Offshore,2026-07-11T19:30:56Z
2026-07-11T19:29:37Z,2026-07-11T21:29:37+0200,1d83aeba-7d53-466c-9cd8-cde3940d84cc,2026-07-07T13:15:00Z,2026-07-07T15:15:00+0200,96.62,MW,FR,FR,forecast_offshore_wind_generation,Wind Offshore,2026-07-11T19:30:56Z
2026-07-11T19:29:37Z,2026-07-11T21:29:37+0200,1d83aeba-7d53-466c-9cd8-cde3940d84cc,2026-07-07T13:30:00Z,2026-07-07T15:30:00+0200,99.97,MW,FR,FR,forecast_offshore_wind_generation,Wind Offshore,2026-07-11T19:30:56Z
2026-07-11T19:29:37Z,2026-07-11T21:29:37+0200,1d83aeba-7d53-466c-9cd8-cde3940d84cc,2026-07-07T13:45:00Z,2026-07-07T15:45:00+0200,103.39999,MW,FR,FR,forecast_offshore_wind_generation,Wind Offshore,2026-07-11T19:30:56Z
2026-07-11T19:29:37Z,2026-07-11T21:29:37+0200,1d83aeba-7d53-466c-9cd8-cde3940d84cc,2026-07-07T14:00:00Z,2026-07-07T16:00:00+0200,106.82,MW,FR,FR,forecast_offshore_wind_generation,Wind Offshore,2026-07-11T19:30:56Z
2026-07-11T19:29:37Z,2026-07-11T21:29:37+0200,1d83aeba-7d53-466c-9cd8-cde3940d84cc,2026-07-07T14:15:00Z,2026-07-07T16:15:00+0200,112.72,MW,FR,FR,forecast_offshore_wind_generation,Wind Offshore,2026-07-11T19:30:56Z
2026-07-11T19:29:37Z,2026-07-11T21:29:37+0200,1d83aeba-7d53-466c-9cd8-cde3940d84cc,2026-07-07T14:30:00Z,2026-07-07T16:30:00+0200,118.6,MW,FR,FR,forecast_offshore_wind_generation,Wind Offshore,2026-07-11T19:30:56Z
2026-07-11T19:29:37Z,2026-07-11T21:29:37+0200,1d83aeba-7d53-466c-9cd8-cde3940d84cc,2026-07-07T14:45:00Z,2026-07-07T16:45:00+0200,124.54,MW,FR,FR,forecast_offshore_wind_generation,Wind Offshore,2026-07-11T19:30:56Z
2026-07-11T19:29:37Z,2026-07-11T21:29:37+0200,1d83aeba-7d53-466c-9cd8-cde3940d84cc,2026-07-07T15:00:00Z,2026-07-07T17:00:00+0200,130.45,MW,FR,FR,forecast_offshore_wind_generation,Wind Offshore,2026-07-11T19:30:56Z
2026-07-11T19:29:37Z,2026-07-11T21:29:37+0200,1d83aeba-7d53-466c-9cd8-cde3940d84cc,2026-07-07T15:15:00Z,2026-07-07T17:15:00+0200,132.57001,MW,FR,FR,forecast_offshore_wind_generation,Wind Offshore,2026-07-11T19:30:56Z
2026-07-11T19:29:37Z,2026-07-11T21:29:37+0200,1d83aeba-7d53-466c-9cd8-cde3940d84cc,2026-07-07T15:30:00Z,2026-07-07T17:30:00+0200,134.71001,MW,FR,FR,forecast_offshore_wind_generation,Wind Offshore,2026-07-11T19:30:56Z
2026-07-11T19:29:37Z,2026-07-11T21:29:37+0200,1d83aeba-7d53-466c-9cd8-cde3940d84cc,2026-07-07T15:45:00Z,2026-07-07T17:45:00+0200,136.87,MW,FR,FR,forecast_offshore_wind_generation,Wind Offshore,2026-07-11T19:30:56Z
2026-07-11T19:29:37Z,2026-07-11T21:29:37+0200,1d83aeba-7d53-466c-9cd8-cde3940d84cc,2026-07-07T16:00:00Z,2026-07-07T18:00:00+0200,139.02998,MW,FR,FR,forecast_offshore_wind_generation,Wind Offshore,2026-07-11T19:30:56Z
2026-07-11T19:29:37Z,2026-07-11T21:29:37+0200,1d83aeba-7d53-466c-9cd8-cde3940d84cc,2026-07-07T16:15:00Z,2026-07-07T18:15:00+0200,140.41,MW,FR,FR,forecast_offshore_wind_generation,Wind Offshore,2026-07-11T19:30:56Z
2026-07-11T19:29:37Z,2026-07-11T21:29:37+0200,1d83aeba-7d53-466c-9cd8-cde3940d84cc,2026-07-07T16:30:00Z,2026-07-07T18:30:00+0200,141.78,MW,FR,FR,forecast_offshore_wind_generation,Wind Offshore,2026-07-11T19:30:56Z
2026-07-11T19:29:37Z,2026-07-11T21:29:37+0200,1d83aeba-7d53-466c-9cd8-cde3940d84cc,2026-07-07T16:45:00Z,2026-07-07T18:45:00+0200,143.18001,MW,FR,FR,forecast_offshore_wind_generation,Wind Offshore,2026-07-11T19:30:56Z
2026-07-11T19:29:37Z,2026-07-11T21:29:37+0200,1d83aeba-7d53-466c-9cd8-cde3940d84cc,2026-07-07T17:00:00Z,2026-07-07T19:00:00+0200,144.57001,MW,FR,FR,forecast_offshore_wind_generation,Wind Offshore,2026-07-11T19:30:56Z
2026-07-11T19:29:37Z,2026-07-11T21:29:37+0200,1d83aeba-7d53-466c-9cd8-cde3940d84cc,2026-07-07T17:15:00Z,2026-07-07T19:15:00+0200,152.97,MW,FR,FR,forecast_offshore_wind_generation,Wind Offshore,2026-07-11T19:30:56Z
2026-07-11T19:29:37Z,2026-07-11T21:29:37+0200,1d83aeba-7d53-466c-9cd8-cde3940d84cc,2026-07-07T17:30:00Z,2026-07-07T19:30:00+0200,161.39,MW,FR,FR,forecast_offshore_wind_generation,Wind Offshore,2026-07-11T19:30:56Z
2026-07-11T19:29:37Z,2026-07-11T21:29:37+0200,1d83aeba-7d53-466c-9cd8-cde3940d84cc,2026-07-07T17:45:00Z,2026-07-07T19:45:00+0200,169.81001,MW,FR,FR,forecast_offshore_wind_generation,Wind Offshore,2026-07-11T19:30:56Z
2026-07-11T19:29:37Z,2026-07-11T21:29:37+0200,1d83aeba-7d53-466c-9cd8-cde3940d84cc,2026-07-07T18:00:00Z,2026-07-07T20:00:00+0200,178.25,MW,FR,FR,forecast_offshore_wind_generation,Wind Offshore,2026-07-11T19:30:56Z
2026-07-11T19:29:37Z,2026-07-11T21:29:37+0200,1d83aeba-7d53-466c-9cd8-cde3940d84cc,2026-07-07T18:15:00Z,2026-07-07T20:15:00+0200,191.09,MW,FR,FR,forecast_offshore_wind_generation,Wind Offshore,2026-07-11T19:30:56Z
2026-07-11T19:29:37Z,2026-07-11T21:29:37+0200,1d83aeba-7d53-466c-9cd8-cde3940d84cc,2026-07-07T18:30:00Z,2026-07-07T20:30:00+0200,203.94,MW,FR,FR,forecast_offshore_wind_generation,Wind Offshore,2026-07-11T19:30:56Z
2026-07-11T19:29:37Z,2026-07-11T21:29:37+0200,1d83aeba-7d53-466c-9cd8-cde3940d84cc,2026-07-07T18:45:00Z,2026-07-07T20:45:00+0200,216.78,MW,FR,FR,forecast_offshore_wind_generation,Wind Offshore,2026-07-11T19:30:56Z
2026-07-11T19:29:37Z,2026-07-11T21:29:37+0200,1d83aeba-7d53-466c-9cd8-cde3940d84cc,2026-07-07T19:00:00Z,2026-07-07T21:00:00+0200,229.60999,MW,FR,FR,forecast_offshore_wind_generation,Wind Offshore,2026-07-11T19:30:56Z
2026-07-11T19:29:37Z,2026-07-11T21:29:37+0200,1d83aeba-7d53-466c-9cd8-cde3940d84cc,2026-07-07T19:15:00Z,2026-07-07T21:15:00+0200,237.28,MW,FR,FR,forecast_offshore_wind_generation,Wind Offshore,2026-07-11T19:30:56Z
2026-07-11T19:29:37Z,2026-07-11T21:29:37+0200,1d83aeba-7d53-466c-9cd8-cde3940d84cc,2026-07-07T19:30:00Z,2026-07-07T21:30:00+0200,244.94,MW,FR,FR,forecast_offshore_wind_generation,Wind Offshore,2026-07-11T19:30:56Z
2026-07-11T19:29:37Z,2026-07-11T21:29:37+0200,1d83aeba-7d53-466c-9cd8-cde3940d84cc,2026-07-07T19:45:00Z,2026-07-07T21:45:00+0200,252.59999,MW,FR,FR,forecast_offshore_wind_generation,Wind Offshore,2026-07-11T19:30:56Z
2026-07-11T19:29:37Z,2026-07-11T21:29:37+0200,1d83aeba-7d53-466c-9cd8-cde3940d84cc,2026-07-07T20:00:00Z,2026-07-07T22:00:00+0200,260.25,MW,FR,FR,forecast_offshore_wind_generation,Wind Offshore,2026-07-11T19:30:56Z
2026-07-11T19:29:37Z,2026-07-11T21:29:37+0200,1d83aeba-7d53-466c-9cd8-cde3940d84cc,2026-07-07T20:15:00Z,2026-07-07T22:15:00+0200,270.07001,MW,FR,FR,forecast_offshore_wind_generation,Wind Offshore,2026-07-11T19:30:56Z
2026-07-11T19:29:37Z,2026-07-11T21:29:37+0200,1d83aeba-7d53-466c-9cd8-cde3940d84cc,2026-07-07T20:30:00Z,2026-07-07T22:30:00+0200,279.89001,MW,FR,FR,forecast_offshore_wind_generation,Wind Offshore,2026-07-11T19:30:56Z
2026-07-11T19:29:37Z,2026-07-11T21:29:37+0200,1d83aeba-7d53-466c-9cd8-cde3940d84cc,2026-07-07T20:45:00Z,2026-07-07T22:45:00+0200,289.67999,MW,FR,FR,forecast_offshore_wind_generation,Wind Offshore,2026-07-11T19:30:56Z
2026-07-11T19:29:37Z,2026-07-11T21:29:37+0200,1d83aeba-7d53-466c-9cd8-cde3940d84cc,2026-07-07T21:00:00Z,2026-07-07T23:00:00+0200,299.47,MW,FR,FR,forecast_offshore_wind_generation,Wind Offshore,2026-07-11T19:30:56Z
2026-07-11T19:29:37Z,2026-07-11T21:29:37+0200,1d83aeba-7d53-466c-9cd8-cde3940d84cc,2026-07-07T21:15:00Z,2026-07-07T23:15:00+0200,310.14001,MW,FR,FR,forecast_offshore_wind_generation,Wind Offshore,2026-07-11T19:30:56Z
2026-07-11T19:29:37Z,2026-07-11T21:29:37+0200,1d83aeba-7d53-466c-9cd8-cde3940d84cc,2026-07-07T21:30:00Z,2026-07-07T23:30:00+0200,320.79001,MW,FR,FR,forecast_offshore_wind_generation,Wind Offshore,2026-07-11T19:30:56Z
2026-07-11T19:29:37Z,2026-07-11T21:29:37+0200,1d83aeba-7d53-466c-9cd8-cde3940d84cc,2026-07-07T21:45:00Z,2026-07-07T23:45:00+0200,331.43002,MW,FR,FR,forecast_offshore_wind_generation,Wind Offshore,2026-07-11T19:30:56Z
2026-07-11T19:29:37Z,2026-07-11T21:29:37+0200,1d83aeba-7d53-466c-9cd8-cde3940d84cc,2026-07-07T22:00:00Z,2026-07-08T00:00:00+0200,391.19,MW,FR,FR,forecast_offshore_wind_generation,Wind Offshore,2026-07-11T19:30:56Z
2026-07-11T19:29:37Z,2026-07-11T21:29:37+0200,1d83aeba-7d53-466c-9cd8-cde3940d84cc,2026-07-07T22:15:00Z,2026-07-08T00:15:00+0200,401.78,MW,FR,FR,forecast_offshore_wind_generation,Wind Offshore,2026-07-11T19:30:56Z
2026-07-11T19:29:37Z,2026-07-11T21:29:37+0200,1d83aeba-7d53-466c-9cd8-cde3940d84cc,2026-07-07T22:30:00Z,2026-07-08T00:30:00+0200,412.38998,MW,FR,FR,forecast_offshore_wind_generation,Wind Offshore,2026-07-11T19:30:56Z
2026-07-11T19:29:37Z,2026-07-11T21:29:37+0200,1d83aeba-7d53-466c-9cd8-cde3940d84cc,2026-07-07T22:45:00Z,2026-07-08T00:45:00+0200,422.98999,MW,FR,FR,forecast_offshore_wind_generation,Wind Offshore,2026-07-11T19:30:56Z
2026-07-11T19:29:37Z,2026-07-11T21:29:37+0200,1d83aeba-7d53-466c-9cd8-cde3940d84cc,2026-07-07T23:00:00Z,2026-07-08T01:00:00+0200,433.58997,MW,FR,FR,forecast_offshore_wind_generation,Wind Offshore,2026-07-11T19:30:56Z
2026-07-11T19:29:37Z,2026-07-11T21:29:37+0200,1d83aeba-7d53-466c-9cd8-cde3940d84cc,2026-07-07T23:15:00Z,2026-07-08T01:15:00+0200,450.91,MW,FR,FR,forecast_offshore_wind_generation,Wind Offshore,2026-07-11T19:30:56Z
2026-07-11T19:29:37Z,2026-07-11T21:29:37+0200,1d83aeba-7d53-466c-9cd8-cde3940d84cc,2026-07-07T23:30:00Z,2026-07-08T01:30:00+0200,468.24002,MW,FR,FR,forecast_offshore_wind_generation,Wind Offshore,2026-07-11T19:30:56Z
2026-07-11T19:29:37Z,2026-07-11T21:29:37+0200,1d83aeba-7d53-466c-9cd8-cde3940d84cc,2026-07-07T23:45:00Z,2026-07-08T01:45:00+0200,485.54001,MW,FR,FR,forecast_offshore_wind_generation,Wind Offshore,2026-07-11T19:30:56Z
2026-07-11T19:29:37Z,2026-07-11T21:29:37+0200,1d83aeba-7d53-466c-9cd8-cde3940d84cc,2026-07-08T00:00:00Z,2026-07-08T02:00:00+0200,502.88,MW,FR,FR,forecast_offshore_wind_generation,Wind Offshore,2026-07-11T19:30:56Z
2026-07-11T19:29:37Z,2026-07-11T21:29:37+0200,1d83aeba-7d53-466c-9cd8-cde3940d84cc,2026-07-08T00:15:00Z,2026-07-08T02:15:00+0200,506.48996,MW,FR,FR,forecast_offshore_wind_generation,Wind Offshore,2026-07-11T19:30:56Z
2026-07-11T19:29:37Z,2026-07-11T21:29:37+0200,1d83aeba-7d53-466c-9cd8-cde3940d84cc,2026-07-08T00:30:00Z,2026-07-08T02:30:00+0200,510.12,MW,FR,FR,forecast_offshore_wind_generation,Wind Offshore,2026-07-11T19:30:56Z
2026-07-11T19:29:37Z,2026-07-11T21:29:37+0200,1d83aeba-7d53-466c-9cd8-cde3940d84cc,2026-07-08T00:45:00Z,2026-07-08T02:45:00+0200,513.73999,MW,FR,FR,forecast_offshore_wind_generation,Wind Offshore,2026-07-11T19:30:56Z
2026-07-11T19:29:37Z,2026-07-11T21:29:37+0200,1d83aeba-7d53-466c-9cd8-cde3940d84cc,2026-07-08T01:00:00Z,2026-07-08T03:00:00+0200,517.36005,MW,FR,FR,forecast_offshore_wind_generation,Wind Offshore,2026-07-11T19:30:56Z
2026-07-11T19:29:37Z,2026-07-11T21:29:37+0200,1d83aeba-7d53-466c-9cd8-cde3940d84cc,2026-07-08T01:15:00Z,2026-07-08T03:15:00+0200,520.5,MW,FR,FR,forecast_offshore_wind_generation,Wind Offshore,2026-07-11T19:30:56Z
2026-07-11T19:29:37Z,2026-07-11T21:29:37+0200,1d83aeba-7d53-466c-9cd8-cde3940d84cc,2026-07-08T01:30:00Z,2026-07-08T03:30:00+0200,523.67004,MW,FR,FR,forecast_offshore_wind_generation,Wind Offshore,2026-07-11T19:30:56Z
2026-07-11T19:29:37Z,2026-07-11T21:29:37+0200,1d83aeba-7d53-466c-9cd8-cde3940d84cc,2026-07-08T01:45:00Z,2026-07-08T03:45:00+0200,526.81995,MW,FR,FR,forecast_offshore_wind_generation,Wind Offshore,2026-07-11T19:30:56Z
2026-07-11T19:29:37Z,2026-07-11T21:29:37+0200,1d83aeba-7d53-466c-9cd8-cde3940d84cc,2026-07-08T02:00:00Z,2026-07-08T04:00:00+0200,529.98004,MW,FR,FR,forecast_offshore_wind_generation,Wind Offshore,2026-07-11T19:30:56Z
2026-07-11T19:29:37Z,2026-07-11T21:29:37+0200,1d83aeba-7d53-466c-9cd8-cde3940d84cc,2026-07-08T02:15:00Z,2026-07-08T04:15:00+0200,519.78003,MW,FR,FR,forecast_offshore_wind_generation,Wind Offshore,2026-07-11T19:30:56Z
2026-07-11T19:29:37Z,2026-07-11T21:29:37+0200,1d83aeba-7d53-466c-9cd8-cde3940d84cc,2026-07-08T02:30:00Z,2026-07-08T04:30:00+0200,509.58002,MW,FR,FR,forecast_offshore_wind_generation,Wind Offshore,2026-07-11T19:30:56Z
2026-07-11T19:29:37Z,2026-07-11T21:29:37+0200,1d83aeba-7d53-466c-9cd8-cde3940d84cc,2026-07-08T02:45:00Z,2026-07-08T04:45:00+0200,499.38,MW,FR,FR,forecast_offshore_wind_generation,Wind Offshore,2026-07-11T19:30:56Z
2026-07-11T19:29:37Z,2026-07-11T21:29:37+0200,1d83aeba-7d53-466c-9cd8-cde3940d84cc,2026-07-08T03:00:00Z,2026-07-08T05:00:00+0200,489.20001,MW,FR,FR,forecast_offshore_wind_generation,Wind Offshore,2026-07-11T19:30:56Z
2026-07-11T19:29:37Z,2026-07-11T21:29:37+0200,1d83aeba-7d53-466c-9cd8-cde3940d84cc,2026-07-08T03:15:00Z,2026-07-08T05:15:00+0200,488.40002,MW,FR,FR,forecast_offshore_wind_generation,Wind Offshore,2026-07-11T19:30:56Z
2026-07-11T19:29:37Z,2026-07-11T21:29:37+0200,1d83aeba-7d53-466c-9cd8-cde3940d84cc,2026-07-08T03:30:00Z,2026-07-08T05:30:00+0200,487.63998,MW,FR,FR,forecast_offshore_wind_generation,Wind Offshore,2026-07-11T19:30:56Z
2026-07-11T19:29:37Z,2026-07-11T21:29:37+0200,1d83aeba-7d53-466c-9cd8-cde3940d84cc,2026-07-08T03:45:00Z,2026-07-08T05:45:00+0200,486.85001,MW,FR,FR,forecast_offshore_wind_generation,Wind Offshore,2026-07-11T19:30:56Z
2026-07-11T19:29:37Z,2026-07-11T21:29:37+0200,1d83aeba-7d53-466c-9cd8-cde3940d84cc,2026-07-08T04:00:00Z,2026-07-08T06:00:00+0200,486.04999,MW,FR,FR,forecast_offshore_wind_generation,Wind Offshore,2026-07-11T19:30:56Z
2026-07-11T19:29:37Z,2026-07-11T21:29:37+0200,1d83aeba-7d53-466c-9cd8-cde3940d84cc,2026-07-08T04:15:00Z,2026-07-08T06:15:00+0200,491.08997,MW,FR,FR,forecast_offshore_wind_generation,Wind Offshore,2026-07-11T19:30:56Z
2026-07-11T19:29:37Z,2026-07-11T21:29:37+0200,1d83aeba-7d53-466c-9cd8-cde3940d84cc,2026-07-08T04:30:00Z,2026-07-08T06:30:00+0200,496.12997,MW,FR,FR,forecast_offshore_wind_generation,Wind Offshore,2026-07-11T19:30:56Z
2026-07-11T19:29:37Z,2026-07-11T21:29:37+0200,1d83aeba-7d53-466c-9cd8-cde3940d84cc,2026-07-08T04:45:00Z,2026-07-08T06:45:00+0200,501.17001,MW,FR,FR,forecast_offshore_wind_generation,Wind Offshore,2026-07-11T19:30:56Z
2026-07-11T19:29:37Z,2026-07-11T21:29:37+0200,1d83aeba-7d53-466c-9cd8-cde3940d84cc,2026-07-08T05:00:00Z,2026-07-08T07:00:00+0200,506.20999,MW,FR,FR,forecast_offshore_wind_generation,Wind Offshore,2026-07-11T19:30:56Z
2026-07-11T19:29:37Z,2026-07-11T21:29:37+0200,1d83aeba-7d53-466c-9cd8-cde3940d84cc,2026-07-08T05:15:00Z,2026-07-08T07:15:00+0200,470.96002,MW,FR,FR,forecast_offshore_wind_generation,Wind Offshore,2026-07-11T19:30:56Z
2026-07-11T19:29:37Z,2026-07-11T21:29:37+0200,1d83aeba-7d53-466c-9cd8-cde3940d84cc,2026-07-08T05:30:00Z,2026-07-08T07:30:00+0200,435.67999,MW,FR,FR,forecast_offshore_wind_generation,Wind Offshore,2026-07-11T19:30:56Z
2026-07-11T19:29:37Z,2026-07-11T21:29:37+0200,1d83aeba-7d53-466c-9cd8-cde3940d84cc,2026-07-08T05:45:00Z,2026-07-08T07:45:00+0200,400.42001,MW,FR,FR,forecast_offshore_wind_generation,Wind Offshore,2026-07-11T19:30:56Z
2026-07-11T19:29:37Z,2026-07-11T21:29:37+0200,1d83aeba-7d53-466c-9cd8-cde3940d84cc,2026-07-08T06:00:00Z,2026-07-08T08:00:00+0200,365.17001,MW,FR,FR,forecast_offshore_wind_generation,Wind Offshore,2026-07-11T19:30:56Z
2026-07-11T19:29:37Z,2026-07-11T21:29:37+0200,1d83aeba-7d53-466c-9cd8-cde3940d84cc,2026-07-08T06:15:00Z,2026-07-08T08:15:00+0200,349.76999,MW,FR,FR,forecast_offshore_wind_generation,Wind Offshore,2026-07-11T19:30:56Z
2026-07-11T19:29:37Z,2026-07-11T21:29:37+0200,1d83aeba-7d53-466c-9cd8-cde3940d84cc,2026-07-08T06:30:00Z,2026-07-08T08:30:00+0200,334.38998,MW,FR,FR,forecast_offshore_wind_generation,Wind Offshore,2026-07-11T19:30:56Z
2026-07-11T19:29:37Z,2026-07-11T21:29:37+0200,1d83aeba-7d53-466c-9cd8-cde3940d84cc,2026-07-08T06:45:00Z,2026-07-08T08:45:00+0200,319.0,MW,FR,FR,forecast_offshore_wind_generation,Wind Offshore,2026-07-11T19:30:56Z
2026-07-11T19:29:37Z,2026-07-11T21:29:37+0200,1d83aeba-7d53-466c-9cd8-cde3940d84cc,2026-07-08T07:00:00Z,2026-07-08T09:00:00+0200,303.60004,MW,FR,FR,forecast_offshore_wind_generation,Wind Offshore,2026-07-11T19:30:56Z
2026-07-11T19:29:37Z,2026-07-11T21:29:37+0200,1d83aeba-7d53-466c-9cd8-cde3940d84cc,2026-07-08T07:15:00Z,2026-07-08T09:15:00+0200,281.62,MW,FR,FR,forecast_offshore_wind_generation,Wind Offshore,2026-07-11T19:30:56Z
2026-07-11T19:29:37Z,2026-07-11T21:29:37+0200,1d83aeba-7d53-466c-9cd8-cde3940d84cc,2026-07-08T07:30:00Z,2026-07-08T09:30:00+0200,259.63,MW,FR,FR,forecast_offshore_wind_generation,Wind Offshore,2026-07-11T19:30:56Z
2026-07-11T19:29:37Z,2026-07-11T21:29:37+0200,1d83aeba-7d53-466c-9cd8-cde3940d84cc,2026-07-08T07:45:00Z,2026-07-08T09:45:00+0200,237.64999,MW,FR,FR,forecast_offshore_wind_generation,Wind Offshore,2026-07-11T19:30:56Z
2026-07-11T19:29:37Z,2026-07-11T21:29:37+0200,1d83aeba-7d53-466c-9cd8-cde3940d84cc,2026-07-08T08:00:00Z,2026-07-08T10:00:00+0200,215.66,MW,FR,FR,forecast_offshore_wind_generation,Wind Offshore,2026-07-11T19:30:56Z
2026-07-11T19:29:37Z,2026-07-11T21:29:37+0200,1d83aeba-7d53-466c-9cd8-cde3940d84cc,2026-07-08T08:15:00Z,2026-07-08T10:15:00+0200,198.59999,MW,FR,FR,forecast_offshore_wind_generation,Wind Offshore,2026-07-11T19:30:56Z
2026-07-11T19:29:37Z,2026-07-11T21:29:37+0200,1d83aeba-7d53-466c-9cd8-cde3940d84cc,2026-07-08T08:30:00Z,2026-07-08T10:30:00+0200,181.56001,MW,FR,FR,forecast_offshore_wind_generation,Wind Offshore,2026-07-11T19:30:56Z
2026-07-11T19:29:37Z,2026-07-11T21:29:37+0200,1d83aeba-7d53-466c-9cd8-cde3940d84cc,2026-07-08T08:45:00Z,2026-07-08T10:45:00+0200,164.51001,MW,FR,FR,forecast_offshore_wind_generation,Wind Offshore,2026-07-11T19:30:56Z
2026-07-11T19:29:37Z,2026-07-11T21:29:37+0200,1d83aeba-7d53-466c-9cd8-cde3940d84cc,2026-07-08T09:00:00Z,2026-07-08T11:00:00+0200,147.45,MW,FR,FR,forecast_offshore_wind_generation,Wind Offshore,2026-07-11T19:30:56Z
2026-07-11T19:29:37Z,2026-07-11T21:29:37+0200,1d83aeba-7d53-466c-9cd8-cde3940d84cc,2026-07-08T09:15:00Z,2026-07-08T11:15:00+0200,138.48,MW,FR,FR,forecast_offshore_wind_generation,Wind Offshore,2026-07-11T19:30:56Z
2026-07-11T19:29:37Z,2026-07-11T21:29:37+0200,1d83aeba-7d53-466c-9cd8-cde3940d84cc,2026-07-08T09:30:00Z,2026-07-08T11:30:00+0200,129.51001,MW,FR,FR,forecast_offshore_wind_generation,Wind Offshore,2026-07-11T19:30:56Z
2026-07-11T19:29:37Z,2026-07-11T21:29:37+0200,1d83aeba-7d53-466c-9cd8-cde3940d84cc,2026-07-08T09:45:00Z,2026-07-08T11:45:00+0200,120.53,MW,FR,FR,forecast_offshore_wind_generation,Wind Offshore,2026-07-11T19:30:56Z
2026-07-11T19:29:37Z,2026-07-11T21:29:37+0200,1d83aeba-7d53-466c-9cd8-cde3940d84cc,2026-07-08T10:00:00Z,2026-07-08T12:00:00+0200,111.54001,MW,FR,FR,forecast_offshore_wind_generation,Wind Offshore,2026-07-11T19:30:56Z
2026-07-11T19:29:37Z,2026-07-11T21:29:37+0200,1d83aeba-7d53-466c-9cd8-cde3940d84cc,2026-07-08T10:15:00Z,2026-07-08T12:15:00+0200,104.66,MW,FR,FR,forecast_offshore_wind_generation,Wind Offshore,2026-07-11T19:30:56Z
2026-07-11T19:29:37Z,2026-07-11T21:29:37+0200,1d83aeba-7d53-466c-9cd8-cde3940d84cc,2026-07-08T10:30:00Z,2026-07-08T12:30:00+0200,97.77,MW,FR,FR,forecast_offshore_wind_generation,Wind Offshore,2026-07-11T19:30:56Z
2026-07-11T19:29:37Z,2026-07-11T21:29:37+0200,1d83aeba-7d53-466c-9cd8-cde3940d84cc,2026-07-08T10:45:00Z,2026-07-08T12:45:00+0200,90.89,MW,FR,FR,forecast_offshore_wind_generation,Wind Offshore,2026-07-11T19:30:56Z
2026-07-11T19:29:37Z,2026-07-11T21:29:37+0200,1d83aeba-7d53-466c-9cd8-cde3940d84cc,2026-07-08T11:00:00Z,2026-07-08T13:00:00+0200,84.00999,MW,FR,FR,forecast_offshore_wind_generation,Wind Offshore,2026-07-11T19:30:56Z
2026-07-11T19:29:37Z,2026-07-11T21:29:37+0200,1d83aeba-7d53-466c-9cd8-cde3940d84cc,2026-07-08T11:15:00Z,2026-07-08T13:15:00+0200,81.00999,MW,FR,FR,forecast_offshore_wind_generation,Wind Offshore,2026-07-11T19:30:56Z
2026-07-11T19:29:37Z,2026-07-11T21:29:37+0200,1d83aeba-7d53-466c-9cd8-cde3940d84cc,2026-07-08T11:30:00Z,2026-07-08T13:30:00+0200,78.00999,MW,FR,FR,forecast_offshore_wind_generation,Wind Offshore,2026-07-11T19:30:56Z
2026-07-11T19:29:37Z,2026-07-11T21:29:37+0200,1d83aeba-7d53-466c-9cd8-cde3940d84cc,2026-07-08T11:45:00Z,2026-07-08T13:45:00+0200,75.0,MW,FR,FR,forecast_offshore_wind_generation,Wind Offshore,2026-07-11T19:30:56Z
2026-07-11T19:29:37Z,2026-07-11T21:29:37+0200,1d83aeba-7d53-466c-9cd8-cde3940d84cc,2026-07-08T12:00:00Z,2026-07-08T14:00:00+0200,72.0,MW,FR,FR,forecast_offshore_wind_generation,Wind Offshore,2026-07-11T19:30:56Z
2026-07-11T19:29:37Z,2026-07-11T21:29:37+0200,1d83aeba-7d53-466c-9cd8-cde3940d84cc,2026-07-08T12:15:00Z,2026-07-08T14:15:00+0200,74.61,MW,FR,FR,forecast_offshore_wind_generation,Wind Offshore,2026-07-11T19:30:56Z
2026-07-11T19:29:37Z,2026-07-11T21:29:37+0200,1d83aeba-7d53-466c-9cd8-cde3940d84cc,2026-07-08T12:30:00Z,2026-07-08T14:30:00+0200,77.22,MW,FR,FR,forecast_offshore_wind_generation,Wind Offshore,2026-07-11T19:30:56Z
2026-07-11T19:29:37Z,2026-07-11T21:29:37+0200,1d83aeba-7d53-466c-9cd8-cde3940d84cc,2026-07-08T12:45:00Z,2026-07-08T14:45:00+0200,79.83,MW,FR,FR,forecast_offshore_wind_generation,Wind Offshore,2026-07-11T19:30:56Z
2026-07-11T19:29:37Z,2026-07-11T21:29:37+0200,1d83aeba-7d53-466c-9cd8-cde3940d84cc,2026-07-08T13:00:00Z,2026-07-08T15:00:00+0200,82.44,MW,FR,FR,forecast_offshore_wind_generation,Wind Offshore,2026-07-11T19:30:56Z
2026-07-11T19:29:37Z,2026-07-11T21:29:37+0200,1d83aeba-7d53-466c-9cd8-cde3940d84cc,2026-07-08T13:15:00Z,2026-07-08T15:15:00+0200,88.04001,MW,FR,FR,forecast_offshore_wind_generation,Wind Offshore,2026-07-11T19:30:56Z
2026-07-11T19:29:37Z,2026-07-11T21:29:37+0200,1d83aeba-7d53-466c-9cd8-cde3940d84cc,2026-07-08T13:30:00Z,2026-07-08T15:30:00+0200,93.62,MW,FR,FR,forecast_offshore_wind_generation,Wind Offshore,2026-07-11T19:30:56Z
2026-07-11T19:29:37Z,2026-07-11T21:29:37+0200,1d83aeba-7d53-466c-9cd8-cde3940d84cc,2026-07-08T13:45:00Z,2026-07-08T15:45:00+0200,99.21,MW,FR,FR,forecast_offshore_wind_generation,Wind Offshore,2026-07-11T19:30:56Z
2026-07-11T19:29:37Z,2026-07-11T21:29:37+0200,1d83aeba-7d53-466c-9cd8-cde3940d84cc,2026-07-08T14:00:00Z,2026-07-08T16:00:00+0200,104.8,MW,FR,FR,forecast_offshore_wind_generation,Wind Offshore,2026-07-11T19:30:56Z
2026-07-11T19:29:37Z,2026-07-11T21:29:37+0200,1d83aeba-7d53-466c-9cd8-cde3940d84cc,2026-07-08T14:15:00Z,2026-07-08T16:15:00+0200,107.44,MW,FR,FR,forecast_offshore_wind_generation,Wind Offshore,2026-07-11T19:30:56Z
2026-07-11T19:29:37Z,2026-07-11T21:29:37+0200,1d83aeba-7d53-466c-9cd8-cde3940d84cc,2026-07-08T14:30:00Z,2026-07-08T16:30:00+0200,110.06001,MW,FR,FR,forecast_offshore_wind_generation,Wind Offshore,2026-07-11T19:30:56Z
2026-07-11T19:29:37Z,2026-07-11T21:29:37+0200,1d83aeba-7d53-466c-9cd8-cde3940d84cc,2026-07-08T14:45:00Z,2026-07-08T16:45:00+0200,112.68,MW,FR,FR,forecast_offshore_wind_generation,Wind Offshore,2026-07-11T19:30:56Z
2026-07-11T19:29:37Z,2026-07-11T21:29:37+0200,1d83aeba-7d53-466c-9cd8-cde3940d84cc,2026-07-08T15:00:00Z,2026-07-08T17:00:00+0200,115.3,MW,FR,FR,forecast_offshore_wind_generation,Wind Offshore,2026-07-11T19:30:56Z
2026-07-11T19:29:37Z,2026-07-11T21:29:37+0200,1d83aeba-7d53-466c-9cd8-cde3940d84cc,2026-07-08T15:15:00Z,2026-07-08T17:15:00+0200,118.59999,MW,FR,FR,forecast_offshore_wind_generation,Wind Offshore,2026-07-11T19:30:56Z
2026-07-11T19:29:37Z,2026-07-11T21:29:37+0200,1d83aeba-7d53-466c-9cd8-cde3940d84cc,2026-07-08T15:30:00Z,2026-07-08T17:30:00+0200,121.88,MW,FR,FR,forecast_offshore_wind_generation,Wind Offshore,2026-07-11T19:30:56Z
2026-07-11T19:29:37Z,2026-07-11T21:29:37+0200,1d83aeba-7d53-466c-9cd8-cde3940d84cc,2026-07-08T15:45:00Z,2026-07-08T17:45:00+0200,125.17,MW,FR,FR,forecast_offshore_wind_generation,Wind Offshore,2026-07-11T19:30:56Z
2026-07-11T19:29:37Z,2026-07-11T21:29:37+0200,1d83aeba-7d53-466c-9cd8-cde3940d84cc,2026-07-08T16:00:00Z,2026-07-08T18:00:00+0200,128.45999,MW,FR,FR,forecast_offshore_wind_generation,Wind Offshore,2026-07-11T19:30:56Z
2026-07-11T19:29:37Z,2026-07-11T21:29:37+0200,1d83aeba-7d53-466c-9cd8-cde3940d84cc,2026-07-08T16:15:00Z,2026-07-08T18:15:00+0200,132.36,MW,FR,FR,forecast_offshore_wind_generation,Wind Offshore,2026-07-11T19:30:56Z
2026-07-11T19:29:37Z,2026-07-11T21:29:37+0200,1d83aeba-7d53-466c-9cd8-cde3940d84cc,2026-07-08T16:30:00Z,2026-07-08T18:30:00+0200,136.25,MW,FR,FR,forecast_offshore_wind_generation,Wind Offshore,2026-07-11T19:30:56Z
2026-07-11T19:29:37Z,2026-07-11T21:29:37+0200,1d83aeba-7d53-466c-9cd8-cde3940d84cc,2026-07-08T16:45:00Z,2026-07-08T18:45:00+0200,140.16,MW,FR,FR,forecast_offshore_wind_generation,Wind Offshore,2026-07-11T19:30:56Z
2026-07-11T19:29:37Z,2026-07-11T21:29:37+0200,1d83aeba-7d53-466c-9cd8-cde3940d84cc,2026-07-08T17:00:00Z,2026-07-08T19:00:00+0200,144.06999,MW,FR,FR,forecast_offshore_wind_generation,Wind Offshore,2026-07-11T19:30:56Z
2026-07-11T19:29:37Z,2026-07-11T21:29:37+0200,1d83aeba-7d53-466c-9cd8-cde3940d84cc,2026-07-08T17:15:00Z,2026-07-08T19:15:00+0200,145.54999,MW,FR,FR,forecast_offshore_wind_generation,Wind Offshore,2026-07-11T19:30:56Z
2026-07-11T19:29:37Z,2026-07-11T21:29:37+0200,1d83aeba-7d53-466c-9cd8-cde3940d84cc,2026-07-08T17:30:00Z,2026-07-08T19:30:00+0200,147.06,MW,FR,FR,forecast_offshore_wind_generation,Wind Offshore,2026-07-11T19:30:56Z
2026-07-11T19:29:37Z,2026-07-11T21:29:37+0200,1d83aeba-7d53-466c-9cd8-cde3940d84cc,2026-07-08T17:45:00Z,2026-07-08T19:45:00+0200,148.56,MW,FR,FR,forecast_offshore_wind_generation,Wind Offshore,2026-07-11T19:30:56Z
2026-07-11T19:29:37Z,2026-07-11T21:29:37+0200,1d83aeba-7d53-466c-9cd8-cde3940d84cc,2026-07-08T18:00:00Z,2026-07-08T20:00:00+0200,150.04999,MW,FR,FR,forecast_offshore_wind_generation,Wind Offshore,2026-07-11T19:30:56Z
2026-07-11T19:29:37Z,2026-07-11T21:29:37+0200,1d83aeba-7d53-466c-9cd8-cde3940d84cc,2026-07-08T18:15:00Z,2026-07-08T20:15:00+0200,158.32001,MW,FR,FR,forecast_offshore_wind_generation,Wind Offshore,2026-07-11T19:30:56Z
2026-07-11T19:29:37Z,2026-07-11T21:29:37+0200,1d83aeba-7d53-466c-9cd8-cde3940d84cc,2026-07-08T18:30:00Z,2026-07-08T20:30:00+0200,166.59,MW,FR,FR,forecast_offshore_wind_generation,Wind Offshore,2026-07-11T19:30:56Z
2026-07-11T19:29:37Z,2026-07-11T21:29:37+0200,1d83aeba-7d53-466c-9cd8-cde3940d84cc,2026-07-08T18:45:00Z,2026-07-08T20:45:00+0200,174.86,MW,FR,FR,forecast_offshore_wind_generation,Wind Offshore,2026-07-11T19:30:56Z
2026-07-11T19:29:37Z,2026-07-11T21:29:37+0200,1d83aeba-7d53-466c-9cd8-cde3940d84cc,2026-07-08T19:00:00Z,2026-07-08T21:00:00+0200,183.14999,MW,FR,FR,forecast_offshore_wind_generation,Wind Offshore,2026-07-11T19:30:56Z
2026-07-11T19:29:37Z,2026-07-11T21:29:37+0200,1d83aeba-7d53-466c-9cd8-cde3940d84cc,2026-07-08T19:15:00Z,2026-07-08T21:15:00+0200,202.90999,MW,FR,FR,forecast_offshore_wind_generation,Wind Offshore,2026-07-11T19:30:56Z
2026-07-11T19:29:37Z,2026-07-11T21:29:37+0200,1d83aeba-7d53-466c-9cd8-cde3940d84cc,2026-07-08T19:30:00Z,2026-07-08T21:30:00+0200,222.66,MW,FR,FR,forecast_offshore_wind_generation,Wind Offshore,2026-07-11T19:30:56Z
2026-07-11T19:29:37Z,2026-07-11T21:29:37+0200,1d83aeba-7d53-466c-9cd8-cde3940d84cc,2026-07-08T19:45:00Z,2026-07-08T21:45:00+0200,242.42001,MW,FR,FR,forecast_offshore_wind_generation,Wind Offshore,2026-07-11T19:30:56Z
2026-07-11T19:29:37Z,2026-07-11T21:29:37+0200,1d83aeba-7d53-466c-9cd8-cde3940d84cc,2026-07-08T20:00:00Z,2026-07-08T22:00:00+0200,262.17001,MW,FR,FR,forecast_offshore_wind_generation,Wind Offshore,2026-07-11T19:30:56Z
2026-07-11T19:29:37Z,2026-07-11T21:29:37+0200,1d83aeba-7d53-466c-9cd8-cde3940d84cc,2026-07-08T20:15:00Z,2026-07-08T22:15:00+0200,322.56,MW,FR,FR,forecast_offshore_wind_generation,Wind Offshore,2026-07-11T19:30:56Z
2026-07-11T19:29:37Z,2026-07-11T21:29:37+0200,1d83aeba-7d53-466c-9cd8-cde3940d84cc,2026-07-08T20:30:00Z,2026-07-08T22:30:00+0200,382.92999,MW,FR,FR,forecast_offshore_wind_generation,Wind Offshore,2026-07-11T19:30:56Z
2026-07-11T19:29:37Z,2026-07-11T21:29:37+0200,1d83aeba-7d53-466c-9cd8-cde3940d84cc,2026-07-08T20:45:00Z,2026-07-08T22:45:00+0200,443.31,MW,FR,FR,forecast_offshore_wind_generation,Wind Offshore,2026-07-11T19:30:56Z
2026-07-11T19:29:37Z,2026-07-11T21:29:37+0200,1d83aeba-7d53-466c-9cd8-cde3940d84cc,2026-07-08T21:00:00Z,2026-07-08T23:00:00+0200,503.69998,MW,FR,FR,forecast_offshore_wind_generation,Wind Offshore,2026-07-11T19:30:56Z
2026-07-11T19:29:37Z,2026-07-11T21:29:37+0200,1d83aeba-7d53-466c-9cd8-cde3940d84cc,2026-07-08T21:15:00Z,2026-07-08T23:15:00+0200,551.07996,MW,FR,FR,forecast_offshore_wind_generation,Wind Offshore,2026-07-11T19:30:56Z
2026-07-11T19:29:37Z,2026-07-11T21:29:37+0200,1d83aeba-7d53-466c-9cd8-cde3940d84cc,2026-07-08T21:30:00Z,2026-07-08T23:30:00+0200,598.51001,MW,FR,FR,forecast_offshore_wind_generation,Wind Offshore,2026-07-11T19:30:56Z
2026-07-11T19:29:37Z,2026-07-11T21:29:37+0200,1d83aeba-7d53-466c-9cd8-cde3940d84cc,2026-07-08T21:45:00Z,2026-07-08T23:45:00+0200,645.89001,MW,FR,FR,forecast_offshore_wind_generation,Wind Offshore,2026-07-11T19:30:56Z
2026-07-11T19:29:37Z,2026-07-11T21:29:37+0200,1d83aeba-7d53-466c-9cd8-cde3940d84cc,2026-07-08T22:00:00Z,2026-07-09T00:00:00+0200,463.47998,MW,FR,FR,forecast_offshore_wind_generation,Wind Offshore,2026-07-11T19:30:56Z
2026-07-11T19:29:37Z,2026-07-11T21:29:37+0200,1d83aeba-7d53-466c-9cd8-cde3940d84cc,2026-07-08T22:15:00Z,2026-07-09T00:15:00+0200,503.32001,MW,FR,FR,forecast_offshore_wind_generation,Wind Offshore,2026-07-11T19:30:56Z
2026-07-11T19:29:37Z,2026-07-11T21:29:37+0200,1d83aeba-7d53-466c-9cd8-cde3940d84cc,2026-07-08T22:30:00Z,2026-07-09T00:30:00+0200,543.17999,MW,FR,FR,forecast_offshore_wind_generation,Wind Offshore,2026-07-11T19:30:56Z
2026-07-11T19:29:37Z,2026-07-11T21:29:37+0200,1d83aeba-7d53-466c-9cd8-cde3940d84cc,2026-07-08T22:45:00Z,2026-07-09T00:45:00+0200,582.95001,MW,FR,FR,forecast_offshore_wind_generation,Wind Offshore,2026-07-11T19:30:56Z
2026-07-11T19:29:37Z,2026-07-11T21:29:37+0200,1d83aeba-7d53-466c-9cd8-cde3940d84cc,2026-07-08T23:00:00Z,2026-07-09T01:00:00+0200,622.71997,MW,FR,FR,forecast_offshore_wind_generation,Wind Offshore,2026-07-11T19:30:56Z
2026-07-11T19:29:37Z,2026-07-11T21:29:37+0200,1d83aeba-7d53-466c-9cd8-cde3940d84cc,2026-07-08T23:15:00Z,2026-07-09T01:15:00+0200,627.26996,MW,FR,FR,forecast_offshore_wind_generation,Wind Offshore,2026-07-11T19:30:56Z
2026-07-11T19:29:37Z,2026-07-11T21:29:37+0200,1d83aeba-7d53-466c-9cd8-cde3940d84cc,2026-07-08T23:30:00Z,2026-07-09T01:30:00+0200,631.81,MW,FR,FR,forecast_offshore_wind_generation,Wind Offshore,2026-07-11T19:30:56Z
2026-07-11T19:29:37Z,2026-07-11T21:29:37+0200,1d83aeba-7d53-466c-9cd8-cde3940d84cc,2026-07-08T23:45:00Z,2026-07-09T01:45:00+0200,636.32996,MW,FR,FR,forecast_offshore_wind_generation,Wind Offshore,2026-07-11T19:30:56Z
2026-07-11T19:29:37Z,2026-07-11T21:29:37+0200,1d83aeba-7d53-466c-9cd8-cde3940d84cc,2026-07-09T00:00:00Z,2026-07-09T02:00:00+0200,640.82001,MW,FR,FR,forecast_offshore_wind_generation,Wind Offshore,2026-07-11T19:30:56Z
2026-07-11T19:29:37Z,2026-07-11T21:29:37+0200,1d83aeba-7d53-466c-9cd8-cde3940d84cc,2026-07-09T00:15:00Z,2026-07-09T02:15:00+0200,635.92999,MW,FR,FR,forecast_offshore_wind_generation,Wind Offshore,2026-07-11T19:30:56Z
2026-07-11T19:29:37Z,2026-07-11T21:29:37+0200,1d83aeba-7d53-466c-9cd8-cde3940d84cc,2026-07-09T00:30:00Z,2026-07-09T02:30:00+0200,631.01001,MW,FR,FR,forecast_offshore_wind_generation,Wind Offshore,2026-07-11T19:30:56Z
2026-07-11T19:29:37Z,2026-07-11T21:29:37+0200,1d83aeba-7d53-466c-9cd8-cde3940d84cc,2026-07-09T00:45:00Z,2026-07-09T02:45:00+0200,626.10999,MW,FR,FR,forecast_offshore_wind_generation,Wind Offshore,2026-07-11T19:30:56Z
2026-07-11T19:29:37Z,2026-07-11T21:29:37+0200,1d83aeba-7d53-466c-9cd8-cde3940d84cc,2026-07-09T01:00:00Z,2026-07-09T03:00:00+0200,621.20001,MW,FR,FR,forecast_offshore_wind_generation,Wind Offshore,2026-07-11T19:30:56Z
2026-07-11T19:29:37Z,2026-07-11T21:29:37+0200,1d83aeba-7d53-466c-9cd8-cde3940d84cc,2026-07-09T01:15:00Z,2026-07-09T03:15:00+0200,617.75006,MW,FR,FR,forecast_offshore_wind_generation,Wind Offshore,2026-07-11T19:30:56Z
2026-07-11T19:29:37Z,2026-07-11T21:29:37+0200,1d83aeba-7d53-466c-9cd8-cde3940d84cc,2026-07-09T01:30:00Z,2026-07-09T03:30:00+0200,614.31,MW,FR,FR,forecast_offshore_wind_generation,Wind Offshore,2026-07-11T19:30:56Z
2026-07-11T19:29:37Z,2026-07-11T21:29:37+0200,1d83aeba-7d53-466c-9cd8-cde3940d84cc,2026-07-09T01:45:00Z,2026-07-09T03:45:00+0200,610.85999,MW,FR,FR,forecast_offshore_wind_generation,Wind Offshore,2026-07-11T19:30:56Z
2026-07-11T19:29:37Z,2026-07-11T21:29:37+0200,1d83aeba-7d53-466c-9cd8-cde3940d84cc,2026-07-09T02:00:00Z,2026-07-09T04:00:00+0200,607.42004,MW,FR,FR,forecast_offshore_wind_generation,Wind Offshore,2026-07-11T19:30:56Z
2026-07-11T19:29:37Z,2026-07-11T21:29:37+0200,1d83aeba-7d53-466c-9cd8-cde3940d84cc,2026-07-09T02:15:00Z,2026-07-09T04:15:00+0200,598.65997,MW,FR,FR,forecast_offshore_wind_generation,Wind Offshore,2026-07-11T19:30:56Z
2026-07-11T19:29:37Z,2026-07-11T21:29:37+0200,1d83aeba-7d53-466c-9cd8-cde3940d84cc,2026-07-09T02:30:00Z,2026-07-09T04:30:00+0200,589.88995,MW,FR,FR,forecast_offshore_wind_generation,Wind Offshore,2026-07-11T19:30:56Z
2026-07-11T19:29:37Z,2026-07-11T21:29:37+0200,1d83aeba-7d53-466c-9cd8-cde3940d84cc,2026-07-09T02:45:00Z,2026-07-09T04:45:00+0200,581.13,MW,FR,FR,forecast_offshore_wind_generation,Wind Offshore,2026-07-11T19:30:56Z
2026-07-11T19:29:37Z,2026-07-11T21:29:37+0200,1d83aeba-7d53-466c-9cd8-cde3940d84cc,2026-07-09T03:00:00Z,2026-07-09T05:00:00+0200,572.37,MW,FR,FR,forecast_offshore_wind_generation,Wind Offshore,2026-07-11T19:30:56Z
2026-07-11T19:29:37Z,2026-07-11T21:29:37+0200,1d83aeba-7d53-466c-9cd8-cde3940d84cc,2026-07-09T03:15:00Z,2026-07-09T05:15:00+0200,573.28998,MW,FR,FR,forecast_offshore_wind_generation,Wind Offshore,2026-07-11T19:30:56Z
2026-07-11T19:29:37Z,2026-07-11T21:29:37+0200,1d83aeba-7d53-466c-9cd8-cde3940d84cc,2026-07-09T03:30:00Z,2026-07-09T05:30:00+0200,574.22003,MW,FR,FR,forecast_offshore_wind_generation,Wind Offshore,2026-07-11T19:30:56Z
2026-07-11T19:29:37Z,2026-07-11T21:29:37+0200,1d83aeba-7d53-466c-9cd8-cde3940d84cc,2026-07-09T03:45:00Z,2026-07-09T05:45:00+0200,575.14996,MW,FR,FR,forecast_offshore_wind_generation,Wind Offshore,2026-07-11T19:30:56Z
2026-07-11T19:29:37Z,2026-07-11T21:29:37+0200,1d83aeba-7d53-466c-9cd8-cde3940d84cc,2026-07-09T04:00:00Z,2026-07-09T06:00:00+0200,576.06,MW,FR,FR,forecast_offshore_wind_generation,Wind Offshore,2026-07-11T19:30:56Z
2026-07-11T19:29:37Z,2026-07-11T21:29:37+0200,1d83aeba-7d53-466c-9cd8-cde3940d84cc,2026-07-09T04:15:00Z,2026-07-09T06:15:00+0200,568.37,MW,FR,FR,forecast_offshore_wind_generation,Wind Offshore,2026-07-11T19:30:56Z
2026-07-11T19:29:37Z,2026-07-11T21:29:37+0200,1d83aeba-7d53-466c-9cd8-cde3940d84cc,2026-07-09T04:30:00Z,2026-07-09T06:30:00+0200,560.70001,MW,FR,FR,forecast_offshore_wind_generation,Wind Offshore,2026-07-11T19:30:56Z
2026-07-11T19:29:37Z,2026-07-11T21:29:37+0200,1d83aeba-7d53-466c-9cd8-cde3940d84cc,2026-07-09T04:45:00Z,2026-07-09T06:45:00+0200,552.98999,MW,FR,FR,forecast_offshore_wind_generation,Wind Offshore,2026-07-11T19:30:56Z
2026-07-11T19:29:37Z,2026-07-11T21:29:37+0200,1d83aeba-7d53-466c-9cd8-cde3940d84cc,2026-07-09T05:00:00Z,2026-07-09T07:00:00+0200,545.29999,MW,FR,FR,forecast_offshore_wind_generation,Wind Offshore,2026-07-11T19:30:56Z
2026-07-11T19:29:37Z,2026-07-11T21:29:37+0200,1d83aeba-7d53-466c-9cd8-cde3940d84cc,2026-07-09T05:15:00Z,2026-07-09T07:15:00+0200,538.69,MW,FR,FR,forecast_offshore_wind_generation,Wind Offshore,2026-07-11T19:30:56Z
2026-07-11T19:29:37Z,2026-07-11T21:29:37+0200,1d83aeba-7d53-466c-9cd8-cde3940d84cc,2026-07-09T05:30:00Z,2026-07-09T07:30:00+0200,532.09003,MW,FR,FR,forecast_offshore_wind_generation,Wind Offshore,2026-07-11T19:30:56Z
2026-07-11T19:29:37Z,2026-07-11T21:29:37+0200,1d83aeba-7d53-466c-9cd8-cde3940d84cc,2026-07-09T05:45:00Z,2026-07-09T07:45:00+0200,525.46002,MW,FR,FR,forecast_offshore_wind_generation,Wind Offshore,2026-07-11T19:30:56Z
2026-07-11T19:29:37Z,2026-07-11T21:29:37+0200,1d83aeba-7d53-466c-9cd8-cde3940d84cc,2026-07-09T06:00:00Z,2026-07-09T08:00:00+0200,518.84003,MW,FR,FR,forecast_offshore_wind_generation,Wind Offshore,2026-07-11T19:30:56Z
2026-07-11T19:29:37Z,2026-07-11T21:29:37+0200,1d83aeba-7d53-466c-9cd8-cde3940d84cc,2026-07-09T06:15:00Z,2026-07-09T08:15:00+0200,507.03,MW,FR,FR,forecast_offshore_wind_generation,Wind Offshore,2026-07-11T19:30:56Z
2026-07-11T19:29:37Z,2026-07-11T21:29:37+0200,1d83aeba-7d53-466c-9cd8-cde3940d84cc,2026-07-09T06:30:00Z,2026-07-09T08:30:00+0200,495.22998,MW,FR,FR,forecast_offshore_wind_generation,Wind Offshore,2026-07-11T19:30:56Z
2026-07-11T19:29:37Z,2026-07-11T21:29:37+0200,1d83aeba-7d53-466c-9cd8-cde3940d84cc,2026-07-09T06:45:00Z,2026-07-09T08:45:00+0200,483.39999,MW,FR,FR,forecast_offshore_wind_generation,Wind Offshore,2026-07-11T19:30:56Z
2026-07-11T19:29:37Z,2026-07-11T21:29:37+0200,1d83aeba-7d53-466c-9cd8-cde3940d84cc,2026-07-09T07:00:00Z,2026-07-09T09:00:00+0200,471.59,MW,FR,FR,forecast_offshore_wind_generation,Wind Offshore,2026-07-11T19:30:56Z
2026-07-11T19:29:37Z,2026-07-11T21:29:37+0200,1d83aeba-7d53-466c-9cd8-cde3940d84cc,2026-07-09T07:15:00Z,2026-07-09T09:15:00+0200,434.66,MW,FR,FR,forecast_offshore_wind_generation,Wind Offshore,2026-07-11T19:30:56Z
2026-07-11T19:29:37Z,2026-07-11T21:29:37+0200,1d83aeba-7d53-466c-9cd8-cde3940d84cc,2026-07-09T07:30:00Z,2026-07-09T09:30:00+0200,397.71997,MW,FR,FR,forecast_offshore_wind_generation,Wind Offshore,2026-07-11T19:30:56Z
2026-07-11T19:29:37Z,2026-07-11T21:29:37+0200,1d83aeba-7d53-466c-9cd8-cde3940d84cc,2026-07-09T07:45:00Z,2026-07-09T09:45:00+0200,360.78,MW,FR,FR,forecast_offshore_wind_generation,Wind Offshore,2026-07-11T19:30:56Z
2026-07-11T19:29:37Z,2026-07-11T21:29:37+0200,1d83aeba-7d53-466c-9cd8-cde3940d84cc,2026-07-09T08:00:00Z,2026-07-09T10:00:00+0200,323.84003,MW,FR,FR,forecast_offshore_wind_generation,Wind Offshore,2026-07-11T19:30:56Z
2026-07-11T19:29:37Z,2026-07-11T21:29:37+0200,1d83aeba-7d53-466c-9cd8-cde3940d84cc,2026-07-09T08:15:00Z,2026-07-09T10:15:00+0200,294.05997,MW,FR,FR,forecast_offshore_wind_generation,Wind Offshore,2026-07-11T19:30:56Z
2026-07-11T19:29:37Z,2026-07-11T21:29:37+0200,1d83aeba-7d53-466c-9cd8-cde3940d84cc,2026-07-09T08:30:00Z,2026-07-09T10:30:00+0200,264.28003,MW,FR,FR,forecast_offshore_wind_generation,Wind Offshore,2026-07-11T19:30:56Z
2026-07-11T19:29:37Z,2026-07-11T21:29:37+0200,1d83aeba-7d53-466c-9cd8-cde3940d84cc,2026-07-09T08:45:00Z,2026-07-09T10:45:00+0200,234.48999,MW,FR,FR,forecast_offshore_wind_generation,Wind Offshore,2026-07-11T19:30:56Z
2026-07-11T19:29:37Z,2026-07-11T21:29:37+0200,1d83aeba-7d53-466c-9cd8-cde3940d84cc,2026-07-09T09:00:00Z,2026-07-09T11:00:00+0200,204.69,MW,FR,FR,forecast_offshore_wind_generation,Wind Offshore,2026-07-11T19:30:56Z
2026-07-11T19:29:37Z,2026-07-11T21:29:37+0200,1d83aeba-7d53-466c-9cd8-cde3940d84cc,2026-07-09T09:15:00Z,2026-07-09T11:15:00+0200,193.07999,MW,FR,FR,forecast_offshore_wind_generation,Wind Offshore,2026-07-11T19:30:56Z
2026-07-11T19:29:37Z,2026-07-11T21:29:37+0200,1d83aeba-7d53-466c-9cd8-cde3940d84cc,2026-07-09T09:30:00Z,2026-07-09T11:30:00+0200,181.45999,MW,FR,FR,forecast_offshore_wind_generation,Wind Offshore,2026-07-11T19:30:56Z
2026-07-11T19:29:37Z,2026-07-11T21:29:37+0200,1d83aeba-7d53-466c-9cd8-cde3940d84cc,2026-07-09T09:45:00Z,2026-07-09T11:45:00+0200,169.84,MW,FR,FR,forecast_offshore_wind_generation,Wind Offshore,2026-07-11T19:30:56Z
2026-07-11T19:29:37Z,2026-07-11T21:29:37+0200,1d83aeba-7d53-466c-9cd8-cde3940d84cc,2026-07-09T10:00:00Z,2026-07-09T12:00:00+0200,158.2,MW,FR,FR,forecast_offshore_wind_generation,Wind Offshore,2026-07-11T19:30:56Z
2026-07-11T19:29:37Z,2026-07-11T21:29:37+0200,1d83aeba-7d53-466c-9cd8-cde3940d84cc,2026-07-09T10:15:00Z,2026-07-09T12:15:00+0200,156.39,MW,FR,FR,forecast_offshore_wind_generation,Wind Offshore,2026-07-11T19:30:56Z
2026-07-11T19:29:37Z,2026-07-11T21:29:37+0200,1d83aeba-7d53-466c-9cd8-cde3940d84cc,2026-07-09T10:30:00Z,2026-07-09T12:30:00+0200,154.58,MW,FR,FR,forecast_offshore_wind_generation,Wind Offshore,2026-07-11T19:30:56Z
2026-07-11T19:29:37Z,2026-07-11T21:29:37+0200,1d83aeba-7d53-466c-9cd8-cde3940d84cc,2026-07-09T10:45:00Z,2026-07-09T12:45:00+0200,152.75999,MW,FR,FR,forecast_offshore_wind_generation,Wind Offshore,2026-07-11T19:30:56Z
2026-07-11T19:29:37Z,2026-07-11T21:29:37+0200,1d83aeba-7d53-466c-9cd8-cde3940d84cc,2026-07-09T11:00:00Z,2026-07-09T13:00:00+0200,150.96001,MW,FR,FR,forecast_offshore_wind_generation,Wind Offshore,2026-07-11T19:30:56Z
2026-07-11T19:29:37Z,2026-07-11T21:29:37+0200,1d83aeba-7d53-466c-9cd8-cde3940d84cc,2026-07-09T11:15:00Z,2026-07-09T13:15:00+0200,158.20999,MW,FR,FR,forecast_offshore_wind_generation,Wind Offshore,2026-07-11T19:30:56Z
2026-07-11T19:29:37Z,2026-07-11T21:29:37+0200,1d83aeba-7d53-466c-9cd8-cde3940d84cc,2026-07-09T11:30:00Z,2026-07-09T13:30:00+0200,165.45999,MW,FR,FR,forecast_offshore_wind_generation,Wind Offshore,2026-07-11T19:30:56Z
2026-07-11T19:29:37Z,2026-07-11T21:29:37+0200,1d83aeba-7d53-466c-9cd8-cde3940d84cc,2026-07-09T11:45:00Z,2026-07-09T13:45:00+0200,172.72,MW,FR,FR,forecast_offshore_wind_generation,Wind Offshore,2026-07-11T19:30:56Z
2026-07-11T19:29:37Z,2026-07-11T21:29:37+0200,1d83aeba-7d53-466c-9cd8-cde3940d84cc,2026-07-09T12:00:00Z,2026-07-09T14:00:00+0200,179.96999,MW,FR,FR,forecast_offshore_wind_generation,Wind Offshore,2026-07-11T19:30:56Z
2026-07-11T19:29:37Z,2026-07-11T21:29:37+0200,1d83aeba-7d53-466c-9cd8-cde3940d84cc,2026-07-09T12:15:00Z,2026-07-09T14:15:00+0200,196.26001,MW,FR,FR,forecast_offshore_wind_generation,Wind Offshore,2026-07-11T19:30:56Z
2026-07-11T19:29:37Z,2026-07-11T21:29:37+0200,1d83aeba-7d53-466c-9cd8-cde3940d84cc,2026-07-09T12:30:00Z,2026-07-09T14:30:00+0200,212.53998,MW,FR,FR,forecast_offshore_wind_generation,Wind Offshore,2026-07-11T19:30:56Z
2026-07-11T19:29:37Z,2026-07-11T21:29:37+0200,1d83aeba-7d53-466c-9cd8-cde3940d84cc,2026-07-09T12:45:00Z,2026-07-09T14:45:00+0200,228.81999,MW,FR,FR,forecast_offshore_wind_generation,Wind Offshore,2026-07-11T19:30:56Z
2026-07-11T19:29:37Z,2026-07-11T21:29:37+0200,1d83aeba-7d53-466c-9cd8-cde3940d84cc,2026-07-09T13:00:00Z,2026-07-09T15:00:00+0200,245.12,MW,FR,FR,forecast_offshore_wind_generation,Wind Offshore,2026-07-11T19:30:56Z
2026-07-11T19:29:37Z,2026-07-11T21:29:37+0200,1d83aeba-7d53-466c-9cd8-cde3940d84cc,2026-07-09T13:15:00Z,2026-07-09T15:15:00+0200,266.29999,MW,FR,FR,forecast_offshore_wind_generation,Wind Offshore,2026-07-11T19:30:56Z
2026-07-11T19:29:37Z,2026-07-11T21:29:37+0200,1d83aeba-7d53-466c-9cd8-cde3940d84cc,2026-07-09T13:30:00Z,2026-07-09T15:30:00+0200,287.48001,MW,FR,FR,forecast_offshore_wind_generation,Wind Offshore,2026-07-11T19:30:56Z
2026-07-11T19:29:37Z,2026-07-11T21:29:37+0200,1d83aeba-7d53-466c-9cd8-cde3940d84cc,2026-07-09T13:45:00Z,2026-07-09T15:45:00+0200,308.67999,MW,FR,FR,forecast_offshore_wind_generation,Wind Offshore,2026-07-11T19:30:56Z
2026-07-11T19:29:37Z,2026-07-11T21:29:37+0200,1d83aeba-7d53-466c-9cd8-cde3940d84cc,2026-07-09T14:00:00Z,2026-07-09T16:00:00+0200,329.87997,MW,FR,FR,forecast_offshore_wind_generation,Wind Offshore,2026-07-11T19:30:56Z
2026-07-11T19:29:37Z,2026-07-11T21:29:37+0200,1d83aeba-7d53-466c-9cd8-cde3940d84cc,2026-07-09T14:15:00Z,2026-07-09T16:15:00+0200,356.81,MW,FR,FR,forecast_offshore_wind_generation,Wind Offshore,2026-07-11T19:30:56Z
2026-07-11T19:29:37Z,2026-07-11T21:29:37+0200,1d83aeba-7d53-466c-9cd8-cde3940d84cc,2026-07-09T14:30:00Z,2026-07-09T16:30:00+0200,383.72998,MW,FR,FR,forecast_offshore_wind_generation,Wind Offshore,2026-07-11T19:30:56Z
2026-07-11T19:29:37Z,2026-07-11T21:29:37+0200,1d83aeba-7d53-466c-9cd8-cde3940d84cc,2026-07-09T14:45:00Z,2026-07-09T16:45:00+0200,410.67004,MW,FR,FR,forecast_offshore_wind_generation,Wind Offshore,2026-07-11T19:30:56Z
2026-07-11T19:29:37Z,2026-07-11T21:29:37+0200,1d83aeba-7d53-466c-9cd8-cde3940d84cc,2026-07-09T15:00:00Z,2026-07-09T17:00:00+0200,437.59,MW,FR,FR,forecast_offshore_wind_generation,Wind Offshore,2026-07-11T19:30:56Z
2026-07-11T19:29:37Z,2026-07-11T21:29:37+0200,1d83aeba-7d53-466c-9cd8-cde3940d84cc,2026-07-09T15:15:00Z,2026-07-09T17:15:00+0200,467.41998,MW,FR,FR,forecast_offshore_wind_generation,Wind Offshore,2026-07-11T19:30:56Z
2026-07-11T19:29:37Z,2026-07-11T21:29:37+0200,1d83aeba-7d53-466c-9cd8-cde3940d84cc,2026-07-09T15:30:00Z,2026-07-09T17:30:00+0200,497.26001,MW,FR,FR,forecast_offshore_wind_generation,Wind Offshore,2026-07-11T19:30:56Z
2026-07-11T19:29:37Z,2026-07-11T21:29:37+0200,1d83aeba-7d53-466c-9cd8-cde3940d84cc,2026-07-09T15:45:00Z,2026-07-09T17:45:00+0200,527.10999,MW,FR,FR,forecast_offshore_wind_generation,Wind Offshore,2026-07-11T19:30:56Z
2026-07-11T19:29:37Z,2026-07-11T21:29:37+0200,1d83aeba-7d53-466c-9cd8-cde3940d84cc,2026-07-09T16:00:00Z,2026-07-09T18:00:00+0200,556.96002,MW,FR,FR,forecast_offshore_wind_generation,Wind Offshore,2026-07-11T19:30:56Z
2026-07-11T19:29:37Z,2026-07-11T21:29:37+0200,1d83aeba-7d53-466c-9cd8-cde3940d84cc,2026-07-09T16:15:00Z,2026-07-09T18:15:00+0200,575.59003,MW,FR,FR,forecast_offshore_wind_generation,Wind Offshore,2026-07-11T19:30:56Z
2026-07-11T19:29:37Z,2026-07-11T21:29:37+0200,1d83aeba-7d53-466c-9cd8-cde3940d84cc,2026-07-09T16:30:00Z,2026-07-09T18:30:00+0200,594.20996,MW,FR,FR,forecast_offshore_wind_generation,Wind Offshore,2026-07-11T19:30:56Z
2026-07-11T19:29:37Z,2026-07-11T21:29:37+0200,1d83aeba-7d53-466c-9cd8-cde3940d84cc,2026-07-09T16:45:00Z,2026-07-09T18:45:00+0200,612.84998,MW,FR,FR,forecast_offshore_wind_generation,Wind Offshore,2026-07-11T19:30:56Z
2026-07-11T19:29:37Z,2026-07-11T21:29:37+0200,1d83aeba-7d53-466c-9cd8-cde3940d84cc,2026-07-09T17:00:00Z,2026-07-09T19:00:00+0200,631.48999,MW,FR,FR,forecast_offshore_wind_generation,Wind Offshore,2026-07-11T19:30:56Z
2026-07-11T19:29:37Z,2026-07-11T21:29:37+0200,1d83aeba-7d53-466c-9cd8-cde3940d84cc,2026-07-09T17:15:00Z,2026-07-09T19:15:00+0200,652.85004,MW,FR,FR,forecast_offshore_wind_generation,Wind Offshore,2026-07-11T19:30:56Z
2026-07-11T19:29:37Z,2026-07-11T21:29:37+0200,1d83aeba-7d53-466c-9cd8-cde3940d84cc,2026-07-09T17:30:00Z,2026-07-09T19:30:00+0200,674.17993,MW,FR,FR,forecast_offshore_wind_generation,Wind Offshore,2026-07-11T19:30:56Z
2026-07-11T19:29:37Z,2026-07-11T21:29:37+0200,1d83aeba-7d53-466c-9cd8-cde3940d84cc,2026-07-09T17:45:00Z,2026-07-09T19:45:00+0200,695.53998,MW,FR,FR,forecast_offshore_wind_generation,Wind Offshore,2026-07-11T19:30:56Z
2026-07-11T19:29:37Z,2026-07-11T21:29:37+0200,1d83aeba-7d53-466c-9cd8-cde3940d84cc,2026-07-09T18:00:00Z,2026-07-09T20:00:00+0200,716.91003,MW,FR,FR,forecast_offshore_wind_generation,Wind Offshore,2026-07-11T19:30:56Z
2026-07-11T19:29:37Z,2026-07-11T21:29:37+0200,1d83aeba-7d53-466c-9cd8-cde3940d84cc,2026-07-09T18:15:00Z,2026-07-09T20:15:00+0200,714.56006,MW,FR,FR,forecast_offshore_wind_generation,Wind Offshore,2026-07-11T19:30:56Z
2026-07-11T19:29:37Z,2026-07-11T21:29:37+0200,1d83aeba-7d53-466c-9cd8-cde3940d84cc,2026-07-09T18:30:00Z,2026-07-09T20:30:00+0200,712.21002,MW,FR,FR,forecast_offshore_wind_generation,Wind Offshore,2026-07-11T19:30:56Z
2026-07-11T19:29:37Z,2026-07-11T21:29:37+0200,1d83aeba-7d53-466c-9cd8-cde3940d84cc,2026-07-09T18:45:00Z,2026-07-09T20:45:00+0200,709.85999,MW,FR,FR,forecast_offshore_wind_generation,Wind Offshore,2026-07-11T19:30:56Z
2026-07-11T19:29:37Z,2026-07-11T21:29:37+0200,1d83aeba-7d53-466c-9cd8-cde3940d84cc,2026-07-09T19:00:00Z,2026-07-09T21:00:00+0200,707.51996,MW,FR,FR,forecast_offshore_wind_generation,Wind Offshore,2026-07-11T19:30:56Z
2026-07-11T19:29:37Z,2026-07-11T21:29:37+0200,1d83aeba-7d53-466c-9cd8-cde3940d84cc,2026-07-09T19:15:00Z,2026-07-09T21:15:00+0200,736.90997,MW,FR,FR,forecast_offshore_wind_generation,Wind Offshore,2026-07-11T19:30:56Z
2026-07-11T19:29:37Z,2026-07-11T21:29:37+0200,1d83aeba-7d53-466c-9cd8-cde3940d84cc,2026-07-09T19:30:00Z,2026-07-09T21:30:00+0200,766.31006,MW,FR,FR,forecast_offshore_wind_generation,Wind Offshore,2026-07-11T19:30:56Z
2026-07-11T19:29:37Z,2026-07-11T21:29:37+0200,1d83aeba-7d53-466c-9cd8-cde3940d84cc,2026-07-09T19:45:00Z,2026-07-09T21:45:00+0200,795.70996,MW,FR,FR,forecast_offshore_wind_generation,Wind Offshore,2026-07-11T19:30:56Z
2026-07-11T19:29:37Z,2026-07-11T21:29:37+0200,1d83aeba-7d53-466c-9cd8-cde3940d84cc,2026-07-09T20:00:00Z,2026-07-09T22:00:00+0200,825.09003,MW,FR,FR,forecast_offshore_wind_generation,Wind Offshore,2026-07-11T19:30:56Z
2026-07-11T19:29:37Z,2026-07-11T21:29:37+0200,1d83aeba-7d53-466c-9cd8-cde3940d84cc,2026-07-09T20:15:00Z,2026-07-09T22:15:00+0200,855.69995,MW,FR,FR,forecast_offshore_wind_generation,Wind Offshore,2026-07-11T19:30:56Z
2026-07-11T19:29:37Z,2026-07-11T21:29:37+0200,1d83aeba-7d53-466c-9cd8-cde3940d84cc,2026-07-09T20:30:00Z,2026-07-09T22:30:00+0200,886.29999,MW,FR,FR,forecast_offshore_wind_generation,Wind Offshore,2026-07-11T19:30:56Z
2026-07-11T19:29:37Z,2026-07-11T21:29:37+0200,1d83aeba-7d53-466c-9cd8-cde3940d84cc,2026-07-09T20:45:00Z,2026-07-09T22:45:00+0200,916.88,MW,FR,FR,forecast_offshore_wind_generation,Wind Offshore,2026-07-11T19:30:56Z
2026-07-11T19:29:37Z,2026-07-11T21:29:37+0200,1d83aeba-7d53-466c-9cd8-cde3940d84cc,2026-07-09T21:00:00Z,2026-07-09T23:00:00+0200,947.47003,MW,FR,FR,forecast_offshore_wind_generation,Wind Offshore,2026-07-11T19:30:56Z
2026-07-11T19:29:37Z,2026-07-11T21:29:37+0200,1d83aeba-7d53-466c-9cd8-cde3940d84cc,2026-07-09T21:15:00Z,2026-07-09T23:15:00+0200,962.62,MW,FR,FR,forecast_offshore_wind_generation,Wind Offshore,2026-07-11T19:30:56Z
2026-07-11T19:29:37Z,2026-07-11T21:29:37+0200,1d83aeba-7d53-466c-9cd8-cde3940d84cc,2026-07-09T21:30:00Z,2026-07-09T23:30:00+0200,977.76001,MW,FR,FR,forecast_offshore_wind_generation,Wind Offshore,2026-07-11T19:30:56Z
2026-07-11T19:29:37Z,2026-07-11T21:29:37+0200,1d83aeba-7d53-466c-9cd8-cde3940d84cc,2026-07-09T21:45:00Z,2026-07-09T23:45:00+0200,992.88,MW,FR,FR,forecast_offshore_wind_generation,Wind Offshore,2026-07-11T19:30:56Z
2026-07-11T19:29:37Z,2026-07-11T21:29:37+0200,1d83aeba-7d53-466c-9cd8-cde3940d84cc,2026-07-09T22:00:00Z,2026-07-10T00:00:00+0200,848.97998,MW,FR,FR,forecast_offshore_wind_generation,Wind Offshore,2026-07-11T19:30:56Z
2026-07-11T19:29:37Z,2026-07-11T21:29:37+0200,1d83aeba-7d53-466c-9cd8-cde3940d84cc,2026-07-09T22:15:00Z,2026-07-10T00:15:00+0200,832.17004,MW,FR,FR,forecast_offshore_wind_generation,Wind Offshore,2026-07-11T19:30:56Z
2026-07-11T19:29:37Z,2026-07-11T21:29:37+0200,1d83aeba-7d53-466c-9cd8-cde3940d84cc,2026-07-09T22:30:00Z,2026-07-10T00:30:00+0200,815.35999,MW,FR,FR,forecast_offshore_wind_generation,Wind Offshore,2026-07-11T19:30:56Z
2026-07-11T19:29:37Z,2026-07-11T21:29:37+0200,1d83aeba-7d53-466c-9cd8-cde3940d84cc,2026-07-09T22:45:00Z,2026-07-10T00:45:00+0200,798.45001,MW,FR,FR,forecast_offshore_wind_generation,Wind Offshore,2026-07-11T19:30:56Z
2026-07-11T19:29:37Z,2026-07-11T21:29:37+0200,1d83aeba-7d53-466c-9cd8-cde3940d84cc,2026-07-09T23:00:00Z,2026-07-10T01:00:00+0200,781.53998,MW,FR,FR,forecast_offshore_wind_generation,Wind Offshore,2026-07-11T19:30:56Z
2026-07-11T19:29:37Z,2026-07-11T21:29:37+0200,1d83aeba-7d53-466c-9cd8-cde3940d84cc,2026-07-09T23:15:00Z,2026-07-10T01:15:00+0200,772.44995,MW,FR,FR,forecast_offshore_wind_generation,Wind Offshore,2026-07-11T19:30:56Z
2026-07-11T19:29:37Z,2026-07-11T21:29:37+0200,1d83aeba-7d53-466c-9cd8-cde3940d84cc,2026-07-09T23:30:00Z,2026-07-10T01:30:00+0200,763.34998,MW,FR,FR,forecast_offshore_wind_generation,Wind Offshore,2026-07-11T19:30:56Z
2026-07-11T19:29:37Z,2026-07-11T21:29:37+0200,1d83aeba-7d53-466c-9cd8-cde3940d84cc,2026-07-09T23:45:00Z,2026-07-10T01:45:00+0200,754.25,MW,FR,FR,forecast_offshore_wind_generation,Wind Offshore,2026-07-11T19:30:56Z
2026-07-11T19:29:37Z,2026-07-11T21:29:37+0200,1d83aeba-7d53-466c-9cd8-cde3940d84cc,2026-07-10T00:00:00Z,2026-07-10T02:00:00+0200,745.19,MW,FR,FR,forecast_offshore_wind_generation,Wind Offshore,2026-07-11T19:30:56Z
2026-07-11T19:29:37Z,2026-07-11T21:29:37+0200,1d83aeba-7d53-466c-9cd8-cde3940d84cc,2026-07-10T00:15:00Z,2026-07-10T02:15:00+0200,726.16003,MW,FR,FR,forecast_offshore_wind_generation,Wind Offshore,2026-07-11T19:30:56Z
2026-07-11T19:29:37Z,2026-07-11T21:29:37+0200,1d83aeba-7d53-466c-9cd8-cde3940d84cc,2026-07-10T00:30:00Z,2026-07-10T02:30:00+0200,707.13995,MW,FR,FR,forecast_offshore_wind_generation,Wind Offshore,2026-07-11T19:30:56Z
2026-07-11T19:29:37Z,2026-07-11T21:29:37+0200,1d83aeba-7d53-466c-9cd8-cde3940d84cc,2026-07-10T00:45:00Z,2026-07-10T02:45:00+0200,688.10999,MW,FR,FR,forecast_offshore_wind_generation,Wind Offshore,2026-07-11T19:30:56Z
2026-07-11T19:29:37Z,2026-07-11T21:29:37+0200,1d83aeba-7d53-466c-9cd8-cde3940d84cc,2026-07-10T01:00:00Z,2026-07-10T03:00:00+0200,669.09003,MW,FR,FR,forecast_offshore_wind_generation,Wind Offshore,2026-07-11T19:30:56Z
2026-07-11T19:29:37Z,2026-07-11T21:29:37+0200,1d83aeba-7d53-466c-9cd8-cde3940d84cc,2026-07-10T01:15:00Z,2026-07-10T03:15:00+0200,656.45996,MW,FR,FR,forecast_offshore_wind_generation,Wind Offshore,2026-07-11T19:30:56Z
2026-07-11T19:29:37Z,2026-07-11T21:29:37+0200,1d83aeba-7d53-466c-9cd8-cde3940d84cc,2026-07-10T01:30:00Z,2026-07-10T03:30:00+0200,643.83002,MW,FR,FR,forecast_offshore_wind_generation,Wind Offshore,2026-07-11T19:30:56Z
2026-07-11T19:29:37Z,2026-07-11T21:29:37+0200,1d83aeba-7d53-466c-9cd8-cde3940d84cc,2026-07-10T01:45:00Z,2026-07-10T03:45:00+0200,631.21002,MW,FR,FR,forecast_offshore_wind_generation,Wind Offshore,2026-07-11T19:30:56Z
2026-07-11T19:29:37Z,2026-07-11T21:29:37+0200,1d83aeba-7d53-466c-9cd8-cde3940d84cc,2026-07-10T02:00:00Z,2026-07-10T04:00:00+0200,618.58008,MW,FR,FR,forecast_offshore_wind_generation,Wind Offshore,2026-07-11T19:30:56Z
2026-07-11T19:29:37Z,2026-07-11T21:29:37+0200,1d83aeba-7d53-466c-9cd8-cde3940d84cc,2026-07-10T02:15:00Z,2026-07-10T04:15:00+0200,619.03003,MW,FR,FR,forecast_offshore_wind_generation,Wind Offshore,2026-07-11T19:30:56Z
2026-07-11T19:29:37Z,2026-07-11T21:29:37+0200,1d83aeba-7d53-466c-9cd8-cde3940d84cc,2026-07-10T02:30:00Z,2026-07-10T04:30:00+0200,619.5,MW,FR,FR,forecast_offshore_wind_generation,Wind Offshore,2026-07-11T19:30:56Z
2026-07-11T19:29:37Z,2026-07-11T21:29:37+0200,1d83aeba-7d53-466c-9cd8-cde3940d84cc,2026-07-10T02:45:00Z,2026-07-10T04:45:00+0200,619.95996,MW,FR,FR,forecast_offshore_wind_generation,Wind Offshore,2026-07-11T19:30:56Z
2026-07-11T19:29:37Z,2026-07-11T21:29:37+0200,1d83aeba-7d53-466c-9cd8-cde3940d84cc,2026-07-10T03:00:00Z,2026-07-10T05:00:00+0200,620.41998,MW,FR,FR,forecast_offshore_wind_generation,Wind Offshore,2026-07-11T19:30:56Z
2026-07-11T19:29:37Z,2026-07-11T21:29:37+0200,1d83aeba-7d53-466c-9cd8-cde3940d84cc,2026-07-10T03:15:00Z,2026-07-10T05:15:00+0200,641.5199,MW,FR,FR,forecast_offshore_wind_generation,Wind Offshore,2026-07-11T19:30:56Z
2026-07-11T19:29:37Z,2026-07-11T21:29:37+0200,1d83aeba-7d53-466c-9cd8-cde3940d84cc,2026-07-10T03:30:00Z,2026-07-10T05:30:00+0200,662.64001,MW,FR,FR,forecast_offshore_wind_generation,Wind Offshore,2026-07-11T19:30:56Z
2026-07-11T19:29:37Z,2026-07-11T21:29:37+0200,1d83aeba-7d53-466c-9cd8-cde3940d84cc,2026-07-10T03:45:00Z,2026-07-10T05:45:00+0200,683.72998,MW,FR,FR,forecast_offshore_wind_generation,Wind Offshore,2026-07-11T19:30:56Z
2026-07-11T19:29:37Z,2026-07-11T21:29:37+0200,1d83aeba-7d53-466c-9cd8-cde3940d84cc,2026-07-10T04:00:00Z,2026-07-10T06:00:00+0200,704.82007,MW,FR,FR,forecast_offshore_wind_generation,Wind Offshore,2026-07-11T19:30:56Z
2026-07-11T19:29:37Z,2026-07-11T21:29:37+0200,1d83aeba-7d53-466c-9cd8-cde3940d84cc,2026-07-10T04:15:00Z,2026-07-10T06:15:00+0200,708.07996,MW,FR,FR,forecast_offshore_wind_generation,Wind Offshore,2026-07-11T19:30:56Z
2026-07-11T19:29:37Z,2026-07-11T21:29:37+0200,1d83aeba-7d53-466c-9cd8-cde3940d84cc,2026-07-10T04:30:00Z,2026-07-10T06:30:00+0200,711.33002,MW,FR,FR,forecast_offshore_wind_generation,Wind Offshore,2026-07-11T19:30:56Z
2026-07-11T19:29:37Z,2026-07-11T21:29:37+0200,1d83aeba-7d53-466c-9cd8-cde3940d84cc,2026-07-10T04:45:00Z,2026-07-10T06:45:00+0200,714.55994,MW,FR,FR,forecast_offshore_wind_generation,Wind Offshore,2026-07-11T19:30:56Z
2026-07-11T19:29:37Z,2026-07-11T21:29:37+0200,1d83aeba-7d53-466c-9cd8-cde3940d84cc,2026-07-10T05:00:00Z,2026-07-10T07:00:00+0200,717.77997,MW,FR,FR,forecast_offshore_wind_generation,Wind Offshore,2026-07-11T19:30:56Z
2026-07-11T19:29:37Z,2026-07-11T21:29:37+0200,1d83aeba-7d53-466c-9cd8-cde3940d84cc,2026-07-10T05:15:00Z,2026-07-10T07:15:00+0200,701.73999,MW,FR,FR,forecast_offshore_wind_generation,Wind Offshore,2026-07-11T19:30:56Z
2026-07-11T19:29:37Z,2026-07-11T21:29:37+0200,1d83aeba-7d53-466c-9cd8-cde3940d84cc,2026-07-10T05:30:00Z,2026-07-10T07:30:00+0200,685.71997,MW,FR,FR,forecast_offshore_wind_generation,Wind Offshore,2026-07-11T19:30:56Z
2026-07-11T19:29:37Z,2026-07-11T21:29:37+0200,1d83aeba-7d53-466c-9cd8-cde3940d84cc,2026-07-10T05:45:00Z,2026-07-10T07:45:00+0200,669.67004,MW,FR,FR,forecast_offshore_wind_generation,Wind Offshore,2026-07-11T19:30:56Z
2026-07-11T19:29:37Z,2026-07-11T21:29:37+0200,1d83aeba-7d53-466c-9cd8-cde3940d84cc,2026-07-10T06:00:00Z,2026-07-10T08:00:00+0200,653.62,MW,FR,FR,forecast_offshore_wind_generation,Wind Offshore,2026-07-11T19:30:56Z
2026-07-11T19:29:37Z,2026-07-11T21:29:37+0200,1d83aeba-7d53-466c-9cd8-cde3940d84cc,2026-07-10T06:15:00Z,2026-07-10T08:15:00+0200,648.97998,MW,FR,FR,forecast_offshore_wind_generation,Wind Offshore,2026-07-11T19:30:56Z
2026-07-11T19:29:37Z,2026-07-11T21:29:37+0200,1d83aeba-7d53-466c-9cd8-cde3940d84cc,2026-07-10T06:30:00Z,2026-07-10T08:30:00+0200,644.34003,MW,FR,FR,forecast_offshore_wind_generation,Wind Offshore,2026-07-11T19:30:56Z
2026-07-11T19:29:37Z,2026-07-11T21:29:37+0200,1d83aeba-7d53-466c-9cd8-cde3940d84cc,2026-07-10T06:45:00Z,2026-07-10T08:45:00+0200,639.68005,MW,FR,FR,forecast_offshore_wind_generation,Wind Offshore,2026-07-11T19:30:56Z
2026-07-11T19:29:37Z,2026-07-11T21:29:37+0200,1d83aeba-7d53-466c-9cd8-cde3940d84cc,2026-07-10T07:00:00Z,2026-07-10T09:00:00+0200,635.02997,MW,FR,FR,forecast_offshore_wind_generation,Wind Offshore,2026-07-11T19:30:56Z
2026-07-11T19:29:37Z,2026-07-11T21:29:37+0200,1d83aeba-7d53-466c-9cd8-cde3940d84cc,2026-07-10T07:15:00Z,2026-07-10T09:15:00+0200,632.5,MW,FR,FR,forecast_offshore_wind_generation,Wind Offshore,2026-07-11T19:30:56Z
2026-07-11T19:29:37Z,2026-07-11T21:29:37+0200,1d83aeba-7d53-466c-9cd8-cde3940d84cc,2026-07-10T07:30:00Z,2026-07-10T09:30:00+0200,629.94995,MW,FR,FR,forecast_offshore_wind_generation,Wind Offshore,2026-07-11T19:30:56Z
2026-07-11T19:29:37Z,2026-07-11T21:29:37+0200,1d83aeba-7d53-466c-9cd8-cde3940d84cc,2026-07-10T07:45:00Z,2026-07-10T09:45:00+0200,627.39001,MW,FR,FR,forecast_offshore_wind_generation,Wind Offshore,2026-07-11T19:30:56Z
2026-07-11T19:29:37Z,2026-07-11T21:29:37+0200,1d83aeba-7d53-466c-9cd8-cde3940d84cc,2026-07-10T08:00:00Z,2026-07-10T10:00:00+0200,624.84998,MW,FR,FR,forecast_offshore_wind_generation,Wind Offshore,2026-07-11T19:30:56Z
2026-07-11T19:29:37Z,2026-07-11T21:29:37+0200,1d83aeba-7d53-466c-9cd8-cde3940d84cc,2026-07-10T08:15:00Z,2026-07-10T10:15:00+0200,605.45996,MW,FR,FR,forecast_offshore_wind_generation,Wind Offshore,2026-07-11T19:30:56Z
2026-07-11T19:29:37Z,2026-07-11T21:29:37+0200,1d83aeba-7d53-466c-9cd8-cde3940d84cc,2026-07-10T08:30:00Z,2026-07-10T10:30:00+0200,586.08002,MW,FR,FR,forecast_offshore_wind_generation,Wind Offshore,2026-07-11T19:30:56Z
2026-07-11T19:29:37Z,2026-07-11T21:29:37+0200,1d83aeba-7d53-466c-9cd8-cde3940d84cc,2026-07-10T08:45:00Z,2026-07-10T10:45:00+0200,566.70001,MW,FR,FR,forecast_offshore_wind_generation,Wind Offshore,2026-07-11T19:30:56Z
2026-07-11T19:29:37Z,2026-07-11T21:29:37+0200,1d83aeba-7d53-466c-9cd8-cde3940d84cc,2026-07-10T09:00:00Z,2026-07-10T11:00:00+0200,547.30005,MW,FR,FR,forecast_offshore_wind_generation,Wind Offshore,2026-07-11T19:30:56Z
2026-07-11T19:29:37Z,2026-07-11T21:29:37+0200,1d83aeba-7d53-466c-9cd8-cde3940d84cc,2026-07-10T09:15:00Z,2026-07-10T11:15:00+0200,539.76001,MW,FR,FR,forecast_offshore_wind_generation,Wind Offshore,2026-07-11T19:30:56Z
2026-07-11T19:29:37Z,2026-07-11T21:29:37+0200,1d83aeba-7d53-466c-9cd8-cde3940d84cc,2026-07-10T09:30:00Z,2026-07-10T11:30:00+0200,532.19,MW,FR,FR,forecast_offshore_wind_generation,Wind Offshore,2026-07-11T19:30:56Z
2026-07-11T19:29:37Z,2026-07-11T21:29:37+0200,1d83aeba-7d53-466c-9cd8-cde3940d84cc,2026-07-10T09:45:00Z,2026-07-10T11:45:00+0200,524.63,MW,FR,FR,forecast_offshore_wind_generation,Wind Offshore,2026-07-11T19:30:56Z
2026-07-11T19:29:37Z,2026-07-11T21:29:37+0200,1d83aeba-7d53-466c-9cd8-cde3940d84cc,2026-07-10T10:00:00Z,2026-07-10T12:00:00+0200,517.08002,MW,FR,FR,forecast_offshore_wind_generation,Wind Offshore,2026-07-11T19:30:56Z
2026-07-11T19:29:37Z,2026-07-11T21:29:37+0200,1d83aeba-7d53-466c-9cd8-cde3940d84cc,2026-07-10T10:15:00Z,2026-07-10T12:15:00+0200,519.04999,MW,FR,FR,forecast_offshore_wind_generation,Wind Offshore,2026-07-11T19:30:56Z
2026-07-11T19:29:37Z,2026-07-11T21:29:37+0200,1d83aeba-7d53-466c-9cd8-cde3940d84cc,2026-07-10T10:30:00Z,2026-07-10T12:30:00+0200,521.01001,MW,FR,FR,forecast_offshore_wind_generation,Wind Offshore,2026-07-11T19:30:56Z
2026-07-11T19:29:37Z,2026-07-11T21:29:37+0200,1d83aeba-7d53-466c-9cd8-cde3940d84cc,2026-07-10T10:45:00Z,2026-07-10T12:45:00+0200,522.98999,MW,FR,FR,forecast_offshore_wind_generation,Wind Offshore,2026-07-11T19:30:56Z
2026-07-11T19:29:37Z,2026-07-11T21:29:37+0200,1d83aeba-7d53-466c-9cd8-cde3940d84cc,2026-07-10T11:00:00Z,2026-07-10T13:00:00+0200,524.97003,MW,FR,FR,forecast_offshore_wind_generation,Wind Offshore,2026-07-11T19:30:56Z
2026-07-11T19:29:37Z,2026-07-11T21:29:37+0200,1d83aeba-7d53-466c-9cd8-cde3940d84cc,2026-07-10T11:15:00Z,2026-07-10T13:15:00+0200,525.33002,MW,FR,FR,forecast_offshore_wind_generation,Wind Offshore,2026-07-11T19:30:56Z
2026-07-11T19:29:37Z,2026-07-11T21:29:37+0200,1d83aeba-7d53-466c-9cd8-cde3940d84cc,2026-07-10T11:30:00Z,2026-07-10T13:30:00+0200,525.70001,MW,FR,FR,forecast_offshore_wind_generation,Wind Offshore,2026-07-11T19:30:56Z
2026-07-11T19:29:37Z,2026-07-11T21:29:37+0200,1d83aeba-7d53-466c-9cd8-cde3940d84cc,2026-07-10T11:45:00Z,2026-07-10T13:45:00+0200,526.07996,MW,FR,FR,forecast_offshore_wind_generation,Wind Offshore,2026-07-11T19:30:56Z
2026-07-11T19:29:37Z,2026-07-11T21:29:37+0200,1d83aeba-7d53-466c-9cd8-cde3940d84cc,2026-07-10T12:00:00Z,2026-07-10T14:00:00+0200,526.44995,MW,FR,FR,forecast_offshore_wind_generation,Wind Offshore,2026-07-11T19:30:56Z
2026-07-11T19:29:37Z,2026-07-11T21:29:37+0200,1d83aeba-7d53-466c-9cd8-cde3940d84cc,2026-07-10T12:15:00Z,2026-07-10T14:15:00+0200,530.04999,MW,FR,FR,forecast_offshore_wind_generation,Wind Offshore,2026-07-11T19:30:56Z
2026-07-11T19:29:37Z,2026-07-11T21:29:37+0200,1d83aeba-7d53-466c-9cd8-cde3940d84cc,2026-07-10T12:30:00Z,2026-07-10T14:30:00+0200,533.63,MW,FR,FR,forecast_offshore_wind_generation,Wind Offshore,2026-07-11T19:30:56Z
2026-07-11T19:29:37Z,2026-07-11T21:29:37+0200,1d83aeba-7d53-466c-9cd8-cde3940d84cc,2026-07-10T12:45:00Z,2026-07-10T14:45:00+0200,537.21002,MW,FR,FR,forecast_offshore_wind_generation,Wind Offshore,2026-07-11T19:30:56Z
2026-07-11T19:29:37Z,2026-07-11T21:29:37+0200,1d83aeba-7d53-466c-9cd8-cde3940d84cc,2026-07-10T13:00:00Z,2026-07-10T15:00:00+0200,540.79999,MW,FR,FR,forecast_offshore_wind_generation,Wind Offshore,2026-07-11T19:30:56Z
2026-07-11T19:29:37Z,2026-07-11T21:29:37+0200,1d83aeba-7d53-466c-9cd8-cde3940d84cc,2026-07-10T13:15:00Z,2026-07-10T15:15:00+0200,557.29999,MW,FR,FR,forecast_offshore_wind_generation,Wind Offshore,2026-07-11T19:30:56Z
2026-07-11T19:29:37Z,2026-07-11T21:29:37+0200,1d83aeba-7d53-466c-9cd8-cde3940d84cc,2026-07-10T13:30:00Z,2026-07-10T15:30:00+0200,573.79004,MW,FR,FR,forecast_offshore_wind_generation,Wind Offshore,2026-07-11T19:30:56Z
2026-07-11T19:29:37Z,2026-07-11T21:29:37+0200,1d83aeba-7d53-466c-9cd8-cde3940d84cc,2026-07-10T13:45:00Z,2026-07-10T15:45:00+0200,590.32001,MW,FR,FR,forecast_offshore_wind_generation,Wind Offshore,2026-07-11T19:30:56Z
2026-07-11T19:29:37Z,2026-07-11T21:29:37+0200,1d83aeba-7d53-466c-9cd8-cde3940d84cc,2026-07-10T14:00:00Z,2026-07-10T16:00:00+0200,606.82996,MW,FR,FR,forecast_offshore_wind_generation,Wind Offshore,2026-07-11T19:30:56Z
2026-07-11T19:29:37Z,2026-07-11T21:29:37+0200,1d83aeba-7d53-466c-9cd8-cde3940d84cc,2026-07-10T14:15:00Z,2026-07-10T16:15:00+0200,624.43005,MW,FR,FR,forecast_offshore_wind_generation,Wind Offshore,2026-07-11T19:30:56Z
2026-07-11T19:29:37Z,2026-07-11T21:29:37+0200,1d83aeba-7d53-466c-9cd8-cde3940d84cc,2026-07-10T14:30:00Z,2026-07-10T16:30:00+0200,642.05005,MW,FR,FR,forecast_offshore_wind_generation,Wind Offshore,2026-07-11T19:30:56Z
2026-07-11T19:29:37Z,2026-07-11T21:29:37+0200,1d83aeba-7d53-466c-9cd8-cde3940d84cc,2026-07-10T14:45:00Z,2026-07-10T16:45:00+0200,659.66998,MW,FR,FR,forecast_offshore_wind_generation,Wind Offshore,2026-07-11T19:30:56Z
2026-07-11T19:29:37Z,2026-07-11T21:29:37+0200,1d83aeba-7d53-466c-9cd8-cde3940d84cc,2026-07-10T15:00:00Z,2026-07-10T17:00:00+0200,677.29004,MW,FR,FR,forecast_offshore_wind_generation,Wind Offshore,2026-07-11T19:30:56Z
2026-07-11T19:29:37Z,2026-07-11T21:29:37+0200,1d83aeba-7d53-466c-9cd8-cde3940d84cc,2026-07-10T15:15:00Z,2026-07-10T17:15:00+0200,690.73999,MW,FR,FR,forecast_offshore_wind_generation,Wind Offshore,2026-07-11T19:30:56Z
2026-07-11T19:29:37Z,2026-07-11T21:29:37+0200,1d83aeba-7d53-466c-9cd8-cde3940d84cc,2026-07-10T15:30:00Z,2026-07-10T17:30:00+0200,704.20001,MW,FR,FR,forecast_offshore_wind_generation,Wind Offshore,2026-07-11T19:30:56Z
2026-07-11T19:29:37Z,2026-07-11T21:29:37+0200,1d83aeba-7d53-466c-9cd8-cde3940d84cc,2026-07-10T15:45:00Z,2026-07-10T17:45:00+0200,717.65997,MW,FR,FR,forecast_offshore_wind_generation,Wind Offshore,2026-07-11T19:30:56Z
2026-07-11T19:29:37Z,2026-07-11T21:29:37+0200,1d83aeba-7d53-466c-9cd8-cde3940d84cc,2026-07-10T16:00:00Z,2026-07-10T18:00:00+0200,731.14001,MW,FR,FR,forecast_offshore_wind_generation,Wind Offshore,2026-07-11T19:30:56Z
2026-07-11T19:29:37Z,2026-07-11T21:29:37+0200,1d83aeba-7d53-466c-9cd8-cde3940d84cc,2026-07-10T16:15:00Z,2026-07-10T18:15:00+0200,747.42999,MW,FR,FR,forecast_offshore_wind_generation,Wind Offshore,2026-07-11T19:30:56Z
2026-07-11T19:29:37Z,2026-07-11T21:29:37+0200,1d83aeba-7d53-466c-9cd8-cde3940d84cc,2026-07-10T16:30:00Z,2026-07-10T18:30:00+0200,763.73999,MW,FR,FR,forecast_offshore_wind_generation,Wind Offshore,2026-07-11T19:30:56Z
2026-07-11T19:29:37Z,2026-07-11T21:29:37+0200,1d83aeba-7d53-466c-9cd8-cde3940d84cc,2026-07-10T16:45:00Z,2026-07-10T18:45:00+0200,780.03003,MW,FR,FR,forecast_offshore_wind_generation,Wind Offshore,2026-07-11T19:30:56Z
2026-07-11T19:29:37Z,2026-07-11T21:29:37+0200,1d83aeba-7d53-466c-9cd8-cde3940d84cc,2026-07-10T17:00:00Z,2026-07-10T19:00:00+0200,796.37,MW,FR,FR,forecast_offshore_wind_generation,Wind Offshore,2026-07-11T19:30:56Z
2026-07-11T19:29:37Z,2026-07-11T21:29:37+0200,1d83aeba-7d53-466c-9cd8-cde3940d84cc,2026-07-10T17:15:00Z,2026-07-10T19:15:00+0200,811.60999,MW,FR,FR,forecast_offshore_wind_generation,Wind Offshore,2026-07-11T19:30:56Z
2026-07-11T19:29:37Z,2026-07-11T21:29:37+0200,1d83aeba-7d53-466c-9cd8-cde3940d84cc,2026-07-10T17:30:00Z,2026-07-10T19:30:00+0200,826.90002,MW,FR,FR,forecast_offshore_wind_generation,Wind Offshore,2026-07-11T19:30:56Z
2026-07-11T19:29:37Z,2026-07-11T21:29:37+0200,1d83aeba-7d53-466c-9cd8-cde3940d84cc,2026-07-10T17:45:00Z,2026-07-10T19:45:00+0200,842.17999,MW,FR,FR,forecast_offshore_wind_generation,Wind Offshore,2026-07-11T19:30:56Z
2026-07-11T19:29:37Z,2026-07-11T21:29:37+0200,1d83aeba-7d53-466c-9cd8-cde3940d84cc,2026-07-10T18:00:00Z,2026-07-10T20:00:00+0200,857.47998,MW,FR,FR,forecast_offshore_wind_generation,Wind Offshore,2026-07-11T19:30:56Z
2026-07-11T19:29:37Z,2026-07-11T21:29:37+0200,1d83aeba-7d53-466c-9cd8-cde3940d84cc,2026-07-10T18:15:00Z,2026-07-10T20:15:00+0200,862.33997,MW,FR,FR,forecast_offshore_wind_generation,Wind Offshore,2026-07-11T19:30:56Z
2026-07-11T19:29:37Z,2026-07-11T21:29:37+0200,1d83aeba-7d53-466c-9cd8-cde3940d84cc,2026-07-10T18:30:00Z,2026-07-10T20:30:00+0200,867.22003,MW,FR,FR,forecast_offshore_wind_generation,Wind Offshore,2026-07-11T19:30:56Z
2026-07-11T19:29:37Z,2026-07-11T21:29:37+0200,1d83aeba-7d53-466c-9cd8-cde3940d84cc,2026-07-10T18:45:00Z,2026-07-10T20:45:00+0200,872.07996,MW,FR,FR,forecast_offshore_wind_generation,Wind Offshore,2026-07-11T19:30:56Z
2026-07-11T19:29:37Z,2026-07-11T21:29:37+0200,1d83aeba-7d53-466c-9cd8-cde3940d84cc,2026-07-10T19:00:00Z,2026-07-10T21:00:00+0200,876.95001,MW,FR,FR,forecast_offshore_wind_generation,Wind Offshore,2026-07-11T19:30:56Z
2026-07-11T19:29:37Z,2026-07-11T21:29:37+0200,1d83aeba-7d53-466c-9cd8-cde3940d84cc,2026-07-10T19:15:00Z,2026-07-10T21:15:00+0200,900.35999,MW,FR,FR,forecast_offshore_wind_generation,Wind Offshore,2026-07-11T19:30:56Z
2026-07-11T19:29:37Z,2026-07-11T21:29:37+0200,1d83aeba-7d53-466c-9cd8-cde3940d84cc,2026-07-10T19:30:00Z,2026-07-10T21:30:00+0200,923.77997,MW,FR,FR,forecast_offshore_wind_generation,Wind Offshore,2026-07-11T19:30:56Z
2026-07-11T19:29:37Z,2026-07-11T21:29:37+0200,1d83aeba-7d53-466c-9cd8-cde3940d84cc,2026-07-10T19:45:00Z,2026-07-10T21:45:00+0200,947.18005,MW,FR,FR,forecast_offshore_wind_generation,Wind Offshore,2026-07-11T19:30:56Z
2026-07-11T19:29:37Z,2026-07-11T21:29:37+0200,1d83aeba-7d53-466c-9cd8-cde3940d84cc,2026-07-10T20:00:00Z,2026-07-10T22:00:00+0200,970.58002,MW,FR,FR,forecast_offshore_wind_generation,Wind Offshore,2026-07-11T19:30:56Z
2026-07-11T19:29:37Z,2026-07-11T21:29:37+0200,1d83aeba-7d53-466c-9cd8-cde3940d84cc,2026-07-10T20:15:00Z,2026-07-10T22:15:00+0200,1030.63013,MW,FR,FR,forecast_offshore_wind_generation,Wind Offshore,2026-07-11T19:30:56Z
2026-07-11T19:29:37Z,2026-07-11T21:29:37+0200,1d83aeba-7d53-466c-9cd8-cde3940d84cc,2026-07-10T20:30:00Z,2026-07-10T22:30:00+0200,1090.66992,MW,FR,FR,forecast_offshore_wind_generation,Wind Offshore,2026-07-11T19:30:56Z
2026-07-11T19:29:37Z,2026-07-11T21:29:37+0200,1d83aeba-7d53-466c-9cd8-cde3940d84cc,2026-07-10T20:45:00Z,2026-07-10T22:45:00+0200,1150.68005,MW,FR,FR,forecast_offshore_wind_generation,Wind Offshore,2026-07-11T19:30:56Z
2026-07-11T19:29:37Z,2026-07-11T21:29:37+0200,1d83aeba-7d53-466c-9cd8-cde3940d84cc,2026-07-10T21:00:00Z,2026-07-10T23:00:00+0200,1210.69995,MW,FR,FR,forecast_offshore_wind_generation,Wind Offshore,2026-07-11T19:30:56Z
2026-07-11T19:29:37Z,2026-07-11T21:29:37+0200,1d83aeba-7d53-466c-9cd8-cde3940d84cc,2026-07-10T21:15:00Z,2026-07-10T23:15:00+0200,1241.09009,MW,FR,FR,forecast_offshore_wind_generation,Wind Offshore,2026-07-11T19:30:56Z
2026-07-11T19:29:37Z,2026-07-11T21:29:37+0200,1d83aeba-7d53-466c-9cd8-cde3940d84cc,2026-07-10T21:30:00Z,2026-07-10T23:30:00+0200,1271.46997,MW,FR,FR,forecast_offshore_wind_generation,Wind Offshore,2026-07-11T19:30:56Z
2026-07-11T19:29:37Z,2026-07-11T21:29:37+0200,1d83aeba-7d53-466c-9cd8-cde3940d84cc,2026-07-10T21:45:00Z,2026-07-10T23:45:00+0200,1301.84998,MW,FR,FR,forecast_offshore_wind_generation,Wind Offshore,2026-07-11T19:30:56Z
2026-07-11T19:29:37Z,2026-07-11T21:29:37+0200,1d83aeba-7d53-466c-9cd8-cde3940d84cc,2026-07-10T22:00:00Z,2026-07-11T00:00:00+0200,1394.44006,MW,FR,FR,forecast_offshore_wind_generation,Wind Offshore,2026-07-11T19:30:56Z
2026-07-11T19:29:37Z,2026-07-11T21:29:37+0200,1d83aeba-7d53-466c-9cd8-cde3940d84cc,2026-07-10T22:15:00Z,2026-07-11T00:15:00+0200,1385.29004,MW,FR,FR,forecast_offshore_wind_generation,Wind Offshore,2026-07-11T19:30:56Z
2026-07-11T19:29:37Z,2026-07-11T21:29:37+0200,1d83aeba-7d53-466c-9cd8-cde3940d84cc,2026-07-10T22:30:00Z,2026-07-11T00:30:00+0200,1376.13,MW,FR,FR,forecast_offshore_wind_generation,Wind Offshore,2026-07-11T19:30:56Z
2026-07-11T19:29:37Z,2026-07-11T21:29:37+0200,1d83aeba-7d53-466c-9cd8-cde3940d84cc,2026-07-10T22:45:00Z,2026-07-11T00:45:00+0200,1367.15015,MW,FR,FR,forecast_offshore_wind_generation,Wind Offshore,2026-07-11T19:30:56Z
2026-07-11T19:29:37Z,2026-07-11T21:29:37+0200,1d83aeba-7d53-466c-9cd8-cde3940d84cc,2026-07-10T23:00:00Z,2026-07-11T01:00:00+0200,1358.18994,MW,FR,FR,forecast_offshore_wind_generation,Wind Offshore,2026-07-11T19:30:56Z
2026-07-11T19:29:37Z,2026-07-11T21:29:37+0200,1d83aeba-7d53-466c-9cd8-cde3940d84cc,2026-07-10T23:15:00Z,2026-07-11T01:15:00+0200,1327.27002,MW,FR,FR,forecast_offshore_wind_generation,Wind Offshore,2026-07-11T19:30:56Z
2026-07-11T19:29:37Z,2026-07-11T21:29:37+0200,1d83aeba-7d53-466c-9cd8-cde3940d84cc,2026-07-10T23:30:00Z,2026-07-11T01:30:00+0200,1296.34998,MW,FR,FR,forecast_offshore_wind_generation,Wind Offshore,2026-07-11T19:30:56Z
2026-07-11T19:29:37Z,2026-07-11T21:29:37+0200,1d83aeba-7d53-466c-9cd8-cde3940d84cc,2026-07-10T23:45:00Z,2026-07-11T01:45:00+0200,1265.5,MW,FR,FR,forecast_offshore_wind_generation,Wind Offshore,2026-07-11T19:30:56Z
2026-07-11T19:29:37Z,2026-07-11T21:29:37+0200,1d83aeba-7d53-466c-9cd8-cde3940d84cc,2026-07-11T00:00:00Z,2026-07-11T02:00:00+0200,1234.66003,MW,FR,FR,forecast_offshore_wind_generation,Wind Offshore,2026-07-11T19:30:56Z
2026-07-11T19:29:37Z,2026-07-11T21:29:37+0200,1d83aeba-7d53-466c-9cd8-cde3940d84cc,2026-07-11T00:15:00Z,2026-07-11T02:15:00+0200,1202.26001,MW,FR,FR,forecast_offshore_wind_generation,Wind Offshore,2026-07-11T19:30:56Z
2026-07-11T19:29:37Z,2026-07-11T21:29:37+0200,1d83aeba-7d53-466c-9cd8-cde3940d84cc,2026-07-11T00:30:00Z,2026-07-11T02:30:00+0200,1169.84998,MW,FR,FR,forecast_offshore_wind_generation,Wind Offshore,2026-07-11T19:30:56Z
2026-07-11T19:29:37Z,2026-07-11T21:29:37+0200,1d83aeba-7d53-466c-9cd8-cde3940d84cc,2026-07-11T00:45:00Z,2026-07-11T02:45:00+0200,1137.44995,MW,FR,FR,forecast_offshore_wind_generation,Wind Offshore,2026-07-11T19:30:56Z
2026-07-11T19:29:37Z,2026-07-11T21:29:37+0200,1d83aeba-7d53-466c-9cd8-cde3940d84cc,2026-07-11T01:00:00Z,2026-07-11T03:00:00+0200,1105.03992,MW,FR,FR,forecast_offshore_wind_generation,Wind Offshore,2026-07-11T19:30:56Z
2026-07-11T19:29:37Z,2026-07-11T21:29:37+0200,1d83aeba-7d53-466c-9cd8-cde3940d84cc,2026-07-11T01:15:00Z,2026-07-11T03:15:00+0200,1087.71997,MW,FR,FR,forecast_offshore_wind_generation,Wind Offshore,2026-07-11T19:30:56Z
2026-07-11T19:29:37Z,2026-07-11T21:29:37+0200,1d83aeba-7d53-466c-9cd8-cde3940d84cc,2026-07-11T01:30:00Z,2026-07-11T03:30:00+0200,1070.40002,MW,FR,FR,forecast_offshore_wind_generation,Wind Offshore,2026-07-11T19:30:56Z
2026-07-11T19:29:37Z,2026-07-11T21:29:37+0200,1d83aeba-7d53-466c-9cd8-cde3940d84cc,2026-07-11T01:45:00Z,2026-07-11T03:45:00+0200,1053.07996,MW,FR,FR,forecast_offshore_wind_generation,Wind Offshore,2026-07-11T19:30:56Z
2026-07-11T19:29:37Z,2026-07-11T21:29:37+0200,1d83aeba-7d53-466c-9cd8-cde3940d84cc,2026-07-11T02:00:00Z,2026-07-11T04:00:00+0200,1035.77002,MW,FR,FR,forecast_offshore_wind_generation,Wind Offshore,2026-07-11T19:30:56Z
2026-07-11T19:29:37Z,2026-07-11T21:29:37+0200,1d83aeba-7d53-466c-9cd8-cde3940d84cc,2026-07-11T02:15:00Z,2026-07-11T04:15:00+0200,1031.94995,MW,FR,FR,forecast_offshore_wind_generation,Wind Offshore,2026-07-11T19:30:56Z
2026-07-11T19:29:37Z,2026-07-11T21:29:37+0200,1d83aeba-7d53-466c-9cd8-cde3940d84cc,2026-07-11T02:30:00Z,2026-07-11T04:30:00+0200,1028.13,MW,FR,FR,forecast_offshore_wind_generation,Wind Offshore,2026-07-11T19:30:56Z
2026-07-11T19:29:37Z,2026-07-11T21:29:37+0200,1d83aeba-7d53-466c-9cd8-cde3940d84cc,2026-07-11T02:45:00Z,2026-07-11T04:45:00+0200,1024.30005,MW,FR,FR,forecast_offshore_wind_generation,Wind Offshore,2026-07-11T19:30:56Z
2026-07-11T19:29:37Z,2026-07-11T21:29:37+0200,1d83aeba-7d53-466c-9cd8-cde3940d84cc,2026-07-11T03:00:00Z,2026-07-11T05:00:00+0200,1020.47998,MW,FR,FR,forecast_offshore_wind_generation,Wind Offshore,2026-07-11T19:30:56Z
2026-07-11T19:29:37Z,2026-07-11T21:29:37+0200,1d83aeba-7d53-466c-9cd8-cde3940d84cc,2026-07-11T03:15:00Z,2026-07-11T05:15:00+0200,1028.27002,MW,FR,FR,forecast_offshore_wind_generation,Wind Offshore,2026-07-11T19:30:56Z
2026-07-11T19:29:37Z,2026-07-11T21:29:37+0200,1d83aeba-7d53-466c-9cd8-cde3940d84cc,2026-07-11T03:30:00Z,2026-07-11T05:30:00+0200,1036.06006,MW,FR,FR,forecast_offshore_wind_generation,Wind Offshore,2026-07-11T19:30:56Z
2026-07-11T19:29:37Z,2026-07-11T21:29:37+0200,1d83aeba-7d53-466c-9cd8-cde3940d84cc,2026-07-11T03:45:00Z,2026-07-11T05:45:00+0200,1043.90002,MW,FR,FR,forecast_offshore_wind_generation,Wind Offshore,2026-07-11T19:30:56Z
2026-07-11T19:29:37Z,2026-07-11T21:29:37+0200,1d83aeba-7d53-466c-9cd8-cde3940d84cc,2026-07-11T04:00:00Z,2026-07-11T06:00:00+0200,1051.73999,MW,FR,FR,forecast_offshore_wind_generation,Wind Offshore,2026-07-11T19:30:56Z
2026-07-11T19:29:37Z,2026-07-11T21:29:37+0200,1d83aeba-7d53-466c-9cd8-cde3940d84cc,2026-07-11T04:15:00Z,2026-07-11T06:15:00+0200,1049.34998,MW,FR,FR,forecast_offshore_wind_generation,Wind Offshore,2026-07-11T19:30:56Z
2026-07-11T19:29:37Z,2026-07-11T21:29:37+0200,1d83aeba-7d53-466c-9cd8-cde3940d84cc,2026-07-11T04:30:00Z,2026-07-11T06:30:00+0200,1046.96997,MW,FR,FR,forecast_offshore_wind_generation,Wind Offshore,2026-07-11T19:30:56Z
2026-07-11T19:29:37Z,2026-07-11T21:29:37+0200,1d83aeba-7d53-466c-9cd8-cde3940d84cc,2026-07-11T04:45:00Z,2026-07-11T06:45:00+0200,1044.64001,MW,FR,FR,forecast_offshore_wind_generation,Wind Offshore,2026-07-11T19:30:56Z
2026-07-11T19:29:37Z,2026-07-11T21:29:37+0200,1d83aeba-7d53-466c-9cd8-cde3940d84cc,2026-07-11T05:00:00Z,2026-07-11T07:00:00+0200,1042.30005,MW,FR,FR,forecast_offshore_wind_generation,Wind Offshore,2026-07-11T19:30:56Z
2026-07-11T19:29:37Z,2026-07-11T21:29:37+0200,1d83aeba-7d53-466c-9cd8-cde3940d84cc,2026-07-11T05:15:00Z,2026-07-11T07:15:00+0200,1043.85999,MW,FR,FR,forecast_offshore_wind_generation,Wind Offshore,2026-07-11T19:30:56Z
2026-07-11T19:29:37Z,2026-07-11T21:29:37+0200,1d83aeba-7d53-466c-9cd8-cde3940d84cc,2026-07-11T05:30:00Z,2026-07-11T07:30:00+0200,1045.41003,MW,FR,FR,forecast_offshore_wind_generation,Wind Offshore,2026-07-11T19:30:56Z
2026-07-11T19:29:37Z,2026-07-11T21:29:37+0200,1d83aeba-7d53-466c-9cd8-cde3940d84cc,2026-07-11T05:45:00Z,2026-07-11T07:45:00+0200,1047.01001,MW,FR,FR,forecast_offshore_wind_generation,Wind Offshore,2026-07-11T19:30:56Z
2026-07-11T19:29:37Z,2026-07-11T21:29:37+0200,1d83aeba-7d53-466c-9cd8-cde3940d84cc,2026-07-11T06:00:00Z,2026-07-11T08:00:00+0200,1048.61011,MW,FR,FR,forecast_offshore_wind_generation,Wind Offshore,2026-07-11T19:30:56Z
2026-07-11T19:29:37Z,2026-07-11T21:29:37+0200,1d83aeba-7d53-466c-9cd8-cde3940d84cc,2026-07-11T06:15:00Z,2026-07-11T08:15:00+0200,1032.79004,MW,FR,FR,forecast_offshore_wind_generation,Wind Offshore,2026-07-11T19:30:56Z
2026-07-11T19:29:37Z,2026-07-11T21:29:37+0200,1d83aeba-7d53-466c-9cd8-cde3940d84cc,2026-07-11T06:30:00Z,2026-07-11T08:30:00+0200,1016.99005,MW,FR,FR,forecast_offshore_wind_generation,Wind Offshore,2026-07-11T19:30:56Z
2026-07-11T19:29:37Z,2026-07-11T21:29:37+0200,1d83aeba-7d53-466c-9cd8-cde3940d84cc,2026-07-11T06:45:00Z,2026-07-11T08:45:00+0200,1001.21991,MW,FR,FR,forecast_offshore_wind_generation,Wind Offshore,2026-07-11T19:30:56Z
2026-07-11T19:29:37Z,2026-07-11T21:29:37+0200,1d83aeba-7d53-466c-9cd8-cde3940d84cc,2026-07-11T07:00:00Z,2026-07-11T09:00:00+0200,985.45007,MW,FR,FR,forecast_offshore_wind_generation,Wind Offshore,2026-07-11T19:30:56Z
2026-07-11T19:29:37Z,2026-07-11T21:29:37+0200,1d83aeba-7d53-466c-9cd8-cde3940d84cc,2026-07-11T07:15:00Z,2026-07-11T09:15:00+0200,945.10999,MW,FR,FR,forecast_offshore_wind_generation,Wind Offshore,2026-07-11T19:30:56Z
2026-07-11T19:29:37Z,2026-07-11T21:29:37+0200,1d83aeba-7d53-466c-9cd8-cde3940d84cc,2026-07-11T07:30:00Z,2026-07-11T09:30:00+0200,904.78003,MW,FR,FR,forecast_offshore_wind_generation,Wind Offshore,2026-07-11T19:30:56Z
2026-07-11T19:29:37Z,2026-07-11T21:29:37+0200,1d83aeba-7d53-466c-9cd8-cde3940d84cc,2026-07-11T07:45:00Z,2026-07-11T09:45:00+0200,864.46002,MW,FR,FR,forecast_offshore_wind_generation,Wind Offshore,2026-07-11T19:30:56Z
2026-07-11T19:29:37Z,2026-07-11T21:29:37+0200,1d83aeba-7d53-466c-9cd8-cde3940d84cc,2026-07-11T08:00:00Z,2026-07-11T10:00:00+0200,824.15002,MW,FR,FR,forecast_offshore_wind_generation,Wind Offshore,2026-07-11T19:30:56Z
2026-07-11T19:29:37Z,2026-07-11T21:29:37+0200,1d83aeba-7d53-466c-9cd8-cde3940d84cc,2026-07-11T08:15:00Z,2026-07-11T10:15:00+0200,796.48004,MW,FR,FR,forecast_offshore_wind_generation,Wind Offshore,2026-07-11T19:30:56Z
2026-07-11T19:29:37Z,2026-07-11T21:29:37+0200,1d83aeba-7d53-466c-9cd8-cde3940d84cc,2026-07-11T08:30:00Z,2026-07-11T10:30:00+0200,768.82001,MW,FR,FR,forecast_offshore_wind_generation,Wind Offshore,2026-07-11T19:30:56Z
2026-07-11T19:29:37Z,2026-07-11T21:29:37+0200,1d83aeba-7d53-466c-9cd8-cde3940d84cc,2026-07-11T08:45:00Z,2026-07-11T10:45:00+0200,741.16003,MW,FR,FR,forecast_offshore_wind_generation,Wind Offshore,2026-07-11T19:30:56Z
2026-07-11T19:29:37Z,2026-07-11T21:29:37+0200,1d83aeba-7d53-466c-9cd8-cde3940d84cc,2026-07-11T09:00:00Z,2026-07-11T11:00:00+0200,713.51001,MW,FR,FR,forecast_offshore_wind_generation,Wind Offshore,2026-07-11T19:30:56Z
2026-07-11T19:29:37Z,2026-07-11T21:29:37+0200,1d83aeba-7d53-466c-9cd8-cde3940d84cc,2026-07-11T09:15:00Z,2026-07-11T11:15:00+0200,699.38,MW,FR,FR,forecast_offshore_wind_generation,Wind Offshore,2026-07-11T19:30:56Z
2026-07-11T19:29:37Z,2026-07-11T21:29:37+0200,1d83aeba-7d53-466c-9cd8-cde3940d84cc,2026-07-11T09:30:00Z,2026-07-11T11:30:00+0200,685.25,MW,FR,FR,forecast_offshore_wind_generation,Wind Offshore,2026-07-11T19:30:56Z
2026-07-11T19:29:37Z,2026-07-11T21:29:37+0200,1d83aeba-7d53-466c-9cd8-cde3940d84cc,2026-07-11T09:45:00Z,2026-07-11T11:45:00+0200,671.13,MW,FR,FR,forecast_offshore_wind_generation,Wind Offshore,2026-07-11T19:30:56Z
2026-07-11T19:29:37Z,2026-07-11T21:29:37+0200,1d83aeba-7d53-466c-9cd8-cde3940d84cc,2026-07-11T10:00:00Z,2026-07-11T12:00:00+0200,657.08002,MW,FR,FR,forecast_offshore_wind_generation,Wind Offshore,2026-07-11T19:30:56Z
2026-07-11T19:29:37Z,2026-07-11T21:29:37+0200,1d83aeba-7d53-466c-9cd8-cde3940d84cc,2026-07-11T10:15:00Z,2026-07-11T12:15:00+0200,658.54999,MW,FR,FR,forecast_offshore_wind_generation,Wind Offshore,2026-07-11T19:30:56Z
2026-07-11T19:29:37Z,2026-07-11T21:29:37+0200,1d83aeba-7d53-466c-9cd8-cde3940d84cc,2026-07-11T10:30:00Z,2026-07-11T12:30:00+0200,660.10999,MW,FR,FR,forecast_offshore_wind_generation,Wind Offshore,2026-07-11T19:30:56Z
2026-07-11T19:29:37Z,2026-07-11T21:29:37+0200,1d83aeba-7d53-466c-9cd8-cde3940d84cc,2026-07-11T10:45:00Z,2026-07-11T12:45:00+0200,661.68005,MW,FR,FR,forecast_offshore_wind_generation,Wind Offshore,2026-07-11T19:30:56Z
2026-07-11T19:29:37Z,2026-07-11T21:29:37+0200,1d83aeba-7d53-466c-9cd8-cde3940d84cc,2026-07-11T11:00:00Z,2026-07-11T13:00:00+0200,663.24005,MW,FR,FR,forecast_offshore_wind_generation,Wind Offshore,2026-07-11T19:30:56Z
2026-07-11T19:29:37Z,2026-07-11T21:29:37+0200,1d83aeba-7d53-466c-9cd8-cde3940d84cc,2026-07-11T11:15:00Z,2026-07-11T13:15:00+0200,672.64001,MW,FR,FR,forecast_offshore_wind_generation,Wind Offshore,2026-07-11T19:30:56Z
2026-07-11T19:29:37Z,2026-07-11T21:29:37+0200,1d83aeba-7d53-466c-9cd8-cde3940d84cc,2026-07-11T11:30:00Z,2026-07-11T13:30:00+0200,682.00995,MW,FR,FR,forecast_offshore_wind_generation,Wind Offshore,2026-07-11T19:30:56Z
2026-07-11T19:29:37Z,2026-07-11T21:29:37+0200,1d83aeba-7d53-466c-9cd8-cde3940d84cc,2026-07-11T11:45:00Z,2026-07-11T13:45:00+0200,691.39996,MW,FR,FR,forecast_offshore_wind_generation,Wind Offshore,2026-07-11T19:30:56Z
2026-07-11T19:29:37Z,2026-07-11T21:29:37+0200,1d83aeba-7d53-466c-9cd8-cde3940d84cc,2026-07-11T12:00:00Z,2026-07-11T14:00:00+0200,700.81,MW,FR,FR,forecast_offshore_wind_generation,Wind Offshore,2026-07-11T19:30:56Z
2026-07-11T19:29:37Z,2026-07-11T21:29:37+0200,1d83aeba-7d53-466c-9cd8-cde3940d84cc,2026-07-11T12:15:00Z,2026-07-11T14:15:00+0200,706.89001,MW,FR,FR,forecast_offshore_wind_generation,Wind Offshore,2026-07-11T19:30:56Z
2026-07-11T19:29:37Z,2026-07-11T21:29:37+0200,1d83aeba-7d53-466c-9cd8-cde3940d84cc,2026-07-11T12:30:00Z,2026-07-11T14:30:00+0200,712.96997,MW,FR,FR,forecast_offshore_wind_generation,Wind Offshore,2026-07-11T19:30:56Z
2026-07-11T19:29:37Z,2026-07-11T21:29:37+0200,1d83aeba-7d53-466c-9cd8-cde3940d84cc,2026-07-11T12:45:00Z,2026-07-11T14:45:00+0200,719.04999,MW,FR,FR,forecast_offshore_wind_generation,Wind Offshore,2026-07-11T19:30:56Z
2026-07-11T19:29:37Z,2026-07-11T21:29:37+0200,1d83aeba-7d53-466c-9cd8-cde3940d84cc,2026-07-11T13:00:00Z,2026-07-11T15:00:00+0200,725.10999,MW,FR,FR,forecast_offshore_wind_generation,Wind Offshore,2026-07-11T19:30:56Z
2026-07-11T19:29:37Z,2026-07-11T21:29:37+0200,1d83aeba-7d53-466c-9cd8-cde3940d84cc,2026-07-11T13:15:00Z,2026-07-11T15:15:00+0200,742.57996,MW,FR,FR,forecast_offshore_wind_generation,Wind Offshore,2026-07-11T19:30:56Z
2026-07-11T19:29:37Z,2026-07-11T21:29:37+0200,1d83aeba-7d53-466c-9cd8-cde3940d84cc,2026-07-11T13:30:00Z,2026-07-11T15:30:00+0200,760.06006,MW,FR,FR,forecast_offshore_wind_generation,Wind Offshore,2026-07-11T19:30:56Z
2026-07-11T19:29:37Z,2026-07-11T21:29:37+0200,1d83aeba-7d53-466c-9cd8-cde3940d84cc,2026-07-11T13:45:00Z,2026-07-11T15:45:00+0200,777.5,MW,FR,FR,forecast_offshore_wind_generation,Wind Offshore,2026-07-11T19:30:56Z
2026-07-11T19:29:37Z,2026-07-11T21:29:37+0200,1d83aeba-7d53-466c-9cd8-cde3940d84cc,2026-07-11T14:00:00Z,2026-07-11T16:00:00+0200,794.92004,MW,FR,FR,forecast_offshore_wind_generation,Wind Offshore,2026-07-11T19:30:56Z
2026-07-11T19:29:37Z,2026-07-11T21:29:37+0200,1d83aeba-7d53-466c-9cd8-cde3940d84cc,2026-07-11T14:15:00Z,2026-07-11T16:15:00+0200,805.06,MW,FR,FR,forecast_offshore_wind_generation,Wind Offshore,2026-07-11T19:30:56Z
2026-07-11T19:29:37Z,2026-07-11T21:29:37+0200,1d83aeba-7d53-466c-9cd8-cde3940d84cc,2026-07-11T14:30:00Z,2026-07-11T16:30:00+0200,815.19,MW,FR,FR,forecast_offshore_wind_generation,Wind Offshore,2026-07-11T19:30:56Z
2026-07-11T19:29:37Z,2026-07-11T21:29:37+0200,1d83aeba-7d53-466c-9cd8-cde3940d84cc,2026-07-11T14:45:00Z,2026-07-11T16:45:00+0200,825.30005,MW,FR,FR,forecast_offshore_wind_generation,Wind Offshore,2026-07-11T19:30:56Z
2026-07-11T19:29:37Z,2026-07-11T21:29:37+0200,1d83aeba-7d53-466c-9cd8-cde3940d84cc,2026-07-11T15:00:00Z,2026-07-11T17:00:00+0200,835.45996,MW,FR,FR,forecast_offshore_wind_generation,Wind Offshore,2026-07-11T19:30:56Z
2026-07-11T19:29:37Z,2026-07-11T21:29:37+0200,1d83aeba-7d53-466c-9cd8-cde3940d84cc,2026-07-11T15:15:00Z,2026-07-11T17:15:00+0200,837.88,MW,FR,FR,forecast_offshore_wind_generation,Wind Offshore,2026-07-11T19:30:56Z
2026-07-11T19:29:37Z,2026-07-11T21:29:37+0200,1d83aeba-7d53-466c-9cd8-cde3940d84cc,2026-07-11T15:30:00Z,2026-07-11T17:30:00+0200,840.30994,MW,FR,FR,forecast_offshore_wind_generation,Wind Offshore,2026-07-11T19:30:56Z
2026-07-11T19:29:37Z,2026-07-11T21:29:37+0200,1d83aeba-7d53-466c-9cd8-cde3940d84cc,2026-07-11T15:45:00Z,2026-07-11T17:45:00+0200,842.72003,MW,FR,FR,forecast_offshore_wind_generation,Wind Offshore,2026-07-11T19:30:56Z
2026-07-11T19:29:37Z,2026-07-11T21:29:37+0200,1d83aeba-7d53-466c-9cd8-cde3940d84cc,2026-07-11T16:00:00Z,2026-07-11T18:00:00+0200,845.13,MW,FR,FR,forecast_offshore_wind_generation,Wind Offshore,2026-07-11T19:30:56Z
2026-07-11T19:29:37Z,2026-07-11T21:29:37+0200,1d83aeba-7d53-466c-9cd8-cde3940d84cc,2026-07-11T16:15:00Z,2026-07-11T18:15:00+0200,848.84003,MW,FR,FR,forecast_offshore_wind_generation,Wind Offshore,2026-07-11T19:30:56Z
2026-07-11T19:29:37Z,2026-07-11T21:29:37+0200,1d83aeba-7d53-466c-9cd8-cde3940d84cc,2026-07-11T16:30:00Z,2026-07-11T18:30:00+0200,852.54999,MW,FR,FR,forecast_offshore_wind_generation,Wind Offshore,2026-07-11T19:30:56Z
2026-07-11T19:29:37Z,2026-07-11T21:29:37+0200,1d83aeba-7d53-466c-9cd8-cde3940d84cc,2026-07-11T16:45:00Z,2026-07-11T18:45:00+0200,856.25,MW,FR,FR,forecast_offshore_wind_generation,Wind Offshore,2026-07-11T19:30:56Z
2026-07-11T19:29:37Z,2026-07-11T21:29:37+0200,1d83aeba-7d53-466c-9cd8-cde3940d84cc,2026-07-11T17:00:00Z,2026-07-11T19:00:00+0200,859.95001,MW,FR,FR,forecast_offshore_wind_generation,Wind Offshore,2026-07-11T19:30:56Z
2026-07-11T19:29:37Z,2026-07-11T21:29:37+0200,1d83aeba-7d53-466c-9cd8-cde3940d84cc,2026-07-11T17:15:00Z,2026-07-11T19:15:00+0200,976.02002,MW,FR,FR,forecast_offshore_wind_generation,Wind Offshore,2026-07-11T19:30:56Z
2026-07-11T19:29:37Z,2026-07-11T21:29:37+0200,1d83aeba-7d53-466c-9cd8-cde3940d84cc,2026-07-11T17:30:00Z,2026-07-11T19:30:00+0200,1092.09009,MW,FR,FR,forecast_offshore_wind_generation,Wind Offshore,2026-07-11T19:30:56Z
2026-07-11T19:29:37Z,2026-07-11T21:29:37+0200,1d83aeba-7d53-466c-9cd8-cde3940d84cc,2026-07-11T17:45:00Z,2026-07-11T19:45:00+0200,1208.12,MW,FR,FR,forecast_offshore_wind_generation,Wind Offshore,2026-07-11T19:30:56Z
2026-07-11T19:29:37Z,2026-07-11T21:29:37+0200,1d83aeba-7d53-466c-9cd8-cde3940d84cc,2026-07-11T18:00:00Z,2026-07-11T20:00:00+0200,1324.16003,MW,FR,FR,forecast_offshore_wind_generation,Wind Offshore,2026-07-11T19:30:56Z
2026-07-11T19:29:37Z,2026-07-11T21:29:37+0200,1d83aeba-7d53-466c-9cd8-cde3940d84cc,2026-07-11T18:15:00Z,2026-07-11T20:15:00+0200,1357.11011,MW,FR,FR,forecast_offshore_wind_generation,Wind Offshore,2026-07-11T19:30:56Z
2026-07-11T19:29:37Z,2026-07-11T21:29:37+0200,1d83aeba-7d53-466c-9cd8-cde3940d84cc,2026-07-11T18:30:00Z,2026-07-11T20:30:00+0200,1390.07996,MW,FR,FR,forecast_offshore_wind_generation,Wind Offshore,2026-07-11T19:30:56Z
2026-07-11T19:29:37Z,2026-07-11T21:29:37+0200,1d83aeba-7d53-466c-9cd8-cde3940d84cc,2026-07-11T18:45:00Z,2026-07-11T20:45:00+0200,1423.07007,MW,FR,FR,forecast_offshore_wind_generation,Wind Offshore,2026-07-11T19:30:56Z
2026-07-11T19:29:37Z,2026-07-11T21:29:37+0200,1d83aeba-7d53-466c-9cd8-cde3940d84cc,2026-07-11T19:00:00Z,2026-07-11T21:00:00+0200,1456.06006,MW,FR,FR,forecast_offshore_wind_generation,Wind Offshore,2026-07-11T19:30:56Z
2026-07-11T19:29:37Z,2026-07-11T21:29:37+0200,1d83aeba-7d53-466c-9cd8-cde3940d84cc,2026-07-11T19:15:00Z,2026-07-11T21:15:00+0200,1402.81006,MW,FR,FR,forecast_offshore_wind_generation,Wind Offshore,2026-07-11T19:30:56Z
2026-07-11T19:29:37Z,2026-07-11T21:29:37+0200,1d83aeba-7d53-466c-9cd8-cde3940d84cc,2026-07-11T19:30:00Z,2026-07-11T21:30:00+0200,1349.56006,MW,FR,FR,forecast_offshore_wind_generation,Wind Offshore,2026-07-11T19:30:56Z
2026-07-11T19:29:37Z,2026-07-11T21:29:37+0200,1d83aeba-7d53-466c-9cd8-cde3940d84cc,2026-07-11T19:45:00Z,2026-07-11T21:45:00+0200,1296.34009,MW,FR,FR,forecast_offshore_wind_generation,Wind Offshore,2026-07-11T19:30:56Z
