collection_time_utc,collection_time_local,run_id,timestamp_utc,timestamp_local,value,unit,country,entsoe_area,variable,source,updated_at_utc
2026-08-09T05:15:34Z,2026-08-09T07:15:34+0200,72a31bd2-8518-490a-bfbe-24bda838aac9,2026-07-09T06:00:00Z,2026-07-09T08:00:00+0200,5602.80835,MW,DE,DE_LU,actual_onshore_wind_generation,Wind Onshore,2026-08-09T05:18:04Z
2026-08-09T05:15:34Z,2026-08-09T07:15:34+0200,72a31bd2-8518-490a-bfbe-24bda838aac9,2026-07-09T06:15:00Z,2026-07-09T08:15:00+0200,5579.89392,MW,DE,DE_LU,actual_onshore_wind_generation,Wind Onshore,2026-08-09T05:18:04Z
2026-08-09T05:15:34Z,2026-08-09T07:15:34+0200,72a31bd2-8518-490a-bfbe-24bda838aac9,2026-07-09T06:30:00Z,2026-07-09T08:30:00+0200,5310.17272,MW,DE,DE_LU,actual_onshore_wind_generation,Wind Onshore,2026-08-09T05:18:04Z
2026-08-09T05:15:34Z,2026-08-09T07:15:34+0200,72a31bd2-8518-490a-bfbe-24bda838aac9,2026-07-09T06:45:00Z,2026-07-09T08:45:00+0200,5190.27275,MW,DE,DE_LU,actual_onshore_wind_generation,Wind Onshore,2026-08-09T05:18:04Z
2026-08-09T05:15:34Z,2026-08-09T07:15:34+0200,72a31bd2-8518-490a-bfbe-24bda838aac9,2026-07-09T07:00:00Z,2026-07-09T09:00:00+0200,5129.35906,MW,DE,DE_LU,actual_onshore_wind_generation,Wind Onshore,2026-08-09T05:18:04Z
2026-08-09T05:15:34Z,2026-08-09T07:15:34+0200,72a31bd2-8518-490a-bfbe-24bda838aac9,2026-07-09T07:15:00Z,2026-07-09T09:15:00+0200,5120.51844,MW,DE,DE_LU,actual_onshore_wind_generation,Wind Onshore,2026-08-09T05:18:04Z
2026-08-09T05:15:34Z,2026-08-09T07:15:34+0200,72a31bd2-8518-490a-bfbe-24bda838aac9,2026-07-09T07:30:00Z,2026-07-09T09:30:00+0200,5119.35276,MW,DE,DE_LU,actual_onshore_wind_generation,Wind Onshore,2026-08-09T05:18:04Z
2026-08-09T05:15:34Z,2026-08-09T07:15:34+0200,72a31bd2-8518-490a-bfbe-24bda838aac9,2026-07-09T07:45:00Z,2026-07-09T09:45:00+0200,5168.82827,MW,DE,DE_LU,actual_onshore_wind_generation,Wind Onshore,2026-08-09T05:18:04Z
2026-08-09T05:15:34Z,2026-08-09T07:15:34+0200,72a31bd2-8518-490a-bfbe-24bda838aac9,2026-07-09T08:00:00Z,2026-07-09T10:00:00+0200,5233.84749,MW,DE,DE_LU,actual_onshore_wind_generation,Wind Onshore,2026-08-09T05:18:04Z
2026-08-09T05:15:34Z,2026-08-09T07:15:34+0200,72a31bd2-8518-490a-bfbe-24bda838aac9,2026-07-09T08:15:00Z,2026-07-09T10:15:00+0200,5308.70939,MW,DE,DE_LU,actual_onshore_wind_generation,Wind Onshore,2026-08-09T05:18:04Z
2026-08-09T05:15:34Z,2026-08-09T07:15:34+0200,72a31bd2-8518-490a-bfbe-24bda838aac9,2026-07-09T08:30:00Z,2026-07-09T10:30:00+0200,5385.3042,MW,DE,DE_LU,actual_onshore_wind_generation,Wind Onshore,2026-08-09T05:18:04Z
2026-08-09T05:15:34Z,2026-08-09T07:15:34+0200,72a31bd2-8518-490a-bfbe-24bda838aac9,2026-07-09T08:45:00Z,2026-07-09T10:45:00+0200,5388.13173,MW,DE,DE_LU,actual_onshore_wind_generation,Wind Onshore,2026-08-09T05:18:04Z
2026-08-09T05:15:34Z,2026-08-09T07:15:34+0200,72a31bd2-8518-490a-bfbe-24bda838aac9,2026-07-09T09:00:00Z,2026-07-09T11:00:00+0200,5439.9648,MW,DE,DE_LU,actual_onshore_wind_generation,Wind Onshore,2026-08-09T05:18:04Z
2026-08-09T05:15:34Z,2026-08-09T07:15:34+0200,72a31bd2-8518-490a-bfbe-24bda838aac9,2026-07-09T09:15:00Z,2026-07-09T11:15:00+0200,5456.33546,MW,DE,DE_LU,actual_onshore_wind_generation,Wind Onshore,2026-08-09T05:18:04Z
2026-08-09T05:15:34Z,2026-08-09T07:15:34+0200,72a31bd2-8518-490a-bfbe-24bda838aac9,2026-07-09T09:30:00Z,2026-07-09T11:30:00+0200,5389.69297,MW,DE,DE_LU,actual_onshore_wind_generation,Wind Onshore,2026-08-09T05:18:04Z
2026-08-09T05:15:34Z,2026-08-09T07:15:34+0200,72a31bd2-8518-490a-bfbe-24bda838aac9,2026-07-09T09:45:00Z,2026-07-09T11:45:00+0200,5328.52019,MW,DE,DE_LU,actual_onshore_wind_generation,Wind Onshore,2026-08-09T05:18:04Z
2026-08-09T05:15:34Z,2026-08-09T07:15:34+0200,72a31bd2-8518-490a-bfbe-24bda838aac9,2026-07-09T10:00:00Z,2026-07-09T12:00:00+0200,5369.18018,MW,DE,DE_LU,actual_onshore_wind_generation,Wind Onshore,2026-08-09T05:18:04Z
2026-08-09T05:15:34Z,2026-08-09T07:15:34+0200,72a31bd2-8518-490a-bfbe-24bda838aac9,2026-07-09T10:15:00Z,2026-07-09T12:15:00+0200,5439.98616,MW,DE,DE_LU,actual_onshore_wind_generation,Wind Onshore,2026-08-09T05:18:04Z
2026-08-09T05:15:34Z,2026-08-09T07:15:34+0200,72a31bd2-8518-490a-bfbe-24bda838aac9,2026-07-09T10:30:00Z,2026-07-09T12:30:00+0200,5397.5203,MW,DE,DE_LU,actual_onshore_wind_generation,Wind Onshore,2026-08-09T05:18:04Z
2026-08-09T05:15:34Z,2026-08-09T07:15:34+0200,72a31bd2-8518-490a-bfbe-24bda838aac9,2026-07-09T10:45:00Z,2026-07-09T12:45:00+0200,5306.05312,MW,DE,DE_LU,actual_onshore_wind_generation,Wind Onshore,2026-08-09T05:18:04Z
2026-08-09T05:15:34Z,2026-08-09T07:15:34+0200,72a31bd2-8518-490a-bfbe-24bda838aac9,2026-07-09T11:00:00Z,2026-07-09T13:00:00+0200,5292.57052,MW,DE,DE_LU,actual_onshore_wind_generation,Wind Onshore,2026-08-09T05:18:04Z
2026-08-09T05:15:34Z,2026-08-09T07:15:34+0200,72a31bd2-8518-490a-bfbe-24bda838aac9,2026-07-09T11:15:00Z,2026-07-09T13:15:00+0200,5298.78385,MW,DE,DE_LU,actual_onshore_wind_generation,Wind Onshore,2026-08-09T05:18:04Z
2026-08-09T05:15:34Z,2026-08-09T07:15:34+0200,72a31bd2-8518-490a-bfbe-24bda838aac9,2026-07-09T11:30:00Z,2026-07-09T13:30:00+0200,5388.69652,MW,DE,DE_LU,actual_onshore_wind_generation,Wind Onshore,2026-08-09T05:18:04Z
2026-08-09T05:15:34Z,2026-08-09T07:15:34+0200,72a31bd2-8518-490a-bfbe-24bda838aac9,2026-07-09T11:45:00Z,2026-07-09T13:45:00+0200,5517.77667,MW,DE,DE_LU,actual_onshore_wind_generation,Wind Onshore,2026-08-09T05:18:04Z
2026-08-09T05:15:34Z,2026-08-09T07:15:34+0200,72a31bd2-8518-490a-bfbe-24bda838aac9,2026-07-09T12:00:00Z,2026-07-09T14:00:00+0200,5562.52079,MW,DE,DE_LU,actual_onshore_wind_generation,Wind Onshore,2026-08-09T05:18:04Z
2026-08-09T05:15:34Z,2026-08-09T07:15:34+0200,72a31bd2-8518-490a-bfbe-24bda838aac9,2026-07-09T12:15:00Z,2026-07-09T14:15:00+0200,5402.21112,MW,DE,DE_LU,actual_onshore_wind_generation,Wind Onshore,2026-08-09T05:18:04Z
2026-08-09T05:15:34Z,2026-08-09T07:15:34+0200,72a31bd2-8518-490a-bfbe-24bda838aac9,2026-07-09T12:30:00Z,2026-07-09T14:30:00+0200,5484.69272,MW,DE,DE_LU,actual_onshore_wind_generation,Wind Onshore,2026-08-09T05:18:04Z
2026-08-09T05:15:34Z,2026-08-09T07:15:34+0200,72a31bd2-8518-490a-bfbe-24bda838aac9,2026-07-09T12:45:00Z,2026-07-09T14:45:00+0200,5523.72074,MW,DE,DE_LU,actual_onshore_wind_generation,Wind Onshore,2026-08-09T05:18:04Z
2026-08-09T05:15:34Z,2026-08-09T07:15:34+0200,72a31bd2-8518-490a-bfbe-24bda838aac9,2026-07-09T13:00:00Z,2026-07-09T15:00:00+0200,5579.06976,MW,DE,DE_LU,actual_onshore_wind_generation,Wind Onshore,2026-08-09T05:18:04Z
2026-08-09T05:15:34Z,2026-08-09T07:15:34+0200,72a31bd2-8518-490a-bfbe-24bda838aac9,2026-07-09T13:15:00Z,2026-07-09T15:15:00+0200,5930.34058,MW,DE,DE_LU,actual_onshore_wind_generation,Wind Onshore,2026-08-09T05:18:04Z
2026-08-09T05:15:34Z,2026-08-09T07:15:34+0200,72a31bd2-8518-490a-bfbe-24bda838aac9,2026-07-09T13:30:00Z,2026-07-09T15:30:00+0200,6093.75564,MW,DE,DE_LU,actual_onshore_wind_generation,Wind Onshore,2026-08-09T05:18:04Z
2026-08-09T05:15:34Z,2026-08-09T07:15:34+0200,72a31bd2-8518-490a-bfbe-24bda838aac9,2026-07-09T13:45:00Z,2026-07-09T15:45:00+0200,6200.12742,MW,DE,DE_LU,actual_onshore_wind_generation,Wind Onshore,2026-08-09T05:18:04Z
2026-08-09T05:15:34Z,2026-08-09T07:15:34+0200,72a31bd2-8518-490a-bfbe-24bda838aac9,2026-07-09T14:00:00Z,2026-07-09T16:00:00+0200,6352.51771,MW,DE,DE_LU,actual_onshore_wind_generation,Wind Onshore,2026-08-09T05:18:04Z
2026-08-09T05:15:34Z,2026-08-09T07:15:34+0200,72a31bd2-8518-490a-bfbe-24bda838aac9,2026-07-09T14:15:00Z,2026-07-09T16:15:00+0200,6527.70767,MW,DE,DE_LU,actual_onshore_wind_generation,Wind Onshore,2026-08-09T05:18:04Z
2026-08-09T05:15:34Z,2026-08-09T07:15:34+0200,72a31bd2-8518-490a-bfbe-24bda838aac9,2026-07-09T14:30:00Z,2026-07-09T16:30:00+0200,6625.16523,MW,DE,DE_LU,actual_onshore_wind_generation,Wind Onshore,2026-08-09T05:18:04Z
2026-08-09T05:15:34Z,2026-08-09T07:15:34+0200,72a31bd2-8518-490a-bfbe-24bda838aac9,2026-07-09T14:45:00Z,2026-07-09T16:45:00+0200,6639.69419,MW,DE,DE_LU,actual_onshore_wind_generation,Wind Onshore,2026-08-09T05:18:04Z
2026-08-09T05:15:34Z,2026-08-09T07:15:34+0200,72a31bd2-8518-490a-bfbe-24bda838aac9,2026-07-09T15:00:00Z,2026-07-09T17:00:00+0200,6962.22762,MW,DE,DE_LU,actual_onshore_wind_generation,Wind Onshore,2026-08-09T05:18:04Z
2026-08-09T05:15:34Z,2026-08-09T07:15:34+0200,72a31bd2-8518-490a-bfbe-24bda838aac9,2026-07-09T15:15:00Z,2026-07-09T17:15:00+0200,7126.52695,MW,DE,DE_LU,actual_onshore_wind_generation,Wind Onshore,2026-08-09T05:18:04Z
2026-08-09T05:15:34Z,2026-08-09T07:15:34+0200,72a31bd2-8518-490a-bfbe-24bda838aac9,2026-07-09T15:30:00Z,2026-07-09T17:30:00+0200,7140.2603,MW,DE,DE_LU,actual_onshore_wind_generation,Wind Onshore,2026-08-09T05:18:04Z
2026-08-09T05:15:34Z,2026-08-09T07:15:34+0200,72a31bd2-8518-490a-bfbe-24bda838aac9,2026-07-09T15:45:00Z,2026-07-09T17:45:00+0200,7044.3646,MW,DE,DE_LU,actual_onshore_wind_generation,Wind Onshore,2026-08-09T05:18:04Z
2026-08-09T05:15:34Z,2026-08-09T07:15:34+0200,72a31bd2-8518-490a-bfbe-24bda838aac9,2026-07-09T16:00:00Z,2026-07-09T18:00:00+0200,7000.18938,MW,DE,DE_LU,actual_onshore_wind_generation,Wind Onshore,2026-08-09T05:18:04Z
2026-08-09T05:15:34Z,2026-08-09T07:15:34+0200,72a31bd2-8518-490a-bfbe-24bda838aac9,2026-07-09T16:15:00Z,2026-07-09T18:15:00+0200,6939.38522,MW,DE,DE_LU,actual_onshore_wind_generation,Wind Onshore,2026-08-09T05:18:04Z
2026-08-09T05:15:34Z,2026-08-09T07:15:34+0200,72a31bd2-8518-490a-bfbe-24bda838aac9,2026-07-09T16:30:00Z,2026-07-09T18:30:00+0200,6914.91147,MW,DE,DE_LU,actual_onshore_wind_generation,Wind Onshore,2026-08-09T05:18:04Z
2026-08-09T05:15:34Z,2026-08-09T07:15:34+0200,72a31bd2-8518-490a-bfbe-24bda838aac9,2026-07-09T16:45:00Z,2026-07-09T18:45:00+0200,6816.47887,MW,DE,DE_LU,actual_onshore_wind_generation,Wind Onshore,2026-08-09T05:18:04Z
2026-08-09T05:15:34Z,2026-08-09T07:15:34+0200,72a31bd2-8518-490a-bfbe-24bda838aac9,2026-07-09T17:00:00Z,2026-07-09T19:00:00+0200,6670.94027,MW,DE,DE_LU,actual_onshore_wind_generation,Wind Onshore,2026-08-09T05:18:04Z
2026-08-09T05:15:34Z,2026-08-09T07:15:34+0200,72a31bd2-8518-490a-bfbe-24bda838aac9,2026-07-09T17:15:00Z,2026-07-09T19:15:00+0200,6570.37854,MW,DE,DE_LU,actual_onshore_wind_generation,Wind Onshore,2026-08-09T05:18:04Z
2026-08-09T05:15:34Z,2026-08-09T07:15:34+0200,72a31bd2-8518-490a-bfbe-24bda838aac9,2026-07-09T17:30:00Z,2026-07-09T19:30:00+0200,6491.4889,MW,DE,DE_LU,actual_onshore_wind_generation,Wind Onshore,2026-08-09T05:18:04Z
2026-08-09T05:15:34Z,2026-08-09T07:15:34+0200,72a31bd2-8518-490a-bfbe-24bda838aac9,2026-07-09T17:45:00Z,2026-07-09T19:45:00+0200,6330.01772,MW,DE,DE_LU,actual_onshore_wind_generation,Wind Onshore,2026-08-09T05:18:04Z
2026-08-09T05:15:34Z,2026-08-09T07:15:34+0200,72a31bd2-8518-490a-bfbe-24bda838aac9,2026-07-09T18:00:00Z,2026-07-09T20:00:00+0200,6114.45055,MW,DE,DE_LU,actual_onshore_wind_generation,Wind Onshore,2026-08-09T05:18:04Z
2026-08-09T05:15:34Z,2026-08-09T07:15:34+0200,72a31bd2-8518-490a-bfbe-24bda838aac9,2026-07-09T18:15:00Z,2026-07-09T20:15:00+0200,5913.70811,MW,DE,DE_LU,actual_onshore_wind_generation,Wind Onshore,2026-08-09T05:18:04Z
2026-08-09T05:15:34Z,2026-08-09T07:15:34+0200,72a31bd2-8518-490a-bfbe-24bda838aac9,2026-07-09T18:30:00Z,2026-07-09T20:30:00+0200,5629.33329,MW,DE,DE_LU,actual_onshore_wind_generation,Wind Onshore,2026-08-09T05:18:04Z
2026-08-09T05:15:34Z,2026-08-09T07:15:34+0200,72a31bd2-8518-490a-bfbe-24bda838aac9,2026-07-09T18:45:00Z,2026-07-09T20:45:00+0200,5420.4035,MW,DE,DE_LU,actual_onshore_wind_generation,Wind Onshore,2026-08-09T05:18:04Z
2026-08-09T05:15:34Z,2026-08-09T07:15:34+0200,72a31bd2-8518-490a-bfbe-24bda838aac9,2026-07-09T19:00:00Z,2026-07-09T21:00:00+0200,5428.39281,MW,DE,DE_LU,actual_onshore_wind_generation,Wind Onshore,2026-08-09T05:18:04Z
2026-08-09T05:15:34Z,2026-08-09T07:15:34+0200,72a31bd2-8518-490a-bfbe-24bda838aac9,2026-07-09T19:15:00Z,2026-07-09T21:15:00+0200,5542.63002,MW,DE,DE_LU,actual_onshore_wind_generation,Wind Onshore,2026-08-09T05:18:04Z
2026-08-09T05:15:34Z,2026-08-09T07:15:34+0200,72a31bd2-8518-490a-bfbe-24bda838aac9,2026-07-09T19:30:00Z,2026-07-09T21:30:00+0200,5639.27378,MW,DE,DE_LU,actual_onshore_wind_generation,Wind Onshore,2026-08-09T05:18:04Z
2026-08-09T05:15:34Z,2026-08-09T07:15:34+0200,72a31bd2-8518-490a-bfbe-24bda838aac9,2026-07-09T19:45:00Z,2026-07-09T21:45:00+0200,5504.56222,MW,DE,DE_LU,actual_onshore_wind_generation,Wind Onshore,2026-08-09T05:18:04Z
2026-08-09T05:15:34Z,2026-08-09T07:15:34+0200,72a31bd2-8518-490a-bfbe-24bda838aac9,2026-07-09T20:00:00Z,2026-07-09T22:00:00+0200,5497.6015,MW,DE,DE_LU,actual_onshore_wind_generation,Wind Onshore,2026-08-09T05:18:04Z
2026-08-09T05:15:34Z,2026-08-09T07:15:34+0200,72a31bd2-8518-490a-bfbe-24bda838aac9,2026-07-09T20:15:00Z,2026-07-09T22:15:00+0200,5694.63522,MW,DE,DE_LU,actual_onshore_wind_generation,Wind Onshore,2026-08-09T05:18:04Z
2026-08-09T05:15:34Z,2026-08-09T07:15:34+0200,72a31bd2-8518-490a-bfbe-24bda838aac9,2026-07-09T20:30:00Z,2026-07-09T22:30:00+0200,5874.18091,MW,DE,DE_LU,actual_onshore_wind_generation,Wind Onshore,2026-08-09T05:18:04Z
2026-08-09T05:15:34Z,2026-08-09T07:15:34+0200,72a31bd2-8518-490a-bfbe-24bda838aac9,2026-07-09T20:45:00Z,2026-07-09T22:45:00+0200,6033.19843,MW,DE,DE_LU,actual_onshore_wind_generation,Wind Onshore,2026-08-09T05:18:04Z
2026-08-09T05:15:34Z,2026-08-09T07:15:34+0200,72a31bd2-8518-490a-bfbe-24bda838aac9,2026-07-09T21:00:00Z,2026-07-09T23:00:00+0200,6183.27768,MW,DE,DE_LU,actual_onshore_wind_generation,Wind Onshore,2026-08-09T05:18:04Z
2026-08-09T05:15:34Z,2026-08-09T07:15:34+0200,72a31bd2-8518-490a-bfbe-24bda838aac9,2026-07-09T21:15:00Z,2026-07-09T23:15:00+0200,6380.94093,MW,DE,DE_LU,actual_onshore_wind_generation,Wind Onshore,2026-08-09T05:18:04Z
2026-08-09T05:15:34Z,2026-08-09T07:15:34+0200,72a31bd2-8518-490a-bfbe-24bda838aac9,2026-07-09T21:30:00Z,2026-07-09T23:30:00+0200,6472.83911,MW,DE,DE_LU,actual_onshore_wind_generation,Wind Onshore,2026-08-09T05:18:04Z
2026-08-09T05:15:34Z,2026-08-09T07:15:34+0200,72a31bd2-8518-490a-bfbe-24bda838aac9,2026-07-09T21:45:00Z,2026-07-09T23:45:00+0200,6542.54397,MW,DE,DE_LU,actual_onshore_wind_generation,Wind Onshore,2026-08-09T05:18:04Z
2026-08-09T05:15:34Z,2026-08-09T07:15:34+0200,72a31bd2-8518-490a-bfbe-24bda838aac9,2026-07-09T22:00:00Z,2026-07-10T00:00:00+0200,6509.94189,MW,DE,DE_LU,actual_onshore_wind_generation,Wind Onshore,2026-08-09T05:18:04Z
2026-08-09T05:15:34Z,2026-08-09T07:15:34+0200,72a31bd2-8518-490a-bfbe-24bda838aac9,2026-07-09T22:15:00Z,2026-07-10T00:15:00+0200,6495.57847,MW,DE,DE_LU,actual_onshore_wind_generation,Wind Onshore,2026-08-09T05:18:04Z
2026-08-09T05:15:34Z,2026-08-09T07:15:34+0200,72a31bd2-8518-490a-bfbe-24bda838aac9,2026-07-09T22:30:00Z,2026-07-10T00:30:00+0200,6371.65338,MW,DE,DE_LU,actual_onshore_wind_generation,Wind Onshore,2026-08-09T05:18:04Z
2026-08-09T05:15:34Z,2026-08-09T07:15:34+0200,72a31bd2-8518-490a-bfbe-24bda838aac9,2026-07-09T22:45:00Z,2026-07-10T00:45:00+0200,6282.1941,MW,DE,DE_LU,actual_onshore_wind_generation,Wind Onshore,2026-08-09T05:18:04Z
2026-08-09T05:15:34Z,2026-08-09T07:15:34+0200,72a31bd2-8518-490a-bfbe-24bda838aac9,2026-07-09T23:00:00Z,2026-07-10T01:00:00+0200,6160.45269,MW,DE,DE_LU,actual_onshore_wind_generation,Wind Onshore,2026-08-09T05:18:04Z
2026-08-09T05:15:34Z,2026-08-09T07:15:34+0200,72a31bd2-8518-490a-bfbe-24bda838aac9,2026-07-09T23:15:00Z,2026-07-10T01:15:00+0200,6151.66279,MW,DE,DE_LU,actual_onshore_wind_generation,Wind Onshore,2026-08-09T05:18:04Z
2026-08-09T05:15:34Z,2026-08-09T07:15:34+0200,72a31bd2-8518-490a-bfbe-24bda838aac9,2026-07-09T23:30:00Z,2026-07-10T01:30:00+0200,6140.35928,MW,DE,DE_LU,actual_onshore_wind_generation,Wind Onshore,2026-08-09T05:18:04Z
2026-08-09T05:15:34Z,2026-08-09T07:15:34+0200,72a31bd2-8518-490a-bfbe-24bda838aac9,2026-07-09T23:45:00Z,2026-07-10T01:45:00+0200,6074.45354,MW,DE,DE_LU,actual_onshore_wind_generation,Wind Onshore,2026-08-09T05:18:04Z
2026-08-09T05:15:34Z,2026-08-09T07:15:34+0200,72a31bd2-8518-490a-bfbe-24bda838aac9,2026-07-10T00:00:00Z,2026-07-10T02:00:00+0200,5950.68331,MW,DE,DE_LU,actual_onshore_wind_generation,Wind Onshore,2026-08-09T05:18:04Z
2026-08-09T05:15:34Z,2026-08-09T07:15:34+0200,72a31bd2-8518-490a-bfbe-24bda838aac9,2026-07-10T00:15:00Z,2026-07-10T02:15:00+0200,5873.32459,MW,DE,DE_LU,actual_onshore_wind_generation,Wind Onshore,2026-08-09T05:18:04Z
2026-08-09T05:15:34Z,2026-08-09T07:15:34+0200,72a31bd2-8518-490a-bfbe-24bda838aac9,2026-07-10T00:30:00Z,2026-07-10T02:30:00+0200,5715.56457,MW,DE,DE_LU,actual_onshore_wind_generation,Wind Onshore,2026-08-09T05:18:04Z
2026-08-09T05:15:34Z,2026-08-09T07:15:34+0200,72a31bd2-8518-490a-bfbe-24bda838aac9,2026-07-10T00:45:00Z,2026-07-10T02:45:00+0200,5589.06582,MW,DE,DE_LU,actual_onshore_wind_generation,Wind Onshore,2026-08-09T05:18:04Z
2026-08-09T05:15:34Z,2026-08-09T07:15:34+0200,72a31bd2-8518-490a-bfbe-24bda838aac9,2026-07-10T01:00:00Z,2026-07-10T03:00:00+0200,5434.46161,MW,DE,DE_LU,actual_onshore_wind_generation,Wind Onshore,2026-08-09T05:18:04Z
2026-08-09T05:15:34Z,2026-08-09T07:15:34+0200,72a31bd2-8518-490a-bfbe-24bda838aac9,2026-07-10T01:15:00Z,2026-07-10T03:15:00+0200,5278.81533,MW,DE,DE_LU,actual_onshore_wind_generation,Wind Onshore,2026-08-09T05:18:04Z
2026-08-09T05:15:34Z,2026-08-09T07:15:34+0200,72a31bd2-8518-490a-bfbe-24bda838aac9,2026-07-10T01:30:00Z,2026-07-10T03:30:00+0200,5063.97484,MW,DE,DE_LU,actual_onshore_wind_generation,Wind Onshore,2026-08-09T05:18:04Z
2026-08-09T05:15:34Z,2026-08-09T07:15:34+0200,72a31bd2-8518-490a-bfbe-24bda838aac9,2026-07-10T01:45:00Z,2026-07-10T03:45:00+0200,4907.91963,MW,DE,DE_LU,actual_onshore_wind_generation,Wind Onshore,2026-08-09T05:18:04Z
2026-08-09T05:15:34Z,2026-08-09T07:15:34+0200,72a31bd2-8518-490a-bfbe-24bda838aac9,2026-07-10T02:00:00Z,2026-07-10T04:00:00+0200,4790.9359,MW,DE,DE_LU,actual_onshore_wind_generation,Wind Onshore,2026-08-09T05:18:04Z
2026-08-09T05:15:34Z,2026-08-09T07:15:34+0200,72a31bd2-8518-490a-bfbe-24bda838aac9,2026-07-10T02:15:00Z,2026-07-10T04:15:00+0200,4665.64756,MW,DE,DE_LU,actual_onshore_wind_generation,Wind Onshore,2026-08-09T05:18:04Z
2026-08-09T05:15:34Z,2026-08-09T07:15:34+0200,72a31bd2-8518-490a-bfbe-24bda838aac9,2026-07-10T02:30:00Z,2026-07-10T04:30:00+0200,4536.04943,MW,DE,DE_LU,actual_onshore_wind_generation,Wind Onshore,2026-08-09T05:18:04Z
2026-08-09T05:15:34Z,2026-08-09T07:15:34+0200,72a31bd2-8518-490a-bfbe-24bda838aac9,2026-07-10T02:45:00Z,2026-07-10T04:45:00+0200,4485.32434,MW,DE,DE_LU,actual_onshore_wind_generation,Wind Onshore,2026-08-09T05:18:04Z
2026-08-09T05:15:34Z,2026-08-09T07:15:34+0200,72a31bd2-8518-490a-bfbe-24bda838aac9,2026-07-10T03:00:00Z,2026-07-10T05:00:00+0200,4384.65478,MW,DE,DE_LU,actual_onshore_wind_generation,Wind Onshore,2026-08-09T05:18:04Z
2026-08-09T05:15:34Z,2026-08-09T07:15:34+0200,72a31bd2-8518-490a-bfbe-24bda838aac9,2026-07-10T03:15:00Z,2026-07-10T05:15:00+0200,4444.85475,MW,DE,DE_LU,actual_onshore_wind_generation,Wind Onshore,2026-08-09T05:18:04Z
2026-08-09T05:15:34Z,2026-08-09T07:15:34+0200,72a31bd2-8518-490a-bfbe-24bda838aac9,2026-07-10T03:30:00Z,2026-07-10T05:30:00+0200,4475.49281,MW,DE,DE_LU,actual_onshore_wind_generation,Wind Onshore,2026-08-09T05:18:04Z
2026-08-09T05:15:34Z,2026-08-09T07:15:34+0200,72a31bd2-8518-490a-bfbe-24bda838aac9,2026-07-10T03:45:00Z,2026-07-10T05:45:00+0200,4363.21472,MW,DE,DE_LU,actual_onshore_wind_generation,Wind Onshore,2026-08-09T05:18:04Z
2026-08-09T05:15:34Z,2026-08-09T07:15:34+0200,72a31bd2-8518-490a-bfbe-24bda838aac9,2026-07-10T04:00:00Z,2026-07-10T06:00:00+0200,4182.63944,MW,DE,DE_LU,actual_onshore_wind_generation,Wind Onshore,2026-08-09T05:18:04Z
2026-08-09T05:15:34Z,2026-08-09T07:15:34+0200,72a31bd2-8518-490a-bfbe-24bda838aac9,2026-07-10T04:15:00Z,2026-07-10T06:15:00+0200,3913.24627,MW,DE,DE_LU,actual_onshore_wind_generation,Wind Onshore,2026-08-09T05:18:04Z
2026-08-09T05:15:34Z,2026-08-09T07:15:34+0200,72a31bd2-8518-490a-bfbe-24bda838aac9,2026-07-10T04:30:00Z,2026-07-10T06:30:00+0200,3618.28348,MW,DE,DE_LU,actual_onshore_wind_generation,Wind Onshore,2026-08-09T05:18:04Z
2026-08-09T05:15:34Z,2026-08-09T07:15:34+0200,72a31bd2-8518-490a-bfbe-24bda838aac9,2026-07-10T04:45:00Z,2026-07-10T06:45:00+0200,3205.95164,MW,DE,DE_LU,actual_onshore_wind_generation,Wind Onshore,2026-08-09T05:18:04Z
2026-08-09T05:15:34Z,2026-08-09T07:15:34+0200,72a31bd2-8518-490a-bfbe-24bda838aac9,2026-07-10T05:00:00Z,2026-07-10T07:00:00+0200,2787.78342,MW,DE,DE_LU,actual_onshore_wind_generation,Wind Onshore,2026-08-09T05:18:04Z
2026-08-09T05:15:34Z,2026-08-09T07:15:34+0200,72a31bd2-8518-490a-bfbe-24bda838aac9,2026-07-10T05:15:00Z,2026-07-10T07:15:00+0200,2327.83266,MW,DE,DE_LU,actual_onshore_wind_generation,Wind Onshore,2026-08-09T05:18:04Z
2026-08-09T05:15:34Z,2026-08-09T07:15:34+0200,72a31bd2-8518-490a-bfbe-24bda838aac9,2026-07-10T05:30:00Z,2026-07-10T07:30:00+0200,1882.17992,MW,DE,DE_LU,actual_onshore_wind_generation,Wind Onshore,2026-08-09T05:18:04Z
2026-08-09T05:15:34Z,2026-08-09T07:15:34+0200,72a31bd2-8518-490a-bfbe-24bda838aac9,2026-07-10T05:45:00Z,2026-07-10T07:45:00+0200,1557.21999,MW,DE,DE_LU,actual_onshore_wind_generation,Wind Onshore,2026-08-09T05:18:04Z
2026-08-09T05:15:34Z,2026-08-09T07:15:34+0200,72a31bd2-8518-490a-bfbe-24bda838aac9,2026-07-10T06:00:00Z,2026-07-10T08:00:00+0200,1396.75724,MW,DE,DE_LU,actual_onshore_wind_generation,Wind Onshore,2026-08-09T05:18:04Z
2026-08-09T05:15:34Z,2026-08-09T07:15:34+0200,72a31bd2-8518-490a-bfbe-24bda838aac9,2026-07-10T06:15:00Z,2026-07-10T08:15:00+0200,1210.77564,MW,DE,DE_LU,actual_onshore_wind_generation,Wind Onshore,2026-08-09T05:18:04Z
2026-08-09T05:15:34Z,2026-08-09T07:15:34+0200,72a31bd2-8518-490a-bfbe-24bda838aac9,2026-07-10T06:30:00Z,2026-07-10T08:30:00+0200,1114.70857,MW,DE,DE_LU,actual_onshore_wind_generation,Wind Onshore,2026-08-09T05:18:04Z
2026-08-09T05:15:34Z,2026-08-09T07:15:34+0200,72a31bd2-8518-490a-bfbe-24bda838aac9,2026-07-10T06:45:00Z,2026-07-10T08:45:00+0200,1050.23732,MW,DE,DE_LU,actual_onshore_wind_generation,Wind Onshore,2026-08-09T05:18:04Z
2026-08-09T05:15:34Z,2026-08-09T07:15:34+0200,72a31bd2-8518-490a-bfbe-24bda838aac9,2026-07-10T07:00:00Z,2026-07-10T09:00:00+0200,1060.12756,MW,DE,DE_LU,actual_onshore_wind_generation,Wind Onshore,2026-08-09T05:18:04Z
2026-08-09T05:15:34Z,2026-08-09T07:15:34+0200,72a31bd2-8518-490a-bfbe-24bda838aac9,2026-07-10T07:15:00Z,2026-07-10T09:15:00+0200,1091.98184,MW,DE,DE_LU,actual_onshore_wind_generation,Wind Onshore,2026-08-09T05:18:04Z
2026-08-09T05:15:34Z,2026-08-09T07:15:34+0200,72a31bd2-8518-490a-bfbe-24bda838aac9,2026-07-10T07:30:00Z,2026-07-10T09:30:00+0200,1141.13112,MW,DE,DE_LU,actual_onshore_wind_generation,Wind Onshore,2026-08-09T05:18:04Z
2026-08-09T05:15:34Z,2026-08-09T07:15:34+0200,72a31bd2-8518-490a-bfbe-24bda838aac9,2026-07-10T07:45:00Z,2026-07-10T09:45:00+0200,1238.11786,MW,DE,DE_LU,actual_onshore_wind_generation,Wind Onshore,2026-08-09T05:18:04Z
2026-08-09T05:15:34Z,2026-08-09T07:15:34+0200,72a31bd2-8518-490a-bfbe-24bda838aac9,2026-07-10T08:00:00Z,2026-07-10T10:00:00+0200,1327.12028,MW,DE,DE_LU,actual_onshore_wind_generation,Wind Onshore,2026-08-09T05:18:04Z
2026-08-09T05:15:34Z,2026-08-09T07:15:34+0200,72a31bd2-8518-490a-bfbe-24bda838aac9,2026-07-10T08:15:00Z,2026-07-10T10:15:00+0200,1434.70148,MW,DE,DE_LU,actual_onshore_wind_generation,Wind Onshore,2026-08-09T05:18:04Z
2026-08-09T05:15:34Z,2026-08-09T07:15:34+0200,72a31bd2-8518-490a-bfbe-24bda838aac9,2026-07-10T08:30:00Z,2026-07-10T10:30:00+0200,1517.25158,MW,DE,DE_LU,actual_onshore_wind_generation,Wind Onshore,2026-08-09T05:18:04Z
2026-08-09T05:15:34Z,2026-08-09T07:15:34+0200,72a31bd2-8518-490a-bfbe-24bda838aac9,2026-07-10T08:45:00Z,2026-07-10T10:45:00+0200,1590.2209,MW,DE,DE_LU,actual_onshore_wind_generation,Wind Onshore,2026-08-09T05:18:04Z
2026-08-09T05:15:34Z,2026-08-09T07:15:34+0200,72a31bd2-8518-490a-bfbe-24bda838aac9,2026-07-10T09:00:00Z,2026-07-10T11:00:00+0200,1683.41409,MW,DE,DE_LU,actual_onshore_wind_generation,Wind Onshore,2026-08-09T05:18:04Z
2026-08-09T05:15:34Z,2026-08-09T07:15:34+0200,72a31bd2-8518-490a-bfbe-24bda838aac9,2026-07-10T09:15:00Z,2026-07-10T11:15:00+0200,1800.94139,MW,DE,DE_LU,actual_onshore_wind_generation,Wind Onshore,2026-08-09T05:18:04Z
2026-08-09T05:15:34Z,2026-08-09T07:15:34+0200,72a31bd2-8518-490a-bfbe-24bda838aac9,2026-07-10T09:30:00Z,2026-07-10T11:30:00+0200,1878.75699,MW,DE,DE_LU,actual_onshore_wind_generation,Wind Onshore,2026-08-09T05:18:04Z
2026-08-09T05:15:34Z,2026-08-09T07:15:34+0200,72a31bd2-8518-490a-bfbe-24bda838aac9,2026-07-10T09:45:00Z,2026-07-10T11:45:00+0200,1956.11764,MW,DE,DE_LU,actual_onshore_wind_generation,Wind Onshore,2026-08-09T05:18:04Z
2026-08-09T05:15:34Z,2026-08-09T07:15:34+0200,72a31bd2-8518-490a-bfbe-24bda838aac9,2026-07-10T10:00:00Z,2026-07-10T12:00:00+0200,2067.50438,MW,DE,DE_LU,actual_onshore_wind_generation,Wind Onshore,2026-08-09T05:18:04Z
2026-08-09T05:15:34Z,2026-08-09T07:15:34+0200,72a31bd2-8518-490a-bfbe-24bda838aac9,2026-07-10T10:15:00Z,2026-07-10T12:15:00+0200,2191.75019,MW,DE,DE_LU,actual_onshore_wind_generation,Wind Onshore,2026-08-09T05:18:04Z
2026-08-09T05:15:34Z,2026-08-09T07:15:34+0200,72a31bd2-8518-490a-bfbe-24bda838aac9,2026-07-10T10:30:00Z,2026-07-10T12:30:00+0200,2324.79904,MW,DE,DE_LU,actual_onshore_wind_generation,Wind Onshore,2026-08-09T05:18:04Z
2026-08-09T05:15:34Z,2026-08-09T07:15:34+0200,72a31bd2-8518-490a-bfbe-24bda838aac9,2026-07-10T10:45:00Z,2026-07-10T12:45:00+0200,2402.39908,MW,DE,DE_LU,actual_onshore_wind_generation,Wind Onshore,2026-08-09T05:18:04Z
2026-08-09T05:15:34Z,2026-08-09T07:15:34+0200,72a31bd2-8518-490a-bfbe-24bda838aac9,2026-07-10T11:00:00Z,2026-07-10T13:00:00+0200,2567.48397,MW,DE,DE_LU,actual_onshore_wind_generation,Wind Onshore,2026-08-09T05:18:04Z
2026-08-09T05:15:34Z,2026-08-09T07:15:34+0200,72a31bd2-8518-490a-bfbe-24bda838aac9,2026-07-10T11:15:00Z,2026-07-10T13:15:00+0200,2651.03509,MW,DE,DE_LU,actual_onshore_wind_generation,Wind Onshore,2026-08-09T05:18:04Z
2026-08-09T05:15:34Z,2026-08-09T07:15:34+0200,72a31bd2-8518-490a-bfbe-24bda838aac9,2026-07-10T11:30:00Z,2026-07-10T13:30:00+0200,2789.60571,MW,DE,DE_LU,actual_onshore_wind_generation,Wind Onshore,2026-08-09T05:18:04Z
2026-08-09T05:15:34Z,2026-08-09T07:15:34+0200,72a31bd2-8518-490a-bfbe-24bda838aac9,2026-07-10T11:45:00Z,2026-07-10T13:45:00+0200,2891.94287,MW,DE,DE_LU,actual_onshore_wind_generation,Wind Onshore,2026-08-09T05:18:04Z
2026-08-09T05:15:34Z,2026-08-09T07:15:34+0200,72a31bd2-8518-490a-bfbe-24bda838aac9,2026-07-10T12:00:00Z,2026-07-10T14:00:00+0200,3013.66185,MW,DE,DE_LU,actual_onshore_wind_generation,Wind Onshore,2026-08-09T05:18:04Z
2026-08-09T05:15:34Z,2026-08-09T07:15:34+0200,72a31bd2-8518-490a-bfbe-24bda838aac9,2026-07-10T12:15:00Z,2026-07-10T14:15:00+0200,3154.83775,MW,DE,DE_LU,actual_onshore_wind_generation,Wind Onshore,2026-08-09T05:18:04Z
2026-08-09T05:15:34Z,2026-08-09T07:15:34+0200,72a31bd2-8518-490a-bfbe-24bda838aac9,2026-07-10T12:30:00Z,2026-07-10T14:30:00+0200,3265.91255,MW,DE,DE_LU,actual_onshore_wind_generation,Wind Onshore,2026-08-09T05:18:04Z
2026-08-09T05:15:34Z,2026-08-09T07:15:34+0200,72a31bd2-8518-490a-bfbe-24bda838aac9,2026-07-10T12:45:00Z,2026-07-10T14:45:00+0200,3368.0269,MW,DE,DE_LU,actual_onshore_wind_generation,Wind Onshore,2026-08-09T05:18:04Z
2026-08-09T05:15:34Z,2026-08-09T07:15:34+0200,72a31bd2-8518-490a-bfbe-24bda838aac9,2026-07-10T13:00:00Z,2026-07-10T15:00:00+0200,3529.96656,MW,DE,DE_LU,actual_onshore_wind_generation,Wind Onshore,2026-08-09T05:18:04Z
2026-08-09T05:15:34Z,2026-08-09T07:15:34+0200,72a31bd2-8518-490a-bfbe-24bda838aac9,2026-07-10T13:15:00Z,2026-07-10T15:15:00+0200,3682.81926,MW,DE,DE_LU,actual_onshore_wind_generation,Wind Onshore,2026-08-09T05:18:04Z
2026-08-09T05:15:34Z,2026-08-09T07:15:34+0200,72a31bd2-8518-490a-bfbe-24bda838aac9,2026-07-10T13:30:00Z,2026-07-10T15:30:00+0200,3786.97131,MW,DE,DE_LU,actual_onshore_wind_generation,Wind Onshore,2026-08-09T05:18:04Z
2026-08-09T05:15:34Z,2026-08-09T07:15:34+0200,72a31bd2-8518-490a-bfbe-24bda838aac9,2026-07-10T13:45:00Z,2026-07-10T15:45:00+0200,3870.33255,MW,DE,DE_LU,actual_onshore_wind_generation,Wind Onshore,2026-08-09T05:18:04Z
2026-08-09T05:15:34Z,2026-08-09T07:15:34+0200,72a31bd2-8518-490a-bfbe-24bda838aac9,2026-07-10T14:00:00Z,2026-07-10T16:00:00+0200,4101.5003,MW,DE,DE_LU,actual_onshore_wind_generation,Wind Onshore,2026-08-09T05:18:04Z
2026-08-09T05:15:34Z,2026-08-09T07:15:34+0200,72a31bd2-8518-490a-bfbe-24bda838aac9,2026-07-10T14:15:00Z,2026-07-10T16:15:00+0200,4254.74912,MW,DE,DE_LU,actual_onshore_wind_generation,Wind Onshore,2026-08-09T05:18:04Z
2026-08-09T05:15:34Z,2026-08-09T07:15:34+0200,72a31bd2-8518-490a-bfbe-24bda838aac9,2026-07-10T14:30:00Z,2026-07-10T16:30:00+0200,4357.49121,MW,DE,DE_LU,actual_onshore_wind_generation,Wind Onshore,2026-08-09T05:18:04Z
2026-08-09T05:15:34Z,2026-08-09T07:15:34+0200,72a31bd2-8518-490a-bfbe-24bda838aac9,2026-07-10T14:45:00Z,2026-07-10T16:45:00+0200,4482.19045,MW,DE,DE_LU,actual_onshore_wind_generation,Wind Onshore,2026-08-09T05:18:04Z
2026-08-09T05:15:34Z,2026-08-09T07:15:34+0200,72a31bd2-8518-490a-bfbe-24bda838aac9,2026-07-10T15:00:00Z,2026-07-10T17:00:00+0200,4589.18024,MW,DE,DE_LU,actual_onshore_wind_generation,Wind Onshore,2026-08-09T05:18:04Z
2026-08-09T05:15:34Z,2026-08-09T07:15:34+0200,72a31bd2-8518-490a-bfbe-24bda838aac9,2026-07-10T15:15:00Z,2026-07-10T17:15:00+0200,4612.66964,MW,DE,DE_LU,actual_onshore_wind_generation,Wind Onshore,2026-08-09T05:18:04Z
2026-08-09T05:15:34Z,2026-08-09T07:15:34+0200,72a31bd2-8518-490a-bfbe-24bda838aac9,2026-07-10T15:30:00Z,2026-07-10T17:30:00+0200,4731.95517,MW,DE,DE_LU,actual_onshore_wind_generation,Wind Onshore,2026-08-09T05:18:04Z
2026-08-09T05:15:34Z,2026-08-09T07:15:34+0200,72a31bd2-8518-490a-bfbe-24bda838aac9,2026-07-10T15:45:00Z,2026-07-10T17:45:00+0200,4928.60155,MW,DE,DE_LU,actual_onshore_wind_generation,Wind Onshore,2026-08-09T05:18:04Z
2026-08-09T05:15:34Z,2026-08-09T07:15:34+0200,72a31bd2-8518-490a-bfbe-24bda838aac9,2026-07-10T16:00:00Z,2026-07-10T18:00:00+0200,5065.73707,MW,DE,DE_LU,actual_onshore_wind_generation,Wind Onshore,2026-08-09T05:18:04Z
2026-08-09T05:15:34Z,2026-08-09T07:15:34+0200,72a31bd2-8518-490a-bfbe-24bda838aac9,2026-07-10T16:15:00Z,2026-07-10T18:15:00+0200,5198.46026,MW,DE,DE_LU,actual_onshore_wind_generation,Wind Onshore,2026-08-09T05:18:04Z
2026-08-09T05:15:34Z,2026-08-09T07:15:34+0200,72a31bd2-8518-490a-bfbe-24bda838aac9,2026-07-10T16:30:00Z,2026-07-10T18:30:00+0200,5332.81733,MW,DE,DE_LU,actual_onshore_wind_generation,Wind Onshore,2026-08-09T05:18:04Z
2026-08-09T05:15:34Z,2026-08-09T07:15:34+0200,72a31bd2-8518-490a-bfbe-24bda838aac9,2026-07-10T16:45:00Z,2026-07-10T18:45:00+0200,5437.13675,MW,DE,DE_LU,actual_onshore_wind_generation,Wind Onshore,2026-08-09T05:18:04Z
2026-08-09T05:15:34Z,2026-08-09T07:15:34+0200,72a31bd2-8518-490a-bfbe-24bda838aac9,2026-07-10T17:00:00Z,2026-07-10T19:00:00+0200,5574.10079,MW,DE,DE_LU,actual_onshore_wind_generation,Wind Onshore,2026-08-09T05:18:04Z
2026-08-09T05:15:34Z,2026-08-09T07:15:34+0200,72a31bd2-8518-490a-bfbe-24bda838aac9,2026-07-10T17:15:00Z,2026-07-10T19:15:00+0200,5624.15653,MW,DE,DE_LU,actual_onshore_wind_generation,Wind Onshore,2026-08-09T05:18:04Z
2026-08-09T05:15:34Z,2026-08-09T07:15:34+0200,72a31bd2-8518-490a-bfbe-24bda838aac9,2026-07-10T17:30:00Z,2026-07-10T19:30:00+0200,5783.9745,MW,DE,DE_LU,actual_onshore_wind_generation,Wind Onshore,2026-08-09T05:18:04Z
2026-08-09T05:15:34Z,2026-08-09T07:15:34+0200,72a31bd2-8518-490a-bfbe-24bda838aac9,2026-07-10T17:45:00Z,2026-07-10T19:45:00+0200,5969.32307,MW,DE,DE_LU,actual_onshore_wind_generation,Wind Onshore,2026-08-09T05:18:04Z
2026-08-09T05:15:34Z,2026-08-09T07:15:34+0200,72a31bd2-8518-490a-bfbe-24bda838aac9,2026-07-10T18:00:00Z,2026-07-10T20:00:00+0200,6070.30746,MW,DE,DE_LU,actual_onshore_wind_generation,Wind Onshore,2026-08-09T05:18:04Z
2026-08-09T05:15:34Z,2026-08-09T07:15:34+0200,72a31bd2-8518-490a-bfbe-24bda838aac9,2026-07-10T18:15:00Z,2026-07-10T20:15:00+0200,6222.33765,MW,DE,DE_LU,actual_onshore_wind_generation,Wind Onshore,2026-08-09T05:18:04Z
2026-08-09T05:15:34Z,2026-08-09T07:15:34+0200,72a31bd2-8518-490a-bfbe-24bda838aac9,2026-07-10T18:30:00Z,2026-07-10T20:30:00+0200,6296.44092,MW,DE,DE_LU,actual_onshore_wind_generation,Wind Onshore,2026-08-09T05:18:04Z
2026-08-09T05:15:34Z,2026-08-09T07:15:34+0200,72a31bd2-8518-490a-bfbe-24bda838aac9,2026-07-10T18:45:00Z,2026-07-10T20:45:00+0200,6371.43182,MW,DE,DE_LU,actual_onshore_wind_generation,Wind Onshore,2026-08-09T05:18:04Z
2026-08-09T05:15:34Z,2026-08-09T07:15:34+0200,72a31bd2-8518-490a-bfbe-24bda838aac9,2026-07-10T19:00:00Z,2026-07-10T21:00:00+0200,6756.98804,MW,DE,DE_LU,actual_onshore_wind_generation,Wind Onshore,2026-08-09T05:18:04Z
2026-08-09T05:15:34Z,2026-08-09T07:15:34+0200,72a31bd2-8518-490a-bfbe-24bda838aac9,2026-07-10T19:15:00Z,2026-07-10T21:15:00+0200,7372.14394,MW,DE,DE_LU,actual_onshore_wind_generation,Wind Onshore,2026-08-09T05:18:04Z
2026-08-09T05:15:34Z,2026-08-09T07:15:34+0200,72a31bd2-8518-490a-bfbe-24bda838aac9,2026-07-10T19:30:00Z,2026-07-10T21:30:00+0200,7704.0023,MW,DE,DE_LU,actual_onshore_wind_generation,Wind Onshore,2026-08-09T05:18:04Z
2026-08-09T05:15:34Z,2026-08-09T07:15:34+0200,72a31bd2-8518-490a-bfbe-24bda838aac9,2026-07-10T19:45:00Z,2026-07-10T21:45:00+0200,7775.9356,MW,DE,DE_LU,actual_onshore_wind_generation,Wind Onshore,2026-08-09T05:18:04Z
2026-08-09T05:15:34Z,2026-08-09T07:15:34+0200,72a31bd2-8518-490a-bfbe-24bda838aac9,2026-07-10T20:00:00Z,2026-07-10T22:00:00+0200,8001.86267,MW,DE,DE_LU,actual_onshore_wind_generation,Wind Onshore,2026-08-09T05:18:04Z
2026-08-09T05:15:34Z,2026-08-09T07:15:34+0200,72a31bd2-8518-490a-bfbe-24bda838aac9,2026-07-10T20:15:00Z,2026-07-10T22:15:00+0200,8393.20739,MW,DE,DE_LU,actual_onshore_wind_generation,Wind Onshore,2026-08-09T05:18:04Z
2026-08-09T05:15:34Z,2026-08-09T07:15:34+0200,72a31bd2-8518-490a-bfbe-24bda838aac9,2026-07-10T20:30:00Z,2026-07-10T22:30:00+0200,8849.92516,MW,DE,DE_LU,actual_onshore_wind_generation,Wind Onshore,2026-08-09T05:18:04Z
2026-08-09T05:15:34Z,2026-08-09T07:15:34+0200,72a31bd2-8518-490a-bfbe-24bda838aac9,2026-07-10T20:45:00Z,2026-07-10T22:45:00+0200,9307.61377,MW,DE,DE_LU,actual_onshore_wind_generation,Wind Onshore,2026-08-09T05:18:04Z
2026-08-09T05:15:34Z,2026-08-09T07:15:34+0200,72a31bd2-8518-490a-bfbe-24bda838aac9,2026-07-10T21:00:00Z,2026-07-10T23:00:00+0200,9601.98015,MW,DE,DE_LU,actual_onshore_wind_generation,Wind Onshore,2026-08-09T05:18:04Z
2026-08-09T05:15:34Z,2026-08-09T07:15:34+0200,72a31bd2-8518-490a-bfbe-24bda838aac9,2026-07-10T21:15:00Z,2026-07-10T23:15:00+0200,9567.50457,MW,DE,DE_LU,actual_onshore_wind_generation,Wind Onshore,2026-08-09T05:18:04Z
2026-08-09T05:15:34Z,2026-08-09T07:15:34+0200,72a31bd2-8518-490a-bfbe-24bda838aac9,2026-07-10T21:30:00Z,2026-07-10T23:30:00+0200,9558.07971,MW,DE,DE_LU,actual_onshore_wind_generation,Wind Onshore,2026-08-09T05:18:04Z
2026-08-09T05:15:34Z,2026-08-09T07:15:34+0200,72a31bd2-8518-490a-bfbe-24bda838aac9,2026-07-10T21:45:00Z,2026-07-10T23:45:00+0200,9517.93597,MW,DE,DE_LU,actual_onshore_wind_generation,Wind Onshore,2026-08-09T05:18:04Z
2026-08-09T05:15:34Z,2026-08-09T07:15:34+0200,72a31bd2-8518-490a-bfbe-24bda838aac9,2026-07-10T22:00:00Z,2026-07-11T00:00:00+0200,9521.29117,MW,DE,DE_LU,actual_onshore_wind_generation,Wind Onshore,2026-08-09T05:18:04Z
2026-08-09T05:15:34Z,2026-08-09T07:15:34+0200,72a31bd2-8518-490a-bfbe-24bda838aac9,2026-07-10T22:15:00Z,2026-07-11T00:15:00+0200,9298.17823,MW,DE,DE_LU,actual_onshore_wind_generation,Wind Onshore,2026-08-09T05:18:04Z
2026-08-09T05:15:34Z,2026-08-09T07:15:34+0200,72a31bd2-8518-490a-bfbe-24bda838aac9,2026-07-10T22:30:00Z,2026-07-11T00:30:00+0200,8961.36351,MW,DE,DE_LU,actual_onshore_wind_generation,Wind Onshore,2026-08-09T05:18:04Z
2026-08-09T05:15:34Z,2026-08-09T07:15:34+0200,72a31bd2-8518-490a-bfbe-24bda838aac9,2026-07-10T22:45:00Z,2026-07-11T00:45:00+0200,8711.12712,MW,DE,DE_LU,actual_onshore_wind_generation,Wind Onshore,2026-08-09T05:18:04Z
2026-08-09T05:15:34Z,2026-08-09T07:15:34+0200,72a31bd2-8518-490a-bfbe-24bda838aac9,2026-07-10T23:00:00Z,2026-07-11T01:00:00+0200,8400.29886,MW,DE,DE_LU,actual_onshore_wind_generation,Wind Onshore,2026-08-09T05:18:04Z
2026-08-09T05:15:34Z,2026-08-09T07:15:34+0200,72a31bd2-8518-490a-bfbe-24bda838aac9,2026-07-10T23:15:00Z,2026-07-11T01:15:00+0200,8025.16223,MW,DE,DE_LU,actual_onshore_wind_generation,Wind Onshore,2026-08-09T05:18:04Z
2026-08-09T05:15:34Z,2026-08-09T07:15:34+0200,72a31bd2-8518-490a-bfbe-24bda838aac9,2026-07-10T23:30:00Z,2026-07-11T01:30:00+0200,7672.03969,MW,DE,DE_LU,actual_onshore_wind_generation,Wind Onshore,2026-08-09T05:18:04Z
2026-08-09T05:15:34Z,2026-08-09T07:15:34+0200,72a31bd2-8518-490a-bfbe-24bda838aac9,2026-07-10T23:45:00Z,2026-07-11T01:45:00+0200,7212.58911,MW,DE,DE_LU,actual_onshore_wind_generation,Wind Onshore,2026-08-09T05:18:04Z
2026-08-09T05:15:34Z,2026-08-09T07:15:34+0200,72a31bd2-8518-490a-bfbe-24bda838aac9,2026-07-11T00:00:00Z,2026-07-11T02:00:00+0200,6741.40636,MW,DE,DE_LU,actual_onshore_wind_generation,Wind Onshore,2026-08-09T05:18:04Z
2026-08-09T05:15:34Z,2026-08-09T07:15:34+0200,72a31bd2-8518-490a-bfbe-24bda838aac9,2026-07-11T00:15:00Z,2026-07-11T02:15:00+0200,6342.15483,MW,DE,DE_LU,actual_onshore_wind_generation,Wind Onshore,2026-08-09T05:18:04Z
2026-08-09T05:15:34Z,2026-08-09T07:15:34+0200,72a31bd2-8518-490a-bfbe-24bda838aac9,2026-07-11T00:30:00Z,2026-07-11T02:30:00+0200,5882.39353,MW,DE,DE_LU,actual_onshore_wind_generation,Wind Onshore,2026-08-09T05:18:04Z
2026-08-09T05:15:34Z,2026-08-09T07:15:34+0200,72a31bd2-8518-490a-bfbe-24bda838aac9,2026-07-11T00:45:00Z,2026-07-11T02:45:00+0200,5461.81944,MW,DE,DE_LU,actual_onshore_wind_generation,Wind Onshore,2026-08-09T05:18:04Z
2026-08-09T05:15:34Z,2026-08-09T07:15:34+0200,72a31bd2-8518-490a-bfbe-24bda838aac9,2026-07-11T01:00:00Z,2026-07-11T03:00:00+0200,5121.0058,MW,DE,DE_LU,actual_onshore_wind_generation,Wind Onshore,2026-08-09T05:18:04Z
2026-08-09T05:15:34Z,2026-08-09T07:15:34+0200,72a31bd2-8518-490a-bfbe-24bda838aac9,2026-07-11T01:15:00Z,2026-07-11T03:15:00+0200,4848.33587,MW,DE,DE_LU,actual_onshore_wind_generation,Wind Onshore,2026-08-09T05:18:04Z
2026-08-09T05:15:34Z,2026-08-09T07:15:34+0200,72a31bd2-8518-490a-bfbe-24bda838aac9,2026-07-11T01:30:00Z,2026-07-11T03:30:00+0200,4587.84439,MW,DE,DE_LU,actual_onshore_wind_generation,Wind Onshore,2026-08-09T05:18:04Z
2026-08-09T05:15:34Z,2026-08-09T07:15:34+0200,72a31bd2-8518-490a-bfbe-24bda838aac9,2026-07-11T01:45:00Z,2026-07-11T03:45:00+0200,4347.64779,MW,DE,DE_LU,actual_onshore_wind_generation,Wind Onshore,2026-08-09T05:18:04Z
2026-08-09T05:15:34Z,2026-08-09T07:15:34+0200,72a31bd2-8518-490a-bfbe-24bda838aac9,2026-07-11T02:00:00Z,2026-07-11T04:00:00+0200,4047.82025,MW,DE,DE_LU,actual_onshore_wind_generation,Wind Onshore,2026-08-09T05:18:04Z
2026-08-09T05:15:34Z,2026-08-09T07:15:34+0200,72a31bd2-8518-490a-bfbe-24bda838aac9,2026-07-11T02:15:00Z,2026-07-11T04:15:00+0200,3790.93665,MW,DE,DE_LU,actual_onshore_wind_generation,Wind Onshore,2026-08-09T05:18:04Z
2026-08-09T05:15:34Z,2026-08-09T07:15:34+0200,72a31bd2-8518-490a-bfbe-24bda838aac9,2026-07-11T02:30:00Z,2026-07-11T04:30:00+0200,3578.19192,MW,DE,DE_LU,actual_onshore_wind_generation,Wind Onshore,2026-08-09T05:18:04Z
2026-08-09T05:15:34Z,2026-08-09T07:15:34+0200,72a31bd2-8518-490a-bfbe-24bda838aac9,2026-07-11T02:45:00Z,2026-07-11T04:45:00+0200,3477.58613,MW,DE,DE_LU,actual_onshore_wind_generation,Wind Onshore,2026-08-09T05:18:04Z
2026-08-09T05:15:34Z,2026-08-09T07:15:34+0200,72a31bd2-8518-490a-bfbe-24bda838aac9,2026-07-11T03:00:00Z,2026-07-11T05:00:00+0200,3396.76485,MW,DE,DE_LU,actual_onshore_wind_generation,Wind Onshore,2026-08-09T05:18:04Z
2026-08-09T05:15:34Z,2026-08-09T07:15:34+0200,72a31bd2-8518-490a-bfbe-24bda838aac9,2026-07-11T03:15:00Z,2026-07-11T05:15:00+0200,3334.29614,MW,DE,DE_LU,actual_onshore_wind_generation,Wind Onshore,2026-08-09T05:18:04Z
2026-08-09T05:15:34Z,2026-08-09T07:15:34+0200,72a31bd2-8518-490a-bfbe-24bda838aac9,2026-07-11T03:30:00Z,2026-07-11T05:30:00+0200,3390.18406,MW,DE,DE_LU,actual_onshore_wind_generation,Wind Onshore,2026-08-09T05:18:04Z
2026-08-09T05:15:34Z,2026-08-09T07:15:34+0200,72a31bd2-8518-490a-bfbe-24bda838aac9,2026-07-11T03:45:00Z,2026-07-11T05:45:00+0200,3297.41389,MW,DE,DE_LU,actual_onshore_wind_generation,Wind Onshore,2026-08-09T05:18:04Z
2026-08-09T05:15:34Z,2026-08-09T07:15:34+0200,72a31bd2-8518-490a-bfbe-24bda838aac9,2026-07-11T04:00:00Z,2026-07-11T06:00:00+0200,3188.75116,MW,DE,DE_LU,actual_onshore_wind_generation,Wind Onshore,2026-08-09T05:18:04Z
2026-08-09T05:15:34Z,2026-08-09T07:15:34+0200,72a31bd2-8518-490a-bfbe-24bda838aac9,2026-07-11T04:15:00Z,2026-07-11T06:15:00+0200,3055.0816,MW,DE,DE_LU,actual_onshore_wind_generation,Wind Onshore,2026-08-09T05:18:04Z
2026-08-09T05:15:34Z,2026-08-09T07:15:34+0200,72a31bd2-8518-490a-bfbe-24bda838aac9,2026-07-11T04:30:00Z,2026-07-11T06:30:00+0200,2935.61343,MW,DE,DE_LU,actual_onshore_wind_generation,Wind Onshore,2026-08-09T05:18:04Z
2026-08-09T05:15:34Z,2026-08-09T07:15:34+0200,72a31bd2-8518-490a-bfbe-24bda838aac9,2026-07-11T04:45:00Z,2026-07-11T06:45:00+0200,2827.0526,MW,DE,DE_LU,actual_onshore_wind_generation,Wind Onshore,2026-08-09T05:18:04Z
2026-08-09T05:15:34Z,2026-08-09T07:15:34+0200,72a31bd2-8518-490a-bfbe-24bda838aac9,2026-07-11T05:00:00Z,2026-07-11T07:00:00+0200,2737.74974,MW,DE,DE_LU,actual_onshore_wind_generation,Wind Onshore,2026-08-09T05:18:04Z
2026-08-09T05:15:34Z,2026-08-09T07:15:34+0200,72a31bd2-8518-490a-bfbe-24bda838aac9,2026-07-11T05:15:00Z,2026-07-11T07:15:00+0200,2519.42918,MW,DE,DE_LU,actual_onshore_wind_generation,Wind Onshore,2026-08-09T05:18:04Z
2026-08-09T05:15:34Z,2026-08-09T07:15:34+0200,72a31bd2-8518-490a-bfbe-24bda838aac9,2026-07-11T05:30:00Z,2026-07-11T07:30:00+0200,2195.55346,MW,DE,DE_LU,actual_onshore_wind_generation,Wind Onshore,2026-08-09T05:18:04Z
2026-08-09T05:15:34Z,2026-08-09T07:15:34+0200,72a31bd2-8518-490a-bfbe-24bda838aac9,2026-07-11T05:45:00Z,2026-07-11T07:45:00+0200,1832.26208,MW,DE,DE_LU,actual_onshore_wind_generation,Wind Onshore,2026-08-09T05:18:04Z
2026-08-09T05:15:34Z,2026-08-09T07:15:34+0200,72a31bd2-8518-490a-bfbe-24bda838aac9,2026-07-11T06:00:00Z,2026-07-11T08:00:00+0200,1554.38948,MW,DE,DE_LU,actual_onshore_wind_generation,Wind Onshore,2026-08-09T05:18:04Z
2026-08-09T05:15:34Z,2026-08-09T07:15:34+0200,72a31bd2-8518-490a-bfbe-24bda838aac9,2026-07-11T06:15:00Z,2026-07-11T08:15:00+0200,1301.39275,MW,DE,DE_LU,actual_onshore_wind_generation,Wind Onshore,2026-08-09T05:18:04Z
2026-08-09T05:15:34Z,2026-08-09T07:15:34+0200,72a31bd2-8518-490a-bfbe-24bda838aac9,2026-07-11T06:30:00Z,2026-07-11T08:30:00+0200,1066.43819,MW,DE,DE_LU,actual_onshore_wind_generation,Wind Onshore,2026-08-09T05:18:04Z
2026-08-09T05:15:34Z,2026-08-09T07:15:34+0200,72a31bd2-8518-490a-bfbe-24bda838aac9,2026-07-11T06:45:00Z,2026-07-11T08:45:00+0200,932.72425,MW,DE,DE_LU,actual_onshore_wind_generation,Wind Onshore,2026-08-09T05:18:04Z
2026-08-09T05:15:34Z,2026-08-09T07:15:34+0200,72a31bd2-8518-490a-bfbe-24bda838aac9,2026-07-11T07:00:00Z,2026-07-11T09:00:00+0200,896.73488,MW,DE,DE_LU,actual_onshore_wind_generation,Wind Onshore,2026-08-09T05:18:04Z
2026-08-09T05:15:34Z,2026-08-09T07:15:34+0200,72a31bd2-8518-490a-bfbe-24bda838aac9,2026-07-11T07:15:00Z,2026-07-11T09:15:00+0200,916.13419,MW,DE,DE_LU,actual_onshore_wind_generation,Wind Onshore,2026-08-09T05:18:04Z
2026-08-09T05:15:34Z,2026-08-09T07:15:34+0200,72a31bd2-8518-490a-bfbe-24bda838aac9,2026-07-11T07:30:00Z,2026-07-11T09:30:00+0200,970.68048,MW,DE,DE_LU,actual_onshore_wind_generation,Wind Onshore,2026-08-09T05:18:04Z
2026-08-09T05:15:34Z,2026-08-09T07:15:34+0200,72a31bd2-8518-490a-bfbe-24bda838aac9,2026-07-11T07:45:00Z,2026-07-11T09:45:00+0200,1100.18964,MW,DE,DE_LU,actual_onshore_wind_generation,Wind Onshore,2026-08-09T05:18:04Z
2026-08-09T05:15:34Z,2026-08-09T07:15:34+0200,72a31bd2-8518-490a-bfbe-24bda838aac9,2026-07-11T08:00:00Z,2026-07-11T10:00:00+0200,1266.48712,MW,DE,DE_LU,actual_onshore_wind_generation,Wind Onshore,2026-08-09T05:18:04Z
2026-08-09T05:15:34Z,2026-08-09T07:15:34+0200,72a31bd2-8518-490a-bfbe-24bda838aac9,2026-07-11T08:15:00Z,2026-07-11T10:15:00+0200,1503.88692,MW,DE,DE_LU,actual_onshore_wind_generation,Wind Onshore,2026-08-09T05:18:04Z
2026-08-09T05:15:34Z,2026-08-09T07:15:34+0200,72a31bd2-8518-490a-bfbe-24bda838aac9,2026-07-11T08:30:00Z,2026-07-11T10:30:00+0200,1737.47942,MW,DE,DE_LU,actual_onshore_wind_generation,Wind Onshore,2026-08-09T05:18:04Z
2026-08-09T05:15:34Z,2026-08-09T07:15:34+0200,72a31bd2-8518-490a-bfbe-24bda838aac9,2026-07-11T08:45:00Z,2026-07-11T10:45:00+0200,1901.82509,MW,DE,DE_LU,actual_onshore_wind_generation,Wind Onshore,2026-08-09T05:18:04Z
2026-08-09T05:15:34Z,2026-08-09T07:15:34+0200,72a31bd2-8518-490a-bfbe-24bda838aac9,2026-07-11T09:00:00Z,2026-07-11T11:00:00+0200,1962.6292,MW,DE,DE_LU,actual_onshore_wind_generation,Wind Onshore,2026-08-09T05:18:04Z
2026-08-09T05:15:34Z,2026-08-09T07:15:34+0200,72a31bd2-8518-490a-bfbe-24bda838aac9,2026-07-11T09:15:00Z,2026-07-11T11:15:00+0200,2098.23441,MW,DE,DE_LU,actual_onshore_wind_generation,Wind Onshore,2026-08-09T05:18:04Z
2026-08-09T05:15:34Z,2026-08-09T07:15:34+0200,72a31bd2-8518-490a-bfbe-24bda838aac9,2026-07-11T09:30:00Z,2026-07-11T11:30:00+0200,2202.65626,MW,DE,DE_LU,actual_onshore_wind_generation,Wind Onshore,2026-08-09T05:18:04Z
2026-08-09T05:15:34Z,2026-08-09T07:15:34+0200,72a31bd2-8518-490a-bfbe-24bda838aac9,2026-07-11T09:45:00Z,2026-07-11T11:45:00+0200,2241.60895,MW,DE,DE_LU,actual_onshore_wind_generation,Wind Onshore,2026-08-09T05:18:04Z
2026-08-09T05:15:34Z,2026-08-09T07:15:34+0200,72a31bd2-8518-490a-bfbe-24bda838aac9,2026-07-11T10:00:00Z,2026-07-11T12:00:00+0200,2415.35723,MW,DE,DE_LU,actual_onshore_wind_generation,Wind Onshore,2026-08-09T05:18:04Z
2026-08-09T05:15:34Z,2026-08-09T07:15:34+0200,72a31bd2-8518-490a-bfbe-24bda838aac9,2026-07-11T10:15:00Z,2026-07-11T12:15:00+0200,2409.69647,MW,DE,DE_LU,actual_onshore_wind_generation,Wind Onshore,2026-08-09T05:18:04Z
2026-08-09T05:15:34Z,2026-08-09T07:15:34+0200,72a31bd2-8518-490a-bfbe-24bda838aac9,2026-07-11T10:30:00Z,2026-07-11T12:30:00+0200,2434.95931,MW,DE,DE_LU,actual_onshore_wind_generation,Wind Onshore,2026-08-09T05:18:04Z
2026-08-09T05:15:34Z,2026-08-09T07:15:34+0200,72a31bd2-8518-490a-bfbe-24bda838aac9,2026-07-11T10:45:00Z,2026-07-11T12:45:00+0200,2469.68435,MW,DE,DE_LU,actual_onshore_wind_generation,Wind Onshore,2026-08-09T05:18:04Z
2026-08-09T05:15:34Z,2026-08-09T07:15:34+0200,72a31bd2-8518-490a-bfbe-24bda838aac9,2026-07-11T11:00:00Z,2026-07-11T13:00:00+0200,2590.36473,MW,DE,DE_LU,actual_onshore_wind_generation,Wind Onshore,2026-08-09T05:18:04Z
2026-08-09T05:15:34Z,2026-08-09T07:15:34+0200,72a31bd2-8518-490a-bfbe-24bda838aac9,2026-07-11T11:15:00Z,2026-07-11T13:15:00+0200,2669.24768,MW,DE,DE_LU,actual_onshore_wind_generation,Wind Onshore,2026-08-09T05:18:04Z
2026-08-09T05:15:34Z,2026-08-09T07:15:34+0200,72a31bd2-8518-490a-bfbe-24bda838aac9,2026-07-11T11:30:00Z,2026-07-11T13:30:00+0200,2720.65775,MW,DE,DE_LU,actual_onshore_wind_generation,Wind Onshore,2026-08-09T05:18:04Z
2026-08-09T05:15:34Z,2026-08-09T07:15:34+0200,72a31bd2-8518-490a-bfbe-24bda838aac9,2026-07-11T11:45:00Z,2026-07-11T13:45:00+0200,2733.00569,MW,DE,DE_LU,actual_onshore_wind_generation,Wind Onshore,2026-08-09T05:18:04Z
2026-08-09T05:15:34Z,2026-08-09T07:15:34+0200,72a31bd2-8518-490a-bfbe-24bda838aac9,2026-07-11T12:00:00Z,2026-07-11T14:00:00+0200,2826.50939,MW,DE,DE_LU,actual_onshore_wind_generation,Wind Onshore,2026-08-09T05:18:04Z
2026-08-09T05:15:34Z,2026-08-09T07:15:34+0200,72a31bd2-8518-490a-bfbe-24bda838aac9,2026-07-11T12:15:00Z,2026-07-11T14:15:00+0200,2873.86019,MW,DE,DE_LU,actual_onshore_wind_generation,Wind Onshore,2026-08-09T05:18:04Z
2026-08-09T05:15:34Z,2026-08-09T07:15:34+0200,72a31bd2-8518-490a-bfbe-24bda838aac9,2026-07-11T12:30:00Z,2026-07-11T14:30:00+0200,2949.17898,MW,DE,DE_LU,actual_onshore_wind_generation,Wind Onshore,2026-08-09T05:18:04Z
2026-08-09T05:15:34Z,2026-08-09T07:15:34+0200,72a31bd2-8518-490a-bfbe-24bda838aac9,2026-07-11T12:45:00Z,2026-07-11T14:45:00+0200,3066.62157,MW,DE,DE_LU,actual_onshore_wind_generation,Wind Onshore,2026-08-09T05:18:04Z
2026-08-09T05:15:34Z,2026-08-09T07:15:34+0200,72a31bd2-8518-490a-bfbe-24bda838aac9,2026-07-11T13:00:00Z,2026-07-11T15:00:00+0200,3148.66034,MW,DE,DE_LU,actual_onshore_wind_generation,Wind Onshore,2026-08-09T05:18:04Z
2026-08-09T05:15:34Z,2026-08-09T07:15:34+0200,72a31bd2-8518-490a-bfbe-24bda838aac9,2026-07-11T13:15:00Z,2026-07-11T15:15:00+0200,3259.82921,MW,DE,DE_LU,actual_onshore_wind_generation,Wind Onshore,2026-08-09T05:18:04Z
2026-08-09T05:15:34Z,2026-08-09T07:15:34+0200,72a31bd2-8518-490a-bfbe-24bda838aac9,2026-07-11T13:30:00Z,2026-07-11T15:30:00+0200,3427.56933,MW,DE,DE_LU,actual_onshore_wind_generation,Wind Onshore,2026-08-09T05:18:04Z
2026-08-09T05:15:34Z,2026-08-09T07:15:34+0200,72a31bd2-8518-490a-bfbe-24bda838aac9,2026-07-11T13:45:00Z,2026-07-11T15:45:00+0200,3503.15859,MW,DE,DE_LU,actual_onshore_wind_generation,Wind Onshore,2026-08-09T05:18:04Z
2026-08-09T05:15:34Z,2026-08-09T07:15:34+0200,72a31bd2-8518-490a-bfbe-24bda838aac9,2026-07-11T14:00:00Z,2026-07-11T16:00:00+0200,3784.24925,MW,DE,DE_LU,actual_onshore_wind_generation,Wind Onshore,2026-08-09T05:18:04Z
2026-08-09T05:15:34Z,2026-08-09T07:15:34+0200,72a31bd2-8518-490a-bfbe-24bda838aac9,2026-07-11T14:15:00Z,2026-07-11T16:15:00+0200,4160.24686,MW,DE,DE_LU,actual_onshore_wind_generation,Wind Onshore,2026-08-09T05:18:04Z
2026-08-09T05:15:34Z,2026-08-09T07:15:34+0200,72a31bd2-8518-490a-bfbe-24bda838aac9,2026-07-11T14:30:00Z,2026-07-11T16:30:00+0200,4307.93599,MW,DE,DE_LU,actual_onshore_wind_generation,Wind Onshore,2026-08-09T05:18:04Z
2026-08-09T05:15:34Z,2026-08-09T07:15:34+0200,72a31bd2-8518-490a-bfbe-24bda838aac9,2026-07-11T14:45:00Z,2026-07-11T16:45:00+0200,5028.96409,MW,DE,DE_LU,actual_onshore_wind_generation,Wind Onshore,2026-08-09T05:18:04Z
2026-08-09T05:15:34Z,2026-08-09T07:15:34+0200,72a31bd2-8518-490a-bfbe-24bda838aac9,2026-07-11T15:00:00Z,2026-07-11T17:00:00+0200,5538.34817,MW,DE,DE_LU,actual_onshore_wind_generation,Wind Onshore,2026-08-09T05:18:04Z
2026-08-09T05:15:34Z,2026-08-09T07:15:34+0200,72a31bd2-8518-490a-bfbe-24bda838aac9,2026-07-11T15:15:00Z,2026-07-11T17:15:00+0200,5815.7973,MW,DE,DE_LU,actual_onshore_wind_generation,Wind Onshore,2026-08-09T05:18:04Z
2026-08-09T05:15:34Z,2026-08-09T07:15:34+0200,72a31bd2-8518-490a-bfbe-24bda838aac9,2026-07-11T15:30:00Z,2026-07-11T17:30:00+0200,6125.22974,MW,DE,DE_LU,actual_onshore_wind_generation,Wind Onshore,2026-08-09T05:18:04Z
2026-08-09T05:15:34Z,2026-08-09T07:15:34+0200,72a31bd2-8518-490a-bfbe-24bda838aac9,2026-07-11T15:45:00Z,2026-07-11T17:45:00+0200,6454.43518,MW,DE,DE_LU,actual_onshore_wind_generation,Wind Onshore,2026-08-09T05:18:04Z
2026-08-09T05:15:34Z,2026-08-09T07:15:34+0200,72a31bd2-8518-490a-bfbe-24bda838aac9,2026-07-11T16:00:00Z,2026-07-11T18:00:00+0200,6753.71634,MW,DE,DE_LU,actual_onshore_wind_generation,Wind Onshore,2026-08-09T05:18:04Z
2026-08-09T05:15:34Z,2026-08-09T07:15:34+0200,72a31bd2-8518-490a-bfbe-24bda838aac9,2026-07-11T16:15:00Z,2026-07-11T18:15:00+0200,6990.40255,MW,DE,DE_LU,actual_onshore_wind_generation,Wind Onshore,2026-08-09T05:18:04Z
2026-08-09T05:15:34Z,2026-08-09T07:15:34+0200,72a31bd2-8518-490a-bfbe-24bda838aac9,2026-07-11T16:30:00Z,2026-07-11T18:30:00+0200,7105.83806,MW,DE,DE_LU,actual_onshore_wind_generation,Wind Onshore,2026-08-09T05:18:04Z
2026-08-09T05:15:34Z,2026-08-09T07:15:34+0200,72a31bd2-8518-490a-bfbe-24bda838aac9,2026-07-11T16:45:00Z,2026-07-11T18:45:00+0200,7412.56244,MW,DE,DE_LU,actual_onshore_wind_generation,Wind Onshore,2026-08-09T05:18:04Z
2026-08-09T05:15:34Z,2026-08-09T07:15:34+0200,72a31bd2-8518-490a-bfbe-24bda838aac9,2026-07-11T17:00:00Z,2026-07-11T19:00:00+0200,7678.42763,MW,DE,DE_LU,actual_onshore_wind_generation,Wind Onshore,2026-08-09T05:18:04Z
2026-08-09T05:15:34Z,2026-08-09T07:15:34+0200,72a31bd2-8518-490a-bfbe-24bda838aac9,2026-07-11T17:15:00Z,2026-07-11T19:15:00+0200,7935.35055,MW,DE,DE_LU,actual_onshore_wind_generation,Wind Onshore,2026-08-09T05:18:04Z
2026-08-09T05:15:34Z,2026-08-09T07:15:34+0200,72a31bd2-8518-490a-bfbe-24bda838aac9,2026-07-11T17:30:00Z,2026-07-11T19:30:00+0200,8057.85889,MW,DE,DE_LU,actual_onshore_wind_generation,Wind Onshore,2026-08-09T05:18:04Z
2026-08-09T05:15:34Z,2026-08-09T07:15:34+0200,72a31bd2-8518-490a-bfbe-24bda838aac9,2026-07-11T17:45:00Z,2026-07-11T19:45:00+0200,8090.23084,MW,DE,DE_LU,actual_onshore_wind_generation,Wind Onshore,2026-08-09T05:18:04Z
2026-08-09T05:15:34Z,2026-08-09T07:15:34+0200,72a31bd2-8518-490a-bfbe-24bda838aac9,2026-07-11T18:00:00Z,2026-07-11T20:00:00+0200,7955.94346,MW,DE,DE_LU,actual_onshore_wind_generation,Wind Onshore,2026-08-09T05:18:04Z
2026-08-09T05:15:34Z,2026-08-09T07:15:34+0200,72a31bd2-8518-490a-bfbe-24bda838aac9,2026-07-11T18:15:00Z,2026-07-11T20:15:00+0200,7800.78219,MW,DE,DE_LU,actual_onshore_wind_generation,Wind Onshore,2026-08-09T05:18:04Z
2026-08-09T05:15:34Z,2026-08-09T07:15:34+0200,72a31bd2-8518-490a-bfbe-24bda838aac9,2026-07-11T18:30:00Z,2026-07-11T20:30:00+0200,7560.65542,MW,DE,DE_LU,actual_onshore_wind_generation,Wind Onshore,2026-08-09T05:18:04Z
2026-08-09T05:15:34Z,2026-08-09T07:15:34+0200,72a31bd2-8518-490a-bfbe-24bda838aac9,2026-07-11T18:45:00Z,2026-07-11T20:45:00+0200,7413.05547,MW,DE,DE_LU,actual_onshore_wind_generation,Wind Onshore,2026-08-09T05:18:04Z
2026-08-09T05:15:34Z,2026-08-09T07:15:34+0200,72a31bd2-8518-490a-bfbe-24bda838aac9,2026-07-11T19:00:00Z,2026-07-11T21:00:00+0200,7628.76999,MW,DE,DE_LU,actual_onshore_wind_generation,Wind Onshore,2026-08-09T05:18:04Z
2026-08-09T05:15:34Z,2026-08-09T07:15:34+0200,72a31bd2-8518-490a-bfbe-24bda838aac9,2026-07-11T19:15:00Z,2026-07-11T21:15:00+0200,8280.66692,MW,DE,DE_LU,actual_onshore_wind_generation,Wind Onshore,2026-08-09T05:18:04Z
2026-08-09T05:15:34Z,2026-08-09T07:15:34+0200,72a31bd2-8518-490a-bfbe-24bda838aac9,2026-07-11T19:30:00Z,2026-07-11T21:30:00+0200,8700.04908,MW,DE,DE_LU,actual_onshore_wind_generation,Wind Onshore,2026-08-09T05:18:04Z
2026-08-09T05:15:34Z,2026-08-09T07:15:34+0200,72a31bd2-8518-490a-bfbe-24bda838aac9,2026-07-11T19:45:00Z,2026-07-11T21:45:00+0200,8649.47919,MW,DE,DE_LU,actual_onshore_wind_generation,Wind Onshore,2026-08-09T05:18:04Z
2026-08-09T05:15:34Z,2026-08-09T07:15:34+0200,72a31bd2-8518-490a-bfbe-24bda838aac9,2026-07-11T20:00:00Z,2026-07-11T22:00:00+0200,8882.77373,MW,DE,DE_LU,actual_onshore_wind_generation,Wind Onshore,2026-08-09T05:18:04Z
2026-08-09T05:15:34Z,2026-08-09T07:15:34+0200,72a31bd2-8518-490a-bfbe-24bda838aac9,2026-07-11T20:15:00Z,2026-07-11T22:15:00+0200,9360.80347,MW,DE,DE_LU,actual_onshore_wind_generation,Wind Onshore,2026-08-09T05:18:04Z
2026-08-09T05:15:34Z,2026-08-09T07:15:34+0200,72a31bd2-8518-490a-bfbe-24bda838aac9,2026-07-11T20:30:00Z,2026-07-11T22:30:00+0200,9497.1221,MW,DE,DE_LU,actual_onshore_wind_generation,Wind Onshore,2026-08-09T05:18:04Z
2026-08-09T05:15:34Z,2026-08-09T07:15:34+0200,72a31bd2-8518-490a-bfbe-24bda838aac9,2026-07-11T20:45:00Z,2026-07-11T22:45:00+0200,9701.67259,MW,DE,DE_LU,actual_onshore_wind_generation,Wind Onshore,2026-08-09T05:18:04Z
2026-08-09T05:15:34Z,2026-08-09T07:15:34+0200,72a31bd2-8518-490a-bfbe-24bda838aac9,2026-07-11T21:00:00Z,2026-07-11T23:00:00+0200,9882.92138,MW,DE,DE_LU,actual_onshore_wind_generation,Wind Onshore,2026-08-09T05:18:04Z
2026-08-09T05:15:34Z,2026-08-09T07:15:34+0200,72a31bd2-8518-490a-bfbe-24bda838aac9,2026-07-11T21:15:00Z,2026-07-11T23:15:00+0200,9905.20563,MW,DE,DE_LU,actual_onshore_wind_generation,Wind Onshore,2026-08-09T05:18:04Z
2026-08-09T05:15:34Z,2026-08-09T07:15:34+0200,72a31bd2-8518-490a-bfbe-24bda838aac9,2026-07-11T21:30:00Z,2026-07-11T23:30:00+0200,9779.57056,MW,DE,DE_LU,actual_onshore_wind_generation,Wind Onshore,2026-08-09T05:18:04Z
2026-08-09T05:15:34Z,2026-08-09T07:15:34+0200,72a31bd2-8518-490a-bfbe-24bda838aac9,2026-07-11T21:45:00Z,2026-07-11T23:45:00+0200,9638.17072,MW,DE,DE_LU,actual_onshore_wind_generation,Wind Onshore,2026-08-09T05:18:04Z
2026-08-09T05:15:34Z,2026-08-09T07:15:34+0200,72a31bd2-8518-490a-bfbe-24bda838aac9,2026-07-11T22:00:00Z,2026-07-12T00:00:00+0200,9423.69151,MW,DE,DE_LU,actual_onshore_wind_generation,Wind Onshore,2026-08-09T05:18:04Z
2026-08-09T05:15:34Z,2026-08-09T07:15:34+0200,72a31bd2-8518-490a-bfbe-24bda838aac9,2026-07-11T22:15:00Z,2026-07-12T00:15:00+0200,9246.52354,MW,DE,DE_LU,actual_onshore_wind_generation,Wind Onshore,2026-08-09T05:18:04Z
2026-08-09T05:15:34Z,2026-08-09T07:15:34+0200,72a31bd2-8518-490a-bfbe-24bda838aac9,2026-07-11T22:30:00Z,2026-07-12T00:30:00+0200,9053.49923,MW,DE,DE_LU,actual_onshore_wind_generation,Wind Onshore,2026-08-09T05:18:04Z
2026-08-09T05:15:34Z,2026-08-09T07:15:34+0200,72a31bd2-8518-490a-bfbe-24bda838aac9,2026-07-11T22:45:00Z,2026-07-12T00:45:00+0200,8851.91381,MW,DE,DE_LU,actual_onshore_wind_generation,Wind Onshore,2026-08-09T05:18:04Z
2026-08-09T05:15:34Z,2026-08-09T07:15:34+0200,72a31bd2-8518-490a-bfbe-24bda838aac9,2026-07-11T23:00:00Z,2026-07-12T01:00:00+0200,8616.57105,MW,DE,DE_LU,actual_onshore_wind_generation,Wind Onshore,2026-08-09T05:18:04Z
2026-08-09T05:15:34Z,2026-08-09T07:15:34+0200,72a31bd2-8518-490a-bfbe-24bda838aac9,2026-07-11T23:15:00Z,2026-07-12T01:15:00+0200,8589.78578,MW,DE,DE_LU,actual_onshore_wind_generation,Wind Onshore,2026-08-09T05:18:04Z
2026-08-09T05:15:34Z,2026-08-09T07:15:34+0200,72a31bd2-8518-490a-bfbe-24bda838aac9,2026-07-11T23:30:00Z,2026-07-12T01:30:00+0200,8580.53246,MW,DE,DE_LU,actual_onshore_wind_generation,Wind Onshore,2026-08-09T05:18:04Z
2026-08-09T05:15:34Z,2026-08-09T07:15:34+0200,72a31bd2-8518-490a-bfbe-24bda838aac9,2026-07-11T23:45:00Z,2026-07-12T01:45:00+0200,8641.67617,MW,DE,DE_LU,actual_onshore_wind_generation,Wind Onshore,2026-08-09T05:18:04Z
2026-08-09T05:15:34Z,2026-08-09T07:15:34+0200,72a31bd2-8518-490a-bfbe-24bda838aac9,2026-07-12T00:00:00Z,2026-07-12T02:00:00+0200,8705.90417,MW,DE,DE_LU,actual_onshore_wind_generation,Wind Onshore,2026-08-09T05:18:04Z
2026-08-09T05:15:34Z,2026-08-09T07:15:34+0200,72a31bd2-8518-490a-bfbe-24bda838aac9,2026-07-12T00:15:00Z,2026-07-12T02:15:00+0200,8593.41626,MW,DE,DE_LU,actual_onshore_wind_generation,Wind Onshore,2026-08-09T05:18:04Z
2026-08-09T05:15:34Z,2026-08-09T07:15:34+0200,72a31bd2-8518-490a-bfbe-24bda838aac9,2026-07-12T00:30:00Z,2026-07-12T02:30:00+0200,8503.57636,MW,DE,DE_LU,actual_onshore_wind_generation,Wind Onshore,2026-08-09T05:18:04Z
2026-08-09T05:15:34Z,2026-08-09T07:15:34+0200,72a31bd2-8518-490a-bfbe-24bda838aac9,2026-07-12T00:45:00Z,2026-07-12T02:45:00+0200,8474.52508,MW,DE,DE_LU,actual_onshore_wind_generation,Wind Onshore,2026-08-09T05:18:04Z
2026-08-09T05:15:34Z,2026-08-09T07:15:34+0200,72a31bd2-8518-490a-bfbe-24bda838aac9,2026-07-12T01:00:00Z,2026-07-12T03:00:00+0200,8488.43994,MW,DE,DE_LU,actual_onshore_wind_generation,Wind Onshore,2026-08-09T05:18:04Z
2026-08-09T05:15:34Z,2026-08-09T07:15:34+0200,72a31bd2-8518-490a-bfbe-24bda838aac9,2026-07-12T01:15:00Z,2026-07-12T03:15:00+0200,8512.53651,MW,DE,DE_LU,actual_onshore_wind_generation,Wind Onshore,2026-08-09T05:18:04Z
2026-08-09T05:15:34Z,2026-08-09T07:15:34+0200,72a31bd2-8518-490a-bfbe-24bda838aac9,2026-07-12T01:30:00Z,2026-07-12T03:30:00+0200,8470.6376,MW,DE,DE_LU,actual_onshore_wind_generation,Wind Onshore,2026-08-09T05:18:04Z
2026-08-09T05:15:34Z,2026-08-09T07:15:34+0200,72a31bd2-8518-490a-bfbe-24bda838aac9,2026-07-12T01:45:00Z,2026-07-12T03:45:00+0200,8364.54745,MW,DE,DE_LU,actual_onshore_wind_generation,Wind Onshore,2026-08-09T05:18:04Z
2026-08-09T05:15:34Z,2026-08-09T07:15:34+0200,72a31bd2-8518-490a-bfbe-24bda838aac9,2026-07-12T02:00:00Z,2026-07-12T04:00:00+0200,8353.28396,MW,DE,DE_LU,actual_onshore_wind_generation,Wind Onshore,2026-08-09T05:18:04Z
2026-08-09T05:15:34Z,2026-08-09T07:15:34+0200,72a31bd2-8518-490a-bfbe-24bda838aac9,2026-07-12T02:15:00Z,2026-07-12T04:15:00+0200,8412.22291,MW,DE,DE_LU,actual_onshore_wind_generation,Wind Onshore,2026-08-09T05:18:04Z
2026-08-09T05:15:34Z,2026-08-09T07:15:34+0200,72a31bd2-8518-490a-bfbe-24bda838aac9,2026-07-12T02:30:00Z,2026-07-12T04:30:00+0200,8638.52424,MW,DE,DE_LU,actual_onshore_wind_generation,Wind Onshore,2026-08-09T05:18:04Z
2026-08-09T05:15:34Z,2026-08-09T07:15:34+0200,72a31bd2-8518-490a-bfbe-24bda838aac9,2026-07-12T02:45:00Z,2026-07-12T04:45:00+0200,8766.56413,MW,DE,DE_LU,actual_onshore_wind_generation,Wind Onshore,2026-08-09T05:18:04Z
2026-08-09T05:15:34Z,2026-08-09T07:15:34+0200,72a31bd2-8518-490a-bfbe-24bda838aac9,2026-07-12T03:00:00Z,2026-07-12T05:00:00+0200,8774.44357,MW,DE,DE_LU,actual_onshore_wind_generation,Wind Onshore,2026-08-09T05:18:04Z
2026-08-09T05:15:34Z,2026-08-09T07:15:34+0200,72a31bd2-8518-490a-bfbe-24bda838aac9,2026-07-12T03:15:00Z,2026-07-12T05:15:00+0200,9095.33636,MW,DE,DE_LU,actual_onshore_wind_generation,Wind Onshore,2026-08-09T05:18:04Z
2026-08-09T05:15:34Z,2026-08-09T07:15:34+0200,72a31bd2-8518-490a-bfbe-24bda838aac9,2026-07-12T03:30:00Z,2026-07-12T05:30:00+0200,9258.28498,MW,DE,DE_LU,actual_onshore_wind_generation,Wind Onshore,2026-08-09T05:18:04Z
2026-08-09T05:15:34Z,2026-08-09T07:15:34+0200,72a31bd2-8518-490a-bfbe-24bda838aac9,2026-07-12T03:45:00Z,2026-07-12T05:45:00+0200,9235.61763,MW,DE,DE_LU,actual_onshore_wind_generation,Wind Onshore,2026-08-09T05:18:04Z
2026-08-09T05:15:34Z,2026-08-09T07:15:34+0200,72a31bd2-8518-490a-bfbe-24bda838aac9,2026-07-12T04:00:00Z,2026-07-12T06:00:00+0200,9183.26859,MW,DE,DE_LU,actual_onshore_wind_generation,Wind Onshore,2026-08-09T05:18:04Z
2026-08-09T05:15:34Z,2026-08-09T07:15:34+0200,72a31bd2-8518-490a-bfbe-24bda838aac9,2026-07-12T04:15:00Z,2026-07-12T06:15:00+0200,9073.22264,MW,DE,DE_LU,actual_onshore_wind_generation,Wind Onshore,2026-08-09T05:18:04Z
2026-08-09T05:15:34Z,2026-08-09T07:15:34+0200,72a31bd2-8518-490a-bfbe-24bda838aac9,2026-07-12T04:30:00Z,2026-07-12T06:30:00+0200,8784.83441,MW,DE,DE_LU,actual_onshore_wind_generation,Wind Onshore,2026-08-09T05:18:04Z
2026-08-09T05:15:34Z,2026-08-09T07:15:34+0200,72a31bd2-8518-490a-bfbe-24bda838aac9,2026-07-12T04:45:00Z,2026-07-12T06:45:00+0200,8502.90007,MW,DE,DE_LU,actual_onshore_wind_generation,Wind Onshore,2026-08-09T05:18:04Z
2026-08-09T05:15:34Z,2026-08-09T07:15:34+0200,72a31bd2-8518-490a-bfbe-24bda838aac9,2026-07-12T05:00:00Z,2026-07-12T07:00:00+0200,7917.27546,MW,DE,DE_LU,actual_onshore_wind_generation,Wind Onshore,2026-08-09T05:18:04Z
2026-08-09T05:15:34Z,2026-08-09T07:15:34+0200,72a31bd2-8518-490a-bfbe-24bda838aac9,2026-07-12T05:15:00Z,2026-07-12T07:15:00+0200,7089.46809,MW,DE,DE_LU,actual_onshore_wind_generation,Wind Onshore,2026-08-09T05:18:04Z
2026-08-09T05:15:34Z,2026-08-09T07:15:34+0200,72a31bd2-8518-490a-bfbe-24bda838aac9,2026-07-12T05:30:00Z,2026-07-12T07:30:00+0200,6318.20687,MW,DE,DE_LU,actual_onshore_wind_generation,Wind Onshore,2026-08-09T05:18:04Z
2026-08-09T05:15:34Z,2026-08-09T07:15:34+0200,72a31bd2-8518-490a-bfbe-24bda838aac9,2026-07-12T05:45:00Z,2026-07-12T07:45:00+0200,5570.09383,MW,DE,DE_LU,actual_onshore_wind_generation,Wind Onshore,2026-08-09T05:18:04Z
2026-08-09T05:15:34Z,2026-08-09T07:15:34+0200,72a31bd2-8518-490a-bfbe-24bda838aac9,2026-07-12T06:00:00Z,2026-07-12T08:00:00+0200,4861.4793,MW,DE,DE_LU,actual_onshore_wind_generation,Wind Onshore,2026-08-09T05:18:04Z
2026-08-09T05:15:34Z,2026-08-09T07:15:34+0200,72a31bd2-8518-490a-bfbe-24bda838aac9,2026-07-12T06:15:00Z,2026-07-12T08:15:00+0200,4290.14457,MW,DE,DE_LU,actual_onshore_wind_generation,Wind Onshore,2026-08-09T05:18:04Z
2026-08-09T05:15:34Z,2026-08-09T07:15:34+0200,72a31bd2-8518-490a-bfbe-24bda838aac9,2026-07-12T06:30:00Z,2026-07-12T08:30:00+0200,3915.52501,MW,DE,DE_LU,actual_onshore_wind_generation,Wind Onshore,2026-08-09T05:18:04Z
2026-08-09T05:15:34Z,2026-08-09T07:15:34+0200,72a31bd2-8518-490a-bfbe-24bda838aac9,2026-07-12T06:45:00Z,2026-07-12T08:45:00+0200,3695.31672,MW,DE,DE_LU,actual_onshore_wind_generation,Wind Onshore,2026-08-09T05:18:04Z
2026-08-09T05:15:34Z,2026-08-09T07:15:34+0200,72a31bd2-8518-490a-bfbe-24bda838aac9,2026-07-12T07:00:00Z,2026-07-12T09:00:00+0200,3535.35092,MW,DE,DE_LU,actual_onshore_wind_generation,Wind Onshore,2026-08-09T05:18:04Z
2026-08-09T05:15:34Z,2026-08-09T07:15:34+0200,72a31bd2-8518-490a-bfbe-24bda838aac9,2026-07-12T07:15:00Z,2026-07-12T09:15:00+0200,3587.70434,MW,DE,DE_LU,actual_onshore_wind_generation,Wind Onshore,2026-08-09T05:18:04Z
2026-08-09T05:15:34Z,2026-08-09T07:15:34+0200,72a31bd2-8518-490a-bfbe-24bda838aac9,2026-07-12T07:30:00Z,2026-07-12T09:30:00+0200,3685.11852,MW,DE,DE_LU,actual_onshore_wind_generation,Wind Onshore,2026-08-09T05:18:04Z
2026-08-09T05:15:34Z,2026-08-09T07:15:34+0200,72a31bd2-8518-490a-bfbe-24bda838aac9,2026-07-12T07:45:00Z,2026-07-12T09:45:00+0200,3718.61799,MW,DE,DE_LU,actual_onshore_wind_generation,Wind Onshore,2026-08-09T05:18:04Z
2026-08-09T05:15:34Z,2026-08-09T07:15:34+0200,72a31bd2-8518-490a-bfbe-24bda838aac9,2026-07-12T08:00:00Z,2026-07-12T10:00:00+0200,3696.70471,MW,DE,DE_LU,actual_onshore_wind_generation,Wind Onshore,2026-08-09T05:18:04Z
2026-08-09T05:15:34Z,2026-08-09T07:15:34+0200,72a31bd2-8518-490a-bfbe-24bda838aac9,2026-07-12T08:15:00Z,2026-07-12T10:15:00+0200,3900.49684,MW,DE,DE_LU,actual_onshore_wind_generation,Wind Onshore,2026-08-09T05:18:04Z
2026-08-09T05:15:34Z,2026-08-09T07:15:34+0200,72a31bd2-8518-490a-bfbe-24bda838aac9,2026-07-12T08:30:00Z,2026-07-12T10:30:00+0200,4059.41073,MW,DE,DE_LU,actual_onshore_wind_generation,Wind Onshore,2026-08-09T05:18:04Z
2026-08-09T05:15:34Z,2026-08-09T07:15:34+0200,72a31bd2-8518-490a-bfbe-24bda838aac9,2026-07-12T08:45:00Z,2026-07-12T10:45:00+0200,4111.10783,MW,DE,DE_LU,actual_onshore_wind_generation,Wind Onshore,2026-08-09T05:18:04Z
2026-08-09T05:15:34Z,2026-08-09T07:15:34+0200,72a31bd2-8518-490a-bfbe-24bda838aac9,2026-07-12T09:00:00Z,2026-07-12T11:00:00+0200,4099.50636,MW,DE,DE_LU,actual_onshore_wind_generation,Wind Onshore,2026-08-09T05:18:04Z
2026-08-09T05:15:34Z,2026-08-09T07:15:34+0200,72a31bd2-8518-490a-bfbe-24bda838aac9,2026-07-12T09:15:00Z,2026-07-12T11:15:00+0200,4139.00814,MW,DE,DE_LU,actual_onshore_wind_generation,Wind Onshore,2026-08-09T05:18:04Z
2026-08-09T05:15:34Z,2026-08-09T07:15:34+0200,72a31bd2-8518-490a-bfbe-24bda838aac9,2026-07-12T09:30:00Z,2026-07-12T11:30:00+0200,4436.47232,MW,DE,DE_LU,actual_onshore_wind_generation,Wind Onshore,2026-08-09T05:18:04Z
2026-08-09T05:15:34Z,2026-08-09T07:15:34+0200,72a31bd2-8518-490a-bfbe-24bda838aac9,2026-07-12T09:45:00Z,2026-07-12T11:45:00+0200,4479.47102,MW,DE,DE_LU,actual_onshore_wind_generation,Wind Onshore,2026-08-09T05:18:04Z
2026-08-09T05:15:34Z,2026-08-09T07:15:34+0200,72a31bd2-8518-490a-bfbe-24bda838aac9,2026-07-12T10:00:00Z,2026-07-12T12:00:00+0200,4455.99574,MW,DE,DE_LU,actual_onshore_wind_generation,Wind Onshore,2026-08-09T05:18:04Z
2026-08-09T05:15:34Z,2026-08-09T07:15:34+0200,72a31bd2-8518-490a-bfbe-24bda838aac9,2026-07-12T10:15:00Z,2026-07-12T12:15:00+0200,4514.98872,MW,DE,DE_LU,actual_onshore_wind_generation,Wind Onshore,2026-08-09T05:18:04Z
2026-08-09T05:15:34Z,2026-08-09T07:15:34+0200,72a31bd2-8518-490a-bfbe-24bda838aac9,2026-07-12T10:30:00Z,2026-07-12T12:30:00+0200,4768.29958,MW,DE,DE_LU,actual_onshore_wind_generation,Wind Onshore,2026-08-09T05:18:04Z
2026-08-09T05:15:34Z,2026-08-09T07:15:34+0200,72a31bd2-8518-490a-bfbe-24bda838aac9,2026-07-12T10:45:00Z,2026-07-12T12:45:00+0200,4861.48782,MW,DE,DE_LU,actual_onshore_wind_generation,Wind Onshore,2026-08-09T05:18:04Z
2026-08-09T05:15:34Z,2026-08-09T07:15:34+0200,72a31bd2-8518-490a-bfbe-24bda838aac9,2026-07-12T11:00:00Z,2026-07-12T13:00:00+0200,4996.98303,MW,DE,DE_LU,actual_onshore_wind_generation,Wind Onshore,2026-08-09T05:18:04Z
2026-08-09T05:15:34Z,2026-08-09T07:15:34+0200,72a31bd2-8518-490a-bfbe-24bda838aac9,2026-07-12T11:15:00Z,2026-07-12T13:15:00+0200,5210.5103,MW,DE,DE_LU,actual_onshore_wind_generation,Wind Onshore,2026-08-09T05:18:04Z
2026-08-09T05:15:34Z,2026-08-09T07:15:34+0200,72a31bd2-8518-490a-bfbe-24bda838aac9,2026-07-12T11:30:00Z,2026-07-12T13:30:00+0200,5209.2406,MW,DE,DE_LU,actual_onshore_wind_generation,Wind Onshore,2026-08-09T05:18:04Z
2026-08-09T05:15:34Z,2026-08-09T07:15:34+0200,72a31bd2-8518-490a-bfbe-24bda838aac9,2026-07-12T11:45:00Z,2026-07-12T13:45:00+0200,5140.39116,MW,DE,DE_LU,actual_onshore_wind_generation,Wind Onshore,2026-08-09T05:18:04Z
2026-08-09T05:15:34Z,2026-08-09T07:15:34+0200,72a31bd2-8518-490a-bfbe-24bda838aac9,2026-07-12T12:00:00Z,2026-07-12T14:00:00+0200,5252.67218,MW,DE,DE_LU,actual_onshore_wind_generation,Wind Onshore,2026-08-09T05:18:04Z
2026-08-09T05:15:34Z,2026-08-09T07:15:34+0200,72a31bd2-8518-490a-bfbe-24bda838aac9,2026-07-12T12:15:00Z,2026-07-12T14:15:00+0200,5477.07575,MW,DE,DE_LU,actual_onshore_wind_generation,Wind Onshore,2026-08-09T05:18:04Z
2026-08-09T05:15:34Z,2026-08-09T07:15:34+0200,72a31bd2-8518-490a-bfbe-24bda838aac9,2026-07-12T12:30:00Z,2026-07-12T14:30:00+0200,5501.13337,MW,DE,DE_LU,actual_onshore_wind_generation,Wind Onshore,2026-08-09T05:18:04Z
2026-08-09T05:15:34Z,2026-08-09T07:15:34+0200,72a31bd2-8518-490a-bfbe-24bda838aac9,2026-07-12T12:45:00Z,2026-07-12T14:45:00+0200,5686.45311,MW,DE,DE_LU,actual_onshore_wind_generation,Wind Onshore,2026-08-09T05:18:04Z
2026-08-09T05:15:34Z,2026-08-09T07:15:34+0200,72a31bd2-8518-490a-bfbe-24bda838aac9,2026-07-12T13:00:00Z,2026-07-12T15:00:00+0200,5613.86919,MW,DE,DE_LU,actual_onshore_wind_generation,Wind Onshore,2026-08-09T05:18:04Z
2026-08-09T05:15:34Z,2026-08-09T07:15:34+0200,72a31bd2-8518-490a-bfbe-24bda838aac9,2026-07-12T13:15:00Z,2026-07-12T15:15:00+0200,5610.48094,MW,DE,DE_LU,actual_onshore_wind_generation,Wind Onshore,2026-08-09T05:18:04Z
2026-08-09T05:15:34Z,2026-08-09T07:15:34+0200,72a31bd2-8518-490a-bfbe-24bda838aac9,2026-07-12T13:30:00Z,2026-07-12T15:30:00+0200,5632.83407,MW,DE,DE_LU,actual_onshore_wind_generation,Wind Onshore,2026-08-09T05:18:04Z
2026-08-09T05:15:34Z,2026-08-09T07:15:34+0200,72a31bd2-8518-490a-bfbe-24bda838aac9,2026-07-12T13:45:00Z,2026-07-12T15:45:00+0200,5774.89814,MW,DE,DE_LU,actual_onshore_wind_generation,Wind Onshore,2026-08-09T05:18:04Z
2026-08-09T05:15:34Z,2026-08-09T07:15:34+0200,72a31bd2-8518-490a-bfbe-24bda838aac9,2026-07-12T14:00:00Z,2026-07-12T16:00:00+0200,6169.32593,MW,DE,DE_LU,actual_onshore_wind_generation,Wind Onshore,2026-08-09T05:18:04Z
2026-08-09T05:15:34Z,2026-08-09T07:15:34+0200,72a31bd2-8518-490a-bfbe-24bda838aac9,2026-07-12T14:15:00Z,2026-07-12T16:15:00+0200,6445.41735,MW,DE,DE_LU,actual_onshore_wind_generation,Wind Onshore,2026-08-09T05:18:04Z
2026-08-09T05:15:34Z,2026-08-09T07:15:34+0200,72a31bd2-8518-490a-bfbe-24bda838aac9,2026-07-12T14:30:00Z,2026-07-12T16:30:00+0200,6479.04479,MW,DE,DE_LU,actual_onshore_wind_generation,Wind Onshore,2026-08-09T05:18:04Z
2026-08-09T05:15:34Z,2026-08-09T07:15:34+0200,72a31bd2-8518-490a-bfbe-24bda838aac9,2026-07-12T14:45:00Z,2026-07-12T16:45:00+0200,6102.11877,MW,DE,DE_LU,actual_onshore_wind_generation,Wind Onshore,2026-08-09T05:18:04Z
2026-08-09T05:15:34Z,2026-08-09T07:15:34+0200,72a31bd2-8518-490a-bfbe-24bda838aac9,2026-07-12T15:00:00Z,2026-07-12T17:00:00+0200,6668.94885,MW,DE,DE_LU,actual_onshore_wind_generation,Wind Onshore,2026-08-09T05:18:04Z
2026-08-09T05:15:34Z,2026-08-09T07:15:34+0200,72a31bd2-8518-490a-bfbe-24bda838aac9,2026-07-12T15:15:00Z,2026-07-12T17:15:00+0200,7124.87002,MW,DE,DE_LU,actual_onshore_wind_generation,Wind Onshore,2026-08-09T05:18:04Z
2026-08-09T05:15:34Z,2026-08-09T07:15:34+0200,72a31bd2-8518-490a-bfbe-24bda838aac9,2026-07-12T15:30:00Z,2026-07-12T17:30:00+0200,7211.18814,MW,DE,DE_LU,actual_onshore_wind_generation,Wind Onshore,2026-08-09T05:18:04Z
2026-08-09T05:15:34Z,2026-08-09T07:15:34+0200,72a31bd2-8518-490a-bfbe-24bda838aac9,2026-07-12T15:45:00Z,2026-07-12T17:45:00+0200,7732.38796,MW,DE,DE_LU,actual_onshore_wind_generation,Wind Onshore,2026-08-09T05:18:04Z
2026-08-09T05:15:34Z,2026-08-09T07:15:34+0200,72a31bd2-8518-490a-bfbe-24bda838aac9,2026-07-12T16:00:00Z,2026-07-12T18:00:00+0200,7944.25345,MW,DE,DE_LU,actual_onshore_wind_generation,Wind Onshore,2026-08-09T05:18:04Z
2026-08-09T05:15:34Z,2026-08-09T07:15:34+0200,72a31bd2-8518-490a-bfbe-24bda838aac9,2026-07-12T16:15:00Z,2026-07-12T18:15:00+0200,8716.79253,MW,DE,DE_LU,actual_onshore_wind_generation,Wind Onshore,2026-08-09T05:18:04Z
2026-08-09T05:15:34Z,2026-08-09T07:15:34+0200,72a31bd2-8518-490a-bfbe-24bda838aac9,2026-07-12T16:30:00Z,2026-07-12T18:30:00+0200,8882.39708,MW,DE,DE_LU,actual_onshore_wind_generation,Wind Onshore,2026-08-09T05:18:04Z
2026-08-09T05:15:34Z,2026-08-09T07:15:34+0200,72a31bd2-8518-490a-bfbe-24bda838aac9,2026-07-12T16:45:00Z,2026-07-12T18:45:00+0200,8891.57927,MW,DE,DE_LU,actual_onshore_wind_generation,Wind Onshore,2026-08-09T05:18:04Z
2026-08-09T05:15:34Z,2026-08-09T07:15:34+0200,72a31bd2-8518-490a-bfbe-24bda838aac9,2026-07-12T17:00:00Z,2026-07-12T19:00:00+0200,8788.65498,MW,DE,DE_LU,actual_onshore_wind_generation,Wind Onshore,2026-08-09T05:18:04Z
2026-08-09T05:15:34Z,2026-08-09T07:15:34+0200,72a31bd2-8518-490a-bfbe-24bda838aac9,2026-07-12T17:15:00Z,2026-07-12T19:15:00+0200,8654.30423,MW,DE,DE_LU,actual_onshore_wind_generation,Wind Onshore,2026-08-09T05:18:04Z
2026-08-09T05:15:34Z,2026-08-09T07:15:34+0200,72a31bd2-8518-490a-bfbe-24bda838aac9,2026-07-12T17:30:00Z,2026-07-12T19:30:00+0200,8464.30034,MW,DE,DE_LU,actual_onshore_wind_generation,Wind Onshore,2026-08-09T05:18:04Z
2026-08-09T05:15:34Z,2026-08-09T07:15:34+0200,72a31bd2-8518-490a-bfbe-24bda838aac9,2026-07-12T17:45:00Z,2026-07-12T19:45:00+0200,8315.0768,MW,DE,DE_LU,actual_onshore_wind_generation,Wind Onshore,2026-08-09T05:18:04Z
2026-08-09T05:15:34Z,2026-08-09T07:15:34+0200,72a31bd2-8518-490a-bfbe-24bda838aac9,2026-07-12T18:00:00Z,2026-07-12T20:00:00+0200,8258.91497,MW,DE,DE_LU,actual_onshore_wind_generation,Wind Onshore,2026-08-09T05:18:04Z
2026-08-09T05:15:34Z,2026-08-09T07:15:34+0200,72a31bd2-8518-490a-bfbe-24bda838aac9,2026-07-12T18:15:00Z,2026-07-12T20:15:00+0200,8010.24968,MW,DE,DE_LU,actual_onshore_wind_generation,Wind Onshore,2026-08-09T05:18:04Z
2026-08-09T05:15:34Z,2026-08-09T07:15:34+0200,72a31bd2-8518-490a-bfbe-24bda838aac9,2026-07-12T18:30:00Z,2026-07-12T20:30:00+0200,7772.51069,MW,DE,DE_LU,actual_onshore_wind_generation,Wind Onshore,2026-08-09T05:18:04Z
2026-08-09T05:15:34Z,2026-08-09T07:15:34+0200,72a31bd2-8518-490a-bfbe-24bda838aac9,2026-07-12T18:45:00Z,2026-07-12T20:45:00+0200,7658.59243,MW,DE,DE_LU,actual_onshore_wind_generation,Wind Onshore,2026-08-09T05:18:04Z
2026-08-09T05:15:34Z,2026-08-09T07:15:34+0200,72a31bd2-8518-490a-bfbe-24bda838aac9,2026-07-12T19:00:00Z,2026-07-12T21:00:00+0200,8012.13155,MW,DE,DE_LU,actual_onshore_wind_generation,Wind Onshore,2026-08-09T05:18:04Z
2026-08-09T05:15:34Z,2026-08-09T07:15:34+0200,72a31bd2-8518-490a-bfbe-24bda838aac9,2026-07-12T19:15:00Z,2026-07-12T21:15:00+0200,8612.0069,MW,DE,DE_LU,actual_onshore_wind_generation,Wind Onshore,2026-08-09T05:18:04Z
2026-08-09T05:15:34Z,2026-08-09T07:15:34+0200,72a31bd2-8518-490a-bfbe-24bda838aac9,2026-07-12T19:30:00Z,2026-07-12T21:30:00+0200,8804.00606,MW,DE,DE_LU,actual_onshore_wind_generation,Wind Onshore,2026-08-09T05:18:04Z
2026-08-09T05:15:34Z,2026-08-09T07:15:34+0200,72a31bd2-8518-490a-bfbe-24bda838aac9,2026-07-12T19:45:00Z,2026-07-12T21:45:00+0200,8761.91152,MW,DE,DE_LU,actual_onshore_wind_generation,Wind Onshore,2026-08-09T05:18:04Z
2026-08-09T05:15:34Z,2026-08-09T07:15:34+0200,72a31bd2-8518-490a-bfbe-24bda838aac9,2026-07-12T20:00:00Z,2026-07-12T22:00:00+0200,8915.97839,MW,DE,DE_LU,actual_onshore_wind_generation,Wind Onshore,2026-08-09T05:18:04Z
2026-08-09T05:15:34Z,2026-08-09T07:15:34+0200,72a31bd2-8518-490a-bfbe-24bda838aac9,2026-07-12T20:15:00Z,2026-07-12T22:15:00+0200,9241.93012,MW,DE,DE_LU,actual_onshore_wind_generation,Wind Onshore,2026-08-09T05:18:04Z
2026-08-09T05:15:34Z,2026-08-09T07:15:34+0200,72a31bd2-8518-490a-bfbe-24bda838aac9,2026-07-12T20:30:00Z,2026-07-12T22:30:00+0200,9365.38554,MW,DE,DE_LU,actual_onshore_wind_generation,Wind Onshore,2026-08-09T05:18:04Z
2026-08-09T05:15:34Z,2026-08-09T07:15:34+0200,72a31bd2-8518-490a-bfbe-24bda838aac9,2026-07-12T20:45:00Z,2026-07-12T22:45:00+0200,9497.78305,MW,DE,DE_LU,actual_onshore_wind_generation,Wind Onshore,2026-08-09T05:18:04Z
2026-08-09T05:15:34Z,2026-08-09T07:15:34+0200,72a31bd2-8518-490a-bfbe-24bda838aac9,2026-07-12T21:00:00Z,2026-07-12T23:00:00+0200,9581.94583,MW,DE,DE_LU,actual_onshore_wind_generation,Wind Onshore,2026-08-09T05:18:04Z
2026-08-09T05:15:34Z,2026-08-09T07:15:34+0200,72a31bd2-8518-490a-bfbe-24bda838aac9,2026-07-12T21:15:00Z,2026-07-12T23:15:00+0200,9508.25354,MW,DE,DE_LU,actual_onshore_wind_generation,Wind Onshore,2026-08-09T05:18:04Z
2026-08-09T05:15:34Z,2026-08-09T07:15:34+0200,72a31bd2-8518-490a-bfbe-24bda838aac9,2026-07-12T21:30:00Z,2026-07-12T23:30:00+0200,9435.94066,MW,DE,DE_LU,actual_onshore_wind_generation,Wind Onshore,2026-08-09T05:18:04Z
2026-08-09T05:15:34Z,2026-08-09T07:15:34+0200,72a31bd2-8518-490a-bfbe-24bda838aac9,2026-07-12T21:45:00Z,2026-07-12T23:45:00+0200,9174.74801,MW,DE,DE_LU,actual_onshore_wind_generation,Wind Onshore,2026-08-09T05:18:04Z
2026-08-09T05:15:34Z,2026-08-09T07:15:34+0200,72a31bd2-8518-490a-bfbe-24bda838aac9,2026-07-12T22:00:00Z,2026-07-13T00:00:00+0200,8787.37922,MW,DE,DE_LU,actual_onshore_wind_generation,Wind Onshore,2026-08-09T05:18:04Z
2026-08-09T05:15:34Z,2026-08-09T07:15:34+0200,72a31bd2-8518-490a-bfbe-24bda838aac9,2026-07-12T22:15:00Z,2026-07-13T00:15:00+0200,8438.4883,MW,DE,DE_LU,actual_onshore_wind_generation,Wind Onshore,2026-08-09T05:18:04Z
2026-08-09T05:15:34Z,2026-08-09T07:15:34+0200,72a31bd2-8518-490a-bfbe-24bda838aac9,2026-07-12T22:30:00Z,2026-07-13T00:30:00+0200,8160.03956,MW,DE,DE_LU,actual_onshore_wind_generation,Wind Onshore,2026-08-09T05:18:04Z
2026-08-09T05:15:34Z,2026-08-09T07:15:34+0200,72a31bd2-8518-490a-bfbe-24bda838aac9,2026-07-12T22:45:00Z,2026-07-13T00:45:00+0200,7827.08806,MW,DE,DE_LU,actual_onshore_wind_generation,Wind Onshore,2026-08-09T05:18:04Z
2026-08-09T05:15:34Z,2026-08-09T07:15:34+0200,72a31bd2-8518-490a-bfbe-24bda838aac9,2026-07-12T23:00:00Z,2026-07-13T01:00:00+0200,7531.90574,MW,DE,DE_LU,actual_onshore_wind_generation,Wind Onshore,2026-08-09T05:18:04Z
2026-08-09T05:15:34Z,2026-08-09T07:15:34+0200,72a31bd2-8518-490a-bfbe-24bda838aac9,2026-07-12T23:15:00Z,2026-07-13T01:15:00+0200,7310.40993,MW,DE,DE_LU,actual_onshore_wind_generation,Wind Onshore,2026-08-09T05:18:04Z
2026-08-09T05:15:34Z,2026-08-09T07:15:34+0200,72a31bd2-8518-490a-bfbe-24bda838aac9,2026-07-12T23:30:00Z,2026-07-13T01:30:00+0200,7132.12068,MW,DE,DE_LU,actual_onshore_wind_generation,Wind Onshore,2026-08-09T05:18:04Z
2026-08-09T05:15:34Z,2026-08-09T07:15:34+0200,72a31bd2-8518-490a-bfbe-24bda838aac9,2026-07-12T23:45:00Z,2026-07-13T01:45:00+0200,6979.37512,MW,DE,DE_LU,actual_onshore_wind_generation,Wind Onshore,2026-08-09T05:18:04Z
2026-08-09T05:15:34Z,2026-08-09T07:15:34+0200,72a31bd2-8518-490a-bfbe-24bda838aac9,2026-07-13T00:00:00Z,2026-07-13T02:00:00+0200,6801.43242,MW,DE,DE_LU,actual_onshore_wind_generation,Wind Onshore,2026-08-09T05:18:04Z
2026-08-09T05:15:34Z,2026-08-09T07:15:34+0200,72a31bd2-8518-490a-bfbe-24bda838aac9,2026-07-13T00:15:00Z,2026-07-13T02:15:00+0200,6631.5062,MW,DE,DE_LU,actual_onshore_wind_generation,Wind Onshore,2026-08-09T05:18:04Z
2026-08-09T05:15:34Z,2026-08-09T07:15:34+0200,72a31bd2-8518-490a-bfbe-24bda838aac9,2026-07-13T00:30:00Z,2026-07-13T02:30:00+0200,6456.77583,MW,DE,DE_LU,actual_onshore_wind_generation,Wind Onshore,2026-08-09T05:18:04Z
2026-08-09T05:15:34Z,2026-08-09T07:15:34+0200,72a31bd2-8518-490a-bfbe-24bda838aac9,2026-07-13T00:45:00Z,2026-07-13T02:45:00+0200,6349.76604,MW,DE,DE_LU,actual_onshore_wind_generation,Wind Onshore,2026-08-09T05:18:04Z
2026-08-09T05:15:34Z,2026-08-09T07:15:34+0200,72a31bd2-8518-490a-bfbe-24bda838aac9,2026-07-13T01:00:00Z,2026-07-13T03:00:00+0200,6282.01898,MW,DE,DE_LU,actual_onshore_wind_generation,Wind Onshore,2026-08-09T05:18:04Z
2026-08-09T05:15:34Z,2026-08-09T07:15:34+0200,72a31bd2-8518-490a-bfbe-24bda838aac9,2026-07-13T01:15:00Z,2026-07-13T03:15:00+0200,6234.21059,MW,DE,DE_LU,actual_onshore_wind_generation,Wind Onshore,2026-08-09T05:18:04Z
2026-08-09T05:15:34Z,2026-08-09T07:15:34+0200,72a31bd2-8518-490a-bfbe-24bda838aac9,2026-07-13T01:30:00Z,2026-07-13T03:30:00+0200,6157.99814,MW,DE,DE_LU,actual_onshore_wind_generation,Wind Onshore,2026-08-09T05:18:04Z
2026-08-09T05:15:34Z,2026-08-09T07:15:34+0200,72a31bd2-8518-490a-bfbe-24bda838aac9,2026-07-13T01:45:00Z,2026-07-13T03:45:00+0200,6045.70216,MW,DE,DE_LU,actual_onshore_wind_generation,Wind Onshore,2026-08-09T05:18:04Z
2026-08-09T05:15:34Z,2026-08-09T07:15:34+0200,72a31bd2-8518-490a-bfbe-24bda838aac9,2026-07-13T02:00:00Z,2026-07-13T04:00:00+0200,5934.7602,MW,DE,DE_LU,actual_onshore_wind_generation,Wind Onshore,2026-08-09T05:18:04Z
2026-08-09T05:15:34Z,2026-08-09T07:15:34+0200,72a31bd2-8518-490a-bfbe-24bda838aac9,2026-07-13T02:15:00Z,2026-07-13T04:15:00+0200,5886.67933,MW,DE,DE_LU,actual_onshore_wind_generation,Wind Onshore,2026-08-09T05:18:04Z
2026-08-09T05:15:34Z,2026-08-09T07:15:34+0200,72a31bd2-8518-490a-bfbe-24bda838aac9,2026-07-13T02:30:00Z,2026-07-13T04:30:00+0200,5797.48215,MW,DE,DE_LU,actual_onshore_wind_generation,Wind Onshore,2026-08-09T05:18:04Z
2026-08-09T05:15:34Z,2026-08-09T07:15:34+0200,72a31bd2-8518-490a-bfbe-24bda838aac9,2026-07-13T02:45:00Z,2026-07-13T04:45:00+0200,5730.31285,MW,DE,DE_LU,actual_onshore_wind_generation,Wind Onshore,2026-08-09T05:18:04Z
2026-08-09T05:15:34Z,2026-08-09T07:15:34+0200,72a31bd2-8518-490a-bfbe-24bda838aac9,2026-07-13T03:00:00Z,2026-07-13T05:00:00+0200,5551.16645,MW,DE,DE_LU,actual_onshore_wind_generation,Wind Onshore,2026-08-09T05:18:04Z
2026-08-09T05:15:34Z,2026-08-09T07:15:34+0200,72a31bd2-8518-490a-bfbe-24bda838aac9,2026-07-13T03:15:00Z,2026-07-13T05:15:00+0200,5485.89395,MW,DE,DE_LU,actual_onshore_wind_generation,Wind Onshore,2026-08-09T05:18:04Z
2026-08-09T05:15:34Z,2026-08-09T07:15:34+0200,72a31bd2-8518-490a-bfbe-24bda838aac9,2026-07-13T03:30:00Z,2026-07-13T05:30:00+0200,5468.05738,MW,DE,DE_LU,actual_onshore_wind_generation,Wind Onshore,2026-08-09T05:18:04Z
2026-08-09T05:15:34Z,2026-08-09T07:15:34+0200,72a31bd2-8518-490a-bfbe-24bda838aac9,2026-07-13T03:45:00Z,2026-07-13T05:45:00+0200,5352.65624,MW,DE,DE_LU,actual_onshore_wind_generation,Wind Onshore,2026-08-09T05:18:04Z
2026-08-09T05:15:34Z,2026-08-09T07:15:34+0200,72a31bd2-8518-490a-bfbe-24bda838aac9,2026-07-13T04:00:00Z,2026-07-13T06:00:00+0200,5170.1432,MW,DE,DE_LU,actual_onshore_wind_generation,Wind Onshore,2026-08-09T05:18:04Z
2026-08-09T05:15:34Z,2026-08-09T07:15:34+0200,72a31bd2-8518-490a-bfbe-24bda838aac9,2026-07-13T04:15:00Z,2026-07-13T06:15:00+0200,4894.43087,MW,DE,DE_LU,actual_onshore_wind_generation,Wind Onshore,2026-08-09T05:18:04Z
2026-08-09T05:15:34Z,2026-08-09T07:15:34+0200,72a31bd2-8518-490a-bfbe-24bda838aac9,2026-07-13T04:30:00Z,2026-07-13T06:30:00+0200,4657.32167,MW,DE,DE_LU,actual_onshore_wind_generation,Wind Onshore,2026-08-09T05:18:04Z
2026-08-09T05:15:34Z,2026-08-09T07:15:34+0200,72a31bd2-8518-490a-bfbe-24bda838aac9,2026-07-13T04:45:00Z,2026-07-13T06:45:00+0200,4360.38749,MW,DE,DE_LU,actual_onshore_wind_generation,Wind Onshore,2026-08-09T05:18:04Z
2026-08-09T05:15:34Z,2026-08-09T07:15:34+0200,72a31bd2-8518-490a-bfbe-24bda838aac9,2026-07-13T05:00:00Z,2026-07-13T07:00:00+0200,3987.01505,MW,DE,DE_LU,actual_onshore_wind_generation,Wind Onshore,2026-08-09T05:18:04Z
2026-08-09T05:15:34Z,2026-08-09T07:15:34+0200,72a31bd2-8518-490a-bfbe-24bda838aac9,2026-07-13T05:15:00Z,2026-07-13T07:15:00+0200,3631.56194,MW,DE,DE_LU,actual_onshore_wind_generation,Wind Onshore,2026-08-09T05:18:04Z
2026-08-09T05:15:34Z,2026-08-09T07:15:34+0200,72a31bd2-8518-490a-bfbe-24bda838aac9,2026-07-13T05:30:00Z,2026-07-13T07:30:00+0200,3142.95439,MW,DE,DE_LU,actual_onshore_wind_generation,Wind Onshore,2026-08-09T05:18:04Z
2026-08-09T05:15:34Z,2026-08-09T07:15:34+0200,72a31bd2-8518-490a-bfbe-24bda838aac9,2026-07-13T05:45:00Z,2026-07-13T07:45:00+0200,2584.49947,MW,DE,DE_LU,actual_onshore_wind_generation,Wind Onshore,2026-08-09T05:18:04Z
2026-08-09T05:15:34Z,2026-08-09T07:15:34+0200,72a31bd2-8518-490a-bfbe-24bda838aac9,2026-07-13T06:00:00Z,2026-07-13T08:00:00+0200,2104.32736,MW,DE,DE_LU,actual_onshore_wind_generation,Wind Onshore,2026-08-09T05:18:04Z
2026-08-09T05:15:34Z,2026-08-09T07:15:34+0200,72a31bd2-8518-490a-bfbe-24bda838aac9,2026-07-13T06:15:00Z,2026-07-13T08:15:00+0200,1729.0644,MW,DE,DE_LU,actual_onshore_wind_generation,Wind Onshore,2026-08-09T05:18:04Z
2026-08-09T05:15:34Z,2026-08-09T07:15:34+0200,72a31bd2-8518-490a-bfbe-24bda838aac9,2026-07-13T06:30:00Z,2026-07-13T08:30:00+0200,1445.66276,MW,DE,DE_LU,actual_onshore_wind_generation,Wind Onshore,2026-08-09T05:18:04Z
2026-08-09T05:15:34Z,2026-08-09T07:15:34+0200,72a31bd2-8518-490a-bfbe-24bda838aac9,2026-07-13T06:45:00Z,2026-07-13T08:45:00+0200,1310.9605,MW,DE,DE_LU,actual_onshore_wind_generation,Wind Onshore,2026-08-09T05:18:04Z
2026-08-09T05:15:34Z,2026-08-09T07:15:34+0200,72a31bd2-8518-490a-bfbe-24bda838aac9,2026-07-13T07:00:00Z,2026-07-13T09:00:00+0200,1266.05396,MW,DE,DE_LU,actual_onshore_wind_generation,Wind Onshore,2026-08-09T05:18:04Z
2026-08-09T05:15:34Z,2026-08-09T07:15:34+0200,72a31bd2-8518-490a-bfbe-24bda838aac9,2026-07-13T07:15:00Z,2026-07-13T09:15:00+0200,1276.11847,MW,DE,DE_LU,actual_onshore_wind_generation,Wind Onshore,2026-08-09T05:18:04Z
2026-08-09T05:15:34Z,2026-08-09T07:15:34+0200,72a31bd2-8518-490a-bfbe-24bda838aac9,2026-07-13T07:30:00Z,2026-07-13T09:30:00+0200,1311.83746,MW,DE,DE_LU,actual_onshore_wind_generation,Wind Onshore,2026-08-09T05:18:04Z
2026-08-09T05:15:34Z,2026-08-09T07:15:34+0200,72a31bd2-8518-490a-bfbe-24bda838aac9,2026-07-13T07:45:00Z,2026-07-13T09:45:00+0200,1443.83092,MW,DE,DE_LU,actual_onshore_wind_generation,Wind Onshore,2026-08-09T05:18:04Z
2026-08-09T05:15:34Z,2026-08-09T07:15:34+0200,72a31bd2-8518-490a-bfbe-24bda838aac9,2026-07-13T08:00:00Z,2026-07-13T10:00:00+0200,1589.80829,MW,DE,DE_LU,actual_onshore_wind_generation,Wind Onshore,2026-08-09T05:18:04Z
2026-08-09T05:15:34Z,2026-08-09T07:15:34+0200,72a31bd2-8518-490a-bfbe-24bda838aac9,2026-07-13T08:15:00Z,2026-07-13T10:15:00+0200,1751.54967,MW,DE,DE_LU,actual_onshore_wind_generation,Wind Onshore,2026-08-09T05:18:04Z
2026-08-09T05:15:34Z,2026-08-09T07:15:34+0200,72a31bd2-8518-490a-bfbe-24bda838aac9,2026-07-13T08:30:00Z,2026-07-13T10:30:00+0200,1833.11245,MW,DE,DE_LU,actual_onshore_wind_generation,Wind Onshore,2026-08-09T05:18:04Z
2026-08-09T05:15:34Z,2026-08-09T07:15:34+0200,72a31bd2-8518-490a-bfbe-24bda838aac9,2026-07-13T08:45:00Z,2026-07-13T10:45:00+0200,1906.71617,MW,DE,DE_LU,actual_onshore_wind_generation,Wind Onshore,2026-08-09T05:18:04Z
2026-08-09T05:15:34Z,2026-08-09T07:15:34+0200,72a31bd2-8518-490a-bfbe-24bda838aac9,2026-07-13T09:00:00Z,2026-07-13T11:00:00+0200,2045.02332,MW,DE,DE_LU,actual_onshore_wind_generation,Wind Onshore,2026-08-09T05:18:04Z
2026-08-09T05:15:34Z,2026-08-09T07:15:34+0200,72a31bd2-8518-490a-bfbe-24bda838aac9,2026-07-13T09:15:00Z,2026-07-13T11:15:00+0200,2150.46427,MW,DE,DE_LU,actual_onshore_wind_generation,Wind Onshore,2026-08-09T05:18:04Z
2026-08-09T05:15:34Z,2026-08-09T07:15:34+0200,72a31bd2-8518-490a-bfbe-24bda838aac9,2026-07-13T09:30:00Z,2026-07-13T11:30:00+0200,2306.56746,MW,DE,DE_LU,actual_onshore_wind_generation,Wind Onshore,2026-08-09T05:18:04Z
2026-08-09T05:15:34Z,2026-08-09T07:15:34+0200,72a31bd2-8518-490a-bfbe-24bda838aac9,2026-07-13T09:45:00Z,2026-07-13T11:45:00+0200,2455.77739,MW,DE,DE_LU,actual_onshore_wind_generation,Wind Onshore,2026-08-09T05:18:04Z
2026-08-09T05:15:34Z,2026-08-09T07:15:34+0200,72a31bd2-8518-490a-bfbe-24bda838aac9,2026-07-13T10:00:00Z,2026-07-13T12:00:00+0200,2702.44385,MW,DE,DE_LU,actual_onshore_wind_generation,Wind Onshore,2026-08-09T05:18:04Z
2026-08-09T05:15:34Z,2026-08-09T07:15:34+0200,72a31bd2-8518-490a-bfbe-24bda838aac9,2026-07-13T10:15:00Z,2026-07-13T12:15:00+0200,2921.872,MW,DE,DE_LU,actual_onshore_wind_generation,Wind Onshore,2026-08-09T05:18:04Z
2026-08-09T05:15:34Z,2026-08-09T07:15:34+0200,72a31bd2-8518-490a-bfbe-24bda838aac9,2026-07-13T10:30:00Z,2026-07-13T12:30:00+0200,3092.80296,MW,DE,DE_LU,actual_onshore_wind_generation,Wind Onshore,2026-08-09T05:18:04Z
2026-08-09T05:15:34Z,2026-08-09T07:15:34+0200,72a31bd2-8518-490a-bfbe-24bda838aac9,2026-07-13T10:45:00Z,2026-07-13T12:45:00+0200,3167.72038,MW,DE,DE_LU,actual_onshore_wind_generation,Wind Onshore,2026-08-09T05:18:04Z
2026-08-09T05:15:34Z,2026-08-09T07:15:34+0200,72a31bd2-8518-490a-bfbe-24bda838aac9,2026-07-13T11:00:00Z,2026-07-13T13:00:00+0200,3283.55781,MW,DE,DE_LU,actual_onshore_wind_generation,Wind Onshore,2026-08-09T05:18:04Z
2026-08-09T05:15:34Z,2026-08-09T07:15:34+0200,72a31bd2-8518-490a-bfbe-24bda838aac9,2026-07-13T11:15:00Z,2026-07-13T13:15:00+0200,3305.45308,MW,DE,DE_LU,actual_onshore_wind_generation,Wind Onshore,2026-08-09T05:18:04Z
2026-08-09T05:15:34Z,2026-08-09T07:15:34+0200,72a31bd2-8518-490a-bfbe-24bda838aac9,2026-07-13T11:30:00Z,2026-07-13T13:30:00+0200,3331.08274,MW,DE,DE_LU,actual_onshore_wind_generation,Wind Onshore,2026-08-09T05:18:04Z
2026-08-09T05:15:34Z,2026-08-09T07:15:34+0200,72a31bd2-8518-490a-bfbe-24bda838aac9,2026-07-13T11:45:00Z,2026-07-13T13:45:00+0200,3401.08279,MW,DE,DE_LU,actual_onshore_wind_generation,Wind Onshore,2026-08-09T05:18:04Z
2026-08-09T05:15:34Z,2026-08-09T07:15:34+0200,72a31bd2-8518-490a-bfbe-24bda838aac9,2026-07-13T12:00:00Z,2026-07-13T14:00:00+0200,3293.94145,MW,DE,DE_LU,actual_onshore_wind_generation,Wind Onshore,2026-08-09T05:18:04Z
2026-08-09T05:15:34Z,2026-08-09T07:15:34+0200,72a31bd2-8518-490a-bfbe-24bda838aac9,2026-07-13T12:15:00Z,2026-07-13T14:15:00+0200,3455.55546,MW,DE,DE_LU,actual_onshore_wind_generation,Wind Onshore,2026-08-09T05:18:04Z
2026-08-09T05:15:34Z,2026-08-09T07:15:34+0200,72a31bd2-8518-490a-bfbe-24bda838aac9,2026-07-13T12:30:00Z,2026-07-13T14:30:00+0200,3772.3982,MW,DE,DE_LU,actual_onshore_wind_generation,Wind Onshore,2026-08-09T05:18:04Z
2026-08-09T05:15:34Z,2026-08-09T07:15:34+0200,72a31bd2-8518-490a-bfbe-24bda838aac9,2026-07-13T12:45:00Z,2026-07-13T14:45:00+0200,4267.34628,MW,DE,DE_LU,actual_onshore_wind_generation,Wind Onshore,2026-08-09T05:18:04Z
2026-08-09T05:15:34Z,2026-08-09T07:15:34+0200,72a31bd2-8518-490a-bfbe-24bda838aac9,2026-07-13T13:00:00Z,2026-07-13T15:00:00+0200,4593.79042,MW,DE,DE_LU,actual_onshore_wind_generation,Wind Onshore,2026-08-09T05:18:04Z
2026-08-09T05:15:34Z,2026-08-09T07:15:34+0200,72a31bd2-8518-490a-bfbe-24bda838aac9,2026-07-13T13:15:00Z,2026-07-13T15:15:00+0200,4747.72517,MW,DE,DE_LU,actual_onshore_wind_generation,Wind Onshore,2026-08-09T05:18:04Z
2026-08-09T05:15:34Z,2026-08-09T07:15:34+0200,72a31bd2-8518-490a-bfbe-24bda838aac9,2026-07-13T13:30:00Z,2026-07-13T15:30:00+0200,4889.54051,MW,DE,DE_LU,actual_onshore_wind_generation,Wind Onshore,2026-08-09T05:18:04Z
2026-08-09T05:15:34Z,2026-08-09T07:15:34+0200,72a31bd2-8518-490a-bfbe-24bda838aac9,2026-07-13T13:45:00Z,2026-07-13T15:45:00+0200,5195.52318,MW,DE,DE_LU,actual_onshore_wind_generation,Wind Onshore,2026-08-09T05:18:04Z
2026-08-09T05:15:34Z,2026-08-09T07:15:34+0200,72a31bd2-8518-490a-bfbe-24bda838aac9,2026-07-13T14:00:00Z,2026-07-13T16:00:00+0200,5694.09933,MW,DE,DE_LU,actual_onshore_wind_generation,Wind Onshore,2026-08-09T05:18:04Z
2026-08-09T05:15:34Z,2026-08-09T07:15:34+0200,72a31bd2-8518-490a-bfbe-24bda838aac9,2026-07-13T14:15:00Z,2026-07-13T16:15:00+0200,6149.91516,MW,DE,DE_LU,actual_onshore_wind_generation,Wind Onshore,2026-08-09T05:18:04Z
2026-08-09T05:15:34Z,2026-08-09T07:15:34+0200,72a31bd2-8518-490a-bfbe-24bda838aac9,2026-07-13T14:30:00Z,2026-07-13T16:30:00+0200,6467.32891,MW,DE,DE_LU,actual_onshore_wind_generation,Wind Onshore,2026-08-09T05:18:04Z
2026-08-09T05:15:34Z,2026-08-09T07:15:34+0200,72a31bd2-8518-490a-bfbe-24bda838aac9,2026-07-13T14:45:00Z,2026-07-13T16:45:00+0200,7054.93006,MW,DE,DE_LU,actual_onshore_wind_generation,Wind Onshore,2026-08-09T05:18:04Z
2026-08-09T05:15:34Z,2026-08-09T07:15:34+0200,72a31bd2-8518-490a-bfbe-24bda838aac9,2026-07-13T15:00:00Z,2026-07-13T17:00:00+0200,7748.22542,MW,DE,DE_LU,actual_onshore_wind_generation,Wind Onshore,2026-08-09T05:18:04Z
2026-08-09T05:15:34Z,2026-08-09T07:15:34+0200,72a31bd2-8518-490a-bfbe-24bda838aac9,2026-07-13T15:15:00Z,2026-07-13T17:15:00+0200,8269.74754,MW,DE,DE_LU,actual_onshore_wind_generation,Wind Onshore,2026-08-09T05:18:04Z
2026-08-09T05:15:34Z,2026-08-09T07:15:34+0200,72a31bd2-8518-490a-bfbe-24bda838aac9,2026-07-13T15:30:00Z,2026-07-13T17:30:00+0200,8384.47681,MW,DE,DE_LU,actual_onshore_wind_generation,Wind Onshore,2026-08-09T05:18:04Z
2026-08-09T05:15:34Z,2026-08-09T07:15:34+0200,72a31bd2-8518-490a-bfbe-24bda838aac9,2026-07-13T15:45:00Z,2026-07-13T17:45:00+0200,8340.75211,MW,DE,DE_LU,actual_onshore_wind_generation,Wind Onshore,2026-08-09T05:18:04Z
2026-08-09T05:15:34Z,2026-08-09T07:15:34+0200,72a31bd2-8518-490a-bfbe-24bda838aac9,2026-07-13T16:00:00Z,2026-07-13T18:00:00+0200,8378.13738,MW,DE,DE_LU,actual_onshore_wind_generation,Wind Onshore,2026-08-09T05:18:04Z
2026-08-09T05:15:34Z,2026-08-09T07:15:34+0200,72a31bd2-8518-490a-bfbe-24bda838aac9,2026-07-13T16:15:00Z,2026-07-13T18:15:00+0200,8741.42049,MW,DE,DE_LU,actual_onshore_wind_generation,Wind Onshore,2026-08-09T05:18:04Z
2026-08-09T05:15:34Z,2026-08-09T07:15:34+0200,72a31bd2-8518-490a-bfbe-24bda838aac9,2026-07-13T16:30:00Z,2026-07-13T18:30:00+0200,9189.01934,MW,DE,DE_LU,actual_onshore_wind_generation,Wind Onshore,2026-08-09T05:18:04Z
2026-08-09T05:15:34Z,2026-08-09T07:15:34+0200,72a31bd2-8518-490a-bfbe-24bda838aac9,2026-07-13T16:45:00Z,2026-07-13T18:45:00+0200,9399.09088,MW,DE,DE_LU,actual_onshore_wind_generation,Wind Onshore,2026-08-09T05:18:04Z
2026-08-09T05:15:34Z,2026-08-09T07:15:34+0200,72a31bd2-8518-490a-bfbe-24bda838aac9,2026-07-13T17:00:00Z,2026-07-13T19:00:00+0200,9837.54838,MW,DE,DE_LU,actual_onshore_wind_generation,Wind Onshore,2026-08-09T05:18:04Z
2026-08-09T05:15:34Z,2026-08-09T07:15:34+0200,72a31bd2-8518-490a-bfbe-24bda838aac9,2026-07-13T17:15:00Z,2026-07-13T19:15:00+0200,9768.43201,MW,DE,DE_LU,actual_onshore_wind_generation,Wind Onshore,2026-08-09T05:18:04Z
2026-08-09T05:15:34Z,2026-08-09T07:15:34+0200,72a31bd2-8518-490a-bfbe-24bda838aac9,2026-07-13T17:30:00Z,2026-07-13T19:30:00+0200,9792.85101,MW,DE,DE_LU,actual_onshore_wind_generation,Wind Onshore,2026-08-09T05:18:04Z
2026-08-09T05:15:34Z,2026-08-09T07:15:34+0200,72a31bd2-8518-490a-bfbe-24bda838aac9,2026-07-13T17:45:00Z,2026-07-13T19:45:00+0200,9987.92207,MW,DE,DE_LU,actual_onshore_wind_generation,Wind Onshore,2026-08-09T05:18:04Z
2026-08-09T05:15:34Z,2026-08-09T07:15:34+0200,72a31bd2-8518-490a-bfbe-24bda838aac9,2026-07-13T18:00:00Z,2026-07-13T20:00:00+0200,10435.25682,MW,DE,DE_LU,actual_onshore_wind_generation,Wind Onshore,2026-08-09T05:18:04Z
2026-08-09T05:15:34Z,2026-08-09T07:15:34+0200,72a31bd2-8518-490a-bfbe-24bda838aac9,2026-07-13T18:15:00Z,2026-07-13T20:15:00+0200,10483.20014,MW,DE,DE_LU,actual_onshore_wind_generation,Wind Onshore,2026-08-09T05:18:04Z
2026-08-09T05:15:34Z,2026-08-09T07:15:34+0200,72a31bd2-8518-490a-bfbe-24bda838aac9,2026-07-13T18:30:00Z,2026-07-13T20:30:00+0200,10790.48782,MW,DE,DE_LU,actual_onshore_wind_generation,Wind Onshore,2026-08-09T05:18:04Z
2026-08-09T05:15:34Z,2026-08-09T07:15:34+0200,72a31bd2-8518-490a-bfbe-24bda838aac9,2026-07-13T18:45:00Z,2026-07-13T20:45:00+0200,11197.17715,MW,DE,DE_LU,actual_onshore_wind_generation,Wind Onshore,2026-08-09T05:18:04Z
2026-08-09T05:15:34Z,2026-08-09T07:15:34+0200,72a31bd2-8518-490a-bfbe-24bda838aac9,2026-07-13T19:00:00Z,2026-07-13T21:00:00+0200,12058.09102,MW,DE,DE_LU,actual_onshore_wind_generation,Wind Onshore,2026-08-09T05:18:04Z
2026-08-09T05:15:34Z,2026-08-09T07:15:34+0200,72a31bd2-8518-490a-bfbe-24bda838aac9,2026-07-13T19:15:00Z,2026-07-13T21:15:00+0200,13060.1872,MW,DE,DE_LU,actual_onshore_wind_generation,Wind Onshore,2026-08-09T05:18:04Z
2026-08-09T05:15:34Z,2026-08-09T07:15:34+0200,72a31bd2-8518-490a-bfbe-24bda838aac9,2026-07-13T19:30:00Z,2026-07-13T21:30:00+0200,13700.67748,MW,DE,DE_LU,actual_onshore_wind_generation,Wind Onshore,2026-08-09T05:18:04Z
2026-08-09T05:15:34Z,2026-08-09T07:15:34+0200,72a31bd2-8518-490a-bfbe-24bda838aac9,2026-07-13T19:45:00Z,2026-07-13T21:45:00+0200,13694.60916,MW,DE,DE_LU,actual_onshore_wind_generation,Wind Onshore,2026-08-09T05:18:04Z
2026-08-09T05:15:34Z,2026-08-09T07:15:34+0200,72a31bd2-8518-490a-bfbe-24bda838aac9,2026-07-13T20:00:00Z,2026-07-13T22:00:00+0200,14050.50783,MW,DE,DE_LU,actual_onshore_wind_generation,Wind Onshore,2026-08-09T05:18:04Z
2026-08-09T05:15:34Z,2026-08-09T07:15:34+0200,72a31bd2-8518-490a-bfbe-24bda838aac9,2026-07-13T20:15:00Z,2026-07-13T22:15:00+0200,14705.42735,MW,DE,DE_LU,actual_onshore_wind_generation,Wind Onshore,2026-08-09T05:18:04Z
2026-08-09T05:15:34Z,2026-08-09T07:15:34+0200,72a31bd2-8518-490a-bfbe-24bda838aac9,2026-07-13T20:30:00Z,2026-07-13T22:30:00+0200,15126.76619,MW,DE,DE_LU,actual_onshore_wind_generation,Wind Onshore,2026-08-09T05:18:04Z
2026-08-09T05:15:34Z,2026-08-09T07:15:34+0200,72a31bd2-8518-490a-bfbe-24bda838aac9,2026-07-13T20:45:00Z,2026-07-13T22:45:00+0200,15087.89124,MW,DE,DE_LU,actual_onshore_wind_generation,Wind Onshore,2026-08-09T05:18:04Z
2026-08-09T05:15:34Z,2026-08-09T07:15:34+0200,72a31bd2-8518-490a-bfbe-24bda838aac9,2026-07-13T21:00:00Z,2026-07-13T23:00:00+0200,15238.12221,MW,DE,DE_LU,actual_onshore_wind_generation,Wind Onshore,2026-08-09T05:18:04Z
2026-08-09T05:15:34Z,2026-08-09T07:15:34+0200,72a31bd2-8518-490a-bfbe-24bda838aac9,2026-07-13T21:15:00Z,2026-07-13T23:15:00+0200,15437.48866,MW,DE,DE_LU,actual_onshore_wind_generation,Wind Onshore,2026-08-09T05:18:04Z
2026-08-09T05:15:34Z,2026-08-09T07:15:34+0200,72a31bd2-8518-490a-bfbe-24bda838aac9,2026-07-13T21:30:00Z,2026-07-13T23:30:00+0200,15655.50298,MW,DE,DE_LU,actual_onshore_wind_generation,Wind Onshore,2026-08-09T05:18:04Z
2026-08-09T05:15:34Z,2026-08-09T07:15:34+0200,72a31bd2-8518-490a-bfbe-24bda838aac9,2026-07-13T21:45:00Z,2026-07-13T23:45:00+0200,15679.60712,MW,DE,DE_LU,actual_onshore_wind_generation,Wind Onshore,2026-08-09T05:18:04Z
2026-08-09T05:15:34Z,2026-08-09T07:15:34+0200,72a31bd2-8518-490a-bfbe-24bda838aac9,2026-07-13T22:00:00Z,2026-07-14T00:00:00+0200,15289.94865,MW,DE,DE_LU,actual_onshore_wind_generation,Wind Onshore,2026-08-09T05:18:04Z
2026-08-09T05:15:34Z,2026-08-09T07:15:34+0200,72a31bd2-8518-490a-bfbe-24bda838aac9,2026-07-13T22:15:00Z,2026-07-14T00:15:00+0200,15152.67502,MW,DE,DE_LU,actual_onshore_wind_generation,Wind Onshore,2026-08-09T05:18:04Z
2026-08-09T05:15:34Z,2026-08-09T07:15:34+0200,72a31bd2-8518-490a-bfbe-24bda838aac9,2026-07-13T22:30:00Z,2026-07-14T00:30:00+0200,15106.55102,MW,DE,DE_LU,actual_onshore_wind_generation,Wind Onshore,2026-08-09T05:18:04Z
2026-08-09T05:15:34Z,2026-08-09T07:15:34+0200,72a31bd2-8518-490a-bfbe-24bda838aac9,2026-07-13T22:45:00Z,2026-07-14T00:45:00+0200,14713.00079,MW,DE,DE_LU,actual_onshore_wind_generation,Wind Onshore,2026-08-09T05:18:04Z
2026-08-09T05:15:34Z,2026-08-09T07:15:34+0200,72a31bd2-8518-490a-bfbe-24bda838aac9,2026-07-13T23:00:00Z,2026-07-14T01:00:00+0200,14164.77355,MW,DE,DE_LU,actual_onshore_wind_generation,Wind Onshore,2026-08-09T05:18:04Z
2026-08-09T05:15:34Z,2026-08-09T07:15:34+0200,72a31bd2-8518-490a-bfbe-24bda838aac9,2026-07-13T23:15:00Z,2026-07-14T01:15:00+0200,13752.17116,MW,DE,DE_LU,actual_onshore_wind_generation,Wind Onshore,2026-08-09T05:18:04Z
2026-08-09T05:15:34Z,2026-08-09T07:15:34+0200,72a31bd2-8518-490a-bfbe-24bda838aac9,2026-07-13T23:30:00Z,2026-07-14T01:30:00+0200,13524.10077,MW,DE,DE_LU,actual_onshore_wind_generation,Wind Onshore,2026-08-09T05:18:04Z
2026-08-09T05:15:34Z,2026-08-09T07:15:34+0200,72a31bd2-8518-490a-bfbe-24bda838aac9,2026-07-13T23:45:00Z,2026-07-14T01:45:00+0200,13131.98205,MW,DE,DE_LU,actual_onshore_wind_generation,Wind Onshore,2026-08-09T05:18:04Z
2026-08-09T05:15:34Z,2026-08-09T07:15:34+0200,72a31bd2-8518-490a-bfbe-24bda838aac9,2026-07-14T00:00:00Z,2026-07-14T02:00:00+0200,13269.60556,MW,DE,DE_LU,actual_onshore_wind_generation,Wind Onshore,2026-08-09T05:18:04Z
2026-08-09T05:15:34Z,2026-08-09T07:15:34+0200,72a31bd2-8518-490a-bfbe-24bda838aac9,2026-07-14T00:15:00Z,2026-07-14T02:15:00+0200,13404.07283,MW,DE,DE_LU,actual_onshore_wind_generation,Wind Onshore,2026-08-09T05:18:04Z
2026-08-09T05:15:34Z,2026-08-09T07:15:34+0200,72a31bd2-8518-490a-bfbe-24bda838aac9,2026-07-14T00:30:00Z,2026-07-14T02:30:00+0200,13376.96917,MW,DE,DE_LU,actual_onshore_wind_generation,Wind Onshore,2026-08-09T05:18:04Z
2026-08-09T05:15:34Z,2026-08-09T07:15:34+0200,72a31bd2-8518-490a-bfbe-24bda838aac9,2026-07-14T00:45:00Z,2026-07-14T02:45:00+0200,13275.03848,MW,DE,DE_LU,actual_onshore_wind_generation,Wind Onshore,2026-08-09T05:18:04Z
2026-08-09T05:15:34Z,2026-08-09T07:15:34+0200,72a31bd2-8518-490a-bfbe-24bda838aac9,2026-07-14T01:00:00Z,2026-07-14T03:00:00+0200,13299.56487,MW,DE,DE_LU,actual_onshore_wind_generation,Wind Onshore,2026-08-09T05:18:04Z
2026-08-09T05:15:34Z,2026-08-09T07:15:34+0200,72a31bd2-8518-490a-bfbe-24bda838aac9,2026-07-14T01:15:00Z,2026-07-14T03:15:00+0200,12978.72412,MW,DE,DE_LU,actual_onshore_wind_generation,Wind Onshore,2026-08-09T05:18:04Z
2026-08-09T05:15:34Z,2026-08-09T07:15:34+0200,72a31bd2-8518-490a-bfbe-24bda838aac9,2026-07-14T01:30:00Z,2026-07-14T03:30:00+0200,12634.73989,MW,DE,DE_LU,actual_onshore_wind_generation,Wind Onshore,2026-08-09T05:18:04Z
2026-08-09T05:15:34Z,2026-08-09T07:15:34+0200,72a31bd2-8518-490a-bfbe-24bda838aac9,2026-07-14T01:45:00Z,2026-07-14T03:45:00+0200,12466.61735,MW,DE,DE_LU,actual_onshore_wind_generation,Wind Onshore,2026-08-09T05:18:04Z
2026-08-09T05:15:34Z,2026-08-09T07:15:34+0200,72a31bd2-8518-490a-bfbe-24bda838aac9,2026-07-14T02:00:00Z,2026-07-14T04:00:00+0200,12482.1393,MW,DE,DE_LU,actual_onshore_wind_generation,Wind Onshore,2026-08-09T05:18:04Z
2026-08-09T05:15:34Z,2026-08-09T07:15:34+0200,72a31bd2-8518-490a-bfbe-24bda838aac9,2026-07-14T02:15:00Z,2026-07-14T04:15:00+0200,12519.59338,MW,DE,DE_LU,actual_onshore_wind_generation,Wind Onshore,2026-08-09T05:18:04Z
2026-08-09T05:15:34Z,2026-08-09T07:15:34+0200,72a31bd2-8518-490a-bfbe-24bda838aac9,2026-07-14T02:30:00Z,2026-07-14T04:30:00+0200,12439.72935,MW,DE,DE_LU,actual_onshore_wind_generation,Wind Onshore,2026-08-09T05:18:04Z
2026-08-09T05:15:34Z,2026-08-09T07:15:34+0200,72a31bd2-8518-490a-bfbe-24bda838aac9,2026-07-14T02:45:00Z,2026-07-14T04:45:00+0200,12309.68572,MW,DE,DE_LU,actual_onshore_wind_generation,Wind Onshore,2026-08-09T05:18:04Z
2026-08-09T05:15:34Z,2026-08-09T07:15:34+0200,72a31bd2-8518-490a-bfbe-24bda838aac9,2026-07-14T03:00:00Z,2026-07-14T05:00:00+0200,12075.85509,MW,DE,DE_LU,actual_onshore_wind_generation,Wind Onshore,2026-08-09T05:18:04Z
2026-08-09T05:15:34Z,2026-08-09T07:15:34+0200,72a31bd2-8518-490a-bfbe-24bda838aac9,2026-07-14T03:15:00Z,2026-07-14T05:15:00+0200,12026.1011,MW,DE,DE_LU,actual_onshore_wind_generation,Wind Onshore,2026-08-09T05:18:04Z
2026-08-09T05:15:34Z,2026-08-09T07:15:34+0200,72a31bd2-8518-490a-bfbe-24bda838aac9,2026-07-14T03:30:00Z,2026-07-14T05:30:00+0200,12162.82531,MW,DE,DE_LU,actual_onshore_wind_generation,Wind Onshore,2026-08-09T05:18:04Z
2026-08-09T05:15:34Z,2026-08-09T07:15:34+0200,72a31bd2-8518-490a-bfbe-24bda838aac9,2026-07-14T03:45:00Z,2026-07-14T05:45:00+0200,12253.06756,MW,DE,DE_LU,actual_onshore_wind_generation,Wind Onshore,2026-08-09T05:18:04Z
2026-08-09T05:15:34Z,2026-08-09T07:15:34+0200,72a31bd2-8518-490a-bfbe-24bda838aac9,2026-07-14T04:00:00Z,2026-07-14T06:00:00+0200,12119.92959,MW,DE,DE_LU,actual_onshore_wind_generation,Wind Onshore,2026-08-09T05:18:04Z
2026-08-09T05:15:34Z,2026-08-09T07:15:34+0200,72a31bd2-8518-490a-bfbe-24bda838aac9,2026-07-14T04:15:00Z,2026-07-14T06:15:00+0200,11607.54111,MW,DE,DE_LU,actual_onshore_wind_generation,Wind Onshore,2026-08-09T05:18:04Z
2026-08-09T05:15:34Z,2026-08-09T07:15:34+0200,72a31bd2-8518-490a-bfbe-24bda838aac9,2026-07-14T04:30:00Z,2026-07-14T06:30:00+0200,11418.17696,MW,DE,DE_LU,actual_onshore_wind_generation,Wind Onshore,2026-08-09T05:18:04Z
2026-08-09T05:15:34Z,2026-08-09T07:15:34+0200,72a31bd2-8518-490a-bfbe-24bda838aac9,2026-07-14T04:45:00Z,2026-07-14T06:45:00+0200,10704.51245,MW,DE,DE_LU,actual_onshore_wind_generation,Wind Onshore,2026-08-09T05:18:04Z
2026-08-09T05:15:34Z,2026-08-09T07:15:34+0200,72a31bd2-8518-490a-bfbe-24bda838aac9,2026-07-14T05:00:00Z,2026-07-14T07:00:00+0200,9824.69369,MW,DE,DE_LU,actual_onshore_wind_generation,Wind Onshore,2026-08-09T05:18:04Z
2026-08-09T05:15:34Z,2026-08-09T07:15:34+0200,72a31bd2-8518-490a-bfbe-24bda838aac9,2026-07-14T05:15:00Z,2026-07-14T07:15:00+0200,9244.42026,MW,DE,DE_LU,actual_onshore_wind_generation,Wind Onshore,2026-08-09T05:18:04Z
2026-08-09T05:15:34Z,2026-08-09T07:15:34+0200,72a31bd2-8518-490a-bfbe-24bda838aac9,2026-07-14T05:30:00Z,2026-07-14T07:30:00+0200,8343.89843,MW,DE,DE_LU,actual_onshore_wind_generation,Wind Onshore,2026-08-09T05:18:04Z
2026-08-09T05:15:34Z,2026-08-09T07:15:34+0200,72a31bd2-8518-490a-bfbe-24bda838aac9,2026-07-14T05:45:00Z,2026-07-14T07:45:00+0200,7487.19296,MW,DE,DE_LU,actual_onshore_wind_generation,Wind Onshore,2026-08-09T05:18:04Z
2026-08-09T05:15:34Z,2026-08-09T07:15:34+0200,72a31bd2-8518-490a-bfbe-24bda838aac9,2026-07-14T06:00:00Z,2026-07-14T08:00:00+0200,6788.60251,MW,DE,DE_LU,actual_onshore_wind_generation,Wind Onshore,2026-08-09T05:18:04Z
2026-08-09T05:15:34Z,2026-08-09T07:15:34+0200,72a31bd2-8518-490a-bfbe-24bda838aac9,2026-07-14T06:15:00Z,2026-07-14T08:15:00+0200,6237.51996,MW,DE,DE_LU,actual_onshore_wind_generation,Wind Onshore,2026-08-09T05:18:04Z
2026-08-09T05:15:34Z,2026-08-09T07:15:34+0200,72a31bd2-8518-490a-bfbe-24bda838aac9,2026-07-14T06:30:00Z,2026-07-14T08:30:00+0200,5630.23249,MW,DE,DE_LU,actual_onshore_wind_generation,Wind Onshore,2026-08-09T05:18:04Z
2026-08-09T05:15:34Z,2026-08-09T07:15:34+0200,72a31bd2-8518-490a-bfbe-24bda838aac9,2026-07-14T06:45:00Z,2026-07-14T08:45:00+0200,5286.11848,MW,DE,DE_LU,actual_onshore_wind_generation,Wind Onshore,2026-08-09T05:18:04Z
2026-08-09T05:15:34Z,2026-08-09T07:15:34+0200,72a31bd2-8518-490a-bfbe-24bda838aac9,2026-07-14T07:00:00Z,2026-07-14T09:00:00+0200,5123.63609,MW,DE,DE_LU,actual_onshore_wind_generation,Wind Onshore,2026-08-09T05:18:04Z
2026-08-09T05:15:34Z,2026-08-09T07:15:34+0200,72a31bd2-8518-490a-bfbe-24bda838aac9,2026-07-14T07:15:00Z,2026-07-14T09:15:00+0200,4910.70645,MW,DE,DE_LU,actual_onshore_wind_generation,Wind Onshore,2026-08-09T05:18:04Z
2026-08-09T05:15:34Z,2026-08-09T07:15:34+0200,72a31bd2-8518-490a-bfbe-24bda838aac9,2026-07-14T07:30:00Z,2026-07-14T09:30:00+0200,4681.58074,MW,DE,DE_LU,actual_onshore_wind_generation,Wind Onshore,2026-08-09T05:18:04Z
2026-08-09T05:15:34Z,2026-08-09T07:15:34+0200,72a31bd2-8518-490a-bfbe-24bda838aac9,2026-07-14T07:45:00Z,2026-07-14T09:45:00+0200,4614.29482,MW,DE,DE_LU,actual_onshore_wind_generation,Wind Onshore,2026-08-09T05:18:04Z
2026-08-09T05:15:34Z,2026-08-09T07:15:34+0200,72a31bd2-8518-490a-bfbe-24bda838aac9,2026-07-14T08:00:00Z,2026-07-14T10:00:00+0200,4718.52249,MW,DE,DE_LU,actual_onshore_wind_generation,Wind Onshore,2026-08-09T05:18:04Z
2026-08-09T05:15:34Z,2026-08-09T07:15:34+0200,72a31bd2-8518-490a-bfbe-24bda838aac9,2026-07-14T08:15:00Z,2026-07-14T10:15:00+0200,4863.11913,MW,DE,DE_LU,actual_onshore_wind_generation,Wind Onshore,2026-08-09T05:18:04Z
2026-08-09T05:15:34Z,2026-08-09T07:15:34+0200,72a31bd2-8518-490a-bfbe-24bda838aac9,2026-07-14T08:30:00Z,2026-07-14T10:30:00+0200,5026.08656,MW,DE,DE_LU,actual_onshore_wind_generation,Wind Onshore,2026-08-09T05:18:04Z
2026-08-09T05:15:34Z,2026-08-09T07:15:34+0200,72a31bd2-8518-490a-bfbe-24bda838aac9,2026-07-14T08:45:00Z,2026-07-14T10:45:00+0200,5054.66854,MW,DE,DE_LU,actual_onshore_wind_generation,Wind Onshore,2026-08-09T05:18:04Z
2026-08-09T05:15:34Z,2026-08-09T07:15:34+0200,72a31bd2-8518-490a-bfbe-24bda838aac9,2026-07-14T09:00:00Z,2026-07-14T11:00:00+0200,5089.03286,MW,DE,DE_LU,actual_onshore_wind_generation,Wind Onshore,2026-08-09T05:18:04Z
2026-08-09T05:15:34Z,2026-08-09T07:15:34+0200,72a31bd2-8518-490a-bfbe-24bda838aac9,2026-07-14T09:15:00Z,2026-07-14T11:15:00+0200,5134.34974,MW,DE,DE_LU,actual_onshore_wind_generation,Wind Onshore,2026-08-09T05:18:04Z
2026-08-09T05:15:34Z,2026-08-09T07:15:34+0200,72a31bd2-8518-490a-bfbe-24bda838aac9,2026-07-14T09:30:00Z,2026-07-14T11:30:00+0200,5258.52857,MW,DE,DE_LU,actual_onshore_wind_generation,Wind Onshore,2026-08-09T05:18:04Z
2026-08-09T05:15:34Z,2026-08-09T07:15:34+0200,72a31bd2-8518-490a-bfbe-24bda838aac9,2026-07-14T09:45:00Z,2026-07-14T11:45:00+0200,5436.3486,MW,DE,DE_LU,actual_onshore_wind_generation,Wind Onshore,2026-08-09T05:18:04Z
2026-08-09T05:15:34Z,2026-08-09T07:15:34+0200,72a31bd2-8518-490a-bfbe-24bda838aac9,2026-07-14T10:00:00Z,2026-07-14T12:00:00+0200,5560.6119,MW,DE,DE_LU,actual_onshore_wind_generation,Wind Onshore,2026-08-09T05:18:04Z
2026-08-09T05:15:34Z,2026-08-09T07:15:34+0200,72a31bd2-8518-490a-bfbe-24bda838aac9,2026-07-14T10:15:00Z,2026-07-14T12:15:00+0200,5806.92151,MW,DE,DE_LU,actual_onshore_wind_generation,Wind Onshore,2026-08-09T05:18:04Z
2026-08-09T05:15:34Z,2026-08-09T07:15:34+0200,72a31bd2-8518-490a-bfbe-24bda838aac9,2026-07-14T10:30:00Z,2026-07-14T12:30:00+0200,5943.53445,MW,DE,DE_LU,actual_onshore_wind_generation,Wind Onshore,2026-08-09T05:18:04Z
2026-08-09T05:15:34Z,2026-08-09T07:15:34+0200,72a31bd2-8518-490a-bfbe-24bda838aac9,2026-07-14T10:45:00Z,2026-07-14T12:45:00+0200,5895.98788,MW,DE,DE_LU,actual_onshore_wind_generation,Wind Onshore,2026-08-09T05:18:04Z
2026-08-09T05:15:34Z,2026-08-09T07:15:34+0200,72a31bd2-8518-490a-bfbe-24bda838aac9,2026-07-14T11:00:00Z,2026-07-14T13:00:00+0200,6061.11574,MW,DE,DE_LU,actual_onshore_wind_generation,Wind Onshore,2026-08-09T05:18:04Z
2026-08-09T05:15:34Z,2026-08-09T07:15:34+0200,72a31bd2-8518-490a-bfbe-24bda838aac9,2026-07-14T11:15:00Z,2026-07-14T13:15:00+0200,6165.44206,MW,DE,DE_LU,actual_onshore_wind_generation,Wind Onshore,2026-08-09T05:18:04Z
2026-08-09T05:15:34Z,2026-08-09T07:15:34+0200,72a31bd2-8518-490a-bfbe-24bda838aac9,2026-07-14T11:30:00Z,2026-07-14T13:30:00+0200,6186.29205,MW,DE,DE_LU,actual_onshore_wind_generation,Wind Onshore,2026-08-09T05:18:04Z
2026-08-09T05:15:34Z,2026-08-09T07:15:34+0200,72a31bd2-8518-490a-bfbe-24bda838aac9,2026-07-14T11:45:00Z,2026-07-14T13:45:00+0200,6341.99876,MW,DE,DE_LU,actual_onshore_wind_generation,Wind Onshore,2026-08-09T05:18:04Z
2026-08-09T05:15:34Z,2026-08-09T07:15:34+0200,72a31bd2-8518-490a-bfbe-24bda838aac9,2026-07-14T12:00:00Z,2026-07-14T14:00:00+0200,6667.70855,MW,DE,DE_LU,actual_onshore_wind_generation,Wind Onshore,2026-08-09T05:18:04Z
2026-08-09T05:15:34Z,2026-08-09T07:15:34+0200,72a31bd2-8518-490a-bfbe-24bda838aac9,2026-07-14T12:15:00Z,2026-07-14T14:15:00+0200,6856.88383,MW,DE,DE_LU,actual_onshore_wind_generation,Wind Onshore,2026-08-09T05:18:04Z
2026-08-09T05:15:34Z,2026-08-09T07:15:34+0200,72a31bd2-8518-490a-bfbe-24bda838aac9,2026-07-14T12:30:00Z,2026-07-14T14:30:00+0200,7094.96018,MW,DE,DE_LU,actual_onshore_wind_generation,Wind Onshore,2026-08-09T05:18:04Z
2026-08-09T05:15:34Z,2026-08-09T07:15:34+0200,72a31bd2-8518-490a-bfbe-24bda838aac9,2026-07-14T12:45:00Z,2026-07-14T14:45:00+0200,7473.75463,MW,DE,DE_LU,actual_onshore_wind_generation,Wind Onshore,2026-08-09T05:18:04Z
2026-08-09T05:15:34Z,2026-08-09T07:15:34+0200,72a31bd2-8518-490a-bfbe-24bda838aac9,2026-07-14T13:00:00Z,2026-07-14T15:00:00+0200,7551.88554,MW,DE,DE_LU,actual_onshore_wind_generation,Wind Onshore,2026-08-09T05:18:04Z
2026-08-09T05:15:34Z,2026-08-09T07:15:34+0200,72a31bd2-8518-490a-bfbe-24bda838aac9,2026-07-14T13:15:00Z,2026-07-14T15:15:00+0200,7771.20846,MW,DE,DE_LU,actual_onshore_wind_generation,Wind Onshore,2026-08-09T05:18:04Z
2026-08-09T05:15:34Z,2026-08-09T07:15:34+0200,72a31bd2-8518-490a-bfbe-24bda838aac9,2026-07-14T13:30:00Z,2026-07-14T15:30:00+0200,8243.78469,MW,DE,DE_LU,actual_onshore_wind_generation,Wind Onshore,2026-08-09T05:18:04Z
2026-08-09T05:15:34Z,2026-08-09T07:15:34+0200,72a31bd2-8518-490a-bfbe-24bda838aac9,2026-07-14T13:45:00Z,2026-07-14T15:45:00+0200,8559.45449,MW,DE,DE_LU,actual_onshore_wind_generation,Wind Onshore,2026-08-09T05:18:04Z
2026-08-09T05:15:34Z,2026-08-09T07:15:34+0200,72a31bd2-8518-490a-bfbe-24bda838aac9,2026-07-14T14:00:00Z,2026-07-14T16:00:00+0200,8913.24677,MW,DE,DE_LU,actual_onshore_wind_generation,Wind Onshore,2026-08-09T05:18:04Z
2026-08-09T05:15:34Z,2026-08-09T07:15:34+0200,72a31bd2-8518-490a-bfbe-24bda838aac9,2026-07-14T14:15:00Z,2026-07-14T16:15:00+0200,9130.56544,MW,DE,DE_LU,actual_onshore_wind_generation,Wind Onshore,2026-08-09T05:18:04Z
2026-08-09T05:15:34Z,2026-08-09T07:15:34+0200,72a31bd2-8518-490a-bfbe-24bda838aac9,2026-07-14T14:30:00Z,2026-07-14T16:30:00+0200,9399.05035,MW,DE,DE_LU,actual_onshore_wind_generation,Wind Onshore,2026-08-09T05:18:04Z
2026-08-09T05:15:34Z,2026-08-09T07:15:34+0200,72a31bd2-8518-490a-bfbe-24bda838aac9,2026-07-14T14:45:00Z,2026-07-14T16:45:00+0200,9700.63286,MW,DE,DE_LU,actual_onshore_wind_generation,Wind Onshore,2026-08-09T05:18:04Z
2026-08-09T05:15:34Z,2026-08-09T07:15:34+0200,72a31bd2-8518-490a-bfbe-24bda838aac9,2026-07-14T15:00:00Z,2026-07-14T17:00:00+0200,10225.65226,MW,DE,DE_LU,actual_onshore_wind_generation,Wind Onshore,2026-08-09T05:18:04Z
2026-08-09T05:15:34Z,2026-08-09T07:15:34+0200,72a31bd2-8518-490a-bfbe-24bda838aac9,2026-07-14T15:15:00Z,2026-07-14T17:15:00+0200,10792.54203,MW,DE,DE_LU,actual_onshore_wind_generation,Wind Onshore,2026-08-09T05:18:04Z
2026-08-09T05:15:34Z,2026-08-09T07:15:34+0200,72a31bd2-8518-490a-bfbe-24bda838aac9,2026-07-14T15:30:00Z,2026-07-14T17:30:00+0200,10993.40339,MW,DE,DE_LU,actual_onshore_wind_generation,Wind Onshore,2026-08-09T05:18:04Z
2026-08-09T05:15:34Z,2026-08-09T07:15:34+0200,72a31bd2-8518-490a-bfbe-24bda838aac9,2026-07-14T15:45:00Z,2026-07-14T17:45:00+0200,11157.00384,MW,DE,DE_LU,actual_onshore_wind_generation,Wind Onshore,2026-08-09T05:18:04Z
2026-08-09T05:15:34Z,2026-08-09T07:15:34+0200,72a31bd2-8518-490a-bfbe-24bda838aac9,2026-07-14T16:00:00Z,2026-07-14T18:00:00+0200,11148.88098,MW,DE,DE_LU,actual_onshore_wind_generation,Wind Onshore,2026-08-09T05:18:04Z
2026-08-09T05:15:34Z,2026-08-09T07:15:34+0200,72a31bd2-8518-490a-bfbe-24bda838aac9,2026-07-14T16:15:00Z,2026-07-14T18:15:00+0200,11207.40798,MW,DE,DE_LU,actual_onshore_wind_generation,Wind Onshore,2026-08-09T05:18:04Z
2026-08-09T05:15:34Z,2026-08-09T07:15:34+0200,72a31bd2-8518-490a-bfbe-24bda838aac9,2026-07-14T16:30:00Z,2026-07-14T18:30:00+0200,11086.80854,MW,DE,DE_LU,actual_onshore_wind_generation,Wind Onshore,2026-08-09T05:18:04Z
2026-08-09T05:15:34Z,2026-08-09T07:15:34+0200,72a31bd2-8518-490a-bfbe-24bda838aac9,2026-07-14T16:45:00Z,2026-07-14T18:45:00+0200,11216.30121,MW,DE,DE_LU,actual_onshore_wind_generation,Wind Onshore,2026-08-09T05:18:04Z
2026-08-09T05:15:34Z,2026-08-09T07:15:34+0200,72a31bd2-8518-490a-bfbe-24bda838aac9,2026-07-14T17:00:00Z,2026-07-14T19:00:00+0200,11061.37908,MW,DE,DE_LU,actual_onshore_wind_generation,Wind Onshore,2026-08-09T05:18:04Z
2026-08-09T05:15:34Z,2026-08-09T07:15:34+0200,72a31bd2-8518-490a-bfbe-24bda838aac9,2026-07-14T17:15:00Z,2026-07-14T19:15:00+0200,10900.2552,MW,DE,DE_LU,actual_onshore_wind_generation,Wind Onshore,2026-08-09T05:18:04Z
2026-08-09T05:15:34Z,2026-08-09T07:15:34+0200,72a31bd2-8518-490a-bfbe-24bda838aac9,2026-07-14T17:30:00Z,2026-07-14T19:30:00+0200,10927.11335,MW,DE,DE_LU,actual_onshore_wind_generation,Wind Onshore,2026-08-09T05:18:04Z
2026-08-09T05:15:34Z,2026-08-09T07:15:34+0200,72a31bd2-8518-490a-bfbe-24bda838aac9,2026-07-14T17:45:00Z,2026-07-14T19:45:00+0200,10959.03939,MW,DE,DE_LU,actual_onshore_wind_generation,Wind Onshore,2026-08-09T05:18:04Z
2026-08-09T05:15:34Z,2026-08-09T07:15:34+0200,72a31bd2-8518-490a-bfbe-24bda838aac9,2026-07-14T18:00:00Z,2026-07-14T20:00:00+0200,10812.71994,MW,DE,DE_LU,actual_onshore_wind_generation,Wind Onshore,2026-08-09T05:18:04Z
2026-08-09T05:15:34Z,2026-08-09T07:15:34+0200,72a31bd2-8518-490a-bfbe-24bda838aac9,2026-07-14T18:15:00Z,2026-07-14T20:15:00+0200,10432.69482,MW,DE,DE_LU,actual_onshore_wind_generation,Wind Onshore,2026-08-09T05:18:04Z
2026-08-09T05:15:34Z,2026-08-09T07:15:34+0200,72a31bd2-8518-490a-bfbe-24bda838aac9,2026-07-14T18:30:00Z,2026-07-14T20:30:00+0200,9865.40289,MW,DE,DE_LU,actual_onshore_wind_generation,Wind Onshore,2026-08-09T05:18:04Z
2026-08-09T05:15:34Z,2026-08-09T07:15:34+0200,72a31bd2-8518-490a-bfbe-24bda838aac9,2026-07-14T18:45:00Z,2026-07-14T20:45:00+0200,9258.96479,MW,DE,DE_LU,actual_onshore_wind_generation,Wind Onshore,2026-08-09T05:18:04Z
2026-08-09T05:15:34Z,2026-08-09T07:15:34+0200,72a31bd2-8518-490a-bfbe-24bda838aac9,2026-07-14T19:00:00Z,2026-07-14T21:00:00+0200,9323.40364,MW,DE,DE_LU,actual_onshore_wind_generation,Wind Onshore,2026-08-09T05:18:04Z
2026-08-09T05:15:34Z,2026-08-09T07:15:34+0200,72a31bd2-8518-490a-bfbe-24bda838aac9,2026-07-14T19:15:00Z,2026-07-14T21:15:00+0200,9615.34876,MW,DE,DE_LU,actual_onshore_wind_generation,Wind Onshore,2026-08-09T05:18:04Z
2026-08-09T05:15:34Z,2026-08-09T07:15:34+0200,72a31bd2-8518-490a-bfbe-24bda838aac9,2026-07-14T19:30:00Z,2026-07-14T21:30:00+0200,9663.26296,MW,DE,DE_LU,actual_onshore_wind_generation,Wind Onshore,2026-08-09T05:18:04Z
2026-08-09T05:15:34Z,2026-08-09T07:15:34+0200,72a31bd2-8518-490a-bfbe-24bda838aac9,2026-07-14T19:45:00Z,2026-07-14T21:45:00+0200,9580.98862,MW,DE,DE_LU,actual_onshore_wind_generation,Wind Onshore,2026-08-09T05:18:04Z
2026-08-09T05:15:34Z,2026-08-09T07:15:34+0200,72a31bd2-8518-490a-bfbe-24bda838aac9,2026-07-14T20:00:00Z,2026-07-14T22:00:00+0200,9602.56587,MW,DE,DE_LU,actual_onshore_wind_generation,Wind Onshore,2026-08-09T05:18:04Z
2026-08-09T05:15:34Z,2026-08-09T07:15:34+0200,72a31bd2-8518-490a-bfbe-24bda838aac9,2026-07-14T20:15:00Z,2026-07-14T22:15:00+0200,9709.90793,MW,DE,DE_LU,actual_onshore_wind_generation,Wind Onshore,2026-08-09T05:18:04Z
2026-08-09T05:15:34Z,2026-08-09T07:15:34+0200,72a31bd2-8518-490a-bfbe-24bda838aac9,2026-07-14T20:30:00Z,2026-07-14T22:30:00+0200,9947.65354,MW,DE,DE_LU,actual_onshore_wind_generation,Wind Onshore,2026-08-09T05:18:04Z
2026-08-09T05:15:34Z,2026-08-09T07:15:34+0200,72a31bd2-8518-490a-bfbe-24bda838aac9,2026-07-14T20:45:00Z,2026-07-14T22:45:00+0200,10036.18661,MW,DE,DE_LU,actual_onshore_wind_generation,Wind Onshore,2026-08-09T05:18:04Z
2026-08-09T05:15:34Z,2026-08-09T07:15:34+0200,72a31bd2-8518-490a-bfbe-24bda838aac9,2026-07-14T21:00:00Z,2026-07-14T23:00:00+0200,10182.3756,MW,DE,DE_LU,actual_onshore_wind_generation,Wind Onshore,2026-08-09T05:18:04Z
2026-08-09T05:15:34Z,2026-08-09T07:15:34+0200,72a31bd2-8518-490a-bfbe-24bda838aac9,2026-07-14T21:15:00Z,2026-07-14T23:15:00+0200,10231.0925,MW,DE,DE_LU,actual_onshore_wind_generation,Wind Onshore,2026-08-09T05:18:04Z
2026-08-09T05:15:34Z,2026-08-09T07:15:34+0200,72a31bd2-8518-490a-bfbe-24bda838aac9,2026-07-14T21:30:00Z,2026-07-14T23:30:00+0200,10254.47317,MW,DE,DE_LU,actual_onshore_wind_generation,Wind Onshore,2026-08-09T05:18:04Z
2026-08-09T05:15:34Z,2026-08-09T07:15:34+0200,72a31bd2-8518-490a-bfbe-24bda838aac9,2026-07-14T21:45:00Z,2026-07-14T23:45:00+0200,10429.86865,MW,DE,DE_LU,actual_onshore_wind_generation,Wind Onshore,2026-08-09T05:18:04Z
2026-08-09T05:15:34Z,2026-08-09T07:15:34+0200,72a31bd2-8518-490a-bfbe-24bda838aac9,2026-07-14T22:00:00Z,2026-07-15T00:00:00+0200,10525.27298,MW,DE,DE_LU,actual_onshore_wind_generation,Wind Onshore,2026-08-09T05:18:04Z
2026-08-09T05:15:34Z,2026-08-09T07:15:34+0200,72a31bd2-8518-490a-bfbe-24bda838aac9,2026-07-14T22:15:00Z,2026-07-15T00:15:00+0200,10489.07062,MW,DE,DE_LU,actual_onshore_wind_generation,Wind Onshore,2026-08-09T05:18:04Z
2026-08-09T05:15:34Z,2026-08-09T07:15:34+0200,72a31bd2-8518-490a-bfbe-24bda838aac9,2026-07-14T22:30:00Z,2026-07-15T00:30:00+0200,10393.93086,MW,DE,DE_LU,actual_onshore_wind_generation,Wind Onshore,2026-08-09T05:18:04Z
2026-08-09T05:15:34Z,2026-08-09T07:15:34+0200,72a31bd2-8518-490a-bfbe-24bda838aac9,2026-07-14T22:45:00Z,2026-07-15T00:45:00+0200,10389.65792,MW,DE,DE_LU,actual_onshore_wind_generation,Wind Onshore,2026-08-09T05:18:04Z
2026-08-09T05:15:34Z,2026-08-09T07:15:34+0200,72a31bd2-8518-490a-bfbe-24bda838aac9,2026-07-14T23:00:00Z,2026-07-15T01:00:00+0200,10323.54327,MW,DE,DE_LU,actual_onshore_wind_generation,Wind Onshore,2026-08-09T05:18:04Z
2026-08-09T05:15:34Z,2026-08-09T07:15:34+0200,72a31bd2-8518-490a-bfbe-24bda838aac9,2026-07-14T23:15:00Z,2026-07-15T01:15:00+0200,10191.71236,MW,DE,DE_LU,actual_onshore_wind_generation,Wind Onshore,2026-08-09T05:18:04Z
2026-08-09T05:15:34Z,2026-08-09T07:15:34+0200,72a31bd2-8518-490a-bfbe-24bda838aac9,2026-07-14T23:30:00Z,2026-07-15T01:30:00+0200,10027.55638,MW,DE,DE_LU,actual_onshore_wind_generation,Wind Onshore,2026-08-09T05:18:04Z
2026-08-09T05:15:34Z,2026-08-09T07:15:34+0200,72a31bd2-8518-490a-bfbe-24bda838aac9,2026-07-14T23:45:00Z,2026-07-15T01:45:00+0200,9916.79379,MW,DE,DE_LU,actual_onshore_wind_generation,Wind Onshore,2026-08-09T05:18:04Z
2026-08-09T05:15:34Z,2026-08-09T07:15:34+0200,72a31bd2-8518-490a-bfbe-24bda838aac9,2026-07-15T00:00:00Z,2026-07-15T02:00:00+0200,9845.00239,MW,DE,DE_LU,actual_onshore_wind_generation,Wind Onshore,2026-08-09T05:18:04Z
2026-08-09T05:15:34Z,2026-08-09T07:15:34+0200,72a31bd2-8518-490a-bfbe-24bda838aac9,2026-07-15T00:15:00Z,2026-07-15T02:15:00+0200,9567.55211,MW,DE,DE_LU,actual_onshore_wind_generation,Wind Onshore,2026-08-09T05:18:04Z
2026-08-09T05:15:34Z,2026-08-09T07:15:34+0200,72a31bd2-8518-490a-bfbe-24bda838aac9,2026-07-15T00:30:00Z,2026-07-15T02:30:00+0200,9194.07901,MW,DE,DE_LU,actual_onshore_wind_generation,Wind Onshore,2026-08-09T05:18:04Z
2026-08-09T05:15:34Z,2026-08-09T07:15:34+0200,72a31bd2-8518-490a-bfbe-24bda838aac9,2026-07-15T00:45:00Z,2026-07-15T02:45:00+0200,8944.72806,MW,DE,DE_LU,actual_onshore_wind_generation,Wind Onshore,2026-08-09T05:18:04Z
2026-08-09T05:15:34Z,2026-08-09T07:15:34+0200,72a31bd2-8518-490a-bfbe-24bda838aac9,2026-07-15T01:00:00Z,2026-07-15T03:00:00+0200,8734.78267,MW,DE,DE_LU,actual_onshore_wind_generation,Wind Onshore,2026-08-09T05:18:04Z
2026-08-09T05:15:34Z,2026-08-09T07:15:34+0200,72a31bd2-8518-490a-bfbe-24bda838aac9,2026-07-15T01:15:00Z,2026-07-15T03:15:00+0200,8612.29759,MW,DE,DE_LU,actual_onshore_wind_generation,Wind Onshore,2026-08-09T05:18:04Z
2026-08-09T05:15:34Z,2026-08-09T07:15:34+0200,72a31bd2-8518-490a-bfbe-24bda838aac9,2026-07-15T01:30:00Z,2026-07-15T03:30:00+0200,8407.30027,MW,DE,DE_LU,actual_onshore_wind_generation,Wind Onshore,2026-08-09T05:18:04Z
2026-08-09T05:15:34Z,2026-08-09T07:15:34+0200,72a31bd2-8518-490a-bfbe-24bda838aac9,2026-07-15T01:45:00Z,2026-07-15T03:45:00+0200,8329.32509,MW,DE,DE_LU,actual_onshore_wind_generation,Wind Onshore,2026-08-09T05:18:04Z
2026-08-09T05:15:34Z,2026-08-09T07:15:34+0200,72a31bd2-8518-490a-bfbe-24bda838aac9,2026-07-15T02:00:00Z,2026-07-15T04:00:00+0200,8081.76381,MW,DE,DE_LU,actual_onshore_wind_generation,Wind Onshore,2026-08-09T05:18:04Z
2026-08-09T05:15:34Z,2026-08-09T07:15:34+0200,72a31bd2-8518-490a-bfbe-24bda838aac9,2026-07-15T02:15:00Z,2026-07-15T04:15:00+0200,7913.1838,MW,DE,DE_LU,actual_onshore_wind_generation,Wind Onshore,2026-08-09T05:18:04Z
2026-08-09T05:15:34Z,2026-08-09T07:15:34+0200,72a31bd2-8518-490a-bfbe-24bda838aac9,2026-07-15T02:30:00Z,2026-07-15T04:30:00+0200,7771.69309,MW,DE,DE_LU,actual_onshore_wind_generation,Wind Onshore,2026-08-09T05:18:04Z
2026-08-09T05:15:34Z,2026-08-09T07:15:34+0200,72a31bd2-8518-490a-bfbe-24bda838aac9,2026-07-15T02:45:00Z,2026-07-15T04:45:00+0200,7729.31181,MW,DE,DE_LU,actual_onshore_wind_generation,Wind Onshore,2026-08-09T05:18:04Z
2026-08-09T05:15:34Z,2026-08-09T07:15:34+0200,72a31bd2-8518-490a-bfbe-24bda838aac9,2026-07-15T03:00:00Z,2026-07-15T05:00:00+0200,7695.5464,MW,DE,DE_LU,actual_onshore_wind_generation,Wind Onshore,2026-08-09T05:18:04Z
2026-08-09T05:15:34Z,2026-08-09T07:15:34+0200,72a31bd2-8518-490a-bfbe-24bda838aac9,2026-07-15T03:15:00Z,2026-07-15T05:15:00+0200,8064.36753,MW,DE,DE_LU,actual_onshore_wind_generation,Wind Onshore,2026-08-09T05:18:04Z
2026-08-09T05:15:34Z,2026-08-09T07:15:34+0200,72a31bd2-8518-490a-bfbe-24bda838aac9,2026-07-15T03:30:00Z,2026-07-15T05:30:00+0200,8337.02629,MW,DE,DE_LU,actual_onshore_wind_generation,Wind Onshore,2026-08-09T05:18:04Z
2026-08-09T05:15:34Z,2026-08-09T07:15:34+0200,72a31bd2-8518-490a-bfbe-24bda838aac9,2026-07-15T03:45:00Z,2026-07-15T05:45:00+0200,8310.95898,MW,DE,DE_LU,actual_onshore_wind_generation,Wind Onshore,2026-08-09T05:18:04Z
2026-08-09T05:15:34Z,2026-08-09T07:15:34+0200,72a31bd2-8518-490a-bfbe-24bda838aac9,2026-07-15T04:00:00Z,2026-07-15T06:00:00+0200,7963.13018,MW,DE,DE_LU,actual_onshore_wind_generation,Wind Onshore,2026-08-09T05:18:04Z
2026-08-09T05:15:34Z,2026-08-09T07:15:34+0200,72a31bd2-8518-490a-bfbe-24bda838aac9,2026-07-15T04:15:00Z,2026-07-15T06:15:00+0200,7617.56699,MW,DE,DE_LU,actual_onshore_wind_generation,Wind Onshore,2026-08-09T05:18:04Z
2026-08-09T05:15:34Z,2026-08-09T07:15:34+0200,72a31bd2-8518-490a-bfbe-24bda838aac9,2026-07-15T04:30:00Z,2026-07-15T06:30:00+0200,7367.01498,MW,DE,DE_LU,actual_onshore_wind_generation,Wind Onshore,2026-08-09T05:18:04Z
2026-08-09T05:15:34Z,2026-08-09T07:15:34+0200,72a31bd2-8518-490a-bfbe-24bda838aac9,2026-07-15T04:45:00Z,2026-07-15T06:45:00+0200,7070.93574,MW,DE,DE_LU,actual_onshore_wind_generation,Wind Onshore,2026-08-09T05:18:04Z
2026-08-09T05:15:34Z,2026-08-09T07:15:34+0200,72a31bd2-8518-490a-bfbe-24bda838aac9,2026-07-15T05:00:00Z,2026-07-15T07:00:00+0200,6585.56088,MW,DE,DE_LU,actual_onshore_wind_generation,Wind Onshore,2026-08-09T05:18:04Z
2026-08-09T05:15:34Z,2026-08-09T07:15:34+0200,72a31bd2-8518-490a-bfbe-24bda838aac9,2026-07-15T05:15:00Z,2026-07-15T07:15:00+0200,5914.20327,MW,DE,DE_LU,actual_onshore_wind_generation,Wind Onshore,2026-08-09T05:18:04Z
2026-08-09T05:15:34Z,2026-08-09T07:15:34+0200,72a31bd2-8518-490a-bfbe-24bda838aac9,2026-07-15T05:30:00Z,2026-07-15T07:30:00+0200,4980.38694,MW,DE,DE_LU,actual_onshore_wind_generation,Wind Onshore,2026-08-09T05:18:04Z
2026-08-09T05:15:34Z,2026-08-09T07:15:34+0200,72a31bd2-8518-490a-bfbe-24bda838aac9,2026-07-15T05:45:00Z,2026-07-15T07:45:00+0200,4102.09773,MW,DE,DE_LU,actual_onshore_wind_generation,Wind Onshore,2026-08-09T05:18:04Z
2026-08-09T05:15:34Z,2026-08-09T07:15:34+0200,72a31bd2-8518-490a-bfbe-24bda838aac9,2026-07-15T06:00:00Z,2026-07-15T08:00:00+0200,3468.84273,MW,DE,DE_LU,actual_onshore_wind_generation,Wind Onshore,2026-08-09T05:18:04Z
2026-08-09T05:15:34Z,2026-08-09T07:15:34+0200,72a31bd2-8518-490a-bfbe-24bda838aac9,2026-07-15T06:15:00Z,2026-07-15T08:15:00+0200,2982.74472,MW,DE,DE_LU,actual_onshore_wind_generation,Wind Onshore,2026-08-09T05:18:04Z
2026-08-09T05:15:34Z,2026-08-09T07:15:34+0200,72a31bd2-8518-490a-bfbe-24bda838aac9,2026-07-15T06:30:00Z,2026-07-15T08:30:00+0200,2565.71046,MW,DE,DE_LU,actual_onshore_wind_generation,Wind Onshore,2026-08-09T05:18:04Z
2026-08-09T05:15:34Z,2026-08-09T07:15:34+0200,72a31bd2-8518-490a-bfbe-24bda838aac9,2026-07-15T06:45:00Z,2026-07-15T08:45:00+0200,2379.2631,MW,DE,DE_LU,actual_onshore_wind_generation,Wind Onshore,2026-08-09T05:18:04Z
2026-08-09T05:15:34Z,2026-08-09T07:15:34+0200,72a31bd2-8518-490a-bfbe-24bda838aac9,2026-07-15T07:00:00Z,2026-07-15T09:00:00+0200,2358.75355,MW,DE,DE_LU,actual_onshore_wind_generation,Wind Onshore,2026-08-09T05:18:04Z
2026-08-09T05:15:34Z,2026-08-09T07:15:34+0200,72a31bd2-8518-490a-bfbe-24bda838aac9,2026-07-15T07:15:00Z,2026-07-15T09:15:00+0200,2459.82594,MW,DE,DE_LU,actual_onshore_wind_generation,Wind Onshore,2026-08-09T05:18:04Z
2026-08-09T05:15:34Z,2026-08-09T07:15:34+0200,72a31bd2-8518-490a-bfbe-24bda838aac9,2026-07-15T07:30:00Z,2026-07-15T09:30:00+0200,2640.29957,MW,DE,DE_LU,actual_onshore_wind_generation,Wind Onshore,2026-08-09T05:18:04Z
2026-08-09T05:15:34Z,2026-08-09T07:15:34+0200,72a31bd2-8518-490a-bfbe-24bda838aac9,2026-07-15T07:45:00Z,2026-07-15T09:45:00+0200,2991.58029,MW,DE,DE_LU,actual_onshore_wind_generation,Wind Onshore,2026-08-09T05:18:04Z
2026-08-09T05:15:34Z,2026-08-09T07:15:34+0200,72a31bd2-8518-490a-bfbe-24bda838aac9,2026-07-15T08:00:00Z,2026-07-15T10:00:00+0200,3382.84215,MW,DE,DE_LU,actual_onshore_wind_generation,Wind Onshore,2026-08-09T05:18:04Z
2026-08-09T05:15:34Z,2026-08-09T07:15:34+0200,72a31bd2-8518-490a-bfbe-24bda838aac9,2026-07-15T08:15:00Z,2026-07-15T10:15:00+0200,3820.78026,MW,DE,DE_LU,actual_onshore_wind_generation,Wind Onshore,2026-08-09T05:18:04Z
2026-08-09T05:15:34Z,2026-08-09T07:15:34+0200,72a31bd2-8518-490a-bfbe-24bda838aac9,2026-07-15T08:30:00Z,2026-07-15T10:30:00+0200,4192.25744,MW,DE,DE_LU,actual_onshore_wind_generation,Wind Onshore,2026-08-09T05:18:04Z
2026-08-09T05:15:34Z,2026-08-09T07:15:34+0200,72a31bd2-8518-490a-bfbe-24bda838aac9,2026-07-15T08:45:00Z,2026-07-15T10:45:00+0200,4523.24385,MW,DE,DE_LU,actual_onshore_wind_generation,Wind Onshore,2026-08-09T05:18:04Z
2026-08-09T05:15:34Z,2026-08-09T07:15:34+0200,72a31bd2-8518-490a-bfbe-24bda838aac9,2026-07-15T09:00:00Z,2026-07-15T11:00:00+0200,4879.52898,MW,DE,DE_LU,actual_onshore_wind_generation,Wind Onshore,2026-08-09T05:18:04Z
2026-08-09T05:15:34Z,2026-08-09T07:15:34+0200,72a31bd2-8518-490a-bfbe-24bda838aac9,2026-07-15T09:15:00Z,2026-07-15T11:15:00+0200,5263.71547,MW,DE,DE_LU,actual_onshore_wind_generation,Wind Onshore,2026-08-09T05:18:04Z
2026-08-09T05:15:34Z,2026-08-09T07:15:34+0200,72a31bd2-8518-490a-bfbe-24bda838aac9,2026-07-15T09:30:00Z,2026-07-15T11:30:00+0200,5387.78237,MW,DE,DE_LU,actual_onshore_wind_generation,Wind Onshore,2026-08-09T05:18:04Z
2026-08-09T05:15:34Z,2026-08-09T07:15:34+0200,72a31bd2-8518-490a-bfbe-24bda838aac9,2026-07-15T09:45:00Z,2026-07-15T11:45:00+0200,5517.58416,MW,DE,DE_LU,actual_onshore_wind_generation,Wind Onshore,2026-08-09T05:18:04Z
2026-08-09T05:15:34Z,2026-08-09T07:15:34+0200,72a31bd2-8518-490a-bfbe-24bda838aac9,2026-07-15T10:00:00Z,2026-07-15T12:00:00+0200,5572.04375,MW,DE,DE_LU,actual_onshore_wind_generation,Wind Onshore,2026-08-09T05:18:04Z
2026-08-09T05:15:34Z,2026-08-09T07:15:34+0200,72a31bd2-8518-490a-bfbe-24bda838aac9,2026-07-15T10:15:00Z,2026-07-15T12:15:00+0200,5543.41251,MW,DE,DE_LU,actual_onshore_wind_generation,Wind Onshore,2026-08-09T05:18:04Z
2026-08-09T05:15:34Z,2026-08-09T07:15:34+0200,72a31bd2-8518-490a-bfbe-24bda838aac9,2026-07-15T10:30:00Z,2026-07-15T12:30:00+0200,5625.90831,MW,DE,DE_LU,actual_onshore_wind_generation,Wind Onshore,2026-08-09T05:18:04Z
2026-08-09T05:15:34Z,2026-08-09T07:15:34+0200,72a31bd2-8518-490a-bfbe-24bda838aac9,2026-07-15T10:45:00Z,2026-07-15T12:45:00+0200,5697.91431,MW,DE,DE_LU,actual_onshore_wind_generation,Wind Onshore,2026-08-09T05:18:04Z
2026-08-09T05:15:34Z,2026-08-09T07:15:34+0200,72a31bd2-8518-490a-bfbe-24bda838aac9,2026-07-15T11:00:00Z,2026-07-15T13:00:00+0200,5638.16634,MW,DE,DE_LU,actual_onshore_wind_generation,Wind Onshore,2026-08-09T05:18:04Z
2026-08-09T05:15:34Z,2026-08-09T07:15:34+0200,72a31bd2-8518-490a-bfbe-24bda838aac9,2026-07-15T11:15:00Z,2026-07-15T13:15:00+0200,5795.44096,MW,DE,DE_LU,actual_onshore_wind_generation,Wind Onshore,2026-08-09T05:18:04Z
2026-08-09T05:15:34Z,2026-08-09T07:15:34+0200,72a31bd2-8518-490a-bfbe-24bda838aac9,2026-07-15T11:30:00Z,2026-07-15T13:30:00+0200,5866.19261,MW,DE,DE_LU,actual_onshore_wind_generation,Wind Onshore,2026-08-09T05:18:04Z
2026-08-09T05:15:34Z,2026-08-09T07:15:34+0200,72a31bd2-8518-490a-bfbe-24bda838aac9,2026-07-15T11:45:00Z,2026-07-15T13:45:00+0200,5981.66807,MW,DE,DE_LU,actual_onshore_wind_generation,Wind Onshore,2026-08-09T05:18:04Z
2026-08-09T05:15:34Z,2026-08-09T07:15:34+0200,72a31bd2-8518-490a-bfbe-24bda838aac9,2026-07-15T12:00:00Z,2026-07-15T14:00:00+0200,6099.7652,MW,DE,DE_LU,actual_onshore_wind_generation,Wind Onshore,2026-08-09T05:18:04Z
2026-08-09T05:15:34Z,2026-08-09T07:15:34+0200,72a31bd2-8518-490a-bfbe-24bda838aac9,2026-07-15T12:15:00Z,2026-07-15T14:15:00+0200,6189.04523,MW,DE,DE_LU,actual_onshore_wind_generation,Wind Onshore,2026-08-09T05:18:04Z
2026-08-09T05:15:34Z,2026-08-09T07:15:34+0200,72a31bd2-8518-490a-bfbe-24bda838aac9,2026-07-15T12:30:00Z,2026-07-15T14:30:00+0200,6420.89068,MW,DE,DE_LU,actual_onshore_wind_generation,Wind Onshore,2026-08-09T05:18:04Z
2026-08-09T05:15:34Z,2026-08-09T07:15:34+0200,72a31bd2-8518-490a-bfbe-24bda838aac9,2026-07-15T12:45:00Z,2026-07-15T14:45:00+0200,6621.87701,MW,DE,DE_LU,actual_onshore_wind_generation,Wind Onshore,2026-08-09T05:18:04Z
2026-08-09T05:15:34Z,2026-08-09T07:15:34+0200,72a31bd2-8518-490a-bfbe-24bda838aac9,2026-07-15T13:00:00Z,2026-07-15T15:00:00+0200,6803.74582,MW,DE,DE_LU,actual_onshore_wind_generation,Wind Onshore,2026-08-09T05:18:04Z
2026-08-09T05:15:34Z,2026-08-09T07:15:34+0200,72a31bd2-8518-490a-bfbe-24bda838aac9,2026-07-15T13:15:00Z,2026-07-15T15:15:00+0200,6962.51496,MW,DE,DE_LU,actual_onshore_wind_generation,Wind Onshore,2026-08-09T05:18:04Z
2026-08-09T05:15:34Z,2026-08-09T07:15:34+0200,72a31bd2-8518-490a-bfbe-24bda838aac9,2026-07-15T13:30:00Z,2026-07-15T15:30:00+0200,7059.7824,MW,DE,DE_LU,actual_onshore_wind_generation,Wind Onshore,2026-08-09T05:18:04Z
2026-08-09T05:15:34Z,2026-08-09T07:15:34+0200,72a31bd2-8518-490a-bfbe-24bda838aac9,2026-07-15T13:45:00Z,2026-07-15T15:45:00+0200,7208.05374,MW,DE,DE_LU,actual_onshore_wind_generation,Wind Onshore,2026-08-09T05:18:04Z
2026-08-09T05:15:34Z,2026-08-09T07:15:34+0200,72a31bd2-8518-490a-bfbe-24bda838aac9,2026-07-15T14:00:00Z,2026-07-15T16:00:00+0200,7377.86391,MW,DE,DE_LU,actual_onshore_wind_generation,Wind Onshore,2026-08-09T05:18:04Z
2026-08-09T05:15:34Z,2026-08-09T07:15:34+0200,72a31bd2-8518-490a-bfbe-24bda838aac9,2026-07-15T14:15:00Z,2026-07-15T16:15:00+0200,7553.28162,MW,DE,DE_LU,actual_onshore_wind_generation,Wind Onshore,2026-08-09T05:18:04Z
2026-08-09T05:15:34Z,2026-08-09T07:15:34+0200,72a31bd2-8518-490a-bfbe-24bda838aac9,2026-07-15T14:30:00Z,2026-07-15T16:30:00+0200,7843.55309,MW,DE,DE_LU,actual_onshore_wind_generation,Wind Onshore,2026-08-09T05:18:04Z
2026-08-09T05:15:34Z,2026-08-09T07:15:34+0200,72a31bd2-8518-490a-bfbe-24bda838aac9,2026-07-15T14:45:00Z,2026-07-15T16:45:00+0200,8017.11121,MW,DE,DE_LU,actual_onshore_wind_generation,Wind Onshore,2026-08-09T05:18:04Z
2026-08-09T05:15:34Z,2026-08-09T07:15:34+0200,72a31bd2-8518-490a-bfbe-24bda838aac9,2026-07-15T15:00:00Z,2026-07-15T17:00:00+0200,8264.18382,MW,DE,DE_LU,actual_onshore_wind_generation,Wind Onshore,2026-08-09T05:18:04Z
2026-08-09T05:15:34Z,2026-08-09T07:15:34+0200,72a31bd2-8518-490a-bfbe-24bda838aac9,2026-07-15T15:15:00Z,2026-07-15T17:15:00+0200,8415.12427,MW,DE,DE_LU,actual_onshore_wind_generation,Wind Onshore,2026-08-09T05:18:04Z
2026-08-09T05:15:34Z,2026-08-09T07:15:34+0200,72a31bd2-8518-490a-bfbe-24bda838aac9,2026-07-15T15:30:00Z,2026-07-15T17:30:00+0200,8688.26152,MW,DE,DE_LU,actual_onshore_wind_generation,Wind Onshore,2026-08-09T05:18:04Z
2026-08-09T05:15:34Z,2026-08-09T07:15:34+0200,72a31bd2-8518-490a-bfbe-24bda838aac9,2026-07-15T15:45:00Z,2026-07-15T17:45:00+0200,8645.1458,MW,DE,DE_LU,actual_onshore_wind_generation,Wind Onshore,2026-08-09T05:18:04Z
2026-08-09T05:15:34Z,2026-08-09T07:15:34+0200,72a31bd2-8518-490a-bfbe-24bda838aac9,2026-07-15T16:00:00Z,2026-07-15T18:00:00+0200,8833.86608,MW,DE,DE_LU,actual_onshore_wind_generation,Wind Onshore,2026-08-09T05:18:04Z
2026-08-09T05:15:34Z,2026-08-09T07:15:34+0200,72a31bd2-8518-490a-bfbe-24bda838aac9,2026-07-15T16:15:00Z,2026-07-15T18:15:00+0200,8838.74412,MW,DE,DE_LU,actual_onshore_wind_generation,Wind Onshore,2026-08-09T05:18:04Z
2026-08-09T05:15:34Z,2026-08-09T07:15:34+0200,72a31bd2-8518-490a-bfbe-24bda838aac9,2026-07-15T16:30:00Z,2026-07-15T18:30:00+0200,8946.9868,MW,DE,DE_LU,actual_onshore_wind_generation,Wind Onshore,2026-08-09T05:18:04Z
2026-08-09T05:15:34Z,2026-08-09T07:15:34+0200,72a31bd2-8518-490a-bfbe-24bda838aac9,2026-07-15T16:45:00Z,2026-07-15T18:45:00+0200,8893.35376,MW,DE,DE_LU,actual_onshore_wind_generation,Wind Onshore,2026-08-09T05:18:04Z
2026-08-09T05:15:34Z,2026-08-09T07:15:34+0200,72a31bd2-8518-490a-bfbe-24bda838aac9,2026-07-15T17:00:00Z,2026-07-15T19:00:00+0200,8769.65834,MW,DE,DE_LU,actual_onshore_wind_generation,Wind Onshore,2026-08-09T05:18:04Z
2026-08-09T05:15:34Z,2026-08-09T07:15:34+0200,72a31bd2-8518-490a-bfbe-24bda838aac9,2026-07-15T17:15:00Z,2026-07-15T19:15:00+0200,8609.06892,MW,DE,DE_LU,actual_onshore_wind_generation,Wind Onshore,2026-08-09T05:18:04Z
2026-08-09T05:15:34Z,2026-08-09T07:15:34+0200,72a31bd2-8518-490a-bfbe-24bda838aac9,2026-07-15T17:30:00Z,2026-07-15T19:30:00+0200,8411.55635,MW,DE,DE_LU,actual_onshore_wind_generation,Wind Onshore,2026-08-09T05:18:04Z
2026-08-09T05:15:34Z,2026-08-09T07:15:34+0200,72a31bd2-8518-490a-bfbe-24bda838aac9,2026-07-15T17:45:00Z,2026-07-15T19:45:00+0200,8052.89957,MW,DE,DE_LU,actual_onshore_wind_generation,Wind Onshore,2026-08-09T05:18:04Z
2026-08-09T05:15:34Z,2026-08-09T07:15:34+0200,72a31bd2-8518-490a-bfbe-24bda838aac9,2026-07-15T18:00:00Z,2026-07-15T20:00:00+0200,7761.922,MW,DE,DE_LU,actual_onshore_wind_generation,Wind Onshore,2026-08-09T05:18:04Z
2026-08-09T05:15:34Z,2026-08-09T07:15:34+0200,72a31bd2-8518-490a-bfbe-24bda838aac9,2026-07-15T18:15:00Z,2026-07-15T20:15:00+0200,7412.62197,MW,DE,DE_LU,actual_onshore_wind_generation,Wind Onshore,2026-08-09T05:18:04Z
2026-08-09T05:15:34Z,2026-08-09T07:15:34+0200,72a31bd2-8518-490a-bfbe-24bda838aac9,2026-07-15T18:30:00Z,2026-07-15T20:30:00+0200,7102.28512,MW,DE,DE_LU,actual_onshore_wind_generation,Wind Onshore,2026-08-09T05:18:04Z
2026-08-09T05:15:34Z,2026-08-09T07:15:34+0200,72a31bd2-8518-490a-bfbe-24bda838aac9,2026-07-15T18:45:00Z,2026-07-15T20:45:00+0200,6914.70733,MW,DE,DE_LU,actual_onshore_wind_generation,Wind Onshore,2026-08-09T05:18:04Z
2026-08-09T05:15:34Z,2026-08-09T07:15:34+0200,72a31bd2-8518-490a-bfbe-24bda838aac9,2026-07-15T19:00:00Z,2026-07-15T21:00:00+0200,6990.31805,MW,DE,DE_LU,actual_onshore_wind_generation,Wind Onshore,2026-08-09T05:18:04Z
2026-08-09T05:15:34Z,2026-08-09T07:15:34+0200,72a31bd2-8518-490a-bfbe-24bda838aac9,2026-07-15T19:15:00Z,2026-07-15T21:15:00+0200,7490.62948,MW,DE,DE_LU,actual_onshore_wind_generation,Wind Onshore,2026-08-09T05:18:04Z
2026-08-09T05:15:34Z,2026-08-09T07:15:34+0200,72a31bd2-8518-490a-bfbe-24bda838aac9,2026-07-15T19:30:00Z,2026-07-15T21:30:00+0200,7560.01588,MW,DE,DE_LU,actual_onshore_wind_generation,Wind Onshore,2026-08-09T05:18:04Z
2026-08-09T05:15:34Z,2026-08-09T07:15:34+0200,72a31bd2-8518-490a-bfbe-24bda838aac9,2026-07-15T19:45:00Z,2026-07-15T21:45:00+0200,7585.58051,MW,DE,DE_LU,actual_onshore_wind_generation,Wind Onshore,2026-08-09T05:18:04Z
2026-08-09T05:15:34Z,2026-08-09T07:15:34+0200,72a31bd2-8518-490a-bfbe-24bda838aac9,2026-07-15T20:00:00Z,2026-07-15T22:00:00+0200,7934.61031,MW,DE,DE_LU,actual_onshore_wind_generation,Wind Onshore,2026-08-09T05:18:04Z
2026-08-09T05:15:34Z,2026-08-09T07:15:34+0200,72a31bd2-8518-490a-bfbe-24bda838aac9,2026-07-15T20:15:00Z,2026-07-15T22:15:00+0200,8411.15796,MW,DE,DE_LU,actual_onshore_wind_generation,Wind Onshore,2026-08-09T05:18:04Z
2026-08-09T05:15:34Z,2026-08-09T07:15:34+0200,72a31bd2-8518-490a-bfbe-24bda838aac9,2026-07-15T20:30:00Z,2026-07-15T22:30:00+0200,8621.69594,MW,DE,DE_LU,actual_onshore_wind_generation,Wind Onshore,2026-08-09T05:18:04Z
2026-08-09T05:15:34Z,2026-08-09T07:15:34+0200,72a31bd2-8518-490a-bfbe-24bda838aac9,2026-07-15T20:45:00Z,2026-07-15T22:45:00+0200,8737.85862,MW,DE,DE_LU,actual_onshore_wind_generation,Wind Onshore,2026-08-09T05:18:04Z
2026-08-09T05:15:34Z,2026-08-09T07:15:34+0200,72a31bd2-8518-490a-bfbe-24bda838aac9,2026-07-15T21:00:00Z,2026-07-15T23:00:00+0200,8740.4626,MW,DE,DE_LU,actual_onshore_wind_generation,Wind Onshore,2026-08-09T05:18:04Z
2026-08-09T05:15:34Z,2026-08-09T07:15:34+0200,72a31bd2-8518-490a-bfbe-24bda838aac9,2026-07-15T21:15:00Z,2026-07-15T23:15:00+0200,8640.90692,MW,DE,DE_LU,actual_onshore_wind_generation,Wind Onshore,2026-08-09T05:18:04Z
2026-08-09T05:15:34Z,2026-08-09T07:15:34+0200,72a31bd2-8518-490a-bfbe-24bda838aac9,2026-07-15T21:30:00Z,2026-07-15T23:30:00+0200,8619.08911,MW,DE,DE_LU,actual_onshore_wind_generation,Wind Onshore,2026-08-09T05:18:04Z
2026-08-09T05:15:34Z,2026-08-09T07:15:34+0200,72a31bd2-8518-490a-bfbe-24bda838aac9,2026-07-15T21:45:00Z,2026-07-15T23:45:00+0200,8509.60537,MW,DE,DE_LU,actual_onshore_wind_generation,Wind Onshore,2026-08-09T05:18:04Z
2026-08-09T05:15:34Z,2026-08-09T07:15:34+0200,72a31bd2-8518-490a-bfbe-24bda838aac9,2026-07-15T22:00:00Z,2026-07-16T00:00:00+0200,8224.93929,MW,DE,DE_LU,actual_onshore_wind_generation,Wind Onshore,2026-08-09T05:18:04Z
2026-08-09T05:15:34Z,2026-08-09T07:15:34+0200,72a31bd2-8518-490a-bfbe-24bda838aac9,2026-07-15T22:15:00Z,2026-07-16T00:15:00+0200,8061.14801,MW,DE,DE_LU,actual_onshore_wind_generation,Wind Onshore,2026-08-09T05:18:04Z
2026-08-09T05:15:34Z,2026-08-09T07:15:34+0200,72a31bd2-8518-490a-bfbe-24bda838aac9,2026-07-15T22:30:00Z,2026-07-16T00:30:00+0200,7877.48174,MW,DE,DE_LU,actual_onshore_wind_generation,Wind Onshore,2026-08-09T05:18:04Z
2026-08-09T05:15:34Z,2026-08-09T07:15:34+0200,72a31bd2-8518-490a-bfbe-24bda838aac9,2026-07-15T22:45:00Z,2026-07-16T00:45:00+0200,7655.74994,MW,DE,DE_LU,actual_onshore_wind_generation,Wind Onshore,2026-08-09T05:18:04Z
2026-08-09T05:15:34Z,2026-08-09T07:15:34+0200,72a31bd2-8518-490a-bfbe-24bda838aac9,2026-07-15T23:00:00Z,2026-07-16T01:00:00+0200,7425.82229,MW,DE,DE_LU,actual_onshore_wind_generation,Wind Onshore,2026-08-09T05:18:04Z
2026-08-09T05:15:34Z,2026-08-09T07:15:34+0200,72a31bd2-8518-490a-bfbe-24bda838aac9,2026-07-15T23:15:00Z,2026-07-16T01:15:00+0200,6988.99884,MW,DE,DE_LU,actual_onshore_wind_generation,Wind Onshore,2026-08-09T05:18:04Z
2026-08-09T05:15:34Z,2026-08-09T07:15:34+0200,72a31bd2-8518-490a-bfbe-24bda838aac9,2026-07-15T23:30:00Z,2026-07-16T01:30:00+0200,6659.77728,MW,DE,DE_LU,actual_onshore_wind_generation,Wind Onshore,2026-08-09T05:18:04Z
2026-08-09T05:15:34Z,2026-08-09T07:15:34+0200,72a31bd2-8518-490a-bfbe-24bda838aac9,2026-07-15T23:45:00Z,2026-07-16T01:45:00+0200,6272.80701,MW,DE,DE_LU,actual_onshore_wind_generation,Wind Onshore,2026-08-09T05:18:04Z
2026-08-09T05:15:34Z,2026-08-09T07:15:34+0200,72a31bd2-8518-490a-bfbe-24bda838aac9,2026-07-16T00:00:00Z,2026-07-16T02:00:00+0200,5817.02942,MW,DE,DE_LU,actual_onshore_wind_generation,Wind Onshore,2026-08-09T05:18:04Z
2026-08-09T05:15:34Z,2026-08-09T07:15:34+0200,72a31bd2-8518-490a-bfbe-24bda838aac9,2026-07-16T00:15:00Z,2026-07-16T02:15:00+0200,5621.09228,MW,DE,DE_LU,actual_onshore_wind_generation,Wind Onshore,2026-08-09T05:18:04Z
2026-08-09T05:15:34Z,2026-08-09T07:15:34+0200,72a31bd2-8518-490a-bfbe-24bda838aac9,2026-07-16T00:30:00Z,2026-07-16T02:30:00+0200,5339.51924,MW,DE,DE_LU,actual_onshore_wind_generation,Wind Onshore,2026-08-09T05:18:04Z
2026-08-09T05:15:34Z,2026-08-09T07:15:34+0200,72a31bd2-8518-490a-bfbe-24bda838aac9,2026-07-16T00:45:00Z,2026-07-16T02:45:00+0200,5005.05939,MW,DE,DE_LU,actual_onshore_wind_generation,Wind Onshore,2026-08-09T05:18:04Z
2026-08-09T05:15:34Z,2026-08-09T07:15:34+0200,72a31bd2-8518-490a-bfbe-24bda838aac9,2026-07-16T01:00:00Z,2026-07-16T03:00:00+0200,4727.56223,MW,DE,DE_LU,actual_onshore_wind_generation,Wind Onshore,2026-08-09T05:18:04Z
2026-08-09T05:15:34Z,2026-08-09T07:15:34+0200,72a31bd2-8518-490a-bfbe-24bda838aac9,2026-07-16T01:15:00Z,2026-07-16T03:15:00+0200,4563.26316,MW,DE,DE_LU,actual_onshore_wind_generation,Wind Onshore,2026-08-09T05:18:04Z
2026-08-09T05:15:34Z,2026-08-09T07:15:34+0200,72a31bd2-8518-490a-bfbe-24bda838aac9,2026-07-16T01:30:00Z,2026-07-16T03:30:00+0200,4306.51363,MW,DE,DE_LU,actual_onshore_wind_generation,Wind Onshore,2026-08-09T05:18:04Z
2026-08-09T05:15:34Z,2026-08-09T07:15:34+0200,72a31bd2-8518-490a-bfbe-24bda838aac9,2026-07-16T01:45:00Z,2026-07-16T03:45:00+0200,4140.38664,MW,DE,DE_LU,actual_onshore_wind_generation,Wind Onshore,2026-08-09T05:18:04Z
2026-08-09T05:15:34Z,2026-08-09T07:15:34+0200,72a31bd2-8518-490a-bfbe-24bda838aac9,2026-07-16T02:00:00Z,2026-07-16T04:00:00+0200,3951.87068,MW,DE,DE_LU,actual_onshore_wind_generation,Wind Onshore,2026-08-09T05:18:04Z
2026-08-09T05:15:34Z,2026-08-09T07:15:34+0200,72a31bd2-8518-490a-bfbe-24bda838aac9,2026-07-16T02:15:00Z,2026-07-16T04:15:00+0200,3936.59939,MW,DE,DE_LU,actual_onshore_wind_generation,Wind Onshore,2026-08-09T05:18:04Z
2026-08-09T05:15:34Z,2026-08-09T07:15:34+0200,72a31bd2-8518-490a-bfbe-24bda838aac9,2026-07-16T02:30:00Z,2026-07-16T04:30:00+0200,3927.35641,MW,DE,DE_LU,actual_onshore_wind_generation,Wind Onshore,2026-08-09T05:18:04Z
2026-08-09T05:15:34Z,2026-08-09T07:15:34+0200,72a31bd2-8518-490a-bfbe-24bda838aac9,2026-07-16T02:45:00Z,2026-07-16T04:45:00+0200,4026.30167,MW,DE,DE_LU,actual_onshore_wind_generation,Wind Onshore,2026-08-09T05:18:04Z
2026-08-09T05:15:34Z,2026-08-09T07:15:34+0200,72a31bd2-8518-490a-bfbe-24bda838aac9,2026-07-16T03:00:00Z,2026-07-16T05:00:00+0200,3926.80862,MW,DE,DE_LU,actual_onshore_wind_generation,Wind Onshore,2026-08-09T05:18:04Z
2026-08-09T05:15:34Z,2026-08-09T07:15:34+0200,72a31bd2-8518-490a-bfbe-24bda838aac9,2026-07-16T03:15:00Z,2026-07-16T05:15:00+0200,3996.6631,MW,DE,DE_LU,actual_onshore_wind_generation,Wind Onshore,2026-08-09T05:18:04Z
2026-08-09T05:15:34Z,2026-08-09T07:15:34+0200,72a31bd2-8518-490a-bfbe-24bda838aac9,2026-07-16T03:30:00Z,2026-07-16T05:30:00+0200,4068.97514,MW,DE,DE_LU,actual_onshore_wind_generation,Wind Onshore,2026-08-09T05:18:04Z
2026-08-09T05:15:34Z,2026-08-09T07:15:34+0200,72a31bd2-8518-490a-bfbe-24bda838aac9,2026-07-16T03:45:00Z,2026-07-16T05:45:00+0200,4063.00943,MW,DE,DE_LU,actual_onshore_wind_generation,Wind Onshore,2026-08-09T05:18:04Z
2026-08-09T05:15:34Z,2026-08-09T07:15:34+0200,72a31bd2-8518-490a-bfbe-24bda838aac9,2026-07-16T04:00:00Z,2026-07-16T06:00:00+0200,4004.79196,MW,DE,DE_LU,actual_onshore_wind_generation,Wind Onshore,2026-08-09T05:18:04Z
2026-08-09T05:15:34Z,2026-08-09T07:15:34+0200,72a31bd2-8518-490a-bfbe-24bda838aac9,2026-07-16T04:15:00Z,2026-07-16T06:15:00+0200,3919.71137,MW,DE,DE_LU,actual_onshore_wind_generation,Wind Onshore,2026-08-09T05:18:04Z
2026-08-09T05:15:34Z,2026-08-09T07:15:34+0200,72a31bd2-8518-490a-bfbe-24bda838aac9,2026-07-16T04:30:00Z,2026-07-16T06:30:00+0200,3910.75079,MW,DE,DE_LU,actual_onshore_wind_generation,Wind Onshore,2026-08-09T05:18:04Z
2026-08-09T05:15:34Z,2026-08-09T07:15:34+0200,72a31bd2-8518-490a-bfbe-24bda838aac9,2026-07-16T04:45:00Z,2026-07-16T06:45:00+0200,3753.9427,MW,DE,DE_LU,actual_onshore_wind_generation,Wind Onshore,2026-08-09T05:18:04Z
2026-08-09T05:15:34Z,2026-08-09T07:15:34+0200,72a31bd2-8518-490a-bfbe-24bda838aac9,2026-07-16T05:00:00Z,2026-07-16T07:00:00+0200,3453.08183,MW,DE,DE_LU,actual_onshore_wind_generation,Wind Onshore,2026-08-09T05:18:04Z
2026-08-09T05:15:34Z,2026-08-09T07:15:34+0200,72a31bd2-8518-490a-bfbe-24bda838aac9,2026-07-16T05:15:00Z,2026-07-16T07:15:00+0200,3135.89244,MW,DE,DE_LU,actual_onshore_wind_generation,Wind Onshore,2026-08-09T05:18:04Z
2026-08-09T05:15:34Z,2026-08-09T07:15:34+0200,72a31bd2-8518-490a-bfbe-24bda838aac9,2026-07-16T05:30:00Z,2026-07-16T07:30:00+0200,2735.6058,MW,DE,DE_LU,actual_onshore_wind_generation,Wind Onshore,2026-08-09T05:18:04Z
2026-08-09T05:15:34Z,2026-08-09T07:15:34+0200,72a31bd2-8518-490a-bfbe-24bda838aac9,2026-07-16T05:45:00Z,2026-07-16T07:45:00+0200,2364.80177,MW,DE,DE_LU,actual_onshore_wind_generation,Wind Onshore,2026-08-09T05:18:04Z
2026-08-09T05:15:34Z,2026-08-09T07:15:34+0200,72a31bd2-8518-490a-bfbe-24bda838aac9,2026-07-16T06:00:00Z,2026-07-16T08:00:00+0200,2007.62197,MW,DE,DE_LU,actual_onshore_wind_generation,Wind Onshore,2026-08-09T05:18:04Z
2026-08-09T05:15:34Z,2026-08-09T07:15:34+0200,72a31bd2-8518-490a-bfbe-24bda838aac9,2026-07-16T06:15:00Z,2026-07-16T08:15:00+0200,1645.59687,MW,DE,DE_LU,actual_onshore_wind_generation,Wind Onshore,2026-08-09T05:18:04Z
2026-08-09T05:15:34Z,2026-08-09T07:15:34+0200,72a31bd2-8518-490a-bfbe-24bda838aac9,2026-07-16T06:30:00Z,2026-07-16T08:30:00+0200,1484.1807,MW,DE,DE_LU,actual_onshore_wind_generation,Wind Onshore,2026-08-09T05:18:04Z
2026-08-09T05:15:34Z,2026-08-09T07:15:34+0200,72a31bd2-8518-490a-bfbe-24bda838aac9,2026-07-16T06:45:00Z,2026-07-16T08:45:00+0200,1253.92031,MW,DE,DE_LU,actual_onshore_wind_generation,Wind Onshore,2026-08-09T05:18:04Z
2026-08-09T05:15:34Z,2026-08-09T07:15:34+0200,72a31bd2-8518-490a-bfbe-24bda838aac9,2026-07-16T07:00:00Z,2026-07-16T09:00:00+0200,1101.27305,MW,DE,DE_LU,actual_onshore_wind_generation,Wind Onshore,2026-08-09T05:18:04Z
2026-08-09T05:15:34Z,2026-08-09T07:15:34+0200,72a31bd2-8518-490a-bfbe-24bda838aac9,2026-07-16T07:15:00Z,2026-07-16T09:15:00+0200,975.70268,MW,DE,DE_LU,actual_onshore_wind_generation,Wind Onshore,2026-08-09T05:18:04Z
2026-08-09T05:15:34Z,2026-08-09T07:15:34+0200,72a31bd2-8518-490a-bfbe-24bda838aac9,2026-07-16T07:30:00Z,2026-07-16T09:30:00+0200,893.59914,MW,DE,DE_LU,actual_onshore_wind_generation,Wind Onshore,2026-08-09T05:18:04Z
2026-08-09T05:15:34Z,2026-08-09T07:15:34+0200,72a31bd2-8518-490a-bfbe-24bda838aac9,2026-07-16T07:45:00Z,2026-07-16T09:45:00+0200,856.61707,MW,DE,DE_LU,actual_onshore_wind_generation,Wind Onshore,2026-08-09T05:18:04Z
2026-08-09T05:15:34Z,2026-08-09T07:15:34+0200,72a31bd2-8518-490a-bfbe-24bda838aac9,2026-07-16T08:00:00Z,2026-07-16T10:00:00+0200,844.03718,MW,DE,DE_LU,actual_onshore_wind_generation,Wind Onshore,2026-08-09T05:18:04Z
2026-08-09T05:15:34Z,2026-08-09T07:15:34+0200,72a31bd2-8518-490a-bfbe-24bda838aac9,2026-07-16T08:15:00Z,2026-07-16T10:15:00+0200,857.95337,MW,DE,DE_LU,actual_onshore_wind_generation,Wind Onshore,2026-08-09T05:18:04Z
2026-08-09T05:15:34Z,2026-08-09T07:15:34+0200,72a31bd2-8518-490a-bfbe-24bda838aac9,2026-07-16T08:30:00Z,2026-07-16T10:30:00+0200,895.62753,MW,DE,DE_LU,actual_onshore_wind_generation,Wind Onshore,2026-08-09T05:18:04Z
2026-08-09T05:15:34Z,2026-08-09T07:15:34+0200,72a31bd2-8518-490a-bfbe-24bda838aac9,2026-07-16T08:45:00Z,2026-07-16T10:45:00+0200,941.06486,MW,DE,DE_LU,actual_onshore_wind_generation,Wind Onshore,2026-08-09T05:18:04Z
2026-08-09T05:15:34Z,2026-08-09T07:15:34+0200,72a31bd2-8518-490a-bfbe-24bda838aac9,2026-07-16T09:00:00Z,2026-07-16T11:00:00+0200,981.09706,MW,DE,DE_LU,actual_onshore_wind_generation,Wind Onshore,2026-08-09T05:18:04Z
2026-08-09T05:15:34Z,2026-08-09T07:15:34+0200,72a31bd2-8518-490a-bfbe-24bda838aac9,2026-07-16T09:15:00Z,2026-07-16T11:15:00+0200,1066.89793,MW,DE,DE_LU,actual_onshore_wind_generation,Wind Onshore,2026-08-09T05:18:04Z
2026-08-09T05:15:34Z,2026-08-09T07:15:34+0200,72a31bd2-8518-490a-bfbe-24bda838aac9,2026-07-16T09:30:00Z,2026-07-16T11:30:00+0200,1105.43954,MW,DE,DE_LU,actual_onshore_wind_generation,Wind Onshore,2026-08-09T05:18:04Z
2026-08-09T05:15:34Z,2026-08-09T07:15:34+0200,72a31bd2-8518-490a-bfbe-24bda838aac9,2026-07-16T09:45:00Z,2026-07-16T11:45:00+0200,1139.65859,MW,DE,DE_LU,actual_onshore_wind_generation,Wind Onshore,2026-08-09T05:18:04Z
2026-08-09T05:15:34Z,2026-08-09T07:15:34+0200,72a31bd2-8518-490a-bfbe-24bda838aac9,2026-07-16T10:00:00Z,2026-07-16T12:00:00+0200,1181.30085,MW,DE,DE_LU,actual_onshore_wind_generation,Wind Onshore,2026-08-09T05:18:04Z
2026-08-09T05:15:34Z,2026-08-09T07:15:34+0200,72a31bd2-8518-490a-bfbe-24bda838aac9,2026-07-16T10:15:00Z,2026-07-16T12:15:00+0200,1258.44228,MW,DE,DE_LU,actual_onshore_wind_generation,Wind Onshore,2026-08-09T05:18:04Z
2026-08-09T05:15:34Z,2026-08-09T07:15:34+0200,72a31bd2-8518-490a-bfbe-24bda838aac9,2026-07-16T10:30:00Z,2026-07-16T12:30:00+0200,1308.00254,MW,DE,DE_LU,actual_onshore_wind_generation,Wind Onshore,2026-08-09T05:18:04Z
2026-08-09T05:15:34Z,2026-08-09T07:15:34+0200,72a31bd2-8518-490a-bfbe-24bda838aac9,2026-07-16T10:45:00Z,2026-07-16T12:45:00+0200,1398.69664,MW,DE,DE_LU,actual_onshore_wind_generation,Wind Onshore,2026-08-09T05:18:04Z
2026-08-09T05:15:34Z,2026-08-09T07:15:34+0200,72a31bd2-8518-490a-bfbe-24bda838aac9,2026-07-16T11:00:00Z,2026-07-16T13:00:00+0200,1465.74455,MW,DE,DE_LU,actual_onshore_wind_generation,Wind Onshore,2026-08-09T05:18:04Z
2026-08-09T05:15:34Z,2026-08-09T07:15:34+0200,72a31bd2-8518-490a-bfbe-24bda838aac9,2026-07-16T11:15:00Z,2026-07-16T13:15:00+0200,1520.31909,MW,DE,DE_LU,actual_onshore_wind_generation,Wind Onshore,2026-08-09T05:18:04Z
2026-08-09T05:15:34Z,2026-08-09T07:15:34+0200,72a31bd2-8518-490a-bfbe-24bda838aac9,2026-07-16T11:30:00Z,2026-07-16T13:30:00+0200,1629.45074,MW,DE,DE_LU,actual_onshore_wind_generation,Wind Onshore,2026-08-09T05:18:04Z
2026-08-09T05:15:34Z,2026-08-09T07:15:34+0200,72a31bd2-8518-490a-bfbe-24bda838aac9,2026-07-16T11:45:00Z,2026-07-16T13:45:00+0200,1735.91677,MW,DE,DE_LU,actual_onshore_wind_generation,Wind Onshore,2026-08-09T05:18:04Z
2026-08-09T05:15:34Z,2026-08-09T07:15:34+0200,72a31bd2-8518-490a-bfbe-24bda838aac9,2026-07-16T12:00:00Z,2026-07-16T14:00:00+0200,1724.94342,MW,DE,DE_LU,actual_onshore_wind_generation,Wind Onshore,2026-08-09T05:18:04Z
2026-08-09T05:15:34Z,2026-08-09T07:15:34+0200,72a31bd2-8518-490a-bfbe-24bda838aac9,2026-07-16T12:15:00Z,2026-07-16T14:15:00+0200,1793.07806,MW,DE,DE_LU,actual_onshore_wind_generation,Wind Onshore,2026-08-09T05:18:04Z
2026-08-09T05:15:34Z,2026-08-09T07:15:34+0200,72a31bd2-8518-490a-bfbe-24bda838aac9,2026-07-16T12:30:00Z,2026-07-16T14:30:00+0200,1748.18336,MW,DE,DE_LU,actual_onshore_wind_generation,Wind Onshore,2026-08-09T05:18:04Z
2026-08-09T05:15:34Z,2026-08-09T07:15:34+0200,72a31bd2-8518-490a-bfbe-24bda838aac9,2026-07-16T12:45:00Z,2026-07-16T14:45:00+0200,1789.39806,MW,DE,DE_LU,actual_onshore_wind_generation,Wind Onshore,2026-08-09T05:18:04Z
2026-08-09T05:15:34Z,2026-08-09T07:15:34+0200,72a31bd2-8518-490a-bfbe-24bda838aac9,2026-07-16T13:00:00Z,2026-07-16T15:00:00+0200,1953.7236,MW,DE,DE_LU,actual_onshore_wind_generation,Wind Onshore,2026-08-09T05:18:04Z
2026-08-09T05:15:34Z,2026-08-09T07:15:34+0200,72a31bd2-8518-490a-bfbe-24bda838aac9,2026-07-16T13:15:00Z,2026-07-16T15:15:00+0200,2159.90443,MW,DE,DE_LU,actual_onshore_wind_generation,Wind Onshore,2026-08-09T05:18:04Z
2026-08-09T05:15:34Z,2026-08-09T07:15:34+0200,72a31bd2-8518-490a-bfbe-24bda838aac9,2026-07-16T13:30:00Z,2026-07-16T15:30:00+0200,2495.37247,MW,DE,DE_LU,actual_onshore_wind_generation,Wind Onshore,2026-08-09T05:18:04Z
2026-08-09T05:15:34Z,2026-08-09T07:15:34+0200,72a31bd2-8518-490a-bfbe-24bda838aac9,2026-07-16T13:45:00Z,2026-07-16T15:45:00+0200,2525.07344,MW,DE,DE_LU,actual_onshore_wind_generation,Wind Onshore,2026-08-09T05:18:04Z
2026-08-09T05:15:34Z,2026-08-09T07:15:34+0200,72a31bd2-8518-490a-bfbe-24bda838aac9,2026-07-16T14:00:00Z,2026-07-16T16:00:00+0200,2413.17505,MW,DE,DE_LU,actual_onshore_wind_generation,Wind Onshore,2026-08-09T05:18:04Z
2026-08-09T05:15:34Z,2026-08-09T07:15:34+0200,72a31bd2-8518-490a-bfbe-24bda838aac9,2026-07-16T14:15:00Z,2026-07-16T16:15:00+0200,2473.31399,MW,DE,DE_LU,actual_onshore_wind_generation,Wind Onshore,2026-08-09T05:18:04Z
2026-08-09T05:15:34Z,2026-08-09T07:15:34+0200,72a31bd2-8518-490a-bfbe-24bda838aac9,2026-07-16T14:30:00Z,2026-07-16T16:30:00+0200,2629.00652,MW,DE,DE_LU,actual_onshore_wind_generation,Wind Onshore,2026-08-09T05:18:04Z
2026-08-09T05:15:34Z,2026-08-09T07:15:34+0200,72a31bd2-8518-490a-bfbe-24bda838aac9,2026-07-16T14:45:00Z,2026-07-16T16:45:00+0200,2674.82866,MW,DE,DE_LU,actual_onshore_wind_generation,Wind Onshore,2026-08-09T05:18:04Z
2026-08-09T05:15:34Z,2026-08-09T07:15:34+0200,72a31bd2-8518-490a-bfbe-24bda838aac9,2026-07-16T15:00:00Z,2026-07-16T17:00:00+0200,2598.92295,MW,DE,DE_LU,actual_onshore_wind_generation,Wind Onshore,2026-08-09T05:18:04Z
2026-08-09T05:15:34Z,2026-08-09T07:15:34+0200,72a31bd2-8518-490a-bfbe-24bda838aac9,2026-07-16T15:15:00Z,2026-07-16T17:15:00+0200,2757.76934,MW,DE,DE_LU,actual_onshore_wind_generation,Wind Onshore,2026-08-09T05:18:04Z
2026-08-09T05:15:34Z,2026-08-09T07:15:34+0200,72a31bd2-8518-490a-bfbe-24bda838aac9,2026-07-16T15:30:00Z,2026-07-16T17:30:00+0200,2987.02746,MW,DE,DE_LU,actual_onshore_wind_generation,Wind Onshore,2026-08-09T05:18:04Z
2026-08-09T05:15:34Z,2026-08-09T07:15:34+0200,72a31bd2-8518-490a-bfbe-24bda838aac9,2026-07-16T15:45:00Z,2026-07-16T17:45:00+0200,3029.52057,MW,DE,DE_LU,actual_onshore_wind_generation,Wind Onshore,2026-08-09T05:18:04Z
2026-08-09T05:15:34Z,2026-08-09T07:15:34+0200,72a31bd2-8518-490a-bfbe-24bda838aac9,2026-07-16T16:00:00Z,2026-07-16T18:00:00+0200,3016.44689,MW,DE,DE_LU,actual_onshore_wind_generation,Wind Onshore,2026-08-09T05:18:04Z
2026-08-09T05:15:34Z,2026-08-09T07:15:34+0200,72a31bd2-8518-490a-bfbe-24bda838aac9,2026-07-16T16:15:00Z,2026-07-16T18:15:00+0200,2986.23271,MW,DE,DE_LU,actual_onshore_wind_generation,Wind Onshore,2026-08-09T05:18:04Z
2026-08-09T05:15:34Z,2026-08-09T07:15:34+0200,72a31bd2-8518-490a-bfbe-24bda838aac9,2026-07-16T16:30:00Z,2026-07-16T18:30:00+0200,3134.33408,MW,DE,DE_LU,actual_onshore_wind_generation,Wind Onshore,2026-08-09T05:18:04Z
2026-08-09T05:15:34Z,2026-08-09T07:15:34+0200,72a31bd2-8518-490a-bfbe-24bda838aac9,2026-07-16T16:45:00Z,2026-07-16T18:45:00+0200,2992.11945,MW,DE,DE_LU,actual_onshore_wind_generation,Wind Onshore,2026-08-09T05:18:04Z
2026-08-09T05:15:34Z,2026-08-09T07:15:34+0200,72a31bd2-8518-490a-bfbe-24bda838aac9,2026-07-16T17:00:00Z,2026-07-16T19:00:00+0200,3112.5008,MW,DE,DE_LU,actual_onshore_wind_generation,Wind Onshore,2026-08-09T05:18:04Z
2026-08-09T05:15:34Z,2026-08-09T07:15:34+0200,72a31bd2-8518-490a-bfbe-24bda838aac9,2026-07-16T17:15:00Z,2026-07-16T19:15:00+0200,3134.44528,MW,DE,DE_LU,actual_onshore_wind_generation,Wind Onshore,2026-08-09T05:18:04Z
2026-08-09T05:15:34Z,2026-08-09T07:15:34+0200,72a31bd2-8518-490a-bfbe-24bda838aac9,2026-07-16T17:30:00Z,2026-07-16T19:30:00+0200,3189.68019,MW,DE,DE_LU,actual_onshore_wind_generation,Wind Onshore,2026-08-09T05:18:04Z
2026-08-09T05:15:34Z,2026-08-09T07:15:34+0200,72a31bd2-8518-490a-bfbe-24bda838aac9,2026-07-16T17:45:00Z,2026-07-16T19:45:00+0200,3460.02574,MW,DE,DE_LU,actual_onshore_wind_generation,Wind Onshore,2026-08-09T05:18:04Z
2026-08-09T05:15:34Z,2026-08-09T07:15:34+0200,72a31bd2-8518-490a-bfbe-24bda838aac9,2026-07-16T18:00:00Z,2026-07-16T20:00:00+0200,3661.35768,MW,DE,DE_LU,actual_onshore_wind_generation,Wind Onshore,2026-08-09T05:18:04Z
2026-08-09T05:15:34Z,2026-08-09T07:15:34+0200,72a31bd2-8518-490a-bfbe-24bda838aac9,2026-07-16T18:15:00Z,2026-07-16T20:15:00+0200,3679.5837,MW,DE,DE_LU,actual_onshore_wind_generation,Wind Onshore,2026-08-09T05:18:04Z
2026-08-09T05:15:34Z,2026-08-09T07:15:34+0200,72a31bd2-8518-490a-bfbe-24bda838aac9,2026-07-16T18:30:00Z,2026-07-16T20:30:00+0200,3656.11313,MW,DE,DE_LU,actual_onshore_wind_generation,Wind Onshore,2026-08-09T05:18:04Z
2026-08-09T05:15:34Z,2026-08-09T07:15:34+0200,72a31bd2-8518-490a-bfbe-24bda838aac9,2026-07-16T18:45:00Z,2026-07-16T20:45:00+0200,3689.63488,MW,DE,DE_LU,actual_onshore_wind_generation,Wind Onshore,2026-08-09T05:18:04Z
2026-08-09T05:15:34Z,2026-08-09T07:15:34+0200,72a31bd2-8518-490a-bfbe-24bda838aac9,2026-07-16T19:00:00Z,2026-07-16T21:00:00+0200,4038.36094,MW,DE,DE_LU,actual_onshore_wind_generation,Wind Onshore,2026-08-09T05:18:04Z
2026-08-09T05:15:34Z,2026-08-09T07:15:34+0200,72a31bd2-8518-490a-bfbe-24bda838aac9,2026-07-16T19:15:00Z,2026-07-16T21:15:00+0200,4484.98056,MW,DE,DE_LU,actual_onshore_wind_generation,Wind Onshore,2026-08-09T05:18:04Z
2026-08-09T05:15:34Z,2026-08-09T07:15:34+0200,72a31bd2-8518-490a-bfbe-24bda838aac9,2026-07-16T19:30:00Z,2026-07-16T21:30:00+0200,4656.27613,MW,DE,DE_LU,actual_onshore_wind_generation,Wind Onshore,2026-08-09T05:18:04Z
2026-08-09T05:15:34Z,2026-08-09T07:15:34+0200,72a31bd2-8518-490a-bfbe-24bda838aac9,2026-07-16T19:45:00Z,2026-07-16T21:45:00+0200,4839.38725,MW,DE,DE_LU,actual_onshore_wind_generation,Wind Onshore,2026-08-09T05:18:04Z
2026-08-09T05:15:34Z,2026-08-09T07:15:34+0200,72a31bd2-8518-490a-bfbe-24bda838aac9,2026-07-16T20:00:00Z,2026-07-16T22:00:00+0200,5090.85797,MW,DE,DE_LU,actual_onshore_wind_generation,Wind Onshore,2026-08-09T05:18:04Z
2026-08-09T05:15:34Z,2026-08-09T07:15:34+0200,72a31bd2-8518-490a-bfbe-24bda838aac9,2026-07-16T20:15:00Z,2026-07-16T22:15:00+0200,5415.86942,MW,DE,DE_LU,actual_onshore_wind_generation,Wind Onshore,2026-08-09T05:18:04Z
2026-08-09T05:15:34Z,2026-08-09T07:15:34+0200,72a31bd2-8518-490a-bfbe-24bda838aac9,2026-07-16T20:30:00Z,2026-07-16T22:30:00+0200,5806.58746,MW,DE,DE_LU,actual_onshore_wind_generation,Wind Onshore,2026-08-09T05:18:04Z
2026-08-09T05:15:34Z,2026-08-09T07:15:34+0200,72a31bd2-8518-490a-bfbe-24bda838aac9,2026-07-16T20:45:00Z,2026-07-16T22:45:00+0200,6099.9017,MW,DE,DE_LU,actual_onshore_wind_generation,Wind Onshore,2026-08-09T05:18:04Z
2026-08-09T05:15:34Z,2026-08-09T07:15:34+0200,72a31bd2-8518-490a-bfbe-24bda838aac9,2026-07-16T21:00:00Z,2026-07-16T23:00:00+0200,6472.06706,MW,DE,DE_LU,actual_onshore_wind_generation,Wind Onshore,2026-08-09T05:18:04Z
2026-08-09T05:15:34Z,2026-08-09T07:15:34+0200,72a31bd2-8518-490a-bfbe-24bda838aac9,2026-07-16T21:15:00Z,2026-07-16T23:15:00+0200,6686.71271,MW,DE,DE_LU,actual_onshore_wind_generation,Wind Onshore,2026-08-09T05:18:04Z
2026-08-09T05:15:34Z,2026-08-09T07:15:34+0200,72a31bd2-8518-490a-bfbe-24bda838aac9,2026-07-16T21:30:00Z,2026-07-16T23:30:00+0200,6785.93922,MW,DE,DE_LU,actual_onshore_wind_generation,Wind Onshore,2026-08-09T05:18:04Z
2026-08-09T05:15:34Z,2026-08-09T07:15:34+0200,72a31bd2-8518-490a-bfbe-24bda838aac9,2026-07-16T21:45:00Z,2026-07-16T23:45:00+0200,6759.80752,MW,DE,DE_LU,actual_onshore_wind_generation,Wind Onshore,2026-08-09T05:18:04Z
2026-08-09T05:15:34Z,2026-08-09T07:15:34+0200,72a31bd2-8518-490a-bfbe-24bda838aac9,2026-07-16T22:00:00Z,2026-07-17T00:00:00+0200,6542.37433,MW,DE,DE_LU,actual_onshore_wind_generation,Wind Onshore,2026-08-09T05:18:04Z
2026-08-09T05:15:34Z,2026-08-09T07:15:34+0200,72a31bd2-8518-490a-bfbe-24bda838aac9,2026-07-16T22:15:00Z,2026-07-17T00:15:00+0200,6446.21966,MW,DE,DE_LU,actual_onshore_wind_generation,Wind Onshore,2026-08-09T05:18:04Z
2026-08-09T05:15:34Z,2026-08-09T07:15:34+0200,72a31bd2-8518-490a-bfbe-24bda838aac9,2026-07-16T22:30:00Z,2026-07-17T00:30:00+0200,6363.38933,MW,DE,DE_LU,actual_onshore_wind_generation,Wind Onshore,2026-08-09T05:18:04Z
2026-08-09T05:15:34Z,2026-08-09T07:15:34+0200,72a31bd2-8518-490a-bfbe-24bda838aac9,2026-07-16T22:45:00Z,2026-07-17T00:45:00+0200,6224.12331,MW,DE,DE_LU,actual_onshore_wind_generation,Wind Onshore,2026-08-09T05:18:04Z
2026-08-09T05:15:34Z,2026-08-09T07:15:34+0200,72a31bd2-8518-490a-bfbe-24bda838aac9,2026-07-16T23:00:00Z,2026-07-17T01:00:00+0200,6146.58689,MW,DE,DE_LU,actual_onshore_wind_generation,Wind Onshore,2026-08-09T05:18:04Z
2026-08-09T05:15:34Z,2026-08-09T07:15:34+0200,72a31bd2-8518-490a-bfbe-24bda838aac9,2026-07-16T23:15:00Z,2026-07-17T01:15:00+0200,6188.64343,MW,DE,DE_LU,actual_onshore_wind_generation,Wind Onshore,2026-08-09T05:18:04Z
2026-08-09T05:15:34Z,2026-08-09T07:15:34+0200,72a31bd2-8518-490a-bfbe-24bda838aac9,2026-07-16T23:30:00Z,2026-07-17T01:30:00+0200,6155.51625,MW,DE,DE_LU,actual_onshore_wind_generation,Wind Onshore,2026-08-09T05:18:04Z
2026-08-09T05:15:34Z,2026-08-09T07:15:34+0200,72a31bd2-8518-490a-bfbe-24bda838aac9,2026-07-16T23:45:00Z,2026-07-17T01:45:00+0200,6185.64333,MW,DE,DE_LU,actual_onshore_wind_generation,Wind Onshore,2026-08-09T05:18:04Z
2026-08-09T05:15:34Z,2026-08-09T07:15:34+0200,72a31bd2-8518-490a-bfbe-24bda838aac9,2026-07-17T00:00:00Z,2026-07-17T02:00:00+0200,6089.04697,MW,DE,DE_LU,actual_onshore_wind_generation,Wind Onshore,2026-08-09T05:18:04Z
2026-08-09T05:15:34Z,2026-08-09T07:15:34+0200,72a31bd2-8518-490a-bfbe-24bda838aac9,2026-07-17T00:15:00Z,2026-07-17T02:15:00+0200,6106.19443,MW,DE,DE_LU,actual_onshore_wind_generation,Wind Onshore,2026-08-09T05:18:04Z
2026-08-09T05:15:34Z,2026-08-09T07:15:34+0200,72a31bd2-8518-490a-bfbe-24bda838aac9,2026-07-17T00:30:00Z,2026-07-17T02:30:00+0200,5897.79143,MW,DE,DE_LU,actual_onshore_wind_generation,Wind Onshore,2026-08-09T05:18:04Z
2026-08-09T05:15:34Z,2026-08-09T07:15:34+0200,72a31bd2-8518-490a-bfbe-24bda838aac9,2026-07-17T00:45:00Z,2026-07-17T02:45:00+0200,5866.31338,MW,DE,DE_LU,actual_onshore_wind_generation,Wind Onshore,2026-08-09T05:18:04Z
2026-08-09T05:15:34Z,2026-08-09T07:15:34+0200,72a31bd2-8518-490a-bfbe-24bda838aac9,2026-07-17T01:00:00Z,2026-07-17T03:00:00+0200,5609.39586,MW,DE,DE_LU,actual_onshore_wind_generation,Wind Onshore,2026-08-09T05:18:04Z
2026-08-09T05:15:34Z,2026-08-09T07:15:34+0200,72a31bd2-8518-490a-bfbe-24bda838aac9,2026-07-17T01:15:00Z,2026-07-17T03:15:00+0200,5440.79884,MW,DE,DE_LU,actual_onshore_wind_generation,Wind Onshore,2026-08-09T05:18:04Z
2026-08-09T05:15:34Z,2026-08-09T07:15:34+0200,72a31bd2-8518-490a-bfbe-24bda838aac9,2026-07-17T01:30:00Z,2026-07-17T03:30:00+0200,5243.36582,MW,DE,DE_LU,actual_onshore_wind_generation,Wind Onshore,2026-08-09T05:18:04Z
2026-08-09T05:15:34Z,2026-08-09T07:15:34+0200,72a31bd2-8518-490a-bfbe-24bda838aac9,2026-07-17T01:45:00Z,2026-07-17T03:45:00+0200,5262.58639,MW,DE,DE_LU,actual_onshore_wind_generation,Wind Onshore,2026-08-09T05:18:04Z
2026-08-09T05:15:34Z,2026-08-09T07:15:34+0200,72a31bd2-8518-490a-bfbe-24bda838aac9,2026-07-17T02:00:00Z,2026-07-17T04:00:00+0200,5332.23045,MW,DE,DE_LU,actual_onshore_wind_generation,Wind Onshore,2026-08-09T05:18:04Z
2026-08-09T05:15:34Z,2026-08-09T07:15:34+0200,72a31bd2-8518-490a-bfbe-24bda838aac9,2026-07-17T02:15:00Z,2026-07-17T04:15:00+0200,5229.296,MW,DE,DE_LU,actual_onshore_wind_generation,Wind Onshore,2026-08-09T05:18:04Z
2026-08-09T05:15:34Z,2026-08-09T07:15:34+0200,72a31bd2-8518-490a-bfbe-24bda838aac9,2026-07-17T02:30:00Z,2026-07-17T04:30:00+0200,5275.46538,MW,DE,DE_LU,actual_onshore_wind_generation,Wind Onshore,2026-08-09T05:18:04Z
2026-08-09T05:15:34Z,2026-08-09T07:15:34+0200,72a31bd2-8518-490a-bfbe-24bda838aac9,2026-07-17T02:45:00Z,2026-07-17T04:45:00+0200,5281.83257,MW,DE,DE_LU,actual_onshore_wind_generation,Wind Onshore,2026-08-09T05:18:04Z
2026-08-09T05:15:34Z,2026-08-09T07:15:34+0200,72a31bd2-8518-490a-bfbe-24bda838aac9,2026-07-17T03:00:00Z,2026-07-17T05:00:00+0200,5493.94735,MW,DE,DE_LU,actual_onshore_wind_generation,Wind Onshore,2026-08-09T05:18:04Z
2026-08-09T05:15:34Z,2026-08-09T07:15:34+0200,72a31bd2-8518-490a-bfbe-24bda838aac9,2026-07-17T03:15:00Z,2026-07-17T05:15:00+0200,5727.34412,MW,DE,DE_LU,actual_onshore_wind_generation,Wind Onshore,2026-08-09T05:18:04Z
2026-08-09T05:15:34Z,2026-08-09T07:15:34+0200,72a31bd2-8518-490a-bfbe-24bda838aac9,2026-07-17T03:30:00Z,2026-07-17T05:30:00+0200,5983.65939,MW,DE,DE_LU,actual_onshore_wind_generation,Wind Onshore,2026-08-09T05:18:04Z
2026-08-09T05:15:34Z,2026-08-09T07:15:34+0200,72a31bd2-8518-490a-bfbe-24bda838aac9,2026-07-17T03:45:00Z,2026-07-17T05:45:00+0200,6291.03875,MW,DE,DE_LU,actual_onshore_wind_generation,Wind Onshore,2026-08-09T05:18:04Z
2026-08-09T05:15:34Z,2026-08-09T07:15:34+0200,72a31bd2-8518-490a-bfbe-24bda838aac9,2026-07-17T04:00:00Z,2026-07-17T06:00:00+0200,6425.69146,MW,DE,DE_LU,actual_onshore_wind_generation,Wind Onshore,2026-08-09T05:18:04Z
2026-08-09T05:15:34Z,2026-08-09T07:15:34+0200,72a31bd2-8518-490a-bfbe-24bda838aac9,2026-07-17T04:15:00Z,2026-07-17T06:15:00+0200,6495.13032,MW,DE,DE_LU,actual_onshore_wind_generation,Wind Onshore,2026-08-09T05:18:04Z
2026-08-09T05:15:34Z,2026-08-09T07:15:34+0200,72a31bd2-8518-490a-bfbe-24bda838aac9,2026-07-17T04:30:00Z,2026-07-17T06:30:00+0200,6438.52912,MW,DE,DE_LU,actual_onshore_wind_generation,Wind Onshore,2026-08-09T05:18:04Z
2026-08-09T05:15:34Z,2026-08-09T07:15:34+0200,72a31bd2-8518-490a-bfbe-24bda838aac9,2026-07-17T04:45:00Z,2026-07-17T06:45:00+0200,6354.24684,MW,DE,DE_LU,actual_onshore_wind_generation,Wind Onshore,2026-08-09T05:18:04Z
2026-08-09T05:15:34Z,2026-08-09T07:15:34+0200,72a31bd2-8518-490a-bfbe-24bda838aac9,2026-07-17T05:00:00Z,2026-07-17T07:00:00+0200,6127.94902,MW,DE,DE_LU,actual_onshore_wind_generation,Wind Onshore,2026-08-09T05:18:04Z
2026-08-09T05:15:34Z,2026-08-09T07:15:34+0200,72a31bd2-8518-490a-bfbe-24bda838aac9,2026-07-17T05:15:00Z,2026-07-17T07:15:00+0200,5867.3748,MW,DE,DE_LU,actual_onshore_wind_generation,Wind Onshore,2026-08-09T05:18:04Z
2026-08-09T05:15:34Z,2026-08-09T07:15:34+0200,72a31bd2-8518-490a-bfbe-24bda838aac9,2026-07-17T05:30:00Z,2026-07-17T07:30:00+0200,5280.51873,MW,DE,DE_LU,actual_onshore_wind_generation,Wind Onshore,2026-08-09T05:18:04Z
2026-08-09T05:15:34Z,2026-08-09T07:15:34+0200,72a31bd2-8518-490a-bfbe-24bda838aac9,2026-07-17T05:45:00Z,2026-07-17T07:45:00+0200,4669.95539,MW,DE,DE_LU,actual_onshore_wind_generation,Wind Onshore,2026-08-09T05:18:04Z
2026-08-09T05:15:34Z,2026-08-09T07:15:34+0200,72a31bd2-8518-490a-bfbe-24bda838aac9,2026-07-17T06:00:00Z,2026-07-17T08:00:00+0200,4294.34614,MW,DE,DE_LU,actual_onshore_wind_generation,Wind Onshore,2026-08-09T05:18:04Z
2026-08-09T05:15:34Z,2026-08-09T07:15:34+0200,72a31bd2-8518-490a-bfbe-24bda838aac9,2026-07-17T06:15:00Z,2026-07-17T08:15:00+0200,3784.87522,MW,DE,DE_LU,actual_onshore_wind_generation,Wind Onshore,2026-08-09T05:18:04Z
2026-08-09T05:15:34Z,2026-08-09T07:15:34+0200,72a31bd2-8518-490a-bfbe-24bda838aac9,2026-07-17T06:30:00Z,2026-07-17T08:30:00+0200,3214.403,MW,DE,DE_LU,actual_onshore_wind_generation,Wind Onshore,2026-08-09T05:18:04Z
2026-08-09T05:15:34Z,2026-08-09T07:15:34+0200,72a31bd2-8518-490a-bfbe-24bda838aac9,2026-07-17T06:45:00Z,2026-07-17T08:45:00+0200,2826.75618,MW,DE,DE_LU,actual_onshore_wind_generation,Wind Onshore,2026-08-09T05:18:04Z
2026-08-09T05:15:34Z,2026-08-09T07:15:34+0200,72a31bd2-8518-490a-bfbe-24bda838aac9,2026-07-17T07:00:00Z,2026-07-17T09:00:00+0200,2711.60633,MW,DE,DE_LU,actual_onshore_wind_generation,Wind Onshore,2026-08-09T05:18:04Z
2026-08-09T05:15:34Z,2026-08-09T07:15:34+0200,72a31bd2-8518-490a-bfbe-24bda838aac9,2026-07-17T07:15:00Z,2026-07-17T09:15:00+0200,2623.15196,MW,DE,DE_LU,actual_onshore_wind_generation,Wind Onshore,2026-08-09T05:18:04Z
2026-08-09T05:15:34Z,2026-08-09T07:15:34+0200,72a31bd2-8518-490a-bfbe-24bda838aac9,2026-07-17T07:30:00Z,2026-07-17T09:30:00+0200,2529.58182,MW,DE,DE_LU,actual_onshore_wind_generation,Wind Onshore,2026-08-09T05:18:04Z
2026-08-09T05:15:34Z,2026-08-09T07:15:34+0200,72a31bd2-8518-490a-bfbe-24bda838aac9,2026-07-17T07:45:00Z,2026-07-17T09:45:00+0200,2403.3298,MW,DE,DE_LU,actual_onshore_wind_generation,Wind Onshore,2026-08-09T05:18:04Z
2026-08-09T05:15:34Z,2026-08-09T07:15:34+0200,72a31bd2-8518-490a-bfbe-24bda838aac9,2026-07-17T08:00:00Z,2026-07-17T10:00:00+0200,2308.50707,MW,DE,DE_LU,actual_onshore_wind_generation,Wind Onshore,2026-08-09T05:18:04Z
2026-08-09T05:15:34Z,2026-08-09T07:15:34+0200,72a31bd2-8518-490a-bfbe-24bda838aac9,2026-07-17T08:15:00Z,2026-07-17T10:15:00+0200,2048.12414,MW,DE,DE_LU,actual_onshore_wind_generation,Wind Onshore,2026-08-09T05:18:04Z
2026-08-09T05:15:34Z,2026-08-09T07:15:34+0200,72a31bd2-8518-490a-bfbe-24bda838aac9,2026-07-17T08:30:00Z,2026-07-17T10:30:00+0200,1846.42786,MW,DE,DE_LU,actual_onshore_wind_generation,Wind Onshore,2026-08-09T05:18:04Z
2026-08-09T05:15:34Z,2026-08-09T07:15:34+0200,72a31bd2-8518-490a-bfbe-24bda838aac9,2026-07-17T08:45:00Z,2026-07-17T10:45:00+0200,1743.0195,MW,DE,DE_LU,actual_onshore_wind_generation,Wind Onshore,2026-08-09T05:18:04Z
2026-08-09T05:15:34Z,2026-08-09T07:15:34+0200,72a31bd2-8518-490a-bfbe-24bda838aac9,2026-07-17T09:00:00Z,2026-07-17T11:00:00+0200,1616.75216,MW,DE,DE_LU,actual_onshore_wind_generation,Wind Onshore,2026-08-09T05:18:04Z
2026-08-09T05:15:34Z,2026-08-09T07:15:34+0200,72a31bd2-8518-490a-bfbe-24bda838aac9,2026-07-17T09:15:00Z,2026-07-17T11:15:00+0200,1494.25364,MW,DE,DE_LU,actual_onshore_wind_generation,Wind Onshore,2026-08-09T05:18:04Z
2026-08-09T05:15:34Z,2026-08-09T07:15:34+0200,72a31bd2-8518-490a-bfbe-24bda838aac9,2026-07-17T09:30:00Z,2026-07-17T11:30:00+0200,1366.65164,MW,DE,DE_LU,actual_onshore_wind_generation,Wind Onshore,2026-08-09T05:18:04Z
2026-08-09T05:15:34Z,2026-08-09T07:15:34+0200,72a31bd2-8518-490a-bfbe-24bda838aac9,2026-07-17T09:45:00Z,2026-07-17T11:45:00+0200,1286.92497,MW,DE,DE_LU,actual_onshore_wind_generation,Wind Onshore,2026-08-09T05:18:04Z
2026-08-09T05:15:34Z,2026-08-09T07:15:34+0200,72a31bd2-8518-490a-bfbe-24bda838aac9,2026-07-17T10:00:00Z,2026-07-17T12:00:00+0200,1365.91019,MW,DE,DE_LU,actual_onshore_wind_generation,Wind Onshore,2026-08-09T05:18:04Z
2026-08-09T05:15:34Z,2026-08-09T07:15:34+0200,72a31bd2-8518-490a-bfbe-24bda838aac9,2026-07-17T10:15:00Z,2026-07-17T12:15:00+0200,1416.37418,MW,DE,DE_LU,actual_onshore_wind_generation,Wind Onshore,2026-08-09T05:18:04Z
2026-08-09T05:15:34Z,2026-08-09T07:15:34+0200,72a31bd2-8518-490a-bfbe-24bda838aac9,2026-07-17T10:30:00Z,2026-07-17T12:30:00+0200,1545.40528,MW,DE,DE_LU,actual_onshore_wind_generation,Wind Onshore,2026-08-09T05:18:04Z
2026-08-09T05:15:34Z,2026-08-09T07:15:34+0200,72a31bd2-8518-490a-bfbe-24bda838aac9,2026-07-17T10:45:00Z,2026-07-17T12:45:00+0200,1760.65116,MW,DE,DE_LU,actual_onshore_wind_generation,Wind Onshore,2026-08-09T05:18:04Z
2026-08-09T05:15:34Z,2026-08-09T07:15:34+0200,72a31bd2-8518-490a-bfbe-24bda838aac9,2026-07-17T11:00:00Z,2026-07-17T13:00:00+0200,1951.48704,MW,DE,DE_LU,actual_onshore_wind_generation,Wind Onshore,2026-08-09T05:18:04Z
2026-08-09T05:15:34Z,2026-08-09T07:15:34+0200,72a31bd2-8518-490a-bfbe-24bda838aac9,2026-07-17T11:15:00Z,2026-07-17T13:15:00+0200,2186.00811,MW,DE,DE_LU,actual_onshore_wind_generation,Wind Onshore,2026-08-09T05:18:04Z
2026-08-09T05:15:34Z,2026-08-09T07:15:34+0200,72a31bd2-8518-490a-bfbe-24bda838aac9,2026-07-17T11:30:00Z,2026-07-17T13:30:00+0200,2530.75224,MW,DE,DE_LU,actual_onshore_wind_generation,Wind Onshore,2026-08-09T05:18:04Z
2026-08-09T05:15:34Z,2026-08-09T07:15:34+0200,72a31bd2-8518-490a-bfbe-24bda838aac9,2026-07-17T11:45:00Z,2026-07-17T13:45:00+0200,2833.64019,MW,DE,DE_LU,actual_onshore_wind_generation,Wind Onshore,2026-08-09T05:18:04Z
2026-08-09T05:15:34Z,2026-08-09T07:15:34+0200,72a31bd2-8518-490a-bfbe-24bda838aac9,2026-07-17T12:00:00Z,2026-07-17T14:00:00+0200,3198.62933,MW,DE,DE_LU,actual_onshore_wind_generation,Wind Onshore,2026-08-09T05:18:04Z
2026-08-09T05:15:34Z,2026-08-09T07:15:34+0200,72a31bd2-8518-490a-bfbe-24bda838aac9,2026-07-17T12:15:00Z,2026-07-17T14:15:00+0200,3512.66218,MW,DE,DE_LU,actual_onshore_wind_generation,Wind Onshore,2026-08-09T05:18:04Z
2026-08-09T05:15:34Z,2026-08-09T07:15:34+0200,72a31bd2-8518-490a-bfbe-24bda838aac9,2026-07-17T12:30:00Z,2026-07-17T14:30:00+0200,3973.53989,MW,DE,DE_LU,actual_onshore_wind_generation,Wind Onshore,2026-08-09T05:18:04Z
2026-08-09T05:15:34Z,2026-08-09T07:15:34+0200,72a31bd2-8518-490a-bfbe-24bda838aac9,2026-07-17T12:45:00Z,2026-07-17T14:45:00+0200,4379.55196,MW,DE,DE_LU,actual_onshore_wind_generation,Wind Onshore,2026-08-09T05:18:04Z
2026-08-09T05:15:34Z,2026-08-09T07:15:34+0200,72a31bd2-8518-490a-bfbe-24bda838aac9,2026-07-17T13:00:00Z,2026-07-17T15:00:00+0200,5241.2645,MW,DE,DE_LU,actual_onshore_wind_generation,Wind Onshore,2026-08-09T05:18:04Z
2026-08-09T05:15:34Z,2026-08-09T07:15:34+0200,72a31bd2-8518-490a-bfbe-24bda838aac9,2026-07-17T13:15:00Z,2026-07-17T15:15:00+0200,6075.53358,MW,DE,DE_LU,actual_onshore_wind_generation,Wind Onshore,2026-08-09T05:18:04Z
2026-08-09T05:15:34Z,2026-08-09T07:15:34+0200,72a31bd2-8518-490a-bfbe-24bda838aac9,2026-07-17T13:30:00Z,2026-07-17T15:30:00+0200,6803.75161,MW,DE,DE_LU,actual_onshore_wind_generation,Wind Onshore,2026-08-09T05:18:04Z
2026-08-09T05:15:34Z,2026-08-09T07:15:34+0200,72a31bd2-8518-490a-bfbe-24bda838aac9,2026-07-17T13:45:00Z,2026-07-17T15:45:00+0200,7627.40258,MW,DE,DE_LU,actual_onshore_wind_generation,Wind Onshore,2026-08-09T05:18:04Z
2026-08-09T05:15:34Z,2026-08-09T07:15:34+0200,72a31bd2-8518-490a-bfbe-24bda838aac9,2026-07-17T14:00:00Z,2026-07-17T16:00:00+0200,7885.65233,MW,DE,DE_LU,actual_onshore_wind_generation,Wind Onshore,2026-08-09T05:18:04Z
2026-08-09T05:15:34Z,2026-08-09T07:15:34+0200,72a31bd2-8518-490a-bfbe-24bda838aac9,2026-07-17T14:15:00Z,2026-07-17T16:15:00+0200,8065.80499,MW,DE,DE_LU,actual_onshore_wind_generation,Wind Onshore,2026-08-09T05:18:04Z
2026-08-09T05:15:34Z,2026-08-09T07:15:34+0200,72a31bd2-8518-490a-bfbe-24bda838aac9,2026-07-17T14:30:00Z,2026-07-17T16:30:00+0200,7988.72843,MW,DE,DE_LU,actual_onshore_wind_generation,Wind Onshore,2026-08-09T05:18:04Z
2026-08-09T05:15:34Z,2026-08-09T07:15:34+0200,72a31bd2-8518-490a-bfbe-24bda838aac9,2026-07-17T14:45:00Z,2026-07-17T16:45:00+0200,8386.72849,MW,DE,DE_LU,actual_onshore_wind_generation,Wind Onshore,2026-08-09T05:18:04Z
2026-08-09T05:15:34Z,2026-08-09T07:15:34+0200,72a31bd2-8518-490a-bfbe-24bda838aac9,2026-07-17T15:00:00Z,2026-07-17T17:00:00+0200,9075.80153,MW,DE,DE_LU,actual_onshore_wind_generation,Wind Onshore,2026-08-09T05:18:04Z
2026-08-09T05:15:34Z,2026-08-09T07:15:34+0200,72a31bd2-8518-490a-bfbe-24bda838aac9,2026-07-17T15:15:00Z,2026-07-17T17:15:00+0200,9543.53256,MW,DE,DE_LU,actual_onshore_wind_generation,Wind Onshore,2026-08-09T05:18:04Z
2026-08-09T05:15:34Z,2026-08-09T07:15:34+0200,72a31bd2-8518-490a-bfbe-24bda838aac9,2026-07-17T15:30:00Z,2026-07-17T17:30:00+0200,10413.60085,MW,DE,DE_LU,actual_onshore_wind_generation,Wind Onshore,2026-08-09T05:18:04Z
2026-08-09T05:15:34Z,2026-08-09T07:15:34+0200,72a31bd2-8518-490a-bfbe-24bda838aac9,2026-07-17T15:45:00Z,2026-07-17T17:45:00+0200,11099.33978,MW,DE,DE_LU,actual_onshore_wind_generation,Wind Onshore,2026-08-09T05:18:04Z
2026-08-09T05:15:34Z,2026-08-09T07:15:34+0200,72a31bd2-8518-490a-bfbe-24bda838aac9,2026-07-17T16:00:00Z,2026-07-17T18:00:00+0200,11519.81744,MW,DE,DE_LU,actual_onshore_wind_generation,Wind Onshore,2026-08-09T05:18:04Z
2026-08-09T05:15:34Z,2026-08-09T07:15:34+0200,72a31bd2-8518-490a-bfbe-24bda838aac9,2026-07-17T16:15:00Z,2026-07-17T18:15:00+0200,11507.74494,MW,DE,DE_LU,actual_onshore_wind_generation,Wind Onshore,2026-08-09T05:18:04Z
2026-08-09T05:15:34Z,2026-08-09T07:15:34+0200,72a31bd2-8518-490a-bfbe-24bda838aac9,2026-07-17T16:30:00Z,2026-07-17T18:30:00+0200,11342.96072,MW,DE,DE_LU,actual_onshore_wind_generation,Wind Onshore,2026-08-09T05:18:04Z
2026-08-09T05:15:34Z,2026-08-09T07:15:34+0200,72a31bd2-8518-490a-bfbe-24bda838aac9,2026-07-17T16:45:00Z,2026-07-17T18:45:00+0200,11328.73655,MW,DE,DE_LU,actual_onshore_wind_generation,Wind Onshore,2026-08-09T05:18:04Z
2026-08-09T05:15:34Z,2026-08-09T07:15:34+0200,72a31bd2-8518-490a-bfbe-24bda838aac9,2026-07-17T17:00:00Z,2026-07-17T19:00:00+0200,10975.25769,MW,DE,DE_LU,actual_onshore_wind_generation,Wind Onshore,2026-08-09T05:18:04Z
2026-08-09T05:15:34Z,2026-08-09T07:15:34+0200,72a31bd2-8518-490a-bfbe-24bda838aac9,2026-07-17T17:15:00Z,2026-07-17T19:15:00+0200,10606.79102,MW,DE,DE_LU,actual_onshore_wind_generation,Wind Onshore,2026-08-09T05:18:04Z
2026-08-09T05:15:34Z,2026-08-09T07:15:34+0200,72a31bd2-8518-490a-bfbe-24bda838aac9,2026-07-17T17:30:00Z,2026-07-17T19:30:00+0200,10147.47729,MW,DE,DE_LU,actual_onshore_wind_generation,Wind Onshore,2026-08-09T05:18:04Z
2026-08-09T05:15:34Z,2026-08-09T07:15:34+0200,72a31bd2-8518-490a-bfbe-24bda838aac9,2026-07-17T17:45:00Z,2026-07-17T19:45:00+0200,9930.31701,MW,DE,DE_LU,actual_onshore_wind_generation,Wind Onshore,2026-08-09T05:18:04Z
2026-08-09T05:15:34Z,2026-08-09T07:15:34+0200,72a31bd2-8518-490a-bfbe-24bda838aac9,2026-07-17T18:00:00Z,2026-07-17T20:00:00+0200,9760.44081,MW,DE,DE_LU,actual_onshore_wind_generation,Wind Onshore,2026-08-09T05:18:04Z
2026-08-09T05:15:34Z,2026-08-09T07:15:34+0200,72a31bd2-8518-490a-bfbe-24bda838aac9,2026-07-17T18:15:00Z,2026-07-17T20:15:00+0200,9740.42691,MW,DE,DE_LU,actual_onshore_wind_generation,Wind Onshore,2026-08-09T05:18:04Z
2026-08-09T05:15:34Z,2026-08-09T07:15:34+0200,72a31bd2-8518-490a-bfbe-24bda838aac9,2026-07-17T18:30:00Z,2026-07-17T20:30:00+0200,9559.07468,MW,DE,DE_LU,actual_onshore_wind_generation,Wind Onshore,2026-08-09T05:18:04Z
2026-08-09T05:15:34Z,2026-08-09T07:15:34+0200,72a31bd2-8518-490a-bfbe-24bda838aac9,2026-07-17T18:45:00Z,2026-07-17T20:45:00+0200,9329.00728,MW,DE,DE_LU,actual_onshore_wind_generation,Wind Onshore,2026-08-09T05:18:04Z
2026-08-09T05:15:34Z,2026-08-09T07:15:34+0200,72a31bd2-8518-490a-bfbe-24bda838aac9,2026-07-17T19:00:00Z,2026-07-17T21:00:00+0200,9353.9406,MW,DE,DE_LU,actual_onshore_wind_generation,Wind Onshore,2026-08-09T05:18:04Z
2026-08-09T05:15:34Z,2026-08-09T07:15:34+0200,72a31bd2-8518-490a-bfbe-24bda838aac9,2026-07-17T19:15:00Z,2026-07-17T21:15:00+0200,9693.36786,MW,DE,DE_LU,actual_onshore_wind_generation,Wind Onshore,2026-08-09T05:18:04Z
2026-08-09T05:15:34Z,2026-08-09T07:15:34+0200,72a31bd2-8518-490a-bfbe-24bda838aac9,2026-07-17T19:30:00Z,2026-07-17T21:30:00+0200,9455.99026,MW,DE,DE_LU,actual_onshore_wind_generation,Wind Onshore,2026-08-09T05:18:04Z
2026-08-09T05:15:34Z,2026-08-09T07:15:34+0200,72a31bd2-8518-490a-bfbe-24bda838aac9,2026-07-17T19:45:00Z,2026-07-17T21:45:00+0200,9072.23435,MW,DE,DE_LU,actual_onshore_wind_generation,Wind Onshore,2026-08-09T05:18:04Z
2026-08-09T05:15:34Z,2026-08-09T07:15:34+0200,72a31bd2-8518-490a-bfbe-24bda838aac9,2026-07-17T20:00:00Z,2026-07-17T22:00:00+0200,8831.96301,MW,DE,DE_LU,actual_onshore_wind_generation,Wind Onshore,2026-08-09T05:18:04Z
2026-08-09T05:15:34Z,2026-08-09T07:15:34+0200,72a31bd2-8518-490a-bfbe-24bda838aac9,2026-07-17T20:15:00Z,2026-07-17T22:15:00+0200,8974.54295,MW,DE,DE_LU,actual_onshore_wind_generation,Wind Onshore,2026-08-09T05:18:04Z
2026-08-09T05:15:34Z,2026-08-09T07:15:34+0200,72a31bd2-8518-490a-bfbe-24bda838aac9,2026-07-17T20:30:00Z,2026-07-17T22:30:00+0200,9042.19316,MW,DE,DE_LU,actual_onshore_wind_generation,Wind Onshore,2026-08-09T05:18:04Z
2026-08-09T05:15:34Z,2026-08-09T07:15:34+0200,72a31bd2-8518-490a-bfbe-24bda838aac9,2026-07-17T20:45:00Z,2026-07-17T22:45:00+0200,9213.56849,MW,DE,DE_LU,actual_onshore_wind_generation,Wind Onshore,2026-08-09T05:18:04Z
2026-08-09T05:15:34Z,2026-08-09T07:15:34+0200,72a31bd2-8518-490a-bfbe-24bda838aac9,2026-07-17T21:00:00Z,2026-07-17T23:00:00+0200,9366.38917,MW,DE,DE_LU,actual_onshore_wind_generation,Wind Onshore,2026-08-09T05:18:04Z
2026-08-09T05:15:34Z,2026-08-09T07:15:34+0200,72a31bd2-8518-490a-bfbe-24bda838aac9,2026-07-17T21:15:00Z,2026-07-17T23:15:00+0200,9972.85131,MW,DE,DE_LU,actual_onshore_wind_generation,Wind Onshore,2026-08-09T05:18:04Z
2026-08-09T05:15:34Z,2026-08-09T07:15:34+0200,72a31bd2-8518-490a-bfbe-24bda838aac9,2026-07-17T21:30:00Z,2026-07-17T23:30:00+0200,10225.29077,MW,DE,DE_LU,actual_onshore_wind_generation,Wind Onshore,2026-08-09T05:18:04Z
2026-08-09T05:15:34Z,2026-08-09T07:15:34+0200,72a31bd2-8518-490a-bfbe-24bda838aac9,2026-07-17T21:45:00Z,2026-07-17T23:45:00+0200,10387.395,MW,DE,DE_LU,actual_onshore_wind_generation,Wind Onshore,2026-08-09T05:18:04Z
2026-08-09T05:15:34Z,2026-08-09T07:15:34+0200,72a31bd2-8518-490a-bfbe-24bda838aac9,2026-07-17T22:00:00Z,2026-07-18T00:00:00+0200,10400.71078,MW,DE,DE_LU,actual_onshore_wind_generation,Wind Onshore,2026-08-09T05:18:04Z
2026-08-09T05:15:34Z,2026-08-09T07:15:34+0200,72a31bd2-8518-490a-bfbe-24bda838aac9,2026-07-17T22:15:00Z,2026-07-18T00:15:00+0200,10503.73223,MW,DE,DE_LU,actual_onshore_wind_generation,Wind Onshore,2026-08-09T05:18:04Z
2026-08-09T05:15:34Z,2026-08-09T07:15:34+0200,72a31bd2-8518-490a-bfbe-24bda838aac9,2026-07-17T22:30:00Z,2026-07-18T00:30:00+0200,10494.10398,MW,DE,DE_LU,actual_onshore_wind_generation,Wind Onshore,2026-08-09T05:18:04Z
2026-08-09T05:15:34Z,2026-08-09T07:15:34+0200,72a31bd2-8518-490a-bfbe-24bda838aac9,2026-07-17T22:45:00Z,2026-07-18T00:45:00+0200,10586.79813,MW,DE,DE_LU,actual_onshore_wind_generation,Wind Onshore,2026-08-09T05:18:04Z
2026-08-09T05:15:34Z,2026-08-09T07:15:34+0200,72a31bd2-8518-490a-bfbe-24bda838aac9,2026-07-17T23:00:00Z,2026-07-18T01:00:00+0200,10630.33376,MW,DE,DE_LU,actual_onshore_wind_generation,Wind Onshore,2026-08-09T05:18:04Z
2026-08-09T05:15:34Z,2026-08-09T07:15:34+0200,72a31bd2-8518-490a-bfbe-24bda838aac9,2026-07-17T23:15:00Z,2026-07-18T01:15:00+0200,10745.09401,MW,DE,DE_LU,actual_onshore_wind_generation,Wind Onshore,2026-08-09T05:18:04Z
2026-08-09T05:15:34Z,2026-08-09T07:15:34+0200,72a31bd2-8518-490a-bfbe-24bda838aac9,2026-07-17T23:30:00Z,2026-07-18T01:30:00+0200,11103.00058,MW,DE,DE_LU,actual_onshore_wind_generation,Wind Onshore,2026-08-09T05:18:04Z
2026-08-09T05:15:34Z,2026-08-09T07:15:34+0200,72a31bd2-8518-490a-bfbe-24bda838aac9,2026-07-17T23:45:00Z,2026-07-18T01:45:00+0200,11459.45923,MW,DE,DE_LU,actual_onshore_wind_generation,Wind Onshore,2026-08-09T05:18:04Z
2026-08-09T05:15:34Z,2026-08-09T07:15:34+0200,72a31bd2-8518-490a-bfbe-24bda838aac9,2026-07-18T00:00:00Z,2026-07-18T02:00:00+0200,11589.43538,MW,DE,DE_LU,actual_onshore_wind_generation,Wind Onshore,2026-08-09T05:18:04Z
2026-08-09T05:15:34Z,2026-08-09T07:15:34+0200,72a31bd2-8518-490a-bfbe-24bda838aac9,2026-07-18T00:15:00Z,2026-07-18T02:15:00+0200,11836.88796,MW,DE,DE_LU,actual_onshore_wind_generation,Wind Onshore,2026-08-09T05:18:04Z
2026-08-09T05:15:34Z,2026-08-09T07:15:34+0200,72a31bd2-8518-490a-bfbe-24bda838aac9,2026-07-18T00:30:00Z,2026-07-18T02:30:00+0200,12030.39994,MW,DE,DE_LU,actual_onshore_wind_generation,Wind Onshore,2026-08-09T05:18:04Z
2026-08-09T05:15:34Z,2026-08-09T07:15:34+0200,72a31bd2-8518-490a-bfbe-24bda838aac9,2026-07-18T00:45:00Z,2026-07-18T02:45:00+0200,12154.65351,MW,DE,DE_LU,actual_onshore_wind_generation,Wind Onshore,2026-08-09T05:18:04Z
2026-08-09T05:15:34Z,2026-08-09T07:15:34+0200,72a31bd2-8518-490a-bfbe-24bda838aac9,2026-07-18T01:00:00Z,2026-07-18T03:00:00+0200,12323.60992,MW,DE,DE_LU,actual_onshore_wind_generation,Wind Onshore,2026-08-09T05:18:04Z
2026-08-09T05:15:34Z,2026-08-09T07:15:34+0200,72a31bd2-8518-490a-bfbe-24bda838aac9,2026-07-18T01:15:00Z,2026-07-18T03:15:00+0200,12543.09062,MW,DE,DE_LU,actual_onshore_wind_generation,Wind Onshore,2026-08-09T05:18:04Z
2026-08-09T05:15:34Z,2026-08-09T07:15:34+0200,72a31bd2-8518-490a-bfbe-24bda838aac9,2026-07-18T01:30:00Z,2026-07-18T03:30:00+0200,12608.97872,MW,DE,DE_LU,actual_onshore_wind_generation,Wind Onshore,2026-08-09T05:18:04Z
2026-08-09T05:15:34Z,2026-08-09T07:15:34+0200,72a31bd2-8518-490a-bfbe-24bda838aac9,2026-07-18T01:45:00Z,2026-07-18T03:45:00+0200,12659.4634,MW,DE,DE_LU,actual_onshore_wind_generation,Wind Onshore,2026-08-09T05:18:04Z
2026-08-09T05:15:34Z,2026-08-09T07:15:34+0200,72a31bd2-8518-490a-bfbe-24bda838aac9,2026-07-18T02:00:00Z,2026-07-18T04:00:00+0200,12633.81667,MW,DE,DE_LU,actual_onshore_wind_generation,Wind Onshore,2026-08-09T05:18:04Z
2026-08-09T05:15:34Z,2026-08-09T07:15:34+0200,72a31bd2-8518-490a-bfbe-24bda838aac9,2026-07-18T02:15:00Z,2026-07-18T04:15:00+0200,12754.01641,MW,DE,DE_LU,actual_onshore_wind_generation,Wind Onshore,2026-08-09T05:18:04Z
2026-08-09T05:15:34Z,2026-08-09T07:15:34+0200,72a31bd2-8518-490a-bfbe-24bda838aac9,2026-07-18T02:30:00Z,2026-07-18T04:30:00+0200,12981.1535,MW,DE,DE_LU,actual_onshore_wind_generation,Wind Onshore,2026-08-09T05:18:04Z
2026-08-09T05:15:34Z,2026-08-09T07:15:34+0200,72a31bd2-8518-490a-bfbe-24bda838aac9,2026-07-18T02:45:00Z,2026-07-18T04:45:00+0200,13002.85798,MW,DE,DE_LU,actual_onshore_wind_generation,Wind Onshore,2026-08-09T05:18:04Z
2026-08-09T05:15:34Z,2026-08-09T07:15:34+0200,72a31bd2-8518-490a-bfbe-24bda838aac9,2026-07-18T03:00:00Z,2026-07-18T05:00:00+0200,13029.61715,MW,DE,DE_LU,actual_onshore_wind_generation,Wind Onshore,2026-08-09T05:18:04Z
2026-08-09T05:15:34Z,2026-08-09T07:15:34+0200,72a31bd2-8518-490a-bfbe-24bda838aac9,2026-07-18T03:15:00Z,2026-07-18T05:15:00+0200,13181.3692,MW,DE,DE_LU,actual_onshore_wind_generation,Wind Onshore,2026-08-09T05:18:04Z
2026-08-09T05:15:34Z,2026-08-09T07:15:34+0200,72a31bd2-8518-490a-bfbe-24bda838aac9,2026-07-18T03:30:00Z,2026-07-18T05:30:00+0200,13546.14498,MW,DE,DE_LU,actual_onshore_wind_generation,Wind Onshore,2026-08-09T05:18:04Z
2026-08-09T05:15:34Z,2026-08-09T07:15:34+0200,72a31bd2-8518-490a-bfbe-24bda838aac9,2026-07-18T03:45:00Z,2026-07-18T05:45:00+0200,13454.78484,MW,DE,DE_LU,actual_onshore_wind_generation,Wind Onshore,2026-08-09T05:18:04Z
2026-08-09T05:15:34Z,2026-08-09T07:15:34+0200,72a31bd2-8518-490a-bfbe-24bda838aac9,2026-07-18T04:00:00Z,2026-07-18T06:00:00+0200,13386.26517,MW,DE,DE_LU,actual_onshore_wind_generation,Wind Onshore,2026-08-09T05:18:04Z
2026-08-09T05:15:34Z,2026-08-09T07:15:34+0200,72a31bd2-8518-490a-bfbe-24bda838aac9,2026-07-18T04:15:00Z,2026-07-18T06:15:00+0200,13039.31537,MW,DE,DE_LU,actual_onshore_wind_generation,Wind Onshore,2026-08-09T05:18:04Z
2026-08-09T05:15:34Z,2026-08-09T07:15:34+0200,72a31bd2-8518-490a-bfbe-24bda838aac9,2026-07-18T04:30:00Z,2026-07-18T06:30:00+0200,12764.32652,MW,DE,DE_LU,actual_onshore_wind_generation,Wind Onshore,2026-08-09T05:18:04Z
2026-08-09T05:15:34Z,2026-08-09T07:15:34+0200,72a31bd2-8518-490a-bfbe-24bda838aac9,2026-07-18T04:45:00Z,2026-07-18T06:45:00+0200,12360.94232,MW,DE,DE_LU,actual_onshore_wind_generation,Wind Onshore,2026-08-09T05:18:04Z
2026-08-09T05:15:34Z,2026-08-09T07:15:34+0200,72a31bd2-8518-490a-bfbe-24bda838aac9,2026-07-18T05:00:00Z,2026-07-18T07:00:00+0200,12299.78615,MW,DE,DE_LU,actual_onshore_wind_generation,Wind Onshore,2026-08-09T05:18:04Z
2026-08-09T05:15:34Z,2026-08-09T07:15:34+0200,72a31bd2-8518-490a-bfbe-24bda838aac9,2026-07-18T05:15:00Z,2026-07-18T07:15:00+0200,12198.68473,MW,DE,DE_LU,actual_onshore_wind_generation,Wind Onshore,2026-08-09T05:18:04Z
2026-08-09T05:15:34Z,2026-08-09T07:15:34+0200,72a31bd2-8518-490a-bfbe-24bda838aac9,2026-07-18T05:30:00Z,2026-07-18T07:30:00+0200,11860.68709,MW,DE,DE_LU,actual_onshore_wind_generation,Wind Onshore,2026-08-09T05:18:04Z
2026-08-09T05:15:34Z,2026-08-09T07:15:34+0200,72a31bd2-8518-490a-bfbe-24bda838aac9,2026-07-18T05:45:00Z,2026-07-18T07:45:00+0200,12005.79913,MW,DE,DE_LU,actual_onshore_wind_generation,Wind Onshore,2026-08-09T05:18:04Z
2026-08-09T05:15:34Z,2026-08-09T07:15:34+0200,72a31bd2-8518-490a-bfbe-24bda838aac9,2026-07-18T06:00:00Z,2026-07-18T08:00:00+0200,12213.6617,MW,DE,DE_LU,actual_onshore_wind_generation,Wind Onshore,2026-08-09T05:18:04Z
2026-08-09T05:15:34Z,2026-08-09T07:15:34+0200,72a31bd2-8518-490a-bfbe-24bda838aac9,2026-07-18T06:15:00Z,2026-07-18T08:15:00+0200,12682.87634,MW,DE,DE_LU,actual_onshore_wind_generation,Wind Onshore,2026-08-09T05:18:04Z
2026-08-09T05:15:34Z,2026-08-09T07:15:34+0200,72a31bd2-8518-490a-bfbe-24bda838aac9,2026-07-18T06:30:00Z,2026-07-18T08:30:00+0200,13108.74543,MW,DE,DE_LU,actual_onshore_wind_generation,Wind Onshore,2026-08-09T05:18:04Z
2026-08-09T05:15:34Z,2026-08-09T07:15:34+0200,72a31bd2-8518-490a-bfbe-24bda838aac9,2026-07-18T06:45:00Z,2026-07-18T08:45:00+0200,13312.65614,MW,DE,DE_LU,actual_onshore_wind_generation,Wind Onshore,2026-08-09T05:18:04Z
2026-08-09T05:15:34Z,2026-08-09T07:15:34+0200,72a31bd2-8518-490a-bfbe-24bda838aac9,2026-07-18T07:00:00Z,2026-07-18T09:00:00+0200,13796.98235,MW,DE,DE_LU,actual_onshore_wind_generation,Wind Onshore,2026-08-09T05:18:04Z
2026-08-09T05:15:34Z,2026-08-09T07:15:34+0200,72a31bd2-8518-490a-bfbe-24bda838aac9,2026-07-18T07:15:00Z,2026-07-18T09:15:00+0200,14144.3113,MW,DE,DE_LU,actual_onshore_wind_generation,Wind Onshore,2026-08-09T05:18:04Z
2026-08-09T05:15:34Z,2026-08-09T07:15:34+0200,72a31bd2-8518-490a-bfbe-24bda838aac9,2026-07-18T07:30:00Z,2026-07-18T09:30:00+0200,14582.34212,MW,DE,DE_LU,actual_onshore_wind_generation,Wind Onshore,2026-08-09T05:18:04Z
2026-08-09T05:15:34Z,2026-08-09T07:15:34+0200,72a31bd2-8518-490a-bfbe-24bda838aac9,2026-07-18T07:45:00Z,2026-07-18T09:45:00+0200,15179.39657,MW,DE,DE_LU,actual_onshore_wind_generation,Wind Onshore,2026-08-09T05:18:04Z
2026-08-09T05:15:34Z,2026-08-09T07:15:34+0200,72a31bd2-8518-490a-bfbe-24bda838aac9,2026-07-18T08:00:00Z,2026-07-18T10:00:00+0200,15611.04369,MW,DE,DE_LU,actual_onshore_wind_generation,Wind Onshore,2026-08-09T05:18:04Z
2026-08-09T05:15:34Z,2026-08-09T07:15:34+0200,72a31bd2-8518-490a-bfbe-24bda838aac9,2026-07-18T08:15:00Z,2026-07-18T10:15:00+0200,15984.32107,MW,DE,DE_LU,actual_onshore_wind_generation,Wind Onshore,2026-08-09T05:18:04Z
2026-08-09T05:15:34Z,2026-08-09T07:15:34+0200,72a31bd2-8518-490a-bfbe-24bda838aac9,2026-07-18T08:30:00Z,2026-07-18T10:30:00+0200,16390.58684,MW,DE,DE_LU,actual_onshore_wind_generation,Wind Onshore,2026-08-09T05:18:04Z
2026-08-09T05:15:34Z,2026-08-09T07:15:34+0200,72a31bd2-8518-490a-bfbe-24bda838aac9,2026-07-18T08:45:00Z,2026-07-18T10:45:00+0200,16840.13817,MW,DE,DE_LU,actual_onshore_wind_generation,Wind Onshore,2026-08-09T05:18:04Z
2026-08-09T05:15:34Z,2026-08-09T07:15:34+0200,72a31bd2-8518-490a-bfbe-24bda838aac9,2026-07-18T09:00:00Z,2026-07-18T11:00:00+0200,16603.41475,MW,DE,DE_LU,actual_onshore_wind_generation,Wind Onshore,2026-08-09T05:18:04Z
2026-08-09T05:15:34Z,2026-08-09T07:15:34+0200,72a31bd2-8518-490a-bfbe-24bda838aac9,2026-07-18T09:15:00Z,2026-07-18T11:15:00+0200,16016.26452,MW,DE,DE_LU,actual_onshore_wind_generation,Wind Onshore,2026-08-09T05:18:04Z
2026-08-09T05:15:34Z,2026-08-09T07:15:34+0200,72a31bd2-8518-490a-bfbe-24bda838aac9,2026-07-18T09:30:00Z,2026-07-18T11:30:00+0200,15582.34616,MW,DE,DE_LU,actual_onshore_wind_generation,Wind Onshore,2026-08-09T05:18:04Z
2026-08-09T05:15:34Z,2026-08-09T07:15:34+0200,72a31bd2-8518-490a-bfbe-24bda838aac9,2026-07-18T09:45:00Z,2026-07-18T11:45:00+0200,15844.11436,MW,DE,DE_LU,actual_onshore_wind_generation,Wind Onshore,2026-08-09T05:18:04Z
2026-08-09T05:15:34Z,2026-08-09T07:15:34+0200,72a31bd2-8518-490a-bfbe-24bda838aac9,2026-07-18T10:00:00Z,2026-07-18T12:00:00+0200,16196.21368,MW,DE,DE_LU,actual_onshore_wind_generation,Wind Onshore,2026-08-09T05:18:04Z
2026-08-09T05:15:34Z,2026-08-09T07:15:34+0200,72a31bd2-8518-490a-bfbe-24bda838aac9,2026-07-18T10:15:00Z,2026-07-18T12:15:00+0200,16510.2889,MW,DE,DE_LU,actual_onshore_wind_generation,Wind Onshore,2026-08-09T05:18:04Z
2026-08-09T05:15:34Z,2026-08-09T07:15:34+0200,72a31bd2-8518-490a-bfbe-24bda838aac9,2026-07-18T10:30:00Z,2026-07-18T12:30:00+0200,16463.15726,MW,DE,DE_LU,actual_onshore_wind_generation,Wind Onshore,2026-08-09T05:18:04Z
2026-08-09T05:15:34Z,2026-08-09T07:15:34+0200,72a31bd2-8518-490a-bfbe-24bda838aac9,2026-07-18T10:45:00Z,2026-07-18T12:45:00+0200,16763.80049,MW,DE,DE_LU,actual_onshore_wind_generation,Wind Onshore,2026-08-09T05:18:04Z
2026-08-09T05:15:34Z,2026-08-09T07:15:34+0200,72a31bd2-8518-490a-bfbe-24bda838aac9,2026-07-18T11:00:00Z,2026-07-18T13:00:00+0200,15794.56349,MW,DE,DE_LU,actual_onshore_wind_generation,Wind Onshore,2026-08-09T05:18:04Z
2026-08-09T05:15:34Z,2026-08-09T07:15:34+0200,72a31bd2-8518-490a-bfbe-24bda838aac9,2026-07-18T11:15:00Z,2026-07-18T13:15:00+0200,15394.09476,MW,DE,DE_LU,actual_onshore_wind_generation,Wind Onshore,2026-08-09T05:18:04Z
2026-08-09T05:15:34Z,2026-08-09T07:15:34+0200,72a31bd2-8518-490a-bfbe-24bda838aac9,2026-07-18T11:30:00Z,2026-07-18T13:30:00+0200,15362.1955,MW,DE,DE_LU,actual_onshore_wind_generation,Wind Onshore,2026-08-09T05:18:04Z
2026-08-09T05:15:34Z,2026-08-09T07:15:34+0200,72a31bd2-8518-490a-bfbe-24bda838aac9,2026-07-18T11:45:00Z,2026-07-18T13:45:00+0200,15098.05316,MW,DE,DE_LU,actual_onshore_wind_generation,Wind Onshore,2026-08-09T05:18:04Z
2026-08-09T05:15:34Z,2026-08-09T07:15:34+0200,72a31bd2-8518-490a-bfbe-24bda838aac9,2026-07-18T12:00:00Z,2026-07-18T14:00:00+0200,14765.70091,MW,DE,DE_LU,actual_onshore_wind_generation,Wind Onshore,2026-08-09T05:18:04Z
2026-08-09T05:15:34Z,2026-08-09T07:15:34+0200,72a31bd2-8518-490a-bfbe-24bda838aac9,2026-07-18T12:15:00Z,2026-07-18T14:15:00+0200,14698.81058,MW,DE,DE_LU,actual_onshore_wind_generation,Wind Onshore,2026-08-09T05:18:04Z
2026-08-09T05:15:34Z,2026-08-09T07:15:34+0200,72a31bd2-8518-490a-bfbe-24bda838aac9,2026-07-18T12:30:00Z,2026-07-18T14:30:00+0200,15335.70868,MW,DE,DE_LU,actual_onshore_wind_generation,Wind Onshore,2026-08-09T05:18:04Z
2026-08-09T05:15:34Z,2026-08-09T07:15:34+0200,72a31bd2-8518-490a-bfbe-24bda838aac9,2026-07-18T12:45:00Z,2026-07-18T14:45:00+0200,15457.22655,MW,DE,DE_LU,actual_onshore_wind_generation,Wind Onshore,2026-08-09T05:18:04Z
2026-08-09T05:15:34Z,2026-08-09T07:15:34+0200,72a31bd2-8518-490a-bfbe-24bda838aac9,2026-07-18T13:00:00Z,2026-07-18T15:00:00+0200,15753.96128,MW,DE,DE_LU,actual_onshore_wind_generation,Wind Onshore,2026-08-09T05:18:04Z
2026-08-09T05:15:34Z,2026-08-09T07:15:34+0200,72a31bd2-8518-490a-bfbe-24bda838aac9,2026-07-18T13:15:00Z,2026-07-18T15:15:00+0200,15864.5999,MW,DE,DE_LU,actual_onshore_wind_generation,Wind Onshore,2026-08-09T05:18:04Z
2026-08-09T05:15:34Z,2026-08-09T07:15:34+0200,72a31bd2-8518-490a-bfbe-24bda838aac9,2026-07-18T13:30:00Z,2026-07-18T15:30:00+0200,15755.06761,MW,DE,DE_LU,actual_onshore_wind_generation,Wind Onshore,2026-08-09T05:18:04Z
2026-08-09T05:15:34Z,2026-08-09T07:15:34+0200,72a31bd2-8518-490a-bfbe-24bda838aac9,2026-07-18T13:45:00Z,2026-07-18T15:45:00+0200,15980.25668,MW,DE,DE_LU,actual_onshore_wind_generation,Wind Onshore,2026-08-09T05:18:04Z
2026-08-09T05:15:34Z,2026-08-09T07:15:34+0200,72a31bd2-8518-490a-bfbe-24bda838aac9,2026-07-18T14:00:00Z,2026-07-18T16:00:00+0200,16429.5025,MW,DE,DE_LU,actual_onshore_wind_generation,Wind Onshore,2026-08-09T05:18:04Z
2026-08-09T05:15:34Z,2026-08-09T07:15:34+0200,72a31bd2-8518-490a-bfbe-24bda838aac9,2026-07-18T14:15:00Z,2026-07-18T16:15:00+0200,17152.06794,MW,DE,DE_LU,actual_onshore_wind_generation,Wind Onshore,2026-08-09T05:18:04Z
2026-08-09T05:15:34Z,2026-08-09T07:15:34+0200,72a31bd2-8518-490a-bfbe-24bda838aac9,2026-07-18T14:30:00Z,2026-07-18T16:30:00+0200,17134.69665,MW,DE,DE_LU,actual_onshore_wind_generation,Wind Onshore,2026-08-09T05:18:04Z
2026-08-09T05:15:34Z,2026-08-09T07:15:34+0200,72a31bd2-8518-490a-bfbe-24bda838aac9,2026-07-18T14:45:00Z,2026-07-18T16:45:00+0200,17411.50262,MW,DE,DE_LU,actual_onshore_wind_generation,Wind Onshore,2026-08-09T05:18:04Z
2026-08-09T05:15:34Z,2026-08-09T07:15:34+0200,72a31bd2-8518-490a-bfbe-24bda838aac9,2026-07-18T15:00:00Z,2026-07-18T17:00:00+0200,17820.66518,MW,DE,DE_LU,actual_onshore_wind_generation,Wind Onshore,2026-08-09T05:18:04Z
2026-08-09T05:15:34Z,2026-08-09T07:15:34+0200,72a31bd2-8518-490a-bfbe-24bda838aac9,2026-07-18T15:15:00Z,2026-07-18T17:15:00+0200,18632.08928,MW,DE,DE_LU,actual_onshore_wind_generation,Wind Onshore,2026-08-09T05:18:04Z
2026-08-09T05:15:34Z,2026-08-09T07:15:34+0200,72a31bd2-8518-490a-bfbe-24bda838aac9,2026-07-18T15:30:00Z,2026-07-18T17:30:00+0200,19349.73136,MW,DE,DE_LU,actual_onshore_wind_generation,Wind Onshore,2026-08-09T05:18:04Z
2026-08-09T05:15:34Z,2026-08-09T07:15:34+0200,72a31bd2-8518-490a-bfbe-24bda838aac9,2026-07-18T15:45:00Z,2026-07-18T17:45:00+0200,20031.28184,MW,DE,DE_LU,actual_onshore_wind_generation,Wind Onshore,2026-08-09T05:18:04Z
2026-08-09T05:15:34Z,2026-08-09T07:15:34+0200,72a31bd2-8518-490a-bfbe-24bda838aac9,2026-07-18T16:00:00Z,2026-07-18T18:00:00+0200,20461.27397,MW,DE,DE_LU,actual_onshore_wind_generation,Wind Onshore,2026-08-09T05:18:04Z
2026-08-09T05:15:34Z,2026-08-09T07:15:34+0200,72a31bd2-8518-490a-bfbe-24bda838aac9,2026-07-18T16:15:00Z,2026-07-18T18:15:00+0200,20324.49144,MW,DE,DE_LU,actual_onshore_wind_generation,Wind Onshore,2026-08-09T05:18:04Z
2026-08-09T05:15:34Z,2026-08-09T07:15:34+0200,72a31bd2-8518-490a-bfbe-24bda838aac9,2026-07-18T16:30:00Z,2026-07-18T18:30:00+0200,19703.96212,MW,DE,DE_LU,actual_onshore_wind_generation,Wind Onshore,2026-08-09T05:18:04Z
2026-08-09T05:15:34Z,2026-08-09T07:15:34+0200,72a31bd2-8518-490a-bfbe-24bda838aac9,2026-07-18T16:45:00Z,2026-07-18T18:45:00+0200,19262.076,MW,DE,DE_LU,actual_onshore_wind_generation,Wind Onshore,2026-08-09T05:18:04Z
2026-08-09T05:15:34Z,2026-08-09T07:15:34+0200,72a31bd2-8518-490a-bfbe-24bda838aac9,2026-07-18T17:00:00Z,2026-07-18T19:00:00+0200,18842.81764,MW,DE,DE_LU,actual_onshore_wind_generation,Wind Onshore,2026-08-09T05:18:04Z
2026-08-09T05:15:34Z,2026-08-09T07:15:34+0200,72a31bd2-8518-490a-bfbe-24bda838aac9,2026-07-18T17:15:00Z,2026-07-18T19:15:00+0200,18405.1443,MW,DE,DE_LU,actual_onshore_wind_generation,Wind Onshore,2026-08-09T05:18:04Z
2026-08-09T05:15:34Z,2026-08-09T07:15:34+0200,72a31bd2-8518-490a-bfbe-24bda838aac9,2026-07-18T17:30:00Z,2026-07-18T19:30:00+0200,17699.52382,MW,DE,DE_LU,actual_onshore_wind_generation,Wind Onshore,2026-08-09T05:18:04Z
2026-08-09T05:15:34Z,2026-08-09T07:15:34+0200,72a31bd2-8518-490a-bfbe-24bda838aac9,2026-07-18T17:45:00Z,2026-07-18T19:45:00+0200,16856.37589,MW,DE,DE_LU,actual_onshore_wind_generation,Wind Onshore,2026-08-09T05:18:04Z
2026-08-09T05:15:34Z,2026-08-09T07:15:34+0200,72a31bd2-8518-490a-bfbe-24bda838aac9,2026-07-18T18:00:00Z,2026-07-18T20:00:00+0200,15940.18364,MW,DE,DE_LU,actual_onshore_wind_generation,Wind Onshore,2026-08-09T05:18:04Z
2026-08-09T05:15:34Z,2026-08-09T07:15:34+0200,72a31bd2-8518-490a-bfbe-24bda838aac9,2026-07-18T18:15:00Z,2026-07-18T20:15:00+0200,15140.31375,MW,DE,DE_LU,actual_onshore_wind_generation,Wind Onshore,2026-08-09T05:18:04Z
2026-08-09T05:15:34Z,2026-08-09T07:15:34+0200,72a31bd2-8518-490a-bfbe-24bda838aac9,2026-07-18T18:30:00Z,2026-07-18T20:30:00+0200,13925.91804,MW,DE,DE_LU,actual_onshore_wind_generation,Wind Onshore,2026-08-09T05:18:04Z
2026-08-09T05:15:34Z,2026-08-09T07:15:34+0200,72a31bd2-8518-490a-bfbe-24bda838aac9,2026-07-18T18:45:00Z,2026-07-18T20:45:00+0200,12946.6917,MW,DE,DE_LU,actual_onshore_wind_generation,Wind Onshore,2026-08-09T05:18:04Z
2026-08-09T05:15:34Z,2026-08-09T07:15:34+0200,72a31bd2-8518-490a-bfbe-24bda838aac9,2026-07-18T19:00:00Z,2026-07-18T21:00:00+0200,12477.3495,MW,DE,DE_LU,actual_onshore_wind_generation,Wind Onshore,2026-08-09T05:18:04Z
2026-08-09T05:15:34Z,2026-08-09T07:15:34+0200,72a31bd2-8518-490a-bfbe-24bda838aac9,2026-07-18T19:15:00Z,2026-07-18T21:15:00+0200,12328.39291,MW,DE,DE_LU,actual_onshore_wind_generation,Wind Onshore,2026-08-09T05:18:04Z
2026-08-09T05:15:34Z,2026-08-09T07:15:34+0200,72a31bd2-8518-490a-bfbe-24bda838aac9,2026-07-18T19:30:00Z,2026-07-18T21:30:00+0200,11343.34451,MW,DE,DE_LU,actual_onshore_wind_generation,Wind Onshore,2026-08-09T05:18:04Z
2026-08-09T05:15:34Z,2026-08-09T07:15:34+0200,72a31bd2-8518-490a-bfbe-24bda838aac9,2026-07-18T19:45:00Z,2026-07-18T21:45:00+0200,10691.51719,MW,DE,DE_LU,actual_onshore_wind_generation,Wind Onshore,2026-08-09T05:18:04Z
2026-08-09T05:15:34Z,2026-08-09T07:15:34+0200,72a31bd2-8518-490a-bfbe-24bda838aac9,2026-07-18T20:00:00Z,2026-07-18T22:00:00+0200,9897.11914,MW,DE,DE_LU,actual_onshore_wind_generation,Wind Onshore,2026-08-09T05:18:04Z
2026-08-09T05:15:34Z,2026-08-09T07:15:34+0200,72a31bd2-8518-490a-bfbe-24bda838aac9,2026-07-18T20:15:00Z,2026-07-18T22:15:00+0200,9649.73586,MW,DE,DE_LU,actual_onshore_wind_generation,Wind Onshore,2026-08-09T05:18:04Z
2026-08-09T05:15:34Z,2026-08-09T07:15:34+0200,72a31bd2-8518-490a-bfbe-24bda838aac9,2026-07-18T20:30:00Z,2026-07-18T22:30:00+0200,9055.39491,MW,DE,DE_LU,actual_onshore_wind_generation,Wind Onshore,2026-08-09T05:18:04Z
2026-08-09T05:15:34Z,2026-08-09T07:15:34+0200,72a31bd2-8518-490a-bfbe-24bda838aac9,2026-07-18T20:45:00Z,2026-07-18T22:45:00+0200,8832.08521,MW,DE,DE_LU,actual_onshore_wind_generation,Wind Onshore,2026-08-09T05:18:04Z
2026-08-09T05:15:34Z,2026-08-09T07:15:34+0200,72a31bd2-8518-490a-bfbe-24bda838aac9,2026-07-18T21:00:00Z,2026-07-18T23:00:00+0200,8763.9766,MW,DE,DE_LU,actual_onshore_wind_generation,Wind Onshore,2026-08-09T05:18:04Z
2026-08-09T05:15:34Z,2026-08-09T07:15:34+0200,72a31bd2-8518-490a-bfbe-24bda838aac9,2026-07-18T21:15:00Z,2026-07-18T23:15:00+0200,8682.54431,MW,DE,DE_LU,actual_onshore_wind_generation,Wind Onshore,2026-08-09T05:18:04Z
2026-08-09T05:15:34Z,2026-08-09T07:15:34+0200,72a31bd2-8518-490a-bfbe-24bda838aac9,2026-07-18T21:30:00Z,2026-07-18T23:30:00+0200,8638.94726,MW,DE,DE_LU,actual_onshore_wind_generation,Wind Onshore,2026-08-09T05:18:04Z
2026-08-09T05:15:34Z,2026-08-09T07:15:34+0200,72a31bd2-8518-490a-bfbe-24bda838aac9,2026-07-18T21:45:00Z,2026-07-18T23:45:00+0200,8686.92492,MW,DE,DE_LU,actual_onshore_wind_generation,Wind Onshore,2026-08-09T05:18:04Z
2026-08-09T05:15:34Z,2026-08-09T07:15:34+0200,72a31bd2-8518-490a-bfbe-24bda838aac9,2026-07-18T22:00:00Z,2026-07-19T00:00:00+0200,8922.7743,MW,DE,DE_LU,actual_onshore_wind_generation,Wind Onshore,2026-08-09T05:18:04Z
2026-08-09T05:15:34Z,2026-08-09T07:15:34+0200,72a31bd2-8518-490a-bfbe-24bda838aac9,2026-07-18T22:15:00Z,2026-07-19T00:15:00+0200,9002.44584,MW,DE,DE_LU,actual_onshore_wind_generation,Wind Onshore,2026-08-09T05:18:04Z
2026-08-09T05:15:34Z,2026-08-09T07:15:34+0200,72a31bd2-8518-490a-bfbe-24bda838aac9,2026-07-18T22:30:00Z,2026-07-19T00:30:00+0200,9149.7866,MW,DE,DE_LU,actual_onshore_wind_generation,Wind Onshore,2026-08-09T05:18:04Z
2026-08-09T05:15:34Z,2026-08-09T07:15:34+0200,72a31bd2-8518-490a-bfbe-24bda838aac9,2026-07-18T22:45:00Z,2026-07-19T00:45:00+0200,9097.09373,MW,DE,DE_LU,actual_onshore_wind_generation,Wind Onshore,2026-08-09T05:18:04Z
2026-08-09T05:15:34Z,2026-08-09T07:15:34+0200,72a31bd2-8518-490a-bfbe-24bda838aac9,2026-07-18T23:00:00Z,2026-07-19T01:00:00+0200,9047.70546,MW,DE,DE_LU,actual_onshore_wind_generation,Wind Onshore,2026-08-09T05:18:04Z
2026-08-09T05:15:34Z,2026-08-09T07:15:34+0200,72a31bd2-8518-490a-bfbe-24bda838aac9,2026-07-18T23:15:00Z,2026-07-19T01:15:00+0200,9161.63948,MW,DE,DE_LU,actual_onshore_wind_generation,Wind Onshore,2026-08-09T05:18:04Z
2026-08-09T05:15:34Z,2026-08-09T07:15:34+0200,72a31bd2-8518-490a-bfbe-24bda838aac9,2026-07-18T23:30:00Z,2026-07-19T01:30:00+0200,9198.59403,MW,DE,DE_LU,actual_onshore_wind_generation,Wind Onshore,2026-08-09T05:18:04Z
2026-08-09T05:15:34Z,2026-08-09T07:15:34+0200,72a31bd2-8518-490a-bfbe-24bda838aac9,2026-07-18T23:45:00Z,2026-07-19T01:45:00+0200,9289.89697,MW,DE,DE_LU,actual_onshore_wind_generation,Wind Onshore,2026-08-09T05:18:04Z
2026-08-09T05:15:34Z,2026-08-09T07:15:34+0200,72a31bd2-8518-490a-bfbe-24bda838aac9,2026-07-19T00:00:00Z,2026-07-19T02:00:00+0200,9338.56787,MW,DE,DE_LU,actual_onshore_wind_generation,Wind Onshore,2026-08-09T05:18:04Z
2026-08-09T05:15:34Z,2026-08-09T07:15:34+0200,72a31bd2-8518-490a-bfbe-24bda838aac9,2026-07-19T00:15:00Z,2026-07-19T02:15:00+0200,9457.88189,MW,DE,DE_LU,actual_onshore_wind_generation,Wind Onshore,2026-08-09T05:18:04Z
2026-08-09T05:15:34Z,2026-08-09T07:15:34+0200,72a31bd2-8518-490a-bfbe-24bda838aac9,2026-07-19T00:30:00Z,2026-07-19T02:30:00+0200,9422.30908,MW,DE,DE_LU,actual_onshore_wind_generation,Wind Onshore,2026-08-09T05:18:04Z
2026-08-09T05:15:34Z,2026-08-09T07:15:34+0200,72a31bd2-8518-490a-bfbe-24bda838aac9,2026-07-19T00:45:00Z,2026-07-19T02:45:00+0200,9582.30172,MW,DE,DE_LU,actual_onshore_wind_generation,Wind Onshore,2026-08-09T05:18:04Z
2026-08-09T05:15:34Z,2026-08-09T07:15:34+0200,72a31bd2-8518-490a-bfbe-24bda838aac9,2026-07-19T01:00:00Z,2026-07-19T03:00:00+0200,9823.74896,MW,DE,DE_LU,actual_onshore_wind_generation,Wind Onshore,2026-08-09T05:18:04Z
2026-08-09T05:15:34Z,2026-08-09T07:15:34+0200,72a31bd2-8518-490a-bfbe-24bda838aac9,2026-07-19T01:15:00Z,2026-07-19T03:15:00+0200,9858.29999,MW,DE,DE_LU,actual_onshore_wind_generation,Wind Onshore,2026-08-09T05:18:04Z
2026-08-09T05:15:34Z,2026-08-09T07:15:34+0200,72a31bd2-8518-490a-bfbe-24bda838aac9,2026-07-19T01:30:00Z,2026-07-19T03:30:00+0200,9764.68379,MW,DE,DE_LU,actual_onshore_wind_generation,Wind Onshore,2026-08-09T05:18:04Z
2026-08-09T05:15:34Z,2026-08-09T07:15:34+0200,72a31bd2-8518-490a-bfbe-24bda838aac9,2026-07-19T01:45:00Z,2026-07-19T03:45:00+0200,9760.4992,MW,DE,DE_LU,actual_onshore_wind_generation,Wind Onshore,2026-08-09T05:18:04Z
2026-08-09T05:15:34Z,2026-08-09T07:15:34+0200,72a31bd2-8518-490a-bfbe-24bda838aac9,2026-07-19T02:00:00Z,2026-07-19T04:00:00+0200,10002.35963,MW,DE,DE_LU,actual_onshore_wind_generation,Wind Onshore,2026-08-09T05:18:04Z
2026-08-09T05:15:34Z,2026-08-09T07:15:34+0200,72a31bd2-8518-490a-bfbe-24bda838aac9,2026-07-19T02:15:00Z,2026-07-19T04:15:00+0200,10253.27862,MW,DE,DE_LU,actual_onshore_wind_generation,Wind Onshore,2026-08-09T05:18:04Z
2026-08-09T05:15:34Z,2026-08-09T07:15:34+0200,72a31bd2-8518-490a-bfbe-24bda838aac9,2026-07-19T02:30:00Z,2026-07-19T04:30:00+0200,10453.2069,MW,DE,DE_LU,actual_onshore_wind_generation,Wind Onshore,2026-08-09T05:18:04Z
2026-08-09T05:15:34Z,2026-08-09T07:15:34+0200,72a31bd2-8518-490a-bfbe-24bda838aac9,2026-07-19T02:45:00Z,2026-07-19T04:45:00+0200,10774.76051,MW,DE,DE_LU,actual_onshore_wind_generation,Wind Onshore,2026-08-09T05:18:04Z
2026-08-09T05:15:34Z,2026-08-09T07:15:34+0200,72a31bd2-8518-490a-bfbe-24bda838aac9,2026-07-19T03:00:00Z,2026-07-19T05:00:00+0200,10971.17994,MW,DE,DE_LU,actual_onshore_wind_generation,Wind Onshore,2026-08-09T05:18:04Z
2026-08-09T05:15:34Z,2026-08-09T07:15:34+0200,72a31bd2-8518-490a-bfbe-24bda838aac9,2026-07-19T03:15:00Z,2026-07-19T05:15:00+0200,11200.17476,MW,DE,DE_LU,actual_onshore_wind_generation,Wind Onshore,2026-08-09T05:18:04Z
2026-08-09T05:15:34Z,2026-08-09T07:15:34+0200,72a31bd2-8518-490a-bfbe-24bda838aac9,2026-07-19T03:30:00Z,2026-07-19T05:30:00+0200,11515.999,MW,DE,DE_LU,actual_onshore_wind_generation,Wind Onshore,2026-08-09T05:18:04Z
2026-08-09T05:15:34Z,2026-08-09T07:15:34+0200,72a31bd2-8518-490a-bfbe-24bda838aac9,2026-07-19T03:45:00Z,2026-07-19T05:45:00+0200,11704.07637,MW,DE,DE_LU,actual_onshore_wind_generation,Wind Onshore,2026-08-09T05:18:04Z
2026-08-09T05:15:34Z,2026-08-09T07:15:34+0200,72a31bd2-8518-490a-bfbe-24bda838aac9,2026-07-19T04:00:00Z,2026-07-19T06:00:00+0200,11665.24721,MW,DE,DE_LU,actual_onshore_wind_generation,Wind Onshore,2026-08-09T05:18:04Z
2026-08-09T05:15:34Z,2026-08-09T07:15:34+0200,72a31bd2-8518-490a-bfbe-24bda838aac9,2026-07-19T04:15:00Z,2026-07-19T06:15:00+0200,11581.80157,MW,DE,DE_LU,actual_onshore_wind_generation,Wind Onshore,2026-08-09T05:18:04Z
2026-08-09T05:15:34Z,2026-08-09T07:15:34+0200,72a31bd2-8518-490a-bfbe-24bda838aac9,2026-07-19T04:30:00Z,2026-07-19T06:30:00+0200,11529.87504,MW,DE,DE_LU,actual_onshore_wind_generation,Wind Onshore,2026-08-09T05:18:04Z
2026-08-09T05:15:34Z,2026-08-09T07:15:34+0200,72a31bd2-8518-490a-bfbe-24bda838aac9,2026-07-19T04:45:00Z,2026-07-19T06:45:00+0200,11508.84499,MW,DE,DE_LU,actual_onshore_wind_generation,Wind Onshore,2026-08-09T05:18:04Z
2026-08-09T05:15:34Z,2026-08-09T07:15:34+0200,72a31bd2-8518-490a-bfbe-24bda838aac9,2026-07-19T05:00:00Z,2026-07-19T07:00:00+0200,11258.38092,MW,DE,DE_LU,actual_onshore_wind_generation,Wind Onshore,2026-08-09T05:18:04Z
2026-08-09T05:15:34Z,2026-08-09T07:15:34+0200,72a31bd2-8518-490a-bfbe-24bda838aac9,2026-07-19T05:15:00Z,2026-07-19T07:15:00+0200,10977.75153,MW,DE,DE_LU,actual_onshore_wind_generation,Wind Onshore,2026-08-09T05:18:04Z
2026-08-09T05:15:34Z,2026-08-09T07:15:34+0200,72a31bd2-8518-490a-bfbe-24bda838aac9,2026-07-19T05:30:00Z,2026-07-19T07:30:00+0200,10497.56452,MW,DE,DE_LU,actual_onshore_wind_generation,Wind Onshore,2026-08-09T05:18:04Z
2026-08-09T05:15:34Z,2026-08-09T07:15:34+0200,72a31bd2-8518-490a-bfbe-24bda838aac9,2026-07-19T05:45:00Z,2026-07-19T07:45:00+0200,10301.51156,MW,DE,DE_LU,actual_onshore_wind_generation,Wind Onshore,2026-08-09T05:18:04Z
2026-08-09T05:15:34Z,2026-08-09T07:15:34+0200,72a31bd2-8518-490a-bfbe-24bda838aac9,2026-07-19T06:00:00Z,2026-07-19T08:00:00+0200,10372.91474,MW,DE,DE_LU,actual_onshore_wind_generation,Wind Onshore,2026-08-09T05:18:04Z
2026-08-09T05:15:34Z,2026-08-09T07:15:34+0200,72a31bd2-8518-490a-bfbe-24bda838aac9,2026-07-19T06:15:00Z,2026-07-19T08:15:00+0200,10579.8904,MW,DE,DE_LU,actual_onshore_wind_generation,Wind Onshore,2026-08-09T05:18:04Z
2026-08-09T05:15:34Z,2026-08-09T07:15:34+0200,72a31bd2-8518-490a-bfbe-24bda838aac9,2026-07-19T06:30:00Z,2026-07-19T08:30:00+0200,10810.58205,MW,DE,DE_LU,actual_onshore_wind_generation,Wind Onshore,2026-08-09T05:18:04Z
2026-08-09T05:15:34Z,2026-08-09T07:15:34+0200,72a31bd2-8518-490a-bfbe-24bda838aac9,2026-07-19T06:45:00Z,2026-07-19T08:45:00+0200,11065.44714,MW,DE,DE_LU,actual_onshore_wind_generation,Wind Onshore,2026-08-09T05:18:04Z
2026-08-09T05:15:34Z,2026-08-09T07:15:34+0200,72a31bd2-8518-490a-bfbe-24bda838aac9,2026-07-19T07:00:00Z,2026-07-19T09:00:00+0200,10970.02302,MW,DE,DE_LU,actual_onshore_wind_generation,Wind Onshore,2026-08-09T05:18:04Z
2026-08-09T05:15:34Z,2026-08-09T07:15:34+0200,72a31bd2-8518-490a-bfbe-24bda838aac9,2026-07-19T07:15:00Z,2026-07-19T09:15:00+0200,11043.49899,MW,DE,DE_LU,actual_onshore_wind_generation,Wind Onshore,2026-08-09T05:18:04Z
2026-08-09T05:15:34Z,2026-08-09T07:15:34+0200,72a31bd2-8518-490a-bfbe-24bda838aac9,2026-07-19T07:30:00Z,2026-07-19T09:30:00+0200,11310.6982,MW,DE,DE_LU,actual_onshore_wind_generation,Wind Onshore,2026-08-09T05:18:04Z
2026-08-09T05:15:34Z,2026-08-09T07:15:34+0200,72a31bd2-8518-490a-bfbe-24bda838aac9,2026-07-19T07:45:00Z,2026-07-19T09:45:00+0200,11629.87748,MW,DE,DE_LU,actual_onshore_wind_generation,Wind Onshore,2026-08-09T05:18:04Z
2026-08-09T05:15:34Z,2026-08-09T07:15:34+0200,72a31bd2-8518-490a-bfbe-24bda838aac9,2026-07-19T08:00:00Z,2026-07-19T10:00:00+0200,11817.23479,MW,DE,DE_LU,actual_onshore_wind_generation,Wind Onshore,2026-08-09T05:18:04Z
2026-08-09T05:15:34Z,2026-08-09T07:15:34+0200,72a31bd2-8518-490a-bfbe-24bda838aac9,2026-07-19T08:15:00Z,2026-07-19T10:15:00+0200,11847.47124,MW,DE,DE_LU,actual_onshore_wind_generation,Wind Onshore,2026-08-09T05:18:04Z
2026-08-09T05:15:34Z,2026-08-09T07:15:34+0200,72a31bd2-8518-490a-bfbe-24bda838aac9,2026-07-19T08:30:00Z,2026-07-19T10:30:00+0200,12129.24579,MW,DE,DE_LU,actual_onshore_wind_generation,Wind Onshore,2026-08-09T05:18:04Z
2026-08-09T05:15:34Z,2026-08-09T07:15:34+0200,72a31bd2-8518-490a-bfbe-24bda838aac9,2026-07-19T08:45:00Z,2026-07-19T10:45:00+0200,12134.45914,MW,DE,DE_LU,actual_onshore_wind_generation,Wind Onshore,2026-08-09T05:18:04Z
2026-08-09T05:15:34Z,2026-08-09T07:15:34+0200,72a31bd2-8518-490a-bfbe-24bda838aac9,2026-07-19T09:00:00Z,2026-07-19T11:00:00+0200,12461.83781,MW,DE,DE_LU,actual_onshore_wind_generation,Wind Onshore,2026-08-09T05:18:04Z
2026-08-09T05:15:34Z,2026-08-09T07:15:34+0200,72a31bd2-8518-490a-bfbe-24bda838aac9,2026-07-19T09:15:00Z,2026-07-19T11:15:00+0200,12730.4128,MW,DE,DE_LU,actual_onshore_wind_generation,Wind Onshore,2026-08-09T05:18:04Z
2026-08-09T05:15:34Z,2026-08-09T07:15:34+0200,72a31bd2-8518-490a-bfbe-24bda838aac9,2026-07-19T09:30:00Z,2026-07-19T11:30:00+0200,12975.4509,MW,DE,DE_LU,actual_onshore_wind_generation,Wind Onshore,2026-08-09T05:18:04Z
2026-08-09T05:15:34Z,2026-08-09T07:15:34+0200,72a31bd2-8518-490a-bfbe-24bda838aac9,2026-07-19T09:45:00Z,2026-07-19T11:45:00+0200,13003.99833,MW,DE,DE_LU,actual_onshore_wind_generation,Wind Onshore,2026-08-09T05:18:04Z
2026-08-09T05:15:34Z,2026-08-09T07:15:34+0200,72a31bd2-8518-490a-bfbe-24bda838aac9,2026-07-19T10:00:00Z,2026-07-19T12:00:00+0200,12840.86115,MW,DE,DE_LU,actual_onshore_wind_generation,Wind Onshore,2026-08-09T05:18:04Z
2026-08-09T05:15:34Z,2026-08-09T07:15:34+0200,72a31bd2-8518-490a-bfbe-24bda838aac9,2026-07-19T10:15:00Z,2026-07-19T12:15:00+0200,12677.85051,MW,DE,DE_LU,actual_onshore_wind_generation,Wind Onshore,2026-08-09T05:18:04Z
2026-08-09T05:15:34Z,2026-08-09T07:15:34+0200,72a31bd2-8518-490a-bfbe-24bda838aac9,2026-07-19T10:30:00Z,2026-07-19T12:30:00+0200,12989.0812,MW,DE,DE_LU,actual_onshore_wind_generation,Wind Onshore,2026-08-09T05:18:04Z
2026-08-09T05:15:34Z,2026-08-09T07:15:34+0200,72a31bd2-8518-490a-bfbe-24bda838aac9,2026-07-19T10:45:00Z,2026-07-19T12:45:00+0200,12693.0826,MW,DE,DE_LU,actual_onshore_wind_generation,Wind Onshore,2026-08-09T05:18:04Z
2026-08-09T05:15:34Z,2026-08-09T07:15:34+0200,72a31bd2-8518-490a-bfbe-24bda838aac9,2026-07-19T11:00:00Z,2026-07-19T13:00:00+0200,12014.19156,MW,DE,DE_LU,actual_onshore_wind_generation,Wind Onshore,2026-08-09T05:18:04Z
2026-08-09T05:15:34Z,2026-08-09T07:15:34+0200,72a31bd2-8518-490a-bfbe-24bda838aac9,2026-07-19T11:15:00Z,2026-07-19T13:15:00+0200,11442.64348,MW,DE,DE_LU,actual_onshore_wind_generation,Wind Onshore,2026-08-09T05:18:04Z
2026-08-09T05:15:34Z,2026-08-09T07:15:34+0200,72a31bd2-8518-490a-bfbe-24bda838aac9,2026-07-19T11:30:00Z,2026-07-19T13:30:00+0200,11132.87722,MW,DE,DE_LU,actual_onshore_wind_generation,Wind Onshore,2026-08-09T05:18:04Z
2026-08-09T05:15:34Z,2026-08-09T07:15:34+0200,72a31bd2-8518-490a-bfbe-24bda838aac9,2026-07-19T11:45:00Z,2026-07-19T13:45:00+0200,11911.01079,MW,DE,DE_LU,actual_onshore_wind_generation,Wind Onshore,2026-08-09T05:18:04Z
2026-08-09T05:15:34Z,2026-08-09T07:15:34+0200,72a31bd2-8518-490a-bfbe-24bda838aac9,2026-07-19T12:00:00Z,2026-07-19T14:00:00+0200,11288.9317,MW,DE,DE_LU,actual_onshore_wind_generation,Wind Onshore,2026-08-09T05:18:04Z
2026-08-09T05:15:34Z,2026-08-09T07:15:34+0200,72a31bd2-8518-490a-bfbe-24bda838aac9,2026-07-19T12:15:00Z,2026-07-19T14:15:00+0200,11294.6074,MW,DE,DE_LU,actual_onshore_wind_generation,Wind Onshore,2026-08-09T05:18:04Z
2026-08-09T05:15:34Z,2026-08-09T07:15:34+0200,72a31bd2-8518-490a-bfbe-24bda838aac9,2026-07-19T12:30:00Z,2026-07-19T14:30:00+0200,11236.55112,MW,DE,DE_LU,actual_onshore_wind_generation,Wind Onshore,2026-08-09T05:18:04Z
2026-08-09T05:15:34Z,2026-08-09T07:15:34+0200,72a31bd2-8518-490a-bfbe-24bda838aac9,2026-07-19T12:45:00Z,2026-07-19T14:45:00+0200,10979.27256,MW,DE,DE_LU,actual_onshore_wind_generation,Wind Onshore,2026-08-09T05:18:04Z
2026-08-09T05:15:34Z,2026-08-09T07:15:34+0200,72a31bd2-8518-490a-bfbe-24bda838aac9,2026-07-19T13:00:00Z,2026-07-19T15:00:00+0200,11201.31529,MW,DE,DE_LU,actual_onshore_wind_generation,Wind Onshore,2026-08-09T05:18:04Z
2026-08-09T05:15:34Z,2026-08-09T07:15:34+0200,72a31bd2-8518-490a-bfbe-24bda838aac9,2026-07-19T13:15:00Z,2026-07-19T15:15:00+0200,11711.68636,MW,DE,DE_LU,actual_onshore_wind_generation,Wind Onshore,2026-08-09T05:18:04Z
2026-08-09T05:15:34Z,2026-08-09T07:15:34+0200,72a31bd2-8518-490a-bfbe-24bda838aac9,2026-07-19T13:30:00Z,2026-07-19T15:30:00+0200,12084.99017,MW,DE,DE_LU,actual_onshore_wind_generation,Wind Onshore,2026-08-09T05:18:04Z
2026-08-09T05:15:34Z,2026-08-09T07:15:34+0200,72a31bd2-8518-490a-bfbe-24bda838aac9,2026-07-19T13:45:00Z,2026-07-19T15:45:00+0200,12066.56684,MW,DE,DE_LU,actual_onshore_wind_generation,Wind Onshore,2026-08-09T05:18:04Z
2026-08-09T05:15:34Z,2026-08-09T07:15:34+0200,72a31bd2-8518-490a-bfbe-24bda838aac9,2026-07-19T14:00:00Z,2026-07-19T16:00:00+0200,13122.91208,MW,DE,DE_LU,actual_onshore_wind_generation,Wind Onshore,2026-08-09T05:18:04Z
2026-08-09T05:15:34Z,2026-08-09T07:15:34+0200,72a31bd2-8518-490a-bfbe-24bda838aac9,2026-07-19T14:15:00Z,2026-07-19T16:15:00+0200,13473.03265,MW,DE,DE_LU,actual_onshore_wind_generation,Wind Onshore,2026-08-09T05:18:04Z
2026-08-09T05:15:34Z,2026-08-09T07:15:34+0200,72a31bd2-8518-490a-bfbe-24bda838aac9,2026-07-19T14:30:00Z,2026-07-19T16:30:00+0200,13105.42343,MW,DE,DE_LU,actual_onshore_wind_generation,Wind Onshore,2026-08-09T05:18:04Z
2026-08-09T05:15:34Z,2026-08-09T07:15:34+0200,72a31bd2-8518-490a-bfbe-24bda838aac9,2026-07-19T14:45:00Z,2026-07-19T16:45:00+0200,13047.67063,MW,DE,DE_LU,actual_onshore_wind_generation,Wind Onshore,2026-08-09T05:18:04Z
2026-08-09T05:15:34Z,2026-08-09T07:15:34+0200,72a31bd2-8518-490a-bfbe-24bda838aac9,2026-07-19T15:00:00Z,2026-07-19T17:00:00+0200,13800.70613,MW,DE,DE_LU,actual_onshore_wind_generation,Wind Onshore,2026-08-09T05:18:04Z
2026-08-09T05:15:34Z,2026-08-09T07:15:34+0200,72a31bd2-8518-490a-bfbe-24bda838aac9,2026-07-19T15:15:00Z,2026-07-19T17:15:00+0200,14740.77732,MW,DE,DE_LU,actual_onshore_wind_generation,Wind Onshore,2026-08-09T05:18:04Z
2026-08-09T05:15:34Z,2026-08-09T07:15:34+0200,72a31bd2-8518-490a-bfbe-24bda838aac9,2026-07-19T15:30:00Z,2026-07-19T17:30:00+0200,15355.50669,MW,DE,DE_LU,actual_onshore_wind_generation,Wind Onshore,2026-08-09T05:18:04Z
2026-08-09T05:15:34Z,2026-08-09T07:15:34+0200,72a31bd2-8518-490a-bfbe-24bda838aac9,2026-07-19T15:45:00Z,2026-07-19T17:45:00+0200,15782.17813,MW,DE,DE_LU,actual_onshore_wind_generation,Wind Onshore,2026-08-09T05:18:04Z
2026-08-09T05:15:34Z,2026-08-09T07:15:34+0200,72a31bd2-8518-490a-bfbe-24bda838aac9,2026-07-19T16:00:00Z,2026-07-19T18:00:00+0200,16800.63798,MW,DE,DE_LU,actual_onshore_wind_generation,Wind Onshore,2026-08-09T05:18:04Z
2026-08-09T05:15:34Z,2026-08-09T07:15:34+0200,72a31bd2-8518-490a-bfbe-24bda838aac9,2026-07-19T16:15:00Z,2026-07-19T18:15:00+0200,17586.09536,MW,DE,DE_LU,actual_onshore_wind_generation,Wind Onshore,2026-08-09T05:18:04Z
2026-08-09T05:15:34Z,2026-08-09T07:15:34+0200,72a31bd2-8518-490a-bfbe-24bda838aac9,2026-07-19T16:30:00Z,2026-07-19T18:30:00+0200,18440.655,MW,DE,DE_LU,actual_onshore_wind_generation,Wind Onshore,2026-08-09T05:18:04Z
2026-08-09T05:15:34Z,2026-08-09T07:15:34+0200,72a31bd2-8518-490a-bfbe-24bda838aac9,2026-07-19T16:45:00Z,2026-07-19T18:45:00+0200,19458.73626,MW,DE,DE_LU,actual_onshore_wind_generation,Wind Onshore,2026-08-09T05:18:04Z
2026-08-09T05:15:34Z,2026-08-09T07:15:34+0200,72a31bd2-8518-490a-bfbe-24bda838aac9,2026-07-19T17:00:00Z,2026-07-19T19:00:00+0200,19861.96489,MW,DE,DE_LU,actual_onshore_wind_generation,Wind Onshore,2026-08-09T05:18:04Z
2026-08-09T05:15:34Z,2026-08-09T07:15:34+0200,72a31bd2-8518-490a-bfbe-24bda838aac9,2026-07-19T17:15:00Z,2026-07-19T19:15:00+0200,19481.82714,MW,DE,DE_LU,actual_onshore_wind_generation,Wind Onshore,2026-08-09T05:18:04Z
2026-08-09T05:15:34Z,2026-08-09T07:15:34+0200,72a31bd2-8518-490a-bfbe-24bda838aac9,2026-07-19T17:30:00Z,2026-07-19T19:30:00+0200,18291.80132,MW,DE,DE_LU,actual_onshore_wind_generation,Wind Onshore,2026-08-09T05:18:04Z
2026-08-09T05:15:34Z,2026-08-09T07:15:34+0200,72a31bd2-8518-490a-bfbe-24bda838aac9,2026-07-19T17:45:00Z,2026-07-19T19:45:00+0200,17403.9276,MW,DE,DE_LU,actual_onshore_wind_generation,Wind Onshore,2026-08-09T05:18:04Z
2026-08-09T05:15:34Z,2026-08-09T07:15:34+0200,72a31bd2-8518-490a-bfbe-24bda838aac9,2026-07-19T18:00:00Z,2026-07-19T20:00:00+0200,15822.60537,MW,DE,DE_LU,actual_onshore_wind_generation,Wind Onshore,2026-08-09T05:18:04Z
2026-08-09T05:15:34Z,2026-08-09T07:15:34+0200,72a31bd2-8518-490a-bfbe-24bda838aac9,2026-07-19T18:15:00Z,2026-07-19T20:15:00+0200,14650.07093,MW,DE,DE_LU,actual_onshore_wind_generation,Wind Onshore,2026-08-09T05:18:04Z
2026-08-09T05:15:34Z,2026-08-09T07:15:34+0200,72a31bd2-8518-490a-bfbe-24bda838aac9,2026-07-19T18:30:00Z,2026-07-19T20:30:00+0200,13723.98526,MW,DE,DE_LU,actual_onshore_wind_generation,Wind Onshore,2026-08-09T05:18:04Z
2026-08-09T05:15:34Z,2026-08-09T07:15:34+0200,72a31bd2-8518-490a-bfbe-24bda838aac9,2026-07-19T18:45:00Z,2026-07-19T20:45:00+0200,12963.56301,MW,DE,DE_LU,actual_onshore_wind_generation,Wind Onshore,2026-08-09T05:18:04Z
2026-08-09T05:15:34Z,2026-08-09T07:15:34+0200,72a31bd2-8518-490a-bfbe-24bda838aac9,2026-07-19T19:00:00Z,2026-07-19T21:00:00+0200,12612.75955,MW,DE,DE_LU,actual_onshore_wind_generation,Wind Onshore,2026-08-09T05:18:04Z
2026-08-09T05:15:34Z,2026-08-09T07:15:34+0200,72a31bd2-8518-490a-bfbe-24bda838aac9,2026-07-19T19:15:00Z,2026-07-19T21:15:00+0200,12198.895,MW,DE,DE_LU,actual_onshore_wind_generation,Wind Onshore,2026-08-09T05:18:04Z
2026-08-09T05:15:34Z,2026-08-09T07:15:34+0200,72a31bd2-8518-490a-bfbe-24bda838aac9,2026-07-19T19:30:00Z,2026-07-19T21:30:00+0200,11802.0997,MW,DE,DE_LU,actual_onshore_wind_generation,Wind Onshore,2026-08-09T05:18:04Z
2026-08-09T05:15:34Z,2026-08-09T07:15:34+0200,72a31bd2-8518-490a-bfbe-24bda838aac9,2026-07-19T19:45:00Z,2026-07-19T21:45:00+0200,11795.58673,MW,DE,DE_LU,actual_onshore_wind_generation,Wind Onshore,2026-08-09T05:18:04Z
2026-08-09T05:15:34Z,2026-08-09T07:15:34+0200,72a31bd2-8518-490a-bfbe-24bda838aac9,2026-07-19T20:00:00Z,2026-07-19T22:00:00+0200,11524.23708,MW,DE,DE_LU,actual_onshore_wind_generation,Wind Onshore,2026-08-09T05:18:04Z
2026-08-09T05:15:34Z,2026-08-09T07:15:34+0200,72a31bd2-8518-490a-bfbe-24bda838aac9,2026-07-19T20:15:00Z,2026-07-19T22:15:00+0200,11826.10068,MW,DE,DE_LU,actual_onshore_wind_generation,Wind Onshore,2026-08-09T05:18:04Z
2026-08-09T05:15:34Z,2026-08-09T07:15:34+0200,72a31bd2-8518-490a-bfbe-24bda838aac9,2026-07-19T20:30:00Z,2026-07-19T22:30:00+0200,12067.36787,MW,DE,DE_LU,actual_onshore_wind_generation,Wind Onshore,2026-08-09T05:18:04Z
2026-08-09T05:15:34Z,2026-08-09T07:15:34+0200,72a31bd2-8518-490a-bfbe-24bda838aac9,2026-07-19T20:45:00Z,2026-07-19T22:45:00+0200,12244.17762,MW,DE,DE_LU,actual_onshore_wind_generation,Wind Onshore,2026-08-09T05:18:04Z
2026-08-09T05:15:34Z,2026-08-09T07:15:34+0200,72a31bd2-8518-490a-bfbe-24bda838aac9,2026-07-19T21:00:00Z,2026-07-19T23:00:00+0200,12156.20272,MW,DE,DE_LU,actual_onshore_wind_generation,Wind Onshore,2026-08-09T05:18:04Z
2026-08-09T05:15:34Z,2026-08-09T07:15:34+0200,72a31bd2-8518-490a-bfbe-24bda838aac9,2026-07-19T21:15:00Z,2026-07-19T23:15:00+0200,12380.98336,MW,DE,DE_LU,actual_onshore_wind_generation,Wind Onshore,2026-08-09T05:18:04Z
2026-08-09T05:15:34Z,2026-08-09T07:15:34+0200,72a31bd2-8518-490a-bfbe-24bda838aac9,2026-07-19T21:30:00Z,2026-07-19T23:30:00+0200,12723.93003,MW,DE,DE_LU,actual_onshore_wind_generation,Wind Onshore,2026-08-09T05:18:04Z
2026-08-09T05:15:34Z,2026-08-09T07:15:34+0200,72a31bd2-8518-490a-bfbe-24bda838aac9,2026-07-19T21:45:00Z,2026-07-19T23:45:00+0200,13269.91728,MW,DE,DE_LU,actual_onshore_wind_generation,Wind Onshore,2026-08-09T05:18:04Z
2026-08-09T05:15:34Z,2026-08-09T07:15:34+0200,72a31bd2-8518-490a-bfbe-24bda838aac9,2026-07-19T22:00:00Z,2026-07-20T00:00:00+0200,13569.35712,MW,DE,DE_LU,actual_onshore_wind_generation,Wind Onshore,2026-08-09T05:18:04Z
2026-08-09T05:15:34Z,2026-08-09T07:15:34+0200,72a31bd2-8518-490a-bfbe-24bda838aac9,2026-07-19T22:15:00Z,2026-07-20T00:15:00+0200,13974.29324,MW,DE,DE_LU,actual_onshore_wind_generation,Wind Onshore,2026-08-09T05:18:04Z
2026-08-09T05:15:34Z,2026-08-09T07:15:34+0200,72a31bd2-8518-490a-bfbe-24bda838aac9,2026-07-19T22:30:00Z,2026-07-20T00:30:00+0200,14098.62516,MW,DE,DE_LU,actual_onshore_wind_generation,Wind Onshore,2026-08-09T05:18:04Z
2026-08-09T05:15:34Z,2026-08-09T07:15:34+0200,72a31bd2-8518-490a-bfbe-24bda838aac9,2026-07-19T22:45:00Z,2026-07-20T00:45:00+0200,14242.79575,MW,DE,DE_LU,actual_onshore_wind_generation,Wind Onshore,2026-08-09T05:18:04Z
2026-08-09T05:15:34Z,2026-08-09T07:15:34+0200,72a31bd2-8518-490a-bfbe-24bda838aac9,2026-07-19T23:00:00Z,2026-07-20T01:00:00+0200,14473.34307,MW,DE,DE_LU,actual_onshore_wind_generation,Wind Onshore,2026-08-09T05:18:04Z
2026-08-09T05:15:34Z,2026-08-09T07:15:34+0200,72a31bd2-8518-490a-bfbe-24bda838aac9,2026-07-19T23:15:00Z,2026-07-20T01:15:00+0200,14793.57253,MW,DE,DE_LU,actual_onshore_wind_generation,Wind Onshore,2026-08-09T05:18:04Z
2026-08-09T05:15:34Z,2026-08-09T07:15:34+0200,72a31bd2-8518-490a-bfbe-24bda838aac9,2026-07-19T23:30:00Z,2026-07-20T01:30:00+0200,14954.20381,MW,DE,DE_LU,actual_onshore_wind_generation,Wind Onshore,2026-08-09T05:18:04Z
2026-08-09T05:15:34Z,2026-08-09T07:15:34+0200,72a31bd2-8518-490a-bfbe-24bda838aac9,2026-07-19T23:45:00Z,2026-07-20T01:45:00+0200,15118.32659,MW,DE,DE_LU,actual_onshore_wind_generation,Wind Onshore,2026-08-09T05:18:04Z
2026-08-09T05:15:34Z,2026-08-09T07:15:34+0200,72a31bd2-8518-490a-bfbe-24bda838aac9,2026-07-20T00:00:00Z,2026-07-20T02:00:00+0200,15147.80883,MW,DE,DE_LU,actual_onshore_wind_generation,Wind Onshore,2026-08-09T05:18:04Z
2026-08-09T05:15:34Z,2026-08-09T07:15:34+0200,72a31bd2-8518-490a-bfbe-24bda838aac9,2026-07-20T00:15:00Z,2026-07-20T02:15:00+0200,15474.91709,MW,DE,DE_LU,actual_onshore_wind_generation,Wind Onshore,2026-08-09T05:18:04Z
2026-08-09T05:15:34Z,2026-08-09T07:15:34+0200,72a31bd2-8518-490a-bfbe-24bda838aac9,2026-07-20T00:30:00Z,2026-07-20T02:30:00+0200,15678.40262,MW,DE,DE_LU,actual_onshore_wind_generation,Wind Onshore,2026-08-09T05:18:04Z
2026-08-09T05:15:34Z,2026-08-09T07:15:34+0200,72a31bd2-8518-490a-bfbe-24bda838aac9,2026-07-20T00:45:00Z,2026-07-20T02:45:00+0200,15754.15596,MW,DE,DE_LU,actual_onshore_wind_generation,Wind Onshore,2026-08-09T05:18:04Z
2026-08-09T05:15:34Z,2026-08-09T07:15:34+0200,72a31bd2-8518-490a-bfbe-24bda838aac9,2026-07-20T01:00:00Z,2026-07-20T03:00:00+0200,15661.38186,MW,DE,DE_LU,actual_onshore_wind_generation,Wind Onshore,2026-08-09T05:18:04Z
2026-08-09T05:15:34Z,2026-08-09T07:15:34+0200,72a31bd2-8518-490a-bfbe-24bda838aac9,2026-07-20T01:15:00Z,2026-07-20T03:15:00+0200,15665.56187,MW,DE,DE_LU,actual_onshore_wind_generation,Wind Onshore,2026-08-09T05:18:04Z
2026-08-09T05:15:34Z,2026-08-09T07:15:34+0200,72a31bd2-8518-490a-bfbe-24bda838aac9,2026-07-20T01:30:00Z,2026-07-20T03:30:00+0200,15644.82636,MW,DE,DE_LU,actual_onshore_wind_generation,Wind Onshore,2026-08-09T05:18:04Z
2026-08-09T05:15:34Z,2026-08-09T07:15:34+0200,72a31bd2-8518-490a-bfbe-24bda838aac9,2026-07-20T01:45:00Z,2026-07-20T03:45:00+0200,15589.71568,MW,DE,DE_LU,actual_onshore_wind_generation,Wind Onshore,2026-08-09T05:18:04Z
2026-08-09T05:15:34Z,2026-08-09T07:15:34+0200,72a31bd2-8518-490a-bfbe-24bda838aac9,2026-07-20T02:00:00Z,2026-07-20T04:00:00+0200,15591.19017,MW,DE,DE_LU,actual_onshore_wind_generation,Wind Onshore,2026-08-09T05:18:04Z
2026-08-09T05:15:34Z,2026-08-09T07:15:34+0200,72a31bd2-8518-490a-bfbe-24bda838aac9,2026-07-20T02:15:00Z,2026-07-20T04:15:00+0200,15541.5886,MW,DE,DE_LU,actual_onshore_wind_generation,Wind Onshore,2026-08-09T05:18:04Z
2026-08-09T05:15:34Z,2026-08-09T07:15:34+0200,72a31bd2-8518-490a-bfbe-24bda838aac9,2026-07-20T02:30:00Z,2026-07-20T04:30:00+0200,15350.51432,MW,DE,DE_LU,actual_onshore_wind_generation,Wind Onshore,2026-08-09T05:18:04Z
2026-08-09T05:15:34Z,2026-08-09T07:15:34+0200,72a31bd2-8518-490a-bfbe-24bda838aac9,2026-07-20T02:45:00Z,2026-07-20T04:45:00+0200,15274.33769,MW,DE,DE_LU,actual_onshore_wind_generation,Wind Onshore,2026-08-09T05:18:04Z
2026-08-09T05:15:34Z,2026-08-09T07:15:34+0200,72a31bd2-8518-490a-bfbe-24bda838aac9,2026-07-20T03:00:00Z,2026-07-20T05:00:00+0200,15217.43335,MW,DE,DE_LU,actual_onshore_wind_generation,Wind Onshore,2026-08-09T05:18:04Z
2026-08-09T05:15:34Z,2026-08-09T07:15:34+0200,72a31bd2-8518-490a-bfbe-24bda838aac9,2026-07-20T03:15:00Z,2026-07-20T05:15:00+0200,15461.36431,MW,DE,DE_LU,actual_onshore_wind_generation,Wind Onshore,2026-08-09T05:18:04Z
2026-08-09T05:15:34Z,2026-08-09T07:15:34+0200,72a31bd2-8518-490a-bfbe-24bda838aac9,2026-07-20T03:30:00Z,2026-07-20T05:30:00+0200,15837.31546,MW,DE,DE_LU,actual_onshore_wind_generation,Wind Onshore,2026-08-09T05:18:04Z
2026-08-09T05:15:34Z,2026-08-09T07:15:34+0200,72a31bd2-8518-490a-bfbe-24bda838aac9,2026-07-20T03:45:00Z,2026-07-20T05:45:00+0200,15909.73397,MW,DE,DE_LU,actual_onshore_wind_generation,Wind Onshore,2026-08-09T05:18:04Z
2026-08-09T05:15:34Z,2026-08-09T07:15:34+0200,72a31bd2-8518-490a-bfbe-24bda838aac9,2026-07-20T04:00:00Z,2026-07-20T06:00:00+0200,16011.74308,MW,DE,DE_LU,actual_onshore_wind_generation,Wind Onshore,2026-08-09T05:18:04Z
2026-08-09T05:15:34Z,2026-08-09T07:15:34+0200,72a31bd2-8518-490a-bfbe-24bda838aac9,2026-07-20T04:15:00Z,2026-07-20T06:15:00+0200,15684.9711,MW,DE,DE_LU,actual_onshore_wind_generation,Wind Onshore,2026-08-09T05:18:04Z
2026-08-09T05:15:34Z,2026-08-09T07:15:34+0200,72a31bd2-8518-490a-bfbe-24bda838aac9,2026-07-20T04:30:00Z,2026-07-20T06:30:00+0200,15525.96705,MW,DE,DE_LU,actual_onshore_wind_generation,Wind Onshore,2026-08-09T05:18:04Z
2026-08-09T05:15:34Z,2026-08-09T07:15:34+0200,72a31bd2-8518-490a-bfbe-24bda838aac9,2026-07-20T04:45:00Z,2026-07-20T06:45:00+0200,15335.76014,MW,DE,DE_LU,actual_onshore_wind_generation,Wind Onshore,2026-08-09T05:18:04Z
2026-08-09T05:15:34Z,2026-08-09T07:15:34+0200,72a31bd2-8518-490a-bfbe-24bda838aac9,2026-07-20T05:00:00Z,2026-07-20T07:00:00+0200,15014.04715,MW,DE,DE_LU,actual_onshore_wind_generation,Wind Onshore,2026-08-09T05:18:04Z
2026-08-09T05:15:34Z,2026-08-09T07:15:34+0200,72a31bd2-8518-490a-bfbe-24bda838aac9,2026-07-20T05:15:00Z,2026-07-20T07:15:00+0200,14681.02867,MW,DE,DE_LU,actual_onshore_wind_generation,Wind Onshore,2026-08-09T05:18:04Z
2026-08-09T05:15:34Z,2026-08-09T07:15:34+0200,72a31bd2-8518-490a-bfbe-24bda838aac9,2026-07-20T05:30:00Z,2026-07-20T07:30:00+0200,14542.26911,MW,DE,DE_LU,actual_onshore_wind_generation,Wind Onshore,2026-08-09T05:18:04Z
2026-08-09T05:15:34Z,2026-08-09T07:15:34+0200,72a31bd2-8518-490a-bfbe-24bda838aac9,2026-07-20T05:45:00Z,2026-07-20T07:45:00+0200,14239.94881,MW,DE,DE_LU,actual_onshore_wind_generation,Wind Onshore,2026-08-09T05:18:04Z
2026-08-09T05:15:34Z,2026-08-09T07:15:34+0200,72a31bd2-8518-490a-bfbe-24bda838aac9,2026-07-20T06:00:00Z,2026-07-20T08:00:00+0200,14122.21813,MW,DE,DE_LU,actual_onshore_wind_generation,Wind Onshore,2026-08-09T05:18:04Z
2026-08-09T05:15:34Z,2026-08-09T07:15:34+0200,72a31bd2-8518-490a-bfbe-24bda838aac9,2026-07-20T06:15:00Z,2026-07-20T08:15:00+0200,14335.08358,MW,DE,DE_LU,actual_onshore_wind_generation,Wind Onshore,2026-08-09T05:18:04Z
2026-08-09T05:15:34Z,2026-08-09T07:15:34+0200,72a31bd2-8518-490a-bfbe-24bda838aac9,2026-07-20T06:30:00Z,2026-07-20T08:30:00+0200,14520.16203,MW,DE,DE_LU,actual_onshore_wind_generation,Wind Onshore,2026-08-09T05:18:04Z
2026-08-09T05:15:34Z,2026-08-09T07:15:34+0200,72a31bd2-8518-490a-bfbe-24bda838aac9,2026-07-20T06:45:00Z,2026-07-20T08:45:00+0200,14947.3309,MW,DE,DE_LU,actual_onshore_wind_generation,Wind Onshore,2026-08-09T05:18:04Z
2026-08-09T05:15:34Z,2026-08-09T07:15:34+0200,72a31bd2-8518-490a-bfbe-24bda838aac9,2026-07-20T07:00:00Z,2026-07-20T09:00:00+0200,15385.00582,MW,DE,DE_LU,actual_onshore_wind_generation,Wind Onshore,2026-08-09T05:18:04Z
2026-08-09T05:15:34Z,2026-08-09T07:15:34+0200,72a31bd2-8518-490a-bfbe-24bda838aac9,2026-07-20T07:15:00Z,2026-07-20T09:15:00+0200,15686.88715,MW,DE,DE_LU,actual_onshore_wind_generation,Wind Onshore,2026-08-09T05:18:04Z
2026-08-09T05:15:34Z,2026-08-09T07:15:34+0200,72a31bd2-8518-490a-bfbe-24bda838aac9,2026-07-20T07:30:00Z,2026-07-20T09:30:00+0200,16158.26018,MW,DE,DE_LU,actual_onshore_wind_generation,Wind Onshore,2026-08-09T05:18:04Z
2026-08-09T05:15:34Z,2026-08-09T07:15:34+0200,72a31bd2-8518-490a-bfbe-24bda838aac9,2026-07-20T07:45:00Z,2026-07-20T09:45:00+0200,16265.25417,MW,DE,DE_LU,actual_onshore_wind_generation,Wind Onshore,2026-08-09T05:18:04Z
2026-08-09T05:15:34Z,2026-08-09T07:15:34+0200,72a31bd2-8518-490a-bfbe-24bda838aac9,2026-07-20T08:00:00Z,2026-07-20T10:00:00+0200,16233.05572,MW,DE,DE_LU,actual_onshore_wind_generation,Wind Onshore,2026-08-09T05:18:04Z
2026-08-09T05:15:34Z,2026-08-09T07:15:34+0200,72a31bd2-8518-490a-bfbe-24bda838aac9,2026-07-20T08:15:00Z,2026-07-20T10:15:00+0200,15768.89654,MW,DE,DE_LU,actual_onshore_wind_generation,Wind Onshore,2026-08-09T05:18:04Z
2026-08-09T05:15:34Z,2026-08-09T07:15:34+0200,72a31bd2-8518-490a-bfbe-24bda838aac9,2026-07-20T08:30:00Z,2026-07-20T10:30:00+0200,15764.18446,MW,DE,DE_LU,actual_onshore_wind_generation,Wind Onshore,2026-08-09T05:18:04Z
2026-08-09T05:15:34Z,2026-08-09T07:15:34+0200,72a31bd2-8518-490a-bfbe-24bda838aac9,2026-07-20T08:45:00Z,2026-07-20T10:45:00+0200,15426.60839,MW,DE,DE_LU,actual_onshore_wind_generation,Wind Onshore,2026-08-09T05:18:04Z
2026-08-09T05:15:34Z,2026-08-09T07:15:34+0200,72a31bd2-8518-490a-bfbe-24bda838aac9,2026-07-20T09:00:00Z,2026-07-20T11:00:00+0200,15274.93113,MW,DE,DE_LU,actual_onshore_wind_generation,Wind Onshore,2026-08-09T05:18:04Z
2026-08-09T05:15:34Z,2026-08-09T07:15:34+0200,72a31bd2-8518-490a-bfbe-24bda838aac9,2026-07-20T09:15:00Z,2026-07-20T11:15:00+0200,14964.82647,MW,DE,DE_LU,actual_onshore_wind_generation,Wind Onshore,2026-08-09T05:18:04Z
2026-08-09T05:15:34Z,2026-08-09T07:15:34+0200,72a31bd2-8518-490a-bfbe-24bda838aac9,2026-07-20T09:30:00Z,2026-07-20T11:30:00+0200,15081.21246,MW,DE,DE_LU,actual_onshore_wind_generation,Wind Onshore,2026-08-09T05:18:04Z
2026-08-09T05:15:34Z,2026-08-09T07:15:34+0200,72a31bd2-8518-490a-bfbe-24bda838aac9,2026-07-20T09:45:00Z,2026-07-20T11:45:00+0200,14755.1458,MW,DE,DE_LU,actual_onshore_wind_generation,Wind Onshore,2026-08-09T05:18:04Z
2026-08-09T05:15:34Z,2026-08-09T07:15:34+0200,72a31bd2-8518-490a-bfbe-24bda838aac9,2026-07-20T10:00:00Z,2026-07-20T12:00:00+0200,14987.33767,MW,DE,DE_LU,actual_onshore_wind_generation,Wind Onshore,2026-08-09T05:18:04Z
2026-08-09T05:15:34Z,2026-08-09T07:15:34+0200,72a31bd2-8518-490a-bfbe-24bda838aac9,2026-07-20T10:15:00Z,2026-07-20T12:15:00+0200,14963.60565,MW,DE,DE_LU,actual_onshore_wind_generation,Wind Onshore,2026-08-09T05:18:04Z
2026-08-09T05:15:34Z,2026-08-09T07:15:34+0200,72a31bd2-8518-490a-bfbe-24bda838aac9,2026-07-20T10:30:00Z,2026-07-20T12:30:00+0200,15024.70877,MW,DE,DE_LU,actual_onshore_wind_generation,Wind Onshore,2026-08-09T05:18:04Z
2026-08-09T05:15:34Z,2026-08-09T07:15:34+0200,72a31bd2-8518-490a-bfbe-24bda838aac9,2026-07-20T10:45:00Z,2026-07-20T12:45:00+0200,14969.72698,MW,DE,DE_LU,actual_onshore_wind_generation,Wind Onshore,2026-08-09T05:18:04Z
2026-08-09T05:15:34Z,2026-08-09T07:15:34+0200,72a31bd2-8518-490a-bfbe-24bda838aac9,2026-07-20T11:00:00Z,2026-07-20T13:00:00+0200,14553.29703,MW,DE,DE_LU,actual_onshore_wind_generation,Wind Onshore,2026-08-09T05:18:04Z
2026-08-09T05:15:34Z,2026-08-09T07:15:34+0200,72a31bd2-8518-490a-bfbe-24bda838aac9,2026-07-20T11:15:00Z,2026-07-20T13:15:00+0200,14133.23221,MW,DE,DE_LU,actual_onshore_wind_generation,Wind Onshore,2026-08-09T05:18:04Z
2026-08-09T05:15:34Z,2026-08-09T07:15:34+0200,72a31bd2-8518-490a-bfbe-24bda838aac9,2026-07-20T11:30:00Z,2026-07-20T13:30:00+0200,13764.26649,MW,DE,DE_LU,actual_onshore_wind_generation,Wind Onshore,2026-08-09T05:18:04Z
2026-08-09T05:15:34Z,2026-08-09T07:15:34+0200,72a31bd2-8518-490a-bfbe-24bda838aac9,2026-07-20T11:45:00Z,2026-07-20T13:45:00+0200,13324.72212,MW,DE,DE_LU,actual_onshore_wind_generation,Wind Onshore,2026-08-09T05:18:04Z
2026-08-09T05:15:34Z,2026-08-09T07:15:34+0200,72a31bd2-8518-490a-bfbe-24bda838aac9,2026-07-20T12:00:00Z,2026-07-20T14:00:00+0200,13974.23746,MW,DE,DE_LU,actual_onshore_wind_generation,Wind Onshore,2026-08-09T05:18:04Z
2026-08-09T05:15:34Z,2026-08-09T07:15:34+0200,72a31bd2-8518-490a-bfbe-24bda838aac9,2026-07-20T12:15:00Z,2026-07-20T14:15:00+0200,14182.05334,MW,DE,DE_LU,actual_onshore_wind_generation,Wind Onshore,2026-08-09T05:18:04Z
2026-08-09T05:15:34Z,2026-08-09T07:15:34+0200,72a31bd2-8518-490a-bfbe-24bda838aac9,2026-07-20T12:30:00Z,2026-07-20T14:30:00+0200,14716.36112,MW,DE,DE_LU,actual_onshore_wind_generation,Wind Onshore,2026-08-09T05:18:04Z
2026-08-09T05:15:34Z,2026-08-09T07:15:34+0200,72a31bd2-8518-490a-bfbe-24bda838aac9,2026-07-20T12:45:00Z,2026-07-20T14:45:00+0200,15112.10071,MW,DE,DE_LU,actual_onshore_wind_generation,Wind Onshore,2026-08-09T05:18:04Z
2026-08-09T05:15:34Z,2026-08-09T07:15:34+0200,72a31bd2-8518-490a-bfbe-24bda838aac9,2026-07-20T13:00:00Z,2026-07-20T15:00:00+0200,14346.98289,MW,DE,DE_LU,actual_onshore_wind_generation,Wind Onshore,2026-08-09T05:18:04Z
2026-08-09T05:15:34Z,2026-08-09T07:15:34+0200,72a31bd2-8518-490a-bfbe-24bda838aac9,2026-07-20T13:15:00Z,2026-07-20T15:15:00+0200,13907.24784,MW,DE,DE_LU,actual_onshore_wind_generation,Wind Onshore,2026-08-09T05:18:04Z
2026-08-09T05:15:34Z,2026-08-09T07:15:34+0200,72a31bd2-8518-490a-bfbe-24bda838aac9,2026-07-20T13:30:00Z,2026-07-20T15:30:00+0200,13534.40924,MW,DE,DE_LU,actual_onshore_wind_generation,Wind Onshore,2026-08-09T05:18:04Z
2026-08-09T05:15:34Z,2026-08-09T07:15:34+0200,72a31bd2-8518-490a-bfbe-24bda838aac9,2026-07-20T13:45:00Z,2026-07-20T15:45:00+0200,13328.62755,MW,DE,DE_LU,actual_onshore_wind_generation,Wind Onshore,2026-08-09T05:18:04Z
2026-08-09T05:15:34Z,2026-08-09T07:15:34+0200,72a31bd2-8518-490a-bfbe-24bda838aac9,2026-07-20T14:00:00Z,2026-07-20T16:00:00+0200,13779.57693,MW,DE,DE_LU,actual_onshore_wind_generation,Wind Onshore,2026-08-09T05:18:04Z
2026-08-09T05:15:34Z,2026-08-09T07:15:34+0200,72a31bd2-8518-490a-bfbe-24bda838aac9,2026-07-20T14:15:00Z,2026-07-20T16:15:00+0200,13945.97943,MW,DE,DE_LU,actual_onshore_wind_generation,Wind Onshore,2026-08-09T05:18:04Z
2026-08-09T05:15:34Z,2026-08-09T07:15:34+0200,72a31bd2-8518-490a-bfbe-24bda838aac9,2026-07-20T14:30:00Z,2026-07-20T16:30:00+0200,14030.44127,MW,DE,DE_LU,actual_onshore_wind_generation,Wind Onshore,2026-08-09T05:18:04Z
2026-08-09T05:15:34Z,2026-08-09T07:15:34+0200,72a31bd2-8518-490a-bfbe-24bda838aac9,2026-07-20T14:45:00Z,2026-07-20T16:45:00+0200,14179.21321,MW,DE,DE_LU,actual_onshore_wind_generation,Wind Onshore,2026-08-09T05:18:04Z
2026-08-09T05:15:34Z,2026-08-09T07:15:34+0200,72a31bd2-8518-490a-bfbe-24bda838aac9,2026-07-20T15:00:00Z,2026-07-20T17:00:00+0200,14672.07579,MW,DE,DE_LU,actual_onshore_wind_generation,Wind Onshore,2026-08-09T05:18:04Z
2026-08-09T05:15:34Z,2026-08-09T07:15:34+0200,72a31bd2-8518-490a-bfbe-24bda838aac9,2026-07-20T15:15:00Z,2026-07-20T17:15:00+0200,15139.47495,MW,DE,DE_LU,actual_onshore_wind_generation,Wind Onshore,2026-08-09T05:18:04Z
2026-08-09T05:15:34Z,2026-08-09T07:15:34+0200,72a31bd2-8518-490a-bfbe-24bda838aac9,2026-07-20T15:30:00Z,2026-07-20T17:30:00+0200,15469.47207,MW,DE,DE_LU,actual_onshore_wind_generation,Wind Onshore,2026-08-09T05:18:04Z
2026-08-09T05:15:34Z,2026-08-09T07:15:34+0200,72a31bd2-8518-490a-bfbe-24bda838aac9,2026-07-20T15:45:00Z,2026-07-20T17:45:00+0200,15885.21748,MW,DE,DE_LU,actual_onshore_wind_generation,Wind Onshore,2026-08-09T05:18:04Z
2026-08-09T05:15:34Z,2026-08-09T07:15:34+0200,72a31bd2-8518-490a-bfbe-24bda838aac9,2026-07-20T16:00:00Z,2026-07-20T18:00:00+0200,15271.41892,MW,DE,DE_LU,actual_onshore_wind_generation,Wind Onshore,2026-08-09T05:18:04Z
2026-08-09T05:15:34Z,2026-08-09T07:15:34+0200,72a31bd2-8518-490a-bfbe-24bda838aac9,2026-07-20T16:15:00Z,2026-07-20T18:15:00+0200,15060.97735,MW,DE,DE_LU,actual_onshore_wind_generation,Wind Onshore,2026-08-09T05:18:04Z
2026-08-09T05:15:34Z,2026-08-09T07:15:34+0200,72a31bd2-8518-490a-bfbe-24bda838aac9,2026-07-20T16:30:00Z,2026-07-20T18:30:00+0200,14973.52058,MW,DE,DE_LU,actual_onshore_wind_generation,Wind Onshore,2026-08-09T05:18:04Z
2026-08-09T05:15:34Z,2026-08-09T07:15:34+0200,72a31bd2-8518-490a-bfbe-24bda838aac9,2026-07-20T16:45:00Z,2026-07-20T18:45:00+0200,14639.46044,MW,DE,DE_LU,actual_onshore_wind_generation,Wind Onshore,2026-08-09T05:18:04Z
2026-08-09T05:15:34Z,2026-08-09T07:15:34+0200,72a31bd2-8518-490a-bfbe-24bda838aac9,2026-07-20T17:00:00Z,2026-07-20T19:00:00+0200,14381.21757,MW,DE,DE_LU,actual_onshore_wind_generation,Wind Onshore,2026-08-09T05:18:04Z
2026-08-09T05:15:34Z,2026-08-09T07:15:34+0200,72a31bd2-8518-490a-bfbe-24bda838aac9,2026-07-20T17:15:00Z,2026-07-20T19:15:00+0200,13376.49414,MW,DE,DE_LU,actual_onshore_wind_generation,Wind Onshore,2026-08-09T05:18:04Z
2026-08-09T05:15:34Z,2026-08-09T07:15:34+0200,72a31bd2-8518-490a-bfbe-24bda838aac9,2026-07-20T17:30:00Z,2026-07-20T19:30:00+0200,12832.1221,MW,DE,DE_LU,actual_onshore_wind_generation,Wind Onshore,2026-08-09T05:18:04Z
2026-08-09T05:15:34Z,2026-08-09T07:15:34+0200,72a31bd2-8518-490a-bfbe-24bda838aac9,2026-07-20T17:45:00Z,2026-07-20T19:45:00+0200,12460.92019,MW,DE,DE_LU,actual_onshore_wind_generation,Wind Onshore,2026-08-09T05:18:04Z
2026-08-09T05:15:34Z,2026-08-09T07:15:34+0200,72a31bd2-8518-490a-bfbe-24bda838aac9,2026-07-20T18:00:00Z,2026-07-20T20:00:00+0200,11868.39281,MW,DE,DE_LU,actual_onshore_wind_generation,Wind Onshore,2026-08-09T05:18:04Z
2026-08-09T05:15:34Z,2026-08-09T07:15:34+0200,72a31bd2-8518-490a-bfbe-24bda838aac9,2026-07-20T18:15:00Z,2026-07-20T20:15:00+0200,11157.71943,MW,DE,DE_LU,actual_onshore_wind_generation,Wind Onshore,2026-08-09T05:18:04Z
2026-08-09T05:15:34Z,2026-08-09T07:15:34+0200,72a31bd2-8518-490a-bfbe-24bda838aac9,2026-07-20T18:30:00Z,2026-07-20T20:30:00+0200,10262.27358,MW,DE,DE_LU,actual_onshore_wind_generation,Wind Onshore,2026-08-09T05:18:04Z
2026-08-09T05:15:34Z,2026-08-09T07:15:34+0200,72a31bd2-8518-490a-bfbe-24bda838aac9,2026-07-20T18:45:00Z,2026-07-20T20:45:00+0200,9784.57438,MW,DE,DE_LU,actual_onshore_wind_generation,Wind Onshore,2026-08-09T05:18:04Z
2026-08-09T05:15:34Z,2026-08-09T07:15:34+0200,72a31bd2-8518-490a-bfbe-24bda838aac9,2026-07-20T19:00:00Z,2026-07-20T21:00:00+0200,9715.81474,MW,DE,DE_LU,actual_onshore_wind_generation,Wind Onshore,2026-08-09T05:18:04Z
2026-08-09T05:15:34Z,2026-08-09T07:15:34+0200,72a31bd2-8518-490a-bfbe-24bda838aac9,2026-07-20T19:15:00Z,2026-07-20T21:15:00+0200,9795.76691,MW,DE,DE_LU,actual_onshore_wind_generation,Wind Onshore,2026-08-09T05:18:04Z
2026-08-09T05:15:34Z,2026-08-09T07:15:34+0200,72a31bd2-8518-490a-bfbe-24bda838aac9,2026-07-20T19:30:00Z,2026-07-20T21:30:00+0200,9195.92149,MW,DE,DE_LU,actual_onshore_wind_generation,Wind Onshore,2026-08-09T05:18:04Z
2026-08-09T05:15:34Z,2026-08-09T07:15:34+0200,72a31bd2-8518-490a-bfbe-24bda838aac9,2026-07-20T19:45:00Z,2026-07-20T21:45:00+0200,9011.16356,MW,DE,DE_LU,actual_onshore_wind_generation,Wind Onshore,2026-08-09T05:18:04Z
2026-08-09T05:15:34Z,2026-08-09T07:15:34+0200,72a31bd2-8518-490a-bfbe-24bda838aac9,2026-07-20T20:00:00Z,2026-07-20T22:00:00+0200,9167.33258,MW,DE,DE_LU,actual_onshore_wind_generation,Wind Onshore,2026-08-09T05:18:04Z
2026-08-09T05:15:34Z,2026-08-09T07:15:34+0200,72a31bd2-8518-490a-bfbe-24bda838aac9,2026-07-20T20:15:00Z,2026-07-20T22:15:00+0200,9496.5532,MW,DE,DE_LU,actual_onshore_wind_generation,Wind Onshore,2026-08-09T05:18:04Z
2026-08-09T05:15:34Z,2026-08-09T07:15:34+0200,72a31bd2-8518-490a-bfbe-24bda838aac9,2026-07-20T20:30:00Z,2026-07-20T22:30:00+0200,9790.40715,MW,DE,DE_LU,actual_onshore_wind_generation,Wind Onshore,2026-08-09T05:18:04Z
2026-08-09T05:15:34Z,2026-08-09T07:15:34+0200,72a31bd2-8518-490a-bfbe-24bda838aac9,2026-07-20T20:45:00Z,2026-07-20T22:45:00+0200,10176.46021,MW,DE,DE_LU,actual_onshore_wind_generation,Wind Onshore,2026-08-09T05:18:04Z
2026-08-09T05:15:34Z,2026-08-09T07:15:34+0200,72a31bd2-8518-490a-bfbe-24bda838aac9,2026-07-20T21:00:00Z,2026-07-20T23:00:00+0200,10454.94432,MW,DE,DE_LU,actual_onshore_wind_generation,Wind Onshore,2026-08-09T05:18:04Z
2026-08-09T05:15:34Z,2026-08-09T07:15:34+0200,72a31bd2-8518-490a-bfbe-24bda838aac9,2026-07-20T21:15:00Z,2026-07-20T23:15:00+0200,10616.09642,MW,DE,DE_LU,actual_onshore_wind_generation,Wind Onshore,2026-08-09T05:18:04Z
2026-08-09T05:15:34Z,2026-08-09T07:15:34+0200,72a31bd2-8518-490a-bfbe-24bda838aac9,2026-07-20T21:30:00Z,2026-07-20T23:30:00+0200,10617.65069,MW,DE,DE_LU,actual_onshore_wind_generation,Wind Onshore,2026-08-09T05:18:04Z
2026-08-09T05:15:34Z,2026-08-09T07:15:34+0200,72a31bd2-8518-490a-bfbe-24bda838aac9,2026-07-20T21:45:00Z,2026-07-20T23:45:00+0200,10638.02035,MW,DE,DE_LU,actual_onshore_wind_generation,Wind Onshore,2026-08-09T05:18:04Z
2026-08-09T05:15:34Z,2026-08-09T07:15:34+0200,72a31bd2-8518-490a-bfbe-24bda838aac9,2026-07-20T22:00:00Z,2026-07-21T00:00:00+0200,10603.05195,MW,DE,DE_LU,actual_onshore_wind_generation,Wind Onshore,2026-08-09T05:18:04Z
2026-08-09T05:15:34Z,2026-08-09T07:15:34+0200,72a31bd2-8518-490a-bfbe-24bda838aac9,2026-07-20T22:15:00Z,2026-07-21T00:15:00+0200,10547.57333,MW,DE,DE_LU,actual_onshore_wind_generation,Wind Onshore,2026-08-09T05:18:04Z
2026-08-09T05:15:34Z,2026-08-09T07:15:34+0200,72a31bd2-8518-490a-bfbe-24bda838aac9,2026-07-20T22:30:00Z,2026-07-21T00:30:00+0200,10518.31767,MW,DE,DE_LU,actual_onshore_wind_generation,Wind Onshore,2026-08-09T05:18:04Z
2026-08-09T05:15:34Z,2026-08-09T07:15:34+0200,72a31bd2-8518-490a-bfbe-24bda838aac9,2026-07-20T22:45:00Z,2026-07-21T00:45:00+0200,10437.90425,MW,DE,DE_LU,actual_onshore_wind_generation,Wind Onshore,2026-08-09T05:18:04Z
2026-08-09T05:15:34Z,2026-08-09T07:15:34+0200,72a31bd2-8518-490a-bfbe-24bda838aac9,2026-07-20T23:00:00Z,2026-07-21T01:00:00+0200,10222.36898,MW,DE,DE_LU,actual_onshore_wind_generation,Wind Onshore,2026-08-09T05:18:04Z
2026-08-09T05:15:34Z,2026-08-09T07:15:34+0200,72a31bd2-8518-490a-bfbe-24bda838aac9,2026-07-20T23:15:00Z,2026-07-21T01:15:00+0200,10131.76154,MW,DE,DE_LU,actual_onshore_wind_generation,Wind Onshore,2026-08-09T05:18:04Z
2026-08-09T05:15:34Z,2026-08-09T07:15:34+0200,72a31bd2-8518-490a-bfbe-24bda838aac9,2026-07-20T23:30:00Z,2026-07-21T01:30:00+0200,10040.11777,MW,DE,DE_LU,actual_onshore_wind_generation,Wind Onshore,2026-08-09T05:18:04Z
2026-08-09T05:15:34Z,2026-08-09T07:15:34+0200,72a31bd2-8518-490a-bfbe-24bda838aac9,2026-07-20T23:45:00Z,2026-07-21T01:45:00+0200,9966.85968,MW,DE,DE_LU,actual_onshore_wind_generation,Wind Onshore,2026-08-09T05:18:04Z
2026-08-09T05:15:34Z,2026-08-09T07:15:34+0200,72a31bd2-8518-490a-bfbe-24bda838aac9,2026-07-21T00:00:00Z,2026-07-21T02:00:00+0200,9961.30079,MW,DE,DE_LU,actual_onshore_wind_generation,Wind Onshore,2026-08-09T05:18:04Z
2026-08-09T05:15:34Z,2026-08-09T07:15:34+0200,72a31bd2-8518-490a-bfbe-24bda838aac9,2026-07-21T00:15:00Z,2026-07-21T02:15:00+0200,10018.63538,MW,DE,DE_LU,actual_onshore_wind_generation,Wind Onshore,2026-08-09T05:18:04Z
2026-08-09T05:15:34Z,2026-08-09T07:15:34+0200,72a31bd2-8518-490a-bfbe-24bda838aac9,2026-07-21T00:30:00Z,2026-07-21T02:30:00+0200,9951.55068,MW,DE,DE_LU,actual_onshore_wind_generation,Wind Onshore,2026-08-09T05:18:04Z
2026-08-09T05:15:34Z,2026-08-09T07:15:34+0200,72a31bd2-8518-490a-bfbe-24bda838aac9,2026-07-21T00:45:00Z,2026-07-21T02:45:00+0200,9753.79053,MW,DE,DE_LU,actual_onshore_wind_generation,Wind Onshore,2026-08-09T05:18:04Z
2026-08-09T05:15:34Z,2026-08-09T07:15:34+0200,72a31bd2-8518-490a-bfbe-24bda838aac9,2026-07-21T01:00:00Z,2026-07-21T03:00:00+0200,9549.45746,MW,DE,DE_LU,actual_onshore_wind_generation,Wind Onshore,2026-08-09T05:18:04Z
2026-08-09T05:15:34Z,2026-08-09T07:15:34+0200,72a31bd2-8518-490a-bfbe-24bda838aac9,2026-07-21T01:15:00Z,2026-07-21T03:15:00+0200,9325.39084,MW,DE,DE_LU,actual_onshore_wind_generation,Wind Onshore,2026-08-09T05:18:04Z
2026-08-09T05:15:34Z,2026-08-09T07:15:34+0200,72a31bd2-8518-490a-bfbe-24bda838aac9,2026-07-21T01:30:00Z,2026-07-21T03:30:00+0200,9045.7705,MW,DE,DE_LU,actual_onshore_wind_generation,Wind Onshore,2026-08-09T05:18:04Z
2026-08-09T05:15:34Z,2026-08-09T07:15:34+0200,72a31bd2-8518-490a-bfbe-24bda838aac9,2026-07-21T01:45:00Z,2026-07-21T03:45:00+0200,8911.2942,MW,DE,DE_LU,actual_onshore_wind_generation,Wind Onshore,2026-08-09T05:18:04Z
2026-08-09T05:15:34Z,2026-08-09T07:15:34+0200,72a31bd2-8518-490a-bfbe-24bda838aac9,2026-07-21T02:00:00Z,2026-07-21T04:00:00+0200,8825.30021,MW,DE,DE_LU,actual_onshore_wind_generation,Wind Onshore,2026-08-09T05:18:04Z
2026-08-09T05:15:34Z,2026-08-09T07:15:34+0200,72a31bd2-8518-490a-bfbe-24bda838aac9,2026-07-21T02:15:00Z,2026-07-21T04:15:00+0200,8635.65339,MW,DE,DE_LU,actual_onshore_wind_generation,Wind Onshore,2026-08-09T05:18:04Z
2026-08-09T05:15:34Z,2026-08-09T07:15:34+0200,72a31bd2-8518-490a-bfbe-24bda838aac9,2026-07-21T02:30:00Z,2026-07-21T04:30:00+0200,8522.53741,MW,DE,DE_LU,actual_onshore_wind_generation,Wind Onshore,2026-08-09T05:18:04Z
2026-08-09T05:15:34Z,2026-08-09T07:15:34+0200,72a31bd2-8518-490a-bfbe-24bda838aac9,2026-07-21T02:45:00Z,2026-07-21T04:45:00+0200,8612.94264,MW,DE,DE_LU,actual_onshore_wind_generation,Wind Onshore,2026-08-09T05:18:04Z
2026-08-09T05:15:34Z,2026-08-09T07:15:34+0200,72a31bd2-8518-490a-bfbe-24bda838aac9,2026-07-21T03:00:00Z,2026-07-21T05:00:00+0200,8580.05312,MW,DE,DE_LU,actual_onshore_wind_generation,Wind Onshore,2026-08-09T05:18:04Z
2026-08-09T05:15:34Z,2026-08-09T07:15:34+0200,72a31bd2-8518-490a-bfbe-24bda838aac9,2026-07-21T03:15:00Z,2026-07-21T05:15:00+0200,8664.77166,MW,DE,DE_LU,actual_onshore_wind_generation,Wind Onshore,2026-08-09T05:18:04Z
2026-08-09T05:15:34Z,2026-08-09T07:15:34+0200,72a31bd2-8518-490a-bfbe-24bda838aac9,2026-07-21T03:30:00Z,2026-07-21T05:30:00+0200,9018.66024,MW,DE,DE_LU,actual_onshore_wind_generation,Wind Onshore,2026-08-09T05:18:04Z
2026-08-09T05:15:34Z,2026-08-09T07:15:34+0200,72a31bd2-8518-490a-bfbe-24bda838aac9,2026-07-21T03:45:00Z,2026-07-21T05:45:00+0200,8961.1416,MW,DE,DE_LU,actual_onshore_wind_generation,Wind Onshore,2026-08-09T05:18:04Z
2026-08-09T05:15:34Z,2026-08-09T07:15:34+0200,72a31bd2-8518-490a-bfbe-24bda838aac9,2026-07-21T04:00:00Z,2026-07-21T06:00:00+0200,8513.69217,MW,DE,DE_LU,actual_onshore_wind_generation,Wind Onshore,2026-08-09T05:18:04Z
2026-08-09T05:15:34Z,2026-08-09T07:15:34+0200,72a31bd2-8518-490a-bfbe-24bda838aac9,2026-07-21T04:15:00Z,2026-07-21T06:15:00+0200,8221.03745,MW,DE,DE_LU,actual_onshore_wind_generation,Wind Onshore,2026-08-09T05:18:04Z
2026-08-09T05:15:34Z,2026-08-09T07:15:34+0200,72a31bd2-8518-490a-bfbe-24bda838aac9,2026-07-21T04:30:00Z,2026-07-21T06:30:00+0200,7849.22771,MW,DE,DE_LU,actual_onshore_wind_generation,Wind Onshore,2026-08-09T05:18:04Z
2026-08-09T05:15:34Z,2026-08-09T07:15:34+0200,72a31bd2-8518-490a-bfbe-24bda838aac9,2026-07-21T04:45:00Z,2026-07-21T06:45:00+0200,7213.66149,MW,DE,DE_LU,actual_onshore_wind_generation,Wind Onshore,2026-08-09T05:18:04Z
2026-08-09T05:15:34Z,2026-08-09T07:15:34+0200,72a31bd2-8518-490a-bfbe-24bda838aac9,2026-07-21T05:00:00Z,2026-07-21T07:00:00+0200,6428.44087,MW,DE,DE_LU,actual_onshore_wind_generation,Wind Onshore,2026-08-09T05:18:04Z
2026-08-09T05:15:34Z,2026-08-09T07:15:34+0200,72a31bd2-8518-490a-bfbe-24bda838aac9,2026-07-21T05:15:00Z,2026-07-21T07:15:00+0200,5493.91962,MW,DE,DE_LU,actual_onshore_wind_generation,Wind Onshore,2026-08-09T05:18:04Z
2026-08-09T05:15:34Z,2026-08-09T07:15:34+0200,72a31bd2-8518-490a-bfbe-24bda838aac9,2026-07-21T05:30:00Z,2026-07-21T07:30:00+0200,4591.72481,MW,DE,DE_LU,actual_onshore_wind_generation,Wind Onshore,2026-08-09T05:18:04Z
2026-08-09T05:15:34Z,2026-08-09T07:15:34+0200,72a31bd2-8518-490a-bfbe-24bda838aac9,2026-07-21T05:45:00Z,2026-07-21T07:45:00+0200,3784.16685,MW,DE,DE_LU,actual_onshore_wind_generation,Wind Onshore,2026-08-09T05:18:04Z
2026-08-09T05:15:34Z,2026-08-09T07:15:34+0200,72a31bd2-8518-490a-bfbe-24bda838aac9,2026-07-21T06:00:00Z,2026-07-21T08:00:00+0200,3225.8514,MW,DE,DE_LU,actual_onshore_wind_generation,Wind Onshore,2026-08-09T05:18:04Z
2026-08-09T05:15:34Z,2026-08-09T07:15:34+0200,72a31bd2-8518-490a-bfbe-24bda838aac9,2026-07-21T06:15:00Z,2026-07-21T08:15:00+0200,2813.02589,MW,DE,DE_LU,actual_onshore_wind_generation,Wind Onshore,2026-08-09T05:18:04Z
2026-08-09T05:15:34Z,2026-08-09T07:15:34+0200,72a31bd2-8518-490a-bfbe-24bda838aac9,2026-07-21T06:30:00Z,2026-07-21T08:30:00+0200,2572.1025,MW,DE,DE_LU,actual_onshore_wind_generation,Wind Onshore,2026-08-09T05:18:04Z
2026-08-09T05:15:34Z,2026-08-09T07:15:34+0200,72a31bd2-8518-490a-bfbe-24bda838aac9,2026-07-21T06:45:00Z,2026-07-21T08:45:00+0200,2501.72658,MW,DE,DE_LU,actual_onshore_wind_generation,Wind Onshore,2026-08-09T05:18:04Z
2026-08-09T05:15:34Z,2026-08-09T07:15:34+0200,72a31bd2-8518-490a-bfbe-24bda838aac9,2026-07-21T07:00:00Z,2026-07-21T09:00:00+0200,2537.91887,MW,DE,DE_LU,actual_onshore_wind_generation,Wind Onshore,2026-08-09T05:18:04Z
2026-08-09T05:15:34Z,2026-08-09T07:15:34+0200,72a31bd2-8518-490a-bfbe-24bda838aac9,2026-07-21T07:15:00Z,2026-07-21T09:15:00+0200,2618.91271,MW,DE,DE_LU,actual_onshore_wind_generation,Wind Onshore,2026-08-09T05:18:04Z
2026-08-09T05:15:34Z,2026-08-09T07:15:34+0200,72a31bd2-8518-490a-bfbe-24bda838aac9,2026-07-21T07:30:00Z,2026-07-21T09:30:00+0200,2741.53458,MW,DE,DE_LU,actual_onshore_wind_generation,Wind Onshore,2026-08-09T05:18:04Z
2026-08-09T05:15:34Z,2026-08-09T07:15:34+0200,72a31bd2-8518-490a-bfbe-24bda838aac9,2026-07-21T07:45:00Z,2026-07-21T09:45:00+0200,2896.5331,MW,DE,DE_LU,actual_onshore_wind_generation,Wind Onshore,2026-08-09T05:18:04Z
2026-08-09T05:15:34Z,2026-08-09T07:15:34+0200,72a31bd2-8518-490a-bfbe-24bda838aac9,2026-07-21T08:00:00Z,2026-07-21T10:00:00+0200,3131.17192,MW,DE,DE_LU,actual_onshore_wind_generation,Wind Onshore,2026-08-09T05:18:04Z
2026-08-09T05:15:34Z,2026-08-09T07:15:34+0200,72a31bd2-8518-490a-bfbe-24bda838aac9,2026-07-21T08:15:00Z,2026-07-21T10:15:00+0200,3426.93845,MW,DE,DE_LU,actual_onshore_wind_generation,Wind Onshore,2026-08-09T05:18:04Z
2026-08-09T05:15:34Z,2026-08-09T07:15:34+0200,72a31bd2-8518-490a-bfbe-24bda838aac9,2026-07-21T08:30:00Z,2026-07-21T10:30:00+0200,3713.67367,MW,DE,DE_LU,actual_onshore_wind_generation,Wind Onshore,2026-08-09T05:18:04Z
2026-08-09T05:15:34Z,2026-08-09T07:15:34+0200,72a31bd2-8518-490a-bfbe-24bda838aac9,2026-07-21T08:45:00Z,2026-07-21T10:45:00+0200,3974.93804,MW,DE,DE_LU,actual_onshore_wind_generation,Wind Onshore,2026-08-09T05:18:04Z
2026-08-09T05:15:34Z,2026-08-09T07:15:34+0200,72a31bd2-8518-490a-bfbe-24bda838aac9,2026-07-21T09:00:00Z,2026-07-21T11:00:00+0200,4272.30475,MW,DE,DE_LU,actual_onshore_wind_generation,Wind Onshore,2026-08-09T05:18:04Z
2026-08-09T05:15:34Z,2026-08-09T07:15:34+0200,72a31bd2-8518-490a-bfbe-24bda838aac9,2026-07-21T09:15:00Z,2026-07-21T11:15:00+0200,4529.89539,MW,DE,DE_LU,actual_onshore_wind_generation,Wind Onshore,2026-08-09T05:18:04Z
2026-08-09T05:15:34Z,2026-08-09T07:15:34+0200,72a31bd2-8518-490a-bfbe-24bda838aac9,2026-07-21T09:30:00Z,2026-07-21T11:30:00+0200,4729.58533,MW,DE,DE_LU,actual_onshore_wind_generation,Wind Onshore,2026-08-09T05:18:04Z
2026-08-09T05:15:34Z,2026-08-09T07:15:34+0200,72a31bd2-8518-490a-bfbe-24bda838aac9,2026-07-21T09:45:00Z,2026-07-21T11:45:00+0200,4893.87805,MW,DE,DE_LU,actual_onshore_wind_generation,Wind Onshore,2026-08-09T05:18:04Z
2026-08-09T05:15:34Z,2026-08-09T07:15:34+0200,72a31bd2-8518-490a-bfbe-24bda838aac9,2026-07-21T10:00:00Z,2026-07-21T12:00:00+0200,5002.67911,MW,DE,DE_LU,actual_onshore_wind_generation,Wind Onshore,2026-08-09T05:18:04Z
2026-08-09T05:15:34Z,2026-08-09T07:15:34+0200,72a31bd2-8518-490a-bfbe-24bda838aac9,2026-07-21T10:15:00Z,2026-07-21T12:15:00+0200,5065.30644,MW,DE,DE_LU,actual_onshore_wind_generation,Wind Onshore,2026-08-09T05:18:04Z
2026-08-09T05:15:34Z,2026-08-09T07:15:34+0200,72a31bd2-8518-490a-bfbe-24bda838aac9,2026-07-21T10:30:00Z,2026-07-21T12:30:00+0200,5271.24958,MW,DE,DE_LU,actual_onshore_wind_generation,Wind Onshore,2026-08-09T05:18:04Z
2026-08-09T05:15:34Z,2026-08-09T07:15:34+0200,72a31bd2-8518-490a-bfbe-24bda838aac9,2026-07-21T10:45:00Z,2026-07-21T12:45:00+0200,5243.48366,MW,DE,DE_LU,actual_onshore_wind_generation,Wind Onshore,2026-08-09T05:18:04Z
2026-08-09T05:15:34Z,2026-08-09T07:15:34+0200,72a31bd2-8518-490a-bfbe-24bda838aac9,2026-07-21T11:00:00Z,2026-07-21T13:00:00+0200,5408.51495,MW,DE,DE_LU,actual_onshore_wind_generation,Wind Onshore,2026-08-09T05:18:04Z
2026-08-09T05:15:34Z,2026-08-09T07:15:34+0200,72a31bd2-8518-490a-bfbe-24bda838aac9,2026-07-21T11:15:00Z,2026-07-21T13:15:00+0200,5564.61297,MW,DE,DE_LU,actual_onshore_wind_generation,Wind Onshore,2026-08-09T05:18:04Z
2026-08-09T05:15:34Z,2026-08-09T07:15:34+0200,72a31bd2-8518-490a-bfbe-24bda838aac9,2026-07-21T11:30:00Z,2026-07-21T13:30:00+0200,5516.85106,MW,DE,DE_LU,actual_onshore_wind_generation,Wind Onshore,2026-08-09T05:18:04Z
2026-08-09T05:15:34Z,2026-08-09T07:15:34+0200,72a31bd2-8518-490a-bfbe-24bda838aac9,2026-07-21T11:45:00Z,2026-07-21T13:45:00+0200,5416.19989,MW,DE,DE_LU,actual_onshore_wind_generation,Wind Onshore,2026-08-09T05:18:04Z
2026-08-09T05:15:34Z,2026-08-09T07:15:34+0200,72a31bd2-8518-490a-bfbe-24bda838aac9,2026-07-21T12:00:00Z,2026-07-21T14:00:00+0200,5480.32125,MW,DE,DE_LU,actual_onshore_wind_generation,Wind Onshore,2026-08-09T05:18:04Z
2026-08-09T05:15:34Z,2026-08-09T07:15:34+0200,72a31bd2-8518-490a-bfbe-24bda838aac9,2026-07-21T12:15:00Z,2026-07-21T14:15:00+0200,5622.12883,MW,DE,DE_LU,actual_onshore_wind_generation,Wind Onshore,2026-08-09T05:18:04Z
2026-08-09T05:15:34Z,2026-08-09T07:15:34+0200,72a31bd2-8518-490a-bfbe-24bda838aac9,2026-07-21T12:30:00Z,2026-07-21T14:30:00+0200,6088.77264,MW,DE,DE_LU,actual_onshore_wind_generation,Wind Onshore,2026-08-09T05:18:04Z
2026-08-09T05:15:34Z,2026-08-09T07:15:34+0200,72a31bd2-8518-490a-bfbe-24bda838aac9,2026-07-21T12:45:00Z,2026-07-21T14:45:00+0200,6269.22426,MW,DE,DE_LU,actual_onshore_wind_generation,Wind Onshore,2026-08-09T05:18:04Z
2026-08-09T05:15:34Z,2026-08-09T07:15:34+0200,72a31bd2-8518-490a-bfbe-24bda838aac9,2026-07-21T13:00:00Z,2026-07-21T15:00:00+0200,6730.99481,MW,DE,DE_LU,actual_onshore_wind_generation,Wind Onshore,2026-08-09T05:18:04Z
2026-08-09T05:15:34Z,2026-08-09T07:15:34+0200,72a31bd2-8518-490a-bfbe-24bda838aac9,2026-07-21T13:15:00Z,2026-07-21T15:15:00+0200,7254.60112,MW,DE,DE_LU,actual_onshore_wind_generation,Wind Onshore,2026-08-09T05:18:04Z
2026-08-09T05:15:34Z,2026-08-09T07:15:34+0200,72a31bd2-8518-490a-bfbe-24bda838aac9,2026-07-21T13:30:00Z,2026-07-21T15:30:00+0200,7290.66146,MW,DE,DE_LU,actual_onshore_wind_generation,Wind Onshore,2026-08-09T05:18:04Z
2026-08-09T05:15:34Z,2026-08-09T07:15:34+0200,72a31bd2-8518-490a-bfbe-24bda838aac9,2026-07-21T13:45:00Z,2026-07-21T15:45:00+0200,7525.20479,MW,DE,DE_LU,actual_onshore_wind_generation,Wind Onshore,2026-08-09T05:18:04Z
2026-08-09T05:15:34Z,2026-08-09T07:15:34+0200,72a31bd2-8518-490a-bfbe-24bda838aac9,2026-07-21T14:00:00Z,2026-07-21T16:00:00+0200,8385.04174,MW,DE,DE_LU,actual_onshore_wind_generation,Wind Onshore,2026-08-09T05:18:04Z
2026-08-09T05:15:34Z,2026-08-09T07:15:34+0200,72a31bd2-8518-490a-bfbe-24bda838aac9,2026-07-21T14:15:00Z,2026-07-21T16:15:00+0200,8592.24946,MW,DE,DE_LU,actual_onshore_wind_generation,Wind Onshore,2026-08-09T05:18:04Z
2026-08-09T05:15:34Z,2026-08-09T07:15:34+0200,72a31bd2-8518-490a-bfbe-24bda838aac9,2026-07-21T14:30:00Z,2026-07-21T16:30:00+0200,9116.13548,MW,DE,DE_LU,actual_onshore_wind_generation,Wind Onshore,2026-08-09T05:18:04Z
2026-08-09T05:15:34Z,2026-08-09T07:15:34+0200,72a31bd2-8518-490a-bfbe-24bda838aac9,2026-07-21T14:45:00Z,2026-07-21T16:45:00+0200,9097.67317,MW,DE,DE_LU,actual_onshore_wind_generation,Wind Onshore,2026-08-09T05:18:04Z
2026-08-09T05:15:34Z,2026-08-09T07:15:34+0200,72a31bd2-8518-490a-bfbe-24bda838aac9,2026-07-21T15:00:00Z,2026-07-21T17:00:00+0200,9635.02177,MW,DE,DE_LU,actual_onshore_wind_generation,Wind Onshore,2026-08-09T05:18:04Z
2026-08-09T05:15:34Z,2026-08-09T07:15:34+0200,72a31bd2-8518-490a-bfbe-24bda838aac9,2026-07-21T15:15:00Z,2026-07-21T17:15:00+0200,10158.0327,MW,DE,DE_LU,actual_onshore_wind_generation,Wind Onshore,2026-08-09T05:18:04Z
2026-08-09T05:15:34Z,2026-08-09T07:15:34+0200,72a31bd2-8518-490a-bfbe-24bda838aac9,2026-07-21T15:30:00Z,2026-07-21T17:30:00+0200,10330.3631,MW,DE,DE_LU,actual_onshore_wind_generation,Wind Onshore,2026-08-09T05:18:04Z
2026-08-09T05:15:34Z,2026-08-09T07:15:34+0200,72a31bd2-8518-490a-bfbe-24bda838aac9,2026-07-21T15:45:00Z,2026-07-21T17:45:00+0200,10517.57336,MW,DE,DE_LU,actual_onshore_wind_generation,Wind Onshore,2026-08-09T05:18:04Z
2026-08-09T05:15:34Z,2026-08-09T07:15:34+0200,72a31bd2-8518-490a-bfbe-24bda838aac9,2026-07-21T16:00:00Z,2026-07-21T18:00:00+0200,10479.11299,MW,DE,DE_LU,actual_onshore_wind_generation,Wind Onshore,2026-08-09T05:18:04Z
2026-08-09T05:15:34Z,2026-08-09T07:15:34+0200,72a31bd2-8518-490a-bfbe-24bda838aac9,2026-07-21T16:15:00Z,2026-07-21T18:15:00+0200,10234.13108,MW,DE,DE_LU,actual_onshore_wind_generation,Wind Onshore,2026-08-09T05:18:04Z
2026-08-09T05:15:34Z,2026-08-09T07:15:34+0200,72a31bd2-8518-490a-bfbe-24bda838aac9,2026-07-21T16:30:00Z,2026-07-21T18:30:00+0200,9911.70951,MW,DE,DE_LU,actual_onshore_wind_generation,Wind Onshore,2026-08-09T05:18:04Z
2026-08-09T05:15:34Z,2026-08-09T07:15:34+0200,72a31bd2-8518-490a-bfbe-24bda838aac9,2026-07-21T16:45:00Z,2026-07-21T18:45:00+0200,9581.92398,MW,DE,DE_LU,actual_onshore_wind_generation,Wind Onshore,2026-08-09T05:18:04Z
2026-08-09T05:15:34Z,2026-08-09T07:15:34+0200,72a31bd2-8518-490a-bfbe-24bda838aac9,2026-07-21T17:00:00Z,2026-07-21T19:00:00+0200,9262.05054,MW,DE,DE_LU,actual_onshore_wind_generation,Wind Onshore,2026-08-09T05:18:04Z
2026-08-09T05:15:34Z,2026-08-09T07:15:34+0200,72a31bd2-8518-490a-bfbe-24bda838aac9,2026-07-21T17:15:00Z,2026-07-21T19:15:00+0200,9036.68298,MW,DE,DE_LU,actual_onshore_wind_generation,Wind Onshore,2026-08-09T05:18:04Z
2026-08-09T05:15:34Z,2026-08-09T07:15:34+0200,72a31bd2-8518-490a-bfbe-24bda838aac9,2026-07-21T17:30:00Z,2026-07-21T19:30:00+0200,8729.92849,MW,DE,DE_LU,actual_onshore_wind_generation,Wind Onshore,2026-08-09T05:18:04Z
2026-08-09T05:15:34Z,2026-08-09T07:15:34+0200,72a31bd2-8518-490a-bfbe-24bda838aac9,2026-07-21T17:45:00Z,2026-07-21T19:45:00+0200,8387.44298,MW,DE,DE_LU,actual_onshore_wind_generation,Wind Onshore,2026-08-09T05:18:04Z
2026-08-09T05:15:34Z,2026-08-09T07:15:34+0200,72a31bd2-8518-490a-bfbe-24bda838aac9,2026-07-21T18:00:00Z,2026-07-21T20:00:00+0200,7985.40743,MW,DE,DE_LU,actual_onshore_wind_generation,Wind Onshore,2026-08-09T05:18:04Z
2026-08-09T05:15:34Z,2026-08-09T07:15:34+0200,72a31bd2-8518-490a-bfbe-24bda838aac9,2026-07-21T18:15:00Z,2026-07-21T20:15:00+0200,7539.2137,MW,DE,DE_LU,actual_onshore_wind_generation,Wind Onshore,2026-08-09T05:18:04Z
2026-08-09T05:15:34Z,2026-08-09T07:15:34+0200,72a31bd2-8518-490a-bfbe-24bda838aac9,2026-07-21T18:30:00Z,2026-07-21T20:30:00+0200,7079.0951,MW,DE,DE_LU,actual_onshore_wind_generation,Wind Onshore,2026-08-09T05:18:04Z
2026-08-09T05:15:34Z,2026-08-09T07:15:34+0200,72a31bd2-8518-490a-bfbe-24bda838aac9,2026-07-21T18:45:00Z,2026-07-21T20:45:00+0200,6997.54176,MW,DE,DE_LU,actual_onshore_wind_generation,Wind Onshore,2026-08-09T05:18:04Z
2026-08-09T05:15:34Z,2026-08-09T07:15:34+0200,72a31bd2-8518-490a-bfbe-24bda838aac9,2026-07-21T19:00:00Z,2026-07-21T21:00:00+0200,7157.35228,MW,DE,DE_LU,actual_onshore_wind_generation,Wind Onshore,2026-08-09T05:18:04Z
2026-08-09T05:15:34Z,2026-08-09T07:15:34+0200,72a31bd2-8518-490a-bfbe-24bda838aac9,2026-07-21T19:15:00Z,2026-07-21T21:15:00+0200,7350.61097,MW,DE,DE_LU,actual_onshore_wind_generation,Wind Onshore,2026-08-09T05:18:04Z
2026-08-09T05:15:34Z,2026-08-09T07:15:34+0200,72a31bd2-8518-490a-bfbe-24bda838aac9,2026-07-21T19:30:00Z,2026-07-21T21:30:00+0200,7121.98582,MW,DE,DE_LU,actual_onshore_wind_generation,Wind Onshore,2026-08-09T05:18:04Z
2026-08-09T05:15:34Z,2026-08-09T07:15:34+0200,72a31bd2-8518-490a-bfbe-24bda838aac9,2026-07-21T19:45:00Z,2026-07-21T21:45:00+0200,6961.39095,MW,DE,DE_LU,actual_onshore_wind_generation,Wind Onshore,2026-08-09T05:18:04Z
2026-08-09T05:15:34Z,2026-08-09T07:15:34+0200,72a31bd2-8518-490a-bfbe-24bda838aac9,2026-07-21T20:00:00Z,2026-07-21T22:00:00+0200,7006.02312,MW,DE,DE_LU,actual_onshore_wind_generation,Wind Onshore,2026-08-09T05:18:04Z
2026-08-09T05:15:34Z,2026-08-09T07:15:34+0200,72a31bd2-8518-490a-bfbe-24bda838aac9,2026-07-21T20:15:00Z,2026-07-21T22:15:00+0200,7237.9399,MW,DE,DE_LU,actual_onshore_wind_generation,Wind Onshore,2026-08-09T05:18:04Z
2026-08-09T05:15:34Z,2026-08-09T07:15:34+0200,72a31bd2-8518-490a-bfbe-24bda838aac9,2026-07-21T20:30:00Z,2026-07-21T22:30:00+0200,7325.86625,MW,DE,DE_LU,actual_onshore_wind_generation,Wind Onshore,2026-08-09T05:18:04Z
2026-08-09T05:15:34Z,2026-08-09T07:15:34+0200,72a31bd2-8518-490a-bfbe-24bda838aac9,2026-07-21T20:45:00Z,2026-07-21T22:45:00+0200,7250.963,MW,DE,DE_LU,actual_onshore_wind_generation,Wind Onshore,2026-08-09T05:18:04Z
2026-08-09T05:15:34Z,2026-08-09T07:15:34+0200,72a31bd2-8518-490a-bfbe-24bda838aac9,2026-07-21T21:00:00Z,2026-07-21T23:00:00+0200,7122.18246,MW,DE,DE_LU,actual_onshore_wind_generation,Wind Onshore,2026-08-09T05:18:04Z
2026-08-09T05:15:34Z,2026-08-09T07:15:34+0200,72a31bd2-8518-490a-bfbe-24bda838aac9,2026-07-21T21:15:00Z,2026-07-21T23:15:00+0200,7223.95732,MW,DE,DE_LU,actual_onshore_wind_generation,Wind Onshore,2026-08-09T05:18:04Z
2026-08-09T05:15:34Z,2026-08-09T07:15:34+0200,72a31bd2-8518-490a-bfbe-24bda838aac9,2026-07-21T21:30:00Z,2026-07-21T23:30:00+0200,7081.02665,MW,DE,DE_LU,actual_onshore_wind_generation,Wind Onshore,2026-08-09T05:18:04Z
2026-08-09T05:15:34Z,2026-08-09T07:15:34+0200,72a31bd2-8518-490a-bfbe-24bda838aac9,2026-07-21T21:45:00Z,2026-07-21T23:45:00+0200,6987.06593,MW,DE,DE_LU,actual_onshore_wind_generation,Wind Onshore,2026-08-09T05:18:04Z
2026-08-09T05:15:34Z,2026-08-09T07:15:34+0200,72a31bd2-8518-490a-bfbe-24bda838aac9,2026-07-21T22:00:00Z,2026-07-22T00:00:00+0200,6866.78471,MW,DE,DE_LU,actual_onshore_wind_generation,Wind Onshore,2026-08-09T05:18:04Z
2026-08-09T05:15:34Z,2026-08-09T07:15:34+0200,72a31bd2-8518-490a-bfbe-24bda838aac9,2026-07-21T22:15:00Z,2026-07-22T00:15:00+0200,6869.34047,MW,DE,DE_LU,actual_onshore_wind_generation,Wind Onshore,2026-08-09T05:18:04Z
2026-08-09T05:15:34Z,2026-08-09T07:15:34+0200,72a31bd2-8518-490a-bfbe-24bda838aac9,2026-07-21T22:30:00Z,2026-07-22T00:30:00+0200,6798.51257,MW,DE,DE_LU,actual_onshore_wind_generation,Wind Onshore,2026-08-09T05:18:04Z
2026-08-09T05:15:34Z,2026-08-09T07:15:34+0200,72a31bd2-8518-490a-bfbe-24bda838aac9,2026-07-21T22:45:00Z,2026-07-22T00:45:00+0200,7001.53902,MW,DE,DE_LU,actual_onshore_wind_generation,Wind Onshore,2026-08-09T05:18:04Z
2026-08-09T05:15:34Z,2026-08-09T07:15:34+0200,72a31bd2-8518-490a-bfbe-24bda838aac9,2026-07-21T23:00:00Z,2026-07-22T01:00:00+0200,6889.23168,MW,DE,DE_LU,actual_onshore_wind_generation,Wind Onshore,2026-08-09T05:18:04Z
2026-08-09T05:15:34Z,2026-08-09T07:15:34+0200,72a31bd2-8518-490a-bfbe-24bda838aac9,2026-07-21T23:15:00Z,2026-07-22T01:15:00+0200,6987.44943,MW,DE,DE_LU,actual_onshore_wind_generation,Wind Onshore,2026-08-09T05:18:04Z
2026-08-09T05:15:34Z,2026-08-09T07:15:34+0200,72a31bd2-8518-490a-bfbe-24bda838aac9,2026-07-21T23:30:00Z,2026-07-22T01:30:00+0200,7109.29215,MW,DE,DE_LU,actual_onshore_wind_generation,Wind Onshore,2026-08-09T05:18:04Z
2026-08-09T05:15:34Z,2026-08-09T07:15:34+0200,72a31bd2-8518-490a-bfbe-24bda838aac9,2026-07-21T23:45:00Z,2026-07-22T01:45:00+0200,7243.98833,MW,DE,DE_LU,actual_onshore_wind_generation,Wind Onshore,2026-08-09T05:18:04Z
2026-08-09T05:15:34Z,2026-08-09T07:15:34+0200,72a31bd2-8518-490a-bfbe-24bda838aac9,2026-07-22T00:00:00Z,2026-07-22T02:00:00+0200,7266.22978,MW,DE,DE_LU,actual_onshore_wind_generation,Wind Onshore,2026-08-09T05:18:04Z
2026-08-09T05:15:34Z,2026-08-09T07:15:34+0200,72a31bd2-8518-490a-bfbe-24bda838aac9,2026-07-22T00:15:00Z,2026-07-22T02:15:00+0200,7435.66999,MW,DE,DE_LU,actual_onshore_wind_generation,Wind Onshore,2026-08-09T05:18:04Z
2026-08-09T05:15:34Z,2026-08-09T07:15:34+0200,72a31bd2-8518-490a-bfbe-24bda838aac9,2026-07-22T00:30:00Z,2026-07-22T02:30:00+0200,7681.91336,MW,DE,DE_LU,actual_onshore_wind_generation,Wind Onshore,2026-08-09T05:18:04Z
2026-08-09T05:15:34Z,2026-08-09T07:15:34+0200,72a31bd2-8518-490a-bfbe-24bda838aac9,2026-07-22T00:45:00Z,2026-07-22T02:45:00+0200,7873.84152,MW,DE,DE_LU,actual_onshore_wind_generation,Wind Onshore,2026-08-09T05:18:04Z
2026-08-09T05:15:34Z,2026-08-09T07:15:34+0200,72a31bd2-8518-490a-bfbe-24bda838aac9,2026-07-22T01:00:00Z,2026-07-22T03:00:00+0200,8273.88699,MW,DE,DE_LU,actual_onshore_wind_generation,Wind Onshore,2026-08-09T05:18:04Z
2026-08-09T05:15:34Z,2026-08-09T07:15:34+0200,72a31bd2-8518-490a-bfbe-24bda838aac9,2026-07-22T01:15:00Z,2026-07-22T03:15:00+0200,8189.86445,MW,DE,DE_LU,actual_onshore_wind_generation,Wind Onshore,2026-08-09T05:18:04Z
2026-08-09T05:15:34Z,2026-08-09T07:15:34+0200,72a31bd2-8518-490a-bfbe-24bda838aac9,2026-07-22T01:30:00Z,2026-07-22T03:30:00+0200,8220.85971,MW,DE,DE_LU,actual_onshore_wind_generation,Wind Onshore,2026-08-09T05:18:04Z
2026-08-09T05:15:34Z,2026-08-09T07:15:34+0200,72a31bd2-8518-490a-bfbe-24bda838aac9,2026-07-22T01:45:00Z,2026-07-22T03:45:00+0200,8599.03121,MW,DE,DE_LU,actual_onshore_wind_generation,Wind Onshore,2026-08-09T05:18:04Z
2026-08-09T05:15:34Z,2026-08-09T07:15:34+0200,72a31bd2-8518-490a-bfbe-24bda838aac9,2026-07-22T02:00:00Z,2026-07-22T04:00:00+0200,8664.18421,MW,DE,DE_LU,actual_onshore_wind_generation,Wind Onshore,2026-08-09T05:18:04Z
2026-08-09T05:15:34Z,2026-08-09T07:15:34+0200,72a31bd2-8518-490a-bfbe-24bda838aac9,2026-07-22T02:15:00Z,2026-07-22T04:15:00+0200,8734.44278,MW,DE,DE_LU,actual_onshore_wind_generation,Wind Onshore,2026-08-09T05:18:04Z
2026-08-09T05:15:34Z,2026-08-09T07:15:34+0200,72a31bd2-8518-490a-bfbe-24bda838aac9,2026-07-22T02:30:00Z,2026-07-22T04:30:00+0200,8980.6407,MW,DE,DE_LU,actual_onshore_wind_generation,Wind Onshore,2026-08-09T05:18:04Z
2026-08-09T05:15:34Z,2026-08-09T07:15:34+0200,72a31bd2-8518-490a-bfbe-24bda838aac9,2026-07-22T02:45:00Z,2026-07-22T04:45:00+0200,9010.91675,MW,DE,DE_LU,actual_onshore_wind_generation,Wind Onshore,2026-08-09T05:18:04Z
2026-08-09T05:15:34Z,2026-08-09T07:15:34+0200,72a31bd2-8518-490a-bfbe-24bda838aac9,2026-07-22T03:00:00Z,2026-07-22T05:00:00+0200,9000.345,MW,DE,DE_LU,actual_onshore_wind_generation,Wind Onshore,2026-08-09T05:18:04Z
2026-08-09T05:15:34Z,2026-08-09T07:15:34+0200,72a31bd2-8518-490a-bfbe-24bda838aac9,2026-07-22T03:15:00Z,2026-07-22T05:15:00+0200,9487.99209,MW,DE,DE_LU,actual_onshore_wind_generation,Wind Onshore,2026-08-09T05:18:04Z
2026-08-09T05:15:34Z,2026-08-09T07:15:34+0200,72a31bd2-8518-490a-bfbe-24bda838aac9,2026-07-22T03:30:00Z,2026-07-22T05:30:00+0200,10218.113,MW,DE,DE_LU,actual_onshore_wind_generation,Wind Onshore,2026-08-09T05:18:04Z
2026-08-09T05:15:34Z,2026-08-09T07:15:34+0200,72a31bd2-8518-490a-bfbe-24bda838aac9,2026-07-22T03:45:00Z,2026-07-22T05:45:00+0200,10537.551,MW,DE,DE_LU,actual_onshore_wind_generation,Wind Onshore,2026-08-09T05:18:04Z
2026-08-09T05:15:34Z,2026-08-09T07:15:34+0200,72a31bd2-8518-490a-bfbe-24bda838aac9,2026-07-22T04:00:00Z,2026-07-22T06:00:00+0200,10771.14583,MW,DE,DE_LU,actual_onshore_wind_generation,Wind Onshore,2026-08-09T05:18:04Z
2026-08-09T05:15:34Z,2026-08-09T07:15:34+0200,72a31bd2-8518-490a-bfbe-24bda838aac9,2026-07-22T04:15:00Z,2026-07-22T06:15:00+0200,11076.6482,MW,DE,DE_LU,actual_onshore_wind_generation,Wind Onshore,2026-08-09T05:18:04Z
2026-08-09T05:15:34Z,2026-08-09T07:15:34+0200,72a31bd2-8518-490a-bfbe-24bda838aac9,2026-07-22T04:30:00Z,2026-07-22T06:30:00+0200,11390.56353,MW,DE,DE_LU,actual_onshore_wind_generation,Wind Onshore,2026-08-09T05:18:04Z
2026-08-09T05:15:34Z,2026-08-09T07:15:34+0200,72a31bd2-8518-490a-bfbe-24bda838aac9,2026-07-22T04:45:00Z,2026-07-22T06:45:00+0200,11488.57991,MW,DE,DE_LU,actual_onshore_wind_generation,Wind Onshore,2026-08-09T05:18:04Z
2026-08-09T05:15:34Z,2026-08-09T07:15:34+0200,72a31bd2-8518-490a-bfbe-24bda838aac9,2026-07-22T05:00:00Z,2026-07-22T07:00:00+0200,11377.90677,MW,DE,DE_LU,actual_onshore_wind_generation,Wind Onshore,2026-08-09T05:18:04Z
2026-08-09T05:15:34Z,2026-08-09T07:15:34+0200,72a31bd2-8518-490a-bfbe-24bda838aac9,2026-07-22T05:15:00Z,2026-07-22T07:15:00+0200,11264.3811,MW,DE,DE_LU,actual_onshore_wind_generation,Wind Onshore,2026-08-09T05:18:04Z
2026-08-09T05:15:34Z,2026-08-09T07:15:34+0200,72a31bd2-8518-490a-bfbe-24bda838aac9,2026-07-22T05:30:00Z,2026-07-22T07:30:00+0200,11185.99535,MW,DE,DE_LU,actual_onshore_wind_generation,Wind Onshore,2026-08-09T05:18:04Z
2026-08-09T05:15:34Z,2026-08-09T07:15:34+0200,72a31bd2-8518-490a-bfbe-24bda838aac9,2026-07-22T05:45:00Z,2026-07-22T07:45:00+0200,11302.27048,MW,DE,DE_LU,actual_onshore_wind_generation,Wind Onshore,2026-08-09T05:18:04Z
2026-08-09T05:15:34Z,2026-08-09T07:15:34+0200,72a31bd2-8518-490a-bfbe-24bda838aac9,2026-07-22T06:00:00Z,2026-07-22T08:00:00+0200,11675.08838,MW,DE,DE_LU,actual_onshore_wind_generation,Wind Onshore,2026-08-09T05:18:04Z
2026-08-09T05:15:34Z,2026-08-09T07:15:34+0200,72a31bd2-8518-490a-bfbe-24bda838aac9,2026-07-22T06:15:00Z,2026-07-22T08:15:00+0200,11843.35617,MW,DE,DE_LU,actual_onshore_wind_generation,Wind Onshore,2026-08-09T05:18:04Z
2026-08-09T05:15:34Z,2026-08-09T07:15:34+0200,72a31bd2-8518-490a-bfbe-24bda838aac9,2026-07-22T06:30:00Z,2026-07-22T08:30:00+0200,12288.23451,MW,DE,DE_LU,actual_onshore_wind_generation,Wind Onshore,2026-08-09T05:18:04Z
2026-08-09T05:15:34Z,2026-08-09T07:15:34+0200,72a31bd2-8518-490a-bfbe-24bda838aac9,2026-07-22T06:45:00Z,2026-07-22T08:45:00+0200,12907.35855,MW,DE,DE_LU,actual_onshore_wind_generation,Wind Onshore,2026-08-09T05:18:04Z
2026-08-09T05:15:34Z,2026-08-09T07:15:34+0200,72a31bd2-8518-490a-bfbe-24bda838aac9,2026-07-22T07:00:00Z,2026-07-22T09:00:00+0200,13636.18946,MW,DE,DE_LU,actual_onshore_wind_generation,Wind Onshore,2026-08-09T05:18:04Z
2026-08-09T05:15:34Z,2026-08-09T07:15:34+0200,72a31bd2-8518-490a-bfbe-24bda838aac9,2026-07-22T07:15:00Z,2026-07-22T09:15:00+0200,14372.41391,MW,DE,DE_LU,actual_onshore_wind_generation,Wind Onshore,2026-08-09T05:18:04Z
2026-08-09T05:15:34Z,2026-08-09T07:15:34+0200,72a31bd2-8518-490a-bfbe-24bda838aac9,2026-07-22T07:30:00Z,2026-07-22T09:30:00+0200,14780.85095,MW,DE,DE_LU,actual_onshore_wind_generation,Wind Onshore,2026-08-09T05:18:04Z
2026-08-09T05:15:34Z,2026-08-09T07:15:34+0200,72a31bd2-8518-490a-bfbe-24bda838aac9,2026-07-22T07:45:00Z,2026-07-22T09:45:00+0200,15518.06339,MW,DE,DE_LU,actual_onshore_wind_generation,Wind Onshore,2026-08-09T05:18:04Z
2026-08-09T05:15:34Z,2026-08-09T07:15:34+0200,72a31bd2-8518-490a-bfbe-24bda838aac9,2026-07-22T08:00:00Z,2026-07-22T10:00:00+0200,16016.70665,MW,DE,DE_LU,actual_onshore_wind_generation,Wind Onshore,2026-08-09T05:18:04Z
2026-08-09T05:15:34Z,2026-08-09T07:15:34+0200,72a31bd2-8518-490a-bfbe-24bda838aac9,2026-07-22T08:15:00Z,2026-07-22T10:15:00+0200,16365.73402,MW,DE,DE_LU,actual_onshore_wind_generation,Wind Onshore,2026-08-09T05:18:04Z
2026-08-09T05:15:34Z,2026-08-09T07:15:34+0200,72a31bd2-8518-490a-bfbe-24bda838aac9,2026-07-22T08:30:00Z,2026-07-22T10:30:00+0200,16598.96009,MW,DE,DE_LU,actual_onshore_wind_generation,Wind Onshore,2026-08-09T05:18:04Z
2026-08-09T05:15:34Z,2026-08-09T07:15:34+0200,72a31bd2-8518-490a-bfbe-24bda838aac9,2026-07-22T08:45:00Z,2026-07-22T10:45:00+0200,16804.3972,MW,DE,DE_LU,actual_onshore_wind_generation,Wind Onshore,2026-08-09T05:18:04Z
2026-08-09T05:15:34Z,2026-08-09T07:15:34+0200,72a31bd2-8518-490a-bfbe-24bda838aac9,2026-07-22T09:00:00Z,2026-07-22T11:00:00+0200,17035.51416,MW,DE,DE_LU,actual_onshore_wind_generation,Wind Onshore,2026-08-09T05:18:04Z
2026-08-09T05:15:34Z,2026-08-09T07:15:34+0200,72a31bd2-8518-490a-bfbe-24bda838aac9,2026-07-22T09:15:00Z,2026-07-22T11:15:00+0200,16766.2185,MW,DE,DE_LU,actual_onshore_wind_generation,Wind Onshore,2026-08-09T05:18:04Z
2026-08-09T05:15:34Z,2026-08-09T07:15:34+0200,72a31bd2-8518-490a-bfbe-24bda838aac9,2026-07-22T09:30:00Z,2026-07-22T11:30:00+0200,16836.98056,MW,DE,DE_LU,actual_onshore_wind_generation,Wind Onshore,2026-08-09T05:18:04Z
2026-08-09T05:15:34Z,2026-08-09T07:15:34+0200,72a31bd2-8518-490a-bfbe-24bda838aac9,2026-07-22T09:45:00Z,2026-07-22T11:45:00+0200,17061.82084,MW,DE,DE_LU,actual_onshore_wind_generation,Wind Onshore,2026-08-09T05:18:04Z
2026-08-09T05:15:34Z,2026-08-09T07:15:34+0200,72a31bd2-8518-490a-bfbe-24bda838aac9,2026-07-22T10:00:00Z,2026-07-22T12:00:00+0200,17533.36221,MW,DE,DE_LU,actual_onshore_wind_generation,Wind Onshore,2026-08-09T05:18:04Z
2026-08-09T05:15:34Z,2026-08-09T07:15:34+0200,72a31bd2-8518-490a-bfbe-24bda838aac9,2026-07-22T10:15:00Z,2026-07-22T12:15:00+0200,17851.44899,MW,DE,DE_LU,actual_onshore_wind_generation,Wind Onshore,2026-08-09T05:18:04Z
2026-08-09T05:15:34Z,2026-08-09T07:15:34+0200,72a31bd2-8518-490a-bfbe-24bda838aac9,2026-07-22T10:30:00Z,2026-07-22T12:30:00+0200,17723.77286,MW,DE,DE_LU,actual_onshore_wind_generation,Wind Onshore,2026-08-09T05:18:04Z
2026-08-09T05:15:34Z,2026-08-09T07:15:34+0200,72a31bd2-8518-490a-bfbe-24bda838aac9,2026-07-22T10:45:00Z,2026-07-22T12:45:00+0200,17536.41627,MW,DE,DE_LU,actual_onshore_wind_generation,Wind Onshore,2026-08-09T05:18:04Z
2026-08-09T05:15:34Z,2026-08-09T07:15:34+0200,72a31bd2-8518-490a-bfbe-24bda838aac9,2026-07-22T11:00:00Z,2026-07-22T13:00:00+0200,17824.11632,MW,DE,DE_LU,actual_onshore_wind_generation,Wind Onshore,2026-08-09T05:18:04Z
2026-08-09T05:15:34Z,2026-08-09T07:15:34+0200,72a31bd2-8518-490a-bfbe-24bda838aac9,2026-07-22T11:15:00Z,2026-07-22T13:15:00+0200,17945.68089,MW,DE,DE_LU,actual_onshore_wind_generation,Wind Onshore,2026-08-09T05:18:04Z
2026-08-09T05:15:34Z,2026-08-09T07:15:34+0200,72a31bd2-8518-490a-bfbe-24bda838aac9,2026-07-22T11:30:00Z,2026-07-22T13:30:00+0200,18128.39424,MW,DE,DE_LU,actual_onshore_wind_generation,Wind Onshore,2026-08-09T05:18:04Z
2026-08-09T05:15:34Z,2026-08-09T07:15:34+0200,72a31bd2-8518-490a-bfbe-24bda838aac9,2026-07-22T11:45:00Z,2026-07-22T13:45:00+0200,17778.56028,MW,DE,DE_LU,actual_onshore_wind_generation,Wind Onshore,2026-08-09T05:18:04Z
2026-08-09T05:15:34Z,2026-08-09T07:15:34+0200,72a31bd2-8518-490a-bfbe-24bda838aac9,2026-07-22T12:00:00Z,2026-07-22T14:00:00+0200,18144.88326,MW,DE,DE_LU,actual_onshore_wind_generation,Wind Onshore,2026-08-09T05:18:04Z
2026-08-09T05:15:34Z,2026-08-09T07:15:34+0200,72a31bd2-8518-490a-bfbe-24bda838aac9,2026-07-22T12:15:00Z,2026-07-22T14:15:00+0200,17959.4667,MW,DE,DE_LU,actual_onshore_wind_generation,Wind Onshore,2026-08-09T05:18:04Z
2026-08-09T05:15:34Z,2026-08-09T07:15:34+0200,72a31bd2-8518-490a-bfbe-24bda838aac9,2026-07-22T12:30:00Z,2026-07-22T14:30:00+0200,17931.22178,MW,DE,DE_LU,actual_onshore_wind_generation,Wind Onshore,2026-08-09T05:18:04Z
2026-08-09T05:15:34Z,2026-08-09T07:15:34+0200,72a31bd2-8518-490a-bfbe-24bda838aac9,2026-07-22T12:45:00Z,2026-07-22T14:45:00+0200,18169.44684,MW,DE,DE_LU,actual_onshore_wind_generation,Wind Onshore,2026-08-09T05:18:04Z
2026-08-09T05:15:34Z,2026-08-09T07:15:34+0200,72a31bd2-8518-490a-bfbe-24bda838aac9,2026-07-22T13:00:00Z,2026-07-22T15:00:00+0200,18487.10666,MW,DE,DE_LU,actual_onshore_wind_generation,Wind Onshore,2026-08-09T05:18:04Z
2026-08-09T05:15:34Z,2026-08-09T07:15:34+0200,72a31bd2-8518-490a-bfbe-24bda838aac9,2026-07-22T13:15:00Z,2026-07-22T15:15:00+0200,18942.25791,MW,DE,DE_LU,actual_onshore_wind_generation,Wind Onshore,2026-08-09T05:18:04Z
2026-08-09T05:15:34Z,2026-08-09T07:15:34+0200,72a31bd2-8518-490a-bfbe-24bda838aac9,2026-07-22T13:30:00Z,2026-07-22T15:30:00+0200,19492.42456,MW,DE,DE_LU,actual_onshore_wind_generation,Wind Onshore,2026-08-09T05:18:04Z
2026-08-09T05:15:34Z,2026-08-09T07:15:34+0200,72a31bd2-8518-490a-bfbe-24bda838aac9,2026-07-22T13:45:00Z,2026-07-22T15:45:00+0200,19469.99251,MW,DE,DE_LU,actual_onshore_wind_generation,Wind Onshore,2026-08-09T05:18:04Z
2026-08-09T05:15:34Z,2026-08-09T07:15:34+0200,72a31bd2-8518-490a-bfbe-24bda838aac9,2026-07-22T14:00:00Z,2026-07-22T16:00:00+0200,19835.00449,MW,DE,DE_LU,actual_onshore_wind_generation,Wind Onshore,2026-08-09T05:18:04Z
2026-08-09T05:15:34Z,2026-08-09T07:15:34+0200,72a31bd2-8518-490a-bfbe-24bda838aac9,2026-07-22T14:15:00Z,2026-07-22T16:15:00+0200,20564.47025,MW,DE,DE_LU,actual_onshore_wind_generation,Wind Onshore,2026-08-09T05:18:04Z
2026-08-09T05:15:34Z,2026-08-09T07:15:34+0200,72a31bd2-8518-490a-bfbe-24bda838aac9,2026-07-22T14:30:00Z,2026-07-22T16:30:00+0200,20603.05292,MW,DE,DE_LU,actual_onshore_wind_generation,Wind Onshore,2026-08-09T05:18:04Z
2026-08-09T05:15:34Z,2026-08-09T07:15:34+0200,72a31bd2-8518-490a-bfbe-24bda838aac9,2026-07-22T14:45:00Z,2026-07-22T16:45:00+0200,21419.98942,MW,DE,DE_LU,actual_onshore_wind_generation,Wind Onshore,2026-08-09T05:18:04Z
2026-08-09T05:15:34Z,2026-08-09T07:15:34+0200,72a31bd2-8518-490a-bfbe-24bda838aac9,2026-07-22T15:00:00Z,2026-07-22T17:00:00+0200,22491.83743,MW,DE,DE_LU,actual_onshore_wind_generation,Wind Onshore,2026-08-09T05:18:04Z
2026-08-09T05:15:34Z,2026-08-09T07:15:34+0200,72a31bd2-8518-490a-bfbe-24bda838aac9,2026-07-22T15:15:00Z,2026-07-22T17:15:00+0200,23228.80981,MW,DE,DE_LU,actual_onshore_wind_generation,Wind Onshore,2026-08-09T05:18:04Z
2026-08-09T05:15:34Z,2026-08-09T07:15:34+0200,72a31bd2-8518-490a-bfbe-24bda838aac9,2026-07-22T15:30:00Z,2026-07-22T17:30:00+0200,24758.61131,MW,DE,DE_LU,actual_onshore_wind_generation,Wind Onshore,2026-08-09T05:18:04Z
2026-08-09T05:15:34Z,2026-08-09T07:15:34+0200,72a31bd2-8518-490a-bfbe-24bda838aac9,2026-07-22T15:45:00Z,2026-07-22T17:45:00+0200,25731.23392,MW,DE,DE_LU,actual_onshore_wind_generation,Wind Onshore,2026-08-09T05:18:04Z
2026-08-09T05:15:34Z,2026-08-09T07:15:34+0200,72a31bd2-8518-490a-bfbe-24bda838aac9,2026-07-22T16:00:00Z,2026-07-22T18:00:00+0200,26066.43744,MW,DE,DE_LU,actual_onshore_wind_generation,Wind Onshore,2026-08-09T05:18:04Z
2026-08-09T05:15:34Z,2026-08-09T07:15:34+0200,72a31bd2-8518-490a-bfbe-24bda838aac9,2026-07-22T16:15:00Z,2026-07-22T18:15:00+0200,27142.21589,MW,DE,DE_LU,actual_onshore_wind_generation,Wind Onshore,2026-08-09T05:18:04Z
2026-08-09T05:15:34Z,2026-08-09T07:15:34+0200,72a31bd2-8518-490a-bfbe-24bda838aac9,2026-07-22T16:30:00Z,2026-07-22T18:30:00+0200,27243.30277,MW,DE,DE_LU,actual_onshore_wind_generation,Wind Onshore,2026-08-09T05:18:04Z
2026-08-09T05:15:34Z,2026-08-09T07:15:34+0200,72a31bd2-8518-490a-bfbe-24bda838aac9,2026-07-22T16:45:00Z,2026-07-22T18:45:00+0200,26785.85247,MW,DE,DE_LU,actual_onshore_wind_generation,Wind Onshore,2026-08-09T05:18:04Z
2026-08-09T05:15:34Z,2026-08-09T07:15:34+0200,72a31bd2-8518-490a-bfbe-24bda838aac9,2026-07-22T17:00:00Z,2026-07-22T19:00:00+0200,26459.5533,MW,DE,DE_LU,actual_onshore_wind_generation,Wind Onshore,2026-08-09T05:18:04Z
2026-08-09T05:15:34Z,2026-08-09T07:15:34+0200,72a31bd2-8518-490a-bfbe-24bda838aac9,2026-07-22T17:15:00Z,2026-07-22T19:15:00+0200,25495.28861,MW,DE,DE_LU,actual_onshore_wind_generation,Wind Onshore,2026-08-09T05:18:04Z
2026-08-09T05:15:34Z,2026-08-09T07:15:34+0200,72a31bd2-8518-490a-bfbe-24bda838aac9,2026-07-22T17:30:00Z,2026-07-22T19:30:00+0200,24642.61826,MW,DE,DE_LU,actual_onshore_wind_generation,Wind Onshore,2026-08-09T05:18:04Z
2026-08-09T05:15:34Z,2026-08-09T07:15:34+0200,72a31bd2-8518-490a-bfbe-24bda838aac9,2026-07-22T17:45:00Z,2026-07-22T19:45:00+0200,24134.90372,MW,DE,DE_LU,actual_onshore_wind_generation,Wind Onshore,2026-08-09T05:18:04Z
2026-08-09T05:15:34Z,2026-08-09T07:15:34+0200,72a31bd2-8518-490a-bfbe-24bda838aac9,2026-07-22T18:00:00Z,2026-07-22T20:00:00+0200,23086.32355,MW,DE,DE_LU,actual_onshore_wind_generation,Wind Onshore,2026-08-09T05:18:04Z
2026-08-09T05:15:34Z,2026-08-09T07:15:34+0200,72a31bd2-8518-490a-bfbe-24bda838aac9,2026-07-22T18:15:00Z,2026-07-22T20:15:00+0200,22223.8444,MW,DE,DE_LU,actual_onshore_wind_generation,Wind Onshore,2026-08-09T05:18:04Z
2026-08-09T05:15:34Z,2026-08-09T07:15:34+0200,72a31bd2-8518-490a-bfbe-24bda838aac9,2026-07-22T18:30:00Z,2026-07-22T20:30:00+0200,21593.22758,MW,DE,DE_LU,actual_onshore_wind_generation,Wind Onshore,2026-08-09T05:18:04Z
2026-08-09T05:15:34Z,2026-08-09T07:15:34+0200,72a31bd2-8518-490a-bfbe-24bda838aac9,2026-07-22T18:45:00Z,2026-07-22T20:45:00+0200,21133.48517,MW,DE,DE_LU,actual_onshore_wind_generation,Wind Onshore,2026-08-09T05:18:04Z
2026-08-09T05:15:34Z,2026-08-09T07:15:34+0200,72a31bd2-8518-490a-bfbe-24bda838aac9,2026-07-22T19:00:00Z,2026-07-22T21:00:00+0200,21398.93629,MW,DE,DE_LU,actual_onshore_wind_generation,Wind Onshore,2026-08-09T05:18:04Z
2026-08-09T05:15:34Z,2026-08-09T07:15:34+0200,72a31bd2-8518-490a-bfbe-24bda838aac9,2026-07-22T19:15:00Z,2026-07-22T21:15:00+0200,21139.25064,MW,DE,DE_LU,actual_onshore_wind_generation,Wind Onshore,2026-08-09T05:18:04Z
2026-08-09T05:15:34Z,2026-08-09T07:15:34+0200,72a31bd2-8518-490a-bfbe-24bda838aac9,2026-07-22T19:30:00Z,2026-07-22T21:30:00+0200,20533.84927,MW,DE,DE_LU,actual_onshore_wind_generation,Wind Onshore,2026-08-09T05:18:04Z
2026-08-09T05:15:34Z,2026-08-09T07:15:34+0200,72a31bd2-8518-490a-bfbe-24bda838aac9,2026-07-22T19:45:00Z,2026-07-22T21:45:00+0200,20403.52,MW,DE,DE_LU,actual_onshore_wind_generation,Wind Onshore,2026-08-09T05:18:04Z
2026-08-09T05:15:34Z,2026-08-09T07:15:34+0200,72a31bd2-8518-490a-bfbe-24bda838aac9,2026-07-22T20:00:00Z,2026-07-22T22:00:00+0200,19673.90799,MW,DE,DE_LU,actual_onshore_wind_generation,Wind Onshore,2026-08-09T05:18:04Z
2026-08-09T05:15:34Z,2026-08-09T07:15:34+0200,72a31bd2-8518-490a-bfbe-24bda838aac9,2026-07-22T20:15:00Z,2026-07-22T22:15:00+0200,19564.87775,MW,DE,DE_LU,actual_onshore_wind_generation,Wind Onshore,2026-08-09T05:18:04Z
2026-08-09T05:15:34Z,2026-08-09T07:15:34+0200,72a31bd2-8518-490a-bfbe-24bda838aac9,2026-07-22T20:30:00Z,2026-07-22T22:30:00+0200,19476.9976,MW,DE,DE_LU,actual_onshore_wind_generation,Wind Onshore,2026-08-09T05:18:04Z
2026-08-09T05:15:34Z,2026-08-09T07:15:34+0200,72a31bd2-8518-490a-bfbe-24bda838aac9,2026-07-22T20:45:00Z,2026-07-22T22:45:00+0200,19540.03913,MW,DE,DE_LU,actual_onshore_wind_generation,Wind Onshore,2026-08-09T05:18:04Z
2026-08-09T05:15:34Z,2026-08-09T07:15:34+0200,72a31bd2-8518-490a-bfbe-24bda838aac9,2026-07-22T21:00:00Z,2026-07-22T23:00:00+0200,19337.71985,MW,DE,DE_LU,actual_onshore_wind_generation,Wind Onshore,2026-08-09T05:18:04Z
2026-08-09T05:15:34Z,2026-08-09T07:15:34+0200,72a31bd2-8518-490a-bfbe-24bda838aac9,2026-07-22T21:15:00Z,2026-07-22T23:15:00+0200,19601.19991,MW,DE,DE_LU,actual_onshore_wind_generation,Wind Onshore,2026-08-09T05:18:04Z
2026-08-09T05:15:34Z,2026-08-09T07:15:34+0200,72a31bd2-8518-490a-bfbe-24bda838aac9,2026-07-22T21:30:00Z,2026-07-22T23:30:00+0200,19446.76666,MW,DE,DE_LU,actual_onshore_wind_generation,Wind Onshore,2026-08-09T05:18:04Z
2026-08-09T05:15:34Z,2026-08-09T07:15:34+0200,72a31bd2-8518-490a-bfbe-24bda838aac9,2026-07-22T21:45:00Z,2026-07-22T23:45:00+0200,19490.2041,MW,DE,DE_LU,actual_onshore_wind_generation,Wind Onshore,2026-08-09T05:18:04Z
2026-08-09T05:15:34Z,2026-08-09T07:15:34+0200,72a31bd2-8518-490a-bfbe-24bda838aac9,2026-07-22T22:00:00Z,2026-07-23T00:00:00+0200,19649.74985,MW,DE,DE_LU,actual_onshore_wind_generation,Wind Onshore,2026-08-09T05:18:04Z
2026-08-09T05:15:34Z,2026-08-09T07:15:34+0200,72a31bd2-8518-490a-bfbe-24bda838aac9,2026-07-22T22:15:00Z,2026-07-23T00:15:00+0200,19728.45301,MW,DE,DE_LU,actual_onshore_wind_generation,Wind Onshore,2026-08-09T05:18:04Z
2026-08-09T05:15:34Z,2026-08-09T07:15:34+0200,72a31bd2-8518-490a-bfbe-24bda838aac9,2026-07-22T22:30:00Z,2026-07-23T00:30:00+0200,19884.18817,MW,DE,DE_LU,actual_onshore_wind_generation,Wind Onshore,2026-08-09T05:18:04Z
2026-08-09T05:15:34Z,2026-08-09T07:15:34+0200,72a31bd2-8518-490a-bfbe-24bda838aac9,2026-07-22T22:45:00Z,2026-07-23T00:45:00+0200,19929.10415,MW,DE,DE_LU,actual_onshore_wind_generation,Wind Onshore,2026-08-09T05:18:04Z
2026-08-09T05:15:34Z,2026-08-09T07:15:34+0200,72a31bd2-8518-490a-bfbe-24bda838aac9,2026-07-22T23:00:00Z,2026-07-23T01:00:00+0200,19818.99756,MW,DE,DE_LU,actual_onshore_wind_generation,Wind Onshore,2026-08-09T05:18:04Z
2026-08-09T05:15:34Z,2026-08-09T07:15:34+0200,72a31bd2-8518-490a-bfbe-24bda838aac9,2026-07-22T23:15:00Z,2026-07-23T01:15:00+0200,19798.91999,MW,DE,DE_LU,actual_onshore_wind_generation,Wind Onshore,2026-08-09T05:18:04Z
2026-08-09T05:15:34Z,2026-08-09T07:15:34+0200,72a31bd2-8518-490a-bfbe-24bda838aac9,2026-07-22T23:30:00Z,2026-07-23T01:30:00+0200,19652.96191,MW,DE,DE_LU,actual_onshore_wind_generation,Wind Onshore,2026-08-09T05:18:04Z
2026-08-09T05:15:34Z,2026-08-09T07:15:34+0200,72a31bd2-8518-490a-bfbe-24bda838aac9,2026-07-22T23:45:00Z,2026-07-23T01:45:00+0200,19309.95171,MW,DE,DE_LU,actual_onshore_wind_generation,Wind Onshore,2026-08-09T05:18:04Z
2026-08-09T05:15:34Z,2026-08-09T07:15:34+0200,72a31bd2-8518-490a-bfbe-24bda838aac9,2026-07-23T00:00:00Z,2026-07-23T02:00:00+0200,18979.95848,MW,DE,DE_LU,actual_onshore_wind_generation,Wind Onshore,2026-08-09T05:18:04Z
2026-08-09T05:15:34Z,2026-08-09T07:15:34+0200,72a31bd2-8518-490a-bfbe-24bda838aac9,2026-07-23T00:15:00Z,2026-07-23T02:15:00+0200,18793.70019,MW,DE,DE_LU,actual_onshore_wind_generation,Wind Onshore,2026-08-09T05:18:04Z
2026-08-09T05:15:34Z,2026-08-09T07:15:34+0200,72a31bd2-8518-490a-bfbe-24bda838aac9,2026-07-23T00:30:00Z,2026-07-23T02:30:00+0200,18208.02144,MW,DE,DE_LU,actual_onshore_wind_generation,Wind Onshore,2026-08-09T05:18:04Z
2026-08-09T05:15:34Z,2026-08-09T07:15:34+0200,72a31bd2-8518-490a-bfbe-24bda838aac9,2026-07-23T00:45:00Z,2026-07-23T02:45:00+0200,17818.02219,MW,DE,DE_LU,actual_onshore_wind_generation,Wind Onshore,2026-08-09T05:18:04Z
2026-08-09T05:15:34Z,2026-08-09T07:15:34+0200,72a31bd2-8518-490a-bfbe-24bda838aac9,2026-07-23T01:00:00Z,2026-07-23T03:00:00+0200,17323.94924,MW,DE,DE_LU,actual_onshore_wind_generation,Wind Onshore,2026-08-09T05:18:04Z
2026-08-09T05:15:34Z,2026-08-09T07:15:34+0200,72a31bd2-8518-490a-bfbe-24bda838aac9,2026-07-23T01:15:00Z,2026-07-23T03:15:00+0200,16735.44167,MW,DE,DE_LU,actual_onshore_wind_generation,Wind Onshore,2026-08-09T05:18:04Z
2026-08-09T05:15:34Z,2026-08-09T07:15:34+0200,72a31bd2-8518-490a-bfbe-24bda838aac9,2026-07-23T01:30:00Z,2026-07-23T03:30:00+0200,16022.50155,MW,DE,DE_LU,actual_onshore_wind_generation,Wind Onshore,2026-08-09T05:18:04Z
2026-08-09T05:15:34Z,2026-08-09T07:15:34+0200,72a31bd2-8518-490a-bfbe-24bda838aac9,2026-07-23T01:45:00Z,2026-07-23T03:45:00+0200,15565.53383,MW,DE,DE_LU,actual_onshore_wind_generation,Wind Onshore,2026-08-09T05:18:04Z
2026-08-09T05:15:34Z,2026-08-09T07:15:34+0200,72a31bd2-8518-490a-bfbe-24bda838aac9,2026-07-23T02:00:00Z,2026-07-23T04:00:00+0200,15316.96036,MW,DE,DE_LU,actual_onshore_wind_generation,Wind Onshore,2026-08-09T05:18:04Z
2026-08-09T05:15:34Z,2026-08-09T07:15:34+0200,72a31bd2-8518-490a-bfbe-24bda838aac9,2026-07-23T02:15:00Z,2026-07-23T04:15:00+0200,15044.71413,MW,DE,DE_LU,actual_onshore_wind_generation,Wind Onshore,2026-08-09T05:18:04Z
2026-08-09T05:15:34Z,2026-08-09T07:15:34+0200,72a31bd2-8518-490a-bfbe-24bda838aac9,2026-07-23T02:30:00Z,2026-07-23T04:30:00+0200,14686.40509,MW,DE,DE_LU,actual_onshore_wind_generation,Wind Onshore,2026-08-09T05:18:04Z
2026-08-09T05:15:34Z,2026-08-09T07:15:34+0200,72a31bd2-8518-490a-bfbe-24bda838aac9,2026-07-23T02:45:00Z,2026-07-23T04:45:00+0200,14448.54508,MW,DE,DE_LU,actual_onshore_wind_generation,Wind Onshore,2026-08-09T05:18:04Z
2026-08-09T05:15:34Z,2026-08-09T07:15:34+0200,72a31bd2-8518-490a-bfbe-24bda838aac9,2026-07-23T03:00:00Z,2026-07-23T05:00:00+0200,14226.84911,MW,DE,DE_LU,actual_onshore_wind_generation,Wind Onshore,2026-08-09T05:18:04Z
2026-08-09T05:15:34Z,2026-08-09T07:15:34+0200,72a31bd2-8518-490a-bfbe-24bda838aac9,2026-07-23T03:15:00Z,2026-07-23T05:15:00+0200,14335.96398,MW,DE,DE_LU,actual_onshore_wind_generation,Wind Onshore,2026-08-09T05:18:04Z
2026-08-09T05:15:34Z,2026-08-09T07:15:34+0200,72a31bd2-8518-490a-bfbe-24bda838aac9,2026-07-23T03:30:00Z,2026-07-23T05:30:00+0200,14470.06598,MW,DE,DE_LU,actual_onshore_wind_generation,Wind Onshore,2026-08-09T05:18:04Z
2026-08-09T05:15:34Z,2026-08-09T07:15:34+0200,72a31bd2-8518-490a-bfbe-24bda838aac9,2026-07-23T03:45:00Z,2026-07-23T05:45:00+0200,14432.52135,MW,DE,DE_LU,actual_onshore_wind_generation,Wind Onshore,2026-08-09T05:18:04Z
2026-08-09T05:15:34Z,2026-08-09T07:15:34+0200,72a31bd2-8518-490a-bfbe-24bda838aac9,2026-07-23T04:00:00Z,2026-07-23T06:00:00+0200,13959.42046,MW,DE,DE_LU,actual_onshore_wind_generation,Wind Onshore,2026-08-09T05:18:04Z
2026-08-09T05:15:34Z,2026-08-09T07:15:34+0200,72a31bd2-8518-490a-bfbe-24bda838aac9,2026-07-23T04:15:00Z,2026-07-23T06:15:00+0200,13592.77158,MW,DE,DE_LU,actual_onshore_wind_generation,Wind Onshore,2026-08-09T05:18:04Z
2026-08-09T05:15:34Z,2026-08-09T07:15:34+0200,72a31bd2-8518-490a-bfbe-24bda838aac9,2026-07-23T04:30:00Z,2026-07-23T06:30:00+0200,13411.18178,MW,DE,DE_LU,actual_onshore_wind_generation,Wind Onshore,2026-08-09T05:18:04Z
2026-08-09T05:15:34Z,2026-08-09T07:15:34+0200,72a31bd2-8518-490a-bfbe-24bda838aac9,2026-07-23T04:45:00Z,2026-07-23T06:45:00+0200,13118.72261,MW,DE,DE_LU,actual_onshore_wind_generation,Wind Onshore,2026-08-09T05:18:04Z
2026-08-09T05:15:34Z,2026-08-09T07:15:34+0200,72a31bd2-8518-490a-bfbe-24bda838aac9,2026-07-23T05:00:00Z,2026-07-23T07:00:00+0200,12861.20937,MW,DE,DE_LU,actual_onshore_wind_generation,Wind Onshore,2026-08-09T05:18:04Z
2026-08-09T05:15:34Z,2026-08-09T07:15:34+0200,72a31bd2-8518-490a-bfbe-24bda838aac9,2026-07-23T05:15:00Z,2026-07-23T07:15:00+0200,12479.91604,MW,DE,DE_LU,actual_onshore_wind_generation,Wind Onshore,2026-08-09T05:18:04Z
2026-08-09T05:15:34Z,2026-08-09T07:15:34+0200,72a31bd2-8518-490a-bfbe-24bda838aac9,2026-07-23T05:30:00Z,2026-07-23T07:30:00+0200,12081.94497,MW,DE,DE_LU,actual_onshore_wind_generation,Wind Onshore,2026-08-09T05:18:04Z
2026-08-09T05:15:34Z,2026-08-09T07:15:34+0200,72a31bd2-8518-490a-bfbe-24bda838aac9,2026-07-23T05:45:00Z,2026-07-23T07:45:00+0200,11690.70928,MW,DE,DE_LU,actual_onshore_wind_generation,Wind Onshore,2026-08-09T05:18:04Z
2026-08-09T05:15:34Z,2026-08-09T07:15:34+0200,72a31bd2-8518-490a-bfbe-24bda838aac9,2026-07-23T06:00:00Z,2026-07-23T08:00:00+0200,11340.71221,MW,DE,DE_LU,actual_onshore_wind_generation,Wind Onshore,2026-08-09T05:18:04Z
2026-08-09T05:15:34Z,2026-08-09T07:15:34+0200,72a31bd2-8518-490a-bfbe-24bda838aac9,2026-07-23T06:15:00Z,2026-07-23T08:15:00+0200,11349.0594,MW,DE,DE_LU,actual_onshore_wind_generation,Wind Onshore,2026-08-09T05:18:04Z
2026-08-09T05:15:34Z,2026-08-09T07:15:34+0200,72a31bd2-8518-490a-bfbe-24bda838aac9,2026-07-23T06:30:00Z,2026-07-23T08:30:00+0200,11523.29066,MW,DE,DE_LU,actual_onshore_wind_generation,Wind Onshore,2026-08-09T05:18:04Z
2026-08-09T05:15:34Z,2026-08-09T07:15:34+0200,72a31bd2-8518-490a-bfbe-24bda838aac9,2026-07-23T06:45:00Z,2026-07-23T08:45:00+0200,11412.34561,MW,DE,DE_LU,actual_onshore_wind_generation,Wind Onshore,2026-08-09T05:18:04Z
2026-08-09T05:15:34Z,2026-08-09T07:15:34+0200,72a31bd2-8518-490a-bfbe-24bda838aac9,2026-07-23T07:00:00Z,2026-07-23T09:00:00+0200,11431.97949,MW,DE,DE_LU,actual_onshore_wind_generation,Wind Onshore,2026-08-09T05:18:04Z
2026-08-09T05:15:34Z,2026-08-09T07:15:34+0200,72a31bd2-8518-490a-bfbe-24bda838aac9,2026-07-23T07:15:00Z,2026-07-23T09:15:00+0200,11564.39362,MW,DE,DE_LU,actual_onshore_wind_generation,Wind Onshore,2026-08-09T05:18:04Z
2026-08-09T05:15:34Z,2026-08-09T07:15:34+0200,72a31bd2-8518-490a-bfbe-24bda838aac9,2026-07-23T07:30:00Z,2026-07-23T09:30:00+0200,11508.07237,MW,DE,DE_LU,actual_onshore_wind_generation,Wind Onshore,2026-08-09T05:18:04Z
2026-08-09T05:15:34Z,2026-08-09T07:15:34+0200,72a31bd2-8518-490a-bfbe-24bda838aac9,2026-07-23T07:45:00Z,2026-07-23T09:45:00+0200,11506.0771,MW,DE,DE_LU,actual_onshore_wind_generation,Wind Onshore,2026-08-09T05:18:04Z
2026-08-09T05:15:34Z,2026-08-09T07:15:34+0200,72a31bd2-8518-490a-bfbe-24bda838aac9,2026-07-23T08:00:00Z,2026-07-23T10:00:00+0200,11610.3699,MW,DE,DE_LU,actual_onshore_wind_generation,Wind Onshore,2026-08-09T05:18:04Z
2026-08-09T05:15:34Z,2026-08-09T07:15:34+0200,72a31bd2-8518-490a-bfbe-24bda838aac9,2026-07-23T08:15:00Z,2026-07-23T10:15:00+0200,11498.48415,MW,DE,DE_LU,actual_onshore_wind_generation,Wind Onshore,2026-08-09T05:18:04Z
2026-08-09T05:15:34Z,2026-08-09T07:15:34+0200,72a31bd2-8518-490a-bfbe-24bda838aac9,2026-07-23T08:30:00Z,2026-07-23T10:30:00+0200,11647.59053,MW,DE,DE_LU,actual_onshore_wind_generation,Wind Onshore,2026-08-09T05:18:04Z
2026-08-09T05:15:34Z,2026-08-09T07:15:34+0200,72a31bd2-8518-490a-bfbe-24bda838aac9,2026-07-23T08:45:00Z,2026-07-23T10:45:00+0200,11624.65301,MW,DE,DE_LU,actual_onshore_wind_generation,Wind Onshore,2026-08-09T05:18:04Z
2026-08-09T05:15:34Z,2026-08-09T07:15:34+0200,72a31bd2-8518-490a-bfbe-24bda838aac9,2026-07-23T09:00:00Z,2026-07-23T11:00:00+0200,11684.64988,MW,DE,DE_LU,actual_onshore_wind_generation,Wind Onshore,2026-08-09T05:18:04Z
2026-08-09T05:15:34Z,2026-08-09T07:15:34+0200,72a31bd2-8518-490a-bfbe-24bda838aac9,2026-07-23T09:15:00Z,2026-07-23T11:15:00+0200,11883.45216,MW,DE,DE_LU,actual_onshore_wind_generation,Wind Onshore,2026-08-09T05:18:04Z
2026-08-09T05:15:34Z,2026-08-09T07:15:34+0200,72a31bd2-8518-490a-bfbe-24bda838aac9,2026-07-23T09:30:00Z,2026-07-23T11:30:00+0200,12058.30846,MW,DE,DE_LU,actual_onshore_wind_generation,Wind Onshore,2026-08-09T05:18:04Z
2026-08-09T05:15:34Z,2026-08-09T07:15:34+0200,72a31bd2-8518-490a-bfbe-24bda838aac9,2026-07-23T09:45:00Z,2026-07-23T11:45:00+0200,12137.17979,MW,DE,DE_LU,actual_onshore_wind_generation,Wind Onshore,2026-08-09T05:18:04Z
2026-08-09T05:15:34Z,2026-08-09T07:15:34+0200,72a31bd2-8518-490a-bfbe-24bda838aac9,2026-07-23T10:00:00Z,2026-07-23T12:00:00+0200,12165.79506,MW,DE,DE_LU,actual_onshore_wind_generation,Wind Onshore,2026-08-09T05:18:04Z
2026-08-09T05:15:34Z,2026-08-09T07:15:34+0200,72a31bd2-8518-490a-bfbe-24bda838aac9,2026-07-23T10:15:00Z,2026-07-23T12:15:00+0200,12364.31707,MW,DE,DE_LU,actual_onshore_wind_generation,Wind Onshore,2026-08-09T05:18:04Z
2026-08-09T05:15:34Z,2026-08-09T07:15:34+0200,72a31bd2-8518-490a-bfbe-24bda838aac9,2026-07-23T10:30:00Z,2026-07-23T12:30:00+0200,12601.62596,MW,DE,DE_LU,actual_onshore_wind_generation,Wind Onshore,2026-08-09T05:18:04Z
2026-08-09T05:15:34Z,2026-08-09T07:15:34+0200,72a31bd2-8518-490a-bfbe-24bda838aac9,2026-07-23T10:45:00Z,2026-07-23T12:45:00+0200,12980.85317,MW,DE,DE_LU,actual_onshore_wind_generation,Wind Onshore,2026-08-09T05:18:04Z
2026-08-09T05:15:34Z,2026-08-09T07:15:34+0200,72a31bd2-8518-490a-bfbe-24bda838aac9,2026-07-23T11:00:00Z,2026-07-23T13:00:00+0200,13183.2535,MW,DE,DE_LU,actual_onshore_wind_generation,Wind Onshore,2026-08-09T05:18:04Z
2026-08-09T05:15:34Z,2026-08-09T07:15:34+0200,72a31bd2-8518-490a-bfbe-24bda838aac9,2026-07-23T11:15:00Z,2026-07-23T13:15:00+0200,12989.08574,MW,DE,DE_LU,actual_onshore_wind_generation,Wind Onshore,2026-08-09T05:18:04Z
2026-08-09T05:15:34Z,2026-08-09T07:15:34+0200,72a31bd2-8518-490a-bfbe-24bda838aac9,2026-07-23T11:30:00Z,2026-07-23T13:30:00+0200,13105.18099,MW,DE,DE_LU,actual_onshore_wind_generation,Wind Onshore,2026-08-09T05:18:04Z
2026-08-09T05:15:34Z,2026-08-09T07:15:34+0200,72a31bd2-8518-490a-bfbe-24bda838aac9,2026-07-23T11:45:00Z,2026-07-23T13:45:00+0200,13197.56716,MW,DE,DE_LU,actual_onshore_wind_generation,Wind Onshore,2026-08-09T05:18:04Z
2026-08-09T05:15:34Z,2026-08-09T07:15:34+0200,72a31bd2-8518-490a-bfbe-24bda838aac9,2026-07-23T12:00:00Z,2026-07-23T14:00:00+0200,12761.40704,MW,DE,DE_LU,actual_onshore_wind_generation,Wind Onshore,2026-08-09T05:18:04Z
2026-08-09T05:15:34Z,2026-08-09T07:15:34+0200,72a31bd2-8518-490a-bfbe-24bda838aac9,2026-07-23T12:15:00Z,2026-07-23T14:15:00+0200,12752.43742,MW,DE,DE_LU,actual_onshore_wind_generation,Wind Onshore,2026-08-09T05:18:04Z
2026-08-09T05:15:34Z,2026-08-09T07:15:34+0200,72a31bd2-8518-490a-bfbe-24bda838aac9,2026-07-23T12:30:00Z,2026-07-23T14:30:00+0200,12567.74863,MW,DE,DE_LU,actual_onshore_wind_generation,Wind Onshore,2026-08-09T05:18:04Z
2026-08-09T05:15:34Z,2026-08-09T07:15:34+0200,72a31bd2-8518-490a-bfbe-24bda838aac9,2026-07-23T12:45:00Z,2026-07-23T14:45:00+0200,12685.57277,MW,DE,DE_LU,actual_onshore_wind_generation,Wind Onshore,2026-08-09T05:18:04Z
2026-08-09T05:15:34Z,2026-08-09T07:15:34+0200,72a31bd2-8518-490a-bfbe-24bda838aac9,2026-07-23T13:00:00Z,2026-07-23T15:00:00+0200,12526.22033,MW,DE,DE_LU,actual_onshore_wind_generation,Wind Onshore,2026-08-09T05:18:04Z
2026-08-09T05:15:34Z,2026-08-09T07:15:34+0200,72a31bd2-8518-490a-bfbe-24bda838aac9,2026-07-23T13:15:00Z,2026-07-23T15:15:00+0200,12610.65504,MW,DE,DE_LU,actual_onshore_wind_generation,Wind Onshore,2026-08-09T05:18:04Z
2026-08-09T05:15:34Z,2026-08-09T07:15:34+0200,72a31bd2-8518-490a-bfbe-24bda838aac9,2026-07-23T13:30:00Z,2026-07-23T15:30:00+0200,12582.8627,MW,DE,DE_LU,actual_onshore_wind_generation,Wind Onshore,2026-08-09T05:18:04Z
2026-08-09T05:15:34Z,2026-08-09T07:15:34+0200,72a31bd2-8518-490a-bfbe-24bda838aac9,2026-07-23T13:45:00Z,2026-07-23T15:45:00+0200,12824.2439,MW,DE,DE_LU,actual_onshore_wind_generation,Wind Onshore,2026-08-09T05:18:04Z
2026-08-09T05:15:34Z,2026-08-09T07:15:34+0200,72a31bd2-8518-490a-bfbe-24bda838aac9,2026-07-23T14:00:00Z,2026-07-23T16:00:00+0200,12683.90014,MW,DE,DE_LU,actual_onshore_wind_generation,Wind Onshore,2026-08-09T05:18:04Z
2026-08-09T05:15:34Z,2026-08-09T07:15:34+0200,72a31bd2-8518-490a-bfbe-24bda838aac9,2026-07-23T14:15:00Z,2026-07-23T16:15:00+0200,13356.33213,MW,DE,DE_LU,actual_onshore_wind_generation,Wind Onshore,2026-08-09T05:18:04Z
2026-08-09T05:15:34Z,2026-08-09T07:15:34+0200,72a31bd2-8518-490a-bfbe-24bda838aac9,2026-07-23T14:30:00Z,2026-07-23T16:30:00+0200,13784.59665,MW,DE,DE_LU,actual_onshore_wind_generation,Wind Onshore,2026-08-09T05:18:04Z
2026-08-09T05:15:34Z,2026-08-09T07:15:34+0200,72a31bd2-8518-490a-bfbe-24bda838aac9,2026-07-23T14:45:00Z,2026-07-23T16:45:00+0200,13838.8628,MW,DE,DE_LU,actual_onshore_wind_generation,Wind Onshore,2026-08-09T05:18:04Z
2026-08-09T05:15:34Z,2026-08-09T07:15:34+0200,72a31bd2-8518-490a-bfbe-24bda838aac9,2026-07-23T15:00:00Z,2026-07-23T17:00:00+0200,14578.53619,MW,DE,DE_LU,actual_onshore_wind_generation,Wind Onshore,2026-08-09T05:18:04Z
2026-08-09T05:15:34Z,2026-08-09T07:15:34+0200,72a31bd2-8518-490a-bfbe-24bda838aac9,2026-07-23T15:15:00Z,2026-07-23T17:15:00+0200,14877.29908,MW,DE,DE_LU,actual_onshore_wind_generation,Wind Onshore,2026-08-09T05:18:04Z
2026-08-09T05:15:34Z,2026-08-09T07:15:34+0200,72a31bd2-8518-490a-bfbe-24bda838aac9,2026-07-23T15:30:00Z,2026-07-23T17:30:00+0200,14537.1859,MW,DE,DE_LU,actual_onshore_wind_generation,Wind Onshore,2026-08-09T05:18:04Z
2026-08-09T05:15:34Z,2026-08-09T07:15:34+0200,72a31bd2-8518-490a-bfbe-24bda838aac9,2026-07-23T15:45:00Z,2026-07-23T17:45:00+0200,14351.57576,MW,DE,DE_LU,actual_onshore_wind_generation,Wind Onshore,2026-08-09T05:18:04Z
2026-08-09T05:15:34Z,2026-08-09T07:15:34+0200,72a31bd2-8518-490a-bfbe-24bda838aac9,2026-07-23T16:00:00Z,2026-07-23T18:00:00+0200,14370.49147,MW,DE,DE_LU,actual_onshore_wind_generation,Wind Onshore,2026-08-09T05:18:04Z
2026-08-09T05:15:34Z,2026-08-09T07:15:34+0200,72a31bd2-8518-490a-bfbe-24bda838aac9,2026-07-23T16:15:00Z,2026-07-23T18:15:00+0200,14147.64343,MW,DE,DE_LU,actual_onshore_wind_generation,Wind Onshore,2026-08-09T05:18:04Z
2026-08-09T05:15:34Z,2026-08-09T07:15:34+0200,72a31bd2-8518-490a-bfbe-24bda838aac9,2026-07-23T16:30:00Z,2026-07-23T18:30:00+0200,13891.59293,MW,DE,DE_LU,actual_onshore_wind_generation,Wind Onshore,2026-08-09T05:18:04Z
2026-08-09T05:15:34Z,2026-08-09T07:15:34+0200,72a31bd2-8518-490a-bfbe-24bda838aac9,2026-07-23T16:45:00Z,2026-07-23T18:45:00+0200,13937.15056,MW,DE,DE_LU,actual_onshore_wind_generation,Wind Onshore,2026-08-09T05:18:04Z
2026-08-09T05:15:34Z,2026-08-09T07:15:34+0200,72a31bd2-8518-490a-bfbe-24bda838aac9,2026-07-23T17:00:00Z,2026-07-23T19:00:00+0200,13752.84835,MW,DE,DE_LU,actual_onshore_wind_generation,Wind Onshore,2026-08-09T05:18:04Z
2026-08-09T05:15:34Z,2026-08-09T07:15:34+0200,72a31bd2-8518-490a-bfbe-24bda838aac9,2026-07-23T17:15:00Z,2026-07-23T19:15:00+0200,13293.73024,MW,DE,DE_LU,actual_onshore_wind_generation,Wind Onshore,2026-08-09T05:18:04Z
2026-08-09T05:15:34Z,2026-08-09T07:15:34+0200,72a31bd2-8518-490a-bfbe-24bda838aac9,2026-07-23T17:30:00Z,2026-07-23T19:30:00+0200,12460.52283,MW,DE,DE_LU,actual_onshore_wind_generation,Wind Onshore,2026-08-09T05:18:04Z
2026-08-09T05:15:34Z,2026-08-09T07:15:34+0200,72a31bd2-8518-490a-bfbe-24bda838aac9,2026-07-23T17:45:00Z,2026-07-23T19:45:00+0200,11548.12986,MW,DE,DE_LU,actual_onshore_wind_generation,Wind Onshore,2026-08-09T05:18:04Z
2026-08-09T05:15:34Z,2026-08-09T07:15:34+0200,72a31bd2-8518-490a-bfbe-24bda838aac9,2026-07-23T18:00:00Z,2026-07-23T20:00:00+0200,10667.51,MW,DE,DE_LU,actual_onshore_wind_generation,Wind Onshore,2026-08-09T05:18:04Z
2026-08-09T05:15:34Z,2026-08-09T07:15:34+0200,72a31bd2-8518-490a-bfbe-24bda838aac9,2026-07-23T18:15:00Z,2026-07-23T20:15:00+0200,9861.78391,MW,DE,DE_LU,actual_onshore_wind_generation,Wind Onshore,2026-08-09T05:18:04Z
2026-08-09T05:15:34Z,2026-08-09T07:15:34+0200,72a31bd2-8518-490a-bfbe-24bda838aac9,2026-07-23T18:30:00Z,2026-07-23T20:30:00+0200,9159.0578,MW,DE,DE_LU,actual_onshore_wind_generation,Wind Onshore,2026-08-09T05:18:04Z
2026-08-09T05:15:34Z,2026-08-09T07:15:34+0200,72a31bd2-8518-490a-bfbe-24bda838aac9,2026-07-23T18:45:00Z,2026-07-23T20:45:00+0200,8836.16491,MW,DE,DE_LU,actual_onshore_wind_generation,Wind Onshore,2026-08-09T05:18:04Z
2026-08-09T05:15:34Z,2026-08-09T07:15:34+0200,72a31bd2-8518-490a-bfbe-24bda838aac9,2026-07-23T19:00:00Z,2026-07-23T21:00:00+0200,8938.50052,MW,DE,DE_LU,actual_onshore_wind_generation,Wind Onshore,2026-08-09T05:18:04Z
2026-08-09T05:15:34Z,2026-08-09T07:15:34+0200,72a31bd2-8518-490a-bfbe-24bda838aac9,2026-07-23T19:15:00Z,2026-07-23T21:15:00+0200,8650.72957,MW,DE,DE_LU,actual_onshore_wind_generation,Wind Onshore,2026-08-09T05:18:04Z
2026-08-09T05:15:34Z,2026-08-09T07:15:34+0200,72a31bd2-8518-490a-bfbe-24bda838aac9,2026-07-23T19:30:00Z,2026-07-23T21:30:00+0200,8011.30585,MW,DE,DE_LU,actual_onshore_wind_generation,Wind Onshore,2026-08-09T05:18:04Z
2026-08-09T05:15:34Z,2026-08-09T07:15:34+0200,72a31bd2-8518-490a-bfbe-24bda838aac9,2026-07-23T19:45:00Z,2026-07-23T21:45:00+0200,7922.89393,MW,DE,DE_LU,actual_onshore_wind_generation,Wind Onshore,2026-08-09T05:18:04Z
2026-08-09T05:15:34Z,2026-08-09T07:15:34+0200,72a31bd2-8518-490a-bfbe-24bda838aac9,2026-07-23T20:00:00Z,2026-07-23T22:00:00+0200,7942.50679,MW,DE,DE_LU,actual_onshore_wind_generation,Wind Onshore,2026-08-09T05:18:04Z
2026-08-09T05:15:34Z,2026-08-09T07:15:34+0200,72a31bd2-8518-490a-bfbe-24bda838aac9,2026-07-23T20:15:00Z,2026-07-23T22:15:00+0200,8070.05744,MW,DE,DE_LU,actual_onshore_wind_generation,Wind Onshore,2026-08-09T05:18:04Z
2026-08-09T05:15:34Z,2026-08-09T07:15:34+0200,72a31bd2-8518-490a-bfbe-24bda838aac9,2026-07-23T20:30:00Z,2026-07-23T22:30:00+0200,8035.52454,MW,DE,DE_LU,actual_onshore_wind_generation,Wind Onshore,2026-08-09T05:18:04Z
2026-08-09T05:15:34Z,2026-08-09T07:15:34+0200,72a31bd2-8518-490a-bfbe-24bda838aac9,2026-07-23T20:45:00Z,2026-07-23T22:45:00+0200,8146.04872,MW,DE,DE_LU,actual_onshore_wind_generation,Wind Onshore,2026-08-09T05:18:04Z
2026-08-09T05:15:34Z,2026-08-09T07:15:34+0200,72a31bd2-8518-490a-bfbe-24bda838aac9,2026-07-23T21:00:00Z,2026-07-23T23:00:00+0200,8120.54373,MW,DE,DE_LU,actual_onshore_wind_generation,Wind Onshore,2026-08-09T05:18:04Z
2026-08-09T05:15:34Z,2026-08-09T07:15:34+0200,72a31bd2-8518-490a-bfbe-24bda838aac9,2026-07-23T21:15:00Z,2026-07-23T23:15:00+0200,8022.24068,MW,DE,DE_LU,actual_onshore_wind_generation,Wind Onshore,2026-08-09T05:18:04Z
2026-08-09T05:15:34Z,2026-08-09T07:15:34+0200,72a31bd2-8518-490a-bfbe-24bda838aac9,2026-07-23T21:30:00Z,2026-07-23T23:30:00+0200,7783.21326,MW,DE,DE_LU,actual_onshore_wind_generation,Wind Onshore,2026-08-09T05:18:04Z
2026-08-09T05:15:34Z,2026-08-09T07:15:34+0200,72a31bd2-8518-490a-bfbe-24bda838aac9,2026-07-23T21:45:00Z,2026-07-23T23:45:00+0200,7625.68232,MW,DE,DE_LU,actual_onshore_wind_generation,Wind Onshore,2026-08-09T05:18:04Z
2026-08-09T05:15:34Z,2026-08-09T07:15:34+0200,72a31bd2-8518-490a-bfbe-24bda838aac9,2026-07-23T22:00:00Z,2026-07-24T00:00:00+0200,7382.76537,MW,DE,DE_LU,actual_onshore_wind_generation,Wind Onshore,2026-08-09T05:18:04Z
2026-08-09T05:15:34Z,2026-08-09T07:15:34+0200,72a31bd2-8518-490a-bfbe-24bda838aac9,2026-07-23T22:15:00Z,2026-07-24T00:15:00+0200,7183.56649,MW,DE,DE_LU,actual_onshore_wind_generation,Wind Onshore,2026-08-09T05:18:04Z
2026-08-09T05:15:34Z,2026-08-09T07:15:34+0200,72a31bd2-8518-490a-bfbe-24bda838aac9,2026-07-23T22:30:00Z,2026-07-24T00:30:00+0200,7100.06499,MW,DE,DE_LU,actual_onshore_wind_generation,Wind Onshore,2026-08-09T05:18:04Z
2026-08-09T05:15:34Z,2026-08-09T07:15:34+0200,72a31bd2-8518-490a-bfbe-24bda838aac9,2026-07-23T22:45:00Z,2026-07-24T00:45:00+0200,7096.86829,MW,DE,DE_LU,actual_onshore_wind_generation,Wind Onshore,2026-08-09T05:18:04Z
2026-08-09T05:15:34Z,2026-08-09T07:15:34+0200,72a31bd2-8518-490a-bfbe-24bda838aac9,2026-07-23T23:00:00Z,2026-07-24T01:00:00+0200,7011.29687,MW,DE,DE_LU,actual_onshore_wind_generation,Wind Onshore,2026-08-09T05:18:04Z
2026-08-09T05:15:34Z,2026-08-09T07:15:34+0200,72a31bd2-8518-490a-bfbe-24bda838aac9,2026-07-23T23:15:00Z,2026-07-24T01:15:00+0200,6819.15358,MW,DE,DE_LU,actual_onshore_wind_generation,Wind Onshore,2026-08-09T05:18:04Z
2026-08-09T05:15:34Z,2026-08-09T07:15:34+0200,72a31bd2-8518-490a-bfbe-24bda838aac9,2026-07-23T23:30:00Z,2026-07-24T01:30:00+0200,6816.49107,MW,DE,DE_LU,actual_onshore_wind_generation,Wind Onshore,2026-08-09T05:18:04Z
2026-08-09T05:15:34Z,2026-08-09T07:15:34+0200,72a31bd2-8518-490a-bfbe-24bda838aac9,2026-07-23T23:45:00Z,2026-07-24T01:45:00+0200,6751.0407,MW,DE,DE_LU,actual_onshore_wind_generation,Wind Onshore,2026-08-09T05:18:04Z
2026-08-09T05:15:34Z,2026-08-09T07:15:34+0200,72a31bd2-8518-490a-bfbe-24bda838aac9,2026-07-24T00:00:00Z,2026-07-24T02:00:00+0200,6527.36337,MW,DE,DE_LU,actual_onshore_wind_generation,Wind Onshore,2026-08-09T05:18:04Z
2026-08-09T05:15:34Z,2026-08-09T07:15:34+0200,72a31bd2-8518-490a-bfbe-24bda838aac9,2026-07-24T00:15:00Z,2026-07-24T02:15:00+0200,6337.44451,MW,DE,DE_LU,actual_onshore_wind_generation,Wind Onshore,2026-08-09T05:18:04Z
2026-08-09T05:15:34Z,2026-08-09T07:15:34+0200,72a31bd2-8518-490a-bfbe-24bda838aac9,2026-07-24T00:30:00Z,2026-07-24T02:30:00+0200,6200.96738,MW,DE,DE_LU,actual_onshore_wind_generation,Wind Onshore,2026-08-09T05:18:04Z
2026-08-09T05:15:34Z,2026-08-09T07:15:34+0200,72a31bd2-8518-490a-bfbe-24bda838aac9,2026-07-24T00:45:00Z,2026-07-24T02:45:00+0200,5991.45363,MW,DE,DE_LU,actual_onshore_wind_generation,Wind Onshore,2026-08-09T05:18:04Z
2026-08-09T05:15:34Z,2026-08-09T07:15:34+0200,72a31bd2-8518-490a-bfbe-24bda838aac9,2026-07-24T01:00:00Z,2026-07-24T03:00:00+0200,5749.22279,MW,DE,DE_LU,actual_onshore_wind_generation,Wind Onshore,2026-08-09T05:18:04Z
2026-08-09T05:15:34Z,2026-08-09T07:15:34+0200,72a31bd2-8518-490a-bfbe-24bda838aac9,2026-07-24T01:15:00Z,2026-07-24T03:15:00+0200,5606.52641,MW,DE,DE_LU,actual_onshore_wind_generation,Wind Onshore,2026-08-09T05:18:04Z
2026-08-09T05:15:34Z,2026-08-09T07:15:34+0200,72a31bd2-8518-490a-bfbe-24bda838aac9,2026-07-24T01:30:00Z,2026-07-24T03:30:00+0200,5449.45554,MW,DE,DE_LU,actual_onshore_wind_generation,Wind Onshore,2026-08-09T05:18:04Z
2026-08-09T05:15:34Z,2026-08-09T07:15:34+0200,72a31bd2-8518-490a-bfbe-24bda838aac9,2026-07-24T01:45:00Z,2026-07-24T03:45:00+0200,5262.41949,MW,DE,DE_LU,actual_onshore_wind_generation,Wind Onshore,2026-08-09T05:18:04Z
2026-08-09T05:15:34Z,2026-08-09T07:15:34+0200,72a31bd2-8518-490a-bfbe-24bda838aac9,2026-07-24T02:00:00Z,2026-07-24T04:00:00+0200,5129.96283,MW,DE,DE_LU,actual_onshore_wind_generation,Wind Onshore,2026-08-09T05:18:04Z
2026-08-09T05:15:34Z,2026-08-09T07:15:34+0200,72a31bd2-8518-490a-bfbe-24bda838aac9,2026-07-24T02:15:00Z,2026-07-24T04:15:00+0200,4982.6062,MW,DE,DE_LU,actual_onshore_wind_generation,Wind Onshore,2026-08-09T05:18:04Z
2026-08-09T05:15:34Z,2026-08-09T07:15:34+0200,72a31bd2-8518-490a-bfbe-24bda838aac9,2026-07-24T02:30:00Z,2026-07-24T04:30:00+0200,4877.11981,MW,DE,DE_LU,actual_onshore_wind_generation,Wind Onshore,2026-08-09T05:18:04Z
2026-08-09T05:15:34Z,2026-08-09T07:15:34+0200,72a31bd2-8518-490a-bfbe-24bda838aac9,2026-07-24T02:45:00Z,2026-07-24T04:45:00+0200,4800.9329,MW,DE,DE_LU,actual_onshore_wind_generation,Wind Onshore,2026-08-09T05:18:04Z
2026-08-09T05:15:34Z,2026-08-09T07:15:34+0200,72a31bd2-8518-490a-bfbe-24bda838aac9,2026-07-24T03:00:00Z,2026-07-24T05:00:00+0200,4715.62369,MW,DE,DE_LU,actual_onshore_wind_generation,Wind Onshore,2026-08-09T05:18:04Z
2026-08-09T05:15:34Z,2026-08-09T07:15:34+0200,72a31bd2-8518-490a-bfbe-24bda838aac9,2026-07-24T03:15:00Z,2026-07-24T05:15:00+0200,4527.64203,MW,DE,DE_LU,actual_onshore_wind_generation,Wind Onshore,2026-08-09T05:18:04Z
2026-08-09T05:15:34Z,2026-08-09T07:15:34+0200,72a31bd2-8518-490a-bfbe-24bda838aac9,2026-07-24T03:30:00Z,2026-07-24T05:30:00+0200,4711.8072,MW,DE,DE_LU,actual_onshore_wind_generation,Wind Onshore,2026-08-09T05:18:04Z
2026-08-09T05:15:34Z,2026-08-09T07:15:34+0200,72a31bd2-8518-490a-bfbe-24bda838aac9,2026-07-24T03:45:00Z,2026-07-24T05:45:00+0200,4721.66117,MW,DE,DE_LU,actual_onshore_wind_generation,Wind Onshore,2026-08-09T05:18:04Z
2026-08-09T05:15:34Z,2026-08-09T07:15:34+0200,72a31bd2-8518-490a-bfbe-24bda838aac9,2026-07-24T04:00:00Z,2026-07-24T06:00:00+0200,4439.74226,MW,DE,DE_LU,actual_onshore_wind_generation,Wind Onshore,2026-08-09T05:18:04Z
2026-08-09T05:15:34Z,2026-08-09T07:15:34+0200,72a31bd2-8518-490a-bfbe-24bda838aac9,2026-07-24T04:15:00Z,2026-07-24T06:15:00+0200,4291.58773,MW,DE,DE_LU,actual_onshore_wind_generation,Wind Onshore,2026-08-09T05:18:04Z
2026-08-09T05:15:34Z,2026-08-09T07:15:34+0200,72a31bd2-8518-490a-bfbe-24bda838aac9,2026-07-24T04:30:00Z,2026-07-24T06:30:00+0200,4226.58299,MW,DE,DE_LU,actual_onshore_wind_generation,Wind Onshore,2026-08-09T05:18:04Z
2026-08-09T05:15:34Z,2026-08-09T07:15:34+0200,72a31bd2-8518-490a-bfbe-24bda838aac9,2026-07-24T04:45:00Z,2026-07-24T06:45:00+0200,3960.3714,MW,DE,DE_LU,actual_onshore_wind_generation,Wind Onshore,2026-08-09T05:18:04Z
2026-08-09T05:15:34Z,2026-08-09T07:15:34+0200,72a31bd2-8518-490a-bfbe-24bda838aac9,2026-07-24T05:00:00Z,2026-07-24T07:00:00+0200,3652.05695,MW,DE,DE_LU,actual_onshore_wind_generation,Wind Onshore,2026-08-09T05:18:04Z
2026-08-09T05:15:34Z,2026-08-09T07:15:34+0200,72a31bd2-8518-490a-bfbe-24bda838aac9,2026-07-24T05:15:00Z,2026-07-24T07:15:00+0200,3245.98188,MW,DE,DE_LU,actual_onshore_wind_generation,Wind Onshore,2026-08-09T05:18:04Z
2026-08-09T05:15:34Z,2026-08-09T07:15:34+0200,72a31bd2-8518-490a-bfbe-24bda838aac9,2026-07-24T05:30:00Z,2026-07-24T07:30:00+0200,2870.80343,MW,DE,DE_LU,actual_onshore_wind_generation,Wind Onshore,2026-08-09T05:18:04Z
2026-08-09T05:15:34Z,2026-08-09T07:15:34+0200,72a31bd2-8518-490a-bfbe-24bda838aac9,2026-07-24T05:45:00Z,2026-07-24T07:45:00+0200,2566.75122,MW,DE,DE_LU,actual_onshore_wind_generation,Wind Onshore,2026-08-09T05:18:04Z
2026-08-09T05:15:34Z,2026-08-09T07:15:34+0200,72a31bd2-8518-490a-bfbe-24bda838aac9,2026-07-24T06:00:00Z,2026-07-24T08:00:00+0200,2365.55672,MW,DE,DE_LU,actual_onshore_wind_generation,Wind Onshore,2026-08-09T05:18:04Z
2026-08-09T05:15:34Z,2026-08-09T07:15:34+0200,72a31bd2-8518-490a-bfbe-24bda838aac9,2026-07-24T06:15:00Z,2026-07-24T08:15:00+0200,2120.02093,MW,DE,DE_LU,actual_onshore_wind_generation,Wind Onshore,2026-08-09T05:18:04Z
2026-08-09T05:15:34Z,2026-08-09T07:15:34+0200,72a31bd2-8518-490a-bfbe-24bda838aac9,2026-07-24T06:30:00Z,2026-07-24T08:30:00+0200,2014.6289,MW,DE,DE_LU,actual_onshore_wind_generation,Wind Onshore,2026-08-09T05:18:04Z
2026-08-09T05:15:34Z,2026-08-09T07:15:34+0200,72a31bd2-8518-490a-bfbe-24bda838aac9,2026-07-24T06:45:00Z,2026-07-24T08:45:00+0200,2088.5808,MW,DE,DE_LU,actual_onshore_wind_generation,Wind Onshore,2026-08-09T05:18:04Z
2026-08-09T05:15:34Z,2026-08-09T07:15:34+0200,72a31bd2-8518-490a-bfbe-24bda838aac9,2026-07-24T07:00:00Z,2026-07-24T09:00:00+0200,2221.3651,MW,DE,DE_LU,actual_onshore_wind_generation,Wind Onshore,2026-08-09T05:18:04Z
2026-08-09T05:15:34Z,2026-08-09T07:15:34+0200,72a31bd2-8518-490a-bfbe-24bda838aac9,2026-07-24T07:15:00Z,2026-07-24T09:15:00+0200,2437.69863,MW,DE,DE_LU,actual_onshore_wind_generation,Wind Onshore,2026-08-09T05:18:04Z
2026-08-09T05:15:34Z,2026-08-09T07:15:34+0200,72a31bd2-8518-490a-bfbe-24bda838aac9,2026-07-24T07:30:00Z,2026-07-24T09:30:00+0200,2688.99473,MW,DE,DE_LU,actual_onshore_wind_generation,Wind Onshore,2026-08-09T05:18:04Z
2026-08-09T05:15:34Z,2026-08-09T07:15:34+0200,72a31bd2-8518-490a-bfbe-24bda838aac9,2026-07-24T07:45:00Z,2026-07-24T09:45:00+0200,2968.27338,MW,DE,DE_LU,actual_onshore_wind_generation,Wind Onshore,2026-08-09T05:18:04Z
2026-08-09T05:15:34Z,2026-08-09T07:15:34+0200,72a31bd2-8518-490a-bfbe-24bda838aac9,2026-07-24T08:00:00Z,2026-07-24T10:00:00+0200,3106.06518,MW,DE,DE_LU,actual_onshore_wind_generation,Wind Onshore,2026-08-09T05:18:04Z
2026-08-09T05:15:34Z,2026-08-09T07:15:34+0200,72a31bd2-8518-490a-bfbe-24bda838aac9,2026-07-24T08:15:00Z,2026-07-24T10:15:00+0200,3211.65647,MW,DE,DE_LU,actual_onshore_wind_generation,Wind Onshore,2026-08-09T05:18:04Z
2026-08-09T05:15:34Z,2026-08-09T07:15:34+0200,72a31bd2-8518-490a-bfbe-24bda838aac9,2026-07-24T08:30:00Z,2026-07-24T10:30:00+0200,3402.93951,MW,DE,DE_LU,actual_onshore_wind_generation,Wind Onshore,2026-08-09T05:18:04Z
2026-08-09T05:15:34Z,2026-08-09T07:15:34+0200,72a31bd2-8518-490a-bfbe-24bda838aac9,2026-07-24T08:45:00Z,2026-07-24T10:45:00+0200,3598.79897,MW,DE,DE_LU,actual_onshore_wind_generation,Wind Onshore,2026-08-09T05:18:04Z
2026-08-09T05:15:34Z,2026-08-09T07:15:34+0200,72a31bd2-8518-490a-bfbe-24bda838aac9,2026-07-24T09:00:00Z,2026-07-24T11:00:00+0200,3796.79842,MW,DE,DE_LU,actual_onshore_wind_generation,Wind Onshore,2026-08-09T05:18:04Z
2026-08-09T05:15:34Z,2026-08-09T07:15:34+0200,72a31bd2-8518-490a-bfbe-24bda838aac9,2026-07-24T09:15:00Z,2026-07-24T11:15:00+0200,3810.61885,MW,DE,DE_LU,actual_onshore_wind_generation,Wind Onshore,2026-08-09T05:18:04Z
2026-08-09T05:15:34Z,2026-08-09T07:15:34+0200,72a31bd2-8518-490a-bfbe-24bda838aac9,2026-07-24T09:30:00Z,2026-07-24T11:30:00+0200,3969.27185,MW,DE,DE_LU,actual_onshore_wind_generation,Wind Onshore,2026-08-09T05:18:04Z
2026-08-09T05:15:34Z,2026-08-09T07:15:34+0200,72a31bd2-8518-490a-bfbe-24bda838aac9,2026-07-24T09:45:00Z,2026-07-24T11:45:00+0200,3974.58815,MW,DE,DE_LU,actual_onshore_wind_generation,Wind Onshore,2026-08-09T05:18:04Z
2026-08-09T05:15:34Z,2026-08-09T07:15:34+0200,72a31bd2-8518-490a-bfbe-24bda838aac9,2026-07-24T10:00:00Z,2026-07-24T12:00:00+0200,3996.60159,MW,DE,DE_LU,actual_onshore_wind_generation,Wind Onshore,2026-08-09T05:18:04Z
2026-08-09T05:15:34Z,2026-08-09T07:15:34+0200,72a31bd2-8518-490a-bfbe-24bda838aac9,2026-07-24T10:15:00Z,2026-07-24T12:15:00+0200,4011.47445,MW,DE,DE_LU,actual_onshore_wind_generation,Wind Onshore,2026-08-09T05:18:04Z
2026-08-09T05:15:34Z,2026-08-09T07:15:34+0200,72a31bd2-8518-490a-bfbe-24bda838aac9,2026-07-24T10:30:00Z,2026-07-24T12:30:00+0200,3921.10325,MW,DE,DE_LU,actual_onshore_wind_generation,Wind Onshore,2026-08-09T05:18:04Z
2026-08-09T05:15:34Z,2026-08-09T07:15:34+0200,72a31bd2-8518-490a-bfbe-24bda838aac9,2026-07-24T10:45:00Z,2026-07-24T12:45:00+0200,3592.79924,MW,DE,DE_LU,actual_onshore_wind_generation,Wind Onshore,2026-08-09T05:18:04Z
2026-08-09T05:15:34Z,2026-08-09T07:15:34+0200,72a31bd2-8518-490a-bfbe-24bda838aac9,2026-07-24T11:00:00Z,2026-07-24T13:00:00+0200,3366.99496,MW,DE,DE_LU,actual_onshore_wind_generation,Wind Onshore,2026-08-09T05:18:04Z
2026-08-09T05:15:34Z,2026-08-09T07:15:34+0200,72a31bd2-8518-490a-bfbe-24bda838aac9,2026-07-24T11:15:00Z,2026-07-24T13:15:00+0200,3239.92727,MW,DE,DE_LU,actual_onshore_wind_generation,Wind Onshore,2026-08-09T05:18:04Z
2026-08-09T05:15:34Z,2026-08-09T07:15:34+0200,72a31bd2-8518-490a-bfbe-24bda838aac9,2026-07-24T11:30:00Z,2026-07-24T13:30:00+0200,3085.09848,MW,DE,DE_LU,actual_onshore_wind_generation,Wind Onshore,2026-08-09T05:18:04Z
2026-08-09T05:15:34Z,2026-08-09T07:15:34+0200,72a31bd2-8518-490a-bfbe-24bda838aac9,2026-07-24T11:45:00Z,2026-07-24T13:45:00+0200,2924.51021,MW,DE,DE_LU,actual_onshore_wind_generation,Wind Onshore,2026-08-09T05:18:04Z
2026-08-09T05:15:34Z,2026-08-09T07:15:34+0200,72a31bd2-8518-490a-bfbe-24bda838aac9,2026-07-24T12:00:00Z,2026-07-24T14:00:00+0200,2764.55942,MW,DE,DE_LU,actual_onshore_wind_generation,Wind Onshore,2026-08-09T05:18:04Z
2026-08-09T05:15:34Z,2026-08-09T07:15:34+0200,72a31bd2-8518-490a-bfbe-24bda838aac9,2026-07-24T12:15:00Z,2026-07-24T14:15:00+0200,2650.53377,MW,DE,DE_LU,actual_onshore_wind_generation,Wind Onshore,2026-08-09T05:18:04Z
2026-08-09T05:15:34Z,2026-08-09T07:15:34+0200,72a31bd2-8518-490a-bfbe-24bda838aac9,2026-07-24T12:30:00Z,2026-07-24T14:30:00+0200,2607.9818,MW,DE,DE_LU,actual_onshore_wind_generation,Wind Onshore,2026-08-09T05:18:04Z
2026-08-09T05:15:34Z,2026-08-09T07:15:34+0200,72a31bd2-8518-490a-bfbe-24bda838aac9,2026-07-24T12:45:00Z,2026-07-24T14:45:00+0200,2557.76388,MW,DE,DE_LU,actual_onshore_wind_generation,Wind Onshore,2026-08-09T05:18:04Z
2026-08-09T05:15:34Z,2026-08-09T07:15:34+0200,72a31bd2-8518-490a-bfbe-24bda838aac9,2026-07-24T13:00:00Z,2026-07-24T15:00:00+0200,2637.69195,MW,DE,DE_LU,actual_onshore_wind_generation,Wind Onshore,2026-08-09T05:18:04Z
2026-08-09T05:15:34Z,2026-08-09T07:15:34+0200,72a31bd2-8518-490a-bfbe-24bda838aac9,2026-07-24T13:15:00Z,2026-07-24T15:15:00+0200,2464.18057,MW,DE,DE_LU,actual_onshore_wind_generation,Wind Onshore,2026-08-09T05:18:04Z
2026-08-09T05:15:34Z,2026-08-09T07:15:34+0200,72a31bd2-8518-490a-bfbe-24bda838aac9,2026-07-24T13:30:00Z,2026-07-24T15:30:00+0200,2402.01323,MW,DE,DE_LU,actual_onshore_wind_generation,Wind Onshore,2026-08-09T05:18:04Z
2026-08-09T05:15:34Z,2026-08-09T07:15:34+0200,72a31bd2-8518-490a-bfbe-24bda838aac9,2026-07-24T13:45:00Z,2026-07-24T15:45:00+0200,2458.48766,MW,DE,DE_LU,actual_onshore_wind_generation,Wind Onshore,2026-08-09T05:18:04Z
2026-08-09T05:15:34Z,2026-08-09T07:15:34+0200,72a31bd2-8518-490a-bfbe-24bda838aac9,2026-07-24T14:00:00Z,2026-07-24T16:00:00+0200,2592.24389,MW,DE,DE_LU,actual_onshore_wind_generation,Wind Onshore,2026-08-09T05:18:04Z
2026-08-09T05:15:34Z,2026-08-09T07:15:34+0200,72a31bd2-8518-490a-bfbe-24bda838aac9,2026-07-24T14:15:00Z,2026-07-24T16:15:00+0200,2813.57267,MW,DE,DE_LU,actual_onshore_wind_generation,Wind Onshore,2026-08-09T05:18:04Z
2026-08-09T05:15:34Z,2026-08-09T07:15:34+0200,72a31bd2-8518-490a-bfbe-24bda838aac9,2026-07-24T14:30:00Z,2026-07-24T16:30:00+0200,2893.82105,MW,DE,DE_LU,actual_onshore_wind_generation,Wind Onshore,2026-08-09T05:18:04Z
2026-08-09T05:15:34Z,2026-08-09T07:15:34+0200,72a31bd2-8518-490a-bfbe-24bda838aac9,2026-07-24T14:45:00Z,2026-07-24T16:45:00+0200,2860.69839,MW,DE,DE_LU,actual_onshore_wind_generation,Wind Onshore,2026-08-09T05:18:04Z
2026-08-09T05:15:34Z,2026-08-09T07:15:34+0200,72a31bd2-8518-490a-bfbe-24bda838aac9,2026-07-24T15:00:00Z,2026-07-24T17:00:00+0200,2760.21551,MW,DE,DE_LU,actual_onshore_wind_generation,Wind Onshore,2026-08-09T05:18:04Z
2026-08-09T05:15:34Z,2026-08-09T07:15:34+0200,72a31bd2-8518-490a-bfbe-24bda838aac9,2026-07-24T15:15:00Z,2026-07-24T17:15:00+0200,2613.6395,MW,DE,DE_LU,actual_onshore_wind_generation,Wind Onshore,2026-08-09T05:18:04Z
2026-08-09T05:15:34Z,2026-08-09T07:15:34+0200,72a31bd2-8518-490a-bfbe-24bda838aac9,2026-07-24T15:30:00Z,2026-07-24T17:30:00+0200,2503.75534,MW,DE,DE_LU,actual_onshore_wind_generation,Wind Onshore,2026-08-09T05:18:04Z
2026-08-09T05:15:34Z,2026-08-09T07:15:34+0200,72a31bd2-8518-490a-bfbe-24bda838aac9,2026-07-24T15:45:00Z,2026-07-24T17:45:00+0200,2353.70795,MW,DE,DE_LU,actual_onshore_wind_generation,Wind Onshore,2026-08-09T05:18:04Z
2026-08-09T05:15:34Z,2026-08-09T07:15:34+0200,72a31bd2-8518-490a-bfbe-24bda838aac9,2026-07-24T16:00:00Z,2026-07-24T18:00:00+0200,2293.4171,MW,DE,DE_LU,actual_onshore_wind_generation,Wind Onshore,2026-08-09T05:18:04Z
2026-08-09T05:15:34Z,2026-08-09T07:15:34+0200,72a31bd2-8518-490a-bfbe-24bda838aac9,2026-07-24T16:15:00Z,2026-07-24T18:15:00+0200,2191.69905,MW,DE,DE_LU,actual_onshore_wind_generation,Wind Onshore,2026-08-09T05:18:04Z
2026-08-09T05:15:34Z,2026-08-09T07:15:34+0200,72a31bd2-8518-490a-bfbe-24bda838aac9,2026-07-24T16:30:00Z,2026-07-24T18:30:00+0200,2052.03533,MW,DE,DE_LU,actual_onshore_wind_generation,Wind Onshore,2026-08-09T05:18:04Z
2026-08-09T05:15:34Z,2026-08-09T07:15:34+0200,72a31bd2-8518-490a-bfbe-24bda838aac9,2026-07-24T16:45:00Z,2026-07-24T18:45:00+0200,1864.39642,MW,DE,DE_LU,actual_onshore_wind_generation,Wind Onshore,2026-08-09T05:18:04Z
2026-08-09T05:15:34Z,2026-08-09T07:15:34+0200,72a31bd2-8518-490a-bfbe-24bda838aac9,2026-07-24T17:00:00Z,2026-07-24T19:00:00+0200,1765.32744,MW,DE,DE_LU,actual_onshore_wind_generation,Wind Onshore,2026-08-09T05:18:04Z
2026-08-09T05:15:34Z,2026-08-09T07:15:34+0200,72a31bd2-8518-490a-bfbe-24bda838aac9,2026-07-24T17:15:00Z,2026-07-24T19:15:00+0200,1573.54174,MW,DE,DE_LU,actual_onshore_wind_generation,Wind Onshore,2026-08-09T05:18:04Z
2026-08-09T05:15:34Z,2026-08-09T07:15:34+0200,72a31bd2-8518-490a-bfbe-24bda838aac9,2026-07-24T17:30:00Z,2026-07-24T19:30:00+0200,1426.64026,MW,DE,DE_LU,actual_onshore_wind_generation,Wind Onshore,2026-08-09T05:18:04Z
2026-08-09T05:15:34Z,2026-08-09T07:15:34+0200,72a31bd2-8518-490a-bfbe-24bda838aac9,2026-07-24T17:45:00Z,2026-07-24T19:45:00+0200,1325.89522,MW,DE,DE_LU,actual_onshore_wind_generation,Wind Onshore,2026-08-09T05:18:04Z
2026-08-09T05:15:34Z,2026-08-09T07:15:34+0200,72a31bd2-8518-490a-bfbe-24bda838aac9,2026-07-24T18:00:00Z,2026-07-24T20:00:00+0200,1221.22785,MW,DE,DE_LU,actual_onshore_wind_generation,Wind Onshore,2026-08-09T05:18:04Z
2026-08-09T05:15:34Z,2026-08-09T07:15:34+0200,72a31bd2-8518-490a-bfbe-24bda838aac9,2026-07-24T18:15:00Z,2026-07-24T20:15:00+0200,1073.33697,MW,DE,DE_LU,actual_onshore_wind_generation,Wind Onshore,2026-08-09T05:18:04Z
2026-08-09T05:15:34Z,2026-08-09T07:15:34+0200,72a31bd2-8518-490a-bfbe-24bda838aac9,2026-07-24T18:30:00Z,2026-07-24T20:30:00+0200,952.94079,MW,DE,DE_LU,actual_onshore_wind_generation,Wind Onshore,2026-08-09T05:18:04Z
2026-08-09T05:15:34Z,2026-08-09T07:15:34+0200,72a31bd2-8518-490a-bfbe-24bda838aac9,2026-07-24T18:45:00Z,2026-07-24T20:45:00+0200,926.07005,MW,DE,DE_LU,actual_onshore_wind_generation,Wind Onshore,2026-08-09T05:18:04Z
2026-08-09T05:15:34Z,2026-08-09T07:15:34+0200,72a31bd2-8518-490a-bfbe-24bda838aac9,2026-07-24T19:00:00Z,2026-07-24T21:00:00+0200,954.11753,MW,DE,DE_LU,actual_onshore_wind_generation,Wind Onshore,2026-08-09T05:18:04Z
2026-08-09T05:15:34Z,2026-08-09T07:15:34+0200,72a31bd2-8518-490a-bfbe-24bda838aac9,2026-07-24T19:15:00Z,2026-07-24T21:15:00+0200,955.69628,MW,DE,DE_LU,actual_onshore_wind_generation,Wind Onshore,2026-08-09T05:18:04Z
2026-08-09T05:15:34Z,2026-08-09T07:15:34+0200,72a31bd2-8518-490a-bfbe-24bda838aac9,2026-07-24T19:30:00Z,2026-07-24T21:30:00+0200,950.76238,MW,DE,DE_LU,actual_onshore_wind_generation,Wind Onshore,2026-08-09T05:18:04Z
2026-08-09T05:15:34Z,2026-08-09T07:15:34+0200,72a31bd2-8518-490a-bfbe-24bda838aac9,2026-07-24T19:45:00Z,2026-07-24T21:45:00+0200,995.99295,MW,DE,DE_LU,actual_onshore_wind_generation,Wind Onshore,2026-08-09T05:18:04Z
2026-08-09T05:15:34Z,2026-08-09T07:15:34+0200,72a31bd2-8518-490a-bfbe-24bda838aac9,2026-07-24T20:00:00Z,2026-07-24T22:00:00+0200,1036.81563,MW,DE,DE_LU,actual_onshore_wind_generation,Wind Onshore,2026-08-09T05:18:04Z
2026-08-09T05:15:34Z,2026-08-09T07:15:34+0200,72a31bd2-8518-490a-bfbe-24bda838aac9,2026-07-24T20:15:00Z,2026-07-24T22:15:00+0200,1098.95083,MW,DE,DE_LU,actual_onshore_wind_generation,Wind Onshore,2026-08-09T05:18:04Z
2026-08-09T05:15:34Z,2026-08-09T07:15:34+0200,72a31bd2-8518-490a-bfbe-24bda838aac9,2026-07-24T20:30:00Z,2026-07-24T22:30:00+0200,1172.35798,MW,DE,DE_LU,actual_onshore_wind_generation,Wind Onshore,2026-08-09T05:18:04Z
2026-08-09T05:15:34Z,2026-08-09T07:15:34+0200,72a31bd2-8518-490a-bfbe-24bda838aac9,2026-07-24T20:45:00Z,2026-07-24T22:45:00+0200,1319.91068,MW,DE,DE_LU,actual_onshore_wind_generation,Wind Onshore,2026-08-09T05:18:04Z
2026-08-09T05:15:34Z,2026-08-09T07:15:34+0200,72a31bd2-8518-490a-bfbe-24bda838aac9,2026-07-24T21:00:00Z,2026-07-24T23:00:00+0200,1448.33653,MW,DE,DE_LU,actual_onshore_wind_generation,Wind Onshore,2026-08-09T05:18:04Z
2026-08-09T05:15:34Z,2026-08-09T07:15:34+0200,72a31bd2-8518-490a-bfbe-24bda838aac9,2026-07-24T21:15:00Z,2026-07-24T23:15:00+0200,1524.58663,MW,DE,DE_LU,actual_onshore_wind_generation,Wind Onshore,2026-08-09T05:18:04Z
2026-08-09T05:15:34Z,2026-08-09T07:15:34+0200,72a31bd2-8518-490a-bfbe-24bda838aac9,2026-07-24T21:30:00Z,2026-07-24T23:30:00+0200,1599.66714,MW,DE,DE_LU,actual_onshore_wind_generation,Wind Onshore,2026-08-09T05:18:04Z
2026-08-09T05:15:34Z,2026-08-09T07:15:34+0200,72a31bd2-8518-490a-bfbe-24bda838aac9,2026-07-24T21:45:00Z,2026-07-24T23:45:00+0200,1735.15336,MW,DE,DE_LU,actual_onshore_wind_generation,Wind Onshore,2026-08-09T05:18:04Z
2026-08-09T05:15:34Z,2026-08-09T07:15:34+0200,72a31bd2-8518-490a-bfbe-24bda838aac9,2026-07-24T22:00:00Z,2026-07-25T00:00:00+0200,1931.35199,MW,DE,DE_LU,actual_onshore_wind_generation,Wind Onshore,2026-08-09T05:18:04Z
2026-08-09T05:15:34Z,2026-08-09T07:15:34+0200,72a31bd2-8518-490a-bfbe-24bda838aac9,2026-07-24T22:15:00Z,2026-07-25T00:15:00+0200,2085.6809,MW,DE,DE_LU,actual_onshore_wind_generation,Wind Onshore,2026-08-09T05:18:04Z
2026-08-09T05:15:34Z,2026-08-09T07:15:34+0200,72a31bd2-8518-490a-bfbe-24bda838aac9,2026-07-24T22:30:00Z,2026-07-25T00:30:00+0200,2180.48044,MW,DE,DE_LU,actual_onshore_wind_generation,Wind Onshore,2026-08-09T05:18:04Z
2026-08-09T05:15:34Z,2026-08-09T07:15:34+0200,72a31bd2-8518-490a-bfbe-24bda838aac9,2026-07-24T22:45:00Z,2026-07-25T00:45:00+0200,2317.55675,MW,DE,DE_LU,actual_onshore_wind_generation,Wind Onshore,2026-08-09T05:18:04Z
2026-08-09T05:15:34Z,2026-08-09T07:15:34+0200,72a31bd2-8518-490a-bfbe-24bda838aac9,2026-07-24T23:00:00Z,2026-07-25T01:00:00+0200,2446.62445,MW,DE,DE_LU,actual_onshore_wind_generation,Wind Onshore,2026-08-09T05:18:04Z
2026-08-09T05:15:34Z,2026-08-09T07:15:34+0200,72a31bd2-8518-490a-bfbe-24bda838aac9,2026-07-24T23:15:00Z,2026-07-25T01:15:00+0200,2570.4113,MW,DE,DE_LU,actual_onshore_wind_generation,Wind Onshore,2026-08-09T05:18:04Z
2026-08-09T05:15:34Z,2026-08-09T07:15:34+0200,72a31bd2-8518-490a-bfbe-24bda838aac9,2026-07-24T23:30:00Z,2026-07-25T01:30:00+0200,2735.77509,MW,DE,DE_LU,actual_onshore_wind_generation,Wind Onshore,2026-08-09T05:18:04Z
2026-08-09T05:15:34Z,2026-08-09T07:15:34+0200,72a31bd2-8518-490a-bfbe-24bda838aac9,2026-07-24T23:45:00Z,2026-07-25T01:45:00+0200,2953.42878,MW,DE,DE_LU,actual_onshore_wind_generation,Wind Onshore,2026-08-09T05:18:04Z
2026-08-09T05:15:34Z,2026-08-09T07:15:34+0200,72a31bd2-8518-490a-bfbe-24bda838aac9,2026-07-25T00:00:00Z,2026-07-25T02:00:00+0200,3169.96038,MW,DE,DE_LU,actual_onshore_wind_generation,Wind Onshore,2026-08-09T05:18:04Z
2026-08-09T05:15:34Z,2026-08-09T07:15:34+0200,72a31bd2-8518-490a-bfbe-24bda838aac9,2026-07-25T00:15:00Z,2026-07-25T02:15:00+0200,3297.12052,MW,DE,DE_LU,actual_onshore_wind_generation,Wind Onshore,2026-08-09T05:18:04Z
2026-08-09T05:15:34Z,2026-08-09T07:15:34+0200,72a31bd2-8518-490a-bfbe-24bda838aac9,2026-07-25T00:30:00Z,2026-07-25T02:30:00+0200,3555.29919,MW,DE,DE_LU,actual_onshore_wind_generation,Wind Onshore,2026-08-09T05:18:04Z
2026-08-09T05:15:34Z,2026-08-09T07:15:34+0200,72a31bd2-8518-490a-bfbe-24bda838aac9,2026-07-25T00:45:00Z,2026-07-25T02:45:00+0200,3770.46704,MW,DE,DE_LU,actual_onshore_wind_generation,Wind Onshore,2026-08-09T05:18:04Z
2026-08-09T05:15:34Z,2026-08-09T07:15:34+0200,72a31bd2-8518-490a-bfbe-24bda838aac9,2026-07-25T01:00:00Z,2026-07-25T03:00:00+0200,3916.54083,MW,DE,DE_LU,actual_onshore_wind_generation,Wind Onshore,2026-08-09T05:18:04Z
2026-08-09T05:15:34Z,2026-08-09T07:15:34+0200,72a31bd2-8518-490a-bfbe-24bda838aac9,2026-07-25T01:15:00Z,2026-07-25T03:15:00+0200,4086.36538,MW,DE,DE_LU,actual_onshore_wind_generation,Wind Onshore,2026-08-09T05:18:04Z
2026-08-09T05:15:34Z,2026-08-09T07:15:34+0200,72a31bd2-8518-490a-bfbe-24bda838aac9,2026-07-25T01:30:00Z,2026-07-25T03:30:00+0200,4222.95374,MW,DE,DE_LU,actual_onshore_wind_generation,Wind Onshore,2026-08-09T05:18:04Z
2026-08-09T05:15:34Z,2026-08-09T07:15:34+0200,72a31bd2-8518-490a-bfbe-24bda838aac9,2026-07-25T01:45:00Z,2026-07-25T03:45:00+0200,4338.11622,MW,DE,DE_LU,actual_onshore_wind_generation,Wind Onshore,2026-08-09T05:18:04Z
2026-08-09T05:15:34Z,2026-08-09T07:15:34+0200,72a31bd2-8518-490a-bfbe-24bda838aac9,2026-07-25T02:00:00Z,2026-07-25T04:00:00+0200,4446.20145,MW,DE,DE_LU,actual_onshore_wind_generation,Wind Onshore,2026-08-09T05:18:04Z
2026-08-09T05:15:34Z,2026-08-09T07:15:34+0200,72a31bd2-8518-490a-bfbe-24bda838aac9,2026-07-25T02:15:00Z,2026-07-25T04:15:00+0200,4524.48369,MW,DE,DE_LU,actual_onshore_wind_generation,Wind Onshore,2026-08-09T05:18:04Z
2026-08-09T05:15:34Z,2026-08-09T07:15:34+0200,72a31bd2-8518-490a-bfbe-24bda838aac9,2026-07-25T02:30:00Z,2026-07-25T04:30:00+0200,4711.56668,MW,DE,DE_LU,actual_onshore_wind_generation,Wind Onshore,2026-08-09T05:18:04Z
2026-08-09T05:15:34Z,2026-08-09T07:15:34+0200,72a31bd2-8518-490a-bfbe-24bda838aac9,2026-07-25T02:45:00Z,2026-07-25T04:45:00+0200,5011.0672,MW,DE,DE_LU,actual_onshore_wind_generation,Wind Onshore,2026-08-09T05:18:04Z
2026-08-09T05:15:34Z,2026-08-09T07:15:34+0200,72a31bd2-8518-490a-bfbe-24bda838aac9,2026-07-25T03:00:00Z,2026-07-25T05:00:00+0200,5122.0205,MW,DE,DE_LU,actual_onshore_wind_generation,Wind Onshore,2026-08-09T05:18:04Z
2026-08-09T05:15:34Z,2026-08-09T07:15:34+0200,72a31bd2-8518-490a-bfbe-24bda838aac9,2026-07-25T03:15:00Z,2026-07-25T05:15:00+0200,5197.72016,MW,DE,DE_LU,actual_onshore_wind_generation,Wind Onshore,2026-08-09T05:18:04Z
2026-08-09T05:15:34Z,2026-08-09T07:15:34+0200,72a31bd2-8518-490a-bfbe-24bda838aac9,2026-07-25T03:30:00Z,2026-07-25T05:30:00+0200,5495.50428,MW,DE,DE_LU,actual_onshore_wind_generation,Wind Onshore,2026-08-09T05:18:04Z
2026-08-09T05:15:34Z,2026-08-09T07:15:34+0200,72a31bd2-8518-490a-bfbe-24bda838aac9,2026-07-25T03:45:00Z,2026-07-25T05:45:00+0200,5667.84607,MW,DE,DE_LU,actual_onshore_wind_generation,Wind Onshore,2026-08-09T05:18:04Z
2026-08-09T05:15:34Z,2026-08-09T07:15:34+0200,72a31bd2-8518-490a-bfbe-24bda838aac9,2026-07-25T04:00:00Z,2026-07-25T06:00:00+0200,5598.06278,MW,DE,DE_LU,actual_onshore_wind_generation,Wind Onshore,2026-08-09T05:18:04Z
2026-08-09T05:15:34Z,2026-08-09T07:15:34+0200,72a31bd2-8518-490a-bfbe-24bda838aac9,2026-07-25T04:15:00Z,2026-07-25T06:15:00+0200,5456.83822,MW,DE,DE_LU,actual_onshore_wind_generation,Wind Onshore,2026-08-09T05:18:04Z
2026-08-09T05:15:34Z,2026-08-09T07:15:34+0200,72a31bd2-8518-490a-bfbe-24bda838aac9,2026-07-25T04:30:00Z,2026-07-25T06:30:00+0200,5586.9623,MW,DE,DE_LU,actual_onshore_wind_generation,Wind Onshore,2026-08-09T05:18:04Z
2026-08-09T05:15:34Z,2026-08-09T07:15:34+0200,72a31bd2-8518-490a-bfbe-24bda838aac9,2026-07-25T04:45:00Z,2026-07-25T06:45:00+0200,5553.55779,MW,DE,DE_LU,actual_onshore_wind_generation,Wind Onshore,2026-08-09T05:18:04Z
2026-08-09T05:15:34Z,2026-08-09T07:15:34+0200,72a31bd2-8518-490a-bfbe-24bda838aac9,2026-07-25T05:00:00Z,2026-07-25T07:00:00+0200,5385.29914,MW,DE,DE_LU,actual_onshore_wind_generation,Wind Onshore,2026-08-09T05:18:04Z
2026-08-09T05:15:34Z,2026-08-09T07:15:34+0200,72a31bd2-8518-490a-bfbe-24bda838aac9,2026-07-25T05:15:00Z,2026-07-25T07:15:00+0200,5117.76905,MW,DE,DE_LU,actual_onshore_wind_generation,Wind Onshore,2026-08-09T05:18:04Z
2026-08-09T05:15:34Z,2026-08-09T07:15:34+0200,72a31bd2-8518-490a-bfbe-24bda838aac9,2026-07-25T05:30:00Z,2026-07-25T07:30:00+0200,4790.24881,MW,DE,DE_LU,actual_onshore_wind_generation,Wind Onshore,2026-08-09T05:18:04Z
2026-08-09T05:15:34Z,2026-08-09T07:15:34+0200,72a31bd2-8518-490a-bfbe-24bda838aac9,2026-07-25T05:45:00Z,2026-07-25T07:45:00+0200,4401.25755,MW,DE,DE_LU,actual_onshore_wind_generation,Wind Onshore,2026-08-09T05:18:04Z
2026-08-09T05:15:34Z,2026-08-09T07:15:34+0200,72a31bd2-8518-490a-bfbe-24bda838aac9,2026-07-25T06:00:00Z,2026-07-25T08:00:00+0200,3978.77706,MW,DE,DE_LU,actual_onshore_wind_generation,Wind Onshore,2026-08-09T05:18:04Z
2026-08-09T05:15:34Z,2026-08-09T07:15:34+0200,72a31bd2-8518-490a-bfbe-24bda838aac9,2026-07-25T06:15:00Z,2026-07-25T08:15:00+0200,3467.10969,MW,DE,DE_LU,actual_onshore_wind_generation,Wind Onshore,2026-08-09T05:18:04Z
2026-08-09T05:15:34Z,2026-08-09T07:15:34+0200,72a31bd2-8518-490a-bfbe-24bda838aac9,2026-07-25T06:30:00Z,2026-07-25T08:30:00+0200,3012.53666,MW,DE,DE_LU,actual_onshore_wind_generation,Wind Onshore,2026-08-09T05:18:04Z
2026-08-09T05:15:34Z,2026-08-09T07:15:34+0200,72a31bd2-8518-490a-bfbe-24bda838aac9,2026-07-25T06:45:00Z,2026-07-25T08:45:00+0200,2701.51189,MW,DE,DE_LU,actual_onshore_wind_generation,Wind Onshore,2026-08-09T05:18:04Z
2026-08-09T05:15:34Z,2026-08-09T07:15:34+0200,72a31bd2-8518-490a-bfbe-24bda838aac9,2026-07-25T07:00:00Z,2026-07-25T09:00:00+0200,2653.51402,MW,DE,DE_LU,actual_onshore_wind_generation,Wind Onshore,2026-08-09T05:18:04Z
2026-08-09T05:15:34Z,2026-08-09T07:15:34+0200,72a31bd2-8518-490a-bfbe-24bda838aac9,2026-07-25T07:15:00Z,2026-07-25T09:15:00+0200,2353.85873,MW,DE,DE_LU,actual_onshore_wind_generation,Wind Onshore,2026-08-09T05:18:04Z
2026-08-09T05:15:34Z,2026-08-09T07:15:34+0200,72a31bd2-8518-490a-bfbe-24bda838aac9,2026-07-25T07:30:00Z,2026-07-25T09:30:00+0200,2088.49857,MW,DE,DE_LU,actual_onshore_wind_generation,Wind Onshore,2026-08-09T05:18:04Z
2026-08-09T05:15:34Z,2026-08-09T07:15:34+0200,72a31bd2-8518-490a-bfbe-24bda838aac9,2026-07-25T07:45:00Z,2026-07-25T09:45:00+0200,2211.58897,MW,DE,DE_LU,actual_onshore_wind_generation,Wind Onshore,2026-08-09T05:18:04Z
2026-08-09T05:15:34Z,2026-08-09T07:15:34+0200,72a31bd2-8518-490a-bfbe-24bda838aac9,2026-07-25T08:00:00Z,2026-07-25T10:00:00+0200,2351.69992,MW,DE,DE_LU,actual_onshore_wind_generation,Wind Onshore,2026-08-09T05:18:04Z
2026-08-09T05:15:34Z,2026-08-09T07:15:34+0200,72a31bd2-8518-490a-bfbe-24bda838aac9,2026-07-25T08:15:00Z,2026-07-25T10:15:00+0200,2542.31109,MW,DE,DE_LU,actual_onshore_wind_generation,Wind Onshore,2026-08-09T05:18:04Z
2026-08-09T05:15:34Z,2026-08-09T07:15:34+0200,72a31bd2-8518-490a-bfbe-24bda838aac9,2026-07-25T08:30:00Z,2026-07-25T10:30:00+0200,2668.94396,MW,DE,DE_LU,actual_onshore_wind_generation,Wind Onshore,2026-08-09T05:18:04Z
2026-08-09T05:15:34Z,2026-08-09T07:15:34+0200,72a31bd2-8518-490a-bfbe-24bda838aac9,2026-07-25T08:45:00Z,2026-07-25T10:45:00+0200,2847.46032,MW,DE,DE_LU,actual_onshore_wind_generation,Wind Onshore,2026-08-09T05:18:04Z
2026-08-09T05:15:34Z,2026-08-09T07:15:34+0200,72a31bd2-8518-490a-bfbe-24bda838aac9,2026-07-25T09:00:00Z,2026-07-25T11:00:00+0200,3040.78537,MW,DE,DE_LU,actual_onshore_wind_generation,Wind Onshore,2026-08-09T05:18:04Z
2026-08-09T05:15:34Z,2026-08-09T07:15:34+0200,72a31bd2-8518-490a-bfbe-24bda838aac9,2026-07-25T09:15:00Z,2026-07-25T11:15:00+0200,3125.17431,MW,DE,DE_LU,actual_onshore_wind_generation,Wind Onshore,2026-08-09T05:18:04Z
2026-08-09T05:15:34Z,2026-08-09T07:15:34+0200,72a31bd2-8518-490a-bfbe-24bda838aac9,2026-07-25T09:30:00Z,2026-07-25T11:30:00+0200,3221.18561,MW,DE,DE_LU,actual_onshore_wind_generation,Wind Onshore,2026-08-09T05:18:04Z
2026-08-09T05:15:34Z,2026-08-09T07:15:34+0200,72a31bd2-8518-490a-bfbe-24bda838aac9,2026-07-25T09:45:00Z,2026-07-25T11:45:00+0200,3212.11717,MW,DE,DE_LU,actual_onshore_wind_generation,Wind Onshore,2026-08-09T05:18:04Z
2026-08-09T05:15:34Z,2026-08-09T07:15:34+0200,72a31bd2-8518-490a-bfbe-24bda838aac9,2026-07-25T10:00:00Z,2026-07-25T12:00:00+0200,3330.16996,MW,DE,DE_LU,actual_onshore_wind_generation,Wind Onshore,2026-08-09T05:18:04Z
2026-08-09T05:15:34Z,2026-08-09T07:15:34+0200,72a31bd2-8518-490a-bfbe-24bda838aac9,2026-07-25T10:15:00Z,2026-07-25T12:15:00+0200,3447.76057,MW,DE,DE_LU,actual_onshore_wind_generation,Wind Onshore,2026-08-09T05:18:04Z
2026-08-09T05:15:34Z,2026-08-09T07:15:34+0200,72a31bd2-8518-490a-bfbe-24bda838aac9,2026-07-25T10:30:00Z,2026-07-25T12:30:00+0200,3656.28615,MW,DE,DE_LU,actual_onshore_wind_generation,Wind Onshore,2026-08-09T05:18:04Z
2026-08-09T05:15:34Z,2026-08-09T07:15:34+0200,72a31bd2-8518-490a-bfbe-24bda838aac9,2026-07-25T10:45:00Z,2026-07-25T12:45:00+0200,3668.5632,MW,DE,DE_LU,actual_onshore_wind_generation,Wind Onshore,2026-08-09T05:18:04Z
2026-08-09T05:15:34Z,2026-08-09T07:15:34+0200,72a31bd2-8518-490a-bfbe-24bda838aac9,2026-07-25T11:00:00Z,2026-07-25T13:00:00+0200,3860.49517,MW,DE,DE_LU,actual_onshore_wind_generation,Wind Onshore,2026-08-09T05:18:04Z
2026-08-09T05:15:34Z,2026-08-09T07:15:34+0200,72a31bd2-8518-490a-bfbe-24bda838aac9,2026-07-25T11:15:00Z,2026-07-25T13:15:00+0200,3943.50391,MW,DE,DE_LU,actual_onshore_wind_generation,Wind Onshore,2026-08-09T05:18:04Z
2026-08-09T05:15:34Z,2026-08-09T07:15:34+0200,72a31bd2-8518-490a-bfbe-24bda838aac9,2026-07-25T11:30:00Z,2026-07-25T13:30:00+0200,4103.15493,MW,DE,DE_LU,actual_onshore_wind_generation,Wind Onshore,2026-08-09T05:18:04Z
2026-08-09T05:15:34Z,2026-08-09T07:15:34+0200,72a31bd2-8518-490a-bfbe-24bda838aac9,2026-07-25T11:45:00Z,2026-07-25T13:45:00+0200,4218.87193,MW,DE,DE_LU,actual_onshore_wind_generation,Wind Onshore,2026-08-09T05:18:04Z
2026-08-09T05:15:34Z,2026-08-09T07:15:34+0200,72a31bd2-8518-490a-bfbe-24bda838aac9,2026-07-25T12:00:00Z,2026-07-25T14:00:00+0200,4466.20386,MW,DE,DE_LU,actual_onshore_wind_generation,Wind Onshore,2026-08-09T05:18:04Z
2026-08-09T05:15:34Z,2026-08-09T07:15:34+0200,72a31bd2-8518-490a-bfbe-24bda838aac9,2026-07-25T12:15:00Z,2026-07-25T14:15:00+0200,4690.69188,MW,DE,DE_LU,actual_onshore_wind_generation,Wind Onshore,2026-08-09T05:18:04Z
2026-08-09T05:15:34Z,2026-08-09T07:15:34+0200,72a31bd2-8518-490a-bfbe-24bda838aac9,2026-07-25T12:30:00Z,2026-07-25T14:30:00+0200,5077.16439,MW,DE,DE_LU,actual_onshore_wind_generation,Wind Onshore,2026-08-09T05:18:04Z
2026-08-09T05:15:34Z,2026-08-09T07:15:34+0200,72a31bd2-8518-490a-bfbe-24bda838aac9,2026-07-25T12:45:00Z,2026-07-25T14:45:00+0200,5248.50033,MW,DE,DE_LU,actual_onshore_wind_generation,Wind Onshore,2026-08-09T05:18:04Z
2026-08-09T05:15:34Z,2026-08-09T07:15:34+0200,72a31bd2-8518-490a-bfbe-24bda838aac9,2026-07-25T13:00:00Z,2026-07-25T15:00:00+0200,5305.27896,MW,DE,DE_LU,actual_onshore_wind_generation,Wind Onshore,2026-08-09T05:18:04Z
2026-08-09T05:15:34Z,2026-08-09T07:15:34+0200,72a31bd2-8518-490a-bfbe-24bda838aac9,2026-07-25T13:15:00Z,2026-07-25T15:15:00+0200,5334.20281,MW,DE,DE_LU,actual_onshore_wind_generation,Wind Onshore,2026-08-09T05:18:04Z
2026-08-09T05:15:34Z,2026-08-09T07:15:34+0200,72a31bd2-8518-490a-bfbe-24bda838aac9,2026-07-25T13:30:00Z,2026-07-25T15:30:00+0200,5477.2602,MW,DE,DE_LU,actual_onshore_wind_generation,Wind Onshore,2026-08-09T05:18:04Z
2026-08-09T05:15:34Z,2026-08-09T07:15:34+0200,72a31bd2-8518-490a-bfbe-24bda838aac9,2026-07-25T13:45:00Z,2026-07-25T15:45:00+0200,5560.82026,MW,DE,DE_LU,actual_onshore_wind_generation,Wind Onshore,2026-08-09T05:18:04Z
2026-08-09T05:15:34Z,2026-08-09T07:15:34+0200,72a31bd2-8518-490a-bfbe-24bda838aac9,2026-07-25T14:00:00Z,2026-07-25T16:00:00+0200,6019.54206,MW,DE,DE_LU,actual_onshore_wind_generation,Wind Onshore,2026-08-09T05:18:04Z
2026-08-09T05:15:34Z,2026-08-09T07:15:34+0200,72a31bd2-8518-490a-bfbe-24bda838aac9,2026-07-25T14:15:00Z,2026-07-25T16:15:00+0200,6286.40321,MW,DE,DE_LU,actual_onshore_wind_generation,Wind Onshore,2026-08-09T05:18:04Z
2026-08-09T05:15:34Z,2026-08-09T07:15:34+0200,72a31bd2-8518-490a-bfbe-24bda838aac9,2026-07-25T14:30:00Z,2026-07-25T16:30:00+0200,6504.69738,MW,DE,DE_LU,actual_onshore_wind_generation,Wind Onshore,2026-08-09T05:18:04Z
2026-08-09T05:15:34Z,2026-08-09T07:15:34+0200,72a31bd2-8518-490a-bfbe-24bda838aac9,2026-07-25T14:45:00Z,2026-07-25T16:45:00+0200,6943.75284,MW,DE,DE_LU,actual_onshore_wind_generation,Wind Onshore,2026-08-09T05:18:04Z
2026-08-09T05:15:34Z,2026-08-09T07:15:34+0200,72a31bd2-8518-490a-bfbe-24bda838aac9,2026-07-25T15:00:00Z,2026-07-25T17:00:00+0200,8056.0804,MW,DE,DE_LU,actual_onshore_wind_generation,Wind Onshore,2026-08-09T05:18:04Z
2026-08-09T05:15:34Z,2026-08-09T07:15:34+0200,72a31bd2-8518-490a-bfbe-24bda838aac9,2026-07-25T15:15:00Z,2026-07-25T17:15:00+0200,8512.72562,MW,DE,DE_LU,actual_onshore_wind_generation,Wind Onshore,2026-08-09T05:18:04Z
2026-08-09T05:15:34Z,2026-08-09T07:15:34+0200,72a31bd2-8518-490a-bfbe-24bda838aac9,2026-07-25T15:30:00Z,2026-07-25T17:30:00+0200,9311.79868,MW,DE,DE_LU,actual_onshore_wind_generation,Wind Onshore,2026-08-09T05:18:04Z
2026-08-09T05:15:34Z,2026-08-09T07:15:34+0200,72a31bd2-8518-490a-bfbe-24bda838aac9,2026-07-25T15:45:00Z,2026-07-25T17:45:00+0200,10177.87318,MW,DE,DE_LU,actual_onshore_wind_generation,Wind Onshore,2026-08-09T05:18:04Z
2026-08-09T05:15:34Z,2026-08-09T07:15:34+0200,72a31bd2-8518-490a-bfbe-24bda838aac9,2026-07-25T16:00:00Z,2026-07-25T18:00:00+0200,10106.29522,MW,DE,DE_LU,actual_onshore_wind_generation,Wind Onshore,2026-08-09T05:18:04Z
2026-08-09T05:15:34Z,2026-08-09T07:15:34+0200,72a31bd2-8518-490a-bfbe-24bda838aac9,2026-07-25T16:15:00Z,2026-07-25T18:15:00+0200,9895.75563,MW,DE,DE_LU,actual_onshore_wind_generation,Wind Onshore,2026-08-09T05:18:04Z
2026-08-09T05:15:34Z,2026-08-09T07:15:34+0200,72a31bd2-8518-490a-bfbe-24bda838aac9,2026-07-25T16:30:00Z,2026-07-25T18:30:00+0200,9585.4451,MW,DE,DE_LU,actual_onshore_wind_generation,Wind Onshore,2026-08-09T05:18:04Z
2026-08-09T05:15:34Z,2026-08-09T07:15:34+0200,72a31bd2-8518-490a-bfbe-24bda838aac9,2026-07-25T16:45:00Z,2026-07-25T18:45:00+0200,9124.40726,MW,DE,DE_LU,actual_onshore_wind_generation,Wind Onshore,2026-08-09T05:18:04Z
2026-08-09T05:15:34Z,2026-08-09T07:15:34+0200,72a31bd2-8518-490a-bfbe-24bda838aac9,2026-07-25T17:00:00Z,2026-07-25T19:00:00+0200,8830.20967,MW,DE,DE_LU,actual_onshore_wind_generation,Wind Onshore,2026-08-09T05:18:04Z
2026-08-09T05:15:34Z,2026-08-09T07:15:34+0200,72a31bd2-8518-490a-bfbe-24bda838aac9,2026-07-25T17:15:00Z,2026-07-25T19:15:00+0200,8947.81012,MW,DE,DE_LU,actual_onshore_wind_generation,Wind Onshore,2026-08-09T05:18:04Z
2026-08-09T05:15:34Z,2026-08-09T07:15:34+0200,72a31bd2-8518-490a-bfbe-24bda838aac9,2026-07-25T17:30:00Z,2026-07-25T19:30:00+0200,8778.58132,MW,DE,DE_LU,actual_onshore_wind_generation,Wind Onshore,2026-08-09T05:18:04Z
2026-08-09T05:15:34Z,2026-08-09T07:15:34+0200,72a31bd2-8518-490a-bfbe-24bda838aac9,2026-07-25T17:45:00Z,2026-07-25T19:45:00+0200,8533.53894,MW,DE,DE_LU,actual_onshore_wind_generation,Wind Onshore,2026-08-09T05:18:04Z
2026-08-09T05:15:34Z,2026-08-09T07:15:34+0200,72a31bd2-8518-490a-bfbe-24bda838aac9,2026-07-25T18:00:00Z,2026-07-25T20:00:00+0200,8262.52343,MW,DE,DE_LU,actual_onshore_wind_generation,Wind Onshore,2026-08-09T05:18:04Z
2026-08-09T05:15:34Z,2026-08-09T07:15:34+0200,72a31bd2-8518-490a-bfbe-24bda838aac9,2026-07-25T18:15:00Z,2026-07-25T20:15:00+0200,7605.50409,MW,DE,DE_LU,actual_onshore_wind_generation,Wind Onshore,2026-08-09T05:18:04Z
2026-08-09T05:15:34Z,2026-08-09T07:15:34+0200,72a31bd2-8518-490a-bfbe-24bda838aac9,2026-07-25T18:30:00Z,2026-07-25T20:30:00+0200,7083.20279,MW,DE,DE_LU,actual_onshore_wind_generation,Wind Onshore,2026-08-09T05:18:04Z
2026-08-09T05:15:34Z,2026-08-09T07:15:34+0200,72a31bd2-8518-490a-bfbe-24bda838aac9,2026-07-25T18:45:00Z,2026-07-25T20:45:00+0200,7094.77662,MW,DE,DE_LU,actual_onshore_wind_generation,Wind Onshore,2026-08-09T05:18:04Z
2026-08-09T05:15:34Z,2026-08-09T07:15:34+0200,72a31bd2-8518-490a-bfbe-24bda838aac9,2026-07-25T19:00:00Z,2026-07-25T21:00:00+0200,6858.6278,MW,DE,DE_LU,actual_onshore_wind_generation,Wind Onshore,2026-08-09T05:18:04Z
2026-08-09T05:15:34Z,2026-08-09T07:15:34+0200,72a31bd2-8518-490a-bfbe-24bda838aac9,2026-07-25T19:15:00Z,2026-07-25T21:15:00+0200,6474.78662,MW,DE,DE_LU,actual_onshore_wind_generation,Wind Onshore,2026-08-09T05:18:04Z
2026-08-09T05:15:34Z,2026-08-09T07:15:34+0200,72a31bd2-8518-490a-bfbe-24bda838aac9,2026-07-25T19:30:00Z,2026-07-25T21:30:00+0200,5805.12178,MW,DE,DE_LU,actual_onshore_wind_generation,Wind Onshore,2026-08-09T05:18:04Z
2026-08-09T05:15:34Z,2026-08-09T07:15:34+0200,72a31bd2-8518-490a-bfbe-24bda838aac9,2026-07-25T19:45:00Z,2026-07-25T21:45:00+0200,5864.30259,MW,DE,DE_LU,actual_onshore_wind_generation,Wind Onshore,2026-08-09T05:18:04Z
2026-08-09T05:15:34Z,2026-08-09T07:15:34+0200,72a31bd2-8518-490a-bfbe-24bda838aac9,2026-07-25T20:00:00Z,2026-07-25T22:00:00+0200,5785.04809,MW,DE,DE_LU,actual_onshore_wind_generation,Wind Onshore,2026-08-09T05:18:04Z
2026-08-09T05:15:34Z,2026-08-09T07:15:34+0200,72a31bd2-8518-490a-bfbe-24bda838aac9,2026-07-25T20:15:00Z,2026-07-25T22:15:00+0200,5679.41495,MW,DE,DE_LU,actual_onshore_wind_generation,Wind Onshore,2026-08-09T05:18:04Z
2026-08-09T05:15:34Z,2026-08-09T07:15:34+0200,72a31bd2-8518-490a-bfbe-24bda838aac9,2026-07-25T20:30:00Z,2026-07-25T22:30:00+0200,5744.70665,MW,DE,DE_LU,actual_onshore_wind_generation,Wind Onshore,2026-08-09T05:18:04Z
2026-08-09T05:15:34Z,2026-08-09T07:15:34+0200,72a31bd2-8518-490a-bfbe-24bda838aac9,2026-07-25T20:45:00Z,2026-07-25T22:45:00+0200,5871.63509,MW,DE,DE_LU,actual_onshore_wind_generation,Wind Onshore,2026-08-09T05:18:04Z
2026-08-09T05:15:34Z,2026-08-09T07:15:34+0200,72a31bd2-8518-490a-bfbe-24bda838aac9,2026-07-25T21:00:00Z,2026-07-25T23:00:00+0200,5956.37612,MW,DE,DE_LU,actual_onshore_wind_generation,Wind Onshore,2026-08-09T05:18:04Z
2026-08-09T05:15:34Z,2026-08-09T07:15:34+0200,72a31bd2-8518-490a-bfbe-24bda838aac9,2026-07-25T21:15:00Z,2026-07-25T23:15:00+0200,6086.17471,MW,DE,DE_LU,actual_onshore_wind_generation,Wind Onshore,2026-08-09T05:18:04Z
2026-08-09T05:15:34Z,2026-08-09T07:15:34+0200,72a31bd2-8518-490a-bfbe-24bda838aac9,2026-07-25T21:30:00Z,2026-07-25T23:30:00+0200,6227.19657,MW,DE,DE_LU,actual_onshore_wind_generation,Wind Onshore,2026-08-09T05:18:04Z
2026-08-09T05:15:34Z,2026-08-09T07:15:34+0200,72a31bd2-8518-490a-bfbe-24bda838aac9,2026-07-25T21:45:00Z,2026-07-25T23:45:00+0200,6393.20141,MW,DE,DE_LU,actual_onshore_wind_generation,Wind Onshore,2026-08-09T05:18:04Z
2026-08-09T05:15:34Z,2026-08-09T07:15:34+0200,72a31bd2-8518-490a-bfbe-24bda838aac9,2026-07-25T22:00:00Z,2026-07-26T00:00:00+0200,6280.56517,MW,DE,DE_LU,actual_onshore_wind_generation,Wind Onshore,2026-08-09T05:18:04Z
2026-08-09T05:15:34Z,2026-08-09T07:15:34+0200,72a31bd2-8518-490a-bfbe-24bda838aac9,2026-07-25T22:15:00Z,2026-07-26T00:15:00+0200,5934.75968,MW,DE,DE_LU,actual_onshore_wind_generation,Wind Onshore,2026-08-09T05:18:04Z
2026-08-09T05:15:34Z,2026-08-09T07:15:34+0200,72a31bd2-8518-490a-bfbe-24bda838aac9,2026-07-25T22:30:00Z,2026-07-26T00:30:00+0200,5543.33839,MW,DE,DE_LU,actual_onshore_wind_generation,Wind Onshore,2026-08-09T05:18:04Z
2026-08-09T05:15:34Z,2026-08-09T07:15:34+0200,72a31bd2-8518-490a-bfbe-24bda838aac9,2026-07-25T22:45:00Z,2026-07-26T00:45:00+0200,5225.18226,MW,DE,DE_LU,actual_onshore_wind_generation,Wind Onshore,2026-08-09T05:18:04Z
2026-08-09T05:15:34Z,2026-08-09T07:15:34+0200,72a31bd2-8518-490a-bfbe-24bda838aac9,2026-07-25T23:00:00Z,2026-07-26T01:00:00+0200,4981.18273,MW,DE,DE_LU,actual_onshore_wind_generation,Wind Onshore,2026-08-09T05:18:04Z
2026-08-09T05:15:34Z,2026-08-09T07:15:34+0200,72a31bd2-8518-490a-bfbe-24bda838aac9,2026-07-25T23:15:00Z,2026-07-26T01:15:00+0200,4808.65861,MW,DE,DE_LU,actual_onshore_wind_generation,Wind Onshore,2026-08-09T05:18:04Z
2026-08-09T05:15:34Z,2026-08-09T07:15:34+0200,72a31bd2-8518-490a-bfbe-24bda838aac9,2026-07-25T23:30:00Z,2026-07-26T01:30:00+0200,4584.34793,MW,DE,DE_LU,actual_onshore_wind_generation,Wind Onshore,2026-08-09T05:18:04Z
2026-08-09T05:15:34Z,2026-08-09T07:15:34+0200,72a31bd2-8518-490a-bfbe-24bda838aac9,2026-07-25T23:45:00Z,2026-07-26T01:45:00+0200,4451.95829,MW,DE,DE_LU,actual_onshore_wind_generation,Wind Onshore,2026-08-09T05:18:04Z
2026-08-09T05:15:34Z,2026-08-09T07:15:34+0200,72a31bd2-8518-490a-bfbe-24bda838aac9,2026-07-26T00:00:00Z,2026-07-26T02:00:00+0200,4384.54477,MW,DE,DE_LU,actual_onshore_wind_generation,Wind Onshore,2026-08-09T05:18:04Z
2026-08-09T05:15:34Z,2026-08-09T07:15:34+0200,72a31bd2-8518-490a-bfbe-24bda838aac9,2026-07-26T00:15:00Z,2026-07-26T02:15:00+0200,4358.27044,MW,DE,DE_LU,actual_onshore_wind_generation,Wind Onshore,2026-08-09T05:18:04Z
2026-08-09T05:15:34Z,2026-08-09T07:15:34+0200,72a31bd2-8518-490a-bfbe-24bda838aac9,2026-07-26T00:30:00Z,2026-07-26T02:30:00+0200,4412.47011,MW,DE,DE_LU,actual_onshore_wind_generation,Wind Onshore,2026-08-09T05:18:04Z
2026-08-09T05:15:34Z,2026-08-09T07:15:34+0200,72a31bd2-8518-490a-bfbe-24bda838aac9,2026-07-26T00:45:00Z,2026-07-26T02:45:00+0200,4606.1005,MW,DE,DE_LU,actual_onshore_wind_generation,Wind Onshore,2026-08-09T05:18:04Z
2026-08-09T05:15:34Z,2026-08-09T07:15:34+0200,72a31bd2-8518-490a-bfbe-24bda838aac9,2026-07-26T01:00:00Z,2026-07-26T03:00:00+0200,4807.91394,MW,DE,DE_LU,actual_onshore_wind_generation,Wind Onshore,2026-08-09T05:18:04Z
2026-08-09T05:15:34Z,2026-08-09T07:15:34+0200,72a31bd2-8518-490a-bfbe-24bda838aac9,2026-07-26T01:15:00Z,2026-07-26T03:15:00+0200,5144.55641,MW,DE,DE_LU,actual_onshore_wind_generation,Wind Onshore,2026-08-09T05:18:04Z
2026-08-09T05:15:34Z,2026-08-09T07:15:34+0200,72a31bd2-8518-490a-bfbe-24bda838aac9,2026-07-26T01:30:00Z,2026-07-26T03:30:00+0200,5369.114,MW,DE,DE_LU,actual_onshore_wind_generation,Wind Onshore,2026-08-09T05:18:04Z
2026-08-09T05:15:34Z,2026-08-09T07:15:34+0200,72a31bd2-8518-490a-bfbe-24bda838aac9,2026-07-26T01:45:00Z,2026-07-26T03:45:00+0200,5560.22795,MW,DE,DE_LU,actual_onshore_wind_generation,Wind Onshore,2026-08-09T05:18:04Z
2026-08-09T05:15:34Z,2026-08-09T07:15:34+0200,72a31bd2-8518-490a-bfbe-24bda838aac9,2026-07-26T02:00:00Z,2026-07-26T04:00:00+0200,5940.93944,MW,DE,DE_LU,actual_onshore_wind_generation,Wind Onshore,2026-08-09T05:18:04Z
2026-08-09T05:15:34Z,2026-08-09T07:15:34+0200,72a31bd2-8518-490a-bfbe-24bda838aac9,2026-07-26T02:15:00Z,2026-07-26T04:15:00+0200,6262.1408,MW,DE,DE_LU,actual_onshore_wind_generation,Wind Onshore,2026-08-09T05:18:04Z
2026-08-09T05:15:34Z,2026-08-09T07:15:34+0200,72a31bd2-8518-490a-bfbe-24bda838aac9,2026-07-26T02:30:00Z,2026-07-26T04:30:00+0200,6642.11805,MW,DE,DE_LU,actual_onshore_wind_generation,Wind Onshore,2026-08-09T05:18:04Z
2026-08-09T05:15:34Z,2026-08-09T07:15:34+0200,72a31bd2-8518-490a-bfbe-24bda838aac9,2026-07-26T02:45:00Z,2026-07-26T04:45:00+0200,7156.34022,MW,DE,DE_LU,actual_onshore_wind_generation,Wind Onshore,2026-08-09T05:18:04Z
2026-08-09T05:15:34Z,2026-08-09T07:15:34+0200,72a31bd2-8518-490a-bfbe-24bda838aac9,2026-07-26T03:00:00Z,2026-07-26T05:00:00+0200,7511.64949,MW,DE,DE_LU,actual_onshore_wind_generation,Wind Onshore,2026-08-09T05:18:04Z
2026-08-09T05:15:34Z,2026-08-09T07:15:34+0200,72a31bd2-8518-490a-bfbe-24bda838aac9,2026-07-26T03:15:00Z,2026-07-26T05:15:00+0200,7735.80705,MW,DE,DE_LU,actual_onshore_wind_generation,Wind Onshore,2026-08-09T05:18:04Z
2026-08-09T05:15:34Z,2026-08-09T07:15:34+0200,72a31bd2-8518-490a-bfbe-24bda838aac9,2026-07-26T03:30:00Z,2026-07-26T05:30:00+0200,8242.61306,MW,DE,DE_LU,actual_onshore_wind_generation,Wind Onshore,2026-08-09T05:18:04Z
2026-08-09T05:15:34Z,2026-08-09T07:15:34+0200,72a31bd2-8518-490a-bfbe-24bda838aac9,2026-07-26T03:45:00Z,2026-07-26T05:45:00+0200,8583.76925,MW,DE,DE_LU,actual_onshore_wind_generation,Wind Onshore,2026-08-09T05:18:04Z
2026-08-09T05:15:34Z,2026-08-09T07:15:34+0200,72a31bd2-8518-490a-bfbe-24bda838aac9,2026-07-26T04:00:00Z,2026-07-26T06:00:00+0200,8915.01691,MW,DE,DE_LU,actual_onshore_wind_generation,Wind Onshore,2026-08-09T05:18:04Z
2026-08-09T05:15:34Z,2026-08-09T07:15:34+0200,72a31bd2-8518-490a-bfbe-24bda838aac9,2026-07-26T04:15:00Z,2026-07-26T06:15:00+0200,9026.6931,MW,DE,DE_LU,actual_onshore_wind_generation,Wind Onshore,2026-08-09T05:18:04Z
2026-08-09T05:15:34Z,2026-08-09T07:15:34+0200,72a31bd2-8518-490a-bfbe-24bda838aac9,2026-07-26T04:30:00Z,2026-07-26T06:30:00+0200,9028.52347,MW,DE,DE_LU,actual_onshore_wind_generation,Wind Onshore,2026-08-09T05:18:04Z
2026-08-09T05:15:34Z,2026-08-09T07:15:34+0200,72a31bd2-8518-490a-bfbe-24bda838aac9,2026-07-26T04:45:00Z,2026-07-26T06:45:00+0200,8981.46139,MW,DE,DE_LU,actual_onshore_wind_generation,Wind Onshore,2026-08-09T05:18:04Z
2026-08-09T05:15:34Z,2026-08-09T07:15:34+0200,72a31bd2-8518-490a-bfbe-24bda838aac9,2026-07-26T05:00:00Z,2026-07-26T07:00:00+0200,8883.32064,MW,DE,DE_LU,actual_onshore_wind_generation,Wind Onshore,2026-08-09T05:18:04Z
2026-08-09T05:15:34Z,2026-08-09T07:15:34+0200,72a31bd2-8518-490a-bfbe-24bda838aac9,2026-07-26T05:15:00Z,2026-07-26T07:15:00+0200,8708.57934,MW,DE,DE_LU,actual_onshore_wind_generation,Wind Onshore,2026-08-09T05:18:04Z
2026-08-09T05:15:34Z,2026-08-09T07:15:34+0200,72a31bd2-8518-490a-bfbe-24bda838aac9,2026-07-26T05:30:00Z,2026-07-26T07:30:00+0200,8447.20237,MW,DE,DE_LU,actual_onshore_wind_generation,Wind Onshore,2026-08-09T05:18:04Z
2026-08-09T05:15:34Z,2026-08-09T07:15:34+0200,72a31bd2-8518-490a-bfbe-24bda838aac9,2026-07-26T05:45:00Z,2026-07-26T07:45:00+0200,8215.29887,MW,DE,DE_LU,actual_onshore_wind_generation,Wind Onshore,2026-08-09T05:18:04Z
2026-08-09T05:15:34Z,2026-08-09T07:15:34+0200,72a31bd2-8518-490a-bfbe-24bda838aac9,2026-07-26T06:00:00Z,2026-07-26T08:00:00+0200,7965.80903,MW,DE,DE_LU,actual_onshore_wind_generation,Wind Onshore,2026-08-09T05:18:04Z
2026-08-09T05:15:34Z,2026-08-09T07:15:34+0200,72a31bd2-8518-490a-bfbe-24bda838aac9,2026-07-26T06:15:00Z,2026-07-26T08:15:00+0200,7723.78256,MW,DE,DE_LU,actual_onshore_wind_generation,Wind Onshore,2026-08-09T05:18:04Z
2026-08-09T05:15:34Z,2026-08-09T07:15:34+0200,72a31bd2-8518-490a-bfbe-24bda838aac9,2026-07-26T06:30:00Z,2026-07-26T08:30:00+0200,7430.70063,MW,DE,DE_LU,actual_onshore_wind_generation,Wind Onshore,2026-08-09T05:18:04Z
2026-08-09T05:15:34Z,2026-08-09T07:15:34+0200,72a31bd2-8518-490a-bfbe-24bda838aac9,2026-07-26T06:45:00Z,2026-07-26T08:45:00+0200,7330.05406,MW,DE,DE_LU,actual_onshore_wind_generation,Wind Onshore,2026-08-09T05:18:04Z
2026-08-09T05:15:34Z,2026-08-09T07:15:34+0200,72a31bd2-8518-490a-bfbe-24bda838aac9,2026-07-26T07:00:00Z,2026-07-26T09:00:00+0200,7636.38391,MW,DE,DE_LU,actual_onshore_wind_generation,Wind Onshore,2026-08-09T05:18:04Z
2026-08-09T05:15:34Z,2026-08-09T07:15:34+0200,72a31bd2-8518-490a-bfbe-24bda838aac9,2026-07-26T07:15:00Z,2026-07-26T09:15:00+0200,7797.67181,MW,DE,DE_LU,actual_onshore_wind_generation,Wind Onshore,2026-08-09T05:18:04Z
2026-08-09T05:15:34Z,2026-08-09T07:15:34+0200,72a31bd2-8518-490a-bfbe-24bda838aac9,2026-07-26T07:30:00Z,2026-07-26T09:30:00+0200,8202.57363,MW,DE,DE_LU,actual_onshore_wind_generation,Wind Onshore,2026-08-09T05:18:04Z
2026-08-09T05:15:34Z,2026-08-09T07:15:34+0200,72a31bd2-8518-490a-bfbe-24bda838aac9,2026-07-26T07:45:00Z,2026-07-26T09:45:00+0200,8929.47684,MW,DE,DE_LU,actual_onshore_wind_generation,Wind Onshore,2026-08-09T05:18:04Z
2026-08-09T05:15:34Z,2026-08-09T07:15:34+0200,72a31bd2-8518-490a-bfbe-24bda838aac9,2026-07-26T08:00:00Z,2026-07-26T10:00:00+0200,8743.73294,MW,DE,DE_LU,actual_onshore_wind_generation,Wind Onshore,2026-08-09T05:18:04Z
2026-08-09T05:15:34Z,2026-08-09T07:15:34+0200,72a31bd2-8518-490a-bfbe-24bda838aac9,2026-07-26T08:15:00Z,2026-07-26T10:15:00+0200,9335.92582,MW,DE,DE_LU,actual_onshore_wind_generation,Wind Onshore,2026-08-09T05:18:04Z
2026-08-09T05:15:34Z,2026-08-09T07:15:34+0200,72a31bd2-8518-490a-bfbe-24bda838aac9,2026-07-26T08:30:00Z,2026-07-26T10:30:00+0200,9047.55634,MW,DE,DE_LU,actual_onshore_wind_generation,Wind Onshore,2026-08-09T05:18:04Z
2026-08-09T05:15:34Z,2026-08-09T07:15:34+0200,72a31bd2-8518-490a-bfbe-24bda838aac9,2026-07-26T08:45:00Z,2026-07-26T10:45:00+0200,9850.23607,MW,DE,DE_LU,actual_onshore_wind_generation,Wind Onshore,2026-08-09T05:18:04Z
2026-08-09T05:15:34Z,2026-08-09T07:15:34+0200,72a31bd2-8518-490a-bfbe-24bda838aac9,2026-07-26T09:00:00Z,2026-07-26T11:00:00+0200,9523.39187,MW,DE,DE_LU,actual_onshore_wind_generation,Wind Onshore,2026-08-09T05:18:04Z
2026-08-09T05:15:34Z,2026-08-09T07:15:34+0200,72a31bd2-8518-490a-bfbe-24bda838aac9,2026-07-26T09:15:00Z,2026-07-26T11:15:00+0200,9680.31989,MW,DE,DE_LU,actual_onshore_wind_generation,Wind Onshore,2026-08-09T05:18:04Z
2026-08-09T05:15:34Z,2026-08-09T07:15:34+0200,72a31bd2-8518-490a-bfbe-24bda838aac9,2026-07-26T09:30:00Z,2026-07-26T11:30:00+0200,9629.82679,MW,DE,DE_LU,actual_onshore_wind_generation,Wind Onshore,2026-08-09T05:18:04Z
2026-08-09T05:15:34Z,2026-08-09T07:15:34+0200,72a31bd2-8518-490a-bfbe-24bda838aac9,2026-07-26T09:45:00Z,2026-07-26T11:45:00+0200,9596.58484,MW,DE,DE_LU,actual_onshore_wind_generation,Wind Onshore,2026-08-09T05:18:04Z
2026-08-09T05:15:34Z,2026-08-09T07:15:34+0200,72a31bd2-8518-490a-bfbe-24bda838aac9,2026-07-26T10:00:00Z,2026-07-26T12:00:00+0200,10182.49867,MW,DE,DE_LU,actual_onshore_wind_generation,Wind Onshore,2026-08-09T05:18:04Z
2026-08-09T05:15:34Z,2026-08-09T07:15:34+0200,72a31bd2-8518-490a-bfbe-24bda838aac9,2026-07-26T10:15:00Z,2026-07-26T12:15:00+0200,10378.99308,MW,DE,DE_LU,actual_onshore_wind_generation,Wind Onshore,2026-08-09T05:18:04Z
2026-08-09T05:15:34Z,2026-08-09T07:15:34+0200,72a31bd2-8518-490a-bfbe-24bda838aac9,2026-07-26T10:30:00Z,2026-07-26T12:30:00+0200,10402.45402,MW,DE,DE_LU,actual_onshore_wind_generation,Wind Onshore,2026-08-09T05:18:04Z
2026-08-09T05:15:34Z,2026-08-09T07:15:34+0200,72a31bd2-8518-490a-bfbe-24bda838aac9,2026-07-26T10:45:00Z,2026-07-26T12:45:00+0200,10897.24469,MW,DE,DE_LU,actual_onshore_wind_generation,Wind Onshore,2026-08-09T05:18:04Z
2026-08-09T05:15:34Z,2026-08-09T07:15:34+0200,72a31bd2-8518-490a-bfbe-24bda838aac9,2026-07-26T11:00:00Z,2026-07-26T13:00:00+0200,10962.63819,MW,DE,DE_LU,actual_onshore_wind_generation,Wind Onshore,2026-08-09T05:18:04Z
2026-08-09T05:15:34Z,2026-08-09T07:15:34+0200,72a31bd2-8518-490a-bfbe-24bda838aac9,2026-07-26T11:15:00Z,2026-07-26T13:15:00+0200,11593.09968,MW,DE,DE_LU,actual_onshore_wind_generation,Wind Onshore,2026-08-09T05:18:04Z
2026-08-09T05:15:34Z,2026-08-09T07:15:34+0200,72a31bd2-8518-490a-bfbe-24bda838aac9,2026-07-26T11:30:00Z,2026-07-26T13:30:00+0200,12217.80621,MW,DE,DE_LU,actual_onshore_wind_generation,Wind Onshore,2026-08-09T05:18:04Z
2026-08-09T05:15:34Z,2026-08-09T07:15:34+0200,72a31bd2-8518-490a-bfbe-24bda838aac9,2026-07-26T11:45:00Z,2026-07-26T13:45:00+0200,12719.67268,MW,DE,DE_LU,actual_onshore_wind_generation,Wind Onshore,2026-08-09T05:18:04Z
2026-08-09T05:15:34Z,2026-08-09T07:15:34+0200,72a31bd2-8518-490a-bfbe-24bda838aac9,2026-07-26T12:00:00Z,2026-07-26T14:00:00+0200,12884.49891,MW,DE,DE_LU,actual_onshore_wind_generation,Wind Onshore,2026-08-09T05:18:04Z
2026-08-09T05:15:34Z,2026-08-09T07:15:34+0200,72a31bd2-8518-490a-bfbe-24bda838aac9,2026-07-26T12:15:00Z,2026-07-26T14:15:00+0200,12748.64127,MW,DE,DE_LU,actual_onshore_wind_generation,Wind Onshore,2026-08-09T05:18:04Z
2026-08-09T05:15:34Z,2026-08-09T07:15:34+0200,72a31bd2-8518-490a-bfbe-24bda838aac9,2026-07-26T12:30:00Z,2026-07-26T14:30:00+0200,13229.7716,MW,DE,DE_LU,actual_onshore_wind_generation,Wind Onshore,2026-08-09T05:18:04Z
2026-08-09T05:15:34Z,2026-08-09T07:15:34+0200,72a31bd2-8518-490a-bfbe-24bda838aac9,2026-07-26T12:45:00Z,2026-07-26T14:45:00+0200,13816.81731,MW,DE,DE_LU,actual_onshore_wind_generation,Wind Onshore,2026-08-09T05:18:04Z
2026-08-09T05:15:34Z,2026-08-09T07:15:34+0200,72a31bd2-8518-490a-bfbe-24bda838aac9,2026-07-26T13:00:00Z,2026-07-26T15:00:00+0200,14263.34001,MW,DE,DE_LU,actual_onshore_wind_generation,Wind Onshore,2026-08-09T05:18:04Z
2026-08-09T05:15:34Z,2026-08-09T07:15:34+0200,72a31bd2-8518-490a-bfbe-24bda838aac9,2026-07-26T13:15:00Z,2026-07-26T15:15:00+0200,14648.41576,MW,DE,DE_LU,actual_onshore_wind_generation,Wind Onshore,2026-08-09T05:18:04Z
2026-08-09T05:15:34Z,2026-08-09T07:15:34+0200,72a31bd2-8518-490a-bfbe-24bda838aac9,2026-07-26T13:30:00Z,2026-07-26T15:30:00+0200,14677.18097,MW,DE,DE_LU,actual_onshore_wind_generation,Wind Onshore,2026-08-09T05:18:04Z
2026-08-09T05:15:34Z,2026-08-09T07:15:34+0200,72a31bd2-8518-490a-bfbe-24bda838aac9,2026-07-26T13:45:00Z,2026-07-26T15:45:00+0200,15062.32353,MW,DE,DE_LU,actual_onshore_wind_generation,Wind Onshore,2026-08-09T05:18:04Z
2026-08-09T05:15:34Z,2026-08-09T07:15:34+0200,72a31bd2-8518-490a-bfbe-24bda838aac9,2026-07-26T14:00:00Z,2026-07-26T16:00:00+0200,15053.30902,MW,DE,DE_LU,actual_onshore_wind_generation,Wind Onshore,2026-08-09T05:18:04Z
2026-08-09T05:15:34Z,2026-08-09T07:15:34+0200,72a31bd2-8518-490a-bfbe-24bda838aac9,2026-07-26T14:15:00Z,2026-07-26T16:15:00+0200,15870.49158,MW,DE,DE_LU,actual_onshore_wind_generation,Wind Onshore,2026-08-09T05:18:04Z
2026-08-09T05:15:34Z,2026-08-09T07:15:34+0200,72a31bd2-8518-490a-bfbe-24bda838aac9,2026-07-26T14:30:00Z,2026-07-26T16:30:00+0200,15842.2807,MW,DE,DE_LU,actual_onshore_wind_generation,Wind Onshore,2026-08-09T05:18:04Z
2026-08-09T05:15:34Z,2026-08-09T07:15:34+0200,72a31bd2-8518-490a-bfbe-24bda838aac9,2026-07-26T14:45:00Z,2026-07-26T16:45:00+0200,16834.67908,MW,DE,DE_LU,actual_onshore_wind_generation,Wind Onshore,2026-08-09T05:18:04Z
2026-08-09T05:15:34Z,2026-08-09T07:15:34+0200,72a31bd2-8518-490a-bfbe-24bda838aac9,2026-07-26T15:00:00Z,2026-07-26T17:00:00+0200,18517.76934,MW,DE,DE_LU,actual_onshore_wind_generation,Wind Onshore,2026-08-09T05:18:04Z
2026-08-09T05:15:34Z,2026-08-09T07:15:34+0200,72a31bd2-8518-490a-bfbe-24bda838aac9,2026-07-26T15:15:00Z,2026-07-26T17:15:00+0200,19479.43707,MW,DE,DE_LU,actual_onshore_wind_generation,Wind Onshore,2026-08-09T05:18:04Z
2026-08-09T05:15:34Z,2026-08-09T07:15:34+0200,72a31bd2-8518-490a-bfbe-24bda838aac9,2026-07-26T15:30:00Z,2026-07-26T17:30:00+0200,20196.26223,MW,DE,DE_LU,actual_onshore_wind_generation,Wind Onshore,2026-08-09T05:18:04Z
2026-08-09T05:15:34Z,2026-08-09T07:15:34+0200,72a31bd2-8518-490a-bfbe-24bda838aac9,2026-07-26T15:45:00Z,2026-07-26T17:45:00+0200,21498.02601,MW,DE,DE_LU,actual_onshore_wind_generation,Wind Onshore,2026-08-09T05:18:04Z
2026-08-09T05:15:34Z,2026-08-09T07:15:34+0200,72a31bd2-8518-490a-bfbe-24bda838aac9,2026-07-26T16:00:00Z,2026-07-26T18:00:00+0200,22117.74345,MW,DE,DE_LU,actual_onshore_wind_generation,Wind Onshore,2026-08-09T05:18:04Z
2026-08-09T05:15:34Z,2026-08-09T07:15:34+0200,72a31bd2-8518-490a-bfbe-24bda838aac9,2026-07-26T16:15:00Z,2026-07-26T18:15:00+0200,23766.37227,MW,DE,DE_LU,actual_onshore_wind_generation,Wind Onshore,2026-08-09T05:18:04Z
2026-08-09T05:15:34Z,2026-08-09T07:15:34+0200,72a31bd2-8518-490a-bfbe-24bda838aac9,2026-07-26T16:30:00Z,2026-07-26T18:30:00+0200,24540.7768,MW,DE,DE_LU,actual_onshore_wind_generation,Wind Onshore,2026-08-09T05:18:04Z
2026-08-09T05:15:34Z,2026-08-09T07:15:34+0200,72a31bd2-8518-490a-bfbe-24bda838aac9,2026-07-26T16:45:00Z,2026-07-26T18:45:00+0200,24509.41486,MW,DE,DE_LU,actual_onshore_wind_generation,Wind Onshore,2026-08-09T05:18:04Z
2026-08-09T05:15:34Z,2026-08-09T07:15:34+0200,72a31bd2-8518-490a-bfbe-24bda838aac9,2026-07-26T17:00:00Z,2026-07-26T19:00:00+0200,24592.45727,MW,DE,DE_LU,actual_onshore_wind_generation,Wind Onshore,2026-08-09T05:18:04Z
2026-08-09T05:15:34Z,2026-08-09T07:15:34+0200,72a31bd2-8518-490a-bfbe-24bda838aac9,2026-07-26T17:15:00Z,2026-07-26T19:15:00+0200,24329.27397,MW,DE,DE_LU,actual_onshore_wind_generation,Wind Onshore,2026-08-09T05:18:04Z
2026-08-09T05:15:34Z,2026-08-09T07:15:34+0200,72a31bd2-8518-490a-bfbe-24bda838aac9,2026-07-26T17:30:00Z,2026-07-26T19:30:00+0200,24135.0873,MW,DE,DE_LU,actual_onshore_wind_generation,Wind Onshore,2026-08-09T05:18:04Z
2026-08-09T05:15:34Z,2026-08-09T07:15:34+0200,72a31bd2-8518-490a-bfbe-24bda838aac9,2026-07-26T17:45:00Z,2026-07-26T19:45:00+0200,23267.57681,MW,DE,DE_LU,actual_onshore_wind_generation,Wind Onshore,2026-08-09T05:18:04Z
2026-08-09T05:15:34Z,2026-08-09T07:15:34+0200,72a31bd2-8518-490a-bfbe-24bda838aac9,2026-07-26T18:00:00Z,2026-07-26T20:00:00+0200,22601.33634,MW,DE,DE_LU,actual_onshore_wind_generation,Wind Onshore,2026-08-09T05:18:04Z
2026-08-09T05:15:34Z,2026-08-09T07:15:34+0200,72a31bd2-8518-490a-bfbe-24bda838aac9,2026-07-26T18:15:00Z,2026-07-26T20:15:00+0200,21966.35455,MW,DE,DE_LU,actual_onshore_wind_generation,Wind Onshore,2026-08-09T05:18:04Z
2026-08-09T05:15:34Z,2026-08-09T07:15:34+0200,72a31bd2-8518-490a-bfbe-24bda838aac9,2026-07-26T18:30:00Z,2026-07-26T20:30:00+0200,21710.49614,MW,DE,DE_LU,actual_onshore_wind_generation,Wind Onshore,2026-08-09T05:18:04Z
2026-08-09T05:15:34Z,2026-08-09T07:15:34+0200,72a31bd2-8518-490a-bfbe-24bda838aac9,2026-07-26T18:45:00Z,2026-07-26T20:45:00+0200,21630.5589,MW,DE,DE_LU,actual_onshore_wind_generation,Wind Onshore,2026-08-09T05:18:04Z
2026-08-09T05:15:34Z,2026-08-09T07:15:34+0200,72a31bd2-8518-490a-bfbe-24bda838aac9,2026-07-26T19:00:00Z,2026-07-26T21:00:00+0200,21789.43544,MW,DE,DE_LU,actual_onshore_wind_generation,Wind Onshore,2026-08-09T05:18:04Z
2026-08-09T05:15:34Z,2026-08-09T07:15:34+0200,72a31bd2-8518-490a-bfbe-24bda838aac9,2026-07-26T19:15:00Z,2026-07-26T21:15:00+0200,21743.62798,MW,DE,DE_LU,actual_onshore_wind_generation,Wind Onshore,2026-08-09T05:18:04Z
2026-08-09T05:15:34Z,2026-08-09T07:15:34+0200,72a31bd2-8518-490a-bfbe-24bda838aac9,2026-07-26T19:30:00Z,2026-07-26T21:30:00+0200,21326.65571,MW,DE,DE_LU,actual_onshore_wind_generation,Wind Onshore,2026-08-09T05:18:04Z
2026-08-09T05:15:34Z,2026-08-09T07:15:34+0200,72a31bd2-8518-490a-bfbe-24bda838aac9,2026-07-26T19:45:00Z,2026-07-26T21:45:00+0200,21457.30206,MW,DE,DE_LU,actual_onshore_wind_generation,Wind Onshore,2026-08-09T05:18:04Z
2026-08-09T05:15:34Z,2026-08-09T07:15:34+0200,72a31bd2-8518-490a-bfbe-24bda838aac9,2026-07-26T20:00:00Z,2026-07-26T22:00:00+0200,21421.4928,MW,DE,DE_LU,actual_onshore_wind_generation,Wind Onshore,2026-08-09T05:18:04Z
2026-08-09T05:15:34Z,2026-08-09T07:15:34+0200,72a31bd2-8518-490a-bfbe-24bda838aac9,2026-07-26T20:15:00Z,2026-07-26T22:15:00+0200,21815.08399,MW,DE,DE_LU,actual_onshore_wind_generation,Wind Onshore,2026-08-09T05:18:04Z
2026-08-09T05:15:34Z,2026-08-09T07:15:34+0200,72a31bd2-8518-490a-bfbe-24bda838aac9,2026-07-26T20:30:00Z,2026-07-26T22:30:00+0200,22362.2468,MW,DE,DE_LU,actual_onshore_wind_generation,Wind Onshore,2026-08-09T05:18:04Z
2026-08-09T05:15:34Z,2026-08-09T07:15:34+0200,72a31bd2-8518-490a-bfbe-24bda838aac9,2026-07-26T20:45:00Z,2026-07-26T22:45:00+0200,22884.9474,MW,DE,DE_LU,actual_onshore_wind_generation,Wind Onshore,2026-08-09T05:18:04Z
2026-08-09T05:15:34Z,2026-08-09T07:15:34+0200,72a31bd2-8518-490a-bfbe-24bda838aac9,2026-07-26T21:00:00Z,2026-07-26T23:00:00+0200,23788.84634,MW,DE,DE_LU,actual_onshore_wind_generation,Wind Onshore,2026-08-09T05:18:04Z
2026-08-09T05:15:34Z,2026-08-09T07:15:34+0200,72a31bd2-8518-490a-bfbe-24bda838aac9,2026-07-26T21:15:00Z,2026-07-26T23:15:00+0200,24698.96881,MW,DE,DE_LU,actual_onshore_wind_generation,Wind Onshore,2026-08-09T05:18:04Z
2026-08-09T05:15:34Z,2026-08-09T07:15:34+0200,72a31bd2-8518-490a-bfbe-24bda838aac9,2026-07-26T21:30:00Z,2026-07-26T23:30:00+0200,25232.71192,MW,DE,DE_LU,actual_onshore_wind_generation,Wind Onshore,2026-08-09T05:18:04Z
2026-08-09T05:15:34Z,2026-08-09T07:15:34+0200,72a31bd2-8518-490a-bfbe-24bda838aac9,2026-07-26T21:45:00Z,2026-07-26T23:45:00+0200,25436.30422,MW,DE,DE_LU,actual_onshore_wind_generation,Wind Onshore,2026-08-09T05:18:04Z
2026-08-09T05:15:34Z,2026-08-09T07:15:34+0200,72a31bd2-8518-490a-bfbe-24bda838aac9,2026-07-26T22:00:00Z,2026-07-27T00:00:00+0200,25715.52921,MW,DE,DE_LU,actual_onshore_wind_generation,Wind Onshore,2026-08-09T05:18:04Z
2026-08-09T05:15:34Z,2026-08-09T07:15:34+0200,72a31bd2-8518-490a-bfbe-24bda838aac9,2026-07-26T22:15:00Z,2026-07-27T00:15:00+0200,26137.2068,MW,DE,DE_LU,actual_onshore_wind_generation,Wind Onshore,2026-08-09T05:18:04Z
2026-08-09T05:15:34Z,2026-08-09T07:15:34+0200,72a31bd2-8518-490a-bfbe-24bda838aac9,2026-07-26T22:30:00Z,2026-07-27T00:30:00+0200,26852.96946,MW,DE,DE_LU,actual_onshore_wind_generation,Wind Onshore,2026-08-09T05:18:04Z
2026-08-09T05:15:34Z,2026-08-09T07:15:34+0200,72a31bd2-8518-490a-bfbe-24bda838aac9,2026-07-26T22:45:00Z,2026-07-27T00:45:00+0200,27135.67113,MW,DE,DE_LU,actual_onshore_wind_generation,Wind Onshore,2026-08-09T05:18:04Z
2026-08-09T05:15:34Z,2026-08-09T07:15:34+0200,72a31bd2-8518-490a-bfbe-24bda838aac9,2026-07-26T23:00:00Z,2026-07-27T01:00:00+0200,26589.41534,MW,DE,DE_LU,actual_onshore_wind_generation,Wind Onshore,2026-08-09T05:18:04Z
2026-08-09T05:15:34Z,2026-08-09T07:15:34+0200,72a31bd2-8518-490a-bfbe-24bda838aac9,2026-07-26T23:15:00Z,2026-07-27T01:15:00+0200,26064.53298,MW,DE,DE_LU,actual_onshore_wind_generation,Wind Onshore,2026-08-09T05:18:04Z
2026-08-09T05:15:34Z,2026-08-09T07:15:34+0200,72a31bd2-8518-490a-bfbe-24bda838aac9,2026-07-26T23:30:00Z,2026-07-27T01:30:00+0200,25854.98629,MW,DE,DE_LU,actual_onshore_wind_generation,Wind Onshore,2026-08-09T05:18:04Z
2026-08-09T05:15:34Z,2026-08-09T07:15:34+0200,72a31bd2-8518-490a-bfbe-24bda838aac9,2026-07-26T23:45:00Z,2026-07-27T01:45:00+0200,25547.079,MW,DE,DE_LU,actual_onshore_wind_generation,Wind Onshore,2026-08-09T05:18:04Z
2026-08-09T05:15:34Z,2026-08-09T07:15:34+0200,72a31bd2-8518-490a-bfbe-24bda838aac9,2026-07-27T00:00:00Z,2026-07-27T02:00:00+0200,25301.15953,MW,DE,DE_LU,actual_onshore_wind_generation,Wind Onshore,2026-08-09T05:18:04Z
2026-08-09T05:15:34Z,2026-08-09T07:15:34+0200,72a31bd2-8518-490a-bfbe-24bda838aac9,2026-07-27T00:15:00Z,2026-07-27T02:15:00+0200,25260.97447,MW,DE,DE_LU,actual_onshore_wind_generation,Wind Onshore,2026-08-09T05:18:04Z
2026-08-09T05:15:34Z,2026-08-09T07:15:34+0200,72a31bd2-8518-490a-bfbe-24bda838aac9,2026-07-27T00:30:00Z,2026-07-27T02:30:00+0200,25365.16682,MW,DE,DE_LU,actual_onshore_wind_generation,Wind Onshore,2026-08-09T05:18:04Z
2026-08-09T05:15:34Z,2026-08-09T07:15:34+0200,72a31bd2-8518-490a-bfbe-24bda838aac9,2026-07-27T00:45:00Z,2026-07-27T02:45:00+0200,25114.4407,MW,DE,DE_LU,actual_onshore_wind_generation,Wind Onshore,2026-08-09T05:18:04Z
2026-08-09T05:15:34Z,2026-08-09T07:15:34+0200,72a31bd2-8518-490a-bfbe-24bda838aac9,2026-07-27T01:00:00Z,2026-07-27T03:00:00+0200,24656.59179,MW,DE,DE_LU,actual_onshore_wind_generation,Wind Onshore,2026-08-09T05:18:04Z
2026-08-09T05:15:34Z,2026-08-09T07:15:34+0200,72a31bd2-8518-490a-bfbe-24bda838aac9,2026-07-27T01:15:00Z,2026-07-27T03:15:00+0200,24359.46128,MW,DE,DE_LU,actual_onshore_wind_generation,Wind Onshore,2026-08-09T05:18:04Z
2026-08-09T05:15:34Z,2026-08-09T07:15:34+0200,72a31bd2-8518-490a-bfbe-24bda838aac9,2026-07-27T01:30:00Z,2026-07-27T03:30:00+0200,24098.85646,MW,DE,DE_LU,actual_onshore_wind_generation,Wind Onshore,2026-08-09T05:18:04Z
2026-08-09T05:15:34Z,2026-08-09T07:15:34+0200,72a31bd2-8518-490a-bfbe-24bda838aac9,2026-07-27T01:45:00Z,2026-07-27T03:45:00+0200,23482.23498,MW,DE,DE_LU,actual_onshore_wind_generation,Wind Onshore,2026-08-09T05:18:04Z
2026-08-09T05:15:34Z,2026-08-09T07:15:34+0200,72a31bd2-8518-490a-bfbe-24bda838aac9,2026-07-27T02:00:00Z,2026-07-27T04:00:00+0200,23134.46629,MW,DE,DE_LU,actual_onshore_wind_generation,Wind Onshore,2026-08-09T05:18:04Z
2026-08-09T05:15:34Z,2026-08-09T07:15:34+0200,72a31bd2-8518-490a-bfbe-24bda838aac9,2026-07-27T02:15:00Z,2026-07-27T04:15:00+0200,22810.32403,MW,DE,DE_LU,actual_onshore_wind_generation,Wind Onshore,2026-08-09T05:18:04Z
2026-08-09T05:15:34Z,2026-08-09T07:15:34+0200,72a31bd2-8518-490a-bfbe-24bda838aac9,2026-07-27T02:30:00Z,2026-07-27T04:30:00+0200,22591.53901,MW,DE,DE_LU,actual_onshore_wind_generation,Wind Onshore,2026-08-09T05:18:04Z
2026-08-09T05:15:34Z,2026-08-09T07:15:34+0200,72a31bd2-8518-490a-bfbe-24bda838aac9,2026-07-27T02:45:00Z,2026-07-27T04:45:00+0200,22568.99662,MW,DE,DE_LU,actual_onshore_wind_generation,Wind Onshore,2026-08-09T05:18:04Z
2026-08-09T05:15:34Z,2026-08-09T07:15:34+0200,72a31bd2-8518-490a-bfbe-24bda838aac9,2026-07-27T03:00:00Z,2026-07-27T05:00:00+0200,22534.9711,MW,DE,DE_LU,actual_onshore_wind_generation,Wind Onshore,2026-08-09T05:18:04Z
2026-08-09T05:15:34Z,2026-08-09T07:15:34+0200,72a31bd2-8518-490a-bfbe-24bda838aac9,2026-07-27T03:15:00Z,2026-07-27T05:15:00+0200,22623.53943,MW,DE,DE_LU,actual_onshore_wind_generation,Wind Onshore,2026-08-09T05:18:04Z
2026-08-09T05:15:34Z,2026-08-09T07:15:34+0200,72a31bd2-8518-490a-bfbe-24bda838aac9,2026-07-27T03:30:00Z,2026-07-27T05:30:00+0200,22632.69823,MW,DE,DE_LU,actual_onshore_wind_generation,Wind Onshore,2026-08-09T05:18:04Z
2026-08-09T05:15:34Z,2026-08-09T07:15:34+0200,72a31bd2-8518-490a-bfbe-24bda838aac9,2026-07-27T03:45:00Z,2026-07-27T05:45:00+0200,22293.31944,MW,DE,DE_LU,actual_onshore_wind_generation,Wind Onshore,2026-08-09T05:18:04Z
2026-08-09T05:15:34Z,2026-08-09T07:15:34+0200,72a31bd2-8518-490a-bfbe-24bda838aac9,2026-07-27T04:00:00Z,2026-07-27T06:00:00+0200,22352.02511,MW,DE,DE_LU,actual_onshore_wind_generation,Wind Onshore,2026-08-09T05:18:04Z
2026-08-09T05:15:34Z,2026-08-09T07:15:34+0200,72a31bd2-8518-490a-bfbe-24bda838aac9,2026-07-27T04:15:00Z,2026-07-27T06:15:00+0200,21880.58951,MW,DE,DE_LU,actual_onshore_wind_generation,Wind Onshore,2026-08-09T05:18:04Z
2026-08-09T05:15:34Z,2026-08-09T07:15:34+0200,72a31bd2-8518-490a-bfbe-24bda838aac9,2026-07-27T04:30:00Z,2026-07-27T06:30:00+0200,21420.66079,MW,DE,DE_LU,actual_onshore_wind_generation,Wind Onshore,2026-08-09T05:18:04Z
2026-08-09T05:15:34Z,2026-08-09T07:15:34+0200,72a31bd2-8518-490a-bfbe-24bda838aac9,2026-07-27T04:45:00Z,2026-07-27T06:45:00+0200,20941.12445,MW,DE,DE_LU,actual_onshore_wind_generation,Wind Onshore,2026-08-09T05:18:04Z
2026-08-09T05:15:34Z,2026-08-09T07:15:34+0200,72a31bd2-8518-490a-bfbe-24bda838aac9,2026-07-27T05:00:00Z,2026-07-27T07:00:00+0200,20269.98216,MW,DE,DE_LU,actual_onshore_wind_generation,Wind Onshore,2026-08-09T05:18:04Z
2026-08-09T05:15:34Z,2026-08-09T07:15:34+0200,72a31bd2-8518-490a-bfbe-24bda838aac9,2026-07-27T05:15:00Z,2026-07-27T07:15:00+0200,19629.99239,MW,DE,DE_LU,actual_onshore_wind_generation,Wind Onshore,2026-08-09T05:18:04Z
2026-08-09T05:15:34Z,2026-08-09T07:15:34+0200,72a31bd2-8518-490a-bfbe-24bda838aac9,2026-07-27T05:30:00Z,2026-07-27T07:30:00+0200,18937.93328,MW,DE,DE_LU,actual_onshore_wind_generation,Wind Onshore,2026-08-09T05:18:04Z
2026-08-09T05:15:34Z,2026-08-09T07:15:34+0200,72a31bd2-8518-490a-bfbe-24bda838aac9,2026-07-27T05:45:00Z,2026-07-27T07:45:00+0200,18560.9009,MW,DE,DE_LU,actual_onshore_wind_generation,Wind Onshore,2026-08-09T05:18:04Z
2026-08-09T05:15:34Z,2026-08-09T07:15:34+0200,72a31bd2-8518-490a-bfbe-24bda838aac9,2026-07-27T06:00:00Z,2026-07-27T08:00:00+0200,18039.54674,MW,DE,DE_LU,actual_onshore_wind_generation,Wind Onshore,2026-08-09T05:18:04Z
2026-08-09T05:15:34Z,2026-08-09T07:15:34+0200,72a31bd2-8518-490a-bfbe-24bda838aac9,2026-07-27T06:15:00Z,2026-07-27T08:15:00+0200,17869.78064,MW,DE,DE_LU,actual_onshore_wind_generation,Wind Onshore,2026-08-09T05:18:04Z
2026-08-09T05:15:34Z,2026-08-09T07:15:34+0200,72a31bd2-8518-490a-bfbe-24bda838aac9,2026-07-27T06:30:00Z,2026-07-27T08:30:00+0200,17865.23389,MW,DE,DE_LU,actual_onshore_wind_generation,Wind Onshore,2026-08-09T05:18:04Z
2026-08-09T05:15:34Z,2026-08-09T07:15:34+0200,72a31bd2-8518-490a-bfbe-24bda838aac9,2026-07-27T06:45:00Z,2026-07-27T08:45:00+0200,17803.06114,MW,DE,DE_LU,actual_onshore_wind_generation,Wind Onshore,2026-08-09T05:18:04Z
2026-08-09T05:15:34Z,2026-08-09T07:15:34+0200,72a31bd2-8518-490a-bfbe-24bda838aac9,2026-07-27T07:00:00Z,2026-07-27T09:00:00+0200,18045.67699,MW,DE,DE_LU,actual_onshore_wind_generation,Wind Onshore,2026-08-09T05:18:04Z
2026-08-09T05:15:34Z,2026-08-09T07:15:34+0200,72a31bd2-8518-490a-bfbe-24bda838aac9,2026-07-27T07:15:00Z,2026-07-27T09:15:00+0200,18355.6201,MW,DE,DE_LU,actual_onshore_wind_generation,Wind Onshore,2026-08-09T05:18:04Z
2026-08-09T05:15:34Z,2026-08-09T07:15:34+0200,72a31bd2-8518-490a-bfbe-24bda838aac9,2026-07-27T07:30:00Z,2026-07-27T09:30:00+0200,18341.02948,MW,DE,DE_LU,actual_onshore_wind_generation,Wind Onshore,2026-08-09T05:18:04Z
2026-08-09T05:15:34Z,2026-08-09T07:15:34+0200,72a31bd2-8518-490a-bfbe-24bda838aac9,2026-07-27T07:45:00Z,2026-07-27T09:45:00+0200,18366.94498,MW,DE,DE_LU,actual_onshore_wind_generation,Wind Onshore,2026-08-09T05:18:04Z
2026-08-09T05:15:34Z,2026-08-09T07:15:34+0200,72a31bd2-8518-490a-bfbe-24bda838aac9,2026-07-27T08:00:00Z,2026-07-27T10:00:00+0200,18488.37451,MW,DE,DE_LU,actual_onshore_wind_generation,Wind Onshore,2026-08-09T05:18:04Z
2026-08-09T05:15:34Z,2026-08-09T07:15:34+0200,72a31bd2-8518-490a-bfbe-24bda838aac9,2026-07-27T08:15:00Z,2026-07-27T10:15:00+0200,18384.26183,MW,DE,DE_LU,actual_onshore_wind_generation,Wind Onshore,2026-08-09T05:18:04Z
2026-08-09T05:15:34Z,2026-08-09T07:15:34+0200,72a31bd2-8518-490a-bfbe-24bda838aac9,2026-07-27T08:30:00Z,2026-07-27T10:30:00+0200,18488.8062,MW,DE,DE_LU,actual_onshore_wind_generation,Wind Onshore,2026-08-09T05:18:04Z
2026-08-09T05:15:34Z,2026-08-09T07:15:34+0200,72a31bd2-8518-490a-bfbe-24bda838aac9,2026-07-27T08:45:00Z,2026-07-27T10:45:00+0200,18524.19855,MW,DE,DE_LU,actual_onshore_wind_generation,Wind Onshore,2026-08-09T05:18:04Z
2026-08-09T05:15:34Z,2026-08-09T07:15:34+0200,72a31bd2-8518-490a-bfbe-24bda838aac9,2026-07-27T09:00:00Z,2026-07-27T11:00:00+0200,18527.10756,MW,DE,DE_LU,actual_onshore_wind_generation,Wind Onshore,2026-08-09T05:18:04Z
2026-08-09T05:15:34Z,2026-08-09T07:15:34+0200,72a31bd2-8518-490a-bfbe-24bda838aac9,2026-07-27T09:15:00Z,2026-07-27T11:15:00+0200,18815.93991,MW,DE,DE_LU,actual_onshore_wind_generation,Wind Onshore,2026-08-09T05:18:04Z
2026-08-09T05:15:34Z,2026-08-09T07:15:34+0200,72a31bd2-8518-490a-bfbe-24bda838aac9,2026-07-27T09:30:00Z,2026-07-27T11:30:00+0200,18946.3406,MW,DE,DE_LU,actual_onshore_wind_generation,Wind Onshore,2026-08-09T05:18:04Z
2026-08-09T05:15:34Z,2026-08-09T07:15:34+0200,72a31bd2-8518-490a-bfbe-24bda838aac9,2026-07-27T09:45:00Z,2026-07-27T11:45:00+0200,18639.74153,MW,DE,DE_LU,actual_onshore_wind_generation,Wind Onshore,2026-08-09T05:18:04Z
2026-08-09T05:15:34Z,2026-08-09T07:15:34+0200,72a31bd2-8518-490a-bfbe-24bda838aac9,2026-07-27T10:00:00Z,2026-07-27T12:00:00+0200,18548.32691,MW,DE,DE_LU,actual_onshore_wind_generation,Wind Onshore,2026-08-09T05:18:04Z
2026-08-09T05:15:34Z,2026-08-09T07:15:34+0200,72a31bd2-8518-490a-bfbe-24bda838aac9,2026-07-27T10:15:00Z,2026-07-27T12:15:00+0200,18848.92825,MW,DE,DE_LU,actual_onshore_wind_generation,Wind Onshore,2026-08-09T05:18:04Z
2026-08-09T05:15:34Z,2026-08-09T07:15:34+0200,72a31bd2-8518-490a-bfbe-24bda838aac9,2026-07-27T10:30:00Z,2026-07-27T12:30:00+0200,19095.34755,MW,DE,DE_LU,actual_onshore_wind_generation,Wind Onshore,2026-08-09T05:18:04Z
2026-08-09T05:15:34Z,2026-08-09T07:15:34+0200,72a31bd2-8518-490a-bfbe-24bda838aac9,2026-07-27T10:45:00Z,2026-07-27T12:45:00+0200,19281.67661,MW,DE,DE_LU,actual_onshore_wind_generation,Wind Onshore,2026-08-09T05:18:04Z
2026-08-09T05:15:34Z,2026-08-09T07:15:34+0200,72a31bd2-8518-490a-bfbe-24bda838aac9,2026-07-27T11:00:00Z,2026-07-27T13:00:00+0200,19407.97736,MW,DE,DE_LU,actual_onshore_wind_generation,Wind Onshore,2026-08-09T05:18:04Z
2026-08-09T05:15:34Z,2026-08-09T07:15:34+0200,72a31bd2-8518-490a-bfbe-24bda838aac9,2026-07-27T11:15:00Z,2026-07-27T13:15:00+0200,20169.84635,MW,DE,DE_LU,actual_onshore_wind_generation,Wind Onshore,2026-08-09T05:18:04Z
2026-08-09T05:15:34Z,2026-08-09T07:15:34+0200,72a31bd2-8518-490a-bfbe-24bda838aac9,2026-07-27T11:30:00Z,2026-07-27T13:30:00+0200,20400.95544,MW,DE,DE_LU,actual_onshore_wind_generation,Wind Onshore,2026-08-09T05:18:04Z
2026-08-09T05:15:34Z,2026-08-09T07:15:34+0200,72a31bd2-8518-490a-bfbe-24bda838aac9,2026-07-27T11:45:00Z,2026-07-27T13:45:00+0200,20577.71344,MW,DE,DE_LU,actual_onshore_wind_generation,Wind Onshore,2026-08-09T05:18:04Z
2026-08-09T05:15:34Z,2026-08-09T07:15:34+0200,72a31bd2-8518-490a-bfbe-24bda838aac9,2026-07-27T12:00:00Z,2026-07-27T14:00:00+0200,20820.6524,MW,DE,DE_LU,actual_onshore_wind_generation,Wind Onshore,2026-08-09T05:18:04Z
2026-08-09T05:15:34Z,2026-08-09T07:15:34+0200,72a31bd2-8518-490a-bfbe-24bda838aac9,2026-07-27T12:15:00Z,2026-07-27T14:15:00+0200,20819.62093,MW,DE,DE_LU,actual_onshore_wind_generation,Wind Onshore,2026-08-09T05:18:04Z
2026-08-09T05:15:34Z,2026-08-09T07:15:34+0200,72a31bd2-8518-490a-bfbe-24bda838aac9,2026-07-27T12:30:00Z,2026-07-27T14:30:00+0200,20910.58245,MW,DE,DE_LU,actual_onshore_wind_generation,Wind Onshore,2026-08-09T05:18:04Z
2026-08-09T05:15:34Z,2026-08-09T07:15:34+0200,72a31bd2-8518-490a-bfbe-24bda838aac9,2026-07-27T12:45:00Z,2026-07-27T14:45:00+0200,20967.4755,MW,DE,DE_LU,actual_onshore_wind_generation,Wind Onshore,2026-08-09T05:18:04Z
2026-08-09T05:15:34Z,2026-08-09T07:15:34+0200,72a31bd2-8518-490a-bfbe-24bda838aac9,2026-07-27T13:00:00Z,2026-07-27T15:00:00+0200,20553.0174,MW,DE,DE_LU,actual_onshore_wind_generation,Wind Onshore,2026-08-09T05:18:04Z
2026-08-09T05:15:34Z,2026-08-09T07:15:34+0200,72a31bd2-8518-490a-bfbe-24bda838aac9,2026-07-27T13:15:00Z,2026-07-27T15:15:00+0200,20530.0904,MW,DE,DE_LU,actual_onshore_wind_generation,Wind Onshore,2026-08-09T05:18:04Z
2026-08-09T05:15:34Z,2026-08-09T07:15:34+0200,72a31bd2-8518-490a-bfbe-24bda838aac9,2026-07-27T13:30:00Z,2026-07-27T15:30:00+0200,21108.73207,MW,DE,DE_LU,actual_onshore_wind_generation,Wind Onshore,2026-08-09T05:18:04Z
2026-08-09T05:15:34Z,2026-08-09T07:15:34+0200,72a31bd2-8518-490a-bfbe-24bda838aac9,2026-07-27T13:45:00Z,2026-07-27T15:45:00+0200,20805.27932,MW,DE,DE_LU,actual_onshore_wind_generation,Wind Onshore,2026-08-09T05:18:04Z
2026-08-09T05:15:34Z,2026-08-09T07:15:34+0200,72a31bd2-8518-490a-bfbe-24bda838aac9,2026-07-27T14:00:00Z,2026-07-27T16:00:00+0200,20992.44431,MW,DE,DE_LU,actual_onshore_wind_generation,Wind Onshore,2026-08-09T05:18:04Z
2026-08-09T05:15:34Z,2026-08-09T07:15:34+0200,72a31bd2-8518-490a-bfbe-24bda838aac9,2026-07-27T14:15:00Z,2026-07-27T16:15:00+0200,21205.3894,MW,DE,DE_LU,actual_onshore_wind_generation,Wind Onshore,2026-08-09T05:18:04Z
2026-08-09T05:15:34Z,2026-08-09T07:15:34+0200,72a31bd2-8518-490a-bfbe-24bda838aac9,2026-07-27T14:30:00Z,2026-07-27T16:30:00+0200,21825.84277,MW,DE,DE_LU,actual_onshore_wind_generation,Wind Onshore,2026-08-09T05:18:04Z
2026-08-09T05:15:34Z,2026-08-09T07:15:34+0200,72a31bd2-8518-490a-bfbe-24bda838aac9,2026-07-27T14:45:00Z,2026-07-27T16:45:00+0200,21638.93596,MW,DE,DE_LU,actual_onshore_wind_generation,Wind Onshore,2026-08-09T05:18:04Z
2026-08-09T05:15:34Z,2026-08-09T07:15:34+0200,72a31bd2-8518-490a-bfbe-24bda838aac9,2026-07-27T15:00:00Z,2026-07-27T17:00:00+0200,22247.27804,MW,DE,DE_LU,actual_onshore_wind_generation,Wind Onshore,2026-08-09T05:18:04Z
2026-08-09T05:15:34Z,2026-08-09T07:15:34+0200,72a31bd2-8518-490a-bfbe-24bda838aac9,2026-07-27T15:15:00Z,2026-07-27T17:15:00+0200,22226.5908,MW,DE,DE_LU,actual_onshore_wind_generation,Wind Onshore,2026-08-09T05:18:04Z
2026-08-09T05:15:34Z,2026-08-09T07:15:34+0200,72a31bd2-8518-490a-bfbe-24bda838aac9,2026-07-27T15:30:00Z,2026-07-27T17:30:00+0200,21882.40935,MW,DE,DE_LU,actual_onshore_wind_generation,Wind Onshore,2026-08-09T05:18:04Z
2026-08-09T05:15:34Z,2026-08-09T07:15:34+0200,72a31bd2-8518-490a-bfbe-24bda838aac9,2026-07-27T15:45:00Z,2026-07-27T17:45:00+0200,21153.94374,MW,DE,DE_LU,actual_onshore_wind_generation,Wind Onshore,2026-08-09T05:18:04Z
2026-08-09T05:15:34Z,2026-08-09T07:15:34+0200,72a31bd2-8518-490a-bfbe-24bda838aac9,2026-07-27T16:00:00Z,2026-07-27T18:00:00+0200,20425.3867,MW,DE,DE_LU,actual_onshore_wind_generation,Wind Onshore,2026-08-09T05:18:04Z
2026-08-09T05:15:34Z,2026-08-09T07:15:34+0200,72a31bd2-8518-490a-bfbe-24bda838aac9,2026-07-27T16:15:00Z,2026-07-27T18:15:00+0200,19553.12172,MW,DE,DE_LU,actual_onshore_wind_generation,Wind Onshore,2026-08-09T05:18:04Z
2026-08-09T05:15:34Z,2026-08-09T07:15:34+0200,72a31bd2-8518-490a-bfbe-24bda838aac9,2026-07-27T16:30:00Z,2026-07-27T18:30:00+0200,18848.76402,MW,DE,DE_LU,actual_onshore_wind_generation,Wind Onshore,2026-08-09T05:18:04Z
2026-08-09T05:15:34Z,2026-08-09T07:15:34+0200,72a31bd2-8518-490a-bfbe-24bda838aac9,2026-07-27T16:45:00Z,2026-07-27T18:45:00+0200,17867.59879,MW,DE,DE_LU,actual_onshore_wind_generation,Wind Onshore,2026-08-09T05:18:04Z
2026-08-09T05:15:34Z,2026-08-09T07:15:34+0200,72a31bd2-8518-490a-bfbe-24bda838aac9,2026-07-27T17:00:00Z,2026-07-27T19:00:00+0200,16785.60435,MW,DE,DE_LU,actual_onshore_wind_generation,Wind Onshore,2026-08-09T05:18:04Z
2026-08-09T05:15:34Z,2026-08-09T07:15:34+0200,72a31bd2-8518-490a-bfbe-24bda838aac9,2026-07-27T17:15:00Z,2026-07-27T19:15:00+0200,15677.88366,MW,DE,DE_LU,actual_onshore_wind_generation,Wind Onshore,2026-08-09T05:18:04Z
2026-08-09T05:15:34Z,2026-08-09T07:15:34+0200,72a31bd2-8518-490a-bfbe-24bda838aac9,2026-07-27T17:30:00Z,2026-07-27T19:30:00+0200,14844.78532,MW,DE,DE_LU,actual_onshore_wind_generation,Wind Onshore,2026-08-09T05:18:04Z
2026-08-09T05:15:34Z,2026-08-09T07:15:34+0200,72a31bd2-8518-490a-bfbe-24bda838aac9,2026-07-27T17:45:00Z,2026-07-27T19:45:00+0200,13742.81191,MW,DE,DE_LU,actual_onshore_wind_generation,Wind Onshore,2026-08-09T05:18:04Z
2026-08-09T05:15:34Z,2026-08-09T07:15:34+0200,72a31bd2-8518-490a-bfbe-24bda838aac9,2026-07-27T18:00:00Z,2026-07-27T20:00:00+0200,12659.38019,MW,DE,DE_LU,actual_onshore_wind_generation,Wind Onshore,2026-08-09T05:18:04Z
2026-08-09T05:15:34Z,2026-08-09T07:15:34+0200,72a31bd2-8518-490a-bfbe-24bda838aac9,2026-07-27T18:15:00Z,2026-07-27T20:15:00+0200,12132.52812,MW,DE,DE_LU,actual_onshore_wind_generation,Wind Onshore,2026-08-09T05:18:04Z
2026-08-09T05:15:34Z,2026-08-09T07:15:34+0200,72a31bd2-8518-490a-bfbe-24bda838aac9,2026-07-27T18:30:00Z,2026-07-27T20:30:00+0200,11649.11735,MW,DE,DE_LU,actual_onshore_wind_generation,Wind Onshore,2026-08-09T05:18:04Z
2026-08-09T05:15:34Z,2026-08-09T07:15:34+0200,72a31bd2-8518-490a-bfbe-24bda838aac9,2026-07-27T18:45:00Z,2026-07-27T20:45:00+0200,11511.72347,MW,DE,DE_LU,actual_onshore_wind_generation,Wind Onshore,2026-08-09T05:18:04Z
2026-08-09T05:15:34Z,2026-08-09T07:15:34+0200,72a31bd2-8518-490a-bfbe-24bda838aac9,2026-07-27T19:00:00Z,2026-07-27T21:00:00+0200,11454.84984,MW,DE,DE_LU,actual_onshore_wind_generation,Wind Onshore,2026-08-09T05:18:04Z
2026-08-09T05:15:34Z,2026-08-09T07:15:34+0200,72a31bd2-8518-490a-bfbe-24bda838aac9,2026-07-27T19:15:00Z,2026-07-27T21:15:00+0200,10887.54719,MW,DE,DE_LU,actual_onshore_wind_generation,Wind Onshore,2026-08-09T05:18:04Z
2026-08-09T05:15:34Z,2026-08-09T07:15:34+0200,72a31bd2-8518-490a-bfbe-24bda838aac9,2026-07-27T19:30:00Z,2026-07-27T21:30:00+0200,10402.05688,MW,DE,DE_LU,actual_onshore_wind_generation,Wind Onshore,2026-08-09T05:18:04Z
2026-08-09T05:15:34Z,2026-08-09T07:15:34+0200,72a31bd2-8518-490a-bfbe-24bda838aac9,2026-07-27T19:45:00Z,2026-07-27T21:45:00+0200,10435.60324,MW,DE,DE_LU,actual_onshore_wind_generation,Wind Onshore,2026-08-09T05:18:04Z
2026-08-09T05:15:34Z,2026-08-09T07:15:34+0200,72a31bd2-8518-490a-bfbe-24bda838aac9,2026-07-27T20:00:00Z,2026-07-27T22:00:00+0200,10378.68371,MW,DE,DE_LU,actual_onshore_wind_generation,Wind Onshore,2026-08-09T05:18:04Z
2026-08-09T05:15:34Z,2026-08-09T07:15:34+0200,72a31bd2-8518-490a-bfbe-24bda838aac9,2026-07-27T20:15:00Z,2026-07-27T22:15:00+0200,10565.38299,MW,DE,DE_LU,actual_onshore_wind_generation,Wind Onshore,2026-08-09T05:18:04Z
2026-08-09T05:15:34Z,2026-08-09T07:15:34+0200,72a31bd2-8518-490a-bfbe-24bda838aac9,2026-07-27T20:30:00Z,2026-07-27T22:30:00+0200,10810.9865,MW,DE,DE_LU,actual_onshore_wind_generation,Wind Onshore,2026-08-09T05:18:04Z
2026-08-09T05:15:34Z,2026-08-09T07:15:34+0200,72a31bd2-8518-490a-bfbe-24bda838aac9,2026-07-27T20:45:00Z,2026-07-27T22:45:00+0200,10954.68976,MW,DE,DE_LU,actual_onshore_wind_generation,Wind Onshore,2026-08-09T05:18:04Z
2026-08-09T05:15:34Z,2026-08-09T07:15:34+0200,72a31bd2-8518-490a-bfbe-24bda838aac9,2026-07-27T21:00:00Z,2026-07-27T23:00:00+0200,11068.0589,MW,DE,DE_LU,actual_onshore_wind_generation,Wind Onshore,2026-08-09T05:18:04Z
2026-08-09T05:15:34Z,2026-08-09T07:15:34+0200,72a31bd2-8518-490a-bfbe-24bda838aac9,2026-07-27T21:15:00Z,2026-07-27T23:15:00+0200,11157.03796,MW,DE,DE_LU,actual_onshore_wind_generation,Wind Onshore,2026-08-09T05:18:04Z
2026-08-09T05:15:34Z,2026-08-09T07:15:34+0200,72a31bd2-8518-490a-bfbe-24bda838aac9,2026-07-27T21:30:00Z,2026-07-27T23:30:00+0200,11329.7379,MW,DE,DE_LU,actual_onshore_wind_generation,Wind Onshore,2026-08-09T05:18:04Z
2026-08-09T05:15:34Z,2026-08-09T07:15:34+0200,72a31bd2-8518-490a-bfbe-24bda838aac9,2026-07-27T21:45:00Z,2026-07-27T23:45:00+0200,11630.25537,MW,DE,DE_LU,actual_onshore_wind_generation,Wind Onshore,2026-08-09T05:18:04Z
2026-08-09T05:15:34Z,2026-08-09T07:15:34+0200,72a31bd2-8518-490a-bfbe-24bda838aac9,2026-07-27T22:00:00Z,2026-07-28T00:00:00+0200,11690.43887,MW,DE,DE_LU,actual_onshore_wind_generation,Wind Onshore,2026-08-09T05:18:04Z
2026-08-09T05:15:34Z,2026-08-09T07:15:34+0200,72a31bd2-8518-490a-bfbe-24bda838aac9,2026-07-27T22:15:00Z,2026-07-28T00:15:00+0200,11729.50845,MW,DE,DE_LU,actual_onshore_wind_generation,Wind Onshore,2026-08-09T05:18:04Z
2026-08-09T05:15:34Z,2026-08-09T07:15:34+0200,72a31bd2-8518-490a-bfbe-24bda838aac9,2026-07-27T22:30:00Z,2026-07-28T00:30:00+0200,11740.42037,MW,DE,DE_LU,actual_onshore_wind_generation,Wind Onshore,2026-08-09T05:18:04Z
2026-08-09T05:15:34Z,2026-08-09T07:15:34+0200,72a31bd2-8518-490a-bfbe-24bda838aac9,2026-07-27T22:45:00Z,2026-07-28T00:45:00+0200,11913.79348,MW,DE,DE_LU,actual_onshore_wind_generation,Wind Onshore,2026-08-09T05:18:04Z
2026-08-09T05:15:34Z,2026-08-09T07:15:34+0200,72a31bd2-8518-490a-bfbe-24bda838aac9,2026-07-27T23:00:00Z,2026-07-28T01:00:00+0200,11921.00973,MW,DE,DE_LU,actual_onshore_wind_generation,Wind Onshore,2026-08-09T05:18:04Z
2026-08-09T05:15:34Z,2026-08-09T07:15:34+0200,72a31bd2-8518-490a-bfbe-24bda838aac9,2026-07-27T23:15:00Z,2026-07-28T01:15:00+0200,11859.55333,MW,DE,DE_LU,actual_onshore_wind_generation,Wind Onshore,2026-08-09T05:18:04Z
2026-08-09T05:15:34Z,2026-08-09T07:15:34+0200,72a31bd2-8518-490a-bfbe-24bda838aac9,2026-07-27T23:30:00Z,2026-07-28T01:30:00+0200,11711.1453,MW,DE,DE_LU,actual_onshore_wind_generation,Wind Onshore,2026-08-09T05:18:04Z
2026-08-09T05:15:34Z,2026-08-09T07:15:34+0200,72a31bd2-8518-490a-bfbe-24bda838aac9,2026-07-27T23:45:00Z,2026-07-28T01:45:00+0200,11482.3344,MW,DE,DE_LU,actual_onshore_wind_generation,Wind Onshore,2026-08-09T05:18:04Z
2026-08-09T05:15:34Z,2026-08-09T07:15:34+0200,72a31bd2-8518-490a-bfbe-24bda838aac9,2026-07-28T00:00:00Z,2026-07-28T02:00:00+0200,11242.26953,MW,DE,DE_LU,actual_onshore_wind_generation,Wind Onshore,2026-08-09T05:18:04Z
2026-08-09T05:15:34Z,2026-08-09T07:15:34+0200,72a31bd2-8518-490a-bfbe-24bda838aac9,2026-07-28T00:15:00Z,2026-07-28T02:15:00+0200,11025.46113,MW,DE,DE_LU,actual_onshore_wind_generation,Wind Onshore,2026-08-09T05:18:04Z
2026-08-09T05:15:34Z,2026-08-09T07:15:34+0200,72a31bd2-8518-490a-bfbe-24bda838aac9,2026-07-28T00:30:00Z,2026-07-28T02:30:00+0200,10813.68855,MW,DE,DE_LU,actual_onshore_wind_generation,Wind Onshore,2026-08-09T05:18:04Z
2026-08-09T05:15:34Z,2026-08-09T07:15:34+0200,72a31bd2-8518-490a-bfbe-24bda838aac9,2026-07-28T00:45:00Z,2026-07-28T02:45:00+0200,10417.79306,MW,DE,DE_LU,actual_onshore_wind_generation,Wind Onshore,2026-08-09T05:18:04Z
2026-08-09T05:15:34Z,2026-08-09T07:15:34+0200,72a31bd2-8518-490a-bfbe-24bda838aac9,2026-07-28T01:00:00Z,2026-07-28T03:00:00+0200,10064.84802,MW,DE,DE_LU,actual_onshore_wind_generation,Wind Onshore,2026-08-09T05:18:04Z
2026-08-09T05:15:34Z,2026-08-09T07:15:34+0200,72a31bd2-8518-490a-bfbe-24bda838aac9,2026-07-28T01:15:00Z,2026-07-28T03:15:00+0200,9806.21852,MW,DE,DE_LU,actual_onshore_wind_generation,Wind Onshore,2026-08-09T05:18:04Z
2026-08-09T05:15:34Z,2026-08-09T07:15:34+0200,72a31bd2-8518-490a-bfbe-24bda838aac9,2026-07-28T01:30:00Z,2026-07-28T03:30:00+0200,9511.3476,MW,DE,DE_LU,actual_onshore_wind_generation,Wind Onshore,2026-08-09T05:18:04Z
2026-08-09T05:15:34Z,2026-08-09T07:15:34+0200,72a31bd2-8518-490a-bfbe-24bda838aac9,2026-07-28T01:45:00Z,2026-07-28T03:45:00+0200,9169.35043,MW,DE,DE_LU,actual_onshore_wind_generation,Wind Onshore,2026-08-09T05:18:04Z
2026-08-09T05:15:34Z,2026-08-09T07:15:34+0200,72a31bd2-8518-490a-bfbe-24bda838aac9,2026-07-28T02:00:00Z,2026-07-28T04:00:00+0200,8827.95849,MW,DE,DE_LU,actual_onshore_wind_generation,Wind Onshore,2026-08-09T05:18:04Z
2026-08-09T05:15:34Z,2026-08-09T07:15:34+0200,72a31bd2-8518-490a-bfbe-24bda838aac9,2026-07-28T02:15:00Z,2026-07-28T04:15:00+0200,8637.80162,MW,DE,DE_LU,actual_onshore_wind_generation,Wind Onshore,2026-08-09T05:18:04Z
2026-08-09T05:15:34Z,2026-08-09T07:15:34+0200,72a31bd2-8518-490a-bfbe-24bda838aac9,2026-07-28T02:30:00Z,2026-07-28T04:30:00+0200,8534.60151,MW,DE,DE_LU,actual_onshore_wind_generation,Wind Onshore,2026-08-09T05:18:04Z
2026-08-09T05:15:34Z,2026-08-09T07:15:34+0200,72a31bd2-8518-490a-bfbe-24bda838aac9,2026-07-28T02:45:00Z,2026-07-28T04:45:00+0200,8509.73905,MW,DE,DE_LU,actual_onshore_wind_generation,Wind Onshore,2026-08-09T05:18:04Z
2026-08-09T05:15:34Z,2026-08-09T07:15:34+0200,72a31bd2-8518-490a-bfbe-24bda838aac9,2026-07-28T03:00:00Z,2026-07-28T05:00:00+0200,8436.92647,MW,DE,DE_LU,actual_onshore_wind_generation,Wind Onshore,2026-08-09T05:18:04Z
2026-08-09T05:15:34Z,2026-08-09T07:15:34+0200,72a31bd2-8518-490a-bfbe-24bda838aac9,2026-07-28T03:15:00Z,2026-07-28T05:15:00+0200,8254.62328,MW,DE,DE_LU,actual_onshore_wind_generation,Wind Onshore,2026-08-09T05:18:04Z
2026-08-09T05:15:34Z,2026-08-09T07:15:34+0200,72a31bd2-8518-490a-bfbe-24bda838aac9,2026-07-28T03:30:00Z,2026-07-28T05:30:00+0200,8283.12428,MW,DE,DE_LU,actual_onshore_wind_generation,Wind Onshore,2026-08-09T05:18:04Z
2026-08-09T05:15:34Z,2026-08-09T07:15:34+0200,72a31bd2-8518-490a-bfbe-24bda838aac9,2026-07-28T03:45:00Z,2026-07-28T05:45:00+0200,8711.33567,MW,DE,DE_LU,actual_onshore_wind_generation,Wind Onshore,2026-08-09T05:18:04Z
2026-08-09T05:15:34Z,2026-08-09T07:15:34+0200,72a31bd2-8518-490a-bfbe-24bda838aac9,2026-07-28T04:00:00Z,2026-07-28T06:00:00+0200,8641.69335,MW,DE,DE_LU,actual_onshore_wind_generation,Wind Onshore,2026-08-09T05:18:04Z
2026-08-09T05:15:34Z,2026-08-09T07:15:34+0200,72a31bd2-8518-490a-bfbe-24bda838aac9,2026-07-28T04:15:00Z,2026-07-28T06:15:00+0200,8230.61463,MW,DE,DE_LU,actual_onshore_wind_generation,Wind Onshore,2026-08-09T05:18:04Z
2026-08-09T05:15:34Z,2026-08-09T07:15:34+0200,72a31bd2-8518-490a-bfbe-24bda838aac9,2026-07-28T04:30:00Z,2026-07-28T06:30:00+0200,8000.23178,MW,DE,DE_LU,actual_onshore_wind_generation,Wind Onshore,2026-08-09T05:18:04Z
2026-08-09T05:15:34Z,2026-08-09T07:15:34+0200,72a31bd2-8518-490a-bfbe-24bda838aac9,2026-07-28T04:45:00Z,2026-07-28T06:45:00+0200,7773.09227,MW,DE,DE_LU,actual_onshore_wind_generation,Wind Onshore,2026-08-09T05:18:04Z
2026-08-09T05:15:34Z,2026-08-09T07:15:34+0200,72a31bd2-8518-490a-bfbe-24bda838aac9,2026-07-28T05:00:00Z,2026-07-28T07:00:00+0200,7256.83224,MW,DE,DE_LU,actual_onshore_wind_generation,Wind Onshore,2026-08-09T05:18:04Z
2026-08-09T05:15:34Z,2026-08-09T07:15:34+0200,72a31bd2-8518-490a-bfbe-24bda838aac9,2026-07-28T05:15:00Z,2026-07-28T07:15:00+0200,6650.44445,MW,DE,DE_LU,actual_onshore_wind_generation,Wind Onshore,2026-08-09T05:18:04Z
2026-08-09T05:15:34Z,2026-08-09T07:15:34+0200,72a31bd2-8518-490a-bfbe-24bda838aac9,2026-07-28T05:30:00Z,2026-07-28T07:30:00+0200,5911.29627,MW,DE,DE_LU,actual_onshore_wind_generation,Wind Onshore,2026-08-09T05:18:04Z
2026-08-09T05:15:34Z,2026-08-09T07:15:34+0200,72a31bd2-8518-490a-bfbe-24bda838aac9,2026-07-28T05:45:00Z,2026-07-28T07:45:00+0200,5256.70808,MW,DE,DE_LU,actual_onshore_wind_generation,Wind Onshore,2026-08-09T05:18:04Z
2026-08-09T05:15:34Z,2026-08-09T07:15:34+0200,72a31bd2-8518-490a-bfbe-24bda838aac9,2026-07-28T06:00:00Z,2026-07-28T08:00:00+0200,4737.11546,MW,DE,DE_LU,actual_onshore_wind_generation,Wind Onshore,2026-08-09T05:18:04Z
2026-08-09T05:15:34Z,2026-08-09T07:15:34+0200,72a31bd2-8518-490a-bfbe-24bda838aac9,2026-07-28T06:15:00Z,2026-07-28T08:15:00+0200,4297.31759,MW,DE,DE_LU,actual_onshore_wind_generation,Wind Onshore,2026-08-09T05:18:04Z
2026-08-09T05:15:34Z,2026-08-09T07:15:34+0200,72a31bd2-8518-490a-bfbe-24bda838aac9,2026-07-28T06:30:00Z,2026-07-28T08:30:00+0200,4044.73578,MW,DE,DE_LU,actual_onshore_wind_generation,Wind Onshore,2026-08-09T05:18:04Z
2026-08-09T05:15:34Z,2026-08-09T07:15:34+0200,72a31bd2-8518-490a-bfbe-24bda838aac9,2026-07-28T06:45:00Z,2026-07-28T08:45:00+0200,4081.64141,MW,DE,DE_LU,actual_onshore_wind_generation,Wind Onshore,2026-08-09T05:18:04Z
2026-08-09T05:15:34Z,2026-08-09T07:15:34+0200,72a31bd2-8518-490a-bfbe-24bda838aac9,2026-07-28T07:00:00Z,2026-07-28T09:00:00+0200,4324.50458,MW,DE,DE_LU,actual_onshore_wind_generation,Wind Onshore,2026-08-09T05:18:04Z
2026-08-09T05:15:34Z,2026-08-09T07:15:34+0200,72a31bd2-8518-490a-bfbe-24bda838aac9,2026-07-28T07:15:00Z,2026-07-28T09:15:00+0200,4711.79851,MW,DE,DE_LU,actual_onshore_wind_generation,Wind Onshore,2026-08-09T05:18:04Z
2026-08-09T05:15:34Z,2026-08-09T07:15:34+0200,72a31bd2-8518-490a-bfbe-24bda838aac9,2026-07-28T07:30:00Z,2026-07-28T09:30:00+0200,5061.20546,MW,DE,DE_LU,actual_onshore_wind_generation,Wind Onshore,2026-08-09T05:18:04Z
2026-08-09T05:15:34Z,2026-08-09T07:15:34+0200,72a31bd2-8518-490a-bfbe-24bda838aac9,2026-07-28T07:45:00Z,2026-07-28T09:45:00+0200,5340.58105,MW,DE,DE_LU,actual_onshore_wind_generation,Wind Onshore,2026-08-09T05:18:04Z
2026-08-09T05:15:34Z,2026-08-09T07:15:34+0200,72a31bd2-8518-490a-bfbe-24bda838aac9,2026-07-28T08:00:00Z,2026-07-28T10:00:00+0200,5470.3746,MW,DE,DE_LU,actual_onshore_wind_generation,Wind Onshore,2026-08-09T05:18:04Z
2026-08-09T05:15:34Z,2026-08-09T07:15:34+0200,72a31bd2-8518-490a-bfbe-24bda838aac9,2026-07-28T08:15:00Z,2026-07-28T10:15:00+0200,5475.37859,MW,DE,DE_LU,actual_onshore_wind_generation,Wind Onshore,2026-08-09T05:18:04Z
2026-08-09T05:15:34Z,2026-08-09T07:15:34+0200,72a31bd2-8518-490a-bfbe-24bda838aac9,2026-07-28T08:30:00Z,2026-07-28T10:30:00+0200,5093.82378,MW,DE,DE_LU,actual_onshore_wind_generation,Wind Onshore,2026-08-09T05:18:04Z
2026-08-09T05:15:34Z,2026-08-09T07:15:34+0200,72a31bd2-8518-490a-bfbe-24bda838aac9,2026-07-28T08:45:00Z,2026-07-28T10:45:00+0200,4955.28859,MW,DE,DE_LU,actual_onshore_wind_generation,Wind Onshore,2026-08-09T05:18:04Z
2026-08-09T05:15:34Z,2026-08-09T07:15:34+0200,72a31bd2-8518-490a-bfbe-24bda838aac9,2026-07-28T09:00:00Z,2026-07-28T11:00:00+0200,4615.95834,MW,DE,DE_LU,actual_onshore_wind_generation,Wind Onshore,2026-08-09T05:18:04Z
2026-08-09T05:15:34Z,2026-08-09T07:15:34+0200,72a31bd2-8518-490a-bfbe-24bda838aac9,2026-07-28T09:15:00Z,2026-07-28T11:15:00+0200,4303.47208,MW,DE,DE_LU,actual_onshore_wind_generation,Wind Onshore,2026-08-09T05:18:04Z
2026-08-09T05:15:34Z,2026-08-09T07:15:34+0200,72a31bd2-8518-490a-bfbe-24bda838aac9,2026-07-28T09:30:00Z,2026-07-28T11:30:00+0200,4263.17454,MW,DE,DE_LU,actual_onshore_wind_generation,Wind Onshore,2026-08-09T05:18:04Z
2026-08-09T05:15:34Z,2026-08-09T07:15:34+0200,72a31bd2-8518-490a-bfbe-24bda838aac9,2026-07-28T09:45:00Z,2026-07-28T11:45:00+0200,4092.25824,MW,DE,DE_LU,actual_onshore_wind_generation,Wind Onshore,2026-08-09T05:18:04Z
2026-08-09T05:15:34Z,2026-08-09T07:15:34+0200,72a31bd2-8518-490a-bfbe-24bda838aac9,2026-07-28T10:00:00Z,2026-07-28T12:00:00+0200,3512.58057,MW,DE,DE_LU,actual_onshore_wind_generation,Wind Onshore,2026-08-09T05:18:04Z
2026-08-09T05:15:34Z,2026-08-09T07:15:34+0200,72a31bd2-8518-490a-bfbe-24bda838aac9,2026-07-28T10:15:00Z,2026-07-28T12:15:00+0200,3395.81306,MW,DE,DE_LU,actual_onshore_wind_generation,Wind Onshore,2026-08-09T05:18:04Z
2026-08-09T05:15:34Z,2026-08-09T07:15:34+0200,72a31bd2-8518-490a-bfbe-24bda838aac9,2026-07-28T10:30:00Z,2026-07-28T12:30:00+0200,3755.85451,MW,DE,DE_LU,actual_onshore_wind_generation,Wind Onshore,2026-08-09T05:18:04Z
2026-08-09T05:15:34Z,2026-08-09T07:15:34+0200,72a31bd2-8518-490a-bfbe-24bda838aac9,2026-07-28T10:45:00Z,2026-07-28T12:45:00+0200,3580.97408,MW,DE,DE_LU,actual_onshore_wind_generation,Wind Onshore,2026-08-09T05:18:04Z
2026-08-09T05:15:34Z,2026-08-09T07:15:34+0200,72a31bd2-8518-490a-bfbe-24bda838aac9,2026-07-28T11:00:00Z,2026-07-28T13:00:00+0200,3662.2062,MW,DE,DE_LU,actual_onshore_wind_generation,Wind Onshore,2026-08-09T05:18:04Z
2026-08-09T05:15:34Z,2026-08-09T07:15:34+0200,72a31bd2-8518-490a-bfbe-24bda838aac9,2026-07-28T11:15:00Z,2026-07-28T13:15:00+0200,3570.35057,MW,DE,DE_LU,actual_onshore_wind_generation,Wind Onshore,2026-08-09T05:18:04Z
2026-08-09T05:15:34Z,2026-08-09T07:15:34+0200,72a31bd2-8518-490a-bfbe-24bda838aac9,2026-07-28T11:30:00Z,2026-07-28T13:30:00+0200,3412.61311,MW,DE,DE_LU,actual_onshore_wind_generation,Wind Onshore,2026-08-09T05:18:04Z
2026-08-09T05:15:34Z,2026-08-09T07:15:34+0200,72a31bd2-8518-490a-bfbe-24bda838aac9,2026-07-28T11:45:00Z,2026-07-28T13:45:00+0200,3382.74008,MW,DE,DE_LU,actual_onshore_wind_generation,Wind Onshore,2026-08-09T05:18:04Z
2026-08-09T05:15:34Z,2026-08-09T07:15:34+0200,72a31bd2-8518-490a-bfbe-24bda838aac9,2026-07-28T12:00:00Z,2026-07-28T14:00:00+0200,3571.89307,MW,DE,DE_LU,actual_onshore_wind_generation,Wind Onshore,2026-08-09T05:18:04Z
2026-08-09T05:15:34Z,2026-08-09T07:15:34+0200,72a31bd2-8518-490a-bfbe-24bda838aac9,2026-07-28T12:15:00Z,2026-07-28T14:15:00+0200,3566.25653,MW,DE,DE_LU,actual_onshore_wind_generation,Wind Onshore,2026-08-09T05:18:04Z
2026-08-09T05:15:34Z,2026-08-09T07:15:34+0200,72a31bd2-8518-490a-bfbe-24bda838aac9,2026-07-28T12:30:00Z,2026-07-28T14:30:00+0200,3276.33509,MW,DE,DE_LU,actual_onshore_wind_generation,Wind Onshore,2026-08-09T05:18:04Z
2026-08-09T05:15:34Z,2026-08-09T07:15:34+0200,72a31bd2-8518-490a-bfbe-24bda838aac9,2026-07-28T12:45:00Z,2026-07-28T14:45:00+0200,3097.98347,MW,DE,DE_LU,actual_onshore_wind_generation,Wind Onshore,2026-08-09T05:18:04Z
2026-08-09T05:15:34Z,2026-08-09T07:15:34+0200,72a31bd2-8518-490a-bfbe-24bda838aac9,2026-07-28T13:00:00Z,2026-07-28T15:00:00+0200,2998.91747,MW,DE,DE_LU,actual_onshore_wind_generation,Wind Onshore,2026-08-09T05:18:04Z
2026-08-09T05:15:34Z,2026-08-09T07:15:34+0200,72a31bd2-8518-490a-bfbe-24bda838aac9,2026-07-28T13:15:00Z,2026-07-28T15:15:00+0200,2922.21312,MW,DE,DE_LU,actual_onshore_wind_generation,Wind Onshore,2026-08-09T05:18:04Z
2026-08-09T05:15:34Z,2026-08-09T07:15:34+0200,72a31bd2-8518-490a-bfbe-24bda838aac9,2026-07-28T13:30:00Z,2026-07-28T15:30:00+0200,2697.61664,MW,DE,DE_LU,actual_onshore_wind_generation,Wind Onshore,2026-08-09T05:18:04Z
2026-08-09T05:15:34Z,2026-08-09T07:15:34+0200,72a31bd2-8518-490a-bfbe-24bda838aac9,2026-07-28T13:45:00Z,2026-07-28T15:45:00+0200,2725.31597,MW,DE,DE_LU,actual_onshore_wind_generation,Wind Onshore,2026-08-09T05:18:04Z
2026-08-09T05:15:34Z,2026-08-09T07:15:34+0200,72a31bd2-8518-490a-bfbe-24bda838aac9,2026-07-28T14:00:00Z,2026-07-28T16:00:00+0200,2871.82256,MW,DE,DE_LU,actual_onshore_wind_generation,Wind Onshore,2026-08-09T05:18:04Z
2026-08-09T05:15:34Z,2026-08-09T07:15:34+0200,72a31bd2-8518-490a-bfbe-24bda838aac9,2026-07-28T14:15:00Z,2026-07-28T16:15:00+0200,3298.90591,MW,DE,DE_LU,actual_onshore_wind_generation,Wind Onshore,2026-08-09T05:18:04Z
2026-08-09T05:15:34Z,2026-08-09T07:15:34+0200,72a31bd2-8518-490a-bfbe-24bda838aac9,2026-07-28T14:30:00Z,2026-07-28T16:30:00+0200,3607.93684,MW,DE,DE_LU,actual_onshore_wind_generation,Wind Onshore,2026-08-09T05:18:04Z
2026-08-09T05:15:34Z,2026-08-09T07:15:34+0200,72a31bd2-8518-490a-bfbe-24bda838aac9,2026-07-28T14:45:00Z,2026-07-28T16:45:00+0200,3825.0598,MW,DE,DE_LU,actual_onshore_wind_generation,Wind Onshore,2026-08-09T05:18:04Z
2026-08-09T05:15:34Z,2026-08-09T07:15:34+0200,72a31bd2-8518-490a-bfbe-24bda838aac9,2026-07-28T15:00:00Z,2026-07-28T17:00:00+0200,3652.67304,MW,DE,DE_LU,actual_onshore_wind_generation,Wind Onshore,2026-08-09T05:18:04Z
2026-08-09T05:15:34Z,2026-08-09T07:15:34+0200,72a31bd2-8518-490a-bfbe-24bda838aac9,2026-07-28T15:15:00Z,2026-07-28T17:15:00+0200,3679.02509,MW,DE,DE_LU,actual_onshore_wind_generation,Wind Onshore,2026-08-09T05:18:04Z
2026-08-09T05:15:34Z,2026-08-09T07:15:34+0200,72a31bd2-8518-490a-bfbe-24bda838aac9,2026-07-28T15:30:00Z,2026-07-28T17:30:00+0200,3547.61144,MW,DE,DE_LU,actual_onshore_wind_generation,Wind Onshore,2026-08-09T05:18:04Z
2026-08-09T05:15:34Z,2026-08-09T07:15:34+0200,72a31bd2-8518-490a-bfbe-24bda838aac9,2026-07-28T15:45:00Z,2026-07-28T17:45:00+0200,3296.99608,MW,DE,DE_LU,actual_onshore_wind_generation,Wind Onshore,2026-08-09T05:18:04Z
2026-08-09T05:15:34Z,2026-08-09T07:15:34+0200,72a31bd2-8518-490a-bfbe-24bda838aac9,2026-07-28T16:00:00Z,2026-07-28T18:00:00+0200,3167.92972,MW,DE,DE_LU,actual_onshore_wind_generation,Wind Onshore,2026-08-09T05:18:04Z
2026-08-09T05:15:34Z,2026-08-09T07:15:34+0200,72a31bd2-8518-490a-bfbe-24bda838aac9,2026-07-28T16:15:00Z,2026-07-28T18:15:00+0200,2967.30129,MW,DE,DE_LU,actual_onshore_wind_generation,Wind Onshore,2026-08-09T05:18:04Z
2026-08-09T05:15:34Z,2026-08-09T07:15:34+0200,72a31bd2-8518-490a-bfbe-24bda838aac9,2026-07-28T16:30:00Z,2026-07-28T18:30:00+0200,2726.2834,MW,DE,DE_LU,actual_onshore_wind_generation,Wind Onshore,2026-08-09T05:18:04Z
2026-08-09T05:15:34Z,2026-08-09T07:15:34+0200,72a31bd2-8518-490a-bfbe-24bda838aac9,2026-07-28T16:45:00Z,2026-07-28T18:45:00+0200,2415.92678,MW,DE,DE_LU,actual_onshore_wind_generation,Wind Onshore,2026-08-09T05:18:04Z
2026-08-09T05:15:34Z,2026-08-09T07:15:34+0200,72a31bd2-8518-490a-bfbe-24bda838aac9,2026-07-28T17:00:00Z,2026-07-28T19:00:00+0200,2107.86813,MW,DE,DE_LU,actual_onshore_wind_generation,Wind Onshore,2026-08-09T05:18:04Z
2026-08-09T05:15:34Z,2026-08-09T07:15:34+0200,72a31bd2-8518-490a-bfbe-24bda838aac9,2026-07-28T17:15:00Z,2026-07-28T19:15:00+0200,1789.46415,MW,DE,DE_LU,actual_onshore_wind_generation,Wind Onshore,2026-08-09T05:18:04Z
2026-08-09T05:15:34Z,2026-08-09T07:15:34+0200,72a31bd2-8518-490a-bfbe-24bda838aac9,2026-07-28T17:30:00Z,2026-07-28T19:30:00+0200,1538.55858,MW,DE,DE_LU,actual_onshore_wind_generation,Wind Onshore,2026-08-09T05:18:04Z
2026-08-09T05:15:34Z,2026-08-09T07:15:34+0200,72a31bd2-8518-490a-bfbe-24bda838aac9,2026-07-28T17:45:00Z,2026-07-28T19:45:00+0200,1370.94492,MW,DE,DE_LU,actual_onshore_wind_generation,Wind Onshore,2026-08-09T05:18:04Z
2026-08-09T05:15:34Z,2026-08-09T07:15:34+0200,72a31bd2-8518-490a-bfbe-24bda838aac9,2026-07-28T18:00:00Z,2026-07-28T20:00:00+0200,1284.18976,MW,DE,DE_LU,actual_onshore_wind_generation,Wind Onshore,2026-08-09T05:18:04Z
2026-08-09T05:15:34Z,2026-08-09T07:15:34+0200,72a31bd2-8518-490a-bfbe-24bda838aac9,2026-07-28T18:15:00Z,2026-07-28T20:15:00+0200,1211.70204,MW,DE,DE_LU,actual_onshore_wind_generation,Wind Onshore,2026-08-09T05:18:04Z
2026-08-09T05:15:34Z,2026-08-09T07:15:34+0200,72a31bd2-8518-490a-bfbe-24bda838aac9,2026-07-28T18:30:00Z,2026-07-28T20:30:00+0200,1196.08211,MW,DE,DE_LU,actual_onshore_wind_generation,Wind Onshore,2026-08-09T05:18:04Z
2026-08-09T05:15:34Z,2026-08-09T07:15:34+0200,72a31bd2-8518-490a-bfbe-24bda838aac9,2026-07-28T18:45:00Z,2026-07-28T20:45:00+0200,1349.51958,MW,DE,DE_LU,actual_onshore_wind_generation,Wind Onshore,2026-08-09T05:18:04Z
2026-08-09T05:15:34Z,2026-08-09T07:15:34+0200,72a31bd2-8518-490a-bfbe-24bda838aac9,2026-07-28T19:00:00Z,2026-07-28T21:00:00+0200,1546.34305,MW,DE,DE_LU,actual_onshore_wind_generation,Wind Onshore,2026-08-09T05:18:04Z
2026-08-09T05:15:34Z,2026-08-09T07:15:34+0200,72a31bd2-8518-490a-bfbe-24bda838aac9,2026-07-28T19:15:00Z,2026-07-28T21:15:00+0200,1708.3511,MW,DE,DE_LU,actual_onshore_wind_generation,Wind Onshore,2026-08-09T05:18:04Z
2026-08-09T05:15:34Z,2026-08-09T07:15:34+0200,72a31bd2-8518-490a-bfbe-24bda838aac9,2026-07-28T19:30:00Z,2026-07-28T21:30:00+0200,1956.53445,MW,DE,DE_LU,actual_onshore_wind_generation,Wind Onshore,2026-08-09T05:18:04Z
2026-08-09T05:15:34Z,2026-08-09T07:15:34+0200,72a31bd2-8518-490a-bfbe-24bda838aac9,2026-07-28T19:45:00Z,2026-07-28T21:45:00+0200,2337.04517,MW,DE,DE_LU,actual_onshore_wind_generation,Wind Onshore,2026-08-09T05:18:04Z
2026-08-09T05:15:34Z,2026-08-09T07:15:34+0200,72a31bd2-8518-490a-bfbe-24bda838aac9,2026-07-28T20:00:00Z,2026-07-28T22:00:00+0200,2756.48226,MW,DE,DE_LU,actual_onshore_wind_generation,Wind Onshore,2026-08-09T05:18:04Z
2026-08-09T05:15:34Z,2026-08-09T07:15:34+0200,72a31bd2-8518-490a-bfbe-24bda838aac9,2026-07-28T20:15:00Z,2026-07-28T22:15:00+0200,3214.47234,MW,DE,DE_LU,actual_onshore_wind_generation,Wind Onshore,2026-08-09T05:18:04Z
2026-08-09T05:15:34Z,2026-08-09T07:15:34+0200,72a31bd2-8518-490a-bfbe-24bda838aac9,2026-07-28T20:30:00Z,2026-07-28T22:30:00+0200,3675.73574,MW,DE,DE_LU,actual_onshore_wind_generation,Wind Onshore,2026-08-09T05:18:04Z
2026-08-09T05:15:34Z,2026-08-09T07:15:34+0200,72a31bd2-8518-490a-bfbe-24bda838aac9,2026-07-28T20:45:00Z,2026-07-28T22:45:00+0200,4023.03732,MW,DE,DE_LU,actual_onshore_wind_generation,Wind Onshore,2026-08-09T05:18:04Z
2026-08-09T05:15:34Z,2026-08-09T07:15:34+0200,72a31bd2-8518-490a-bfbe-24bda838aac9,2026-07-28T21:00:00Z,2026-07-28T23:00:00+0200,4421.03165,MW,DE,DE_LU,actual_onshore_wind_generation,Wind Onshore,2026-08-09T05:18:04Z
2026-08-09T05:15:34Z,2026-08-09T07:15:34+0200,72a31bd2-8518-490a-bfbe-24bda838aac9,2026-07-28T21:15:00Z,2026-07-28T23:15:00+0200,4919.40868,MW,DE,DE_LU,actual_onshore_wind_generation,Wind Onshore,2026-08-09T05:18:04Z
2026-08-09T05:15:34Z,2026-08-09T07:15:34+0200,72a31bd2-8518-490a-bfbe-24bda838aac9,2026-07-28T21:30:00Z,2026-07-28T23:30:00+0200,5518.98635,MW,DE,DE_LU,actual_onshore_wind_generation,Wind Onshore,2026-08-09T05:18:04Z
2026-08-09T05:15:34Z,2026-08-09T07:15:34+0200,72a31bd2-8518-490a-bfbe-24bda838aac9,2026-07-28T21:45:00Z,2026-07-28T23:45:00+0200,6165.99109,MW,DE,DE_LU,actual_onshore_wind_generation,Wind Onshore,2026-08-09T05:18:04Z
2026-08-09T05:15:34Z,2026-08-09T07:15:34+0200,72a31bd2-8518-490a-bfbe-24bda838aac9,2026-07-28T22:00:00Z,2026-07-29T00:00:00+0200,6926.73167,MW,DE,DE_LU,actual_onshore_wind_generation,Wind Onshore,2026-08-09T05:18:04Z
2026-08-09T05:15:34Z,2026-08-09T07:15:34+0200,72a31bd2-8518-490a-bfbe-24bda838aac9,2026-07-28T22:15:00Z,2026-07-29T00:15:00+0200,7765.08778,MW,DE,DE_LU,actual_onshore_wind_generation,Wind Onshore,2026-08-09T05:18:04Z
2026-08-09T05:15:34Z,2026-08-09T07:15:34+0200,72a31bd2-8518-490a-bfbe-24bda838aac9,2026-07-28T22:30:00Z,2026-07-29T00:30:00+0200,8208.29863,MW,DE,DE_LU,actual_onshore_wind_generation,Wind Onshore,2026-08-09T05:18:04Z
2026-08-09T05:15:34Z,2026-08-09T07:15:34+0200,72a31bd2-8518-490a-bfbe-24bda838aac9,2026-07-28T22:45:00Z,2026-07-29T00:45:00+0200,8674.61745,MW,DE,DE_LU,actual_onshore_wind_generation,Wind Onshore,2026-08-09T05:18:04Z
2026-08-09T05:15:34Z,2026-08-09T07:15:34+0200,72a31bd2-8518-490a-bfbe-24bda838aac9,2026-07-28T23:00:00Z,2026-07-29T01:00:00+0200,8984.54988,MW,DE,DE_LU,actual_onshore_wind_generation,Wind Onshore,2026-08-09T05:18:04Z
2026-08-09T05:15:34Z,2026-08-09T07:15:34+0200,72a31bd2-8518-490a-bfbe-24bda838aac9,2026-07-28T23:15:00Z,2026-07-29T01:15:00+0200,9356.38644,MW,DE,DE_LU,actual_onshore_wind_generation,Wind Onshore,2026-08-09T05:18:04Z
2026-08-09T05:15:34Z,2026-08-09T07:15:34+0200,72a31bd2-8518-490a-bfbe-24bda838aac9,2026-07-28T23:30:00Z,2026-07-29T01:30:00+0200,9682.84264,MW,DE,DE_LU,actual_onshore_wind_generation,Wind Onshore,2026-08-09T05:18:04Z
2026-08-09T05:15:34Z,2026-08-09T07:15:34+0200,72a31bd2-8518-490a-bfbe-24bda838aac9,2026-07-28T23:45:00Z,2026-07-29T01:45:00+0200,10073.84985,MW,DE,DE_LU,actual_onshore_wind_generation,Wind Onshore,2026-08-09T05:18:04Z
2026-08-09T05:15:34Z,2026-08-09T07:15:34+0200,72a31bd2-8518-490a-bfbe-24bda838aac9,2026-07-29T00:00:00Z,2026-07-29T02:00:00+0200,10350.18372,MW,DE,DE_LU,actual_onshore_wind_generation,Wind Onshore,2026-08-09T05:18:04Z
2026-08-09T05:15:34Z,2026-08-09T07:15:34+0200,72a31bd2-8518-490a-bfbe-24bda838aac9,2026-07-29T00:15:00Z,2026-07-29T02:15:00+0200,10453.4707,MW,DE,DE_LU,actual_onshore_wind_generation,Wind Onshore,2026-08-09T05:18:04Z
2026-08-09T05:15:34Z,2026-08-09T07:15:34+0200,72a31bd2-8518-490a-bfbe-24bda838aac9,2026-07-29T00:30:00Z,2026-07-29T02:30:00+0200,10517.86761,MW,DE,DE_LU,actual_onshore_wind_generation,Wind Onshore,2026-08-09T05:18:04Z
2026-08-09T05:15:34Z,2026-08-09T07:15:34+0200,72a31bd2-8518-490a-bfbe-24bda838aac9,2026-07-29T00:45:00Z,2026-07-29T02:45:00+0200,10664.47549,MW,DE,DE_LU,actual_onshore_wind_generation,Wind Onshore,2026-08-09T05:18:04Z
2026-08-09T05:15:34Z,2026-08-09T07:15:34+0200,72a31bd2-8518-490a-bfbe-24bda838aac9,2026-07-29T01:00:00Z,2026-07-29T03:00:00+0200,10714.70077,MW,DE,DE_LU,actual_onshore_wind_generation,Wind Onshore,2026-08-09T05:18:04Z
2026-08-09T05:15:34Z,2026-08-09T07:15:34+0200,72a31bd2-8518-490a-bfbe-24bda838aac9,2026-07-29T01:15:00Z,2026-07-29T03:15:00+0200,10828.59582,MW,DE,DE_LU,actual_onshore_wind_generation,Wind Onshore,2026-08-09T05:18:04Z
2026-08-09T05:15:34Z,2026-08-09T07:15:34+0200,72a31bd2-8518-490a-bfbe-24bda838aac9,2026-07-29T01:30:00Z,2026-07-29T03:30:00+0200,10758.10146,MW,DE,DE_LU,actual_onshore_wind_generation,Wind Onshore,2026-08-09T05:18:04Z
2026-08-09T05:15:34Z,2026-08-09T07:15:34+0200,72a31bd2-8518-490a-bfbe-24bda838aac9,2026-07-29T01:45:00Z,2026-07-29T03:45:00+0200,10517.04859,MW,DE,DE_LU,actual_onshore_wind_generation,Wind Onshore,2026-08-09T05:18:04Z
2026-08-09T05:15:34Z,2026-08-09T07:15:34+0200,72a31bd2-8518-490a-bfbe-24bda838aac9,2026-07-29T02:00:00Z,2026-07-29T04:00:00+0200,10252.73571,MW,DE,DE_LU,actual_onshore_wind_generation,Wind Onshore,2026-08-09T05:18:04Z
2026-08-09T05:15:34Z,2026-08-09T07:15:34+0200,72a31bd2-8518-490a-bfbe-24bda838aac9,2026-07-29T02:15:00Z,2026-07-29T04:15:00+0200,10052.83985,MW,DE,DE_LU,actual_onshore_wind_generation,Wind Onshore,2026-08-09T05:18:04Z
2026-08-09T05:15:34Z,2026-08-09T07:15:34+0200,72a31bd2-8518-490a-bfbe-24bda838aac9,2026-07-29T02:30:00Z,2026-07-29T04:30:00+0200,9795.2848,MW,DE,DE_LU,actual_onshore_wind_generation,Wind Onshore,2026-08-09T05:18:04Z
2026-08-09T05:15:34Z,2026-08-09T07:15:34+0200,72a31bd2-8518-490a-bfbe-24bda838aac9,2026-07-29T02:45:00Z,2026-07-29T04:45:00+0200,9707.05806,MW,DE,DE_LU,actual_onshore_wind_generation,Wind Onshore,2026-08-09T05:18:04Z
2026-08-09T05:15:34Z,2026-08-09T07:15:34+0200,72a31bd2-8518-490a-bfbe-24bda838aac9,2026-07-29T03:00:00Z,2026-07-29T05:00:00+0200,9719.38822,MW,DE,DE_LU,actual_onshore_wind_generation,Wind Onshore,2026-08-09T05:18:04Z
2026-08-09T05:15:34Z,2026-08-09T07:15:34+0200,72a31bd2-8518-490a-bfbe-24bda838aac9,2026-07-29T03:15:00Z,2026-07-29T05:15:00+0200,9691.90721,MW,DE,DE_LU,actual_onshore_wind_generation,Wind Onshore,2026-08-09T05:18:04Z
2026-08-09T05:15:34Z,2026-08-09T07:15:34+0200,72a31bd2-8518-490a-bfbe-24bda838aac9,2026-07-29T03:30:00Z,2026-07-29T05:30:00+0200,9713.70582,MW,DE,DE_LU,actual_onshore_wind_generation,Wind Onshore,2026-08-09T05:18:04Z
2026-08-09T05:15:34Z,2026-08-09T07:15:34+0200,72a31bd2-8518-490a-bfbe-24bda838aac9,2026-07-29T03:45:00Z,2026-07-29T05:45:00+0200,10053.37011,MW,DE,DE_LU,actual_onshore_wind_generation,Wind Onshore,2026-08-09T05:18:04Z
2026-08-09T05:15:34Z,2026-08-09T07:15:34+0200,72a31bd2-8518-490a-bfbe-24bda838aac9,2026-07-29T04:00:00Z,2026-07-29T06:00:00+0200,9961.6094,MW,DE,DE_LU,actual_onshore_wind_generation,Wind Onshore,2026-08-09T05:18:04Z
2026-08-09T05:15:34Z,2026-08-09T07:15:34+0200,72a31bd2-8518-490a-bfbe-24bda838aac9,2026-07-29T04:15:00Z,2026-07-29T06:15:00+0200,9532.05346,MW,DE,DE_LU,actual_onshore_wind_generation,Wind Onshore,2026-08-09T05:18:04Z
2026-08-09T05:15:34Z,2026-08-09T07:15:34+0200,72a31bd2-8518-490a-bfbe-24bda838aac9,2026-07-29T04:30:00Z,2026-07-29T06:30:00+0200,9445.23997,MW,DE,DE_LU,actual_onshore_wind_generation,Wind Onshore,2026-08-09T05:18:04Z
2026-08-09T05:15:34Z,2026-08-09T07:15:34+0200,72a31bd2-8518-490a-bfbe-24bda838aac9,2026-07-29T04:45:00Z,2026-07-29T06:45:00+0200,9432.32448,MW,DE,DE_LU,actual_onshore_wind_generation,Wind Onshore,2026-08-09T05:18:04Z
2026-08-09T05:15:34Z,2026-08-09T07:15:34+0200,72a31bd2-8518-490a-bfbe-24bda838aac9,2026-07-29T05:00:00Z,2026-07-29T07:00:00+0200,9156.44889,MW,DE,DE_LU,actual_onshore_wind_generation,Wind Onshore,2026-08-09T05:18:04Z
2026-08-09T05:15:34Z,2026-08-09T07:15:34+0200,72a31bd2-8518-490a-bfbe-24bda838aac9,2026-07-29T05:15:00Z,2026-07-29T07:15:00+0200,8687.75172,MW,DE,DE_LU,actual_onshore_wind_generation,Wind Onshore,2026-08-09T05:18:04Z
2026-08-09T05:15:34Z,2026-08-09T07:15:34+0200,72a31bd2-8518-490a-bfbe-24bda838aac9,2026-07-29T05:30:00Z,2026-07-29T07:30:00+0200,7896.34022,MW,DE,DE_LU,actual_onshore_wind_generation,Wind Onshore,2026-08-09T05:18:04Z
2026-08-09T05:15:34Z,2026-08-09T07:15:34+0200,72a31bd2-8518-490a-bfbe-24bda838aac9,2026-07-29T05:45:00Z,2026-07-29T07:45:00+0200,7184.53494,MW,DE,DE_LU,actual_onshore_wind_generation,Wind Onshore,2026-08-09T05:18:04Z
2026-08-09T05:15:34Z,2026-08-09T07:15:34+0200,72a31bd2-8518-490a-bfbe-24bda838aac9,2026-07-29T06:00:00Z,2026-07-29T08:00:00+0200,6393.90394,MW,DE,DE_LU,actual_onshore_wind_generation,Wind Onshore,2026-08-09T05:18:04Z
2026-08-09T05:15:34Z,2026-08-09T07:15:34+0200,72a31bd2-8518-490a-bfbe-24bda838aac9,2026-07-29T06:15:00Z,2026-07-29T08:15:00+0200,5395.41348,MW,DE,DE_LU,actual_onshore_wind_generation,Wind Onshore,2026-08-09T05:18:04Z
2026-08-09T05:15:34Z,2026-08-09T07:15:34+0200,72a31bd2-8518-490a-bfbe-24bda838aac9,2026-07-29T06:30:00Z,2026-07-29T08:30:00+0200,4371.2464,MW,DE,DE_LU,actual_onshore_wind_generation,Wind Onshore,2026-08-09T05:18:04Z
2026-08-09T05:15:34Z,2026-08-09T07:15:34+0200,72a31bd2-8518-490a-bfbe-24bda838aac9,2026-07-29T06:45:00Z,2026-07-29T08:45:00+0200,3520.14026,MW,DE,DE_LU,actual_onshore_wind_generation,Wind Onshore,2026-08-09T05:18:04Z
2026-08-09T05:15:34Z,2026-08-09T07:15:34+0200,72a31bd2-8518-490a-bfbe-24bda838aac9,2026-07-29T07:00:00Z,2026-07-29T09:00:00+0200,2970.11551,MW,DE,DE_LU,actual_onshore_wind_generation,Wind Onshore,2026-08-09T05:18:04Z
2026-08-09T05:15:34Z,2026-08-09T07:15:34+0200,72a31bd2-8518-490a-bfbe-24bda838aac9,2026-07-29T07:15:00Z,2026-07-29T09:15:00+0200,2660.39818,MW,DE,DE_LU,actual_onshore_wind_generation,Wind Onshore,2026-08-09T05:18:04Z
2026-08-09T05:15:34Z,2026-08-09T07:15:34+0200,72a31bd2-8518-490a-bfbe-24bda838aac9,2026-07-29T07:30:00Z,2026-07-29T09:30:00+0200,2460.57961,MW,DE,DE_LU,actual_onshore_wind_generation,Wind Onshore,2026-08-09T05:18:04Z
2026-08-09T05:15:34Z,2026-08-09T07:15:34+0200,72a31bd2-8518-490a-bfbe-24bda838aac9,2026-07-29T07:45:00Z,2026-07-29T09:45:00+0200,2479.20299,MW,DE,DE_LU,actual_onshore_wind_generation,Wind Onshore,2026-08-09T05:18:04Z
2026-08-09T05:15:34Z,2026-08-09T07:15:34+0200,72a31bd2-8518-490a-bfbe-24bda838aac9,2026-07-29T08:00:00Z,2026-07-29T10:00:00+0200,2601.83968,MW,DE,DE_LU,actual_onshore_wind_generation,Wind Onshore,2026-08-09T05:18:04Z
2026-08-09T05:15:34Z,2026-08-09T07:15:34+0200,72a31bd2-8518-490a-bfbe-24bda838aac9,2026-07-29T08:15:00Z,2026-07-29T10:15:00+0200,2770.35447,MW,DE,DE_LU,actual_onshore_wind_generation,Wind Onshore,2026-08-09T05:18:04Z
2026-08-09T05:15:34Z,2026-08-09T07:15:34+0200,72a31bd2-8518-490a-bfbe-24bda838aac9,2026-07-29T08:30:00Z,2026-07-29T10:30:00+0200,2993.0149,MW,DE,DE_LU,actual_onshore_wind_generation,Wind Onshore,2026-08-09T05:18:04Z
2026-08-09T05:15:34Z,2026-08-09T07:15:34+0200,72a31bd2-8518-490a-bfbe-24bda838aac9,2026-07-29T08:45:00Z,2026-07-29T10:45:00+0200,3086.81116,MW,DE,DE_LU,actual_onshore_wind_generation,Wind Onshore,2026-08-09T05:18:04Z
2026-08-09T05:15:34Z,2026-08-09T07:15:34+0200,72a31bd2-8518-490a-bfbe-24bda838aac9,2026-07-29T09:00:00Z,2026-07-29T11:00:00+0200,3050.7466,MW,DE,DE_LU,actual_onshore_wind_generation,Wind Onshore,2026-08-09T05:18:04Z
2026-08-09T05:15:34Z,2026-08-09T07:15:34+0200,72a31bd2-8518-490a-bfbe-24bda838aac9,2026-07-29T09:15:00Z,2026-07-29T11:15:00+0200,3038.78803,MW,DE,DE_LU,actual_onshore_wind_generation,Wind Onshore,2026-08-09T05:18:04Z
2026-08-09T05:15:34Z,2026-08-09T07:15:34+0200,72a31bd2-8518-490a-bfbe-24bda838aac9,2026-07-29T09:30:00Z,2026-07-29T11:30:00+0200,3158.63427,MW,DE,DE_LU,actual_onshore_wind_generation,Wind Onshore,2026-08-09T05:18:04Z
2026-08-09T05:15:34Z,2026-08-09T07:15:34+0200,72a31bd2-8518-490a-bfbe-24bda838aac9,2026-07-29T09:45:00Z,2026-07-29T11:45:00+0200,3251.40515,MW,DE,DE_LU,actual_onshore_wind_generation,Wind Onshore,2026-08-09T05:18:04Z
2026-08-09T05:15:34Z,2026-08-09T07:15:34+0200,72a31bd2-8518-490a-bfbe-24bda838aac9,2026-07-29T10:00:00Z,2026-07-29T12:00:00+0200,2979.9257,MW,DE,DE_LU,actual_onshore_wind_generation,Wind Onshore,2026-08-09T05:18:04Z
2026-08-09T05:15:34Z,2026-08-09T07:15:34+0200,72a31bd2-8518-490a-bfbe-24bda838aac9,2026-07-29T10:15:00Z,2026-07-29T12:15:00+0200,2832.74199,MW,DE,DE_LU,actual_onshore_wind_generation,Wind Onshore,2026-08-09T05:18:04Z
2026-08-09T05:15:34Z,2026-08-09T07:15:34+0200,72a31bd2-8518-490a-bfbe-24bda838aac9,2026-07-29T10:30:00Z,2026-07-29T12:30:00+0200,2902.79184,MW,DE,DE_LU,actual_onshore_wind_generation,Wind Onshore,2026-08-09T05:18:04Z
2026-08-09T05:15:34Z,2026-08-09T07:15:34+0200,72a31bd2-8518-490a-bfbe-24bda838aac9,2026-07-29T10:45:00Z,2026-07-29T12:45:00+0200,3073.59888,MW,DE,DE_LU,actual_onshore_wind_generation,Wind Onshore,2026-08-09T05:18:04Z
2026-08-09T05:15:34Z,2026-08-09T07:15:34+0200,72a31bd2-8518-490a-bfbe-24bda838aac9,2026-07-29T11:00:00Z,2026-07-29T13:00:00+0200,3207.21843,MW,DE,DE_LU,actual_onshore_wind_generation,Wind Onshore,2026-08-09T05:18:04Z
2026-08-09T05:15:34Z,2026-08-09T07:15:34+0200,72a31bd2-8518-490a-bfbe-24bda838aac9,2026-07-29T11:15:00Z,2026-07-29T13:15:00+0200,3308.69607,MW,DE,DE_LU,actual_onshore_wind_generation,Wind Onshore,2026-08-09T05:18:04Z
2026-08-09T05:15:34Z,2026-08-09T07:15:34+0200,72a31bd2-8518-490a-bfbe-24bda838aac9,2026-07-29T11:30:00Z,2026-07-29T13:30:00+0200,3265.5173,MW,DE,DE_LU,actual_onshore_wind_generation,Wind Onshore,2026-08-09T05:18:04Z
2026-08-09T05:15:34Z,2026-08-09T07:15:34+0200,72a31bd2-8518-490a-bfbe-24bda838aac9,2026-07-29T11:45:00Z,2026-07-29T13:45:00+0200,3317.41113,MW,DE,DE_LU,actual_onshore_wind_generation,Wind Onshore,2026-08-09T05:18:04Z
2026-08-09T05:15:34Z,2026-08-09T07:15:34+0200,72a31bd2-8518-490a-bfbe-24bda838aac9,2026-07-29T12:00:00Z,2026-07-29T14:00:00+0200,3537.30097,MW,DE,DE_LU,actual_onshore_wind_generation,Wind Onshore,2026-08-09T05:18:04Z
2026-08-09T05:15:34Z,2026-08-09T07:15:34+0200,72a31bd2-8518-490a-bfbe-24bda838aac9,2026-07-29T12:15:00Z,2026-07-29T14:15:00+0200,3654.84036,MW,DE,DE_LU,actual_onshore_wind_generation,Wind Onshore,2026-08-09T05:18:04Z
2026-08-09T05:15:34Z,2026-08-09T07:15:34+0200,72a31bd2-8518-490a-bfbe-24bda838aac9,2026-07-29T12:30:00Z,2026-07-29T14:30:00+0200,3660.78499,MW,DE,DE_LU,actual_onshore_wind_generation,Wind Onshore,2026-08-09T05:18:04Z
2026-08-09T05:15:34Z,2026-08-09T07:15:34+0200,72a31bd2-8518-490a-bfbe-24bda838aac9,2026-07-29T12:45:00Z,2026-07-29T14:45:00+0200,3825.6015,MW,DE,DE_LU,actual_onshore_wind_generation,Wind Onshore,2026-08-09T05:18:04Z
2026-08-09T05:15:34Z,2026-08-09T07:15:34+0200,72a31bd2-8518-490a-bfbe-24bda838aac9,2026-07-29T13:00:00Z,2026-07-29T15:00:00+0200,4046.18341,MW,DE,DE_LU,actual_onshore_wind_generation,Wind Onshore,2026-08-09T05:18:04Z
2026-08-09T05:15:34Z,2026-08-09T07:15:34+0200,72a31bd2-8518-490a-bfbe-24bda838aac9,2026-07-29T13:15:00Z,2026-07-29T15:15:00+0200,4137.49022,MW,DE,DE_LU,actual_onshore_wind_generation,Wind Onshore,2026-08-09T05:18:04Z
2026-08-09T05:15:34Z,2026-08-09T07:15:34+0200,72a31bd2-8518-490a-bfbe-24bda838aac9,2026-07-29T13:30:00Z,2026-07-29T15:30:00+0200,4145.96844,MW,DE,DE_LU,actual_onshore_wind_generation,Wind Onshore,2026-08-09T05:18:04Z
2026-08-09T05:15:34Z,2026-08-09T07:15:34+0200,72a31bd2-8518-490a-bfbe-24bda838aac9,2026-07-29T13:45:00Z,2026-07-29T15:45:00+0200,4314.1386,MW,DE,DE_LU,actual_onshore_wind_generation,Wind Onshore,2026-08-09T05:18:04Z
2026-08-09T05:15:34Z,2026-08-09T07:15:34+0200,72a31bd2-8518-490a-bfbe-24bda838aac9,2026-07-29T14:00:00Z,2026-07-29T16:00:00+0200,4412.37221,MW,DE,DE_LU,actual_onshore_wind_generation,Wind Onshore,2026-08-09T05:18:04Z
2026-08-09T05:15:34Z,2026-08-09T07:15:34+0200,72a31bd2-8518-490a-bfbe-24bda838aac9,2026-07-29T14:15:00Z,2026-07-29T16:15:00+0200,4632.73999,MW,DE,DE_LU,actual_onshore_wind_generation,Wind Onshore,2026-08-09T05:18:04Z
2026-08-09T05:15:34Z,2026-08-09T07:15:34+0200,72a31bd2-8518-490a-bfbe-24bda838aac9,2026-07-29T14:30:00Z,2026-07-29T16:30:00+0200,4920.6019,MW,DE,DE_LU,actual_onshore_wind_generation,Wind Onshore,2026-08-09T05:18:04Z
2026-08-09T05:15:34Z,2026-08-09T07:15:34+0200,72a31bd2-8518-490a-bfbe-24bda838aac9,2026-07-29T14:45:00Z,2026-07-29T16:45:00+0200,4886.33698,MW,DE,DE_LU,actual_onshore_wind_generation,Wind Onshore,2026-08-09T05:18:04Z
2026-08-09T05:15:34Z,2026-08-09T07:15:34+0200,72a31bd2-8518-490a-bfbe-24bda838aac9,2026-07-29T15:00:00Z,2026-07-29T17:00:00+0200,4867.75524,MW,DE,DE_LU,actual_onshore_wind_generation,Wind Onshore,2026-08-09T05:18:04Z
2026-08-09T05:15:34Z,2026-08-09T07:15:34+0200,72a31bd2-8518-490a-bfbe-24bda838aac9,2026-07-29T15:15:00Z,2026-07-29T17:15:00+0200,4849.86409,MW,DE,DE_LU,actual_onshore_wind_generation,Wind Onshore,2026-08-09T05:18:04Z
2026-08-09T05:15:34Z,2026-08-09T07:15:34+0200,72a31bd2-8518-490a-bfbe-24bda838aac9,2026-07-29T15:30:00Z,2026-07-29T17:30:00+0200,4819.77655,MW,DE,DE_LU,actual_onshore_wind_generation,Wind Onshore,2026-08-09T05:18:04Z
2026-08-09T05:15:34Z,2026-08-09T07:15:34+0200,72a31bd2-8518-490a-bfbe-24bda838aac9,2026-07-29T15:45:00Z,2026-07-29T17:45:00+0200,4712.1463,MW,DE,DE_LU,actual_onshore_wind_generation,Wind Onshore,2026-08-09T05:18:04Z
2026-08-09T05:15:34Z,2026-08-09T07:15:34+0200,72a31bd2-8518-490a-bfbe-24bda838aac9,2026-07-29T16:00:00Z,2026-07-29T18:00:00+0200,4533.74174,MW,DE,DE_LU,actual_onshore_wind_generation,Wind Onshore,2026-08-09T05:18:04Z
2026-08-09T05:15:34Z,2026-08-09T07:15:34+0200,72a31bd2-8518-490a-bfbe-24bda838aac9,2026-07-29T16:15:00Z,2026-07-29T18:15:00+0200,4393.15643,MW,DE,DE_LU,actual_onshore_wind_generation,Wind Onshore,2026-08-09T05:18:04Z
2026-08-09T05:15:34Z,2026-08-09T07:15:34+0200,72a31bd2-8518-490a-bfbe-24bda838aac9,2026-07-29T16:30:00Z,2026-07-29T18:30:00+0200,4014.40632,MW,DE,DE_LU,actual_onshore_wind_generation,Wind Onshore,2026-08-09T05:18:04Z
2026-08-09T05:15:34Z,2026-08-09T07:15:34+0200,72a31bd2-8518-490a-bfbe-24bda838aac9,2026-07-29T16:45:00Z,2026-07-29T18:45:00+0200,3814.52094,MW,DE,DE_LU,actual_onshore_wind_generation,Wind Onshore,2026-08-09T05:18:04Z
2026-08-09T05:15:34Z,2026-08-09T07:15:34+0200,72a31bd2-8518-490a-bfbe-24bda838aac9,2026-07-29T17:00:00Z,2026-07-29T19:00:00+0200,3735.75934,MW,DE,DE_LU,actual_onshore_wind_generation,Wind Onshore,2026-08-09T05:18:04Z
2026-08-09T05:15:34Z,2026-08-09T07:15:34+0200,72a31bd2-8518-490a-bfbe-24bda838aac9,2026-07-29T17:15:00Z,2026-07-29T19:15:00+0200,3541.98397,MW,DE,DE_LU,actual_onshore_wind_generation,Wind Onshore,2026-08-09T05:18:04Z
2026-08-09T05:15:34Z,2026-08-09T07:15:34+0200,72a31bd2-8518-490a-bfbe-24bda838aac9,2026-07-29T17:30:00Z,2026-07-29T19:30:00+0200,3324.70519,MW,DE,DE_LU,actual_onshore_wind_generation,Wind Onshore,2026-08-09T05:18:04Z
2026-08-09T05:15:34Z,2026-08-09T07:15:34+0200,72a31bd2-8518-490a-bfbe-24bda838aac9,2026-07-29T17:45:00Z,2026-07-29T19:45:00+0200,3140.74513,MW,DE,DE_LU,actual_onshore_wind_generation,Wind Onshore,2026-08-09T05:18:04Z
2026-08-09T05:15:34Z,2026-08-09T07:15:34+0200,72a31bd2-8518-490a-bfbe-24bda838aac9,2026-07-29T18:00:00Z,2026-07-29T20:00:00+0200,3142.20064,MW,DE,DE_LU,actual_onshore_wind_generation,Wind Onshore,2026-08-09T05:18:04Z
2026-08-09T05:15:34Z,2026-08-09T07:15:34+0200,72a31bd2-8518-490a-bfbe-24bda838aac9,2026-07-29T18:15:00Z,2026-07-29T20:15:00+0200,3182.28542,MW,DE,DE_LU,actual_onshore_wind_generation,Wind Onshore,2026-08-09T05:18:04Z
2026-08-09T05:15:34Z,2026-08-09T07:15:34+0200,72a31bd2-8518-490a-bfbe-24bda838aac9,2026-07-29T18:30:00Z,2026-07-29T20:30:00+0200,3360.32842,MW,DE,DE_LU,actual_onshore_wind_generation,Wind Onshore,2026-08-09T05:18:04Z
2026-08-09T05:15:34Z,2026-08-09T07:15:34+0200,72a31bd2-8518-490a-bfbe-24bda838aac9,2026-07-29T18:45:00Z,2026-07-29T20:45:00+0200,3827.46335,MW,DE,DE_LU,actual_onshore_wind_generation,Wind Onshore,2026-08-09T05:18:04Z
2026-08-09T05:15:34Z,2026-08-09T07:15:34+0200,72a31bd2-8518-490a-bfbe-24bda838aac9,2026-07-29T19:00:00Z,2026-07-29T21:00:00+0200,4350.87938,MW,DE,DE_LU,actual_onshore_wind_generation,Wind Onshore,2026-08-09T05:18:04Z
2026-08-09T05:15:34Z,2026-08-09T07:15:34+0200,72a31bd2-8518-490a-bfbe-24bda838aac9,2026-07-29T19:15:00Z,2026-07-29T21:15:00+0200,4801.32563,MW,DE,DE_LU,actual_onshore_wind_generation,Wind Onshore,2026-08-09T05:18:04Z
2026-08-09T05:15:34Z,2026-08-09T07:15:34+0200,72a31bd2-8518-490a-bfbe-24bda838aac9,2026-07-29T19:30:00Z,2026-07-29T21:30:00+0200,5538.61228,MW,DE,DE_LU,actual_onshore_wind_generation,Wind Onshore,2026-08-09T05:18:04Z
2026-08-09T05:15:34Z,2026-08-09T07:15:34+0200,72a31bd2-8518-490a-bfbe-24bda838aac9,2026-07-29T19:45:00Z,2026-07-29T21:45:00+0200,6336.55188,MW,DE,DE_LU,actual_onshore_wind_generation,Wind Onshore,2026-08-09T05:18:04Z
2026-08-09T05:15:34Z,2026-08-09T07:15:34+0200,72a31bd2-8518-490a-bfbe-24bda838aac9,2026-07-29T20:00:00Z,2026-07-29T22:00:00+0200,6926.85821,MW,DE,DE_LU,actual_onshore_wind_generation,Wind Onshore,2026-08-09T05:18:04Z
2026-08-09T05:15:34Z,2026-08-09T07:15:34+0200,72a31bd2-8518-490a-bfbe-24bda838aac9,2026-07-29T20:15:00Z,2026-07-29T22:15:00+0200,7496.94306,MW,DE,DE_LU,actual_onshore_wind_generation,Wind Onshore,2026-08-09T05:18:04Z
2026-08-09T05:15:34Z,2026-08-09T07:15:34+0200,72a31bd2-8518-490a-bfbe-24bda838aac9,2026-07-29T20:30:00Z,2026-07-29T22:30:00+0200,7984.06954,MW,DE,DE_LU,actual_onshore_wind_generation,Wind Onshore,2026-08-09T05:18:04Z
2026-08-09T05:15:34Z,2026-08-09T07:15:34+0200,72a31bd2-8518-490a-bfbe-24bda838aac9,2026-07-29T20:45:00Z,2026-07-29T22:45:00+0200,8361.82792,MW,DE,DE_LU,actual_onshore_wind_generation,Wind Onshore,2026-08-09T05:18:04Z
2026-08-09T05:15:34Z,2026-08-09T07:15:34+0200,72a31bd2-8518-490a-bfbe-24bda838aac9,2026-07-29T21:00:00Z,2026-07-29T23:00:00+0200,8616.4054,MW,DE,DE_LU,actual_onshore_wind_generation,Wind Onshore,2026-08-09T05:18:04Z
2026-08-09T05:15:34Z,2026-08-09T07:15:34+0200,72a31bd2-8518-490a-bfbe-24bda838aac9,2026-07-29T21:15:00Z,2026-07-29T23:15:00+0200,8802.37967,MW,DE,DE_LU,actual_onshore_wind_generation,Wind Onshore,2026-08-09T05:18:04Z
2026-08-09T05:15:34Z,2026-08-09T07:15:34+0200,72a31bd2-8518-490a-bfbe-24bda838aac9,2026-07-29T21:30:00Z,2026-07-29T23:30:00+0200,8889.43368,MW,DE,DE_LU,actual_onshore_wind_generation,Wind Onshore,2026-08-09T05:18:04Z
2026-08-09T05:15:34Z,2026-08-09T07:15:34+0200,72a31bd2-8518-490a-bfbe-24bda838aac9,2026-07-29T21:45:00Z,2026-07-29T23:45:00+0200,8989.89897,MW,DE,DE_LU,actual_onshore_wind_generation,Wind Onshore,2026-08-09T05:18:04Z
2026-08-09T05:15:34Z,2026-08-09T07:15:34+0200,72a31bd2-8518-490a-bfbe-24bda838aac9,2026-07-29T22:00:00Z,2026-07-30T00:00:00+0200,8910.28045,MW,DE,DE_LU,actual_onshore_wind_generation,Wind Onshore,2026-08-09T05:18:04Z
2026-08-09T05:15:34Z,2026-08-09T07:15:34+0200,72a31bd2-8518-490a-bfbe-24bda838aac9,2026-07-29T22:15:00Z,2026-07-30T00:15:00+0200,8771.93789,MW,DE,DE_LU,actual_onshore_wind_generation,Wind Onshore,2026-08-09T05:18:04Z
2026-08-09T05:15:34Z,2026-08-09T07:15:34+0200,72a31bd2-8518-490a-bfbe-24bda838aac9,2026-07-29T22:30:00Z,2026-07-30T00:30:00+0200,8649.00213,MW,DE,DE_LU,actual_onshore_wind_generation,Wind Onshore,2026-08-09T05:18:04Z
2026-08-09T05:15:34Z,2026-08-09T07:15:34+0200,72a31bd2-8518-490a-bfbe-24bda838aac9,2026-07-29T22:45:00Z,2026-07-30T00:45:00+0200,8477.38337,MW,DE,DE_LU,actual_onshore_wind_generation,Wind Onshore,2026-08-09T05:18:04Z
2026-08-09T05:15:34Z,2026-08-09T07:15:34+0200,72a31bd2-8518-490a-bfbe-24bda838aac9,2026-07-29T23:00:00Z,2026-07-30T01:00:00+0200,8233.48602,MW,DE,DE_LU,actual_onshore_wind_generation,Wind Onshore,2026-08-09T05:18:04Z
2026-08-09T05:15:34Z,2026-08-09T07:15:34+0200,72a31bd2-8518-490a-bfbe-24bda838aac9,2026-07-29T23:15:00Z,2026-07-30T01:15:00+0200,8130.92732,MW,DE,DE_LU,actual_onshore_wind_generation,Wind Onshore,2026-08-09T05:18:04Z
2026-08-09T05:15:34Z,2026-08-09T07:15:34+0200,72a31bd2-8518-490a-bfbe-24bda838aac9,2026-07-29T23:30:00Z,2026-07-30T01:30:00+0200,7982.1308,MW,DE,DE_LU,actual_onshore_wind_generation,Wind Onshore,2026-08-09T05:18:04Z
2026-08-09T05:15:34Z,2026-08-09T07:15:34+0200,72a31bd2-8518-490a-bfbe-24bda838aac9,2026-07-29T23:45:00Z,2026-07-30T01:45:00+0200,7959.57822,MW,DE,DE_LU,actual_onshore_wind_generation,Wind Onshore,2026-08-09T05:18:04Z
2026-08-09T05:15:34Z,2026-08-09T07:15:34+0200,72a31bd2-8518-490a-bfbe-24bda838aac9,2026-07-30T00:00:00Z,2026-07-30T02:00:00+0200,7884.51462,MW,DE,DE_LU,actual_onshore_wind_generation,Wind Onshore,2026-08-09T05:18:04Z
2026-08-09T05:15:34Z,2026-08-09T07:15:34+0200,72a31bd2-8518-490a-bfbe-24bda838aac9,2026-07-30T00:15:00Z,2026-07-30T02:15:00+0200,7783.41152,MW,DE,DE_LU,actual_onshore_wind_generation,Wind Onshore,2026-08-09T05:18:04Z
2026-08-09T05:15:34Z,2026-08-09T07:15:34+0200,72a31bd2-8518-490a-bfbe-24bda838aac9,2026-07-30T00:30:00Z,2026-07-30T02:30:00+0200,7729.52775,MW,DE,DE_LU,actual_onshore_wind_generation,Wind Onshore,2026-08-09T05:18:04Z
2026-08-09T05:15:34Z,2026-08-09T07:15:34+0200,72a31bd2-8518-490a-bfbe-24bda838aac9,2026-07-30T00:45:00Z,2026-07-30T02:45:00+0200,7683.054,MW,DE,DE_LU,actual_onshore_wind_generation,Wind Onshore,2026-08-09T05:18:04Z
2026-08-09T05:15:34Z,2026-08-09T07:15:34+0200,72a31bd2-8518-490a-bfbe-24bda838aac9,2026-07-30T01:00:00Z,2026-07-30T03:00:00+0200,7718.26881,MW,DE,DE_LU,actual_onshore_wind_generation,Wind Onshore,2026-08-09T05:18:04Z
2026-08-09T05:15:34Z,2026-08-09T07:15:34+0200,72a31bd2-8518-490a-bfbe-24bda838aac9,2026-07-30T01:15:00Z,2026-07-30T03:15:00+0200,7634.40181,MW,DE,DE_LU,actual_onshore_wind_generation,Wind Onshore,2026-08-09T05:18:04Z
2026-08-09T05:15:34Z,2026-08-09T07:15:34+0200,72a31bd2-8518-490a-bfbe-24bda838aac9,2026-07-30T01:30:00Z,2026-07-30T03:30:00+0200,7530.57207,MW,DE,DE_LU,actual_onshore_wind_generation,Wind Onshore,2026-08-09T05:18:04Z
2026-08-09T05:15:34Z,2026-08-09T07:15:34+0200,72a31bd2-8518-490a-bfbe-24bda838aac9,2026-07-30T01:45:00Z,2026-07-30T03:45:00+0200,7563.15866,MW,DE,DE_LU,actual_onshore_wind_generation,Wind Onshore,2026-08-09T05:18:04Z
2026-08-09T05:15:34Z,2026-08-09T07:15:34+0200,72a31bd2-8518-490a-bfbe-24bda838aac9,2026-07-30T02:00:00Z,2026-07-30T04:00:00+0200,7595.76776,MW,DE,DE_LU,actual_onshore_wind_generation,Wind Onshore,2026-08-09T05:18:04Z
2026-08-09T05:15:34Z,2026-08-09T07:15:34+0200,72a31bd2-8518-490a-bfbe-24bda838aac9,2026-07-30T02:15:00Z,2026-07-30T04:15:00+0200,7699.1117,MW,DE,DE_LU,actual_onshore_wind_generation,Wind Onshore,2026-08-09T05:18:04Z
2026-08-09T05:15:34Z,2026-08-09T07:15:34+0200,72a31bd2-8518-490a-bfbe-24bda838aac9,2026-07-30T02:30:00Z,2026-07-30T04:30:00+0200,7771.65593,MW,DE,DE_LU,actual_onshore_wind_generation,Wind Onshore,2026-08-09T05:18:04Z
2026-08-09T05:15:34Z,2026-08-09T07:15:34+0200,72a31bd2-8518-490a-bfbe-24bda838aac9,2026-07-30T02:45:00Z,2026-07-30T04:45:00+0200,7968.57686,MW,DE,DE_LU,actual_onshore_wind_generation,Wind Onshore,2026-08-09T05:18:04Z
2026-08-09T05:15:34Z,2026-08-09T07:15:34+0200,72a31bd2-8518-490a-bfbe-24bda838aac9,2026-07-30T03:00:00Z,2026-07-30T05:00:00+0200,8239.10916,MW,DE,DE_LU,actual_onshore_wind_generation,Wind Onshore,2026-08-09T05:18:04Z
2026-08-09T05:15:34Z,2026-08-09T07:15:34+0200,72a31bd2-8518-490a-bfbe-24bda838aac9,2026-07-30T03:15:00Z,2026-07-30T05:15:00+0200,8483.09351,MW,DE,DE_LU,actual_onshore_wind_generation,Wind Onshore,2026-08-09T05:18:04Z
2026-08-09T05:15:34Z,2026-08-09T07:15:34+0200,72a31bd2-8518-490a-bfbe-24bda838aac9,2026-07-30T03:30:00Z,2026-07-30T05:30:00+0200,8720.15698,MW,DE,DE_LU,actual_onshore_wind_generation,Wind Onshore,2026-08-09T05:18:04Z
2026-08-09T05:15:34Z,2026-08-09T07:15:34+0200,72a31bd2-8518-490a-bfbe-24bda838aac9,2026-07-30T03:45:00Z,2026-07-30T05:45:00+0200,9274.48942,MW,DE,DE_LU,actual_onshore_wind_generation,Wind Onshore,2026-08-09T05:18:04Z
2026-08-09T05:15:34Z,2026-08-09T07:15:34+0200,72a31bd2-8518-490a-bfbe-24bda838aac9,2026-07-30T04:00:00Z,2026-07-30T06:00:00+0200,9640.79844,MW,DE,DE_LU,actual_onshore_wind_generation,Wind Onshore,2026-08-09T05:18:04Z
2026-08-09T05:15:34Z,2026-08-09T07:15:34+0200,72a31bd2-8518-490a-bfbe-24bda838aac9,2026-07-30T04:15:00Z,2026-07-30T06:15:00+0200,9552.70513,MW,DE,DE_LU,actual_onshore_wind_generation,Wind Onshore,2026-08-09T05:18:04Z
2026-08-09T05:15:34Z,2026-08-09T07:15:34+0200,72a31bd2-8518-490a-bfbe-24bda838aac9,2026-07-30T04:30:00Z,2026-07-30T06:30:00+0200,9639.59878,MW,DE,DE_LU,actual_onshore_wind_generation,Wind Onshore,2026-08-09T05:18:04Z
2026-08-09T05:15:34Z,2026-08-09T07:15:34+0200,72a31bd2-8518-490a-bfbe-24bda838aac9,2026-07-30T04:45:00Z,2026-07-30T06:45:00+0200,9852.17664,MW,DE,DE_LU,actual_onshore_wind_generation,Wind Onshore,2026-08-09T05:18:04Z
2026-08-09T05:15:34Z,2026-08-09T07:15:34+0200,72a31bd2-8518-490a-bfbe-24bda838aac9,2026-07-30T05:00:00Z,2026-07-30T07:00:00+0200,9930.7478,MW,DE,DE_LU,actual_onshore_wind_generation,Wind Onshore,2026-08-09T05:18:04Z
2026-08-09T05:15:34Z,2026-08-09T07:15:34+0200,72a31bd2-8518-490a-bfbe-24bda838aac9,2026-07-30T05:15:00Z,2026-07-30T07:15:00+0200,9973.20175,MW,DE,DE_LU,actual_onshore_wind_generation,Wind Onshore,2026-08-09T05:18:04Z
2026-08-09T05:15:34Z,2026-08-09T07:15:34+0200,72a31bd2-8518-490a-bfbe-24bda838aac9,2026-07-30T05:30:00Z,2026-07-30T07:30:00+0200,9963.54423,MW,DE,DE_LU,actual_onshore_wind_generation,Wind Onshore,2026-08-09T05:18:04Z
2026-08-09T05:15:34Z,2026-08-09T07:15:34+0200,72a31bd2-8518-490a-bfbe-24bda838aac9,2026-07-30T05:45:00Z,2026-07-30T07:45:00+0200,9585.80799,MW,DE,DE_LU,actual_onshore_wind_generation,Wind Onshore,2026-08-09T05:18:04Z
2026-08-09T05:15:34Z,2026-08-09T07:15:34+0200,72a31bd2-8518-490a-bfbe-24bda838aac9,2026-07-30T06:00:00Z,2026-07-30T08:00:00+0200,9111.53786,MW,DE,DE_LU,actual_onshore_wind_generation,Wind Onshore,2026-08-09T05:18:04Z
2026-08-09T05:15:34Z,2026-08-09T07:15:34+0200,72a31bd2-8518-490a-bfbe-24bda838aac9,2026-07-30T06:15:00Z,2026-07-30T08:15:00+0200,8433.02342,MW,DE,DE_LU,actual_onshore_wind_generation,Wind Onshore,2026-08-09T05:18:04Z
2026-08-09T05:15:34Z,2026-08-09T07:15:34+0200,72a31bd2-8518-490a-bfbe-24bda838aac9,2026-07-30T06:30:00Z,2026-07-30T08:30:00+0200,7529.74093,MW,DE,DE_LU,actual_onshore_wind_generation,Wind Onshore,2026-08-09T05:18:04Z
2026-08-09T05:15:34Z,2026-08-09T07:15:34+0200,72a31bd2-8518-490a-bfbe-24bda838aac9,2026-07-30T06:45:00Z,2026-07-30T08:45:00+0200,6686.88169,MW,DE,DE_LU,actual_onshore_wind_generation,Wind Onshore,2026-08-09T05:18:04Z
2026-08-09T05:15:34Z,2026-08-09T07:15:34+0200,72a31bd2-8518-490a-bfbe-24bda838aac9,2026-07-30T07:00:00Z,2026-07-30T09:00:00+0200,5915.07797,MW,DE,DE_LU,actual_onshore_wind_generation,Wind Onshore,2026-08-09T05:18:04Z
2026-08-09T05:15:34Z,2026-08-09T07:15:34+0200,72a31bd2-8518-490a-bfbe-24bda838aac9,2026-07-30T07:15:00Z,2026-07-30T09:15:00+0200,5216.43847,MW,DE,DE_LU,actual_onshore_wind_generation,Wind Onshore,2026-08-09T05:18:04Z
2026-08-09T05:15:34Z,2026-08-09T07:15:34+0200,72a31bd2-8518-490a-bfbe-24bda838aac9,2026-07-30T07:30:00Z,2026-07-30T09:30:00+0200,4766.61469,MW,DE,DE_LU,actual_onshore_wind_generation,Wind Onshore,2026-08-09T05:18:04Z
2026-08-09T05:15:34Z,2026-08-09T07:15:34+0200,72a31bd2-8518-490a-bfbe-24bda838aac9,2026-07-30T07:45:00Z,2026-07-30T09:45:00+0200,4439.12357,MW,DE,DE_LU,actual_onshore_wind_generation,Wind Onshore,2026-08-09T05:18:04Z
2026-08-09T05:15:34Z,2026-08-09T07:15:34+0200,72a31bd2-8518-490a-bfbe-24bda838aac9,2026-07-30T08:00:00Z,2026-07-30T10:00:00+0200,4407.18911,MW,DE,DE_LU,actual_onshore_wind_generation,Wind Onshore,2026-08-09T05:18:04Z
2026-08-09T05:15:34Z,2026-08-09T07:15:34+0200,72a31bd2-8518-490a-bfbe-24bda838aac9,2026-07-30T08:15:00Z,2026-07-30T10:15:00+0200,4456.44135,MW,DE,DE_LU,actual_onshore_wind_generation,Wind Onshore,2026-08-09T05:18:04Z
2026-08-09T05:15:34Z,2026-08-09T07:15:34+0200,72a31bd2-8518-490a-bfbe-24bda838aac9,2026-07-30T08:30:00Z,2026-07-30T10:30:00+0200,4496.44047,MW,DE,DE_LU,actual_onshore_wind_generation,Wind Onshore,2026-08-09T05:18:04Z
2026-08-09T05:15:34Z,2026-08-09T07:15:34+0200,72a31bd2-8518-490a-bfbe-24bda838aac9,2026-07-30T08:45:00Z,2026-07-30T10:45:00+0200,4762.29457,MW,DE,DE_LU,actual_onshore_wind_generation,Wind Onshore,2026-08-09T05:18:04Z
2026-08-09T05:15:34Z,2026-08-09T07:15:34+0200,72a31bd2-8518-490a-bfbe-24bda838aac9,2026-07-30T09:00:00Z,2026-07-30T11:00:00+0200,5429.47723,MW,DE,DE_LU,actual_onshore_wind_generation,Wind Onshore,2026-08-09T05:18:04Z
2026-08-09T05:15:34Z,2026-08-09T07:15:34+0200,72a31bd2-8518-490a-bfbe-24bda838aac9,2026-07-30T09:15:00Z,2026-07-30T11:15:00+0200,5885.49756,MW,DE,DE_LU,actual_onshore_wind_generation,Wind Onshore,2026-08-09T05:18:04Z
2026-08-09T05:15:34Z,2026-08-09T07:15:34+0200,72a31bd2-8518-490a-bfbe-24bda838aac9,2026-07-30T09:30:00Z,2026-07-30T11:30:00+0200,6454.36053,MW,DE,DE_LU,actual_onshore_wind_generation,Wind Onshore,2026-08-09T05:18:04Z
2026-08-09T05:15:34Z,2026-08-09T07:15:34+0200,72a31bd2-8518-490a-bfbe-24bda838aac9,2026-07-30T09:45:00Z,2026-07-30T11:45:00+0200,6941.14227,MW,DE,DE_LU,actual_onshore_wind_generation,Wind Onshore,2026-08-09T05:18:04Z
2026-08-09T05:15:34Z,2026-08-09T07:15:34+0200,72a31bd2-8518-490a-bfbe-24bda838aac9,2026-07-30T10:00:00Z,2026-07-30T12:00:00+0200,7594.49635,MW,DE,DE_LU,actual_onshore_wind_generation,Wind Onshore,2026-08-09T05:18:04Z
2026-08-09T05:15:34Z,2026-08-09T07:15:34+0200,72a31bd2-8518-490a-bfbe-24bda838aac9,2026-07-30T10:15:00Z,2026-07-30T12:15:00+0200,8280.03781,MW,DE,DE_LU,actual_onshore_wind_generation,Wind Onshore,2026-08-09T05:18:04Z
2026-08-09T05:15:34Z,2026-08-09T07:15:34+0200,72a31bd2-8518-490a-bfbe-24bda838aac9,2026-07-30T10:30:00Z,2026-07-30T12:30:00+0200,8911.73439,MW,DE,DE_LU,actual_onshore_wind_generation,Wind Onshore,2026-08-09T05:18:04Z
2026-08-09T05:15:34Z,2026-08-09T07:15:34+0200,72a31bd2-8518-490a-bfbe-24bda838aac9,2026-07-30T10:45:00Z,2026-07-30T12:45:00+0200,9417.63618,MW,DE,DE_LU,actual_onshore_wind_generation,Wind Onshore,2026-08-09T05:18:04Z
2026-08-09T05:15:34Z,2026-08-09T07:15:34+0200,72a31bd2-8518-490a-bfbe-24bda838aac9,2026-07-30T11:00:00Z,2026-07-30T13:00:00+0200,10296.74921,MW,DE,DE_LU,actual_onshore_wind_generation,Wind Onshore,2026-08-09T05:18:04Z
2026-08-09T05:15:34Z,2026-08-09T07:15:34+0200,72a31bd2-8518-490a-bfbe-24bda838aac9,2026-07-30T11:15:00Z,2026-07-30T13:15:00+0200,10660.60591,MW,DE,DE_LU,actual_onshore_wind_generation,Wind Onshore,2026-08-09T05:18:04Z
2026-08-09T05:15:34Z,2026-08-09T07:15:34+0200,72a31bd2-8518-490a-bfbe-24bda838aac9,2026-07-30T11:30:00Z,2026-07-30T13:30:00+0200,10989.12414,MW,DE,DE_LU,actual_onshore_wind_generation,Wind Onshore,2026-08-09T05:18:04Z
2026-08-09T05:15:34Z,2026-08-09T07:15:34+0200,72a31bd2-8518-490a-bfbe-24bda838aac9,2026-07-30T11:45:00Z,2026-07-30T13:45:00+0200,11288.17621,MW,DE,DE_LU,actual_onshore_wind_generation,Wind Onshore,2026-08-09T05:18:04Z
2026-08-09T05:15:34Z,2026-08-09T07:15:34+0200,72a31bd2-8518-490a-bfbe-24bda838aac9,2026-07-30T12:00:00Z,2026-07-30T14:00:00+0200,11933.80258,MW,DE,DE_LU,actual_onshore_wind_generation,Wind Onshore,2026-08-09T05:18:04Z
2026-08-09T05:15:34Z,2026-08-09T07:15:34+0200,72a31bd2-8518-490a-bfbe-24bda838aac9,2026-07-30T12:15:00Z,2026-07-30T14:15:00+0200,12276.77396,MW,DE,DE_LU,actual_onshore_wind_generation,Wind Onshore,2026-08-09T05:18:04Z
2026-08-09T05:15:34Z,2026-08-09T07:15:34+0200,72a31bd2-8518-490a-bfbe-24bda838aac9,2026-07-30T12:30:00Z,2026-07-30T14:30:00+0200,12966.06181,MW,DE,DE_LU,actual_onshore_wind_generation,Wind Onshore,2026-08-09T05:18:04Z
2026-08-09T05:15:34Z,2026-08-09T07:15:34+0200,72a31bd2-8518-490a-bfbe-24bda838aac9,2026-07-30T12:45:00Z,2026-07-30T14:45:00+0200,13646.93102,MW,DE,DE_LU,actual_onshore_wind_generation,Wind Onshore,2026-08-09T05:18:04Z
2026-08-09T05:15:34Z,2026-08-09T07:15:34+0200,72a31bd2-8518-490a-bfbe-24bda838aac9,2026-07-30T13:00:00Z,2026-07-30T15:00:00+0200,14561.75849,MW,DE,DE_LU,actual_onshore_wind_generation,Wind Onshore,2026-08-09T05:18:04Z
2026-08-09T05:15:34Z,2026-08-09T07:15:34+0200,72a31bd2-8518-490a-bfbe-24bda838aac9,2026-07-30T13:15:00Z,2026-07-30T15:15:00+0200,15555.35692,MW,DE,DE_LU,actual_onshore_wind_generation,Wind Onshore,2026-08-09T05:18:04Z
2026-08-09T05:15:34Z,2026-08-09T07:15:34+0200,72a31bd2-8518-490a-bfbe-24bda838aac9,2026-07-30T13:30:00Z,2026-07-30T15:30:00+0200,16465.25218,MW,DE,DE_LU,actual_onshore_wind_generation,Wind Onshore,2026-08-09T05:18:04Z
2026-08-09T05:15:34Z,2026-08-09T07:15:34+0200,72a31bd2-8518-490a-bfbe-24bda838aac9,2026-07-30T13:45:00Z,2026-07-30T15:45:00+0200,16991.02419,MW,DE,DE_LU,actual_onshore_wind_generation,Wind Onshore,2026-08-09T05:18:04Z
2026-08-09T05:15:34Z,2026-08-09T07:15:34+0200,72a31bd2-8518-490a-bfbe-24bda838aac9,2026-07-30T14:00:00Z,2026-07-30T16:00:00+0200,16514.98362,MW,DE,DE_LU,actual_onshore_wind_generation,Wind Onshore,2026-08-09T05:18:04Z
2026-08-09T05:15:34Z,2026-08-09T07:15:34+0200,72a31bd2-8518-490a-bfbe-24bda838aac9,2026-07-30T14:15:00Z,2026-07-30T16:15:00+0200,16170.16078,MW,DE,DE_LU,actual_onshore_wind_generation,Wind Onshore,2026-08-09T05:18:04Z
2026-08-09T05:15:34Z,2026-08-09T07:15:34+0200,72a31bd2-8518-490a-bfbe-24bda838aac9,2026-07-30T14:30:00Z,2026-07-30T16:30:00+0200,15564.48725,MW,DE,DE_LU,actual_onshore_wind_generation,Wind Onshore,2026-08-09T05:18:04Z
2026-08-09T05:15:34Z,2026-08-09T07:15:34+0200,72a31bd2-8518-490a-bfbe-24bda838aac9,2026-07-30T14:45:00Z,2026-07-30T16:45:00+0200,15054.58505,MW,DE,DE_LU,actual_onshore_wind_generation,Wind Onshore,2026-08-09T05:18:04Z
2026-08-09T05:15:34Z,2026-08-09T07:15:34+0200,72a31bd2-8518-490a-bfbe-24bda838aac9,2026-07-30T15:00:00Z,2026-07-30T17:00:00+0200,15005.66916,MW,DE,DE_LU,actual_onshore_wind_generation,Wind Onshore,2026-08-09T05:18:04Z
2026-08-09T05:15:34Z,2026-08-09T07:15:34+0200,72a31bd2-8518-490a-bfbe-24bda838aac9,2026-07-30T15:15:00Z,2026-07-30T17:15:00+0200,15006.08813,MW,DE,DE_LU,actual_onshore_wind_generation,Wind Onshore,2026-08-09T05:18:04Z
2026-08-09T05:15:34Z,2026-08-09T07:15:34+0200,72a31bd2-8518-490a-bfbe-24bda838aac9,2026-07-30T15:30:00Z,2026-07-30T17:30:00+0200,15177.98894,MW,DE,DE_LU,actual_onshore_wind_generation,Wind Onshore,2026-08-09T05:18:04Z
2026-08-09T05:15:34Z,2026-08-09T07:15:34+0200,72a31bd2-8518-490a-bfbe-24bda838aac9,2026-07-30T15:45:00Z,2026-07-30T17:45:00+0200,15274.41818,MW,DE,DE_LU,actual_onshore_wind_generation,Wind Onshore,2026-08-09T05:18:04Z
2026-08-09T05:15:34Z,2026-08-09T07:15:34+0200,72a31bd2-8518-490a-bfbe-24bda838aac9,2026-07-30T16:00:00Z,2026-07-30T18:00:00+0200,15385.65013,MW,DE,DE_LU,actual_onshore_wind_generation,Wind Onshore,2026-08-09T05:18:04Z
2026-08-09T05:15:34Z,2026-08-09T07:15:34+0200,72a31bd2-8518-490a-bfbe-24bda838aac9,2026-07-30T16:15:00Z,2026-07-30T18:15:00+0200,15659.2537,MW,DE,DE_LU,actual_onshore_wind_generation,Wind Onshore,2026-08-09T05:18:04Z
2026-08-09T05:15:34Z,2026-08-09T07:15:34+0200,72a31bd2-8518-490a-bfbe-24bda838aac9,2026-07-30T16:30:00Z,2026-07-30T18:30:00+0200,15225.03225,MW,DE,DE_LU,actual_onshore_wind_generation,Wind Onshore,2026-08-09T05:18:04Z
2026-08-09T05:15:34Z,2026-08-09T07:15:34+0200,72a31bd2-8518-490a-bfbe-24bda838aac9,2026-07-30T16:45:00Z,2026-07-30T18:45:00+0200,14788.05538,MW,DE,DE_LU,actual_onshore_wind_generation,Wind Onshore,2026-08-09T05:18:04Z
2026-08-09T05:15:34Z,2026-08-09T07:15:34+0200,72a31bd2-8518-490a-bfbe-24bda838aac9,2026-07-30T17:00:00Z,2026-07-30T19:00:00+0200,15011.88696,MW,DE,DE_LU,actual_onshore_wind_generation,Wind Onshore,2026-08-09T05:18:04Z
2026-08-09T05:15:34Z,2026-08-09T07:15:34+0200,72a31bd2-8518-490a-bfbe-24bda838aac9,2026-07-30T17:15:00Z,2026-07-30T19:15:00+0200,14422.77245,MW,DE,DE_LU,actual_onshore_wind_generation,Wind Onshore,2026-08-09T05:18:04Z
2026-08-09T05:15:34Z,2026-08-09T07:15:34+0200,72a31bd2-8518-490a-bfbe-24bda838aac9,2026-07-30T17:30:00Z,2026-07-30T19:30:00+0200,13812.67859,MW,DE,DE_LU,actual_onshore_wind_generation,Wind Onshore,2026-08-09T05:18:04Z
2026-08-09T05:15:34Z,2026-08-09T07:15:34+0200,72a31bd2-8518-490a-bfbe-24bda838aac9,2026-07-30T17:45:00Z,2026-07-30T19:45:00+0200,13210.31398,MW,DE,DE_LU,actual_onshore_wind_generation,Wind Onshore,2026-08-09T05:18:04Z
2026-08-09T05:15:34Z,2026-08-09T07:15:34+0200,72a31bd2-8518-490a-bfbe-24bda838aac9,2026-07-30T18:00:00Z,2026-07-30T20:00:00+0200,12801.74303,MW,DE,DE_LU,actual_onshore_wind_generation,Wind Onshore,2026-08-09T05:18:04Z
2026-08-09T05:15:34Z,2026-08-09T07:15:34+0200,72a31bd2-8518-490a-bfbe-24bda838aac9,2026-07-30T18:15:00Z,2026-07-30T20:15:00+0200,12348.27404,MW,DE,DE_LU,actual_onshore_wind_generation,Wind Onshore,2026-08-09T05:18:04Z
2026-08-09T05:15:34Z,2026-08-09T07:15:34+0200,72a31bd2-8518-490a-bfbe-24bda838aac9,2026-07-30T18:30:00Z,2026-07-30T20:30:00+0200,12119.15711,MW,DE,DE_LU,actual_onshore_wind_generation,Wind Onshore,2026-08-09T05:18:04Z
2026-08-09T05:15:34Z,2026-08-09T07:15:34+0200,72a31bd2-8518-490a-bfbe-24bda838aac9,2026-07-30T18:45:00Z,2026-07-30T20:45:00+0200,11706.36746,MW,DE,DE_LU,actual_onshore_wind_generation,Wind Onshore,2026-08-09T05:18:04Z
2026-08-09T05:15:34Z,2026-08-09T07:15:34+0200,72a31bd2-8518-490a-bfbe-24bda838aac9,2026-07-30T19:00:00Z,2026-07-30T21:00:00+0200,11499.65475,MW,DE,DE_LU,actual_onshore_wind_generation,Wind Onshore,2026-08-09T05:18:04Z
2026-08-09T05:15:34Z,2026-08-09T07:15:34+0200,72a31bd2-8518-490a-bfbe-24bda838aac9,2026-07-30T19:15:00Z,2026-07-30T21:15:00+0200,11368.98322,MW,DE,DE_LU,actual_onshore_wind_generation,Wind Onshore,2026-08-09T05:18:04Z
2026-08-09T05:15:34Z,2026-08-09T07:15:34+0200,72a31bd2-8518-490a-bfbe-24bda838aac9,2026-07-30T19:30:00Z,2026-07-30T21:30:00+0200,11525.93908,MW,DE,DE_LU,actual_onshore_wind_generation,Wind Onshore,2026-08-09T05:18:04Z
2026-08-09T05:15:34Z,2026-08-09T07:15:34+0200,72a31bd2-8518-490a-bfbe-24bda838aac9,2026-07-30T19:45:00Z,2026-07-30T21:45:00+0200,11101.56765,MW,DE,DE_LU,actual_onshore_wind_generation,Wind Onshore,2026-08-09T05:18:04Z
2026-08-09T05:15:34Z,2026-08-09T07:15:34+0200,72a31bd2-8518-490a-bfbe-24bda838aac9,2026-07-30T20:00:00Z,2026-07-30T22:00:00+0200,9479.04718,MW,DE,DE_LU,actual_onshore_wind_generation,Wind Onshore,2026-08-09T05:18:04Z
2026-08-09T05:15:34Z,2026-08-09T07:15:34+0200,72a31bd2-8518-490a-bfbe-24bda838aac9,2026-07-30T20:15:00Z,2026-07-30T22:15:00+0200,8594.37005,MW,DE,DE_LU,actual_onshore_wind_generation,Wind Onshore,2026-08-09T05:18:04Z
2026-08-09T05:15:34Z,2026-08-09T07:15:34+0200,72a31bd2-8518-490a-bfbe-24bda838aac9,2026-07-30T20:30:00Z,2026-07-30T22:30:00+0200,7914.83336,MW,DE,DE_LU,actual_onshore_wind_generation,Wind Onshore,2026-08-09T05:18:04Z
2026-08-09T05:15:34Z,2026-08-09T07:15:34+0200,72a31bd2-8518-490a-bfbe-24bda838aac9,2026-07-30T20:45:00Z,2026-07-30T22:45:00+0200,7228.50649,MW,DE,DE_LU,actual_onshore_wind_generation,Wind Onshore,2026-08-09T05:18:04Z
2026-08-09T05:15:34Z,2026-08-09T07:15:34+0200,72a31bd2-8518-490a-bfbe-24bda838aac9,2026-07-30T21:00:00Z,2026-07-30T23:00:00+0200,6759.33302,MW,DE,DE_LU,actual_onshore_wind_generation,Wind Onshore,2026-08-09T05:18:04Z
2026-08-09T05:15:34Z,2026-08-09T07:15:34+0200,72a31bd2-8518-490a-bfbe-24bda838aac9,2026-07-30T21:15:00Z,2026-07-30T23:15:00+0200,6536.63337,MW,DE,DE_LU,actual_onshore_wind_generation,Wind Onshore,2026-08-09T05:18:04Z
2026-08-09T05:15:34Z,2026-08-09T07:15:34+0200,72a31bd2-8518-490a-bfbe-24bda838aac9,2026-07-30T21:30:00Z,2026-07-30T23:30:00+0200,6062.18462,MW,DE,DE_LU,actual_onshore_wind_generation,Wind Onshore,2026-08-09T05:18:04Z
2026-08-09T05:15:34Z,2026-08-09T07:15:34+0200,72a31bd2-8518-490a-bfbe-24bda838aac9,2026-07-30T21:45:00Z,2026-07-30T23:45:00+0200,5625.43156,MW,DE,DE_LU,actual_onshore_wind_generation,Wind Onshore,2026-08-09T05:18:04Z
2026-08-09T05:15:34Z,2026-08-09T07:15:34+0200,72a31bd2-8518-490a-bfbe-24bda838aac9,2026-07-30T22:00:00Z,2026-07-31T00:00:00+0200,5263.28018,MW,DE,DE_LU,actual_onshore_wind_generation,Wind Onshore,2026-08-09T05:18:04Z
2026-08-09T05:15:34Z,2026-08-09T07:15:34+0200,72a31bd2-8518-490a-bfbe-24bda838aac9,2026-07-30T22:15:00Z,2026-07-31T00:15:00+0200,4896.13192,MW,DE,DE_LU,actual_onshore_wind_generation,Wind Onshore,2026-08-09T05:18:04Z
2026-08-09T05:15:34Z,2026-08-09T07:15:34+0200,72a31bd2-8518-490a-bfbe-24bda838aac9,2026-07-30T22:30:00Z,2026-07-31T00:30:00+0200,4733.02365,MW,DE,DE_LU,actual_onshore_wind_generation,Wind Onshore,2026-08-09T05:18:04Z
2026-08-09T05:15:34Z,2026-08-09T07:15:34+0200,72a31bd2-8518-490a-bfbe-24bda838aac9,2026-07-30T22:45:00Z,2026-07-31T00:45:00+0200,4755.33043,MW,DE,DE_LU,actual_onshore_wind_generation,Wind Onshore,2026-08-09T05:18:04Z
2026-08-09T05:15:34Z,2026-08-09T07:15:34+0200,72a31bd2-8518-490a-bfbe-24bda838aac9,2026-07-30T23:00:00Z,2026-07-31T01:00:00+0200,4614.3417,MW,DE,DE_LU,actual_onshore_wind_generation,Wind Onshore,2026-08-09T05:18:04Z
2026-08-09T05:15:34Z,2026-08-09T07:15:34+0200,72a31bd2-8518-490a-bfbe-24bda838aac9,2026-07-30T23:15:00Z,2026-07-31T01:15:00+0200,4050.25577,MW,DE,DE_LU,actual_onshore_wind_generation,Wind Onshore,2026-08-09T05:18:04Z
2026-08-09T05:15:34Z,2026-08-09T07:15:34+0200,72a31bd2-8518-490a-bfbe-24bda838aac9,2026-07-30T23:30:00Z,2026-07-31T01:30:00+0200,3429.72684,MW,DE,DE_LU,actual_onshore_wind_generation,Wind Onshore,2026-08-09T05:18:04Z
2026-08-09T05:15:34Z,2026-08-09T07:15:34+0200,72a31bd2-8518-490a-bfbe-24bda838aac9,2026-07-30T23:45:00Z,2026-07-31T01:45:00+0200,3032.93855,MW,DE,DE_LU,actual_onshore_wind_generation,Wind Onshore,2026-08-09T05:18:04Z
2026-08-09T05:15:34Z,2026-08-09T07:15:34+0200,72a31bd2-8518-490a-bfbe-24bda838aac9,2026-07-31T00:00:00Z,2026-07-31T02:00:00+0200,2974.38725,MW,DE,DE_LU,actual_onshore_wind_generation,Wind Onshore,2026-08-09T05:18:04Z
2026-08-09T05:15:34Z,2026-08-09T07:15:34+0200,72a31bd2-8518-490a-bfbe-24bda838aac9,2026-07-31T00:15:00Z,2026-07-31T02:15:00+0200,2962.45655,MW,DE,DE_LU,actual_onshore_wind_generation,Wind Onshore,2026-08-09T05:18:04Z
2026-08-09T05:15:34Z,2026-08-09T07:15:34+0200,72a31bd2-8518-490a-bfbe-24bda838aac9,2026-07-31T00:30:00Z,2026-07-31T02:30:00+0200,2686.31121,MW,DE,DE_LU,actual_onshore_wind_generation,Wind Onshore,2026-08-09T05:18:04Z
2026-08-09T05:15:34Z,2026-08-09T07:15:34+0200,72a31bd2-8518-490a-bfbe-24bda838aac9,2026-07-31T00:45:00Z,2026-07-31T02:45:00+0200,2383.40732,MW,DE,DE_LU,actual_onshore_wind_generation,Wind Onshore,2026-08-09T05:18:04Z
2026-08-09T05:15:34Z,2026-08-09T07:15:34+0200,72a31bd2-8518-490a-bfbe-24bda838aac9,2026-07-31T01:00:00Z,2026-07-31T03:00:00+0200,2269.79866,MW,DE,DE_LU,actual_onshore_wind_generation,Wind Onshore,2026-08-09T05:18:04Z
2026-08-09T05:15:34Z,2026-08-09T07:15:34+0200,72a31bd2-8518-490a-bfbe-24bda838aac9,2026-07-31T01:15:00Z,2026-07-31T03:15:00+0200,2188.74145,MW,DE,DE_LU,actual_onshore_wind_generation,Wind Onshore,2026-08-09T05:18:04Z
2026-08-09T05:15:34Z,2026-08-09T07:15:34+0200,72a31bd2-8518-490a-bfbe-24bda838aac9,2026-07-31T01:30:00Z,2026-07-31T03:30:00+0200,2162.57679,MW,DE,DE_LU,actual_onshore_wind_generation,Wind Onshore,2026-08-09T05:18:04Z
2026-08-09T05:15:34Z,2026-08-09T07:15:34+0200,72a31bd2-8518-490a-bfbe-24bda838aac9,2026-07-31T01:45:00Z,2026-07-31T03:45:00+0200,2296.43475,MW,DE,DE_LU,actual_onshore_wind_generation,Wind Onshore,2026-08-09T05:18:04Z
2026-08-09T05:15:34Z,2026-08-09T07:15:34+0200,72a31bd2-8518-490a-bfbe-24bda838aac9,2026-07-31T02:00:00Z,2026-07-31T04:00:00+0200,2370.54937,MW,DE,DE_LU,actual_onshore_wind_generation,Wind Onshore,2026-08-09T05:18:04Z
2026-08-09T05:15:34Z,2026-08-09T07:15:34+0200,72a31bd2-8518-490a-bfbe-24bda838aac9,2026-07-31T02:15:00Z,2026-07-31T04:15:00+0200,2302.41943,MW,DE,DE_LU,actual_onshore_wind_generation,Wind Onshore,2026-08-09T05:18:04Z
2026-08-09T05:15:34Z,2026-08-09T07:15:34+0200,72a31bd2-8518-490a-bfbe-24bda838aac9,2026-07-31T02:30:00Z,2026-07-31T04:30:00+0200,2275.07802,MW,DE,DE_LU,actual_onshore_wind_generation,Wind Onshore,2026-08-09T05:18:04Z
2026-08-09T05:15:34Z,2026-08-09T07:15:34+0200,72a31bd2-8518-490a-bfbe-24bda838aac9,2026-07-31T02:45:00Z,2026-07-31T04:45:00+0200,2250.65289,MW,DE,DE_LU,actual_onshore_wind_generation,Wind Onshore,2026-08-09T05:18:04Z
2026-08-09T05:15:34Z,2026-08-09T07:15:34+0200,72a31bd2-8518-490a-bfbe-24bda838aac9,2026-07-31T03:00:00Z,2026-07-31T05:00:00+0200,2181.50828,MW,DE,DE_LU,actual_onshore_wind_generation,Wind Onshore,2026-08-09T05:18:04Z
2026-08-09T05:15:34Z,2026-08-09T07:15:34+0200,72a31bd2-8518-490a-bfbe-24bda838aac9,2026-07-31T03:15:00Z,2026-07-31T05:15:00+0200,2095.05369,MW,DE,DE_LU,actual_onshore_wind_generation,Wind Onshore,2026-08-09T05:18:04Z
2026-08-09T05:15:34Z,2026-08-09T07:15:34+0200,72a31bd2-8518-490a-bfbe-24bda838aac9,2026-07-31T03:30:00Z,2026-07-31T05:30:00+0200,2032.83941,MW,DE,DE_LU,actual_onshore_wind_generation,Wind Onshore,2026-08-09T05:18:04Z
2026-08-09T05:15:34Z,2026-08-09T07:15:34+0200,72a31bd2-8518-490a-bfbe-24bda838aac9,2026-07-31T03:45:00Z,2026-07-31T05:45:00+0200,2044.32495,MW,DE,DE_LU,actual_onshore_wind_generation,Wind Onshore,2026-08-09T05:18:04Z
2026-08-09T05:15:34Z,2026-08-09T07:15:34+0200,72a31bd2-8518-490a-bfbe-24bda838aac9,2026-07-31T04:00:00Z,2026-07-31T06:00:00+0200,1982.72136,MW,DE,DE_LU,actual_onshore_wind_generation,Wind Onshore,2026-08-09T05:18:04Z
2026-08-09T05:15:34Z,2026-08-09T07:15:34+0200,72a31bd2-8518-490a-bfbe-24bda838aac9,2026-07-31T04:15:00Z,2026-07-31T06:15:00+0200,1872.62205,MW,DE,DE_LU,actual_onshore_wind_generation,Wind Onshore,2026-08-09T05:18:04Z
2026-08-09T05:15:34Z,2026-08-09T07:15:34+0200,72a31bd2-8518-490a-bfbe-24bda838aac9,2026-07-31T04:30:00Z,2026-07-31T06:30:00+0200,1876.29841,MW,DE,DE_LU,actual_onshore_wind_generation,Wind Onshore,2026-08-09T05:18:04Z
2026-08-09T05:15:34Z,2026-08-09T07:15:34+0200,72a31bd2-8518-490a-bfbe-24bda838aac9,2026-07-31T04:45:00Z,2026-07-31T06:45:00+0200,1871.74064,MW,DE,DE_LU,actual_onshore_wind_generation,Wind Onshore,2026-08-09T05:18:04Z
2026-08-09T05:15:34Z,2026-08-09T07:15:34+0200,72a31bd2-8518-490a-bfbe-24bda838aac9,2026-07-31T05:00:00Z,2026-07-31T07:00:00+0200,1856.44957,MW,DE,DE_LU,actual_onshore_wind_generation,Wind Onshore,2026-08-09T05:18:04Z
2026-08-09T05:15:34Z,2026-08-09T07:15:34+0200,72a31bd2-8518-490a-bfbe-24bda838aac9,2026-07-31T05:15:00Z,2026-07-31T07:15:00+0200,1744.8676,MW,DE,DE_LU,actual_onshore_wind_generation,Wind Onshore,2026-08-09T05:18:04Z
2026-08-09T05:15:34Z,2026-08-09T07:15:34+0200,72a31bd2-8518-490a-bfbe-24bda838aac9,2026-07-31T05:30:00Z,2026-07-31T07:30:00+0200,1666.25512,MW,DE,DE_LU,actual_onshore_wind_generation,Wind Onshore,2026-08-09T05:18:04Z
2026-08-09T05:15:34Z,2026-08-09T07:15:34+0200,72a31bd2-8518-490a-bfbe-24bda838aac9,2026-07-31T05:45:00Z,2026-07-31T07:45:00+0200,1638.99415,MW,DE,DE_LU,actual_onshore_wind_generation,Wind Onshore,2026-08-09T05:18:04Z
2026-08-09T05:15:34Z,2026-08-09T07:15:34+0200,72a31bd2-8518-490a-bfbe-24bda838aac9,2026-07-31T06:00:00Z,2026-07-31T08:00:00+0200,1606.09626,MW,DE,DE_LU,actual_onshore_wind_generation,Wind Onshore,2026-08-09T05:18:04Z
2026-08-09T05:15:34Z,2026-08-09T07:15:34+0200,72a31bd2-8518-490a-bfbe-24bda838aac9,2026-07-31T06:15:00Z,2026-07-31T08:15:00+0200,1543.48311,MW,DE,DE_LU,actual_onshore_wind_generation,Wind Onshore,2026-08-09T05:18:04Z
2026-08-09T05:15:34Z,2026-08-09T07:15:34+0200,72a31bd2-8518-490a-bfbe-24bda838aac9,2026-07-31T06:30:00Z,2026-07-31T08:30:00+0200,1462.73892,MW,DE,DE_LU,actual_onshore_wind_generation,Wind Onshore,2026-08-09T05:18:04Z
2026-08-09T05:15:34Z,2026-08-09T07:15:34+0200,72a31bd2-8518-490a-bfbe-24bda838aac9,2026-07-31T06:45:00Z,2026-07-31T08:45:00+0200,1359.15901,MW,DE,DE_LU,actual_onshore_wind_generation,Wind Onshore,2026-08-09T05:18:04Z
2026-08-09T05:15:34Z,2026-08-09T07:15:34+0200,72a31bd2-8518-490a-bfbe-24bda838aac9,2026-07-31T07:00:00Z,2026-07-31T09:00:00+0200,1278.69675,MW,DE,DE_LU,actual_onshore_wind_generation,Wind Onshore,2026-08-09T05:18:04Z
2026-08-09T05:15:34Z,2026-08-09T07:15:34+0200,72a31bd2-8518-490a-bfbe-24bda838aac9,2026-07-31T07:15:00Z,2026-07-31T09:15:00+0200,1121.62092,MW,DE,DE_LU,actual_onshore_wind_generation,Wind Onshore,2026-08-09T05:18:04Z
2026-08-09T05:15:34Z,2026-08-09T07:15:34+0200,72a31bd2-8518-490a-bfbe-24bda838aac9,2026-07-31T07:30:00Z,2026-07-31T09:30:00+0200,1085.47544,MW,DE,DE_LU,actual_onshore_wind_generation,Wind Onshore,2026-08-09T05:18:04Z
2026-08-09T05:15:34Z,2026-08-09T07:15:34+0200,72a31bd2-8518-490a-bfbe-24bda838aac9,2026-07-31T07:45:00Z,2026-07-31T09:45:00+0200,1085.91417,MW,DE,DE_LU,actual_onshore_wind_generation,Wind Onshore,2026-08-09T05:18:04Z
2026-08-09T05:15:34Z,2026-08-09T07:15:34+0200,72a31bd2-8518-490a-bfbe-24bda838aac9,2026-07-31T08:00:00Z,2026-07-31T10:00:00+0200,1092.76341,MW,DE,DE_LU,actual_onshore_wind_generation,Wind Onshore,2026-08-09T05:18:04Z
2026-08-09T05:15:34Z,2026-08-09T07:15:34+0200,72a31bd2-8518-490a-bfbe-24bda838aac9,2026-07-31T08:15:00Z,2026-07-31T10:15:00+0200,1070.74142,MW,DE,DE_LU,actual_onshore_wind_generation,Wind Onshore,2026-08-09T05:18:04Z
2026-08-09T05:15:34Z,2026-08-09T07:15:34+0200,72a31bd2-8518-490a-bfbe-24bda838aac9,2026-07-31T08:30:00Z,2026-07-31T10:30:00+0200,1018.35698,MW,DE,DE_LU,actual_onshore_wind_generation,Wind Onshore,2026-08-09T05:18:04Z
2026-08-09T05:15:34Z,2026-08-09T07:15:34+0200,72a31bd2-8518-490a-bfbe-24bda838aac9,2026-07-31T08:45:00Z,2026-07-31T10:45:00+0200,973.79417,MW,DE,DE_LU,actual_onshore_wind_generation,Wind Onshore,2026-08-09T05:18:04Z
2026-08-09T05:15:34Z,2026-08-09T07:15:34+0200,72a31bd2-8518-490a-bfbe-24bda838aac9,2026-07-31T09:00:00Z,2026-07-31T11:00:00+0200,1008.35889,MW,DE,DE_LU,actual_onshore_wind_generation,Wind Onshore,2026-08-09T05:18:04Z
2026-08-09T05:15:34Z,2026-08-09T07:15:34+0200,72a31bd2-8518-490a-bfbe-24bda838aac9,2026-07-31T09:15:00Z,2026-07-31T11:15:00+0200,1086.59024,MW,DE,DE_LU,actual_onshore_wind_generation,Wind Onshore,2026-08-09T05:18:04Z
2026-08-09T05:15:34Z,2026-08-09T07:15:34+0200,72a31bd2-8518-490a-bfbe-24bda838aac9,2026-07-31T09:30:00Z,2026-07-31T11:30:00+0200,1153.59377,MW,DE,DE_LU,actual_onshore_wind_generation,Wind Onshore,2026-08-09T05:18:04Z
2026-08-09T05:15:34Z,2026-08-09T07:15:34+0200,72a31bd2-8518-490a-bfbe-24bda838aac9,2026-07-31T09:45:00Z,2026-07-31T11:45:00+0200,1233.69948,MW,DE,DE_LU,actual_onshore_wind_generation,Wind Onshore,2026-08-09T05:18:04Z
2026-08-09T05:15:34Z,2026-08-09T07:15:34+0200,72a31bd2-8518-490a-bfbe-24bda838aac9,2026-07-31T10:00:00Z,2026-07-31T12:00:00+0200,1399.52878,MW,DE,DE_LU,actual_onshore_wind_generation,Wind Onshore,2026-08-09T05:18:04Z
2026-08-09T05:15:34Z,2026-08-09T07:15:34+0200,72a31bd2-8518-490a-bfbe-24bda838aac9,2026-07-31T10:15:00Z,2026-07-31T12:15:00+0200,1664.98229,MW,DE,DE_LU,actual_onshore_wind_generation,Wind Onshore,2026-08-09T05:18:04Z
2026-08-09T05:15:34Z,2026-08-09T07:15:34+0200,72a31bd2-8518-490a-bfbe-24bda838aac9,2026-07-31T10:30:00Z,2026-07-31T12:30:00+0200,1916.14593,MW,DE,DE_LU,actual_onshore_wind_generation,Wind Onshore,2026-08-09T05:18:04Z
2026-08-09T05:15:34Z,2026-08-09T07:15:34+0200,72a31bd2-8518-490a-bfbe-24bda838aac9,2026-07-31T10:45:00Z,2026-07-31T12:45:00+0200,2203.54434,MW,DE,DE_LU,actual_onshore_wind_generation,Wind Onshore,2026-08-09T05:18:04Z
2026-08-09T05:15:34Z,2026-08-09T07:15:34+0200,72a31bd2-8518-490a-bfbe-24bda838aac9,2026-07-31T11:00:00Z,2026-07-31T13:00:00+0200,2590.4626,MW,DE,DE_LU,actual_onshore_wind_generation,Wind Onshore,2026-08-09T05:18:04Z
2026-08-09T05:15:34Z,2026-08-09T07:15:34+0200,72a31bd2-8518-490a-bfbe-24bda838aac9,2026-07-31T11:15:00Z,2026-07-31T13:15:00+0200,2820.48406,MW,DE,DE_LU,actual_onshore_wind_generation,Wind Onshore,2026-08-09T05:18:04Z
2026-08-09T05:15:34Z,2026-08-09T07:15:34+0200,72a31bd2-8518-490a-bfbe-24bda838aac9,2026-07-31T11:30:00Z,2026-07-31T13:30:00+0200,3069.56243,MW,DE,DE_LU,actual_onshore_wind_generation,Wind Onshore,2026-08-09T05:18:04Z
2026-08-09T05:15:34Z,2026-08-09T07:15:34+0200,72a31bd2-8518-490a-bfbe-24bda838aac9,2026-07-31T11:45:00Z,2026-07-31T13:45:00+0200,3334.05855,MW,DE,DE_LU,actual_onshore_wind_generation,Wind Onshore,2026-08-09T05:18:04Z
2026-08-09T05:15:34Z,2026-08-09T07:15:34+0200,72a31bd2-8518-490a-bfbe-24bda838aac9,2026-07-31T12:00:00Z,2026-07-31T14:00:00+0200,3715.53094,MW,DE,DE_LU,actual_onshore_wind_generation,Wind Onshore,2026-08-09T05:18:04Z
2026-08-09T05:15:34Z,2026-08-09T07:15:34+0200,72a31bd2-8518-490a-bfbe-24bda838aac9,2026-07-31T12:15:00Z,2026-07-31T14:15:00+0200,3913.82158,MW,DE,DE_LU,actual_onshore_wind_generation,Wind Onshore,2026-08-09T05:18:04Z
2026-08-09T05:15:34Z,2026-08-09T07:15:34+0200,72a31bd2-8518-490a-bfbe-24bda838aac9,2026-07-31T12:30:00Z,2026-07-31T14:30:00+0200,4277.33094,MW,DE,DE_LU,actual_onshore_wind_generation,Wind Onshore,2026-08-09T05:18:04Z
2026-08-09T05:15:34Z,2026-08-09T07:15:34+0200,72a31bd2-8518-490a-bfbe-24bda838aac9,2026-07-31T12:45:00Z,2026-07-31T14:45:00+0200,4712.9818,MW,DE,DE_LU,actual_onshore_wind_generation,Wind Onshore,2026-08-09T05:18:04Z
2026-08-09T05:15:34Z,2026-08-09T07:15:34+0200,72a31bd2-8518-490a-bfbe-24bda838aac9,2026-07-31T13:00:00Z,2026-07-31T15:00:00+0200,4944.58025,MW,DE,DE_LU,actual_onshore_wind_generation,Wind Onshore,2026-08-09T05:18:04Z
2026-08-09T05:15:34Z,2026-08-09T07:15:34+0200,72a31bd2-8518-490a-bfbe-24bda838aac9,2026-07-31T13:15:00Z,2026-07-31T15:15:00+0200,5115.6329,MW,DE,DE_LU,actual_onshore_wind_generation,Wind Onshore,2026-08-09T05:18:04Z
2026-08-09T05:15:34Z,2026-08-09T07:15:34+0200,72a31bd2-8518-490a-bfbe-24bda838aac9,2026-07-31T13:30:00Z,2026-07-31T15:30:00+0200,5036.82415,MW,DE,DE_LU,actual_onshore_wind_generation,Wind Onshore,2026-08-09T05:18:04Z
2026-08-09T05:15:34Z,2026-08-09T07:15:34+0200,72a31bd2-8518-490a-bfbe-24bda838aac9,2026-07-31T13:45:00Z,2026-07-31T15:45:00+0200,5137.78124,MW,DE,DE_LU,actual_onshore_wind_generation,Wind Onshore,2026-08-09T05:18:04Z
2026-08-09T05:15:34Z,2026-08-09T07:15:34+0200,72a31bd2-8518-490a-bfbe-24bda838aac9,2026-07-31T14:00:00Z,2026-07-31T16:00:00+0200,5048.36665,MW,DE,DE_LU,actual_onshore_wind_generation,Wind Onshore,2026-08-09T05:18:04Z
2026-08-09T05:15:34Z,2026-08-09T07:15:34+0200,72a31bd2-8518-490a-bfbe-24bda838aac9,2026-07-31T14:15:00Z,2026-07-31T16:15:00+0200,5090.83932,MW,DE,DE_LU,actual_onshore_wind_generation,Wind Onshore,2026-08-09T05:18:04Z
2026-08-09T05:15:34Z,2026-08-09T07:15:34+0200,72a31bd2-8518-490a-bfbe-24bda838aac9,2026-07-31T14:30:00Z,2026-07-31T16:30:00+0200,5352.13057,MW,DE,DE_LU,actual_onshore_wind_generation,Wind Onshore,2026-08-09T05:18:04Z
2026-08-09T05:15:34Z,2026-08-09T07:15:34+0200,72a31bd2-8518-490a-bfbe-24bda838aac9,2026-07-31T14:45:00Z,2026-07-31T16:45:00+0200,5512.94284,MW,DE,DE_LU,actual_onshore_wind_generation,Wind Onshore,2026-08-09T05:18:04Z
2026-08-09T05:15:34Z,2026-08-09T07:15:34+0200,72a31bd2-8518-490a-bfbe-24bda838aac9,2026-07-31T15:00:00Z,2026-07-31T17:00:00+0200,5679.29945,MW,DE,DE_LU,actual_onshore_wind_generation,Wind Onshore,2026-08-09T05:18:04Z
2026-08-09T05:15:34Z,2026-08-09T07:15:34+0200,72a31bd2-8518-490a-bfbe-24bda838aac9,2026-07-31T15:15:00Z,2026-07-31T17:15:00+0200,5843.16861,MW,DE,DE_LU,actual_onshore_wind_generation,Wind Onshore,2026-08-09T05:18:04Z
2026-08-09T05:15:34Z,2026-08-09T07:15:34+0200,72a31bd2-8518-490a-bfbe-24bda838aac9,2026-07-31T15:30:00Z,2026-07-31T17:30:00+0200,6045.84791,MW,DE,DE_LU,actual_onshore_wind_generation,Wind Onshore,2026-08-09T05:18:04Z
2026-08-09T05:15:34Z,2026-08-09T07:15:34+0200,72a31bd2-8518-490a-bfbe-24bda838aac9,2026-07-31T15:45:00Z,2026-07-31T17:45:00+0200,6231.13543,MW,DE,DE_LU,actual_onshore_wind_generation,Wind Onshore,2026-08-09T05:18:04Z
2026-08-09T05:15:34Z,2026-08-09T07:15:34+0200,72a31bd2-8518-490a-bfbe-24bda838aac9,2026-07-31T16:00:00Z,2026-07-31T18:00:00+0200,6317.67671,MW,DE,DE_LU,actual_onshore_wind_generation,Wind Onshore,2026-08-09T05:18:04Z
2026-08-09T05:15:34Z,2026-08-09T07:15:34+0200,72a31bd2-8518-490a-bfbe-24bda838aac9,2026-07-31T16:15:00Z,2026-07-31T18:15:00+0200,6372.1614,MW,DE,DE_LU,actual_onshore_wind_generation,Wind Onshore,2026-08-09T05:18:04Z
2026-08-09T05:15:34Z,2026-08-09T07:15:34+0200,72a31bd2-8518-490a-bfbe-24bda838aac9,2026-07-31T16:30:00Z,2026-07-31T18:30:00+0200,6437.28653,MW,DE,DE_LU,actual_onshore_wind_generation,Wind Onshore,2026-08-09T05:18:04Z
2026-08-09T05:15:34Z,2026-08-09T07:15:34+0200,72a31bd2-8518-490a-bfbe-24bda838aac9,2026-07-31T16:45:00Z,2026-07-31T18:45:00+0200,6384.50787,MW,DE,DE_LU,actual_onshore_wind_generation,Wind Onshore,2026-08-09T05:18:04Z
2026-08-09T05:15:34Z,2026-08-09T07:15:34+0200,72a31bd2-8518-490a-bfbe-24bda838aac9,2026-07-31T17:00:00Z,2026-07-31T19:00:00+0200,6353.175,MW,DE,DE_LU,actual_onshore_wind_generation,Wind Onshore,2026-08-09T05:18:04Z
2026-08-09T05:15:34Z,2026-08-09T07:15:34+0200,72a31bd2-8518-490a-bfbe-24bda838aac9,2026-07-31T17:15:00Z,2026-07-31T19:15:00+0200,6456.77986,MW,DE,DE_LU,actual_onshore_wind_generation,Wind Onshore,2026-08-09T05:18:04Z
2026-08-09T05:15:34Z,2026-08-09T07:15:34+0200,72a31bd2-8518-490a-bfbe-24bda838aac9,2026-07-31T17:30:00Z,2026-07-31T19:30:00+0200,6542.09374,MW,DE,DE_LU,actual_onshore_wind_generation,Wind Onshore,2026-08-09T05:18:04Z
2026-08-09T05:15:34Z,2026-08-09T07:15:34+0200,72a31bd2-8518-490a-bfbe-24bda838aac9,2026-07-31T17:45:00Z,2026-07-31T19:45:00+0200,6713.56197,MW,DE,DE_LU,actual_onshore_wind_generation,Wind Onshore,2026-08-09T05:18:04Z
2026-08-09T05:15:34Z,2026-08-09T07:15:34+0200,72a31bd2-8518-490a-bfbe-24bda838aac9,2026-07-31T18:00:00Z,2026-07-31T20:00:00+0200,6634.50696,MW,DE,DE_LU,actual_onshore_wind_generation,Wind Onshore,2026-08-09T05:18:04Z
2026-08-09T05:15:34Z,2026-08-09T07:15:34+0200,72a31bd2-8518-490a-bfbe-24bda838aac9,2026-07-31T18:15:00Z,2026-07-31T20:15:00+0200,6421.68231,MW,DE,DE_LU,actual_onshore_wind_generation,Wind Onshore,2026-08-09T05:18:04Z
2026-08-09T05:15:34Z,2026-08-09T07:15:34+0200,72a31bd2-8518-490a-bfbe-24bda838aac9,2026-07-31T18:30:00Z,2026-07-31T20:30:00+0200,6297.03743,MW,DE,DE_LU,actual_onshore_wind_generation,Wind Onshore,2026-08-09T05:18:04Z
2026-08-09T05:15:34Z,2026-08-09T07:15:34+0200,72a31bd2-8518-490a-bfbe-24bda838aac9,2026-07-31T18:45:00Z,2026-07-31T20:45:00+0200,6260.08619,MW,DE,DE_LU,actual_onshore_wind_generation,Wind Onshore,2026-08-09T05:18:04Z
2026-08-09T05:15:34Z,2026-08-09T07:15:34+0200,72a31bd2-8518-490a-bfbe-24bda838aac9,2026-07-31T19:00:00Z,2026-07-31T21:00:00+0200,6043.8975,MW,DE,DE_LU,actual_onshore_wind_generation,Wind Onshore,2026-08-09T05:18:04Z
2026-08-09T05:15:34Z,2026-08-09T07:15:34+0200,72a31bd2-8518-490a-bfbe-24bda838aac9,2026-07-31T19:15:00Z,2026-07-31T21:15:00+0200,5376.46791,MW,DE,DE_LU,actual_onshore_wind_generation,Wind Onshore,2026-08-09T05:18:04Z
2026-08-09T05:15:34Z,2026-08-09T07:15:34+0200,72a31bd2-8518-490a-bfbe-24bda838aac9,2026-07-31T19:30:00Z,2026-07-31T21:30:00+0200,4884.64608,MW,DE,DE_LU,actual_onshore_wind_generation,Wind Onshore,2026-08-09T05:18:04Z
2026-08-09T05:15:34Z,2026-08-09T07:15:34+0200,72a31bd2-8518-490a-bfbe-24bda838aac9,2026-07-31T19:45:00Z,2026-07-31T21:45:00+0200,4734.6442,MW,DE,DE_LU,actual_onshore_wind_generation,Wind Onshore,2026-08-09T05:18:04Z
2026-08-09T05:15:34Z,2026-08-09T07:15:34+0200,72a31bd2-8518-490a-bfbe-24bda838aac9,2026-07-31T20:00:00Z,2026-07-31T22:00:00+0200,4371.02358,MW,DE,DE_LU,actual_onshore_wind_generation,Wind Onshore,2026-08-09T05:18:04Z
2026-08-09T05:15:34Z,2026-08-09T07:15:34+0200,72a31bd2-8518-490a-bfbe-24bda838aac9,2026-07-31T20:15:00Z,2026-07-31T22:15:00+0200,4256.29538,MW,DE,DE_LU,actual_onshore_wind_generation,Wind Onshore,2026-08-09T05:18:04Z
2026-08-09T05:15:34Z,2026-08-09T07:15:34+0200,72a31bd2-8518-490a-bfbe-24bda838aac9,2026-07-31T20:30:00Z,2026-07-31T22:30:00+0200,4346.98659,MW,DE,DE_LU,actual_onshore_wind_generation,Wind Onshore,2026-08-09T05:18:04Z
2026-08-09T05:15:34Z,2026-08-09T07:15:34+0200,72a31bd2-8518-490a-bfbe-24bda838aac9,2026-07-31T20:45:00Z,2026-07-31T22:45:00+0200,4430.42628,MW,DE,DE_LU,actual_onshore_wind_generation,Wind Onshore,2026-08-09T05:18:04Z
2026-08-09T05:15:34Z,2026-08-09T07:15:34+0200,72a31bd2-8518-490a-bfbe-24bda838aac9,2026-07-31T21:00:00Z,2026-07-31T23:00:00+0200,4823.48542,MW,DE,DE_LU,actual_onshore_wind_generation,Wind Onshore,2026-08-09T05:18:04Z
2026-08-09T05:15:34Z,2026-08-09T07:15:34+0200,72a31bd2-8518-490a-bfbe-24bda838aac9,2026-07-31T21:15:00Z,2026-07-31T23:15:00+0200,4904.79389,MW,DE,DE_LU,actual_onshore_wind_generation,Wind Onshore,2026-08-09T05:18:04Z
2026-08-09T05:15:34Z,2026-08-09T07:15:34+0200,72a31bd2-8518-490a-bfbe-24bda838aac9,2026-07-31T21:30:00Z,2026-07-31T23:30:00+0200,4632.2499,MW,DE,DE_LU,actual_onshore_wind_generation,Wind Onshore,2026-08-09T05:18:04Z
2026-08-09T05:15:34Z,2026-08-09T07:15:34+0200,72a31bd2-8518-490a-bfbe-24bda838aac9,2026-07-31T21:45:00Z,2026-07-31T23:45:00+0200,4592.06115,MW,DE,DE_LU,actual_onshore_wind_generation,Wind Onshore,2026-08-09T05:18:04Z
2026-08-09T05:15:34Z,2026-08-09T07:15:34+0200,72a31bd2-8518-490a-bfbe-24bda838aac9,2026-07-31T22:00:00Z,2026-08-01T00:00:00+0200,4355.09309,MW,DE,DE_LU,actual_onshore_wind_generation,Wind Onshore,2026-08-09T05:18:04Z
2026-08-09T05:15:34Z,2026-08-09T07:15:34+0200,72a31bd2-8518-490a-bfbe-24bda838aac9,2026-07-31T22:15:00Z,2026-08-01T00:15:00+0200,4242.43724,MW,DE,DE_LU,actual_onshore_wind_generation,Wind Onshore,2026-08-09T05:18:04Z
2026-08-09T05:15:34Z,2026-08-09T07:15:34+0200,72a31bd2-8518-490a-bfbe-24bda838aac9,2026-07-31T22:30:00Z,2026-08-01T00:30:00+0200,4008.79568,MW,DE,DE_LU,actual_onshore_wind_generation,Wind Onshore,2026-08-09T05:18:04Z
2026-08-09T05:15:34Z,2026-08-09T07:15:34+0200,72a31bd2-8518-490a-bfbe-24bda838aac9,2026-07-31T22:45:00Z,2026-08-01T00:45:00+0200,3979.28568,MW,DE,DE_LU,actual_onshore_wind_generation,Wind Onshore,2026-08-09T05:18:04Z
2026-08-09T05:15:34Z,2026-08-09T07:15:34+0200,72a31bd2-8518-490a-bfbe-24bda838aac9,2026-07-31T23:00:00Z,2026-08-01T01:00:00+0200,4127.09229,MW,DE,DE_LU,actual_onshore_wind_generation,Wind Onshore,2026-08-09T05:18:04Z
2026-08-09T05:15:34Z,2026-08-09T07:15:34+0200,72a31bd2-8518-490a-bfbe-24bda838aac9,2026-07-31T23:15:00Z,2026-08-01T01:15:00+0200,4615.74016,MW,DE,DE_LU,actual_onshore_wind_generation,Wind Onshore,2026-08-09T05:18:04Z
2026-08-09T05:15:34Z,2026-08-09T07:15:34+0200,72a31bd2-8518-490a-bfbe-24bda838aac9,2026-07-31T23:30:00Z,2026-08-01T01:30:00+0200,5016.38102,MW,DE,DE_LU,actual_onshore_wind_generation,Wind Onshore,2026-08-09T05:18:04Z
2026-08-09T05:15:34Z,2026-08-09T07:15:34+0200,72a31bd2-8518-490a-bfbe-24bda838aac9,2026-07-31T23:45:00Z,2026-08-01T01:45:00+0200,5221.15307,MW,DE,DE_LU,actual_onshore_wind_generation,Wind Onshore,2026-08-09T05:18:04Z
2026-08-09T05:15:34Z,2026-08-09T07:15:34+0200,72a31bd2-8518-490a-bfbe-24bda838aac9,2026-08-01T00:00:00Z,2026-08-01T02:00:00+0200,5290.06843,MW,DE,DE_LU,actual_onshore_wind_generation,Wind Onshore,2026-08-09T05:18:04Z
2026-08-09T05:15:34Z,2026-08-09T07:15:34+0200,72a31bd2-8518-490a-bfbe-24bda838aac9,2026-08-01T00:15:00Z,2026-08-01T02:15:00+0200,5316.00148,MW,DE,DE_LU,actual_onshore_wind_generation,Wind Onshore,2026-08-09T05:18:04Z
2026-08-09T05:15:34Z,2026-08-09T07:15:34+0200,72a31bd2-8518-490a-bfbe-24bda838aac9,2026-08-01T00:30:00Z,2026-08-01T02:30:00+0200,5282.87364,MW,DE,DE_LU,actual_onshore_wind_generation,Wind Onshore,2026-08-09T05:18:04Z
2026-08-09T05:15:34Z,2026-08-09T07:15:34+0200,72a31bd2-8518-490a-bfbe-24bda838aac9,2026-08-01T00:45:00Z,2026-08-01T02:45:00+0200,5261.07698,MW,DE,DE_LU,actual_onshore_wind_generation,Wind Onshore,2026-08-09T05:18:04Z
2026-08-09T05:15:34Z,2026-08-09T07:15:34+0200,72a31bd2-8518-490a-bfbe-24bda838aac9,2026-08-01T01:00:00Z,2026-08-01T03:00:00+0200,5268.10432,MW,DE,DE_LU,actual_onshore_wind_generation,Wind Onshore,2026-08-09T05:18:04Z
2026-08-09T05:15:34Z,2026-08-09T07:15:34+0200,72a31bd2-8518-490a-bfbe-24bda838aac9,2026-08-01T01:15:00Z,2026-08-01T03:15:00+0200,5469.7719,MW,DE,DE_LU,actual_onshore_wind_generation,Wind Onshore,2026-08-09T05:18:04Z
2026-08-09T05:15:34Z,2026-08-09T07:15:34+0200,72a31bd2-8518-490a-bfbe-24bda838aac9,2026-08-01T01:30:00Z,2026-08-01T03:30:00+0200,5520.60902,MW,DE,DE_LU,actual_onshore_wind_generation,Wind Onshore,2026-08-09T05:18:04Z
2026-08-09T05:15:34Z,2026-08-09T07:15:34+0200,72a31bd2-8518-490a-bfbe-24bda838aac9,2026-08-01T01:45:00Z,2026-08-01T03:45:00+0200,5564.13076,MW,DE,DE_LU,actual_onshore_wind_generation,Wind Onshore,2026-08-09T05:18:04Z
2026-08-09T05:15:34Z,2026-08-09T07:15:34+0200,72a31bd2-8518-490a-bfbe-24bda838aac9,2026-08-01T02:00:00Z,2026-08-01T04:00:00+0200,5771.06036,MW,DE,DE_LU,actual_onshore_wind_generation,Wind Onshore,2026-08-09T05:18:04Z
2026-08-09T05:15:34Z,2026-08-09T07:15:34+0200,72a31bd2-8518-490a-bfbe-24bda838aac9,2026-08-01T02:15:00Z,2026-08-01T04:15:00+0200,6014.09086,MW,DE,DE_LU,actual_onshore_wind_generation,Wind Onshore,2026-08-09T05:18:04Z
2026-08-09T05:15:34Z,2026-08-09T07:15:34+0200,72a31bd2-8518-490a-bfbe-24bda838aac9,2026-08-01T02:30:00Z,2026-08-01T04:30:00+0200,6151.50696,MW,DE,DE_LU,actual_onshore_wind_generation,Wind Onshore,2026-08-09T05:18:04Z
2026-08-09T05:15:34Z,2026-08-09T07:15:34+0200,72a31bd2-8518-490a-bfbe-24bda838aac9,2026-08-01T02:45:00Z,2026-08-01T04:45:00+0200,6260.64696,MW,DE,DE_LU,actual_onshore_wind_generation,Wind Onshore,2026-08-09T05:18:04Z
2026-08-09T05:15:34Z,2026-08-09T07:15:34+0200,72a31bd2-8518-490a-bfbe-24bda838aac9,2026-08-01T03:00:00Z,2026-08-01T05:00:00+0200,6440.19382,MW,DE,DE_LU,actual_onshore_wind_generation,Wind Onshore,2026-08-09T05:18:04Z
2026-08-09T05:15:34Z,2026-08-09T07:15:34+0200,72a31bd2-8518-490a-bfbe-24bda838aac9,2026-08-01T03:15:00Z,2026-08-01T05:15:00+0200,6477.20336,MW,DE,DE_LU,actual_onshore_wind_generation,Wind Onshore,2026-08-09T05:18:04Z
2026-08-09T05:15:34Z,2026-08-09T07:15:34+0200,72a31bd2-8518-490a-bfbe-24bda838aac9,2026-08-01T03:30:00Z,2026-08-01T05:30:00+0200,6493.46672,MW,DE,DE_LU,actual_onshore_wind_generation,Wind Onshore,2026-08-09T05:18:04Z
2026-08-09T05:15:34Z,2026-08-09T07:15:34+0200,72a31bd2-8518-490a-bfbe-24bda838aac9,2026-08-01T03:45:00Z,2026-08-01T05:45:00+0200,6812.24843,MW,DE,DE_LU,actual_onshore_wind_generation,Wind Onshore,2026-08-09T05:18:04Z
2026-08-09T05:15:34Z,2026-08-09T07:15:34+0200,72a31bd2-8518-490a-bfbe-24bda838aac9,2026-08-01T04:00:00Z,2026-08-01T06:00:00+0200,6757.52741,MW,DE,DE_LU,actual_onshore_wind_generation,Wind Onshore,2026-08-09T05:18:04Z
2026-08-09T05:15:34Z,2026-08-09T07:15:34+0200,72a31bd2-8518-490a-bfbe-24bda838aac9,2026-08-01T04:15:00Z,2026-08-01T06:15:00+0200,6408.86369,MW,DE,DE_LU,actual_onshore_wind_generation,Wind Onshore,2026-08-09T05:18:04Z
2026-08-09T05:15:34Z,2026-08-09T07:15:34+0200,72a31bd2-8518-490a-bfbe-24bda838aac9,2026-08-01T04:30:00Z,2026-08-01T06:30:00+0200,6354.56336,MW,DE,DE_LU,actual_onshore_wind_generation,Wind Onshore,2026-08-09T05:18:04Z
2026-08-09T05:15:34Z,2026-08-09T07:15:34+0200,72a31bd2-8518-490a-bfbe-24bda838aac9,2026-08-01T04:45:00Z,2026-08-01T06:45:00+0200,6127.70221,MW,DE,DE_LU,actual_onshore_wind_generation,Wind Onshore,2026-08-09T05:18:04Z
2026-08-09T05:15:34Z,2026-08-09T07:15:34+0200,72a31bd2-8518-490a-bfbe-24bda838aac9,2026-08-01T05:00:00Z,2026-08-01T07:00:00+0200,5746.52581,MW,DE,DE_LU,actual_onshore_wind_generation,Wind Onshore,2026-08-09T05:18:04Z
2026-08-09T05:15:34Z,2026-08-09T07:15:34+0200,72a31bd2-8518-490a-bfbe-24bda838aac9,2026-08-01T05:15:00Z,2026-08-01T07:15:00+0200,5234.96427,MW,DE,DE_LU,actual_onshore_wind_generation,Wind Onshore,2026-08-09T05:18:04Z
2026-08-09T05:15:34Z,2026-08-09T07:15:34+0200,72a31bd2-8518-490a-bfbe-24bda838aac9,2026-08-01T05:30:00Z,2026-08-01T07:30:00+0200,4681.9861,MW,DE,DE_LU,actual_onshore_wind_generation,Wind Onshore,2026-08-09T05:18:04Z
2026-08-09T05:15:34Z,2026-08-09T07:15:34+0200,72a31bd2-8518-490a-bfbe-24bda838aac9,2026-08-01T05:45:00Z,2026-08-01T07:45:00+0200,4493.32124,MW,DE,DE_LU,actual_onshore_wind_generation,Wind Onshore,2026-08-09T05:18:04Z
2026-08-09T05:15:34Z,2026-08-09T07:15:34+0200,72a31bd2-8518-490a-bfbe-24bda838aac9,2026-08-01T06:00:00Z,2026-08-01T08:00:00+0200,4154.53668,MW,DE,DE_LU,actual_onshore_wind_generation,Wind Onshore,2026-08-09T05:18:04Z
2026-08-09T05:15:34Z,2026-08-09T07:15:34+0200,72a31bd2-8518-490a-bfbe-24bda838aac9,2026-08-01T06:15:00Z,2026-08-01T08:15:00+0200,3897.88726,MW,DE,DE_LU,actual_onshore_wind_generation,Wind Onshore,2026-08-09T05:18:04Z
2026-08-09T05:15:34Z,2026-08-09T07:15:34+0200,72a31bd2-8518-490a-bfbe-24bda838aac9,2026-08-01T06:30:00Z,2026-08-01T08:30:00+0200,3909.41405,MW,DE,DE_LU,actual_onshore_wind_generation,Wind Onshore,2026-08-09T05:18:04Z
2026-08-09T05:15:34Z,2026-08-09T07:15:34+0200,72a31bd2-8518-490a-bfbe-24bda838aac9,2026-08-01T06:45:00Z,2026-08-01T08:45:00+0200,3745.14404,MW,DE,DE_LU,actual_onshore_wind_generation,Wind Onshore,2026-08-09T05:18:04Z
2026-08-09T05:15:34Z,2026-08-09T07:15:34+0200,72a31bd2-8518-490a-bfbe-24bda838aac9,2026-08-01T07:00:00Z,2026-08-01T09:00:00+0200,3483.44772,MW,DE,DE_LU,actual_onshore_wind_generation,Wind Onshore,2026-08-09T05:18:04Z
2026-08-09T05:15:34Z,2026-08-09T07:15:34+0200,72a31bd2-8518-490a-bfbe-24bda838aac9,2026-08-01T07:15:00Z,2026-08-01T09:15:00+0200,3381.80702,MW,DE,DE_LU,actual_onshore_wind_generation,Wind Onshore,2026-08-09T05:18:04Z
2026-08-09T05:15:34Z,2026-08-09T07:15:34+0200,72a31bd2-8518-490a-bfbe-24bda838aac9,2026-08-01T07:30:00Z,2026-08-01T09:30:00+0200,3300.54083,MW,DE,DE_LU,actual_onshore_wind_generation,Wind Onshore,2026-08-09T05:18:04Z
2026-08-09T05:15:34Z,2026-08-09T07:15:34+0200,72a31bd2-8518-490a-bfbe-24bda838aac9,2026-08-01T07:45:00Z,2026-08-01T09:45:00+0200,3309.74145,MW,DE,DE_LU,actual_onshore_wind_generation,Wind Onshore,2026-08-09T05:18:04Z
2026-08-09T05:15:34Z,2026-08-09T07:15:34+0200,72a31bd2-8518-490a-bfbe-24bda838aac9,2026-08-01T08:00:00Z,2026-08-01T10:00:00+0200,3395.70205,MW,DE,DE_LU,actual_onshore_wind_generation,Wind Onshore,2026-08-09T05:18:04Z
2026-08-09T05:15:34Z,2026-08-09T07:15:34+0200,72a31bd2-8518-490a-bfbe-24bda838aac9,2026-08-01T08:15:00Z,2026-08-01T10:15:00+0200,3463.57667,MW,DE,DE_LU,actual_onshore_wind_generation,Wind Onshore,2026-08-09T05:18:04Z
2026-08-09T05:15:34Z,2026-08-09T07:15:34+0200,72a31bd2-8518-490a-bfbe-24bda838aac9,2026-08-01T08:30:00Z,2026-08-01T10:30:00+0200,3503.89424,MW,DE,DE_LU,actual_onshore_wind_generation,Wind Onshore,2026-08-09T05:18:04Z
2026-08-09T05:15:34Z,2026-08-09T07:15:34+0200,72a31bd2-8518-490a-bfbe-24bda838aac9,2026-08-01T08:45:00Z,2026-08-01T10:45:00+0200,3520.81261,MW,DE,DE_LU,actual_onshore_wind_generation,Wind Onshore,2026-08-09T05:18:04Z
2026-08-09T05:15:34Z,2026-08-09T07:15:34+0200,72a31bd2-8518-490a-bfbe-24bda838aac9,2026-08-01T09:00:00Z,2026-08-01T11:00:00+0200,3621.86389,MW,DE,DE_LU,actual_onshore_wind_generation,Wind Onshore,2026-08-09T05:18:04Z
2026-08-09T05:15:34Z,2026-08-09T07:15:34+0200,72a31bd2-8518-490a-bfbe-24bda838aac9,2026-08-01T09:15:00Z,2026-08-01T11:15:00+0200,3671.1132,MW,DE,DE_LU,actual_onshore_wind_generation,Wind Onshore,2026-08-09T05:18:04Z
2026-08-09T05:15:34Z,2026-08-09T07:15:34+0200,72a31bd2-8518-490a-bfbe-24bda838aac9,2026-08-01T09:30:00Z,2026-08-01T11:30:00+0200,3676.5655,MW,DE,DE_LU,actual_onshore_wind_generation,Wind Onshore,2026-08-09T05:18:04Z
2026-08-09T05:15:34Z,2026-08-09T07:15:34+0200,72a31bd2-8518-490a-bfbe-24bda838aac9,2026-08-01T09:45:00Z,2026-08-01T11:45:00+0200,3689.91729,MW,DE,DE_LU,actual_onshore_wind_generation,Wind Onshore,2026-08-09T05:18:04Z
2026-08-09T05:15:34Z,2026-08-09T07:15:34+0200,72a31bd2-8518-490a-bfbe-24bda838aac9,2026-08-01T10:00:00Z,2026-08-01T12:00:00+0200,3582.47211,MW,DE,DE_LU,actual_onshore_wind_generation,Wind Onshore,2026-08-09T05:18:04Z
2026-08-09T05:15:34Z,2026-08-09T07:15:34+0200,72a31bd2-8518-490a-bfbe-24bda838aac9,2026-08-01T10:15:00Z,2026-08-01T12:15:00+0200,3703.25756,MW,DE,DE_LU,actual_onshore_wind_generation,Wind Onshore,2026-08-09T05:18:04Z
2026-08-09T05:15:34Z,2026-08-09T07:15:34+0200,72a31bd2-8518-490a-bfbe-24bda838aac9,2026-08-01T10:30:00Z,2026-08-01T12:30:00+0200,3787.85303,MW,DE,DE_LU,actual_onshore_wind_generation,Wind Onshore,2026-08-09T05:18:04Z
2026-08-09T05:15:34Z,2026-08-09T07:15:34+0200,72a31bd2-8518-490a-bfbe-24bda838aac9,2026-08-01T10:45:00Z,2026-08-01T12:45:00+0200,3818.80087,MW,DE,DE_LU,actual_onshore_wind_generation,Wind Onshore,2026-08-09T05:18:04Z
2026-08-09T05:15:34Z,2026-08-09T07:15:34+0200,72a31bd2-8518-490a-bfbe-24bda838aac9,2026-08-01T11:00:00Z,2026-08-01T13:00:00+0200,3945.40437,MW,DE,DE_LU,actual_onshore_wind_generation,Wind Onshore,2026-08-09T05:18:04Z
2026-08-09T05:15:34Z,2026-08-09T07:15:34+0200,72a31bd2-8518-490a-bfbe-24bda838aac9,2026-08-01T11:15:00Z,2026-08-01T13:15:00+0200,4130.50581,MW,DE,DE_LU,actual_onshore_wind_generation,Wind Onshore,2026-08-09T05:18:04Z
2026-08-09T05:15:34Z,2026-08-09T07:15:34+0200,72a31bd2-8518-490a-bfbe-24bda838aac9,2026-08-01T11:30:00Z,2026-08-01T13:30:00+0200,4364.23037,MW,DE,DE_LU,actual_onshore_wind_generation,Wind Onshore,2026-08-09T05:18:04Z
2026-08-09T05:15:34Z,2026-08-09T07:15:34+0200,72a31bd2-8518-490a-bfbe-24bda838aac9,2026-08-01T11:45:00Z,2026-08-01T13:45:00+0200,4549.97084,MW,DE,DE_LU,actual_onshore_wind_generation,Wind Onshore,2026-08-09T05:18:04Z
2026-08-09T05:15:34Z,2026-08-09T07:15:34+0200,72a31bd2-8518-490a-bfbe-24bda838aac9,2026-08-01T12:00:00Z,2026-08-01T14:00:00+0200,4538.57121,MW,DE,DE_LU,actual_onshore_wind_generation,Wind Onshore,2026-08-09T05:18:04Z
2026-08-09T05:15:34Z,2026-08-09T07:15:34+0200,72a31bd2-8518-490a-bfbe-24bda838aac9,2026-08-01T12:15:00Z,2026-08-01T14:15:00+0200,4555.61978,MW,DE,DE_LU,actual_onshore_wind_generation,Wind Onshore,2026-08-09T05:18:04Z
2026-08-09T05:15:34Z,2026-08-09T07:15:34+0200,72a31bd2-8518-490a-bfbe-24bda838aac9,2026-08-01T12:30:00Z,2026-08-01T14:30:00+0200,4725.5529,MW,DE,DE_LU,actual_onshore_wind_generation,Wind Onshore,2026-08-09T05:18:04Z
2026-08-09T05:15:34Z,2026-08-09T07:15:34+0200,72a31bd2-8518-490a-bfbe-24bda838aac9,2026-08-01T12:45:00Z,2026-08-01T14:45:00+0200,4733.79426,MW,DE,DE_LU,actual_onshore_wind_generation,Wind Onshore,2026-08-09T05:18:04Z
2026-08-09T05:15:34Z,2026-08-09T07:15:34+0200,72a31bd2-8518-490a-bfbe-24bda838aac9,2026-08-01T13:00:00Z,2026-08-01T15:00:00+0200,4417.16182,MW,DE,DE_LU,actual_onshore_wind_generation,Wind Onshore,2026-08-09T05:18:04Z
2026-08-09T05:15:34Z,2026-08-09T07:15:34+0200,72a31bd2-8518-490a-bfbe-24bda838aac9,2026-08-01T13:15:00Z,2026-08-01T15:15:00+0200,4544.66015,MW,DE,DE_LU,actual_onshore_wind_generation,Wind Onshore,2026-08-09T05:18:04Z
2026-08-09T05:15:34Z,2026-08-09T07:15:34+0200,72a31bd2-8518-490a-bfbe-24bda838aac9,2026-08-01T13:30:00Z,2026-08-01T15:30:00+0200,4567.42321,MW,DE,DE_LU,actual_onshore_wind_generation,Wind Onshore,2026-08-09T05:18:04Z
2026-08-09T05:15:34Z,2026-08-09T07:15:34+0200,72a31bd2-8518-490a-bfbe-24bda838aac9,2026-08-01T13:45:00Z,2026-08-01T15:45:00+0200,4826.86677,MW,DE,DE_LU,actual_onshore_wind_generation,Wind Onshore,2026-08-09T05:18:04Z
2026-08-09T05:15:34Z,2026-08-09T07:15:34+0200,72a31bd2-8518-490a-bfbe-24bda838aac9,2026-08-01T14:00:00Z,2026-08-01T16:00:00+0200,4781.50724,MW,DE,DE_LU,actual_onshore_wind_generation,Wind Onshore,2026-08-09T05:18:04Z
2026-08-09T05:15:34Z,2026-08-09T07:15:34+0200,72a31bd2-8518-490a-bfbe-24bda838aac9,2026-08-01T14:15:00Z,2026-08-01T16:15:00+0200,4911.75916,MW,DE,DE_LU,actual_onshore_wind_generation,Wind Onshore,2026-08-09T05:18:04Z
2026-08-09T05:15:34Z,2026-08-09T07:15:34+0200,72a31bd2-8518-490a-bfbe-24bda838aac9,2026-08-01T14:30:00Z,2026-08-01T16:30:00+0200,4982.41572,MW,DE,DE_LU,actual_onshore_wind_generation,Wind Onshore,2026-08-09T05:18:04Z
2026-08-09T05:15:34Z,2026-08-09T07:15:34+0200,72a31bd2-8518-490a-bfbe-24bda838aac9,2026-08-01T14:45:00Z,2026-08-01T16:45:00+0200,4773.56678,MW,DE,DE_LU,actual_onshore_wind_generation,Wind Onshore,2026-08-09T05:18:04Z
2026-08-09T05:15:34Z,2026-08-09T07:15:34+0200,72a31bd2-8518-490a-bfbe-24bda838aac9,2026-08-01T15:00:00Z,2026-08-01T17:00:00+0200,4517.48274,MW,DE,DE_LU,actual_onshore_wind_generation,Wind Onshore,2026-08-09T05:18:04Z
2026-08-09T05:15:34Z,2026-08-09T07:15:34+0200,72a31bd2-8518-490a-bfbe-24bda838aac9,2026-08-01T15:15:00Z,2026-08-01T17:15:00+0200,4485.88907,MW,DE,DE_LU,actual_onshore_wind_generation,Wind Onshore,2026-08-09T05:18:04Z
2026-08-09T05:15:34Z,2026-08-09T07:15:34+0200,72a31bd2-8518-490a-bfbe-24bda838aac9,2026-08-01T15:30:00Z,2026-08-01T17:30:00+0200,4416.20432,MW,DE,DE_LU,actual_onshore_wind_generation,Wind Onshore,2026-08-09T05:18:04Z
2026-08-09T05:15:34Z,2026-08-09T07:15:34+0200,72a31bd2-8518-490a-bfbe-24bda838aac9,2026-08-01T15:45:00Z,2026-08-01T17:45:00+0200,4347.5659,MW,DE,DE_LU,actual_onshore_wind_generation,Wind Onshore,2026-08-09T05:18:04Z
2026-08-09T05:15:34Z,2026-08-09T07:15:34+0200,72a31bd2-8518-490a-bfbe-24bda838aac9,2026-08-01T16:00:00Z,2026-08-01T18:00:00+0200,4272.48201,MW,DE,DE_LU,actual_onshore_wind_generation,Wind Onshore,2026-08-09T05:18:04Z
2026-08-09T05:15:34Z,2026-08-09T07:15:34+0200,72a31bd2-8518-490a-bfbe-24bda838aac9,2026-08-01T16:15:00Z,2026-08-01T18:15:00+0200,4084.30201,MW,DE,DE_LU,actual_onshore_wind_generation,Wind Onshore,2026-08-09T05:18:04Z
2026-08-09T05:15:34Z,2026-08-09T07:15:34+0200,72a31bd2-8518-490a-bfbe-24bda838aac9,2026-08-01T16:30:00Z,2026-08-01T18:30:00+0200,3963.06509,MW,DE,DE_LU,actual_onshore_wind_generation,Wind Onshore,2026-08-09T05:18:04Z
2026-08-09T05:15:34Z,2026-08-09T07:15:34+0200,72a31bd2-8518-490a-bfbe-24bda838aac9,2026-08-01T16:45:00Z,2026-08-01T18:45:00+0200,3830.47938,MW,DE,DE_LU,actual_onshore_wind_generation,Wind Onshore,2026-08-09T05:18:04Z
2026-08-09T05:15:34Z,2026-08-09T07:15:34+0200,72a31bd2-8518-490a-bfbe-24bda838aac9,2026-08-01T17:00:00Z,2026-08-01T19:00:00+0200,3727.56776,MW,DE,DE_LU,actual_onshore_wind_generation,Wind Onshore,2026-08-09T05:18:04Z
2026-08-09T05:15:34Z,2026-08-09T07:15:34+0200,72a31bd2-8518-490a-bfbe-24bda838aac9,2026-08-01T17:15:00Z,2026-08-01T19:15:00+0200,3530.23997,MW,DE,DE_LU,actual_onshore_wind_generation,Wind Onshore,2026-08-09T05:18:04Z
2026-08-09T05:15:34Z,2026-08-09T07:15:34+0200,72a31bd2-8518-490a-bfbe-24bda838aac9,2026-08-01T17:30:00Z,2026-08-01T19:30:00+0200,3480.80698,MW,DE,DE_LU,actual_onshore_wind_generation,Wind Onshore,2026-08-09T05:18:04Z
2026-08-09T05:15:34Z,2026-08-09T07:15:34+0200,72a31bd2-8518-490a-bfbe-24bda838aac9,2026-08-01T17:45:00Z,2026-08-01T19:45:00+0200,3402.20877,MW,DE,DE_LU,actual_onshore_wind_generation,Wind Onshore,2026-08-09T05:18:04Z
2026-08-09T05:15:34Z,2026-08-09T07:15:34+0200,72a31bd2-8518-490a-bfbe-24bda838aac9,2026-08-01T18:00:00Z,2026-08-01T20:00:00+0200,3256.94325,MW,DE,DE_LU,actual_onshore_wind_generation,Wind Onshore,2026-08-09T05:18:04Z
2026-08-09T05:15:34Z,2026-08-09T07:15:34+0200,72a31bd2-8518-490a-bfbe-24bda838aac9,2026-08-01T18:15:00Z,2026-08-01T20:15:00+0200,2980.28643,MW,DE,DE_LU,actual_onshore_wind_generation,Wind Onshore,2026-08-09T05:18:04Z
2026-08-09T05:15:34Z,2026-08-09T07:15:34+0200,72a31bd2-8518-490a-bfbe-24bda838aac9,2026-08-01T18:30:00Z,2026-08-01T20:30:00+0200,2913.29059,MW,DE,DE_LU,actual_onshore_wind_generation,Wind Onshore,2026-08-09T05:18:04Z
2026-08-09T05:15:34Z,2026-08-09T07:15:34+0200,72a31bd2-8518-490a-bfbe-24bda838aac9,2026-08-01T18:45:00Z,2026-08-01T20:45:00+0200,3032.57675,MW,DE,DE_LU,actual_onshore_wind_generation,Wind Onshore,2026-08-09T05:18:04Z
2026-08-09T05:15:34Z,2026-08-09T07:15:34+0200,72a31bd2-8518-490a-bfbe-24bda838aac9,2026-08-01T19:00:00Z,2026-08-01T21:00:00+0200,3046.62696,MW,DE,DE_LU,actual_onshore_wind_generation,Wind Onshore,2026-08-09T05:18:04Z
2026-08-09T05:15:34Z,2026-08-09T07:15:34+0200,72a31bd2-8518-490a-bfbe-24bda838aac9,2026-08-01T19:15:00Z,2026-08-01T21:15:00+0200,3014.34973,MW,DE,DE_LU,actual_onshore_wind_generation,Wind Onshore,2026-08-09T05:18:04Z
2026-08-09T05:15:34Z,2026-08-09T07:15:34+0200,72a31bd2-8518-490a-bfbe-24bda838aac9,2026-08-01T19:30:00Z,2026-08-01T21:30:00+0200,3145.0034,MW,DE,DE_LU,actual_onshore_wind_generation,Wind Onshore,2026-08-09T05:18:04Z
2026-08-09T05:15:34Z,2026-08-09T07:15:34+0200,72a31bd2-8518-490a-bfbe-24bda838aac9,2026-08-01T19:45:00Z,2026-08-01T21:45:00+0200,3318.921,MW,DE,DE_LU,actual_onshore_wind_generation,Wind Onshore,2026-08-09T05:18:04Z
2026-08-09T05:15:34Z,2026-08-09T07:15:34+0200,72a31bd2-8518-490a-bfbe-24bda838aac9,2026-08-01T20:00:00Z,2026-08-01T22:00:00+0200,3379.95705,MW,DE,DE_LU,actual_onshore_wind_generation,Wind Onshore,2026-08-09T05:18:04Z
2026-08-09T05:15:34Z,2026-08-09T07:15:34+0200,72a31bd2-8518-490a-bfbe-24bda838aac9,2026-08-01T20:15:00Z,2026-08-01T22:15:00+0200,3590.04443,MW,DE,DE_LU,actual_onshore_wind_generation,Wind Onshore,2026-08-09T05:18:04Z
2026-08-09T05:15:34Z,2026-08-09T07:15:34+0200,72a31bd2-8518-490a-bfbe-24bda838aac9,2026-08-01T20:30:00Z,2026-08-01T22:30:00+0200,3767.19326,MW,DE,DE_LU,actual_onshore_wind_generation,Wind Onshore,2026-08-09T05:18:04Z
2026-08-09T05:15:34Z,2026-08-09T07:15:34+0200,72a31bd2-8518-490a-bfbe-24bda838aac9,2026-08-01T20:45:00Z,2026-08-01T22:45:00+0200,3950.94851,MW,DE,DE_LU,actual_onshore_wind_generation,Wind Onshore,2026-08-09T05:18:04Z
2026-08-09T05:15:34Z,2026-08-09T07:15:34+0200,72a31bd2-8518-490a-bfbe-24bda838aac9,2026-08-01T21:00:00Z,2026-08-01T23:00:00+0200,4079.41012,MW,DE,DE_LU,actual_onshore_wind_generation,Wind Onshore,2026-08-09T05:18:04Z
2026-08-09T05:15:34Z,2026-08-09T07:15:34+0200,72a31bd2-8518-490a-bfbe-24bda838aac9,2026-08-01T21:15:00Z,2026-08-01T23:15:00+0200,4199.70874,MW,DE,DE_LU,actual_onshore_wind_generation,Wind Onshore,2026-08-09T05:18:04Z
2026-08-09T05:15:34Z,2026-08-09T07:15:34+0200,72a31bd2-8518-490a-bfbe-24bda838aac9,2026-08-01T21:30:00Z,2026-08-01T23:30:00+0200,4215.51022,MW,DE,DE_LU,actual_onshore_wind_generation,Wind Onshore,2026-08-09T05:18:04Z
2026-08-09T05:15:34Z,2026-08-09T07:15:34+0200,72a31bd2-8518-490a-bfbe-24bda838aac9,2026-08-01T21:45:00Z,2026-08-01T23:45:00+0200,4325.69732,MW,DE,DE_LU,actual_onshore_wind_generation,Wind Onshore,2026-08-09T05:18:04Z
2026-08-09T05:15:34Z,2026-08-09T07:15:34+0200,72a31bd2-8518-490a-bfbe-24bda838aac9,2026-08-01T22:00:00Z,2026-08-02T00:00:00+0200,4417.09702,MW,DE,DE_LU,actual_onshore_wind_generation,Wind Onshore,2026-08-09T05:18:04Z
2026-08-09T05:15:34Z,2026-08-09T07:15:34+0200,72a31bd2-8518-490a-bfbe-24bda838aac9,2026-08-01T22:15:00Z,2026-08-02T00:15:00+0200,4473.36653,MW,DE,DE_LU,actual_onshore_wind_generation,Wind Onshore,2026-08-09T05:18:04Z
2026-08-09T05:15:34Z,2026-08-09T07:15:34+0200,72a31bd2-8518-490a-bfbe-24bda838aac9,2026-08-01T22:30:00Z,2026-08-02T00:30:00+0200,4476.22995,MW,DE,DE_LU,actual_onshore_wind_generation,Wind Onshore,2026-08-09T05:18:04Z
2026-08-09T05:15:34Z,2026-08-09T07:15:34+0200,72a31bd2-8518-490a-bfbe-24bda838aac9,2026-08-01T22:45:00Z,2026-08-02T00:45:00+0200,4434.27913,MW,DE,DE_LU,actual_onshore_wind_generation,Wind Onshore,2026-08-09T05:18:04Z
2026-08-09T05:15:34Z,2026-08-09T07:15:34+0200,72a31bd2-8518-490a-bfbe-24bda838aac9,2026-08-01T23:00:00Z,2026-08-02T01:00:00+0200,4402.5586,MW,DE,DE_LU,actual_onshore_wind_generation,Wind Onshore,2026-08-09T05:18:04Z
2026-08-09T05:15:34Z,2026-08-09T07:15:34+0200,72a31bd2-8518-490a-bfbe-24bda838aac9,2026-08-01T23:15:00Z,2026-08-02T01:15:00+0200,4376.26603,MW,DE,DE_LU,actual_onshore_wind_generation,Wind Onshore,2026-08-09T05:18:04Z
2026-08-09T05:15:34Z,2026-08-09T07:15:34+0200,72a31bd2-8518-490a-bfbe-24bda838aac9,2026-08-01T23:30:00Z,2026-08-02T01:30:00+0200,4253.15746,MW,DE,DE_LU,actual_onshore_wind_generation,Wind Onshore,2026-08-09T05:18:04Z
2026-08-09T05:15:34Z,2026-08-09T07:15:34+0200,72a31bd2-8518-490a-bfbe-24bda838aac9,2026-08-01T23:45:00Z,2026-08-02T01:45:00+0200,4208.77261,MW,DE,DE_LU,actual_onshore_wind_generation,Wind Onshore,2026-08-09T05:18:04Z
2026-08-09T05:15:34Z,2026-08-09T07:15:34+0200,72a31bd2-8518-490a-bfbe-24bda838aac9,2026-08-02T00:00:00Z,2026-08-02T02:00:00+0200,4064.42226,MW,DE,DE_LU,actual_onshore_wind_generation,Wind Onshore,2026-08-09T05:18:04Z
2026-08-09T05:15:34Z,2026-08-09T07:15:34+0200,72a31bd2-8518-490a-bfbe-24bda838aac9,2026-08-02T00:15:00Z,2026-08-02T02:15:00+0200,4026.17169,MW,DE,DE_LU,actual_onshore_wind_generation,Wind Onshore,2026-08-09T05:18:04Z
2026-08-09T05:15:34Z,2026-08-09T07:15:34+0200,72a31bd2-8518-490a-bfbe-24bda838aac9,2026-08-02T00:30:00Z,2026-08-02T02:30:00+0200,4034.3754,MW,DE,DE_LU,actual_onshore_wind_generation,Wind Onshore,2026-08-09T05:18:04Z
2026-08-09T05:15:34Z,2026-08-09T07:15:34+0200,72a31bd2-8518-490a-bfbe-24bda838aac9,2026-08-02T00:45:00Z,2026-08-02T02:45:00+0200,4051.45453,MW,DE,DE_LU,actual_onshore_wind_generation,Wind Onshore,2026-08-09T05:18:04Z
2026-08-09T05:15:34Z,2026-08-09T07:15:34+0200,72a31bd2-8518-490a-bfbe-24bda838aac9,2026-08-02T01:00:00Z,2026-08-02T03:00:00+0200,4108.05495,MW,DE,DE_LU,actual_onshore_wind_generation,Wind Onshore,2026-08-09T05:18:04Z
2026-08-09T05:15:34Z,2026-08-09T07:15:34+0200,72a31bd2-8518-490a-bfbe-24bda838aac9,2026-08-02T01:15:00Z,2026-08-02T03:15:00+0200,4209.94766,MW,DE,DE_LU,actual_onshore_wind_generation,Wind Onshore,2026-08-09T05:18:04Z
2026-08-09T05:15:34Z,2026-08-09T07:15:34+0200,72a31bd2-8518-490a-bfbe-24bda838aac9,2026-08-02T01:30:00Z,2026-08-02T03:30:00+0200,4299.26684,MW,DE,DE_LU,actual_onshore_wind_generation,Wind Onshore,2026-08-09T05:18:04Z
2026-08-09T05:15:34Z,2026-08-09T07:15:34+0200,72a31bd2-8518-490a-bfbe-24bda838aac9,2026-08-02T01:45:00Z,2026-08-02T03:45:00+0200,4310.74188,MW,DE,DE_LU,actual_onshore_wind_generation,Wind Onshore,2026-08-09T05:18:04Z
2026-08-09T05:15:34Z,2026-08-09T07:15:34+0200,72a31bd2-8518-490a-bfbe-24bda838aac9,2026-08-02T02:00:00Z,2026-08-02T04:00:00+0200,4342.43017,MW,DE,DE_LU,actual_onshore_wind_generation,Wind Onshore,2026-08-09T05:18:04Z
2026-08-09T05:15:34Z,2026-08-09T07:15:34+0200,72a31bd2-8518-490a-bfbe-24bda838aac9,2026-08-02T02:15:00Z,2026-08-02T04:15:00+0200,4378.66245,MW,DE,DE_LU,actual_onshore_wind_generation,Wind Onshore,2026-08-09T05:18:04Z
2026-08-09T05:15:34Z,2026-08-09T07:15:34+0200,72a31bd2-8518-490a-bfbe-24bda838aac9,2026-08-02T02:30:00Z,2026-08-02T04:30:00+0200,4428.61268,MW,DE,DE_LU,actual_onshore_wind_generation,Wind Onshore,2026-08-09T05:18:04Z
2026-08-09T05:15:34Z,2026-08-09T07:15:34+0200,72a31bd2-8518-490a-bfbe-24bda838aac9,2026-08-02T02:45:00Z,2026-08-02T04:45:00+0200,4447.08684,MW,DE,DE_LU,actual_onshore_wind_generation,Wind Onshore,2026-08-09T05:18:04Z
2026-08-09T05:15:34Z,2026-08-09T07:15:34+0200,72a31bd2-8518-490a-bfbe-24bda838aac9,2026-08-02T03:00:00Z,2026-08-02T05:00:00+0200,4550.08024,MW,DE,DE_LU,actual_onshore_wind_generation,Wind Onshore,2026-08-09T05:18:04Z
2026-08-09T05:15:34Z,2026-08-09T07:15:34+0200,72a31bd2-8518-490a-bfbe-24bda838aac9,2026-08-02T03:15:00Z,2026-08-02T05:15:00+0200,4660.51764,MW,DE,DE_LU,actual_onshore_wind_generation,Wind Onshore,2026-08-09T05:18:04Z
2026-08-09T05:15:34Z,2026-08-09T07:15:34+0200,72a31bd2-8518-490a-bfbe-24bda838aac9,2026-08-02T03:30:00Z,2026-08-02T05:30:00+0200,4671.07818,MW,DE,DE_LU,actual_onshore_wind_generation,Wind Onshore,2026-08-09T05:18:04Z
2026-08-09T05:15:34Z,2026-08-09T07:15:34+0200,72a31bd2-8518-490a-bfbe-24bda838aac9,2026-08-02T03:45:00Z,2026-08-02T05:45:00+0200,4828.39312,MW,DE,DE_LU,actual_onshore_wind_generation,Wind Onshore,2026-08-09T05:18:04Z
2026-08-09T05:15:34Z,2026-08-09T07:15:34+0200,72a31bd2-8518-490a-bfbe-24bda838aac9,2026-08-02T04:00:00Z,2026-08-02T06:00:00+0200,4965.59305,MW,DE,DE_LU,actual_onshore_wind_generation,Wind Onshore,2026-08-09T05:18:04Z
2026-08-09T05:15:34Z,2026-08-09T07:15:34+0200,72a31bd2-8518-490a-bfbe-24bda838aac9,2026-08-02T04:15:00Z,2026-08-02T06:15:00+0200,4862.84322,MW,DE,DE_LU,actual_onshore_wind_generation,Wind Onshore,2026-08-09T05:18:04Z
2026-08-09T05:15:34Z,2026-08-09T07:15:34+0200,72a31bd2-8518-490a-bfbe-24bda838aac9,2026-08-02T04:30:00Z,2026-08-02T06:30:00+0200,4822.46994,MW,DE,DE_LU,actual_onshore_wind_generation,Wind Onshore,2026-08-09T05:18:04Z
2026-08-09T05:15:34Z,2026-08-09T07:15:34+0200,72a31bd2-8518-490a-bfbe-24bda838aac9,2026-08-02T04:45:00Z,2026-08-02T06:45:00+0200,4783.25174,MW,DE,DE_LU,actual_onshore_wind_generation,Wind Onshore,2026-08-09T05:18:04Z
2026-08-09T05:15:34Z,2026-08-09T07:15:34+0200,72a31bd2-8518-490a-bfbe-24bda838aac9,2026-08-02T05:00:00Z,2026-08-02T07:00:00+0200,4615.5053,MW,DE,DE_LU,actual_onshore_wind_generation,Wind Onshore,2026-08-09T05:18:04Z
2026-08-09T05:15:34Z,2026-08-09T07:15:34+0200,72a31bd2-8518-490a-bfbe-24bda838aac9,2026-08-02T05:15:00Z,2026-08-02T07:15:00+0200,4406.35471,MW,DE,DE_LU,actual_onshore_wind_generation,Wind Onshore,2026-08-09T05:18:04Z
2026-08-09T05:15:34Z,2026-08-09T07:15:34+0200,72a31bd2-8518-490a-bfbe-24bda838aac9,2026-08-02T05:30:00Z,2026-08-02T07:30:00+0200,4167.67466,MW,DE,DE_LU,actual_onshore_wind_generation,Wind Onshore,2026-08-09T05:18:04Z
2026-08-09T05:15:34Z,2026-08-09T07:15:34+0200,72a31bd2-8518-490a-bfbe-24bda838aac9,2026-08-02T05:45:00Z,2026-08-02T07:45:00+0200,3894.52621,MW,DE,DE_LU,actual_onshore_wind_generation,Wind Onshore,2026-08-09T05:18:04Z
2026-08-09T05:15:34Z,2026-08-09T07:15:34+0200,72a31bd2-8518-490a-bfbe-24bda838aac9,2026-08-02T06:00:00Z,2026-08-02T08:00:00+0200,3505.64465,MW,DE,DE_LU,actual_onshore_wind_generation,Wind Onshore,2026-08-09T05:18:04Z
2026-08-09T05:15:34Z,2026-08-09T07:15:34+0200,72a31bd2-8518-490a-bfbe-24bda838aac9,2026-08-02T06:15:00Z,2026-08-02T08:15:00+0200,3085.44117,MW,DE,DE_LU,actual_onshore_wind_generation,Wind Onshore,2026-08-09T05:18:04Z
2026-08-09T05:15:34Z,2026-08-09T07:15:34+0200,72a31bd2-8518-490a-bfbe-24bda838aac9,2026-08-02T06:30:00Z,2026-08-02T08:30:00+0200,2690.63379,MW,DE,DE_LU,actual_onshore_wind_generation,Wind Onshore,2026-08-09T05:18:04Z
2026-08-09T05:15:34Z,2026-08-09T07:15:34+0200,72a31bd2-8518-490a-bfbe-24bda838aac9,2026-08-02T06:45:00Z,2026-08-02T08:45:00+0200,2319.75392,MW,DE,DE_LU,actual_onshore_wind_generation,Wind Onshore,2026-08-09T05:18:04Z
2026-08-09T05:15:34Z,2026-08-09T07:15:34+0200,72a31bd2-8518-490a-bfbe-24bda838aac9,2026-08-02T07:00:00Z,2026-08-02T09:00:00+0200,2084.49232,MW,DE,DE_LU,actual_onshore_wind_generation,Wind Onshore,2026-08-09T05:18:04Z
2026-08-09T05:15:34Z,2026-08-09T07:15:34+0200,72a31bd2-8518-490a-bfbe-24bda838aac9,2026-08-02T07:15:00Z,2026-08-02T09:15:00+0200,2012.23407,MW,DE,DE_LU,actual_onshore_wind_generation,Wind Onshore,2026-08-09T05:18:04Z
2026-08-09T05:15:34Z,2026-08-09T07:15:34+0200,72a31bd2-8518-490a-bfbe-24bda838aac9,2026-08-02T07:30:00Z,2026-08-02T09:30:00+0200,1704.22523,MW,DE,DE_LU,actual_onshore_wind_generation,Wind Onshore,2026-08-09T05:18:04Z
2026-08-09T05:15:34Z,2026-08-09T07:15:34+0200,72a31bd2-8518-490a-bfbe-24bda838aac9,2026-08-02T07:45:00Z,2026-08-02T09:45:00+0200,1653.68675,MW,DE,DE_LU,actual_onshore_wind_generation,Wind Onshore,2026-08-09T05:18:04Z
2026-08-09T05:15:34Z,2026-08-09T07:15:34+0200,72a31bd2-8518-490a-bfbe-24bda838aac9,2026-08-02T08:00:00Z,2026-08-02T10:00:00+0200,1483.86282,MW,DE,DE_LU,actual_onshore_wind_generation,Wind Onshore,2026-08-09T05:18:04Z
2026-08-09T05:15:34Z,2026-08-09T07:15:34+0200,72a31bd2-8518-490a-bfbe-24bda838aac9,2026-08-02T08:15:00Z,2026-08-02T10:15:00+0200,1591.82427,MW,DE,DE_LU,actual_onshore_wind_generation,Wind Onshore,2026-08-09T05:18:04Z
2026-08-09T05:15:34Z,2026-08-09T07:15:34+0200,72a31bd2-8518-490a-bfbe-24bda838aac9,2026-08-02T08:30:00Z,2026-08-02T10:30:00+0200,1876.66775,MW,DE,DE_LU,actual_onshore_wind_generation,Wind Onshore,2026-08-09T05:18:04Z
2026-08-09T05:15:34Z,2026-08-09T07:15:34+0200,72a31bd2-8518-490a-bfbe-24bda838aac9,2026-08-02T08:45:00Z,2026-08-02T10:45:00+0200,1950.03065,MW,DE,DE_LU,actual_onshore_wind_generation,Wind Onshore,2026-08-09T05:18:04Z
2026-08-09T05:15:34Z,2026-08-09T07:15:34+0200,72a31bd2-8518-490a-bfbe-24bda838aac9,2026-08-02T09:00:00Z,2026-08-02T11:00:00+0200,1981.4354,MW,DE,DE_LU,actual_onshore_wind_generation,Wind Onshore,2026-08-09T05:18:04Z
2026-08-09T05:15:34Z,2026-08-09T07:15:34+0200,72a31bd2-8518-490a-bfbe-24bda838aac9,2026-08-02T09:15:00Z,2026-08-02T11:15:00+0200,2018.02416,MW,DE,DE_LU,actual_onshore_wind_generation,Wind Onshore,2026-08-09T05:18:04Z
2026-08-09T05:15:34Z,2026-08-09T07:15:34+0200,72a31bd2-8518-490a-bfbe-24bda838aac9,2026-08-02T09:30:00Z,2026-08-02T11:30:00+0200,2100.2972,MW,DE,DE_LU,actual_onshore_wind_generation,Wind Onshore,2026-08-09T05:18:04Z
2026-08-09T05:15:34Z,2026-08-09T07:15:34+0200,72a31bd2-8518-490a-bfbe-24bda838aac9,2026-08-02T09:45:00Z,2026-08-02T11:45:00+0200,2101.17534,MW,DE,DE_LU,actual_onshore_wind_generation,Wind Onshore,2026-08-09T05:18:04Z
2026-08-09T05:15:34Z,2026-08-09T07:15:34+0200,72a31bd2-8518-490a-bfbe-24bda838aac9,2026-08-02T10:00:00Z,2026-08-02T12:00:00+0200,1949.02908,MW,DE,DE_LU,actual_onshore_wind_generation,Wind Onshore,2026-08-09T05:18:04Z
2026-08-09T05:15:34Z,2026-08-09T07:15:34+0200,72a31bd2-8518-490a-bfbe-24bda838aac9,2026-08-02T10:15:00Z,2026-08-02T12:15:00+0200,1948.39659,MW,DE,DE_LU,actual_onshore_wind_generation,Wind Onshore,2026-08-09T05:18:04Z
2026-08-09T05:15:34Z,2026-08-09T07:15:34+0200,72a31bd2-8518-490a-bfbe-24bda838aac9,2026-08-02T10:30:00Z,2026-08-02T12:30:00+0200,1891.40011,MW,DE,DE_LU,actual_onshore_wind_generation,Wind Onshore,2026-08-09T05:18:04Z
2026-08-09T05:15:34Z,2026-08-09T07:15:34+0200,72a31bd2-8518-490a-bfbe-24bda838aac9,2026-08-02T10:45:00Z,2026-08-02T12:45:00+0200,1874.91288,MW,DE,DE_LU,actual_onshore_wind_generation,Wind Onshore,2026-08-09T05:18:04Z
2026-08-09T05:15:34Z,2026-08-09T07:15:34+0200,72a31bd2-8518-490a-bfbe-24bda838aac9,2026-08-02T11:00:00Z,2026-08-02T13:00:00+0200,1619.63018,MW,DE,DE_LU,actual_onshore_wind_generation,Wind Onshore,2026-08-09T05:18:04Z
2026-08-09T05:15:34Z,2026-08-09T07:15:34+0200,72a31bd2-8518-490a-bfbe-24bda838aac9,2026-08-02T11:15:00Z,2026-08-02T13:15:00+0200,1567.59489,MW,DE,DE_LU,actual_onshore_wind_generation,Wind Onshore,2026-08-09T05:18:04Z
2026-08-09T05:15:34Z,2026-08-09T07:15:34+0200,72a31bd2-8518-490a-bfbe-24bda838aac9,2026-08-02T11:30:00Z,2026-08-02T13:30:00+0200,1474.52495,MW,DE,DE_LU,actual_onshore_wind_generation,Wind Onshore,2026-08-09T05:18:04Z
2026-08-09T05:15:34Z,2026-08-09T07:15:34+0200,72a31bd2-8518-490a-bfbe-24bda838aac9,2026-08-02T11:45:00Z,2026-08-02T13:45:00+0200,1460.30599,MW,DE,DE_LU,actual_onshore_wind_generation,Wind Onshore,2026-08-09T05:18:04Z
2026-08-09T05:15:34Z,2026-08-09T07:15:34+0200,72a31bd2-8518-490a-bfbe-24bda838aac9,2026-08-02T12:00:00Z,2026-08-02T14:00:00+0200,1590.64097,MW,DE,DE_LU,actual_onshore_wind_generation,Wind Onshore,2026-08-09T05:18:04Z
2026-08-09T05:15:34Z,2026-08-09T07:15:34+0200,72a31bd2-8518-490a-bfbe-24bda838aac9,2026-08-02T12:15:00Z,2026-08-02T14:15:00+0200,1661.80961,MW,DE,DE_LU,actual_onshore_wind_generation,Wind Onshore,2026-08-09T05:18:04Z
2026-08-09T05:15:34Z,2026-08-09T07:15:34+0200,72a31bd2-8518-490a-bfbe-24bda838aac9,2026-08-02T12:30:00Z,2026-08-02T14:30:00+0200,1519.70678,MW,DE,DE_LU,actual_onshore_wind_generation,Wind Onshore,2026-08-09T05:18:04Z
2026-08-09T05:15:34Z,2026-08-09T07:15:34+0200,72a31bd2-8518-490a-bfbe-24bda838aac9,2026-08-02T12:45:00Z,2026-08-02T14:45:00+0200,1533.76645,MW,DE,DE_LU,actual_onshore_wind_generation,Wind Onshore,2026-08-09T05:18:04Z
2026-08-09T05:15:34Z,2026-08-09T07:15:34+0200,72a31bd2-8518-490a-bfbe-24bda838aac9,2026-08-02T13:00:00Z,2026-08-02T15:00:00+0200,1557.07228,MW,DE,DE_LU,actual_onshore_wind_generation,Wind Onshore,2026-08-09T05:18:04Z
2026-08-09T05:15:34Z,2026-08-09T07:15:34+0200,72a31bd2-8518-490a-bfbe-24bda838aac9,2026-08-02T13:15:00Z,2026-08-02T15:15:00+0200,1546.07881,MW,DE,DE_LU,actual_onshore_wind_generation,Wind Onshore,2026-08-09T05:18:04Z
2026-08-09T05:15:34Z,2026-08-09T07:15:34+0200,72a31bd2-8518-490a-bfbe-24bda838aac9,2026-08-02T13:30:00Z,2026-08-02T15:30:00+0200,1571.24379,MW,DE,DE_LU,actual_onshore_wind_generation,Wind Onshore,2026-08-09T05:18:04Z
2026-08-09T05:15:34Z,2026-08-09T07:15:34+0200,72a31bd2-8518-490a-bfbe-24bda838aac9,2026-08-02T13:45:00Z,2026-08-02T15:45:00+0200,1445.61758,MW,DE,DE_LU,actual_onshore_wind_generation,Wind Onshore,2026-08-09T05:18:04Z
2026-08-09T05:15:34Z,2026-08-09T07:15:34+0200,72a31bd2-8518-490a-bfbe-24bda838aac9,2026-08-02T14:00:00Z,2026-08-02T16:00:00+0200,1474.26788,MW,DE,DE_LU,actual_onshore_wind_generation,Wind Onshore,2026-08-09T05:18:04Z
2026-08-09T05:15:34Z,2026-08-09T07:15:34+0200,72a31bd2-8518-490a-bfbe-24bda838aac9,2026-08-02T14:15:00Z,2026-08-02T16:15:00+0200,1596.25223,MW,DE,DE_LU,actual_onshore_wind_generation,Wind Onshore,2026-08-09T05:18:04Z
2026-08-09T05:15:34Z,2026-08-09T07:15:34+0200,72a31bd2-8518-490a-bfbe-24bda838aac9,2026-08-02T14:30:00Z,2026-08-02T16:30:00+0200,1699.63415,MW,DE,DE_LU,actual_onshore_wind_generation,Wind Onshore,2026-08-09T05:18:04Z
2026-08-09T05:15:34Z,2026-08-09T07:15:34+0200,72a31bd2-8518-490a-bfbe-24bda838aac9,2026-08-02T14:45:00Z,2026-08-02T16:45:00+0200,1935.24737,MW,DE,DE_LU,actual_onshore_wind_generation,Wind Onshore,2026-08-09T05:18:04Z
2026-08-09T05:15:34Z,2026-08-09T07:15:34+0200,72a31bd2-8518-490a-bfbe-24bda838aac9,2026-08-02T15:00:00Z,2026-08-02T17:00:00+0200,2134.10685,MW,DE,DE_LU,actual_onshore_wind_generation,Wind Onshore,2026-08-09T05:18:04Z
2026-08-09T05:15:34Z,2026-08-09T07:15:34+0200,72a31bd2-8518-490a-bfbe-24bda838aac9,2026-08-02T15:15:00Z,2026-08-02T17:15:00+0200,2623.30183,MW,DE,DE_LU,actual_onshore_wind_generation,Wind Onshore,2026-08-09T05:18:04Z
2026-08-09T05:15:34Z,2026-08-09T07:15:34+0200,72a31bd2-8518-490a-bfbe-24bda838aac9,2026-08-02T15:30:00Z,2026-08-02T17:30:00+0200,3130.448,MW,DE,DE_LU,actual_onshore_wind_generation,Wind Onshore,2026-08-09T05:18:04Z
2026-08-09T05:15:34Z,2026-08-09T07:15:34+0200,72a31bd2-8518-490a-bfbe-24bda838aac9,2026-08-02T15:45:00Z,2026-08-02T17:45:00+0200,3564.00093,MW,DE,DE_LU,actual_onshore_wind_generation,Wind Onshore,2026-08-09T05:18:04Z
2026-08-09T05:15:34Z,2026-08-09T07:15:34+0200,72a31bd2-8518-490a-bfbe-24bda838aac9,2026-08-02T16:00:00Z,2026-08-02T18:00:00+0200,4146.70422,MW,DE,DE_LU,actual_onshore_wind_generation,Wind Onshore,2026-08-09T05:18:04Z
2026-08-09T05:15:34Z,2026-08-09T07:15:34+0200,72a31bd2-8518-490a-bfbe-24bda838aac9,2026-08-02T16:15:00Z,2026-08-02T18:15:00+0200,4533.38908,MW,DE,DE_LU,actual_onshore_wind_generation,Wind Onshore,2026-08-09T05:18:04Z
2026-08-09T05:15:34Z,2026-08-09T07:15:34+0200,72a31bd2-8518-490a-bfbe-24bda838aac9,2026-08-02T16:30:00Z,2026-08-02T18:30:00+0200,4854.14402,MW,DE,DE_LU,actual_onshore_wind_generation,Wind Onshore,2026-08-09T05:18:04Z
2026-08-09T05:15:34Z,2026-08-09T07:15:34+0200,72a31bd2-8518-490a-bfbe-24bda838aac9,2026-08-02T16:45:00Z,2026-08-02T18:45:00+0200,5212.63649,MW,DE,DE_LU,actual_onshore_wind_generation,Wind Onshore,2026-08-09T05:18:04Z
2026-08-09T05:15:34Z,2026-08-09T07:15:34+0200,72a31bd2-8518-490a-bfbe-24bda838aac9,2026-08-02T17:00:00Z,2026-08-02T19:00:00+0200,5644.41054,MW,DE,DE_LU,actual_onshore_wind_generation,Wind Onshore,2026-08-09T05:18:04Z
2026-08-09T05:15:34Z,2026-08-09T07:15:34+0200,72a31bd2-8518-490a-bfbe-24bda838aac9,2026-08-02T17:15:00Z,2026-08-02T19:15:00+0200,6034.13355,MW,DE,DE_LU,actual_onshore_wind_generation,Wind Onshore,2026-08-09T05:18:04Z
2026-08-09T05:15:34Z,2026-08-09T07:15:34+0200,72a31bd2-8518-490a-bfbe-24bda838aac9,2026-08-02T17:30:00Z,2026-08-02T19:30:00+0200,6508.62166,MW,DE,DE_LU,actual_onshore_wind_generation,Wind Onshore,2026-08-09T05:18:04Z
2026-08-09T05:15:34Z,2026-08-09T07:15:34+0200,72a31bd2-8518-490a-bfbe-24bda838aac9,2026-08-02T17:45:00Z,2026-08-02T19:45:00+0200,6809.99992,MW,DE,DE_LU,actual_onshore_wind_generation,Wind Onshore,2026-08-09T05:18:04Z
2026-08-09T05:15:34Z,2026-08-09T07:15:34+0200,72a31bd2-8518-490a-bfbe-24bda838aac9,2026-08-02T18:00:00Z,2026-08-02T20:00:00+0200,7139.28134,MW,DE,DE_LU,actual_onshore_wind_generation,Wind Onshore,2026-08-09T05:18:04Z
2026-08-09T05:15:34Z,2026-08-09T07:15:34+0200,72a31bd2-8518-490a-bfbe-24bda838aac9,2026-08-02T18:15:00Z,2026-08-02T20:15:00+0200,7460.43436,MW,DE,DE_LU,actual_onshore_wind_generation,Wind Onshore,2026-08-09T05:18:04Z
2026-08-09T05:15:34Z,2026-08-09T07:15:34+0200,72a31bd2-8518-490a-bfbe-24bda838aac9,2026-08-02T18:30:00Z,2026-08-02T20:30:00+0200,8432.91191,MW,DE,DE_LU,actual_onshore_wind_generation,Wind Onshore,2026-08-09T05:18:04Z
2026-08-09T05:15:34Z,2026-08-09T07:15:34+0200,72a31bd2-8518-490a-bfbe-24bda838aac9,2026-08-02T18:45:00Z,2026-08-02T20:45:00+0200,9831.96848,MW,DE,DE_LU,actual_onshore_wind_generation,Wind Onshore,2026-08-09T05:18:04Z
2026-08-09T05:15:34Z,2026-08-09T07:15:34+0200,72a31bd2-8518-490a-bfbe-24bda838aac9,2026-08-02T19:00:00Z,2026-08-02T21:00:00+0200,11260.57955,MW,DE,DE_LU,actual_onshore_wind_generation,Wind Onshore,2026-08-09T05:18:04Z
2026-08-09T05:15:34Z,2026-08-09T07:15:34+0200,72a31bd2-8518-490a-bfbe-24bda838aac9,2026-08-02T19:15:00Z,2026-08-02T21:15:00+0200,12467.03843,MW,DE,DE_LU,actual_onshore_wind_generation,Wind Onshore,2026-08-09T05:18:04Z
2026-08-09T05:15:34Z,2026-08-09T07:15:34+0200,72a31bd2-8518-490a-bfbe-24bda838aac9,2026-08-02T19:30:00Z,2026-08-02T21:30:00+0200,13994.31785,MW,DE,DE_LU,actual_onshore_wind_generation,Wind Onshore,2026-08-09T05:18:04Z
2026-08-09T05:15:34Z,2026-08-09T07:15:34+0200,72a31bd2-8518-490a-bfbe-24bda838aac9,2026-08-02T19:45:00Z,2026-08-02T21:45:00+0200,15495.68628,MW,DE,DE_LU,actual_onshore_wind_generation,Wind Onshore,2026-08-09T05:18:04Z
2026-08-09T05:15:34Z,2026-08-09T07:15:34+0200,72a31bd2-8518-490a-bfbe-24bda838aac9,2026-08-02T20:00:00Z,2026-08-02T22:00:00+0200,16454.06471,MW,DE,DE_LU,actual_onshore_wind_generation,Wind Onshore,2026-08-09T05:18:04Z
2026-08-09T05:15:34Z,2026-08-09T07:15:34+0200,72a31bd2-8518-490a-bfbe-24bda838aac9,2026-08-02T20:15:00Z,2026-08-02T22:15:00+0200,17687.84364,MW,DE,DE_LU,actual_onshore_wind_generation,Wind Onshore,2026-08-09T05:18:04Z
2026-08-09T05:15:34Z,2026-08-09T07:15:34+0200,72a31bd2-8518-490a-bfbe-24bda838aac9,2026-08-02T20:30:00Z,2026-08-02T22:30:00+0200,18549.37556,MW,DE,DE_LU,actual_onshore_wind_generation,Wind Onshore,2026-08-09T05:18:04Z
2026-08-09T05:15:34Z,2026-08-09T07:15:34+0200,72a31bd2-8518-490a-bfbe-24bda838aac9,2026-08-02T20:45:00Z,2026-08-02T22:45:00+0200,19249.01132,MW,DE,DE_LU,actual_onshore_wind_generation,Wind Onshore,2026-08-09T05:18:04Z
2026-08-09T05:15:34Z,2026-08-09T07:15:34+0200,72a31bd2-8518-490a-bfbe-24bda838aac9,2026-08-02T21:00:00Z,2026-08-02T23:00:00+0200,19665.07847,MW,DE,DE_LU,actual_onshore_wind_generation,Wind Onshore,2026-08-09T05:18:04Z
2026-08-09T05:15:34Z,2026-08-09T07:15:34+0200,72a31bd2-8518-490a-bfbe-24bda838aac9,2026-08-02T21:15:00Z,2026-08-02T23:15:00+0200,19856.27681,MW,DE,DE_LU,actual_onshore_wind_generation,Wind Onshore,2026-08-09T05:18:04Z
2026-08-09T05:15:34Z,2026-08-09T07:15:34+0200,72a31bd2-8518-490a-bfbe-24bda838aac9,2026-08-02T21:30:00Z,2026-08-02T23:30:00+0200,19990.16241,MW,DE,DE_LU,actual_onshore_wind_generation,Wind Onshore,2026-08-09T05:18:04Z
2026-08-09T05:15:34Z,2026-08-09T07:15:34+0200,72a31bd2-8518-490a-bfbe-24bda838aac9,2026-08-02T21:45:00Z,2026-08-02T23:45:00+0200,19949.63539,MW,DE,DE_LU,actual_onshore_wind_generation,Wind Onshore,2026-08-09T05:18:04Z
2026-08-09T05:15:34Z,2026-08-09T07:15:34+0200,72a31bd2-8518-490a-bfbe-24bda838aac9,2026-08-02T22:00:00Z,2026-08-03T00:00:00+0200,19706.77507,MW,DE,DE_LU,actual_onshore_wind_generation,Wind Onshore,2026-08-09T05:18:04Z
2026-08-09T05:15:34Z,2026-08-09T07:15:34+0200,72a31bd2-8518-490a-bfbe-24bda838aac9,2026-08-02T22:15:00Z,2026-08-03T00:15:00+0200,19672.93167,MW,DE,DE_LU,actual_onshore_wind_generation,Wind Onshore,2026-08-09T05:18:04Z
2026-08-09T05:15:34Z,2026-08-09T07:15:34+0200,72a31bd2-8518-490a-bfbe-24bda838aac9,2026-08-02T22:30:00Z,2026-08-03T00:30:00+0200,19547.32979,MW,DE,DE_LU,actual_onshore_wind_generation,Wind Onshore,2026-08-09T05:18:04Z
2026-08-09T05:15:34Z,2026-08-09T07:15:34+0200,72a31bd2-8518-490a-bfbe-24bda838aac9,2026-08-02T22:45:00Z,2026-08-03T00:45:00+0200,19349.857,MW,DE,DE_LU,actual_onshore_wind_generation,Wind Onshore,2026-08-09T05:18:04Z
2026-08-09T05:15:34Z,2026-08-09T07:15:34+0200,72a31bd2-8518-490a-bfbe-24bda838aac9,2026-08-02T23:00:00Z,2026-08-03T01:00:00+0200,19124.24418,MW,DE,DE_LU,actual_onshore_wind_generation,Wind Onshore,2026-08-09T05:18:04Z
2026-08-09T05:15:34Z,2026-08-09T07:15:34+0200,72a31bd2-8518-490a-bfbe-24bda838aac9,2026-08-02T23:15:00Z,2026-08-03T01:15:00+0200,19024.59044,MW,DE,DE_LU,actual_onshore_wind_generation,Wind Onshore,2026-08-09T05:18:04Z
2026-08-09T05:15:34Z,2026-08-09T07:15:34+0200,72a31bd2-8518-490a-bfbe-24bda838aac9,2026-08-02T23:30:00Z,2026-08-03T01:30:00+0200,18922.82229,MW,DE,DE_LU,actual_onshore_wind_generation,Wind Onshore,2026-08-09T05:18:04Z
2026-08-09T05:15:34Z,2026-08-09T07:15:34+0200,72a31bd2-8518-490a-bfbe-24bda838aac9,2026-08-02T23:45:00Z,2026-08-03T01:45:00+0200,18754.59049,MW,DE,DE_LU,actual_onshore_wind_generation,Wind Onshore,2026-08-09T05:18:04Z
2026-08-09T05:15:34Z,2026-08-09T07:15:34+0200,72a31bd2-8518-490a-bfbe-24bda838aac9,2026-08-03T00:00:00Z,2026-08-03T02:00:00+0200,18560.27723,MW,DE,DE_LU,actual_onshore_wind_generation,Wind Onshore,2026-08-09T05:18:04Z
2026-08-09T05:15:34Z,2026-08-09T07:15:34+0200,72a31bd2-8518-490a-bfbe-24bda838aac9,2026-08-03T00:15:00Z,2026-08-03T02:15:00+0200,18396.52974,MW,DE,DE_LU,actual_onshore_wind_generation,Wind Onshore,2026-08-09T05:18:04Z
2026-08-09T05:15:34Z,2026-08-09T07:15:34+0200,72a31bd2-8518-490a-bfbe-24bda838aac9,2026-08-03T00:30:00Z,2026-08-03T02:30:00+0200,18112.8632,MW,DE,DE_LU,actual_onshore_wind_generation,Wind Onshore,2026-08-09T05:18:04Z
2026-08-09T05:15:34Z,2026-08-09T07:15:34+0200,72a31bd2-8518-490a-bfbe-24bda838aac9,2026-08-03T00:45:00Z,2026-08-03T02:45:00+0200,17816.79317,MW,DE,DE_LU,actual_onshore_wind_generation,Wind Onshore,2026-08-09T05:18:04Z
2026-08-09T05:15:34Z,2026-08-09T07:15:34+0200,72a31bd2-8518-490a-bfbe-24bda838aac9,2026-08-03T01:00:00Z,2026-08-03T03:00:00+0200,17390.99775,MW,DE,DE_LU,actual_onshore_wind_generation,Wind Onshore,2026-08-09T05:18:04Z
2026-08-09T05:15:34Z,2026-08-09T07:15:34+0200,72a31bd2-8518-490a-bfbe-24bda838aac9,2026-08-03T01:15:00Z,2026-08-03T03:15:00+0200,17154.21634,MW,DE,DE_LU,actual_onshore_wind_generation,Wind Onshore,2026-08-09T05:18:04Z
2026-08-09T05:15:34Z,2026-08-09T07:15:34+0200,72a31bd2-8518-490a-bfbe-24bda838aac9,2026-08-03T01:30:00Z,2026-08-03T03:30:00+0200,17053.42704,MW,DE,DE_LU,actual_onshore_wind_generation,Wind Onshore,2026-08-09T05:18:04Z
2026-08-09T05:15:34Z,2026-08-09T07:15:34+0200,72a31bd2-8518-490a-bfbe-24bda838aac9,2026-08-03T01:45:00Z,2026-08-03T03:45:00+0200,16929.20261,MW,DE,DE_LU,actual_onshore_wind_generation,Wind Onshore,2026-08-09T05:18:04Z
2026-08-09T05:15:34Z,2026-08-09T07:15:34+0200,72a31bd2-8518-490a-bfbe-24bda838aac9,2026-08-03T02:00:00Z,2026-08-03T04:00:00+0200,16582.7247,MW,DE,DE_LU,actual_onshore_wind_generation,Wind Onshore,2026-08-09T05:18:04Z
2026-08-09T05:15:34Z,2026-08-09T07:15:34+0200,72a31bd2-8518-490a-bfbe-24bda838aac9,2026-08-03T02:15:00Z,2026-08-03T04:15:00+0200,16371.85503,MW,DE,DE_LU,actual_onshore_wind_generation,Wind Onshore,2026-08-09T05:18:04Z
2026-08-09T05:15:34Z,2026-08-09T07:15:34+0200,72a31bd2-8518-490a-bfbe-24bda838aac9,2026-08-03T02:30:00Z,2026-08-03T04:30:00+0200,16263.94547,MW,DE,DE_LU,actual_onshore_wind_generation,Wind Onshore,2026-08-09T05:18:04Z
2026-08-09T05:15:34Z,2026-08-09T07:15:34+0200,72a31bd2-8518-490a-bfbe-24bda838aac9,2026-08-03T02:45:00Z,2026-08-03T04:45:00+0200,16018.26236,MW,DE,DE_LU,actual_onshore_wind_generation,Wind Onshore,2026-08-09T05:18:04Z
2026-08-09T05:15:34Z,2026-08-09T07:15:34+0200,72a31bd2-8518-490a-bfbe-24bda838aac9,2026-08-03T03:00:00Z,2026-08-03T05:00:00+0200,15752.70788,MW,DE,DE_LU,actual_onshore_wind_generation,Wind Onshore,2026-08-09T05:18:04Z
2026-08-09T05:15:34Z,2026-08-09T07:15:34+0200,72a31bd2-8518-490a-bfbe-24bda838aac9,2026-08-03T03:15:00Z,2026-08-03T05:15:00+0200,15534.5498,MW,DE,DE_LU,actual_onshore_wind_generation,Wind Onshore,2026-08-09T05:18:04Z
2026-08-09T05:15:34Z,2026-08-09T07:15:34+0200,72a31bd2-8518-490a-bfbe-24bda838aac9,2026-08-03T03:30:00Z,2026-08-03T05:30:00+0200,15451.52741,MW,DE,DE_LU,actual_onshore_wind_generation,Wind Onshore,2026-08-09T05:18:04Z
2026-08-09T05:15:34Z,2026-08-09T07:15:34+0200,72a31bd2-8518-490a-bfbe-24bda838aac9,2026-08-03T03:45:00Z,2026-08-03T05:45:00+0200,15832.00936,MW,DE,DE_LU,actual_onshore_wind_generation,Wind Onshore,2026-08-09T05:18:04Z
2026-08-09T05:15:34Z,2026-08-09T07:15:34+0200,72a31bd2-8518-490a-bfbe-24bda838aac9,2026-08-03T04:00:00Z,2026-08-03T06:00:00+0200,16093.9915,MW,DE,DE_LU,actual_onshore_wind_generation,Wind Onshore,2026-08-09T05:18:04Z
2026-08-09T05:15:34Z,2026-08-09T07:15:34+0200,72a31bd2-8518-490a-bfbe-24bda838aac9,2026-08-03T04:15:00Z,2026-08-03T06:15:00+0200,15734.16435,MW,DE,DE_LU,actual_onshore_wind_generation,Wind Onshore,2026-08-09T05:18:04Z
2026-08-09T05:15:34Z,2026-08-09T07:15:34+0200,72a31bd2-8518-490a-bfbe-24bda838aac9,2026-08-03T04:30:00Z,2026-08-03T06:30:00+0200,15252.79929,MW,DE,DE_LU,actual_onshore_wind_generation,Wind Onshore,2026-08-09T05:18:04Z
2026-08-09T05:15:34Z,2026-08-09T07:15:34+0200,72a31bd2-8518-490a-bfbe-24bda838aac9,2026-08-03T04:45:00Z,2026-08-03T06:45:00+0200,14785.42416,MW,DE,DE_LU,actual_onshore_wind_generation,Wind Onshore,2026-08-09T05:18:04Z
2026-08-09T05:15:34Z,2026-08-09T07:15:34+0200,72a31bd2-8518-490a-bfbe-24bda838aac9,2026-08-03T05:00:00Z,2026-08-03T07:00:00+0200,14013.37749,MW,DE,DE_LU,actual_onshore_wind_generation,Wind Onshore,2026-08-09T05:18:04Z
2026-08-09T05:15:34Z,2026-08-09T07:15:34+0200,72a31bd2-8518-490a-bfbe-24bda838aac9,2026-08-03T05:15:00Z,2026-08-03T07:15:00+0200,13172.69706,MW,DE,DE_LU,actual_onshore_wind_generation,Wind Onshore,2026-08-09T05:18:04Z
2026-08-09T05:15:34Z,2026-08-09T07:15:34+0200,72a31bd2-8518-490a-bfbe-24bda838aac9,2026-08-03T05:30:00Z,2026-08-03T07:30:00+0200,12327.81358,MW,DE,DE_LU,actual_onshore_wind_generation,Wind Onshore,2026-08-09T05:18:04Z
2026-08-09T05:15:34Z,2026-08-09T07:15:34+0200,72a31bd2-8518-490a-bfbe-24bda838aac9,2026-08-03T05:45:00Z,2026-08-03T07:45:00+0200,11000.71769,MW,DE,DE_LU,actual_onshore_wind_generation,Wind Onshore,2026-08-09T05:18:04Z
2026-08-09T05:15:34Z,2026-08-09T07:15:34+0200,72a31bd2-8518-490a-bfbe-24bda838aac9,2026-08-03T06:00:00Z,2026-08-03T08:00:00+0200,9333.42538,MW,DE,DE_LU,actual_onshore_wind_generation,Wind Onshore,2026-08-09T05:18:04Z
2026-08-09T05:15:34Z,2026-08-09T07:15:34+0200,72a31bd2-8518-490a-bfbe-24bda838aac9,2026-08-03T06:15:00Z,2026-08-03T08:15:00+0200,7766.48776,MW,DE,DE_LU,actual_onshore_wind_generation,Wind Onshore,2026-08-09T05:18:04Z
2026-08-09T05:15:34Z,2026-08-09T07:15:34+0200,72a31bd2-8518-490a-bfbe-24bda838aac9,2026-08-03T06:30:00Z,2026-08-03T08:30:00+0200,6391.72304,MW,DE,DE_LU,actual_onshore_wind_generation,Wind Onshore,2026-08-09T05:18:04Z
2026-08-09T05:15:34Z,2026-08-09T07:15:34+0200,72a31bd2-8518-490a-bfbe-24bda838aac9,2026-08-03T06:45:00Z,2026-08-03T08:45:00+0200,5447.65164,MW,DE,DE_LU,actual_onshore_wind_generation,Wind Onshore,2026-08-09T05:18:04Z
2026-08-09T05:15:34Z,2026-08-09T07:15:34+0200,72a31bd2-8518-490a-bfbe-24bda838aac9,2026-08-03T07:00:00Z,2026-08-03T09:00:00+0200,4841.72795,MW,DE,DE_LU,actual_onshore_wind_generation,Wind Onshore,2026-08-09T05:18:04Z
2026-08-09T05:15:34Z,2026-08-09T07:15:34+0200,72a31bd2-8518-490a-bfbe-24bda838aac9,2026-08-03T07:15:00Z,2026-08-03T09:15:00+0200,4523.12418,MW,DE,DE_LU,actual_onshore_wind_generation,Wind Onshore,2026-08-09T05:18:04Z
2026-08-09T05:15:34Z,2026-08-09T07:15:34+0200,72a31bd2-8518-490a-bfbe-24bda838aac9,2026-08-03T07:30:00Z,2026-08-03T09:30:00+0200,4230.75695,MW,DE,DE_LU,actual_onshore_wind_generation,Wind Onshore,2026-08-09T05:18:04Z
2026-08-09T05:15:34Z,2026-08-09T07:15:34+0200,72a31bd2-8518-490a-bfbe-24bda838aac9,2026-08-03T07:45:00Z,2026-08-03T09:45:00+0200,4312.47669,MW,DE,DE_LU,actual_onshore_wind_generation,Wind Onshore,2026-08-09T05:18:04Z
2026-08-09T05:15:34Z,2026-08-09T07:15:34+0200,72a31bd2-8518-490a-bfbe-24bda838aac9,2026-08-03T08:00:00Z,2026-08-03T10:00:00+0200,4485.26522,MW,DE,DE_LU,actual_onshore_wind_generation,Wind Onshore,2026-08-09T05:18:04Z
2026-08-09T05:15:34Z,2026-08-09T07:15:34+0200,72a31bd2-8518-490a-bfbe-24bda838aac9,2026-08-03T08:15:00Z,2026-08-03T10:15:00+0200,4815.04948,MW,DE,DE_LU,actual_onshore_wind_generation,Wind Onshore,2026-08-09T05:18:04Z
2026-08-09T05:15:34Z,2026-08-09T07:15:34+0200,72a31bd2-8518-490a-bfbe-24bda838aac9,2026-08-03T08:30:00Z,2026-08-03T10:30:00+0200,5187.87762,MW,DE,DE_LU,actual_onshore_wind_generation,Wind Onshore,2026-08-09T05:18:04Z
2026-08-09T05:15:34Z,2026-08-09T07:15:34+0200,72a31bd2-8518-490a-bfbe-24bda838aac9,2026-08-03T08:45:00Z,2026-08-03T10:45:00+0200,5437.90874,MW,DE,DE_LU,actual_onshore_wind_generation,Wind Onshore,2026-08-09T05:18:04Z
2026-08-09T05:15:34Z,2026-08-09T07:15:34+0200,72a31bd2-8518-490a-bfbe-24bda838aac9,2026-08-03T09:00:00Z,2026-08-03T11:00:00+0200,5706.96089,MW,DE,DE_LU,actual_onshore_wind_generation,Wind Onshore,2026-08-09T05:18:04Z
2026-08-09T05:15:34Z,2026-08-09T07:15:34+0200,72a31bd2-8518-490a-bfbe-24bda838aac9,2026-08-03T09:15:00Z,2026-08-03T11:15:00+0200,5576.21776,MW,DE,DE_LU,actual_onshore_wind_generation,Wind Onshore,2026-08-09T05:18:04Z
2026-08-09T05:15:34Z,2026-08-09T07:15:34+0200,72a31bd2-8518-490a-bfbe-24bda838aac9,2026-08-03T09:30:00Z,2026-08-03T11:30:00+0200,5774.7511,MW,DE,DE_LU,actual_onshore_wind_generation,Wind Onshore,2026-08-09T05:18:04Z
2026-08-09T05:15:34Z,2026-08-09T07:15:34+0200,72a31bd2-8518-490a-bfbe-24bda838aac9,2026-08-03T09:45:00Z,2026-08-03T11:45:00+0200,5838.93736,MW,DE,DE_LU,actual_onshore_wind_generation,Wind Onshore,2026-08-09T05:18:04Z
2026-08-09T05:15:34Z,2026-08-09T07:15:34+0200,72a31bd2-8518-490a-bfbe-24bda838aac9,2026-08-03T10:00:00Z,2026-08-03T12:00:00+0200,5862.59199,MW,DE,DE_LU,actual_onshore_wind_generation,Wind Onshore,2026-08-09T05:18:04Z
2026-08-09T05:15:34Z,2026-08-09T07:15:34+0200,72a31bd2-8518-490a-bfbe-24bda838aac9,2026-08-03T10:15:00Z,2026-08-03T12:15:00+0200,5648.91894,MW,DE,DE_LU,actual_onshore_wind_generation,Wind Onshore,2026-08-09T05:18:04Z
2026-08-09T05:15:34Z,2026-08-09T07:15:34+0200,72a31bd2-8518-490a-bfbe-24bda838aac9,2026-08-03T10:30:00Z,2026-08-03T12:30:00+0200,5471.09362,MW,DE,DE_LU,actual_onshore_wind_generation,Wind Onshore,2026-08-09T05:18:04Z
2026-08-09T05:15:34Z,2026-08-09T07:15:34+0200,72a31bd2-8518-490a-bfbe-24bda838aac9,2026-08-03T10:45:00Z,2026-08-03T12:45:00+0200,5311.87639,MW,DE,DE_LU,actual_onshore_wind_generation,Wind Onshore,2026-08-09T05:18:04Z
2026-08-09T05:15:34Z,2026-08-09T07:15:34+0200,72a31bd2-8518-490a-bfbe-24bda838aac9,2026-08-03T11:00:00Z,2026-08-03T13:00:00+0200,5304.35035,MW,DE,DE_LU,actual_onshore_wind_generation,Wind Onshore,2026-08-09T05:18:04Z
2026-08-09T05:15:34Z,2026-08-09T07:15:34+0200,72a31bd2-8518-490a-bfbe-24bda838aac9,2026-08-03T11:15:00Z,2026-08-03T13:15:00+0200,5358.98416,MW,DE,DE_LU,actual_onshore_wind_generation,Wind Onshore,2026-08-09T05:18:04Z
2026-08-09T05:15:34Z,2026-08-09T07:15:34+0200,72a31bd2-8518-490a-bfbe-24bda838aac9,2026-08-03T11:30:00Z,2026-08-03T13:30:00+0200,5524.26347,MW,DE,DE_LU,actual_onshore_wind_generation,Wind Onshore,2026-08-09T05:18:04Z
2026-08-09T05:15:34Z,2026-08-09T07:15:34+0200,72a31bd2-8518-490a-bfbe-24bda838aac9,2026-08-03T11:45:00Z,2026-08-03T13:45:00+0200,5495.82653,MW,DE,DE_LU,actual_onshore_wind_generation,Wind Onshore,2026-08-09T05:18:04Z
2026-08-09T05:15:34Z,2026-08-09T07:15:34+0200,72a31bd2-8518-490a-bfbe-24bda838aac9,2026-08-03T12:00:00Z,2026-08-03T14:00:00+0200,5316.03409,MW,DE,DE_LU,actual_onshore_wind_generation,Wind Onshore,2026-08-09T05:18:04Z
2026-08-09T05:15:34Z,2026-08-09T07:15:34+0200,72a31bd2-8518-490a-bfbe-24bda838aac9,2026-08-03T12:15:00Z,2026-08-03T14:15:00+0200,5196.76174,MW,DE,DE_LU,actual_onshore_wind_generation,Wind Onshore,2026-08-09T05:18:04Z
2026-08-09T05:15:34Z,2026-08-09T07:15:34+0200,72a31bd2-8518-490a-bfbe-24bda838aac9,2026-08-03T12:30:00Z,2026-08-03T14:30:00+0200,5228.86435,MW,DE,DE_LU,actual_onshore_wind_generation,Wind Onshore,2026-08-09T05:18:04Z
2026-08-09T05:15:34Z,2026-08-09T07:15:34+0200,72a31bd2-8518-490a-bfbe-24bda838aac9,2026-08-03T12:45:00Z,2026-08-03T14:45:00+0200,5068.24348,MW,DE,DE_LU,actual_onshore_wind_generation,Wind Onshore,2026-08-09T05:18:04Z
2026-08-09T05:15:34Z,2026-08-09T07:15:34+0200,72a31bd2-8518-490a-bfbe-24bda838aac9,2026-08-03T13:00:00Z,2026-08-03T15:00:00+0200,5060.95715,MW,DE,DE_LU,actual_onshore_wind_generation,Wind Onshore,2026-08-09T05:18:04Z
2026-08-09T05:15:34Z,2026-08-09T07:15:34+0200,72a31bd2-8518-490a-bfbe-24bda838aac9,2026-08-03T13:15:00Z,2026-08-03T15:15:00+0200,5026.62989,MW,DE,DE_LU,actual_onshore_wind_generation,Wind Onshore,2026-08-09T05:18:04Z
2026-08-09T05:15:34Z,2026-08-09T07:15:34+0200,72a31bd2-8518-490a-bfbe-24bda838aac9,2026-08-03T13:30:00Z,2026-08-03T15:30:00+0200,5114.3179,MW,DE,DE_LU,actual_onshore_wind_generation,Wind Onshore,2026-08-09T05:18:04Z
2026-08-09T05:15:34Z,2026-08-09T07:15:34+0200,72a31bd2-8518-490a-bfbe-24bda838aac9,2026-08-03T13:45:00Z,2026-08-03T15:45:00+0200,5135.06891,MW,DE,DE_LU,actual_onshore_wind_generation,Wind Onshore,2026-08-09T05:18:04Z
2026-08-09T05:15:34Z,2026-08-09T07:15:34+0200,72a31bd2-8518-490a-bfbe-24bda838aac9,2026-08-03T14:00:00Z,2026-08-03T16:00:00+0200,5095.74958,MW,DE,DE_LU,actual_onshore_wind_generation,Wind Onshore,2026-08-09T05:18:04Z
2026-08-09T05:15:34Z,2026-08-09T07:15:34+0200,72a31bd2-8518-490a-bfbe-24bda838aac9,2026-08-03T14:15:00Z,2026-08-03T16:15:00+0200,5191.75937,MW,DE,DE_LU,actual_onshore_wind_generation,Wind Onshore,2026-08-09T05:18:04Z
2026-08-09T05:15:34Z,2026-08-09T07:15:34+0200,72a31bd2-8518-490a-bfbe-24bda838aac9,2026-08-03T14:30:00Z,2026-08-03T16:30:00+0200,5282.99643,MW,DE,DE_LU,actual_onshore_wind_generation,Wind Onshore,2026-08-09T05:18:04Z
2026-08-09T05:15:34Z,2026-08-09T07:15:34+0200,72a31bd2-8518-490a-bfbe-24bda838aac9,2026-08-03T14:45:00Z,2026-08-03T16:45:00+0200,5354.74726,MW,DE,DE_LU,actual_onshore_wind_generation,Wind Onshore,2026-08-09T05:18:04Z
2026-08-09T05:15:34Z,2026-08-09T07:15:34+0200,72a31bd2-8518-490a-bfbe-24bda838aac9,2026-08-03T15:00:00Z,2026-08-03T17:00:00+0200,5553.86703,MW,DE,DE_LU,actual_onshore_wind_generation,Wind Onshore,2026-08-09T05:18:04Z
2026-08-09T05:15:34Z,2026-08-09T07:15:34+0200,72a31bd2-8518-490a-bfbe-24bda838aac9,2026-08-03T15:15:00Z,2026-08-03T17:15:00+0200,5765.11958,MW,DE,DE_LU,actual_onshore_wind_generation,Wind Onshore,2026-08-09T05:18:04Z
2026-08-09T05:15:34Z,2026-08-09T07:15:34+0200,72a31bd2-8518-490a-bfbe-24bda838aac9,2026-08-03T15:30:00Z,2026-08-03T17:30:00+0200,6016.56242,MW,DE,DE_LU,actual_onshore_wind_generation,Wind Onshore,2026-08-09T05:18:04Z
2026-08-09T05:15:34Z,2026-08-09T07:15:34+0200,72a31bd2-8518-490a-bfbe-24bda838aac9,2026-08-03T15:45:00Z,2026-08-03T17:45:00+0200,6212.32192,MW,DE,DE_LU,actual_onshore_wind_generation,Wind Onshore,2026-08-09T05:18:04Z
2026-08-09T05:15:34Z,2026-08-09T07:15:34+0200,72a31bd2-8518-490a-bfbe-24bda838aac9,2026-08-03T16:00:00Z,2026-08-03T18:00:00+0200,6427.67782,MW,DE,DE_LU,actual_onshore_wind_generation,Wind Onshore,2026-08-09T05:18:04Z
2026-08-09T05:15:34Z,2026-08-09T07:15:34+0200,72a31bd2-8518-490a-bfbe-24bda838aac9,2026-08-03T16:15:00Z,2026-08-03T18:15:00+0200,6761.45202,MW,DE,DE_LU,actual_onshore_wind_generation,Wind Onshore,2026-08-09T05:18:04Z
2026-08-09T05:15:34Z,2026-08-09T07:15:34+0200,72a31bd2-8518-490a-bfbe-24bda838aac9,2026-08-03T16:30:00Z,2026-08-03T18:30:00+0200,7149.01131,MW,DE,DE_LU,actual_onshore_wind_generation,Wind Onshore,2026-08-09T05:18:04Z
2026-08-09T05:15:34Z,2026-08-09T07:15:34+0200,72a31bd2-8518-490a-bfbe-24bda838aac9,2026-08-03T16:45:00Z,2026-08-03T18:45:00+0200,7364.39791,MW,DE,DE_LU,actual_onshore_wind_generation,Wind Onshore,2026-08-09T05:18:04Z
2026-08-09T05:15:34Z,2026-08-09T07:15:34+0200,72a31bd2-8518-490a-bfbe-24bda838aac9,2026-08-03T17:00:00Z,2026-08-03T19:00:00+0200,7793.1341,MW,DE,DE_LU,actual_onshore_wind_generation,Wind Onshore,2026-08-09T05:18:04Z
2026-08-09T05:15:34Z,2026-08-09T07:15:34+0200,72a31bd2-8518-490a-bfbe-24bda838aac9,2026-08-03T17:15:00Z,2026-08-03T19:15:00+0200,8339.347,MW,DE,DE_LU,actual_onshore_wind_generation,Wind Onshore,2026-08-09T05:18:04Z
2026-08-09T05:15:34Z,2026-08-09T07:15:34+0200,72a31bd2-8518-490a-bfbe-24bda838aac9,2026-08-03T17:30:00Z,2026-08-03T19:30:00+0200,8713.1397,MW,DE,DE_LU,actual_onshore_wind_generation,Wind Onshore,2026-08-09T05:18:04Z
2026-08-09T05:15:34Z,2026-08-09T07:15:34+0200,72a31bd2-8518-490a-bfbe-24bda838aac9,2026-08-03T17:45:00Z,2026-08-03T19:45:00+0200,8781.69329,MW,DE,DE_LU,actual_onshore_wind_generation,Wind Onshore,2026-08-09T05:18:04Z
2026-08-09T05:15:34Z,2026-08-09T07:15:34+0200,72a31bd2-8518-490a-bfbe-24bda838aac9,2026-08-03T18:00:00Z,2026-08-03T20:00:00+0200,8864.95624,MW,DE,DE_LU,actual_onshore_wind_generation,Wind Onshore,2026-08-09T05:18:04Z
2026-08-09T05:15:34Z,2026-08-09T07:15:34+0200,72a31bd2-8518-490a-bfbe-24bda838aac9,2026-08-03T18:15:00Z,2026-08-03T20:15:00+0200,8730.81001,MW,DE,DE_LU,actual_onshore_wind_generation,Wind Onshore,2026-08-09T05:18:04Z
2026-08-09T05:15:34Z,2026-08-09T07:15:34+0200,72a31bd2-8518-490a-bfbe-24bda838aac9,2026-08-03T18:30:00Z,2026-08-03T20:30:00+0200,9459.25299,MW,DE,DE_LU,actual_onshore_wind_generation,Wind Onshore,2026-08-09T05:18:04Z
2026-08-09T05:15:34Z,2026-08-09T07:15:34+0200,72a31bd2-8518-490a-bfbe-24bda838aac9,2026-08-03T18:45:00Z,2026-08-03T20:45:00+0200,10979.41276,MW,DE,DE_LU,actual_onshore_wind_generation,Wind Onshore,2026-08-09T05:18:04Z
2026-08-09T05:15:34Z,2026-08-09T07:15:34+0200,72a31bd2-8518-490a-bfbe-24bda838aac9,2026-08-03T19:00:00Z,2026-08-03T21:00:00+0200,12033.87445,MW,DE,DE_LU,actual_onshore_wind_generation,Wind Onshore,2026-08-09T05:18:04Z
2026-08-09T05:15:34Z,2026-08-09T07:15:34+0200,72a31bd2-8518-490a-bfbe-24bda838aac9,2026-08-03T19:15:00Z,2026-08-03T21:15:00+0200,12865.28307,MW,DE,DE_LU,actual_onshore_wind_generation,Wind Onshore,2026-08-09T05:18:04Z
2026-08-09T05:15:34Z,2026-08-09T07:15:34+0200,72a31bd2-8518-490a-bfbe-24bda838aac9,2026-08-03T19:30:00Z,2026-08-03T21:30:00+0200,14059.45882,MW,DE,DE_LU,actual_onshore_wind_generation,Wind Onshore,2026-08-09T05:18:04Z
2026-08-09T05:15:34Z,2026-08-09T07:15:34+0200,72a31bd2-8518-490a-bfbe-24bda838aac9,2026-08-03T19:45:00Z,2026-08-03T21:45:00+0200,14610.27302,MW,DE,DE_LU,actual_onshore_wind_generation,Wind Onshore,2026-08-09T05:18:04Z
2026-08-09T05:15:34Z,2026-08-09T07:15:34+0200,72a31bd2-8518-490a-bfbe-24bda838aac9,2026-08-03T20:00:00Z,2026-08-03T22:00:00+0200,14544.94736,MW,DE,DE_LU,actual_onshore_wind_generation,Wind Onshore,2026-08-09T05:18:04Z
2026-08-09T05:15:34Z,2026-08-09T07:15:34+0200,72a31bd2-8518-490a-bfbe-24bda838aac9,2026-08-03T20:15:00Z,2026-08-03T22:15:00+0200,15423.58034,MW,DE,DE_LU,actual_onshore_wind_generation,Wind Onshore,2026-08-09T05:18:04Z
2026-08-09T05:15:34Z,2026-08-09T07:15:34+0200,72a31bd2-8518-490a-bfbe-24bda838aac9,2026-08-03T20:30:00Z,2026-08-03T22:30:00+0200,15990.30213,MW,DE,DE_LU,actual_onshore_wind_generation,Wind Onshore,2026-08-09T05:18:04Z
2026-08-09T05:15:34Z,2026-08-09T07:15:34+0200,72a31bd2-8518-490a-bfbe-24bda838aac9,2026-08-03T20:45:00Z,2026-08-03T22:45:00+0200,16355.54537,MW,DE,DE_LU,actual_onshore_wind_generation,Wind Onshore,2026-08-09T05:18:04Z
2026-08-09T05:15:34Z,2026-08-09T07:15:34+0200,72a31bd2-8518-490a-bfbe-24bda838aac9,2026-08-03T21:00:00Z,2026-08-03T23:00:00+0200,16653.12705,MW,DE,DE_LU,actual_onshore_wind_generation,Wind Onshore,2026-08-09T05:18:04Z
2026-08-09T05:15:34Z,2026-08-09T07:15:34+0200,72a31bd2-8518-490a-bfbe-24bda838aac9,2026-08-03T21:15:00Z,2026-08-03T23:15:00+0200,16647.94639,MW,DE,DE_LU,actual_onshore_wind_generation,Wind Onshore,2026-08-09T05:18:04Z
2026-08-09T05:15:34Z,2026-08-09T07:15:34+0200,72a31bd2-8518-490a-bfbe-24bda838aac9,2026-08-03T21:30:00Z,2026-08-03T23:30:00+0200,16799.93559,MW,DE,DE_LU,actual_onshore_wind_generation,Wind Onshore,2026-08-09T05:18:04Z
2026-08-09T05:15:34Z,2026-08-09T07:15:34+0200,72a31bd2-8518-490a-bfbe-24bda838aac9,2026-08-03T21:45:00Z,2026-08-03T23:45:00+0200,16990.49571,MW,DE,DE_LU,actual_onshore_wind_generation,Wind Onshore,2026-08-09T05:18:04Z
2026-08-09T05:15:34Z,2026-08-09T07:15:34+0200,72a31bd2-8518-490a-bfbe-24bda838aac9,2026-08-03T22:00:00Z,2026-08-04T00:00:00+0200,17298.451,MW,DE,DE_LU,actual_onshore_wind_generation,Wind Onshore,2026-08-09T05:18:04Z
2026-08-09T05:15:34Z,2026-08-09T07:15:34+0200,72a31bd2-8518-490a-bfbe-24bda838aac9,2026-08-03T22:15:00Z,2026-08-04T00:15:00+0200,17485.354,MW,DE,DE_LU,actual_onshore_wind_generation,Wind Onshore,2026-08-09T05:18:04Z
2026-08-09T05:15:34Z,2026-08-09T07:15:34+0200,72a31bd2-8518-490a-bfbe-24bda838aac9,2026-08-03T22:30:00Z,2026-08-04T00:30:00+0200,17285.25,MW,DE,DE_LU,actual_onshore_wind_generation,Wind Onshore,2026-08-09T05:18:04Z
2026-08-09T05:15:34Z,2026-08-09T07:15:34+0200,72a31bd2-8518-490a-bfbe-24bda838aac9,2026-08-03T22:45:00Z,2026-08-04T00:45:00+0200,16817.61,MW,DE,DE_LU,actual_onshore_wind_generation,Wind Onshore,2026-08-09T05:18:04Z
2026-08-09T05:15:34Z,2026-08-09T07:15:34+0200,72a31bd2-8518-490a-bfbe-24bda838aac9,2026-08-03T23:00:00Z,2026-08-04T01:00:00+0200,16239.901,MW,DE,DE_LU,actual_onshore_wind_generation,Wind Onshore,2026-08-09T05:18:04Z
2026-08-09T05:15:34Z,2026-08-09T07:15:34+0200,72a31bd2-8518-490a-bfbe-24bda838aac9,2026-08-03T23:15:00Z,2026-08-04T01:15:00+0200,15795.538,MW,DE,DE_LU,actual_onshore_wind_generation,Wind Onshore,2026-08-09T05:18:04Z
2026-08-09T05:15:34Z,2026-08-09T07:15:34+0200,72a31bd2-8518-490a-bfbe-24bda838aac9,2026-08-03T23:30:00Z,2026-08-04T01:30:00+0200,15721.152,MW,DE,DE_LU,actual_onshore_wind_generation,Wind Onshore,2026-08-09T05:18:04Z
2026-08-09T05:15:34Z,2026-08-09T07:15:34+0200,72a31bd2-8518-490a-bfbe-24bda838aac9,2026-08-03T23:45:00Z,2026-08-04T01:45:00+0200,15328.201,MW,DE,DE_LU,actual_onshore_wind_generation,Wind Onshore,2026-08-09T05:18:04Z
2026-08-09T05:15:34Z,2026-08-09T07:15:34+0200,72a31bd2-8518-490a-bfbe-24bda838aac9,2026-08-04T00:00:00Z,2026-08-04T02:00:00+0200,14942.107,MW,DE,DE_LU,actual_onshore_wind_generation,Wind Onshore,2026-08-09T05:18:04Z
2026-08-09T05:15:34Z,2026-08-09T07:15:34+0200,72a31bd2-8518-490a-bfbe-24bda838aac9,2026-08-04T00:15:00Z,2026-08-04T02:15:00+0200,14316.796,MW,DE,DE_LU,actual_onshore_wind_generation,Wind Onshore,2026-08-09T05:18:04Z
2026-08-09T05:15:34Z,2026-08-09T07:15:34+0200,72a31bd2-8518-490a-bfbe-24bda838aac9,2026-08-04T00:30:00Z,2026-08-04T02:30:00+0200,13738.789,MW,DE,DE_LU,actual_onshore_wind_generation,Wind Onshore,2026-08-09T05:18:04Z
2026-08-09T05:15:34Z,2026-08-09T07:15:34+0200,72a31bd2-8518-490a-bfbe-24bda838aac9,2026-08-04T00:45:00Z,2026-08-04T02:45:00+0200,13310.629,MW,DE,DE_LU,actual_onshore_wind_generation,Wind Onshore,2026-08-09T05:18:04Z
2026-08-09T05:15:34Z,2026-08-09T07:15:34+0200,72a31bd2-8518-490a-bfbe-24bda838aac9,2026-08-04T01:00:00Z,2026-08-04T03:00:00+0200,12863.327,MW,DE,DE_LU,actual_onshore_wind_generation,Wind Onshore,2026-08-09T05:18:04Z
2026-08-09T05:15:34Z,2026-08-09T07:15:34+0200,72a31bd2-8518-490a-bfbe-24bda838aac9,2026-08-04T01:15:00Z,2026-08-04T03:15:00+0200,12464.496,MW,DE,DE_LU,actual_onshore_wind_generation,Wind Onshore,2026-08-09T05:18:04Z
2026-08-09T05:15:34Z,2026-08-09T07:15:34+0200,72a31bd2-8518-490a-bfbe-24bda838aac9,2026-08-04T01:30:00Z,2026-08-04T03:30:00+0200,11469.277,MW,DE,DE_LU,actual_onshore_wind_generation,Wind Onshore,2026-08-09T05:18:04Z
2026-08-09T05:15:34Z,2026-08-09T07:15:34+0200,72a31bd2-8518-490a-bfbe-24bda838aac9,2026-08-04T01:45:00Z,2026-08-04T03:45:00+0200,10519.796,MW,DE,DE_LU,actual_onshore_wind_generation,Wind Onshore,2026-08-09T05:18:04Z
2026-08-09T05:15:34Z,2026-08-09T07:15:34+0200,72a31bd2-8518-490a-bfbe-24bda838aac9,2026-08-04T02:00:00Z,2026-08-04T04:00:00+0200,9856.037,MW,DE,DE_LU,actual_onshore_wind_generation,Wind Onshore,2026-08-09T05:18:04Z
2026-08-09T05:15:34Z,2026-08-09T07:15:34+0200,72a31bd2-8518-490a-bfbe-24bda838aac9,2026-08-04T02:15:00Z,2026-08-04T04:15:00+0200,9266.012,MW,DE,DE_LU,actual_onshore_wind_generation,Wind Onshore,2026-08-09T05:18:04Z
2026-08-09T05:15:34Z,2026-08-09T07:15:34+0200,72a31bd2-8518-490a-bfbe-24bda838aac9,2026-08-04T02:30:00Z,2026-08-04T04:30:00+0200,8914.343,MW,DE,DE_LU,actual_onshore_wind_generation,Wind Onshore,2026-08-09T05:18:04Z
2026-08-09T05:15:34Z,2026-08-09T07:15:34+0200,72a31bd2-8518-490a-bfbe-24bda838aac9,2026-08-04T02:45:00Z,2026-08-04T04:45:00+0200,9075.523,MW,DE,DE_LU,actual_onshore_wind_generation,Wind Onshore,2026-08-09T05:18:04Z
2026-08-09T05:15:34Z,2026-08-09T07:15:34+0200,72a31bd2-8518-490a-bfbe-24bda838aac9,2026-08-04T03:00:00Z,2026-08-04T05:00:00+0200,9479.583,MW,DE,DE_LU,actual_onshore_wind_generation,Wind Onshore,2026-08-09T05:18:04Z
2026-08-09T05:15:34Z,2026-08-09T07:15:34+0200,72a31bd2-8518-490a-bfbe-24bda838aac9,2026-08-04T03:15:00Z,2026-08-04T05:15:00+0200,10084.672,MW,DE,DE_LU,actual_onshore_wind_generation,Wind Onshore,2026-08-09T05:18:04Z
2026-08-09T05:15:34Z,2026-08-09T07:15:34+0200,72a31bd2-8518-490a-bfbe-24bda838aac9,2026-08-04T03:30:00Z,2026-08-04T05:30:00+0200,9863.081,MW,DE,DE_LU,actual_onshore_wind_generation,Wind Onshore,2026-08-09T05:18:04Z
2026-08-09T05:15:34Z,2026-08-09T07:15:34+0200,72a31bd2-8518-490a-bfbe-24bda838aac9,2026-08-04T03:45:00Z,2026-08-04T05:45:00+0200,10011.812,MW,DE,DE_LU,actual_onshore_wind_generation,Wind Onshore,2026-08-09T05:18:04Z
2026-08-09T05:15:34Z,2026-08-09T07:15:34+0200,72a31bd2-8518-490a-bfbe-24bda838aac9,2026-08-04T04:00:00Z,2026-08-04T06:00:00+0200,10218.639,MW,DE,DE_LU,actual_onshore_wind_generation,Wind Onshore,2026-08-09T05:18:04Z
2026-08-09T05:15:34Z,2026-08-09T07:15:34+0200,72a31bd2-8518-490a-bfbe-24bda838aac9,2026-08-04T04:15:00Z,2026-08-04T06:15:00+0200,9777.892,MW,DE,DE_LU,actual_onshore_wind_generation,Wind Onshore,2026-08-09T05:18:04Z
2026-08-09T05:15:34Z,2026-08-09T07:15:34+0200,72a31bd2-8518-490a-bfbe-24bda838aac9,2026-08-04T04:30:00Z,2026-08-04T06:30:00+0200,9901.589,MW,DE,DE_LU,actual_onshore_wind_generation,Wind Onshore,2026-08-09T05:18:04Z
2026-08-09T05:15:34Z,2026-08-09T07:15:34+0200,72a31bd2-8518-490a-bfbe-24bda838aac9,2026-08-04T04:45:00Z,2026-08-04T06:45:00+0200,9704.119,MW,DE,DE_LU,actual_onshore_wind_generation,Wind Onshore,2026-08-09T05:18:04Z
2026-08-09T05:15:34Z,2026-08-09T07:15:34+0200,72a31bd2-8518-490a-bfbe-24bda838aac9,2026-08-04T05:00:00Z,2026-08-04T07:00:00+0200,9228.396,MW,DE,DE_LU,actual_onshore_wind_generation,Wind Onshore,2026-08-09T05:18:04Z
2026-08-09T05:15:34Z,2026-08-09T07:15:34+0200,72a31bd2-8518-490a-bfbe-24bda838aac9,2026-08-04T05:15:00Z,2026-08-04T07:15:00+0200,8762.659,MW,DE,DE_LU,actual_onshore_wind_generation,Wind Onshore,2026-08-09T05:18:04Z
2026-08-09T05:15:34Z,2026-08-09T07:15:34+0200,72a31bd2-8518-490a-bfbe-24bda838aac9,2026-08-04T05:30:00Z,2026-08-04T07:30:00+0200,8452.916,MW,DE,DE_LU,actual_onshore_wind_generation,Wind Onshore,2026-08-09T05:18:04Z
2026-08-09T05:15:34Z,2026-08-09T07:15:34+0200,72a31bd2-8518-490a-bfbe-24bda838aac9,2026-08-04T05:45:00Z,2026-08-04T07:45:00+0200,7833.814,MW,DE,DE_LU,actual_onshore_wind_generation,Wind Onshore,2026-08-09T05:18:04Z
2026-08-09T05:15:34Z,2026-08-09T07:15:34+0200,72a31bd2-8518-490a-bfbe-24bda838aac9,2026-08-04T06:00:00Z,2026-08-04T08:00:00+0200,7379.148,MW,DE,DE_LU,actual_onshore_wind_generation,Wind Onshore,2026-08-09T05:18:04Z
2026-08-09T05:15:34Z,2026-08-09T07:15:34+0200,72a31bd2-8518-490a-bfbe-24bda838aac9,2026-08-04T06:15:00Z,2026-08-04T08:15:00+0200,6660.585,MW,DE,DE_LU,actual_onshore_wind_generation,Wind Onshore,2026-08-09T05:18:04Z
2026-08-09T05:15:34Z,2026-08-09T07:15:34+0200,72a31bd2-8518-490a-bfbe-24bda838aac9,2026-08-04T06:30:00Z,2026-08-04T08:30:00+0200,6042.551,MW,DE,DE_LU,actual_onshore_wind_generation,Wind Onshore,2026-08-09T05:18:04Z
2026-08-09T05:15:34Z,2026-08-09T07:15:34+0200,72a31bd2-8518-490a-bfbe-24bda838aac9,2026-08-04T06:45:00Z,2026-08-04T08:45:00+0200,5380.142,MW,DE,DE_LU,actual_onshore_wind_generation,Wind Onshore,2026-08-09T05:18:04Z
2026-08-09T05:15:34Z,2026-08-09T07:15:34+0200,72a31bd2-8518-490a-bfbe-24bda838aac9,2026-08-04T07:00:00Z,2026-08-04T09:00:00+0200,4705.736,MW,DE,DE_LU,actual_onshore_wind_generation,Wind Onshore,2026-08-09T05:18:04Z
2026-08-09T05:15:34Z,2026-08-09T07:15:34+0200,72a31bd2-8518-490a-bfbe-24bda838aac9,2026-08-04T07:15:00Z,2026-08-04T09:15:00+0200,4244.145,MW,DE,DE_LU,actual_onshore_wind_generation,Wind Onshore,2026-08-09T05:18:04Z
2026-08-09T05:15:34Z,2026-08-09T07:15:34+0200,72a31bd2-8518-490a-bfbe-24bda838aac9,2026-08-04T07:30:00Z,2026-08-04T09:30:00+0200,4147.299,MW,DE,DE_LU,actual_onshore_wind_generation,Wind Onshore,2026-08-09T05:18:04Z
2026-08-09T05:15:34Z,2026-08-09T07:15:34+0200,72a31bd2-8518-490a-bfbe-24bda838aac9,2026-08-04T07:45:00Z,2026-08-04T09:45:00+0200,4155.225,MW,DE,DE_LU,actual_onshore_wind_generation,Wind Onshore,2026-08-09T05:18:04Z
2026-08-09T05:15:34Z,2026-08-09T07:15:34+0200,72a31bd2-8518-490a-bfbe-24bda838aac9,2026-08-04T08:00:00Z,2026-08-04T10:00:00+0200,4132.44,MW,DE,DE_LU,actual_onshore_wind_generation,Wind Onshore,2026-08-09T05:18:04Z
2026-08-09T05:15:34Z,2026-08-09T07:15:34+0200,72a31bd2-8518-490a-bfbe-24bda838aac9,2026-08-04T08:15:00Z,2026-08-04T10:15:00+0200,4160.957,MW,DE,DE_LU,actual_onshore_wind_generation,Wind Onshore,2026-08-09T05:18:04Z
2026-08-09T05:15:34Z,2026-08-09T07:15:34+0200,72a31bd2-8518-490a-bfbe-24bda838aac9,2026-08-04T08:30:00Z,2026-08-04T10:30:00+0200,4090.266,MW,DE,DE_LU,actual_onshore_wind_generation,Wind Onshore,2026-08-09T05:18:04Z
2026-08-09T05:15:34Z,2026-08-09T07:15:34+0200,72a31bd2-8518-490a-bfbe-24bda838aac9,2026-08-04T08:45:00Z,2026-08-04T10:45:00+0200,4068.167,MW,DE,DE_LU,actual_onshore_wind_generation,Wind Onshore,2026-08-09T05:18:04Z
2026-08-09T05:15:34Z,2026-08-09T07:15:34+0200,72a31bd2-8518-490a-bfbe-24bda838aac9,2026-08-04T09:00:00Z,2026-08-04T11:00:00+0200,3969.346,MW,DE,DE_LU,actual_onshore_wind_generation,Wind Onshore,2026-08-09T05:18:04Z
2026-08-09T05:15:34Z,2026-08-09T07:15:34+0200,72a31bd2-8518-490a-bfbe-24bda838aac9,2026-08-04T09:15:00Z,2026-08-04T11:15:00+0200,4022.482,MW,DE,DE_LU,actual_onshore_wind_generation,Wind Onshore,2026-08-09T05:18:04Z
2026-08-09T05:15:34Z,2026-08-09T07:15:34+0200,72a31bd2-8518-490a-bfbe-24bda838aac9,2026-08-04T09:30:00Z,2026-08-04T11:30:00+0200,4006.666,MW,DE,DE_LU,actual_onshore_wind_generation,Wind Onshore,2026-08-09T05:18:04Z
2026-08-09T05:15:34Z,2026-08-09T07:15:34+0200,72a31bd2-8518-490a-bfbe-24bda838aac9,2026-08-04T09:45:00Z,2026-08-04T11:45:00+0200,3824.735,MW,DE,DE_LU,actual_onshore_wind_generation,Wind Onshore,2026-08-09T05:18:04Z
2026-08-09T05:15:34Z,2026-08-09T07:15:34+0200,72a31bd2-8518-490a-bfbe-24bda838aac9,2026-08-04T10:00:00Z,2026-08-04T12:00:00+0200,3672.986,MW,DE,DE_LU,actual_onshore_wind_generation,Wind Onshore,2026-08-09T05:18:04Z
2026-08-09T05:15:34Z,2026-08-09T07:15:34+0200,72a31bd2-8518-490a-bfbe-24bda838aac9,2026-08-04T10:15:00Z,2026-08-04T12:15:00+0200,3606.4,MW,DE,DE_LU,actual_onshore_wind_generation,Wind Onshore,2026-08-09T05:18:04Z
2026-08-09T05:15:34Z,2026-08-09T07:15:34+0200,72a31bd2-8518-490a-bfbe-24bda838aac9,2026-08-04T10:30:00Z,2026-08-04T12:30:00+0200,3633.288,MW,DE,DE_LU,actual_onshore_wind_generation,Wind Onshore,2026-08-09T05:18:04Z
2026-08-09T05:15:34Z,2026-08-09T07:15:34+0200,72a31bd2-8518-490a-bfbe-24bda838aac9,2026-08-04T10:45:00Z,2026-08-04T12:45:00+0200,3649.798,MW,DE,DE_LU,actual_onshore_wind_generation,Wind Onshore,2026-08-09T05:18:04Z
2026-08-09T05:15:34Z,2026-08-09T07:15:34+0200,72a31bd2-8518-490a-bfbe-24bda838aac9,2026-08-04T11:00:00Z,2026-08-04T13:00:00+0200,3726.172,MW,DE,DE_LU,actual_onshore_wind_generation,Wind Onshore,2026-08-09T05:18:04Z
2026-08-09T05:15:34Z,2026-08-09T07:15:34+0200,72a31bd2-8518-490a-bfbe-24bda838aac9,2026-08-04T11:15:00Z,2026-08-04T13:15:00+0200,3742.178,MW,DE,DE_LU,actual_onshore_wind_generation,Wind Onshore,2026-08-09T05:18:04Z
2026-08-09T05:15:34Z,2026-08-09T07:15:34+0200,72a31bd2-8518-490a-bfbe-24bda838aac9,2026-08-04T11:30:00Z,2026-08-04T13:30:00+0200,3529.072,MW,DE,DE_LU,actual_onshore_wind_generation,Wind Onshore,2026-08-09T05:18:04Z
2026-08-09T05:15:34Z,2026-08-09T07:15:34+0200,72a31bd2-8518-490a-bfbe-24bda838aac9,2026-08-04T11:45:00Z,2026-08-04T13:45:00+0200,3393.187,MW,DE,DE_LU,actual_onshore_wind_generation,Wind Onshore,2026-08-09T05:18:04Z
2026-08-09T05:15:34Z,2026-08-09T07:15:34+0200,72a31bd2-8518-490a-bfbe-24bda838aac9,2026-08-04T12:00:00Z,2026-08-04T14:00:00+0200,3234.53,MW,DE,DE_LU,actual_onshore_wind_generation,Wind Onshore,2026-08-09T05:18:04Z
2026-08-09T05:15:34Z,2026-08-09T07:15:34+0200,72a31bd2-8518-490a-bfbe-24bda838aac9,2026-08-04T12:15:00Z,2026-08-04T14:15:00+0200,3163.619,MW,DE,DE_LU,actual_onshore_wind_generation,Wind Onshore,2026-08-09T05:18:04Z
2026-08-09T05:15:34Z,2026-08-09T07:15:34+0200,72a31bd2-8518-490a-bfbe-24bda838aac9,2026-08-04T12:30:00Z,2026-08-04T14:30:00+0200,3252.612,MW,DE,DE_LU,actual_onshore_wind_generation,Wind Onshore,2026-08-09T05:18:04Z
2026-08-09T05:15:34Z,2026-08-09T07:15:34+0200,72a31bd2-8518-490a-bfbe-24bda838aac9,2026-08-04T12:45:00Z,2026-08-04T14:45:00+0200,3285.653,MW,DE,DE_LU,actual_onshore_wind_generation,Wind Onshore,2026-08-09T05:18:04Z
2026-08-09T05:15:34Z,2026-08-09T07:15:34+0200,72a31bd2-8518-490a-bfbe-24bda838aac9,2026-08-04T13:00:00Z,2026-08-04T15:00:00+0200,3420.061,MW,DE,DE_LU,actual_onshore_wind_generation,Wind Onshore,2026-08-09T05:18:04Z
2026-08-09T05:15:34Z,2026-08-09T07:15:34+0200,72a31bd2-8518-490a-bfbe-24bda838aac9,2026-08-04T13:15:00Z,2026-08-04T15:15:00+0200,3568.852,MW,DE,DE_LU,actual_onshore_wind_generation,Wind Onshore,2026-08-09T05:18:04Z
2026-08-09T05:15:34Z,2026-08-09T07:15:34+0200,72a31bd2-8518-490a-bfbe-24bda838aac9,2026-08-04T13:30:00Z,2026-08-04T15:30:00+0200,3574.666,MW,DE,DE_LU,actual_onshore_wind_generation,Wind Onshore,2026-08-09T05:18:04Z
2026-08-09T05:15:34Z,2026-08-09T07:15:34+0200,72a31bd2-8518-490a-bfbe-24bda838aac9,2026-08-04T13:45:00Z,2026-08-04T15:45:00+0200,3581.552,MW,DE,DE_LU,actual_onshore_wind_generation,Wind Onshore,2026-08-09T05:18:04Z
2026-08-09T05:15:34Z,2026-08-09T07:15:34+0200,72a31bd2-8518-490a-bfbe-24bda838aac9,2026-08-04T14:00:00Z,2026-08-04T16:00:00+0200,3623.972,MW,DE,DE_LU,actual_onshore_wind_generation,Wind Onshore,2026-08-09T05:18:04Z
2026-08-09T05:15:34Z,2026-08-09T07:15:34+0200,72a31bd2-8518-490a-bfbe-24bda838aac9,2026-08-04T14:15:00Z,2026-08-04T16:15:00+0200,3713.101,MW,DE,DE_LU,actual_onshore_wind_generation,Wind Onshore,2026-08-09T05:18:04Z
2026-08-09T05:15:34Z,2026-08-09T07:15:34+0200,72a31bd2-8518-490a-bfbe-24bda838aac9,2026-08-04T14:30:00Z,2026-08-04T16:30:00+0200,3693.232,MW,DE,DE_LU,actual_onshore_wind_generation,Wind Onshore,2026-08-09T05:18:04Z
2026-08-09T05:15:34Z,2026-08-09T07:15:34+0200,72a31bd2-8518-490a-bfbe-24bda838aac9,2026-08-04T14:45:00Z,2026-08-04T16:45:00+0200,3704.343,MW,DE,DE_LU,actual_onshore_wind_generation,Wind Onshore,2026-08-09T05:18:04Z
2026-08-09T05:15:34Z,2026-08-09T07:15:34+0200,72a31bd2-8518-490a-bfbe-24bda838aac9,2026-08-04T15:00:00Z,2026-08-04T17:00:00+0200,3741.689,MW,DE,DE_LU,actual_onshore_wind_generation,Wind Onshore,2026-08-09T05:18:04Z
2026-08-09T05:15:34Z,2026-08-09T07:15:34+0200,72a31bd2-8518-490a-bfbe-24bda838aac9,2026-08-04T15:15:00Z,2026-08-04T17:15:00+0200,3826.463,MW,DE,DE_LU,actual_onshore_wind_generation,Wind Onshore,2026-08-09T05:18:04Z
2026-08-09T05:15:34Z,2026-08-09T07:15:34+0200,72a31bd2-8518-490a-bfbe-24bda838aac9,2026-08-04T15:30:00Z,2026-08-04T17:30:00+0200,3812.448,MW,DE,DE_LU,actual_onshore_wind_generation,Wind Onshore,2026-08-09T05:18:04Z
2026-08-09T05:15:34Z,2026-08-09T07:15:34+0200,72a31bd2-8518-490a-bfbe-24bda838aac9,2026-08-04T15:45:00Z,2026-08-04T17:45:00+0200,3734.236,MW,DE,DE_LU,actual_onshore_wind_generation,Wind Onshore,2026-08-09T05:18:04Z
2026-08-09T05:15:34Z,2026-08-09T07:15:34+0200,72a31bd2-8518-490a-bfbe-24bda838aac9,2026-08-04T16:00:00Z,2026-08-04T18:00:00+0200,3756.181,MW,DE,DE_LU,actual_onshore_wind_generation,Wind Onshore,2026-08-09T05:18:04Z
2026-08-09T05:15:34Z,2026-08-09T07:15:34+0200,72a31bd2-8518-490a-bfbe-24bda838aac9,2026-08-04T16:15:00Z,2026-08-04T18:15:00+0200,3778.81,MW,DE,DE_LU,actual_onshore_wind_generation,Wind Onshore,2026-08-09T05:18:04Z
2026-08-09T05:15:34Z,2026-08-09T07:15:34+0200,72a31bd2-8518-490a-bfbe-24bda838aac9,2026-08-04T16:30:00Z,2026-08-04T18:30:00+0200,3795.531,MW,DE,DE_LU,actual_onshore_wind_generation,Wind Onshore,2026-08-09T05:18:04Z
2026-08-09T05:15:34Z,2026-08-09T07:15:34+0200,72a31bd2-8518-490a-bfbe-24bda838aac9,2026-08-04T16:45:00Z,2026-08-04T18:45:00+0200,3761.388,MW,DE,DE_LU,actual_onshore_wind_generation,Wind Onshore,2026-08-09T05:18:04Z
2026-08-09T05:15:34Z,2026-08-09T07:15:34+0200,72a31bd2-8518-490a-bfbe-24bda838aac9,2026-08-04T17:00:00Z,2026-08-04T19:00:00+0200,3754.736,MW,DE,DE_LU,actual_onshore_wind_generation,Wind Onshore,2026-08-09T05:18:04Z
2026-08-09T05:15:34Z,2026-08-09T07:15:34+0200,72a31bd2-8518-490a-bfbe-24bda838aac9,2026-08-04T17:15:00Z,2026-08-04T19:15:00+0200,3786.158,MW,DE,DE_LU,actual_onshore_wind_generation,Wind Onshore,2026-08-09T05:18:04Z
2026-08-09T05:15:34Z,2026-08-09T07:15:34+0200,72a31bd2-8518-490a-bfbe-24bda838aac9,2026-08-04T17:30:00Z,2026-08-04T19:30:00+0200,3820.749,MW,DE,DE_LU,actual_onshore_wind_generation,Wind Onshore,2026-08-09T05:18:04Z
2026-08-09T05:15:34Z,2026-08-09T07:15:34+0200,72a31bd2-8518-490a-bfbe-24bda838aac9,2026-08-04T17:45:00Z,2026-08-04T19:45:00+0200,3823.035,MW,DE,DE_LU,actual_onshore_wind_generation,Wind Onshore,2026-08-09T05:18:04Z
2026-08-09T05:15:34Z,2026-08-09T07:15:34+0200,72a31bd2-8518-490a-bfbe-24bda838aac9,2026-08-04T18:00:00Z,2026-08-04T20:00:00+0200,3953.98,MW,DE,DE_LU,actual_onshore_wind_generation,Wind Onshore,2026-08-09T05:18:04Z
2026-08-09T05:15:34Z,2026-08-09T07:15:34+0200,72a31bd2-8518-490a-bfbe-24bda838aac9,2026-08-04T18:15:00Z,2026-08-04T20:15:00+0200,4120.868,MW,DE,DE_LU,actual_onshore_wind_generation,Wind Onshore,2026-08-09T05:18:04Z
2026-08-09T05:15:34Z,2026-08-09T07:15:34+0200,72a31bd2-8518-490a-bfbe-24bda838aac9,2026-08-04T18:30:00Z,2026-08-04T20:30:00+0200,4656.917,MW,DE,DE_LU,actual_onshore_wind_generation,Wind Onshore,2026-08-09T05:18:04Z
2026-08-09T05:15:34Z,2026-08-09T07:15:34+0200,72a31bd2-8518-490a-bfbe-24bda838aac9,2026-08-04T18:45:00Z,2026-08-04T20:45:00+0200,5413.6,MW,DE,DE_LU,actual_onshore_wind_generation,Wind Onshore,2026-08-09T05:18:04Z
2026-08-09T05:15:34Z,2026-08-09T07:15:34+0200,72a31bd2-8518-490a-bfbe-24bda838aac9,2026-08-04T19:00:00Z,2026-08-04T21:00:00+0200,5432.258,MW,DE,DE_LU,actual_onshore_wind_generation,Wind Onshore,2026-08-09T05:18:04Z
2026-08-09T05:15:34Z,2026-08-09T07:15:34+0200,72a31bd2-8518-490a-bfbe-24bda838aac9,2026-08-04T19:15:00Z,2026-08-04T21:15:00+0200,5043.816,MW,DE,DE_LU,actual_onshore_wind_generation,Wind Onshore,2026-08-09T05:18:04Z
2026-08-09T05:15:34Z,2026-08-09T07:15:34+0200,72a31bd2-8518-490a-bfbe-24bda838aac9,2026-08-04T19:30:00Z,2026-08-04T21:30:00+0200,5213.993,MW,DE,DE_LU,actual_onshore_wind_generation,Wind Onshore,2026-08-09T05:18:04Z
2026-08-09T05:15:34Z,2026-08-09T07:15:34+0200,72a31bd2-8518-490a-bfbe-24bda838aac9,2026-08-04T19:45:00Z,2026-08-04T21:45:00+0200,5584.084,MW,DE,DE_LU,actual_onshore_wind_generation,Wind Onshore,2026-08-09T05:18:04Z
2026-08-09T05:15:34Z,2026-08-09T07:15:34+0200,72a31bd2-8518-490a-bfbe-24bda838aac9,2026-08-04T20:00:00Z,2026-08-04T22:00:00+0200,5689.402,MW,DE,DE_LU,actual_onshore_wind_generation,Wind Onshore,2026-08-09T05:18:04Z
2026-08-09T05:15:34Z,2026-08-09T07:15:34+0200,72a31bd2-8518-490a-bfbe-24bda838aac9,2026-08-04T20:15:00Z,2026-08-04T22:15:00+0200,5991.023,MW,DE,DE_LU,actual_onshore_wind_generation,Wind Onshore,2026-08-09T05:18:04Z
2026-08-09T05:15:34Z,2026-08-09T07:15:34+0200,72a31bd2-8518-490a-bfbe-24bda838aac9,2026-08-04T20:30:00Z,2026-08-04T22:30:00+0200,6256.99,MW,DE,DE_LU,actual_onshore_wind_generation,Wind Onshore,2026-08-09T05:18:04Z
2026-08-09T05:15:34Z,2026-08-09T07:15:34+0200,72a31bd2-8518-490a-bfbe-24bda838aac9,2026-08-04T20:45:00Z,2026-08-04T22:45:00+0200,6694.06,MW,DE,DE_LU,actual_onshore_wind_generation,Wind Onshore,2026-08-09T05:18:04Z
2026-08-09T05:15:34Z,2026-08-09T07:15:34+0200,72a31bd2-8518-490a-bfbe-24bda838aac9,2026-08-04T21:00:00Z,2026-08-04T23:00:00+0200,7250.943,MW,DE,DE_LU,actual_onshore_wind_generation,Wind Onshore,2026-08-09T05:18:04Z
2026-08-09T05:15:34Z,2026-08-09T07:15:34+0200,72a31bd2-8518-490a-bfbe-24bda838aac9,2026-08-04T21:15:00Z,2026-08-04T23:15:00+0200,7639.111,MW,DE,DE_LU,actual_onshore_wind_generation,Wind Onshore,2026-08-09T05:18:04Z
2026-08-09T05:15:34Z,2026-08-09T07:15:34+0200,72a31bd2-8518-490a-bfbe-24bda838aac9,2026-08-04T21:30:00Z,2026-08-04T23:30:00+0200,7943.638,MW,DE,DE_LU,actual_onshore_wind_generation,Wind Onshore,2026-08-09T05:18:04Z
2026-08-09T05:15:34Z,2026-08-09T07:15:34+0200,72a31bd2-8518-490a-bfbe-24bda838aac9,2026-08-04T21:45:00Z,2026-08-04T23:45:00+0200,8243.666,MW,DE,DE_LU,actual_onshore_wind_generation,Wind Onshore,2026-08-09T05:18:04Z
2026-08-09T05:15:34Z,2026-08-09T07:15:34+0200,72a31bd2-8518-490a-bfbe-24bda838aac9,2026-08-04T22:00:00Z,2026-08-05T00:00:00+0200,8555.227,MW,DE,DE_LU,actual_onshore_wind_generation,Wind Onshore,2026-08-09T05:18:04Z
2026-08-09T05:15:34Z,2026-08-09T07:15:34+0200,72a31bd2-8518-490a-bfbe-24bda838aac9,2026-08-04T22:15:00Z,2026-08-05T00:15:00+0200,8868.301,MW,DE,DE_LU,actual_onshore_wind_generation,Wind Onshore,2026-08-09T05:18:04Z
2026-08-09T05:15:34Z,2026-08-09T07:15:34+0200,72a31bd2-8518-490a-bfbe-24bda838aac9,2026-08-04T22:30:00Z,2026-08-05T00:30:00+0200,8788.116,MW,DE,DE_LU,actual_onshore_wind_generation,Wind Onshore,2026-08-09T05:18:04Z
2026-08-09T05:15:34Z,2026-08-09T07:15:34+0200,72a31bd2-8518-490a-bfbe-24bda838aac9,2026-08-04T22:45:00Z,2026-08-05T00:45:00+0200,8927.692,MW,DE,DE_LU,actual_onshore_wind_generation,Wind Onshore,2026-08-09T05:18:04Z
2026-08-09T05:15:34Z,2026-08-09T07:15:34+0200,72a31bd2-8518-490a-bfbe-24bda838aac9,2026-08-04T23:00:00Z,2026-08-05T01:00:00+0200,8736.561,MW,DE,DE_LU,actual_onshore_wind_generation,Wind Onshore,2026-08-09T05:18:04Z
2026-08-09T05:15:34Z,2026-08-09T07:15:34+0200,72a31bd2-8518-490a-bfbe-24bda838aac9,2026-08-04T23:15:00Z,2026-08-05T01:15:00+0200,8761.112,MW,DE,DE_LU,actual_onshore_wind_generation,Wind Onshore,2026-08-09T05:18:04Z
2026-08-09T05:15:34Z,2026-08-09T07:15:34+0200,72a31bd2-8518-490a-bfbe-24bda838aac9,2026-08-04T23:30:00Z,2026-08-05T01:30:00+0200,8804.13,MW,DE,DE_LU,actual_onshore_wind_generation,Wind Onshore,2026-08-09T05:18:04Z
2026-08-09T05:15:34Z,2026-08-09T07:15:34+0200,72a31bd2-8518-490a-bfbe-24bda838aac9,2026-08-04T23:45:00Z,2026-08-05T01:45:00+0200,8781.818,MW,DE,DE_LU,actual_onshore_wind_generation,Wind Onshore,2026-08-09T05:18:04Z
2026-08-09T05:15:34Z,2026-08-09T07:15:34+0200,72a31bd2-8518-490a-bfbe-24bda838aac9,2026-08-05T00:00:00Z,2026-08-05T02:00:00+0200,8775.074,MW,DE,DE_LU,actual_onshore_wind_generation,Wind Onshore,2026-08-09T05:18:04Z
2026-08-09T05:15:34Z,2026-08-09T07:15:34+0200,72a31bd2-8518-490a-bfbe-24bda838aac9,2026-08-05T00:15:00Z,2026-08-05T02:15:00+0200,8935.432,MW,DE,DE_LU,actual_onshore_wind_generation,Wind Onshore,2026-08-09T05:18:04Z
2026-08-09T05:15:34Z,2026-08-09T07:15:34+0200,72a31bd2-8518-490a-bfbe-24bda838aac9,2026-08-05T00:30:00Z,2026-08-05T02:30:00+0200,8729.104,MW,DE,DE_LU,actual_onshore_wind_generation,Wind Onshore,2026-08-09T05:18:04Z
2026-08-09T05:15:34Z,2026-08-09T07:15:34+0200,72a31bd2-8518-490a-bfbe-24bda838aac9,2026-08-05T00:45:00Z,2026-08-05T02:45:00+0200,7909.187,MW,DE,DE_LU,actual_onshore_wind_generation,Wind Onshore,2026-08-09T05:18:04Z
2026-08-09T05:15:34Z,2026-08-09T07:15:34+0200,72a31bd2-8518-490a-bfbe-24bda838aac9,2026-08-05T01:00:00Z,2026-08-05T03:00:00+0200,7711.638,MW,DE,DE_LU,actual_onshore_wind_generation,Wind Onshore,2026-08-09T05:18:04Z
2026-08-09T05:15:34Z,2026-08-09T07:15:34+0200,72a31bd2-8518-490a-bfbe-24bda838aac9,2026-08-05T01:15:00Z,2026-08-05T03:15:00+0200,7925.257,MW,DE,DE_LU,actual_onshore_wind_generation,Wind Onshore,2026-08-09T05:18:04Z
2026-08-09T05:15:34Z,2026-08-09T07:15:34+0200,72a31bd2-8518-490a-bfbe-24bda838aac9,2026-08-05T01:30:00Z,2026-08-05T03:30:00+0200,8273.562,MW,DE,DE_LU,actual_onshore_wind_generation,Wind Onshore,2026-08-09T05:18:04Z
2026-08-09T05:15:34Z,2026-08-09T07:15:34+0200,72a31bd2-8518-490a-bfbe-24bda838aac9,2026-08-05T01:45:00Z,2026-08-05T03:45:00+0200,8931.076,MW,DE,DE_LU,actual_onshore_wind_generation,Wind Onshore,2026-08-09T05:18:04Z
2026-08-09T05:15:34Z,2026-08-09T07:15:34+0200,72a31bd2-8518-490a-bfbe-24bda838aac9,2026-08-05T02:00:00Z,2026-08-05T04:00:00+0200,9017.917,MW,DE,DE_LU,actual_onshore_wind_generation,Wind Onshore,2026-08-09T05:18:04Z
2026-08-09T05:15:34Z,2026-08-09T07:15:34+0200,72a31bd2-8518-490a-bfbe-24bda838aac9,2026-08-05T02:15:00Z,2026-08-05T04:15:00+0200,8932.782,MW,DE,DE_LU,actual_onshore_wind_generation,Wind Onshore,2026-08-09T05:18:04Z
2026-08-09T05:15:34Z,2026-08-09T07:15:34+0200,72a31bd2-8518-490a-bfbe-24bda838aac9,2026-08-05T02:30:00Z,2026-08-05T04:30:00+0200,9090.9,MW,DE,DE_LU,actual_onshore_wind_generation,Wind Onshore,2026-08-09T05:18:04Z
2026-08-09T05:15:34Z,2026-08-09T07:15:34+0200,72a31bd2-8518-490a-bfbe-24bda838aac9,2026-08-05T02:45:00Z,2026-08-05T04:45:00+0200,9256.175,MW,DE,DE_LU,actual_onshore_wind_generation,Wind Onshore,2026-08-09T05:18:04Z
2026-08-09T05:15:34Z,2026-08-09T07:15:34+0200,72a31bd2-8518-490a-bfbe-24bda838aac9,2026-08-05T03:00:00Z,2026-08-05T05:00:00+0200,9714.61,MW,DE,DE_LU,actual_onshore_wind_generation,Wind Onshore,2026-08-09T05:18:04Z
2026-08-09T05:15:34Z,2026-08-09T07:15:34+0200,72a31bd2-8518-490a-bfbe-24bda838aac9,2026-08-05T03:15:00Z,2026-08-05T05:15:00+0200,10069.476,MW,DE,DE_LU,actual_onshore_wind_generation,Wind Onshore,2026-08-09T05:18:04Z
2026-08-09T05:15:34Z,2026-08-09T07:15:34+0200,72a31bd2-8518-490a-bfbe-24bda838aac9,2026-08-05T03:30:00Z,2026-08-05T05:30:00+0200,10080.818,MW,DE,DE_LU,actual_onshore_wind_generation,Wind Onshore,2026-08-09T05:18:04Z
2026-08-09T05:15:34Z,2026-08-09T07:15:34+0200,72a31bd2-8518-490a-bfbe-24bda838aac9,2026-08-05T03:45:00Z,2026-08-05T05:45:00+0200,10309.941,MW,DE,DE_LU,actual_onshore_wind_generation,Wind Onshore,2026-08-09T05:18:04Z
2026-08-09T05:15:34Z,2026-08-09T07:15:34+0200,72a31bd2-8518-490a-bfbe-24bda838aac9,2026-08-05T04:00:00Z,2026-08-05T06:00:00+0200,10532.19,MW,DE,DE_LU,actual_onshore_wind_generation,Wind Onshore,2026-08-09T05:18:04Z
2026-08-09T05:15:34Z,2026-08-09T07:15:34+0200,72a31bd2-8518-490a-bfbe-24bda838aac9,2026-08-05T04:15:00Z,2026-08-05T06:15:00+0200,10769.261,MW,DE,DE_LU,actual_onshore_wind_generation,Wind Onshore,2026-08-09T05:18:04Z
2026-08-09T05:15:34Z,2026-08-09T07:15:34+0200,72a31bd2-8518-490a-bfbe-24bda838aac9,2026-08-05T04:30:00Z,2026-08-05T06:30:00+0200,10704.583,MW,DE,DE_LU,actual_onshore_wind_generation,Wind Onshore,2026-08-09T05:18:04Z
2026-08-09T05:15:34Z,2026-08-09T07:15:34+0200,72a31bd2-8518-490a-bfbe-24bda838aac9,2026-08-05T04:45:00Z,2026-08-05T06:45:00+0200,10838.07,MW,DE,DE_LU,actual_onshore_wind_generation,Wind Onshore,2026-08-09T05:18:04Z
2026-08-09T05:15:34Z,2026-08-09T07:15:34+0200,72a31bd2-8518-490a-bfbe-24bda838aac9,2026-08-05T05:00:00Z,2026-08-05T07:00:00+0200,10723.492,MW,DE,DE_LU,actual_onshore_wind_generation,Wind Onshore,2026-08-09T05:18:04Z
2026-08-09T05:15:34Z,2026-08-09T07:15:34+0200,72a31bd2-8518-490a-bfbe-24bda838aac9,2026-08-05T05:15:00Z,2026-08-05T07:15:00+0200,10356.577,MW,DE,DE_LU,actual_onshore_wind_generation,Wind Onshore,2026-08-09T05:18:04Z
2026-08-09T05:15:34Z,2026-08-09T07:15:34+0200,72a31bd2-8518-490a-bfbe-24bda838aac9,2026-08-05T05:30:00Z,2026-08-05T07:30:00+0200,9611.064,MW,DE,DE_LU,actual_onshore_wind_generation,Wind Onshore,2026-08-09T05:18:04Z
2026-08-09T05:15:34Z,2026-08-09T07:15:34+0200,72a31bd2-8518-490a-bfbe-24bda838aac9,2026-08-05T05:45:00Z,2026-08-05T07:45:00+0200,8776.148,MW,DE,DE_LU,actual_onshore_wind_generation,Wind Onshore,2026-08-09T05:18:04Z
2026-08-09T05:15:34Z,2026-08-09T07:15:34+0200,72a31bd2-8518-490a-bfbe-24bda838aac9,2026-08-05T06:00:00Z,2026-08-05T08:00:00+0200,8122.237,MW,DE,DE_LU,actual_onshore_wind_generation,Wind Onshore,2026-08-09T05:18:04Z
2026-08-09T05:15:34Z,2026-08-09T07:15:34+0200,72a31bd2-8518-490a-bfbe-24bda838aac9,2026-08-05T06:15:00Z,2026-08-05T08:15:00+0200,7569.57,MW,DE,DE_LU,actual_onshore_wind_generation,Wind Onshore,2026-08-09T05:18:04Z
2026-08-09T05:15:34Z,2026-08-09T07:15:34+0200,72a31bd2-8518-490a-bfbe-24bda838aac9,2026-08-05T06:30:00Z,2026-08-05T08:30:00+0200,7177.628,MW,DE,DE_LU,actual_onshore_wind_generation,Wind Onshore,2026-08-09T05:18:04Z
2026-08-09T05:15:34Z,2026-08-09T07:15:34+0200,72a31bd2-8518-490a-bfbe-24bda838aac9,2026-08-05T06:45:00Z,2026-08-05T08:45:00+0200,6990.791,MW,DE,DE_LU,actual_onshore_wind_generation,Wind Onshore,2026-08-09T05:18:04Z
2026-08-09T05:15:34Z,2026-08-09T07:15:34+0200,72a31bd2-8518-490a-bfbe-24bda838aac9,2026-08-05T07:00:00Z,2026-08-05T09:00:00+0200,6923.793,MW,DE,DE_LU,actual_onshore_wind_generation,Wind Onshore,2026-08-09T05:18:04Z
2026-08-09T05:15:34Z,2026-08-09T07:15:34+0200,72a31bd2-8518-490a-bfbe-24bda838aac9,2026-08-05T07:15:00Z,2026-08-05T09:15:00+0200,7013.855,MW,DE,DE_LU,actual_onshore_wind_generation,Wind Onshore,2026-08-09T05:18:04Z
2026-08-09T05:15:34Z,2026-08-09T07:15:34+0200,72a31bd2-8518-490a-bfbe-24bda838aac9,2026-08-05T07:30:00Z,2026-08-05T09:30:00+0200,7282.514,MW,DE,DE_LU,actual_onshore_wind_generation,Wind Onshore,2026-08-09T05:18:04Z
2026-08-09T05:15:34Z,2026-08-09T07:15:34+0200,72a31bd2-8518-490a-bfbe-24bda838aac9,2026-08-05T07:45:00Z,2026-08-05T09:45:00+0200,7509.303,MW,DE,DE_LU,actual_onshore_wind_generation,Wind Onshore,2026-08-09T05:18:04Z
2026-08-09T05:15:34Z,2026-08-09T07:15:34+0200,72a31bd2-8518-490a-bfbe-24bda838aac9,2026-08-05T08:00:00Z,2026-08-05T10:00:00+0200,8091.964,MW,DE,DE_LU,actual_onshore_wind_generation,Wind Onshore,2026-08-09T05:18:04Z
2026-08-09T05:15:34Z,2026-08-09T07:15:34+0200,72a31bd2-8518-490a-bfbe-24bda838aac9,2026-08-05T08:15:00Z,2026-08-05T10:15:00+0200,8552.4,MW,DE,DE_LU,actual_onshore_wind_generation,Wind Onshore,2026-08-09T05:18:04Z
2026-08-09T05:15:34Z,2026-08-09T07:15:34+0200,72a31bd2-8518-490a-bfbe-24bda838aac9,2026-08-05T08:30:00Z,2026-08-05T10:30:00+0200,8961.764,MW,DE,DE_LU,actual_onshore_wind_generation,Wind Onshore,2026-08-09T05:18:04Z
2026-08-09T05:15:34Z,2026-08-09T07:15:34+0200,72a31bd2-8518-490a-bfbe-24bda838aac9,2026-08-05T08:45:00Z,2026-08-05T10:45:00+0200,9375.89,MW,DE,DE_LU,actual_onshore_wind_generation,Wind Onshore,2026-08-09T05:18:04Z
2026-08-09T05:15:34Z,2026-08-09T07:15:34+0200,72a31bd2-8518-490a-bfbe-24bda838aac9,2026-08-05T09:00:00Z,2026-08-05T11:00:00+0200,9886.438,MW,DE,DE_LU,actual_onshore_wind_generation,Wind Onshore,2026-08-09T05:18:04Z
2026-08-09T05:15:34Z,2026-08-09T07:15:34+0200,72a31bd2-8518-490a-bfbe-24bda838aac9,2026-08-05T09:15:00Z,2026-08-05T11:15:00+0200,10420.598,MW,DE,DE_LU,actual_onshore_wind_generation,Wind Onshore,2026-08-09T05:18:04Z
2026-08-09T05:15:34Z,2026-08-09T07:15:34+0200,72a31bd2-8518-490a-bfbe-24bda838aac9,2026-08-05T09:30:00Z,2026-08-05T11:30:00+0200,10726.311,MW,DE,DE_LU,actual_onshore_wind_generation,Wind Onshore,2026-08-09T05:18:04Z
2026-08-09T05:15:34Z,2026-08-09T07:15:34+0200,72a31bd2-8518-490a-bfbe-24bda838aac9,2026-08-05T09:45:00Z,2026-08-05T11:45:00+0200,10819.322,MW,DE,DE_LU,actual_onshore_wind_generation,Wind Onshore,2026-08-09T05:18:04Z
2026-08-09T05:15:34Z,2026-08-09T07:15:34+0200,72a31bd2-8518-490a-bfbe-24bda838aac9,2026-08-05T10:00:00Z,2026-08-05T12:00:00+0200,10673.069,MW,DE,DE_LU,actual_onshore_wind_generation,Wind Onshore,2026-08-09T05:18:04Z
2026-08-09T05:15:34Z,2026-08-09T07:15:34+0200,72a31bd2-8518-490a-bfbe-24bda838aac9,2026-08-05T10:15:00Z,2026-08-05T12:15:00+0200,11114.075,MW,DE,DE_LU,actual_onshore_wind_generation,Wind Onshore,2026-08-09T05:18:04Z
2026-08-09T05:15:34Z,2026-08-09T07:15:34+0200,72a31bd2-8518-490a-bfbe-24bda838aac9,2026-08-05T10:30:00Z,2026-08-05T12:30:00+0200,11330.72,MW,DE,DE_LU,actual_onshore_wind_generation,Wind Onshore,2026-08-09T05:18:04Z
2026-08-09T05:15:34Z,2026-08-09T07:15:34+0200,72a31bd2-8518-490a-bfbe-24bda838aac9,2026-08-05T10:45:00Z,2026-08-05T12:45:00+0200,11773.487,MW,DE,DE_LU,actual_onshore_wind_generation,Wind Onshore,2026-08-09T05:18:04Z
2026-08-09T05:15:34Z,2026-08-09T07:15:34+0200,72a31bd2-8518-490a-bfbe-24bda838aac9,2026-08-05T11:00:00Z,2026-08-05T13:00:00+0200,10903.222,MW,DE,DE_LU,actual_onshore_wind_generation,Wind Onshore,2026-08-09T05:18:04Z
2026-08-09T05:15:34Z,2026-08-09T07:15:34+0200,72a31bd2-8518-490a-bfbe-24bda838aac9,2026-08-05T11:15:00Z,2026-08-05T13:15:00+0200,11141.412,MW,DE,DE_LU,actual_onshore_wind_generation,Wind Onshore,2026-08-09T05:18:04Z
2026-08-09T05:15:34Z,2026-08-09T07:15:34+0200,72a31bd2-8518-490a-bfbe-24bda838aac9,2026-08-05T11:30:00Z,2026-08-05T13:30:00+0200,11236.928,MW,DE,DE_LU,actual_onshore_wind_generation,Wind Onshore,2026-08-09T05:18:04Z
2026-08-09T05:15:34Z,2026-08-09T07:15:34+0200,72a31bd2-8518-490a-bfbe-24bda838aac9,2026-08-05T11:45:00Z,2026-08-05T13:45:00+0200,11822.44,MW,DE,DE_LU,actual_onshore_wind_generation,Wind Onshore,2026-08-09T05:18:04Z
2026-08-09T05:15:34Z,2026-08-09T07:15:34+0200,72a31bd2-8518-490a-bfbe-24bda838aac9,2026-08-05T12:00:00Z,2026-08-05T14:00:00+0200,12260.499,MW,DE,DE_LU,actual_onshore_wind_generation,Wind Onshore,2026-08-09T05:18:04Z
2026-08-09T05:15:34Z,2026-08-09T07:15:34+0200,72a31bd2-8518-490a-bfbe-24bda838aac9,2026-08-05T12:15:00Z,2026-08-05T14:15:00+0200,12511.864,MW,DE,DE_LU,actual_onshore_wind_generation,Wind Onshore,2026-08-09T05:18:04Z
2026-08-09T05:15:34Z,2026-08-09T07:15:34+0200,72a31bd2-8518-490a-bfbe-24bda838aac9,2026-08-05T12:30:00Z,2026-08-05T14:30:00+0200,12606.87,MW,DE,DE_LU,actual_onshore_wind_generation,Wind Onshore,2026-08-09T05:18:04Z
2026-08-09T05:15:34Z,2026-08-09T07:15:34+0200,72a31bd2-8518-490a-bfbe-24bda838aac9,2026-08-05T12:45:00Z,2026-08-05T14:45:00+0200,13448.919,MW,DE,DE_LU,actual_onshore_wind_generation,Wind Onshore,2026-08-09T05:18:04Z
2026-08-09T05:15:34Z,2026-08-09T07:15:34+0200,72a31bd2-8518-490a-bfbe-24bda838aac9,2026-08-05T13:00:00Z,2026-08-05T15:00:00+0200,12930.12,MW,DE,DE_LU,actual_onshore_wind_generation,Wind Onshore,2026-08-09T05:18:04Z
2026-08-09T05:15:34Z,2026-08-09T07:15:34+0200,72a31bd2-8518-490a-bfbe-24bda838aac9,2026-08-05T13:15:00Z,2026-08-05T15:15:00+0200,13021.355,MW,DE,DE_LU,actual_onshore_wind_generation,Wind Onshore,2026-08-09T05:18:04Z
2026-08-09T05:15:34Z,2026-08-09T07:15:34+0200,72a31bd2-8518-490a-bfbe-24bda838aac9,2026-08-05T13:30:00Z,2026-08-05T15:30:00+0200,13200.728,MW,DE,DE_LU,actual_onshore_wind_generation,Wind Onshore,2026-08-09T05:18:04Z
2026-08-09T05:15:34Z,2026-08-09T07:15:34+0200,72a31bd2-8518-490a-bfbe-24bda838aac9,2026-08-05T13:45:00Z,2026-08-05T15:45:00+0200,13671.491,MW,DE,DE_LU,actual_onshore_wind_generation,Wind Onshore,2026-08-09T05:18:04Z
2026-08-09T05:15:34Z,2026-08-09T07:15:34+0200,72a31bd2-8518-490a-bfbe-24bda838aac9,2026-08-05T14:00:00Z,2026-08-05T16:00:00+0200,13069.774,MW,DE,DE_LU,actual_onshore_wind_generation,Wind Onshore,2026-08-09T05:18:04Z
2026-08-09T05:15:34Z,2026-08-09T07:15:34+0200,72a31bd2-8518-490a-bfbe-24bda838aac9,2026-08-05T14:15:00Z,2026-08-05T16:15:00+0200,13504.193,MW,DE,DE_LU,actual_onshore_wind_generation,Wind Onshore,2026-08-09T05:18:04Z
2026-08-09T05:15:34Z,2026-08-09T07:15:34+0200,72a31bd2-8518-490a-bfbe-24bda838aac9,2026-08-05T14:30:00Z,2026-08-05T16:30:00+0200,13959.951,MW,DE,DE_LU,actual_onshore_wind_generation,Wind Onshore,2026-08-09T05:18:04Z
2026-08-09T05:15:34Z,2026-08-09T07:15:34+0200,72a31bd2-8518-490a-bfbe-24bda838aac9,2026-08-05T14:45:00Z,2026-08-05T16:45:00+0200,13817.148,MW,DE,DE_LU,actual_onshore_wind_generation,Wind Onshore,2026-08-09T05:18:04Z
2026-08-09T05:15:34Z,2026-08-09T07:15:34+0200,72a31bd2-8518-490a-bfbe-24bda838aac9,2026-08-05T15:00:00Z,2026-08-05T17:00:00+0200,14548.342,MW,DE,DE_LU,actual_onshore_wind_generation,Wind Onshore,2026-08-09T05:18:04Z
2026-08-09T05:15:34Z,2026-08-09T07:15:34+0200,72a31bd2-8518-490a-bfbe-24bda838aac9,2026-08-05T15:15:00Z,2026-08-05T17:15:00+0200,14704.854,MW,DE,DE_LU,actual_onshore_wind_generation,Wind Onshore,2026-08-09T05:18:04Z
2026-08-09T05:15:34Z,2026-08-09T07:15:34+0200,72a31bd2-8518-490a-bfbe-24bda838aac9,2026-08-05T15:30:00Z,2026-08-05T17:30:00+0200,14267.92,MW,DE,DE_LU,actual_onshore_wind_generation,Wind Onshore,2026-08-09T05:18:04Z
2026-08-09T05:15:34Z,2026-08-09T07:15:34+0200,72a31bd2-8518-490a-bfbe-24bda838aac9,2026-08-05T15:45:00Z,2026-08-05T17:45:00+0200,13772.406,MW,DE,DE_LU,actual_onshore_wind_generation,Wind Onshore,2026-08-09T05:18:04Z
2026-08-09T05:15:34Z,2026-08-09T07:15:34+0200,72a31bd2-8518-490a-bfbe-24bda838aac9,2026-08-05T16:00:00Z,2026-08-05T18:00:00+0200,13370.139,MW,DE,DE_LU,actual_onshore_wind_generation,Wind Onshore,2026-08-09T05:18:04Z
2026-08-09T05:15:34Z,2026-08-09T07:15:34+0200,72a31bd2-8518-490a-bfbe-24bda838aac9,2026-08-05T16:15:00Z,2026-08-05T18:15:00+0200,12676.363,MW,DE,DE_LU,actual_onshore_wind_generation,Wind Onshore,2026-08-09T05:18:04Z
2026-08-09T05:15:34Z,2026-08-09T07:15:34+0200,72a31bd2-8518-490a-bfbe-24bda838aac9,2026-08-05T16:30:00Z,2026-08-05T18:30:00+0200,12061.631,MW,DE,DE_LU,actual_onshore_wind_generation,Wind Onshore,2026-08-09T05:18:04Z
2026-08-09T05:15:34Z,2026-08-09T07:15:34+0200,72a31bd2-8518-490a-bfbe-24bda838aac9,2026-08-05T16:45:00Z,2026-08-05T18:45:00+0200,11497.51,MW,DE,DE_LU,actual_onshore_wind_generation,Wind Onshore,2026-08-09T05:18:04Z
2026-08-09T05:15:34Z,2026-08-09T07:15:34+0200,72a31bd2-8518-490a-bfbe-24bda838aac9,2026-08-05T17:00:00Z,2026-08-05T19:00:00+0200,10968.421,MW,DE,DE_LU,actual_onshore_wind_generation,Wind Onshore,2026-08-09T05:18:04Z
2026-08-09T05:15:34Z,2026-08-09T07:15:34+0200,72a31bd2-8518-490a-bfbe-24bda838aac9,2026-08-05T17:15:00Z,2026-08-05T19:15:00+0200,10391.923,MW,DE,DE_LU,actual_onshore_wind_generation,Wind Onshore,2026-08-09T05:18:04Z
2026-08-09T05:15:34Z,2026-08-09T07:15:34+0200,72a31bd2-8518-490a-bfbe-24bda838aac9,2026-08-05T17:30:00Z,2026-08-05T19:30:00+0200,9940.06,MW,DE,DE_LU,actual_onshore_wind_generation,Wind Onshore,2026-08-09T05:18:04Z
2026-08-09T05:15:34Z,2026-08-09T07:15:34+0200,72a31bd2-8518-490a-bfbe-24bda838aac9,2026-08-05T17:45:00Z,2026-08-05T19:45:00+0200,9237.083,MW,DE,DE_LU,actual_onshore_wind_generation,Wind Onshore,2026-08-09T05:18:04Z
2026-08-09T05:15:34Z,2026-08-09T07:15:34+0200,72a31bd2-8518-490a-bfbe-24bda838aac9,2026-08-05T18:00:00Z,2026-08-05T20:00:00+0200,8395.894,MW,DE,DE_LU,actual_onshore_wind_generation,Wind Onshore,2026-08-09T05:18:04Z
2026-08-09T05:15:34Z,2026-08-09T07:15:34+0200,72a31bd2-8518-490a-bfbe-24bda838aac9,2026-08-05T18:15:00Z,2026-08-05T20:15:00+0200,7739.768,MW,DE,DE_LU,actual_onshore_wind_generation,Wind Onshore,2026-08-09T05:18:04Z
2026-08-09T05:15:34Z,2026-08-09T07:15:34+0200,72a31bd2-8518-490a-bfbe-24bda838aac9,2026-08-05T18:30:00Z,2026-08-05T20:30:00+0200,7639.836,MW,DE,DE_LU,actual_onshore_wind_generation,Wind Onshore,2026-08-09T05:18:04Z
2026-08-09T05:15:34Z,2026-08-09T07:15:34+0200,72a31bd2-8518-490a-bfbe-24bda838aac9,2026-08-05T18:45:00Z,2026-08-05T20:45:00+0200,7555.369,MW,DE,DE_LU,actual_onshore_wind_generation,Wind Onshore,2026-08-09T05:18:04Z
2026-08-09T05:15:34Z,2026-08-09T07:15:34+0200,72a31bd2-8518-490a-bfbe-24bda838aac9,2026-08-05T19:00:00Z,2026-08-05T21:00:00+0200,6852.51,MW,DE,DE_LU,actual_onshore_wind_generation,Wind Onshore,2026-08-09T05:18:04Z
2026-08-09T05:15:34Z,2026-08-09T07:15:34+0200,72a31bd2-8518-490a-bfbe-24bda838aac9,2026-08-05T19:15:00Z,2026-08-05T21:15:00+0200,5961.056,MW,DE,DE_LU,actual_onshore_wind_generation,Wind Onshore,2026-08-09T05:18:04Z
2026-08-09T05:15:34Z,2026-08-09T07:15:34+0200,72a31bd2-8518-490a-bfbe-24bda838aac9,2026-08-05T19:30:00Z,2026-08-05T21:30:00+0200,5710.485,MW,DE,DE_LU,actual_onshore_wind_generation,Wind Onshore,2026-08-09T05:18:04Z
2026-08-09T05:15:34Z,2026-08-09T07:15:34+0200,72a31bd2-8518-490a-bfbe-24bda838aac9,2026-08-05T19:45:00Z,2026-08-05T21:45:00+0200,5717.751,MW,DE,DE_LU,actual_onshore_wind_generation,Wind Onshore,2026-08-09T05:18:04Z
2026-08-09T05:15:34Z,2026-08-09T07:15:34+0200,72a31bd2-8518-490a-bfbe-24bda838aac9,2026-08-05T20:00:00Z,2026-08-05T22:00:00+0200,5390.32,MW,DE,DE_LU,actual_onshore_wind_generation,Wind Onshore,2026-08-09T05:18:04Z
2026-08-09T05:15:34Z,2026-08-09T07:15:34+0200,72a31bd2-8518-490a-bfbe-24bda838aac9,2026-08-05T20:15:00Z,2026-08-05T22:15:00+0200,5356.256,MW,DE,DE_LU,actual_onshore_wind_generation,Wind Onshore,2026-08-09T05:18:04Z
2026-08-09T05:15:34Z,2026-08-09T07:15:34+0200,72a31bd2-8518-490a-bfbe-24bda838aac9,2026-08-05T20:30:00Z,2026-08-05T22:30:00+0200,5488.741,MW,DE,DE_LU,actual_onshore_wind_generation,Wind Onshore,2026-08-09T05:18:04Z
2026-08-09T05:15:34Z,2026-08-09T07:15:34+0200,72a31bd2-8518-490a-bfbe-24bda838aac9,2026-08-05T20:45:00Z,2026-08-05T22:45:00+0200,5682.702,MW,DE,DE_LU,actual_onshore_wind_generation,Wind Onshore,2026-08-09T05:18:04Z
2026-08-09T05:15:34Z,2026-08-09T07:15:34+0200,72a31bd2-8518-490a-bfbe-24bda838aac9,2026-08-05T21:00:00Z,2026-08-05T23:00:00+0200,5804.87,MW,DE,DE_LU,actual_onshore_wind_generation,Wind Onshore,2026-08-09T05:18:04Z
2026-08-09T05:15:34Z,2026-08-09T07:15:34+0200,72a31bd2-8518-490a-bfbe-24bda838aac9,2026-08-05T21:15:00Z,2026-08-05T23:15:00+0200,5863.191,MW,DE,DE_LU,actual_onshore_wind_generation,Wind Onshore,2026-08-09T05:18:04Z
2026-08-09T05:15:34Z,2026-08-09T07:15:34+0200,72a31bd2-8518-490a-bfbe-24bda838aac9,2026-08-05T21:30:00Z,2026-08-05T23:30:00+0200,5977.854,MW,DE,DE_LU,actual_onshore_wind_generation,Wind Onshore,2026-08-09T05:18:04Z
2026-08-09T05:15:34Z,2026-08-09T07:15:34+0200,72a31bd2-8518-490a-bfbe-24bda838aac9,2026-08-05T21:45:00Z,2026-08-05T23:45:00+0200,6191.204,MW,DE,DE_LU,actual_onshore_wind_generation,Wind Onshore,2026-08-09T05:18:04Z
2026-08-09T05:15:34Z,2026-08-09T07:15:34+0200,72a31bd2-8518-490a-bfbe-24bda838aac9,2026-08-05T22:00:00Z,2026-08-06T00:00:00+0200,6322.114,MW,DE,DE_LU,actual_onshore_wind_generation,Wind Onshore,2026-08-09T05:18:04Z
2026-08-09T05:15:34Z,2026-08-09T07:15:34+0200,72a31bd2-8518-490a-bfbe-24bda838aac9,2026-08-05T22:15:00Z,2026-08-06T00:15:00+0200,6486.293,MW,DE,DE_LU,actual_onshore_wind_generation,Wind Onshore,2026-08-09T05:18:04Z
2026-08-09T05:15:34Z,2026-08-09T07:15:34+0200,72a31bd2-8518-490a-bfbe-24bda838aac9,2026-08-05T22:30:00Z,2026-08-06T00:30:00+0200,6112.527,MW,DE,DE_LU,actual_onshore_wind_generation,Wind Onshore,2026-08-09T05:18:04Z
2026-08-09T05:15:34Z,2026-08-09T07:15:34+0200,72a31bd2-8518-490a-bfbe-24bda838aac9,2026-08-05T22:45:00Z,2026-08-06T00:45:00+0200,5779.722,MW,DE,DE_LU,actual_onshore_wind_generation,Wind Onshore,2026-08-09T05:18:04Z
2026-08-09T05:15:34Z,2026-08-09T07:15:34+0200,72a31bd2-8518-490a-bfbe-24bda838aac9,2026-08-05T23:00:00Z,2026-08-06T01:00:00+0200,5575.72,MW,DE,DE_LU,actual_onshore_wind_generation,Wind Onshore,2026-08-09T05:18:04Z
2026-08-09T05:15:34Z,2026-08-09T07:15:34+0200,72a31bd2-8518-490a-bfbe-24bda838aac9,2026-08-05T23:15:00Z,2026-08-06T01:15:00+0200,5724.736,MW,DE,DE_LU,actual_onshore_wind_generation,Wind Onshore,2026-08-09T05:18:04Z
2026-08-09T05:15:34Z,2026-08-09T07:15:34+0200,72a31bd2-8518-490a-bfbe-24bda838aac9,2026-08-05T23:30:00Z,2026-08-06T01:30:00+0200,5760.751,MW,DE,DE_LU,actual_onshore_wind_generation,Wind Onshore,2026-08-09T05:18:04Z
2026-08-09T05:15:34Z,2026-08-09T07:15:34+0200,72a31bd2-8518-490a-bfbe-24bda838aac9,2026-08-05T23:45:00Z,2026-08-06T01:45:00+0200,5894.809,MW,DE,DE_LU,actual_onshore_wind_generation,Wind Onshore,2026-08-09T05:18:04Z
2026-08-09T05:15:34Z,2026-08-09T07:15:34+0200,72a31bd2-8518-490a-bfbe-24bda838aac9,2026-08-06T00:00:00Z,2026-08-06T02:00:00+0200,6052.29,MW,DE,DE_LU,actual_onshore_wind_generation,Wind Onshore,2026-08-09T05:18:04Z
2026-08-09T05:15:34Z,2026-08-09T07:15:34+0200,72a31bd2-8518-490a-bfbe-24bda838aac9,2026-08-06T00:15:00Z,2026-08-06T02:15:00+0200,6106.429,MW,DE,DE_LU,actual_onshore_wind_generation,Wind Onshore,2026-08-09T05:18:04Z
2026-08-09T05:15:34Z,2026-08-09T07:15:34+0200,72a31bd2-8518-490a-bfbe-24bda838aac9,2026-08-06T00:30:00Z,2026-08-06T02:30:00+0200,6241.265,MW,DE,DE_LU,actual_onshore_wind_generation,Wind Onshore,2026-08-09T05:18:04Z
2026-08-09T05:15:34Z,2026-08-09T07:15:34+0200,72a31bd2-8518-490a-bfbe-24bda838aac9,2026-08-06T00:45:00Z,2026-08-06T02:45:00+0200,6578.064,MW,DE,DE_LU,actual_onshore_wind_generation,Wind Onshore,2026-08-09T05:18:04Z
2026-08-09T05:15:34Z,2026-08-09T07:15:34+0200,72a31bd2-8518-490a-bfbe-24bda838aac9,2026-08-06T01:00:00Z,2026-08-06T03:00:00+0200,6674.714,MW,DE,DE_LU,actual_onshore_wind_generation,Wind Onshore,2026-08-09T05:18:04Z
2026-08-09T05:15:34Z,2026-08-09T07:15:34+0200,72a31bd2-8518-490a-bfbe-24bda838aac9,2026-08-06T01:15:00Z,2026-08-06T03:15:00+0200,6930.593,MW,DE,DE_LU,actual_onshore_wind_generation,Wind Onshore,2026-08-09T05:18:04Z
2026-08-09T05:15:34Z,2026-08-09T07:15:34+0200,72a31bd2-8518-490a-bfbe-24bda838aac9,2026-08-06T01:30:00Z,2026-08-06T03:30:00+0200,7270.162,MW,DE,DE_LU,actual_onshore_wind_generation,Wind Onshore,2026-08-09T05:18:04Z
2026-08-09T05:15:34Z,2026-08-09T07:15:34+0200,72a31bd2-8518-490a-bfbe-24bda838aac9,2026-08-06T01:45:00Z,2026-08-06T03:45:00+0200,7760.8,MW,DE,DE_LU,actual_onshore_wind_generation,Wind Onshore,2026-08-09T05:18:04Z
2026-08-09T05:15:34Z,2026-08-09T07:15:34+0200,72a31bd2-8518-490a-bfbe-24bda838aac9,2026-08-06T02:00:00Z,2026-08-06T04:00:00+0200,8073.121,MW,DE,DE_LU,actual_onshore_wind_generation,Wind Onshore,2026-08-09T05:18:04Z
2026-08-09T05:15:34Z,2026-08-09T07:15:34+0200,72a31bd2-8518-490a-bfbe-24bda838aac9,2026-08-06T02:15:00Z,2026-08-06T04:15:00+0200,8510.913,MW,DE,DE_LU,actual_onshore_wind_generation,Wind Onshore,2026-08-09T05:18:04Z
2026-08-09T05:15:34Z,2026-08-09T07:15:34+0200,72a31bd2-8518-490a-bfbe-24bda838aac9,2026-08-06T02:30:00Z,2026-08-06T04:30:00+0200,8734.539,MW,DE,DE_LU,actual_onshore_wind_generation,Wind Onshore,2026-08-09T05:18:04Z
2026-08-09T05:15:34Z,2026-08-09T07:15:34+0200,72a31bd2-8518-490a-bfbe-24bda838aac9,2026-08-06T02:45:00Z,2026-08-06T04:45:00+0200,8824.495,MW,DE,DE_LU,actual_onshore_wind_generation,Wind Onshore,2026-08-09T05:18:04Z
2026-08-09T05:15:34Z,2026-08-09T07:15:34+0200,72a31bd2-8518-490a-bfbe-24bda838aac9,2026-08-06T03:00:00Z,2026-08-06T05:00:00+0200,8815.995,MW,DE,DE_LU,actual_onshore_wind_generation,Wind Onshore,2026-08-09T05:18:04Z
2026-08-09T05:15:34Z,2026-08-09T07:15:34+0200,72a31bd2-8518-490a-bfbe-24bda838aac9,2026-08-06T03:15:00Z,2026-08-06T05:15:00+0200,9024.902,MW,DE,DE_LU,actual_onshore_wind_generation,Wind Onshore,2026-08-09T05:18:04Z
2026-08-09T05:15:34Z,2026-08-09T07:15:34+0200,72a31bd2-8518-490a-bfbe-24bda838aac9,2026-08-06T03:30:00Z,2026-08-06T05:30:00+0200,9070.406,MW,DE,DE_LU,actual_onshore_wind_generation,Wind Onshore,2026-08-09T05:18:04Z
2026-08-09T05:15:34Z,2026-08-09T07:15:34+0200,72a31bd2-8518-490a-bfbe-24bda838aac9,2026-08-06T03:45:00Z,2026-08-06T05:45:00+0200,9359.833,MW,DE,DE_LU,actual_onshore_wind_generation,Wind Onshore,2026-08-09T05:18:04Z
2026-08-09T05:15:34Z,2026-08-09T07:15:34+0200,72a31bd2-8518-490a-bfbe-24bda838aac9,2026-08-06T04:00:00Z,2026-08-06T06:00:00+0200,9987.761,MW,DE,DE_LU,actual_onshore_wind_generation,Wind Onshore,2026-08-09T05:18:04Z
2026-08-09T05:15:34Z,2026-08-09T07:15:34+0200,72a31bd2-8518-490a-bfbe-24bda838aac9,2026-08-06T04:15:00Z,2026-08-06T06:15:00+0200,9945.41,MW,DE,DE_LU,actual_onshore_wind_generation,Wind Onshore,2026-08-09T05:18:04Z
2026-08-09T05:15:34Z,2026-08-09T07:15:34+0200,72a31bd2-8518-490a-bfbe-24bda838aac9,2026-08-06T04:30:00Z,2026-08-06T06:30:00+0200,9864.436,MW,DE,DE_LU,actual_onshore_wind_generation,Wind Onshore,2026-08-09T05:18:04Z
2026-08-09T05:15:34Z,2026-08-09T07:15:34+0200,72a31bd2-8518-490a-bfbe-24bda838aac9,2026-08-06T04:45:00Z,2026-08-06T06:45:00+0200,9805.608,MW,DE,DE_LU,actual_onshore_wind_generation,Wind Onshore,2026-08-09T05:18:04Z
2026-08-09T05:15:34Z,2026-08-09T07:15:34+0200,72a31bd2-8518-490a-bfbe-24bda838aac9,2026-08-06T05:00:00Z,2026-08-06T07:00:00+0200,9726.693,MW,DE,DE_LU,actual_onshore_wind_generation,Wind Onshore,2026-08-09T05:18:04Z
2026-08-09T05:15:34Z,2026-08-09T07:15:34+0200,72a31bd2-8518-490a-bfbe-24bda838aac9,2026-08-06T05:15:00Z,2026-08-06T07:15:00+0200,9767.936,MW,DE,DE_LU,actual_onshore_wind_generation,Wind Onshore,2026-08-09T05:18:04Z
2026-08-09T05:15:34Z,2026-08-09T07:15:34+0200,72a31bd2-8518-490a-bfbe-24bda838aac9,2026-08-06T05:30:00Z,2026-08-06T07:30:00+0200,9605.522,MW,DE,DE_LU,actual_onshore_wind_generation,Wind Onshore,2026-08-09T05:18:04Z
2026-08-09T05:15:34Z,2026-08-09T07:15:34+0200,72a31bd2-8518-490a-bfbe-24bda838aac9,2026-08-06T05:45:00Z,2026-08-06T07:45:00+0200,9479.679,MW,DE,DE_LU,actual_onshore_wind_generation,Wind Onshore,2026-08-09T05:18:04Z
2026-08-09T05:15:34Z,2026-08-09T07:15:34+0200,72a31bd2-8518-490a-bfbe-24bda838aac9,2026-08-06T06:00:00Z,2026-08-06T08:00:00+0200,9621.224,MW,DE,DE_LU,actual_onshore_wind_generation,Wind Onshore,2026-08-09T05:18:04Z
2026-08-09T05:15:34Z,2026-08-09T07:15:34+0200,72a31bd2-8518-490a-bfbe-24bda838aac9,2026-08-06T06:15:00Z,2026-08-06T08:15:00+0200,9745.428,MW,DE,DE_LU,actual_onshore_wind_generation,Wind Onshore,2026-08-09T05:18:04Z
2026-08-09T05:15:34Z,2026-08-09T07:15:34+0200,72a31bd2-8518-490a-bfbe-24bda838aac9,2026-08-06T06:30:00Z,2026-08-06T08:30:00+0200,9942.355,MW,DE,DE_LU,actual_onshore_wind_generation,Wind Onshore,2026-08-09T05:18:04Z
2026-08-09T05:15:34Z,2026-08-09T07:15:34+0200,72a31bd2-8518-490a-bfbe-24bda838aac9,2026-08-06T06:45:00Z,2026-08-06T08:45:00+0200,10297.162,MW,DE,DE_LU,actual_onshore_wind_generation,Wind Onshore,2026-08-09T05:18:04Z
2026-08-09T05:15:34Z,2026-08-09T07:15:34+0200,72a31bd2-8518-490a-bfbe-24bda838aac9,2026-08-06T07:00:00Z,2026-08-06T09:00:00+0200,10653.107,MW,DE,DE_LU,actual_onshore_wind_generation,Wind Onshore,2026-08-09T05:18:04Z
2026-08-09T05:15:34Z,2026-08-09T07:15:34+0200,72a31bd2-8518-490a-bfbe-24bda838aac9,2026-08-06T07:15:00Z,2026-08-06T09:15:00+0200,11081.569,MW,DE,DE_LU,actual_onshore_wind_generation,Wind Onshore,2026-08-09T05:18:04Z
2026-08-09T05:15:34Z,2026-08-09T07:15:34+0200,72a31bd2-8518-490a-bfbe-24bda838aac9,2026-08-06T07:30:00Z,2026-08-06T09:30:00+0200,11632.418,MW,DE,DE_LU,actual_onshore_wind_generation,Wind Onshore,2026-08-09T05:18:04Z
2026-08-09T05:15:34Z,2026-08-09T07:15:34+0200,72a31bd2-8518-490a-bfbe-24bda838aac9,2026-08-06T07:45:00Z,2026-08-06T09:45:00+0200,12487.251,MW,DE,DE_LU,actual_onshore_wind_generation,Wind Onshore,2026-08-09T05:18:04Z
2026-08-09T05:15:34Z,2026-08-09T07:15:34+0200,72a31bd2-8518-490a-bfbe-24bda838aac9,2026-08-06T08:00:00Z,2026-08-06T10:00:00+0200,12837.999,MW,DE,DE_LU,actual_onshore_wind_generation,Wind Onshore,2026-08-09T05:18:04Z
2026-08-09T05:15:34Z,2026-08-09T07:15:34+0200,72a31bd2-8518-490a-bfbe-24bda838aac9,2026-08-06T08:15:00Z,2026-08-06T10:15:00+0200,12304.457,MW,DE,DE_LU,actual_onshore_wind_generation,Wind Onshore,2026-08-09T05:18:04Z
2026-08-09T05:15:34Z,2026-08-09T07:15:34+0200,72a31bd2-8518-490a-bfbe-24bda838aac9,2026-08-06T08:30:00Z,2026-08-06T10:30:00+0200,13102.571,MW,DE,DE_LU,actual_onshore_wind_generation,Wind Onshore,2026-08-09T05:18:04Z
2026-08-09T05:15:34Z,2026-08-09T07:15:34+0200,72a31bd2-8518-490a-bfbe-24bda838aac9,2026-08-06T08:45:00Z,2026-08-06T10:45:00+0200,13643.744,MW,DE,DE_LU,actual_onshore_wind_generation,Wind Onshore,2026-08-09T05:18:04Z
2026-08-09T05:15:34Z,2026-08-09T07:15:34+0200,72a31bd2-8518-490a-bfbe-24bda838aac9,2026-08-06T09:00:00Z,2026-08-06T11:00:00+0200,13540.646,MW,DE,DE_LU,actual_onshore_wind_generation,Wind Onshore,2026-08-09T05:18:04Z
2026-08-09T05:15:34Z,2026-08-09T07:15:34+0200,72a31bd2-8518-490a-bfbe-24bda838aac9,2026-08-06T09:15:00Z,2026-08-06T11:15:00+0200,13783.851,MW,DE,DE_LU,actual_onshore_wind_generation,Wind Onshore,2026-08-09T05:18:04Z
2026-08-09T05:15:34Z,2026-08-09T07:15:34+0200,72a31bd2-8518-490a-bfbe-24bda838aac9,2026-08-06T09:30:00Z,2026-08-06T11:30:00+0200,14125.217,MW,DE,DE_LU,actual_onshore_wind_generation,Wind Onshore,2026-08-09T05:18:04Z
2026-08-09T05:15:34Z,2026-08-09T07:15:34+0200,72a31bd2-8518-490a-bfbe-24bda838aac9,2026-08-06T09:45:00Z,2026-08-06T11:45:00+0200,14491.968,MW,DE,DE_LU,actual_onshore_wind_generation,Wind Onshore,2026-08-09T05:18:04Z
2026-08-09T05:15:34Z,2026-08-09T07:15:34+0200,72a31bd2-8518-490a-bfbe-24bda838aac9,2026-08-06T10:00:00Z,2026-08-06T12:00:00+0200,15082.539,MW,DE,DE_LU,actual_onshore_wind_generation,Wind Onshore,2026-08-09T05:18:04Z
2026-08-09T05:15:34Z,2026-08-09T07:15:34+0200,72a31bd2-8518-490a-bfbe-24bda838aac9,2026-08-06T10:15:00Z,2026-08-06T12:15:00+0200,15091.938,MW,DE,DE_LU,actual_onshore_wind_generation,Wind Onshore,2026-08-09T05:18:04Z
2026-08-09T05:15:34Z,2026-08-09T07:15:34+0200,72a31bd2-8518-490a-bfbe-24bda838aac9,2026-08-06T10:30:00Z,2026-08-06T12:30:00+0200,15433.387,MW,DE,DE_LU,actual_onshore_wind_generation,Wind Onshore,2026-08-09T05:18:04Z
2026-08-09T05:15:34Z,2026-08-09T07:15:34+0200,72a31bd2-8518-490a-bfbe-24bda838aac9,2026-08-06T10:45:00Z,2026-08-06T12:45:00+0200,15485.365,MW,DE,DE_LU,actual_onshore_wind_generation,Wind Onshore,2026-08-09T05:18:04Z
2026-08-09T05:15:34Z,2026-08-09T07:15:34+0200,72a31bd2-8518-490a-bfbe-24bda838aac9,2026-08-06T11:00:00Z,2026-08-06T13:00:00+0200,14487.364,MW,DE,DE_LU,actual_onshore_wind_generation,Wind Onshore,2026-08-09T05:18:04Z
2026-08-09T05:15:34Z,2026-08-09T07:15:34+0200,72a31bd2-8518-490a-bfbe-24bda838aac9,2026-08-06T11:15:00Z,2026-08-06T13:15:00+0200,14611.689,MW,DE,DE_LU,actual_onshore_wind_generation,Wind Onshore,2026-08-09T05:18:04Z
2026-08-09T05:15:34Z,2026-08-09T07:15:34+0200,72a31bd2-8518-490a-bfbe-24bda838aac9,2026-08-06T11:30:00Z,2026-08-06T13:30:00+0200,14369.33,MW,DE,DE_LU,actual_onshore_wind_generation,Wind Onshore,2026-08-09T05:18:04Z
2026-08-09T05:15:34Z,2026-08-09T07:15:34+0200,72a31bd2-8518-490a-bfbe-24bda838aac9,2026-08-06T11:45:00Z,2026-08-06T13:45:00+0200,14731.804,MW,DE,DE_LU,actual_onshore_wind_generation,Wind Onshore,2026-08-09T05:18:04Z
2026-08-09T05:15:34Z,2026-08-09T07:15:34+0200,72a31bd2-8518-490a-bfbe-24bda838aac9,2026-08-06T12:00:00Z,2026-08-06T14:00:00+0200,15079.25,MW,DE,DE_LU,actual_onshore_wind_generation,Wind Onshore,2026-08-09T05:18:04Z
2026-08-09T05:15:34Z,2026-08-09T07:15:34+0200,72a31bd2-8518-490a-bfbe-24bda838aac9,2026-08-06T12:15:00Z,2026-08-06T14:15:00+0200,15254.365,MW,DE,DE_LU,actual_onshore_wind_generation,Wind Onshore,2026-08-09T05:18:04Z
2026-08-09T05:15:34Z,2026-08-09T07:15:34+0200,72a31bd2-8518-490a-bfbe-24bda838aac9,2026-08-06T12:30:00Z,2026-08-06T14:30:00+0200,15272.97,MW,DE,DE_LU,actual_onshore_wind_generation,Wind Onshore,2026-08-09T05:18:04Z
2026-08-09T05:15:34Z,2026-08-09T07:15:34+0200,72a31bd2-8518-490a-bfbe-24bda838aac9,2026-08-06T12:45:00Z,2026-08-06T14:45:00+0200,15326.334,MW,DE,DE_LU,actual_onshore_wind_generation,Wind Onshore,2026-08-09T05:18:04Z
2026-08-09T05:15:34Z,2026-08-09T07:15:34+0200,72a31bd2-8518-490a-bfbe-24bda838aac9,2026-08-06T13:00:00Z,2026-08-06T15:00:00+0200,15510.996,MW,DE,DE_LU,actual_onshore_wind_generation,Wind Onshore,2026-08-09T05:18:04Z
2026-08-09T05:15:34Z,2026-08-09T07:15:34+0200,72a31bd2-8518-490a-bfbe-24bda838aac9,2026-08-06T13:15:00Z,2026-08-06T15:15:00+0200,15489.814,MW,DE,DE_LU,actual_onshore_wind_generation,Wind Onshore,2026-08-09T05:18:04Z
2026-08-09T05:15:34Z,2026-08-09T07:15:34+0200,72a31bd2-8518-490a-bfbe-24bda838aac9,2026-08-06T13:30:00Z,2026-08-06T15:30:00+0200,15633.746,MW,DE,DE_LU,actual_onshore_wind_generation,Wind Onshore,2026-08-09T05:18:04Z
2026-08-09T05:15:34Z,2026-08-09T07:15:34+0200,72a31bd2-8518-490a-bfbe-24bda838aac9,2026-08-06T13:45:00Z,2026-08-06T15:45:00+0200,16572.478,MW,DE,DE_LU,actual_onshore_wind_generation,Wind Onshore,2026-08-09T05:18:04Z
2026-08-09T05:15:34Z,2026-08-09T07:15:34+0200,72a31bd2-8518-490a-bfbe-24bda838aac9,2026-08-06T14:00:00Z,2026-08-06T16:00:00+0200,17731.903,MW,DE,DE_LU,actual_onshore_wind_generation,Wind Onshore,2026-08-09T05:18:04Z
2026-08-09T05:15:34Z,2026-08-09T07:15:34+0200,72a31bd2-8518-490a-bfbe-24bda838aac9,2026-08-06T14:15:00Z,2026-08-06T16:15:00+0200,18527.719,MW,DE,DE_LU,actual_onshore_wind_generation,Wind Onshore,2026-08-09T05:18:04Z
2026-08-09T05:15:34Z,2026-08-09T07:15:34+0200,72a31bd2-8518-490a-bfbe-24bda838aac9,2026-08-06T14:30:00Z,2026-08-06T16:30:00+0200,19010.276,MW,DE,DE_LU,actual_onshore_wind_generation,Wind Onshore,2026-08-09T05:18:04Z
2026-08-09T05:15:34Z,2026-08-09T07:15:34+0200,72a31bd2-8518-490a-bfbe-24bda838aac9,2026-08-06T14:45:00Z,2026-08-06T16:45:00+0200,19316.276,MW,DE,DE_LU,actual_onshore_wind_generation,Wind Onshore,2026-08-09T05:18:04Z
2026-08-09T05:15:34Z,2026-08-09T07:15:34+0200,72a31bd2-8518-490a-bfbe-24bda838aac9,2026-08-06T15:00:00Z,2026-08-06T17:00:00+0200,20748.923,MW,DE,DE_LU,actual_onshore_wind_generation,Wind Onshore,2026-08-09T05:18:04Z
2026-08-09T05:15:34Z,2026-08-09T07:15:34+0200,72a31bd2-8518-490a-bfbe-24bda838aac9,2026-08-06T15:15:00Z,2026-08-06T17:15:00+0200,21617.373,MW,DE,DE_LU,actual_onshore_wind_generation,Wind Onshore,2026-08-09T05:18:04Z
2026-08-09T05:15:34Z,2026-08-09T07:15:34+0200,72a31bd2-8518-490a-bfbe-24bda838aac9,2026-08-06T15:30:00Z,2026-08-06T17:30:00+0200,22437.238,MW,DE,DE_LU,actual_onshore_wind_generation,Wind Onshore,2026-08-09T05:18:04Z
2026-08-09T05:15:34Z,2026-08-09T07:15:34+0200,72a31bd2-8518-490a-bfbe-24bda838aac9,2026-08-06T15:45:00Z,2026-08-06T17:45:00+0200,23049.851,MW,DE,DE_LU,actual_onshore_wind_generation,Wind Onshore,2026-08-09T05:18:04Z
2026-08-09T05:15:34Z,2026-08-09T07:15:34+0200,72a31bd2-8518-490a-bfbe-24bda838aac9,2026-08-06T16:00:00Z,2026-08-06T18:00:00+0200,22945.642,MW,DE,DE_LU,actual_onshore_wind_generation,Wind Onshore,2026-08-09T05:18:04Z
2026-08-09T05:15:34Z,2026-08-09T07:15:34+0200,72a31bd2-8518-490a-bfbe-24bda838aac9,2026-08-06T16:15:00Z,2026-08-06T18:15:00+0200,22677.281,MW,DE,DE_LU,actual_onshore_wind_generation,Wind Onshore,2026-08-09T05:18:04Z
2026-08-09T05:15:34Z,2026-08-09T07:15:34+0200,72a31bd2-8518-490a-bfbe-24bda838aac9,2026-08-06T16:30:00Z,2026-08-06T18:30:00+0200,22185.114,MW,DE,DE_LU,actual_onshore_wind_generation,Wind Onshore,2026-08-09T05:18:04Z
2026-08-09T05:15:34Z,2026-08-09T07:15:34+0200,72a31bd2-8518-490a-bfbe-24bda838aac9,2026-08-06T16:45:00Z,2026-08-06T18:45:00+0200,21914.409,MW,DE,DE_LU,actual_onshore_wind_generation,Wind Onshore,2026-08-09T05:18:04Z
2026-08-09T05:15:34Z,2026-08-09T07:15:34+0200,72a31bd2-8518-490a-bfbe-24bda838aac9,2026-08-06T17:00:00Z,2026-08-06T19:00:00+0200,21379.974,MW,DE,DE_LU,actual_onshore_wind_generation,Wind Onshore,2026-08-09T05:18:04Z
2026-08-09T05:15:34Z,2026-08-09T07:15:34+0200,72a31bd2-8518-490a-bfbe-24bda838aac9,2026-08-06T17:15:00Z,2026-08-06T19:15:00+0200,20423.563,MW,DE,DE_LU,actual_onshore_wind_generation,Wind Onshore,2026-08-09T05:18:04Z
2026-08-09T05:15:34Z,2026-08-09T07:15:34+0200,72a31bd2-8518-490a-bfbe-24bda838aac9,2026-08-06T17:30:00Z,2026-08-06T19:30:00+0200,18992.789,MW,DE,DE_LU,actual_onshore_wind_generation,Wind Onshore,2026-08-09T05:18:04Z
2026-08-09T05:15:34Z,2026-08-09T07:15:34+0200,72a31bd2-8518-490a-bfbe-24bda838aac9,2026-08-06T17:45:00Z,2026-08-06T19:45:00+0200,17431.879,MW,DE,DE_LU,actual_onshore_wind_generation,Wind Onshore,2026-08-09T05:18:04Z
2026-08-09T05:15:34Z,2026-08-09T07:15:34+0200,72a31bd2-8518-490a-bfbe-24bda838aac9,2026-08-06T18:00:00Z,2026-08-06T20:00:00+0200,15889.499,MW,DE,DE_LU,actual_onshore_wind_generation,Wind Onshore,2026-08-09T05:18:04Z
2026-08-09T05:15:34Z,2026-08-09T07:15:34+0200,72a31bd2-8518-490a-bfbe-24bda838aac9,2026-08-06T18:15:00Z,2026-08-06T20:15:00+0200,14486.798,MW,DE,DE_LU,actual_onshore_wind_generation,Wind Onshore,2026-08-09T05:18:04Z
2026-08-09T05:15:34Z,2026-08-09T07:15:34+0200,72a31bd2-8518-490a-bfbe-24bda838aac9,2026-08-06T18:30:00Z,2026-08-06T20:30:00+0200,13960.937,MW,DE,DE_LU,actual_onshore_wind_generation,Wind Onshore,2026-08-09T05:18:04Z
2026-08-09T05:15:34Z,2026-08-09T07:15:34+0200,72a31bd2-8518-490a-bfbe-24bda838aac9,2026-08-06T18:45:00Z,2026-08-06T20:45:00+0200,13600.414,MW,DE,DE_LU,actual_onshore_wind_generation,Wind Onshore,2026-08-09T05:18:04Z
2026-08-09T05:15:34Z,2026-08-09T07:15:34+0200,72a31bd2-8518-490a-bfbe-24bda838aac9,2026-08-06T19:00:00Z,2026-08-06T21:00:00+0200,12320.843,MW,DE,DE_LU,actual_onshore_wind_generation,Wind Onshore,2026-08-09T05:18:04Z
2026-08-09T05:15:34Z,2026-08-09T07:15:34+0200,72a31bd2-8518-490a-bfbe-24bda838aac9,2026-08-06T19:15:00Z,2026-08-06T21:15:00+0200,11348.031,MW,DE,DE_LU,actual_onshore_wind_generation,Wind Onshore,2026-08-09T05:18:04Z
2026-08-09T05:15:34Z,2026-08-09T07:15:34+0200,72a31bd2-8518-490a-bfbe-24bda838aac9,2026-08-06T19:30:00Z,2026-08-06T21:30:00+0200,11105.061,MW,DE,DE_LU,actual_onshore_wind_generation,Wind Onshore,2026-08-09T05:18:04Z
2026-08-09T05:15:34Z,2026-08-09T07:15:34+0200,72a31bd2-8518-490a-bfbe-24bda838aac9,2026-08-06T19:45:00Z,2026-08-06T21:45:00+0200,10596.487,MW,DE,DE_LU,actual_onshore_wind_generation,Wind Onshore,2026-08-09T05:18:04Z
2026-08-09T05:15:34Z,2026-08-09T07:15:34+0200,72a31bd2-8518-490a-bfbe-24bda838aac9,2026-08-06T20:00:00Z,2026-08-06T22:00:00+0200,10016.018,MW,DE,DE_LU,actual_onshore_wind_generation,Wind Onshore,2026-08-09T05:18:04Z
2026-08-09T05:15:34Z,2026-08-09T07:15:34+0200,72a31bd2-8518-490a-bfbe-24bda838aac9,2026-08-06T20:15:00Z,2026-08-06T22:15:00+0200,9989.903,MW,DE,DE_LU,actual_onshore_wind_generation,Wind Onshore,2026-08-09T05:18:04Z
2026-08-09T05:15:34Z,2026-08-09T07:15:34+0200,72a31bd2-8518-490a-bfbe-24bda838aac9,2026-08-06T20:30:00Z,2026-08-06T22:30:00+0200,10127.826,MW,DE,DE_LU,actual_onshore_wind_generation,Wind Onshore,2026-08-09T05:18:04Z
2026-08-09T05:15:34Z,2026-08-09T07:15:34+0200,72a31bd2-8518-490a-bfbe-24bda838aac9,2026-08-06T20:45:00Z,2026-08-06T22:45:00+0200,10076.054,MW,DE,DE_LU,actual_onshore_wind_generation,Wind Onshore,2026-08-09T05:18:04Z
2026-08-09T05:15:34Z,2026-08-09T07:15:34+0200,72a31bd2-8518-490a-bfbe-24bda838aac9,2026-08-06T21:00:00Z,2026-08-06T23:00:00+0200,10132.441,MW,DE,DE_LU,actual_onshore_wind_generation,Wind Onshore,2026-08-09T05:18:04Z
2026-08-09T05:15:34Z,2026-08-09T07:15:34+0200,72a31bd2-8518-490a-bfbe-24bda838aac9,2026-08-06T21:15:00Z,2026-08-06T23:15:00+0200,10065.913,MW,DE,DE_LU,actual_onshore_wind_generation,Wind Onshore,2026-08-09T05:18:04Z
2026-08-09T05:15:34Z,2026-08-09T07:15:34+0200,72a31bd2-8518-490a-bfbe-24bda838aac9,2026-08-06T21:30:00Z,2026-08-06T23:30:00+0200,10175.776,MW,DE,DE_LU,actual_onshore_wind_generation,Wind Onshore,2026-08-09T05:18:04Z
2026-08-09T05:15:34Z,2026-08-09T07:15:34+0200,72a31bd2-8518-490a-bfbe-24bda838aac9,2026-08-06T21:45:00Z,2026-08-06T23:45:00+0200,10115.62,MW,DE,DE_LU,actual_onshore_wind_generation,Wind Onshore,2026-08-09T05:18:04Z
2026-08-09T05:15:34Z,2026-08-09T07:15:34+0200,72a31bd2-8518-490a-bfbe-24bda838aac9,2026-08-06T22:00:00Z,2026-08-07T00:00:00+0200,9954.841,MW,DE,DE_LU,actual_onshore_wind_generation,Wind Onshore,2026-08-09T05:18:04Z
2026-08-09T05:15:34Z,2026-08-09T07:15:34+0200,72a31bd2-8518-490a-bfbe-24bda838aac9,2026-08-06T22:15:00Z,2026-08-07T00:15:00+0200,9872.006,MW,DE,DE_LU,actual_onshore_wind_generation,Wind Onshore,2026-08-09T05:18:04Z
2026-08-09T05:15:34Z,2026-08-09T07:15:34+0200,72a31bd2-8518-490a-bfbe-24bda838aac9,2026-08-06T22:30:00Z,2026-08-07T00:30:00+0200,9781.405,MW,DE,DE_LU,actual_onshore_wind_generation,Wind Onshore,2026-08-09T05:18:04Z
2026-08-09T05:15:34Z,2026-08-09T07:15:34+0200,72a31bd2-8518-490a-bfbe-24bda838aac9,2026-08-06T22:45:00Z,2026-08-07T00:45:00+0200,9784.075,MW,DE,DE_LU,actual_onshore_wind_generation,Wind Onshore,2026-08-09T05:18:04Z
2026-08-09T05:15:34Z,2026-08-09T07:15:34+0200,72a31bd2-8518-490a-bfbe-24bda838aac9,2026-08-06T23:00:00Z,2026-08-07T01:00:00+0200,9908.733,MW,DE,DE_LU,actual_onshore_wind_generation,Wind Onshore,2026-08-09T05:18:04Z
2026-08-09T05:15:34Z,2026-08-09T07:15:34+0200,72a31bd2-8518-490a-bfbe-24bda838aac9,2026-08-06T23:15:00Z,2026-08-07T01:15:00+0200,10074.987,MW,DE,DE_LU,actual_onshore_wind_generation,Wind Onshore,2026-08-09T05:18:04Z
2026-08-09T05:15:34Z,2026-08-09T07:15:34+0200,72a31bd2-8518-490a-bfbe-24bda838aac9,2026-08-06T23:30:00Z,2026-08-07T01:30:00+0200,10297.735,MW,DE,DE_LU,actual_onshore_wind_generation,Wind Onshore,2026-08-09T05:18:04Z
2026-08-09T05:15:34Z,2026-08-09T07:15:34+0200,72a31bd2-8518-490a-bfbe-24bda838aac9,2026-08-06T23:45:00Z,2026-08-07T01:45:00+0200,10383.2,MW,DE,DE_LU,actual_onshore_wind_generation,Wind Onshore,2026-08-09T05:18:04Z
2026-08-09T05:15:34Z,2026-08-09T07:15:34+0200,72a31bd2-8518-490a-bfbe-24bda838aac9,2026-08-07T00:00:00Z,2026-08-07T02:00:00+0200,10238.078,MW,DE,DE_LU,actual_onshore_wind_generation,Wind Onshore,2026-08-09T05:18:04Z
2026-08-09T05:15:34Z,2026-08-09T07:15:34+0200,72a31bd2-8518-490a-bfbe-24bda838aac9,2026-08-07T00:15:00Z,2026-08-07T02:15:00+0200,9930.596,MW,DE,DE_LU,actual_onshore_wind_generation,Wind Onshore,2026-08-09T05:18:04Z
2026-08-09T05:15:34Z,2026-08-09T07:15:34+0200,72a31bd2-8518-490a-bfbe-24bda838aac9,2026-08-07T00:30:00Z,2026-08-07T02:30:00+0200,9528.436,MW,DE,DE_LU,actual_onshore_wind_generation,Wind Onshore,2026-08-09T05:18:04Z
2026-08-09T05:15:34Z,2026-08-09T07:15:34+0200,72a31bd2-8518-490a-bfbe-24bda838aac9,2026-08-07T00:45:00Z,2026-08-07T02:45:00+0200,9206.178,MW,DE,DE_LU,actual_onshore_wind_generation,Wind Onshore,2026-08-09T05:18:04Z
2026-08-09T05:15:34Z,2026-08-09T07:15:34+0200,72a31bd2-8518-490a-bfbe-24bda838aac9,2026-08-07T01:00:00Z,2026-08-07T03:00:00+0200,8897.062,MW,DE,DE_LU,actual_onshore_wind_generation,Wind Onshore,2026-08-09T05:18:04Z
2026-08-09T05:15:34Z,2026-08-09T07:15:34+0200,72a31bd2-8518-490a-bfbe-24bda838aac9,2026-08-07T01:15:00Z,2026-08-07T03:15:00+0200,8751.973,MW,DE,DE_LU,actual_onshore_wind_generation,Wind Onshore,2026-08-09T05:18:04Z
2026-08-09T05:15:34Z,2026-08-09T07:15:34+0200,72a31bd2-8518-490a-bfbe-24bda838aac9,2026-08-07T01:30:00Z,2026-08-07T03:30:00+0200,8619.63,MW,DE,DE_LU,actual_onshore_wind_generation,Wind Onshore,2026-08-09T05:18:04Z
2026-08-09T05:15:34Z,2026-08-09T07:15:34+0200,72a31bd2-8518-490a-bfbe-24bda838aac9,2026-08-07T01:45:00Z,2026-08-07T03:45:00+0200,8506.134,MW,DE,DE_LU,actual_onshore_wind_generation,Wind Onshore,2026-08-09T05:18:04Z
2026-08-09T05:15:34Z,2026-08-09T07:15:34+0200,72a31bd2-8518-490a-bfbe-24bda838aac9,2026-08-07T02:00:00Z,2026-08-07T04:00:00+0200,8379.936,MW,DE,DE_LU,actual_onshore_wind_generation,Wind Onshore,2026-08-09T05:18:04Z
2026-08-09T05:15:34Z,2026-08-09T07:15:34+0200,72a31bd2-8518-490a-bfbe-24bda838aac9,2026-08-07T02:15:00Z,2026-08-07T04:15:00+0200,8377.41,MW,DE,DE_LU,actual_onshore_wind_generation,Wind Onshore,2026-08-09T05:18:04Z
2026-08-09T05:15:34Z,2026-08-09T07:15:34+0200,72a31bd2-8518-490a-bfbe-24bda838aac9,2026-08-07T02:30:00Z,2026-08-07T04:30:00+0200,8347.638,MW,DE,DE_LU,actual_onshore_wind_generation,Wind Onshore,2026-08-09T05:18:04Z
2026-08-09T05:15:34Z,2026-08-09T07:15:34+0200,72a31bd2-8518-490a-bfbe-24bda838aac9,2026-08-07T02:45:00Z,2026-08-07T04:45:00+0200,8398.993,MW,DE,DE_LU,actual_onshore_wind_generation,Wind Onshore,2026-08-09T05:18:04Z
2026-08-09T05:15:34Z,2026-08-09T07:15:34+0200,72a31bd2-8518-490a-bfbe-24bda838aac9,2026-08-07T03:00:00Z,2026-08-07T05:00:00+0200,8511.507,MW,DE,DE_LU,actual_onshore_wind_generation,Wind Onshore,2026-08-09T05:18:04Z
2026-08-09T05:15:34Z,2026-08-09T07:15:34+0200,72a31bd2-8518-490a-bfbe-24bda838aac9,2026-08-07T03:15:00Z,2026-08-07T05:15:00+0200,8613.982,MW,DE,DE_LU,actual_onshore_wind_generation,Wind Onshore,2026-08-09T05:18:04Z
2026-08-09T05:15:34Z,2026-08-09T07:15:34+0200,72a31bd2-8518-490a-bfbe-24bda838aac9,2026-08-07T03:30:00Z,2026-08-07T05:30:00+0200,8344.615,MW,DE,DE_LU,actual_onshore_wind_generation,Wind Onshore,2026-08-09T05:18:04Z
2026-08-09T05:15:34Z,2026-08-09T07:15:34+0200,72a31bd2-8518-490a-bfbe-24bda838aac9,2026-08-07T03:45:00Z,2026-08-07T05:45:00+0200,8349.59,MW,DE,DE_LU,actual_onshore_wind_generation,Wind Onshore,2026-08-09T05:18:04Z
2026-08-09T05:15:34Z,2026-08-09T07:15:34+0200,72a31bd2-8518-490a-bfbe-24bda838aac9,2026-08-07T04:00:00Z,2026-08-07T06:00:00+0200,8510.818,MW,DE,DE_LU,actual_onshore_wind_generation,Wind Onshore,2026-08-09T05:18:04Z
2026-08-09T05:15:34Z,2026-08-09T07:15:34+0200,72a31bd2-8518-490a-bfbe-24bda838aac9,2026-08-07T04:15:00Z,2026-08-07T06:15:00+0200,8136.966,MW,DE,DE_LU,actual_onshore_wind_generation,Wind Onshore,2026-08-09T05:18:04Z
2026-08-09T05:15:34Z,2026-08-09T07:15:34+0200,72a31bd2-8518-490a-bfbe-24bda838aac9,2026-08-07T04:30:00Z,2026-08-07T06:30:00+0200,7656.079,MW,DE,DE_LU,actual_onshore_wind_generation,Wind Onshore,2026-08-09T05:18:04Z
2026-08-09T05:15:34Z,2026-08-09T07:15:34+0200,72a31bd2-8518-490a-bfbe-24bda838aac9,2026-08-07T04:45:00Z,2026-08-07T06:45:00+0200,7254.058,MW,DE,DE_LU,actual_onshore_wind_generation,Wind Onshore,2026-08-09T05:18:04Z
2026-08-09T05:15:34Z,2026-08-09T07:15:34+0200,72a31bd2-8518-490a-bfbe-24bda838aac9,2026-08-07T05:00:00Z,2026-08-07T07:00:00+0200,7033.893,MW,DE,DE_LU,actual_onshore_wind_generation,Wind Onshore,2026-08-09T05:18:04Z
2026-08-09T05:15:34Z,2026-08-09T07:15:34+0200,72a31bd2-8518-490a-bfbe-24bda838aac9,2026-08-07T05:15:00Z,2026-08-07T07:15:00+0200,6512.408,MW,DE,DE_LU,actual_onshore_wind_generation,Wind Onshore,2026-08-09T05:18:04Z
2026-08-09T05:15:34Z,2026-08-09T07:15:34+0200,72a31bd2-8518-490a-bfbe-24bda838aac9,2026-08-07T05:30:00Z,2026-08-07T07:30:00+0200,5859.335,MW,DE,DE_LU,actual_onshore_wind_generation,Wind Onshore,2026-08-09T05:18:04Z
2026-08-09T05:15:34Z,2026-08-09T07:15:34+0200,72a31bd2-8518-490a-bfbe-24bda838aac9,2026-08-07T05:45:00Z,2026-08-07T07:45:00+0200,5325.251,MW,DE,DE_LU,actual_onshore_wind_generation,Wind Onshore,2026-08-09T05:18:04Z
2026-08-09T05:15:34Z,2026-08-09T07:15:34+0200,72a31bd2-8518-490a-bfbe-24bda838aac9,2026-08-07T06:00:00Z,2026-08-07T08:00:00+0200,4839.296,MW,DE,DE_LU,actual_onshore_wind_generation,Wind Onshore,2026-08-09T05:18:04Z
2026-08-09T05:15:34Z,2026-08-09T07:15:34+0200,72a31bd2-8518-490a-bfbe-24bda838aac9,2026-08-07T06:15:00Z,2026-08-07T08:15:00+0200,4594.786,MW,DE,DE_LU,actual_onshore_wind_generation,Wind Onshore,2026-08-09T05:18:04Z
2026-08-09T05:15:34Z,2026-08-09T07:15:34+0200,72a31bd2-8518-490a-bfbe-24bda838aac9,2026-08-07T06:30:00Z,2026-08-07T08:30:00+0200,4652.289,MW,DE,DE_LU,actual_onshore_wind_generation,Wind Onshore,2026-08-09T05:18:04Z
2026-08-09T05:15:34Z,2026-08-09T07:15:34+0200,72a31bd2-8518-490a-bfbe-24bda838aac9,2026-08-07T06:45:00Z,2026-08-07T08:45:00+0200,4723.986,MW,DE,DE_LU,actual_onshore_wind_generation,Wind Onshore,2026-08-09T05:18:04Z
2026-08-09T05:15:34Z,2026-08-09T07:15:34+0200,72a31bd2-8518-490a-bfbe-24bda838aac9,2026-08-07T07:00:00Z,2026-08-07T09:00:00+0200,4826.358,MW,DE,DE_LU,actual_onshore_wind_generation,Wind Onshore,2026-08-09T05:18:04Z
2026-08-09T05:15:34Z,2026-08-09T07:15:34+0200,72a31bd2-8518-490a-bfbe-24bda838aac9,2026-08-07T07:15:00Z,2026-08-07T09:15:00+0200,4876.349,MW,DE,DE_LU,actual_onshore_wind_generation,Wind Onshore,2026-08-09T05:18:04Z
2026-08-09T05:15:34Z,2026-08-09T07:15:34+0200,72a31bd2-8518-490a-bfbe-24bda838aac9,2026-08-07T07:30:00Z,2026-08-07T09:30:00+0200,5026.686,MW,DE,DE_LU,actual_onshore_wind_generation,Wind Onshore,2026-08-09T05:18:04Z
2026-08-09T05:15:34Z,2026-08-09T07:15:34+0200,72a31bd2-8518-490a-bfbe-24bda838aac9,2026-08-07T07:45:00Z,2026-08-07T09:45:00+0200,5278.497,MW,DE,DE_LU,actual_onshore_wind_generation,Wind Onshore,2026-08-09T05:18:04Z
2026-08-09T05:15:34Z,2026-08-09T07:15:34+0200,72a31bd2-8518-490a-bfbe-24bda838aac9,2026-08-07T08:00:00Z,2026-08-07T10:00:00+0200,5205.293,MW,DE,DE_LU,actual_onshore_wind_generation,Wind Onshore,2026-08-09T05:18:04Z
2026-08-09T05:15:34Z,2026-08-09T07:15:34+0200,72a31bd2-8518-490a-bfbe-24bda838aac9,2026-08-07T08:15:00Z,2026-08-07T10:15:00+0200,5110.455,MW,DE,DE_LU,actual_onshore_wind_generation,Wind Onshore,2026-08-09T05:18:04Z
2026-08-09T05:15:34Z,2026-08-09T07:15:34+0200,72a31bd2-8518-490a-bfbe-24bda838aac9,2026-08-07T08:30:00Z,2026-08-07T10:30:00+0200,5049.529,MW,DE,DE_LU,actual_onshore_wind_generation,Wind Onshore,2026-08-09T05:18:04Z
2026-08-09T05:15:34Z,2026-08-09T07:15:34+0200,72a31bd2-8518-490a-bfbe-24bda838aac9,2026-08-07T08:45:00Z,2026-08-07T10:45:00+0200,4922.611,MW,DE,DE_LU,actual_onshore_wind_generation,Wind Onshore,2026-08-09T05:18:04Z
2026-08-09T05:15:34Z,2026-08-09T07:15:34+0200,72a31bd2-8518-490a-bfbe-24bda838aac9,2026-08-07T09:00:00Z,2026-08-07T11:00:00+0200,4865.777,MW,DE,DE_LU,actual_onshore_wind_generation,Wind Onshore,2026-08-09T05:18:04Z
2026-08-09T05:15:34Z,2026-08-09T07:15:34+0200,72a31bd2-8518-490a-bfbe-24bda838aac9,2026-08-07T09:15:00Z,2026-08-07T11:15:00+0200,4985.757,MW,DE,DE_LU,actual_onshore_wind_generation,Wind Onshore,2026-08-09T05:18:04Z
2026-08-09T05:15:34Z,2026-08-09T07:15:34+0200,72a31bd2-8518-490a-bfbe-24bda838aac9,2026-08-07T09:30:00Z,2026-08-07T11:30:00+0200,4913.048,MW,DE,DE_LU,actual_onshore_wind_generation,Wind Onshore,2026-08-09T05:18:04Z
2026-08-09T05:15:34Z,2026-08-09T07:15:34+0200,72a31bd2-8518-490a-bfbe-24bda838aac9,2026-08-07T09:45:00Z,2026-08-07T11:45:00+0200,4938.67,MW,DE,DE_LU,actual_onshore_wind_generation,Wind Onshore,2026-08-09T05:18:04Z
2026-08-09T05:15:34Z,2026-08-09T07:15:34+0200,72a31bd2-8518-490a-bfbe-24bda838aac9,2026-08-07T10:00:00Z,2026-08-07T12:00:00+0200,5143.402,MW,DE,DE_LU,actual_onshore_wind_generation,Wind Onshore,2026-08-09T05:18:04Z
2026-08-09T05:15:34Z,2026-08-09T07:15:34+0200,72a31bd2-8518-490a-bfbe-24bda838aac9,2026-08-07T10:15:00Z,2026-08-07T12:15:00+0200,5170.566,MW,DE,DE_LU,actual_onshore_wind_generation,Wind Onshore,2026-08-09T05:18:04Z
2026-08-09T05:15:34Z,2026-08-09T07:15:34+0200,72a31bd2-8518-490a-bfbe-24bda838aac9,2026-08-07T10:30:00Z,2026-08-07T12:30:00+0200,4997.565,MW,DE,DE_LU,actual_onshore_wind_generation,Wind Onshore,2026-08-09T05:18:04Z
2026-08-09T05:15:34Z,2026-08-09T07:15:34+0200,72a31bd2-8518-490a-bfbe-24bda838aac9,2026-08-07T10:45:00Z,2026-08-07T12:45:00+0200,4976.837,MW,DE,DE_LU,actual_onshore_wind_generation,Wind Onshore,2026-08-09T05:18:04Z
2026-08-09T05:15:34Z,2026-08-09T07:15:34+0200,72a31bd2-8518-490a-bfbe-24bda838aac9,2026-08-07T11:00:00Z,2026-08-07T13:00:00+0200,4972.161,MW,DE,DE_LU,actual_onshore_wind_generation,Wind Onshore,2026-08-09T05:18:04Z
2026-08-09T05:15:34Z,2026-08-09T07:15:34+0200,72a31bd2-8518-490a-bfbe-24bda838aac9,2026-08-07T11:15:00Z,2026-08-07T13:15:00+0200,5054.888,MW,DE,DE_LU,actual_onshore_wind_generation,Wind Onshore,2026-08-09T05:18:04Z
2026-08-09T05:15:34Z,2026-08-09T07:15:34+0200,72a31bd2-8518-490a-bfbe-24bda838aac9,2026-08-07T11:30:00Z,2026-08-07T13:30:00+0200,5055.005,MW,DE,DE_LU,actual_onshore_wind_generation,Wind Onshore,2026-08-09T05:18:04Z
2026-08-09T05:15:34Z,2026-08-09T07:15:34+0200,72a31bd2-8518-490a-bfbe-24bda838aac9,2026-08-07T11:45:00Z,2026-08-07T13:45:00+0200,4997.901,MW,DE,DE_LU,actual_onshore_wind_generation,Wind Onshore,2026-08-09T05:18:04Z
2026-08-09T05:15:34Z,2026-08-09T07:15:34+0200,72a31bd2-8518-490a-bfbe-24bda838aac9,2026-08-07T12:00:00Z,2026-08-07T14:00:00+0200,5101.371,MW,DE,DE_LU,actual_onshore_wind_generation,Wind Onshore,2026-08-09T05:18:04Z
2026-08-09T05:15:34Z,2026-08-09T07:15:34+0200,72a31bd2-8518-490a-bfbe-24bda838aac9,2026-08-07T12:15:00Z,2026-08-07T14:15:00+0200,5101.777,MW,DE,DE_LU,actual_onshore_wind_generation,Wind Onshore,2026-08-09T05:18:04Z
2026-08-09T05:15:34Z,2026-08-09T07:15:34+0200,72a31bd2-8518-490a-bfbe-24bda838aac9,2026-08-07T12:30:00Z,2026-08-07T14:30:00+0200,5087.829,MW,DE,DE_LU,actual_onshore_wind_generation,Wind Onshore,2026-08-09T05:18:04Z
2026-08-09T05:15:34Z,2026-08-09T07:15:34+0200,72a31bd2-8518-490a-bfbe-24bda838aac9,2026-08-07T12:45:00Z,2026-08-07T14:45:00+0200,5020.007,MW,DE,DE_LU,actual_onshore_wind_generation,Wind Onshore,2026-08-09T05:18:04Z
2026-08-09T05:15:34Z,2026-08-09T07:15:34+0200,72a31bd2-8518-490a-bfbe-24bda838aac9,2026-08-07T13:00:00Z,2026-08-07T15:00:00+0200,4983.11,MW,DE,DE_LU,actual_onshore_wind_generation,Wind Onshore,2026-08-09T05:18:04Z
2026-08-09T05:15:34Z,2026-08-09T07:15:34+0200,72a31bd2-8518-490a-bfbe-24bda838aac9,2026-08-07T13:15:00Z,2026-08-07T15:15:00+0200,4989.946,MW,DE,DE_LU,actual_onshore_wind_generation,Wind Onshore,2026-08-09T05:18:04Z
2026-08-09T05:15:34Z,2026-08-09T07:15:34+0200,72a31bd2-8518-490a-bfbe-24bda838aac9,2026-08-07T13:30:00Z,2026-08-07T15:30:00+0200,4908.31,MW,DE,DE_LU,actual_onshore_wind_generation,Wind Onshore,2026-08-09T05:18:04Z
2026-08-09T05:15:34Z,2026-08-09T07:15:34+0200,72a31bd2-8518-490a-bfbe-24bda838aac9,2026-08-07T13:45:00Z,2026-08-07T15:45:00+0200,5140.085,MW,DE,DE_LU,actual_onshore_wind_generation,Wind Onshore,2026-08-09T05:18:04Z
2026-08-09T05:15:34Z,2026-08-09T07:15:34+0200,72a31bd2-8518-490a-bfbe-24bda838aac9,2026-08-07T14:00:00Z,2026-08-07T16:00:00+0200,5187.281,MW,DE,DE_LU,actual_onshore_wind_generation,Wind Onshore,2026-08-09T05:18:04Z
2026-08-09T05:15:34Z,2026-08-09T07:15:34+0200,72a31bd2-8518-490a-bfbe-24bda838aac9,2026-08-07T14:15:00Z,2026-08-07T16:15:00+0200,5131.124,MW,DE,DE_LU,actual_onshore_wind_generation,Wind Onshore,2026-08-09T05:18:04Z
2026-08-09T05:15:34Z,2026-08-09T07:15:34+0200,72a31bd2-8518-490a-bfbe-24bda838aac9,2026-08-07T14:30:00Z,2026-08-07T16:30:00+0200,5139.569,MW,DE,DE_LU,actual_onshore_wind_generation,Wind Onshore,2026-08-09T05:18:04Z
2026-08-09T05:15:34Z,2026-08-09T07:15:34+0200,72a31bd2-8518-490a-bfbe-24bda838aac9,2026-08-07T14:45:00Z,2026-08-07T16:45:00+0200,5147.817,MW,DE,DE_LU,actual_onshore_wind_generation,Wind Onshore,2026-08-09T05:18:04Z
2026-08-09T05:15:34Z,2026-08-09T07:15:34+0200,72a31bd2-8518-490a-bfbe-24bda838aac9,2026-08-07T15:00:00Z,2026-08-07T17:00:00+0200,5070.376,MW,DE,DE_LU,actual_onshore_wind_generation,Wind Onshore,2026-08-09T05:18:04Z
2026-08-09T05:15:34Z,2026-08-09T07:15:34+0200,72a31bd2-8518-490a-bfbe-24bda838aac9,2026-08-07T15:15:00Z,2026-08-07T17:15:00+0200,5028.207,MW,DE,DE_LU,actual_onshore_wind_generation,Wind Onshore,2026-08-09T05:18:04Z
2026-08-09T05:15:34Z,2026-08-09T07:15:34+0200,72a31bd2-8518-490a-bfbe-24bda838aac9,2026-08-07T15:30:00Z,2026-08-07T17:30:00+0200,4967.824,MW,DE,DE_LU,actual_onshore_wind_generation,Wind Onshore,2026-08-09T05:18:04Z
2026-08-09T05:15:34Z,2026-08-09T07:15:34+0200,72a31bd2-8518-490a-bfbe-24bda838aac9,2026-08-07T15:45:00Z,2026-08-07T17:45:00+0200,4922.018,MW,DE,DE_LU,actual_onshore_wind_generation,Wind Onshore,2026-08-09T05:18:04Z
2026-08-09T05:15:34Z,2026-08-09T07:15:34+0200,72a31bd2-8518-490a-bfbe-24bda838aac9,2026-08-07T16:00:00Z,2026-08-07T18:00:00+0200,4893.631,MW,DE,DE_LU,actual_onshore_wind_generation,Wind Onshore,2026-08-09T05:18:04Z
2026-08-09T05:15:34Z,2026-08-09T07:15:34+0200,72a31bd2-8518-490a-bfbe-24bda838aac9,2026-08-07T16:15:00Z,2026-08-07T18:15:00+0200,4895.552,MW,DE,DE_LU,actual_onshore_wind_generation,Wind Onshore,2026-08-09T05:18:04Z
2026-08-09T05:15:34Z,2026-08-09T07:15:34+0200,72a31bd2-8518-490a-bfbe-24bda838aac9,2026-08-07T16:30:00Z,2026-08-07T18:30:00+0200,4944.193,MW,DE,DE_LU,actual_onshore_wind_generation,Wind Onshore,2026-08-09T05:18:04Z
2026-08-09T05:15:34Z,2026-08-09T07:15:34+0200,72a31bd2-8518-490a-bfbe-24bda838aac9,2026-08-07T16:45:00Z,2026-08-07T18:45:00+0200,5019.219,MW,DE,DE_LU,actual_onshore_wind_generation,Wind Onshore,2026-08-09T05:18:04Z
2026-08-09T05:15:34Z,2026-08-09T07:15:34+0200,72a31bd2-8518-490a-bfbe-24bda838aac9,2026-08-07T17:00:00Z,2026-08-07T19:00:00+0200,5066.835,MW,DE,DE_LU,actual_onshore_wind_generation,Wind Onshore,2026-08-09T05:18:04Z
2026-08-09T05:15:34Z,2026-08-09T07:15:34+0200,72a31bd2-8518-490a-bfbe-24bda838aac9,2026-08-07T17:15:00Z,2026-08-07T19:15:00+0200,4953.988,MW,DE,DE_LU,actual_onshore_wind_generation,Wind Onshore,2026-08-09T05:18:04Z
2026-08-09T05:15:34Z,2026-08-09T07:15:34+0200,72a31bd2-8518-490a-bfbe-24bda838aac9,2026-08-07T17:30:00Z,2026-08-07T19:30:00+0200,4841.624,MW,DE,DE_LU,actual_onshore_wind_generation,Wind Onshore,2026-08-09T05:18:04Z
2026-08-09T05:15:34Z,2026-08-09T07:15:34+0200,72a31bd2-8518-490a-bfbe-24bda838aac9,2026-08-07T17:45:00Z,2026-08-07T19:45:00+0200,4778.242,MW,DE,DE_LU,actual_onshore_wind_generation,Wind Onshore,2026-08-09T05:18:04Z
2026-08-09T05:15:34Z,2026-08-09T07:15:34+0200,72a31bd2-8518-490a-bfbe-24bda838aac9,2026-08-07T18:00:00Z,2026-08-07T20:00:00+0200,4398.669,MW,DE,DE_LU,actual_onshore_wind_generation,Wind Onshore,2026-08-09T05:18:04Z
2026-08-09T05:15:34Z,2026-08-09T07:15:34+0200,72a31bd2-8518-490a-bfbe-24bda838aac9,2026-08-07T18:15:00Z,2026-08-07T20:15:00+0200,4186.173,MW,DE,DE_LU,actual_onshore_wind_generation,Wind Onshore,2026-08-09T05:18:04Z
2026-08-09T05:15:34Z,2026-08-09T07:15:34+0200,72a31bd2-8518-490a-bfbe-24bda838aac9,2026-08-07T18:30:00Z,2026-08-07T20:30:00+0200,4204.444,MW,DE,DE_LU,actual_onshore_wind_generation,Wind Onshore,2026-08-09T05:18:04Z
2026-08-09T05:15:34Z,2026-08-09T07:15:34+0200,72a31bd2-8518-490a-bfbe-24bda838aac9,2026-08-07T18:45:00Z,2026-08-07T20:45:00+0200,4281.647,MW,DE,DE_LU,actual_onshore_wind_generation,Wind Onshore,2026-08-09T05:18:04Z
2026-08-09T05:15:34Z,2026-08-09T07:15:34+0200,72a31bd2-8518-490a-bfbe-24bda838aac9,2026-08-07T19:00:00Z,2026-08-07T21:00:00+0200,4197.549,MW,DE,DE_LU,actual_onshore_wind_generation,Wind Onshore,2026-08-09T05:18:04Z
2026-08-09T05:15:34Z,2026-08-09T07:15:34+0200,72a31bd2-8518-490a-bfbe-24bda838aac9,2026-08-07T19:15:00Z,2026-08-07T21:15:00+0200,4411.786,MW,DE,DE_LU,actual_onshore_wind_generation,Wind Onshore,2026-08-09T05:18:04Z
2026-08-09T05:15:34Z,2026-08-09T07:15:34+0200,72a31bd2-8518-490a-bfbe-24bda838aac9,2026-08-07T19:30:00Z,2026-08-07T21:30:00+0200,4781.412,MW,DE,DE_LU,actual_onshore_wind_generation,Wind Onshore,2026-08-09T05:18:04Z
2026-08-09T05:15:34Z,2026-08-09T07:15:34+0200,72a31bd2-8518-490a-bfbe-24bda838aac9,2026-08-07T19:45:00Z,2026-08-07T21:45:00+0200,5094.99,MW,DE,DE_LU,actual_onshore_wind_generation,Wind Onshore,2026-08-09T05:18:04Z
2026-08-09T05:15:34Z,2026-08-09T07:15:34+0200,72a31bd2-8518-490a-bfbe-24bda838aac9,2026-08-07T20:00:00Z,2026-08-07T22:00:00+0200,5120.359,MW,DE,DE_LU,actual_onshore_wind_generation,Wind Onshore,2026-08-09T05:18:04Z
2026-08-09T05:15:34Z,2026-08-09T07:15:34+0200,72a31bd2-8518-490a-bfbe-24bda838aac9,2026-08-07T20:15:00Z,2026-08-07T22:15:00+0200,5274.717,MW,DE,DE_LU,actual_onshore_wind_generation,Wind Onshore,2026-08-09T05:18:04Z
2026-08-09T05:15:34Z,2026-08-09T07:15:34+0200,72a31bd2-8518-490a-bfbe-24bda838aac9,2026-08-07T20:30:00Z,2026-08-07T22:30:00+0200,5427.605,MW,DE,DE_LU,actual_onshore_wind_generation,Wind Onshore,2026-08-09T05:18:04Z
2026-08-09T05:15:34Z,2026-08-09T07:15:34+0200,72a31bd2-8518-490a-bfbe-24bda838aac9,2026-08-07T20:45:00Z,2026-08-07T22:45:00+0200,5577.205,MW,DE,DE_LU,actual_onshore_wind_generation,Wind Onshore,2026-08-09T05:18:04Z
2026-08-09T05:15:34Z,2026-08-09T07:15:34+0200,72a31bd2-8518-490a-bfbe-24bda838aac9,2026-08-07T21:00:00Z,2026-08-07T23:00:00+0200,5646.812,MW,DE,DE_LU,actual_onshore_wind_generation,Wind Onshore,2026-08-09T05:18:04Z
2026-08-09T05:15:34Z,2026-08-09T07:15:34+0200,72a31bd2-8518-490a-bfbe-24bda838aac9,2026-08-07T21:15:00Z,2026-08-07T23:15:00+0200,5703.154,MW,DE,DE_LU,actual_onshore_wind_generation,Wind Onshore,2026-08-09T05:18:04Z
2026-08-09T05:15:34Z,2026-08-09T07:15:34+0200,72a31bd2-8518-490a-bfbe-24bda838aac9,2026-08-07T21:30:00Z,2026-08-07T23:30:00+0200,5769.704,MW,DE,DE_LU,actual_onshore_wind_generation,Wind Onshore,2026-08-09T05:18:04Z
2026-08-09T05:15:34Z,2026-08-09T07:15:34+0200,72a31bd2-8518-490a-bfbe-24bda838aac9,2026-08-07T21:45:00Z,2026-08-07T23:45:00+0200,5906.944,MW,DE,DE_LU,actual_onshore_wind_generation,Wind Onshore,2026-08-09T05:18:04Z
2026-08-09T05:15:34Z,2026-08-09T07:15:34+0200,72a31bd2-8518-490a-bfbe-24bda838aac9,2026-08-07T22:00:00Z,2026-08-08T00:00:00+0200,5922.325,MW,DE,DE_LU,actual_onshore_wind_generation,Wind Onshore,2026-08-09T05:18:04Z
2026-08-09T05:15:34Z,2026-08-09T07:15:34+0200,72a31bd2-8518-490a-bfbe-24bda838aac9,2026-08-07T22:15:00Z,2026-08-08T00:15:00+0200,5945.915,MW,DE,DE_LU,actual_onshore_wind_generation,Wind Onshore,2026-08-09T05:18:04Z
2026-08-09T05:15:34Z,2026-08-09T07:15:34+0200,72a31bd2-8518-490a-bfbe-24bda838aac9,2026-08-07T22:30:00Z,2026-08-08T00:30:00+0200,5935.553,MW,DE,DE_LU,actual_onshore_wind_generation,Wind Onshore,2026-08-09T05:18:04Z
2026-08-09T05:15:34Z,2026-08-09T07:15:34+0200,72a31bd2-8518-490a-bfbe-24bda838aac9,2026-08-07T22:45:00Z,2026-08-08T00:45:00+0200,5815.038,MW,DE,DE_LU,actual_onshore_wind_generation,Wind Onshore,2026-08-09T05:18:04Z
2026-08-09T05:15:34Z,2026-08-09T07:15:34+0200,72a31bd2-8518-490a-bfbe-24bda838aac9,2026-08-07T23:00:00Z,2026-08-08T01:00:00+0200,5727.129,MW,DE,DE_LU,actual_onshore_wind_generation,Wind Onshore,2026-08-09T05:18:04Z
2026-08-09T05:15:34Z,2026-08-09T07:15:34+0200,72a31bd2-8518-490a-bfbe-24bda838aac9,2026-08-07T23:15:00Z,2026-08-08T01:15:00+0200,5619.586,MW,DE,DE_LU,actual_onshore_wind_generation,Wind Onshore,2026-08-09T05:18:04Z
2026-08-09T05:15:34Z,2026-08-09T07:15:34+0200,72a31bd2-8518-490a-bfbe-24bda838aac9,2026-08-07T23:30:00Z,2026-08-08T01:30:00+0200,5486.398,MW,DE,DE_LU,actual_onshore_wind_generation,Wind Onshore,2026-08-09T05:18:04Z
2026-08-09T05:15:34Z,2026-08-09T07:15:34+0200,72a31bd2-8518-490a-bfbe-24bda838aac9,2026-08-07T23:45:00Z,2026-08-08T01:45:00+0200,5431.05,MW,DE,DE_LU,actual_onshore_wind_generation,Wind Onshore,2026-08-09T05:18:04Z
2026-08-09T05:15:34Z,2026-08-09T07:15:34+0200,72a31bd2-8518-490a-bfbe-24bda838aac9,2026-08-08T00:00:00Z,2026-08-08T02:00:00+0200,5400.856,MW,DE,DE_LU,actual_onshore_wind_generation,Wind Onshore,2026-08-09T05:18:04Z
2026-08-09T05:15:34Z,2026-08-09T07:15:34+0200,72a31bd2-8518-490a-bfbe-24bda838aac9,2026-08-08T00:15:00Z,2026-08-08T02:15:00+0200,5370.801,MW,DE,DE_LU,actual_onshore_wind_generation,Wind Onshore,2026-08-09T05:18:04Z
2026-08-09T05:15:34Z,2026-08-09T07:15:34+0200,72a31bd2-8518-490a-bfbe-24bda838aac9,2026-08-08T00:30:00Z,2026-08-08T02:30:00+0200,5209.082,MW,DE,DE_LU,actual_onshore_wind_generation,Wind Onshore,2026-08-09T05:18:04Z
2026-08-09T05:15:34Z,2026-08-09T07:15:34+0200,72a31bd2-8518-490a-bfbe-24bda838aac9,2026-08-08T00:45:00Z,2026-08-08T02:45:00+0200,5065.907,MW,DE,DE_LU,actual_onshore_wind_generation,Wind Onshore,2026-08-09T05:18:04Z
2026-08-09T05:15:34Z,2026-08-09T07:15:34+0200,72a31bd2-8518-490a-bfbe-24bda838aac9,2026-08-08T01:00:00Z,2026-08-08T03:00:00+0200,4886.02,MW,DE,DE_LU,actual_onshore_wind_generation,Wind Onshore,2026-08-09T05:18:04Z
2026-08-09T05:15:34Z,2026-08-09T07:15:34+0200,72a31bd2-8518-490a-bfbe-24bda838aac9,2026-08-08T01:15:00Z,2026-08-08T03:15:00+0200,4812.861,MW,DE,DE_LU,actual_onshore_wind_generation,Wind Onshore,2026-08-09T05:18:04Z
2026-08-09T05:15:34Z,2026-08-09T07:15:34+0200,72a31bd2-8518-490a-bfbe-24bda838aac9,2026-08-08T01:30:00Z,2026-08-08T03:30:00+0200,4718.459,MW,DE,DE_LU,actual_onshore_wind_generation,Wind Onshore,2026-08-09T05:18:04Z
2026-08-09T05:15:34Z,2026-08-09T07:15:34+0200,72a31bd2-8518-490a-bfbe-24bda838aac9,2026-08-08T01:45:00Z,2026-08-08T03:45:00+0200,4585.221,MW,DE,DE_LU,actual_onshore_wind_generation,Wind Onshore,2026-08-09T05:18:04Z
2026-08-09T05:15:34Z,2026-08-09T07:15:34+0200,72a31bd2-8518-490a-bfbe-24bda838aac9,2026-08-08T02:00:00Z,2026-08-08T04:00:00+0200,4458.614,MW,DE,DE_LU,actual_onshore_wind_generation,Wind Onshore,2026-08-09T05:18:04Z
2026-08-09T05:15:34Z,2026-08-09T07:15:34+0200,72a31bd2-8518-490a-bfbe-24bda838aac9,2026-08-08T02:15:00Z,2026-08-08T04:15:00+0200,4314.394,MW,DE,DE_LU,actual_onshore_wind_generation,Wind Onshore,2026-08-09T05:18:04Z
2026-08-09T05:15:34Z,2026-08-09T07:15:34+0200,72a31bd2-8518-490a-bfbe-24bda838aac9,2026-08-08T02:30:00Z,2026-08-08T04:30:00+0200,4179.618,MW,DE,DE_LU,actual_onshore_wind_generation,Wind Onshore,2026-08-09T05:18:04Z
2026-08-09T05:15:34Z,2026-08-09T07:15:34+0200,72a31bd2-8518-490a-bfbe-24bda838aac9,2026-08-08T02:45:00Z,2026-08-08T04:45:00+0200,4159.972,MW,DE,DE_LU,actual_onshore_wind_generation,Wind Onshore,2026-08-09T05:18:04Z
2026-08-09T05:15:34Z,2026-08-09T07:15:34+0200,72a31bd2-8518-490a-bfbe-24bda838aac9,2026-08-08T03:00:00Z,2026-08-08T05:00:00+0200,4124.716,MW,DE,DE_LU,actual_onshore_wind_generation,Wind Onshore,2026-08-09T05:18:04Z
2026-08-09T05:15:34Z,2026-08-09T07:15:34+0200,72a31bd2-8518-490a-bfbe-24bda838aac9,2026-08-08T03:15:00Z,2026-08-08T05:15:00+0200,4103.46,MW,DE,DE_LU,actual_onshore_wind_generation,Wind Onshore,2026-08-09T05:18:04Z
2026-08-09T05:15:34Z,2026-08-09T07:15:34+0200,72a31bd2-8518-490a-bfbe-24bda838aac9,2026-08-08T03:30:00Z,2026-08-08T05:30:00+0200,4078.159,MW,DE,DE_LU,actual_onshore_wind_generation,Wind Onshore,2026-08-09T05:18:04Z
2026-08-09T05:15:34Z,2026-08-09T07:15:34+0200,72a31bd2-8518-490a-bfbe-24bda838aac9,2026-08-08T03:45:00Z,2026-08-08T05:45:00+0200,4046.351,MW,DE,DE_LU,actual_onshore_wind_generation,Wind Onshore,2026-08-09T05:18:04Z
2026-08-09T05:15:34Z,2026-08-09T07:15:34+0200,72a31bd2-8518-490a-bfbe-24bda838aac9,2026-08-08T04:00:00Z,2026-08-08T06:00:00+0200,4131.162,MW,DE,DE_LU,actual_onshore_wind_generation,Wind Onshore,2026-08-09T05:18:04Z
2026-08-09T05:15:34Z,2026-08-09T07:15:34+0200,72a31bd2-8518-490a-bfbe-24bda838aac9,2026-08-08T04:15:00Z,2026-08-08T06:15:00+0200,4111.561,MW,DE,DE_LU,actual_onshore_wind_generation,Wind Onshore,2026-08-09T05:18:04Z
2026-08-09T05:15:34Z,2026-08-09T07:15:34+0200,72a31bd2-8518-490a-bfbe-24bda838aac9,2026-08-08T04:30:00Z,2026-08-08T06:30:00+0200,4005.903,MW,DE,DE_LU,actual_onshore_wind_generation,Wind Onshore,2026-08-09T05:18:04Z
2026-08-09T05:15:34Z,2026-08-09T07:15:34+0200,72a31bd2-8518-490a-bfbe-24bda838aac9,2026-08-08T04:45:00Z,2026-08-08T06:45:00+0200,3976.584,MW,DE,DE_LU,actual_onshore_wind_generation,Wind Onshore,2026-08-09T05:18:04Z
2026-08-09T05:15:34Z,2026-08-09T07:15:34+0200,72a31bd2-8518-490a-bfbe-24bda838aac9,2026-08-08T05:00:00Z,2026-08-08T07:00:00+0200,3934.839,MW,DE,DE_LU,actual_onshore_wind_generation,Wind Onshore,2026-08-09T05:18:04Z
2026-08-09T05:15:34Z,2026-08-09T07:15:34+0200,72a31bd2-8518-490a-bfbe-24bda838aac9,2026-08-08T05:15:00Z,2026-08-08T07:15:00+0200,3815.486,MW,DE,DE_LU,actual_onshore_wind_generation,Wind Onshore,2026-08-09T05:18:04Z
2026-08-09T05:15:34Z,2026-08-09T07:15:34+0200,72a31bd2-8518-490a-bfbe-24bda838aac9,2026-08-08T05:30:00Z,2026-08-08T07:30:00+0200,3647.943,MW,DE,DE_LU,actual_onshore_wind_generation,Wind Onshore,2026-08-09T05:18:04Z
2026-08-09T05:15:34Z,2026-08-09T07:15:34+0200,72a31bd2-8518-490a-bfbe-24bda838aac9,2026-08-08T05:45:00Z,2026-08-08T07:45:00+0200,3348.498,MW,DE,DE_LU,actual_onshore_wind_generation,Wind Onshore,2026-08-09T05:18:04Z
2026-08-09T05:15:34Z,2026-08-09T07:15:34+0200,72a31bd2-8518-490a-bfbe-24bda838aac9,2026-08-08T06:00:00Z,2026-08-08T08:00:00+0200,2865.894,MW,DE,DE_LU,actual_onshore_wind_generation,Wind Onshore,2026-08-09T05:18:04Z
2026-08-09T05:15:34Z,2026-08-09T07:15:34+0200,72a31bd2-8518-490a-bfbe-24bda838aac9,2026-08-08T06:15:00Z,2026-08-08T08:15:00+0200,2319.837,MW,DE,DE_LU,actual_onshore_wind_generation,Wind Onshore,2026-08-09T05:18:04Z
2026-08-09T05:15:34Z,2026-08-09T07:15:34+0200,72a31bd2-8518-490a-bfbe-24bda838aac9,2026-08-08T06:30:00Z,2026-08-08T08:30:00+0200,1793.703,MW,DE,DE_LU,actual_onshore_wind_generation,Wind Onshore,2026-08-09T05:18:04Z
2026-08-09T05:15:34Z,2026-08-09T07:15:34+0200,72a31bd2-8518-490a-bfbe-24bda838aac9,2026-08-08T06:45:00Z,2026-08-08T08:45:00+0200,1424.817,MW,DE,DE_LU,actual_onshore_wind_generation,Wind Onshore,2026-08-09T05:18:04Z
2026-08-09T05:15:34Z,2026-08-09T07:15:34+0200,72a31bd2-8518-490a-bfbe-24bda838aac9,2026-08-08T07:00:00Z,2026-08-08T09:00:00+0200,1244.774,MW,DE,DE_LU,actual_onshore_wind_generation,Wind Onshore,2026-08-09T05:18:04Z
2026-08-09T05:15:34Z,2026-08-09T07:15:34+0200,72a31bd2-8518-490a-bfbe-24bda838aac9,2026-08-08T07:15:00Z,2026-08-08T09:15:00+0200,1132.656,MW,DE,DE_LU,actual_onshore_wind_generation,Wind Onshore,2026-08-09T05:18:04Z
2026-08-09T05:15:34Z,2026-08-09T07:15:34+0200,72a31bd2-8518-490a-bfbe-24bda838aac9,2026-08-08T07:30:00Z,2026-08-08T09:30:00+0200,1051.106,MW,DE,DE_LU,actual_onshore_wind_generation,Wind Onshore,2026-08-09T05:18:04Z
2026-08-09T05:15:34Z,2026-08-09T07:15:34+0200,72a31bd2-8518-490a-bfbe-24bda838aac9,2026-08-08T07:45:00Z,2026-08-08T09:45:00+0200,1021.653,MW,DE,DE_LU,actual_onshore_wind_generation,Wind Onshore,2026-08-09T05:18:04Z
2026-08-09T05:15:34Z,2026-08-09T07:15:34+0200,72a31bd2-8518-490a-bfbe-24bda838aac9,2026-08-08T08:00:00Z,2026-08-08T10:00:00+0200,970.422,MW,DE,DE_LU,actual_onshore_wind_generation,Wind Onshore,2026-08-09T05:18:04Z
2026-08-09T05:15:34Z,2026-08-09T07:15:34+0200,72a31bd2-8518-490a-bfbe-24bda838aac9,2026-08-08T08:15:00Z,2026-08-08T10:15:00+0200,871.781,MW,DE,DE_LU,actual_onshore_wind_generation,Wind Onshore,2026-08-09T05:18:04Z
2026-08-09T05:15:34Z,2026-08-09T07:15:34+0200,72a31bd2-8518-490a-bfbe-24bda838aac9,2026-08-08T08:30:00Z,2026-08-08T10:30:00+0200,739.136,MW,DE,DE_LU,actual_onshore_wind_generation,Wind Onshore,2026-08-09T05:18:04Z
2026-08-09T05:15:34Z,2026-08-09T07:15:34+0200,72a31bd2-8518-490a-bfbe-24bda838aac9,2026-08-08T08:45:00Z,2026-08-08T10:45:00+0200,784.918,MW,DE,DE_LU,actual_onshore_wind_generation,Wind Onshore,2026-08-09T05:18:04Z
2026-08-09T05:15:34Z,2026-08-09T07:15:34+0200,72a31bd2-8518-490a-bfbe-24bda838aac9,2026-08-08T09:00:00Z,2026-08-08T11:00:00+0200,871.779,MW,DE,DE_LU,actual_onshore_wind_generation,Wind Onshore,2026-08-09T05:18:04Z
2026-08-09T05:15:34Z,2026-08-09T07:15:34+0200,72a31bd2-8518-490a-bfbe-24bda838aac9,2026-08-08T09:15:00Z,2026-08-08T11:15:00+0200,924.398,MW,DE,DE_LU,actual_onshore_wind_generation,Wind Onshore,2026-08-09T05:18:04Z
2026-08-09T05:15:34Z,2026-08-09T07:15:34+0200,72a31bd2-8518-490a-bfbe-24bda838aac9,2026-08-08T09:30:00Z,2026-08-08T11:30:00+0200,891.174,MW,DE,DE_LU,actual_onshore_wind_generation,Wind Onshore,2026-08-09T05:18:04Z
2026-08-09T05:15:34Z,2026-08-09T07:15:34+0200,72a31bd2-8518-490a-bfbe-24bda838aac9,2026-08-08T09:45:00Z,2026-08-08T11:45:00+0200,891.071,MW,DE,DE_LU,actual_onshore_wind_generation,Wind Onshore,2026-08-09T05:18:04Z
2026-08-09T05:15:34Z,2026-08-09T07:15:34+0200,72a31bd2-8518-490a-bfbe-24bda838aac9,2026-08-08T10:00:00Z,2026-08-08T12:00:00+0200,854.54,MW,DE,DE_LU,actual_onshore_wind_generation,Wind Onshore,2026-08-09T05:18:04Z
2026-08-09T05:15:34Z,2026-08-09T07:15:34+0200,72a31bd2-8518-490a-bfbe-24bda838aac9,2026-08-08T10:15:00Z,2026-08-08T12:15:00+0200,784.569,MW,DE,DE_LU,actual_onshore_wind_generation,Wind Onshore,2026-08-09T05:18:04Z
2026-08-09T05:15:34Z,2026-08-09T07:15:34+0200,72a31bd2-8518-490a-bfbe-24bda838aac9,2026-08-08T10:30:00Z,2026-08-08T12:30:00+0200,662.893,MW,DE,DE_LU,actual_onshore_wind_generation,Wind Onshore,2026-08-09T05:18:04Z
2026-08-09T05:15:34Z,2026-08-09T07:15:34+0200,72a31bd2-8518-490a-bfbe-24bda838aac9,2026-08-08T10:45:00Z,2026-08-08T12:45:00+0200,616.572,MW,DE,DE_LU,actual_onshore_wind_generation,Wind Onshore,2026-08-09T05:18:04Z
2026-08-09T05:15:34Z,2026-08-09T07:15:34+0200,72a31bd2-8518-490a-bfbe-24bda838aac9,2026-08-08T11:00:00Z,2026-08-08T13:00:00+0200,609.573,MW,DE,DE_LU,actual_onshore_wind_generation,Wind Onshore,2026-08-09T05:18:04Z
2026-08-09T05:15:34Z,2026-08-09T07:15:34+0200,72a31bd2-8518-490a-bfbe-24bda838aac9,2026-08-08T11:15:00Z,2026-08-08T13:15:00+0200,585.543,MW,DE,DE_LU,actual_onshore_wind_generation,Wind Onshore,2026-08-09T05:18:04Z
2026-08-09T05:15:34Z,2026-08-09T07:15:34+0200,72a31bd2-8518-490a-bfbe-24bda838aac9,2026-08-08T11:30:00Z,2026-08-08T13:30:00+0200,563.243,MW,DE,DE_LU,actual_onshore_wind_generation,Wind Onshore,2026-08-09T05:18:04Z
2026-08-09T05:15:34Z,2026-08-09T07:15:34+0200,72a31bd2-8518-490a-bfbe-24bda838aac9,2026-08-08T11:45:00Z,2026-08-08T13:45:00+0200,499.291,MW,DE,DE_LU,actual_onshore_wind_generation,Wind Onshore,2026-08-09T05:18:04Z
2026-08-09T05:15:34Z,2026-08-09T07:15:34+0200,72a31bd2-8518-490a-bfbe-24bda838aac9,2026-08-08T12:00:00Z,2026-08-08T14:00:00+0200,490.869,MW,DE,DE_LU,actual_onshore_wind_generation,Wind Onshore,2026-08-09T05:18:04Z
2026-08-09T05:15:34Z,2026-08-09T07:15:34+0200,72a31bd2-8518-490a-bfbe-24bda838aac9,2026-08-08T12:15:00Z,2026-08-08T14:15:00+0200,465.742,MW,DE,DE_LU,actual_onshore_wind_generation,Wind Onshore,2026-08-09T05:18:04Z
2026-08-09T05:15:34Z,2026-08-09T07:15:34+0200,72a31bd2-8518-490a-bfbe-24bda838aac9,2026-08-08T12:30:00Z,2026-08-08T14:30:00+0200,480.345,MW,DE,DE_LU,actual_onshore_wind_generation,Wind Onshore,2026-08-09T05:18:04Z
2026-08-09T05:15:34Z,2026-08-09T07:15:34+0200,72a31bd2-8518-490a-bfbe-24bda838aac9,2026-08-08T12:45:00Z,2026-08-08T14:45:00+0200,494.917,MW,DE,DE_LU,actual_onshore_wind_generation,Wind Onshore,2026-08-09T05:18:04Z
2026-08-09T05:15:34Z,2026-08-09T07:15:34+0200,72a31bd2-8518-490a-bfbe-24bda838aac9,2026-08-08T13:00:00Z,2026-08-08T15:00:00+0200,488.453,MW,DE,DE_LU,actual_onshore_wind_generation,Wind Onshore,2026-08-09T05:18:04Z
2026-08-09T05:15:34Z,2026-08-09T07:15:34+0200,72a31bd2-8518-490a-bfbe-24bda838aac9,2026-08-08T13:15:00Z,2026-08-08T15:15:00+0200,513.851,MW,DE,DE_LU,actual_onshore_wind_generation,Wind Onshore,2026-08-09T05:18:04Z
2026-08-09T05:15:34Z,2026-08-09T07:15:34+0200,72a31bd2-8518-490a-bfbe-24bda838aac9,2026-08-08T13:30:00Z,2026-08-08T15:30:00+0200,531.805,MW,DE,DE_LU,actual_onshore_wind_generation,Wind Onshore,2026-08-09T05:18:04Z
2026-08-09T05:15:34Z,2026-08-09T07:15:34+0200,72a31bd2-8518-490a-bfbe-24bda838aac9,2026-08-08T13:45:00Z,2026-08-08T15:45:00+0200,536.409,MW,DE,DE_LU,actual_onshore_wind_generation,Wind Onshore,2026-08-09T05:18:04Z
2026-08-09T05:15:34Z,2026-08-09T07:15:34+0200,72a31bd2-8518-490a-bfbe-24bda838aac9,2026-08-08T14:00:00Z,2026-08-08T16:00:00+0200,598.336,MW,DE,DE_LU,actual_onshore_wind_generation,Wind Onshore,2026-08-09T05:18:04Z
2026-08-09T05:15:34Z,2026-08-09T07:15:34+0200,72a31bd2-8518-490a-bfbe-24bda838aac9,2026-08-08T14:15:00Z,2026-08-08T16:15:00+0200,662.785,MW,DE,DE_LU,actual_onshore_wind_generation,Wind Onshore,2026-08-09T05:18:04Z
2026-08-09T05:15:34Z,2026-08-09T07:15:34+0200,72a31bd2-8518-490a-bfbe-24bda838aac9,2026-08-08T14:30:00Z,2026-08-08T16:30:00+0200,703.433,MW,DE,DE_LU,actual_onshore_wind_generation,Wind Onshore,2026-08-09T05:18:04Z
2026-08-09T05:15:34Z,2026-08-09T07:15:34+0200,72a31bd2-8518-490a-bfbe-24bda838aac9,2026-08-08T14:45:00Z,2026-08-08T16:45:00+0200,723.124,MW,DE,DE_LU,actual_onshore_wind_generation,Wind Onshore,2026-08-09T05:18:04Z
2026-08-09T05:15:34Z,2026-08-09T07:15:34+0200,72a31bd2-8518-490a-bfbe-24bda838aac9,2026-08-08T15:00:00Z,2026-08-08T17:00:00+0200,911.75,MW,DE,DE_LU,actual_onshore_wind_generation,Wind Onshore,2026-08-09T05:18:04Z
2026-08-09T05:15:34Z,2026-08-09T07:15:34+0200,72a31bd2-8518-490a-bfbe-24bda838aac9,2026-08-08T15:15:00Z,2026-08-08T17:15:00+0200,1073.028,MW,DE,DE_LU,actual_onshore_wind_generation,Wind Onshore,2026-08-09T05:18:04Z
2026-08-09T05:15:34Z,2026-08-09T07:15:34+0200,72a31bd2-8518-490a-bfbe-24bda838aac9,2026-08-08T15:30:00Z,2026-08-08T17:30:00+0200,1156.583,MW,DE,DE_LU,actual_onshore_wind_generation,Wind Onshore,2026-08-09T05:18:04Z
2026-08-09T05:15:34Z,2026-08-09T07:15:34+0200,72a31bd2-8518-490a-bfbe-24bda838aac9,2026-08-08T15:45:00Z,2026-08-08T17:45:00+0200,1225.876,MW,DE,DE_LU,actual_onshore_wind_generation,Wind Onshore,2026-08-09T05:18:04Z
2026-08-09T05:15:34Z,2026-08-09T07:15:34+0200,72a31bd2-8518-490a-bfbe-24bda838aac9,2026-08-08T16:00:00Z,2026-08-08T18:00:00+0200,1293.66,MW,DE,DE_LU,actual_onshore_wind_generation,Wind Onshore,2026-08-09T05:18:04Z
2026-08-09T05:15:34Z,2026-08-09T07:15:34+0200,72a31bd2-8518-490a-bfbe-24bda838aac9,2026-08-08T16:15:00Z,2026-08-08T18:15:00+0200,1359.806,MW,DE,DE_LU,actual_onshore_wind_generation,Wind Onshore,2026-08-09T05:18:04Z
2026-08-09T05:15:34Z,2026-08-09T07:15:34+0200,72a31bd2-8518-490a-bfbe-24bda838aac9,2026-08-08T16:30:00Z,2026-08-08T18:30:00+0200,1422.264,MW,DE,DE_LU,actual_onshore_wind_generation,Wind Onshore,2026-08-09T05:18:04Z
2026-08-09T05:15:34Z,2026-08-09T07:15:34+0200,72a31bd2-8518-490a-bfbe-24bda838aac9,2026-08-08T16:45:00Z,2026-08-08T18:45:00+0200,1550.201,MW,DE,DE_LU,actual_onshore_wind_generation,Wind Onshore,2026-08-09T05:18:04Z
2026-08-09T05:15:34Z,2026-08-09T07:15:34+0200,72a31bd2-8518-490a-bfbe-24bda838aac9,2026-08-08T17:00:00Z,2026-08-08T19:00:00+0200,1731.989,MW,DE,DE_LU,actual_onshore_wind_generation,Wind Onshore,2026-08-09T05:18:04Z
2026-08-09T05:15:34Z,2026-08-09T07:15:34+0200,72a31bd2-8518-490a-bfbe-24bda838aac9,2026-08-08T17:15:00Z,2026-08-08T19:15:00+0200,1962.042,MW,DE,DE_LU,actual_onshore_wind_generation,Wind Onshore,2026-08-09T05:18:04Z
2026-08-09T05:15:34Z,2026-08-09T07:15:34+0200,72a31bd2-8518-490a-bfbe-24bda838aac9,2026-08-08T17:30:00Z,2026-08-08T19:30:00+0200,2205.403,MW,DE,DE_LU,actual_onshore_wind_generation,Wind Onshore,2026-08-09T05:18:04Z
2026-08-09T05:15:34Z,2026-08-09T07:15:34+0200,72a31bd2-8518-490a-bfbe-24bda838aac9,2026-08-08T17:45:00Z,2026-08-08T19:45:00+0200,2461.861,MW,DE,DE_LU,actual_onshore_wind_generation,Wind Onshore,2026-08-09T05:18:04Z
2026-08-09T05:15:34Z,2026-08-09T07:15:34+0200,72a31bd2-8518-490a-bfbe-24bda838aac9,2026-08-08T18:00:00Z,2026-08-08T20:00:00+0200,2664.223,MW,DE,DE_LU,actual_onshore_wind_generation,Wind Onshore,2026-08-09T05:18:04Z
2026-08-09T05:15:34Z,2026-08-09T07:15:34+0200,72a31bd2-8518-490a-bfbe-24bda838aac9,2026-08-08T18:15:00Z,2026-08-08T20:15:00+0200,3196.02,MW,DE,DE_LU,actual_onshore_wind_generation,Wind Onshore,2026-08-09T05:18:04Z
2026-08-09T05:15:34Z,2026-08-09T07:15:34+0200,72a31bd2-8518-490a-bfbe-24bda838aac9,2026-08-08T18:30:00Z,2026-08-08T20:30:00+0200,4008.524,MW,DE,DE_LU,actual_onshore_wind_generation,Wind Onshore,2026-08-09T05:18:04Z
2026-08-09T05:15:34Z,2026-08-09T07:15:34+0200,72a31bd2-8518-490a-bfbe-24bda838aac9,2026-08-08T18:45:00Z,2026-08-08T20:45:00+0200,4859.843,MW,DE,DE_LU,actual_onshore_wind_generation,Wind Onshore,2026-08-09T05:18:04Z
2026-08-09T05:15:34Z,2026-08-09T07:15:34+0200,72a31bd2-8518-490a-bfbe-24bda838aac9,2026-08-08T19:00:00Z,2026-08-08T21:00:00+0200,5377.946,MW,DE,DE_LU,actual_onshore_wind_generation,Wind Onshore,2026-08-09T05:18:04Z
2026-08-09T05:15:34Z,2026-08-09T07:15:34+0200,72a31bd2-8518-490a-bfbe-24bda838aac9,2026-08-08T19:15:00Z,2026-08-08T21:15:00+0200,6187.715,MW,DE,DE_LU,actual_onshore_wind_generation,Wind Onshore,2026-08-09T05:18:04Z
2026-08-09T05:15:34Z,2026-08-09T07:15:34+0200,72a31bd2-8518-490a-bfbe-24bda838aac9,2026-08-08T19:30:00Z,2026-08-08T21:30:00+0200,7227.829,MW,DE,DE_LU,actual_onshore_wind_generation,Wind Onshore,2026-08-09T05:18:04Z
2026-08-09T05:15:34Z,2026-08-09T07:15:34+0200,72a31bd2-8518-490a-bfbe-24bda838aac9,2026-08-08T19:45:00Z,2026-08-08T21:45:00+0200,8262.623,MW,DE,DE_LU,actual_onshore_wind_generation,Wind Onshore,2026-08-09T05:18:04Z
2026-08-09T05:15:34Z,2026-08-09T07:15:34+0200,72a31bd2-8518-490a-bfbe-24bda838aac9,2026-08-08T20:00:00Z,2026-08-08T22:00:00+0200,9102.099,MW,DE,DE_LU,actual_onshore_wind_generation,Wind Onshore,2026-08-09T05:18:04Z
2026-08-09T05:15:34Z,2026-08-09T07:15:34+0200,72a31bd2-8518-490a-bfbe-24bda838aac9,2026-08-08T20:15:00Z,2026-08-08T22:15:00+0200,10190.978,MW,DE,DE_LU,actual_onshore_wind_generation,Wind Onshore,2026-08-09T05:18:04Z
2026-08-09T05:15:34Z,2026-08-09T07:15:34+0200,72a31bd2-8518-490a-bfbe-24bda838aac9,2026-08-08T20:30:00Z,2026-08-08T22:30:00+0200,11141.778,MW,DE,DE_LU,actual_onshore_wind_generation,Wind Onshore,2026-08-09T05:18:04Z
2026-08-09T05:15:34Z,2026-08-09T07:15:34+0200,72a31bd2-8518-490a-bfbe-24bda838aac9,2026-08-08T20:45:00Z,2026-08-08T22:45:00+0200,12251.343,MW,DE,DE_LU,actual_onshore_wind_generation,Wind Onshore,2026-08-09T05:18:04Z
2026-08-09T05:15:34Z,2026-08-09T07:15:34+0200,72a31bd2-8518-490a-bfbe-24bda838aac9,2026-08-08T21:00:00Z,2026-08-08T23:00:00+0200,13240.739,MW,DE,DE_LU,actual_onshore_wind_generation,Wind Onshore,2026-08-09T05:18:04Z
2026-08-09T05:15:34Z,2026-08-09T07:15:34+0200,72a31bd2-8518-490a-bfbe-24bda838aac9,2026-08-08T21:15:00Z,2026-08-08T23:15:00+0200,14028.254,MW,DE,DE_LU,actual_onshore_wind_generation,Wind Onshore,2026-08-09T05:18:04Z
2026-08-09T05:15:34Z,2026-08-09T07:15:34+0200,72a31bd2-8518-490a-bfbe-24bda838aac9,2026-08-08T21:30:00Z,2026-08-08T23:30:00+0200,14818.34,MW,DE,DE_LU,actual_onshore_wind_generation,Wind Onshore,2026-08-09T05:18:04Z
2026-08-09T05:15:34Z,2026-08-09T07:15:34+0200,72a31bd2-8518-490a-bfbe-24bda838aac9,2026-08-08T21:45:00Z,2026-08-08T23:45:00+0200,15464.825,MW,DE,DE_LU,actual_onshore_wind_generation,Wind Onshore,2026-08-09T05:18:04Z
2026-08-09T05:15:34Z,2026-08-09T07:15:34+0200,72a31bd2-8518-490a-bfbe-24bda838aac9,2026-08-08T22:00:00Z,2026-08-09T00:00:00+0200,15929.831,MW,DE,DE_LU,actual_onshore_wind_generation,Wind Onshore,2026-08-09T05:18:04Z
2026-08-09T05:15:34Z,2026-08-09T07:15:34+0200,72a31bd2-8518-490a-bfbe-24bda838aac9,2026-08-08T22:15:00Z,2026-08-09T00:15:00+0200,16351.461,MW,DE,DE_LU,actual_onshore_wind_generation,Wind Onshore,2026-08-09T05:18:04Z
2026-08-09T05:15:34Z,2026-08-09T07:15:34+0200,72a31bd2-8518-490a-bfbe-24bda838aac9,2026-08-08T22:30:00Z,2026-08-09T00:30:00+0200,16404.383,MW,DE,DE_LU,actual_onshore_wind_generation,Wind Onshore,2026-08-09T05:18:04Z
2026-08-09T05:15:34Z,2026-08-09T07:15:34+0200,72a31bd2-8518-490a-bfbe-24bda838aac9,2026-08-08T22:45:00Z,2026-08-09T00:45:00+0200,16569.653,MW,DE,DE_LU,actual_onshore_wind_generation,Wind Onshore,2026-08-09T05:18:04Z
2026-08-09T05:15:34Z,2026-08-09T07:15:34+0200,72a31bd2-8518-490a-bfbe-24bda838aac9,2026-08-08T23:00:00Z,2026-08-09T01:00:00+0200,16647.344,MW,DE,DE_LU,actual_onshore_wind_generation,Wind Onshore,2026-08-09T05:18:04Z
2026-08-09T05:15:34Z,2026-08-09T07:15:34+0200,72a31bd2-8518-490a-bfbe-24bda838aac9,2026-08-08T23:15:00Z,2026-08-09T01:15:00+0200,16686.712,MW,DE,DE_LU,actual_onshore_wind_generation,Wind Onshore,2026-08-09T05:18:04Z
2026-08-09T05:15:34Z,2026-08-09T07:15:34+0200,72a31bd2-8518-490a-bfbe-24bda838aac9,2026-08-08T23:30:00Z,2026-08-09T01:30:00+0200,16649.503,MW,DE,DE_LU,actual_onshore_wind_generation,Wind Onshore,2026-08-09T05:18:04Z
2026-08-09T05:15:34Z,2026-08-09T07:15:34+0200,72a31bd2-8518-490a-bfbe-24bda838aac9,2026-08-08T23:45:00Z,2026-08-09T01:45:00+0200,16414.49,MW,DE,DE_LU,actual_onshore_wind_generation,Wind Onshore,2026-08-09T05:18:04Z
2026-08-09T05:15:34Z,2026-08-09T07:15:34+0200,72a31bd2-8518-490a-bfbe-24bda838aac9,2026-08-09T00:00:00Z,2026-08-09T02:00:00+0200,16228.634,MW,DE,DE_LU,actual_onshore_wind_generation,Wind Onshore,2026-08-09T05:18:04Z
2026-08-09T05:15:34Z,2026-08-09T07:15:34+0200,72a31bd2-8518-490a-bfbe-24bda838aac9,2026-08-09T00:15:00Z,2026-08-09T02:15:00+0200,16085.054,MW,DE,DE_LU,actual_onshore_wind_generation,Wind Onshore,2026-08-09T05:18:04Z
2026-08-09T05:15:34Z,2026-08-09T07:15:34+0200,72a31bd2-8518-490a-bfbe-24bda838aac9,2026-08-09T00:30:00Z,2026-08-09T02:30:00+0200,15896.583,MW,DE,DE_LU,actual_onshore_wind_generation,Wind Onshore,2026-08-09T05:18:04Z
2026-08-09T05:15:34Z,2026-08-09T07:15:34+0200,72a31bd2-8518-490a-bfbe-24bda838aac9,2026-08-09T00:45:00Z,2026-08-09T02:45:00+0200,15691.968,MW,DE,DE_LU,actual_onshore_wind_generation,Wind Onshore,2026-08-09T05:18:04Z
2026-08-09T05:15:34Z,2026-08-09T07:15:34+0200,72a31bd2-8518-490a-bfbe-24bda838aac9,2026-08-09T01:00:00Z,2026-08-09T03:00:00+0200,15652.061,MW,DE,DE_LU,actual_onshore_wind_generation,Wind Onshore,2026-08-09T05:18:04Z
2026-08-09T05:15:34Z,2026-08-09T07:15:34+0200,72a31bd2-8518-490a-bfbe-24bda838aac9,2026-08-09T01:15:00Z,2026-08-09T03:15:00+0200,15540.586,MW,DE,DE_LU,actual_onshore_wind_generation,Wind Onshore,2026-08-09T05:18:04Z
2026-08-09T05:15:34Z,2026-08-09T07:15:34+0200,72a31bd2-8518-490a-bfbe-24bda838aac9,2026-08-09T01:30:00Z,2026-08-09T03:30:00+0200,15207.95,MW,DE,DE_LU,actual_onshore_wind_generation,Wind Onshore,2026-08-09T05:18:04Z
2026-08-09T05:15:34Z,2026-08-09T07:15:34+0200,72a31bd2-8518-490a-bfbe-24bda838aac9,2026-08-09T01:45:00Z,2026-08-09T03:45:00+0200,15011.726,MW,DE,DE_LU,actual_onshore_wind_generation,Wind Onshore,2026-08-09T05:18:04Z
2026-08-09T05:15:34Z,2026-08-09T07:15:34+0200,72a31bd2-8518-490a-bfbe-24bda838aac9,2026-08-09T02:00:00Z,2026-08-09T04:00:00+0200,14852.468,MW,DE,DE_LU,actual_onshore_wind_generation,Wind Onshore,2026-08-09T05:18:04Z
2026-08-09T05:15:34Z,2026-08-09T07:15:34+0200,72a31bd2-8518-490a-bfbe-24bda838aac9,2026-08-09T02:15:00Z,2026-08-09T04:15:00+0200,14579.96,MW,DE,DE_LU,actual_onshore_wind_generation,Wind Onshore,2026-08-09T05:18:04Z
2026-08-09T05:15:34Z,2026-08-09T07:15:34+0200,72a31bd2-8518-490a-bfbe-24bda838aac9,2026-08-09T02:30:00Z,2026-08-09T04:30:00+0200,14367.676,MW,DE,DE_LU,actual_onshore_wind_generation,Wind Onshore,2026-08-09T05:18:04Z
2026-08-09T05:15:34Z,2026-08-09T07:15:34+0200,72a31bd2-8518-490a-bfbe-24bda838aac9,2026-08-09T02:45:00Z,2026-08-09T04:45:00+0200,14156.003,MW,DE,DE_LU,actual_onshore_wind_generation,Wind Onshore,2026-08-09T05:18:04Z
2026-08-09T05:15:34Z,2026-08-09T07:15:34+0200,72a31bd2-8518-490a-bfbe-24bda838aac9,2026-08-09T03:00:00Z,2026-08-09T05:00:00+0200,13971.584,MW,DE,DE_LU,actual_onshore_wind_generation,Wind Onshore,2026-08-09T05:18:04Z
2026-08-09T05:15:34Z,2026-08-09T07:15:34+0200,72a31bd2-8518-490a-bfbe-24bda838aac9,2026-08-09T03:15:00Z,2026-08-09T05:15:00+0200,13920.244,MW,DE,DE_LU,actual_onshore_wind_generation,Wind Onshore,2026-08-09T05:18:04Z
2026-08-09T05:15:34Z,2026-08-09T07:15:34+0200,72a31bd2-8518-490a-bfbe-24bda838aac9,2026-08-09T03:30:00Z,2026-08-09T05:30:00+0200,13762.643,MW,DE,DE_LU,actual_onshore_wind_generation,Wind Onshore,2026-08-09T05:18:04Z
2026-08-09T05:15:34Z,2026-08-09T07:15:34+0200,72a31bd2-8518-490a-bfbe-24bda838aac9,2026-08-09T03:45:00Z,2026-08-09T05:45:00+0200,13683.536,MW,DE,DE_LU,actual_onshore_wind_generation,Wind Onshore,2026-08-09T05:18:04Z
2026-08-09T05:15:34Z,2026-08-09T07:15:34+0200,72a31bd2-8518-490a-bfbe-24bda838aac9,2026-08-09T04:00:00Z,2026-08-09T06:00:00+0200,13946.285,MW,DE,DE_LU,actual_onshore_wind_generation,Wind Onshore,2026-08-09T05:18:04Z
2026-08-09T05:15:34Z,2026-08-09T07:15:34+0200,72a31bd2-8518-490a-bfbe-24bda838aac9,2026-08-09T04:15:00Z,2026-08-09T06:15:00+0200,13435.149,MW,DE,DE_LU,actual_onshore_wind_generation,Wind Onshore,2026-08-09T05:18:04Z
2026-08-09T05:15:34Z,2026-08-09T07:15:34+0200,72a31bd2-8518-490a-bfbe-24bda838aac9,2026-08-09T04:30:00Z,2026-08-09T06:30:00+0200,12843.32,MW,DE,DE_LU,actual_onshore_wind_generation,Wind Onshore,2026-08-09T05:18:04Z
