collection_time_utc,collection_time_local,run_id,timestamp_utc,timestamp_local,value,unit,country,entsoe_area,variable,source,updated_at_utc
2026-08-25T03:35:04Z,2026-08-25T05:35:04+0200,16553320-5c3e-4a08-95db-080ced308e52,2026-07-25T04:00:00Z,2026-07-25T06:00:00+0200,5598.06278,MW,DE,DE_LU,actual_onshore_wind_generation,Wind Onshore,2026-08-25T03:38:09Z
2026-08-25T03:35:04Z,2026-08-25T05:35:04+0200,16553320-5c3e-4a08-95db-080ced308e52,2026-07-25T04:15:00Z,2026-07-25T06:15:00+0200,5456.83822,MW,DE,DE_LU,actual_onshore_wind_generation,Wind Onshore,2026-08-25T03:38:09Z
2026-08-25T03:35:04Z,2026-08-25T05:35:04+0200,16553320-5c3e-4a08-95db-080ced308e52,2026-07-25T04:30:00Z,2026-07-25T06:30:00+0200,5586.9623,MW,DE,DE_LU,actual_onshore_wind_generation,Wind Onshore,2026-08-25T03:38:09Z
2026-08-25T03:35:04Z,2026-08-25T05:35:04+0200,16553320-5c3e-4a08-95db-080ced308e52,2026-07-25T04:45:00Z,2026-07-25T06:45:00+0200,5553.55779,MW,DE,DE_LU,actual_onshore_wind_generation,Wind Onshore,2026-08-25T03:38:09Z
2026-08-25T03:35:04Z,2026-08-25T05:35:04+0200,16553320-5c3e-4a08-95db-080ced308e52,2026-07-25T05:00:00Z,2026-07-25T07:00:00+0200,5385.29914,MW,DE,DE_LU,actual_onshore_wind_generation,Wind Onshore,2026-08-25T03:38:09Z
2026-08-25T03:35:04Z,2026-08-25T05:35:04+0200,16553320-5c3e-4a08-95db-080ced308e52,2026-07-25T05:15:00Z,2026-07-25T07:15:00+0200,5117.76905,MW,DE,DE_LU,actual_onshore_wind_generation,Wind Onshore,2026-08-25T03:38:09Z
2026-08-25T03:35:04Z,2026-08-25T05:35:04+0200,16553320-5c3e-4a08-95db-080ced308e52,2026-07-25T05:30:00Z,2026-07-25T07:30:00+0200,4790.24881,MW,DE,DE_LU,actual_onshore_wind_generation,Wind Onshore,2026-08-25T03:38:09Z
2026-08-25T03:35:04Z,2026-08-25T05:35:04+0200,16553320-5c3e-4a08-95db-080ced308e52,2026-07-25T05:45:00Z,2026-07-25T07:45:00+0200,4401.25755,MW,DE,DE_LU,actual_onshore_wind_generation,Wind Onshore,2026-08-25T03:38:09Z
2026-08-25T03:35:04Z,2026-08-25T05:35:04+0200,16553320-5c3e-4a08-95db-080ced308e52,2026-07-25T06:00:00Z,2026-07-25T08:00:00+0200,3978.77706,MW,DE,DE_LU,actual_onshore_wind_generation,Wind Onshore,2026-08-25T03:38:09Z
2026-08-25T03:35:04Z,2026-08-25T05:35:04+0200,16553320-5c3e-4a08-95db-080ced308e52,2026-07-25T06:15:00Z,2026-07-25T08:15:00+0200,3467.10969,MW,DE,DE_LU,actual_onshore_wind_generation,Wind Onshore,2026-08-25T03:38:09Z
2026-08-25T03:35:04Z,2026-08-25T05:35:04+0200,16553320-5c3e-4a08-95db-080ced308e52,2026-07-25T06:30:00Z,2026-07-25T08:30:00+0200,3012.53666,MW,DE,DE_LU,actual_onshore_wind_generation,Wind Onshore,2026-08-25T03:38:09Z
2026-08-25T03:35:04Z,2026-08-25T05:35:04+0200,16553320-5c3e-4a08-95db-080ced308e52,2026-07-25T06:45:00Z,2026-07-25T08:45:00+0200,2701.51189,MW,DE,DE_LU,actual_onshore_wind_generation,Wind Onshore,2026-08-25T03:38:09Z
2026-08-25T03:35:04Z,2026-08-25T05:35:04+0200,16553320-5c3e-4a08-95db-080ced308e52,2026-07-25T07:00:00Z,2026-07-25T09:00:00+0200,2653.51402,MW,DE,DE_LU,actual_onshore_wind_generation,Wind Onshore,2026-08-25T03:38:09Z
2026-08-25T03:35:04Z,2026-08-25T05:35:04+0200,16553320-5c3e-4a08-95db-080ced308e52,2026-07-25T07:15:00Z,2026-07-25T09:15:00+0200,2353.85873,MW,DE,DE_LU,actual_onshore_wind_generation,Wind Onshore,2026-08-25T03:38:09Z
2026-08-25T03:35:04Z,2026-08-25T05:35:04+0200,16553320-5c3e-4a08-95db-080ced308e52,2026-07-25T07:30:00Z,2026-07-25T09:30:00+0200,2088.49857,MW,DE,DE_LU,actual_onshore_wind_generation,Wind Onshore,2026-08-25T03:38:09Z
2026-08-25T03:35:04Z,2026-08-25T05:35:04+0200,16553320-5c3e-4a08-95db-080ced308e52,2026-07-25T07:45:00Z,2026-07-25T09:45:00+0200,2211.58897,MW,DE,DE_LU,actual_onshore_wind_generation,Wind Onshore,2026-08-25T03:38:09Z
2026-08-25T03:35:04Z,2026-08-25T05:35:04+0200,16553320-5c3e-4a08-95db-080ced308e52,2026-07-25T08:00:00Z,2026-07-25T10:00:00+0200,2351.69992,MW,DE,DE_LU,actual_onshore_wind_generation,Wind Onshore,2026-08-25T03:38:09Z
2026-08-25T03:35:04Z,2026-08-25T05:35:04+0200,16553320-5c3e-4a08-95db-080ced308e52,2026-07-25T08:15:00Z,2026-07-25T10:15:00+0200,2542.31109,MW,DE,DE_LU,actual_onshore_wind_generation,Wind Onshore,2026-08-25T03:38:09Z
2026-08-25T03:35:04Z,2026-08-25T05:35:04+0200,16553320-5c3e-4a08-95db-080ced308e52,2026-07-25T08:30:00Z,2026-07-25T10:30:00+0200,2668.94396,MW,DE,DE_LU,actual_onshore_wind_generation,Wind Onshore,2026-08-25T03:38:09Z
2026-08-25T03:35:04Z,2026-08-25T05:35:04+0200,16553320-5c3e-4a08-95db-080ced308e52,2026-07-25T08:45:00Z,2026-07-25T10:45:00+0200,2847.46032,MW,DE,DE_LU,actual_onshore_wind_generation,Wind Onshore,2026-08-25T03:38:09Z
2026-08-25T03:35:04Z,2026-08-25T05:35:04+0200,16553320-5c3e-4a08-95db-080ced308e52,2026-07-25T09:00:00Z,2026-07-25T11:00:00+0200,3040.78537,MW,DE,DE_LU,actual_onshore_wind_generation,Wind Onshore,2026-08-25T03:38:09Z
2026-08-25T03:35:04Z,2026-08-25T05:35:04+0200,16553320-5c3e-4a08-95db-080ced308e52,2026-07-25T09:15:00Z,2026-07-25T11:15:00+0200,3125.17431,MW,DE,DE_LU,actual_onshore_wind_generation,Wind Onshore,2026-08-25T03:38:09Z
2026-08-25T03:35:04Z,2026-08-25T05:35:04+0200,16553320-5c3e-4a08-95db-080ced308e52,2026-07-25T09:30:00Z,2026-07-25T11:30:00+0200,3221.18561,MW,DE,DE_LU,actual_onshore_wind_generation,Wind Onshore,2026-08-25T03:38:09Z
2026-08-25T03:35:04Z,2026-08-25T05:35:04+0200,16553320-5c3e-4a08-95db-080ced308e52,2026-07-25T09:45:00Z,2026-07-25T11:45:00+0200,3212.11717,MW,DE,DE_LU,actual_onshore_wind_generation,Wind Onshore,2026-08-25T03:38:09Z
2026-08-25T03:35:04Z,2026-08-25T05:35:04+0200,16553320-5c3e-4a08-95db-080ced308e52,2026-07-25T10:00:00Z,2026-07-25T12:00:00+0200,3330.16996,MW,DE,DE_LU,actual_onshore_wind_generation,Wind Onshore,2026-08-25T03:38:09Z
2026-08-25T03:35:04Z,2026-08-25T05:35:04+0200,16553320-5c3e-4a08-95db-080ced308e52,2026-07-25T10:15:00Z,2026-07-25T12:15:00+0200,3447.76057,MW,DE,DE_LU,actual_onshore_wind_generation,Wind Onshore,2026-08-25T03:38:09Z
2026-08-25T03:35:04Z,2026-08-25T05:35:04+0200,16553320-5c3e-4a08-95db-080ced308e52,2026-07-25T10:30:00Z,2026-07-25T12:30:00+0200,3656.28615,MW,DE,DE_LU,actual_onshore_wind_generation,Wind Onshore,2026-08-25T03:38:09Z
2026-08-25T03:35:04Z,2026-08-25T05:35:04+0200,16553320-5c3e-4a08-95db-080ced308e52,2026-07-25T10:45:00Z,2026-07-25T12:45:00+0200,3668.5632,MW,DE,DE_LU,actual_onshore_wind_generation,Wind Onshore,2026-08-25T03:38:09Z
2026-08-25T03:35:04Z,2026-08-25T05:35:04+0200,16553320-5c3e-4a08-95db-080ced308e52,2026-07-25T11:00:00Z,2026-07-25T13:00:00+0200,3860.49517,MW,DE,DE_LU,actual_onshore_wind_generation,Wind Onshore,2026-08-25T03:38:09Z
2026-08-25T03:35:04Z,2026-08-25T05:35:04+0200,16553320-5c3e-4a08-95db-080ced308e52,2026-07-25T11:15:00Z,2026-07-25T13:15:00+0200,3943.50391,MW,DE,DE_LU,actual_onshore_wind_generation,Wind Onshore,2026-08-25T03:38:09Z
2026-08-25T03:35:04Z,2026-08-25T05:35:04+0200,16553320-5c3e-4a08-95db-080ced308e52,2026-07-25T11:30:00Z,2026-07-25T13:30:00+0200,4103.15493,MW,DE,DE_LU,actual_onshore_wind_generation,Wind Onshore,2026-08-25T03:38:09Z
2026-08-25T03:35:04Z,2026-08-25T05:35:04+0200,16553320-5c3e-4a08-95db-080ced308e52,2026-07-25T11:45:00Z,2026-07-25T13:45:00+0200,4218.87193,MW,DE,DE_LU,actual_onshore_wind_generation,Wind Onshore,2026-08-25T03:38:09Z
2026-08-25T03:35:04Z,2026-08-25T05:35:04+0200,16553320-5c3e-4a08-95db-080ced308e52,2026-07-25T12:00:00Z,2026-07-25T14:00:00+0200,4466.20386,MW,DE,DE_LU,actual_onshore_wind_generation,Wind Onshore,2026-08-25T03:38:09Z
2026-08-25T03:35:04Z,2026-08-25T05:35:04+0200,16553320-5c3e-4a08-95db-080ced308e52,2026-07-25T12:15:00Z,2026-07-25T14:15:00+0200,4690.69188,MW,DE,DE_LU,actual_onshore_wind_generation,Wind Onshore,2026-08-25T03:38:09Z
2026-08-25T03:35:04Z,2026-08-25T05:35:04+0200,16553320-5c3e-4a08-95db-080ced308e52,2026-07-25T12:30:00Z,2026-07-25T14:30:00+0200,5077.16439,MW,DE,DE_LU,actual_onshore_wind_generation,Wind Onshore,2026-08-25T03:38:09Z
2026-08-25T03:35:04Z,2026-08-25T05:35:04+0200,16553320-5c3e-4a08-95db-080ced308e52,2026-07-25T12:45:00Z,2026-07-25T14:45:00+0200,5248.50033,MW,DE,DE_LU,actual_onshore_wind_generation,Wind Onshore,2026-08-25T03:38:09Z
2026-08-25T03:35:04Z,2026-08-25T05:35:04+0200,16553320-5c3e-4a08-95db-080ced308e52,2026-07-25T13:00:00Z,2026-07-25T15:00:00+0200,5305.27896,MW,DE,DE_LU,actual_onshore_wind_generation,Wind Onshore,2026-08-25T03:38:09Z
2026-08-25T03:35:04Z,2026-08-25T05:35:04+0200,16553320-5c3e-4a08-95db-080ced308e52,2026-07-25T13:15:00Z,2026-07-25T15:15:00+0200,5334.20281,MW,DE,DE_LU,actual_onshore_wind_generation,Wind Onshore,2026-08-25T03:38:09Z
2026-08-25T03:35:04Z,2026-08-25T05:35:04+0200,16553320-5c3e-4a08-95db-080ced308e52,2026-07-25T13:30:00Z,2026-07-25T15:30:00+0200,5477.2602,MW,DE,DE_LU,actual_onshore_wind_generation,Wind Onshore,2026-08-25T03:38:09Z
2026-08-25T03:35:04Z,2026-08-25T05:35:04+0200,16553320-5c3e-4a08-95db-080ced308e52,2026-07-25T13:45:00Z,2026-07-25T15:45:00+0200,5560.82026,MW,DE,DE_LU,actual_onshore_wind_generation,Wind Onshore,2026-08-25T03:38:09Z
2026-08-25T03:35:04Z,2026-08-25T05:35:04+0200,16553320-5c3e-4a08-95db-080ced308e52,2026-07-25T14:00:00Z,2026-07-25T16:00:00+0200,6019.54206,MW,DE,DE_LU,actual_onshore_wind_generation,Wind Onshore,2026-08-25T03:38:09Z
2026-08-25T03:35:04Z,2026-08-25T05:35:04+0200,16553320-5c3e-4a08-95db-080ced308e52,2026-07-25T14:15:00Z,2026-07-25T16:15:00+0200,6286.40321,MW,DE,DE_LU,actual_onshore_wind_generation,Wind Onshore,2026-08-25T03:38:09Z
2026-08-25T03:35:04Z,2026-08-25T05:35:04+0200,16553320-5c3e-4a08-95db-080ced308e52,2026-07-25T14:30:00Z,2026-07-25T16:30:00+0200,6504.69738,MW,DE,DE_LU,actual_onshore_wind_generation,Wind Onshore,2026-08-25T03:38:09Z
2026-08-25T03:35:04Z,2026-08-25T05:35:04+0200,16553320-5c3e-4a08-95db-080ced308e52,2026-07-25T14:45:00Z,2026-07-25T16:45:00+0200,6943.75284,MW,DE,DE_LU,actual_onshore_wind_generation,Wind Onshore,2026-08-25T03:38:09Z
2026-08-25T03:35:04Z,2026-08-25T05:35:04+0200,16553320-5c3e-4a08-95db-080ced308e52,2026-07-25T15:00:00Z,2026-07-25T17:00:00+0200,8056.0804,MW,DE,DE_LU,actual_onshore_wind_generation,Wind Onshore,2026-08-25T03:38:09Z
2026-08-25T03:35:04Z,2026-08-25T05:35:04+0200,16553320-5c3e-4a08-95db-080ced308e52,2026-07-25T15:15:00Z,2026-07-25T17:15:00+0200,8512.72562,MW,DE,DE_LU,actual_onshore_wind_generation,Wind Onshore,2026-08-25T03:38:09Z
2026-08-25T03:35:04Z,2026-08-25T05:35:04+0200,16553320-5c3e-4a08-95db-080ced308e52,2026-07-25T15:30:00Z,2026-07-25T17:30:00+0200,9311.79868,MW,DE,DE_LU,actual_onshore_wind_generation,Wind Onshore,2026-08-25T03:38:09Z
2026-08-25T03:35:04Z,2026-08-25T05:35:04+0200,16553320-5c3e-4a08-95db-080ced308e52,2026-07-25T15:45:00Z,2026-07-25T17:45:00+0200,10177.87318,MW,DE,DE_LU,actual_onshore_wind_generation,Wind Onshore,2026-08-25T03:38:09Z
2026-08-25T03:35:04Z,2026-08-25T05:35:04+0200,16553320-5c3e-4a08-95db-080ced308e52,2026-07-25T16:00:00Z,2026-07-25T18:00:00+0200,10106.29522,MW,DE,DE_LU,actual_onshore_wind_generation,Wind Onshore,2026-08-25T03:38:09Z
2026-08-25T03:35:04Z,2026-08-25T05:35:04+0200,16553320-5c3e-4a08-95db-080ced308e52,2026-07-25T16:15:00Z,2026-07-25T18:15:00+0200,9895.75563,MW,DE,DE_LU,actual_onshore_wind_generation,Wind Onshore,2026-08-25T03:38:09Z
2026-08-25T03:35:04Z,2026-08-25T05:35:04+0200,16553320-5c3e-4a08-95db-080ced308e52,2026-07-25T16:30:00Z,2026-07-25T18:30:00+0200,9585.4451,MW,DE,DE_LU,actual_onshore_wind_generation,Wind Onshore,2026-08-25T03:38:09Z
2026-08-25T03:35:04Z,2026-08-25T05:35:04+0200,16553320-5c3e-4a08-95db-080ced308e52,2026-07-25T16:45:00Z,2026-07-25T18:45:00+0200,9124.40726,MW,DE,DE_LU,actual_onshore_wind_generation,Wind Onshore,2026-08-25T03:38:09Z
2026-08-25T03:35:04Z,2026-08-25T05:35:04+0200,16553320-5c3e-4a08-95db-080ced308e52,2026-07-25T17:00:00Z,2026-07-25T19:00:00+0200,8830.20967,MW,DE,DE_LU,actual_onshore_wind_generation,Wind Onshore,2026-08-25T03:38:09Z
2026-08-25T03:35:04Z,2026-08-25T05:35:04+0200,16553320-5c3e-4a08-95db-080ced308e52,2026-07-25T17:15:00Z,2026-07-25T19:15:00+0200,8947.81012,MW,DE,DE_LU,actual_onshore_wind_generation,Wind Onshore,2026-08-25T03:38:09Z
2026-08-25T03:35:04Z,2026-08-25T05:35:04+0200,16553320-5c3e-4a08-95db-080ced308e52,2026-07-25T17:30:00Z,2026-07-25T19:30:00+0200,8778.58132,MW,DE,DE_LU,actual_onshore_wind_generation,Wind Onshore,2026-08-25T03:38:09Z
2026-08-25T03:35:04Z,2026-08-25T05:35:04+0200,16553320-5c3e-4a08-95db-080ced308e52,2026-07-25T17:45:00Z,2026-07-25T19:45:00+0200,8533.53894,MW,DE,DE_LU,actual_onshore_wind_generation,Wind Onshore,2026-08-25T03:38:09Z
2026-08-25T03:35:04Z,2026-08-25T05:35:04+0200,16553320-5c3e-4a08-95db-080ced308e52,2026-07-25T18:00:00Z,2026-07-25T20:00:00+0200,8262.52343,MW,DE,DE_LU,actual_onshore_wind_generation,Wind Onshore,2026-08-25T03:38:09Z
2026-08-25T03:35:04Z,2026-08-25T05:35:04+0200,16553320-5c3e-4a08-95db-080ced308e52,2026-07-25T18:15:00Z,2026-07-25T20:15:00+0200,7605.50409,MW,DE,DE_LU,actual_onshore_wind_generation,Wind Onshore,2026-08-25T03:38:09Z
2026-08-25T03:35:04Z,2026-08-25T05:35:04+0200,16553320-5c3e-4a08-95db-080ced308e52,2026-07-25T18:30:00Z,2026-07-25T20:30:00+0200,7083.20279,MW,DE,DE_LU,actual_onshore_wind_generation,Wind Onshore,2026-08-25T03:38:09Z
2026-08-25T03:35:04Z,2026-08-25T05:35:04+0200,16553320-5c3e-4a08-95db-080ced308e52,2026-07-25T18:45:00Z,2026-07-25T20:45:00+0200,7094.77662,MW,DE,DE_LU,actual_onshore_wind_generation,Wind Onshore,2026-08-25T03:38:09Z
2026-08-25T03:35:04Z,2026-08-25T05:35:04+0200,16553320-5c3e-4a08-95db-080ced308e52,2026-07-25T19:00:00Z,2026-07-25T21:00:00+0200,6858.6278,MW,DE,DE_LU,actual_onshore_wind_generation,Wind Onshore,2026-08-25T03:38:09Z
2026-08-25T03:35:04Z,2026-08-25T05:35:04+0200,16553320-5c3e-4a08-95db-080ced308e52,2026-07-25T19:15:00Z,2026-07-25T21:15:00+0200,6474.78662,MW,DE,DE_LU,actual_onshore_wind_generation,Wind Onshore,2026-08-25T03:38:09Z
2026-08-25T03:35:04Z,2026-08-25T05:35:04+0200,16553320-5c3e-4a08-95db-080ced308e52,2026-07-25T19:30:00Z,2026-07-25T21:30:00+0200,5805.12178,MW,DE,DE_LU,actual_onshore_wind_generation,Wind Onshore,2026-08-25T03:38:09Z
2026-08-25T03:35:04Z,2026-08-25T05:35:04+0200,16553320-5c3e-4a08-95db-080ced308e52,2026-07-25T19:45:00Z,2026-07-25T21:45:00+0200,5864.30259,MW,DE,DE_LU,actual_onshore_wind_generation,Wind Onshore,2026-08-25T03:38:09Z
2026-08-25T03:35:04Z,2026-08-25T05:35:04+0200,16553320-5c3e-4a08-95db-080ced308e52,2026-07-25T20:00:00Z,2026-07-25T22:00:00+0200,5785.04809,MW,DE,DE_LU,actual_onshore_wind_generation,Wind Onshore,2026-08-25T03:38:09Z
2026-08-25T03:35:04Z,2026-08-25T05:35:04+0200,16553320-5c3e-4a08-95db-080ced308e52,2026-07-25T20:15:00Z,2026-07-25T22:15:00+0200,5679.41495,MW,DE,DE_LU,actual_onshore_wind_generation,Wind Onshore,2026-08-25T03:38:09Z
2026-08-25T03:35:04Z,2026-08-25T05:35:04+0200,16553320-5c3e-4a08-95db-080ced308e52,2026-07-25T20:30:00Z,2026-07-25T22:30:00+0200,5744.70665,MW,DE,DE_LU,actual_onshore_wind_generation,Wind Onshore,2026-08-25T03:38:09Z
2026-08-25T03:35:04Z,2026-08-25T05:35:04+0200,16553320-5c3e-4a08-95db-080ced308e52,2026-07-25T20:45:00Z,2026-07-25T22:45:00+0200,5871.63509,MW,DE,DE_LU,actual_onshore_wind_generation,Wind Onshore,2026-08-25T03:38:09Z
2026-08-25T03:35:04Z,2026-08-25T05:35:04+0200,16553320-5c3e-4a08-95db-080ced308e52,2026-07-25T21:00:00Z,2026-07-25T23:00:00+0200,5956.37612,MW,DE,DE_LU,actual_onshore_wind_generation,Wind Onshore,2026-08-25T03:38:09Z
2026-08-25T03:35:04Z,2026-08-25T05:35:04+0200,16553320-5c3e-4a08-95db-080ced308e52,2026-07-25T21:15:00Z,2026-07-25T23:15:00+0200,6086.17471,MW,DE,DE_LU,actual_onshore_wind_generation,Wind Onshore,2026-08-25T03:38:09Z
2026-08-25T03:35:04Z,2026-08-25T05:35:04+0200,16553320-5c3e-4a08-95db-080ced308e52,2026-07-25T21:30:00Z,2026-07-25T23:30:00+0200,6227.19657,MW,DE,DE_LU,actual_onshore_wind_generation,Wind Onshore,2026-08-25T03:38:09Z
2026-08-25T03:35:04Z,2026-08-25T05:35:04+0200,16553320-5c3e-4a08-95db-080ced308e52,2026-07-25T21:45:00Z,2026-07-25T23:45:00+0200,6393.20141,MW,DE,DE_LU,actual_onshore_wind_generation,Wind Onshore,2026-08-25T03:38:09Z
2026-08-25T03:35:04Z,2026-08-25T05:35:04+0200,16553320-5c3e-4a08-95db-080ced308e52,2026-07-25T22:00:00Z,2026-07-26T00:00:00+0200,6280.56517,MW,DE,DE_LU,actual_onshore_wind_generation,Wind Onshore,2026-08-25T03:38:09Z
2026-08-25T03:35:04Z,2026-08-25T05:35:04+0200,16553320-5c3e-4a08-95db-080ced308e52,2026-07-25T22:15:00Z,2026-07-26T00:15:00+0200,5934.75968,MW,DE,DE_LU,actual_onshore_wind_generation,Wind Onshore,2026-08-25T03:38:09Z
2026-08-25T03:35:04Z,2026-08-25T05:35:04+0200,16553320-5c3e-4a08-95db-080ced308e52,2026-07-25T22:30:00Z,2026-07-26T00:30:00+0200,5543.33839,MW,DE,DE_LU,actual_onshore_wind_generation,Wind Onshore,2026-08-25T03:38:09Z
2026-08-25T03:35:04Z,2026-08-25T05:35:04+0200,16553320-5c3e-4a08-95db-080ced308e52,2026-07-25T22:45:00Z,2026-07-26T00:45:00+0200,5225.18226,MW,DE,DE_LU,actual_onshore_wind_generation,Wind Onshore,2026-08-25T03:38:09Z
2026-08-25T03:35:04Z,2026-08-25T05:35:04+0200,16553320-5c3e-4a08-95db-080ced308e52,2026-07-25T23:00:00Z,2026-07-26T01:00:00+0200,4981.18273,MW,DE,DE_LU,actual_onshore_wind_generation,Wind Onshore,2026-08-25T03:38:09Z
2026-08-25T03:35:04Z,2026-08-25T05:35:04+0200,16553320-5c3e-4a08-95db-080ced308e52,2026-07-25T23:15:00Z,2026-07-26T01:15:00+0200,4808.65861,MW,DE,DE_LU,actual_onshore_wind_generation,Wind Onshore,2026-08-25T03:38:09Z
2026-08-25T03:35:04Z,2026-08-25T05:35:04+0200,16553320-5c3e-4a08-95db-080ced308e52,2026-07-25T23:30:00Z,2026-07-26T01:30:00+0200,4584.34793,MW,DE,DE_LU,actual_onshore_wind_generation,Wind Onshore,2026-08-25T03:38:09Z
2026-08-25T03:35:04Z,2026-08-25T05:35:04+0200,16553320-5c3e-4a08-95db-080ced308e52,2026-07-25T23:45:00Z,2026-07-26T01:45:00+0200,4451.95829,MW,DE,DE_LU,actual_onshore_wind_generation,Wind Onshore,2026-08-25T03:38:09Z
2026-08-25T03:35:04Z,2026-08-25T05:35:04+0200,16553320-5c3e-4a08-95db-080ced308e52,2026-07-26T00:00:00Z,2026-07-26T02:00:00+0200,4384.54477,MW,DE,DE_LU,actual_onshore_wind_generation,Wind Onshore,2026-08-25T03:38:09Z
2026-08-25T03:35:04Z,2026-08-25T05:35:04+0200,16553320-5c3e-4a08-95db-080ced308e52,2026-07-26T00:15:00Z,2026-07-26T02:15:00+0200,4358.27044,MW,DE,DE_LU,actual_onshore_wind_generation,Wind Onshore,2026-08-25T03:38:09Z
2026-08-25T03:35:04Z,2026-08-25T05:35:04+0200,16553320-5c3e-4a08-95db-080ced308e52,2026-07-26T00:30:00Z,2026-07-26T02:30:00+0200,4412.47011,MW,DE,DE_LU,actual_onshore_wind_generation,Wind Onshore,2026-08-25T03:38:09Z
2026-08-25T03:35:04Z,2026-08-25T05:35:04+0200,16553320-5c3e-4a08-95db-080ced308e52,2026-07-26T00:45:00Z,2026-07-26T02:45:00+0200,4606.1005,MW,DE,DE_LU,actual_onshore_wind_generation,Wind Onshore,2026-08-25T03:38:09Z
2026-08-25T03:35:04Z,2026-08-25T05:35:04+0200,16553320-5c3e-4a08-95db-080ced308e52,2026-07-26T01:00:00Z,2026-07-26T03:00:00+0200,4807.91394,MW,DE,DE_LU,actual_onshore_wind_generation,Wind Onshore,2026-08-25T03:38:09Z
2026-08-25T03:35:04Z,2026-08-25T05:35:04+0200,16553320-5c3e-4a08-95db-080ced308e52,2026-07-26T01:15:00Z,2026-07-26T03:15:00+0200,5144.55641,MW,DE,DE_LU,actual_onshore_wind_generation,Wind Onshore,2026-08-25T03:38:09Z
2026-08-25T03:35:04Z,2026-08-25T05:35:04+0200,16553320-5c3e-4a08-95db-080ced308e52,2026-07-26T01:30:00Z,2026-07-26T03:30:00+0200,5369.114,MW,DE,DE_LU,actual_onshore_wind_generation,Wind Onshore,2026-08-25T03:38:09Z
2026-08-25T03:35:04Z,2026-08-25T05:35:04+0200,16553320-5c3e-4a08-95db-080ced308e52,2026-07-26T01:45:00Z,2026-07-26T03:45:00+0200,5560.22795,MW,DE,DE_LU,actual_onshore_wind_generation,Wind Onshore,2026-08-25T03:38:09Z
2026-08-25T03:35:04Z,2026-08-25T05:35:04+0200,16553320-5c3e-4a08-95db-080ced308e52,2026-07-26T02:00:00Z,2026-07-26T04:00:00+0200,5940.93944,MW,DE,DE_LU,actual_onshore_wind_generation,Wind Onshore,2026-08-25T03:38:09Z
2026-08-25T03:35:04Z,2026-08-25T05:35:04+0200,16553320-5c3e-4a08-95db-080ced308e52,2026-07-26T02:15:00Z,2026-07-26T04:15:00+0200,6262.1408,MW,DE,DE_LU,actual_onshore_wind_generation,Wind Onshore,2026-08-25T03:38:09Z
2026-08-25T03:35:04Z,2026-08-25T05:35:04+0200,16553320-5c3e-4a08-95db-080ced308e52,2026-07-26T02:30:00Z,2026-07-26T04:30:00+0200,6642.11805,MW,DE,DE_LU,actual_onshore_wind_generation,Wind Onshore,2026-08-25T03:38:09Z
2026-08-25T03:35:04Z,2026-08-25T05:35:04+0200,16553320-5c3e-4a08-95db-080ced308e52,2026-07-26T02:45:00Z,2026-07-26T04:45:00+0200,7156.34022,MW,DE,DE_LU,actual_onshore_wind_generation,Wind Onshore,2026-08-25T03:38:09Z
2026-08-25T03:35:04Z,2026-08-25T05:35:04+0200,16553320-5c3e-4a08-95db-080ced308e52,2026-07-26T03:00:00Z,2026-07-26T05:00:00+0200,7511.64949,MW,DE,DE_LU,actual_onshore_wind_generation,Wind Onshore,2026-08-25T03:38:09Z
2026-08-25T03:35:04Z,2026-08-25T05:35:04+0200,16553320-5c3e-4a08-95db-080ced308e52,2026-07-26T03:15:00Z,2026-07-26T05:15:00+0200,7735.80705,MW,DE,DE_LU,actual_onshore_wind_generation,Wind Onshore,2026-08-25T03:38:09Z
2026-08-25T03:35:04Z,2026-08-25T05:35:04+0200,16553320-5c3e-4a08-95db-080ced308e52,2026-07-26T03:30:00Z,2026-07-26T05:30:00+0200,8242.61306,MW,DE,DE_LU,actual_onshore_wind_generation,Wind Onshore,2026-08-25T03:38:09Z
2026-08-25T03:35:04Z,2026-08-25T05:35:04+0200,16553320-5c3e-4a08-95db-080ced308e52,2026-07-26T03:45:00Z,2026-07-26T05:45:00+0200,8583.76925,MW,DE,DE_LU,actual_onshore_wind_generation,Wind Onshore,2026-08-25T03:38:09Z
2026-08-25T03:35:04Z,2026-08-25T05:35:04+0200,16553320-5c3e-4a08-95db-080ced308e52,2026-07-26T04:00:00Z,2026-07-26T06:00:00+0200,8915.01691,MW,DE,DE_LU,actual_onshore_wind_generation,Wind Onshore,2026-08-25T03:38:09Z
2026-08-25T03:35:04Z,2026-08-25T05:35:04+0200,16553320-5c3e-4a08-95db-080ced308e52,2026-07-26T04:15:00Z,2026-07-26T06:15:00+0200,9026.6931,MW,DE,DE_LU,actual_onshore_wind_generation,Wind Onshore,2026-08-25T03:38:09Z
2026-08-25T03:35:04Z,2026-08-25T05:35:04+0200,16553320-5c3e-4a08-95db-080ced308e52,2026-07-26T04:30:00Z,2026-07-26T06:30:00+0200,9028.52347,MW,DE,DE_LU,actual_onshore_wind_generation,Wind Onshore,2026-08-25T03:38:09Z
2026-08-25T03:35:04Z,2026-08-25T05:35:04+0200,16553320-5c3e-4a08-95db-080ced308e52,2026-07-26T04:45:00Z,2026-07-26T06:45:00+0200,8981.46139,MW,DE,DE_LU,actual_onshore_wind_generation,Wind Onshore,2026-08-25T03:38:09Z
2026-08-25T03:35:04Z,2026-08-25T05:35:04+0200,16553320-5c3e-4a08-95db-080ced308e52,2026-07-26T05:00:00Z,2026-07-26T07:00:00+0200,8883.32064,MW,DE,DE_LU,actual_onshore_wind_generation,Wind Onshore,2026-08-25T03:38:09Z
2026-08-25T03:35:04Z,2026-08-25T05:35:04+0200,16553320-5c3e-4a08-95db-080ced308e52,2026-07-26T05:15:00Z,2026-07-26T07:15:00+0200,8708.57934,MW,DE,DE_LU,actual_onshore_wind_generation,Wind Onshore,2026-08-25T03:38:09Z
2026-08-25T03:35:04Z,2026-08-25T05:35:04+0200,16553320-5c3e-4a08-95db-080ced308e52,2026-07-26T05:30:00Z,2026-07-26T07:30:00+0200,8447.20237,MW,DE,DE_LU,actual_onshore_wind_generation,Wind Onshore,2026-08-25T03:38:09Z
2026-08-25T03:35:04Z,2026-08-25T05:35:04+0200,16553320-5c3e-4a08-95db-080ced308e52,2026-07-26T05:45:00Z,2026-07-26T07:45:00+0200,8215.29887,MW,DE,DE_LU,actual_onshore_wind_generation,Wind Onshore,2026-08-25T03:38:09Z
2026-08-25T03:35:04Z,2026-08-25T05:35:04+0200,16553320-5c3e-4a08-95db-080ced308e52,2026-07-26T06:00:00Z,2026-07-26T08:00:00+0200,7965.80903,MW,DE,DE_LU,actual_onshore_wind_generation,Wind Onshore,2026-08-25T03:38:09Z
2026-08-25T03:35:04Z,2026-08-25T05:35:04+0200,16553320-5c3e-4a08-95db-080ced308e52,2026-07-26T06:15:00Z,2026-07-26T08:15:00+0200,7723.78256,MW,DE,DE_LU,actual_onshore_wind_generation,Wind Onshore,2026-08-25T03:38:09Z
2026-08-25T03:35:04Z,2026-08-25T05:35:04+0200,16553320-5c3e-4a08-95db-080ced308e52,2026-07-26T06:30:00Z,2026-07-26T08:30:00+0200,7430.70063,MW,DE,DE_LU,actual_onshore_wind_generation,Wind Onshore,2026-08-25T03:38:09Z
2026-08-25T03:35:04Z,2026-08-25T05:35:04+0200,16553320-5c3e-4a08-95db-080ced308e52,2026-07-26T06:45:00Z,2026-07-26T08:45:00+0200,7330.05406,MW,DE,DE_LU,actual_onshore_wind_generation,Wind Onshore,2026-08-25T03:38:09Z
2026-08-25T03:35:04Z,2026-08-25T05:35:04+0200,16553320-5c3e-4a08-95db-080ced308e52,2026-07-26T07:00:00Z,2026-07-26T09:00:00+0200,7636.38391,MW,DE,DE_LU,actual_onshore_wind_generation,Wind Onshore,2026-08-25T03:38:09Z
2026-08-25T03:35:04Z,2026-08-25T05:35:04+0200,16553320-5c3e-4a08-95db-080ced308e52,2026-07-26T07:15:00Z,2026-07-26T09:15:00+0200,7797.67181,MW,DE,DE_LU,actual_onshore_wind_generation,Wind Onshore,2026-08-25T03:38:09Z
2026-08-25T03:35:04Z,2026-08-25T05:35:04+0200,16553320-5c3e-4a08-95db-080ced308e52,2026-07-26T07:30:00Z,2026-07-26T09:30:00+0200,8202.57363,MW,DE,DE_LU,actual_onshore_wind_generation,Wind Onshore,2026-08-25T03:38:09Z
2026-08-25T03:35:04Z,2026-08-25T05:35:04+0200,16553320-5c3e-4a08-95db-080ced308e52,2026-07-26T07:45:00Z,2026-07-26T09:45:00+0200,8929.47684,MW,DE,DE_LU,actual_onshore_wind_generation,Wind Onshore,2026-08-25T03:38:09Z
2026-08-25T03:35:04Z,2026-08-25T05:35:04+0200,16553320-5c3e-4a08-95db-080ced308e52,2026-07-26T08:00:00Z,2026-07-26T10:00:00+0200,8743.73294,MW,DE,DE_LU,actual_onshore_wind_generation,Wind Onshore,2026-08-25T03:38:09Z
2026-08-25T03:35:04Z,2026-08-25T05:35:04+0200,16553320-5c3e-4a08-95db-080ced308e52,2026-07-26T08:15:00Z,2026-07-26T10:15:00+0200,9335.92582,MW,DE,DE_LU,actual_onshore_wind_generation,Wind Onshore,2026-08-25T03:38:09Z
2026-08-25T03:35:04Z,2026-08-25T05:35:04+0200,16553320-5c3e-4a08-95db-080ced308e52,2026-07-26T08:30:00Z,2026-07-26T10:30:00+0200,9047.55634,MW,DE,DE_LU,actual_onshore_wind_generation,Wind Onshore,2026-08-25T03:38:09Z
2026-08-25T03:35:04Z,2026-08-25T05:35:04+0200,16553320-5c3e-4a08-95db-080ced308e52,2026-07-26T08:45:00Z,2026-07-26T10:45:00+0200,9850.23607,MW,DE,DE_LU,actual_onshore_wind_generation,Wind Onshore,2026-08-25T03:38:09Z
2026-08-25T03:35:04Z,2026-08-25T05:35:04+0200,16553320-5c3e-4a08-95db-080ced308e52,2026-07-26T09:00:00Z,2026-07-26T11:00:00+0200,9523.39187,MW,DE,DE_LU,actual_onshore_wind_generation,Wind Onshore,2026-08-25T03:38:09Z
2026-08-25T03:35:04Z,2026-08-25T05:35:04+0200,16553320-5c3e-4a08-95db-080ced308e52,2026-07-26T09:15:00Z,2026-07-26T11:15:00+0200,9680.31989,MW,DE,DE_LU,actual_onshore_wind_generation,Wind Onshore,2026-08-25T03:38:09Z
2026-08-25T03:35:04Z,2026-08-25T05:35:04+0200,16553320-5c3e-4a08-95db-080ced308e52,2026-07-26T09:30:00Z,2026-07-26T11:30:00+0200,9629.82679,MW,DE,DE_LU,actual_onshore_wind_generation,Wind Onshore,2026-08-25T03:38:09Z
2026-08-25T03:35:04Z,2026-08-25T05:35:04+0200,16553320-5c3e-4a08-95db-080ced308e52,2026-07-26T09:45:00Z,2026-07-26T11:45:00+0200,9596.58484,MW,DE,DE_LU,actual_onshore_wind_generation,Wind Onshore,2026-08-25T03:38:09Z
2026-08-25T03:35:04Z,2026-08-25T05:35:04+0200,16553320-5c3e-4a08-95db-080ced308e52,2026-07-26T10:00:00Z,2026-07-26T12:00:00+0200,10182.49867,MW,DE,DE_LU,actual_onshore_wind_generation,Wind Onshore,2026-08-25T03:38:09Z
2026-08-25T03:35:04Z,2026-08-25T05:35:04+0200,16553320-5c3e-4a08-95db-080ced308e52,2026-07-26T10:15:00Z,2026-07-26T12:15:00+0200,10378.99308,MW,DE,DE_LU,actual_onshore_wind_generation,Wind Onshore,2026-08-25T03:38:09Z
2026-08-25T03:35:04Z,2026-08-25T05:35:04+0200,16553320-5c3e-4a08-95db-080ced308e52,2026-07-26T10:30:00Z,2026-07-26T12:30:00+0200,10402.45402,MW,DE,DE_LU,actual_onshore_wind_generation,Wind Onshore,2026-08-25T03:38:09Z
2026-08-25T03:35:04Z,2026-08-25T05:35:04+0200,16553320-5c3e-4a08-95db-080ced308e52,2026-07-26T10:45:00Z,2026-07-26T12:45:00+0200,10897.24469,MW,DE,DE_LU,actual_onshore_wind_generation,Wind Onshore,2026-08-25T03:38:09Z
2026-08-25T03:35:04Z,2026-08-25T05:35:04+0200,16553320-5c3e-4a08-95db-080ced308e52,2026-07-26T11:00:00Z,2026-07-26T13:00:00+0200,10962.63819,MW,DE,DE_LU,actual_onshore_wind_generation,Wind Onshore,2026-08-25T03:38:09Z
2026-08-25T03:35:04Z,2026-08-25T05:35:04+0200,16553320-5c3e-4a08-95db-080ced308e52,2026-07-26T11:15:00Z,2026-07-26T13:15:00+0200,11593.09968,MW,DE,DE_LU,actual_onshore_wind_generation,Wind Onshore,2026-08-25T03:38:09Z
2026-08-25T03:35:04Z,2026-08-25T05:35:04+0200,16553320-5c3e-4a08-95db-080ced308e52,2026-07-26T11:30:00Z,2026-07-26T13:30:00+0200,12217.80621,MW,DE,DE_LU,actual_onshore_wind_generation,Wind Onshore,2026-08-25T03:38:09Z
2026-08-25T03:35:04Z,2026-08-25T05:35:04+0200,16553320-5c3e-4a08-95db-080ced308e52,2026-07-26T11:45:00Z,2026-07-26T13:45:00+0200,12719.67268,MW,DE,DE_LU,actual_onshore_wind_generation,Wind Onshore,2026-08-25T03:38:09Z
2026-08-25T03:35:04Z,2026-08-25T05:35:04+0200,16553320-5c3e-4a08-95db-080ced308e52,2026-07-26T12:00:00Z,2026-07-26T14:00:00+0200,12884.49891,MW,DE,DE_LU,actual_onshore_wind_generation,Wind Onshore,2026-08-25T03:38:09Z
2026-08-25T03:35:04Z,2026-08-25T05:35:04+0200,16553320-5c3e-4a08-95db-080ced308e52,2026-07-26T12:15:00Z,2026-07-26T14:15:00+0200,12748.64127,MW,DE,DE_LU,actual_onshore_wind_generation,Wind Onshore,2026-08-25T03:38:09Z
2026-08-25T03:35:04Z,2026-08-25T05:35:04+0200,16553320-5c3e-4a08-95db-080ced308e52,2026-07-26T12:30:00Z,2026-07-26T14:30:00+0200,13229.7716,MW,DE,DE_LU,actual_onshore_wind_generation,Wind Onshore,2026-08-25T03:38:09Z
2026-08-25T03:35:04Z,2026-08-25T05:35:04+0200,16553320-5c3e-4a08-95db-080ced308e52,2026-07-26T12:45:00Z,2026-07-26T14:45:00+0200,13816.81731,MW,DE,DE_LU,actual_onshore_wind_generation,Wind Onshore,2026-08-25T03:38:09Z
2026-08-25T03:35:04Z,2026-08-25T05:35:04+0200,16553320-5c3e-4a08-95db-080ced308e52,2026-07-26T13:00:00Z,2026-07-26T15:00:00+0200,14263.34001,MW,DE,DE_LU,actual_onshore_wind_generation,Wind Onshore,2026-08-25T03:38:09Z
2026-08-25T03:35:04Z,2026-08-25T05:35:04+0200,16553320-5c3e-4a08-95db-080ced308e52,2026-07-26T13:15:00Z,2026-07-26T15:15:00+0200,14648.41576,MW,DE,DE_LU,actual_onshore_wind_generation,Wind Onshore,2026-08-25T03:38:09Z
2026-08-25T03:35:04Z,2026-08-25T05:35:04+0200,16553320-5c3e-4a08-95db-080ced308e52,2026-07-26T13:30:00Z,2026-07-26T15:30:00+0200,14677.18097,MW,DE,DE_LU,actual_onshore_wind_generation,Wind Onshore,2026-08-25T03:38:09Z
2026-08-25T03:35:04Z,2026-08-25T05:35:04+0200,16553320-5c3e-4a08-95db-080ced308e52,2026-07-26T13:45:00Z,2026-07-26T15:45:00+0200,15062.32353,MW,DE,DE_LU,actual_onshore_wind_generation,Wind Onshore,2026-08-25T03:38:09Z
2026-08-25T03:35:04Z,2026-08-25T05:35:04+0200,16553320-5c3e-4a08-95db-080ced308e52,2026-07-26T14:00:00Z,2026-07-26T16:00:00+0200,15053.30902,MW,DE,DE_LU,actual_onshore_wind_generation,Wind Onshore,2026-08-25T03:38:09Z
2026-08-25T03:35:04Z,2026-08-25T05:35:04+0200,16553320-5c3e-4a08-95db-080ced308e52,2026-07-26T14:15:00Z,2026-07-26T16:15:00+0200,15870.49158,MW,DE,DE_LU,actual_onshore_wind_generation,Wind Onshore,2026-08-25T03:38:09Z
2026-08-25T03:35:04Z,2026-08-25T05:35:04+0200,16553320-5c3e-4a08-95db-080ced308e52,2026-07-26T14:30:00Z,2026-07-26T16:30:00+0200,15842.2807,MW,DE,DE_LU,actual_onshore_wind_generation,Wind Onshore,2026-08-25T03:38:09Z
2026-08-25T03:35:04Z,2026-08-25T05:35:04+0200,16553320-5c3e-4a08-95db-080ced308e52,2026-07-26T14:45:00Z,2026-07-26T16:45:00+0200,16834.67908,MW,DE,DE_LU,actual_onshore_wind_generation,Wind Onshore,2026-08-25T03:38:09Z
2026-08-25T03:35:04Z,2026-08-25T05:35:04+0200,16553320-5c3e-4a08-95db-080ced308e52,2026-07-26T15:00:00Z,2026-07-26T17:00:00+0200,18517.76934,MW,DE,DE_LU,actual_onshore_wind_generation,Wind Onshore,2026-08-25T03:38:09Z
2026-08-25T03:35:04Z,2026-08-25T05:35:04+0200,16553320-5c3e-4a08-95db-080ced308e52,2026-07-26T15:15:00Z,2026-07-26T17:15:00+0200,19479.43707,MW,DE,DE_LU,actual_onshore_wind_generation,Wind Onshore,2026-08-25T03:38:09Z
2026-08-25T03:35:04Z,2026-08-25T05:35:04+0200,16553320-5c3e-4a08-95db-080ced308e52,2026-07-26T15:30:00Z,2026-07-26T17:30:00+0200,20196.26223,MW,DE,DE_LU,actual_onshore_wind_generation,Wind Onshore,2026-08-25T03:38:09Z
2026-08-25T03:35:04Z,2026-08-25T05:35:04+0200,16553320-5c3e-4a08-95db-080ced308e52,2026-07-26T15:45:00Z,2026-07-26T17:45:00+0200,21498.02601,MW,DE,DE_LU,actual_onshore_wind_generation,Wind Onshore,2026-08-25T03:38:09Z
2026-08-25T03:35:04Z,2026-08-25T05:35:04+0200,16553320-5c3e-4a08-95db-080ced308e52,2026-07-26T16:00:00Z,2026-07-26T18:00:00+0200,22117.74345,MW,DE,DE_LU,actual_onshore_wind_generation,Wind Onshore,2026-08-25T03:38:09Z
2026-08-25T03:35:04Z,2026-08-25T05:35:04+0200,16553320-5c3e-4a08-95db-080ced308e52,2026-07-26T16:15:00Z,2026-07-26T18:15:00+0200,23766.37227,MW,DE,DE_LU,actual_onshore_wind_generation,Wind Onshore,2026-08-25T03:38:09Z
2026-08-25T03:35:04Z,2026-08-25T05:35:04+0200,16553320-5c3e-4a08-95db-080ced308e52,2026-07-26T16:30:00Z,2026-07-26T18:30:00+0200,24540.7768,MW,DE,DE_LU,actual_onshore_wind_generation,Wind Onshore,2026-08-25T03:38:09Z
2026-08-25T03:35:04Z,2026-08-25T05:35:04+0200,16553320-5c3e-4a08-95db-080ced308e52,2026-07-26T16:45:00Z,2026-07-26T18:45:00+0200,24509.41486,MW,DE,DE_LU,actual_onshore_wind_generation,Wind Onshore,2026-08-25T03:38:09Z
2026-08-25T03:35:04Z,2026-08-25T05:35:04+0200,16553320-5c3e-4a08-95db-080ced308e52,2026-07-26T17:00:00Z,2026-07-26T19:00:00+0200,24592.45727,MW,DE,DE_LU,actual_onshore_wind_generation,Wind Onshore,2026-08-25T03:38:09Z
2026-08-25T03:35:04Z,2026-08-25T05:35:04+0200,16553320-5c3e-4a08-95db-080ced308e52,2026-07-26T17:15:00Z,2026-07-26T19:15:00+0200,24329.27397,MW,DE,DE_LU,actual_onshore_wind_generation,Wind Onshore,2026-08-25T03:38:09Z
2026-08-25T03:35:04Z,2026-08-25T05:35:04+0200,16553320-5c3e-4a08-95db-080ced308e52,2026-07-26T17:30:00Z,2026-07-26T19:30:00+0200,24135.0873,MW,DE,DE_LU,actual_onshore_wind_generation,Wind Onshore,2026-08-25T03:38:09Z
2026-08-25T03:35:04Z,2026-08-25T05:35:04+0200,16553320-5c3e-4a08-95db-080ced308e52,2026-07-26T17:45:00Z,2026-07-26T19:45:00+0200,23267.57681,MW,DE,DE_LU,actual_onshore_wind_generation,Wind Onshore,2026-08-25T03:38:09Z
2026-08-25T03:35:04Z,2026-08-25T05:35:04+0200,16553320-5c3e-4a08-95db-080ced308e52,2026-07-26T18:00:00Z,2026-07-26T20:00:00+0200,22601.33634,MW,DE,DE_LU,actual_onshore_wind_generation,Wind Onshore,2026-08-25T03:38:09Z
2026-08-25T03:35:04Z,2026-08-25T05:35:04+0200,16553320-5c3e-4a08-95db-080ced308e52,2026-07-26T18:15:00Z,2026-07-26T20:15:00+0200,21966.35455,MW,DE,DE_LU,actual_onshore_wind_generation,Wind Onshore,2026-08-25T03:38:09Z
2026-08-25T03:35:04Z,2026-08-25T05:35:04+0200,16553320-5c3e-4a08-95db-080ced308e52,2026-07-26T18:30:00Z,2026-07-26T20:30:00+0200,21710.49614,MW,DE,DE_LU,actual_onshore_wind_generation,Wind Onshore,2026-08-25T03:38:09Z
2026-08-25T03:35:04Z,2026-08-25T05:35:04+0200,16553320-5c3e-4a08-95db-080ced308e52,2026-07-26T18:45:00Z,2026-07-26T20:45:00+0200,21630.5589,MW,DE,DE_LU,actual_onshore_wind_generation,Wind Onshore,2026-08-25T03:38:09Z
2026-08-25T03:35:04Z,2026-08-25T05:35:04+0200,16553320-5c3e-4a08-95db-080ced308e52,2026-07-26T19:00:00Z,2026-07-26T21:00:00+0200,21789.43544,MW,DE,DE_LU,actual_onshore_wind_generation,Wind Onshore,2026-08-25T03:38:09Z
2026-08-25T03:35:04Z,2026-08-25T05:35:04+0200,16553320-5c3e-4a08-95db-080ced308e52,2026-07-26T19:15:00Z,2026-07-26T21:15:00+0200,21743.62798,MW,DE,DE_LU,actual_onshore_wind_generation,Wind Onshore,2026-08-25T03:38:09Z
2026-08-25T03:35:04Z,2026-08-25T05:35:04+0200,16553320-5c3e-4a08-95db-080ced308e52,2026-07-26T19:30:00Z,2026-07-26T21:30:00+0200,21326.65571,MW,DE,DE_LU,actual_onshore_wind_generation,Wind Onshore,2026-08-25T03:38:09Z
2026-08-25T03:35:04Z,2026-08-25T05:35:04+0200,16553320-5c3e-4a08-95db-080ced308e52,2026-07-26T19:45:00Z,2026-07-26T21:45:00+0200,21457.30206,MW,DE,DE_LU,actual_onshore_wind_generation,Wind Onshore,2026-08-25T03:38:09Z
2026-08-25T03:35:04Z,2026-08-25T05:35:04+0200,16553320-5c3e-4a08-95db-080ced308e52,2026-07-26T20:00:00Z,2026-07-26T22:00:00+0200,21421.4928,MW,DE,DE_LU,actual_onshore_wind_generation,Wind Onshore,2026-08-25T03:38:09Z
2026-08-25T03:35:04Z,2026-08-25T05:35:04+0200,16553320-5c3e-4a08-95db-080ced308e52,2026-07-26T20:15:00Z,2026-07-26T22:15:00+0200,21815.08399,MW,DE,DE_LU,actual_onshore_wind_generation,Wind Onshore,2026-08-25T03:38:09Z
2026-08-25T03:35:04Z,2026-08-25T05:35:04+0200,16553320-5c3e-4a08-95db-080ced308e52,2026-07-26T20:30:00Z,2026-07-26T22:30:00+0200,22362.2468,MW,DE,DE_LU,actual_onshore_wind_generation,Wind Onshore,2026-08-25T03:38:09Z
2026-08-25T03:35:04Z,2026-08-25T05:35:04+0200,16553320-5c3e-4a08-95db-080ced308e52,2026-07-26T20:45:00Z,2026-07-26T22:45:00+0200,22884.9474,MW,DE,DE_LU,actual_onshore_wind_generation,Wind Onshore,2026-08-25T03:38:09Z
2026-08-25T03:35:04Z,2026-08-25T05:35:04+0200,16553320-5c3e-4a08-95db-080ced308e52,2026-07-26T21:00:00Z,2026-07-26T23:00:00+0200,23788.84634,MW,DE,DE_LU,actual_onshore_wind_generation,Wind Onshore,2026-08-25T03:38:09Z
2026-08-25T03:35:04Z,2026-08-25T05:35:04+0200,16553320-5c3e-4a08-95db-080ced308e52,2026-07-26T21:15:00Z,2026-07-26T23:15:00+0200,24698.96881,MW,DE,DE_LU,actual_onshore_wind_generation,Wind Onshore,2026-08-25T03:38:09Z
2026-08-25T03:35:04Z,2026-08-25T05:35:04+0200,16553320-5c3e-4a08-95db-080ced308e52,2026-07-26T21:30:00Z,2026-07-26T23:30:00+0200,25232.71192,MW,DE,DE_LU,actual_onshore_wind_generation,Wind Onshore,2026-08-25T03:38:09Z
2026-08-25T03:35:04Z,2026-08-25T05:35:04+0200,16553320-5c3e-4a08-95db-080ced308e52,2026-07-26T21:45:00Z,2026-07-26T23:45:00+0200,25436.30422,MW,DE,DE_LU,actual_onshore_wind_generation,Wind Onshore,2026-08-25T03:38:09Z
2026-08-25T03:35:04Z,2026-08-25T05:35:04+0200,16553320-5c3e-4a08-95db-080ced308e52,2026-07-26T22:00:00Z,2026-07-27T00:00:00+0200,25715.52921,MW,DE,DE_LU,actual_onshore_wind_generation,Wind Onshore,2026-08-25T03:38:09Z
2026-08-25T03:35:04Z,2026-08-25T05:35:04+0200,16553320-5c3e-4a08-95db-080ced308e52,2026-07-26T22:15:00Z,2026-07-27T00:15:00+0200,26137.2068,MW,DE,DE_LU,actual_onshore_wind_generation,Wind Onshore,2026-08-25T03:38:09Z
2026-08-25T03:35:04Z,2026-08-25T05:35:04+0200,16553320-5c3e-4a08-95db-080ced308e52,2026-07-26T22:30:00Z,2026-07-27T00:30:00+0200,26852.96946,MW,DE,DE_LU,actual_onshore_wind_generation,Wind Onshore,2026-08-25T03:38:09Z
2026-08-25T03:35:04Z,2026-08-25T05:35:04+0200,16553320-5c3e-4a08-95db-080ced308e52,2026-07-26T22:45:00Z,2026-07-27T00:45:00+0200,27135.67113,MW,DE,DE_LU,actual_onshore_wind_generation,Wind Onshore,2026-08-25T03:38:09Z
2026-08-25T03:35:04Z,2026-08-25T05:35:04+0200,16553320-5c3e-4a08-95db-080ced308e52,2026-07-26T23:00:00Z,2026-07-27T01:00:00+0200,26589.41534,MW,DE,DE_LU,actual_onshore_wind_generation,Wind Onshore,2026-08-25T03:38:09Z
2026-08-25T03:35:04Z,2026-08-25T05:35:04+0200,16553320-5c3e-4a08-95db-080ced308e52,2026-07-26T23:15:00Z,2026-07-27T01:15:00+0200,26064.53298,MW,DE,DE_LU,actual_onshore_wind_generation,Wind Onshore,2026-08-25T03:38:09Z
2026-08-25T03:35:04Z,2026-08-25T05:35:04+0200,16553320-5c3e-4a08-95db-080ced308e52,2026-07-26T23:30:00Z,2026-07-27T01:30:00+0200,25854.98629,MW,DE,DE_LU,actual_onshore_wind_generation,Wind Onshore,2026-08-25T03:38:09Z
2026-08-25T03:35:04Z,2026-08-25T05:35:04+0200,16553320-5c3e-4a08-95db-080ced308e52,2026-07-26T23:45:00Z,2026-07-27T01:45:00+0200,25547.079,MW,DE,DE_LU,actual_onshore_wind_generation,Wind Onshore,2026-08-25T03:38:09Z
2026-08-25T03:35:04Z,2026-08-25T05:35:04+0200,16553320-5c3e-4a08-95db-080ced308e52,2026-07-27T00:00:00Z,2026-07-27T02:00:00+0200,25301.15953,MW,DE,DE_LU,actual_onshore_wind_generation,Wind Onshore,2026-08-25T03:38:09Z
2026-08-25T03:35:04Z,2026-08-25T05:35:04+0200,16553320-5c3e-4a08-95db-080ced308e52,2026-07-27T00:15:00Z,2026-07-27T02:15:00+0200,25260.97447,MW,DE,DE_LU,actual_onshore_wind_generation,Wind Onshore,2026-08-25T03:38:09Z
2026-08-25T03:35:04Z,2026-08-25T05:35:04+0200,16553320-5c3e-4a08-95db-080ced308e52,2026-07-27T00:30:00Z,2026-07-27T02:30:00+0200,25365.16682,MW,DE,DE_LU,actual_onshore_wind_generation,Wind Onshore,2026-08-25T03:38:09Z
2026-08-25T03:35:04Z,2026-08-25T05:35:04+0200,16553320-5c3e-4a08-95db-080ced308e52,2026-07-27T00:45:00Z,2026-07-27T02:45:00+0200,25114.4407,MW,DE,DE_LU,actual_onshore_wind_generation,Wind Onshore,2026-08-25T03:38:09Z
2026-08-25T03:35:04Z,2026-08-25T05:35:04+0200,16553320-5c3e-4a08-95db-080ced308e52,2026-07-27T01:00:00Z,2026-07-27T03:00:00+0200,24656.59179,MW,DE,DE_LU,actual_onshore_wind_generation,Wind Onshore,2026-08-25T03:38:09Z
2026-08-25T03:35:04Z,2026-08-25T05:35:04+0200,16553320-5c3e-4a08-95db-080ced308e52,2026-07-27T01:15:00Z,2026-07-27T03:15:00+0200,24359.46128,MW,DE,DE_LU,actual_onshore_wind_generation,Wind Onshore,2026-08-25T03:38:09Z
2026-08-25T03:35:04Z,2026-08-25T05:35:04+0200,16553320-5c3e-4a08-95db-080ced308e52,2026-07-27T01:30:00Z,2026-07-27T03:30:00+0200,24098.85646,MW,DE,DE_LU,actual_onshore_wind_generation,Wind Onshore,2026-08-25T03:38:09Z
2026-08-25T03:35:04Z,2026-08-25T05:35:04+0200,16553320-5c3e-4a08-95db-080ced308e52,2026-07-27T01:45:00Z,2026-07-27T03:45:00+0200,23482.23498,MW,DE,DE_LU,actual_onshore_wind_generation,Wind Onshore,2026-08-25T03:38:09Z
2026-08-25T03:35:04Z,2026-08-25T05:35:04+0200,16553320-5c3e-4a08-95db-080ced308e52,2026-07-27T02:00:00Z,2026-07-27T04:00:00+0200,23134.46629,MW,DE,DE_LU,actual_onshore_wind_generation,Wind Onshore,2026-08-25T03:38:09Z
2026-08-25T03:35:04Z,2026-08-25T05:35:04+0200,16553320-5c3e-4a08-95db-080ced308e52,2026-07-27T02:15:00Z,2026-07-27T04:15:00+0200,22810.32403,MW,DE,DE_LU,actual_onshore_wind_generation,Wind Onshore,2026-08-25T03:38:09Z
2026-08-25T03:35:04Z,2026-08-25T05:35:04+0200,16553320-5c3e-4a08-95db-080ced308e52,2026-07-27T02:30:00Z,2026-07-27T04:30:00+0200,22591.53901,MW,DE,DE_LU,actual_onshore_wind_generation,Wind Onshore,2026-08-25T03:38:09Z
2026-08-25T03:35:04Z,2026-08-25T05:35:04+0200,16553320-5c3e-4a08-95db-080ced308e52,2026-07-27T02:45:00Z,2026-07-27T04:45:00+0200,22568.99662,MW,DE,DE_LU,actual_onshore_wind_generation,Wind Onshore,2026-08-25T03:38:09Z
2026-08-25T03:35:04Z,2026-08-25T05:35:04+0200,16553320-5c3e-4a08-95db-080ced308e52,2026-07-27T03:00:00Z,2026-07-27T05:00:00+0200,22534.9711,MW,DE,DE_LU,actual_onshore_wind_generation,Wind Onshore,2026-08-25T03:38:09Z
2026-08-25T03:35:04Z,2026-08-25T05:35:04+0200,16553320-5c3e-4a08-95db-080ced308e52,2026-07-27T03:15:00Z,2026-07-27T05:15:00+0200,22623.53943,MW,DE,DE_LU,actual_onshore_wind_generation,Wind Onshore,2026-08-25T03:38:09Z
2026-08-25T03:35:04Z,2026-08-25T05:35:04+0200,16553320-5c3e-4a08-95db-080ced308e52,2026-07-27T03:30:00Z,2026-07-27T05:30:00+0200,22632.69823,MW,DE,DE_LU,actual_onshore_wind_generation,Wind Onshore,2026-08-25T03:38:09Z
2026-08-25T03:35:04Z,2026-08-25T05:35:04+0200,16553320-5c3e-4a08-95db-080ced308e52,2026-07-27T03:45:00Z,2026-07-27T05:45:00+0200,22293.31944,MW,DE,DE_LU,actual_onshore_wind_generation,Wind Onshore,2026-08-25T03:38:09Z
2026-08-25T03:35:04Z,2026-08-25T05:35:04+0200,16553320-5c3e-4a08-95db-080ced308e52,2026-07-27T04:00:00Z,2026-07-27T06:00:00+0200,22352.02511,MW,DE,DE_LU,actual_onshore_wind_generation,Wind Onshore,2026-08-25T03:38:09Z
2026-08-25T03:35:04Z,2026-08-25T05:35:04+0200,16553320-5c3e-4a08-95db-080ced308e52,2026-07-27T04:15:00Z,2026-07-27T06:15:00+0200,21880.58951,MW,DE,DE_LU,actual_onshore_wind_generation,Wind Onshore,2026-08-25T03:38:09Z
2026-08-25T03:35:04Z,2026-08-25T05:35:04+0200,16553320-5c3e-4a08-95db-080ced308e52,2026-07-27T04:30:00Z,2026-07-27T06:30:00+0200,21420.66079,MW,DE,DE_LU,actual_onshore_wind_generation,Wind Onshore,2026-08-25T03:38:09Z
2026-08-25T03:35:04Z,2026-08-25T05:35:04+0200,16553320-5c3e-4a08-95db-080ced308e52,2026-07-27T04:45:00Z,2026-07-27T06:45:00+0200,20941.12445,MW,DE,DE_LU,actual_onshore_wind_generation,Wind Onshore,2026-08-25T03:38:09Z
2026-08-25T03:35:04Z,2026-08-25T05:35:04+0200,16553320-5c3e-4a08-95db-080ced308e52,2026-07-27T05:00:00Z,2026-07-27T07:00:00+0200,20269.98216,MW,DE,DE_LU,actual_onshore_wind_generation,Wind Onshore,2026-08-25T03:38:09Z
2026-08-25T03:35:04Z,2026-08-25T05:35:04+0200,16553320-5c3e-4a08-95db-080ced308e52,2026-07-27T05:15:00Z,2026-07-27T07:15:00+0200,19629.99239,MW,DE,DE_LU,actual_onshore_wind_generation,Wind Onshore,2026-08-25T03:38:09Z
2026-08-25T03:35:04Z,2026-08-25T05:35:04+0200,16553320-5c3e-4a08-95db-080ced308e52,2026-07-27T05:30:00Z,2026-07-27T07:30:00+0200,18937.93328,MW,DE,DE_LU,actual_onshore_wind_generation,Wind Onshore,2026-08-25T03:38:09Z
2026-08-25T03:35:04Z,2026-08-25T05:35:04+0200,16553320-5c3e-4a08-95db-080ced308e52,2026-07-27T05:45:00Z,2026-07-27T07:45:00+0200,18560.9009,MW,DE,DE_LU,actual_onshore_wind_generation,Wind Onshore,2026-08-25T03:38:09Z
2026-08-25T03:35:04Z,2026-08-25T05:35:04+0200,16553320-5c3e-4a08-95db-080ced308e52,2026-07-27T06:00:00Z,2026-07-27T08:00:00+0200,18039.54674,MW,DE,DE_LU,actual_onshore_wind_generation,Wind Onshore,2026-08-25T03:38:09Z
2026-08-25T03:35:04Z,2026-08-25T05:35:04+0200,16553320-5c3e-4a08-95db-080ced308e52,2026-07-27T06:15:00Z,2026-07-27T08:15:00+0200,17869.78064,MW,DE,DE_LU,actual_onshore_wind_generation,Wind Onshore,2026-08-25T03:38:09Z
2026-08-25T03:35:04Z,2026-08-25T05:35:04+0200,16553320-5c3e-4a08-95db-080ced308e52,2026-07-27T06:30:00Z,2026-07-27T08:30:00+0200,17865.23389,MW,DE,DE_LU,actual_onshore_wind_generation,Wind Onshore,2026-08-25T03:38:09Z
2026-08-25T03:35:04Z,2026-08-25T05:35:04+0200,16553320-5c3e-4a08-95db-080ced308e52,2026-07-27T06:45:00Z,2026-07-27T08:45:00+0200,17803.06114,MW,DE,DE_LU,actual_onshore_wind_generation,Wind Onshore,2026-08-25T03:38:09Z
2026-08-25T03:35:04Z,2026-08-25T05:35:04+0200,16553320-5c3e-4a08-95db-080ced308e52,2026-07-27T07:00:00Z,2026-07-27T09:00:00+0200,18045.67699,MW,DE,DE_LU,actual_onshore_wind_generation,Wind Onshore,2026-08-25T03:38:09Z
2026-08-25T03:35:04Z,2026-08-25T05:35:04+0200,16553320-5c3e-4a08-95db-080ced308e52,2026-07-27T07:15:00Z,2026-07-27T09:15:00+0200,18355.6201,MW,DE,DE_LU,actual_onshore_wind_generation,Wind Onshore,2026-08-25T03:38:09Z
2026-08-25T03:35:04Z,2026-08-25T05:35:04+0200,16553320-5c3e-4a08-95db-080ced308e52,2026-07-27T07:30:00Z,2026-07-27T09:30:00+0200,18341.02948,MW,DE,DE_LU,actual_onshore_wind_generation,Wind Onshore,2026-08-25T03:38:09Z
2026-08-25T03:35:04Z,2026-08-25T05:35:04+0200,16553320-5c3e-4a08-95db-080ced308e52,2026-07-27T07:45:00Z,2026-07-27T09:45:00+0200,18366.94498,MW,DE,DE_LU,actual_onshore_wind_generation,Wind Onshore,2026-08-25T03:38:09Z
2026-08-25T03:35:04Z,2026-08-25T05:35:04+0200,16553320-5c3e-4a08-95db-080ced308e52,2026-07-27T08:00:00Z,2026-07-27T10:00:00+0200,18488.37451,MW,DE,DE_LU,actual_onshore_wind_generation,Wind Onshore,2026-08-25T03:38:09Z
2026-08-25T03:35:04Z,2026-08-25T05:35:04+0200,16553320-5c3e-4a08-95db-080ced308e52,2026-07-27T08:15:00Z,2026-07-27T10:15:00+0200,18384.26183,MW,DE,DE_LU,actual_onshore_wind_generation,Wind Onshore,2026-08-25T03:38:09Z
2026-08-25T03:35:04Z,2026-08-25T05:35:04+0200,16553320-5c3e-4a08-95db-080ced308e52,2026-07-27T08:30:00Z,2026-07-27T10:30:00+0200,18488.8062,MW,DE,DE_LU,actual_onshore_wind_generation,Wind Onshore,2026-08-25T03:38:09Z
2026-08-25T03:35:04Z,2026-08-25T05:35:04+0200,16553320-5c3e-4a08-95db-080ced308e52,2026-07-27T08:45:00Z,2026-07-27T10:45:00+0200,18524.19855,MW,DE,DE_LU,actual_onshore_wind_generation,Wind Onshore,2026-08-25T03:38:09Z
2026-08-25T03:35:04Z,2026-08-25T05:35:04+0200,16553320-5c3e-4a08-95db-080ced308e52,2026-07-27T09:00:00Z,2026-07-27T11:00:00+0200,18527.10756,MW,DE,DE_LU,actual_onshore_wind_generation,Wind Onshore,2026-08-25T03:38:09Z
2026-08-25T03:35:04Z,2026-08-25T05:35:04+0200,16553320-5c3e-4a08-95db-080ced308e52,2026-07-27T09:15:00Z,2026-07-27T11:15:00+0200,18815.93991,MW,DE,DE_LU,actual_onshore_wind_generation,Wind Onshore,2026-08-25T03:38:09Z
2026-08-25T03:35:04Z,2026-08-25T05:35:04+0200,16553320-5c3e-4a08-95db-080ced308e52,2026-07-27T09:30:00Z,2026-07-27T11:30:00+0200,18946.3406,MW,DE,DE_LU,actual_onshore_wind_generation,Wind Onshore,2026-08-25T03:38:09Z
2026-08-25T03:35:04Z,2026-08-25T05:35:04+0200,16553320-5c3e-4a08-95db-080ced308e52,2026-07-27T09:45:00Z,2026-07-27T11:45:00+0200,18639.74153,MW,DE,DE_LU,actual_onshore_wind_generation,Wind Onshore,2026-08-25T03:38:09Z
2026-08-25T03:35:04Z,2026-08-25T05:35:04+0200,16553320-5c3e-4a08-95db-080ced308e52,2026-07-27T10:00:00Z,2026-07-27T12:00:00+0200,18548.32691,MW,DE,DE_LU,actual_onshore_wind_generation,Wind Onshore,2026-08-25T03:38:09Z
2026-08-25T03:35:04Z,2026-08-25T05:35:04+0200,16553320-5c3e-4a08-95db-080ced308e52,2026-07-27T10:15:00Z,2026-07-27T12:15:00+0200,18848.92825,MW,DE,DE_LU,actual_onshore_wind_generation,Wind Onshore,2026-08-25T03:38:09Z
2026-08-25T03:35:04Z,2026-08-25T05:35:04+0200,16553320-5c3e-4a08-95db-080ced308e52,2026-07-27T10:30:00Z,2026-07-27T12:30:00+0200,19095.34755,MW,DE,DE_LU,actual_onshore_wind_generation,Wind Onshore,2026-08-25T03:38:09Z
2026-08-25T03:35:04Z,2026-08-25T05:35:04+0200,16553320-5c3e-4a08-95db-080ced308e52,2026-07-27T10:45:00Z,2026-07-27T12:45:00+0200,19281.67661,MW,DE,DE_LU,actual_onshore_wind_generation,Wind Onshore,2026-08-25T03:38:09Z
2026-08-25T03:35:04Z,2026-08-25T05:35:04+0200,16553320-5c3e-4a08-95db-080ced308e52,2026-07-27T11:00:00Z,2026-07-27T13:00:00+0200,19407.97736,MW,DE,DE_LU,actual_onshore_wind_generation,Wind Onshore,2026-08-25T03:38:09Z
2026-08-25T03:35:04Z,2026-08-25T05:35:04+0200,16553320-5c3e-4a08-95db-080ced308e52,2026-07-27T11:15:00Z,2026-07-27T13:15:00+0200,20169.84635,MW,DE,DE_LU,actual_onshore_wind_generation,Wind Onshore,2026-08-25T03:38:09Z
2026-08-25T03:35:04Z,2026-08-25T05:35:04+0200,16553320-5c3e-4a08-95db-080ced308e52,2026-07-27T11:30:00Z,2026-07-27T13:30:00+0200,20400.95544,MW,DE,DE_LU,actual_onshore_wind_generation,Wind Onshore,2026-08-25T03:38:09Z
2026-08-25T03:35:04Z,2026-08-25T05:35:04+0200,16553320-5c3e-4a08-95db-080ced308e52,2026-07-27T11:45:00Z,2026-07-27T13:45:00+0200,20577.71344,MW,DE,DE_LU,actual_onshore_wind_generation,Wind Onshore,2026-08-25T03:38:09Z
2026-08-25T03:35:04Z,2026-08-25T05:35:04+0200,16553320-5c3e-4a08-95db-080ced308e52,2026-07-27T12:00:00Z,2026-07-27T14:00:00+0200,20820.6524,MW,DE,DE_LU,actual_onshore_wind_generation,Wind Onshore,2026-08-25T03:38:09Z
2026-08-25T03:35:04Z,2026-08-25T05:35:04+0200,16553320-5c3e-4a08-95db-080ced308e52,2026-07-27T12:15:00Z,2026-07-27T14:15:00+0200,20819.62093,MW,DE,DE_LU,actual_onshore_wind_generation,Wind Onshore,2026-08-25T03:38:09Z
2026-08-25T03:35:04Z,2026-08-25T05:35:04+0200,16553320-5c3e-4a08-95db-080ced308e52,2026-07-27T12:30:00Z,2026-07-27T14:30:00+0200,20910.58245,MW,DE,DE_LU,actual_onshore_wind_generation,Wind Onshore,2026-08-25T03:38:09Z
2026-08-25T03:35:04Z,2026-08-25T05:35:04+0200,16553320-5c3e-4a08-95db-080ced308e52,2026-07-27T12:45:00Z,2026-07-27T14:45:00+0200,20967.4755,MW,DE,DE_LU,actual_onshore_wind_generation,Wind Onshore,2026-08-25T03:38:09Z
2026-08-25T03:35:04Z,2026-08-25T05:35:04+0200,16553320-5c3e-4a08-95db-080ced308e52,2026-07-27T13:00:00Z,2026-07-27T15:00:00+0200,20553.0174,MW,DE,DE_LU,actual_onshore_wind_generation,Wind Onshore,2026-08-25T03:38:09Z
2026-08-25T03:35:04Z,2026-08-25T05:35:04+0200,16553320-5c3e-4a08-95db-080ced308e52,2026-07-27T13:15:00Z,2026-07-27T15:15:00+0200,20530.0904,MW,DE,DE_LU,actual_onshore_wind_generation,Wind Onshore,2026-08-25T03:38:09Z
2026-08-25T03:35:04Z,2026-08-25T05:35:04+0200,16553320-5c3e-4a08-95db-080ced308e52,2026-07-27T13:30:00Z,2026-07-27T15:30:00+0200,21108.73207,MW,DE,DE_LU,actual_onshore_wind_generation,Wind Onshore,2026-08-25T03:38:09Z
2026-08-25T03:35:04Z,2026-08-25T05:35:04+0200,16553320-5c3e-4a08-95db-080ced308e52,2026-07-27T13:45:00Z,2026-07-27T15:45:00+0200,20805.27932,MW,DE,DE_LU,actual_onshore_wind_generation,Wind Onshore,2026-08-25T03:38:09Z
2026-08-25T03:35:04Z,2026-08-25T05:35:04+0200,16553320-5c3e-4a08-95db-080ced308e52,2026-07-27T14:00:00Z,2026-07-27T16:00:00+0200,20992.44431,MW,DE,DE_LU,actual_onshore_wind_generation,Wind Onshore,2026-08-25T03:38:09Z
2026-08-25T03:35:04Z,2026-08-25T05:35:04+0200,16553320-5c3e-4a08-95db-080ced308e52,2026-07-27T14:15:00Z,2026-07-27T16:15:00+0200,21205.3894,MW,DE,DE_LU,actual_onshore_wind_generation,Wind Onshore,2026-08-25T03:38:09Z
2026-08-25T03:35:04Z,2026-08-25T05:35:04+0200,16553320-5c3e-4a08-95db-080ced308e52,2026-07-27T14:30:00Z,2026-07-27T16:30:00+0200,21825.84277,MW,DE,DE_LU,actual_onshore_wind_generation,Wind Onshore,2026-08-25T03:38:09Z
2026-08-25T03:35:04Z,2026-08-25T05:35:04+0200,16553320-5c3e-4a08-95db-080ced308e52,2026-07-27T14:45:00Z,2026-07-27T16:45:00+0200,21638.93596,MW,DE,DE_LU,actual_onshore_wind_generation,Wind Onshore,2026-08-25T03:38:09Z
2026-08-25T03:35:04Z,2026-08-25T05:35:04+0200,16553320-5c3e-4a08-95db-080ced308e52,2026-07-27T15:00:00Z,2026-07-27T17:00:00+0200,22247.27804,MW,DE,DE_LU,actual_onshore_wind_generation,Wind Onshore,2026-08-25T03:38:09Z
2026-08-25T03:35:04Z,2026-08-25T05:35:04+0200,16553320-5c3e-4a08-95db-080ced308e52,2026-07-27T15:15:00Z,2026-07-27T17:15:00+0200,22226.5908,MW,DE,DE_LU,actual_onshore_wind_generation,Wind Onshore,2026-08-25T03:38:09Z
2026-08-25T03:35:04Z,2026-08-25T05:35:04+0200,16553320-5c3e-4a08-95db-080ced308e52,2026-07-27T15:30:00Z,2026-07-27T17:30:00+0200,21882.40935,MW,DE,DE_LU,actual_onshore_wind_generation,Wind Onshore,2026-08-25T03:38:09Z
2026-08-25T03:35:04Z,2026-08-25T05:35:04+0200,16553320-5c3e-4a08-95db-080ced308e52,2026-07-27T15:45:00Z,2026-07-27T17:45:00+0200,21153.94374,MW,DE,DE_LU,actual_onshore_wind_generation,Wind Onshore,2026-08-25T03:38:09Z
2026-08-25T03:35:04Z,2026-08-25T05:35:04+0200,16553320-5c3e-4a08-95db-080ced308e52,2026-07-27T16:00:00Z,2026-07-27T18:00:00+0200,20425.3867,MW,DE,DE_LU,actual_onshore_wind_generation,Wind Onshore,2026-08-25T03:38:09Z
2026-08-25T03:35:04Z,2026-08-25T05:35:04+0200,16553320-5c3e-4a08-95db-080ced308e52,2026-07-27T16:15:00Z,2026-07-27T18:15:00+0200,19553.12172,MW,DE,DE_LU,actual_onshore_wind_generation,Wind Onshore,2026-08-25T03:38:09Z
2026-08-25T03:35:04Z,2026-08-25T05:35:04+0200,16553320-5c3e-4a08-95db-080ced308e52,2026-07-27T16:30:00Z,2026-07-27T18:30:00+0200,18848.76402,MW,DE,DE_LU,actual_onshore_wind_generation,Wind Onshore,2026-08-25T03:38:09Z
2026-08-25T03:35:04Z,2026-08-25T05:35:04+0200,16553320-5c3e-4a08-95db-080ced308e52,2026-07-27T16:45:00Z,2026-07-27T18:45:00+0200,17867.59879,MW,DE,DE_LU,actual_onshore_wind_generation,Wind Onshore,2026-08-25T03:38:09Z
2026-08-25T03:35:04Z,2026-08-25T05:35:04+0200,16553320-5c3e-4a08-95db-080ced308e52,2026-07-27T17:00:00Z,2026-07-27T19:00:00+0200,16785.60435,MW,DE,DE_LU,actual_onshore_wind_generation,Wind Onshore,2026-08-25T03:38:09Z
2026-08-25T03:35:04Z,2026-08-25T05:35:04+0200,16553320-5c3e-4a08-95db-080ced308e52,2026-07-27T17:15:00Z,2026-07-27T19:15:00+0200,15677.88366,MW,DE,DE_LU,actual_onshore_wind_generation,Wind Onshore,2026-08-25T03:38:09Z
2026-08-25T03:35:04Z,2026-08-25T05:35:04+0200,16553320-5c3e-4a08-95db-080ced308e52,2026-07-27T17:30:00Z,2026-07-27T19:30:00+0200,14844.78532,MW,DE,DE_LU,actual_onshore_wind_generation,Wind Onshore,2026-08-25T03:38:09Z
2026-08-25T03:35:04Z,2026-08-25T05:35:04+0200,16553320-5c3e-4a08-95db-080ced308e52,2026-07-27T17:45:00Z,2026-07-27T19:45:00+0200,13742.81191,MW,DE,DE_LU,actual_onshore_wind_generation,Wind Onshore,2026-08-25T03:38:09Z
2026-08-25T03:35:04Z,2026-08-25T05:35:04+0200,16553320-5c3e-4a08-95db-080ced308e52,2026-07-27T18:00:00Z,2026-07-27T20:00:00+0200,12659.38019,MW,DE,DE_LU,actual_onshore_wind_generation,Wind Onshore,2026-08-25T03:38:09Z
2026-08-25T03:35:04Z,2026-08-25T05:35:04+0200,16553320-5c3e-4a08-95db-080ced308e52,2026-07-27T18:15:00Z,2026-07-27T20:15:00+0200,12132.52812,MW,DE,DE_LU,actual_onshore_wind_generation,Wind Onshore,2026-08-25T03:38:09Z
2026-08-25T03:35:04Z,2026-08-25T05:35:04+0200,16553320-5c3e-4a08-95db-080ced308e52,2026-07-27T18:30:00Z,2026-07-27T20:30:00+0200,11649.11735,MW,DE,DE_LU,actual_onshore_wind_generation,Wind Onshore,2026-08-25T03:38:09Z
2026-08-25T03:35:04Z,2026-08-25T05:35:04+0200,16553320-5c3e-4a08-95db-080ced308e52,2026-07-27T18:45:00Z,2026-07-27T20:45:00+0200,11511.72347,MW,DE,DE_LU,actual_onshore_wind_generation,Wind Onshore,2026-08-25T03:38:09Z
2026-08-25T03:35:04Z,2026-08-25T05:35:04+0200,16553320-5c3e-4a08-95db-080ced308e52,2026-07-27T19:00:00Z,2026-07-27T21:00:00+0200,11454.84984,MW,DE,DE_LU,actual_onshore_wind_generation,Wind Onshore,2026-08-25T03:38:09Z
2026-08-25T03:35:04Z,2026-08-25T05:35:04+0200,16553320-5c3e-4a08-95db-080ced308e52,2026-07-27T19:15:00Z,2026-07-27T21:15:00+0200,10887.54719,MW,DE,DE_LU,actual_onshore_wind_generation,Wind Onshore,2026-08-25T03:38:09Z
2026-08-25T03:35:04Z,2026-08-25T05:35:04+0200,16553320-5c3e-4a08-95db-080ced308e52,2026-07-27T19:30:00Z,2026-07-27T21:30:00+0200,10402.05688,MW,DE,DE_LU,actual_onshore_wind_generation,Wind Onshore,2026-08-25T03:38:09Z
2026-08-25T03:35:04Z,2026-08-25T05:35:04+0200,16553320-5c3e-4a08-95db-080ced308e52,2026-07-27T19:45:00Z,2026-07-27T21:45:00+0200,10435.60324,MW,DE,DE_LU,actual_onshore_wind_generation,Wind Onshore,2026-08-25T03:38:09Z
2026-08-25T03:35:04Z,2026-08-25T05:35:04+0200,16553320-5c3e-4a08-95db-080ced308e52,2026-07-27T20:00:00Z,2026-07-27T22:00:00+0200,10378.68371,MW,DE,DE_LU,actual_onshore_wind_generation,Wind Onshore,2026-08-25T03:38:09Z
2026-08-25T03:35:04Z,2026-08-25T05:35:04+0200,16553320-5c3e-4a08-95db-080ced308e52,2026-07-27T20:15:00Z,2026-07-27T22:15:00+0200,10565.38299,MW,DE,DE_LU,actual_onshore_wind_generation,Wind Onshore,2026-08-25T03:38:09Z
2026-08-25T03:35:04Z,2026-08-25T05:35:04+0200,16553320-5c3e-4a08-95db-080ced308e52,2026-07-27T20:30:00Z,2026-07-27T22:30:00+0200,10810.9865,MW,DE,DE_LU,actual_onshore_wind_generation,Wind Onshore,2026-08-25T03:38:09Z
2026-08-25T03:35:04Z,2026-08-25T05:35:04+0200,16553320-5c3e-4a08-95db-080ced308e52,2026-07-27T20:45:00Z,2026-07-27T22:45:00+0200,10954.68976,MW,DE,DE_LU,actual_onshore_wind_generation,Wind Onshore,2026-08-25T03:38:09Z
2026-08-25T03:35:04Z,2026-08-25T05:35:04+0200,16553320-5c3e-4a08-95db-080ced308e52,2026-07-27T21:00:00Z,2026-07-27T23:00:00+0200,11068.0589,MW,DE,DE_LU,actual_onshore_wind_generation,Wind Onshore,2026-08-25T03:38:09Z
2026-08-25T03:35:04Z,2026-08-25T05:35:04+0200,16553320-5c3e-4a08-95db-080ced308e52,2026-07-27T21:15:00Z,2026-07-27T23:15:00+0200,11157.03796,MW,DE,DE_LU,actual_onshore_wind_generation,Wind Onshore,2026-08-25T03:38:09Z
2026-08-25T03:35:04Z,2026-08-25T05:35:04+0200,16553320-5c3e-4a08-95db-080ced308e52,2026-07-27T21:30:00Z,2026-07-27T23:30:00+0200,11329.7379,MW,DE,DE_LU,actual_onshore_wind_generation,Wind Onshore,2026-08-25T03:38:09Z
2026-08-25T03:35:04Z,2026-08-25T05:35:04+0200,16553320-5c3e-4a08-95db-080ced308e52,2026-07-27T21:45:00Z,2026-07-27T23:45:00+0200,11630.25537,MW,DE,DE_LU,actual_onshore_wind_generation,Wind Onshore,2026-08-25T03:38:09Z
2026-08-25T03:35:04Z,2026-08-25T05:35:04+0200,16553320-5c3e-4a08-95db-080ced308e52,2026-07-27T22:00:00Z,2026-07-28T00:00:00+0200,11690.43887,MW,DE,DE_LU,actual_onshore_wind_generation,Wind Onshore,2026-08-25T03:38:09Z
2026-08-25T03:35:04Z,2026-08-25T05:35:04+0200,16553320-5c3e-4a08-95db-080ced308e52,2026-07-27T22:15:00Z,2026-07-28T00:15:00+0200,11729.50845,MW,DE,DE_LU,actual_onshore_wind_generation,Wind Onshore,2026-08-25T03:38:09Z
2026-08-25T03:35:04Z,2026-08-25T05:35:04+0200,16553320-5c3e-4a08-95db-080ced308e52,2026-07-27T22:30:00Z,2026-07-28T00:30:00+0200,11740.42037,MW,DE,DE_LU,actual_onshore_wind_generation,Wind Onshore,2026-08-25T03:38:09Z
2026-08-25T03:35:04Z,2026-08-25T05:35:04+0200,16553320-5c3e-4a08-95db-080ced308e52,2026-07-27T22:45:00Z,2026-07-28T00:45:00+0200,11913.79348,MW,DE,DE_LU,actual_onshore_wind_generation,Wind Onshore,2026-08-25T03:38:09Z
2026-08-25T03:35:04Z,2026-08-25T05:35:04+0200,16553320-5c3e-4a08-95db-080ced308e52,2026-07-27T23:00:00Z,2026-07-28T01:00:00+0200,11921.00973,MW,DE,DE_LU,actual_onshore_wind_generation,Wind Onshore,2026-08-25T03:38:09Z
2026-08-25T03:35:04Z,2026-08-25T05:35:04+0200,16553320-5c3e-4a08-95db-080ced308e52,2026-07-27T23:15:00Z,2026-07-28T01:15:00+0200,11859.55333,MW,DE,DE_LU,actual_onshore_wind_generation,Wind Onshore,2026-08-25T03:38:09Z
2026-08-25T03:35:04Z,2026-08-25T05:35:04+0200,16553320-5c3e-4a08-95db-080ced308e52,2026-07-27T23:30:00Z,2026-07-28T01:30:00+0200,11711.1453,MW,DE,DE_LU,actual_onshore_wind_generation,Wind Onshore,2026-08-25T03:38:09Z
2026-08-25T03:35:04Z,2026-08-25T05:35:04+0200,16553320-5c3e-4a08-95db-080ced308e52,2026-07-27T23:45:00Z,2026-07-28T01:45:00+0200,11482.3344,MW,DE,DE_LU,actual_onshore_wind_generation,Wind Onshore,2026-08-25T03:38:09Z
2026-08-25T03:35:04Z,2026-08-25T05:35:04+0200,16553320-5c3e-4a08-95db-080ced308e52,2026-07-28T00:00:00Z,2026-07-28T02:00:00+0200,11242.26953,MW,DE,DE_LU,actual_onshore_wind_generation,Wind Onshore,2026-08-25T03:38:09Z
2026-08-25T03:35:04Z,2026-08-25T05:35:04+0200,16553320-5c3e-4a08-95db-080ced308e52,2026-07-28T00:15:00Z,2026-07-28T02:15:00+0200,11025.46113,MW,DE,DE_LU,actual_onshore_wind_generation,Wind Onshore,2026-08-25T03:38:09Z
2026-08-25T03:35:04Z,2026-08-25T05:35:04+0200,16553320-5c3e-4a08-95db-080ced308e52,2026-07-28T00:30:00Z,2026-07-28T02:30:00+0200,10813.68855,MW,DE,DE_LU,actual_onshore_wind_generation,Wind Onshore,2026-08-25T03:38:09Z
2026-08-25T03:35:04Z,2026-08-25T05:35:04+0200,16553320-5c3e-4a08-95db-080ced308e52,2026-07-28T00:45:00Z,2026-07-28T02:45:00+0200,10417.79306,MW,DE,DE_LU,actual_onshore_wind_generation,Wind Onshore,2026-08-25T03:38:09Z
2026-08-25T03:35:04Z,2026-08-25T05:35:04+0200,16553320-5c3e-4a08-95db-080ced308e52,2026-07-28T01:00:00Z,2026-07-28T03:00:00+0200,10064.84802,MW,DE,DE_LU,actual_onshore_wind_generation,Wind Onshore,2026-08-25T03:38:09Z
2026-08-25T03:35:04Z,2026-08-25T05:35:04+0200,16553320-5c3e-4a08-95db-080ced308e52,2026-07-28T01:15:00Z,2026-07-28T03:15:00+0200,9806.21852,MW,DE,DE_LU,actual_onshore_wind_generation,Wind Onshore,2026-08-25T03:38:09Z
2026-08-25T03:35:04Z,2026-08-25T05:35:04+0200,16553320-5c3e-4a08-95db-080ced308e52,2026-07-28T01:30:00Z,2026-07-28T03:30:00+0200,9511.3476,MW,DE,DE_LU,actual_onshore_wind_generation,Wind Onshore,2026-08-25T03:38:09Z
2026-08-25T03:35:04Z,2026-08-25T05:35:04+0200,16553320-5c3e-4a08-95db-080ced308e52,2026-07-28T01:45:00Z,2026-07-28T03:45:00+0200,9169.35043,MW,DE,DE_LU,actual_onshore_wind_generation,Wind Onshore,2026-08-25T03:38:09Z
2026-08-25T03:35:04Z,2026-08-25T05:35:04+0200,16553320-5c3e-4a08-95db-080ced308e52,2026-07-28T02:00:00Z,2026-07-28T04:00:00+0200,8827.95849,MW,DE,DE_LU,actual_onshore_wind_generation,Wind Onshore,2026-08-25T03:38:09Z
2026-08-25T03:35:04Z,2026-08-25T05:35:04+0200,16553320-5c3e-4a08-95db-080ced308e52,2026-07-28T02:15:00Z,2026-07-28T04:15:00+0200,8637.80162,MW,DE,DE_LU,actual_onshore_wind_generation,Wind Onshore,2026-08-25T03:38:09Z
2026-08-25T03:35:04Z,2026-08-25T05:35:04+0200,16553320-5c3e-4a08-95db-080ced308e52,2026-07-28T02:30:00Z,2026-07-28T04:30:00+0200,8534.60151,MW,DE,DE_LU,actual_onshore_wind_generation,Wind Onshore,2026-08-25T03:38:09Z
2026-08-25T03:35:04Z,2026-08-25T05:35:04+0200,16553320-5c3e-4a08-95db-080ced308e52,2026-07-28T02:45:00Z,2026-07-28T04:45:00+0200,8509.73905,MW,DE,DE_LU,actual_onshore_wind_generation,Wind Onshore,2026-08-25T03:38:09Z
2026-08-25T03:35:04Z,2026-08-25T05:35:04+0200,16553320-5c3e-4a08-95db-080ced308e52,2026-07-28T03:00:00Z,2026-07-28T05:00:00+0200,8436.92647,MW,DE,DE_LU,actual_onshore_wind_generation,Wind Onshore,2026-08-25T03:38:09Z
2026-08-25T03:35:04Z,2026-08-25T05:35:04+0200,16553320-5c3e-4a08-95db-080ced308e52,2026-07-28T03:15:00Z,2026-07-28T05:15:00+0200,8254.62328,MW,DE,DE_LU,actual_onshore_wind_generation,Wind Onshore,2026-08-25T03:38:09Z
2026-08-25T03:35:04Z,2026-08-25T05:35:04+0200,16553320-5c3e-4a08-95db-080ced308e52,2026-07-28T03:30:00Z,2026-07-28T05:30:00+0200,8283.12428,MW,DE,DE_LU,actual_onshore_wind_generation,Wind Onshore,2026-08-25T03:38:09Z
2026-08-25T03:35:04Z,2026-08-25T05:35:04+0200,16553320-5c3e-4a08-95db-080ced308e52,2026-07-28T03:45:00Z,2026-07-28T05:45:00+0200,8711.33567,MW,DE,DE_LU,actual_onshore_wind_generation,Wind Onshore,2026-08-25T03:38:09Z
2026-08-25T03:35:04Z,2026-08-25T05:35:04+0200,16553320-5c3e-4a08-95db-080ced308e52,2026-07-28T04:00:00Z,2026-07-28T06:00:00+0200,8641.69335,MW,DE,DE_LU,actual_onshore_wind_generation,Wind Onshore,2026-08-25T03:38:09Z
2026-08-25T03:35:04Z,2026-08-25T05:35:04+0200,16553320-5c3e-4a08-95db-080ced308e52,2026-07-28T04:15:00Z,2026-07-28T06:15:00+0200,8230.61463,MW,DE,DE_LU,actual_onshore_wind_generation,Wind Onshore,2026-08-25T03:38:09Z
2026-08-25T03:35:04Z,2026-08-25T05:35:04+0200,16553320-5c3e-4a08-95db-080ced308e52,2026-07-28T04:30:00Z,2026-07-28T06:30:00+0200,8000.23178,MW,DE,DE_LU,actual_onshore_wind_generation,Wind Onshore,2026-08-25T03:38:09Z
2026-08-25T03:35:04Z,2026-08-25T05:35:04+0200,16553320-5c3e-4a08-95db-080ced308e52,2026-07-28T04:45:00Z,2026-07-28T06:45:00+0200,7773.09227,MW,DE,DE_LU,actual_onshore_wind_generation,Wind Onshore,2026-08-25T03:38:09Z
2026-08-25T03:35:04Z,2026-08-25T05:35:04+0200,16553320-5c3e-4a08-95db-080ced308e52,2026-07-28T05:00:00Z,2026-07-28T07:00:00+0200,7256.83224,MW,DE,DE_LU,actual_onshore_wind_generation,Wind Onshore,2026-08-25T03:38:09Z
2026-08-25T03:35:04Z,2026-08-25T05:35:04+0200,16553320-5c3e-4a08-95db-080ced308e52,2026-07-28T05:15:00Z,2026-07-28T07:15:00+0200,6650.44445,MW,DE,DE_LU,actual_onshore_wind_generation,Wind Onshore,2026-08-25T03:38:09Z
2026-08-25T03:35:04Z,2026-08-25T05:35:04+0200,16553320-5c3e-4a08-95db-080ced308e52,2026-07-28T05:30:00Z,2026-07-28T07:30:00+0200,5911.29627,MW,DE,DE_LU,actual_onshore_wind_generation,Wind Onshore,2026-08-25T03:38:09Z
2026-08-25T03:35:04Z,2026-08-25T05:35:04+0200,16553320-5c3e-4a08-95db-080ced308e52,2026-07-28T05:45:00Z,2026-07-28T07:45:00+0200,5256.70808,MW,DE,DE_LU,actual_onshore_wind_generation,Wind Onshore,2026-08-25T03:38:09Z
2026-08-25T03:35:04Z,2026-08-25T05:35:04+0200,16553320-5c3e-4a08-95db-080ced308e52,2026-07-28T06:00:00Z,2026-07-28T08:00:00+0200,4737.11546,MW,DE,DE_LU,actual_onshore_wind_generation,Wind Onshore,2026-08-25T03:38:09Z
2026-08-25T03:35:04Z,2026-08-25T05:35:04+0200,16553320-5c3e-4a08-95db-080ced308e52,2026-07-28T06:15:00Z,2026-07-28T08:15:00+0200,4297.31759,MW,DE,DE_LU,actual_onshore_wind_generation,Wind Onshore,2026-08-25T03:38:09Z
2026-08-25T03:35:04Z,2026-08-25T05:35:04+0200,16553320-5c3e-4a08-95db-080ced308e52,2026-07-28T06:30:00Z,2026-07-28T08:30:00+0200,4044.73578,MW,DE,DE_LU,actual_onshore_wind_generation,Wind Onshore,2026-08-25T03:38:09Z
2026-08-25T03:35:04Z,2026-08-25T05:35:04+0200,16553320-5c3e-4a08-95db-080ced308e52,2026-07-28T06:45:00Z,2026-07-28T08:45:00+0200,4081.64141,MW,DE,DE_LU,actual_onshore_wind_generation,Wind Onshore,2026-08-25T03:38:09Z
2026-08-25T03:35:04Z,2026-08-25T05:35:04+0200,16553320-5c3e-4a08-95db-080ced308e52,2026-07-28T07:00:00Z,2026-07-28T09:00:00+0200,4324.50458,MW,DE,DE_LU,actual_onshore_wind_generation,Wind Onshore,2026-08-25T03:38:09Z
2026-08-25T03:35:04Z,2026-08-25T05:35:04+0200,16553320-5c3e-4a08-95db-080ced308e52,2026-07-28T07:15:00Z,2026-07-28T09:15:00+0200,4711.79851,MW,DE,DE_LU,actual_onshore_wind_generation,Wind Onshore,2026-08-25T03:38:09Z
2026-08-25T03:35:04Z,2026-08-25T05:35:04+0200,16553320-5c3e-4a08-95db-080ced308e52,2026-07-28T07:30:00Z,2026-07-28T09:30:00+0200,5061.20546,MW,DE,DE_LU,actual_onshore_wind_generation,Wind Onshore,2026-08-25T03:38:09Z
2026-08-25T03:35:04Z,2026-08-25T05:35:04+0200,16553320-5c3e-4a08-95db-080ced308e52,2026-07-28T07:45:00Z,2026-07-28T09:45:00+0200,5340.58105,MW,DE,DE_LU,actual_onshore_wind_generation,Wind Onshore,2026-08-25T03:38:09Z
2026-08-25T03:35:04Z,2026-08-25T05:35:04+0200,16553320-5c3e-4a08-95db-080ced308e52,2026-07-28T08:00:00Z,2026-07-28T10:00:00+0200,5470.3746,MW,DE,DE_LU,actual_onshore_wind_generation,Wind Onshore,2026-08-25T03:38:09Z
2026-08-25T03:35:04Z,2026-08-25T05:35:04+0200,16553320-5c3e-4a08-95db-080ced308e52,2026-07-28T08:15:00Z,2026-07-28T10:15:00+0200,5475.37859,MW,DE,DE_LU,actual_onshore_wind_generation,Wind Onshore,2026-08-25T03:38:09Z
2026-08-25T03:35:04Z,2026-08-25T05:35:04+0200,16553320-5c3e-4a08-95db-080ced308e52,2026-07-28T08:30:00Z,2026-07-28T10:30:00+0200,5093.82378,MW,DE,DE_LU,actual_onshore_wind_generation,Wind Onshore,2026-08-25T03:38:09Z
2026-08-25T03:35:04Z,2026-08-25T05:35:04+0200,16553320-5c3e-4a08-95db-080ced308e52,2026-07-28T08:45:00Z,2026-07-28T10:45:00+0200,4955.28859,MW,DE,DE_LU,actual_onshore_wind_generation,Wind Onshore,2026-08-25T03:38:09Z
2026-08-25T03:35:04Z,2026-08-25T05:35:04+0200,16553320-5c3e-4a08-95db-080ced308e52,2026-07-28T09:00:00Z,2026-07-28T11:00:00+0200,4615.95834,MW,DE,DE_LU,actual_onshore_wind_generation,Wind Onshore,2026-08-25T03:38:09Z
2026-08-25T03:35:04Z,2026-08-25T05:35:04+0200,16553320-5c3e-4a08-95db-080ced308e52,2026-07-28T09:15:00Z,2026-07-28T11:15:00+0200,4303.47208,MW,DE,DE_LU,actual_onshore_wind_generation,Wind Onshore,2026-08-25T03:38:09Z
2026-08-25T03:35:04Z,2026-08-25T05:35:04+0200,16553320-5c3e-4a08-95db-080ced308e52,2026-07-28T09:30:00Z,2026-07-28T11:30:00+0200,4263.17454,MW,DE,DE_LU,actual_onshore_wind_generation,Wind Onshore,2026-08-25T03:38:09Z
2026-08-25T03:35:04Z,2026-08-25T05:35:04+0200,16553320-5c3e-4a08-95db-080ced308e52,2026-07-28T09:45:00Z,2026-07-28T11:45:00+0200,4092.25824,MW,DE,DE_LU,actual_onshore_wind_generation,Wind Onshore,2026-08-25T03:38:09Z
2026-08-25T03:35:04Z,2026-08-25T05:35:04+0200,16553320-5c3e-4a08-95db-080ced308e52,2026-07-28T10:00:00Z,2026-07-28T12:00:00+0200,3512.58057,MW,DE,DE_LU,actual_onshore_wind_generation,Wind Onshore,2026-08-25T03:38:09Z
2026-08-25T03:35:04Z,2026-08-25T05:35:04+0200,16553320-5c3e-4a08-95db-080ced308e52,2026-07-28T10:15:00Z,2026-07-28T12:15:00+0200,3395.81306,MW,DE,DE_LU,actual_onshore_wind_generation,Wind Onshore,2026-08-25T03:38:09Z
2026-08-25T03:35:04Z,2026-08-25T05:35:04+0200,16553320-5c3e-4a08-95db-080ced308e52,2026-07-28T10:30:00Z,2026-07-28T12:30:00+0200,3755.85451,MW,DE,DE_LU,actual_onshore_wind_generation,Wind Onshore,2026-08-25T03:38:09Z
2026-08-25T03:35:04Z,2026-08-25T05:35:04+0200,16553320-5c3e-4a08-95db-080ced308e52,2026-07-28T10:45:00Z,2026-07-28T12:45:00+0200,3580.97408,MW,DE,DE_LU,actual_onshore_wind_generation,Wind Onshore,2026-08-25T03:38:09Z
2026-08-25T03:35:04Z,2026-08-25T05:35:04+0200,16553320-5c3e-4a08-95db-080ced308e52,2026-07-28T11:00:00Z,2026-07-28T13:00:00+0200,3662.2062,MW,DE,DE_LU,actual_onshore_wind_generation,Wind Onshore,2026-08-25T03:38:09Z
2026-08-25T03:35:04Z,2026-08-25T05:35:04+0200,16553320-5c3e-4a08-95db-080ced308e52,2026-07-28T11:15:00Z,2026-07-28T13:15:00+0200,3570.35057,MW,DE,DE_LU,actual_onshore_wind_generation,Wind Onshore,2026-08-25T03:38:09Z
2026-08-25T03:35:04Z,2026-08-25T05:35:04+0200,16553320-5c3e-4a08-95db-080ced308e52,2026-07-28T11:30:00Z,2026-07-28T13:30:00+0200,3412.61311,MW,DE,DE_LU,actual_onshore_wind_generation,Wind Onshore,2026-08-25T03:38:09Z
2026-08-25T03:35:04Z,2026-08-25T05:35:04+0200,16553320-5c3e-4a08-95db-080ced308e52,2026-07-28T11:45:00Z,2026-07-28T13:45:00+0200,3382.74008,MW,DE,DE_LU,actual_onshore_wind_generation,Wind Onshore,2026-08-25T03:38:09Z
2026-08-25T03:35:04Z,2026-08-25T05:35:04+0200,16553320-5c3e-4a08-95db-080ced308e52,2026-07-28T12:00:00Z,2026-07-28T14:00:00+0200,3571.89307,MW,DE,DE_LU,actual_onshore_wind_generation,Wind Onshore,2026-08-25T03:38:09Z
2026-08-25T03:35:04Z,2026-08-25T05:35:04+0200,16553320-5c3e-4a08-95db-080ced308e52,2026-07-28T12:15:00Z,2026-07-28T14:15:00+0200,3566.25653,MW,DE,DE_LU,actual_onshore_wind_generation,Wind Onshore,2026-08-25T03:38:09Z
2026-08-25T03:35:04Z,2026-08-25T05:35:04+0200,16553320-5c3e-4a08-95db-080ced308e52,2026-07-28T12:30:00Z,2026-07-28T14:30:00+0200,3276.33509,MW,DE,DE_LU,actual_onshore_wind_generation,Wind Onshore,2026-08-25T03:38:09Z
2026-08-25T03:35:04Z,2026-08-25T05:35:04+0200,16553320-5c3e-4a08-95db-080ced308e52,2026-07-28T12:45:00Z,2026-07-28T14:45:00+0200,3097.98347,MW,DE,DE_LU,actual_onshore_wind_generation,Wind Onshore,2026-08-25T03:38:09Z
2026-08-25T03:35:04Z,2026-08-25T05:35:04+0200,16553320-5c3e-4a08-95db-080ced308e52,2026-07-28T13:00:00Z,2026-07-28T15:00:00+0200,2998.91747,MW,DE,DE_LU,actual_onshore_wind_generation,Wind Onshore,2026-08-25T03:38:09Z
2026-08-25T03:35:04Z,2026-08-25T05:35:04+0200,16553320-5c3e-4a08-95db-080ced308e52,2026-07-28T13:15:00Z,2026-07-28T15:15:00+0200,2922.21312,MW,DE,DE_LU,actual_onshore_wind_generation,Wind Onshore,2026-08-25T03:38:09Z
2026-08-25T03:35:04Z,2026-08-25T05:35:04+0200,16553320-5c3e-4a08-95db-080ced308e52,2026-07-28T13:30:00Z,2026-07-28T15:30:00+0200,2697.61664,MW,DE,DE_LU,actual_onshore_wind_generation,Wind Onshore,2026-08-25T03:38:09Z
2026-08-25T03:35:04Z,2026-08-25T05:35:04+0200,16553320-5c3e-4a08-95db-080ced308e52,2026-07-28T13:45:00Z,2026-07-28T15:45:00+0200,2725.31597,MW,DE,DE_LU,actual_onshore_wind_generation,Wind Onshore,2026-08-25T03:38:09Z
2026-08-25T03:35:04Z,2026-08-25T05:35:04+0200,16553320-5c3e-4a08-95db-080ced308e52,2026-07-28T14:00:00Z,2026-07-28T16:00:00+0200,2871.82256,MW,DE,DE_LU,actual_onshore_wind_generation,Wind Onshore,2026-08-25T03:38:09Z
2026-08-25T03:35:04Z,2026-08-25T05:35:04+0200,16553320-5c3e-4a08-95db-080ced308e52,2026-07-28T14:15:00Z,2026-07-28T16:15:00+0200,3298.90591,MW,DE,DE_LU,actual_onshore_wind_generation,Wind Onshore,2026-08-25T03:38:09Z
2026-08-25T03:35:04Z,2026-08-25T05:35:04+0200,16553320-5c3e-4a08-95db-080ced308e52,2026-07-28T14:30:00Z,2026-07-28T16:30:00+0200,3607.93684,MW,DE,DE_LU,actual_onshore_wind_generation,Wind Onshore,2026-08-25T03:38:09Z
2026-08-25T03:35:04Z,2026-08-25T05:35:04+0200,16553320-5c3e-4a08-95db-080ced308e52,2026-07-28T14:45:00Z,2026-07-28T16:45:00+0200,3825.0598,MW,DE,DE_LU,actual_onshore_wind_generation,Wind Onshore,2026-08-25T03:38:09Z
2026-08-25T03:35:04Z,2026-08-25T05:35:04+0200,16553320-5c3e-4a08-95db-080ced308e52,2026-07-28T15:00:00Z,2026-07-28T17:00:00+0200,3652.67304,MW,DE,DE_LU,actual_onshore_wind_generation,Wind Onshore,2026-08-25T03:38:09Z
2026-08-25T03:35:04Z,2026-08-25T05:35:04+0200,16553320-5c3e-4a08-95db-080ced308e52,2026-07-28T15:15:00Z,2026-07-28T17:15:00+0200,3679.02509,MW,DE,DE_LU,actual_onshore_wind_generation,Wind Onshore,2026-08-25T03:38:09Z
2026-08-25T03:35:04Z,2026-08-25T05:35:04+0200,16553320-5c3e-4a08-95db-080ced308e52,2026-07-28T15:30:00Z,2026-07-28T17:30:00+0200,3547.61144,MW,DE,DE_LU,actual_onshore_wind_generation,Wind Onshore,2026-08-25T03:38:09Z
2026-08-25T03:35:04Z,2026-08-25T05:35:04+0200,16553320-5c3e-4a08-95db-080ced308e52,2026-07-28T15:45:00Z,2026-07-28T17:45:00+0200,3296.99608,MW,DE,DE_LU,actual_onshore_wind_generation,Wind Onshore,2026-08-25T03:38:09Z
2026-08-25T03:35:04Z,2026-08-25T05:35:04+0200,16553320-5c3e-4a08-95db-080ced308e52,2026-07-28T16:00:00Z,2026-07-28T18:00:00+0200,3167.92972,MW,DE,DE_LU,actual_onshore_wind_generation,Wind Onshore,2026-08-25T03:38:09Z
2026-08-25T03:35:04Z,2026-08-25T05:35:04+0200,16553320-5c3e-4a08-95db-080ced308e52,2026-07-28T16:15:00Z,2026-07-28T18:15:00+0200,2967.30129,MW,DE,DE_LU,actual_onshore_wind_generation,Wind Onshore,2026-08-25T03:38:09Z
2026-08-25T03:35:04Z,2026-08-25T05:35:04+0200,16553320-5c3e-4a08-95db-080ced308e52,2026-07-28T16:30:00Z,2026-07-28T18:30:00+0200,2726.2834,MW,DE,DE_LU,actual_onshore_wind_generation,Wind Onshore,2026-08-25T03:38:09Z
2026-08-25T03:35:04Z,2026-08-25T05:35:04+0200,16553320-5c3e-4a08-95db-080ced308e52,2026-07-28T16:45:00Z,2026-07-28T18:45:00+0200,2415.92678,MW,DE,DE_LU,actual_onshore_wind_generation,Wind Onshore,2026-08-25T03:38:09Z
2026-08-25T03:35:04Z,2026-08-25T05:35:04+0200,16553320-5c3e-4a08-95db-080ced308e52,2026-07-28T17:00:00Z,2026-07-28T19:00:00+0200,2107.86813,MW,DE,DE_LU,actual_onshore_wind_generation,Wind Onshore,2026-08-25T03:38:09Z
2026-08-25T03:35:04Z,2026-08-25T05:35:04+0200,16553320-5c3e-4a08-95db-080ced308e52,2026-07-28T17:15:00Z,2026-07-28T19:15:00+0200,1789.46415,MW,DE,DE_LU,actual_onshore_wind_generation,Wind Onshore,2026-08-25T03:38:09Z
2026-08-25T03:35:04Z,2026-08-25T05:35:04+0200,16553320-5c3e-4a08-95db-080ced308e52,2026-07-28T17:30:00Z,2026-07-28T19:30:00+0200,1538.55858,MW,DE,DE_LU,actual_onshore_wind_generation,Wind Onshore,2026-08-25T03:38:09Z
2026-08-25T03:35:04Z,2026-08-25T05:35:04+0200,16553320-5c3e-4a08-95db-080ced308e52,2026-07-28T17:45:00Z,2026-07-28T19:45:00+0200,1370.94492,MW,DE,DE_LU,actual_onshore_wind_generation,Wind Onshore,2026-08-25T03:38:09Z
2026-08-25T03:35:04Z,2026-08-25T05:35:04+0200,16553320-5c3e-4a08-95db-080ced308e52,2026-07-28T18:00:00Z,2026-07-28T20:00:00+0200,1284.18976,MW,DE,DE_LU,actual_onshore_wind_generation,Wind Onshore,2026-08-25T03:38:09Z
2026-08-25T03:35:04Z,2026-08-25T05:35:04+0200,16553320-5c3e-4a08-95db-080ced308e52,2026-07-28T18:15:00Z,2026-07-28T20:15:00+0200,1211.70204,MW,DE,DE_LU,actual_onshore_wind_generation,Wind Onshore,2026-08-25T03:38:09Z
2026-08-25T03:35:04Z,2026-08-25T05:35:04+0200,16553320-5c3e-4a08-95db-080ced308e52,2026-07-28T18:30:00Z,2026-07-28T20:30:00+0200,1196.08211,MW,DE,DE_LU,actual_onshore_wind_generation,Wind Onshore,2026-08-25T03:38:09Z
2026-08-25T03:35:04Z,2026-08-25T05:35:04+0200,16553320-5c3e-4a08-95db-080ced308e52,2026-07-28T18:45:00Z,2026-07-28T20:45:00+0200,1349.51958,MW,DE,DE_LU,actual_onshore_wind_generation,Wind Onshore,2026-08-25T03:38:09Z
2026-08-25T03:35:04Z,2026-08-25T05:35:04+0200,16553320-5c3e-4a08-95db-080ced308e52,2026-07-28T19:00:00Z,2026-07-28T21:00:00+0200,1546.34305,MW,DE,DE_LU,actual_onshore_wind_generation,Wind Onshore,2026-08-25T03:38:09Z
2026-08-25T03:35:04Z,2026-08-25T05:35:04+0200,16553320-5c3e-4a08-95db-080ced308e52,2026-07-28T19:15:00Z,2026-07-28T21:15:00+0200,1708.3511,MW,DE,DE_LU,actual_onshore_wind_generation,Wind Onshore,2026-08-25T03:38:09Z
2026-08-25T03:35:04Z,2026-08-25T05:35:04+0200,16553320-5c3e-4a08-95db-080ced308e52,2026-07-28T19:30:00Z,2026-07-28T21:30:00+0200,1956.53445,MW,DE,DE_LU,actual_onshore_wind_generation,Wind Onshore,2026-08-25T03:38:09Z
2026-08-25T03:35:04Z,2026-08-25T05:35:04+0200,16553320-5c3e-4a08-95db-080ced308e52,2026-07-28T19:45:00Z,2026-07-28T21:45:00+0200,2337.04517,MW,DE,DE_LU,actual_onshore_wind_generation,Wind Onshore,2026-08-25T03:38:09Z
2026-08-25T03:35:04Z,2026-08-25T05:35:04+0200,16553320-5c3e-4a08-95db-080ced308e52,2026-07-28T20:00:00Z,2026-07-28T22:00:00+0200,2756.48226,MW,DE,DE_LU,actual_onshore_wind_generation,Wind Onshore,2026-08-25T03:38:09Z
2026-08-25T03:35:04Z,2026-08-25T05:35:04+0200,16553320-5c3e-4a08-95db-080ced308e52,2026-07-28T20:15:00Z,2026-07-28T22:15:00+0200,3214.47234,MW,DE,DE_LU,actual_onshore_wind_generation,Wind Onshore,2026-08-25T03:38:09Z
2026-08-25T03:35:04Z,2026-08-25T05:35:04+0200,16553320-5c3e-4a08-95db-080ced308e52,2026-07-28T20:30:00Z,2026-07-28T22:30:00+0200,3675.73574,MW,DE,DE_LU,actual_onshore_wind_generation,Wind Onshore,2026-08-25T03:38:09Z
2026-08-25T03:35:04Z,2026-08-25T05:35:04+0200,16553320-5c3e-4a08-95db-080ced308e52,2026-07-28T20:45:00Z,2026-07-28T22:45:00+0200,4023.03732,MW,DE,DE_LU,actual_onshore_wind_generation,Wind Onshore,2026-08-25T03:38:09Z
2026-08-25T03:35:04Z,2026-08-25T05:35:04+0200,16553320-5c3e-4a08-95db-080ced308e52,2026-07-28T21:00:00Z,2026-07-28T23:00:00+0200,4421.03165,MW,DE,DE_LU,actual_onshore_wind_generation,Wind Onshore,2026-08-25T03:38:09Z
2026-08-25T03:35:04Z,2026-08-25T05:35:04+0200,16553320-5c3e-4a08-95db-080ced308e52,2026-07-28T21:15:00Z,2026-07-28T23:15:00+0200,4919.40868,MW,DE,DE_LU,actual_onshore_wind_generation,Wind Onshore,2026-08-25T03:38:09Z
2026-08-25T03:35:04Z,2026-08-25T05:35:04+0200,16553320-5c3e-4a08-95db-080ced308e52,2026-07-28T21:30:00Z,2026-07-28T23:30:00+0200,5518.98635,MW,DE,DE_LU,actual_onshore_wind_generation,Wind Onshore,2026-08-25T03:38:09Z
2026-08-25T03:35:04Z,2026-08-25T05:35:04+0200,16553320-5c3e-4a08-95db-080ced308e52,2026-07-28T21:45:00Z,2026-07-28T23:45:00+0200,6165.99109,MW,DE,DE_LU,actual_onshore_wind_generation,Wind Onshore,2026-08-25T03:38:09Z
2026-08-25T03:35:04Z,2026-08-25T05:35:04+0200,16553320-5c3e-4a08-95db-080ced308e52,2026-07-28T22:00:00Z,2026-07-29T00:00:00+0200,6926.73167,MW,DE,DE_LU,actual_onshore_wind_generation,Wind Onshore,2026-08-25T03:38:09Z
2026-08-25T03:35:04Z,2026-08-25T05:35:04+0200,16553320-5c3e-4a08-95db-080ced308e52,2026-07-28T22:15:00Z,2026-07-29T00:15:00+0200,7765.08778,MW,DE,DE_LU,actual_onshore_wind_generation,Wind Onshore,2026-08-25T03:38:09Z
2026-08-25T03:35:04Z,2026-08-25T05:35:04+0200,16553320-5c3e-4a08-95db-080ced308e52,2026-07-28T22:30:00Z,2026-07-29T00:30:00+0200,8208.29863,MW,DE,DE_LU,actual_onshore_wind_generation,Wind Onshore,2026-08-25T03:38:09Z
2026-08-25T03:35:04Z,2026-08-25T05:35:04+0200,16553320-5c3e-4a08-95db-080ced308e52,2026-07-28T22:45:00Z,2026-07-29T00:45:00+0200,8674.61745,MW,DE,DE_LU,actual_onshore_wind_generation,Wind Onshore,2026-08-25T03:38:09Z
2026-08-25T03:35:04Z,2026-08-25T05:35:04+0200,16553320-5c3e-4a08-95db-080ced308e52,2026-07-28T23:00:00Z,2026-07-29T01:00:00+0200,8984.54988,MW,DE,DE_LU,actual_onshore_wind_generation,Wind Onshore,2026-08-25T03:38:09Z
2026-08-25T03:35:04Z,2026-08-25T05:35:04+0200,16553320-5c3e-4a08-95db-080ced308e52,2026-07-28T23:15:00Z,2026-07-29T01:15:00+0200,9356.38644,MW,DE,DE_LU,actual_onshore_wind_generation,Wind Onshore,2026-08-25T03:38:09Z
2026-08-25T03:35:04Z,2026-08-25T05:35:04+0200,16553320-5c3e-4a08-95db-080ced308e52,2026-07-28T23:30:00Z,2026-07-29T01:30:00+0200,9682.84264,MW,DE,DE_LU,actual_onshore_wind_generation,Wind Onshore,2026-08-25T03:38:09Z
2026-08-25T03:35:04Z,2026-08-25T05:35:04+0200,16553320-5c3e-4a08-95db-080ced308e52,2026-07-28T23:45:00Z,2026-07-29T01:45:00+0200,10073.84985,MW,DE,DE_LU,actual_onshore_wind_generation,Wind Onshore,2026-08-25T03:38:09Z
2026-08-25T03:35:04Z,2026-08-25T05:35:04+0200,16553320-5c3e-4a08-95db-080ced308e52,2026-07-29T00:00:00Z,2026-07-29T02:00:00+0200,10350.18372,MW,DE,DE_LU,actual_onshore_wind_generation,Wind Onshore,2026-08-25T03:38:09Z
2026-08-25T03:35:04Z,2026-08-25T05:35:04+0200,16553320-5c3e-4a08-95db-080ced308e52,2026-07-29T00:15:00Z,2026-07-29T02:15:00+0200,10453.4707,MW,DE,DE_LU,actual_onshore_wind_generation,Wind Onshore,2026-08-25T03:38:09Z
2026-08-25T03:35:04Z,2026-08-25T05:35:04+0200,16553320-5c3e-4a08-95db-080ced308e52,2026-07-29T00:30:00Z,2026-07-29T02:30:00+0200,10517.86761,MW,DE,DE_LU,actual_onshore_wind_generation,Wind Onshore,2026-08-25T03:38:09Z
2026-08-25T03:35:04Z,2026-08-25T05:35:04+0200,16553320-5c3e-4a08-95db-080ced308e52,2026-07-29T00:45:00Z,2026-07-29T02:45:00+0200,10664.47549,MW,DE,DE_LU,actual_onshore_wind_generation,Wind Onshore,2026-08-25T03:38:09Z
2026-08-25T03:35:04Z,2026-08-25T05:35:04+0200,16553320-5c3e-4a08-95db-080ced308e52,2026-07-29T01:00:00Z,2026-07-29T03:00:00+0200,10714.70077,MW,DE,DE_LU,actual_onshore_wind_generation,Wind Onshore,2026-08-25T03:38:09Z
2026-08-25T03:35:04Z,2026-08-25T05:35:04+0200,16553320-5c3e-4a08-95db-080ced308e52,2026-07-29T01:15:00Z,2026-07-29T03:15:00+0200,10828.59582,MW,DE,DE_LU,actual_onshore_wind_generation,Wind Onshore,2026-08-25T03:38:09Z
2026-08-25T03:35:04Z,2026-08-25T05:35:04+0200,16553320-5c3e-4a08-95db-080ced308e52,2026-07-29T01:30:00Z,2026-07-29T03:30:00+0200,10758.10146,MW,DE,DE_LU,actual_onshore_wind_generation,Wind Onshore,2026-08-25T03:38:09Z
2026-08-25T03:35:04Z,2026-08-25T05:35:04+0200,16553320-5c3e-4a08-95db-080ced308e52,2026-07-29T01:45:00Z,2026-07-29T03:45:00+0200,10517.04859,MW,DE,DE_LU,actual_onshore_wind_generation,Wind Onshore,2026-08-25T03:38:09Z
2026-08-25T03:35:04Z,2026-08-25T05:35:04+0200,16553320-5c3e-4a08-95db-080ced308e52,2026-07-29T02:00:00Z,2026-07-29T04:00:00+0200,10252.73571,MW,DE,DE_LU,actual_onshore_wind_generation,Wind Onshore,2026-08-25T03:38:09Z
2026-08-25T03:35:04Z,2026-08-25T05:35:04+0200,16553320-5c3e-4a08-95db-080ced308e52,2026-07-29T02:15:00Z,2026-07-29T04:15:00+0200,10052.83985,MW,DE,DE_LU,actual_onshore_wind_generation,Wind Onshore,2026-08-25T03:38:09Z
2026-08-25T03:35:04Z,2026-08-25T05:35:04+0200,16553320-5c3e-4a08-95db-080ced308e52,2026-07-29T02:30:00Z,2026-07-29T04:30:00+0200,9795.2848,MW,DE,DE_LU,actual_onshore_wind_generation,Wind Onshore,2026-08-25T03:38:09Z
2026-08-25T03:35:04Z,2026-08-25T05:35:04+0200,16553320-5c3e-4a08-95db-080ced308e52,2026-07-29T02:45:00Z,2026-07-29T04:45:00+0200,9707.05806,MW,DE,DE_LU,actual_onshore_wind_generation,Wind Onshore,2026-08-25T03:38:09Z
2026-08-25T03:35:04Z,2026-08-25T05:35:04+0200,16553320-5c3e-4a08-95db-080ced308e52,2026-07-29T03:00:00Z,2026-07-29T05:00:00+0200,9719.38822,MW,DE,DE_LU,actual_onshore_wind_generation,Wind Onshore,2026-08-25T03:38:09Z
2026-08-25T03:35:04Z,2026-08-25T05:35:04+0200,16553320-5c3e-4a08-95db-080ced308e52,2026-07-29T03:15:00Z,2026-07-29T05:15:00+0200,9691.90721,MW,DE,DE_LU,actual_onshore_wind_generation,Wind Onshore,2026-08-25T03:38:09Z
2026-08-25T03:35:04Z,2026-08-25T05:35:04+0200,16553320-5c3e-4a08-95db-080ced308e52,2026-07-29T03:30:00Z,2026-07-29T05:30:00+0200,9713.70582,MW,DE,DE_LU,actual_onshore_wind_generation,Wind Onshore,2026-08-25T03:38:09Z
2026-08-25T03:35:04Z,2026-08-25T05:35:04+0200,16553320-5c3e-4a08-95db-080ced308e52,2026-07-29T03:45:00Z,2026-07-29T05:45:00+0200,10053.37011,MW,DE,DE_LU,actual_onshore_wind_generation,Wind Onshore,2026-08-25T03:38:09Z
2026-08-25T03:35:04Z,2026-08-25T05:35:04+0200,16553320-5c3e-4a08-95db-080ced308e52,2026-07-29T04:00:00Z,2026-07-29T06:00:00+0200,9961.6094,MW,DE,DE_LU,actual_onshore_wind_generation,Wind Onshore,2026-08-25T03:38:09Z
2026-08-25T03:35:04Z,2026-08-25T05:35:04+0200,16553320-5c3e-4a08-95db-080ced308e52,2026-07-29T04:15:00Z,2026-07-29T06:15:00+0200,9532.05346,MW,DE,DE_LU,actual_onshore_wind_generation,Wind Onshore,2026-08-25T03:38:09Z
2026-08-25T03:35:04Z,2026-08-25T05:35:04+0200,16553320-5c3e-4a08-95db-080ced308e52,2026-07-29T04:30:00Z,2026-07-29T06:30:00+0200,9445.23997,MW,DE,DE_LU,actual_onshore_wind_generation,Wind Onshore,2026-08-25T03:38:09Z
2026-08-25T03:35:04Z,2026-08-25T05:35:04+0200,16553320-5c3e-4a08-95db-080ced308e52,2026-07-29T04:45:00Z,2026-07-29T06:45:00+0200,9432.32448,MW,DE,DE_LU,actual_onshore_wind_generation,Wind Onshore,2026-08-25T03:38:09Z
2026-08-25T03:35:04Z,2026-08-25T05:35:04+0200,16553320-5c3e-4a08-95db-080ced308e52,2026-07-29T05:00:00Z,2026-07-29T07:00:00+0200,9156.44889,MW,DE,DE_LU,actual_onshore_wind_generation,Wind Onshore,2026-08-25T03:38:09Z
2026-08-25T03:35:04Z,2026-08-25T05:35:04+0200,16553320-5c3e-4a08-95db-080ced308e52,2026-07-29T05:15:00Z,2026-07-29T07:15:00+0200,8687.75172,MW,DE,DE_LU,actual_onshore_wind_generation,Wind Onshore,2026-08-25T03:38:09Z
2026-08-25T03:35:04Z,2026-08-25T05:35:04+0200,16553320-5c3e-4a08-95db-080ced308e52,2026-07-29T05:30:00Z,2026-07-29T07:30:00+0200,7896.34022,MW,DE,DE_LU,actual_onshore_wind_generation,Wind Onshore,2026-08-25T03:38:09Z
2026-08-25T03:35:04Z,2026-08-25T05:35:04+0200,16553320-5c3e-4a08-95db-080ced308e52,2026-07-29T05:45:00Z,2026-07-29T07:45:00+0200,7184.53494,MW,DE,DE_LU,actual_onshore_wind_generation,Wind Onshore,2026-08-25T03:38:09Z
2026-08-25T03:35:04Z,2026-08-25T05:35:04+0200,16553320-5c3e-4a08-95db-080ced308e52,2026-07-29T06:00:00Z,2026-07-29T08:00:00+0200,6393.90394,MW,DE,DE_LU,actual_onshore_wind_generation,Wind Onshore,2026-08-25T03:38:09Z
2026-08-25T03:35:04Z,2026-08-25T05:35:04+0200,16553320-5c3e-4a08-95db-080ced308e52,2026-07-29T06:15:00Z,2026-07-29T08:15:00+0200,5395.41348,MW,DE,DE_LU,actual_onshore_wind_generation,Wind Onshore,2026-08-25T03:38:09Z
2026-08-25T03:35:04Z,2026-08-25T05:35:04+0200,16553320-5c3e-4a08-95db-080ced308e52,2026-07-29T06:30:00Z,2026-07-29T08:30:00+0200,4371.2464,MW,DE,DE_LU,actual_onshore_wind_generation,Wind Onshore,2026-08-25T03:38:09Z
2026-08-25T03:35:04Z,2026-08-25T05:35:04+0200,16553320-5c3e-4a08-95db-080ced308e52,2026-07-29T06:45:00Z,2026-07-29T08:45:00+0200,3520.14026,MW,DE,DE_LU,actual_onshore_wind_generation,Wind Onshore,2026-08-25T03:38:09Z
2026-08-25T03:35:04Z,2026-08-25T05:35:04+0200,16553320-5c3e-4a08-95db-080ced308e52,2026-07-29T07:00:00Z,2026-07-29T09:00:00+0200,2970.11551,MW,DE,DE_LU,actual_onshore_wind_generation,Wind Onshore,2026-08-25T03:38:09Z
2026-08-25T03:35:04Z,2026-08-25T05:35:04+0200,16553320-5c3e-4a08-95db-080ced308e52,2026-07-29T07:15:00Z,2026-07-29T09:15:00+0200,2660.39818,MW,DE,DE_LU,actual_onshore_wind_generation,Wind Onshore,2026-08-25T03:38:09Z
2026-08-25T03:35:04Z,2026-08-25T05:35:04+0200,16553320-5c3e-4a08-95db-080ced308e52,2026-07-29T07:30:00Z,2026-07-29T09:30:00+0200,2460.57961,MW,DE,DE_LU,actual_onshore_wind_generation,Wind Onshore,2026-08-25T03:38:09Z
2026-08-25T03:35:04Z,2026-08-25T05:35:04+0200,16553320-5c3e-4a08-95db-080ced308e52,2026-07-29T07:45:00Z,2026-07-29T09:45:00+0200,2479.20299,MW,DE,DE_LU,actual_onshore_wind_generation,Wind Onshore,2026-08-25T03:38:09Z
2026-08-25T03:35:04Z,2026-08-25T05:35:04+0200,16553320-5c3e-4a08-95db-080ced308e52,2026-07-29T08:00:00Z,2026-07-29T10:00:00+0200,2601.83968,MW,DE,DE_LU,actual_onshore_wind_generation,Wind Onshore,2026-08-25T03:38:09Z
2026-08-25T03:35:04Z,2026-08-25T05:35:04+0200,16553320-5c3e-4a08-95db-080ced308e52,2026-07-29T08:15:00Z,2026-07-29T10:15:00+0200,2770.35447,MW,DE,DE_LU,actual_onshore_wind_generation,Wind Onshore,2026-08-25T03:38:09Z
2026-08-25T03:35:04Z,2026-08-25T05:35:04+0200,16553320-5c3e-4a08-95db-080ced308e52,2026-07-29T08:30:00Z,2026-07-29T10:30:00+0200,2993.0149,MW,DE,DE_LU,actual_onshore_wind_generation,Wind Onshore,2026-08-25T03:38:09Z
2026-08-25T03:35:04Z,2026-08-25T05:35:04+0200,16553320-5c3e-4a08-95db-080ced308e52,2026-07-29T08:45:00Z,2026-07-29T10:45:00+0200,3086.81116,MW,DE,DE_LU,actual_onshore_wind_generation,Wind Onshore,2026-08-25T03:38:09Z
2026-08-25T03:35:04Z,2026-08-25T05:35:04+0200,16553320-5c3e-4a08-95db-080ced308e52,2026-07-29T09:00:00Z,2026-07-29T11:00:00+0200,3050.7466,MW,DE,DE_LU,actual_onshore_wind_generation,Wind Onshore,2026-08-25T03:38:09Z
2026-08-25T03:35:04Z,2026-08-25T05:35:04+0200,16553320-5c3e-4a08-95db-080ced308e52,2026-07-29T09:15:00Z,2026-07-29T11:15:00+0200,3038.78803,MW,DE,DE_LU,actual_onshore_wind_generation,Wind Onshore,2026-08-25T03:38:09Z
2026-08-25T03:35:04Z,2026-08-25T05:35:04+0200,16553320-5c3e-4a08-95db-080ced308e52,2026-07-29T09:30:00Z,2026-07-29T11:30:00+0200,3158.63427,MW,DE,DE_LU,actual_onshore_wind_generation,Wind Onshore,2026-08-25T03:38:09Z
2026-08-25T03:35:04Z,2026-08-25T05:35:04+0200,16553320-5c3e-4a08-95db-080ced308e52,2026-07-29T09:45:00Z,2026-07-29T11:45:00+0200,3251.40515,MW,DE,DE_LU,actual_onshore_wind_generation,Wind Onshore,2026-08-25T03:38:09Z
2026-08-25T03:35:04Z,2026-08-25T05:35:04+0200,16553320-5c3e-4a08-95db-080ced308e52,2026-07-29T10:00:00Z,2026-07-29T12:00:00+0200,2979.9257,MW,DE,DE_LU,actual_onshore_wind_generation,Wind Onshore,2026-08-25T03:38:09Z
2026-08-25T03:35:04Z,2026-08-25T05:35:04+0200,16553320-5c3e-4a08-95db-080ced308e52,2026-07-29T10:15:00Z,2026-07-29T12:15:00+0200,2832.74199,MW,DE,DE_LU,actual_onshore_wind_generation,Wind Onshore,2026-08-25T03:38:09Z
2026-08-25T03:35:04Z,2026-08-25T05:35:04+0200,16553320-5c3e-4a08-95db-080ced308e52,2026-07-29T10:30:00Z,2026-07-29T12:30:00+0200,2902.79184,MW,DE,DE_LU,actual_onshore_wind_generation,Wind Onshore,2026-08-25T03:38:09Z
2026-08-25T03:35:04Z,2026-08-25T05:35:04+0200,16553320-5c3e-4a08-95db-080ced308e52,2026-07-29T10:45:00Z,2026-07-29T12:45:00+0200,3073.59888,MW,DE,DE_LU,actual_onshore_wind_generation,Wind Onshore,2026-08-25T03:38:09Z
2026-08-25T03:35:04Z,2026-08-25T05:35:04+0200,16553320-5c3e-4a08-95db-080ced308e52,2026-07-29T11:00:00Z,2026-07-29T13:00:00+0200,3207.21843,MW,DE,DE_LU,actual_onshore_wind_generation,Wind Onshore,2026-08-25T03:38:09Z
2026-08-25T03:35:04Z,2026-08-25T05:35:04+0200,16553320-5c3e-4a08-95db-080ced308e52,2026-07-29T11:15:00Z,2026-07-29T13:15:00+0200,3308.69607,MW,DE,DE_LU,actual_onshore_wind_generation,Wind Onshore,2026-08-25T03:38:09Z
2026-08-25T03:35:04Z,2026-08-25T05:35:04+0200,16553320-5c3e-4a08-95db-080ced308e52,2026-07-29T11:30:00Z,2026-07-29T13:30:00+0200,3265.5173,MW,DE,DE_LU,actual_onshore_wind_generation,Wind Onshore,2026-08-25T03:38:09Z
2026-08-25T03:35:04Z,2026-08-25T05:35:04+0200,16553320-5c3e-4a08-95db-080ced308e52,2026-07-29T11:45:00Z,2026-07-29T13:45:00+0200,3317.41113,MW,DE,DE_LU,actual_onshore_wind_generation,Wind Onshore,2026-08-25T03:38:09Z
2026-08-25T03:35:04Z,2026-08-25T05:35:04+0200,16553320-5c3e-4a08-95db-080ced308e52,2026-07-29T12:00:00Z,2026-07-29T14:00:00+0200,3537.30097,MW,DE,DE_LU,actual_onshore_wind_generation,Wind Onshore,2026-08-25T03:38:09Z
2026-08-25T03:35:04Z,2026-08-25T05:35:04+0200,16553320-5c3e-4a08-95db-080ced308e52,2026-07-29T12:15:00Z,2026-07-29T14:15:00+0200,3654.84036,MW,DE,DE_LU,actual_onshore_wind_generation,Wind Onshore,2026-08-25T03:38:09Z
2026-08-25T03:35:04Z,2026-08-25T05:35:04+0200,16553320-5c3e-4a08-95db-080ced308e52,2026-07-29T12:30:00Z,2026-07-29T14:30:00+0200,3660.78499,MW,DE,DE_LU,actual_onshore_wind_generation,Wind Onshore,2026-08-25T03:38:09Z
2026-08-25T03:35:04Z,2026-08-25T05:35:04+0200,16553320-5c3e-4a08-95db-080ced308e52,2026-07-29T12:45:00Z,2026-07-29T14:45:00+0200,3825.6015,MW,DE,DE_LU,actual_onshore_wind_generation,Wind Onshore,2026-08-25T03:38:09Z
2026-08-25T03:35:04Z,2026-08-25T05:35:04+0200,16553320-5c3e-4a08-95db-080ced308e52,2026-07-29T13:00:00Z,2026-07-29T15:00:00+0200,4046.18341,MW,DE,DE_LU,actual_onshore_wind_generation,Wind Onshore,2026-08-25T03:38:09Z
2026-08-25T03:35:04Z,2026-08-25T05:35:04+0200,16553320-5c3e-4a08-95db-080ced308e52,2026-07-29T13:15:00Z,2026-07-29T15:15:00+0200,4137.49022,MW,DE,DE_LU,actual_onshore_wind_generation,Wind Onshore,2026-08-25T03:38:09Z
2026-08-25T03:35:04Z,2026-08-25T05:35:04+0200,16553320-5c3e-4a08-95db-080ced308e52,2026-07-29T13:30:00Z,2026-07-29T15:30:00+0200,4145.96844,MW,DE,DE_LU,actual_onshore_wind_generation,Wind Onshore,2026-08-25T03:38:09Z
2026-08-25T03:35:04Z,2026-08-25T05:35:04+0200,16553320-5c3e-4a08-95db-080ced308e52,2026-07-29T13:45:00Z,2026-07-29T15:45:00+0200,4314.1386,MW,DE,DE_LU,actual_onshore_wind_generation,Wind Onshore,2026-08-25T03:38:09Z
2026-08-25T03:35:04Z,2026-08-25T05:35:04+0200,16553320-5c3e-4a08-95db-080ced308e52,2026-07-29T14:00:00Z,2026-07-29T16:00:00+0200,4412.37221,MW,DE,DE_LU,actual_onshore_wind_generation,Wind Onshore,2026-08-25T03:38:09Z
2026-08-25T03:35:04Z,2026-08-25T05:35:04+0200,16553320-5c3e-4a08-95db-080ced308e52,2026-07-29T14:15:00Z,2026-07-29T16:15:00+0200,4632.73999,MW,DE,DE_LU,actual_onshore_wind_generation,Wind Onshore,2026-08-25T03:38:09Z
2026-08-25T03:35:04Z,2026-08-25T05:35:04+0200,16553320-5c3e-4a08-95db-080ced308e52,2026-07-29T14:30:00Z,2026-07-29T16:30:00+0200,4920.6019,MW,DE,DE_LU,actual_onshore_wind_generation,Wind Onshore,2026-08-25T03:38:09Z
2026-08-25T03:35:04Z,2026-08-25T05:35:04+0200,16553320-5c3e-4a08-95db-080ced308e52,2026-07-29T14:45:00Z,2026-07-29T16:45:00+0200,4886.33698,MW,DE,DE_LU,actual_onshore_wind_generation,Wind Onshore,2026-08-25T03:38:09Z
2026-08-25T03:35:04Z,2026-08-25T05:35:04+0200,16553320-5c3e-4a08-95db-080ced308e52,2026-07-29T15:00:00Z,2026-07-29T17:00:00+0200,4867.75524,MW,DE,DE_LU,actual_onshore_wind_generation,Wind Onshore,2026-08-25T03:38:09Z
2026-08-25T03:35:04Z,2026-08-25T05:35:04+0200,16553320-5c3e-4a08-95db-080ced308e52,2026-07-29T15:15:00Z,2026-07-29T17:15:00+0200,4849.86409,MW,DE,DE_LU,actual_onshore_wind_generation,Wind Onshore,2026-08-25T03:38:09Z
2026-08-25T03:35:04Z,2026-08-25T05:35:04+0200,16553320-5c3e-4a08-95db-080ced308e52,2026-07-29T15:30:00Z,2026-07-29T17:30:00+0200,4819.77655,MW,DE,DE_LU,actual_onshore_wind_generation,Wind Onshore,2026-08-25T03:38:09Z
2026-08-25T03:35:04Z,2026-08-25T05:35:04+0200,16553320-5c3e-4a08-95db-080ced308e52,2026-07-29T15:45:00Z,2026-07-29T17:45:00+0200,4712.1463,MW,DE,DE_LU,actual_onshore_wind_generation,Wind Onshore,2026-08-25T03:38:09Z
2026-08-25T03:35:04Z,2026-08-25T05:35:04+0200,16553320-5c3e-4a08-95db-080ced308e52,2026-07-29T16:00:00Z,2026-07-29T18:00:00+0200,4533.74174,MW,DE,DE_LU,actual_onshore_wind_generation,Wind Onshore,2026-08-25T03:38:09Z
2026-08-25T03:35:04Z,2026-08-25T05:35:04+0200,16553320-5c3e-4a08-95db-080ced308e52,2026-07-29T16:15:00Z,2026-07-29T18:15:00+0200,4393.15643,MW,DE,DE_LU,actual_onshore_wind_generation,Wind Onshore,2026-08-25T03:38:09Z
2026-08-25T03:35:04Z,2026-08-25T05:35:04+0200,16553320-5c3e-4a08-95db-080ced308e52,2026-07-29T16:30:00Z,2026-07-29T18:30:00+0200,4014.40632,MW,DE,DE_LU,actual_onshore_wind_generation,Wind Onshore,2026-08-25T03:38:09Z
2026-08-25T03:35:04Z,2026-08-25T05:35:04+0200,16553320-5c3e-4a08-95db-080ced308e52,2026-07-29T16:45:00Z,2026-07-29T18:45:00+0200,3814.52094,MW,DE,DE_LU,actual_onshore_wind_generation,Wind Onshore,2026-08-25T03:38:09Z
2026-08-25T03:35:04Z,2026-08-25T05:35:04+0200,16553320-5c3e-4a08-95db-080ced308e52,2026-07-29T17:00:00Z,2026-07-29T19:00:00+0200,3735.75934,MW,DE,DE_LU,actual_onshore_wind_generation,Wind Onshore,2026-08-25T03:38:09Z
2026-08-25T03:35:04Z,2026-08-25T05:35:04+0200,16553320-5c3e-4a08-95db-080ced308e52,2026-07-29T17:15:00Z,2026-07-29T19:15:00+0200,3541.98397,MW,DE,DE_LU,actual_onshore_wind_generation,Wind Onshore,2026-08-25T03:38:09Z
2026-08-25T03:35:04Z,2026-08-25T05:35:04+0200,16553320-5c3e-4a08-95db-080ced308e52,2026-07-29T17:30:00Z,2026-07-29T19:30:00+0200,3324.70519,MW,DE,DE_LU,actual_onshore_wind_generation,Wind Onshore,2026-08-25T03:38:09Z
2026-08-25T03:35:04Z,2026-08-25T05:35:04+0200,16553320-5c3e-4a08-95db-080ced308e52,2026-07-29T17:45:00Z,2026-07-29T19:45:00+0200,3140.74513,MW,DE,DE_LU,actual_onshore_wind_generation,Wind Onshore,2026-08-25T03:38:09Z
2026-08-25T03:35:04Z,2026-08-25T05:35:04+0200,16553320-5c3e-4a08-95db-080ced308e52,2026-07-29T18:00:00Z,2026-07-29T20:00:00+0200,3142.20064,MW,DE,DE_LU,actual_onshore_wind_generation,Wind Onshore,2026-08-25T03:38:09Z
2026-08-25T03:35:04Z,2026-08-25T05:35:04+0200,16553320-5c3e-4a08-95db-080ced308e52,2026-07-29T18:15:00Z,2026-07-29T20:15:00+0200,3182.28542,MW,DE,DE_LU,actual_onshore_wind_generation,Wind Onshore,2026-08-25T03:38:09Z
2026-08-25T03:35:04Z,2026-08-25T05:35:04+0200,16553320-5c3e-4a08-95db-080ced308e52,2026-07-29T18:30:00Z,2026-07-29T20:30:00+0200,3360.32842,MW,DE,DE_LU,actual_onshore_wind_generation,Wind Onshore,2026-08-25T03:38:09Z
2026-08-25T03:35:04Z,2026-08-25T05:35:04+0200,16553320-5c3e-4a08-95db-080ced308e52,2026-07-29T18:45:00Z,2026-07-29T20:45:00+0200,3827.46335,MW,DE,DE_LU,actual_onshore_wind_generation,Wind Onshore,2026-08-25T03:38:09Z
2026-08-25T03:35:04Z,2026-08-25T05:35:04+0200,16553320-5c3e-4a08-95db-080ced308e52,2026-07-29T19:00:00Z,2026-07-29T21:00:00+0200,4350.87938,MW,DE,DE_LU,actual_onshore_wind_generation,Wind Onshore,2026-08-25T03:38:09Z
2026-08-25T03:35:04Z,2026-08-25T05:35:04+0200,16553320-5c3e-4a08-95db-080ced308e52,2026-07-29T19:15:00Z,2026-07-29T21:15:00+0200,4801.32563,MW,DE,DE_LU,actual_onshore_wind_generation,Wind Onshore,2026-08-25T03:38:09Z
2026-08-25T03:35:04Z,2026-08-25T05:35:04+0200,16553320-5c3e-4a08-95db-080ced308e52,2026-07-29T19:30:00Z,2026-07-29T21:30:00+0200,5538.61228,MW,DE,DE_LU,actual_onshore_wind_generation,Wind Onshore,2026-08-25T03:38:09Z
2026-08-25T03:35:04Z,2026-08-25T05:35:04+0200,16553320-5c3e-4a08-95db-080ced308e52,2026-07-29T19:45:00Z,2026-07-29T21:45:00+0200,6336.55188,MW,DE,DE_LU,actual_onshore_wind_generation,Wind Onshore,2026-08-25T03:38:09Z
2026-08-25T03:35:04Z,2026-08-25T05:35:04+0200,16553320-5c3e-4a08-95db-080ced308e52,2026-07-29T20:00:00Z,2026-07-29T22:00:00+0200,6926.85821,MW,DE,DE_LU,actual_onshore_wind_generation,Wind Onshore,2026-08-25T03:38:09Z
2026-08-25T03:35:04Z,2026-08-25T05:35:04+0200,16553320-5c3e-4a08-95db-080ced308e52,2026-07-29T20:15:00Z,2026-07-29T22:15:00+0200,7496.94306,MW,DE,DE_LU,actual_onshore_wind_generation,Wind Onshore,2026-08-25T03:38:09Z
2026-08-25T03:35:04Z,2026-08-25T05:35:04+0200,16553320-5c3e-4a08-95db-080ced308e52,2026-07-29T20:30:00Z,2026-07-29T22:30:00+0200,7984.06954,MW,DE,DE_LU,actual_onshore_wind_generation,Wind Onshore,2026-08-25T03:38:09Z
2026-08-25T03:35:04Z,2026-08-25T05:35:04+0200,16553320-5c3e-4a08-95db-080ced308e52,2026-07-29T20:45:00Z,2026-07-29T22:45:00+0200,8361.82792,MW,DE,DE_LU,actual_onshore_wind_generation,Wind Onshore,2026-08-25T03:38:09Z
2026-08-25T03:35:04Z,2026-08-25T05:35:04+0200,16553320-5c3e-4a08-95db-080ced308e52,2026-07-29T21:00:00Z,2026-07-29T23:00:00+0200,8616.4054,MW,DE,DE_LU,actual_onshore_wind_generation,Wind Onshore,2026-08-25T03:38:09Z
2026-08-25T03:35:04Z,2026-08-25T05:35:04+0200,16553320-5c3e-4a08-95db-080ced308e52,2026-07-29T21:15:00Z,2026-07-29T23:15:00+0200,8802.37967,MW,DE,DE_LU,actual_onshore_wind_generation,Wind Onshore,2026-08-25T03:38:09Z
2026-08-25T03:35:04Z,2026-08-25T05:35:04+0200,16553320-5c3e-4a08-95db-080ced308e52,2026-07-29T21:30:00Z,2026-07-29T23:30:00+0200,8889.43368,MW,DE,DE_LU,actual_onshore_wind_generation,Wind Onshore,2026-08-25T03:38:09Z
2026-08-25T03:35:04Z,2026-08-25T05:35:04+0200,16553320-5c3e-4a08-95db-080ced308e52,2026-07-29T21:45:00Z,2026-07-29T23:45:00+0200,8989.89897,MW,DE,DE_LU,actual_onshore_wind_generation,Wind Onshore,2026-08-25T03:38:09Z
2026-08-25T03:35:04Z,2026-08-25T05:35:04+0200,16553320-5c3e-4a08-95db-080ced308e52,2026-07-29T22:00:00Z,2026-07-30T00:00:00+0200,8910.28045,MW,DE,DE_LU,actual_onshore_wind_generation,Wind Onshore,2026-08-25T03:38:09Z
2026-08-25T03:35:04Z,2026-08-25T05:35:04+0200,16553320-5c3e-4a08-95db-080ced308e52,2026-07-29T22:15:00Z,2026-07-30T00:15:00+0200,8771.93789,MW,DE,DE_LU,actual_onshore_wind_generation,Wind Onshore,2026-08-25T03:38:09Z
2026-08-25T03:35:04Z,2026-08-25T05:35:04+0200,16553320-5c3e-4a08-95db-080ced308e52,2026-07-29T22:30:00Z,2026-07-30T00:30:00+0200,8649.00213,MW,DE,DE_LU,actual_onshore_wind_generation,Wind Onshore,2026-08-25T03:38:09Z
2026-08-25T03:35:04Z,2026-08-25T05:35:04+0200,16553320-5c3e-4a08-95db-080ced308e52,2026-07-29T22:45:00Z,2026-07-30T00:45:00+0200,8477.38337,MW,DE,DE_LU,actual_onshore_wind_generation,Wind Onshore,2026-08-25T03:38:09Z
2026-08-25T03:35:04Z,2026-08-25T05:35:04+0200,16553320-5c3e-4a08-95db-080ced308e52,2026-07-29T23:00:00Z,2026-07-30T01:00:00+0200,8233.48602,MW,DE,DE_LU,actual_onshore_wind_generation,Wind Onshore,2026-08-25T03:38:09Z
2026-08-25T03:35:04Z,2026-08-25T05:35:04+0200,16553320-5c3e-4a08-95db-080ced308e52,2026-07-29T23:15:00Z,2026-07-30T01:15:00+0200,8130.92732,MW,DE,DE_LU,actual_onshore_wind_generation,Wind Onshore,2026-08-25T03:38:09Z
2026-08-25T03:35:04Z,2026-08-25T05:35:04+0200,16553320-5c3e-4a08-95db-080ced308e52,2026-07-29T23:30:00Z,2026-07-30T01:30:00+0200,7982.1308,MW,DE,DE_LU,actual_onshore_wind_generation,Wind Onshore,2026-08-25T03:38:09Z
2026-08-25T03:35:04Z,2026-08-25T05:35:04+0200,16553320-5c3e-4a08-95db-080ced308e52,2026-07-29T23:45:00Z,2026-07-30T01:45:00+0200,7959.57822,MW,DE,DE_LU,actual_onshore_wind_generation,Wind Onshore,2026-08-25T03:38:09Z
2026-08-25T03:35:04Z,2026-08-25T05:35:04+0200,16553320-5c3e-4a08-95db-080ced308e52,2026-07-30T00:00:00Z,2026-07-30T02:00:00+0200,7884.51462,MW,DE,DE_LU,actual_onshore_wind_generation,Wind Onshore,2026-08-25T03:38:09Z
2026-08-25T03:35:04Z,2026-08-25T05:35:04+0200,16553320-5c3e-4a08-95db-080ced308e52,2026-07-30T00:15:00Z,2026-07-30T02:15:00+0200,7783.41152,MW,DE,DE_LU,actual_onshore_wind_generation,Wind Onshore,2026-08-25T03:38:09Z
2026-08-25T03:35:04Z,2026-08-25T05:35:04+0200,16553320-5c3e-4a08-95db-080ced308e52,2026-07-30T00:30:00Z,2026-07-30T02:30:00+0200,7729.52775,MW,DE,DE_LU,actual_onshore_wind_generation,Wind Onshore,2026-08-25T03:38:09Z
2026-08-25T03:35:04Z,2026-08-25T05:35:04+0200,16553320-5c3e-4a08-95db-080ced308e52,2026-07-30T00:45:00Z,2026-07-30T02:45:00+0200,7683.054,MW,DE,DE_LU,actual_onshore_wind_generation,Wind Onshore,2026-08-25T03:38:09Z
2026-08-25T03:35:04Z,2026-08-25T05:35:04+0200,16553320-5c3e-4a08-95db-080ced308e52,2026-07-30T01:00:00Z,2026-07-30T03:00:00+0200,7718.26881,MW,DE,DE_LU,actual_onshore_wind_generation,Wind Onshore,2026-08-25T03:38:09Z
2026-08-25T03:35:04Z,2026-08-25T05:35:04+0200,16553320-5c3e-4a08-95db-080ced308e52,2026-07-30T01:15:00Z,2026-07-30T03:15:00+0200,7634.40181,MW,DE,DE_LU,actual_onshore_wind_generation,Wind Onshore,2026-08-25T03:38:09Z
2026-08-25T03:35:04Z,2026-08-25T05:35:04+0200,16553320-5c3e-4a08-95db-080ced308e52,2026-07-30T01:30:00Z,2026-07-30T03:30:00+0200,7530.57207,MW,DE,DE_LU,actual_onshore_wind_generation,Wind Onshore,2026-08-25T03:38:09Z
2026-08-25T03:35:04Z,2026-08-25T05:35:04+0200,16553320-5c3e-4a08-95db-080ced308e52,2026-07-30T01:45:00Z,2026-07-30T03:45:00+0200,7563.15866,MW,DE,DE_LU,actual_onshore_wind_generation,Wind Onshore,2026-08-25T03:38:09Z
2026-08-25T03:35:04Z,2026-08-25T05:35:04+0200,16553320-5c3e-4a08-95db-080ced308e52,2026-07-30T02:00:00Z,2026-07-30T04:00:00+0200,7595.76776,MW,DE,DE_LU,actual_onshore_wind_generation,Wind Onshore,2026-08-25T03:38:09Z
2026-08-25T03:35:04Z,2026-08-25T05:35:04+0200,16553320-5c3e-4a08-95db-080ced308e52,2026-07-30T02:15:00Z,2026-07-30T04:15:00+0200,7699.1117,MW,DE,DE_LU,actual_onshore_wind_generation,Wind Onshore,2026-08-25T03:38:09Z
2026-08-25T03:35:04Z,2026-08-25T05:35:04+0200,16553320-5c3e-4a08-95db-080ced308e52,2026-07-30T02:30:00Z,2026-07-30T04:30:00+0200,7771.65593,MW,DE,DE_LU,actual_onshore_wind_generation,Wind Onshore,2026-08-25T03:38:09Z
2026-08-25T03:35:04Z,2026-08-25T05:35:04+0200,16553320-5c3e-4a08-95db-080ced308e52,2026-07-30T02:45:00Z,2026-07-30T04:45:00+0200,7968.57686,MW,DE,DE_LU,actual_onshore_wind_generation,Wind Onshore,2026-08-25T03:38:09Z
2026-08-25T03:35:04Z,2026-08-25T05:35:04+0200,16553320-5c3e-4a08-95db-080ced308e52,2026-07-30T03:00:00Z,2026-07-30T05:00:00+0200,8239.10916,MW,DE,DE_LU,actual_onshore_wind_generation,Wind Onshore,2026-08-25T03:38:09Z
2026-08-25T03:35:04Z,2026-08-25T05:35:04+0200,16553320-5c3e-4a08-95db-080ced308e52,2026-07-30T03:15:00Z,2026-07-30T05:15:00+0200,8483.09351,MW,DE,DE_LU,actual_onshore_wind_generation,Wind Onshore,2026-08-25T03:38:09Z
2026-08-25T03:35:04Z,2026-08-25T05:35:04+0200,16553320-5c3e-4a08-95db-080ced308e52,2026-07-30T03:30:00Z,2026-07-30T05:30:00+0200,8720.15698,MW,DE,DE_LU,actual_onshore_wind_generation,Wind Onshore,2026-08-25T03:38:09Z
2026-08-25T03:35:04Z,2026-08-25T05:35:04+0200,16553320-5c3e-4a08-95db-080ced308e52,2026-07-30T03:45:00Z,2026-07-30T05:45:00+0200,9274.48942,MW,DE,DE_LU,actual_onshore_wind_generation,Wind Onshore,2026-08-25T03:38:09Z
2026-08-25T03:35:04Z,2026-08-25T05:35:04+0200,16553320-5c3e-4a08-95db-080ced308e52,2026-07-30T04:00:00Z,2026-07-30T06:00:00+0200,9640.79844,MW,DE,DE_LU,actual_onshore_wind_generation,Wind Onshore,2026-08-25T03:38:09Z
2026-08-25T03:35:04Z,2026-08-25T05:35:04+0200,16553320-5c3e-4a08-95db-080ced308e52,2026-07-30T04:15:00Z,2026-07-30T06:15:00+0200,9552.70513,MW,DE,DE_LU,actual_onshore_wind_generation,Wind Onshore,2026-08-25T03:38:09Z
2026-08-25T03:35:04Z,2026-08-25T05:35:04+0200,16553320-5c3e-4a08-95db-080ced308e52,2026-07-30T04:30:00Z,2026-07-30T06:30:00+0200,9639.59878,MW,DE,DE_LU,actual_onshore_wind_generation,Wind Onshore,2026-08-25T03:38:09Z
2026-08-25T03:35:04Z,2026-08-25T05:35:04+0200,16553320-5c3e-4a08-95db-080ced308e52,2026-07-30T04:45:00Z,2026-07-30T06:45:00+0200,9852.17664,MW,DE,DE_LU,actual_onshore_wind_generation,Wind Onshore,2026-08-25T03:38:09Z
2026-08-25T03:35:04Z,2026-08-25T05:35:04+0200,16553320-5c3e-4a08-95db-080ced308e52,2026-07-30T05:00:00Z,2026-07-30T07:00:00+0200,9930.7478,MW,DE,DE_LU,actual_onshore_wind_generation,Wind Onshore,2026-08-25T03:38:09Z
2026-08-25T03:35:04Z,2026-08-25T05:35:04+0200,16553320-5c3e-4a08-95db-080ced308e52,2026-07-30T05:15:00Z,2026-07-30T07:15:00+0200,9973.20175,MW,DE,DE_LU,actual_onshore_wind_generation,Wind Onshore,2026-08-25T03:38:09Z
2026-08-25T03:35:04Z,2026-08-25T05:35:04+0200,16553320-5c3e-4a08-95db-080ced308e52,2026-07-30T05:30:00Z,2026-07-30T07:30:00+0200,9963.54423,MW,DE,DE_LU,actual_onshore_wind_generation,Wind Onshore,2026-08-25T03:38:09Z
2026-08-25T03:35:04Z,2026-08-25T05:35:04+0200,16553320-5c3e-4a08-95db-080ced308e52,2026-07-30T05:45:00Z,2026-07-30T07:45:00+0200,9585.80799,MW,DE,DE_LU,actual_onshore_wind_generation,Wind Onshore,2026-08-25T03:38:09Z
2026-08-25T03:35:04Z,2026-08-25T05:35:04+0200,16553320-5c3e-4a08-95db-080ced308e52,2026-07-30T06:00:00Z,2026-07-30T08:00:00+0200,9111.53786,MW,DE,DE_LU,actual_onshore_wind_generation,Wind Onshore,2026-08-25T03:38:09Z
2026-08-25T03:35:04Z,2026-08-25T05:35:04+0200,16553320-5c3e-4a08-95db-080ced308e52,2026-07-30T06:15:00Z,2026-07-30T08:15:00+0200,8433.02342,MW,DE,DE_LU,actual_onshore_wind_generation,Wind Onshore,2026-08-25T03:38:09Z
2026-08-25T03:35:04Z,2026-08-25T05:35:04+0200,16553320-5c3e-4a08-95db-080ced308e52,2026-07-30T06:30:00Z,2026-07-30T08:30:00+0200,7529.74093,MW,DE,DE_LU,actual_onshore_wind_generation,Wind Onshore,2026-08-25T03:38:09Z
2026-08-25T03:35:04Z,2026-08-25T05:35:04+0200,16553320-5c3e-4a08-95db-080ced308e52,2026-07-30T06:45:00Z,2026-07-30T08:45:00+0200,6686.88169,MW,DE,DE_LU,actual_onshore_wind_generation,Wind Onshore,2026-08-25T03:38:09Z
2026-08-25T03:35:04Z,2026-08-25T05:35:04+0200,16553320-5c3e-4a08-95db-080ced308e52,2026-07-30T07:00:00Z,2026-07-30T09:00:00+0200,5915.07797,MW,DE,DE_LU,actual_onshore_wind_generation,Wind Onshore,2026-08-25T03:38:09Z
2026-08-25T03:35:04Z,2026-08-25T05:35:04+0200,16553320-5c3e-4a08-95db-080ced308e52,2026-07-30T07:15:00Z,2026-07-30T09:15:00+0200,5216.43847,MW,DE,DE_LU,actual_onshore_wind_generation,Wind Onshore,2026-08-25T03:38:09Z
2026-08-25T03:35:04Z,2026-08-25T05:35:04+0200,16553320-5c3e-4a08-95db-080ced308e52,2026-07-30T07:30:00Z,2026-07-30T09:30:00+0200,4766.61469,MW,DE,DE_LU,actual_onshore_wind_generation,Wind Onshore,2026-08-25T03:38:09Z
2026-08-25T03:35:04Z,2026-08-25T05:35:04+0200,16553320-5c3e-4a08-95db-080ced308e52,2026-07-30T07:45:00Z,2026-07-30T09:45:00+0200,4439.12357,MW,DE,DE_LU,actual_onshore_wind_generation,Wind Onshore,2026-08-25T03:38:09Z
2026-08-25T03:35:04Z,2026-08-25T05:35:04+0200,16553320-5c3e-4a08-95db-080ced308e52,2026-07-30T08:00:00Z,2026-07-30T10:00:00+0200,4407.18911,MW,DE,DE_LU,actual_onshore_wind_generation,Wind Onshore,2026-08-25T03:38:09Z
2026-08-25T03:35:04Z,2026-08-25T05:35:04+0200,16553320-5c3e-4a08-95db-080ced308e52,2026-07-30T08:15:00Z,2026-07-30T10:15:00+0200,4456.44135,MW,DE,DE_LU,actual_onshore_wind_generation,Wind Onshore,2026-08-25T03:38:09Z
2026-08-25T03:35:04Z,2026-08-25T05:35:04+0200,16553320-5c3e-4a08-95db-080ced308e52,2026-07-30T08:30:00Z,2026-07-30T10:30:00+0200,4496.44047,MW,DE,DE_LU,actual_onshore_wind_generation,Wind Onshore,2026-08-25T03:38:09Z
2026-08-25T03:35:04Z,2026-08-25T05:35:04+0200,16553320-5c3e-4a08-95db-080ced308e52,2026-07-30T08:45:00Z,2026-07-30T10:45:00+0200,4762.29457,MW,DE,DE_LU,actual_onshore_wind_generation,Wind Onshore,2026-08-25T03:38:09Z
2026-08-25T03:35:04Z,2026-08-25T05:35:04+0200,16553320-5c3e-4a08-95db-080ced308e52,2026-07-30T09:00:00Z,2026-07-30T11:00:00+0200,5429.47723,MW,DE,DE_LU,actual_onshore_wind_generation,Wind Onshore,2026-08-25T03:38:09Z
2026-08-25T03:35:04Z,2026-08-25T05:35:04+0200,16553320-5c3e-4a08-95db-080ced308e52,2026-07-30T09:15:00Z,2026-07-30T11:15:00+0200,5885.49756,MW,DE,DE_LU,actual_onshore_wind_generation,Wind Onshore,2026-08-25T03:38:09Z
2026-08-25T03:35:04Z,2026-08-25T05:35:04+0200,16553320-5c3e-4a08-95db-080ced308e52,2026-07-30T09:30:00Z,2026-07-30T11:30:00+0200,6454.36053,MW,DE,DE_LU,actual_onshore_wind_generation,Wind Onshore,2026-08-25T03:38:09Z
2026-08-25T03:35:04Z,2026-08-25T05:35:04+0200,16553320-5c3e-4a08-95db-080ced308e52,2026-07-30T09:45:00Z,2026-07-30T11:45:00+0200,6941.14227,MW,DE,DE_LU,actual_onshore_wind_generation,Wind Onshore,2026-08-25T03:38:09Z
2026-08-25T03:35:04Z,2026-08-25T05:35:04+0200,16553320-5c3e-4a08-95db-080ced308e52,2026-07-30T10:00:00Z,2026-07-30T12:00:00+0200,7594.49635,MW,DE,DE_LU,actual_onshore_wind_generation,Wind Onshore,2026-08-25T03:38:09Z
2026-08-25T03:35:04Z,2026-08-25T05:35:04+0200,16553320-5c3e-4a08-95db-080ced308e52,2026-07-30T10:15:00Z,2026-07-30T12:15:00+0200,8280.03781,MW,DE,DE_LU,actual_onshore_wind_generation,Wind Onshore,2026-08-25T03:38:09Z
2026-08-25T03:35:04Z,2026-08-25T05:35:04+0200,16553320-5c3e-4a08-95db-080ced308e52,2026-07-30T10:30:00Z,2026-07-30T12:30:00+0200,8911.73439,MW,DE,DE_LU,actual_onshore_wind_generation,Wind Onshore,2026-08-25T03:38:09Z
2026-08-25T03:35:04Z,2026-08-25T05:35:04+0200,16553320-5c3e-4a08-95db-080ced308e52,2026-07-30T10:45:00Z,2026-07-30T12:45:00+0200,9417.63618,MW,DE,DE_LU,actual_onshore_wind_generation,Wind Onshore,2026-08-25T03:38:09Z
2026-08-25T03:35:04Z,2026-08-25T05:35:04+0200,16553320-5c3e-4a08-95db-080ced308e52,2026-07-30T11:00:00Z,2026-07-30T13:00:00+0200,10296.74921,MW,DE,DE_LU,actual_onshore_wind_generation,Wind Onshore,2026-08-25T03:38:09Z
2026-08-25T03:35:04Z,2026-08-25T05:35:04+0200,16553320-5c3e-4a08-95db-080ced308e52,2026-07-30T11:15:00Z,2026-07-30T13:15:00+0200,10660.60591,MW,DE,DE_LU,actual_onshore_wind_generation,Wind Onshore,2026-08-25T03:38:09Z
2026-08-25T03:35:04Z,2026-08-25T05:35:04+0200,16553320-5c3e-4a08-95db-080ced308e52,2026-07-30T11:30:00Z,2026-07-30T13:30:00+0200,10989.12414,MW,DE,DE_LU,actual_onshore_wind_generation,Wind Onshore,2026-08-25T03:38:09Z
2026-08-25T03:35:04Z,2026-08-25T05:35:04+0200,16553320-5c3e-4a08-95db-080ced308e52,2026-07-30T11:45:00Z,2026-07-30T13:45:00+0200,11288.17621,MW,DE,DE_LU,actual_onshore_wind_generation,Wind Onshore,2026-08-25T03:38:09Z
2026-08-25T03:35:04Z,2026-08-25T05:35:04+0200,16553320-5c3e-4a08-95db-080ced308e52,2026-07-30T12:00:00Z,2026-07-30T14:00:00+0200,11933.80258,MW,DE,DE_LU,actual_onshore_wind_generation,Wind Onshore,2026-08-25T03:38:09Z
2026-08-25T03:35:04Z,2026-08-25T05:35:04+0200,16553320-5c3e-4a08-95db-080ced308e52,2026-07-30T12:15:00Z,2026-07-30T14:15:00+0200,12276.77396,MW,DE,DE_LU,actual_onshore_wind_generation,Wind Onshore,2026-08-25T03:38:09Z
2026-08-25T03:35:04Z,2026-08-25T05:35:04+0200,16553320-5c3e-4a08-95db-080ced308e52,2026-07-30T12:30:00Z,2026-07-30T14:30:00+0200,12966.06181,MW,DE,DE_LU,actual_onshore_wind_generation,Wind Onshore,2026-08-25T03:38:09Z
2026-08-25T03:35:04Z,2026-08-25T05:35:04+0200,16553320-5c3e-4a08-95db-080ced308e52,2026-07-30T12:45:00Z,2026-07-30T14:45:00+0200,13646.93102,MW,DE,DE_LU,actual_onshore_wind_generation,Wind Onshore,2026-08-25T03:38:09Z
2026-08-25T03:35:04Z,2026-08-25T05:35:04+0200,16553320-5c3e-4a08-95db-080ced308e52,2026-07-30T13:00:00Z,2026-07-30T15:00:00+0200,14561.75849,MW,DE,DE_LU,actual_onshore_wind_generation,Wind Onshore,2026-08-25T03:38:09Z
2026-08-25T03:35:04Z,2026-08-25T05:35:04+0200,16553320-5c3e-4a08-95db-080ced308e52,2026-07-30T13:15:00Z,2026-07-30T15:15:00+0200,15555.35692,MW,DE,DE_LU,actual_onshore_wind_generation,Wind Onshore,2026-08-25T03:38:09Z
2026-08-25T03:35:04Z,2026-08-25T05:35:04+0200,16553320-5c3e-4a08-95db-080ced308e52,2026-07-30T13:30:00Z,2026-07-30T15:30:00+0200,16465.25218,MW,DE,DE_LU,actual_onshore_wind_generation,Wind Onshore,2026-08-25T03:38:09Z
2026-08-25T03:35:04Z,2026-08-25T05:35:04+0200,16553320-5c3e-4a08-95db-080ced308e52,2026-07-30T13:45:00Z,2026-07-30T15:45:00+0200,16991.02419,MW,DE,DE_LU,actual_onshore_wind_generation,Wind Onshore,2026-08-25T03:38:09Z
2026-08-25T03:35:04Z,2026-08-25T05:35:04+0200,16553320-5c3e-4a08-95db-080ced308e52,2026-07-30T14:00:00Z,2026-07-30T16:00:00+0200,16514.98362,MW,DE,DE_LU,actual_onshore_wind_generation,Wind Onshore,2026-08-25T03:38:09Z
2026-08-25T03:35:04Z,2026-08-25T05:35:04+0200,16553320-5c3e-4a08-95db-080ced308e52,2026-07-30T14:15:00Z,2026-07-30T16:15:00+0200,16170.16078,MW,DE,DE_LU,actual_onshore_wind_generation,Wind Onshore,2026-08-25T03:38:09Z
2026-08-25T03:35:04Z,2026-08-25T05:35:04+0200,16553320-5c3e-4a08-95db-080ced308e52,2026-07-30T14:30:00Z,2026-07-30T16:30:00+0200,15564.48725,MW,DE,DE_LU,actual_onshore_wind_generation,Wind Onshore,2026-08-25T03:38:09Z
2026-08-25T03:35:04Z,2026-08-25T05:35:04+0200,16553320-5c3e-4a08-95db-080ced308e52,2026-07-30T14:45:00Z,2026-07-30T16:45:00+0200,15054.58505,MW,DE,DE_LU,actual_onshore_wind_generation,Wind Onshore,2026-08-25T03:38:09Z
2026-08-25T03:35:04Z,2026-08-25T05:35:04+0200,16553320-5c3e-4a08-95db-080ced308e52,2026-07-30T15:00:00Z,2026-07-30T17:00:00+0200,15005.66916,MW,DE,DE_LU,actual_onshore_wind_generation,Wind Onshore,2026-08-25T03:38:09Z
2026-08-25T03:35:04Z,2026-08-25T05:35:04+0200,16553320-5c3e-4a08-95db-080ced308e52,2026-07-30T15:15:00Z,2026-07-30T17:15:00+0200,15006.08813,MW,DE,DE_LU,actual_onshore_wind_generation,Wind Onshore,2026-08-25T03:38:09Z
2026-08-25T03:35:04Z,2026-08-25T05:35:04+0200,16553320-5c3e-4a08-95db-080ced308e52,2026-07-30T15:30:00Z,2026-07-30T17:30:00+0200,15177.98894,MW,DE,DE_LU,actual_onshore_wind_generation,Wind Onshore,2026-08-25T03:38:09Z
2026-08-25T03:35:04Z,2026-08-25T05:35:04+0200,16553320-5c3e-4a08-95db-080ced308e52,2026-07-30T15:45:00Z,2026-07-30T17:45:00+0200,15274.41818,MW,DE,DE_LU,actual_onshore_wind_generation,Wind Onshore,2026-08-25T03:38:09Z
2026-08-25T03:35:04Z,2026-08-25T05:35:04+0200,16553320-5c3e-4a08-95db-080ced308e52,2026-07-30T16:00:00Z,2026-07-30T18:00:00+0200,15385.65013,MW,DE,DE_LU,actual_onshore_wind_generation,Wind Onshore,2026-08-25T03:38:09Z
2026-08-25T03:35:04Z,2026-08-25T05:35:04+0200,16553320-5c3e-4a08-95db-080ced308e52,2026-07-30T16:15:00Z,2026-07-30T18:15:00+0200,15659.2537,MW,DE,DE_LU,actual_onshore_wind_generation,Wind Onshore,2026-08-25T03:38:09Z
2026-08-25T03:35:04Z,2026-08-25T05:35:04+0200,16553320-5c3e-4a08-95db-080ced308e52,2026-07-30T16:30:00Z,2026-07-30T18:30:00+0200,15225.03225,MW,DE,DE_LU,actual_onshore_wind_generation,Wind Onshore,2026-08-25T03:38:09Z
2026-08-25T03:35:04Z,2026-08-25T05:35:04+0200,16553320-5c3e-4a08-95db-080ced308e52,2026-07-30T16:45:00Z,2026-07-30T18:45:00+0200,14788.05538,MW,DE,DE_LU,actual_onshore_wind_generation,Wind Onshore,2026-08-25T03:38:09Z
2026-08-25T03:35:04Z,2026-08-25T05:35:04+0200,16553320-5c3e-4a08-95db-080ced308e52,2026-07-30T17:00:00Z,2026-07-30T19:00:00+0200,15011.88696,MW,DE,DE_LU,actual_onshore_wind_generation,Wind Onshore,2026-08-25T03:38:09Z
2026-08-25T03:35:04Z,2026-08-25T05:35:04+0200,16553320-5c3e-4a08-95db-080ced308e52,2026-07-30T17:15:00Z,2026-07-30T19:15:00+0200,14422.77245,MW,DE,DE_LU,actual_onshore_wind_generation,Wind Onshore,2026-08-25T03:38:09Z
2026-08-25T03:35:04Z,2026-08-25T05:35:04+0200,16553320-5c3e-4a08-95db-080ced308e52,2026-07-30T17:30:00Z,2026-07-30T19:30:00+0200,13812.67859,MW,DE,DE_LU,actual_onshore_wind_generation,Wind Onshore,2026-08-25T03:38:09Z
2026-08-25T03:35:04Z,2026-08-25T05:35:04+0200,16553320-5c3e-4a08-95db-080ced308e52,2026-07-30T17:45:00Z,2026-07-30T19:45:00+0200,13210.31398,MW,DE,DE_LU,actual_onshore_wind_generation,Wind Onshore,2026-08-25T03:38:09Z
2026-08-25T03:35:04Z,2026-08-25T05:35:04+0200,16553320-5c3e-4a08-95db-080ced308e52,2026-07-30T18:00:00Z,2026-07-30T20:00:00+0200,12801.74303,MW,DE,DE_LU,actual_onshore_wind_generation,Wind Onshore,2026-08-25T03:38:09Z
2026-08-25T03:35:04Z,2026-08-25T05:35:04+0200,16553320-5c3e-4a08-95db-080ced308e52,2026-07-30T18:15:00Z,2026-07-30T20:15:00+0200,12348.27404,MW,DE,DE_LU,actual_onshore_wind_generation,Wind Onshore,2026-08-25T03:38:09Z
2026-08-25T03:35:04Z,2026-08-25T05:35:04+0200,16553320-5c3e-4a08-95db-080ced308e52,2026-07-30T18:30:00Z,2026-07-30T20:30:00+0200,12119.15711,MW,DE,DE_LU,actual_onshore_wind_generation,Wind Onshore,2026-08-25T03:38:09Z
2026-08-25T03:35:04Z,2026-08-25T05:35:04+0200,16553320-5c3e-4a08-95db-080ced308e52,2026-07-30T18:45:00Z,2026-07-30T20:45:00+0200,11706.36746,MW,DE,DE_LU,actual_onshore_wind_generation,Wind Onshore,2026-08-25T03:38:09Z
2026-08-25T03:35:04Z,2026-08-25T05:35:04+0200,16553320-5c3e-4a08-95db-080ced308e52,2026-07-30T19:00:00Z,2026-07-30T21:00:00+0200,11499.65475,MW,DE,DE_LU,actual_onshore_wind_generation,Wind Onshore,2026-08-25T03:38:09Z
2026-08-25T03:35:04Z,2026-08-25T05:35:04+0200,16553320-5c3e-4a08-95db-080ced308e52,2026-07-30T19:15:00Z,2026-07-30T21:15:00+0200,11368.98322,MW,DE,DE_LU,actual_onshore_wind_generation,Wind Onshore,2026-08-25T03:38:09Z
2026-08-25T03:35:04Z,2026-08-25T05:35:04+0200,16553320-5c3e-4a08-95db-080ced308e52,2026-07-30T19:30:00Z,2026-07-30T21:30:00+0200,11525.93908,MW,DE,DE_LU,actual_onshore_wind_generation,Wind Onshore,2026-08-25T03:38:09Z
2026-08-25T03:35:04Z,2026-08-25T05:35:04+0200,16553320-5c3e-4a08-95db-080ced308e52,2026-07-30T19:45:00Z,2026-07-30T21:45:00+0200,11101.56765,MW,DE,DE_LU,actual_onshore_wind_generation,Wind Onshore,2026-08-25T03:38:09Z
2026-08-25T03:35:04Z,2026-08-25T05:35:04+0200,16553320-5c3e-4a08-95db-080ced308e52,2026-07-30T20:00:00Z,2026-07-30T22:00:00+0200,9479.04718,MW,DE,DE_LU,actual_onshore_wind_generation,Wind Onshore,2026-08-25T03:38:09Z
2026-08-25T03:35:04Z,2026-08-25T05:35:04+0200,16553320-5c3e-4a08-95db-080ced308e52,2026-07-30T20:15:00Z,2026-07-30T22:15:00+0200,8594.37005,MW,DE,DE_LU,actual_onshore_wind_generation,Wind Onshore,2026-08-25T03:38:09Z
2026-08-25T03:35:04Z,2026-08-25T05:35:04+0200,16553320-5c3e-4a08-95db-080ced308e52,2026-07-30T20:30:00Z,2026-07-30T22:30:00+0200,7914.83336,MW,DE,DE_LU,actual_onshore_wind_generation,Wind Onshore,2026-08-25T03:38:09Z
2026-08-25T03:35:04Z,2026-08-25T05:35:04+0200,16553320-5c3e-4a08-95db-080ced308e52,2026-07-30T20:45:00Z,2026-07-30T22:45:00+0200,7228.50649,MW,DE,DE_LU,actual_onshore_wind_generation,Wind Onshore,2026-08-25T03:38:09Z
2026-08-25T03:35:04Z,2026-08-25T05:35:04+0200,16553320-5c3e-4a08-95db-080ced308e52,2026-07-30T21:00:00Z,2026-07-30T23:00:00+0200,6759.33302,MW,DE,DE_LU,actual_onshore_wind_generation,Wind Onshore,2026-08-25T03:38:09Z
2026-08-25T03:35:04Z,2026-08-25T05:35:04+0200,16553320-5c3e-4a08-95db-080ced308e52,2026-07-30T21:15:00Z,2026-07-30T23:15:00+0200,6536.63337,MW,DE,DE_LU,actual_onshore_wind_generation,Wind Onshore,2026-08-25T03:38:09Z
2026-08-25T03:35:04Z,2026-08-25T05:35:04+0200,16553320-5c3e-4a08-95db-080ced308e52,2026-07-30T21:30:00Z,2026-07-30T23:30:00+0200,6062.18462,MW,DE,DE_LU,actual_onshore_wind_generation,Wind Onshore,2026-08-25T03:38:09Z
2026-08-25T03:35:04Z,2026-08-25T05:35:04+0200,16553320-5c3e-4a08-95db-080ced308e52,2026-07-30T21:45:00Z,2026-07-30T23:45:00+0200,5625.43156,MW,DE,DE_LU,actual_onshore_wind_generation,Wind Onshore,2026-08-25T03:38:09Z
2026-08-25T03:35:04Z,2026-08-25T05:35:04+0200,16553320-5c3e-4a08-95db-080ced308e52,2026-07-30T22:00:00Z,2026-07-31T00:00:00+0200,5263.28018,MW,DE,DE_LU,actual_onshore_wind_generation,Wind Onshore,2026-08-25T03:38:09Z
2026-08-25T03:35:04Z,2026-08-25T05:35:04+0200,16553320-5c3e-4a08-95db-080ced308e52,2026-07-30T22:15:00Z,2026-07-31T00:15:00+0200,4896.13192,MW,DE,DE_LU,actual_onshore_wind_generation,Wind Onshore,2026-08-25T03:38:09Z
2026-08-25T03:35:04Z,2026-08-25T05:35:04+0200,16553320-5c3e-4a08-95db-080ced308e52,2026-07-30T22:30:00Z,2026-07-31T00:30:00+0200,4733.02365,MW,DE,DE_LU,actual_onshore_wind_generation,Wind Onshore,2026-08-25T03:38:09Z
2026-08-25T03:35:04Z,2026-08-25T05:35:04+0200,16553320-5c3e-4a08-95db-080ced308e52,2026-07-30T22:45:00Z,2026-07-31T00:45:00+0200,4755.33043,MW,DE,DE_LU,actual_onshore_wind_generation,Wind Onshore,2026-08-25T03:38:09Z
2026-08-25T03:35:04Z,2026-08-25T05:35:04+0200,16553320-5c3e-4a08-95db-080ced308e52,2026-07-30T23:00:00Z,2026-07-31T01:00:00+0200,4614.3417,MW,DE,DE_LU,actual_onshore_wind_generation,Wind Onshore,2026-08-25T03:38:09Z
2026-08-25T03:35:04Z,2026-08-25T05:35:04+0200,16553320-5c3e-4a08-95db-080ced308e52,2026-07-30T23:15:00Z,2026-07-31T01:15:00+0200,4050.25577,MW,DE,DE_LU,actual_onshore_wind_generation,Wind Onshore,2026-08-25T03:38:09Z
2026-08-25T03:35:04Z,2026-08-25T05:35:04+0200,16553320-5c3e-4a08-95db-080ced308e52,2026-07-30T23:30:00Z,2026-07-31T01:30:00+0200,3429.72684,MW,DE,DE_LU,actual_onshore_wind_generation,Wind Onshore,2026-08-25T03:38:09Z
2026-08-25T03:35:04Z,2026-08-25T05:35:04+0200,16553320-5c3e-4a08-95db-080ced308e52,2026-07-30T23:45:00Z,2026-07-31T01:45:00+0200,3032.93855,MW,DE,DE_LU,actual_onshore_wind_generation,Wind Onshore,2026-08-25T03:38:09Z
2026-08-25T03:35:04Z,2026-08-25T05:35:04+0200,16553320-5c3e-4a08-95db-080ced308e52,2026-07-31T00:00:00Z,2026-07-31T02:00:00+0200,2974.38725,MW,DE,DE_LU,actual_onshore_wind_generation,Wind Onshore,2026-08-25T03:38:09Z
2026-08-25T03:35:04Z,2026-08-25T05:35:04+0200,16553320-5c3e-4a08-95db-080ced308e52,2026-07-31T00:15:00Z,2026-07-31T02:15:00+0200,2962.45655,MW,DE,DE_LU,actual_onshore_wind_generation,Wind Onshore,2026-08-25T03:38:09Z
2026-08-25T03:35:04Z,2026-08-25T05:35:04+0200,16553320-5c3e-4a08-95db-080ced308e52,2026-07-31T00:30:00Z,2026-07-31T02:30:00+0200,2686.31121,MW,DE,DE_LU,actual_onshore_wind_generation,Wind Onshore,2026-08-25T03:38:09Z
2026-08-25T03:35:04Z,2026-08-25T05:35:04+0200,16553320-5c3e-4a08-95db-080ced308e52,2026-07-31T00:45:00Z,2026-07-31T02:45:00+0200,2383.40732,MW,DE,DE_LU,actual_onshore_wind_generation,Wind Onshore,2026-08-25T03:38:09Z
2026-08-25T03:35:04Z,2026-08-25T05:35:04+0200,16553320-5c3e-4a08-95db-080ced308e52,2026-07-31T01:00:00Z,2026-07-31T03:00:00+0200,2269.79866,MW,DE,DE_LU,actual_onshore_wind_generation,Wind Onshore,2026-08-25T03:38:09Z
2026-08-25T03:35:04Z,2026-08-25T05:35:04+0200,16553320-5c3e-4a08-95db-080ced308e52,2026-07-31T01:15:00Z,2026-07-31T03:15:00+0200,2188.74145,MW,DE,DE_LU,actual_onshore_wind_generation,Wind Onshore,2026-08-25T03:38:09Z
2026-08-25T03:35:04Z,2026-08-25T05:35:04+0200,16553320-5c3e-4a08-95db-080ced308e52,2026-07-31T01:30:00Z,2026-07-31T03:30:00+0200,2162.57679,MW,DE,DE_LU,actual_onshore_wind_generation,Wind Onshore,2026-08-25T03:38:09Z
2026-08-25T03:35:04Z,2026-08-25T05:35:04+0200,16553320-5c3e-4a08-95db-080ced308e52,2026-07-31T01:45:00Z,2026-07-31T03:45:00+0200,2296.43475,MW,DE,DE_LU,actual_onshore_wind_generation,Wind Onshore,2026-08-25T03:38:09Z
2026-08-25T03:35:04Z,2026-08-25T05:35:04+0200,16553320-5c3e-4a08-95db-080ced308e52,2026-07-31T02:00:00Z,2026-07-31T04:00:00+0200,2370.54937,MW,DE,DE_LU,actual_onshore_wind_generation,Wind Onshore,2026-08-25T03:38:09Z
2026-08-25T03:35:04Z,2026-08-25T05:35:04+0200,16553320-5c3e-4a08-95db-080ced308e52,2026-07-31T02:15:00Z,2026-07-31T04:15:00+0200,2302.41943,MW,DE,DE_LU,actual_onshore_wind_generation,Wind Onshore,2026-08-25T03:38:09Z
2026-08-25T03:35:04Z,2026-08-25T05:35:04+0200,16553320-5c3e-4a08-95db-080ced308e52,2026-07-31T02:30:00Z,2026-07-31T04:30:00+0200,2275.07802,MW,DE,DE_LU,actual_onshore_wind_generation,Wind Onshore,2026-08-25T03:38:09Z
2026-08-25T03:35:04Z,2026-08-25T05:35:04+0200,16553320-5c3e-4a08-95db-080ced308e52,2026-07-31T02:45:00Z,2026-07-31T04:45:00+0200,2250.65289,MW,DE,DE_LU,actual_onshore_wind_generation,Wind Onshore,2026-08-25T03:38:09Z
2026-08-25T03:35:04Z,2026-08-25T05:35:04+0200,16553320-5c3e-4a08-95db-080ced308e52,2026-07-31T03:00:00Z,2026-07-31T05:00:00+0200,2181.50828,MW,DE,DE_LU,actual_onshore_wind_generation,Wind Onshore,2026-08-25T03:38:09Z
2026-08-25T03:35:04Z,2026-08-25T05:35:04+0200,16553320-5c3e-4a08-95db-080ced308e52,2026-07-31T03:15:00Z,2026-07-31T05:15:00+0200,2095.05369,MW,DE,DE_LU,actual_onshore_wind_generation,Wind Onshore,2026-08-25T03:38:09Z
2026-08-25T03:35:04Z,2026-08-25T05:35:04+0200,16553320-5c3e-4a08-95db-080ced308e52,2026-07-31T03:30:00Z,2026-07-31T05:30:00+0200,2032.83941,MW,DE,DE_LU,actual_onshore_wind_generation,Wind Onshore,2026-08-25T03:38:09Z
2026-08-25T03:35:04Z,2026-08-25T05:35:04+0200,16553320-5c3e-4a08-95db-080ced308e52,2026-07-31T03:45:00Z,2026-07-31T05:45:00+0200,2044.32495,MW,DE,DE_LU,actual_onshore_wind_generation,Wind Onshore,2026-08-25T03:38:09Z
2026-08-25T03:35:04Z,2026-08-25T05:35:04+0200,16553320-5c3e-4a08-95db-080ced308e52,2026-07-31T04:00:00Z,2026-07-31T06:00:00+0200,1982.72136,MW,DE,DE_LU,actual_onshore_wind_generation,Wind Onshore,2026-08-25T03:38:09Z
2026-08-25T03:35:04Z,2026-08-25T05:35:04+0200,16553320-5c3e-4a08-95db-080ced308e52,2026-07-31T04:15:00Z,2026-07-31T06:15:00+0200,1872.62205,MW,DE,DE_LU,actual_onshore_wind_generation,Wind Onshore,2026-08-25T03:38:09Z
2026-08-25T03:35:04Z,2026-08-25T05:35:04+0200,16553320-5c3e-4a08-95db-080ced308e52,2026-07-31T04:30:00Z,2026-07-31T06:30:00+0200,1876.29841,MW,DE,DE_LU,actual_onshore_wind_generation,Wind Onshore,2026-08-25T03:38:09Z
2026-08-25T03:35:04Z,2026-08-25T05:35:04+0200,16553320-5c3e-4a08-95db-080ced308e52,2026-07-31T04:45:00Z,2026-07-31T06:45:00+0200,1871.74064,MW,DE,DE_LU,actual_onshore_wind_generation,Wind Onshore,2026-08-25T03:38:09Z
2026-08-25T03:35:04Z,2026-08-25T05:35:04+0200,16553320-5c3e-4a08-95db-080ced308e52,2026-07-31T05:00:00Z,2026-07-31T07:00:00+0200,1856.44957,MW,DE,DE_LU,actual_onshore_wind_generation,Wind Onshore,2026-08-25T03:38:09Z
2026-08-25T03:35:04Z,2026-08-25T05:35:04+0200,16553320-5c3e-4a08-95db-080ced308e52,2026-07-31T05:15:00Z,2026-07-31T07:15:00+0200,1744.8676,MW,DE,DE_LU,actual_onshore_wind_generation,Wind Onshore,2026-08-25T03:38:09Z
2026-08-25T03:35:04Z,2026-08-25T05:35:04+0200,16553320-5c3e-4a08-95db-080ced308e52,2026-07-31T05:30:00Z,2026-07-31T07:30:00+0200,1666.25512,MW,DE,DE_LU,actual_onshore_wind_generation,Wind Onshore,2026-08-25T03:38:09Z
2026-08-25T03:35:04Z,2026-08-25T05:35:04+0200,16553320-5c3e-4a08-95db-080ced308e52,2026-07-31T05:45:00Z,2026-07-31T07:45:00+0200,1638.99415,MW,DE,DE_LU,actual_onshore_wind_generation,Wind Onshore,2026-08-25T03:38:09Z
2026-08-25T03:35:04Z,2026-08-25T05:35:04+0200,16553320-5c3e-4a08-95db-080ced308e52,2026-07-31T06:00:00Z,2026-07-31T08:00:00+0200,1606.09626,MW,DE,DE_LU,actual_onshore_wind_generation,Wind Onshore,2026-08-25T03:38:09Z
2026-08-25T03:35:04Z,2026-08-25T05:35:04+0200,16553320-5c3e-4a08-95db-080ced308e52,2026-07-31T06:15:00Z,2026-07-31T08:15:00+0200,1543.48311,MW,DE,DE_LU,actual_onshore_wind_generation,Wind Onshore,2026-08-25T03:38:09Z
2026-08-25T03:35:04Z,2026-08-25T05:35:04+0200,16553320-5c3e-4a08-95db-080ced308e52,2026-07-31T06:30:00Z,2026-07-31T08:30:00+0200,1462.73892,MW,DE,DE_LU,actual_onshore_wind_generation,Wind Onshore,2026-08-25T03:38:09Z
2026-08-25T03:35:04Z,2026-08-25T05:35:04+0200,16553320-5c3e-4a08-95db-080ced308e52,2026-07-31T06:45:00Z,2026-07-31T08:45:00+0200,1359.15901,MW,DE,DE_LU,actual_onshore_wind_generation,Wind Onshore,2026-08-25T03:38:09Z
2026-08-25T03:35:04Z,2026-08-25T05:35:04+0200,16553320-5c3e-4a08-95db-080ced308e52,2026-07-31T07:00:00Z,2026-07-31T09:00:00+0200,1278.69675,MW,DE,DE_LU,actual_onshore_wind_generation,Wind Onshore,2026-08-25T03:38:09Z
2026-08-25T03:35:04Z,2026-08-25T05:35:04+0200,16553320-5c3e-4a08-95db-080ced308e52,2026-07-31T07:15:00Z,2026-07-31T09:15:00+0200,1121.62092,MW,DE,DE_LU,actual_onshore_wind_generation,Wind Onshore,2026-08-25T03:38:09Z
2026-08-25T03:35:04Z,2026-08-25T05:35:04+0200,16553320-5c3e-4a08-95db-080ced308e52,2026-07-31T07:30:00Z,2026-07-31T09:30:00+0200,1085.47544,MW,DE,DE_LU,actual_onshore_wind_generation,Wind Onshore,2026-08-25T03:38:09Z
2026-08-25T03:35:04Z,2026-08-25T05:35:04+0200,16553320-5c3e-4a08-95db-080ced308e52,2026-07-31T07:45:00Z,2026-07-31T09:45:00+0200,1085.91417,MW,DE,DE_LU,actual_onshore_wind_generation,Wind Onshore,2026-08-25T03:38:09Z
2026-08-25T03:35:04Z,2026-08-25T05:35:04+0200,16553320-5c3e-4a08-95db-080ced308e52,2026-07-31T08:00:00Z,2026-07-31T10:00:00+0200,1092.76341,MW,DE,DE_LU,actual_onshore_wind_generation,Wind Onshore,2026-08-25T03:38:09Z
2026-08-25T03:35:04Z,2026-08-25T05:35:04+0200,16553320-5c3e-4a08-95db-080ced308e52,2026-07-31T08:15:00Z,2026-07-31T10:15:00+0200,1070.74142,MW,DE,DE_LU,actual_onshore_wind_generation,Wind Onshore,2026-08-25T03:38:09Z
2026-08-25T03:35:04Z,2026-08-25T05:35:04+0200,16553320-5c3e-4a08-95db-080ced308e52,2026-07-31T08:30:00Z,2026-07-31T10:30:00+0200,1018.35698,MW,DE,DE_LU,actual_onshore_wind_generation,Wind Onshore,2026-08-25T03:38:09Z
2026-08-25T03:35:04Z,2026-08-25T05:35:04+0200,16553320-5c3e-4a08-95db-080ced308e52,2026-07-31T08:45:00Z,2026-07-31T10:45:00+0200,973.79417,MW,DE,DE_LU,actual_onshore_wind_generation,Wind Onshore,2026-08-25T03:38:09Z
2026-08-25T03:35:04Z,2026-08-25T05:35:04+0200,16553320-5c3e-4a08-95db-080ced308e52,2026-07-31T09:00:00Z,2026-07-31T11:00:00+0200,1008.35889,MW,DE,DE_LU,actual_onshore_wind_generation,Wind Onshore,2026-08-25T03:38:09Z
2026-08-25T03:35:04Z,2026-08-25T05:35:04+0200,16553320-5c3e-4a08-95db-080ced308e52,2026-07-31T09:15:00Z,2026-07-31T11:15:00+0200,1086.59024,MW,DE,DE_LU,actual_onshore_wind_generation,Wind Onshore,2026-08-25T03:38:09Z
2026-08-25T03:35:04Z,2026-08-25T05:35:04+0200,16553320-5c3e-4a08-95db-080ced308e52,2026-07-31T09:30:00Z,2026-07-31T11:30:00+0200,1153.59377,MW,DE,DE_LU,actual_onshore_wind_generation,Wind Onshore,2026-08-25T03:38:09Z
2026-08-25T03:35:04Z,2026-08-25T05:35:04+0200,16553320-5c3e-4a08-95db-080ced308e52,2026-07-31T09:45:00Z,2026-07-31T11:45:00+0200,1233.69948,MW,DE,DE_LU,actual_onshore_wind_generation,Wind Onshore,2026-08-25T03:38:09Z
2026-08-25T03:35:04Z,2026-08-25T05:35:04+0200,16553320-5c3e-4a08-95db-080ced308e52,2026-07-31T10:00:00Z,2026-07-31T12:00:00+0200,1399.52878,MW,DE,DE_LU,actual_onshore_wind_generation,Wind Onshore,2026-08-25T03:38:09Z
2026-08-25T03:35:04Z,2026-08-25T05:35:04+0200,16553320-5c3e-4a08-95db-080ced308e52,2026-07-31T10:15:00Z,2026-07-31T12:15:00+0200,1664.98229,MW,DE,DE_LU,actual_onshore_wind_generation,Wind Onshore,2026-08-25T03:38:09Z
2026-08-25T03:35:04Z,2026-08-25T05:35:04+0200,16553320-5c3e-4a08-95db-080ced308e52,2026-07-31T10:30:00Z,2026-07-31T12:30:00+0200,1916.14593,MW,DE,DE_LU,actual_onshore_wind_generation,Wind Onshore,2026-08-25T03:38:09Z
2026-08-25T03:35:04Z,2026-08-25T05:35:04+0200,16553320-5c3e-4a08-95db-080ced308e52,2026-07-31T10:45:00Z,2026-07-31T12:45:00+0200,2203.54434,MW,DE,DE_LU,actual_onshore_wind_generation,Wind Onshore,2026-08-25T03:38:09Z
2026-08-25T03:35:04Z,2026-08-25T05:35:04+0200,16553320-5c3e-4a08-95db-080ced308e52,2026-07-31T11:00:00Z,2026-07-31T13:00:00+0200,2590.4626,MW,DE,DE_LU,actual_onshore_wind_generation,Wind Onshore,2026-08-25T03:38:09Z
2026-08-25T03:35:04Z,2026-08-25T05:35:04+0200,16553320-5c3e-4a08-95db-080ced308e52,2026-07-31T11:15:00Z,2026-07-31T13:15:00+0200,2820.48406,MW,DE,DE_LU,actual_onshore_wind_generation,Wind Onshore,2026-08-25T03:38:09Z
2026-08-25T03:35:04Z,2026-08-25T05:35:04+0200,16553320-5c3e-4a08-95db-080ced308e52,2026-07-31T11:30:00Z,2026-07-31T13:30:00+0200,3069.56243,MW,DE,DE_LU,actual_onshore_wind_generation,Wind Onshore,2026-08-25T03:38:09Z
2026-08-25T03:35:04Z,2026-08-25T05:35:04+0200,16553320-5c3e-4a08-95db-080ced308e52,2026-07-31T11:45:00Z,2026-07-31T13:45:00+0200,3334.05855,MW,DE,DE_LU,actual_onshore_wind_generation,Wind Onshore,2026-08-25T03:38:09Z
2026-08-25T03:35:04Z,2026-08-25T05:35:04+0200,16553320-5c3e-4a08-95db-080ced308e52,2026-07-31T12:00:00Z,2026-07-31T14:00:00+0200,3715.53094,MW,DE,DE_LU,actual_onshore_wind_generation,Wind Onshore,2026-08-25T03:38:09Z
2026-08-25T03:35:04Z,2026-08-25T05:35:04+0200,16553320-5c3e-4a08-95db-080ced308e52,2026-07-31T12:15:00Z,2026-07-31T14:15:00+0200,3913.82158,MW,DE,DE_LU,actual_onshore_wind_generation,Wind Onshore,2026-08-25T03:38:09Z
2026-08-25T03:35:04Z,2026-08-25T05:35:04+0200,16553320-5c3e-4a08-95db-080ced308e52,2026-07-31T12:30:00Z,2026-07-31T14:30:00+0200,4277.33094,MW,DE,DE_LU,actual_onshore_wind_generation,Wind Onshore,2026-08-25T03:38:09Z
2026-08-25T03:35:04Z,2026-08-25T05:35:04+0200,16553320-5c3e-4a08-95db-080ced308e52,2026-07-31T12:45:00Z,2026-07-31T14:45:00+0200,4712.9818,MW,DE,DE_LU,actual_onshore_wind_generation,Wind Onshore,2026-08-25T03:38:09Z
2026-08-25T03:35:04Z,2026-08-25T05:35:04+0200,16553320-5c3e-4a08-95db-080ced308e52,2026-07-31T13:00:00Z,2026-07-31T15:00:00+0200,4944.58025,MW,DE,DE_LU,actual_onshore_wind_generation,Wind Onshore,2026-08-25T03:38:09Z
2026-08-25T03:35:04Z,2026-08-25T05:35:04+0200,16553320-5c3e-4a08-95db-080ced308e52,2026-07-31T13:15:00Z,2026-07-31T15:15:00+0200,5115.6329,MW,DE,DE_LU,actual_onshore_wind_generation,Wind Onshore,2026-08-25T03:38:09Z
2026-08-25T03:35:04Z,2026-08-25T05:35:04+0200,16553320-5c3e-4a08-95db-080ced308e52,2026-07-31T13:30:00Z,2026-07-31T15:30:00+0200,5036.82415,MW,DE,DE_LU,actual_onshore_wind_generation,Wind Onshore,2026-08-25T03:38:09Z
2026-08-25T03:35:04Z,2026-08-25T05:35:04+0200,16553320-5c3e-4a08-95db-080ced308e52,2026-07-31T13:45:00Z,2026-07-31T15:45:00+0200,5137.78124,MW,DE,DE_LU,actual_onshore_wind_generation,Wind Onshore,2026-08-25T03:38:09Z
2026-08-25T03:35:04Z,2026-08-25T05:35:04+0200,16553320-5c3e-4a08-95db-080ced308e52,2026-07-31T14:00:00Z,2026-07-31T16:00:00+0200,5048.36665,MW,DE,DE_LU,actual_onshore_wind_generation,Wind Onshore,2026-08-25T03:38:09Z
2026-08-25T03:35:04Z,2026-08-25T05:35:04+0200,16553320-5c3e-4a08-95db-080ced308e52,2026-07-31T14:15:00Z,2026-07-31T16:15:00+0200,5090.83932,MW,DE,DE_LU,actual_onshore_wind_generation,Wind Onshore,2026-08-25T03:38:09Z
2026-08-25T03:35:04Z,2026-08-25T05:35:04+0200,16553320-5c3e-4a08-95db-080ced308e52,2026-07-31T14:30:00Z,2026-07-31T16:30:00+0200,5352.13057,MW,DE,DE_LU,actual_onshore_wind_generation,Wind Onshore,2026-08-25T03:38:09Z
2026-08-25T03:35:04Z,2026-08-25T05:35:04+0200,16553320-5c3e-4a08-95db-080ced308e52,2026-07-31T14:45:00Z,2026-07-31T16:45:00+0200,5512.94284,MW,DE,DE_LU,actual_onshore_wind_generation,Wind Onshore,2026-08-25T03:38:09Z
2026-08-25T03:35:04Z,2026-08-25T05:35:04+0200,16553320-5c3e-4a08-95db-080ced308e52,2026-07-31T15:00:00Z,2026-07-31T17:00:00+0200,5679.29945,MW,DE,DE_LU,actual_onshore_wind_generation,Wind Onshore,2026-08-25T03:38:09Z
2026-08-25T03:35:04Z,2026-08-25T05:35:04+0200,16553320-5c3e-4a08-95db-080ced308e52,2026-07-31T15:15:00Z,2026-07-31T17:15:00+0200,5843.16861,MW,DE,DE_LU,actual_onshore_wind_generation,Wind Onshore,2026-08-25T03:38:09Z
2026-08-25T03:35:04Z,2026-08-25T05:35:04+0200,16553320-5c3e-4a08-95db-080ced308e52,2026-07-31T15:30:00Z,2026-07-31T17:30:00+0200,6045.84791,MW,DE,DE_LU,actual_onshore_wind_generation,Wind Onshore,2026-08-25T03:38:09Z
2026-08-25T03:35:04Z,2026-08-25T05:35:04+0200,16553320-5c3e-4a08-95db-080ced308e52,2026-07-31T15:45:00Z,2026-07-31T17:45:00+0200,6231.13543,MW,DE,DE_LU,actual_onshore_wind_generation,Wind Onshore,2026-08-25T03:38:09Z
2026-08-25T03:35:04Z,2026-08-25T05:35:04+0200,16553320-5c3e-4a08-95db-080ced308e52,2026-07-31T16:00:00Z,2026-07-31T18:00:00+0200,6317.67671,MW,DE,DE_LU,actual_onshore_wind_generation,Wind Onshore,2026-08-25T03:38:09Z
2026-08-25T03:35:04Z,2026-08-25T05:35:04+0200,16553320-5c3e-4a08-95db-080ced308e52,2026-07-31T16:15:00Z,2026-07-31T18:15:00+0200,6372.1614,MW,DE,DE_LU,actual_onshore_wind_generation,Wind Onshore,2026-08-25T03:38:09Z
2026-08-25T03:35:04Z,2026-08-25T05:35:04+0200,16553320-5c3e-4a08-95db-080ced308e52,2026-07-31T16:30:00Z,2026-07-31T18:30:00+0200,6437.28653,MW,DE,DE_LU,actual_onshore_wind_generation,Wind Onshore,2026-08-25T03:38:09Z
2026-08-25T03:35:04Z,2026-08-25T05:35:04+0200,16553320-5c3e-4a08-95db-080ced308e52,2026-07-31T16:45:00Z,2026-07-31T18:45:00+0200,6384.50787,MW,DE,DE_LU,actual_onshore_wind_generation,Wind Onshore,2026-08-25T03:38:09Z
2026-08-25T03:35:04Z,2026-08-25T05:35:04+0200,16553320-5c3e-4a08-95db-080ced308e52,2026-07-31T17:00:00Z,2026-07-31T19:00:00+0200,6353.175,MW,DE,DE_LU,actual_onshore_wind_generation,Wind Onshore,2026-08-25T03:38:09Z
2026-08-25T03:35:04Z,2026-08-25T05:35:04+0200,16553320-5c3e-4a08-95db-080ced308e52,2026-07-31T17:15:00Z,2026-07-31T19:15:00+0200,6456.77986,MW,DE,DE_LU,actual_onshore_wind_generation,Wind Onshore,2026-08-25T03:38:09Z
2026-08-25T03:35:04Z,2026-08-25T05:35:04+0200,16553320-5c3e-4a08-95db-080ced308e52,2026-07-31T17:30:00Z,2026-07-31T19:30:00+0200,6542.09374,MW,DE,DE_LU,actual_onshore_wind_generation,Wind Onshore,2026-08-25T03:38:09Z
2026-08-25T03:35:04Z,2026-08-25T05:35:04+0200,16553320-5c3e-4a08-95db-080ced308e52,2026-07-31T17:45:00Z,2026-07-31T19:45:00+0200,6713.56197,MW,DE,DE_LU,actual_onshore_wind_generation,Wind Onshore,2026-08-25T03:38:09Z
2026-08-25T03:35:04Z,2026-08-25T05:35:04+0200,16553320-5c3e-4a08-95db-080ced308e52,2026-07-31T18:00:00Z,2026-07-31T20:00:00+0200,6634.50696,MW,DE,DE_LU,actual_onshore_wind_generation,Wind Onshore,2026-08-25T03:38:09Z
2026-08-25T03:35:04Z,2026-08-25T05:35:04+0200,16553320-5c3e-4a08-95db-080ced308e52,2026-07-31T18:15:00Z,2026-07-31T20:15:00+0200,6421.68231,MW,DE,DE_LU,actual_onshore_wind_generation,Wind Onshore,2026-08-25T03:38:09Z
2026-08-25T03:35:04Z,2026-08-25T05:35:04+0200,16553320-5c3e-4a08-95db-080ced308e52,2026-07-31T18:30:00Z,2026-07-31T20:30:00+0200,6297.03743,MW,DE,DE_LU,actual_onshore_wind_generation,Wind Onshore,2026-08-25T03:38:09Z
2026-08-25T03:35:04Z,2026-08-25T05:35:04+0200,16553320-5c3e-4a08-95db-080ced308e52,2026-07-31T18:45:00Z,2026-07-31T20:45:00+0200,6260.08619,MW,DE,DE_LU,actual_onshore_wind_generation,Wind Onshore,2026-08-25T03:38:09Z
2026-08-25T03:35:04Z,2026-08-25T05:35:04+0200,16553320-5c3e-4a08-95db-080ced308e52,2026-07-31T19:00:00Z,2026-07-31T21:00:00+0200,6043.8975,MW,DE,DE_LU,actual_onshore_wind_generation,Wind Onshore,2026-08-25T03:38:09Z
2026-08-25T03:35:04Z,2026-08-25T05:35:04+0200,16553320-5c3e-4a08-95db-080ced308e52,2026-07-31T19:15:00Z,2026-07-31T21:15:00+0200,5376.46791,MW,DE,DE_LU,actual_onshore_wind_generation,Wind Onshore,2026-08-25T03:38:09Z
2026-08-25T03:35:04Z,2026-08-25T05:35:04+0200,16553320-5c3e-4a08-95db-080ced308e52,2026-07-31T19:30:00Z,2026-07-31T21:30:00+0200,4884.64608,MW,DE,DE_LU,actual_onshore_wind_generation,Wind Onshore,2026-08-25T03:38:09Z
2026-08-25T03:35:04Z,2026-08-25T05:35:04+0200,16553320-5c3e-4a08-95db-080ced308e52,2026-07-31T19:45:00Z,2026-07-31T21:45:00+0200,4734.6442,MW,DE,DE_LU,actual_onshore_wind_generation,Wind Onshore,2026-08-25T03:38:09Z
2026-08-25T03:35:04Z,2026-08-25T05:35:04+0200,16553320-5c3e-4a08-95db-080ced308e52,2026-07-31T20:00:00Z,2026-07-31T22:00:00+0200,4371.02358,MW,DE,DE_LU,actual_onshore_wind_generation,Wind Onshore,2026-08-25T03:38:09Z
2026-08-25T03:35:04Z,2026-08-25T05:35:04+0200,16553320-5c3e-4a08-95db-080ced308e52,2026-07-31T20:15:00Z,2026-07-31T22:15:00+0200,4256.29538,MW,DE,DE_LU,actual_onshore_wind_generation,Wind Onshore,2026-08-25T03:38:09Z
2026-08-25T03:35:04Z,2026-08-25T05:35:04+0200,16553320-5c3e-4a08-95db-080ced308e52,2026-07-31T20:30:00Z,2026-07-31T22:30:00+0200,4346.98659,MW,DE,DE_LU,actual_onshore_wind_generation,Wind Onshore,2026-08-25T03:38:09Z
2026-08-25T03:35:04Z,2026-08-25T05:35:04+0200,16553320-5c3e-4a08-95db-080ced308e52,2026-07-31T20:45:00Z,2026-07-31T22:45:00+0200,4430.42628,MW,DE,DE_LU,actual_onshore_wind_generation,Wind Onshore,2026-08-25T03:38:09Z
2026-08-25T03:35:04Z,2026-08-25T05:35:04+0200,16553320-5c3e-4a08-95db-080ced308e52,2026-07-31T21:00:00Z,2026-07-31T23:00:00+0200,4823.48542,MW,DE,DE_LU,actual_onshore_wind_generation,Wind Onshore,2026-08-25T03:38:09Z
2026-08-25T03:35:04Z,2026-08-25T05:35:04+0200,16553320-5c3e-4a08-95db-080ced308e52,2026-07-31T21:15:00Z,2026-07-31T23:15:00+0200,4904.79389,MW,DE,DE_LU,actual_onshore_wind_generation,Wind Onshore,2026-08-25T03:38:09Z
2026-08-25T03:35:04Z,2026-08-25T05:35:04+0200,16553320-5c3e-4a08-95db-080ced308e52,2026-07-31T21:30:00Z,2026-07-31T23:30:00+0200,4632.2499,MW,DE,DE_LU,actual_onshore_wind_generation,Wind Onshore,2026-08-25T03:38:09Z
2026-08-25T03:35:04Z,2026-08-25T05:35:04+0200,16553320-5c3e-4a08-95db-080ced308e52,2026-07-31T21:45:00Z,2026-07-31T23:45:00+0200,4592.06115,MW,DE,DE_LU,actual_onshore_wind_generation,Wind Onshore,2026-08-25T03:38:09Z
2026-08-25T03:35:04Z,2026-08-25T05:35:04+0200,16553320-5c3e-4a08-95db-080ced308e52,2026-07-31T22:00:00Z,2026-08-01T00:00:00+0200,4355.09309,MW,DE,DE_LU,actual_onshore_wind_generation,Wind Onshore,2026-08-25T03:38:09Z
2026-08-25T03:35:04Z,2026-08-25T05:35:04+0200,16553320-5c3e-4a08-95db-080ced308e52,2026-07-31T22:15:00Z,2026-08-01T00:15:00+0200,4242.43724,MW,DE,DE_LU,actual_onshore_wind_generation,Wind Onshore,2026-08-25T03:38:09Z
2026-08-25T03:35:04Z,2026-08-25T05:35:04+0200,16553320-5c3e-4a08-95db-080ced308e52,2026-07-31T22:30:00Z,2026-08-01T00:30:00+0200,4008.79568,MW,DE,DE_LU,actual_onshore_wind_generation,Wind Onshore,2026-08-25T03:38:09Z
2026-08-25T03:35:04Z,2026-08-25T05:35:04+0200,16553320-5c3e-4a08-95db-080ced308e52,2026-07-31T22:45:00Z,2026-08-01T00:45:00+0200,3979.28568,MW,DE,DE_LU,actual_onshore_wind_generation,Wind Onshore,2026-08-25T03:38:09Z
2026-08-25T03:35:04Z,2026-08-25T05:35:04+0200,16553320-5c3e-4a08-95db-080ced308e52,2026-07-31T23:00:00Z,2026-08-01T01:00:00+0200,4127.09229,MW,DE,DE_LU,actual_onshore_wind_generation,Wind Onshore,2026-08-25T03:38:09Z
2026-08-25T03:35:04Z,2026-08-25T05:35:04+0200,16553320-5c3e-4a08-95db-080ced308e52,2026-07-31T23:15:00Z,2026-08-01T01:15:00+0200,4615.74016,MW,DE,DE_LU,actual_onshore_wind_generation,Wind Onshore,2026-08-25T03:38:09Z
2026-08-25T03:35:04Z,2026-08-25T05:35:04+0200,16553320-5c3e-4a08-95db-080ced308e52,2026-07-31T23:30:00Z,2026-08-01T01:30:00+0200,5016.38102,MW,DE,DE_LU,actual_onshore_wind_generation,Wind Onshore,2026-08-25T03:38:09Z
2026-08-25T03:35:04Z,2026-08-25T05:35:04+0200,16553320-5c3e-4a08-95db-080ced308e52,2026-07-31T23:45:00Z,2026-08-01T01:45:00+0200,5221.15307,MW,DE,DE_LU,actual_onshore_wind_generation,Wind Onshore,2026-08-25T03:38:09Z
2026-08-25T03:35:04Z,2026-08-25T05:35:04+0200,16553320-5c3e-4a08-95db-080ced308e52,2026-08-01T00:00:00Z,2026-08-01T02:00:00+0200,5290.06843,MW,DE,DE_LU,actual_onshore_wind_generation,Wind Onshore,2026-08-25T03:38:09Z
2026-08-25T03:35:04Z,2026-08-25T05:35:04+0200,16553320-5c3e-4a08-95db-080ced308e52,2026-08-01T00:15:00Z,2026-08-01T02:15:00+0200,5316.00148,MW,DE,DE_LU,actual_onshore_wind_generation,Wind Onshore,2026-08-25T03:38:09Z
2026-08-25T03:35:04Z,2026-08-25T05:35:04+0200,16553320-5c3e-4a08-95db-080ced308e52,2026-08-01T00:30:00Z,2026-08-01T02:30:00+0200,5282.87364,MW,DE,DE_LU,actual_onshore_wind_generation,Wind Onshore,2026-08-25T03:38:09Z
2026-08-25T03:35:04Z,2026-08-25T05:35:04+0200,16553320-5c3e-4a08-95db-080ced308e52,2026-08-01T00:45:00Z,2026-08-01T02:45:00+0200,5261.07698,MW,DE,DE_LU,actual_onshore_wind_generation,Wind Onshore,2026-08-25T03:38:09Z
2026-08-25T03:35:04Z,2026-08-25T05:35:04+0200,16553320-5c3e-4a08-95db-080ced308e52,2026-08-01T01:00:00Z,2026-08-01T03:00:00+0200,5268.10432,MW,DE,DE_LU,actual_onshore_wind_generation,Wind Onshore,2026-08-25T03:38:09Z
2026-08-25T03:35:04Z,2026-08-25T05:35:04+0200,16553320-5c3e-4a08-95db-080ced308e52,2026-08-01T01:15:00Z,2026-08-01T03:15:00+0200,5469.7719,MW,DE,DE_LU,actual_onshore_wind_generation,Wind Onshore,2026-08-25T03:38:09Z
2026-08-25T03:35:04Z,2026-08-25T05:35:04+0200,16553320-5c3e-4a08-95db-080ced308e52,2026-08-01T01:30:00Z,2026-08-01T03:30:00+0200,5520.60902,MW,DE,DE_LU,actual_onshore_wind_generation,Wind Onshore,2026-08-25T03:38:09Z
2026-08-25T03:35:04Z,2026-08-25T05:35:04+0200,16553320-5c3e-4a08-95db-080ced308e52,2026-08-01T01:45:00Z,2026-08-01T03:45:00+0200,5564.13076,MW,DE,DE_LU,actual_onshore_wind_generation,Wind Onshore,2026-08-25T03:38:09Z
2026-08-25T03:35:04Z,2026-08-25T05:35:04+0200,16553320-5c3e-4a08-95db-080ced308e52,2026-08-01T02:00:00Z,2026-08-01T04:00:00+0200,5771.06036,MW,DE,DE_LU,actual_onshore_wind_generation,Wind Onshore,2026-08-25T03:38:09Z
2026-08-25T03:35:04Z,2026-08-25T05:35:04+0200,16553320-5c3e-4a08-95db-080ced308e52,2026-08-01T02:15:00Z,2026-08-01T04:15:00+0200,6014.09086,MW,DE,DE_LU,actual_onshore_wind_generation,Wind Onshore,2026-08-25T03:38:09Z
2026-08-25T03:35:04Z,2026-08-25T05:35:04+0200,16553320-5c3e-4a08-95db-080ced308e52,2026-08-01T02:30:00Z,2026-08-01T04:30:00+0200,6151.50696,MW,DE,DE_LU,actual_onshore_wind_generation,Wind Onshore,2026-08-25T03:38:09Z
2026-08-25T03:35:04Z,2026-08-25T05:35:04+0200,16553320-5c3e-4a08-95db-080ced308e52,2026-08-01T02:45:00Z,2026-08-01T04:45:00+0200,6260.64696,MW,DE,DE_LU,actual_onshore_wind_generation,Wind Onshore,2026-08-25T03:38:09Z
2026-08-25T03:35:04Z,2026-08-25T05:35:04+0200,16553320-5c3e-4a08-95db-080ced308e52,2026-08-01T03:00:00Z,2026-08-01T05:00:00+0200,6440.19382,MW,DE,DE_LU,actual_onshore_wind_generation,Wind Onshore,2026-08-25T03:38:09Z
2026-08-25T03:35:04Z,2026-08-25T05:35:04+0200,16553320-5c3e-4a08-95db-080ced308e52,2026-08-01T03:15:00Z,2026-08-01T05:15:00+0200,6477.20336,MW,DE,DE_LU,actual_onshore_wind_generation,Wind Onshore,2026-08-25T03:38:09Z
2026-08-25T03:35:04Z,2026-08-25T05:35:04+0200,16553320-5c3e-4a08-95db-080ced308e52,2026-08-01T03:30:00Z,2026-08-01T05:30:00+0200,6493.46672,MW,DE,DE_LU,actual_onshore_wind_generation,Wind Onshore,2026-08-25T03:38:09Z
2026-08-25T03:35:04Z,2026-08-25T05:35:04+0200,16553320-5c3e-4a08-95db-080ced308e52,2026-08-01T03:45:00Z,2026-08-01T05:45:00+0200,6812.24843,MW,DE,DE_LU,actual_onshore_wind_generation,Wind Onshore,2026-08-25T03:38:09Z
2026-08-25T03:35:04Z,2026-08-25T05:35:04+0200,16553320-5c3e-4a08-95db-080ced308e52,2026-08-01T04:00:00Z,2026-08-01T06:00:00+0200,6757.52741,MW,DE,DE_LU,actual_onshore_wind_generation,Wind Onshore,2026-08-25T03:38:09Z
2026-08-25T03:35:04Z,2026-08-25T05:35:04+0200,16553320-5c3e-4a08-95db-080ced308e52,2026-08-01T04:15:00Z,2026-08-01T06:15:00+0200,6408.86369,MW,DE,DE_LU,actual_onshore_wind_generation,Wind Onshore,2026-08-25T03:38:09Z
2026-08-25T03:35:04Z,2026-08-25T05:35:04+0200,16553320-5c3e-4a08-95db-080ced308e52,2026-08-01T04:30:00Z,2026-08-01T06:30:00+0200,6354.56336,MW,DE,DE_LU,actual_onshore_wind_generation,Wind Onshore,2026-08-25T03:38:09Z
2026-08-25T03:35:04Z,2026-08-25T05:35:04+0200,16553320-5c3e-4a08-95db-080ced308e52,2026-08-01T04:45:00Z,2026-08-01T06:45:00+0200,6127.70221,MW,DE,DE_LU,actual_onshore_wind_generation,Wind Onshore,2026-08-25T03:38:09Z
2026-08-25T03:35:04Z,2026-08-25T05:35:04+0200,16553320-5c3e-4a08-95db-080ced308e52,2026-08-01T05:00:00Z,2026-08-01T07:00:00+0200,5746.52581,MW,DE,DE_LU,actual_onshore_wind_generation,Wind Onshore,2026-08-25T03:38:09Z
2026-08-25T03:35:04Z,2026-08-25T05:35:04+0200,16553320-5c3e-4a08-95db-080ced308e52,2026-08-01T05:15:00Z,2026-08-01T07:15:00+0200,5234.96427,MW,DE,DE_LU,actual_onshore_wind_generation,Wind Onshore,2026-08-25T03:38:09Z
2026-08-25T03:35:04Z,2026-08-25T05:35:04+0200,16553320-5c3e-4a08-95db-080ced308e52,2026-08-01T05:30:00Z,2026-08-01T07:30:00+0200,4681.9861,MW,DE,DE_LU,actual_onshore_wind_generation,Wind Onshore,2026-08-25T03:38:09Z
2026-08-25T03:35:04Z,2026-08-25T05:35:04+0200,16553320-5c3e-4a08-95db-080ced308e52,2026-08-01T05:45:00Z,2026-08-01T07:45:00+0200,4493.32124,MW,DE,DE_LU,actual_onshore_wind_generation,Wind Onshore,2026-08-25T03:38:09Z
2026-08-25T03:35:04Z,2026-08-25T05:35:04+0200,16553320-5c3e-4a08-95db-080ced308e52,2026-08-01T06:00:00Z,2026-08-01T08:00:00+0200,4154.53668,MW,DE,DE_LU,actual_onshore_wind_generation,Wind Onshore,2026-08-25T03:38:09Z
2026-08-25T03:35:04Z,2026-08-25T05:35:04+0200,16553320-5c3e-4a08-95db-080ced308e52,2026-08-01T06:15:00Z,2026-08-01T08:15:00+0200,3897.88726,MW,DE,DE_LU,actual_onshore_wind_generation,Wind Onshore,2026-08-25T03:38:09Z
2026-08-25T03:35:04Z,2026-08-25T05:35:04+0200,16553320-5c3e-4a08-95db-080ced308e52,2026-08-01T06:30:00Z,2026-08-01T08:30:00+0200,3909.41405,MW,DE,DE_LU,actual_onshore_wind_generation,Wind Onshore,2026-08-25T03:38:09Z
2026-08-25T03:35:04Z,2026-08-25T05:35:04+0200,16553320-5c3e-4a08-95db-080ced308e52,2026-08-01T06:45:00Z,2026-08-01T08:45:00+0200,3745.14404,MW,DE,DE_LU,actual_onshore_wind_generation,Wind Onshore,2026-08-25T03:38:09Z
2026-08-25T03:35:04Z,2026-08-25T05:35:04+0200,16553320-5c3e-4a08-95db-080ced308e52,2026-08-01T07:00:00Z,2026-08-01T09:00:00+0200,3483.44772,MW,DE,DE_LU,actual_onshore_wind_generation,Wind Onshore,2026-08-25T03:38:09Z
2026-08-25T03:35:04Z,2026-08-25T05:35:04+0200,16553320-5c3e-4a08-95db-080ced308e52,2026-08-01T07:15:00Z,2026-08-01T09:15:00+0200,3381.80702,MW,DE,DE_LU,actual_onshore_wind_generation,Wind Onshore,2026-08-25T03:38:09Z
2026-08-25T03:35:04Z,2026-08-25T05:35:04+0200,16553320-5c3e-4a08-95db-080ced308e52,2026-08-01T07:30:00Z,2026-08-01T09:30:00+0200,3300.54083,MW,DE,DE_LU,actual_onshore_wind_generation,Wind Onshore,2026-08-25T03:38:09Z
2026-08-25T03:35:04Z,2026-08-25T05:35:04+0200,16553320-5c3e-4a08-95db-080ced308e52,2026-08-01T07:45:00Z,2026-08-01T09:45:00+0200,3309.74145,MW,DE,DE_LU,actual_onshore_wind_generation,Wind Onshore,2026-08-25T03:38:09Z
2026-08-25T03:35:04Z,2026-08-25T05:35:04+0200,16553320-5c3e-4a08-95db-080ced308e52,2026-08-01T08:00:00Z,2026-08-01T10:00:00+0200,3395.70205,MW,DE,DE_LU,actual_onshore_wind_generation,Wind Onshore,2026-08-25T03:38:09Z
2026-08-25T03:35:04Z,2026-08-25T05:35:04+0200,16553320-5c3e-4a08-95db-080ced308e52,2026-08-01T08:15:00Z,2026-08-01T10:15:00+0200,3463.57667,MW,DE,DE_LU,actual_onshore_wind_generation,Wind Onshore,2026-08-25T03:38:09Z
2026-08-25T03:35:04Z,2026-08-25T05:35:04+0200,16553320-5c3e-4a08-95db-080ced308e52,2026-08-01T08:30:00Z,2026-08-01T10:30:00+0200,3503.89424,MW,DE,DE_LU,actual_onshore_wind_generation,Wind Onshore,2026-08-25T03:38:09Z
2026-08-25T03:35:04Z,2026-08-25T05:35:04+0200,16553320-5c3e-4a08-95db-080ced308e52,2026-08-01T08:45:00Z,2026-08-01T10:45:00+0200,3520.81261,MW,DE,DE_LU,actual_onshore_wind_generation,Wind Onshore,2026-08-25T03:38:09Z
2026-08-25T03:35:04Z,2026-08-25T05:35:04+0200,16553320-5c3e-4a08-95db-080ced308e52,2026-08-01T09:00:00Z,2026-08-01T11:00:00+0200,3621.86389,MW,DE,DE_LU,actual_onshore_wind_generation,Wind Onshore,2026-08-25T03:38:09Z
2026-08-25T03:35:04Z,2026-08-25T05:35:04+0200,16553320-5c3e-4a08-95db-080ced308e52,2026-08-01T09:15:00Z,2026-08-01T11:15:00+0200,3671.1132,MW,DE,DE_LU,actual_onshore_wind_generation,Wind Onshore,2026-08-25T03:38:09Z
2026-08-25T03:35:04Z,2026-08-25T05:35:04+0200,16553320-5c3e-4a08-95db-080ced308e52,2026-08-01T09:30:00Z,2026-08-01T11:30:00+0200,3676.5655,MW,DE,DE_LU,actual_onshore_wind_generation,Wind Onshore,2026-08-25T03:38:09Z
2026-08-25T03:35:04Z,2026-08-25T05:35:04+0200,16553320-5c3e-4a08-95db-080ced308e52,2026-08-01T09:45:00Z,2026-08-01T11:45:00+0200,3689.91729,MW,DE,DE_LU,actual_onshore_wind_generation,Wind Onshore,2026-08-25T03:38:09Z
2026-08-25T03:35:04Z,2026-08-25T05:35:04+0200,16553320-5c3e-4a08-95db-080ced308e52,2026-08-01T10:00:00Z,2026-08-01T12:00:00+0200,3582.47211,MW,DE,DE_LU,actual_onshore_wind_generation,Wind Onshore,2026-08-25T03:38:09Z
2026-08-25T03:35:04Z,2026-08-25T05:35:04+0200,16553320-5c3e-4a08-95db-080ced308e52,2026-08-01T10:15:00Z,2026-08-01T12:15:00+0200,3703.25756,MW,DE,DE_LU,actual_onshore_wind_generation,Wind Onshore,2026-08-25T03:38:09Z
2026-08-25T03:35:04Z,2026-08-25T05:35:04+0200,16553320-5c3e-4a08-95db-080ced308e52,2026-08-01T10:30:00Z,2026-08-01T12:30:00+0200,3787.85303,MW,DE,DE_LU,actual_onshore_wind_generation,Wind Onshore,2026-08-25T03:38:09Z
2026-08-25T03:35:04Z,2026-08-25T05:35:04+0200,16553320-5c3e-4a08-95db-080ced308e52,2026-08-01T10:45:00Z,2026-08-01T12:45:00+0200,3818.80087,MW,DE,DE_LU,actual_onshore_wind_generation,Wind Onshore,2026-08-25T03:38:09Z
2026-08-25T03:35:04Z,2026-08-25T05:35:04+0200,16553320-5c3e-4a08-95db-080ced308e52,2026-08-01T11:00:00Z,2026-08-01T13:00:00+0200,3945.40437,MW,DE,DE_LU,actual_onshore_wind_generation,Wind Onshore,2026-08-25T03:38:09Z
2026-08-25T03:35:04Z,2026-08-25T05:35:04+0200,16553320-5c3e-4a08-95db-080ced308e52,2026-08-01T11:15:00Z,2026-08-01T13:15:00+0200,4130.50581,MW,DE,DE_LU,actual_onshore_wind_generation,Wind Onshore,2026-08-25T03:38:09Z
2026-08-25T03:35:04Z,2026-08-25T05:35:04+0200,16553320-5c3e-4a08-95db-080ced308e52,2026-08-01T11:30:00Z,2026-08-01T13:30:00+0200,4364.23037,MW,DE,DE_LU,actual_onshore_wind_generation,Wind Onshore,2026-08-25T03:38:09Z
2026-08-25T03:35:04Z,2026-08-25T05:35:04+0200,16553320-5c3e-4a08-95db-080ced308e52,2026-08-01T11:45:00Z,2026-08-01T13:45:00+0200,4549.97084,MW,DE,DE_LU,actual_onshore_wind_generation,Wind Onshore,2026-08-25T03:38:09Z
2026-08-25T03:35:04Z,2026-08-25T05:35:04+0200,16553320-5c3e-4a08-95db-080ced308e52,2026-08-01T12:00:00Z,2026-08-01T14:00:00+0200,4538.57121,MW,DE,DE_LU,actual_onshore_wind_generation,Wind Onshore,2026-08-25T03:38:09Z
2026-08-25T03:35:04Z,2026-08-25T05:35:04+0200,16553320-5c3e-4a08-95db-080ced308e52,2026-08-01T12:15:00Z,2026-08-01T14:15:00+0200,4555.61978,MW,DE,DE_LU,actual_onshore_wind_generation,Wind Onshore,2026-08-25T03:38:09Z
2026-08-25T03:35:04Z,2026-08-25T05:35:04+0200,16553320-5c3e-4a08-95db-080ced308e52,2026-08-01T12:30:00Z,2026-08-01T14:30:00+0200,4725.5529,MW,DE,DE_LU,actual_onshore_wind_generation,Wind Onshore,2026-08-25T03:38:09Z
2026-08-25T03:35:04Z,2026-08-25T05:35:04+0200,16553320-5c3e-4a08-95db-080ced308e52,2026-08-01T12:45:00Z,2026-08-01T14:45:00+0200,4733.79426,MW,DE,DE_LU,actual_onshore_wind_generation,Wind Onshore,2026-08-25T03:38:09Z
2026-08-25T03:35:04Z,2026-08-25T05:35:04+0200,16553320-5c3e-4a08-95db-080ced308e52,2026-08-01T13:00:00Z,2026-08-01T15:00:00+0200,4417.16182,MW,DE,DE_LU,actual_onshore_wind_generation,Wind Onshore,2026-08-25T03:38:09Z
2026-08-25T03:35:04Z,2026-08-25T05:35:04+0200,16553320-5c3e-4a08-95db-080ced308e52,2026-08-01T13:15:00Z,2026-08-01T15:15:00+0200,4544.66015,MW,DE,DE_LU,actual_onshore_wind_generation,Wind Onshore,2026-08-25T03:38:09Z
2026-08-25T03:35:04Z,2026-08-25T05:35:04+0200,16553320-5c3e-4a08-95db-080ced308e52,2026-08-01T13:30:00Z,2026-08-01T15:30:00+0200,4567.42321,MW,DE,DE_LU,actual_onshore_wind_generation,Wind Onshore,2026-08-25T03:38:09Z
2026-08-25T03:35:04Z,2026-08-25T05:35:04+0200,16553320-5c3e-4a08-95db-080ced308e52,2026-08-01T13:45:00Z,2026-08-01T15:45:00+0200,4826.86677,MW,DE,DE_LU,actual_onshore_wind_generation,Wind Onshore,2026-08-25T03:38:09Z
2026-08-25T03:35:04Z,2026-08-25T05:35:04+0200,16553320-5c3e-4a08-95db-080ced308e52,2026-08-01T14:00:00Z,2026-08-01T16:00:00+0200,4781.50724,MW,DE,DE_LU,actual_onshore_wind_generation,Wind Onshore,2026-08-25T03:38:09Z
2026-08-25T03:35:04Z,2026-08-25T05:35:04+0200,16553320-5c3e-4a08-95db-080ced308e52,2026-08-01T14:15:00Z,2026-08-01T16:15:00+0200,4911.75916,MW,DE,DE_LU,actual_onshore_wind_generation,Wind Onshore,2026-08-25T03:38:09Z
2026-08-25T03:35:04Z,2026-08-25T05:35:04+0200,16553320-5c3e-4a08-95db-080ced308e52,2026-08-01T14:30:00Z,2026-08-01T16:30:00+0200,4982.41572,MW,DE,DE_LU,actual_onshore_wind_generation,Wind Onshore,2026-08-25T03:38:09Z
2026-08-25T03:35:04Z,2026-08-25T05:35:04+0200,16553320-5c3e-4a08-95db-080ced308e52,2026-08-01T14:45:00Z,2026-08-01T16:45:00+0200,4773.56678,MW,DE,DE_LU,actual_onshore_wind_generation,Wind Onshore,2026-08-25T03:38:09Z
2026-08-25T03:35:04Z,2026-08-25T05:35:04+0200,16553320-5c3e-4a08-95db-080ced308e52,2026-08-01T15:00:00Z,2026-08-01T17:00:00+0200,4517.48274,MW,DE,DE_LU,actual_onshore_wind_generation,Wind Onshore,2026-08-25T03:38:09Z
2026-08-25T03:35:04Z,2026-08-25T05:35:04+0200,16553320-5c3e-4a08-95db-080ced308e52,2026-08-01T15:15:00Z,2026-08-01T17:15:00+0200,4485.88907,MW,DE,DE_LU,actual_onshore_wind_generation,Wind Onshore,2026-08-25T03:38:09Z
2026-08-25T03:35:04Z,2026-08-25T05:35:04+0200,16553320-5c3e-4a08-95db-080ced308e52,2026-08-01T15:30:00Z,2026-08-01T17:30:00+0200,4416.20432,MW,DE,DE_LU,actual_onshore_wind_generation,Wind Onshore,2026-08-25T03:38:09Z
2026-08-25T03:35:04Z,2026-08-25T05:35:04+0200,16553320-5c3e-4a08-95db-080ced308e52,2026-08-01T15:45:00Z,2026-08-01T17:45:00+0200,4347.5659,MW,DE,DE_LU,actual_onshore_wind_generation,Wind Onshore,2026-08-25T03:38:09Z
2026-08-25T03:35:04Z,2026-08-25T05:35:04+0200,16553320-5c3e-4a08-95db-080ced308e52,2026-08-01T16:00:00Z,2026-08-01T18:00:00+0200,4272.48201,MW,DE,DE_LU,actual_onshore_wind_generation,Wind Onshore,2026-08-25T03:38:09Z
2026-08-25T03:35:04Z,2026-08-25T05:35:04+0200,16553320-5c3e-4a08-95db-080ced308e52,2026-08-01T16:15:00Z,2026-08-01T18:15:00+0200,4084.30201,MW,DE,DE_LU,actual_onshore_wind_generation,Wind Onshore,2026-08-25T03:38:09Z
2026-08-25T03:35:04Z,2026-08-25T05:35:04+0200,16553320-5c3e-4a08-95db-080ced308e52,2026-08-01T16:30:00Z,2026-08-01T18:30:00+0200,3963.06509,MW,DE,DE_LU,actual_onshore_wind_generation,Wind Onshore,2026-08-25T03:38:09Z
2026-08-25T03:35:04Z,2026-08-25T05:35:04+0200,16553320-5c3e-4a08-95db-080ced308e52,2026-08-01T16:45:00Z,2026-08-01T18:45:00+0200,3830.47938,MW,DE,DE_LU,actual_onshore_wind_generation,Wind Onshore,2026-08-25T03:38:09Z
2026-08-25T03:35:04Z,2026-08-25T05:35:04+0200,16553320-5c3e-4a08-95db-080ced308e52,2026-08-01T17:00:00Z,2026-08-01T19:00:00+0200,3727.56776,MW,DE,DE_LU,actual_onshore_wind_generation,Wind Onshore,2026-08-25T03:38:09Z
2026-08-25T03:35:04Z,2026-08-25T05:35:04+0200,16553320-5c3e-4a08-95db-080ced308e52,2026-08-01T17:15:00Z,2026-08-01T19:15:00+0200,3530.23997,MW,DE,DE_LU,actual_onshore_wind_generation,Wind Onshore,2026-08-25T03:38:09Z
2026-08-25T03:35:04Z,2026-08-25T05:35:04+0200,16553320-5c3e-4a08-95db-080ced308e52,2026-08-01T17:30:00Z,2026-08-01T19:30:00+0200,3480.80698,MW,DE,DE_LU,actual_onshore_wind_generation,Wind Onshore,2026-08-25T03:38:09Z
2026-08-25T03:35:04Z,2026-08-25T05:35:04+0200,16553320-5c3e-4a08-95db-080ced308e52,2026-08-01T17:45:00Z,2026-08-01T19:45:00+0200,3402.20877,MW,DE,DE_LU,actual_onshore_wind_generation,Wind Onshore,2026-08-25T03:38:09Z
2026-08-25T03:35:04Z,2026-08-25T05:35:04+0200,16553320-5c3e-4a08-95db-080ced308e52,2026-08-01T18:00:00Z,2026-08-01T20:00:00+0200,3256.94325,MW,DE,DE_LU,actual_onshore_wind_generation,Wind Onshore,2026-08-25T03:38:09Z
2026-08-25T03:35:04Z,2026-08-25T05:35:04+0200,16553320-5c3e-4a08-95db-080ced308e52,2026-08-01T18:15:00Z,2026-08-01T20:15:00+0200,2980.28643,MW,DE,DE_LU,actual_onshore_wind_generation,Wind Onshore,2026-08-25T03:38:09Z
2026-08-25T03:35:04Z,2026-08-25T05:35:04+0200,16553320-5c3e-4a08-95db-080ced308e52,2026-08-01T18:30:00Z,2026-08-01T20:30:00+0200,2913.29059,MW,DE,DE_LU,actual_onshore_wind_generation,Wind Onshore,2026-08-25T03:38:09Z
2026-08-25T03:35:04Z,2026-08-25T05:35:04+0200,16553320-5c3e-4a08-95db-080ced308e52,2026-08-01T18:45:00Z,2026-08-01T20:45:00+0200,3032.57675,MW,DE,DE_LU,actual_onshore_wind_generation,Wind Onshore,2026-08-25T03:38:09Z
2026-08-25T03:35:04Z,2026-08-25T05:35:04+0200,16553320-5c3e-4a08-95db-080ced308e52,2026-08-01T19:00:00Z,2026-08-01T21:00:00+0200,3046.62696,MW,DE,DE_LU,actual_onshore_wind_generation,Wind Onshore,2026-08-25T03:38:09Z
2026-08-25T03:35:04Z,2026-08-25T05:35:04+0200,16553320-5c3e-4a08-95db-080ced308e52,2026-08-01T19:15:00Z,2026-08-01T21:15:00+0200,3014.34973,MW,DE,DE_LU,actual_onshore_wind_generation,Wind Onshore,2026-08-25T03:38:09Z
2026-08-25T03:35:04Z,2026-08-25T05:35:04+0200,16553320-5c3e-4a08-95db-080ced308e52,2026-08-01T19:30:00Z,2026-08-01T21:30:00+0200,3145.0034,MW,DE,DE_LU,actual_onshore_wind_generation,Wind Onshore,2026-08-25T03:38:09Z
2026-08-25T03:35:04Z,2026-08-25T05:35:04+0200,16553320-5c3e-4a08-95db-080ced308e52,2026-08-01T19:45:00Z,2026-08-01T21:45:00+0200,3318.921,MW,DE,DE_LU,actual_onshore_wind_generation,Wind Onshore,2026-08-25T03:38:09Z
2026-08-25T03:35:04Z,2026-08-25T05:35:04+0200,16553320-5c3e-4a08-95db-080ced308e52,2026-08-01T20:00:00Z,2026-08-01T22:00:00+0200,3379.95705,MW,DE,DE_LU,actual_onshore_wind_generation,Wind Onshore,2026-08-25T03:38:09Z
2026-08-25T03:35:04Z,2026-08-25T05:35:04+0200,16553320-5c3e-4a08-95db-080ced308e52,2026-08-01T20:15:00Z,2026-08-01T22:15:00+0200,3590.04443,MW,DE,DE_LU,actual_onshore_wind_generation,Wind Onshore,2026-08-25T03:38:09Z
2026-08-25T03:35:04Z,2026-08-25T05:35:04+0200,16553320-5c3e-4a08-95db-080ced308e52,2026-08-01T20:30:00Z,2026-08-01T22:30:00+0200,3767.19326,MW,DE,DE_LU,actual_onshore_wind_generation,Wind Onshore,2026-08-25T03:38:09Z
2026-08-25T03:35:04Z,2026-08-25T05:35:04+0200,16553320-5c3e-4a08-95db-080ced308e52,2026-08-01T20:45:00Z,2026-08-01T22:45:00+0200,3950.94851,MW,DE,DE_LU,actual_onshore_wind_generation,Wind Onshore,2026-08-25T03:38:09Z
2026-08-25T03:35:04Z,2026-08-25T05:35:04+0200,16553320-5c3e-4a08-95db-080ced308e52,2026-08-01T21:00:00Z,2026-08-01T23:00:00+0200,4079.41012,MW,DE,DE_LU,actual_onshore_wind_generation,Wind Onshore,2026-08-25T03:38:09Z
2026-08-25T03:35:04Z,2026-08-25T05:35:04+0200,16553320-5c3e-4a08-95db-080ced308e52,2026-08-01T21:15:00Z,2026-08-01T23:15:00+0200,4199.70874,MW,DE,DE_LU,actual_onshore_wind_generation,Wind Onshore,2026-08-25T03:38:09Z
2026-08-25T03:35:04Z,2026-08-25T05:35:04+0200,16553320-5c3e-4a08-95db-080ced308e52,2026-08-01T21:30:00Z,2026-08-01T23:30:00+0200,4215.51022,MW,DE,DE_LU,actual_onshore_wind_generation,Wind Onshore,2026-08-25T03:38:09Z
2026-08-25T03:35:04Z,2026-08-25T05:35:04+0200,16553320-5c3e-4a08-95db-080ced308e52,2026-08-01T21:45:00Z,2026-08-01T23:45:00+0200,4325.69732,MW,DE,DE_LU,actual_onshore_wind_generation,Wind Onshore,2026-08-25T03:38:09Z
2026-08-25T03:35:04Z,2026-08-25T05:35:04+0200,16553320-5c3e-4a08-95db-080ced308e52,2026-08-01T22:00:00Z,2026-08-02T00:00:00+0200,4417.09702,MW,DE,DE_LU,actual_onshore_wind_generation,Wind Onshore,2026-08-25T03:38:09Z
2026-08-25T03:35:04Z,2026-08-25T05:35:04+0200,16553320-5c3e-4a08-95db-080ced308e52,2026-08-01T22:15:00Z,2026-08-02T00:15:00+0200,4473.36653,MW,DE,DE_LU,actual_onshore_wind_generation,Wind Onshore,2026-08-25T03:38:09Z
2026-08-25T03:35:04Z,2026-08-25T05:35:04+0200,16553320-5c3e-4a08-95db-080ced308e52,2026-08-01T22:30:00Z,2026-08-02T00:30:00+0200,4476.22995,MW,DE,DE_LU,actual_onshore_wind_generation,Wind Onshore,2026-08-25T03:38:09Z
2026-08-25T03:35:04Z,2026-08-25T05:35:04+0200,16553320-5c3e-4a08-95db-080ced308e52,2026-08-01T22:45:00Z,2026-08-02T00:45:00+0200,4434.27913,MW,DE,DE_LU,actual_onshore_wind_generation,Wind Onshore,2026-08-25T03:38:09Z
2026-08-25T03:35:04Z,2026-08-25T05:35:04+0200,16553320-5c3e-4a08-95db-080ced308e52,2026-08-01T23:00:00Z,2026-08-02T01:00:00+0200,4402.5586,MW,DE,DE_LU,actual_onshore_wind_generation,Wind Onshore,2026-08-25T03:38:09Z
2026-08-25T03:35:04Z,2026-08-25T05:35:04+0200,16553320-5c3e-4a08-95db-080ced308e52,2026-08-01T23:15:00Z,2026-08-02T01:15:00+0200,4376.26603,MW,DE,DE_LU,actual_onshore_wind_generation,Wind Onshore,2026-08-25T03:38:09Z
2026-08-25T03:35:04Z,2026-08-25T05:35:04+0200,16553320-5c3e-4a08-95db-080ced308e52,2026-08-01T23:30:00Z,2026-08-02T01:30:00+0200,4253.15746,MW,DE,DE_LU,actual_onshore_wind_generation,Wind Onshore,2026-08-25T03:38:09Z
2026-08-25T03:35:04Z,2026-08-25T05:35:04+0200,16553320-5c3e-4a08-95db-080ced308e52,2026-08-01T23:45:00Z,2026-08-02T01:45:00+0200,4208.77261,MW,DE,DE_LU,actual_onshore_wind_generation,Wind Onshore,2026-08-25T03:38:09Z
2026-08-25T03:35:04Z,2026-08-25T05:35:04+0200,16553320-5c3e-4a08-95db-080ced308e52,2026-08-02T00:00:00Z,2026-08-02T02:00:00+0200,4064.42226,MW,DE,DE_LU,actual_onshore_wind_generation,Wind Onshore,2026-08-25T03:38:09Z
2026-08-25T03:35:04Z,2026-08-25T05:35:04+0200,16553320-5c3e-4a08-95db-080ced308e52,2026-08-02T00:15:00Z,2026-08-02T02:15:00+0200,4026.17169,MW,DE,DE_LU,actual_onshore_wind_generation,Wind Onshore,2026-08-25T03:38:09Z
2026-08-25T03:35:04Z,2026-08-25T05:35:04+0200,16553320-5c3e-4a08-95db-080ced308e52,2026-08-02T00:30:00Z,2026-08-02T02:30:00+0200,4034.3754,MW,DE,DE_LU,actual_onshore_wind_generation,Wind Onshore,2026-08-25T03:38:09Z
2026-08-25T03:35:04Z,2026-08-25T05:35:04+0200,16553320-5c3e-4a08-95db-080ced308e52,2026-08-02T00:45:00Z,2026-08-02T02:45:00+0200,4051.45453,MW,DE,DE_LU,actual_onshore_wind_generation,Wind Onshore,2026-08-25T03:38:09Z
2026-08-25T03:35:04Z,2026-08-25T05:35:04+0200,16553320-5c3e-4a08-95db-080ced308e52,2026-08-02T01:00:00Z,2026-08-02T03:00:00+0200,4108.05495,MW,DE,DE_LU,actual_onshore_wind_generation,Wind Onshore,2026-08-25T03:38:09Z
2026-08-25T03:35:04Z,2026-08-25T05:35:04+0200,16553320-5c3e-4a08-95db-080ced308e52,2026-08-02T01:15:00Z,2026-08-02T03:15:00+0200,4209.94766,MW,DE,DE_LU,actual_onshore_wind_generation,Wind Onshore,2026-08-25T03:38:09Z
2026-08-25T03:35:04Z,2026-08-25T05:35:04+0200,16553320-5c3e-4a08-95db-080ced308e52,2026-08-02T01:30:00Z,2026-08-02T03:30:00+0200,4299.26684,MW,DE,DE_LU,actual_onshore_wind_generation,Wind Onshore,2026-08-25T03:38:09Z
2026-08-25T03:35:04Z,2026-08-25T05:35:04+0200,16553320-5c3e-4a08-95db-080ced308e52,2026-08-02T01:45:00Z,2026-08-02T03:45:00+0200,4310.74188,MW,DE,DE_LU,actual_onshore_wind_generation,Wind Onshore,2026-08-25T03:38:09Z
2026-08-25T03:35:04Z,2026-08-25T05:35:04+0200,16553320-5c3e-4a08-95db-080ced308e52,2026-08-02T02:00:00Z,2026-08-02T04:00:00+0200,4342.43017,MW,DE,DE_LU,actual_onshore_wind_generation,Wind Onshore,2026-08-25T03:38:09Z
2026-08-25T03:35:04Z,2026-08-25T05:35:04+0200,16553320-5c3e-4a08-95db-080ced308e52,2026-08-02T02:15:00Z,2026-08-02T04:15:00+0200,4378.66245,MW,DE,DE_LU,actual_onshore_wind_generation,Wind Onshore,2026-08-25T03:38:09Z
2026-08-25T03:35:04Z,2026-08-25T05:35:04+0200,16553320-5c3e-4a08-95db-080ced308e52,2026-08-02T02:30:00Z,2026-08-02T04:30:00+0200,4428.61268,MW,DE,DE_LU,actual_onshore_wind_generation,Wind Onshore,2026-08-25T03:38:09Z
2026-08-25T03:35:04Z,2026-08-25T05:35:04+0200,16553320-5c3e-4a08-95db-080ced308e52,2026-08-02T02:45:00Z,2026-08-02T04:45:00+0200,4447.08684,MW,DE,DE_LU,actual_onshore_wind_generation,Wind Onshore,2026-08-25T03:38:09Z
2026-08-25T03:35:04Z,2026-08-25T05:35:04+0200,16553320-5c3e-4a08-95db-080ced308e52,2026-08-02T03:00:00Z,2026-08-02T05:00:00+0200,4550.08024,MW,DE,DE_LU,actual_onshore_wind_generation,Wind Onshore,2026-08-25T03:38:09Z
2026-08-25T03:35:04Z,2026-08-25T05:35:04+0200,16553320-5c3e-4a08-95db-080ced308e52,2026-08-02T03:15:00Z,2026-08-02T05:15:00+0200,4660.51764,MW,DE,DE_LU,actual_onshore_wind_generation,Wind Onshore,2026-08-25T03:38:09Z
2026-08-25T03:35:04Z,2026-08-25T05:35:04+0200,16553320-5c3e-4a08-95db-080ced308e52,2026-08-02T03:30:00Z,2026-08-02T05:30:00+0200,4671.07818,MW,DE,DE_LU,actual_onshore_wind_generation,Wind Onshore,2026-08-25T03:38:09Z
2026-08-25T03:35:04Z,2026-08-25T05:35:04+0200,16553320-5c3e-4a08-95db-080ced308e52,2026-08-02T03:45:00Z,2026-08-02T05:45:00+0200,4828.39312,MW,DE,DE_LU,actual_onshore_wind_generation,Wind Onshore,2026-08-25T03:38:09Z
2026-08-25T03:35:04Z,2026-08-25T05:35:04+0200,16553320-5c3e-4a08-95db-080ced308e52,2026-08-02T04:00:00Z,2026-08-02T06:00:00+0200,4965.59305,MW,DE,DE_LU,actual_onshore_wind_generation,Wind Onshore,2026-08-25T03:38:09Z
2026-08-25T03:35:04Z,2026-08-25T05:35:04+0200,16553320-5c3e-4a08-95db-080ced308e52,2026-08-02T04:15:00Z,2026-08-02T06:15:00+0200,4862.84322,MW,DE,DE_LU,actual_onshore_wind_generation,Wind Onshore,2026-08-25T03:38:09Z
2026-08-25T03:35:04Z,2026-08-25T05:35:04+0200,16553320-5c3e-4a08-95db-080ced308e52,2026-08-02T04:30:00Z,2026-08-02T06:30:00+0200,4822.46994,MW,DE,DE_LU,actual_onshore_wind_generation,Wind Onshore,2026-08-25T03:38:09Z
2026-08-25T03:35:04Z,2026-08-25T05:35:04+0200,16553320-5c3e-4a08-95db-080ced308e52,2026-08-02T04:45:00Z,2026-08-02T06:45:00+0200,4783.25174,MW,DE,DE_LU,actual_onshore_wind_generation,Wind Onshore,2026-08-25T03:38:09Z
2026-08-25T03:35:04Z,2026-08-25T05:35:04+0200,16553320-5c3e-4a08-95db-080ced308e52,2026-08-02T05:00:00Z,2026-08-02T07:00:00+0200,4615.5053,MW,DE,DE_LU,actual_onshore_wind_generation,Wind Onshore,2026-08-25T03:38:09Z
2026-08-25T03:35:04Z,2026-08-25T05:35:04+0200,16553320-5c3e-4a08-95db-080ced308e52,2026-08-02T05:15:00Z,2026-08-02T07:15:00+0200,4406.35471,MW,DE,DE_LU,actual_onshore_wind_generation,Wind Onshore,2026-08-25T03:38:09Z
2026-08-25T03:35:04Z,2026-08-25T05:35:04+0200,16553320-5c3e-4a08-95db-080ced308e52,2026-08-02T05:30:00Z,2026-08-02T07:30:00+0200,4167.67466,MW,DE,DE_LU,actual_onshore_wind_generation,Wind Onshore,2026-08-25T03:38:09Z
2026-08-25T03:35:04Z,2026-08-25T05:35:04+0200,16553320-5c3e-4a08-95db-080ced308e52,2026-08-02T05:45:00Z,2026-08-02T07:45:00+0200,3894.52621,MW,DE,DE_LU,actual_onshore_wind_generation,Wind Onshore,2026-08-25T03:38:09Z
2026-08-25T03:35:04Z,2026-08-25T05:35:04+0200,16553320-5c3e-4a08-95db-080ced308e52,2026-08-02T06:00:00Z,2026-08-02T08:00:00+0200,3505.64465,MW,DE,DE_LU,actual_onshore_wind_generation,Wind Onshore,2026-08-25T03:38:09Z
2026-08-25T03:35:04Z,2026-08-25T05:35:04+0200,16553320-5c3e-4a08-95db-080ced308e52,2026-08-02T06:15:00Z,2026-08-02T08:15:00+0200,3085.44117,MW,DE,DE_LU,actual_onshore_wind_generation,Wind Onshore,2026-08-25T03:38:09Z
2026-08-25T03:35:04Z,2026-08-25T05:35:04+0200,16553320-5c3e-4a08-95db-080ced308e52,2026-08-02T06:30:00Z,2026-08-02T08:30:00+0200,2690.63379,MW,DE,DE_LU,actual_onshore_wind_generation,Wind Onshore,2026-08-25T03:38:09Z
2026-08-25T03:35:04Z,2026-08-25T05:35:04+0200,16553320-5c3e-4a08-95db-080ced308e52,2026-08-02T06:45:00Z,2026-08-02T08:45:00+0200,2319.75392,MW,DE,DE_LU,actual_onshore_wind_generation,Wind Onshore,2026-08-25T03:38:09Z
2026-08-25T03:35:04Z,2026-08-25T05:35:04+0200,16553320-5c3e-4a08-95db-080ced308e52,2026-08-02T07:00:00Z,2026-08-02T09:00:00+0200,2084.49232,MW,DE,DE_LU,actual_onshore_wind_generation,Wind Onshore,2026-08-25T03:38:09Z
2026-08-25T03:35:04Z,2026-08-25T05:35:04+0200,16553320-5c3e-4a08-95db-080ced308e52,2026-08-02T07:15:00Z,2026-08-02T09:15:00+0200,2012.23407,MW,DE,DE_LU,actual_onshore_wind_generation,Wind Onshore,2026-08-25T03:38:09Z
2026-08-25T03:35:04Z,2026-08-25T05:35:04+0200,16553320-5c3e-4a08-95db-080ced308e52,2026-08-02T07:30:00Z,2026-08-02T09:30:00+0200,1704.22523,MW,DE,DE_LU,actual_onshore_wind_generation,Wind Onshore,2026-08-25T03:38:09Z
2026-08-25T03:35:04Z,2026-08-25T05:35:04+0200,16553320-5c3e-4a08-95db-080ced308e52,2026-08-02T07:45:00Z,2026-08-02T09:45:00+0200,1653.68675,MW,DE,DE_LU,actual_onshore_wind_generation,Wind Onshore,2026-08-25T03:38:09Z
2026-08-25T03:35:04Z,2026-08-25T05:35:04+0200,16553320-5c3e-4a08-95db-080ced308e52,2026-08-02T08:00:00Z,2026-08-02T10:00:00+0200,1483.86282,MW,DE,DE_LU,actual_onshore_wind_generation,Wind Onshore,2026-08-25T03:38:09Z
2026-08-25T03:35:04Z,2026-08-25T05:35:04+0200,16553320-5c3e-4a08-95db-080ced308e52,2026-08-02T08:15:00Z,2026-08-02T10:15:00+0200,1591.82427,MW,DE,DE_LU,actual_onshore_wind_generation,Wind Onshore,2026-08-25T03:38:09Z
2026-08-25T03:35:04Z,2026-08-25T05:35:04+0200,16553320-5c3e-4a08-95db-080ced308e52,2026-08-02T08:30:00Z,2026-08-02T10:30:00+0200,1876.66775,MW,DE,DE_LU,actual_onshore_wind_generation,Wind Onshore,2026-08-25T03:38:09Z
2026-08-25T03:35:04Z,2026-08-25T05:35:04+0200,16553320-5c3e-4a08-95db-080ced308e52,2026-08-02T08:45:00Z,2026-08-02T10:45:00+0200,1950.03065,MW,DE,DE_LU,actual_onshore_wind_generation,Wind Onshore,2026-08-25T03:38:09Z
2026-08-25T03:35:04Z,2026-08-25T05:35:04+0200,16553320-5c3e-4a08-95db-080ced308e52,2026-08-02T09:00:00Z,2026-08-02T11:00:00+0200,1981.4354,MW,DE,DE_LU,actual_onshore_wind_generation,Wind Onshore,2026-08-25T03:38:09Z
2026-08-25T03:35:04Z,2026-08-25T05:35:04+0200,16553320-5c3e-4a08-95db-080ced308e52,2026-08-02T09:15:00Z,2026-08-02T11:15:00+0200,2018.02416,MW,DE,DE_LU,actual_onshore_wind_generation,Wind Onshore,2026-08-25T03:38:09Z
2026-08-25T03:35:04Z,2026-08-25T05:35:04+0200,16553320-5c3e-4a08-95db-080ced308e52,2026-08-02T09:30:00Z,2026-08-02T11:30:00+0200,2100.2972,MW,DE,DE_LU,actual_onshore_wind_generation,Wind Onshore,2026-08-25T03:38:09Z
2026-08-25T03:35:04Z,2026-08-25T05:35:04+0200,16553320-5c3e-4a08-95db-080ced308e52,2026-08-02T09:45:00Z,2026-08-02T11:45:00+0200,2101.17534,MW,DE,DE_LU,actual_onshore_wind_generation,Wind Onshore,2026-08-25T03:38:09Z
2026-08-25T03:35:04Z,2026-08-25T05:35:04+0200,16553320-5c3e-4a08-95db-080ced308e52,2026-08-02T10:00:00Z,2026-08-02T12:00:00+0200,1949.02908,MW,DE,DE_LU,actual_onshore_wind_generation,Wind Onshore,2026-08-25T03:38:09Z
2026-08-25T03:35:04Z,2026-08-25T05:35:04+0200,16553320-5c3e-4a08-95db-080ced308e52,2026-08-02T10:15:00Z,2026-08-02T12:15:00+0200,1948.39659,MW,DE,DE_LU,actual_onshore_wind_generation,Wind Onshore,2026-08-25T03:38:09Z
2026-08-25T03:35:04Z,2026-08-25T05:35:04+0200,16553320-5c3e-4a08-95db-080ced308e52,2026-08-02T10:30:00Z,2026-08-02T12:30:00+0200,1891.40011,MW,DE,DE_LU,actual_onshore_wind_generation,Wind Onshore,2026-08-25T03:38:09Z
2026-08-25T03:35:04Z,2026-08-25T05:35:04+0200,16553320-5c3e-4a08-95db-080ced308e52,2026-08-02T10:45:00Z,2026-08-02T12:45:00+0200,1874.91288,MW,DE,DE_LU,actual_onshore_wind_generation,Wind Onshore,2026-08-25T03:38:09Z
2026-08-25T03:35:04Z,2026-08-25T05:35:04+0200,16553320-5c3e-4a08-95db-080ced308e52,2026-08-02T11:00:00Z,2026-08-02T13:00:00+0200,1619.63018,MW,DE,DE_LU,actual_onshore_wind_generation,Wind Onshore,2026-08-25T03:38:09Z
2026-08-25T03:35:04Z,2026-08-25T05:35:04+0200,16553320-5c3e-4a08-95db-080ced308e52,2026-08-02T11:15:00Z,2026-08-02T13:15:00+0200,1567.59489,MW,DE,DE_LU,actual_onshore_wind_generation,Wind Onshore,2026-08-25T03:38:09Z
2026-08-25T03:35:04Z,2026-08-25T05:35:04+0200,16553320-5c3e-4a08-95db-080ced308e52,2026-08-02T11:30:00Z,2026-08-02T13:30:00+0200,1474.52495,MW,DE,DE_LU,actual_onshore_wind_generation,Wind Onshore,2026-08-25T03:38:09Z
2026-08-25T03:35:04Z,2026-08-25T05:35:04+0200,16553320-5c3e-4a08-95db-080ced308e52,2026-08-02T11:45:00Z,2026-08-02T13:45:00+0200,1460.30599,MW,DE,DE_LU,actual_onshore_wind_generation,Wind Onshore,2026-08-25T03:38:09Z
2026-08-25T03:35:04Z,2026-08-25T05:35:04+0200,16553320-5c3e-4a08-95db-080ced308e52,2026-08-02T12:00:00Z,2026-08-02T14:00:00+0200,1590.64097,MW,DE,DE_LU,actual_onshore_wind_generation,Wind Onshore,2026-08-25T03:38:09Z
2026-08-25T03:35:04Z,2026-08-25T05:35:04+0200,16553320-5c3e-4a08-95db-080ced308e52,2026-08-02T12:15:00Z,2026-08-02T14:15:00+0200,1661.80961,MW,DE,DE_LU,actual_onshore_wind_generation,Wind Onshore,2026-08-25T03:38:09Z
2026-08-25T03:35:04Z,2026-08-25T05:35:04+0200,16553320-5c3e-4a08-95db-080ced308e52,2026-08-02T12:30:00Z,2026-08-02T14:30:00+0200,1519.70678,MW,DE,DE_LU,actual_onshore_wind_generation,Wind Onshore,2026-08-25T03:38:09Z
2026-08-25T03:35:04Z,2026-08-25T05:35:04+0200,16553320-5c3e-4a08-95db-080ced308e52,2026-08-02T12:45:00Z,2026-08-02T14:45:00+0200,1533.76645,MW,DE,DE_LU,actual_onshore_wind_generation,Wind Onshore,2026-08-25T03:38:09Z
2026-08-25T03:35:04Z,2026-08-25T05:35:04+0200,16553320-5c3e-4a08-95db-080ced308e52,2026-08-02T13:00:00Z,2026-08-02T15:00:00+0200,1557.07228,MW,DE,DE_LU,actual_onshore_wind_generation,Wind Onshore,2026-08-25T03:38:09Z
2026-08-25T03:35:04Z,2026-08-25T05:35:04+0200,16553320-5c3e-4a08-95db-080ced308e52,2026-08-02T13:15:00Z,2026-08-02T15:15:00+0200,1546.07881,MW,DE,DE_LU,actual_onshore_wind_generation,Wind Onshore,2026-08-25T03:38:09Z
2026-08-25T03:35:04Z,2026-08-25T05:35:04+0200,16553320-5c3e-4a08-95db-080ced308e52,2026-08-02T13:30:00Z,2026-08-02T15:30:00+0200,1571.24379,MW,DE,DE_LU,actual_onshore_wind_generation,Wind Onshore,2026-08-25T03:38:09Z
2026-08-25T03:35:04Z,2026-08-25T05:35:04+0200,16553320-5c3e-4a08-95db-080ced308e52,2026-08-02T13:45:00Z,2026-08-02T15:45:00+0200,1445.61758,MW,DE,DE_LU,actual_onshore_wind_generation,Wind Onshore,2026-08-25T03:38:09Z
2026-08-25T03:35:04Z,2026-08-25T05:35:04+0200,16553320-5c3e-4a08-95db-080ced308e52,2026-08-02T14:00:00Z,2026-08-02T16:00:00+0200,1474.26788,MW,DE,DE_LU,actual_onshore_wind_generation,Wind Onshore,2026-08-25T03:38:09Z
2026-08-25T03:35:04Z,2026-08-25T05:35:04+0200,16553320-5c3e-4a08-95db-080ced308e52,2026-08-02T14:15:00Z,2026-08-02T16:15:00+0200,1596.25223,MW,DE,DE_LU,actual_onshore_wind_generation,Wind Onshore,2026-08-25T03:38:09Z
2026-08-25T03:35:04Z,2026-08-25T05:35:04+0200,16553320-5c3e-4a08-95db-080ced308e52,2026-08-02T14:30:00Z,2026-08-02T16:30:00+0200,1699.63415,MW,DE,DE_LU,actual_onshore_wind_generation,Wind Onshore,2026-08-25T03:38:09Z
2026-08-25T03:35:04Z,2026-08-25T05:35:04+0200,16553320-5c3e-4a08-95db-080ced308e52,2026-08-02T14:45:00Z,2026-08-02T16:45:00+0200,1935.24737,MW,DE,DE_LU,actual_onshore_wind_generation,Wind Onshore,2026-08-25T03:38:09Z
2026-08-25T03:35:04Z,2026-08-25T05:35:04+0200,16553320-5c3e-4a08-95db-080ced308e52,2026-08-02T15:00:00Z,2026-08-02T17:00:00+0200,2134.10685,MW,DE,DE_LU,actual_onshore_wind_generation,Wind Onshore,2026-08-25T03:38:09Z
2026-08-25T03:35:04Z,2026-08-25T05:35:04+0200,16553320-5c3e-4a08-95db-080ced308e52,2026-08-02T15:15:00Z,2026-08-02T17:15:00+0200,2623.30183,MW,DE,DE_LU,actual_onshore_wind_generation,Wind Onshore,2026-08-25T03:38:09Z
2026-08-25T03:35:04Z,2026-08-25T05:35:04+0200,16553320-5c3e-4a08-95db-080ced308e52,2026-08-02T15:30:00Z,2026-08-02T17:30:00+0200,3130.448,MW,DE,DE_LU,actual_onshore_wind_generation,Wind Onshore,2026-08-25T03:38:09Z
2026-08-25T03:35:04Z,2026-08-25T05:35:04+0200,16553320-5c3e-4a08-95db-080ced308e52,2026-08-02T15:45:00Z,2026-08-02T17:45:00+0200,3564.00093,MW,DE,DE_LU,actual_onshore_wind_generation,Wind Onshore,2026-08-25T03:38:09Z
2026-08-25T03:35:04Z,2026-08-25T05:35:04+0200,16553320-5c3e-4a08-95db-080ced308e52,2026-08-02T16:00:00Z,2026-08-02T18:00:00+0200,4146.70422,MW,DE,DE_LU,actual_onshore_wind_generation,Wind Onshore,2026-08-25T03:38:09Z
2026-08-25T03:35:04Z,2026-08-25T05:35:04+0200,16553320-5c3e-4a08-95db-080ced308e52,2026-08-02T16:15:00Z,2026-08-02T18:15:00+0200,4533.38908,MW,DE,DE_LU,actual_onshore_wind_generation,Wind Onshore,2026-08-25T03:38:09Z
2026-08-25T03:35:04Z,2026-08-25T05:35:04+0200,16553320-5c3e-4a08-95db-080ced308e52,2026-08-02T16:30:00Z,2026-08-02T18:30:00+0200,4854.14402,MW,DE,DE_LU,actual_onshore_wind_generation,Wind Onshore,2026-08-25T03:38:09Z
2026-08-25T03:35:04Z,2026-08-25T05:35:04+0200,16553320-5c3e-4a08-95db-080ced308e52,2026-08-02T16:45:00Z,2026-08-02T18:45:00+0200,5212.63649,MW,DE,DE_LU,actual_onshore_wind_generation,Wind Onshore,2026-08-25T03:38:09Z
2026-08-25T03:35:04Z,2026-08-25T05:35:04+0200,16553320-5c3e-4a08-95db-080ced308e52,2026-08-02T17:00:00Z,2026-08-02T19:00:00+0200,5644.41054,MW,DE,DE_LU,actual_onshore_wind_generation,Wind Onshore,2026-08-25T03:38:09Z
2026-08-25T03:35:04Z,2026-08-25T05:35:04+0200,16553320-5c3e-4a08-95db-080ced308e52,2026-08-02T17:15:00Z,2026-08-02T19:15:00+0200,6034.13355,MW,DE,DE_LU,actual_onshore_wind_generation,Wind Onshore,2026-08-25T03:38:09Z
2026-08-25T03:35:04Z,2026-08-25T05:35:04+0200,16553320-5c3e-4a08-95db-080ced308e52,2026-08-02T17:30:00Z,2026-08-02T19:30:00+0200,6508.62166,MW,DE,DE_LU,actual_onshore_wind_generation,Wind Onshore,2026-08-25T03:38:09Z
2026-08-25T03:35:04Z,2026-08-25T05:35:04+0200,16553320-5c3e-4a08-95db-080ced308e52,2026-08-02T17:45:00Z,2026-08-02T19:45:00+0200,6809.99992,MW,DE,DE_LU,actual_onshore_wind_generation,Wind Onshore,2026-08-25T03:38:09Z
2026-08-25T03:35:04Z,2026-08-25T05:35:04+0200,16553320-5c3e-4a08-95db-080ced308e52,2026-08-02T18:00:00Z,2026-08-02T20:00:00+0200,7139.28134,MW,DE,DE_LU,actual_onshore_wind_generation,Wind Onshore,2026-08-25T03:38:09Z
2026-08-25T03:35:04Z,2026-08-25T05:35:04+0200,16553320-5c3e-4a08-95db-080ced308e52,2026-08-02T18:15:00Z,2026-08-02T20:15:00+0200,7460.43436,MW,DE,DE_LU,actual_onshore_wind_generation,Wind Onshore,2026-08-25T03:38:09Z
2026-08-25T03:35:04Z,2026-08-25T05:35:04+0200,16553320-5c3e-4a08-95db-080ced308e52,2026-08-02T18:30:00Z,2026-08-02T20:30:00+0200,8432.91191,MW,DE,DE_LU,actual_onshore_wind_generation,Wind Onshore,2026-08-25T03:38:09Z
2026-08-25T03:35:04Z,2026-08-25T05:35:04+0200,16553320-5c3e-4a08-95db-080ced308e52,2026-08-02T18:45:00Z,2026-08-02T20:45:00+0200,9831.96848,MW,DE,DE_LU,actual_onshore_wind_generation,Wind Onshore,2026-08-25T03:38:09Z
2026-08-25T03:35:04Z,2026-08-25T05:35:04+0200,16553320-5c3e-4a08-95db-080ced308e52,2026-08-02T19:00:00Z,2026-08-02T21:00:00+0200,11260.57955,MW,DE,DE_LU,actual_onshore_wind_generation,Wind Onshore,2026-08-25T03:38:09Z
2026-08-25T03:35:04Z,2026-08-25T05:35:04+0200,16553320-5c3e-4a08-95db-080ced308e52,2026-08-02T19:15:00Z,2026-08-02T21:15:00+0200,12467.03843,MW,DE,DE_LU,actual_onshore_wind_generation,Wind Onshore,2026-08-25T03:38:09Z
2026-08-25T03:35:04Z,2026-08-25T05:35:04+0200,16553320-5c3e-4a08-95db-080ced308e52,2026-08-02T19:30:00Z,2026-08-02T21:30:00+0200,13994.31785,MW,DE,DE_LU,actual_onshore_wind_generation,Wind Onshore,2026-08-25T03:38:09Z
2026-08-25T03:35:04Z,2026-08-25T05:35:04+0200,16553320-5c3e-4a08-95db-080ced308e52,2026-08-02T19:45:00Z,2026-08-02T21:45:00+0200,15495.68628,MW,DE,DE_LU,actual_onshore_wind_generation,Wind Onshore,2026-08-25T03:38:09Z
2026-08-25T03:35:04Z,2026-08-25T05:35:04+0200,16553320-5c3e-4a08-95db-080ced308e52,2026-08-02T20:00:00Z,2026-08-02T22:00:00+0200,16454.06471,MW,DE,DE_LU,actual_onshore_wind_generation,Wind Onshore,2026-08-25T03:38:09Z
2026-08-25T03:35:04Z,2026-08-25T05:35:04+0200,16553320-5c3e-4a08-95db-080ced308e52,2026-08-02T20:15:00Z,2026-08-02T22:15:00+0200,17687.84364,MW,DE,DE_LU,actual_onshore_wind_generation,Wind Onshore,2026-08-25T03:38:09Z
2026-08-25T03:35:04Z,2026-08-25T05:35:04+0200,16553320-5c3e-4a08-95db-080ced308e52,2026-08-02T20:30:00Z,2026-08-02T22:30:00+0200,18549.37556,MW,DE,DE_LU,actual_onshore_wind_generation,Wind Onshore,2026-08-25T03:38:09Z
2026-08-25T03:35:04Z,2026-08-25T05:35:04+0200,16553320-5c3e-4a08-95db-080ced308e52,2026-08-02T20:45:00Z,2026-08-02T22:45:00+0200,19249.01132,MW,DE,DE_LU,actual_onshore_wind_generation,Wind Onshore,2026-08-25T03:38:09Z
2026-08-25T03:35:04Z,2026-08-25T05:35:04+0200,16553320-5c3e-4a08-95db-080ced308e52,2026-08-02T21:00:00Z,2026-08-02T23:00:00+0200,19665.07847,MW,DE,DE_LU,actual_onshore_wind_generation,Wind Onshore,2026-08-25T03:38:09Z
2026-08-25T03:35:04Z,2026-08-25T05:35:04+0200,16553320-5c3e-4a08-95db-080ced308e52,2026-08-02T21:15:00Z,2026-08-02T23:15:00+0200,19856.27681,MW,DE,DE_LU,actual_onshore_wind_generation,Wind Onshore,2026-08-25T03:38:09Z
2026-08-25T03:35:04Z,2026-08-25T05:35:04+0200,16553320-5c3e-4a08-95db-080ced308e52,2026-08-02T21:30:00Z,2026-08-02T23:30:00+0200,19990.16241,MW,DE,DE_LU,actual_onshore_wind_generation,Wind Onshore,2026-08-25T03:38:09Z
2026-08-25T03:35:04Z,2026-08-25T05:35:04+0200,16553320-5c3e-4a08-95db-080ced308e52,2026-08-02T21:45:00Z,2026-08-02T23:45:00+0200,19949.63539,MW,DE,DE_LU,actual_onshore_wind_generation,Wind Onshore,2026-08-25T03:38:09Z
2026-08-25T03:35:04Z,2026-08-25T05:35:04+0200,16553320-5c3e-4a08-95db-080ced308e52,2026-08-02T22:00:00Z,2026-08-03T00:00:00+0200,19706.77507,MW,DE,DE_LU,actual_onshore_wind_generation,Wind Onshore,2026-08-25T03:38:09Z
2026-08-25T03:35:04Z,2026-08-25T05:35:04+0200,16553320-5c3e-4a08-95db-080ced308e52,2026-08-02T22:15:00Z,2026-08-03T00:15:00+0200,19672.93167,MW,DE,DE_LU,actual_onshore_wind_generation,Wind Onshore,2026-08-25T03:38:09Z
2026-08-25T03:35:04Z,2026-08-25T05:35:04+0200,16553320-5c3e-4a08-95db-080ced308e52,2026-08-02T22:30:00Z,2026-08-03T00:30:00+0200,19547.32979,MW,DE,DE_LU,actual_onshore_wind_generation,Wind Onshore,2026-08-25T03:38:09Z
2026-08-25T03:35:04Z,2026-08-25T05:35:04+0200,16553320-5c3e-4a08-95db-080ced308e52,2026-08-02T22:45:00Z,2026-08-03T00:45:00+0200,19349.857,MW,DE,DE_LU,actual_onshore_wind_generation,Wind Onshore,2026-08-25T03:38:09Z
2026-08-25T03:35:04Z,2026-08-25T05:35:04+0200,16553320-5c3e-4a08-95db-080ced308e52,2026-08-02T23:00:00Z,2026-08-03T01:00:00+0200,19124.24418,MW,DE,DE_LU,actual_onshore_wind_generation,Wind Onshore,2026-08-25T03:38:09Z
2026-08-25T03:35:04Z,2026-08-25T05:35:04+0200,16553320-5c3e-4a08-95db-080ced308e52,2026-08-02T23:15:00Z,2026-08-03T01:15:00+0200,19024.59044,MW,DE,DE_LU,actual_onshore_wind_generation,Wind Onshore,2026-08-25T03:38:09Z
2026-08-25T03:35:04Z,2026-08-25T05:35:04+0200,16553320-5c3e-4a08-95db-080ced308e52,2026-08-02T23:30:00Z,2026-08-03T01:30:00+0200,18922.82229,MW,DE,DE_LU,actual_onshore_wind_generation,Wind Onshore,2026-08-25T03:38:09Z
2026-08-25T03:35:04Z,2026-08-25T05:35:04+0200,16553320-5c3e-4a08-95db-080ced308e52,2026-08-02T23:45:00Z,2026-08-03T01:45:00+0200,18754.59049,MW,DE,DE_LU,actual_onshore_wind_generation,Wind Onshore,2026-08-25T03:38:09Z
2026-08-25T03:35:04Z,2026-08-25T05:35:04+0200,16553320-5c3e-4a08-95db-080ced308e52,2026-08-03T00:00:00Z,2026-08-03T02:00:00+0200,18560.27723,MW,DE,DE_LU,actual_onshore_wind_generation,Wind Onshore,2026-08-25T03:38:09Z
2026-08-25T03:35:04Z,2026-08-25T05:35:04+0200,16553320-5c3e-4a08-95db-080ced308e52,2026-08-03T00:15:00Z,2026-08-03T02:15:00+0200,18396.52974,MW,DE,DE_LU,actual_onshore_wind_generation,Wind Onshore,2026-08-25T03:38:09Z
2026-08-25T03:35:04Z,2026-08-25T05:35:04+0200,16553320-5c3e-4a08-95db-080ced308e52,2026-08-03T00:30:00Z,2026-08-03T02:30:00+0200,18112.8632,MW,DE,DE_LU,actual_onshore_wind_generation,Wind Onshore,2026-08-25T03:38:09Z
2026-08-25T03:35:04Z,2026-08-25T05:35:04+0200,16553320-5c3e-4a08-95db-080ced308e52,2026-08-03T00:45:00Z,2026-08-03T02:45:00+0200,17816.79317,MW,DE,DE_LU,actual_onshore_wind_generation,Wind Onshore,2026-08-25T03:38:09Z
2026-08-25T03:35:04Z,2026-08-25T05:35:04+0200,16553320-5c3e-4a08-95db-080ced308e52,2026-08-03T01:00:00Z,2026-08-03T03:00:00+0200,17390.99775,MW,DE,DE_LU,actual_onshore_wind_generation,Wind Onshore,2026-08-25T03:38:09Z
2026-08-25T03:35:04Z,2026-08-25T05:35:04+0200,16553320-5c3e-4a08-95db-080ced308e52,2026-08-03T01:15:00Z,2026-08-03T03:15:00+0200,17154.21634,MW,DE,DE_LU,actual_onshore_wind_generation,Wind Onshore,2026-08-25T03:38:09Z
2026-08-25T03:35:04Z,2026-08-25T05:35:04+0200,16553320-5c3e-4a08-95db-080ced308e52,2026-08-03T01:30:00Z,2026-08-03T03:30:00+0200,17053.42704,MW,DE,DE_LU,actual_onshore_wind_generation,Wind Onshore,2026-08-25T03:38:09Z
2026-08-25T03:35:04Z,2026-08-25T05:35:04+0200,16553320-5c3e-4a08-95db-080ced308e52,2026-08-03T01:45:00Z,2026-08-03T03:45:00+0200,16929.20261,MW,DE,DE_LU,actual_onshore_wind_generation,Wind Onshore,2026-08-25T03:38:09Z
2026-08-25T03:35:04Z,2026-08-25T05:35:04+0200,16553320-5c3e-4a08-95db-080ced308e52,2026-08-03T02:00:00Z,2026-08-03T04:00:00+0200,16582.7247,MW,DE,DE_LU,actual_onshore_wind_generation,Wind Onshore,2026-08-25T03:38:09Z
2026-08-25T03:35:04Z,2026-08-25T05:35:04+0200,16553320-5c3e-4a08-95db-080ced308e52,2026-08-03T02:15:00Z,2026-08-03T04:15:00+0200,16371.85503,MW,DE,DE_LU,actual_onshore_wind_generation,Wind Onshore,2026-08-25T03:38:09Z
2026-08-25T03:35:04Z,2026-08-25T05:35:04+0200,16553320-5c3e-4a08-95db-080ced308e52,2026-08-03T02:30:00Z,2026-08-03T04:30:00+0200,16263.94547,MW,DE,DE_LU,actual_onshore_wind_generation,Wind Onshore,2026-08-25T03:38:09Z
2026-08-25T03:35:04Z,2026-08-25T05:35:04+0200,16553320-5c3e-4a08-95db-080ced308e52,2026-08-03T02:45:00Z,2026-08-03T04:45:00+0200,16018.26236,MW,DE,DE_LU,actual_onshore_wind_generation,Wind Onshore,2026-08-25T03:38:09Z
2026-08-25T03:35:04Z,2026-08-25T05:35:04+0200,16553320-5c3e-4a08-95db-080ced308e52,2026-08-03T03:00:00Z,2026-08-03T05:00:00+0200,15752.70788,MW,DE,DE_LU,actual_onshore_wind_generation,Wind Onshore,2026-08-25T03:38:09Z
2026-08-25T03:35:04Z,2026-08-25T05:35:04+0200,16553320-5c3e-4a08-95db-080ced308e52,2026-08-03T03:15:00Z,2026-08-03T05:15:00+0200,15534.5498,MW,DE,DE_LU,actual_onshore_wind_generation,Wind Onshore,2026-08-25T03:38:09Z
2026-08-25T03:35:04Z,2026-08-25T05:35:04+0200,16553320-5c3e-4a08-95db-080ced308e52,2026-08-03T03:30:00Z,2026-08-03T05:30:00+0200,15451.52741,MW,DE,DE_LU,actual_onshore_wind_generation,Wind Onshore,2026-08-25T03:38:09Z
2026-08-25T03:35:04Z,2026-08-25T05:35:04+0200,16553320-5c3e-4a08-95db-080ced308e52,2026-08-03T03:45:00Z,2026-08-03T05:45:00+0200,15832.00936,MW,DE,DE_LU,actual_onshore_wind_generation,Wind Onshore,2026-08-25T03:38:09Z
2026-08-25T03:35:04Z,2026-08-25T05:35:04+0200,16553320-5c3e-4a08-95db-080ced308e52,2026-08-03T04:00:00Z,2026-08-03T06:00:00+0200,16093.9915,MW,DE,DE_LU,actual_onshore_wind_generation,Wind Onshore,2026-08-25T03:38:09Z
2026-08-25T03:35:04Z,2026-08-25T05:35:04+0200,16553320-5c3e-4a08-95db-080ced308e52,2026-08-03T04:15:00Z,2026-08-03T06:15:00+0200,15734.16435,MW,DE,DE_LU,actual_onshore_wind_generation,Wind Onshore,2026-08-25T03:38:09Z
2026-08-25T03:35:04Z,2026-08-25T05:35:04+0200,16553320-5c3e-4a08-95db-080ced308e52,2026-08-03T04:30:00Z,2026-08-03T06:30:00+0200,15252.79929,MW,DE,DE_LU,actual_onshore_wind_generation,Wind Onshore,2026-08-25T03:38:09Z
2026-08-25T03:35:04Z,2026-08-25T05:35:04+0200,16553320-5c3e-4a08-95db-080ced308e52,2026-08-03T04:45:00Z,2026-08-03T06:45:00+0200,14785.42416,MW,DE,DE_LU,actual_onshore_wind_generation,Wind Onshore,2026-08-25T03:38:09Z
2026-08-25T03:35:04Z,2026-08-25T05:35:04+0200,16553320-5c3e-4a08-95db-080ced308e52,2026-08-03T05:00:00Z,2026-08-03T07:00:00+0200,14013.37749,MW,DE,DE_LU,actual_onshore_wind_generation,Wind Onshore,2026-08-25T03:38:09Z
2026-08-25T03:35:04Z,2026-08-25T05:35:04+0200,16553320-5c3e-4a08-95db-080ced308e52,2026-08-03T05:15:00Z,2026-08-03T07:15:00+0200,13172.69706,MW,DE,DE_LU,actual_onshore_wind_generation,Wind Onshore,2026-08-25T03:38:09Z
2026-08-25T03:35:04Z,2026-08-25T05:35:04+0200,16553320-5c3e-4a08-95db-080ced308e52,2026-08-03T05:30:00Z,2026-08-03T07:30:00+0200,12327.81358,MW,DE,DE_LU,actual_onshore_wind_generation,Wind Onshore,2026-08-25T03:38:09Z
2026-08-25T03:35:04Z,2026-08-25T05:35:04+0200,16553320-5c3e-4a08-95db-080ced308e52,2026-08-03T05:45:00Z,2026-08-03T07:45:00+0200,11000.71769,MW,DE,DE_LU,actual_onshore_wind_generation,Wind Onshore,2026-08-25T03:38:09Z
2026-08-25T03:35:04Z,2026-08-25T05:35:04+0200,16553320-5c3e-4a08-95db-080ced308e52,2026-08-03T06:00:00Z,2026-08-03T08:00:00+0200,9333.42538,MW,DE,DE_LU,actual_onshore_wind_generation,Wind Onshore,2026-08-25T03:38:09Z
2026-08-25T03:35:04Z,2026-08-25T05:35:04+0200,16553320-5c3e-4a08-95db-080ced308e52,2026-08-03T06:15:00Z,2026-08-03T08:15:00+0200,7766.48776,MW,DE,DE_LU,actual_onshore_wind_generation,Wind Onshore,2026-08-25T03:38:09Z
2026-08-25T03:35:04Z,2026-08-25T05:35:04+0200,16553320-5c3e-4a08-95db-080ced308e52,2026-08-03T06:30:00Z,2026-08-03T08:30:00+0200,6391.72304,MW,DE,DE_LU,actual_onshore_wind_generation,Wind Onshore,2026-08-25T03:38:09Z
2026-08-25T03:35:04Z,2026-08-25T05:35:04+0200,16553320-5c3e-4a08-95db-080ced308e52,2026-08-03T06:45:00Z,2026-08-03T08:45:00+0200,5447.65164,MW,DE,DE_LU,actual_onshore_wind_generation,Wind Onshore,2026-08-25T03:38:09Z
2026-08-25T03:35:04Z,2026-08-25T05:35:04+0200,16553320-5c3e-4a08-95db-080ced308e52,2026-08-03T07:00:00Z,2026-08-03T09:00:00+0200,4841.72795,MW,DE,DE_LU,actual_onshore_wind_generation,Wind Onshore,2026-08-25T03:38:09Z
2026-08-25T03:35:04Z,2026-08-25T05:35:04+0200,16553320-5c3e-4a08-95db-080ced308e52,2026-08-03T07:15:00Z,2026-08-03T09:15:00+0200,4523.12418,MW,DE,DE_LU,actual_onshore_wind_generation,Wind Onshore,2026-08-25T03:38:09Z
2026-08-25T03:35:04Z,2026-08-25T05:35:04+0200,16553320-5c3e-4a08-95db-080ced308e52,2026-08-03T07:30:00Z,2026-08-03T09:30:00+0200,4230.75695,MW,DE,DE_LU,actual_onshore_wind_generation,Wind Onshore,2026-08-25T03:38:09Z
2026-08-25T03:35:04Z,2026-08-25T05:35:04+0200,16553320-5c3e-4a08-95db-080ced308e52,2026-08-03T07:45:00Z,2026-08-03T09:45:00+0200,4312.47669,MW,DE,DE_LU,actual_onshore_wind_generation,Wind Onshore,2026-08-25T03:38:09Z
2026-08-25T03:35:04Z,2026-08-25T05:35:04+0200,16553320-5c3e-4a08-95db-080ced308e52,2026-08-03T08:00:00Z,2026-08-03T10:00:00+0200,4485.26522,MW,DE,DE_LU,actual_onshore_wind_generation,Wind Onshore,2026-08-25T03:38:09Z
2026-08-25T03:35:04Z,2026-08-25T05:35:04+0200,16553320-5c3e-4a08-95db-080ced308e52,2026-08-03T08:15:00Z,2026-08-03T10:15:00+0200,4815.04948,MW,DE,DE_LU,actual_onshore_wind_generation,Wind Onshore,2026-08-25T03:38:09Z
2026-08-25T03:35:04Z,2026-08-25T05:35:04+0200,16553320-5c3e-4a08-95db-080ced308e52,2026-08-03T08:30:00Z,2026-08-03T10:30:00+0200,5187.87762,MW,DE,DE_LU,actual_onshore_wind_generation,Wind Onshore,2026-08-25T03:38:09Z
2026-08-25T03:35:04Z,2026-08-25T05:35:04+0200,16553320-5c3e-4a08-95db-080ced308e52,2026-08-03T08:45:00Z,2026-08-03T10:45:00+0200,5437.90874,MW,DE,DE_LU,actual_onshore_wind_generation,Wind Onshore,2026-08-25T03:38:09Z
2026-08-25T03:35:04Z,2026-08-25T05:35:04+0200,16553320-5c3e-4a08-95db-080ced308e52,2026-08-03T09:00:00Z,2026-08-03T11:00:00+0200,5706.96089,MW,DE,DE_LU,actual_onshore_wind_generation,Wind Onshore,2026-08-25T03:38:09Z
2026-08-25T03:35:04Z,2026-08-25T05:35:04+0200,16553320-5c3e-4a08-95db-080ced308e52,2026-08-03T09:15:00Z,2026-08-03T11:15:00+0200,5576.21776,MW,DE,DE_LU,actual_onshore_wind_generation,Wind Onshore,2026-08-25T03:38:09Z
2026-08-25T03:35:04Z,2026-08-25T05:35:04+0200,16553320-5c3e-4a08-95db-080ced308e52,2026-08-03T09:30:00Z,2026-08-03T11:30:00+0200,5774.7511,MW,DE,DE_LU,actual_onshore_wind_generation,Wind Onshore,2026-08-25T03:38:09Z
2026-08-25T03:35:04Z,2026-08-25T05:35:04+0200,16553320-5c3e-4a08-95db-080ced308e52,2026-08-03T09:45:00Z,2026-08-03T11:45:00+0200,5838.93736,MW,DE,DE_LU,actual_onshore_wind_generation,Wind Onshore,2026-08-25T03:38:09Z
2026-08-25T03:35:04Z,2026-08-25T05:35:04+0200,16553320-5c3e-4a08-95db-080ced308e52,2026-08-03T10:00:00Z,2026-08-03T12:00:00+0200,5862.59199,MW,DE,DE_LU,actual_onshore_wind_generation,Wind Onshore,2026-08-25T03:38:09Z
2026-08-25T03:35:04Z,2026-08-25T05:35:04+0200,16553320-5c3e-4a08-95db-080ced308e52,2026-08-03T10:15:00Z,2026-08-03T12:15:00+0200,5648.91894,MW,DE,DE_LU,actual_onshore_wind_generation,Wind Onshore,2026-08-25T03:38:09Z
2026-08-25T03:35:04Z,2026-08-25T05:35:04+0200,16553320-5c3e-4a08-95db-080ced308e52,2026-08-03T10:30:00Z,2026-08-03T12:30:00+0200,5471.09362,MW,DE,DE_LU,actual_onshore_wind_generation,Wind Onshore,2026-08-25T03:38:09Z
2026-08-25T03:35:04Z,2026-08-25T05:35:04+0200,16553320-5c3e-4a08-95db-080ced308e52,2026-08-03T10:45:00Z,2026-08-03T12:45:00+0200,5311.87639,MW,DE,DE_LU,actual_onshore_wind_generation,Wind Onshore,2026-08-25T03:38:09Z
2026-08-25T03:35:04Z,2026-08-25T05:35:04+0200,16553320-5c3e-4a08-95db-080ced308e52,2026-08-03T11:00:00Z,2026-08-03T13:00:00+0200,5304.35035,MW,DE,DE_LU,actual_onshore_wind_generation,Wind Onshore,2026-08-25T03:38:09Z
2026-08-25T03:35:04Z,2026-08-25T05:35:04+0200,16553320-5c3e-4a08-95db-080ced308e52,2026-08-03T11:15:00Z,2026-08-03T13:15:00+0200,5358.98416,MW,DE,DE_LU,actual_onshore_wind_generation,Wind Onshore,2026-08-25T03:38:09Z
2026-08-25T03:35:04Z,2026-08-25T05:35:04+0200,16553320-5c3e-4a08-95db-080ced308e52,2026-08-03T11:30:00Z,2026-08-03T13:30:00+0200,5524.26347,MW,DE,DE_LU,actual_onshore_wind_generation,Wind Onshore,2026-08-25T03:38:09Z
2026-08-25T03:35:04Z,2026-08-25T05:35:04+0200,16553320-5c3e-4a08-95db-080ced308e52,2026-08-03T11:45:00Z,2026-08-03T13:45:00+0200,5495.82653,MW,DE,DE_LU,actual_onshore_wind_generation,Wind Onshore,2026-08-25T03:38:09Z
2026-08-25T03:35:04Z,2026-08-25T05:35:04+0200,16553320-5c3e-4a08-95db-080ced308e52,2026-08-03T12:00:00Z,2026-08-03T14:00:00+0200,5316.03409,MW,DE,DE_LU,actual_onshore_wind_generation,Wind Onshore,2026-08-25T03:38:09Z
2026-08-25T03:35:04Z,2026-08-25T05:35:04+0200,16553320-5c3e-4a08-95db-080ced308e52,2026-08-03T12:15:00Z,2026-08-03T14:15:00+0200,5196.76174,MW,DE,DE_LU,actual_onshore_wind_generation,Wind Onshore,2026-08-25T03:38:09Z
2026-08-25T03:35:04Z,2026-08-25T05:35:04+0200,16553320-5c3e-4a08-95db-080ced308e52,2026-08-03T12:30:00Z,2026-08-03T14:30:00+0200,5228.86435,MW,DE,DE_LU,actual_onshore_wind_generation,Wind Onshore,2026-08-25T03:38:09Z
2026-08-25T03:35:04Z,2026-08-25T05:35:04+0200,16553320-5c3e-4a08-95db-080ced308e52,2026-08-03T12:45:00Z,2026-08-03T14:45:00+0200,5068.24348,MW,DE,DE_LU,actual_onshore_wind_generation,Wind Onshore,2026-08-25T03:38:09Z
2026-08-25T03:35:04Z,2026-08-25T05:35:04+0200,16553320-5c3e-4a08-95db-080ced308e52,2026-08-03T13:00:00Z,2026-08-03T15:00:00+0200,5060.95715,MW,DE,DE_LU,actual_onshore_wind_generation,Wind Onshore,2026-08-25T03:38:09Z
2026-08-25T03:35:04Z,2026-08-25T05:35:04+0200,16553320-5c3e-4a08-95db-080ced308e52,2026-08-03T13:15:00Z,2026-08-03T15:15:00+0200,5026.62989,MW,DE,DE_LU,actual_onshore_wind_generation,Wind Onshore,2026-08-25T03:38:09Z
2026-08-25T03:35:04Z,2026-08-25T05:35:04+0200,16553320-5c3e-4a08-95db-080ced308e52,2026-08-03T13:30:00Z,2026-08-03T15:30:00+0200,5114.3179,MW,DE,DE_LU,actual_onshore_wind_generation,Wind Onshore,2026-08-25T03:38:09Z
2026-08-25T03:35:04Z,2026-08-25T05:35:04+0200,16553320-5c3e-4a08-95db-080ced308e52,2026-08-03T13:45:00Z,2026-08-03T15:45:00+0200,5135.06891,MW,DE,DE_LU,actual_onshore_wind_generation,Wind Onshore,2026-08-25T03:38:09Z
2026-08-25T03:35:04Z,2026-08-25T05:35:04+0200,16553320-5c3e-4a08-95db-080ced308e52,2026-08-03T14:00:00Z,2026-08-03T16:00:00+0200,5095.74958,MW,DE,DE_LU,actual_onshore_wind_generation,Wind Onshore,2026-08-25T03:38:09Z
2026-08-25T03:35:04Z,2026-08-25T05:35:04+0200,16553320-5c3e-4a08-95db-080ced308e52,2026-08-03T14:15:00Z,2026-08-03T16:15:00+0200,5191.75937,MW,DE,DE_LU,actual_onshore_wind_generation,Wind Onshore,2026-08-25T03:38:09Z
2026-08-25T03:35:04Z,2026-08-25T05:35:04+0200,16553320-5c3e-4a08-95db-080ced308e52,2026-08-03T14:30:00Z,2026-08-03T16:30:00+0200,5282.99643,MW,DE,DE_LU,actual_onshore_wind_generation,Wind Onshore,2026-08-25T03:38:09Z
2026-08-25T03:35:04Z,2026-08-25T05:35:04+0200,16553320-5c3e-4a08-95db-080ced308e52,2026-08-03T14:45:00Z,2026-08-03T16:45:00+0200,5354.74726,MW,DE,DE_LU,actual_onshore_wind_generation,Wind Onshore,2026-08-25T03:38:09Z
2026-08-25T03:35:04Z,2026-08-25T05:35:04+0200,16553320-5c3e-4a08-95db-080ced308e52,2026-08-03T15:00:00Z,2026-08-03T17:00:00+0200,5553.86703,MW,DE,DE_LU,actual_onshore_wind_generation,Wind Onshore,2026-08-25T03:38:09Z
2026-08-25T03:35:04Z,2026-08-25T05:35:04+0200,16553320-5c3e-4a08-95db-080ced308e52,2026-08-03T15:15:00Z,2026-08-03T17:15:00+0200,5765.11958,MW,DE,DE_LU,actual_onshore_wind_generation,Wind Onshore,2026-08-25T03:38:09Z
2026-08-25T03:35:04Z,2026-08-25T05:35:04+0200,16553320-5c3e-4a08-95db-080ced308e52,2026-08-03T15:30:00Z,2026-08-03T17:30:00+0200,6016.56242,MW,DE,DE_LU,actual_onshore_wind_generation,Wind Onshore,2026-08-25T03:38:09Z
2026-08-25T03:35:04Z,2026-08-25T05:35:04+0200,16553320-5c3e-4a08-95db-080ced308e52,2026-08-03T15:45:00Z,2026-08-03T17:45:00+0200,6212.32192,MW,DE,DE_LU,actual_onshore_wind_generation,Wind Onshore,2026-08-25T03:38:09Z
2026-08-25T03:35:04Z,2026-08-25T05:35:04+0200,16553320-5c3e-4a08-95db-080ced308e52,2026-08-03T16:00:00Z,2026-08-03T18:00:00+0200,6427.67782,MW,DE,DE_LU,actual_onshore_wind_generation,Wind Onshore,2026-08-25T03:38:09Z
2026-08-25T03:35:04Z,2026-08-25T05:35:04+0200,16553320-5c3e-4a08-95db-080ced308e52,2026-08-03T16:15:00Z,2026-08-03T18:15:00+0200,6761.45202,MW,DE,DE_LU,actual_onshore_wind_generation,Wind Onshore,2026-08-25T03:38:09Z
2026-08-25T03:35:04Z,2026-08-25T05:35:04+0200,16553320-5c3e-4a08-95db-080ced308e52,2026-08-03T16:30:00Z,2026-08-03T18:30:00+0200,7149.01131,MW,DE,DE_LU,actual_onshore_wind_generation,Wind Onshore,2026-08-25T03:38:09Z
2026-08-25T03:35:04Z,2026-08-25T05:35:04+0200,16553320-5c3e-4a08-95db-080ced308e52,2026-08-03T16:45:00Z,2026-08-03T18:45:00+0200,7364.39791,MW,DE,DE_LU,actual_onshore_wind_generation,Wind Onshore,2026-08-25T03:38:09Z
2026-08-25T03:35:04Z,2026-08-25T05:35:04+0200,16553320-5c3e-4a08-95db-080ced308e52,2026-08-03T17:00:00Z,2026-08-03T19:00:00+0200,7793.1341,MW,DE,DE_LU,actual_onshore_wind_generation,Wind Onshore,2026-08-25T03:38:09Z
2026-08-25T03:35:04Z,2026-08-25T05:35:04+0200,16553320-5c3e-4a08-95db-080ced308e52,2026-08-03T17:15:00Z,2026-08-03T19:15:00+0200,8339.347,MW,DE,DE_LU,actual_onshore_wind_generation,Wind Onshore,2026-08-25T03:38:09Z
2026-08-25T03:35:04Z,2026-08-25T05:35:04+0200,16553320-5c3e-4a08-95db-080ced308e52,2026-08-03T17:30:00Z,2026-08-03T19:30:00+0200,8713.1397,MW,DE,DE_LU,actual_onshore_wind_generation,Wind Onshore,2026-08-25T03:38:09Z
2026-08-25T03:35:04Z,2026-08-25T05:35:04+0200,16553320-5c3e-4a08-95db-080ced308e52,2026-08-03T17:45:00Z,2026-08-03T19:45:00+0200,8781.69329,MW,DE,DE_LU,actual_onshore_wind_generation,Wind Onshore,2026-08-25T03:38:09Z
2026-08-25T03:35:04Z,2026-08-25T05:35:04+0200,16553320-5c3e-4a08-95db-080ced308e52,2026-08-03T18:00:00Z,2026-08-03T20:00:00+0200,8864.95624,MW,DE,DE_LU,actual_onshore_wind_generation,Wind Onshore,2026-08-25T03:38:09Z
2026-08-25T03:35:04Z,2026-08-25T05:35:04+0200,16553320-5c3e-4a08-95db-080ced308e52,2026-08-03T18:15:00Z,2026-08-03T20:15:00+0200,8730.81001,MW,DE,DE_LU,actual_onshore_wind_generation,Wind Onshore,2026-08-25T03:38:09Z
2026-08-25T03:35:04Z,2026-08-25T05:35:04+0200,16553320-5c3e-4a08-95db-080ced308e52,2026-08-03T18:30:00Z,2026-08-03T20:30:00+0200,9459.25299,MW,DE,DE_LU,actual_onshore_wind_generation,Wind Onshore,2026-08-25T03:38:09Z
2026-08-25T03:35:04Z,2026-08-25T05:35:04+0200,16553320-5c3e-4a08-95db-080ced308e52,2026-08-03T18:45:00Z,2026-08-03T20:45:00+0200,10979.41276,MW,DE,DE_LU,actual_onshore_wind_generation,Wind Onshore,2026-08-25T03:38:09Z
2026-08-25T03:35:04Z,2026-08-25T05:35:04+0200,16553320-5c3e-4a08-95db-080ced308e52,2026-08-03T19:00:00Z,2026-08-03T21:00:00+0200,12033.87445,MW,DE,DE_LU,actual_onshore_wind_generation,Wind Onshore,2026-08-25T03:38:09Z
2026-08-25T03:35:04Z,2026-08-25T05:35:04+0200,16553320-5c3e-4a08-95db-080ced308e52,2026-08-03T19:15:00Z,2026-08-03T21:15:00+0200,12865.28307,MW,DE,DE_LU,actual_onshore_wind_generation,Wind Onshore,2026-08-25T03:38:09Z
2026-08-25T03:35:04Z,2026-08-25T05:35:04+0200,16553320-5c3e-4a08-95db-080ced308e52,2026-08-03T19:30:00Z,2026-08-03T21:30:00+0200,14059.45882,MW,DE,DE_LU,actual_onshore_wind_generation,Wind Onshore,2026-08-25T03:38:09Z
2026-08-25T03:35:04Z,2026-08-25T05:35:04+0200,16553320-5c3e-4a08-95db-080ced308e52,2026-08-03T19:45:00Z,2026-08-03T21:45:00+0200,14610.27302,MW,DE,DE_LU,actual_onshore_wind_generation,Wind Onshore,2026-08-25T03:38:09Z
2026-08-25T03:35:04Z,2026-08-25T05:35:04+0200,16553320-5c3e-4a08-95db-080ced308e52,2026-08-03T20:00:00Z,2026-08-03T22:00:00+0200,14544.94736,MW,DE,DE_LU,actual_onshore_wind_generation,Wind Onshore,2026-08-25T03:38:09Z
2026-08-25T03:35:04Z,2026-08-25T05:35:04+0200,16553320-5c3e-4a08-95db-080ced308e52,2026-08-03T20:15:00Z,2026-08-03T22:15:00+0200,15423.58034,MW,DE,DE_LU,actual_onshore_wind_generation,Wind Onshore,2026-08-25T03:38:09Z
2026-08-25T03:35:04Z,2026-08-25T05:35:04+0200,16553320-5c3e-4a08-95db-080ced308e52,2026-08-03T20:30:00Z,2026-08-03T22:30:00+0200,15990.30213,MW,DE,DE_LU,actual_onshore_wind_generation,Wind Onshore,2026-08-25T03:38:09Z
2026-08-25T03:35:04Z,2026-08-25T05:35:04+0200,16553320-5c3e-4a08-95db-080ced308e52,2026-08-03T20:45:00Z,2026-08-03T22:45:00+0200,16355.54537,MW,DE,DE_LU,actual_onshore_wind_generation,Wind Onshore,2026-08-25T03:38:09Z
2026-08-25T03:35:04Z,2026-08-25T05:35:04+0200,16553320-5c3e-4a08-95db-080ced308e52,2026-08-03T21:00:00Z,2026-08-03T23:00:00+0200,16653.12705,MW,DE,DE_LU,actual_onshore_wind_generation,Wind Onshore,2026-08-25T03:38:09Z
2026-08-25T03:35:04Z,2026-08-25T05:35:04+0200,16553320-5c3e-4a08-95db-080ced308e52,2026-08-03T21:15:00Z,2026-08-03T23:15:00+0200,16647.94639,MW,DE,DE_LU,actual_onshore_wind_generation,Wind Onshore,2026-08-25T03:38:09Z
2026-08-25T03:35:04Z,2026-08-25T05:35:04+0200,16553320-5c3e-4a08-95db-080ced308e52,2026-08-03T21:30:00Z,2026-08-03T23:30:00+0200,16799.93559,MW,DE,DE_LU,actual_onshore_wind_generation,Wind Onshore,2026-08-25T03:38:09Z
2026-08-25T03:35:04Z,2026-08-25T05:35:04+0200,16553320-5c3e-4a08-95db-080ced308e52,2026-08-03T21:45:00Z,2026-08-03T23:45:00+0200,16990.49571,MW,DE,DE_LU,actual_onshore_wind_generation,Wind Onshore,2026-08-25T03:38:09Z
2026-08-25T03:35:04Z,2026-08-25T05:35:04+0200,16553320-5c3e-4a08-95db-080ced308e52,2026-08-03T22:00:00Z,2026-08-04T00:00:00+0200,17298.451,MW,DE,DE_LU,actual_onshore_wind_generation,Wind Onshore,2026-08-25T03:38:09Z
2026-08-25T03:35:04Z,2026-08-25T05:35:04+0200,16553320-5c3e-4a08-95db-080ced308e52,2026-08-03T22:15:00Z,2026-08-04T00:15:00+0200,17485.354,MW,DE,DE_LU,actual_onshore_wind_generation,Wind Onshore,2026-08-25T03:38:09Z
2026-08-25T03:35:04Z,2026-08-25T05:35:04+0200,16553320-5c3e-4a08-95db-080ced308e52,2026-08-03T22:30:00Z,2026-08-04T00:30:00+0200,17285.25,MW,DE,DE_LU,actual_onshore_wind_generation,Wind Onshore,2026-08-25T03:38:09Z
2026-08-25T03:35:04Z,2026-08-25T05:35:04+0200,16553320-5c3e-4a08-95db-080ced308e52,2026-08-03T22:45:00Z,2026-08-04T00:45:00+0200,16817.61,MW,DE,DE_LU,actual_onshore_wind_generation,Wind Onshore,2026-08-25T03:38:09Z
2026-08-25T03:35:04Z,2026-08-25T05:35:04+0200,16553320-5c3e-4a08-95db-080ced308e52,2026-08-03T23:00:00Z,2026-08-04T01:00:00+0200,16239.901,MW,DE,DE_LU,actual_onshore_wind_generation,Wind Onshore,2026-08-25T03:38:09Z
2026-08-25T03:35:04Z,2026-08-25T05:35:04+0200,16553320-5c3e-4a08-95db-080ced308e52,2026-08-03T23:15:00Z,2026-08-04T01:15:00+0200,15795.538,MW,DE,DE_LU,actual_onshore_wind_generation,Wind Onshore,2026-08-25T03:38:09Z
2026-08-25T03:35:04Z,2026-08-25T05:35:04+0200,16553320-5c3e-4a08-95db-080ced308e52,2026-08-03T23:30:00Z,2026-08-04T01:30:00+0200,15721.152,MW,DE,DE_LU,actual_onshore_wind_generation,Wind Onshore,2026-08-25T03:38:09Z
2026-08-25T03:35:04Z,2026-08-25T05:35:04+0200,16553320-5c3e-4a08-95db-080ced308e52,2026-08-03T23:45:00Z,2026-08-04T01:45:00+0200,15328.201,MW,DE,DE_LU,actual_onshore_wind_generation,Wind Onshore,2026-08-25T03:38:09Z
2026-08-25T03:35:04Z,2026-08-25T05:35:04+0200,16553320-5c3e-4a08-95db-080ced308e52,2026-08-04T00:00:00Z,2026-08-04T02:00:00+0200,14942.107,MW,DE,DE_LU,actual_onshore_wind_generation,Wind Onshore,2026-08-25T03:38:09Z
2026-08-25T03:35:04Z,2026-08-25T05:35:04+0200,16553320-5c3e-4a08-95db-080ced308e52,2026-08-04T00:15:00Z,2026-08-04T02:15:00+0200,14316.796,MW,DE,DE_LU,actual_onshore_wind_generation,Wind Onshore,2026-08-25T03:38:09Z
2026-08-25T03:35:04Z,2026-08-25T05:35:04+0200,16553320-5c3e-4a08-95db-080ced308e52,2026-08-04T00:30:00Z,2026-08-04T02:30:00+0200,13738.789,MW,DE,DE_LU,actual_onshore_wind_generation,Wind Onshore,2026-08-25T03:38:09Z
2026-08-25T03:35:04Z,2026-08-25T05:35:04+0200,16553320-5c3e-4a08-95db-080ced308e52,2026-08-04T00:45:00Z,2026-08-04T02:45:00+0200,13310.629,MW,DE,DE_LU,actual_onshore_wind_generation,Wind Onshore,2026-08-25T03:38:09Z
2026-08-25T03:35:04Z,2026-08-25T05:35:04+0200,16553320-5c3e-4a08-95db-080ced308e52,2026-08-04T01:00:00Z,2026-08-04T03:00:00+0200,12863.327,MW,DE,DE_LU,actual_onshore_wind_generation,Wind Onshore,2026-08-25T03:38:09Z
2026-08-25T03:35:04Z,2026-08-25T05:35:04+0200,16553320-5c3e-4a08-95db-080ced308e52,2026-08-04T01:15:00Z,2026-08-04T03:15:00+0200,12464.496,MW,DE,DE_LU,actual_onshore_wind_generation,Wind Onshore,2026-08-25T03:38:09Z
2026-08-25T03:35:04Z,2026-08-25T05:35:04+0200,16553320-5c3e-4a08-95db-080ced308e52,2026-08-04T01:30:00Z,2026-08-04T03:30:00+0200,11469.277,MW,DE,DE_LU,actual_onshore_wind_generation,Wind Onshore,2026-08-25T03:38:09Z
2026-08-25T03:35:04Z,2026-08-25T05:35:04+0200,16553320-5c3e-4a08-95db-080ced308e52,2026-08-04T01:45:00Z,2026-08-04T03:45:00+0200,10519.796,MW,DE,DE_LU,actual_onshore_wind_generation,Wind Onshore,2026-08-25T03:38:09Z
2026-08-25T03:35:04Z,2026-08-25T05:35:04+0200,16553320-5c3e-4a08-95db-080ced308e52,2026-08-04T02:00:00Z,2026-08-04T04:00:00+0200,9856.037,MW,DE,DE_LU,actual_onshore_wind_generation,Wind Onshore,2026-08-25T03:38:09Z
2026-08-25T03:35:04Z,2026-08-25T05:35:04+0200,16553320-5c3e-4a08-95db-080ced308e52,2026-08-04T02:15:00Z,2026-08-04T04:15:00+0200,9266.012,MW,DE,DE_LU,actual_onshore_wind_generation,Wind Onshore,2026-08-25T03:38:09Z
2026-08-25T03:35:04Z,2026-08-25T05:35:04+0200,16553320-5c3e-4a08-95db-080ced308e52,2026-08-04T02:30:00Z,2026-08-04T04:30:00+0200,8914.343,MW,DE,DE_LU,actual_onshore_wind_generation,Wind Onshore,2026-08-25T03:38:09Z
2026-08-25T03:35:04Z,2026-08-25T05:35:04+0200,16553320-5c3e-4a08-95db-080ced308e52,2026-08-04T02:45:00Z,2026-08-04T04:45:00+0200,9075.523,MW,DE,DE_LU,actual_onshore_wind_generation,Wind Onshore,2026-08-25T03:38:09Z
2026-08-25T03:35:04Z,2026-08-25T05:35:04+0200,16553320-5c3e-4a08-95db-080ced308e52,2026-08-04T03:00:00Z,2026-08-04T05:00:00+0200,9479.583,MW,DE,DE_LU,actual_onshore_wind_generation,Wind Onshore,2026-08-25T03:38:09Z
2026-08-25T03:35:04Z,2026-08-25T05:35:04+0200,16553320-5c3e-4a08-95db-080ced308e52,2026-08-04T03:15:00Z,2026-08-04T05:15:00+0200,10084.672,MW,DE,DE_LU,actual_onshore_wind_generation,Wind Onshore,2026-08-25T03:38:09Z
2026-08-25T03:35:04Z,2026-08-25T05:35:04+0200,16553320-5c3e-4a08-95db-080ced308e52,2026-08-04T03:30:00Z,2026-08-04T05:30:00+0200,9863.081,MW,DE,DE_LU,actual_onshore_wind_generation,Wind Onshore,2026-08-25T03:38:09Z
2026-08-25T03:35:04Z,2026-08-25T05:35:04+0200,16553320-5c3e-4a08-95db-080ced308e52,2026-08-04T03:45:00Z,2026-08-04T05:45:00+0200,10011.812,MW,DE,DE_LU,actual_onshore_wind_generation,Wind Onshore,2026-08-25T03:38:09Z
2026-08-25T03:35:04Z,2026-08-25T05:35:04+0200,16553320-5c3e-4a08-95db-080ced308e52,2026-08-04T04:00:00Z,2026-08-04T06:00:00+0200,10218.639,MW,DE,DE_LU,actual_onshore_wind_generation,Wind Onshore,2026-08-25T03:38:09Z
2026-08-25T03:35:04Z,2026-08-25T05:35:04+0200,16553320-5c3e-4a08-95db-080ced308e52,2026-08-04T04:15:00Z,2026-08-04T06:15:00+0200,9777.892,MW,DE,DE_LU,actual_onshore_wind_generation,Wind Onshore,2026-08-25T03:38:09Z
2026-08-25T03:35:04Z,2026-08-25T05:35:04+0200,16553320-5c3e-4a08-95db-080ced308e52,2026-08-04T04:30:00Z,2026-08-04T06:30:00+0200,9901.589,MW,DE,DE_LU,actual_onshore_wind_generation,Wind Onshore,2026-08-25T03:38:09Z
2026-08-25T03:35:04Z,2026-08-25T05:35:04+0200,16553320-5c3e-4a08-95db-080ced308e52,2026-08-04T04:45:00Z,2026-08-04T06:45:00+0200,9704.119,MW,DE,DE_LU,actual_onshore_wind_generation,Wind Onshore,2026-08-25T03:38:09Z
2026-08-25T03:35:04Z,2026-08-25T05:35:04+0200,16553320-5c3e-4a08-95db-080ced308e52,2026-08-04T05:00:00Z,2026-08-04T07:00:00+0200,9228.396,MW,DE,DE_LU,actual_onshore_wind_generation,Wind Onshore,2026-08-25T03:38:09Z
2026-08-25T03:35:04Z,2026-08-25T05:35:04+0200,16553320-5c3e-4a08-95db-080ced308e52,2026-08-04T05:15:00Z,2026-08-04T07:15:00+0200,8762.659,MW,DE,DE_LU,actual_onshore_wind_generation,Wind Onshore,2026-08-25T03:38:09Z
2026-08-25T03:35:04Z,2026-08-25T05:35:04+0200,16553320-5c3e-4a08-95db-080ced308e52,2026-08-04T05:30:00Z,2026-08-04T07:30:00+0200,8452.916,MW,DE,DE_LU,actual_onshore_wind_generation,Wind Onshore,2026-08-25T03:38:09Z
2026-08-25T03:35:04Z,2026-08-25T05:35:04+0200,16553320-5c3e-4a08-95db-080ced308e52,2026-08-04T05:45:00Z,2026-08-04T07:45:00+0200,7833.814,MW,DE,DE_LU,actual_onshore_wind_generation,Wind Onshore,2026-08-25T03:38:09Z
2026-08-25T03:35:04Z,2026-08-25T05:35:04+0200,16553320-5c3e-4a08-95db-080ced308e52,2026-08-04T06:00:00Z,2026-08-04T08:00:00+0200,7379.148,MW,DE,DE_LU,actual_onshore_wind_generation,Wind Onshore,2026-08-25T03:38:09Z
2026-08-25T03:35:04Z,2026-08-25T05:35:04+0200,16553320-5c3e-4a08-95db-080ced308e52,2026-08-04T06:15:00Z,2026-08-04T08:15:00+0200,6660.585,MW,DE,DE_LU,actual_onshore_wind_generation,Wind Onshore,2026-08-25T03:38:09Z
2026-08-25T03:35:04Z,2026-08-25T05:35:04+0200,16553320-5c3e-4a08-95db-080ced308e52,2026-08-04T06:30:00Z,2026-08-04T08:30:00+0200,6042.551,MW,DE,DE_LU,actual_onshore_wind_generation,Wind Onshore,2026-08-25T03:38:09Z
2026-08-25T03:35:04Z,2026-08-25T05:35:04+0200,16553320-5c3e-4a08-95db-080ced308e52,2026-08-04T06:45:00Z,2026-08-04T08:45:00+0200,5380.142,MW,DE,DE_LU,actual_onshore_wind_generation,Wind Onshore,2026-08-25T03:38:09Z
2026-08-25T03:35:04Z,2026-08-25T05:35:04+0200,16553320-5c3e-4a08-95db-080ced308e52,2026-08-04T07:00:00Z,2026-08-04T09:00:00+0200,4705.736,MW,DE,DE_LU,actual_onshore_wind_generation,Wind Onshore,2026-08-25T03:38:09Z
2026-08-25T03:35:04Z,2026-08-25T05:35:04+0200,16553320-5c3e-4a08-95db-080ced308e52,2026-08-04T07:15:00Z,2026-08-04T09:15:00+0200,4244.145,MW,DE,DE_LU,actual_onshore_wind_generation,Wind Onshore,2026-08-25T03:38:09Z
2026-08-25T03:35:04Z,2026-08-25T05:35:04+0200,16553320-5c3e-4a08-95db-080ced308e52,2026-08-04T07:30:00Z,2026-08-04T09:30:00+0200,4147.299,MW,DE,DE_LU,actual_onshore_wind_generation,Wind Onshore,2026-08-25T03:38:09Z
2026-08-25T03:35:04Z,2026-08-25T05:35:04+0200,16553320-5c3e-4a08-95db-080ced308e52,2026-08-04T07:45:00Z,2026-08-04T09:45:00+0200,4155.225,MW,DE,DE_LU,actual_onshore_wind_generation,Wind Onshore,2026-08-25T03:38:09Z
2026-08-25T03:35:04Z,2026-08-25T05:35:04+0200,16553320-5c3e-4a08-95db-080ced308e52,2026-08-04T08:00:00Z,2026-08-04T10:00:00+0200,4132.44,MW,DE,DE_LU,actual_onshore_wind_generation,Wind Onshore,2026-08-25T03:38:09Z
2026-08-25T03:35:04Z,2026-08-25T05:35:04+0200,16553320-5c3e-4a08-95db-080ced308e52,2026-08-04T08:15:00Z,2026-08-04T10:15:00+0200,4160.957,MW,DE,DE_LU,actual_onshore_wind_generation,Wind Onshore,2026-08-25T03:38:09Z
2026-08-25T03:35:04Z,2026-08-25T05:35:04+0200,16553320-5c3e-4a08-95db-080ced308e52,2026-08-04T08:30:00Z,2026-08-04T10:30:00+0200,4090.266,MW,DE,DE_LU,actual_onshore_wind_generation,Wind Onshore,2026-08-25T03:38:09Z
2026-08-25T03:35:04Z,2026-08-25T05:35:04+0200,16553320-5c3e-4a08-95db-080ced308e52,2026-08-04T08:45:00Z,2026-08-04T10:45:00+0200,4068.167,MW,DE,DE_LU,actual_onshore_wind_generation,Wind Onshore,2026-08-25T03:38:09Z
2026-08-25T03:35:04Z,2026-08-25T05:35:04+0200,16553320-5c3e-4a08-95db-080ced308e52,2026-08-04T09:00:00Z,2026-08-04T11:00:00+0200,3969.346,MW,DE,DE_LU,actual_onshore_wind_generation,Wind Onshore,2026-08-25T03:38:09Z
2026-08-25T03:35:04Z,2026-08-25T05:35:04+0200,16553320-5c3e-4a08-95db-080ced308e52,2026-08-04T09:15:00Z,2026-08-04T11:15:00+0200,4022.482,MW,DE,DE_LU,actual_onshore_wind_generation,Wind Onshore,2026-08-25T03:38:09Z
2026-08-25T03:35:04Z,2026-08-25T05:35:04+0200,16553320-5c3e-4a08-95db-080ced308e52,2026-08-04T09:30:00Z,2026-08-04T11:30:00+0200,4006.666,MW,DE,DE_LU,actual_onshore_wind_generation,Wind Onshore,2026-08-25T03:38:09Z
2026-08-25T03:35:04Z,2026-08-25T05:35:04+0200,16553320-5c3e-4a08-95db-080ced308e52,2026-08-04T09:45:00Z,2026-08-04T11:45:00+0200,3824.735,MW,DE,DE_LU,actual_onshore_wind_generation,Wind Onshore,2026-08-25T03:38:09Z
2026-08-25T03:35:04Z,2026-08-25T05:35:04+0200,16553320-5c3e-4a08-95db-080ced308e52,2026-08-04T10:00:00Z,2026-08-04T12:00:00+0200,3672.986,MW,DE,DE_LU,actual_onshore_wind_generation,Wind Onshore,2026-08-25T03:38:09Z
2026-08-25T03:35:04Z,2026-08-25T05:35:04+0200,16553320-5c3e-4a08-95db-080ced308e52,2026-08-04T10:15:00Z,2026-08-04T12:15:00+0200,3606.4,MW,DE,DE_LU,actual_onshore_wind_generation,Wind Onshore,2026-08-25T03:38:09Z
2026-08-25T03:35:04Z,2026-08-25T05:35:04+0200,16553320-5c3e-4a08-95db-080ced308e52,2026-08-04T10:30:00Z,2026-08-04T12:30:00+0200,3633.288,MW,DE,DE_LU,actual_onshore_wind_generation,Wind Onshore,2026-08-25T03:38:09Z
2026-08-25T03:35:04Z,2026-08-25T05:35:04+0200,16553320-5c3e-4a08-95db-080ced308e52,2026-08-04T10:45:00Z,2026-08-04T12:45:00+0200,3649.798,MW,DE,DE_LU,actual_onshore_wind_generation,Wind Onshore,2026-08-25T03:38:09Z
2026-08-25T03:35:04Z,2026-08-25T05:35:04+0200,16553320-5c3e-4a08-95db-080ced308e52,2026-08-04T11:00:00Z,2026-08-04T13:00:00+0200,3726.172,MW,DE,DE_LU,actual_onshore_wind_generation,Wind Onshore,2026-08-25T03:38:09Z
2026-08-25T03:35:04Z,2026-08-25T05:35:04+0200,16553320-5c3e-4a08-95db-080ced308e52,2026-08-04T11:15:00Z,2026-08-04T13:15:00+0200,3742.178,MW,DE,DE_LU,actual_onshore_wind_generation,Wind Onshore,2026-08-25T03:38:09Z
2026-08-25T03:35:04Z,2026-08-25T05:35:04+0200,16553320-5c3e-4a08-95db-080ced308e52,2026-08-04T11:30:00Z,2026-08-04T13:30:00+0200,3529.072,MW,DE,DE_LU,actual_onshore_wind_generation,Wind Onshore,2026-08-25T03:38:09Z
2026-08-25T03:35:04Z,2026-08-25T05:35:04+0200,16553320-5c3e-4a08-95db-080ced308e52,2026-08-04T11:45:00Z,2026-08-04T13:45:00+0200,3393.187,MW,DE,DE_LU,actual_onshore_wind_generation,Wind Onshore,2026-08-25T03:38:09Z
2026-08-25T03:35:04Z,2026-08-25T05:35:04+0200,16553320-5c3e-4a08-95db-080ced308e52,2026-08-04T12:00:00Z,2026-08-04T14:00:00+0200,3234.53,MW,DE,DE_LU,actual_onshore_wind_generation,Wind Onshore,2026-08-25T03:38:09Z
2026-08-25T03:35:04Z,2026-08-25T05:35:04+0200,16553320-5c3e-4a08-95db-080ced308e52,2026-08-04T12:15:00Z,2026-08-04T14:15:00+0200,3163.619,MW,DE,DE_LU,actual_onshore_wind_generation,Wind Onshore,2026-08-25T03:38:09Z
2026-08-25T03:35:04Z,2026-08-25T05:35:04+0200,16553320-5c3e-4a08-95db-080ced308e52,2026-08-04T12:30:00Z,2026-08-04T14:30:00+0200,3252.612,MW,DE,DE_LU,actual_onshore_wind_generation,Wind Onshore,2026-08-25T03:38:09Z
2026-08-25T03:35:04Z,2026-08-25T05:35:04+0200,16553320-5c3e-4a08-95db-080ced308e52,2026-08-04T12:45:00Z,2026-08-04T14:45:00+0200,3285.653,MW,DE,DE_LU,actual_onshore_wind_generation,Wind Onshore,2026-08-25T03:38:09Z
2026-08-25T03:35:04Z,2026-08-25T05:35:04+0200,16553320-5c3e-4a08-95db-080ced308e52,2026-08-04T13:00:00Z,2026-08-04T15:00:00+0200,3420.061,MW,DE,DE_LU,actual_onshore_wind_generation,Wind Onshore,2026-08-25T03:38:09Z
2026-08-25T03:35:04Z,2026-08-25T05:35:04+0200,16553320-5c3e-4a08-95db-080ced308e52,2026-08-04T13:15:00Z,2026-08-04T15:15:00+0200,3568.852,MW,DE,DE_LU,actual_onshore_wind_generation,Wind Onshore,2026-08-25T03:38:09Z
2026-08-25T03:35:04Z,2026-08-25T05:35:04+0200,16553320-5c3e-4a08-95db-080ced308e52,2026-08-04T13:30:00Z,2026-08-04T15:30:00+0200,3574.666,MW,DE,DE_LU,actual_onshore_wind_generation,Wind Onshore,2026-08-25T03:38:09Z
2026-08-25T03:35:04Z,2026-08-25T05:35:04+0200,16553320-5c3e-4a08-95db-080ced308e52,2026-08-04T13:45:00Z,2026-08-04T15:45:00+0200,3581.552,MW,DE,DE_LU,actual_onshore_wind_generation,Wind Onshore,2026-08-25T03:38:09Z
2026-08-25T03:35:04Z,2026-08-25T05:35:04+0200,16553320-5c3e-4a08-95db-080ced308e52,2026-08-04T14:00:00Z,2026-08-04T16:00:00+0200,3623.972,MW,DE,DE_LU,actual_onshore_wind_generation,Wind Onshore,2026-08-25T03:38:09Z
2026-08-25T03:35:04Z,2026-08-25T05:35:04+0200,16553320-5c3e-4a08-95db-080ced308e52,2026-08-04T14:15:00Z,2026-08-04T16:15:00+0200,3713.101,MW,DE,DE_LU,actual_onshore_wind_generation,Wind Onshore,2026-08-25T03:38:09Z
2026-08-25T03:35:04Z,2026-08-25T05:35:04+0200,16553320-5c3e-4a08-95db-080ced308e52,2026-08-04T14:30:00Z,2026-08-04T16:30:00+0200,3693.232,MW,DE,DE_LU,actual_onshore_wind_generation,Wind Onshore,2026-08-25T03:38:09Z
2026-08-25T03:35:04Z,2026-08-25T05:35:04+0200,16553320-5c3e-4a08-95db-080ced308e52,2026-08-04T14:45:00Z,2026-08-04T16:45:00+0200,3704.343,MW,DE,DE_LU,actual_onshore_wind_generation,Wind Onshore,2026-08-25T03:38:09Z
2026-08-25T03:35:04Z,2026-08-25T05:35:04+0200,16553320-5c3e-4a08-95db-080ced308e52,2026-08-04T15:00:00Z,2026-08-04T17:00:00+0200,3741.689,MW,DE,DE_LU,actual_onshore_wind_generation,Wind Onshore,2026-08-25T03:38:09Z
2026-08-25T03:35:04Z,2026-08-25T05:35:04+0200,16553320-5c3e-4a08-95db-080ced308e52,2026-08-04T15:15:00Z,2026-08-04T17:15:00+0200,3826.463,MW,DE,DE_LU,actual_onshore_wind_generation,Wind Onshore,2026-08-25T03:38:09Z
2026-08-25T03:35:04Z,2026-08-25T05:35:04+0200,16553320-5c3e-4a08-95db-080ced308e52,2026-08-04T15:30:00Z,2026-08-04T17:30:00+0200,3812.448,MW,DE,DE_LU,actual_onshore_wind_generation,Wind Onshore,2026-08-25T03:38:09Z
2026-08-25T03:35:04Z,2026-08-25T05:35:04+0200,16553320-5c3e-4a08-95db-080ced308e52,2026-08-04T15:45:00Z,2026-08-04T17:45:00+0200,3734.236,MW,DE,DE_LU,actual_onshore_wind_generation,Wind Onshore,2026-08-25T03:38:09Z
2026-08-25T03:35:04Z,2026-08-25T05:35:04+0200,16553320-5c3e-4a08-95db-080ced308e52,2026-08-04T16:00:00Z,2026-08-04T18:00:00+0200,3756.181,MW,DE,DE_LU,actual_onshore_wind_generation,Wind Onshore,2026-08-25T03:38:09Z
2026-08-25T03:35:04Z,2026-08-25T05:35:04+0200,16553320-5c3e-4a08-95db-080ced308e52,2026-08-04T16:15:00Z,2026-08-04T18:15:00+0200,3778.81,MW,DE,DE_LU,actual_onshore_wind_generation,Wind Onshore,2026-08-25T03:38:09Z
2026-08-25T03:35:04Z,2026-08-25T05:35:04+0200,16553320-5c3e-4a08-95db-080ced308e52,2026-08-04T16:30:00Z,2026-08-04T18:30:00+0200,3795.531,MW,DE,DE_LU,actual_onshore_wind_generation,Wind Onshore,2026-08-25T03:38:09Z
2026-08-25T03:35:04Z,2026-08-25T05:35:04+0200,16553320-5c3e-4a08-95db-080ced308e52,2026-08-04T16:45:00Z,2026-08-04T18:45:00+0200,3761.388,MW,DE,DE_LU,actual_onshore_wind_generation,Wind Onshore,2026-08-25T03:38:09Z
2026-08-25T03:35:04Z,2026-08-25T05:35:04+0200,16553320-5c3e-4a08-95db-080ced308e52,2026-08-04T17:00:00Z,2026-08-04T19:00:00+0200,3754.736,MW,DE,DE_LU,actual_onshore_wind_generation,Wind Onshore,2026-08-25T03:38:09Z
2026-08-25T03:35:04Z,2026-08-25T05:35:04+0200,16553320-5c3e-4a08-95db-080ced308e52,2026-08-04T17:15:00Z,2026-08-04T19:15:00+0200,3786.158,MW,DE,DE_LU,actual_onshore_wind_generation,Wind Onshore,2026-08-25T03:38:09Z
2026-08-25T03:35:04Z,2026-08-25T05:35:04+0200,16553320-5c3e-4a08-95db-080ced308e52,2026-08-04T17:30:00Z,2026-08-04T19:30:00+0200,3820.749,MW,DE,DE_LU,actual_onshore_wind_generation,Wind Onshore,2026-08-25T03:38:09Z
2026-08-25T03:35:04Z,2026-08-25T05:35:04+0200,16553320-5c3e-4a08-95db-080ced308e52,2026-08-04T17:45:00Z,2026-08-04T19:45:00+0200,3823.035,MW,DE,DE_LU,actual_onshore_wind_generation,Wind Onshore,2026-08-25T03:38:09Z
2026-08-25T03:35:04Z,2026-08-25T05:35:04+0200,16553320-5c3e-4a08-95db-080ced308e52,2026-08-04T18:00:00Z,2026-08-04T20:00:00+0200,3953.98,MW,DE,DE_LU,actual_onshore_wind_generation,Wind Onshore,2026-08-25T03:38:09Z
2026-08-25T03:35:04Z,2026-08-25T05:35:04+0200,16553320-5c3e-4a08-95db-080ced308e52,2026-08-04T18:15:00Z,2026-08-04T20:15:00+0200,4120.868,MW,DE,DE_LU,actual_onshore_wind_generation,Wind Onshore,2026-08-25T03:38:09Z
2026-08-25T03:35:04Z,2026-08-25T05:35:04+0200,16553320-5c3e-4a08-95db-080ced308e52,2026-08-04T18:30:00Z,2026-08-04T20:30:00+0200,4656.917,MW,DE,DE_LU,actual_onshore_wind_generation,Wind Onshore,2026-08-25T03:38:09Z
2026-08-25T03:35:04Z,2026-08-25T05:35:04+0200,16553320-5c3e-4a08-95db-080ced308e52,2026-08-04T18:45:00Z,2026-08-04T20:45:00+0200,5413.6,MW,DE,DE_LU,actual_onshore_wind_generation,Wind Onshore,2026-08-25T03:38:09Z
2026-08-25T03:35:04Z,2026-08-25T05:35:04+0200,16553320-5c3e-4a08-95db-080ced308e52,2026-08-04T19:00:00Z,2026-08-04T21:00:00+0200,5432.258,MW,DE,DE_LU,actual_onshore_wind_generation,Wind Onshore,2026-08-25T03:38:09Z
2026-08-25T03:35:04Z,2026-08-25T05:35:04+0200,16553320-5c3e-4a08-95db-080ced308e52,2026-08-04T19:15:00Z,2026-08-04T21:15:00+0200,5043.816,MW,DE,DE_LU,actual_onshore_wind_generation,Wind Onshore,2026-08-25T03:38:09Z
2026-08-25T03:35:04Z,2026-08-25T05:35:04+0200,16553320-5c3e-4a08-95db-080ced308e52,2026-08-04T19:30:00Z,2026-08-04T21:30:00+0200,5213.993,MW,DE,DE_LU,actual_onshore_wind_generation,Wind Onshore,2026-08-25T03:38:09Z
2026-08-25T03:35:04Z,2026-08-25T05:35:04+0200,16553320-5c3e-4a08-95db-080ced308e52,2026-08-04T19:45:00Z,2026-08-04T21:45:00+0200,5584.084,MW,DE,DE_LU,actual_onshore_wind_generation,Wind Onshore,2026-08-25T03:38:09Z
2026-08-25T03:35:04Z,2026-08-25T05:35:04+0200,16553320-5c3e-4a08-95db-080ced308e52,2026-08-04T20:00:00Z,2026-08-04T22:00:00+0200,5689.402,MW,DE,DE_LU,actual_onshore_wind_generation,Wind Onshore,2026-08-25T03:38:09Z
2026-08-25T03:35:04Z,2026-08-25T05:35:04+0200,16553320-5c3e-4a08-95db-080ced308e52,2026-08-04T20:15:00Z,2026-08-04T22:15:00+0200,5991.023,MW,DE,DE_LU,actual_onshore_wind_generation,Wind Onshore,2026-08-25T03:38:09Z
2026-08-25T03:35:04Z,2026-08-25T05:35:04+0200,16553320-5c3e-4a08-95db-080ced308e52,2026-08-04T20:30:00Z,2026-08-04T22:30:00+0200,6256.99,MW,DE,DE_LU,actual_onshore_wind_generation,Wind Onshore,2026-08-25T03:38:09Z
2026-08-25T03:35:04Z,2026-08-25T05:35:04+0200,16553320-5c3e-4a08-95db-080ced308e52,2026-08-04T20:45:00Z,2026-08-04T22:45:00+0200,6694.06,MW,DE,DE_LU,actual_onshore_wind_generation,Wind Onshore,2026-08-25T03:38:09Z
2026-08-25T03:35:04Z,2026-08-25T05:35:04+0200,16553320-5c3e-4a08-95db-080ced308e52,2026-08-04T21:00:00Z,2026-08-04T23:00:00+0200,7250.943,MW,DE,DE_LU,actual_onshore_wind_generation,Wind Onshore,2026-08-25T03:38:09Z
2026-08-25T03:35:04Z,2026-08-25T05:35:04+0200,16553320-5c3e-4a08-95db-080ced308e52,2026-08-04T21:15:00Z,2026-08-04T23:15:00+0200,7639.111,MW,DE,DE_LU,actual_onshore_wind_generation,Wind Onshore,2026-08-25T03:38:09Z
2026-08-25T03:35:04Z,2026-08-25T05:35:04+0200,16553320-5c3e-4a08-95db-080ced308e52,2026-08-04T21:30:00Z,2026-08-04T23:30:00+0200,7943.638,MW,DE,DE_LU,actual_onshore_wind_generation,Wind Onshore,2026-08-25T03:38:09Z
2026-08-25T03:35:04Z,2026-08-25T05:35:04+0200,16553320-5c3e-4a08-95db-080ced308e52,2026-08-04T21:45:00Z,2026-08-04T23:45:00+0200,8243.666,MW,DE,DE_LU,actual_onshore_wind_generation,Wind Onshore,2026-08-25T03:38:09Z
2026-08-25T03:35:04Z,2026-08-25T05:35:04+0200,16553320-5c3e-4a08-95db-080ced308e52,2026-08-04T22:00:00Z,2026-08-05T00:00:00+0200,8555.227,MW,DE,DE_LU,actual_onshore_wind_generation,Wind Onshore,2026-08-25T03:38:09Z
2026-08-25T03:35:04Z,2026-08-25T05:35:04+0200,16553320-5c3e-4a08-95db-080ced308e52,2026-08-04T22:15:00Z,2026-08-05T00:15:00+0200,8868.301,MW,DE,DE_LU,actual_onshore_wind_generation,Wind Onshore,2026-08-25T03:38:09Z
2026-08-25T03:35:04Z,2026-08-25T05:35:04+0200,16553320-5c3e-4a08-95db-080ced308e52,2026-08-04T22:30:00Z,2026-08-05T00:30:00+0200,8788.116,MW,DE,DE_LU,actual_onshore_wind_generation,Wind Onshore,2026-08-25T03:38:09Z
2026-08-25T03:35:04Z,2026-08-25T05:35:04+0200,16553320-5c3e-4a08-95db-080ced308e52,2026-08-04T22:45:00Z,2026-08-05T00:45:00+0200,8927.692,MW,DE,DE_LU,actual_onshore_wind_generation,Wind Onshore,2026-08-25T03:38:09Z
2026-08-25T03:35:04Z,2026-08-25T05:35:04+0200,16553320-5c3e-4a08-95db-080ced308e52,2026-08-04T23:00:00Z,2026-08-05T01:00:00+0200,8736.561,MW,DE,DE_LU,actual_onshore_wind_generation,Wind Onshore,2026-08-25T03:38:09Z
2026-08-25T03:35:04Z,2026-08-25T05:35:04+0200,16553320-5c3e-4a08-95db-080ced308e52,2026-08-04T23:15:00Z,2026-08-05T01:15:00+0200,8761.112,MW,DE,DE_LU,actual_onshore_wind_generation,Wind Onshore,2026-08-25T03:38:09Z
2026-08-25T03:35:04Z,2026-08-25T05:35:04+0200,16553320-5c3e-4a08-95db-080ced308e52,2026-08-04T23:30:00Z,2026-08-05T01:30:00+0200,8804.13,MW,DE,DE_LU,actual_onshore_wind_generation,Wind Onshore,2026-08-25T03:38:09Z
2026-08-25T03:35:04Z,2026-08-25T05:35:04+0200,16553320-5c3e-4a08-95db-080ced308e52,2026-08-04T23:45:00Z,2026-08-05T01:45:00+0200,8781.818,MW,DE,DE_LU,actual_onshore_wind_generation,Wind Onshore,2026-08-25T03:38:09Z
2026-08-25T03:35:04Z,2026-08-25T05:35:04+0200,16553320-5c3e-4a08-95db-080ced308e52,2026-08-05T00:00:00Z,2026-08-05T02:00:00+0200,8775.074,MW,DE,DE_LU,actual_onshore_wind_generation,Wind Onshore,2026-08-25T03:38:09Z
2026-08-25T03:35:04Z,2026-08-25T05:35:04+0200,16553320-5c3e-4a08-95db-080ced308e52,2026-08-05T00:15:00Z,2026-08-05T02:15:00+0200,8935.432,MW,DE,DE_LU,actual_onshore_wind_generation,Wind Onshore,2026-08-25T03:38:09Z
2026-08-25T03:35:04Z,2026-08-25T05:35:04+0200,16553320-5c3e-4a08-95db-080ced308e52,2026-08-05T00:30:00Z,2026-08-05T02:30:00+0200,8729.104,MW,DE,DE_LU,actual_onshore_wind_generation,Wind Onshore,2026-08-25T03:38:09Z
2026-08-25T03:35:04Z,2026-08-25T05:35:04+0200,16553320-5c3e-4a08-95db-080ced308e52,2026-08-05T00:45:00Z,2026-08-05T02:45:00+0200,7909.187,MW,DE,DE_LU,actual_onshore_wind_generation,Wind Onshore,2026-08-25T03:38:09Z
2026-08-25T03:35:04Z,2026-08-25T05:35:04+0200,16553320-5c3e-4a08-95db-080ced308e52,2026-08-05T01:00:00Z,2026-08-05T03:00:00+0200,7711.638,MW,DE,DE_LU,actual_onshore_wind_generation,Wind Onshore,2026-08-25T03:38:09Z
2026-08-25T03:35:04Z,2026-08-25T05:35:04+0200,16553320-5c3e-4a08-95db-080ced308e52,2026-08-05T01:15:00Z,2026-08-05T03:15:00+0200,7925.257,MW,DE,DE_LU,actual_onshore_wind_generation,Wind Onshore,2026-08-25T03:38:09Z
2026-08-25T03:35:04Z,2026-08-25T05:35:04+0200,16553320-5c3e-4a08-95db-080ced308e52,2026-08-05T01:30:00Z,2026-08-05T03:30:00+0200,8273.562,MW,DE,DE_LU,actual_onshore_wind_generation,Wind Onshore,2026-08-25T03:38:09Z
2026-08-25T03:35:04Z,2026-08-25T05:35:04+0200,16553320-5c3e-4a08-95db-080ced308e52,2026-08-05T01:45:00Z,2026-08-05T03:45:00+0200,8931.076,MW,DE,DE_LU,actual_onshore_wind_generation,Wind Onshore,2026-08-25T03:38:09Z
2026-08-25T03:35:04Z,2026-08-25T05:35:04+0200,16553320-5c3e-4a08-95db-080ced308e52,2026-08-05T02:00:00Z,2026-08-05T04:00:00+0200,9017.917,MW,DE,DE_LU,actual_onshore_wind_generation,Wind Onshore,2026-08-25T03:38:09Z
2026-08-25T03:35:04Z,2026-08-25T05:35:04+0200,16553320-5c3e-4a08-95db-080ced308e52,2026-08-05T02:15:00Z,2026-08-05T04:15:00+0200,8932.782,MW,DE,DE_LU,actual_onshore_wind_generation,Wind Onshore,2026-08-25T03:38:09Z
2026-08-25T03:35:04Z,2026-08-25T05:35:04+0200,16553320-5c3e-4a08-95db-080ced308e52,2026-08-05T02:30:00Z,2026-08-05T04:30:00+0200,9090.9,MW,DE,DE_LU,actual_onshore_wind_generation,Wind Onshore,2026-08-25T03:38:09Z
2026-08-25T03:35:04Z,2026-08-25T05:35:04+0200,16553320-5c3e-4a08-95db-080ced308e52,2026-08-05T02:45:00Z,2026-08-05T04:45:00+0200,9256.175,MW,DE,DE_LU,actual_onshore_wind_generation,Wind Onshore,2026-08-25T03:38:09Z
2026-08-25T03:35:04Z,2026-08-25T05:35:04+0200,16553320-5c3e-4a08-95db-080ced308e52,2026-08-05T03:00:00Z,2026-08-05T05:00:00+0200,9714.61,MW,DE,DE_LU,actual_onshore_wind_generation,Wind Onshore,2026-08-25T03:38:09Z
2026-08-25T03:35:04Z,2026-08-25T05:35:04+0200,16553320-5c3e-4a08-95db-080ced308e52,2026-08-05T03:15:00Z,2026-08-05T05:15:00+0200,10069.476,MW,DE,DE_LU,actual_onshore_wind_generation,Wind Onshore,2026-08-25T03:38:09Z
2026-08-25T03:35:04Z,2026-08-25T05:35:04+0200,16553320-5c3e-4a08-95db-080ced308e52,2026-08-05T03:30:00Z,2026-08-05T05:30:00+0200,10080.818,MW,DE,DE_LU,actual_onshore_wind_generation,Wind Onshore,2026-08-25T03:38:09Z
2026-08-25T03:35:04Z,2026-08-25T05:35:04+0200,16553320-5c3e-4a08-95db-080ced308e52,2026-08-05T03:45:00Z,2026-08-05T05:45:00+0200,10309.941,MW,DE,DE_LU,actual_onshore_wind_generation,Wind Onshore,2026-08-25T03:38:09Z
2026-08-25T03:35:04Z,2026-08-25T05:35:04+0200,16553320-5c3e-4a08-95db-080ced308e52,2026-08-05T04:00:00Z,2026-08-05T06:00:00+0200,10532.19,MW,DE,DE_LU,actual_onshore_wind_generation,Wind Onshore,2026-08-25T03:38:09Z
2026-08-25T03:35:04Z,2026-08-25T05:35:04+0200,16553320-5c3e-4a08-95db-080ced308e52,2026-08-05T04:15:00Z,2026-08-05T06:15:00+0200,10769.261,MW,DE,DE_LU,actual_onshore_wind_generation,Wind Onshore,2026-08-25T03:38:09Z
2026-08-25T03:35:04Z,2026-08-25T05:35:04+0200,16553320-5c3e-4a08-95db-080ced308e52,2026-08-05T04:30:00Z,2026-08-05T06:30:00+0200,10704.583,MW,DE,DE_LU,actual_onshore_wind_generation,Wind Onshore,2026-08-25T03:38:09Z
2026-08-25T03:35:04Z,2026-08-25T05:35:04+0200,16553320-5c3e-4a08-95db-080ced308e52,2026-08-05T04:45:00Z,2026-08-05T06:45:00+0200,10838.07,MW,DE,DE_LU,actual_onshore_wind_generation,Wind Onshore,2026-08-25T03:38:09Z
2026-08-25T03:35:04Z,2026-08-25T05:35:04+0200,16553320-5c3e-4a08-95db-080ced308e52,2026-08-05T05:00:00Z,2026-08-05T07:00:00+0200,10723.492,MW,DE,DE_LU,actual_onshore_wind_generation,Wind Onshore,2026-08-25T03:38:09Z
2026-08-25T03:35:04Z,2026-08-25T05:35:04+0200,16553320-5c3e-4a08-95db-080ced308e52,2026-08-05T05:15:00Z,2026-08-05T07:15:00+0200,10356.577,MW,DE,DE_LU,actual_onshore_wind_generation,Wind Onshore,2026-08-25T03:38:09Z
2026-08-25T03:35:04Z,2026-08-25T05:35:04+0200,16553320-5c3e-4a08-95db-080ced308e52,2026-08-05T05:30:00Z,2026-08-05T07:30:00+0200,9611.064,MW,DE,DE_LU,actual_onshore_wind_generation,Wind Onshore,2026-08-25T03:38:09Z
2026-08-25T03:35:04Z,2026-08-25T05:35:04+0200,16553320-5c3e-4a08-95db-080ced308e52,2026-08-05T05:45:00Z,2026-08-05T07:45:00+0200,8776.148,MW,DE,DE_LU,actual_onshore_wind_generation,Wind Onshore,2026-08-25T03:38:09Z
2026-08-25T03:35:04Z,2026-08-25T05:35:04+0200,16553320-5c3e-4a08-95db-080ced308e52,2026-08-05T06:00:00Z,2026-08-05T08:00:00+0200,8122.237,MW,DE,DE_LU,actual_onshore_wind_generation,Wind Onshore,2026-08-25T03:38:09Z
2026-08-25T03:35:04Z,2026-08-25T05:35:04+0200,16553320-5c3e-4a08-95db-080ced308e52,2026-08-05T06:15:00Z,2026-08-05T08:15:00+0200,7569.57,MW,DE,DE_LU,actual_onshore_wind_generation,Wind Onshore,2026-08-25T03:38:09Z
2026-08-25T03:35:04Z,2026-08-25T05:35:04+0200,16553320-5c3e-4a08-95db-080ced308e52,2026-08-05T06:30:00Z,2026-08-05T08:30:00+0200,7177.628,MW,DE,DE_LU,actual_onshore_wind_generation,Wind Onshore,2026-08-25T03:38:09Z
2026-08-25T03:35:04Z,2026-08-25T05:35:04+0200,16553320-5c3e-4a08-95db-080ced308e52,2026-08-05T06:45:00Z,2026-08-05T08:45:00+0200,6990.791,MW,DE,DE_LU,actual_onshore_wind_generation,Wind Onshore,2026-08-25T03:38:09Z
2026-08-25T03:35:04Z,2026-08-25T05:35:04+0200,16553320-5c3e-4a08-95db-080ced308e52,2026-08-05T07:00:00Z,2026-08-05T09:00:00+0200,6923.793,MW,DE,DE_LU,actual_onshore_wind_generation,Wind Onshore,2026-08-25T03:38:09Z
2026-08-25T03:35:04Z,2026-08-25T05:35:04+0200,16553320-5c3e-4a08-95db-080ced308e52,2026-08-05T07:15:00Z,2026-08-05T09:15:00+0200,7013.855,MW,DE,DE_LU,actual_onshore_wind_generation,Wind Onshore,2026-08-25T03:38:09Z
2026-08-25T03:35:04Z,2026-08-25T05:35:04+0200,16553320-5c3e-4a08-95db-080ced308e52,2026-08-05T07:30:00Z,2026-08-05T09:30:00+0200,7282.514,MW,DE,DE_LU,actual_onshore_wind_generation,Wind Onshore,2026-08-25T03:38:09Z
2026-08-25T03:35:04Z,2026-08-25T05:35:04+0200,16553320-5c3e-4a08-95db-080ced308e52,2026-08-05T07:45:00Z,2026-08-05T09:45:00+0200,7509.303,MW,DE,DE_LU,actual_onshore_wind_generation,Wind Onshore,2026-08-25T03:38:09Z
2026-08-25T03:35:04Z,2026-08-25T05:35:04+0200,16553320-5c3e-4a08-95db-080ced308e52,2026-08-05T08:00:00Z,2026-08-05T10:00:00+0200,8091.964,MW,DE,DE_LU,actual_onshore_wind_generation,Wind Onshore,2026-08-25T03:38:09Z
2026-08-25T03:35:04Z,2026-08-25T05:35:04+0200,16553320-5c3e-4a08-95db-080ced308e52,2026-08-05T08:15:00Z,2026-08-05T10:15:00+0200,8552.4,MW,DE,DE_LU,actual_onshore_wind_generation,Wind Onshore,2026-08-25T03:38:09Z
2026-08-25T03:35:04Z,2026-08-25T05:35:04+0200,16553320-5c3e-4a08-95db-080ced308e52,2026-08-05T08:30:00Z,2026-08-05T10:30:00+0200,8961.764,MW,DE,DE_LU,actual_onshore_wind_generation,Wind Onshore,2026-08-25T03:38:09Z
2026-08-25T03:35:04Z,2026-08-25T05:35:04+0200,16553320-5c3e-4a08-95db-080ced308e52,2026-08-05T08:45:00Z,2026-08-05T10:45:00+0200,9375.89,MW,DE,DE_LU,actual_onshore_wind_generation,Wind Onshore,2026-08-25T03:38:09Z
2026-08-25T03:35:04Z,2026-08-25T05:35:04+0200,16553320-5c3e-4a08-95db-080ced308e52,2026-08-05T09:00:00Z,2026-08-05T11:00:00+0200,9886.438,MW,DE,DE_LU,actual_onshore_wind_generation,Wind Onshore,2026-08-25T03:38:09Z
2026-08-25T03:35:04Z,2026-08-25T05:35:04+0200,16553320-5c3e-4a08-95db-080ced308e52,2026-08-05T09:15:00Z,2026-08-05T11:15:00+0200,10420.598,MW,DE,DE_LU,actual_onshore_wind_generation,Wind Onshore,2026-08-25T03:38:09Z
2026-08-25T03:35:04Z,2026-08-25T05:35:04+0200,16553320-5c3e-4a08-95db-080ced308e52,2026-08-05T09:30:00Z,2026-08-05T11:30:00+0200,10726.311,MW,DE,DE_LU,actual_onshore_wind_generation,Wind Onshore,2026-08-25T03:38:09Z
2026-08-25T03:35:04Z,2026-08-25T05:35:04+0200,16553320-5c3e-4a08-95db-080ced308e52,2026-08-05T09:45:00Z,2026-08-05T11:45:00+0200,10819.322,MW,DE,DE_LU,actual_onshore_wind_generation,Wind Onshore,2026-08-25T03:38:09Z
2026-08-25T03:35:04Z,2026-08-25T05:35:04+0200,16553320-5c3e-4a08-95db-080ced308e52,2026-08-05T10:00:00Z,2026-08-05T12:00:00+0200,10673.069,MW,DE,DE_LU,actual_onshore_wind_generation,Wind Onshore,2026-08-25T03:38:09Z
2026-08-25T03:35:04Z,2026-08-25T05:35:04+0200,16553320-5c3e-4a08-95db-080ced308e52,2026-08-05T10:15:00Z,2026-08-05T12:15:00+0200,11114.075,MW,DE,DE_LU,actual_onshore_wind_generation,Wind Onshore,2026-08-25T03:38:09Z
2026-08-25T03:35:04Z,2026-08-25T05:35:04+0200,16553320-5c3e-4a08-95db-080ced308e52,2026-08-05T10:30:00Z,2026-08-05T12:30:00+0200,11330.72,MW,DE,DE_LU,actual_onshore_wind_generation,Wind Onshore,2026-08-25T03:38:09Z
2026-08-25T03:35:04Z,2026-08-25T05:35:04+0200,16553320-5c3e-4a08-95db-080ced308e52,2026-08-05T10:45:00Z,2026-08-05T12:45:00+0200,11773.487,MW,DE,DE_LU,actual_onshore_wind_generation,Wind Onshore,2026-08-25T03:38:09Z
2026-08-25T03:35:04Z,2026-08-25T05:35:04+0200,16553320-5c3e-4a08-95db-080ced308e52,2026-08-05T11:00:00Z,2026-08-05T13:00:00+0200,10903.222,MW,DE,DE_LU,actual_onshore_wind_generation,Wind Onshore,2026-08-25T03:38:09Z
2026-08-25T03:35:04Z,2026-08-25T05:35:04+0200,16553320-5c3e-4a08-95db-080ced308e52,2026-08-05T11:15:00Z,2026-08-05T13:15:00+0200,11141.412,MW,DE,DE_LU,actual_onshore_wind_generation,Wind Onshore,2026-08-25T03:38:09Z
2026-08-25T03:35:04Z,2026-08-25T05:35:04+0200,16553320-5c3e-4a08-95db-080ced308e52,2026-08-05T11:30:00Z,2026-08-05T13:30:00+0200,11236.928,MW,DE,DE_LU,actual_onshore_wind_generation,Wind Onshore,2026-08-25T03:38:09Z
2026-08-25T03:35:04Z,2026-08-25T05:35:04+0200,16553320-5c3e-4a08-95db-080ced308e52,2026-08-05T11:45:00Z,2026-08-05T13:45:00+0200,11822.44,MW,DE,DE_LU,actual_onshore_wind_generation,Wind Onshore,2026-08-25T03:38:09Z
2026-08-25T03:35:04Z,2026-08-25T05:35:04+0200,16553320-5c3e-4a08-95db-080ced308e52,2026-08-05T12:00:00Z,2026-08-05T14:00:00+0200,12260.499,MW,DE,DE_LU,actual_onshore_wind_generation,Wind Onshore,2026-08-25T03:38:09Z
2026-08-25T03:35:04Z,2026-08-25T05:35:04+0200,16553320-5c3e-4a08-95db-080ced308e52,2026-08-05T12:15:00Z,2026-08-05T14:15:00+0200,12511.864,MW,DE,DE_LU,actual_onshore_wind_generation,Wind Onshore,2026-08-25T03:38:09Z
2026-08-25T03:35:04Z,2026-08-25T05:35:04+0200,16553320-5c3e-4a08-95db-080ced308e52,2026-08-05T12:30:00Z,2026-08-05T14:30:00+0200,12606.87,MW,DE,DE_LU,actual_onshore_wind_generation,Wind Onshore,2026-08-25T03:38:09Z
2026-08-25T03:35:04Z,2026-08-25T05:35:04+0200,16553320-5c3e-4a08-95db-080ced308e52,2026-08-05T12:45:00Z,2026-08-05T14:45:00+0200,13448.919,MW,DE,DE_LU,actual_onshore_wind_generation,Wind Onshore,2026-08-25T03:38:09Z
2026-08-25T03:35:04Z,2026-08-25T05:35:04+0200,16553320-5c3e-4a08-95db-080ced308e52,2026-08-05T13:00:00Z,2026-08-05T15:00:00+0200,12930.12,MW,DE,DE_LU,actual_onshore_wind_generation,Wind Onshore,2026-08-25T03:38:09Z
2026-08-25T03:35:04Z,2026-08-25T05:35:04+0200,16553320-5c3e-4a08-95db-080ced308e52,2026-08-05T13:15:00Z,2026-08-05T15:15:00+0200,13021.355,MW,DE,DE_LU,actual_onshore_wind_generation,Wind Onshore,2026-08-25T03:38:09Z
2026-08-25T03:35:04Z,2026-08-25T05:35:04+0200,16553320-5c3e-4a08-95db-080ced308e52,2026-08-05T13:30:00Z,2026-08-05T15:30:00+0200,13200.728,MW,DE,DE_LU,actual_onshore_wind_generation,Wind Onshore,2026-08-25T03:38:09Z
2026-08-25T03:35:04Z,2026-08-25T05:35:04+0200,16553320-5c3e-4a08-95db-080ced308e52,2026-08-05T13:45:00Z,2026-08-05T15:45:00+0200,13671.491,MW,DE,DE_LU,actual_onshore_wind_generation,Wind Onshore,2026-08-25T03:38:09Z
2026-08-25T03:35:04Z,2026-08-25T05:35:04+0200,16553320-5c3e-4a08-95db-080ced308e52,2026-08-05T14:00:00Z,2026-08-05T16:00:00+0200,13069.774,MW,DE,DE_LU,actual_onshore_wind_generation,Wind Onshore,2026-08-25T03:38:09Z
2026-08-25T03:35:04Z,2026-08-25T05:35:04+0200,16553320-5c3e-4a08-95db-080ced308e52,2026-08-05T14:15:00Z,2026-08-05T16:15:00+0200,13504.193,MW,DE,DE_LU,actual_onshore_wind_generation,Wind Onshore,2026-08-25T03:38:09Z
2026-08-25T03:35:04Z,2026-08-25T05:35:04+0200,16553320-5c3e-4a08-95db-080ced308e52,2026-08-05T14:30:00Z,2026-08-05T16:30:00+0200,13959.951,MW,DE,DE_LU,actual_onshore_wind_generation,Wind Onshore,2026-08-25T03:38:09Z
2026-08-25T03:35:04Z,2026-08-25T05:35:04+0200,16553320-5c3e-4a08-95db-080ced308e52,2026-08-05T14:45:00Z,2026-08-05T16:45:00+0200,13817.148,MW,DE,DE_LU,actual_onshore_wind_generation,Wind Onshore,2026-08-25T03:38:09Z
2026-08-25T03:35:04Z,2026-08-25T05:35:04+0200,16553320-5c3e-4a08-95db-080ced308e52,2026-08-05T15:00:00Z,2026-08-05T17:00:00+0200,14548.342,MW,DE,DE_LU,actual_onshore_wind_generation,Wind Onshore,2026-08-25T03:38:09Z
2026-08-25T03:35:04Z,2026-08-25T05:35:04+0200,16553320-5c3e-4a08-95db-080ced308e52,2026-08-05T15:15:00Z,2026-08-05T17:15:00+0200,14704.854,MW,DE,DE_LU,actual_onshore_wind_generation,Wind Onshore,2026-08-25T03:38:09Z
2026-08-25T03:35:04Z,2026-08-25T05:35:04+0200,16553320-5c3e-4a08-95db-080ced308e52,2026-08-05T15:30:00Z,2026-08-05T17:30:00+0200,14267.92,MW,DE,DE_LU,actual_onshore_wind_generation,Wind Onshore,2026-08-25T03:38:09Z
2026-08-25T03:35:04Z,2026-08-25T05:35:04+0200,16553320-5c3e-4a08-95db-080ced308e52,2026-08-05T15:45:00Z,2026-08-05T17:45:00+0200,13772.406,MW,DE,DE_LU,actual_onshore_wind_generation,Wind Onshore,2026-08-25T03:38:09Z
2026-08-25T03:35:04Z,2026-08-25T05:35:04+0200,16553320-5c3e-4a08-95db-080ced308e52,2026-08-05T16:00:00Z,2026-08-05T18:00:00+0200,13370.139,MW,DE,DE_LU,actual_onshore_wind_generation,Wind Onshore,2026-08-25T03:38:09Z
2026-08-25T03:35:04Z,2026-08-25T05:35:04+0200,16553320-5c3e-4a08-95db-080ced308e52,2026-08-05T16:15:00Z,2026-08-05T18:15:00+0200,12676.363,MW,DE,DE_LU,actual_onshore_wind_generation,Wind Onshore,2026-08-25T03:38:09Z
2026-08-25T03:35:04Z,2026-08-25T05:35:04+0200,16553320-5c3e-4a08-95db-080ced308e52,2026-08-05T16:30:00Z,2026-08-05T18:30:00+0200,12061.631,MW,DE,DE_LU,actual_onshore_wind_generation,Wind Onshore,2026-08-25T03:38:09Z
2026-08-25T03:35:04Z,2026-08-25T05:35:04+0200,16553320-5c3e-4a08-95db-080ced308e52,2026-08-05T16:45:00Z,2026-08-05T18:45:00+0200,11497.51,MW,DE,DE_LU,actual_onshore_wind_generation,Wind Onshore,2026-08-25T03:38:09Z
2026-08-25T03:35:04Z,2026-08-25T05:35:04+0200,16553320-5c3e-4a08-95db-080ced308e52,2026-08-05T17:00:00Z,2026-08-05T19:00:00+0200,10968.421,MW,DE,DE_LU,actual_onshore_wind_generation,Wind Onshore,2026-08-25T03:38:09Z
2026-08-25T03:35:04Z,2026-08-25T05:35:04+0200,16553320-5c3e-4a08-95db-080ced308e52,2026-08-05T17:15:00Z,2026-08-05T19:15:00+0200,10391.923,MW,DE,DE_LU,actual_onshore_wind_generation,Wind Onshore,2026-08-25T03:38:09Z
2026-08-25T03:35:04Z,2026-08-25T05:35:04+0200,16553320-5c3e-4a08-95db-080ced308e52,2026-08-05T17:30:00Z,2026-08-05T19:30:00+0200,9940.06,MW,DE,DE_LU,actual_onshore_wind_generation,Wind Onshore,2026-08-25T03:38:09Z
2026-08-25T03:35:04Z,2026-08-25T05:35:04+0200,16553320-5c3e-4a08-95db-080ced308e52,2026-08-05T17:45:00Z,2026-08-05T19:45:00+0200,9237.083,MW,DE,DE_LU,actual_onshore_wind_generation,Wind Onshore,2026-08-25T03:38:09Z
2026-08-25T03:35:04Z,2026-08-25T05:35:04+0200,16553320-5c3e-4a08-95db-080ced308e52,2026-08-05T18:00:00Z,2026-08-05T20:00:00+0200,8395.894,MW,DE,DE_LU,actual_onshore_wind_generation,Wind Onshore,2026-08-25T03:38:09Z
2026-08-25T03:35:04Z,2026-08-25T05:35:04+0200,16553320-5c3e-4a08-95db-080ced308e52,2026-08-05T18:15:00Z,2026-08-05T20:15:00+0200,7739.768,MW,DE,DE_LU,actual_onshore_wind_generation,Wind Onshore,2026-08-25T03:38:09Z
2026-08-25T03:35:04Z,2026-08-25T05:35:04+0200,16553320-5c3e-4a08-95db-080ced308e52,2026-08-05T18:30:00Z,2026-08-05T20:30:00+0200,7639.836,MW,DE,DE_LU,actual_onshore_wind_generation,Wind Onshore,2026-08-25T03:38:09Z
2026-08-25T03:35:04Z,2026-08-25T05:35:04+0200,16553320-5c3e-4a08-95db-080ced308e52,2026-08-05T18:45:00Z,2026-08-05T20:45:00+0200,7555.369,MW,DE,DE_LU,actual_onshore_wind_generation,Wind Onshore,2026-08-25T03:38:09Z
2026-08-25T03:35:04Z,2026-08-25T05:35:04+0200,16553320-5c3e-4a08-95db-080ced308e52,2026-08-05T19:00:00Z,2026-08-05T21:00:00+0200,6852.51,MW,DE,DE_LU,actual_onshore_wind_generation,Wind Onshore,2026-08-25T03:38:09Z
2026-08-25T03:35:04Z,2026-08-25T05:35:04+0200,16553320-5c3e-4a08-95db-080ced308e52,2026-08-05T19:15:00Z,2026-08-05T21:15:00+0200,5961.056,MW,DE,DE_LU,actual_onshore_wind_generation,Wind Onshore,2026-08-25T03:38:09Z
2026-08-25T03:35:04Z,2026-08-25T05:35:04+0200,16553320-5c3e-4a08-95db-080ced308e52,2026-08-05T19:30:00Z,2026-08-05T21:30:00+0200,5710.485,MW,DE,DE_LU,actual_onshore_wind_generation,Wind Onshore,2026-08-25T03:38:09Z
2026-08-25T03:35:04Z,2026-08-25T05:35:04+0200,16553320-5c3e-4a08-95db-080ced308e52,2026-08-05T19:45:00Z,2026-08-05T21:45:00+0200,5717.751,MW,DE,DE_LU,actual_onshore_wind_generation,Wind Onshore,2026-08-25T03:38:09Z
2026-08-25T03:35:04Z,2026-08-25T05:35:04+0200,16553320-5c3e-4a08-95db-080ced308e52,2026-08-05T20:00:00Z,2026-08-05T22:00:00+0200,5390.32,MW,DE,DE_LU,actual_onshore_wind_generation,Wind Onshore,2026-08-25T03:38:09Z
2026-08-25T03:35:04Z,2026-08-25T05:35:04+0200,16553320-5c3e-4a08-95db-080ced308e52,2026-08-05T20:15:00Z,2026-08-05T22:15:00+0200,5356.256,MW,DE,DE_LU,actual_onshore_wind_generation,Wind Onshore,2026-08-25T03:38:09Z
2026-08-25T03:35:04Z,2026-08-25T05:35:04+0200,16553320-5c3e-4a08-95db-080ced308e52,2026-08-05T20:30:00Z,2026-08-05T22:30:00+0200,5488.741,MW,DE,DE_LU,actual_onshore_wind_generation,Wind Onshore,2026-08-25T03:38:09Z
2026-08-25T03:35:04Z,2026-08-25T05:35:04+0200,16553320-5c3e-4a08-95db-080ced308e52,2026-08-05T20:45:00Z,2026-08-05T22:45:00+0200,5682.702,MW,DE,DE_LU,actual_onshore_wind_generation,Wind Onshore,2026-08-25T03:38:09Z
2026-08-25T03:35:04Z,2026-08-25T05:35:04+0200,16553320-5c3e-4a08-95db-080ced308e52,2026-08-05T21:00:00Z,2026-08-05T23:00:00+0200,5804.87,MW,DE,DE_LU,actual_onshore_wind_generation,Wind Onshore,2026-08-25T03:38:09Z
2026-08-25T03:35:04Z,2026-08-25T05:35:04+0200,16553320-5c3e-4a08-95db-080ced308e52,2026-08-05T21:15:00Z,2026-08-05T23:15:00+0200,5863.191,MW,DE,DE_LU,actual_onshore_wind_generation,Wind Onshore,2026-08-25T03:38:09Z
2026-08-25T03:35:04Z,2026-08-25T05:35:04+0200,16553320-5c3e-4a08-95db-080ced308e52,2026-08-05T21:30:00Z,2026-08-05T23:30:00+0200,5977.854,MW,DE,DE_LU,actual_onshore_wind_generation,Wind Onshore,2026-08-25T03:38:09Z
2026-08-25T03:35:04Z,2026-08-25T05:35:04+0200,16553320-5c3e-4a08-95db-080ced308e52,2026-08-05T21:45:00Z,2026-08-05T23:45:00+0200,6191.204,MW,DE,DE_LU,actual_onshore_wind_generation,Wind Onshore,2026-08-25T03:38:09Z
2026-08-25T03:35:04Z,2026-08-25T05:35:04+0200,16553320-5c3e-4a08-95db-080ced308e52,2026-08-05T22:00:00Z,2026-08-06T00:00:00+0200,6322.114,MW,DE,DE_LU,actual_onshore_wind_generation,Wind Onshore,2026-08-25T03:38:09Z
2026-08-25T03:35:04Z,2026-08-25T05:35:04+0200,16553320-5c3e-4a08-95db-080ced308e52,2026-08-05T22:15:00Z,2026-08-06T00:15:00+0200,6486.293,MW,DE,DE_LU,actual_onshore_wind_generation,Wind Onshore,2026-08-25T03:38:09Z
2026-08-25T03:35:04Z,2026-08-25T05:35:04+0200,16553320-5c3e-4a08-95db-080ced308e52,2026-08-05T22:30:00Z,2026-08-06T00:30:00+0200,6112.527,MW,DE,DE_LU,actual_onshore_wind_generation,Wind Onshore,2026-08-25T03:38:09Z
2026-08-25T03:35:04Z,2026-08-25T05:35:04+0200,16553320-5c3e-4a08-95db-080ced308e52,2026-08-05T22:45:00Z,2026-08-06T00:45:00+0200,5779.722,MW,DE,DE_LU,actual_onshore_wind_generation,Wind Onshore,2026-08-25T03:38:09Z
2026-08-25T03:35:04Z,2026-08-25T05:35:04+0200,16553320-5c3e-4a08-95db-080ced308e52,2026-08-05T23:00:00Z,2026-08-06T01:00:00+0200,5575.72,MW,DE,DE_LU,actual_onshore_wind_generation,Wind Onshore,2026-08-25T03:38:09Z
2026-08-25T03:35:04Z,2026-08-25T05:35:04+0200,16553320-5c3e-4a08-95db-080ced308e52,2026-08-05T23:15:00Z,2026-08-06T01:15:00+0200,5724.736,MW,DE,DE_LU,actual_onshore_wind_generation,Wind Onshore,2026-08-25T03:38:09Z
2026-08-25T03:35:04Z,2026-08-25T05:35:04+0200,16553320-5c3e-4a08-95db-080ced308e52,2026-08-05T23:30:00Z,2026-08-06T01:30:00+0200,5760.751,MW,DE,DE_LU,actual_onshore_wind_generation,Wind Onshore,2026-08-25T03:38:09Z
2026-08-25T03:35:04Z,2026-08-25T05:35:04+0200,16553320-5c3e-4a08-95db-080ced308e52,2026-08-05T23:45:00Z,2026-08-06T01:45:00+0200,5894.809,MW,DE,DE_LU,actual_onshore_wind_generation,Wind Onshore,2026-08-25T03:38:09Z
2026-08-25T03:35:04Z,2026-08-25T05:35:04+0200,16553320-5c3e-4a08-95db-080ced308e52,2026-08-06T00:00:00Z,2026-08-06T02:00:00+0200,6052.29,MW,DE,DE_LU,actual_onshore_wind_generation,Wind Onshore,2026-08-25T03:38:09Z
2026-08-25T03:35:04Z,2026-08-25T05:35:04+0200,16553320-5c3e-4a08-95db-080ced308e52,2026-08-06T00:15:00Z,2026-08-06T02:15:00+0200,6106.429,MW,DE,DE_LU,actual_onshore_wind_generation,Wind Onshore,2026-08-25T03:38:09Z
2026-08-25T03:35:04Z,2026-08-25T05:35:04+0200,16553320-5c3e-4a08-95db-080ced308e52,2026-08-06T00:30:00Z,2026-08-06T02:30:00+0200,6241.265,MW,DE,DE_LU,actual_onshore_wind_generation,Wind Onshore,2026-08-25T03:38:09Z
2026-08-25T03:35:04Z,2026-08-25T05:35:04+0200,16553320-5c3e-4a08-95db-080ced308e52,2026-08-06T00:45:00Z,2026-08-06T02:45:00+0200,6578.064,MW,DE,DE_LU,actual_onshore_wind_generation,Wind Onshore,2026-08-25T03:38:09Z
2026-08-25T03:35:04Z,2026-08-25T05:35:04+0200,16553320-5c3e-4a08-95db-080ced308e52,2026-08-06T01:00:00Z,2026-08-06T03:00:00+0200,6674.714,MW,DE,DE_LU,actual_onshore_wind_generation,Wind Onshore,2026-08-25T03:38:09Z
2026-08-25T03:35:04Z,2026-08-25T05:35:04+0200,16553320-5c3e-4a08-95db-080ced308e52,2026-08-06T01:15:00Z,2026-08-06T03:15:00+0200,6930.593,MW,DE,DE_LU,actual_onshore_wind_generation,Wind Onshore,2026-08-25T03:38:09Z
2026-08-25T03:35:04Z,2026-08-25T05:35:04+0200,16553320-5c3e-4a08-95db-080ced308e52,2026-08-06T01:30:00Z,2026-08-06T03:30:00+0200,7270.162,MW,DE,DE_LU,actual_onshore_wind_generation,Wind Onshore,2026-08-25T03:38:09Z
2026-08-25T03:35:04Z,2026-08-25T05:35:04+0200,16553320-5c3e-4a08-95db-080ced308e52,2026-08-06T01:45:00Z,2026-08-06T03:45:00+0200,7760.8,MW,DE,DE_LU,actual_onshore_wind_generation,Wind Onshore,2026-08-25T03:38:09Z
2026-08-25T03:35:04Z,2026-08-25T05:35:04+0200,16553320-5c3e-4a08-95db-080ced308e52,2026-08-06T02:00:00Z,2026-08-06T04:00:00+0200,8073.121,MW,DE,DE_LU,actual_onshore_wind_generation,Wind Onshore,2026-08-25T03:38:09Z
2026-08-25T03:35:04Z,2026-08-25T05:35:04+0200,16553320-5c3e-4a08-95db-080ced308e52,2026-08-06T02:15:00Z,2026-08-06T04:15:00+0200,8510.913,MW,DE,DE_LU,actual_onshore_wind_generation,Wind Onshore,2026-08-25T03:38:09Z
2026-08-25T03:35:04Z,2026-08-25T05:35:04+0200,16553320-5c3e-4a08-95db-080ced308e52,2026-08-06T02:30:00Z,2026-08-06T04:30:00+0200,8734.539,MW,DE,DE_LU,actual_onshore_wind_generation,Wind Onshore,2026-08-25T03:38:09Z
2026-08-25T03:35:04Z,2026-08-25T05:35:04+0200,16553320-5c3e-4a08-95db-080ced308e52,2026-08-06T02:45:00Z,2026-08-06T04:45:00+0200,8824.495,MW,DE,DE_LU,actual_onshore_wind_generation,Wind Onshore,2026-08-25T03:38:09Z
2026-08-25T03:35:04Z,2026-08-25T05:35:04+0200,16553320-5c3e-4a08-95db-080ced308e52,2026-08-06T03:00:00Z,2026-08-06T05:00:00+0200,8815.995,MW,DE,DE_LU,actual_onshore_wind_generation,Wind Onshore,2026-08-25T03:38:09Z
2026-08-25T03:35:04Z,2026-08-25T05:35:04+0200,16553320-5c3e-4a08-95db-080ced308e52,2026-08-06T03:15:00Z,2026-08-06T05:15:00+0200,9024.902,MW,DE,DE_LU,actual_onshore_wind_generation,Wind Onshore,2026-08-25T03:38:09Z
2026-08-25T03:35:04Z,2026-08-25T05:35:04+0200,16553320-5c3e-4a08-95db-080ced308e52,2026-08-06T03:30:00Z,2026-08-06T05:30:00+0200,9070.406,MW,DE,DE_LU,actual_onshore_wind_generation,Wind Onshore,2026-08-25T03:38:09Z
2026-08-25T03:35:04Z,2026-08-25T05:35:04+0200,16553320-5c3e-4a08-95db-080ced308e52,2026-08-06T03:45:00Z,2026-08-06T05:45:00+0200,9359.833,MW,DE,DE_LU,actual_onshore_wind_generation,Wind Onshore,2026-08-25T03:38:09Z
2026-08-25T03:35:04Z,2026-08-25T05:35:04+0200,16553320-5c3e-4a08-95db-080ced308e52,2026-08-06T04:00:00Z,2026-08-06T06:00:00+0200,9987.761,MW,DE,DE_LU,actual_onshore_wind_generation,Wind Onshore,2026-08-25T03:38:09Z
2026-08-25T03:35:04Z,2026-08-25T05:35:04+0200,16553320-5c3e-4a08-95db-080ced308e52,2026-08-06T04:15:00Z,2026-08-06T06:15:00+0200,9945.41,MW,DE,DE_LU,actual_onshore_wind_generation,Wind Onshore,2026-08-25T03:38:09Z
2026-08-25T03:35:04Z,2026-08-25T05:35:04+0200,16553320-5c3e-4a08-95db-080ced308e52,2026-08-06T04:30:00Z,2026-08-06T06:30:00+0200,9864.436,MW,DE,DE_LU,actual_onshore_wind_generation,Wind Onshore,2026-08-25T03:38:09Z
2026-08-25T03:35:04Z,2026-08-25T05:35:04+0200,16553320-5c3e-4a08-95db-080ced308e52,2026-08-06T04:45:00Z,2026-08-06T06:45:00+0200,9805.608,MW,DE,DE_LU,actual_onshore_wind_generation,Wind Onshore,2026-08-25T03:38:09Z
2026-08-25T03:35:04Z,2026-08-25T05:35:04+0200,16553320-5c3e-4a08-95db-080ced308e52,2026-08-06T05:00:00Z,2026-08-06T07:00:00+0200,9726.693,MW,DE,DE_LU,actual_onshore_wind_generation,Wind Onshore,2026-08-25T03:38:09Z
2026-08-25T03:35:04Z,2026-08-25T05:35:04+0200,16553320-5c3e-4a08-95db-080ced308e52,2026-08-06T05:15:00Z,2026-08-06T07:15:00+0200,9767.936,MW,DE,DE_LU,actual_onshore_wind_generation,Wind Onshore,2026-08-25T03:38:09Z
2026-08-25T03:35:04Z,2026-08-25T05:35:04+0200,16553320-5c3e-4a08-95db-080ced308e52,2026-08-06T05:30:00Z,2026-08-06T07:30:00+0200,9605.522,MW,DE,DE_LU,actual_onshore_wind_generation,Wind Onshore,2026-08-25T03:38:09Z
2026-08-25T03:35:04Z,2026-08-25T05:35:04+0200,16553320-5c3e-4a08-95db-080ced308e52,2026-08-06T05:45:00Z,2026-08-06T07:45:00+0200,9479.679,MW,DE,DE_LU,actual_onshore_wind_generation,Wind Onshore,2026-08-25T03:38:09Z
2026-08-25T03:35:04Z,2026-08-25T05:35:04+0200,16553320-5c3e-4a08-95db-080ced308e52,2026-08-06T06:00:00Z,2026-08-06T08:00:00+0200,9621.224,MW,DE,DE_LU,actual_onshore_wind_generation,Wind Onshore,2026-08-25T03:38:09Z
2026-08-25T03:35:04Z,2026-08-25T05:35:04+0200,16553320-5c3e-4a08-95db-080ced308e52,2026-08-06T06:15:00Z,2026-08-06T08:15:00+0200,9745.428,MW,DE,DE_LU,actual_onshore_wind_generation,Wind Onshore,2026-08-25T03:38:09Z
2026-08-25T03:35:04Z,2026-08-25T05:35:04+0200,16553320-5c3e-4a08-95db-080ced308e52,2026-08-06T06:30:00Z,2026-08-06T08:30:00+0200,9942.355,MW,DE,DE_LU,actual_onshore_wind_generation,Wind Onshore,2026-08-25T03:38:09Z
2026-08-25T03:35:04Z,2026-08-25T05:35:04+0200,16553320-5c3e-4a08-95db-080ced308e52,2026-08-06T06:45:00Z,2026-08-06T08:45:00+0200,10297.162,MW,DE,DE_LU,actual_onshore_wind_generation,Wind Onshore,2026-08-25T03:38:09Z
2026-08-25T03:35:04Z,2026-08-25T05:35:04+0200,16553320-5c3e-4a08-95db-080ced308e52,2026-08-06T07:00:00Z,2026-08-06T09:00:00+0200,10653.107,MW,DE,DE_LU,actual_onshore_wind_generation,Wind Onshore,2026-08-25T03:38:09Z
2026-08-25T03:35:04Z,2026-08-25T05:35:04+0200,16553320-5c3e-4a08-95db-080ced308e52,2026-08-06T07:15:00Z,2026-08-06T09:15:00+0200,11081.569,MW,DE,DE_LU,actual_onshore_wind_generation,Wind Onshore,2026-08-25T03:38:09Z
2026-08-25T03:35:04Z,2026-08-25T05:35:04+0200,16553320-5c3e-4a08-95db-080ced308e52,2026-08-06T07:30:00Z,2026-08-06T09:30:00+0200,11632.418,MW,DE,DE_LU,actual_onshore_wind_generation,Wind Onshore,2026-08-25T03:38:09Z
2026-08-25T03:35:04Z,2026-08-25T05:35:04+0200,16553320-5c3e-4a08-95db-080ced308e52,2026-08-06T07:45:00Z,2026-08-06T09:45:00+0200,12487.251,MW,DE,DE_LU,actual_onshore_wind_generation,Wind Onshore,2026-08-25T03:38:09Z
2026-08-25T03:35:04Z,2026-08-25T05:35:04+0200,16553320-5c3e-4a08-95db-080ced308e52,2026-08-06T08:00:00Z,2026-08-06T10:00:00+0200,12837.999,MW,DE,DE_LU,actual_onshore_wind_generation,Wind Onshore,2026-08-25T03:38:09Z
2026-08-25T03:35:04Z,2026-08-25T05:35:04+0200,16553320-5c3e-4a08-95db-080ced308e52,2026-08-06T08:15:00Z,2026-08-06T10:15:00+0200,12304.457,MW,DE,DE_LU,actual_onshore_wind_generation,Wind Onshore,2026-08-25T03:38:09Z
2026-08-25T03:35:04Z,2026-08-25T05:35:04+0200,16553320-5c3e-4a08-95db-080ced308e52,2026-08-06T08:30:00Z,2026-08-06T10:30:00+0200,13102.571,MW,DE,DE_LU,actual_onshore_wind_generation,Wind Onshore,2026-08-25T03:38:09Z
2026-08-25T03:35:04Z,2026-08-25T05:35:04+0200,16553320-5c3e-4a08-95db-080ced308e52,2026-08-06T08:45:00Z,2026-08-06T10:45:00+0200,13643.744,MW,DE,DE_LU,actual_onshore_wind_generation,Wind Onshore,2026-08-25T03:38:09Z
2026-08-25T03:35:04Z,2026-08-25T05:35:04+0200,16553320-5c3e-4a08-95db-080ced308e52,2026-08-06T09:00:00Z,2026-08-06T11:00:00+0200,13540.646,MW,DE,DE_LU,actual_onshore_wind_generation,Wind Onshore,2026-08-25T03:38:09Z
2026-08-25T03:35:04Z,2026-08-25T05:35:04+0200,16553320-5c3e-4a08-95db-080ced308e52,2026-08-06T09:15:00Z,2026-08-06T11:15:00+0200,13783.851,MW,DE,DE_LU,actual_onshore_wind_generation,Wind Onshore,2026-08-25T03:38:09Z
2026-08-25T03:35:04Z,2026-08-25T05:35:04+0200,16553320-5c3e-4a08-95db-080ced308e52,2026-08-06T09:30:00Z,2026-08-06T11:30:00+0200,14125.217,MW,DE,DE_LU,actual_onshore_wind_generation,Wind Onshore,2026-08-25T03:38:09Z
2026-08-25T03:35:04Z,2026-08-25T05:35:04+0200,16553320-5c3e-4a08-95db-080ced308e52,2026-08-06T09:45:00Z,2026-08-06T11:45:00+0200,14491.968,MW,DE,DE_LU,actual_onshore_wind_generation,Wind Onshore,2026-08-25T03:38:09Z
2026-08-25T03:35:04Z,2026-08-25T05:35:04+0200,16553320-5c3e-4a08-95db-080ced308e52,2026-08-06T10:00:00Z,2026-08-06T12:00:00+0200,15082.539,MW,DE,DE_LU,actual_onshore_wind_generation,Wind Onshore,2026-08-25T03:38:09Z
2026-08-25T03:35:04Z,2026-08-25T05:35:04+0200,16553320-5c3e-4a08-95db-080ced308e52,2026-08-06T10:15:00Z,2026-08-06T12:15:00+0200,15091.938,MW,DE,DE_LU,actual_onshore_wind_generation,Wind Onshore,2026-08-25T03:38:09Z
2026-08-25T03:35:04Z,2026-08-25T05:35:04+0200,16553320-5c3e-4a08-95db-080ced308e52,2026-08-06T10:30:00Z,2026-08-06T12:30:00+0200,15433.387,MW,DE,DE_LU,actual_onshore_wind_generation,Wind Onshore,2026-08-25T03:38:09Z
2026-08-25T03:35:04Z,2026-08-25T05:35:04+0200,16553320-5c3e-4a08-95db-080ced308e52,2026-08-06T10:45:00Z,2026-08-06T12:45:00+0200,15485.365,MW,DE,DE_LU,actual_onshore_wind_generation,Wind Onshore,2026-08-25T03:38:09Z
2026-08-25T03:35:04Z,2026-08-25T05:35:04+0200,16553320-5c3e-4a08-95db-080ced308e52,2026-08-06T11:00:00Z,2026-08-06T13:00:00+0200,14487.364,MW,DE,DE_LU,actual_onshore_wind_generation,Wind Onshore,2026-08-25T03:38:09Z
2026-08-25T03:35:04Z,2026-08-25T05:35:04+0200,16553320-5c3e-4a08-95db-080ced308e52,2026-08-06T11:15:00Z,2026-08-06T13:15:00+0200,14611.689,MW,DE,DE_LU,actual_onshore_wind_generation,Wind Onshore,2026-08-25T03:38:09Z
2026-08-25T03:35:04Z,2026-08-25T05:35:04+0200,16553320-5c3e-4a08-95db-080ced308e52,2026-08-06T11:30:00Z,2026-08-06T13:30:00+0200,14369.33,MW,DE,DE_LU,actual_onshore_wind_generation,Wind Onshore,2026-08-25T03:38:09Z
2026-08-25T03:35:04Z,2026-08-25T05:35:04+0200,16553320-5c3e-4a08-95db-080ced308e52,2026-08-06T11:45:00Z,2026-08-06T13:45:00+0200,14731.804,MW,DE,DE_LU,actual_onshore_wind_generation,Wind Onshore,2026-08-25T03:38:09Z
2026-08-25T03:35:04Z,2026-08-25T05:35:04+0200,16553320-5c3e-4a08-95db-080ced308e52,2026-08-06T12:00:00Z,2026-08-06T14:00:00+0200,15079.25,MW,DE,DE_LU,actual_onshore_wind_generation,Wind Onshore,2026-08-25T03:38:09Z
2026-08-25T03:35:04Z,2026-08-25T05:35:04+0200,16553320-5c3e-4a08-95db-080ced308e52,2026-08-06T12:15:00Z,2026-08-06T14:15:00+0200,15254.365,MW,DE,DE_LU,actual_onshore_wind_generation,Wind Onshore,2026-08-25T03:38:09Z
2026-08-25T03:35:04Z,2026-08-25T05:35:04+0200,16553320-5c3e-4a08-95db-080ced308e52,2026-08-06T12:30:00Z,2026-08-06T14:30:00+0200,15272.97,MW,DE,DE_LU,actual_onshore_wind_generation,Wind Onshore,2026-08-25T03:38:09Z
2026-08-25T03:35:04Z,2026-08-25T05:35:04+0200,16553320-5c3e-4a08-95db-080ced308e52,2026-08-06T12:45:00Z,2026-08-06T14:45:00+0200,15326.334,MW,DE,DE_LU,actual_onshore_wind_generation,Wind Onshore,2026-08-25T03:38:09Z
2026-08-25T03:35:04Z,2026-08-25T05:35:04+0200,16553320-5c3e-4a08-95db-080ced308e52,2026-08-06T13:00:00Z,2026-08-06T15:00:00+0200,15510.996,MW,DE,DE_LU,actual_onshore_wind_generation,Wind Onshore,2026-08-25T03:38:09Z
2026-08-25T03:35:04Z,2026-08-25T05:35:04+0200,16553320-5c3e-4a08-95db-080ced308e52,2026-08-06T13:15:00Z,2026-08-06T15:15:00+0200,15489.814,MW,DE,DE_LU,actual_onshore_wind_generation,Wind Onshore,2026-08-25T03:38:09Z
2026-08-25T03:35:04Z,2026-08-25T05:35:04+0200,16553320-5c3e-4a08-95db-080ced308e52,2026-08-06T13:30:00Z,2026-08-06T15:30:00+0200,15633.746,MW,DE,DE_LU,actual_onshore_wind_generation,Wind Onshore,2026-08-25T03:38:09Z
2026-08-25T03:35:04Z,2026-08-25T05:35:04+0200,16553320-5c3e-4a08-95db-080ced308e52,2026-08-06T13:45:00Z,2026-08-06T15:45:00+0200,16572.478,MW,DE,DE_LU,actual_onshore_wind_generation,Wind Onshore,2026-08-25T03:38:09Z
2026-08-25T03:35:04Z,2026-08-25T05:35:04+0200,16553320-5c3e-4a08-95db-080ced308e52,2026-08-06T14:00:00Z,2026-08-06T16:00:00+0200,17731.903,MW,DE,DE_LU,actual_onshore_wind_generation,Wind Onshore,2026-08-25T03:38:09Z
2026-08-25T03:35:04Z,2026-08-25T05:35:04+0200,16553320-5c3e-4a08-95db-080ced308e52,2026-08-06T14:15:00Z,2026-08-06T16:15:00+0200,18527.719,MW,DE,DE_LU,actual_onshore_wind_generation,Wind Onshore,2026-08-25T03:38:09Z
2026-08-25T03:35:04Z,2026-08-25T05:35:04+0200,16553320-5c3e-4a08-95db-080ced308e52,2026-08-06T14:30:00Z,2026-08-06T16:30:00+0200,19010.276,MW,DE,DE_LU,actual_onshore_wind_generation,Wind Onshore,2026-08-25T03:38:09Z
2026-08-25T03:35:04Z,2026-08-25T05:35:04+0200,16553320-5c3e-4a08-95db-080ced308e52,2026-08-06T14:45:00Z,2026-08-06T16:45:00+0200,19316.276,MW,DE,DE_LU,actual_onshore_wind_generation,Wind Onshore,2026-08-25T03:38:09Z
2026-08-25T03:35:04Z,2026-08-25T05:35:04+0200,16553320-5c3e-4a08-95db-080ced308e52,2026-08-06T15:00:00Z,2026-08-06T17:00:00+0200,20748.923,MW,DE,DE_LU,actual_onshore_wind_generation,Wind Onshore,2026-08-25T03:38:09Z
2026-08-25T03:35:04Z,2026-08-25T05:35:04+0200,16553320-5c3e-4a08-95db-080ced308e52,2026-08-06T15:15:00Z,2026-08-06T17:15:00+0200,21617.373,MW,DE,DE_LU,actual_onshore_wind_generation,Wind Onshore,2026-08-25T03:38:09Z
2026-08-25T03:35:04Z,2026-08-25T05:35:04+0200,16553320-5c3e-4a08-95db-080ced308e52,2026-08-06T15:30:00Z,2026-08-06T17:30:00+0200,22437.238,MW,DE,DE_LU,actual_onshore_wind_generation,Wind Onshore,2026-08-25T03:38:09Z
2026-08-25T03:35:04Z,2026-08-25T05:35:04+0200,16553320-5c3e-4a08-95db-080ced308e52,2026-08-06T15:45:00Z,2026-08-06T17:45:00+0200,23049.851,MW,DE,DE_LU,actual_onshore_wind_generation,Wind Onshore,2026-08-25T03:38:09Z
2026-08-25T03:35:04Z,2026-08-25T05:35:04+0200,16553320-5c3e-4a08-95db-080ced308e52,2026-08-06T16:00:00Z,2026-08-06T18:00:00+0200,22945.642,MW,DE,DE_LU,actual_onshore_wind_generation,Wind Onshore,2026-08-25T03:38:09Z
2026-08-25T03:35:04Z,2026-08-25T05:35:04+0200,16553320-5c3e-4a08-95db-080ced308e52,2026-08-06T16:15:00Z,2026-08-06T18:15:00+0200,22677.281,MW,DE,DE_LU,actual_onshore_wind_generation,Wind Onshore,2026-08-25T03:38:09Z
2026-08-25T03:35:04Z,2026-08-25T05:35:04+0200,16553320-5c3e-4a08-95db-080ced308e52,2026-08-06T16:30:00Z,2026-08-06T18:30:00+0200,22185.114,MW,DE,DE_LU,actual_onshore_wind_generation,Wind Onshore,2026-08-25T03:38:09Z
2026-08-25T03:35:04Z,2026-08-25T05:35:04+0200,16553320-5c3e-4a08-95db-080ced308e52,2026-08-06T16:45:00Z,2026-08-06T18:45:00+0200,21914.409,MW,DE,DE_LU,actual_onshore_wind_generation,Wind Onshore,2026-08-25T03:38:09Z
2026-08-25T03:35:04Z,2026-08-25T05:35:04+0200,16553320-5c3e-4a08-95db-080ced308e52,2026-08-06T17:00:00Z,2026-08-06T19:00:00+0200,21379.974,MW,DE,DE_LU,actual_onshore_wind_generation,Wind Onshore,2026-08-25T03:38:09Z
2026-08-25T03:35:04Z,2026-08-25T05:35:04+0200,16553320-5c3e-4a08-95db-080ced308e52,2026-08-06T17:15:00Z,2026-08-06T19:15:00+0200,20423.563,MW,DE,DE_LU,actual_onshore_wind_generation,Wind Onshore,2026-08-25T03:38:09Z
2026-08-25T03:35:04Z,2026-08-25T05:35:04+0200,16553320-5c3e-4a08-95db-080ced308e52,2026-08-06T17:30:00Z,2026-08-06T19:30:00+0200,18992.789,MW,DE,DE_LU,actual_onshore_wind_generation,Wind Onshore,2026-08-25T03:38:09Z
2026-08-25T03:35:04Z,2026-08-25T05:35:04+0200,16553320-5c3e-4a08-95db-080ced308e52,2026-08-06T17:45:00Z,2026-08-06T19:45:00+0200,17431.879,MW,DE,DE_LU,actual_onshore_wind_generation,Wind Onshore,2026-08-25T03:38:09Z
2026-08-25T03:35:04Z,2026-08-25T05:35:04+0200,16553320-5c3e-4a08-95db-080ced308e52,2026-08-06T18:00:00Z,2026-08-06T20:00:00+0200,15889.499,MW,DE,DE_LU,actual_onshore_wind_generation,Wind Onshore,2026-08-25T03:38:09Z
2026-08-25T03:35:04Z,2026-08-25T05:35:04+0200,16553320-5c3e-4a08-95db-080ced308e52,2026-08-06T18:15:00Z,2026-08-06T20:15:00+0200,14486.798,MW,DE,DE_LU,actual_onshore_wind_generation,Wind Onshore,2026-08-25T03:38:09Z
2026-08-25T03:35:04Z,2026-08-25T05:35:04+0200,16553320-5c3e-4a08-95db-080ced308e52,2026-08-06T18:30:00Z,2026-08-06T20:30:00+0200,13960.937,MW,DE,DE_LU,actual_onshore_wind_generation,Wind Onshore,2026-08-25T03:38:09Z
2026-08-25T03:35:04Z,2026-08-25T05:35:04+0200,16553320-5c3e-4a08-95db-080ced308e52,2026-08-06T18:45:00Z,2026-08-06T20:45:00+0200,13600.414,MW,DE,DE_LU,actual_onshore_wind_generation,Wind Onshore,2026-08-25T03:38:09Z
2026-08-25T03:35:04Z,2026-08-25T05:35:04+0200,16553320-5c3e-4a08-95db-080ced308e52,2026-08-06T19:00:00Z,2026-08-06T21:00:00+0200,12320.843,MW,DE,DE_LU,actual_onshore_wind_generation,Wind Onshore,2026-08-25T03:38:09Z
2026-08-25T03:35:04Z,2026-08-25T05:35:04+0200,16553320-5c3e-4a08-95db-080ced308e52,2026-08-06T19:15:00Z,2026-08-06T21:15:00+0200,11348.031,MW,DE,DE_LU,actual_onshore_wind_generation,Wind Onshore,2026-08-25T03:38:09Z
2026-08-25T03:35:04Z,2026-08-25T05:35:04+0200,16553320-5c3e-4a08-95db-080ced308e52,2026-08-06T19:30:00Z,2026-08-06T21:30:00+0200,11105.061,MW,DE,DE_LU,actual_onshore_wind_generation,Wind Onshore,2026-08-25T03:38:09Z
2026-08-25T03:35:04Z,2026-08-25T05:35:04+0200,16553320-5c3e-4a08-95db-080ced308e52,2026-08-06T19:45:00Z,2026-08-06T21:45:00+0200,10596.487,MW,DE,DE_LU,actual_onshore_wind_generation,Wind Onshore,2026-08-25T03:38:09Z
2026-08-25T03:35:04Z,2026-08-25T05:35:04+0200,16553320-5c3e-4a08-95db-080ced308e52,2026-08-06T20:00:00Z,2026-08-06T22:00:00+0200,10016.018,MW,DE,DE_LU,actual_onshore_wind_generation,Wind Onshore,2026-08-25T03:38:09Z
2026-08-25T03:35:04Z,2026-08-25T05:35:04+0200,16553320-5c3e-4a08-95db-080ced308e52,2026-08-06T20:15:00Z,2026-08-06T22:15:00+0200,9989.903,MW,DE,DE_LU,actual_onshore_wind_generation,Wind Onshore,2026-08-25T03:38:09Z
2026-08-25T03:35:04Z,2026-08-25T05:35:04+0200,16553320-5c3e-4a08-95db-080ced308e52,2026-08-06T20:30:00Z,2026-08-06T22:30:00+0200,10127.826,MW,DE,DE_LU,actual_onshore_wind_generation,Wind Onshore,2026-08-25T03:38:09Z
2026-08-25T03:35:04Z,2026-08-25T05:35:04+0200,16553320-5c3e-4a08-95db-080ced308e52,2026-08-06T20:45:00Z,2026-08-06T22:45:00+0200,10076.054,MW,DE,DE_LU,actual_onshore_wind_generation,Wind Onshore,2026-08-25T03:38:09Z
2026-08-25T03:35:04Z,2026-08-25T05:35:04+0200,16553320-5c3e-4a08-95db-080ced308e52,2026-08-06T21:00:00Z,2026-08-06T23:00:00+0200,10132.441,MW,DE,DE_LU,actual_onshore_wind_generation,Wind Onshore,2026-08-25T03:38:09Z
2026-08-25T03:35:04Z,2026-08-25T05:35:04+0200,16553320-5c3e-4a08-95db-080ced308e52,2026-08-06T21:15:00Z,2026-08-06T23:15:00+0200,10065.913,MW,DE,DE_LU,actual_onshore_wind_generation,Wind Onshore,2026-08-25T03:38:09Z
2026-08-25T03:35:04Z,2026-08-25T05:35:04+0200,16553320-5c3e-4a08-95db-080ced308e52,2026-08-06T21:30:00Z,2026-08-06T23:30:00+0200,10175.776,MW,DE,DE_LU,actual_onshore_wind_generation,Wind Onshore,2026-08-25T03:38:09Z
2026-08-25T03:35:04Z,2026-08-25T05:35:04+0200,16553320-5c3e-4a08-95db-080ced308e52,2026-08-06T21:45:00Z,2026-08-06T23:45:00+0200,10115.62,MW,DE,DE_LU,actual_onshore_wind_generation,Wind Onshore,2026-08-25T03:38:09Z
2026-08-25T03:35:04Z,2026-08-25T05:35:04+0200,16553320-5c3e-4a08-95db-080ced308e52,2026-08-06T22:00:00Z,2026-08-07T00:00:00+0200,9954.841,MW,DE,DE_LU,actual_onshore_wind_generation,Wind Onshore,2026-08-25T03:38:09Z
2026-08-25T03:35:04Z,2026-08-25T05:35:04+0200,16553320-5c3e-4a08-95db-080ced308e52,2026-08-06T22:15:00Z,2026-08-07T00:15:00+0200,9872.006,MW,DE,DE_LU,actual_onshore_wind_generation,Wind Onshore,2026-08-25T03:38:09Z
2026-08-25T03:35:04Z,2026-08-25T05:35:04+0200,16553320-5c3e-4a08-95db-080ced308e52,2026-08-06T22:30:00Z,2026-08-07T00:30:00+0200,9781.405,MW,DE,DE_LU,actual_onshore_wind_generation,Wind Onshore,2026-08-25T03:38:09Z
2026-08-25T03:35:04Z,2026-08-25T05:35:04+0200,16553320-5c3e-4a08-95db-080ced308e52,2026-08-06T22:45:00Z,2026-08-07T00:45:00+0200,9784.075,MW,DE,DE_LU,actual_onshore_wind_generation,Wind Onshore,2026-08-25T03:38:09Z
2026-08-25T03:35:04Z,2026-08-25T05:35:04+0200,16553320-5c3e-4a08-95db-080ced308e52,2026-08-06T23:00:00Z,2026-08-07T01:00:00+0200,9908.733,MW,DE,DE_LU,actual_onshore_wind_generation,Wind Onshore,2026-08-25T03:38:09Z
2026-08-25T03:35:04Z,2026-08-25T05:35:04+0200,16553320-5c3e-4a08-95db-080ced308e52,2026-08-06T23:15:00Z,2026-08-07T01:15:00+0200,10074.987,MW,DE,DE_LU,actual_onshore_wind_generation,Wind Onshore,2026-08-25T03:38:09Z
2026-08-25T03:35:04Z,2026-08-25T05:35:04+0200,16553320-5c3e-4a08-95db-080ced308e52,2026-08-06T23:30:00Z,2026-08-07T01:30:00+0200,10297.735,MW,DE,DE_LU,actual_onshore_wind_generation,Wind Onshore,2026-08-25T03:38:09Z
2026-08-25T03:35:04Z,2026-08-25T05:35:04+0200,16553320-5c3e-4a08-95db-080ced308e52,2026-08-06T23:45:00Z,2026-08-07T01:45:00+0200,10383.2,MW,DE,DE_LU,actual_onshore_wind_generation,Wind Onshore,2026-08-25T03:38:09Z
2026-08-25T03:35:04Z,2026-08-25T05:35:04+0200,16553320-5c3e-4a08-95db-080ced308e52,2026-08-07T00:00:00Z,2026-08-07T02:00:00+0200,10238.078,MW,DE,DE_LU,actual_onshore_wind_generation,Wind Onshore,2026-08-25T03:38:09Z
2026-08-25T03:35:04Z,2026-08-25T05:35:04+0200,16553320-5c3e-4a08-95db-080ced308e52,2026-08-07T00:15:00Z,2026-08-07T02:15:00+0200,9930.596,MW,DE,DE_LU,actual_onshore_wind_generation,Wind Onshore,2026-08-25T03:38:09Z
2026-08-25T03:35:04Z,2026-08-25T05:35:04+0200,16553320-5c3e-4a08-95db-080ced308e52,2026-08-07T00:30:00Z,2026-08-07T02:30:00+0200,9528.436,MW,DE,DE_LU,actual_onshore_wind_generation,Wind Onshore,2026-08-25T03:38:09Z
2026-08-25T03:35:04Z,2026-08-25T05:35:04+0200,16553320-5c3e-4a08-95db-080ced308e52,2026-08-07T00:45:00Z,2026-08-07T02:45:00+0200,9206.178,MW,DE,DE_LU,actual_onshore_wind_generation,Wind Onshore,2026-08-25T03:38:09Z
2026-08-25T03:35:04Z,2026-08-25T05:35:04+0200,16553320-5c3e-4a08-95db-080ced308e52,2026-08-07T01:00:00Z,2026-08-07T03:00:00+0200,8897.062,MW,DE,DE_LU,actual_onshore_wind_generation,Wind Onshore,2026-08-25T03:38:09Z
2026-08-25T03:35:04Z,2026-08-25T05:35:04+0200,16553320-5c3e-4a08-95db-080ced308e52,2026-08-07T01:15:00Z,2026-08-07T03:15:00+0200,8751.973,MW,DE,DE_LU,actual_onshore_wind_generation,Wind Onshore,2026-08-25T03:38:09Z
2026-08-25T03:35:04Z,2026-08-25T05:35:04+0200,16553320-5c3e-4a08-95db-080ced308e52,2026-08-07T01:30:00Z,2026-08-07T03:30:00+0200,8619.63,MW,DE,DE_LU,actual_onshore_wind_generation,Wind Onshore,2026-08-25T03:38:09Z
2026-08-25T03:35:04Z,2026-08-25T05:35:04+0200,16553320-5c3e-4a08-95db-080ced308e52,2026-08-07T01:45:00Z,2026-08-07T03:45:00+0200,8506.134,MW,DE,DE_LU,actual_onshore_wind_generation,Wind Onshore,2026-08-25T03:38:09Z
2026-08-25T03:35:04Z,2026-08-25T05:35:04+0200,16553320-5c3e-4a08-95db-080ced308e52,2026-08-07T02:00:00Z,2026-08-07T04:00:00+0200,8379.936,MW,DE,DE_LU,actual_onshore_wind_generation,Wind Onshore,2026-08-25T03:38:09Z
2026-08-25T03:35:04Z,2026-08-25T05:35:04+0200,16553320-5c3e-4a08-95db-080ced308e52,2026-08-07T02:15:00Z,2026-08-07T04:15:00+0200,8377.41,MW,DE,DE_LU,actual_onshore_wind_generation,Wind Onshore,2026-08-25T03:38:09Z
2026-08-25T03:35:04Z,2026-08-25T05:35:04+0200,16553320-5c3e-4a08-95db-080ced308e52,2026-08-07T02:30:00Z,2026-08-07T04:30:00+0200,8347.638,MW,DE,DE_LU,actual_onshore_wind_generation,Wind Onshore,2026-08-25T03:38:09Z
2026-08-25T03:35:04Z,2026-08-25T05:35:04+0200,16553320-5c3e-4a08-95db-080ced308e52,2026-08-07T02:45:00Z,2026-08-07T04:45:00+0200,8398.993,MW,DE,DE_LU,actual_onshore_wind_generation,Wind Onshore,2026-08-25T03:38:09Z
2026-08-25T03:35:04Z,2026-08-25T05:35:04+0200,16553320-5c3e-4a08-95db-080ced308e52,2026-08-07T03:00:00Z,2026-08-07T05:00:00+0200,8511.507,MW,DE,DE_LU,actual_onshore_wind_generation,Wind Onshore,2026-08-25T03:38:09Z
2026-08-25T03:35:04Z,2026-08-25T05:35:04+0200,16553320-5c3e-4a08-95db-080ced308e52,2026-08-07T03:15:00Z,2026-08-07T05:15:00+0200,8613.982,MW,DE,DE_LU,actual_onshore_wind_generation,Wind Onshore,2026-08-25T03:38:09Z
2026-08-25T03:35:04Z,2026-08-25T05:35:04+0200,16553320-5c3e-4a08-95db-080ced308e52,2026-08-07T03:30:00Z,2026-08-07T05:30:00+0200,8344.615,MW,DE,DE_LU,actual_onshore_wind_generation,Wind Onshore,2026-08-25T03:38:09Z
2026-08-25T03:35:04Z,2026-08-25T05:35:04+0200,16553320-5c3e-4a08-95db-080ced308e52,2026-08-07T03:45:00Z,2026-08-07T05:45:00+0200,8349.59,MW,DE,DE_LU,actual_onshore_wind_generation,Wind Onshore,2026-08-25T03:38:09Z
2026-08-25T03:35:04Z,2026-08-25T05:35:04+0200,16553320-5c3e-4a08-95db-080ced308e52,2026-08-07T04:00:00Z,2026-08-07T06:00:00+0200,8510.818,MW,DE,DE_LU,actual_onshore_wind_generation,Wind Onshore,2026-08-25T03:38:09Z
2026-08-25T03:35:04Z,2026-08-25T05:35:04+0200,16553320-5c3e-4a08-95db-080ced308e52,2026-08-07T04:15:00Z,2026-08-07T06:15:00+0200,8136.966,MW,DE,DE_LU,actual_onshore_wind_generation,Wind Onshore,2026-08-25T03:38:09Z
2026-08-25T03:35:04Z,2026-08-25T05:35:04+0200,16553320-5c3e-4a08-95db-080ced308e52,2026-08-07T04:30:00Z,2026-08-07T06:30:00+0200,7656.079,MW,DE,DE_LU,actual_onshore_wind_generation,Wind Onshore,2026-08-25T03:38:09Z
2026-08-25T03:35:04Z,2026-08-25T05:35:04+0200,16553320-5c3e-4a08-95db-080ced308e52,2026-08-07T04:45:00Z,2026-08-07T06:45:00+0200,7254.058,MW,DE,DE_LU,actual_onshore_wind_generation,Wind Onshore,2026-08-25T03:38:09Z
2026-08-25T03:35:04Z,2026-08-25T05:35:04+0200,16553320-5c3e-4a08-95db-080ced308e52,2026-08-07T05:00:00Z,2026-08-07T07:00:00+0200,7033.893,MW,DE,DE_LU,actual_onshore_wind_generation,Wind Onshore,2026-08-25T03:38:09Z
2026-08-25T03:35:04Z,2026-08-25T05:35:04+0200,16553320-5c3e-4a08-95db-080ced308e52,2026-08-07T05:15:00Z,2026-08-07T07:15:00+0200,6512.408,MW,DE,DE_LU,actual_onshore_wind_generation,Wind Onshore,2026-08-25T03:38:09Z
2026-08-25T03:35:04Z,2026-08-25T05:35:04+0200,16553320-5c3e-4a08-95db-080ced308e52,2026-08-07T05:30:00Z,2026-08-07T07:30:00+0200,5859.335,MW,DE,DE_LU,actual_onshore_wind_generation,Wind Onshore,2026-08-25T03:38:09Z
2026-08-25T03:35:04Z,2026-08-25T05:35:04+0200,16553320-5c3e-4a08-95db-080ced308e52,2026-08-07T05:45:00Z,2026-08-07T07:45:00+0200,5325.251,MW,DE,DE_LU,actual_onshore_wind_generation,Wind Onshore,2026-08-25T03:38:09Z
2026-08-25T03:35:04Z,2026-08-25T05:35:04+0200,16553320-5c3e-4a08-95db-080ced308e52,2026-08-07T06:00:00Z,2026-08-07T08:00:00+0200,4839.296,MW,DE,DE_LU,actual_onshore_wind_generation,Wind Onshore,2026-08-25T03:38:09Z
2026-08-25T03:35:04Z,2026-08-25T05:35:04+0200,16553320-5c3e-4a08-95db-080ced308e52,2026-08-07T06:15:00Z,2026-08-07T08:15:00+0200,4594.786,MW,DE,DE_LU,actual_onshore_wind_generation,Wind Onshore,2026-08-25T03:38:09Z
2026-08-25T03:35:04Z,2026-08-25T05:35:04+0200,16553320-5c3e-4a08-95db-080ced308e52,2026-08-07T06:30:00Z,2026-08-07T08:30:00+0200,4652.289,MW,DE,DE_LU,actual_onshore_wind_generation,Wind Onshore,2026-08-25T03:38:09Z
2026-08-25T03:35:04Z,2026-08-25T05:35:04+0200,16553320-5c3e-4a08-95db-080ced308e52,2026-08-07T06:45:00Z,2026-08-07T08:45:00+0200,4723.986,MW,DE,DE_LU,actual_onshore_wind_generation,Wind Onshore,2026-08-25T03:38:09Z
2026-08-25T03:35:04Z,2026-08-25T05:35:04+0200,16553320-5c3e-4a08-95db-080ced308e52,2026-08-07T07:00:00Z,2026-08-07T09:00:00+0200,4826.358,MW,DE,DE_LU,actual_onshore_wind_generation,Wind Onshore,2026-08-25T03:38:09Z
2026-08-25T03:35:04Z,2026-08-25T05:35:04+0200,16553320-5c3e-4a08-95db-080ced308e52,2026-08-07T07:15:00Z,2026-08-07T09:15:00+0200,4876.349,MW,DE,DE_LU,actual_onshore_wind_generation,Wind Onshore,2026-08-25T03:38:09Z
2026-08-25T03:35:04Z,2026-08-25T05:35:04+0200,16553320-5c3e-4a08-95db-080ced308e52,2026-08-07T07:30:00Z,2026-08-07T09:30:00+0200,5026.686,MW,DE,DE_LU,actual_onshore_wind_generation,Wind Onshore,2026-08-25T03:38:09Z
2026-08-25T03:35:04Z,2026-08-25T05:35:04+0200,16553320-5c3e-4a08-95db-080ced308e52,2026-08-07T07:45:00Z,2026-08-07T09:45:00+0200,5278.497,MW,DE,DE_LU,actual_onshore_wind_generation,Wind Onshore,2026-08-25T03:38:09Z
2026-08-25T03:35:04Z,2026-08-25T05:35:04+0200,16553320-5c3e-4a08-95db-080ced308e52,2026-08-07T08:00:00Z,2026-08-07T10:00:00+0200,5205.293,MW,DE,DE_LU,actual_onshore_wind_generation,Wind Onshore,2026-08-25T03:38:09Z
2026-08-25T03:35:04Z,2026-08-25T05:35:04+0200,16553320-5c3e-4a08-95db-080ced308e52,2026-08-07T08:15:00Z,2026-08-07T10:15:00+0200,5110.455,MW,DE,DE_LU,actual_onshore_wind_generation,Wind Onshore,2026-08-25T03:38:09Z
2026-08-25T03:35:04Z,2026-08-25T05:35:04+0200,16553320-5c3e-4a08-95db-080ced308e52,2026-08-07T08:30:00Z,2026-08-07T10:30:00+0200,5049.529,MW,DE,DE_LU,actual_onshore_wind_generation,Wind Onshore,2026-08-25T03:38:09Z
2026-08-25T03:35:04Z,2026-08-25T05:35:04+0200,16553320-5c3e-4a08-95db-080ced308e52,2026-08-07T08:45:00Z,2026-08-07T10:45:00+0200,4922.611,MW,DE,DE_LU,actual_onshore_wind_generation,Wind Onshore,2026-08-25T03:38:09Z
2026-08-25T03:35:04Z,2026-08-25T05:35:04+0200,16553320-5c3e-4a08-95db-080ced308e52,2026-08-07T09:00:00Z,2026-08-07T11:00:00+0200,4865.777,MW,DE,DE_LU,actual_onshore_wind_generation,Wind Onshore,2026-08-25T03:38:09Z
2026-08-25T03:35:04Z,2026-08-25T05:35:04+0200,16553320-5c3e-4a08-95db-080ced308e52,2026-08-07T09:15:00Z,2026-08-07T11:15:00+0200,4985.757,MW,DE,DE_LU,actual_onshore_wind_generation,Wind Onshore,2026-08-25T03:38:09Z
2026-08-25T03:35:04Z,2026-08-25T05:35:04+0200,16553320-5c3e-4a08-95db-080ced308e52,2026-08-07T09:30:00Z,2026-08-07T11:30:00+0200,4913.048,MW,DE,DE_LU,actual_onshore_wind_generation,Wind Onshore,2026-08-25T03:38:09Z
2026-08-25T03:35:04Z,2026-08-25T05:35:04+0200,16553320-5c3e-4a08-95db-080ced308e52,2026-08-07T09:45:00Z,2026-08-07T11:45:00+0200,4938.67,MW,DE,DE_LU,actual_onshore_wind_generation,Wind Onshore,2026-08-25T03:38:09Z
2026-08-25T03:35:04Z,2026-08-25T05:35:04+0200,16553320-5c3e-4a08-95db-080ced308e52,2026-08-07T10:00:00Z,2026-08-07T12:00:00+0200,5143.402,MW,DE,DE_LU,actual_onshore_wind_generation,Wind Onshore,2026-08-25T03:38:09Z
2026-08-25T03:35:04Z,2026-08-25T05:35:04+0200,16553320-5c3e-4a08-95db-080ced308e52,2026-08-07T10:15:00Z,2026-08-07T12:15:00+0200,5170.566,MW,DE,DE_LU,actual_onshore_wind_generation,Wind Onshore,2026-08-25T03:38:09Z
2026-08-25T03:35:04Z,2026-08-25T05:35:04+0200,16553320-5c3e-4a08-95db-080ced308e52,2026-08-07T10:30:00Z,2026-08-07T12:30:00+0200,4997.565,MW,DE,DE_LU,actual_onshore_wind_generation,Wind Onshore,2026-08-25T03:38:09Z
2026-08-25T03:35:04Z,2026-08-25T05:35:04+0200,16553320-5c3e-4a08-95db-080ced308e52,2026-08-07T10:45:00Z,2026-08-07T12:45:00+0200,4976.837,MW,DE,DE_LU,actual_onshore_wind_generation,Wind Onshore,2026-08-25T03:38:09Z
2026-08-25T03:35:04Z,2026-08-25T05:35:04+0200,16553320-5c3e-4a08-95db-080ced308e52,2026-08-07T11:00:00Z,2026-08-07T13:00:00+0200,4972.161,MW,DE,DE_LU,actual_onshore_wind_generation,Wind Onshore,2026-08-25T03:38:09Z
2026-08-25T03:35:04Z,2026-08-25T05:35:04+0200,16553320-5c3e-4a08-95db-080ced308e52,2026-08-07T11:15:00Z,2026-08-07T13:15:00+0200,5054.888,MW,DE,DE_LU,actual_onshore_wind_generation,Wind Onshore,2026-08-25T03:38:09Z
2026-08-25T03:35:04Z,2026-08-25T05:35:04+0200,16553320-5c3e-4a08-95db-080ced308e52,2026-08-07T11:30:00Z,2026-08-07T13:30:00+0200,5055.005,MW,DE,DE_LU,actual_onshore_wind_generation,Wind Onshore,2026-08-25T03:38:09Z
2026-08-25T03:35:04Z,2026-08-25T05:35:04+0200,16553320-5c3e-4a08-95db-080ced308e52,2026-08-07T11:45:00Z,2026-08-07T13:45:00+0200,4997.901,MW,DE,DE_LU,actual_onshore_wind_generation,Wind Onshore,2026-08-25T03:38:09Z
2026-08-25T03:35:04Z,2026-08-25T05:35:04+0200,16553320-5c3e-4a08-95db-080ced308e52,2026-08-07T12:00:00Z,2026-08-07T14:00:00+0200,5101.371,MW,DE,DE_LU,actual_onshore_wind_generation,Wind Onshore,2026-08-25T03:38:09Z
2026-08-25T03:35:04Z,2026-08-25T05:35:04+0200,16553320-5c3e-4a08-95db-080ced308e52,2026-08-07T12:15:00Z,2026-08-07T14:15:00+0200,5101.777,MW,DE,DE_LU,actual_onshore_wind_generation,Wind Onshore,2026-08-25T03:38:09Z
2026-08-25T03:35:04Z,2026-08-25T05:35:04+0200,16553320-5c3e-4a08-95db-080ced308e52,2026-08-07T12:30:00Z,2026-08-07T14:30:00+0200,5087.829,MW,DE,DE_LU,actual_onshore_wind_generation,Wind Onshore,2026-08-25T03:38:09Z
2026-08-25T03:35:04Z,2026-08-25T05:35:04+0200,16553320-5c3e-4a08-95db-080ced308e52,2026-08-07T12:45:00Z,2026-08-07T14:45:00+0200,5020.007,MW,DE,DE_LU,actual_onshore_wind_generation,Wind Onshore,2026-08-25T03:38:09Z
2026-08-25T03:35:04Z,2026-08-25T05:35:04+0200,16553320-5c3e-4a08-95db-080ced308e52,2026-08-07T13:00:00Z,2026-08-07T15:00:00+0200,4983.11,MW,DE,DE_LU,actual_onshore_wind_generation,Wind Onshore,2026-08-25T03:38:09Z
2026-08-25T03:35:04Z,2026-08-25T05:35:04+0200,16553320-5c3e-4a08-95db-080ced308e52,2026-08-07T13:15:00Z,2026-08-07T15:15:00+0200,4989.946,MW,DE,DE_LU,actual_onshore_wind_generation,Wind Onshore,2026-08-25T03:38:09Z
2026-08-25T03:35:04Z,2026-08-25T05:35:04+0200,16553320-5c3e-4a08-95db-080ced308e52,2026-08-07T13:30:00Z,2026-08-07T15:30:00+0200,4908.31,MW,DE,DE_LU,actual_onshore_wind_generation,Wind Onshore,2026-08-25T03:38:09Z
2026-08-25T03:35:04Z,2026-08-25T05:35:04+0200,16553320-5c3e-4a08-95db-080ced308e52,2026-08-07T13:45:00Z,2026-08-07T15:45:00+0200,5140.085,MW,DE,DE_LU,actual_onshore_wind_generation,Wind Onshore,2026-08-25T03:38:09Z
2026-08-25T03:35:04Z,2026-08-25T05:35:04+0200,16553320-5c3e-4a08-95db-080ced308e52,2026-08-07T14:00:00Z,2026-08-07T16:00:00+0200,5187.281,MW,DE,DE_LU,actual_onshore_wind_generation,Wind Onshore,2026-08-25T03:38:09Z
2026-08-25T03:35:04Z,2026-08-25T05:35:04+0200,16553320-5c3e-4a08-95db-080ced308e52,2026-08-07T14:15:00Z,2026-08-07T16:15:00+0200,5131.124,MW,DE,DE_LU,actual_onshore_wind_generation,Wind Onshore,2026-08-25T03:38:09Z
2026-08-25T03:35:04Z,2026-08-25T05:35:04+0200,16553320-5c3e-4a08-95db-080ced308e52,2026-08-07T14:30:00Z,2026-08-07T16:30:00+0200,5139.569,MW,DE,DE_LU,actual_onshore_wind_generation,Wind Onshore,2026-08-25T03:38:09Z
2026-08-25T03:35:04Z,2026-08-25T05:35:04+0200,16553320-5c3e-4a08-95db-080ced308e52,2026-08-07T14:45:00Z,2026-08-07T16:45:00+0200,5147.817,MW,DE,DE_LU,actual_onshore_wind_generation,Wind Onshore,2026-08-25T03:38:09Z
2026-08-25T03:35:04Z,2026-08-25T05:35:04+0200,16553320-5c3e-4a08-95db-080ced308e52,2026-08-07T15:00:00Z,2026-08-07T17:00:00+0200,5070.376,MW,DE,DE_LU,actual_onshore_wind_generation,Wind Onshore,2026-08-25T03:38:09Z
2026-08-25T03:35:04Z,2026-08-25T05:35:04+0200,16553320-5c3e-4a08-95db-080ced308e52,2026-08-07T15:15:00Z,2026-08-07T17:15:00+0200,5028.207,MW,DE,DE_LU,actual_onshore_wind_generation,Wind Onshore,2026-08-25T03:38:09Z
2026-08-25T03:35:04Z,2026-08-25T05:35:04+0200,16553320-5c3e-4a08-95db-080ced308e52,2026-08-07T15:30:00Z,2026-08-07T17:30:00+0200,4967.824,MW,DE,DE_LU,actual_onshore_wind_generation,Wind Onshore,2026-08-25T03:38:09Z
2026-08-25T03:35:04Z,2026-08-25T05:35:04+0200,16553320-5c3e-4a08-95db-080ced308e52,2026-08-07T15:45:00Z,2026-08-07T17:45:00+0200,4922.018,MW,DE,DE_LU,actual_onshore_wind_generation,Wind Onshore,2026-08-25T03:38:09Z
2026-08-25T03:35:04Z,2026-08-25T05:35:04+0200,16553320-5c3e-4a08-95db-080ced308e52,2026-08-07T16:00:00Z,2026-08-07T18:00:00+0200,4893.631,MW,DE,DE_LU,actual_onshore_wind_generation,Wind Onshore,2026-08-25T03:38:09Z
2026-08-25T03:35:04Z,2026-08-25T05:35:04+0200,16553320-5c3e-4a08-95db-080ced308e52,2026-08-07T16:15:00Z,2026-08-07T18:15:00+0200,4895.552,MW,DE,DE_LU,actual_onshore_wind_generation,Wind Onshore,2026-08-25T03:38:09Z
2026-08-25T03:35:04Z,2026-08-25T05:35:04+0200,16553320-5c3e-4a08-95db-080ced308e52,2026-08-07T16:30:00Z,2026-08-07T18:30:00+0200,4944.193,MW,DE,DE_LU,actual_onshore_wind_generation,Wind Onshore,2026-08-25T03:38:09Z
2026-08-25T03:35:04Z,2026-08-25T05:35:04+0200,16553320-5c3e-4a08-95db-080ced308e52,2026-08-07T16:45:00Z,2026-08-07T18:45:00+0200,5019.219,MW,DE,DE_LU,actual_onshore_wind_generation,Wind Onshore,2026-08-25T03:38:09Z
2026-08-25T03:35:04Z,2026-08-25T05:35:04+0200,16553320-5c3e-4a08-95db-080ced308e52,2026-08-07T17:00:00Z,2026-08-07T19:00:00+0200,5066.835,MW,DE,DE_LU,actual_onshore_wind_generation,Wind Onshore,2026-08-25T03:38:09Z
2026-08-25T03:35:04Z,2026-08-25T05:35:04+0200,16553320-5c3e-4a08-95db-080ced308e52,2026-08-07T17:15:00Z,2026-08-07T19:15:00+0200,4953.988,MW,DE,DE_LU,actual_onshore_wind_generation,Wind Onshore,2026-08-25T03:38:09Z
2026-08-25T03:35:04Z,2026-08-25T05:35:04+0200,16553320-5c3e-4a08-95db-080ced308e52,2026-08-07T17:30:00Z,2026-08-07T19:30:00+0200,4841.624,MW,DE,DE_LU,actual_onshore_wind_generation,Wind Onshore,2026-08-25T03:38:09Z
2026-08-25T03:35:04Z,2026-08-25T05:35:04+0200,16553320-5c3e-4a08-95db-080ced308e52,2026-08-07T17:45:00Z,2026-08-07T19:45:00+0200,4778.242,MW,DE,DE_LU,actual_onshore_wind_generation,Wind Onshore,2026-08-25T03:38:09Z
2026-08-25T03:35:04Z,2026-08-25T05:35:04+0200,16553320-5c3e-4a08-95db-080ced308e52,2026-08-07T18:00:00Z,2026-08-07T20:00:00+0200,4398.669,MW,DE,DE_LU,actual_onshore_wind_generation,Wind Onshore,2026-08-25T03:38:09Z
2026-08-25T03:35:04Z,2026-08-25T05:35:04+0200,16553320-5c3e-4a08-95db-080ced308e52,2026-08-07T18:15:00Z,2026-08-07T20:15:00+0200,4186.173,MW,DE,DE_LU,actual_onshore_wind_generation,Wind Onshore,2026-08-25T03:38:09Z
2026-08-25T03:35:04Z,2026-08-25T05:35:04+0200,16553320-5c3e-4a08-95db-080ced308e52,2026-08-07T18:30:00Z,2026-08-07T20:30:00+0200,4204.444,MW,DE,DE_LU,actual_onshore_wind_generation,Wind Onshore,2026-08-25T03:38:09Z
2026-08-25T03:35:04Z,2026-08-25T05:35:04+0200,16553320-5c3e-4a08-95db-080ced308e52,2026-08-07T18:45:00Z,2026-08-07T20:45:00+0200,4281.647,MW,DE,DE_LU,actual_onshore_wind_generation,Wind Onshore,2026-08-25T03:38:09Z
2026-08-25T03:35:04Z,2026-08-25T05:35:04+0200,16553320-5c3e-4a08-95db-080ced308e52,2026-08-07T19:00:00Z,2026-08-07T21:00:00+0200,4197.549,MW,DE,DE_LU,actual_onshore_wind_generation,Wind Onshore,2026-08-25T03:38:09Z
2026-08-25T03:35:04Z,2026-08-25T05:35:04+0200,16553320-5c3e-4a08-95db-080ced308e52,2026-08-07T19:15:00Z,2026-08-07T21:15:00+0200,4411.786,MW,DE,DE_LU,actual_onshore_wind_generation,Wind Onshore,2026-08-25T03:38:09Z
2026-08-25T03:35:04Z,2026-08-25T05:35:04+0200,16553320-5c3e-4a08-95db-080ced308e52,2026-08-07T19:30:00Z,2026-08-07T21:30:00+0200,4781.412,MW,DE,DE_LU,actual_onshore_wind_generation,Wind Onshore,2026-08-25T03:38:09Z
2026-08-25T03:35:04Z,2026-08-25T05:35:04+0200,16553320-5c3e-4a08-95db-080ced308e52,2026-08-07T19:45:00Z,2026-08-07T21:45:00+0200,5094.99,MW,DE,DE_LU,actual_onshore_wind_generation,Wind Onshore,2026-08-25T03:38:09Z
2026-08-25T03:35:04Z,2026-08-25T05:35:04+0200,16553320-5c3e-4a08-95db-080ced308e52,2026-08-07T20:00:00Z,2026-08-07T22:00:00+0200,5120.359,MW,DE,DE_LU,actual_onshore_wind_generation,Wind Onshore,2026-08-25T03:38:09Z
2026-08-25T03:35:04Z,2026-08-25T05:35:04+0200,16553320-5c3e-4a08-95db-080ced308e52,2026-08-07T20:15:00Z,2026-08-07T22:15:00+0200,5274.717,MW,DE,DE_LU,actual_onshore_wind_generation,Wind Onshore,2026-08-25T03:38:09Z
2026-08-25T03:35:04Z,2026-08-25T05:35:04+0200,16553320-5c3e-4a08-95db-080ced308e52,2026-08-07T20:30:00Z,2026-08-07T22:30:00+0200,5427.605,MW,DE,DE_LU,actual_onshore_wind_generation,Wind Onshore,2026-08-25T03:38:09Z
2026-08-25T03:35:04Z,2026-08-25T05:35:04+0200,16553320-5c3e-4a08-95db-080ced308e52,2026-08-07T20:45:00Z,2026-08-07T22:45:00+0200,5577.205,MW,DE,DE_LU,actual_onshore_wind_generation,Wind Onshore,2026-08-25T03:38:09Z
2026-08-25T03:35:04Z,2026-08-25T05:35:04+0200,16553320-5c3e-4a08-95db-080ced308e52,2026-08-07T21:00:00Z,2026-08-07T23:00:00+0200,5646.812,MW,DE,DE_LU,actual_onshore_wind_generation,Wind Onshore,2026-08-25T03:38:09Z
2026-08-25T03:35:04Z,2026-08-25T05:35:04+0200,16553320-5c3e-4a08-95db-080ced308e52,2026-08-07T21:15:00Z,2026-08-07T23:15:00+0200,5703.154,MW,DE,DE_LU,actual_onshore_wind_generation,Wind Onshore,2026-08-25T03:38:09Z
2026-08-25T03:35:04Z,2026-08-25T05:35:04+0200,16553320-5c3e-4a08-95db-080ced308e52,2026-08-07T21:30:00Z,2026-08-07T23:30:00+0200,5769.704,MW,DE,DE_LU,actual_onshore_wind_generation,Wind Onshore,2026-08-25T03:38:09Z
2026-08-25T03:35:04Z,2026-08-25T05:35:04+0200,16553320-5c3e-4a08-95db-080ced308e52,2026-08-07T21:45:00Z,2026-08-07T23:45:00+0200,5906.944,MW,DE,DE_LU,actual_onshore_wind_generation,Wind Onshore,2026-08-25T03:38:09Z
2026-08-25T03:35:04Z,2026-08-25T05:35:04+0200,16553320-5c3e-4a08-95db-080ced308e52,2026-08-07T22:00:00Z,2026-08-08T00:00:00+0200,5957.963,MW,DE,DE_LU,actual_onshore_wind_generation,Wind Onshore,2026-08-25T03:38:09Z
2026-08-25T03:35:04Z,2026-08-25T05:35:04+0200,16553320-5c3e-4a08-95db-080ced308e52,2026-08-07T22:15:00Z,2026-08-08T00:15:00+0200,5949.618,MW,DE,DE_LU,actual_onshore_wind_generation,Wind Onshore,2026-08-25T03:38:09Z
2026-08-25T03:35:04Z,2026-08-25T05:35:04+0200,16553320-5c3e-4a08-95db-080ced308e52,2026-08-07T22:30:00Z,2026-08-08T00:30:00+0200,5961.982,MW,DE,DE_LU,actual_onshore_wind_generation,Wind Onshore,2026-08-25T03:38:09Z
2026-08-25T03:35:04Z,2026-08-25T05:35:04+0200,16553320-5c3e-4a08-95db-080ced308e52,2026-08-07T22:45:00Z,2026-08-08T00:45:00+0200,5839.436,MW,DE,DE_LU,actual_onshore_wind_generation,Wind Onshore,2026-08-25T03:38:09Z
2026-08-25T03:35:04Z,2026-08-25T05:35:04+0200,16553320-5c3e-4a08-95db-080ced308e52,2026-08-07T23:00:00Z,2026-08-08T01:00:00+0200,5736.3,MW,DE,DE_LU,actual_onshore_wind_generation,Wind Onshore,2026-08-25T03:38:09Z
2026-08-25T03:35:04Z,2026-08-25T05:35:04+0200,16553320-5c3e-4a08-95db-080ced308e52,2026-08-07T23:15:00Z,2026-08-08T01:15:00+0200,5656.994,MW,DE,DE_LU,actual_onshore_wind_generation,Wind Onshore,2026-08-25T03:38:09Z
2026-08-25T03:35:04Z,2026-08-25T05:35:04+0200,16553320-5c3e-4a08-95db-080ced308e52,2026-08-07T23:30:00Z,2026-08-08T01:30:00+0200,5493.849,MW,DE,DE_LU,actual_onshore_wind_generation,Wind Onshore,2026-08-25T03:38:09Z
2026-08-25T03:35:04Z,2026-08-25T05:35:04+0200,16553320-5c3e-4a08-95db-080ced308e52,2026-08-07T23:45:00Z,2026-08-08T01:45:00+0200,5434.64,MW,DE,DE_LU,actual_onshore_wind_generation,Wind Onshore,2026-08-25T03:38:09Z
2026-08-25T03:35:04Z,2026-08-25T05:35:04+0200,16553320-5c3e-4a08-95db-080ced308e52,2026-08-08T00:00:00Z,2026-08-08T02:00:00+0200,5412.426,MW,DE,DE_LU,actual_onshore_wind_generation,Wind Onshore,2026-08-25T03:38:09Z
2026-08-25T03:35:04Z,2026-08-25T05:35:04+0200,16553320-5c3e-4a08-95db-080ced308e52,2026-08-08T00:15:00Z,2026-08-08T02:15:00+0200,5392.536,MW,DE,DE_LU,actual_onshore_wind_generation,Wind Onshore,2026-08-25T03:38:09Z
2026-08-25T03:35:04Z,2026-08-25T05:35:04+0200,16553320-5c3e-4a08-95db-080ced308e52,2026-08-08T00:30:00Z,2026-08-08T02:30:00+0200,5247.13,MW,DE,DE_LU,actual_onshore_wind_generation,Wind Onshore,2026-08-25T03:38:09Z
2026-08-25T03:35:04Z,2026-08-25T05:35:04+0200,16553320-5c3e-4a08-95db-080ced308e52,2026-08-08T00:45:00Z,2026-08-08T02:45:00+0200,5093.005,MW,DE,DE_LU,actual_onshore_wind_generation,Wind Onshore,2026-08-25T03:38:09Z
2026-08-25T03:35:04Z,2026-08-25T05:35:04+0200,16553320-5c3e-4a08-95db-080ced308e52,2026-08-08T01:00:00Z,2026-08-08T03:00:00+0200,4906.767,MW,DE,DE_LU,actual_onshore_wind_generation,Wind Onshore,2026-08-25T03:38:09Z
2026-08-25T03:35:04Z,2026-08-25T05:35:04+0200,16553320-5c3e-4a08-95db-080ced308e52,2026-08-08T01:15:00Z,2026-08-08T03:15:00+0200,4836.142,MW,DE,DE_LU,actual_onshore_wind_generation,Wind Onshore,2026-08-25T03:38:09Z
2026-08-25T03:35:04Z,2026-08-25T05:35:04+0200,16553320-5c3e-4a08-95db-080ced308e52,2026-08-08T01:30:00Z,2026-08-08T03:30:00+0200,4734.45,MW,DE,DE_LU,actual_onshore_wind_generation,Wind Onshore,2026-08-25T03:38:09Z
2026-08-25T03:35:04Z,2026-08-25T05:35:04+0200,16553320-5c3e-4a08-95db-080ced308e52,2026-08-08T01:45:00Z,2026-08-08T03:45:00+0200,4602.647,MW,DE,DE_LU,actual_onshore_wind_generation,Wind Onshore,2026-08-25T03:38:09Z
2026-08-25T03:35:04Z,2026-08-25T05:35:04+0200,16553320-5c3e-4a08-95db-080ced308e52,2026-08-08T02:00:00Z,2026-08-08T04:00:00+0200,4488.689,MW,DE,DE_LU,actual_onshore_wind_generation,Wind Onshore,2026-08-25T03:38:09Z
2026-08-25T03:35:04Z,2026-08-25T05:35:04+0200,16553320-5c3e-4a08-95db-080ced308e52,2026-08-08T02:15:00Z,2026-08-08T04:15:00+0200,4338.379,MW,DE,DE_LU,actual_onshore_wind_generation,Wind Onshore,2026-08-25T03:38:09Z
2026-08-25T03:35:04Z,2026-08-25T05:35:04+0200,16553320-5c3e-4a08-95db-080ced308e52,2026-08-08T02:30:00Z,2026-08-08T04:30:00+0200,4206.585,MW,DE,DE_LU,actual_onshore_wind_generation,Wind Onshore,2026-08-25T03:38:09Z
2026-08-25T03:35:04Z,2026-08-25T05:35:04+0200,16553320-5c3e-4a08-95db-080ced308e52,2026-08-08T02:45:00Z,2026-08-08T04:45:00+0200,4182.458,MW,DE,DE_LU,actual_onshore_wind_generation,Wind Onshore,2026-08-25T03:38:09Z
2026-08-25T03:35:04Z,2026-08-25T05:35:04+0200,16553320-5c3e-4a08-95db-080ced308e52,2026-08-08T03:00:00Z,2026-08-08T05:00:00+0200,4155.573,MW,DE,DE_LU,actual_onshore_wind_generation,Wind Onshore,2026-08-25T03:38:09Z
2026-08-25T03:35:04Z,2026-08-25T05:35:04+0200,16553320-5c3e-4a08-95db-080ced308e52,2026-08-08T03:15:00Z,2026-08-08T05:15:00+0200,4113.038,MW,DE,DE_LU,actual_onshore_wind_generation,Wind Onshore,2026-08-25T03:38:09Z
2026-08-25T03:35:04Z,2026-08-25T05:35:04+0200,16553320-5c3e-4a08-95db-080ced308e52,2026-08-08T03:30:00Z,2026-08-08T05:30:00+0200,4078.752,MW,DE,DE_LU,actual_onshore_wind_generation,Wind Onshore,2026-08-25T03:38:09Z
2026-08-25T03:35:04Z,2026-08-25T05:35:04+0200,16553320-5c3e-4a08-95db-080ced308e52,2026-08-08T03:45:00Z,2026-08-08T05:45:00+0200,4046.444,MW,DE,DE_LU,actual_onshore_wind_generation,Wind Onshore,2026-08-25T03:38:09Z
2026-08-25T03:35:04Z,2026-08-25T05:35:04+0200,16553320-5c3e-4a08-95db-080ced308e52,2026-08-08T04:00:00Z,2026-08-08T06:00:00+0200,4146.019,MW,DE,DE_LU,actual_onshore_wind_generation,Wind Onshore,2026-08-25T03:38:09Z
2026-08-25T03:35:04Z,2026-08-25T05:35:04+0200,16553320-5c3e-4a08-95db-080ced308e52,2026-08-08T04:15:00Z,2026-08-08T06:15:00+0200,4132.172,MW,DE,DE_LU,actual_onshore_wind_generation,Wind Onshore,2026-08-25T03:38:09Z
2026-08-25T03:35:04Z,2026-08-25T05:35:04+0200,16553320-5c3e-4a08-95db-080ced308e52,2026-08-08T04:30:00Z,2026-08-08T06:30:00+0200,4027.373,MW,DE,DE_LU,actual_onshore_wind_generation,Wind Onshore,2026-08-25T03:38:09Z
2026-08-25T03:35:04Z,2026-08-25T05:35:04+0200,16553320-5c3e-4a08-95db-080ced308e52,2026-08-08T04:45:00Z,2026-08-08T06:45:00+0200,3989.541,MW,DE,DE_LU,actual_onshore_wind_generation,Wind Onshore,2026-08-25T03:38:09Z
2026-08-25T03:35:04Z,2026-08-25T05:35:04+0200,16553320-5c3e-4a08-95db-080ced308e52,2026-08-08T05:00:00Z,2026-08-08T07:00:00+0200,3948.623,MW,DE,DE_LU,actual_onshore_wind_generation,Wind Onshore,2026-08-25T03:38:09Z
2026-08-25T03:35:04Z,2026-08-25T05:35:04+0200,16553320-5c3e-4a08-95db-080ced308e52,2026-08-08T05:15:00Z,2026-08-08T07:15:00+0200,3831.575,MW,DE,DE_LU,actual_onshore_wind_generation,Wind Onshore,2026-08-25T03:38:09Z
2026-08-25T03:35:04Z,2026-08-25T05:35:04+0200,16553320-5c3e-4a08-95db-080ced308e52,2026-08-08T05:30:00Z,2026-08-08T07:30:00+0200,3654.441,MW,DE,DE_LU,actual_onshore_wind_generation,Wind Onshore,2026-08-25T03:38:09Z
2026-08-25T03:35:04Z,2026-08-25T05:35:04+0200,16553320-5c3e-4a08-95db-080ced308e52,2026-08-08T05:45:00Z,2026-08-08T07:45:00+0200,3358.032,MW,DE,DE_LU,actual_onshore_wind_generation,Wind Onshore,2026-08-25T03:38:09Z
2026-08-25T03:35:04Z,2026-08-25T05:35:04+0200,16553320-5c3e-4a08-95db-080ced308e52,2026-08-08T06:00:00Z,2026-08-08T08:00:00+0200,2868.227,MW,DE,DE_LU,actual_onshore_wind_generation,Wind Onshore,2026-08-25T03:38:09Z
2026-08-25T03:35:04Z,2026-08-25T05:35:04+0200,16553320-5c3e-4a08-95db-080ced308e52,2026-08-08T06:15:00Z,2026-08-08T08:15:00+0200,2321.229,MW,DE,DE_LU,actual_onshore_wind_generation,Wind Onshore,2026-08-25T03:38:09Z
2026-08-25T03:35:04Z,2026-08-25T05:35:04+0200,16553320-5c3e-4a08-95db-080ced308e52,2026-08-08T06:30:00Z,2026-08-08T08:30:00+0200,1791.289,MW,DE,DE_LU,actual_onshore_wind_generation,Wind Onshore,2026-08-25T03:38:09Z
2026-08-25T03:35:04Z,2026-08-25T05:35:04+0200,16553320-5c3e-4a08-95db-080ced308e52,2026-08-08T06:45:00Z,2026-08-08T08:45:00+0200,1421.549,MW,DE,DE_LU,actual_onshore_wind_generation,Wind Onshore,2026-08-25T03:38:09Z
2026-08-25T03:35:04Z,2026-08-25T05:35:04+0200,16553320-5c3e-4a08-95db-080ced308e52,2026-08-08T07:00:00Z,2026-08-08T09:00:00+0200,1250.224,MW,DE,DE_LU,actual_onshore_wind_generation,Wind Onshore,2026-08-25T03:38:09Z
2026-08-25T03:35:04Z,2026-08-25T05:35:04+0200,16553320-5c3e-4a08-95db-080ced308e52,2026-08-08T07:15:00Z,2026-08-08T09:15:00+0200,1134.813,MW,DE,DE_LU,actual_onshore_wind_generation,Wind Onshore,2026-08-25T03:38:09Z
2026-08-25T03:35:04Z,2026-08-25T05:35:04+0200,16553320-5c3e-4a08-95db-080ced308e52,2026-08-08T07:30:00Z,2026-08-08T09:30:00+0200,1052.695,MW,DE,DE_LU,actual_onshore_wind_generation,Wind Onshore,2026-08-25T03:38:09Z
2026-08-25T03:35:04Z,2026-08-25T05:35:04+0200,16553320-5c3e-4a08-95db-080ced308e52,2026-08-08T07:45:00Z,2026-08-08T09:45:00+0200,1019.829,MW,DE,DE_LU,actual_onshore_wind_generation,Wind Onshore,2026-08-25T03:38:09Z
2026-08-25T03:35:04Z,2026-08-25T05:35:04+0200,16553320-5c3e-4a08-95db-080ced308e52,2026-08-08T08:00:00Z,2026-08-08T10:00:00+0200,968.923,MW,DE,DE_LU,actual_onshore_wind_generation,Wind Onshore,2026-08-25T03:38:09Z
2026-08-25T03:35:04Z,2026-08-25T05:35:04+0200,16553320-5c3e-4a08-95db-080ced308e52,2026-08-08T08:15:00Z,2026-08-08T10:15:00+0200,872.374,MW,DE,DE_LU,actual_onshore_wind_generation,Wind Onshore,2026-08-25T03:38:09Z
2026-08-25T03:35:04Z,2026-08-25T05:35:04+0200,16553320-5c3e-4a08-95db-080ced308e52,2026-08-08T08:30:00Z,2026-08-08T10:30:00+0200,739.703,MW,DE,DE_LU,actual_onshore_wind_generation,Wind Onshore,2026-08-25T03:38:09Z
2026-08-25T03:35:04Z,2026-08-25T05:35:04+0200,16553320-5c3e-4a08-95db-080ced308e52,2026-08-08T08:45:00Z,2026-08-08T10:45:00+0200,785.656,MW,DE,DE_LU,actual_onshore_wind_generation,Wind Onshore,2026-08-25T03:38:09Z
2026-08-25T03:35:04Z,2026-08-25T05:35:04+0200,16553320-5c3e-4a08-95db-080ced308e52,2026-08-08T09:00:00Z,2026-08-08T11:00:00+0200,867.585,MW,DE,DE_LU,actual_onshore_wind_generation,Wind Onshore,2026-08-25T03:38:09Z
2026-08-25T03:35:04Z,2026-08-25T05:35:04+0200,16553320-5c3e-4a08-95db-080ced308e52,2026-08-08T09:15:00Z,2026-08-08T11:15:00+0200,924.116,MW,DE,DE_LU,actual_onshore_wind_generation,Wind Onshore,2026-08-25T03:38:09Z
2026-08-25T03:35:04Z,2026-08-25T05:35:04+0200,16553320-5c3e-4a08-95db-080ced308e52,2026-08-08T09:30:00Z,2026-08-08T11:30:00+0200,890.725,MW,DE,DE_LU,actual_onshore_wind_generation,Wind Onshore,2026-08-25T03:38:09Z
2026-08-25T03:35:04Z,2026-08-25T05:35:04+0200,16553320-5c3e-4a08-95db-080ced308e52,2026-08-08T09:45:00Z,2026-08-08T11:45:00+0200,890.846,MW,DE,DE_LU,actual_onshore_wind_generation,Wind Onshore,2026-08-25T03:38:09Z
2026-08-25T03:35:04Z,2026-08-25T05:35:04+0200,16553320-5c3e-4a08-95db-080ced308e52,2026-08-08T10:00:00Z,2026-08-08T12:00:00+0200,854.899,MW,DE,DE_LU,actual_onshore_wind_generation,Wind Onshore,2026-08-25T03:38:09Z
2026-08-25T03:35:04Z,2026-08-25T05:35:04+0200,16553320-5c3e-4a08-95db-080ced308e52,2026-08-08T10:15:00Z,2026-08-08T12:15:00+0200,784.592,MW,DE,DE_LU,actual_onshore_wind_generation,Wind Onshore,2026-08-25T03:38:09Z
2026-08-25T03:35:04Z,2026-08-25T05:35:04+0200,16553320-5c3e-4a08-95db-080ced308e52,2026-08-08T10:30:00Z,2026-08-08T12:30:00+0200,662.954,MW,DE,DE_LU,actual_onshore_wind_generation,Wind Onshore,2026-08-25T03:38:09Z
2026-08-25T03:35:04Z,2026-08-25T05:35:04+0200,16553320-5c3e-4a08-95db-080ced308e52,2026-08-08T10:45:00Z,2026-08-08T12:45:00+0200,616.77,MW,DE,DE_LU,actual_onshore_wind_generation,Wind Onshore,2026-08-25T03:38:09Z
2026-08-25T03:35:04Z,2026-08-25T05:35:04+0200,16553320-5c3e-4a08-95db-080ced308e52,2026-08-08T11:00:00Z,2026-08-08T13:00:00+0200,609.694,MW,DE,DE_LU,actual_onshore_wind_generation,Wind Onshore,2026-08-25T03:38:09Z
2026-08-25T03:35:04Z,2026-08-25T05:35:04+0200,16553320-5c3e-4a08-95db-080ced308e52,2026-08-08T11:15:00Z,2026-08-08T13:15:00+0200,585.564,MW,DE,DE_LU,actual_onshore_wind_generation,Wind Onshore,2026-08-25T03:38:09Z
2026-08-25T03:35:04Z,2026-08-25T05:35:04+0200,16553320-5c3e-4a08-95db-080ced308e52,2026-08-08T11:30:00Z,2026-08-08T13:30:00+0200,563.449,MW,DE,DE_LU,actual_onshore_wind_generation,Wind Onshore,2026-08-25T03:38:09Z
2026-08-25T03:35:04Z,2026-08-25T05:35:04+0200,16553320-5c3e-4a08-95db-080ced308e52,2026-08-08T11:45:00Z,2026-08-08T13:45:00+0200,498.912,MW,DE,DE_LU,actual_onshore_wind_generation,Wind Onshore,2026-08-25T03:38:09Z
2026-08-25T03:35:04Z,2026-08-25T05:35:04+0200,16553320-5c3e-4a08-95db-080ced308e52,2026-08-08T12:00:00Z,2026-08-08T14:00:00+0200,491.155,MW,DE,DE_LU,actual_onshore_wind_generation,Wind Onshore,2026-08-25T03:38:09Z
2026-08-25T03:35:04Z,2026-08-25T05:35:04+0200,16553320-5c3e-4a08-95db-080ced308e52,2026-08-08T12:15:00Z,2026-08-08T14:15:00+0200,465.692,MW,DE,DE_LU,actual_onshore_wind_generation,Wind Onshore,2026-08-25T03:38:09Z
2026-08-25T03:35:04Z,2026-08-25T05:35:04+0200,16553320-5c3e-4a08-95db-080ced308e52,2026-08-08T12:30:00Z,2026-08-08T14:30:00+0200,480.652,MW,DE,DE_LU,actual_onshore_wind_generation,Wind Onshore,2026-08-25T03:38:09Z
2026-08-25T03:35:04Z,2026-08-25T05:35:04+0200,16553320-5c3e-4a08-95db-080ced308e52,2026-08-08T12:45:00Z,2026-08-08T14:45:00+0200,495.337,MW,DE,DE_LU,actual_onshore_wind_generation,Wind Onshore,2026-08-25T03:38:09Z
2026-08-25T03:35:04Z,2026-08-25T05:35:04+0200,16553320-5c3e-4a08-95db-080ced308e52,2026-08-08T13:00:00Z,2026-08-08T15:00:00+0200,488.655,MW,DE,DE_LU,actual_onshore_wind_generation,Wind Onshore,2026-08-25T03:38:09Z
2026-08-25T03:35:04Z,2026-08-25T05:35:04+0200,16553320-5c3e-4a08-95db-080ced308e52,2026-08-08T13:15:00Z,2026-08-08T15:15:00+0200,514.018,MW,DE,DE_LU,actual_onshore_wind_generation,Wind Onshore,2026-08-25T03:38:09Z
2026-08-25T03:35:04Z,2026-08-25T05:35:04+0200,16553320-5c3e-4a08-95db-080ced308e52,2026-08-08T13:30:00Z,2026-08-08T15:30:00+0200,531.994,MW,DE,DE_LU,actual_onshore_wind_generation,Wind Onshore,2026-08-25T03:38:09Z
2026-08-25T03:35:04Z,2026-08-25T05:35:04+0200,16553320-5c3e-4a08-95db-080ced308e52,2026-08-08T13:45:00Z,2026-08-08T15:45:00+0200,536.636,MW,DE,DE_LU,actual_onshore_wind_generation,Wind Onshore,2026-08-25T03:38:09Z
2026-08-25T03:35:04Z,2026-08-25T05:35:04+0200,16553320-5c3e-4a08-95db-080ced308e52,2026-08-08T14:00:00Z,2026-08-08T16:00:00+0200,598.499,MW,DE,DE_LU,actual_onshore_wind_generation,Wind Onshore,2026-08-25T03:38:09Z
2026-08-25T03:35:04Z,2026-08-25T05:35:04+0200,16553320-5c3e-4a08-95db-080ced308e52,2026-08-08T14:15:00Z,2026-08-08T16:15:00+0200,662.917,MW,DE,DE_LU,actual_onshore_wind_generation,Wind Onshore,2026-08-25T03:38:09Z
2026-08-25T03:35:04Z,2026-08-25T05:35:04+0200,16553320-5c3e-4a08-95db-080ced308e52,2026-08-08T14:30:00Z,2026-08-08T16:30:00+0200,703.503,MW,DE,DE_LU,actual_onshore_wind_generation,Wind Onshore,2026-08-25T03:38:09Z
2026-08-25T03:35:04Z,2026-08-25T05:35:04+0200,16553320-5c3e-4a08-95db-080ced308e52,2026-08-08T14:45:00Z,2026-08-08T16:45:00+0200,722.903,MW,DE,DE_LU,actual_onshore_wind_generation,Wind Onshore,2026-08-25T03:38:09Z
2026-08-25T03:35:04Z,2026-08-25T05:35:04+0200,16553320-5c3e-4a08-95db-080ced308e52,2026-08-08T15:00:00Z,2026-08-08T17:00:00+0200,912.629,MW,DE,DE_LU,actual_onshore_wind_generation,Wind Onshore,2026-08-25T03:38:09Z
2026-08-25T03:35:04Z,2026-08-25T05:35:04+0200,16553320-5c3e-4a08-95db-080ced308e52,2026-08-08T15:15:00Z,2026-08-08T17:15:00+0200,1073.743,MW,DE,DE_LU,actual_onshore_wind_generation,Wind Onshore,2026-08-25T03:38:09Z
2026-08-25T03:35:04Z,2026-08-25T05:35:04+0200,16553320-5c3e-4a08-95db-080ced308e52,2026-08-08T15:30:00Z,2026-08-08T17:30:00+0200,1156.852,MW,DE,DE_LU,actual_onshore_wind_generation,Wind Onshore,2026-08-25T03:38:09Z
2026-08-25T03:35:04Z,2026-08-25T05:35:04+0200,16553320-5c3e-4a08-95db-080ced308e52,2026-08-08T15:45:00Z,2026-08-08T17:45:00+0200,1226.824,MW,DE,DE_LU,actual_onshore_wind_generation,Wind Onshore,2026-08-25T03:38:09Z
2026-08-25T03:35:04Z,2026-08-25T05:35:04+0200,16553320-5c3e-4a08-95db-080ced308e52,2026-08-08T16:00:00Z,2026-08-08T18:00:00+0200,1292.969,MW,DE,DE_LU,actual_onshore_wind_generation,Wind Onshore,2026-08-25T03:38:09Z
2026-08-25T03:35:04Z,2026-08-25T05:35:04+0200,16553320-5c3e-4a08-95db-080ced308e52,2026-08-08T16:15:00Z,2026-08-08T18:15:00+0200,1358.252,MW,DE,DE_LU,actual_onshore_wind_generation,Wind Onshore,2026-08-25T03:38:09Z
2026-08-25T03:35:04Z,2026-08-25T05:35:04+0200,16553320-5c3e-4a08-95db-080ced308e52,2026-08-08T16:30:00Z,2026-08-08T18:30:00+0200,1421.789,MW,DE,DE_LU,actual_onshore_wind_generation,Wind Onshore,2026-08-25T03:38:09Z
2026-08-25T03:35:04Z,2026-08-25T05:35:04+0200,16553320-5c3e-4a08-95db-080ced308e52,2026-08-08T16:45:00Z,2026-08-08T18:45:00+0200,1549.81,MW,DE,DE_LU,actual_onshore_wind_generation,Wind Onshore,2026-08-25T03:38:09Z
2026-08-25T03:35:04Z,2026-08-25T05:35:04+0200,16553320-5c3e-4a08-95db-080ced308e52,2026-08-08T17:00:00Z,2026-08-08T19:00:00+0200,1731.401,MW,DE,DE_LU,actual_onshore_wind_generation,Wind Onshore,2026-08-25T03:38:09Z
2026-08-25T03:35:04Z,2026-08-25T05:35:04+0200,16553320-5c3e-4a08-95db-080ced308e52,2026-08-08T17:15:00Z,2026-08-08T19:15:00+0200,1960.636,MW,DE,DE_LU,actual_onshore_wind_generation,Wind Onshore,2026-08-25T03:38:09Z
2026-08-25T03:35:04Z,2026-08-25T05:35:04+0200,16553320-5c3e-4a08-95db-080ced308e52,2026-08-08T17:30:00Z,2026-08-08T19:30:00+0200,2204.888,MW,DE,DE_LU,actual_onshore_wind_generation,Wind Onshore,2026-08-25T03:38:09Z
2026-08-25T03:35:04Z,2026-08-25T05:35:04+0200,16553320-5c3e-4a08-95db-080ced308e52,2026-08-08T17:45:00Z,2026-08-08T19:45:00+0200,2461.904,MW,DE,DE_LU,actual_onshore_wind_generation,Wind Onshore,2026-08-25T03:38:09Z
2026-08-25T03:35:04Z,2026-08-25T05:35:04+0200,16553320-5c3e-4a08-95db-080ced308e52,2026-08-08T18:00:00Z,2026-08-08T20:00:00+0200,2664.756,MW,DE,DE_LU,actual_onshore_wind_generation,Wind Onshore,2026-08-25T03:38:09Z
2026-08-25T03:35:04Z,2026-08-25T05:35:04+0200,16553320-5c3e-4a08-95db-080ced308e52,2026-08-08T18:15:00Z,2026-08-08T20:15:00+0200,3195.996,MW,DE,DE_LU,actual_onshore_wind_generation,Wind Onshore,2026-08-25T03:38:09Z
2026-08-25T03:35:04Z,2026-08-25T05:35:04+0200,16553320-5c3e-4a08-95db-080ced308e52,2026-08-08T18:30:00Z,2026-08-08T20:30:00+0200,4008.328,MW,DE,DE_LU,actual_onshore_wind_generation,Wind Onshore,2026-08-25T03:38:09Z
2026-08-25T03:35:04Z,2026-08-25T05:35:04+0200,16553320-5c3e-4a08-95db-080ced308e52,2026-08-08T18:45:00Z,2026-08-08T20:45:00+0200,4859.757,MW,DE,DE_LU,actual_onshore_wind_generation,Wind Onshore,2026-08-25T03:38:09Z
2026-08-25T03:35:04Z,2026-08-25T05:35:04+0200,16553320-5c3e-4a08-95db-080ced308e52,2026-08-08T19:00:00Z,2026-08-08T21:00:00+0200,5366.946,MW,DE,DE_LU,actual_onshore_wind_generation,Wind Onshore,2026-08-25T03:38:09Z
2026-08-25T03:35:04Z,2026-08-25T05:35:04+0200,16553320-5c3e-4a08-95db-080ced308e52,2026-08-08T19:15:00Z,2026-08-08T21:15:00+0200,6175.715,MW,DE,DE_LU,actual_onshore_wind_generation,Wind Onshore,2026-08-25T03:38:09Z
2026-08-25T03:35:04Z,2026-08-25T05:35:04+0200,16553320-5c3e-4a08-95db-080ced308e52,2026-08-08T19:30:00Z,2026-08-08T21:30:00+0200,7214.829,MW,DE,DE_LU,actual_onshore_wind_generation,Wind Onshore,2026-08-25T03:38:09Z
2026-08-25T03:35:04Z,2026-08-25T05:35:04+0200,16553320-5c3e-4a08-95db-080ced308e52,2026-08-08T19:45:00Z,2026-08-08T21:45:00+0200,8248.671,MW,DE,DE_LU,actual_onshore_wind_generation,Wind Onshore,2026-08-25T03:38:09Z
2026-08-25T03:35:04Z,2026-08-25T05:35:04+0200,16553320-5c3e-4a08-95db-080ced308e52,2026-08-08T20:00:00Z,2026-08-08T22:00:00+0200,9087.205,MW,DE,DE_LU,actual_onshore_wind_generation,Wind Onshore,2026-08-25T03:38:09Z
2026-08-25T03:35:04Z,2026-08-25T05:35:04+0200,16553320-5c3e-4a08-95db-080ced308e52,2026-08-08T20:15:00Z,2026-08-08T22:15:00+0200,10191.28,MW,DE,DE_LU,actual_onshore_wind_generation,Wind Onshore,2026-08-25T03:38:09Z
2026-08-25T03:35:04Z,2026-08-25T05:35:04+0200,16553320-5c3e-4a08-95db-080ced308e52,2026-08-08T20:30:00Z,2026-08-08T22:30:00+0200,11141.532,MW,DE,DE_LU,actual_onshore_wind_generation,Wind Onshore,2026-08-25T03:38:09Z
2026-08-25T03:35:04Z,2026-08-25T05:35:04+0200,16553320-5c3e-4a08-95db-080ced308e52,2026-08-08T20:45:00Z,2026-08-08T22:45:00+0200,12251.965,MW,DE,DE_LU,actual_onshore_wind_generation,Wind Onshore,2026-08-25T03:38:09Z
2026-08-25T03:35:04Z,2026-08-25T05:35:04+0200,16553320-5c3e-4a08-95db-080ced308e52,2026-08-08T21:00:00Z,2026-08-08T23:00:00+0200,13242.081,MW,DE,DE_LU,actual_onshore_wind_generation,Wind Onshore,2026-08-25T03:38:09Z
2026-08-25T03:35:04Z,2026-08-25T05:35:04+0200,16553320-5c3e-4a08-95db-080ced308e52,2026-08-08T21:15:00Z,2026-08-08T23:15:00+0200,14028.282,MW,DE,DE_LU,actual_onshore_wind_generation,Wind Onshore,2026-08-25T03:38:09Z
2026-08-25T03:35:04Z,2026-08-25T05:35:04+0200,16553320-5c3e-4a08-95db-080ced308e52,2026-08-08T21:30:00Z,2026-08-08T23:30:00+0200,14818.861,MW,DE,DE_LU,actual_onshore_wind_generation,Wind Onshore,2026-08-25T03:38:09Z
2026-08-25T03:35:04Z,2026-08-25T05:35:04+0200,16553320-5c3e-4a08-95db-080ced308e52,2026-08-08T21:45:00Z,2026-08-08T23:45:00+0200,15436.092,MW,DE,DE_LU,actual_onshore_wind_generation,Wind Onshore,2026-08-25T03:38:09Z
2026-08-25T03:35:04Z,2026-08-25T05:35:04+0200,16553320-5c3e-4a08-95db-080ced308e52,2026-08-08T22:00:00Z,2026-08-09T00:00:00+0200,15927.238,MW,DE,DE_LU,actual_onshore_wind_generation,Wind Onshore,2026-08-25T03:38:09Z
2026-08-25T03:35:04Z,2026-08-25T05:35:04+0200,16553320-5c3e-4a08-95db-080ced308e52,2026-08-08T22:15:00Z,2026-08-09T00:15:00+0200,16352.28,MW,DE,DE_LU,actual_onshore_wind_generation,Wind Onshore,2026-08-25T03:38:09Z
2026-08-25T03:35:04Z,2026-08-25T05:35:04+0200,16553320-5c3e-4a08-95db-080ced308e52,2026-08-08T22:30:00Z,2026-08-09T00:30:00+0200,16399.748,MW,DE,DE_LU,actual_onshore_wind_generation,Wind Onshore,2026-08-25T03:38:09Z
2026-08-25T03:35:04Z,2026-08-25T05:35:04+0200,16553320-5c3e-4a08-95db-080ced308e52,2026-08-08T22:45:00Z,2026-08-09T00:45:00+0200,16565.019,MW,DE,DE_LU,actual_onshore_wind_generation,Wind Onshore,2026-08-25T03:38:09Z
2026-08-25T03:35:04Z,2026-08-25T05:35:04+0200,16553320-5c3e-4a08-95db-080ced308e52,2026-08-08T23:00:00Z,2026-08-09T01:00:00+0200,16631.831,MW,DE,DE_LU,actual_onshore_wind_generation,Wind Onshore,2026-08-25T03:38:09Z
2026-08-25T03:35:04Z,2026-08-25T05:35:04+0200,16553320-5c3e-4a08-95db-080ced308e52,2026-08-08T23:15:00Z,2026-08-09T01:15:00+0200,16690.156,MW,DE,DE_LU,actual_onshore_wind_generation,Wind Onshore,2026-08-25T03:38:09Z
2026-08-25T03:35:04Z,2026-08-25T05:35:04+0200,16553320-5c3e-4a08-95db-080ced308e52,2026-08-08T23:30:00Z,2026-08-09T01:30:00+0200,16652.869,MW,DE,DE_LU,actual_onshore_wind_generation,Wind Onshore,2026-08-25T03:38:09Z
2026-08-25T03:35:04Z,2026-08-25T05:35:04+0200,16553320-5c3e-4a08-95db-080ced308e52,2026-08-08T23:45:00Z,2026-08-09T01:45:00+0200,16408.533,MW,DE,DE_LU,actual_onshore_wind_generation,Wind Onshore,2026-08-25T03:38:09Z
2026-08-25T03:35:04Z,2026-08-25T05:35:04+0200,16553320-5c3e-4a08-95db-080ced308e52,2026-08-09T00:00:00Z,2026-08-09T02:00:00+0200,16217.826,MW,DE,DE_LU,actual_onshore_wind_generation,Wind Onshore,2026-08-25T03:38:09Z
2026-08-25T03:35:04Z,2026-08-25T05:35:04+0200,16553320-5c3e-4a08-95db-080ced308e52,2026-08-09T00:15:00Z,2026-08-09T02:15:00+0200,16076.008,MW,DE,DE_LU,actual_onshore_wind_generation,Wind Onshore,2026-08-25T03:38:09Z
2026-08-25T03:35:04Z,2026-08-25T05:35:04+0200,16553320-5c3e-4a08-95db-080ced308e52,2026-08-09T00:30:00Z,2026-08-09T02:30:00+0200,15885.232,MW,DE,DE_LU,actual_onshore_wind_generation,Wind Onshore,2026-08-25T03:38:09Z
2026-08-25T03:35:04Z,2026-08-25T05:35:04+0200,16553320-5c3e-4a08-95db-080ced308e52,2026-08-09T00:45:00Z,2026-08-09T02:45:00+0200,15685.749,MW,DE,DE_LU,actual_onshore_wind_generation,Wind Onshore,2026-08-25T03:38:09Z
2026-08-25T03:35:04Z,2026-08-25T05:35:04+0200,16553320-5c3e-4a08-95db-080ced308e52,2026-08-09T01:00:00Z,2026-08-09T03:00:00+0200,15649.38,MW,DE,DE_LU,actual_onshore_wind_generation,Wind Onshore,2026-08-25T03:38:09Z
2026-08-25T03:35:04Z,2026-08-25T05:35:04+0200,16553320-5c3e-4a08-95db-080ced308e52,2026-08-09T01:15:00Z,2026-08-09T03:15:00+0200,15530.707,MW,DE,DE_LU,actual_onshore_wind_generation,Wind Onshore,2026-08-25T03:38:09Z
2026-08-25T03:35:04Z,2026-08-25T05:35:04+0200,16553320-5c3e-4a08-95db-080ced308e52,2026-08-09T01:30:00Z,2026-08-09T03:30:00+0200,15196.145,MW,DE,DE_LU,actual_onshore_wind_generation,Wind Onshore,2026-08-25T03:38:09Z
2026-08-25T03:35:04Z,2026-08-25T05:35:04+0200,16553320-5c3e-4a08-95db-080ced308e52,2026-08-09T01:45:00Z,2026-08-09T03:45:00+0200,15004.055,MW,DE,DE_LU,actual_onshore_wind_generation,Wind Onshore,2026-08-25T03:38:09Z
2026-08-25T03:35:04Z,2026-08-25T05:35:04+0200,16553320-5c3e-4a08-95db-080ced308e52,2026-08-09T02:00:00Z,2026-08-09T04:00:00+0200,14847.17,MW,DE,DE_LU,actual_onshore_wind_generation,Wind Onshore,2026-08-25T03:38:09Z
2026-08-25T03:35:04Z,2026-08-25T05:35:04+0200,16553320-5c3e-4a08-95db-080ced308e52,2026-08-09T02:15:00Z,2026-08-09T04:15:00+0200,14574.555,MW,DE,DE_LU,actual_onshore_wind_generation,Wind Onshore,2026-08-25T03:38:09Z
2026-08-25T03:35:04Z,2026-08-25T05:35:04+0200,16553320-5c3e-4a08-95db-080ced308e52,2026-08-09T02:30:00Z,2026-08-09T04:30:00+0200,14356.372,MW,DE,DE_LU,actual_onshore_wind_generation,Wind Onshore,2026-08-25T03:38:09Z
2026-08-25T03:35:04Z,2026-08-25T05:35:04+0200,16553320-5c3e-4a08-95db-080ced308e52,2026-08-09T02:45:00Z,2026-08-09T04:45:00+0200,14142.953,MW,DE,DE_LU,actual_onshore_wind_generation,Wind Onshore,2026-08-25T03:38:09Z
2026-08-25T03:35:04Z,2026-08-25T05:35:04+0200,16553320-5c3e-4a08-95db-080ced308e52,2026-08-09T03:00:00Z,2026-08-09T05:00:00+0200,13965.375,MW,DE,DE_LU,actual_onshore_wind_generation,Wind Onshore,2026-08-25T03:38:09Z
2026-08-25T03:35:04Z,2026-08-25T05:35:04+0200,16553320-5c3e-4a08-95db-080ced308e52,2026-08-09T03:15:00Z,2026-08-09T05:15:00+0200,13929.453,MW,DE,DE_LU,actual_onshore_wind_generation,Wind Onshore,2026-08-25T03:38:09Z
2026-08-25T03:35:04Z,2026-08-25T05:35:04+0200,16553320-5c3e-4a08-95db-080ced308e52,2026-08-09T03:30:00Z,2026-08-09T05:30:00+0200,13756.883,MW,DE,DE_LU,actual_onshore_wind_generation,Wind Onshore,2026-08-25T03:38:09Z
2026-08-25T03:35:04Z,2026-08-25T05:35:04+0200,16553320-5c3e-4a08-95db-080ced308e52,2026-08-09T03:45:00Z,2026-08-09T05:45:00+0200,13675.887,MW,DE,DE_LU,actual_onshore_wind_generation,Wind Onshore,2026-08-25T03:38:09Z
2026-08-25T03:35:04Z,2026-08-25T05:35:04+0200,16553320-5c3e-4a08-95db-080ced308e52,2026-08-09T04:00:00Z,2026-08-09T06:00:00+0200,13930.528,MW,DE,DE_LU,actual_onshore_wind_generation,Wind Onshore,2026-08-25T03:38:09Z
2026-08-25T03:35:04Z,2026-08-25T05:35:04+0200,16553320-5c3e-4a08-95db-080ced308e52,2026-08-09T04:15:00Z,2026-08-09T06:15:00+0200,13427.204,MW,DE,DE_LU,actual_onshore_wind_generation,Wind Onshore,2026-08-25T03:38:09Z
2026-08-25T03:35:04Z,2026-08-25T05:35:04+0200,16553320-5c3e-4a08-95db-080ced308e52,2026-08-09T04:30:00Z,2026-08-09T06:30:00+0200,12840.375,MW,DE,DE_LU,actual_onshore_wind_generation,Wind Onshore,2026-08-25T03:38:09Z
2026-08-25T03:35:04Z,2026-08-25T05:35:04+0200,16553320-5c3e-4a08-95db-080ced308e52,2026-08-09T04:45:00Z,2026-08-09T06:45:00+0200,12421.904,MW,DE,DE_LU,actual_onshore_wind_generation,Wind Onshore,2026-08-25T03:38:09Z
2026-08-25T03:35:04Z,2026-08-25T05:35:04+0200,16553320-5c3e-4a08-95db-080ced308e52,2026-08-09T05:00:00Z,2026-08-09T07:00:00+0200,12017.956,MW,DE,DE_LU,actual_onshore_wind_generation,Wind Onshore,2026-08-25T03:38:09Z
2026-08-25T03:35:04Z,2026-08-25T05:35:04+0200,16553320-5c3e-4a08-95db-080ced308e52,2026-08-09T05:15:00Z,2026-08-09T07:15:00+0200,11332.634,MW,DE,DE_LU,actual_onshore_wind_generation,Wind Onshore,2026-08-25T03:38:09Z
2026-08-25T03:35:04Z,2026-08-25T05:35:04+0200,16553320-5c3e-4a08-95db-080ced308e52,2026-08-09T05:30:00Z,2026-08-09T07:30:00+0200,10517.125,MW,DE,DE_LU,actual_onshore_wind_generation,Wind Onshore,2026-08-25T03:38:09Z
2026-08-25T03:35:04Z,2026-08-25T05:35:04+0200,16553320-5c3e-4a08-95db-080ced308e52,2026-08-09T05:45:00Z,2026-08-09T07:45:00+0200,9466.843,MW,DE,DE_LU,actual_onshore_wind_generation,Wind Onshore,2026-08-25T03:38:09Z
2026-08-25T03:35:04Z,2026-08-25T05:35:04+0200,16553320-5c3e-4a08-95db-080ced308e52,2026-08-09T06:00:00Z,2026-08-09T08:00:00+0200,8114.227,MW,DE,DE_LU,actual_onshore_wind_generation,Wind Onshore,2026-08-25T03:38:09Z
2026-08-25T03:35:04Z,2026-08-25T05:35:04+0200,16553320-5c3e-4a08-95db-080ced308e52,2026-08-09T06:15:00Z,2026-08-09T08:15:00+0200,6665.722,MW,DE,DE_LU,actual_onshore_wind_generation,Wind Onshore,2026-08-25T03:38:09Z
2026-08-25T03:35:04Z,2026-08-25T05:35:04+0200,16553320-5c3e-4a08-95db-080ced308e52,2026-08-09T06:30:00Z,2026-08-09T08:30:00+0200,5447.737,MW,DE,DE_LU,actual_onshore_wind_generation,Wind Onshore,2026-08-25T03:38:09Z
2026-08-25T03:35:04Z,2026-08-25T05:35:04+0200,16553320-5c3e-4a08-95db-080ced308e52,2026-08-09T06:45:00Z,2026-08-09T08:45:00+0200,4383.267,MW,DE,DE_LU,actual_onshore_wind_generation,Wind Onshore,2026-08-25T03:38:09Z
2026-08-25T03:35:04Z,2026-08-25T05:35:04+0200,16553320-5c3e-4a08-95db-080ced308e52,2026-08-09T07:00:00Z,2026-08-09T09:00:00+0200,3708.774,MW,DE,DE_LU,actual_onshore_wind_generation,Wind Onshore,2026-08-25T03:38:09Z
2026-08-25T03:35:04Z,2026-08-25T05:35:04+0200,16553320-5c3e-4a08-95db-080ced308e52,2026-08-09T07:15:00Z,2026-08-09T09:15:00+0200,3164.425,MW,DE,DE_LU,actual_onshore_wind_generation,Wind Onshore,2026-08-25T03:38:09Z
2026-08-25T03:35:04Z,2026-08-25T05:35:04+0200,16553320-5c3e-4a08-95db-080ced308e52,2026-08-09T07:30:00Z,2026-08-09T09:30:00+0200,2770.714,MW,DE,DE_LU,actual_onshore_wind_generation,Wind Onshore,2026-08-25T03:38:09Z
2026-08-25T03:35:04Z,2026-08-25T05:35:04+0200,16553320-5c3e-4a08-95db-080ced308e52,2026-08-09T07:45:00Z,2026-08-09T09:45:00+0200,2434.567,MW,DE,DE_LU,actual_onshore_wind_generation,Wind Onshore,2026-08-25T03:38:09Z
2026-08-25T03:35:04Z,2026-08-25T05:35:04+0200,16553320-5c3e-4a08-95db-080ced308e52,2026-08-09T08:00:00Z,2026-08-09T10:00:00+0200,2250.919,MW,DE,DE_LU,actual_onshore_wind_generation,Wind Onshore,2026-08-25T03:38:09Z
2026-08-25T03:35:04Z,2026-08-25T05:35:04+0200,16553320-5c3e-4a08-95db-080ced308e52,2026-08-09T08:15:00Z,2026-08-09T10:15:00+0200,1950.097,MW,DE,DE_LU,actual_onshore_wind_generation,Wind Onshore,2026-08-25T03:38:09Z
2026-08-25T03:35:04Z,2026-08-25T05:35:04+0200,16553320-5c3e-4a08-95db-080ced308e52,2026-08-09T08:30:00Z,2026-08-09T10:30:00+0200,1784.009,MW,DE,DE_LU,actual_onshore_wind_generation,Wind Onshore,2026-08-25T03:38:09Z
2026-08-25T03:35:04Z,2026-08-25T05:35:04+0200,16553320-5c3e-4a08-95db-080ced308e52,2026-08-09T08:45:00Z,2026-08-09T10:45:00+0200,1748.294,MW,DE,DE_LU,actual_onshore_wind_generation,Wind Onshore,2026-08-25T03:38:09Z
2026-08-25T03:35:04Z,2026-08-25T05:35:04+0200,16553320-5c3e-4a08-95db-080ced308e52,2026-08-09T09:00:00Z,2026-08-09T11:00:00+0200,1684.593,MW,DE,DE_LU,actual_onshore_wind_generation,Wind Onshore,2026-08-25T03:38:09Z
2026-08-25T03:35:04Z,2026-08-25T05:35:04+0200,16553320-5c3e-4a08-95db-080ced308e52,2026-08-09T09:15:00Z,2026-08-09T11:15:00+0200,1719.129,MW,DE,DE_LU,actual_onshore_wind_generation,Wind Onshore,2026-08-25T03:38:09Z
2026-08-25T03:35:04Z,2026-08-25T05:35:04+0200,16553320-5c3e-4a08-95db-080ced308e52,2026-08-09T09:30:00Z,2026-08-09T11:30:00+0200,1781.036,MW,DE,DE_LU,actual_onshore_wind_generation,Wind Onshore,2026-08-25T03:38:09Z
2026-08-25T03:35:04Z,2026-08-25T05:35:04+0200,16553320-5c3e-4a08-95db-080ced308e52,2026-08-09T09:45:00Z,2026-08-09T11:45:00+0200,1825.219,MW,DE,DE_LU,actual_onshore_wind_generation,Wind Onshore,2026-08-25T03:38:09Z
2026-08-25T03:35:04Z,2026-08-25T05:35:04+0200,16553320-5c3e-4a08-95db-080ced308e52,2026-08-09T10:00:00Z,2026-08-09T12:00:00+0200,1767.307,MW,DE,DE_LU,actual_onshore_wind_generation,Wind Onshore,2026-08-25T03:38:09Z
2026-08-25T03:35:04Z,2026-08-25T05:35:04+0200,16553320-5c3e-4a08-95db-080ced308e52,2026-08-09T10:15:00Z,2026-08-09T12:15:00+0200,1765.841,MW,DE,DE_LU,actual_onshore_wind_generation,Wind Onshore,2026-08-25T03:38:09Z
2026-08-25T03:35:04Z,2026-08-25T05:35:04+0200,16553320-5c3e-4a08-95db-080ced308e52,2026-08-09T10:30:00Z,2026-08-09T12:30:00+0200,1954.727,MW,DE,DE_LU,actual_onshore_wind_generation,Wind Onshore,2026-08-25T03:38:09Z
2026-08-25T03:35:04Z,2026-08-25T05:35:04+0200,16553320-5c3e-4a08-95db-080ced308e52,2026-08-09T10:45:00Z,2026-08-09T12:45:00+0200,2165.458,MW,DE,DE_LU,actual_onshore_wind_generation,Wind Onshore,2026-08-25T03:38:09Z
2026-08-25T03:35:04Z,2026-08-25T05:35:04+0200,16553320-5c3e-4a08-95db-080ced308e52,2026-08-09T11:00:00Z,2026-08-09T13:00:00+0200,2294.918,MW,DE,DE_LU,actual_onshore_wind_generation,Wind Onshore,2026-08-25T03:38:09Z
2026-08-25T03:35:04Z,2026-08-25T05:35:04+0200,16553320-5c3e-4a08-95db-080ced308e52,2026-08-09T11:15:00Z,2026-08-09T13:15:00+0200,2277.294,MW,DE,DE_LU,actual_onshore_wind_generation,Wind Onshore,2026-08-25T03:38:09Z
2026-08-25T03:35:04Z,2026-08-25T05:35:04+0200,16553320-5c3e-4a08-95db-080ced308e52,2026-08-09T11:30:00Z,2026-08-09T13:30:00+0200,2441.969,MW,DE,DE_LU,actual_onshore_wind_generation,Wind Onshore,2026-08-25T03:38:09Z
2026-08-25T03:35:04Z,2026-08-25T05:35:04+0200,16553320-5c3e-4a08-95db-080ced308e52,2026-08-09T11:45:00Z,2026-08-09T13:45:00+0200,2820.796,MW,DE,DE_LU,actual_onshore_wind_generation,Wind Onshore,2026-08-25T03:38:09Z
2026-08-25T03:35:04Z,2026-08-25T05:35:04+0200,16553320-5c3e-4a08-95db-080ced308e52,2026-08-09T12:00:00Z,2026-08-09T14:00:00+0200,3617.332,MW,DE,DE_LU,actual_onshore_wind_generation,Wind Onshore,2026-08-25T03:38:09Z
2026-08-25T03:35:04Z,2026-08-25T05:35:04+0200,16553320-5c3e-4a08-95db-080ced308e52,2026-08-09T12:15:00Z,2026-08-09T14:15:00+0200,4201.0,MW,DE,DE_LU,actual_onshore_wind_generation,Wind Onshore,2026-08-25T03:38:09Z
2026-08-25T03:35:04Z,2026-08-25T05:35:04+0200,16553320-5c3e-4a08-95db-080ced308e52,2026-08-09T12:30:00Z,2026-08-09T14:30:00+0200,4693.137,MW,DE,DE_LU,actual_onshore_wind_generation,Wind Onshore,2026-08-25T03:38:09Z
2026-08-25T03:35:04Z,2026-08-25T05:35:04+0200,16553320-5c3e-4a08-95db-080ced308e52,2026-08-09T12:45:00Z,2026-08-09T14:45:00+0200,5503.011,MW,DE,DE_LU,actual_onshore_wind_generation,Wind Onshore,2026-08-25T03:38:09Z
2026-08-25T03:35:04Z,2026-08-25T05:35:04+0200,16553320-5c3e-4a08-95db-080ced308e52,2026-08-09T13:00:00Z,2026-08-09T15:00:00+0200,6628.719,MW,DE,DE_LU,actual_onshore_wind_generation,Wind Onshore,2026-08-25T03:38:09Z
2026-08-25T03:35:04Z,2026-08-25T05:35:04+0200,16553320-5c3e-4a08-95db-080ced308e52,2026-08-09T13:15:00Z,2026-08-09T15:15:00+0200,7261.817,MW,DE,DE_LU,actual_onshore_wind_generation,Wind Onshore,2026-08-25T03:38:09Z
2026-08-25T03:35:04Z,2026-08-25T05:35:04+0200,16553320-5c3e-4a08-95db-080ced308e52,2026-08-09T13:30:00Z,2026-08-09T15:30:00+0200,7624.593,MW,DE,DE_LU,actual_onshore_wind_generation,Wind Onshore,2026-08-25T03:38:09Z
2026-08-25T03:35:04Z,2026-08-25T05:35:04+0200,16553320-5c3e-4a08-95db-080ced308e52,2026-08-09T13:45:00Z,2026-08-09T15:45:00+0200,7745.128,MW,DE,DE_LU,actual_onshore_wind_generation,Wind Onshore,2026-08-25T03:38:09Z
2026-08-25T03:35:04Z,2026-08-25T05:35:04+0200,16553320-5c3e-4a08-95db-080ced308e52,2026-08-09T14:00:00Z,2026-08-09T16:00:00+0200,8425.731,MW,DE,DE_LU,actual_onshore_wind_generation,Wind Onshore,2026-08-25T03:38:09Z
2026-08-25T03:35:04Z,2026-08-25T05:35:04+0200,16553320-5c3e-4a08-95db-080ced308e52,2026-08-09T14:15:00Z,2026-08-09T16:15:00+0200,8838.932,MW,DE,DE_LU,actual_onshore_wind_generation,Wind Onshore,2026-08-25T03:38:09Z
2026-08-25T03:35:04Z,2026-08-25T05:35:04+0200,16553320-5c3e-4a08-95db-080ced308e52,2026-08-09T14:30:00Z,2026-08-09T16:30:00+0200,9338.726,MW,DE,DE_LU,actual_onshore_wind_generation,Wind Onshore,2026-08-25T03:38:09Z
2026-08-25T03:35:04Z,2026-08-25T05:35:04+0200,16553320-5c3e-4a08-95db-080ced308e52,2026-08-09T14:45:00Z,2026-08-09T16:45:00+0200,9726.319,MW,DE,DE_LU,actual_onshore_wind_generation,Wind Onshore,2026-08-25T03:38:09Z
2026-08-25T03:35:04Z,2026-08-25T05:35:04+0200,16553320-5c3e-4a08-95db-080ced308e52,2026-08-09T15:00:00Z,2026-08-09T17:00:00+0200,9784.702,MW,DE,DE_LU,actual_onshore_wind_generation,Wind Onshore,2026-08-25T03:38:09Z
2026-08-25T03:35:04Z,2026-08-25T05:35:04+0200,16553320-5c3e-4a08-95db-080ced308e52,2026-08-09T15:15:00Z,2026-08-09T17:15:00+0200,9937.861,MW,DE,DE_LU,actual_onshore_wind_generation,Wind Onshore,2026-08-25T03:38:09Z
2026-08-25T03:35:04Z,2026-08-25T05:35:04+0200,16553320-5c3e-4a08-95db-080ced308e52,2026-08-09T15:30:00Z,2026-08-09T17:30:00+0200,9678.186,MW,DE,DE_LU,actual_onshore_wind_generation,Wind Onshore,2026-08-25T03:38:09Z
2026-08-25T03:35:04Z,2026-08-25T05:35:04+0200,16553320-5c3e-4a08-95db-080ced308e52,2026-08-09T15:45:00Z,2026-08-09T17:45:00+0200,9316.738,MW,DE,DE_LU,actual_onshore_wind_generation,Wind Onshore,2026-08-25T03:38:09Z
2026-08-25T03:35:04Z,2026-08-25T05:35:04+0200,16553320-5c3e-4a08-95db-080ced308e52,2026-08-09T16:00:00Z,2026-08-09T18:00:00+0200,9130.079,MW,DE,DE_LU,actual_onshore_wind_generation,Wind Onshore,2026-08-25T03:38:09Z
2026-08-25T03:35:04Z,2026-08-25T05:35:04+0200,16553320-5c3e-4a08-95db-080ced308e52,2026-08-09T16:15:00Z,2026-08-09T18:15:00+0200,8766.85,MW,DE,DE_LU,actual_onshore_wind_generation,Wind Onshore,2026-08-25T03:38:09Z
2026-08-25T03:35:04Z,2026-08-25T05:35:04+0200,16553320-5c3e-4a08-95db-080ced308e52,2026-08-09T16:30:00Z,2026-08-09T18:30:00+0200,8174.026,MW,DE,DE_LU,actual_onshore_wind_generation,Wind Onshore,2026-08-25T03:38:09Z
2026-08-25T03:35:04Z,2026-08-25T05:35:04+0200,16553320-5c3e-4a08-95db-080ced308e52,2026-08-09T16:45:00Z,2026-08-09T18:45:00+0200,7505.522,MW,DE,DE_LU,actual_onshore_wind_generation,Wind Onshore,2026-08-25T03:38:09Z
2026-08-25T03:35:04Z,2026-08-25T05:35:04+0200,16553320-5c3e-4a08-95db-080ced308e52,2026-08-09T17:00:00Z,2026-08-09T19:00:00+0200,6987.866,MW,DE,DE_LU,actual_onshore_wind_generation,Wind Onshore,2026-08-25T03:38:09Z
2026-08-25T03:35:04Z,2026-08-25T05:35:04+0200,16553320-5c3e-4a08-95db-080ced308e52,2026-08-09T17:15:00Z,2026-08-09T19:15:00+0200,6443.41,MW,DE,DE_LU,actual_onshore_wind_generation,Wind Onshore,2026-08-25T03:38:09Z
2026-08-25T03:35:04Z,2026-08-25T05:35:04+0200,16553320-5c3e-4a08-95db-080ced308e52,2026-08-09T17:30:00Z,2026-08-09T19:30:00+0200,6102.605,MW,DE,DE_LU,actual_onshore_wind_generation,Wind Onshore,2026-08-25T03:38:09Z
2026-08-25T03:35:04Z,2026-08-25T05:35:04+0200,16553320-5c3e-4a08-95db-080ced308e52,2026-08-09T17:45:00Z,2026-08-09T19:45:00+0200,5638.473,MW,DE,DE_LU,actual_onshore_wind_generation,Wind Onshore,2026-08-25T03:38:09Z
2026-08-25T03:35:04Z,2026-08-25T05:35:04+0200,16553320-5c3e-4a08-95db-080ced308e52,2026-08-09T18:00:00Z,2026-08-09T20:00:00+0200,5398.101,MW,DE,DE_LU,actual_onshore_wind_generation,Wind Onshore,2026-08-25T03:38:09Z
2026-08-25T03:35:04Z,2026-08-25T05:35:04+0200,16553320-5c3e-4a08-95db-080ced308e52,2026-08-09T18:15:00Z,2026-08-09T20:15:00+0200,5479.859,MW,DE,DE_LU,actual_onshore_wind_generation,Wind Onshore,2026-08-25T03:38:09Z
2026-08-25T03:35:04Z,2026-08-25T05:35:04+0200,16553320-5c3e-4a08-95db-080ced308e52,2026-08-09T18:30:00Z,2026-08-09T20:30:00+0200,5623.272,MW,DE,DE_LU,actual_onshore_wind_generation,Wind Onshore,2026-08-25T03:38:09Z
2026-08-25T03:35:04Z,2026-08-25T05:35:04+0200,16553320-5c3e-4a08-95db-080ced308e52,2026-08-09T18:45:00Z,2026-08-09T20:45:00+0200,5804.144,MW,DE,DE_LU,actual_onshore_wind_generation,Wind Onshore,2026-08-25T03:38:09Z
2026-08-25T03:35:04Z,2026-08-25T05:35:04+0200,16553320-5c3e-4a08-95db-080ced308e52,2026-08-09T19:00:00Z,2026-08-09T21:00:00+0200,5729.952,MW,DE,DE_LU,actual_onshore_wind_generation,Wind Onshore,2026-08-25T03:38:09Z
2026-08-25T03:35:04Z,2026-08-25T05:35:04+0200,16553320-5c3e-4a08-95db-080ced308e52,2026-08-09T19:15:00Z,2026-08-09T21:15:00+0200,6098.227,MW,DE,DE_LU,actual_onshore_wind_generation,Wind Onshore,2026-08-25T03:38:09Z
2026-08-25T03:35:04Z,2026-08-25T05:35:04+0200,16553320-5c3e-4a08-95db-080ced308e52,2026-08-09T19:30:00Z,2026-08-09T21:30:00+0200,6713.786,MW,DE,DE_LU,actual_onshore_wind_generation,Wind Onshore,2026-08-25T03:38:09Z
2026-08-25T03:35:04Z,2026-08-25T05:35:04+0200,16553320-5c3e-4a08-95db-080ced308e52,2026-08-09T19:45:00Z,2026-08-09T21:45:00+0200,7184.277,MW,DE,DE_LU,actual_onshore_wind_generation,Wind Onshore,2026-08-25T03:38:09Z
2026-08-25T03:35:04Z,2026-08-25T05:35:04+0200,16553320-5c3e-4a08-95db-080ced308e52,2026-08-09T20:00:00Z,2026-08-09T22:00:00+0200,7364.389,MW,DE,DE_LU,actual_onshore_wind_generation,Wind Onshore,2026-08-25T03:38:09Z
2026-08-25T03:35:04Z,2026-08-25T05:35:04+0200,16553320-5c3e-4a08-95db-080ced308e52,2026-08-09T20:15:00Z,2026-08-09T22:15:00+0200,7585.508,MW,DE,DE_LU,actual_onshore_wind_generation,Wind Onshore,2026-08-25T03:38:09Z
2026-08-25T03:35:04Z,2026-08-25T05:35:04+0200,16553320-5c3e-4a08-95db-080ced308e52,2026-08-09T20:30:00Z,2026-08-09T22:30:00+0200,7747.723,MW,DE,DE_LU,actual_onshore_wind_generation,Wind Onshore,2026-08-25T03:38:09Z
2026-08-25T03:35:04Z,2026-08-25T05:35:04+0200,16553320-5c3e-4a08-95db-080ced308e52,2026-08-09T20:45:00Z,2026-08-09T22:45:00+0200,7813.962,MW,DE,DE_LU,actual_onshore_wind_generation,Wind Onshore,2026-08-25T03:38:09Z
2026-08-25T03:35:04Z,2026-08-25T05:35:04+0200,16553320-5c3e-4a08-95db-080ced308e52,2026-08-09T21:00:00Z,2026-08-09T23:00:00+0200,7603.193,MW,DE,DE_LU,actual_onshore_wind_generation,Wind Onshore,2026-08-25T03:38:09Z
2026-08-25T03:35:04Z,2026-08-25T05:35:04+0200,16553320-5c3e-4a08-95db-080ced308e52,2026-08-09T21:15:00Z,2026-08-09T23:15:00+0200,7584.163,MW,DE,DE_LU,actual_onshore_wind_generation,Wind Onshore,2026-08-25T03:38:09Z
2026-08-25T03:35:04Z,2026-08-25T05:35:04+0200,16553320-5c3e-4a08-95db-080ced308e52,2026-08-09T21:30:00Z,2026-08-09T23:30:00+0200,7620.227,MW,DE,DE_LU,actual_onshore_wind_generation,Wind Onshore,2026-08-25T03:38:09Z
2026-08-25T03:35:04Z,2026-08-25T05:35:04+0200,16553320-5c3e-4a08-95db-080ced308e52,2026-08-09T21:45:00Z,2026-08-09T23:45:00+0200,7609.693,MW,DE,DE_LU,actual_onshore_wind_generation,Wind Onshore,2026-08-25T03:38:09Z
2026-08-25T03:35:04Z,2026-08-25T05:35:04+0200,16553320-5c3e-4a08-95db-080ced308e52,2026-08-09T22:00:00Z,2026-08-10T00:00:00+0200,7622.01405,MW,DE,DE_LU,actual_onshore_wind_generation,Wind Onshore,2026-08-25T03:38:09Z
2026-08-25T03:35:04Z,2026-08-25T05:35:04+0200,16553320-5c3e-4a08-95db-080ced308e52,2026-08-09T22:15:00Z,2026-08-10T00:15:00+0200,7768.49311,MW,DE,DE_LU,actual_onshore_wind_generation,Wind Onshore,2026-08-25T03:38:09Z
2026-08-25T03:35:04Z,2026-08-25T05:35:04+0200,16553320-5c3e-4a08-95db-080ced308e52,2026-08-09T22:30:00Z,2026-08-10T00:30:00+0200,7849.86297,MW,DE,DE_LU,actual_onshore_wind_generation,Wind Onshore,2026-08-25T03:38:09Z
2026-08-25T03:35:04Z,2026-08-25T05:35:04+0200,16553320-5c3e-4a08-95db-080ced308e52,2026-08-09T22:45:00Z,2026-08-10T00:45:00+0200,7982.80384,MW,DE,DE_LU,actual_onshore_wind_generation,Wind Onshore,2026-08-25T03:38:09Z
2026-08-25T03:35:04Z,2026-08-25T05:35:04+0200,16553320-5c3e-4a08-95db-080ced308e52,2026-08-09T23:00:00Z,2026-08-10T01:00:00+0200,8032.28514,MW,DE,DE_LU,actual_onshore_wind_generation,Wind Onshore,2026-08-25T03:38:09Z
2026-08-25T03:35:04Z,2026-08-25T05:35:04+0200,16553320-5c3e-4a08-95db-080ced308e52,2026-08-09T23:15:00Z,2026-08-10T01:15:00+0200,8097.28757,MW,DE,DE_LU,actual_onshore_wind_generation,Wind Onshore,2026-08-25T03:38:09Z
2026-08-25T03:35:04Z,2026-08-25T05:35:04+0200,16553320-5c3e-4a08-95db-080ced308e52,2026-08-09T23:30:00Z,2026-08-10T01:30:00+0200,7988.49108,MW,DE,DE_LU,actual_onshore_wind_generation,Wind Onshore,2026-08-25T03:38:09Z
2026-08-25T03:35:04Z,2026-08-25T05:35:04+0200,16553320-5c3e-4a08-95db-080ced308e52,2026-08-09T23:45:00Z,2026-08-10T01:45:00+0200,7597.44919,MW,DE,DE_LU,actual_onshore_wind_generation,Wind Onshore,2026-08-25T03:38:09Z
2026-08-25T03:35:04Z,2026-08-25T05:35:04+0200,16553320-5c3e-4a08-95db-080ced308e52,2026-08-10T00:00:00Z,2026-08-10T02:00:00+0200,7508.82172,MW,DE,DE_LU,actual_onshore_wind_generation,Wind Onshore,2026-08-25T03:38:09Z
2026-08-25T03:35:04Z,2026-08-25T05:35:04+0200,16553320-5c3e-4a08-95db-080ced308e52,2026-08-10T00:15:00Z,2026-08-10T02:15:00+0200,7387.08267,MW,DE,DE_LU,actual_onshore_wind_generation,Wind Onshore,2026-08-25T03:38:09Z
2026-08-25T03:35:04Z,2026-08-25T05:35:04+0200,16553320-5c3e-4a08-95db-080ced308e52,2026-08-10T00:30:00Z,2026-08-10T02:30:00+0200,7111.79863,MW,DE,DE_LU,actual_onshore_wind_generation,Wind Onshore,2026-08-25T03:38:09Z
2026-08-25T03:35:04Z,2026-08-25T05:35:04+0200,16553320-5c3e-4a08-95db-080ced308e52,2026-08-10T00:45:00Z,2026-08-10T02:45:00+0200,7014.78874,MW,DE,DE_LU,actual_onshore_wind_generation,Wind Onshore,2026-08-25T03:38:09Z
2026-08-25T03:35:04Z,2026-08-25T05:35:04+0200,16553320-5c3e-4a08-95db-080ced308e52,2026-08-10T01:00:00Z,2026-08-10T03:00:00+0200,6912.44418,MW,DE,DE_LU,actual_onshore_wind_generation,Wind Onshore,2026-08-25T03:38:09Z
2026-08-25T03:35:04Z,2026-08-25T05:35:04+0200,16553320-5c3e-4a08-95db-080ced308e52,2026-08-10T01:15:00Z,2026-08-10T03:15:00+0200,6873.21594,MW,DE,DE_LU,actual_onshore_wind_generation,Wind Onshore,2026-08-25T03:38:09Z
2026-08-25T03:35:04Z,2026-08-25T05:35:04+0200,16553320-5c3e-4a08-95db-080ced308e52,2026-08-10T01:30:00Z,2026-08-10T03:30:00+0200,6945.72854,MW,DE,DE_LU,actual_onshore_wind_generation,Wind Onshore,2026-08-25T03:38:09Z
2026-08-25T03:35:04Z,2026-08-25T05:35:04+0200,16553320-5c3e-4a08-95db-080ced308e52,2026-08-10T01:45:00Z,2026-08-10T03:45:00+0200,6734.44832,MW,DE,DE_LU,actual_onshore_wind_generation,Wind Onshore,2026-08-25T03:38:09Z
2026-08-25T03:35:04Z,2026-08-25T05:35:04+0200,16553320-5c3e-4a08-95db-080ced308e52,2026-08-10T02:00:00Z,2026-08-10T04:00:00+0200,6351.67572,MW,DE,DE_LU,actual_onshore_wind_generation,Wind Onshore,2026-08-25T03:38:09Z
2026-08-25T03:35:04Z,2026-08-25T05:35:04+0200,16553320-5c3e-4a08-95db-080ced308e52,2026-08-10T02:15:00Z,2026-08-10T04:15:00+0200,6404.04863,MW,DE,DE_LU,actual_onshore_wind_generation,Wind Onshore,2026-08-25T03:38:09Z
2026-08-25T03:35:04Z,2026-08-25T05:35:04+0200,16553320-5c3e-4a08-95db-080ced308e52,2026-08-10T02:30:00Z,2026-08-10T04:30:00+0200,6523.89577,MW,DE,DE_LU,actual_onshore_wind_generation,Wind Onshore,2026-08-25T03:38:09Z
2026-08-25T03:35:04Z,2026-08-25T05:35:04+0200,16553320-5c3e-4a08-95db-080ced308e52,2026-08-10T02:45:00Z,2026-08-10T04:45:00+0200,6647.85346,MW,DE,DE_LU,actual_onshore_wind_generation,Wind Onshore,2026-08-25T03:38:09Z
2026-08-25T03:35:04Z,2026-08-25T05:35:04+0200,16553320-5c3e-4a08-95db-080ced308e52,2026-08-10T03:00:00Z,2026-08-10T05:00:00+0200,6716.97855,MW,DE,DE_LU,actual_onshore_wind_generation,Wind Onshore,2026-08-25T03:38:09Z
2026-08-25T03:35:04Z,2026-08-25T05:35:04+0200,16553320-5c3e-4a08-95db-080ced308e52,2026-08-10T03:15:00Z,2026-08-10T05:15:00+0200,6986.17162,MW,DE,DE_LU,actual_onshore_wind_generation,Wind Onshore,2026-08-25T03:38:09Z
2026-08-25T03:35:04Z,2026-08-25T05:35:04+0200,16553320-5c3e-4a08-95db-080ced308e52,2026-08-10T03:30:00Z,2026-08-10T05:30:00+0200,7162.08991,MW,DE,DE_LU,actual_onshore_wind_generation,Wind Onshore,2026-08-25T03:38:09Z
2026-08-25T03:35:04Z,2026-08-25T05:35:04+0200,16553320-5c3e-4a08-95db-080ced308e52,2026-08-10T03:45:00Z,2026-08-10T05:45:00+0200,7638.11859,MW,DE,DE_LU,actual_onshore_wind_generation,Wind Onshore,2026-08-25T03:38:09Z
2026-08-25T03:35:04Z,2026-08-25T05:35:04+0200,16553320-5c3e-4a08-95db-080ced308e52,2026-08-10T04:00:00Z,2026-08-10T06:00:00+0200,8374.61981,MW,DE,DE_LU,actual_onshore_wind_generation,Wind Onshore,2026-08-25T03:38:09Z
2026-08-25T03:35:04Z,2026-08-25T05:35:04+0200,16553320-5c3e-4a08-95db-080ced308e52,2026-08-10T04:15:00Z,2026-08-10T06:15:00+0200,8639.27178,MW,DE,DE_LU,actual_onshore_wind_generation,Wind Onshore,2026-08-25T03:38:09Z
2026-08-25T03:35:04Z,2026-08-25T05:35:04+0200,16553320-5c3e-4a08-95db-080ced308e52,2026-08-10T04:30:00Z,2026-08-10T06:30:00+0200,8580.20847,MW,DE,DE_LU,actual_onshore_wind_generation,Wind Onshore,2026-08-25T03:38:09Z
2026-08-25T03:35:04Z,2026-08-25T05:35:04+0200,16553320-5c3e-4a08-95db-080ced308e52,2026-08-10T04:45:00Z,2026-08-10T06:45:00+0200,8321.16688,MW,DE,DE_LU,actual_onshore_wind_generation,Wind Onshore,2026-08-25T03:38:09Z
2026-08-25T03:35:04Z,2026-08-25T05:35:04+0200,16553320-5c3e-4a08-95db-080ced308e52,2026-08-10T05:00:00Z,2026-08-10T07:00:00+0200,8498.32168,MW,DE,DE_LU,actual_onshore_wind_generation,Wind Onshore,2026-08-25T03:38:09Z
2026-08-25T03:35:04Z,2026-08-25T05:35:04+0200,16553320-5c3e-4a08-95db-080ced308e52,2026-08-10T05:15:00Z,2026-08-10T07:15:00+0200,8720.13127,MW,DE,DE_LU,actual_onshore_wind_generation,Wind Onshore,2026-08-25T03:38:09Z
2026-08-25T03:35:04Z,2026-08-25T05:35:04+0200,16553320-5c3e-4a08-95db-080ced308e52,2026-08-10T05:30:00Z,2026-08-10T07:30:00+0200,8775.97016,MW,DE,DE_LU,actual_onshore_wind_generation,Wind Onshore,2026-08-25T03:38:09Z
2026-08-25T03:35:04Z,2026-08-25T05:35:04+0200,16553320-5c3e-4a08-95db-080ced308e52,2026-08-10T05:45:00Z,2026-08-10T07:45:00+0200,8544.38131,MW,DE,DE_LU,actual_onshore_wind_generation,Wind Onshore,2026-08-25T03:38:09Z
2026-08-25T03:35:04Z,2026-08-25T05:35:04+0200,16553320-5c3e-4a08-95db-080ced308e52,2026-08-10T06:00:00Z,2026-08-10T08:00:00+0200,7958.51993,MW,DE,DE_LU,actual_onshore_wind_generation,Wind Onshore,2026-08-25T03:38:09Z
2026-08-25T03:35:04Z,2026-08-25T05:35:04+0200,16553320-5c3e-4a08-95db-080ced308e52,2026-08-10T06:15:00Z,2026-08-10T08:15:00+0200,7179.2669,MW,DE,DE_LU,actual_onshore_wind_generation,Wind Onshore,2026-08-25T03:38:09Z
2026-08-25T03:35:04Z,2026-08-25T05:35:04+0200,16553320-5c3e-4a08-95db-080ced308e52,2026-08-10T06:30:00Z,2026-08-10T08:30:00+0200,6424.16067,MW,DE,DE_LU,actual_onshore_wind_generation,Wind Onshore,2026-08-25T03:38:09Z
2026-08-25T03:35:04Z,2026-08-25T05:35:04+0200,16553320-5c3e-4a08-95db-080ced308e52,2026-08-10T06:45:00Z,2026-08-10T08:45:00+0200,5907.76233,MW,DE,DE_LU,actual_onshore_wind_generation,Wind Onshore,2026-08-25T03:38:09Z
2026-08-25T03:35:04Z,2026-08-25T05:35:04+0200,16553320-5c3e-4a08-95db-080ced308e52,2026-08-10T07:00:00Z,2026-08-10T09:00:00+0200,5499.87453,MW,DE,DE_LU,actual_onshore_wind_generation,Wind Onshore,2026-08-25T03:38:09Z
2026-08-25T03:35:04Z,2026-08-25T05:35:04+0200,16553320-5c3e-4a08-95db-080ced308e52,2026-08-10T07:15:00Z,2026-08-10T09:15:00+0200,5191.60213,MW,DE,DE_LU,actual_onshore_wind_generation,Wind Onshore,2026-08-25T03:38:09Z
2026-08-25T03:35:04Z,2026-08-25T05:35:04+0200,16553320-5c3e-4a08-95db-080ced308e52,2026-08-10T07:30:00Z,2026-08-10T09:30:00+0200,5097.06652,MW,DE,DE_LU,actual_onshore_wind_generation,Wind Onshore,2026-08-25T03:38:09Z
2026-08-25T03:35:04Z,2026-08-25T05:35:04+0200,16553320-5c3e-4a08-95db-080ced308e52,2026-08-10T07:45:00Z,2026-08-10T09:45:00+0200,5158.95548,MW,DE,DE_LU,actual_onshore_wind_generation,Wind Onshore,2026-08-25T03:38:09Z
2026-08-25T03:35:04Z,2026-08-25T05:35:04+0200,16553320-5c3e-4a08-95db-080ced308e52,2026-08-10T08:00:00Z,2026-08-10T10:00:00+0200,5581.10794,MW,DE,DE_LU,actual_onshore_wind_generation,Wind Onshore,2026-08-25T03:38:09Z
2026-08-25T03:35:04Z,2026-08-25T05:35:04+0200,16553320-5c3e-4a08-95db-080ced308e52,2026-08-10T08:15:00Z,2026-08-10T10:15:00+0200,6131.36412,MW,DE,DE_LU,actual_onshore_wind_generation,Wind Onshore,2026-08-25T03:38:09Z
2026-08-25T03:35:04Z,2026-08-25T05:35:04+0200,16553320-5c3e-4a08-95db-080ced308e52,2026-08-10T08:30:00Z,2026-08-10T10:30:00+0200,6759.97779,MW,DE,DE_LU,actual_onshore_wind_generation,Wind Onshore,2026-08-25T03:38:09Z
2026-08-25T03:35:04Z,2026-08-25T05:35:04+0200,16553320-5c3e-4a08-95db-080ced308e52,2026-08-10T08:45:00Z,2026-08-10T10:45:00+0200,7353.64115,MW,DE,DE_LU,actual_onshore_wind_generation,Wind Onshore,2026-08-25T03:38:09Z
2026-08-25T03:35:04Z,2026-08-25T05:35:04+0200,16553320-5c3e-4a08-95db-080ced308e52,2026-08-10T09:00:00Z,2026-08-10T11:00:00+0200,8207.93705,MW,DE,DE_LU,actual_onshore_wind_generation,Wind Onshore,2026-08-25T03:38:09Z
2026-08-25T03:35:04Z,2026-08-25T05:35:04+0200,16553320-5c3e-4a08-95db-080ced308e52,2026-08-10T09:15:00Z,2026-08-10T11:15:00+0200,8639.913,MW,DE,DE_LU,actual_onshore_wind_generation,Wind Onshore,2026-08-25T03:38:09Z
2026-08-25T03:35:04Z,2026-08-25T05:35:04+0200,16553320-5c3e-4a08-95db-080ced308e52,2026-08-10T09:30:00Z,2026-08-10T11:30:00+0200,9057.58853,MW,DE,DE_LU,actual_onshore_wind_generation,Wind Onshore,2026-08-25T03:38:09Z
2026-08-25T03:35:04Z,2026-08-25T05:35:04+0200,16553320-5c3e-4a08-95db-080ced308e52,2026-08-10T09:45:00Z,2026-08-10T11:45:00+0200,9927.95405,MW,DE,DE_LU,actual_onshore_wind_generation,Wind Onshore,2026-08-25T03:38:09Z
2026-08-25T03:35:04Z,2026-08-25T05:35:04+0200,16553320-5c3e-4a08-95db-080ced308e52,2026-08-10T10:00:00Z,2026-08-10T12:00:00+0200,10629.2312,MW,DE,DE_LU,actual_onshore_wind_generation,Wind Onshore,2026-08-25T03:38:09Z
2026-08-25T03:35:04Z,2026-08-25T05:35:04+0200,16553320-5c3e-4a08-95db-080ced308e52,2026-08-10T10:15:00Z,2026-08-10T12:15:00+0200,11107.46721,MW,DE,DE_LU,actual_onshore_wind_generation,Wind Onshore,2026-08-25T03:38:09Z
2026-08-25T03:35:04Z,2026-08-25T05:35:04+0200,16553320-5c3e-4a08-95db-080ced308e52,2026-08-10T10:30:00Z,2026-08-10T12:30:00+0200,11453.31886,MW,DE,DE_LU,actual_onshore_wind_generation,Wind Onshore,2026-08-25T03:38:09Z
2026-08-25T03:35:04Z,2026-08-25T05:35:04+0200,16553320-5c3e-4a08-95db-080ced308e52,2026-08-10T10:45:00Z,2026-08-10T12:45:00+0200,12523.60798,MW,DE,DE_LU,actual_onshore_wind_generation,Wind Onshore,2026-08-25T03:38:09Z
2026-08-25T03:35:04Z,2026-08-25T05:35:04+0200,16553320-5c3e-4a08-95db-080ced308e52,2026-08-10T11:00:00Z,2026-08-10T13:00:00+0200,13263.01697,MW,DE,DE_LU,actual_onshore_wind_generation,Wind Onshore,2026-08-25T03:38:09Z
2026-08-25T03:35:04Z,2026-08-25T05:35:04+0200,16553320-5c3e-4a08-95db-080ced308e52,2026-08-10T11:15:00Z,2026-08-10T13:15:00+0200,14157.50234,MW,DE,DE_LU,actual_onshore_wind_generation,Wind Onshore,2026-08-25T03:38:09Z
2026-08-25T03:35:04Z,2026-08-25T05:35:04+0200,16553320-5c3e-4a08-95db-080ced308e52,2026-08-10T11:30:00Z,2026-08-10T13:30:00+0200,14718.6364,MW,DE,DE_LU,actual_onshore_wind_generation,Wind Onshore,2026-08-25T03:38:09Z
2026-08-25T03:35:04Z,2026-08-25T05:35:04+0200,16553320-5c3e-4a08-95db-080ced308e52,2026-08-10T11:45:00Z,2026-08-10T13:45:00+0200,15035.93076,MW,DE,DE_LU,actual_onshore_wind_generation,Wind Onshore,2026-08-25T03:38:09Z
2026-08-25T03:35:04Z,2026-08-25T05:35:04+0200,16553320-5c3e-4a08-95db-080ced308e52,2026-08-10T12:00:00Z,2026-08-10T14:00:00+0200,15445.44725,MW,DE,DE_LU,actual_onshore_wind_generation,Wind Onshore,2026-08-25T03:38:09Z
2026-08-25T03:35:04Z,2026-08-25T05:35:04+0200,16553320-5c3e-4a08-95db-080ced308e52,2026-08-10T12:15:00Z,2026-08-10T14:15:00+0200,16633.29306,MW,DE,DE_LU,actual_onshore_wind_generation,Wind Onshore,2026-08-25T03:38:09Z
2026-08-25T03:35:04Z,2026-08-25T05:35:04+0200,16553320-5c3e-4a08-95db-080ced308e52,2026-08-10T12:30:00Z,2026-08-10T14:30:00+0200,18357.72533,MW,DE,DE_LU,actual_onshore_wind_generation,Wind Onshore,2026-08-25T03:38:09Z
2026-08-25T03:35:04Z,2026-08-25T05:35:04+0200,16553320-5c3e-4a08-95db-080ced308e52,2026-08-10T12:45:00Z,2026-08-10T14:45:00+0200,18923.64601,MW,DE,DE_LU,actual_onshore_wind_generation,Wind Onshore,2026-08-25T03:38:09Z
2026-08-25T03:35:04Z,2026-08-25T05:35:04+0200,16553320-5c3e-4a08-95db-080ced308e52,2026-08-10T13:00:00Z,2026-08-10T15:00:00+0200,19774.4184,MW,DE,DE_LU,actual_onshore_wind_generation,Wind Onshore,2026-08-25T03:38:09Z
2026-08-25T03:35:04Z,2026-08-25T05:35:04+0200,16553320-5c3e-4a08-95db-080ced308e52,2026-08-10T13:15:00Z,2026-08-10T15:15:00+0200,20385.9735,MW,DE,DE_LU,actual_onshore_wind_generation,Wind Onshore,2026-08-25T03:38:09Z
2026-08-25T03:35:04Z,2026-08-25T05:35:04+0200,16553320-5c3e-4a08-95db-080ced308e52,2026-08-10T13:30:00Z,2026-08-10T15:30:00+0200,19941.12822,MW,DE,DE_LU,actual_onshore_wind_generation,Wind Onshore,2026-08-25T03:38:09Z
2026-08-25T03:35:04Z,2026-08-25T05:35:04+0200,16553320-5c3e-4a08-95db-080ced308e52,2026-08-10T13:45:00Z,2026-08-10T15:45:00+0200,19987.81847,MW,DE,DE_LU,actual_onshore_wind_generation,Wind Onshore,2026-08-25T03:38:09Z
2026-08-25T03:35:04Z,2026-08-25T05:35:04+0200,16553320-5c3e-4a08-95db-080ced308e52,2026-08-10T14:00:00Z,2026-08-10T16:00:00+0200,20705.38968,MW,DE,DE_LU,actual_onshore_wind_generation,Wind Onshore,2026-08-25T03:38:09Z
2026-08-25T03:35:04Z,2026-08-25T05:35:04+0200,16553320-5c3e-4a08-95db-080ced308e52,2026-08-10T14:15:00Z,2026-08-10T16:15:00+0200,20624.99397,MW,DE,DE_LU,actual_onshore_wind_generation,Wind Onshore,2026-08-25T03:38:09Z
2026-08-25T03:35:04Z,2026-08-25T05:35:04+0200,16553320-5c3e-4a08-95db-080ced308e52,2026-08-10T14:30:00Z,2026-08-10T16:30:00+0200,21020.25232,MW,DE,DE_LU,actual_onshore_wind_generation,Wind Onshore,2026-08-25T03:38:09Z
2026-08-25T03:35:04Z,2026-08-25T05:35:04+0200,16553320-5c3e-4a08-95db-080ced308e52,2026-08-10T14:45:00Z,2026-08-10T16:45:00+0200,21015.65869,MW,DE,DE_LU,actual_onshore_wind_generation,Wind Onshore,2026-08-25T03:38:09Z
2026-08-25T03:35:04Z,2026-08-25T05:35:04+0200,16553320-5c3e-4a08-95db-080ced308e52,2026-08-10T15:00:00Z,2026-08-10T17:00:00+0200,21366.83169,MW,DE,DE_LU,actual_onshore_wind_generation,Wind Onshore,2026-08-25T03:38:09Z
2026-08-25T03:35:04Z,2026-08-25T05:35:04+0200,16553320-5c3e-4a08-95db-080ced308e52,2026-08-10T15:15:00Z,2026-08-10T17:15:00+0200,21602.49963,MW,DE,DE_LU,actual_onshore_wind_generation,Wind Onshore,2026-08-25T03:38:09Z
2026-08-25T03:35:04Z,2026-08-25T05:35:04+0200,16553320-5c3e-4a08-95db-080ced308e52,2026-08-10T15:30:00Z,2026-08-10T17:30:00+0200,21545.9781,MW,DE,DE_LU,actual_onshore_wind_generation,Wind Onshore,2026-08-25T03:38:09Z
2026-08-25T03:35:04Z,2026-08-25T05:35:04+0200,16553320-5c3e-4a08-95db-080ced308e52,2026-08-10T15:45:00Z,2026-08-10T17:45:00+0200,21707.25492,MW,DE,DE_LU,actual_onshore_wind_generation,Wind Onshore,2026-08-25T03:38:09Z
2026-08-25T03:35:04Z,2026-08-25T05:35:04+0200,16553320-5c3e-4a08-95db-080ced308e52,2026-08-10T16:00:00Z,2026-08-10T18:00:00+0200,21649.34551,MW,DE,DE_LU,actual_onshore_wind_generation,Wind Onshore,2026-08-25T03:38:09Z
2026-08-25T03:35:04Z,2026-08-25T05:35:04+0200,16553320-5c3e-4a08-95db-080ced308e52,2026-08-10T16:15:00Z,2026-08-10T18:15:00+0200,21528.89763,MW,DE,DE_LU,actual_onshore_wind_generation,Wind Onshore,2026-08-25T03:38:09Z
2026-08-25T03:35:04Z,2026-08-25T05:35:04+0200,16553320-5c3e-4a08-95db-080ced308e52,2026-08-10T16:30:00Z,2026-08-10T18:30:00+0200,21883.58378,MW,DE,DE_LU,actual_onshore_wind_generation,Wind Onshore,2026-08-25T03:38:09Z
2026-08-25T03:35:04Z,2026-08-25T05:35:04+0200,16553320-5c3e-4a08-95db-080ced308e52,2026-08-10T16:45:00Z,2026-08-10T18:45:00+0200,21944.9017,MW,DE,DE_LU,actual_onshore_wind_generation,Wind Onshore,2026-08-25T03:38:09Z
2026-08-25T03:35:04Z,2026-08-25T05:35:04+0200,16553320-5c3e-4a08-95db-080ced308e52,2026-08-10T17:00:00Z,2026-08-10T19:00:00+0200,21255.80329,MW,DE,DE_LU,actual_onshore_wind_generation,Wind Onshore,2026-08-25T03:38:09Z
2026-08-25T03:35:04Z,2026-08-25T05:35:04+0200,16553320-5c3e-4a08-95db-080ced308e52,2026-08-10T17:15:00Z,2026-08-10T19:15:00+0200,20702.23452,MW,DE,DE_LU,actual_onshore_wind_generation,Wind Onshore,2026-08-25T03:38:09Z
2026-08-25T03:35:04Z,2026-08-25T05:35:04+0200,16553320-5c3e-4a08-95db-080ced308e52,2026-08-10T17:30:00Z,2026-08-10T19:30:00+0200,20121.88487,MW,DE,DE_LU,actual_onshore_wind_generation,Wind Onshore,2026-08-25T03:38:09Z
2026-08-25T03:35:04Z,2026-08-25T05:35:04+0200,16553320-5c3e-4a08-95db-080ced308e52,2026-08-10T17:45:00Z,2026-08-10T19:45:00+0200,19096.17858,MW,DE,DE_LU,actual_onshore_wind_generation,Wind Onshore,2026-08-25T03:38:09Z
2026-08-25T03:35:04Z,2026-08-25T05:35:04+0200,16553320-5c3e-4a08-95db-080ced308e52,2026-08-10T18:00:00Z,2026-08-10T20:00:00+0200,17807.09784,MW,DE,DE_LU,actual_onshore_wind_generation,Wind Onshore,2026-08-25T03:38:09Z
2026-08-25T03:35:04Z,2026-08-25T05:35:04+0200,16553320-5c3e-4a08-95db-080ced308e52,2026-08-10T18:15:00Z,2026-08-10T20:15:00+0200,17210.73659,MW,DE,DE_LU,actual_onshore_wind_generation,Wind Onshore,2026-08-25T03:38:09Z
2026-08-25T03:35:04Z,2026-08-25T05:35:04+0200,16553320-5c3e-4a08-95db-080ced308e52,2026-08-10T18:30:00Z,2026-08-10T20:30:00+0200,17018.53062,MW,DE,DE_LU,actual_onshore_wind_generation,Wind Onshore,2026-08-25T03:38:09Z
2026-08-25T03:35:04Z,2026-08-25T05:35:04+0200,16553320-5c3e-4a08-95db-080ced308e52,2026-08-10T18:45:00Z,2026-08-10T20:45:00+0200,16598.66277,MW,DE,DE_LU,actual_onshore_wind_generation,Wind Onshore,2026-08-25T03:38:09Z
2026-08-25T03:35:04Z,2026-08-25T05:35:04+0200,16553320-5c3e-4a08-95db-080ced308e52,2026-08-10T19:00:00Z,2026-08-10T21:00:00+0200,15646.6816,MW,DE,DE_LU,actual_onshore_wind_generation,Wind Onshore,2026-08-25T03:38:09Z
2026-08-25T03:35:04Z,2026-08-25T05:35:04+0200,16553320-5c3e-4a08-95db-080ced308e52,2026-08-10T19:15:00Z,2026-08-10T21:15:00+0200,15306.58419,MW,DE,DE_LU,actual_onshore_wind_generation,Wind Onshore,2026-08-25T03:38:09Z
2026-08-25T03:35:04Z,2026-08-25T05:35:04+0200,16553320-5c3e-4a08-95db-080ced308e52,2026-08-10T19:30:00Z,2026-08-10T21:30:00+0200,15178.64041,MW,DE,DE_LU,actual_onshore_wind_generation,Wind Onshore,2026-08-25T03:38:09Z
2026-08-25T03:35:04Z,2026-08-25T05:35:04+0200,16553320-5c3e-4a08-95db-080ced308e52,2026-08-10T19:45:00Z,2026-08-10T21:45:00+0200,15180.6819,MW,DE,DE_LU,actual_onshore_wind_generation,Wind Onshore,2026-08-25T03:38:09Z
2026-08-25T03:35:04Z,2026-08-25T05:35:04+0200,16553320-5c3e-4a08-95db-080ced308e52,2026-08-10T20:00:00Z,2026-08-10T22:00:00+0200,14773.53784,MW,DE,DE_LU,actual_onshore_wind_generation,Wind Onshore,2026-08-25T03:38:09Z
2026-08-25T03:35:04Z,2026-08-25T05:35:04+0200,16553320-5c3e-4a08-95db-080ced308e52,2026-08-10T20:15:00Z,2026-08-10T22:15:00+0200,15025.75663,MW,DE,DE_LU,actual_onshore_wind_generation,Wind Onshore,2026-08-25T03:38:09Z
2026-08-25T03:35:04Z,2026-08-25T05:35:04+0200,16553320-5c3e-4a08-95db-080ced308e52,2026-08-10T20:30:00Z,2026-08-10T22:30:00+0200,14976.92652,MW,DE,DE_LU,actual_onshore_wind_generation,Wind Onshore,2026-08-25T03:38:09Z
2026-08-25T03:35:04Z,2026-08-25T05:35:04+0200,16553320-5c3e-4a08-95db-080ced308e52,2026-08-10T20:45:00Z,2026-08-10T22:45:00+0200,14935.33697,MW,DE,DE_LU,actual_onshore_wind_generation,Wind Onshore,2026-08-25T03:38:09Z
2026-08-25T03:35:04Z,2026-08-25T05:35:04+0200,16553320-5c3e-4a08-95db-080ced308e52,2026-08-10T21:00:00Z,2026-08-10T23:00:00+0200,14874.36232,MW,DE,DE_LU,actual_onshore_wind_generation,Wind Onshore,2026-08-25T03:38:09Z
2026-08-25T03:35:04Z,2026-08-25T05:35:04+0200,16553320-5c3e-4a08-95db-080ced308e52,2026-08-10T21:15:00Z,2026-08-10T23:15:00+0200,14807.27933,MW,DE,DE_LU,actual_onshore_wind_generation,Wind Onshore,2026-08-25T03:38:09Z
2026-08-25T03:35:04Z,2026-08-25T05:35:04+0200,16553320-5c3e-4a08-95db-080ced308e52,2026-08-10T21:30:00Z,2026-08-10T23:30:00+0200,14877.92982,MW,DE,DE_LU,actual_onshore_wind_generation,Wind Onshore,2026-08-25T03:38:09Z
2026-08-25T03:35:04Z,2026-08-25T05:35:04+0200,16553320-5c3e-4a08-95db-080ced308e52,2026-08-10T21:45:00Z,2026-08-10T23:45:00+0200,15003.12905,MW,DE,DE_LU,actual_onshore_wind_generation,Wind Onshore,2026-08-25T03:38:09Z
2026-08-25T03:35:04Z,2026-08-25T05:35:04+0200,16553320-5c3e-4a08-95db-080ced308e52,2026-08-10T22:00:00Z,2026-08-11T00:00:00+0200,14814.56255,MW,DE,DE_LU,actual_onshore_wind_generation,Wind Onshore,2026-08-25T03:38:09Z
2026-08-25T03:35:04Z,2026-08-25T05:35:04+0200,16553320-5c3e-4a08-95db-080ced308e52,2026-08-10T22:15:00Z,2026-08-11T00:15:00+0200,14787.59845,MW,DE,DE_LU,actual_onshore_wind_generation,Wind Onshore,2026-08-25T03:38:09Z
2026-08-25T03:35:04Z,2026-08-25T05:35:04+0200,16553320-5c3e-4a08-95db-080ced308e52,2026-08-10T22:30:00Z,2026-08-11T00:30:00+0200,14660.98734,MW,DE,DE_LU,actual_onshore_wind_generation,Wind Onshore,2026-08-25T03:38:09Z
2026-08-25T03:35:04Z,2026-08-25T05:35:04+0200,16553320-5c3e-4a08-95db-080ced308e52,2026-08-10T22:45:00Z,2026-08-11T00:45:00+0200,14665.89013,MW,DE,DE_LU,actual_onshore_wind_generation,Wind Onshore,2026-08-25T03:38:09Z
2026-08-25T03:35:04Z,2026-08-25T05:35:04+0200,16553320-5c3e-4a08-95db-080ced308e52,2026-08-10T23:00:00Z,2026-08-11T01:00:00+0200,14675.58809,MW,DE,DE_LU,actual_onshore_wind_generation,Wind Onshore,2026-08-25T03:38:09Z
2026-08-25T03:35:04Z,2026-08-25T05:35:04+0200,16553320-5c3e-4a08-95db-080ced308e52,2026-08-10T23:15:00Z,2026-08-11T01:15:00+0200,14430.76874,MW,DE,DE_LU,actual_onshore_wind_generation,Wind Onshore,2026-08-25T03:38:09Z
2026-08-25T03:35:04Z,2026-08-25T05:35:04+0200,16553320-5c3e-4a08-95db-080ced308e52,2026-08-10T23:30:00Z,2026-08-11T01:30:00+0200,14698.42655,MW,DE,DE_LU,actual_onshore_wind_generation,Wind Onshore,2026-08-25T03:38:09Z
2026-08-25T03:35:04Z,2026-08-25T05:35:04+0200,16553320-5c3e-4a08-95db-080ced308e52,2026-08-10T23:45:00Z,2026-08-11T01:45:00+0200,14860.68701,MW,DE,DE_LU,actual_onshore_wind_generation,Wind Onshore,2026-08-25T03:38:09Z
2026-08-25T03:35:04Z,2026-08-25T05:35:04+0200,16553320-5c3e-4a08-95db-080ced308e52,2026-08-11T00:00:00Z,2026-08-11T02:00:00+0200,14618.62966,MW,DE,DE_LU,actual_onshore_wind_generation,Wind Onshore,2026-08-25T03:38:09Z
2026-08-25T03:35:04Z,2026-08-25T05:35:04+0200,16553320-5c3e-4a08-95db-080ced308e52,2026-08-11T00:15:00Z,2026-08-11T02:15:00+0200,14479.17428,MW,DE,DE_LU,actual_onshore_wind_generation,Wind Onshore,2026-08-25T03:38:09Z
2026-08-25T03:35:04Z,2026-08-25T05:35:04+0200,16553320-5c3e-4a08-95db-080ced308e52,2026-08-11T00:30:00Z,2026-08-11T02:30:00+0200,14330.75783,MW,DE,DE_LU,actual_onshore_wind_generation,Wind Onshore,2026-08-25T03:38:09Z
2026-08-25T03:35:04Z,2026-08-25T05:35:04+0200,16553320-5c3e-4a08-95db-080ced308e52,2026-08-11T00:45:00Z,2026-08-11T02:45:00+0200,14265.16542,MW,DE,DE_LU,actual_onshore_wind_generation,Wind Onshore,2026-08-25T03:38:09Z
2026-08-25T03:35:04Z,2026-08-25T05:35:04+0200,16553320-5c3e-4a08-95db-080ced308e52,2026-08-11T01:00:00Z,2026-08-11T03:00:00+0200,14120.47696,MW,DE,DE_LU,actual_onshore_wind_generation,Wind Onshore,2026-08-25T03:38:09Z
2026-08-25T03:35:04Z,2026-08-25T05:35:04+0200,16553320-5c3e-4a08-95db-080ced308e52,2026-08-11T01:15:00Z,2026-08-11T03:15:00+0200,13772.21448,MW,DE,DE_LU,actual_onshore_wind_generation,Wind Onshore,2026-08-25T03:38:09Z
2026-08-25T03:35:04Z,2026-08-25T05:35:04+0200,16553320-5c3e-4a08-95db-080ced308e52,2026-08-11T01:30:00Z,2026-08-11T03:30:00+0200,13421.7425,MW,DE,DE_LU,actual_onshore_wind_generation,Wind Onshore,2026-08-25T03:38:09Z
2026-08-25T03:35:04Z,2026-08-25T05:35:04+0200,16553320-5c3e-4a08-95db-080ced308e52,2026-08-11T01:45:00Z,2026-08-11T03:45:00+0200,13278.86728,MW,DE,DE_LU,actual_onshore_wind_generation,Wind Onshore,2026-08-25T03:38:09Z
2026-08-25T03:35:04Z,2026-08-25T05:35:04+0200,16553320-5c3e-4a08-95db-080ced308e52,2026-08-11T02:00:00Z,2026-08-11T04:00:00+0200,13163.24025,MW,DE,DE_LU,actual_onshore_wind_generation,Wind Onshore,2026-08-25T03:38:09Z
2026-08-25T03:35:04Z,2026-08-25T05:35:04+0200,16553320-5c3e-4a08-95db-080ced308e52,2026-08-11T02:15:00Z,2026-08-11T04:15:00+0200,13078.14643,MW,DE,DE_LU,actual_onshore_wind_generation,Wind Onshore,2026-08-25T03:38:09Z
2026-08-25T03:35:04Z,2026-08-25T05:35:04+0200,16553320-5c3e-4a08-95db-080ced308e52,2026-08-11T02:30:00Z,2026-08-11T04:30:00+0200,12954.19604,MW,DE,DE_LU,actual_onshore_wind_generation,Wind Onshore,2026-08-25T03:38:09Z
2026-08-25T03:35:04Z,2026-08-25T05:35:04+0200,16553320-5c3e-4a08-95db-080ced308e52,2026-08-11T02:45:00Z,2026-08-11T04:45:00+0200,12772.84503,MW,DE,DE_LU,actual_onshore_wind_generation,Wind Onshore,2026-08-25T03:38:09Z
2026-08-25T03:35:04Z,2026-08-25T05:35:04+0200,16553320-5c3e-4a08-95db-080ced308e52,2026-08-11T03:00:00Z,2026-08-11T05:00:00+0200,12429.24344,MW,DE,DE_LU,actual_onshore_wind_generation,Wind Onshore,2026-08-25T03:38:09Z
2026-08-25T03:35:04Z,2026-08-25T05:35:04+0200,16553320-5c3e-4a08-95db-080ced308e52,2026-08-11T03:15:00Z,2026-08-11T05:15:00+0200,12182.77814,MW,DE,DE_LU,actual_onshore_wind_generation,Wind Onshore,2026-08-25T03:38:09Z
2026-08-25T03:35:04Z,2026-08-25T05:35:04+0200,16553320-5c3e-4a08-95db-080ced308e52,2026-08-11T03:30:00Z,2026-08-11T05:30:00+0200,11964.1705,MW,DE,DE_LU,actual_onshore_wind_generation,Wind Onshore,2026-08-25T03:38:09Z
2026-08-25T03:35:04Z,2026-08-25T05:35:04+0200,16553320-5c3e-4a08-95db-080ced308e52,2026-08-11T03:45:00Z,2026-08-11T05:45:00+0200,11816.89557,MW,DE,DE_LU,actual_onshore_wind_generation,Wind Onshore,2026-08-25T03:38:09Z
2026-08-25T03:35:04Z,2026-08-25T05:35:04+0200,16553320-5c3e-4a08-95db-080ced308e52,2026-08-11T04:00:00Z,2026-08-11T06:00:00+0200,12125.56655,MW,DE,DE_LU,actual_onshore_wind_generation,Wind Onshore,2026-08-25T03:38:09Z
2026-08-25T03:35:04Z,2026-08-25T05:35:04+0200,16553320-5c3e-4a08-95db-080ced308e52,2026-08-11T04:15:00Z,2026-08-11T06:15:00+0200,11991.1906,MW,DE,DE_LU,actual_onshore_wind_generation,Wind Onshore,2026-08-25T03:38:09Z
2026-08-25T03:35:04Z,2026-08-25T05:35:04+0200,16553320-5c3e-4a08-95db-080ced308e52,2026-08-11T04:30:00Z,2026-08-11T06:30:00+0200,11433.95607,MW,DE,DE_LU,actual_onshore_wind_generation,Wind Onshore,2026-08-25T03:38:09Z
2026-08-25T03:35:04Z,2026-08-25T05:35:04+0200,16553320-5c3e-4a08-95db-080ced308e52,2026-08-11T04:45:00Z,2026-08-11T06:45:00+0200,10926.3373,MW,DE,DE_LU,actual_onshore_wind_generation,Wind Onshore,2026-08-25T03:38:09Z
2026-08-25T03:35:04Z,2026-08-25T05:35:04+0200,16553320-5c3e-4a08-95db-080ced308e52,2026-08-11T05:00:00Z,2026-08-11T07:00:00+0200,10385.08875,MW,DE,DE_LU,actual_onshore_wind_generation,Wind Onshore,2026-08-25T03:38:09Z
2026-08-25T03:35:04Z,2026-08-25T05:35:04+0200,16553320-5c3e-4a08-95db-080ced308e52,2026-08-11T05:15:00Z,2026-08-11T07:15:00+0200,9583.48462,MW,DE,DE_LU,actual_onshore_wind_generation,Wind Onshore,2026-08-25T03:38:09Z
2026-08-25T03:35:04Z,2026-08-25T05:35:04+0200,16553320-5c3e-4a08-95db-080ced308e52,2026-08-11T05:30:00Z,2026-08-11T07:30:00+0200,8645.73447,MW,DE,DE_LU,actual_onshore_wind_generation,Wind Onshore,2026-08-25T03:38:09Z
2026-08-25T03:35:04Z,2026-08-25T05:35:04+0200,16553320-5c3e-4a08-95db-080ced308e52,2026-08-11T05:45:00Z,2026-08-11T07:45:00+0200,7846.92683,MW,DE,DE_LU,actual_onshore_wind_generation,Wind Onshore,2026-08-25T03:38:09Z
2026-08-25T03:35:04Z,2026-08-25T05:35:04+0200,16553320-5c3e-4a08-95db-080ced308e52,2026-08-11T06:00:00Z,2026-08-11T08:00:00+0200,6988.30722,MW,DE,DE_LU,actual_onshore_wind_generation,Wind Onshore,2026-08-25T03:38:09Z
2026-08-25T03:35:04Z,2026-08-25T05:35:04+0200,16553320-5c3e-4a08-95db-080ced308e52,2026-08-11T06:15:00Z,2026-08-11T08:15:00+0200,6473.33838,MW,DE,DE_LU,actual_onshore_wind_generation,Wind Onshore,2026-08-25T03:38:09Z
2026-08-25T03:35:04Z,2026-08-25T05:35:04+0200,16553320-5c3e-4a08-95db-080ced308e52,2026-08-11T06:30:00Z,2026-08-11T08:30:00+0200,6377.50272,MW,DE,DE_LU,actual_onshore_wind_generation,Wind Onshore,2026-08-25T03:38:09Z
2026-08-25T03:35:04Z,2026-08-25T05:35:04+0200,16553320-5c3e-4a08-95db-080ced308e52,2026-08-11T06:45:00Z,2026-08-11T08:45:00+0200,6477.78774,MW,DE,DE_LU,actual_onshore_wind_generation,Wind Onshore,2026-08-25T03:38:09Z
2026-08-25T03:35:04Z,2026-08-25T05:35:04+0200,16553320-5c3e-4a08-95db-080ced308e52,2026-08-11T07:00:00Z,2026-08-11T09:00:00+0200,6854.64849,MW,DE,DE_LU,actual_onshore_wind_generation,Wind Onshore,2026-08-25T03:38:09Z
2026-08-25T03:35:04Z,2026-08-25T05:35:04+0200,16553320-5c3e-4a08-95db-080ced308e52,2026-08-11T07:15:00Z,2026-08-11T09:15:00+0200,7147.01421,MW,DE,DE_LU,actual_onshore_wind_generation,Wind Onshore,2026-08-25T03:38:09Z
2026-08-25T03:35:04Z,2026-08-25T05:35:04+0200,16553320-5c3e-4a08-95db-080ced308e52,2026-08-11T07:30:00Z,2026-08-11T09:30:00+0200,7491.53448,MW,DE,DE_LU,actual_onshore_wind_generation,Wind Onshore,2026-08-25T03:38:09Z
2026-08-25T03:35:04Z,2026-08-25T05:35:04+0200,16553320-5c3e-4a08-95db-080ced308e52,2026-08-11T07:45:00Z,2026-08-11T09:45:00+0200,7769.06541,MW,DE,DE_LU,actual_onshore_wind_generation,Wind Onshore,2026-08-25T03:38:09Z
2026-08-25T03:35:04Z,2026-08-25T05:35:04+0200,16553320-5c3e-4a08-95db-080ced308e52,2026-08-11T08:00:00Z,2026-08-11T10:00:00+0200,7998.84313,MW,DE,DE_LU,actual_onshore_wind_generation,Wind Onshore,2026-08-25T03:38:09Z
2026-08-25T03:35:04Z,2026-08-25T05:35:04+0200,16553320-5c3e-4a08-95db-080ced308e52,2026-08-11T08:15:00Z,2026-08-11T10:15:00+0200,8130.97553,MW,DE,DE_LU,actual_onshore_wind_generation,Wind Onshore,2026-08-25T03:38:09Z
2026-08-25T03:35:04Z,2026-08-25T05:35:04+0200,16553320-5c3e-4a08-95db-080ced308e52,2026-08-11T08:30:00Z,2026-08-11T10:30:00+0200,7751.33122,MW,DE,DE_LU,actual_onshore_wind_generation,Wind Onshore,2026-08-25T03:38:09Z
2026-08-25T03:35:04Z,2026-08-25T05:35:04+0200,16553320-5c3e-4a08-95db-080ced308e52,2026-08-11T08:45:00Z,2026-08-11T10:45:00+0200,7360.0104,MW,DE,DE_LU,actual_onshore_wind_generation,Wind Onshore,2026-08-25T03:38:09Z
2026-08-25T03:35:04Z,2026-08-25T05:35:04+0200,16553320-5c3e-4a08-95db-080ced308e52,2026-08-11T09:00:00Z,2026-08-11T11:00:00+0200,7164.08768,MW,DE,DE_LU,actual_onshore_wind_generation,Wind Onshore,2026-08-25T03:38:09Z
2026-08-25T03:35:04Z,2026-08-25T05:35:04+0200,16553320-5c3e-4a08-95db-080ced308e52,2026-08-11T09:15:00Z,2026-08-11T11:15:00+0200,6940.30436,MW,DE,DE_LU,actual_onshore_wind_generation,Wind Onshore,2026-08-25T03:38:09Z
2026-08-25T03:35:04Z,2026-08-25T05:35:04+0200,16553320-5c3e-4a08-95db-080ced308e52,2026-08-11T09:30:00Z,2026-08-11T11:30:00+0200,6774.29634,MW,DE,DE_LU,actual_onshore_wind_generation,Wind Onshore,2026-08-25T03:38:09Z
2026-08-25T03:35:04Z,2026-08-25T05:35:04+0200,16553320-5c3e-4a08-95db-080ced308e52,2026-08-11T09:45:00Z,2026-08-11T11:45:00+0200,6866.3417,MW,DE,DE_LU,actual_onshore_wind_generation,Wind Onshore,2026-08-25T03:38:09Z
2026-08-25T03:35:04Z,2026-08-25T05:35:04+0200,16553320-5c3e-4a08-95db-080ced308e52,2026-08-11T10:00:00Z,2026-08-11T12:00:00+0200,6352.0046,MW,DE,DE_LU,actual_onshore_wind_generation,Wind Onshore,2026-08-25T03:38:09Z
2026-08-25T03:35:04Z,2026-08-25T05:35:04+0200,16553320-5c3e-4a08-95db-080ced308e52,2026-08-11T10:15:00Z,2026-08-11T12:15:00+0200,5702.59718,MW,DE,DE_LU,actual_onshore_wind_generation,Wind Onshore,2026-08-25T03:38:09Z
2026-08-25T03:35:04Z,2026-08-25T05:35:04+0200,16553320-5c3e-4a08-95db-080ced308e52,2026-08-11T10:30:00Z,2026-08-11T12:30:00+0200,5499.78532,MW,DE,DE_LU,actual_onshore_wind_generation,Wind Onshore,2026-08-25T03:38:09Z
2026-08-25T03:35:04Z,2026-08-25T05:35:04+0200,16553320-5c3e-4a08-95db-080ced308e52,2026-08-11T10:45:00Z,2026-08-11T12:45:00+0200,5127.93549,MW,DE,DE_LU,actual_onshore_wind_generation,Wind Onshore,2026-08-25T03:38:09Z
2026-08-25T03:35:04Z,2026-08-25T05:35:04+0200,16553320-5c3e-4a08-95db-080ced308e52,2026-08-11T11:00:00Z,2026-08-11T13:00:00+0200,4749.90789,MW,DE,DE_LU,actual_onshore_wind_generation,Wind Onshore,2026-08-25T03:38:09Z
2026-08-25T03:35:04Z,2026-08-25T05:35:04+0200,16553320-5c3e-4a08-95db-080ced308e52,2026-08-11T11:15:00Z,2026-08-11T13:15:00+0200,4505.59152,MW,DE,DE_LU,actual_onshore_wind_generation,Wind Onshore,2026-08-25T03:38:09Z
2026-08-25T03:35:04Z,2026-08-25T05:35:04+0200,16553320-5c3e-4a08-95db-080ced308e52,2026-08-11T11:30:00Z,2026-08-11T13:30:00+0200,4466.60033,MW,DE,DE_LU,actual_onshore_wind_generation,Wind Onshore,2026-08-25T03:38:09Z
2026-08-25T03:35:04Z,2026-08-25T05:35:04+0200,16553320-5c3e-4a08-95db-080ced308e52,2026-08-11T11:45:00Z,2026-08-11T13:45:00+0200,4445.10267,MW,DE,DE_LU,actual_onshore_wind_generation,Wind Onshore,2026-08-25T03:38:09Z
2026-08-25T03:35:04Z,2026-08-25T05:35:04+0200,16553320-5c3e-4a08-95db-080ced308e52,2026-08-11T12:00:00Z,2026-08-11T14:00:00+0200,4600.78864,MW,DE,DE_LU,actual_onshore_wind_generation,Wind Onshore,2026-08-25T03:38:09Z
2026-08-25T03:35:04Z,2026-08-25T05:35:04+0200,16553320-5c3e-4a08-95db-080ced308e52,2026-08-11T12:15:00Z,2026-08-11T14:15:00+0200,4700.9438,MW,DE,DE_LU,actual_onshore_wind_generation,Wind Onshore,2026-08-25T03:38:09Z
2026-08-25T03:35:04Z,2026-08-25T05:35:04+0200,16553320-5c3e-4a08-95db-080ced308e52,2026-08-11T12:30:00Z,2026-08-11T14:30:00+0200,4732.63877,MW,DE,DE_LU,actual_onshore_wind_generation,Wind Onshore,2026-08-25T03:38:09Z
2026-08-25T03:35:04Z,2026-08-25T05:35:04+0200,16553320-5c3e-4a08-95db-080ced308e52,2026-08-11T12:45:00Z,2026-08-11T14:45:00+0200,4928.66125,MW,DE,DE_LU,actual_onshore_wind_generation,Wind Onshore,2026-08-25T03:38:09Z
2026-08-25T03:35:04Z,2026-08-25T05:35:04+0200,16553320-5c3e-4a08-95db-080ced308e52,2026-08-11T13:00:00Z,2026-08-11T15:00:00+0200,5110.41517,MW,DE,DE_LU,actual_onshore_wind_generation,Wind Onshore,2026-08-25T03:38:09Z
2026-08-25T03:35:04Z,2026-08-25T05:35:04+0200,16553320-5c3e-4a08-95db-080ced308e52,2026-08-11T13:15:00Z,2026-08-11T15:15:00+0200,5409.49949,MW,DE,DE_LU,actual_onshore_wind_generation,Wind Onshore,2026-08-25T03:38:09Z
2026-08-25T03:35:04Z,2026-08-25T05:35:04+0200,16553320-5c3e-4a08-95db-080ced308e52,2026-08-11T13:30:00Z,2026-08-11T15:30:00+0200,5370.35071,MW,DE,DE_LU,actual_onshore_wind_generation,Wind Onshore,2026-08-25T03:38:09Z
2026-08-25T03:35:04Z,2026-08-25T05:35:04+0200,16553320-5c3e-4a08-95db-080ced308e52,2026-08-11T13:45:00Z,2026-08-11T15:45:00+0200,5882.84486,MW,DE,DE_LU,actual_onshore_wind_generation,Wind Onshore,2026-08-25T03:38:09Z
2026-08-25T03:35:04Z,2026-08-25T05:35:04+0200,16553320-5c3e-4a08-95db-080ced308e52,2026-08-11T14:00:00Z,2026-08-11T16:00:00+0200,6192.04992,MW,DE,DE_LU,actual_onshore_wind_generation,Wind Onshore,2026-08-25T03:38:09Z
2026-08-25T03:35:04Z,2026-08-25T05:35:04+0200,16553320-5c3e-4a08-95db-080ced308e52,2026-08-11T14:15:00Z,2026-08-11T16:15:00+0200,6045.18578,MW,DE,DE_LU,actual_onshore_wind_generation,Wind Onshore,2026-08-25T03:38:09Z
2026-08-25T03:35:04Z,2026-08-25T05:35:04+0200,16553320-5c3e-4a08-95db-080ced308e52,2026-08-11T14:30:00Z,2026-08-11T16:30:00+0200,6024.43532,MW,DE,DE_LU,actual_onshore_wind_generation,Wind Onshore,2026-08-25T03:38:09Z
2026-08-25T03:35:04Z,2026-08-25T05:35:04+0200,16553320-5c3e-4a08-95db-080ced308e52,2026-08-11T14:45:00Z,2026-08-11T16:45:00+0200,6648.40978,MW,DE,DE_LU,actual_onshore_wind_generation,Wind Onshore,2026-08-25T03:38:09Z
2026-08-25T03:35:04Z,2026-08-25T05:35:04+0200,16553320-5c3e-4a08-95db-080ced308e52,2026-08-11T15:00:00Z,2026-08-11T17:00:00+0200,6923.07467,MW,DE,DE_LU,actual_onshore_wind_generation,Wind Onshore,2026-08-25T03:38:09Z
2026-08-25T03:35:04Z,2026-08-25T05:35:04+0200,16553320-5c3e-4a08-95db-080ced308e52,2026-08-11T15:15:00Z,2026-08-11T17:15:00+0200,7139.76372,MW,DE,DE_LU,actual_onshore_wind_generation,Wind Onshore,2026-08-25T03:38:09Z
2026-08-25T03:35:04Z,2026-08-25T05:35:04+0200,16553320-5c3e-4a08-95db-080ced308e52,2026-08-11T15:30:00Z,2026-08-11T17:30:00+0200,7182.39168,MW,DE,DE_LU,actual_onshore_wind_generation,Wind Onshore,2026-08-25T03:38:09Z
2026-08-25T03:35:04Z,2026-08-25T05:35:04+0200,16553320-5c3e-4a08-95db-080ced308e52,2026-08-11T15:45:00Z,2026-08-11T17:45:00+0200,7136.09267,MW,DE,DE_LU,actual_onshore_wind_generation,Wind Onshore,2026-08-25T03:38:09Z
2026-08-25T03:35:04Z,2026-08-25T05:35:04+0200,16553320-5c3e-4a08-95db-080ced308e52,2026-08-11T16:00:00Z,2026-08-11T18:00:00+0200,7101.86611,MW,DE,DE_LU,actual_onshore_wind_generation,Wind Onshore,2026-08-25T03:38:09Z
2026-08-25T03:35:04Z,2026-08-25T05:35:04+0200,16553320-5c3e-4a08-95db-080ced308e52,2026-08-11T16:15:00Z,2026-08-11T18:15:00+0200,7006.50587,MW,DE,DE_LU,actual_onshore_wind_generation,Wind Onshore,2026-08-25T03:38:09Z
2026-08-25T03:35:04Z,2026-08-25T05:35:04+0200,16553320-5c3e-4a08-95db-080ced308e52,2026-08-11T16:30:00Z,2026-08-11T18:30:00+0200,6863.07116,MW,DE,DE_LU,actual_onshore_wind_generation,Wind Onshore,2026-08-25T03:38:09Z
2026-08-25T03:35:04Z,2026-08-25T05:35:04+0200,16553320-5c3e-4a08-95db-080ced308e52,2026-08-11T16:45:00Z,2026-08-11T18:45:00+0200,6868.68315,MW,DE,DE_LU,actual_onshore_wind_generation,Wind Onshore,2026-08-25T03:38:09Z
2026-08-25T03:35:04Z,2026-08-25T05:35:04+0200,16553320-5c3e-4a08-95db-080ced308e52,2026-08-11T17:00:00Z,2026-08-11T19:00:00+0200,6786.17539,MW,DE,DE_LU,actual_onshore_wind_generation,Wind Onshore,2026-08-25T03:38:09Z
2026-08-25T03:35:04Z,2026-08-25T05:35:04+0200,16553320-5c3e-4a08-95db-080ced308e52,2026-08-11T17:15:00Z,2026-08-11T19:15:00+0200,6689.67676,MW,DE,DE_LU,actual_onshore_wind_generation,Wind Onshore,2026-08-25T03:38:09Z
2026-08-25T03:35:04Z,2026-08-25T05:35:04+0200,16553320-5c3e-4a08-95db-080ced308e52,2026-08-11T17:30:00Z,2026-08-11T19:30:00+0200,6586.82151,MW,DE,DE_LU,actual_onshore_wind_generation,Wind Onshore,2026-08-25T03:38:09Z
2026-08-25T03:35:04Z,2026-08-25T05:35:04+0200,16553320-5c3e-4a08-95db-080ced308e52,2026-08-11T17:45:00Z,2026-08-11T19:45:00+0200,6299.28715,MW,DE,DE_LU,actual_onshore_wind_generation,Wind Onshore,2026-08-25T03:38:09Z
2026-08-25T03:35:04Z,2026-08-25T05:35:04+0200,16553320-5c3e-4a08-95db-080ced308e52,2026-08-11T18:00:00Z,2026-08-11T20:00:00+0200,6007.28847,MW,DE,DE_LU,actual_onshore_wind_generation,Wind Onshore,2026-08-25T03:38:09Z
2026-08-25T03:35:04Z,2026-08-25T05:35:04+0200,16553320-5c3e-4a08-95db-080ced308e52,2026-08-11T18:15:00Z,2026-08-11T20:15:00+0200,6072.45078,MW,DE,DE_LU,actual_onshore_wind_generation,Wind Onshore,2026-08-25T03:38:09Z
2026-08-25T03:35:04Z,2026-08-25T05:35:04+0200,16553320-5c3e-4a08-95db-080ced308e52,2026-08-11T18:30:00Z,2026-08-11T20:30:00+0200,6492.39287,MW,DE,DE_LU,actual_onshore_wind_generation,Wind Onshore,2026-08-25T03:38:09Z
2026-08-25T03:35:04Z,2026-08-25T05:35:04+0200,16553320-5c3e-4a08-95db-080ced308e52,2026-08-11T18:45:00Z,2026-08-11T20:45:00+0200,6833.88979,MW,DE,DE_LU,actual_onshore_wind_generation,Wind Onshore,2026-08-25T03:38:09Z
2026-08-25T03:35:04Z,2026-08-25T05:35:04+0200,16553320-5c3e-4a08-95db-080ced308e52,2026-08-11T19:00:00Z,2026-08-11T21:00:00+0200,6689.71485,MW,DE,DE_LU,actual_onshore_wind_generation,Wind Onshore,2026-08-25T03:38:09Z
2026-08-25T03:35:04Z,2026-08-25T05:35:04+0200,16553320-5c3e-4a08-95db-080ced308e52,2026-08-11T19:15:00Z,2026-08-11T21:15:00+0200,7243.62613,MW,DE,DE_LU,actual_onshore_wind_generation,Wind Onshore,2026-08-25T03:38:09Z
2026-08-25T03:35:04Z,2026-08-25T05:35:04+0200,16553320-5c3e-4a08-95db-080ced308e52,2026-08-11T19:30:00Z,2026-08-11T21:30:00+0200,7843.80785,MW,DE,DE_LU,actual_onshore_wind_generation,Wind Onshore,2026-08-25T03:38:09Z
2026-08-25T03:35:04Z,2026-08-25T05:35:04+0200,16553320-5c3e-4a08-95db-080ced308e52,2026-08-11T19:45:00Z,2026-08-11T21:45:00+0200,8363.24006,MW,DE,DE_LU,actual_onshore_wind_generation,Wind Onshore,2026-08-25T03:38:09Z
2026-08-25T03:35:04Z,2026-08-25T05:35:04+0200,16553320-5c3e-4a08-95db-080ced308e52,2026-08-11T20:00:00Z,2026-08-11T22:00:00+0200,8494.59302,MW,DE,DE_LU,actual_onshore_wind_generation,Wind Onshore,2026-08-25T03:38:09Z
2026-08-25T03:35:04Z,2026-08-25T05:35:04+0200,16553320-5c3e-4a08-95db-080ced308e52,2026-08-11T20:15:00Z,2026-08-11T22:15:00+0200,8682.95334,MW,DE,DE_LU,actual_onshore_wind_generation,Wind Onshore,2026-08-25T03:38:09Z
2026-08-25T03:35:04Z,2026-08-25T05:35:04+0200,16553320-5c3e-4a08-95db-080ced308e52,2026-08-11T20:30:00Z,2026-08-11T22:30:00+0200,8805.47379,MW,DE,DE_LU,actual_onshore_wind_generation,Wind Onshore,2026-08-25T03:38:09Z
2026-08-25T03:35:04Z,2026-08-25T05:35:04+0200,16553320-5c3e-4a08-95db-080ced308e52,2026-08-11T20:45:00Z,2026-08-11T22:45:00+0200,8954.59548,MW,DE,DE_LU,actual_onshore_wind_generation,Wind Onshore,2026-08-25T03:38:09Z
2026-08-25T03:35:04Z,2026-08-25T05:35:04+0200,16553320-5c3e-4a08-95db-080ced308e52,2026-08-11T21:00:00Z,2026-08-11T23:00:00+0200,9072.67884,MW,DE,DE_LU,actual_onshore_wind_generation,Wind Onshore,2026-08-25T03:38:09Z
2026-08-25T03:35:04Z,2026-08-25T05:35:04+0200,16553320-5c3e-4a08-95db-080ced308e52,2026-08-11T21:15:00Z,2026-08-11T23:15:00+0200,9121.31813,MW,DE,DE_LU,actual_onshore_wind_generation,Wind Onshore,2026-08-25T03:38:09Z
2026-08-25T03:35:04Z,2026-08-25T05:35:04+0200,16553320-5c3e-4a08-95db-080ced308e52,2026-08-11T21:30:00Z,2026-08-11T23:30:00+0200,9022.72334,MW,DE,DE_LU,actual_onshore_wind_generation,Wind Onshore,2026-08-25T03:38:09Z
2026-08-25T03:35:04Z,2026-08-25T05:35:04+0200,16553320-5c3e-4a08-95db-080ced308e52,2026-08-11T21:45:00Z,2026-08-11T23:45:00+0200,9048.51195,MW,DE,DE_LU,actual_onshore_wind_generation,Wind Onshore,2026-08-25T03:38:09Z
2026-08-25T03:35:04Z,2026-08-25T05:35:04+0200,16553320-5c3e-4a08-95db-080ced308e52,2026-08-11T22:00:00Z,2026-08-12T00:00:00+0200,8801.14808,MW,DE,DE_LU,actual_onshore_wind_generation,Wind Onshore,2026-08-25T03:38:09Z
2026-08-25T03:35:04Z,2026-08-25T05:35:04+0200,16553320-5c3e-4a08-95db-080ced308e52,2026-08-11T22:15:00Z,2026-08-12T00:15:00+0200,8571.38066,MW,DE,DE_LU,actual_onshore_wind_generation,Wind Onshore,2026-08-25T03:38:09Z
2026-08-25T03:35:04Z,2026-08-25T05:35:04+0200,16553320-5c3e-4a08-95db-080ced308e52,2026-08-11T22:30:00Z,2026-08-12T00:30:00+0200,8346.9342,MW,DE,DE_LU,actual_onshore_wind_generation,Wind Onshore,2026-08-25T03:38:09Z
2026-08-25T03:35:04Z,2026-08-25T05:35:04+0200,16553320-5c3e-4a08-95db-080ced308e52,2026-08-11T22:45:00Z,2026-08-12T00:45:00+0200,8253.09132,MW,DE,DE_LU,actual_onshore_wind_generation,Wind Onshore,2026-08-25T03:38:09Z
2026-08-25T03:35:04Z,2026-08-25T05:35:04+0200,16553320-5c3e-4a08-95db-080ced308e52,2026-08-11T23:00:00Z,2026-08-12T01:00:00+0200,8074.05311,MW,DE,DE_LU,actual_onshore_wind_generation,Wind Onshore,2026-08-25T03:38:09Z
2026-08-25T03:35:04Z,2026-08-25T05:35:04+0200,16553320-5c3e-4a08-95db-080ced308e52,2026-08-11T23:15:00Z,2026-08-12T01:15:00+0200,7949.5621,MW,DE,DE_LU,actual_onshore_wind_generation,Wind Onshore,2026-08-25T03:38:09Z
2026-08-25T03:35:04Z,2026-08-25T05:35:04+0200,16553320-5c3e-4a08-95db-080ced308e52,2026-08-11T23:30:00Z,2026-08-12T01:30:00+0200,7776.12671,MW,DE,DE_LU,actual_onshore_wind_generation,Wind Onshore,2026-08-25T03:38:09Z
2026-08-25T03:35:04Z,2026-08-25T05:35:04+0200,16553320-5c3e-4a08-95db-080ced308e52,2026-08-11T23:45:00Z,2026-08-12T01:45:00+0200,7615.85806,MW,DE,DE_LU,actual_onshore_wind_generation,Wind Onshore,2026-08-25T03:38:09Z
2026-08-25T03:35:04Z,2026-08-25T05:35:04+0200,16553320-5c3e-4a08-95db-080ced308e52,2026-08-12T00:00:00Z,2026-08-12T02:00:00+0200,7331.98862,MW,DE,DE_LU,actual_onshore_wind_generation,Wind Onshore,2026-08-25T03:38:09Z
2026-08-25T03:35:04Z,2026-08-25T05:35:04+0200,16553320-5c3e-4a08-95db-080ced308e52,2026-08-12T00:15:00Z,2026-08-12T02:15:00+0200,7204.20439,MW,DE,DE_LU,actual_onshore_wind_generation,Wind Onshore,2026-08-25T03:38:09Z
2026-08-25T03:35:04Z,2026-08-25T05:35:04+0200,16553320-5c3e-4a08-95db-080ced308e52,2026-08-12T00:30:00Z,2026-08-12T02:30:00+0200,7136.96702,MW,DE,DE_LU,actual_onshore_wind_generation,Wind Onshore,2026-08-25T03:38:09Z
2026-08-25T03:35:04Z,2026-08-25T05:35:04+0200,16553320-5c3e-4a08-95db-080ced308e52,2026-08-12T00:45:00Z,2026-08-12T02:45:00+0200,7014.75429,MW,DE,DE_LU,actual_onshore_wind_generation,Wind Onshore,2026-08-25T03:38:09Z
2026-08-25T03:35:04Z,2026-08-25T05:35:04+0200,16553320-5c3e-4a08-95db-080ced308e52,2026-08-12T01:00:00Z,2026-08-12T03:00:00+0200,6937.39441,MW,DE,DE_LU,actual_onshore_wind_generation,Wind Onshore,2026-08-25T03:38:09Z
2026-08-25T03:35:04Z,2026-08-25T05:35:04+0200,16553320-5c3e-4a08-95db-080ced308e52,2026-08-12T01:15:00Z,2026-08-12T03:15:00+0200,6877.14935,MW,DE,DE_LU,actual_onshore_wind_generation,Wind Onshore,2026-08-25T03:38:09Z
2026-08-25T03:35:04Z,2026-08-25T05:35:04+0200,16553320-5c3e-4a08-95db-080ced308e52,2026-08-12T01:30:00Z,2026-08-12T03:30:00+0200,6687.97541,MW,DE,DE_LU,actual_onshore_wind_generation,Wind Onshore,2026-08-25T03:38:09Z
2026-08-25T03:35:04Z,2026-08-25T05:35:04+0200,16553320-5c3e-4a08-95db-080ced308e52,2026-08-12T01:45:00Z,2026-08-12T03:45:00+0200,6570.82629,MW,DE,DE_LU,actual_onshore_wind_generation,Wind Onshore,2026-08-25T03:38:09Z
2026-08-25T03:35:04Z,2026-08-25T05:35:04+0200,16553320-5c3e-4a08-95db-080ced308e52,2026-08-12T02:00:00Z,2026-08-12T04:00:00+0200,6489.91326,MW,DE,DE_LU,actual_onshore_wind_generation,Wind Onshore,2026-08-25T03:38:09Z
2026-08-25T03:35:04Z,2026-08-25T05:35:04+0200,16553320-5c3e-4a08-95db-080ced308e52,2026-08-12T02:15:00Z,2026-08-12T04:15:00+0200,6407.72225,MW,DE,DE_LU,actual_onshore_wind_generation,Wind Onshore,2026-08-25T03:38:09Z
2026-08-25T03:35:04Z,2026-08-25T05:35:04+0200,16553320-5c3e-4a08-95db-080ced308e52,2026-08-12T02:30:00Z,2026-08-12T04:30:00+0200,6245.46559,MW,DE,DE_LU,actual_onshore_wind_generation,Wind Onshore,2026-08-25T03:38:09Z
2026-08-25T03:35:04Z,2026-08-25T05:35:04+0200,16553320-5c3e-4a08-95db-080ced308e52,2026-08-12T02:45:00Z,2026-08-12T04:45:00+0200,6149.08067,MW,DE,DE_LU,actual_onshore_wind_generation,Wind Onshore,2026-08-25T03:38:09Z
2026-08-25T03:35:04Z,2026-08-25T05:35:04+0200,16553320-5c3e-4a08-95db-080ced308e52,2026-08-12T03:00:00Z,2026-08-12T05:00:00+0200,6143.45133,MW,DE,DE_LU,actual_onshore_wind_generation,Wind Onshore,2026-08-25T03:38:09Z
2026-08-25T03:35:04Z,2026-08-25T05:35:04+0200,16553320-5c3e-4a08-95db-080ced308e52,2026-08-12T03:15:00Z,2026-08-12T05:15:00+0200,6190.76854,MW,DE,DE_LU,actual_onshore_wind_generation,Wind Onshore,2026-08-25T03:38:09Z
2026-08-25T03:35:04Z,2026-08-25T05:35:04+0200,16553320-5c3e-4a08-95db-080ced308e52,2026-08-12T03:30:00Z,2026-08-12T05:30:00+0200,6050.31082,MW,DE,DE_LU,actual_onshore_wind_generation,Wind Onshore,2026-08-25T03:38:09Z
2026-08-25T03:35:04Z,2026-08-25T05:35:04+0200,16553320-5c3e-4a08-95db-080ced308e52,2026-08-12T03:45:00Z,2026-08-12T05:45:00+0200,6029.08729,MW,DE,DE_LU,actual_onshore_wind_generation,Wind Onshore,2026-08-25T03:38:09Z
2026-08-25T03:35:04Z,2026-08-25T05:35:04+0200,16553320-5c3e-4a08-95db-080ced308e52,2026-08-12T04:00:00Z,2026-08-12T06:00:00+0200,6206.70326,MW,DE,DE_LU,actual_onshore_wind_generation,Wind Onshore,2026-08-25T03:38:09Z
2026-08-25T03:35:04Z,2026-08-25T05:35:04+0200,16553320-5c3e-4a08-95db-080ced308e52,2026-08-12T04:15:00Z,2026-08-12T06:15:00+0200,6335.21427,MW,DE,DE_LU,actual_onshore_wind_generation,Wind Onshore,2026-08-25T03:38:09Z
2026-08-25T03:35:04Z,2026-08-25T05:35:04+0200,16553320-5c3e-4a08-95db-080ced308e52,2026-08-12T04:30:00Z,2026-08-12T06:30:00+0200,6235.27708,MW,DE,DE_LU,actual_onshore_wind_generation,Wind Onshore,2026-08-25T03:38:09Z
2026-08-25T03:35:04Z,2026-08-25T05:35:04+0200,16553320-5c3e-4a08-95db-080ced308e52,2026-08-12T04:45:00Z,2026-08-12T06:45:00+0200,5938.40887,MW,DE,DE_LU,actual_onshore_wind_generation,Wind Onshore,2026-08-25T03:38:09Z
2026-08-25T03:35:04Z,2026-08-25T05:35:04+0200,16553320-5c3e-4a08-95db-080ced308e52,2026-08-12T05:00:00Z,2026-08-12T07:00:00+0200,5802.32453,MW,DE,DE_LU,actual_onshore_wind_generation,Wind Onshore,2026-08-25T03:38:09Z
2026-08-25T03:35:04Z,2026-08-25T05:35:04+0200,16553320-5c3e-4a08-95db-080ced308e52,2026-08-12T05:15:00Z,2026-08-12T07:15:00+0200,5698.33132,MW,DE,DE_LU,actual_onshore_wind_generation,Wind Onshore,2026-08-25T03:38:09Z
2026-08-25T03:35:04Z,2026-08-25T05:35:04+0200,16553320-5c3e-4a08-95db-080ced308e52,2026-08-12T05:30:00Z,2026-08-12T07:30:00+0200,5371.12081,MW,DE,DE_LU,actual_onshore_wind_generation,Wind Onshore,2026-08-25T03:38:09Z
2026-08-25T03:35:04Z,2026-08-25T05:35:04+0200,16553320-5c3e-4a08-95db-080ced308e52,2026-08-12T05:45:00Z,2026-08-12T07:45:00+0200,4846.99926,MW,DE,DE_LU,actual_onshore_wind_generation,Wind Onshore,2026-08-25T03:38:09Z
2026-08-25T03:35:04Z,2026-08-25T05:35:04+0200,16553320-5c3e-4a08-95db-080ced308e52,2026-08-12T06:00:00Z,2026-08-12T08:00:00+0200,4112.90517,MW,DE,DE_LU,actual_onshore_wind_generation,Wind Onshore,2026-08-25T03:38:09Z
2026-08-25T03:35:04Z,2026-08-25T05:35:04+0200,16553320-5c3e-4a08-95db-080ced308e52,2026-08-12T06:15:00Z,2026-08-12T08:15:00+0200,3304.87575,MW,DE,DE_LU,actual_onshore_wind_generation,Wind Onshore,2026-08-25T03:38:09Z
2026-08-25T03:35:04Z,2026-08-25T05:35:04+0200,16553320-5c3e-4a08-95db-080ced308e52,2026-08-12T06:30:00Z,2026-08-12T08:30:00+0200,2535.19027,MW,DE,DE_LU,actual_onshore_wind_generation,Wind Onshore,2026-08-25T03:38:09Z
2026-08-25T03:35:04Z,2026-08-25T05:35:04+0200,16553320-5c3e-4a08-95db-080ced308e52,2026-08-12T06:45:00Z,2026-08-12T08:45:00+0200,1977.51105,MW,DE,DE_LU,actual_onshore_wind_generation,Wind Onshore,2026-08-25T03:38:09Z
2026-08-25T03:35:04Z,2026-08-25T05:35:04+0200,16553320-5c3e-4a08-95db-080ced308e52,2026-08-12T07:00:00Z,2026-08-12T09:00:00+0200,1604.11868,MW,DE,DE_LU,actual_onshore_wind_generation,Wind Onshore,2026-08-25T03:38:09Z
2026-08-25T03:35:04Z,2026-08-25T05:35:04+0200,16553320-5c3e-4a08-95db-080ced308e52,2026-08-12T07:15:00Z,2026-08-12T09:15:00+0200,1342.27282,MW,DE,DE_LU,actual_onshore_wind_generation,Wind Onshore,2026-08-25T03:38:09Z
2026-08-25T03:35:04Z,2026-08-25T05:35:04+0200,16553320-5c3e-4a08-95db-080ced308e52,2026-08-12T07:30:00Z,2026-08-12T09:30:00+0200,1236.0416,MW,DE,DE_LU,actual_onshore_wind_generation,Wind Onshore,2026-08-25T03:38:09Z
2026-08-25T03:35:04Z,2026-08-25T05:35:04+0200,16553320-5c3e-4a08-95db-080ced308e52,2026-08-12T07:45:00Z,2026-08-12T09:45:00+0200,1210.92621,MW,DE,DE_LU,actual_onshore_wind_generation,Wind Onshore,2026-08-25T03:38:09Z
2026-08-25T03:35:04Z,2026-08-25T05:35:04+0200,16553320-5c3e-4a08-95db-080ced308e52,2026-08-12T08:00:00Z,2026-08-12T10:00:00+0200,1238.13932,MW,DE,DE_LU,actual_onshore_wind_generation,Wind Onshore,2026-08-25T03:38:09Z
2026-08-25T03:35:04Z,2026-08-25T05:35:04+0200,16553320-5c3e-4a08-95db-080ced308e52,2026-08-12T08:15:00Z,2026-08-12T10:15:00+0200,1215.41608,MW,DE,DE_LU,actual_onshore_wind_generation,Wind Onshore,2026-08-25T03:38:09Z
2026-08-25T03:35:04Z,2026-08-25T05:35:04+0200,16553320-5c3e-4a08-95db-080ced308e52,2026-08-12T08:30:00Z,2026-08-12T10:30:00+0200,1307.95178,MW,DE,DE_LU,actual_onshore_wind_generation,Wind Onshore,2026-08-25T03:38:09Z
2026-08-25T03:35:04Z,2026-08-25T05:35:04+0200,16553320-5c3e-4a08-95db-080ced308e52,2026-08-12T08:45:00Z,2026-08-12T10:45:00+0200,1401.23299,MW,DE,DE_LU,actual_onshore_wind_generation,Wind Onshore,2026-08-25T03:38:09Z
2026-08-25T03:35:04Z,2026-08-25T05:35:04+0200,16553320-5c3e-4a08-95db-080ced308e52,2026-08-12T09:00:00Z,2026-08-12T11:00:00+0200,1469.31535,MW,DE,DE_LU,actual_onshore_wind_generation,Wind Onshore,2026-08-25T03:38:09Z
2026-08-25T03:35:04Z,2026-08-25T05:35:04+0200,16553320-5c3e-4a08-95db-080ced308e52,2026-08-12T09:15:00Z,2026-08-12T11:15:00+0200,1560.24433,MW,DE,DE_LU,actual_onshore_wind_generation,Wind Onshore,2026-08-25T03:38:09Z
2026-08-25T03:35:04Z,2026-08-25T05:35:04+0200,16553320-5c3e-4a08-95db-080ced308e52,2026-08-12T09:30:00Z,2026-08-12T11:30:00+0200,1556.5899,MW,DE,DE_LU,actual_onshore_wind_generation,Wind Onshore,2026-08-25T03:38:09Z
2026-08-25T03:35:04Z,2026-08-25T05:35:04+0200,16553320-5c3e-4a08-95db-080ced308e52,2026-08-12T09:45:00Z,2026-08-12T11:45:00+0200,1551.97997,MW,DE,DE_LU,actual_onshore_wind_generation,Wind Onshore,2026-08-25T03:38:09Z
2026-08-25T03:35:04Z,2026-08-25T05:35:04+0200,16553320-5c3e-4a08-95db-080ced308e52,2026-08-12T10:00:00Z,2026-08-12T12:00:00+0200,1341.9763,MW,DE,DE_LU,actual_onshore_wind_generation,Wind Onshore,2026-08-25T03:38:09Z
2026-08-25T03:35:04Z,2026-08-25T05:35:04+0200,16553320-5c3e-4a08-95db-080ced308e52,2026-08-12T10:15:00Z,2026-08-12T12:15:00+0200,1164.30921,MW,DE,DE_LU,actual_onshore_wind_generation,Wind Onshore,2026-08-25T03:38:09Z
2026-08-25T03:35:04Z,2026-08-25T05:35:04+0200,16553320-5c3e-4a08-95db-080ced308e52,2026-08-12T10:30:00Z,2026-08-12T12:30:00+0200,1145.32845,MW,DE,DE_LU,actual_onshore_wind_generation,Wind Onshore,2026-08-25T03:38:09Z
2026-08-25T03:35:04Z,2026-08-25T05:35:04+0200,16553320-5c3e-4a08-95db-080ced308e52,2026-08-12T10:45:00Z,2026-08-12T12:45:00+0200,1079.41044,MW,DE,DE_LU,actual_onshore_wind_generation,Wind Onshore,2026-08-25T03:38:09Z
2026-08-25T03:35:04Z,2026-08-25T05:35:04+0200,16553320-5c3e-4a08-95db-080ced308e52,2026-08-12T11:00:00Z,2026-08-12T13:00:00+0200,1019.38613,MW,DE,DE_LU,actual_onshore_wind_generation,Wind Onshore,2026-08-25T03:38:09Z
2026-08-25T03:35:04Z,2026-08-25T05:35:04+0200,16553320-5c3e-4a08-95db-080ced308e52,2026-08-12T11:15:00Z,2026-08-12T13:15:00+0200,960.29345,MW,DE,DE_LU,actual_onshore_wind_generation,Wind Onshore,2026-08-25T03:38:09Z
2026-08-25T03:35:04Z,2026-08-25T05:35:04+0200,16553320-5c3e-4a08-95db-080ced308e52,2026-08-12T11:30:00Z,2026-08-12T13:30:00+0200,1002.20331,MW,DE,DE_LU,actual_onshore_wind_generation,Wind Onshore,2026-08-25T03:38:09Z
2026-08-25T03:35:04Z,2026-08-25T05:35:04+0200,16553320-5c3e-4a08-95db-080ced308e52,2026-08-12T11:45:00Z,2026-08-12T13:45:00+0200,1020.43983,MW,DE,DE_LU,actual_onshore_wind_generation,Wind Onshore,2026-08-25T03:38:09Z
2026-08-25T03:35:04Z,2026-08-25T05:35:04+0200,16553320-5c3e-4a08-95db-080ced308e52,2026-08-12T12:00:00Z,2026-08-12T14:00:00+0200,1175.69247,MW,DE,DE_LU,actual_onshore_wind_generation,Wind Onshore,2026-08-25T03:38:09Z
2026-08-25T03:35:04Z,2026-08-25T05:35:04+0200,16553320-5c3e-4a08-95db-080ced308e52,2026-08-12T12:15:00Z,2026-08-12T14:15:00+0200,1241.10878,MW,DE,DE_LU,actual_onshore_wind_generation,Wind Onshore,2026-08-25T03:38:09Z
2026-08-25T03:35:04Z,2026-08-25T05:35:04+0200,16553320-5c3e-4a08-95db-080ced308e52,2026-08-12T12:30:00Z,2026-08-12T14:30:00+0200,1372.01818,MW,DE,DE_LU,actual_onshore_wind_generation,Wind Onshore,2026-08-25T03:38:09Z
2026-08-25T03:35:04Z,2026-08-25T05:35:04+0200,16553320-5c3e-4a08-95db-080ced308e52,2026-08-12T12:45:00Z,2026-08-12T14:45:00+0200,1436.94735,MW,DE,DE_LU,actual_onshore_wind_generation,Wind Onshore,2026-08-25T03:38:09Z
2026-08-25T03:35:04Z,2026-08-25T05:35:04+0200,16553320-5c3e-4a08-95db-080ced308e52,2026-08-12T13:00:00Z,2026-08-12T15:00:00+0200,1530.61115,MW,DE,DE_LU,actual_onshore_wind_generation,Wind Onshore,2026-08-25T03:38:09Z
2026-08-25T03:35:04Z,2026-08-25T05:35:04+0200,16553320-5c3e-4a08-95db-080ced308e52,2026-08-12T13:15:00Z,2026-08-12T15:15:00+0200,1616.34918,MW,DE,DE_LU,actual_onshore_wind_generation,Wind Onshore,2026-08-25T03:38:09Z
2026-08-25T03:35:04Z,2026-08-25T05:35:04+0200,16553320-5c3e-4a08-95db-080ced308e52,2026-08-12T13:30:00Z,2026-08-12T15:30:00+0200,1698.54457,MW,DE,DE_LU,actual_onshore_wind_generation,Wind Onshore,2026-08-25T03:38:09Z
2026-08-25T03:35:04Z,2026-08-25T05:35:04+0200,16553320-5c3e-4a08-95db-080ced308e52,2026-08-12T13:45:00Z,2026-08-12T15:45:00+0200,1777.08613,MW,DE,DE_LU,actual_onshore_wind_generation,Wind Onshore,2026-08-25T03:38:09Z
2026-08-25T03:35:04Z,2026-08-25T05:35:04+0200,16553320-5c3e-4a08-95db-080ced308e52,2026-08-12T14:00:00Z,2026-08-12T16:00:00+0200,1822.55169,MW,DE,DE_LU,actual_onshore_wind_generation,Wind Onshore,2026-08-25T03:38:09Z
2026-08-25T03:35:04Z,2026-08-25T05:35:04+0200,16553320-5c3e-4a08-95db-080ced308e52,2026-08-12T14:15:00Z,2026-08-12T16:15:00+0200,1861.61062,MW,DE,DE_LU,actual_onshore_wind_generation,Wind Onshore,2026-08-25T03:38:09Z
2026-08-25T03:35:04Z,2026-08-25T05:35:04+0200,16553320-5c3e-4a08-95db-080ced308e52,2026-08-12T14:30:00Z,2026-08-12T16:30:00+0200,1958.52038,MW,DE,DE_LU,actual_onshore_wind_generation,Wind Onshore,2026-08-25T03:38:09Z
2026-08-25T03:35:04Z,2026-08-25T05:35:04+0200,16553320-5c3e-4a08-95db-080ced308e52,2026-08-12T14:45:00Z,2026-08-12T16:45:00+0200,2045.22297,MW,DE,DE_LU,actual_onshore_wind_generation,Wind Onshore,2026-08-25T03:38:09Z
2026-08-25T03:35:04Z,2026-08-25T05:35:04+0200,16553320-5c3e-4a08-95db-080ced308e52,2026-08-12T15:00:00Z,2026-08-12T17:00:00+0200,2126.33522,MW,DE,DE_LU,actual_onshore_wind_generation,Wind Onshore,2026-08-25T03:38:09Z
2026-08-25T03:35:04Z,2026-08-25T05:35:04+0200,16553320-5c3e-4a08-95db-080ced308e52,2026-08-12T15:15:00Z,2026-08-12T17:15:00+0200,2244.41225,MW,DE,DE_LU,actual_onshore_wind_generation,Wind Onshore,2026-08-25T03:38:09Z
2026-08-25T03:35:04Z,2026-08-25T05:35:04+0200,16553320-5c3e-4a08-95db-080ced308e52,2026-08-12T15:30:00Z,2026-08-12T17:30:00+0200,2376.11605,MW,DE,DE_LU,actual_onshore_wind_generation,Wind Onshore,2026-08-25T03:38:09Z
2026-08-25T03:35:04Z,2026-08-25T05:35:04+0200,16553320-5c3e-4a08-95db-080ced308e52,2026-08-12T15:45:00Z,2026-08-12T17:45:00+0200,2525.65739,MW,DE,DE_LU,actual_onshore_wind_generation,Wind Onshore,2026-08-25T03:38:09Z
2026-08-25T03:35:04Z,2026-08-25T05:35:04+0200,16553320-5c3e-4a08-95db-080ced308e52,2026-08-12T16:00:00Z,2026-08-12T18:00:00+0200,2625.99929,MW,DE,DE_LU,actual_onshore_wind_generation,Wind Onshore,2026-08-25T03:38:09Z
2026-08-25T03:35:04Z,2026-08-25T05:35:04+0200,16553320-5c3e-4a08-95db-080ced308e52,2026-08-12T16:15:00Z,2026-08-12T18:15:00+0200,2775.18167,MW,DE,DE_LU,actual_onshore_wind_generation,Wind Onshore,2026-08-25T03:38:09Z
2026-08-25T03:35:04Z,2026-08-25T05:35:04+0200,16553320-5c3e-4a08-95db-080ced308e52,2026-08-12T16:30:00Z,2026-08-12T18:30:00+0200,2962.54542,MW,DE,DE_LU,actual_onshore_wind_generation,Wind Onshore,2026-08-25T03:38:09Z
2026-08-25T03:35:04Z,2026-08-25T05:35:04+0200,16553320-5c3e-4a08-95db-080ced308e52,2026-08-12T16:45:00Z,2026-08-12T18:45:00+0200,3194.41659,MW,DE,DE_LU,actual_onshore_wind_generation,Wind Onshore,2026-08-25T03:38:09Z
2026-08-25T03:35:04Z,2026-08-25T05:35:04+0200,16553320-5c3e-4a08-95db-080ced308e52,2026-08-12T17:00:00Z,2026-08-12T19:00:00+0200,3471.1144,MW,DE,DE_LU,actual_onshore_wind_generation,Wind Onshore,2026-08-25T03:38:09Z
2026-08-25T03:35:04Z,2026-08-25T05:35:04+0200,16553320-5c3e-4a08-95db-080ced308e52,2026-08-12T17:15:00Z,2026-08-12T19:15:00+0200,3807.02006,MW,DE,DE_LU,actual_onshore_wind_generation,Wind Onshore,2026-08-25T03:38:09Z
2026-08-25T03:35:04Z,2026-08-25T05:35:04+0200,16553320-5c3e-4a08-95db-080ced308e52,2026-08-12T17:30:00Z,2026-08-12T19:30:00+0200,4106.2799,MW,DE,DE_LU,actual_onshore_wind_generation,Wind Onshore,2026-08-25T03:38:09Z
2026-08-25T03:35:04Z,2026-08-25T05:35:04+0200,16553320-5c3e-4a08-95db-080ced308e52,2026-08-12T17:45:00Z,2026-08-12T19:45:00+0200,4409.14191,MW,DE,DE_LU,actual_onshore_wind_generation,Wind Onshore,2026-08-25T03:38:09Z
2026-08-25T03:35:04Z,2026-08-25T05:35:04+0200,16553320-5c3e-4a08-95db-080ced308e52,2026-08-12T18:00:00Z,2026-08-12T20:00:00+0200,4991.3429,MW,DE,DE_LU,actual_onshore_wind_generation,Wind Onshore,2026-08-25T03:38:09Z
2026-08-25T03:35:04Z,2026-08-25T05:35:04+0200,16553320-5c3e-4a08-95db-080ced308e52,2026-08-12T18:15:00Z,2026-08-12T20:15:00+0200,6179.19563,MW,DE,DE_LU,actual_onshore_wind_generation,Wind Onshore,2026-08-25T03:38:09Z
2026-08-25T03:35:04Z,2026-08-25T05:35:04+0200,16553320-5c3e-4a08-95db-080ced308e52,2026-08-12T18:30:00Z,2026-08-12T20:30:00+0200,7565.29284,MW,DE,DE_LU,actual_onshore_wind_generation,Wind Onshore,2026-08-25T03:38:09Z
2026-08-25T03:35:04Z,2026-08-25T05:35:04+0200,16553320-5c3e-4a08-95db-080ced308e52,2026-08-12T18:45:00Z,2026-08-12T20:45:00+0200,8747.28821,MW,DE,DE_LU,actual_onshore_wind_generation,Wind Onshore,2026-08-25T03:38:09Z
2026-08-25T03:35:04Z,2026-08-25T05:35:04+0200,16553320-5c3e-4a08-95db-080ced308e52,2026-08-12T19:00:00Z,2026-08-12T21:00:00+0200,9456.18351,MW,DE,DE_LU,actual_onshore_wind_generation,Wind Onshore,2026-08-25T03:38:09Z
2026-08-25T03:35:04Z,2026-08-25T05:35:04+0200,16553320-5c3e-4a08-95db-080ced308e52,2026-08-12T19:15:00Z,2026-08-12T21:15:00+0200,10645.98041,MW,DE,DE_LU,actual_onshore_wind_generation,Wind Onshore,2026-08-25T03:38:09Z
2026-08-25T03:35:04Z,2026-08-25T05:35:04+0200,16553320-5c3e-4a08-95db-080ced308e52,2026-08-12T19:30:00Z,2026-08-12T21:30:00+0200,11762.85255,MW,DE,DE_LU,actual_onshore_wind_generation,Wind Onshore,2026-08-25T03:38:09Z
2026-08-25T03:35:04Z,2026-08-25T05:35:04+0200,16553320-5c3e-4a08-95db-080ced308e52,2026-08-12T19:45:00Z,2026-08-12T21:45:00+0200,12697.7331,MW,DE,DE_LU,actual_onshore_wind_generation,Wind Onshore,2026-08-25T03:38:09Z
2026-08-25T03:35:04Z,2026-08-25T05:35:04+0200,16553320-5c3e-4a08-95db-080ced308e52,2026-08-12T20:00:00Z,2026-08-12T22:00:00+0200,13276.87228,MW,DE,DE_LU,actual_onshore_wind_generation,Wind Onshore,2026-08-25T03:38:09Z
2026-08-25T03:35:04Z,2026-08-25T05:35:04+0200,16553320-5c3e-4a08-95db-080ced308e52,2026-08-12T20:15:00Z,2026-08-12T22:15:00+0200,13895.67996,MW,DE,DE_LU,actual_onshore_wind_generation,Wind Onshore,2026-08-25T03:38:09Z
2026-08-25T03:35:04Z,2026-08-25T05:35:04+0200,16553320-5c3e-4a08-95db-080ced308e52,2026-08-12T20:30:00Z,2026-08-12T22:30:00+0200,14432.63302,MW,DE,DE_LU,actual_onshore_wind_generation,Wind Onshore,2026-08-25T03:38:09Z
2026-08-25T03:35:04Z,2026-08-25T05:35:04+0200,16553320-5c3e-4a08-95db-080ced308e52,2026-08-12T20:45:00Z,2026-08-12T22:45:00+0200,14873.13233,MW,DE,DE_LU,actual_onshore_wind_generation,Wind Onshore,2026-08-25T03:38:09Z
2026-08-25T03:35:04Z,2026-08-25T05:35:04+0200,16553320-5c3e-4a08-95db-080ced308e52,2026-08-12T21:00:00Z,2026-08-12T23:00:00+0200,14967.70398,MW,DE,DE_LU,actual_onshore_wind_generation,Wind Onshore,2026-08-25T03:38:09Z
2026-08-25T03:35:04Z,2026-08-25T05:35:04+0200,16553320-5c3e-4a08-95db-080ced308e52,2026-08-12T21:15:00Z,2026-08-12T23:15:00+0200,15266.80385,MW,DE,DE_LU,actual_onshore_wind_generation,Wind Onshore,2026-08-25T03:38:09Z
2026-08-25T03:35:04Z,2026-08-25T05:35:04+0200,16553320-5c3e-4a08-95db-080ced308e52,2026-08-12T21:30:00Z,2026-08-12T23:30:00+0200,15567.07,MW,DE,DE_LU,actual_onshore_wind_generation,Wind Onshore,2026-08-25T03:38:09Z
2026-08-25T03:35:04Z,2026-08-25T05:35:04+0200,16553320-5c3e-4a08-95db-080ced308e52,2026-08-12T21:45:00Z,2026-08-12T23:45:00+0200,15592.1863,MW,DE,DE_LU,actual_onshore_wind_generation,Wind Onshore,2026-08-25T03:38:09Z
2026-08-25T03:35:04Z,2026-08-25T05:35:04+0200,16553320-5c3e-4a08-95db-080ced308e52,2026-08-12T22:00:00Z,2026-08-13T00:00:00+0200,15453.72748,MW,DE,DE_LU,actual_onshore_wind_generation,Wind Onshore,2026-08-25T03:38:09Z
2026-08-25T03:35:04Z,2026-08-25T05:35:04+0200,16553320-5c3e-4a08-95db-080ced308e52,2026-08-12T22:15:00Z,2026-08-13T00:15:00+0200,15465.19443,MW,DE,DE_LU,actual_onshore_wind_generation,Wind Onshore,2026-08-25T03:38:09Z
2026-08-25T03:35:04Z,2026-08-25T05:35:04+0200,16553320-5c3e-4a08-95db-080ced308e52,2026-08-12T22:30:00Z,2026-08-13T00:30:00+0200,15504.91428,MW,DE,DE_LU,actual_onshore_wind_generation,Wind Onshore,2026-08-25T03:38:09Z
2026-08-25T03:35:04Z,2026-08-25T05:35:04+0200,16553320-5c3e-4a08-95db-080ced308e52,2026-08-12T22:45:00Z,2026-08-13T00:45:00+0200,15469.93424,MW,DE,DE_LU,actual_onshore_wind_generation,Wind Onshore,2026-08-25T03:38:09Z
2026-08-25T03:35:04Z,2026-08-25T05:35:04+0200,16553320-5c3e-4a08-95db-080ced308e52,2026-08-12T23:00:00Z,2026-08-13T01:00:00+0200,15296.52848,MW,DE,DE_LU,actual_onshore_wind_generation,Wind Onshore,2026-08-25T03:38:09Z
2026-08-25T03:35:04Z,2026-08-25T05:35:04+0200,16553320-5c3e-4a08-95db-080ced308e52,2026-08-12T23:15:00Z,2026-08-13T01:15:00+0200,15300.67544,MW,DE,DE_LU,actual_onshore_wind_generation,Wind Onshore,2026-08-25T03:38:09Z
2026-08-25T03:35:04Z,2026-08-25T05:35:04+0200,16553320-5c3e-4a08-95db-080ced308e52,2026-08-12T23:30:00Z,2026-08-13T01:30:00+0200,15191.49804,MW,DE,DE_LU,actual_onshore_wind_generation,Wind Onshore,2026-08-25T03:38:09Z
2026-08-25T03:35:04Z,2026-08-25T05:35:04+0200,16553320-5c3e-4a08-95db-080ced308e52,2026-08-12T23:45:00Z,2026-08-13T01:45:00+0200,15177.37203,MW,DE,DE_LU,actual_onshore_wind_generation,Wind Onshore,2026-08-25T03:38:09Z
2026-08-25T03:35:04Z,2026-08-25T05:35:04+0200,16553320-5c3e-4a08-95db-080ced308e52,2026-08-13T00:00:00Z,2026-08-13T02:00:00+0200,14972.45347,MW,DE,DE_LU,actual_onshore_wind_generation,Wind Onshore,2026-08-25T03:38:09Z
2026-08-25T03:35:04Z,2026-08-25T05:35:04+0200,16553320-5c3e-4a08-95db-080ced308e52,2026-08-13T00:15:00Z,2026-08-13T02:15:00+0200,14673.34762,MW,DE,DE_LU,actual_onshore_wind_generation,Wind Onshore,2026-08-25T03:38:09Z
2026-08-25T03:35:04Z,2026-08-25T05:35:04+0200,16553320-5c3e-4a08-95db-080ced308e52,2026-08-13T00:30:00Z,2026-08-13T02:30:00+0200,14241.36392,MW,DE,DE_LU,actual_onshore_wind_generation,Wind Onshore,2026-08-25T03:38:09Z
2026-08-25T03:35:04Z,2026-08-25T05:35:04+0200,16553320-5c3e-4a08-95db-080ced308e52,2026-08-13T00:45:00Z,2026-08-13T02:45:00+0200,13898.31254,MW,DE,DE_LU,actual_onshore_wind_generation,Wind Onshore,2026-08-25T03:38:09Z
2026-08-25T03:35:04Z,2026-08-25T05:35:04+0200,16553320-5c3e-4a08-95db-080ced308e52,2026-08-13T01:00:00Z,2026-08-13T03:00:00+0200,13501.76781,MW,DE,DE_LU,actual_onshore_wind_generation,Wind Onshore,2026-08-25T03:38:09Z
2026-08-25T03:35:04Z,2026-08-25T05:35:04+0200,16553320-5c3e-4a08-95db-080ced308e52,2026-08-13T01:15:00Z,2026-08-13T03:15:00+0200,13154.29449,MW,DE,DE_LU,actual_onshore_wind_generation,Wind Onshore,2026-08-25T03:38:09Z
2026-08-25T03:35:04Z,2026-08-25T05:35:04+0200,16553320-5c3e-4a08-95db-080ced308e52,2026-08-13T01:30:00Z,2026-08-13T03:30:00+0200,12836.82319,MW,DE,DE_LU,actual_onshore_wind_generation,Wind Onshore,2026-08-25T03:38:09Z
2026-08-25T03:35:04Z,2026-08-25T05:35:04+0200,16553320-5c3e-4a08-95db-080ced308e52,2026-08-13T01:45:00Z,2026-08-13T03:45:00+0200,12507.96043,MW,DE,DE_LU,actual_onshore_wind_generation,Wind Onshore,2026-08-25T03:38:09Z
2026-08-25T03:35:04Z,2026-08-25T05:35:04+0200,16553320-5c3e-4a08-95db-080ced308e52,2026-08-13T02:00:00Z,2026-08-13T04:00:00+0200,12308.02012,MW,DE,DE_LU,actual_onshore_wind_generation,Wind Onshore,2026-08-25T03:38:09Z
2026-08-25T03:35:04Z,2026-08-25T05:35:04+0200,16553320-5c3e-4a08-95db-080ced308e52,2026-08-13T02:15:00Z,2026-08-13T04:15:00+0200,12013.89051,MW,DE,DE_LU,actual_onshore_wind_generation,Wind Onshore,2026-08-25T03:38:09Z
2026-08-25T03:35:04Z,2026-08-25T05:35:04+0200,16553320-5c3e-4a08-95db-080ced308e52,2026-08-13T02:30:00Z,2026-08-13T04:30:00+0200,11792.89781,MW,DE,DE_LU,actual_onshore_wind_generation,Wind Onshore,2026-08-25T03:38:09Z
2026-08-25T03:35:04Z,2026-08-25T05:35:04+0200,16553320-5c3e-4a08-95db-080ced308e52,2026-08-13T02:45:00Z,2026-08-13T04:45:00+0200,11633.96028,MW,DE,DE_LU,actual_onshore_wind_generation,Wind Onshore,2026-08-25T03:38:09Z
2026-08-25T03:35:04Z,2026-08-25T05:35:04+0200,16553320-5c3e-4a08-95db-080ced308e52,2026-08-13T03:00:00Z,2026-08-13T05:00:00+0200,11439.89016,MW,DE,DE_LU,actual_onshore_wind_generation,Wind Onshore,2026-08-25T03:38:09Z
2026-08-25T03:35:04Z,2026-08-25T05:35:04+0200,16553320-5c3e-4a08-95db-080ced308e52,2026-08-13T03:15:00Z,2026-08-13T05:15:00+0200,11287.62549,MW,DE,DE_LU,actual_onshore_wind_generation,Wind Onshore,2026-08-25T03:38:09Z
2026-08-25T03:35:04Z,2026-08-25T05:35:04+0200,16553320-5c3e-4a08-95db-080ced308e52,2026-08-13T03:30:00Z,2026-08-13T05:30:00+0200,10943.94057,MW,DE,DE_LU,actual_onshore_wind_generation,Wind Onshore,2026-08-25T03:38:09Z
2026-08-25T03:35:04Z,2026-08-25T05:35:04+0200,16553320-5c3e-4a08-95db-080ced308e52,2026-08-13T03:45:00Z,2026-08-13T05:45:00+0200,10752.52636,MW,DE,DE_LU,actual_onshore_wind_generation,Wind Onshore,2026-08-25T03:38:09Z
2026-08-25T03:35:04Z,2026-08-25T05:35:04+0200,16553320-5c3e-4a08-95db-080ced308e52,2026-08-13T04:00:00Z,2026-08-13T06:00:00+0200,11025.60943,MW,DE,DE_LU,actual_onshore_wind_generation,Wind Onshore,2026-08-25T03:38:09Z
2026-08-25T03:35:04Z,2026-08-25T05:35:04+0200,16553320-5c3e-4a08-95db-080ced308e52,2026-08-13T04:15:00Z,2026-08-13T06:15:00+0200,11011.1049,MW,DE,DE_LU,actual_onshore_wind_generation,Wind Onshore,2026-08-25T03:38:09Z
2026-08-25T03:35:04Z,2026-08-25T05:35:04+0200,16553320-5c3e-4a08-95db-080ced308e52,2026-08-13T04:30:00Z,2026-08-13T06:30:00+0200,10511.99418,MW,DE,DE_LU,actual_onshore_wind_generation,Wind Onshore,2026-08-25T03:38:09Z
2026-08-25T03:35:04Z,2026-08-25T05:35:04+0200,16553320-5c3e-4a08-95db-080ced308e52,2026-08-13T04:45:00Z,2026-08-13T06:45:00+0200,9907.58832,MW,DE,DE_LU,actual_onshore_wind_generation,Wind Onshore,2026-08-25T03:38:09Z
2026-08-25T03:35:04Z,2026-08-25T05:35:04+0200,16553320-5c3e-4a08-95db-080ced308e52,2026-08-13T05:00:00Z,2026-08-13T07:00:00+0200,9653.49985,MW,DE,DE_LU,actual_onshore_wind_generation,Wind Onshore,2026-08-25T03:38:09Z
2026-08-25T03:35:04Z,2026-08-25T05:35:04+0200,16553320-5c3e-4a08-95db-080ced308e52,2026-08-13T05:15:00Z,2026-08-13T07:15:00+0200,9407.5634,MW,DE,DE_LU,actual_onshore_wind_generation,Wind Onshore,2026-08-25T03:38:09Z
2026-08-25T03:35:04Z,2026-08-25T05:35:04+0200,16553320-5c3e-4a08-95db-080ced308e52,2026-08-13T05:30:00Z,2026-08-13T07:30:00+0200,8997.37009,MW,DE,DE_LU,actual_onshore_wind_generation,Wind Onshore,2026-08-25T03:38:09Z
2026-08-25T03:35:04Z,2026-08-25T05:35:04+0200,16553320-5c3e-4a08-95db-080ced308e52,2026-08-13T05:45:00Z,2026-08-13T07:45:00+0200,8366.12105,MW,DE,DE_LU,actual_onshore_wind_generation,Wind Onshore,2026-08-25T03:38:09Z
2026-08-25T03:35:04Z,2026-08-25T05:35:04+0200,16553320-5c3e-4a08-95db-080ced308e52,2026-08-13T06:00:00Z,2026-08-13T08:00:00+0200,7383.87857,MW,DE,DE_LU,actual_onshore_wind_generation,Wind Onshore,2026-08-25T03:38:09Z
2026-08-25T03:35:04Z,2026-08-25T05:35:04+0200,16553320-5c3e-4a08-95db-080ced308e52,2026-08-13T06:15:00Z,2026-08-13T08:15:00+0200,6355.02926,MW,DE,DE_LU,actual_onshore_wind_generation,Wind Onshore,2026-08-25T03:38:09Z
2026-08-25T03:35:04Z,2026-08-25T05:35:04+0200,16553320-5c3e-4a08-95db-080ced308e52,2026-08-13T06:30:00Z,2026-08-13T08:30:00+0200,5154.96027,MW,DE,DE_LU,actual_onshore_wind_generation,Wind Onshore,2026-08-25T03:38:09Z
2026-08-25T03:35:04Z,2026-08-25T05:35:04+0200,16553320-5c3e-4a08-95db-080ced308e52,2026-08-13T06:45:00Z,2026-08-13T08:45:00+0200,4017.8423,MW,DE,DE_LU,actual_onshore_wind_generation,Wind Onshore,2026-08-25T03:38:09Z
2026-08-25T03:35:04Z,2026-08-25T05:35:04+0200,16553320-5c3e-4a08-95db-080ced308e52,2026-08-13T07:00:00Z,2026-08-13T09:00:00+0200,3193.90542,MW,DE,DE_LU,actual_onshore_wind_generation,Wind Onshore,2026-08-25T03:38:09Z
2026-08-25T03:35:04Z,2026-08-25T05:35:04+0200,16553320-5c3e-4a08-95db-080ced308e52,2026-08-13T07:15:00Z,2026-08-13T09:15:00+0200,2484.63785,MW,DE,DE_LU,actual_onshore_wind_generation,Wind Onshore,2026-08-25T03:38:09Z
2026-08-25T03:35:04Z,2026-08-25T05:35:04+0200,16553320-5c3e-4a08-95db-080ced308e52,2026-08-13T07:30:00Z,2026-08-13T09:30:00+0200,2027.80251,MW,DE,DE_LU,actual_onshore_wind_generation,Wind Onshore,2026-08-25T03:38:09Z
2026-08-25T03:35:04Z,2026-08-25T05:35:04+0200,16553320-5c3e-4a08-95db-080ced308e52,2026-08-13T07:45:00Z,2026-08-13T09:45:00+0200,1732.82663,MW,DE,DE_LU,actual_onshore_wind_generation,Wind Onshore,2026-08-25T03:38:09Z
2026-08-25T03:35:04Z,2026-08-25T05:35:04+0200,16553320-5c3e-4a08-95db-080ced308e52,2026-08-13T08:00:00Z,2026-08-13T10:00:00+0200,1649.36018,MW,DE,DE_LU,actual_onshore_wind_generation,Wind Onshore,2026-08-25T03:38:09Z
2026-08-25T03:35:04Z,2026-08-25T05:35:04+0200,16553320-5c3e-4a08-95db-080ced308e52,2026-08-13T08:15:00Z,2026-08-13T10:15:00+0200,1729.07517,MW,DE,DE_LU,actual_onshore_wind_generation,Wind Onshore,2026-08-25T03:38:09Z
2026-08-25T03:35:04Z,2026-08-25T05:35:04+0200,16553320-5c3e-4a08-95db-080ced308e52,2026-08-13T08:30:00Z,2026-08-13T10:30:00+0200,1860.01509,MW,DE,DE_LU,actual_onshore_wind_generation,Wind Onshore,2026-08-25T03:38:09Z
2026-08-25T03:35:04Z,2026-08-25T05:35:04+0200,16553320-5c3e-4a08-95db-080ced308e52,2026-08-13T08:45:00Z,2026-08-13T10:45:00+0200,2116.01627,MW,DE,DE_LU,actual_onshore_wind_generation,Wind Onshore,2026-08-25T03:38:09Z
2026-08-25T03:35:04Z,2026-08-25T05:35:04+0200,16553320-5c3e-4a08-95db-080ced308e52,2026-08-13T09:00:00Z,2026-08-13T11:00:00+0200,2534.97924,MW,DE,DE_LU,actual_onshore_wind_generation,Wind Onshore,2026-08-25T03:38:09Z
2026-08-25T03:35:04Z,2026-08-25T05:35:04+0200,16553320-5c3e-4a08-95db-080ced308e52,2026-08-13T09:15:00Z,2026-08-13T11:15:00+0200,2924.85542,MW,DE,DE_LU,actual_onshore_wind_generation,Wind Onshore,2026-08-25T03:38:09Z
2026-08-25T03:35:04Z,2026-08-25T05:35:04+0200,16553320-5c3e-4a08-95db-080ced308e52,2026-08-13T09:30:00Z,2026-08-13T11:30:00+0200,3284.52747,MW,DE,DE_LU,actual_onshore_wind_generation,Wind Onshore,2026-08-25T03:38:09Z
2026-08-25T03:35:04Z,2026-08-25T05:35:04+0200,16553320-5c3e-4a08-95db-080ced308e52,2026-08-13T09:45:00Z,2026-08-13T11:45:00+0200,3492.56147,MW,DE,DE_LU,actual_onshore_wind_generation,Wind Onshore,2026-08-25T03:38:09Z
2026-08-25T03:35:04Z,2026-08-25T05:35:04+0200,16553320-5c3e-4a08-95db-080ced308e52,2026-08-13T10:00:00Z,2026-08-13T12:00:00+0200,3510.67879,MW,DE,DE_LU,actual_onshore_wind_generation,Wind Onshore,2026-08-25T03:38:09Z
2026-08-25T03:35:04Z,2026-08-25T05:35:04+0200,16553320-5c3e-4a08-95db-080ced308e52,2026-08-13T10:15:00Z,2026-08-13T12:15:00+0200,3598.38979,MW,DE,DE_LU,actual_onshore_wind_generation,Wind Onshore,2026-08-25T03:38:09Z
2026-08-25T03:35:04Z,2026-08-25T05:35:04+0200,16553320-5c3e-4a08-95db-080ced308e52,2026-08-13T10:30:00Z,2026-08-13T12:30:00+0200,3443.27643,MW,DE,DE_LU,actual_onshore_wind_generation,Wind Onshore,2026-08-25T03:38:09Z
2026-08-25T03:35:04Z,2026-08-25T05:35:04+0200,16553320-5c3e-4a08-95db-080ced308e52,2026-08-13T10:45:00Z,2026-08-13T12:45:00+0200,3285.61197,MW,DE,DE_LU,actual_onshore_wind_generation,Wind Onshore,2026-08-25T03:38:09Z
2026-08-25T03:35:04Z,2026-08-25T05:35:04+0200,16553320-5c3e-4a08-95db-080ced308e52,2026-08-13T11:00:00Z,2026-08-13T13:00:00+0200,3208.23973,MW,DE,DE_LU,actual_onshore_wind_generation,Wind Onshore,2026-08-25T03:38:09Z
2026-08-25T03:35:04Z,2026-08-25T05:35:04+0200,16553320-5c3e-4a08-95db-080ced308e52,2026-08-13T11:15:00Z,2026-08-13T13:15:00+0200,2938.1341,MW,DE,DE_LU,actual_onshore_wind_generation,Wind Onshore,2026-08-25T03:38:09Z
2026-08-25T03:35:04Z,2026-08-25T05:35:04+0200,16553320-5c3e-4a08-95db-080ced308e52,2026-08-13T11:30:00Z,2026-08-13T13:30:00+0200,2805.96146,MW,DE,DE_LU,actual_onshore_wind_generation,Wind Onshore,2026-08-25T03:38:09Z
2026-08-25T03:35:04Z,2026-08-25T05:35:04+0200,16553320-5c3e-4a08-95db-080ced308e52,2026-08-13T11:45:00Z,2026-08-13T13:45:00+0200,3045.21602,MW,DE,DE_LU,actual_onshore_wind_generation,Wind Onshore,2026-08-25T03:38:09Z
2026-08-25T03:35:04Z,2026-08-25T05:35:04+0200,16553320-5c3e-4a08-95db-080ced308e52,2026-08-13T12:00:00Z,2026-08-13T14:00:00+0200,3423.10246,MW,DE,DE_LU,actual_onshore_wind_generation,Wind Onshore,2026-08-25T03:38:09Z
2026-08-25T03:35:04Z,2026-08-25T05:35:04+0200,16553320-5c3e-4a08-95db-080ced308e52,2026-08-13T12:15:00Z,2026-08-13T14:15:00+0200,3606.90908,MW,DE,DE_LU,actual_onshore_wind_generation,Wind Onshore,2026-08-25T03:38:09Z
2026-08-25T03:35:04Z,2026-08-25T05:35:04+0200,16553320-5c3e-4a08-95db-080ced308e52,2026-08-13T12:30:00Z,2026-08-13T14:30:00+0200,3674.13376,MW,DE,DE_LU,actual_onshore_wind_generation,Wind Onshore,2026-08-25T03:38:09Z
2026-08-25T03:35:04Z,2026-08-25T05:35:04+0200,16553320-5c3e-4a08-95db-080ced308e52,2026-08-13T12:45:00Z,2026-08-13T14:45:00+0200,3687.3944,MW,DE,DE_LU,actual_onshore_wind_generation,Wind Onshore,2026-08-25T03:38:09Z
2026-08-25T03:35:04Z,2026-08-25T05:35:04+0200,16553320-5c3e-4a08-95db-080ced308e52,2026-08-13T13:00:00Z,2026-08-13T15:00:00+0200,3703.03905,MW,DE,DE_LU,actual_onshore_wind_generation,Wind Onshore,2026-08-25T03:38:09Z
2026-08-25T03:35:04Z,2026-08-25T05:35:04+0200,16553320-5c3e-4a08-95db-080ced308e52,2026-08-13T13:15:00Z,2026-08-13T15:15:00+0200,3648.6638,MW,DE,DE_LU,actual_onshore_wind_generation,Wind Onshore,2026-08-25T03:38:09Z
2026-08-25T03:35:04Z,2026-08-25T05:35:04+0200,16553320-5c3e-4a08-95db-080ced308e52,2026-08-13T13:30:00Z,2026-08-13T15:30:00+0200,3654.50602,MW,DE,DE_LU,actual_onshore_wind_generation,Wind Onshore,2026-08-25T03:38:09Z
2026-08-25T03:35:04Z,2026-08-25T05:35:04+0200,16553320-5c3e-4a08-95db-080ced308e52,2026-08-13T13:45:00Z,2026-08-13T15:45:00+0200,3631.36655,MW,DE,DE_LU,actual_onshore_wind_generation,Wind Onshore,2026-08-25T03:38:09Z
2026-08-25T03:35:04Z,2026-08-25T05:35:04+0200,16553320-5c3e-4a08-95db-080ced308e52,2026-08-13T14:00:00Z,2026-08-13T16:00:00+0200,3641.05291,MW,DE,DE_LU,actual_onshore_wind_generation,Wind Onshore,2026-08-25T03:38:09Z
2026-08-25T03:35:04Z,2026-08-25T05:35:04+0200,16553320-5c3e-4a08-95db-080ced308e52,2026-08-13T14:15:00Z,2026-08-13T16:15:00+0200,3690.83028,MW,DE,DE_LU,actual_onshore_wind_generation,Wind Onshore,2026-08-25T03:38:09Z
2026-08-25T03:35:04Z,2026-08-25T05:35:04+0200,16553320-5c3e-4a08-95db-080ced308e52,2026-08-13T14:30:00Z,2026-08-13T16:30:00+0200,3763.90006,MW,DE,DE_LU,actual_onshore_wind_generation,Wind Onshore,2026-08-25T03:38:09Z
2026-08-25T03:35:04Z,2026-08-25T05:35:04+0200,16553320-5c3e-4a08-95db-080ced308e52,2026-08-13T14:45:00Z,2026-08-13T16:45:00+0200,3818.42754,MW,DE,DE_LU,actual_onshore_wind_generation,Wind Onshore,2026-08-25T03:38:09Z
2026-08-25T03:35:04Z,2026-08-25T05:35:04+0200,16553320-5c3e-4a08-95db-080ced308e52,2026-08-13T15:00:00Z,2026-08-13T17:00:00+0200,3892.17916,MW,DE,DE_LU,actual_onshore_wind_generation,Wind Onshore,2026-08-25T03:38:09Z
2026-08-25T03:35:04Z,2026-08-25T05:35:04+0200,16553320-5c3e-4a08-95db-080ced308e52,2026-08-13T15:15:00Z,2026-08-13T17:15:00+0200,3959.77555,MW,DE,DE_LU,actual_onshore_wind_generation,Wind Onshore,2026-08-25T03:38:09Z
2026-08-25T03:35:04Z,2026-08-25T05:35:04+0200,16553320-5c3e-4a08-95db-080ced308e52,2026-08-13T15:30:00Z,2026-08-13T17:30:00+0200,4004.24443,MW,DE,DE_LU,actual_onshore_wind_generation,Wind Onshore,2026-08-25T03:38:09Z
2026-08-25T03:35:04Z,2026-08-25T05:35:04+0200,16553320-5c3e-4a08-95db-080ced308e52,2026-08-13T15:45:00Z,2026-08-13T17:45:00+0200,4056.43324,MW,DE,DE_LU,actual_onshore_wind_generation,Wind Onshore,2026-08-25T03:38:09Z
2026-08-25T03:35:04Z,2026-08-25T05:35:04+0200,16553320-5c3e-4a08-95db-080ced308e52,2026-08-13T16:00:00Z,2026-08-13T18:00:00+0200,4188.32014,MW,DE,DE_LU,actual_onshore_wind_generation,Wind Onshore,2026-08-25T03:38:09Z
2026-08-25T03:35:04Z,2026-08-25T05:35:04+0200,16553320-5c3e-4a08-95db-080ced308e52,2026-08-13T16:15:00Z,2026-08-13T18:15:00+0200,4306.58637,MW,DE,DE_LU,actual_onshore_wind_generation,Wind Onshore,2026-08-25T03:38:09Z
2026-08-25T03:35:04Z,2026-08-25T05:35:04+0200,16553320-5c3e-4a08-95db-080ced308e52,2026-08-13T16:30:00Z,2026-08-13T18:30:00+0200,4484.49802,MW,DE,DE_LU,actual_onshore_wind_generation,Wind Onshore,2026-08-25T03:38:09Z
2026-08-25T03:35:04Z,2026-08-25T05:35:04+0200,16553320-5c3e-4a08-95db-080ced308e52,2026-08-13T16:45:00Z,2026-08-13T18:45:00+0200,4655.32335,MW,DE,DE_LU,actual_onshore_wind_generation,Wind Onshore,2026-08-25T03:38:09Z
2026-08-25T03:35:04Z,2026-08-25T05:35:04+0200,16553320-5c3e-4a08-95db-080ced308e52,2026-08-13T17:00:00Z,2026-08-13T19:00:00+0200,4842.25279,MW,DE,DE_LU,actual_onshore_wind_generation,Wind Onshore,2026-08-25T03:38:09Z
2026-08-25T03:35:04Z,2026-08-25T05:35:04+0200,16553320-5c3e-4a08-95db-080ced308e52,2026-08-13T17:15:00Z,2026-08-13T19:15:00+0200,5002.65142,MW,DE,DE_LU,actual_onshore_wind_generation,Wind Onshore,2026-08-25T03:38:09Z
2026-08-25T03:35:04Z,2026-08-25T05:35:04+0200,16553320-5c3e-4a08-95db-080ced308e52,2026-08-13T17:30:00Z,2026-08-13T19:30:00+0200,5224.01435,MW,DE,DE_LU,actual_onshore_wind_generation,Wind Onshore,2026-08-25T03:38:09Z
2026-08-25T03:35:04Z,2026-08-25T05:35:04+0200,16553320-5c3e-4a08-95db-080ced308e52,2026-08-13T17:45:00Z,2026-08-13T19:45:00+0200,5345.77059,MW,DE,DE_LU,actual_onshore_wind_generation,Wind Onshore,2026-08-25T03:38:09Z
2026-08-25T03:35:04Z,2026-08-25T05:35:04+0200,16553320-5c3e-4a08-95db-080ced308e52,2026-08-13T18:00:00Z,2026-08-13T20:00:00+0200,5760.72735,MW,DE,DE_LU,actual_onshore_wind_generation,Wind Onshore,2026-08-25T03:38:09Z
2026-08-25T03:35:04Z,2026-08-25T05:35:04+0200,16553320-5c3e-4a08-95db-080ced308e52,2026-08-13T18:15:00Z,2026-08-13T20:15:00+0200,6907.41229,MW,DE,DE_LU,actual_onshore_wind_generation,Wind Onshore,2026-08-25T03:38:09Z
2026-08-25T03:35:04Z,2026-08-25T05:35:04+0200,16553320-5c3e-4a08-95db-080ced308e52,2026-08-13T18:30:00Z,2026-08-13T20:30:00+0200,8387.32074,MW,DE,DE_LU,actual_onshore_wind_generation,Wind Onshore,2026-08-25T03:38:09Z
2026-08-25T03:35:04Z,2026-08-25T05:35:04+0200,16553320-5c3e-4a08-95db-080ced308e52,2026-08-13T18:45:00Z,2026-08-13T20:45:00+0200,9467.68355,MW,DE,DE_LU,actual_onshore_wind_generation,Wind Onshore,2026-08-25T03:38:09Z
2026-08-25T03:35:04Z,2026-08-25T05:35:04+0200,16553320-5c3e-4a08-95db-080ced308e52,2026-08-13T19:00:00Z,2026-08-13T21:00:00+0200,10425.46418,MW,DE,DE_LU,actual_onshore_wind_generation,Wind Onshore,2026-08-25T03:38:09Z
2026-08-25T03:35:04Z,2026-08-25T05:35:04+0200,16553320-5c3e-4a08-95db-080ced308e52,2026-08-13T19:15:00Z,2026-08-13T21:15:00+0200,12284.20492,MW,DE,DE_LU,actual_onshore_wind_generation,Wind Onshore,2026-08-25T03:38:09Z
2026-08-25T03:35:04Z,2026-08-25T05:35:04+0200,16553320-5c3e-4a08-95db-080ced308e52,2026-08-13T19:30:00Z,2026-08-13T21:30:00+0200,14037.59691,MW,DE,DE_LU,actual_onshore_wind_generation,Wind Onshore,2026-08-25T03:38:09Z
2026-08-25T03:35:04Z,2026-08-25T05:35:04+0200,16553320-5c3e-4a08-95db-080ced308e52,2026-08-13T19:45:00Z,2026-08-13T21:45:00+0200,15351.59042,MW,DE,DE_LU,actual_onshore_wind_generation,Wind Onshore,2026-08-25T03:38:09Z
2026-08-25T03:35:04Z,2026-08-25T05:35:04+0200,16553320-5c3e-4a08-95db-080ced308e52,2026-08-13T20:00:00Z,2026-08-13T22:00:00+0200,16259.57738,MW,DE,DE_LU,actual_onshore_wind_generation,Wind Onshore,2026-08-25T03:38:09Z
2026-08-25T03:35:04Z,2026-08-25T05:35:04+0200,16553320-5c3e-4a08-95db-080ced308e52,2026-08-13T20:15:00Z,2026-08-13T22:15:00+0200,17509.65334,MW,DE,DE_LU,actual_onshore_wind_generation,Wind Onshore,2026-08-25T03:38:09Z
2026-08-25T03:35:04Z,2026-08-25T05:35:04+0200,16553320-5c3e-4a08-95db-080ced308e52,2026-08-13T20:30:00Z,2026-08-13T22:30:00+0200,18419.55646,MW,DE,DE_LU,actual_onshore_wind_generation,Wind Onshore,2026-08-25T03:38:09Z
2026-08-25T03:35:04Z,2026-08-25T05:35:04+0200,16553320-5c3e-4a08-95db-080ced308e52,2026-08-13T20:45:00Z,2026-08-13T22:45:00+0200,19114.57669,MW,DE,DE_LU,actual_onshore_wind_generation,Wind Onshore,2026-08-25T03:38:09Z
2026-08-25T03:35:04Z,2026-08-25T05:35:04+0200,16553320-5c3e-4a08-95db-080ced308e52,2026-08-13T21:00:00Z,2026-08-13T23:00:00+0200,19513.36996,MW,DE,DE_LU,actual_onshore_wind_generation,Wind Onshore,2026-08-25T03:38:09Z
2026-08-25T03:35:04Z,2026-08-25T05:35:04+0200,16553320-5c3e-4a08-95db-080ced308e52,2026-08-13T21:15:00Z,2026-08-13T23:15:00+0200,19763.42945,MW,DE,DE_LU,actual_onshore_wind_generation,Wind Onshore,2026-08-25T03:38:09Z
2026-08-25T03:35:04Z,2026-08-25T05:35:04+0200,16553320-5c3e-4a08-95db-080ced308e52,2026-08-13T21:30:00Z,2026-08-13T23:30:00+0200,19831.78212,MW,DE,DE_LU,actual_onshore_wind_generation,Wind Onshore,2026-08-25T03:38:09Z
2026-08-25T03:35:04Z,2026-08-25T05:35:04+0200,16553320-5c3e-4a08-95db-080ced308e52,2026-08-13T21:45:00Z,2026-08-13T23:45:00+0200,19888.51923,MW,DE,DE_LU,actual_onshore_wind_generation,Wind Onshore,2026-08-25T03:38:09Z
2026-08-25T03:35:04Z,2026-08-25T05:35:04+0200,16553320-5c3e-4a08-95db-080ced308e52,2026-08-13T22:00:00Z,2026-08-14T00:00:00+0200,19790.31946,MW,DE,DE_LU,actual_onshore_wind_generation,Wind Onshore,2026-08-25T03:38:09Z
2026-08-25T03:35:04Z,2026-08-25T05:35:04+0200,16553320-5c3e-4a08-95db-080ced308e52,2026-08-13T22:15:00Z,2026-08-14T00:15:00+0200,19665.6159,MW,DE,DE_LU,actual_onshore_wind_generation,Wind Onshore,2026-08-25T03:38:09Z
2026-08-25T03:35:04Z,2026-08-25T05:35:04+0200,16553320-5c3e-4a08-95db-080ced308e52,2026-08-13T22:30:00Z,2026-08-14T00:30:00+0200,19602.84541,MW,DE,DE_LU,actual_onshore_wind_generation,Wind Onshore,2026-08-25T03:38:09Z
2026-08-25T03:35:04Z,2026-08-25T05:35:04+0200,16553320-5c3e-4a08-95db-080ced308e52,2026-08-13T22:45:00Z,2026-08-14T00:45:00+0200,19515.49613,MW,DE,DE_LU,actual_onshore_wind_generation,Wind Onshore,2026-08-25T03:38:09Z
2026-08-25T03:35:04Z,2026-08-25T05:35:04+0200,16553320-5c3e-4a08-95db-080ced308e52,2026-08-13T23:00:00Z,2026-08-14T01:00:00+0200,19344.70617,MW,DE,DE_LU,actual_onshore_wind_generation,Wind Onshore,2026-08-25T03:38:09Z
2026-08-25T03:35:04Z,2026-08-25T05:35:04+0200,16553320-5c3e-4a08-95db-080ced308e52,2026-08-13T23:15:00Z,2026-08-14T01:15:00+0200,19308.62824,MW,DE,DE_LU,actual_onshore_wind_generation,Wind Onshore,2026-08-25T03:38:09Z
2026-08-25T03:35:04Z,2026-08-25T05:35:04+0200,16553320-5c3e-4a08-95db-080ced308e52,2026-08-13T23:30:00Z,2026-08-14T01:30:00+0200,19404.23349,MW,DE,DE_LU,actual_onshore_wind_generation,Wind Onshore,2026-08-25T03:38:09Z
2026-08-25T03:35:04Z,2026-08-25T05:35:04+0200,16553320-5c3e-4a08-95db-080ced308e52,2026-08-13T23:45:00Z,2026-08-14T01:45:00+0200,19333.6581,MW,DE,DE_LU,actual_onshore_wind_generation,Wind Onshore,2026-08-25T03:38:09Z
2026-08-25T03:35:04Z,2026-08-25T05:35:04+0200,16553320-5c3e-4a08-95db-080ced308e52,2026-08-14T00:00:00Z,2026-08-14T02:00:00+0200,19055.30996,MW,DE,DE_LU,actual_onshore_wind_generation,Wind Onshore,2026-08-25T03:38:09Z
2026-08-25T03:35:04Z,2026-08-25T05:35:04+0200,16553320-5c3e-4a08-95db-080ced308e52,2026-08-14T00:15:00Z,2026-08-14T02:15:00+0200,18719.5087,MW,DE,DE_LU,actual_onshore_wind_generation,Wind Onshore,2026-08-25T03:38:09Z
2026-08-25T03:35:04Z,2026-08-25T05:35:04+0200,16553320-5c3e-4a08-95db-080ced308e52,2026-08-14T00:30:00Z,2026-08-14T02:30:00+0200,18341.09964,MW,DE,DE_LU,actual_onshore_wind_generation,Wind Onshore,2026-08-25T03:38:09Z
2026-08-25T03:35:04Z,2026-08-25T05:35:04+0200,16553320-5c3e-4a08-95db-080ced308e52,2026-08-14T00:45:00Z,2026-08-14T02:45:00+0200,17984.30096,MW,DE,DE_LU,actual_onshore_wind_generation,Wind Onshore,2026-08-25T03:38:09Z
2026-08-25T03:35:04Z,2026-08-25T05:35:04+0200,16553320-5c3e-4a08-95db-080ced308e52,2026-08-14T01:00:00Z,2026-08-14T03:00:00+0200,17564.69808,MW,DE,DE_LU,actual_onshore_wind_generation,Wind Onshore,2026-08-25T03:38:09Z
2026-08-25T03:35:04Z,2026-08-25T05:35:04+0200,16553320-5c3e-4a08-95db-080ced308e52,2026-08-14T01:15:00Z,2026-08-14T03:15:00+0200,17150.44496,MW,DE,DE_LU,actual_onshore_wind_generation,Wind Onshore,2026-08-25T03:38:09Z
2026-08-25T03:35:04Z,2026-08-25T05:35:04+0200,16553320-5c3e-4a08-95db-080ced308e52,2026-08-14T01:30:00Z,2026-08-14T03:30:00+0200,16679.56233,MW,DE,DE_LU,actual_onshore_wind_generation,Wind Onshore,2026-08-25T03:38:09Z
2026-08-25T03:35:04Z,2026-08-25T05:35:04+0200,16553320-5c3e-4a08-95db-080ced308e52,2026-08-14T01:45:00Z,2026-08-14T03:45:00+0200,16181.64432,MW,DE,DE_LU,actual_onshore_wind_generation,Wind Onshore,2026-08-25T03:38:09Z
2026-08-25T03:35:04Z,2026-08-25T05:35:04+0200,16553320-5c3e-4a08-95db-080ced308e52,2026-08-14T02:00:00Z,2026-08-14T04:00:00+0200,15702.67291,MW,DE,DE_LU,actual_onshore_wind_generation,Wind Onshore,2026-08-25T03:38:09Z
2026-08-25T03:35:04Z,2026-08-25T05:35:04+0200,16553320-5c3e-4a08-95db-080ced308e52,2026-08-14T02:15:00Z,2026-08-14T04:15:00+0200,15345.00784,MW,DE,DE_LU,actual_onshore_wind_generation,Wind Onshore,2026-08-25T03:38:09Z
2026-08-25T03:35:04Z,2026-08-25T05:35:04+0200,16553320-5c3e-4a08-95db-080ced308e52,2026-08-14T02:30:00Z,2026-08-14T04:30:00+0200,14922.31877,MW,DE,DE_LU,actual_onshore_wind_generation,Wind Onshore,2026-08-25T03:38:09Z
2026-08-25T03:35:04Z,2026-08-25T05:35:04+0200,16553320-5c3e-4a08-95db-080ced308e52,2026-08-14T02:45:00Z,2026-08-14T04:45:00+0200,14653.15912,MW,DE,DE_LU,actual_onshore_wind_generation,Wind Onshore,2026-08-25T03:38:09Z
2026-08-25T03:35:04Z,2026-08-25T05:35:04+0200,16553320-5c3e-4a08-95db-080ced308e52,2026-08-14T03:00:00Z,2026-08-14T05:00:00+0200,14396.8385,MW,DE,DE_LU,actual_onshore_wind_generation,Wind Onshore,2026-08-25T03:38:09Z
2026-08-25T03:35:04Z,2026-08-25T05:35:04+0200,16553320-5c3e-4a08-95db-080ced308e52,2026-08-14T03:15:00Z,2026-08-14T05:15:00+0200,14224.71183,MW,DE,DE_LU,actual_onshore_wind_generation,Wind Onshore,2026-08-25T03:38:09Z
2026-08-25T03:35:04Z,2026-08-25T05:35:04+0200,16553320-5c3e-4a08-95db-080ced308e52,2026-08-14T03:30:00Z,2026-08-14T05:30:00+0200,14009.97809,MW,DE,DE_LU,actual_onshore_wind_generation,Wind Onshore,2026-08-25T03:38:09Z
2026-08-25T03:35:04Z,2026-08-25T05:35:04+0200,16553320-5c3e-4a08-95db-080ced308e52,2026-08-14T03:45:00Z,2026-08-14T05:45:00+0200,13844.85909,MW,DE,DE_LU,actual_onshore_wind_generation,Wind Onshore,2026-08-25T03:38:09Z
2026-08-25T03:35:04Z,2026-08-25T05:35:04+0200,16553320-5c3e-4a08-95db-080ced308e52,2026-08-14T04:00:00Z,2026-08-14T06:00:00+0200,13988.18016,MW,DE,DE_LU,actual_onshore_wind_generation,Wind Onshore,2026-08-25T03:38:09Z
2026-08-25T03:35:04Z,2026-08-25T05:35:04+0200,16553320-5c3e-4a08-95db-080ced308e52,2026-08-14T04:15:00Z,2026-08-14T06:15:00+0200,13989.78278,MW,DE,DE_LU,actual_onshore_wind_generation,Wind Onshore,2026-08-25T03:38:09Z
2026-08-25T03:35:04Z,2026-08-25T05:35:04+0200,16553320-5c3e-4a08-95db-080ced308e52,2026-08-14T04:30:00Z,2026-08-14T06:30:00+0200,13494.46817,MW,DE,DE_LU,actual_onshore_wind_generation,Wind Onshore,2026-08-25T03:38:09Z
2026-08-25T03:35:04Z,2026-08-25T05:35:04+0200,16553320-5c3e-4a08-95db-080ced308e52,2026-08-14T04:45:00Z,2026-08-14T06:45:00+0200,12906.20448,MW,DE,DE_LU,actual_onshore_wind_generation,Wind Onshore,2026-08-25T03:38:09Z
2026-08-25T03:35:04Z,2026-08-25T05:35:04+0200,16553320-5c3e-4a08-95db-080ced308e52,2026-08-14T05:00:00Z,2026-08-14T07:00:00+0200,12418.49163,MW,DE,DE_LU,actual_onshore_wind_generation,Wind Onshore,2026-08-25T03:38:09Z
2026-08-25T03:35:04Z,2026-08-25T05:35:04+0200,16553320-5c3e-4a08-95db-080ced308e52,2026-08-14T05:15:00Z,2026-08-14T07:15:00+0200,12123.68467,MW,DE,DE_LU,actual_onshore_wind_generation,Wind Onshore,2026-08-25T03:38:09Z
2026-08-25T03:35:04Z,2026-08-25T05:35:04+0200,16553320-5c3e-4a08-95db-080ced308e52,2026-08-14T05:30:00Z,2026-08-14T07:30:00+0200,11579.27022,MW,DE,DE_LU,actual_onshore_wind_generation,Wind Onshore,2026-08-25T03:38:09Z
2026-08-25T03:35:04Z,2026-08-25T05:35:04+0200,16553320-5c3e-4a08-95db-080ced308e52,2026-08-14T05:45:00Z,2026-08-14T07:45:00+0200,10627.23783,MW,DE,DE_LU,actual_onshore_wind_generation,Wind Onshore,2026-08-25T03:38:09Z
2026-08-25T03:35:04Z,2026-08-25T05:35:04+0200,16553320-5c3e-4a08-95db-080ced308e52,2026-08-14T06:00:00Z,2026-08-14T08:00:00+0200,9416.48773,MW,DE,DE_LU,actual_onshore_wind_generation,Wind Onshore,2026-08-25T03:38:09Z
2026-08-25T03:35:04Z,2026-08-25T05:35:04+0200,16553320-5c3e-4a08-95db-080ced308e52,2026-08-14T06:15:00Z,2026-08-14T08:15:00+0200,8085.66341,MW,DE,DE_LU,actual_onshore_wind_generation,Wind Onshore,2026-08-25T03:38:09Z
2026-08-25T03:35:04Z,2026-08-25T05:35:04+0200,16553320-5c3e-4a08-95db-080ced308e52,2026-08-14T06:30:00Z,2026-08-14T08:30:00+0200,6724.96784,MW,DE,DE_LU,actual_onshore_wind_generation,Wind Onshore,2026-08-25T03:38:09Z
2026-08-25T03:35:04Z,2026-08-25T05:35:04+0200,16553320-5c3e-4a08-95db-080ced308e52,2026-08-14T06:45:00Z,2026-08-14T08:45:00+0200,5429.92834,MW,DE,DE_LU,actual_onshore_wind_generation,Wind Onshore,2026-08-25T03:38:09Z
2026-08-25T03:35:04Z,2026-08-25T05:35:04+0200,16553320-5c3e-4a08-95db-080ced308e52,2026-08-14T07:00:00Z,2026-08-14T09:00:00+0200,4280.62135,MW,DE,DE_LU,actual_onshore_wind_generation,Wind Onshore,2026-08-25T03:38:09Z
2026-08-25T03:35:04Z,2026-08-25T05:35:04+0200,16553320-5c3e-4a08-95db-080ced308e52,2026-08-14T07:15:00Z,2026-08-14T09:15:00+0200,3428.14433,MW,DE,DE_LU,actual_onshore_wind_generation,Wind Onshore,2026-08-25T03:38:09Z
2026-08-25T03:35:04Z,2026-08-25T05:35:04+0200,16553320-5c3e-4a08-95db-080ced308e52,2026-08-14T07:30:00Z,2026-08-14T09:30:00+0200,2825.34049,MW,DE,DE_LU,actual_onshore_wind_generation,Wind Onshore,2026-08-25T03:38:09Z
2026-08-25T03:35:04Z,2026-08-25T05:35:04+0200,16553320-5c3e-4a08-95db-080ced308e52,2026-08-14T07:45:00Z,2026-08-14T09:45:00+0200,2449.03302,MW,DE,DE_LU,actual_onshore_wind_generation,Wind Onshore,2026-08-25T03:38:09Z
2026-08-25T03:35:04Z,2026-08-25T05:35:04+0200,16553320-5c3e-4a08-95db-080ced308e52,2026-08-14T08:00:00Z,2026-08-14T10:00:00+0200,2204.71194,MW,DE,DE_LU,actual_onshore_wind_generation,Wind Onshore,2026-08-25T03:38:09Z
2026-08-25T03:35:04Z,2026-08-25T05:35:04+0200,16553320-5c3e-4a08-95db-080ced308e52,2026-08-14T08:15:00Z,2026-08-14T10:15:00+0200,2108.9627,MW,DE,DE_LU,actual_onshore_wind_generation,Wind Onshore,2026-08-25T03:38:09Z
2026-08-25T03:35:04Z,2026-08-25T05:35:04+0200,16553320-5c3e-4a08-95db-080ced308e52,2026-08-14T08:30:00Z,2026-08-14T10:30:00+0200,2162.35792,MW,DE,DE_LU,actual_onshore_wind_generation,Wind Onshore,2026-08-25T03:38:09Z
2026-08-25T03:35:04Z,2026-08-25T05:35:04+0200,16553320-5c3e-4a08-95db-080ced308e52,2026-08-14T08:45:00Z,2026-08-14T10:45:00+0200,2342.14313,MW,DE,DE_LU,actual_onshore_wind_generation,Wind Onshore,2026-08-25T03:38:09Z
2026-08-25T03:35:04Z,2026-08-25T05:35:04+0200,16553320-5c3e-4a08-95db-080ced308e52,2026-08-14T09:00:00Z,2026-08-14T11:00:00+0200,2550.5934,MW,DE,DE_LU,actual_onshore_wind_generation,Wind Onshore,2026-08-25T03:38:09Z
2026-08-25T03:35:04Z,2026-08-25T05:35:04+0200,16553320-5c3e-4a08-95db-080ced308e52,2026-08-14T09:15:00Z,2026-08-14T11:15:00+0200,2719.06955,MW,DE,DE_LU,actual_onshore_wind_generation,Wind Onshore,2026-08-25T03:38:09Z
2026-08-25T03:35:04Z,2026-08-25T05:35:04+0200,16553320-5c3e-4a08-95db-080ced308e52,2026-08-14T09:30:00Z,2026-08-14T11:30:00+0200,2953.16355,MW,DE,DE_LU,actual_onshore_wind_generation,Wind Onshore,2026-08-25T03:38:09Z
2026-08-25T03:35:04Z,2026-08-25T05:35:04+0200,16553320-5c3e-4a08-95db-080ced308e52,2026-08-14T09:45:00Z,2026-08-14T11:45:00+0200,3018.57812,MW,DE,DE_LU,actual_onshore_wind_generation,Wind Onshore,2026-08-25T03:38:09Z
2026-08-25T03:35:04Z,2026-08-25T05:35:04+0200,16553320-5c3e-4a08-95db-080ced308e52,2026-08-14T10:00:00Z,2026-08-14T12:00:00+0200,3114.37683,MW,DE,DE_LU,actual_onshore_wind_generation,Wind Onshore,2026-08-25T03:38:09Z
2026-08-25T03:35:04Z,2026-08-25T05:35:04+0200,16553320-5c3e-4a08-95db-080ced308e52,2026-08-14T10:15:00Z,2026-08-14T12:15:00+0200,3134.23494,MW,DE,DE_LU,actual_onshore_wind_generation,Wind Onshore,2026-08-25T03:38:09Z
2026-08-25T03:35:04Z,2026-08-25T05:35:04+0200,16553320-5c3e-4a08-95db-080ced308e52,2026-08-14T10:30:00Z,2026-08-14T12:30:00+0200,3140.7793,MW,DE,DE_LU,actual_onshore_wind_generation,Wind Onshore,2026-08-25T03:38:09Z
2026-08-25T03:35:04Z,2026-08-25T05:35:04+0200,16553320-5c3e-4a08-95db-080ced308e52,2026-08-14T10:45:00Z,2026-08-14T12:45:00+0200,3035.06199,MW,DE,DE_LU,actual_onshore_wind_generation,Wind Onshore,2026-08-25T03:38:09Z
2026-08-25T03:35:04Z,2026-08-25T05:35:04+0200,16553320-5c3e-4a08-95db-080ced308e52,2026-08-14T11:00:00Z,2026-08-14T13:00:00+0200,2856.06749,MW,DE,DE_LU,actual_onshore_wind_generation,Wind Onshore,2026-08-25T03:38:09Z
2026-08-25T03:35:04Z,2026-08-25T05:35:04+0200,16553320-5c3e-4a08-95db-080ced308e52,2026-08-14T11:15:00Z,2026-08-14T13:15:00+0200,2762.09627,MW,DE,DE_LU,actual_onshore_wind_generation,Wind Onshore,2026-08-25T03:38:09Z
2026-08-25T03:35:04Z,2026-08-25T05:35:04+0200,16553320-5c3e-4a08-95db-080ced308e52,2026-08-14T11:30:00Z,2026-08-14T13:30:00+0200,2750.86944,MW,DE,DE_LU,actual_onshore_wind_generation,Wind Onshore,2026-08-25T03:38:09Z
2026-08-25T03:35:04Z,2026-08-25T05:35:04+0200,16553320-5c3e-4a08-95db-080ced308e52,2026-08-14T11:45:00Z,2026-08-14T13:45:00+0200,2594.69611,MW,DE,DE_LU,actual_onshore_wind_generation,Wind Onshore,2026-08-25T03:38:09Z
2026-08-25T03:35:04Z,2026-08-25T05:35:04+0200,16553320-5c3e-4a08-95db-080ced308e52,2026-08-14T12:00:00Z,2026-08-14T14:00:00+0200,2469.25137,MW,DE,DE_LU,actual_onshore_wind_generation,Wind Onshore,2026-08-25T03:38:09Z
2026-08-25T03:35:04Z,2026-08-25T05:35:04+0200,16553320-5c3e-4a08-95db-080ced308e52,2026-08-14T12:15:00Z,2026-08-14T14:15:00+0200,2302.53594,MW,DE,DE_LU,actual_onshore_wind_generation,Wind Onshore,2026-08-25T03:38:09Z
2026-08-25T03:35:04Z,2026-08-25T05:35:04+0200,16553320-5c3e-4a08-95db-080ced308e52,2026-08-14T12:30:00Z,2026-08-14T14:30:00+0200,2276.48526,MW,DE,DE_LU,actual_onshore_wind_generation,Wind Onshore,2026-08-25T03:38:09Z
2026-08-25T03:35:04Z,2026-08-25T05:35:04+0200,16553320-5c3e-4a08-95db-080ced308e52,2026-08-14T12:45:00Z,2026-08-14T14:45:00+0200,2255.44261,MW,DE,DE_LU,actual_onshore_wind_generation,Wind Onshore,2026-08-25T03:38:09Z
2026-08-25T03:35:04Z,2026-08-25T05:35:04+0200,16553320-5c3e-4a08-95db-080ced308e52,2026-08-14T13:00:00Z,2026-08-14T15:00:00+0200,2215.16529,MW,DE,DE_LU,actual_onshore_wind_generation,Wind Onshore,2026-08-25T03:38:09Z
2026-08-25T03:35:04Z,2026-08-25T05:35:04+0200,16553320-5c3e-4a08-95db-080ced308e52,2026-08-14T13:15:00Z,2026-08-14T15:15:00+0200,2135.50774,MW,DE,DE_LU,actual_onshore_wind_generation,Wind Onshore,2026-08-25T03:38:09Z
2026-08-25T03:35:04Z,2026-08-25T05:35:04+0200,16553320-5c3e-4a08-95db-080ced308e52,2026-08-14T13:30:00Z,2026-08-14T15:30:00+0200,2087.75562,MW,DE,DE_LU,actual_onshore_wind_generation,Wind Onshore,2026-08-25T03:38:09Z
2026-08-25T03:35:04Z,2026-08-25T05:35:04+0200,16553320-5c3e-4a08-95db-080ced308e52,2026-08-14T13:45:00Z,2026-08-14T15:45:00+0200,2041.28725,MW,DE,DE_LU,actual_onshore_wind_generation,Wind Onshore,2026-08-25T03:38:09Z
2026-08-25T03:35:04Z,2026-08-25T05:35:04+0200,16553320-5c3e-4a08-95db-080ced308e52,2026-08-14T14:00:00Z,2026-08-14T16:00:00+0200,2021.7202,MW,DE,DE_LU,actual_onshore_wind_generation,Wind Onshore,2026-08-25T03:38:09Z
2026-08-25T03:35:04Z,2026-08-25T05:35:04+0200,16553320-5c3e-4a08-95db-080ced308e52,2026-08-14T14:15:00Z,2026-08-14T16:15:00+0200,2044.49211,MW,DE,DE_LU,actual_onshore_wind_generation,Wind Onshore,2026-08-25T03:38:09Z
2026-08-25T03:35:04Z,2026-08-25T05:35:04+0200,16553320-5c3e-4a08-95db-080ced308e52,2026-08-14T14:30:00Z,2026-08-14T16:30:00+0200,2092.01705,MW,DE,DE_LU,actual_onshore_wind_generation,Wind Onshore,2026-08-25T03:38:09Z
2026-08-25T03:35:04Z,2026-08-25T05:35:04+0200,16553320-5c3e-4a08-95db-080ced308e52,2026-08-14T14:45:00Z,2026-08-14T16:45:00+0200,2052.91916,MW,DE,DE_LU,actual_onshore_wind_generation,Wind Onshore,2026-08-25T03:38:09Z
2026-08-25T03:35:04Z,2026-08-25T05:35:04+0200,16553320-5c3e-4a08-95db-080ced308e52,2026-08-14T15:00:00Z,2026-08-14T17:00:00+0200,2059.54332,MW,DE,DE_LU,actual_onshore_wind_generation,Wind Onshore,2026-08-25T03:38:09Z
2026-08-25T03:35:04Z,2026-08-25T05:35:04+0200,16553320-5c3e-4a08-95db-080ced308e52,2026-08-14T15:15:00Z,2026-08-14T17:15:00+0200,2025.8614,MW,DE,DE_LU,actual_onshore_wind_generation,Wind Onshore,2026-08-25T03:38:09Z
2026-08-25T03:35:04Z,2026-08-25T05:35:04+0200,16553320-5c3e-4a08-95db-080ced308e52,2026-08-14T15:30:00Z,2026-08-14T17:30:00+0200,2020.64633,MW,DE,DE_LU,actual_onshore_wind_generation,Wind Onshore,2026-08-25T03:38:09Z
2026-08-25T03:35:04Z,2026-08-25T05:35:04+0200,16553320-5c3e-4a08-95db-080ced308e52,2026-08-14T15:45:00Z,2026-08-14T17:45:00+0200,2029.81469,MW,DE,DE_LU,actual_onshore_wind_generation,Wind Onshore,2026-08-25T03:38:09Z
2026-08-25T03:35:04Z,2026-08-25T05:35:04+0200,16553320-5c3e-4a08-95db-080ced308e52,2026-08-14T16:00:00Z,2026-08-14T18:00:00+0200,2027.81668,MW,DE,DE_LU,actual_onshore_wind_generation,Wind Onshore,2026-08-25T03:38:09Z
2026-08-25T03:35:04Z,2026-08-25T05:35:04+0200,16553320-5c3e-4a08-95db-080ced308e52,2026-08-14T16:15:00Z,2026-08-14T18:15:00+0200,2073.50649,MW,DE,DE_LU,actual_onshore_wind_generation,Wind Onshore,2026-08-25T03:38:09Z
2026-08-25T03:35:04Z,2026-08-25T05:35:04+0200,16553320-5c3e-4a08-95db-080ced308e52,2026-08-14T16:30:00Z,2026-08-14T18:30:00+0200,2069.03281,MW,DE,DE_LU,actual_onshore_wind_generation,Wind Onshore,2026-08-25T03:38:09Z
2026-08-25T03:35:04Z,2026-08-25T05:35:04+0200,16553320-5c3e-4a08-95db-080ced308e52,2026-08-14T16:45:00Z,2026-08-14T18:45:00+0200,2122.09639,MW,DE,DE_LU,actual_onshore_wind_generation,Wind Onshore,2026-08-25T03:38:09Z
2026-08-25T03:35:04Z,2026-08-25T05:35:04+0200,16553320-5c3e-4a08-95db-080ced308e52,2026-08-14T17:00:00Z,2026-08-14T19:00:00+0200,2320.14399,MW,DE,DE_LU,actual_onshore_wind_generation,Wind Onshore,2026-08-25T03:38:09Z
2026-08-25T03:35:04Z,2026-08-25T05:35:04+0200,16553320-5c3e-4a08-95db-080ced308e52,2026-08-14T17:15:00Z,2026-08-14T19:15:00+0200,2540.02788,MW,DE,DE_LU,actual_onshore_wind_generation,Wind Onshore,2026-08-25T03:38:09Z
2026-08-25T03:35:04Z,2026-08-25T05:35:04+0200,16553320-5c3e-4a08-95db-080ced308e52,2026-08-14T17:30:00Z,2026-08-14T19:30:00+0200,2778.63099,MW,DE,DE_LU,actual_onshore_wind_generation,Wind Onshore,2026-08-25T03:38:09Z
2026-08-25T03:35:04Z,2026-08-25T05:35:04+0200,16553320-5c3e-4a08-95db-080ced308e52,2026-08-14T17:45:00Z,2026-08-14T19:45:00+0200,2902.03729,MW,DE,DE_LU,actual_onshore_wind_generation,Wind Onshore,2026-08-25T03:38:09Z
2026-08-25T03:35:04Z,2026-08-25T05:35:04+0200,16553320-5c3e-4a08-95db-080ced308e52,2026-08-14T18:00:00Z,2026-08-14T20:00:00+0200,3238.18322,MW,DE,DE_LU,actual_onshore_wind_generation,Wind Onshore,2026-08-25T03:38:09Z
2026-08-25T03:35:04Z,2026-08-25T05:35:04+0200,16553320-5c3e-4a08-95db-080ced308e52,2026-08-14T18:15:00Z,2026-08-14T20:15:00+0200,3791.95187,MW,DE,DE_LU,actual_onshore_wind_generation,Wind Onshore,2026-08-25T03:38:09Z
2026-08-25T03:35:04Z,2026-08-25T05:35:04+0200,16553320-5c3e-4a08-95db-080ced308e52,2026-08-14T18:30:00Z,2026-08-14T20:30:00+0200,4471.35075,MW,DE,DE_LU,actual_onshore_wind_generation,Wind Onshore,2026-08-25T03:38:09Z
2026-08-25T03:35:04Z,2026-08-25T05:35:04+0200,16553320-5c3e-4a08-95db-080ced308e52,2026-08-14T18:45:00Z,2026-08-14T20:45:00+0200,4825.08521,MW,DE,DE_LU,actual_onshore_wind_generation,Wind Onshore,2026-08-25T03:38:09Z
2026-08-25T03:35:04Z,2026-08-25T05:35:04+0200,16553320-5c3e-4a08-95db-080ced308e52,2026-08-14T19:00:00Z,2026-08-14T21:00:00+0200,5208.50516,MW,DE,DE_LU,actual_onshore_wind_generation,Wind Onshore,2026-08-25T03:38:09Z
2026-08-25T03:35:04Z,2026-08-25T05:35:04+0200,16553320-5c3e-4a08-95db-080ced308e52,2026-08-14T19:15:00Z,2026-08-14T21:15:00+0200,5921.83264,MW,DE,DE_LU,actual_onshore_wind_generation,Wind Onshore,2026-08-25T03:38:09Z
2026-08-25T03:35:04Z,2026-08-25T05:35:04+0200,16553320-5c3e-4a08-95db-080ced308e52,2026-08-14T19:30:00Z,2026-08-14T21:30:00+0200,6671.35834,MW,DE,DE_LU,actual_onshore_wind_generation,Wind Onshore,2026-08-25T03:38:09Z
2026-08-25T03:35:04Z,2026-08-25T05:35:04+0200,16553320-5c3e-4a08-95db-080ced308e52,2026-08-14T19:45:00Z,2026-08-14T21:45:00+0200,7477.10619,MW,DE,DE_LU,actual_onshore_wind_generation,Wind Onshore,2026-08-25T03:38:09Z
2026-08-25T03:35:04Z,2026-08-25T05:35:04+0200,16553320-5c3e-4a08-95db-080ced308e52,2026-08-14T20:00:00Z,2026-08-14T22:00:00+0200,8135.73498,MW,DE,DE_LU,actual_onshore_wind_generation,Wind Onshore,2026-08-25T03:38:09Z
2026-08-25T03:35:04Z,2026-08-25T05:35:04+0200,16553320-5c3e-4a08-95db-080ced308e52,2026-08-14T20:15:00Z,2026-08-14T22:15:00+0200,8853.43773,MW,DE,DE_LU,actual_onshore_wind_generation,Wind Onshore,2026-08-25T03:38:09Z
2026-08-25T03:35:04Z,2026-08-25T05:35:04+0200,16553320-5c3e-4a08-95db-080ced308e52,2026-08-14T20:30:00Z,2026-08-14T22:30:00+0200,9498.55076,MW,DE,DE_LU,actual_onshore_wind_generation,Wind Onshore,2026-08-25T03:38:09Z
2026-08-25T03:35:04Z,2026-08-25T05:35:04+0200,16553320-5c3e-4a08-95db-080ced308e52,2026-08-14T20:45:00Z,2026-08-14T22:45:00+0200,10044.07817,MW,DE,DE_LU,actual_onshore_wind_generation,Wind Onshore,2026-08-25T03:38:09Z
2026-08-25T03:35:04Z,2026-08-25T05:35:04+0200,16553320-5c3e-4a08-95db-080ced308e52,2026-08-14T21:00:00Z,2026-08-14T23:00:00+0200,10301.38822,MW,DE,DE_LU,actual_onshore_wind_generation,Wind Onshore,2026-08-25T03:38:09Z
2026-08-25T03:35:04Z,2026-08-25T05:35:04+0200,16553320-5c3e-4a08-95db-080ced308e52,2026-08-14T21:15:00Z,2026-08-14T23:15:00+0200,10463.71731,MW,DE,DE_LU,actual_onshore_wind_generation,Wind Onshore,2026-08-25T03:38:09Z
2026-08-25T03:35:04Z,2026-08-25T05:35:04+0200,16553320-5c3e-4a08-95db-080ced308e52,2026-08-14T21:30:00Z,2026-08-14T23:30:00+0200,10498.23975,MW,DE,DE_LU,actual_onshore_wind_generation,Wind Onshore,2026-08-25T03:38:09Z
2026-08-25T03:35:04Z,2026-08-25T05:35:04+0200,16553320-5c3e-4a08-95db-080ced308e52,2026-08-14T21:45:00Z,2026-08-14T23:45:00+0200,10453.40444,MW,DE,DE_LU,actual_onshore_wind_generation,Wind Onshore,2026-08-25T03:38:09Z
2026-08-25T03:35:04Z,2026-08-25T05:35:04+0200,16553320-5c3e-4a08-95db-080ced308e52,2026-08-14T22:00:00Z,2026-08-15T00:00:00+0200,10253.06182,MW,DE,DE_LU,actual_onshore_wind_generation,Wind Onshore,2026-08-25T03:38:09Z
2026-08-25T03:35:04Z,2026-08-25T05:35:04+0200,16553320-5c3e-4a08-95db-080ced308e52,2026-08-14T22:15:00Z,2026-08-15T00:15:00+0200,10091.88302,MW,DE,DE_LU,actual_onshore_wind_generation,Wind Onshore,2026-08-25T03:38:09Z
2026-08-25T03:35:04Z,2026-08-25T05:35:04+0200,16553320-5c3e-4a08-95db-080ced308e52,2026-08-14T22:30:00Z,2026-08-15T00:30:00+0200,9926.77953,MW,DE,DE_LU,actual_onshore_wind_generation,Wind Onshore,2026-08-25T03:38:09Z
2026-08-25T03:35:04Z,2026-08-25T05:35:04+0200,16553320-5c3e-4a08-95db-080ced308e52,2026-08-14T22:45:00Z,2026-08-15T00:45:00+0200,9674.7808,MW,DE,DE_LU,actual_onshore_wind_generation,Wind Onshore,2026-08-25T03:38:09Z
2026-08-25T03:35:04Z,2026-08-25T05:35:04+0200,16553320-5c3e-4a08-95db-080ced308e52,2026-08-14T23:00:00Z,2026-08-15T01:00:00+0200,9329.60132,MW,DE,DE_LU,actual_onshore_wind_generation,Wind Onshore,2026-08-25T03:38:09Z
2026-08-25T03:35:04Z,2026-08-25T05:35:04+0200,16553320-5c3e-4a08-95db-080ced308e52,2026-08-14T23:15:00Z,2026-08-15T01:15:00+0200,8954.12584,MW,DE,DE_LU,actual_onshore_wind_generation,Wind Onshore,2026-08-25T03:38:09Z
2026-08-25T03:35:04Z,2026-08-25T05:35:04+0200,16553320-5c3e-4a08-95db-080ced308e52,2026-08-14T23:30:00Z,2026-08-15T01:30:00+0200,8662.92129,MW,DE,DE_LU,actual_onshore_wind_generation,Wind Onshore,2026-08-25T03:38:09Z
2026-08-25T03:35:04Z,2026-08-25T05:35:04+0200,16553320-5c3e-4a08-95db-080ced308e52,2026-08-14T23:45:00Z,2026-08-15T01:45:00+0200,8412.98184,MW,DE,DE_LU,actual_onshore_wind_generation,Wind Onshore,2026-08-25T03:38:09Z
2026-08-25T03:35:04Z,2026-08-25T05:35:04+0200,16553320-5c3e-4a08-95db-080ced308e52,2026-08-15T00:00:00Z,2026-08-15T02:00:00+0200,8220.66934,MW,DE,DE_LU,actual_onshore_wind_generation,Wind Onshore,2026-08-25T03:38:09Z
2026-08-25T03:35:04Z,2026-08-25T05:35:04+0200,16553320-5c3e-4a08-95db-080ced308e52,2026-08-15T00:15:00Z,2026-08-15T02:15:00+0200,8082.17492,MW,DE,DE_LU,actual_onshore_wind_generation,Wind Onshore,2026-08-25T03:38:09Z
2026-08-25T03:35:04Z,2026-08-25T05:35:04+0200,16553320-5c3e-4a08-95db-080ced308e52,2026-08-15T00:30:00Z,2026-08-15T02:30:00+0200,7979.46394,MW,DE,DE_LU,actual_onshore_wind_generation,Wind Onshore,2026-08-25T03:38:09Z
2026-08-25T03:35:04Z,2026-08-25T05:35:04+0200,16553320-5c3e-4a08-95db-080ced308e52,2026-08-15T00:45:00Z,2026-08-15T02:45:00+0200,7847.42404,MW,DE,DE_LU,actual_onshore_wind_generation,Wind Onshore,2026-08-25T03:38:09Z
2026-08-25T03:35:04Z,2026-08-25T05:35:04+0200,16553320-5c3e-4a08-95db-080ced308e52,2026-08-15T01:00:00Z,2026-08-15T03:00:00+0200,7614.43285,MW,DE,DE_LU,actual_onshore_wind_generation,Wind Onshore,2026-08-25T03:38:09Z
2026-08-25T03:35:04Z,2026-08-25T05:35:04+0200,16553320-5c3e-4a08-95db-080ced308e52,2026-08-15T01:15:00Z,2026-08-15T03:15:00+0200,7337.90007,MW,DE,DE_LU,actual_onshore_wind_generation,Wind Onshore,2026-08-25T03:38:09Z
2026-08-25T03:35:04Z,2026-08-25T05:35:04+0200,16553320-5c3e-4a08-95db-080ced308e52,2026-08-15T01:30:00Z,2026-08-15T03:30:00+0200,7037.30663,MW,DE,DE_LU,actual_onshore_wind_generation,Wind Onshore,2026-08-25T03:38:09Z
2026-08-25T03:35:04Z,2026-08-25T05:35:04+0200,16553320-5c3e-4a08-95db-080ced308e52,2026-08-15T01:45:00Z,2026-08-15T03:45:00+0200,6785.593,MW,DE,DE_LU,actual_onshore_wind_generation,Wind Onshore,2026-08-25T03:38:09Z
2026-08-25T03:35:04Z,2026-08-25T05:35:04+0200,16553320-5c3e-4a08-95db-080ced308e52,2026-08-15T02:00:00Z,2026-08-15T04:00:00+0200,6581.69503,MW,DE,DE_LU,actual_onshore_wind_generation,Wind Onshore,2026-08-25T03:38:09Z
2026-08-25T03:35:04Z,2026-08-25T05:35:04+0200,16553320-5c3e-4a08-95db-080ced308e52,2026-08-15T02:15:00Z,2026-08-15T04:15:00+0200,6440.73192,MW,DE,DE_LU,actual_onshore_wind_generation,Wind Onshore,2026-08-25T03:38:09Z
2026-08-25T03:35:04Z,2026-08-25T05:35:04+0200,16553320-5c3e-4a08-95db-080ced308e52,2026-08-15T02:30:00Z,2026-08-15T04:30:00+0200,6299.61012,MW,DE,DE_LU,actual_onshore_wind_generation,Wind Onshore,2026-08-25T03:38:09Z
2026-08-25T03:35:04Z,2026-08-25T05:35:04+0200,16553320-5c3e-4a08-95db-080ced308e52,2026-08-15T02:45:00Z,2026-08-15T04:45:00+0200,6095.86609,MW,DE,DE_LU,actual_onshore_wind_generation,Wind Onshore,2026-08-25T03:38:09Z
2026-08-25T03:35:04Z,2026-08-25T05:35:04+0200,16553320-5c3e-4a08-95db-080ced308e52,2026-08-15T03:00:00Z,2026-08-15T05:00:00+0200,6009.17351,MW,DE,DE_LU,actual_onshore_wind_generation,Wind Onshore,2026-08-25T03:38:09Z
2026-08-25T03:35:04Z,2026-08-25T05:35:04+0200,16553320-5c3e-4a08-95db-080ced308e52,2026-08-15T03:15:00Z,2026-08-15T05:15:00+0200,5960.25848,MW,DE,DE_LU,actual_onshore_wind_generation,Wind Onshore,2026-08-25T03:38:09Z
2026-08-25T03:35:04Z,2026-08-25T05:35:04+0200,16553320-5c3e-4a08-95db-080ced308e52,2026-08-15T03:30:00Z,2026-08-15T05:30:00+0200,5731.77674,MW,DE,DE_LU,actual_onshore_wind_generation,Wind Onshore,2026-08-25T03:38:09Z
2026-08-25T03:35:04Z,2026-08-25T05:35:04+0200,16553320-5c3e-4a08-95db-080ced308e52,2026-08-15T03:45:00Z,2026-08-15T05:45:00+0200,5604.37708,MW,DE,DE_LU,actual_onshore_wind_generation,Wind Onshore,2026-08-25T03:38:09Z
2026-08-25T03:35:04Z,2026-08-25T05:35:04+0200,16553320-5c3e-4a08-95db-080ced308e52,2026-08-15T04:00:00Z,2026-08-15T06:00:00+0200,5797.58404,MW,DE,DE_LU,actual_onshore_wind_generation,Wind Onshore,2026-08-25T03:38:09Z
2026-08-25T03:35:04Z,2026-08-25T05:35:04+0200,16553320-5c3e-4a08-95db-080ced308e52,2026-08-15T04:15:00Z,2026-08-15T06:15:00+0200,6008.05581,MW,DE,DE_LU,actual_onshore_wind_generation,Wind Onshore,2026-08-25T03:38:09Z
2026-08-25T03:35:04Z,2026-08-25T05:35:04+0200,16553320-5c3e-4a08-95db-080ced308e52,2026-08-15T04:30:00Z,2026-08-15T06:30:00+0200,5719.56618,MW,DE,DE_LU,actual_onshore_wind_generation,Wind Onshore,2026-08-25T03:38:09Z
2026-08-25T03:35:04Z,2026-08-25T05:35:04+0200,16553320-5c3e-4a08-95db-080ced308e52,2026-08-15T04:45:00Z,2026-08-15T06:45:00+0200,5439.52724,MW,DE,DE_LU,actual_onshore_wind_generation,Wind Onshore,2026-08-25T03:38:09Z
2026-08-25T03:35:04Z,2026-08-25T05:35:04+0200,16553320-5c3e-4a08-95db-080ced308e52,2026-08-15T05:00:00Z,2026-08-15T07:00:00+0200,5397.72062,MW,DE,DE_LU,actual_onshore_wind_generation,Wind Onshore,2026-08-25T03:38:09Z
2026-08-25T03:35:04Z,2026-08-25T05:35:04+0200,16553320-5c3e-4a08-95db-080ced308e52,2026-08-15T05:15:00Z,2026-08-15T07:15:00+0200,5338.96084,MW,DE,DE_LU,actual_onshore_wind_generation,Wind Onshore,2026-08-25T03:38:09Z
2026-08-25T03:35:04Z,2026-08-25T05:35:04+0200,16553320-5c3e-4a08-95db-080ced308e52,2026-08-15T05:30:00Z,2026-08-15T07:30:00+0200,5184.02026,MW,DE,DE_LU,actual_onshore_wind_generation,Wind Onshore,2026-08-25T03:38:09Z
2026-08-25T03:35:04Z,2026-08-25T05:35:04+0200,16553320-5c3e-4a08-95db-080ced308e52,2026-08-15T05:45:00Z,2026-08-15T07:45:00+0200,4863.5024,MW,DE,DE_LU,actual_onshore_wind_generation,Wind Onshore,2026-08-25T03:38:09Z
2026-08-25T03:35:04Z,2026-08-25T05:35:04+0200,16553320-5c3e-4a08-95db-080ced308e52,2026-08-15T06:00:00Z,2026-08-15T08:00:00+0200,4465.44263,MW,DE,DE_LU,actual_onshore_wind_generation,Wind Onshore,2026-08-25T03:38:09Z
2026-08-25T03:35:04Z,2026-08-25T05:35:04+0200,16553320-5c3e-4a08-95db-080ced308e52,2026-08-15T06:15:00Z,2026-08-15T08:15:00+0200,3933.32719,MW,DE,DE_LU,actual_onshore_wind_generation,Wind Onshore,2026-08-25T03:38:09Z
2026-08-25T03:35:04Z,2026-08-25T05:35:04+0200,16553320-5c3e-4a08-95db-080ced308e52,2026-08-15T06:30:00Z,2026-08-15T08:30:00+0200,3519.50164,MW,DE,DE_LU,actual_onshore_wind_generation,Wind Onshore,2026-08-25T03:38:09Z
2026-08-25T03:35:04Z,2026-08-25T05:35:04+0200,16553320-5c3e-4a08-95db-080ced308e52,2026-08-15T06:45:00Z,2026-08-15T08:45:00+0200,3282.7152,MW,DE,DE_LU,actual_onshore_wind_generation,Wind Onshore,2026-08-25T03:38:09Z
2026-08-25T03:35:04Z,2026-08-25T05:35:04+0200,16553320-5c3e-4a08-95db-080ced308e52,2026-08-15T07:00:00Z,2026-08-15T09:00:00+0200,3078.0682,MW,DE,DE_LU,actual_onshore_wind_generation,Wind Onshore,2026-08-25T03:38:09Z
2026-08-25T03:35:04Z,2026-08-25T05:35:04+0200,16553320-5c3e-4a08-95db-080ced308e52,2026-08-15T07:15:00Z,2026-08-15T09:15:00+0200,3029.60054,MW,DE,DE_LU,actual_onshore_wind_generation,Wind Onshore,2026-08-25T03:38:09Z
2026-08-25T03:35:04Z,2026-08-25T05:35:04+0200,16553320-5c3e-4a08-95db-080ced308e52,2026-08-15T07:30:00Z,2026-08-15T09:30:00+0200,3005.06829,MW,DE,DE_LU,actual_onshore_wind_generation,Wind Onshore,2026-08-25T03:38:09Z
2026-08-25T03:35:04Z,2026-08-25T05:35:04+0200,16553320-5c3e-4a08-95db-080ced308e52,2026-08-15T07:45:00Z,2026-08-15T09:45:00+0200,2875.36432,MW,DE,DE_LU,actual_onshore_wind_generation,Wind Onshore,2026-08-25T03:38:09Z
2026-08-25T03:35:04Z,2026-08-25T05:35:04+0200,16553320-5c3e-4a08-95db-080ced308e52,2026-08-15T08:00:00Z,2026-08-15T10:00:00+0200,2916.44217,MW,DE,DE_LU,actual_onshore_wind_generation,Wind Onshore,2026-08-25T03:38:09Z
2026-08-25T03:35:04Z,2026-08-25T05:35:04+0200,16553320-5c3e-4a08-95db-080ced308e52,2026-08-15T08:15:00Z,2026-08-15T10:15:00+0200,3119.69167,MW,DE,DE_LU,actual_onshore_wind_generation,Wind Onshore,2026-08-25T03:38:09Z
2026-08-25T03:35:04Z,2026-08-25T05:35:04+0200,16553320-5c3e-4a08-95db-080ced308e52,2026-08-15T08:30:00Z,2026-08-15T10:30:00+0200,3177.71341,MW,DE,DE_LU,actual_onshore_wind_generation,Wind Onshore,2026-08-25T03:38:09Z
2026-08-25T03:35:04Z,2026-08-25T05:35:04+0200,16553320-5c3e-4a08-95db-080ced308e52,2026-08-15T08:45:00Z,2026-08-15T10:45:00+0200,3266.5105,MW,DE,DE_LU,actual_onshore_wind_generation,Wind Onshore,2026-08-25T03:38:09Z
2026-08-25T03:35:04Z,2026-08-25T05:35:04+0200,16553320-5c3e-4a08-95db-080ced308e52,2026-08-15T09:00:00Z,2026-08-15T11:00:00+0200,3410.79689,MW,DE,DE_LU,actual_onshore_wind_generation,Wind Onshore,2026-08-25T03:38:09Z
2026-08-25T03:35:04Z,2026-08-25T05:35:04+0200,16553320-5c3e-4a08-95db-080ced308e52,2026-08-15T09:15:00Z,2026-08-15T11:15:00+0200,3485.9142,MW,DE,DE_LU,actual_onshore_wind_generation,Wind Onshore,2026-08-25T03:38:09Z
2026-08-25T03:35:04Z,2026-08-25T05:35:04+0200,16553320-5c3e-4a08-95db-080ced308e52,2026-08-15T09:30:00Z,2026-08-15T11:30:00+0200,3595.34806,MW,DE,DE_LU,actual_onshore_wind_generation,Wind Onshore,2026-08-25T03:38:09Z
2026-08-25T03:35:04Z,2026-08-25T05:35:04+0200,16553320-5c3e-4a08-95db-080ced308e52,2026-08-15T09:45:00Z,2026-08-15T11:45:00+0200,3839.12721,MW,DE,DE_LU,actual_onshore_wind_generation,Wind Onshore,2026-08-25T03:38:09Z
2026-08-25T03:35:04Z,2026-08-25T05:35:04+0200,16553320-5c3e-4a08-95db-080ced308e52,2026-08-15T10:00:00Z,2026-08-15T12:00:00+0200,4116.47941,MW,DE,DE_LU,actual_onshore_wind_generation,Wind Onshore,2026-08-25T03:38:09Z
2026-08-25T03:35:04Z,2026-08-25T05:35:04+0200,16553320-5c3e-4a08-95db-080ced308e52,2026-08-15T10:15:00Z,2026-08-15T12:15:00+0200,4331.21829,MW,DE,DE_LU,actual_onshore_wind_generation,Wind Onshore,2026-08-25T03:38:09Z
2026-08-25T03:35:04Z,2026-08-25T05:35:04+0200,16553320-5c3e-4a08-95db-080ced308e52,2026-08-15T10:30:00Z,2026-08-15T12:30:00+0200,4571.33867,MW,DE,DE_LU,actual_onshore_wind_generation,Wind Onshore,2026-08-25T03:38:09Z
2026-08-25T03:35:04Z,2026-08-25T05:35:04+0200,16553320-5c3e-4a08-95db-080ced308e52,2026-08-15T10:45:00Z,2026-08-15T12:45:00+0200,4706.65978,MW,DE,DE_LU,actual_onshore_wind_generation,Wind Onshore,2026-08-25T03:38:09Z
2026-08-25T03:35:04Z,2026-08-25T05:35:04+0200,16553320-5c3e-4a08-95db-080ced308e52,2026-08-15T11:00:00Z,2026-08-15T13:00:00+0200,4857.87218,MW,DE,DE_LU,actual_onshore_wind_generation,Wind Onshore,2026-08-25T03:38:09Z
2026-08-25T03:35:04Z,2026-08-25T05:35:04+0200,16553320-5c3e-4a08-95db-080ced308e52,2026-08-15T11:15:00Z,2026-08-15T13:15:00+0200,5006.64684,MW,DE,DE_LU,actual_onshore_wind_generation,Wind Onshore,2026-08-25T03:38:09Z
2026-08-25T03:35:04Z,2026-08-25T05:35:04+0200,16553320-5c3e-4a08-95db-080ced308e52,2026-08-15T11:30:00Z,2026-08-15T13:30:00+0200,5187.88965,MW,DE,DE_LU,actual_onshore_wind_generation,Wind Onshore,2026-08-25T03:38:09Z
2026-08-25T03:35:04Z,2026-08-25T05:35:04+0200,16553320-5c3e-4a08-95db-080ced308e52,2026-08-15T11:45:00Z,2026-08-15T13:45:00+0200,5230.94695,MW,DE,DE_LU,actual_onshore_wind_generation,Wind Onshore,2026-08-25T03:38:09Z
2026-08-25T03:35:04Z,2026-08-25T05:35:04+0200,16553320-5c3e-4a08-95db-080ced308e52,2026-08-15T12:00:00Z,2026-08-15T14:00:00+0200,5266.36884,MW,DE,DE_LU,actual_onshore_wind_generation,Wind Onshore,2026-08-25T03:38:09Z
2026-08-25T03:35:04Z,2026-08-25T05:35:04+0200,16553320-5c3e-4a08-95db-080ced308e52,2026-08-15T12:15:00Z,2026-08-15T14:15:00+0200,5618.88329,MW,DE,DE_LU,actual_onshore_wind_generation,Wind Onshore,2026-08-25T03:38:09Z
2026-08-25T03:35:04Z,2026-08-25T05:35:04+0200,16553320-5c3e-4a08-95db-080ced308e52,2026-08-15T12:30:00Z,2026-08-15T14:30:00+0200,5898.10573,MW,DE,DE_LU,actual_onshore_wind_generation,Wind Onshore,2026-08-25T03:38:09Z
2026-08-25T03:35:04Z,2026-08-25T05:35:04+0200,16553320-5c3e-4a08-95db-080ced308e52,2026-08-15T12:45:00Z,2026-08-15T14:45:00+0200,6094.78001,MW,DE,DE_LU,actual_onshore_wind_generation,Wind Onshore,2026-08-25T03:38:09Z
2026-08-25T03:35:04Z,2026-08-25T05:35:04+0200,16553320-5c3e-4a08-95db-080ced308e52,2026-08-15T13:00:00Z,2026-08-15T15:00:00+0200,6192.50538,MW,DE,DE_LU,actual_onshore_wind_generation,Wind Onshore,2026-08-25T03:38:09Z
2026-08-25T03:35:04Z,2026-08-25T05:35:04+0200,16553320-5c3e-4a08-95db-080ced308e52,2026-08-15T13:15:00Z,2026-08-15T15:15:00+0200,6349.2048,MW,DE,DE_LU,actual_onshore_wind_generation,Wind Onshore,2026-08-25T03:38:09Z
2026-08-25T03:35:04Z,2026-08-25T05:35:04+0200,16553320-5c3e-4a08-95db-080ced308e52,2026-08-15T13:30:00Z,2026-08-15T15:30:00+0200,6614.43239,MW,DE,DE_LU,actual_onshore_wind_generation,Wind Onshore,2026-08-25T03:38:09Z
2026-08-25T03:35:04Z,2026-08-25T05:35:04+0200,16553320-5c3e-4a08-95db-080ced308e52,2026-08-15T13:45:00Z,2026-08-15T15:45:00+0200,7310.93121,MW,DE,DE_LU,actual_onshore_wind_generation,Wind Onshore,2026-08-25T03:38:09Z
2026-08-25T03:35:04Z,2026-08-25T05:35:04+0200,16553320-5c3e-4a08-95db-080ced308e52,2026-08-15T14:00:00Z,2026-08-15T16:00:00+0200,8063.20476,MW,DE,DE_LU,actual_onshore_wind_generation,Wind Onshore,2026-08-25T03:38:09Z
2026-08-25T03:35:04Z,2026-08-25T05:35:04+0200,16553320-5c3e-4a08-95db-080ced308e52,2026-08-15T14:15:00Z,2026-08-15T16:15:00+0200,9015.12514,MW,DE,DE_LU,actual_onshore_wind_generation,Wind Onshore,2026-08-25T03:38:09Z
2026-08-25T03:35:04Z,2026-08-25T05:35:04+0200,16553320-5c3e-4a08-95db-080ced308e52,2026-08-15T14:30:00Z,2026-08-15T16:30:00+0200,9488.00535,MW,DE,DE_LU,actual_onshore_wind_generation,Wind Onshore,2026-08-25T03:38:09Z
2026-08-25T03:35:04Z,2026-08-25T05:35:04+0200,16553320-5c3e-4a08-95db-080ced308e52,2026-08-15T14:45:00Z,2026-08-15T16:45:00+0200,9743.03856,MW,DE,DE_LU,actual_onshore_wind_generation,Wind Onshore,2026-08-25T03:38:09Z
2026-08-25T03:35:04Z,2026-08-25T05:35:04+0200,16553320-5c3e-4a08-95db-080ced308e52,2026-08-15T15:00:00Z,2026-08-15T17:00:00+0200,9770.82369,MW,DE,DE_LU,actual_onshore_wind_generation,Wind Onshore,2026-08-25T03:38:09Z
2026-08-25T03:35:04Z,2026-08-25T05:35:04+0200,16553320-5c3e-4a08-95db-080ced308e52,2026-08-15T15:15:00Z,2026-08-15T17:15:00+0200,9842.73955,MW,DE,DE_LU,actual_onshore_wind_generation,Wind Onshore,2026-08-25T03:38:09Z
2026-08-25T03:35:04Z,2026-08-25T05:35:04+0200,16553320-5c3e-4a08-95db-080ced308e52,2026-08-15T15:30:00Z,2026-08-15T17:30:00+0200,9826.64466,MW,DE,DE_LU,actual_onshore_wind_generation,Wind Onshore,2026-08-25T03:38:09Z
2026-08-25T03:35:04Z,2026-08-25T05:35:04+0200,16553320-5c3e-4a08-95db-080ced308e52,2026-08-15T15:45:00Z,2026-08-15T17:45:00+0200,10144.3034,MW,DE,DE_LU,actual_onshore_wind_generation,Wind Onshore,2026-08-25T03:38:09Z
2026-08-25T03:35:04Z,2026-08-25T05:35:04+0200,16553320-5c3e-4a08-95db-080ced308e52,2026-08-15T16:00:00Z,2026-08-15T18:00:00+0200,10471.76901,MW,DE,DE_LU,actual_onshore_wind_generation,Wind Onshore,2026-08-25T03:38:09Z
2026-08-25T03:35:04Z,2026-08-25T05:35:04+0200,16553320-5c3e-4a08-95db-080ced308e52,2026-08-15T16:15:00Z,2026-08-15T18:15:00+0200,10675.13373,MW,DE,DE_LU,actual_onshore_wind_generation,Wind Onshore,2026-08-25T03:38:09Z
2026-08-25T03:35:04Z,2026-08-25T05:35:04+0200,16553320-5c3e-4a08-95db-080ced308e52,2026-08-15T16:30:00Z,2026-08-15T18:30:00+0200,10785.61437,MW,DE,DE_LU,actual_onshore_wind_generation,Wind Onshore,2026-08-25T03:38:09Z
2026-08-25T03:35:04Z,2026-08-25T05:35:04+0200,16553320-5c3e-4a08-95db-080ced308e52,2026-08-15T16:45:00Z,2026-08-15T18:45:00+0200,10904.36702,MW,DE,DE_LU,actual_onshore_wind_generation,Wind Onshore,2026-08-25T03:38:09Z
2026-08-25T03:35:04Z,2026-08-25T05:35:04+0200,16553320-5c3e-4a08-95db-080ced308e52,2026-08-15T17:00:00Z,2026-08-15T19:00:00+0200,10948.55088,MW,DE,DE_LU,actual_onshore_wind_generation,Wind Onshore,2026-08-25T03:38:09Z
2026-08-25T03:35:04Z,2026-08-25T05:35:04+0200,16553320-5c3e-4a08-95db-080ced308e52,2026-08-15T17:15:00Z,2026-08-15T19:15:00+0200,11060.17198,MW,DE,DE_LU,actual_onshore_wind_generation,Wind Onshore,2026-08-25T03:38:09Z
2026-08-25T03:35:04Z,2026-08-25T05:35:04+0200,16553320-5c3e-4a08-95db-080ced308e52,2026-08-15T17:30:00Z,2026-08-15T19:30:00+0200,11177.32184,MW,DE,DE_LU,actual_onshore_wind_generation,Wind Onshore,2026-08-25T03:38:09Z
2026-08-25T03:35:04Z,2026-08-25T05:35:04+0200,16553320-5c3e-4a08-95db-080ced308e52,2026-08-15T17:45:00Z,2026-08-15T19:45:00+0200,10928.77781,MW,DE,DE_LU,actual_onshore_wind_generation,Wind Onshore,2026-08-25T03:38:09Z
2026-08-25T03:35:04Z,2026-08-25T05:35:04+0200,16553320-5c3e-4a08-95db-080ced308e52,2026-08-15T18:00:00Z,2026-08-15T20:00:00+0200,10786.36382,MW,DE,DE_LU,actual_onshore_wind_generation,Wind Onshore,2026-08-25T03:38:09Z
2026-08-25T03:35:04Z,2026-08-25T05:35:04+0200,16553320-5c3e-4a08-95db-080ced308e52,2026-08-15T18:15:00Z,2026-08-15T20:15:00+0200,10875.74115,MW,DE,DE_LU,actual_onshore_wind_generation,Wind Onshore,2026-08-25T03:38:09Z
2026-08-25T03:35:04Z,2026-08-25T05:35:04+0200,16553320-5c3e-4a08-95db-080ced308e52,2026-08-15T18:30:00Z,2026-08-15T20:30:00+0200,10849.83496,MW,DE,DE_LU,actual_onshore_wind_generation,Wind Onshore,2026-08-25T03:38:09Z
2026-08-25T03:35:04Z,2026-08-25T05:35:04+0200,16553320-5c3e-4a08-95db-080ced308e52,2026-08-15T18:45:00Z,2026-08-15T20:45:00+0200,10420.65952,MW,DE,DE_LU,actual_onshore_wind_generation,Wind Onshore,2026-08-25T03:38:09Z
2026-08-25T03:35:04Z,2026-08-25T05:35:04+0200,16553320-5c3e-4a08-95db-080ced308e52,2026-08-15T19:00:00Z,2026-08-15T21:00:00+0200,9967.90292,MW,DE,DE_LU,actual_onshore_wind_generation,Wind Onshore,2026-08-25T03:38:09Z
2026-08-25T03:35:04Z,2026-08-25T05:35:04+0200,16553320-5c3e-4a08-95db-080ced308e52,2026-08-15T19:15:00Z,2026-08-15T21:15:00+0200,9947.71341,MW,DE,DE_LU,actual_onshore_wind_generation,Wind Onshore,2026-08-25T03:38:09Z
2026-08-25T03:35:04Z,2026-08-25T05:35:04+0200,16553320-5c3e-4a08-95db-080ced308e52,2026-08-15T19:30:00Z,2026-08-15T21:30:00+0200,9824.98491,MW,DE,DE_LU,actual_onshore_wind_generation,Wind Onshore,2026-08-25T03:38:09Z
2026-08-25T03:35:04Z,2026-08-25T05:35:04+0200,16553320-5c3e-4a08-95db-080ced308e52,2026-08-15T19:45:00Z,2026-08-15T21:45:00+0200,9524.49425,MW,DE,DE_LU,actual_onshore_wind_generation,Wind Onshore,2026-08-25T03:38:09Z
2026-08-25T03:35:04Z,2026-08-25T05:35:04+0200,16553320-5c3e-4a08-95db-080ced308e52,2026-08-15T20:00:00Z,2026-08-15T22:00:00+0200,9176.45981,MW,DE,DE_LU,actual_onshore_wind_generation,Wind Onshore,2026-08-25T03:38:09Z
2026-08-25T03:35:04Z,2026-08-25T05:35:04+0200,16553320-5c3e-4a08-95db-080ced308e52,2026-08-15T20:15:00Z,2026-08-15T22:15:00+0200,9078.57772,MW,DE,DE_LU,actual_onshore_wind_generation,Wind Onshore,2026-08-25T03:38:09Z
2026-08-25T03:35:04Z,2026-08-25T05:35:04+0200,16553320-5c3e-4a08-95db-080ced308e52,2026-08-15T20:30:00Z,2026-08-15T22:30:00+0200,8836.62962,MW,DE,DE_LU,actual_onshore_wind_generation,Wind Onshore,2026-08-25T03:38:09Z
2026-08-25T03:35:04Z,2026-08-25T05:35:04+0200,16553320-5c3e-4a08-95db-080ced308e52,2026-08-15T20:45:00Z,2026-08-15T22:45:00+0200,8653.76695,MW,DE,DE_LU,actual_onshore_wind_generation,Wind Onshore,2026-08-25T03:38:09Z
2026-08-25T03:35:04Z,2026-08-25T05:35:04+0200,16553320-5c3e-4a08-95db-080ced308e52,2026-08-15T21:00:00Z,2026-08-15T23:00:00+0200,8198.62436,MW,DE,DE_LU,actual_onshore_wind_generation,Wind Onshore,2026-08-25T03:38:09Z
2026-08-25T03:35:04Z,2026-08-25T05:35:04+0200,16553320-5c3e-4a08-95db-080ced308e52,2026-08-15T21:15:00Z,2026-08-15T23:15:00+0200,7700.17741,MW,DE,DE_LU,actual_onshore_wind_generation,Wind Onshore,2026-08-25T03:38:09Z
2026-08-25T03:35:04Z,2026-08-25T05:35:04+0200,16553320-5c3e-4a08-95db-080ced308e52,2026-08-15T21:30:00Z,2026-08-15T23:30:00+0200,7166.85922,MW,DE,DE_LU,actual_onshore_wind_generation,Wind Onshore,2026-08-25T03:38:09Z
2026-08-25T03:35:04Z,2026-08-25T05:35:04+0200,16553320-5c3e-4a08-95db-080ced308e52,2026-08-15T21:45:00Z,2026-08-15T23:45:00+0200,6786.38243,MW,DE,DE_LU,actual_onshore_wind_generation,Wind Onshore,2026-08-25T03:38:09Z
2026-08-25T03:35:04Z,2026-08-25T05:35:04+0200,16553320-5c3e-4a08-95db-080ced308e52,2026-08-15T22:00:00Z,2026-08-16T00:00:00+0200,6356.16287,MW,DE,DE_LU,actual_onshore_wind_generation,Wind Onshore,2026-08-25T03:38:09Z
2026-08-25T03:35:04Z,2026-08-25T05:35:04+0200,16553320-5c3e-4a08-95db-080ced308e52,2026-08-15T22:15:00Z,2026-08-16T00:15:00+0200,6096.6102,MW,DE,DE_LU,actual_onshore_wind_generation,Wind Onshore,2026-08-25T03:38:09Z
2026-08-25T03:35:04Z,2026-08-25T05:35:04+0200,16553320-5c3e-4a08-95db-080ced308e52,2026-08-15T22:30:00Z,2026-08-16T00:30:00+0200,5722.77649,MW,DE,DE_LU,actual_onshore_wind_generation,Wind Onshore,2026-08-25T03:38:09Z
2026-08-25T03:35:04Z,2026-08-25T05:35:04+0200,16553320-5c3e-4a08-95db-080ced308e52,2026-08-15T22:45:00Z,2026-08-16T00:45:00+0200,5405.76565,MW,DE,DE_LU,actual_onshore_wind_generation,Wind Onshore,2026-08-25T03:38:09Z
2026-08-25T03:35:04Z,2026-08-25T05:35:04+0200,16553320-5c3e-4a08-95db-080ced308e52,2026-08-15T23:00:00Z,2026-08-16T01:00:00+0200,5210.64424,MW,DE,DE_LU,actual_onshore_wind_generation,Wind Onshore,2026-08-25T03:38:09Z
2026-08-25T03:35:04Z,2026-08-25T05:35:04+0200,16553320-5c3e-4a08-95db-080ced308e52,2026-08-15T23:15:00Z,2026-08-16T01:15:00+0200,5080.84565,MW,DE,DE_LU,actual_onshore_wind_generation,Wind Onshore,2026-08-25T03:38:09Z
2026-08-25T03:35:04Z,2026-08-25T05:35:04+0200,16553320-5c3e-4a08-95db-080ced308e52,2026-08-15T23:30:00Z,2026-08-16T01:30:00+0200,5127.76724,MW,DE,DE_LU,actual_onshore_wind_generation,Wind Onshore,2026-08-25T03:38:09Z
2026-08-25T03:35:04Z,2026-08-25T05:35:04+0200,16553320-5c3e-4a08-95db-080ced308e52,2026-08-15T23:45:00Z,2026-08-16T01:45:00+0200,4976.39047,MW,DE,DE_LU,actual_onshore_wind_generation,Wind Onshore,2026-08-25T03:38:09Z
2026-08-25T03:35:04Z,2026-08-25T05:35:04+0200,16553320-5c3e-4a08-95db-080ced308e52,2026-08-16T00:00:00Z,2026-08-16T02:00:00+0200,4892.07623,MW,DE,DE_LU,actual_onshore_wind_generation,Wind Onshore,2026-08-25T03:38:09Z
2026-08-25T03:35:04Z,2026-08-25T05:35:04+0200,16553320-5c3e-4a08-95db-080ced308e52,2026-08-16T00:15:00Z,2026-08-16T02:15:00+0200,4636.05456,MW,DE,DE_LU,actual_onshore_wind_generation,Wind Onshore,2026-08-25T03:38:09Z
2026-08-25T03:35:04Z,2026-08-25T05:35:04+0200,16553320-5c3e-4a08-95db-080ced308e52,2026-08-16T00:30:00Z,2026-08-16T02:30:00+0200,4428.63012,MW,DE,DE_LU,actual_onshore_wind_generation,Wind Onshore,2026-08-25T03:38:09Z
2026-08-25T03:35:04Z,2026-08-25T05:35:04+0200,16553320-5c3e-4a08-95db-080ced308e52,2026-08-16T00:45:00Z,2026-08-16T02:45:00+0200,4319.13696,MW,DE,DE_LU,actual_onshore_wind_generation,Wind Onshore,2026-08-25T03:38:09Z
2026-08-25T03:35:04Z,2026-08-25T05:35:04+0200,16553320-5c3e-4a08-95db-080ced308e52,2026-08-16T01:00:00Z,2026-08-16T03:00:00+0200,4296.46951,MW,DE,DE_LU,actual_onshore_wind_generation,Wind Onshore,2026-08-25T03:38:09Z
2026-08-25T03:35:04Z,2026-08-25T05:35:04+0200,16553320-5c3e-4a08-95db-080ced308e52,2026-08-16T01:15:00Z,2026-08-16T03:15:00+0200,4298.76524,MW,DE,DE_LU,actual_onshore_wind_generation,Wind Onshore,2026-08-25T03:38:09Z
2026-08-25T03:35:04Z,2026-08-25T05:35:04+0200,16553320-5c3e-4a08-95db-080ced308e52,2026-08-16T01:30:00Z,2026-08-16T03:30:00+0200,4495.56527,MW,DE,DE_LU,actual_onshore_wind_generation,Wind Onshore,2026-08-25T03:38:09Z
2026-08-25T03:35:04Z,2026-08-25T05:35:04+0200,16553320-5c3e-4a08-95db-080ced308e52,2026-08-16T01:45:00Z,2026-08-16T03:45:00+0200,4703.55032,MW,DE,DE_LU,actual_onshore_wind_generation,Wind Onshore,2026-08-25T03:38:09Z
2026-08-25T03:35:04Z,2026-08-25T05:35:04+0200,16553320-5c3e-4a08-95db-080ced308e52,2026-08-16T02:00:00Z,2026-08-16T04:00:00+0200,4740.50546,MW,DE,DE_LU,actual_onshore_wind_generation,Wind Onshore,2026-08-25T03:38:09Z
2026-08-25T03:35:04Z,2026-08-25T05:35:04+0200,16553320-5c3e-4a08-95db-080ced308e52,2026-08-16T02:15:00Z,2026-08-16T04:15:00+0200,4731.50681,MW,DE,DE_LU,actual_onshore_wind_generation,Wind Onshore,2026-08-25T03:38:09Z
2026-08-25T03:35:04Z,2026-08-25T05:35:04+0200,16553320-5c3e-4a08-95db-080ced308e52,2026-08-16T02:30:00Z,2026-08-16T04:30:00+0200,4470.52767,MW,DE,DE_LU,actual_onshore_wind_generation,Wind Onshore,2026-08-25T03:38:09Z
2026-08-25T03:35:04Z,2026-08-25T05:35:04+0200,16553320-5c3e-4a08-95db-080ced308e52,2026-08-16T02:45:00Z,2026-08-16T04:45:00+0200,4466.42502,MW,DE,DE_LU,actual_onshore_wind_generation,Wind Onshore,2026-08-25T03:38:09Z
2026-08-25T03:35:04Z,2026-08-25T05:35:04+0200,16553320-5c3e-4a08-95db-080ced308e52,2026-08-16T03:00:00Z,2026-08-16T05:00:00+0200,4620.06244,MW,DE,DE_LU,actual_onshore_wind_generation,Wind Onshore,2026-08-25T03:38:09Z
2026-08-25T03:35:04Z,2026-08-25T05:35:04+0200,16553320-5c3e-4a08-95db-080ced308e52,2026-08-16T03:15:00Z,2026-08-16T05:15:00+0200,4835.74233,MW,DE,DE_LU,actual_onshore_wind_generation,Wind Onshore,2026-08-25T03:38:09Z
2026-08-25T03:35:04Z,2026-08-25T05:35:04+0200,16553320-5c3e-4a08-95db-080ced308e52,2026-08-16T03:30:00Z,2026-08-16T05:30:00+0200,4864.01874,MW,DE,DE_LU,actual_onshore_wind_generation,Wind Onshore,2026-08-25T03:38:09Z
2026-08-25T03:35:04Z,2026-08-25T05:35:04+0200,16553320-5c3e-4a08-95db-080ced308e52,2026-08-16T03:45:00Z,2026-08-16T05:45:00+0200,4779.07842,MW,DE,DE_LU,actual_onshore_wind_generation,Wind Onshore,2026-08-25T03:38:09Z
2026-08-25T03:35:04Z,2026-08-25T05:35:04+0200,16553320-5c3e-4a08-95db-080ced308e52,2026-08-16T04:00:00Z,2026-08-16T06:00:00+0200,4825.64412,MW,DE,DE_LU,actual_onshore_wind_generation,Wind Onshore,2026-08-25T03:38:09Z
2026-08-25T03:35:04Z,2026-08-25T05:35:04+0200,16553320-5c3e-4a08-95db-080ced308e52,2026-08-16T04:15:00Z,2026-08-16T06:15:00+0200,4862.08144,MW,DE,DE_LU,actual_onshore_wind_generation,Wind Onshore,2026-08-25T03:38:09Z
2026-08-25T03:35:04Z,2026-08-25T05:35:04+0200,16553320-5c3e-4a08-95db-080ced308e52,2026-08-16T04:30:00Z,2026-08-16T06:30:00+0200,4721.36028,MW,DE,DE_LU,actual_onshore_wind_generation,Wind Onshore,2026-08-25T03:38:09Z
2026-08-25T03:35:04Z,2026-08-25T05:35:04+0200,16553320-5c3e-4a08-95db-080ced308e52,2026-08-16T04:45:00Z,2026-08-16T06:45:00+0200,4415.76682,MW,DE,DE_LU,actual_onshore_wind_generation,Wind Onshore,2026-08-25T03:38:09Z
2026-08-25T03:35:04Z,2026-08-25T05:35:04+0200,16553320-5c3e-4a08-95db-080ced308e52,2026-08-16T05:00:00Z,2026-08-16T07:00:00+0200,4295.64712,MW,DE,DE_LU,actual_onshore_wind_generation,Wind Onshore,2026-08-25T03:38:09Z
2026-08-25T03:35:04Z,2026-08-25T05:35:04+0200,16553320-5c3e-4a08-95db-080ced308e52,2026-08-16T05:15:00Z,2026-08-16T07:15:00+0200,4143.50337,MW,DE,DE_LU,actual_onshore_wind_generation,Wind Onshore,2026-08-25T03:38:09Z
2026-08-25T03:35:04Z,2026-08-25T05:35:04+0200,16553320-5c3e-4a08-95db-080ced308e52,2026-08-16T05:30:00Z,2026-08-16T07:30:00+0200,3799.97842,MW,DE,DE_LU,actual_onshore_wind_generation,Wind Onshore,2026-08-25T03:38:09Z
2026-08-25T03:35:04Z,2026-08-25T05:35:04+0200,16553320-5c3e-4a08-95db-080ced308e52,2026-08-16T05:45:00Z,2026-08-16T07:45:00+0200,3479.20889,MW,DE,DE_LU,actual_onshore_wind_generation,Wind Onshore,2026-08-25T03:38:09Z
2026-08-25T03:35:04Z,2026-08-25T05:35:04+0200,16553320-5c3e-4a08-95db-080ced308e52,2026-08-16T06:00:00Z,2026-08-16T08:00:00+0200,3198.64375,MW,DE,DE_LU,actual_onshore_wind_generation,Wind Onshore,2026-08-25T03:38:09Z
2026-08-25T03:35:04Z,2026-08-25T05:35:04+0200,16553320-5c3e-4a08-95db-080ced308e52,2026-08-16T06:15:00Z,2026-08-16T08:15:00+0200,2872.79304,MW,DE,DE_LU,actual_onshore_wind_generation,Wind Onshore,2026-08-25T03:38:09Z
2026-08-25T03:35:04Z,2026-08-25T05:35:04+0200,16553320-5c3e-4a08-95db-080ced308e52,2026-08-16T06:30:00Z,2026-08-16T08:30:00+0200,2508.84202,MW,DE,DE_LU,actual_onshore_wind_generation,Wind Onshore,2026-08-25T03:38:09Z
2026-08-25T03:35:04Z,2026-08-25T05:35:04+0200,16553320-5c3e-4a08-95db-080ced308e52,2026-08-16T06:45:00Z,2026-08-16T08:45:00+0200,2323.10679,MW,DE,DE_LU,actual_onshore_wind_generation,Wind Onshore,2026-08-25T03:38:09Z
2026-08-25T03:35:04Z,2026-08-25T05:35:04+0200,16553320-5c3e-4a08-95db-080ced308e52,2026-08-16T07:00:00Z,2026-08-16T09:00:00+0200,2132.80185,MW,DE,DE_LU,actual_onshore_wind_generation,Wind Onshore,2026-08-25T03:38:09Z
2026-08-25T03:35:04Z,2026-08-25T05:35:04+0200,16553320-5c3e-4a08-95db-080ced308e52,2026-08-16T07:15:00Z,2026-08-16T09:15:00+0200,2029.69537,MW,DE,DE_LU,actual_onshore_wind_generation,Wind Onshore,2026-08-25T03:38:09Z
2026-08-25T03:35:04Z,2026-08-25T05:35:04+0200,16553320-5c3e-4a08-95db-080ced308e52,2026-08-16T07:30:00Z,2026-08-16T09:30:00+0200,2028.61499,MW,DE,DE_LU,actual_onshore_wind_generation,Wind Onshore,2026-08-25T03:38:09Z
2026-08-25T03:35:04Z,2026-08-25T05:35:04+0200,16553320-5c3e-4a08-95db-080ced308e52,2026-08-16T07:45:00Z,2026-08-16T09:45:00+0200,2054.16083,MW,DE,DE_LU,actual_onshore_wind_generation,Wind Onshore,2026-08-25T03:38:09Z
2026-08-25T03:35:04Z,2026-08-25T05:35:04+0200,16553320-5c3e-4a08-95db-080ced308e52,2026-08-16T08:00:00Z,2026-08-16T10:00:00+0200,1961.31842,MW,DE,DE_LU,actual_onshore_wind_generation,Wind Onshore,2026-08-25T03:38:09Z
2026-08-25T03:35:04Z,2026-08-25T05:35:04+0200,16553320-5c3e-4a08-95db-080ced308e52,2026-08-16T08:15:00Z,2026-08-16T10:15:00+0200,1973.30385,MW,DE,DE_LU,actual_onshore_wind_generation,Wind Onshore,2026-08-25T03:38:09Z
2026-08-25T03:35:04Z,2026-08-25T05:35:04+0200,16553320-5c3e-4a08-95db-080ced308e52,2026-08-16T08:30:00Z,2026-08-16T10:30:00+0200,2038.86579,MW,DE,DE_LU,actual_onshore_wind_generation,Wind Onshore,2026-08-25T03:38:09Z
2026-08-25T03:35:04Z,2026-08-25T05:35:04+0200,16553320-5c3e-4a08-95db-080ced308e52,2026-08-16T08:45:00Z,2026-08-16T10:45:00+0200,2024.36859,MW,DE,DE_LU,actual_onshore_wind_generation,Wind Onshore,2026-08-25T03:38:09Z
2026-08-25T03:35:04Z,2026-08-25T05:35:04+0200,16553320-5c3e-4a08-95db-080ced308e52,2026-08-16T09:00:00Z,2026-08-16T11:00:00+0200,2173.38703,MW,DE,DE_LU,actual_onshore_wind_generation,Wind Onshore,2026-08-25T03:38:09Z
2026-08-25T03:35:04Z,2026-08-25T05:35:04+0200,16553320-5c3e-4a08-95db-080ced308e52,2026-08-16T09:15:00Z,2026-08-16T11:15:00+0200,2304.26339,MW,DE,DE_LU,actual_onshore_wind_generation,Wind Onshore,2026-08-25T03:38:09Z
2026-08-25T03:35:04Z,2026-08-25T05:35:04+0200,16553320-5c3e-4a08-95db-080ced308e52,2026-08-16T09:30:00Z,2026-08-16T11:30:00+0200,1992.42704,MW,DE,DE_LU,actual_onshore_wind_generation,Wind Onshore,2026-08-25T03:38:09Z
2026-08-25T03:35:04Z,2026-08-25T05:35:04+0200,16553320-5c3e-4a08-95db-080ced308e52,2026-08-16T09:45:00Z,2026-08-16T11:45:00+0200,1762.57124,MW,DE,DE_LU,actual_onshore_wind_generation,Wind Onshore,2026-08-25T03:38:09Z
2026-08-25T03:35:04Z,2026-08-25T05:35:04+0200,16553320-5c3e-4a08-95db-080ced308e52,2026-08-16T10:00:00Z,2026-08-16T12:00:00+0200,1716.03938,MW,DE,DE_LU,actual_onshore_wind_generation,Wind Onshore,2026-08-25T03:38:09Z
2026-08-25T03:35:04Z,2026-08-25T05:35:04+0200,16553320-5c3e-4a08-95db-080ced308e52,2026-08-16T10:15:00Z,2026-08-16T12:15:00+0200,1698.31283,MW,DE,DE_LU,actual_onshore_wind_generation,Wind Onshore,2026-08-25T03:38:09Z
2026-08-25T03:35:04Z,2026-08-25T05:35:04+0200,16553320-5c3e-4a08-95db-080ced308e52,2026-08-16T10:30:00Z,2026-08-16T12:30:00+0200,1563.87625,MW,DE,DE_LU,actual_onshore_wind_generation,Wind Onshore,2026-08-25T03:38:09Z
2026-08-25T03:35:04Z,2026-08-25T05:35:04+0200,16553320-5c3e-4a08-95db-080ced308e52,2026-08-16T10:45:00Z,2026-08-16T12:45:00+0200,1549.35251,MW,DE,DE_LU,actual_onshore_wind_generation,Wind Onshore,2026-08-25T03:38:09Z
2026-08-25T03:35:04Z,2026-08-25T05:35:04+0200,16553320-5c3e-4a08-95db-080ced308e52,2026-08-16T11:00:00Z,2026-08-16T13:00:00+0200,1611.23481,MW,DE,DE_LU,actual_onshore_wind_generation,Wind Onshore,2026-08-25T03:38:09Z
2026-08-25T03:35:04Z,2026-08-25T05:35:04+0200,16553320-5c3e-4a08-95db-080ced308e52,2026-08-16T11:15:00Z,2026-08-16T13:15:00+0200,1696.11563,MW,DE,DE_LU,actual_onshore_wind_generation,Wind Onshore,2026-08-25T03:38:09Z
2026-08-25T03:35:04Z,2026-08-25T05:35:04+0200,16553320-5c3e-4a08-95db-080ced308e52,2026-08-16T11:30:00Z,2026-08-16T13:30:00+0200,1740.39372,MW,DE,DE_LU,actual_onshore_wind_generation,Wind Onshore,2026-08-25T03:38:09Z
2026-08-25T03:35:04Z,2026-08-25T05:35:04+0200,16553320-5c3e-4a08-95db-080ced308e52,2026-08-16T11:45:00Z,2026-08-16T13:45:00+0200,1809.60151,MW,DE,DE_LU,actual_onshore_wind_generation,Wind Onshore,2026-08-25T03:38:09Z
2026-08-25T03:35:04Z,2026-08-25T05:35:04+0200,16553320-5c3e-4a08-95db-080ced308e52,2026-08-16T12:00:00Z,2026-08-16T14:00:00+0200,1902.82657,MW,DE,DE_LU,actual_onshore_wind_generation,Wind Onshore,2026-08-25T03:38:09Z
2026-08-25T03:35:04Z,2026-08-25T05:35:04+0200,16553320-5c3e-4a08-95db-080ced308e52,2026-08-16T12:15:00Z,2026-08-16T14:15:00+0200,2212.34417,MW,DE,DE_LU,actual_onshore_wind_generation,Wind Onshore,2026-08-25T03:38:09Z
2026-08-25T03:35:04Z,2026-08-25T05:35:04+0200,16553320-5c3e-4a08-95db-080ced308e52,2026-08-16T12:30:00Z,2026-08-16T14:30:00+0200,2484.58127,MW,DE,DE_LU,actual_onshore_wind_generation,Wind Onshore,2026-08-25T03:38:09Z
2026-08-25T03:35:04Z,2026-08-25T05:35:04+0200,16553320-5c3e-4a08-95db-080ced308e52,2026-08-16T12:45:00Z,2026-08-16T14:45:00+0200,2609.41387,MW,DE,DE_LU,actual_onshore_wind_generation,Wind Onshore,2026-08-25T03:38:09Z
2026-08-25T03:35:04Z,2026-08-25T05:35:04+0200,16553320-5c3e-4a08-95db-080ced308e52,2026-08-16T13:00:00Z,2026-08-16T15:00:00+0200,2909.8566,MW,DE,DE_LU,actual_onshore_wind_generation,Wind Onshore,2026-08-25T03:38:09Z
2026-08-25T03:35:04Z,2026-08-25T05:35:04+0200,16553320-5c3e-4a08-95db-080ced308e52,2026-08-16T13:15:00Z,2026-08-16T15:15:00+0200,3273.1506,MW,DE,DE_LU,actual_onshore_wind_generation,Wind Onshore,2026-08-25T03:38:09Z
2026-08-25T03:35:04Z,2026-08-25T05:35:04+0200,16553320-5c3e-4a08-95db-080ced308e52,2026-08-16T13:30:00Z,2026-08-16T15:30:00+0200,3394.27686,MW,DE,DE_LU,actual_onshore_wind_generation,Wind Onshore,2026-08-25T03:38:09Z
2026-08-25T03:35:04Z,2026-08-25T05:35:04+0200,16553320-5c3e-4a08-95db-080ced308e52,2026-08-16T13:45:00Z,2026-08-16T15:45:00+0200,3261.83952,MW,DE,DE_LU,actual_onshore_wind_generation,Wind Onshore,2026-08-25T03:38:09Z
2026-08-25T03:35:04Z,2026-08-25T05:35:04+0200,16553320-5c3e-4a08-95db-080ced308e52,2026-08-16T14:00:00Z,2026-08-16T16:00:00+0200,3762.79899,MW,DE,DE_LU,actual_onshore_wind_generation,Wind Onshore,2026-08-25T03:38:09Z
2026-08-25T03:35:04Z,2026-08-25T05:35:04+0200,16553320-5c3e-4a08-95db-080ced308e52,2026-08-16T14:15:00Z,2026-08-16T16:15:00+0200,3935.77068,MW,DE,DE_LU,actual_onshore_wind_generation,Wind Onshore,2026-08-25T03:38:09Z
2026-08-25T03:35:04Z,2026-08-25T05:35:04+0200,16553320-5c3e-4a08-95db-080ced308e52,2026-08-16T14:30:00Z,2026-08-16T16:30:00+0200,4129.02799,MW,DE,DE_LU,actual_onshore_wind_generation,Wind Onshore,2026-08-25T03:38:09Z
2026-08-25T03:35:04Z,2026-08-25T05:35:04+0200,16553320-5c3e-4a08-95db-080ced308e52,2026-08-16T14:45:00Z,2026-08-16T16:45:00+0200,4231.62508,MW,DE,DE_LU,actual_onshore_wind_generation,Wind Onshore,2026-08-25T03:38:09Z
2026-08-25T03:35:04Z,2026-08-25T05:35:04+0200,16553320-5c3e-4a08-95db-080ced308e52,2026-08-16T15:00:00Z,2026-08-16T17:00:00+0200,4339.20118,MW,DE,DE_LU,actual_onshore_wind_generation,Wind Onshore,2026-08-25T03:38:09Z
2026-08-25T03:35:04Z,2026-08-25T05:35:04+0200,16553320-5c3e-4a08-95db-080ced308e52,2026-08-16T15:15:00Z,2026-08-16T17:15:00+0200,4256.1476,MW,DE,DE_LU,actual_onshore_wind_generation,Wind Onshore,2026-08-25T03:38:09Z
2026-08-25T03:35:04Z,2026-08-25T05:35:04+0200,16553320-5c3e-4a08-95db-080ced308e52,2026-08-16T15:30:00Z,2026-08-16T17:30:00+0200,4225.56174,MW,DE,DE_LU,actual_onshore_wind_generation,Wind Onshore,2026-08-25T03:38:09Z
2026-08-25T03:35:04Z,2026-08-25T05:35:04+0200,16553320-5c3e-4a08-95db-080ced308e52,2026-08-16T15:45:00Z,2026-08-16T17:45:00+0200,4392.14858,MW,DE,DE_LU,actual_onshore_wind_generation,Wind Onshore,2026-08-25T03:38:09Z
2026-08-25T03:35:04Z,2026-08-25T05:35:04+0200,16553320-5c3e-4a08-95db-080ced308e52,2026-08-16T16:00:00Z,2026-08-16T18:00:00+0200,4472.36566,MW,DE,DE_LU,actual_onshore_wind_generation,Wind Onshore,2026-08-25T03:38:09Z
2026-08-25T03:35:04Z,2026-08-25T05:35:04+0200,16553320-5c3e-4a08-95db-080ced308e52,2026-08-16T16:15:00Z,2026-08-16T18:15:00+0200,4388.45824,MW,DE,DE_LU,actual_onshore_wind_generation,Wind Onshore,2026-08-25T03:38:09Z
2026-08-25T03:35:04Z,2026-08-25T05:35:04+0200,16553320-5c3e-4a08-95db-080ced308e52,2026-08-16T16:30:00Z,2026-08-16T18:30:00+0200,4255.47001,MW,DE,DE_LU,actual_onshore_wind_generation,Wind Onshore,2026-08-25T03:38:09Z
2026-08-25T03:35:04Z,2026-08-25T05:35:04+0200,16553320-5c3e-4a08-95db-080ced308e52,2026-08-16T16:45:00Z,2026-08-16T18:45:00+0200,4214.92275,MW,DE,DE_LU,actual_onshore_wind_generation,Wind Onshore,2026-08-25T03:38:09Z
2026-08-25T03:35:04Z,2026-08-25T05:35:04+0200,16553320-5c3e-4a08-95db-080ced308e52,2026-08-16T17:00:00Z,2026-08-16T19:00:00+0200,4292.26929,MW,DE,DE_LU,actual_onshore_wind_generation,Wind Onshore,2026-08-25T03:38:09Z
2026-08-25T03:35:04Z,2026-08-25T05:35:04+0200,16553320-5c3e-4a08-95db-080ced308e52,2026-08-16T17:15:00Z,2026-08-16T19:15:00+0200,4399.72672,MW,DE,DE_LU,actual_onshore_wind_generation,Wind Onshore,2026-08-25T03:38:09Z
2026-08-25T03:35:04Z,2026-08-25T05:35:04+0200,16553320-5c3e-4a08-95db-080ced308e52,2026-08-16T17:30:00Z,2026-08-16T19:30:00+0200,4521.92364,MW,DE,DE_LU,actual_onshore_wind_generation,Wind Onshore,2026-08-25T03:38:09Z
2026-08-25T03:35:04Z,2026-08-25T05:35:04+0200,16553320-5c3e-4a08-95db-080ced308e52,2026-08-16T17:45:00Z,2026-08-16T19:45:00+0200,4517.97938,MW,DE,DE_LU,actual_onshore_wind_generation,Wind Onshore,2026-08-25T03:38:09Z
2026-08-25T03:35:04Z,2026-08-25T05:35:04+0200,16553320-5c3e-4a08-95db-080ced308e52,2026-08-16T18:00:00Z,2026-08-16T20:00:00+0200,4556.58233,MW,DE,DE_LU,actual_onshore_wind_generation,Wind Onshore,2026-08-25T03:38:09Z
2026-08-25T03:35:04Z,2026-08-25T05:35:04+0200,16553320-5c3e-4a08-95db-080ced308e52,2026-08-16T18:15:00Z,2026-08-16T20:15:00+0200,4849.32152,MW,DE,DE_LU,actual_onshore_wind_generation,Wind Onshore,2026-08-25T03:38:09Z
2026-08-25T03:35:04Z,2026-08-25T05:35:04+0200,16553320-5c3e-4a08-95db-080ced308e52,2026-08-16T18:30:00Z,2026-08-16T20:30:00+0200,4590.16069,MW,DE,DE_LU,actual_onshore_wind_generation,Wind Onshore,2026-08-25T03:38:09Z
2026-08-25T03:35:04Z,2026-08-25T05:35:04+0200,16553320-5c3e-4a08-95db-080ced308e52,2026-08-16T18:45:00Z,2026-08-16T20:45:00+0200,3782.82384,MW,DE,DE_LU,actual_onshore_wind_generation,Wind Onshore,2026-08-25T03:38:09Z
2026-08-25T03:35:04Z,2026-08-25T05:35:04+0200,16553320-5c3e-4a08-95db-080ced308e52,2026-08-16T19:00:00Z,2026-08-16T21:00:00+0200,3437.55698,MW,DE,DE_LU,actual_onshore_wind_generation,Wind Onshore,2026-08-25T03:38:09Z
2026-08-25T03:35:04Z,2026-08-25T05:35:04+0200,16553320-5c3e-4a08-95db-080ced308e52,2026-08-16T19:15:00Z,2026-08-16T21:15:00+0200,3397.16247,MW,DE,DE_LU,actual_onshore_wind_generation,Wind Onshore,2026-08-25T03:38:09Z
2026-08-25T03:35:04Z,2026-08-25T05:35:04+0200,16553320-5c3e-4a08-95db-080ced308e52,2026-08-16T19:30:00Z,2026-08-16T21:30:00+0200,3526.42579,MW,DE,DE_LU,actual_onshore_wind_generation,Wind Onshore,2026-08-25T03:38:09Z
2026-08-25T03:35:04Z,2026-08-25T05:35:04+0200,16553320-5c3e-4a08-95db-080ced308e52,2026-08-16T19:45:00Z,2026-08-16T21:45:00+0200,3447.82918,MW,DE,DE_LU,actual_onshore_wind_generation,Wind Onshore,2026-08-25T03:38:09Z
2026-08-25T03:35:04Z,2026-08-25T05:35:04+0200,16553320-5c3e-4a08-95db-080ced308e52,2026-08-16T20:00:00Z,2026-08-16T22:00:00+0200,3178.78724,MW,DE,DE_LU,actual_onshore_wind_generation,Wind Onshore,2026-08-25T03:38:09Z
2026-08-25T03:35:04Z,2026-08-25T05:35:04+0200,16553320-5c3e-4a08-95db-080ced308e52,2026-08-16T20:15:00Z,2026-08-16T22:15:00+0200,3028.27601,MW,DE,DE_LU,actual_onshore_wind_generation,Wind Onshore,2026-08-25T03:38:09Z
2026-08-25T03:35:04Z,2026-08-25T05:35:04+0200,16553320-5c3e-4a08-95db-080ced308e52,2026-08-16T20:30:00Z,2026-08-16T22:30:00+0200,2938.69531,MW,DE,DE_LU,actual_onshore_wind_generation,Wind Onshore,2026-08-25T03:38:09Z
2026-08-25T03:35:04Z,2026-08-25T05:35:04+0200,16553320-5c3e-4a08-95db-080ced308e52,2026-08-16T20:45:00Z,2026-08-16T22:45:00+0200,2945.39522,MW,DE,DE_LU,actual_onshore_wind_generation,Wind Onshore,2026-08-25T03:38:09Z
2026-08-25T03:35:04Z,2026-08-25T05:35:04+0200,16553320-5c3e-4a08-95db-080ced308e52,2026-08-16T21:00:00Z,2026-08-16T23:00:00+0200,2869.71303,MW,DE,DE_LU,actual_onshore_wind_generation,Wind Onshore,2026-08-25T03:38:09Z
2026-08-25T03:35:04Z,2026-08-25T05:35:04+0200,16553320-5c3e-4a08-95db-080ced308e52,2026-08-16T21:15:00Z,2026-08-16T23:15:00+0200,2890.03574,MW,DE,DE_LU,actual_onshore_wind_generation,Wind Onshore,2026-08-25T03:38:09Z
2026-08-25T03:35:04Z,2026-08-25T05:35:04+0200,16553320-5c3e-4a08-95db-080ced308e52,2026-08-16T21:30:00Z,2026-08-16T23:30:00+0200,2843.3814,MW,DE,DE_LU,actual_onshore_wind_generation,Wind Onshore,2026-08-25T03:38:09Z
2026-08-25T03:35:04Z,2026-08-25T05:35:04+0200,16553320-5c3e-4a08-95db-080ced308e52,2026-08-16T21:45:00Z,2026-08-16T23:45:00+0200,2923.9949,MW,DE,DE_LU,actual_onshore_wind_generation,Wind Onshore,2026-08-25T03:38:09Z
2026-08-25T03:35:04Z,2026-08-25T05:35:04+0200,16553320-5c3e-4a08-95db-080ced308e52,2026-08-16T22:00:00Z,2026-08-17T00:00:00+0200,2876.71382,MW,DE,DE_LU,actual_onshore_wind_generation,Wind Onshore,2026-08-25T03:38:09Z
2026-08-25T03:35:04Z,2026-08-25T05:35:04+0200,16553320-5c3e-4a08-95db-080ced308e52,2026-08-16T22:15:00Z,2026-08-17T00:15:00+0200,2563.122,MW,DE,DE_LU,actual_onshore_wind_generation,Wind Onshore,2026-08-25T03:38:09Z
2026-08-25T03:35:04Z,2026-08-25T05:35:04+0200,16553320-5c3e-4a08-95db-080ced308e52,2026-08-16T22:30:00Z,2026-08-17T00:30:00+0200,2333.9994,MW,DE,DE_LU,actual_onshore_wind_generation,Wind Onshore,2026-08-25T03:38:09Z
2026-08-25T03:35:04Z,2026-08-25T05:35:04+0200,16553320-5c3e-4a08-95db-080ced308e52,2026-08-16T22:45:00Z,2026-08-17T00:45:00+0200,2176.34129,MW,DE,DE_LU,actual_onshore_wind_generation,Wind Onshore,2026-08-25T03:38:09Z
2026-08-25T03:35:04Z,2026-08-25T05:35:04+0200,16553320-5c3e-4a08-95db-080ced308e52,2026-08-16T23:00:00Z,2026-08-17T01:00:00+0200,2129.64945,MW,DE,DE_LU,actual_onshore_wind_generation,Wind Onshore,2026-08-25T03:38:09Z
2026-08-25T03:35:04Z,2026-08-25T05:35:04+0200,16553320-5c3e-4a08-95db-080ced308e52,2026-08-16T23:15:00Z,2026-08-17T01:15:00+0200,2116.09821,MW,DE,DE_LU,actual_onshore_wind_generation,Wind Onshore,2026-08-25T03:38:09Z
2026-08-25T03:35:04Z,2026-08-25T05:35:04+0200,16553320-5c3e-4a08-95db-080ced308e52,2026-08-16T23:30:00Z,2026-08-17T01:30:00+0200,2146.51424,MW,DE,DE_LU,actual_onshore_wind_generation,Wind Onshore,2026-08-25T03:38:09Z
2026-08-25T03:35:04Z,2026-08-25T05:35:04+0200,16553320-5c3e-4a08-95db-080ced308e52,2026-08-16T23:45:00Z,2026-08-17T01:45:00+0200,2115.03728,MW,DE,DE_LU,actual_onshore_wind_generation,Wind Onshore,2026-08-25T03:38:09Z
2026-08-25T03:35:04Z,2026-08-25T05:35:04+0200,16553320-5c3e-4a08-95db-080ced308e52,2026-08-17T00:00:00Z,2026-08-17T02:00:00+0200,2065.77769,MW,DE,DE_LU,actual_onshore_wind_generation,Wind Onshore,2026-08-25T03:38:09Z
2026-08-25T03:35:04Z,2026-08-25T05:35:04+0200,16553320-5c3e-4a08-95db-080ced308e52,2026-08-17T00:15:00Z,2026-08-17T02:15:00+0200,1949.78148,MW,DE,DE_LU,actual_onshore_wind_generation,Wind Onshore,2026-08-25T03:38:09Z
2026-08-25T03:35:04Z,2026-08-25T05:35:04+0200,16553320-5c3e-4a08-95db-080ced308e52,2026-08-17T00:30:00Z,2026-08-17T02:30:00+0200,1794.73505,MW,DE,DE_LU,actual_onshore_wind_generation,Wind Onshore,2026-08-25T03:38:09Z
2026-08-25T03:35:04Z,2026-08-25T05:35:04+0200,16553320-5c3e-4a08-95db-080ced308e52,2026-08-17T00:45:00Z,2026-08-17T02:45:00+0200,1666.59298,MW,DE,DE_LU,actual_onshore_wind_generation,Wind Onshore,2026-08-25T03:38:09Z
2026-08-25T03:35:04Z,2026-08-25T05:35:04+0200,16553320-5c3e-4a08-95db-080ced308e52,2026-08-17T01:00:00Z,2026-08-17T03:00:00+0200,1636.49442,MW,DE,DE_LU,actual_onshore_wind_generation,Wind Onshore,2026-08-25T03:38:09Z
2026-08-25T03:35:04Z,2026-08-25T05:35:04+0200,16553320-5c3e-4a08-95db-080ced308e52,2026-08-17T01:15:00Z,2026-08-17T03:15:00+0200,1682.47638,MW,DE,DE_LU,actual_onshore_wind_generation,Wind Onshore,2026-08-25T03:38:09Z
2026-08-25T03:35:04Z,2026-08-25T05:35:04+0200,16553320-5c3e-4a08-95db-080ced308e52,2026-08-17T01:30:00Z,2026-08-17T03:30:00+0200,1730.98042,MW,DE,DE_LU,actual_onshore_wind_generation,Wind Onshore,2026-08-25T03:38:09Z
2026-08-25T03:35:04Z,2026-08-25T05:35:04+0200,16553320-5c3e-4a08-95db-080ced308e52,2026-08-17T01:45:00Z,2026-08-17T03:45:00+0200,1807.74078,MW,DE,DE_LU,actual_onshore_wind_generation,Wind Onshore,2026-08-25T03:38:09Z
2026-08-25T03:35:04Z,2026-08-25T05:35:04+0200,16553320-5c3e-4a08-95db-080ced308e52,2026-08-17T02:00:00Z,2026-08-17T04:00:00+0200,1885.67436,MW,DE,DE_LU,actual_onshore_wind_generation,Wind Onshore,2026-08-25T03:38:09Z
2026-08-25T03:35:04Z,2026-08-25T05:35:04+0200,16553320-5c3e-4a08-95db-080ced308e52,2026-08-17T02:15:00Z,2026-08-17T04:15:00+0200,1911.93618,MW,DE,DE_LU,actual_onshore_wind_generation,Wind Onshore,2026-08-25T03:38:09Z
2026-08-25T03:35:04Z,2026-08-25T05:35:04+0200,16553320-5c3e-4a08-95db-080ced308e52,2026-08-17T02:30:00Z,2026-08-17T04:30:00+0200,1907.94625,MW,DE,DE_LU,actual_onshore_wind_generation,Wind Onshore,2026-08-25T03:38:09Z
2026-08-25T03:35:04Z,2026-08-25T05:35:04+0200,16553320-5c3e-4a08-95db-080ced308e52,2026-08-17T02:45:00Z,2026-08-17T04:45:00+0200,1890.065,MW,DE,DE_LU,actual_onshore_wind_generation,Wind Onshore,2026-08-25T03:38:09Z
2026-08-25T03:35:04Z,2026-08-25T05:35:04+0200,16553320-5c3e-4a08-95db-080ced308e52,2026-08-17T03:00:00Z,2026-08-17T05:00:00+0200,1857.12117,MW,DE,DE_LU,actual_onshore_wind_generation,Wind Onshore,2026-08-25T03:38:09Z
2026-08-25T03:35:04Z,2026-08-25T05:35:04+0200,16553320-5c3e-4a08-95db-080ced308e52,2026-08-17T03:15:00Z,2026-08-17T05:15:00+0200,1934.19427,MW,DE,DE_LU,actual_onshore_wind_generation,Wind Onshore,2026-08-25T03:38:09Z
2026-08-25T03:35:04Z,2026-08-25T05:35:04+0200,16553320-5c3e-4a08-95db-080ced308e52,2026-08-17T03:30:00Z,2026-08-17T05:30:00+0200,2019.89888,MW,DE,DE_LU,actual_onshore_wind_generation,Wind Onshore,2026-08-25T03:38:09Z
2026-08-25T03:35:04Z,2026-08-25T05:35:04+0200,16553320-5c3e-4a08-95db-080ced308e52,2026-08-17T03:45:00Z,2026-08-17T05:45:00+0200,2167.11266,MW,DE,DE_LU,actual_onshore_wind_generation,Wind Onshore,2026-08-25T03:38:09Z
2026-08-25T03:35:04Z,2026-08-25T05:35:04+0200,16553320-5c3e-4a08-95db-080ced308e52,2026-08-17T04:00:00Z,2026-08-17T06:00:00+0200,2324.68339,MW,DE,DE_LU,actual_onshore_wind_generation,Wind Onshore,2026-08-25T03:38:09Z
2026-08-25T03:35:04Z,2026-08-25T05:35:04+0200,16553320-5c3e-4a08-95db-080ced308e52,2026-08-17T04:15:00Z,2026-08-17T06:15:00+0200,2687.62982,MW,DE,DE_LU,actual_onshore_wind_generation,Wind Onshore,2026-08-25T03:38:09Z
2026-08-25T03:35:04Z,2026-08-25T05:35:04+0200,16553320-5c3e-4a08-95db-080ced308e52,2026-08-17T04:30:00Z,2026-08-17T06:30:00+0200,3046.59327,MW,DE,DE_LU,actual_onshore_wind_generation,Wind Onshore,2026-08-25T03:38:09Z
2026-08-25T03:35:04Z,2026-08-25T05:35:04+0200,16553320-5c3e-4a08-95db-080ced308e52,2026-08-17T04:45:00Z,2026-08-17T06:45:00+0200,3220.56711,MW,DE,DE_LU,actual_onshore_wind_generation,Wind Onshore,2026-08-25T03:38:09Z
2026-08-25T03:35:04Z,2026-08-25T05:35:04+0200,16553320-5c3e-4a08-95db-080ced308e52,2026-08-17T05:00:00Z,2026-08-17T07:00:00+0200,3305.15431,MW,DE,DE_LU,actual_onshore_wind_generation,Wind Onshore,2026-08-25T03:38:09Z
2026-08-25T03:35:04Z,2026-08-25T05:35:04+0200,16553320-5c3e-4a08-95db-080ced308e52,2026-08-17T05:15:00Z,2026-08-17T07:15:00+0200,3357.50905,MW,DE,DE_LU,actual_onshore_wind_generation,Wind Onshore,2026-08-25T03:38:09Z
2026-08-25T03:35:04Z,2026-08-25T05:35:04+0200,16553320-5c3e-4a08-95db-080ced308e52,2026-08-17T05:30:00Z,2026-08-17T07:30:00+0200,3382.41682,MW,DE,DE_LU,actual_onshore_wind_generation,Wind Onshore,2026-08-25T03:38:09Z
2026-08-25T03:35:04Z,2026-08-25T05:35:04+0200,16553320-5c3e-4a08-95db-080ced308e52,2026-08-17T05:45:00Z,2026-08-17T07:45:00+0200,3451.0502,MW,DE,DE_LU,actual_onshore_wind_generation,Wind Onshore,2026-08-25T03:38:09Z
2026-08-25T03:35:04Z,2026-08-25T05:35:04+0200,16553320-5c3e-4a08-95db-080ced308e52,2026-08-17T06:00:00Z,2026-08-17T08:00:00+0200,3456.42288,MW,DE,DE_LU,actual_onshore_wind_generation,Wind Onshore,2026-08-25T03:38:09Z
2026-08-25T03:35:04Z,2026-08-25T05:35:04+0200,16553320-5c3e-4a08-95db-080ced308e52,2026-08-17T06:15:00Z,2026-08-17T08:15:00+0200,3356.19311,MW,DE,DE_LU,actual_onshore_wind_generation,Wind Onshore,2026-08-25T03:38:09Z
2026-08-25T03:35:04Z,2026-08-25T05:35:04+0200,16553320-5c3e-4a08-95db-080ced308e52,2026-08-17T06:30:00Z,2026-08-17T08:30:00+0200,3133.21282,MW,DE,DE_LU,actual_onshore_wind_generation,Wind Onshore,2026-08-25T03:38:09Z
2026-08-25T03:35:04Z,2026-08-25T05:35:04+0200,16553320-5c3e-4a08-95db-080ced308e52,2026-08-17T06:45:00Z,2026-08-17T08:45:00+0200,3058.43735,MW,DE,DE_LU,actual_onshore_wind_generation,Wind Onshore,2026-08-25T03:38:09Z
2026-08-25T03:35:04Z,2026-08-25T05:35:04+0200,16553320-5c3e-4a08-95db-080ced308e52,2026-08-17T07:00:00Z,2026-08-17T09:00:00+0200,3072.69092,MW,DE,DE_LU,actual_onshore_wind_generation,Wind Onshore,2026-08-25T03:38:09Z
2026-08-25T03:35:04Z,2026-08-25T05:35:04+0200,16553320-5c3e-4a08-95db-080ced308e52,2026-08-17T07:15:00Z,2026-08-17T09:15:00+0200,3050.24535,MW,DE,DE_LU,actual_onshore_wind_generation,Wind Onshore,2026-08-25T03:38:09Z
2026-08-25T03:35:04Z,2026-08-25T05:35:04+0200,16553320-5c3e-4a08-95db-080ced308e52,2026-08-17T07:30:00Z,2026-08-17T09:30:00+0200,2941.59573,MW,DE,DE_LU,actual_onshore_wind_generation,Wind Onshore,2026-08-25T03:38:09Z
2026-08-25T03:35:04Z,2026-08-25T05:35:04+0200,16553320-5c3e-4a08-95db-080ced308e52,2026-08-17T07:45:00Z,2026-08-17T09:45:00+0200,2987.70185,MW,DE,DE_LU,actual_onshore_wind_generation,Wind Onshore,2026-08-25T03:38:09Z
2026-08-25T03:35:04Z,2026-08-25T05:35:04+0200,16553320-5c3e-4a08-95db-080ced308e52,2026-08-17T08:00:00Z,2026-08-17T10:00:00+0200,3056.00714,MW,DE,DE_LU,actual_onshore_wind_generation,Wind Onshore,2026-08-25T03:38:09Z
2026-08-25T03:35:04Z,2026-08-25T05:35:04+0200,16553320-5c3e-4a08-95db-080ced308e52,2026-08-17T08:15:00Z,2026-08-17T10:15:00+0200,3275.55831,MW,DE,DE_LU,actual_onshore_wind_generation,Wind Onshore,2026-08-25T03:38:09Z
2026-08-25T03:35:04Z,2026-08-25T05:35:04+0200,16553320-5c3e-4a08-95db-080ced308e52,2026-08-17T08:30:00Z,2026-08-17T10:30:00+0200,3459.37439,MW,DE,DE_LU,actual_onshore_wind_generation,Wind Onshore,2026-08-25T03:38:09Z
2026-08-25T03:35:04Z,2026-08-25T05:35:04+0200,16553320-5c3e-4a08-95db-080ced308e52,2026-08-17T08:45:00Z,2026-08-17T10:45:00+0200,3645.11448,MW,DE,DE_LU,actual_onshore_wind_generation,Wind Onshore,2026-08-25T03:38:09Z
2026-08-25T03:35:04Z,2026-08-25T05:35:04+0200,16553320-5c3e-4a08-95db-080ced308e52,2026-08-17T09:00:00Z,2026-08-17T11:00:00+0200,3816.41987,MW,DE,DE_LU,actual_onshore_wind_generation,Wind Onshore,2026-08-25T03:38:09Z
2026-08-25T03:35:04Z,2026-08-25T05:35:04+0200,16553320-5c3e-4a08-95db-080ced308e52,2026-08-17T09:15:00Z,2026-08-17T11:15:00+0200,3988.29944,MW,DE,DE_LU,actual_onshore_wind_generation,Wind Onshore,2026-08-25T03:38:09Z
2026-08-25T03:35:04Z,2026-08-25T05:35:04+0200,16553320-5c3e-4a08-95db-080ced308e52,2026-08-17T09:30:00Z,2026-08-17T11:30:00+0200,4062.23458,MW,DE,DE_LU,actual_onshore_wind_generation,Wind Onshore,2026-08-25T03:38:09Z
2026-08-25T03:35:04Z,2026-08-25T05:35:04+0200,16553320-5c3e-4a08-95db-080ced308e52,2026-08-17T09:45:00Z,2026-08-17T11:45:00+0200,4347.95476,MW,DE,DE_LU,actual_onshore_wind_generation,Wind Onshore,2026-08-25T03:38:09Z
2026-08-25T03:35:04Z,2026-08-25T05:35:04+0200,16553320-5c3e-4a08-95db-080ced308e52,2026-08-17T10:00:00Z,2026-08-17T12:00:00+0200,4635.33171,MW,DE,DE_LU,actual_onshore_wind_generation,Wind Onshore,2026-08-25T03:38:09Z
2026-08-25T03:35:04Z,2026-08-25T05:35:04+0200,16553320-5c3e-4a08-95db-080ced308e52,2026-08-17T10:15:00Z,2026-08-17T12:15:00+0200,4888.84522,MW,DE,DE_LU,actual_onshore_wind_generation,Wind Onshore,2026-08-25T03:38:09Z
2026-08-25T03:35:04Z,2026-08-25T05:35:04+0200,16553320-5c3e-4a08-95db-080ced308e52,2026-08-17T10:30:00Z,2026-08-17T12:30:00+0200,5139.96664,MW,DE,DE_LU,actual_onshore_wind_generation,Wind Onshore,2026-08-25T03:38:09Z
2026-08-25T03:35:04Z,2026-08-25T05:35:04+0200,16553320-5c3e-4a08-95db-080ced308e52,2026-08-17T10:45:00Z,2026-08-17T12:45:00+0200,5333.3296,MW,DE,DE_LU,actual_onshore_wind_generation,Wind Onshore,2026-08-25T03:38:09Z
2026-08-25T03:35:04Z,2026-08-25T05:35:04+0200,16553320-5c3e-4a08-95db-080ced308e52,2026-08-17T11:00:00Z,2026-08-17T13:00:00+0200,5810.11332,MW,DE,DE_LU,actual_onshore_wind_generation,Wind Onshore,2026-08-25T03:38:09Z
2026-08-25T03:35:04Z,2026-08-25T05:35:04+0200,16553320-5c3e-4a08-95db-080ced308e52,2026-08-17T11:15:00Z,2026-08-17T13:15:00+0200,6290.11723,MW,DE,DE_LU,actual_onshore_wind_generation,Wind Onshore,2026-08-25T03:38:09Z
2026-08-25T03:35:04Z,2026-08-25T05:35:04+0200,16553320-5c3e-4a08-95db-080ced308e52,2026-08-17T11:30:00Z,2026-08-17T13:30:00+0200,6866.0647,MW,DE,DE_LU,actual_onshore_wind_generation,Wind Onshore,2026-08-25T03:38:09Z
2026-08-25T03:35:04Z,2026-08-25T05:35:04+0200,16553320-5c3e-4a08-95db-080ced308e52,2026-08-17T11:45:00Z,2026-08-17T13:45:00+0200,7446.28014,MW,DE,DE_LU,actual_onshore_wind_generation,Wind Onshore,2026-08-25T03:38:09Z
2026-08-25T03:35:04Z,2026-08-25T05:35:04+0200,16553320-5c3e-4a08-95db-080ced308e52,2026-08-17T12:00:00Z,2026-08-17T14:00:00+0200,7880.65249,MW,DE,DE_LU,actual_onshore_wind_generation,Wind Onshore,2026-08-25T03:38:09Z
2026-08-25T03:35:04Z,2026-08-25T05:35:04+0200,16553320-5c3e-4a08-95db-080ced308e52,2026-08-17T12:15:00Z,2026-08-17T14:15:00+0200,8642.38498,MW,DE,DE_LU,actual_onshore_wind_generation,Wind Onshore,2026-08-25T03:38:09Z
2026-08-25T03:35:04Z,2026-08-25T05:35:04+0200,16553320-5c3e-4a08-95db-080ced308e52,2026-08-17T12:30:00Z,2026-08-17T14:30:00+0200,9244.03761,MW,DE,DE_LU,actual_onshore_wind_generation,Wind Onshore,2026-08-25T03:38:09Z
2026-08-25T03:35:04Z,2026-08-25T05:35:04+0200,16553320-5c3e-4a08-95db-080ced308e52,2026-08-17T12:45:00Z,2026-08-17T14:45:00+0200,9967.64455,MW,DE,DE_LU,actual_onshore_wind_generation,Wind Onshore,2026-08-25T03:38:09Z
2026-08-25T03:35:04Z,2026-08-25T05:35:04+0200,16553320-5c3e-4a08-95db-080ced308e52,2026-08-17T13:00:00Z,2026-08-17T15:00:00+0200,10571.10567,MW,DE,DE_LU,actual_onshore_wind_generation,Wind Onshore,2026-08-25T03:38:09Z
2026-08-25T03:35:04Z,2026-08-25T05:35:04+0200,16553320-5c3e-4a08-95db-080ced308e52,2026-08-17T13:15:00Z,2026-08-17T15:15:00+0200,11083.70546,MW,DE,DE_LU,actual_onshore_wind_generation,Wind Onshore,2026-08-25T03:38:09Z
2026-08-25T03:35:04Z,2026-08-25T05:35:04+0200,16553320-5c3e-4a08-95db-080ced308e52,2026-08-17T13:30:00Z,2026-08-17T15:30:00+0200,11747.23676,MW,DE,DE_LU,actual_onshore_wind_generation,Wind Onshore,2026-08-25T03:38:09Z
2026-08-25T03:35:04Z,2026-08-25T05:35:04+0200,16553320-5c3e-4a08-95db-080ced308e52,2026-08-17T13:45:00Z,2026-08-17T15:45:00+0200,12073.51853,MW,DE,DE_LU,actual_onshore_wind_generation,Wind Onshore,2026-08-25T03:38:09Z
2026-08-25T03:35:04Z,2026-08-25T05:35:04+0200,16553320-5c3e-4a08-95db-080ced308e52,2026-08-17T14:00:00Z,2026-08-17T16:00:00+0200,12433.31402,MW,DE,DE_LU,actual_onshore_wind_generation,Wind Onshore,2026-08-25T03:38:09Z
2026-08-25T03:35:04Z,2026-08-25T05:35:04+0200,16553320-5c3e-4a08-95db-080ced308e52,2026-08-17T14:15:00Z,2026-08-17T16:15:00+0200,12991.2847,MW,DE,DE_LU,actual_onshore_wind_generation,Wind Onshore,2026-08-25T03:38:09Z
2026-08-25T03:35:04Z,2026-08-25T05:35:04+0200,16553320-5c3e-4a08-95db-080ced308e52,2026-08-17T14:30:00Z,2026-08-17T16:30:00+0200,13469.97148,MW,DE,DE_LU,actual_onshore_wind_generation,Wind Onshore,2026-08-25T03:38:09Z
2026-08-25T03:35:04Z,2026-08-25T05:35:04+0200,16553320-5c3e-4a08-95db-080ced308e52,2026-08-17T14:45:00Z,2026-08-17T16:45:00+0200,13488.10667,MW,DE,DE_LU,actual_onshore_wind_generation,Wind Onshore,2026-08-25T03:38:09Z
2026-08-25T03:35:04Z,2026-08-25T05:35:04+0200,16553320-5c3e-4a08-95db-080ced308e52,2026-08-17T15:00:00Z,2026-08-17T17:00:00+0200,13643.38602,MW,DE,DE_LU,actual_onshore_wind_generation,Wind Onshore,2026-08-25T03:38:09Z
2026-08-25T03:35:04Z,2026-08-25T05:35:04+0200,16553320-5c3e-4a08-95db-080ced308e52,2026-08-17T15:15:00Z,2026-08-17T17:15:00+0200,13316.25423,MW,DE,DE_LU,actual_onshore_wind_generation,Wind Onshore,2026-08-25T03:38:09Z
2026-08-25T03:35:04Z,2026-08-25T05:35:04+0200,16553320-5c3e-4a08-95db-080ced308e52,2026-08-17T15:30:00Z,2026-08-17T17:30:00+0200,13294.63059,MW,DE,DE_LU,actual_onshore_wind_generation,Wind Onshore,2026-08-25T03:38:09Z
2026-08-25T03:35:04Z,2026-08-25T05:35:04+0200,16553320-5c3e-4a08-95db-080ced308e52,2026-08-17T15:45:00Z,2026-08-17T17:45:00+0200,13207.20669,MW,DE,DE_LU,actual_onshore_wind_generation,Wind Onshore,2026-08-25T03:38:09Z
2026-08-25T03:35:04Z,2026-08-25T05:35:04+0200,16553320-5c3e-4a08-95db-080ced308e52,2026-08-17T16:00:00Z,2026-08-17T18:00:00+0200,13027.24987,MW,DE,DE_LU,actual_onshore_wind_generation,Wind Onshore,2026-08-25T03:38:09Z
2026-08-25T03:35:04Z,2026-08-25T05:35:04+0200,16553320-5c3e-4a08-95db-080ced308e52,2026-08-17T16:15:00Z,2026-08-17T18:15:00+0200,12724.19389,MW,DE,DE_LU,actual_onshore_wind_generation,Wind Onshore,2026-08-25T03:38:09Z
2026-08-25T03:35:04Z,2026-08-25T05:35:04+0200,16553320-5c3e-4a08-95db-080ced308e52,2026-08-17T16:30:00Z,2026-08-17T18:30:00+0200,12200.85428,MW,DE,DE_LU,actual_onshore_wind_generation,Wind Onshore,2026-08-25T03:38:09Z
2026-08-25T03:35:04Z,2026-08-25T05:35:04+0200,16553320-5c3e-4a08-95db-080ced308e52,2026-08-17T16:45:00Z,2026-08-17T18:45:00+0200,11697.80034,MW,DE,DE_LU,actual_onshore_wind_generation,Wind Onshore,2026-08-25T03:38:09Z
2026-08-25T03:35:04Z,2026-08-25T05:35:04+0200,16553320-5c3e-4a08-95db-080ced308e52,2026-08-17T17:00:00Z,2026-08-17T19:00:00+0200,11214.91454,MW,DE,DE_LU,actual_onshore_wind_generation,Wind Onshore,2026-08-25T03:38:09Z
2026-08-25T03:35:04Z,2026-08-25T05:35:04+0200,16553320-5c3e-4a08-95db-080ced308e52,2026-08-17T17:15:00Z,2026-08-17T19:15:00+0200,10830.03749,MW,DE,DE_LU,actual_onshore_wind_generation,Wind Onshore,2026-08-25T03:38:09Z
2026-08-25T03:35:04Z,2026-08-25T05:35:04+0200,16553320-5c3e-4a08-95db-080ced308e52,2026-08-17T17:30:00Z,2026-08-17T19:30:00+0200,10223.47465,MW,DE,DE_LU,actual_onshore_wind_generation,Wind Onshore,2026-08-25T03:38:09Z
2026-08-25T03:35:04Z,2026-08-25T05:35:04+0200,16553320-5c3e-4a08-95db-080ced308e52,2026-08-17T17:45:00Z,2026-08-17T19:45:00+0200,9332.09431,MW,DE,DE_LU,actual_onshore_wind_generation,Wind Onshore,2026-08-25T03:38:09Z
2026-08-25T03:35:04Z,2026-08-25T05:35:04+0200,16553320-5c3e-4a08-95db-080ced308e52,2026-08-17T18:00:00Z,2026-08-17T20:00:00+0200,8896.79203,MW,DE,DE_LU,actual_onshore_wind_generation,Wind Onshore,2026-08-25T03:38:09Z
2026-08-25T03:35:04Z,2026-08-25T05:35:04+0200,16553320-5c3e-4a08-95db-080ced308e52,2026-08-17T18:15:00Z,2026-08-17T20:15:00+0200,8528.89774,MW,DE,DE_LU,actual_onshore_wind_generation,Wind Onshore,2026-08-25T03:38:09Z
2026-08-25T03:35:04Z,2026-08-25T05:35:04+0200,16553320-5c3e-4a08-95db-080ced308e52,2026-08-17T18:30:00Z,2026-08-17T20:30:00+0200,8119.63947,MW,DE,DE_LU,actual_onshore_wind_generation,Wind Onshore,2026-08-25T03:38:09Z
2026-08-25T03:35:04Z,2026-08-25T05:35:04+0200,16553320-5c3e-4a08-95db-080ced308e52,2026-08-17T18:45:00Z,2026-08-17T20:45:00+0200,7131.65711,MW,DE,DE_LU,actual_onshore_wind_generation,Wind Onshore,2026-08-25T03:38:09Z
2026-08-25T03:35:04Z,2026-08-25T05:35:04+0200,16553320-5c3e-4a08-95db-080ced308e52,2026-08-17T19:00:00Z,2026-08-17T21:00:00+0200,6678.96701,MW,DE,DE_LU,actual_onshore_wind_generation,Wind Onshore,2026-08-25T03:38:09Z
2026-08-25T03:35:04Z,2026-08-25T05:35:04+0200,16553320-5c3e-4a08-95db-080ced308e52,2026-08-17T19:15:00Z,2026-08-17T21:15:00+0200,6477.37952,MW,DE,DE_LU,actual_onshore_wind_generation,Wind Onshore,2026-08-25T03:38:09Z
2026-08-25T03:35:04Z,2026-08-25T05:35:04+0200,16553320-5c3e-4a08-95db-080ced308e52,2026-08-17T19:30:00Z,2026-08-17T21:30:00+0200,6386.48747,MW,DE,DE_LU,actual_onshore_wind_generation,Wind Onshore,2026-08-25T03:38:09Z
2026-08-25T03:35:04Z,2026-08-25T05:35:04+0200,16553320-5c3e-4a08-95db-080ced308e52,2026-08-17T19:45:00Z,2026-08-17T21:45:00+0200,6294.034,MW,DE,DE_LU,actual_onshore_wind_generation,Wind Onshore,2026-08-25T03:38:09Z
2026-08-25T03:35:04Z,2026-08-25T05:35:04+0200,16553320-5c3e-4a08-95db-080ced308e52,2026-08-17T20:00:00Z,2026-08-17T22:00:00+0200,6202.93889,MW,DE,DE_LU,actual_onshore_wind_generation,Wind Onshore,2026-08-25T03:38:09Z
2026-08-25T03:35:04Z,2026-08-25T05:35:04+0200,16553320-5c3e-4a08-95db-080ced308e52,2026-08-17T20:15:00Z,2026-08-17T22:15:00+0200,6226.27477,MW,DE,DE_LU,actual_onshore_wind_generation,Wind Onshore,2026-08-25T03:38:09Z
2026-08-25T03:35:04Z,2026-08-25T05:35:04+0200,16553320-5c3e-4a08-95db-080ced308e52,2026-08-17T20:30:00Z,2026-08-17T22:30:00+0200,6262.15611,MW,DE,DE_LU,actual_onshore_wind_generation,Wind Onshore,2026-08-25T03:38:09Z
2026-08-25T03:35:04Z,2026-08-25T05:35:04+0200,16553320-5c3e-4a08-95db-080ced308e52,2026-08-17T20:45:00Z,2026-08-17T22:45:00+0200,6292.84201,MW,DE,DE_LU,actual_onshore_wind_generation,Wind Onshore,2026-08-25T03:38:09Z
2026-08-25T03:35:04Z,2026-08-25T05:35:04+0200,16553320-5c3e-4a08-95db-080ced308e52,2026-08-17T21:00:00Z,2026-08-17T23:00:00+0200,6152.59187,MW,DE,DE_LU,actual_onshore_wind_generation,Wind Onshore,2026-08-25T03:38:09Z
2026-08-25T03:35:04Z,2026-08-25T05:35:04+0200,16553320-5c3e-4a08-95db-080ced308e52,2026-08-17T21:15:00Z,2026-08-17T23:15:00+0200,6148.94025,MW,DE,DE_LU,actual_onshore_wind_generation,Wind Onshore,2026-08-25T03:38:09Z
2026-08-25T03:35:04Z,2026-08-25T05:35:04+0200,16553320-5c3e-4a08-95db-080ced308e52,2026-08-17T21:30:00Z,2026-08-17T23:30:00+0200,6249.93797,MW,DE,DE_LU,actual_onshore_wind_generation,Wind Onshore,2026-08-25T03:38:09Z
2026-08-25T03:35:04Z,2026-08-25T05:35:04+0200,16553320-5c3e-4a08-95db-080ced308e52,2026-08-17T21:45:00Z,2026-08-17T23:45:00+0200,6153.15942,MW,DE,DE_LU,actual_onshore_wind_generation,Wind Onshore,2026-08-25T03:38:09Z
2026-08-25T03:35:04Z,2026-08-25T05:35:04+0200,16553320-5c3e-4a08-95db-080ced308e52,2026-08-17T22:00:00Z,2026-08-18T00:00:00+0200,5971.61002,MW,DE,DE_LU,actual_onshore_wind_generation,Wind Onshore,2026-08-25T03:38:09Z
2026-08-25T03:35:04Z,2026-08-25T05:35:04+0200,16553320-5c3e-4a08-95db-080ced308e52,2026-08-17T22:15:00Z,2026-08-18T00:15:00+0200,5914.82015,MW,DE,DE_LU,actual_onshore_wind_generation,Wind Onshore,2026-08-25T03:38:09Z
2026-08-25T03:35:04Z,2026-08-25T05:35:04+0200,16553320-5c3e-4a08-95db-080ced308e52,2026-08-17T22:30:00Z,2026-08-18T00:30:00+0200,5898.23194,MW,DE,DE_LU,actual_onshore_wind_generation,Wind Onshore,2026-08-25T03:38:09Z
2026-08-25T03:35:04Z,2026-08-25T05:35:04+0200,16553320-5c3e-4a08-95db-080ced308e52,2026-08-17T22:45:00Z,2026-08-18T00:45:00+0200,5936.3407,MW,DE,DE_LU,actual_onshore_wind_generation,Wind Onshore,2026-08-25T03:38:09Z
2026-08-25T03:35:04Z,2026-08-25T05:35:04+0200,16553320-5c3e-4a08-95db-080ced308e52,2026-08-17T23:00:00Z,2026-08-18T01:00:00+0200,5987.28613,MW,DE,DE_LU,actual_onshore_wind_generation,Wind Onshore,2026-08-25T03:38:09Z
2026-08-25T03:35:04Z,2026-08-25T05:35:04+0200,16553320-5c3e-4a08-95db-080ced308e52,2026-08-17T23:15:00Z,2026-08-18T01:15:00+0200,5894.93784,MW,DE,DE_LU,actual_onshore_wind_generation,Wind Onshore,2026-08-25T03:38:09Z
2026-08-25T03:35:04Z,2026-08-25T05:35:04+0200,16553320-5c3e-4a08-95db-080ced308e52,2026-08-17T23:30:00Z,2026-08-18T01:30:00+0200,5939.53656,MW,DE,DE_LU,actual_onshore_wind_generation,Wind Onshore,2026-08-25T03:38:09Z
2026-08-25T03:35:04Z,2026-08-25T05:35:04+0200,16553320-5c3e-4a08-95db-080ced308e52,2026-08-17T23:45:00Z,2026-08-18T01:45:00+0200,5851.18697,MW,DE,DE_LU,actual_onshore_wind_generation,Wind Onshore,2026-08-25T03:38:09Z
2026-08-25T03:35:04Z,2026-08-25T05:35:04+0200,16553320-5c3e-4a08-95db-080ced308e52,2026-08-18T00:00:00Z,2026-08-18T02:00:00+0200,5654.85784,MW,DE,DE_LU,actual_onshore_wind_generation,Wind Onshore,2026-08-25T03:38:09Z
2026-08-25T03:35:04Z,2026-08-25T05:35:04+0200,16553320-5c3e-4a08-95db-080ced308e52,2026-08-18T00:15:00Z,2026-08-18T02:15:00+0200,5561.74693,MW,DE,DE_LU,actual_onshore_wind_generation,Wind Onshore,2026-08-25T03:38:09Z
2026-08-25T03:35:04Z,2026-08-25T05:35:04+0200,16553320-5c3e-4a08-95db-080ced308e52,2026-08-18T00:30:00Z,2026-08-18T02:30:00+0200,5505.79317,MW,DE,DE_LU,actual_onshore_wind_generation,Wind Onshore,2026-08-25T03:38:09Z
2026-08-25T03:35:04Z,2026-08-25T05:35:04+0200,16553320-5c3e-4a08-95db-080ced308e52,2026-08-18T00:45:00Z,2026-08-18T02:45:00+0200,5470.52155,MW,DE,DE_LU,actual_onshore_wind_generation,Wind Onshore,2026-08-25T03:38:09Z
2026-08-25T03:35:04Z,2026-08-25T05:35:04+0200,16553320-5c3e-4a08-95db-080ced308e52,2026-08-18T01:00:00Z,2026-08-18T03:00:00+0200,5459.22549,MW,DE,DE_LU,actual_onshore_wind_generation,Wind Onshore,2026-08-25T03:38:09Z
2026-08-25T03:35:04Z,2026-08-25T05:35:04+0200,16553320-5c3e-4a08-95db-080ced308e52,2026-08-18T01:15:00Z,2026-08-18T03:15:00+0200,5348.89022,MW,DE,DE_LU,actual_onshore_wind_generation,Wind Onshore,2026-08-25T03:38:09Z
2026-08-25T03:35:04Z,2026-08-25T05:35:04+0200,16553320-5c3e-4a08-95db-080ced308e52,2026-08-18T01:30:00Z,2026-08-18T03:30:00+0200,5141.75455,MW,DE,DE_LU,actual_onshore_wind_generation,Wind Onshore,2026-08-25T03:38:09Z
2026-08-25T03:35:04Z,2026-08-25T05:35:04+0200,16553320-5c3e-4a08-95db-080ced308e52,2026-08-18T01:45:00Z,2026-08-18T03:45:00+0200,5131.31432,MW,DE,DE_LU,actual_onshore_wind_generation,Wind Onshore,2026-08-25T03:38:09Z
2026-08-25T03:35:04Z,2026-08-25T05:35:04+0200,16553320-5c3e-4a08-95db-080ced308e52,2026-08-18T02:00:00Z,2026-08-18T04:00:00+0200,5079.21285,MW,DE,DE_LU,actual_onshore_wind_generation,Wind Onshore,2026-08-25T03:38:09Z
2026-08-25T03:35:04Z,2026-08-25T05:35:04+0200,16553320-5c3e-4a08-95db-080ced308e52,2026-08-18T02:15:00Z,2026-08-18T04:15:00+0200,5091.1314,MW,DE,DE_LU,actual_onshore_wind_generation,Wind Onshore,2026-08-25T03:38:09Z
2026-08-25T03:35:04Z,2026-08-25T05:35:04+0200,16553320-5c3e-4a08-95db-080ced308e52,2026-08-18T02:30:00Z,2026-08-18T04:30:00+0200,4924.66588,MW,DE,DE_LU,actual_onshore_wind_generation,Wind Onshore,2026-08-25T03:38:09Z
2026-08-25T03:35:04Z,2026-08-25T05:35:04+0200,16553320-5c3e-4a08-95db-080ced308e52,2026-08-18T02:45:00Z,2026-08-18T04:45:00+0200,4779.54183,MW,DE,DE_LU,actual_onshore_wind_generation,Wind Onshore,2026-08-25T03:38:09Z
2026-08-25T03:35:04Z,2026-08-25T05:35:04+0200,16553320-5c3e-4a08-95db-080ced308e52,2026-08-18T03:00:00Z,2026-08-18T05:00:00+0200,4689.91984,MW,DE,DE_LU,actual_onshore_wind_generation,Wind Onshore,2026-08-25T03:38:09Z
2026-08-25T03:35:04Z,2026-08-25T05:35:04+0200,16553320-5c3e-4a08-95db-080ced308e52,2026-08-18T03:15:00Z,2026-08-18T05:15:00+0200,4651.3325,MW,DE,DE_LU,actual_onshore_wind_generation,Wind Onshore,2026-08-25T03:38:09Z
2026-08-25T03:35:04Z,2026-08-25T05:35:04+0200,16553320-5c3e-4a08-95db-080ced308e52,2026-08-18T03:30:00Z,2026-08-18T05:30:00+0200,4573.1095,MW,DE,DE_LU,actual_onshore_wind_generation,Wind Onshore,2026-08-25T03:38:09Z
2026-08-25T03:35:04Z,2026-08-25T05:35:04+0200,16553320-5c3e-4a08-95db-080ced308e52,2026-08-18T03:45:00Z,2026-08-18T05:45:00+0200,4347.82435,MW,DE,DE_LU,actual_onshore_wind_generation,Wind Onshore,2026-08-25T03:38:09Z
2026-08-25T03:35:04Z,2026-08-25T05:35:04+0200,16553320-5c3e-4a08-95db-080ced308e52,2026-08-18T04:00:00Z,2026-08-18T06:00:00+0200,4084.41395,MW,DE,DE_LU,actual_onshore_wind_generation,Wind Onshore,2026-08-25T03:38:09Z
2026-08-25T03:35:04Z,2026-08-25T05:35:04+0200,16553320-5c3e-4a08-95db-080ced308e52,2026-08-18T04:15:00Z,2026-08-18T06:15:00+0200,4105.42517,MW,DE,DE_LU,actual_onshore_wind_generation,Wind Onshore,2026-08-25T03:38:09Z
2026-08-25T03:35:04Z,2026-08-25T05:35:04+0200,16553320-5c3e-4a08-95db-080ced308e52,2026-08-18T04:30:00Z,2026-08-18T06:30:00+0200,4148.04256,MW,DE,DE_LU,actual_onshore_wind_generation,Wind Onshore,2026-08-25T03:38:09Z
2026-08-25T03:35:04Z,2026-08-25T05:35:04+0200,16553320-5c3e-4a08-95db-080ced308e52,2026-08-18T04:45:00Z,2026-08-18T06:45:00+0200,4015.10767,MW,DE,DE_LU,actual_onshore_wind_generation,Wind Onshore,2026-08-25T03:38:09Z
2026-08-25T03:35:04Z,2026-08-25T05:35:04+0200,16553320-5c3e-4a08-95db-080ced308e52,2026-08-18T05:00:00Z,2026-08-18T07:00:00+0200,3766.5125,MW,DE,DE_LU,actual_onshore_wind_generation,Wind Onshore,2026-08-25T03:38:09Z
2026-08-25T03:35:04Z,2026-08-25T05:35:04+0200,16553320-5c3e-4a08-95db-080ced308e52,2026-08-18T05:15:00Z,2026-08-18T07:15:00+0200,3603.03836,MW,DE,DE_LU,actual_onshore_wind_generation,Wind Onshore,2026-08-25T03:38:09Z
2026-08-25T03:35:04Z,2026-08-25T05:35:04+0200,16553320-5c3e-4a08-95db-080ced308e52,2026-08-18T05:30:00Z,2026-08-18T07:30:00+0200,3468.12997,MW,DE,DE_LU,actual_onshore_wind_generation,Wind Onshore,2026-08-25T03:38:09Z
2026-08-25T03:35:04Z,2026-08-25T05:35:04+0200,16553320-5c3e-4a08-95db-080ced308e52,2026-08-18T05:45:00Z,2026-08-18T07:45:00+0200,3392.61189,MW,DE,DE_LU,actual_onshore_wind_generation,Wind Onshore,2026-08-25T03:38:09Z
2026-08-25T03:35:04Z,2026-08-25T05:35:04+0200,16553320-5c3e-4a08-95db-080ced308e52,2026-08-18T06:00:00Z,2026-08-18T08:00:00+0200,3372.22814,MW,DE,DE_LU,actual_onshore_wind_generation,Wind Onshore,2026-08-25T03:38:09Z
2026-08-25T03:35:04Z,2026-08-25T05:35:04+0200,16553320-5c3e-4a08-95db-080ced308e52,2026-08-18T06:15:00Z,2026-08-18T08:15:00+0200,3287.27143,MW,DE,DE_LU,actual_onshore_wind_generation,Wind Onshore,2026-08-25T03:38:09Z
2026-08-25T03:35:04Z,2026-08-25T05:35:04+0200,16553320-5c3e-4a08-95db-080ced308e52,2026-08-18T06:30:00Z,2026-08-18T08:30:00+0200,3257.47837,MW,DE,DE_LU,actual_onshore_wind_generation,Wind Onshore,2026-08-25T03:38:09Z
2026-08-25T03:35:04Z,2026-08-25T05:35:04+0200,16553320-5c3e-4a08-95db-080ced308e52,2026-08-18T06:45:00Z,2026-08-18T08:45:00+0200,3348.02916,MW,DE,DE_LU,actual_onshore_wind_generation,Wind Onshore,2026-08-25T03:38:09Z
2026-08-25T03:35:04Z,2026-08-25T05:35:04+0200,16553320-5c3e-4a08-95db-080ced308e52,2026-08-18T07:00:00Z,2026-08-18T09:00:00+0200,3504.35384,MW,DE,DE_LU,actual_onshore_wind_generation,Wind Onshore,2026-08-25T03:38:09Z
2026-08-25T03:35:04Z,2026-08-25T05:35:04+0200,16553320-5c3e-4a08-95db-080ced308e52,2026-08-18T07:15:00Z,2026-08-18T09:15:00+0200,3642.24822,MW,DE,DE_LU,actual_onshore_wind_generation,Wind Onshore,2026-08-25T03:38:09Z
2026-08-25T03:35:04Z,2026-08-25T05:35:04+0200,16553320-5c3e-4a08-95db-080ced308e52,2026-08-18T07:30:00Z,2026-08-18T09:30:00+0200,3865.16385,MW,DE,DE_LU,actual_onshore_wind_generation,Wind Onshore,2026-08-25T03:38:09Z
2026-08-25T03:35:04Z,2026-08-25T05:35:04+0200,16553320-5c3e-4a08-95db-080ced308e52,2026-08-18T07:45:00Z,2026-08-18T09:45:00+0200,4191.62268,MW,DE,DE_LU,actual_onshore_wind_generation,Wind Onshore,2026-08-25T03:38:09Z
2026-08-25T03:35:04Z,2026-08-25T05:35:04+0200,16553320-5c3e-4a08-95db-080ced308e52,2026-08-18T08:00:00Z,2026-08-18T10:00:00+0200,4678.81906,MW,DE,DE_LU,actual_onshore_wind_generation,Wind Onshore,2026-08-25T03:38:09Z
2026-08-25T03:35:04Z,2026-08-25T05:35:04+0200,16553320-5c3e-4a08-95db-080ced308e52,2026-08-18T08:15:00Z,2026-08-18T10:15:00+0200,5014.49496,MW,DE,DE_LU,actual_onshore_wind_generation,Wind Onshore,2026-08-25T03:38:09Z
2026-08-25T03:35:04Z,2026-08-25T05:35:04+0200,16553320-5c3e-4a08-95db-080ced308e52,2026-08-18T08:30:00Z,2026-08-18T10:30:00+0200,5337.02243,MW,DE,DE_LU,actual_onshore_wind_generation,Wind Onshore,2026-08-25T03:38:09Z
2026-08-25T03:35:04Z,2026-08-25T05:35:04+0200,16553320-5c3e-4a08-95db-080ced308e52,2026-08-18T08:45:00Z,2026-08-18T10:45:00+0200,5653.27858,MW,DE,DE_LU,actual_onshore_wind_generation,Wind Onshore,2026-08-25T03:38:09Z
2026-08-25T03:35:04Z,2026-08-25T05:35:04+0200,16553320-5c3e-4a08-95db-080ced308e52,2026-08-18T09:00:00Z,2026-08-18T11:00:00+0200,6018.06801,MW,DE,DE_LU,actual_onshore_wind_generation,Wind Onshore,2026-08-25T03:38:09Z
2026-08-25T03:35:04Z,2026-08-25T05:35:04+0200,16553320-5c3e-4a08-95db-080ced308e52,2026-08-18T09:15:00Z,2026-08-18T11:15:00+0200,6618.37129,MW,DE,DE_LU,actual_onshore_wind_generation,Wind Onshore,2026-08-25T03:38:09Z
2026-08-25T03:35:04Z,2026-08-25T05:35:04+0200,16553320-5c3e-4a08-95db-080ced308e52,2026-08-18T09:30:00Z,2026-08-18T11:30:00+0200,7112.47787,MW,DE,DE_LU,actual_onshore_wind_generation,Wind Onshore,2026-08-25T03:38:09Z
2026-08-25T03:35:04Z,2026-08-25T05:35:04+0200,16553320-5c3e-4a08-95db-080ced308e52,2026-08-18T09:45:00Z,2026-08-18T11:45:00+0200,7648.71312,MW,DE,DE_LU,actual_onshore_wind_generation,Wind Onshore,2026-08-25T03:38:09Z
2026-08-25T03:35:04Z,2026-08-25T05:35:04+0200,16553320-5c3e-4a08-95db-080ced308e52,2026-08-18T10:00:00Z,2026-08-18T12:00:00+0200,8077.57813,MW,DE,DE_LU,actual_onshore_wind_generation,Wind Onshore,2026-08-25T03:38:09Z
2026-08-25T03:35:04Z,2026-08-25T05:35:04+0200,16553320-5c3e-4a08-95db-080ced308e52,2026-08-18T10:15:00Z,2026-08-18T12:15:00+0200,8396.5535,MW,DE,DE_LU,actual_onshore_wind_generation,Wind Onshore,2026-08-25T03:38:09Z
2026-08-25T03:35:04Z,2026-08-25T05:35:04+0200,16553320-5c3e-4a08-95db-080ced308e52,2026-08-18T10:30:00Z,2026-08-18T12:30:00+0200,8627.6863,MW,DE,DE_LU,actual_onshore_wind_generation,Wind Onshore,2026-08-25T03:38:09Z
2026-08-25T03:35:04Z,2026-08-25T05:35:04+0200,16553320-5c3e-4a08-95db-080ced308e52,2026-08-18T10:45:00Z,2026-08-18T12:45:00+0200,8947.89232,MW,DE,DE_LU,actual_onshore_wind_generation,Wind Onshore,2026-08-25T03:38:09Z
2026-08-25T03:35:04Z,2026-08-25T05:35:04+0200,16553320-5c3e-4a08-95db-080ced308e52,2026-08-18T11:00:00Z,2026-08-18T13:00:00+0200,9339.55924,MW,DE,DE_LU,actual_onshore_wind_generation,Wind Onshore,2026-08-25T03:38:09Z
2026-08-25T03:35:04Z,2026-08-25T05:35:04+0200,16553320-5c3e-4a08-95db-080ced308e52,2026-08-18T11:15:00Z,2026-08-18T13:15:00+0200,9715.48318,MW,DE,DE_LU,actual_onshore_wind_generation,Wind Onshore,2026-08-25T03:38:09Z
2026-08-25T03:35:04Z,2026-08-25T05:35:04+0200,16553320-5c3e-4a08-95db-080ced308e52,2026-08-18T11:30:00Z,2026-08-18T13:30:00+0200,9870.13827,MW,DE,DE_LU,actual_onshore_wind_generation,Wind Onshore,2026-08-25T03:38:09Z
2026-08-25T03:35:04Z,2026-08-25T05:35:04+0200,16553320-5c3e-4a08-95db-080ced308e52,2026-08-18T11:45:00Z,2026-08-18T13:45:00+0200,9958.72762,MW,DE,DE_LU,actual_onshore_wind_generation,Wind Onshore,2026-08-25T03:38:09Z
2026-08-25T03:35:04Z,2026-08-25T05:35:04+0200,16553320-5c3e-4a08-95db-080ced308e52,2026-08-18T12:00:00Z,2026-08-18T14:00:00+0200,10122.80625,MW,DE,DE_LU,actual_onshore_wind_generation,Wind Onshore,2026-08-25T03:38:09Z
2026-08-25T03:35:04Z,2026-08-25T05:35:04+0200,16553320-5c3e-4a08-95db-080ced308e52,2026-08-18T12:15:00Z,2026-08-18T14:15:00+0200,10246.28799,MW,DE,DE_LU,actual_onshore_wind_generation,Wind Onshore,2026-08-25T03:38:09Z
2026-08-25T03:35:04Z,2026-08-25T05:35:04+0200,16553320-5c3e-4a08-95db-080ced308e52,2026-08-18T12:30:00Z,2026-08-18T14:30:00+0200,10360.16188,MW,DE,DE_LU,actual_onshore_wind_generation,Wind Onshore,2026-08-25T03:38:09Z
2026-08-25T03:35:04Z,2026-08-25T05:35:04+0200,16553320-5c3e-4a08-95db-080ced308e52,2026-08-18T12:45:00Z,2026-08-18T14:45:00+0200,10562.52325,MW,DE,DE_LU,actual_onshore_wind_generation,Wind Onshore,2026-08-25T03:38:09Z
2026-08-25T03:35:04Z,2026-08-25T05:35:04+0200,16553320-5c3e-4a08-95db-080ced308e52,2026-08-18T13:00:00Z,2026-08-18T15:00:00+0200,10468.78028,MW,DE,DE_LU,actual_onshore_wind_generation,Wind Onshore,2026-08-25T03:38:09Z
2026-08-25T03:35:04Z,2026-08-25T05:35:04+0200,16553320-5c3e-4a08-95db-080ced308e52,2026-08-18T13:15:00Z,2026-08-18T15:15:00+0200,10615.30216,MW,DE,DE_LU,actual_onshore_wind_generation,Wind Onshore,2026-08-25T03:38:09Z
2026-08-25T03:35:04Z,2026-08-25T05:35:04+0200,16553320-5c3e-4a08-95db-080ced308e52,2026-08-18T13:30:00Z,2026-08-18T15:30:00+0200,10870.94253,MW,DE,DE_LU,actual_onshore_wind_generation,Wind Onshore,2026-08-25T03:38:09Z
2026-08-25T03:35:04Z,2026-08-25T05:35:04+0200,16553320-5c3e-4a08-95db-080ced308e52,2026-08-18T13:45:00Z,2026-08-18T15:45:00+0200,11058.45112,MW,DE,DE_LU,actual_onshore_wind_generation,Wind Onshore,2026-08-25T03:38:09Z
2026-08-25T03:35:04Z,2026-08-25T05:35:04+0200,16553320-5c3e-4a08-95db-080ced308e52,2026-08-18T14:00:00Z,2026-08-18T16:00:00+0200,11487.83459,MW,DE,DE_LU,actual_onshore_wind_generation,Wind Onshore,2026-08-25T03:38:09Z
2026-08-25T03:35:04Z,2026-08-25T05:35:04+0200,16553320-5c3e-4a08-95db-080ced308e52,2026-08-18T14:15:00Z,2026-08-18T16:15:00+0200,11584.00316,MW,DE,DE_LU,actual_onshore_wind_generation,Wind Onshore,2026-08-25T03:38:09Z
2026-08-25T03:35:04Z,2026-08-25T05:35:04+0200,16553320-5c3e-4a08-95db-080ced308e52,2026-08-18T14:30:00Z,2026-08-18T16:30:00+0200,11527.83682,MW,DE,DE_LU,actual_onshore_wind_generation,Wind Onshore,2026-08-25T03:38:09Z
2026-08-25T03:35:04Z,2026-08-25T05:35:04+0200,16553320-5c3e-4a08-95db-080ced308e52,2026-08-18T14:45:00Z,2026-08-18T16:45:00+0200,11418.99487,MW,DE,DE_LU,actual_onshore_wind_generation,Wind Onshore,2026-08-25T03:38:09Z
2026-08-25T03:35:04Z,2026-08-25T05:35:04+0200,16553320-5c3e-4a08-95db-080ced308e52,2026-08-18T15:00:00Z,2026-08-18T17:00:00+0200,11554.70085,MW,DE,DE_LU,actual_onshore_wind_generation,Wind Onshore,2026-08-25T03:38:09Z
2026-08-25T03:35:04Z,2026-08-25T05:35:04+0200,16553320-5c3e-4a08-95db-080ced308e52,2026-08-18T15:15:00Z,2026-08-18T17:15:00+0200,11720.95955,MW,DE,DE_LU,actual_onshore_wind_generation,Wind Onshore,2026-08-25T03:38:09Z
2026-08-25T03:35:04Z,2026-08-25T05:35:04+0200,16553320-5c3e-4a08-95db-080ced308e52,2026-08-18T15:30:00Z,2026-08-18T17:30:00+0200,11810.91788,MW,DE,DE_LU,actual_onshore_wind_generation,Wind Onshore,2026-08-25T03:38:09Z
2026-08-25T03:35:04Z,2026-08-25T05:35:04+0200,16553320-5c3e-4a08-95db-080ced308e52,2026-08-18T15:45:00Z,2026-08-18T17:45:00+0200,11932.67636,MW,DE,DE_LU,actual_onshore_wind_generation,Wind Onshore,2026-08-25T03:38:09Z
2026-08-25T03:35:04Z,2026-08-25T05:35:04+0200,16553320-5c3e-4a08-95db-080ced308e52,2026-08-18T16:00:00Z,2026-08-18T18:00:00+0200,11821.49154,MW,DE,DE_LU,actual_onshore_wind_generation,Wind Onshore,2026-08-25T03:38:09Z
2026-08-25T03:35:04Z,2026-08-25T05:35:04+0200,16553320-5c3e-4a08-95db-080ced308e52,2026-08-18T16:15:00Z,2026-08-18T18:15:00+0200,11539.57845,MW,DE,DE_LU,actual_onshore_wind_generation,Wind Onshore,2026-08-25T03:38:09Z
2026-08-25T03:35:04Z,2026-08-25T05:35:04+0200,16553320-5c3e-4a08-95db-080ced308e52,2026-08-18T16:30:00Z,2026-08-18T18:30:00+0200,11515.61933,MW,DE,DE_LU,actual_onshore_wind_generation,Wind Onshore,2026-08-25T03:38:09Z
2026-08-25T03:35:04Z,2026-08-25T05:35:04+0200,16553320-5c3e-4a08-95db-080ced308e52,2026-08-18T16:45:00Z,2026-08-18T18:45:00+0200,11464.30792,MW,DE,DE_LU,actual_onshore_wind_generation,Wind Onshore,2026-08-25T03:38:09Z
2026-08-25T03:35:04Z,2026-08-25T05:35:04+0200,16553320-5c3e-4a08-95db-080ced308e52,2026-08-18T17:00:00Z,2026-08-18T19:00:00+0200,11355.72015,MW,DE,DE_LU,actual_onshore_wind_generation,Wind Onshore,2026-08-25T03:38:09Z
2026-08-25T03:35:04Z,2026-08-25T05:35:04+0200,16553320-5c3e-4a08-95db-080ced308e52,2026-08-18T17:15:00Z,2026-08-18T19:15:00+0200,11114.3183,MW,DE,DE_LU,actual_onshore_wind_generation,Wind Onshore,2026-08-25T03:38:09Z
2026-08-25T03:35:04Z,2026-08-25T05:35:04+0200,16553320-5c3e-4a08-95db-080ced308e52,2026-08-18T17:30:00Z,2026-08-18T19:30:00+0200,10818.3152,MW,DE,DE_LU,actual_onshore_wind_generation,Wind Onshore,2026-08-25T03:38:09Z
2026-08-25T03:35:04Z,2026-08-25T05:35:04+0200,16553320-5c3e-4a08-95db-080ced308e52,2026-08-18T17:45:00Z,2026-08-18T19:45:00+0200,10627.36689,MW,DE,DE_LU,actual_onshore_wind_generation,Wind Onshore,2026-08-25T03:38:09Z
2026-08-25T03:35:04Z,2026-08-25T05:35:04+0200,16553320-5c3e-4a08-95db-080ced308e52,2026-08-18T18:00:00Z,2026-08-18T20:00:00+0200,10422.33447,MW,DE,DE_LU,actual_onshore_wind_generation,Wind Onshore,2026-08-25T03:38:09Z
2026-08-25T03:35:04Z,2026-08-25T05:35:04+0200,16553320-5c3e-4a08-95db-080ced308e52,2026-08-18T18:15:00Z,2026-08-18T20:15:00+0200,10291.00693,MW,DE,DE_LU,actual_onshore_wind_generation,Wind Onshore,2026-08-25T03:38:09Z
2026-08-25T03:35:04Z,2026-08-25T05:35:04+0200,16553320-5c3e-4a08-95db-080ced308e52,2026-08-18T18:30:00Z,2026-08-18T20:30:00+0200,10162.34657,MW,DE,DE_LU,actual_onshore_wind_generation,Wind Onshore,2026-08-25T03:38:09Z
2026-08-25T03:35:04Z,2026-08-25T05:35:04+0200,16553320-5c3e-4a08-95db-080ced308e52,2026-08-18T18:45:00Z,2026-08-18T20:45:00+0200,9750.86402,MW,DE,DE_LU,actual_onshore_wind_generation,Wind Onshore,2026-08-25T03:38:09Z
2026-08-25T03:35:04Z,2026-08-25T05:35:04+0200,16553320-5c3e-4a08-95db-080ced308e52,2026-08-18T19:00:00Z,2026-08-18T21:00:00+0200,9626.38432,MW,DE,DE_LU,actual_onshore_wind_generation,Wind Onshore,2026-08-25T03:38:09Z
2026-08-25T03:35:04Z,2026-08-25T05:35:04+0200,16553320-5c3e-4a08-95db-080ced308e52,2026-08-18T19:15:00Z,2026-08-18T21:15:00+0200,9390.33541,MW,DE,DE_LU,actual_onshore_wind_generation,Wind Onshore,2026-08-25T03:38:09Z
2026-08-25T03:35:04Z,2026-08-25T05:35:04+0200,16553320-5c3e-4a08-95db-080ced308e52,2026-08-18T19:30:00Z,2026-08-18T21:30:00+0200,9165.03914,MW,DE,DE_LU,actual_onshore_wind_generation,Wind Onshore,2026-08-25T03:38:09Z
2026-08-25T03:35:04Z,2026-08-25T05:35:04+0200,16553320-5c3e-4a08-95db-080ced308e52,2026-08-18T19:45:00Z,2026-08-18T21:45:00+0200,9258.54938,MW,DE,DE_LU,actual_onshore_wind_generation,Wind Onshore,2026-08-25T03:38:09Z
2026-08-25T03:35:04Z,2026-08-25T05:35:04+0200,16553320-5c3e-4a08-95db-080ced308e52,2026-08-18T20:00:00Z,2026-08-18T22:00:00+0200,9343.45514,MW,DE,DE_LU,actual_onshore_wind_generation,Wind Onshore,2026-08-25T03:38:09Z
2026-08-25T03:35:04Z,2026-08-25T05:35:04+0200,16553320-5c3e-4a08-95db-080ced308e52,2026-08-18T20:15:00Z,2026-08-18T22:15:00+0200,9502.10848,MW,DE,DE_LU,actual_onshore_wind_generation,Wind Onshore,2026-08-25T03:38:09Z
2026-08-25T03:35:04Z,2026-08-25T05:35:04+0200,16553320-5c3e-4a08-95db-080ced308e52,2026-08-18T20:30:00Z,2026-08-18T22:30:00+0200,9495.09086,MW,DE,DE_LU,actual_onshore_wind_generation,Wind Onshore,2026-08-25T03:38:09Z
2026-08-25T03:35:04Z,2026-08-25T05:35:04+0200,16553320-5c3e-4a08-95db-080ced308e52,2026-08-18T20:45:00Z,2026-08-18T22:45:00+0200,9624.32449,MW,DE,DE_LU,actual_onshore_wind_generation,Wind Onshore,2026-08-25T03:38:09Z
2026-08-25T03:35:04Z,2026-08-25T05:35:04+0200,16553320-5c3e-4a08-95db-080ced308e52,2026-08-18T21:00:00Z,2026-08-18T23:00:00+0200,9477.21674,MW,DE,DE_LU,actual_onshore_wind_generation,Wind Onshore,2026-08-25T03:38:09Z
2026-08-25T03:35:04Z,2026-08-25T05:35:04+0200,16553320-5c3e-4a08-95db-080ced308e52,2026-08-18T21:15:00Z,2026-08-18T23:15:00+0200,9457.06517,MW,DE,DE_LU,actual_onshore_wind_generation,Wind Onshore,2026-08-25T03:38:09Z
2026-08-25T03:35:04Z,2026-08-25T05:35:04+0200,16553320-5c3e-4a08-95db-080ced308e52,2026-08-18T21:30:00Z,2026-08-18T23:30:00+0200,9367.64021,MW,DE,DE_LU,actual_onshore_wind_generation,Wind Onshore,2026-08-25T03:38:09Z
2026-08-25T03:35:04Z,2026-08-25T05:35:04+0200,16553320-5c3e-4a08-95db-080ced308e52,2026-08-18T21:45:00Z,2026-08-18T23:45:00+0200,9537.02066,MW,DE,DE_LU,actual_onshore_wind_generation,Wind Onshore,2026-08-25T03:38:09Z
2026-08-25T03:35:04Z,2026-08-25T05:35:04+0200,16553320-5c3e-4a08-95db-080ced308e52,2026-08-18T22:00:00Z,2026-08-19T00:00:00+0200,9772.55904,MW,DE,DE_LU,actual_onshore_wind_generation,Wind Onshore,2026-08-25T03:38:09Z
2026-08-25T03:35:04Z,2026-08-25T05:35:04+0200,16553320-5c3e-4a08-95db-080ced308e52,2026-08-18T22:15:00Z,2026-08-19T00:15:00+0200,9805.05184,MW,DE,DE_LU,actual_onshore_wind_generation,Wind Onshore,2026-08-25T03:38:09Z
2026-08-25T03:35:04Z,2026-08-25T05:35:04+0200,16553320-5c3e-4a08-95db-080ced308e52,2026-08-18T22:30:00Z,2026-08-19T00:30:00+0200,9892.94325,MW,DE,DE_LU,actual_onshore_wind_generation,Wind Onshore,2026-08-25T03:38:09Z
2026-08-25T03:35:04Z,2026-08-25T05:35:04+0200,16553320-5c3e-4a08-95db-080ced308e52,2026-08-18T22:45:00Z,2026-08-19T00:45:00+0200,9726.72629,MW,DE,DE_LU,actual_onshore_wind_generation,Wind Onshore,2026-08-25T03:38:09Z
2026-08-25T03:35:04Z,2026-08-25T05:35:04+0200,16553320-5c3e-4a08-95db-080ced308e52,2026-08-18T23:00:00Z,2026-08-19T01:00:00+0200,9708.72756,MW,DE,DE_LU,actual_onshore_wind_generation,Wind Onshore,2026-08-25T03:38:09Z
2026-08-25T03:35:04Z,2026-08-25T05:35:04+0200,16553320-5c3e-4a08-95db-080ced308e52,2026-08-18T23:15:00Z,2026-08-19T01:15:00+0200,9644.85713,MW,DE,DE_LU,actual_onshore_wind_generation,Wind Onshore,2026-08-25T03:38:09Z
2026-08-25T03:35:04Z,2026-08-25T05:35:04+0200,16553320-5c3e-4a08-95db-080ced308e52,2026-08-18T23:30:00Z,2026-08-19T01:30:00+0200,9759.71933,MW,DE,DE_LU,actual_onshore_wind_generation,Wind Onshore,2026-08-25T03:38:09Z
2026-08-25T03:35:04Z,2026-08-25T05:35:04+0200,16553320-5c3e-4a08-95db-080ced308e52,2026-08-18T23:45:00Z,2026-08-19T01:45:00+0200,9743.72715,MW,DE,DE_LU,actual_onshore_wind_generation,Wind Onshore,2026-08-25T03:38:09Z
2026-08-25T03:35:04Z,2026-08-25T05:35:04+0200,16553320-5c3e-4a08-95db-080ced308e52,2026-08-19T00:00:00Z,2026-08-19T02:00:00+0200,9814.65696,MW,DE,DE_LU,actual_onshore_wind_generation,Wind Onshore,2026-08-25T03:38:09Z
2026-08-25T03:35:04Z,2026-08-25T05:35:04+0200,16553320-5c3e-4a08-95db-080ced308e52,2026-08-19T00:15:00Z,2026-08-19T02:15:00+0200,9751.08682,MW,DE,DE_LU,actual_onshore_wind_generation,Wind Onshore,2026-08-25T03:38:09Z
2026-08-25T03:35:04Z,2026-08-25T05:35:04+0200,16553320-5c3e-4a08-95db-080ced308e52,2026-08-19T00:30:00Z,2026-08-19T02:30:00+0200,9630.09334,MW,DE,DE_LU,actual_onshore_wind_generation,Wind Onshore,2026-08-25T03:38:09Z
2026-08-25T03:35:04Z,2026-08-25T05:35:04+0200,16553320-5c3e-4a08-95db-080ced308e52,2026-08-19T00:45:00Z,2026-08-19T02:45:00+0200,9495.04991,MW,DE,DE_LU,actual_onshore_wind_generation,Wind Onshore,2026-08-25T03:38:09Z
2026-08-25T03:35:04Z,2026-08-25T05:35:04+0200,16553320-5c3e-4a08-95db-080ced308e52,2026-08-19T01:00:00Z,2026-08-19T03:00:00+0200,9344.93474,MW,DE,DE_LU,actual_onshore_wind_generation,Wind Onshore,2026-08-25T03:38:09Z
2026-08-25T03:35:04Z,2026-08-25T05:35:04+0200,16553320-5c3e-4a08-95db-080ced308e52,2026-08-19T01:15:00Z,2026-08-19T03:15:00+0200,9376.3725,MW,DE,DE_LU,actual_onshore_wind_generation,Wind Onshore,2026-08-25T03:38:09Z
2026-08-25T03:35:04Z,2026-08-25T05:35:04+0200,16553320-5c3e-4a08-95db-080ced308e52,2026-08-19T01:30:00Z,2026-08-19T03:30:00+0200,9536.4811,MW,DE,DE_LU,actual_onshore_wind_generation,Wind Onshore,2026-08-25T03:38:09Z
2026-08-25T03:35:04Z,2026-08-25T05:35:04+0200,16553320-5c3e-4a08-95db-080ced308e52,2026-08-19T01:45:00Z,2026-08-19T03:45:00+0200,9716.86714,MW,DE,DE_LU,actual_onshore_wind_generation,Wind Onshore,2026-08-25T03:38:09Z
2026-08-25T03:35:04Z,2026-08-25T05:35:04+0200,16553320-5c3e-4a08-95db-080ced308e52,2026-08-19T02:00:00Z,2026-08-19T04:00:00+0200,9486.78038,MW,DE,DE_LU,actual_onshore_wind_generation,Wind Onshore,2026-08-25T03:38:09Z
2026-08-25T03:35:04Z,2026-08-25T05:35:04+0200,16553320-5c3e-4a08-95db-080ced308e52,2026-08-19T02:15:00Z,2026-08-19T04:15:00+0200,9568.10782,MW,DE,DE_LU,actual_onshore_wind_generation,Wind Onshore,2026-08-25T03:38:09Z
2026-08-25T03:35:04Z,2026-08-25T05:35:04+0200,16553320-5c3e-4a08-95db-080ced308e52,2026-08-19T02:30:00Z,2026-08-19T04:30:00+0200,9607.98264,MW,DE,DE_LU,actual_onshore_wind_generation,Wind Onshore,2026-08-25T03:38:09Z
2026-08-25T03:35:04Z,2026-08-25T05:35:04+0200,16553320-5c3e-4a08-95db-080ced308e52,2026-08-19T02:45:00Z,2026-08-19T04:45:00+0200,9593.66912,MW,DE,DE_LU,actual_onshore_wind_generation,Wind Onshore,2026-08-25T03:38:09Z
2026-08-25T03:35:04Z,2026-08-25T05:35:04+0200,16553320-5c3e-4a08-95db-080ced308e52,2026-08-19T03:00:00Z,2026-08-19T05:00:00+0200,9836.47525,MW,DE,DE_LU,actual_onshore_wind_generation,Wind Onshore,2026-08-25T03:38:09Z
2026-08-25T03:35:04Z,2026-08-25T05:35:04+0200,16553320-5c3e-4a08-95db-080ced308e52,2026-08-19T03:15:00Z,2026-08-19T05:15:00+0200,10049.3079,MW,DE,DE_LU,actual_onshore_wind_generation,Wind Onshore,2026-08-25T03:38:09Z
2026-08-25T03:35:04Z,2026-08-25T05:35:04+0200,16553320-5c3e-4a08-95db-080ced308e52,2026-08-19T03:30:00Z,2026-08-19T05:30:00+0200,10213.69742,MW,DE,DE_LU,actual_onshore_wind_generation,Wind Onshore,2026-08-25T03:38:09Z
2026-08-25T03:35:04Z,2026-08-25T05:35:04+0200,16553320-5c3e-4a08-95db-080ced308e52,2026-08-19T03:45:00Z,2026-08-19T05:45:00+0200,10207.81044,MW,DE,DE_LU,actual_onshore_wind_generation,Wind Onshore,2026-08-25T03:38:09Z
2026-08-25T03:35:04Z,2026-08-25T05:35:04+0200,16553320-5c3e-4a08-95db-080ced308e52,2026-08-19T04:00:00Z,2026-08-19T06:00:00+0200,10573.58519,MW,DE,DE_LU,actual_onshore_wind_generation,Wind Onshore,2026-08-25T03:38:09Z
2026-08-25T03:35:04Z,2026-08-25T05:35:04+0200,16553320-5c3e-4a08-95db-080ced308e52,2026-08-19T04:15:00Z,2026-08-19T06:15:00+0200,11583.50293,MW,DE,DE_LU,actual_onshore_wind_generation,Wind Onshore,2026-08-25T03:38:09Z
2026-08-25T03:35:04Z,2026-08-25T05:35:04+0200,16553320-5c3e-4a08-95db-080ced308e52,2026-08-19T04:30:00Z,2026-08-19T06:30:00+0200,11765.32392,MW,DE,DE_LU,actual_onshore_wind_generation,Wind Onshore,2026-08-25T03:38:09Z
2026-08-25T03:35:04Z,2026-08-25T05:35:04+0200,16553320-5c3e-4a08-95db-080ced308e52,2026-08-19T04:45:00Z,2026-08-19T06:45:00+0200,11518.26933,MW,DE,DE_LU,actual_onshore_wind_generation,Wind Onshore,2026-08-25T03:38:09Z
2026-08-25T03:35:04Z,2026-08-25T05:35:04+0200,16553320-5c3e-4a08-95db-080ced308e52,2026-08-19T05:00:00Z,2026-08-19T07:00:00+0200,11556.05378,MW,DE,DE_LU,actual_onshore_wind_generation,Wind Onshore,2026-08-25T03:38:09Z
2026-08-25T03:35:04Z,2026-08-25T05:35:04+0200,16553320-5c3e-4a08-95db-080ced308e52,2026-08-19T05:15:00Z,2026-08-19T07:15:00+0200,11626.4338,MW,DE,DE_LU,actual_onshore_wind_generation,Wind Onshore,2026-08-25T03:38:09Z
2026-08-25T03:35:04Z,2026-08-25T05:35:04+0200,16553320-5c3e-4a08-95db-080ced308e52,2026-08-19T05:30:00Z,2026-08-19T07:30:00+0200,11869.15718,MW,DE,DE_LU,actual_onshore_wind_generation,Wind Onshore,2026-08-25T03:38:09Z
2026-08-25T03:35:04Z,2026-08-25T05:35:04+0200,16553320-5c3e-4a08-95db-080ced308e52,2026-08-19T05:45:00Z,2026-08-19T07:45:00+0200,12052.55588,MW,DE,DE_LU,actual_onshore_wind_generation,Wind Onshore,2026-08-25T03:38:09Z
2026-08-25T03:35:04Z,2026-08-25T05:35:04+0200,16553320-5c3e-4a08-95db-080ced308e52,2026-08-19T06:00:00Z,2026-08-19T08:00:00+0200,12327.85533,MW,DE,DE_LU,actual_onshore_wind_generation,Wind Onshore,2026-08-25T03:38:09Z
2026-08-25T03:35:04Z,2026-08-25T05:35:04+0200,16553320-5c3e-4a08-95db-080ced308e52,2026-08-19T06:15:00Z,2026-08-19T08:15:00+0200,12295.04816,MW,DE,DE_LU,actual_onshore_wind_generation,Wind Onshore,2026-08-25T03:38:09Z
2026-08-25T03:35:04Z,2026-08-25T05:35:04+0200,16553320-5c3e-4a08-95db-080ced308e52,2026-08-19T06:30:00Z,2026-08-19T08:30:00+0200,12458.67173,MW,DE,DE_LU,actual_onshore_wind_generation,Wind Onshore,2026-08-25T03:38:09Z
2026-08-25T03:35:04Z,2026-08-25T05:35:04+0200,16553320-5c3e-4a08-95db-080ced308e52,2026-08-19T06:45:00Z,2026-08-19T08:45:00+0200,12459.23776,MW,DE,DE_LU,actual_onshore_wind_generation,Wind Onshore,2026-08-25T03:38:09Z
2026-08-25T03:35:04Z,2026-08-25T05:35:04+0200,16553320-5c3e-4a08-95db-080ced308e52,2026-08-19T07:00:00Z,2026-08-19T09:00:00+0200,12250.67919,MW,DE,DE_LU,actual_onshore_wind_generation,Wind Onshore,2026-08-25T03:38:09Z
2026-08-25T03:35:04Z,2026-08-25T05:35:04+0200,16553320-5c3e-4a08-95db-080ced308e52,2026-08-19T07:15:00Z,2026-08-19T09:15:00+0200,12184.82128,MW,DE,DE_LU,actual_onshore_wind_generation,Wind Onshore,2026-08-25T03:38:09Z
2026-08-25T03:35:04Z,2026-08-25T05:35:04+0200,16553320-5c3e-4a08-95db-080ced308e52,2026-08-19T07:30:00Z,2026-08-19T09:30:00+0200,12246.5824,MW,DE,DE_LU,actual_onshore_wind_generation,Wind Onshore,2026-08-25T03:38:09Z
2026-08-25T03:35:04Z,2026-08-25T05:35:04+0200,16553320-5c3e-4a08-95db-080ced308e52,2026-08-19T07:45:00Z,2026-08-19T09:45:00+0200,12750.10869,MW,DE,DE_LU,actual_onshore_wind_generation,Wind Onshore,2026-08-25T03:38:09Z
2026-08-25T03:35:04Z,2026-08-25T05:35:04+0200,16553320-5c3e-4a08-95db-080ced308e52,2026-08-19T08:00:00Z,2026-08-19T10:00:00+0200,13153.98292,MW,DE,DE_LU,actual_onshore_wind_generation,Wind Onshore,2026-08-25T03:38:09Z
2026-08-25T03:35:04Z,2026-08-25T05:35:04+0200,16553320-5c3e-4a08-95db-080ced308e52,2026-08-19T08:15:00Z,2026-08-19T10:15:00+0200,13518.1567,MW,DE,DE_LU,actual_onshore_wind_generation,Wind Onshore,2026-08-25T03:38:09Z
2026-08-25T03:35:04Z,2026-08-25T05:35:04+0200,16553320-5c3e-4a08-95db-080ced308e52,2026-08-19T08:30:00Z,2026-08-19T10:30:00+0200,13929.80326,MW,DE,DE_LU,actual_onshore_wind_generation,Wind Onshore,2026-08-25T03:38:09Z
2026-08-25T03:35:04Z,2026-08-25T05:35:04+0200,16553320-5c3e-4a08-95db-080ced308e52,2026-08-19T08:45:00Z,2026-08-19T10:45:00+0200,14194.65821,MW,DE,DE_LU,actual_onshore_wind_generation,Wind Onshore,2026-08-25T03:38:09Z
2026-08-25T03:35:04Z,2026-08-25T05:35:04+0200,16553320-5c3e-4a08-95db-080ced308e52,2026-08-19T09:00:00Z,2026-08-19T11:00:00+0200,14260.92521,MW,DE,DE_LU,actual_onshore_wind_generation,Wind Onshore,2026-08-25T03:38:09Z
2026-08-25T03:35:04Z,2026-08-25T05:35:04+0200,16553320-5c3e-4a08-95db-080ced308e52,2026-08-19T09:15:00Z,2026-08-19T11:15:00+0200,14413.53012,MW,DE,DE_LU,actual_onshore_wind_generation,Wind Onshore,2026-08-25T03:38:09Z
2026-08-25T03:35:04Z,2026-08-25T05:35:04+0200,16553320-5c3e-4a08-95db-080ced308e52,2026-08-19T09:30:00Z,2026-08-19T11:30:00+0200,14508.62303,MW,DE,DE_LU,actual_onshore_wind_generation,Wind Onshore,2026-08-25T03:38:09Z
2026-08-25T03:35:04Z,2026-08-25T05:35:04+0200,16553320-5c3e-4a08-95db-080ced308e52,2026-08-19T09:45:00Z,2026-08-19T11:45:00+0200,14866.49646,MW,DE,DE_LU,actual_onshore_wind_generation,Wind Onshore,2026-08-25T03:38:09Z
2026-08-25T03:35:04Z,2026-08-25T05:35:04+0200,16553320-5c3e-4a08-95db-080ced308e52,2026-08-19T10:00:00Z,2026-08-19T12:00:00+0200,15083.93605,MW,DE,DE_LU,actual_onshore_wind_generation,Wind Onshore,2026-08-25T03:38:09Z
2026-08-25T03:35:04Z,2026-08-25T05:35:04+0200,16553320-5c3e-4a08-95db-080ced308e52,2026-08-19T10:15:00Z,2026-08-19T12:15:00+0200,15591.8949,MW,DE,DE_LU,actual_onshore_wind_generation,Wind Onshore,2026-08-25T03:38:09Z
2026-08-25T03:35:04Z,2026-08-25T05:35:04+0200,16553320-5c3e-4a08-95db-080ced308e52,2026-08-19T10:30:00Z,2026-08-19T12:30:00+0200,16169.74617,MW,DE,DE_LU,actual_onshore_wind_generation,Wind Onshore,2026-08-25T03:38:09Z
2026-08-25T03:35:04Z,2026-08-25T05:35:04+0200,16553320-5c3e-4a08-95db-080ced308e52,2026-08-19T10:45:00Z,2026-08-19T12:45:00+0200,16444.80678,MW,DE,DE_LU,actual_onshore_wind_generation,Wind Onshore,2026-08-25T03:38:09Z
2026-08-25T03:35:04Z,2026-08-25T05:35:04+0200,16553320-5c3e-4a08-95db-080ced308e52,2026-08-19T11:00:00Z,2026-08-19T13:00:00+0200,16661.82317,MW,DE,DE_LU,actual_onshore_wind_generation,Wind Onshore,2026-08-25T03:38:09Z
2026-08-25T03:35:04Z,2026-08-25T05:35:04+0200,16553320-5c3e-4a08-95db-080ced308e52,2026-08-19T11:15:00Z,2026-08-19T13:15:00+0200,16830.75014,MW,DE,DE_LU,actual_onshore_wind_generation,Wind Onshore,2026-08-25T03:38:09Z
2026-08-25T03:35:04Z,2026-08-25T05:35:04+0200,16553320-5c3e-4a08-95db-080ced308e52,2026-08-19T11:30:00Z,2026-08-19T13:30:00+0200,16785.92566,MW,DE,DE_LU,actual_onshore_wind_generation,Wind Onshore,2026-08-25T03:38:09Z
2026-08-25T03:35:04Z,2026-08-25T05:35:04+0200,16553320-5c3e-4a08-95db-080ced308e52,2026-08-19T11:45:00Z,2026-08-19T13:45:00+0200,16143.15374,MW,DE,DE_LU,actual_onshore_wind_generation,Wind Onshore,2026-08-25T03:38:09Z
2026-08-25T03:35:04Z,2026-08-25T05:35:04+0200,16553320-5c3e-4a08-95db-080ced308e52,2026-08-19T12:00:00Z,2026-08-19T14:00:00+0200,16114.61943,MW,DE,DE_LU,actual_onshore_wind_generation,Wind Onshore,2026-08-25T03:38:09Z
2026-08-25T03:35:04Z,2026-08-25T05:35:04+0200,16553320-5c3e-4a08-95db-080ced308e52,2026-08-19T12:15:00Z,2026-08-19T14:15:00+0200,16092.37635,MW,DE,DE_LU,actual_onshore_wind_generation,Wind Onshore,2026-08-25T03:38:09Z
2026-08-25T03:35:04Z,2026-08-25T05:35:04+0200,16553320-5c3e-4a08-95db-080ced308e52,2026-08-19T12:30:00Z,2026-08-19T14:30:00+0200,15481.3737,MW,DE,DE_LU,actual_onshore_wind_generation,Wind Onshore,2026-08-25T03:38:09Z
2026-08-25T03:35:04Z,2026-08-25T05:35:04+0200,16553320-5c3e-4a08-95db-080ced308e52,2026-08-19T12:45:00Z,2026-08-19T14:45:00+0200,15132.57015,MW,DE,DE_LU,actual_onshore_wind_generation,Wind Onshore,2026-08-25T03:38:09Z
2026-08-25T03:35:04Z,2026-08-25T05:35:04+0200,16553320-5c3e-4a08-95db-080ced308e52,2026-08-19T13:00:00Z,2026-08-19T15:00:00+0200,15067.39338,MW,DE,DE_LU,actual_onshore_wind_generation,Wind Onshore,2026-08-25T03:38:09Z
2026-08-25T03:35:04Z,2026-08-25T05:35:04+0200,16553320-5c3e-4a08-95db-080ced308e52,2026-08-19T13:15:00Z,2026-08-19T15:15:00+0200,14254.42956,MW,DE,DE_LU,actual_onshore_wind_generation,Wind Onshore,2026-08-25T03:38:09Z
2026-08-25T03:35:04Z,2026-08-25T05:35:04+0200,16553320-5c3e-4a08-95db-080ced308e52,2026-08-19T13:30:00Z,2026-08-19T15:30:00+0200,13915.78562,MW,DE,DE_LU,actual_onshore_wind_generation,Wind Onshore,2026-08-25T03:38:09Z
2026-08-25T03:35:04Z,2026-08-25T05:35:04+0200,16553320-5c3e-4a08-95db-080ced308e52,2026-08-19T13:45:00Z,2026-08-19T15:45:00+0200,13674.22139,MW,DE,DE_LU,actual_onshore_wind_generation,Wind Onshore,2026-08-25T03:38:09Z
2026-08-25T03:35:04Z,2026-08-25T05:35:04+0200,16553320-5c3e-4a08-95db-080ced308e52,2026-08-19T14:00:00Z,2026-08-19T16:00:00+0200,13364.34024,MW,DE,DE_LU,actual_onshore_wind_generation,Wind Onshore,2026-08-25T03:38:09Z
2026-08-25T03:35:04Z,2026-08-25T05:35:04+0200,16553320-5c3e-4a08-95db-080ced308e52,2026-08-19T14:15:00Z,2026-08-19T16:15:00+0200,12882.89849,MW,DE,DE_LU,actual_onshore_wind_generation,Wind Onshore,2026-08-25T03:38:09Z
2026-08-25T03:35:04Z,2026-08-25T05:35:04+0200,16553320-5c3e-4a08-95db-080ced308e52,2026-08-19T14:30:00Z,2026-08-19T16:30:00+0200,12353.09491,MW,DE,DE_LU,actual_onshore_wind_generation,Wind Onshore,2026-08-25T03:38:09Z
2026-08-25T03:35:04Z,2026-08-25T05:35:04+0200,16553320-5c3e-4a08-95db-080ced308e52,2026-08-19T14:45:00Z,2026-08-19T16:45:00+0200,11653.08401,MW,DE,DE_LU,actual_onshore_wind_generation,Wind Onshore,2026-08-25T03:38:09Z
2026-08-25T03:35:04Z,2026-08-25T05:35:04+0200,16553320-5c3e-4a08-95db-080ced308e52,2026-08-19T15:00:00Z,2026-08-19T17:00:00+0200,11312.00253,MW,DE,DE_LU,actual_onshore_wind_generation,Wind Onshore,2026-08-25T03:38:09Z
2026-08-25T03:35:04Z,2026-08-25T05:35:04+0200,16553320-5c3e-4a08-95db-080ced308e52,2026-08-19T15:15:00Z,2026-08-19T17:15:00+0200,10852.35583,MW,DE,DE_LU,actual_onshore_wind_generation,Wind Onshore,2026-08-25T03:38:09Z
2026-08-25T03:35:04Z,2026-08-25T05:35:04+0200,16553320-5c3e-4a08-95db-080ced308e52,2026-08-19T15:30:00Z,2026-08-19T17:30:00+0200,10424.06337,MW,DE,DE_LU,actual_onshore_wind_generation,Wind Onshore,2026-08-25T03:38:09Z
2026-08-25T03:35:04Z,2026-08-25T05:35:04+0200,16553320-5c3e-4a08-95db-080ced308e52,2026-08-19T15:45:00Z,2026-08-19T17:45:00+0200,9854.55041,MW,DE,DE_LU,actual_onshore_wind_generation,Wind Onshore,2026-08-25T03:38:09Z
2026-08-25T03:35:04Z,2026-08-25T05:35:04+0200,16553320-5c3e-4a08-95db-080ced308e52,2026-08-19T16:00:00Z,2026-08-19T18:00:00+0200,9593.94795,MW,DE,DE_LU,actual_onshore_wind_generation,Wind Onshore,2026-08-25T03:38:09Z
2026-08-25T03:35:04Z,2026-08-25T05:35:04+0200,16553320-5c3e-4a08-95db-080ced308e52,2026-08-19T16:15:00Z,2026-08-19T18:15:00+0200,9609.94023,MW,DE,DE_LU,actual_onshore_wind_generation,Wind Onshore,2026-08-25T03:38:09Z
2026-08-25T03:35:04Z,2026-08-25T05:35:04+0200,16553320-5c3e-4a08-95db-080ced308e52,2026-08-19T16:30:00Z,2026-08-19T18:30:00+0200,9698.77328,MW,DE,DE_LU,actual_onshore_wind_generation,Wind Onshore,2026-08-25T03:38:09Z
2026-08-25T03:35:04Z,2026-08-25T05:35:04+0200,16553320-5c3e-4a08-95db-080ced308e52,2026-08-19T16:45:00Z,2026-08-19T18:45:00+0200,9539.31368,MW,DE,DE_LU,actual_onshore_wind_generation,Wind Onshore,2026-08-25T03:38:09Z
2026-08-25T03:35:04Z,2026-08-25T05:35:04+0200,16553320-5c3e-4a08-95db-080ced308e52,2026-08-19T17:00:00Z,2026-08-19T19:00:00+0200,8983.48046,MW,DE,DE_LU,actual_onshore_wind_generation,Wind Onshore,2026-08-25T03:38:09Z
2026-08-25T03:35:04Z,2026-08-25T05:35:04+0200,16553320-5c3e-4a08-95db-080ced308e52,2026-08-19T17:15:00Z,2026-08-19T19:15:00+0200,8630.25316,MW,DE,DE_LU,actual_onshore_wind_generation,Wind Onshore,2026-08-25T03:38:09Z
2026-08-25T03:35:04Z,2026-08-25T05:35:04+0200,16553320-5c3e-4a08-95db-080ced308e52,2026-08-19T17:30:00Z,2026-08-19T19:30:00+0200,8198.50121,MW,DE,DE_LU,actual_onshore_wind_generation,Wind Onshore,2026-08-25T03:38:09Z
2026-08-25T03:35:04Z,2026-08-25T05:35:04+0200,16553320-5c3e-4a08-95db-080ced308e52,2026-08-19T17:45:00Z,2026-08-19T19:45:00+0200,7875.92621,MW,DE,DE_LU,actual_onshore_wind_generation,Wind Onshore,2026-08-25T03:38:09Z
2026-08-25T03:35:04Z,2026-08-25T05:35:04+0200,16553320-5c3e-4a08-95db-080ced308e52,2026-08-19T18:00:00Z,2026-08-19T20:00:00+0200,8047.8948,MW,DE,DE_LU,actual_onshore_wind_generation,Wind Onshore,2026-08-25T03:38:09Z
2026-08-25T03:35:04Z,2026-08-25T05:35:04+0200,16553320-5c3e-4a08-95db-080ced308e52,2026-08-19T18:15:00Z,2026-08-19T20:15:00+0200,7981.05594,MW,DE,DE_LU,actual_onshore_wind_generation,Wind Onshore,2026-08-25T03:38:09Z
2026-08-25T03:35:04Z,2026-08-25T05:35:04+0200,16553320-5c3e-4a08-95db-080ced308e52,2026-08-19T18:30:00Z,2026-08-19T20:30:00+0200,7496.71533,MW,DE,DE_LU,actual_onshore_wind_generation,Wind Onshore,2026-08-25T03:38:09Z
2026-08-25T03:35:04Z,2026-08-25T05:35:04+0200,16553320-5c3e-4a08-95db-080ced308e52,2026-08-19T18:45:00Z,2026-08-19T20:45:00+0200,7321.68592,MW,DE,DE_LU,actual_onshore_wind_generation,Wind Onshore,2026-08-25T03:38:09Z
2026-08-25T03:35:04Z,2026-08-25T05:35:04+0200,16553320-5c3e-4a08-95db-080ced308e52,2026-08-19T19:00:00Z,2026-08-19T21:00:00+0200,7832.5872,MW,DE,DE_LU,actual_onshore_wind_generation,Wind Onshore,2026-08-25T03:38:09Z
2026-08-25T03:35:04Z,2026-08-25T05:35:04+0200,16553320-5c3e-4a08-95db-080ced308e52,2026-08-19T19:15:00Z,2026-08-19T21:15:00+0200,8815.50477,MW,DE,DE_LU,actual_onshore_wind_generation,Wind Onshore,2026-08-25T03:38:09Z
2026-08-25T03:35:04Z,2026-08-25T05:35:04+0200,16553320-5c3e-4a08-95db-080ced308e52,2026-08-19T19:30:00Z,2026-08-19T21:30:00+0200,9128.72663,MW,DE,DE_LU,actual_onshore_wind_generation,Wind Onshore,2026-08-25T03:38:09Z
2026-08-25T03:35:04Z,2026-08-25T05:35:04+0200,16553320-5c3e-4a08-95db-080ced308e52,2026-08-19T19:45:00Z,2026-08-19T21:45:00+0200,9350.27305,MW,DE,DE_LU,actual_onshore_wind_generation,Wind Onshore,2026-08-25T03:38:09Z
2026-08-25T03:35:04Z,2026-08-25T05:35:04+0200,16553320-5c3e-4a08-95db-080ced308e52,2026-08-19T20:00:00Z,2026-08-19T22:00:00+0200,9721.07294,MW,DE,DE_LU,actual_onshore_wind_generation,Wind Onshore,2026-08-25T03:38:09Z
2026-08-25T03:35:04Z,2026-08-25T05:35:04+0200,16553320-5c3e-4a08-95db-080ced308e52,2026-08-19T20:15:00Z,2026-08-19T22:15:00+0200,10350.07359,MW,DE,DE_LU,actual_onshore_wind_generation,Wind Onshore,2026-08-25T03:38:09Z
2026-08-25T03:35:04Z,2026-08-25T05:35:04+0200,16553320-5c3e-4a08-95db-080ced308e52,2026-08-19T20:30:00Z,2026-08-19T22:30:00+0200,9988.88703,MW,DE,DE_LU,actual_onshore_wind_generation,Wind Onshore,2026-08-25T03:38:09Z
2026-08-25T03:35:04Z,2026-08-25T05:35:04+0200,16553320-5c3e-4a08-95db-080ced308e52,2026-08-19T20:45:00Z,2026-08-19T22:45:00+0200,9499.3166,MW,DE,DE_LU,actual_onshore_wind_generation,Wind Onshore,2026-08-25T03:38:09Z
2026-08-25T03:35:04Z,2026-08-25T05:35:04+0200,16553320-5c3e-4a08-95db-080ced308e52,2026-08-19T21:00:00Z,2026-08-19T23:00:00+0200,9097.06368,MW,DE,DE_LU,actual_onshore_wind_generation,Wind Onshore,2026-08-25T03:38:09Z
2026-08-25T03:35:04Z,2026-08-25T05:35:04+0200,16553320-5c3e-4a08-95db-080ced308e52,2026-08-19T21:15:00Z,2026-08-19T23:15:00+0200,9117.36618,MW,DE,DE_LU,actual_onshore_wind_generation,Wind Onshore,2026-08-25T03:38:09Z
2026-08-25T03:35:04Z,2026-08-25T05:35:04+0200,16553320-5c3e-4a08-95db-080ced308e52,2026-08-19T21:30:00Z,2026-08-19T23:30:00+0200,9134.00107,MW,DE,DE_LU,actual_onshore_wind_generation,Wind Onshore,2026-08-25T03:38:09Z
2026-08-25T03:35:04Z,2026-08-25T05:35:04+0200,16553320-5c3e-4a08-95db-080ced308e52,2026-08-19T21:45:00Z,2026-08-19T23:45:00+0200,9168.10307,MW,DE,DE_LU,actual_onshore_wind_generation,Wind Onshore,2026-08-25T03:38:09Z
2026-08-25T03:35:04Z,2026-08-25T05:35:04+0200,16553320-5c3e-4a08-95db-080ced308e52,2026-08-19T22:00:00Z,2026-08-20T00:00:00+0200,9115.44795,MW,DE,DE_LU,actual_onshore_wind_generation,Wind Onshore,2026-08-25T03:38:09Z
2026-08-25T03:35:04Z,2026-08-25T05:35:04+0200,16553320-5c3e-4a08-95db-080ced308e52,2026-08-19T22:15:00Z,2026-08-20T00:15:00+0200,9106.52409,MW,DE,DE_LU,actual_onshore_wind_generation,Wind Onshore,2026-08-25T03:38:09Z
2026-08-25T03:35:04Z,2026-08-25T05:35:04+0200,16553320-5c3e-4a08-95db-080ced308e52,2026-08-19T22:30:00Z,2026-08-20T00:30:00+0200,8493.08686,MW,DE,DE_LU,actual_onshore_wind_generation,Wind Onshore,2026-08-25T03:38:09Z
2026-08-25T03:35:04Z,2026-08-25T05:35:04+0200,16553320-5c3e-4a08-95db-080ced308e52,2026-08-19T22:45:00Z,2026-08-20T00:45:00+0200,7992.01071,MW,DE,DE_LU,actual_onshore_wind_generation,Wind Onshore,2026-08-25T03:38:09Z
2026-08-25T03:35:04Z,2026-08-25T05:35:04+0200,16553320-5c3e-4a08-95db-080ced308e52,2026-08-19T23:00:00Z,2026-08-20T01:00:00+0200,7534.2369,MW,DE,DE_LU,actual_onshore_wind_generation,Wind Onshore,2026-08-25T03:38:09Z
2026-08-25T03:35:04Z,2026-08-25T05:35:04+0200,16553320-5c3e-4a08-95db-080ced308e52,2026-08-19T23:15:00Z,2026-08-20T01:15:00+0200,7169.97905,MW,DE,DE_LU,actual_onshore_wind_generation,Wind Onshore,2026-08-25T03:38:09Z
2026-08-25T03:35:04Z,2026-08-25T05:35:04+0200,16553320-5c3e-4a08-95db-080ced308e52,2026-08-19T23:30:00Z,2026-08-20T01:30:00+0200,6652.63216,MW,DE,DE_LU,actual_onshore_wind_generation,Wind Onshore,2026-08-25T03:38:09Z
2026-08-25T03:35:04Z,2026-08-25T05:35:04+0200,16553320-5c3e-4a08-95db-080ced308e52,2026-08-19T23:45:00Z,2026-08-20T01:45:00+0200,6342.15374,MW,DE,DE_LU,actual_onshore_wind_generation,Wind Onshore,2026-08-25T03:38:09Z
2026-08-25T03:35:04Z,2026-08-25T05:35:04+0200,16553320-5c3e-4a08-95db-080ced308e52,2026-08-20T00:00:00Z,2026-08-20T02:00:00+0200,6288.95169,MW,DE,DE_LU,actual_onshore_wind_generation,Wind Onshore,2026-08-25T03:38:09Z
2026-08-25T03:35:04Z,2026-08-25T05:35:04+0200,16553320-5c3e-4a08-95db-080ced308e52,2026-08-20T00:15:00Z,2026-08-20T02:15:00+0200,6210.61259,MW,DE,DE_LU,actual_onshore_wind_generation,Wind Onshore,2026-08-25T03:38:09Z
2026-08-25T03:35:04Z,2026-08-25T05:35:04+0200,16553320-5c3e-4a08-95db-080ced308e52,2026-08-20T00:30:00Z,2026-08-20T02:30:00+0200,5958.83704,MW,DE,DE_LU,actual_onshore_wind_generation,Wind Onshore,2026-08-25T03:38:09Z
2026-08-25T03:35:04Z,2026-08-25T05:35:04+0200,16553320-5c3e-4a08-95db-080ced308e52,2026-08-20T00:45:00Z,2026-08-20T02:45:00+0200,5896.36869,MW,DE,DE_LU,actual_onshore_wind_generation,Wind Onshore,2026-08-25T03:38:09Z
2026-08-25T03:35:04Z,2026-08-25T05:35:04+0200,16553320-5c3e-4a08-95db-080ced308e52,2026-08-20T01:00:00Z,2026-08-20T03:00:00+0200,5758.60944,MW,DE,DE_LU,actual_onshore_wind_generation,Wind Onshore,2026-08-25T03:38:09Z
2026-08-25T03:35:04Z,2026-08-25T05:35:04+0200,16553320-5c3e-4a08-95db-080ced308e52,2026-08-20T01:15:00Z,2026-08-20T03:15:00+0200,5786.70866,MW,DE,DE_LU,actual_onshore_wind_generation,Wind Onshore,2026-08-25T03:38:09Z
2026-08-25T03:35:04Z,2026-08-25T05:35:04+0200,16553320-5c3e-4a08-95db-080ced308e52,2026-08-20T01:30:00Z,2026-08-20T03:30:00+0200,5875.27783,MW,DE,DE_LU,actual_onshore_wind_generation,Wind Onshore,2026-08-25T03:38:09Z
2026-08-25T03:35:04Z,2026-08-25T05:35:04+0200,16553320-5c3e-4a08-95db-080ced308e52,2026-08-20T01:45:00Z,2026-08-20T03:45:00+0200,6004.56264,MW,DE,DE_LU,actual_onshore_wind_generation,Wind Onshore,2026-08-25T03:38:09Z
2026-08-25T03:35:04Z,2026-08-25T05:35:04+0200,16553320-5c3e-4a08-95db-080ced308e52,2026-08-20T02:00:00Z,2026-08-20T04:00:00+0200,6220.4575,MW,DE,DE_LU,actual_onshore_wind_generation,Wind Onshore,2026-08-25T03:38:09Z
2026-08-25T03:35:04Z,2026-08-25T05:35:04+0200,16553320-5c3e-4a08-95db-080ced308e52,2026-08-20T02:15:00Z,2026-08-20T04:15:00+0200,6445.30568,MW,DE,DE_LU,actual_onshore_wind_generation,Wind Onshore,2026-08-25T03:38:09Z
2026-08-25T03:35:04Z,2026-08-25T05:35:04+0200,16553320-5c3e-4a08-95db-080ced308e52,2026-08-20T02:30:00Z,2026-08-20T04:30:00+0200,6858.88143,MW,DE,DE_LU,actual_onshore_wind_generation,Wind Onshore,2026-08-25T03:38:09Z
2026-08-25T03:35:04Z,2026-08-25T05:35:04+0200,16553320-5c3e-4a08-95db-080ced308e52,2026-08-20T02:45:00Z,2026-08-20T04:45:00+0200,7166.58156,MW,DE,DE_LU,actual_onshore_wind_generation,Wind Onshore,2026-08-25T03:38:09Z
2026-08-25T03:35:04Z,2026-08-25T05:35:04+0200,16553320-5c3e-4a08-95db-080ced308e52,2026-08-20T03:00:00Z,2026-08-20T05:00:00+0200,7499.31589,MW,DE,DE_LU,actual_onshore_wind_generation,Wind Onshore,2026-08-25T03:38:09Z
2026-08-25T03:35:04Z,2026-08-25T05:35:04+0200,16553320-5c3e-4a08-95db-080ced308e52,2026-08-20T03:15:00Z,2026-08-20T05:15:00+0200,7731.01929,MW,DE,DE_LU,actual_onshore_wind_generation,Wind Onshore,2026-08-25T03:38:09Z
2026-08-25T03:35:04Z,2026-08-25T05:35:04+0200,16553320-5c3e-4a08-95db-080ced308e52,2026-08-20T03:30:00Z,2026-08-20T05:30:00+0200,7992.19041,MW,DE,DE_LU,actual_onshore_wind_generation,Wind Onshore,2026-08-25T03:38:09Z
2026-08-25T03:35:04Z,2026-08-25T05:35:04+0200,16553320-5c3e-4a08-95db-080ced308e52,2026-08-20T03:45:00Z,2026-08-20T05:45:00+0200,8152.43879,MW,DE,DE_LU,actual_onshore_wind_generation,Wind Onshore,2026-08-25T03:38:09Z
2026-08-25T03:35:04Z,2026-08-25T05:35:04+0200,16553320-5c3e-4a08-95db-080ced308e52,2026-08-20T04:00:00Z,2026-08-20T06:00:00+0200,8446.93471,MW,DE,DE_LU,actual_onshore_wind_generation,Wind Onshore,2026-08-25T03:38:09Z
2026-08-25T03:35:04Z,2026-08-25T05:35:04+0200,16553320-5c3e-4a08-95db-080ced308e52,2026-08-20T04:15:00Z,2026-08-20T06:15:00+0200,8754.22868,MW,DE,DE_LU,actual_onshore_wind_generation,Wind Onshore,2026-08-25T03:38:09Z
2026-08-25T03:35:04Z,2026-08-25T05:35:04+0200,16553320-5c3e-4a08-95db-080ced308e52,2026-08-20T04:30:00Z,2026-08-20T06:30:00+0200,8818.06028,MW,DE,DE_LU,actual_onshore_wind_generation,Wind Onshore,2026-08-25T03:38:09Z
2026-08-25T03:35:04Z,2026-08-25T05:35:04+0200,16553320-5c3e-4a08-95db-080ced308e52,2026-08-20T04:45:00Z,2026-08-20T06:45:00+0200,8543.45793,MW,DE,DE_LU,actual_onshore_wind_generation,Wind Onshore,2026-08-25T03:38:09Z
2026-08-25T03:35:04Z,2026-08-25T05:35:04+0200,16553320-5c3e-4a08-95db-080ced308e52,2026-08-20T05:00:00Z,2026-08-20T07:00:00+0200,8168.3794,MW,DE,DE_LU,actual_onshore_wind_generation,Wind Onshore,2026-08-25T03:38:09Z
2026-08-25T03:35:04Z,2026-08-25T05:35:04+0200,16553320-5c3e-4a08-95db-080ced308e52,2026-08-20T05:15:00Z,2026-08-20T07:15:00+0200,7954.58633,MW,DE,DE_LU,actual_onshore_wind_generation,Wind Onshore,2026-08-25T03:38:09Z
2026-08-25T03:35:04Z,2026-08-25T05:35:04+0200,16553320-5c3e-4a08-95db-080ced308e52,2026-08-20T05:30:00Z,2026-08-20T07:30:00+0200,7584.06949,MW,DE,DE_LU,actual_onshore_wind_generation,Wind Onshore,2026-08-25T03:38:09Z
2026-08-25T03:35:04Z,2026-08-25T05:35:04+0200,16553320-5c3e-4a08-95db-080ced308e52,2026-08-20T05:45:00Z,2026-08-20T07:45:00+0200,7399.54068,MW,DE,DE_LU,actual_onshore_wind_generation,Wind Onshore,2026-08-25T03:38:09Z
2026-08-25T03:35:04Z,2026-08-25T05:35:04+0200,16553320-5c3e-4a08-95db-080ced308e52,2026-08-20T06:00:00Z,2026-08-20T08:00:00+0200,7261.22476,MW,DE,DE_LU,actual_onshore_wind_generation,Wind Onshore,2026-08-25T03:38:09Z
2026-08-25T03:35:04Z,2026-08-25T05:35:04+0200,16553320-5c3e-4a08-95db-080ced308e52,2026-08-20T06:15:00Z,2026-08-20T08:15:00+0200,6977.09998,MW,DE,DE_LU,actual_onshore_wind_generation,Wind Onshore,2026-08-25T03:38:09Z
2026-08-25T03:35:04Z,2026-08-25T05:35:04+0200,16553320-5c3e-4a08-95db-080ced308e52,2026-08-20T06:30:00Z,2026-08-20T08:30:00+0200,6854.20441,MW,DE,DE_LU,actual_onshore_wind_generation,Wind Onshore,2026-08-25T03:38:09Z
2026-08-25T03:35:04Z,2026-08-25T05:35:04+0200,16553320-5c3e-4a08-95db-080ced308e52,2026-08-20T06:45:00Z,2026-08-20T08:45:00+0200,6952.04865,MW,DE,DE_LU,actual_onshore_wind_generation,Wind Onshore,2026-08-25T03:38:09Z
2026-08-25T03:35:04Z,2026-08-25T05:35:04+0200,16553320-5c3e-4a08-95db-080ced308e52,2026-08-20T07:00:00Z,2026-08-20T09:00:00+0200,7071.55647,MW,DE,DE_LU,actual_onshore_wind_generation,Wind Onshore,2026-08-25T03:38:09Z
2026-08-25T03:35:04Z,2026-08-25T05:35:04+0200,16553320-5c3e-4a08-95db-080ced308e52,2026-08-20T07:15:00Z,2026-08-20T09:15:00+0200,7319.04078,MW,DE,DE_LU,actual_onshore_wind_generation,Wind Onshore,2026-08-25T03:38:09Z
2026-08-25T03:35:04Z,2026-08-25T05:35:04+0200,16553320-5c3e-4a08-95db-080ced308e52,2026-08-20T07:30:00Z,2026-08-20T09:30:00+0200,7573.34774,MW,DE,DE_LU,actual_onshore_wind_generation,Wind Onshore,2026-08-25T03:38:09Z
2026-08-25T03:35:04Z,2026-08-25T05:35:04+0200,16553320-5c3e-4a08-95db-080ced308e52,2026-08-20T07:45:00Z,2026-08-20T09:45:00+0200,7899.65514,MW,DE,DE_LU,actual_onshore_wind_generation,Wind Onshore,2026-08-25T03:38:09Z
2026-08-25T03:35:04Z,2026-08-25T05:35:04+0200,16553320-5c3e-4a08-95db-080ced308e52,2026-08-20T08:00:00Z,2026-08-20T10:00:00+0200,8154.16991,MW,DE,DE_LU,actual_onshore_wind_generation,Wind Onshore,2026-08-25T03:38:09Z
2026-08-25T03:35:04Z,2026-08-25T05:35:04+0200,16553320-5c3e-4a08-95db-080ced308e52,2026-08-20T08:15:00Z,2026-08-20T10:15:00+0200,8767.09537,MW,DE,DE_LU,actual_onshore_wind_generation,Wind Onshore,2026-08-25T03:38:09Z
2026-08-25T03:35:04Z,2026-08-25T05:35:04+0200,16553320-5c3e-4a08-95db-080ced308e52,2026-08-20T08:30:00Z,2026-08-20T10:30:00+0200,9405.83983,MW,DE,DE_LU,actual_onshore_wind_generation,Wind Onshore,2026-08-25T03:38:09Z
2026-08-25T03:35:04Z,2026-08-25T05:35:04+0200,16553320-5c3e-4a08-95db-080ced308e52,2026-08-20T08:45:00Z,2026-08-20T10:45:00+0200,9635.66792,MW,DE,DE_LU,actual_onshore_wind_generation,Wind Onshore,2026-08-25T03:38:09Z
2026-08-25T03:35:04Z,2026-08-25T05:35:04+0200,16553320-5c3e-4a08-95db-080ced308e52,2026-08-20T09:00:00Z,2026-08-20T11:00:00+0200,10104.53214,MW,DE,DE_LU,actual_onshore_wind_generation,Wind Onshore,2026-08-25T03:38:09Z
2026-08-25T03:35:04Z,2026-08-25T05:35:04+0200,16553320-5c3e-4a08-95db-080ced308e52,2026-08-20T09:15:00Z,2026-08-20T11:15:00+0200,10774.49569,MW,DE,DE_LU,actual_onshore_wind_generation,Wind Onshore,2026-08-25T03:38:09Z
2026-08-25T03:35:04Z,2026-08-25T05:35:04+0200,16553320-5c3e-4a08-95db-080ced308e52,2026-08-20T09:30:00Z,2026-08-20T11:30:00+0200,11276.8842,MW,DE,DE_LU,actual_onshore_wind_generation,Wind Onshore,2026-08-25T03:38:09Z
2026-08-25T03:35:04Z,2026-08-25T05:35:04+0200,16553320-5c3e-4a08-95db-080ced308e52,2026-08-20T09:45:00Z,2026-08-20T11:45:00+0200,11667.31006,MW,DE,DE_LU,actual_onshore_wind_generation,Wind Onshore,2026-08-25T03:38:09Z
2026-08-25T03:35:04Z,2026-08-25T05:35:04+0200,16553320-5c3e-4a08-95db-080ced308e52,2026-08-20T10:00:00Z,2026-08-20T12:00:00+0200,11921.79364,MW,DE,DE_LU,actual_onshore_wind_generation,Wind Onshore,2026-08-25T03:38:09Z
2026-08-25T03:35:04Z,2026-08-25T05:35:04+0200,16553320-5c3e-4a08-95db-080ced308e52,2026-08-20T10:15:00Z,2026-08-20T12:15:00+0200,12340.56931,MW,DE,DE_LU,actual_onshore_wind_generation,Wind Onshore,2026-08-25T03:38:09Z
2026-08-25T03:35:04Z,2026-08-25T05:35:04+0200,16553320-5c3e-4a08-95db-080ced308e52,2026-08-20T10:30:00Z,2026-08-20T12:30:00+0200,12716.04245,MW,DE,DE_LU,actual_onshore_wind_generation,Wind Onshore,2026-08-25T03:38:09Z
2026-08-25T03:35:04Z,2026-08-25T05:35:04+0200,16553320-5c3e-4a08-95db-080ced308e52,2026-08-20T10:45:00Z,2026-08-20T12:45:00+0200,12980.21177,MW,DE,DE_LU,actual_onshore_wind_generation,Wind Onshore,2026-08-25T03:38:09Z
2026-08-25T03:35:04Z,2026-08-25T05:35:04+0200,16553320-5c3e-4a08-95db-080ced308e52,2026-08-20T11:00:00Z,2026-08-20T13:00:00+0200,13206.9499,MW,DE,DE_LU,actual_onshore_wind_generation,Wind Onshore,2026-08-25T03:38:09Z
2026-08-25T03:35:04Z,2026-08-25T05:35:04+0200,16553320-5c3e-4a08-95db-080ced308e52,2026-08-20T11:15:00Z,2026-08-20T13:15:00+0200,13488.84634,MW,DE,DE_LU,actual_onshore_wind_generation,Wind Onshore,2026-08-25T03:38:09Z
2026-08-25T03:35:04Z,2026-08-25T05:35:04+0200,16553320-5c3e-4a08-95db-080ced308e52,2026-08-20T11:30:00Z,2026-08-20T13:30:00+0200,13577.53667,MW,DE,DE_LU,actual_onshore_wind_generation,Wind Onshore,2026-08-25T03:38:09Z
2026-08-25T03:35:04Z,2026-08-25T05:35:04+0200,16553320-5c3e-4a08-95db-080ced308e52,2026-08-20T11:45:00Z,2026-08-20T13:45:00+0200,13570.71886,MW,DE,DE_LU,actual_onshore_wind_generation,Wind Onshore,2026-08-25T03:38:09Z
2026-08-25T03:35:04Z,2026-08-25T05:35:04+0200,16553320-5c3e-4a08-95db-080ced308e52,2026-08-20T12:00:00Z,2026-08-20T14:00:00+0200,13890.41654,MW,DE,DE_LU,actual_onshore_wind_generation,Wind Onshore,2026-08-25T03:38:09Z
2026-08-25T03:35:04Z,2026-08-25T05:35:04+0200,16553320-5c3e-4a08-95db-080ced308e52,2026-08-20T12:15:00Z,2026-08-20T14:15:00+0200,14209.51021,MW,DE,DE_LU,actual_onshore_wind_generation,Wind Onshore,2026-08-25T03:38:09Z
2026-08-25T03:35:04Z,2026-08-25T05:35:04+0200,16553320-5c3e-4a08-95db-080ced308e52,2026-08-20T12:30:00Z,2026-08-20T14:30:00+0200,14635.73947,MW,DE,DE_LU,actual_onshore_wind_generation,Wind Onshore,2026-08-25T03:38:09Z
2026-08-25T03:35:04Z,2026-08-25T05:35:04+0200,16553320-5c3e-4a08-95db-080ced308e52,2026-08-20T12:45:00Z,2026-08-20T14:45:00+0200,14926.84868,MW,DE,DE_LU,actual_onshore_wind_generation,Wind Onshore,2026-08-25T03:38:09Z
2026-08-25T03:35:04Z,2026-08-25T05:35:04+0200,16553320-5c3e-4a08-95db-080ced308e52,2026-08-20T13:00:00Z,2026-08-20T15:00:00+0200,15395.13836,MW,DE,DE_LU,actual_onshore_wind_generation,Wind Onshore,2026-08-25T03:38:09Z
2026-08-25T03:35:04Z,2026-08-25T05:35:04+0200,16553320-5c3e-4a08-95db-080ced308e52,2026-08-20T13:15:00Z,2026-08-20T15:15:00+0200,15397.73874,MW,DE,DE_LU,actual_onshore_wind_generation,Wind Onshore,2026-08-25T03:38:09Z
2026-08-25T03:35:04Z,2026-08-25T05:35:04+0200,16553320-5c3e-4a08-95db-080ced308e52,2026-08-20T13:30:00Z,2026-08-20T15:30:00+0200,15855.05324,MW,DE,DE_LU,actual_onshore_wind_generation,Wind Onshore,2026-08-25T03:38:09Z
2026-08-25T03:35:04Z,2026-08-25T05:35:04+0200,16553320-5c3e-4a08-95db-080ced308e52,2026-08-20T13:45:00Z,2026-08-20T15:45:00+0200,16392.96284,MW,DE,DE_LU,actual_onshore_wind_generation,Wind Onshore,2026-08-25T03:38:09Z
2026-08-25T03:35:04Z,2026-08-25T05:35:04+0200,16553320-5c3e-4a08-95db-080ced308e52,2026-08-20T14:00:00Z,2026-08-20T16:00:00+0200,16582.86844,MW,DE,DE_LU,actual_onshore_wind_generation,Wind Onshore,2026-08-25T03:38:09Z
2026-08-25T03:35:04Z,2026-08-25T05:35:04+0200,16553320-5c3e-4a08-95db-080ced308e52,2026-08-20T14:15:00Z,2026-08-20T16:15:00+0200,16673.27992,MW,DE,DE_LU,actual_onshore_wind_generation,Wind Onshore,2026-08-25T03:38:09Z
2026-08-25T03:35:04Z,2026-08-25T05:35:04+0200,16553320-5c3e-4a08-95db-080ced308e52,2026-08-20T14:30:00Z,2026-08-20T16:30:00+0200,16641.00732,MW,DE,DE_LU,actual_onshore_wind_generation,Wind Onshore,2026-08-25T03:38:09Z
2026-08-25T03:35:04Z,2026-08-25T05:35:04+0200,16553320-5c3e-4a08-95db-080ced308e52,2026-08-20T14:45:00Z,2026-08-20T16:45:00+0200,16450.57546,MW,DE,DE_LU,actual_onshore_wind_generation,Wind Onshore,2026-08-25T03:38:09Z
2026-08-25T03:35:04Z,2026-08-25T05:35:04+0200,16553320-5c3e-4a08-95db-080ced308e52,2026-08-20T15:00:00Z,2026-08-20T17:00:00+0200,16121.24562,MW,DE,DE_LU,actual_onshore_wind_generation,Wind Onshore,2026-08-25T03:38:09Z
2026-08-25T03:35:04Z,2026-08-25T05:35:04+0200,16553320-5c3e-4a08-95db-080ced308e52,2026-08-20T15:15:00Z,2026-08-20T17:15:00+0200,15696.04431,MW,DE,DE_LU,actual_onshore_wind_generation,Wind Onshore,2026-08-25T03:38:09Z
2026-08-25T03:35:04Z,2026-08-25T05:35:04+0200,16553320-5c3e-4a08-95db-080ced308e52,2026-08-20T15:30:00Z,2026-08-20T17:30:00+0200,15110.47781,MW,DE,DE_LU,actual_onshore_wind_generation,Wind Onshore,2026-08-25T03:38:09Z
2026-08-25T03:35:04Z,2026-08-25T05:35:04+0200,16553320-5c3e-4a08-95db-080ced308e52,2026-08-20T15:45:00Z,2026-08-20T17:45:00+0200,14671.77273,MW,DE,DE_LU,actual_onshore_wind_generation,Wind Onshore,2026-08-25T03:38:09Z
2026-08-25T03:35:04Z,2026-08-25T05:35:04+0200,16553320-5c3e-4a08-95db-080ced308e52,2026-08-20T16:00:00Z,2026-08-20T18:00:00+0200,13851.74419,MW,DE,DE_LU,actual_onshore_wind_generation,Wind Onshore,2026-08-25T03:38:09Z
2026-08-25T03:35:04Z,2026-08-25T05:35:04+0200,16553320-5c3e-4a08-95db-080ced308e52,2026-08-20T16:15:00Z,2026-08-20T18:15:00+0200,13060.14501,MW,DE,DE_LU,actual_onshore_wind_generation,Wind Onshore,2026-08-25T03:38:09Z
2026-08-25T03:35:04Z,2026-08-25T05:35:04+0200,16553320-5c3e-4a08-95db-080ced308e52,2026-08-20T16:30:00Z,2026-08-20T18:30:00+0200,12077.3971,MW,DE,DE_LU,actual_onshore_wind_generation,Wind Onshore,2026-08-25T03:38:09Z
2026-08-25T03:35:04Z,2026-08-25T05:35:04+0200,16553320-5c3e-4a08-95db-080ced308e52,2026-08-20T16:45:00Z,2026-08-20T18:45:00+0200,10989.38612,MW,DE,DE_LU,actual_onshore_wind_generation,Wind Onshore,2026-08-25T03:38:09Z
2026-08-25T03:35:04Z,2026-08-25T05:35:04+0200,16553320-5c3e-4a08-95db-080ced308e52,2026-08-20T17:00:00Z,2026-08-20T19:00:00+0200,10171.57957,MW,DE,DE_LU,actual_onshore_wind_generation,Wind Onshore,2026-08-25T03:38:09Z
2026-08-25T03:35:04Z,2026-08-25T05:35:04+0200,16553320-5c3e-4a08-95db-080ced308e52,2026-08-20T17:15:00Z,2026-08-20T19:15:00+0200,9277.43455,MW,DE,DE_LU,actual_onshore_wind_generation,Wind Onshore,2026-08-25T03:38:09Z
2026-08-25T03:35:04Z,2026-08-25T05:35:04+0200,16553320-5c3e-4a08-95db-080ced308e52,2026-08-20T17:30:00Z,2026-08-20T19:30:00+0200,8505.78426,MW,DE,DE_LU,actual_onshore_wind_generation,Wind Onshore,2026-08-25T03:38:09Z
2026-08-25T03:35:04Z,2026-08-25T05:35:04+0200,16553320-5c3e-4a08-95db-080ced308e52,2026-08-20T17:45:00Z,2026-08-20T19:45:00+0200,7807.63141,MW,DE,DE_LU,actual_onshore_wind_generation,Wind Onshore,2026-08-25T03:38:09Z
2026-08-25T03:35:04Z,2026-08-25T05:35:04+0200,16553320-5c3e-4a08-95db-080ced308e52,2026-08-20T18:00:00Z,2026-08-20T20:00:00+0200,7650.58339,MW,DE,DE_LU,actual_onshore_wind_generation,Wind Onshore,2026-08-25T03:38:09Z
2026-08-25T03:35:04Z,2026-08-25T05:35:04+0200,16553320-5c3e-4a08-95db-080ced308e52,2026-08-20T18:15:00Z,2026-08-20T20:15:00+0200,7852.04607,MW,DE,DE_LU,actual_onshore_wind_generation,Wind Onshore,2026-08-25T03:38:09Z
2026-08-25T03:35:04Z,2026-08-25T05:35:04+0200,16553320-5c3e-4a08-95db-080ced308e52,2026-08-20T18:30:00Z,2026-08-20T20:30:00+0200,7684.55129,MW,DE,DE_LU,actual_onshore_wind_generation,Wind Onshore,2026-08-25T03:38:09Z
2026-08-25T03:35:04Z,2026-08-25T05:35:04+0200,16553320-5c3e-4a08-95db-080ced308e52,2026-08-20T18:45:00Z,2026-08-20T20:45:00+0200,7349.81339,MW,DE,DE_LU,actual_onshore_wind_generation,Wind Onshore,2026-08-25T03:38:09Z
2026-08-25T03:35:04Z,2026-08-25T05:35:04+0200,16553320-5c3e-4a08-95db-080ced308e52,2026-08-20T19:00:00Z,2026-08-20T21:00:00+0200,7746.68118,MW,DE,DE_LU,actual_onshore_wind_generation,Wind Onshore,2026-08-25T03:38:09Z
2026-08-25T03:35:04Z,2026-08-25T05:35:04+0200,16553320-5c3e-4a08-95db-080ced308e52,2026-08-20T19:15:00Z,2026-08-20T21:15:00+0200,8178.50545,MW,DE,DE_LU,actual_onshore_wind_generation,Wind Onshore,2026-08-25T03:38:09Z
2026-08-25T03:35:04Z,2026-08-25T05:35:04+0200,16553320-5c3e-4a08-95db-080ced308e52,2026-08-20T19:30:00Z,2026-08-20T21:30:00+0200,8331.62244,MW,DE,DE_LU,actual_onshore_wind_generation,Wind Onshore,2026-08-25T03:38:09Z
2026-08-25T03:35:04Z,2026-08-25T05:35:04+0200,16553320-5c3e-4a08-95db-080ced308e52,2026-08-20T19:45:00Z,2026-08-20T21:45:00+0200,8628.84625,MW,DE,DE_LU,actual_onshore_wind_generation,Wind Onshore,2026-08-25T03:38:09Z
2026-08-25T03:35:04Z,2026-08-25T05:35:04+0200,16553320-5c3e-4a08-95db-080ced308e52,2026-08-20T20:00:00Z,2026-08-20T22:00:00+0200,8908.04233,MW,DE,DE_LU,actual_onshore_wind_generation,Wind Onshore,2026-08-25T03:38:09Z
2026-08-25T03:35:04Z,2026-08-25T05:35:04+0200,16553320-5c3e-4a08-95db-080ced308e52,2026-08-20T20:15:00Z,2026-08-20T22:15:00+0200,9406.0253,MW,DE,DE_LU,actual_onshore_wind_generation,Wind Onshore,2026-08-25T03:38:09Z
2026-08-25T03:35:04Z,2026-08-25T05:35:04+0200,16553320-5c3e-4a08-95db-080ced308e52,2026-08-20T20:30:00Z,2026-08-20T22:30:00+0200,9787.85969,MW,DE,DE_LU,actual_onshore_wind_generation,Wind Onshore,2026-08-25T03:38:09Z
2026-08-25T03:35:04Z,2026-08-25T05:35:04+0200,16553320-5c3e-4a08-95db-080ced308e52,2026-08-20T20:45:00Z,2026-08-20T22:45:00+0200,10551.30124,MW,DE,DE_LU,actual_onshore_wind_generation,Wind Onshore,2026-08-25T03:38:09Z
2026-08-25T03:35:04Z,2026-08-25T05:35:04+0200,16553320-5c3e-4a08-95db-080ced308e52,2026-08-20T21:00:00Z,2026-08-20T23:00:00+0200,10981.82131,MW,DE,DE_LU,actual_onshore_wind_generation,Wind Onshore,2026-08-25T03:38:09Z
2026-08-25T03:35:04Z,2026-08-25T05:35:04+0200,16553320-5c3e-4a08-95db-080ced308e52,2026-08-20T21:15:00Z,2026-08-20T23:15:00+0200,10989.07702,MW,DE,DE_LU,actual_onshore_wind_generation,Wind Onshore,2026-08-25T03:38:09Z
2026-08-25T03:35:04Z,2026-08-25T05:35:04+0200,16553320-5c3e-4a08-95db-080ced308e52,2026-08-20T21:30:00Z,2026-08-20T23:30:00+0200,11213.61179,MW,DE,DE_LU,actual_onshore_wind_generation,Wind Onshore,2026-08-25T03:38:09Z
2026-08-25T03:35:04Z,2026-08-25T05:35:04+0200,16553320-5c3e-4a08-95db-080ced308e52,2026-08-20T21:45:00Z,2026-08-20T23:45:00+0200,11153.40915,MW,DE,DE_LU,actual_onshore_wind_generation,Wind Onshore,2026-08-25T03:38:09Z
2026-08-25T03:35:04Z,2026-08-25T05:35:04+0200,16553320-5c3e-4a08-95db-080ced308e52,2026-08-20T22:00:00Z,2026-08-21T00:00:00+0200,11007.96103,MW,DE,DE_LU,actual_onshore_wind_generation,Wind Onshore,2026-08-25T03:38:09Z
2026-08-25T03:35:04Z,2026-08-25T05:35:04+0200,16553320-5c3e-4a08-95db-080ced308e52,2026-08-20T22:15:00Z,2026-08-21T00:15:00+0200,11007.74115,MW,DE,DE_LU,actual_onshore_wind_generation,Wind Onshore,2026-08-25T03:38:09Z
2026-08-25T03:35:04Z,2026-08-25T05:35:04+0200,16553320-5c3e-4a08-95db-080ced308e52,2026-08-20T22:30:00Z,2026-08-21T00:30:00+0200,11053.5503,MW,DE,DE_LU,actual_onshore_wind_generation,Wind Onshore,2026-08-25T03:38:09Z
2026-08-25T03:35:04Z,2026-08-25T05:35:04+0200,16553320-5c3e-4a08-95db-080ced308e52,2026-08-20T22:45:00Z,2026-08-21T00:45:00+0200,10953.24291,MW,DE,DE_LU,actual_onshore_wind_generation,Wind Onshore,2026-08-25T03:38:09Z
2026-08-25T03:35:04Z,2026-08-25T05:35:04+0200,16553320-5c3e-4a08-95db-080ced308e52,2026-08-20T23:00:00Z,2026-08-21T01:00:00+0200,10723.63072,MW,DE,DE_LU,actual_onshore_wind_generation,Wind Onshore,2026-08-25T03:38:09Z
2026-08-25T03:35:04Z,2026-08-25T05:35:04+0200,16553320-5c3e-4a08-95db-080ced308e52,2026-08-20T23:15:00Z,2026-08-21T01:15:00+0200,10446.0948,MW,DE,DE_LU,actual_onshore_wind_generation,Wind Onshore,2026-08-25T03:38:09Z
2026-08-25T03:35:04Z,2026-08-25T05:35:04+0200,16553320-5c3e-4a08-95db-080ced308e52,2026-08-20T23:30:00Z,2026-08-21T01:30:00+0200,10409.47953,MW,DE,DE_LU,actual_onshore_wind_generation,Wind Onshore,2026-08-25T03:38:09Z
2026-08-25T03:35:04Z,2026-08-25T05:35:04+0200,16553320-5c3e-4a08-95db-080ced308e52,2026-08-20T23:45:00Z,2026-08-21T01:45:00+0200,10576.61966,MW,DE,DE_LU,actual_onshore_wind_generation,Wind Onshore,2026-08-25T03:38:09Z
2026-08-25T03:35:04Z,2026-08-25T05:35:04+0200,16553320-5c3e-4a08-95db-080ced308e52,2026-08-21T00:00:00Z,2026-08-21T02:00:00+0200,10468.32606,MW,DE,DE_LU,actual_onshore_wind_generation,Wind Onshore,2026-08-25T03:38:09Z
2026-08-25T03:35:04Z,2026-08-25T05:35:04+0200,16553320-5c3e-4a08-95db-080ced308e52,2026-08-21T00:15:00Z,2026-08-21T02:15:00+0200,10407.25331,MW,DE,DE_LU,actual_onshore_wind_generation,Wind Onshore,2026-08-25T03:38:09Z
2026-08-25T03:35:04Z,2026-08-25T05:35:04+0200,16553320-5c3e-4a08-95db-080ced308e52,2026-08-21T00:30:00Z,2026-08-21T02:30:00+0200,10430.02538,MW,DE,DE_LU,actual_onshore_wind_generation,Wind Onshore,2026-08-25T03:38:09Z
2026-08-25T03:35:04Z,2026-08-25T05:35:04+0200,16553320-5c3e-4a08-95db-080ced308e52,2026-08-21T00:45:00Z,2026-08-21T02:45:00+0200,10509.39756,MW,DE,DE_LU,actual_onshore_wind_generation,Wind Onshore,2026-08-25T03:38:09Z
2026-08-25T03:35:04Z,2026-08-25T05:35:04+0200,16553320-5c3e-4a08-95db-080ced308e52,2026-08-21T01:00:00Z,2026-08-21T03:00:00+0200,10389.03323,MW,DE,DE_LU,actual_onshore_wind_generation,Wind Onshore,2026-08-25T03:38:09Z
2026-08-25T03:35:04Z,2026-08-25T05:35:04+0200,16553320-5c3e-4a08-95db-080ced308e52,2026-08-21T01:15:00Z,2026-08-21T03:15:00+0200,10228.93785,MW,DE,DE_LU,actual_onshore_wind_generation,Wind Onshore,2026-08-25T03:38:09Z
2026-08-25T03:35:04Z,2026-08-25T05:35:04+0200,16553320-5c3e-4a08-95db-080ced308e52,2026-08-21T01:30:00Z,2026-08-21T03:30:00+0200,10229.49192,MW,DE,DE_LU,actual_onshore_wind_generation,Wind Onshore,2026-08-25T03:38:09Z
2026-08-25T03:35:04Z,2026-08-25T05:35:04+0200,16553320-5c3e-4a08-95db-080ced308e52,2026-08-21T01:45:00Z,2026-08-21T03:45:00+0200,10026.85414,MW,DE,DE_LU,actual_onshore_wind_generation,Wind Onshore,2026-08-25T03:38:09Z
2026-08-25T03:35:04Z,2026-08-25T05:35:04+0200,16553320-5c3e-4a08-95db-080ced308e52,2026-08-21T02:00:00Z,2026-08-21T04:00:00+0200,9690.2661,MW,DE,DE_LU,actual_onshore_wind_generation,Wind Onshore,2026-08-25T03:38:09Z
2026-08-25T03:35:04Z,2026-08-25T05:35:04+0200,16553320-5c3e-4a08-95db-080ced308e52,2026-08-21T02:15:00Z,2026-08-21T04:15:00+0200,9402.29213,MW,DE,DE_LU,actual_onshore_wind_generation,Wind Onshore,2026-08-25T03:38:09Z
2026-08-25T03:35:04Z,2026-08-25T05:35:04+0200,16553320-5c3e-4a08-95db-080ced308e52,2026-08-21T02:30:00Z,2026-08-21T04:30:00+0200,9171.15631,MW,DE,DE_LU,actual_onshore_wind_generation,Wind Onshore,2026-08-25T03:38:09Z
2026-08-25T03:35:04Z,2026-08-25T05:35:04+0200,16553320-5c3e-4a08-95db-080ced308e52,2026-08-21T02:45:00Z,2026-08-21T04:45:00+0200,8888.98095,MW,DE,DE_LU,actual_onshore_wind_generation,Wind Onshore,2026-08-25T03:38:09Z
2026-08-25T03:35:04Z,2026-08-25T05:35:04+0200,16553320-5c3e-4a08-95db-080ced308e52,2026-08-21T03:00:00Z,2026-08-21T05:00:00+0200,8639.66908,MW,DE,DE_LU,actual_onshore_wind_generation,Wind Onshore,2026-08-25T03:38:09Z
2026-08-25T03:35:04Z,2026-08-25T05:35:04+0200,16553320-5c3e-4a08-95db-080ced308e52,2026-08-21T03:15:00Z,2026-08-21T05:15:00+0200,8538.07708,MW,DE,DE_LU,actual_onshore_wind_generation,Wind Onshore,2026-08-25T03:38:09Z
2026-08-25T03:35:04Z,2026-08-25T05:35:04+0200,16553320-5c3e-4a08-95db-080ced308e52,2026-08-21T03:30:00Z,2026-08-21T05:30:00+0200,8319.29175,MW,DE,DE_LU,actual_onshore_wind_generation,Wind Onshore,2026-08-25T03:38:09Z
2026-08-25T03:35:04Z,2026-08-25T05:35:04+0200,16553320-5c3e-4a08-95db-080ced308e52,2026-08-21T03:45:00Z,2026-08-21T05:45:00+0200,8077.75781,MW,DE,DE_LU,actual_onshore_wind_generation,Wind Onshore,2026-08-25T03:38:09Z
2026-08-25T03:35:04Z,2026-08-25T05:35:04+0200,16553320-5c3e-4a08-95db-080ced308e52,2026-08-21T04:00:00Z,2026-08-21T06:00:00+0200,7917.1427,MW,DE,DE_LU,actual_onshore_wind_generation,Wind Onshore,2026-08-25T03:38:09Z
2026-08-25T03:35:04Z,2026-08-25T05:35:04+0200,16553320-5c3e-4a08-95db-080ced308e52,2026-08-21T04:15:00Z,2026-08-21T06:15:00+0200,8012.10803,MW,DE,DE_LU,actual_onshore_wind_generation,Wind Onshore,2026-08-25T03:38:09Z
2026-08-25T03:35:04Z,2026-08-25T05:35:04+0200,16553320-5c3e-4a08-95db-080ced308e52,2026-08-21T04:30:00Z,2026-08-21T06:30:00+0200,7746.84819,MW,DE,DE_LU,actual_onshore_wind_generation,Wind Onshore,2026-08-25T03:38:09Z
2026-08-25T03:35:04Z,2026-08-25T05:35:04+0200,16553320-5c3e-4a08-95db-080ced308e52,2026-08-21T04:45:00Z,2026-08-21T06:45:00+0200,7084.67819,MW,DE,DE_LU,actual_onshore_wind_generation,Wind Onshore,2026-08-25T03:38:09Z
2026-08-25T03:35:04Z,2026-08-25T05:35:04+0200,16553320-5c3e-4a08-95db-080ced308e52,2026-08-21T05:00:00Z,2026-08-21T07:00:00+0200,6479.46568,MW,DE,DE_LU,actual_onshore_wind_generation,Wind Onshore,2026-08-25T03:38:09Z
2026-08-25T03:35:04Z,2026-08-25T05:35:04+0200,16553320-5c3e-4a08-95db-080ced308e52,2026-08-21T05:15:00Z,2026-08-21T07:15:00+0200,6239.18563,MW,DE,DE_LU,actual_onshore_wind_generation,Wind Onshore,2026-08-25T03:38:09Z
2026-08-25T03:35:04Z,2026-08-25T05:35:04+0200,16553320-5c3e-4a08-95db-080ced308e52,2026-08-21T05:30:00Z,2026-08-21T07:30:00+0200,5737.46666,MW,DE,DE_LU,actual_onshore_wind_generation,Wind Onshore,2026-08-25T03:38:09Z
2026-08-25T03:35:04Z,2026-08-25T05:35:04+0200,16553320-5c3e-4a08-95db-080ced308e52,2026-08-21T05:45:00Z,2026-08-21T07:45:00+0200,5063.29511,MW,DE,DE_LU,actual_onshore_wind_generation,Wind Onshore,2026-08-25T03:38:09Z
2026-08-25T03:35:04Z,2026-08-25T05:35:04+0200,16553320-5c3e-4a08-95db-080ced308e52,2026-08-21T06:00:00Z,2026-08-21T08:00:00+0200,4441.79898,MW,DE,DE_LU,actual_onshore_wind_generation,Wind Onshore,2026-08-25T03:38:09Z
2026-08-25T03:35:04Z,2026-08-25T05:35:04+0200,16553320-5c3e-4a08-95db-080ced308e52,2026-08-21T06:15:00Z,2026-08-21T08:15:00+0200,3768.77943,MW,DE,DE_LU,actual_onshore_wind_generation,Wind Onshore,2026-08-25T03:38:09Z
2026-08-25T03:35:04Z,2026-08-25T05:35:04+0200,16553320-5c3e-4a08-95db-080ced308e52,2026-08-21T06:30:00Z,2026-08-21T08:30:00+0200,3106.36187,MW,DE,DE_LU,actual_onshore_wind_generation,Wind Onshore,2026-08-25T03:38:09Z
2026-08-25T03:35:04Z,2026-08-25T05:35:04+0200,16553320-5c3e-4a08-95db-080ced308e52,2026-08-21T06:45:00Z,2026-08-21T08:45:00+0200,2715.54713,MW,DE,DE_LU,actual_onshore_wind_generation,Wind Onshore,2026-08-25T03:38:09Z
2026-08-25T03:35:04Z,2026-08-25T05:35:04+0200,16553320-5c3e-4a08-95db-080ced308e52,2026-08-21T07:00:00Z,2026-08-21T09:00:00+0200,2487.12294,MW,DE,DE_LU,actual_onshore_wind_generation,Wind Onshore,2026-08-25T03:38:09Z
2026-08-25T03:35:04Z,2026-08-25T05:35:04+0200,16553320-5c3e-4a08-95db-080ced308e52,2026-08-21T07:15:00Z,2026-08-21T09:15:00+0200,2412.97387,MW,DE,DE_LU,actual_onshore_wind_generation,Wind Onshore,2026-08-25T03:38:09Z
2026-08-25T03:35:04Z,2026-08-25T05:35:04+0200,16553320-5c3e-4a08-95db-080ced308e52,2026-08-21T07:30:00Z,2026-08-21T09:30:00+0200,2410.74395,MW,DE,DE_LU,actual_onshore_wind_generation,Wind Onshore,2026-08-25T03:38:09Z
2026-08-25T03:35:04Z,2026-08-25T05:35:04+0200,16553320-5c3e-4a08-95db-080ced308e52,2026-08-21T07:45:00Z,2026-08-21T09:45:00+0200,2335.83498,MW,DE,DE_LU,actual_onshore_wind_generation,Wind Onshore,2026-08-25T03:38:09Z
2026-08-25T03:35:04Z,2026-08-25T05:35:04+0200,16553320-5c3e-4a08-95db-080ced308e52,2026-08-21T08:00:00Z,2026-08-21T10:00:00+0200,2309.84165,MW,DE,DE_LU,actual_onshore_wind_generation,Wind Onshore,2026-08-25T03:38:09Z
2026-08-25T03:35:04Z,2026-08-25T05:35:04+0200,16553320-5c3e-4a08-95db-080ced308e52,2026-08-21T08:15:00Z,2026-08-21T10:15:00+0200,2364.54572,MW,DE,DE_LU,actual_onshore_wind_generation,Wind Onshore,2026-08-25T03:38:09Z
2026-08-25T03:35:04Z,2026-08-25T05:35:04+0200,16553320-5c3e-4a08-95db-080ced308e52,2026-08-21T08:30:00Z,2026-08-21T10:30:00+0200,2511.07262,MW,DE,DE_LU,actual_onshore_wind_generation,Wind Onshore,2026-08-25T03:38:09Z
2026-08-25T03:35:04Z,2026-08-25T05:35:04+0200,16553320-5c3e-4a08-95db-080ced308e52,2026-08-21T08:45:00Z,2026-08-21T10:45:00+0200,2733.61032,MW,DE,DE_LU,actual_onshore_wind_generation,Wind Onshore,2026-08-25T03:38:09Z
2026-08-25T03:35:04Z,2026-08-25T05:35:04+0200,16553320-5c3e-4a08-95db-080ced308e52,2026-08-21T09:00:00Z,2026-08-21T11:00:00+0200,2986.28517,MW,DE,DE_LU,actual_onshore_wind_generation,Wind Onshore,2026-08-25T03:38:09Z
2026-08-25T03:35:04Z,2026-08-25T05:35:04+0200,16553320-5c3e-4a08-95db-080ced308e52,2026-08-21T09:15:00Z,2026-08-21T11:15:00+0200,3111.65893,MW,DE,DE_LU,actual_onshore_wind_generation,Wind Onshore,2026-08-25T03:38:09Z
2026-08-25T03:35:04Z,2026-08-25T05:35:04+0200,16553320-5c3e-4a08-95db-080ced308e52,2026-08-21T09:30:00Z,2026-08-21T11:30:00+0200,3271.27438,MW,DE,DE_LU,actual_onshore_wind_generation,Wind Onshore,2026-08-25T03:38:09Z
2026-08-25T03:35:04Z,2026-08-25T05:35:04+0200,16553320-5c3e-4a08-95db-080ced308e52,2026-08-21T09:45:00Z,2026-08-21T11:45:00+0200,3346.42958,MW,DE,DE_LU,actual_onshore_wind_generation,Wind Onshore,2026-08-25T03:38:09Z
2026-08-25T03:35:04Z,2026-08-25T05:35:04+0200,16553320-5c3e-4a08-95db-080ced308e52,2026-08-21T10:00:00Z,2026-08-21T12:00:00+0200,3447.58744,MW,DE,DE_LU,actual_onshore_wind_generation,Wind Onshore,2026-08-25T03:38:09Z
2026-08-25T03:35:04Z,2026-08-25T05:35:04+0200,16553320-5c3e-4a08-95db-080ced308e52,2026-08-21T10:15:00Z,2026-08-21T12:15:00+0200,3476.45183,MW,DE,DE_LU,actual_onshore_wind_generation,Wind Onshore,2026-08-25T03:38:09Z
2026-08-25T03:35:04Z,2026-08-25T05:35:04+0200,16553320-5c3e-4a08-95db-080ced308e52,2026-08-21T10:30:00Z,2026-08-21T12:30:00+0200,3568.73479,MW,DE,DE_LU,actual_onshore_wind_generation,Wind Onshore,2026-08-25T03:38:09Z
2026-08-25T03:35:04Z,2026-08-25T05:35:04+0200,16553320-5c3e-4a08-95db-080ced308e52,2026-08-21T10:45:00Z,2026-08-21T12:45:00+0200,3654.58001,MW,DE,DE_LU,actual_onshore_wind_generation,Wind Onshore,2026-08-25T03:38:09Z
2026-08-25T03:35:04Z,2026-08-25T05:35:04+0200,16553320-5c3e-4a08-95db-080ced308e52,2026-08-21T11:00:00Z,2026-08-21T13:00:00+0200,3610.40605,MW,DE,DE_LU,actual_onshore_wind_generation,Wind Onshore,2026-08-25T03:38:09Z
2026-08-25T03:35:04Z,2026-08-25T05:35:04+0200,16553320-5c3e-4a08-95db-080ced308e52,2026-08-21T11:15:00Z,2026-08-21T13:15:00+0200,3703.47147,MW,DE,DE_LU,actual_onshore_wind_generation,Wind Onshore,2026-08-25T03:38:09Z
2026-08-25T03:35:04Z,2026-08-25T05:35:04+0200,16553320-5c3e-4a08-95db-080ced308e52,2026-08-21T11:30:00Z,2026-08-21T13:30:00+0200,3782.88734,MW,DE,DE_LU,actual_onshore_wind_generation,Wind Onshore,2026-08-25T03:38:09Z
2026-08-25T03:35:04Z,2026-08-25T05:35:04+0200,16553320-5c3e-4a08-95db-080ced308e52,2026-08-21T11:45:00Z,2026-08-21T13:45:00+0200,3831.64749,MW,DE,DE_LU,actual_onshore_wind_generation,Wind Onshore,2026-08-25T03:38:09Z
2026-08-25T03:35:04Z,2026-08-25T05:35:04+0200,16553320-5c3e-4a08-95db-080ced308e52,2026-08-21T12:00:00Z,2026-08-21T14:00:00+0200,3810.54659,MW,DE,DE_LU,actual_onshore_wind_generation,Wind Onshore,2026-08-25T03:38:09Z
2026-08-25T03:35:04Z,2026-08-25T05:35:04+0200,16553320-5c3e-4a08-95db-080ced308e52,2026-08-21T12:15:00Z,2026-08-21T14:15:00+0200,3853.55712,MW,DE,DE_LU,actual_onshore_wind_generation,Wind Onshore,2026-08-25T03:38:09Z
2026-08-25T03:35:04Z,2026-08-25T05:35:04+0200,16553320-5c3e-4a08-95db-080ced308e52,2026-08-21T12:30:00Z,2026-08-21T14:30:00+0200,4069.08776,MW,DE,DE_LU,actual_onshore_wind_generation,Wind Onshore,2026-08-25T03:38:09Z
2026-08-25T03:35:04Z,2026-08-25T05:35:04+0200,16553320-5c3e-4a08-95db-080ced308e52,2026-08-21T12:45:00Z,2026-08-21T14:45:00+0200,4323.9012,MW,DE,DE_LU,actual_onshore_wind_generation,Wind Onshore,2026-08-25T03:38:09Z
2026-08-25T03:35:04Z,2026-08-25T05:35:04+0200,16553320-5c3e-4a08-95db-080ced308e52,2026-08-21T13:00:00Z,2026-08-21T15:00:00+0200,4462.33441,MW,DE,DE_LU,actual_onshore_wind_generation,Wind Onshore,2026-08-25T03:38:09Z
2026-08-25T03:35:04Z,2026-08-25T05:35:04+0200,16553320-5c3e-4a08-95db-080ced308e52,2026-08-21T13:15:00Z,2026-08-21T15:15:00+0200,4806.80046,MW,DE,DE_LU,actual_onshore_wind_generation,Wind Onshore,2026-08-25T03:38:09Z
2026-08-25T03:35:04Z,2026-08-25T05:35:04+0200,16553320-5c3e-4a08-95db-080ced308e52,2026-08-21T13:30:00Z,2026-08-21T15:30:00+0200,5026.6573,MW,DE,DE_LU,actual_onshore_wind_generation,Wind Onshore,2026-08-25T03:38:09Z
2026-08-25T03:35:04Z,2026-08-25T05:35:04+0200,16553320-5c3e-4a08-95db-080ced308e52,2026-08-21T13:45:00Z,2026-08-21T15:45:00+0200,5217.29089,MW,DE,DE_LU,actual_onshore_wind_generation,Wind Onshore,2026-08-25T03:38:09Z
2026-08-25T03:35:04Z,2026-08-25T05:35:04+0200,16553320-5c3e-4a08-95db-080ced308e52,2026-08-21T14:00:00Z,2026-08-21T16:00:00+0200,5409.103,MW,DE,DE_LU,actual_onshore_wind_generation,Wind Onshore,2026-08-25T03:38:09Z
2026-08-25T03:35:04Z,2026-08-25T05:35:04+0200,16553320-5c3e-4a08-95db-080ced308e52,2026-08-21T14:15:00Z,2026-08-21T16:15:00+0200,5333.74729,MW,DE,DE_LU,actual_onshore_wind_generation,Wind Onshore,2026-08-25T03:38:09Z
2026-08-25T03:35:04Z,2026-08-25T05:35:04+0200,16553320-5c3e-4a08-95db-080ced308e52,2026-08-21T14:30:00Z,2026-08-21T16:30:00+0200,5114.63873,MW,DE,DE_LU,actual_onshore_wind_generation,Wind Onshore,2026-08-25T03:38:09Z
2026-08-25T03:35:04Z,2026-08-25T05:35:04+0200,16553320-5c3e-4a08-95db-080ced308e52,2026-08-21T14:45:00Z,2026-08-21T16:45:00+0200,4923.26692,MW,DE,DE_LU,actual_onshore_wind_generation,Wind Onshore,2026-08-25T03:38:09Z
2026-08-25T03:35:04Z,2026-08-25T05:35:04+0200,16553320-5c3e-4a08-95db-080ced308e52,2026-08-21T15:00:00Z,2026-08-21T17:00:00+0200,4921.30833,MW,DE,DE_LU,actual_onshore_wind_generation,Wind Onshore,2026-08-25T03:38:09Z
2026-08-25T03:35:04Z,2026-08-25T05:35:04+0200,16553320-5c3e-4a08-95db-080ced308e52,2026-08-21T15:15:00Z,2026-08-21T17:15:00+0200,5080.62007,MW,DE,DE_LU,actual_onshore_wind_generation,Wind Onshore,2026-08-25T03:38:09Z
2026-08-25T03:35:04Z,2026-08-25T05:35:04+0200,16553320-5c3e-4a08-95db-080ced308e52,2026-08-21T15:30:00Z,2026-08-21T17:30:00+0200,5288.38308,MW,DE,DE_LU,actual_onshore_wind_generation,Wind Onshore,2026-08-25T03:38:09Z
2026-08-25T03:35:04Z,2026-08-25T05:35:04+0200,16553320-5c3e-4a08-95db-080ced308e52,2026-08-21T15:45:00Z,2026-08-21T17:45:00+0200,5483.84766,MW,DE,DE_LU,actual_onshore_wind_generation,Wind Onshore,2026-08-25T03:38:09Z
2026-08-25T03:35:04Z,2026-08-25T05:35:04+0200,16553320-5c3e-4a08-95db-080ced308e52,2026-08-21T16:00:00Z,2026-08-21T18:00:00+0200,5473.15888,MW,DE,DE_LU,actual_onshore_wind_generation,Wind Onshore,2026-08-25T03:38:09Z
2026-08-25T03:35:04Z,2026-08-25T05:35:04+0200,16553320-5c3e-4a08-95db-080ced308e52,2026-08-21T16:15:00Z,2026-08-21T18:15:00+0200,5428.54867,MW,DE,DE_LU,actual_onshore_wind_generation,Wind Onshore,2026-08-25T03:38:09Z
2026-08-25T03:35:04Z,2026-08-25T05:35:04+0200,16553320-5c3e-4a08-95db-080ced308e52,2026-08-21T16:30:00Z,2026-08-21T18:30:00+0200,5433.87134,MW,DE,DE_LU,actual_onshore_wind_generation,Wind Onshore,2026-08-25T03:38:09Z
2026-08-25T03:35:04Z,2026-08-25T05:35:04+0200,16553320-5c3e-4a08-95db-080ced308e52,2026-08-21T16:45:00Z,2026-08-21T18:45:00+0200,5433.72063,MW,DE,DE_LU,actual_onshore_wind_generation,Wind Onshore,2026-08-25T03:38:09Z
2026-08-25T03:35:04Z,2026-08-25T05:35:04+0200,16553320-5c3e-4a08-95db-080ced308e52,2026-08-21T17:00:00Z,2026-08-21T19:00:00+0200,5383.52297,MW,DE,DE_LU,actual_onshore_wind_generation,Wind Onshore,2026-08-25T03:38:09Z
2026-08-25T03:35:04Z,2026-08-25T05:35:04+0200,16553320-5c3e-4a08-95db-080ced308e52,2026-08-21T17:15:00Z,2026-08-21T19:15:00+0200,5432.33429,MW,DE,DE_LU,actual_onshore_wind_generation,Wind Onshore,2026-08-25T03:38:09Z
2026-08-25T03:35:04Z,2026-08-25T05:35:04+0200,16553320-5c3e-4a08-95db-080ced308e52,2026-08-21T17:30:00Z,2026-08-21T19:30:00+0200,5250.64319,MW,DE,DE_LU,actual_onshore_wind_generation,Wind Onshore,2026-08-25T03:38:09Z
2026-08-25T03:35:04Z,2026-08-25T05:35:04+0200,16553320-5c3e-4a08-95db-080ced308e52,2026-08-21T17:45:00Z,2026-08-21T19:45:00+0200,5217.83957,MW,DE,DE_LU,actual_onshore_wind_generation,Wind Onshore,2026-08-25T03:38:09Z
2026-08-25T03:35:04Z,2026-08-25T05:35:04+0200,16553320-5c3e-4a08-95db-080ced308e52,2026-08-21T18:00:00Z,2026-08-21T20:00:00+0200,5312.42187,MW,DE,DE_LU,actual_onshore_wind_generation,Wind Onshore,2026-08-25T03:38:09Z
2026-08-25T03:35:04Z,2026-08-25T05:35:04+0200,16553320-5c3e-4a08-95db-080ced308e52,2026-08-21T18:15:00Z,2026-08-21T20:15:00+0200,5592.35688,MW,DE,DE_LU,actual_onshore_wind_generation,Wind Onshore,2026-08-25T03:38:09Z
2026-08-25T03:35:04Z,2026-08-25T05:35:04+0200,16553320-5c3e-4a08-95db-080ced308e52,2026-08-21T18:30:00Z,2026-08-21T20:30:00+0200,5414.38675,MW,DE,DE_LU,actual_onshore_wind_generation,Wind Onshore,2026-08-25T03:38:09Z
2026-08-25T03:35:04Z,2026-08-25T05:35:04+0200,16553320-5c3e-4a08-95db-080ced308e52,2026-08-21T18:45:00Z,2026-08-21T20:45:00+0200,4976.95922,MW,DE,DE_LU,actual_onshore_wind_generation,Wind Onshore,2026-08-25T03:38:09Z
2026-08-25T03:35:04Z,2026-08-25T05:35:04+0200,16553320-5c3e-4a08-95db-080ced308e52,2026-08-21T19:00:00Z,2026-08-21T21:00:00+0200,4921.91737,MW,DE,DE_LU,actual_onshore_wind_generation,Wind Onshore,2026-08-25T03:38:09Z
2026-08-25T03:35:04Z,2026-08-25T05:35:04+0200,16553320-5c3e-4a08-95db-080ced308e52,2026-08-21T19:15:00Z,2026-08-21T21:15:00+0200,5082.67834,MW,DE,DE_LU,actual_onshore_wind_generation,Wind Onshore,2026-08-25T03:38:09Z
2026-08-25T03:35:04Z,2026-08-25T05:35:04+0200,16553320-5c3e-4a08-95db-080ced308e52,2026-08-21T19:30:00Z,2026-08-21T21:30:00+0200,5250.45059,MW,DE,DE_LU,actual_onshore_wind_generation,Wind Onshore,2026-08-25T03:38:09Z
2026-08-25T03:35:04Z,2026-08-25T05:35:04+0200,16553320-5c3e-4a08-95db-080ced308e52,2026-08-21T19:45:00Z,2026-08-21T21:45:00+0200,5298.28068,MW,DE,DE_LU,actual_onshore_wind_generation,Wind Onshore,2026-08-25T03:38:09Z
2026-08-25T03:35:04Z,2026-08-25T05:35:04+0200,16553320-5c3e-4a08-95db-080ced308e52,2026-08-21T20:00:00Z,2026-08-21T22:00:00+0200,5198.27491,MW,DE,DE_LU,actual_onshore_wind_generation,Wind Onshore,2026-08-25T03:38:09Z
2026-08-25T03:35:04Z,2026-08-25T05:35:04+0200,16553320-5c3e-4a08-95db-080ced308e52,2026-08-21T20:15:00Z,2026-08-21T22:15:00+0200,5281.8093,MW,DE,DE_LU,actual_onshore_wind_generation,Wind Onshore,2026-08-25T03:38:09Z
2026-08-25T03:35:04Z,2026-08-25T05:35:04+0200,16553320-5c3e-4a08-95db-080ced308e52,2026-08-21T20:30:00Z,2026-08-21T22:30:00+0200,5487.4522,MW,DE,DE_LU,actual_onshore_wind_generation,Wind Onshore,2026-08-25T03:38:09Z
2026-08-25T03:35:04Z,2026-08-25T05:35:04+0200,16553320-5c3e-4a08-95db-080ced308e52,2026-08-21T20:45:00Z,2026-08-21T22:45:00+0200,5601.64357,MW,DE,DE_LU,actual_onshore_wind_generation,Wind Onshore,2026-08-25T03:38:09Z
2026-08-25T03:35:04Z,2026-08-25T05:35:04+0200,16553320-5c3e-4a08-95db-080ced308e52,2026-08-21T21:00:00Z,2026-08-21T23:00:00+0200,5566.29822,MW,DE,DE_LU,actual_onshore_wind_generation,Wind Onshore,2026-08-25T03:38:09Z
2026-08-25T03:35:04Z,2026-08-25T05:35:04+0200,16553320-5c3e-4a08-95db-080ced308e52,2026-08-21T21:15:00Z,2026-08-21T23:15:00+0200,5427.86306,MW,DE,DE_LU,actual_onshore_wind_generation,Wind Onshore,2026-08-25T03:38:09Z
2026-08-25T03:35:04Z,2026-08-25T05:35:04+0200,16553320-5c3e-4a08-95db-080ced308e52,2026-08-21T21:30:00Z,2026-08-21T23:30:00+0200,5451.83137,MW,DE,DE_LU,actual_onshore_wind_generation,Wind Onshore,2026-08-25T03:38:09Z
2026-08-25T03:35:04Z,2026-08-25T05:35:04+0200,16553320-5c3e-4a08-95db-080ced308e52,2026-08-21T21:45:00Z,2026-08-21T23:45:00+0200,5454.51839,MW,DE,DE_LU,actual_onshore_wind_generation,Wind Onshore,2026-08-25T03:38:09Z
2026-08-25T03:35:04Z,2026-08-25T05:35:04+0200,16553320-5c3e-4a08-95db-080ced308e52,2026-08-21T22:00:00Z,2026-08-22T00:00:00+0200,5478.94142,MW,DE,DE_LU,actual_onshore_wind_generation,Wind Onshore,2026-08-25T03:38:09Z
2026-08-25T03:35:04Z,2026-08-25T05:35:04+0200,16553320-5c3e-4a08-95db-080ced308e52,2026-08-21T22:15:00Z,2026-08-22T00:15:00+0200,5663.92945,MW,DE,DE_LU,actual_onshore_wind_generation,Wind Onshore,2026-08-25T03:38:09Z
2026-08-25T03:35:04Z,2026-08-25T05:35:04+0200,16553320-5c3e-4a08-95db-080ced308e52,2026-08-21T22:30:00Z,2026-08-22T00:30:00+0200,5851.96554,MW,DE,DE_LU,actual_onshore_wind_generation,Wind Onshore,2026-08-25T03:38:09Z
2026-08-25T03:35:04Z,2026-08-25T05:35:04+0200,16553320-5c3e-4a08-95db-080ced308e52,2026-08-21T22:45:00Z,2026-08-22T00:45:00+0200,6233.31074,MW,DE,DE_LU,actual_onshore_wind_generation,Wind Onshore,2026-08-25T03:38:09Z
2026-08-25T03:35:04Z,2026-08-25T05:35:04+0200,16553320-5c3e-4a08-95db-080ced308e52,2026-08-21T23:00:00Z,2026-08-22T01:00:00+0200,6442.10803,MW,DE,DE_LU,actual_onshore_wind_generation,Wind Onshore,2026-08-25T03:38:09Z
2026-08-25T03:35:04Z,2026-08-25T05:35:04+0200,16553320-5c3e-4a08-95db-080ced308e52,2026-08-21T23:15:00Z,2026-08-22T01:15:00+0200,6564.79041,MW,DE,DE_LU,actual_onshore_wind_generation,Wind Onshore,2026-08-25T03:38:09Z
2026-08-25T03:35:04Z,2026-08-25T05:35:04+0200,16553320-5c3e-4a08-95db-080ced308e52,2026-08-21T23:30:00Z,2026-08-22T01:30:00+0200,6854.9363,MW,DE,DE_LU,actual_onshore_wind_generation,Wind Onshore,2026-08-25T03:38:09Z
2026-08-25T03:35:04Z,2026-08-25T05:35:04+0200,16553320-5c3e-4a08-95db-080ced308e52,2026-08-21T23:45:00Z,2026-08-22T01:45:00+0200,7027.24625,MW,DE,DE_LU,actual_onshore_wind_generation,Wind Onshore,2026-08-25T03:38:09Z
2026-08-25T03:35:04Z,2026-08-25T05:35:04+0200,16553320-5c3e-4a08-95db-080ced308e52,2026-08-22T00:00:00Z,2026-08-22T02:00:00+0200,7089.81421,MW,DE,DE_LU,actual_onshore_wind_generation,Wind Onshore,2026-08-25T03:38:09Z
2026-08-25T03:35:04Z,2026-08-25T05:35:04+0200,16553320-5c3e-4a08-95db-080ced308e52,2026-08-22T00:15:00Z,2026-08-22T02:15:00+0200,7228.97199,MW,DE,DE_LU,actual_onshore_wind_generation,Wind Onshore,2026-08-25T03:38:09Z
2026-08-25T03:35:04Z,2026-08-25T05:35:04+0200,16553320-5c3e-4a08-95db-080ced308e52,2026-08-22T00:30:00Z,2026-08-22T02:30:00+0200,7342.15901,MW,DE,DE_LU,actual_onshore_wind_generation,Wind Onshore,2026-08-25T03:38:09Z
2026-08-25T03:35:04Z,2026-08-25T05:35:04+0200,16553320-5c3e-4a08-95db-080ced308e52,2026-08-22T00:45:00Z,2026-08-22T02:45:00+0200,7223.03897,MW,DE,DE_LU,actual_onshore_wind_generation,Wind Onshore,2026-08-25T03:38:09Z
2026-08-25T03:35:04Z,2026-08-25T05:35:04+0200,16553320-5c3e-4a08-95db-080ced308e52,2026-08-22T01:00:00Z,2026-08-22T03:00:00+0200,7284.1971,MW,DE,DE_LU,actual_onshore_wind_generation,Wind Onshore,2026-08-25T03:38:09Z
2026-08-25T03:35:04Z,2026-08-25T05:35:04+0200,16553320-5c3e-4a08-95db-080ced308e52,2026-08-22T01:15:00Z,2026-08-22T03:15:00+0200,7492.1023,MW,DE,DE_LU,actual_onshore_wind_generation,Wind Onshore,2026-08-25T03:38:09Z
2026-08-25T03:35:04Z,2026-08-25T05:35:04+0200,16553320-5c3e-4a08-95db-080ced308e52,2026-08-22T01:30:00Z,2026-08-22T03:30:00+0200,7664.54711,MW,DE,DE_LU,actual_onshore_wind_generation,Wind Onshore,2026-08-25T03:38:09Z
2026-08-25T03:35:04Z,2026-08-25T05:35:04+0200,16553320-5c3e-4a08-95db-080ced308e52,2026-08-22T01:45:00Z,2026-08-22T03:45:00+0200,7689.09695,MW,DE,DE_LU,actual_onshore_wind_generation,Wind Onshore,2026-08-25T03:38:09Z
2026-08-25T03:35:04Z,2026-08-25T05:35:04+0200,16553320-5c3e-4a08-95db-080ced308e52,2026-08-22T02:00:00Z,2026-08-22T04:00:00+0200,7797.45448,MW,DE,DE_LU,actual_onshore_wind_generation,Wind Onshore,2026-08-25T03:38:09Z
2026-08-25T03:35:04Z,2026-08-25T05:35:04+0200,16553320-5c3e-4a08-95db-080ced308e52,2026-08-22T02:15:00Z,2026-08-22T04:15:00+0200,7985.32849,MW,DE,DE_LU,actual_onshore_wind_generation,Wind Onshore,2026-08-25T03:38:09Z
2026-08-25T03:35:04Z,2026-08-25T05:35:04+0200,16553320-5c3e-4a08-95db-080ced308e52,2026-08-22T02:30:00Z,2026-08-22T04:30:00+0200,8414.88051,MW,DE,DE_LU,actual_onshore_wind_generation,Wind Onshore,2026-08-25T03:38:09Z
2026-08-25T03:35:04Z,2026-08-25T05:35:04+0200,16553320-5c3e-4a08-95db-080ced308e52,2026-08-22T02:45:00Z,2026-08-22T04:45:00+0200,8913.38496,MW,DE,DE_LU,actual_onshore_wind_generation,Wind Onshore,2026-08-25T03:38:09Z
2026-08-25T03:35:04Z,2026-08-25T05:35:04+0200,16553320-5c3e-4a08-95db-080ced308e52,2026-08-22T03:00:00Z,2026-08-22T05:00:00+0200,9114.11385,MW,DE,DE_LU,actual_onshore_wind_generation,Wind Onshore,2026-08-25T03:38:09Z
2026-08-25T03:35:04Z,2026-08-25T05:35:04+0200,16553320-5c3e-4a08-95db-080ced308e52,2026-08-22T03:15:00Z,2026-08-22T05:15:00+0200,9137.65389,MW,DE,DE_LU,actual_onshore_wind_generation,Wind Onshore,2026-08-25T03:38:09Z
2026-08-25T03:35:04Z,2026-08-25T05:35:04+0200,16553320-5c3e-4a08-95db-080ced308e52,2026-08-22T03:30:00Z,2026-08-22T05:30:00+0200,9286.87823,MW,DE,DE_LU,actual_onshore_wind_generation,Wind Onshore,2026-08-25T03:38:09Z
2026-08-25T03:35:04Z,2026-08-25T05:35:04+0200,16553320-5c3e-4a08-95db-080ced308e52,2026-08-22T03:45:00Z,2026-08-22T05:45:00+0200,9227.16705,MW,DE,DE_LU,actual_onshore_wind_generation,Wind Onshore,2026-08-25T03:38:09Z
2026-08-25T03:35:04Z,2026-08-25T05:35:04+0200,16553320-5c3e-4a08-95db-080ced308e52,2026-08-22T04:00:00Z,2026-08-22T06:00:00+0200,9518.33794,MW,DE,DE_LU,actual_onshore_wind_generation,Wind Onshore,2026-08-25T03:38:09Z
2026-08-25T03:35:04Z,2026-08-25T05:35:04+0200,16553320-5c3e-4a08-95db-080ced308e52,2026-08-22T04:15:00Z,2026-08-22T06:15:00+0200,10014.1458,MW,DE,DE_LU,actual_onshore_wind_generation,Wind Onshore,2026-08-25T03:38:09Z
2026-08-25T03:35:04Z,2026-08-25T05:35:04+0200,16553320-5c3e-4a08-95db-080ced308e52,2026-08-22T04:30:00Z,2026-08-22T06:30:00+0200,10352.90392,MW,DE,DE_LU,actual_onshore_wind_generation,Wind Onshore,2026-08-25T03:38:09Z
2026-08-25T03:35:04Z,2026-08-25T05:35:04+0200,16553320-5c3e-4a08-95db-080ced308e52,2026-08-22T04:45:00Z,2026-08-22T06:45:00+0200,10483.26015,MW,DE,DE_LU,actual_onshore_wind_generation,Wind Onshore,2026-08-25T03:38:09Z
2026-08-25T03:35:04Z,2026-08-25T05:35:04+0200,16553320-5c3e-4a08-95db-080ced308e52,2026-08-22T05:00:00Z,2026-08-22T07:00:00+0200,10397.55102,MW,DE,DE_LU,actual_onshore_wind_generation,Wind Onshore,2026-08-25T03:38:09Z
2026-08-25T03:35:04Z,2026-08-25T05:35:04+0200,16553320-5c3e-4a08-95db-080ced308e52,2026-08-22T05:15:00Z,2026-08-22T07:15:00+0200,10402.47314,MW,DE,DE_LU,actual_onshore_wind_generation,Wind Onshore,2026-08-25T03:38:09Z
2026-08-25T03:35:04Z,2026-08-25T05:35:04+0200,16553320-5c3e-4a08-95db-080ced308e52,2026-08-22T05:30:00Z,2026-08-22T07:30:00+0200,10182.25552,MW,DE,DE_LU,actual_onshore_wind_generation,Wind Onshore,2026-08-25T03:38:09Z
2026-08-25T03:35:04Z,2026-08-25T05:35:04+0200,16553320-5c3e-4a08-95db-080ced308e52,2026-08-22T05:45:00Z,2026-08-22T07:45:00+0200,10101.81862,MW,DE,DE_LU,actual_onshore_wind_generation,Wind Onshore,2026-08-25T03:38:09Z
2026-08-25T03:35:04Z,2026-08-25T05:35:04+0200,16553320-5c3e-4a08-95db-080ced308e52,2026-08-22T06:00:00Z,2026-08-22T08:00:00+0200,9897.99028,MW,DE,DE_LU,actual_onshore_wind_generation,Wind Onshore,2026-08-25T03:38:09Z
2026-08-25T03:35:04Z,2026-08-25T05:35:04+0200,16553320-5c3e-4a08-95db-080ced308e52,2026-08-22T06:15:00Z,2026-08-22T08:15:00+0200,9928.49734,MW,DE,DE_LU,actual_onshore_wind_generation,Wind Onshore,2026-08-25T03:38:09Z
2026-08-25T03:35:04Z,2026-08-25T05:35:04+0200,16553320-5c3e-4a08-95db-080ced308e52,2026-08-22T06:30:00Z,2026-08-22T08:30:00+0200,9774.43582,MW,DE,DE_LU,actual_onshore_wind_generation,Wind Onshore,2026-08-25T03:38:09Z
2026-08-25T03:35:04Z,2026-08-25T05:35:04+0200,16553320-5c3e-4a08-95db-080ced308e52,2026-08-22T06:45:00Z,2026-08-22T08:45:00+0200,9798.14751,MW,DE,DE_LU,actual_onshore_wind_generation,Wind Onshore,2026-08-25T03:38:09Z
2026-08-25T03:35:04Z,2026-08-25T05:35:04+0200,16553320-5c3e-4a08-95db-080ced308e52,2026-08-22T07:00:00Z,2026-08-22T09:00:00+0200,10155.66887,MW,DE,DE_LU,actual_onshore_wind_generation,Wind Onshore,2026-08-25T03:38:09Z
2026-08-25T03:35:04Z,2026-08-25T05:35:04+0200,16553320-5c3e-4a08-95db-080ced308e52,2026-08-22T07:15:00Z,2026-08-22T09:15:00+0200,10880.8903,MW,DE,DE_LU,actual_onshore_wind_generation,Wind Onshore,2026-08-25T03:38:09Z
2026-08-25T03:35:04Z,2026-08-25T05:35:04+0200,16553320-5c3e-4a08-95db-080ced308e52,2026-08-22T07:30:00Z,2026-08-22T09:30:00+0200,11447.83118,MW,DE,DE_LU,actual_onshore_wind_generation,Wind Onshore,2026-08-25T03:38:09Z
2026-08-25T03:35:04Z,2026-08-25T05:35:04+0200,16553320-5c3e-4a08-95db-080ced308e52,2026-08-22T07:45:00Z,2026-08-22T09:45:00+0200,11478.28688,MW,DE,DE_LU,actual_onshore_wind_generation,Wind Onshore,2026-08-25T03:38:09Z
2026-08-25T03:35:04Z,2026-08-25T05:35:04+0200,16553320-5c3e-4a08-95db-080ced308e52,2026-08-22T08:00:00Z,2026-08-22T10:00:00+0200,12333.71286,MW,DE,DE_LU,actual_onshore_wind_generation,Wind Onshore,2026-08-25T03:38:09Z
2026-08-25T03:35:04Z,2026-08-25T05:35:04+0200,16553320-5c3e-4a08-95db-080ced308e52,2026-08-22T08:15:00Z,2026-08-22T10:15:00+0200,12013.74961,MW,DE,DE_LU,actual_onshore_wind_generation,Wind Onshore,2026-08-25T03:38:09Z
2026-08-25T03:35:04Z,2026-08-25T05:35:04+0200,16553320-5c3e-4a08-95db-080ced308e52,2026-08-22T08:30:00Z,2026-08-22T10:30:00+0200,12169.78658,MW,DE,DE_LU,actual_onshore_wind_generation,Wind Onshore,2026-08-25T03:38:09Z
2026-08-25T03:35:04Z,2026-08-25T05:35:04+0200,16553320-5c3e-4a08-95db-080ced308e52,2026-08-22T08:45:00Z,2026-08-22T10:45:00+0200,11911.58454,MW,DE,DE_LU,actual_onshore_wind_generation,Wind Onshore,2026-08-25T03:38:09Z
2026-08-25T03:35:04Z,2026-08-25T05:35:04+0200,16553320-5c3e-4a08-95db-080ced308e52,2026-08-22T09:00:00Z,2026-08-22T11:00:00+0200,11843.52328,MW,DE,DE_LU,actual_onshore_wind_generation,Wind Onshore,2026-08-25T03:38:09Z
2026-08-25T03:35:04Z,2026-08-25T05:35:04+0200,16553320-5c3e-4a08-95db-080ced308e52,2026-08-22T09:15:00Z,2026-08-22T11:15:00+0200,12052.83647,MW,DE,DE_LU,actual_onshore_wind_generation,Wind Onshore,2026-08-25T03:38:09Z
2026-08-25T03:35:04Z,2026-08-25T05:35:04+0200,16553320-5c3e-4a08-95db-080ced308e52,2026-08-22T09:30:00Z,2026-08-22T11:30:00+0200,12033.88691,MW,DE,DE_LU,actual_onshore_wind_generation,Wind Onshore,2026-08-25T03:38:09Z
2026-08-25T03:35:04Z,2026-08-25T05:35:04+0200,16553320-5c3e-4a08-95db-080ced308e52,2026-08-22T09:45:00Z,2026-08-22T11:45:00+0200,11883.77096,MW,DE,DE_LU,actual_onshore_wind_generation,Wind Onshore,2026-08-25T03:38:09Z
2026-08-25T03:35:04Z,2026-08-25T05:35:04+0200,16553320-5c3e-4a08-95db-080ced308e52,2026-08-22T10:00:00Z,2026-08-22T12:00:00+0200,11053.98118,MW,DE,DE_LU,actual_onshore_wind_generation,Wind Onshore,2026-08-25T03:38:09Z
2026-08-25T03:35:04Z,2026-08-25T05:35:04+0200,16553320-5c3e-4a08-95db-080ced308e52,2026-08-22T10:15:00Z,2026-08-22T12:15:00+0200,11277.8431,MW,DE,DE_LU,actual_onshore_wind_generation,Wind Onshore,2026-08-25T03:38:09Z
2026-08-25T03:35:04Z,2026-08-25T05:35:04+0200,16553320-5c3e-4a08-95db-080ced308e52,2026-08-22T10:30:00Z,2026-08-22T12:30:00+0200,10956.94761,MW,DE,DE_LU,actual_onshore_wind_generation,Wind Onshore,2026-08-25T03:38:09Z
2026-08-25T03:35:04Z,2026-08-25T05:35:04+0200,16553320-5c3e-4a08-95db-080ced308e52,2026-08-22T10:45:00Z,2026-08-22T12:45:00+0200,10354.93695,MW,DE,DE_LU,actual_onshore_wind_generation,Wind Onshore,2026-08-25T03:38:09Z
2026-08-25T03:35:04Z,2026-08-25T05:35:04+0200,16553320-5c3e-4a08-95db-080ced308e52,2026-08-22T11:00:00Z,2026-08-22T13:00:00+0200,9864.71495,MW,DE,DE_LU,actual_onshore_wind_generation,Wind Onshore,2026-08-25T03:38:09Z
2026-08-25T03:35:04Z,2026-08-25T05:35:04+0200,16553320-5c3e-4a08-95db-080ced308e52,2026-08-22T11:15:00Z,2026-08-22T13:15:00+0200,9827.75375,MW,DE,DE_LU,actual_onshore_wind_generation,Wind Onshore,2026-08-25T03:38:09Z
2026-08-25T03:35:04Z,2026-08-25T05:35:04+0200,16553320-5c3e-4a08-95db-080ced308e52,2026-08-22T11:30:00Z,2026-08-22T13:30:00+0200,9997.03559,MW,DE,DE_LU,actual_onshore_wind_generation,Wind Onshore,2026-08-25T03:38:09Z
2026-08-25T03:35:04Z,2026-08-25T05:35:04+0200,16553320-5c3e-4a08-95db-080ced308e52,2026-08-22T11:45:00Z,2026-08-22T13:45:00+0200,9915.96972,MW,DE,DE_LU,actual_onshore_wind_generation,Wind Onshore,2026-08-25T03:38:09Z
2026-08-25T03:35:04Z,2026-08-25T05:35:04+0200,16553320-5c3e-4a08-95db-080ced308e52,2026-08-22T12:00:00Z,2026-08-22T14:00:00+0200,10067.09858,MW,DE,DE_LU,actual_onshore_wind_generation,Wind Onshore,2026-08-25T03:38:09Z
2026-08-25T03:35:04Z,2026-08-25T05:35:04+0200,16553320-5c3e-4a08-95db-080ced308e52,2026-08-22T12:15:00Z,2026-08-22T14:15:00+0200,10939.59393,MW,DE,DE_LU,actual_onshore_wind_generation,Wind Onshore,2026-08-25T03:38:09Z
2026-08-25T03:35:04Z,2026-08-25T05:35:04+0200,16553320-5c3e-4a08-95db-080ced308e52,2026-08-22T12:30:00Z,2026-08-22T14:30:00+0200,11742.44249,MW,DE,DE_LU,actual_onshore_wind_generation,Wind Onshore,2026-08-25T03:38:09Z
2026-08-25T03:35:04Z,2026-08-25T05:35:04+0200,16553320-5c3e-4a08-95db-080ced308e52,2026-08-22T12:45:00Z,2026-08-22T14:45:00+0200,11737.34825,MW,DE,DE_LU,actual_onshore_wind_generation,Wind Onshore,2026-08-25T03:38:09Z
2026-08-25T03:35:04Z,2026-08-25T05:35:04+0200,16553320-5c3e-4a08-95db-080ced308e52,2026-08-22T13:00:00Z,2026-08-22T15:00:00+0200,11829.65834,MW,DE,DE_LU,actual_onshore_wind_generation,Wind Onshore,2026-08-25T03:38:09Z
2026-08-25T03:35:04Z,2026-08-25T05:35:04+0200,16553320-5c3e-4a08-95db-080ced308e52,2026-08-22T13:15:00Z,2026-08-22T15:15:00+0200,11347.97961,MW,DE,DE_LU,actual_onshore_wind_generation,Wind Onshore,2026-08-25T03:38:09Z
2026-08-25T03:35:04Z,2026-08-25T05:35:04+0200,16553320-5c3e-4a08-95db-080ced308e52,2026-08-22T13:30:00Z,2026-08-22T15:30:00+0200,11620.90136,MW,DE,DE_LU,actual_onshore_wind_generation,Wind Onshore,2026-08-25T03:38:09Z
2026-08-25T03:35:04Z,2026-08-25T05:35:04+0200,16553320-5c3e-4a08-95db-080ced308e52,2026-08-22T13:45:00Z,2026-08-22T15:45:00+0200,12034.46101,MW,DE,DE_LU,actual_onshore_wind_generation,Wind Onshore,2026-08-25T03:38:09Z
2026-08-25T03:35:04Z,2026-08-25T05:35:04+0200,16553320-5c3e-4a08-95db-080ced308e52,2026-08-22T14:00:00Z,2026-08-22T16:00:00+0200,12554.15351,MW,DE,DE_LU,actual_onshore_wind_generation,Wind Onshore,2026-08-25T03:38:09Z
2026-08-25T03:35:04Z,2026-08-25T05:35:04+0200,16553320-5c3e-4a08-95db-080ced308e52,2026-08-22T14:15:00Z,2026-08-22T16:15:00+0200,13303.53383,MW,DE,DE_LU,actual_onshore_wind_generation,Wind Onshore,2026-08-25T03:38:09Z
2026-08-25T03:35:04Z,2026-08-25T05:35:04+0200,16553320-5c3e-4a08-95db-080ced308e52,2026-08-22T14:30:00Z,2026-08-22T16:30:00+0200,14024.6789,MW,DE,DE_LU,actual_onshore_wind_generation,Wind Onshore,2026-08-25T03:38:09Z
2026-08-25T03:35:04Z,2026-08-25T05:35:04+0200,16553320-5c3e-4a08-95db-080ced308e52,2026-08-22T14:45:00Z,2026-08-22T16:45:00+0200,14361.06559,MW,DE,DE_LU,actual_onshore_wind_generation,Wind Onshore,2026-08-25T03:38:09Z
2026-08-25T03:35:04Z,2026-08-25T05:35:04+0200,16553320-5c3e-4a08-95db-080ced308e52,2026-08-22T15:00:00Z,2026-08-22T17:00:00+0200,16152.34271,MW,DE,DE_LU,actual_onshore_wind_generation,Wind Onshore,2026-08-25T03:38:09Z
2026-08-25T03:35:04Z,2026-08-25T05:35:04+0200,16553320-5c3e-4a08-95db-080ced308e52,2026-08-22T15:15:00Z,2026-08-22T17:15:00+0200,18467.66735,MW,DE,DE_LU,actual_onshore_wind_generation,Wind Onshore,2026-08-25T03:38:09Z
2026-08-25T03:35:04Z,2026-08-25T05:35:04+0200,16553320-5c3e-4a08-95db-080ced308e52,2026-08-22T15:30:00Z,2026-08-22T17:30:00+0200,19050.17507,MW,DE,DE_LU,actual_onshore_wind_generation,Wind Onshore,2026-08-25T03:38:09Z
2026-08-25T03:35:04Z,2026-08-25T05:35:04+0200,16553320-5c3e-4a08-95db-080ced308e52,2026-08-22T15:45:00Z,2026-08-22T17:45:00+0200,20160.68015,MW,DE,DE_LU,actual_onshore_wind_generation,Wind Onshore,2026-08-25T03:38:09Z
2026-08-25T03:35:04Z,2026-08-25T05:35:04+0200,16553320-5c3e-4a08-95db-080ced308e52,2026-08-22T16:00:00Z,2026-08-22T18:00:00+0200,21452.99093,MW,DE,DE_LU,actual_onshore_wind_generation,Wind Onshore,2026-08-25T03:38:09Z
2026-08-25T03:35:04Z,2026-08-25T05:35:04+0200,16553320-5c3e-4a08-95db-080ced308e52,2026-08-22T16:15:00Z,2026-08-22T18:15:00+0200,22799.92373,MW,DE,DE_LU,actual_onshore_wind_generation,Wind Onshore,2026-08-25T03:38:09Z
2026-08-25T03:35:04Z,2026-08-25T05:35:04+0200,16553320-5c3e-4a08-95db-080ced308e52,2026-08-22T16:30:00Z,2026-08-22T18:30:00+0200,23037.92303,MW,DE,DE_LU,actual_onshore_wind_generation,Wind Onshore,2026-08-25T03:38:09Z
2026-08-25T03:35:04Z,2026-08-25T05:35:04+0200,16553320-5c3e-4a08-95db-080ced308e52,2026-08-22T16:45:00Z,2026-08-22T18:45:00+0200,22419.40091,MW,DE,DE_LU,actual_onshore_wind_generation,Wind Onshore,2026-08-25T03:38:09Z
2026-08-25T03:35:04Z,2026-08-25T05:35:04+0200,16553320-5c3e-4a08-95db-080ced308e52,2026-08-22T17:00:00Z,2026-08-22T19:00:00+0200,21437.70329,MW,DE,DE_LU,actual_onshore_wind_generation,Wind Onshore,2026-08-25T03:38:09Z
2026-08-25T03:35:04Z,2026-08-25T05:35:04+0200,16553320-5c3e-4a08-95db-080ced308e52,2026-08-22T17:15:00Z,2026-08-22T19:15:00+0200,21092.7936,MW,DE,DE_LU,actual_onshore_wind_generation,Wind Onshore,2026-08-25T03:38:09Z
2026-08-25T03:35:04Z,2026-08-25T05:35:04+0200,16553320-5c3e-4a08-95db-080ced308e52,2026-08-22T17:30:00Z,2026-08-22T19:30:00+0200,19976.13676,MW,DE,DE_LU,actual_onshore_wind_generation,Wind Onshore,2026-08-25T03:38:09Z
2026-08-25T03:35:04Z,2026-08-25T05:35:04+0200,16553320-5c3e-4a08-95db-080ced308e52,2026-08-22T17:45:00Z,2026-08-22T19:45:00+0200,19517.84559,MW,DE,DE_LU,actual_onshore_wind_generation,Wind Onshore,2026-08-25T03:38:09Z
2026-08-25T03:35:04Z,2026-08-25T05:35:04+0200,16553320-5c3e-4a08-95db-080ced308e52,2026-08-22T18:00:00Z,2026-08-22T20:00:00+0200,19713.68226,MW,DE,DE_LU,actual_onshore_wind_generation,Wind Onshore,2026-08-25T03:38:09Z
2026-08-25T03:35:04Z,2026-08-25T05:35:04+0200,16553320-5c3e-4a08-95db-080ced308e52,2026-08-22T18:15:00Z,2026-08-22T20:15:00+0200,20022.85776,MW,DE,DE_LU,actual_onshore_wind_generation,Wind Onshore,2026-08-25T03:38:09Z
2026-08-25T03:35:04Z,2026-08-25T05:35:04+0200,16553320-5c3e-4a08-95db-080ced308e52,2026-08-22T18:30:00Z,2026-08-22T20:30:00+0200,18885.21535,MW,DE,DE_LU,actual_onshore_wind_generation,Wind Onshore,2026-08-25T03:38:09Z
2026-08-25T03:35:04Z,2026-08-25T05:35:04+0200,16553320-5c3e-4a08-95db-080ced308e52,2026-08-22T18:45:00Z,2026-08-22T20:45:00+0200,17980.37846,MW,DE,DE_LU,actual_onshore_wind_generation,Wind Onshore,2026-08-25T03:38:09Z
2026-08-25T03:35:04Z,2026-08-25T05:35:04+0200,16553320-5c3e-4a08-95db-080ced308e52,2026-08-22T19:00:00Z,2026-08-22T21:00:00+0200,17416.20856,MW,DE,DE_LU,actual_onshore_wind_generation,Wind Onshore,2026-08-25T03:38:09Z
2026-08-25T03:35:04Z,2026-08-25T05:35:04+0200,16553320-5c3e-4a08-95db-080ced308e52,2026-08-22T19:15:00Z,2026-08-22T21:15:00+0200,17468.17491,MW,DE,DE_LU,actual_onshore_wind_generation,Wind Onshore,2026-08-25T03:38:09Z
2026-08-25T03:35:04Z,2026-08-25T05:35:04+0200,16553320-5c3e-4a08-95db-080ced308e52,2026-08-22T19:30:00Z,2026-08-22T21:30:00+0200,17526.18681,MW,DE,DE_LU,actual_onshore_wind_generation,Wind Onshore,2026-08-25T03:38:09Z
2026-08-25T03:35:04Z,2026-08-25T05:35:04+0200,16553320-5c3e-4a08-95db-080ced308e52,2026-08-22T19:45:00Z,2026-08-22T21:45:00+0200,17314.07699,MW,DE,DE_LU,actual_onshore_wind_generation,Wind Onshore,2026-08-25T03:38:09Z
2026-08-25T03:35:04Z,2026-08-25T05:35:04+0200,16553320-5c3e-4a08-95db-080ced308e52,2026-08-22T20:00:00Z,2026-08-22T22:00:00+0200,16512.83692,MW,DE,DE_LU,actual_onshore_wind_generation,Wind Onshore,2026-08-25T03:38:09Z
2026-08-25T03:35:04Z,2026-08-25T05:35:04+0200,16553320-5c3e-4a08-95db-080ced308e52,2026-08-22T20:15:00Z,2026-08-22T22:15:00+0200,16538.12426,MW,DE,DE_LU,actual_onshore_wind_generation,Wind Onshore,2026-08-25T03:38:09Z
2026-08-25T03:35:04Z,2026-08-25T05:35:04+0200,16553320-5c3e-4a08-95db-080ced308e52,2026-08-22T20:30:00Z,2026-08-22T22:30:00+0200,16534.38518,MW,DE,DE_LU,actual_onshore_wind_generation,Wind Onshore,2026-08-25T03:38:09Z
2026-08-25T03:35:04Z,2026-08-25T05:35:04+0200,16553320-5c3e-4a08-95db-080ced308e52,2026-08-22T20:45:00Z,2026-08-22T22:45:00+0200,16738.90011,MW,DE,DE_LU,actual_onshore_wind_generation,Wind Onshore,2026-08-25T03:38:09Z
2026-08-25T03:35:04Z,2026-08-25T05:35:04+0200,16553320-5c3e-4a08-95db-080ced308e52,2026-08-22T21:00:00Z,2026-08-22T23:00:00+0200,16595.01564,MW,DE,DE_LU,actual_onshore_wind_generation,Wind Onshore,2026-08-25T03:38:09Z
2026-08-25T03:35:04Z,2026-08-25T05:35:04+0200,16553320-5c3e-4a08-95db-080ced308e52,2026-08-22T21:15:00Z,2026-08-22T23:15:00+0200,16316.33011,MW,DE,DE_LU,actual_onshore_wind_generation,Wind Onshore,2026-08-25T03:38:09Z
2026-08-25T03:35:04Z,2026-08-25T05:35:04+0200,16553320-5c3e-4a08-95db-080ced308e52,2026-08-22T21:30:00Z,2026-08-22T23:30:00+0200,16221.36616,MW,DE,DE_LU,actual_onshore_wind_generation,Wind Onshore,2026-08-25T03:38:09Z
2026-08-25T03:35:04Z,2026-08-25T05:35:04+0200,16553320-5c3e-4a08-95db-080ced308e52,2026-08-22T21:45:00Z,2026-08-22T23:45:00+0200,16185.7162,MW,DE,DE_LU,actual_onshore_wind_generation,Wind Onshore,2026-08-25T03:38:09Z
2026-08-25T03:35:04Z,2026-08-25T05:35:04+0200,16553320-5c3e-4a08-95db-080ced308e52,2026-08-22T22:00:00Z,2026-08-23T00:00:00+0200,15993.50462,MW,DE,DE_LU,actual_onshore_wind_generation,Wind Onshore,2026-08-25T03:38:09Z
2026-08-25T03:35:04Z,2026-08-25T05:35:04+0200,16553320-5c3e-4a08-95db-080ced308e52,2026-08-22T22:15:00Z,2026-08-23T00:15:00+0200,15917.47782,MW,DE,DE_LU,actual_onshore_wind_generation,Wind Onshore,2026-08-25T03:38:09Z
2026-08-25T03:35:04Z,2026-08-25T05:35:04+0200,16553320-5c3e-4a08-95db-080ced308e52,2026-08-22T22:30:00Z,2026-08-23T00:30:00+0200,15948.50152,MW,DE,DE_LU,actual_onshore_wind_generation,Wind Onshore,2026-08-25T03:38:09Z
2026-08-25T03:35:04Z,2026-08-25T05:35:04+0200,16553320-5c3e-4a08-95db-080ced308e52,2026-08-22T22:45:00Z,2026-08-23T00:45:00+0200,15750.51906,MW,DE,DE_LU,actual_onshore_wind_generation,Wind Onshore,2026-08-25T03:38:09Z
2026-08-25T03:35:04Z,2026-08-25T05:35:04+0200,16553320-5c3e-4a08-95db-080ced308e52,2026-08-22T23:00:00Z,2026-08-23T01:00:00+0200,15670.28324,MW,DE,DE_LU,actual_onshore_wind_generation,Wind Onshore,2026-08-25T03:38:09Z
2026-08-25T03:35:04Z,2026-08-25T05:35:04+0200,16553320-5c3e-4a08-95db-080ced308e52,2026-08-22T23:15:00Z,2026-08-23T01:15:00+0200,15405.71599,MW,DE,DE_LU,actual_onshore_wind_generation,Wind Onshore,2026-08-25T03:38:09Z
2026-08-25T03:35:04Z,2026-08-25T05:35:04+0200,16553320-5c3e-4a08-95db-080ced308e52,2026-08-22T23:30:00Z,2026-08-23T01:30:00+0200,15339.72363,MW,DE,DE_LU,actual_onshore_wind_generation,Wind Onshore,2026-08-25T03:38:09Z
2026-08-25T03:35:04Z,2026-08-25T05:35:04+0200,16553320-5c3e-4a08-95db-080ced308e52,2026-08-22T23:45:00Z,2026-08-23T01:45:00+0200,15158.13815,MW,DE,DE_LU,actual_onshore_wind_generation,Wind Onshore,2026-08-25T03:38:09Z
2026-08-25T03:35:04Z,2026-08-25T05:35:04+0200,16553320-5c3e-4a08-95db-080ced308e52,2026-08-23T00:00:00Z,2026-08-23T02:00:00+0200,14733.45051,MW,DE,DE_LU,actual_onshore_wind_generation,Wind Onshore,2026-08-25T03:38:09Z
2026-08-25T03:35:04Z,2026-08-25T05:35:04+0200,16553320-5c3e-4a08-95db-080ced308e52,2026-08-23T00:15:00Z,2026-08-23T02:15:00+0200,14569.19781,MW,DE,DE_LU,actual_onshore_wind_generation,Wind Onshore,2026-08-25T03:38:09Z
2026-08-25T03:35:04Z,2026-08-25T05:35:04+0200,16553320-5c3e-4a08-95db-080ced308e52,2026-08-23T00:30:00Z,2026-08-23T02:30:00+0200,14807.32248,MW,DE,DE_LU,actual_onshore_wind_generation,Wind Onshore,2026-08-25T03:38:09Z
2026-08-25T03:35:04Z,2026-08-25T05:35:04+0200,16553320-5c3e-4a08-95db-080ced308e52,2026-08-23T00:45:00Z,2026-08-23T02:45:00+0200,14518.22124,MW,DE,DE_LU,actual_onshore_wind_generation,Wind Onshore,2026-08-25T03:38:09Z
2026-08-25T03:35:04Z,2026-08-25T05:35:04+0200,16553320-5c3e-4a08-95db-080ced308e52,2026-08-23T01:00:00Z,2026-08-23T03:00:00+0200,14625.76331,MW,DE,DE_LU,actual_onshore_wind_generation,Wind Onshore,2026-08-25T03:38:09Z
2026-08-25T03:35:04Z,2026-08-25T05:35:04+0200,16553320-5c3e-4a08-95db-080ced308e52,2026-08-23T01:15:00Z,2026-08-23T03:15:00+0200,14841.03021,MW,DE,DE_LU,actual_onshore_wind_generation,Wind Onshore,2026-08-25T03:38:09Z
2026-08-25T03:35:04Z,2026-08-25T05:35:04+0200,16553320-5c3e-4a08-95db-080ced308e52,2026-08-23T01:30:00Z,2026-08-23T03:30:00+0200,15052.38234,MW,DE,DE_LU,actual_onshore_wind_generation,Wind Onshore,2026-08-25T03:38:09Z
2026-08-25T03:35:04Z,2026-08-25T05:35:04+0200,16553320-5c3e-4a08-95db-080ced308e52,2026-08-23T01:45:00Z,2026-08-23T03:45:00+0200,14974.64668,MW,DE,DE_LU,actual_onshore_wind_generation,Wind Onshore,2026-08-25T03:38:09Z
2026-08-25T03:35:04Z,2026-08-25T05:35:04+0200,16553320-5c3e-4a08-95db-080ced308e52,2026-08-23T02:00:00Z,2026-08-23T04:00:00+0200,14536.36617,MW,DE,DE_LU,actual_onshore_wind_generation,Wind Onshore,2026-08-25T03:38:09Z
2026-08-25T03:35:04Z,2026-08-25T05:35:04+0200,16553320-5c3e-4a08-95db-080ced308e52,2026-08-23T02:15:00Z,2026-08-23T04:15:00+0200,14654.04377,MW,DE,DE_LU,actual_onshore_wind_generation,Wind Onshore,2026-08-25T03:38:09Z
2026-08-25T03:35:04Z,2026-08-25T05:35:04+0200,16553320-5c3e-4a08-95db-080ced308e52,2026-08-23T02:30:00Z,2026-08-23T04:30:00+0200,14890.63056,MW,DE,DE_LU,actual_onshore_wind_generation,Wind Onshore,2026-08-25T03:38:09Z
2026-08-25T03:35:04Z,2026-08-25T05:35:04+0200,16553320-5c3e-4a08-95db-080ced308e52,2026-08-23T02:45:00Z,2026-08-23T04:45:00+0200,14876.9686,MW,DE,DE_LU,actual_onshore_wind_generation,Wind Onshore,2026-08-25T03:38:09Z
2026-08-25T03:35:04Z,2026-08-25T05:35:04+0200,16553320-5c3e-4a08-95db-080ced308e52,2026-08-23T03:00:00Z,2026-08-23T05:00:00+0200,14820.86184,MW,DE,DE_LU,actual_onshore_wind_generation,Wind Onshore,2026-08-25T03:38:09Z
2026-08-25T03:35:04Z,2026-08-25T05:35:04+0200,16553320-5c3e-4a08-95db-080ced308e52,2026-08-23T03:15:00Z,2026-08-23T05:15:00+0200,14711.92672,MW,DE,DE_LU,actual_onshore_wind_generation,Wind Onshore,2026-08-25T03:38:09Z
2026-08-25T03:35:04Z,2026-08-25T05:35:04+0200,16553320-5c3e-4a08-95db-080ced308e52,2026-08-23T03:30:00Z,2026-08-23T05:30:00+0200,14743.13165,MW,DE,DE_LU,actual_onshore_wind_generation,Wind Onshore,2026-08-25T03:38:09Z
2026-08-25T03:35:04Z,2026-08-25T05:35:04+0200,16553320-5c3e-4a08-95db-080ced308e52,2026-08-23T03:45:00Z,2026-08-23T05:45:00+0200,14747.77162,MW,DE,DE_LU,actual_onshore_wind_generation,Wind Onshore,2026-08-25T03:38:09Z
2026-08-25T03:35:04Z,2026-08-25T05:35:04+0200,16553320-5c3e-4a08-95db-080ced308e52,2026-08-23T04:00:00Z,2026-08-23T06:00:00+0200,14961.41304,MW,DE,DE_LU,actual_onshore_wind_generation,Wind Onshore,2026-08-25T03:38:09Z
2026-08-25T03:35:04Z,2026-08-25T05:35:04+0200,16553320-5c3e-4a08-95db-080ced308e52,2026-08-23T04:15:00Z,2026-08-23T06:15:00+0200,15150.91544,MW,DE,DE_LU,actual_onshore_wind_generation,Wind Onshore,2026-08-25T03:38:09Z
2026-08-25T03:35:04Z,2026-08-25T05:35:04+0200,16553320-5c3e-4a08-95db-080ced308e52,2026-08-23T04:30:00Z,2026-08-23T06:30:00+0200,15212.78963,MW,DE,DE_LU,actual_onshore_wind_generation,Wind Onshore,2026-08-25T03:38:09Z
2026-08-25T03:35:04Z,2026-08-25T05:35:04+0200,16553320-5c3e-4a08-95db-080ced308e52,2026-08-23T04:45:00Z,2026-08-23T06:45:00+0200,14925.98783,MW,DE,DE_LU,actual_onshore_wind_generation,Wind Onshore,2026-08-25T03:38:09Z
2026-08-25T03:35:04Z,2026-08-25T05:35:04+0200,16553320-5c3e-4a08-95db-080ced308e52,2026-08-23T05:00:00Z,2026-08-23T07:00:00+0200,14721.37945,MW,DE,DE_LU,actual_onshore_wind_generation,Wind Onshore,2026-08-25T03:38:09Z
2026-08-25T03:35:04Z,2026-08-25T05:35:04+0200,16553320-5c3e-4a08-95db-080ced308e52,2026-08-23T05:15:00Z,2026-08-23T07:15:00+0200,14565.08429,MW,DE,DE_LU,actual_onshore_wind_generation,Wind Onshore,2026-08-25T03:38:09Z
2026-08-25T03:35:04Z,2026-08-25T05:35:04+0200,16553320-5c3e-4a08-95db-080ced308e52,2026-08-23T05:30:00Z,2026-08-23T07:30:00+0200,14501.21384,MW,DE,DE_LU,actual_onshore_wind_generation,Wind Onshore,2026-08-25T03:38:09Z
2026-08-25T03:35:04Z,2026-08-25T05:35:04+0200,16553320-5c3e-4a08-95db-080ced308e52,2026-08-23T05:45:00Z,2026-08-23T07:45:00+0200,14297.04395,MW,DE,DE_LU,actual_onshore_wind_generation,Wind Onshore,2026-08-25T03:38:09Z
2026-08-25T03:35:04Z,2026-08-25T05:35:04+0200,16553320-5c3e-4a08-95db-080ced308e52,2026-08-23T06:00:00Z,2026-08-23T08:00:00+0200,14271.91556,MW,DE,DE_LU,actual_onshore_wind_generation,Wind Onshore,2026-08-25T03:38:09Z
2026-08-25T03:35:04Z,2026-08-25T05:35:04+0200,16553320-5c3e-4a08-95db-080ced308e52,2026-08-23T06:15:00Z,2026-08-23T08:15:00+0200,14021.88076,MW,DE,DE_LU,actual_onshore_wind_generation,Wind Onshore,2026-08-25T03:38:09Z
2026-08-25T03:35:04Z,2026-08-25T05:35:04+0200,16553320-5c3e-4a08-95db-080ced308e52,2026-08-23T06:30:00Z,2026-08-23T08:30:00+0200,13788.883,MW,DE,DE_LU,actual_onshore_wind_generation,Wind Onshore,2026-08-25T03:38:09Z
2026-08-25T03:35:04Z,2026-08-25T05:35:04+0200,16553320-5c3e-4a08-95db-080ced308e52,2026-08-23T06:45:00Z,2026-08-23T08:45:00+0200,14248.80845,MW,DE,DE_LU,actual_onshore_wind_generation,Wind Onshore,2026-08-25T03:38:09Z
2026-08-25T03:35:04Z,2026-08-25T05:35:04+0200,16553320-5c3e-4a08-95db-080ced308e52,2026-08-23T07:00:00Z,2026-08-23T09:00:00+0200,14382.8508,MW,DE,DE_LU,actual_onshore_wind_generation,Wind Onshore,2026-08-25T03:38:09Z
2026-08-25T03:35:04Z,2026-08-25T05:35:04+0200,16553320-5c3e-4a08-95db-080ced308e52,2026-08-23T07:15:00Z,2026-08-23T09:15:00+0200,13712.31673,MW,DE,DE_LU,actual_onshore_wind_generation,Wind Onshore,2026-08-25T03:38:09Z
2026-08-25T03:35:04Z,2026-08-25T05:35:04+0200,16553320-5c3e-4a08-95db-080ced308e52,2026-08-23T07:30:00Z,2026-08-23T09:30:00+0200,12515.72291,MW,DE,DE_LU,actual_onshore_wind_generation,Wind Onshore,2026-08-25T03:38:09Z
2026-08-25T03:35:04Z,2026-08-25T05:35:04+0200,16553320-5c3e-4a08-95db-080ced308e52,2026-08-23T07:45:00Z,2026-08-23T09:45:00+0200,10757.57589,MW,DE,DE_LU,actual_onshore_wind_generation,Wind Onshore,2026-08-25T03:38:09Z
2026-08-25T03:35:04Z,2026-08-25T05:35:04+0200,16553320-5c3e-4a08-95db-080ced308e52,2026-08-23T08:00:00Z,2026-08-23T10:00:00+0200,9905.82868,MW,DE,DE_LU,actual_onshore_wind_generation,Wind Onshore,2026-08-25T03:38:09Z
2026-08-25T03:35:04Z,2026-08-25T05:35:04+0200,16553320-5c3e-4a08-95db-080ced308e52,2026-08-23T08:15:00Z,2026-08-23T10:15:00+0200,9620.82542,MW,DE,DE_LU,actual_onshore_wind_generation,Wind Onshore,2026-08-25T03:38:09Z
2026-08-25T03:35:04Z,2026-08-25T05:35:04+0200,16553320-5c3e-4a08-95db-080ced308e52,2026-08-23T08:30:00Z,2026-08-23T10:30:00+0200,9625.17619,MW,DE,DE_LU,actual_onshore_wind_generation,Wind Onshore,2026-08-25T03:38:09Z
2026-08-25T03:35:04Z,2026-08-25T05:35:04+0200,16553320-5c3e-4a08-95db-080ced308e52,2026-08-23T08:45:00Z,2026-08-23T10:45:00+0200,9956.13168,MW,DE,DE_LU,actual_onshore_wind_generation,Wind Onshore,2026-08-25T03:38:09Z
2026-08-25T03:35:04Z,2026-08-25T05:35:04+0200,16553320-5c3e-4a08-95db-080ced308e52,2026-08-23T09:00:00Z,2026-08-23T11:00:00+0200,9726.08936,MW,DE,DE_LU,actual_onshore_wind_generation,Wind Onshore,2026-08-25T03:38:09Z
2026-08-25T03:35:04Z,2026-08-25T05:35:04+0200,16553320-5c3e-4a08-95db-080ced308e52,2026-08-23T09:15:00Z,2026-08-23T11:15:00+0200,10144.03166,MW,DE,DE_LU,actual_onshore_wind_generation,Wind Onshore,2026-08-25T03:38:09Z
2026-08-25T03:35:04Z,2026-08-25T05:35:04+0200,16553320-5c3e-4a08-95db-080ced308e52,2026-08-23T09:30:00Z,2026-08-23T11:30:00+0200,9891.35737,MW,DE,DE_LU,actual_onshore_wind_generation,Wind Onshore,2026-08-25T03:38:09Z
2026-08-25T03:35:04Z,2026-08-25T05:35:04+0200,16553320-5c3e-4a08-95db-080ced308e52,2026-08-23T09:45:00Z,2026-08-23T11:45:00+0200,9847.18831,MW,DE,DE_LU,actual_onshore_wind_generation,Wind Onshore,2026-08-25T03:38:09Z
2026-08-25T03:35:04Z,2026-08-25T05:35:04+0200,16553320-5c3e-4a08-95db-080ced308e52,2026-08-23T10:00:00Z,2026-08-23T12:00:00+0200,9258.81717,MW,DE,DE_LU,actual_onshore_wind_generation,Wind Onshore,2026-08-25T03:38:09Z
2026-08-25T03:35:04Z,2026-08-25T05:35:04+0200,16553320-5c3e-4a08-95db-080ced308e52,2026-08-23T10:15:00Z,2026-08-23T12:15:00+0200,9347.90951,MW,DE,DE_LU,actual_onshore_wind_generation,Wind Onshore,2026-08-25T03:38:09Z
2026-08-25T03:35:04Z,2026-08-25T05:35:04+0200,16553320-5c3e-4a08-95db-080ced308e52,2026-08-23T10:30:00Z,2026-08-23T12:30:00+0200,9568.73327,MW,DE,DE_LU,actual_onshore_wind_generation,Wind Onshore,2026-08-25T03:38:09Z
2026-08-25T03:35:04Z,2026-08-25T05:35:04+0200,16553320-5c3e-4a08-95db-080ced308e52,2026-08-23T10:45:00Z,2026-08-23T12:45:00+0200,9217.62539,MW,DE,DE_LU,actual_onshore_wind_generation,Wind Onshore,2026-08-25T03:38:09Z
2026-08-25T03:35:04Z,2026-08-25T05:35:04+0200,16553320-5c3e-4a08-95db-080ced308e52,2026-08-23T11:00:00Z,2026-08-23T13:00:00+0200,8571.60544,MW,DE,DE_LU,actual_onshore_wind_generation,Wind Onshore,2026-08-25T03:38:09Z
2026-08-25T03:35:04Z,2026-08-25T05:35:04+0200,16553320-5c3e-4a08-95db-080ced308e52,2026-08-23T11:15:00Z,2026-08-23T13:15:00+0200,8482.3094,MW,DE,DE_LU,actual_onshore_wind_generation,Wind Onshore,2026-08-25T03:38:09Z
2026-08-25T03:35:04Z,2026-08-25T05:35:04+0200,16553320-5c3e-4a08-95db-080ced308e52,2026-08-23T11:30:00Z,2026-08-23T13:30:00+0200,8255.78797,MW,DE,DE_LU,actual_onshore_wind_generation,Wind Onshore,2026-08-25T03:38:09Z
2026-08-25T03:35:04Z,2026-08-25T05:35:04+0200,16553320-5c3e-4a08-95db-080ced308e52,2026-08-23T11:45:00Z,2026-08-23T13:45:00+0200,7929.99829,MW,DE,DE_LU,actual_onshore_wind_generation,Wind Onshore,2026-08-25T03:38:09Z
2026-08-25T03:35:04Z,2026-08-25T05:35:04+0200,16553320-5c3e-4a08-95db-080ced308e52,2026-08-23T12:00:00Z,2026-08-23T14:00:00+0200,8081.94164,MW,DE,DE_LU,actual_onshore_wind_generation,Wind Onshore,2026-08-25T03:38:09Z
2026-08-25T03:35:04Z,2026-08-25T05:35:04+0200,16553320-5c3e-4a08-95db-080ced308e52,2026-08-23T12:15:00Z,2026-08-23T14:15:00+0200,8027.98602,MW,DE,DE_LU,actual_onshore_wind_generation,Wind Onshore,2026-08-25T03:38:09Z
2026-08-25T03:35:04Z,2026-08-25T05:35:04+0200,16553320-5c3e-4a08-95db-080ced308e52,2026-08-23T12:30:00Z,2026-08-23T14:30:00+0200,8079.83345,MW,DE,DE_LU,actual_onshore_wind_generation,Wind Onshore,2026-08-25T03:38:09Z
2026-08-25T03:35:04Z,2026-08-25T05:35:04+0200,16553320-5c3e-4a08-95db-080ced308e52,2026-08-23T12:45:00Z,2026-08-23T14:45:00+0200,8276.22,MW,DE,DE_LU,actual_onshore_wind_generation,Wind Onshore,2026-08-25T03:38:09Z
2026-08-25T03:35:04Z,2026-08-25T05:35:04+0200,16553320-5c3e-4a08-95db-080ced308e52,2026-08-23T13:00:00Z,2026-08-23T15:00:00+0200,8905.43513,MW,DE,DE_LU,actual_onshore_wind_generation,Wind Onshore,2026-08-25T03:38:09Z
2026-08-25T03:35:04Z,2026-08-25T05:35:04+0200,16553320-5c3e-4a08-95db-080ced308e52,2026-08-23T13:15:00Z,2026-08-23T15:15:00+0200,9186.04184,MW,DE,DE_LU,actual_onshore_wind_generation,Wind Onshore,2026-08-25T03:38:09Z
2026-08-25T03:35:04Z,2026-08-25T05:35:04+0200,16553320-5c3e-4a08-95db-080ced308e52,2026-08-23T13:30:00Z,2026-08-23T15:30:00+0200,9459.5171,MW,DE,DE_LU,actual_onshore_wind_generation,Wind Onshore,2026-08-25T03:38:09Z
2026-08-25T03:35:04Z,2026-08-25T05:35:04+0200,16553320-5c3e-4a08-95db-080ced308e52,2026-08-23T13:45:00Z,2026-08-23T15:45:00+0200,9151.78572,MW,DE,DE_LU,actual_onshore_wind_generation,Wind Onshore,2026-08-25T03:38:09Z
2026-08-25T03:35:04Z,2026-08-25T05:35:04+0200,16553320-5c3e-4a08-95db-080ced308e52,2026-08-23T14:00:00Z,2026-08-23T16:00:00+0200,9477.87868,MW,DE,DE_LU,actual_onshore_wind_generation,Wind Onshore,2026-08-25T03:38:09Z
2026-08-25T03:35:04Z,2026-08-25T05:35:04+0200,16553320-5c3e-4a08-95db-080ced308e52,2026-08-23T14:15:00Z,2026-08-23T16:15:00+0200,9572.00704,MW,DE,DE_LU,actual_onshore_wind_generation,Wind Onshore,2026-08-25T03:38:09Z
2026-08-25T03:35:04Z,2026-08-25T05:35:04+0200,16553320-5c3e-4a08-95db-080ced308e52,2026-08-23T14:30:00Z,2026-08-23T16:30:00+0200,9645.90384,MW,DE,DE_LU,actual_onshore_wind_generation,Wind Onshore,2026-08-25T03:38:09Z
2026-08-25T03:35:04Z,2026-08-25T05:35:04+0200,16553320-5c3e-4a08-95db-080ced308e52,2026-08-23T14:45:00Z,2026-08-23T16:45:00+0200,10293.75733,MW,DE,DE_LU,actual_onshore_wind_generation,Wind Onshore,2026-08-25T03:38:09Z
2026-08-25T03:35:04Z,2026-08-25T05:35:04+0200,16553320-5c3e-4a08-95db-080ced308e52,2026-08-23T15:00:00Z,2026-08-23T17:00:00+0200,13210.29784,MW,DE,DE_LU,actual_onshore_wind_generation,Wind Onshore,2026-08-25T03:38:09Z
2026-08-25T03:35:04Z,2026-08-25T05:35:04+0200,16553320-5c3e-4a08-95db-080ced308e52,2026-08-23T15:15:00Z,2026-08-23T17:15:00+0200,14835.3313,MW,DE,DE_LU,actual_onshore_wind_generation,Wind Onshore,2026-08-25T03:38:09Z
2026-08-25T03:35:04Z,2026-08-25T05:35:04+0200,16553320-5c3e-4a08-95db-080ced308e52,2026-08-23T15:30:00Z,2026-08-23T17:30:00+0200,15645.91631,MW,DE,DE_LU,actual_onshore_wind_generation,Wind Onshore,2026-08-25T03:38:09Z
2026-08-25T03:35:04Z,2026-08-25T05:35:04+0200,16553320-5c3e-4a08-95db-080ced308e52,2026-08-23T15:45:00Z,2026-08-23T17:45:00+0200,15998.86457,MW,DE,DE_LU,actual_onshore_wind_generation,Wind Onshore,2026-08-25T03:38:09Z
2026-08-25T03:35:04Z,2026-08-25T05:35:04+0200,16553320-5c3e-4a08-95db-080ced308e52,2026-08-23T16:00:00Z,2026-08-23T18:00:00+0200,15403.94774,MW,DE,DE_LU,actual_onshore_wind_generation,Wind Onshore,2026-08-25T03:38:09Z
2026-08-25T03:35:04Z,2026-08-25T05:35:04+0200,16553320-5c3e-4a08-95db-080ced308e52,2026-08-23T16:15:00Z,2026-08-23T18:15:00+0200,14882.5629,MW,DE,DE_LU,actual_onshore_wind_generation,Wind Onshore,2026-08-25T03:38:09Z
2026-08-25T03:35:04Z,2026-08-25T05:35:04+0200,16553320-5c3e-4a08-95db-080ced308e52,2026-08-23T16:30:00Z,2026-08-23T18:30:00+0200,14126.6808,MW,DE,DE_LU,actual_onshore_wind_generation,Wind Onshore,2026-08-25T03:38:09Z
2026-08-25T03:35:04Z,2026-08-25T05:35:04+0200,16553320-5c3e-4a08-95db-080ced308e52,2026-08-23T16:45:00Z,2026-08-23T18:45:00+0200,13613.86289,MW,DE,DE_LU,actual_onshore_wind_generation,Wind Onshore,2026-08-25T03:38:09Z
2026-08-25T03:35:04Z,2026-08-25T05:35:04+0200,16553320-5c3e-4a08-95db-080ced308e52,2026-08-23T17:00:00Z,2026-08-23T19:00:00+0200,13112.91519,MW,DE,DE_LU,actual_onshore_wind_generation,Wind Onshore,2026-08-25T03:38:09Z
2026-08-25T03:35:04Z,2026-08-25T05:35:04+0200,16553320-5c3e-4a08-95db-080ced308e52,2026-08-23T17:15:00Z,2026-08-23T19:15:00+0200,12358.91493,MW,DE,DE_LU,actual_onshore_wind_generation,Wind Onshore,2026-08-25T03:38:09Z
2026-08-25T03:35:04Z,2026-08-25T05:35:04+0200,16553320-5c3e-4a08-95db-080ced308e52,2026-08-23T17:30:00Z,2026-08-23T19:30:00+0200,11555.62171,MW,DE,DE_LU,actual_onshore_wind_generation,Wind Onshore,2026-08-25T03:38:09Z
2026-08-25T03:35:04Z,2026-08-25T05:35:04+0200,16553320-5c3e-4a08-95db-080ced308e52,2026-08-23T17:45:00Z,2026-08-23T19:45:00+0200,11074.20334,MW,DE,DE_LU,actual_onshore_wind_generation,Wind Onshore,2026-08-25T03:38:09Z
2026-08-25T03:35:04Z,2026-08-25T05:35:04+0200,16553320-5c3e-4a08-95db-080ced308e52,2026-08-23T18:00:00Z,2026-08-23T20:00:00+0200,11088.25217,MW,DE,DE_LU,actual_onshore_wind_generation,Wind Onshore,2026-08-25T03:38:09Z
2026-08-25T03:35:04Z,2026-08-25T05:35:04+0200,16553320-5c3e-4a08-95db-080ced308e52,2026-08-23T18:15:00Z,2026-08-23T20:15:00+0200,10930.35318,MW,DE,DE_LU,actual_onshore_wind_generation,Wind Onshore,2026-08-25T03:38:09Z
2026-08-25T03:35:04Z,2026-08-25T05:35:04+0200,16553320-5c3e-4a08-95db-080ced308e52,2026-08-23T18:30:00Z,2026-08-23T20:30:00+0200,9972.41815,MW,DE,DE_LU,actual_onshore_wind_generation,Wind Onshore,2026-08-25T03:38:09Z
2026-08-25T03:35:04Z,2026-08-25T05:35:04+0200,16553320-5c3e-4a08-95db-080ced308e52,2026-08-23T18:45:00Z,2026-08-23T20:45:00+0200,9691.5411,MW,DE,DE_LU,actual_onshore_wind_generation,Wind Onshore,2026-08-25T03:38:09Z
2026-08-25T03:35:04Z,2026-08-25T05:35:04+0200,16553320-5c3e-4a08-95db-080ced308e52,2026-08-23T19:00:00Z,2026-08-23T21:00:00+0200,9893.43031,MW,DE,DE_LU,actual_onshore_wind_generation,Wind Onshore,2026-08-25T03:38:09Z
2026-08-25T03:35:04Z,2026-08-25T05:35:04+0200,16553320-5c3e-4a08-95db-080ced308e52,2026-08-23T19:15:00Z,2026-08-23T21:15:00+0200,9853.99606,MW,DE,DE_LU,actual_onshore_wind_generation,Wind Onshore,2026-08-25T03:38:09Z
2026-08-25T03:35:04Z,2026-08-25T05:35:04+0200,16553320-5c3e-4a08-95db-080ced308e52,2026-08-23T19:30:00Z,2026-08-23T21:30:00+0200,9757.80898,MW,DE,DE_LU,actual_onshore_wind_generation,Wind Onshore,2026-08-25T03:38:09Z
2026-08-25T03:35:04Z,2026-08-25T05:35:04+0200,16553320-5c3e-4a08-95db-080ced308e52,2026-08-23T19:45:00Z,2026-08-23T21:45:00+0200,9667.36783,MW,DE,DE_LU,actual_onshore_wind_generation,Wind Onshore,2026-08-25T03:38:09Z
2026-08-25T03:35:04Z,2026-08-25T05:35:04+0200,16553320-5c3e-4a08-95db-080ced308e52,2026-08-23T20:00:00Z,2026-08-23T22:00:00+0200,9500.52571,MW,DE,DE_LU,actual_onshore_wind_generation,Wind Onshore,2026-08-25T03:38:09Z
2026-08-25T03:35:04Z,2026-08-25T05:35:04+0200,16553320-5c3e-4a08-95db-080ced308e52,2026-08-23T20:15:00Z,2026-08-23T22:15:00+0200,9575.01114,MW,DE,DE_LU,actual_onshore_wind_generation,Wind Onshore,2026-08-25T03:38:09Z
2026-08-25T03:35:04Z,2026-08-25T05:35:04+0200,16553320-5c3e-4a08-95db-080ced308e52,2026-08-23T20:30:00Z,2026-08-23T22:30:00+0200,9952.88226,MW,DE,DE_LU,actual_onshore_wind_generation,Wind Onshore,2026-08-25T03:38:09Z
2026-08-25T03:35:04Z,2026-08-25T05:35:04+0200,16553320-5c3e-4a08-95db-080ced308e52,2026-08-23T20:45:00Z,2026-08-23T22:45:00+0200,10069.13503,MW,DE,DE_LU,actual_onshore_wind_generation,Wind Onshore,2026-08-25T03:38:09Z
2026-08-25T03:35:04Z,2026-08-25T05:35:04+0200,16553320-5c3e-4a08-95db-080ced308e52,2026-08-23T21:00:00Z,2026-08-23T23:00:00+0200,9932.71983,MW,DE,DE_LU,actual_onshore_wind_generation,Wind Onshore,2026-08-25T03:38:09Z
2026-08-25T03:35:04Z,2026-08-25T05:35:04+0200,16553320-5c3e-4a08-95db-080ced308e52,2026-08-23T21:15:00Z,2026-08-23T23:15:00+0200,9919.55572,MW,DE,DE_LU,actual_onshore_wind_generation,Wind Onshore,2026-08-25T03:38:09Z
2026-08-25T03:35:04Z,2026-08-25T05:35:04+0200,16553320-5c3e-4a08-95db-080ced308e52,2026-08-23T21:30:00Z,2026-08-23T23:30:00+0200,9866.74751,MW,DE,DE_LU,actual_onshore_wind_generation,Wind Onshore,2026-08-25T03:38:09Z
2026-08-25T03:35:04Z,2026-08-25T05:35:04+0200,16553320-5c3e-4a08-95db-080ced308e52,2026-08-23T21:45:00Z,2026-08-23T23:45:00+0200,9701.24621,MW,DE,DE_LU,actual_onshore_wind_generation,Wind Onshore,2026-08-25T03:38:09Z
2026-08-25T03:35:04Z,2026-08-25T05:35:04+0200,16553320-5c3e-4a08-95db-080ced308e52,2026-08-23T22:00:00Z,2026-08-24T00:00:00+0200,9515.18427,MW,DE,DE_LU,actual_onshore_wind_generation,Wind Onshore,2026-08-25T03:38:09Z
2026-08-25T03:35:04Z,2026-08-25T05:35:04+0200,16553320-5c3e-4a08-95db-080ced308e52,2026-08-23T22:15:00Z,2026-08-24T00:15:00+0200,9390.91527,MW,DE,DE_LU,actual_onshore_wind_generation,Wind Onshore,2026-08-25T03:38:09Z
2026-08-25T03:35:04Z,2026-08-25T05:35:04+0200,16553320-5c3e-4a08-95db-080ced308e52,2026-08-23T22:30:00Z,2026-08-24T00:30:00+0200,9212.63911,MW,DE,DE_LU,actual_onshore_wind_generation,Wind Onshore,2026-08-25T03:38:09Z
2026-08-25T03:35:04Z,2026-08-25T05:35:04+0200,16553320-5c3e-4a08-95db-080ced308e52,2026-08-23T22:45:00Z,2026-08-24T00:45:00+0200,9036.59951,MW,DE,DE_LU,actual_onshore_wind_generation,Wind Onshore,2026-08-25T03:38:09Z
2026-08-25T03:35:04Z,2026-08-25T05:35:04+0200,16553320-5c3e-4a08-95db-080ced308e52,2026-08-23T23:00:00Z,2026-08-24T01:00:00+0200,8905.90127,MW,DE,DE_LU,actual_onshore_wind_generation,Wind Onshore,2026-08-25T03:38:09Z
2026-08-25T03:35:04Z,2026-08-25T05:35:04+0200,16553320-5c3e-4a08-95db-080ced308e52,2026-08-23T23:15:00Z,2026-08-24T01:15:00+0200,8867.78533,MW,DE,DE_LU,actual_onshore_wind_generation,Wind Onshore,2026-08-25T03:38:09Z
2026-08-25T03:35:04Z,2026-08-25T05:35:04+0200,16553320-5c3e-4a08-95db-080ced308e52,2026-08-23T23:30:00Z,2026-08-24T01:30:00+0200,8784.40241,MW,DE,DE_LU,actual_onshore_wind_generation,Wind Onshore,2026-08-25T03:38:09Z
2026-08-25T03:35:04Z,2026-08-25T05:35:04+0200,16553320-5c3e-4a08-95db-080ced308e52,2026-08-23T23:45:00Z,2026-08-24T01:45:00+0200,8771.02888,MW,DE,DE_LU,actual_onshore_wind_generation,Wind Onshore,2026-08-25T03:38:09Z
2026-08-25T03:35:04Z,2026-08-25T05:35:04+0200,16553320-5c3e-4a08-95db-080ced308e52,2026-08-24T00:00:00Z,2026-08-24T02:00:00+0200,8695.03855,MW,DE,DE_LU,actual_onshore_wind_generation,Wind Onshore,2026-08-25T03:38:09Z
2026-08-25T03:35:04Z,2026-08-25T05:35:04+0200,16553320-5c3e-4a08-95db-080ced308e52,2026-08-24T00:15:00Z,2026-08-24T02:15:00+0200,8609.83019,MW,DE,DE_LU,actual_onshore_wind_generation,Wind Onshore,2026-08-25T03:38:09Z
2026-08-25T03:35:04Z,2026-08-25T05:35:04+0200,16553320-5c3e-4a08-95db-080ced308e52,2026-08-24T00:30:00Z,2026-08-24T02:30:00+0200,8406.79174,MW,DE,DE_LU,actual_onshore_wind_generation,Wind Onshore,2026-08-25T03:38:09Z
2026-08-25T03:35:04Z,2026-08-25T05:35:04+0200,16553320-5c3e-4a08-95db-080ced308e52,2026-08-24T00:45:00Z,2026-08-24T02:45:00+0200,8303.29238,MW,DE,DE_LU,actual_onshore_wind_generation,Wind Onshore,2026-08-25T03:38:09Z
2026-08-25T03:35:04Z,2026-08-25T05:35:04+0200,16553320-5c3e-4a08-95db-080ced308e52,2026-08-24T01:00:00Z,2026-08-24T03:00:00+0200,8043.34695,MW,DE,DE_LU,actual_onshore_wind_generation,Wind Onshore,2026-08-25T03:38:09Z
2026-08-25T03:35:04Z,2026-08-25T05:35:04+0200,16553320-5c3e-4a08-95db-080ced308e52,2026-08-24T01:15:00Z,2026-08-24T03:15:00+0200,7861.91759,MW,DE,DE_LU,actual_onshore_wind_generation,Wind Onshore,2026-08-25T03:38:09Z
2026-08-25T03:35:04Z,2026-08-25T05:35:04+0200,16553320-5c3e-4a08-95db-080ced308e52,2026-08-24T01:30:00Z,2026-08-24T03:30:00+0200,7736.60174,MW,DE,DE_LU,actual_onshore_wind_generation,Wind Onshore,2026-08-25T03:38:09Z
2026-08-25T03:35:04Z,2026-08-25T05:35:04+0200,16553320-5c3e-4a08-95db-080ced308e52,2026-08-24T01:45:00Z,2026-08-24T03:45:00+0200,7519.40118,MW,DE,DE_LU,actual_onshore_wind_generation,Wind Onshore,2026-08-25T03:38:09Z
2026-08-25T03:35:04Z,2026-08-25T05:35:04+0200,16553320-5c3e-4a08-95db-080ced308e52,2026-08-24T02:00:00Z,2026-08-24T04:00:00+0200,7221.15506,MW,DE,DE_LU,actual_onshore_wind_generation,Wind Onshore,2026-08-25T03:38:09Z
2026-08-25T03:35:04Z,2026-08-25T05:35:04+0200,16553320-5c3e-4a08-95db-080ced308e52,2026-08-24T02:15:00Z,2026-08-24T04:15:00+0200,7138.41924,MW,DE,DE_LU,actual_onshore_wind_generation,Wind Onshore,2026-08-25T03:38:09Z
2026-08-25T03:35:04Z,2026-08-25T05:35:04+0200,16553320-5c3e-4a08-95db-080ced308e52,2026-08-24T02:30:00Z,2026-08-24T04:30:00+0200,6955.69688,MW,DE,DE_LU,actual_onshore_wind_generation,Wind Onshore,2026-08-25T03:38:09Z
2026-08-25T03:35:04Z,2026-08-25T05:35:04+0200,16553320-5c3e-4a08-95db-080ced308e52,2026-08-24T02:45:00Z,2026-08-24T04:45:00+0200,6900.06163,MW,DE,DE_LU,actual_onshore_wind_generation,Wind Onshore,2026-08-25T03:38:09Z
2026-08-25T03:35:04Z,2026-08-25T05:35:04+0200,16553320-5c3e-4a08-95db-080ced308e52,2026-08-24T03:00:00Z,2026-08-24T05:00:00+0200,6915.44244,MW,DE,DE_LU,actual_onshore_wind_generation,Wind Onshore,2026-08-25T03:38:09Z
2026-08-25T03:35:04Z,2026-08-25T05:35:04+0200,16553320-5c3e-4a08-95db-080ced308e52,2026-08-24T03:15:00Z,2026-08-24T05:15:00+0200,6984.5338,MW,DE,DE_LU,actual_onshore_wind_generation,Wind Onshore,2026-08-25T03:38:09Z
2026-08-25T03:35:04Z,2026-08-25T05:35:04+0200,16553320-5c3e-4a08-95db-080ced308e52,2026-08-24T03:30:00Z,2026-08-24T05:30:00+0200,6962.64338,MW,DE,DE_LU,actual_onshore_wind_generation,Wind Onshore,2026-08-25T03:38:09Z
2026-08-25T03:35:04Z,2026-08-25T05:35:04+0200,16553320-5c3e-4a08-95db-080ced308e52,2026-08-24T03:45:00Z,2026-08-24T05:45:00+0200,6942.6101,MW,DE,DE_LU,actual_onshore_wind_generation,Wind Onshore,2026-08-25T03:38:09Z
2026-08-25T03:35:04Z,2026-08-25T05:35:04+0200,16553320-5c3e-4a08-95db-080ced308e52,2026-08-24T04:00:00Z,2026-08-24T06:00:00+0200,6896.55953,MW,DE,DE_LU,actual_onshore_wind_generation,Wind Onshore,2026-08-25T03:38:09Z
2026-08-25T03:35:04Z,2026-08-25T05:35:04+0200,16553320-5c3e-4a08-95db-080ced308e52,2026-08-24T04:15:00Z,2026-08-24T06:15:00+0200,6858.7397,MW,DE,DE_LU,actual_onshore_wind_generation,Wind Onshore,2026-08-25T03:38:09Z
2026-08-25T03:35:04Z,2026-08-25T05:35:04+0200,16553320-5c3e-4a08-95db-080ced308e52,2026-08-24T04:30:00Z,2026-08-24T06:30:00+0200,6852.33535,MW,DE,DE_LU,actual_onshore_wind_generation,Wind Onshore,2026-08-25T03:38:09Z
2026-08-25T03:35:04Z,2026-08-25T05:35:04+0200,16553320-5c3e-4a08-95db-080ced308e52,2026-08-24T04:45:00Z,2026-08-24T06:45:00+0200,6649.76737,MW,DE,DE_LU,actual_onshore_wind_generation,Wind Onshore,2026-08-25T03:38:09Z
2026-08-25T03:35:04Z,2026-08-25T05:35:04+0200,16553320-5c3e-4a08-95db-080ced308e52,2026-08-24T05:00:00Z,2026-08-24T07:00:00+0200,6267.94255,MW,DE,DE_LU,actual_onshore_wind_generation,Wind Onshore,2026-08-25T03:38:09Z
2026-08-25T03:35:04Z,2026-08-25T05:35:04+0200,16553320-5c3e-4a08-95db-080ced308e52,2026-08-24T05:15:00Z,2026-08-24T07:15:00+0200,5908.00215,MW,DE,DE_LU,actual_onshore_wind_generation,Wind Onshore,2026-08-25T03:38:09Z
2026-08-25T03:35:04Z,2026-08-25T05:35:04+0200,16553320-5c3e-4a08-95db-080ced308e52,2026-08-24T05:30:00Z,2026-08-24T07:30:00+0200,5550.13141,MW,DE,DE_LU,actual_onshore_wind_generation,Wind Onshore,2026-08-25T03:38:09Z
2026-08-25T03:35:04Z,2026-08-25T05:35:04+0200,16553320-5c3e-4a08-95db-080ced308e52,2026-08-24T05:45:00Z,2026-08-24T07:45:00+0200,5188.82795,MW,DE,DE_LU,actual_onshore_wind_generation,Wind Onshore,2026-08-25T03:38:09Z
2026-08-25T03:35:04Z,2026-08-25T05:35:04+0200,16553320-5c3e-4a08-95db-080ced308e52,2026-08-24T06:00:00Z,2026-08-24T08:00:00+0200,4766.15575,MW,DE,DE_LU,actual_onshore_wind_generation,Wind Onshore,2026-08-25T03:38:09Z
2026-08-25T03:35:04Z,2026-08-25T05:35:04+0200,16553320-5c3e-4a08-95db-080ced308e52,2026-08-24T06:15:00Z,2026-08-24T08:15:00+0200,4299.45067,MW,DE,DE_LU,actual_onshore_wind_generation,Wind Onshore,2026-08-25T03:38:09Z
2026-08-25T03:35:04Z,2026-08-25T05:35:04+0200,16553320-5c3e-4a08-95db-080ced308e52,2026-08-24T06:30:00Z,2026-08-24T08:30:00+0200,3859.57451,MW,DE,DE_LU,actual_onshore_wind_generation,Wind Onshore,2026-08-25T03:38:09Z
2026-08-25T03:35:04Z,2026-08-25T05:35:04+0200,16553320-5c3e-4a08-95db-080ced308e52,2026-08-24T06:45:00Z,2026-08-24T08:45:00+0200,3418.59452,MW,DE,DE_LU,actual_onshore_wind_generation,Wind Onshore,2026-08-25T03:38:09Z
2026-08-25T03:35:04Z,2026-08-25T05:35:04+0200,16553320-5c3e-4a08-95db-080ced308e52,2026-08-24T07:00:00Z,2026-08-24T09:00:00+0200,3118.91085,MW,DE,DE_LU,actual_onshore_wind_generation,Wind Onshore,2026-08-25T03:38:09Z
2026-08-25T03:35:04Z,2026-08-25T05:35:04+0200,16553320-5c3e-4a08-95db-080ced308e52,2026-08-24T07:15:00Z,2026-08-24T09:15:00+0200,2868.34527,MW,DE,DE_LU,actual_onshore_wind_generation,Wind Onshore,2026-08-25T03:38:09Z
2026-08-25T03:35:04Z,2026-08-25T05:35:04+0200,16553320-5c3e-4a08-95db-080ced308e52,2026-08-24T07:30:00Z,2026-08-24T09:30:00+0200,2677.33423,MW,DE,DE_LU,actual_onshore_wind_generation,Wind Onshore,2026-08-25T03:38:09Z
2026-08-25T03:35:04Z,2026-08-25T05:35:04+0200,16553320-5c3e-4a08-95db-080ced308e52,2026-08-24T07:45:00Z,2026-08-24T09:45:00+0200,2554.15404,MW,DE,DE_LU,actual_onshore_wind_generation,Wind Onshore,2026-08-25T03:38:09Z
2026-08-25T03:35:04Z,2026-08-25T05:35:04+0200,16553320-5c3e-4a08-95db-080ced308e52,2026-08-24T08:00:00Z,2026-08-24T10:00:00+0200,2544.0559,MW,DE,DE_LU,actual_onshore_wind_generation,Wind Onshore,2026-08-25T03:38:09Z
2026-08-25T03:35:04Z,2026-08-25T05:35:04+0200,16553320-5c3e-4a08-95db-080ced308e52,2026-08-24T08:15:00Z,2026-08-24T10:15:00+0200,2597.84485,MW,DE,DE_LU,actual_onshore_wind_generation,Wind Onshore,2026-08-25T03:38:09Z
2026-08-25T03:35:04Z,2026-08-25T05:35:04+0200,16553320-5c3e-4a08-95db-080ced308e52,2026-08-24T08:30:00Z,2026-08-24T10:30:00+0200,2691.00376,MW,DE,DE_LU,actual_onshore_wind_generation,Wind Onshore,2026-08-25T03:38:09Z
2026-08-25T03:35:04Z,2026-08-25T05:35:04+0200,16553320-5c3e-4a08-95db-080ced308e52,2026-08-24T08:45:00Z,2026-08-24T10:45:00+0200,2737.94561,MW,DE,DE_LU,actual_onshore_wind_generation,Wind Onshore,2026-08-25T03:38:09Z
2026-08-25T03:35:04Z,2026-08-25T05:35:04+0200,16553320-5c3e-4a08-95db-080ced308e52,2026-08-24T09:00:00Z,2026-08-24T11:00:00+0200,2780.2773,MW,DE,DE_LU,actual_onshore_wind_generation,Wind Onshore,2026-08-25T03:38:09Z
2026-08-25T03:35:04Z,2026-08-25T05:35:04+0200,16553320-5c3e-4a08-95db-080ced308e52,2026-08-24T09:15:00Z,2026-08-24T11:15:00+0200,2754.29563,MW,DE,DE_LU,actual_onshore_wind_generation,Wind Onshore,2026-08-25T03:38:09Z
2026-08-25T03:35:04Z,2026-08-25T05:35:04+0200,16553320-5c3e-4a08-95db-080ced308e52,2026-08-24T09:30:00Z,2026-08-24T11:30:00+0200,2719.75331,MW,DE,DE_LU,actual_onshore_wind_generation,Wind Onshore,2026-08-25T03:38:09Z
2026-08-25T03:35:04Z,2026-08-25T05:35:04+0200,16553320-5c3e-4a08-95db-080ced308e52,2026-08-24T09:45:00Z,2026-08-24T11:45:00+0200,2651.46096,MW,DE,DE_LU,actual_onshore_wind_generation,Wind Onshore,2026-08-25T03:38:09Z
2026-08-25T03:35:04Z,2026-08-25T05:35:04+0200,16553320-5c3e-4a08-95db-080ced308e52,2026-08-24T10:00:00Z,2026-08-24T12:00:00+0200,2681.14683,MW,DE,DE_LU,actual_onshore_wind_generation,Wind Onshore,2026-08-25T03:38:09Z
2026-08-25T03:35:04Z,2026-08-25T05:35:04+0200,16553320-5c3e-4a08-95db-080ced308e52,2026-08-24T10:15:00Z,2026-08-24T12:15:00+0200,2645.12195,MW,DE,DE_LU,actual_onshore_wind_generation,Wind Onshore,2026-08-25T03:38:09Z
2026-08-25T03:35:04Z,2026-08-25T05:35:04+0200,16553320-5c3e-4a08-95db-080ced308e52,2026-08-24T10:30:00Z,2026-08-24T12:30:00+0200,2599.52821,MW,DE,DE_LU,actual_onshore_wind_generation,Wind Onshore,2026-08-25T03:38:09Z
2026-08-25T03:35:04Z,2026-08-25T05:35:04+0200,16553320-5c3e-4a08-95db-080ced308e52,2026-08-24T10:45:00Z,2026-08-24T12:45:00+0200,2592.49433,MW,DE,DE_LU,actual_onshore_wind_generation,Wind Onshore,2026-08-25T03:38:09Z
2026-08-25T03:35:04Z,2026-08-25T05:35:04+0200,16553320-5c3e-4a08-95db-080ced308e52,2026-08-24T11:00:00Z,2026-08-24T13:00:00+0200,2571.97422,MW,DE,DE_LU,actual_onshore_wind_generation,Wind Onshore,2026-08-25T03:38:09Z
2026-08-25T03:35:04Z,2026-08-25T05:35:04+0200,16553320-5c3e-4a08-95db-080ced308e52,2026-08-24T11:15:00Z,2026-08-24T13:15:00+0200,2520.00793,MW,DE,DE_LU,actual_onshore_wind_generation,Wind Onshore,2026-08-25T03:38:09Z
2026-08-25T03:35:04Z,2026-08-25T05:35:04+0200,16553320-5c3e-4a08-95db-080ced308e52,2026-08-24T11:30:00Z,2026-08-24T13:30:00+0200,2493.96947,MW,DE,DE_LU,actual_onshore_wind_generation,Wind Onshore,2026-08-25T03:38:09Z
2026-08-25T03:35:04Z,2026-08-25T05:35:04+0200,16553320-5c3e-4a08-95db-080ced308e52,2026-08-24T11:45:00Z,2026-08-24T13:45:00+0200,2514.23658,MW,DE,DE_LU,actual_onshore_wind_generation,Wind Onshore,2026-08-25T03:38:09Z
2026-08-25T03:35:04Z,2026-08-25T05:35:04+0200,16553320-5c3e-4a08-95db-080ced308e52,2026-08-24T12:00:00Z,2026-08-24T14:00:00+0200,2564.2026,MW,DE,DE_LU,actual_onshore_wind_generation,Wind Onshore,2026-08-25T03:38:09Z
2026-08-25T03:35:04Z,2026-08-25T05:35:04+0200,16553320-5c3e-4a08-95db-080ced308e52,2026-08-24T12:15:00Z,2026-08-24T14:15:00+0200,2652.95388,MW,DE,DE_LU,actual_onshore_wind_generation,Wind Onshore,2026-08-25T03:38:09Z
2026-08-25T03:35:04Z,2026-08-25T05:35:04+0200,16553320-5c3e-4a08-95db-080ced308e52,2026-08-24T12:30:00Z,2026-08-24T14:30:00+0200,2748.11919,MW,DE,DE_LU,actual_onshore_wind_generation,Wind Onshore,2026-08-25T03:38:09Z
2026-08-25T03:35:04Z,2026-08-25T05:35:04+0200,16553320-5c3e-4a08-95db-080ced308e52,2026-08-24T12:45:00Z,2026-08-24T14:45:00+0200,2805.14778,MW,DE,DE_LU,actual_onshore_wind_generation,Wind Onshore,2026-08-25T03:38:09Z
2026-08-25T03:35:04Z,2026-08-25T05:35:04+0200,16553320-5c3e-4a08-95db-080ced308e52,2026-08-24T13:00:00Z,2026-08-24T15:00:00+0200,2896.94861,MW,DE,DE_LU,actual_onshore_wind_generation,Wind Onshore,2026-08-25T03:38:09Z
2026-08-25T03:35:04Z,2026-08-25T05:35:04+0200,16553320-5c3e-4a08-95db-080ced308e52,2026-08-24T13:15:00Z,2026-08-24T15:15:00+0200,3023.04555,MW,DE,DE_LU,actual_onshore_wind_generation,Wind Onshore,2026-08-25T03:38:09Z
2026-08-25T03:35:04Z,2026-08-25T05:35:04+0200,16553320-5c3e-4a08-95db-080ced308e52,2026-08-24T13:30:00Z,2026-08-24T15:30:00+0200,3149.43697,MW,DE,DE_LU,actual_onshore_wind_generation,Wind Onshore,2026-08-25T03:38:09Z
2026-08-25T03:35:04Z,2026-08-25T05:35:04+0200,16553320-5c3e-4a08-95db-080ced308e52,2026-08-24T13:45:00Z,2026-08-24T15:45:00+0200,3260.13207,MW,DE,DE_LU,actual_onshore_wind_generation,Wind Onshore,2026-08-25T03:38:09Z
2026-08-25T03:35:04Z,2026-08-25T05:35:04+0200,16553320-5c3e-4a08-95db-080ced308e52,2026-08-24T14:00:00Z,2026-08-24T16:00:00+0200,3381.40327,MW,DE,DE_LU,actual_onshore_wind_generation,Wind Onshore,2026-08-25T03:38:09Z
2026-08-25T03:35:04Z,2026-08-25T05:35:04+0200,16553320-5c3e-4a08-95db-080ced308e52,2026-08-24T14:15:00Z,2026-08-24T16:15:00+0200,3583.58499,MW,DE,DE_LU,actual_onshore_wind_generation,Wind Onshore,2026-08-25T03:38:09Z
2026-08-25T03:35:04Z,2026-08-25T05:35:04+0200,16553320-5c3e-4a08-95db-080ced308e52,2026-08-24T14:30:00Z,2026-08-24T16:30:00+0200,3773.08044,MW,DE,DE_LU,actual_onshore_wind_generation,Wind Onshore,2026-08-25T03:38:09Z
2026-08-25T03:35:04Z,2026-08-25T05:35:04+0200,16553320-5c3e-4a08-95db-080ced308e52,2026-08-24T14:45:00Z,2026-08-24T16:45:00+0200,4060.75423,MW,DE,DE_LU,actual_onshore_wind_generation,Wind Onshore,2026-08-25T03:38:09Z
2026-08-25T03:35:04Z,2026-08-25T05:35:04+0200,16553320-5c3e-4a08-95db-080ced308e52,2026-08-24T15:00:00Z,2026-08-24T17:00:00+0200,4250.61502,MW,DE,DE_LU,actual_onshore_wind_generation,Wind Onshore,2026-08-25T03:38:09Z
2026-08-25T03:35:04Z,2026-08-25T05:35:04+0200,16553320-5c3e-4a08-95db-080ced308e52,2026-08-24T15:15:00Z,2026-08-24T17:15:00+0200,4579.45491,MW,DE,DE_LU,actual_onshore_wind_generation,Wind Onshore,2026-08-25T03:38:09Z
2026-08-25T03:35:04Z,2026-08-25T05:35:04+0200,16553320-5c3e-4a08-95db-080ced308e52,2026-08-24T15:30:00Z,2026-08-24T17:30:00+0200,4860.879,MW,DE,DE_LU,actual_onshore_wind_generation,Wind Onshore,2026-08-25T03:38:09Z
2026-08-25T03:35:04Z,2026-08-25T05:35:04+0200,16553320-5c3e-4a08-95db-080ced308e52,2026-08-24T15:45:00Z,2026-08-24T17:45:00+0200,5094.38029,MW,DE,DE_LU,actual_onshore_wind_generation,Wind Onshore,2026-08-25T03:38:09Z
2026-08-25T03:35:04Z,2026-08-25T05:35:04+0200,16553320-5c3e-4a08-95db-080ced308e52,2026-08-24T16:00:00Z,2026-08-24T18:00:00+0200,5286.42232,MW,DE,DE_LU,actual_onshore_wind_generation,Wind Onshore,2026-08-25T03:38:09Z
2026-08-25T03:35:04Z,2026-08-25T05:35:04+0200,16553320-5c3e-4a08-95db-080ced308e52,2026-08-24T16:15:00Z,2026-08-24T18:15:00+0200,5381.01048,MW,DE,DE_LU,actual_onshore_wind_generation,Wind Onshore,2026-08-25T03:38:09Z
2026-08-25T03:35:04Z,2026-08-25T05:35:04+0200,16553320-5c3e-4a08-95db-080ced308e52,2026-08-24T16:30:00Z,2026-08-24T18:30:00+0200,5582.62642,MW,DE,DE_LU,actual_onshore_wind_generation,Wind Onshore,2026-08-25T03:38:09Z
2026-08-25T03:35:04Z,2026-08-25T05:35:04+0200,16553320-5c3e-4a08-95db-080ced308e52,2026-08-24T16:45:00Z,2026-08-24T18:45:00+0200,5927.20311,MW,DE,DE_LU,actual_onshore_wind_generation,Wind Onshore,2026-08-25T03:38:09Z
2026-08-25T03:35:04Z,2026-08-25T05:35:04+0200,16553320-5c3e-4a08-95db-080ced308e52,2026-08-24T17:00:00Z,2026-08-24T19:00:00+0200,6272.88101,MW,DE,DE_LU,actual_onshore_wind_generation,Wind Onshore,2026-08-25T03:38:09Z
2026-08-25T03:35:04Z,2026-08-25T05:35:04+0200,16553320-5c3e-4a08-95db-080ced308e52,2026-08-24T17:15:00Z,2026-08-24T19:15:00+0200,6499.76389,MW,DE,DE_LU,actual_onshore_wind_generation,Wind Onshore,2026-08-25T03:38:09Z
2026-08-25T03:35:04Z,2026-08-25T05:35:04+0200,16553320-5c3e-4a08-95db-080ced308e52,2026-08-24T17:30:00Z,2026-08-24T19:30:00+0200,6508.94395,MW,DE,DE_LU,actual_onshore_wind_generation,Wind Onshore,2026-08-25T03:38:09Z
2026-08-25T03:35:04Z,2026-08-25T05:35:04+0200,16553320-5c3e-4a08-95db-080ced308e52,2026-08-24T17:45:00Z,2026-08-24T19:45:00+0200,6694.92048,MW,DE,DE_LU,actual_onshore_wind_generation,Wind Onshore,2026-08-25T03:38:09Z
2026-08-25T03:35:04Z,2026-08-25T05:35:04+0200,16553320-5c3e-4a08-95db-080ced308e52,2026-08-24T18:00:00Z,2026-08-24T20:00:00+0200,7104.58942,MW,DE,DE_LU,actual_onshore_wind_generation,Wind Onshore,2026-08-25T03:38:09Z
2026-08-25T03:35:04Z,2026-08-25T05:35:04+0200,16553320-5c3e-4a08-95db-080ced308e52,2026-08-24T18:15:00Z,2026-08-24T20:15:00+0200,7862.1639,MW,DE,DE_LU,actual_onshore_wind_generation,Wind Onshore,2026-08-25T03:38:09Z
2026-08-25T03:35:04Z,2026-08-25T05:35:04+0200,16553320-5c3e-4a08-95db-080ced308e52,2026-08-24T18:30:00Z,2026-08-24T20:30:00+0200,8086.27329,MW,DE,DE_LU,actual_onshore_wind_generation,Wind Onshore,2026-08-25T03:38:09Z
2026-08-25T03:35:04Z,2026-08-25T05:35:04+0200,16553320-5c3e-4a08-95db-080ced308e52,2026-08-24T18:45:00Z,2026-08-24T20:45:00+0200,8597.97243,MW,DE,DE_LU,actual_onshore_wind_generation,Wind Onshore,2026-08-25T03:38:09Z
2026-08-25T03:35:04Z,2026-08-25T05:35:04+0200,16553320-5c3e-4a08-95db-080ced308e52,2026-08-24T19:00:00Z,2026-08-24T21:00:00+0200,9387.9423,MW,DE,DE_LU,actual_onshore_wind_generation,Wind Onshore,2026-08-25T03:38:09Z
2026-08-25T03:35:04Z,2026-08-25T05:35:04+0200,16553320-5c3e-4a08-95db-080ced308e52,2026-08-24T19:15:00Z,2026-08-24T21:15:00+0200,10140.88896,MW,DE,DE_LU,actual_onshore_wind_generation,Wind Onshore,2026-08-25T03:38:09Z
2026-08-25T03:35:04Z,2026-08-25T05:35:04+0200,16553320-5c3e-4a08-95db-080ced308e52,2026-08-24T19:30:00Z,2026-08-24T21:30:00+0200,10866.97192,MW,DE,DE_LU,actual_onshore_wind_generation,Wind Onshore,2026-08-25T03:38:09Z
2026-08-25T03:35:04Z,2026-08-25T05:35:04+0200,16553320-5c3e-4a08-95db-080ced308e52,2026-08-24T19:45:00Z,2026-08-24T21:45:00+0200,11670.58843,MW,DE,DE_LU,actual_onshore_wind_generation,Wind Onshore,2026-08-25T03:38:09Z
2026-08-25T03:35:04Z,2026-08-25T05:35:04+0200,16553320-5c3e-4a08-95db-080ced308e52,2026-08-24T20:00:00Z,2026-08-24T22:00:00+0200,12089.94567,MW,DE,DE_LU,actual_onshore_wind_generation,Wind Onshore,2026-08-25T03:38:09Z
2026-08-25T03:35:04Z,2026-08-25T05:35:04+0200,16553320-5c3e-4a08-95db-080ced308e52,2026-08-24T20:15:00Z,2026-08-24T22:15:00+0200,12770.12428,MW,DE,DE_LU,actual_onshore_wind_generation,Wind Onshore,2026-08-25T03:38:09Z
2026-08-25T03:35:04Z,2026-08-25T05:35:04+0200,16553320-5c3e-4a08-95db-080ced308e52,2026-08-24T20:30:00Z,2026-08-24T22:30:00+0200,13347.04903,MW,DE,DE_LU,actual_onshore_wind_generation,Wind Onshore,2026-08-25T03:38:09Z
2026-08-25T03:35:04Z,2026-08-25T05:35:04+0200,16553320-5c3e-4a08-95db-080ced308e52,2026-08-24T20:45:00Z,2026-08-24T22:45:00+0200,13968.32679,MW,DE,DE_LU,actual_onshore_wind_generation,Wind Onshore,2026-08-25T03:38:09Z
2026-08-25T03:35:04Z,2026-08-25T05:35:04+0200,16553320-5c3e-4a08-95db-080ced308e52,2026-08-24T21:00:00Z,2026-08-24T23:00:00+0200,14427.25078,MW,DE,DE_LU,actual_onshore_wind_generation,Wind Onshore,2026-08-25T03:38:09Z
2026-08-25T03:35:04Z,2026-08-25T05:35:04+0200,16553320-5c3e-4a08-95db-080ced308e52,2026-08-24T21:15:00Z,2026-08-24T23:15:00+0200,15070.59721,MW,DE,DE_LU,actual_onshore_wind_generation,Wind Onshore,2026-08-25T03:38:09Z
2026-08-25T03:35:04Z,2026-08-25T05:35:04+0200,16553320-5c3e-4a08-95db-080ced308e52,2026-08-24T21:30:00Z,2026-08-24T23:30:00+0200,15694.93563,MW,DE,DE_LU,actual_onshore_wind_generation,Wind Onshore,2026-08-25T03:38:09Z
2026-08-25T03:35:04Z,2026-08-25T05:35:04+0200,16553320-5c3e-4a08-95db-080ced308e52,2026-08-24T21:45:00Z,2026-08-24T23:45:00+0200,16198.79708,MW,DE,DE_LU,actual_onshore_wind_generation,Wind Onshore,2026-08-25T03:38:09Z
2026-08-25T03:35:04Z,2026-08-25T05:35:04+0200,16553320-5c3e-4a08-95db-080ced308e52,2026-08-24T22:00:00Z,2026-08-25T00:00:00+0200,16573.52119,MW,DE,DE_LU,actual_onshore_wind_generation,Wind Onshore,2026-08-25T03:38:09Z
2026-08-25T03:35:04Z,2026-08-25T05:35:04+0200,16553320-5c3e-4a08-95db-080ced308e52,2026-08-24T22:15:00Z,2026-08-25T00:15:00+0200,16914.708,MW,DE,DE_LU,actual_onshore_wind_generation,Wind Onshore,2026-08-25T03:38:09Z
2026-08-25T03:35:04Z,2026-08-25T05:35:04+0200,16553320-5c3e-4a08-95db-080ced308e52,2026-08-24T22:30:00Z,2026-08-25T00:30:00+0200,17158.28618,MW,DE,DE_LU,actual_onshore_wind_generation,Wind Onshore,2026-08-25T03:38:09Z
2026-08-25T03:35:04Z,2026-08-25T05:35:04+0200,16553320-5c3e-4a08-95db-080ced308e52,2026-08-24T22:45:00Z,2026-08-25T00:45:00+0200,17315.00986,MW,DE,DE_LU,actual_onshore_wind_generation,Wind Onshore,2026-08-25T03:38:09Z
2026-08-25T03:35:04Z,2026-08-25T05:35:04+0200,16553320-5c3e-4a08-95db-080ced308e52,2026-08-24T23:00:00Z,2026-08-25T01:00:00+0200,17435.62478,MW,DE,DE_LU,actual_onshore_wind_generation,Wind Onshore,2026-08-25T03:38:09Z
2026-08-25T03:35:04Z,2026-08-25T05:35:04+0200,16553320-5c3e-4a08-95db-080ced308e52,2026-08-24T23:15:00Z,2026-08-25T01:15:00+0200,17506.25073,MW,DE,DE_LU,actual_onshore_wind_generation,Wind Onshore,2026-08-25T03:38:09Z
2026-08-25T03:35:04Z,2026-08-25T05:35:04+0200,16553320-5c3e-4a08-95db-080ced308e52,2026-08-24T23:30:00Z,2026-08-25T01:30:00+0200,17422.09699,MW,DE,DE_LU,actual_onshore_wind_generation,Wind Onshore,2026-08-25T03:38:09Z
2026-08-25T03:35:04Z,2026-08-25T05:35:04+0200,16553320-5c3e-4a08-95db-080ced308e52,2026-08-24T23:45:00Z,2026-08-25T01:45:00+0200,17397.5501,MW,DE,DE_LU,actual_onshore_wind_generation,Wind Onshore,2026-08-25T03:38:09Z
2026-08-25T03:35:04Z,2026-08-25T05:35:04+0200,16553320-5c3e-4a08-95db-080ced308e52,2026-08-25T00:00:00Z,2026-08-25T02:00:00+0200,17245.86571,MW,DE,DE_LU,actual_onshore_wind_generation,Wind Onshore,2026-08-25T03:38:09Z
2026-08-25T03:35:04Z,2026-08-25T05:35:04+0200,16553320-5c3e-4a08-95db-080ced308e52,2026-08-25T00:15:00Z,2026-08-25T02:15:00+0200,17156.03037,MW,DE,DE_LU,actual_onshore_wind_generation,Wind Onshore,2026-08-25T03:38:09Z
2026-08-25T03:35:04Z,2026-08-25T05:35:04+0200,16553320-5c3e-4a08-95db-080ced308e52,2026-08-25T00:30:00Z,2026-08-25T02:30:00+0200,17074.29302,MW,DE,DE_LU,actual_onshore_wind_generation,Wind Onshore,2026-08-25T03:38:09Z
2026-08-25T03:35:04Z,2026-08-25T05:35:04+0200,16553320-5c3e-4a08-95db-080ced308e52,2026-08-25T00:45:00Z,2026-08-25T02:45:00+0200,17004.26346,MW,DE,DE_LU,actual_onshore_wind_generation,Wind Onshore,2026-08-25T03:38:09Z
2026-08-25T03:35:04Z,2026-08-25T05:35:04+0200,16553320-5c3e-4a08-95db-080ced308e52,2026-08-25T01:00:00Z,2026-08-25T03:00:00+0200,17081.48239,MW,DE,DE_LU,actual_onshore_wind_generation,Wind Onshore,2026-08-25T03:38:09Z
2026-08-25T03:35:04Z,2026-08-25T05:35:04+0200,16553320-5c3e-4a08-95db-080ced308e52,2026-08-25T01:15:00Z,2026-08-25T03:15:00+0200,17065.63628,MW,DE,DE_LU,actual_onshore_wind_generation,Wind Onshore,2026-08-25T03:38:09Z
2026-08-25T03:35:04Z,2026-08-25T05:35:04+0200,16553320-5c3e-4a08-95db-080ced308e52,2026-08-25T01:30:00Z,2026-08-25T03:30:00+0200,17012.30905,MW,DE,DE_LU,actual_onshore_wind_generation,Wind Onshore,2026-08-25T03:38:09Z
2026-08-25T03:35:04Z,2026-08-25T05:35:04+0200,16553320-5c3e-4a08-95db-080ced308e52,2026-08-25T01:45:00Z,2026-08-25T03:45:00+0200,16900.13198,MW,DE,DE_LU,actual_onshore_wind_generation,Wind Onshore,2026-08-25T03:38:09Z
2026-08-25T03:35:04Z,2026-08-25T05:35:04+0200,16553320-5c3e-4a08-95db-080ced308e52,2026-08-25T02:00:00Z,2026-08-25T04:00:00+0200,16909.44728,MW,DE,DE_LU,actual_onshore_wind_generation,Wind Onshore,2026-08-25T03:38:09Z
2026-08-25T03:35:04Z,2026-08-25T05:35:04+0200,16553320-5c3e-4a08-95db-080ced308e52,2026-08-25T02:15:00Z,2026-08-25T04:15:00+0200,16985.22066,MW,DE,DE_LU,actual_onshore_wind_generation,Wind Onshore,2026-08-25T03:38:09Z
2026-08-25T03:35:04Z,2026-08-25T05:35:04+0200,16553320-5c3e-4a08-95db-080ced308e52,2026-08-25T02:30:00Z,2026-08-25T04:30:00+0200,17000.166,MW,DE,DE_LU,actual_onshore_wind_generation,Wind Onshore,2026-08-25T03:38:09Z
2026-08-25T03:35:04Z,2026-08-25T05:35:04+0200,16553320-5c3e-4a08-95db-080ced308e52,2026-08-25T02:45:00Z,2026-08-25T04:45:00+0200,17009.70116,MW,DE,DE_LU,actual_onshore_wind_generation,Wind Onshore,2026-08-25T03:38:09Z
