collection_time_utc,collection_time_local,run_id,timestamp_utc,timestamp_local,value,unit,country,entsoe_area,variable,source,updated_at_utc
2026-08-21T05:45:14Z,2026-08-21T07:45:14+0200,fefc4afd-8e33-4cd6-bf77-d9db44894bfe,2026-07-21T06:00:00Z,2026-07-21T08:00:00+0200,118.57,MW,BE,BE,actual_offshore_wind_generation,Wind Offshore | Actual Aggregated,2026-08-21T05:46:03Z
2026-08-21T05:45:14Z,2026-08-21T07:45:14+0200,fefc4afd-8e33-4cd6-bf77-d9db44894bfe,2026-07-21T07:00:00Z,2026-07-21T09:00:00+0200,120.0575,MW,BE,BE,actual_offshore_wind_generation,Wind Offshore | Actual Aggregated,2026-08-21T05:46:03Z
2026-08-21T05:45:14Z,2026-08-21T07:45:14+0200,fefc4afd-8e33-4cd6-bf77-d9db44894bfe,2026-07-21T08:00:00Z,2026-07-21T10:00:00+0200,51.3375,MW,BE,BE,actual_offshore_wind_generation,Wind Offshore | Actual Aggregated,2026-08-21T05:46:03Z
2026-08-21T05:45:14Z,2026-08-21T07:45:14+0200,fefc4afd-8e33-4cd6-bf77-d9db44894bfe,2026-07-21T09:00:00Z,2026-07-21T11:00:00+0200,20.855,MW,BE,BE,actual_offshore_wind_generation,Wind Offshore | Actual Aggregated,2026-08-21T05:46:03Z
2026-08-21T05:45:14Z,2026-08-21T07:45:14+0200,fefc4afd-8e33-4cd6-bf77-d9db44894bfe,2026-07-21T10:00:00Z,2026-07-21T12:00:00+0200,25.07,MW,BE,BE,actual_offshore_wind_generation,Wind Offshore | Actual Aggregated,2026-08-21T05:46:03Z
2026-08-21T05:45:14Z,2026-08-21T07:45:14+0200,fefc4afd-8e33-4cd6-bf77-d9db44894bfe,2026-07-21T11:00:00Z,2026-07-21T13:00:00+0200,21.0575,MW,BE,BE,actual_offshore_wind_generation,Wind Offshore | Actual Aggregated,2026-08-21T05:46:03Z
2026-08-21T05:45:14Z,2026-08-21T07:45:14+0200,fefc4afd-8e33-4cd6-bf77-d9db44894bfe,2026-07-21T12:00:00Z,2026-07-21T14:00:00+0200,29.8425,MW,BE,BE,actual_offshore_wind_generation,Wind Offshore | Actual Aggregated,2026-08-21T05:46:03Z
2026-08-21T05:45:14Z,2026-08-21T07:45:14+0200,fefc4afd-8e33-4cd6-bf77-d9db44894bfe,2026-07-21T13:00:00Z,2026-07-21T15:00:00+0200,80.5975,MW,BE,BE,actual_offshore_wind_generation,Wind Offshore | Actual Aggregated,2026-08-21T05:46:03Z
2026-08-21T05:45:14Z,2026-08-21T07:45:14+0200,fefc4afd-8e33-4cd6-bf77-d9db44894bfe,2026-07-21T14:00:00Z,2026-07-21T16:00:00+0200,98.105,MW,BE,BE,actual_offshore_wind_generation,Wind Offshore | Actual Aggregated,2026-08-21T05:46:03Z
2026-08-21T05:45:14Z,2026-08-21T07:45:14+0200,fefc4afd-8e33-4cd6-bf77-d9db44894bfe,2026-07-21T15:00:00Z,2026-07-21T17:00:00+0200,169.35,MW,BE,BE,actual_offshore_wind_generation,Wind Offshore | Actual Aggregated,2026-08-21T05:46:03Z
2026-08-21T05:45:14Z,2026-08-21T07:45:14+0200,fefc4afd-8e33-4cd6-bf77-d9db44894bfe,2026-07-21T16:00:00Z,2026-07-21T18:00:00+0200,151.2575,MW,BE,BE,actual_offshore_wind_generation,Wind Offshore | Actual Aggregated,2026-08-21T05:46:03Z
2026-08-21T05:45:14Z,2026-08-21T07:45:14+0200,fefc4afd-8e33-4cd6-bf77-d9db44894bfe,2026-07-21T17:00:00Z,2026-07-21T19:00:00+0200,156.37,MW,BE,BE,actual_offshore_wind_generation,Wind Offshore | Actual Aggregated,2026-08-21T05:46:03Z
2026-08-21T05:45:14Z,2026-08-21T07:45:14+0200,fefc4afd-8e33-4cd6-bf77-d9db44894bfe,2026-07-21T18:00:00Z,2026-07-21T20:00:00+0200,178.33,MW,BE,BE,actual_offshore_wind_generation,Wind Offshore | Actual Aggregated,2026-08-21T05:46:03Z
2026-08-21T05:45:14Z,2026-08-21T07:45:14+0200,fefc4afd-8e33-4cd6-bf77-d9db44894bfe,2026-07-21T19:00:00Z,2026-07-21T21:00:00+0200,292.23,MW,BE,BE,actual_offshore_wind_generation,Wind Offshore | Actual Aggregated,2026-08-21T05:46:03Z
2026-08-21T05:45:14Z,2026-08-21T07:45:14+0200,fefc4afd-8e33-4cd6-bf77-d9db44894bfe,2026-07-21T20:00:00Z,2026-07-21T22:00:00+0200,343.1175,MW,BE,BE,actual_offshore_wind_generation,Wind Offshore | Actual Aggregated,2026-08-21T05:46:03Z
2026-08-21T05:45:14Z,2026-08-21T07:45:14+0200,fefc4afd-8e33-4cd6-bf77-d9db44894bfe,2026-07-21T21:00:00Z,2026-07-21T23:00:00+0200,233.81,MW,BE,BE,actual_offshore_wind_generation,Wind Offshore | Actual Aggregated,2026-08-21T05:46:03Z
2026-08-21T05:45:14Z,2026-08-21T07:45:14+0200,fefc4afd-8e33-4cd6-bf77-d9db44894bfe,2026-07-21T22:00:00Z,2026-07-22T00:00:00+0200,192.17,MW,BE,BE,actual_offshore_wind_generation,Wind Offshore | Actual Aggregated,2026-08-21T05:46:03Z
2026-08-21T05:45:14Z,2026-08-21T07:45:14+0200,fefc4afd-8e33-4cd6-bf77-d9db44894bfe,2026-07-21T23:00:00Z,2026-07-22T01:00:00+0200,139.47,MW,BE,BE,actual_offshore_wind_generation,Wind Offshore | Actual Aggregated,2026-08-21T05:46:03Z
2026-08-21T05:45:14Z,2026-08-21T07:45:14+0200,fefc4afd-8e33-4cd6-bf77-d9db44894bfe,2026-07-22T00:00:00Z,2026-07-22T02:00:00+0200,112.8225,MW,BE,BE,actual_offshore_wind_generation,Wind Offshore | Actual Aggregated,2026-08-21T05:46:03Z
2026-08-21T05:45:14Z,2026-08-21T07:45:14+0200,fefc4afd-8e33-4cd6-bf77-d9db44894bfe,2026-07-22T01:00:00Z,2026-07-22T03:00:00+0200,110.51,MW,BE,BE,actual_offshore_wind_generation,Wind Offshore | Actual Aggregated,2026-08-21T05:46:03Z
2026-08-21T05:45:14Z,2026-08-21T07:45:14+0200,fefc4afd-8e33-4cd6-bf77-d9db44894bfe,2026-07-22T02:00:00Z,2026-07-22T04:00:00+0200,55.4475,MW,BE,BE,actual_offshore_wind_generation,Wind Offshore | Actual Aggregated,2026-08-21T05:46:03Z
2026-08-21T05:45:14Z,2026-08-21T07:45:14+0200,fefc4afd-8e33-4cd6-bf77-d9db44894bfe,2026-07-22T03:00:00Z,2026-07-22T05:00:00+0200,271.0575,MW,BE,BE,actual_offshore_wind_generation,Wind Offshore | Actual Aggregated,2026-08-21T05:46:03Z
2026-08-21T05:45:14Z,2026-08-21T07:45:14+0200,fefc4afd-8e33-4cd6-bf77-d9db44894bfe,2026-07-22T04:00:00Z,2026-07-22T06:00:00+0200,314.3375,MW,BE,BE,actual_offshore_wind_generation,Wind Offshore | Actual Aggregated,2026-08-21T05:46:03Z
2026-08-21T05:45:14Z,2026-08-21T07:45:14+0200,fefc4afd-8e33-4cd6-bf77-d9db44894bfe,2026-07-22T05:00:00Z,2026-07-22T07:00:00+0200,199.9125,MW,BE,BE,actual_offshore_wind_generation,Wind Offshore | Actual Aggregated,2026-08-21T05:46:03Z
2026-08-21T05:45:14Z,2026-08-21T07:45:14+0200,fefc4afd-8e33-4cd6-bf77-d9db44894bfe,2026-07-22T06:00:00Z,2026-07-22T08:00:00+0200,274.6925,MW,BE,BE,actual_offshore_wind_generation,Wind Offshore | Actual Aggregated,2026-08-21T05:46:03Z
2026-08-21T05:45:14Z,2026-08-21T07:45:14+0200,fefc4afd-8e33-4cd6-bf77-d9db44894bfe,2026-07-22T07:00:00Z,2026-07-22T09:00:00+0200,284.135,MW,BE,BE,actual_offshore_wind_generation,Wind Offshore | Actual Aggregated,2026-08-21T05:46:03Z
2026-08-21T05:45:14Z,2026-08-21T07:45:14+0200,fefc4afd-8e33-4cd6-bf77-d9db44894bfe,2026-07-22T08:00:00Z,2026-07-22T10:00:00+0200,294.3525,MW,BE,BE,actual_offshore_wind_generation,Wind Offshore | Actual Aggregated,2026-08-21T05:46:03Z
2026-08-21T05:45:14Z,2026-08-21T07:45:14+0200,fefc4afd-8e33-4cd6-bf77-d9db44894bfe,2026-07-22T09:00:00Z,2026-07-22T11:00:00+0200,270.395,MW,BE,BE,actual_offshore_wind_generation,Wind Offshore | Actual Aggregated,2026-08-21T05:46:03Z
2026-08-21T05:45:14Z,2026-08-21T07:45:14+0200,fefc4afd-8e33-4cd6-bf77-d9db44894bfe,2026-07-22T10:00:00Z,2026-07-22T12:00:00+0200,187.8725,MW,BE,BE,actual_offshore_wind_generation,Wind Offshore | Actual Aggregated,2026-08-21T05:46:03Z
2026-08-21T05:45:14Z,2026-08-21T07:45:14+0200,fefc4afd-8e33-4cd6-bf77-d9db44894bfe,2026-07-22T11:00:00Z,2026-07-22T13:00:00+0200,145.665,MW,BE,BE,actual_offshore_wind_generation,Wind Offshore | Actual Aggregated,2026-08-21T05:46:03Z
2026-08-21T05:45:14Z,2026-08-21T07:45:14+0200,fefc4afd-8e33-4cd6-bf77-d9db44894bfe,2026-07-22T12:00:00Z,2026-07-22T14:00:00+0200,271.32,MW,BE,BE,actual_offshore_wind_generation,Wind Offshore | Actual Aggregated,2026-08-21T05:46:03Z
2026-08-21T05:45:14Z,2026-08-21T07:45:14+0200,fefc4afd-8e33-4cd6-bf77-d9db44894bfe,2026-07-22T13:00:00Z,2026-07-22T15:00:00+0200,193.965,MW,BE,BE,actual_offshore_wind_generation,Wind Offshore | Actual Aggregated,2026-08-21T05:46:03Z
2026-08-21T05:45:14Z,2026-08-21T07:45:14+0200,fefc4afd-8e33-4cd6-bf77-d9db44894bfe,2026-07-22T14:00:00Z,2026-07-22T16:00:00+0200,249.625,MW,BE,BE,actual_offshore_wind_generation,Wind Offshore | Actual Aggregated,2026-08-21T05:46:03Z
2026-08-21T05:45:14Z,2026-08-21T07:45:14+0200,fefc4afd-8e33-4cd6-bf77-d9db44894bfe,2026-07-22T15:00:00Z,2026-07-22T17:00:00+0200,261.8925,MW,BE,BE,actual_offshore_wind_generation,Wind Offshore | Actual Aggregated,2026-08-21T05:46:03Z
2026-08-21T05:45:14Z,2026-08-21T07:45:14+0200,fefc4afd-8e33-4cd6-bf77-d9db44894bfe,2026-07-22T16:00:00Z,2026-07-22T18:00:00+0200,332.3275,MW,BE,BE,actual_offshore_wind_generation,Wind Offshore | Actual Aggregated,2026-08-21T05:46:03Z
2026-08-21T05:45:14Z,2026-08-21T07:45:14+0200,fefc4afd-8e33-4cd6-bf77-d9db44894bfe,2026-07-22T17:00:00Z,2026-07-22T19:00:00+0200,273.8775,MW,BE,BE,actual_offshore_wind_generation,Wind Offshore | Actual Aggregated,2026-08-21T05:46:03Z
2026-08-21T05:45:14Z,2026-08-21T07:45:14+0200,fefc4afd-8e33-4cd6-bf77-d9db44894bfe,2026-07-22T18:00:00Z,2026-07-22T20:00:00+0200,269.415,MW,BE,BE,actual_offshore_wind_generation,Wind Offshore | Actual Aggregated,2026-08-21T05:46:03Z
2026-08-21T05:45:14Z,2026-08-21T07:45:14+0200,fefc4afd-8e33-4cd6-bf77-d9db44894bfe,2026-07-22T19:00:00Z,2026-07-22T21:00:00+0200,323.705,MW,BE,BE,actual_offshore_wind_generation,Wind Offshore | Actual Aggregated,2026-08-21T05:46:03Z
2026-08-21T05:45:14Z,2026-08-21T07:45:14+0200,fefc4afd-8e33-4cd6-bf77-d9db44894bfe,2026-07-22T20:00:00Z,2026-07-22T22:00:00+0200,299.1125,MW,BE,BE,actual_offshore_wind_generation,Wind Offshore | Actual Aggregated,2026-08-21T05:46:03Z
2026-08-21T05:45:14Z,2026-08-21T07:45:14+0200,fefc4afd-8e33-4cd6-bf77-d9db44894bfe,2026-07-22T21:00:00Z,2026-07-22T23:00:00+0200,165.17,MW,BE,BE,actual_offshore_wind_generation,Wind Offshore | Actual Aggregated,2026-08-21T05:46:03Z
2026-08-21T05:45:14Z,2026-08-21T07:45:14+0200,fefc4afd-8e33-4cd6-bf77-d9db44894bfe,2026-07-22T22:00:00Z,2026-07-23T00:00:00+0200,112.4475,MW,BE,BE,actual_offshore_wind_generation,Wind Offshore | Actual Aggregated,2026-08-21T05:46:03Z
2026-08-21T05:45:14Z,2026-08-21T07:45:14+0200,fefc4afd-8e33-4cd6-bf77-d9db44894bfe,2026-07-22T23:00:00Z,2026-07-23T01:00:00+0200,125.945,MW,BE,BE,actual_offshore_wind_generation,Wind Offshore | Actual Aggregated,2026-08-21T05:46:03Z
2026-08-21T05:45:14Z,2026-08-21T07:45:14+0200,fefc4afd-8e33-4cd6-bf77-d9db44894bfe,2026-07-23T00:00:00Z,2026-07-23T02:00:00+0200,211.585,MW,BE,BE,actual_offshore_wind_generation,Wind Offshore | Actual Aggregated,2026-08-21T05:46:03Z
2026-08-21T05:45:14Z,2026-08-21T07:45:14+0200,fefc4afd-8e33-4cd6-bf77-d9db44894bfe,2026-07-23T01:00:00Z,2026-07-23T03:00:00+0200,150.2425,MW,BE,BE,actual_offshore_wind_generation,Wind Offshore | Actual Aggregated,2026-08-21T05:46:03Z
2026-08-21T05:45:14Z,2026-08-21T07:45:14+0200,fefc4afd-8e33-4cd6-bf77-d9db44894bfe,2026-07-23T02:00:00Z,2026-07-23T04:00:00+0200,159.8725,MW,BE,BE,actual_offshore_wind_generation,Wind Offshore | Actual Aggregated,2026-08-21T05:46:03Z
2026-08-21T05:45:14Z,2026-08-21T07:45:14+0200,fefc4afd-8e33-4cd6-bf77-d9db44894bfe,2026-07-23T03:00:00Z,2026-07-23T05:00:00+0200,138.0675,MW,BE,BE,actual_offshore_wind_generation,Wind Offshore | Actual Aggregated,2026-08-21T05:46:03Z
2026-08-21T05:45:14Z,2026-08-21T07:45:14+0200,fefc4afd-8e33-4cd6-bf77-d9db44894bfe,2026-07-23T04:00:00Z,2026-07-23T06:00:00+0200,162.585,MW,BE,BE,actual_offshore_wind_generation,Wind Offshore | Actual Aggregated,2026-08-21T05:46:03Z
2026-08-21T05:45:14Z,2026-08-21T07:45:14+0200,fefc4afd-8e33-4cd6-bf77-d9db44894bfe,2026-07-23T05:00:00Z,2026-07-23T07:00:00+0200,254.0875,MW,BE,BE,actual_offshore_wind_generation,Wind Offshore | Actual Aggregated,2026-08-21T05:46:03Z
2026-08-21T05:45:14Z,2026-08-21T07:45:14+0200,fefc4afd-8e33-4cd6-bf77-d9db44894bfe,2026-07-23T06:00:00Z,2026-07-23T08:00:00+0200,297.12,MW,BE,BE,actual_offshore_wind_generation,Wind Offshore | Actual Aggregated,2026-08-21T05:46:03Z
2026-08-21T05:45:14Z,2026-08-21T07:45:14+0200,fefc4afd-8e33-4cd6-bf77-d9db44894bfe,2026-07-23T07:00:00Z,2026-07-23T09:00:00+0200,308.5925,MW,BE,BE,actual_offshore_wind_generation,Wind Offshore | Actual Aggregated,2026-08-21T05:46:03Z
2026-08-21T05:45:14Z,2026-08-21T07:45:14+0200,fefc4afd-8e33-4cd6-bf77-d9db44894bfe,2026-07-23T08:00:00Z,2026-07-23T10:00:00+0200,264.9725,MW,BE,BE,actual_offshore_wind_generation,Wind Offshore | Actual Aggregated,2026-08-21T05:46:03Z
2026-08-21T05:45:14Z,2026-08-21T07:45:14+0200,fefc4afd-8e33-4cd6-bf77-d9db44894bfe,2026-07-23T09:00:00Z,2026-07-23T11:00:00+0200,147.885,MW,BE,BE,actual_offshore_wind_generation,Wind Offshore | Actual Aggregated,2026-08-21T05:46:03Z
2026-08-21T05:45:14Z,2026-08-21T07:45:14+0200,fefc4afd-8e33-4cd6-bf77-d9db44894bfe,2026-07-23T10:00:00Z,2026-07-23T12:00:00+0200,180.68,MW,BE,BE,actual_offshore_wind_generation,Wind Offshore | Actual Aggregated,2026-08-21T05:46:03Z
2026-08-21T05:45:14Z,2026-08-21T07:45:14+0200,fefc4afd-8e33-4cd6-bf77-d9db44894bfe,2026-07-23T11:00:00Z,2026-07-23T13:00:00+0200,145.59,MW,BE,BE,actual_offshore_wind_generation,Wind Offshore | Actual Aggregated,2026-08-21T05:46:03Z
2026-08-21T05:45:14Z,2026-08-21T07:45:14+0200,fefc4afd-8e33-4cd6-bf77-d9db44894bfe,2026-07-23T12:00:00Z,2026-07-23T14:00:00+0200,70.2875,MW,BE,BE,actual_offshore_wind_generation,Wind Offshore | Actual Aggregated,2026-08-21T05:46:03Z
2026-08-21T05:45:14Z,2026-08-21T07:45:14+0200,fefc4afd-8e33-4cd6-bf77-d9db44894bfe,2026-07-23T13:00:00Z,2026-07-23T15:00:00+0200,62.025,MW,BE,BE,actual_offshore_wind_generation,Wind Offshore | Actual Aggregated,2026-08-21T05:46:03Z
2026-08-21T05:45:14Z,2026-08-21T07:45:14+0200,fefc4afd-8e33-4cd6-bf77-d9db44894bfe,2026-07-23T14:00:00Z,2026-07-23T16:00:00+0200,3.5475,MW,BE,BE,actual_offshore_wind_generation,Wind Offshore | Actual Aggregated,2026-08-21T05:46:03Z
2026-08-21T05:45:14Z,2026-08-21T07:45:14+0200,fefc4afd-8e33-4cd6-bf77-d9db44894bfe,2026-07-23T14:00:00Z,2026-07-23T16:00:00+0200,9.405,MW,BE,BE,actual_offshore_wind_generation,Wind Offshore | Actual Consumption,2026-08-21T05:46:03Z
2026-08-21T05:45:14Z,2026-08-21T07:45:14+0200,fefc4afd-8e33-4cd6-bf77-d9db44894bfe,2026-07-23T15:00:00Z,2026-07-23T17:00:00+0200,28.91,MW,BE,BE,actual_offshore_wind_generation,Wind Offshore | Actual Consumption,2026-08-21T05:46:03Z
2026-08-21T05:45:14Z,2026-08-21T07:45:14+0200,fefc4afd-8e33-4cd6-bf77-d9db44894bfe,2026-07-23T16:00:00Z,2026-07-23T18:00:00+0200,29.53,MW,BE,BE,actual_offshore_wind_generation,Wind Offshore | Actual Consumption,2026-08-21T05:46:03Z
2026-08-21T05:45:14Z,2026-08-21T07:45:14+0200,fefc4afd-8e33-4cd6-bf77-d9db44894bfe,2026-07-23T17:00:00Z,2026-07-23T19:00:00+0200,30.4275,MW,BE,BE,actual_offshore_wind_generation,Wind Offshore | Actual Consumption,2026-08-21T05:46:03Z
2026-08-21T05:45:14Z,2026-08-21T07:45:14+0200,fefc4afd-8e33-4cd6-bf77-d9db44894bfe,2026-07-23T18:00:00Z,2026-07-23T20:00:00+0200,29.635,MW,BE,BE,actual_offshore_wind_generation,Wind Offshore | Actual Consumption,2026-08-21T05:46:03Z
2026-08-21T05:45:14Z,2026-08-21T07:45:14+0200,fefc4afd-8e33-4cd6-bf77-d9db44894bfe,2026-07-23T19:00:00Z,2026-07-23T21:00:00+0200,30.2325,MW,BE,BE,actual_offshore_wind_generation,Wind Offshore | Actual Consumption,2026-08-21T05:46:03Z
2026-08-21T05:45:14Z,2026-08-21T07:45:14+0200,fefc4afd-8e33-4cd6-bf77-d9db44894bfe,2026-07-23T20:00:00Z,2026-07-23T22:00:00+0200,30.36,MW,BE,BE,actual_offshore_wind_generation,Wind Offshore | Actual Consumption,2026-08-21T05:46:03Z
2026-08-21T05:45:14Z,2026-08-21T07:45:14+0200,fefc4afd-8e33-4cd6-bf77-d9db44894bfe,2026-07-23T21:00:00Z,2026-07-23T23:00:00+0200,30.2125,MW,BE,BE,actual_offshore_wind_generation,Wind Offshore | Actual Consumption,2026-08-21T05:46:03Z
2026-08-21T05:45:14Z,2026-08-21T07:45:14+0200,fefc4afd-8e33-4cd6-bf77-d9db44894bfe,2026-07-23T22:00:00Z,2026-07-24T00:00:00+0200,30.625,MW,BE,BE,actual_offshore_wind_generation,Wind Offshore | Actual Consumption,2026-08-21T05:46:03Z
2026-08-21T05:45:14Z,2026-08-21T07:45:14+0200,fefc4afd-8e33-4cd6-bf77-d9db44894bfe,2026-07-23T23:00:00Z,2026-07-24T01:00:00+0200,30.395,MW,BE,BE,actual_offshore_wind_generation,Wind Offshore | Actual Consumption,2026-08-21T05:46:03Z
2026-08-21T05:45:14Z,2026-08-21T07:45:14+0200,fefc4afd-8e33-4cd6-bf77-d9db44894bfe,2026-07-24T00:00:00Z,2026-07-24T02:00:00+0200,23.795,MW,BE,BE,actual_offshore_wind_generation,Wind Offshore | Actual Consumption,2026-08-21T05:46:03Z
2026-08-21T05:45:14Z,2026-08-21T07:45:14+0200,fefc4afd-8e33-4cd6-bf77-d9db44894bfe,2026-07-24T01:00:00Z,2026-07-24T03:00:00+0200,1.08,MW,BE,BE,actual_offshore_wind_generation,Wind Offshore | Actual Aggregated,2026-08-21T05:46:03Z
2026-08-21T05:45:14Z,2026-08-21T07:45:14+0200,fefc4afd-8e33-4cd6-bf77-d9db44894bfe,2026-07-24T01:00:00Z,2026-07-24T03:00:00+0200,11.805,MW,BE,BE,actual_offshore_wind_generation,Wind Offshore | Actual Consumption,2026-08-21T05:46:03Z
2026-08-21T05:45:14Z,2026-08-21T07:45:14+0200,fefc4afd-8e33-4cd6-bf77-d9db44894bfe,2026-07-24T02:00:00Z,2026-07-24T04:00:00+0200,10.0975,MW,BE,BE,actual_offshore_wind_generation,Wind Offshore | Actual Consumption,2026-08-21T05:46:03Z
2026-08-21T05:45:14Z,2026-08-21T07:45:14+0200,fefc4afd-8e33-4cd6-bf77-d9db44894bfe,2026-07-24T03:00:00Z,2026-07-24T05:00:00+0200,46.4875,MW,BE,BE,actual_offshore_wind_generation,Wind Offshore | Actual Aggregated,2026-08-21T05:46:03Z
2026-08-21T05:45:14Z,2026-08-21T07:45:14+0200,fefc4afd-8e33-4cd6-bf77-d9db44894bfe,2026-07-24T04:00:00Z,2026-07-24T06:00:00+0200,61.5875,MW,BE,BE,actual_offshore_wind_generation,Wind Offshore | Actual Aggregated,2026-08-21T05:46:03Z
2026-08-21T05:45:14Z,2026-08-21T07:45:14+0200,fefc4afd-8e33-4cd6-bf77-d9db44894bfe,2026-07-24T05:00:00Z,2026-07-24T07:00:00+0200,114.2675,MW,BE,BE,actual_offshore_wind_generation,Wind Offshore | Actual Aggregated,2026-08-21T05:46:03Z
2026-08-21T05:45:14Z,2026-08-21T07:45:14+0200,fefc4afd-8e33-4cd6-bf77-d9db44894bfe,2026-07-24T06:00:00Z,2026-07-24T08:00:00+0200,155.7075,MW,BE,BE,actual_offshore_wind_generation,Wind Offshore | Actual Aggregated,2026-08-21T05:46:03Z
2026-08-21T05:45:14Z,2026-08-21T07:45:14+0200,fefc4afd-8e33-4cd6-bf77-d9db44894bfe,2026-07-24T07:00:00Z,2026-07-24T09:00:00+0200,136.55,MW,BE,BE,actual_offshore_wind_generation,Wind Offshore | Actual Aggregated,2026-08-21T05:46:03Z
2026-08-21T05:45:14Z,2026-08-21T07:45:14+0200,fefc4afd-8e33-4cd6-bf77-d9db44894bfe,2026-07-24T08:00:00Z,2026-07-24T10:00:00+0200,47.5825,MW,BE,BE,actual_offshore_wind_generation,Wind Offshore | Actual Aggregated,2026-08-21T05:46:03Z
2026-08-21T05:45:14Z,2026-08-21T07:45:14+0200,fefc4afd-8e33-4cd6-bf77-d9db44894bfe,2026-07-24T09:00:00Z,2026-07-24T11:00:00+0200,18.6725,MW,BE,BE,actual_offshore_wind_generation,Wind Offshore | Actual Aggregated,2026-08-21T05:46:03Z
2026-08-21T05:45:14Z,2026-08-21T07:45:14+0200,fefc4afd-8e33-4cd6-bf77-d9db44894bfe,2026-07-24T10:00:00Z,2026-07-24T12:00:00+0200,12.86,MW,BE,BE,actual_offshore_wind_generation,Wind Offshore | Actual Aggregated,2026-08-21T05:46:03Z
2026-08-21T05:45:14Z,2026-08-21T07:45:14+0200,fefc4afd-8e33-4cd6-bf77-d9db44894bfe,2026-07-24T11:00:00Z,2026-07-24T13:00:00+0200,0.3575,MW,BE,BE,actual_offshore_wind_generation,Wind Offshore | Actual Aggregated,2026-08-21T05:46:03Z
2026-08-21T05:45:14Z,2026-08-21T07:45:14+0200,fefc4afd-8e33-4cd6-bf77-d9db44894bfe,2026-07-24T11:00:00Z,2026-07-24T13:00:00+0200,9.1025,MW,BE,BE,actual_offshore_wind_generation,Wind Offshore | Actual Consumption,2026-08-21T05:46:03Z
2026-08-21T05:45:14Z,2026-08-21T07:45:14+0200,fefc4afd-8e33-4cd6-bf77-d9db44894bfe,2026-07-24T12:00:00Z,2026-07-24T14:00:00+0200,22.4375,MW,BE,BE,actual_offshore_wind_generation,Wind Offshore | Actual Consumption,2026-08-21T05:46:03Z
2026-08-21T05:45:14Z,2026-08-21T07:45:14+0200,fefc4afd-8e33-4cd6-bf77-d9db44894bfe,2026-07-24T13:00:00Z,2026-07-24T15:00:00+0200,27.3,MW,BE,BE,actual_offshore_wind_generation,Wind Offshore | Actual Consumption,2026-08-21T05:46:03Z
2026-08-21T05:45:14Z,2026-08-21T07:45:14+0200,fefc4afd-8e33-4cd6-bf77-d9db44894bfe,2026-07-24T14:00:00Z,2026-07-24T16:00:00+0200,29.1425,MW,BE,BE,actual_offshore_wind_generation,Wind Offshore | Actual Consumption,2026-08-21T05:46:03Z
2026-08-21T05:45:14Z,2026-08-21T07:45:14+0200,fefc4afd-8e33-4cd6-bf77-d9db44894bfe,2026-07-24T15:00:00Z,2026-07-24T17:00:00+0200,29.0975,MW,BE,BE,actual_offshore_wind_generation,Wind Offshore | Actual Consumption,2026-08-21T05:46:03Z
2026-08-21T05:45:14Z,2026-08-21T07:45:14+0200,fefc4afd-8e33-4cd6-bf77-d9db44894bfe,2026-07-24T16:00:00Z,2026-07-24T18:00:00+0200,28.8725,MW,BE,BE,actual_offshore_wind_generation,Wind Offshore | Actual Consumption,2026-08-21T05:46:03Z
2026-08-21T05:45:14Z,2026-08-21T07:45:14+0200,fefc4afd-8e33-4cd6-bf77-d9db44894bfe,2026-07-24T17:00:00Z,2026-07-24T19:00:00+0200,23.8525,MW,BE,BE,actual_offshore_wind_generation,Wind Offshore | Actual Consumption,2026-08-21T05:46:03Z
2026-08-21T05:45:14Z,2026-08-21T07:45:14+0200,fefc4afd-8e33-4cd6-bf77-d9db44894bfe,2026-07-24T18:00:00Z,2026-07-24T20:00:00+0200,18.055,MW,BE,BE,actual_offshore_wind_generation,Wind Offshore | Actual Consumption,2026-08-21T05:46:03Z
2026-08-21T05:45:14Z,2026-08-21T07:45:14+0200,fefc4afd-8e33-4cd6-bf77-d9db44894bfe,2026-07-24T19:00:00Z,2026-07-24T21:00:00+0200,14.285,MW,BE,BE,actual_offshore_wind_generation,Wind Offshore | Actual Consumption,2026-08-21T05:46:03Z
2026-08-21T05:45:14Z,2026-08-21T07:45:14+0200,fefc4afd-8e33-4cd6-bf77-d9db44894bfe,2026-07-24T20:00:00Z,2026-07-24T22:00:00+0200,8.9025,MW,BE,BE,actual_offshore_wind_generation,Wind Offshore | Actual Aggregated,2026-08-21T05:46:03Z
2026-08-21T05:45:14Z,2026-08-21T07:45:14+0200,fefc4afd-8e33-4cd6-bf77-d9db44894bfe,2026-07-24T20:00:00Z,2026-07-24T22:00:00+0200,1.95,MW,BE,BE,actual_offshore_wind_generation,Wind Offshore | Actual Consumption,2026-08-21T05:46:03Z
2026-08-21T05:45:14Z,2026-08-21T07:45:14+0200,fefc4afd-8e33-4cd6-bf77-d9db44894bfe,2026-07-24T21:00:00Z,2026-07-24T23:00:00+0200,10.3875,MW,BE,BE,actual_offshore_wind_generation,Wind Offshore | Actual Aggregated,2026-08-21T05:46:03Z
2026-08-21T05:45:14Z,2026-08-21T07:45:14+0200,fefc4afd-8e33-4cd6-bf77-d9db44894bfe,2026-07-24T22:00:00Z,2026-07-25T00:00:00+0200,26.015,MW,BE,BE,actual_offshore_wind_generation,Wind Offshore | Actual Aggregated,2026-08-21T05:46:03Z
2026-08-21T05:45:14Z,2026-08-21T07:45:14+0200,fefc4afd-8e33-4cd6-bf77-d9db44894bfe,2026-07-24T23:00:00Z,2026-07-25T01:00:00+0200,28.3775,MW,BE,BE,actual_offshore_wind_generation,Wind Offshore | Actual Aggregated,2026-08-21T05:46:03Z
2026-08-21T05:45:14Z,2026-08-21T07:45:14+0200,fefc4afd-8e33-4cd6-bf77-d9db44894bfe,2026-07-25T00:00:00Z,2026-07-25T02:00:00+0200,31.785,MW,BE,BE,actual_offshore_wind_generation,Wind Offshore | Actual Aggregated,2026-08-21T05:46:03Z
2026-08-21T05:45:14Z,2026-08-21T07:45:14+0200,fefc4afd-8e33-4cd6-bf77-d9db44894bfe,2026-07-25T01:00:00Z,2026-07-25T03:00:00+0200,25.53,MW,BE,BE,actual_offshore_wind_generation,Wind Offshore | Actual Aggregated,2026-08-21T05:46:03Z
2026-08-21T05:45:14Z,2026-08-21T07:45:14+0200,fefc4afd-8e33-4cd6-bf77-d9db44894bfe,2026-07-25T02:00:00Z,2026-07-25T04:00:00+0200,48.5075,MW,BE,BE,actual_offshore_wind_generation,Wind Offshore | Actual Aggregated,2026-08-21T05:46:03Z
2026-08-21T05:45:14Z,2026-08-21T07:45:14+0200,fefc4afd-8e33-4cd6-bf77-d9db44894bfe,2026-07-25T03:00:00Z,2026-07-25T05:00:00+0200,13.8925,MW,BE,BE,actual_offshore_wind_generation,Wind Offshore | Actual Aggregated,2026-08-21T05:46:03Z
2026-08-21T05:45:14Z,2026-08-21T07:45:14+0200,fefc4afd-8e33-4cd6-bf77-d9db44894bfe,2026-07-25T03:00:00Z,2026-07-25T05:00:00+0200,0.4575,MW,BE,BE,actual_offshore_wind_generation,Wind Offshore | Actual Consumption,2026-08-21T05:46:03Z
2026-08-21T05:45:14Z,2026-08-21T07:45:14+0200,fefc4afd-8e33-4cd6-bf77-d9db44894bfe,2026-07-25T04:00:00Z,2026-07-25T06:00:00+0200,0.5575,MW,BE,BE,actual_offshore_wind_generation,Wind Offshore | Actual Aggregated,2026-08-21T05:46:03Z
2026-08-21T05:45:14Z,2026-08-21T07:45:14+0200,fefc4afd-8e33-4cd6-bf77-d9db44894bfe,2026-07-25T04:00:00Z,2026-07-25T06:00:00+0200,3.1625,MW,BE,BE,actual_offshore_wind_generation,Wind Offshore | Actual Consumption,2026-08-21T05:46:03Z
2026-08-21T05:45:14Z,2026-08-21T07:45:14+0200,fefc4afd-8e33-4cd6-bf77-d9db44894bfe,2026-07-25T05:00:00Z,2026-07-25T07:00:00+0200,12.3275,MW,BE,BE,actual_offshore_wind_generation,Wind Offshore | Actual Aggregated,2026-08-21T05:46:03Z
2026-08-21T05:45:14Z,2026-08-21T07:45:14+0200,fefc4afd-8e33-4cd6-bf77-d9db44894bfe,2026-07-25T05:00:00Z,2026-07-25T07:00:00+0200,2.705,MW,BE,BE,actual_offshore_wind_generation,Wind Offshore | Actual Consumption,2026-08-21T05:46:03Z
2026-08-21T05:45:14Z,2026-08-21T07:45:14+0200,fefc4afd-8e33-4cd6-bf77-d9db44894bfe,2026-07-25T06:00:00Z,2026-07-25T08:00:00+0200,37.385,MW,BE,BE,actual_offshore_wind_generation,Wind Offshore | Actual Aggregated,2026-08-21T05:46:03Z
2026-08-21T05:45:14Z,2026-08-21T07:45:14+0200,fefc4afd-8e33-4cd6-bf77-d9db44894bfe,2026-07-25T07:00:00Z,2026-07-25T09:00:00+0200,1.1825,MW,BE,BE,actual_offshore_wind_generation,Wind Offshore | Actual Aggregated,2026-08-21T05:46:03Z
2026-08-21T05:45:14Z,2026-08-21T07:45:14+0200,fefc4afd-8e33-4cd6-bf77-d9db44894bfe,2026-07-25T07:00:00Z,2026-07-25T09:00:00+0200,19.2575,MW,BE,BE,actual_offshore_wind_generation,Wind Offshore | Actual Consumption,2026-08-21T05:46:03Z
2026-08-21T05:45:14Z,2026-08-21T07:45:14+0200,fefc4afd-8e33-4cd6-bf77-d9db44894bfe,2026-07-25T08:00:00Z,2026-07-25T10:00:00+0200,20.44,MW,BE,BE,actual_offshore_wind_generation,Wind Offshore | Actual Consumption,2026-08-21T05:46:03Z
2026-08-21T05:45:14Z,2026-08-21T07:45:14+0200,fefc4afd-8e33-4cd6-bf77-d9db44894bfe,2026-07-25T09:00:00Z,2026-07-25T11:00:00+0200,10.57,MW,BE,BE,actual_offshore_wind_generation,Wind Offshore | Actual Aggregated,2026-08-21T05:46:03Z
2026-08-21T05:45:14Z,2026-08-21T07:45:14+0200,fefc4afd-8e33-4cd6-bf77-d9db44894bfe,2026-07-25T09:00:00Z,2026-07-25T11:00:00+0200,3.3025,MW,BE,BE,actual_offshore_wind_generation,Wind Offshore | Actual Consumption,2026-08-21T05:46:03Z
2026-08-21T05:45:14Z,2026-08-21T07:45:14+0200,fefc4afd-8e33-4cd6-bf77-d9db44894bfe,2026-07-25T10:00:00Z,2026-07-25T12:00:00+0200,21.2025,MW,BE,BE,actual_offshore_wind_generation,Wind Offshore | Actual Consumption,2026-08-21T05:46:03Z
2026-08-21T05:45:14Z,2026-08-21T07:45:14+0200,fefc4afd-8e33-4cd6-bf77-d9db44894bfe,2026-07-25T11:00:00Z,2026-07-25T13:00:00+0200,25.12,MW,BE,BE,actual_offshore_wind_generation,Wind Offshore | Actual Consumption,2026-08-21T05:46:03Z
2026-08-21T05:45:14Z,2026-08-21T07:45:14+0200,fefc4afd-8e33-4cd6-bf77-d9db44894bfe,2026-07-25T12:00:00Z,2026-07-25T14:00:00+0200,23.985,MW,BE,BE,actual_offshore_wind_generation,Wind Offshore | Actual Consumption,2026-08-21T05:46:03Z
2026-08-21T05:45:14Z,2026-08-21T07:45:14+0200,fefc4afd-8e33-4cd6-bf77-d9db44894bfe,2026-07-25T13:00:00Z,2026-07-25T15:00:00+0200,12.385,MW,BE,BE,actual_offshore_wind_generation,Wind Offshore | Actual Consumption,2026-08-21T05:46:03Z
2026-08-21T05:45:14Z,2026-08-21T07:45:14+0200,fefc4afd-8e33-4cd6-bf77-d9db44894bfe,2026-07-25T14:00:00Z,2026-07-25T16:00:00+0200,33.22,MW,BE,BE,actual_offshore_wind_generation,Wind Offshore | Actual Aggregated,2026-08-21T05:46:03Z
2026-08-21T05:45:14Z,2026-08-21T07:45:14+0200,fefc4afd-8e33-4cd6-bf77-d9db44894bfe,2026-07-25T14:00:00Z,2026-07-25T16:00:00+0200,1.225,MW,BE,BE,actual_offshore_wind_generation,Wind Offshore | Actual Consumption,2026-08-21T05:46:03Z
2026-08-21T05:45:14Z,2026-08-21T07:45:14+0200,fefc4afd-8e33-4cd6-bf77-d9db44894bfe,2026-07-25T15:00:00Z,2026-07-25T17:00:00+0200,150.13,MW,BE,BE,actual_offshore_wind_generation,Wind Offshore | Actual Aggregated,2026-08-21T05:46:03Z
2026-08-21T05:45:14Z,2026-08-21T07:45:14+0200,fefc4afd-8e33-4cd6-bf77-d9db44894bfe,2026-07-25T16:00:00Z,2026-07-25T18:00:00+0200,466.0075,MW,BE,BE,actual_offshore_wind_generation,Wind Offshore | Actual Aggregated,2026-08-21T05:46:03Z
2026-08-21T05:45:14Z,2026-08-21T07:45:14+0200,fefc4afd-8e33-4cd6-bf77-d9db44894bfe,2026-07-25T17:00:00Z,2026-07-25T19:00:00+0200,1142.94,MW,BE,BE,actual_offshore_wind_generation,Wind Offshore | Actual Aggregated,2026-08-21T05:46:03Z
2026-08-21T05:45:14Z,2026-08-21T07:45:14+0200,fefc4afd-8e33-4cd6-bf77-d9db44894bfe,2026-07-25T18:00:00Z,2026-07-25T20:00:00+0200,1679.0325,MW,BE,BE,actual_offshore_wind_generation,Wind Offshore | Actual Aggregated,2026-08-21T05:46:03Z
2026-08-21T05:45:14Z,2026-08-21T07:45:14+0200,fefc4afd-8e33-4cd6-bf77-d9db44894bfe,2026-07-25T19:00:00Z,2026-07-25T21:00:00+0200,1784.6,MW,BE,BE,actual_offshore_wind_generation,Wind Offshore | Actual Aggregated,2026-08-21T05:46:03Z
2026-08-21T05:45:14Z,2026-08-21T07:45:14+0200,fefc4afd-8e33-4cd6-bf77-d9db44894bfe,2026-07-25T20:00:00Z,2026-07-25T22:00:00+0200,1808.945,MW,BE,BE,actual_offshore_wind_generation,Wind Offshore | Actual Aggregated,2026-08-21T05:46:03Z
2026-08-21T05:45:14Z,2026-08-21T07:45:14+0200,fefc4afd-8e33-4cd6-bf77-d9db44894bfe,2026-07-25T21:00:00Z,2026-07-25T23:00:00+0200,1799.1975,MW,BE,BE,actual_offshore_wind_generation,Wind Offshore | Actual Aggregated,2026-08-21T05:46:03Z
2026-08-21T05:45:14Z,2026-08-21T07:45:14+0200,fefc4afd-8e33-4cd6-bf77-d9db44894bfe,2026-07-25T22:00:00Z,2026-07-26T00:00:00+0200,1701.16,MW,BE,BE,actual_offshore_wind_generation,Wind Offshore | Actual Aggregated,2026-08-21T05:46:03Z
2026-08-21T05:45:14Z,2026-08-21T07:45:14+0200,fefc4afd-8e33-4cd6-bf77-d9db44894bfe,2026-07-25T23:00:00Z,2026-07-26T01:00:00+0200,1692.8375,MW,BE,BE,actual_offshore_wind_generation,Wind Offshore | Actual Aggregated,2026-08-21T05:46:03Z
2026-08-21T05:45:14Z,2026-08-21T07:45:14+0200,fefc4afd-8e33-4cd6-bf77-d9db44894bfe,2026-07-26T00:00:00Z,2026-07-26T02:00:00+0200,1063.745,MW,BE,BE,actual_offshore_wind_generation,Wind Offshore | Actual Aggregated,2026-08-21T05:46:03Z
2026-08-21T05:45:14Z,2026-08-21T07:45:14+0200,fefc4afd-8e33-4cd6-bf77-d9db44894bfe,2026-07-26T01:00:00Z,2026-07-26T03:00:00+0200,182.8,MW,BE,BE,actual_offshore_wind_generation,Wind Offshore | Actual Aggregated,2026-08-21T05:46:03Z
2026-08-21T05:45:14Z,2026-08-21T07:45:14+0200,fefc4afd-8e33-4cd6-bf77-d9db44894bfe,2026-07-26T02:00:00Z,2026-07-26T04:00:00+0200,71.395,MW,BE,BE,actual_offshore_wind_generation,Wind Offshore | Actual Aggregated,2026-08-21T05:46:03Z
2026-08-21T05:45:14Z,2026-08-21T07:45:14+0200,fefc4afd-8e33-4cd6-bf77-d9db44894bfe,2026-07-26T02:00:00Z,2026-07-26T04:00:00+0200,1.405,MW,BE,BE,actual_offshore_wind_generation,Wind Offshore | Actual Consumption,2026-08-21T05:46:03Z
2026-08-21T05:45:14Z,2026-08-21T07:45:14+0200,fefc4afd-8e33-4cd6-bf77-d9db44894bfe,2026-07-26T03:00:00Z,2026-07-26T05:00:00+0200,433.275,MW,BE,BE,actual_offshore_wind_generation,Wind Offshore | Actual Aggregated,2026-08-21T05:46:03Z
2026-08-21T05:45:14Z,2026-08-21T07:45:14+0200,fefc4afd-8e33-4cd6-bf77-d9db44894bfe,2026-07-26T04:00:00Z,2026-07-26T06:00:00+0200,499.275,MW,BE,BE,actual_offshore_wind_generation,Wind Offshore | Actual Aggregated,2026-08-21T05:46:03Z
2026-08-21T05:45:14Z,2026-08-21T07:45:14+0200,fefc4afd-8e33-4cd6-bf77-d9db44894bfe,2026-07-26T05:00:00Z,2026-07-26T07:00:00+0200,728.225,MW,BE,BE,actual_offshore_wind_generation,Wind Offshore | Actual Aggregated,2026-08-21T05:46:03Z
2026-08-21T05:45:14Z,2026-08-21T07:45:14+0200,fefc4afd-8e33-4cd6-bf77-d9db44894bfe,2026-07-26T06:00:00Z,2026-07-26T08:00:00+0200,1062.2875,MW,BE,BE,actual_offshore_wind_generation,Wind Offshore | Actual Aggregated,2026-08-21T05:46:03Z
2026-08-21T05:45:14Z,2026-08-21T07:45:14+0200,fefc4afd-8e33-4cd6-bf77-d9db44894bfe,2026-07-26T07:00:00Z,2026-07-26T09:00:00+0200,1402.955,MW,BE,BE,actual_offshore_wind_generation,Wind Offshore | Actual Aggregated,2026-08-21T05:46:03Z
2026-08-21T05:45:14Z,2026-08-21T07:45:14+0200,fefc4afd-8e33-4cd6-bf77-d9db44894bfe,2026-07-26T08:00:00Z,2026-07-26T10:00:00+0200,1508.795,MW,BE,BE,actual_offshore_wind_generation,Wind Offshore | Actual Aggregated,2026-08-21T05:46:03Z
2026-08-21T05:45:14Z,2026-08-21T07:45:14+0200,fefc4afd-8e33-4cd6-bf77-d9db44894bfe,2026-07-26T09:00:00Z,2026-07-26T11:00:00+0200,1934.0875,MW,BE,BE,actual_offshore_wind_generation,Wind Offshore | Actual Aggregated,2026-08-21T05:46:03Z
2026-08-21T05:45:14Z,2026-08-21T07:45:14+0200,fefc4afd-8e33-4cd6-bf77-d9db44894bfe,2026-07-26T10:00:00Z,2026-07-26T12:00:00+0200,2053.1625,MW,BE,BE,actual_offshore_wind_generation,Wind Offshore | Actual Aggregated,2026-08-21T05:46:03Z
2026-08-21T05:45:14Z,2026-08-21T07:45:14+0200,fefc4afd-8e33-4cd6-bf77-d9db44894bfe,2026-07-26T11:00:00Z,2026-07-26T13:00:00+0200,2071.3025,MW,BE,BE,actual_offshore_wind_generation,Wind Offshore | Actual Aggregated,2026-08-21T05:46:03Z
2026-08-21T05:45:14Z,2026-08-21T07:45:14+0200,fefc4afd-8e33-4cd6-bf77-d9db44894bfe,2026-07-26T12:00:00Z,2026-07-26T14:00:00+0200,2075.0675,MW,BE,BE,actual_offshore_wind_generation,Wind Offshore | Actual Aggregated,2026-08-21T05:46:03Z
2026-08-21T05:45:14Z,2026-08-21T07:45:14+0200,fefc4afd-8e33-4cd6-bf77-d9db44894bfe,2026-07-26T13:00:00Z,2026-07-26T15:00:00+0200,1852.575,MW,BE,BE,actual_offshore_wind_generation,Wind Offshore | Actual Aggregated,2026-08-21T05:46:03Z
2026-08-21T05:45:14Z,2026-08-21T07:45:14+0200,fefc4afd-8e33-4cd6-bf77-d9db44894bfe,2026-07-26T14:00:00Z,2026-07-26T16:00:00+0200,1588.2325,MW,BE,BE,actual_offshore_wind_generation,Wind Offshore | Actual Aggregated,2026-08-21T05:46:03Z
2026-08-21T05:45:14Z,2026-08-21T07:45:14+0200,fefc4afd-8e33-4cd6-bf77-d9db44894bfe,2026-07-26T15:00:00Z,2026-07-26T17:00:00+0200,1551.3675,MW,BE,BE,actual_offshore_wind_generation,Wind Offshore | Actual Aggregated,2026-08-21T05:46:03Z
2026-08-21T05:45:14Z,2026-08-21T07:45:14+0200,fefc4afd-8e33-4cd6-bf77-d9db44894bfe,2026-07-26T16:00:00Z,2026-07-26T18:00:00+0200,1074.3225,MW,BE,BE,actual_offshore_wind_generation,Wind Offshore | Actual Aggregated,2026-08-21T05:46:03Z
2026-08-21T05:45:14Z,2026-08-21T07:45:14+0200,fefc4afd-8e33-4cd6-bf77-d9db44894bfe,2026-07-26T17:00:00Z,2026-07-26T19:00:00+0200,630.8,MW,BE,BE,actual_offshore_wind_generation,Wind Offshore | Actual Aggregated,2026-08-21T05:46:03Z
2026-08-21T05:45:14Z,2026-08-21T07:45:14+0200,fefc4afd-8e33-4cd6-bf77-d9db44894bfe,2026-07-26T18:00:00Z,2026-07-26T20:00:00+0200,391.13,MW,BE,BE,actual_offshore_wind_generation,Wind Offshore | Actual Aggregated,2026-08-21T05:46:03Z
2026-08-21T05:45:14Z,2026-08-21T07:45:14+0200,fefc4afd-8e33-4cd6-bf77-d9db44894bfe,2026-07-26T19:00:00Z,2026-07-26T21:00:00+0200,556.785,MW,BE,BE,actual_offshore_wind_generation,Wind Offshore | Actual Aggregated,2026-08-21T05:46:03Z
2026-08-21T05:45:14Z,2026-08-21T07:45:14+0200,fefc4afd-8e33-4cd6-bf77-d9db44894bfe,2026-07-26T20:00:00Z,2026-07-26T22:00:00+0200,698.2475,MW,BE,BE,actual_offshore_wind_generation,Wind Offshore | Actual Aggregated,2026-08-21T05:46:03Z
2026-08-21T05:45:14Z,2026-08-21T07:45:14+0200,fefc4afd-8e33-4cd6-bf77-d9db44894bfe,2026-07-26T21:00:00Z,2026-07-26T23:00:00+0200,947.515,MW,BE,BE,actual_offshore_wind_generation,Wind Offshore | Actual Aggregated,2026-08-21T05:46:03Z
2026-08-21T05:45:14Z,2026-08-21T07:45:14+0200,fefc4afd-8e33-4cd6-bf77-d9db44894bfe,2026-07-26T22:00:00Z,2026-07-27T00:00:00+0200,1622.0125,MW,BE,BE,actual_offshore_wind_generation,Wind Offshore | Actual Aggregated,2026-08-21T05:46:03Z
2026-08-21T05:45:14Z,2026-08-21T07:45:14+0200,fefc4afd-8e33-4cd6-bf77-d9db44894bfe,2026-07-26T23:00:00Z,2026-07-27T01:00:00+0200,1557.9175,MW,BE,BE,actual_offshore_wind_generation,Wind Offshore | Actual Aggregated,2026-08-21T05:46:03Z
2026-08-21T05:45:14Z,2026-08-21T07:45:14+0200,fefc4afd-8e33-4cd6-bf77-d9db44894bfe,2026-07-27T00:00:00Z,2026-07-27T02:00:00+0200,1276.0675,MW,BE,BE,actual_offshore_wind_generation,Wind Offshore | Actual Aggregated,2026-08-21T05:46:03Z
2026-08-21T05:45:14Z,2026-08-21T07:45:14+0200,fefc4afd-8e33-4cd6-bf77-d9db44894bfe,2026-07-27T01:00:00Z,2026-07-27T03:00:00+0200,1330.7625,MW,BE,BE,actual_offshore_wind_generation,Wind Offshore | Actual Aggregated,2026-08-21T05:46:03Z
2026-08-21T05:45:14Z,2026-08-21T07:45:14+0200,fefc4afd-8e33-4cd6-bf77-d9db44894bfe,2026-07-27T02:00:00Z,2026-07-27T04:00:00+0200,1043.14,MW,BE,BE,actual_offshore_wind_generation,Wind Offshore | Actual Aggregated,2026-08-21T05:46:03Z
2026-08-21T05:45:14Z,2026-08-21T07:45:14+0200,fefc4afd-8e33-4cd6-bf77-d9db44894bfe,2026-07-27T03:00:00Z,2026-07-27T05:00:00+0200,898.255,MW,BE,BE,actual_offshore_wind_generation,Wind Offshore | Actual Aggregated,2026-08-21T05:46:03Z
2026-08-21T05:45:14Z,2026-08-21T07:45:14+0200,fefc4afd-8e33-4cd6-bf77-d9db44894bfe,2026-07-27T04:00:00Z,2026-07-27T06:00:00+0200,745.67,MW,BE,BE,actual_offshore_wind_generation,Wind Offshore | Actual Aggregated,2026-08-21T05:46:03Z
2026-08-21T05:45:14Z,2026-08-21T07:45:14+0200,fefc4afd-8e33-4cd6-bf77-d9db44894bfe,2026-07-27T05:00:00Z,2026-07-27T07:00:00+0200,710.2575,MW,BE,BE,actual_offshore_wind_generation,Wind Offshore | Actual Aggregated,2026-08-21T05:46:03Z
2026-08-21T05:45:14Z,2026-08-21T07:45:14+0200,fefc4afd-8e33-4cd6-bf77-d9db44894bfe,2026-07-27T06:00:00Z,2026-07-27T08:00:00+0200,516.2725,MW,BE,BE,actual_offshore_wind_generation,Wind Offshore | Actual Aggregated,2026-08-21T05:46:03Z
2026-08-21T05:45:14Z,2026-08-21T07:45:14+0200,fefc4afd-8e33-4cd6-bf77-d9db44894bfe,2026-07-27T07:00:00Z,2026-07-27T09:00:00+0200,449.385,MW,BE,BE,actual_offshore_wind_generation,Wind Offshore | Actual Aggregated,2026-08-21T05:46:03Z
2026-08-21T05:45:14Z,2026-08-21T07:45:14+0200,fefc4afd-8e33-4cd6-bf77-d9db44894bfe,2026-07-27T08:00:00Z,2026-07-27T10:00:00+0200,363.3225,MW,BE,BE,actual_offshore_wind_generation,Wind Offshore | Actual Aggregated,2026-08-21T05:46:03Z
2026-08-21T05:45:14Z,2026-08-21T07:45:14+0200,fefc4afd-8e33-4cd6-bf77-d9db44894bfe,2026-07-27T09:00:00Z,2026-07-27T11:00:00+0200,318.65,MW,BE,BE,actual_offshore_wind_generation,Wind Offshore | Actual Aggregated,2026-08-21T05:46:03Z
2026-08-21T05:45:14Z,2026-08-21T07:45:14+0200,fefc4afd-8e33-4cd6-bf77-d9db44894bfe,2026-07-27T10:00:00Z,2026-07-27T12:00:00+0200,309.2375,MW,BE,BE,actual_offshore_wind_generation,Wind Offshore | Actual Aggregated,2026-08-21T05:46:03Z
2026-08-21T05:45:14Z,2026-08-21T07:45:14+0200,fefc4afd-8e33-4cd6-bf77-d9db44894bfe,2026-07-27T11:00:00Z,2026-07-27T13:00:00+0200,306.9375,MW,BE,BE,actual_offshore_wind_generation,Wind Offshore | Actual Aggregated,2026-08-21T05:46:03Z
2026-08-21T05:45:14Z,2026-08-21T07:45:14+0200,fefc4afd-8e33-4cd6-bf77-d9db44894bfe,2026-07-27T12:00:00Z,2026-07-27T14:00:00+0200,265.495,MW,BE,BE,actual_offshore_wind_generation,Wind Offshore | Actual Aggregated,2026-08-21T05:46:03Z
2026-08-21T05:45:14Z,2026-08-21T07:45:14+0200,fefc4afd-8e33-4cd6-bf77-d9db44894bfe,2026-07-27T13:00:00Z,2026-07-27T15:00:00+0200,279.295,MW,BE,BE,actual_offshore_wind_generation,Wind Offshore | Actual Aggregated,2026-08-21T05:46:03Z
2026-08-21T05:45:14Z,2026-08-21T07:45:14+0200,fefc4afd-8e33-4cd6-bf77-d9db44894bfe,2026-07-27T14:00:00Z,2026-07-27T16:00:00+0200,177.9725,MW,BE,BE,actual_offshore_wind_generation,Wind Offshore | Actual Aggregated,2026-08-21T05:46:03Z
2026-08-21T05:45:14Z,2026-08-21T07:45:14+0200,fefc4afd-8e33-4cd6-bf77-d9db44894bfe,2026-07-27T15:00:00Z,2026-07-27T17:00:00+0200,146.8475,MW,BE,BE,actual_offshore_wind_generation,Wind Offshore | Actual Aggregated,2026-08-21T05:46:03Z
2026-08-21T05:45:14Z,2026-08-21T07:45:14+0200,fefc4afd-8e33-4cd6-bf77-d9db44894bfe,2026-07-27T16:00:00Z,2026-07-27T18:00:00+0200,358.1475,MW,BE,BE,actual_offshore_wind_generation,Wind Offshore | Actual Aggregated,2026-08-21T05:46:03Z
2026-08-21T05:45:14Z,2026-08-21T07:45:14+0200,fefc4afd-8e33-4cd6-bf77-d9db44894bfe,2026-07-27T17:00:00Z,2026-07-27T19:00:00+0200,461.0325,MW,BE,BE,actual_offshore_wind_generation,Wind Offshore | Actual Aggregated,2026-08-21T05:46:03Z
2026-08-21T05:45:14Z,2026-08-21T07:45:14+0200,fefc4afd-8e33-4cd6-bf77-d9db44894bfe,2026-07-27T18:00:00Z,2026-07-27T20:00:00+0200,456.935,MW,BE,BE,actual_offshore_wind_generation,Wind Offshore | Actual Aggregated,2026-08-21T05:46:03Z
2026-08-21T05:45:14Z,2026-08-21T07:45:14+0200,fefc4afd-8e33-4cd6-bf77-d9db44894bfe,2026-07-27T19:00:00Z,2026-07-27T21:00:00+0200,721.4675,MW,BE,BE,actual_offshore_wind_generation,Wind Offshore | Actual Aggregated,2026-08-21T05:46:03Z
2026-08-21T05:45:14Z,2026-08-21T07:45:14+0200,fefc4afd-8e33-4cd6-bf77-d9db44894bfe,2026-07-27T20:00:00Z,2026-07-27T22:00:00+0200,1013.34,MW,BE,BE,actual_offshore_wind_generation,Wind Offshore | Actual Aggregated,2026-08-21T05:46:03Z
2026-08-21T05:45:14Z,2026-08-21T07:45:14+0200,fefc4afd-8e33-4cd6-bf77-d9db44894bfe,2026-07-27T21:00:00Z,2026-07-27T23:00:00+0200,1094.0775,MW,BE,BE,actual_offshore_wind_generation,Wind Offshore | Actual Aggregated,2026-08-21T05:46:03Z
2026-08-21T05:45:14Z,2026-08-21T07:45:14+0200,fefc4afd-8e33-4cd6-bf77-d9db44894bfe,2026-07-27T22:00:00Z,2026-07-28T00:00:00+0200,1002.285,MW,BE,BE,actual_offshore_wind_generation,Wind Offshore | Actual Aggregated,2026-08-21T05:46:03Z
2026-08-21T05:45:14Z,2026-08-21T07:45:14+0200,fefc4afd-8e33-4cd6-bf77-d9db44894bfe,2026-07-27T23:00:00Z,2026-07-28T01:00:00+0200,822.1375,MW,BE,BE,actual_offshore_wind_generation,Wind Offshore | Actual Aggregated,2026-08-21T05:46:03Z
2026-08-21T05:45:14Z,2026-08-21T07:45:14+0200,fefc4afd-8e33-4cd6-bf77-d9db44894bfe,2026-07-28T00:00:00Z,2026-07-28T02:00:00+0200,704.3925,MW,BE,BE,actual_offshore_wind_generation,Wind Offshore | Actual Aggregated,2026-08-21T05:46:03Z
2026-08-21T05:45:14Z,2026-08-21T07:45:14+0200,fefc4afd-8e33-4cd6-bf77-d9db44894bfe,2026-07-28T01:00:00Z,2026-07-28T03:00:00+0200,645.5625,MW,BE,BE,actual_offshore_wind_generation,Wind Offshore | Actual Aggregated,2026-08-21T05:46:03Z
2026-08-21T05:45:14Z,2026-08-21T07:45:14+0200,fefc4afd-8e33-4cd6-bf77-d9db44894bfe,2026-07-28T02:00:00Z,2026-07-28T04:00:00+0200,455.105,MW,BE,BE,actual_offshore_wind_generation,Wind Offshore | Actual Aggregated,2026-08-21T05:46:03Z
2026-08-21T05:45:14Z,2026-08-21T07:45:14+0200,fefc4afd-8e33-4cd6-bf77-d9db44894bfe,2026-07-28T03:00:00Z,2026-07-28T05:00:00+0200,281.8125,MW,BE,BE,actual_offshore_wind_generation,Wind Offshore | Actual Aggregated,2026-08-21T05:46:03Z
2026-08-21T05:45:14Z,2026-08-21T07:45:14+0200,fefc4afd-8e33-4cd6-bf77-d9db44894bfe,2026-07-28T04:00:00Z,2026-07-28T06:00:00+0200,130.355,MW,BE,BE,actual_offshore_wind_generation,Wind Offshore | Actual Aggregated,2026-08-21T05:46:03Z
2026-08-21T05:45:14Z,2026-08-21T07:45:14+0200,fefc4afd-8e33-4cd6-bf77-d9db44894bfe,2026-07-28T05:00:00Z,2026-07-28T07:00:00+0200,35.83,MW,BE,BE,actual_offshore_wind_generation,Wind Offshore | Actual Aggregated,2026-08-21T05:46:03Z
2026-08-21T05:45:14Z,2026-08-21T07:45:14+0200,fefc4afd-8e33-4cd6-bf77-d9db44894bfe,2026-07-28T06:00:00Z,2026-07-28T08:00:00+0200,27.445,MW,BE,BE,actual_offshore_wind_generation,Wind Offshore | Actual Aggregated,2026-08-21T05:46:03Z
2026-08-21T05:45:14Z,2026-08-21T07:45:14+0200,fefc4afd-8e33-4cd6-bf77-d9db44894bfe,2026-07-28T07:00:00Z,2026-07-28T09:00:00+0200,170.935,MW,BE,BE,actual_offshore_wind_generation,Wind Offshore | Actual Aggregated,2026-08-21T05:46:03Z
2026-08-21T05:45:14Z,2026-08-21T07:45:14+0200,fefc4afd-8e33-4cd6-bf77-d9db44894bfe,2026-07-28T08:00:00Z,2026-07-28T10:00:00+0200,180.6825,MW,BE,BE,actual_offshore_wind_generation,Wind Offshore | Actual Aggregated,2026-08-21T05:46:03Z
2026-08-21T05:45:14Z,2026-08-21T07:45:14+0200,fefc4afd-8e33-4cd6-bf77-d9db44894bfe,2026-07-28T09:00:00Z,2026-07-28T11:00:00+0200,126.485,MW,BE,BE,actual_offshore_wind_generation,Wind Offshore | Actual Aggregated,2026-08-21T05:46:03Z
2026-08-21T05:45:14Z,2026-08-21T07:45:14+0200,fefc4afd-8e33-4cd6-bf77-d9db44894bfe,2026-07-28T10:00:00Z,2026-07-28T12:00:00+0200,122.7975,MW,BE,BE,actual_offshore_wind_generation,Wind Offshore | Actual Aggregated,2026-08-21T05:46:03Z
2026-08-21T05:45:14Z,2026-08-21T07:45:14+0200,fefc4afd-8e33-4cd6-bf77-d9db44894bfe,2026-07-28T11:00:00Z,2026-07-28T13:00:00+0200,87.2475,MW,BE,BE,actual_offshore_wind_generation,Wind Offshore | Actual Aggregated,2026-08-21T05:46:03Z
2026-08-21T05:45:14Z,2026-08-21T07:45:14+0200,fefc4afd-8e33-4cd6-bf77-d9db44894bfe,2026-07-28T12:00:00Z,2026-07-28T14:00:00+0200,29.3575,MW,BE,BE,actual_offshore_wind_generation,Wind Offshore | Actual Aggregated,2026-08-21T05:46:03Z
2026-08-21T05:45:14Z,2026-08-21T07:45:14+0200,fefc4afd-8e33-4cd6-bf77-d9db44894bfe,2026-07-28T13:00:00Z,2026-07-28T15:00:00+0200,1.9125,MW,BE,BE,actual_offshore_wind_generation,Wind Offshore | Actual Aggregated,2026-08-21T05:46:03Z
2026-08-21T05:45:14Z,2026-08-21T07:45:14+0200,fefc4afd-8e33-4cd6-bf77-d9db44894bfe,2026-07-28T13:00:00Z,2026-07-28T15:00:00+0200,3.1725,MW,BE,BE,actual_offshore_wind_generation,Wind Offshore | Actual Consumption,2026-08-21T05:46:03Z
2026-08-21T05:45:14Z,2026-08-21T07:45:14+0200,fefc4afd-8e33-4cd6-bf77-d9db44894bfe,2026-07-28T14:00:00Z,2026-07-28T16:00:00+0200,12.2975,MW,BE,BE,actual_offshore_wind_generation,Wind Offshore | Actual Aggregated,2026-08-21T05:46:03Z
2026-08-21T05:45:14Z,2026-08-21T07:45:14+0200,fefc4afd-8e33-4cd6-bf77-d9db44894bfe,2026-07-28T15:00:00Z,2026-07-28T17:00:00+0200,18.005,MW,BE,BE,actual_offshore_wind_generation,Wind Offshore | Actual Consumption,2026-08-21T05:46:03Z
2026-08-21T05:45:14Z,2026-08-21T07:45:14+0200,fefc4afd-8e33-4cd6-bf77-d9db44894bfe,2026-07-28T16:00:00Z,2026-07-28T18:00:00+0200,26.5675,MW,BE,BE,actual_offshore_wind_generation,Wind Offshore | Actual Consumption,2026-08-21T05:46:03Z
2026-08-21T05:45:14Z,2026-08-21T07:45:14+0200,fefc4afd-8e33-4cd6-bf77-d9db44894bfe,2026-07-28T17:00:00Z,2026-07-28T19:00:00+0200,27.2225,MW,BE,BE,actual_offshore_wind_generation,Wind Offshore | Actual Consumption,2026-08-21T05:46:03Z
2026-08-21T05:45:14Z,2026-08-21T07:45:14+0200,fefc4afd-8e33-4cd6-bf77-d9db44894bfe,2026-07-28T18:00:00Z,2026-07-28T20:00:00+0200,27.9875,MW,BE,BE,actual_offshore_wind_generation,Wind Offshore | Actual Consumption,2026-08-21T05:46:03Z
2026-08-21T05:45:14Z,2026-08-21T07:45:14+0200,fefc4afd-8e33-4cd6-bf77-d9db44894bfe,2026-07-28T19:00:00Z,2026-07-28T21:00:00+0200,27.9825,MW,BE,BE,actual_offshore_wind_generation,Wind Offshore | Actual Consumption,2026-08-21T05:46:03Z
2026-08-21T05:45:14Z,2026-08-21T07:45:14+0200,fefc4afd-8e33-4cd6-bf77-d9db44894bfe,2026-07-28T20:00:00Z,2026-07-28T22:00:00+0200,28.14,MW,BE,BE,actual_offshore_wind_generation,Wind Offshore | Actual Consumption,2026-08-21T05:46:03Z
2026-08-21T05:45:14Z,2026-08-21T07:45:14+0200,fefc4afd-8e33-4cd6-bf77-d9db44894bfe,2026-07-28T21:00:00Z,2026-07-28T23:00:00+0200,28.8475,MW,BE,BE,actual_offshore_wind_generation,Wind Offshore | Actual Consumption,2026-08-21T05:46:03Z
2026-08-21T05:45:14Z,2026-08-21T07:45:14+0200,fefc4afd-8e33-4cd6-bf77-d9db44894bfe,2026-07-28T22:00:00Z,2026-07-29T00:00:00+0200,27.955,MW,BE,BE,actual_offshore_wind_generation,Wind Offshore | Actual Consumption,2026-08-21T05:46:03Z
2026-08-21T05:45:14Z,2026-08-21T07:45:14+0200,fefc4afd-8e33-4cd6-bf77-d9db44894bfe,2026-07-28T23:00:00Z,2026-07-29T01:00:00+0200,27.795,MW,BE,BE,actual_offshore_wind_generation,Wind Offshore | Actual Consumption,2026-08-21T05:46:03Z
2026-08-21T05:45:14Z,2026-08-21T07:45:14+0200,fefc4afd-8e33-4cd6-bf77-d9db44894bfe,2026-07-29T00:00:00Z,2026-07-29T02:00:00+0200,26.2075,MW,BE,BE,actual_offshore_wind_generation,Wind Offshore | Actual Consumption,2026-08-21T05:46:03Z
2026-08-21T05:45:14Z,2026-08-21T07:45:14+0200,fefc4afd-8e33-4cd6-bf77-d9db44894bfe,2026-07-29T01:00:00Z,2026-07-29T03:00:00+0200,29.3825,MW,BE,BE,actual_offshore_wind_generation,Wind Offshore | Actual Consumption,2026-08-21T05:46:03Z
2026-08-21T05:45:14Z,2026-08-21T07:45:14+0200,fefc4afd-8e33-4cd6-bf77-d9db44894bfe,2026-07-29T02:00:00Z,2026-07-29T04:00:00+0200,29.72,MW,BE,BE,actual_offshore_wind_generation,Wind Offshore | Actual Consumption,2026-08-21T05:46:03Z
2026-08-21T05:45:14Z,2026-08-21T07:45:14+0200,fefc4afd-8e33-4cd6-bf77-d9db44894bfe,2026-07-29T03:00:00Z,2026-07-29T05:00:00+0200,29.9525,MW,BE,BE,actual_offshore_wind_generation,Wind Offshore | Actual Consumption,2026-08-21T05:46:03Z
2026-08-21T05:45:14Z,2026-08-21T07:45:14+0200,fefc4afd-8e33-4cd6-bf77-d9db44894bfe,2026-07-29T04:00:00Z,2026-07-29T06:00:00+0200,29.655,MW,BE,BE,actual_offshore_wind_generation,Wind Offshore | Actual Consumption,2026-08-21T05:46:03Z
2026-08-21T05:45:14Z,2026-08-21T07:45:14+0200,fefc4afd-8e33-4cd6-bf77-d9db44894bfe,2026-07-29T05:00:00Z,2026-07-29T07:00:00+0200,29.4475,MW,BE,BE,actual_offshore_wind_generation,Wind Offshore | Actual Consumption,2026-08-21T05:46:03Z
2026-08-21T05:45:14Z,2026-08-21T07:45:14+0200,fefc4afd-8e33-4cd6-bf77-d9db44894bfe,2026-07-29T06:00:00Z,2026-07-29T08:00:00+0200,28.845,MW,BE,BE,actual_offshore_wind_generation,Wind Offshore | Actual Consumption,2026-08-21T05:46:03Z
2026-08-21T05:45:14Z,2026-08-21T07:45:14+0200,fefc4afd-8e33-4cd6-bf77-d9db44894bfe,2026-07-29T07:00:00Z,2026-07-29T09:00:00+0200,28.21,MW,BE,BE,actual_offshore_wind_generation,Wind Offshore | Actual Consumption,2026-08-21T05:46:03Z
2026-08-21T05:45:14Z,2026-08-21T07:45:14+0200,fefc4afd-8e33-4cd6-bf77-d9db44894bfe,2026-07-29T08:00:00Z,2026-07-29T10:00:00+0200,23.7975,MW,BE,BE,actual_offshore_wind_generation,Wind Offshore | Actual Consumption,2026-08-21T05:46:03Z
2026-08-21T05:45:14Z,2026-08-21T07:45:14+0200,fefc4afd-8e33-4cd6-bf77-d9db44894bfe,2026-07-29T09:00:00Z,2026-07-29T11:00:00+0200,18.49,MW,BE,BE,actual_offshore_wind_generation,Wind Offshore | Actual Consumption,2026-08-21T05:46:03Z
2026-08-21T05:45:14Z,2026-08-21T07:45:14+0200,fefc4afd-8e33-4cd6-bf77-d9db44894bfe,2026-07-29T10:00:00Z,2026-07-29T12:00:00+0200,15.7625,MW,BE,BE,actual_offshore_wind_generation,Wind Offshore | Actual Consumption,2026-08-21T05:46:03Z
2026-08-21T05:45:14Z,2026-08-21T07:45:14+0200,fefc4afd-8e33-4cd6-bf77-d9db44894bfe,2026-07-29T11:00:00Z,2026-07-29T13:00:00+0200,1.485,MW,BE,BE,actual_offshore_wind_generation,Wind Offshore | Actual Aggregated,2026-08-21T05:46:03Z
2026-08-21T05:45:14Z,2026-08-21T07:45:14+0200,fefc4afd-8e33-4cd6-bf77-d9db44894bfe,2026-07-29T11:00:00Z,2026-07-29T13:00:00+0200,1.17,MW,BE,BE,actual_offshore_wind_generation,Wind Offshore | Actual Consumption,2026-08-21T05:46:03Z
2026-08-21T05:45:14Z,2026-08-21T07:45:14+0200,fefc4afd-8e33-4cd6-bf77-d9db44894bfe,2026-07-29T12:00:00Z,2026-07-29T14:00:00+0200,11.51,MW,BE,BE,actual_offshore_wind_generation,Wind Offshore | Actual Consumption,2026-08-21T05:46:03Z
2026-08-21T05:45:14Z,2026-08-21T07:45:14+0200,fefc4afd-8e33-4cd6-bf77-d9db44894bfe,2026-07-29T13:00:00Z,2026-07-29T15:00:00+0200,27.5375,MW,BE,BE,actual_offshore_wind_generation,Wind Offshore | Actual Consumption,2026-08-21T05:46:03Z
2026-08-21T05:45:14Z,2026-08-21T07:45:14+0200,fefc4afd-8e33-4cd6-bf77-d9db44894bfe,2026-07-29T14:00:00Z,2026-07-29T16:00:00+0200,28.9575,MW,BE,BE,actual_offshore_wind_generation,Wind Offshore | Actual Consumption,2026-08-21T05:46:03Z
2026-08-21T05:45:14Z,2026-08-21T07:45:14+0200,fefc4afd-8e33-4cd6-bf77-d9db44894bfe,2026-07-29T15:00:00Z,2026-07-29T17:00:00+0200,28.42,MW,BE,BE,actual_offshore_wind_generation,Wind Offshore | Actual Consumption,2026-08-21T05:46:03Z
2026-08-21T05:45:14Z,2026-08-21T07:45:14+0200,fefc4afd-8e33-4cd6-bf77-d9db44894bfe,2026-07-29T16:00:00Z,2026-07-29T18:00:00+0200,29.185,MW,BE,BE,actual_offshore_wind_generation,Wind Offshore | Actual Consumption,2026-08-21T05:46:03Z
2026-08-21T05:45:14Z,2026-08-21T07:45:14+0200,fefc4afd-8e33-4cd6-bf77-d9db44894bfe,2026-07-29T17:00:00Z,2026-07-29T19:00:00+0200,17.3725,MW,BE,BE,actual_offshore_wind_generation,Wind Offshore | Actual Consumption,2026-08-21T05:46:03Z
2026-08-21T05:45:14Z,2026-08-21T07:45:14+0200,fefc4afd-8e33-4cd6-bf77-d9db44894bfe,2026-07-29T18:00:00Z,2026-07-29T20:00:00+0200,16.685,MW,BE,BE,actual_offshore_wind_generation,Wind Offshore | Actual Consumption,2026-08-21T05:46:03Z
2026-08-21T05:45:14Z,2026-08-21T07:45:14+0200,fefc4afd-8e33-4cd6-bf77-d9db44894bfe,2026-07-29T19:00:00Z,2026-07-29T21:00:00+0200,37.2025,MW,BE,BE,actual_offshore_wind_generation,Wind Offshore | Actual Aggregated,2026-08-21T05:46:03Z
2026-08-21T05:45:14Z,2026-08-21T07:45:14+0200,fefc4afd-8e33-4cd6-bf77-d9db44894bfe,2026-07-29T19:00:00Z,2026-07-29T21:00:00+0200,2.515,MW,BE,BE,actual_offshore_wind_generation,Wind Offshore | Actual Consumption,2026-08-21T05:46:03Z
2026-08-21T05:45:14Z,2026-08-21T07:45:14+0200,fefc4afd-8e33-4cd6-bf77-d9db44894bfe,2026-07-29T20:00:00Z,2026-07-29T22:00:00+0200,356.6375,MW,BE,BE,actual_offshore_wind_generation,Wind Offshore | Actual Aggregated,2026-08-21T05:46:03Z
2026-08-21T05:45:14Z,2026-08-21T07:45:14+0200,fefc4afd-8e33-4cd6-bf77-d9db44894bfe,2026-07-29T21:00:00Z,2026-07-29T23:00:00+0200,883.9125,MW,BE,BE,actual_offshore_wind_generation,Wind Offshore | Actual Aggregated,2026-08-21T05:46:03Z
2026-08-21T05:45:14Z,2026-08-21T07:45:14+0200,fefc4afd-8e33-4cd6-bf77-d9db44894bfe,2026-07-29T22:00:00Z,2026-07-30T00:00:00+0200,880.205,MW,BE,BE,actual_offshore_wind_generation,Wind Offshore | Actual Aggregated,2026-08-21T05:46:03Z
2026-08-21T05:45:14Z,2026-08-21T07:45:14+0200,fefc4afd-8e33-4cd6-bf77-d9db44894bfe,2026-07-29T23:00:00Z,2026-07-30T01:00:00+0200,630.64,MW,BE,BE,actual_offshore_wind_generation,Wind Offshore | Actual Aggregated,2026-08-21T05:46:03Z
2026-08-21T05:45:14Z,2026-08-21T07:45:14+0200,fefc4afd-8e33-4cd6-bf77-d9db44894bfe,2026-07-30T00:00:00Z,2026-07-30T02:00:00+0200,806.06,MW,BE,BE,actual_offshore_wind_generation,Wind Offshore | Actual Aggregated,2026-08-21T05:46:03Z
2026-08-21T05:45:14Z,2026-08-21T07:45:14+0200,fefc4afd-8e33-4cd6-bf77-d9db44894bfe,2026-07-30T01:00:00Z,2026-07-30T03:00:00+0200,719.2075,MW,BE,BE,actual_offshore_wind_generation,Wind Offshore | Actual Aggregated,2026-08-21T05:46:03Z
2026-08-21T05:45:14Z,2026-08-21T07:45:14+0200,fefc4afd-8e33-4cd6-bf77-d9db44894bfe,2026-07-30T02:00:00Z,2026-07-30T04:00:00+0200,593.715,MW,BE,BE,actual_offshore_wind_generation,Wind Offshore | Actual Aggregated,2026-08-21T05:46:03Z
2026-08-21T05:45:14Z,2026-08-21T07:45:14+0200,fefc4afd-8e33-4cd6-bf77-d9db44894bfe,2026-07-30T03:00:00Z,2026-07-30T05:00:00+0200,475.4225,MW,BE,BE,actual_offshore_wind_generation,Wind Offshore | Actual Aggregated,2026-08-21T05:46:03Z
2026-08-21T05:45:14Z,2026-08-21T07:45:14+0200,fefc4afd-8e33-4cd6-bf77-d9db44894bfe,2026-07-30T04:00:00Z,2026-07-30T06:00:00+0200,326.615,MW,BE,BE,actual_offshore_wind_generation,Wind Offshore | Actual Aggregated,2026-08-21T05:46:03Z
2026-08-21T05:45:14Z,2026-08-21T07:45:14+0200,fefc4afd-8e33-4cd6-bf77-d9db44894bfe,2026-07-30T05:00:00Z,2026-07-30T07:00:00+0200,42.8875,MW,BE,BE,actual_offshore_wind_generation,Wind Offshore | Actual Aggregated,2026-08-21T05:46:03Z
2026-08-21T05:45:14Z,2026-08-21T07:45:14+0200,fefc4afd-8e33-4cd6-bf77-d9db44894bfe,2026-07-30T06:00:00Z,2026-07-30T08:00:00+0200,7.6475,MW,BE,BE,actual_offshore_wind_generation,Wind Offshore | Actual Aggregated,2026-08-21T05:46:03Z
2026-08-21T05:45:14Z,2026-08-21T07:45:14+0200,fefc4afd-8e33-4cd6-bf77-d9db44894bfe,2026-07-30T07:00:00Z,2026-07-30T09:00:00+0200,11.69,MW,BE,BE,actual_offshore_wind_generation,Wind Offshore | Actual Aggregated,2026-08-21T05:46:03Z
2026-08-21T05:45:14Z,2026-08-21T07:45:14+0200,fefc4afd-8e33-4cd6-bf77-d9db44894bfe,2026-07-30T08:00:00Z,2026-07-30T10:00:00+0200,15.7375,MW,BE,BE,actual_offshore_wind_generation,Wind Offshore | Actual Aggregated,2026-08-21T05:46:03Z
2026-08-21T05:45:14Z,2026-08-21T07:45:14+0200,fefc4afd-8e33-4cd6-bf77-d9db44894bfe,2026-07-30T08:00:00Z,2026-07-30T10:00:00+0200,0.0275,MW,BE,BE,actual_offshore_wind_generation,Wind Offshore | Actual Consumption,2026-08-21T05:46:03Z
2026-08-21T05:45:14Z,2026-08-21T07:45:14+0200,fefc4afd-8e33-4cd6-bf77-d9db44894bfe,2026-07-30T09:00:00Z,2026-07-30T11:00:00+0200,23.4275,MW,BE,BE,actual_offshore_wind_generation,Wind Offshore | Actual Aggregated,2026-08-21T05:46:03Z
2026-08-21T05:45:14Z,2026-08-21T07:45:14+0200,fefc4afd-8e33-4cd6-bf77-d9db44894bfe,2026-07-30T10:00:00Z,2026-07-30T12:00:00+0200,1.82,MW,BE,BE,actual_offshore_wind_generation,Wind Offshore | Actual Aggregated,2026-08-21T05:46:03Z
2026-08-21T05:45:14Z,2026-08-21T07:45:14+0200,fefc4afd-8e33-4cd6-bf77-d9db44894bfe,2026-07-30T10:00:00Z,2026-07-30T12:00:00+0200,12.2575,MW,BE,BE,actual_offshore_wind_generation,Wind Offshore | Actual Consumption,2026-08-21T05:46:03Z
2026-08-21T05:45:14Z,2026-08-21T07:45:14+0200,fefc4afd-8e33-4cd6-bf77-d9db44894bfe,2026-07-30T11:00:00Z,2026-07-30T13:00:00+0200,27.2275,MW,BE,BE,actual_offshore_wind_generation,Wind Offshore | Actual Consumption,2026-08-21T05:46:03Z
2026-08-21T05:45:14Z,2026-08-21T07:45:14+0200,fefc4afd-8e33-4cd6-bf77-d9db44894bfe,2026-07-30T12:00:00Z,2026-07-30T14:00:00+0200,26.4275,MW,BE,BE,actual_offshore_wind_generation,Wind Offshore | Actual Consumption,2026-08-21T05:46:03Z
2026-08-21T05:45:14Z,2026-08-21T07:45:14+0200,fefc4afd-8e33-4cd6-bf77-d9db44894bfe,2026-07-30T13:00:00Z,2026-07-30T15:00:00+0200,0.125,MW,BE,BE,actual_offshore_wind_generation,Wind Offshore | Actual Aggregated,2026-08-21T05:46:03Z
2026-08-21T05:45:14Z,2026-08-21T07:45:14+0200,fefc4afd-8e33-4cd6-bf77-d9db44894bfe,2026-07-30T13:00:00Z,2026-07-30T15:00:00+0200,12.4925,MW,BE,BE,actual_offshore_wind_generation,Wind Offshore | Actual Consumption,2026-08-21T05:46:03Z
2026-08-21T05:45:14Z,2026-08-21T07:45:14+0200,fefc4afd-8e33-4cd6-bf77-d9db44894bfe,2026-07-30T14:00:00Z,2026-07-30T16:00:00+0200,16.2125,MW,BE,BE,actual_offshore_wind_generation,Wind Offshore | Actual Consumption,2026-08-21T05:46:03Z
2026-08-21T05:45:14Z,2026-08-21T07:45:14+0200,fefc4afd-8e33-4cd6-bf77-d9db44894bfe,2026-07-30T15:00:00Z,2026-07-30T17:00:00+0200,1.76,MW,BE,BE,actual_offshore_wind_generation,Wind Offshore | Actual Aggregated,2026-08-21T05:46:03Z
2026-08-21T05:45:14Z,2026-08-21T07:45:14+0200,fefc4afd-8e33-4cd6-bf77-d9db44894bfe,2026-07-30T15:00:00Z,2026-07-30T17:00:00+0200,9.205,MW,BE,BE,actual_offshore_wind_generation,Wind Offshore | Actual Consumption,2026-08-21T05:46:03Z
2026-08-21T05:45:14Z,2026-08-21T07:45:14+0200,fefc4afd-8e33-4cd6-bf77-d9db44894bfe,2026-07-30T16:00:00Z,2026-07-30T18:00:00+0200,5.79,MW,BE,BE,actual_offshore_wind_generation,Wind Offshore | Actual Aggregated,2026-08-21T05:46:03Z
2026-08-21T05:45:14Z,2026-08-21T07:45:14+0200,fefc4afd-8e33-4cd6-bf77-d9db44894bfe,2026-07-30T17:00:00Z,2026-07-30T19:00:00+0200,48.615,MW,BE,BE,actual_offshore_wind_generation,Wind Offshore | Actual Aggregated,2026-08-21T05:46:03Z
2026-08-21T05:45:14Z,2026-08-21T07:45:14+0200,fefc4afd-8e33-4cd6-bf77-d9db44894bfe,2026-07-30T18:00:00Z,2026-07-30T20:00:00+0200,179.995,MW,BE,BE,actual_offshore_wind_generation,Wind Offshore | Actual Aggregated,2026-08-21T05:46:03Z
2026-08-21T05:45:14Z,2026-08-21T07:45:14+0200,fefc4afd-8e33-4cd6-bf77-d9db44894bfe,2026-07-30T19:00:00Z,2026-07-30T21:00:00+0200,321.035,MW,BE,BE,actual_offshore_wind_generation,Wind Offshore | Actual Aggregated,2026-08-21T05:46:03Z
2026-08-21T05:45:14Z,2026-08-21T07:45:14+0200,fefc4afd-8e33-4cd6-bf77-d9db44894bfe,2026-07-30T20:00:00Z,2026-07-30T22:00:00+0200,366.465,MW,BE,BE,actual_offshore_wind_generation,Wind Offshore | Actual Aggregated,2026-08-21T05:46:03Z
2026-08-21T05:45:14Z,2026-08-21T07:45:14+0200,fefc4afd-8e33-4cd6-bf77-d9db44894bfe,2026-07-30T21:00:00Z,2026-07-30T23:00:00+0200,294.8175,MW,BE,BE,actual_offshore_wind_generation,Wind Offshore | Actual Aggregated,2026-08-21T05:46:03Z
2026-08-21T05:45:14Z,2026-08-21T07:45:14+0200,fefc4afd-8e33-4cd6-bf77-d9db44894bfe,2026-07-30T22:00:00Z,2026-07-31T00:00:00+0200,124.7725,MW,BE,BE,actual_offshore_wind_generation,Wind Offshore | Actual Aggregated,2026-08-21T05:46:03Z
2026-08-21T05:45:14Z,2026-08-21T07:45:14+0200,fefc4afd-8e33-4cd6-bf77-d9db44894bfe,2026-07-30T23:00:00Z,2026-07-31T01:00:00+0200,10.3975,MW,BE,BE,actual_offshore_wind_generation,Wind Offshore | Actual Aggregated,2026-08-21T05:46:03Z
2026-08-21T05:45:14Z,2026-08-21T07:45:14+0200,fefc4afd-8e33-4cd6-bf77-d9db44894bfe,2026-07-30T23:00:00Z,2026-07-31T01:00:00+0200,0.55,MW,BE,BE,actual_offshore_wind_generation,Wind Offshore | Actual Consumption,2026-08-21T05:46:03Z
2026-08-21T05:45:14Z,2026-08-21T07:45:14+0200,fefc4afd-8e33-4cd6-bf77-d9db44894bfe,2026-07-31T00:00:00Z,2026-07-31T02:00:00+0200,61.205,MW,BE,BE,actual_offshore_wind_generation,Wind Offshore | Actual Aggregated,2026-08-21T05:46:03Z
2026-08-21T05:45:14Z,2026-08-21T07:45:14+0200,fefc4afd-8e33-4cd6-bf77-d9db44894bfe,2026-07-31T01:00:00Z,2026-07-31T03:00:00+0200,84.57,MW,BE,BE,actual_offshore_wind_generation,Wind Offshore | Actual Aggregated,2026-08-21T05:46:03Z
2026-08-21T05:45:14Z,2026-08-21T07:45:14+0200,fefc4afd-8e33-4cd6-bf77-d9db44894bfe,2026-07-31T02:00:00Z,2026-07-31T04:00:00+0200,125.915,MW,BE,BE,actual_offshore_wind_generation,Wind Offshore | Actual Aggregated,2026-08-21T05:46:03Z
2026-08-21T05:45:14Z,2026-08-21T07:45:14+0200,fefc4afd-8e33-4cd6-bf77-d9db44894bfe,2026-07-31T03:00:00Z,2026-07-31T05:00:00+0200,75.6875,MW,BE,BE,actual_offshore_wind_generation,Wind Offshore | Actual Aggregated,2026-08-21T05:46:03Z
2026-08-21T05:45:14Z,2026-08-21T07:45:14+0200,fefc4afd-8e33-4cd6-bf77-d9db44894bfe,2026-07-31T04:00:00Z,2026-07-31T06:00:00+0200,4.3375,MW,BE,BE,actual_offshore_wind_generation,Wind Offshore | Actual Aggregated,2026-08-21T05:46:03Z
2026-08-21T05:45:14Z,2026-08-21T07:45:14+0200,fefc4afd-8e33-4cd6-bf77-d9db44894bfe,2026-07-31T04:00:00Z,2026-07-31T06:00:00+0200,15.9575,MW,BE,BE,actual_offshore_wind_generation,Wind Offshore | Actual Consumption,2026-08-21T05:46:03Z
2026-08-21T05:45:14Z,2026-08-21T07:45:14+0200,fefc4afd-8e33-4cd6-bf77-d9db44894bfe,2026-07-31T05:00:00Z,2026-07-31T07:00:00+0200,30.24,MW,BE,BE,actual_offshore_wind_generation,Wind Offshore | Actual Consumption,2026-08-21T05:46:03Z
2026-08-21T05:45:14Z,2026-08-21T07:45:14+0200,fefc4afd-8e33-4cd6-bf77-d9db44894bfe,2026-07-31T06:00:00Z,2026-07-31T08:00:00+0200,18.785,MW,BE,BE,actual_offshore_wind_generation,Wind Offshore | Actual Consumption,2026-08-21T05:46:03Z
2026-08-21T05:45:14Z,2026-08-21T07:45:14+0200,fefc4afd-8e33-4cd6-bf77-d9db44894bfe,2026-07-31T07:00:00Z,2026-07-31T09:00:00+0200,49.065,MW,BE,BE,actual_offshore_wind_generation,Wind Offshore | Actual Aggregated,2026-08-21T05:46:03Z
2026-08-21T05:45:14Z,2026-08-21T07:45:14+0200,fefc4afd-8e33-4cd6-bf77-d9db44894bfe,2026-07-31T08:00:00Z,2026-07-31T10:00:00+0200,198.6875,MW,BE,BE,actual_offshore_wind_generation,Wind Offshore | Actual Aggregated,2026-08-21T05:46:03Z
2026-08-21T05:45:14Z,2026-08-21T07:45:14+0200,fefc4afd-8e33-4cd6-bf77-d9db44894bfe,2026-07-31T09:00:00Z,2026-07-31T11:00:00+0200,255.555,MW,BE,BE,actual_offshore_wind_generation,Wind Offshore | Actual Aggregated,2026-08-21T05:46:03Z
2026-08-21T05:45:14Z,2026-08-21T07:45:14+0200,fefc4afd-8e33-4cd6-bf77-d9db44894bfe,2026-07-31T10:00:00Z,2026-07-31T12:00:00+0200,313.4125,MW,BE,BE,actual_offshore_wind_generation,Wind Offshore | Actual Aggregated,2026-08-21T05:46:03Z
2026-08-21T05:45:14Z,2026-08-21T07:45:14+0200,fefc4afd-8e33-4cd6-bf77-d9db44894bfe,2026-07-31T11:00:00Z,2026-07-31T13:00:00+0200,389.8325,MW,BE,BE,actual_offshore_wind_generation,Wind Offshore | Actual Aggregated,2026-08-21T05:46:03Z
2026-08-21T05:45:14Z,2026-08-21T07:45:14+0200,fefc4afd-8e33-4cd6-bf77-d9db44894bfe,2026-07-31T12:00:00Z,2026-07-31T14:00:00+0200,373.855,MW,BE,BE,actual_offshore_wind_generation,Wind Offshore | Actual Aggregated,2026-08-21T05:46:03Z
2026-08-21T05:45:14Z,2026-08-21T07:45:14+0200,fefc4afd-8e33-4cd6-bf77-d9db44894bfe,2026-07-31T13:00:00Z,2026-07-31T15:00:00+0200,339.7375,MW,BE,BE,actual_offshore_wind_generation,Wind Offshore | Actual Aggregated,2026-08-21T05:46:03Z
2026-08-21T05:45:14Z,2026-08-21T07:45:14+0200,fefc4afd-8e33-4cd6-bf77-d9db44894bfe,2026-07-31T14:00:00Z,2026-07-31T16:00:00+0200,348.07,MW,BE,BE,actual_offshore_wind_generation,Wind Offshore | Actual Aggregated,2026-08-21T05:46:03Z
2026-08-21T05:45:14Z,2026-08-21T07:45:14+0200,fefc4afd-8e33-4cd6-bf77-d9db44894bfe,2026-07-31T15:00:00Z,2026-07-31T17:00:00+0200,321.1925,MW,BE,BE,actual_offshore_wind_generation,Wind Offshore | Actual Aggregated,2026-08-21T05:46:03Z
2026-08-21T05:45:14Z,2026-08-21T07:45:14+0200,fefc4afd-8e33-4cd6-bf77-d9db44894bfe,2026-07-31T16:00:00Z,2026-07-31T18:00:00+0200,237.73,MW,BE,BE,actual_offshore_wind_generation,Wind Offshore | Actual Aggregated,2026-08-21T05:46:03Z
2026-08-21T05:45:14Z,2026-08-21T07:45:14+0200,fefc4afd-8e33-4cd6-bf77-d9db44894bfe,2026-07-31T17:00:00Z,2026-07-31T19:00:00+0200,277.275,MW,BE,BE,actual_offshore_wind_generation,Wind Offshore | Actual Aggregated,2026-08-21T05:46:03Z
2026-08-21T05:45:14Z,2026-08-21T07:45:14+0200,fefc4afd-8e33-4cd6-bf77-d9db44894bfe,2026-07-31T18:00:00Z,2026-07-31T20:00:00+0200,277.09,MW,BE,BE,actual_offshore_wind_generation,Wind Offshore | Actual Aggregated,2026-08-21T05:46:03Z
2026-08-21T05:45:14Z,2026-08-21T07:45:14+0200,fefc4afd-8e33-4cd6-bf77-d9db44894bfe,2026-07-31T19:00:00Z,2026-07-31T21:00:00+0200,164.9025,MW,BE,BE,actual_offshore_wind_generation,Wind Offshore | Actual Aggregated,2026-08-21T05:46:03Z
2026-08-21T05:45:14Z,2026-08-21T07:45:14+0200,fefc4afd-8e33-4cd6-bf77-d9db44894bfe,2026-07-31T20:00:00Z,2026-07-31T22:00:00+0200,86.56,MW,BE,BE,actual_offshore_wind_generation,Wind Offshore | Actual Aggregated,2026-08-21T05:46:03Z
2026-08-21T05:45:14Z,2026-08-21T07:45:14+0200,fefc4afd-8e33-4cd6-bf77-d9db44894bfe,2026-07-31T21:00:00Z,2026-07-31T23:00:00+0200,83.67,MW,BE,BE,actual_offshore_wind_generation,Wind Offshore | Actual Aggregated,2026-08-21T05:46:03Z
2026-08-21T05:45:14Z,2026-08-21T07:45:14+0200,fefc4afd-8e33-4cd6-bf77-d9db44894bfe,2026-07-31T22:00:00Z,2026-08-01T00:00:00+0200,42.9025,MW,BE,BE,actual_offshore_wind_generation,Wind Offshore | Actual Aggregated,2026-08-21T05:46:03Z
2026-08-21T05:45:14Z,2026-08-21T07:45:14+0200,fefc4afd-8e33-4cd6-bf77-d9db44894bfe,2026-07-31T23:00:00Z,2026-08-01T01:00:00+0200,5.975,MW,BE,BE,actual_offshore_wind_generation,Wind Offshore | Actual Aggregated,2026-08-21T05:46:03Z
2026-08-21T05:45:14Z,2026-08-21T07:45:14+0200,fefc4afd-8e33-4cd6-bf77-d9db44894bfe,2026-07-31T23:00:00Z,2026-08-01T01:00:00+0200,4.2,MW,BE,BE,actual_offshore_wind_generation,Wind Offshore | Actual Consumption,2026-08-21T05:46:03Z
2026-08-21T05:45:14Z,2026-08-21T07:45:14+0200,fefc4afd-8e33-4cd6-bf77-d9db44894bfe,2026-08-01T00:00:00Z,2026-08-01T02:00:00+0200,27.19,MW,BE,BE,actual_offshore_wind_generation,Wind Offshore | Actual Consumption,2026-08-21T05:46:03Z
2026-08-21T05:45:14Z,2026-08-21T07:45:14+0200,fefc4afd-8e33-4cd6-bf77-d9db44894bfe,2026-08-01T01:00:00Z,2026-08-01T03:00:00+0200,30.5925,MW,BE,BE,actual_offshore_wind_generation,Wind Offshore | Actual Consumption,2026-08-21T05:46:03Z
2026-08-21T05:45:14Z,2026-08-21T07:45:14+0200,fefc4afd-8e33-4cd6-bf77-d9db44894bfe,2026-08-01T02:00:00Z,2026-08-01T04:00:00+0200,30.0925,MW,BE,BE,actual_offshore_wind_generation,Wind Offshore | Actual Consumption,2026-08-21T05:46:03Z
2026-08-21T05:45:14Z,2026-08-21T07:45:14+0200,fefc4afd-8e33-4cd6-bf77-d9db44894bfe,2026-08-01T03:00:00Z,2026-08-01T05:00:00+0200,29.785,MW,BE,BE,actual_offshore_wind_generation,Wind Offshore | Actual Consumption,2026-08-21T05:46:03Z
2026-08-21T05:45:14Z,2026-08-21T07:45:14+0200,fefc4afd-8e33-4cd6-bf77-d9db44894bfe,2026-08-01T04:00:00Z,2026-08-01T06:00:00+0200,29.8525,MW,BE,BE,actual_offshore_wind_generation,Wind Offshore | Actual Consumption,2026-08-21T05:46:03Z
2026-08-21T05:45:14Z,2026-08-21T07:45:14+0200,fefc4afd-8e33-4cd6-bf77-d9db44894bfe,2026-08-01T05:00:00Z,2026-08-01T07:00:00+0200,29.565,MW,BE,BE,actual_offshore_wind_generation,Wind Offshore | Actual Consumption,2026-08-21T05:46:03Z
2026-08-21T05:45:14Z,2026-08-21T07:45:14+0200,fefc4afd-8e33-4cd6-bf77-d9db44894bfe,2026-08-01T06:00:00Z,2026-08-01T08:00:00+0200,27.27,MW,BE,BE,actual_offshore_wind_generation,Wind Offshore | Actual Consumption,2026-08-21T05:46:03Z
2026-08-21T05:45:14Z,2026-08-21T07:45:14+0200,fefc4afd-8e33-4cd6-bf77-d9db44894bfe,2026-08-01T07:00:00Z,2026-08-01T09:00:00+0200,3.365,MW,BE,BE,actual_offshore_wind_generation,Wind Offshore | Actual Aggregated,2026-08-21T05:46:03Z
2026-08-21T05:45:14Z,2026-08-21T07:45:14+0200,fefc4afd-8e33-4cd6-bf77-d9db44894bfe,2026-08-01T07:00:00Z,2026-08-01T09:00:00+0200,11.59,MW,BE,BE,actual_offshore_wind_generation,Wind Offshore | Actual Consumption,2026-08-21T05:46:03Z
2026-08-21T05:45:14Z,2026-08-21T07:45:14+0200,fefc4afd-8e33-4cd6-bf77-d9db44894bfe,2026-08-01T08:00:00Z,2026-08-01T10:00:00+0200,30.0725,MW,BE,BE,actual_offshore_wind_generation,Wind Offshore | Actual Consumption,2026-08-21T05:46:03Z
2026-08-21T05:45:14Z,2026-08-21T07:45:14+0200,fefc4afd-8e33-4cd6-bf77-d9db44894bfe,2026-08-01T09:00:00Z,2026-08-01T11:00:00+0200,29.6625,MW,BE,BE,actual_offshore_wind_generation,Wind Offshore | Actual Consumption,2026-08-21T05:46:03Z
2026-08-21T05:45:14Z,2026-08-21T07:45:14+0200,fefc4afd-8e33-4cd6-bf77-d9db44894bfe,2026-08-01T10:00:00Z,2026-08-01T12:00:00+0200,29.43,MW,BE,BE,actual_offshore_wind_generation,Wind Offshore | Actual Consumption,2026-08-21T05:46:03Z
2026-08-21T05:45:14Z,2026-08-21T07:45:14+0200,fefc4afd-8e33-4cd6-bf77-d9db44894bfe,2026-08-01T11:00:00Z,2026-08-01T13:00:00+0200,29.425,MW,BE,BE,actual_offshore_wind_generation,Wind Offshore | Actual Consumption,2026-08-21T05:46:03Z
2026-08-21T05:45:14Z,2026-08-21T07:45:14+0200,fefc4afd-8e33-4cd6-bf77-d9db44894bfe,2026-08-01T12:00:00Z,2026-08-01T14:00:00+0200,29.5525,MW,BE,BE,actual_offshore_wind_generation,Wind Offshore | Actual Consumption,2026-08-21T05:46:03Z
2026-08-21T05:45:14Z,2026-08-21T07:45:14+0200,fefc4afd-8e33-4cd6-bf77-d9db44894bfe,2026-08-01T13:00:00Z,2026-08-01T15:00:00+0200,29.46,MW,BE,BE,actual_offshore_wind_generation,Wind Offshore | Actual Consumption,2026-08-21T05:46:03Z
2026-08-21T05:45:14Z,2026-08-21T07:45:14+0200,fefc4afd-8e33-4cd6-bf77-d9db44894bfe,2026-08-01T14:00:00Z,2026-08-01T16:00:00+0200,22.2175,MW,BE,BE,actual_offshore_wind_generation,Wind Offshore | Actual Consumption,2026-08-21T05:46:03Z
2026-08-21T05:45:14Z,2026-08-21T07:45:14+0200,fefc4afd-8e33-4cd6-bf77-d9db44894bfe,2026-08-01T15:00:00Z,2026-08-01T17:00:00+0200,6.4175,MW,BE,BE,actual_offshore_wind_generation,Wind Offshore | Actual Aggregated,2026-08-21T05:46:03Z
2026-08-21T05:45:14Z,2026-08-21T07:45:14+0200,fefc4afd-8e33-4cd6-bf77-d9db44894bfe,2026-08-01T16:00:00Z,2026-08-01T18:00:00+0200,14.835,MW,BE,BE,actual_offshore_wind_generation,Wind Offshore | Actual Consumption,2026-08-21T05:46:03Z
2026-08-21T05:45:14Z,2026-08-21T07:45:14+0200,fefc4afd-8e33-4cd6-bf77-d9db44894bfe,2026-08-01T17:00:00Z,2026-08-01T19:00:00+0200,20.675,MW,BE,BE,actual_offshore_wind_generation,Wind Offshore | Actual Consumption,2026-08-21T05:46:03Z
2026-08-21T05:45:14Z,2026-08-21T07:45:14+0200,fefc4afd-8e33-4cd6-bf77-d9db44894bfe,2026-08-01T18:00:00Z,2026-08-01T20:00:00+0200,17.875,MW,BE,BE,actual_offshore_wind_generation,Wind Offshore | Actual Consumption,2026-08-21T05:46:03Z
2026-08-21T05:45:14Z,2026-08-21T07:45:14+0200,fefc4afd-8e33-4cd6-bf77-d9db44894bfe,2026-08-01T19:00:00Z,2026-08-01T21:00:00+0200,25.2375,MW,BE,BE,actual_offshore_wind_generation,Wind Offshore | Actual Consumption,2026-08-21T05:46:03Z
2026-08-21T05:45:14Z,2026-08-21T07:45:14+0200,fefc4afd-8e33-4cd6-bf77-d9db44894bfe,2026-08-01T20:00:00Z,2026-08-01T22:00:00+0200,25.575,MW,BE,BE,actual_offshore_wind_generation,Wind Offshore | Actual Consumption,2026-08-21T05:46:03Z
2026-08-21T05:45:14Z,2026-08-21T07:45:14+0200,fefc4afd-8e33-4cd6-bf77-d9db44894bfe,2026-08-01T21:00:00Z,2026-08-01T23:00:00+0200,26.515,MW,BE,BE,actual_offshore_wind_generation,Wind Offshore | Actual Consumption,2026-08-21T05:46:03Z
2026-08-21T05:45:14Z,2026-08-21T07:45:14+0200,fefc4afd-8e33-4cd6-bf77-d9db44894bfe,2026-08-01T22:00:00Z,2026-08-02T00:00:00+0200,17.81,MW,BE,BE,actual_offshore_wind_generation,Wind Offshore | Actual Consumption,2026-08-21T05:46:03Z
2026-08-21T05:45:14Z,2026-08-21T07:45:14+0200,fefc4afd-8e33-4cd6-bf77-d9db44894bfe,2026-08-01T23:00:00Z,2026-08-02T01:00:00+0200,8.4975,MW,BE,BE,actual_offshore_wind_generation,Wind Offshore | Actual Consumption,2026-08-21T05:46:03Z
2026-08-21T05:45:14Z,2026-08-21T07:45:14+0200,fefc4afd-8e33-4cd6-bf77-d9db44894bfe,2026-08-02T00:00:00Z,2026-08-02T02:00:00+0200,1.85,MW,BE,BE,actual_offshore_wind_generation,Wind Offshore | Actual Aggregated,2026-08-21T05:46:03Z
2026-08-21T05:45:14Z,2026-08-21T07:45:14+0200,fefc4afd-8e33-4cd6-bf77-d9db44894bfe,2026-08-02T01:00:00Z,2026-08-02T03:00:00+0200,23.7025,MW,BE,BE,actual_offshore_wind_generation,Wind Offshore | Actual Aggregated,2026-08-21T05:46:03Z
2026-08-21T05:45:14Z,2026-08-21T07:45:14+0200,fefc4afd-8e33-4cd6-bf77-d9db44894bfe,2026-08-02T02:00:00Z,2026-08-02T04:00:00+0200,65.97,MW,BE,BE,actual_offshore_wind_generation,Wind Offshore | Actual Aggregated,2026-08-21T05:46:03Z
2026-08-21T05:45:14Z,2026-08-21T07:45:14+0200,fefc4afd-8e33-4cd6-bf77-d9db44894bfe,2026-08-02T03:00:00Z,2026-08-02T05:00:00+0200,63.6775,MW,BE,BE,actual_offshore_wind_generation,Wind Offshore | Actual Aggregated,2026-08-21T05:46:03Z
2026-08-21T05:45:14Z,2026-08-21T07:45:14+0200,fefc4afd-8e33-4cd6-bf77-d9db44894bfe,2026-08-02T04:00:00Z,2026-08-02T06:00:00+0200,90.915,MW,BE,BE,actual_offshore_wind_generation,Wind Offshore | Actual Aggregated,2026-08-21T05:46:03Z
2026-08-21T05:45:14Z,2026-08-21T07:45:14+0200,fefc4afd-8e33-4cd6-bf77-d9db44894bfe,2026-08-02T05:00:00Z,2026-08-02T07:00:00+0200,91.625,MW,BE,BE,actual_offshore_wind_generation,Wind Offshore | Actual Aggregated,2026-08-21T05:46:03Z
2026-08-21T05:45:14Z,2026-08-21T07:45:14+0200,fefc4afd-8e33-4cd6-bf77-d9db44894bfe,2026-08-02T06:00:00Z,2026-08-02T08:00:00+0200,97.4125,MW,BE,BE,actual_offshore_wind_generation,Wind Offshore | Actual Aggregated,2026-08-21T05:46:03Z
2026-08-21T05:45:14Z,2026-08-21T07:45:14+0200,fefc4afd-8e33-4cd6-bf77-d9db44894bfe,2026-08-02T07:00:00Z,2026-08-02T09:00:00+0200,59.9325,MW,BE,BE,actual_offshore_wind_generation,Wind Offshore | Actual Aggregated,2026-08-21T05:46:03Z
2026-08-21T05:45:14Z,2026-08-21T07:45:14+0200,fefc4afd-8e33-4cd6-bf77-d9db44894bfe,2026-08-02T08:00:00Z,2026-08-02T10:00:00+0200,35.085,MW,BE,BE,actual_offshore_wind_generation,Wind Offshore | Actual Aggregated,2026-08-21T05:46:03Z
2026-08-21T05:45:14Z,2026-08-21T07:45:14+0200,fefc4afd-8e33-4cd6-bf77-d9db44894bfe,2026-08-02T09:00:00Z,2026-08-02T11:00:00+0200,32.22,MW,BE,BE,actual_offshore_wind_generation,Wind Offshore | Actual Aggregated,2026-08-21T05:46:03Z
2026-08-21T05:45:14Z,2026-08-21T07:45:14+0200,fefc4afd-8e33-4cd6-bf77-d9db44894bfe,2026-08-02T10:00:00Z,2026-08-02T12:00:00+0200,76.2825,MW,BE,BE,actual_offshore_wind_generation,Wind Offshore | Actual Aggregated,2026-08-21T05:46:03Z
2026-08-21T05:45:14Z,2026-08-21T07:45:14+0200,fefc4afd-8e33-4cd6-bf77-d9db44894bfe,2026-08-02T11:00:00Z,2026-08-02T13:00:00+0200,139.325,MW,BE,BE,actual_offshore_wind_generation,Wind Offshore | Actual Aggregated,2026-08-21T05:46:03Z
2026-08-21T05:45:14Z,2026-08-21T07:45:14+0200,fefc4afd-8e33-4cd6-bf77-d9db44894bfe,2026-08-02T12:00:00Z,2026-08-02T14:00:00+0200,217.7025,MW,BE,BE,actual_offshore_wind_generation,Wind Offshore | Actual Aggregated,2026-08-21T05:46:03Z
2026-08-21T05:45:14Z,2026-08-21T07:45:14+0200,fefc4afd-8e33-4cd6-bf77-d9db44894bfe,2026-08-02T13:00:00Z,2026-08-02T15:00:00+0200,382.57,MW,BE,BE,actual_offshore_wind_generation,Wind Offshore | Actual Aggregated,2026-08-21T05:46:03Z
2026-08-21T05:45:14Z,2026-08-21T07:45:14+0200,fefc4afd-8e33-4cd6-bf77-d9db44894bfe,2026-08-02T14:00:00Z,2026-08-02T16:00:00+0200,577.83,MW,BE,BE,actual_offshore_wind_generation,Wind Offshore | Actual Aggregated,2026-08-21T05:46:03Z
2026-08-21T05:45:14Z,2026-08-21T07:45:14+0200,fefc4afd-8e33-4cd6-bf77-d9db44894bfe,2026-08-02T15:00:00Z,2026-08-02T17:00:00+0200,707.7675,MW,BE,BE,actual_offshore_wind_generation,Wind Offshore | Actual Aggregated,2026-08-21T05:46:03Z
2026-08-21T05:45:14Z,2026-08-21T07:45:14+0200,fefc4afd-8e33-4cd6-bf77-d9db44894bfe,2026-08-02T16:00:00Z,2026-08-02T18:00:00+0200,838.9125,MW,BE,BE,actual_offshore_wind_generation,Wind Offshore | Actual Aggregated,2026-08-21T05:46:03Z
2026-08-21T05:45:14Z,2026-08-21T07:45:14+0200,fefc4afd-8e33-4cd6-bf77-d9db44894bfe,2026-08-02T17:00:00Z,2026-08-02T19:00:00+0200,1062.61,MW,BE,BE,actual_offshore_wind_generation,Wind Offshore | Actual Aggregated,2026-08-21T05:46:03Z
2026-08-21T05:45:14Z,2026-08-21T07:45:14+0200,fefc4afd-8e33-4cd6-bf77-d9db44894bfe,2026-08-02T18:00:00Z,2026-08-02T20:00:00+0200,1248.6125,MW,BE,BE,actual_offshore_wind_generation,Wind Offshore | Actual Aggregated,2026-08-21T05:46:03Z
2026-08-21T05:45:14Z,2026-08-21T07:45:14+0200,fefc4afd-8e33-4cd6-bf77-d9db44894bfe,2026-08-02T19:00:00Z,2026-08-02T21:00:00+0200,1296.6275,MW,BE,BE,actual_offshore_wind_generation,Wind Offshore | Actual Aggregated,2026-08-21T05:46:03Z
2026-08-21T05:45:14Z,2026-08-21T07:45:14+0200,fefc4afd-8e33-4cd6-bf77-d9db44894bfe,2026-08-02T20:00:00Z,2026-08-02T22:00:00+0200,1258.9675,MW,BE,BE,actual_offshore_wind_generation,Wind Offshore | Actual Aggregated,2026-08-21T05:46:03Z
2026-08-21T05:45:14Z,2026-08-21T07:45:14+0200,fefc4afd-8e33-4cd6-bf77-d9db44894bfe,2026-08-02T21:00:00Z,2026-08-02T23:00:00+0200,1274.8875,MW,BE,BE,actual_offshore_wind_generation,Wind Offshore | Actual Aggregated,2026-08-21T05:46:03Z
2026-08-21T05:45:14Z,2026-08-21T07:45:14+0200,fefc4afd-8e33-4cd6-bf77-d9db44894bfe,2026-08-02T22:00:00Z,2026-08-03T00:00:00+0200,1066.8475,MW,BE,BE,actual_offshore_wind_generation,Wind Offshore | Actual Aggregated,2026-08-21T05:46:03Z
2026-08-21T05:45:14Z,2026-08-21T07:45:14+0200,fefc4afd-8e33-4cd6-bf77-d9db44894bfe,2026-08-02T23:00:00Z,2026-08-03T01:00:00+0200,814.2925,MW,BE,BE,actual_offshore_wind_generation,Wind Offshore | Actual Aggregated,2026-08-21T05:46:03Z
2026-08-21T05:45:14Z,2026-08-21T07:45:14+0200,fefc4afd-8e33-4cd6-bf77-d9db44894bfe,2026-08-03T00:00:00Z,2026-08-03T02:00:00+0200,690.81,MW,BE,BE,actual_offshore_wind_generation,Wind Offshore | Actual Aggregated,2026-08-21T05:46:03Z
2026-08-21T05:45:14Z,2026-08-21T07:45:14+0200,fefc4afd-8e33-4cd6-bf77-d9db44894bfe,2026-08-03T01:00:00Z,2026-08-03T03:00:00+0200,619.1875,MW,BE,BE,actual_offshore_wind_generation,Wind Offshore | Actual Aggregated,2026-08-21T05:46:03Z
2026-08-21T05:45:14Z,2026-08-21T07:45:14+0200,fefc4afd-8e33-4cd6-bf77-d9db44894bfe,2026-08-03T02:00:00Z,2026-08-03T04:00:00+0200,544.0625,MW,BE,BE,actual_offshore_wind_generation,Wind Offshore | Actual Aggregated,2026-08-21T05:46:03Z
2026-08-21T05:45:14Z,2026-08-21T07:45:14+0200,fefc4afd-8e33-4cd6-bf77-d9db44894bfe,2026-08-03T03:00:00Z,2026-08-03T05:00:00+0200,450.8725,MW,BE,BE,actual_offshore_wind_generation,Wind Offshore | Actual Aggregated,2026-08-21T05:46:03Z
2026-08-21T05:45:14Z,2026-08-21T07:45:14+0200,fefc4afd-8e33-4cd6-bf77-d9db44894bfe,2026-08-03T04:00:00Z,2026-08-03T06:00:00+0200,208.755,MW,BE,BE,actual_offshore_wind_generation,Wind Offshore | Actual Aggregated,2026-08-21T05:46:03Z
2026-08-21T05:45:14Z,2026-08-21T07:45:14+0200,fefc4afd-8e33-4cd6-bf77-d9db44894bfe,2026-08-03T05:00:00Z,2026-08-03T07:00:00+0200,84.775,MW,BE,BE,actual_offshore_wind_generation,Wind Offshore | Actual Aggregated,2026-08-21T05:46:03Z
2026-08-21T05:45:14Z,2026-08-21T07:45:14+0200,fefc4afd-8e33-4cd6-bf77-d9db44894bfe,2026-08-03T06:00:00Z,2026-08-03T08:00:00+0200,36.5975,MW,BE,BE,actual_offshore_wind_generation,Wind Offshore | Actual Aggregated,2026-08-21T05:46:03Z
2026-08-21T05:45:14Z,2026-08-21T07:45:14+0200,fefc4afd-8e33-4cd6-bf77-d9db44894bfe,2026-08-03T07:00:00Z,2026-08-03T09:00:00+0200,19.6025,MW,BE,BE,actual_offshore_wind_generation,Wind Offshore | Actual Aggregated,2026-08-21T05:46:03Z
2026-08-21T05:45:14Z,2026-08-21T07:45:14+0200,fefc4afd-8e33-4cd6-bf77-d9db44894bfe,2026-08-03T08:00:00Z,2026-08-03T10:00:00+0200,0.1625,MW,BE,BE,actual_offshore_wind_generation,Wind Offshore | Actual Aggregated,2026-08-21T05:46:03Z
2026-08-21T05:45:14Z,2026-08-21T07:45:14+0200,fefc4afd-8e33-4cd6-bf77-d9db44894bfe,2026-08-03T08:00:00Z,2026-08-03T10:00:00+0200,13.1825,MW,BE,BE,actual_offshore_wind_generation,Wind Offshore | Actual Consumption,2026-08-21T05:46:03Z
2026-08-21T05:45:14Z,2026-08-21T07:45:14+0200,fefc4afd-8e33-4cd6-bf77-d9db44894bfe,2026-08-03T09:00:00Z,2026-08-03T11:00:00+0200,17.2425,MW,BE,BE,actual_offshore_wind_generation,Wind Offshore | Actual Consumption,2026-08-21T05:46:03Z
2026-08-21T05:45:14Z,2026-08-21T07:45:14+0200,fefc4afd-8e33-4cd6-bf77-d9db44894bfe,2026-08-03T10:00:00Z,2026-08-03T12:00:00+0200,0.8025,MW,BE,BE,actual_offshore_wind_generation,Wind Offshore | Actual Aggregated,2026-08-21T05:46:03Z
2026-08-21T05:45:14Z,2026-08-21T07:45:14+0200,fefc4afd-8e33-4cd6-bf77-d9db44894bfe,2026-08-03T10:00:00Z,2026-08-03T12:00:00+0200,9.83,MW,BE,BE,actual_offshore_wind_generation,Wind Offshore | Actual Consumption,2026-08-21T05:46:03Z
2026-08-21T05:45:14Z,2026-08-21T07:45:14+0200,fefc4afd-8e33-4cd6-bf77-d9db44894bfe,2026-08-03T11:00:00Z,2026-08-03T13:00:00+0200,10.4325,MW,BE,BE,actual_offshore_wind_generation,Wind Offshore | Actual Aggregated,2026-08-21T05:46:03Z
2026-08-21T05:45:14Z,2026-08-21T07:45:14+0200,fefc4afd-8e33-4cd6-bf77-d9db44894bfe,2026-08-03T11:00:00Z,2026-08-03T13:00:00+0200,0.925,MW,BE,BE,actual_offshore_wind_generation,Wind Offshore | Actual Consumption,2026-08-21T05:46:03Z
2026-08-21T05:45:14Z,2026-08-21T07:45:14+0200,fefc4afd-8e33-4cd6-bf77-d9db44894bfe,2026-08-03T12:00:00Z,2026-08-03T14:00:00+0200,36.94,MW,BE,BE,actual_offshore_wind_generation,Wind Offshore | Actual Aggregated,2026-08-21T05:46:03Z
2026-08-21T05:45:14Z,2026-08-21T07:45:14+0200,fefc4afd-8e33-4cd6-bf77-d9db44894bfe,2026-08-03T13:00:00Z,2026-08-03T15:00:00+0200,3.6075,MW,BE,BE,actual_offshore_wind_generation,Wind Offshore | Actual Aggregated,2026-08-21T05:46:03Z
2026-08-21T05:45:14Z,2026-08-21T07:45:14+0200,fefc4afd-8e33-4cd6-bf77-d9db44894bfe,2026-08-03T13:00:00Z,2026-08-03T15:00:00+0200,8.5625,MW,BE,BE,actual_offshore_wind_generation,Wind Offshore | Actual Consumption,2026-08-21T05:46:03Z
2026-08-21T05:45:14Z,2026-08-21T07:45:14+0200,fefc4afd-8e33-4cd6-bf77-d9db44894bfe,2026-08-03T14:00:00Z,2026-08-03T16:00:00+0200,15.8425,MW,BE,BE,actual_offshore_wind_generation,Wind Offshore | Actual Consumption,2026-08-21T05:46:03Z
2026-08-21T05:45:14Z,2026-08-21T07:45:14+0200,fefc4afd-8e33-4cd6-bf77-d9db44894bfe,2026-08-03T15:00:00Z,2026-08-03T17:00:00+0200,25.375,MW,BE,BE,actual_offshore_wind_generation,Wind Offshore | Actual Aggregated,2026-08-21T05:46:03Z
2026-08-21T05:45:14Z,2026-08-21T07:45:14+0200,fefc4afd-8e33-4cd6-bf77-d9db44894bfe,2026-08-03T16:00:00Z,2026-08-03T18:00:00+0200,77.7025,MW,BE,BE,actual_offshore_wind_generation,Wind Offshore | Actual Aggregated,2026-08-21T05:46:03Z
2026-08-21T05:45:14Z,2026-08-21T07:45:14+0200,fefc4afd-8e33-4cd6-bf77-d9db44894bfe,2026-08-03T17:00:00Z,2026-08-03T19:00:00+0200,56.035,MW,BE,BE,actual_offshore_wind_generation,Wind Offshore | Actual Aggregated,2026-08-21T05:46:03Z
2026-08-21T05:45:14Z,2026-08-21T07:45:14+0200,fefc4afd-8e33-4cd6-bf77-d9db44894bfe,2026-08-03T18:00:00Z,2026-08-03T20:00:00+0200,61.355,MW,BE,BE,actual_offshore_wind_generation,Wind Offshore | Actual Aggregated,2026-08-21T05:46:03Z
2026-08-21T05:45:14Z,2026-08-21T07:45:14+0200,fefc4afd-8e33-4cd6-bf77-d9db44894bfe,2026-08-03T19:00:00Z,2026-08-03T21:00:00+0200,130.3425,MW,BE,BE,actual_offshore_wind_generation,Wind Offshore | Actual Aggregated,2026-08-21T05:46:03Z
2026-08-21T05:45:14Z,2026-08-21T07:45:14+0200,fefc4afd-8e33-4cd6-bf77-d9db44894bfe,2026-08-03T20:00:00Z,2026-08-03T22:00:00+0200,107.09,MW,BE,BE,actual_offshore_wind_generation,Wind Offshore | Actual Aggregated,2026-08-21T05:46:03Z
2026-08-21T05:45:14Z,2026-08-21T07:45:14+0200,fefc4afd-8e33-4cd6-bf77-d9db44894bfe,2026-08-03T21:00:00Z,2026-08-03T23:00:00+0200,15.2475,MW,BE,BE,actual_offshore_wind_generation,Wind Offshore | Actual Aggregated,2026-08-21T05:46:03Z
2026-08-21T05:45:14Z,2026-08-21T07:45:14+0200,fefc4afd-8e33-4cd6-bf77-d9db44894bfe,2026-08-03T22:00:00Z,2026-08-04T00:00:00+0200,2.3975,MW,BE,BE,actual_offshore_wind_generation,Wind Offshore | Actual Aggregated,2026-08-21T05:46:03Z
2026-08-21T05:45:14Z,2026-08-21T07:45:14+0200,fefc4afd-8e33-4cd6-bf77-d9db44894bfe,2026-08-03T22:00:00Z,2026-08-04T00:00:00+0200,5.3925,MW,BE,BE,actual_offshore_wind_generation,Wind Offshore | Actual Consumption,2026-08-21T05:46:03Z
2026-08-21T05:45:14Z,2026-08-21T07:45:14+0200,fefc4afd-8e33-4cd6-bf77-d9db44894bfe,2026-08-03T23:00:00Z,2026-08-04T01:00:00+0200,5.5275,MW,BE,BE,actual_offshore_wind_generation,Wind Offshore | Actual Aggregated,2026-08-21T05:46:03Z
2026-08-21T05:45:14Z,2026-08-21T07:45:14+0200,fefc4afd-8e33-4cd6-bf77-d9db44894bfe,2026-08-04T00:00:00Z,2026-08-04T02:00:00+0200,39.165,MW,BE,BE,actual_offshore_wind_generation,Wind Offshore | Actual Aggregated,2026-08-21T05:46:03Z
2026-08-21T05:45:14Z,2026-08-21T07:45:14+0200,fefc4afd-8e33-4cd6-bf77-d9db44894bfe,2026-08-04T01:00:00Z,2026-08-04T03:00:00+0200,71.44,MW,BE,BE,actual_offshore_wind_generation,Wind Offshore | Actual Aggregated,2026-08-21T05:46:03Z
2026-08-21T05:45:14Z,2026-08-21T07:45:14+0200,fefc4afd-8e33-4cd6-bf77-d9db44894bfe,2026-08-04T02:00:00Z,2026-08-04T04:00:00+0200,124.7725,MW,BE,BE,actual_offshore_wind_generation,Wind Offshore | Actual Aggregated,2026-08-21T05:46:03Z
2026-08-21T05:45:14Z,2026-08-21T07:45:14+0200,fefc4afd-8e33-4cd6-bf77-d9db44894bfe,2026-08-04T03:00:00Z,2026-08-04T05:00:00+0200,316.98,MW,BE,BE,actual_offshore_wind_generation,Wind Offshore | Actual Aggregated,2026-08-21T05:46:03Z
2026-08-21T05:45:14Z,2026-08-21T07:45:14+0200,fefc4afd-8e33-4cd6-bf77-d9db44894bfe,2026-08-04T04:00:00Z,2026-08-04T06:00:00+0200,713.4625,MW,BE,BE,actual_offshore_wind_generation,Wind Offshore | Actual Aggregated,2026-08-21T05:46:03Z
2026-08-21T05:45:14Z,2026-08-21T07:45:14+0200,fefc4afd-8e33-4cd6-bf77-d9db44894bfe,2026-08-04T05:00:00Z,2026-08-04T07:00:00+0200,941.1025,MW,BE,BE,actual_offshore_wind_generation,Wind Offshore | Actual Aggregated,2026-08-21T05:46:03Z
2026-08-21T05:45:14Z,2026-08-21T07:45:14+0200,fefc4afd-8e33-4cd6-bf77-d9db44894bfe,2026-08-04T06:00:00Z,2026-08-04T08:00:00+0200,464.02,MW,BE,BE,actual_offshore_wind_generation,Wind Offshore | Actual Aggregated,2026-08-21T05:46:03Z
2026-08-21T05:45:14Z,2026-08-21T07:45:14+0200,fefc4afd-8e33-4cd6-bf77-d9db44894bfe,2026-08-04T07:00:00Z,2026-08-04T09:00:00+0200,339.7175,MW,BE,BE,actual_offshore_wind_generation,Wind Offshore | Actual Aggregated,2026-08-21T05:46:03Z
2026-08-21T05:45:14Z,2026-08-21T07:45:14+0200,fefc4afd-8e33-4cd6-bf77-d9db44894bfe,2026-08-04T08:00:00Z,2026-08-04T10:00:00+0200,338.5475,MW,BE,BE,actual_offshore_wind_generation,Wind Offshore | Actual Aggregated,2026-08-21T05:46:03Z
2026-08-21T05:45:14Z,2026-08-21T07:45:14+0200,fefc4afd-8e33-4cd6-bf77-d9db44894bfe,2026-08-04T09:00:00Z,2026-08-04T11:00:00+0200,202.37,MW,BE,BE,actual_offshore_wind_generation,Wind Offshore | Actual Aggregated,2026-08-21T05:46:03Z
2026-08-21T05:45:14Z,2026-08-21T07:45:14+0200,fefc4afd-8e33-4cd6-bf77-d9db44894bfe,2026-08-04T10:00:00Z,2026-08-04T12:00:00+0200,107.5325,MW,BE,BE,actual_offshore_wind_generation,Wind Offshore | Actual Aggregated,2026-08-21T05:46:03Z
2026-08-21T05:45:14Z,2026-08-21T07:45:14+0200,fefc4afd-8e33-4cd6-bf77-d9db44894bfe,2026-08-04T11:00:00Z,2026-08-04T13:00:00+0200,219.2075,MW,BE,BE,actual_offshore_wind_generation,Wind Offshore | Actual Aggregated,2026-08-21T05:46:03Z
2026-08-21T05:45:14Z,2026-08-21T07:45:14+0200,fefc4afd-8e33-4cd6-bf77-d9db44894bfe,2026-08-04T12:00:00Z,2026-08-04T14:00:00+0200,269.775,MW,BE,BE,actual_offshore_wind_generation,Wind Offshore | Actual Aggregated,2026-08-21T05:46:03Z
2026-08-21T05:45:14Z,2026-08-21T07:45:14+0200,fefc4afd-8e33-4cd6-bf77-d9db44894bfe,2026-08-04T13:00:00Z,2026-08-04T15:00:00+0200,342.225,MW,BE,BE,actual_offshore_wind_generation,Wind Offshore | Actual Aggregated,2026-08-21T05:46:03Z
2026-08-21T05:45:14Z,2026-08-21T07:45:14+0200,fefc4afd-8e33-4cd6-bf77-d9db44894bfe,2026-08-04T14:00:00Z,2026-08-04T16:00:00+0200,1033.21,MW,BE,BE,actual_offshore_wind_generation,Wind Offshore | Actual Aggregated,2026-08-21T05:46:03Z
2026-08-21T05:45:14Z,2026-08-21T07:45:14+0200,fefc4afd-8e33-4cd6-bf77-d9db44894bfe,2026-08-04T15:00:00Z,2026-08-04T17:00:00+0200,1784.6,MW,BE,BE,actual_offshore_wind_generation,Wind Offshore | Actual Aggregated,2026-08-21T05:46:03Z
2026-08-21T05:45:14Z,2026-08-21T07:45:14+0200,fefc4afd-8e33-4cd6-bf77-d9db44894bfe,2026-08-04T16:00:00Z,2026-08-04T18:00:00+0200,1922.1475,MW,BE,BE,actual_offshore_wind_generation,Wind Offshore | Actual Aggregated,2026-08-21T05:46:03Z
2026-08-21T05:45:14Z,2026-08-21T07:45:14+0200,fefc4afd-8e33-4cd6-bf77-d9db44894bfe,2026-08-04T17:00:00Z,2026-08-04T19:00:00+0200,1998.305,MW,BE,BE,actual_offshore_wind_generation,Wind Offshore | Actual Aggregated,2026-08-21T05:46:03Z
2026-08-21T05:45:14Z,2026-08-21T07:45:14+0200,fefc4afd-8e33-4cd6-bf77-d9db44894bfe,2026-08-04T18:00:00Z,2026-08-04T20:00:00+0200,1872.11,MW,BE,BE,actual_offshore_wind_generation,Wind Offshore | Actual Aggregated,2026-08-21T05:46:03Z
2026-08-21T05:45:14Z,2026-08-21T07:45:14+0200,fefc4afd-8e33-4cd6-bf77-d9db44894bfe,2026-08-04T19:00:00Z,2026-08-04T21:00:00+0200,1570.895,MW,BE,BE,actual_offshore_wind_generation,Wind Offshore | Actual Aggregated,2026-08-21T05:46:03Z
2026-08-21T05:45:14Z,2026-08-21T07:45:14+0200,fefc4afd-8e33-4cd6-bf77-d9db44894bfe,2026-08-04T20:00:00Z,2026-08-04T22:00:00+0200,1416.74,MW,BE,BE,actual_offshore_wind_generation,Wind Offshore | Actual Aggregated,2026-08-21T05:46:03Z
2026-08-21T05:45:14Z,2026-08-21T07:45:14+0200,fefc4afd-8e33-4cd6-bf77-d9db44894bfe,2026-08-04T21:00:00Z,2026-08-04T23:00:00+0200,1521.58,MW,BE,BE,actual_offshore_wind_generation,Wind Offshore | Actual Aggregated,2026-08-21T05:46:03Z
2026-08-21T05:45:14Z,2026-08-21T07:45:14+0200,fefc4afd-8e33-4cd6-bf77-d9db44894bfe,2026-08-04T22:00:00Z,2026-08-05T00:00:00+0200,1576.14,MW,BE,BE,actual_offshore_wind_generation,Wind Offshore | Actual Aggregated,2026-08-21T05:46:03Z
2026-08-21T05:45:14Z,2026-08-21T07:45:14+0200,fefc4afd-8e33-4cd6-bf77-d9db44894bfe,2026-08-04T23:00:00Z,2026-08-05T01:00:00+0200,1490.9925,MW,BE,BE,actual_offshore_wind_generation,Wind Offshore | Actual Aggregated,2026-08-21T05:46:03Z
2026-08-21T05:45:14Z,2026-08-21T07:45:14+0200,fefc4afd-8e33-4cd6-bf77-d9db44894bfe,2026-08-05T00:00:00Z,2026-08-05T02:00:00+0200,1520.7625,MW,BE,BE,actual_offshore_wind_generation,Wind Offshore | Actual Aggregated,2026-08-21T05:46:03Z
2026-08-21T05:45:14Z,2026-08-21T07:45:14+0200,fefc4afd-8e33-4cd6-bf77-d9db44894bfe,2026-08-05T01:00:00Z,2026-08-05T03:00:00+0200,1339.5375,MW,BE,BE,actual_offshore_wind_generation,Wind Offshore | Actual Aggregated,2026-08-21T05:46:03Z
2026-08-21T05:45:14Z,2026-08-21T07:45:14+0200,fefc4afd-8e33-4cd6-bf77-d9db44894bfe,2026-08-05T02:00:00Z,2026-08-05T04:00:00+0200,1376.0075,MW,BE,BE,actual_offshore_wind_generation,Wind Offshore | Actual Aggregated,2026-08-21T05:46:03Z
2026-08-21T05:45:14Z,2026-08-21T07:45:14+0200,fefc4afd-8e33-4cd6-bf77-d9db44894bfe,2026-08-05T03:00:00Z,2026-08-05T05:00:00+0200,1544.675,MW,BE,BE,actual_offshore_wind_generation,Wind Offshore | Actual Aggregated,2026-08-21T05:46:03Z
2026-08-21T05:45:14Z,2026-08-21T07:45:14+0200,fefc4afd-8e33-4cd6-bf77-d9db44894bfe,2026-08-05T04:00:00Z,2026-08-05T06:00:00+0200,1846.755,MW,BE,BE,actual_offshore_wind_generation,Wind Offshore | Actual Aggregated,2026-08-21T05:46:03Z
2026-08-21T05:45:14Z,2026-08-21T07:45:14+0200,fefc4afd-8e33-4cd6-bf77-d9db44894bfe,2026-08-05T05:00:00Z,2026-08-05T07:00:00+0200,1787.47,MW,BE,BE,actual_offshore_wind_generation,Wind Offshore | Actual Aggregated,2026-08-21T05:46:03Z
2026-08-21T05:45:14Z,2026-08-21T07:45:14+0200,fefc4afd-8e33-4cd6-bf77-d9db44894bfe,2026-08-05T06:00:00Z,2026-08-05T08:00:00+0200,1729.765,MW,BE,BE,actual_offshore_wind_generation,Wind Offshore | Actual Aggregated,2026-08-21T05:46:03Z
2026-08-21T05:45:14Z,2026-08-21T07:45:14+0200,fefc4afd-8e33-4cd6-bf77-d9db44894bfe,2026-08-05T07:00:00Z,2026-08-05T09:00:00+0200,1865.8025,MW,BE,BE,actual_offshore_wind_generation,Wind Offshore | Actual Aggregated,2026-08-21T05:46:03Z
2026-08-21T05:45:14Z,2026-08-21T07:45:14+0200,fefc4afd-8e33-4cd6-bf77-d9db44894bfe,2026-08-05T08:00:00Z,2026-08-05T10:00:00+0200,1911.5675,MW,BE,BE,actual_offshore_wind_generation,Wind Offshore | Actual Aggregated,2026-08-21T05:46:03Z
2026-08-21T05:45:14Z,2026-08-21T07:45:14+0200,fefc4afd-8e33-4cd6-bf77-d9db44894bfe,2026-08-05T09:00:00Z,2026-08-05T11:00:00+0200,1846.2175,MW,BE,BE,actual_offshore_wind_generation,Wind Offshore | Actual Aggregated,2026-08-21T05:46:03Z
2026-08-21T05:45:14Z,2026-08-21T07:45:14+0200,fefc4afd-8e33-4cd6-bf77-d9db44894bfe,2026-08-05T10:00:00Z,2026-08-05T12:00:00+0200,1758.3375,MW,BE,BE,actual_offshore_wind_generation,Wind Offshore | Actual Aggregated,2026-08-21T05:46:03Z
2026-08-21T05:45:14Z,2026-08-21T07:45:14+0200,fefc4afd-8e33-4cd6-bf77-d9db44894bfe,2026-08-05T11:00:00Z,2026-08-05T13:00:00+0200,1707.12,MW,BE,BE,actual_offshore_wind_generation,Wind Offshore | Actual Aggregated,2026-08-21T05:46:03Z
2026-08-21T05:45:14Z,2026-08-21T07:45:14+0200,fefc4afd-8e33-4cd6-bf77-d9db44894bfe,2026-08-05T12:00:00Z,2026-08-05T14:00:00+0200,1790.925,MW,BE,BE,actual_offshore_wind_generation,Wind Offshore | Actual Aggregated,2026-08-21T05:46:03Z
2026-08-21T05:45:14Z,2026-08-21T07:45:14+0200,fefc4afd-8e33-4cd6-bf77-d9db44894bfe,2026-08-05T13:00:00Z,2026-08-05T15:00:00+0200,1901.25,MW,BE,BE,actual_offshore_wind_generation,Wind Offshore | Actual Aggregated,2026-08-21T05:46:03Z
2026-08-21T05:45:14Z,2026-08-21T07:45:14+0200,fefc4afd-8e33-4cd6-bf77-d9db44894bfe,2026-08-05T14:00:00Z,2026-08-05T16:00:00+0200,1984.405,MW,BE,BE,actual_offshore_wind_generation,Wind Offshore | Actual Aggregated,2026-08-21T05:46:03Z
2026-08-21T05:45:14Z,2026-08-21T07:45:14+0200,fefc4afd-8e33-4cd6-bf77-d9db44894bfe,2026-08-05T15:00:00Z,2026-08-05T17:00:00+0200,1956.485,MW,BE,BE,actual_offshore_wind_generation,Wind Offshore | Actual Aggregated,2026-08-21T05:46:03Z
2026-08-21T05:45:14Z,2026-08-21T07:45:14+0200,fefc4afd-8e33-4cd6-bf77-d9db44894bfe,2026-08-05T16:00:00Z,2026-08-05T18:00:00+0200,2004.535,MW,BE,BE,actual_offshore_wind_generation,Wind Offshore | Actual Aggregated,2026-08-21T05:46:03Z
2026-08-21T05:45:14Z,2026-08-21T07:45:14+0200,fefc4afd-8e33-4cd6-bf77-d9db44894bfe,2026-08-05T17:00:00Z,2026-08-05T19:00:00+0200,2004.8925,MW,BE,BE,actual_offshore_wind_generation,Wind Offshore | Actual Aggregated,2026-08-21T05:46:03Z
2026-08-21T05:45:14Z,2026-08-21T07:45:14+0200,fefc4afd-8e33-4cd6-bf77-d9db44894bfe,2026-08-05T18:00:00Z,2026-08-05T20:00:00+0200,2007.83,MW,BE,BE,actual_offshore_wind_generation,Wind Offshore | Actual Aggregated,2026-08-21T05:46:03Z
2026-08-21T05:45:14Z,2026-08-21T07:45:14+0200,fefc4afd-8e33-4cd6-bf77-d9db44894bfe,2026-08-05T19:00:00Z,2026-08-05T21:00:00+0200,1970.3925,MW,BE,BE,actual_offshore_wind_generation,Wind Offshore | Actual Aggregated,2026-08-21T05:46:03Z
2026-08-21T05:45:14Z,2026-08-21T07:45:14+0200,fefc4afd-8e33-4cd6-bf77-d9db44894bfe,2026-08-05T20:00:00Z,2026-08-05T22:00:00+0200,1838.79,MW,BE,BE,actual_offshore_wind_generation,Wind Offshore | Actual Aggregated,2026-08-21T05:46:03Z
2026-08-21T05:45:14Z,2026-08-21T07:45:14+0200,fefc4afd-8e33-4cd6-bf77-d9db44894bfe,2026-08-05T21:00:00Z,2026-08-05T23:00:00+0200,1531.7525,MW,BE,BE,actual_offshore_wind_generation,Wind Offshore | Actual Aggregated,2026-08-21T05:46:03Z
2026-08-21T05:45:14Z,2026-08-21T07:45:14+0200,fefc4afd-8e33-4cd6-bf77-d9db44894bfe,2026-08-05T22:00:00Z,2026-08-06T00:00:00+0200,1138.44,MW,BE,BE,actual_offshore_wind_generation,Wind Offshore | Actual Aggregated,2026-08-21T05:46:03Z
2026-08-21T05:45:14Z,2026-08-21T07:45:14+0200,fefc4afd-8e33-4cd6-bf77-d9db44894bfe,2026-08-05T23:00:00Z,2026-08-06T01:00:00+0200,1024.43,MW,BE,BE,actual_offshore_wind_generation,Wind Offshore | Actual Aggregated,2026-08-21T05:46:03Z
2026-08-21T05:45:14Z,2026-08-21T07:45:14+0200,fefc4afd-8e33-4cd6-bf77-d9db44894bfe,2026-08-06T00:00:00Z,2026-08-06T02:00:00+0200,541.2025,MW,BE,BE,actual_offshore_wind_generation,Wind Offshore | Actual Aggregated,2026-08-21T05:46:03Z
2026-08-21T05:45:14Z,2026-08-21T07:45:14+0200,fefc4afd-8e33-4cd6-bf77-d9db44894bfe,2026-08-06T01:00:00Z,2026-08-06T03:00:00+0200,453.63,MW,BE,BE,actual_offshore_wind_generation,Wind Offshore | Actual Aggregated,2026-08-21T05:46:03Z
2026-08-21T05:45:14Z,2026-08-21T07:45:14+0200,fefc4afd-8e33-4cd6-bf77-d9db44894bfe,2026-08-06T02:00:00Z,2026-08-06T04:00:00+0200,543.3475,MW,BE,BE,actual_offshore_wind_generation,Wind Offshore | Actual Aggregated,2026-08-21T05:46:03Z
2026-08-21T05:45:14Z,2026-08-21T07:45:14+0200,fefc4afd-8e33-4cd6-bf77-d9db44894bfe,2026-08-06T03:00:00Z,2026-08-06T05:00:00+0200,471.585,MW,BE,BE,actual_offshore_wind_generation,Wind Offshore | Actual Aggregated,2026-08-21T05:46:03Z
2026-08-21T05:45:14Z,2026-08-21T07:45:14+0200,fefc4afd-8e33-4cd6-bf77-d9db44894bfe,2026-08-06T04:00:00Z,2026-08-06T06:00:00+0200,447.7225,MW,BE,BE,actual_offshore_wind_generation,Wind Offshore | Actual Aggregated,2026-08-21T05:46:03Z
2026-08-21T05:45:14Z,2026-08-21T07:45:14+0200,fefc4afd-8e33-4cd6-bf77-d9db44894bfe,2026-08-06T05:00:00Z,2026-08-06T07:00:00+0200,415.08,MW,BE,BE,actual_offshore_wind_generation,Wind Offshore | Actual Aggregated,2026-08-21T05:46:03Z
2026-08-21T05:45:14Z,2026-08-21T07:45:14+0200,fefc4afd-8e33-4cd6-bf77-d9db44894bfe,2026-08-06T06:00:00Z,2026-08-06T08:00:00+0200,381.4925,MW,BE,BE,actual_offshore_wind_generation,Wind Offshore | Actual Aggregated,2026-08-21T05:46:03Z
2026-08-21T05:45:14Z,2026-08-21T07:45:14+0200,fefc4afd-8e33-4cd6-bf77-d9db44894bfe,2026-08-06T07:00:00Z,2026-08-06T09:00:00+0200,369.2575,MW,BE,BE,actual_offshore_wind_generation,Wind Offshore | Actual Aggregated,2026-08-21T05:46:03Z
2026-08-21T05:45:14Z,2026-08-21T07:45:14+0200,fefc4afd-8e33-4cd6-bf77-d9db44894bfe,2026-08-06T08:00:00Z,2026-08-06T10:00:00+0200,335.37,MW,BE,BE,actual_offshore_wind_generation,Wind Offshore | Actual Aggregated,2026-08-21T05:46:03Z
2026-08-21T05:45:14Z,2026-08-21T07:45:14+0200,fefc4afd-8e33-4cd6-bf77-d9db44894bfe,2026-08-06T09:00:00Z,2026-08-06T11:00:00+0200,309.5,MW,BE,BE,actual_offshore_wind_generation,Wind Offshore | Actual Aggregated,2026-08-21T05:46:03Z
2026-08-21T05:45:14Z,2026-08-21T07:45:14+0200,fefc4afd-8e33-4cd6-bf77-d9db44894bfe,2026-08-06T10:00:00Z,2026-08-06T12:00:00+0200,326.715,MW,BE,BE,actual_offshore_wind_generation,Wind Offshore | Actual Aggregated,2026-08-21T05:46:03Z
2026-08-21T05:45:14Z,2026-08-21T07:45:14+0200,fefc4afd-8e33-4cd6-bf77-d9db44894bfe,2026-08-06T11:00:00Z,2026-08-06T13:00:00+0200,393.0,MW,BE,BE,actual_offshore_wind_generation,Wind Offshore | Actual Aggregated,2026-08-21T05:46:03Z
2026-08-21T05:45:14Z,2026-08-21T07:45:14+0200,fefc4afd-8e33-4cd6-bf77-d9db44894bfe,2026-08-06T12:00:00Z,2026-08-06T14:00:00+0200,420.9,MW,BE,BE,actual_offshore_wind_generation,Wind Offshore | Actual Aggregated,2026-08-21T05:46:03Z
2026-08-21T05:45:14Z,2026-08-21T07:45:14+0200,fefc4afd-8e33-4cd6-bf77-d9db44894bfe,2026-08-06T13:00:00Z,2026-08-06T15:00:00+0200,405.5925,MW,BE,BE,actual_offshore_wind_generation,Wind Offshore | Actual Aggregated,2026-08-21T05:46:03Z
2026-08-21T05:45:14Z,2026-08-21T07:45:14+0200,fefc4afd-8e33-4cd6-bf77-d9db44894bfe,2026-08-06T14:00:00Z,2026-08-06T16:00:00+0200,402.425,MW,BE,BE,actual_offshore_wind_generation,Wind Offshore | Actual Aggregated,2026-08-21T05:46:03Z
2026-08-21T05:45:14Z,2026-08-21T07:45:14+0200,fefc4afd-8e33-4cd6-bf77-d9db44894bfe,2026-08-06T15:00:00Z,2026-08-06T17:00:00+0200,361.245,MW,BE,BE,actual_offshore_wind_generation,Wind Offshore | Actual Aggregated,2026-08-21T05:46:03Z
2026-08-21T05:45:14Z,2026-08-21T07:45:14+0200,fefc4afd-8e33-4cd6-bf77-d9db44894bfe,2026-08-06T16:00:00Z,2026-08-06T18:00:00+0200,196.4075,MW,BE,BE,actual_offshore_wind_generation,Wind Offshore | Actual Aggregated,2026-08-21T05:46:03Z
2026-08-21T05:45:14Z,2026-08-21T07:45:14+0200,fefc4afd-8e33-4cd6-bf77-d9db44894bfe,2026-08-06T17:00:00Z,2026-08-06T19:00:00+0200,106.3725,MW,BE,BE,actual_offshore_wind_generation,Wind Offshore | Actual Aggregated,2026-08-21T05:46:03Z
2026-08-21T05:45:14Z,2026-08-21T07:45:14+0200,fefc4afd-8e33-4cd6-bf77-d9db44894bfe,2026-08-06T18:00:00Z,2026-08-06T20:00:00+0200,71.2675,MW,BE,BE,actual_offshore_wind_generation,Wind Offshore | Actual Aggregated,2026-08-21T05:46:03Z
2026-08-21T05:45:14Z,2026-08-21T07:45:14+0200,fefc4afd-8e33-4cd6-bf77-d9db44894bfe,2026-08-06T19:00:00Z,2026-08-06T21:00:00+0200,78.9975,MW,BE,BE,actual_offshore_wind_generation,Wind Offshore | Actual Aggregated,2026-08-21T05:46:03Z
2026-08-21T05:45:14Z,2026-08-21T07:45:14+0200,fefc4afd-8e33-4cd6-bf77-d9db44894bfe,2026-08-06T20:00:00Z,2026-08-06T22:00:00+0200,27.7675,MW,BE,BE,actual_offshore_wind_generation,Wind Offshore | Actual Aggregated,2026-08-21T05:46:03Z
2026-08-21T05:45:14Z,2026-08-21T07:45:14+0200,fefc4afd-8e33-4cd6-bf77-d9db44894bfe,2026-08-06T21:00:00Z,2026-08-06T23:00:00+0200,20.0925,MW,BE,BE,actual_offshore_wind_generation,Wind Offshore | Actual Consumption,2026-08-21T05:46:03Z
2026-08-21T05:45:14Z,2026-08-21T07:45:14+0200,fefc4afd-8e33-4cd6-bf77-d9db44894bfe,2026-08-06T22:00:00Z,2026-08-07T00:00:00+0200,29.3925,MW,BE,BE,actual_offshore_wind_generation,Wind Offshore | Actual Consumption,2026-08-21T05:46:03Z
2026-08-21T05:45:14Z,2026-08-21T07:45:14+0200,fefc4afd-8e33-4cd6-bf77-d9db44894bfe,2026-08-06T23:00:00Z,2026-08-07T01:00:00+0200,30.6275,MW,BE,BE,actual_offshore_wind_generation,Wind Offshore | Actual Consumption,2026-08-21T05:46:03Z
2026-08-21T05:45:14Z,2026-08-21T07:45:14+0200,fefc4afd-8e33-4cd6-bf77-d9db44894bfe,2026-08-07T00:00:00Z,2026-08-07T02:00:00+0200,30.45,MW,BE,BE,actual_offshore_wind_generation,Wind Offshore | Actual Consumption,2026-08-21T05:46:03Z
2026-08-21T05:45:14Z,2026-08-21T07:45:14+0200,fefc4afd-8e33-4cd6-bf77-d9db44894bfe,2026-08-07T01:00:00Z,2026-08-07T03:00:00+0200,30.2025,MW,BE,BE,actual_offshore_wind_generation,Wind Offshore | Actual Consumption,2026-08-21T05:46:03Z
2026-08-21T05:45:14Z,2026-08-21T07:45:14+0200,fefc4afd-8e33-4cd6-bf77-d9db44894bfe,2026-08-07T02:00:00Z,2026-08-07T04:00:00+0200,30.2775,MW,BE,BE,actual_offshore_wind_generation,Wind Offshore | Actual Consumption,2026-08-21T05:46:03Z
2026-08-21T05:45:14Z,2026-08-21T07:45:14+0200,fefc4afd-8e33-4cd6-bf77-d9db44894bfe,2026-08-07T03:00:00Z,2026-08-07T05:00:00+0200,30.135,MW,BE,BE,actual_offshore_wind_generation,Wind Offshore | Actual Consumption,2026-08-21T05:46:03Z
2026-08-21T05:45:14Z,2026-08-21T07:45:14+0200,fefc4afd-8e33-4cd6-bf77-d9db44894bfe,2026-08-07T04:00:00Z,2026-08-07T06:00:00+0200,30.1575,MW,BE,BE,actual_offshore_wind_generation,Wind Offshore | Actual Consumption,2026-08-21T05:46:03Z
2026-08-21T05:45:14Z,2026-08-21T07:45:14+0200,fefc4afd-8e33-4cd6-bf77-d9db44894bfe,2026-08-07T05:00:00Z,2026-08-07T07:00:00+0200,28.62,MW,BE,BE,actual_offshore_wind_generation,Wind Offshore | Actual Consumption,2026-08-21T05:46:03Z
2026-08-21T05:45:14Z,2026-08-21T07:45:14+0200,fefc4afd-8e33-4cd6-bf77-d9db44894bfe,2026-08-07T06:00:00Z,2026-08-07T08:00:00+0200,28.6,MW,BE,BE,actual_offshore_wind_generation,Wind Offshore | Actual Consumption,2026-08-21T05:46:03Z
2026-08-21T05:45:14Z,2026-08-21T07:45:14+0200,fefc4afd-8e33-4cd6-bf77-d9db44894bfe,2026-08-07T07:00:00Z,2026-08-07T09:00:00+0200,20.8975,MW,BE,BE,actual_offshore_wind_generation,Wind Offshore | Actual Consumption,2026-08-21T05:46:03Z
2026-08-21T05:45:14Z,2026-08-21T07:45:14+0200,fefc4afd-8e33-4cd6-bf77-d9db44894bfe,2026-08-07T08:00:00Z,2026-08-07T10:00:00+0200,10.6,MW,BE,BE,actual_offshore_wind_generation,Wind Offshore | Actual Consumption,2026-08-21T05:46:03Z
2026-08-21T05:45:14Z,2026-08-21T07:45:14+0200,fefc4afd-8e33-4cd6-bf77-d9db44894bfe,2026-08-07T09:00:00Z,2026-08-07T11:00:00+0200,15.0875,MW,BE,BE,actual_offshore_wind_generation,Wind Offshore | Actual Consumption,2026-08-21T05:46:03Z
2026-08-21T05:45:14Z,2026-08-21T07:45:14+0200,fefc4afd-8e33-4cd6-bf77-d9db44894bfe,2026-08-07T10:00:00Z,2026-08-07T12:00:00+0200,25.25,MW,BE,BE,actual_offshore_wind_generation,Wind Offshore | Actual Consumption,2026-08-21T05:46:03Z
2026-08-21T05:45:14Z,2026-08-21T07:45:14+0200,fefc4afd-8e33-4cd6-bf77-d9db44894bfe,2026-08-07T11:00:00Z,2026-08-07T13:00:00+0200,26.4875,MW,BE,BE,actual_offshore_wind_generation,Wind Offshore | Actual Consumption,2026-08-21T05:46:03Z
2026-08-21T05:45:14Z,2026-08-21T07:45:14+0200,fefc4afd-8e33-4cd6-bf77-d9db44894bfe,2026-08-07T12:00:00Z,2026-08-07T14:00:00+0200,26.835,MW,BE,BE,actual_offshore_wind_generation,Wind Offshore | Actual Consumption,2026-08-21T05:46:03Z
2026-08-21T05:45:14Z,2026-08-21T07:45:14+0200,fefc4afd-8e33-4cd6-bf77-d9db44894bfe,2026-08-07T13:00:00Z,2026-08-07T15:00:00+0200,27.975,MW,BE,BE,actual_offshore_wind_generation,Wind Offshore | Actual Consumption,2026-08-21T05:46:03Z
2026-08-21T05:45:14Z,2026-08-21T07:45:14+0200,fefc4afd-8e33-4cd6-bf77-d9db44894bfe,2026-08-07T14:00:00Z,2026-08-07T16:00:00+0200,28.6275,MW,BE,BE,actual_offshore_wind_generation,Wind Offshore | Actual Consumption,2026-08-21T05:46:03Z
2026-08-21T05:45:14Z,2026-08-21T07:45:14+0200,fefc4afd-8e33-4cd6-bf77-d9db44894bfe,2026-08-07T15:00:00Z,2026-08-07T17:00:00+0200,31.3575,MW,BE,BE,actual_offshore_wind_generation,Wind Offshore | Actual Consumption,2026-08-21T05:46:03Z
2026-08-21T05:45:14Z,2026-08-21T07:45:14+0200,fefc4afd-8e33-4cd6-bf77-d9db44894bfe,2026-08-07T16:00:00Z,2026-08-07T18:00:00+0200,32.105,MW,BE,BE,actual_offshore_wind_generation,Wind Offshore | Actual Consumption,2026-08-21T05:46:03Z
2026-08-21T05:45:14Z,2026-08-21T07:45:14+0200,fefc4afd-8e33-4cd6-bf77-d9db44894bfe,2026-08-07T17:00:00Z,2026-08-07T19:00:00+0200,30.52,MW,BE,BE,actual_offshore_wind_generation,Wind Offshore | Actual Consumption,2026-08-21T05:46:03Z
2026-08-21T05:45:14Z,2026-08-21T07:45:14+0200,fefc4afd-8e33-4cd6-bf77-d9db44894bfe,2026-08-07T18:00:00Z,2026-08-07T20:00:00+0200,1.86,MW,BE,BE,actual_offshore_wind_generation,Wind Offshore | Actual Aggregated,2026-08-21T05:46:03Z
2026-08-21T05:45:14Z,2026-08-21T07:45:14+0200,fefc4afd-8e33-4cd6-bf77-d9db44894bfe,2026-08-07T18:00:00Z,2026-08-07T20:00:00+0200,9.3825,MW,BE,BE,actual_offshore_wind_generation,Wind Offshore | Actual Consumption,2026-08-21T05:46:03Z
2026-08-21T05:45:14Z,2026-08-21T07:45:14+0200,fefc4afd-8e33-4cd6-bf77-d9db44894bfe,2026-08-07T19:00:00Z,2026-08-07T21:00:00+0200,7.02,MW,BE,BE,actual_offshore_wind_generation,Wind Offshore | Actual Aggregated,2026-08-21T05:46:03Z
2026-08-21T05:45:14Z,2026-08-21T07:45:14+0200,fefc4afd-8e33-4cd6-bf77-d9db44894bfe,2026-08-07T20:00:00Z,2026-08-07T22:00:00+0200,25.1725,MW,BE,BE,actual_offshore_wind_generation,Wind Offshore | Actual Aggregated,2026-08-21T05:46:03Z
2026-08-21T05:45:14Z,2026-08-21T07:45:14+0200,fefc4afd-8e33-4cd6-bf77-d9db44894bfe,2026-08-07T21:00:00Z,2026-08-07T23:00:00+0200,17.405,MW,BE,BE,actual_offshore_wind_generation,Wind Offshore | Actual Aggregated,2026-08-21T05:46:03Z
2026-08-21T05:45:14Z,2026-08-21T07:45:14+0200,fefc4afd-8e33-4cd6-bf77-d9db44894bfe,2026-08-07T22:00:00Z,2026-08-08T00:00:00+0200,10.275,MW,BE,BE,actual_offshore_wind_generation,Wind Offshore | Actual Aggregated,2026-08-21T05:46:03Z
2026-08-21T05:45:14Z,2026-08-21T07:45:14+0200,fefc4afd-8e33-4cd6-bf77-d9db44894bfe,2026-08-07T23:00:00Z,2026-08-08T01:00:00+0200,80.1975,MW,BE,BE,actual_offshore_wind_generation,Wind Offshore | Actual Aggregated,2026-08-21T05:46:03Z
2026-08-21T05:45:14Z,2026-08-21T07:45:14+0200,fefc4afd-8e33-4cd6-bf77-d9db44894bfe,2026-08-08T00:00:00Z,2026-08-08T02:00:00+0200,181.2775,MW,BE,BE,actual_offshore_wind_generation,Wind Offshore | Actual Aggregated,2026-08-21T05:46:03Z
2026-08-21T05:45:14Z,2026-08-21T07:45:14+0200,fefc4afd-8e33-4cd6-bf77-d9db44894bfe,2026-08-08T01:00:00Z,2026-08-08T03:00:00+0200,183.985,MW,BE,BE,actual_offshore_wind_generation,Wind Offshore | Actual Aggregated,2026-08-21T05:46:03Z
2026-08-21T05:45:14Z,2026-08-21T07:45:14+0200,fefc4afd-8e33-4cd6-bf77-d9db44894bfe,2026-08-08T02:00:00Z,2026-08-08T04:00:00+0200,149.84,MW,BE,BE,actual_offshore_wind_generation,Wind Offshore | Actual Aggregated,2026-08-21T05:46:03Z
2026-08-21T05:45:14Z,2026-08-21T07:45:14+0200,fefc4afd-8e33-4cd6-bf77-d9db44894bfe,2026-08-08T03:00:00Z,2026-08-08T05:00:00+0200,136.305,MW,BE,BE,actual_offshore_wind_generation,Wind Offshore | Actual Aggregated,2026-08-21T05:46:03Z
2026-08-21T05:45:14Z,2026-08-21T07:45:14+0200,fefc4afd-8e33-4cd6-bf77-d9db44894bfe,2026-08-08T04:00:00Z,2026-08-08T06:00:00+0200,115.015,MW,BE,BE,actual_offshore_wind_generation,Wind Offshore | Actual Aggregated,2026-08-21T05:46:03Z
2026-08-21T05:45:14Z,2026-08-21T07:45:14+0200,fefc4afd-8e33-4cd6-bf77-d9db44894bfe,2026-08-08T05:00:00Z,2026-08-08T07:00:00+0200,94.4725,MW,BE,BE,actual_offshore_wind_generation,Wind Offshore | Actual Aggregated,2026-08-21T05:46:03Z
2026-08-21T05:45:14Z,2026-08-21T07:45:14+0200,fefc4afd-8e33-4cd6-bf77-d9db44894bfe,2026-08-08T06:00:00Z,2026-08-08T08:00:00+0200,55.9575,MW,BE,BE,actual_offshore_wind_generation,Wind Offshore | Actual Aggregated,2026-08-21T05:46:03Z
2026-08-21T05:45:14Z,2026-08-21T07:45:14+0200,fefc4afd-8e33-4cd6-bf77-d9db44894bfe,2026-08-08T07:00:00Z,2026-08-08T09:00:00+0200,42.6675,MW,BE,BE,actual_offshore_wind_generation,Wind Offshore | Actual Aggregated,2026-08-21T05:46:03Z
2026-08-21T05:45:14Z,2026-08-21T07:45:14+0200,fefc4afd-8e33-4cd6-bf77-d9db44894bfe,2026-08-08T08:00:00Z,2026-08-08T10:00:00+0200,2.98,MW,BE,BE,actual_offshore_wind_generation,Wind Offshore | Actual Aggregated,2026-08-21T05:46:03Z
2026-08-21T05:45:14Z,2026-08-21T07:45:14+0200,fefc4afd-8e33-4cd6-bf77-d9db44894bfe,2026-08-08T08:00:00Z,2026-08-08T10:00:00+0200,7.795,MW,BE,BE,actual_offshore_wind_generation,Wind Offshore | Actual Consumption,2026-08-21T05:46:03Z
2026-08-21T05:45:14Z,2026-08-21T07:45:14+0200,fefc4afd-8e33-4cd6-bf77-d9db44894bfe,2026-08-08T09:00:00Z,2026-08-08T11:00:00+0200,26.4775,MW,BE,BE,actual_offshore_wind_generation,Wind Offshore | Actual Consumption,2026-08-21T05:46:03Z
2026-08-21T05:45:14Z,2026-08-21T07:45:14+0200,fefc4afd-8e33-4cd6-bf77-d9db44894bfe,2026-08-08T10:00:00Z,2026-08-08T12:00:00+0200,27.4,MW,BE,BE,actual_offshore_wind_generation,Wind Offshore | Actual Consumption,2026-08-21T05:46:03Z
2026-08-21T05:45:14Z,2026-08-21T07:45:14+0200,fefc4afd-8e33-4cd6-bf77-d9db44894bfe,2026-08-08T11:00:00Z,2026-08-08T13:00:00+0200,26.1825,MW,BE,BE,actual_offshore_wind_generation,Wind Offshore | Actual Consumption,2026-08-21T05:46:03Z
2026-08-21T05:45:14Z,2026-08-21T07:45:14+0200,fefc4afd-8e33-4cd6-bf77-d9db44894bfe,2026-08-08T12:00:00Z,2026-08-08T14:00:00+0200,13.635,MW,BE,BE,actual_offshore_wind_generation,Wind Offshore | Actual Aggregated,2026-08-21T05:46:03Z
2026-08-21T05:45:14Z,2026-08-21T07:45:14+0200,fefc4afd-8e33-4cd6-bf77-d9db44894bfe,2026-08-08T12:00:00Z,2026-08-08T14:00:00+0200,3.9775,MW,BE,BE,actual_offshore_wind_generation,Wind Offshore | Actual Consumption,2026-08-21T05:46:03Z
2026-08-21T05:45:14Z,2026-08-21T07:45:14+0200,fefc4afd-8e33-4cd6-bf77-d9db44894bfe,2026-08-08T13:00:00Z,2026-08-08T15:00:00+0200,69.965,MW,BE,BE,actual_offshore_wind_generation,Wind Offshore | Actual Aggregated,2026-08-21T05:46:03Z
2026-08-21T05:45:14Z,2026-08-21T07:45:14+0200,fefc4afd-8e33-4cd6-bf77-d9db44894bfe,2026-08-08T14:00:00Z,2026-08-08T16:00:00+0200,97.83,MW,BE,BE,actual_offshore_wind_generation,Wind Offshore | Actual Aggregated,2026-08-21T05:46:03Z
2026-08-21T05:45:14Z,2026-08-21T07:45:14+0200,fefc4afd-8e33-4cd6-bf77-d9db44894bfe,2026-08-08T15:00:00Z,2026-08-08T17:00:00+0200,133.13,MW,BE,BE,actual_offshore_wind_generation,Wind Offshore | Actual Aggregated,2026-08-21T05:46:03Z
2026-08-21T05:45:14Z,2026-08-21T07:45:14+0200,fefc4afd-8e33-4cd6-bf77-d9db44894bfe,2026-08-08T16:00:00Z,2026-08-08T18:00:00+0200,137.1475,MW,BE,BE,actual_offshore_wind_generation,Wind Offshore | Actual Aggregated,2026-08-21T05:46:03Z
2026-08-21T05:45:14Z,2026-08-21T07:45:14+0200,fefc4afd-8e33-4cd6-bf77-d9db44894bfe,2026-08-08T17:00:00Z,2026-08-08T19:00:00+0200,172.6775,MW,BE,BE,actual_offshore_wind_generation,Wind Offshore | Actual Aggregated,2026-08-21T05:46:03Z
2026-08-21T05:45:14Z,2026-08-21T07:45:14+0200,fefc4afd-8e33-4cd6-bf77-d9db44894bfe,2026-08-08T18:00:00Z,2026-08-08T20:00:00+0200,138.71,MW,BE,BE,actual_offshore_wind_generation,Wind Offshore | Actual Aggregated,2026-08-21T05:46:03Z
2026-08-21T05:45:14Z,2026-08-21T07:45:14+0200,fefc4afd-8e33-4cd6-bf77-d9db44894bfe,2026-08-08T19:00:00Z,2026-08-08T21:00:00+0200,122.125,MW,BE,BE,actual_offshore_wind_generation,Wind Offshore | Actual Aggregated,2026-08-21T05:46:03Z
2026-08-21T05:45:14Z,2026-08-21T07:45:14+0200,fefc4afd-8e33-4cd6-bf77-d9db44894bfe,2026-08-08T20:00:00Z,2026-08-08T22:00:00+0200,88.4025,MW,BE,BE,actual_offshore_wind_generation,Wind Offshore | Actual Aggregated,2026-08-21T05:46:03Z
2026-08-21T05:45:14Z,2026-08-21T07:45:14+0200,fefc4afd-8e33-4cd6-bf77-d9db44894bfe,2026-08-08T21:00:00Z,2026-08-08T23:00:00+0200,95.4175,MW,BE,BE,actual_offshore_wind_generation,Wind Offshore | Actual Aggregated,2026-08-21T05:46:03Z
2026-08-21T05:45:14Z,2026-08-21T07:45:14+0200,fefc4afd-8e33-4cd6-bf77-d9db44894bfe,2026-08-08T22:00:00Z,2026-08-09T00:00:00+0200,94.0625,MW,BE,BE,actual_offshore_wind_generation,Wind Offshore | Actual Aggregated,2026-08-21T05:46:03Z
2026-08-21T05:45:14Z,2026-08-21T07:45:14+0200,fefc4afd-8e33-4cd6-bf77-d9db44894bfe,2026-08-08T23:00:00Z,2026-08-09T01:00:00+0200,197.75,MW,BE,BE,actual_offshore_wind_generation,Wind Offshore | Actual Aggregated,2026-08-21T05:46:03Z
2026-08-21T05:45:14Z,2026-08-21T07:45:14+0200,fefc4afd-8e33-4cd6-bf77-d9db44894bfe,2026-08-09T00:00:00Z,2026-08-09T02:00:00+0200,235.0325,MW,BE,BE,actual_offshore_wind_generation,Wind Offshore | Actual Aggregated,2026-08-21T05:46:03Z
2026-08-21T05:45:14Z,2026-08-21T07:45:14+0200,fefc4afd-8e33-4cd6-bf77-d9db44894bfe,2026-08-09T01:00:00Z,2026-08-09T03:00:00+0200,136.385,MW,BE,BE,actual_offshore_wind_generation,Wind Offshore | Actual Aggregated,2026-08-21T05:46:03Z
2026-08-21T05:45:14Z,2026-08-21T07:45:14+0200,fefc4afd-8e33-4cd6-bf77-d9db44894bfe,2026-08-09T02:00:00Z,2026-08-09T04:00:00+0200,64.635,MW,BE,BE,actual_offshore_wind_generation,Wind Offshore | Actual Aggregated,2026-08-21T05:46:03Z
2026-08-21T05:45:14Z,2026-08-21T07:45:14+0200,fefc4afd-8e33-4cd6-bf77-d9db44894bfe,2026-08-09T03:00:00Z,2026-08-09T05:00:00+0200,74.165,MW,BE,BE,actual_offshore_wind_generation,Wind Offshore | Actual Aggregated,2026-08-21T05:46:03Z
2026-08-21T05:45:14Z,2026-08-21T07:45:14+0200,fefc4afd-8e33-4cd6-bf77-d9db44894bfe,2026-08-09T04:00:00Z,2026-08-09T06:00:00+0200,53.54,MW,BE,BE,actual_offshore_wind_generation,Wind Offshore | Actual Aggregated,2026-08-21T05:46:03Z
2026-08-21T05:45:14Z,2026-08-21T07:45:14+0200,fefc4afd-8e33-4cd6-bf77-d9db44894bfe,2026-08-09T05:00:00Z,2026-08-09T07:00:00+0200,53.4025,MW,BE,BE,actual_offshore_wind_generation,Wind Offshore | Actual Aggregated,2026-08-21T05:46:03Z
2026-08-21T05:45:14Z,2026-08-21T07:45:14+0200,fefc4afd-8e33-4cd6-bf77-d9db44894bfe,2026-08-09T06:00:00Z,2026-08-09T08:00:00+0200,89.9325,MW,BE,BE,actual_offshore_wind_generation,Wind Offshore | Actual Aggregated,2026-08-21T05:46:03Z
2026-08-21T05:45:14Z,2026-08-21T07:45:14+0200,fefc4afd-8e33-4cd6-bf77-d9db44894bfe,2026-08-09T07:00:00Z,2026-08-09T09:00:00+0200,96.495,MW,BE,BE,actual_offshore_wind_generation,Wind Offshore | Actual Aggregated,2026-08-21T05:46:03Z
2026-08-21T05:45:14Z,2026-08-21T07:45:14+0200,fefc4afd-8e33-4cd6-bf77-d9db44894bfe,2026-08-09T08:00:00Z,2026-08-09T10:00:00+0200,58.0075,MW,BE,BE,actual_offshore_wind_generation,Wind Offshore | Actual Aggregated,2026-08-21T05:46:03Z
2026-08-21T05:45:14Z,2026-08-21T07:45:14+0200,fefc4afd-8e33-4cd6-bf77-d9db44894bfe,2026-08-09T09:00:00Z,2026-08-09T11:00:00+0200,23.665,MW,BE,BE,actual_offshore_wind_generation,Wind Offshore | Actual Consumption,2026-08-21T05:46:03Z
2026-08-21T05:45:14Z,2026-08-21T07:45:14+0200,fefc4afd-8e33-4cd6-bf77-d9db44894bfe,2026-08-09T10:00:00Z,2026-08-09T12:00:00+0200,32.095,MW,BE,BE,actual_offshore_wind_generation,Wind Offshore | Actual Consumption,2026-08-21T05:46:03Z
2026-08-21T05:45:14Z,2026-08-21T07:45:14+0200,fefc4afd-8e33-4cd6-bf77-d9db44894bfe,2026-08-09T11:00:00Z,2026-08-09T13:00:00+0200,32.3475,MW,BE,BE,actual_offshore_wind_generation,Wind Offshore | Actual Consumption,2026-08-21T05:46:03Z
2026-08-21T05:45:14Z,2026-08-21T07:45:14+0200,fefc4afd-8e33-4cd6-bf77-d9db44894bfe,2026-08-09T12:00:00Z,2026-08-09T14:00:00+0200,22.1325,MW,BE,BE,actual_offshore_wind_generation,Wind Offshore | Actual Consumption,2026-08-21T05:46:03Z
2026-08-21T05:45:14Z,2026-08-21T07:45:14+0200,fefc4afd-8e33-4cd6-bf77-d9db44894bfe,2026-08-09T13:00:00Z,2026-08-09T15:00:00+0200,31.1875,MW,BE,BE,actual_offshore_wind_generation,Wind Offshore | Actual Consumption,2026-08-21T05:46:03Z
2026-08-21T05:45:14Z,2026-08-21T07:45:14+0200,fefc4afd-8e33-4cd6-bf77-d9db44894bfe,2026-08-09T14:00:00Z,2026-08-09T16:00:00+0200,29.5675,MW,BE,BE,actual_offshore_wind_generation,Wind Offshore | Actual Consumption,2026-08-21T05:46:03Z
2026-08-21T05:45:14Z,2026-08-21T07:45:14+0200,fefc4afd-8e33-4cd6-bf77-d9db44894bfe,2026-08-09T15:00:00Z,2026-08-09T17:00:00+0200,2.6175,MW,BE,BE,actual_offshore_wind_generation,Wind Offshore | Actual Aggregated,2026-08-21T05:46:03Z
2026-08-21T05:45:14Z,2026-08-21T07:45:14+0200,fefc4afd-8e33-4cd6-bf77-d9db44894bfe,2026-08-09T15:00:00Z,2026-08-09T17:00:00+0200,9.8475,MW,BE,BE,actual_offshore_wind_generation,Wind Offshore | Actual Consumption,2026-08-21T05:46:03Z
2026-08-21T05:45:14Z,2026-08-21T07:45:14+0200,fefc4afd-8e33-4cd6-bf77-d9db44894bfe,2026-08-09T16:00:00Z,2026-08-09T18:00:00+0200,15.8675,MW,BE,BE,actual_offshore_wind_generation,Wind Offshore | Actual Aggregated,2026-08-21T05:46:03Z
2026-08-21T05:45:14Z,2026-08-21T07:45:14+0200,fefc4afd-8e33-4cd6-bf77-d9db44894bfe,2026-08-09T16:00:00Z,2026-08-09T18:00:00+0200,0.215,MW,BE,BE,actual_offshore_wind_generation,Wind Offshore | Actual Consumption,2026-08-21T05:46:03Z
2026-08-21T05:45:14Z,2026-08-21T07:45:14+0200,fefc4afd-8e33-4cd6-bf77-d9db44894bfe,2026-08-09T17:00:00Z,2026-08-09T19:00:00+0200,22.555,MW,BE,BE,actual_offshore_wind_generation,Wind Offshore | Actual Aggregated,2026-08-21T05:46:03Z
2026-08-21T05:45:14Z,2026-08-21T07:45:14+0200,fefc4afd-8e33-4cd6-bf77-d9db44894bfe,2026-08-09T17:00:00Z,2026-08-09T19:00:00+0200,0.0125,MW,BE,BE,actual_offshore_wind_generation,Wind Offshore | Actual Consumption,2026-08-21T05:46:03Z
2026-08-21T05:45:14Z,2026-08-21T07:45:14+0200,fefc4afd-8e33-4cd6-bf77-d9db44894bfe,2026-08-09T18:00:00Z,2026-08-09T20:00:00+0200,31.4725,MW,BE,BE,actual_offshore_wind_generation,Wind Offshore | Actual Aggregated,2026-08-21T05:46:03Z
2026-08-21T05:45:14Z,2026-08-21T07:45:14+0200,fefc4afd-8e33-4cd6-bf77-d9db44894bfe,2026-08-09T18:00:00Z,2026-08-09T20:00:00+0200,3.665,MW,BE,BE,actual_offshore_wind_generation,Wind Offshore | Actual Consumption,2026-08-21T05:46:03Z
2026-08-21T05:45:14Z,2026-08-21T07:45:14+0200,fefc4afd-8e33-4cd6-bf77-d9db44894bfe,2026-08-09T19:00:00Z,2026-08-09T21:00:00+0200,159.4975,MW,BE,BE,actual_offshore_wind_generation,Wind Offshore | Actual Aggregated,2026-08-21T05:46:03Z
2026-08-21T05:45:14Z,2026-08-21T07:45:14+0200,fefc4afd-8e33-4cd6-bf77-d9db44894bfe,2026-08-09T20:00:00Z,2026-08-09T22:00:00+0200,521.6025,MW,BE,BE,actual_offshore_wind_generation,Wind Offshore | Actual Aggregated,2026-08-21T05:46:03Z
2026-08-21T05:45:14Z,2026-08-21T07:45:14+0200,fefc4afd-8e33-4cd6-bf77-d9db44894bfe,2026-08-09T21:00:00Z,2026-08-09T23:00:00+0200,874.3275,MW,BE,BE,actual_offshore_wind_generation,Wind Offshore | Actual Aggregated,2026-08-21T05:46:03Z
2026-08-21T05:45:14Z,2026-08-21T07:45:14+0200,fefc4afd-8e33-4cd6-bf77-d9db44894bfe,2026-08-09T22:00:00Z,2026-08-10T00:00:00+0200,839.9375,MW,BE,BE,actual_offshore_wind_generation,Wind Offshore | Actual Aggregated,2026-08-21T05:46:03Z
2026-08-21T05:45:14Z,2026-08-21T07:45:14+0200,fefc4afd-8e33-4cd6-bf77-d9db44894bfe,2026-08-09T23:00:00Z,2026-08-10T01:00:00+0200,600.96,MW,BE,BE,actual_offshore_wind_generation,Wind Offshore | Actual Aggregated,2026-08-21T05:46:03Z
2026-08-21T05:45:14Z,2026-08-21T07:45:14+0200,fefc4afd-8e33-4cd6-bf77-d9db44894bfe,2026-08-10T00:00:00Z,2026-08-10T02:00:00+0200,428.0925,MW,BE,BE,actual_offshore_wind_generation,Wind Offshore | Actual Aggregated,2026-08-21T05:46:03Z
2026-08-21T05:45:14Z,2026-08-21T07:45:14+0200,fefc4afd-8e33-4cd6-bf77-d9db44894bfe,2026-08-10T01:00:00Z,2026-08-10T03:00:00+0200,372.135,MW,BE,BE,actual_offshore_wind_generation,Wind Offshore | Actual Aggregated,2026-08-21T05:46:03Z
2026-08-21T05:45:14Z,2026-08-21T07:45:14+0200,fefc4afd-8e33-4cd6-bf77-d9db44894bfe,2026-08-10T02:00:00Z,2026-08-10T04:00:00+0200,302.695,MW,BE,BE,actual_offshore_wind_generation,Wind Offshore | Actual Aggregated,2026-08-21T05:46:03Z
2026-08-21T05:45:14Z,2026-08-21T07:45:14+0200,fefc4afd-8e33-4cd6-bf77-d9db44894bfe,2026-08-10T03:00:00Z,2026-08-10T05:00:00+0200,385.005,MW,BE,BE,actual_offshore_wind_generation,Wind Offshore | Actual Aggregated,2026-08-21T05:46:03Z
2026-08-21T05:45:14Z,2026-08-21T07:45:14+0200,fefc4afd-8e33-4cd6-bf77-d9db44894bfe,2026-08-10T04:00:00Z,2026-08-10T06:00:00+0200,447.94,MW,BE,BE,actual_offshore_wind_generation,Wind Offshore | Actual Aggregated,2026-08-21T05:46:03Z
2026-08-21T05:45:14Z,2026-08-21T07:45:14+0200,fefc4afd-8e33-4cd6-bf77-d9db44894bfe,2026-08-10T05:00:00Z,2026-08-10T07:00:00+0200,416.6125,MW,BE,BE,actual_offshore_wind_generation,Wind Offshore | Actual Aggregated,2026-08-21T05:46:03Z
2026-08-21T05:45:14Z,2026-08-21T07:45:14+0200,fefc4afd-8e33-4cd6-bf77-d9db44894bfe,2026-08-10T06:00:00Z,2026-08-10T08:00:00+0200,372.92,MW,BE,BE,actual_offshore_wind_generation,Wind Offshore | Actual Aggregated,2026-08-21T05:46:03Z
2026-08-21T05:45:14Z,2026-08-21T07:45:14+0200,fefc4afd-8e33-4cd6-bf77-d9db44894bfe,2026-08-10T07:00:00Z,2026-08-10T09:00:00+0200,240.24,MW,BE,BE,actual_offshore_wind_generation,Wind Offshore | Actual Aggregated,2026-08-21T05:46:03Z
2026-08-21T05:45:14Z,2026-08-21T07:45:14+0200,fefc4afd-8e33-4cd6-bf77-d9db44894bfe,2026-08-10T08:00:00Z,2026-08-10T10:00:00+0200,110.4075,MW,BE,BE,actual_offshore_wind_generation,Wind Offshore | Actual Aggregated,2026-08-21T05:46:03Z
2026-08-21T05:45:14Z,2026-08-21T07:45:14+0200,fefc4afd-8e33-4cd6-bf77-d9db44894bfe,2026-08-10T09:00:00Z,2026-08-10T11:00:00+0200,268.3775,MW,BE,BE,actual_offshore_wind_generation,Wind Offshore | Actual Aggregated,2026-08-21T05:46:03Z
2026-08-21T05:45:14Z,2026-08-21T07:45:14+0200,fefc4afd-8e33-4cd6-bf77-d9db44894bfe,2026-08-10T10:00:00Z,2026-08-10T12:00:00+0200,367.2075,MW,BE,BE,actual_offshore_wind_generation,Wind Offshore | Actual Aggregated,2026-08-21T05:46:03Z
2026-08-21T05:45:14Z,2026-08-21T07:45:14+0200,fefc4afd-8e33-4cd6-bf77-d9db44894bfe,2026-08-10T11:00:00Z,2026-08-10T13:00:00+0200,335.47,MW,BE,BE,actual_offshore_wind_generation,Wind Offshore | Actual Aggregated,2026-08-21T05:46:03Z
2026-08-21T05:45:14Z,2026-08-21T07:45:14+0200,fefc4afd-8e33-4cd6-bf77-d9db44894bfe,2026-08-10T12:00:00Z,2026-08-10T14:00:00+0200,217.7975,MW,BE,BE,actual_offshore_wind_generation,Wind Offshore | Actual Aggregated,2026-08-21T05:46:03Z
2026-08-21T05:45:14Z,2026-08-21T07:45:14+0200,fefc4afd-8e33-4cd6-bf77-d9db44894bfe,2026-08-10T13:00:00Z,2026-08-10T15:00:00+0200,189.1275,MW,BE,BE,actual_offshore_wind_generation,Wind Offshore | Actual Aggregated,2026-08-21T05:46:03Z
2026-08-21T05:45:14Z,2026-08-21T07:45:14+0200,fefc4afd-8e33-4cd6-bf77-d9db44894bfe,2026-08-10T14:00:00Z,2026-08-10T16:00:00+0200,131.21,MW,BE,BE,actual_offshore_wind_generation,Wind Offshore | Actual Aggregated,2026-08-21T05:46:03Z
2026-08-21T05:45:14Z,2026-08-21T07:45:14+0200,fefc4afd-8e33-4cd6-bf77-d9db44894bfe,2026-08-10T15:00:00Z,2026-08-10T17:00:00+0200,155.515,MW,BE,BE,actual_offshore_wind_generation,Wind Offshore | Actual Aggregated,2026-08-21T05:46:03Z
2026-08-21T05:45:14Z,2026-08-21T07:45:14+0200,fefc4afd-8e33-4cd6-bf77-d9db44894bfe,2026-08-10T16:00:00Z,2026-08-10T18:00:00+0200,131.175,MW,BE,BE,actual_offshore_wind_generation,Wind Offshore | Actual Aggregated,2026-08-21T05:46:03Z
2026-08-21T05:45:14Z,2026-08-21T07:45:14+0200,fefc4afd-8e33-4cd6-bf77-d9db44894bfe,2026-08-10T17:00:00Z,2026-08-10T19:00:00+0200,173.51,MW,BE,BE,actual_offshore_wind_generation,Wind Offshore | Actual Aggregated,2026-08-21T05:46:03Z
2026-08-21T05:45:14Z,2026-08-21T07:45:14+0200,fefc4afd-8e33-4cd6-bf77-d9db44894bfe,2026-08-10T18:00:00Z,2026-08-10T20:00:00+0200,230.74,MW,BE,BE,actual_offshore_wind_generation,Wind Offshore | Actual Aggregated,2026-08-21T05:46:03Z
2026-08-21T05:45:14Z,2026-08-21T07:45:14+0200,fefc4afd-8e33-4cd6-bf77-d9db44894bfe,2026-08-10T19:00:00Z,2026-08-10T21:00:00+0200,410.04,MW,BE,BE,actual_offshore_wind_generation,Wind Offshore | Actual Aggregated,2026-08-21T05:46:03Z
2026-08-21T05:45:14Z,2026-08-21T07:45:14+0200,fefc4afd-8e33-4cd6-bf77-d9db44894bfe,2026-08-10T20:00:00Z,2026-08-10T22:00:00+0200,415.0075,MW,BE,BE,actual_offshore_wind_generation,Wind Offshore | Actual Aggregated,2026-08-21T05:46:03Z
2026-08-21T05:45:14Z,2026-08-21T07:45:14+0200,fefc4afd-8e33-4cd6-bf77-d9db44894bfe,2026-08-10T21:00:00Z,2026-08-10T23:00:00+0200,575.035,MW,BE,BE,actual_offshore_wind_generation,Wind Offshore | Actual Aggregated,2026-08-21T05:46:03Z
2026-08-21T05:45:14Z,2026-08-21T07:45:14+0200,fefc4afd-8e33-4cd6-bf77-d9db44894bfe,2026-08-10T22:00:00Z,2026-08-11T00:00:00+0200,571.0025,MW,BE,BE,actual_offshore_wind_generation,Wind Offshore | Actual Aggregated,2026-08-21T05:46:03Z
2026-08-21T05:45:14Z,2026-08-21T07:45:14+0200,fefc4afd-8e33-4cd6-bf77-d9db44894bfe,2026-08-10T23:00:00Z,2026-08-11T01:00:00+0200,442.5975,MW,BE,BE,actual_offshore_wind_generation,Wind Offshore | Actual Aggregated,2026-08-21T05:46:03Z
2026-08-21T05:45:14Z,2026-08-21T07:45:14+0200,fefc4afd-8e33-4cd6-bf77-d9db44894bfe,2026-08-11T00:00:00Z,2026-08-11T02:00:00+0200,371.4925,MW,BE,BE,actual_offshore_wind_generation,Wind Offshore | Actual Aggregated,2026-08-21T05:46:03Z
2026-08-21T05:45:14Z,2026-08-21T07:45:14+0200,fefc4afd-8e33-4cd6-bf77-d9db44894bfe,2026-08-11T01:00:00Z,2026-08-11T03:00:00+0200,314.0125,MW,BE,BE,actual_offshore_wind_generation,Wind Offshore | Actual Aggregated,2026-08-21T05:46:03Z
2026-08-21T05:45:14Z,2026-08-21T07:45:14+0200,fefc4afd-8e33-4cd6-bf77-d9db44894bfe,2026-08-11T02:00:00Z,2026-08-11T04:00:00+0200,316.5325,MW,BE,BE,actual_offshore_wind_generation,Wind Offshore | Actual Aggregated,2026-08-21T05:46:03Z
2026-08-21T05:45:14Z,2026-08-21T07:45:14+0200,fefc4afd-8e33-4cd6-bf77-d9db44894bfe,2026-08-11T03:00:00Z,2026-08-11T05:00:00+0200,289.5325,MW,BE,BE,actual_offshore_wind_generation,Wind Offshore | Actual Aggregated,2026-08-21T05:46:03Z
2026-08-21T05:45:14Z,2026-08-21T07:45:14+0200,fefc4afd-8e33-4cd6-bf77-d9db44894bfe,2026-08-11T04:00:00Z,2026-08-11T06:00:00+0200,322.1075,MW,BE,BE,actual_offshore_wind_generation,Wind Offshore | Actual Aggregated,2026-08-21T05:46:03Z
2026-08-21T05:45:14Z,2026-08-21T07:45:14+0200,fefc4afd-8e33-4cd6-bf77-d9db44894bfe,2026-08-11T05:00:00Z,2026-08-11T07:00:00+0200,444.8175,MW,BE,BE,actual_offshore_wind_generation,Wind Offshore | Actual Aggregated,2026-08-21T05:46:03Z
2026-08-21T05:45:14Z,2026-08-21T07:45:14+0200,fefc4afd-8e33-4cd6-bf77-d9db44894bfe,2026-08-11T06:00:00Z,2026-08-11T08:00:00+0200,397.795,MW,BE,BE,actual_offshore_wind_generation,Wind Offshore | Actual Aggregated,2026-08-21T05:46:03Z
2026-08-21T05:45:14Z,2026-08-21T07:45:14+0200,fefc4afd-8e33-4cd6-bf77-d9db44894bfe,2026-08-11T07:00:00Z,2026-08-11T09:00:00+0200,310.69,MW,BE,BE,actual_offshore_wind_generation,Wind Offshore | Actual Aggregated,2026-08-21T05:46:03Z
2026-08-21T05:45:14Z,2026-08-21T07:45:14+0200,fefc4afd-8e33-4cd6-bf77-d9db44894bfe,2026-08-11T08:00:00Z,2026-08-11T10:00:00+0200,266.435,MW,BE,BE,actual_offshore_wind_generation,Wind Offshore | Actual Aggregated,2026-08-21T05:46:03Z
2026-08-21T05:45:14Z,2026-08-21T07:45:14+0200,fefc4afd-8e33-4cd6-bf77-d9db44894bfe,2026-08-11T09:00:00Z,2026-08-11T11:00:00+0200,384.5725,MW,BE,BE,actual_offshore_wind_generation,Wind Offshore | Actual Aggregated,2026-08-21T05:46:03Z
2026-08-21T05:45:14Z,2026-08-21T07:45:14+0200,fefc4afd-8e33-4cd6-bf77-d9db44894bfe,2026-08-11T10:00:00Z,2026-08-11T12:00:00+0200,521.13,MW,BE,BE,actual_offshore_wind_generation,Wind Offshore | Actual Aggregated,2026-08-21T05:46:03Z
2026-08-21T05:45:14Z,2026-08-21T07:45:14+0200,fefc4afd-8e33-4cd6-bf77-d9db44894bfe,2026-08-11T11:00:00Z,2026-08-11T13:00:00+0200,545.6525,MW,BE,BE,actual_offshore_wind_generation,Wind Offshore | Actual Aggregated,2026-08-21T05:46:03Z
2026-08-21T05:45:14Z,2026-08-21T07:45:14+0200,fefc4afd-8e33-4cd6-bf77-d9db44894bfe,2026-08-11T12:00:00Z,2026-08-11T14:00:00+0200,528.0425,MW,BE,BE,actual_offshore_wind_generation,Wind Offshore | Actual Aggregated,2026-08-21T05:46:03Z
2026-08-21T05:45:14Z,2026-08-21T07:45:14+0200,fefc4afd-8e33-4cd6-bf77-d9db44894bfe,2026-08-11T13:00:00Z,2026-08-11T15:00:00+0200,517.17,MW,BE,BE,actual_offshore_wind_generation,Wind Offshore | Actual Aggregated,2026-08-21T05:46:03Z
2026-08-21T05:45:14Z,2026-08-21T07:45:14+0200,fefc4afd-8e33-4cd6-bf77-d9db44894bfe,2026-08-11T14:00:00Z,2026-08-11T16:00:00+0200,516.49,MW,BE,BE,actual_offshore_wind_generation,Wind Offshore | Actual Aggregated,2026-08-21T05:46:03Z
2026-08-21T05:45:14Z,2026-08-21T07:45:14+0200,fefc4afd-8e33-4cd6-bf77-d9db44894bfe,2026-08-11T15:00:00Z,2026-08-11T17:00:00+0200,556.5825,MW,BE,BE,actual_offshore_wind_generation,Wind Offshore | Actual Aggregated,2026-08-21T05:46:03Z
2026-08-21T05:45:14Z,2026-08-21T07:45:14+0200,fefc4afd-8e33-4cd6-bf77-d9db44894bfe,2026-08-11T16:00:00Z,2026-08-11T18:00:00+0200,750.425,MW,BE,BE,actual_offshore_wind_generation,Wind Offshore | Actual Aggregated,2026-08-21T05:46:03Z
2026-08-21T05:45:14Z,2026-08-21T07:45:14+0200,fefc4afd-8e33-4cd6-bf77-d9db44894bfe,2026-08-11T17:00:00Z,2026-08-11T19:00:00+0200,942.3425,MW,BE,BE,actual_offshore_wind_generation,Wind Offshore | Actual Aggregated,2026-08-21T05:46:03Z
2026-08-21T05:45:14Z,2026-08-21T07:45:14+0200,fefc4afd-8e33-4cd6-bf77-d9db44894bfe,2026-08-11T18:00:00Z,2026-08-11T20:00:00+0200,927.8125,MW,BE,BE,actual_offshore_wind_generation,Wind Offshore | Actual Aggregated,2026-08-21T05:46:03Z
2026-08-21T05:45:14Z,2026-08-21T07:45:14+0200,fefc4afd-8e33-4cd6-bf77-d9db44894bfe,2026-08-11T19:00:00Z,2026-08-11T21:00:00+0200,1070.53,MW,BE,BE,actual_offshore_wind_generation,Wind Offshore | Actual Aggregated,2026-08-21T05:46:03Z
2026-08-21T05:45:14Z,2026-08-21T07:45:14+0200,fefc4afd-8e33-4cd6-bf77-d9db44894bfe,2026-08-11T20:00:00Z,2026-08-11T22:00:00+0200,1129.7425,MW,BE,BE,actual_offshore_wind_generation,Wind Offshore | Actual Aggregated,2026-08-21T05:46:03Z
2026-08-21T05:45:14Z,2026-08-21T07:45:14+0200,fefc4afd-8e33-4cd6-bf77-d9db44894bfe,2026-08-11T21:00:00Z,2026-08-11T23:00:00+0200,1231.4925,MW,BE,BE,actual_offshore_wind_generation,Wind Offshore | Actual Aggregated,2026-08-21T05:46:03Z
2026-08-21T05:45:14Z,2026-08-21T07:45:14+0200,fefc4afd-8e33-4cd6-bf77-d9db44894bfe,2026-08-11T22:00:00Z,2026-08-12T00:00:00+0200,1169.235,MW,BE,BE,actual_offshore_wind_generation,Wind Offshore | Actual Aggregated,2026-08-21T05:46:03Z
2026-08-21T05:45:14Z,2026-08-21T07:45:14+0200,fefc4afd-8e33-4cd6-bf77-d9db44894bfe,2026-08-11T23:00:00Z,2026-08-12T01:00:00+0200,1015.2775,MW,BE,BE,actual_offshore_wind_generation,Wind Offshore | Actual Aggregated,2026-08-21T05:46:03Z
2026-08-21T05:45:14Z,2026-08-21T07:45:14+0200,fefc4afd-8e33-4cd6-bf77-d9db44894bfe,2026-08-12T00:00:00Z,2026-08-12T02:00:00+0200,941.395,MW,BE,BE,actual_offshore_wind_generation,Wind Offshore | Actual Aggregated,2026-08-21T05:46:03Z
2026-08-21T05:45:14Z,2026-08-21T07:45:14+0200,fefc4afd-8e33-4cd6-bf77-d9db44894bfe,2026-08-12T01:00:00Z,2026-08-12T03:00:00+0200,831.24,MW,BE,BE,actual_offshore_wind_generation,Wind Offshore | Actual Aggregated,2026-08-21T05:46:03Z
2026-08-21T05:45:14Z,2026-08-21T07:45:14+0200,fefc4afd-8e33-4cd6-bf77-d9db44894bfe,2026-08-12T02:00:00Z,2026-08-12T04:00:00+0200,775.595,MW,BE,BE,actual_offshore_wind_generation,Wind Offshore | Actual Aggregated,2026-08-21T05:46:03Z
2026-08-21T05:45:14Z,2026-08-21T07:45:14+0200,fefc4afd-8e33-4cd6-bf77-d9db44894bfe,2026-08-12T03:00:00Z,2026-08-12T05:00:00+0200,742.7475,MW,BE,BE,actual_offshore_wind_generation,Wind Offshore | Actual Aggregated,2026-08-21T05:46:03Z
2026-08-21T05:45:14Z,2026-08-21T07:45:14+0200,fefc4afd-8e33-4cd6-bf77-d9db44894bfe,2026-08-12T04:00:00Z,2026-08-12T06:00:00+0200,678.67,MW,BE,BE,actual_offshore_wind_generation,Wind Offshore | Actual Aggregated,2026-08-21T05:46:03Z
2026-08-21T05:45:14Z,2026-08-21T07:45:14+0200,fefc4afd-8e33-4cd6-bf77-d9db44894bfe,2026-08-12T05:00:00Z,2026-08-12T07:00:00+0200,573.175,MW,BE,BE,actual_offshore_wind_generation,Wind Offshore | Actual Aggregated,2026-08-21T05:46:03Z
2026-08-21T05:45:14Z,2026-08-21T07:45:14+0200,fefc4afd-8e33-4cd6-bf77-d9db44894bfe,2026-08-12T06:00:00Z,2026-08-12T08:00:00+0200,418.5775,MW,BE,BE,actual_offshore_wind_generation,Wind Offshore | Actual Aggregated,2026-08-21T05:46:03Z
2026-08-21T05:45:14Z,2026-08-21T07:45:14+0200,fefc4afd-8e33-4cd6-bf77-d9db44894bfe,2026-08-12T07:00:00Z,2026-08-12T09:00:00+0200,326.715,MW,BE,BE,actual_offshore_wind_generation,Wind Offshore | Actual Aggregated,2026-08-21T05:46:03Z
2026-08-21T05:45:14Z,2026-08-21T07:45:14+0200,fefc4afd-8e33-4cd6-bf77-d9db44894bfe,2026-08-12T08:00:00Z,2026-08-12T10:00:00+0200,249.2975,MW,BE,BE,actual_offshore_wind_generation,Wind Offshore | Actual Aggregated,2026-08-21T05:46:03Z
2026-08-21T05:45:14Z,2026-08-21T07:45:14+0200,fefc4afd-8e33-4cd6-bf77-d9db44894bfe,2026-08-12T09:00:00Z,2026-08-12T11:00:00+0200,164.9,MW,BE,BE,actual_offshore_wind_generation,Wind Offshore | Actual Aggregated,2026-08-21T05:46:03Z
2026-08-21T05:45:14Z,2026-08-21T07:45:14+0200,fefc4afd-8e33-4cd6-bf77-d9db44894bfe,2026-08-12T10:00:00Z,2026-08-12T12:00:00+0200,124.715,MW,BE,BE,actual_offshore_wind_generation,Wind Offshore | Actual Aggregated,2026-08-21T05:46:03Z
2026-08-21T05:45:14Z,2026-08-21T07:45:14+0200,fefc4afd-8e33-4cd6-bf77-d9db44894bfe,2026-08-12T11:00:00Z,2026-08-12T13:00:00+0200,88.6625,MW,BE,BE,actual_offshore_wind_generation,Wind Offshore | Actual Aggregated,2026-08-21T05:46:03Z
2026-08-21T05:45:14Z,2026-08-21T07:45:14+0200,fefc4afd-8e33-4cd6-bf77-d9db44894bfe,2026-08-12T12:00:00Z,2026-08-12T14:00:00+0200,73.3675,MW,BE,BE,actual_offshore_wind_generation,Wind Offshore | Actual Aggregated,2026-08-21T05:46:03Z
2026-08-21T05:45:14Z,2026-08-21T07:45:14+0200,fefc4afd-8e33-4cd6-bf77-d9db44894bfe,2026-08-12T13:00:00Z,2026-08-12T15:00:00+0200,48.1925,MW,BE,BE,actual_offshore_wind_generation,Wind Offshore | Actual Aggregated,2026-08-21T05:46:03Z
2026-08-21T05:45:14Z,2026-08-21T07:45:14+0200,fefc4afd-8e33-4cd6-bf77-d9db44894bfe,2026-08-12T14:00:00Z,2026-08-12T16:00:00+0200,22.83,MW,BE,BE,actual_offshore_wind_generation,Wind Offshore | Actual Aggregated,2026-08-21T05:46:03Z
2026-08-21T05:45:14Z,2026-08-21T07:45:14+0200,fefc4afd-8e33-4cd6-bf77-d9db44894bfe,2026-08-12T15:00:00Z,2026-08-12T17:00:00+0200,90.3225,MW,BE,BE,actual_offshore_wind_generation,Wind Offshore | Actual Aggregated,2026-08-21T05:46:03Z
2026-08-21T05:45:14Z,2026-08-21T07:45:14+0200,fefc4afd-8e33-4cd6-bf77-d9db44894bfe,2026-08-12T16:00:00Z,2026-08-12T18:00:00+0200,145.3675,MW,BE,BE,actual_offshore_wind_generation,Wind Offshore | Actual Aggregated,2026-08-21T05:46:03Z
2026-08-21T05:45:14Z,2026-08-21T07:45:14+0200,fefc4afd-8e33-4cd6-bf77-d9db44894bfe,2026-08-12T17:00:00Z,2026-08-12T19:00:00+0200,239.1225,MW,BE,BE,actual_offshore_wind_generation,Wind Offshore | Actual Aggregated,2026-08-21T05:46:03Z
2026-08-21T05:45:14Z,2026-08-21T07:45:14+0200,fefc4afd-8e33-4cd6-bf77-d9db44894bfe,2026-08-12T18:00:00Z,2026-08-12T20:00:00+0200,269.3125,MW,BE,BE,actual_offshore_wind_generation,Wind Offshore | Actual Aggregated,2026-08-21T05:46:03Z
2026-08-21T05:45:14Z,2026-08-21T07:45:14+0200,fefc4afd-8e33-4cd6-bf77-d9db44894bfe,2026-08-12T19:00:00Z,2026-08-12T21:00:00+0200,348.615,MW,BE,BE,actual_offshore_wind_generation,Wind Offshore | Actual Aggregated,2026-08-21T05:46:03Z
2026-08-21T05:45:14Z,2026-08-21T07:45:14+0200,fefc4afd-8e33-4cd6-bf77-d9db44894bfe,2026-08-12T20:00:00Z,2026-08-12T22:00:00+0200,395.765,MW,BE,BE,actual_offshore_wind_generation,Wind Offshore | Actual Aggregated,2026-08-21T05:46:03Z
2026-08-21T05:45:14Z,2026-08-21T07:45:14+0200,fefc4afd-8e33-4cd6-bf77-d9db44894bfe,2026-08-12T21:00:00Z,2026-08-12T23:00:00+0200,439.5675,MW,BE,BE,actual_offshore_wind_generation,Wind Offshore | Actual Aggregated,2026-08-21T05:46:03Z
2026-08-21T05:45:14Z,2026-08-21T07:45:14+0200,fefc4afd-8e33-4cd6-bf77-d9db44894bfe,2026-08-12T22:00:00Z,2026-08-13T00:00:00+0200,417.31,MW,BE,BE,actual_offshore_wind_generation,Wind Offshore | Actual Aggregated,2026-08-21T05:46:03Z
2026-08-21T05:45:14Z,2026-08-21T07:45:14+0200,fefc4afd-8e33-4cd6-bf77-d9db44894bfe,2026-08-12T23:00:00Z,2026-08-13T01:00:00+0200,346.53,MW,BE,BE,actual_offshore_wind_generation,Wind Offshore | Actual Aggregated,2026-08-21T05:46:03Z
2026-08-21T05:45:14Z,2026-08-21T07:45:14+0200,fefc4afd-8e33-4cd6-bf77-d9db44894bfe,2026-08-13T00:00:00Z,2026-08-13T02:00:00+0200,228.4775,MW,BE,BE,actual_offshore_wind_generation,Wind Offshore | Actual Aggregated,2026-08-21T05:46:03Z
2026-08-21T05:45:14Z,2026-08-21T07:45:14+0200,fefc4afd-8e33-4cd6-bf77-d9db44894bfe,2026-08-13T01:00:00Z,2026-08-13T03:00:00+0200,136.5675,MW,BE,BE,actual_offshore_wind_generation,Wind Offshore | Actual Aggregated,2026-08-21T05:46:03Z
2026-08-21T05:45:14Z,2026-08-21T07:45:14+0200,fefc4afd-8e33-4cd6-bf77-d9db44894bfe,2026-08-13T02:00:00Z,2026-08-13T04:00:00+0200,105.9875,MW,BE,BE,actual_offshore_wind_generation,Wind Offshore | Actual Aggregated,2026-08-21T05:46:03Z
2026-08-21T05:45:14Z,2026-08-21T07:45:14+0200,fefc4afd-8e33-4cd6-bf77-d9db44894bfe,2026-08-13T03:00:00Z,2026-08-13T05:00:00+0200,93.1275,MW,BE,BE,actual_offshore_wind_generation,Wind Offshore | Actual Aggregated,2026-08-21T05:46:03Z
2026-08-21T05:45:14Z,2026-08-21T07:45:14+0200,fefc4afd-8e33-4cd6-bf77-d9db44894bfe,2026-08-13T04:00:00Z,2026-08-13T06:00:00+0200,59.095,MW,BE,BE,actual_offshore_wind_generation,Wind Offshore | Actual Aggregated,2026-08-21T05:46:03Z
2026-08-21T05:45:14Z,2026-08-21T07:45:14+0200,fefc4afd-8e33-4cd6-bf77-d9db44894bfe,2026-08-13T05:00:00Z,2026-08-13T07:00:00+0200,11.3025,MW,BE,BE,actual_offshore_wind_generation,Wind Offshore | Actual Aggregated,2026-08-21T05:46:03Z
2026-08-21T05:45:14Z,2026-08-21T07:45:14+0200,fefc4afd-8e33-4cd6-bf77-d9db44894bfe,2026-08-13T05:00:00Z,2026-08-13T07:00:00+0200,1.0275,MW,BE,BE,actual_offshore_wind_generation,Wind Offshore | Actual Consumption,2026-08-21T05:46:03Z
2026-08-21T05:45:14Z,2026-08-21T07:45:14+0200,fefc4afd-8e33-4cd6-bf77-d9db44894bfe,2026-08-13T06:00:00Z,2026-08-13T08:00:00+0200,4.16,MW,BE,BE,actual_offshore_wind_generation,Wind Offshore | Actual Consumption,2026-08-21T05:46:03Z
2026-08-21T05:45:14Z,2026-08-21T07:45:14+0200,fefc4afd-8e33-4cd6-bf77-d9db44894bfe,2026-08-13T07:00:00Z,2026-08-13T09:00:00+0200,10.005,MW,BE,BE,actual_offshore_wind_generation,Wind Offshore | Actual Consumption,2026-08-21T05:46:03Z
2026-08-21T05:45:14Z,2026-08-21T07:45:14+0200,fefc4afd-8e33-4cd6-bf77-d9db44894bfe,2026-08-13T08:00:00Z,2026-08-13T10:00:00+0200,1.7825,MW,BE,BE,actual_offshore_wind_generation,Wind Offshore | Actual Aggregated,2026-08-21T05:46:03Z
2026-08-21T05:45:14Z,2026-08-21T07:45:14+0200,fefc4afd-8e33-4cd6-bf77-d9db44894bfe,2026-08-13T08:00:00Z,2026-08-13T10:00:00+0200,2.4225,MW,BE,BE,actual_offshore_wind_generation,Wind Offshore | Actual Consumption,2026-08-21T05:46:03Z
2026-08-21T05:45:14Z,2026-08-21T07:45:14+0200,fefc4afd-8e33-4cd6-bf77-d9db44894bfe,2026-08-13T09:00:00Z,2026-08-13T11:00:00+0200,22.455,MW,BE,BE,actual_offshore_wind_generation,Wind Offshore | Actual Consumption,2026-08-21T05:46:03Z
2026-08-21T05:45:14Z,2026-08-21T07:45:14+0200,fefc4afd-8e33-4cd6-bf77-d9db44894bfe,2026-08-13T10:00:00Z,2026-08-13T12:00:00+0200,28.165,MW,BE,BE,actual_offshore_wind_generation,Wind Offshore | Actual Consumption,2026-08-21T05:46:03Z
2026-08-21T05:45:14Z,2026-08-21T07:45:14+0200,fefc4afd-8e33-4cd6-bf77-d9db44894bfe,2026-08-13T11:00:00Z,2026-08-13T13:00:00+0200,27.81,MW,BE,BE,actual_offshore_wind_generation,Wind Offshore | Actual Consumption,2026-08-21T05:46:03Z
2026-08-21T05:45:14Z,2026-08-21T07:45:14+0200,fefc4afd-8e33-4cd6-bf77-d9db44894bfe,2026-08-13T12:00:00Z,2026-08-13T14:00:00+0200,30.12,MW,BE,BE,actual_offshore_wind_generation,Wind Offshore | Actual Consumption,2026-08-21T05:46:03Z
2026-08-21T05:45:14Z,2026-08-21T07:45:14+0200,fefc4afd-8e33-4cd6-bf77-d9db44894bfe,2026-08-13T13:00:00Z,2026-08-13T15:00:00+0200,27.65,MW,BE,BE,actual_offshore_wind_generation,Wind Offshore | Actual Consumption,2026-08-21T05:46:03Z
2026-08-21T05:45:14Z,2026-08-21T07:45:14+0200,fefc4afd-8e33-4cd6-bf77-d9db44894bfe,2026-08-13T14:00:00Z,2026-08-13T16:00:00+0200,25.55,MW,BE,BE,actual_offshore_wind_generation,Wind Offshore | Actual Consumption,2026-08-21T05:46:03Z
2026-08-21T05:45:14Z,2026-08-21T07:45:14+0200,fefc4afd-8e33-4cd6-bf77-d9db44894bfe,2026-08-13T15:00:00Z,2026-08-13T17:00:00+0200,28.1175,MW,BE,BE,actual_offshore_wind_generation,Wind Offshore | Actual Consumption,2026-08-21T05:46:03Z
2026-08-21T05:45:14Z,2026-08-21T07:45:14+0200,fefc4afd-8e33-4cd6-bf77-d9db44894bfe,2026-08-13T16:00:00Z,2026-08-13T18:00:00+0200,27.67,MW,BE,BE,actual_offshore_wind_generation,Wind Offshore | Actual Consumption,2026-08-21T05:46:03Z
2026-08-21T05:45:14Z,2026-08-21T07:45:14+0200,fefc4afd-8e33-4cd6-bf77-d9db44894bfe,2026-08-13T17:00:00Z,2026-08-13T19:00:00+0200,18.59,MW,BE,BE,actual_offshore_wind_generation,Wind Offshore | Actual Consumption,2026-08-21T05:46:03Z
2026-08-21T05:45:14Z,2026-08-21T07:45:14+0200,fefc4afd-8e33-4cd6-bf77-d9db44894bfe,2026-08-13T18:00:00Z,2026-08-13T20:00:00+0200,25.4625,MW,BE,BE,actual_offshore_wind_generation,Wind Offshore | Actual Consumption,2026-08-21T05:46:03Z
2026-08-21T05:45:14Z,2026-08-21T07:45:14+0200,fefc4afd-8e33-4cd6-bf77-d9db44894bfe,2026-08-13T19:00:00Z,2026-08-13T21:00:00+0200,28.8025,MW,BE,BE,actual_offshore_wind_generation,Wind Offshore | Actual Consumption,2026-08-21T05:46:03Z
2026-08-21T05:45:14Z,2026-08-21T07:45:14+0200,fefc4afd-8e33-4cd6-bf77-d9db44894bfe,2026-08-13T20:00:00Z,2026-08-13T22:00:00+0200,31.3225,MW,BE,BE,actual_offshore_wind_generation,Wind Offshore | Actual Consumption,2026-08-21T05:46:03Z
2026-08-21T05:45:14Z,2026-08-21T07:45:14+0200,fefc4afd-8e33-4cd6-bf77-d9db44894bfe,2026-08-13T21:00:00Z,2026-08-13T23:00:00+0200,30.495,MW,BE,BE,actual_offshore_wind_generation,Wind Offshore | Actual Consumption,2026-08-21T05:46:03Z
2026-08-21T05:45:14Z,2026-08-21T07:45:14+0200,fefc4afd-8e33-4cd6-bf77-d9db44894bfe,2026-08-13T22:00:00Z,2026-08-14T00:00:00+0200,27.9925,MW,BE,BE,actual_offshore_wind_generation,Wind Offshore | Actual Consumption,2026-08-21T05:46:03Z
2026-08-21T05:45:14Z,2026-08-21T07:45:14+0200,fefc4afd-8e33-4cd6-bf77-d9db44894bfe,2026-08-13T23:00:00Z,2026-08-14T01:00:00+0200,24.1075,MW,BE,BE,actual_offshore_wind_generation,Wind Offshore | Actual Consumption,2026-08-21T05:46:03Z
2026-08-21T05:45:14Z,2026-08-21T07:45:14+0200,fefc4afd-8e33-4cd6-bf77-d9db44894bfe,2026-08-14T00:00:00Z,2026-08-14T02:00:00+0200,24.635,MW,BE,BE,actual_offshore_wind_generation,Wind Offshore | Actual Consumption,2026-08-21T05:46:03Z
2026-08-21T05:45:14Z,2026-08-21T07:45:14+0200,fefc4afd-8e33-4cd6-bf77-d9db44894bfe,2026-08-14T01:00:00Z,2026-08-14T03:00:00+0200,26.8475,MW,BE,BE,actual_offshore_wind_generation,Wind Offshore | Actual Consumption,2026-08-21T05:46:03Z
2026-08-21T05:45:14Z,2026-08-21T07:45:14+0200,fefc4afd-8e33-4cd6-bf77-d9db44894bfe,2026-08-14T02:00:00Z,2026-08-14T04:00:00+0200,25.96,MW,BE,BE,actual_offshore_wind_generation,Wind Offshore | Actual Consumption,2026-08-21T05:46:03Z
2026-08-21T05:45:14Z,2026-08-21T07:45:14+0200,fefc4afd-8e33-4cd6-bf77-d9db44894bfe,2026-08-14T03:00:00Z,2026-08-14T05:00:00+0200,41.6925,MW,BE,BE,actual_offshore_wind_generation,Wind Offshore | Actual Aggregated,2026-08-21T05:46:03Z
2026-08-21T05:45:14Z,2026-08-21T07:45:14+0200,fefc4afd-8e33-4cd6-bf77-d9db44894bfe,2026-08-14T03:00:00Z,2026-08-14T05:00:00+0200,4.425,MW,BE,BE,actual_offshore_wind_generation,Wind Offshore | Actual Consumption,2026-08-21T05:46:03Z
2026-08-21T05:45:14Z,2026-08-21T07:45:14+0200,fefc4afd-8e33-4cd6-bf77-d9db44894bfe,2026-08-14T04:00:00Z,2026-08-14T06:00:00+0200,21.69,MW,BE,BE,actual_offshore_wind_generation,Wind Offshore | Actual Aggregated,2026-08-21T05:46:03Z
2026-08-21T05:45:14Z,2026-08-21T07:45:14+0200,fefc4afd-8e33-4cd6-bf77-d9db44894bfe,2026-08-14T04:00:00Z,2026-08-14T06:00:00+0200,0.76,MW,BE,BE,actual_offshore_wind_generation,Wind Offshore | Actual Consumption,2026-08-21T05:46:03Z
2026-08-21T05:45:14Z,2026-08-21T07:45:14+0200,fefc4afd-8e33-4cd6-bf77-d9db44894bfe,2026-08-14T05:00:00Z,2026-08-14T07:00:00+0200,23.345,MW,BE,BE,actual_offshore_wind_generation,Wind Offshore | Actual Consumption,2026-08-21T05:46:03Z
2026-08-21T05:45:14Z,2026-08-21T07:45:14+0200,fefc4afd-8e33-4cd6-bf77-d9db44894bfe,2026-08-14T06:00:00Z,2026-08-14T08:00:00+0200,28.265,MW,BE,BE,actual_offshore_wind_generation,Wind Offshore | Actual Consumption,2026-08-21T05:46:03Z
2026-08-21T05:45:14Z,2026-08-21T07:45:14+0200,fefc4afd-8e33-4cd6-bf77-d9db44894bfe,2026-08-14T07:00:00Z,2026-08-14T09:00:00+0200,29.825,MW,BE,BE,actual_offshore_wind_generation,Wind Offshore | Actual Consumption,2026-08-21T05:46:03Z
2026-08-21T05:45:14Z,2026-08-21T07:45:14+0200,fefc4afd-8e33-4cd6-bf77-d9db44894bfe,2026-08-14T08:00:00Z,2026-08-14T10:00:00+0200,29.5075,MW,BE,BE,actual_offshore_wind_generation,Wind Offshore | Actual Consumption,2026-08-21T05:46:03Z
2026-08-21T05:45:14Z,2026-08-21T07:45:14+0200,fefc4afd-8e33-4cd6-bf77-d9db44894bfe,2026-08-14T09:00:00Z,2026-08-14T11:00:00+0200,28.285,MW,BE,BE,actual_offshore_wind_generation,Wind Offshore | Actual Consumption,2026-08-21T05:46:03Z
2026-08-21T05:45:14Z,2026-08-21T07:45:14+0200,fefc4afd-8e33-4cd6-bf77-d9db44894bfe,2026-08-14T10:00:00Z,2026-08-14T12:00:00+0200,0.0525,MW,BE,BE,actual_offshore_wind_generation,Wind Offshore | Actual Aggregated,2026-08-21T05:46:03Z
2026-08-21T05:45:14Z,2026-08-21T07:45:14+0200,fefc4afd-8e33-4cd6-bf77-d9db44894bfe,2026-08-14T10:00:00Z,2026-08-14T12:00:00+0200,13.96,MW,BE,BE,actual_offshore_wind_generation,Wind Offshore | Actual Consumption,2026-08-21T05:46:03Z
2026-08-21T05:45:14Z,2026-08-21T07:45:14+0200,fefc4afd-8e33-4cd6-bf77-d9db44894bfe,2026-08-14T11:00:00Z,2026-08-14T13:00:00+0200,16.7925,MW,BE,BE,actual_offshore_wind_generation,Wind Offshore | Actual Consumption,2026-08-21T05:46:03Z
2026-08-21T05:45:14Z,2026-08-21T07:45:14+0200,fefc4afd-8e33-4cd6-bf77-d9db44894bfe,2026-08-14T12:00:00Z,2026-08-14T14:00:00+0200,20.9,MW,BE,BE,actual_offshore_wind_generation,Wind Offshore | Actual Consumption,2026-08-21T05:46:03Z
2026-08-21T05:45:14Z,2026-08-21T07:45:14+0200,fefc4afd-8e33-4cd6-bf77-d9db44894bfe,2026-08-14T13:00:00Z,2026-08-14T15:00:00+0200,17.3875,MW,BE,BE,actual_offshore_wind_generation,Wind Offshore | Actual Consumption,2026-08-21T05:46:03Z
2026-08-21T05:45:14Z,2026-08-21T07:45:14+0200,fefc4afd-8e33-4cd6-bf77-d9db44894bfe,2026-08-14T14:00:00Z,2026-08-14T16:00:00+0200,2.2525,MW,BE,BE,actual_offshore_wind_generation,Wind Offshore | Actual Aggregated,2026-08-21T05:46:03Z
2026-08-21T05:45:14Z,2026-08-21T07:45:14+0200,fefc4afd-8e33-4cd6-bf77-d9db44894bfe,2026-08-14T14:00:00Z,2026-08-14T16:00:00+0200,10.83,MW,BE,BE,actual_offshore_wind_generation,Wind Offshore | Actual Consumption,2026-08-21T05:46:03Z
2026-08-21T05:45:14Z,2026-08-21T07:45:14+0200,fefc4afd-8e33-4cd6-bf77-d9db44894bfe,2026-08-14T15:00:00Z,2026-08-14T17:00:00+0200,54.7125,MW,BE,BE,actual_offshore_wind_generation,Wind Offshore | Actual Aggregated,2026-08-21T05:46:03Z
2026-08-21T05:45:14Z,2026-08-21T07:45:14+0200,fefc4afd-8e33-4cd6-bf77-d9db44894bfe,2026-08-14T16:00:00Z,2026-08-14T18:00:00+0200,109.105,MW,BE,BE,actual_offshore_wind_generation,Wind Offshore | Actual Aggregated,2026-08-21T05:46:03Z
2026-08-21T05:45:14Z,2026-08-21T07:45:14+0200,fefc4afd-8e33-4cd6-bf77-d9db44894bfe,2026-08-14T17:00:00Z,2026-08-14T19:00:00+0200,127.645,MW,BE,BE,actual_offshore_wind_generation,Wind Offshore | Actual Aggregated,2026-08-21T05:46:03Z
2026-08-21T05:45:14Z,2026-08-21T07:45:14+0200,fefc4afd-8e33-4cd6-bf77-d9db44894bfe,2026-08-14T18:00:00Z,2026-08-14T20:00:00+0200,182.3725,MW,BE,BE,actual_offshore_wind_generation,Wind Offshore | Actual Aggregated,2026-08-21T05:46:03Z
2026-08-21T05:45:14Z,2026-08-21T07:45:14+0200,fefc4afd-8e33-4cd6-bf77-d9db44894bfe,2026-08-14T19:00:00Z,2026-08-14T21:00:00+0200,216.7725,MW,BE,BE,actual_offshore_wind_generation,Wind Offshore | Actual Aggregated,2026-08-21T05:46:03Z
2026-08-21T05:45:14Z,2026-08-21T07:45:14+0200,fefc4afd-8e33-4cd6-bf77-d9db44894bfe,2026-08-14T20:00:00Z,2026-08-14T22:00:00+0200,273.3125,MW,BE,BE,actual_offshore_wind_generation,Wind Offshore | Actual Aggregated,2026-08-21T05:46:03Z
2026-08-21T05:45:14Z,2026-08-21T07:45:14+0200,fefc4afd-8e33-4cd6-bf77-d9db44894bfe,2026-08-14T21:00:00Z,2026-08-14T23:00:00+0200,242.3175,MW,BE,BE,actual_offshore_wind_generation,Wind Offshore | Actual Aggregated,2026-08-21T05:46:03Z
2026-08-21T05:45:14Z,2026-08-21T07:45:14+0200,fefc4afd-8e33-4cd6-bf77-d9db44894bfe,2026-08-14T22:00:00Z,2026-08-15T00:00:00+0200,197.635,MW,BE,BE,actual_offshore_wind_generation,Wind Offshore | Actual Aggregated,2026-08-21T05:46:03Z
2026-08-21T05:45:14Z,2026-08-21T07:45:14+0200,fefc4afd-8e33-4cd6-bf77-d9db44894bfe,2026-08-14T23:00:00Z,2026-08-15T01:00:00+0200,159.46,MW,BE,BE,actual_offshore_wind_generation,Wind Offshore | Actual Aggregated,2026-08-21T05:46:03Z
2026-08-21T05:45:14Z,2026-08-21T07:45:14+0200,fefc4afd-8e33-4cd6-bf77-d9db44894bfe,2026-08-15T00:00:00Z,2026-08-15T02:00:00+0200,141.2575,MW,BE,BE,actual_offshore_wind_generation,Wind Offshore | Actual Aggregated,2026-08-21T05:46:03Z
2026-08-21T05:45:14Z,2026-08-21T07:45:14+0200,fefc4afd-8e33-4cd6-bf77-d9db44894bfe,2026-08-15T01:00:00Z,2026-08-15T03:00:00+0200,145.8125,MW,BE,BE,actual_offshore_wind_generation,Wind Offshore | Actual Aggregated,2026-08-21T05:46:03Z
2026-08-21T05:45:14Z,2026-08-21T07:45:14+0200,fefc4afd-8e33-4cd6-bf77-d9db44894bfe,2026-08-15T02:00:00Z,2026-08-15T04:00:00+0200,160.345,MW,BE,BE,actual_offshore_wind_generation,Wind Offshore | Actual Aggregated,2026-08-21T05:46:03Z
2026-08-21T05:45:14Z,2026-08-21T07:45:14+0200,fefc4afd-8e33-4cd6-bf77-d9db44894bfe,2026-08-15T03:00:00Z,2026-08-15T05:00:00+0200,192.1625,MW,BE,BE,actual_offshore_wind_generation,Wind Offshore | Actual Aggregated,2026-08-21T05:46:03Z
2026-08-21T05:45:14Z,2026-08-21T07:45:14+0200,fefc4afd-8e33-4cd6-bf77-d9db44894bfe,2026-08-15T04:00:00Z,2026-08-15T06:00:00+0200,76.75,MW,BE,BE,actual_offshore_wind_generation,Wind Offshore | Actual Aggregated,2026-08-21T05:46:03Z
2026-08-21T05:45:14Z,2026-08-21T07:45:14+0200,fefc4afd-8e33-4cd6-bf77-d9db44894bfe,2026-08-15T05:00:00Z,2026-08-15T07:00:00+0200,106.74,MW,BE,BE,actual_offshore_wind_generation,Wind Offshore | Actual Aggregated,2026-08-21T05:46:03Z
2026-08-21T05:45:14Z,2026-08-21T07:45:14+0200,fefc4afd-8e33-4cd6-bf77-d9db44894bfe,2026-08-15T06:00:00Z,2026-08-15T08:00:00+0200,130.53,MW,BE,BE,actual_offshore_wind_generation,Wind Offshore | Actual Aggregated,2026-08-21T05:46:03Z
2026-08-21T05:45:14Z,2026-08-21T07:45:14+0200,fefc4afd-8e33-4cd6-bf77-d9db44894bfe,2026-08-15T07:00:00Z,2026-08-15T09:00:00+0200,139.225,MW,BE,BE,actual_offshore_wind_generation,Wind Offshore | Actual Aggregated,2026-08-21T05:46:03Z
2026-08-21T05:45:14Z,2026-08-21T07:45:14+0200,fefc4afd-8e33-4cd6-bf77-d9db44894bfe,2026-08-15T08:00:00Z,2026-08-15T10:00:00+0200,177.9675,MW,BE,BE,actual_offshore_wind_generation,Wind Offshore | Actual Aggregated,2026-08-21T05:46:03Z
2026-08-21T05:45:14Z,2026-08-21T07:45:14+0200,fefc4afd-8e33-4cd6-bf77-d9db44894bfe,2026-08-15T09:00:00Z,2026-08-15T11:00:00+0200,425.7375,MW,BE,BE,actual_offshore_wind_generation,Wind Offshore | Actual Aggregated,2026-08-21T05:46:03Z
2026-08-21T05:45:14Z,2026-08-21T07:45:14+0200,fefc4afd-8e33-4cd6-bf77-d9db44894bfe,2026-08-15T10:00:00Z,2026-08-15T12:00:00+0200,616.81,MW,BE,BE,actual_offshore_wind_generation,Wind Offshore | Actual Aggregated,2026-08-21T05:46:03Z
2026-08-21T05:45:14Z,2026-08-21T07:45:14+0200,fefc4afd-8e33-4cd6-bf77-d9db44894bfe,2026-08-15T11:00:00Z,2026-08-15T13:00:00+0200,676.48,MW,BE,BE,actual_offshore_wind_generation,Wind Offshore | Actual Aggregated,2026-08-21T05:46:03Z
2026-08-21T05:45:14Z,2026-08-21T07:45:14+0200,fefc4afd-8e33-4cd6-bf77-d9db44894bfe,2026-08-15T12:00:00Z,2026-08-15T14:00:00+0200,659.855,MW,BE,BE,actual_offshore_wind_generation,Wind Offshore | Actual Aggregated,2026-08-21T05:46:03Z
2026-08-21T05:45:14Z,2026-08-21T07:45:14+0200,fefc4afd-8e33-4cd6-bf77-d9db44894bfe,2026-08-15T13:00:00Z,2026-08-15T15:00:00+0200,638.71,MW,BE,BE,actual_offshore_wind_generation,Wind Offshore | Actual Aggregated,2026-08-21T05:46:03Z
2026-08-21T05:45:14Z,2026-08-21T07:45:14+0200,fefc4afd-8e33-4cd6-bf77-d9db44894bfe,2026-08-15T14:00:00Z,2026-08-15T16:00:00+0200,460.965,MW,BE,BE,actual_offshore_wind_generation,Wind Offshore | Actual Aggregated,2026-08-21T05:46:03Z
2026-08-21T05:45:14Z,2026-08-21T07:45:14+0200,fefc4afd-8e33-4cd6-bf77-d9db44894bfe,2026-08-15T15:00:00Z,2026-08-15T17:00:00+0200,297.1575,MW,BE,BE,actual_offshore_wind_generation,Wind Offshore | Actual Aggregated,2026-08-21T05:46:03Z
2026-08-21T05:45:14Z,2026-08-21T07:45:14+0200,fefc4afd-8e33-4cd6-bf77-d9db44894bfe,2026-08-15T16:00:00Z,2026-08-15T18:00:00+0200,513.62,MW,BE,BE,actual_offshore_wind_generation,Wind Offshore | Actual Aggregated,2026-08-21T05:46:03Z
2026-08-21T05:45:14Z,2026-08-21T07:45:14+0200,fefc4afd-8e33-4cd6-bf77-d9db44894bfe,2026-08-15T17:00:00Z,2026-08-15T19:00:00+0200,731.2325,MW,BE,BE,actual_offshore_wind_generation,Wind Offshore | Actual Aggregated,2026-08-21T05:46:03Z
2026-08-21T05:45:14Z,2026-08-21T07:45:14+0200,fefc4afd-8e33-4cd6-bf77-d9db44894bfe,2026-08-15T18:00:00Z,2026-08-15T20:00:00+0200,853.0375,MW,BE,BE,actual_offshore_wind_generation,Wind Offshore | Actual Aggregated,2026-08-21T05:46:03Z
2026-08-21T05:45:14Z,2026-08-21T07:45:14+0200,fefc4afd-8e33-4cd6-bf77-d9db44894bfe,2026-08-15T19:00:00Z,2026-08-15T21:00:00+0200,766.6875,MW,BE,BE,actual_offshore_wind_generation,Wind Offshore | Actual Aggregated,2026-08-21T05:46:03Z
2026-08-21T05:45:14Z,2026-08-21T07:45:14+0200,fefc4afd-8e33-4cd6-bf77-d9db44894bfe,2026-08-15T20:00:00Z,2026-08-15T22:00:00+0200,771.5875,MW,BE,BE,actual_offshore_wind_generation,Wind Offshore | Actual Aggregated,2026-08-21T05:46:03Z
2026-08-21T05:45:14Z,2026-08-21T07:45:14+0200,fefc4afd-8e33-4cd6-bf77-d9db44894bfe,2026-08-15T21:00:00Z,2026-08-15T23:00:00+0200,665.18,MW,BE,BE,actual_offshore_wind_generation,Wind Offshore | Actual Aggregated,2026-08-21T05:46:03Z
2026-08-21T05:45:14Z,2026-08-21T07:45:14+0200,fefc4afd-8e33-4cd6-bf77-d9db44894bfe,2026-08-15T22:00:00Z,2026-08-16T00:00:00+0200,481.8475,MW,BE,BE,actual_offshore_wind_generation,Wind Offshore | Actual Aggregated,2026-08-21T05:46:03Z
2026-08-21T05:45:14Z,2026-08-21T07:45:14+0200,fefc4afd-8e33-4cd6-bf77-d9db44894bfe,2026-08-15T23:00:00Z,2026-08-16T01:00:00+0200,358.1775,MW,BE,BE,actual_offshore_wind_generation,Wind Offshore | Actual Aggregated,2026-08-21T05:46:03Z
2026-08-21T05:45:14Z,2026-08-21T07:45:14+0200,fefc4afd-8e33-4cd6-bf77-d9db44894bfe,2026-08-16T00:00:00Z,2026-08-16T02:00:00+0200,282.0675,MW,BE,BE,actual_offshore_wind_generation,Wind Offshore | Actual Aggregated,2026-08-21T05:46:03Z
2026-08-21T05:45:14Z,2026-08-21T07:45:14+0200,fefc4afd-8e33-4cd6-bf77-d9db44894bfe,2026-08-16T01:00:00Z,2026-08-16T03:00:00+0200,235.89,MW,BE,BE,actual_offshore_wind_generation,Wind Offshore | Actual Aggregated,2026-08-21T05:46:03Z
2026-08-21T05:45:14Z,2026-08-21T07:45:14+0200,fefc4afd-8e33-4cd6-bf77-d9db44894bfe,2026-08-16T02:00:00Z,2026-08-16T04:00:00+0200,156.2475,MW,BE,BE,actual_offshore_wind_generation,Wind Offshore | Actual Aggregated,2026-08-21T05:46:03Z
2026-08-21T05:45:14Z,2026-08-21T07:45:14+0200,fefc4afd-8e33-4cd6-bf77-d9db44894bfe,2026-08-16T03:00:00Z,2026-08-16T05:00:00+0200,108.355,MW,BE,BE,actual_offshore_wind_generation,Wind Offshore | Actual Aggregated,2026-08-21T05:46:03Z
2026-08-21T05:45:14Z,2026-08-21T07:45:14+0200,fefc4afd-8e33-4cd6-bf77-d9db44894bfe,2026-08-16T04:00:00Z,2026-08-16T06:00:00+0200,76.6925,MW,BE,BE,actual_offshore_wind_generation,Wind Offshore | Actual Aggregated,2026-08-21T05:46:03Z
2026-08-21T05:45:14Z,2026-08-21T07:45:14+0200,fefc4afd-8e33-4cd6-bf77-d9db44894bfe,2026-08-16T05:00:00Z,2026-08-16T07:00:00+0200,52.22,MW,BE,BE,actual_offshore_wind_generation,Wind Offshore | Actual Aggregated,2026-08-21T05:46:03Z
2026-08-21T05:45:14Z,2026-08-21T07:45:14+0200,fefc4afd-8e33-4cd6-bf77-d9db44894bfe,2026-08-16T06:00:00Z,2026-08-16T08:00:00+0200,29.765,MW,BE,BE,actual_offshore_wind_generation,Wind Offshore | Actual Aggregated,2026-08-21T05:46:03Z
2026-08-21T05:45:14Z,2026-08-21T07:45:14+0200,fefc4afd-8e33-4cd6-bf77-d9db44894bfe,2026-08-16T07:00:00Z,2026-08-16T09:00:00+0200,32.3525,MW,BE,BE,actual_offshore_wind_generation,Wind Offshore | Actual Aggregated,2026-08-21T05:46:03Z
2026-08-21T05:45:14Z,2026-08-21T07:45:14+0200,fefc4afd-8e33-4cd6-bf77-d9db44894bfe,2026-08-16T08:00:00Z,2026-08-16T10:00:00+0200,15.72,MW,BE,BE,actual_offshore_wind_generation,Wind Offshore | Actual Aggregated,2026-08-21T05:46:03Z
2026-08-21T05:45:14Z,2026-08-21T07:45:14+0200,fefc4afd-8e33-4cd6-bf77-d9db44894bfe,2026-08-16T09:00:00Z,2026-08-16T11:00:00+0200,18.3675,MW,BE,BE,actual_offshore_wind_generation,Wind Offshore | Actual Consumption,2026-08-21T05:46:03Z
2026-08-21T05:45:14Z,2026-08-21T07:45:14+0200,fefc4afd-8e33-4cd6-bf77-d9db44894bfe,2026-08-16T10:00:00Z,2026-08-16T12:00:00+0200,27.035,MW,BE,BE,actual_offshore_wind_generation,Wind Offshore | Actual Consumption,2026-08-21T05:46:03Z
2026-08-21T05:45:14Z,2026-08-21T07:45:14+0200,fefc4afd-8e33-4cd6-bf77-d9db44894bfe,2026-08-16T11:00:00Z,2026-08-16T13:00:00+0200,14.6575,MW,BE,BE,actual_offshore_wind_generation,Wind Offshore | Actual Consumption,2026-08-21T05:46:03Z
2026-08-21T05:45:14Z,2026-08-21T07:45:14+0200,fefc4afd-8e33-4cd6-bf77-d9db44894bfe,2026-08-16T12:00:00Z,2026-08-16T14:00:00+0200,3.24,MW,BE,BE,actual_offshore_wind_generation,Wind Offshore | Actual Aggregated,2026-08-21T05:46:03Z
2026-08-21T05:45:14Z,2026-08-21T07:45:14+0200,fefc4afd-8e33-4cd6-bf77-d9db44894bfe,2026-08-16T12:00:00Z,2026-08-16T14:00:00+0200,5.495,MW,BE,BE,actual_offshore_wind_generation,Wind Offshore | Actual Consumption,2026-08-21T05:46:03Z
2026-08-21T05:45:14Z,2026-08-21T07:45:14+0200,fefc4afd-8e33-4cd6-bf77-d9db44894bfe,2026-08-16T13:00:00Z,2026-08-16T15:00:00+0200,15.6925,MW,BE,BE,actual_offshore_wind_generation,Wind Offshore | Actual Consumption,2026-08-21T05:46:03Z
2026-08-21T05:45:14Z,2026-08-21T07:45:14+0200,fefc4afd-8e33-4cd6-bf77-d9db44894bfe,2026-08-16T14:00:00Z,2026-08-16T16:00:00+0200,27.3925,MW,BE,BE,actual_offshore_wind_generation,Wind Offshore | Actual Consumption,2026-08-21T05:46:03Z
2026-08-21T05:45:14Z,2026-08-21T07:45:14+0200,fefc4afd-8e33-4cd6-bf77-d9db44894bfe,2026-08-16T15:00:00Z,2026-08-16T17:00:00+0200,29.205,MW,BE,BE,actual_offshore_wind_generation,Wind Offshore | Actual Consumption,2026-08-21T05:46:03Z
2026-08-21T05:45:14Z,2026-08-21T07:45:14+0200,fefc4afd-8e33-4cd6-bf77-d9db44894bfe,2026-08-16T16:00:00Z,2026-08-16T18:00:00+0200,27.435,MW,BE,BE,actual_offshore_wind_generation,Wind Offshore | Actual Consumption,2026-08-21T05:46:03Z
2026-08-21T05:45:14Z,2026-08-21T07:45:14+0200,fefc4afd-8e33-4cd6-bf77-d9db44894bfe,2026-08-16T17:00:00Z,2026-08-16T19:00:00+0200,27.7025,MW,BE,BE,actual_offshore_wind_generation,Wind Offshore | Actual Consumption,2026-08-21T05:46:03Z
2026-08-21T05:45:14Z,2026-08-21T07:45:14+0200,fefc4afd-8e33-4cd6-bf77-d9db44894bfe,2026-08-16T18:00:00Z,2026-08-16T20:00:00+0200,25.6525,MW,BE,BE,actual_offshore_wind_generation,Wind Offshore | Actual Consumption,2026-08-21T05:46:03Z
2026-08-21T05:45:14Z,2026-08-21T07:45:14+0200,fefc4afd-8e33-4cd6-bf77-d9db44894bfe,2026-08-16T19:00:00Z,2026-08-16T21:00:00+0200,24.49,MW,BE,BE,actual_offshore_wind_generation,Wind Offshore | Actual Consumption,2026-08-21T05:46:03Z
2026-08-21T05:45:14Z,2026-08-21T07:45:14+0200,fefc4afd-8e33-4cd6-bf77-d9db44894bfe,2026-08-16T20:00:00Z,2026-08-16T22:00:00+0200,23.225,MW,BE,BE,actual_offshore_wind_generation,Wind Offshore | Actual Consumption,2026-08-21T05:46:03Z
2026-08-21T05:45:14Z,2026-08-21T07:45:14+0200,fefc4afd-8e33-4cd6-bf77-d9db44894bfe,2026-08-16T21:00:00Z,2026-08-16T23:00:00+0200,13.5,MW,BE,BE,actual_offshore_wind_generation,Wind Offshore | Actual Consumption,2026-08-21T05:46:03Z
2026-08-21T05:45:14Z,2026-08-21T07:45:14+0200,fefc4afd-8e33-4cd6-bf77-d9db44894bfe,2026-08-16T22:00:00Z,2026-08-17T00:00:00+0200,15.865,MW,BE,BE,actual_offshore_wind_generation,Wind Offshore | Actual Consumption,2026-08-21T05:46:03Z
2026-08-21T05:45:14Z,2026-08-21T07:45:14+0200,fefc4afd-8e33-4cd6-bf77-d9db44894bfe,2026-08-16T23:00:00Z,2026-08-17T01:00:00+0200,10.29,MW,BE,BE,actual_offshore_wind_generation,Wind Offshore | Actual Aggregated,2026-08-21T05:46:03Z
2026-08-21T05:45:14Z,2026-08-21T07:45:14+0200,fefc4afd-8e33-4cd6-bf77-d9db44894bfe,2026-08-16T23:00:00Z,2026-08-17T01:00:00+0200,0.3525,MW,BE,BE,actual_offshore_wind_generation,Wind Offshore | Actual Consumption,2026-08-21T05:46:03Z
2026-08-21T05:45:14Z,2026-08-21T07:45:14+0200,fefc4afd-8e33-4cd6-bf77-d9db44894bfe,2026-08-17T00:00:00Z,2026-08-17T02:00:00+0200,92.6875,MW,BE,BE,actual_offshore_wind_generation,Wind Offshore | Actual Aggregated,2026-08-21T05:46:03Z
2026-08-21T05:45:14Z,2026-08-21T07:45:14+0200,fefc4afd-8e33-4cd6-bf77-d9db44894bfe,2026-08-17T01:00:00Z,2026-08-17T03:00:00+0200,354.4925,MW,BE,BE,actual_offshore_wind_generation,Wind Offshore | Actual Aggregated,2026-08-21T05:46:03Z
2026-08-21T05:45:14Z,2026-08-21T07:45:14+0200,fefc4afd-8e33-4cd6-bf77-d9db44894bfe,2026-08-17T02:00:00Z,2026-08-17T04:00:00+0200,395.935,MW,BE,BE,actual_offshore_wind_generation,Wind Offshore | Actual Aggregated,2026-08-21T05:46:03Z
2026-08-21T05:45:14Z,2026-08-21T07:45:14+0200,fefc4afd-8e33-4cd6-bf77-d9db44894bfe,2026-08-17T03:00:00Z,2026-08-17T05:00:00+0200,563.015,MW,BE,BE,actual_offshore_wind_generation,Wind Offshore | Actual Aggregated,2026-08-21T05:46:03Z
2026-08-21T05:45:14Z,2026-08-21T07:45:14+0200,fefc4afd-8e33-4cd6-bf77-d9db44894bfe,2026-08-17T04:00:00Z,2026-08-17T06:00:00+0200,84.99,MW,BE,BE,actual_offshore_wind_generation,Wind Offshore | Actual Aggregated,2026-08-21T05:46:03Z
2026-08-21T05:45:14Z,2026-08-21T07:45:14+0200,fefc4afd-8e33-4cd6-bf77-d9db44894bfe,2026-08-17T05:00:00Z,2026-08-17T07:00:00+0200,143.28,MW,BE,BE,actual_offshore_wind_generation,Wind Offshore | Actual Aggregated,2026-08-21T05:46:03Z
2026-08-21T05:45:14Z,2026-08-21T07:45:14+0200,fefc4afd-8e33-4cd6-bf77-d9db44894bfe,2026-08-17T06:00:00Z,2026-08-17T08:00:00+0200,147.8625,MW,BE,BE,actual_offshore_wind_generation,Wind Offshore | Actual Aggregated,2026-08-21T05:46:03Z
2026-08-21T05:45:14Z,2026-08-21T07:45:14+0200,fefc4afd-8e33-4cd6-bf77-d9db44894bfe,2026-08-17T07:00:00Z,2026-08-17T09:00:00+0200,54.9525,MW,BE,BE,actual_offshore_wind_generation,Wind Offshore | Actual Aggregated,2026-08-21T05:46:03Z
2026-08-21T05:45:14Z,2026-08-21T07:45:14+0200,fefc4afd-8e33-4cd6-bf77-d9db44894bfe,2026-08-17T08:00:00Z,2026-08-17T10:00:00+0200,14.905,MW,BE,BE,actual_offshore_wind_generation,Wind Offshore | Actual Consumption,2026-08-21T05:46:03Z
2026-08-21T05:45:14Z,2026-08-21T07:45:14+0200,fefc4afd-8e33-4cd6-bf77-d9db44894bfe,2026-08-17T09:00:00Z,2026-08-17T11:00:00+0200,0.1875,MW,BE,BE,actual_offshore_wind_generation,Wind Offshore | Actual Aggregated,2026-08-21T05:46:03Z
2026-08-21T05:45:14Z,2026-08-21T07:45:14+0200,fefc4afd-8e33-4cd6-bf77-d9db44894bfe,2026-08-17T09:00:00Z,2026-08-17T11:00:00+0200,5.5925,MW,BE,BE,actual_offshore_wind_generation,Wind Offshore | Actual Consumption,2026-08-21T05:46:03Z
2026-08-21T05:45:14Z,2026-08-21T07:45:14+0200,fefc4afd-8e33-4cd6-bf77-d9db44894bfe,2026-08-17T10:00:00Z,2026-08-17T12:00:00+0200,21.7675,MW,BE,BE,actual_offshore_wind_generation,Wind Offshore | Actual Consumption,2026-08-21T05:46:03Z
2026-08-21T05:45:14Z,2026-08-21T07:45:14+0200,fefc4afd-8e33-4cd6-bf77-d9db44894bfe,2026-08-17T11:00:00Z,2026-08-17T13:00:00+0200,27.18,MW,BE,BE,actual_offshore_wind_generation,Wind Offshore | Actual Consumption,2026-08-21T05:46:03Z
2026-08-21T05:45:14Z,2026-08-21T07:45:14+0200,fefc4afd-8e33-4cd6-bf77-d9db44894bfe,2026-08-17T12:00:00Z,2026-08-17T14:00:00+0200,26.05,MW,BE,BE,actual_offshore_wind_generation,Wind Offshore | Actual Consumption,2026-08-21T05:46:03Z
2026-08-21T05:45:14Z,2026-08-21T07:45:14+0200,fefc4afd-8e33-4cd6-bf77-d9db44894bfe,2026-08-17T13:00:00Z,2026-08-17T15:00:00+0200,23.22,MW,BE,BE,actual_offshore_wind_generation,Wind Offshore | Actual Consumption,2026-08-21T05:46:03Z
2026-08-21T05:45:14Z,2026-08-21T07:45:14+0200,fefc4afd-8e33-4cd6-bf77-d9db44894bfe,2026-08-17T14:00:00Z,2026-08-17T16:00:00+0200,15.5275,MW,BE,BE,actual_offshore_wind_generation,Wind Offshore | Actual Consumption,2026-08-21T05:46:03Z
2026-08-21T05:45:14Z,2026-08-21T07:45:14+0200,fefc4afd-8e33-4cd6-bf77-d9db44894bfe,2026-08-17T15:00:00Z,2026-08-17T17:00:00+0200,19.5825,MW,BE,BE,actual_offshore_wind_generation,Wind Offshore | Actual Consumption,2026-08-21T05:46:03Z
2026-08-21T05:45:14Z,2026-08-21T07:45:14+0200,fefc4afd-8e33-4cd6-bf77-d9db44894bfe,2026-08-17T16:00:00Z,2026-08-17T18:00:00+0200,22.9525,MW,BE,BE,actual_offshore_wind_generation,Wind Offshore | Actual Consumption,2026-08-21T05:46:03Z
2026-08-21T05:45:14Z,2026-08-21T07:45:14+0200,fefc4afd-8e33-4cd6-bf77-d9db44894bfe,2026-08-17T17:00:00Z,2026-08-17T19:00:00+0200,25.22,MW,BE,BE,actual_offshore_wind_generation,Wind Offshore | Actual Consumption,2026-08-21T05:46:03Z
2026-08-21T05:45:14Z,2026-08-21T07:45:14+0200,fefc4afd-8e33-4cd6-bf77-d9db44894bfe,2026-08-17T18:00:00Z,2026-08-17T20:00:00+0200,25.9275,MW,BE,BE,actual_offshore_wind_generation,Wind Offshore | Actual Consumption,2026-08-21T05:46:03Z
2026-08-21T05:45:14Z,2026-08-21T07:45:14+0200,fefc4afd-8e33-4cd6-bf77-d9db44894bfe,2026-08-17T19:00:00Z,2026-08-17T21:00:00+0200,27.995,MW,BE,BE,actual_offshore_wind_generation,Wind Offshore | Actual Consumption,2026-08-21T05:46:03Z
2026-08-21T05:45:14Z,2026-08-21T07:45:14+0200,fefc4afd-8e33-4cd6-bf77-d9db44894bfe,2026-08-17T20:00:00Z,2026-08-17T22:00:00+0200,1.955,MW,BE,BE,actual_offshore_wind_generation,Wind Offshore | Actual Aggregated,2026-08-21T05:46:03Z
2026-08-21T05:45:14Z,2026-08-21T07:45:14+0200,fefc4afd-8e33-4cd6-bf77-d9db44894bfe,2026-08-17T20:00:00Z,2026-08-17T22:00:00+0200,12.9475,MW,BE,BE,actual_offshore_wind_generation,Wind Offshore | Actual Consumption,2026-08-21T05:46:03Z
2026-08-21T05:45:14Z,2026-08-21T07:45:14+0200,fefc4afd-8e33-4cd6-bf77-d9db44894bfe,2026-08-17T21:00:00Z,2026-08-17T23:00:00+0200,61.53,MW,BE,BE,actual_offshore_wind_generation,Wind Offshore | Actual Aggregated,2026-08-21T05:46:03Z
2026-08-21T05:45:14Z,2026-08-21T07:45:14+0200,fefc4afd-8e33-4cd6-bf77-d9db44894bfe,2026-08-17T22:00:00Z,2026-08-18T00:00:00+0200,185.96325,MW,BE,BE,actual_offshore_wind_generation,Wind Offshore | Actual Aggregated,2026-08-21T05:46:03Z
2026-08-21T05:45:14Z,2026-08-21T07:45:14+0200,fefc4afd-8e33-4cd6-bf77-d9db44894bfe,2026-08-17T23:00:00Z,2026-08-18T01:00:00+0200,333.81925,MW,BE,BE,actual_offshore_wind_generation,Wind Offshore | Actual Aggregated,2026-08-21T05:46:03Z
2026-08-21T05:45:14Z,2026-08-21T07:45:14+0200,fefc4afd-8e33-4cd6-bf77-d9db44894bfe,2026-08-18T00:00:00Z,2026-08-18T02:00:00+0200,504.7225,MW,BE,BE,actual_offshore_wind_generation,Wind Offshore | Actual Aggregated,2026-08-21T05:46:03Z
2026-08-21T05:45:14Z,2026-08-21T07:45:14+0200,fefc4afd-8e33-4cd6-bf77-d9db44894bfe,2026-08-18T01:00:00Z,2026-08-18T03:00:00+0200,703.63925,MW,BE,BE,actual_offshore_wind_generation,Wind Offshore | Actual Aggregated,2026-08-21T05:46:03Z
2026-08-21T05:45:14Z,2026-08-21T07:45:14+0200,fefc4afd-8e33-4cd6-bf77-d9db44894bfe,2026-08-18T02:00:00Z,2026-08-18T04:00:00+0200,1081.16525,MW,BE,BE,actual_offshore_wind_generation,Wind Offshore | Actual Aggregated,2026-08-21T05:46:03Z
2026-08-21T05:45:14Z,2026-08-21T07:45:14+0200,fefc4afd-8e33-4cd6-bf77-d9db44894bfe,2026-08-18T03:00:00Z,2026-08-18T05:00:00+0200,1355.1725,MW,BE,BE,actual_offshore_wind_generation,Wind Offshore | Actual Aggregated,2026-08-21T05:46:03Z
2026-08-21T05:45:14Z,2026-08-21T07:45:14+0200,fefc4afd-8e33-4cd6-bf77-d9db44894bfe,2026-08-18T04:00:00Z,2026-08-18T06:00:00+0200,1028.71575,MW,BE,BE,actual_offshore_wind_generation,Wind Offshore | Actual Aggregated,2026-08-21T05:46:03Z
2026-08-21T05:45:14Z,2026-08-21T07:45:14+0200,fefc4afd-8e33-4cd6-bf77-d9db44894bfe,2026-08-18T05:00:00Z,2026-08-18T07:00:00+0200,1013.68225,MW,BE,BE,actual_offshore_wind_generation,Wind Offshore | Actual Aggregated,2026-08-21T05:46:03Z
2026-08-21T05:45:14Z,2026-08-21T07:45:14+0200,fefc4afd-8e33-4cd6-bf77-d9db44894bfe,2026-08-18T06:00:00Z,2026-08-18T08:00:00+0200,1435.12625,MW,BE,BE,actual_offshore_wind_generation,Wind Offshore | Actual Aggregated,2026-08-21T05:46:03Z
2026-08-21T05:45:14Z,2026-08-21T07:45:14+0200,fefc4afd-8e33-4cd6-bf77-d9db44894bfe,2026-08-18T07:00:00Z,2026-08-18T09:00:00+0200,1437.75025,MW,BE,BE,actual_offshore_wind_generation,Wind Offshore | Actual Aggregated,2026-08-21T05:46:03Z
2026-08-21T05:45:14Z,2026-08-21T07:45:14+0200,fefc4afd-8e33-4cd6-bf77-d9db44894bfe,2026-08-18T08:00:00Z,2026-08-18T10:00:00+0200,1434.04575,MW,BE,BE,actual_offshore_wind_generation,Wind Offshore | Actual Aggregated,2026-08-21T05:46:03Z
2026-08-21T05:45:14Z,2026-08-21T07:45:14+0200,fefc4afd-8e33-4cd6-bf77-d9db44894bfe,2026-08-18T09:00:00Z,2026-08-18T11:00:00+0200,1330.6645,MW,BE,BE,actual_offshore_wind_generation,Wind Offshore | Actual Aggregated,2026-08-21T05:46:03Z
2026-08-21T05:45:14Z,2026-08-21T07:45:14+0200,fefc4afd-8e33-4cd6-bf77-d9db44894bfe,2026-08-18T10:00:00Z,2026-08-18T12:00:00+0200,1293.382,MW,BE,BE,actual_offshore_wind_generation,Wind Offshore | Actual Aggregated,2026-08-21T05:46:03Z
2026-08-21T05:45:14Z,2026-08-21T07:45:14+0200,fefc4afd-8e33-4cd6-bf77-d9db44894bfe,2026-08-18T11:00:00Z,2026-08-18T13:00:00+0200,856.13925,MW,BE,BE,actual_offshore_wind_generation,Wind Offshore | Actual Aggregated,2026-08-21T05:46:03Z
2026-08-21T05:45:14Z,2026-08-21T07:45:14+0200,fefc4afd-8e33-4cd6-bf77-d9db44894bfe,2026-08-18T12:00:00Z,2026-08-18T14:00:00+0200,504.79025,MW,BE,BE,actual_offshore_wind_generation,Wind Offshore | Actual Aggregated,2026-08-21T05:46:03Z
2026-08-21T05:45:14Z,2026-08-21T07:45:14+0200,fefc4afd-8e33-4cd6-bf77-d9db44894bfe,2026-08-18T13:00:00Z,2026-08-18T15:00:00+0200,462.75925,MW,BE,BE,actual_offshore_wind_generation,Wind Offshore | Actual Aggregated,2026-08-21T05:46:03Z
2026-08-21T05:45:14Z,2026-08-21T07:45:14+0200,fefc4afd-8e33-4cd6-bf77-d9db44894bfe,2026-08-18T14:00:00Z,2026-08-18T16:00:00+0200,457.36625,MW,BE,BE,actual_offshore_wind_generation,Wind Offshore | Actual Aggregated,2026-08-21T05:46:03Z
2026-08-21T05:45:14Z,2026-08-21T07:45:14+0200,fefc4afd-8e33-4cd6-bf77-d9db44894bfe,2026-08-18T15:00:00Z,2026-08-18T17:00:00+0200,653.124,MW,BE,BE,actual_offshore_wind_generation,Wind Offshore | Actual Aggregated,2026-08-21T05:46:03Z
2026-08-21T05:45:14Z,2026-08-21T07:45:14+0200,fefc4afd-8e33-4cd6-bf77-d9db44894bfe,2026-08-18T16:00:00Z,2026-08-18T18:00:00+0200,964.3415,MW,BE,BE,actual_offshore_wind_generation,Wind Offshore | Actual Aggregated,2026-08-21T05:46:03Z
2026-08-21T05:45:14Z,2026-08-21T07:45:14+0200,fefc4afd-8e33-4cd6-bf77-d9db44894bfe,2026-08-18T17:00:00Z,2026-08-18T19:00:00+0200,818.055,MW,BE,BE,actual_offshore_wind_generation,Wind Offshore | Actual Aggregated,2026-08-21T05:46:03Z
2026-08-21T05:45:14Z,2026-08-21T07:45:14+0200,fefc4afd-8e33-4cd6-bf77-d9db44894bfe,2026-08-18T18:00:00Z,2026-08-18T20:00:00+0200,433.253,MW,BE,BE,actual_offshore_wind_generation,Wind Offshore | Actual Aggregated,2026-08-21T05:46:03Z
2026-08-21T05:45:14Z,2026-08-21T07:45:14+0200,fefc4afd-8e33-4cd6-bf77-d9db44894bfe,2026-08-18T19:00:00Z,2026-08-18T21:00:00+0200,322.2595,MW,BE,BE,actual_offshore_wind_generation,Wind Offshore | Actual Aggregated,2026-08-21T05:46:03Z
2026-08-21T05:45:14Z,2026-08-21T07:45:14+0200,fefc4afd-8e33-4cd6-bf77-d9db44894bfe,2026-08-18T20:00:00Z,2026-08-18T22:00:00+0200,149.2875,MW,BE,BE,actual_offshore_wind_generation,Wind Offshore | Actual Aggregated,2026-08-21T05:46:03Z
2026-08-21T05:45:14Z,2026-08-21T07:45:14+0200,fefc4afd-8e33-4cd6-bf77-d9db44894bfe,2026-08-18T21:00:00Z,2026-08-18T23:00:00+0200,25.35225,MW,BE,BE,actual_offshore_wind_generation,Wind Offshore | Actual Aggregated,2026-08-21T05:46:03Z
2026-08-21T05:45:14Z,2026-08-21T07:45:14+0200,fefc4afd-8e33-4cd6-bf77-d9db44894bfe,2026-08-18T22:00:00Z,2026-08-19T00:00:00+0200,3.683,MW,BE,BE,actual_offshore_wind_generation,Wind Offshore | Actual Aggregated,2026-08-21T05:46:03Z
2026-08-21T05:45:14Z,2026-08-21T07:45:14+0200,fefc4afd-8e33-4cd6-bf77-d9db44894bfe,2026-08-18T23:00:00Z,2026-08-19T01:00:00+0200,1.77675,MW,BE,BE,actual_offshore_wind_generation,Wind Offshore | Actual Aggregated,2026-08-21T05:46:03Z
2026-08-21T05:45:14Z,2026-08-21T07:45:14+0200,fefc4afd-8e33-4cd6-bf77-d9db44894bfe,2026-08-19T00:00:00Z,2026-08-19T02:00:00+0200,1.756,MW,BE,BE,actual_offshore_wind_generation,Wind Offshore | Actual Aggregated,2026-08-21T05:46:03Z
2026-08-21T05:45:14Z,2026-08-21T07:45:14+0200,fefc4afd-8e33-4cd6-bf77-d9db44894bfe,2026-08-19T01:00:00Z,2026-08-19T03:00:00+0200,2.107,MW,BE,BE,actual_offshore_wind_generation,Wind Offshore | Actual Aggregated,2026-08-21T05:46:03Z
2026-08-21T05:45:14Z,2026-08-21T07:45:14+0200,fefc4afd-8e33-4cd6-bf77-d9db44894bfe,2026-08-19T02:00:00Z,2026-08-19T04:00:00+0200,48.64825,MW,BE,BE,actual_offshore_wind_generation,Wind Offshore | Actual Aggregated,2026-08-21T05:46:03Z
2026-08-21T05:45:14Z,2026-08-21T07:45:14+0200,fefc4afd-8e33-4cd6-bf77-d9db44894bfe,2026-08-19T03:00:00Z,2026-08-19T05:00:00+0200,322.76625,MW,BE,BE,actual_offshore_wind_generation,Wind Offshore | Actual Aggregated,2026-08-21T05:46:03Z
2026-08-21T05:45:14Z,2026-08-21T07:45:14+0200,fefc4afd-8e33-4cd6-bf77-d9db44894bfe,2026-08-19T04:00:00Z,2026-08-19T06:00:00+0200,1036.30075,MW,BE,BE,actual_offshore_wind_generation,Wind Offshore | Actual Aggregated,2026-08-21T05:46:03Z
2026-08-21T05:45:14Z,2026-08-21T07:45:14+0200,fefc4afd-8e33-4cd6-bf77-d9db44894bfe,2026-08-19T05:00:00Z,2026-08-19T07:00:00+0200,1414.14575,MW,BE,BE,actual_offshore_wind_generation,Wind Offshore | Actual Aggregated,2026-08-21T05:46:03Z
2026-08-21T05:45:14Z,2026-08-21T07:45:14+0200,fefc4afd-8e33-4cd6-bf77-d9db44894bfe,2026-08-19T06:00:00Z,2026-08-19T08:00:00+0200,1489.80425,MW,BE,BE,actual_offshore_wind_generation,Wind Offshore | Actual Aggregated,2026-08-21T05:46:03Z
2026-08-21T05:45:14Z,2026-08-21T07:45:14+0200,fefc4afd-8e33-4cd6-bf77-d9db44894bfe,2026-08-19T07:00:00Z,2026-08-19T09:00:00+0200,1446.88275,MW,BE,BE,actual_offshore_wind_generation,Wind Offshore | Actual Aggregated,2026-08-21T05:46:03Z
2026-08-21T05:45:14Z,2026-08-21T07:45:14+0200,fefc4afd-8e33-4cd6-bf77-d9db44894bfe,2026-08-19T08:00:00Z,2026-08-19T10:00:00+0200,1178.874,MW,BE,BE,actual_offshore_wind_generation,Wind Offshore | Actual Aggregated,2026-08-21T05:46:03Z
2026-08-21T05:45:14Z,2026-08-21T07:45:14+0200,fefc4afd-8e33-4cd6-bf77-d9db44894bfe,2026-08-19T09:00:00Z,2026-08-19T11:00:00+0200,797.1275,MW,BE,BE,actual_offshore_wind_generation,Wind Offshore | Actual Aggregated,2026-08-21T05:46:03Z
2026-08-21T05:45:14Z,2026-08-21T07:45:14+0200,fefc4afd-8e33-4cd6-bf77-d9db44894bfe,2026-08-19T10:00:00Z,2026-08-19T12:00:00+0200,536.533,MW,BE,BE,actual_offshore_wind_generation,Wind Offshore | Actual Aggregated,2026-08-21T05:46:03Z
2026-08-21T05:45:14Z,2026-08-21T07:45:14+0200,fefc4afd-8e33-4cd6-bf77-d9db44894bfe,2026-08-19T11:00:00Z,2026-08-19T13:00:00+0200,377.04575,MW,BE,BE,actual_offshore_wind_generation,Wind Offshore | Actual Aggregated,2026-08-21T05:46:03Z
2026-08-21T05:45:14Z,2026-08-21T07:45:14+0200,fefc4afd-8e33-4cd6-bf77-d9db44894bfe,2026-08-19T12:00:00Z,2026-08-19T14:00:00+0200,97.26,MW,BE,BE,actual_offshore_wind_generation,Wind Offshore | Actual Aggregated,2026-08-21T05:46:03Z
2026-08-21T05:45:14Z,2026-08-21T07:45:14+0200,fefc4afd-8e33-4cd6-bf77-d9db44894bfe,2026-08-19T13:00:00Z,2026-08-19T15:00:00+0200,64.61025,MW,BE,BE,actual_offshore_wind_generation,Wind Offshore | Actual Aggregated,2026-08-21T05:46:03Z
2026-08-21T05:45:14Z,2026-08-21T07:45:14+0200,fefc4afd-8e33-4cd6-bf77-d9db44894bfe,2026-08-19T14:00:00Z,2026-08-19T16:00:00+0200,39.1985,MW,BE,BE,actual_offshore_wind_generation,Wind Offshore | Actual Aggregated,2026-08-21T05:46:03Z
2026-08-21T05:45:14Z,2026-08-21T07:45:14+0200,fefc4afd-8e33-4cd6-bf77-d9db44894bfe,2026-08-19T15:00:00Z,2026-08-19T17:00:00+0200,60.5695,MW,BE,BE,actual_offshore_wind_generation,Wind Offshore | Actual Aggregated,2026-08-21T05:46:03Z
2026-08-21T05:45:14Z,2026-08-21T07:45:14+0200,fefc4afd-8e33-4cd6-bf77-d9db44894bfe,2026-08-19T16:00:00Z,2026-08-19T18:00:00+0200,96.7035,MW,BE,BE,actual_offshore_wind_generation,Wind Offshore | Actual Aggregated,2026-08-21T05:46:03Z
2026-08-21T05:45:14Z,2026-08-21T07:45:14+0200,fefc4afd-8e33-4cd6-bf77-d9db44894bfe,2026-08-19T17:00:00Z,2026-08-19T19:00:00+0200,120.02475,MW,BE,BE,actual_offshore_wind_generation,Wind Offshore | Actual Aggregated,2026-08-21T05:46:03Z
2026-08-21T05:45:14Z,2026-08-21T07:45:14+0200,fefc4afd-8e33-4cd6-bf77-d9db44894bfe,2026-08-19T18:00:00Z,2026-08-19T20:00:00+0200,225.50025,MW,BE,BE,actual_offshore_wind_generation,Wind Offshore | Actual Aggregated,2026-08-21T05:46:03Z
2026-08-21T05:45:14Z,2026-08-21T07:45:14+0200,fefc4afd-8e33-4cd6-bf77-d9db44894bfe,2026-08-19T19:00:00Z,2026-08-19T21:00:00+0200,618.2765,MW,BE,BE,actual_offshore_wind_generation,Wind Offshore | Actual Aggregated,2026-08-21T05:46:03Z
2026-08-21T05:45:14Z,2026-08-21T07:45:14+0200,fefc4afd-8e33-4cd6-bf77-d9db44894bfe,2026-08-19T20:00:00Z,2026-08-19T22:00:00+0200,1098.237,MW,BE,BE,actual_offshore_wind_generation,Wind Offshore | Actual Aggregated,2026-08-21T05:46:03Z
2026-08-21T05:45:14Z,2026-08-21T07:45:14+0200,fefc4afd-8e33-4cd6-bf77-d9db44894bfe,2026-08-19T21:00:00Z,2026-08-19T23:00:00+0200,1628.20375,MW,BE,BE,actual_offshore_wind_generation,Wind Offshore | Actual Aggregated,2026-08-21T05:46:03Z
2026-08-21T05:45:14Z,2026-08-21T07:45:14+0200,fefc4afd-8e33-4cd6-bf77-d9db44894bfe,2026-08-19T22:00:00Z,2026-08-20T00:00:00+0200,1838.9375,MW,BE,BE,actual_offshore_wind_generation,Wind Offshore | Actual Aggregated,2026-08-21T05:46:03Z
2026-08-21T05:45:14Z,2026-08-21T07:45:14+0200,fefc4afd-8e33-4cd6-bf77-d9db44894bfe,2026-08-19T23:00:00Z,2026-08-20T01:00:00+0200,1180.4805,MW,BE,BE,actual_offshore_wind_generation,Wind Offshore | Actual Aggregated,2026-08-21T05:46:03Z
2026-08-21T05:45:14Z,2026-08-21T07:45:14+0200,fefc4afd-8e33-4cd6-bf77-d9db44894bfe,2026-08-20T00:00:00Z,2026-08-20T02:00:00+0200,685.77,MW,BE,BE,actual_offshore_wind_generation,Wind Offshore | Actual Aggregated,2026-08-21T05:46:03Z
2026-08-21T05:45:14Z,2026-08-21T07:45:14+0200,fefc4afd-8e33-4cd6-bf77-d9db44894bfe,2026-08-20T01:00:00Z,2026-08-20T03:00:00+0200,841.756,MW,BE,BE,actual_offshore_wind_generation,Wind Offshore | Actual Aggregated,2026-08-21T05:46:03Z
2026-08-21T05:45:14Z,2026-08-21T07:45:14+0200,fefc4afd-8e33-4cd6-bf77-d9db44894bfe,2026-08-20T02:00:00Z,2026-08-20T04:00:00+0200,747.13375,MW,BE,BE,actual_offshore_wind_generation,Wind Offshore | Actual Aggregated,2026-08-21T05:46:03Z
2026-08-21T05:45:14Z,2026-08-21T07:45:14+0200,fefc4afd-8e33-4cd6-bf77-d9db44894bfe,2026-08-20T03:00:00Z,2026-08-20T05:00:00+0200,909.57125,MW,BE,BE,actual_offshore_wind_generation,Wind Offshore | Actual Aggregated,2026-08-21T05:46:03Z
2026-08-21T05:45:14Z,2026-08-21T07:45:14+0200,fefc4afd-8e33-4cd6-bf77-d9db44894bfe,2026-08-20T04:00:00Z,2026-08-20T06:00:00+0200,870.188,MW,BE,BE,actual_offshore_wind_generation,Wind Offshore | Actual Aggregated,2026-08-21T05:46:03Z
2026-08-21T05:45:14Z,2026-08-21T07:45:14+0200,fefc4afd-8e33-4cd6-bf77-d9db44894bfe,2026-08-20T05:00:00Z,2026-08-20T07:00:00+0200,1250.339,MW,BE,BE,actual_offshore_wind_generation,Wind Offshore | Actual Aggregated,2026-08-21T05:46:03Z
2026-08-21T05:45:14Z,2026-08-21T07:45:14+0200,fefc4afd-8e33-4cd6-bf77-d9db44894bfe,2026-08-20T06:00:00Z,2026-08-20T08:00:00+0200,1343.95775,MW,BE,BE,actual_offshore_wind_generation,Wind Offshore | Actual Aggregated,2026-08-21T05:46:03Z
2026-08-21T05:45:14Z,2026-08-21T07:45:14+0200,fefc4afd-8e33-4cd6-bf77-d9db44894bfe,2026-08-20T07:00:00Z,2026-08-20T09:00:00+0200,1214.76925,MW,BE,BE,actual_offshore_wind_generation,Wind Offshore | Actual Aggregated,2026-08-21T05:46:03Z
2026-08-21T05:45:14Z,2026-08-21T07:45:14+0200,fefc4afd-8e33-4cd6-bf77-d9db44894bfe,2026-08-20T08:00:00Z,2026-08-20T10:00:00+0200,1424.9585,MW,BE,BE,actual_offshore_wind_generation,Wind Offshore | Actual Aggregated,2026-08-21T05:46:03Z
2026-08-21T05:45:14Z,2026-08-21T07:45:14+0200,fefc4afd-8e33-4cd6-bf77-d9db44894bfe,2026-08-20T09:00:00Z,2026-08-20T11:00:00+0200,1494.80825,MW,BE,BE,actual_offshore_wind_generation,Wind Offshore | Actual Aggregated,2026-08-21T05:46:03Z
2026-08-21T05:45:14Z,2026-08-21T07:45:14+0200,fefc4afd-8e33-4cd6-bf77-d9db44894bfe,2026-08-20T10:00:00Z,2026-08-20T12:00:00+0200,1564.403,MW,BE,BE,actual_offshore_wind_generation,Wind Offshore | Actual Aggregated,2026-08-21T05:46:03Z
2026-08-21T05:45:14Z,2026-08-21T07:45:14+0200,fefc4afd-8e33-4cd6-bf77-d9db44894bfe,2026-08-20T11:00:00Z,2026-08-20T13:00:00+0200,1521.56825,MW,BE,BE,actual_offshore_wind_generation,Wind Offshore | Actual Aggregated,2026-08-21T05:46:03Z
2026-08-21T05:45:14Z,2026-08-21T07:45:14+0200,fefc4afd-8e33-4cd6-bf77-d9db44894bfe,2026-08-20T12:00:00Z,2026-08-20T14:00:00+0200,1310.5215,MW,BE,BE,actual_offshore_wind_generation,Wind Offshore | Actual Aggregated,2026-08-21T05:46:03Z
2026-08-21T05:45:14Z,2026-08-21T07:45:14+0200,fefc4afd-8e33-4cd6-bf77-d9db44894bfe,2026-08-20T13:00:00Z,2026-08-20T15:00:00+0200,1823.215,MW,BE,BE,actual_offshore_wind_generation,Wind Offshore | Actual Aggregated,2026-08-21T05:46:03Z
2026-08-21T05:45:14Z,2026-08-21T07:45:14+0200,fefc4afd-8e33-4cd6-bf77-d9db44894bfe,2026-08-20T14:00:00Z,2026-08-20T16:00:00+0200,2079.6785,MW,BE,BE,actual_offshore_wind_generation,Wind Offshore | Actual Aggregated,2026-08-21T05:46:03Z
2026-08-21T05:45:14Z,2026-08-21T07:45:14+0200,fefc4afd-8e33-4cd6-bf77-d9db44894bfe,2026-08-20T15:00:00Z,2026-08-20T17:00:00+0200,2114.738,MW,BE,BE,actual_offshore_wind_generation,Wind Offshore | Actual Aggregated,2026-08-21T05:46:03Z
2026-08-21T05:45:14Z,2026-08-21T07:45:14+0200,fefc4afd-8e33-4cd6-bf77-d9db44894bfe,2026-08-20T16:00:00Z,2026-08-20T18:00:00+0200,2142.50975,MW,BE,BE,actual_offshore_wind_generation,Wind Offshore | Actual Aggregated,2026-08-21T05:46:03Z
2026-08-21T05:45:14Z,2026-08-21T07:45:14+0200,fefc4afd-8e33-4cd6-bf77-d9db44894bfe,2026-08-20T17:00:00Z,2026-08-20T19:00:00+0200,2063.80375,MW,BE,BE,actual_offshore_wind_generation,Wind Offshore | Actual Aggregated,2026-08-21T05:46:03Z
2026-08-21T05:45:14Z,2026-08-21T07:45:14+0200,fefc4afd-8e33-4cd6-bf77-d9db44894bfe,2026-08-20T18:00:00Z,2026-08-20T20:00:00+0200,1971.90225,MW,BE,BE,actual_offshore_wind_generation,Wind Offshore | Actual Aggregated,2026-08-21T05:46:03Z
2026-08-21T05:45:14Z,2026-08-21T07:45:14+0200,fefc4afd-8e33-4cd6-bf77-d9db44894bfe,2026-08-20T19:00:00Z,2026-08-20T21:00:00+0200,1704.8035,MW,BE,BE,actual_offshore_wind_generation,Wind Offshore | Actual Aggregated,2026-08-21T05:46:03Z
2026-08-21T05:45:14Z,2026-08-21T07:45:14+0200,fefc4afd-8e33-4cd6-bf77-d9db44894bfe,2026-08-20T20:00:00Z,2026-08-20T22:00:00+0200,266.55425,MW,BE,BE,actual_offshore_wind_generation,Wind Offshore | Actual Aggregated,2026-08-21T05:46:03Z
2026-08-21T05:45:14Z,2026-08-21T07:45:14+0200,fefc4afd-8e33-4cd6-bf77-d9db44894bfe,2026-08-20T21:00:00Z,2026-08-20T23:00:00+0200,93.593,MW,BE,BE,actual_offshore_wind_generation,Wind Offshore | Actual Aggregated,2026-08-21T05:46:03Z
2026-08-21T05:45:14Z,2026-08-21T07:45:14+0200,fefc4afd-8e33-4cd6-bf77-d9db44894bfe,2026-08-20T22:00:00Z,2026-08-21T00:00:00+0200,231.49675,MW,BE,BE,actual_offshore_wind_generation,Wind Offshore | Actual Aggregated,2026-08-21T05:46:03Z
2026-08-21T05:45:14Z,2026-08-21T07:45:14+0200,fefc4afd-8e33-4cd6-bf77-d9db44894bfe,2026-08-20T23:00:00Z,2026-08-21T01:00:00+0200,150.3585,MW,BE,BE,actual_offshore_wind_generation,Wind Offshore | Actual Aggregated,2026-08-21T05:46:03Z
2026-08-21T05:45:14Z,2026-08-21T07:45:14+0200,fefc4afd-8e33-4cd6-bf77-d9db44894bfe,2026-08-21T00:00:00Z,2026-08-21T02:00:00+0200,197.877,MW,BE,BE,actual_offshore_wind_generation,Wind Offshore | Actual Aggregated,2026-08-21T05:46:03Z
2026-08-21T05:45:14Z,2026-08-21T07:45:14+0200,fefc4afd-8e33-4cd6-bf77-d9db44894bfe,2026-08-21T01:00:00Z,2026-08-21T03:00:00+0200,195.27775,MW,BE,BE,actual_offshore_wind_generation,Wind Offshore | Actual Aggregated,2026-08-21T05:46:03Z
2026-08-21T05:45:14Z,2026-08-21T07:45:14+0200,fefc4afd-8e33-4cd6-bf77-d9db44894bfe,2026-08-21T02:00:00Z,2026-08-21T04:00:00+0200,137.7625,MW,BE,BE,actual_offshore_wind_generation,Wind Offshore | Actual Aggregated,2026-08-21T05:46:03Z
2026-08-21T05:45:14Z,2026-08-21T07:45:14+0200,fefc4afd-8e33-4cd6-bf77-d9db44894bfe,2026-08-21T03:00:00Z,2026-08-21T05:00:00+0200,378.827,MW,BE,BE,actual_offshore_wind_generation,Wind Offshore | Actual Aggregated,2026-08-21T05:46:03Z
2026-08-21T05:45:14Z,2026-08-21T07:45:14+0200,fefc4afd-8e33-4cd6-bf77-d9db44894bfe,2026-08-21T04:00:00Z,2026-08-21T06:00:00+0200,403.80975,MW,BE,BE,actual_offshore_wind_generation,Wind Offshore | Actual Aggregated,2026-08-21T05:46:03Z
