collection_time_utc,collection_time_local,run_id,timestamp_utc,timestamp_local,value,unit,country,entsoe_area,variable,source,updated_at_utc
2026-08-19T10:47:00Z,2026-08-19T12:47:00+0200,e079ef81-c4ef-4643-8235-c8ef85358b45,2026-07-19T11:00:00Z,2026-07-19T13:00:00+0200,1212.0,MW,ES,ES,actual_onshore_wind_generation,Wind Onshore,2026-08-19T10:57:03Z
2026-08-19T10:47:00Z,2026-08-19T12:47:00+0200,e079ef81-c4ef-4643-8235-c8ef85358b45,2026-07-19T11:15:00Z,2026-07-19T13:15:00+0200,1424.0,MW,ES,ES,actual_onshore_wind_generation,Wind Onshore,2026-08-19T10:57:03Z
2026-08-19T10:47:00Z,2026-08-19T12:47:00+0200,e079ef81-c4ef-4643-8235-c8ef85358b45,2026-07-19T11:30:00Z,2026-07-19T13:30:00+0200,1588.0,MW,ES,ES,actual_onshore_wind_generation,Wind Onshore,2026-08-19T10:57:03Z
2026-08-19T10:47:00Z,2026-08-19T12:47:00+0200,e079ef81-c4ef-4643-8235-c8ef85358b45,2026-07-19T11:45:00Z,2026-07-19T13:45:00+0200,1476.0,MW,ES,ES,actual_onshore_wind_generation,Wind Onshore,2026-08-19T10:57:03Z
2026-08-19T10:47:00Z,2026-08-19T12:47:00+0200,e079ef81-c4ef-4643-8235-c8ef85358b45,2026-07-19T12:00:00Z,2026-07-19T14:00:00+0200,1616.0,MW,ES,ES,actual_onshore_wind_generation,Wind Onshore,2026-08-19T10:57:03Z
2026-08-19T10:47:00Z,2026-08-19T12:47:00+0200,e079ef81-c4ef-4643-8235-c8ef85358b45,2026-07-19T12:15:00Z,2026-07-19T14:15:00+0200,1700.0,MW,ES,ES,actual_onshore_wind_generation,Wind Onshore,2026-08-19T10:57:03Z
2026-08-19T10:47:00Z,2026-08-19T12:47:00+0200,e079ef81-c4ef-4643-8235-c8ef85358b45,2026-07-19T12:30:00Z,2026-07-19T14:30:00+0200,1640.0,MW,ES,ES,actual_onshore_wind_generation,Wind Onshore,2026-08-19T10:57:03Z
2026-08-19T10:47:00Z,2026-08-19T12:47:00+0200,e079ef81-c4ef-4643-8235-c8ef85358b45,2026-07-19T12:45:00Z,2026-07-19T14:45:00+0200,1716.0,MW,ES,ES,actual_onshore_wind_generation,Wind Onshore,2026-08-19T10:57:03Z
2026-08-19T10:47:00Z,2026-08-19T12:47:00+0200,e079ef81-c4ef-4643-8235-c8ef85358b45,2026-07-19T13:00:00Z,2026-07-19T15:00:00+0200,1844.0,MW,ES,ES,actual_onshore_wind_generation,Wind Onshore,2026-08-19T10:57:03Z
2026-08-19T10:47:00Z,2026-08-19T12:47:00+0200,e079ef81-c4ef-4643-8235-c8ef85358b45,2026-07-19T13:15:00Z,2026-07-19T15:15:00+0200,1940.0,MW,ES,ES,actual_onshore_wind_generation,Wind Onshore,2026-08-19T10:57:03Z
2026-08-19T10:47:00Z,2026-08-19T12:47:00+0200,e079ef81-c4ef-4643-8235-c8ef85358b45,2026-07-19T13:30:00Z,2026-07-19T15:30:00+0200,2028.0,MW,ES,ES,actual_onshore_wind_generation,Wind Onshore,2026-08-19T10:57:03Z
2026-08-19T10:47:00Z,2026-08-19T12:47:00+0200,e079ef81-c4ef-4643-8235-c8ef85358b45,2026-07-19T13:45:00Z,2026-07-19T15:45:00+0200,2188.0,MW,ES,ES,actual_onshore_wind_generation,Wind Onshore,2026-08-19T10:57:03Z
2026-08-19T10:47:00Z,2026-08-19T12:47:00+0200,e079ef81-c4ef-4643-8235-c8ef85358b45,2026-07-19T14:00:00Z,2026-07-19T16:00:00+0200,2248.0,MW,ES,ES,actual_onshore_wind_generation,Wind Onshore,2026-08-19T10:57:03Z
2026-08-19T10:47:00Z,2026-08-19T12:47:00+0200,e079ef81-c4ef-4643-8235-c8ef85358b45,2026-07-19T14:15:00Z,2026-07-19T16:15:00+0200,2444.0,MW,ES,ES,actual_onshore_wind_generation,Wind Onshore,2026-08-19T10:57:03Z
2026-08-19T10:47:00Z,2026-08-19T12:47:00+0200,e079ef81-c4ef-4643-8235-c8ef85358b45,2026-07-19T14:30:00Z,2026-07-19T16:30:00+0200,2540.0,MW,ES,ES,actual_onshore_wind_generation,Wind Onshore,2026-08-19T10:57:03Z
2026-08-19T10:47:00Z,2026-08-19T12:47:00+0200,e079ef81-c4ef-4643-8235-c8ef85358b45,2026-07-19T14:45:00Z,2026-07-19T16:45:00+0200,2612.0,MW,ES,ES,actual_onshore_wind_generation,Wind Onshore,2026-08-19T10:57:03Z
2026-08-19T10:47:00Z,2026-08-19T12:47:00+0200,e079ef81-c4ef-4643-8235-c8ef85358b45,2026-07-19T15:00:00Z,2026-07-19T17:00:00+0200,3196.0,MW,ES,ES,actual_onshore_wind_generation,Wind Onshore,2026-08-19T10:57:03Z
2026-08-19T10:47:00Z,2026-08-19T12:47:00+0200,e079ef81-c4ef-4643-8235-c8ef85358b45,2026-07-19T15:15:00Z,2026-07-19T17:15:00+0200,3192.0,MW,ES,ES,actual_onshore_wind_generation,Wind Onshore,2026-08-19T10:57:03Z
2026-08-19T10:47:00Z,2026-08-19T12:47:00+0200,e079ef81-c4ef-4643-8235-c8ef85358b45,2026-07-19T15:30:00Z,2026-07-19T17:30:00+0200,3172.0,MW,ES,ES,actual_onshore_wind_generation,Wind Onshore,2026-08-19T10:57:03Z
2026-08-19T10:47:00Z,2026-08-19T12:47:00+0200,e079ef81-c4ef-4643-8235-c8ef85358b45,2026-07-19T15:45:00Z,2026-07-19T17:45:00+0200,3840.0,MW,ES,ES,actual_onshore_wind_generation,Wind Onshore,2026-08-19T10:57:03Z
2026-08-19T10:47:00Z,2026-08-19T12:47:00+0200,e079ef81-c4ef-4643-8235-c8ef85358b45,2026-07-19T16:00:00Z,2026-07-19T18:00:00+0200,4316.0,MW,ES,ES,actual_onshore_wind_generation,Wind Onshore,2026-08-19T10:57:03Z
2026-08-19T10:47:00Z,2026-08-19T12:47:00+0200,e079ef81-c4ef-4643-8235-c8ef85358b45,2026-07-19T16:15:00Z,2026-07-19T18:15:00+0200,4628.0,MW,ES,ES,actual_onshore_wind_generation,Wind Onshore,2026-08-19T10:57:03Z
2026-08-19T10:47:00Z,2026-08-19T12:47:00+0200,e079ef81-c4ef-4643-8235-c8ef85358b45,2026-07-19T16:30:00Z,2026-07-19T18:30:00+0200,4672.0,MW,ES,ES,actual_onshore_wind_generation,Wind Onshore,2026-08-19T10:57:03Z
2026-08-19T10:47:00Z,2026-08-19T12:47:00+0200,e079ef81-c4ef-4643-8235-c8ef85358b45,2026-07-19T16:45:00Z,2026-07-19T18:45:00+0200,4752.0,MW,ES,ES,actual_onshore_wind_generation,Wind Onshore,2026-08-19T10:57:03Z
2026-08-19T10:47:00Z,2026-08-19T12:47:00+0200,e079ef81-c4ef-4643-8235-c8ef85358b45,2026-07-19T17:00:00Z,2026-07-19T19:00:00+0200,4696.0,MW,ES,ES,actual_onshore_wind_generation,Wind Onshore,2026-08-19T10:57:03Z
2026-08-19T10:47:00Z,2026-08-19T12:47:00+0200,e079ef81-c4ef-4643-8235-c8ef85358b45,2026-07-19T17:15:00Z,2026-07-19T19:15:00+0200,4592.0,MW,ES,ES,actual_onshore_wind_generation,Wind Onshore,2026-08-19T10:57:03Z
2026-08-19T10:47:00Z,2026-08-19T12:47:00+0200,e079ef81-c4ef-4643-8235-c8ef85358b45,2026-07-19T17:30:00Z,2026-07-19T19:30:00+0200,4556.0,MW,ES,ES,actual_onshore_wind_generation,Wind Onshore,2026-08-19T10:57:03Z
2026-08-19T10:47:00Z,2026-08-19T12:47:00+0200,e079ef81-c4ef-4643-8235-c8ef85358b45,2026-07-19T17:45:00Z,2026-07-19T19:45:00+0200,4620.0,MW,ES,ES,actual_onshore_wind_generation,Wind Onshore,2026-08-19T10:57:03Z
2026-08-19T10:47:00Z,2026-08-19T12:47:00+0200,e079ef81-c4ef-4643-8235-c8ef85358b45,2026-07-19T18:00:00Z,2026-07-19T20:00:00+0200,4872.0,MW,ES,ES,actual_onshore_wind_generation,Wind Onshore,2026-08-19T10:57:03Z
2026-08-19T10:47:00Z,2026-08-19T12:47:00+0200,e079ef81-c4ef-4643-8235-c8ef85358b45,2026-07-19T18:15:00Z,2026-07-19T20:15:00+0200,4996.0,MW,ES,ES,actual_onshore_wind_generation,Wind Onshore,2026-08-19T10:57:03Z
2026-08-19T10:47:00Z,2026-08-19T12:47:00+0200,e079ef81-c4ef-4643-8235-c8ef85358b45,2026-07-19T18:30:00Z,2026-07-19T20:30:00+0200,5128.0,MW,ES,ES,actual_onshore_wind_generation,Wind Onshore,2026-08-19T10:57:03Z
2026-08-19T10:47:00Z,2026-08-19T12:47:00+0200,e079ef81-c4ef-4643-8235-c8ef85358b45,2026-07-19T18:45:00Z,2026-07-19T20:45:00+0200,5160.0,MW,ES,ES,actual_onshore_wind_generation,Wind Onshore,2026-08-19T10:57:03Z
2026-08-19T10:47:00Z,2026-08-19T12:47:00+0200,e079ef81-c4ef-4643-8235-c8ef85358b45,2026-07-19T19:00:00Z,2026-07-19T21:00:00+0200,5232.0,MW,ES,ES,actual_onshore_wind_generation,Wind Onshore,2026-08-19T10:57:03Z
2026-08-19T10:47:00Z,2026-08-19T12:47:00+0200,e079ef81-c4ef-4643-8235-c8ef85358b45,2026-07-19T19:15:00Z,2026-07-19T21:15:00+0200,5416.0,MW,ES,ES,actual_onshore_wind_generation,Wind Onshore,2026-08-19T10:57:03Z
2026-08-19T10:47:00Z,2026-08-19T12:47:00+0200,e079ef81-c4ef-4643-8235-c8ef85358b45,2026-07-19T19:30:00Z,2026-07-19T21:30:00+0200,5620.0,MW,ES,ES,actual_onshore_wind_generation,Wind Onshore,2026-08-19T10:57:03Z
2026-08-19T10:47:00Z,2026-08-19T12:47:00+0200,e079ef81-c4ef-4643-8235-c8ef85358b45,2026-07-19T19:45:00Z,2026-07-19T21:45:00+0200,5824.0,MW,ES,ES,actual_onshore_wind_generation,Wind Onshore,2026-08-19T10:57:03Z
2026-08-19T10:47:00Z,2026-08-19T12:47:00+0200,e079ef81-c4ef-4643-8235-c8ef85358b45,2026-07-19T20:00:00Z,2026-07-19T22:00:00+0200,6124.0,MW,ES,ES,actual_onshore_wind_generation,Wind Onshore,2026-08-19T10:57:03Z
2026-08-19T10:47:00Z,2026-08-19T12:47:00+0200,e079ef81-c4ef-4643-8235-c8ef85358b45,2026-07-19T20:15:00Z,2026-07-19T22:15:00+0200,6416.0,MW,ES,ES,actual_onshore_wind_generation,Wind Onshore,2026-08-19T10:57:03Z
2026-08-19T10:47:00Z,2026-08-19T12:47:00+0200,e079ef81-c4ef-4643-8235-c8ef85358b45,2026-07-19T20:30:00Z,2026-07-19T22:30:00+0200,6516.0,MW,ES,ES,actual_onshore_wind_generation,Wind Onshore,2026-08-19T10:57:03Z
2026-08-19T10:47:00Z,2026-08-19T12:47:00+0200,e079ef81-c4ef-4643-8235-c8ef85358b45,2026-07-19T20:45:00Z,2026-07-19T22:45:00+0200,6624.0,MW,ES,ES,actual_onshore_wind_generation,Wind Onshore,2026-08-19T10:57:03Z
2026-08-19T10:47:00Z,2026-08-19T12:47:00+0200,e079ef81-c4ef-4643-8235-c8ef85358b45,2026-07-19T21:00:00Z,2026-07-19T23:00:00+0200,6728.0,MW,ES,ES,actual_onshore_wind_generation,Wind Onshore,2026-08-19T10:57:03Z
2026-08-19T10:47:00Z,2026-08-19T12:47:00+0200,e079ef81-c4ef-4643-8235-c8ef85358b45,2026-07-19T21:15:00Z,2026-07-19T23:15:00+0200,6848.0,MW,ES,ES,actual_onshore_wind_generation,Wind Onshore,2026-08-19T10:57:03Z
2026-08-19T10:47:00Z,2026-08-19T12:47:00+0200,e079ef81-c4ef-4643-8235-c8ef85358b45,2026-07-19T21:30:00Z,2026-07-19T23:30:00+0200,6940.0,MW,ES,ES,actual_onshore_wind_generation,Wind Onshore,2026-08-19T10:57:03Z
2026-08-19T10:47:00Z,2026-08-19T12:47:00+0200,e079ef81-c4ef-4643-8235-c8ef85358b45,2026-07-19T21:45:00Z,2026-07-19T23:45:00+0200,6960.0,MW,ES,ES,actual_onshore_wind_generation,Wind Onshore,2026-08-19T10:57:03Z
2026-08-19T10:47:00Z,2026-08-19T12:47:00+0200,e079ef81-c4ef-4643-8235-c8ef85358b45,2026-07-19T22:00:00Z,2026-07-20T00:00:00+0200,6972.0,MW,ES,ES,actual_onshore_wind_generation,Wind Onshore,2026-08-19T10:57:03Z
2026-08-19T10:47:00Z,2026-08-19T12:47:00+0200,e079ef81-c4ef-4643-8235-c8ef85358b45,2026-07-19T22:15:00Z,2026-07-20T00:15:00+0200,7020.0,MW,ES,ES,actual_onshore_wind_generation,Wind Onshore,2026-08-19T10:57:03Z
2026-08-19T10:47:00Z,2026-08-19T12:47:00+0200,e079ef81-c4ef-4643-8235-c8ef85358b45,2026-07-19T22:30:00Z,2026-07-20T00:30:00+0200,7036.0,MW,ES,ES,actual_onshore_wind_generation,Wind Onshore,2026-08-19T10:57:03Z
2026-08-19T10:47:00Z,2026-08-19T12:47:00+0200,e079ef81-c4ef-4643-8235-c8ef85358b45,2026-07-19T22:45:00Z,2026-07-20T00:45:00+0200,6980.0,MW,ES,ES,actual_onshore_wind_generation,Wind Onshore,2026-08-19T10:57:03Z
2026-08-19T10:47:00Z,2026-08-19T12:47:00+0200,e079ef81-c4ef-4643-8235-c8ef85358b45,2026-07-19T23:00:00Z,2026-07-20T01:00:00+0200,6852.0,MW,ES,ES,actual_onshore_wind_generation,Wind Onshore,2026-08-19T10:57:03Z
2026-08-19T10:47:00Z,2026-08-19T12:47:00+0200,e079ef81-c4ef-4643-8235-c8ef85358b45,2026-07-19T23:15:00Z,2026-07-20T01:15:00+0200,6784.0,MW,ES,ES,actual_onshore_wind_generation,Wind Onshore,2026-08-19T10:57:03Z
2026-08-19T10:47:00Z,2026-08-19T12:47:00+0200,e079ef81-c4ef-4643-8235-c8ef85358b45,2026-07-19T23:30:00Z,2026-07-20T01:30:00+0200,6768.0,MW,ES,ES,actual_onshore_wind_generation,Wind Onshore,2026-08-19T10:57:03Z
2026-08-19T10:47:00Z,2026-08-19T12:47:00+0200,e079ef81-c4ef-4643-8235-c8ef85358b45,2026-07-19T23:45:00Z,2026-07-20T01:45:00+0200,6748.0,MW,ES,ES,actual_onshore_wind_generation,Wind Onshore,2026-08-19T10:57:03Z
2026-08-19T10:47:00Z,2026-08-19T12:47:00+0200,e079ef81-c4ef-4643-8235-c8ef85358b45,2026-07-20T00:00:00Z,2026-07-20T02:00:00+0200,6608.0,MW,ES,ES,actual_onshore_wind_generation,Wind Onshore,2026-08-19T10:57:03Z
2026-08-19T10:47:00Z,2026-08-19T12:47:00+0200,e079ef81-c4ef-4643-8235-c8ef85358b45,2026-07-20T00:15:00Z,2026-07-20T02:15:00+0200,6452.0,MW,ES,ES,actual_onshore_wind_generation,Wind Onshore,2026-08-19T10:57:03Z
2026-08-19T10:47:00Z,2026-08-19T12:47:00+0200,e079ef81-c4ef-4643-8235-c8ef85358b45,2026-07-20T00:30:00Z,2026-07-20T02:30:00+0200,6392.0,MW,ES,ES,actual_onshore_wind_generation,Wind Onshore,2026-08-19T10:57:03Z
2026-08-19T10:47:00Z,2026-08-19T12:47:00+0200,e079ef81-c4ef-4643-8235-c8ef85358b45,2026-07-20T00:45:00Z,2026-07-20T02:45:00+0200,6440.0,MW,ES,ES,actual_onshore_wind_generation,Wind Onshore,2026-08-19T10:57:03Z
2026-08-19T10:47:00Z,2026-08-19T12:47:00+0200,e079ef81-c4ef-4643-8235-c8ef85358b45,2026-07-20T01:00:00Z,2026-07-20T03:00:00+0200,6456.0,MW,ES,ES,actual_onshore_wind_generation,Wind Onshore,2026-08-19T10:57:03Z
2026-08-19T10:47:00Z,2026-08-19T12:47:00+0200,e079ef81-c4ef-4643-8235-c8ef85358b45,2026-07-20T01:15:00Z,2026-07-20T03:15:00+0200,6404.0,MW,ES,ES,actual_onshore_wind_generation,Wind Onshore,2026-08-19T10:57:03Z
2026-08-19T10:47:00Z,2026-08-19T12:47:00+0200,e079ef81-c4ef-4643-8235-c8ef85358b45,2026-07-20T01:30:00Z,2026-07-20T03:30:00+0200,6324.0,MW,ES,ES,actual_onshore_wind_generation,Wind Onshore,2026-08-19T10:57:03Z
2026-08-19T10:47:00Z,2026-08-19T12:47:00+0200,e079ef81-c4ef-4643-8235-c8ef85358b45,2026-07-20T01:45:00Z,2026-07-20T03:45:00+0200,6324.0,MW,ES,ES,actual_onshore_wind_generation,Wind Onshore,2026-08-19T10:57:03Z
2026-08-19T10:47:00Z,2026-08-19T12:47:00+0200,e079ef81-c4ef-4643-8235-c8ef85358b45,2026-07-20T02:00:00Z,2026-07-20T04:00:00+0200,6204.0,MW,ES,ES,actual_onshore_wind_generation,Wind Onshore,2026-08-19T10:57:03Z
2026-08-19T10:47:00Z,2026-08-19T12:47:00+0200,e079ef81-c4ef-4643-8235-c8ef85358b45,2026-07-20T02:15:00Z,2026-07-20T04:15:00+0200,6172.0,MW,ES,ES,actual_onshore_wind_generation,Wind Onshore,2026-08-19T10:57:03Z
2026-08-19T10:47:00Z,2026-08-19T12:47:00+0200,e079ef81-c4ef-4643-8235-c8ef85358b45,2026-07-20T02:30:00Z,2026-07-20T04:30:00+0200,6140.0,MW,ES,ES,actual_onshore_wind_generation,Wind Onshore,2026-08-19T10:57:03Z
2026-08-19T10:47:00Z,2026-08-19T12:47:00+0200,e079ef81-c4ef-4643-8235-c8ef85358b45,2026-07-20T02:45:00Z,2026-07-20T04:45:00+0200,6096.0,MW,ES,ES,actual_onshore_wind_generation,Wind Onshore,2026-08-19T10:57:03Z
2026-08-19T10:47:00Z,2026-08-19T12:47:00+0200,e079ef81-c4ef-4643-8235-c8ef85358b45,2026-07-20T03:00:00Z,2026-07-20T05:00:00+0200,5856.0,MW,ES,ES,actual_onshore_wind_generation,Wind Onshore,2026-08-19T10:57:03Z
2026-08-19T10:47:00Z,2026-08-19T12:47:00+0200,e079ef81-c4ef-4643-8235-c8ef85358b45,2026-07-20T03:15:00Z,2026-07-20T05:15:00+0200,5520.0,MW,ES,ES,actual_onshore_wind_generation,Wind Onshore,2026-08-19T10:57:03Z
2026-08-19T10:47:00Z,2026-08-19T12:47:00+0200,e079ef81-c4ef-4643-8235-c8ef85358b45,2026-07-20T03:30:00Z,2026-07-20T05:30:00+0200,5288.0,MW,ES,ES,actual_onshore_wind_generation,Wind Onshore,2026-08-19T10:57:03Z
2026-08-19T10:47:00Z,2026-08-19T12:47:00+0200,e079ef81-c4ef-4643-8235-c8ef85358b45,2026-07-20T03:45:00Z,2026-07-20T05:45:00+0200,5132.0,MW,ES,ES,actual_onshore_wind_generation,Wind Onshore,2026-08-19T10:57:03Z
2026-08-19T10:47:00Z,2026-08-19T12:47:00+0200,e079ef81-c4ef-4643-8235-c8ef85358b45,2026-07-20T04:00:00Z,2026-07-20T06:00:00+0200,4928.0,MW,ES,ES,actual_onshore_wind_generation,Wind Onshore,2026-08-19T10:57:03Z
2026-08-19T10:47:00Z,2026-08-19T12:47:00+0200,e079ef81-c4ef-4643-8235-c8ef85358b45,2026-07-20T04:15:00Z,2026-07-20T06:15:00+0200,4736.0,MW,ES,ES,actual_onshore_wind_generation,Wind Onshore,2026-08-19T10:57:03Z
2026-08-19T10:47:00Z,2026-08-19T12:47:00+0200,e079ef81-c4ef-4643-8235-c8ef85358b45,2026-07-20T04:30:00Z,2026-07-20T06:30:00+0200,4480.0,MW,ES,ES,actual_onshore_wind_generation,Wind Onshore,2026-08-19T10:57:03Z
2026-08-19T10:47:00Z,2026-08-19T12:47:00+0200,e079ef81-c4ef-4643-8235-c8ef85358b45,2026-07-20T04:45:00Z,2026-07-20T06:45:00+0200,4288.0,MW,ES,ES,actual_onshore_wind_generation,Wind Onshore,2026-08-19T10:57:03Z
2026-08-19T10:47:00Z,2026-08-19T12:47:00+0200,e079ef81-c4ef-4643-8235-c8ef85358b45,2026-07-20T05:00:00Z,2026-07-20T07:00:00+0200,4112.0,MW,ES,ES,actual_onshore_wind_generation,Wind Onshore,2026-08-19T10:57:03Z
2026-08-19T10:47:00Z,2026-08-19T12:47:00+0200,e079ef81-c4ef-4643-8235-c8ef85358b45,2026-07-20T05:15:00Z,2026-07-20T07:15:00+0200,3976.0,MW,ES,ES,actual_onshore_wind_generation,Wind Onshore,2026-08-19T10:57:03Z
2026-08-19T10:47:00Z,2026-08-19T12:47:00+0200,e079ef81-c4ef-4643-8235-c8ef85358b45,2026-07-20T05:30:00Z,2026-07-20T07:30:00+0200,3740.0,MW,ES,ES,actual_onshore_wind_generation,Wind Onshore,2026-08-19T10:57:03Z
2026-08-19T10:47:00Z,2026-08-19T12:47:00+0200,e079ef81-c4ef-4643-8235-c8ef85358b45,2026-07-20T05:45:00Z,2026-07-20T07:45:00+0200,3564.0,MW,ES,ES,actual_onshore_wind_generation,Wind Onshore,2026-08-19T10:57:03Z
2026-08-19T10:47:00Z,2026-08-19T12:47:00+0200,e079ef81-c4ef-4643-8235-c8ef85358b45,2026-07-20T06:00:00Z,2026-07-20T08:00:00+0200,3356.0,MW,ES,ES,actual_onshore_wind_generation,Wind Onshore,2026-08-19T10:57:03Z
2026-08-19T10:47:00Z,2026-08-19T12:47:00+0200,e079ef81-c4ef-4643-8235-c8ef85358b45,2026-07-20T06:15:00Z,2026-07-20T08:15:00+0200,3152.0,MW,ES,ES,actual_onshore_wind_generation,Wind Onshore,2026-08-19T10:57:03Z
2026-08-19T10:47:00Z,2026-08-19T12:47:00+0200,e079ef81-c4ef-4643-8235-c8ef85358b45,2026-07-20T06:30:00Z,2026-07-20T08:30:00+0200,2860.0,MW,ES,ES,actual_onshore_wind_generation,Wind Onshore,2026-08-19T10:57:03Z
2026-08-19T10:47:00Z,2026-08-19T12:47:00+0200,e079ef81-c4ef-4643-8235-c8ef85358b45,2026-07-20T06:45:00Z,2026-07-20T08:45:00+0200,2580.0,MW,ES,ES,actual_onshore_wind_generation,Wind Onshore,2026-08-19T10:57:03Z
2026-08-19T10:47:00Z,2026-08-19T12:47:00+0200,e079ef81-c4ef-4643-8235-c8ef85358b45,2026-07-20T07:00:00Z,2026-07-20T09:00:00+0200,2344.0,MW,ES,ES,actual_onshore_wind_generation,Wind Onshore,2026-08-19T10:57:03Z
2026-08-19T10:47:00Z,2026-08-19T12:47:00+0200,e079ef81-c4ef-4643-8235-c8ef85358b45,2026-07-20T07:15:00Z,2026-07-20T09:15:00+0200,2136.0,MW,ES,ES,actual_onshore_wind_generation,Wind Onshore,2026-08-19T10:57:03Z
2026-08-19T10:47:00Z,2026-08-19T12:47:00+0200,e079ef81-c4ef-4643-8235-c8ef85358b45,2026-07-20T07:30:00Z,2026-07-20T09:30:00+0200,2012.0,MW,ES,ES,actual_onshore_wind_generation,Wind Onshore,2026-08-19T10:57:03Z
2026-08-19T10:47:00Z,2026-08-19T12:47:00+0200,e079ef81-c4ef-4643-8235-c8ef85358b45,2026-07-20T07:45:00Z,2026-07-20T09:45:00+0200,1888.0,MW,ES,ES,actual_onshore_wind_generation,Wind Onshore,2026-08-19T10:57:03Z
2026-08-19T10:47:00Z,2026-08-19T12:47:00+0200,e079ef81-c4ef-4643-8235-c8ef85358b45,2026-07-20T08:00:00Z,2026-07-20T10:00:00+0200,1832.0,MW,ES,ES,actual_onshore_wind_generation,Wind Onshore,2026-08-19T10:57:03Z
2026-08-19T10:47:00Z,2026-08-19T12:47:00+0200,e079ef81-c4ef-4643-8235-c8ef85358b45,2026-07-20T08:15:00Z,2026-07-20T10:15:00+0200,1824.0,MW,ES,ES,actual_onshore_wind_generation,Wind Onshore,2026-08-19T10:57:03Z
2026-08-19T10:47:00Z,2026-08-19T12:47:00+0200,e079ef81-c4ef-4643-8235-c8ef85358b45,2026-07-20T08:30:00Z,2026-07-20T10:30:00+0200,1820.0,MW,ES,ES,actual_onshore_wind_generation,Wind Onshore,2026-08-19T10:57:03Z
2026-08-19T10:47:00Z,2026-08-19T12:47:00+0200,e079ef81-c4ef-4643-8235-c8ef85358b45,2026-07-20T08:45:00Z,2026-07-20T10:45:00+0200,1852.0,MW,ES,ES,actual_onshore_wind_generation,Wind Onshore,2026-08-19T10:57:03Z
2026-08-19T10:47:00Z,2026-08-19T12:47:00+0200,e079ef81-c4ef-4643-8235-c8ef85358b45,2026-07-20T09:00:00Z,2026-07-20T11:00:00+0200,1892.0,MW,ES,ES,actual_onshore_wind_generation,Wind Onshore,2026-08-19T10:57:03Z
2026-08-19T10:47:00Z,2026-08-19T12:47:00+0200,e079ef81-c4ef-4643-8235-c8ef85358b45,2026-07-20T09:15:00Z,2026-07-20T11:15:00+0200,1892.0,MW,ES,ES,actual_onshore_wind_generation,Wind Onshore,2026-08-19T10:57:03Z
2026-08-19T10:47:00Z,2026-08-19T12:47:00+0200,e079ef81-c4ef-4643-8235-c8ef85358b45,2026-07-20T09:30:00Z,2026-07-20T11:30:00+0200,1992.0,MW,ES,ES,actual_onshore_wind_generation,Wind Onshore,2026-08-19T10:57:03Z
2026-08-19T10:47:00Z,2026-08-19T12:47:00+0200,e079ef81-c4ef-4643-8235-c8ef85358b45,2026-07-20T09:45:00Z,2026-07-20T11:45:00+0200,2072.0,MW,ES,ES,actual_onshore_wind_generation,Wind Onshore,2026-08-19T10:57:03Z
2026-08-19T10:47:00Z,2026-08-19T12:47:00+0200,e079ef81-c4ef-4643-8235-c8ef85358b45,2026-07-20T10:00:00Z,2026-07-20T12:00:00+0200,2140.0,MW,ES,ES,actual_onshore_wind_generation,Wind Onshore,2026-08-19T10:57:03Z
2026-08-19T10:47:00Z,2026-08-19T12:47:00+0200,e079ef81-c4ef-4643-8235-c8ef85358b45,2026-07-20T10:15:00Z,2026-07-20T12:15:00+0200,2288.0,MW,ES,ES,actual_onshore_wind_generation,Wind Onshore,2026-08-19T10:57:03Z
2026-08-19T10:47:00Z,2026-08-19T12:47:00+0200,e079ef81-c4ef-4643-8235-c8ef85358b45,2026-07-20T10:30:00Z,2026-07-20T12:30:00+0200,2472.0,MW,ES,ES,actual_onshore_wind_generation,Wind Onshore,2026-08-19T10:57:03Z
2026-08-19T10:47:00Z,2026-08-19T12:47:00+0200,e079ef81-c4ef-4643-8235-c8ef85358b45,2026-07-20T10:45:00Z,2026-07-20T12:45:00+0200,2604.0,MW,ES,ES,actual_onshore_wind_generation,Wind Onshore,2026-08-19T10:57:03Z
2026-08-19T10:47:00Z,2026-08-19T12:47:00+0200,e079ef81-c4ef-4643-8235-c8ef85358b45,2026-07-20T11:00:00Z,2026-07-20T13:00:00+0200,2844.0,MW,ES,ES,actual_onshore_wind_generation,Wind Onshore,2026-08-19T10:57:03Z
2026-08-19T10:47:00Z,2026-08-19T12:47:00+0200,e079ef81-c4ef-4643-8235-c8ef85358b45,2026-07-20T11:15:00Z,2026-07-20T13:15:00+0200,3164.0,MW,ES,ES,actual_onshore_wind_generation,Wind Onshore,2026-08-19T10:57:03Z
2026-08-19T10:47:00Z,2026-08-19T12:47:00+0200,e079ef81-c4ef-4643-8235-c8ef85358b45,2026-07-20T11:30:00Z,2026-07-20T13:30:00+0200,3408.0,MW,ES,ES,actual_onshore_wind_generation,Wind Onshore,2026-08-19T10:57:03Z
2026-08-19T10:47:00Z,2026-08-19T12:47:00+0200,e079ef81-c4ef-4643-8235-c8ef85358b45,2026-07-20T11:45:00Z,2026-07-20T13:45:00+0200,3704.0,MW,ES,ES,actual_onshore_wind_generation,Wind Onshore,2026-08-19T10:57:03Z
2026-08-19T10:47:00Z,2026-08-19T12:47:00+0200,e079ef81-c4ef-4643-8235-c8ef85358b45,2026-07-20T12:00:00Z,2026-07-20T14:00:00+0200,4088.0,MW,ES,ES,actual_onshore_wind_generation,Wind Onshore,2026-08-19T10:57:03Z
2026-08-19T10:47:00Z,2026-08-19T12:47:00+0200,e079ef81-c4ef-4643-8235-c8ef85358b45,2026-07-20T12:15:00Z,2026-07-20T14:15:00+0200,4316.0,MW,ES,ES,actual_onshore_wind_generation,Wind Onshore,2026-08-19T10:57:03Z
2026-08-19T10:47:00Z,2026-08-19T12:47:00+0200,e079ef81-c4ef-4643-8235-c8ef85358b45,2026-07-20T12:30:00Z,2026-07-20T14:30:00+0200,4280.0,MW,ES,ES,actual_onshore_wind_generation,Wind Onshore,2026-08-19T10:57:03Z
2026-08-19T10:47:00Z,2026-08-19T12:47:00+0200,e079ef81-c4ef-4643-8235-c8ef85358b45,2026-07-20T12:45:00Z,2026-07-20T14:45:00+0200,4016.0,MW,ES,ES,actual_onshore_wind_generation,Wind Onshore,2026-08-19T10:57:03Z
2026-08-19T10:47:00Z,2026-08-19T12:47:00+0200,e079ef81-c4ef-4643-8235-c8ef85358b45,2026-07-20T13:00:00Z,2026-07-20T15:00:00+0200,3888.0,MW,ES,ES,actual_onshore_wind_generation,Wind Onshore,2026-08-19T10:57:03Z
2026-08-19T10:47:00Z,2026-08-19T12:47:00+0200,e079ef81-c4ef-4643-8235-c8ef85358b45,2026-07-20T13:15:00Z,2026-07-20T15:15:00+0200,3944.0,MW,ES,ES,actual_onshore_wind_generation,Wind Onshore,2026-08-19T10:57:03Z
2026-08-19T10:47:00Z,2026-08-19T12:47:00+0200,e079ef81-c4ef-4643-8235-c8ef85358b45,2026-07-20T13:30:00Z,2026-07-20T15:30:00+0200,4052.0,MW,ES,ES,actual_onshore_wind_generation,Wind Onshore,2026-08-19T10:57:03Z
2026-08-19T10:47:00Z,2026-08-19T12:47:00+0200,e079ef81-c4ef-4643-8235-c8ef85358b45,2026-07-20T13:45:00Z,2026-07-20T15:45:00+0200,4092.0,MW,ES,ES,actual_onshore_wind_generation,Wind Onshore,2026-08-19T10:57:03Z
2026-08-19T10:47:00Z,2026-08-19T12:47:00+0200,e079ef81-c4ef-4643-8235-c8ef85358b45,2026-07-20T14:00:00Z,2026-07-20T16:00:00+0200,4196.0,MW,ES,ES,actual_onshore_wind_generation,Wind Onshore,2026-08-19T10:57:03Z
2026-08-19T10:47:00Z,2026-08-19T12:47:00+0200,e079ef81-c4ef-4643-8235-c8ef85358b45,2026-07-20T14:15:00Z,2026-07-20T16:15:00+0200,4612.0,MW,ES,ES,actual_onshore_wind_generation,Wind Onshore,2026-08-19T10:57:03Z
2026-08-19T10:47:00Z,2026-08-19T12:47:00+0200,e079ef81-c4ef-4643-8235-c8ef85358b45,2026-07-20T14:30:00Z,2026-07-20T16:30:00+0200,4792.0,MW,ES,ES,actual_onshore_wind_generation,Wind Onshore,2026-08-19T10:57:03Z
2026-08-19T10:47:00Z,2026-08-19T12:47:00+0200,e079ef81-c4ef-4643-8235-c8ef85358b45,2026-07-20T14:45:00Z,2026-07-20T16:45:00+0200,4864.0,MW,ES,ES,actual_onshore_wind_generation,Wind Onshore,2026-08-19T10:57:03Z
2026-08-19T10:47:00Z,2026-08-19T12:47:00+0200,e079ef81-c4ef-4643-8235-c8ef85358b45,2026-07-20T15:00:00Z,2026-07-20T17:00:00+0200,5312.0,MW,ES,ES,actual_onshore_wind_generation,Wind Onshore,2026-08-19T10:57:03Z
2026-08-19T10:47:00Z,2026-08-19T12:47:00+0200,e079ef81-c4ef-4643-8235-c8ef85358b45,2026-07-20T15:15:00Z,2026-07-20T17:15:00+0200,5840.0,MW,ES,ES,actual_onshore_wind_generation,Wind Onshore,2026-08-19T10:57:03Z
2026-08-19T10:47:00Z,2026-08-19T12:47:00+0200,e079ef81-c4ef-4643-8235-c8ef85358b45,2026-07-20T15:30:00Z,2026-07-20T17:30:00+0200,5816.0,MW,ES,ES,actual_onshore_wind_generation,Wind Onshore,2026-08-19T10:57:03Z
2026-08-19T10:47:00Z,2026-08-19T12:47:00+0200,e079ef81-c4ef-4643-8235-c8ef85358b45,2026-07-20T15:45:00Z,2026-07-20T17:45:00+0200,6492.0,MW,ES,ES,actual_onshore_wind_generation,Wind Onshore,2026-08-19T10:57:03Z
2026-08-19T10:47:00Z,2026-08-19T12:47:00+0200,e079ef81-c4ef-4643-8235-c8ef85358b45,2026-07-20T16:00:00Z,2026-07-20T18:00:00+0200,6616.0,MW,ES,ES,actual_onshore_wind_generation,Wind Onshore,2026-08-19T10:57:03Z
2026-08-19T10:47:00Z,2026-08-19T12:47:00+0200,e079ef81-c4ef-4643-8235-c8ef85358b45,2026-07-20T16:15:00Z,2026-07-20T18:15:00+0200,6232.0,MW,ES,ES,actual_onshore_wind_generation,Wind Onshore,2026-08-19T10:57:03Z
2026-08-19T10:47:00Z,2026-08-19T12:47:00+0200,e079ef81-c4ef-4643-8235-c8ef85358b45,2026-07-20T16:30:00Z,2026-07-20T18:30:00+0200,6360.0,MW,ES,ES,actual_onshore_wind_generation,Wind Onshore,2026-08-19T10:57:03Z
2026-08-19T10:47:00Z,2026-08-19T12:47:00+0200,e079ef81-c4ef-4643-8235-c8ef85358b45,2026-07-20T16:45:00Z,2026-07-20T18:45:00+0200,6672.0,MW,ES,ES,actual_onshore_wind_generation,Wind Onshore,2026-08-19T10:57:03Z
2026-08-19T10:47:00Z,2026-08-19T12:47:00+0200,e079ef81-c4ef-4643-8235-c8ef85358b45,2026-07-20T17:00:00Z,2026-07-20T19:00:00+0200,6984.0,MW,ES,ES,actual_onshore_wind_generation,Wind Onshore,2026-08-19T10:57:03Z
2026-08-19T10:47:00Z,2026-08-19T12:47:00+0200,e079ef81-c4ef-4643-8235-c8ef85358b45,2026-07-20T17:15:00Z,2026-07-20T19:15:00+0200,7072.0,MW,ES,ES,actual_onshore_wind_generation,Wind Onshore,2026-08-19T10:57:03Z
2026-08-19T10:47:00Z,2026-08-19T12:47:00+0200,e079ef81-c4ef-4643-8235-c8ef85358b45,2026-07-20T17:30:00Z,2026-07-20T19:30:00+0200,7212.0,MW,ES,ES,actual_onshore_wind_generation,Wind Onshore,2026-08-19T10:57:03Z
2026-08-19T10:47:00Z,2026-08-19T12:47:00+0200,e079ef81-c4ef-4643-8235-c8ef85358b45,2026-07-20T17:45:00Z,2026-07-20T19:45:00+0200,7260.0,MW,ES,ES,actual_onshore_wind_generation,Wind Onshore,2026-08-19T10:57:03Z
2026-08-19T10:47:00Z,2026-08-19T12:47:00+0200,e079ef81-c4ef-4643-8235-c8ef85358b45,2026-07-20T18:00:00Z,2026-07-20T20:00:00+0200,7248.0,MW,ES,ES,actual_onshore_wind_generation,Wind Onshore,2026-08-19T10:57:03Z
2026-08-19T10:47:00Z,2026-08-19T12:47:00+0200,e079ef81-c4ef-4643-8235-c8ef85358b45,2026-07-20T18:15:00Z,2026-07-20T20:15:00+0200,7052.0,MW,ES,ES,actual_onshore_wind_generation,Wind Onshore,2026-08-19T10:57:03Z
2026-08-19T10:47:00Z,2026-08-19T12:47:00+0200,e079ef81-c4ef-4643-8235-c8ef85358b45,2026-07-20T18:30:00Z,2026-07-20T20:30:00+0200,6932.0,MW,ES,ES,actual_onshore_wind_generation,Wind Onshore,2026-08-19T10:57:03Z
2026-08-19T10:47:00Z,2026-08-19T12:47:00+0200,e079ef81-c4ef-4643-8235-c8ef85358b45,2026-07-20T18:45:00Z,2026-07-20T20:45:00+0200,6808.0,MW,ES,ES,actual_onshore_wind_generation,Wind Onshore,2026-08-19T10:57:03Z
2026-08-19T10:47:00Z,2026-08-19T12:47:00+0200,e079ef81-c4ef-4643-8235-c8ef85358b45,2026-07-20T19:00:00Z,2026-07-20T21:00:00+0200,6920.0,MW,ES,ES,actual_onshore_wind_generation,Wind Onshore,2026-08-19T10:57:03Z
2026-08-19T10:47:00Z,2026-08-19T12:47:00+0200,e079ef81-c4ef-4643-8235-c8ef85358b45,2026-07-20T19:15:00Z,2026-07-20T21:15:00+0200,7160.0,MW,ES,ES,actual_onshore_wind_generation,Wind Onshore,2026-08-19T10:57:03Z
2026-08-19T10:47:00Z,2026-08-19T12:47:00+0200,e079ef81-c4ef-4643-8235-c8ef85358b45,2026-07-20T19:30:00Z,2026-07-20T21:30:00+0200,7500.0,MW,ES,ES,actual_onshore_wind_generation,Wind Onshore,2026-08-19T10:57:03Z
2026-08-19T10:47:00Z,2026-08-19T12:47:00+0200,e079ef81-c4ef-4643-8235-c8ef85358b45,2026-07-20T19:45:00Z,2026-07-20T21:45:00+0200,7884.0,MW,ES,ES,actual_onshore_wind_generation,Wind Onshore,2026-08-19T10:57:03Z
2026-08-19T10:47:00Z,2026-08-19T12:47:00+0200,e079ef81-c4ef-4643-8235-c8ef85358b45,2026-07-20T20:00:00Z,2026-07-20T22:00:00+0200,8272.0,MW,ES,ES,actual_onshore_wind_generation,Wind Onshore,2026-08-19T10:57:03Z
2026-08-19T10:47:00Z,2026-08-19T12:47:00+0200,e079ef81-c4ef-4643-8235-c8ef85358b45,2026-07-20T20:15:00Z,2026-07-20T22:15:00+0200,8448.0,MW,ES,ES,actual_onshore_wind_generation,Wind Onshore,2026-08-19T10:57:03Z
2026-08-19T10:47:00Z,2026-08-19T12:47:00+0200,e079ef81-c4ef-4643-8235-c8ef85358b45,2026-07-20T20:30:00Z,2026-07-20T22:30:00+0200,8444.0,MW,ES,ES,actual_onshore_wind_generation,Wind Onshore,2026-08-19T10:57:03Z
2026-08-19T10:47:00Z,2026-08-19T12:47:00+0200,e079ef81-c4ef-4643-8235-c8ef85358b45,2026-07-20T20:45:00Z,2026-07-20T22:45:00+0200,8476.0,MW,ES,ES,actual_onshore_wind_generation,Wind Onshore,2026-08-19T10:57:03Z
2026-08-19T10:47:00Z,2026-08-19T12:47:00+0200,e079ef81-c4ef-4643-8235-c8ef85358b45,2026-07-20T21:00:00Z,2026-07-20T23:00:00+0200,8548.0,MW,ES,ES,actual_onshore_wind_generation,Wind Onshore,2026-08-19T10:57:03Z
2026-08-19T10:47:00Z,2026-08-19T12:47:00+0200,e079ef81-c4ef-4643-8235-c8ef85358b45,2026-07-20T21:15:00Z,2026-07-20T23:15:00+0200,8744.0,MW,ES,ES,actual_onshore_wind_generation,Wind Onshore,2026-08-19T10:57:03Z
2026-08-19T10:47:00Z,2026-08-19T12:47:00+0200,e079ef81-c4ef-4643-8235-c8ef85358b45,2026-07-20T21:30:00Z,2026-07-20T23:30:00+0200,8792.0,MW,ES,ES,actual_onshore_wind_generation,Wind Onshore,2026-08-19T10:57:03Z
2026-08-19T10:47:00Z,2026-08-19T12:47:00+0200,e079ef81-c4ef-4643-8235-c8ef85358b45,2026-07-20T21:45:00Z,2026-07-20T23:45:00+0200,8688.0,MW,ES,ES,actual_onshore_wind_generation,Wind Onshore,2026-08-19T10:57:03Z
2026-08-19T10:47:00Z,2026-08-19T12:47:00+0200,e079ef81-c4ef-4643-8235-c8ef85358b45,2026-07-20T22:00:00Z,2026-07-21T00:00:00+0200,8508.0,MW,ES,ES,actual_onshore_wind_generation,Wind Onshore,2026-08-19T10:57:03Z
2026-08-19T10:47:00Z,2026-08-19T12:47:00+0200,e079ef81-c4ef-4643-8235-c8ef85358b45,2026-07-20T22:15:00Z,2026-07-21T00:15:00+0200,8392.0,MW,ES,ES,actual_onshore_wind_generation,Wind Onshore,2026-08-19T10:57:03Z
2026-08-19T10:47:00Z,2026-08-19T12:47:00+0200,e079ef81-c4ef-4643-8235-c8ef85358b45,2026-07-20T22:30:00Z,2026-07-21T00:30:00+0200,8344.0,MW,ES,ES,actual_onshore_wind_generation,Wind Onshore,2026-08-19T10:57:03Z
2026-08-19T10:47:00Z,2026-08-19T12:47:00+0200,e079ef81-c4ef-4643-8235-c8ef85358b45,2026-07-20T22:45:00Z,2026-07-21T00:45:00+0200,8256.0,MW,ES,ES,actual_onshore_wind_generation,Wind Onshore,2026-08-19T10:57:03Z
2026-08-19T10:47:00Z,2026-08-19T12:47:00+0200,e079ef81-c4ef-4643-8235-c8ef85358b45,2026-07-20T23:00:00Z,2026-07-21T01:00:00+0200,8188.0,MW,ES,ES,actual_onshore_wind_generation,Wind Onshore,2026-08-19T10:57:03Z
2026-08-19T10:47:00Z,2026-08-19T12:47:00+0200,e079ef81-c4ef-4643-8235-c8ef85358b45,2026-07-20T23:15:00Z,2026-07-21T01:15:00+0200,8136.0,MW,ES,ES,actual_onshore_wind_generation,Wind Onshore,2026-08-19T10:57:03Z
2026-08-19T10:47:00Z,2026-08-19T12:47:00+0200,e079ef81-c4ef-4643-8235-c8ef85358b45,2026-07-20T23:30:00Z,2026-07-21T01:30:00+0200,8088.0,MW,ES,ES,actual_onshore_wind_generation,Wind Onshore,2026-08-19T10:57:03Z
2026-08-19T10:47:00Z,2026-08-19T12:47:00+0200,e079ef81-c4ef-4643-8235-c8ef85358b45,2026-07-20T23:45:00Z,2026-07-21T01:45:00+0200,8076.0,MW,ES,ES,actual_onshore_wind_generation,Wind Onshore,2026-08-19T10:57:03Z
2026-08-19T10:47:00Z,2026-08-19T12:47:00+0200,e079ef81-c4ef-4643-8235-c8ef85358b45,2026-07-21T00:00:00Z,2026-07-21T02:00:00+0200,8052.0,MW,ES,ES,actual_onshore_wind_generation,Wind Onshore,2026-08-19T10:57:03Z
2026-08-19T10:47:00Z,2026-08-19T12:47:00+0200,e079ef81-c4ef-4643-8235-c8ef85358b45,2026-07-21T00:15:00Z,2026-07-21T02:15:00+0200,8052.0,MW,ES,ES,actual_onshore_wind_generation,Wind Onshore,2026-08-19T10:57:03Z
2026-08-19T10:47:00Z,2026-08-19T12:47:00+0200,e079ef81-c4ef-4643-8235-c8ef85358b45,2026-07-21T00:30:00Z,2026-07-21T02:30:00+0200,8060.0,MW,ES,ES,actual_onshore_wind_generation,Wind Onshore,2026-08-19T10:57:03Z
2026-08-19T10:47:00Z,2026-08-19T12:47:00+0200,e079ef81-c4ef-4643-8235-c8ef85358b45,2026-07-21T00:45:00Z,2026-07-21T02:45:00+0200,7928.0,MW,ES,ES,actual_onshore_wind_generation,Wind Onshore,2026-08-19T10:57:03Z
2026-08-19T10:47:00Z,2026-08-19T12:47:00+0200,e079ef81-c4ef-4643-8235-c8ef85358b45,2026-07-21T01:00:00Z,2026-07-21T03:00:00+0200,7748.0,MW,ES,ES,actual_onshore_wind_generation,Wind Onshore,2026-08-19T10:57:03Z
2026-08-19T10:47:00Z,2026-08-19T12:47:00+0200,e079ef81-c4ef-4643-8235-c8ef85358b45,2026-07-21T01:15:00Z,2026-07-21T03:15:00+0200,7784.0,MW,ES,ES,actual_onshore_wind_generation,Wind Onshore,2026-08-19T10:57:03Z
2026-08-19T10:47:00Z,2026-08-19T12:47:00+0200,e079ef81-c4ef-4643-8235-c8ef85358b45,2026-07-21T01:30:00Z,2026-07-21T03:30:00+0200,7864.0,MW,ES,ES,actual_onshore_wind_generation,Wind Onshore,2026-08-19T10:57:03Z
2026-08-19T10:47:00Z,2026-08-19T12:47:00+0200,e079ef81-c4ef-4643-8235-c8ef85358b45,2026-07-21T01:45:00Z,2026-07-21T03:45:00+0200,7892.0,MW,ES,ES,actual_onshore_wind_generation,Wind Onshore,2026-08-19T10:57:03Z
2026-08-19T10:47:00Z,2026-08-19T12:47:00+0200,e079ef81-c4ef-4643-8235-c8ef85358b45,2026-07-21T02:00:00Z,2026-07-21T04:00:00+0200,7820.0,MW,ES,ES,actual_onshore_wind_generation,Wind Onshore,2026-08-19T10:57:03Z
2026-08-19T10:47:00Z,2026-08-19T12:47:00+0200,e079ef81-c4ef-4643-8235-c8ef85358b45,2026-07-21T02:15:00Z,2026-07-21T04:15:00+0200,7852.0,MW,ES,ES,actual_onshore_wind_generation,Wind Onshore,2026-08-19T10:57:03Z
2026-08-19T10:47:00Z,2026-08-19T12:47:00+0200,e079ef81-c4ef-4643-8235-c8ef85358b45,2026-07-21T02:30:00Z,2026-07-21T04:30:00+0200,7788.0,MW,ES,ES,actual_onshore_wind_generation,Wind Onshore,2026-08-19T10:57:03Z
2026-08-19T10:47:00Z,2026-08-19T12:47:00+0200,e079ef81-c4ef-4643-8235-c8ef85358b45,2026-07-21T02:45:00Z,2026-07-21T04:45:00+0200,7732.0,MW,ES,ES,actual_onshore_wind_generation,Wind Onshore,2026-08-19T10:57:03Z
2026-08-19T10:47:00Z,2026-08-19T12:47:00+0200,e079ef81-c4ef-4643-8235-c8ef85358b45,2026-07-21T03:00:00Z,2026-07-21T05:00:00+0200,7524.0,MW,ES,ES,actual_onshore_wind_generation,Wind Onshore,2026-08-19T10:57:03Z
2026-08-19T10:47:00Z,2026-08-19T12:47:00+0200,e079ef81-c4ef-4643-8235-c8ef85358b45,2026-07-21T03:15:00Z,2026-07-21T05:15:00+0200,7496.0,MW,ES,ES,actual_onshore_wind_generation,Wind Onshore,2026-08-19T10:57:03Z
2026-08-19T10:47:00Z,2026-08-19T12:47:00+0200,e079ef81-c4ef-4643-8235-c8ef85358b45,2026-07-21T03:30:00Z,2026-07-21T05:30:00+0200,7524.0,MW,ES,ES,actual_onshore_wind_generation,Wind Onshore,2026-08-19T10:57:03Z
2026-08-19T10:47:00Z,2026-08-19T12:47:00+0200,e079ef81-c4ef-4643-8235-c8ef85358b45,2026-07-21T03:45:00Z,2026-07-21T05:45:00+0200,7372.0,MW,ES,ES,actual_onshore_wind_generation,Wind Onshore,2026-08-19T10:57:03Z
2026-08-19T10:47:00Z,2026-08-19T12:47:00+0200,e079ef81-c4ef-4643-8235-c8ef85358b45,2026-07-21T04:00:00Z,2026-07-21T06:00:00+0200,7168.0,MW,ES,ES,actual_onshore_wind_generation,Wind Onshore,2026-08-19T10:57:03Z
2026-08-19T10:47:00Z,2026-08-19T12:47:00+0200,e079ef81-c4ef-4643-8235-c8ef85358b45,2026-07-21T04:15:00Z,2026-07-21T06:15:00+0200,6940.0,MW,ES,ES,actual_onshore_wind_generation,Wind Onshore,2026-08-19T10:57:03Z
2026-08-19T10:47:00Z,2026-08-19T12:47:00+0200,e079ef81-c4ef-4643-8235-c8ef85358b45,2026-07-21T04:30:00Z,2026-07-21T06:30:00+0200,6804.0,MW,ES,ES,actual_onshore_wind_generation,Wind Onshore,2026-08-19T10:57:03Z
2026-08-19T10:47:00Z,2026-08-19T12:47:00+0200,e079ef81-c4ef-4643-8235-c8ef85358b45,2026-07-21T04:45:00Z,2026-07-21T06:45:00+0200,6560.0,MW,ES,ES,actual_onshore_wind_generation,Wind Onshore,2026-08-19T10:57:03Z
2026-08-19T10:47:00Z,2026-08-19T12:47:00+0200,e079ef81-c4ef-4643-8235-c8ef85358b45,2026-07-21T05:00:00Z,2026-07-21T07:00:00+0200,6436.0,MW,ES,ES,actual_onshore_wind_generation,Wind Onshore,2026-08-19T10:57:03Z
2026-08-19T10:47:00Z,2026-08-19T12:47:00+0200,e079ef81-c4ef-4643-8235-c8ef85358b45,2026-07-21T05:15:00Z,2026-07-21T07:15:00+0200,6496.0,MW,ES,ES,actual_onshore_wind_generation,Wind Onshore,2026-08-19T10:57:03Z
2026-08-19T10:47:00Z,2026-08-19T12:47:00+0200,e079ef81-c4ef-4643-8235-c8ef85358b45,2026-07-21T05:30:00Z,2026-07-21T07:30:00+0200,6432.0,MW,ES,ES,actual_onshore_wind_generation,Wind Onshore,2026-08-19T10:57:03Z
2026-08-19T10:47:00Z,2026-08-19T12:47:00+0200,e079ef81-c4ef-4643-8235-c8ef85358b45,2026-07-21T05:45:00Z,2026-07-21T07:45:00+0200,6212.0,MW,ES,ES,actual_onshore_wind_generation,Wind Onshore,2026-08-19T10:57:03Z
2026-08-19T10:47:00Z,2026-08-19T12:47:00+0200,e079ef81-c4ef-4643-8235-c8ef85358b45,2026-07-21T06:00:00Z,2026-07-21T08:00:00+0200,5988.0,MW,ES,ES,actual_onshore_wind_generation,Wind Onshore,2026-08-19T10:57:03Z
2026-08-19T10:47:00Z,2026-08-19T12:47:00+0200,e079ef81-c4ef-4643-8235-c8ef85358b45,2026-07-21T06:15:00Z,2026-07-21T08:15:00+0200,5760.0,MW,ES,ES,actual_onshore_wind_generation,Wind Onshore,2026-08-19T10:57:03Z
2026-08-19T10:47:00Z,2026-08-19T12:47:00+0200,e079ef81-c4ef-4643-8235-c8ef85358b45,2026-07-21T06:30:00Z,2026-07-21T08:30:00+0200,5424.0,MW,ES,ES,actual_onshore_wind_generation,Wind Onshore,2026-08-19T10:57:03Z
2026-08-19T10:47:00Z,2026-08-19T12:47:00+0200,e079ef81-c4ef-4643-8235-c8ef85358b45,2026-07-21T06:45:00Z,2026-07-21T08:45:00+0200,5156.0,MW,ES,ES,actual_onshore_wind_generation,Wind Onshore,2026-08-19T10:57:03Z
2026-08-19T10:47:00Z,2026-08-19T12:47:00+0200,e079ef81-c4ef-4643-8235-c8ef85358b45,2026-07-21T07:00:00Z,2026-07-21T09:00:00+0200,4904.0,MW,ES,ES,actual_onshore_wind_generation,Wind Onshore,2026-08-19T10:57:03Z
2026-08-19T10:47:00Z,2026-08-19T12:47:00+0200,e079ef81-c4ef-4643-8235-c8ef85358b45,2026-07-21T07:15:00Z,2026-07-21T09:15:00+0200,4808.0,MW,ES,ES,actual_onshore_wind_generation,Wind Onshore,2026-08-19T10:57:03Z
2026-08-19T10:47:00Z,2026-08-19T12:47:00+0200,e079ef81-c4ef-4643-8235-c8ef85358b45,2026-07-21T07:30:00Z,2026-07-21T09:30:00+0200,4616.0,MW,ES,ES,actual_onshore_wind_generation,Wind Onshore,2026-08-19T10:57:03Z
2026-08-19T10:47:00Z,2026-08-19T12:47:00+0200,e079ef81-c4ef-4643-8235-c8ef85358b45,2026-07-21T07:45:00Z,2026-07-21T09:45:00+0200,4404.0,MW,ES,ES,actual_onshore_wind_generation,Wind Onshore,2026-08-19T10:57:03Z
2026-08-19T10:47:00Z,2026-08-19T12:47:00+0200,e079ef81-c4ef-4643-8235-c8ef85358b45,2026-07-21T08:00:00Z,2026-07-21T10:00:00+0200,4316.0,MW,ES,ES,actual_onshore_wind_generation,Wind Onshore,2026-08-19T10:57:03Z
2026-08-19T10:47:00Z,2026-08-19T12:47:00+0200,e079ef81-c4ef-4643-8235-c8ef85358b45,2026-07-21T08:15:00Z,2026-07-21T10:15:00+0200,4188.0,MW,ES,ES,actual_onshore_wind_generation,Wind Onshore,2026-08-19T10:57:03Z
2026-08-19T10:47:00Z,2026-08-19T12:47:00+0200,e079ef81-c4ef-4643-8235-c8ef85358b45,2026-07-21T08:30:00Z,2026-07-21T10:30:00+0200,3604.0,MW,ES,ES,actual_onshore_wind_generation,Wind Onshore,2026-08-19T10:57:03Z
2026-08-19T10:47:00Z,2026-08-19T12:47:00+0200,e079ef81-c4ef-4643-8235-c8ef85358b45,2026-07-21T08:45:00Z,2026-07-21T10:45:00+0200,3404.0,MW,ES,ES,actual_onshore_wind_generation,Wind Onshore,2026-08-19T10:57:03Z
2026-08-19T10:47:00Z,2026-08-19T12:47:00+0200,e079ef81-c4ef-4643-8235-c8ef85358b45,2026-07-21T09:00:00Z,2026-07-21T11:00:00+0200,3340.0,MW,ES,ES,actual_onshore_wind_generation,Wind Onshore,2026-08-19T10:57:03Z
2026-08-19T10:47:00Z,2026-08-19T12:47:00+0200,e079ef81-c4ef-4643-8235-c8ef85358b45,2026-07-21T09:15:00Z,2026-07-21T11:15:00+0200,3408.0,MW,ES,ES,actual_onshore_wind_generation,Wind Onshore,2026-08-19T10:57:03Z
2026-08-19T10:47:00Z,2026-08-19T12:47:00+0200,e079ef81-c4ef-4643-8235-c8ef85358b45,2026-07-21T09:30:00Z,2026-07-21T11:30:00+0200,3292.0,MW,ES,ES,actual_onshore_wind_generation,Wind Onshore,2026-08-19T10:57:03Z
2026-08-19T10:47:00Z,2026-08-19T12:47:00+0200,e079ef81-c4ef-4643-8235-c8ef85358b45,2026-07-21T09:45:00Z,2026-07-21T11:45:00+0200,3152.0,MW,ES,ES,actual_onshore_wind_generation,Wind Onshore,2026-08-19T10:57:03Z
2026-08-19T10:47:00Z,2026-08-19T12:47:00+0200,e079ef81-c4ef-4643-8235-c8ef85358b45,2026-07-21T10:00:00Z,2026-07-21T12:00:00+0200,3184.0,MW,ES,ES,actual_onshore_wind_generation,Wind Onshore,2026-08-19T10:57:03Z
2026-08-19T10:47:00Z,2026-08-19T12:47:00+0200,e079ef81-c4ef-4643-8235-c8ef85358b45,2026-07-21T10:15:00Z,2026-07-21T12:15:00+0200,3312.0,MW,ES,ES,actual_onshore_wind_generation,Wind Onshore,2026-08-19T10:57:03Z
2026-08-19T10:47:00Z,2026-08-19T12:47:00+0200,e079ef81-c4ef-4643-8235-c8ef85358b45,2026-07-21T10:30:00Z,2026-07-21T12:30:00+0200,3376.0,MW,ES,ES,actual_onshore_wind_generation,Wind Onshore,2026-08-19T10:57:03Z
2026-08-19T10:47:00Z,2026-08-19T12:47:00+0200,e079ef81-c4ef-4643-8235-c8ef85358b45,2026-07-21T10:45:00Z,2026-07-21T12:45:00+0200,3272.0,MW,ES,ES,actual_onshore_wind_generation,Wind Onshore,2026-08-19T10:57:03Z
2026-08-19T10:47:00Z,2026-08-19T12:47:00+0200,e079ef81-c4ef-4643-8235-c8ef85358b45,2026-07-21T11:00:00Z,2026-07-21T13:00:00+0200,3304.0,MW,ES,ES,actual_onshore_wind_generation,Wind Onshore,2026-08-19T10:57:03Z
2026-08-19T10:47:00Z,2026-08-19T12:47:00+0200,e079ef81-c4ef-4643-8235-c8ef85358b45,2026-07-21T11:15:00Z,2026-07-21T13:15:00+0200,3336.0,MW,ES,ES,actual_onshore_wind_generation,Wind Onshore,2026-08-19T10:57:03Z
2026-08-19T10:47:00Z,2026-08-19T12:47:00+0200,e079ef81-c4ef-4643-8235-c8ef85358b45,2026-07-21T11:30:00Z,2026-07-21T13:30:00+0200,3348.0,MW,ES,ES,actual_onshore_wind_generation,Wind Onshore,2026-08-19T10:57:03Z
2026-08-19T10:47:00Z,2026-08-19T12:47:00+0200,e079ef81-c4ef-4643-8235-c8ef85358b45,2026-07-21T11:45:00Z,2026-07-21T13:45:00+0200,3432.0,MW,ES,ES,actual_onshore_wind_generation,Wind Onshore,2026-08-19T10:57:03Z
2026-08-19T10:47:00Z,2026-08-19T12:47:00+0200,e079ef81-c4ef-4643-8235-c8ef85358b45,2026-07-21T12:00:00Z,2026-07-21T14:00:00+0200,3480.0,MW,ES,ES,actual_onshore_wind_generation,Wind Onshore,2026-08-19T10:57:03Z
2026-08-19T10:47:00Z,2026-08-19T12:47:00+0200,e079ef81-c4ef-4643-8235-c8ef85358b45,2026-07-21T12:15:00Z,2026-07-21T14:15:00+0200,3472.0,MW,ES,ES,actual_onshore_wind_generation,Wind Onshore,2026-08-19T10:57:03Z
2026-08-19T10:47:00Z,2026-08-19T12:47:00+0200,e079ef81-c4ef-4643-8235-c8ef85358b45,2026-07-21T12:30:00Z,2026-07-21T14:30:00+0200,3688.0,MW,ES,ES,actual_onshore_wind_generation,Wind Onshore,2026-08-19T10:57:03Z
2026-08-19T10:47:00Z,2026-08-19T12:47:00+0200,e079ef81-c4ef-4643-8235-c8ef85358b45,2026-07-21T12:45:00Z,2026-07-21T14:45:00+0200,4180.0,MW,ES,ES,actual_onshore_wind_generation,Wind Onshore,2026-08-19T10:57:03Z
2026-08-19T10:47:00Z,2026-08-19T12:47:00+0200,e079ef81-c4ef-4643-8235-c8ef85358b45,2026-07-21T13:00:00Z,2026-07-21T15:00:00+0200,4372.0,MW,ES,ES,actual_onshore_wind_generation,Wind Onshore,2026-08-19T10:57:03Z
2026-08-19T10:47:00Z,2026-08-19T12:47:00+0200,e079ef81-c4ef-4643-8235-c8ef85358b45,2026-07-21T13:15:00Z,2026-07-21T15:15:00+0200,4544.0,MW,ES,ES,actual_onshore_wind_generation,Wind Onshore,2026-08-19T10:57:03Z
2026-08-19T10:47:00Z,2026-08-19T12:47:00+0200,e079ef81-c4ef-4643-8235-c8ef85358b45,2026-07-21T13:30:00Z,2026-07-21T15:30:00+0200,4684.0,MW,ES,ES,actual_onshore_wind_generation,Wind Onshore,2026-08-19T10:57:03Z
2026-08-19T10:47:00Z,2026-08-19T12:47:00+0200,e079ef81-c4ef-4643-8235-c8ef85358b45,2026-07-21T13:45:00Z,2026-07-21T15:45:00+0200,4652.0,MW,ES,ES,actual_onshore_wind_generation,Wind Onshore,2026-08-19T10:57:03Z
2026-08-19T10:47:00Z,2026-08-19T12:47:00+0200,e079ef81-c4ef-4643-8235-c8ef85358b45,2026-07-21T14:00:00Z,2026-07-21T16:00:00+0200,4856.0,MW,ES,ES,actual_onshore_wind_generation,Wind Onshore,2026-08-19T10:57:03Z
2026-08-19T10:47:00Z,2026-08-19T12:47:00+0200,e079ef81-c4ef-4643-8235-c8ef85358b45,2026-07-21T14:15:00Z,2026-07-21T16:15:00+0200,5180.0,MW,ES,ES,actual_onshore_wind_generation,Wind Onshore,2026-08-19T10:57:03Z
2026-08-19T10:47:00Z,2026-08-19T12:47:00+0200,e079ef81-c4ef-4643-8235-c8ef85358b45,2026-07-21T14:30:00Z,2026-07-21T16:30:00+0200,5464.0,MW,ES,ES,actual_onshore_wind_generation,Wind Onshore,2026-08-19T10:57:03Z
2026-08-19T10:47:00Z,2026-08-19T12:47:00+0200,e079ef81-c4ef-4643-8235-c8ef85358b45,2026-07-21T14:45:00Z,2026-07-21T16:45:00+0200,5732.0,MW,ES,ES,actual_onshore_wind_generation,Wind Onshore,2026-08-19T10:57:03Z
2026-08-19T10:47:00Z,2026-08-19T12:47:00+0200,e079ef81-c4ef-4643-8235-c8ef85358b45,2026-07-21T15:00:00Z,2026-07-21T17:00:00+0200,5852.0,MW,ES,ES,actual_onshore_wind_generation,Wind Onshore,2026-08-19T10:57:03Z
2026-08-19T10:47:00Z,2026-08-19T12:47:00+0200,e079ef81-c4ef-4643-8235-c8ef85358b45,2026-07-21T15:15:00Z,2026-07-21T17:15:00+0200,5764.0,MW,ES,ES,actual_onshore_wind_generation,Wind Onshore,2026-08-19T10:57:03Z
2026-08-19T10:47:00Z,2026-08-19T12:47:00+0200,e079ef81-c4ef-4643-8235-c8ef85358b45,2026-07-21T15:30:00Z,2026-07-21T17:30:00+0200,5512.0,MW,ES,ES,actual_onshore_wind_generation,Wind Onshore,2026-08-19T10:57:03Z
2026-08-19T10:47:00Z,2026-08-19T12:47:00+0200,e079ef81-c4ef-4643-8235-c8ef85358b45,2026-07-21T15:45:00Z,2026-07-21T17:45:00+0200,5508.0,MW,ES,ES,actual_onshore_wind_generation,Wind Onshore,2026-08-19T10:57:03Z
2026-08-19T10:47:00Z,2026-08-19T12:47:00+0200,e079ef81-c4ef-4643-8235-c8ef85358b45,2026-07-21T16:00:00Z,2026-07-21T18:00:00+0200,5452.0,MW,ES,ES,actual_onshore_wind_generation,Wind Onshore,2026-08-19T10:57:03Z
2026-08-19T10:47:00Z,2026-08-19T12:47:00+0200,e079ef81-c4ef-4643-8235-c8ef85358b45,2026-07-21T16:15:00Z,2026-07-21T18:15:00+0200,5408.0,MW,ES,ES,actual_onshore_wind_generation,Wind Onshore,2026-08-19T10:57:03Z
2026-08-19T10:47:00Z,2026-08-19T12:47:00+0200,e079ef81-c4ef-4643-8235-c8ef85358b45,2026-07-21T16:30:00Z,2026-07-21T18:30:00+0200,5492.0,MW,ES,ES,actual_onshore_wind_generation,Wind Onshore,2026-08-19T10:57:03Z
2026-08-19T10:47:00Z,2026-08-19T12:47:00+0200,e079ef81-c4ef-4643-8235-c8ef85358b45,2026-07-21T16:45:00Z,2026-07-21T18:45:00+0200,5772.0,MW,ES,ES,actual_onshore_wind_generation,Wind Onshore,2026-08-19T10:57:03Z
2026-08-19T10:47:00Z,2026-08-19T12:47:00+0200,e079ef81-c4ef-4643-8235-c8ef85358b45,2026-07-21T17:00:00Z,2026-07-21T19:00:00+0200,5896.0,MW,ES,ES,actual_onshore_wind_generation,Wind Onshore,2026-08-19T10:57:03Z
2026-08-19T10:47:00Z,2026-08-19T12:47:00+0200,e079ef81-c4ef-4643-8235-c8ef85358b45,2026-07-21T17:15:00Z,2026-07-21T19:15:00+0200,6132.0,MW,ES,ES,actual_onshore_wind_generation,Wind Onshore,2026-08-19T10:57:03Z
2026-08-19T10:47:00Z,2026-08-19T12:47:00+0200,e079ef81-c4ef-4643-8235-c8ef85358b45,2026-07-21T17:30:00Z,2026-07-21T19:30:00+0200,6256.0,MW,ES,ES,actual_onshore_wind_generation,Wind Onshore,2026-08-19T10:57:03Z
2026-08-19T10:47:00Z,2026-08-19T12:47:00+0200,e079ef81-c4ef-4643-8235-c8ef85358b45,2026-07-21T17:45:00Z,2026-07-21T19:45:00+0200,6472.0,MW,ES,ES,actual_onshore_wind_generation,Wind Onshore,2026-08-19T10:57:03Z
2026-08-19T10:47:00Z,2026-08-19T12:47:00+0200,e079ef81-c4ef-4643-8235-c8ef85358b45,2026-07-21T18:00:00Z,2026-07-21T20:00:00+0200,6808.0,MW,ES,ES,actual_onshore_wind_generation,Wind Onshore,2026-08-19T10:57:03Z
2026-08-19T10:47:00Z,2026-08-19T12:47:00+0200,e079ef81-c4ef-4643-8235-c8ef85358b45,2026-07-21T18:15:00Z,2026-07-21T20:15:00+0200,6932.0,MW,ES,ES,actual_onshore_wind_generation,Wind Onshore,2026-08-19T10:57:03Z
2026-08-19T10:47:00Z,2026-08-19T12:47:00+0200,e079ef81-c4ef-4643-8235-c8ef85358b45,2026-07-21T18:30:00Z,2026-07-21T20:30:00+0200,6856.0,MW,ES,ES,actual_onshore_wind_generation,Wind Onshore,2026-08-19T10:57:03Z
2026-08-19T10:47:00Z,2026-08-19T12:47:00+0200,e079ef81-c4ef-4643-8235-c8ef85358b45,2026-07-21T18:45:00Z,2026-07-21T20:45:00+0200,6852.0,MW,ES,ES,actual_onshore_wind_generation,Wind Onshore,2026-08-19T10:57:03Z
2026-08-19T10:47:00Z,2026-08-19T12:47:00+0200,e079ef81-c4ef-4643-8235-c8ef85358b45,2026-07-21T19:00:00Z,2026-07-21T21:00:00+0200,6892.0,MW,ES,ES,actual_onshore_wind_generation,Wind Onshore,2026-08-19T10:57:03Z
2026-08-19T10:47:00Z,2026-08-19T12:47:00+0200,e079ef81-c4ef-4643-8235-c8ef85358b45,2026-07-21T19:15:00Z,2026-07-21T21:15:00+0200,6944.0,MW,ES,ES,actual_onshore_wind_generation,Wind Onshore,2026-08-19T10:57:03Z
2026-08-19T10:47:00Z,2026-08-19T12:47:00+0200,e079ef81-c4ef-4643-8235-c8ef85358b45,2026-07-21T19:30:00Z,2026-07-21T21:30:00+0200,6948.0,MW,ES,ES,actual_onshore_wind_generation,Wind Onshore,2026-08-19T10:57:03Z
2026-08-19T10:47:00Z,2026-08-19T12:47:00+0200,e079ef81-c4ef-4643-8235-c8ef85358b45,2026-07-21T19:45:00Z,2026-07-21T21:45:00+0200,7048.0,MW,ES,ES,actual_onshore_wind_generation,Wind Onshore,2026-08-19T10:57:03Z
2026-08-19T10:47:00Z,2026-08-19T12:47:00+0200,e079ef81-c4ef-4643-8235-c8ef85358b45,2026-07-21T20:00:00Z,2026-07-21T22:00:00+0200,7320.0,MW,ES,ES,actual_onshore_wind_generation,Wind Onshore,2026-08-19T10:57:03Z
2026-08-19T10:47:00Z,2026-08-19T12:47:00+0200,e079ef81-c4ef-4643-8235-c8ef85358b45,2026-07-21T20:15:00Z,2026-07-21T22:15:00+0200,7416.0,MW,ES,ES,actual_onshore_wind_generation,Wind Onshore,2026-08-19T10:57:03Z
2026-08-19T10:47:00Z,2026-08-19T12:47:00+0200,e079ef81-c4ef-4643-8235-c8ef85358b45,2026-07-21T20:30:00Z,2026-07-21T22:30:00+0200,7524.0,MW,ES,ES,actual_onshore_wind_generation,Wind Onshore,2026-08-19T10:57:03Z
2026-08-19T10:47:00Z,2026-08-19T12:47:00+0200,e079ef81-c4ef-4643-8235-c8ef85358b45,2026-07-21T20:45:00Z,2026-07-21T22:45:00+0200,7548.0,MW,ES,ES,actual_onshore_wind_generation,Wind Onshore,2026-08-19T10:57:03Z
2026-08-19T10:47:00Z,2026-08-19T12:47:00+0200,e079ef81-c4ef-4643-8235-c8ef85358b45,2026-07-21T21:00:00Z,2026-07-21T23:00:00+0200,7644.0,MW,ES,ES,actual_onshore_wind_generation,Wind Onshore,2026-08-19T10:57:03Z
2026-08-19T10:47:00Z,2026-08-19T12:47:00+0200,e079ef81-c4ef-4643-8235-c8ef85358b45,2026-07-21T21:15:00Z,2026-07-21T23:15:00+0200,7804.0,MW,ES,ES,actual_onshore_wind_generation,Wind Onshore,2026-08-19T10:57:03Z
2026-08-19T10:47:00Z,2026-08-19T12:47:00+0200,e079ef81-c4ef-4643-8235-c8ef85358b45,2026-07-21T21:30:00Z,2026-07-21T23:30:00+0200,7736.0,MW,ES,ES,actual_onshore_wind_generation,Wind Onshore,2026-08-19T10:57:03Z
2026-08-19T10:47:00Z,2026-08-19T12:47:00+0200,e079ef81-c4ef-4643-8235-c8ef85358b45,2026-07-21T21:45:00Z,2026-07-21T23:45:00+0200,7884.0,MW,ES,ES,actual_onshore_wind_generation,Wind Onshore,2026-08-19T10:57:03Z
2026-08-19T10:47:00Z,2026-08-19T12:47:00+0200,e079ef81-c4ef-4643-8235-c8ef85358b45,2026-07-21T22:00:00Z,2026-07-22T00:00:00+0200,7968.0,MW,ES,ES,actual_onshore_wind_generation,Wind Onshore,2026-08-19T10:57:03Z
2026-08-19T10:47:00Z,2026-08-19T12:47:00+0200,e079ef81-c4ef-4643-8235-c8ef85358b45,2026-07-21T22:15:00Z,2026-07-22T00:15:00+0200,8088.0,MW,ES,ES,actual_onshore_wind_generation,Wind Onshore,2026-08-19T10:57:03Z
2026-08-19T10:47:00Z,2026-08-19T12:47:00+0200,e079ef81-c4ef-4643-8235-c8ef85358b45,2026-07-21T22:30:00Z,2026-07-22T00:30:00+0200,8184.0,MW,ES,ES,actual_onshore_wind_generation,Wind Onshore,2026-08-19T10:57:03Z
2026-08-19T10:47:00Z,2026-08-19T12:47:00+0200,e079ef81-c4ef-4643-8235-c8ef85358b45,2026-07-21T22:45:00Z,2026-07-22T00:45:00+0200,8172.0,MW,ES,ES,actual_onshore_wind_generation,Wind Onshore,2026-08-19T10:57:03Z
2026-08-19T10:47:00Z,2026-08-19T12:47:00+0200,e079ef81-c4ef-4643-8235-c8ef85358b45,2026-07-21T23:00:00Z,2026-07-22T01:00:00+0200,8048.0,MW,ES,ES,actual_onshore_wind_generation,Wind Onshore,2026-08-19T10:57:03Z
2026-08-19T10:47:00Z,2026-08-19T12:47:00+0200,e079ef81-c4ef-4643-8235-c8ef85358b45,2026-07-21T23:15:00Z,2026-07-22T01:15:00+0200,7960.0,MW,ES,ES,actual_onshore_wind_generation,Wind Onshore,2026-08-19T10:57:03Z
2026-08-19T10:47:00Z,2026-08-19T12:47:00+0200,e079ef81-c4ef-4643-8235-c8ef85358b45,2026-07-21T23:30:00Z,2026-07-22T01:30:00+0200,7876.0,MW,ES,ES,actual_onshore_wind_generation,Wind Onshore,2026-08-19T10:57:03Z
2026-08-19T10:47:00Z,2026-08-19T12:47:00+0200,e079ef81-c4ef-4643-8235-c8ef85358b45,2026-07-21T23:45:00Z,2026-07-22T01:45:00+0200,7704.0,MW,ES,ES,actual_onshore_wind_generation,Wind Onshore,2026-08-19T10:57:03Z
2026-08-19T10:47:00Z,2026-08-19T12:47:00+0200,e079ef81-c4ef-4643-8235-c8ef85358b45,2026-07-22T00:00:00Z,2026-07-22T02:00:00+0200,7460.0,MW,ES,ES,actual_onshore_wind_generation,Wind Onshore,2026-08-19T10:57:03Z
2026-08-19T10:47:00Z,2026-08-19T12:47:00+0200,e079ef81-c4ef-4643-8235-c8ef85358b45,2026-07-22T00:15:00Z,2026-07-22T02:15:00+0200,7176.0,MW,ES,ES,actual_onshore_wind_generation,Wind Onshore,2026-08-19T10:57:03Z
2026-08-19T10:47:00Z,2026-08-19T12:47:00+0200,e079ef81-c4ef-4643-8235-c8ef85358b45,2026-07-22T00:30:00Z,2026-07-22T02:30:00+0200,6960.0,MW,ES,ES,actual_onshore_wind_generation,Wind Onshore,2026-08-19T10:57:03Z
2026-08-19T10:47:00Z,2026-08-19T12:47:00+0200,e079ef81-c4ef-4643-8235-c8ef85358b45,2026-07-22T00:45:00Z,2026-07-22T02:45:00+0200,6728.0,MW,ES,ES,actual_onshore_wind_generation,Wind Onshore,2026-08-19T10:57:03Z
2026-08-19T10:47:00Z,2026-08-19T12:47:00+0200,e079ef81-c4ef-4643-8235-c8ef85358b45,2026-07-22T01:00:00Z,2026-07-22T03:00:00+0200,6380.0,MW,ES,ES,actual_onshore_wind_generation,Wind Onshore,2026-08-19T10:57:03Z
2026-08-19T10:47:00Z,2026-08-19T12:47:00+0200,e079ef81-c4ef-4643-8235-c8ef85358b45,2026-07-22T01:15:00Z,2026-07-22T03:15:00+0200,6132.0,MW,ES,ES,actual_onshore_wind_generation,Wind Onshore,2026-08-19T10:57:03Z
2026-08-19T10:47:00Z,2026-08-19T12:47:00+0200,e079ef81-c4ef-4643-8235-c8ef85358b45,2026-07-22T01:30:00Z,2026-07-22T03:30:00+0200,5912.0,MW,ES,ES,actual_onshore_wind_generation,Wind Onshore,2026-08-19T10:57:03Z
2026-08-19T10:47:00Z,2026-08-19T12:47:00+0200,e079ef81-c4ef-4643-8235-c8ef85358b45,2026-07-22T01:45:00Z,2026-07-22T03:45:00+0200,5660.0,MW,ES,ES,actual_onshore_wind_generation,Wind Onshore,2026-08-19T10:57:03Z
2026-08-19T10:47:00Z,2026-08-19T12:47:00+0200,e079ef81-c4ef-4643-8235-c8ef85358b45,2026-07-22T02:00:00Z,2026-07-22T04:00:00+0200,5420.0,MW,ES,ES,actual_onshore_wind_generation,Wind Onshore,2026-08-19T10:57:03Z
2026-08-19T10:47:00Z,2026-08-19T12:47:00+0200,e079ef81-c4ef-4643-8235-c8ef85358b45,2026-07-22T02:15:00Z,2026-07-22T04:15:00+0200,5172.0,MW,ES,ES,actual_onshore_wind_generation,Wind Onshore,2026-08-19T10:57:03Z
2026-08-19T10:47:00Z,2026-08-19T12:47:00+0200,e079ef81-c4ef-4643-8235-c8ef85358b45,2026-07-22T02:30:00Z,2026-07-22T04:30:00+0200,4972.0,MW,ES,ES,actual_onshore_wind_generation,Wind Onshore,2026-08-19T10:57:03Z
2026-08-19T10:47:00Z,2026-08-19T12:47:00+0200,e079ef81-c4ef-4643-8235-c8ef85358b45,2026-07-22T02:45:00Z,2026-07-22T04:45:00+0200,4724.0,MW,ES,ES,actual_onshore_wind_generation,Wind Onshore,2026-08-19T10:57:03Z
2026-08-19T10:47:00Z,2026-08-19T12:47:00+0200,e079ef81-c4ef-4643-8235-c8ef85358b45,2026-07-22T03:00:00Z,2026-07-22T05:00:00+0200,4560.0,MW,ES,ES,actual_onshore_wind_generation,Wind Onshore,2026-08-19T10:57:03Z
2026-08-19T10:47:00Z,2026-08-19T12:47:00+0200,e079ef81-c4ef-4643-8235-c8ef85358b45,2026-07-22T03:15:00Z,2026-07-22T05:15:00+0200,4440.0,MW,ES,ES,actual_onshore_wind_generation,Wind Onshore,2026-08-19T10:57:03Z
2026-08-19T10:47:00Z,2026-08-19T12:47:00+0200,e079ef81-c4ef-4643-8235-c8ef85358b45,2026-07-22T03:30:00Z,2026-07-22T05:30:00+0200,4312.0,MW,ES,ES,actual_onshore_wind_generation,Wind Onshore,2026-08-19T10:57:03Z
2026-08-19T10:47:00Z,2026-08-19T12:47:00+0200,e079ef81-c4ef-4643-8235-c8ef85358b45,2026-07-22T03:45:00Z,2026-07-22T05:45:00+0200,4060.0,MW,ES,ES,actual_onshore_wind_generation,Wind Onshore,2026-08-19T10:57:03Z
2026-08-19T10:47:00Z,2026-08-19T12:47:00+0200,e079ef81-c4ef-4643-8235-c8ef85358b45,2026-07-22T04:00:00Z,2026-07-22T06:00:00+0200,3944.0,MW,ES,ES,actual_onshore_wind_generation,Wind Onshore,2026-08-19T10:57:03Z
2026-08-19T10:47:00Z,2026-08-19T12:47:00+0200,e079ef81-c4ef-4643-8235-c8ef85358b45,2026-07-22T04:15:00Z,2026-07-22T06:15:00+0200,3892.0,MW,ES,ES,actual_onshore_wind_generation,Wind Onshore,2026-08-19T10:57:03Z
2026-08-19T10:47:00Z,2026-08-19T12:47:00+0200,e079ef81-c4ef-4643-8235-c8ef85358b45,2026-07-22T04:30:00Z,2026-07-22T06:30:00+0200,3704.0,MW,ES,ES,actual_onshore_wind_generation,Wind Onshore,2026-08-19T10:57:03Z
2026-08-19T10:47:00Z,2026-08-19T12:47:00+0200,e079ef81-c4ef-4643-8235-c8ef85358b45,2026-07-22T04:45:00Z,2026-07-22T06:45:00+0200,3500.0,MW,ES,ES,actual_onshore_wind_generation,Wind Onshore,2026-08-19T10:57:03Z
2026-08-19T10:47:00Z,2026-08-19T12:47:00+0200,e079ef81-c4ef-4643-8235-c8ef85358b45,2026-07-22T05:00:00Z,2026-07-22T07:00:00+0200,3436.0,MW,ES,ES,actual_onshore_wind_generation,Wind Onshore,2026-08-19T10:57:03Z
2026-08-19T10:47:00Z,2026-08-19T12:47:00+0200,e079ef81-c4ef-4643-8235-c8ef85358b45,2026-07-22T05:15:00Z,2026-07-22T07:15:00+0200,3324.0,MW,ES,ES,actual_onshore_wind_generation,Wind Onshore,2026-08-19T10:57:03Z
2026-08-19T10:47:00Z,2026-08-19T12:47:00+0200,e079ef81-c4ef-4643-8235-c8ef85358b45,2026-07-22T05:30:00Z,2026-07-22T07:30:00+0200,3184.0,MW,ES,ES,actual_onshore_wind_generation,Wind Onshore,2026-08-19T10:57:03Z
2026-08-19T10:47:00Z,2026-08-19T12:47:00+0200,e079ef81-c4ef-4643-8235-c8ef85358b45,2026-07-22T05:45:00Z,2026-07-22T07:45:00+0200,3028.0,MW,ES,ES,actual_onshore_wind_generation,Wind Onshore,2026-08-19T10:57:03Z
2026-08-19T10:47:00Z,2026-08-19T12:47:00+0200,e079ef81-c4ef-4643-8235-c8ef85358b45,2026-07-22T06:00:00Z,2026-07-22T08:00:00+0200,2820.0,MW,ES,ES,actual_onshore_wind_generation,Wind Onshore,2026-08-19T10:57:03Z
2026-08-19T10:47:00Z,2026-08-19T12:47:00+0200,e079ef81-c4ef-4643-8235-c8ef85358b45,2026-07-22T06:15:00Z,2026-07-22T08:15:00+0200,2604.0,MW,ES,ES,actual_onshore_wind_generation,Wind Onshore,2026-08-19T10:57:03Z
2026-08-19T10:47:00Z,2026-08-19T12:47:00+0200,e079ef81-c4ef-4643-8235-c8ef85358b45,2026-07-22T06:30:00Z,2026-07-22T08:30:00+0200,2400.0,MW,ES,ES,actual_onshore_wind_generation,Wind Onshore,2026-08-19T10:57:03Z
2026-08-19T10:47:00Z,2026-08-19T12:47:00+0200,e079ef81-c4ef-4643-8235-c8ef85358b45,2026-07-22T06:45:00Z,2026-07-22T08:45:00+0200,2120.0,MW,ES,ES,actual_onshore_wind_generation,Wind Onshore,2026-08-19T10:57:03Z
2026-08-19T10:47:00Z,2026-08-19T12:47:00+0200,e079ef81-c4ef-4643-8235-c8ef85358b45,2026-07-22T07:00:00Z,2026-07-22T09:00:00+0200,1852.0,MW,ES,ES,actual_onshore_wind_generation,Wind Onshore,2026-08-19T10:57:03Z
2026-08-19T10:47:00Z,2026-08-19T12:47:00+0200,e079ef81-c4ef-4643-8235-c8ef85358b45,2026-07-22T07:15:00Z,2026-07-22T09:15:00+0200,1788.0,MW,ES,ES,actual_onshore_wind_generation,Wind Onshore,2026-08-19T10:57:03Z
2026-08-19T10:47:00Z,2026-08-19T12:47:00+0200,e079ef81-c4ef-4643-8235-c8ef85358b45,2026-07-22T07:30:00Z,2026-07-22T09:30:00+0200,1792.0,MW,ES,ES,actual_onshore_wind_generation,Wind Onshore,2026-08-19T10:57:03Z
2026-08-19T10:47:00Z,2026-08-19T12:47:00+0200,e079ef81-c4ef-4643-8235-c8ef85358b45,2026-07-22T07:45:00Z,2026-07-22T09:45:00+0200,1652.0,MW,ES,ES,actual_onshore_wind_generation,Wind Onshore,2026-08-19T10:57:03Z
2026-08-19T10:47:00Z,2026-08-19T12:47:00+0200,e079ef81-c4ef-4643-8235-c8ef85358b45,2026-07-22T08:00:00Z,2026-07-22T10:00:00+0200,1572.0,MW,ES,ES,actual_onshore_wind_generation,Wind Onshore,2026-08-19T10:57:03Z
2026-08-19T10:47:00Z,2026-08-19T12:47:00+0200,e079ef81-c4ef-4643-8235-c8ef85358b45,2026-07-22T08:15:00Z,2026-07-22T10:15:00+0200,1544.0,MW,ES,ES,actual_onshore_wind_generation,Wind Onshore,2026-08-19T10:57:03Z
2026-08-19T10:47:00Z,2026-08-19T12:47:00+0200,e079ef81-c4ef-4643-8235-c8ef85358b45,2026-07-22T08:30:00Z,2026-07-22T10:30:00+0200,1476.0,MW,ES,ES,actual_onshore_wind_generation,Wind Onshore,2026-08-19T10:57:03Z
2026-08-19T10:47:00Z,2026-08-19T12:47:00+0200,e079ef81-c4ef-4643-8235-c8ef85358b45,2026-07-22T08:45:00Z,2026-07-22T10:45:00+0200,1432.0,MW,ES,ES,actual_onshore_wind_generation,Wind Onshore,2026-08-19T10:57:03Z
2026-08-19T10:47:00Z,2026-08-19T12:47:00+0200,e079ef81-c4ef-4643-8235-c8ef85358b45,2026-07-22T09:00:00Z,2026-07-22T11:00:00+0200,1444.0,MW,ES,ES,actual_onshore_wind_generation,Wind Onshore,2026-08-19T10:57:03Z
2026-08-19T10:47:00Z,2026-08-19T12:47:00+0200,e079ef81-c4ef-4643-8235-c8ef85358b45,2026-07-22T09:15:00Z,2026-07-22T11:15:00+0200,1524.0,MW,ES,ES,actual_onshore_wind_generation,Wind Onshore,2026-08-19T10:57:03Z
2026-08-19T10:47:00Z,2026-08-19T12:47:00+0200,e079ef81-c4ef-4643-8235-c8ef85358b45,2026-07-22T09:30:00Z,2026-07-22T11:30:00+0200,1532.0,MW,ES,ES,actual_onshore_wind_generation,Wind Onshore,2026-08-19T10:57:03Z
2026-08-19T10:47:00Z,2026-08-19T12:47:00+0200,e079ef81-c4ef-4643-8235-c8ef85358b45,2026-07-22T09:45:00Z,2026-07-22T11:45:00+0200,1536.0,MW,ES,ES,actual_onshore_wind_generation,Wind Onshore,2026-08-19T10:57:03Z
2026-08-19T10:47:00Z,2026-08-19T12:47:00+0200,e079ef81-c4ef-4643-8235-c8ef85358b45,2026-07-22T10:00:00Z,2026-07-22T12:00:00+0200,1544.0,MW,ES,ES,actual_onshore_wind_generation,Wind Onshore,2026-08-19T10:57:03Z
2026-08-19T10:47:00Z,2026-08-19T12:47:00+0200,e079ef81-c4ef-4643-8235-c8ef85358b45,2026-07-22T10:15:00Z,2026-07-22T12:15:00+0200,1564.0,MW,ES,ES,actual_onshore_wind_generation,Wind Onshore,2026-08-19T10:57:03Z
2026-08-19T10:47:00Z,2026-08-19T12:47:00+0200,e079ef81-c4ef-4643-8235-c8ef85358b45,2026-07-22T10:30:00Z,2026-07-22T12:30:00+0200,1644.0,MW,ES,ES,actual_onshore_wind_generation,Wind Onshore,2026-08-19T10:57:03Z
2026-08-19T10:47:00Z,2026-08-19T12:47:00+0200,e079ef81-c4ef-4643-8235-c8ef85358b45,2026-07-22T10:45:00Z,2026-07-22T12:45:00+0200,1580.0,MW,ES,ES,actual_onshore_wind_generation,Wind Onshore,2026-08-19T10:57:03Z
2026-08-19T10:47:00Z,2026-08-19T12:47:00+0200,e079ef81-c4ef-4643-8235-c8ef85358b45,2026-07-22T11:00:00Z,2026-07-22T13:00:00+0200,1492.0,MW,ES,ES,actual_onshore_wind_generation,Wind Onshore,2026-08-19T10:57:03Z
2026-08-19T10:47:00Z,2026-08-19T12:47:00+0200,e079ef81-c4ef-4643-8235-c8ef85358b45,2026-07-22T11:15:00Z,2026-07-22T13:15:00+0200,1524.0,MW,ES,ES,actual_onshore_wind_generation,Wind Onshore,2026-08-19T10:57:03Z
2026-08-19T10:47:00Z,2026-08-19T12:47:00+0200,e079ef81-c4ef-4643-8235-c8ef85358b45,2026-07-22T11:30:00Z,2026-07-22T13:30:00+0200,1768.0,MW,ES,ES,actual_onshore_wind_generation,Wind Onshore,2026-08-19T10:57:03Z
2026-08-19T10:47:00Z,2026-08-19T12:47:00+0200,e079ef81-c4ef-4643-8235-c8ef85358b45,2026-07-22T11:45:00Z,2026-07-22T13:45:00+0200,1868.0,MW,ES,ES,actual_onshore_wind_generation,Wind Onshore,2026-08-19T10:57:03Z
2026-08-19T10:47:00Z,2026-08-19T12:47:00+0200,e079ef81-c4ef-4643-8235-c8ef85358b45,2026-07-22T12:00:00Z,2026-07-22T14:00:00+0200,1876.0,MW,ES,ES,actual_onshore_wind_generation,Wind Onshore,2026-08-19T10:57:03Z
2026-08-19T10:47:00Z,2026-08-19T12:47:00+0200,e079ef81-c4ef-4643-8235-c8ef85358b45,2026-07-22T12:15:00Z,2026-07-22T14:15:00+0200,2048.0,MW,ES,ES,actual_onshore_wind_generation,Wind Onshore,2026-08-19T10:57:03Z
2026-08-19T10:47:00Z,2026-08-19T12:47:00+0200,e079ef81-c4ef-4643-8235-c8ef85358b45,2026-07-22T12:30:00Z,2026-07-22T14:30:00+0200,2268.0,MW,ES,ES,actual_onshore_wind_generation,Wind Onshore,2026-08-19T10:57:03Z
2026-08-19T10:47:00Z,2026-08-19T12:47:00+0200,e079ef81-c4ef-4643-8235-c8ef85358b45,2026-07-22T12:45:00Z,2026-07-22T14:45:00+0200,2516.0,MW,ES,ES,actual_onshore_wind_generation,Wind Onshore,2026-08-19T10:57:03Z
2026-08-19T10:47:00Z,2026-08-19T12:47:00+0200,e079ef81-c4ef-4643-8235-c8ef85358b45,2026-07-22T13:00:00Z,2026-07-22T15:00:00+0200,2712.0,MW,ES,ES,actual_onshore_wind_generation,Wind Onshore,2026-08-19T10:57:03Z
2026-08-19T10:47:00Z,2026-08-19T12:47:00+0200,e079ef81-c4ef-4643-8235-c8ef85358b45,2026-07-22T13:15:00Z,2026-07-22T15:15:00+0200,2908.0,MW,ES,ES,actual_onshore_wind_generation,Wind Onshore,2026-08-19T10:57:03Z
2026-08-19T10:47:00Z,2026-08-19T12:47:00+0200,e079ef81-c4ef-4643-8235-c8ef85358b45,2026-07-22T13:30:00Z,2026-07-22T15:30:00+0200,3116.0,MW,ES,ES,actual_onshore_wind_generation,Wind Onshore,2026-08-19T10:57:03Z
2026-08-19T10:47:00Z,2026-08-19T12:47:00+0200,e079ef81-c4ef-4643-8235-c8ef85358b45,2026-07-22T13:45:00Z,2026-07-22T15:45:00+0200,3228.0,MW,ES,ES,actual_onshore_wind_generation,Wind Onshore,2026-08-19T10:57:03Z
2026-08-19T10:47:00Z,2026-08-19T12:47:00+0200,e079ef81-c4ef-4643-8235-c8ef85358b45,2026-07-22T14:00:00Z,2026-07-22T16:00:00+0200,3488.0,MW,ES,ES,actual_onshore_wind_generation,Wind Onshore,2026-08-19T10:57:03Z
2026-08-19T10:47:00Z,2026-08-19T12:47:00+0200,e079ef81-c4ef-4643-8235-c8ef85358b45,2026-07-22T14:15:00Z,2026-07-22T16:15:00+0200,3624.0,MW,ES,ES,actual_onshore_wind_generation,Wind Onshore,2026-08-19T10:57:03Z
2026-08-19T10:47:00Z,2026-08-19T12:47:00+0200,e079ef81-c4ef-4643-8235-c8ef85358b45,2026-07-22T14:30:00Z,2026-07-22T16:30:00+0200,3720.0,MW,ES,ES,actual_onshore_wind_generation,Wind Onshore,2026-08-19T10:57:03Z
2026-08-19T10:47:00Z,2026-08-19T12:47:00+0200,e079ef81-c4ef-4643-8235-c8ef85358b45,2026-07-22T14:45:00Z,2026-07-22T16:45:00+0200,3888.0,MW,ES,ES,actual_onshore_wind_generation,Wind Onshore,2026-08-19T10:57:03Z
2026-08-19T10:47:00Z,2026-08-19T12:47:00+0200,e079ef81-c4ef-4643-8235-c8ef85358b45,2026-07-22T15:00:00Z,2026-07-22T17:00:00+0200,4016.0,MW,ES,ES,actual_onshore_wind_generation,Wind Onshore,2026-08-19T10:57:03Z
2026-08-19T10:47:00Z,2026-08-19T12:47:00+0200,e079ef81-c4ef-4643-8235-c8ef85358b45,2026-07-22T15:15:00Z,2026-07-22T17:15:00+0200,4124.0,MW,ES,ES,actual_onshore_wind_generation,Wind Onshore,2026-08-19T10:57:03Z
2026-08-19T10:47:00Z,2026-08-19T12:47:00+0200,e079ef81-c4ef-4643-8235-c8ef85358b45,2026-07-22T15:30:00Z,2026-07-22T17:30:00+0200,4280.0,MW,ES,ES,actual_onshore_wind_generation,Wind Onshore,2026-08-19T10:57:03Z
2026-08-19T10:47:00Z,2026-08-19T12:47:00+0200,e079ef81-c4ef-4643-8235-c8ef85358b45,2026-07-22T15:45:00Z,2026-07-22T17:45:00+0200,4404.0,MW,ES,ES,actual_onshore_wind_generation,Wind Onshore,2026-08-19T10:57:03Z
2026-08-19T10:47:00Z,2026-08-19T12:47:00+0200,e079ef81-c4ef-4643-8235-c8ef85358b45,2026-07-22T16:00:00Z,2026-07-22T18:00:00+0200,4596.0,MW,ES,ES,actual_onshore_wind_generation,Wind Onshore,2026-08-19T10:57:03Z
2026-08-19T10:47:00Z,2026-08-19T12:47:00+0200,e079ef81-c4ef-4643-8235-c8ef85358b45,2026-07-22T16:15:00Z,2026-07-22T18:15:00+0200,4580.0,MW,ES,ES,actual_onshore_wind_generation,Wind Onshore,2026-08-19T10:57:03Z
2026-08-19T10:47:00Z,2026-08-19T12:47:00+0200,e079ef81-c4ef-4643-8235-c8ef85358b45,2026-07-22T16:30:00Z,2026-07-22T18:30:00+0200,4676.0,MW,ES,ES,actual_onshore_wind_generation,Wind Onshore,2026-08-19T10:57:03Z
2026-08-19T10:47:00Z,2026-08-19T12:47:00+0200,e079ef81-c4ef-4643-8235-c8ef85358b45,2026-07-22T16:45:00Z,2026-07-22T18:45:00+0200,4840.0,MW,ES,ES,actual_onshore_wind_generation,Wind Onshore,2026-08-19T10:57:03Z
2026-08-19T10:47:00Z,2026-08-19T12:47:00+0200,e079ef81-c4ef-4643-8235-c8ef85358b45,2026-07-22T17:00:00Z,2026-07-22T19:00:00+0200,4820.0,MW,ES,ES,actual_onshore_wind_generation,Wind Onshore,2026-08-19T10:57:03Z
2026-08-19T10:47:00Z,2026-08-19T12:47:00+0200,e079ef81-c4ef-4643-8235-c8ef85358b45,2026-07-22T17:15:00Z,2026-07-22T19:15:00+0200,4796.0,MW,ES,ES,actual_onshore_wind_generation,Wind Onshore,2026-08-19T10:57:03Z
2026-08-19T10:47:00Z,2026-08-19T12:47:00+0200,e079ef81-c4ef-4643-8235-c8ef85358b45,2026-07-22T17:30:00Z,2026-07-22T19:30:00+0200,4664.0,MW,ES,ES,actual_onshore_wind_generation,Wind Onshore,2026-08-19T10:57:03Z
2026-08-19T10:47:00Z,2026-08-19T12:47:00+0200,e079ef81-c4ef-4643-8235-c8ef85358b45,2026-07-22T17:45:00Z,2026-07-22T19:45:00+0200,4432.0,MW,ES,ES,actual_onshore_wind_generation,Wind Onshore,2026-08-19T10:57:03Z
2026-08-19T10:47:00Z,2026-08-19T12:47:00+0200,e079ef81-c4ef-4643-8235-c8ef85358b45,2026-07-22T18:00:00Z,2026-07-22T20:00:00+0200,4188.0,MW,ES,ES,actual_onshore_wind_generation,Wind Onshore,2026-08-19T10:57:03Z
2026-08-19T10:47:00Z,2026-08-19T12:47:00+0200,e079ef81-c4ef-4643-8235-c8ef85358b45,2026-07-22T18:15:00Z,2026-07-22T20:15:00+0200,4020.0,MW,ES,ES,actual_onshore_wind_generation,Wind Onshore,2026-08-19T10:57:03Z
2026-08-19T10:47:00Z,2026-08-19T12:47:00+0200,e079ef81-c4ef-4643-8235-c8ef85358b45,2026-07-22T18:30:00Z,2026-07-22T20:30:00+0200,3896.0,MW,ES,ES,actual_onshore_wind_generation,Wind Onshore,2026-08-19T10:57:03Z
2026-08-19T10:47:00Z,2026-08-19T12:47:00+0200,e079ef81-c4ef-4643-8235-c8ef85358b45,2026-07-22T18:45:00Z,2026-07-22T20:45:00+0200,3740.0,MW,ES,ES,actual_onshore_wind_generation,Wind Onshore,2026-08-19T10:57:03Z
2026-08-19T10:47:00Z,2026-08-19T12:47:00+0200,e079ef81-c4ef-4643-8235-c8ef85358b45,2026-07-22T19:00:00Z,2026-07-22T21:00:00+0200,3616.0,MW,ES,ES,actual_onshore_wind_generation,Wind Onshore,2026-08-19T10:57:03Z
2026-08-19T10:47:00Z,2026-08-19T12:47:00+0200,e079ef81-c4ef-4643-8235-c8ef85358b45,2026-07-22T19:15:00Z,2026-07-22T21:15:00+0200,3540.0,MW,ES,ES,actual_onshore_wind_generation,Wind Onshore,2026-08-19T10:57:03Z
2026-08-19T10:47:00Z,2026-08-19T12:47:00+0200,e079ef81-c4ef-4643-8235-c8ef85358b45,2026-07-22T19:30:00Z,2026-07-22T21:30:00+0200,3480.0,MW,ES,ES,actual_onshore_wind_generation,Wind Onshore,2026-08-19T10:57:03Z
2026-08-19T10:47:00Z,2026-08-19T12:47:00+0200,e079ef81-c4ef-4643-8235-c8ef85358b45,2026-07-22T19:45:00Z,2026-07-22T21:45:00+0200,3544.0,MW,ES,ES,actual_onshore_wind_generation,Wind Onshore,2026-08-19T10:57:03Z
2026-08-19T10:47:00Z,2026-08-19T12:47:00+0200,e079ef81-c4ef-4643-8235-c8ef85358b45,2026-07-22T20:00:00Z,2026-07-22T22:00:00+0200,3620.0,MW,ES,ES,actual_onshore_wind_generation,Wind Onshore,2026-08-19T10:57:03Z
2026-08-19T10:47:00Z,2026-08-19T12:47:00+0200,e079ef81-c4ef-4643-8235-c8ef85358b45,2026-07-22T20:15:00Z,2026-07-22T22:15:00+0200,3712.0,MW,ES,ES,actual_onshore_wind_generation,Wind Onshore,2026-08-19T10:57:03Z
2026-08-19T10:47:00Z,2026-08-19T12:47:00+0200,e079ef81-c4ef-4643-8235-c8ef85358b45,2026-07-22T20:30:00Z,2026-07-22T22:30:00+0200,3856.0,MW,ES,ES,actual_onshore_wind_generation,Wind Onshore,2026-08-19T10:57:03Z
2026-08-19T10:47:00Z,2026-08-19T12:47:00+0200,e079ef81-c4ef-4643-8235-c8ef85358b45,2026-07-22T20:45:00Z,2026-07-22T22:45:00+0200,3888.0,MW,ES,ES,actual_onshore_wind_generation,Wind Onshore,2026-08-19T10:57:03Z
2026-08-19T10:47:00Z,2026-08-19T12:47:00+0200,e079ef81-c4ef-4643-8235-c8ef85358b45,2026-07-22T21:00:00Z,2026-07-22T23:00:00+0200,3916.0,MW,ES,ES,actual_onshore_wind_generation,Wind Onshore,2026-08-19T10:57:03Z
2026-08-19T10:47:00Z,2026-08-19T12:47:00+0200,e079ef81-c4ef-4643-8235-c8ef85358b45,2026-07-22T21:15:00Z,2026-07-22T23:15:00+0200,3848.0,MW,ES,ES,actual_onshore_wind_generation,Wind Onshore,2026-08-19T10:57:03Z
2026-08-19T10:47:00Z,2026-08-19T12:47:00+0200,e079ef81-c4ef-4643-8235-c8ef85358b45,2026-07-22T21:30:00Z,2026-07-22T23:30:00+0200,3772.0,MW,ES,ES,actual_onshore_wind_generation,Wind Onshore,2026-08-19T10:57:03Z
2026-08-19T10:47:00Z,2026-08-19T12:47:00+0200,e079ef81-c4ef-4643-8235-c8ef85358b45,2026-07-22T21:45:00Z,2026-07-22T23:45:00+0200,3800.0,MW,ES,ES,actual_onshore_wind_generation,Wind Onshore,2026-08-19T10:57:03Z
2026-08-19T10:47:00Z,2026-08-19T12:47:00+0200,e079ef81-c4ef-4643-8235-c8ef85358b45,2026-07-22T22:00:00Z,2026-07-23T00:00:00+0200,3844.0,MW,ES,ES,actual_onshore_wind_generation,Wind Onshore,2026-08-19T10:57:03Z
2026-08-19T10:47:00Z,2026-08-19T12:47:00+0200,e079ef81-c4ef-4643-8235-c8ef85358b45,2026-07-22T22:15:00Z,2026-07-23T00:15:00+0200,3940.0,MW,ES,ES,actual_onshore_wind_generation,Wind Onshore,2026-08-19T10:57:03Z
2026-08-19T10:47:00Z,2026-08-19T12:47:00+0200,e079ef81-c4ef-4643-8235-c8ef85358b45,2026-07-22T22:30:00Z,2026-07-23T00:30:00+0200,3908.0,MW,ES,ES,actual_onshore_wind_generation,Wind Onshore,2026-08-19T10:57:03Z
2026-08-19T10:47:00Z,2026-08-19T12:47:00+0200,e079ef81-c4ef-4643-8235-c8ef85358b45,2026-07-22T22:45:00Z,2026-07-23T00:45:00+0200,3820.0,MW,ES,ES,actual_onshore_wind_generation,Wind Onshore,2026-08-19T10:57:03Z
2026-08-19T10:47:00Z,2026-08-19T12:47:00+0200,e079ef81-c4ef-4643-8235-c8ef85358b45,2026-07-22T23:00:00Z,2026-07-23T01:00:00+0200,3840.0,MW,ES,ES,actual_onshore_wind_generation,Wind Onshore,2026-08-19T10:57:03Z
2026-08-19T10:47:00Z,2026-08-19T12:47:00+0200,e079ef81-c4ef-4643-8235-c8ef85358b45,2026-07-22T23:15:00Z,2026-07-23T01:15:00+0200,3876.0,MW,ES,ES,actual_onshore_wind_generation,Wind Onshore,2026-08-19T10:57:03Z
2026-08-19T10:47:00Z,2026-08-19T12:47:00+0200,e079ef81-c4ef-4643-8235-c8ef85358b45,2026-07-22T23:30:00Z,2026-07-23T01:30:00+0200,3888.0,MW,ES,ES,actual_onshore_wind_generation,Wind Onshore,2026-08-19T10:57:03Z
2026-08-19T10:47:00Z,2026-08-19T12:47:00+0200,e079ef81-c4ef-4643-8235-c8ef85358b45,2026-07-22T23:45:00Z,2026-07-23T01:45:00+0200,3940.0,MW,ES,ES,actual_onshore_wind_generation,Wind Onshore,2026-08-19T10:57:03Z
2026-08-19T10:47:00Z,2026-08-19T12:47:00+0200,e079ef81-c4ef-4643-8235-c8ef85358b45,2026-07-23T00:00:00Z,2026-07-23T02:00:00+0200,3908.0,MW,ES,ES,actual_onshore_wind_generation,Wind Onshore,2026-08-19T10:57:03Z
2026-08-19T10:47:00Z,2026-08-19T12:47:00+0200,e079ef81-c4ef-4643-8235-c8ef85358b45,2026-07-23T00:15:00Z,2026-07-23T02:15:00+0200,3864.0,MW,ES,ES,actual_onshore_wind_generation,Wind Onshore,2026-08-19T10:57:03Z
2026-08-19T10:47:00Z,2026-08-19T12:47:00+0200,e079ef81-c4ef-4643-8235-c8ef85358b45,2026-07-23T00:30:00Z,2026-07-23T02:30:00+0200,3852.0,MW,ES,ES,actual_onshore_wind_generation,Wind Onshore,2026-08-19T10:57:03Z
2026-08-19T10:47:00Z,2026-08-19T12:47:00+0200,e079ef81-c4ef-4643-8235-c8ef85358b45,2026-07-23T00:45:00Z,2026-07-23T02:45:00+0200,3820.0,MW,ES,ES,actual_onshore_wind_generation,Wind Onshore,2026-08-19T10:57:03Z
2026-08-19T10:47:00Z,2026-08-19T12:47:00+0200,e079ef81-c4ef-4643-8235-c8ef85358b45,2026-07-23T01:00:00Z,2026-07-23T03:00:00+0200,3776.0,MW,ES,ES,actual_onshore_wind_generation,Wind Onshore,2026-08-19T10:57:03Z
2026-08-19T10:47:00Z,2026-08-19T12:47:00+0200,e079ef81-c4ef-4643-8235-c8ef85358b45,2026-07-23T01:15:00Z,2026-07-23T03:15:00+0200,3668.0,MW,ES,ES,actual_onshore_wind_generation,Wind Onshore,2026-08-19T10:57:03Z
2026-08-19T10:47:00Z,2026-08-19T12:47:00+0200,e079ef81-c4ef-4643-8235-c8ef85358b45,2026-07-23T01:30:00Z,2026-07-23T03:30:00+0200,3632.0,MW,ES,ES,actual_onshore_wind_generation,Wind Onshore,2026-08-19T10:57:03Z
2026-08-19T10:47:00Z,2026-08-19T12:47:00+0200,e079ef81-c4ef-4643-8235-c8ef85358b45,2026-07-23T01:45:00Z,2026-07-23T03:45:00+0200,3532.0,MW,ES,ES,actual_onshore_wind_generation,Wind Onshore,2026-08-19T10:57:03Z
2026-08-19T10:47:00Z,2026-08-19T12:47:00+0200,e079ef81-c4ef-4643-8235-c8ef85358b45,2026-07-23T02:00:00Z,2026-07-23T04:00:00+0200,3392.0,MW,ES,ES,actual_onshore_wind_generation,Wind Onshore,2026-08-19T10:57:03Z
2026-08-19T10:47:00Z,2026-08-19T12:47:00+0200,e079ef81-c4ef-4643-8235-c8ef85358b45,2026-07-23T02:15:00Z,2026-07-23T04:15:00+0200,3200.0,MW,ES,ES,actual_onshore_wind_generation,Wind Onshore,2026-08-19T10:57:03Z
2026-08-19T10:47:00Z,2026-08-19T12:47:00+0200,e079ef81-c4ef-4643-8235-c8ef85358b45,2026-07-23T02:30:00Z,2026-07-23T04:30:00+0200,3096.0,MW,ES,ES,actual_onshore_wind_generation,Wind Onshore,2026-08-19T10:57:03Z
2026-08-19T10:47:00Z,2026-08-19T12:47:00+0200,e079ef81-c4ef-4643-8235-c8ef85358b45,2026-07-23T02:45:00Z,2026-07-23T04:45:00+0200,3008.0,MW,ES,ES,actual_onshore_wind_generation,Wind Onshore,2026-08-19T10:57:03Z
2026-08-19T10:47:00Z,2026-08-19T12:47:00+0200,e079ef81-c4ef-4643-8235-c8ef85358b45,2026-07-23T03:00:00Z,2026-07-23T05:00:00+0200,2896.0,MW,ES,ES,actual_onshore_wind_generation,Wind Onshore,2026-08-19T10:57:03Z
2026-08-19T10:47:00Z,2026-08-19T12:47:00+0200,e079ef81-c4ef-4643-8235-c8ef85358b45,2026-07-23T03:15:00Z,2026-07-23T05:15:00+0200,2768.0,MW,ES,ES,actual_onshore_wind_generation,Wind Onshore,2026-08-19T10:57:03Z
2026-08-19T10:47:00Z,2026-08-19T12:47:00+0200,e079ef81-c4ef-4643-8235-c8ef85358b45,2026-07-23T03:30:00Z,2026-07-23T05:30:00+0200,2644.0,MW,ES,ES,actual_onshore_wind_generation,Wind Onshore,2026-08-19T10:57:03Z
2026-08-19T10:47:00Z,2026-08-19T12:47:00+0200,e079ef81-c4ef-4643-8235-c8ef85358b45,2026-07-23T03:45:00Z,2026-07-23T05:45:00+0200,2520.0,MW,ES,ES,actual_onshore_wind_generation,Wind Onshore,2026-08-19T10:57:03Z
2026-08-19T10:47:00Z,2026-08-19T12:47:00+0200,e079ef81-c4ef-4643-8235-c8ef85358b45,2026-07-23T04:00:00Z,2026-07-23T06:00:00+0200,2408.0,MW,ES,ES,actual_onshore_wind_generation,Wind Onshore,2026-08-19T10:57:03Z
2026-08-19T10:47:00Z,2026-08-19T12:47:00+0200,e079ef81-c4ef-4643-8235-c8ef85358b45,2026-07-23T04:15:00Z,2026-07-23T06:15:00+0200,2340.0,MW,ES,ES,actual_onshore_wind_generation,Wind Onshore,2026-08-19T10:57:03Z
2026-08-19T10:47:00Z,2026-08-19T12:47:00+0200,e079ef81-c4ef-4643-8235-c8ef85358b45,2026-07-23T04:30:00Z,2026-07-23T06:30:00+0200,2220.0,MW,ES,ES,actual_onshore_wind_generation,Wind Onshore,2026-08-19T10:57:03Z
2026-08-19T10:47:00Z,2026-08-19T12:47:00+0200,e079ef81-c4ef-4643-8235-c8ef85358b45,2026-07-23T04:45:00Z,2026-07-23T06:45:00+0200,2136.0,MW,ES,ES,actual_onshore_wind_generation,Wind Onshore,2026-08-19T10:57:03Z
2026-08-19T10:47:00Z,2026-08-19T12:47:00+0200,e079ef81-c4ef-4643-8235-c8ef85358b45,2026-07-23T05:00:00Z,2026-07-23T07:00:00+0200,2116.0,MW,ES,ES,actual_onshore_wind_generation,Wind Onshore,2026-08-19T10:57:03Z
2026-08-19T10:47:00Z,2026-08-19T12:47:00+0200,e079ef81-c4ef-4643-8235-c8ef85358b45,2026-07-23T05:15:00Z,2026-07-23T07:15:00+0200,2112.0,MW,ES,ES,actual_onshore_wind_generation,Wind Onshore,2026-08-19T10:57:03Z
2026-08-19T10:47:00Z,2026-08-19T12:47:00+0200,e079ef81-c4ef-4643-8235-c8ef85358b45,2026-07-23T05:30:00Z,2026-07-23T07:30:00+0200,2144.0,MW,ES,ES,actual_onshore_wind_generation,Wind Onshore,2026-08-19T10:57:03Z
2026-08-19T10:47:00Z,2026-08-19T12:47:00+0200,e079ef81-c4ef-4643-8235-c8ef85358b45,2026-07-23T05:45:00Z,2026-07-23T07:45:00+0200,2172.0,MW,ES,ES,actual_onshore_wind_generation,Wind Onshore,2026-08-19T10:57:03Z
2026-08-19T10:47:00Z,2026-08-19T12:47:00+0200,e079ef81-c4ef-4643-8235-c8ef85358b45,2026-07-23T06:00:00Z,2026-07-23T08:00:00+0200,2288.0,MW,ES,ES,actual_onshore_wind_generation,Wind Onshore,2026-08-19T10:57:03Z
2026-08-19T10:47:00Z,2026-08-19T12:47:00+0200,e079ef81-c4ef-4643-8235-c8ef85358b45,2026-07-23T06:15:00Z,2026-07-23T08:15:00+0200,2204.0,MW,ES,ES,actual_onshore_wind_generation,Wind Onshore,2026-08-19T10:57:03Z
2026-08-19T10:47:00Z,2026-08-19T12:47:00+0200,e079ef81-c4ef-4643-8235-c8ef85358b45,2026-07-23T06:30:00Z,2026-07-23T08:30:00+0200,1956.0,MW,ES,ES,actual_onshore_wind_generation,Wind Onshore,2026-08-19T10:57:03Z
2026-08-19T10:47:00Z,2026-08-19T12:47:00+0200,e079ef81-c4ef-4643-8235-c8ef85358b45,2026-07-23T06:45:00Z,2026-07-23T08:45:00+0200,1736.0,MW,ES,ES,actual_onshore_wind_generation,Wind Onshore,2026-08-19T10:57:03Z
2026-08-19T10:47:00Z,2026-08-19T12:47:00+0200,e079ef81-c4ef-4643-8235-c8ef85358b45,2026-07-23T07:00:00Z,2026-07-23T09:00:00+0200,1624.0,MW,ES,ES,actual_onshore_wind_generation,Wind Onshore,2026-08-19T10:57:03Z
2026-08-19T10:47:00Z,2026-08-19T12:47:00+0200,e079ef81-c4ef-4643-8235-c8ef85358b45,2026-07-23T07:15:00Z,2026-07-23T09:15:00+0200,1480.0,MW,ES,ES,actual_onshore_wind_generation,Wind Onshore,2026-08-19T10:57:03Z
2026-08-19T10:47:00Z,2026-08-19T12:47:00+0200,e079ef81-c4ef-4643-8235-c8ef85358b45,2026-07-23T07:30:00Z,2026-07-23T09:30:00+0200,1344.0,MW,ES,ES,actual_onshore_wind_generation,Wind Onshore,2026-08-19T10:57:03Z
2026-08-19T10:47:00Z,2026-08-19T12:47:00+0200,e079ef81-c4ef-4643-8235-c8ef85358b45,2026-07-23T07:45:00Z,2026-07-23T09:45:00+0200,1256.0,MW,ES,ES,actual_onshore_wind_generation,Wind Onshore,2026-08-19T10:57:03Z
2026-08-19T10:47:00Z,2026-08-19T12:47:00+0200,e079ef81-c4ef-4643-8235-c8ef85358b45,2026-07-23T08:00:00Z,2026-07-23T10:00:00+0200,1248.0,MW,ES,ES,actual_onshore_wind_generation,Wind Onshore,2026-08-19T10:57:03Z
2026-08-19T10:47:00Z,2026-08-19T12:47:00+0200,e079ef81-c4ef-4643-8235-c8ef85358b45,2026-07-23T08:15:00Z,2026-07-23T10:15:00+0200,1256.0,MW,ES,ES,actual_onshore_wind_generation,Wind Onshore,2026-08-19T10:57:03Z
2026-08-19T10:47:00Z,2026-08-19T12:47:00+0200,e079ef81-c4ef-4643-8235-c8ef85358b45,2026-07-23T08:30:00Z,2026-07-23T10:30:00+0200,1352.0,MW,ES,ES,actual_onshore_wind_generation,Wind Onshore,2026-08-19T10:57:03Z
2026-08-19T10:47:00Z,2026-08-19T12:47:00+0200,e079ef81-c4ef-4643-8235-c8ef85358b45,2026-07-23T08:45:00Z,2026-07-23T10:45:00+0200,1432.0,MW,ES,ES,actual_onshore_wind_generation,Wind Onshore,2026-08-19T10:57:03Z
2026-08-19T10:47:00Z,2026-08-19T12:47:00+0200,e079ef81-c4ef-4643-8235-c8ef85358b45,2026-07-23T09:00:00Z,2026-07-23T11:00:00+0200,1488.0,MW,ES,ES,actual_onshore_wind_generation,Wind Onshore,2026-08-19T10:57:03Z
2026-08-19T10:47:00Z,2026-08-19T12:47:00+0200,e079ef81-c4ef-4643-8235-c8ef85358b45,2026-07-23T09:15:00Z,2026-07-23T11:15:00+0200,1564.0,MW,ES,ES,actual_onshore_wind_generation,Wind Onshore,2026-08-19T10:57:03Z
2026-08-19T10:47:00Z,2026-08-19T12:47:00+0200,e079ef81-c4ef-4643-8235-c8ef85358b45,2026-07-23T09:30:00Z,2026-07-23T11:30:00+0200,1764.0,MW,ES,ES,actual_onshore_wind_generation,Wind Onshore,2026-08-19T10:57:03Z
2026-08-19T10:47:00Z,2026-08-19T12:47:00+0200,e079ef81-c4ef-4643-8235-c8ef85358b45,2026-07-23T09:45:00Z,2026-07-23T11:45:00+0200,1960.0,MW,ES,ES,actual_onshore_wind_generation,Wind Onshore,2026-08-19T10:57:03Z
2026-08-19T10:47:00Z,2026-08-19T12:47:00+0200,e079ef81-c4ef-4643-8235-c8ef85358b45,2026-07-23T10:00:00Z,2026-07-23T12:00:00+0200,1852.0,MW,ES,ES,actual_onshore_wind_generation,Wind Onshore,2026-08-19T10:57:03Z
2026-08-19T10:47:00Z,2026-08-19T12:47:00+0200,e079ef81-c4ef-4643-8235-c8ef85358b45,2026-07-23T10:15:00Z,2026-07-23T12:15:00+0200,1980.0,MW,ES,ES,actual_onshore_wind_generation,Wind Onshore,2026-08-19T10:57:03Z
2026-08-19T10:47:00Z,2026-08-19T12:47:00+0200,e079ef81-c4ef-4643-8235-c8ef85358b45,2026-07-23T10:30:00Z,2026-07-23T12:30:00+0200,2044.0,MW,ES,ES,actual_onshore_wind_generation,Wind Onshore,2026-08-19T10:57:03Z
2026-08-19T10:47:00Z,2026-08-19T12:47:00+0200,e079ef81-c4ef-4643-8235-c8ef85358b45,2026-07-23T10:45:00Z,2026-07-23T12:45:00+0200,2020.0,MW,ES,ES,actual_onshore_wind_generation,Wind Onshore,2026-08-19T10:57:03Z
2026-08-19T10:47:00Z,2026-08-19T12:47:00+0200,e079ef81-c4ef-4643-8235-c8ef85358b45,2026-07-23T11:00:00Z,2026-07-23T13:00:00+0200,2036.0,MW,ES,ES,actual_onshore_wind_generation,Wind Onshore,2026-08-19T10:57:03Z
2026-08-19T10:47:00Z,2026-08-19T12:47:00+0200,e079ef81-c4ef-4643-8235-c8ef85358b45,2026-07-23T11:15:00Z,2026-07-23T13:15:00+0200,2132.0,MW,ES,ES,actual_onshore_wind_generation,Wind Onshore,2026-08-19T10:57:03Z
2026-08-19T10:47:00Z,2026-08-19T12:47:00+0200,e079ef81-c4ef-4643-8235-c8ef85358b45,2026-07-23T11:30:00Z,2026-07-23T13:30:00+0200,2204.0,MW,ES,ES,actual_onshore_wind_generation,Wind Onshore,2026-08-19T10:57:03Z
2026-08-19T10:47:00Z,2026-08-19T12:47:00+0200,e079ef81-c4ef-4643-8235-c8ef85358b45,2026-07-23T11:45:00Z,2026-07-23T13:45:00+0200,2244.0,MW,ES,ES,actual_onshore_wind_generation,Wind Onshore,2026-08-19T10:57:03Z
2026-08-19T10:47:00Z,2026-08-19T12:47:00+0200,e079ef81-c4ef-4643-8235-c8ef85358b45,2026-07-23T12:00:00Z,2026-07-23T14:00:00+0200,2408.0,MW,ES,ES,actual_onshore_wind_generation,Wind Onshore,2026-08-19T10:57:03Z
2026-08-19T10:47:00Z,2026-08-19T12:47:00+0200,e079ef81-c4ef-4643-8235-c8ef85358b45,2026-07-23T12:15:00Z,2026-07-23T14:15:00+0200,2604.0,MW,ES,ES,actual_onshore_wind_generation,Wind Onshore,2026-08-19T10:57:03Z
2026-08-19T10:47:00Z,2026-08-19T12:47:00+0200,e079ef81-c4ef-4643-8235-c8ef85358b45,2026-07-23T12:30:00Z,2026-07-23T14:30:00+0200,2768.0,MW,ES,ES,actual_onshore_wind_generation,Wind Onshore,2026-08-19T10:57:03Z
2026-08-19T10:47:00Z,2026-08-19T12:47:00+0200,e079ef81-c4ef-4643-8235-c8ef85358b45,2026-07-23T12:45:00Z,2026-07-23T14:45:00+0200,2960.0,MW,ES,ES,actual_onshore_wind_generation,Wind Onshore,2026-08-19T10:57:03Z
2026-08-19T10:47:00Z,2026-08-19T12:47:00+0200,e079ef81-c4ef-4643-8235-c8ef85358b45,2026-07-23T13:00:00Z,2026-07-23T15:00:00+0200,3228.0,MW,ES,ES,actual_onshore_wind_generation,Wind Onshore,2026-08-19T10:57:03Z
2026-08-19T10:47:00Z,2026-08-19T12:47:00+0200,e079ef81-c4ef-4643-8235-c8ef85358b45,2026-07-23T13:15:00Z,2026-07-23T15:15:00+0200,3536.0,MW,ES,ES,actual_onshore_wind_generation,Wind Onshore,2026-08-19T10:57:03Z
2026-08-19T10:47:00Z,2026-08-19T12:47:00+0200,e079ef81-c4ef-4643-8235-c8ef85358b45,2026-07-23T13:30:00Z,2026-07-23T15:30:00+0200,3476.0,MW,ES,ES,actual_onshore_wind_generation,Wind Onshore,2026-08-19T10:57:03Z
2026-08-19T10:47:00Z,2026-08-19T12:47:00+0200,e079ef81-c4ef-4643-8235-c8ef85358b45,2026-07-23T13:45:00Z,2026-07-23T15:45:00+0200,3488.0,MW,ES,ES,actual_onshore_wind_generation,Wind Onshore,2026-08-19T10:57:03Z
2026-08-19T10:47:00Z,2026-08-19T12:47:00+0200,e079ef81-c4ef-4643-8235-c8ef85358b45,2026-07-23T14:00:00Z,2026-07-23T16:00:00+0200,3836.0,MW,ES,ES,actual_onshore_wind_generation,Wind Onshore,2026-08-19T10:57:03Z
2026-08-19T10:47:00Z,2026-08-19T12:47:00+0200,e079ef81-c4ef-4643-8235-c8ef85358b45,2026-07-23T14:15:00Z,2026-07-23T16:15:00+0200,3968.0,MW,ES,ES,actual_onshore_wind_generation,Wind Onshore,2026-08-19T10:57:03Z
2026-08-19T10:47:00Z,2026-08-19T12:47:00+0200,e079ef81-c4ef-4643-8235-c8ef85358b45,2026-07-23T14:30:00Z,2026-07-23T16:30:00+0200,4036.0,MW,ES,ES,actual_onshore_wind_generation,Wind Onshore,2026-08-19T10:57:03Z
2026-08-19T10:47:00Z,2026-08-19T12:47:00+0200,e079ef81-c4ef-4643-8235-c8ef85358b45,2026-07-23T14:45:00Z,2026-07-23T16:45:00+0200,4100.0,MW,ES,ES,actual_onshore_wind_generation,Wind Onshore,2026-08-19T10:57:03Z
2026-08-19T10:47:00Z,2026-08-19T12:47:00+0200,e079ef81-c4ef-4643-8235-c8ef85358b45,2026-07-23T15:00:00Z,2026-07-23T17:00:00+0200,4036.0,MW,ES,ES,actual_onshore_wind_generation,Wind Onshore,2026-08-19T10:57:03Z
2026-08-19T10:47:00Z,2026-08-19T12:47:00+0200,e079ef81-c4ef-4643-8235-c8ef85358b45,2026-07-23T15:15:00Z,2026-07-23T17:15:00+0200,4048.0,MW,ES,ES,actual_onshore_wind_generation,Wind Onshore,2026-08-19T10:57:03Z
2026-08-19T10:47:00Z,2026-08-19T12:47:00+0200,e079ef81-c4ef-4643-8235-c8ef85358b45,2026-07-23T15:30:00Z,2026-07-23T17:30:00+0200,4108.0,MW,ES,ES,actual_onshore_wind_generation,Wind Onshore,2026-08-19T10:57:03Z
2026-08-19T10:47:00Z,2026-08-19T12:47:00+0200,e079ef81-c4ef-4643-8235-c8ef85358b45,2026-07-23T15:45:00Z,2026-07-23T17:45:00+0200,4184.0,MW,ES,ES,actual_onshore_wind_generation,Wind Onshore,2026-08-19T10:57:03Z
2026-08-19T10:47:00Z,2026-08-19T12:47:00+0200,e079ef81-c4ef-4643-8235-c8ef85358b45,2026-07-23T16:00:00Z,2026-07-23T18:00:00+0200,4260.0,MW,ES,ES,actual_onshore_wind_generation,Wind Onshore,2026-08-19T10:57:03Z
2026-08-19T10:47:00Z,2026-08-19T12:47:00+0200,e079ef81-c4ef-4643-8235-c8ef85358b45,2026-07-23T16:15:00Z,2026-07-23T18:15:00+0200,4344.0,MW,ES,ES,actual_onshore_wind_generation,Wind Onshore,2026-08-19T10:57:03Z
2026-08-19T10:47:00Z,2026-08-19T12:47:00+0200,e079ef81-c4ef-4643-8235-c8ef85358b45,2026-07-23T16:30:00Z,2026-07-23T18:30:00+0200,4436.0,MW,ES,ES,actual_onshore_wind_generation,Wind Onshore,2026-08-19T10:57:03Z
2026-08-19T10:47:00Z,2026-08-19T12:47:00+0200,e079ef81-c4ef-4643-8235-c8ef85358b45,2026-07-23T16:45:00Z,2026-07-23T18:45:00+0200,4404.0,MW,ES,ES,actual_onshore_wind_generation,Wind Onshore,2026-08-19T10:57:03Z
2026-08-19T10:47:00Z,2026-08-19T12:47:00+0200,e079ef81-c4ef-4643-8235-c8ef85358b45,2026-07-23T17:00:00Z,2026-07-23T19:00:00+0200,4680.0,MW,ES,ES,actual_onshore_wind_generation,Wind Onshore,2026-08-19T10:57:03Z
2026-08-19T10:47:00Z,2026-08-19T12:47:00+0200,e079ef81-c4ef-4643-8235-c8ef85358b45,2026-07-23T17:15:00Z,2026-07-23T19:15:00+0200,5072.0,MW,ES,ES,actual_onshore_wind_generation,Wind Onshore,2026-08-19T10:57:03Z
2026-08-19T10:47:00Z,2026-08-19T12:47:00+0200,e079ef81-c4ef-4643-8235-c8ef85358b45,2026-07-23T17:30:00Z,2026-07-23T19:30:00+0200,4816.0,MW,ES,ES,actual_onshore_wind_generation,Wind Onshore,2026-08-19T10:57:03Z
2026-08-19T10:47:00Z,2026-08-19T12:47:00+0200,e079ef81-c4ef-4643-8235-c8ef85358b45,2026-07-23T17:45:00Z,2026-07-23T19:45:00+0200,4556.0,MW,ES,ES,actual_onshore_wind_generation,Wind Onshore,2026-08-19T10:57:03Z
2026-08-19T10:47:00Z,2026-08-19T12:47:00+0200,e079ef81-c4ef-4643-8235-c8ef85358b45,2026-07-23T18:00:00Z,2026-07-23T20:00:00+0200,4544.0,MW,ES,ES,actual_onshore_wind_generation,Wind Onshore,2026-08-19T10:57:03Z
2026-08-19T10:47:00Z,2026-08-19T12:47:00+0200,e079ef81-c4ef-4643-8235-c8ef85358b45,2026-07-23T18:15:00Z,2026-07-23T20:15:00+0200,4292.0,MW,ES,ES,actual_onshore_wind_generation,Wind Onshore,2026-08-19T10:57:03Z
2026-08-19T10:47:00Z,2026-08-19T12:47:00+0200,e079ef81-c4ef-4643-8235-c8ef85358b45,2026-07-23T18:30:00Z,2026-07-23T20:30:00+0200,4064.0,MW,ES,ES,actual_onshore_wind_generation,Wind Onshore,2026-08-19T10:57:03Z
2026-08-19T10:47:00Z,2026-08-19T12:47:00+0200,e079ef81-c4ef-4643-8235-c8ef85358b45,2026-07-23T18:45:00Z,2026-07-23T20:45:00+0200,3828.0,MW,ES,ES,actual_onshore_wind_generation,Wind Onshore,2026-08-19T10:57:03Z
2026-08-19T10:47:00Z,2026-08-19T12:47:00+0200,e079ef81-c4ef-4643-8235-c8ef85358b45,2026-07-23T19:00:00Z,2026-07-23T21:00:00+0200,3596.0,MW,ES,ES,actual_onshore_wind_generation,Wind Onshore,2026-08-19T10:57:03Z
2026-08-19T10:47:00Z,2026-08-19T12:47:00+0200,e079ef81-c4ef-4643-8235-c8ef85358b45,2026-07-23T19:15:00Z,2026-07-23T21:15:00+0200,3592.0,MW,ES,ES,actual_onshore_wind_generation,Wind Onshore,2026-08-19T10:57:03Z
2026-08-19T10:47:00Z,2026-08-19T12:47:00+0200,e079ef81-c4ef-4643-8235-c8ef85358b45,2026-07-23T19:30:00Z,2026-07-23T21:30:00+0200,3648.0,MW,ES,ES,actual_onshore_wind_generation,Wind Onshore,2026-08-19T10:57:03Z
2026-08-19T10:47:00Z,2026-08-19T12:47:00+0200,e079ef81-c4ef-4643-8235-c8ef85358b45,2026-07-23T19:45:00Z,2026-07-23T21:45:00+0200,3696.0,MW,ES,ES,actual_onshore_wind_generation,Wind Onshore,2026-08-19T10:57:03Z
2026-08-19T10:47:00Z,2026-08-19T12:47:00+0200,e079ef81-c4ef-4643-8235-c8ef85358b45,2026-07-23T20:00:00Z,2026-07-23T22:00:00+0200,3600.0,MW,ES,ES,actual_onshore_wind_generation,Wind Onshore,2026-08-19T10:57:03Z
2026-08-19T10:47:00Z,2026-08-19T12:47:00+0200,e079ef81-c4ef-4643-8235-c8ef85358b45,2026-07-23T20:15:00Z,2026-07-23T22:15:00+0200,3516.0,MW,ES,ES,actual_onshore_wind_generation,Wind Onshore,2026-08-19T10:57:03Z
2026-08-19T10:47:00Z,2026-08-19T12:47:00+0200,e079ef81-c4ef-4643-8235-c8ef85358b45,2026-07-23T20:30:00Z,2026-07-23T22:30:00+0200,3508.0,MW,ES,ES,actual_onshore_wind_generation,Wind Onshore,2026-08-19T10:57:03Z
2026-08-19T10:47:00Z,2026-08-19T12:47:00+0200,e079ef81-c4ef-4643-8235-c8ef85358b45,2026-07-23T20:45:00Z,2026-07-23T22:45:00+0200,3624.0,MW,ES,ES,actual_onshore_wind_generation,Wind Onshore,2026-08-19T10:57:03Z
2026-08-19T10:47:00Z,2026-08-19T12:47:00+0200,e079ef81-c4ef-4643-8235-c8ef85358b45,2026-07-23T21:00:00Z,2026-07-23T23:00:00+0200,3692.0,MW,ES,ES,actual_onshore_wind_generation,Wind Onshore,2026-08-19T10:57:03Z
2026-08-19T10:47:00Z,2026-08-19T12:47:00+0200,e079ef81-c4ef-4643-8235-c8ef85358b45,2026-07-23T21:15:00Z,2026-07-23T23:15:00+0200,3804.0,MW,ES,ES,actual_onshore_wind_generation,Wind Onshore,2026-08-19T10:57:03Z
2026-08-19T10:47:00Z,2026-08-19T12:47:00+0200,e079ef81-c4ef-4643-8235-c8ef85358b45,2026-07-23T21:30:00Z,2026-07-23T23:30:00+0200,3672.0,MW,ES,ES,actual_onshore_wind_generation,Wind Onshore,2026-08-19T10:57:03Z
2026-08-19T10:47:00Z,2026-08-19T12:47:00+0200,e079ef81-c4ef-4643-8235-c8ef85358b45,2026-07-23T21:45:00Z,2026-07-23T23:45:00+0200,3620.0,MW,ES,ES,actual_onshore_wind_generation,Wind Onshore,2026-08-19T10:57:03Z
2026-08-19T10:47:00Z,2026-08-19T12:47:00+0200,e079ef81-c4ef-4643-8235-c8ef85358b45,2026-07-23T22:00:00Z,2026-07-24T00:00:00+0200,3484.0,MW,ES,ES,actual_onshore_wind_generation,Wind Onshore,2026-08-19T10:57:03Z
2026-08-19T10:47:00Z,2026-08-19T12:47:00+0200,e079ef81-c4ef-4643-8235-c8ef85358b45,2026-07-23T22:15:00Z,2026-07-24T00:15:00+0200,3480.0,MW,ES,ES,actual_onshore_wind_generation,Wind Onshore,2026-08-19T10:57:03Z
2026-08-19T10:47:00Z,2026-08-19T12:47:00+0200,e079ef81-c4ef-4643-8235-c8ef85358b45,2026-07-23T22:30:00Z,2026-07-24T00:30:00+0200,3500.0,MW,ES,ES,actual_onshore_wind_generation,Wind Onshore,2026-08-19T10:57:03Z
2026-08-19T10:47:00Z,2026-08-19T12:47:00+0200,e079ef81-c4ef-4643-8235-c8ef85358b45,2026-07-23T22:45:00Z,2026-07-24T00:45:00+0200,3396.0,MW,ES,ES,actual_onshore_wind_generation,Wind Onshore,2026-08-19T10:57:03Z
2026-08-19T10:47:00Z,2026-08-19T12:47:00+0200,e079ef81-c4ef-4643-8235-c8ef85358b45,2026-07-23T23:00:00Z,2026-07-24T01:00:00+0200,3320.0,MW,ES,ES,actual_onshore_wind_generation,Wind Onshore,2026-08-19T10:57:03Z
2026-08-19T10:47:00Z,2026-08-19T12:47:00+0200,e079ef81-c4ef-4643-8235-c8ef85358b45,2026-07-23T23:15:00Z,2026-07-24T01:15:00+0200,3212.0,MW,ES,ES,actual_onshore_wind_generation,Wind Onshore,2026-08-19T10:57:03Z
2026-08-19T10:47:00Z,2026-08-19T12:47:00+0200,e079ef81-c4ef-4643-8235-c8ef85358b45,2026-07-23T23:30:00Z,2026-07-24T01:30:00+0200,3100.0,MW,ES,ES,actual_onshore_wind_generation,Wind Onshore,2026-08-19T10:57:03Z
2026-08-19T10:47:00Z,2026-08-19T12:47:00+0200,e079ef81-c4ef-4643-8235-c8ef85358b45,2026-07-23T23:45:00Z,2026-07-24T01:45:00+0200,2932.0,MW,ES,ES,actual_onshore_wind_generation,Wind Onshore,2026-08-19T10:57:03Z
2026-08-19T10:47:00Z,2026-08-19T12:47:00+0200,e079ef81-c4ef-4643-8235-c8ef85358b45,2026-07-24T00:00:00Z,2026-07-24T02:00:00+0200,2884.0,MW,ES,ES,actual_onshore_wind_generation,Wind Onshore,2026-08-19T10:57:03Z
2026-08-19T10:47:00Z,2026-08-19T12:47:00+0200,e079ef81-c4ef-4643-8235-c8ef85358b45,2026-07-24T00:15:00Z,2026-07-24T02:15:00+0200,2892.0,MW,ES,ES,actual_onshore_wind_generation,Wind Onshore,2026-08-19T10:57:03Z
2026-08-19T10:47:00Z,2026-08-19T12:47:00+0200,e079ef81-c4ef-4643-8235-c8ef85358b45,2026-07-24T00:30:00Z,2026-07-24T02:30:00+0200,2812.0,MW,ES,ES,actual_onshore_wind_generation,Wind Onshore,2026-08-19T10:57:03Z
2026-08-19T10:47:00Z,2026-08-19T12:47:00+0200,e079ef81-c4ef-4643-8235-c8ef85358b45,2026-07-24T00:45:00Z,2026-07-24T02:45:00+0200,2764.0,MW,ES,ES,actual_onshore_wind_generation,Wind Onshore,2026-08-19T10:57:03Z
2026-08-19T10:47:00Z,2026-08-19T12:47:00+0200,e079ef81-c4ef-4643-8235-c8ef85358b45,2026-07-24T01:00:00Z,2026-07-24T03:00:00+0200,2856.0,MW,ES,ES,actual_onshore_wind_generation,Wind Onshore,2026-08-19T10:57:03Z
2026-08-19T10:47:00Z,2026-08-19T12:47:00+0200,e079ef81-c4ef-4643-8235-c8ef85358b45,2026-07-24T01:15:00Z,2026-07-24T03:15:00+0200,2796.0,MW,ES,ES,actual_onshore_wind_generation,Wind Onshore,2026-08-19T10:57:03Z
2026-08-19T10:47:00Z,2026-08-19T12:47:00+0200,e079ef81-c4ef-4643-8235-c8ef85358b45,2026-07-24T01:30:00Z,2026-07-24T03:30:00+0200,2708.0,MW,ES,ES,actual_onshore_wind_generation,Wind Onshore,2026-08-19T10:57:03Z
2026-08-19T10:47:00Z,2026-08-19T12:47:00+0200,e079ef81-c4ef-4643-8235-c8ef85358b45,2026-07-24T01:45:00Z,2026-07-24T03:45:00+0200,2808.0,MW,ES,ES,actual_onshore_wind_generation,Wind Onshore,2026-08-19T10:57:03Z
2026-08-19T10:47:00Z,2026-08-19T12:47:00+0200,e079ef81-c4ef-4643-8235-c8ef85358b45,2026-07-24T02:00:00Z,2026-07-24T04:00:00+0200,2928.0,MW,ES,ES,actual_onshore_wind_generation,Wind Onshore,2026-08-19T10:57:03Z
2026-08-19T10:47:00Z,2026-08-19T12:47:00+0200,e079ef81-c4ef-4643-8235-c8ef85358b45,2026-07-24T02:15:00Z,2026-07-24T04:15:00+0200,3008.0,MW,ES,ES,actual_onshore_wind_generation,Wind Onshore,2026-08-19T10:57:03Z
2026-08-19T10:47:00Z,2026-08-19T12:47:00+0200,e079ef81-c4ef-4643-8235-c8ef85358b45,2026-07-24T02:30:00Z,2026-07-24T04:30:00+0200,3112.0,MW,ES,ES,actual_onshore_wind_generation,Wind Onshore,2026-08-19T10:57:03Z
2026-08-19T10:47:00Z,2026-08-19T12:47:00+0200,e079ef81-c4ef-4643-8235-c8ef85358b45,2026-07-24T02:45:00Z,2026-07-24T04:45:00+0200,3248.0,MW,ES,ES,actual_onshore_wind_generation,Wind Onshore,2026-08-19T10:57:03Z
2026-08-19T10:47:00Z,2026-08-19T12:47:00+0200,e079ef81-c4ef-4643-8235-c8ef85358b45,2026-07-24T03:00:00Z,2026-07-24T05:00:00+0200,3300.0,MW,ES,ES,actual_onshore_wind_generation,Wind Onshore,2026-08-19T10:57:03Z
2026-08-19T10:47:00Z,2026-08-19T12:47:00+0200,e079ef81-c4ef-4643-8235-c8ef85358b45,2026-07-24T03:15:00Z,2026-07-24T05:15:00+0200,3352.0,MW,ES,ES,actual_onshore_wind_generation,Wind Onshore,2026-08-19T10:57:03Z
2026-08-19T10:47:00Z,2026-08-19T12:47:00+0200,e079ef81-c4ef-4643-8235-c8ef85358b45,2026-07-24T03:30:00Z,2026-07-24T05:30:00+0200,3396.0,MW,ES,ES,actual_onshore_wind_generation,Wind Onshore,2026-08-19T10:57:03Z
2026-08-19T10:47:00Z,2026-08-19T12:47:00+0200,e079ef81-c4ef-4643-8235-c8ef85358b45,2026-07-24T03:45:00Z,2026-07-24T05:45:00+0200,3344.0,MW,ES,ES,actual_onshore_wind_generation,Wind Onshore,2026-08-19T10:57:03Z
2026-08-19T10:47:00Z,2026-08-19T12:47:00+0200,e079ef81-c4ef-4643-8235-c8ef85358b45,2026-07-24T04:00:00Z,2026-07-24T06:00:00+0200,3304.0,MW,ES,ES,actual_onshore_wind_generation,Wind Onshore,2026-08-19T10:57:03Z
2026-08-19T10:47:00Z,2026-08-19T12:47:00+0200,e079ef81-c4ef-4643-8235-c8ef85358b45,2026-07-24T04:15:00Z,2026-07-24T06:15:00+0200,3296.0,MW,ES,ES,actual_onshore_wind_generation,Wind Onshore,2026-08-19T10:57:03Z
2026-08-19T10:47:00Z,2026-08-19T12:47:00+0200,e079ef81-c4ef-4643-8235-c8ef85358b45,2026-07-24T04:30:00Z,2026-07-24T06:30:00+0200,3280.0,MW,ES,ES,actual_onshore_wind_generation,Wind Onshore,2026-08-19T10:57:03Z
2026-08-19T10:47:00Z,2026-08-19T12:47:00+0200,e079ef81-c4ef-4643-8235-c8ef85358b45,2026-07-24T04:45:00Z,2026-07-24T06:45:00+0200,3264.0,MW,ES,ES,actual_onshore_wind_generation,Wind Onshore,2026-08-19T10:57:03Z
2026-08-19T10:47:00Z,2026-08-19T12:47:00+0200,e079ef81-c4ef-4643-8235-c8ef85358b45,2026-07-24T05:00:00Z,2026-07-24T07:00:00+0200,3300.0,MW,ES,ES,actual_onshore_wind_generation,Wind Onshore,2026-08-19T10:57:03Z
2026-08-19T10:47:00Z,2026-08-19T12:47:00+0200,e079ef81-c4ef-4643-8235-c8ef85358b45,2026-07-24T05:15:00Z,2026-07-24T07:15:00+0200,3304.0,MW,ES,ES,actual_onshore_wind_generation,Wind Onshore,2026-08-19T10:57:03Z
2026-08-19T10:47:00Z,2026-08-19T12:47:00+0200,e079ef81-c4ef-4643-8235-c8ef85358b45,2026-07-24T05:30:00Z,2026-07-24T07:30:00+0200,3256.0,MW,ES,ES,actual_onshore_wind_generation,Wind Onshore,2026-08-19T10:57:03Z
2026-08-19T10:47:00Z,2026-08-19T12:47:00+0200,e079ef81-c4ef-4643-8235-c8ef85358b45,2026-07-24T05:45:00Z,2026-07-24T07:45:00+0200,3232.0,MW,ES,ES,actual_onshore_wind_generation,Wind Onshore,2026-08-19T10:57:03Z
2026-08-19T10:47:00Z,2026-08-19T12:47:00+0200,e079ef81-c4ef-4643-8235-c8ef85358b45,2026-07-24T06:00:00Z,2026-07-24T08:00:00+0200,3256.0,MW,ES,ES,actual_onshore_wind_generation,Wind Onshore,2026-08-19T10:57:03Z
2026-08-19T10:47:00Z,2026-08-19T12:47:00+0200,e079ef81-c4ef-4643-8235-c8ef85358b45,2026-07-24T06:15:00Z,2026-07-24T08:15:00+0200,3252.0,MW,ES,ES,actual_onshore_wind_generation,Wind Onshore,2026-08-19T10:57:03Z
2026-08-19T10:47:00Z,2026-08-19T12:47:00+0200,e079ef81-c4ef-4643-8235-c8ef85358b45,2026-07-24T06:30:00Z,2026-07-24T08:30:00+0200,3152.0,MW,ES,ES,actual_onshore_wind_generation,Wind Onshore,2026-08-19T10:57:03Z
2026-08-19T10:47:00Z,2026-08-19T12:47:00+0200,e079ef81-c4ef-4643-8235-c8ef85358b45,2026-07-24T06:45:00Z,2026-07-24T08:45:00+0200,3084.0,MW,ES,ES,actual_onshore_wind_generation,Wind Onshore,2026-08-19T10:57:03Z
2026-08-19T10:47:00Z,2026-08-19T12:47:00+0200,e079ef81-c4ef-4643-8235-c8ef85358b45,2026-07-24T07:00:00Z,2026-07-24T09:00:00+0200,2996.0,MW,ES,ES,actual_onshore_wind_generation,Wind Onshore,2026-08-19T10:57:03Z
2026-08-19T10:47:00Z,2026-08-19T12:47:00+0200,e079ef81-c4ef-4643-8235-c8ef85358b45,2026-07-24T07:15:00Z,2026-07-24T09:15:00+0200,2924.0,MW,ES,ES,actual_onshore_wind_generation,Wind Onshore,2026-08-19T10:57:03Z
2026-08-19T10:47:00Z,2026-08-19T12:47:00+0200,e079ef81-c4ef-4643-8235-c8ef85358b45,2026-07-24T07:30:00Z,2026-07-24T09:30:00+0200,2884.0,MW,ES,ES,actual_onshore_wind_generation,Wind Onshore,2026-08-19T10:57:03Z
2026-08-19T10:47:00Z,2026-08-19T12:47:00+0200,e079ef81-c4ef-4643-8235-c8ef85358b45,2026-07-24T07:45:00Z,2026-07-24T09:45:00+0200,2856.0,MW,ES,ES,actual_onshore_wind_generation,Wind Onshore,2026-08-19T10:57:03Z
2026-08-19T10:47:00Z,2026-08-19T12:47:00+0200,e079ef81-c4ef-4643-8235-c8ef85358b45,2026-07-24T08:00:00Z,2026-07-24T10:00:00+0200,2924.0,MW,ES,ES,actual_onshore_wind_generation,Wind Onshore,2026-08-19T10:57:03Z
2026-08-19T10:47:00Z,2026-08-19T12:47:00+0200,e079ef81-c4ef-4643-8235-c8ef85358b45,2026-07-24T08:15:00Z,2026-07-24T10:15:00+0200,2916.0,MW,ES,ES,actual_onshore_wind_generation,Wind Onshore,2026-08-19T10:57:03Z
2026-08-19T10:47:00Z,2026-08-19T12:47:00+0200,e079ef81-c4ef-4643-8235-c8ef85358b45,2026-07-24T08:30:00Z,2026-07-24T10:30:00+0200,2604.0,MW,ES,ES,actual_onshore_wind_generation,Wind Onshore,2026-08-19T10:57:03Z
2026-08-19T10:47:00Z,2026-08-19T12:47:00+0200,e079ef81-c4ef-4643-8235-c8ef85358b45,2026-07-24T08:45:00Z,2026-07-24T10:45:00+0200,2552.0,MW,ES,ES,actual_onshore_wind_generation,Wind Onshore,2026-08-19T10:57:03Z
2026-08-19T10:47:00Z,2026-08-19T12:47:00+0200,e079ef81-c4ef-4643-8235-c8ef85358b45,2026-07-24T09:00:00Z,2026-07-24T11:00:00+0200,2724.0,MW,ES,ES,actual_onshore_wind_generation,Wind Onshore,2026-08-19T10:57:03Z
2026-08-19T10:47:00Z,2026-08-19T12:47:00+0200,e079ef81-c4ef-4643-8235-c8ef85358b45,2026-07-24T09:15:00Z,2026-07-24T11:15:00+0200,2832.0,MW,ES,ES,actual_onshore_wind_generation,Wind Onshore,2026-08-19T10:57:03Z
2026-08-19T10:47:00Z,2026-08-19T12:47:00+0200,e079ef81-c4ef-4643-8235-c8ef85358b45,2026-07-24T09:30:00Z,2026-07-24T11:30:00+0200,2912.0,MW,ES,ES,actual_onshore_wind_generation,Wind Onshore,2026-08-19T10:57:03Z
2026-08-19T10:47:00Z,2026-08-19T12:47:00+0200,e079ef81-c4ef-4643-8235-c8ef85358b45,2026-07-24T09:45:00Z,2026-07-24T11:45:00+0200,3016.0,MW,ES,ES,actual_onshore_wind_generation,Wind Onshore,2026-08-19T10:57:03Z
2026-08-19T10:47:00Z,2026-08-19T12:47:00+0200,e079ef81-c4ef-4643-8235-c8ef85358b45,2026-07-24T10:00:00Z,2026-07-24T12:00:00+0200,3332.0,MW,ES,ES,actual_onshore_wind_generation,Wind Onshore,2026-08-19T10:57:03Z
2026-08-19T10:47:00Z,2026-08-19T12:47:00+0200,e079ef81-c4ef-4643-8235-c8ef85358b45,2026-07-24T10:15:00Z,2026-07-24T12:15:00+0200,3724.0,MW,ES,ES,actual_onshore_wind_generation,Wind Onshore,2026-08-19T10:57:03Z
2026-08-19T10:47:00Z,2026-08-19T12:47:00+0200,e079ef81-c4ef-4643-8235-c8ef85358b45,2026-07-24T10:30:00Z,2026-07-24T12:30:00+0200,4060.0,MW,ES,ES,actual_onshore_wind_generation,Wind Onshore,2026-08-19T10:57:03Z
2026-08-19T10:47:00Z,2026-08-19T12:47:00+0200,e079ef81-c4ef-4643-8235-c8ef85358b45,2026-07-24T10:45:00Z,2026-07-24T12:45:00+0200,4264.0,MW,ES,ES,actual_onshore_wind_generation,Wind Onshore,2026-08-19T10:57:03Z
2026-08-19T10:47:00Z,2026-08-19T12:47:00+0200,e079ef81-c4ef-4643-8235-c8ef85358b45,2026-07-24T11:00:00Z,2026-07-24T13:00:00+0200,4528.0,MW,ES,ES,actual_onshore_wind_generation,Wind Onshore,2026-08-19T10:57:03Z
2026-08-19T10:47:00Z,2026-08-19T12:47:00+0200,e079ef81-c4ef-4643-8235-c8ef85358b45,2026-07-24T11:15:00Z,2026-07-24T13:15:00+0200,4744.0,MW,ES,ES,actual_onshore_wind_generation,Wind Onshore,2026-08-19T10:57:03Z
2026-08-19T10:47:00Z,2026-08-19T12:47:00+0200,e079ef81-c4ef-4643-8235-c8ef85358b45,2026-07-24T11:30:00Z,2026-07-24T13:30:00+0200,4852.0,MW,ES,ES,actual_onshore_wind_generation,Wind Onshore,2026-08-19T10:57:03Z
2026-08-19T10:47:00Z,2026-08-19T12:47:00+0200,e079ef81-c4ef-4643-8235-c8ef85358b45,2026-07-24T11:45:00Z,2026-07-24T13:45:00+0200,4956.0,MW,ES,ES,actual_onshore_wind_generation,Wind Onshore,2026-08-19T10:57:03Z
2026-08-19T10:47:00Z,2026-08-19T12:47:00+0200,e079ef81-c4ef-4643-8235-c8ef85358b45,2026-07-24T12:00:00Z,2026-07-24T14:00:00+0200,5156.0,MW,ES,ES,actual_onshore_wind_generation,Wind Onshore,2026-08-19T10:57:03Z
2026-08-19T10:47:00Z,2026-08-19T12:47:00+0200,e079ef81-c4ef-4643-8235-c8ef85358b45,2026-07-24T12:15:00Z,2026-07-24T14:15:00+0200,5216.0,MW,ES,ES,actual_onshore_wind_generation,Wind Onshore,2026-08-19T10:57:03Z
2026-08-19T10:47:00Z,2026-08-19T12:47:00+0200,e079ef81-c4ef-4643-8235-c8ef85358b45,2026-07-24T12:30:00Z,2026-07-24T14:30:00+0200,5288.0,MW,ES,ES,actual_onshore_wind_generation,Wind Onshore,2026-08-19T10:57:03Z
2026-08-19T10:47:00Z,2026-08-19T12:47:00+0200,e079ef81-c4ef-4643-8235-c8ef85358b45,2026-07-24T12:45:00Z,2026-07-24T14:45:00+0200,5404.0,MW,ES,ES,actual_onshore_wind_generation,Wind Onshore,2026-08-19T10:57:03Z
2026-08-19T10:47:00Z,2026-08-19T12:47:00+0200,e079ef81-c4ef-4643-8235-c8ef85358b45,2026-07-24T13:00:00Z,2026-07-24T15:00:00+0200,5520.0,MW,ES,ES,actual_onshore_wind_generation,Wind Onshore,2026-08-19T10:57:03Z
2026-08-19T10:47:00Z,2026-08-19T12:47:00+0200,e079ef81-c4ef-4643-8235-c8ef85358b45,2026-07-24T13:15:00Z,2026-07-24T15:15:00+0200,5584.0,MW,ES,ES,actual_onshore_wind_generation,Wind Onshore,2026-08-19T10:57:03Z
2026-08-19T10:47:00Z,2026-08-19T12:47:00+0200,e079ef81-c4ef-4643-8235-c8ef85358b45,2026-07-24T13:30:00Z,2026-07-24T15:30:00+0200,5592.0,MW,ES,ES,actual_onshore_wind_generation,Wind Onshore,2026-08-19T10:57:03Z
2026-08-19T10:47:00Z,2026-08-19T12:47:00+0200,e079ef81-c4ef-4643-8235-c8ef85358b45,2026-07-24T13:45:00Z,2026-07-24T15:45:00+0200,5572.0,MW,ES,ES,actual_onshore_wind_generation,Wind Onshore,2026-08-19T10:57:03Z
2026-08-19T10:47:00Z,2026-08-19T12:47:00+0200,e079ef81-c4ef-4643-8235-c8ef85358b45,2026-07-24T14:00:00Z,2026-07-24T16:00:00+0200,5576.0,MW,ES,ES,actual_onshore_wind_generation,Wind Onshore,2026-08-19T10:57:03Z
2026-08-19T10:47:00Z,2026-08-19T12:47:00+0200,e079ef81-c4ef-4643-8235-c8ef85358b45,2026-07-24T14:15:00Z,2026-07-24T16:15:00+0200,5708.0,MW,ES,ES,actual_onshore_wind_generation,Wind Onshore,2026-08-19T10:57:03Z
2026-08-19T10:47:00Z,2026-08-19T12:47:00+0200,e079ef81-c4ef-4643-8235-c8ef85358b45,2026-07-24T14:30:00Z,2026-07-24T16:30:00+0200,5868.0,MW,ES,ES,actual_onshore_wind_generation,Wind Onshore,2026-08-19T10:57:03Z
2026-08-19T10:47:00Z,2026-08-19T12:47:00+0200,e079ef81-c4ef-4643-8235-c8ef85358b45,2026-07-24T14:45:00Z,2026-07-24T16:45:00+0200,6232.0,MW,ES,ES,actual_onshore_wind_generation,Wind Onshore,2026-08-19T10:57:03Z
2026-08-19T10:47:00Z,2026-08-19T12:47:00+0200,e079ef81-c4ef-4643-8235-c8ef85358b45,2026-07-24T15:00:00Z,2026-07-24T17:00:00+0200,6744.0,MW,ES,ES,actual_onshore_wind_generation,Wind Onshore,2026-08-19T10:57:03Z
2026-08-19T10:47:00Z,2026-08-19T12:47:00+0200,e079ef81-c4ef-4643-8235-c8ef85358b45,2026-07-24T15:15:00Z,2026-07-24T17:15:00+0200,7308.0,MW,ES,ES,actual_onshore_wind_generation,Wind Onshore,2026-08-19T10:57:03Z
2026-08-19T10:47:00Z,2026-08-19T12:47:00+0200,e079ef81-c4ef-4643-8235-c8ef85358b45,2026-07-24T15:30:00Z,2026-07-24T17:30:00+0200,7660.0,MW,ES,ES,actual_onshore_wind_generation,Wind Onshore,2026-08-19T10:57:03Z
2026-08-19T10:47:00Z,2026-08-19T12:47:00+0200,e079ef81-c4ef-4643-8235-c8ef85358b45,2026-07-24T15:45:00Z,2026-07-24T17:45:00+0200,8000.0,MW,ES,ES,actual_onshore_wind_generation,Wind Onshore,2026-08-19T10:57:03Z
2026-08-19T10:47:00Z,2026-08-19T12:47:00+0200,e079ef81-c4ef-4643-8235-c8ef85358b45,2026-07-24T16:00:00Z,2026-07-24T18:00:00+0200,8420.0,MW,ES,ES,actual_onshore_wind_generation,Wind Onshore,2026-08-19T10:57:03Z
2026-08-19T10:47:00Z,2026-08-19T12:47:00+0200,e079ef81-c4ef-4643-8235-c8ef85358b45,2026-07-24T16:15:00Z,2026-07-24T18:15:00+0200,8916.0,MW,ES,ES,actual_onshore_wind_generation,Wind Onshore,2026-08-19T10:57:03Z
2026-08-19T10:47:00Z,2026-08-19T12:47:00+0200,e079ef81-c4ef-4643-8235-c8ef85358b45,2026-07-24T16:30:00Z,2026-07-24T18:30:00+0200,9284.0,MW,ES,ES,actual_onshore_wind_generation,Wind Onshore,2026-08-19T10:57:03Z
2026-08-19T10:47:00Z,2026-08-19T12:47:00+0200,e079ef81-c4ef-4643-8235-c8ef85358b45,2026-07-24T16:45:00Z,2026-07-24T18:45:00+0200,9628.0,MW,ES,ES,actual_onshore_wind_generation,Wind Onshore,2026-08-19T10:57:03Z
2026-08-19T10:47:00Z,2026-08-19T12:47:00+0200,e079ef81-c4ef-4643-8235-c8ef85358b45,2026-07-24T17:00:00Z,2026-07-24T19:00:00+0200,10068.0,MW,ES,ES,actual_onshore_wind_generation,Wind Onshore,2026-08-19T10:57:03Z
2026-08-19T10:47:00Z,2026-08-19T12:47:00+0200,e079ef81-c4ef-4643-8235-c8ef85358b45,2026-07-24T17:15:00Z,2026-07-24T19:15:00+0200,10600.0,MW,ES,ES,actual_onshore_wind_generation,Wind Onshore,2026-08-19T10:57:03Z
2026-08-19T10:47:00Z,2026-08-19T12:47:00+0200,e079ef81-c4ef-4643-8235-c8ef85358b45,2026-07-24T17:30:00Z,2026-07-24T19:30:00+0200,11084.0,MW,ES,ES,actual_onshore_wind_generation,Wind Onshore,2026-08-19T10:57:03Z
2026-08-19T10:47:00Z,2026-08-19T12:47:00+0200,e079ef81-c4ef-4643-8235-c8ef85358b45,2026-07-24T17:45:00Z,2026-07-24T19:45:00+0200,11092.0,MW,ES,ES,actual_onshore_wind_generation,Wind Onshore,2026-08-19T10:57:03Z
2026-08-19T10:47:00Z,2026-08-19T12:47:00+0200,e079ef81-c4ef-4643-8235-c8ef85358b45,2026-07-24T18:00:00Z,2026-07-24T20:00:00+0200,10996.0,MW,ES,ES,actual_onshore_wind_generation,Wind Onshore,2026-08-19T10:57:03Z
2026-08-19T10:47:00Z,2026-08-19T12:47:00+0200,e079ef81-c4ef-4643-8235-c8ef85358b45,2026-07-24T18:15:00Z,2026-07-24T20:15:00+0200,10592.0,MW,ES,ES,actual_onshore_wind_generation,Wind Onshore,2026-08-19T10:57:03Z
2026-08-19T10:47:00Z,2026-08-19T12:47:00+0200,e079ef81-c4ef-4643-8235-c8ef85358b45,2026-07-24T18:30:00Z,2026-07-24T20:30:00+0200,10260.0,MW,ES,ES,actual_onshore_wind_generation,Wind Onshore,2026-08-19T10:57:03Z
2026-08-19T10:47:00Z,2026-08-19T12:47:00+0200,e079ef81-c4ef-4643-8235-c8ef85358b45,2026-07-24T18:45:00Z,2026-07-24T20:45:00+0200,9908.0,MW,ES,ES,actual_onshore_wind_generation,Wind Onshore,2026-08-19T10:57:03Z
2026-08-19T10:47:00Z,2026-08-19T12:47:00+0200,e079ef81-c4ef-4643-8235-c8ef85358b45,2026-07-24T19:00:00Z,2026-07-24T21:00:00+0200,9556.0,MW,ES,ES,actual_onshore_wind_generation,Wind Onshore,2026-08-19T10:57:03Z
2026-08-19T10:47:00Z,2026-08-19T12:47:00+0200,e079ef81-c4ef-4643-8235-c8ef85358b45,2026-07-24T19:15:00Z,2026-07-24T21:15:00+0200,9192.0,MW,ES,ES,actual_onshore_wind_generation,Wind Onshore,2026-08-19T10:57:03Z
2026-08-19T10:47:00Z,2026-08-19T12:47:00+0200,e079ef81-c4ef-4643-8235-c8ef85358b45,2026-07-24T19:30:00Z,2026-07-24T21:30:00+0200,8916.0,MW,ES,ES,actual_onshore_wind_generation,Wind Onshore,2026-08-19T10:57:03Z
2026-08-19T10:47:00Z,2026-08-19T12:47:00+0200,e079ef81-c4ef-4643-8235-c8ef85358b45,2026-07-24T19:45:00Z,2026-07-24T21:45:00+0200,8692.0,MW,ES,ES,actual_onshore_wind_generation,Wind Onshore,2026-08-19T10:57:03Z
2026-08-19T10:47:00Z,2026-08-19T12:47:00+0200,e079ef81-c4ef-4643-8235-c8ef85358b45,2026-07-24T20:00:00Z,2026-07-24T22:00:00+0200,8500.0,MW,ES,ES,actual_onshore_wind_generation,Wind Onshore,2026-08-19T10:57:03Z
2026-08-19T10:47:00Z,2026-08-19T12:47:00+0200,e079ef81-c4ef-4643-8235-c8ef85358b45,2026-07-24T20:15:00Z,2026-07-24T22:15:00+0200,8544.0,MW,ES,ES,actual_onshore_wind_generation,Wind Onshore,2026-08-19T10:57:03Z
2026-08-19T10:47:00Z,2026-08-19T12:47:00+0200,e079ef81-c4ef-4643-8235-c8ef85358b45,2026-07-24T20:30:00Z,2026-07-24T22:30:00+0200,8692.0,MW,ES,ES,actual_onshore_wind_generation,Wind Onshore,2026-08-19T10:57:03Z
2026-08-19T10:47:00Z,2026-08-19T12:47:00+0200,e079ef81-c4ef-4643-8235-c8ef85358b45,2026-07-24T20:45:00Z,2026-07-24T22:45:00+0200,8784.0,MW,ES,ES,actual_onshore_wind_generation,Wind Onshore,2026-08-19T10:57:03Z
2026-08-19T10:47:00Z,2026-08-19T12:47:00+0200,e079ef81-c4ef-4643-8235-c8ef85358b45,2026-07-24T21:00:00Z,2026-07-24T23:00:00+0200,8840.0,MW,ES,ES,actual_onshore_wind_generation,Wind Onshore,2026-08-19T10:57:03Z
2026-08-19T10:47:00Z,2026-08-19T12:47:00+0200,e079ef81-c4ef-4643-8235-c8ef85358b45,2026-07-24T21:15:00Z,2026-07-24T23:15:00+0200,8928.0,MW,ES,ES,actual_onshore_wind_generation,Wind Onshore,2026-08-19T10:57:03Z
2026-08-19T10:47:00Z,2026-08-19T12:47:00+0200,e079ef81-c4ef-4643-8235-c8ef85358b45,2026-07-24T21:30:00Z,2026-07-24T23:30:00+0200,8888.0,MW,ES,ES,actual_onshore_wind_generation,Wind Onshore,2026-08-19T10:57:03Z
2026-08-19T10:47:00Z,2026-08-19T12:47:00+0200,e079ef81-c4ef-4643-8235-c8ef85358b45,2026-07-24T21:45:00Z,2026-07-24T23:45:00+0200,8860.0,MW,ES,ES,actual_onshore_wind_generation,Wind Onshore,2026-08-19T10:57:03Z
2026-08-19T10:47:00Z,2026-08-19T12:47:00+0200,e079ef81-c4ef-4643-8235-c8ef85358b45,2026-07-24T22:00:00Z,2026-07-25T00:00:00+0200,8752.0,MW,ES,ES,actual_onshore_wind_generation,Wind Onshore,2026-08-19T10:57:03Z
2026-08-19T10:47:00Z,2026-08-19T12:47:00+0200,e079ef81-c4ef-4643-8235-c8ef85358b45,2026-07-24T22:15:00Z,2026-07-25T00:15:00+0200,8980.0,MW,ES,ES,actual_onshore_wind_generation,Wind Onshore,2026-08-19T10:57:03Z
2026-08-19T10:47:00Z,2026-08-19T12:47:00+0200,e079ef81-c4ef-4643-8235-c8ef85358b45,2026-07-24T22:30:00Z,2026-07-25T00:30:00+0200,8912.0,MW,ES,ES,actual_onshore_wind_generation,Wind Onshore,2026-08-19T10:57:03Z
2026-08-19T10:47:00Z,2026-08-19T12:47:00+0200,e079ef81-c4ef-4643-8235-c8ef85358b45,2026-07-24T22:45:00Z,2026-07-25T00:45:00+0200,8744.0,MW,ES,ES,actual_onshore_wind_generation,Wind Onshore,2026-08-19T10:57:03Z
2026-08-19T10:47:00Z,2026-08-19T12:47:00+0200,e079ef81-c4ef-4643-8235-c8ef85358b45,2026-07-24T23:00:00Z,2026-07-25T01:00:00+0200,8452.0,MW,ES,ES,actual_onshore_wind_generation,Wind Onshore,2026-08-19T10:57:03Z
2026-08-19T10:47:00Z,2026-08-19T12:47:00+0200,e079ef81-c4ef-4643-8235-c8ef85358b45,2026-07-24T23:15:00Z,2026-07-25T01:15:00+0200,8324.0,MW,ES,ES,actual_onshore_wind_generation,Wind Onshore,2026-08-19T10:57:03Z
2026-08-19T10:47:00Z,2026-08-19T12:47:00+0200,e079ef81-c4ef-4643-8235-c8ef85358b45,2026-07-24T23:30:00Z,2026-07-25T01:30:00+0200,8140.0,MW,ES,ES,actual_onshore_wind_generation,Wind Onshore,2026-08-19T10:57:03Z
2026-08-19T10:47:00Z,2026-08-19T12:47:00+0200,e079ef81-c4ef-4643-8235-c8ef85358b45,2026-07-24T23:45:00Z,2026-07-25T01:45:00+0200,8016.0,MW,ES,ES,actual_onshore_wind_generation,Wind Onshore,2026-08-19T10:57:03Z
2026-08-19T10:47:00Z,2026-08-19T12:47:00+0200,e079ef81-c4ef-4643-8235-c8ef85358b45,2026-07-25T00:00:00Z,2026-07-25T02:00:00+0200,7980.0,MW,ES,ES,actual_onshore_wind_generation,Wind Onshore,2026-08-19T10:57:03Z
2026-08-19T10:47:00Z,2026-08-19T12:47:00+0200,e079ef81-c4ef-4643-8235-c8ef85358b45,2026-07-25T00:15:00Z,2026-07-25T02:15:00+0200,7800.0,MW,ES,ES,actual_onshore_wind_generation,Wind Onshore,2026-08-19T10:57:03Z
2026-08-19T10:47:00Z,2026-08-19T12:47:00+0200,e079ef81-c4ef-4643-8235-c8ef85358b45,2026-07-25T00:30:00Z,2026-07-25T02:30:00+0200,7632.0,MW,ES,ES,actual_onshore_wind_generation,Wind Onshore,2026-08-19T10:57:03Z
2026-08-19T10:47:00Z,2026-08-19T12:47:00+0200,e079ef81-c4ef-4643-8235-c8ef85358b45,2026-07-25T00:45:00Z,2026-07-25T02:45:00+0200,7520.0,MW,ES,ES,actual_onshore_wind_generation,Wind Onshore,2026-08-19T10:57:03Z
2026-08-19T10:47:00Z,2026-08-19T12:47:00+0200,e079ef81-c4ef-4643-8235-c8ef85358b45,2026-07-25T01:00:00Z,2026-07-25T03:00:00+0200,7452.0,MW,ES,ES,actual_onshore_wind_generation,Wind Onshore,2026-08-19T10:57:03Z
2026-08-19T10:47:00Z,2026-08-19T12:47:00+0200,e079ef81-c4ef-4643-8235-c8ef85358b45,2026-07-25T01:15:00Z,2026-07-25T03:15:00+0200,7444.0,MW,ES,ES,actual_onshore_wind_generation,Wind Onshore,2026-08-19T10:57:03Z
2026-08-19T10:47:00Z,2026-08-19T12:47:00+0200,e079ef81-c4ef-4643-8235-c8ef85358b45,2026-07-25T01:30:00Z,2026-07-25T03:30:00+0200,7304.0,MW,ES,ES,actual_onshore_wind_generation,Wind Onshore,2026-08-19T10:57:03Z
2026-08-19T10:47:00Z,2026-08-19T12:47:00+0200,e079ef81-c4ef-4643-8235-c8ef85358b45,2026-07-25T01:45:00Z,2026-07-25T03:45:00+0200,7172.0,MW,ES,ES,actual_onshore_wind_generation,Wind Onshore,2026-08-19T10:57:03Z
2026-08-19T10:47:00Z,2026-08-19T12:47:00+0200,e079ef81-c4ef-4643-8235-c8ef85358b45,2026-07-25T02:00:00Z,2026-07-25T04:00:00+0200,7080.0,MW,ES,ES,actual_onshore_wind_generation,Wind Onshore,2026-08-19T10:57:03Z
2026-08-19T10:47:00Z,2026-08-19T12:47:00+0200,e079ef81-c4ef-4643-8235-c8ef85358b45,2026-07-25T02:15:00Z,2026-07-25T04:15:00+0200,7024.0,MW,ES,ES,actual_onshore_wind_generation,Wind Onshore,2026-08-19T10:57:03Z
2026-08-19T10:47:00Z,2026-08-19T12:47:00+0200,e079ef81-c4ef-4643-8235-c8ef85358b45,2026-07-25T02:30:00Z,2026-07-25T04:30:00+0200,6960.0,MW,ES,ES,actual_onshore_wind_generation,Wind Onshore,2026-08-19T10:57:03Z
2026-08-19T10:47:00Z,2026-08-19T12:47:00+0200,e079ef81-c4ef-4643-8235-c8ef85358b45,2026-07-25T02:45:00Z,2026-07-25T04:45:00+0200,6840.0,MW,ES,ES,actual_onshore_wind_generation,Wind Onshore,2026-08-19T10:57:03Z
2026-08-19T10:47:00Z,2026-08-19T12:47:00+0200,e079ef81-c4ef-4643-8235-c8ef85358b45,2026-07-25T03:00:00Z,2026-07-25T05:00:00+0200,6748.0,MW,ES,ES,actual_onshore_wind_generation,Wind Onshore,2026-08-19T10:57:03Z
2026-08-19T10:47:00Z,2026-08-19T12:47:00+0200,e079ef81-c4ef-4643-8235-c8ef85358b45,2026-07-25T03:15:00Z,2026-07-25T05:15:00+0200,6776.0,MW,ES,ES,actual_onshore_wind_generation,Wind Onshore,2026-08-19T10:57:03Z
2026-08-19T10:47:00Z,2026-08-19T12:47:00+0200,e079ef81-c4ef-4643-8235-c8ef85358b45,2026-07-25T03:30:00Z,2026-07-25T05:30:00+0200,6948.0,MW,ES,ES,actual_onshore_wind_generation,Wind Onshore,2026-08-19T10:57:03Z
2026-08-19T10:47:00Z,2026-08-19T12:47:00+0200,e079ef81-c4ef-4643-8235-c8ef85358b45,2026-07-25T03:45:00Z,2026-07-25T05:45:00+0200,7160.0,MW,ES,ES,actual_onshore_wind_generation,Wind Onshore,2026-08-19T10:57:03Z
2026-08-19T10:47:00Z,2026-08-19T12:47:00+0200,e079ef81-c4ef-4643-8235-c8ef85358b45,2026-07-25T04:00:00Z,2026-07-25T06:00:00+0200,7204.0,MW,ES,ES,actual_onshore_wind_generation,Wind Onshore,2026-08-19T10:57:03Z
2026-08-19T10:47:00Z,2026-08-19T12:47:00+0200,e079ef81-c4ef-4643-8235-c8ef85358b45,2026-07-25T04:15:00Z,2026-07-25T06:15:00+0200,7164.0,MW,ES,ES,actual_onshore_wind_generation,Wind Onshore,2026-08-19T10:57:03Z
2026-08-19T10:47:00Z,2026-08-19T12:47:00+0200,e079ef81-c4ef-4643-8235-c8ef85358b45,2026-07-25T04:30:00Z,2026-07-25T06:30:00+0200,7048.0,MW,ES,ES,actual_onshore_wind_generation,Wind Onshore,2026-08-19T10:57:03Z
2026-08-19T10:47:00Z,2026-08-19T12:47:00+0200,e079ef81-c4ef-4643-8235-c8ef85358b45,2026-07-25T04:45:00Z,2026-07-25T06:45:00+0200,6820.0,MW,ES,ES,actual_onshore_wind_generation,Wind Onshore,2026-08-19T10:57:03Z
2026-08-19T10:47:00Z,2026-08-19T12:47:00+0200,e079ef81-c4ef-4643-8235-c8ef85358b45,2026-07-25T05:00:00Z,2026-07-25T07:00:00+0200,6644.0,MW,ES,ES,actual_onshore_wind_generation,Wind Onshore,2026-08-19T10:57:03Z
2026-08-19T10:47:00Z,2026-08-19T12:47:00+0200,e079ef81-c4ef-4643-8235-c8ef85358b45,2026-07-25T05:15:00Z,2026-07-25T07:15:00+0200,6568.0,MW,ES,ES,actual_onshore_wind_generation,Wind Onshore,2026-08-19T10:57:03Z
2026-08-19T10:47:00Z,2026-08-19T12:47:00+0200,e079ef81-c4ef-4643-8235-c8ef85358b45,2026-07-25T05:30:00Z,2026-07-25T07:30:00+0200,6448.0,MW,ES,ES,actual_onshore_wind_generation,Wind Onshore,2026-08-19T10:57:03Z
2026-08-19T10:47:00Z,2026-08-19T12:47:00+0200,e079ef81-c4ef-4643-8235-c8ef85358b45,2026-07-25T05:45:00Z,2026-07-25T07:45:00+0200,6248.0,MW,ES,ES,actual_onshore_wind_generation,Wind Onshore,2026-08-19T10:57:03Z
2026-08-19T10:47:00Z,2026-08-19T12:47:00+0200,e079ef81-c4ef-4643-8235-c8ef85358b45,2026-07-25T06:00:00Z,2026-07-25T08:00:00+0200,5968.0,MW,ES,ES,actual_onshore_wind_generation,Wind Onshore,2026-08-19T10:57:03Z
2026-08-19T10:47:00Z,2026-08-19T12:47:00+0200,e079ef81-c4ef-4643-8235-c8ef85358b45,2026-07-25T06:15:00Z,2026-07-25T08:15:00+0200,5612.0,MW,ES,ES,actual_onshore_wind_generation,Wind Onshore,2026-08-19T10:57:03Z
2026-08-19T10:47:00Z,2026-08-19T12:47:00+0200,e079ef81-c4ef-4643-8235-c8ef85358b45,2026-07-25T06:30:00Z,2026-07-25T08:30:00+0200,5304.0,MW,ES,ES,actual_onshore_wind_generation,Wind Onshore,2026-08-19T10:57:03Z
2026-08-19T10:47:00Z,2026-08-19T12:47:00+0200,e079ef81-c4ef-4643-8235-c8ef85358b45,2026-07-25T06:45:00Z,2026-07-25T08:45:00+0200,5152.0,MW,ES,ES,actual_onshore_wind_generation,Wind Onshore,2026-08-19T10:57:03Z
2026-08-19T10:47:00Z,2026-08-19T12:47:00+0200,e079ef81-c4ef-4643-8235-c8ef85358b45,2026-07-25T07:00:00Z,2026-07-25T09:00:00+0200,5312.0,MW,ES,ES,actual_onshore_wind_generation,Wind Onshore,2026-08-19T10:57:03Z
2026-08-19T10:47:00Z,2026-08-19T12:47:00+0200,e079ef81-c4ef-4643-8235-c8ef85358b45,2026-07-25T07:15:00Z,2026-07-25T09:15:00+0200,5492.0,MW,ES,ES,actual_onshore_wind_generation,Wind Onshore,2026-08-19T10:57:03Z
2026-08-19T10:47:00Z,2026-08-19T12:47:00+0200,e079ef81-c4ef-4643-8235-c8ef85358b45,2026-07-25T07:30:00Z,2026-07-25T09:30:00+0200,4828.0,MW,ES,ES,actual_onshore_wind_generation,Wind Onshore,2026-08-19T10:57:03Z
2026-08-19T10:47:00Z,2026-08-19T12:47:00+0200,e079ef81-c4ef-4643-8235-c8ef85358b45,2026-07-25T07:45:00Z,2026-07-25T09:45:00+0200,4728.0,MW,ES,ES,actual_onshore_wind_generation,Wind Onshore,2026-08-19T10:57:03Z
2026-08-19T10:47:00Z,2026-08-19T12:47:00+0200,e079ef81-c4ef-4643-8235-c8ef85358b45,2026-07-25T08:00:00Z,2026-07-25T10:00:00+0200,4524.0,MW,ES,ES,actual_onshore_wind_generation,Wind Onshore,2026-08-19T10:57:03Z
2026-08-19T10:47:00Z,2026-08-19T12:47:00+0200,e079ef81-c4ef-4643-8235-c8ef85358b45,2026-07-25T08:15:00Z,2026-07-25T10:15:00+0200,4804.0,MW,ES,ES,actual_onshore_wind_generation,Wind Onshore,2026-08-19T10:57:03Z
2026-08-19T10:47:00Z,2026-08-19T12:47:00+0200,e079ef81-c4ef-4643-8235-c8ef85358b45,2026-07-25T08:30:00Z,2026-07-25T10:30:00+0200,4628.0,MW,ES,ES,actual_onshore_wind_generation,Wind Onshore,2026-08-19T10:57:03Z
2026-08-19T10:47:00Z,2026-08-19T12:47:00+0200,e079ef81-c4ef-4643-8235-c8ef85358b45,2026-07-25T08:45:00Z,2026-07-25T10:45:00+0200,4240.0,MW,ES,ES,actual_onshore_wind_generation,Wind Onshore,2026-08-19T10:57:03Z
2026-08-19T10:47:00Z,2026-08-19T12:47:00+0200,e079ef81-c4ef-4643-8235-c8ef85358b45,2026-07-25T09:00:00Z,2026-07-25T11:00:00+0200,3700.0,MW,ES,ES,actual_onshore_wind_generation,Wind Onshore,2026-08-19T10:57:03Z
2026-08-19T10:47:00Z,2026-08-19T12:47:00+0200,e079ef81-c4ef-4643-8235-c8ef85358b45,2026-07-25T09:15:00Z,2026-07-25T11:15:00+0200,3508.0,MW,ES,ES,actual_onshore_wind_generation,Wind Onshore,2026-08-19T10:57:03Z
2026-08-19T10:47:00Z,2026-08-19T12:47:00+0200,e079ef81-c4ef-4643-8235-c8ef85358b45,2026-07-25T09:30:00Z,2026-07-25T11:30:00+0200,3240.0,MW,ES,ES,actual_onshore_wind_generation,Wind Onshore,2026-08-19T10:57:03Z
2026-08-19T10:47:00Z,2026-08-19T12:47:00+0200,e079ef81-c4ef-4643-8235-c8ef85358b45,2026-07-25T09:45:00Z,2026-07-25T11:45:00+0200,3272.0,MW,ES,ES,actual_onshore_wind_generation,Wind Onshore,2026-08-19T10:57:03Z
2026-08-19T10:47:00Z,2026-08-19T12:47:00+0200,e079ef81-c4ef-4643-8235-c8ef85358b45,2026-07-25T10:00:00Z,2026-07-25T12:00:00+0200,3104.0,MW,ES,ES,actual_onshore_wind_generation,Wind Onshore,2026-08-19T10:57:03Z
2026-08-19T10:47:00Z,2026-08-19T12:47:00+0200,e079ef81-c4ef-4643-8235-c8ef85358b45,2026-07-25T10:15:00Z,2026-07-25T12:15:00+0200,3168.0,MW,ES,ES,actual_onshore_wind_generation,Wind Onshore,2026-08-19T10:57:03Z
2026-08-19T10:47:00Z,2026-08-19T12:47:00+0200,e079ef81-c4ef-4643-8235-c8ef85358b45,2026-07-25T10:30:00Z,2026-07-25T12:30:00+0200,3200.0,MW,ES,ES,actual_onshore_wind_generation,Wind Onshore,2026-08-19T10:57:03Z
2026-08-19T10:47:00Z,2026-08-19T12:47:00+0200,e079ef81-c4ef-4643-8235-c8ef85358b45,2026-07-25T10:45:00Z,2026-07-25T12:45:00+0200,3376.0,MW,ES,ES,actual_onshore_wind_generation,Wind Onshore,2026-08-19T10:57:03Z
2026-08-19T10:47:00Z,2026-08-19T12:47:00+0200,e079ef81-c4ef-4643-8235-c8ef85358b45,2026-07-25T11:00:00Z,2026-07-25T13:00:00+0200,3540.0,MW,ES,ES,actual_onshore_wind_generation,Wind Onshore,2026-08-19T10:57:03Z
2026-08-19T10:47:00Z,2026-08-19T12:47:00+0200,e079ef81-c4ef-4643-8235-c8ef85358b45,2026-07-25T11:15:00Z,2026-07-25T13:15:00+0200,3604.0,MW,ES,ES,actual_onshore_wind_generation,Wind Onshore,2026-08-19T10:57:03Z
2026-08-19T10:47:00Z,2026-08-19T12:47:00+0200,e079ef81-c4ef-4643-8235-c8ef85358b45,2026-07-25T11:30:00Z,2026-07-25T13:30:00+0200,3644.0,MW,ES,ES,actual_onshore_wind_generation,Wind Onshore,2026-08-19T10:57:03Z
2026-08-19T10:47:00Z,2026-08-19T12:47:00+0200,e079ef81-c4ef-4643-8235-c8ef85358b45,2026-07-25T11:45:00Z,2026-07-25T13:45:00+0200,3632.0,MW,ES,ES,actual_onshore_wind_generation,Wind Onshore,2026-08-19T10:57:03Z
2026-08-19T10:47:00Z,2026-08-19T12:47:00+0200,e079ef81-c4ef-4643-8235-c8ef85358b45,2026-07-25T12:00:00Z,2026-07-25T14:00:00+0200,3712.0,MW,ES,ES,actual_onshore_wind_generation,Wind Onshore,2026-08-19T10:57:03Z
2026-08-19T10:47:00Z,2026-08-19T12:47:00+0200,e079ef81-c4ef-4643-8235-c8ef85358b45,2026-07-25T12:15:00Z,2026-07-25T14:15:00+0200,3744.0,MW,ES,ES,actual_onshore_wind_generation,Wind Onshore,2026-08-19T10:57:03Z
2026-08-19T10:47:00Z,2026-08-19T12:47:00+0200,e079ef81-c4ef-4643-8235-c8ef85358b45,2026-07-25T12:30:00Z,2026-07-25T14:30:00+0200,3720.0,MW,ES,ES,actual_onshore_wind_generation,Wind Onshore,2026-08-19T10:57:03Z
2026-08-19T10:47:00Z,2026-08-19T12:47:00+0200,e079ef81-c4ef-4643-8235-c8ef85358b45,2026-07-25T12:45:00Z,2026-07-25T14:45:00+0200,3784.0,MW,ES,ES,actual_onshore_wind_generation,Wind Onshore,2026-08-19T10:57:03Z
2026-08-19T10:47:00Z,2026-08-19T12:47:00+0200,e079ef81-c4ef-4643-8235-c8ef85358b45,2026-07-25T13:00:00Z,2026-07-25T15:00:00+0200,4020.0,MW,ES,ES,actual_onshore_wind_generation,Wind Onshore,2026-08-19T10:57:03Z
2026-08-19T10:47:00Z,2026-08-19T12:47:00+0200,e079ef81-c4ef-4643-8235-c8ef85358b45,2026-07-25T13:15:00Z,2026-07-25T15:15:00+0200,4264.0,MW,ES,ES,actual_onshore_wind_generation,Wind Onshore,2026-08-19T10:57:03Z
2026-08-19T10:47:00Z,2026-08-19T12:47:00+0200,e079ef81-c4ef-4643-8235-c8ef85358b45,2026-07-25T13:30:00Z,2026-07-25T15:30:00+0200,4380.0,MW,ES,ES,actual_onshore_wind_generation,Wind Onshore,2026-08-19T10:57:03Z
2026-08-19T10:47:00Z,2026-08-19T12:47:00+0200,e079ef81-c4ef-4643-8235-c8ef85358b45,2026-07-25T13:45:00Z,2026-07-25T15:45:00+0200,4488.0,MW,ES,ES,actual_onshore_wind_generation,Wind Onshore,2026-08-19T10:57:03Z
2026-08-19T10:47:00Z,2026-08-19T12:47:00+0200,e079ef81-c4ef-4643-8235-c8ef85358b45,2026-07-25T14:00:00Z,2026-07-25T16:00:00+0200,4684.0,MW,ES,ES,actual_onshore_wind_generation,Wind Onshore,2026-08-19T10:57:03Z
2026-08-19T10:47:00Z,2026-08-19T12:47:00+0200,e079ef81-c4ef-4643-8235-c8ef85358b45,2026-07-25T14:15:00Z,2026-07-25T16:15:00+0200,5152.0,MW,ES,ES,actual_onshore_wind_generation,Wind Onshore,2026-08-19T10:57:03Z
2026-08-19T10:47:00Z,2026-08-19T12:47:00+0200,e079ef81-c4ef-4643-8235-c8ef85358b45,2026-07-25T14:30:00Z,2026-07-25T16:30:00+0200,5596.0,MW,ES,ES,actual_onshore_wind_generation,Wind Onshore,2026-08-19T10:57:03Z
2026-08-19T10:47:00Z,2026-08-19T12:47:00+0200,e079ef81-c4ef-4643-8235-c8ef85358b45,2026-07-25T14:45:00Z,2026-07-25T16:45:00+0200,5736.0,MW,ES,ES,actual_onshore_wind_generation,Wind Onshore,2026-08-19T10:57:03Z
2026-08-19T10:47:00Z,2026-08-19T12:47:00+0200,e079ef81-c4ef-4643-8235-c8ef85358b45,2026-07-25T15:00:00Z,2026-07-25T17:00:00+0200,6052.0,MW,ES,ES,actual_onshore_wind_generation,Wind Onshore,2026-08-19T10:57:03Z
2026-08-19T10:47:00Z,2026-08-19T12:47:00+0200,e079ef81-c4ef-4643-8235-c8ef85358b45,2026-07-25T15:15:00Z,2026-07-25T17:15:00+0200,6488.0,MW,ES,ES,actual_onshore_wind_generation,Wind Onshore,2026-08-19T10:57:03Z
2026-08-19T10:47:00Z,2026-08-19T12:47:00+0200,e079ef81-c4ef-4643-8235-c8ef85358b45,2026-07-25T15:30:00Z,2026-07-25T17:30:00+0200,6612.0,MW,ES,ES,actual_onshore_wind_generation,Wind Onshore,2026-08-19T10:57:03Z
2026-08-19T10:47:00Z,2026-08-19T12:47:00+0200,e079ef81-c4ef-4643-8235-c8ef85358b45,2026-07-25T15:45:00Z,2026-07-25T17:45:00+0200,6764.0,MW,ES,ES,actual_onshore_wind_generation,Wind Onshore,2026-08-19T10:57:03Z
2026-08-19T10:47:00Z,2026-08-19T12:47:00+0200,e079ef81-c4ef-4643-8235-c8ef85358b45,2026-07-25T16:00:00Z,2026-07-25T18:00:00+0200,6996.0,MW,ES,ES,actual_onshore_wind_generation,Wind Onshore,2026-08-19T10:57:03Z
2026-08-19T10:47:00Z,2026-08-19T12:47:00+0200,e079ef81-c4ef-4643-8235-c8ef85358b45,2026-07-25T16:15:00Z,2026-07-25T18:15:00+0200,7340.0,MW,ES,ES,actual_onshore_wind_generation,Wind Onshore,2026-08-19T10:57:03Z
2026-08-19T10:47:00Z,2026-08-19T12:47:00+0200,e079ef81-c4ef-4643-8235-c8ef85358b45,2026-07-25T16:30:00Z,2026-07-25T18:30:00+0200,7796.0,MW,ES,ES,actual_onshore_wind_generation,Wind Onshore,2026-08-19T10:57:03Z
2026-08-19T10:47:00Z,2026-08-19T12:47:00+0200,e079ef81-c4ef-4643-8235-c8ef85358b45,2026-07-25T16:45:00Z,2026-07-25T18:45:00+0200,8196.0,MW,ES,ES,actual_onshore_wind_generation,Wind Onshore,2026-08-19T10:57:03Z
2026-08-19T10:47:00Z,2026-08-19T12:47:00+0200,e079ef81-c4ef-4643-8235-c8ef85358b45,2026-07-25T17:00:00Z,2026-07-25T19:00:00+0200,8980.0,MW,ES,ES,actual_onshore_wind_generation,Wind Onshore,2026-08-19T10:57:03Z
2026-08-19T10:47:00Z,2026-08-19T12:47:00+0200,e079ef81-c4ef-4643-8235-c8ef85358b45,2026-07-25T17:15:00Z,2026-07-25T19:15:00+0200,9868.0,MW,ES,ES,actual_onshore_wind_generation,Wind Onshore,2026-08-19T10:57:03Z
2026-08-19T10:47:00Z,2026-08-19T12:47:00+0200,e079ef81-c4ef-4643-8235-c8ef85358b45,2026-07-25T17:30:00Z,2026-07-25T19:30:00+0200,10532.0,MW,ES,ES,actual_onshore_wind_generation,Wind Onshore,2026-08-19T10:57:03Z
2026-08-19T10:47:00Z,2026-08-19T12:47:00+0200,e079ef81-c4ef-4643-8235-c8ef85358b45,2026-07-25T17:45:00Z,2026-07-25T19:45:00+0200,10844.0,MW,ES,ES,actual_onshore_wind_generation,Wind Onshore,2026-08-19T10:57:03Z
2026-08-19T10:47:00Z,2026-08-19T12:47:00+0200,e079ef81-c4ef-4643-8235-c8ef85358b45,2026-07-25T18:00:00Z,2026-07-25T20:00:00+0200,12360.0,MW,ES,ES,actual_onshore_wind_generation,Wind Onshore,2026-08-19T10:57:03Z
2026-08-19T10:47:00Z,2026-08-19T12:47:00+0200,e079ef81-c4ef-4643-8235-c8ef85358b45,2026-07-25T18:15:00Z,2026-07-25T20:15:00+0200,12340.0,MW,ES,ES,actual_onshore_wind_generation,Wind Onshore,2026-08-19T10:57:03Z
2026-08-19T10:47:00Z,2026-08-19T12:47:00+0200,e079ef81-c4ef-4643-8235-c8ef85358b45,2026-07-25T18:30:00Z,2026-07-25T20:30:00+0200,12060.0,MW,ES,ES,actual_onshore_wind_generation,Wind Onshore,2026-08-19T10:57:03Z
2026-08-19T10:47:00Z,2026-08-19T12:47:00+0200,e079ef81-c4ef-4643-8235-c8ef85358b45,2026-07-25T18:45:00Z,2026-07-25T20:45:00+0200,11828.0,MW,ES,ES,actual_onshore_wind_generation,Wind Onshore,2026-08-19T10:57:03Z
2026-08-19T10:47:00Z,2026-08-19T12:47:00+0200,e079ef81-c4ef-4643-8235-c8ef85358b45,2026-07-25T19:00:00Z,2026-07-25T21:00:00+0200,11756.0,MW,ES,ES,actual_onshore_wind_generation,Wind Onshore,2026-08-19T10:57:03Z
2026-08-19T10:47:00Z,2026-08-19T12:47:00+0200,e079ef81-c4ef-4643-8235-c8ef85358b45,2026-07-25T19:15:00Z,2026-07-25T21:15:00+0200,11728.0,MW,ES,ES,actual_onshore_wind_generation,Wind Onshore,2026-08-19T10:57:03Z
2026-08-19T10:47:00Z,2026-08-19T12:47:00+0200,e079ef81-c4ef-4643-8235-c8ef85358b45,2026-07-25T19:30:00Z,2026-07-25T21:30:00+0200,11560.0,MW,ES,ES,actual_onshore_wind_generation,Wind Onshore,2026-08-19T10:57:03Z
2026-08-19T10:47:00Z,2026-08-19T12:47:00+0200,e079ef81-c4ef-4643-8235-c8ef85358b45,2026-07-25T19:45:00Z,2026-07-25T21:45:00+0200,11364.0,MW,ES,ES,actual_onshore_wind_generation,Wind Onshore,2026-08-19T10:57:03Z
2026-08-19T10:47:00Z,2026-08-19T12:47:00+0200,e079ef81-c4ef-4643-8235-c8ef85358b45,2026-07-25T20:00:00Z,2026-07-25T22:00:00+0200,10836.0,MW,ES,ES,actual_onshore_wind_generation,Wind Onshore,2026-08-19T10:57:03Z
2026-08-19T10:47:00Z,2026-08-19T12:47:00+0200,e079ef81-c4ef-4643-8235-c8ef85358b45,2026-07-25T20:15:00Z,2026-07-25T22:15:00+0200,10504.0,MW,ES,ES,actual_onshore_wind_generation,Wind Onshore,2026-08-19T10:57:03Z
2026-08-19T10:47:00Z,2026-08-19T12:47:00+0200,e079ef81-c4ef-4643-8235-c8ef85358b45,2026-07-25T20:30:00Z,2026-07-25T22:30:00+0200,10220.0,MW,ES,ES,actual_onshore_wind_generation,Wind Onshore,2026-08-19T10:57:03Z
2026-08-19T10:47:00Z,2026-08-19T12:47:00+0200,e079ef81-c4ef-4643-8235-c8ef85358b45,2026-07-25T20:45:00Z,2026-07-25T22:45:00+0200,9956.0,MW,ES,ES,actual_onshore_wind_generation,Wind Onshore,2026-08-19T10:57:03Z
2026-08-19T10:47:00Z,2026-08-19T12:47:00+0200,e079ef81-c4ef-4643-8235-c8ef85358b45,2026-07-25T21:00:00Z,2026-07-25T23:00:00+0200,9716.0,MW,ES,ES,actual_onshore_wind_generation,Wind Onshore,2026-08-19T10:57:03Z
2026-08-19T10:47:00Z,2026-08-19T12:47:00+0200,e079ef81-c4ef-4643-8235-c8ef85358b45,2026-07-25T21:15:00Z,2026-07-25T23:15:00+0200,9556.0,MW,ES,ES,actual_onshore_wind_generation,Wind Onshore,2026-08-19T10:57:03Z
2026-08-19T10:47:00Z,2026-08-19T12:47:00+0200,e079ef81-c4ef-4643-8235-c8ef85358b45,2026-07-25T21:30:00Z,2026-07-25T23:30:00+0200,9496.0,MW,ES,ES,actual_onshore_wind_generation,Wind Onshore,2026-08-19T10:57:03Z
2026-08-19T10:47:00Z,2026-08-19T12:47:00+0200,e079ef81-c4ef-4643-8235-c8ef85358b45,2026-07-25T21:45:00Z,2026-07-25T23:45:00+0200,9420.0,MW,ES,ES,actual_onshore_wind_generation,Wind Onshore,2026-08-19T10:57:03Z
2026-08-19T10:47:00Z,2026-08-19T12:47:00+0200,e079ef81-c4ef-4643-8235-c8ef85358b45,2026-07-25T22:00:00Z,2026-07-26T00:00:00+0200,9352.0,MW,ES,ES,actual_onshore_wind_generation,Wind Onshore,2026-08-19T10:57:03Z
2026-08-19T10:47:00Z,2026-08-19T12:47:00+0200,e079ef81-c4ef-4643-8235-c8ef85358b45,2026-07-25T22:15:00Z,2026-07-26T00:15:00+0200,9248.0,MW,ES,ES,actual_onshore_wind_generation,Wind Onshore,2026-08-19T10:57:03Z
2026-08-19T10:47:00Z,2026-08-19T12:47:00+0200,e079ef81-c4ef-4643-8235-c8ef85358b45,2026-07-25T22:30:00Z,2026-07-26T00:30:00+0200,9104.0,MW,ES,ES,actual_onshore_wind_generation,Wind Onshore,2026-08-19T10:57:03Z
2026-08-19T10:47:00Z,2026-08-19T12:47:00+0200,e079ef81-c4ef-4643-8235-c8ef85358b45,2026-07-25T22:45:00Z,2026-07-26T00:45:00+0200,9008.0,MW,ES,ES,actual_onshore_wind_generation,Wind Onshore,2026-08-19T10:57:03Z
2026-08-19T10:47:00Z,2026-08-19T12:47:00+0200,e079ef81-c4ef-4643-8235-c8ef85358b45,2026-07-25T23:00:00Z,2026-07-26T01:00:00+0200,8904.0,MW,ES,ES,actual_onshore_wind_generation,Wind Onshore,2026-08-19T10:57:03Z
2026-08-19T10:47:00Z,2026-08-19T12:47:00+0200,e079ef81-c4ef-4643-8235-c8ef85358b45,2026-07-25T23:15:00Z,2026-07-26T01:15:00+0200,8864.0,MW,ES,ES,actual_onshore_wind_generation,Wind Onshore,2026-08-19T10:57:03Z
2026-08-19T10:47:00Z,2026-08-19T12:47:00+0200,e079ef81-c4ef-4643-8235-c8ef85358b45,2026-07-25T23:30:00Z,2026-07-26T01:30:00+0200,8956.0,MW,ES,ES,actual_onshore_wind_generation,Wind Onshore,2026-08-19T10:57:03Z
2026-08-19T10:47:00Z,2026-08-19T12:47:00+0200,e079ef81-c4ef-4643-8235-c8ef85358b45,2026-07-25T23:45:00Z,2026-07-26T01:45:00+0200,8872.0,MW,ES,ES,actual_onshore_wind_generation,Wind Onshore,2026-08-19T10:57:03Z
2026-08-19T10:47:00Z,2026-08-19T12:47:00+0200,e079ef81-c4ef-4643-8235-c8ef85358b45,2026-07-26T00:00:00Z,2026-07-26T02:00:00+0200,8484.0,MW,ES,ES,actual_onshore_wind_generation,Wind Onshore,2026-08-19T10:57:03Z
2026-08-19T10:47:00Z,2026-08-19T12:47:00+0200,e079ef81-c4ef-4643-8235-c8ef85358b45,2026-07-26T00:15:00Z,2026-07-26T02:15:00+0200,8188.0,MW,ES,ES,actual_onshore_wind_generation,Wind Onshore,2026-08-19T10:57:03Z
2026-08-19T10:47:00Z,2026-08-19T12:47:00+0200,e079ef81-c4ef-4643-8235-c8ef85358b45,2026-07-26T00:30:00Z,2026-07-26T02:30:00+0200,8220.0,MW,ES,ES,actual_onshore_wind_generation,Wind Onshore,2026-08-19T10:57:03Z
2026-08-19T10:47:00Z,2026-08-19T12:47:00+0200,e079ef81-c4ef-4643-8235-c8ef85358b45,2026-07-26T00:45:00Z,2026-07-26T02:45:00+0200,8192.0,MW,ES,ES,actual_onshore_wind_generation,Wind Onshore,2026-08-19T10:57:03Z
2026-08-19T10:47:00Z,2026-08-19T12:47:00+0200,e079ef81-c4ef-4643-8235-c8ef85358b45,2026-07-26T01:00:00Z,2026-07-26T03:00:00+0200,8220.0,MW,ES,ES,actual_onshore_wind_generation,Wind Onshore,2026-08-19T10:57:03Z
2026-08-19T10:47:00Z,2026-08-19T12:47:00+0200,e079ef81-c4ef-4643-8235-c8ef85358b45,2026-07-26T01:15:00Z,2026-07-26T03:15:00+0200,8084.0,MW,ES,ES,actual_onshore_wind_generation,Wind Onshore,2026-08-19T10:57:03Z
2026-08-19T10:47:00Z,2026-08-19T12:47:00+0200,e079ef81-c4ef-4643-8235-c8ef85358b45,2026-07-26T01:30:00Z,2026-07-26T03:30:00+0200,7860.0,MW,ES,ES,actual_onshore_wind_generation,Wind Onshore,2026-08-19T10:57:03Z
2026-08-19T10:47:00Z,2026-08-19T12:47:00+0200,e079ef81-c4ef-4643-8235-c8ef85358b45,2026-07-26T01:45:00Z,2026-07-26T03:45:00+0200,7668.0,MW,ES,ES,actual_onshore_wind_generation,Wind Onshore,2026-08-19T10:57:03Z
2026-08-19T10:47:00Z,2026-08-19T12:47:00+0200,e079ef81-c4ef-4643-8235-c8ef85358b45,2026-07-26T02:00:00Z,2026-07-26T04:00:00+0200,7380.0,MW,ES,ES,actual_onshore_wind_generation,Wind Onshore,2026-08-19T10:57:03Z
2026-08-19T10:47:00Z,2026-08-19T12:47:00+0200,e079ef81-c4ef-4643-8235-c8ef85358b45,2026-07-26T02:15:00Z,2026-07-26T04:15:00+0200,7148.0,MW,ES,ES,actual_onshore_wind_generation,Wind Onshore,2026-08-19T10:57:03Z
2026-08-19T10:47:00Z,2026-08-19T12:47:00+0200,e079ef81-c4ef-4643-8235-c8ef85358b45,2026-07-26T02:30:00Z,2026-07-26T04:30:00+0200,7148.0,MW,ES,ES,actual_onshore_wind_generation,Wind Onshore,2026-08-19T10:57:03Z
2026-08-19T10:47:00Z,2026-08-19T12:47:00+0200,e079ef81-c4ef-4643-8235-c8ef85358b45,2026-07-26T02:45:00Z,2026-07-26T04:45:00+0200,7096.0,MW,ES,ES,actual_onshore_wind_generation,Wind Onshore,2026-08-19T10:57:03Z
2026-08-19T10:47:00Z,2026-08-19T12:47:00+0200,e079ef81-c4ef-4643-8235-c8ef85358b45,2026-07-26T03:00:00Z,2026-07-26T05:00:00+0200,7084.0,MW,ES,ES,actual_onshore_wind_generation,Wind Onshore,2026-08-19T10:57:03Z
2026-08-19T10:47:00Z,2026-08-19T12:47:00+0200,e079ef81-c4ef-4643-8235-c8ef85358b45,2026-07-26T03:15:00Z,2026-07-26T05:15:00+0200,7080.0,MW,ES,ES,actual_onshore_wind_generation,Wind Onshore,2026-08-19T10:57:03Z
2026-08-19T10:47:00Z,2026-08-19T12:47:00+0200,e079ef81-c4ef-4643-8235-c8ef85358b45,2026-07-26T03:30:00Z,2026-07-26T05:30:00+0200,7096.0,MW,ES,ES,actual_onshore_wind_generation,Wind Onshore,2026-08-19T10:57:03Z
2026-08-19T10:47:00Z,2026-08-19T12:47:00+0200,e079ef81-c4ef-4643-8235-c8ef85358b45,2026-07-26T03:45:00Z,2026-07-26T05:45:00+0200,7048.0,MW,ES,ES,actual_onshore_wind_generation,Wind Onshore,2026-08-19T10:57:03Z
2026-08-19T10:47:00Z,2026-08-19T12:47:00+0200,e079ef81-c4ef-4643-8235-c8ef85358b45,2026-07-26T04:00:00Z,2026-07-26T06:00:00+0200,6964.0,MW,ES,ES,actual_onshore_wind_generation,Wind Onshore,2026-08-19T10:57:03Z
2026-08-19T10:47:00Z,2026-08-19T12:47:00+0200,e079ef81-c4ef-4643-8235-c8ef85358b45,2026-07-26T04:15:00Z,2026-07-26T06:15:00+0200,6876.0,MW,ES,ES,actual_onshore_wind_generation,Wind Onshore,2026-08-19T10:57:03Z
2026-08-19T10:47:00Z,2026-08-19T12:47:00+0200,e079ef81-c4ef-4643-8235-c8ef85358b45,2026-07-26T04:30:00Z,2026-07-26T06:30:00+0200,6704.0,MW,ES,ES,actual_onshore_wind_generation,Wind Onshore,2026-08-19T10:57:03Z
2026-08-19T10:47:00Z,2026-08-19T12:47:00+0200,e079ef81-c4ef-4643-8235-c8ef85358b45,2026-07-26T04:45:00Z,2026-07-26T06:45:00+0200,6472.0,MW,ES,ES,actual_onshore_wind_generation,Wind Onshore,2026-08-19T10:57:03Z
2026-08-19T10:47:00Z,2026-08-19T12:47:00+0200,e079ef81-c4ef-4643-8235-c8ef85358b45,2026-07-26T05:00:00Z,2026-07-26T07:00:00+0200,6244.0,MW,ES,ES,actual_onshore_wind_generation,Wind Onshore,2026-08-19T10:57:03Z
2026-08-19T10:47:00Z,2026-08-19T12:47:00+0200,e079ef81-c4ef-4643-8235-c8ef85358b45,2026-07-26T05:15:00Z,2026-07-26T07:15:00+0200,6140.0,MW,ES,ES,actual_onshore_wind_generation,Wind Onshore,2026-08-19T10:57:03Z
2026-08-19T10:47:00Z,2026-08-19T12:47:00+0200,e079ef81-c4ef-4643-8235-c8ef85358b45,2026-07-26T05:30:00Z,2026-07-26T07:30:00+0200,6040.0,MW,ES,ES,actual_onshore_wind_generation,Wind Onshore,2026-08-19T10:57:03Z
2026-08-19T10:47:00Z,2026-08-19T12:47:00+0200,e079ef81-c4ef-4643-8235-c8ef85358b45,2026-07-26T05:45:00Z,2026-07-26T07:45:00+0200,5884.0,MW,ES,ES,actual_onshore_wind_generation,Wind Onshore,2026-08-19T10:57:03Z
2026-08-19T10:47:00Z,2026-08-19T12:47:00+0200,e079ef81-c4ef-4643-8235-c8ef85358b45,2026-07-26T06:00:00Z,2026-07-26T08:00:00+0200,5688.0,MW,ES,ES,actual_onshore_wind_generation,Wind Onshore,2026-08-19T10:57:03Z
2026-08-19T10:47:00Z,2026-08-19T12:47:00+0200,e079ef81-c4ef-4643-8235-c8ef85358b45,2026-07-26T06:15:00Z,2026-07-26T08:15:00+0200,5336.0,MW,ES,ES,actual_onshore_wind_generation,Wind Onshore,2026-08-19T10:57:03Z
2026-08-19T10:47:00Z,2026-08-19T12:47:00+0200,e079ef81-c4ef-4643-8235-c8ef85358b45,2026-07-26T06:30:00Z,2026-07-26T08:30:00+0200,4588.0,MW,ES,ES,actual_onshore_wind_generation,Wind Onshore,2026-08-19T10:57:03Z
2026-08-19T10:47:00Z,2026-08-19T12:47:00+0200,e079ef81-c4ef-4643-8235-c8ef85358b45,2026-07-26T06:45:00Z,2026-07-26T08:45:00+0200,3788.0,MW,ES,ES,actual_onshore_wind_generation,Wind Onshore,2026-08-19T10:57:03Z
2026-08-19T10:47:00Z,2026-08-19T12:47:00+0200,e079ef81-c4ef-4643-8235-c8ef85358b45,2026-07-26T07:00:00Z,2026-07-26T09:00:00+0200,3492.0,MW,ES,ES,actual_onshore_wind_generation,Wind Onshore,2026-08-19T10:57:03Z
2026-08-19T10:47:00Z,2026-08-19T12:47:00+0200,e079ef81-c4ef-4643-8235-c8ef85358b45,2026-07-26T07:15:00Z,2026-07-26T09:15:00+0200,3456.0,MW,ES,ES,actual_onshore_wind_generation,Wind Onshore,2026-08-19T10:57:03Z
2026-08-19T10:47:00Z,2026-08-19T12:47:00+0200,e079ef81-c4ef-4643-8235-c8ef85358b45,2026-07-26T07:30:00Z,2026-07-26T09:30:00+0200,3216.0,MW,ES,ES,actual_onshore_wind_generation,Wind Onshore,2026-08-19T10:57:03Z
2026-08-19T10:47:00Z,2026-08-19T12:47:00+0200,e079ef81-c4ef-4643-8235-c8ef85358b45,2026-07-26T07:45:00Z,2026-07-26T09:45:00+0200,3188.0,MW,ES,ES,actual_onshore_wind_generation,Wind Onshore,2026-08-19T10:57:03Z
2026-08-19T10:47:00Z,2026-08-19T12:47:00+0200,e079ef81-c4ef-4643-8235-c8ef85358b45,2026-07-26T08:00:00Z,2026-07-26T10:00:00+0200,3224.0,MW,ES,ES,actual_onshore_wind_generation,Wind Onshore,2026-08-19T10:57:03Z
2026-08-19T10:47:00Z,2026-08-19T12:47:00+0200,e079ef81-c4ef-4643-8235-c8ef85358b45,2026-07-26T08:15:00Z,2026-07-26T10:15:00+0200,2924.0,MW,ES,ES,actual_onshore_wind_generation,Wind Onshore,2026-08-19T10:57:03Z
2026-08-19T10:47:00Z,2026-08-19T12:47:00+0200,e079ef81-c4ef-4643-8235-c8ef85358b45,2026-07-26T08:30:00Z,2026-07-26T10:30:00+0200,2688.0,MW,ES,ES,actual_onshore_wind_generation,Wind Onshore,2026-08-19T10:57:03Z
2026-08-19T10:47:00Z,2026-08-19T12:47:00+0200,e079ef81-c4ef-4643-8235-c8ef85358b45,2026-07-26T08:45:00Z,2026-07-26T10:45:00+0200,2512.0,MW,ES,ES,actual_onshore_wind_generation,Wind Onshore,2026-08-19T10:57:03Z
2026-08-19T10:47:00Z,2026-08-19T12:47:00+0200,e079ef81-c4ef-4643-8235-c8ef85358b45,2026-07-26T09:00:00Z,2026-07-26T11:00:00+0200,2552.0,MW,ES,ES,actual_onshore_wind_generation,Wind Onshore,2026-08-19T10:57:03Z
2026-08-19T10:47:00Z,2026-08-19T12:47:00+0200,e079ef81-c4ef-4643-8235-c8ef85358b45,2026-07-26T09:15:00Z,2026-07-26T11:15:00+0200,2560.0,MW,ES,ES,actual_onshore_wind_generation,Wind Onshore,2026-08-19T10:57:03Z
2026-08-19T10:47:00Z,2026-08-19T12:47:00+0200,e079ef81-c4ef-4643-8235-c8ef85358b45,2026-07-26T09:30:00Z,2026-07-26T11:30:00+0200,2496.0,MW,ES,ES,actual_onshore_wind_generation,Wind Onshore,2026-08-19T10:57:03Z
2026-08-19T10:47:00Z,2026-08-19T12:47:00+0200,e079ef81-c4ef-4643-8235-c8ef85358b45,2026-07-26T09:45:00Z,2026-07-26T11:45:00+0200,2392.0,MW,ES,ES,actual_onshore_wind_generation,Wind Onshore,2026-08-19T10:57:03Z
2026-08-19T10:47:00Z,2026-08-19T12:47:00+0200,e079ef81-c4ef-4643-8235-c8ef85358b45,2026-07-26T10:00:00Z,2026-07-26T12:00:00+0200,2196.0,MW,ES,ES,actual_onshore_wind_generation,Wind Onshore,2026-08-19T10:57:03Z
2026-08-19T10:47:00Z,2026-08-19T12:47:00+0200,e079ef81-c4ef-4643-8235-c8ef85358b45,2026-07-26T10:15:00Z,2026-07-26T12:15:00+0200,2192.0,MW,ES,ES,actual_onshore_wind_generation,Wind Onshore,2026-08-19T10:57:03Z
2026-08-19T10:47:00Z,2026-08-19T12:47:00+0200,e079ef81-c4ef-4643-8235-c8ef85358b45,2026-07-26T10:30:00Z,2026-07-26T12:30:00+0200,2200.0,MW,ES,ES,actual_onshore_wind_generation,Wind Onshore,2026-08-19T10:57:03Z
2026-08-19T10:47:00Z,2026-08-19T12:47:00+0200,e079ef81-c4ef-4643-8235-c8ef85358b45,2026-07-26T10:45:00Z,2026-07-26T12:45:00+0200,2276.0,MW,ES,ES,actual_onshore_wind_generation,Wind Onshore,2026-08-19T10:57:03Z
2026-08-19T10:47:00Z,2026-08-19T12:47:00+0200,e079ef81-c4ef-4643-8235-c8ef85358b45,2026-07-26T11:00:00Z,2026-07-26T13:00:00+0200,2336.0,MW,ES,ES,actual_onshore_wind_generation,Wind Onshore,2026-08-19T10:57:03Z
2026-08-19T10:47:00Z,2026-08-19T12:47:00+0200,e079ef81-c4ef-4643-8235-c8ef85358b45,2026-07-26T11:15:00Z,2026-07-26T13:15:00+0200,2364.0,MW,ES,ES,actual_onshore_wind_generation,Wind Onshore,2026-08-19T10:57:03Z
2026-08-19T10:47:00Z,2026-08-19T12:47:00+0200,e079ef81-c4ef-4643-8235-c8ef85358b45,2026-07-26T11:30:00Z,2026-07-26T13:30:00+0200,2420.0,MW,ES,ES,actual_onshore_wind_generation,Wind Onshore,2026-08-19T10:57:03Z
2026-08-19T10:47:00Z,2026-08-19T12:47:00+0200,e079ef81-c4ef-4643-8235-c8ef85358b45,2026-07-26T11:45:00Z,2026-07-26T13:45:00+0200,2400.0,MW,ES,ES,actual_onshore_wind_generation,Wind Onshore,2026-08-19T10:57:03Z
2026-08-19T10:47:00Z,2026-08-19T12:47:00+0200,e079ef81-c4ef-4643-8235-c8ef85358b45,2026-07-26T12:00:00Z,2026-07-26T14:00:00+0200,2468.0,MW,ES,ES,actual_onshore_wind_generation,Wind Onshore,2026-08-19T10:57:03Z
2026-08-19T10:47:00Z,2026-08-19T12:47:00+0200,e079ef81-c4ef-4643-8235-c8ef85358b45,2026-07-26T12:15:00Z,2026-07-26T14:15:00+0200,2456.0,MW,ES,ES,actual_onshore_wind_generation,Wind Onshore,2026-08-19T10:57:03Z
2026-08-19T10:47:00Z,2026-08-19T12:47:00+0200,e079ef81-c4ef-4643-8235-c8ef85358b45,2026-07-26T12:30:00Z,2026-07-26T14:30:00+0200,2368.0,MW,ES,ES,actual_onshore_wind_generation,Wind Onshore,2026-08-19T10:57:03Z
2026-08-19T10:47:00Z,2026-08-19T12:47:00+0200,e079ef81-c4ef-4643-8235-c8ef85358b45,2026-07-26T12:45:00Z,2026-07-26T14:45:00+0200,2320.0,MW,ES,ES,actual_onshore_wind_generation,Wind Onshore,2026-08-19T10:57:03Z
2026-08-19T10:47:00Z,2026-08-19T12:47:00+0200,e079ef81-c4ef-4643-8235-c8ef85358b45,2026-07-26T13:00:00Z,2026-07-26T15:00:00+0200,2356.0,MW,ES,ES,actual_onshore_wind_generation,Wind Onshore,2026-08-19T10:57:03Z
2026-08-19T10:47:00Z,2026-08-19T12:47:00+0200,e079ef81-c4ef-4643-8235-c8ef85358b45,2026-07-26T13:15:00Z,2026-07-26T15:15:00+0200,2292.0,MW,ES,ES,actual_onshore_wind_generation,Wind Onshore,2026-08-19T10:57:03Z
2026-08-19T10:47:00Z,2026-08-19T12:47:00+0200,e079ef81-c4ef-4643-8235-c8ef85358b45,2026-07-26T13:30:00Z,2026-07-26T15:30:00+0200,2244.0,MW,ES,ES,actual_onshore_wind_generation,Wind Onshore,2026-08-19T10:57:03Z
2026-08-19T10:47:00Z,2026-08-19T12:47:00+0200,e079ef81-c4ef-4643-8235-c8ef85358b45,2026-07-26T13:45:00Z,2026-07-26T15:45:00+0200,2324.0,MW,ES,ES,actual_onshore_wind_generation,Wind Onshore,2026-08-19T10:57:03Z
2026-08-19T10:47:00Z,2026-08-19T12:47:00+0200,e079ef81-c4ef-4643-8235-c8ef85358b45,2026-07-26T14:00:00Z,2026-07-26T16:00:00+0200,2300.0,MW,ES,ES,actual_onshore_wind_generation,Wind Onshore,2026-08-19T10:57:03Z
2026-08-19T10:47:00Z,2026-08-19T12:47:00+0200,e079ef81-c4ef-4643-8235-c8ef85358b45,2026-07-26T14:15:00Z,2026-07-26T16:15:00+0200,2324.0,MW,ES,ES,actual_onshore_wind_generation,Wind Onshore,2026-08-19T10:57:03Z
2026-08-19T10:47:00Z,2026-08-19T12:47:00+0200,e079ef81-c4ef-4643-8235-c8ef85358b45,2026-07-26T14:30:00Z,2026-07-26T16:30:00+0200,2364.0,MW,ES,ES,actual_onshore_wind_generation,Wind Onshore,2026-08-19T10:57:03Z
2026-08-19T10:47:00Z,2026-08-19T12:47:00+0200,e079ef81-c4ef-4643-8235-c8ef85358b45,2026-07-26T14:45:00Z,2026-07-26T16:45:00+0200,2472.0,MW,ES,ES,actual_onshore_wind_generation,Wind Onshore,2026-08-19T10:57:03Z
2026-08-19T10:47:00Z,2026-08-19T12:47:00+0200,e079ef81-c4ef-4643-8235-c8ef85358b45,2026-07-26T15:00:00Z,2026-07-26T17:00:00+0200,2868.0,MW,ES,ES,actual_onshore_wind_generation,Wind Onshore,2026-08-19T10:57:03Z
2026-08-19T10:47:00Z,2026-08-19T12:47:00+0200,e079ef81-c4ef-4643-8235-c8ef85358b45,2026-07-26T15:15:00Z,2026-07-26T17:15:00+0200,3064.0,MW,ES,ES,actual_onshore_wind_generation,Wind Onshore,2026-08-19T10:57:03Z
2026-08-19T10:47:00Z,2026-08-19T12:47:00+0200,e079ef81-c4ef-4643-8235-c8ef85358b45,2026-07-26T15:30:00Z,2026-07-26T17:30:00+0200,3028.0,MW,ES,ES,actual_onshore_wind_generation,Wind Onshore,2026-08-19T10:57:03Z
2026-08-19T10:47:00Z,2026-08-19T12:47:00+0200,e079ef81-c4ef-4643-8235-c8ef85358b45,2026-07-26T15:45:00Z,2026-07-26T17:45:00+0200,3092.0,MW,ES,ES,actual_onshore_wind_generation,Wind Onshore,2026-08-19T10:57:03Z
2026-08-19T10:47:00Z,2026-08-19T12:47:00+0200,e079ef81-c4ef-4643-8235-c8ef85358b45,2026-07-26T16:00:00Z,2026-07-26T18:00:00+0200,3296.0,MW,ES,ES,actual_onshore_wind_generation,Wind Onshore,2026-08-19T10:57:03Z
2026-08-19T10:47:00Z,2026-08-19T12:47:00+0200,e079ef81-c4ef-4643-8235-c8ef85358b45,2026-07-26T16:15:00Z,2026-07-26T18:15:00+0200,3508.0,MW,ES,ES,actual_onshore_wind_generation,Wind Onshore,2026-08-19T10:57:03Z
2026-08-19T10:47:00Z,2026-08-19T12:47:00+0200,e079ef81-c4ef-4643-8235-c8ef85358b45,2026-07-26T16:30:00Z,2026-07-26T18:30:00+0200,3596.0,MW,ES,ES,actual_onshore_wind_generation,Wind Onshore,2026-08-19T10:57:03Z
2026-08-19T10:47:00Z,2026-08-19T12:47:00+0200,e079ef81-c4ef-4643-8235-c8ef85358b45,2026-07-26T16:45:00Z,2026-07-26T18:45:00+0200,3772.0,MW,ES,ES,actual_onshore_wind_generation,Wind Onshore,2026-08-19T10:57:03Z
2026-08-19T10:47:00Z,2026-08-19T12:47:00+0200,e079ef81-c4ef-4643-8235-c8ef85358b45,2026-07-26T17:00:00Z,2026-07-26T19:00:00+0200,4548.0,MW,ES,ES,actual_onshore_wind_generation,Wind Onshore,2026-08-19T10:57:03Z
2026-08-19T10:47:00Z,2026-08-19T12:47:00+0200,e079ef81-c4ef-4643-8235-c8ef85358b45,2026-07-26T17:15:00Z,2026-07-26T19:15:00+0200,5124.0,MW,ES,ES,actual_onshore_wind_generation,Wind Onshore,2026-08-19T10:57:03Z
2026-08-19T10:47:00Z,2026-08-19T12:47:00+0200,e079ef81-c4ef-4643-8235-c8ef85358b45,2026-07-26T17:30:00Z,2026-07-26T19:30:00+0200,5404.0,MW,ES,ES,actual_onshore_wind_generation,Wind Onshore,2026-08-19T10:57:03Z
2026-08-19T10:47:00Z,2026-08-19T12:47:00+0200,e079ef81-c4ef-4643-8235-c8ef85358b45,2026-07-26T17:45:00Z,2026-07-26T19:45:00+0200,5472.0,MW,ES,ES,actual_onshore_wind_generation,Wind Onshore,2026-08-19T10:57:03Z
2026-08-19T10:47:00Z,2026-08-19T12:47:00+0200,e079ef81-c4ef-4643-8235-c8ef85358b45,2026-07-26T18:00:00Z,2026-07-26T20:00:00+0200,5892.0,MW,ES,ES,actual_onshore_wind_generation,Wind Onshore,2026-08-19T10:57:03Z
2026-08-19T10:47:00Z,2026-08-19T12:47:00+0200,e079ef81-c4ef-4643-8235-c8ef85358b45,2026-07-26T18:15:00Z,2026-07-26T20:15:00+0200,5928.0,MW,ES,ES,actual_onshore_wind_generation,Wind Onshore,2026-08-19T10:57:03Z
2026-08-19T10:47:00Z,2026-08-19T12:47:00+0200,e079ef81-c4ef-4643-8235-c8ef85358b45,2026-07-26T18:30:00Z,2026-07-26T20:30:00+0200,5972.0,MW,ES,ES,actual_onshore_wind_generation,Wind Onshore,2026-08-19T10:57:03Z
2026-08-19T10:47:00Z,2026-08-19T12:47:00+0200,e079ef81-c4ef-4643-8235-c8ef85358b45,2026-07-26T18:45:00Z,2026-07-26T20:45:00+0200,5908.0,MW,ES,ES,actual_onshore_wind_generation,Wind Onshore,2026-08-19T10:57:03Z
2026-08-19T10:47:00Z,2026-08-19T12:47:00+0200,e079ef81-c4ef-4643-8235-c8ef85358b45,2026-07-26T19:00:00Z,2026-07-26T21:00:00+0200,6072.0,MW,ES,ES,actual_onshore_wind_generation,Wind Onshore,2026-08-19T10:57:03Z
2026-08-19T10:47:00Z,2026-08-19T12:47:00+0200,e079ef81-c4ef-4643-8235-c8ef85358b45,2026-07-26T19:15:00Z,2026-07-26T21:15:00+0200,6216.0,MW,ES,ES,actual_onshore_wind_generation,Wind Onshore,2026-08-19T10:57:03Z
2026-08-19T10:47:00Z,2026-08-19T12:47:00+0200,e079ef81-c4ef-4643-8235-c8ef85358b45,2026-07-26T19:30:00Z,2026-07-26T21:30:00+0200,6448.0,MW,ES,ES,actual_onshore_wind_generation,Wind Onshore,2026-08-19T10:57:03Z
2026-08-19T10:47:00Z,2026-08-19T12:47:00+0200,e079ef81-c4ef-4643-8235-c8ef85358b45,2026-07-26T19:45:00Z,2026-07-26T21:45:00+0200,6752.0,MW,ES,ES,actual_onshore_wind_generation,Wind Onshore,2026-08-19T10:57:03Z
2026-08-19T10:47:00Z,2026-08-19T12:47:00+0200,e079ef81-c4ef-4643-8235-c8ef85358b45,2026-07-26T20:00:00Z,2026-07-26T22:00:00+0200,7036.0,MW,ES,ES,actual_onshore_wind_generation,Wind Onshore,2026-08-19T10:57:03Z
2026-08-19T10:47:00Z,2026-08-19T12:47:00+0200,e079ef81-c4ef-4643-8235-c8ef85358b45,2026-07-26T20:15:00Z,2026-07-26T22:15:00+0200,7132.0,MW,ES,ES,actual_onshore_wind_generation,Wind Onshore,2026-08-19T10:57:03Z
2026-08-19T10:47:00Z,2026-08-19T12:47:00+0200,e079ef81-c4ef-4643-8235-c8ef85358b45,2026-07-26T20:30:00Z,2026-07-26T22:30:00+0200,6972.0,MW,ES,ES,actual_onshore_wind_generation,Wind Onshore,2026-08-19T10:57:03Z
2026-08-19T10:47:00Z,2026-08-19T12:47:00+0200,e079ef81-c4ef-4643-8235-c8ef85358b45,2026-07-26T20:45:00Z,2026-07-26T22:45:00+0200,6976.0,MW,ES,ES,actual_onshore_wind_generation,Wind Onshore,2026-08-19T10:57:03Z
2026-08-19T10:47:00Z,2026-08-19T12:47:00+0200,e079ef81-c4ef-4643-8235-c8ef85358b45,2026-07-26T21:00:00Z,2026-07-26T23:00:00+0200,6988.0,MW,ES,ES,actual_onshore_wind_generation,Wind Onshore,2026-08-19T10:57:03Z
2026-08-19T10:47:00Z,2026-08-19T12:47:00+0200,e079ef81-c4ef-4643-8235-c8ef85358b45,2026-07-26T21:15:00Z,2026-07-26T23:15:00+0200,6996.0,MW,ES,ES,actual_onshore_wind_generation,Wind Onshore,2026-08-19T10:57:03Z
2026-08-19T10:47:00Z,2026-08-19T12:47:00+0200,e079ef81-c4ef-4643-8235-c8ef85358b45,2026-07-26T21:30:00Z,2026-07-26T23:30:00+0200,7036.0,MW,ES,ES,actual_onshore_wind_generation,Wind Onshore,2026-08-19T10:57:03Z
2026-08-19T10:47:00Z,2026-08-19T12:47:00+0200,e079ef81-c4ef-4643-8235-c8ef85358b45,2026-07-26T21:45:00Z,2026-07-26T23:45:00+0200,7056.0,MW,ES,ES,actual_onshore_wind_generation,Wind Onshore,2026-08-19T10:57:03Z
2026-08-19T10:47:00Z,2026-08-19T12:47:00+0200,e079ef81-c4ef-4643-8235-c8ef85358b45,2026-07-26T22:00:00Z,2026-07-27T00:00:00+0200,7292.0,MW,ES,ES,actual_onshore_wind_generation,Wind Onshore,2026-08-19T10:57:03Z
2026-08-19T10:47:00Z,2026-08-19T12:47:00+0200,e079ef81-c4ef-4643-8235-c8ef85358b45,2026-07-26T22:15:00Z,2026-07-27T00:15:00+0200,7404.0,MW,ES,ES,actual_onshore_wind_generation,Wind Onshore,2026-08-19T10:57:03Z
2026-08-19T10:47:00Z,2026-08-19T12:47:00+0200,e079ef81-c4ef-4643-8235-c8ef85358b45,2026-07-26T22:30:00Z,2026-07-27T00:30:00+0200,7524.0,MW,ES,ES,actual_onshore_wind_generation,Wind Onshore,2026-08-19T10:57:03Z
2026-08-19T10:47:00Z,2026-08-19T12:47:00+0200,e079ef81-c4ef-4643-8235-c8ef85358b45,2026-07-26T22:45:00Z,2026-07-27T00:45:00+0200,7676.0,MW,ES,ES,actual_onshore_wind_generation,Wind Onshore,2026-08-19T10:57:03Z
2026-08-19T10:47:00Z,2026-08-19T12:47:00+0200,e079ef81-c4ef-4643-8235-c8ef85358b45,2026-07-26T23:00:00Z,2026-07-27T01:00:00+0200,7876.0,MW,ES,ES,actual_onshore_wind_generation,Wind Onshore,2026-08-19T10:57:03Z
2026-08-19T10:47:00Z,2026-08-19T12:47:00+0200,e079ef81-c4ef-4643-8235-c8ef85358b45,2026-07-26T23:15:00Z,2026-07-27T01:15:00+0200,7924.0,MW,ES,ES,actual_onshore_wind_generation,Wind Onshore,2026-08-19T10:57:03Z
2026-08-19T10:47:00Z,2026-08-19T12:47:00+0200,e079ef81-c4ef-4643-8235-c8ef85358b45,2026-07-26T23:30:00Z,2026-07-27T01:30:00+0200,8000.0,MW,ES,ES,actual_onshore_wind_generation,Wind Onshore,2026-08-19T10:57:03Z
2026-08-19T10:47:00Z,2026-08-19T12:47:00+0200,e079ef81-c4ef-4643-8235-c8ef85358b45,2026-07-26T23:45:00Z,2026-07-27T01:45:00+0200,8032.0,MW,ES,ES,actual_onshore_wind_generation,Wind Onshore,2026-08-19T10:57:03Z
2026-08-19T10:47:00Z,2026-08-19T12:47:00+0200,e079ef81-c4ef-4643-8235-c8ef85358b45,2026-07-27T00:00:00Z,2026-07-27T02:00:00+0200,8056.0,MW,ES,ES,actual_onshore_wind_generation,Wind Onshore,2026-08-19T10:57:03Z
2026-08-19T10:47:00Z,2026-08-19T12:47:00+0200,e079ef81-c4ef-4643-8235-c8ef85358b45,2026-07-27T00:15:00Z,2026-07-27T02:15:00+0200,7980.0,MW,ES,ES,actual_onshore_wind_generation,Wind Onshore,2026-08-19T10:57:03Z
2026-08-19T10:47:00Z,2026-08-19T12:47:00+0200,e079ef81-c4ef-4643-8235-c8ef85358b45,2026-07-27T00:30:00Z,2026-07-27T02:30:00+0200,7960.0,MW,ES,ES,actual_onshore_wind_generation,Wind Onshore,2026-08-19T10:57:03Z
2026-08-19T10:47:00Z,2026-08-19T12:47:00+0200,e079ef81-c4ef-4643-8235-c8ef85358b45,2026-07-27T00:45:00Z,2026-07-27T02:45:00+0200,7928.0,MW,ES,ES,actual_onshore_wind_generation,Wind Onshore,2026-08-19T10:57:03Z
2026-08-19T10:47:00Z,2026-08-19T12:47:00+0200,e079ef81-c4ef-4643-8235-c8ef85358b45,2026-07-27T01:00:00Z,2026-07-27T03:00:00+0200,8004.0,MW,ES,ES,actual_onshore_wind_generation,Wind Onshore,2026-08-19T10:57:03Z
2026-08-19T10:47:00Z,2026-08-19T12:47:00+0200,e079ef81-c4ef-4643-8235-c8ef85358b45,2026-07-27T01:15:00Z,2026-07-27T03:15:00+0200,8048.0,MW,ES,ES,actual_onshore_wind_generation,Wind Onshore,2026-08-19T10:57:03Z
2026-08-19T10:47:00Z,2026-08-19T12:47:00+0200,e079ef81-c4ef-4643-8235-c8ef85358b45,2026-07-27T01:30:00Z,2026-07-27T03:30:00+0200,8092.0,MW,ES,ES,actual_onshore_wind_generation,Wind Onshore,2026-08-19T10:57:03Z
2026-08-19T10:47:00Z,2026-08-19T12:47:00+0200,e079ef81-c4ef-4643-8235-c8ef85358b45,2026-07-27T01:45:00Z,2026-07-27T03:45:00+0200,8084.0,MW,ES,ES,actual_onshore_wind_generation,Wind Onshore,2026-08-19T10:57:03Z
2026-08-19T10:47:00Z,2026-08-19T12:47:00+0200,e079ef81-c4ef-4643-8235-c8ef85358b45,2026-07-27T02:00:00Z,2026-07-27T04:00:00+0200,8020.0,MW,ES,ES,actual_onshore_wind_generation,Wind Onshore,2026-08-19T10:57:03Z
2026-08-19T10:47:00Z,2026-08-19T12:47:00+0200,e079ef81-c4ef-4643-8235-c8ef85358b45,2026-07-27T02:15:00Z,2026-07-27T04:15:00+0200,7976.0,MW,ES,ES,actual_onshore_wind_generation,Wind Onshore,2026-08-19T10:57:03Z
2026-08-19T10:47:00Z,2026-08-19T12:47:00+0200,e079ef81-c4ef-4643-8235-c8ef85358b45,2026-07-27T02:30:00Z,2026-07-27T04:30:00+0200,7944.0,MW,ES,ES,actual_onshore_wind_generation,Wind Onshore,2026-08-19T10:57:03Z
2026-08-19T10:47:00Z,2026-08-19T12:47:00+0200,e079ef81-c4ef-4643-8235-c8ef85358b45,2026-07-27T02:45:00Z,2026-07-27T04:45:00+0200,8036.0,MW,ES,ES,actual_onshore_wind_generation,Wind Onshore,2026-08-19T10:57:03Z
2026-08-19T10:47:00Z,2026-08-19T12:47:00+0200,e079ef81-c4ef-4643-8235-c8ef85358b45,2026-07-27T03:00:00Z,2026-07-27T05:00:00+0200,8040.0,MW,ES,ES,actual_onshore_wind_generation,Wind Onshore,2026-08-19T10:57:03Z
2026-08-19T10:47:00Z,2026-08-19T12:47:00+0200,e079ef81-c4ef-4643-8235-c8ef85358b45,2026-07-27T03:15:00Z,2026-07-27T05:15:00+0200,7924.0,MW,ES,ES,actual_onshore_wind_generation,Wind Onshore,2026-08-19T10:57:03Z
2026-08-19T10:47:00Z,2026-08-19T12:47:00+0200,e079ef81-c4ef-4643-8235-c8ef85358b45,2026-07-27T03:30:00Z,2026-07-27T05:30:00+0200,7824.0,MW,ES,ES,actual_onshore_wind_generation,Wind Onshore,2026-08-19T10:57:03Z
2026-08-19T10:47:00Z,2026-08-19T12:47:00+0200,e079ef81-c4ef-4643-8235-c8ef85358b45,2026-07-27T03:45:00Z,2026-07-27T05:45:00+0200,7676.0,MW,ES,ES,actual_onshore_wind_generation,Wind Onshore,2026-08-19T10:57:03Z
2026-08-19T10:47:00Z,2026-08-19T12:47:00+0200,e079ef81-c4ef-4643-8235-c8ef85358b45,2026-07-27T04:00:00Z,2026-07-27T06:00:00+0200,7584.0,MW,ES,ES,actual_onshore_wind_generation,Wind Onshore,2026-08-19T10:57:03Z
2026-08-19T10:47:00Z,2026-08-19T12:47:00+0200,e079ef81-c4ef-4643-8235-c8ef85358b45,2026-07-27T04:15:00Z,2026-07-27T06:15:00+0200,7408.0,MW,ES,ES,actual_onshore_wind_generation,Wind Onshore,2026-08-19T10:57:03Z
2026-08-19T10:47:00Z,2026-08-19T12:47:00+0200,e079ef81-c4ef-4643-8235-c8ef85358b45,2026-07-27T04:30:00Z,2026-07-27T06:30:00+0200,7232.0,MW,ES,ES,actual_onshore_wind_generation,Wind Onshore,2026-08-19T10:57:03Z
2026-08-19T10:47:00Z,2026-08-19T12:47:00+0200,e079ef81-c4ef-4643-8235-c8ef85358b45,2026-07-27T04:45:00Z,2026-07-27T06:45:00+0200,7028.0,MW,ES,ES,actual_onshore_wind_generation,Wind Onshore,2026-08-19T10:57:03Z
2026-08-19T10:47:00Z,2026-08-19T12:47:00+0200,e079ef81-c4ef-4643-8235-c8ef85358b45,2026-07-27T05:00:00Z,2026-07-27T07:00:00+0200,6864.0,MW,ES,ES,actual_onshore_wind_generation,Wind Onshore,2026-08-19T10:57:03Z
2026-08-19T10:47:00Z,2026-08-19T12:47:00+0200,e079ef81-c4ef-4643-8235-c8ef85358b45,2026-07-27T05:15:00Z,2026-07-27T07:15:00+0200,6840.0,MW,ES,ES,actual_onshore_wind_generation,Wind Onshore,2026-08-19T10:57:03Z
2026-08-19T10:47:00Z,2026-08-19T12:47:00+0200,e079ef81-c4ef-4643-8235-c8ef85358b45,2026-07-27T05:30:00Z,2026-07-27T07:30:00+0200,6760.0,MW,ES,ES,actual_onshore_wind_generation,Wind Onshore,2026-08-19T10:57:03Z
2026-08-19T10:47:00Z,2026-08-19T12:47:00+0200,e079ef81-c4ef-4643-8235-c8ef85358b45,2026-07-27T05:45:00Z,2026-07-27T07:45:00+0200,6536.0,MW,ES,ES,actual_onshore_wind_generation,Wind Onshore,2026-08-19T10:57:03Z
2026-08-19T10:47:00Z,2026-08-19T12:47:00+0200,e079ef81-c4ef-4643-8235-c8ef85358b45,2026-07-27T06:00:00Z,2026-07-27T08:00:00+0200,6172.0,MW,ES,ES,actual_onshore_wind_generation,Wind Onshore,2026-08-19T10:57:03Z
2026-08-19T10:47:00Z,2026-08-19T12:47:00+0200,e079ef81-c4ef-4643-8235-c8ef85358b45,2026-07-27T06:15:00Z,2026-07-27T08:15:00+0200,5972.0,MW,ES,ES,actual_onshore_wind_generation,Wind Onshore,2026-08-19T10:57:03Z
2026-08-19T10:47:00Z,2026-08-19T12:47:00+0200,e079ef81-c4ef-4643-8235-c8ef85358b45,2026-07-27T06:30:00Z,2026-07-27T08:30:00+0200,5832.0,MW,ES,ES,actual_onshore_wind_generation,Wind Onshore,2026-08-19T10:57:03Z
2026-08-19T10:47:00Z,2026-08-19T12:47:00+0200,e079ef81-c4ef-4643-8235-c8ef85358b45,2026-07-27T06:45:00Z,2026-07-27T08:45:00+0200,5532.0,MW,ES,ES,actual_onshore_wind_generation,Wind Onshore,2026-08-19T10:57:03Z
2026-08-19T10:47:00Z,2026-08-19T12:47:00+0200,e079ef81-c4ef-4643-8235-c8ef85358b45,2026-07-27T07:00:00Z,2026-07-27T09:00:00+0200,4784.0,MW,ES,ES,actual_onshore_wind_generation,Wind Onshore,2026-08-19T10:57:03Z
2026-08-19T10:47:00Z,2026-08-19T12:47:00+0200,e079ef81-c4ef-4643-8235-c8ef85358b45,2026-07-27T07:15:00Z,2026-07-27T09:15:00+0200,4448.0,MW,ES,ES,actual_onshore_wind_generation,Wind Onshore,2026-08-19T10:57:03Z
2026-08-19T10:47:00Z,2026-08-19T12:47:00+0200,e079ef81-c4ef-4643-8235-c8ef85358b45,2026-07-27T07:30:00Z,2026-07-27T09:30:00+0200,4320.0,MW,ES,ES,actual_onshore_wind_generation,Wind Onshore,2026-08-19T10:57:03Z
2026-08-19T10:47:00Z,2026-08-19T12:47:00+0200,e079ef81-c4ef-4643-8235-c8ef85358b45,2026-07-27T07:45:00Z,2026-07-27T09:45:00+0200,4220.0,MW,ES,ES,actual_onshore_wind_generation,Wind Onshore,2026-08-19T10:57:03Z
2026-08-19T10:47:00Z,2026-08-19T12:47:00+0200,e079ef81-c4ef-4643-8235-c8ef85358b45,2026-07-27T08:00:00Z,2026-07-27T10:00:00+0200,4204.0,MW,ES,ES,actual_onshore_wind_generation,Wind Onshore,2026-08-19T10:57:03Z
2026-08-19T10:47:00Z,2026-08-19T12:47:00+0200,e079ef81-c4ef-4643-8235-c8ef85358b45,2026-07-27T08:15:00Z,2026-07-27T10:15:00+0200,3988.0,MW,ES,ES,actual_onshore_wind_generation,Wind Onshore,2026-08-19T10:57:03Z
2026-08-19T10:47:00Z,2026-08-19T12:47:00+0200,e079ef81-c4ef-4643-8235-c8ef85358b45,2026-07-27T08:30:00Z,2026-07-27T10:30:00+0200,3864.0,MW,ES,ES,actual_onshore_wind_generation,Wind Onshore,2026-08-19T10:57:03Z
2026-08-19T10:47:00Z,2026-08-19T12:47:00+0200,e079ef81-c4ef-4643-8235-c8ef85358b45,2026-07-27T08:45:00Z,2026-07-27T10:45:00+0200,3712.0,MW,ES,ES,actual_onshore_wind_generation,Wind Onshore,2026-08-19T10:57:03Z
2026-08-19T10:47:00Z,2026-08-19T12:47:00+0200,e079ef81-c4ef-4643-8235-c8ef85358b45,2026-07-27T09:00:00Z,2026-07-27T11:00:00+0200,3620.0,MW,ES,ES,actual_onshore_wind_generation,Wind Onshore,2026-08-19T10:57:03Z
2026-08-19T10:47:00Z,2026-08-19T12:47:00+0200,e079ef81-c4ef-4643-8235-c8ef85358b45,2026-07-27T09:15:00Z,2026-07-27T11:15:00+0200,3444.0,MW,ES,ES,actual_onshore_wind_generation,Wind Onshore,2026-08-19T10:57:03Z
2026-08-19T10:47:00Z,2026-08-19T12:47:00+0200,e079ef81-c4ef-4643-8235-c8ef85358b45,2026-07-27T09:30:00Z,2026-07-27T11:30:00+0200,3252.0,MW,ES,ES,actual_onshore_wind_generation,Wind Onshore,2026-08-19T10:57:03Z
2026-08-19T10:47:00Z,2026-08-19T12:47:00+0200,e079ef81-c4ef-4643-8235-c8ef85358b45,2026-07-27T09:45:00Z,2026-07-27T11:45:00+0200,3124.0,MW,ES,ES,actual_onshore_wind_generation,Wind Onshore,2026-08-19T10:57:03Z
2026-08-19T10:47:00Z,2026-08-19T12:47:00+0200,e079ef81-c4ef-4643-8235-c8ef85358b45,2026-07-27T10:00:00Z,2026-07-27T12:00:00+0200,2980.0,MW,ES,ES,actual_onshore_wind_generation,Wind Onshore,2026-08-19T10:57:03Z
2026-08-19T10:47:00Z,2026-08-19T12:47:00+0200,e079ef81-c4ef-4643-8235-c8ef85358b45,2026-07-27T10:15:00Z,2026-07-27T12:15:00+0200,2892.0,MW,ES,ES,actual_onshore_wind_generation,Wind Onshore,2026-08-19T10:57:03Z
2026-08-19T10:47:00Z,2026-08-19T12:47:00+0200,e079ef81-c4ef-4643-8235-c8ef85358b45,2026-07-27T10:30:00Z,2026-07-27T12:30:00+0200,2808.0,MW,ES,ES,actual_onshore_wind_generation,Wind Onshore,2026-08-19T10:57:03Z
2026-08-19T10:47:00Z,2026-08-19T12:47:00+0200,e079ef81-c4ef-4643-8235-c8ef85358b45,2026-07-27T10:45:00Z,2026-07-27T12:45:00+0200,2676.0,MW,ES,ES,actual_onshore_wind_generation,Wind Onshore,2026-08-19T10:57:03Z
2026-08-19T10:47:00Z,2026-08-19T12:47:00+0200,e079ef81-c4ef-4643-8235-c8ef85358b45,2026-07-27T11:00:00Z,2026-07-27T13:00:00+0200,2720.0,MW,ES,ES,actual_onshore_wind_generation,Wind Onshore,2026-08-19T10:57:03Z
2026-08-19T10:47:00Z,2026-08-19T12:47:00+0200,e079ef81-c4ef-4643-8235-c8ef85358b45,2026-07-27T11:15:00Z,2026-07-27T13:15:00+0200,2800.0,MW,ES,ES,actual_onshore_wind_generation,Wind Onshore,2026-08-19T10:57:03Z
2026-08-19T10:47:00Z,2026-08-19T12:47:00+0200,e079ef81-c4ef-4643-8235-c8ef85358b45,2026-07-27T11:30:00Z,2026-07-27T13:30:00+0200,2772.0,MW,ES,ES,actual_onshore_wind_generation,Wind Onshore,2026-08-19T10:57:03Z
2026-08-19T10:47:00Z,2026-08-19T12:47:00+0200,e079ef81-c4ef-4643-8235-c8ef85358b45,2026-07-27T11:45:00Z,2026-07-27T13:45:00+0200,2772.0,MW,ES,ES,actual_onshore_wind_generation,Wind Onshore,2026-08-19T10:57:03Z
2026-08-19T10:47:00Z,2026-08-19T12:47:00+0200,e079ef81-c4ef-4643-8235-c8ef85358b45,2026-07-27T12:00:00Z,2026-07-27T14:00:00+0200,2860.0,MW,ES,ES,actual_onshore_wind_generation,Wind Onshore,2026-08-19T10:57:03Z
2026-08-19T10:47:00Z,2026-08-19T12:47:00+0200,e079ef81-c4ef-4643-8235-c8ef85358b45,2026-07-27T12:15:00Z,2026-07-27T14:15:00+0200,2824.0,MW,ES,ES,actual_onshore_wind_generation,Wind Onshore,2026-08-19T10:57:03Z
2026-08-19T10:47:00Z,2026-08-19T12:47:00+0200,e079ef81-c4ef-4643-8235-c8ef85358b45,2026-07-27T12:30:00Z,2026-07-27T14:30:00+0200,2780.0,MW,ES,ES,actual_onshore_wind_generation,Wind Onshore,2026-08-19T10:57:03Z
2026-08-19T10:47:00Z,2026-08-19T12:47:00+0200,e079ef81-c4ef-4643-8235-c8ef85358b45,2026-07-27T12:45:00Z,2026-07-27T14:45:00+0200,2728.0,MW,ES,ES,actual_onshore_wind_generation,Wind Onshore,2026-08-19T10:57:03Z
2026-08-19T10:47:00Z,2026-08-19T12:47:00+0200,e079ef81-c4ef-4643-8235-c8ef85358b45,2026-07-27T13:00:00Z,2026-07-27T15:00:00+0200,2692.0,MW,ES,ES,actual_onshore_wind_generation,Wind Onshore,2026-08-19T10:57:03Z
2026-08-19T10:47:00Z,2026-08-19T12:47:00+0200,e079ef81-c4ef-4643-8235-c8ef85358b45,2026-07-27T13:15:00Z,2026-07-27T15:15:00+0200,2668.0,MW,ES,ES,actual_onshore_wind_generation,Wind Onshore,2026-08-19T10:57:03Z
2026-08-19T10:47:00Z,2026-08-19T12:47:00+0200,e079ef81-c4ef-4643-8235-c8ef85358b45,2026-07-27T13:30:00Z,2026-07-27T15:30:00+0200,2664.0,MW,ES,ES,actual_onshore_wind_generation,Wind Onshore,2026-08-19T10:57:03Z
2026-08-19T10:47:00Z,2026-08-19T12:47:00+0200,e079ef81-c4ef-4643-8235-c8ef85358b45,2026-07-27T13:45:00Z,2026-07-27T15:45:00+0200,2680.0,MW,ES,ES,actual_onshore_wind_generation,Wind Onshore,2026-08-19T10:57:03Z
2026-08-19T10:47:00Z,2026-08-19T12:47:00+0200,e079ef81-c4ef-4643-8235-c8ef85358b45,2026-07-27T14:00:00Z,2026-07-27T16:00:00+0200,2612.0,MW,ES,ES,actual_onshore_wind_generation,Wind Onshore,2026-08-19T10:57:03Z
2026-08-19T10:47:00Z,2026-08-19T12:47:00+0200,e079ef81-c4ef-4643-8235-c8ef85358b45,2026-07-27T14:15:00Z,2026-07-27T16:15:00+0200,2588.0,MW,ES,ES,actual_onshore_wind_generation,Wind Onshore,2026-08-19T10:57:03Z
2026-08-19T10:47:00Z,2026-08-19T12:47:00+0200,e079ef81-c4ef-4643-8235-c8ef85358b45,2026-07-27T14:30:00Z,2026-07-27T16:30:00+0200,2580.0,MW,ES,ES,actual_onshore_wind_generation,Wind Onshore,2026-08-19T10:57:03Z
2026-08-19T10:47:00Z,2026-08-19T12:47:00+0200,e079ef81-c4ef-4643-8235-c8ef85358b45,2026-07-27T14:45:00Z,2026-07-27T16:45:00+0200,2584.0,MW,ES,ES,actual_onshore_wind_generation,Wind Onshore,2026-08-19T10:57:03Z
2026-08-19T10:47:00Z,2026-08-19T12:47:00+0200,e079ef81-c4ef-4643-8235-c8ef85358b45,2026-07-27T15:00:00Z,2026-07-27T17:00:00+0200,2604.0,MW,ES,ES,actual_onshore_wind_generation,Wind Onshore,2026-08-19T10:57:03Z
2026-08-19T10:47:00Z,2026-08-19T12:47:00+0200,e079ef81-c4ef-4643-8235-c8ef85358b45,2026-07-27T15:15:00Z,2026-07-27T17:15:00+0200,2608.0,MW,ES,ES,actual_onshore_wind_generation,Wind Onshore,2026-08-19T10:57:03Z
2026-08-19T10:47:00Z,2026-08-19T12:47:00+0200,e079ef81-c4ef-4643-8235-c8ef85358b45,2026-07-27T15:30:00Z,2026-07-27T17:30:00+0200,2616.0,MW,ES,ES,actual_onshore_wind_generation,Wind Onshore,2026-08-19T10:57:03Z
2026-08-19T10:47:00Z,2026-08-19T12:47:00+0200,e079ef81-c4ef-4643-8235-c8ef85358b45,2026-07-27T15:45:00Z,2026-07-27T17:45:00+0200,2816.0,MW,ES,ES,actual_onshore_wind_generation,Wind Onshore,2026-08-19T10:57:03Z
2026-08-19T10:47:00Z,2026-08-19T12:47:00+0200,e079ef81-c4ef-4643-8235-c8ef85358b45,2026-07-27T16:00:00Z,2026-07-27T18:00:00+0200,3064.0,MW,ES,ES,actual_onshore_wind_generation,Wind Onshore,2026-08-19T10:57:03Z
2026-08-19T10:47:00Z,2026-08-19T12:47:00+0200,e079ef81-c4ef-4643-8235-c8ef85358b45,2026-07-27T16:15:00Z,2026-07-27T18:15:00+0200,3260.0,MW,ES,ES,actual_onshore_wind_generation,Wind Onshore,2026-08-19T10:57:03Z
2026-08-19T10:47:00Z,2026-08-19T12:47:00+0200,e079ef81-c4ef-4643-8235-c8ef85358b45,2026-07-27T16:30:00Z,2026-07-27T18:30:00+0200,3320.0,MW,ES,ES,actual_onshore_wind_generation,Wind Onshore,2026-08-19T10:57:03Z
2026-08-19T10:47:00Z,2026-08-19T12:47:00+0200,e079ef81-c4ef-4643-8235-c8ef85358b45,2026-07-27T16:45:00Z,2026-07-27T18:45:00+0200,3264.0,MW,ES,ES,actual_onshore_wind_generation,Wind Onshore,2026-08-19T10:57:03Z
2026-08-19T10:47:00Z,2026-08-19T12:47:00+0200,e079ef81-c4ef-4643-8235-c8ef85358b45,2026-07-27T17:00:00Z,2026-07-27T19:00:00+0200,3192.0,MW,ES,ES,actual_onshore_wind_generation,Wind Onshore,2026-08-19T10:57:03Z
2026-08-19T10:47:00Z,2026-08-19T12:47:00+0200,e079ef81-c4ef-4643-8235-c8ef85358b45,2026-07-27T17:15:00Z,2026-07-27T19:15:00+0200,3620.0,MW,ES,ES,actual_onshore_wind_generation,Wind Onshore,2026-08-19T10:57:03Z
2026-08-19T10:47:00Z,2026-08-19T12:47:00+0200,e079ef81-c4ef-4643-8235-c8ef85358b45,2026-07-27T17:30:00Z,2026-07-27T19:30:00+0200,3992.0,MW,ES,ES,actual_onshore_wind_generation,Wind Onshore,2026-08-19T10:57:03Z
2026-08-19T10:47:00Z,2026-08-19T12:47:00+0200,e079ef81-c4ef-4643-8235-c8ef85358b45,2026-07-27T17:45:00Z,2026-07-27T19:45:00+0200,4156.0,MW,ES,ES,actual_onshore_wind_generation,Wind Onshore,2026-08-19T10:57:03Z
2026-08-19T10:47:00Z,2026-08-19T12:47:00+0200,e079ef81-c4ef-4643-8235-c8ef85358b45,2026-07-27T18:00:00Z,2026-07-27T20:00:00+0200,4456.0,MW,ES,ES,actual_onshore_wind_generation,Wind Onshore,2026-08-19T10:57:03Z
2026-08-19T10:47:00Z,2026-08-19T12:47:00+0200,e079ef81-c4ef-4643-8235-c8ef85358b45,2026-07-27T18:15:00Z,2026-07-27T20:15:00+0200,4680.0,MW,ES,ES,actual_onshore_wind_generation,Wind Onshore,2026-08-19T10:57:03Z
2026-08-19T10:47:00Z,2026-08-19T12:47:00+0200,e079ef81-c4ef-4643-8235-c8ef85358b45,2026-07-27T18:30:00Z,2026-07-27T20:30:00+0200,4772.0,MW,ES,ES,actual_onshore_wind_generation,Wind Onshore,2026-08-19T10:57:03Z
2026-08-19T10:47:00Z,2026-08-19T12:47:00+0200,e079ef81-c4ef-4643-8235-c8ef85358b45,2026-07-27T18:45:00Z,2026-07-27T20:45:00+0200,4904.0,MW,ES,ES,actual_onshore_wind_generation,Wind Onshore,2026-08-19T10:57:03Z
2026-08-19T10:47:00Z,2026-08-19T12:47:00+0200,e079ef81-c4ef-4643-8235-c8ef85358b45,2026-07-27T19:00:00Z,2026-07-27T21:00:00+0200,4988.0,MW,ES,ES,actual_onshore_wind_generation,Wind Onshore,2026-08-19T10:57:03Z
2026-08-19T10:47:00Z,2026-08-19T12:47:00+0200,e079ef81-c4ef-4643-8235-c8ef85358b45,2026-07-27T19:15:00Z,2026-07-27T21:15:00+0200,5084.0,MW,ES,ES,actual_onshore_wind_generation,Wind Onshore,2026-08-19T10:57:03Z
2026-08-19T10:47:00Z,2026-08-19T12:47:00+0200,e079ef81-c4ef-4643-8235-c8ef85358b45,2026-07-27T19:30:00Z,2026-07-27T21:30:00+0200,5220.0,MW,ES,ES,actual_onshore_wind_generation,Wind Onshore,2026-08-19T10:57:03Z
2026-08-19T10:47:00Z,2026-08-19T12:47:00+0200,e079ef81-c4ef-4643-8235-c8ef85358b45,2026-07-27T19:45:00Z,2026-07-27T21:45:00+0200,5300.0,MW,ES,ES,actual_onshore_wind_generation,Wind Onshore,2026-08-19T10:57:03Z
2026-08-19T10:47:00Z,2026-08-19T12:47:00+0200,e079ef81-c4ef-4643-8235-c8ef85358b45,2026-07-27T20:00:00Z,2026-07-27T22:00:00+0200,5352.0,MW,ES,ES,actual_onshore_wind_generation,Wind Onshore,2026-08-19T10:57:03Z
2026-08-19T10:47:00Z,2026-08-19T12:47:00+0200,e079ef81-c4ef-4643-8235-c8ef85358b45,2026-07-27T20:15:00Z,2026-07-27T22:15:00+0200,5448.0,MW,ES,ES,actual_onshore_wind_generation,Wind Onshore,2026-08-19T10:57:03Z
2026-08-19T10:47:00Z,2026-08-19T12:47:00+0200,e079ef81-c4ef-4643-8235-c8ef85358b45,2026-07-27T20:30:00Z,2026-07-27T22:30:00+0200,5500.0,MW,ES,ES,actual_onshore_wind_generation,Wind Onshore,2026-08-19T10:57:03Z
2026-08-19T10:47:00Z,2026-08-19T12:47:00+0200,e079ef81-c4ef-4643-8235-c8ef85358b45,2026-07-27T20:45:00Z,2026-07-27T22:45:00+0200,5484.0,MW,ES,ES,actual_onshore_wind_generation,Wind Onshore,2026-08-19T10:57:03Z
2026-08-19T10:47:00Z,2026-08-19T12:47:00+0200,e079ef81-c4ef-4643-8235-c8ef85358b45,2026-07-27T21:00:00Z,2026-07-27T23:00:00+0200,5456.0,MW,ES,ES,actual_onshore_wind_generation,Wind Onshore,2026-08-19T10:57:03Z
2026-08-19T10:47:00Z,2026-08-19T12:47:00+0200,e079ef81-c4ef-4643-8235-c8ef85358b45,2026-07-27T21:15:00Z,2026-07-27T23:15:00+0200,5468.0,MW,ES,ES,actual_onshore_wind_generation,Wind Onshore,2026-08-19T10:57:03Z
2026-08-19T10:47:00Z,2026-08-19T12:47:00+0200,e079ef81-c4ef-4643-8235-c8ef85358b45,2026-07-27T21:30:00Z,2026-07-27T23:30:00+0200,5360.0,MW,ES,ES,actual_onshore_wind_generation,Wind Onshore,2026-08-19T10:57:03Z
2026-08-19T10:47:00Z,2026-08-19T12:47:00+0200,e079ef81-c4ef-4643-8235-c8ef85358b45,2026-07-27T21:45:00Z,2026-07-27T23:45:00+0200,5164.0,MW,ES,ES,actual_onshore_wind_generation,Wind Onshore,2026-08-19T10:57:03Z
2026-08-19T10:47:00Z,2026-08-19T12:47:00+0200,e079ef81-c4ef-4643-8235-c8ef85358b45,2026-07-27T22:00:00Z,2026-07-28T00:00:00+0200,5008.0,MW,ES,ES,actual_onshore_wind_generation,Wind Onshore,2026-08-19T10:57:03Z
2026-08-19T10:47:00Z,2026-08-19T12:47:00+0200,e079ef81-c4ef-4643-8235-c8ef85358b45,2026-07-27T22:15:00Z,2026-07-28T00:15:00+0200,4896.0,MW,ES,ES,actual_onshore_wind_generation,Wind Onshore,2026-08-19T10:57:03Z
2026-08-19T10:47:00Z,2026-08-19T12:47:00+0200,e079ef81-c4ef-4643-8235-c8ef85358b45,2026-07-27T22:30:00Z,2026-07-28T00:30:00+0200,4804.0,MW,ES,ES,actual_onshore_wind_generation,Wind Onshore,2026-08-19T10:57:03Z
2026-08-19T10:47:00Z,2026-08-19T12:47:00+0200,e079ef81-c4ef-4643-8235-c8ef85358b45,2026-07-27T22:45:00Z,2026-07-28T00:45:00+0200,4748.0,MW,ES,ES,actual_onshore_wind_generation,Wind Onshore,2026-08-19T10:57:03Z
2026-08-19T10:47:00Z,2026-08-19T12:47:00+0200,e079ef81-c4ef-4643-8235-c8ef85358b45,2026-07-27T23:00:00Z,2026-07-28T01:00:00+0200,4644.0,MW,ES,ES,actual_onshore_wind_generation,Wind Onshore,2026-08-19T10:57:03Z
2026-08-19T10:47:00Z,2026-08-19T12:47:00+0200,e079ef81-c4ef-4643-8235-c8ef85358b45,2026-07-27T23:15:00Z,2026-07-28T01:15:00+0200,4488.0,MW,ES,ES,actual_onshore_wind_generation,Wind Onshore,2026-08-19T10:57:03Z
2026-08-19T10:47:00Z,2026-08-19T12:47:00+0200,e079ef81-c4ef-4643-8235-c8ef85358b45,2026-07-27T23:30:00Z,2026-07-28T01:30:00+0200,4356.0,MW,ES,ES,actual_onshore_wind_generation,Wind Onshore,2026-08-19T10:57:03Z
2026-08-19T10:47:00Z,2026-08-19T12:47:00+0200,e079ef81-c4ef-4643-8235-c8ef85358b45,2026-07-27T23:45:00Z,2026-07-28T01:45:00+0200,4280.0,MW,ES,ES,actual_onshore_wind_generation,Wind Onshore,2026-08-19T10:57:03Z
2026-08-19T10:47:00Z,2026-08-19T12:47:00+0200,e079ef81-c4ef-4643-8235-c8ef85358b45,2026-07-28T00:00:00Z,2026-07-28T02:00:00+0200,4276.0,MW,ES,ES,actual_onshore_wind_generation,Wind Onshore,2026-08-19T10:57:03Z
2026-08-19T10:47:00Z,2026-08-19T12:47:00+0200,e079ef81-c4ef-4643-8235-c8ef85358b45,2026-07-28T00:15:00Z,2026-07-28T02:15:00+0200,4156.0,MW,ES,ES,actual_onshore_wind_generation,Wind Onshore,2026-08-19T10:57:03Z
2026-08-19T10:47:00Z,2026-08-19T12:47:00+0200,e079ef81-c4ef-4643-8235-c8ef85358b45,2026-07-28T00:30:00Z,2026-07-28T02:30:00+0200,4132.0,MW,ES,ES,actual_onshore_wind_generation,Wind Onshore,2026-08-19T10:57:03Z
2026-08-19T10:47:00Z,2026-08-19T12:47:00+0200,e079ef81-c4ef-4643-8235-c8ef85358b45,2026-07-28T00:45:00Z,2026-07-28T02:45:00+0200,4088.0,MW,ES,ES,actual_onshore_wind_generation,Wind Onshore,2026-08-19T10:57:03Z
2026-08-19T10:47:00Z,2026-08-19T12:47:00+0200,e079ef81-c4ef-4643-8235-c8ef85358b45,2026-07-28T01:00:00Z,2026-07-28T03:00:00+0200,4032.0,MW,ES,ES,actual_onshore_wind_generation,Wind Onshore,2026-08-19T10:57:03Z
2026-08-19T10:47:00Z,2026-08-19T12:47:00+0200,e079ef81-c4ef-4643-8235-c8ef85358b45,2026-07-28T01:15:00Z,2026-07-28T03:15:00+0200,3932.0,MW,ES,ES,actual_onshore_wind_generation,Wind Onshore,2026-08-19T10:57:03Z
2026-08-19T10:47:00Z,2026-08-19T12:47:00+0200,e079ef81-c4ef-4643-8235-c8ef85358b45,2026-07-28T01:30:00Z,2026-07-28T03:30:00+0200,3816.0,MW,ES,ES,actual_onshore_wind_generation,Wind Onshore,2026-08-19T10:57:03Z
2026-08-19T10:47:00Z,2026-08-19T12:47:00+0200,e079ef81-c4ef-4643-8235-c8ef85358b45,2026-07-28T01:45:00Z,2026-07-28T03:45:00+0200,3712.0,MW,ES,ES,actual_onshore_wind_generation,Wind Onshore,2026-08-19T10:57:03Z
2026-08-19T10:47:00Z,2026-08-19T12:47:00+0200,e079ef81-c4ef-4643-8235-c8ef85358b45,2026-07-28T02:00:00Z,2026-07-28T04:00:00+0200,3640.0,MW,ES,ES,actual_onshore_wind_generation,Wind Onshore,2026-08-19T10:57:03Z
2026-08-19T10:47:00Z,2026-08-19T12:47:00+0200,e079ef81-c4ef-4643-8235-c8ef85358b45,2026-07-28T02:15:00Z,2026-07-28T04:15:00+0200,3580.0,MW,ES,ES,actual_onshore_wind_generation,Wind Onshore,2026-08-19T10:57:03Z
2026-08-19T10:47:00Z,2026-08-19T12:47:00+0200,e079ef81-c4ef-4643-8235-c8ef85358b45,2026-07-28T02:30:00Z,2026-07-28T04:30:00+0200,3512.0,MW,ES,ES,actual_onshore_wind_generation,Wind Onshore,2026-08-19T10:57:03Z
2026-08-19T10:47:00Z,2026-08-19T12:47:00+0200,e079ef81-c4ef-4643-8235-c8ef85358b45,2026-07-28T02:45:00Z,2026-07-28T04:45:00+0200,3444.0,MW,ES,ES,actual_onshore_wind_generation,Wind Onshore,2026-08-19T10:57:03Z
2026-08-19T10:47:00Z,2026-08-19T12:47:00+0200,e079ef81-c4ef-4643-8235-c8ef85358b45,2026-07-28T03:00:00Z,2026-07-28T05:00:00+0200,3468.0,MW,ES,ES,actual_onshore_wind_generation,Wind Onshore,2026-08-19T10:57:03Z
2026-08-19T10:47:00Z,2026-08-19T12:47:00+0200,e079ef81-c4ef-4643-8235-c8ef85358b45,2026-07-28T03:15:00Z,2026-07-28T05:15:00+0200,3396.0,MW,ES,ES,actual_onshore_wind_generation,Wind Onshore,2026-08-19T10:57:03Z
2026-08-19T10:47:00Z,2026-08-19T12:47:00+0200,e079ef81-c4ef-4643-8235-c8ef85358b45,2026-07-28T03:30:00Z,2026-07-28T05:30:00+0200,3332.0,MW,ES,ES,actual_onshore_wind_generation,Wind Onshore,2026-08-19T10:57:03Z
2026-08-19T10:47:00Z,2026-08-19T12:47:00+0200,e079ef81-c4ef-4643-8235-c8ef85358b45,2026-07-28T03:45:00Z,2026-07-28T05:45:00+0200,3332.0,MW,ES,ES,actual_onshore_wind_generation,Wind Onshore,2026-08-19T10:57:03Z
2026-08-19T10:47:00Z,2026-08-19T12:47:00+0200,e079ef81-c4ef-4643-8235-c8ef85358b45,2026-07-28T04:00:00Z,2026-07-28T06:00:00+0200,3312.0,MW,ES,ES,actual_onshore_wind_generation,Wind Onshore,2026-08-19T10:57:03Z
2026-08-19T10:47:00Z,2026-08-19T12:47:00+0200,e079ef81-c4ef-4643-8235-c8ef85358b45,2026-07-28T04:15:00Z,2026-07-28T06:15:00+0200,3272.0,MW,ES,ES,actual_onshore_wind_generation,Wind Onshore,2026-08-19T10:57:03Z
2026-08-19T10:47:00Z,2026-08-19T12:47:00+0200,e079ef81-c4ef-4643-8235-c8ef85358b45,2026-07-28T04:30:00Z,2026-07-28T06:30:00+0200,3256.0,MW,ES,ES,actual_onshore_wind_generation,Wind Onshore,2026-08-19T10:57:03Z
2026-08-19T10:47:00Z,2026-08-19T12:47:00+0200,e079ef81-c4ef-4643-8235-c8ef85358b45,2026-07-28T04:45:00Z,2026-07-28T06:45:00+0200,3240.0,MW,ES,ES,actual_onshore_wind_generation,Wind Onshore,2026-08-19T10:57:03Z
2026-08-19T10:47:00Z,2026-08-19T12:47:00+0200,e079ef81-c4ef-4643-8235-c8ef85358b45,2026-07-28T05:00:00Z,2026-07-28T07:00:00+0200,3208.0,MW,ES,ES,actual_onshore_wind_generation,Wind Onshore,2026-08-19T10:57:03Z
2026-08-19T10:47:00Z,2026-08-19T12:47:00+0200,e079ef81-c4ef-4643-8235-c8ef85358b45,2026-07-28T05:15:00Z,2026-07-28T07:15:00+0200,3216.0,MW,ES,ES,actual_onshore_wind_generation,Wind Onshore,2026-08-19T10:57:03Z
2026-08-19T10:47:00Z,2026-08-19T12:47:00+0200,e079ef81-c4ef-4643-8235-c8ef85358b45,2026-07-28T05:30:00Z,2026-07-28T07:30:00+0200,3200.0,MW,ES,ES,actual_onshore_wind_generation,Wind Onshore,2026-08-19T10:57:03Z
2026-08-19T10:47:00Z,2026-08-19T12:47:00+0200,e079ef81-c4ef-4643-8235-c8ef85358b45,2026-07-28T05:45:00Z,2026-07-28T07:45:00+0200,3220.0,MW,ES,ES,actual_onshore_wind_generation,Wind Onshore,2026-08-19T10:57:03Z
2026-08-19T10:47:00Z,2026-08-19T12:47:00+0200,e079ef81-c4ef-4643-8235-c8ef85358b45,2026-07-28T06:00:00Z,2026-07-28T08:00:00+0200,3184.0,MW,ES,ES,actual_onshore_wind_generation,Wind Onshore,2026-08-19T10:57:03Z
2026-08-19T10:47:00Z,2026-08-19T12:47:00+0200,e079ef81-c4ef-4643-8235-c8ef85358b45,2026-07-28T06:15:00Z,2026-07-28T08:15:00+0200,3096.0,MW,ES,ES,actual_onshore_wind_generation,Wind Onshore,2026-08-19T10:57:03Z
2026-08-19T10:47:00Z,2026-08-19T12:47:00+0200,e079ef81-c4ef-4643-8235-c8ef85358b45,2026-07-28T06:30:00Z,2026-07-28T08:30:00+0200,2936.0,MW,ES,ES,actual_onshore_wind_generation,Wind Onshore,2026-08-19T10:57:03Z
2026-08-19T10:47:00Z,2026-08-19T12:47:00+0200,e079ef81-c4ef-4643-8235-c8ef85358b45,2026-07-28T06:45:00Z,2026-07-28T08:45:00+0200,2884.0,MW,ES,ES,actual_onshore_wind_generation,Wind Onshore,2026-08-19T10:57:03Z
2026-08-19T10:47:00Z,2026-08-19T12:47:00+0200,e079ef81-c4ef-4643-8235-c8ef85358b45,2026-07-28T07:00:00Z,2026-07-28T09:00:00+0200,2640.0,MW,ES,ES,actual_onshore_wind_generation,Wind Onshore,2026-08-19T10:57:03Z
2026-08-19T10:47:00Z,2026-08-19T12:47:00+0200,e079ef81-c4ef-4643-8235-c8ef85358b45,2026-07-28T07:15:00Z,2026-07-28T09:15:00+0200,2536.0,MW,ES,ES,actual_onshore_wind_generation,Wind Onshore,2026-08-19T10:57:03Z
2026-08-19T10:47:00Z,2026-08-19T12:47:00+0200,e079ef81-c4ef-4643-8235-c8ef85358b45,2026-07-28T07:30:00Z,2026-07-28T09:30:00+0200,2448.0,MW,ES,ES,actual_onshore_wind_generation,Wind Onshore,2026-08-19T10:57:03Z
2026-08-19T10:47:00Z,2026-08-19T12:47:00+0200,e079ef81-c4ef-4643-8235-c8ef85358b45,2026-07-28T07:45:00Z,2026-07-28T09:45:00+0200,2396.0,MW,ES,ES,actual_onshore_wind_generation,Wind Onshore,2026-08-19T10:57:03Z
2026-08-19T10:47:00Z,2026-08-19T12:47:00+0200,e079ef81-c4ef-4643-8235-c8ef85358b45,2026-07-28T08:00:00Z,2026-07-28T10:00:00+0200,2332.0,MW,ES,ES,actual_onshore_wind_generation,Wind Onshore,2026-08-19T10:57:03Z
2026-08-19T10:47:00Z,2026-08-19T12:47:00+0200,e079ef81-c4ef-4643-8235-c8ef85358b45,2026-07-28T08:15:00Z,2026-07-28T10:15:00+0200,2124.0,MW,ES,ES,actual_onshore_wind_generation,Wind Onshore,2026-08-19T10:57:03Z
2026-08-19T10:47:00Z,2026-08-19T12:47:00+0200,e079ef81-c4ef-4643-8235-c8ef85358b45,2026-07-28T08:30:00Z,2026-07-28T10:30:00+0200,1944.0,MW,ES,ES,actual_onshore_wind_generation,Wind Onshore,2026-08-19T10:57:03Z
2026-08-19T10:47:00Z,2026-08-19T12:47:00+0200,e079ef81-c4ef-4643-8235-c8ef85358b45,2026-07-28T08:45:00Z,2026-07-28T10:45:00+0200,1960.0,MW,ES,ES,actual_onshore_wind_generation,Wind Onshore,2026-08-19T10:57:03Z
2026-08-19T10:47:00Z,2026-08-19T12:47:00+0200,e079ef81-c4ef-4643-8235-c8ef85358b45,2026-07-28T09:00:00Z,2026-07-28T11:00:00+0200,1872.0,MW,ES,ES,actual_onshore_wind_generation,Wind Onshore,2026-08-19T10:57:03Z
2026-08-19T10:47:00Z,2026-08-19T12:47:00+0200,e079ef81-c4ef-4643-8235-c8ef85358b45,2026-07-28T09:15:00Z,2026-07-28T11:15:00+0200,1936.0,MW,ES,ES,actual_onshore_wind_generation,Wind Onshore,2026-08-19T10:57:03Z
2026-08-19T10:47:00Z,2026-08-19T12:47:00+0200,e079ef81-c4ef-4643-8235-c8ef85358b45,2026-07-28T09:30:00Z,2026-07-28T11:30:00+0200,2060.0,MW,ES,ES,actual_onshore_wind_generation,Wind Onshore,2026-08-19T10:57:03Z
2026-08-19T10:47:00Z,2026-08-19T12:47:00+0200,e079ef81-c4ef-4643-8235-c8ef85358b45,2026-07-28T09:45:00Z,2026-07-28T11:45:00+0200,2112.0,MW,ES,ES,actual_onshore_wind_generation,Wind Onshore,2026-08-19T10:57:03Z
2026-08-19T10:47:00Z,2026-08-19T12:47:00+0200,e079ef81-c4ef-4643-8235-c8ef85358b45,2026-07-28T10:00:00Z,2026-07-28T12:00:00+0200,2148.0,MW,ES,ES,actual_onshore_wind_generation,Wind Onshore,2026-08-19T10:57:03Z
2026-08-19T10:47:00Z,2026-08-19T12:47:00+0200,e079ef81-c4ef-4643-8235-c8ef85358b45,2026-07-28T10:15:00Z,2026-07-28T12:15:00+0200,2152.0,MW,ES,ES,actual_onshore_wind_generation,Wind Onshore,2026-08-19T10:57:03Z
2026-08-19T10:47:00Z,2026-08-19T12:47:00+0200,e079ef81-c4ef-4643-8235-c8ef85358b45,2026-07-28T10:30:00Z,2026-07-28T12:30:00+0200,2152.0,MW,ES,ES,actual_onshore_wind_generation,Wind Onshore,2026-08-19T10:57:03Z
2026-08-19T10:47:00Z,2026-08-19T12:47:00+0200,e079ef81-c4ef-4643-8235-c8ef85358b45,2026-07-28T10:45:00Z,2026-07-28T12:45:00+0200,2140.0,MW,ES,ES,actual_onshore_wind_generation,Wind Onshore,2026-08-19T10:57:03Z
2026-08-19T10:47:00Z,2026-08-19T12:47:00+0200,e079ef81-c4ef-4643-8235-c8ef85358b45,2026-07-28T11:00:00Z,2026-07-28T13:00:00+0200,2276.0,MW,ES,ES,actual_onshore_wind_generation,Wind Onshore,2026-08-19T10:57:03Z
2026-08-19T10:47:00Z,2026-08-19T12:47:00+0200,e079ef81-c4ef-4643-8235-c8ef85358b45,2026-07-28T11:15:00Z,2026-07-28T13:15:00+0200,2380.0,MW,ES,ES,actual_onshore_wind_generation,Wind Onshore,2026-08-19T10:57:03Z
2026-08-19T10:47:00Z,2026-08-19T12:47:00+0200,e079ef81-c4ef-4643-8235-c8ef85358b45,2026-07-28T11:30:00Z,2026-07-28T13:30:00+0200,2424.0,MW,ES,ES,actual_onshore_wind_generation,Wind Onshore,2026-08-19T10:57:03Z
2026-08-19T10:47:00Z,2026-08-19T12:47:00+0200,e079ef81-c4ef-4643-8235-c8ef85358b45,2026-07-28T11:45:00Z,2026-07-28T13:45:00+0200,2492.0,MW,ES,ES,actual_onshore_wind_generation,Wind Onshore,2026-08-19T10:57:03Z
2026-08-19T10:47:00Z,2026-08-19T12:47:00+0200,e079ef81-c4ef-4643-8235-c8ef85358b45,2026-07-28T12:00:00Z,2026-07-28T14:00:00+0200,2600.0,MW,ES,ES,actual_onshore_wind_generation,Wind Onshore,2026-08-19T10:57:03Z
2026-08-19T10:47:00Z,2026-08-19T12:47:00+0200,e079ef81-c4ef-4643-8235-c8ef85358b45,2026-07-28T12:15:00Z,2026-07-28T14:15:00+0200,2640.0,MW,ES,ES,actual_onshore_wind_generation,Wind Onshore,2026-08-19T10:57:03Z
2026-08-19T10:47:00Z,2026-08-19T12:47:00+0200,e079ef81-c4ef-4643-8235-c8ef85358b45,2026-07-28T12:30:00Z,2026-07-28T14:30:00+0200,2700.0,MW,ES,ES,actual_onshore_wind_generation,Wind Onshore,2026-08-19T10:57:03Z
2026-08-19T10:47:00Z,2026-08-19T12:47:00+0200,e079ef81-c4ef-4643-8235-c8ef85358b45,2026-07-28T12:45:00Z,2026-07-28T14:45:00+0200,2700.0,MW,ES,ES,actual_onshore_wind_generation,Wind Onshore,2026-08-19T10:57:03Z
2026-08-19T10:47:00Z,2026-08-19T12:47:00+0200,e079ef81-c4ef-4643-8235-c8ef85358b45,2026-07-28T13:00:00Z,2026-07-28T15:00:00+0200,2744.0,MW,ES,ES,actual_onshore_wind_generation,Wind Onshore,2026-08-19T10:57:03Z
2026-08-19T10:47:00Z,2026-08-19T12:47:00+0200,e079ef81-c4ef-4643-8235-c8ef85358b45,2026-07-28T13:15:00Z,2026-07-28T15:15:00+0200,2780.0,MW,ES,ES,actual_onshore_wind_generation,Wind Onshore,2026-08-19T10:57:03Z
2026-08-19T10:47:00Z,2026-08-19T12:47:00+0200,e079ef81-c4ef-4643-8235-c8ef85358b45,2026-07-28T13:30:00Z,2026-07-28T15:30:00+0200,2800.0,MW,ES,ES,actual_onshore_wind_generation,Wind Onshore,2026-08-19T10:57:03Z
2026-08-19T10:47:00Z,2026-08-19T12:47:00+0200,e079ef81-c4ef-4643-8235-c8ef85358b45,2026-07-28T13:45:00Z,2026-07-28T15:45:00+0200,2812.0,MW,ES,ES,actual_onshore_wind_generation,Wind Onshore,2026-08-19T10:57:03Z
2026-08-19T10:47:00Z,2026-08-19T12:47:00+0200,e079ef81-c4ef-4643-8235-c8ef85358b45,2026-07-28T14:00:00Z,2026-07-28T16:00:00+0200,2816.0,MW,ES,ES,actual_onshore_wind_generation,Wind Onshore,2026-08-19T10:57:03Z
2026-08-19T10:47:00Z,2026-08-19T12:47:00+0200,e079ef81-c4ef-4643-8235-c8ef85358b45,2026-07-28T14:15:00Z,2026-07-28T16:15:00+0200,2840.0,MW,ES,ES,actual_onshore_wind_generation,Wind Onshore,2026-08-19T10:57:03Z
2026-08-19T10:47:00Z,2026-08-19T12:47:00+0200,e079ef81-c4ef-4643-8235-c8ef85358b45,2026-07-28T14:30:00Z,2026-07-28T16:30:00+0200,2848.0,MW,ES,ES,actual_onshore_wind_generation,Wind Onshore,2026-08-19T10:57:03Z
2026-08-19T10:47:00Z,2026-08-19T12:47:00+0200,e079ef81-c4ef-4643-8235-c8ef85358b45,2026-07-28T14:45:00Z,2026-07-28T16:45:00+0200,2892.0,MW,ES,ES,actual_onshore_wind_generation,Wind Onshore,2026-08-19T10:57:03Z
2026-08-19T10:47:00Z,2026-08-19T12:47:00+0200,e079ef81-c4ef-4643-8235-c8ef85358b45,2026-07-28T15:00:00Z,2026-07-28T17:00:00+0200,2876.0,MW,ES,ES,actual_onshore_wind_generation,Wind Onshore,2026-08-19T10:57:03Z
2026-08-19T10:47:00Z,2026-08-19T12:47:00+0200,e079ef81-c4ef-4643-8235-c8ef85358b45,2026-07-28T15:15:00Z,2026-07-28T17:15:00+0200,2836.0,MW,ES,ES,actual_onshore_wind_generation,Wind Onshore,2026-08-19T10:57:03Z
2026-08-19T10:47:00Z,2026-08-19T12:47:00+0200,e079ef81-c4ef-4643-8235-c8ef85358b45,2026-07-28T15:30:00Z,2026-07-28T17:30:00+0200,2856.0,MW,ES,ES,actual_onshore_wind_generation,Wind Onshore,2026-08-19T10:57:03Z
2026-08-19T10:47:00Z,2026-08-19T12:47:00+0200,e079ef81-c4ef-4643-8235-c8ef85358b45,2026-07-28T15:45:00Z,2026-07-28T17:45:00+0200,2876.0,MW,ES,ES,actual_onshore_wind_generation,Wind Onshore,2026-08-19T10:57:03Z
2026-08-19T10:47:00Z,2026-08-19T12:47:00+0200,e079ef81-c4ef-4643-8235-c8ef85358b45,2026-07-28T16:00:00Z,2026-07-28T18:00:00+0200,3004.0,MW,ES,ES,actual_onshore_wind_generation,Wind Onshore,2026-08-19T10:57:03Z
2026-08-19T10:47:00Z,2026-08-19T12:47:00+0200,e079ef81-c4ef-4643-8235-c8ef85358b45,2026-07-28T16:15:00Z,2026-07-28T18:15:00+0200,3260.0,MW,ES,ES,actual_onshore_wind_generation,Wind Onshore,2026-08-19T10:57:03Z
2026-08-19T10:47:00Z,2026-08-19T12:47:00+0200,e079ef81-c4ef-4643-8235-c8ef85358b45,2026-07-28T16:30:00Z,2026-07-28T18:30:00+0200,3368.0,MW,ES,ES,actual_onshore_wind_generation,Wind Onshore,2026-08-19T10:57:03Z
2026-08-19T10:47:00Z,2026-08-19T12:47:00+0200,e079ef81-c4ef-4643-8235-c8ef85358b45,2026-07-28T16:45:00Z,2026-07-28T18:45:00+0200,3480.0,MW,ES,ES,actual_onshore_wind_generation,Wind Onshore,2026-08-19T10:57:03Z
2026-08-19T10:47:00Z,2026-08-19T12:47:00+0200,e079ef81-c4ef-4643-8235-c8ef85358b45,2026-07-28T17:00:00Z,2026-07-28T19:00:00+0200,3552.0,MW,ES,ES,actual_onshore_wind_generation,Wind Onshore,2026-08-19T10:57:03Z
2026-08-19T10:47:00Z,2026-08-19T12:47:00+0200,e079ef81-c4ef-4643-8235-c8ef85358b45,2026-07-28T17:15:00Z,2026-07-28T19:15:00+0200,3636.0,MW,ES,ES,actual_onshore_wind_generation,Wind Onshore,2026-08-19T10:57:03Z
2026-08-19T10:47:00Z,2026-08-19T12:47:00+0200,e079ef81-c4ef-4643-8235-c8ef85358b45,2026-07-28T17:30:00Z,2026-07-28T19:30:00+0200,3772.0,MW,ES,ES,actual_onshore_wind_generation,Wind Onshore,2026-08-19T10:57:03Z
2026-08-19T10:47:00Z,2026-08-19T12:47:00+0200,e079ef81-c4ef-4643-8235-c8ef85358b45,2026-07-28T17:45:00Z,2026-07-28T19:45:00+0200,3852.0,MW,ES,ES,actual_onshore_wind_generation,Wind Onshore,2026-08-19T10:57:03Z
2026-08-19T10:47:00Z,2026-08-19T12:47:00+0200,e079ef81-c4ef-4643-8235-c8ef85358b45,2026-07-28T18:00:00Z,2026-07-28T20:00:00+0200,4156.0,MW,ES,ES,actual_onshore_wind_generation,Wind Onshore,2026-08-19T10:57:03Z
2026-08-19T10:47:00Z,2026-08-19T12:47:00+0200,e079ef81-c4ef-4643-8235-c8ef85358b45,2026-07-28T18:15:00Z,2026-07-28T20:15:00+0200,4208.0,MW,ES,ES,actual_onshore_wind_generation,Wind Onshore,2026-08-19T10:57:03Z
2026-08-19T10:47:00Z,2026-08-19T12:47:00+0200,e079ef81-c4ef-4643-8235-c8ef85358b45,2026-07-28T18:30:00Z,2026-07-28T20:30:00+0200,4156.0,MW,ES,ES,actual_onshore_wind_generation,Wind Onshore,2026-08-19T10:57:03Z
2026-08-19T10:47:00Z,2026-08-19T12:47:00+0200,e079ef81-c4ef-4643-8235-c8ef85358b45,2026-07-28T18:45:00Z,2026-07-28T20:45:00+0200,4204.0,MW,ES,ES,actual_onshore_wind_generation,Wind Onshore,2026-08-19T10:57:03Z
2026-08-19T10:47:00Z,2026-08-19T12:47:00+0200,e079ef81-c4ef-4643-8235-c8ef85358b45,2026-07-28T19:00:00Z,2026-07-28T21:00:00+0200,4416.0,MW,ES,ES,actual_onshore_wind_generation,Wind Onshore,2026-08-19T10:57:03Z
2026-08-19T10:47:00Z,2026-08-19T12:47:00+0200,e079ef81-c4ef-4643-8235-c8ef85358b45,2026-07-28T19:15:00Z,2026-07-28T21:15:00+0200,4572.0,MW,ES,ES,actual_onshore_wind_generation,Wind Onshore,2026-08-19T10:57:03Z
2026-08-19T10:47:00Z,2026-08-19T12:47:00+0200,e079ef81-c4ef-4643-8235-c8ef85358b45,2026-07-28T19:30:00Z,2026-07-28T21:30:00+0200,4692.0,MW,ES,ES,actual_onshore_wind_generation,Wind Onshore,2026-08-19T10:57:03Z
2026-08-19T10:47:00Z,2026-08-19T12:47:00+0200,e079ef81-c4ef-4643-8235-c8ef85358b45,2026-07-28T19:45:00Z,2026-07-28T21:45:00+0200,4760.0,MW,ES,ES,actual_onshore_wind_generation,Wind Onshore,2026-08-19T10:57:03Z
2026-08-19T10:47:00Z,2026-08-19T12:47:00+0200,e079ef81-c4ef-4643-8235-c8ef85358b45,2026-07-28T20:00:00Z,2026-07-28T22:00:00+0200,4844.0,MW,ES,ES,actual_onshore_wind_generation,Wind Onshore,2026-08-19T10:57:03Z
2026-08-19T10:47:00Z,2026-08-19T12:47:00+0200,e079ef81-c4ef-4643-8235-c8ef85358b45,2026-07-28T20:15:00Z,2026-07-28T22:15:00+0200,4984.0,MW,ES,ES,actual_onshore_wind_generation,Wind Onshore,2026-08-19T10:57:03Z
2026-08-19T10:47:00Z,2026-08-19T12:47:00+0200,e079ef81-c4ef-4643-8235-c8ef85358b45,2026-07-28T20:30:00Z,2026-07-28T22:30:00+0200,5008.0,MW,ES,ES,actual_onshore_wind_generation,Wind Onshore,2026-08-19T10:57:03Z
2026-08-19T10:47:00Z,2026-08-19T12:47:00+0200,e079ef81-c4ef-4643-8235-c8ef85358b45,2026-07-28T20:45:00Z,2026-07-28T22:45:00+0200,4888.0,MW,ES,ES,actual_onshore_wind_generation,Wind Onshore,2026-08-19T10:57:03Z
2026-08-19T10:47:00Z,2026-08-19T12:47:00+0200,e079ef81-c4ef-4643-8235-c8ef85358b45,2026-07-28T21:00:00Z,2026-07-28T23:00:00+0200,4800.0,MW,ES,ES,actual_onshore_wind_generation,Wind Onshore,2026-08-19T10:57:03Z
2026-08-19T10:47:00Z,2026-08-19T12:47:00+0200,e079ef81-c4ef-4643-8235-c8ef85358b45,2026-07-28T21:15:00Z,2026-07-28T23:15:00+0200,4692.0,MW,ES,ES,actual_onshore_wind_generation,Wind Onshore,2026-08-19T10:57:03Z
2026-08-19T10:47:00Z,2026-08-19T12:47:00+0200,e079ef81-c4ef-4643-8235-c8ef85358b45,2026-07-28T21:30:00Z,2026-07-28T23:30:00+0200,4648.0,MW,ES,ES,actual_onshore_wind_generation,Wind Onshore,2026-08-19T10:57:03Z
2026-08-19T10:47:00Z,2026-08-19T12:47:00+0200,e079ef81-c4ef-4643-8235-c8ef85358b45,2026-07-28T21:45:00Z,2026-07-28T23:45:00+0200,4556.0,MW,ES,ES,actual_onshore_wind_generation,Wind Onshore,2026-08-19T10:57:03Z
2026-08-19T10:47:00Z,2026-08-19T12:47:00+0200,e079ef81-c4ef-4643-8235-c8ef85358b45,2026-07-28T22:00:00Z,2026-07-29T00:00:00+0200,4456.0,MW,ES,ES,actual_onshore_wind_generation,Wind Onshore,2026-08-19T10:57:03Z
2026-08-19T10:47:00Z,2026-08-19T12:47:00+0200,e079ef81-c4ef-4643-8235-c8ef85358b45,2026-07-28T22:15:00Z,2026-07-29T00:15:00+0200,4404.0,MW,ES,ES,actual_onshore_wind_generation,Wind Onshore,2026-08-19T10:57:03Z
2026-08-19T10:47:00Z,2026-08-19T12:47:00+0200,e079ef81-c4ef-4643-8235-c8ef85358b45,2026-07-28T22:30:00Z,2026-07-29T00:30:00+0200,4336.0,MW,ES,ES,actual_onshore_wind_generation,Wind Onshore,2026-08-19T10:57:03Z
2026-08-19T10:47:00Z,2026-08-19T12:47:00+0200,e079ef81-c4ef-4643-8235-c8ef85358b45,2026-07-28T22:45:00Z,2026-07-29T00:45:00+0200,4308.0,MW,ES,ES,actual_onshore_wind_generation,Wind Onshore,2026-08-19T10:57:03Z
2026-08-19T10:47:00Z,2026-08-19T12:47:00+0200,e079ef81-c4ef-4643-8235-c8ef85358b45,2026-07-28T23:00:00Z,2026-07-29T01:00:00+0200,4360.0,MW,ES,ES,actual_onshore_wind_generation,Wind Onshore,2026-08-19T10:57:03Z
2026-08-19T10:47:00Z,2026-08-19T12:47:00+0200,e079ef81-c4ef-4643-8235-c8ef85358b45,2026-07-28T23:15:00Z,2026-07-29T01:15:00+0200,4468.0,MW,ES,ES,actual_onshore_wind_generation,Wind Onshore,2026-08-19T10:57:03Z
2026-08-19T10:47:00Z,2026-08-19T12:47:00+0200,e079ef81-c4ef-4643-8235-c8ef85358b45,2026-07-28T23:30:00Z,2026-07-29T01:30:00+0200,4476.0,MW,ES,ES,actual_onshore_wind_generation,Wind Onshore,2026-08-19T10:57:03Z
2026-08-19T10:47:00Z,2026-08-19T12:47:00+0200,e079ef81-c4ef-4643-8235-c8ef85358b45,2026-07-28T23:45:00Z,2026-07-29T01:45:00+0200,4540.0,MW,ES,ES,actual_onshore_wind_generation,Wind Onshore,2026-08-19T10:57:03Z
2026-08-19T10:47:00Z,2026-08-19T12:47:00+0200,e079ef81-c4ef-4643-8235-c8ef85358b45,2026-07-29T00:00:00Z,2026-07-29T02:00:00+0200,4552.0,MW,ES,ES,actual_onshore_wind_generation,Wind Onshore,2026-08-19T10:57:03Z
2026-08-19T10:47:00Z,2026-08-19T12:47:00+0200,e079ef81-c4ef-4643-8235-c8ef85358b45,2026-07-29T00:15:00Z,2026-07-29T02:15:00+0200,4520.0,MW,ES,ES,actual_onshore_wind_generation,Wind Onshore,2026-08-19T10:57:03Z
2026-08-19T10:47:00Z,2026-08-19T12:47:00+0200,e079ef81-c4ef-4643-8235-c8ef85358b45,2026-07-29T00:30:00Z,2026-07-29T02:30:00+0200,4472.0,MW,ES,ES,actual_onshore_wind_generation,Wind Onshore,2026-08-19T10:57:03Z
2026-08-19T10:47:00Z,2026-08-19T12:47:00+0200,e079ef81-c4ef-4643-8235-c8ef85358b45,2026-07-29T00:45:00Z,2026-07-29T02:45:00+0200,4412.0,MW,ES,ES,actual_onshore_wind_generation,Wind Onshore,2026-08-19T10:57:03Z
2026-08-19T10:47:00Z,2026-08-19T12:47:00+0200,e079ef81-c4ef-4643-8235-c8ef85358b45,2026-07-29T01:00:00Z,2026-07-29T03:00:00+0200,4340.0,MW,ES,ES,actual_onshore_wind_generation,Wind Onshore,2026-08-19T10:57:03Z
2026-08-19T10:47:00Z,2026-08-19T12:47:00+0200,e079ef81-c4ef-4643-8235-c8ef85358b45,2026-07-29T01:15:00Z,2026-07-29T03:15:00+0200,4292.0,MW,ES,ES,actual_onshore_wind_generation,Wind Onshore,2026-08-19T10:57:03Z
2026-08-19T10:47:00Z,2026-08-19T12:47:00+0200,e079ef81-c4ef-4643-8235-c8ef85358b45,2026-07-29T01:30:00Z,2026-07-29T03:30:00+0200,4236.0,MW,ES,ES,actual_onshore_wind_generation,Wind Onshore,2026-08-19T10:57:03Z
2026-08-19T10:47:00Z,2026-08-19T12:47:00+0200,e079ef81-c4ef-4643-8235-c8ef85358b45,2026-07-29T01:45:00Z,2026-07-29T03:45:00+0200,4204.0,MW,ES,ES,actual_onshore_wind_generation,Wind Onshore,2026-08-19T10:57:03Z
2026-08-19T10:47:00Z,2026-08-19T12:47:00+0200,e079ef81-c4ef-4643-8235-c8ef85358b45,2026-07-29T02:00:00Z,2026-07-29T04:00:00+0200,4160.0,MW,ES,ES,actual_onshore_wind_generation,Wind Onshore,2026-08-19T10:57:03Z
2026-08-19T10:47:00Z,2026-08-19T12:47:00+0200,e079ef81-c4ef-4643-8235-c8ef85358b45,2026-07-29T02:15:00Z,2026-07-29T04:15:00+0200,4176.0,MW,ES,ES,actual_onshore_wind_generation,Wind Onshore,2026-08-19T10:57:03Z
2026-08-19T10:47:00Z,2026-08-19T12:47:00+0200,e079ef81-c4ef-4643-8235-c8ef85358b45,2026-07-29T02:30:00Z,2026-07-29T04:30:00+0200,4128.0,MW,ES,ES,actual_onshore_wind_generation,Wind Onshore,2026-08-19T10:57:03Z
2026-08-19T10:47:00Z,2026-08-19T12:47:00+0200,e079ef81-c4ef-4643-8235-c8ef85358b45,2026-07-29T02:45:00Z,2026-07-29T04:45:00+0200,3912.0,MW,ES,ES,actual_onshore_wind_generation,Wind Onshore,2026-08-19T10:57:03Z
2026-08-19T10:47:00Z,2026-08-19T12:47:00+0200,e079ef81-c4ef-4643-8235-c8ef85358b45,2026-07-29T03:00:00Z,2026-07-29T05:00:00+0200,3756.0,MW,ES,ES,actual_onshore_wind_generation,Wind Onshore,2026-08-19T10:57:03Z
2026-08-19T10:47:00Z,2026-08-19T12:47:00+0200,e079ef81-c4ef-4643-8235-c8ef85358b45,2026-07-29T03:15:00Z,2026-07-29T05:15:00+0200,3692.0,MW,ES,ES,actual_onshore_wind_generation,Wind Onshore,2026-08-19T10:57:03Z
2026-08-19T10:47:00Z,2026-08-19T12:47:00+0200,e079ef81-c4ef-4643-8235-c8ef85358b45,2026-07-29T03:30:00Z,2026-07-29T05:30:00+0200,3656.0,MW,ES,ES,actual_onshore_wind_generation,Wind Onshore,2026-08-19T10:57:03Z
2026-08-19T10:47:00Z,2026-08-19T12:47:00+0200,e079ef81-c4ef-4643-8235-c8ef85358b45,2026-07-29T03:45:00Z,2026-07-29T05:45:00+0200,3512.0,MW,ES,ES,actual_onshore_wind_generation,Wind Onshore,2026-08-19T10:57:03Z
2026-08-19T10:47:00Z,2026-08-19T12:47:00+0200,e079ef81-c4ef-4643-8235-c8ef85358b45,2026-07-29T04:00:00Z,2026-07-29T06:00:00+0200,3356.0,MW,ES,ES,actual_onshore_wind_generation,Wind Onshore,2026-08-19T10:57:03Z
2026-08-19T10:47:00Z,2026-08-19T12:47:00+0200,e079ef81-c4ef-4643-8235-c8ef85358b45,2026-07-29T04:15:00Z,2026-07-29T06:15:00+0200,3256.0,MW,ES,ES,actual_onshore_wind_generation,Wind Onshore,2026-08-19T10:57:03Z
2026-08-19T10:47:00Z,2026-08-19T12:47:00+0200,e079ef81-c4ef-4643-8235-c8ef85358b45,2026-07-29T04:30:00Z,2026-07-29T06:30:00+0200,3144.0,MW,ES,ES,actual_onshore_wind_generation,Wind Onshore,2026-08-19T10:57:03Z
2026-08-19T10:47:00Z,2026-08-19T12:47:00+0200,e079ef81-c4ef-4643-8235-c8ef85358b45,2026-07-29T04:45:00Z,2026-07-29T06:45:00+0200,3092.0,MW,ES,ES,actual_onshore_wind_generation,Wind Onshore,2026-08-19T10:57:03Z
2026-08-19T10:47:00Z,2026-08-19T12:47:00+0200,e079ef81-c4ef-4643-8235-c8ef85358b45,2026-07-29T05:00:00Z,2026-07-29T07:00:00+0200,2964.0,MW,ES,ES,actual_onshore_wind_generation,Wind Onshore,2026-08-19T10:57:03Z
2026-08-19T10:47:00Z,2026-08-19T12:47:00+0200,e079ef81-c4ef-4643-8235-c8ef85358b45,2026-07-29T05:15:00Z,2026-07-29T07:15:00+0200,2888.0,MW,ES,ES,actual_onshore_wind_generation,Wind Onshore,2026-08-19T10:57:03Z
2026-08-19T10:47:00Z,2026-08-19T12:47:00+0200,e079ef81-c4ef-4643-8235-c8ef85358b45,2026-07-29T05:30:00Z,2026-07-29T07:30:00+0200,2788.0,MW,ES,ES,actual_onshore_wind_generation,Wind Onshore,2026-08-19T10:57:03Z
2026-08-19T10:47:00Z,2026-08-19T12:47:00+0200,e079ef81-c4ef-4643-8235-c8ef85358b45,2026-07-29T05:45:00Z,2026-07-29T07:45:00+0200,2712.0,MW,ES,ES,actual_onshore_wind_generation,Wind Onshore,2026-08-19T10:57:03Z
2026-08-19T10:47:00Z,2026-08-19T12:47:00+0200,e079ef81-c4ef-4643-8235-c8ef85358b45,2026-07-29T06:00:00Z,2026-07-29T08:00:00+0200,2608.0,MW,ES,ES,actual_onshore_wind_generation,Wind Onshore,2026-08-19T10:57:03Z
2026-08-19T10:47:00Z,2026-08-19T12:47:00+0200,e079ef81-c4ef-4643-8235-c8ef85358b45,2026-07-29T06:15:00Z,2026-07-29T08:15:00+0200,2488.0,MW,ES,ES,actual_onshore_wind_generation,Wind Onshore,2026-08-19T10:57:03Z
2026-08-19T10:47:00Z,2026-08-19T12:47:00+0200,e079ef81-c4ef-4643-8235-c8ef85358b45,2026-07-29T06:30:00Z,2026-07-29T08:30:00+0200,2272.0,MW,ES,ES,actual_onshore_wind_generation,Wind Onshore,2026-08-19T10:57:03Z
2026-08-19T10:47:00Z,2026-08-19T12:47:00+0200,e079ef81-c4ef-4643-8235-c8ef85358b45,2026-07-29T06:45:00Z,2026-07-29T08:45:00+0200,2024.0,MW,ES,ES,actual_onshore_wind_generation,Wind Onshore,2026-08-19T10:57:03Z
2026-08-19T10:47:00Z,2026-08-19T12:47:00+0200,e079ef81-c4ef-4643-8235-c8ef85358b45,2026-07-29T07:00:00Z,2026-07-29T09:00:00+0200,1852.0,MW,ES,ES,actual_onshore_wind_generation,Wind Onshore,2026-08-19T10:57:03Z
2026-08-19T10:47:00Z,2026-08-19T12:47:00+0200,e079ef81-c4ef-4643-8235-c8ef85358b45,2026-07-29T07:15:00Z,2026-07-29T09:15:00+0200,1684.0,MW,ES,ES,actual_onshore_wind_generation,Wind Onshore,2026-08-19T10:57:03Z
2026-08-19T10:47:00Z,2026-08-19T12:47:00+0200,e079ef81-c4ef-4643-8235-c8ef85358b45,2026-07-29T07:30:00Z,2026-07-29T09:30:00+0200,1576.0,MW,ES,ES,actual_onshore_wind_generation,Wind Onshore,2026-08-19T10:57:03Z
2026-08-19T10:47:00Z,2026-08-19T12:47:00+0200,e079ef81-c4ef-4643-8235-c8ef85358b45,2026-07-29T07:45:00Z,2026-07-29T09:45:00+0200,1468.0,MW,ES,ES,actual_onshore_wind_generation,Wind Onshore,2026-08-19T10:57:03Z
2026-08-19T10:47:00Z,2026-08-19T12:47:00+0200,e079ef81-c4ef-4643-8235-c8ef85358b45,2026-07-29T08:00:00Z,2026-07-29T10:00:00+0200,1428.0,MW,ES,ES,actual_onshore_wind_generation,Wind Onshore,2026-08-19T10:57:03Z
2026-08-19T10:47:00Z,2026-08-19T12:47:00+0200,e079ef81-c4ef-4643-8235-c8ef85358b45,2026-07-29T08:15:00Z,2026-07-29T10:15:00+0200,1408.0,MW,ES,ES,actual_onshore_wind_generation,Wind Onshore,2026-08-19T10:57:03Z
2026-08-19T10:47:00Z,2026-08-19T12:47:00+0200,e079ef81-c4ef-4643-8235-c8ef85358b45,2026-07-29T08:30:00Z,2026-07-29T10:30:00+0200,1368.0,MW,ES,ES,actual_onshore_wind_generation,Wind Onshore,2026-08-19T10:57:03Z
2026-08-19T10:47:00Z,2026-08-19T12:47:00+0200,e079ef81-c4ef-4643-8235-c8ef85358b45,2026-07-29T08:45:00Z,2026-07-29T10:45:00+0200,1364.0,MW,ES,ES,actual_onshore_wind_generation,Wind Onshore,2026-08-19T10:57:03Z
2026-08-19T10:47:00Z,2026-08-19T12:47:00+0200,e079ef81-c4ef-4643-8235-c8ef85358b45,2026-07-29T09:00:00Z,2026-07-29T11:00:00+0200,1316.0,MW,ES,ES,actual_onshore_wind_generation,Wind Onshore,2026-08-19T10:57:03Z
2026-08-19T10:47:00Z,2026-08-19T12:47:00+0200,e079ef81-c4ef-4643-8235-c8ef85358b45,2026-07-29T09:15:00Z,2026-07-29T11:15:00+0200,1268.0,MW,ES,ES,actual_onshore_wind_generation,Wind Onshore,2026-08-19T10:57:03Z
2026-08-19T10:47:00Z,2026-08-19T12:47:00+0200,e079ef81-c4ef-4643-8235-c8ef85358b45,2026-07-29T09:30:00Z,2026-07-29T11:30:00+0200,1384.0,MW,ES,ES,actual_onshore_wind_generation,Wind Onshore,2026-08-19T10:57:03Z
2026-08-19T10:47:00Z,2026-08-19T12:47:00+0200,e079ef81-c4ef-4643-8235-c8ef85358b45,2026-07-29T09:45:00Z,2026-07-29T11:45:00+0200,1604.0,MW,ES,ES,actual_onshore_wind_generation,Wind Onshore,2026-08-19T10:57:03Z
2026-08-19T10:47:00Z,2026-08-19T12:47:00+0200,e079ef81-c4ef-4643-8235-c8ef85358b45,2026-07-29T10:00:00Z,2026-07-29T12:00:00+0200,1760.0,MW,ES,ES,actual_onshore_wind_generation,Wind Onshore,2026-08-19T10:57:03Z
2026-08-19T10:47:00Z,2026-08-19T12:47:00+0200,e079ef81-c4ef-4643-8235-c8ef85358b45,2026-07-29T10:15:00Z,2026-07-29T12:15:00+0200,1780.0,MW,ES,ES,actual_onshore_wind_generation,Wind Onshore,2026-08-19T10:57:03Z
2026-08-19T10:47:00Z,2026-08-19T12:47:00+0200,e079ef81-c4ef-4643-8235-c8ef85358b45,2026-07-29T10:30:00Z,2026-07-29T12:30:00+0200,1924.0,MW,ES,ES,actual_onshore_wind_generation,Wind Onshore,2026-08-19T10:57:03Z
2026-08-19T10:47:00Z,2026-08-19T12:47:00+0200,e079ef81-c4ef-4643-8235-c8ef85358b45,2026-07-29T10:45:00Z,2026-07-29T12:45:00+0200,2132.0,MW,ES,ES,actual_onshore_wind_generation,Wind Onshore,2026-08-19T10:57:03Z
2026-08-19T10:47:00Z,2026-08-19T12:47:00+0200,e079ef81-c4ef-4643-8235-c8ef85358b45,2026-07-29T11:00:00Z,2026-07-29T13:00:00+0200,2364.0,MW,ES,ES,actual_onshore_wind_generation,Wind Onshore,2026-08-19T10:57:03Z
2026-08-19T10:47:00Z,2026-08-19T12:47:00+0200,e079ef81-c4ef-4643-8235-c8ef85358b45,2026-07-29T11:15:00Z,2026-07-29T13:15:00+0200,2360.0,MW,ES,ES,actual_onshore_wind_generation,Wind Onshore,2026-08-19T10:57:03Z
2026-08-19T10:47:00Z,2026-08-19T12:47:00+0200,e079ef81-c4ef-4643-8235-c8ef85358b45,2026-07-29T11:30:00Z,2026-07-29T13:30:00+0200,2408.0,MW,ES,ES,actual_onshore_wind_generation,Wind Onshore,2026-08-19T10:57:03Z
2026-08-19T10:47:00Z,2026-08-19T12:47:00+0200,e079ef81-c4ef-4643-8235-c8ef85358b45,2026-07-29T11:45:00Z,2026-07-29T13:45:00+0200,2716.0,MW,ES,ES,actual_onshore_wind_generation,Wind Onshore,2026-08-19T10:57:03Z
2026-08-19T10:47:00Z,2026-08-19T12:47:00+0200,e079ef81-c4ef-4643-8235-c8ef85358b45,2026-07-29T12:00:00Z,2026-07-29T14:00:00+0200,3000.0,MW,ES,ES,actual_onshore_wind_generation,Wind Onshore,2026-08-19T10:57:03Z
2026-08-19T10:47:00Z,2026-08-19T12:47:00+0200,e079ef81-c4ef-4643-8235-c8ef85358b45,2026-07-29T12:15:00Z,2026-07-29T14:15:00+0200,3172.0,MW,ES,ES,actual_onshore_wind_generation,Wind Onshore,2026-08-19T10:57:03Z
2026-08-19T10:47:00Z,2026-08-19T12:47:00+0200,e079ef81-c4ef-4643-8235-c8ef85358b45,2026-07-29T12:30:00Z,2026-07-29T14:30:00+0200,3264.0,MW,ES,ES,actual_onshore_wind_generation,Wind Onshore,2026-08-19T10:57:03Z
2026-08-19T10:47:00Z,2026-08-19T12:47:00+0200,e079ef81-c4ef-4643-8235-c8ef85358b45,2026-07-29T12:45:00Z,2026-07-29T14:45:00+0200,3504.0,MW,ES,ES,actual_onshore_wind_generation,Wind Onshore,2026-08-19T10:57:03Z
2026-08-19T10:47:00Z,2026-08-19T12:47:00+0200,e079ef81-c4ef-4643-8235-c8ef85358b45,2026-07-29T13:00:00Z,2026-07-29T15:00:00+0200,3916.0,MW,ES,ES,actual_onshore_wind_generation,Wind Onshore,2026-08-19T10:57:03Z
2026-08-19T10:47:00Z,2026-08-19T12:47:00+0200,e079ef81-c4ef-4643-8235-c8ef85358b45,2026-07-29T13:15:00Z,2026-07-29T15:15:00+0200,4104.0,MW,ES,ES,actual_onshore_wind_generation,Wind Onshore,2026-08-19T10:57:03Z
2026-08-19T10:47:00Z,2026-08-19T12:47:00+0200,e079ef81-c4ef-4643-8235-c8ef85358b45,2026-07-29T13:30:00Z,2026-07-29T15:30:00+0200,4252.0,MW,ES,ES,actual_onshore_wind_generation,Wind Onshore,2026-08-19T10:57:03Z
2026-08-19T10:47:00Z,2026-08-19T12:47:00+0200,e079ef81-c4ef-4643-8235-c8ef85358b45,2026-07-29T13:45:00Z,2026-07-29T15:45:00+0200,4128.0,MW,ES,ES,actual_onshore_wind_generation,Wind Onshore,2026-08-19T10:57:03Z
2026-08-19T10:47:00Z,2026-08-19T12:47:00+0200,e079ef81-c4ef-4643-8235-c8ef85358b45,2026-07-29T14:00:00Z,2026-07-29T16:00:00+0200,3896.0,MW,ES,ES,actual_onshore_wind_generation,Wind Onshore,2026-08-19T10:57:03Z
2026-08-19T10:47:00Z,2026-08-19T12:47:00+0200,e079ef81-c4ef-4643-8235-c8ef85358b45,2026-07-29T14:15:00Z,2026-07-29T16:15:00+0200,3932.0,MW,ES,ES,actual_onshore_wind_generation,Wind Onshore,2026-08-19T10:57:03Z
2026-08-19T10:47:00Z,2026-08-19T12:47:00+0200,e079ef81-c4ef-4643-8235-c8ef85358b45,2026-07-29T14:30:00Z,2026-07-29T16:30:00+0200,4232.0,MW,ES,ES,actual_onshore_wind_generation,Wind Onshore,2026-08-19T10:57:03Z
2026-08-19T10:47:00Z,2026-08-19T12:47:00+0200,e079ef81-c4ef-4643-8235-c8ef85358b45,2026-07-29T14:45:00Z,2026-07-29T16:45:00+0200,4608.0,MW,ES,ES,actual_onshore_wind_generation,Wind Onshore,2026-08-19T10:57:03Z
2026-08-19T10:47:00Z,2026-08-19T12:47:00+0200,e079ef81-c4ef-4643-8235-c8ef85358b45,2026-07-29T15:00:00Z,2026-07-29T17:00:00+0200,4836.0,MW,ES,ES,actual_onshore_wind_generation,Wind Onshore,2026-08-19T10:57:03Z
2026-08-19T10:47:00Z,2026-08-19T12:47:00+0200,e079ef81-c4ef-4643-8235-c8ef85358b45,2026-07-29T15:15:00Z,2026-07-29T17:15:00+0200,4940.0,MW,ES,ES,actual_onshore_wind_generation,Wind Onshore,2026-08-19T10:57:03Z
2026-08-19T10:47:00Z,2026-08-19T12:47:00+0200,e079ef81-c4ef-4643-8235-c8ef85358b45,2026-07-29T15:30:00Z,2026-07-29T17:30:00+0200,5016.0,MW,ES,ES,actual_onshore_wind_generation,Wind Onshore,2026-08-19T10:57:03Z
2026-08-19T10:47:00Z,2026-08-19T12:47:00+0200,e079ef81-c4ef-4643-8235-c8ef85358b45,2026-07-29T15:45:00Z,2026-07-29T17:45:00+0200,5184.0,MW,ES,ES,actual_onshore_wind_generation,Wind Onshore,2026-08-19T10:57:03Z
2026-08-19T10:47:00Z,2026-08-19T12:47:00+0200,e079ef81-c4ef-4643-8235-c8ef85358b45,2026-07-29T16:00:00Z,2026-07-29T18:00:00+0200,5288.0,MW,ES,ES,actual_onshore_wind_generation,Wind Onshore,2026-08-19T10:57:03Z
2026-08-19T10:47:00Z,2026-08-19T12:47:00+0200,e079ef81-c4ef-4643-8235-c8ef85358b45,2026-07-29T16:15:00Z,2026-07-29T18:15:00+0200,5392.0,MW,ES,ES,actual_onshore_wind_generation,Wind Onshore,2026-08-19T10:57:03Z
2026-08-19T10:47:00Z,2026-08-19T12:47:00+0200,e079ef81-c4ef-4643-8235-c8ef85358b45,2026-07-29T16:30:00Z,2026-07-29T18:30:00+0200,5520.0,MW,ES,ES,actual_onshore_wind_generation,Wind Onshore,2026-08-19T10:57:03Z
2026-08-19T10:47:00Z,2026-08-19T12:47:00+0200,e079ef81-c4ef-4643-8235-c8ef85358b45,2026-07-29T16:45:00Z,2026-07-29T18:45:00+0200,5528.0,MW,ES,ES,actual_onshore_wind_generation,Wind Onshore,2026-08-19T10:57:03Z
2026-08-19T10:47:00Z,2026-08-19T12:47:00+0200,e079ef81-c4ef-4643-8235-c8ef85358b45,2026-07-29T17:00:00Z,2026-07-29T19:00:00+0200,5508.0,MW,ES,ES,actual_onshore_wind_generation,Wind Onshore,2026-08-19T10:57:03Z
2026-08-19T10:47:00Z,2026-08-19T12:47:00+0200,e079ef81-c4ef-4643-8235-c8ef85358b45,2026-07-29T17:15:00Z,2026-07-29T19:15:00+0200,5640.0,MW,ES,ES,actual_onshore_wind_generation,Wind Onshore,2026-08-19T10:57:03Z
2026-08-19T10:47:00Z,2026-08-19T12:47:00+0200,e079ef81-c4ef-4643-8235-c8ef85358b45,2026-07-29T17:30:00Z,2026-07-29T19:30:00+0200,5756.0,MW,ES,ES,actual_onshore_wind_generation,Wind Onshore,2026-08-19T10:57:03Z
2026-08-19T10:47:00Z,2026-08-19T12:47:00+0200,e079ef81-c4ef-4643-8235-c8ef85358b45,2026-07-29T17:45:00Z,2026-07-29T19:45:00+0200,5800.0,MW,ES,ES,actual_onshore_wind_generation,Wind Onshore,2026-08-19T10:57:03Z
2026-08-19T10:47:00Z,2026-08-19T12:47:00+0200,e079ef81-c4ef-4643-8235-c8ef85358b45,2026-07-29T18:00:00Z,2026-07-29T20:00:00+0200,6096.0,MW,ES,ES,actual_onshore_wind_generation,Wind Onshore,2026-08-19T10:57:03Z
2026-08-19T10:47:00Z,2026-08-19T12:47:00+0200,e079ef81-c4ef-4643-8235-c8ef85358b45,2026-07-29T18:15:00Z,2026-07-29T20:15:00+0200,6144.0,MW,ES,ES,actual_onshore_wind_generation,Wind Onshore,2026-08-19T10:57:03Z
2026-08-19T10:47:00Z,2026-08-19T12:47:00+0200,e079ef81-c4ef-4643-8235-c8ef85358b45,2026-07-29T18:30:00Z,2026-07-29T20:30:00+0200,6184.0,MW,ES,ES,actual_onshore_wind_generation,Wind Onshore,2026-08-19T10:57:03Z
2026-08-19T10:47:00Z,2026-08-19T12:47:00+0200,e079ef81-c4ef-4643-8235-c8ef85358b45,2026-07-29T18:45:00Z,2026-07-29T20:45:00+0200,6164.0,MW,ES,ES,actual_onshore_wind_generation,Wind Onshore,2026-08-19T10:57:03Z
2026-08-19T10:47:00Z,2026-08-19T12:47:00+0200,e079ef81-c4ef-4643-8235-c8ef85358b45,2026-07-29T19:00:00Z,2026-07-29T21:00:00+0200,6188.0,MW,ES,ES,actual_onshore_wind_generation,Wind Onshore,2026-08-19T10:57:03Z
2026-08-19T10:47:00Z,2026-08-19T12:47:00+0200,e079ef81-c4ef-4643-8235-c8ef85358b45,2026-07-29T19:15:00Z,2026-07-29T21:15:00+0200,6176.0,MW,ES,ES,actual_onshore_wind_generation,Wind Onshore,2026-08-19T10:57:03Z
2026-08-19T10:47:00Z,2026-08-19T12:47:00+0200,e079ef81-c4ef-4643-8235-c8ef85358b45,2026-07-29T19:30:00Z,2026-07-29T21:30:00+0200,6312.0,MW,ES,ES,actual_onshore_wind_generation,Wind Onshore,2026-08-19T10:57:03Z
2026-08-19T10:47:00Z,2026-08-19T12:47:00+0200,e079ef81-c4ef-4643-8235-c8ef85358b45,2026-07-29T19:45:00Z,2026-07-29T21:45:00+0200,6364.0,MW,ES,ES,actual_onshore_wind_generation,Wind Onshore,2026-08-19T10:57:03Z
2026-08-19T10:47:00Z,2026-08-19T12:47:00+0200,e079ef81-c4ef-4643-8235-c8ef85358b45,2026-07-29T20:00:00Z,2026-07-29T22:00:00+0200,6460.0,MW,ES,ES,actual_onshore_wind_generation,Wind Onshore,2026-08-19T10:57:03Z
2026-08-19T10:47:00Z,2026-08-19T12:47:00+0200,e079ef81-c4ef-4643-8235-c8ef85358b45,2026-07-29T20:15:00Z,2026-07-29T22:15:00+0200,6420.0,MW,ES,ES,actual_onshore_wind_generation,Wind Onshore,2026-08-19T10:57:03Z
2026-08-19T10:47:00Z,2026-08-19T12:47:00+0200,e079ef81-c4ef-4643-8235-c8ef85358b45,2026-07-29T20:30:00Z,2026-07-29T22:30:00+0200,6316.0,MW,ES,ES,actual_onshore_wind_generation,Wind Onshore,2026-08-19T10:57:03Z
2026-08-19T10:47:00Z,2026-08-19T12:47:00+0200,e079ef81-c4ef-4643-8235-c8ef85358b45,2026-07-29T20:45:00Z,2026-07-29T22:45:00+0200,6280.0,MW,ES,ES,actual_onshore_wind_generation,Wind Onshore,2026-08-19T10:57:03Z
2026-08-19T10:47:00Z,2026-08-19T12:47:00+0200,e079ef81-c4ef-4643-8235-c8ef85358b45,2026-07-29T21:00:00Z,2026-07-29T23:00:00+0200,6256.0,MW,ES,ES,actual_onshore_wind_generation,Wind Onshore,2026-08-19T10:57:03Z
2026-08-19T10:47:00Z,2026-08-19T12:47:00+0200,e079ef81-c4ef-4643-8235-c8ef85358b45,2026-07-29T21:15:00Z,2026-07-29T23:15:00+0200,6236.0,MW,ES,ES,actual_onshore_wind_generation,Wind Onshore,2026-08-19T10:57:03Z
2026-08-19T10:47:00Z,2026-08-19T12:47:00+0200,e079ef81-c4ef-4643-8235-c8ef85358b45,2026-07-29T21:30:00Z,2026-07-29T23:30:00+0200,6156.0,MW,ES,ES,actual_onshore_wind_generation,Wind Onshore,2026-08-19T10:57:03Z
2026-08-19T10:47:00Z,2026-08-19T12:47:00+0200,e079ef81-c4ef-4643-8235-c8ef85358b45,2026-07-29T21:45:00Z,2026-07-29T23:45:00+0200,5980.0,MW,ES,ES,actual_onshore_wind_generation,Wind Onshore,2026-08-19T10:57:03Z
2026-08-19T10:47:00Z,2026-08-19T12:47:00+0200,e079ef81-c4ef-4643-8235-c8ef85358b45,2026-07-29T22:00:00Z,2026-07-30T00:00:00+0200,5836.0,MW,ES,ES,actual_onshore_wind_generation,Wind Onshore,2026-08-19T10:57:03Z
2026-08-19T10:47:00Z,2026-08-19T12:47:00+0200,e079ef81-c4ef-4643-8235-c8ef85358b45,2026-07-29T22:15:00Z,2026-07-30T00:15:00+0200,5792.0,MW,ES,ES,actual_onshore_wind_generation,Wind Onshore,2026-08-19T10:57:03Z
2026-08-19T10:47:00Z,2026-08-19T12:47:00+0200,e079ef81-c4ef-4643-8235-c8ef85358b45,2026-07-29T22:30:00Z,2026-07-30T00:30:00+0200,5724.0,MW,ES,ES,actual_onshore_wind_generation,Wind Onshore,2026-08-19T10:57:03Z
2026-08-19T10:47:00Z,2026-08-19T12:47:00+0200,e079ef81-c4ef-4643-8235-c8ef85358b45,2026-07-29T22:45:00Z,2026-07-30T00:45:00+0200,5712.0,MW,ES,ES,actual_onshore_wind_generation,Wind Onshore,2026-08-19T10:57:03Z
2026-08-19T10:47:00Z,2026-08-19T12:47:00+0200,e079ef81-c4ef-4643-8235-c8ef85358b45,2026-07-29T23:00:00Z,2026-07-30T01:00:00+0200,5596.0,MW,ES,ES,actual_onshore_wind_generation,Wind Onshore,2026-08-19T10:57:03Z
2026-08-19T10:47:00Z,2026-08-19T12:47:00+0200,e079ef81-c4ef-4643-8235-c8ef85358b45,2026-07-29T23:15:00Z,2026-07-30T01:15:00+0200,5516.0,MW,ES,ES,actual_onshore_wind_generation,Wind Onshore,2026-08-19T10:57:03Z
2026-08-19T10:47:00Z,2026-08-19T12:47:00+0200,e079ef81-c4ef-4643-8235-c8ef85358b45,2026-07-29T23:30:00Z,2026-07-30T01:30:00+0200,5464.0,MW,ES,ES,actual_onshore_wind_generation,Wind Onshore,2026-08-19T10:57:03Z
2026-08-19T10:47:00Z,2026-08-19T12:47:00+0200,e079ef81-c4ef-4643-8235-c8ef85358b45,2026-07-29T23:45:00Z,2026-07-30T01:45:00+0200,5276.0,MW,ES,ES,actual_onshore_wind_generation,Wind Onshore,2026-08-19T10:57:03Z
2026-08-19T10:47:00Z,2026-08-19T12:47:00+0200,e079ef81-c4ef-4643-8235-c8ef85358b45,2026-07-30T00:00:00Z,2026-07-30T02:00:00+0200,5044.0,MW,ES,ES,actual_onshore_wind_generation,Wind Onshore,2026-08-19T10:57:03Z
2026-08-19T10:47:00Z,2026-08-19T12:47:00+0200,e079ef81-c4ef-4643-8235-c8ef85358b45,2026-07-30T00:15:00Z,2026-07-30T02:15:00+0200,4844.0,MW,ES,ES,actual_onshore_wind_generation,Wind Onshore,2026-08-19T10:57:03Z
2026-08-19T10:47:00Z,2026-08-19T12:47:00+0200,e079ef81-c4ef-4643-8235-c8ef85358b45,2026-07-30T00:30:00Z,2026-07-30T02:30:00+0200,4680.0,MW,ES,ES,actual_onshore_wind_generation,Wind Onshore,2026-08-19T10:57:03Z
2026-08-19T10:47:00Z,2026-08-19T12:47:00+0200,e079ef81-c4ef-4643-8235-c8ef85358b45,2026-07-30T00:45:00Z,2026-07-30T02:45:00+0200,4464.0,MW,ES,ES,actual_onshore_wind_generation,Wind Onshore,2026-08-19T10:57:03Z
2026-08-19T10:47:00Z,2026-08-19T12:47:00+0200,e079ef81-c4ef-4643-8235-c8ef85358b45,2026-07-30T01:00:00Z,2026-07-30T03:00:00+0200,4260.0,MW,ES,ES,actual_onshore_wind_generation,Wind Onshore,2026-08-19T10:57:03Z
2026-08-19T10:47:00Z,2026-08-19T12:47:00+0200,e079ef81-c4ef-4643-8235-c8ef85358b45,2026-07-30T01:15:00Z,2026-07-30T03:15:00+0200,4172.0,MW,ES,ES,actual_onshore_wind_generation,Wind Onshore,2026-08-19T10:57:03Z
2026-08-19T10:47:00Z,2026-08-19T12:47:00+0200,e079ef81-c4ef-4643-8235-c8ef85358b45,2026-07-30T01:30:00Z,2026-07-30T03:30:00+0200,4108.0,MW,ES,ES,actual_onshore_wind_generation,Wind Onshore,2026-08-19T10:57:03Z
2026-08-19T10:47:00Z,2026-08-19T12:47:00+0200,e079ef81-c4ef-4643-8235-c8ef85358b45,2026-07-30T01:45:00Z,2026-07-30T03:45:00+0200,4044.0,MW,ES,ES,actual_onshore_wind_generation,Wind Onshore,2026-08-19T10:57:03Z
2026-08-19T10:47:00Z,2026-08-19T12:47:00+0200,e079ef81-c4ef-4643-8235-c8ef85358b45,2026-07-30T02:00:00Z,2026-07-30T04:00:00+0200,3932.0,MW,ES,ES,actual_onshore_wind_generation,Wind Onshore,2026-08-19T10:57:03Z
2026-08-19T10:47:00Z,2026-08-19T12:47:00+0200,e079ef81-c4ef-4643-8235-c8ef85358b45,2026-07-30T02:15:00Z,2026-07-30T04:15:00+0200,3856.0,MW,ES,ES,actual_onshore_wind_generation,Wind Onshore,2026-08-19T10:57:03Z
2026-08-19T10:47:00Z,2026-08-19T12:47:00+0200,e079ef81-c4ef-4643-8235-c8ef85358b45,2026-07-30T02:30:00Z,2026-07-30T04:30:00+0200,3720.0,MW,ES,ES,actual_onshore_wind_generation,Wind Onshore,2026-08-19T10:57:03Z
2026-08-19T10:47:00Z,2026-08-19T12:47:00+0200,e079ef81-c4ef-4643-8235-c8ef85358b45,2026-07-30T02:45:00Z,2026-07-30T04:45:00+0200,3552.0,MW,ES,ES,actual_onshore_wind_generation,Wind Onshore,2026-08-19T10:57:03Z
2026-08-19T10:47:00Z,2026-08-19T12:47:00+0200,e079ef81-c4ef-4643-8235-c8ef85358b45,2026-07-30T03:00:00Z,2026-07-30T05:00:00+0200,3344.0,MW,ES,ES,actual_onshore_wind_generation,Wind Onshore,2026-08-19T10:57:03Z
2026-08-19T10:47:00Z,2026-08-19T12:47:00+0200,e079ef81-c4ef-4643-8235-c8ef85358b45,2026-07-30T03:15:00Z,2026-07-30T05:15:00+0200,3200.0,MW,ES,ES,actual_onshore_wind_generation,Wind Onshore,2026-08-19T10:57:03Z
2026-08-19T10:47:00Z,2026-08-19T12:47:00+0200,e079ef81-c4ef-4643-8235-c8ef85358b45,2026-07-30T03:30:00Z,2026-07-30T05:30:00+0200,3088.0,MW,ES,ES,actual_onshore_wind_generation,Wind Onshore,2026-08-19T10:57:03Z
2026-08-19T10:47:00Z,2026-08-19T12:47:00+0200,e079ef81-c4ef-4643-8235-c8ef85358b45,2026-07-30T03:45:00Z,2026-07-30T05:45:00+0200,2940.0,MW,ES,ES,actual_onshore_wind_generation,Wind Onshore,2026-08-19T10:57:03Z
2026-08-19T10:47:00Z,2026-08-19T12:47:00+0200,e079ef81-c4ef-4643-8235-c8ef85358b45,2026-07-30T04:00:00Z,2026-07-30T06:00:00+0200,2804.0,MW,ES,ES,actual_onshore_wind_generation,Wind Onshore,2026-08-19T10:57:03Z
2026-08-19T10:47:00Z,2026-08-19T12:47:00+0200,e079ef81-c4ef-4643-8235-c8ef85358b45,2026-07-30T04:15:00Z,2026-07-30T06:15:00+0200,2672.0,MW,ES,ES,actual_onshore_wind_generation,Wind Onshore,2026-08-19T10:57:03Z
2026-08-19T10:47:00Z,2026-08-19T12:47:00+0200,e079ef81-c4ef-4643-8235-c8ef85358b45,2026-07-30T04:30:00Z,2026-07-30T06:30:00+0200,2572.0,MW,ES,ES,actual_onshore_wind_generation,Wind Onshore,2026-08-19T10:57:03Z
2026-08-19T10:47:00Z,2026-08-19T12:47:00+0200,e079ef81-c4ef-4643-8235-c8ef85358b45,2026-07-30T04:45:00Z,2026-07-30T06:45:00+0200,2464.0,MW,ES,ES,actual_onshore_wind_generation,Wind Onshore,2026-08-19T10:57:03Z
2026-08-19T10:47:00Z,2026-08-19T12:47:00+0200,e079ef81-c4ef-4643-8235-c8ef85358b45,2026-07-30T05:00:00Z,2026-07-30T07:00:00+0200,2316.0,MW,ES,ES,actual_onshore_wind_generation,Wind Onshore,2026-08-19T10:57:03Z
2026-08-19T10:47:00Z,2026-08-19T12:47:00+0200,e079ef81-c4ef-4643-8235-c8ef85358b45,2026-07-30T05:15:00Z,2026-07-30T07:15:00+0200,2200.0,MW,ES,ES,actual_onshore_wind_generation,Wind Onshore,2026-08-19T10:57:03Z
2026-08-19T10:47:00Z,2026-08-19T12:47:00+0200,e079ef81-c4ef-4643-8235-c8ef85358b45,2026-07-30T05:30:00Z,2026-07-30T07:30:00+0200,2092.0,MW,ES,ES,actual_onshore_wind_generation,Wind Onshore,2026-08-19T10:57:03Z
2026-08-19T10:47:00Z,2026-08-19T12:47:00+0200,e079ef81-c4ef-4643-8235-c8ef85358b45,2026-07-30T05:45:00Z,2026-07-30T07:45:00+0200,1940.0,MW,ES,ES,actual_onshore_wind_generation,Wind Onshore,2026-08-19T10:57:03Z
2026-08-19T10:47:00Z,2026-08-19T12:47:00+0200,e079ef81-c4ef-4643-8235-c8ef85358b45,2026-07-30T06:00:00Z,2026-07-30T08:00:00+0200,1780.0,MW,ES,ES,actual_onshore_wind_generation,Wind Onshore,2026-08-19T10:57:03Z
2026-08-19T10:47:00Z,2026-08-19T12:47:00+0200,e079ef81-c4ef-4643-8235-c8ef85358b45,2026-07-30T06:15:00Z,2026-07-30T08:15:00+0200,1652.0,MW,ES,ES,actual_onshore_wind_generation,Wind Onshore,2026-08-19T10:57:03Z
2026-08-19T10:47:00Z,2026-08-19T12:47:00+0200,e079ef81-c4ef-4643-8235-c8ef85358b45,2026-07-30T06:30:00Z,2026-07-30T08:30:00+0200,1516.0,MW,ES,ES,actual_onshore_wind_generation,Wind Onshore,2026-08-19T10:57:03Z
2026-08-19T10:47:00Z,2026-08-19T12:47:00+0200,e079ef81-c4ef-4643-8235-c8ef85358b45,2026-07-30T06:45:00Z,2026-07-30T08:45:00+0200,1324.0,MW,ES,ES,actual_onshore_wind_generation,Wind Onshore,2026-08-19T10:57:03Z
2026-08-19T10:47:00Z,2026-08-19T12:47:00+0200,e079ef81-c4ef-4643-8235-c8ef85358b45,2026-07-30T07:00:00Z,2026-07-30T09:00:00+0200,1124.0,MW,ES,ES,actual_onshore_wind_generation,Wind Onshore,2026-08-19T10:57:03Z
2026-08-19T10:47:00Z,2026-08-19T12:47:00+0200,e079ef81-c4ef-4643-8235-c8ef85358b45,2026-07-30T07:15:00Z,2026-07-30T09:15:00+0200,1012.0,MW,ES,ES,actual_onshore_wind_generation,Wind Onshore,2026-08-19T10:57:03Z
2026-08-19T10:47:00Z,2026-08-19T12:47:00+0200,e079ef81-c4ef-4643-8235-c8ef85358b45,2026-07-30T07:30:00Z,2026-07-30T09:30:00+0200,980.0,MW,ES,ES,actual_onshore_wind_generation,Wind Onshore,2026-08-19T10:57:03Z
2026-08-19T10:47:00Z,2026-08-19T12:47:00+0200,e079ef81-c4ef-4643-8235-c8ef85358b45,2026-07-30T07:45:00Z,2026-07-30T09:45:00+0200,916.0,MW,ES,ES,actual_onshore_wind_generation,Wind Onshore,2026-08-19T10:57:03Z
2026-08-19T10:47:00Z,2026-08-19T12:47:00+0200,e079ef81-c4ef-4643-8235-c8ef85358b45,2026-07-30T08:00:00Z,2026-07-30T10:00:00+0200,824.0,MW,ES,ES,actual_onshore_wind_generation,Wind Onshore,2026-08-19T10:57:03Z
2026-08-19T10:47:00Z,2026-08-19T12:47:00+0200,e079ef81-c4ef-4643-8235-c8ef85358b45,2026-07-30T08:15:00Z,2026-07-30T10:15:00+0200,780.0,MW,ES,ES,actual_onshore_wind_generation,Wind Onshore,2026-08-19T10:57:03Z
2026-08-19T10:47:00Z,2026-08-19T12:47:00+0200,e079ef81-c4ef-4643-8235-c8ef85358b45,2026-07-30T08:30:00Z,2026-07-30T10:30:00+0200,772.0,MW,ES,ES,actual_onshore_wind_generation,Wind Onshore,2026-08-19T10:57:03Z
2026-08-19T10:47:00Z,2026-08-19T12:47:00+0200,e079ef81-c4ef-4643-8235-c8ef85358b45,2026-07-30T08:45:00Z,2026-07-30T10:45:00+0200,816.0,MW,ES,ES,actual_onshore_wind_generation,Wind Onshore,2026-08-19T10:57:03Z
2026-08-19T10:47:00Z,2026-08-19T12:47:00+0200,e079ef81-c4ef-4643-8235-c8ef85358b45,2026-07-30T09:00:00Z,2026-07-30T11:00:00+0200,884.0,MW,ES,ES,actual_onshore_wind_generation,Wind Onshore,2026-08-19T10:57:03Z
2026-08-19T10:47:00Z,2026-08-19T12:47:00+0200,e079ef81-c4ef-4643-8235-c8ef85358b45,2026-07-30T09:15:00Z,2026-07-30T11:15:00+0200,972.0,MW,ES,ES,actual_onshore_wind_generation,Wind Onshore,2026-08-19T10:57:03Z
2026-08-19T10:47:00Z,2026-08-19T12:47:00+0200,e079ef81-c4ef-4643-8235-c8ef85358b45,2026-07-30T09:30:00Z,2026-07-30T11:30:00+0200,1088.0,MW,ES,ES,actual_onshore_wind_generation,Wind Onshore,2026-08-19T10:57:03Z
2026-08-19T10:47:00Z,2026-08-19T12:47:00+0200,e079ef81-c4ef-4643-8235-c8ef85358b45,2026-07-30T09:45:00Z,2026-07-30T11:45:00+0200,1212.0,MW,ES,ES,actual_onshore_wind_generation,Wind Onshore,2026-08-19T10:57:03Z
2026-08-19T10:47:00Z,2026-08-19T12:47:00+0200,e079ef81-c4ef-4643-8235-c8ef85358b45,2026-07-30T10:00:00Z,2026-07-30T12:00:00+0200,1308.0,MW,ES,ES,actual_onshore_wind_generation,Wind Onshore,2026-08-19T10:57:03Z
2026-08-19T10:47:00Z,2026-08-19T12:47:00+0200,e079ef81-c4ef-4643-8235-c8ef85358b45,2026-07-30T10:15:00Z,2026-07-30T12:15:00+0200,1456.0,MW,ES,ES,actual_onshore_wind_generation,Wind Onshore,2026-08-19T10:57:03Z
2026-08-19T10:47:00Z,2026-08-19T12:47:00+0200,e079ef81-c4ef-4643-8235-c8ef85358b45,2026-07-30T10:30:00Z,2026-07-30T12:30:00+0200,1636.0,MW,ES,ES,actual_onshore_wind_generation,Wind Onshore,2026-08-19T10:57:03Z
2026-08-19T10:47:00Z,2026-08-19T12:47:00+0200,e079ef81-c4ef-4643-8235-c8ef85358b45,2026-07-30T10:45:00Z,2026-07-30T12:45:00+0200,1840.0,MW,ES,ES,actual_onshore_wind_generation,Wind Onshore,2026-08-19T10:57:03Z
2026-08-19T10:47:00Z,2026-08-19T12:47:00+0200,e079ef81-c4ef-4643-8235-c8ef85358b45,2026-07-30T11:00:00Z,2026-07-30T13:00:00+0200,2040.0,MW,ES,ES,actual_onshore_wind_generation,Wind Onshore,2026-08-19T10:57:03Z
2026-08-19T10:47:00Z,2026-08-19T12:47:00+0200,e079ef81-c4ef-4643-8235-c8ef85358b45,2026-07-30T11:15:00Z,2026-07-30T13:15:00+0200,2184.0,MW,ES,ES,actual_onshore_wind_generation,Wind Onshore,2026-08-19T10:57:03Z
2026-08-19T10:47:00Z,2026-08-19T12:47:00+0200,e079ef81-c4ef-4643-8235-c8ef85358b45,2026-07-30T11:30:00Z,2026-07-30T13:30:00+0200,2316.0,MW,ES,ES,actual_onshore_wind_generation,Wind Onshore,2026-08-19T10:57:03Z
2026-08-19T10:47:00Z,2026-08-19T12:47:00+0200,e079ef81-c4ef-4643-8235-c8ef85358b45,2026-07-30T11:45:00Z,2026-07-30T13:45:00+0200,2404.0,MW,ES,ES,actual_onshore_wind_generation,Wind Onshore,2026-08-19T10:57:03Z
2026-08-19T10:47:00Z,2026-08-19T12:47:00+0200,e079ef81-c4ef-4643-8235-c8ef85358b45,2026-07-30T12:00:00Z,2026-07-30T14:00:00+0200,2564.0,MW,ES,ES,actual_onshore_wind_generation,Wind Onshore,2026-08-19T10:57:03Z
2026-08-19T10:47:00Z,2026-08-19T12:47:00+0200,e079ef81-c4ef-4643-8235-c8ef85358b45,2026-07-30T12:15:00Z,2026-07-30T14:15:00+0200,2720.0,MW,ES,ES,actual_onshore_wind_generation,Wind Onshore,2026-08-19T10:57:03Z
2026-08-19T10:47:00Z,2026-08-19T12:47:00+0200,e079ef81-c4ef-4643-8235-c8ef85358b45,2026-07-30T12:30:00Z,2026-07-30T14:30:00+0200,2916.0,MW,ES,ES,actual_onshore_wind_generation,Wind Onshore,2026-08-19T10:57:03Z
2026-08-19T10:47:00Z,2026-08-19T12:47:00+0200,e079ef81-c4ef-4643-8235-c8ef85358b45,2026-07-30T12:45:00Z,2026-07-30T14:45:00+0200,3120.0,MW,ES,ES,actual_onshore_wind_generation,Wind Onshore,2026-08-19T10:57:03Z
2026-08-19T10:47:00Z,2026-08-19T12:47:00+0200,e079ef81-c4ef-4643-8235-c8ef85358b45,2026-07-30T13:00:00Z,2026-07-30T15:00:00+0200,3312.0,MW,ES,ES,actual_onshore_wind_generation,Wind Onshore,2026-08-19T10:57:03Z
2026-08-19T10:47:00Z,2026-08-19T12:47:00+0200,e079ef81-c4ef-4643-8235-c8ef85358b45,2026-07-30T13:15:00Z,2026-07-30T15:15:00+0200,3580.0,MW,ES,ES,actual_onshore_wind_generation,Wind Onshore,2026-08-19T10:57:03Z
2026-08-19T10:47:00Z,2026-08-19T12:47:00+0200,e079ef81-c4ef-4643-8235-c8ef85358b45,2026-07-30T13:30:00Z,2026-07-30T15:30:00+0200,3816.0,MW,ES,ES,actual_onshore_wind_generation,Wind Onshore,2026-08-19T10:57:03Z
2026-08-19T10:47:00Z,2026-08-19T12:47:00+0200,e079ef81-c4ef-4643-8235-c8ef85358b45,2026-07-30T13:45:00Z,2026-07-30T15:45:00+0200,3952.0,MW,ES,ES,actual_onshore_wind_generation,Wind Onshore,2026-08-19T10:57:03Z
2026-08-19T10:47:00Z,2026-08-19T12:47:00+0200,e079ef81-c4ef-4643-8235-c8ef85358b45,2026-07-30T14:00:00Z,2026-07-30T16:00:00+0200,3996.0,MW,ES,ES,actual_onshore_wind_generation,Wind Onshore,2026-08-19T10:57:03Z
2026-08-19T10:47:00Z,2026-08-19T12:47:00+0200,e079ef81-c4ef-4643-8235-c8ef85358b45,2026-07-30T14:15:00Z,2026-07-30T16:15:00+0200,4060.0,MW,ES,ES,actual_onshore_wind_generation,Wind Onshore,2026-08-19T10:57:03Z
2026-08-19T10:47:00Z,2026-08-19T12:47:00+0200,e079ef81-c4ef-4643-8235-c8ef85358b45,2026-07-30T14:30:00Z,2026-07-30T16:30:00+0200,4284.0,MW,ES,ES,actual_onshore_wind_generation,Wind Onshore,2026-08-19T10:57:03Z
2026-08-19T10:47:00Z,2026-08-19T12:47:00+0200,e079ef81-c4ef-4643-8235-c8ef85358b45,2026-07-30T14:45:00Z,2026-07-30T16:45:00+0200,4440.0,MW,ES,ES,actual_onshore_wind_generation,Wind Onshore,2026-08-19T10:57:03Z
2026-08-19T10:47:00Z,2026-08-19T12:47:00+0200,e079ef81-c4ef-4643-8235-c8ef85358b45,2026-07-30T15:00:00Z,2026-07-30T17:00:00+0200,4584.0,MW,ES,ES,actual_onshore_wind_generation,Wind Onshore,2026-08-19T10:57:03Z
2026-08-19T10:47:00Z,2026-08-19T12:47:00+0200,e079ef81-c4ef-4643-8235-c8ef85358b45,2026-07-30T15:15:00Z,2026-07-30T17:15:00+0200,4652.0,MW,ES,ES,actual_onshore_wind_generation,Wind Onshore,2026-08-19T10:57:03Z
2026-08-19T10:47:00Z,2026-08-19T12:47:00+0200,e079ef81-c4ef-4643-8235-c8ef85358b45,2026-07-30T15:30:00Z,2026-07-30T17:30:00+0200,4756.0,MW,ES,ES,actual_onshore_wind_generation,Wind Onshore,2026-08-19T10:57:03Z
2026-08-19T10:47:00Z,2026-08-19T12:47:00+0200,e079ef81-c4ef-4643-8235-c8ef85358b45,2026-07-30T15:45:00Z,2026-07-30T17:45:00+0200,4800.0,MW,ES,ES,actual_onshore_wind_generation,Wind Onshore,2026-08-19T10:57:03Z
2026-08-19T10:47:00Z,2026-08-19T12:47:00+0200,e079ef81-c4ef-4643-8235-c8ef85358b45,2026-07-30T16:00:00Z,2026-07-30T18:00:00+0200,4968.0,MW,ES,ES,actual_onshore_wind_generation,Wind Onshore,2026-08-19T10:57:03Z
2026-08-19T10:47:00Z,2026-08-19T12:47:00+0200,e079ef81-c4ef-4643-8235-c8ef85358b45,2026-07-30T16:15:00Z,2026-07-30T18:15:00+0200,5052.0,MW,ES,ES,actual_onshore_wind_generation,Wind Onshore,2026-08-19T10:57:03Z
2026-08-19T10:47:00Z,2026-08-19T12:47:00+0200,e079ef81-c4ef-4643-8235-c8ef85358b45,2026-07-30T16:30:00Z,2026-07-30T18:30:00+0200,5136.0,MW,ES,ES,actual_onshore_wind_generation,Wind Onshore,2026-08-19T10:57:03Z
2026-08-19T10:47:00Z,2026-08-19T12:47:00+0200,e079ef81-c4ef-4643-8235-c8ef85358b45,2026-07-30T16:45:00Z,2026-07-30T18:45:00+0200,5208.0,MW,ES,ES,actual_onshore_wind_generation,Wind Onshore,2026-08-19T10:57:03Z
2026-08-19T10:47:00Z,2026-08-19T12:47:00+0200,e079ef81-c4ef-4643-8235-c8ef85358b45,2026-07-30T17:00:00Z,2026-07-30T19:00:00+0200,5176.0,MW,ES,ES,actual_onshore_wind_generation,Wind Onshore,2026-08-19T10:57:03Z
2026-08-19T10:47:00Z,2026-08-19T12:47:00+0200,e079ef81-c4ef-4643-8235-c8ef85358b45,2026-07-30T17:15:00Z,2026-07-30T19:15:00+0200,5416.0,MW,ES,ES,actual_onshore_wind_generation,Wind Onshore,2026-08-19T10:57:03Z
2026-08-19T10:47:00Z,2026-08-19T12:47:00+0200,e079ef81-c4ef-4643-8235-c8ef85358b45,2026-07-30T17:30:00Z,2026-07-30T19:30:00+0200,5492.0,MW,ES,ES,actual_onshore_wind_generation,Wind Onshore,2026-08-19T10:57:03Z
2026-08-19T10:47:00Z,2026-08-19T12:47:00+0200,e079ef81-c4ef-4643-8235-c8ef85358b45,2026-07-30T17:45:00Z,2026-07-30T19:45:00+0200,5584.0,MW,ES,ES,actual_onshore_wind_generation,Wind Onshore,2026-08-19T10:57:03Z
2026-08-19T10:47:00Z,2026-08-19T12:47:00+0200,e079ef81-c4ef-4643-8235-c8ef85358b45,2026-07-30T18:00:00Z,2026-07-30T20:00:00+0200,5896.0,MW,ES,ES,actual_onshore_wind_generation,Wind Onshore,2026-08-19T10:57:03Z
2026-08-19T10:47:00Z,2026-08-19T12:47:00+0200,e079ef81-c4ef-4643-8235-c8ef85358b45,2026-07-30T18:15:00Z,2026-07-30T20:15:00+0200,6004.0,MW,ES,ES,actual_onshore_wind_generation,Wind Onshore,2026-08-19T10:57:03Z
2026-08-19T10:47:00Z,2026-08-19T12:47:00+0200,e079ef81-c4ef-4643-8235-c8ef85358b45,2026-07-30T18:30:00Z,2026-07-30T20:30:00+0200,5864.0,MW,ES,ES,actual_onshore_wind_generation,Wind Onshore,2026-08-19T10:57:03Z
2026-08-19T10:47:00Z,2026-08-19T12:47:00+0200,e079ef81-c4ef-4643-8235-c8ef85358b45,2026-07-30T18:45:00Z,2026-07-30T20:45:00+0200,5652.0,MW,ES,ES,actual_onshore_wind_generation,Wind Onshore,2026-08-19T10:57:03Z
2026-08-19T10:47:00Z,2026-08-19T12:47:00+0200,e079ef81-c4ef-4643-8235-c8ef85358b45,2026-07-30T19:00:00Z,2026-07-30T21:00:00+0200,5636.0,MW,ES,ES,actual_onshore_wind_generation,Wind Onshore,2026-08-19T10:57:03Z
2026-08-19T10:47:00Z,2026-08-19T12:47:00+0200,e079ef81-c4ef-4643-8235-c8ef85358b45,2026-07-30T19:15:00Z,2026-07-30T21:15:00+0200,5668.0,MW,ES,ES,actual_onshore_wind_generation,Wind Onshore,2026-08-19T10:57:03Z
2026-08-19T10:47:00Z,2026-08-19T12:47:00+0200,e079ef81-c4ef-4643-8235-c8ef85358b45,2026-07-30T19:30:00Z,2026-07-30T21:30:00+0200,5736.0,MW,ES,ES,actual_onshore_wind_generation,Wind Onshore,2026-08-19T10:57:03Z
2026-08-19T10:47:00Z,2026-08-19T12:47:00+0200,e079ef81-c4ef-4643-8235-c8ef85358b45,2026-07-30T19:45:00Z,2026-07-30T21:45:00+0200,5920.0,MW,ES,ES,actual_onshore_wind_generation,Wind Onshore,2026-08-19T10:57:03Z
2026-08-19T10:47:00Z,2026-08-19T12:47:00+0200,e079ef81-c4ef-4643-8235-c8ef85358b45,2026-07-30T20:00:00Z,2026-07-30T22:00:00+0200,6084.0,MW,ES,ES,actual_onshore_wind_generation,Wind Onshore,2026-08-19T10:57:03Z
2026-08-19T10:47:00Z,2026-08-19T12:47:00+0200,e079ef81-c4ef-4643-8235-c8ef85358b45,2026-07-30T20:15:00Z,2026-07-30T22:15:00+0200,6136.0,MW,ES,ES,actual_onshore_wind_generation,Wind Onshore,2026-08-19T10:57:03Z
2026-08-19T10:47:00Z,2026-08-19T12:47:00+0200,e079ef81-c4ef-4643-8235-c8ef85358b45,2026-07-30T20:30:00Z,2026-07-30T22:30:00+0200,6064.0,MW,ES,ES,actual_onshore_wind_generation,Wind Onshore,2026-08-19T10:57:03Z
2026-08-19T10:47:00Z,2026-08-19T12:47:00+0200,e079ef81-c4ef-4643-8235-c8ef85358b45,2026-07-30T20:45:00Z,2026-07-30T22:45:00+0200,5928.0,MW,ES,ES,actual_onshore_wind_generation,Wind Onshore,2026-08-19T10:57:03Z
2026-08-19T10:47:00Z,2026-08-19T12:47:00+0200,e079ef81-c4ef-4643-8235-c8ef85358b45,2026-07-30T21:00:00Z,2026-07-30T23:00:00+0200,5776.0,MW,ES,ES,actual_onshore_wind_generation,Wind Onshore,2026-08-19T10:57:03Z
2026-08-19T10:47:00Z,2026-08-19T12:47:00+0200,e079ef81-c4ef-4643-8235-c8ef85358b45,2026-07-30T21:15:00Z,2026-07-30T23:15:00+0200,5564.0,MW,ES,ES,actual_onshore_wind_generation,Wind Onshore,2026-08-19T10:57:03Z
2026-08-19T10:47:00Z,2026-08-19T12:47:00+0200,e079ef81-c4ef-4643-8235-c8ef85358b45,2026-07-30T21:30:00Z,2026-07-30T23:30:00+0200,5412.0,MW,ES,ES,actual_onshore_wind_generation,Wind Onshore,2026-08-19T10:57:03Z
2026-08-19T10:47:00Z,2026-08-19T12:47:00+0200,e079ef81-c4ef-4643-8235-c8ef85358b45,2026-07-30T21:45:00Z,2026-07-30T23:45:00+0200,5464.0,MW,ES,ES,actual_onshore_wind_generation,Wind Onshore,2026-08-19T10:57:03Z
2026-08-19T10:47:00Z,2026-08-19T12:47:00+0200,e079ef81-c4ef-4643-8235-c8ef85358b45,2026-07-30T22:00:00Z,2026-07-31T00:00:00+0200,5556.0,MW,ES,ES,actual_onshore_wind_generation,Wind Onshore,2026-08-19T10:57:03Z
2026-08-19T10:47:00Z,2026-08-19T12:47:00+0200,e079ef81-c4ef-4643-8235-c8ef85358b45,2026-07-30T22:15:00Z,2026-07-31T00:15:00+0200,5588.0,MW,ES,ES,actual_onshore_wind_generation,Wind Onshore,2026-08-19T10:57:03Z
2026-08-19T10:47:00Z,2026-08-19T12:47:00+0200,e079ef81-c4ef-4643-8235-c8ef85358b45,2026-07-30T22:30:00Z,2026-07-31T00:30:00+0200,5576.0,MW,ES,ES,actual_onshore_wind_generation,Wind Onshore,2026-08-19T10:57:03Z
2026-08-19T10:47:00Z,2026-08-19T12:47:00+0200,e079ef81-c4ef-4643-8235-c8ef85358b45,2026-07-30T22:45:00Z,2026-07-31T00:45:00+0200,5472.0,MW,ES,ES,actual_onshore_wind_generation,Wind Onshore,2026-08-19T10:57:03Z
2026-08-19T10:47:00Z,2026-08-19T12:47:00+0200,e079ef81-c4ef-4643-8235-c8ef85358b45,2026-07-30T23:00:00Z,2026-07-31T01:00:00+0200,5348.0,MW,ES,ES,actual_onshore_wind_generation,Wind Onshore,2026-08-19T10:57:03Z
2026-08-19T10:47:00Z,2026-08-19T12:47:00+0200,e079ef81-c4ef-4643-8235-c8ef85358b45,2026-07-30T23:15:00Z,2026-07-31T01:15:00+0200,5284.0,MW,ES,ES,actual_onshore_wind_generation,Wind Onshore,2026-08-19T10:57:03Z
2026-08-19T10:47:00Z,2026-08-19T12:47:00+0200,e079ef81-c4ef-4643-8235-c8ef85358b45,2026-07-30T23:30:00Z,2026-07-31T01:30:00+0200,5356.0,MW,ES,ES,actual_onshore_wind_generation,Wind Onshore,2026-08-19T10:57:03Z
2026-08-19T10:47:00Z,2026-08-19T12:47:00+0200,e079ef81-c4ef-4643-8235-c8ef85358b45,2026-07-30T23:45:00Z,2026-07-31T01:45:00+0200,5444.0,MW,ES,ES,actual_onshore_wind_generation,Wind Onshore,2026-08-19T10:57:03Z
2026-08-19T10:47:00Z,2026-08-19T12:47:00+0200,e079ef81-c4ef-4643-8235-c8ef85358b45,2026-07-31T00:00:00Z,2026-07-31T02:00:00+0200,5452.0,MW,ES,ES,actual_onshore_wind_generation,Wind Onshore,2026-08-19T10:57:03Z
2026-08-19T10:47:00Z,2026-08-19T12:47:00+0200,e079ef81-c4ef-4643-8235-c8ef85358b45,2026-07-31T00:15:00Z,2026-07-31T02:15:00+0200,5392.0,MW,ES,ES,actual_onshore_wind_generation,Wind Onshore,2026-08-19T10:57:03Z
2026-08-19T10:47:00Z,2026-08-19T12:47:00+0200,e079ef81-c4ef-4643-8235-c8ef85358b45,2026-07-31T00:30:00Z,2026-07-31T02:30:00+0200,5360.0,MW,ES,ES,actual_onshore_wind_generation,Wind Onshore,2026-08-19T10:57:03Z
2026-08-19T10:47:00Z,2026-08-19T12:47:00+0200,e079ef81-c4ef-4643-8235-c8ef85358b45,2026-07-31T00:45:00Z,2026-07-31T02:45:00+0200,5132.0,MW,ES,ES,actual_onshore_wind_generation,Wind Onshore,2026-08-19T10:57:03Z
2026-08-19T10:47:00Z,2026-08-19T12:47:00+0200,e079ef81-c4ef-4643-8235-c8ef85358b45,2026-07-31T01:00:00Z,2026-07-31T03:00:00+0200,5028.0,MW,ES,ES,actual_onshore_wind_generation,Wind Onshore,2026-08-19T10:57:03Z
2026-08-19T10:47:00Z,2026-08-19T12:47:00+0200,e079ef81-c4ef-4643-8235-c8ef85358b45,2026-07-31T01:15:00Z,2026-07-31T03:15:00+0200,4896.0,MW,ES,ES,actual_onshore_wind_generation,Wind Onshore,2026-08-19T10:57:03Z
2026-08-19T10:47:00Z,2026-08-19T12:47:00+0200,e079ef81-c4ef-4643-8235-c8ef85358b45,2026-07-31T01:30:00Z,2026-07-31T03:30:00+0200,4920.0,MW,ES,ES,actual_onshore_wind_generation,Wind Onshore,2026-08-19T10:57:03Z
2026-08-19T10:47:00Z,2026-08-19T12:47:00+0200,e079ef81-c4ef-4643-8235-c8ef85358b45,2026-07-31T01:45:00Z,2026-07-31T03:45:00+0200,4804.0,MW,ES,ES,actual_onshore_wind_generation,Wind Onshore,2026-08-19T10:57:03Z
2026-08-19T10:47:00Z,2026-08-19T12:47:00+0200,e079ef81-c4ef-4643-8235-c8ef85358b45,2026-07-31T02:00:00Z,2026-07-31T04:00:00+0200,4664.0,MW,ES,ES,actual_onshore_wind_generation,Wind Onshore,2026-08-19T10:57:03Z
2026-08-19T10:47:00Z,2026-08-19T12:47:00+0200,e079ef81-c4ef-4643-8235-c8ef85358b45,2026-07-31T02:15:00Z,2026-07-31T04:15:00+0200,4508.0,MW,ES,ES,actual_onshore_wind_generation,Wind Onshore,2026-08-19T10:57:03Z
2026-08-19T10:47:00Z,2026-08-19T12:47:00+0200,e079ef81-c4ef-4643-8235-c8ef85358b45,2026-07-31T02:30:00Z,2026-07-31T04:30:00+0200,4348.0,MW,ES,ES,actual_onshore_wind_generation,Wind Onshore,2026-08-19T10:57:03Z
2026-08-19T10:47:00Z,2026-08-19T12:47:00+0200,e079ef81-c4ef-4643-8235-c8ef85358b45,2026-07-31T02:45:00Z,2026-07-31T04:45:00+0200,4232.0,MW,ES,ES,actual_onshore_wind_generation,Wind Onshore,2026-08-19T10:57:03Z
2026-08-19T10:47:00Z,2026-08-19T12:47:00+0200,e079ef81-c4ef-4643-8235-c8ef85358b45,2026-07-31T03:00:00Z,2026-07-31T05:00:00+0200,4144.0,MW,ES,ES,actual_onshore_wind_generation,Wind Onshore,2026-08-19T10:57:03Z
2026-08-19T10:47:00Z,2026-08-19T12:47:00+0200,e079ef81-c4ef-4643-8235-c8ef85358b45,2026-07-31T03:15:00Z,2026-07-31T05:15:00+0200,4112.0,MW,ES,ES,actual_onshore_wind_generation,Wind Onshore,2026-08-19T10:57:03Z
2026-08-19T10:47:00Z,2026-08-19T12:47:00+0200,e079ef81-c4ef-4643-8235-c8ef85358b45,2026-07-31T03:30:00Z,2026-07-31T05:30:00+0200,4092.0,MW,ES,ES,actual_onshore_wind_generation,Wind Onshore,2026-08-19T10:57:03Z
2026-08-19T10:47:00Z,2026-08-19T12:47:00+0200,e079ef81-c4ef-4643-8235-c8ef85358b45,2026-07-31T03:45:00Z,2026-07-31T05:45:00+0200,3888.0,MW,ES,ES,actual_onshore_wind_generation,Wind Onshore,2026-08-19T10:57:03Z
2026-08-19T10:47:00Z,2026-08-19T12:47:00+0200,e079ef81-c4ef-4643-8235-c8ef85358b45,2026-07-31T04:00:00Z,2026-07-31T06:00:00+0200,3808.0,MW,ES,ES,actual_onshore_wind_generation,Wind Onshore,2026-08-19T10:57:03Z
2026-08-19T10:47:00Z,2026-08-19T12:47:00+0200,e079ef81-c4ef-4643-8235-c8ef85358b45,2026-07-31T04:15:00Z,2026-07-31T06:15:00+0200,3700.0,MW,ES,ES,actual_onshore_wind_generation,Wind Onshore,2026-08-19T10:57:03Z
2026-08-19T10:47:00Z,2026-08-19T12:47:00+0200,e079ef81-c4ef-4643-8235-c8ef85358b45,2026-07-31T04:30:00Z,2026-07-31T06:30:00+0200,3804.0,MW,ES,ES,actual_onshore_wind_generation,Wind Onshore,2026-08-19T10:57:03Z
2026-08-19T10:47:00Z,2026-08-19T12:47:00+0200,e079ef81-c4ef-4643-8235-c8ef85358b45,2026-07-31T04:45:00Z,2026-07-31T06:45:00+0200,3776.0,MW,ES,ES,actual_onshore_wind_generation,Wind Onshore,2026-08-19T10:57:03Z
2026-08-19T10:47:00Z,2026-08-19T12:47:00+0200,e079ef81-c4ef-4643-8235-c8ef85358b45,2026-07-31T05:00:00Z,2026-07-31T07:00:00+0200,3612.0,MW,ES,ES,actual_onshore_wind_generation,Wind Onshore,2026-08-19T10:57:03Z
2026-08-19T10:47:00Z,2026-08-19T12:47:00+0200,e079ef81-c4ef-4643-8235-c8ef85358b45,2026-07-31T05:15:00Z,2026-07-31T07:15:00+0200,3460.0,MW,ES,ES,actual_onshore_wind_generation,Wind Onshore,2026-08-19T10:57:03Z
2026-08-19T10:47:00Z,2026-08-19T12:47:00+0200,e079ef81-c4ef-4643-8235-c8ef85358b45,2026-07-31T05:30:00Z,2026-07-31T07:30:00+0200,3368.0,MW,ES,ES,actual_onshore_wind_generation,Wind Onshore,2026-08-19T10:57:03Z
2026-08-19T10:47:00Z,2026-08-19T12:47:00+0200,e079ef81-c4ef-4643-8235-c8ef85358b45,2026-07-31T05:45:00Z,2026-07-31T07:45:00+0200,3300.0,MW,ES,ES,actual_onshore_wind_generation,Wind Onshore,2026-08-19T10:57:03Z
2026-08-19T10:47:00Z,2026-08-19T12:47:00+0200,e079ef81-c4ef-4643-8235-c8ef85358b45,2026-07-31T06:00:00Z,2026-07-31T08:00:00+0200,3032.0,MW,ES,ES,actual_onshore_wind_generation,Wind Onshore,2026-08-19T10:57:03Z
2026-08-19T10:47:00Z,2026-08-19T12:47:00+0200,e079ef81-c4ef-4643-8235-c8ef85358b45,2026-07-31T06:15:00Z,2026-07-31T08:15:00+0200,2864.0,MW,ES,ES,actual_onshore_wind_generation,Wind Onshore,2026-08-19T10:57:03Z
2026-08-19T10:47:00Z,2026-08-19T12:47:00+0200,e079ef81-c4ef-4643-8235-c8ef85358b45,2026-07-31T06:30:00Z,2026-07-31T08:30:00+0200,2756.0,MW,ES,ES,actual_onshore_wind_generation,Wind Onshore,2026-08-19T10:57:03Z
2026-08-19T10:47:00Z,2026-08-19T12:47:00+0200,e079ef81-c4ef-4643-8235-c8ef85358b45,2026-07-31T06:45:00Z,2026-07-31T08:45:00+0200,2560.0,MW,ES,ES,actual_onshore_wind_generation,Wind Onshore,2026-08-19T10:57:03Z
2026-08-19T10:47:00Z,2026-08-19T12:47:00+0200,e079ef81-c4ef-4643-8235-c8ef85358b45,2026-07-31T07:00:00Z,2026-07-31T09:00:00+0200,2384.0,MW,ES,ES,actual_onshore_wind_generation,Wind Onshore,2026-08-19T10:57:03Z
2026-08-19T10:47:00Z,2026-08-19T12:47:00+0200,e079ef81-c4ef-4643-8235-c8ef85358b45,2026-07-31T07:15:00Z,2026-07-31T09:15:00+0200,2288.0,MW,ES,ES,actual_onshore_wind_generation,Wind Onshore,2026-08-19T10:57:03Z
2026-08-19T10:47:00Z,2026-08-19T12:47:00+0200,e079ef81-c4ef-4643-8235-c8ef85358b45,2026-07-31T07:30:00Z,2026-07-31T09:30:00+0200,2228.0,MW,ES,ES,actual_onshore_wind_generation,Wind Onshore,2026-08-19T10:57:03Z
2026-08-19T10:47:00Z,2026-08-19T12:47:00+0200,e079ef81-c4ef-4643-8235-c8ef85358b45,2026-07-31T07:45:00Z,2026-07-31T09:45:00+0200,1864.0,MW,ES,ES,actual_onshore_wind_generation,Wind Onshore,2026-08-19T10:57:03Z
2026-08-19T10:47:00Z,2026-08-19T12:47:00+0200,e079ef81-c4ef-4643-8235-c8ef85358b45,2026-07-31T08:00:00Z,2026-07-31T10:00:00+0200,1692.0,MW,ES,ES,actual_onshore_wind_generation,Wind Onshore,2026-08-19T10:57:03Z
2026-08-19T10:47:00Z,2026-08-19T12:47:00+0200,e079ef81-c4ef-4643-8235-c8ef85358b45,2026-07-31T08:15:00Z,2026-07-31T10:15:00+0200,1544.0,MW,ES,ES,actual_onshore_wind_generation,Wind Onshore,2026-08-19T10:57:03Z
2026-08-19T10:47:00Z,2026-08-19T12:47:00+0200,e079ef81-c4ef-4643-8235-c8ef85358b45,2026-07-31T08:30:00Z,2026-07-31T10:30:00+0200,1512.0,MW,ES,ES,actual_onshore_wind_generation,Wind Onshore,2026-08-19T10:57:03Z
2026-08-19T10:47:00Z,2026-08-19T12:47:00+0200,e079ef81-c4ef-4643-8235-c8ef85358b45,2026-07-31T08:45:00Z,2026-07-31T10:45:00+0200,1576.0,MW,ES,ES,actual_onshore_wind_generation,Wind Onshore,2026-08-19T10:57:03Z
2026-08-19T10:47:00Z,2026-08-19T12:47:00+0200,e079ef81-c4ef-4643-8235-c8ef85358b45,2026-07-31T09:00:00Z,2026-07-31T11:00:00+0200,1472.0,MW,ES,ES,actual_onshore_wind_generation,Wind Onshore,2026-08-19T10:57:03Z
2026-08-19T10:47:00Z,2026-08-19T12:47:00+0200,e079ef81-c4ef-4643-8235-c8ef85358b45,2026-07-31T09:15:00Z,2026-07-31T11:15:00+0200,1492.0,MW,ES,ES,actual_onshore_wind_generation,Wind Onshore,2026-08-19T10:57:03Z
2026-08-19T10:47:00Z,2026-08-19T12:47:00+0200,e079ef81-c4ef-4643-8235-c8ef85358b45,2026-07-31T09:30:00Z,2026-07-31T11:30:00+0200,1528.0,MW,ES,ES,actual_onshore_wind_generation,Wind Onshore,2026-08-19T10:57:03Z
2026-08-19T10:47:00Z,2026-08-19T12:47:00+0200,e079ef81-c4ef-4643-8235-c8ef85358b45,2026-07-31T09:45:00Z,2026-07-31T11:45:00+0200,1568.0,MW,ES,ES,actual_onshore_wind_generation,Wind Onshore,2026-08-19T10:57:03Z
2026-08-19T10:47:00Z,2026-08-19T12:47:00+0200,e079ef81-c4ef-4643-8235-c8ef85358b45,2026-07-31T10:00:00Z,2026-07-31T12:00:00+0200,1576.0,MW,ES,ES,actual_onshore_wind_generation,Wind Onshore,2026-08-19T10:57:03Z
2026-08-19T10:47:00Z,2026-08-19T12:47:00+0200,e079ef81-c4ef-4643-8235-c8ef85358b45,2026-07-31T10:15:00Z,2026-07-31T12:15:00+0200,1632.0,MW,ES,ES,actual_onshore_wind_generation,Wind Onshore,2026-08-19T10:57:03Z
2026-08-19T10:47:00Z,2026-08-19T12:47:00+0200,e079ef81-c4ef-4643-8235-c8ef85358b45,2026-07-31T10:30:00Z,2026-07-31T12:30:00+0200,1748.0,MW,ES,ES,actual_onshore_wind_generation,Wind Onshore,2026-08-19T10:57:03Z
2026-08-19T10:47:00Z,2026-08-19T12:47:00+0200,e079ef81-c4ef-4643-8235-c8ef85358b45,2026-07-31T10:45:00Z,2026-07-31T12:45:00+0200,1848.0,MW,ES,ES,actual_onshore_wind_generation,Wind Onshore,2026-08-19T10:57:03Z
2026-08-19T10:47:00Z,2026-08-19T12:47:00+0200,e079ef81-c4ef-4643-8235-c8ef85358b45,2026-07-31T11:00:00Z,2026-07-31T13:00:00+0200,1840.0,MW,ES,ES,actual_onshore_wind_generation,Wind Onshore,2026-08-19T10:57:03Z
2026-08-19T10:47:00Z,2026-08-19T12:47:00+0200,e079ef81-c4ef-4643-8235-c8ef85358b45,2026-07-31T11:15:00Z,2026-07-31T13:15:00+0200,1644.0,MW,ES,ES,actual_onshore_wind_generation,Wind Onshore,2026-08-19T10:57:03Z
2026-08-19T10:47:00Z,2026-08-19T12:47:00+0200,e079ef81-c4ef-4643-8235-c8ef85358b45,2026-07-31T11:30:00Z,2026-07-31T13:30:00+0200,1700.0,MW,ES,ES,actual_onshore_wind_generation,Wind Onshore,2026-08-19T10:57:03Z
2026-08-19T10:47:00Z,2026-08-19T12:47:00+0200,e079ef81-c4ef-4643-8235-c8ef85358b45,2026-07-31T11:45:00Z,2026-07-31T13:45:00+0200,1824.0,MW,ES,ES,actual_onshore_wind_generation,Wind Onshore,2026-08-19T10:57:03Z
2026-08-19T10:47:00Z,2026-08-19T12:47:00+0200,e079ef81-c4ef-4643-8235-c8ef85358b45,2026-07-31T12:00:00Z,2026-07-31T14:00:00+0200,2168.0,MW,ES,ES,actual_onshore_wind_generation,Wind Onshore,2026-08-19T10:57:03Z
2026-08-19T10:47:00Z,2026-08-19T12:47:00+0200,e079ef81-c4ef-4643-8235-c8ef85358b45,2026-07-31T12:15:00Z,2026-07-31T14:15:00+0200,2472.0,MW,ES,ES,actual_onshore_wind_generation,Wind Onshore,2026-08-19T10:57:03Z
2026-08-19T10:47:00Z,2026-08-19T12:47:00+0200,e079ef81-c4ef-4643-8235-c8ef85358b45,2026-07-31T12:30:00Z,2026-07-31T14:30:00+0200,2524.0,MW,ES,ES,actual_onshore_wind_generation,Wind Onshore,2026-08-19T10:57:03Z
2026-08-19T10:47:00Z,2026-08-19T12:47:00+0200,e079ef81-c4ef-4643-8235-c8ef85358b45,2026-07-31T12:45:00Z,2026-07-31T14:45:00+0200,2700.0,MW,ES,ES,actual_onshore_wind_generation,Wind Onshore,2026-08-19T10:57:03Z
2026-08-19T10:47:00Z,2026-08-19T12:47:00+0200,e079ef81-c4ef-4643-8235-c8ef85358b45,2026-07-31T13:00:00Z,2026-07-31T15:00:00+0200,2672.0,MW,ES,ES,actual_onshore_wind_generation,Wind Onshore,2026-08-19T10:57:03Z
2026-08-19T10:47:00Z,2026-08-19T12:47:00+0200,e079ef81-c4ef-4643-8235-c8ef85358b45,2026-07-31T13:15:00Z,2026-07-31T15:15:00+0200,2712.0,MW,ES,ES,actual_onshore_wind_generation,Wind Onshore,2026-08-19T10:57:03Z
2026-08-19T10:47:00Z,2026-08-19T12:47:00+0200,e079ef81-c4ef-4643-8235-c8ef85358b45,2026-07-31T13:30:00Z,2026-07-31T15:30:00+0200,2884.0,MW,ES,ES,actual_onshore_wind_generation,Wind Onshore,2026-08-19T10:57:03Z
2026-08-19T10:47:00Z,2026-08-19T12:47:00+0200,e079ef81-c4ef-4643-8235-c8ef85358b45,2026-07-31T13:45:00Z,2026-07-31T15:45:00+0200,3040.0,MW,ES,ES,actual_onshore_wind_generation,Wind Onshore,2026-08-19T10:57:03Z
2026-08-19T10:47:00Z,2026-08-19T12:47:00+0200,e079ef81-c4ef-4643-8235-c8ef85358b45,2026-07-31T14:00:00Z,2026-07-31T16:00:00+0200,3280.0,MW,ES,ES,actual_onshore_wind_generation,Wind Onshore,2026-08-19T10:57:03Z
2026-08-19T10:47:00Z,2026-08-19T12:47:00+0200,e079ef81-c4ef-4643-8235-c8ef85358b45,2026-07-31T14:15:00Z,2026-07-31T16:15:00+0200,3448.0,MW,ES,ES,actual_onshore_wind_generation,Wind Onshore,2026-08-19T10:57:03Z
2026-08-19T10:47:00Z,2026-08-19T12:47:00+0200,e079ef81-c4ef-4643-8235-c8ef85358b45,2026-07-31T14:30:00Z,2026-07-31T16:30:00+0200,3608.0,MW,ES,ES,actual_onshore_wind_generation,Wind Onshore,2026-08-19T10:57:03Z
2026-08-19T10:47:00Z,2026-08-19T12:47:00+0200,e079ef81-c4ef-4643-8235-c8ef85358b45,2026-07-31T14:45:00Z,2026-07-31T16:45:00+0200,3824.0,MW,ES,ES,actual_onshore_wind_generation,Wind Onshore,2026-08-19T10:57:03Z
2026-08-19T10:47:00Z,2026-08-19T12:47:00+0200,e079ef81-c4ef-4643-8235-c8ef85358b45,2026-07-31T15:00:00Z,2026-07-31T17:00:00+0200,4064.0,MW,ES,ES,actual_onshore_wind_generation,Wind Onshore,2026-08-19T10:57:03Z
2026-08-19T10:47:00Z,2026-08-19T12:47:00+0200,e079ef81-c4ef-4643-8235-c8ef85358b45,2026-07-31T15:15:00Z,2026-07-31T17:15:00+0200,4328.0,MW,ES,ES,actual_onshore_wind_generation,Wind Onshore,2026-08-19T10:57:03Z
2026-08-19T10:47:00Z,2026-08-19T12:47:00+0200,e079ef81-c4ef-4643-8235-c8ef85358b45,2026-07-31T15:30:00Z,2026-07-31T17:30:00+0200,4600.0,MW,ES,ES,actual_onshore_wind_generation,Wind Onshore,2026-08-19T10:57:03Z
2026-08-19T10:47:00Z,2026-08-19T12:47:00+0200,e079ef81-c4ef-4643-8235-c8ef85358b45,2026-07-31T15:45:00Z,2026-07-31T17:45:00+0200,4812.0,MW,ES,ES,actual_onshore_wind_generation,Wind Onshore,2026-08-19T10:57:03Z
2026-08-19T10:47:00Z,2026-08-19T12:47:00+0200,e079ef81-c4ef-4643-8235-c8ef85358b45,2026-07-31T16:00:00Z,2026-07-31T18:00:00+0200,5360.0,MW,ES,ES,actual_onshore_wind_generation,Wind Onshore,2026-08-19T10:57:03Z
2026-08-19T10:47:00Z,2026-08-19T12:47:00+0200,e079ef81-c4ef-4643-8235-c8ef85358b45,2026-07-31T16:15:00Z,2026-07-31T18:15:00+0200,5496.0,MW,ES,ES,actual_onshore_wind_generation,Wind Onshore,2026-08-19T10:57:03Z
2026-08-19T10:47:00Z,2026-08-19T12:47:00+0200,e079ef81-c4ef-4643-8235-c8ef85358b45,2026-07-31T16:30:00Z,2026-07-31T18:30:00+0200,5488.0,MW,ES,ES,actual_onshore_wind_generation,Wind Onshore,2026-08-19T10:57:03Z
2026-08-19T10:47:00Z,2026-08-19T12:47:00+0200,e079ef81-c4ef-4643-8235-c8ef85358b45,2026-07-31T16:45:00Z,2026-07-31T18:45:00+0200,5540.0,MW,ES,ES,actual_onshore_wind_generation,Wind Onshore,2026-08-19T10:57:03Z
2026-08-19T10:47:00Z,2026-08-19T12:47:00+0200,e079ef81-c4ef-4643-8235-c8ef85358b45,2026-07-31T17:00:00Z,2026-07-31T19:00:00+0200,5772.0,MW,ES,ES,actual_onshore_wind_generation,Wind Onshore,2026-08-19T10:57:03Z
2026-08-19T10:47:00Z,2026-08-19T12:47:00+0200,e079ef81-c4ef-4643-8235-c8ef85358b45,2026-07-31T17:15:00Z,2026-07-31T19:15:00+0200,6016.0,MW,ES,ES,actual_onshore_wind_generation,Wind Onshore,2026-08-19T10:57:03Z
2026-08-19T10:47:00Z,2026-08-19T12:47:00+0200,e079ef81-c4ef-4643-8235-c8ef85358b45,2026-07-31T17:30:00Z,2026-07-31T19:30:00+0200,6304.0,MW,ES,ES,actual_onshore_wind_generation,Wind Onshore,2026-08-19T10:57:03Z
2026-08-19T10:47:00Z,2026-08-19T12:47:00+0200,e079ef81-c4ef-4643-8235-c8ef85358b45,2026-07-31T17:45:00Z,2026-07-31T19:45:00+0200,6508.0,MW,ES,ES,actual_onshore_wind_generation,Wind Onshore,2026-08-19T10:57:03Z
2026-08-19T10:47:00Z,2026-08-19T12:47:00+0200,e079ef81-c4ef-4643-8235-c8ef85358b45,2026-07-31T18:00:00Z,2026-07-31T20:00:00+0200,6712.0,MW,ES,ES,actual_onshore_wind_generation,Wind Onshore,2026-08-19T10:57:03Z
2026-08-19T10:47:00Z,2026-08-19T12:47:00+0200,e079ef81-c4ef-4643-8235-c8ef85358b45,2026-07-31T18:15:00Z,2026-07-31T20:15:00+0200,6984.0,MW,ES,ES,actual_onshore_wind_generation,Wind Onshore,2026-08-19T10:57:03Z
2026-08-19T10:47:00Z,2026-08-19T12:47:00+0200,e079ef81-c4ef-4643-8235-c8ef85358b45,2026-07-31T18:30:00Z,2026-07-31T20:30:00+0200,7028.0,MW,ES,ES,actual_onshore_wind_generation,Wind Onshore,2026-08-19T10:57:03Z
2026-08-19T10:47:00Z,2026-08-19T12:47:00+0200,e079ef81-c4ef-4643-8235-c8ef85358b45,2026-07-31T18:45:00Z,2026-07-31T20:45:00+0200,6884.0,MW,ES,ES,actual_onshore_wind_generation,Wind Onshore,2026-08-19T10:57:03Z
2026-08-19T10:47:00Z,2026-08-19T12:47:00+0200,e079ef81-c4ef-4643-8235-c8ef85358b45,2026-07-31T19:00:00Z,2026-07-31T21:00:00+0200,6844.0,MW,ES,ES,actual_onshore_wind_generation,Wind Onshore,2026-08-19T10:57:03Z
2026-08-19T10:47:00Z,2026-08-19T12:47:00+0200,e079ef81-c4ef-4643-8235-c8ef85358b45,2026-07-31T19:15:00Z,2026-07-31T21:15:00+0200,6888.0,MW,ES,ES,actual_onshore_wind_generation,Wind Onshore,2026-08-19T10:57:03Z
2026-08-19T10:47:00Z,2026-08-19T12:47:00+0200,e079ef81-c4ef-4643-8235-c8ef85358b45,2026-07-31T19:30:00Z,2026-07-31T21:30:00+0200,7084.0,MW,ES,ES,actual_onshore_wind_generation,Wind Onshore,2026-08-19T10:57:03Z
2026-08-19T10:47:00Z,2026-08-19T12:47:00+0200,e079ef81-c4ef-4643-8235-c8ef85358b45,2026-07-31T19:45:00Z,2026-07-31T21:45:00+0200,7116.0,MW,ES,ES,actual_onshore_wind_generation,Wind Onshore,2026-08-19T10:57:03Z
2026-08-19T10:47:00Z,2026-08-19T12:47:00+0200,e079ef81-c4ef-4643-8235-c8ef85358b45,2026-07-31T20:00:00Z,2026-07-31T22:00:00+0200,7068.0,MW,ES,ES,actual_onshore_wind_generation,Wind Onshore,2026-08-19T10:57:03Z
2026-08-19T10:47:00Z,2026-08-19T12:47:00+0200,e079ef81-c4ef-4643-8235-c8ef85358b45,2026-07-31T20:15:00Z,2026-07-31T22:15:00+0200,7108.0,MW,ES,ES,actual_onshore_wind_generation,Wind Onshore,2026-08-19T10:57:03Z
2026-08-19T10:47:00Z,2026-08-19T12:47:00+0200,e079ef81-c4ef-4643-8235-c8ef85358b45,2026-07-31T20:30:00Z,2026-07-31T22:30:00+0200,7132.0,MW,ES,ES,actual_onshore_wind_generation,Wind Onshore,2026-08-19T10:57:03Z
2026-08-19T10:47:00Z,2026-08-19T12:47:00+0200,e079ef81-c4ef-4643-8235-c8ef85358b45,2026-07-31T20:45:00Z,2026-07-31T22:45:00+0200,7348.0,MW,ES,ES,actual_onshore_wind_generation,Wind Onshore,2026-08-19T10:57:03Z
2026-08-19T10:47:00Z,2026-08-19T12:47:00+0200,e079ef81-c4ef-4643-8235-c8ef85358b45,2026-07-31T21:00:00Z,2026-07-31T23:00:00+0200,7308.0,MW,ES,ES,actual_onshore_wind_generation,Wind Onshore,2026-08-19T10:57:03Z
2026-08-19T10:47:00Z,2026-08-19T12:47:00+0200,e079ef81-c4ef-4643-8235-c8ef85358b45,2026-07-31T21:15:00Z,2026-07-31T23:15:00+0200,7156.0,MW,ES,ES,actual_onshore_wind_generation,Wind Onshore,2026-08-19T10:57:03Z
2026-08-19T10:47:00Z,2026-08-19T12:47:00+0200,e079ef81-c4ef-4643-8235-c8ef85358b45,2026-07-31T21:30:00Z,2026-07-31T23:30:00+0200,7396.0,MW,ES,ES,actual_onshore_wind_generation,Wind Onshore,2026-08-19T10:57:03Z
2026-08-19T10:47:00Z,2026-08-19T12:47:00+0200,e079ef81-c4ef-4643-8235-c8ef85358b45,2026-07-31T21:45:00Z,2026-07-31T23:45:00+0200,7484.0,MW,ES,ES,actual_onshore_wind_generation,Wind Onshore,2026-08-19T10:57:03Z
2026-08-19T10:47:00Z,2026-08-19T12:47:00+0200,e079ef81-c4ef-4643-8235-c8ef85358b45,2026-07-31T22:00:00Z,2026-08-01T00:00:00+0200,7344.0,MW,ES,ES,actual_onshore_wind_generation,Wind Onshore,2026-08-19T10:57:03Z
2026-08-19T10:47:00Z,2026-08-19T12:47:00+0200,e079ef81-c4ef-4643-8235-c8ef85358b45,2026-07-31T22:15:00Z,2026-08-01T00:15:00+0200,7344.0,MW,ES,ES,actual_onshore_wind_generation,Wind Onshore,2026-08-19T10:57:03Z
2026-08-19T10:47:00Z,2026-08-19T12:47:00+0200,e079ef81-c4ef-4643-8235-c8ef85358b45,2026-07-31T22:30:00Z,2026-08-01T00:30:00+0200,7228.0,MW,ES,ES,actual_onshore_wind_generation,Wind Onshore,2026-08-19T10:57:03Z
2026-08-19T10:47:00Z,2026-08-19T12:47:00+0200,e079ef81-c4ef-4643-8235-c8ef85358b45,2026-07-31T22:45:00Z,2026-08-01T00:45:00+0200,7108.0,MW,ES,ES,actual_onshore_wind_generation,Wind Onshore,2026-08-19T10:57:03Z
2026-08-19T10:47:00Z,2026-08-19T12:47:00+0200,e079ef81-c4ef-4643-8235-c8ef85358b45,2026-07-31T23:00:00Z,2026-08-01T01:00:00+0200,7004.0,MW,ES,ES,actual_onshore_wind_generation,Wind Onshore,2026-08-19T10:57:03Z
2026-08-19T10:47:00Z,2026-08-19T12:47:00+0200,e079ef81-c4ef-4643-8235-c8ef85358b45,2026-07-31T23:15:00Z,2026-08-01T01:15:00+0200,6904.0,MW,ES,ES,actual_onshore_wind_generation,Wind Onshore,2026-08-19T10:57:03Z
2026-08-19T10:47:00Z,2026-08-19T12:47:00+0200,e079ef81-c4ef-4643-8235-c8ef85358b45,2026-07-31T23:30:00Z,2026-08-01T01:30:00+0200,6856.0,MW,ES,ES,actual_onshore_wind_generation,Wind Onshore,2026-08-19T10:57:03Z
2026-08-19T10:47:00Z,2026-08-19T12:47:00+0200,e079ef81-c4ef-4643-8235-c8ef85358b45,2026-07-31T23:45:00Z,2026-08-01T01:45:00+0200,6692.0,MW,ES,ES,actual_onshore_wind_generation,Wind Onshore,2026-08-19T10:57:03Z
2026-08-19T10:47:00Z,2026-08-19T12:47:00+0200,e079ef81-c4ef-4643-8235-c8ef85358b45,2026-08-01T00:00:00Z,2026-08-01T02:00:00+0200,6576.0,MW,ES,ES,actual_onshore_wind_generation,Wind Onshore,2026-08-19T10:57:03Z
2026-08-19T10:47:00Z,2026-08-19T12:47:00+0200,e079ef81-c4ef-4643-8235-c8ef85358b45,2026-08-01T00:15:00Z,2026-08-01T02:15:00+0200,6432.0,MW,ES,ES,actual_onshore_wind_generation,Wind Onshore,2026-08-19T10:57:03Z
2026-08-19T10:47:00Z,2026-08-19T12:47:00+0200,e079ef81-c4ef-4643-8235-c8ef85358b45,2026-08-01T00:30:00Z,2026-08-01T02:30:00+0200,6292.0,MW,ES,ES,actual_onshore_wind_generation,Wind Onshore,2026-08-19T10:57:03Z
2026-08-19T10:47:00Z,2026-08-19T12:47:00+0200,e079ef81-c4ef-4643-8235-c8ef85358b45,2026-08-01T00:45:00Z,2026-08-01T02:45:00+0200,6064.0,MW,ES,ES,actual_onshore_wind_generation,Wind Onshore,2026-08-19T10:57:03Z
2026-08-19T10:47:00Z,2026-08-19T12:47:00+0200,e079ef81-c4ef-4643-8235-c8ef85358b45,2026-08-01T01:00:00Z,2026-08-01T03:00:00+0200,5840.0,MW,ES,ES,actual_onshore_wind_generation,Wind Onshore,2026-08-19T10:57:03Z
2026-08-19T10:47:00Z,2026-08-19T12:47:00+0200,e079ef81-c4ef-4643-8235-c8ef85358b45,2026-08-01T01:15:00Z,2026-08-01T03:15:00+0200,5780.0,MW,ES,ES,actual_onshore_wind_generation,Wind Onshore,2026-08-19T10:57:03Z
2026-08-19T10:47:00Z,2026-08-19T12:47:00+0200,e079ef81-c4ef-4643-8235-c8ef85358b45,2026-08-01T01:30:00Z,2026-08-01T03:30:00+0200,5684.0,MW,ES,ES,actual_onshore_wind_generation,Wind Onshore,2026-08-19T10:57:03Z
2026-08-19T10:47:00Z,2026-08-19T12:47:00+0200,e079ef81-c4ef-4643-8235-c8ef85358b45,2026-08-01T01:45:00Z,2026-08-01T03:45:00+0200,5560.0,MW,ES,ES,actual_onshore_wind_generation,Wind Onshore,2026-08-19T10:57:03Z
2026-08-19T10:47:00Z,2026-08-19T12:47:00+0200,e079ef81-c4ef-4643-8235-c8ef85358b45,2026-08-01T02:00:00Z,2026-08-01T04:00:00+0200,5568.0,MW,ES,ES,actual_onshore_wind_generation,Wind Onshore,2026-08-19T10:57:03Z
2026-08-19T10:47:00Z,2026-08-19T12:47:00+0200,e079ef81-c4ef-4643-8235-c8ef85358b45,2026-08-01T02:15:00Z,2026-08-01T04:15:00+0200,5432.0,MW,ES,ES,actual_onshore_wind_generation,Wind Onshore,2026-08-19T10:57:03Z
2026-08-19T10:47:00Z,2026-08-19T12:47:00+0200,e079ef81-c4ef-4643-8235-c8ef85358b45,2026-08-01T02:30:00Z,2026-08-01T04:30:00+0200,5208.0,MW,ES,ES,actual_onshore_wind_generation,Wind Onshore,2026-08-19T10:57:03Z
2026-08-19T10:47:00Z,2026-08-19T12:47:00+0200,e079ef81-c4ef-4643-8235-c8ef85358b45,2026-08-01T02:45:00Z,2026-08-01T04:45:00+0200,5032.0,MW,ES,ES,actual_onshore_wind_generation,Wind Onshore,2026-08-19T10:57:03Z
2026-08-19T10:47:00Z,2026-08-19T12:47:00+0200,e079ef81-c4ef-4643-8235-c8ef85358b45,2026-08-01T03:00:00Z,2026-08-01T05:00:00+0200,4916.0,MW,ES,ES,actual_onshore_wind_generation,Wind Onshore,2026-08-19T10:57:03Z
2026-08-19T10:47:00Z,2026-08-19T12:47:00+0200,e079ef81-c4ef-4643-8235-c8ef85358b45,2026-08-01T03:15:00Z,2026-08-01T05:15:00+0200,4872.0,MW,ES,ES,actual_onshore_wind_generation,Wind Onshore,2026-08-19T10:57:03Z
2026-08-19T10:47:00Z,2026-08-19T12:47:00+0200,e079ef81-c4ef-4643-8235-c8ef85358b45,2026-08-01T03:30:00Z,2026-08-01T05:30:00+0200,4748.0,MW,ES,ES,actual_onshore_wind_generation,Wind Onshore,2026-08-19T10:57:03Z
2026-08-19T10:47:00Z,2026-08-19T12:47:00+0200,e079ef81-c4ef-4643-8235-c8ef85358b45,2026-08-01T03:45:00Z,2026-08-01T05:45:00+0200,4596.0,MW,ES,ES,actual_onshore_wind_generation,Wind Onshore,2026-08-19T10:57:03Z
2026-08-19T10:47:00Z,2026-08-19T12:47:00+0200,e079ef81-c4ef-4643-8235-c8ef85358b45,2026-08-01T04:00:00Z,2026-08-01T06:00:00+0200,4464.0,MW,ES,ES,actual_onshore_wind_generation,Wind Onshore,2026-08-19T10:57:03Z
2026-08-19T10:47:00Z,2026-08-19T12:47:00+0200,e079ef81-c4ef-4643-8235-c8ef85358b45,2026-08-01T04:15:00Z,2026-08-01T06:15:00+0200,4500.0,MW,ES,ES,actual_onshore_wind_generation,Wind Onshore,2026-08-19T10:57:03Z
2026-08-19T10:47:00Z,2026-08-19T12:47:00+0200,e079ef81-c4ef-4643-8235-c8ef85358b45,2026-08-01T04:30:00Z,2026-08-01T06:30:00+0200,4484.0,MW,ES,ES,actual_onshore_wind_generation,Wind Onshore,2026-08-19T10:57:03Z
2026-08-19T10:47:00Z,2026-08-19T12:47:00+0200,e079ef81-c4ef-4643-8235-c8ef85358b45,2026-08-01T04:45:00Z,2026-08-01T06:45:00+0200,4556.0,MW,ES,ES,actual_onshore_wind_generation,Wind Onshore,2026-08-19T10:57:03Z
2026-08-19T10:47:00Z,2026-08-19T12:47:00+0200,e079ef81-c4ef-4643-8235-c8ef85358b45,2026-08-01T05:00:00Z,2026-08-01T07:00:00+0200,4436.0,MW,ES,ES,actual_onshore_wind_generation,Wind Onshore,2026-08-19T10:57:03Z
2026-08-19T10:47:00Z,2026-08-19T12:47:00+0200,e079ef81-c4ef-4643-8235-c8ef85358b45,2026-08-01T05:15:00Z,2026-08-01T07:15:00+0200,4336.0,MW,ES,ES,actual_onshore_wind_generation,Wind Onshore,2026-08-19T10:57:03Z
2026-08-19T10:47:00Z,2026-08-19T12:47:00+0200,e079ef81-c4ef-4643-8235-c8ef85358b45,2026-08-01T05:30:00Z,2026-08-01T07:30:00+0200,4268.0,MW,ES,ES,actual_onshore_wind_generation,Wind Onshore,2026-08-19T10:57:03Z
2026-08-19T10:47:00Z,2026-08-19T12:47:00+0200,e079ef81-c4ef-4643-8235-c8ef85358b45,2026-08-01T05:45:00Z,2026-08-01T07:45:00+0200,4148.0,MW,ES,ES,actual_onshore_wind_generation,Wind Onshore,2026-08-19T10:57:03Z
2026-08-19T10:47:00Z,2026-08-19T12:47:00+0200,e079ef81-c4ef-4643-8235-c8ef85358b45,2026-08-01T06:00:00Z,2026-08-01T08:00:00+0200,3880.0,MW,ES,ES,actual_onshore_wind_generation,Wind Onshore,2026-08-19T10:57:03Z
2026-08-19T10:47:00Z,2026-08-19T12:47:00+0200,e079ef81-c4ef-4643-8235-c8ef85358b45,2026-08-01T06:15:00Z,2026-08-01T08:15:00+0200,3620.0,MW,ES,ES,actual_onshore_wind_generation,Wind Onshore,2026-08-19T10:57:03Z
2026-08-19T10:47:00Z,2026-08-19T12:47:00+0200,e079ef81-c4ef-4643-8235-c8ef85358b45,2026-08-01T06:30:00Z,2026-08-01T08:30:00+0200,3332.0,MW,ES,ES,actual_onshore_wind_generation,Wind Onshore,2026-08-19T10:57:03Z
2026-08-19T10:47:00Z,2026-08-19T12:47:00+0200,e079ef81-c4ef-4643-8235-c8ef85358b45,2026-08-01T06:45:00Z,2026-08-01T08:45:00+0200,3028.0,MW,ES,ES,actual_onshore_wind_generation,Wind Onshore,2026-08-19T10:57:03Z
2026-08-19T10:47:00Z,2026-08-19T12:47:00+0200,e079ef81-c4ef-4643-8235-c8ef85358b45,2026-08-01T07:00:00Z,2026-08-01T09:00:00+0200,2728.0,MW,ES,ES,actual_onshore_wind_generation,Wind Onshore,2026-08-19T10:57:03Z
2026-08-19T10:47:00Z,2026-08-19T12:47:00+0200,e079ef81-c4ef-4643-8235-c8ef85358b45,2026-08-01T07:15:00Z,2026-08-01T09:15:00+0200,2468.0,MW,ES,ES,actual_onshore_wind_generation,Wind Onshore,2026-08-19T10:57:03Z
2026-08-19T10:47:00Z,2026-08-19T12:47:00+0200,e079ef81-c4ef-4643-8235-c8ef85358b45,2026-08-01T07:30:00Z,2026-08-01T09:30:00+0200,2248.0,MW,ES,ES,actual_onshore_wind_generation,Wind Onshore,2026-08-19T10:57:03Z
2026-08-19T10:47:00Z,2026-08-19T12:47:00+0200,e079ef81-c4ef-4643-8235-c8ef85358b45,2026-08-01T07:45:00Z,2026-08-01T09:45:00+0200,2068.0,MW,ES,ES,actual_onshore_wind_generation,Wind Onshore,2026-08-19T10:57:03Z
2026-08-19T10:47:00Z,2026-08-19T12:47:00+0200,e079ef81-c4ef-4643-8235-c8ef85358b45,2026-08-01T08:00:00Z,2026-08-01T10:00:00+0200,1888.0,MW,ES,ES,actual_onshore_wind_generation,Wind Onshore,2026-08-19T10:57:03Z
2026-08-19T10:47:00Z,2026-08-19T12:47:00+0200,e079ef81-c4ef-4643-8235-c8ef85358b45,2026-08-01T08:15:00Z,2026-08-01T10:15:00+0200,1664.0,MW,ES,ES,actual_onshore_wind_generation,Wind Onshore,2026-08-19T10:57:03Z
2026-08-19T10:47:00Z,2026-08-19T12:47:00+0200,e079ef81-c4ef-4643-8235-c8ef85358b45,2026-08-01T08:30:00Z,2026-08-01T10:30:00+0200,1572.0,MW,ES,ES,actual_onshore_wind_generation,Wind Onshore,2026-08-19T10:57:03Z
2026-08-19T10:47:00Z,2026-08-19T12:47:00+0200,e079ef81-c4ef-4643-8235-c8ef85358b45,2026-08-01T08:45:00Z,2026-08-01T10:45:00+0200,1520.0,MW,ES,ES,actual_onshore_wind_generation,Wind Onshore,2026-08-19T10:57:03Z
2026-08-19T10:47:00Z,2026-08-19T12:47:00+0200,e079ef81-c4ef-4643-8235-c8ef85358b45,2026-08-01T09:00:00Z,2026-08-01T11:00:00+0200,1512.0,MW,ES,ES,actual_onshore_wind_generation,Wind Onshore,2026-08-19T10:57:03Z
2026-08-19T10:47:00Z,2026-08-19T12:47:00+0200,e079ef81-c4ef-4643-8235-c8ef85358b45,2026-08-01T09:15:00Z,2026-08-01T11:15:00+0200,1284.0,MW,ES,ES,actual_onshore_wind_generation,Wind Onshore,2026-08-19T10:57:03Z
2026-08-19T10:47:00Z,2026-08-19T12:47:00+0200,e079ef81-c4ef-4643-8235-c8ef85358b45,2026-08-01T09:30:00Z,2026-08-01T11:30:00+0200,1284.0,MW,ES,ES,actual_onshore_wind_generation,Wind Onshore,2026-08-19T10:57:03Z
2026-08-19T10:47:00Z,2026-08-19T12:47:00+0200,e079ef81-c4ef-4643-8235-c8ef85358b45,2026-08-01T09:45:00Z,2026-08-01T11:45:00+0200,1288.0,MW,ES,ES,actual_onshore_wind_generation,Wind Onshore,2026-08-19T10:57:03Z
2026-08-19T10:47:00Z,2026-08-19T12:47:00+0200,e079ef81-c4ef-4643-8235-c8ef85358b45,2026-08-01T10:00:00Z,2026-08-01T12:00:00+0200,1236.0,MW,ES,ES,actual_onshore_wind_generation,Wind Onshore,2026-08-19T10:57:03Z
2026-08-19T10:47:00Z,2026-08-19T12:47:00+0200,e079ef81-c4ef-4643-8235-c8ef85358b45,2026-08-01T10:15:00Z,2026-08-01T12:15:00+0200,1252.0,MW,ES,ES,actual_onshore_wind_generation,Wind Onshore,2026-08-19T10:57:03Z
2026-08-19T10:47:00Z,2026-08-19T12:47:00+0200,e079ef81-c4ef-4643-8235-c8ef85358b45,2026-08-01T10:30:00Z,2026-08-01T12:30:00+0200,1388.0,MW,ES,ES,actual_onshore_wind_generation,Wind Onshore,2026-08-19T10:57:03Z
2026-08-19T10:47:00Z,2026-08-19T12:47:00+0200,e079ef81-c4ef-4643-8235-c8ef85358b45,2026-08-01T10:45:00Z,2026-08-01T12:45:00+0200,1412.0,MW,ES,ES,actual_onshore_wind_generation,Wind Onshore,2026-08-19T10:57:03Z
2026-08-19T10:47:00Z,2026-08-19T12:47:00+0200,e079ef81-c4ef-4643-8235-c8ef85358b45,2026-08-01T11:00:00Z,2026-08-01T13:00:00+0200,1464.0,MW,ES,ES,actual_onshore_wind_generation,Wind Onshore,2026-08-19T10:57:03Z
2026-08-19T10:47:00Z,2026-08-19T12:47:00+0200,e079ef81-c4ef-4643-8235-c8ef85358b45,2026-08-01T11:15:00Z,2026-08-01T13:15:00+0200,1620.0,MW,ES,ES,actual_onshore_wind_generation,Wind Onshore,2026-08-19T10:57:03Z
2026-08-19T10:47:00Z,2026-08-19T12:47:00+0200,e079ef81-c4ef-4643-8235-c8ef85358b45,2026-08-01T11:30:00Z,2026-08-01T13:30:00+0200,1780.0,MW,ES,ES,actual_onshore_wind_generation,Wind Onshore,2026-08-19T10:57:03Z
2026-08-19T10:47:00Z,2026-08-19T12:47:00+0200,e079ef81-c4ef-4643-8235-c8ef85358b45,2026-08-01T11:45:00Z,2026-08-01T13:45:00+0200,1940.0,MW,ES,ES,actual_onshore_wind_generation,Wind Onshore,2026-08-19T10:57:03Z
2026-08-19T10:47:00Z,2026-08-19T12:47:00+0200,e079ef81-c4ef-4643-8235-c8ef85358b45,2026-08-01T12:00:00Z,2026-08-01T14:00:00+0200,2048.0,MW,ES,ES,actual_onshore_wind_generation,Wind Onshore,2026-08-19T10:57:03Z
2026-08-19T10:47:00Z,2026-08-19T12:47:00+0200,e079ef81-c4ef-4643-8235-c8ef85358b45,2026-08-01T12:15:00Z,2026-08-01T14:15:00+0200,2116.0,MW,ES,ES,actual_onshore_wind_generation,Wind Onshore,2026-08-19T10:57:03Z
2026-08-19T10:47:00Z,2026-08-19T12:47:00+0200,e079ef81-c4ef-4643-8235-c8ef85358b45,2026-08-01T12:30:00Z,2026-08-01T14:30:00+0200,2124.0,MW,ES,ES,actual_onshore_wind_generation,Wind Onshore,2026-08-19T10:57:03Z
2026-08-19T10:47:00Z,2026-08-19T12:47:00+0200,e079ef81-c4ef-4643-8235-c8ef85358b45,2026-08-01T12:45:00Z,2026-08-01T14:45:00+0200,2368.0,MW,ES,ES,actual_onshore_wind_generation,Wind Onshore,2026-08-19T10:57:03Z
2026-08-19T10:47:00Z,2026-08-19T12:47:00+0200,e079ef81-c4ef-4643-8235-c8ef85358b45,2026-08-01T13:00:00Z,2026-08-01T15:00:00+0200,2452.0,MW,ES,ES,actual_onshore_wind_generation,Wind Onshore,2026-08-19T10:57:03Z
2026-08-19T10:47:00Z,2026-08-19T12:47:00+0200,e079ef81-c4ef-4643-8235-c8ef85358b45,2026-08-01T13:15:00Z,2026-08-01T15:15:00+0200,2584.0,MW,ES,ES,actual_onshore_wind_generation,Wind Onshore,2026-08-19T10:57:03Z
2026-08-19T10:47:00Z,2026-08-19T12:47:00+0200,e079ef81-c4ef-4643-8235-c8ef85358b45,2026-08-01T13:30:00Z,2026-08-01T15:30:00+0200,2716.0,MW,ES,ES,actual_onshore_wind_generation,Wind Onshore,2026-08-19T10:57:03Z
2026-08-19T10:47:00Z,2026-08-19T12:47:00+0200,e079ef81-c4ef-4643-8235-c8ef85358b45,2026-08-01T13:45:00Z,2026-08-01T15:45:00+0200,2844.0,MW,ES,ES,actual_onshore_wind_generation,Wind Onshore,2026-08-19T10:57:03Z
2026-08-19T10:47:00Z,2026-08-19T12:47:00+0200,e079ef81-c4ef-4643-8235-c8ef85358b45,2026-08-01T14:00:00Z,2026-08-01T16:00:00+0200,2988.0,MW,ES,ES,actual_onshore_wind_generation,Wind Onshore,2026-08-19T10:57:03Z
2026-08-19T10:47:00Z,2026-08-19T12:47:00+0200,e079ef81-c4ef-4643-8235-c8ef85358b45,2026-08-01T14:15:00Z,2026-08-01T16:15:00+0200,3148.0,MW,ES,ES,actual_onshore_wind_generation,Wind Onshore,2026-08-19T10:57:03Z
2026-08-19T10:47:00Z,2026-08-19T12:47:00+0200,e079ef81-c4ef-4643-8235-c8ef85358b45,2026-08-01T14:30:00Z,2026-08-01T16:30:00+0200,3228.0,MW,ES,ES,actual_onshore_wind_generation,Wind Onshore,2026-08-19T10:57:03Z
2026-08-19T10:47:00Z,2026-08-19T12:47:00+0200,e079ef81-c4ef-4643-8235-c8ef85358b45,2026-08-01T14:45:00Z,2026-08-01T16:45:00+0200,3480.0,MW,ES,ES,actual_onshore_wind_generation,Wind Onshore,2026-08-19T10:57:03Z
2026-08-19T10:47:00Z,2026-08-19T12:47:00+0200,e079ef81-c4ef-4643-8235-c8ef85358b45,2026-08-01T15:00:00Z,2026-08-01T17:00:00+0200,3888.0,MW,ES,ES,actual_onshore_wind_generation,Wind Onshore,2026-08-19T10:57:03Z
2026-08-19T10:47:00Z,2026-08-19T12:47:00+0200,e079ef81-c4ef-4643-8235-c8ef85358b45,2026-08-01T15:15:00Z,2026-08-01T17:15:00+0200,4400.0,MW,ES,ES,actual_onshore_wind_generation,Wind Onshore,2026-08-19T10:57:03Z
2026-08-19T10:47:00Z,2026-08-19T12:47:00+0200,e079ef81-c4ef-4643-8235-c8ef85358b45,2026-08-01T15:30:00Z,2026-08-01T17:30:00+0200,4864.0,MW,ES,ES,actual_onshore_wind_generation,Wind Onshore,2026-08-19T10:57:03Z
2026-08-19T10:47:00Z,2026-08-19T12:47:00+0200,e079ef81-c4ef-4643-8235-c8ef85358b45,2026-08-01T15:45:00Z,2026-08-01T17:45:00+0200,4716.0,MW,ES,ES,actual_onshore_wind_generation,Wind Onshore,2026-08-19T10:57:03Z
2026-08-19T10:47:00Z,2026-08-19T12:47:00+0200,e079ef81-c4ef-4643-8235-c8ef85358b45,2026-08-01T16:00:00Z,2026-08-01T18:00:00+0200,4920.0,MW,ES,ES,actual_onshore_wind_generation,Wind Onshore,2026-08-19T10:57:03Z
2026-08-19T10:47:00Z,2026-08-19T12:47:00+0200,e079ef81-c4ef-4643-8235-c8ef85358b45,2026-08-01T16:15:00Z,2026-08-01T18:15:00+0200,4676.0,MW,ES,ES,actual_onshore_wind_generation,Wind Onshore,2026-08-19T10:57:03Z
2026-08-19T10:47:00Z,2026-08-19T12:47:00+0200,e079ef81-c4ef-4643-8235-c8ef85358b45,2026-08-01T16:30:00Z,2026-08-01T18:30:00+0200,4492.0,MW,ES,ES,actual_onshore_wind_generation,Wind Onshore,2026-08-19T10:57:03Z
2026-08-19T10:47:00Z,2026-08-19T12:47:00+0200,e079ef81-c4ef-4643-8235-c8ef85358b45,2026-08-01T16:45:00Z,2026-08-01T18:45:00+0200,4460.0,MW,ES,ES,actual_onshore_wind_generation,Wind Onshore,2026-08-19T10:57:03Z
2026-08-19T10:47:00Z,2026-08-19T12:47:00+0200,e079ef81-c4ef-4643-8235-c8ef85358b45,2026-08-01T17:00:00Z,2026-08-01T19:00:00+0200,4252.0,MW,ES,ES,actual_onshore_wind_generation,Wind Onshore,2026-08-19T10:57:03Z
2026-08-19T10:47:00Z,2026-08-19T12:47:00+0200,e079ef81-c4ef-4643-8235-c8ef85358b45,2026-08-01T17:15:00Z,2026-08-01T19:15:00+0200,4360.0,MW,ES,ES,actual_onshore_wind_generation,Wind Onshore,2026-08-19T10:57:03Z
2026-08-19T10:47:00Z,2026-08-19T12:47:00+0200,e079ef81-c4ef-4643-8235-c8ef85358b45,2026-08-01T17:30:00Z,2026-08-01T19:30:00+0200,4924.0,MW,ES,ES,actual_onshore_wind_generation,Wind Onshore,2026-08-19T10:57:03Z
2026-08-19T10:47:00Z,2026-08-19T12:47:00+0200,e079ef81-c4ef-4643-8235-c8ef85358b45,2026-08-01T17:45:00Z,2026-08-01T19:45:00+0200,5288.0,MW,ES,ES,actual_onshore_wind_generation,Wind Onshore,2026-08-19T10:57:03Z
2026-08-19T10:47:00Z,2026-08-19T12:47:00+0200,e079ef81-c4ef-4643-8235-c8ef85358b45,2026-08-01T18:00:00Z,2026-08-01T20:00:00+0200,5364.0,MW,ES,ES,actual_onshore_wind_generation,Wind Onshore,2026-08-19T10:57:03Z
2026-08-19T10:47:00Z,2026-08-19T12:47:00+0200,e079ef81-c4ef-4643-8235-c8ef85358b45,2026-08-01T18:15:00Z,2026-08-01T20:15:00+0200,5268.0,MW,ES,ES,actual_onshore_wind_generation,Wind Onshore,2026-08-19T10:57:03Z
2026-08-19T10:47:00Z,2026-08-19T12:47:00+0200,e079ef81-c4ef-4643-8235-c8ef85358b45,2026-08-01T18:30:00Z,2026-08-01T20:30:00+0200,5104.0,MW,ES,ES,actual_onshore_wind_generation,Wind Onshore,2026-08-19T10:57:03Z
2026-08-19T10:47:00Z,2026-08-19T12:47:00+0200,e079ef81-c4ef-4643-8235-c8ef85358b45,2026-08-01T18:45:00Z,2026-08-01T20:45:00+0200,4944.0,MW,ES,ES,actual_onshore_wind_generation,Wind Onshore,2026-08-19T10:57:03Z
2026-08-19T10:47:00Z,2026-08-19T12:47:00+0200,e079ef81-c4ef-4643-8235-c8ef85358b45,2026-08-01T19:00:00Z,2026-08-01T21:00:00+0200,4868.0,MW,ES,ES,actual_onshore_wind_generation,Wind Onshore,2026-08-19T10:57:03Z
2026-08-19T10:47:00Z,2026-08-19T12:47:00+0200,e079ef81-c4ef-4643-8235-c8ef85358b45,2026-08-01T19:15:00Z,2026-08-01T21:15:00+0200,4824.0,MW,ES,ES,actual_onshore_wind_generation,Wind Onshore,2026-08-19T10:57:03Z
2026-08-19T10:47:00Z,2026-08-19T12:47:00+0200,e079ef81-c4ef-4643-8235-c8ef85358b45,2026-08-01T19:30:00Z,2026-08-01T21:30:00+0200,4888.0,MW,ES,ES,actual_onshore_wind_generation,Wind Onshore,2026-08-19T10:57:03Z
2026-08-19T10:47:00Z,2026-08-19T12:47:00+0200,e079ef81-c4ef-4643-8235-c8ef85358b45,2026-08-01T19:45:00Z,2026-08-01T21:45:00+0200,4940.0,MW,ES,ES,actual_onshore_wind_generation,Wind Onshore,2026-08-19T10:57:03Z
2026-08-19T10:47:00Z,2026-08-19T12:47:00+0200,e079ef81-c4ef-4643-8235-c8ef85358b45,2026-08-01T20:00:00Z,2026-08-01T22:00:00+0200,4992.0,MW,ES,ES,actual_onshore_wind_generation,Wind Onshore,2026-08-19T10:57:03Z
2026-08-19T10:47:00Z,2026-08-19T12:47:00+0200,e079ef81-c4ef-4643-8235-c8ef85358b45,2026-08-01T20:15:00Z,2026-08-01T22:15:00+0200,4948.0,MW,ES,ES,actual_onshore_wind_generation,Wind Onshore,2026-08-19T10:57:03Z
2026-08-19T10:47:00Z,2026-08-19T12:47:00+0200,e079ef81-c4ef-4643-8235-c8ef85358b45,2026-08-01T20:30:00Z,2026-08-01T22:30:00+0200,4892.0,MW,ES,ES,actual_onshore_wind_generation,Wind Onshore,2026-08-19T10:57:03Z
2026-08-19T10:47:00Z,2026-08-19T12:47:00+0200,e079ef81-c4ef-4643-8235-c8ef85358b45,2026-08-01T20:45:00Z,2026-08-01T22:45:00+0200,4912.0,MW,ES,ES,actual_onshore_wind_generation,Wind Onshore,2026-08-19T10:57:03Z
2026-08-19T10:47:00Z,2026-08-19T12:47:00+0200,e079ef81-c4ef-4643-8235-c8ef85358b45,2026-08-01T21:00:00Z,2026-08-01T23:00:00+0200,4860.0,MW,ES,ES,actual_onshore_wind_generation,Wind Onshore,2026-08-19T10:57:03Z
2026-08-19T10:47:00Z,2026-08-19T12:47:00+0200,e079ef81-c4ef-4643-8235-c8ef85358b45,2026-08-01T21:15:00Z,2026-08-01T23:15:00+0200,4804.0,MW,ES,ES,actual_onshore_wind_generation,Wind Onshore,2026-08-19T10:57:03Z
2026-08-19T10:47:00Z,2026-08-19T12:47:00+0200,e079ef81-c4ef-4643-8235-c8ef85358b45,2026-08-01T21:30:00Z,2026-08-01T23:30:00+0200,4760.0,MW,ES,ES,actual_onshore_wind_generation,Wind Onshore,2026-08-19T10:57:03Z
2026-08-19T10:47:00Z,2026-08-19T12:47:00+0200,e079ef81-c4ef-4643-8235-c8ef85358b45,2026-08-01T21:45:00Z,2026-08-01T23:45:00+0200,4756.0,MW,ES,ES,actual_onshore_wind_generation,Wind Onshore,2026-08-19T10:57:03Z
2026-08-19T10:47:00Z,2026-08-19T12:47:00+0200,e079ef81-c4ef-4643-8235-c8ef85358b45,2026-08-01T22:00:00Z,2026-08-02T00:00:00+0200,4732.0,MW,ES,ES,actual_onshore_wind_generation,Wind Onshore,2026-08-19T10:57:03Z
2026-08-19T10:47:00Z,2026-08-19T12:47:00+0200,e079ef81-c4ef-4643-8235-c8ef85358b45,2026-08-01T22:15:00Z,2026-08-02T00:15:00+0200,4656.0,MW,ES,ES,actual_onshore_wind_generation,Wind Onshore,2026-08-19T10:57:03Z
2026-08-19T10:47:00Z,2026-08-19T12:47:00+0200,e079ef81-c4ef-4643-8235-c8ef85358b45,2026-08-01T22:30:00Z,2026-08-02T00:30:00+0200,4624.0,MW,ES,ES,actual_onshore_wind_generation,Wind Onshore,2026-08-19T10:57:03Z
2026-08-19T10:47:00Z,2026-08-19T12:47:00+0200,e079ef81-c4ef-4643-8235-c8ef85358b45,2026-08-01T22:45:00Z,2026-08-02T00:45:00+0200,4472.0,MW,ES,ES,actual_onshore_wind_generation,Wind Onshore,2026-08-19T10:57:03Z
2026-08-19T10:47:00Z,2026-08-19T12:47:00+0200,e079ef81-c4ef-4643-8235-c8ef85358b45,2026-08-01T23:00:00Z,2026-08-02T01:00:00+0200,4232.0,MW,ES,ES,actual_onshore_wind_generation,Wind Onshore,2026-08-19T10:57:03Z
2026-08-19T10:47:00Z,2026-08-19T12:47:00+0200,e079ef81-c4ef-4643-8235-c8ef85358b45,2026-08-01T23:15:00Z,2026-08-02T01:15:00+0200,4048.0,MW,ES,ES,actual_onshore_wind_generation,Wind Onshore,2026-08-19T10:57:03Z
2026-08-19T10:47:00Z,2026-08-19T12:47:00+0200,e079ef81-c4ef-4643-8235-c8ef85358b45,2026-08-01T23:30:00Z,2026-08-02T01:30:00+0200,3868.0,MW,ES,ES,actual_onshore_wind_generation,Wind Onshore,2026-08-19T10:57:03Z
2026-08-19T10:47:00Z,2026-08-19T12:47:00+0200,e079ef81-c4ef-4643-8235-c8ef85358b45,2026-08-01T23:45:00Z,2026-08-02T01:45:00+0200,3676.0,MW,ES,ES,actual_onshore_wind_generation,Wind Onshore,2026-08-19T10:57:03Z
2026-08-19T10:47:00Z,2026-08-19T12:47:00+0200,e079ef81-c4ef-4643-8235-c8ef85358b45,2026-08-02T00:00:00Z,2026-08-02T02:00:00+0200,3528.0,MW,ES,ES,actual_onshore_wind_generation,Wind Onshore,2026-08-19T10:57:03Z
2026-08-19T10:47:00Z,2026-08-19T12:47:00+0200,e079ef81-c4ef-4643-8235-c8ef85358b45,2026-08-02T00:15:00Z,2026-08-02T02:15:00+0200,3512.0,MW,ES,ES,actual_onshore_wind_generation,Wind Onshore,2026-08-19T10:57:03Z
2026-08-19T10:47:00Z,2026-08-19T12:47:00+0200,e079ef81-c4ef-4643-8235-c8ef85358b45,2026-08-02T00:30:00Z,2026-08-02T02:30:00+0200,3460.0,MW,ES,ES,actual_onshore_wind_generation,Wind Onshore,2026-08-19T10:57:03Z
2026-08-19T10:47:00Z,2026-08-19T12:47:00+0200,e079ef81-c4ef-4643-8235-c8ef85358b45,2026-08-02T00:45:00Z,2026-08-02T02:45:00+0200,3348.0,MW,ES,ES,actual_onshore_wind_generation,Wind Onshore,2026-08-19T10:57:03Z
2026-08-19T10:47:00Z,2026-08-19T12:47:00+0200,e079ef81-c4ef-4643-8235-c8ef85358b45,2026-08-02T01:00:00Z,2026-08-02T03:00:00+0200,3176.0,MW,ES,ES,actual_onshore_wind_generation,Wind Onshore,2026-08-19T10:57:03Z
2026-08-19T10:47:00Z,2026-08-19T12:47:00+0200,e079ef81-c4ef-4643-8235-c8ef85358b45,2026-08-02T01:15:00Z,2026-08-02T03:15:00+0200,3056.0,MW,ES,ES,actual_onshore_wind_generation,Wind Onshore,2026-08-19T10:57:03Z
2026-08-19T10:47:00Z,2026-08-19T12:47:00+0200,e079ef81-c4ef-4643-8235-c8ef85358b45,2026-08-02T01:30:00Z,2026-08-02T03:30:00+0200,2944.0,MW,ES,ES,actual_onshore_wind_generation,Wind Onshore,2026-08-19T10:57:03Z
2026-08-19T10:47:00Z,2026-08-19T12:47:00+0200,e079ef81-c4ef-4643-8235-c8ef85358b45,2026-08-02T01:45:00Z,2026-08-02T03:45:00+0200,2780.0,MW,ES,ES,actual_onshore_wind_generation,Wind Onshore,2026-08-19T10:57:03Z
2026-08-19T10:47:00Z,2026-08-19T12:47:00+0200,e079ef81-c4ef-4643-8235-c8ef85358b45,2026-08-02T02:00:00Z,2026-08-02T04:00:00+0200,2696.0,MW,ES,ES,actual_onshore_wind_generation,Wind Onshore,2026-08-19T10:57:03Z
2026-08-19T10:47:00Z,2026-08-19T12:47:00+0200,e079ef81-c4ef-4643-8235-c8ef85358b45,2026-08-02T02:15:00Z,2026-08-02T04:15:00+0200,2680.0,MW,ES,ES,actual_onshore_wind_generation,Wind Onshore,2026-08-19T10:57:03Z
2026-08-19T10:47:00Z,2026-08-19T12:47:00+0200,e079ef81-c4ef-4643-8235-c8ef85358b45,2026-08-02T02:30:00Z,2026-08-02T04:30:00+0200,2648.0,MW,ES,ES,actual_onshore_wind_generation,Wind Onshore,2026-08-19T10:57:03Z
2026-08-19T10:47:00Z,2026-08-19T12:47:00+0200,e079ef81-c4ef-4643-8235-c8ef85358b45,2026-08-02T02:45:00Z,2026-08-02T04:45:00+0200,2612.0,MW,ES,ES,actual_onshore_wind_generation,Wind Onshore,2026-08-19T10:57:03Z
2026-08-19T10:47:00Z,2026-08-19T12:47:00+0200,e079ef81-c4ef-4643-8235-c8ef85358b45,2026-08-02T03:00:00Z,2026-08-02T05:00:00+0200,2560.0,MW,ES,ES,actual_onshore_wind_generation,Wind Onshore,2026-08-19T10:57:03Z
2026-08-19T10:47:00Z,2026-08-19T12:47:00+0200,e079ef81-c4ef-4643-8235-c8ef85358b45,2026-08-02T03:15:00Z,2026-08-02T05:15:00+0200,2516.0,MW,ES,ES,actual_onshore_wind_generation,Wind Onshore,2026-08-19T10:57:03Z
2026-08-19T10:47:00Z,2026-08-19T12:47:00+0200,e079ef81-c4ef-4643-8235-c8ef85358b45,2026-08-02T03:30:00Z,2026-08-02T05:30:00+0200,2476.0,MW,ES,ES,actual_onshore_wind_generation,Wind Onshore,2026-08-19T10:57:03Z
2026-08-19T10:47:00Z,2026-08-19T12:47:00+0200,e079ef81-c4ef-4643-8235-c8ef85358b45,2026-08-02T03:45:00Z,2026-08-02T05:45:00+0200,2396.0,MW,ES,ES,actual_onshore_wind_generation,Wind Onshore,2026-08-19T10:57:03Z
2026-08-19T10:47:00Z,2026-08-19T12:47:00+0200,e079ef81-c4ef-4643-8235-c8ef85358b45,2026-08-02T04:00:00Z,2026-08-02T06:00:00+0200,2360.0,MW,ES,ES,actual_onshore_wind_generation,Wind Onshore,2026-08-19T10:57:03Z
2026-08-19T10:47:00Z,2026-08-19T12:47:00+0200,e079ef81-c4ef-4643-8235-c8ef85358b45,2026-08-02T04:15:00Z,2026-08-02T06:15:00+0200,2344.0,MW,ES,ES,actual_onshore_wind_generation,Wind Onshore,2026-08-19T10:57:03Z
2026-08-19T10:47:00Z,2026-08-19T12:47:00+0200,e079ef81-c4ef-4643-8235-c8ef85358b45,2026-08-02T04:30:00Z,2026-08-02T06:30:00+0200,2352.0,MW,ES,ES,actual_onshore_wind_generation,Wind Onshore,2026-08-19T10:57:03Z
2026-08-19T10:47:00Z,2026-08-19T12:47:00+0200,e079ef81-c4ef-4643-8235-c8ef85358b45,2026-08-02T04:45:00Z,2026-08-02T06:45:00+0200,2364.0,MW,ES,ES,actual_onshore_wind_generation,Wind Onshore,2026-08-19T10:57:03Z
2026-08-19T10:47:00Z,2026-08-19T12:47:00+0200,e079ef81-c4ef-4643-8235-c8ef85358b45,2026-08-02T05:00:00Z,2026-08-02T07:00:00+0200,2384.0,MW,ES,ES,actual_onshore_wind_generation,Wind Onshore,2026-08-19T10:57:03Z
2026-08-19T10:47:00Z,2026-08-19T12:47:00+0200,e079ef81-c4ef-4643-8235-c8ef85358b45,2026-08-02T05:15:00Z,2026-08-02T07:15:00+0200,2356.0,MW,ES,ES,actual_onshore_wind_generation,Wind Onshore,2026-08-19T10:57:03Z
2026-08-19T10:47:00Z,2026-08-19T12:47:00+0200,e079ef81-c4ef-4643-8235-c8ef85358b45,2026-08-02T05:30:00Z,2026-08-02T07:30:00+0200,2308.0,MW,ES,ES,actual_onshore_wind_generation,Wind Onshore,2026-08-19T10:57:03Z
2026-08-19T10:47:00Z,2026-08-19T12:47:00+0200,e079ef81-c4ef-4643-8235-c8ef85358b45,2026-08-02T05:45:00Z,2026-08-02T07:45:00+0200,2296.0,MW,ES,ES,actual_onshore_wind_generation,Wind Onshore,2026-08-19T10:57:03Z
2026-08-19T10:47:00Z,2026-08-19T12:47:00+0200,e079ef81-c4ef-4643-8235-c8ef85358b45,2026-08-02T06:00:00Z,2026-08-02T08:00:00+0200,2084.0,MW,ES,ES,actual_onshore_wind_generation,Wind Onshore,2026-08-19T10:57:03Z
2026-08-19T10:47:00Z,2026-08-19T12:47:00+0200,e079ef81-c4ef-4643-8235-c8ef85358b45,2026-08-02T06:15:00Z,2026-08-02T08:15:00+0200,1964.0,MW,ES,ES,actual_onshore_wind_generation,Wind Onshore,2026-08-19T10:57:03Z
2026-08-19T10:47:00Z,2026-08-19T12:47:00+0200,e079ef81-c4ef-4643-8235-c8ef85358b45,2026-08-02T06:30:00Z,2026-08-02T08:30:00+0200,1856.0,MW,ES,ES,actual_onshore_wind_generation,Wind Onshore,2026-08-19T10:57:03Z
2026-08-19T10:47:00Z,2026-08-19T12:47:00+0200,e079ef81-c4ef-4643-8235-c8ef85358b45,2026-08-02T06:45:00Z,2026-08-02T08:45:00+0200,1724.0,MW,ES,ES,actual_onshore_wind_generation,Wind Onshore,2026-08-19T10:57:03Z
2026-08-19T10:47:00Z,2026-08-19T12:47:00+0200,e079ef81-c4ef-4643-8235-c8ef85358b45,2026-08-02T07:00:00Z,2026-08-02T09:00:00+0200,1612.0,MW,ES,ES,actual_onshore_wind_generation,Wind Onshore,2026-08-19T10:57:03Z
2026-08-19T10:47:00Z,2026-08-19T12:47:00+0200,e079ef81-c4ef-4643-8235-c8ef85358b45,2026-08-02T07:15:00Z,2026-08-02T09:15:00+0200,1308.0,MW,ES,ES,actual_onshore_wind_generation,Wind Onshore,2026-08-19T10:57:03Z
2026-08-19T10:47:00Z,2026-08-19T12:47:00+0200,e079ef81-c4ef-4643-8235-c8ef85358b45,2026-08-02T07:30:00Z,2026-08-02T09:30:00+0200,1148.0,MW,ES,ES,actual_onshore_wind_generation,Wind Onshore,2026-08-19T10:57:03Z
2026-08-19T10:47:00Z,2026-08-19T12:47:00+0200,e079ef81-c4ef-4643-8235-c8ef85358b45,2026-08-02T07:45:00Z,2026-08-02T09:45:00+0200,1060.0,MW,ES,ES,actual_onshore_wind_generation,Wind Onshore,2026-08-19T10:57:03Z
2026-08-19T10:47:00Z,2026-08-19T12:47:00+0200,e079ef81-c4ef-4643-8235-c8ef85358b45,2026-08-02T08:00:00Z,2026-08-02T10:00:00+0200,1012.0,MW,ES,ES,actual_onshore_wind_generation,Wind Onshore,2026-08-19T10:57:03Z
2026-08-19T10:47:00Z,2026-08-19T12:47:00+0200,e079ef81-c4ef-4643-8235-c8ef85358b45,2026-08-02T08:15:00Z,2026-08-02T10:15:00+0200,1016.0,MW,ES,ES,actual_onshore_wind_generation,Wind Onshore,2026-08-19T10:57:03Z
2026-08-19T10:47:00Z,2026-08-19T12:47:00+0200,e079ef81-c4ef-4643-8235-c8ef85358b45,2026-08-02T08:30:00Z,2026-08-02T10:30:00+0200,1048.0,MW,ES,ES,actual_onshore_wind_generation,Wind Onshore,2026-08-19T10:57:03Z
2026-08-19T10:47:00Z,2026-08-19T12:47:00+0200,e079ef81-c4ef-4643-8235-c8ef85358b45,2026-08-02T08:45:00Z,2026-08-02T10:45:00+0200,1080.0,MW,ES,ES,actual_onshore_wind_generation,Wind Onshore,2026-08-19T10:57:03Z
2026-08-19T10:47:00Z,2026-08-19T12:47:00+0200,e079ef81-c4ef-4643-8235-c8ef85358b45,2026-08-02T09:00:00Z,2026-08-02T11:00:00+0200,1136.0,MW,ES,ES,actual_onshore_wind_generation,Wind Onshore,2026-08-19T10:57:03Z
2026-08-19T10:47:00Z,2026-08-19T12:47:00+0200,e079ef81-c4ef-4643-8235-c8ef85358b45,2026-08-02T09:15:00Z,2026-08-02T11:15:00+0200,1216.0,MW,ES,ES,actual_onshore_wind_generation,Wind Onshore,2026-08-19T10:57:03Z
2026-08-19T10:47:00Z,2026-08-19T12:47:00+0200,e079ef81-c4ef-4643-8235-c8ef85358b45,2026-08-02T09:30:00Z,2026-08-02T11:30:00+0200,1268.0,MW,ES,ES,actual_onshore_wind_generation,Wind Onshore,2026-08-19T10:57:03Z
2026-08-19T10:47:00Z,2026-08-19T12:47:00+0200,e079ef81-c4ef-4643-8235-c8ef85358b45,2026-08-02T09:45:00Z,2026-08-02T11:45:00+0200,1320.0,MW,ES,ES,actual_onshore_wind_generation,Wind Onshore,2026-08-19T10:57:03Z
2026-08-19T10:47:00Z,2026-08-19T12:47:00+0200,e079ef81-c4ef-4643-8235-c8ef85358b45,2026-08-02T10:00:00Z,2026-08-02T12:00:00+0200,1368.0,MW,ES,ES,actual_onshore_wind_generation,Wind Onshore,2026-08-19T10:57:03Z
2026-08-19T10:47:00Z,2026-08-19T12:47:00+0200,e079ef81-c4ef-4643-8235-c8ef85358b45,2026-08-02T10:15:00Z,2026-08-02T12:15:00+0200,1460.0,MW,ES,ES,actual_onshore_wind_generation,Wind Onshore,2026-08-19T10:57:03Z
2026-08-19T10:47:00Z,2026-08-19T12:47:00+0200,e079ef81-c4ef-4643-8235-c8ef85358b45,2026-08-02T10:30:00Z,2026-08-02T12:30:00+0200,1592.0,MW,ES,ES,actual_onshore_wind_generation,Wind Onshore,2026-08-19T10:57:03Z
2026-08-19T10:47:00Z,2026-08-19T12:47:00+0200,e079ef81-c4ef-4643-8235-c8ef85358b45,2026-08-02T10:45:00Z,2026-08-02T12:45:00+0200,1672.0,MW,ES,ES,actual_onshore_wind_generation,Wind Onshore,2026-08-19T10:57:03Z
2026-08-19T10:47:00Z,2026-08-19T12:47:00+0200,e079ef81-c4ef-4643-8235-c8ef85358b45,2026-08-02T11:00:00Z,2026-08-02T13:00:00+0200,1824.0,MW,ES,ES,actual_onshore_wind_generation,Wind Onshore,2026-08-19T10:57:03Z
2026-08-19T10:47:00Z,2026-08-19T12:47:00+0200,e079ef81-c4ef-4643-8235-c8ef85358b45,2026-08-02T11:15:00Z,2026-08-02T13:15:00+0200,1952.0,MW,ES,ES,actual_onshore_wind_generation,Wind Onshore,2026-08-19T10:57:03Z
2026-08-19T10:47:00Z,2026-08-19T12:47:00+0200,e079ef81-c4ef-4643-8235-c8ef85358b45,2026-08-02T11:30:00Z,2026-08-02T13:30:00+0200,2088.0,MW,ES,ES,actual_onshore_wind_generation,Wind Onshore,2026-08-19T10:57:03Z
2026-08-19T10:47:00Z,2026-08-19T12:47:00+0200,e079ef81-c4ef-4643-8235-c8ef85358b45,2026-08-02T11:45:00Z,2026-08-02T13:45:00+0200,2196.0,MW,ES,ES,actual_onshore_wind_generation,Wind Onshore,2026-08-19T10:57:03Z
2026-08-19T10:47:00Z,2026-08-19T12:47:00+0200,e079ef81-c4ef-4643-8235-c8ef85358b45,2026-08-02T12:00:00Z,2026-08-02T14:00:00+0200,2268.0,MW,ES,ES,actual_onshore_wind_generation,Wind Onshore,2026-08-19T10:57:03Z
2026-08-19T10:47:00Z,2026-08-19T12:47:00+0200,e079ef81-c4ef-4643-8235-c8ef85358b45,2026-08-02T12:15:00Z,2026-08-02T14:15:00+0200,2412.0,MW,ES,ES,actual_onshore_wind_generation,Wind Onshore,2026-08-19T10:57:03Z
2026-08-19T10:47:00Z,2026-08-19T12:47:00+0200,e079ef81-c4ef-4643-8235-c8ef85358b45,2026-08-02T12:30:00Z,2026-08-02T14:30:00+0200,2516.0,MW,ES,ES,actual_onshore_wind_generation,Wind Onshore,2026-08-19T10:57:03Z
2026-08-19T10:47:00Z,2026-08-19T12:47:00+0200,e079ef81-c4ef-4643-8235-c8ef85358b45,2026-08-02T12:45:00Z,2026-08-02T14:45:00+0200,2548.0,MW,ES,ES,actual_onshore_wind_generation,Wind Onshore,2026-08-19T10:57:03Z
2026-08-19T10:47:00Z,2026-08-19T12:47:00+0200,e079ef81-c4ef-4643-8235-c8ef85358b45,2026-08-02T13:00:00Z,2026-08-02T15:00:00+0200,2464.0,MW,ES,ES,actual_onshore_wind_generation,Wind Onshore,2026-08-19T10:57:03Z
2026-08-19T10:47:00Z,2026-08-19T12:47:00+0200,e079ef81-c4ef-4643-8235-c8ef85358b45,2026-08-02T13:15:00Z,2026-08-02T15:15:00+0200,2528.0,MW,ES,ES,actual_onshore_wind_generation,Wind Onshore,2026-08-19T10:57:03Z
2026-08-19T10:47:00Z,2026-08-19T12:47:00+0200,e079ef81-c4ef-4643-8235-c8ef85358b45,2026-08-02T13:30:00Z,2026-08-02T15:30:00+0200,2572.0,MW,ES,ES,actual_onshore_wind_generation,Wind Onshore,2026-08-19T10:57:03Z
2026-08-19T10:47:00Z,2026-08-19T12:47:00+0200,e079ef81-c4ef-4643-8235-c8ef85358b45,2026-08-02T13:45:00Z,2026-08-02T15:45:00+0200,2568.0,MW,ES,ES,actual_onshore_wind_generation,Wind Onshore,2026-08-19T10:57:03Z
2026-08-19T10:47:00Z,2026-08-19T12:47:00+0200,e079ef81-c4ef-4643-8235-c8ef85358b45,2026-08-02T14:00:00Z,2026-08-02T16:00:00+0200,2520.0,MW,ES,ES,actual_onshore_wind_generation,Wind Onshore,2026-08-19T10:57:03Z
2026-08-19T10:47:00Z,2026-08-19T12:47:00+0200,e079ef81-c4ef-4643-8235-c8ef85358b45,2026-08-02T14:15:00Z,2026-08-02T16:15:00+0200,2552.0,MW,ES,ES,actual_onshore_wind_generation,Wind Onshore,2026-08-19T10:57:03Z
2026-08-19T10:47:00Z,2026-08-19T12:47:00+0200,e079ef81-c4ef-4643-8235-c8ef85358b45,2026-08-02T14:30:00Z,2026-08-02T16:30:00+0200,2664.0,MW,ES,ES,actual_onshore_wind_generation,Wind Onshore,2026-08-19T10:57:03Z
2026-08-19T10:47:00Z,2026-08-19T12:47:00+0200,e079ef81-c4ef-4643-8235-c8ef85358b45,2026-08-02T14:45:00Z,2026-08-02T16:45:00+0200,2776.0,MW,ES,ES,actual_onshore_wind_generation,Wind Onshore,2026-08-19T10:57:03Z
2026-08-19T10:47:00Z,2026-08-19T12:47:00+0200,e079ef81-c4ef-4643-8235-c8ef85358b45,2026-08-02T15:00:00Z,2026-08-02T17:00:00+0200,2944.0,MW,ES,ES,actual_onshore_wind_generation,Wind Onshore,2026-08-19T10:57:03Z
2026-08-19T10:47:00Z,2026-08-19T12:47:00+0200,e079ef81-c4ef-4643-8235-c8ef85358b45,2026-08-02T15:15:00Z,2026-08-02T17:15:00+0200,3084.0,MW,ES,ES,actual_onshore_wind_generation,Wind Onshore,2026-08-19T10:57:03Z
2026-08-19T10:47:00Z,2026-08-19T12:47:00+0200,e079ef81-c4ef-4643-8235-c8ef85358b45,2026-08-02T15:30:00Z,2026-08-02T17:30:00+0200,3308.0,MW,ES,ES,actual_onshore_wind_generation,Wind Onshore,2026-08-19T10:57:03Z
2026-08-19T10:47:00Z,2026-08-19T12:47:00+0200,e079ef81-c4ef-4643-8235-c8ef85358b45,2026-08-02T15:45:00Z,2026-08-02T17:45:00+0200,3616.0,MW,ES,ES,actual_onshore_wind_generation,Wind Onshore,2026-08-19T10:57:03Z
2026-08-19T10:47:00Z,2026-08-19T12:47:00+0200,e079ef81-c4ef-4643-8235-c8ef85358b45,2026-08-02T16:00:00Z,2026-08-02T18:00:00+0200,3668.0,MW,ES,ES,actual_onshore_wind_generation,Wind Onshore,2026-08-19T10:57:03Z
2026-08-19T10:47:00Z,2026-08-19T12:47:00+0200,e079ef81-c4ef-4643-8235-c8ef85358b45,2026-08-02T16:15:00Z,2026-08-02T18:15:00+0200,3688.0,MW,ES,ES,actual_onshore_wind_generation,Wind Onshore,2026-08-19T10:57:03Z
2026-08-19T10:47:00Z,2026-08-19T12:47:00+0200,e079ef81-c4ef-4643-8235-c8ef85358b45,2026-08-02T16:30:00Z,2026-08-02T18:30:00+0200,3700.0,MW,ES,ES,actual_onshore_wind_generation,Wind Onshore,2026-08-19T10:57:03Z
2026-08-19T10:47:00Z,2026-08-19T12:47:00+0200,e079ef81-c4ef-4643-8235-c8ef85358b45,2026-08-02T16:45:00Z,2026-08-02T18:45:00+0200,3796.0,MW,ES,ES,actual_onshore_wind_generation,Wind Onshore,2026-08-19T10:57:03Z
2026-08-19T10:47:00Z,2026-08-19T12:47:00+0200,e079ef81-c4ef-4643-8235-c8ef85358b45,2026-08-02T17:00:00Z,2026-08-02T19:00:00+0200,3852.0,MW,ES,ES,actual_onshore_wind_generation,Wind Onshore,2026-08-19T10:57:03Z
2026-08-19T10:47:00Z,2026-08-19T12:47:00+0200,e079ef81-c4ef-4643-8235-c8ef85358b45,2026-08-02T17:15:00Z,2026-08-02T19:15:00+0200,3912.0,MW,ES,ES,actual_onshore_wind_generation,Wind Onshore,2026-08-19T10:57:03Z
2026-08-19T10:47:00Z,2026-08-19T12:47:00+0200,e079ef81-c4ef-4643-8235-c8ef85358b45,2026-08-02T17:30:00Z,2026-08-02T19:30:00+0200,3944.0,MW,ES,ES,actual_onshore_wind_generation,Wind Onshore,2026-08-19T10:57:03Z
2026-08-19T10:47:00Z,2026-08-19T12:47:00+0200,e079ef81-c4ef-4643-8235-c8ef85358b45,2026-08-02T17:45:00Z,2026-08-02T19:45:00+0200,3944.0,MW,ES,ES,actual_onshore_wind_generation,Wind Onshore,2026-08-19T10:57:03Z
2026-08-19T10:47:00Z,2026-08-19T12:47:00+0200,e079ef81-c4ef-4643-8235-c8ef85358b45,2026-08-02T18:00:00Z,2026-08-02T20:00:00+0200,4248.0,MW,ES,ES,actual_onshore_wind_generation,Wind Onshore,2026-08-19T10:57:03Z
2026-08-19T10:47:00Z,2026-08-19T12:47:00+0200,e079ef81-c4ef-4643-8235-c8ef85358b45,2026-08-02T18:15:00Z,2026-08-02T20:15:00+0200,4512.0,MW,ES,ES,actual_onshore_wind_generation,Wind Onshore,2026-08-19T10:57:03Z
2026-08-19T10:47:00Z,2026-08-19T12:47:00+0200,e079ef81-c4ef-4643-8235-c8ef85358b45,2026-08-02T18:30:00Z,2026-08-02T20:30:00+0200,4504.0,MW,ES,ES,actual_onshore_wind_generation,Wind Onshore,2026-08-19T10:57:03Z
2026-08-19T10:47:00Z,2026-08-19T12:47:00+0200,e079ef81-c4ef-4643-8235-c8ef85358b45,2026-08-02T18:45:00Z,2026-08-02T20:45:00+0200,4492.0,MW,ES,ES,actual_onshore_wind_generation,Wind Onshore,2026-08-19T10:57:03Z
2026-08-19T10:47:00Z,2026-08-19T12:47:00+0200,e079ef81-c4ef-4643-8235-c8ef85358b45,2026-08-02T19:00:00Z,2026-08-02T21:00:00+0200,4608.0,MW,ES,ES,actual_onshore_wind_generation,Wind Onshore,2026-08-19T10:57:03Z
2026-08-19T10:47:00Z,2026-08-19T12:47:00+0200,e079ef81-c4ef-4643-8235-c8ef85358b45,2026-08-02T19:15:00Z,2026-08-02T21:15:00+0200,4732.0,MW,ES,ES,actual_onshore_wind_generation,Wind Onshore,2026-08-19T10:57:03Z
2026-08-19T10:47:00Z,2026-08-19T12:47:00+0200,e079ef81-c4ef-4643-8235-c8ef85358b45,2026-08-02T19:30:00Z,2026-08-02T21:30:00+0200,4764.0,MW,ES,ES,actual_onshore_wind_generation,Wind Onshore,2026-08-19T10:57:03Z
2026-08-19T10:47:00Z,2026-08-19T12:47:00+0200,e079ef81-c4ef-4643-8235-c8ef85358b45,2026-08-02T19:45:00Z,2026-08-02T21:45:00+0200,4844.0,MW,ES,ES,actual_onshore_wind_generation,Wind Onshore,2026-08-19T10:57:03Z
2026-08-19T10:47:00Z,2026-08-19T12:47:00+0200,e079ef81-c4ef-4643-8235-c8ef85358b45,2026-08-02T20:00:00Z,2026-08-02T22:00:00+0200,4856.0,MW,ES,ES,actual_onshore_wind_generation,Wind Onshore,2026-08-19T10:57:03Z
2026-08-19T10:47:00Z,2026-08-19T12:47:00+0200,e079ef81-c4ef-4643-8235-c8ef85358b45,2026-08-02T20:15:00Z,2026-08-02T22:15:00+0200,4812.0,MW,ES,ES,actual_onshore_wind_generation,Wind Onshore,2026-08-19T10:57:03Z
2026-08-19T10:47:00Z,2026-08-19T12:47:00+0200,e079ef81-c4ef-4643-8235-c8ef85358b45,2026-08-02T20:30:00Z,2026-08-02T22:30:00+0200,4820.0,MW,ES,ES,actual_onshore_wind_generation,Wind Onshore,2026-08-19T10:57:03Z
2026-08-19T10:47:00Z,2026-08-19T12:47:00+0200,e079ef81-c4ef-4643-8235-c8ef85358b45,2026-08-02T20:45:00Z,2026-08-02T22:45:00+0200,4792.0,MW,ES,ES,actual_onshore_wind_generation,Wind Onshore,2026-08-19T10:57:03Z
2026-08-19T10:47:00Z,2026-08-19T12:47:00+0200,e079ef81-c4ef-4643-8235-c8ef85358b45,2026-08-02T21:00:00Z,2026-08-02T23:00:00+0200,4664.0,MW,ES,ES,actual_onshore_wind_generation,Wind Onshore,2026-08-19T10:57:03Z
2026-08-19T10:47:00Z,2026-08-19T12:47:00+0200,e079ef81-c4ef-4643-8235-c8ef85358b45,2026-08-02T21:15:00Z,2026-08-02T23:15:00+0200,4532.0,MW,ES,ES,actual_onshore_wind_generation,Wind Onshore,2026-08-19T10:57:03Z
2026-08-19T10:47:00Z,2026-08-19T12:47:00+0200,e079ef81-c4ef-4643-8235-c8ef85358b45,2026-08-02T21:30:00Z,2026-08-02T23:30:00+0200,4440.0,MW,ES,ES,actual_onshore_wind_generation,Wind Onshore,2026-08-19T10:57:03Z
2026-08-19T10:47:00Z,2026-08-19T12:47:00+0200,e079ef81-c4ef-4643-8235-c8ef85358b45,2026-08-02T21:45:00Z,2026-08-02T23:45:00+0200,4348.0,MW,ES,ES,actual_onshore_wind_generation,Wind Onshore,2026-08-19T10:57:03Z
2026-08-19T10:47:00Z,2026-08-19T12:47:00+0200,e079ef81-c4ef-4643-8235-c8ef85358b45,2026-08-02T22:00:00Z,2026-08-03T00:00:00+0200,4380.0,MW,ES,ES,actual_onshore_wind_generation,Wind Onshore,2026-08-19T10:57:03Z
2026-08-19T10:47:00Z,2026-08-19T12:47:00+0200,e079ef81-c4ef-4643-8235-c8ef85358b45,2026-08-02T22:15:00Z,2026-08-03T00:15:00+0200,4368.0,MW,ES,ES,actual_onshore_wind_generation,Wind Onshore,2026-08-19T10:57:03Z
2026-08-19T10:47:00Z,2026-08-19T12:47:00+0200,e079ef81-c4ef-4643-8235-c8ef85358b45,2026-08-02T22:30:00Z,2026-08-03T00:30:00+0200,4412.0,MW,ES,ES,actual_onshore_wind_generation,Wind Onshore,2026-08-19T10:57:03Z
2026-08-19T10:47:00Z,2026-08-19T12:47:00+0200,e079ef81-c4ef-4643-8235-c8ef85358b45,2026-08-02T22:45:00Z,2026-08-03T00:45:00+0200,4452.0,MW,ES,ES,actual_onshore_wind_generation,Wind Onshore,2026-08-19T10:57:03Z
2026-08-19T10:47:00Z,2026-08-19T12:47:00+0200,e079ef81-c4ef-4643-8235-c8ef85358b45,2026-08-02T23:00:00Z,2026-08-03T01:00:00+0200,4448.0,MW,ES,ES,actual_onshore_wind_generation,Wind Onshore,2026-08-19T10:57:03Z
2026-08-19T10:47:00Z,2026-08-19T12:47:00+0200,e079ef81-c4ef-4643-8235-c8ef85358b45,2026-08-02T23:15:00Z,2026-08-03T01:15:00+0200,4496.0,MW,ES,ES,actual_onshore_wind_generation,Wind Onshore,2026-08-19T10:57:03Z
2026-08-19T10:47:00Z,2026-08-19T12:47:00+0200,e079ef81-c4ef-4643-8235-c8ef85358b45,2026-08-02T23:30:00Z,2026-08-03T01:30:00+0200,4500.0,MW,ES,ES,actual_onshore_wind_generation,Wind Onshore,2026-08-19T10:57:03Z
2026-08-19T10:47:00Z,2026-08-19T12:47:00+0200,e079ef81-c4ef-4643-8235-c8ef85358b45,2026-08-02T23:45:00Z,2026-08-03T01:45:00+0200,4496.0,MW,ES,ES,actual_onshore_wind_generation,Wind Onshore,2026-08-19T10:57:03Z
2026-08-19T10:47:00Z,2026-08-19T12:47:00+0200,e079ef81-c4ef-4643-8235-c8ef85358b45,2026-08-03T00:00:00Z,2026-08-03T02:00:00+0200,4392.0,MW,ES,ES,actual_onshore_wind_generation,Wind Onshore,2026-08-19T10:57:03Z
2026-08-19T10:47:00Z,2026-08-19T12:47:00+0200,e079ef81-c4ef-4643-8235-c8ef85358b45,2026-08-03T00:15:00Z,2026-08-03T02:15:00+0200,4212.0,MW,ES,ES,actual_onshore_wind_generation,Wind Onshore,2026-08-19T10:57:03Z
2026-08-19T10:47:00Z,2026-08-19T12:47:00+0200,e079ef81-c4ef-4643-8235-c8ef85358b45,2026-08-03T00:30:00Z,2026-08-03T02:30:00+0200,4048.0,MW,ES,ES,actual_onshore_wind_generation,Wind Onshore,2026-08-19T10:57:03Z
2026-08-19T10:47:00Z,2026-08-19T12:47:00+0200,e079ef81-c4ef-4643-8235-c8ef85358b45,2026-08-03T00:45:00Z,2026-08-03T02:45:00+0200,3968.0,MW,ES,ES,actual_onshore_wind_generation,Wind Onshore,2026-08-19T10:57:03Z
2026-08-19T10:47:00Z,2026-08-19T12:47:00+0200,e079ef81-c4ef-4643-8235-c8ef85358b45,2026-08-03T01:00:00Z,2026-08-03T03:00:00+0200,3964.0,MW,ES,ES,actual_onshore_wind_generation,Wind Onshore,2026-08-19T10:57:03Z
2026-08-19T10:47:00Z,2026-08-19T12:47:00+0200,e079ef81-c4ef-4643-8235-c8ef85358b45,2026-08-03T01:15:00Z,2026-08-03T03:15:00+0200,3912.0,MW,ES,ES,actual_onshore_wind_generation,Wind Onshore,2026-08-19T10:57:03Z
2026-08-19T10:47:00Z,2026-08-19T12:47:00+0200,e079ef81-c4ef-4643-8235-c8ef85358b45,2026-08-03T01:30:00Z,2026-08-03T03:30:00+0200,3824.0,MW,ES,ES,actual_onshore_wind_generation,Wind Onshore,2026-08-19T10:57:03Z
2026-08-19T10:47:00Z,2026-08-19T12:47:00+0200,e079ef81-c4ef-4643-8235-c8ef85358b45,2026-08-03T01:45:00Z,2026-08-03T03:45:00+0200,3748.0,MW,ES,ES,actual_onshore_wind_generation,Wind Onshore,2026-08-19T10:57:03Z
2026-08-19T10:47:00Z,2026-08-19T12:47:00+0200,e079ef81-c4ef-4643-8235-c8ef85358b45,2026-08-03T02:00:00Z,2026-08-03T04:00:00+0200,3608.0,MW,ES,ES,actual_onshore_wind_generation,Wind Onshore,2026-08-19T10:57:03Z
2026-08-19T10:47:00Z,2026-08-19T12:47:00+0200,e079ef81-c4ef-4643-8235-c8ef85358b45,2026-08-03T02:15:00Z,2026-08-03T04:15:00+0200,3472.0,MW,ES,ES,actual_onshore_wind_generation,Wind Onshore,2026-08-19T10:57:03Z
2026-08-19T10:47:00Z,2026-08-19T12:47:00+0200,e079ef81-c4ef-4643-8235-c8ef85358b45,2026-08-03T02:30:00Z,2026-08-03T04:30:00+0200,3304.0,MW,ES,ES,actual_onshore_wind_generation,Wind Onshore,2026-08-19T10:57:03Z
2026-08-19T10:47:00Z,2026-08-19T12:47:00+0200,e079ef81-c4ef-4643-8235-c8ef85358b45,2026-08-03T02:45:00Z,2026-08-03T04:45:00+0200,3124.0,MW,ES,ES,actual_onshore_wind_generation,Wind Onshore,2026-08-19T10:57:03Z
2026-08-19T10:47:00Z,2026-08-19T12:47:00+0200,e079ef81-c4ef-4643-8235-c8ef85358b45,2026-08-03T03:00:00Z,2026-08-03T05:00:00+0200,2968.0,MW,ES,ES,actual_onshore_wind_generation,Wind Onshore,2026-08-19T10:57:03Z
2026-08-19T10:47:00Z,2026-08-19T12:47:00+0200,e079ef81-c4ef-4643-8235-c8ef85358b45,2026-08-03T03:15:00Z,2026-08-03T05:15:00+0200,2852.0,MW,ES,ES,actual_onshore_wind_generation,Wind Onshore,2026-08-19T10:57:03Z
2026-08-19T10:47:00Z,2026-08-19T12:47:00+0200,e079ef81-c4ef-4643-8235-c8ef85358b45,2026-08-03T03:30:00Z,2026-08-03T05:30:00+0200,2812.0,MW,ES,ES,actual_onshore_wind_generation,Wind Onshore,2026-08-19T10:57:03Z
2026-08-19T10:47:00Z,2026-08-19T12:47:00+0200,e079ef81-c4ef-4643-8235-c8ef85358b45,2026-08-03T03:45:00Z,2026-08-03T05:45:00+0200,2820.0,MW,ES,ES,actual_onshore_wind_generation,Wind Onshore,2026-08-19T10:57:03Z
2026-08-19T10:47:00Z,2026-08-19T12:47:00+0200,e079ef81-c4ef-4643-8235-c8ef85358b45,2026-08-03T04:00:00Z,2026-08-03T06:00:00+0200,2780.0,MW,ES,ES,actual_onshore_wind_generation,Wind Onshore,2026-08-19T10:57:03Z
2026-08-19T10:47:00Z,2026-08-19T12:47:00+0200,e079ef81-c4ef-4643-8235-c8ef85358b45,2026-08-03T04:15:00Z,2026-08-03T06:15:00+0200,2716.0,MW,ES,ES,actual_onshore_wind_generation,Wind Onshore,2026-08-19T10:57:03Z
2026-08-19T10:47:00Z,2026-08-19T12:47:00+0200,e079ef81-c4ef-4643-8235-c8ef85358b45,2026-08-03T04:30:00Z,2026-08-03T06:30:00+0200,2704.0,MW,ES,ES,actual_onshore_wind_generation,Wind Onshore,2026-08-19T10:57:03Z
2026-08-19T10:47:00Z,2026-08-19T12:47:00+0200,e079ef81-c4ef-4643-8235-c8ef85358b45,2026-08-03T04:45:00Z,2026-08-03T06:45:00+0200,2692.0,MW,ES,ES,actual_onshore_wind_generation,Wind Onshore,2026-08-19T10:57:03Z
2026-08-19T10:47:00Z,2026-08-19T12:47:00+0200,e079ef81-c4ef-4643-8235-c8ef85358b45,2026-08-03T05:00:00Z,2026-08-03T07:00:00+0200,2680.0,MW,ES,ES,actual_onshore_wind_generation,Wind Onshore,2026-08-19T10:57:03Z
2026-08-19T10:47:00Z,2026-08-19T12:47:00+0200,e079ef81-c4ef-4643-8235-c8ef85358b45,2026-08-03T05:15:00Z,2026-08-03T07:15:00+0200,2676.0,MW,ES,ES,actual_onshore_wind_generation,Wind Onshore,2026-08-19T10:57:03Z
2026-08-19T10:47:00Z,2026-08-19T12:47:00+0200,e079ef81-c4ef-4643-8235-c8ef85358b45,2026-08-03T05:30:00Z,2026-08-03T07:30:00+0200,2724.0,MW,ES,ES,actual_onshore_wind_generation,Wind Onshore,2026-08-19T10:57:03Z
2026-08-19T10:47:00Z,2026-08-19T12:47:00+0200,e079ef81-c4ef-4643-8235-c8ef85358b45,2026-08-03T05:45:00Z,2026-08-03T07:45:00+0200,2776.0,MW,ES,ES,actual_onshore_wind_generation,Wind Onshore,2026-08-19T10:57:03Z
2026-08-19T10:47:00Z,2026-08-19T12:47:00+0200,e079ef81-c4ef-4643-8235-c8ef85358b45,2026-08-03T06:00:00Z,2026-08-03T08:00:00+0200,2708.0,MW,ES,ES,actual_onshore_wind_generation,Wind Onshore,2026-08-19T10:57:03Z
2026-08-19T10:47:00Z,2026-08-19T12:47:00+0200,e079ef81-c4ef-4643-8235-c8ef85358b45,2026-08-03T06:15:00Z,2026-08-03T08:15:00+0200,2700.0,MW,ES,ES,actual_onshore_wind_generation,Wind Onshore,2026-08-19T10:57:03Z
2026-08-19T10:47:00Z,2026-08-19T12:47:00+0200,e079ef81-c4ef-4643-8235-c8ef85358b45,2026-08-03T06:30:00Z,2026-08-03T08:30:00+0200,2648.0,MW,ES,ES,actual_onshore_wind_generation,Wind Onshore,2026-08-19T10:57:03Z
2026-08-19T10:47:00Z,2026-08-19T12:47:00+0200,e079ef81-c4ef-4643-8235-c8ef85358b45,2026-08-03T06:45:00Z,2026-08-03T08:45:00+0200,2464.0,MW,ES,ES,actual_onshore_wind_generation,Wind Onshore,2026-08-19T10:57:03Z
2026-08-19T10:47:00Z,2026-08-19T12:47:00+0200,e079ef81-c4ef-4643-8235-c8ef85358b45,2026-08-03T07:00:00Z,2026-08-03T09:00:00+0200,2212.0,MW,ES,ES,actual_onshore_wind_generation,Wind Onshore,2026-08-19T10:57:03Z
2026-08-19T10:47:00Z,2026-08-19T12:47:00+0200,e079ef81-c4ef-4643-8235-c8ef85358b45,2026-08-03T07:15:00Z,2026-08-03T09:15:00+0200,2132.0,MW,ES,ES,actual_onshore_wind_generation,Wind Onshore,2026-08-19T10:57:03Z
2026-08-19T10:47:00Z,2026-08-19T12:47:00+0200,e079ef81-c4ef-4643-8235-c8ef85358b45,2026-08-03T07:30:00Z,2026-08-03T09:30:00+0200,2136.0,MW,ES,ES,actual_onshore_wind_generation,Wind Onshore,2026-08-19T10:57:03Z
2026-08-19T10:47:00Z,2026-08-19T12:47:00+0200,e079ef81-c4ef-4643-8235-c8ef85358b45,2026-08-03T07:45:00Z,2026-08-03T09:45:00+0200,2136.0,MW,ES,ES,actual_onshore_wind_generation,Wind Onshore,2026-08-19T10:57:03Z
2026-08-19T10:47:00Z,2026-08-19T12:47:00+0200,e079ef81-c4ef-4643-8235-c8ef85358b45,2026-08-03T08:00:00Z,2026-08-03T10:00:00+0200,2104.0,MW,ES,ES,actual_onshore_wind_generation,Wind Onshore,2026-08-19T10:57:03Z
2026-08-19T10:47:00Z,2026-08-19T12:47:00+0200,e079ef81-c4ef-4643-8235-c8ef85358b45,2026-08-03T08:15:00Z,2026-08-03T10:15:00+0200,2100.0,MW,ES,ES,actual_onshore_wind_generation,Wind Onshore,2026-08-19T10:57:03Z
2026-08-19T10:47:00Z,2026-08-19T12:47:00+0200,e079ef81-c4ef-4643-8235-c8ef85358b45,2026-08-03T08:30:00Z,2026-08-03T10:30:00+0200,2260.0,MW,ES,ES,actual_onshore_wind_generation,Wind Onshore,2026-08-19T10:57:03Z
2026-08-19T10:47:00Z,2026-08-19T12:47:00+0200,e079ef81-c4ef-4643-8235-c8ef85358b45,2026-08-03T08:45:00Z,2026-08-03T10:45:00+0200,2312.0,MW,ES,ES,actual_onshore_wind_generation,Wind Onshore,2026-08-19T10:57:03Z
2026-08-19T10:47:00Z,2026-08-19T12:47:00+0200,e079ef81-c4ef-4643-8235-c8ef85358b45,2026-08-03T09:00:00Z,2026-08-03T11:00:00+0200,2396.0,MW,ES,ES,actual_onshore_wind_generation,Wind Onshore,2026-08-19T10:57:03Z
2026-08-19T10:47:00Z,2026-08-19T12:47:00+0200,e079ef81-c4ef-4643-8235-c8ef85358b45,2026-08-03T09:15:00Z,2026-08-03T11:15:00+0200,2520.0,MW,ES,ES,actual_onshore_wind_generation,Wind Onshore,2026-08-19T10:57:03Z
2026-08-19T10:47:00Z,2026-08-19T12:47:00+0200,e079ef81-c4ef-4643-8235-c8ef85358b45,2026-08-03T09:30:00Z,2026-08-03T11:30:00+0200,2620.0,MW,ES,ES,actual_onshore_wind_generation,Wind Onshore,2026-08-19T10:57:03Z
2026-08-19T10:47:00Z,2026-08-19T12:47:00+0200,e079ef81-c4ef-4643-8235-c8ef85358b45,2026-08-03T09:45:00Z,2026-08-03T11:45:00+0200,2716.0,MW,ES,ES,actual_onshore_wind_generation,Wind Onshore,2026-08-19T10:57:03Z
2026-08-19T10:47:00Z,2026-08-19T12:47:00+0200,e079ef81-c4ef-4643-8235-c8ef85358b45,2026-08-03T10:00:00Z,2026-08-03T12:00:00+0200,2796.0,MW,ES,ES,actual_onshore_wind_generation,Wind Onshore,2026-08-19T10:57:03Z
2026-08-19T10:47:00Z,2026-08-19T12:47:00+0200,e079ef81-c4ef-4643-8235-c8ef85358b45,2026-08-03T10:15:00Z,2026-08-03T12:15:00+0200,2936.0,MW,ES,ES,actual_onshore_wind_generation,Wind Onshore,2026-08-19T10:57:03Z
2026-08-19T10:47:00Z,2026-08-19T12:47:00+0200,e079ef81-c4ef-4643-8235-c8ef85358b45,2026-08-03T10:30:00Z,2026-08-03T12:30:00+0200,3052.0,MW,ES,ES,actual_onshore_wind_generation,Wind Onshore,2026-08-19T10:57:03Z
2026-08-19T10:47:00Z,2026-08-19T12:47:00+0200,e079ef81-c4ef-4643-8235-c8ef85358b45,2026-08-03T10:45:00Z,2026-08-03T12:45:00+0200,3212.0,MW,ES,ES,actual_onshore_wind_generation,Wind Onshore,2026-08-19T10:57:03Z
2026-08-19T10:47:00Z,2026-08-19T12:47:00+0200,e079ef81-c4ef-4643-8235-c8ef85358b45,2026-08-03T11:00:00Z,2026-08-03T13:00:00+0200,3380.0,MW,ES,ES,actual_onshore_wind_generation,Wind Onshore,2026-08-19T10:57:03Z
2026-08-19T10:47:00Z,2026-08-19T12:47:00+0200,e079ef81-c4ef-4643-8235-c8ef85358b45,2026-08-03T11:15:00Z,2026-08-03T13:15:00+0200,3528.0,MW,ES,ES,actual_onshore_wind_generation,Wind Onshore,2026-08-19T10:57:03Z
2026-08-19T10:47:00Z,2026-08-19T12:47:00+0200,e079ef81-c4ef-4643-8235-c8ef85358b45,2026-08-03T11:30:00Z,2026-08-03T13:30:00+0200,3632.0,MW,ES,ES,actual_onshore_wind_generation,Wind Onshore,2026-08-19T10:57:03Z
2026-08-19T10:47:00Z,2026-08-19T12:47:00+0200,e079ef81-c4ef-4643-8235-c8ef85358b45,2026-08-03T11:45:00Z,2026-08-03T13:45:00+0200,3448.0,MW,ES,ES,actual_onshore_wind_generation,Wind Onshore,2026-08-19T10:57:03Z
2026-08-19T10:47:00Z,2026-08-19T12:47:00+0200,e079ef81-c4ef-4643-8235-c8ef85358b45,2026-08-03T12:00:00Z,2026-08-03T14:00:00+0200,3480.0,MW,ES,ES,actual_onshore_wind_generation,Wind Onshore,2026-08-19T10:57:03Z
2026-08-19T10:47:00Z,2026-08-19T12:47:00+0200,e079ef81-c4ef-4643-8235-c8ef85358b45,2026-08-03T12:15:00Z,2026-08-03T14:15:00+0200,3588.0,MW,ES,ES,actual_onshore_wind_generation,Wind Onshore,2026-08-19T10:57:03Z
2026-08-19T10:47:00Z,2026-08-19T12:47:00+0200,e079ef81-c4ef-4643-8235-c8ef85358b45,2026-08-03T12:30:00Z,2026-08-03T14:30:00+0200,3648.0,MW,ES,ES,actual_onshore_wind_generation,Wind Onshore,2026-08-19T10:57:03Z
2026-08-19T10:47:00Z,2026-08-19T12:47:00+0200,e079ef81-c4ef-4643-8235-c8ef85358b45,2026-08-03T12:45:00Z,2026-08-03T14:45:00+0200,3576.0,MW,ES,ES,actual_onshore_wind_generation,Wind Onshore,2026-08-19T10:57:03Z
2026-08-19T10:47:00Z,2026-08-19T12:47:00+0200,e079ef81-c4ef-4643-8235-c8ef85358b45,2026-08-03T13:00:00Z,2026-08-03T15:00:00+0200,3608.0,MW,ES,ES,actual_onshore_wind_generation,Wind Onshore,2026-08-19T10:57:03Z
2026-08-19T10:47:00Z,2026-08-19T12:47:00+0200,e079ef81-c4ef-4643-8235-c8ef85358b45,2026-08-03T13:15:00Z,2026-08-03T15:15:00+0200,3712.0,MW,ES,ES,actual_onshore_wind_generation,Wind Onshore,2026-08-19T10:57:03Z
2026-08-19T10:47:00Z,2026-08-19T12:47:00+0200,e079ef81-c4ef-4643-8235-c8ef85358b45,2026-08-03T13:30:00Z,2026-08-03T15:30:00+0200,3764.0,MW,ES,ES,actual_onshore_wind_generation,Wind Onshore,2026-08-19T10:57:03Z
2026-08-19T10:47:00Z,2026-08-19T12:47:00+0200,e079ef81-c4ef-4643-8235-c8ef85358b45,2026-08-03T13:45:00Z,2026-08-03T15:45:00+0200,3800.0,MW,ES,ES,actual_onshore_wind_generation,Wind Onshore,2026-08-19T10:57:03Z
2026-08-19T10:47:00Z,2026-08-19T12:47:00+0200,e079ef81-c4ef-4643-8235-c8ef85358b45,2026-08-03T14:00:00Z,2026-08-03T16:00:00+0200,3972.0,MW,ES,ES,actual_onshore_wind_generation,Wind Onshore,2026-08-19T10:57:03Z
2026-08-19T10:47:00Z,2026-08-19T12:47:00+0200,e079ef81-c4ef-4643-8235-c8ef85358b45,2026-08-03T14:15:00Z,2026-08-03T16:15:00+0200,4040.0,MW,ES,ES,actual_onshore_wind_generation,Wind Onshore,2026-08-19T10:57:03Z
2026-08-19T10:47:00Z,2026-08-19T12:47:00+0200,e079ef81-c4ef-4643-8235-c8ef85358b45,2026-08-03T14:30:00Z,2026-08-03T16:30:00+0200,3960.0,MW,ES,ES,actual_onshore_wind_generation,Wind Onshore,2026-08-19T10:57:03Z
2026-08-19T10:47:00Z,2026-08-19T12:47:00+0200,e079ef81-c4ef-4643-8235-c8ef85358b45,2026-08-03T14:45:00Z,2026-08-03T16:45:00+0200,3912.0,MW,ES,ES,actual_onshore_wind_generation,Wind Onshore,2026-08-19T10:57:03Z
2026-08-19T10:47:00Z,2026-08-19T12:47:00+0200,e079ef81-c4ef-4643-8235-c8ef85358b45,2026-08-03T15:00:00Z,2026-08-03T17:00:00+0200,3688.0,MW,ES,ES,actual_onshore_wind_generation,Wind Onshore,2026-08-19T10:57:03Z
2026-08-19T10:47:00Z,2026-08-19T12:47:00+0200,e079ef81-c4ef-4643-8235-c8ef85358b45,2026-08-03T15:15:00Z,2026-08-03T17:15:00+0200,3604.0,MW,ES,ES,actual_onshore_wind_generation,Wind Onshore,2026-08-19T10:57:03Z
2026-08-19T10:47:00Z,2026-08-19T12:47:00+0200,e079ef81-c4ef-4643-8235-c8ef85358b45,2026-08-03T15:30:00Z,2026-08-03T17:30:00+0200,3688.0,MW,ES,ES,actual_onshore_wind_generation,Wind Onshore,2026-08-19T10:57:03Z
2026-08-19T10:47:00Z,2026-08-19T12:47:00+0200,e079ef81-c4ef-4643-8235-c8ef85358b45,2026-08-03T15:45:00Z,2026-08-03T17:45:00+0200,3692.0,MW,ES,ES,actual_onshore_wind_generation,Wind Onshore,2026-08-19T10:57:03Z
2026-08-19T10:47:00Z,2026-08-19T12:47:00+0200,e079ef81-c4ef-4643-8235-c8ef85358b45,2026-08-03T16:00:00Z,2026-08-03T18:00:00+0200,3748.0,MW,ES,ES,actual_onshore_wind_generation,Wind Onshore,2026-08-19T10:57:03Z
2026-08-19T10:47:00Z,2026-08-19T12:47:00+0200,e079ef81-c4ef-4643-8235-c8ef85358b45,2026-08-03T16:15:00Z,2026-08-03T18:15:00+0200,3972.0,MW,ES,ES,actual_onshore_wind_generation,Wind Onshore,2026-08-19T10:57:03Z
2026-08-19T10:47:00Z,2026-08-19T12:47:00+0200,e079ef81-c4ef-4643-8235-c8ef85358b45,2026-08-03T16:30:00Z,2026-08-03T18:30:00+0200,4312.0,MW,ES,ES,actual_onshore_wind_generation,Wind Onshore,2026-08-19T10:57:03Z
2026-08-19T10:47:00Z,2026-08-19T12:47:00+0200,e079ef81-c4ef-4643-8235-c8ef85358b45,2026-08-03T16:45:00Z,2026-08-03T18:45:00+0200,4328.0,MW,ES,ES,actual_onshore_wind_generation,Wind Onshore,2026-08-19T10:57:03Z
2026-08-19T10:47:00Z,2026-08-19T12:47:00+0200,e079ef81-c4ef-4643-8235-c8ef85358b45,2026-08-03T17:00:00Z,2026-08-03T19:00:00+0200,4292.0,MW,ES,ES,actual_onshore_wind_generation,Wind Onshore,2026-08-19T10:57:03Z
2026-08-19T10:47:00Z,2026-08-19T12:47:00+0200,e079ef81-c4ef-4643-8235-c8ef85358b45,2026-08-03T17:15:00Z,2026-08-03T19:15:00+0200,4288.0,MW,ES,ES,actual_onshore_wind_generation,Wind Onshore,2026-08-19T10:57:03Z
2026-08-19T10:47:00Z,2026-08-19T12:47:00+0200,e079ef81-c4ef-4643-8235-c8ef85358b45,2026-08-03T17:30:00Z,2026-08-03T19:30:00+0200,4452.0,MW,ES,ES,actual_onshore_wind_generation,Wind Onshore,2026-08-19T10:57:03Z
2026-08-19T10:47:00Z,2026-08-19T12:47:00+0200,e079ef81-c4ef-4643-8235-c8ef85358b45,2026-08-03T17:45:00Z,2026-08-03T19:45:00+0200,4752.0,MW,ES,ES,actual_onshore_wind_generation,Wind Onshore,2026-08-19T10:57:03Z
2026-08-19T10:47:00Z,2026-08-19T12:47:00+0200,e079ef81-c4ef-4643-8235-c8ef85358b45,2026-08-03T18:00:00Z,2026-08-03T20:00:00+0200,4920.0,MW,ES,ES,actual_onshore_wind_generation,Wind Onshore,2026-08-19T10:57:03Z
2026-08-19T10:47:00Z,2026-08-19T12:47:00+0200,e079ef81-c4ef-4643-8235-c8ef85358b45,2026-08-03T18:15:00Z,2026-08-03T20:15:00+0200,5024.0,MW,ES,ES,actual_onshore_wind_generation,Wind Onshore,2026-08-19T10:57:03Z
2026-08-19T10:47:00Z,2026-08-19T12:47:00+0200,e079ef81-c4ef-4643-8235-c8ef85358b45,2026-08-03T18:30:00Z,2026-08-03T20:30:00+0200,4900.0,MW,ES,ES,actual_onshore_wind_generation,Wind Onshore,2026-08-19T10:57:03Z
2026-08-19T10:47:00Z,2026-08-19T12:47:00+0200,e079ef81-c4ef-4643-8235-c8ef85358b45,2026-08-03T18:45:00Z,2026-08-03T20:45:00+0200,4708.0,MW,ES,ES,actual_onshore_wind_generation,Wind Onshore,2026-08-19T10:57:03Z
2026-08-19T10:47:00Z,2026-08-19T12:47:00+0200,e079ef81-c4ef-4643-8235-c8ef85358b45,2026-08-03T19:00:00Z,2026-08-03T21:00:00+0200,4464.0,MW,ES,ES,actual_onshore_wind_generation,Wind Onshore,2026-08-19T10:57:03Z
2026-08-19T10:47:00Z,2026-08-19T12:47:00+0200,e079ef81-c4ef-4643-8235-c8ef85358b45,2026-08-03T19:15:00Z,2026-08-03T21:15:00+0200,4448.0,MW,ES,ES,actual_onshore_wind_generation,Wind Onshore,2026-08-19T10:57:03Z
2026-08-19T10:47:00Z,2026-08-19T12:47:00+0200,e079ef81-c4ef-4643-8235-c8ef85358b45,2026-08-03T19:30:00Z,2026-08-03T21:30:00+0200,4536.0,MW,ES,ES,actual_onshore_wind_generation,Wind Onshore,2026-08-19T10:57:03Z
2026-08-19T10:47:00Z,2026-08-19T12:47:00+0200,e079ef81-c4ef-4643-8235-c8ef85358b45,2026-08-03T19:45:00Z,2026-08-03T21:45:00+0200,4568.0,MW,ES,ES,actual_onshore_wind_generation,Wind Onshore,2026-08-19T10:57:03Z
2026-08-19T10:47:00Z,2026-08-19T12:47:00+0200,e079ef81-c4ef-4643-8235-c8ef85358b45,2026-08-03T20:00:00Z,2026-08-03T22:00:00+0200,4524.0,MW,ES,ES,actual_onshore_wind_generation,Wind Onshore,2026-08-19T10:57:03Z
2026-08-19T10:47:00Z,2026-08-19T12:47:00+0200,e079ef81-c4ef-4643-8235-c8ef85358b45,2026-08-03T20:15:00Z,2026-08-03T22:15:00+0200,4608.0,MW,ES,ES,actual_onshore_wind_generation,Wind Onshore,2026-08-19T10:57:03Z
2026-08-19T10:47:00Z,2026-08-19T12:47:00+0200,e079ef81-c4ef-4643-8235-c8ef85358b45,2026-08-03T20:30:00Z,2026-08-03T22:30:00+0200,4692.0,MW,ES,ES,actual_onshore_wind_generation,Wind Onshore,2026-08-19T10:57:03Z
2026-08-19T10:47:00Z,2026-08-19T12:47:00+0200,e079ef81-c4ef-4643-8235-c8ef85358b45,2026-08-03T20:45:00Z,2026-08-03T22:45:00+0200,4700.0,MW,ES,ES,actual_onshore_wind_generation,Wind Onshore,2026-08-19T10:57:03Z
2026-08-19T10:47:00Z,2026-08-19T12:47:00+0200,e079ef81-c4ef-4643-8235-c8ef85358b45,2026-08-03T21:00:00Z,2026-08-03T23:00:00+0200,4688.0,MW,ES,ES,actual_onshore_wind_generation,Wind Onshore,2026-08-19T10:57:03Z
2026-08-19T10:47:00Z,2026-08-19T12:47:00+0200,e079ef81-c4ef-4643-8235-c8ef85358b45,2026-08-03T21:15:00Z,2026-08-03T23:15:00+0200,4760.0,MW,ES,ES,actual_onshore_wind_generation,Wind Onshore,2026-08-19T10:57:03Z
2026-08-19T10:47:00Z,2026-08-19T12:47:00+0200,e079ef81-c4ef-4643-8235-c8ef85358b45,2026-08-03T21:30:00Z,2026-08-03T23:30:00+0200,4736.0,MW,ES,ES,actual_onshore_wind_generation,Wind Onshore,2026-08-19T10:57:03Z
2026-08-19T10:47:00Z,2026-08-19T12:47:00+0200,e079ef81-c4ef-4643-8235-c8ef85358b45,2026-08-03T21:45:00Z,2026-08-03T23:45:00+0200,4728.0,MW,ES,ES,actual_onshore_wind_generation,Wind Onshore,2026-08-19T10:57:03Z
2026-08-19T10:47:00Z,2026-08-19T12:47:00+0200,e079ef81-c4ef-4643-8235-c8ef85358b45,2026-08-03T22:00:00Z,2026-08-04T00:00:00+0200,4756.0,MW,ES,ES,actual_onshore_wind_generation,Wind Onshore,2026-08-19T10:57:03Z
2026-08-19T10:47:00Z,2026-08-19T12:47:00+0200,e079ef81-c4ef-4643-8235-c8ef85358b45,2026-08-03T22:15:00Z,2026-08-04T00:15:00+0200,4788.0,MW,ES,ES,actual_onshore_wind_generation,Wind Onshore,2026-08-19T10:57:03Z
2026-08-19T10:47:00Z,2026-08-19T12:47:00+0200,e079ef81-c4ef-4643-8235-c8ef85358b45,2026-08-03T22:30:00Z,2026-08-04T00:30:00+0200,4660.0,MW,ES,ES,actual_onshore_wind_generation,Wind Onshore,2026-08-19T10:57:03Z
2026-08-19T10:47:00Z,2026-08-19T12:47:00+0200,e079ef81-c4ef-4643-8235-c8ef85358b45,2026-08-03T22:45:00Z,2026-08-04T00:45:00+0200,4388.0,MW,ES,ES,actual_onshore_wind_generation,Wind Onshore,2026-08-19T10:57:03Z
2026-08-19T10:47:00Z,2026-08-19T12:47:00+0200,e079ef81-c4ef-4643-8235-c8ef85358b45,2026-08-03T23:00:00Z,2026-08-04T01:00:00+0200,4244.0,MW,ES,ES,actual_onshore_wind_generation,Wind Onshore,2026-08-19T10:57:03Z
2026-08-19T10:47:00Z,2026-08-19T12:47:00+0200,e079ef81-c4ef-4643-8235-c8ef85358b45,2026-08-03T23:15:00Z,2026-08-04T01:15:00+0200,4152.0,MW,ES,ES,actual_onshore_wind_generation,Wind Onshore,2026-08-19T10:57:03Z
2026-08-19T10:47:00Z,2026-08-19T12:47:00+0200,e079ef81-c4ef-4643-8235-c8ef85358b45,2026-08-03T23:30:00Z,2026-08-04T01:30:00+0200,4060.0,MW,ES,ES,actual_onshore_wind_generation,Wind Onshore,2026-08-19T10:57:03Z
2026-08-19T10:47:00Z,2026-08-19T12:47:00+0200,e079ef81-c4ef-4643-8235-c8ef85358b45,2026-08-03T23:45:00Z,2026-08-04T01:45:00+0200,3952.0,MW,ES,ES,actual_onshore_wind_generation,Wind Onshore,2026-08-19T10:57:03Z
2026-08-19T10:47:00Z,2026-08-19T12:47:00+0200,e079ef81-c4ef-4643-8235-c8ef85358b45,2026-08-04T00:00:00Z,2026-08-04T02:00:00+0200,3984.0,MW,ES,ES,actual_onshore_wind_generation,Wind Onshore,2026-08-19T10:57:03Z
2026-08-19T10:47:00Z,2026-08-19T12:47:00+0200,e079ef81-c4ef-4643-8235-c8ef85358b45,2026-08-04T00:15:00Z,2026-08-04T02:15:00+0200,3984.0,MW,ES,ES,actual_onshore_wind_generation,Wind Onshore,2026-08-19T10:57:03Z
2026-08-19T10:47:00Z,2026-08-19T12:47:00+0200,e079ef81-c4ef-4643-8235-c8ef85358b45,2026-08-04T00:30:00Z,2026-08-04T02:30:00+0200,3876.0,MW,ES,ES,actual_onshore_wind_generation,Wind Onshore,2026-08-19T10:57:03Z
2026-08-19T10:47:00Z,2026-08-19T12:47:00+0200,e079ef81-c4ef-4643-8235-c8ef85358b45,2026-08-04T00:45:00Z,2026-08-04T02:45:00+0200,3824.0,MW,ES,ES,actual_onshore_wind_generation,Wind Onshore,2026-08-19T10:57:03Z
2026-08-19T10:47:00Z,2026-08-19T12:47:00+0200,e079ef81-c4ef-4643-8235-c8ef85358b45,2026-08-04T01:00:00Z,2026-08-04T03:00:00+0200,3732.0,MW,ES,ES,actual_onshore_wind_generation,Wind Onshore,2026-08-19T10:57:03Z
2026-08-19T10:47:00Z,2026-08-19T12:47:00+0200,e079ef81-c4ef-4643-8235-c8ef85358b45,2026-08-04T01:15:00Z,2026-08-04T03:15:00+0200,3616.0,MW,ES,ES,actual_onshore_wind_generation,Wind Onshore,2026-08-19T10:57:03Z
2026-08-19T10:47:00Z,2026-08-19T12:47:00+0200,e079ef81-c4ef-4643-8235-c8ef85358b45,2026-08-04T01:30:00Z,2026-08-04T03:30:00+0200,3608.0,MW,ES,ES,actual_onshore_wind_generation,Wind Onshore,2026-08-19T10:57:03Z
2026-08-19T10:47:00Z,2026-08-19T12:47:00+0200,e079ef81-c4ef-4643-8235-c8ef85358b45,2026-08-04T01:45:00Z,2026-08-04T03:45:00+0200,3656.0,MW,ES,ES,actual_onshore_wind_generation,Wind Onshore,2026-08-19T10:57:03Z
2026-08-19T10:47:00Z,2026-08-19T12:47:00+0200,e079ef81-c4ef-4643-8235-c8ef85358b45,2026-08-04T02:00:00Z,2026-08-04T04:00:00+0200,3576.0,MW,ES,ES,actual_onshore_wind_generation,Wind Onshore,2026-08-19T10:57:03Z
2026-08-19T10:47:00Z,2026-08-19T12:47:00+0200,e079ef81-c4ef-4643-8235-c8ef85358b45,2026-08-04T02:15:00Z,2026-08-04T04:15:00+0200,3512.0,MW,ES,ES,actual_onshore_wind_generation,Wind Onshore,2026-08-19T10:57:03Z
2026-08-19T10:47:00Z,2026-08-19T12:47:00+0200,e079ef81-c4ef-4643-8235-c8ef85358b45,2026-08-04T02:30:00Z,2026-08-04T04:30:00+0200,3456.0,MW,ES,ES,actual_onshore_wind_generation,Wind Onshore,2026-08-19T10:57:03Z
2026-08-19T10:47:00Z,2026-08-19T12:47:00+0200,e079ef81-c4ef-4643-8235-c8ef85358b45,2026-08-04T02:45:00Z,2026-08-04T04:45:00+0200,3456.0,MW,ES,ES,actual_onshore_wind_generation,Wind Onshore,2026-08-19T10:57:03Z
2026-08-19T10:47:00Z,2026-08-19T12:47:00+0200,e079ef81-c4ef-4643-8235-c8ef85358b45,2026-08-04T03:00:00Z,2026-08-04T05:00:00+0200,3512.0,MW,ES,ES,actual_onshore_wind_generation,Wind Onshore,2026-08-19T10:57:03Z
2026-08-19T10:47:00Z,2026-08-19T12:47:00+0200,e079ef81-c4ef-4643-8235-c8ef85358b45,2026-08-04T03:15:00Z,2026-08-04T05:15:00+0200,3500.0,MW,ES,ES,actual_onshore_wind_generation,Wind Onshore,2026-08-19T10:57:03Z
2026-08-19T10:47:00Z,2026-08-19T12:47:00+0200,e079ef81-c4ef-4643-8235-c8ef85358b45,2026-08-04T03:30:00Z,2026-08-04T05:30:00+0200,3600.0,MW,ES,ES,actual_onshore_wind_generation,Wind Onshore,2026-08-19T10:57:03Z
2026-08-19T10:47:00Z,2026-08-19T12:47:00+0200,e079ef81-c4ef-4643-8235-c8ef85358b45,2026-08-04T03:45:00Z,2026-08-04T05:45:00+0200,3592.0,MW,ES,ES,actual_onshore_wind_generation,Wind Onshore,2026-08-19T10:57:03Z
2026-08-19T10:47:00Z,2026-08-19T12:47:00+0200,e079ef81-c4ef-4643-8235-c8ef85358b45,2026-08-04T04:00:00Z,2026-08-04T06:00:00+0200,3620.0,MW,ES,ES,actual_onshore_wind_generation,Wind Onshore,2026-08-19T10:57:03Z
2026-08-19T10:47:00Z,2026-08-19T12:47:00+0200,e079ef81-c4ef-4643-8235-c8ef85358b45,2026-08-04T04:15:00Z,2026-08-04T06:15:00+0200,3680.0,MW,ES,ES,actual_onshore_wind_generation,Wind Onshore,2026-08-19T10:57:03Z
2026-08-19T10:47:00Z,2026-08-19T12:47:00+0200,e079ef81-c4ef-4643-8235-c8ef85358b45,2026-08-04T04:30:00Z,2026-08-04T06:30:00+0200,3712.0,MW,ES,ES,actual_onshore_wind_generation,Wind Onshore,2026-08-19T10:57:03Z
2026-08-19T10:47:00Z,2026-08-19T12:47:00+0200,e079ef81-c4ef-4643-8235-c8ef85358b45,2026-08-04T04:45:00Z,2026-08-04T06:45:00+0200,3668.0,MW,ES,ES,actual_onshore_wind_generation,Wind Onshore,2026-08-19T10:57:03Z
2026-08-19T10:47:00Z,2026-08-19T12:47:00+0200,e079ef81-c4ef-4643-8235-c8ef85358b45,2026-08-04T05:00:00Z,2026-08-04T07:00:00+0200,3572.0,MW,ES,ES,actual_onshore_wind_generation,Wind Onshore,2026-08-19T10:57:03Z
2026-08-19T10:47:00Z,2026-08-19T12:47:00+0200,e079ef81-c4ef-4643-8235-c8ef85358b45,2026-08-04T05:15:00Z,2026-08-04T07:15:00+0200,3444.0,MW,ES,ES,actual_onshore_wind_generation,Wind Onshore,2026-08-19T10:57:03Z
2026-08-19T10:47:00Z,2026-08-19T12:47:00+0200,e079ef81-c4ef-4643-8235-c8ef85358b45,2026-08-04T05:30:00Z,2026-08-04T07:30:00+0200,3260.0,MW,ES,ES,actual_onshore_wind_generation,Wind Onshore,2026-08-19T10:57:03Z
2026-08-19T10:47:00Z,2026-08-19T12:47:00+0200,e079ef81-c4ef-4643-8235-c8ef85358b45,2026-08-04T05:45:00Z,2026-08-04T07:45:00+0200,3152.0,MW,ES,ES,actual_onshore_wind_generation,Wind Onshore,2026-08-19T10:57:03Z
2026-08-19T10:47:00Z,2026-08-19T12:47:00+0200,e079ef81-c4ef-4643-8235-c8ef85358b45,2026-08-04T06:00:00Z,2026-08-04T08:00:00+0200,2956.0,MW,ES,ES,actual_onshore_wind_generation,Wind Onshore,2026-08-19T10:57:03Z
2026-08-19T10:47:00Z,2026-08-19T12:47:00+0200,e079ef81-c4ef-4643-8235-c8ef85358b45,2026-08-04T06:15:00Z,2026-08-04T08:15:00+0200,2756.0,MW,ES,ES,actual_onshore_wind_generation,Wind Onshore,2026-08-19T10:57:03Z
2026-08-19T10:47:00Z,2026-08-19T12:47:00+0200,e079ef81-c4ef-4643-8235-c8ef85358b45,2026-08-04T06:30:00Z,2026-08-04T08:30:00+0200,2576.0,MW,ES,ES,actual_onshore_wind_generation,Wind Onshore,2026-08-19T10:57:03Z
2026-08-19T10:47:00Z,2026-08-19T12:47:00+0200,e079ef81-c4ef-4643-8235-c8ef85358b45,2026-08-04T06:45:00Z,2026-08-04T08:45:00+0200,2320.0,MW,ES,ES,actual_onshore_wind_generation,Wind Onshore,2026-08-19T10:57:03Z
2026-08-19T10:47:00Z,2026-08-19T12:47:00+0200,e079ef81-c4ef-4643-8235-c8ef85358b45,2026-08-04T07:00:00Z,2026-08-04T09:00:00+0200,2124.0,MW,ES,ES,actual_onshore_wind_generation,Wind Onshore,2026-08-19T10:57:03Z
2026-08-19T10:47:00Z,2026-08-19T12:47:00+0200,e079ef81-c4ef-4643-8235-c8ef85358b45,2026-08-04T07:15:00Z,2026-08-04T09:15:00+0200,1980.0,MW,ES,ES,actual_onshore_wind_generation,Wind Onshore,2026-08-19T10:57:03Z
2026-08-19T10:47:00Z,2026-08-19T12:47:00+0200,e079ef81-c4ef-4643-8235-c8ef85358b45,2026-08-04T07:30:00Z,2026-08-04T09:30:00+0200,1836.0,MW,ES,ES,actual_onshore_wind_generation,Wind Onshore,2026-08-19T10:57:03Z
2026-08-19T10:47:00Z,2026-08-19T12:47:00+0200,e079ef81-c4ef-4643-8235-c8ef85358b45,2026-08-04T07:45:00Z,2026-08-04T09:45:00+0200,1756.0,MW,ES,ES,actual_onshore_wind_generation,Wind Onshore,2026-08-19T10:57:03Z
2026-08-19T10:47:00Z,2026-08-19T12:47:00+0200,e079ef81-c4ef-4643-8235-c8ef85358b45,2026-08-04T08:00:00Z,2026-08-04T10:00:00+0200,1644.0,MW,ES,ES,actual_onshore_wind_generation,Wind Onshore,2026-08-19T10:57:03Z
2026-08-19T10:47:00Z,2026-08-19T12:47:00+0200,e079ef81-c4ef-4643-8235-c8ef85358b45,2026-08-04T08:15:00Z,2026-08-04T10:15:00+0200,1580.0,MW,ES,ES,actual_onshore_wind_generation,Wind Onshore,2026-08-19T10:57:03Z
2026-08-19T10:47:00Z,2026-08-19T12:47:00+0200,e079ef81-c4ef-4643-8235-c8ef85358b45,2026-08-04T08:30:00Z,2026-08-04T10:30:00+0200,1552.0,MW,ES,ES,actual_onshore_wind_generation,Wind Onshore,2026-08-19T10:57:03Z
2026-08-19T10:47:00Z,2026-08-19T12:47:00+0200,e079ef81-c4ef-4643-8235-c8ef85358b45,2026-08-04T08:45:00Z,2026-08-04T10:45:00+0200,1540.0,MW,ES,ES,actual_onshore_wind_generation,Wind Onshore,2026-08-19T10:57:03Z
2026-08-19T10:47:00Z,2026-08-19T12:47:00+0200,e079ef81-c4ef-4643-8235-c8ef85358b45,2026-08-04T09:00:00Z,2026-08-04T11:00:00+0200,1456.0,MW,ES,ES,actual_onshore_wind_generation,Wind Onshore,2026-08-19T10:57:03Z
2026-08-19T10:47:00Z,2026-08-19T12:47:00+0200,e079ef81-c4ef-4643-8235-c8ef85358b45,2026-08-04T09:15:00Z,2026-08-04T11:15:00+0200,1476.0,MW,ES,ES,actual_onshore_wind_generation,Wind Onshore,2026-08-19T10:57:03Z
2026-08-19T10:47:00Z,2026-08-19T12:47:00+0200,e079ef81-c4ef-4643-8235-c8ef85358b45,2026-08-04T09:30:00Z,2026-08-04T11:30:00+0200,1444.0,MW,ES,ES,actual_onshore_wind_generation,Wind Onshore,2026-08-19T10:57:03Z
2026-08-19T10:47:00Z,2026-08-19T12:47:00+0200,e079ef81-c4ef-4643-8235-c8ef85358b45,2026-08-04T09:45:00Z,2026-08-04T11:45:00+0200,1404.0,MW,ES,ES,actual_onshore_wind_generation,Wind Onshore,2026-08-19T10:57:03Z
2026-08-19T10:47:00Z,2026-08-19T12:47:00+0200,e079ef81-c4ef-4643-8235-c8ef85358b45,2026-08-04T10:00:00Z,2026-08-04T12:00:00+0200,1444.0,MW,ES,ES,actual_onshore_wind_generation,Wind Onshore,2026-08-19T10:57:03Z
2026-08-19T10:47:00Z,2026-08-19T12:47:00+0200,e079ef81-c4ef-4643-8235-c8ef85358b45,2026-08-04T10:15:00Z,2026-08-04T12:15:00+0200,1516.0,MW,ES,ES,actual_onshore_wind_generation,Wind Onshore,2026-08-19T10:57:03Z
2026-08-19T10:47:00Z,2026-08-19T12:47:00+0200,e079ef81-c4ef-4643-8235-c8ef85358b45,2026-08-04T10:30:00Z,2026-08-04T12:30:00+0200,1624.0,MW,ES,ES,actual_onshore_wind_generation,Wind Onshore,2026-08-19T10:57:03Z
2026-08-19T10:47:00Z,2026-08-19T12:47:00+0200,e079ef81-c4ef-4643-8235-c8ef85358b45,2026-08-04T10:45:00Z,2026-08-04T12:45:00+0200,1684.0,MW,ES,ES,actual_onshore_wind_generation,Wind Onshore,2026-08-19T10:57:03Z
2026-08-19T10:47:00Z,2026-08-19T12:47:00+0200,e079ef81-c4ef-4643-8235-c8ef85358b45,2026-08-04T11:00:00Z,2026-08-04T13:00:00+0200,1796.0,MW,ES,ES,actual_onshore_wind_generation,Wind Onshore,2026-08-19T10:57:03Z
2026-08-19T10:47:00Z,2026-08-19T12:47:00+0200,e079ef81-c4ef-4643-8235-c8ef85358b45,2026-08-04T11:15:00Z,2026-08-04T13:15:00+0200,1784.0,MW,ES,ES,actual_onshore_wind_generation,Wind Onshore,2026-08-19T10:57:03Z
2026-08-19T10:47:00Z,2026-08-19T12:47:00+0200,e079ef81-c4ef-4643-8235-c8ef85358b45,2026-08-04T11:30:00Z,2026-08-04T13:30:00+0200,1876.0,MW,ES,ES,actual_onshore_wind_generation,Wind Onshore,2026-08-19T10:57:03Z
2026-08-19T10:47:00Z,2026-08-19T12:47:00+0200,e079ef81-c4ef-4643-8235-c8ef85358b45,2026-08-04T11:45:00Z,2026-08-04T13:45:00+0200,1976.0,MW,ES,ES,actual_onshore_wind_generation,Wind Onshore,2026-08-19T10:57:03Z
2026-08-19T10:47:00Z,2026-08-19T12:47:00+0200,e079ef81-c4ef-4643-8235-c8ef85358b45,2026-08-04T12:00:00Z,2026-08-04T14:00:00+0200,1972.0,MW,ES,ES,actual_onshore_wind_generation,Wind Onshore,2026-08-19T10:57:03Z
2026-08-19T10:47:00Z,2026-08-19T12:47:00+0200,e079ef81-c4ef-4643-8235-c8ef85358b45,2026-08-04T12:15:00Z,2026-08-04T14:15:00+0200,2040.0,MW,ES,ES,actual_onshore_wind_generation,Wind Onshore,2026-08-19T10:57:03Z
2026-08-19T10:47:00Z,2026-08-19T12:47:00+0200,e079ef81-c4ef-4643-8235-c8ef85358b45,2026-08-04T12:30:00Z,2026-08-04T14:30:00+0200,2396.0,MW,ES,ES,actual_onshore_wind_generation,Wind Onshore,2026-08-19T10:57:03Z
2026-08-19T10:47:00Z,2026-08-19T12:47:00+0200,e079ef81-c4ef-4643-8235-c8ef85358b45,2026-08-04T12:45:00Z,2026-08-04T14:45:00+0200,2564.0,MW,ES,ES,actual_onshore_wind_generation,Wind Onshore,2026-08-19T10:57:03Z
2026-08-19T10:47:00Z,2026-08-19T12:47:00+0200,e079ef81-c4ef-4643-8235-c8ef85358b45,2026-08-04T13:00:00Z,2026-08-04T15:00:00+0200,2304.0,MW,ES,ES,actual_onshore_wind_generation,Wind Onshore,2026-08-19T10:57:03Z
2026-08-19T10:47:00Z,2026-08-19T12:47:00+0200,e079ef81-c4ef-4643-8235-c8ef85358b45,2026-08-04T13:15:00Z,2026-08-04T15:15:00+0200,2324.0,MW,ES,ES,actual_onshore_wind_generation,Wind Onshore,2026-08-19T10:57:03Z
2026-08-19T10:47:00Z,2026-08-19T12:47:00+0200,e079ef81-c4ef-4643-8235-c8ef85358b45,2026-08-04T13:30:00Z,2026-08-04T15:30:00+0200,2432.0,MW,ES,ES,actual_onshore_wind_generation,Wind Onshore,2026-08-19T10:57:03Z
2026-08-19T10:47:00Z,2026-08-19T12:47:00+0200,e079ef81-c4ef-4643-8235-c8ef85358b45,2026-08-04T13:45:00Z,2026-08-04T15:45:00+0200,2540.0,MW,ES,ES,actual_onshore_wind_generation,Wind Onshore,2026-08-19T10:57:03Z
2026-08-19T10:47:00Z,2026-08-19T12:47:00+0200,e079ef81-c4ef-4643-8235-c8ef85358b45,2026-08-04T14:00:00Z,2026-08-04T16:00:00+0200,2580.0,MW,ES,ES,actual_onshore_wind_generation,Wind Onshore,2026-08-19T10:57:03Z
2026-08-19T10:47:00Z,2026-08-19T12:47:00+0200,e079ef81-c4ef-4643-8235-c8ef85358b45,2026-08-04T14:15:00Z,2026-08-04T16:15:00+0200,2632.0,MW,ES,ES,actual_onshore_wind_generation,Wind Onshore,2026-08-19T10:57:03Z
2026-08-19T10:47:00Z,2026-08-19T12:47:00+0200,e079ef81-c4ef-4643-8235-c8ef85358b45,2026-08-04T14:30:00Z,2026-08-04T16:30:00+0200,2672.0,MW,ES,ES,actual_onshore_wind_generation,Wind Onshore,2026-08-19T10:57:03Z
2026-08-19T10:47:00Z,2026-08-19T12:47:00+0200,e079ef81-c4ef-4643-8235-c8ef85358b45,2026-08-04T14:45:00Z,2026-08-04T16:45:00+0200,2816.0,MW,ES,ES,actual_onshore_wind_generation,Wind Onshore,2026-08-19T10:57:03Z
2026-08-19T10:47:00Z,2026-08-19T12:47:00+0200,e079ef81-c4ef-4643-8235-c8ef85358b45,2026-08-04T15:00:00Z,2026-08-04T17:00:00+0200,2816.0,MW,ES,ES,actual_onshore_wind_generation,Wind Onshore,2026-08-19T10:57:03Z
2026-08-19T10:47:00Z,2026-08-19T12:47:00+0200,e079ef81-c4ef-4643-8235-c8ef85358b45,2026-08-04T15:15:00Z,2026-08-04T17:15:00+0200,2940.0,MW,ES,ES,actual_onshore_wind_generation,Wind Onshore,2026-08-19T10:57:03Z
2026-08-19T10:47:00Z,2026-08-19T12:47:00+0200,e079ef81-c4ef-4643-8235-c8ef85358b45,2026-08-04T15:30:00Z,2026-08-04T17:30:00+0200,2864.0,MW,ES,ES,actual_onshore_wind_generation,Wind Onshore,2026-08-19T10:57:03Z
2026-08-19T10:47:00Z,2026-08-19T12:47:00+0200,e079ef81-c4ef-4643-8235-c8ef85358b45,2026-08-04T15:45:00Z,2026-08-04T17:45:00+0200,2908.0,MW,ES,ES,actual_onshore_wind_generation,Wind Onshore,2026-08-19T10:57:03Z
2026-08-19T10:47:00Z,2026-08-19T12:47:00+0200,e079ef81-c4ef-4643-8235-c8ef85358b45,2026-08-04T16:00:00Z,2026-08-04T18:00:00+0200,2960.0,MW,ES,ES,actual_onshore_wind_generation,Wind Onshore,2026-08-19T10:57:03Z
2026-08-19T10:47:00Z,2026-08-19T12:47:00+0200,e079ef81-c4ef-4643-8235-c8ef85358b45,2026-08-04T16:15:00Z,2026-08-04T18:15:00+0200,3096.0,MW,ES,ES,actual_onshore_wind_generation,Wind Onshore,2026-08-19T10:57:03Z
2026-08-19T10:47:00Z,2026-08-19T12:47:00+0200,e079ef81-c4ef-4643-8235-c8ef85358b45,2026-08-04T16:30:00Z,2026-08-04T18:30:00+0200,3056.0,MW,ES,ES,actual_onshore_wind_generation,Wind Onshore,2026-08-19T10:57:03Z
2026-08-19T10:47:00Z,2026-08-19T12:47:00+0200,e079ef81-c4ef-4643-8235-c8ef85358b45,2026-08-04T16:45:00Z,2026-08-04T18:45:00+0200,3300.0,MW,ES,ES,actual_onshore_wind_generation,Wind Onshore,2026-08-19T10:57:03Z
2026-08-19T10:47:00Z,2026-08-19T12:47:00+0200,e079ef81-c4ef-4643-8235-c8ef85358b45,2026-08-04T17:00:00Z,2026-08-04T19:00:00+0200,3328.0,MW,ES,ES,actual_onshore_wind_generation,Wind Onshore,2026-08-19T10:57:03Z
2026-08-19T10:47:00Z,2026-08-19T12:47:00+0200,e079ef81-c4ef-4643-8235-c8ef85358b45,2026-08-04T17:15:00Z,2026-08-04T19:15:00+0200,3784.0,MW,ES,ES,actual_onshore_wind_generation,Wind Onshore,2026-08-19T10:57:03Z
2026-08-19T10:47:00Z,2026-08-19T12:47:00+0200,e079ef81-c4ef-4643-8235-c8ef85358b45,2026-08-04T17:30:00Z,2026-08-04T19:30:00+0200,3984.0,MW,ES,ES,actual_onshore_wind_generation,Wind Onshore,2026-08-19T10:57:03Z
2026-08-19T10:47:00Z,2026-08-19T12:47:00+0200,e079ef81-c4ef-4643-8235-c8ef85358b45,2026-08-04T17:45:00Z,2026-08-04T19:45:00+0200,4164.0,MW,ES,ES,actual_onshore_wind_generation,Wind Onshore,2026-08-19T10:57:03Z
2026-08-19T10:47:00Z,2026-08-19T12:47:00+0200,e079ef81-c4ef-4643-8235-c8ef85358b45,2026-08-04T18:00:00Z,2026-08-04T20:00:00+0200,4392.0,MW,ES,ES,actual_onshore_wind_generation,Wind Onshore,2026-08-19T10:57:03Z
2026-08-19T10:47:00Z,2026-08-19T12:47:00+0200,e079ef81-c4ef-4643-8235-c8ef85358b45,2026-08-04T18:15:00Z,2026-08-04T20:15:00+0200,4456.0,MW,ES,ES,actual_onshore_wind_generation,Wind Onshore,2026-08-19T10:57:03Z
2026-08-19T10:47:00Z,2026-08-19T12:47:00+0200,e079ef81-c4ef-4643-8235-c8ef85358b45,2026-08-04T18:30:00Z,2026-08-04T20:30:00+0200,4536.0,MW,ES,ES,actual_onshore_wind_generation,Wind Onshore,2026-08-19T10:57:03Z
2026-08-19T10:47:00Z,2026-08-19T12:47:00+0200,e079ef81-c4ef-4643-8235-c8ef85358b45,2026-08-04T18:45:00Z,2026-08-04T20:45:00+0200,4640.0,MW,ES,ES,actual_onshore_wind_generation,Wind Onshore,2026-08-19T10:57:03Z
2026-08-19T10:47:00Z,2026-08-19T12:47:00+0200,e079ef81-c4ef-4643-8235-c8ef85358b45,2026-08-04T19:00:00Z,2026-08-04T21:00:00+0200,4740.0,MW,ES,ES,actual_onshore_wind_generation,Wind Onshore,2026-08-19T10:57:03Z
2026-08-19T10:47:00Z,2026-08-19T12:47:00+0200,e079ef81-c4ef-4643-8235-c8ef85358b45,2026-08-04T19:15:00Z,2026-08-04T21:15:00+0200,4936.0,MW,ES,ES,actual_onshore_wind_generation,Wind Onshore,2026-08-19T10:57:03Z
2026-08-19T10:47:00Z,2026-08-19T12:47:00+0200,e079ef81-c4ef-4643-8235-c8ef85358b45,2026-08-04T19:30:00Z,2026-08-04T21:30:00+0200,5268.0,MW,ES,ES,actual_onshore_wind_generation,Wind Onshore,2026-08-19T10:57:03Z
2026-08-19T10:47:00Z,2026-08-19T12:47:00+0200,e079ef81-c4ef-4643-8235-c8ef85358b45,2026-08-04T19:45:00Z,2026-08-04T21:45:00+0200,5680.0,MW,ES,ES,actual_onshore_wind_generation,Wind Onshore,2026-08-19T10:57:03Z
2026-08-19T10:47:00Z,2026-08-19T12:47:00+0200,e079ef81-c4ef-4643-8235-c8ef85358b45,2026-08-04T20:00:00Z,2026-08-04T22:00:00+0200,5968.0,MW,ES,ES,actual_onshore_wind_generation,Wind Onshore,2026-08-19T10:57:03Z
2026-08-19T10:47:00Z,2026-08-19T12:47:00+0200,e079ef81-c4ef-4643-8235-c8ef85358b45,2026-08-04T20:15:00Z,2026-08-04T22:15:00+0200,6176.0,MW,ES,ES,actual_onshore_wind_generation,Wind Onshore,2026-08-19T10:57:03Z
2026-08-19T10:47:00Z,2026-08-19T12:47:00+0200,e079ef81-c4ef-4643-8235-c8ef85358b45,2026-08-04T20:30:00Z,2026-08-04T22:30:00+0200,6392.0,MW,ES,ES,actual_onshore_wind_generation,Wind Onshore,2026-08-19T10:57:03Z
2026-08-19T10:47:00Z,2026-08-19T12:47:00+0200,e079ef81-c4ef-4643-8235-c8ef85358b45,2026-08-04T20:45:00Z,2026-08-04T22:45:00+0200,6548.0,MW,ES,ES,actual_onshore_wind_generation,Wind Onshore,2026-08-19T10:57:03Z
2026-08-19T10:47:00Z,2026-08-19T12:47:00+0200,e079ef81-c4ef-4643-8235-c8ef85358b45,2026-08-04T21:00:00Z,2026-08-04T23:00:00+0200,6636.0,MW,ES,ES,actual_onshore_wind_generation,Wind Onshore,2026-08-19T10:57:03Z
2026-08-19T10:47:00Z,2026-08-19T12:47:00+0200,e079ef81-c4ef-4643-8235-c8ef85358b45,2026-08-04T21:15:00Z,2026-08-04T23:15:00+0200,6676.0,MW,ES,ES,actual_onshore_wind_generation,Wind Onshore,2026-08-19T10:57:03Z
2026-08-19T10:47:00Z,2026-08-19T12:47:00+0200,e079ef81-c4ef-4643-8235-c8ef85358b45,2026-08-04T21:30:00Z,2026-08-04T23:30:00+0200,6784.0,MW,ES,ES,actual_onshore_wind_generation,Wind Onshore,2026-08-19T10:57:03Z
2026-08-19T10:47:00Z,2026-08-19T12:47:00+0200,e079ef81-c4ef-4643-8235-c8ef85358b45,2026-08-04T21:45:00Z,2026-08-04T23:45:00+0200,6752.0,MW,ES,ES,actual_onshore_wind_generation,Wind Onshore,2026-08-19T10:57:03Z
2026-08-19T10:47:00Z,2026-08-19T12:47:00+0200,e079ef81-c4ef-4643-8235-c8ef85358b45,2026-08-04T22:00:00Z,2026-08-05T00:00:00+0200,6700.0,MW,ES,ES,actual_onshore_wind_generation,Wind Onshore,2026-08-19T10:57:03Z
2026-08-19T10:47:00Z,2026-08-19T12:47:00+0200,e079ef81-c4ef-4643-8235-c8ef85358b45,2026-08-04T22:15:00Z,2026-08-05T00:15:00+0200,6668.0,MW,ES,ES,actual_onshore_wind_generation,Wind Onshore,2026-08-19T10:57:03Z
2026-08-19T10:47:00Z,2026-08-19T12:47:00+0200,e079ef81-c4ef-4643-8235-c8ef85358b45,2026-08-04T22:30:00Z,2026-08-05T00:30:00+0200,6712.0,MW,ES,ES,actual_onshore_wind_generation,Wind Onshore,2026-08-19T10:57:03Z
2026-08-19T10:47:00Z,2026-08-19T12:47:00+0200,e079ef81-c4ef-4643-8235-c8ef85358b45,2026-08-04T22:45:00Z,2026-08-05T00:45:00+0200,6764.0,MW,ES,ES,actual_onshore_wind_generation,Wind Onshore,2026-08-19T10:57:03Z
2026-08-19T10:47:00Z,2026-08-19T12:47:00+0200,e079ef81-c4ef-4643-8235-c8ef85358b45,2026-08-04T23:00:00Z,2026-08-05T01:00:00+0200,6680.0,MW,ES,ES,actual_onshore_wind_generation,Wind Onshore,2026-08-19T10:57:03Z
2026-08-19T10:47:00Z,2026-08-19T12:47:00+0200,e079ef81-c4ef-4643-8235-c8ef85358b45,2026-08-04T23:15:00Z,2026-08-05T01:15:00+0200,6508.0,MW,ES,ES,actual_onshore_wind_generation,Wind Onshore,2026-08-19T10:57:03Z
2026-08-19T10:47:00Z,2026-08-19T12:47:00+0200,e079ef81-c4ef-4643-8235-c8ef85358b45,2026-08-04T23:30:00Z,2026-08-05T01:30:00+0200,6324.0,MW,ES,ES,actual_onshore_wind_generation,Wind Onshore,2026-08-19T10:57:03Z
2026-08-19T10:47:00Z,2026-08-19T12:47:00+0200,e079ef81-c4ef-4643-8235-c8ef85358b45,2026-08-04T23:45:00Z,2026-08-05T01:45:00+0200,6052.0,MW,ES,ES,actual_onshore_wind_generation,Wind Onshore,2026-08-19T10:57:03Z
2026-08-19T10:47:00Z,2026-08-19T12:47:00+0200,e079ef81-c4ef-4643-8235-c8ef85358b45,2026-08-05T00:00:00Z,2026-08-05T02:00:00+0200,5828.0,MW,ES,ES,actual_onshore_wind_generation,Wind Onshore,2026-08-19T10:57:03Z
2026-08-19T10:47:00Z,2026-08-19T12:47:00+0200,e079ef81-c4ef-4643-8235-c8ef85358b45,2026-08-05T00:15:00Z,2026-08-05T02:15:00+0200,5700.0,MW,ES,ES,actual_onshore_wind_generation,Wind Onshore,2026-08-19T10:57:03Z
2026-08-19T10:47:00Z,2026-08-19T12:47:00+0200,e079ef81-c4ef-4643-8235-c8ef85358b45,2026-08-05T00:30:00Z,2026-08-05T02:30:00+0200,5420.0,MW,ES,ES,actual_onshore_wind_generation,Wind Onshore,2026-08-19T10:57:03Z
2026-08-19T10:47:00Z,2026-08-19T12:47:00+0200,e079ef81-c4ef-4643-8235-c8ef85358b45,2026-08-05T00:45:00Z,2026-08-05T02:45:00+0200,5208.0,MW,ES,ES,actual_onshore_wind_generation,Wind Onshore,2026-08-19T10:57:03Z
2026-08-19T10:47:00Z,2026-08-19T12:47:00+0200,e079ef81-c4ef-4643-8235-c8ef85358b45,2026-08-05T01:00:00Z,2026-08-05T03:00:00+0200,5192.0,MW,ES,ES,actual_onshore_wind_generation,Wind Onshore,2026-08-19T10:57:03Z
2026-08-19T10:47:00Z,2026-08-19T12:47:00+0200,e079ef81-c4ef-4643-8235-c8ef85358b45,2026-08-05T01:15:00Z,2026-08-05T03:15:00+0200,5136.0,MW,ES,ES,actual_onshore_wind_generation,Wind Onshore,2026-08-19T10:57:03Z
2026-08-19T10:47:00Z,2026-08-19T12:47:00+0200,e079ef81-c4ef-4643-8235-c8ef85358b45,2026-08-05T01:30:00Z,2026-08-05T03:30:00+0200,5084.0,MW,ES,ES,actual_onshore_wind_generation,Wind Onshore,2026-08-19T10:57:03Z
2026-08-19T10:47:00Z,2026-08-19T12:47:00+0200,e079ef81-c4ef-4643-8235-c8ef85358b45,2026-08-05T01:45:00Z,2026-08-05T03:45:00+0200,4988.0,MW,ES,ES,actual_onshore_wind_generation,Wind Onshore,2026-08-19T10:57:03Z
2026-08-19T10:47:00Z,2026-08-19T12:47:00+0200,e079ef81-c4ef-4643-8235-c8ef85358b45,2026-08-05T02:00:00Z,2026-08-05T04:00:00+0200,4852.0,MW,ES,ES,actual_onshore_wind_generation,Wind Onshore,2026-08-19T10:57:03Z
2026-08-19T10:47:00Z,2026-08-19T12:47:00+0200,e079ef81-c4ef-4643-8235-c8ef85358b45,2026-08-05T02:15:00Z,2026-08-05T04:15:00+0200,4720.0,MW,ES,ES,actual_onshore_wind_generation,Wind Onshore,2026-08-19T10:57:03Z
2026-08-19T10:47:00Z,2026-08-19T12:47:00+0200,e079ef81-c4ef-4643-8235-c8ef85358b45,2026-08-05T02:30:00Z,2026-08-05T04:30:00+0200,4576.0,MW,ES,ES,actual_onshore_wind_generation,Wind Onshore,2026-08-19T10:57:03Z
2026-08-19T10:47:00Z,2026-08-19T12:47:00+0200,e079ef81-c4ef-4643-8235-c8ef85358b45,2026-08-05T02:45:00Z,2026-08-05T04:45:00+0200,4408.0,MW,ES,ES,actual_onshore_wind_generation,Wind Onshore,2026-08-19T10:57:03Z
2026-08-19T10:47:00Z,2026-08-19T12:47:00+0200,e079ef81-c4ef-4643-8235-c8ef85358b45,2026-08-05T03:00:00Z,2026-08-05T05:00:00+0200,4300.0,MW,ES,ES,actual_onshore_wind_generation,Wind Onshore,2026-08-19T10:57:03Z
2026-08-19T10:47:00Z,2026-08-19T12:47:00+0200,e079ef81-c4ef-4643-8235-c8ef85358b45,2026-08-05T03:15:00Z,2026-08-05T05:15:00+0200,4212.0,MW,ES,ES,actual_onshore_wind_generation,Wind Onshore,2026-08-19T10:57:03Z
2026-08-19T10:47:00Z,2026-08-19T12:47:00+0200,e079ef81-c4ef-4643-8235-c8ef85358b45,2026-08-05T03:30:00Z,2026-08-05T05:30:00+0200,4172.0,MW,ES,ES,actual_onshore_wind_generation,Wind Onshore,2026-08-19T10:57:03Z
2026-08-19T10:47:00Z,2026-08-19T12:47:00+0200,e079ef81-c4ef-4643-8235-c8ef85358b45,2026-08-05T03:45:00Z,2026-08-05T05:45:00+0200,4132.0,MW,ES,ES,actual_onshore_wind_generation,Wind Onshore,2026-08-19T10:57:03Z
2026-08-19T10:47:00Z,2026-08-19T12:47:00+0200,e079ef81-c4ef-4643-8235-c8ef85358b45,2026-08-05T04:00:00Z,2026-08-05T06:00:00+0200,4088.0,MW,ES,ES,actual_onshore_wind_generation,Wind Onshore,2026-08-19T10:57:03Z
2026-08-19T10:47:00Z,2026-08-19T12:47:00+0200,e079ef81-c4ef-4643-8235-c8ef85358b45,2026-08-05T04:15:00Z,2026-08-05T06:15:00+0200,3980.0,MW,ES,ES,actual_onshore_wind_generation,Wind Onshore,2026-08-19T10:57:03Z
2026-08-19T10:47:00Z,2026-08-19T12:47:00+0200,e079ef81-c4ef-4643-8235-c8ef85358b45,2026-08-05T04:30:00Z,2026-08-05T06:30:00+0200,3892.0,MW,ES,ES,actual_onshore_wind_generation,Wind Onshore,2026-08-19T10:57:03Z
2026-08-19T10:47:00Z,2026-08-19T12:47:00+0200,e079ef81-c4ef-4643-8235-c8ef85358b45,2026-08-05T04:45:00Z,2026-08-05T06:45:00+0200,3716.0,MW,ES,ES,actual_onshore_wind_generation,Wind Onshore,2026-08-19T10:57:03Z
2026-08-19T10:47:00Z,2026-08-19T12:47:00+0200,e079ef81-c4ef-4643-8235-c8ef85358b45,2026-08-05T05:00:00Z,2026-08-05T07:00:00+0200,3628.0,MW,ES,ES,actual_onshore_wind_generation,Wind Onshore,2026-08-19T10:57:03Z
2026-08-19T10:47:00Z,2026-08-19T12:47:00+0200,e079ef81-c4ef-4643-8235-c8ef85358b45,2026-08-05T05:15:00Z,2026-08-05T07:15:00+0200,3560.0,MW,ES,ES,actual_onshore_wind_generation,Wind Onshore,2026-08-19T10:57:03Z
2026-08-19T10:47:00Z,2026-08-19T12:47:00+0200,e079ef81-c4ef-4643-8235-c8ef85358b45,2026-08-05T05:30:00Z,2026-08-05T07:30:00+0200,3452.0,MW,ES,ES,actual_onshore_wind_generation,Wind Onshore,2026-08-19T10:57:03Z
2026-08-19T10:47:00Z,2026-08-19T12:47:00+0200,e079ef81-c4ef-4643-8235-c8ef85358b45,2026-08-05T05:45:00Z,2026-08-05T07:45:00+0200,3424.0,MW,ES,ES,actual_onshore_wind_generation,Wind Onshore,2026-08-19T10:57:03Z
2026-08-19T10:47:00Z,2026-08-19T12:47:00+0200,e079ef81-c4ef-4643-8235-c8ef85358b45,2026-08-05T06:00:00Z,2026-08-05T08:00:00+0200,3352.0,MW,ES,ES,actual_onshore_wind_generation,Wind Onshore,2026-08-19T10:57:03Z
2026-08-19T10:47:00Z,2026-08-19T12:47:00+0200,e079ef81-c4ef-4643-8235-c8ef85358b45,2026-08-05T06:15:00Z,2026-08-05T08:15:00+0200,3196.0,MW,ES,ES,actual_onshore_wind_generation,Wind Onshore,2026-08-19T10:57:03Z
2026-08-19T10:47:00Z,2026-08-19T12:47:00+0200,e079ef81-c4ef-4643-8235-c8ef85358b45,2026-08-05T06:30:00Z,2026-08-05T08:30:00+0200,2996.0,MW,ES,ES,actual_onshore_wind_generation,Wind Onshore,2026-08-19T10:57:03Z
2026-08-19T10:47:00Z,2026-08-19T12:47:00+0200,e079ef81-c4ef-4643-8235-c8ef85358b45,2026-08-05T06:45:00Z,2026-08-05T08:45:00+0200,2868.0,MW,ES,ES,actual_onshore_wind_generation,Wind Onshore,2026-08-19T10:57:03Z
2026-08-19T10:47:00Z,2026-08-19T12:47:00+0200,e079ef81-c4ef-4643-8235-c8ef85358b45,2026-08-05T07:00:00Z,2026-08-05T09:00:00+0200,2688.0,MW,ES,ES,actual_onshore_wind_generation,Wind Onshore,2026-08-19T10:57:03Z
2026-08-19T10:47:00Z,2026-08-19T12:47:00+0200,e079ef81-c4ef-4643-8235-c8ef85358b45,2026-08-05T07:15:00Z,2026-08-05T09:15:00+0200,2228.0,MW,ES,ES,actual_onshore_wind_generation,Wind Onshore,2026-08-19T10:57:03Z
2026-08-19T10:47:00Z,2026-08-19T12:47:00+0200,e079ef81-c4ef-4643-8235-c8ef85358b45,2026-08-05T07:30:00Z,2026-08-05T09:30:00+0200,2004.0,MW,ES,ES,actual_onshore_wind_generation,Wind Onshore,2026-08-19T10:57:03Z
2026-08-19T10:47:00Z,2026-08-19T12:47:00+0200,e079ef81-c4ef-4643-8235-c8ef85358b45,2026-08-05T07:45:00Z,2026-08-05T09:45:00+0200,1804.0,MW,ES,ES,actual_onshore_wind_generation,Wind Onshore,2026-08-19T10:57:03Z
2026-08-19T10:47:00Z,2026-08-19T12:47:00+0200,e079ef81-c4ef-4643-8235-c8ef85358b45,2026-08-05T08:00:00Z,2026-08-05T10:00:00+0200,1604.0,MW,ES,ES,actual_onshore_wind_generation,Wind Onshore,2026-08-19T10:57:03Z
2026-08-19T10:47:00Z,2026-08-19T12:47:00+0200,e079ef81-c4ef-4643-8235-c8ef85358b45,2026-08-05T08:15:00Z,2026-08-05T10:15:00+0200,1504.0,MW,ES,ES,actual_onshore_wind_generation,Wind Onshore,2026-08-19T10:57:03Z
2026-08-19T10:47:00Z,2026-08-19T12:47:00+0200,e079ef81-c4ef-4643-8235-c8ef85358b45,2026-08-05T08:30:00Z,2026-08-05T10:30:00+0200,1400.0,MW,ES,ES,actual_onshore_wind_generation,Wind Onshore,2026-08-19T10:57:03Z
2026-08-19T10:47:00Z,2026-08-19T12:47:00+0200,e079ef81-c4ef-4643-8235-c8ef85358b45,2026-08-05T08:45:00Z,2026-08-05T10:45:00+0200,1300.0,MW,ES,ES,actual_onshore_wind_generation,Wind Onshore,2026-08-19T10:57:03Z
2026-08-19T10:47:00Z,2026-08-19T12:47:00+0200,e079ef81-c4ef-4643-8235-c8ef85358b45,2026-08-05T09:00:00Z,2026-08-05T11:00:00+0200,1280.0,MW,ES,ES,actual_onshore_wind_generation,Wind Onshore,2026-08-19T10:57:03Z
2026-08-19T10:47:00Z,2026-08-19T12:47:00+0200,e079ef81-c4ef-4643-8235-c8ef85358b45,2026-08-05T09:15:00Z,2026-08-05T11:15:00+0200,1148.0,MW,ES,ES,actual_onshore_wind_generation,Wind Onshore,2026-08-19T10:57:03Z
2026-08-19T10:47:00Z,2026-08-19T12:47:00+0200,e079ef81-c4ef-4643-8235-c8ef85358b45,2026-08-05T09:30:00Z,2026-08-05T11:30:00+0200,1056.0,MW,ES,ES,actual_onshore_wind_generation,Wind Onshore,2026-08-19T10:57:03Z
2026-08-19T10:47:00Z,2026-08-19T12:47:00+0200,e079ef81-c4ef-4643-8235-c8ef85358b45,2026-08-05T09:45:00Z,2026-08-05T11:45:00+0200,1012.0,MW,ES,ES,actual_onshore_wind_generation,Wind Onshore,2026-08-19T10:57:03Z
2026-08-19T10:47:00Z,2026-08-19T12:47:00+0200,e079ef81-c4ef-4643-8235-c8ef85358b45,2026-08-05T10:00:00Z,2026-08-05T12:00:00+0200,968.0,MW,ES,ES,actual_onshore_wind_generation,Wind Onshore,2026-08-19T10:57:03Z
2026-08-19T10:47:00Z,2026-08-19T12:47:00+0200,e079ef81-c4ef-4643-8235-c8ef85358b45,2026-08-05T10:15:00Z,2026-08-05T12:15:00+0200,976.0,MW,ES,ES,actual_onshore_wind_generation,Wind Onshore,2026-08-19T10:57:03Z
2026-08-19T10:47:00Z,2026-08-19T12:47:00+0200,e079ef81-c4ef-4643-8235-c8ef85358b45,2026-08-05T10:30:00Z,2026-08-05T12:30:00+0200,976.0,MW,ES,ES,actual_onshore_wind_generation,Wind Onshore,2026-08-19T10:57:03Z
2026-08-19T10:47:00Z,2026-08-19T12:47:00+0200,e079ef81-c4ef-4643-8235-c8ef85358b45,2026-08-05T10:45:00Z,2026-08-05T12:45:00+0200,1000.0,MW,ES,ES,actual_onshore_wind_generation,Wind Onshore,2026-08-19T10:57:03Z
2026-08-19T10:47:00Z,2026-08-19T12:47:00+0200,e079ef81-c4ef-4643-8235-c8ef85358b45,2026-08-05T11:00:00Z,2026-08-05T13:00:00+0200,1012.0,MW,ES,ES,actual_onshore_wind_generation,Wind Onshore,2026-08-19T10:57:03Z
2026-08-19T10:47:00Z,2026-08-19T12:47:00+0200,e079ef81-c4ef-4643-8235-c8ef85358b45,2026-08-05T11:15:00Z,2026-08-05T13:15:00+0200,1036.0,MW,ES,ES,actual_onshore_wind_generation,Wind Onshore,2026-08-19T10:57:03Z
2026-08-19T10:47:00Z,2026-08-19T12:47:00+0200,e079ef81-c4ef-4643-8235-c8ef85358b45,2026-08-05T11:30:00Z,2026-08-05T13:30:00+0200,1112.0,MW,ES,ES,actual_onshore_wind_generation,Wind Onshore,2026-08-19T10:57:03Z
2026-08-19T10:47:00Z,2026-08-19T12:47:00+0200,e079ef81-c4ef-4643-8235-c8ef85358b45,2026-08-05T11:45:00Z,2026-08-05T13:45:00+0200,1240.0,MW,ES,ES,actual_onshore_wind_generation,Wind Onshore,2026-08-19T10:57:03Z
2026-08-19T10:47:00Z,2026-08-19T12:47:00+0200,e079ef81-c4ef-4643-8235-c8ef85358b45,2026-08-05T12:00:00Z,2026-08-05T14:00:00+0200,1292.0,MW,ES,ES,actual_onshore_wind_generation,Wind Onshore,2026-08-19T10:57:03Z
2026-08-19T10:47:00Z,2026-08-19T12:47:00+0200,e079ef81-c4ef-4643-8235-c8ef85358b45,2026-08-05T12:15:00Z,2026-08-05T14:15:00+0200,1312.0,MW,ES,ES,actual_onshore_wind_generation,Wind Onshore,2026-08-19T10:57:03Z
2026-08-19T10:47:00Z,2026-08-19T12:47:00+0200,e079ef81-c4ef-4643-8235-c8ef85358b45,2026-08-05T12:30:00Z,2026-08-05T14:30:00+0200,1392.0,MW,ES,ES,actual_onshore_wind_generation,Wind Onshore,2026-08-19T10:57:03Z
2026-08-19T10:47:00Z,2026-08-19T12:47:00+0200,e079ef81-c4ef-4643-8235-c8ef85358b45,2026-08-05T12:45:00Z,2026-08-05T14:45:00+0200,1516.0,MW,ES,ES,actual_onshore_wind_generation,Wind Onshore,2026-08-19T10:57:03Z
2026-08-19T10:47:00Z,2026-08-19T12:47:00+0200,e079ef81-c4ef-4643-8235-c8ef85358b45,2026-08-05T13:00:00Z,2026-08-05T15:00:00+0200,1628.0,MW,ES,ES,actual_onshore_wind_generation,Wind Onshore,2026-08-19T10:57:03Z
2026-08-19T10:47:00Z,2026-08-19T12:47:00+0200,e079ef81-c4ef-4643-8235-c8ef85358b45,2026-08-05T13:15:00Z,2026-08-05T15:15:00+0200,1696.0,MW,ES,ES,actual_onshore_wind_generation,Wind Onshore,2026-08-19T10:57:03Z
2026-08-19T10:47:00Z,2026-08-19T12:47:00+0200,e079ef81-c4ef-4643-8235-c8ef85358b45,2026-08-05T13:30:00Z,2026-08-05T15:30:00+0200,1780.0,MW,ES,ES,actual_onshore_wind_generation,Wind Onshore,2026-08-19T10:57:03Z
2026-08-19T10:47:00Z,2026-08-19T12:47:00+0200,e079ef81-c4ef-4643-8235-c8ef85358b45,2026-08-05T13:45:00Z,2026-08-05T15:45:00+0200,1868.0,MW,ES,ES,actual_onshore_wind_generation,Wind Onshore,2026-08-19T10:57:03Z
2026-08-19T10:47:00Z,2026-08-19T12:47:00+0200,e079ef81-c4ef-4643-8235-c8ef85358b45,2026-08-05T14:00:00Z,2026-08-05T16:00:00+0200,1928.0,MW,ES,ES,actual_onshore_wind_generation,Wind Onshore,2026-08-19T10:57:03Z
2026-08-19T10:47:00Z,2026-08-19T12:47:00+0200,e079ef81-c4ef-4643-8235-c8ef85358b45,2026-08-05T14:15:00Z,2026-08-05T16:15:00+0200,2020.0,MW,ES,ES,actual_onshore_wind_generation,Wind Onshore,2026-08-19T10:57:03Z
2026-08-19T10:47:00Z,2026-08-19T12:47:00+0200,e079ef81-c4ef-4643-8235-c8ef85358b45,2026-08-05T14:30:00Z,2026-08-05T16:30:00+0200,2180.0,MW,ES,ES,actual_onshore_wind_generation,Wind Onshore,2026-08-19T10:57:03Z
2026-08-19T10:47:00Z,2026-08-19T12:47:00+0200,e079ef81-c4ef-4643-8235-c8ef85358b45,2026-08-05T14:45:00Z,2026-08-05T16:45:00+0200,2408.0,MW,ES,ES,actual_onshore_wind_generation,Wind Onshore,2026-08-19T10:57:03Z
2026-08-19T10:47:00Z,2026-08-19T12:47:00+0200,e079ef81-c4ef-4643-8235-c8ef85358b45,2026-08-05T15:00:00Z,2026-08-05T17:00:00+0200,2536.0,MW,ES,ES,actual_onshore_wind_generation,Wind Onshore,2026-08-19T10:57:03Z
2026-08-19T10:47:00Z,2026-08-19T12:47:00+0200,e079ef81-c4ef-4643-8235-c8ef85358b45,2026-08-05T15:15:00Z,2026-08-05T17:15:00+0200,2712.0,MW,ES,ES,actual_onshore_wind_generation,Wind Onshore,2026-08-19T10:57:03Z
2026-08-19T10:47:00Z,2026-08-19T12:47:00+0200,e079ef81-c4ef-4643-8235-c8ef85358b45,2026-08-05T15:30:00Z,2026-08-05T17:30:00+0200,2928.0,MW,ES,ES,actual_onshore_wind_generation,Wind Onshore,2026-08-19T10:57:03Z
2026-08-19T10:47:00Z,2026-08-19T12:47:00+0200,e079ef81-c4ef-4643-8235-c8ef85358b45,2026-08-05T15:45:00Z,2026-08-05T17:45:00+0200,3224.0,MW,ES,ES,actual_onshore_wind_generation,Wind Onshore,2026-08-19T10:57:03Z
2026-08-19T10:47:00Z,2026-08-19T12:47:00+0200,e079ef81-c4ef-4643-8235-c8ef85358b45,2026-08-05T16:00:00Z,2026-08-05T18:00:00+0200,3616.0,MW,ES,ES,actual_onshore_wind_generation,Wind Onshore,2026-08-19T10:57:03Z
2026-08-19T10:47:00Z,2026-08-19T12:47:00+0200,e079ef81-c4ef-4643-8235-c8ef85358b45,2026-08-05T16:15:00Z,2026-08-05T18:15:00+0200,3876.0,MW,ES,ES,actual_onshore_wind_generation,Wind Onshore,2026-08-19T10:57:03Z
2026-08-19T10:47:00Z,2026-08-19T12:47:00+0200,e079ef81-c4ef-4643-8235-c8ef85358b45,2026-08-05T16:30:00Z,2026-08-05T18:30:00+0200,4120.0,MW,ES,ES,actual_onshore_wind_generation,Wind Onshore,2026-08-19T10:57:03Z
2026-08-19T10:47:00Z,2026-08-19T12:47:00+0200,e079ef81-c4ef-4643-8235-c8ef85358b45,2026-08-05T16:45:00Z,2026-08-05T18:45:00+0200,4400.0,MW,ES,ES,actual_onshore_wind_generation,Wind Onshore,2026-08-19T10:57:03Z
2026-08-19T10:47:00Z,2026-08-19T12:47:00+0200,e079ef81-c4ef-4643-8235-c8ef85358b45,2026-08-05T17:00:00Z,2026-08-05T19:00:00+0200,4888.0,MW,ES,ES,actual_onshore_wind_generation,Wind Onshore,2026-08-19T10:57:03Z
2026-08-19T10:47:00Z,2026-08-19T12:47:00+0200,e079ef81-c4ef-4643-8235-c8ef85358b45,2026-08-05T17:15:00Z,2026-08-05T19:15:00+0200,5316.0,MW,ES,ES,actual_onshore_wind_generation,Wind Onshore,2026-08-19T10:57:03Z
2026-08-19T10:47:00Z,2026-08-19T12:47:00+0200,e079ef81-c4ef-4643-8235-c8ef85358b45,2026-08-05T17:30:00Z,2026-08-05T19:30:00+0200,5604.0,MW,ES,ES,actual_onshore_wind_generation,Wind Onshore,2026-08-19T10:57:03Z
2026-08-19T10:47:00Z,2026-08-19T12:47:00+0200,e079ef81-c4ef-4643-8235-c8ef85358b45,2026-08-05T17:45:00Z,2026-08-05T19:45:00+0200,5928.0,MW,ES,ES,actual_onshore_wind_generation,Wind Onshore,2026-08-19T10:57:03Z
2026-08-19T10:47:00Z,2026-08-19T12:47:00+0200,e079ef81-c4ef-4643-8235-c8ef85358b45,2026-08-05T18:00:00Z,2026-08-05T20:00:00+0200,6328.0,MW,ES,ES,actual_onshore_wind_generation,Wind Onshore,2026-08-19T10:57:03Z
2026-08-19T10:47:00Z,2026-08-19T12:47:00+0200,e079ef81-c4ef-4643-8235-c8ef85358b45,2026-08-05T18:15:00Z,2026-08-05T20:15:00+0200,6608.0,MW,ES,ES,actual_onshore_wind_generation,Wind Onshore,2026-08-19T10:57:03Z
2026-08-19T10:47:00Z,2026-08-19T12:47:00+0200,e079ef81-c4ef-4643-8235-c8ef85358b45,2026-08-05T18:30:00Z,2026-08-05T20:30:00+0200,6816.0,MW,ES,ES,actual_onshore_wind_generation,Wind Onshore,2026-08-19T10:57:03Z
2026-08-19T10:47:00Z,2026-08-19T12:47:00+0200,e079ef81-c4ef-4643-8235-c8ef85358b45,2026-08-05T18:45:00Z,2026-08-05T20:45:00+0200,6948.0,MW,ES,ES,actual_onshore_wind_generation,Wind Onshore,2026-08-19T10:57:03Z
2026-08-19T10:47:00Z,2026-08-19T12:47:00+0200,e079ef81-c4ef-4643-8235-c8ef85358b45,2026-08-05T19:00:00Z,2026-08-05T21:00:00+0200,7156.0,MW,ES,ES,actual_onshore_wind_generation,Wind Onshore,2026-08-19T10:57:03Z
2026-08-19T10:47:00Z,2026-08-19T12:47:00+0200,e079ef81-c4ef-4643-8235-c8ef85358b45,2026-08-05T19:15:00Z,2026-08-05T21:15:00+0200,7224.0,MW,ES,ES,actual_onshore_wind_generation,Wind Onshore,2026-08-19T10:57:03Z
2026-08-19T10:47:00Z,2026-08-19T12:47:00+0200,e079ef81-c4ef-4643-8235-c8ef85358b45,2026-08-05T19:30:00Z,2026-08-05T21:30:00+0200,7260.0,MW,ES,ES,actual_onshore_wind_generation,Wind Onshore,2026-08-19T10:57:03Z
2026-08-19T10:47:00Z,2026-08-19T12:47:00+0200,e079ef81-c4ef-4643-8235-c8ef85358b45,2026-08-05T19:45:00Z,2026-08-05T21:45:00+0200,7376.0,MW,ES,ES,actual_onshore_wind_generation,Wind Onshore,2026-08-19T10:57:03Z
2026-08-19T10:47:00Z,2026-08-19T12:47:00+0200,e079ef81-c4ef-4643-8235-c8ef85358b45,2026-08-05T20:00:00Z,2026-08-05T22:00:00+0200,7408.0,MW,ES,ES,actual_onshore_wind_generation,Wind Onshore,2026-08-19T10:57:03Z
2026-08-19T10:47:00Z,2026-08-19T12:47:00+0200,e079ef81-c4ef-4643-8235-c8ef85358b45,2026-08-05T20:15:00Z,2026-08-05T22:15:00+0200,7388.0,MW,ES,ES,actual_onshore_wind_generation,Wind Onshore,2026-08-19T10:57:03Z
2026-08-19T10:47:00Z,2026-08-19T12:47:00+0200,e079ef81-c4ef-4643-8235-c8ef85358b45,2026-08-05T20:30:00Z,2026-08-05T22:30:00+0200,7584.0,MW,ES,ES,actual_onshore_wind_generation,Wind Onshore,2026-08-19T10:57:03Z
2026-08-19T10:47:00Z,2026-08-19T12:47:00+0200,e079ef81-c4ef-4643-8235-c8ef85358b45,2026-08-05T20:45:00Z,2026-08-05T22:45:00+0200,7824.0,MW,ES,ES,actual_onshore_wind_generation,Wind Onshore,2026-08-19T10:57:03Z
2026-08-19T10:47:00Z,2026-08-19T12:47:00+0200,e079ef81-c4ef-4643-8235-c8ef85358b45,2026-08-05T21:00:00Z,2026-08-05T23:00:00+0200,7804.0,MW,ES,ES,actual_onshore_wind_generation,Wind Onshore,2026-08-19T10:57:03Z
2026-08-19T10:47:00Z,2026-08-19T12:47:00+0200,e079ef81-c4ef-4643-8235-c8ef85358b45,2026-08-05T21:15:00Z,2026-08-05T23:15:00+0200,7908.0,MW,ES,ES,actual_onshore_wind_generation,Wind Onshore,2026-08-19T10:57:03Z
2026-08-19T10:47:00Z,2026-08-19T12:47:00+0200,e079ef81-c4ef-4643-8235-c8ef85358b45,2026-08-05T21:30:00Z,2026-08-05T23:30:00+0200,7892.0,MW,ES,ES,actual_onshore_wind_generation,Wind Onshore,2026-08-19T10:57:03Z
2026-08-19T10:47:00Z,2026-08-19T12:47:00+0200,e079ef81-c4ef-4643-8235-c8ef85358b45,2026-08-05T21:45:00Z,2026-08-05T23:45:00+0200,7768.0,MW,ES,ES,actual_onshore_wind_generation,Wind Onshore,2026-08-19T10:57:03Z
2026-08-19T10:47:00Z,2026-08-19T12:47:00+0200,e079ef81-c4ef-4643-8235-c8ef85358b45,2026-08-05T22:00:00Z,2026-08-06T00:00:00+0200,7556.0,MW,ES,ES,actual_onshore_wind_generation,Wind Onshore,2026-08-19T10:57:03Z
2026-08-19T10:47:00Z,2026-08-19T12:47:00+0200,e079ef81-c4ef-4643-8235-c8ef85358b45,2026-08-05T22:15:00Z,2026-08-06T00:15:00+0200,7408.0,MW,ES,ES,actual_onshore_wind_generation,Wind Onshore,2026-08-19T10:57:03Z
2026-08-19T10:47:00Z,2026-08-19T12:47:00+0200,e079ef81-c4ef-4643-8235-c8ef85358b45,2026-08-05T22:30:00Z,2026-08-06T00:30:00+0200,7232.0,MW,ES,ES,actual_onshore_wind_generation,Wind Onshore,2026-08-19T10:57:03Z
2026-08-19T10:47:00Z,2026-08-19T12:47:00+0200,e079ef81-c4ef-4643-8235-c8ef85358b45,2026-08-05T22:45:00Z,2026-08-06T00:45:00+0200,7032.0,MW,ES,ES,actual_onshore_wind_generation,Wind Onshore,2026-08-19T10:57:03Z
2026-08-19T10:47:00Z,2026-08-19T12:47:00+0200,e079ef81-c4ef-4643-8235-c8ef85358b45,2026-08-05T23:00:00Z,2026-08-06T01:00:00+0200,6908.0,MW,ES,ES,actual_onshore_wind_generation,Wind Onshore,2026-08-19T10:57:03Z
2026-08-19T10:47:00Z,2026-08-19T12:47:00+0200,e079ef81-c4ef-4643-8235-c8ef85358b45,2026-08-05T23:15:00Z,2026-08-06T01:15:00+0200,6752.0,MW,ES,ES,actual_onshore_wind_generation,Wind Onshore,2026-08-19T10:57:03Z
2026-08-19T10:47:00Z,2026-08-19T12:47:00+0200,e079ef81-c4ef-4643-8235-c8ef85358b45,2026-08-05T23:30:00Z,2026-08-06T01:30:00+0200,6672.0,MW,ES,ES,actual_onshore_wind_generation,Wind Onshore,2026-08-19T10:57:03Z
2026-08-19T10:47:00Z,2026-08-19T12:47:00+0200,e079ef81-c4ef-4643-8235-c8ef85358b45,2026-08-05T23:45:00Z,2026-08-06T01:45:00+0200,6532.0,MW,ES,ES,actual_onshore_wind_generation,Wind Onshore,2026-08-19T10:57:03Z
2026-08-19T10:47:00Z,2026-08-19T12:47:00+0200,e079ef81-c4ef-4643-8235-c8ef85358b45,2026-08-06T00:00:00Z,2026-08-06T02:00:00+0200,6356.0,MW,ES,ES,actual_onshore_wind_generation,Wind Onshore,2026-08-19T10:57:03Z
2026-08-19T10:47:00Z,2026-08-19T12:47:00+0200,e079ef81-c4ef-4643-8235-c8ef85358b45,2026-08-06T00:15:00Z,2026-08-06T02:15:00+0200,6168.0,MW,ES,ES,actual_onshore_wind_generation,Wind Onshore,2026-08-19T10:57:03Z
2026-08-19T10:47:00Z,2026-08-19T12:47:00+0200,e079ef81-c4ef-4643-8235-c8ef85358b45,2026-08-06T00:30:00Z,2026-08-06T02:30:00+0200,6020.0,MW,ES,ES,actual_onshore_wind_generation,Wind Onshore,2026-08-19T10:57:03Z
2026-08-19T10:47:00Z,2026-08-19T12:47:00+0200,e079ef81-c4ef-4643-8235-c8ef85358b45,2026-08-06T00:45:00Z,2026-08-06T02:45:00+0200,5792.0,MW,ES,ES,actual_onshore_wind_generation,Wind Onshore,2026-08-19T10:57:03Z
2026-08-19T10:47:00Z,2026-08-19T12:47:00+0200,e079ef81-c4ef-4643-8235-c8ef85358b45,2026-08-06T01:00:00Z,2026-08-06T03:00:00+0200,5656.0,MW,ES,ES,actual_onshore_wind_generation,Wind Onshore,2026-08-19T10:57:03Z
2026-08-19T10:47:00Z,2026-08-19T12:47:00+0200,e079ef81-c4ef-4643-8235-c8ef85358b45,2026-08-06T01:15:00Z,2026-08-06T03:15:00+0200,5560.0,MW,ES,ES,actual_onshore_wind_generation,Wind Onshore,2026-08-19T10:57:03Z
2026-08-19T10:47:00Z,2026-08-19T12:47:00+0200,e079ef81-c4ef-4643-8235-c8ef85358b45,2026-08-06T01:30:00Z,2026-08-06T03:30:00+0200,5556.0,MW,ES,ES,actual_onshore_wind_generation,Wind Onshore,2026-08-19T10:57:03Z
2026-08-19T10:47:00Z,2026-08-19T12:47:00+0200,e079ef81-c4ef-4643-8235-c8ef85358b45,2026-08-06T01:45:00Z,2026-08-06T03:45:00+0200,5544.0,MW,ES,ES,actual_onshore_wind_generation,Wind Onshore,2026-08-19T10:57:03Z
2026-08-19T10:47:00Z,2026-08-19T12:47:00+0200,e079ef81-c4ef-4643-8235-c8ef85358b45,2026-08-06T02:00:00Z,2026-08-06T04:00:00+0200,5492.0,MW,ES,ES,actual_onshore_wind_generation,Wind Onshore,2026-08-19T10:57:03Z
2026-08-19T10:47:00Z,2026-08-19T12:47:00+0200,e079ef81-c4ef-4643-8235-c8ef85358b45,2026-08-06T02:15:00Z,2026-08-06T04:15:00+0200,5356.0,MW,ES,ES,actual_onshore_wind_generation,Wind Onshore,2026-08-19T10:57:03Z
2026-08-19T10:47:00Z,2026-08-19T12:47:00+0200,e079ef81-c4ef-4643-8235-c8ef85358b45,2026-08-06T02:30:00Z,2026-08-06T04:30:00+0200,5220.0,MW,ES,ES,actual_onshore_wind_generation,Wind Onshore,2026-08-19T10:57:03Z
2026-08-19T10:47:00Z,2026-08-19T12:47:00+0200,e079ef81-c4ef-4643-8235-c8ef85358b45,2026-08-06T02:45:00Z,2026-08-06T04:45:00+0200,5064.0,MW,ES,ES,actual_onshore_wind_generation,Wind Onshore,2026-08-19T10:57:03Z
2026-08-19T10:47:00Z,2026-08-19T12:47:00+0200,e079ef81-c4ef-4643-8235-c8ef85358b45,2026-08-06T03:00:00Z,2026-08-06T05:00:00+0200,4956.0,MW,ES,ES,actual_onshore_wind_generation,Wind Onshore,2026-08-19T10:57:03Z
2026-08-19T10:47:00Z,2026-08-19T12:47:00+0200,e079ef81-c4ef-4643-8235-c8ef85358b45,2026-08-06T03:15:00Z,2026-08-06T05:15:00+0200,4900.0,MW,ES,ES,actual_onshore_wind_generation,Wind Onshore,2026-08-19T10:57:03Z
2026-08-19T10:47:00Z,2026-08-19T12:47:00+0200,e079ef81-c4ef-4643-8235-c8ef85358b45,2026-08-06T03:30:00Z,2026-08-06T05:30:00+0200,4768.0,MW,ES,ES,actual_onshore_wind_generation,Wind Onshore,2026-08-19T10:57:03Z
2026-08-19T10:47:00Z,2026-08-19T12:47:00+0200,e079ef81-c4ef-4643-8235-c8ef85358b45,2026-08-06T03:45:00Z,2026-08-06T05:45:00+0200,4716.0,MW,ES,ES,actual_onshore_wind_generation,Wind Onshore,2026-08-19T10:57:03Z
2026-08-19T10:47:00Z,2026-08-19T12:47:00+0200,e079ef81-c4ef-4643-8235-c8ef85358b45,2026-08-06T04:00:00Z,2026-08-06T06:00:00+0200,4632.0,MW,ES,ES,actual_onshore_wind_generation,Wind Onshore,2026-08-19T10:57:03Z
2026-08-19T10:47:00Z,2026-08-19T12:47:00+0200,e079ef81-c4ef-4643-8235-c8ef85358b45,2026-08-06T04:15:00Z,2026-08-06T06:15:00+0200,4572.0,MW,ES,ES,actual_onshore_wind_generation,Wind Onshore,2026-08-19T10:57:03Z
2026-08-19T10:47:00Z,2026-08-19T12:47:00+0200,e079ef81-c4ef-4643-8235-c8ef85358b45,2026-08-06T04:30:00Z,2026-08-06T06:30:00+0200,4616.0,MW,ES,ES,actual_onshore_wind_generation,Wind Onshore,2026-08-19T10:57:03Z
2026-08-19T10:47:00Z,2026-08-19T12:47:00+0200,e079ef81-c4ef-4643-8235-c8ef85358b45,2026-08-06T04:45:00Z,2026-08-06T06:45:00+0200,4528.0,MW,ES,ES,actual_onshore_wind_generation,Wind Onshore,2026-08-19T10:57:03Z
2026-08-19T10:47:00Z,2026-08-19T12:47:00+0200,e079ef81-c4ef-4643-8235-c8ef85358b45,2026-08-06T05:00:00Z,2026-08-06T07:00:00+0200,4344.0,MW,ES,ES,actual_onshore_wind_generation,Wind Onshore,2026-08-19T10:57:03Z
2026-08-19T10:47:00Z,2026-08-19T12:47:00+0200,e079ef81-c4ef-4643-8235-c8ef85358b45,2026-08-06T05:15:00Z,2026-08-06T07:15:00+0200,4240.0,MW,ES,ES,actual_onshore_wind_generation,Wind Onshore,2026-08-19T10:57:03Z
2026-08-19T10:47:00Z,2026-08-19T12:47:00+0200,e079ef81-c4ef-4643-8235-c8ef85358b45,2026-08-06T05:30:00Z,2026-08-06T07:30:00+0200,4068.0,MW,ES,ES,actual_onshore_wind_generation,Wind Onshore,2026-08-19T10:57:03Z
2026-08-19T10:47:00Z,2026-08-19T12:47:00+0200,e079ef81-c4ef-4643-8235-c8ef85358b45,2026-08-06T05:45:00Z,2026-08-06T07:45:00+0200,3948.0,MW,ES,ES,actual_onshore_wind_generation,Wind Onshore,2026-08-19T10:57:03Z
2026-08-19T10:47:00Z,2026-08-19T12:47:00+0200,e079ef81-c4ef-4643-8235-c8ef85358b45,2026-08-06T06:00:00Z,2026-08-06T08:00:00+0200,3752.0,MW,ES,ES,actual_onshore_wind_generation,Wind Onshore,2026-08-19T10:57:03Z
2026-08-19T10:47:00Z,2026-08-19T12:47:00+0200,e079ef81-c4ef-4643-8235-c8ef85358b45,2026-08-06T06:15:00Z,2026-08-06T08:15:00+0200,3548.0,MW,ES,ES,actual_onshore_wind_generation,Wind Onshore,2026-08-19T10:57:03Z
2026-08-19T10:47:00Z,2026-08-19T12:47:00+0200,e079ef81-c4ef-4643-8235-c8ef85358b45,2026-08-06T06:30:00Z,2026-08-06T08:30:00+0200,3388.0,MW,ES,ES,actual_onshore_wind_generation,Wind Onshore,2026-08-19T10:57:03Z
2026-08-19T10:47:00Z,2026-08-19T12:47:00+0200,e079ef81-c4ef-4643-8235-c8ef85358b45,2026-08-06T06:45:00Z,2026-08-06T08:45:00+0200,3212.0,MW,ES,ES,actual_onshore_wind_generation,Wind Onshore,2026-08-19T10:57:03Z
2026-08-19T10:47:00Z,2026-08-19T12:47:00+0200,e079ef81-c4ef-4643-8235-c8ef85358b45,2026-08-06T07:00:00Z,2026-08-06T09:00:00+0200,3084.0,MW,ES,ES,actual_onshore_wind_generation,Wind Onshore,2026-08-19T10:57:03Z
2026-08-19T10:47:00Z,2026-08-19T12:47:00+0200,e079ef81-c4ef-4643-8235-c8ef85358b45,2026-08-06T07:15:00Z,2026-08-06T09:15:00+0200,2848.0,MW,ES,ES,actual_onshore_wind_generation,Wind Onshore,2026-08-19T10:57:03Z
2026-08-19T10:47:00Z,2026-08-19T12:47:00+0200,e079ef81-c4ef-4643-8235-c8ef85358b45,2026-08-06T07:30:00Z,2026-08-06T09:30:00+0200,2560.0,MW,ES,ES,actual_onshore_wind_generation,Wind Onshore,2026-08-19T10:57:03Z
2026-08-19T10:47:00Z,2026-08-19T12:47:00+0200,e079ef81-c4ef-4643-8235-c8ef85358b45,2026-08-06T07:45:00Z,2026-08-06T09:45:00+0200,2376.0,MW,ES,ES,actual_onshore_wind_generation,Wind Onshore,2026-08-19T10:57:03Z
2026-08-19T10:47:00Z,2026-08-19T12:47:00+0200,e079ef81-c4ef-4643-8235-c8ef85358b45,2026-08-06T08:00:00Z,2026-08-06T10:00:00+0200,2216.0,MW,ES,ES,actual_onshore_wind_generation,Wind Onshore,2026-08-19T10:57:03Z
2026-08-19T10:47:00Z,2026-08-19T12:47:00+0200,e079ef81-c4ef-4643-8235-c8ef85358b45,2026-08-06T08:15:00Z,2026-08-06T10:15:00+0200,2032.0,MW,ES,ES,actual_onshore_wind_generation,Wind Onshore,2026-08-19T10:57:03Z
2026-08-19T10:47:00Z,2026-08-19T12:47:00+0200,e079ef81-c4ef-4643-8235-c8ef85358b45,2026-08-06T08:30:00Z,2026-08-06T10:30:00+0200,1852.0,MW,ES,ES,actual_onshore_wind_generation,Wind Onshore,2026-08-19T10:57:03Z
2026-08-19T10:47:00Z,2026-08-19T12:47:00+0200,e079ef81-c4ef-4643-8235-c8ef85358b45,2026-08-06T08:45:00Z,2026-08-06T10:45:00+0200,1768.0,MW,ES,ES,actual_onshore_wind_generation,Wind Onshore,2026-08-19T10:57:03Z
2026-08-19T10:47:00Z,2026-08-19T12:47:00+0200,e079ef81-c4ef-4643-8235-c8ef85358b45,2026-08-06T09:00:00Z,2026-08-06T11:00:00+0200,1680.0,MW,ES,ES,actual_onshore_wind_generation,Wind Onshore,2026-08-19T10:57:03Z
2026-08-19T10:47:00Z,2026-08-19T12:47:00+0200,e079ef81-c4ef-4643-8235-c8ef85358b45,2026-08-06T09:15:00Z,2026-08-06T11:15:00+0200,1572.0,MW,ES,ES,actual_onshore_wind_generation,Wind Onshore,2026-08-19T10:57:03Z
2026-08-19T10:47:00Z,2026-08-19T12:47:00+0200,e079ef81-c4ef-4643-8235-c8ef85358b45,2026-08-06T09:30:00Z,2026-08-06T11:30:00+0200,1476.0,MW,ES,ES,actual_onshore_wind_generation,Wind Onshore,2026-08-19T10:57:03Z
2026-08-19T10:47:00Z,2026-08-19T12:47:00+0200,e079ef81-c4ef-4643-8235-c8ef85358b45,2026-08-06T09:45:00Z,2026-08-06T11:45:00+0200,1420.0,MW,ES,ES,actual_onshore_wind_generation,Wind Onshore,2026-08-19T10:57:03Z
2026-08-19T10:47:00Z,2026-08-19T12:47:00+0200,e079ef81-c4ef-4643-8235-c8ef85358b45,2026-08-06T10:00:00Z,2026-08-06T12:00:00+0200,1388.0,MW,ES,ES,actual_onshore_wind_generation,Wind Onshore,2026-08-19T10:57:03Z
2026-08-19T10:47:00Z,2026-08-19T12:47:00+0200,e079ef81-c4ef-4643-8235-c8ef85358b45,2026-08-06T10:15:00Z,2026-08-06T12:15:00+0200,1404.0,MW,ES,ES,actual_onshore_wind_generation,Wind Onshore,2026-08-19T10:57:03Z
2026-08-19T10:47:00Z,2026-08-19T12:47:00+0200,e079ef81-c4ef-4643-8235-c8ef85358b45,2026-08-06T10:30:00Z,2026-08-06T12:30:00+0200,1392.0,MW,ES,ES,actual_onshore_wind_generation,Wind Onshore,2026-08-19T10:57:03Z
2026-08-19T10:47:00Z,2026-08-19T12:47:00+0200,e079ef81-c4ef-4643-8235-c8ef85358b45,2026-08-06T10:45:00Z,2026-08-06T12:45:00+0200,1396.0,MW,ES,ES,actual_onshore_wind_generation,Wind Onshore,2026-08-19T10:57:03Z
2026-08-19T10:47:00Z,2026-08-19T12:47:00+0200,e079ef81-c4ef-4643-8235-c8ef85358b45,2026-08-06T11:00:00Z,2026-08-06T13:00:00+0200,1196.0,MW,ES,ES,actual_onshore_wind_generation,Wind Onshore,2026-08-19T10:57:03Z
2026-08-19T10:47:00Z,2026-08-19T12:47:00+0200,e079ef81-c4ef-4643-8235-c8ef85358b45,2026-08-06T11:15:00Z,2026-08-06T13:15:00+0200,1172.0,MW,ES,ES,actual_onshore_wind_generation,Wind Onshore,2026-08-19T10:57:03Z
2026-08-19T10:47:00Z,2026-08-19T12:47:00+0200,e079ef81-c4ef-4643-8235-c8ef85358b45,2026-08-06T11:30:00Z,2026-08-06T13:30:00+0200,1196.0,MW,ES,ES,actual_onshore_wind_generation,Wind Onshore,2026-08-19T10:57:03Z
2026-08-19T10:47:00Z,2026-08-19T12:47:00+0200,e079ef81-c4ef-4643-8235-c8ef85358b45,2026-08-06T11:45:00Z,2026-08-06T13:45:00+0200,1320.0,MW,ES,ES,actual_onshore_wind_generation,Wind Onshore,2026-08-19T10:57:03Z
2026-08-19T10:47:00Z,2026-08-19T12:47:00+0200,e079ef81-c4ef-4643-8235-c8ef85358b45,2026-08-06T12:00:00Z,2026-08-06T14:00:00+0200,1468.0,MW,ES,ES,actual_onshore_wind_generation,Wind Onshore,2026-08-19T10:57:03Z
2026-08-19T10:47:00Z,2026-08-19T12:47:00+0200,e079ef81-c4ef-4643-8235-c8ef85358b45,2026-08-06T12:15:00Z,2026-08-06T14:15:00+0200,1544.0,MW,ES,ES,actual_onshore_wind_generation,Wind Onshore,2026-08-19T10:57:03Z
2026-08-19T10:47:00Z,2026-08-19T12:47:00+0200,e079ef81-c4ef-4643-8235-c8ef85358b45,2026-08-06T12:30:00Z,2026-08-06T14:30:00+0200,1716.0,MW,ES,ES,actual_onshore_wind_generation,Wind Onshore,2026-08-19T10:57:03Z
2026-08-19T10:47:00Z,2026-08-19T12:47:00+0200,e079ef81-c4ef-4643-8235-c8ef85358b45,2026-08-06T12:45:00Z,2026-08-06T14:45:00+0200,1812.0,MW,ES,ES,actual_onshore_wind_generation,Wind Onshore,2026-08-19T10:57:03Z
2026-08-19T10:47:00Z,2026-08-19T12:47:00+0200,e079ef81-c4ef-4643-8235-c8ef85358b45,2026-08-06T13:00:00Z,2026-08-06T15:00:00+0200,1936.0,MW,ES,ES,actual_onshore_wind_generation,Wind Onshore,2026-08-19T10:57:03Z
2026-08-19T10:47:00Z,2026-08-19T12:47:00+0200,e079ef81-c4ef-4643-8235-c8ef85358b45,2026-08-06T13:15:00Z,2026-08-06T15:15:00+0200,2072.0,MW,ES,ES,actual_onshore_wind_generation,Wind Onshore,2026-08-19T10:57:03Z
2026-08-19T10:47:00Z,2026-08-19T12:47:00+0200,e079ef81-c4ef-4643-8235-c8ef85358b45,2026-08-06T13:30:00Z,2026-08-06T15:30:00+0200,2224.0,MW,ES,ES,actual_onshore_wind_generation,Wind Onshore,2026-08-19T10:57:03Z
2026-08-19T10:47:00Z,2026-08-19T12:47:00+0200,e079ef81-c4ef-4643-8235-c8ef85358b45,2026-08-06T13:45:00Z,2026-08-06T15:45:00+0200,2332.0,MW,ES,ES,actual_onshore_wind_generation,Wind Onshore,2026-08-19T10:57:03Z
2026-08-19T10:47:00Z,2026-08-19T12:47:00+0200,e079ef81-c4ef-4643-8235-c8ef85358b45,2026-08-06T14:00:00Z,2026-08-06T16:00:00+0200,2384.0,MW,ES,ES,actual_onshore_wind_generation,Wind Onshore,2026-08-19T10:57:03Z
2026-08-19T10:47:00Z,2026-08-19T12:47:00+0200,e079ef81-c4ef-4643-8235-c8ef85358b45,2026-08-06T14:15:00Z,2026-08-06T16:15:00+0200,2456.0,MW,ES,ES,actual_onshore_wind_generation,Wind Onshore,2026-08-19T10:57:03Z
2026-08-19T10:47:00Z,2026-08-19T12:47:00+0200,e079ef81-c4ef-4643-8235-c8ef85358b45,2026-08-06T14:30:00Z,2026-08-06T16:30:00+0200,2572.0,MW,ES,ES,actual_onshore_wind_generation,Wind Onshore,2026-08-19T10:57:03Z
2026-08-19T10:47:00Z,2026-08-19T12:47:00+0200,e079ef81-c4ef-4643-8235-c8ef85358b45,2026-08-06T14:45:00Z,2026-08-06T16:45:00+0200,2676.0,MW,ES,ES,actual_onshore_wind_generation,Wind Onshore,2026-08-19T10:57:03Z
2026-08-19T10:47:00Z,2026-08-19T12:47:00+0200,e079ef81-c4ef-4643-8235-c8ef85358b45,2026-08-06T15:00:00Z,2026-08-06T17:00:00+0200,2896.0,MW,ES,ES,actual_onshore_wind_generation,Wind Onshore,2026-08-19T10:57:03Z
2026-08-19T10:47:00Z,2026-08-19T12:47:00+0200,e079ef81-c4ef-4643-8235-c8ef85358b45,2026-08-06T15:15:00Z,2026-08-06T17:15:00+0200,3016.0,MW,ES,ES,actual_onshore_wind_generation,Wind Onshore,2026-08-19T10:57:03Z
2026-08-19T10:47:00Z,2026-08-19T12:47:00+0200,e079ef81-c4ef-4643-8235-c8ef85358b45,2026-08-06T15:30:00Z,2026-08-06T17:30:00+0200,3172.0,MW,ES,ES,actual_onshore_wind_generation,Wind Onshore,2026-08-19T10:57:03Z
2026-08-19T10:47:00Z,2026-08-19T12:47:00+0200,e079ef81-c4ef-4643-8235-c8ef85358b45,2026-08-06T15:45:00Z,2026-08-06T17:45:00+0200,3340.0,MW,ES,ES,actual_onshore_wind_generation,Wind Onshore,2026-08-19T10:57:03Z
2026-08-19T10:47:00Z,2026-08-19T12:47:00+0200,e079ef81-c4ef-4643-8235-c8ef85358b45,2026-08-06T16:00:00Z,2026-08-06T18:00:00+0200,3432.0,MW,ES,ES,actual_onshore_wind_generation,Wind Onshore,2026-08-19T10:57:03Z
2026-08-19T10:47:00Z,2026-08-19T12:47:00+0200,e079ef81-c4ef-4643-8235-c8ef85358b45,2026-08-06T16:15:00Z,2026-08-06T18:15:00+0200,3648.0,MW,ES,ES,actual_onshore_wind_generation,Wind Onshore,2026-08-19T10:57:03Z
2026-08-19T10:47:00Z,2026-08-19T12:47:00+0200,e079ef81-c4ef-4643-8235-c8ef85358b45,2026-08-06T16:30:00Z,2026-08-06T18:30:00+0200,3828.0,MW,ES,ES,actual_onshore_wind_generation,Wind Onshore,2026-08-19T10:57:03Z
2026-08-19T10:47:00Z,2026-08-19T12:47:00+0200,e079ef81-c4ef-4643-8235-c8ef85358b45,2026-08-06T16:45:00Z,2026-08-06T18:45:00+0200,4144.0,MW,ES,ES,actual_onshore_wind_generation,Wind Onshore,2026-08-19T10:57:03Z
2026-08-19T10:47:00Z,2026-08-19T12:47:00+0200,e079ef81-c4ef-4643-8235-c8ef85358b45,2026-08-06T17:00:00Z,2026-08-06T19:00:00+0200,4640.0,MW,ES,ES,actual_onshore_wind_generation,Wind Onshore,2026-08-19T10:57:03Z
2026-08-19T10:47:00Z,2026-08-19T12:47:00+0200,e079ef81-c4ef-4643-8235-c8ef85358b45,2026-08-06T17:15:00Z,2026-08-06T19:15:00+0200,4988.0,MW,ES,ES,actual_onshore_wind_generation,Wind Onshore,2026-08-19T10:57:03Z
2026-08-19T10:47:00Z,2026-08-19T12:47:00+0200,e079ef81-c4ef-4643-8235-c8ef85358b45,2026-08-06T17:30:00Z,2026-08-06T19:30:00+0200,5272.0,MW,ES,ES,actual_onshore_wind_generation,Wind Onshore,2026-08-19T10:57:03Z
2026-08-19T10:47:00Z,2026-08-19T12:47:00+0200,e079ef81-c4ef-4643-8235-c8ef85358b45,2026-08-06T17:45:00Z,2026-08-06T19:45:00+0200,5480.0,MW,ES,ES,actual_onshore_wind_generation,Wind Onshore,2026-08-19T10:57:03Z
2026-08-19T10:47:00Z,2026-08-19T12:47:00+0200,e079ef81-c4ef-4643-8235-c8ef85358b45,2026-08-06T18:00:00Z,2026-08-06T20:00:00+0200,5916.0,MW,ES,ES,actual_onshore_wind_generation,Wind Onshore,2026-08-19T10:57:03Z
2026-08-19T10:47:00Z,2026-08-19T12:47:00+0200,e079ef81-c4ef-4643-8235-c8ef85358b45,2026-08-06T18:15:00Z,2026-08-06T20:15:00+0200,6176.0,MW,ES,ES,actual_onshore_wind_generation,Wind Onshore,2026-08-19T10:57:03Z
2026-08-19T10:47:00Z,2026-08-19T12:47:00+0200,e079ef81-c4ef-4643-8235-c8ef85358b45,2026-08-06T18:30:00Z,2026-08-06T20:30:00+0200,6376.0,MW,ES,ES,actual_onshore_wind_generation,Wind Onshore,2026-08-19T10:57:03Z
2026-08-19T10:47:00Z,2026-08-19T12:47:00+0200,e079ef81-c4ef-4643-8235-c8ef85358b45,2026-08-06T18:45:00Z,2026-08-06T20:45:00+0200,6528.0,MW,ES,ES,actual_onshore_wind_generation,Wind Onshore,2026-08-19T10:57:03Z
2026-08-19T10:47:00Z,2026-08-19T12:47:00+0200,e079ef81-c4ef-4643-8235-c8ef85358b45,2026-08-06T19:00:00Z,2026-08-06T21:00:00+0200,6752.0,MW,ES,ES,actual_onshore_wind_generation,Wind Onshore,2026-08-19T10:57:03Z
2026-08-19T10:47:00Z,2026-08-19T12:47:00+0200,e079ef81-c4ef-4643-8235-c8ef85358b45,2026-08-06T19:15:00Z,2026-08-06T21:15:00+0200,6900.0,MW,ES,ES,actual_onshore_wind_generation,Wind Onshore,2026-08-19T10:57:03Z
2026-08-19T10:47:00Z,2026-08-19T12:47:00+0200,e079ef81-c4ef-4643-8235-c8ef85358b45,2026-08-06T19:30:00Z,2026-08-06T21:30:00+0200,7112.0,MW,ES,ES,actual_onshore_wind_generation,Wind Onshore,2026-08-19T10:57:03Z
2026-08-19T10:47:00Z,2026-08-19T12:47:00+0200,e079ef81-c4ef-4643-8235-c8ef85358b45,2026-08-06T19:45:00Z,2026-08-06T21:45:00+0200,7328.0,MW,ES,ES,actual_onshore_wind_generation,Wind Onshore,2026-08-19T10:57:03Z
2026-08-19T10:47:00Z,2026-08-19T12:47:00+0200,e079ef81-c4ef-4643-8235-c8ef85358b45,2026-08-06T20:00:00Z,2026-08-06T22:00:00+0200,7412.0,MW,ES,ES,actual_onshore_wind_generation,Wind Onshore,2026-08-19T10:57:03Z
2026-08-19T10:47:00Z,2026-08-19T12:47:00+0200,e079ef81-c4ef-4643-8235-c8ef85358b45,2026-08-06T20:15:00Z,2026-08-06T22:15:00+0200,7676.0,MW,ES,ES,actual_onshore_wind_generation,Wind Onshore,2026-08-19T10:57:03Z
2026-08-19T10:47:00Z,2026-08-19T12:47:00+0200,e079ef81-c4ef-4643-8235-c8ef85358b45,2026-08-06T20:30:00Z,2026-08-06T22:30:00+0200,7796.0,MW,ES,ES,actual_onshore_wind_generation,Wind Onshore,2026-08-19T10:57:03Z
2026-08-19T10:47:00Z,2026-08-19T12:47:00+0200,e079ef81-c4ef-4643-8235-c8ef85358b45,2026-08-06T20:45:00Z,2026-08-06T22:45:00+0200,7788.0,MW,ES,ES,actual_onshore_wind_generation,Wind Onshore,2026-08-19T10:57:03Z
2026-08-19T10:47:00Z,2026-08-19T12:47:00+0200,e079ef81-c4ef-4643-8235-c8ef85358b45,2026-08-06T21:00:00Z,2026-08-06T23:00:00+0200,7644.0,MW,ES,ES,actual_onshore_wind_generation,Wind Onshore,2026-08-19T10:57:03Z
2026-08-19T10:47:00Z,2026-08-19T12:47:00+0200,e079ef81-c4ef-4643-8235-c8ef85358b45,2026-08-06T21:15:00Z,2026-08-06T23:15:00+0200,7456.0,MW,ES,ES,actual_onshore_wind_generation,Wind Onshore,2026-08-19T10:57:03Z
2026-08-19T10:47:00Z,2026-08-19T12:47:00+0200,e079ef81-c4ef-4643-8235-c8ef85358b45,2026-08-06T21:30:00Z,2026-08-06T23:30:00+0200,7288.0,MW,ES,ES,actual_onshore_wind_generation,Wind Onshore,2026-08-19T10:57:03Z
2026-08-19T10:47:00Z,2026-08-19T12:47:00+0200,e079ef81-c4ef-4643-8235-c8ef85358b45,2026-08-06T21:45:00Z,2026-08-06T23:45:00+0200,6912.0,MW,ES,ES,actual_onshore_wind_generation,Wind Onshore,2026-08-19T10:57:03Z
2026-08-19T10:47:00Z,2026-08-19T12:47:00+0200,e079ef81-c4ef-4643-8235-c8ef85358b45,2026-08-06T22:00:00Z,2026-08-07T00:00:00+0200,6400.0,MW,ES,ES,actual_onshore_wind_generation,Wind Onshore,2026-08-19T10:57:03Z
2026-08-19T10:47:00Z,2026-08-19T12:47:00+0200,e079ef81-c4ef-4643-8235-c8ef85358b45,2026-08-06T22:15:00Z,2026-08-07T00:15:00+0200,5880.0,MW,ES,ES,actual_onshore_wind_generation,Wind Onshore,2026-08-19T10:57:03Z
2026-08-19T10:47:00Z,2026-08-19T12:47:00+0200,e079ef81-c4ef-4643-8235-c8ef85358b45,2026-08-06T22:30:00Z,2026-08-07T00:30:00+0200,5412.0,MW,ES,ES,actual_onshore_wind_generation,Wind Onshore,2026-08-19T10:57:03Z
2026-08-19T10:47:00Z,2026-08-19T12:47:00+0200,e079ef81-c4ef-4643-8235-c8ef85358b45,2026-08-06T22:45:00Z,2026-08-07T00:45:00+0200,5156.0,MW,ES,ES,actual_onshore_wind_generation,Wind Onshore,2026-08-19T10:57:03Z
2026-08-19T10:47:00Z,2026-08-19T12:47:00+0200,e079ef81-c4ef-4643-8235-c8ef85358b45,2026-08-06T23:00:00Z,2026-08-07T01:00:00+0200,5136.0,MW,ES,ES,actual_onshore_wind_generation,Wind Onshore,2026-08-19T10:57:03Z
2026-08-19T10:47:00Z,2026-08-19T12:47:00+0200,e079ef81-c4ef-4643-8235-c8ef85358b45,2026-08-06T23:15:00Z,2026-08-07T01:15:00+0200,5172.0,MW,ES,ES,actual_onshore_wind_generation,Wind Onshore,2026-08-19T10:57:03Z
2026-08-19T10:47:00Z,2026-08-19T12:47:00+0200,e079ef81-c4ef-4643-8235-c8ef85358b45,2026-08-06T23:30:00Z,2026-08-07T01:30:00+0200,5176.0,MW,ES,ES,actual_onshore_wind_generation,Wind Onshore,2026-08-19T10:57:03Z
2026-08-19T10:47:00Z,2026-08-19T12:47:00+0200,e079ef81-c4ef-4643-8235-c8ef85358b45,2026-08-06T23:45:00Z,2026-08-07T01:45:00+0200,5148.0,MW,ES,ES,actual_onshore_wind_generation,Wind Onshore,2026-08-19T10:57:03Z
2026-08-19T10:47:00Z,2026-08-19T12:47:00+0200,e079ef81-c4ef-4643-8235-c8ef85358b45,2026-08-07T00:00:00Z,2026-08-07T02:00:00+0200,5216.0,MW,ES,ES,actual_onshore_wind_generation,Wind Onshore,2026-08-19T10:57:03Z
2026-08-19T10:47:00Z,2026-08-19T12:47:00+0200,e079ef81-c4ef-4643-8235-c8ef85358b45,2026-08-07T00:15:00Z,2026-08-07T02:15:00+0200,5352.0,MW,ES,ES,actual_onshore_wind_generation,Wind Onshore,2026-08-19T10:57:03Z
2026-08-19T10:47:00Z,2026-08-19T12:47:00+0200,e079ef81-c4ef-4643-8235-c8ef85358b45,2026-08-07T00:30:00Z,2026-08-07T02:30:00+0200,5392.0,MW,ES,ES,actual_onshore_wind_generation,Wind Onshore,2026-08-19T10:57:03Z
2026-08-19T10:47:00Z,2026-08-19T12:47:00+0200,e079ef81-c4ef-4643-8235-c8ef85358b45,2026-08-07T00:45:00Z,2026-08-07T02:45:00+0200,5364.0,MW,ES,ES,actual_onshore_wind_generation,Wind Onshore,2026-08-19T10:57:03Z
2026-08-19T10:47:00Z,2026-08-19T12:47:00+0200,e079ef81-c4ef-4643-8235-c8ef85358b45,2026-08-07T01:00:00Z,2026-08-07T03:00:00+0200,5160.0,MW,ES,ES,actual_onshore_wind_generation,Wind Onshore,2026-08-19T10:57:03Z
2026-08-19T10:47:00Z,2026-08-19T12:47:00+0200,e079ef81-c4ef-4643-8235-c8ef85358b45,2026-08-07T01:15:00Z,2026-08-07T03:15:00+0200,4904.0,MW,ES,ES,actual_onshore_wind_generation,Wind Onshore,2026-08-19T10:57:03Z
2026-08-19T10:47:00Z,2026-08-19T12:47:00+0200,e079ef81-c4ef-4643-8235-c8ef85358b45,2026-08-07T01:30:00Z,2026-08-07T03:30:00+0200,4644.0,MW,ES,ES,actual_onshore_wind_generation,Wind Onshore,2026-08-19T10:57:03Z
2026-08-19T10:47:00Z,2026-08-19T12:47:00+0200,e079ef81-c4ef-4643-8235-c8ef85358b45,2026-08-07T01:45:00Z,2026-08-07T03:45:00+0200,4400.0,MW,ES,ES,actual_onshore_wind_generation,Wind Onshore,2026-08-19T10:57:03Z
2026-08-19T10:47:00Z,2026-08-19T12:47:00+0200,e079ef81-c4ef-4643-8235-c8ef85358b45,2026-08-07T02:00:00Z,2026-08-07T04:00:00+0200,4240.0,MW,ES,ES,actual_onshore_wind_generation,Wind Onshore,2026-08-19T10:57:03Z
2026-08-19T10:47:00Z,2026-08-19T12:47:00+0200,e079ef81-c4ef-4643-8235-c8ef85358b45,2026-08-07T02:15:00Z,2026-08-07T04:15:00+0200,4016.0,MW,ES,ES,actual_onshore_wind_generation,Wind Onshore,2026-08-19T10:57:03Z
2026-08-19T10:47:00Z,2026-08-19T12:47:00+0200,e079ef81-c4ef-4643-8235-c8ef85358b45,2026-08-07T02:30:00Z,2026-08-07T04:30:00+0200,3760.0,MW,ES,ES,actual_onshore_wind_generation,Wind Onshore,2026-08-19T10:57:03Z
2026-08-19T10:47:00Z,2026-08-19T12:47:00+0200,e079ef81-c4ef-4643-8235-c8ef85358b45,2026-08-07T02:45:00Z,2026-08-07T04:45:00+0200,3468.0,MW,ES,ES,actual_onshore_wind_generation,Wind Onshore,2026-08-19T10:57:03Z
2026-08-19T10:47:00Z,2026-08-19T12:47:00+0200,e079ef81-c4ef-4643-8235-c8ef85358b45,2026-08-07T03:00:00Z,2026-08-07T05:00:00+0200,3220.0,MW,ES,ES,actual_onshore_wind_generation,Wind Onshore,2026-08-19T10:57:03Z
2026-08-19T10:47:00Z,2026-08-19T12:47:00+0200,e079ef81-c4ef-4643-8235-c8ef85358b45,2026-08-07T03:15:00Z,2026-08-07T05:15:00+0200,3004.0,MW,ES,ES,actual_onshore_wind_generation,Wind Onshore,2026-08-19T10:57:03Z
2026-08-19T10:47:00Z,2026-08-19T12:47:00+0200,e079ef81-c4ef-4643-8235-c8ef85358b45,2026-08-07T03:30:00Z,2026-08-07T05:30:00+0200,2844.0,MW,ES,ES,actual_onshore_wind_generation,Wind Onshore,2026-08-19T10:57:03Z
2026-08-19T10:47:00Z,2026-08-19T12:47:00+0200,e079ef81-c4ef-4643-8235-c8ef85358b45,2026-08-07T03:45:00Z,2026-08-07T05:45:00+0200,2776.0,MW,ES,ES,actual_onshore_wind_generation,Wind Onshore,2026-08-19T10:57:03Z
2026-08-19T10:47:00Z,2026-08-19T12:47:00+0200,e079ef81-c4ef-4643-8235-c8ef85358b45,2026-08-07T04:00:00Z,2026-08-07T06:00:00+0200,2684.0,MW,ES,ES,actual_onshore_wind_generation,Wind Onshore,2026-08-19T10:57:03Z
2026-08-19T10:47:00Z,2026-08-19T12:47:00+0200,e079ef81-c4ef-4643-8235-c8ef85358b45,2026-08-07T04:15:00Z,2026-08-07T06:15:00+0200,2552.0,MW,ES,ES,actual_onshore_wind_generation,Wind Onshore,2026-08-19T10:57:03Z
2026-08-19T10:47:00Z,2026-08-19T12:47:00+0200,e079ef81-c4ef-4643-8235-c8ef85358b45,2026-08-07T04:30:00Z,2026-08-07T06:30:00+0200,2444.0,MW,ES,ES,actual_onshore_wind_generation,Wind Onshore,2026-08-19T10:57:03Z
2026-08-19T10:47:00Z,2026-08-19T12:47:00+0200,e079ef81-c4ef-4643-8235-c8ef85358b45,2026-08-07T04:45:00Z,2026-08-07T06:45:00+0200,2316.0,MW,ES,ES,actual_onshore_wind_generation,Wind Onshore,2026-08-19T10:57:03Z
2026-08-19T10:47:00Z,2026-08-19T12:47:00+0200,e079ef81-c4ef-4643-8235-c8ef85358b45,2026-08-07T05:00:00Z,2026-08-07T07:00:00+0200,2188.0,MW,ES,ES,actual_onshore_wind_generation,Wind Onshore,2026-08-19T10:57:03Z
2026-08-19T10:47:00Z,2026-08-19T12:47:00+0200,e079ef81-c4ef-4643-8235-c8ef85358b45,2026-08-07T05:15:00Z,2026-08-07T07:15:00+0200,2020.0,MW,ES,ES,actual_onshore_wind_generation,Wind Onshore,2026-08-19T10:57:03Z
2026-08-19T10:47:00Z,2026-08-19T12:47:00+0200,e079ef81-c4ef-4643-8235-c8ef85358b45,2026-08-07T05:30:00Z,2026-08-07T07:30:00+0200,1856.0,MW,ES,ES,actual_onshore_wind_generation,Wind Onshore,2026-08-19T10:57:03Z
2026-08-19T10:47:00Z,2026-08-19T12:47:00+0200,e079ef81-c4ef-4643-8235-c8ef85358b45,2026-08-07T05:45:00Z,2026-08-07T07:45:00+0200,1692.0,MW,ES,ES,actual_onshore_wind_generation,Wind Onshore,2026-08-19T10:57:03Z
2026-08-19T10:47:00Z,2026-08-19T12:47:00+0200,e079ef81-c4ef-4643-8235-c8ef85358b45,2026-08-07T06:00:00Z,2026-08-07T08:00:00+0200,1524.0,MW,ES,ES,actual_onshore_wind_generation,Wind Onshore,2026-08-19T10:57:03Z
2026-08-19T10:47:00Z,2026-08-19T12:47:00+0200,e079ef81-c4ef-4643-8235-c8ef85358b45,2026-08-07T06:15:00Z,2026-08-07T08:15:00+0200,1376.0,MW,ES,ES,actual_onshore_wind_generation,Wind Onshore,2026-08-19T10:57:03Z
2026-08-19T10:47:00Z,2026-08-19T12:47:00+0200,e079ef81-c4ef-4643-8235-c8ef85358b45,2026-08-07T06:30:00Z,2026-08-07T08:30:00+0200,1212.0,MW,ES,ES,actual_onshore_wind_generation,Wind Onshore,2026-08-19T10:57:03Z
2026-08-19T10:47:00Z,2026-08-19T12:47:00+0200,e079ef81-c4ef-4643-8235-c8ef85358b45,2026-08-07T06:45:00Z,2026-08-07T08:45:00+0200,1000.0,MW,ES,ES,actual_onshore_wind_generation,Wind Onshore,2026-08-19T10:57:03Z
2026-08-19T10:47:00Z,2026-08-19T12:47:00+0200,e079ef81-c4ef-4643-8235-c8ef85358b45,2026-08-07T07:00:00Z,2026-08-07T09:00:00+0200,804.0,MW,ES,ES,actual_onshore_wind_generation,Wind Onshore,2026-08-19T10:57:03Z
2026-08-19T10:47:00Z,2026-08-19T12:47:00+0200,e079ef81-c4ef-4643-8235-c8ef85358b45,2026-08-07T07:15:00Z,2026-08-07T09:15:00+0200,668.0,MW,ES,ES,actual_onshore_wind_generation,Wind Onshore,2026-08-19T10:57:03Z
2026-08-19T10:47:00Z,2026-08-19T12:47:00+0200,e079ef81-c4ef-4643-8235-c8ef85358b45,2026-08-07T07:30:00Z,2026-08-07T09:30:00+0200,596.0,MW,ES,ES,actual_onshore_wind_generation,Wind Onshore,2026-08-19T10:57:03Z
2026-08-19T10:47:00Z,2026-08-19T12:47:00+0200,e079ef81-c4ef-4643-8235-c8ef85358b45,2026-08-07T07:45:00Z,2026-08-07T09:45:00+0200,436.0,MW,ES,ES,actual_onshore_wind_generation,Wind Onshore,2026-08-19T10:57:03Z
2026-08-19T10:47:00Z,2026-08-19T12:47:00+0200,e079ef81-c4ef-4643-8235-c8ef85358b45,2026-08-07T08:00:00Z,2026-08-07T10:00:00+0200,380.0,MW,ES,ES,actual_onshore_wind_generation,Wind Onshore,2026-08-19T10:57:03Z
2026-08-19T10:47:00Z,2026-08-19T12:47:00+0200,e079ef81-c4ef-4643-8235-c8ef85358b45,2026-08-07T08:15:00Z,2026-08-07T10:15:00+0200,388.0,MW,ES,ES,actual_onshore_wind_generation,Wind Onshore,2026-08-19T10:57:03Z
2026-08-19T10:47:00Z,2026-08-19T12:47:00+0200,e079ef81-c4ef-4643-8235-c8ef85358b45,2026-08-07T08:30:00Z,2026-08-07T10:30:00+0200,308.0,MW,ES,ES,actual_onshore_wind_generation,Wind Onshore,2026-08-19T10:57:03Z
2026-08-19T10:47:00Z,2026-08-19T12:47:00+0200,e079ef81-c4ef-4643-8235-c8ef85358b45,2026-08-07T08:45:00Z,2026-08-07T10:45:00+0200,296.0,MW,ES,ES,actual_onshore_wind_generation,Wind Onshore,2026-08-19T10:57:03Z
2026-08-19T10:47:00Z,2026-08-19T12:47:00+0200,e079ef81-c4ef-4643-8235-c8ef85358b45,2026-08-07T09:00:00Z,2026-08-07T11:00:00+0200,296.0,MW,ES,ES,actual_onshore_wind_generation,Wind Onshore,2026-08-19T10:57:03Z
2026-08-19T10:47:00Z,2026-08-19T12:47:00+0200,e079ef81-c4ef-4643-8235-c8ef85358b45,2026-08-07T09:15:00Z,2026-08-07T11:15:00+0200,296.0,MW,ES,ES,actual_onshore_wind_generation,Wind Onshore,2026-08-19T10:57:03Z
2026-08-19T10:47:00Z,2026-08-19T12:47:00+0200,e079ef81-c4ef-4643-8235-c8ef85358b45,2026-08-07T09:30:00Z,2026-08-07T11:30:00+0200,304.0,MW,ES,ES,actual_onshore_wind_generation,Wind Onshore,2026-08-19T10:57:03Z
2026-08-19T10:47:00Z,2026-08-19T12:47:00+0200,e079ef81-c4ef-4643-8235-c8ef85358b45,2026-08-07T09:45:00Z,2026-08-07T11:45:00+0200,332.0,MW,ES,ES,actual_onshore_wind_generation,Wind Onshore,2026-08-19T10:57:03Z
2026-08-19T10:47:00Z,2026-08-19T12:47:00+0200,e079ef81-c4ef-4643-8235-c8ef85358b45,2026-08-07T10:00:00Z,2026-08-07T12:00:00+0200,352.0,MW,ES,ES,actual_onshore_wind_generation,Wind Onshore,2026-08-19T10:57:03Z
2026-08-19T10:47:00Z,2026-08-19T12:47:00+0200,e079ef81-c4ef-4643-8235-c8ef85358b45,2026-08-07T10:15:00Z,2026-08-07T12:15:00+0200,412.0,MW,ES,ES,actual_onshore_wind_generation,Wind Onshore,2026-08-19T10:57:03Z
2026-08-19T10:47:00Z,2026-08-19T12:47:00+0200,e079ef81-c4ef-4643-8235-c8ef85358b45,2026-08-07T10:30:00Z,2026-08-07T12:30:00+0200,472.0,MW,ES,ES,actual_onshore_wind_generation,Wind Onshore,2026-08-19T10:57:03Z
2026-08-19T10:47:00Z,2026-08-19T12:47:00+0200,e079ef81-c4ef-4643-8235-c8ef85358b45,2026-08-07T10:45:00Z,2026-08-07T12:45:00+0200,588.0,MW,ES,ES,actual_onshore_wind_generation,Wind Onshore,2026-08-19T10:57:03Z
2026-08-19T10:47:00Z,2026-08-19T12:47:00+0200,e079ef81-c4ef-4643-8235-c8ef85358b45,2026-08-07T11:00:00Z,2026-08-07T13:00:00+0200,716.0,MW,ES,ES,actual_onshore_wind_generation,Wind Onshore,2026-08-19T10:57:03Z
2026-08-19T10:47:00Z,2026-08-19T12:47:00+0200,e079ef81-c4ef-4643-8235-c8ef85358b45,2026-08-07T11:15:00Z,2026-08-07T13:15:00+0200,784.0,MW,ES,ES,actual_onshore_wind_generation,Wind Onshore,2026-08-19T10:57:03Z
2026-08-19T10:47:00Z,2026-08-19T12:47:00+0200,e079ef81-c4ef-4643-8235-c8ef85358b45,2026-08-07T11:30:00Z,2026-08-07T13:30:00+0200,936.0,MW,ES,ES,actual_onshore_wind_generation,Wind Onshore,2026-08-19T10:57:03Z
2026-08-19T10:47:00Z,2026-08-19T12:47:00+0200,e079ef81-c4ef-4643-8235-c8ef85358b45,2026-08-07T11:45:00Z,2026-08-07T13:45:00+0200,1104.0,MW,ES,ES,actual_onshore_wind_generation,Wind Onshore,2026-08-19T10:57:03Z
2026-08-19T10:47:00Z,2026-08-19T12:47:00+0200,e079ef81-c4ef-4643-8235-c8ef85358b45,2026-08-07T12:00:00Z,2026-08-07T14:00:00+0200,1356.0,MW,ES,ES,actual_onshore_wind_generation,Wind Onshore,2026-08-19T10:57:03Z
2026-08-19T10:47:00Z,2026-08-19T12:47:00+0200,e079ef81-c4ef-4643-8235-c8ef85358b45,2026-08-07T12:15:00Z,2026-08-07T14:15:00+0200,1536.0,MW,ES,ES,actual_onshore_wind_generation,Wind Onshore,2026-08-19T10:57:03Z
2026-08-19T10:47:00Z,2026-08-19T12:47:00+0200,e079ef81-c4ef-4643-8235-c8ef85358b45,2026-08-07T12:30:00Z,2026-08-07T14:30:00+0200,1748.0,MW,ES,ES,actual_onshore_wind_generation,Wind Onshore,2026-08-19T10:57:03Z
2026-08-19T10:47:00Z,2026-08-19T12:47:00+0200,e079ef81-c4ef-4643-8235-c8ef85358b45,2026-08-07T12:45:00Z,2026-08-07T14:45:00+0200,1688.0,MW,ES,ES,actual_onshore_wind_generation,Wind Onshore,2026-08-19T10:57:03Z
2026-08-19T10:47:00Z,2026-08-19T12:47:00+0200,e079ef81-c4ef-4643-8235-c8ef85358b45,2026-08-07T13:00:00Z,2026-08-07T15:00:00+0200,1904.0,MW,ES,ES,actual_onshore_wind_generation,Wind Onshore,2026-08-19T10:57:03Z
2026-08-19T10:47:00Z,2026-08-19T12:47:00+0200,e079ef81-c4ef-4643-8235-c8ef85358b45,2026-08-07T13:15:00Z,2026-08-07T15:15:00+0200,2132.0,MW,ES,ES,actual_onshore_wind_generation,Wind Onshore,2026-08-19T10:57:03Z
2026-08-19T10:47:00Z,2026-08-19T12:47:00+0200,e079ef81-c4ef-4643-8235-c8ef85358b45,2026-08-07T13:30:00Z,2026-08-07T15:30:00+0200,2256.0,MW,ES,ES,actual_onshore_wind_generation,Wind Onshore,2026-08-19T10:57:03Z
2026-08-19T10:47:00Z,2026-08-19T12:47:00+0200,e079ef81-c4ef-4643-8235-c8ef85358b45,2026-08-07T13:45:00Z,2026-08-07T15:45:00+0200,2392.0,MW,ES,ES,actual_onshore_wind_generation,Wind Onshore,2026-08-19T10:57:03Z
2026-08-19T10:47:00Z,2026-08-19T12:47:00+0200,e079ef81-c4ef-4643-8235-c8ef85358b45,2026-08-07T14:00:00Z,2026-08-07T16:00:00+0200,2400.0,MW,ES,ES,actual_onshore_wind_generation,Wind Onshore,2026-08-19T10:57:03Z
2026-08-19T10:47:00Z,2026-08-19T12:47:00+0200,e079ef81-c4ef-4643-8235-c8ef85358b45,2026-08-07T14:15:00Z,2026-08-07T16:15:00+0200,2424.0,MW,ES,ES,actual_onshore_wind_generation,Wind Onshore,2026-08-19T10:57:03Z
2026-08-19T10:47:00Z,2026-08-19T12:47:00+0200,e079ef81-c4ef-4643-8235-c8ef85358b45,2026-08-07T14:30:00Z,2026-08-07T16:30:00+0200,2400.0,MW,ES,ES,actual_onshore_wind_generation,Wind Onshore,2026-08-19T10:57:03Z
2026-08-19T10:47:00Z,2026-08-19T12:47:00+0200,e079ef81-c4ef-4643-8235-c8ef85358b45,2026-08-07T14:45:00Z,2026-08-07T16:45:00+0200,2436.0,MW,ES,ES,actual_onshore_wind_generation,Wind Onshore,2026-08-19T10:57:03Z
2026-08-19T10:47:00Z,2026-08-19T12:47:00+0200,e079ef81-c4ef-4643-8235-c8ef85358b45,2026-08-07T15:00:00Z,2026-08-07T17:00:00+0200,2476.0,MW,ES,ES,actual_onshore_wind_generation,Wind Onshore,2026-08-19T10:57:03Z
2026-08-19T10:47:00Z,2026-08-19T12:47:00+0200,e079ef81-c4ef-4643-8235-c8ef85358b45,2026-08-07T15:15:00Z,2026-08-07T17:15:00+0200,2796.0,MW,ES,ES,actual_onshore_wind_generation,Wind Onshore,2026-08-19T10:57:03Z
2026-08-19T10:47:00Z,2026-08-19T12:47:00+0200,e079ef81-c4ef-4643-8235-c8ef85358b45,2026-08-07T15:30:00Z,2026-08-07T17:30:00+0200,2824.0,MW,ES,ES,actual_onshore_wind_generation,Wind Onshore,2026-08-19T10:57:03Z
2026-08-19T10:47:00Z,2026-08-19T12:47:00+0200,e079ef81-c4ef-4643-8235-c8ef85358b45,2026-08-07T15:45:00Z,2026-08-07T17:45:00+0200,2756.0,MW,ES,ES,actual_onshore_wind_generation,Wind Onshore,2026-08-19T10:57:03Z
2026-08-19T10:47:00Z,2026-08-19T12:47:00+0200,e079ef81-c4ef-4643-8235-c8ef85358b45,2026-08-07T16:00:00Z,2026-08-07T18:00:00+0200,3180.0,MW,ES,ES,actual_onshore_wind_generation,Wind Onshore,2026-08-19T10:57:03Z
2026-08-19T10:47:00Z,2026-08-19T12:47:00+0200,e079ef81-c4ef-4643-8235-c8ef85358b45,2026-08-07T16:15:00Z,2026-08-07T18:15:00+0200,3548.0,MW,ES,ES,actual_onshore_wind_generation,Wind Onshore,2026-08-19T10:57:03Z
2026-08-19T10:47:00Z,2026-08-19T12:47:00+0200,e079ef81-c4ef-4643-8235-c8ef85358b45,2026-08-07T16:30:00Z,2026-08-07T18:30:00+0200,3796.0,MW,ES,ES,actual_onshore_wind_generation,Wind Onshore,2026-08-19T10:57:03Z
2026-08-19T10:47:00Z,2026-08-19T12:47:00+0200,e079ef81-c4ef-4643-8235-c8ef85358b45,2026-08-07T16:45:00Z,2026-08-07T18:45:00+0200,4124.0,MW,ES,ES,actual_onshore_wind_generation,Wind Onshore,2026-08-19T10:57:03Z
2026-08-19T10:47:00Z,2026-08-19T12:47:00+0200,e079ef81-c4ef-4643-8235-c8ef85358b45,2026-08-07T17:00:00Z,2026-08-07T19:00:00+0200,4016.0,MW,ES,ES,actual_onshore_wind_generation,Wind Onshore,2026-08-19T10:57:03Z
2026-08-19T10:47:00Z,2026-08-19T12:47:00+0200,e079ef81-c4ef-4643-8235-c8ef85358b45,2026-08-07T17:15:00Z,2026-08-07T19:15:00+0200,4692.0,MW,ES,ES,actual_onshore_wind_generation,Wind Onshore,2026-08-19T10:57:03Z
2026-08-19T10:47:00Z,2026-08-19T12:47:00+0200,e079ef81-c4ef-4643-8235-c8ef85358b45,2026-08-07T17:30:00Z,2026-08-07T19:30:00+0200,5068.0,MW,ES,ES,actual_onshore_wind_generation,Wind Onshore,2026-08-19T10:57:03Z
2026-08-19T10:47:00Z,2026-08-19T12:47:00+0200,e079ef81-c4ef-4643-8235-c8ef85358b45,2026-08-07T17:45:00Z,2026-08-07T19:45:00+0200,5020.0,MW,ES,ES,actual_onshore_wind_generation,Wind Onshore,2026-08-19T10:57:03Z
2026-08-19T10:47:00Z,2026-08-19T12:47:00+0200,e079ef81-c4ef-4643-8235-c8ef85358b45,2026-08-07T18:00:00Z,2026-08-07T20:00:00+0200,5260.0,MW,ES,ES,actual_onshore_wind_generation,Wind Onshore,2026-08-19T10:57:03Z
2026-08-19T10:47:00Z,2026-08-19T12:47:00+0200,e079ef81-c4ef-4643-8235-c8ef85358b45,2026-08-07T18:15:00Z,2026-08-07T20:15:00+0200,5108.0,MW,ES,ES,actual_onshore_wind_generation,Wind Onshore,2026-08-19T10:57:03Z
2026-08-19T10:47:00Z,2026-08-19T12:47:00+0200,e079ef81-c4ef-4643-8235-c8ef85358b45,2026-08-07T18:30:00Z,2026-08-07T20:30:00+0200,4692.0,MW,ES,ES,actual_onshore_wind_generation,Wind Onshore,2026-08-19T10:57:03Z
2026-08-19T10:47:00Z,2026-08-19T12:47:00+0200,e079ef81-c4ef-4643-8235-c8ef85358b45,2026-08-07T18:45:00Z,2026-08-07T20:45:00+0200,4300.0,MW,ES,ES,actual_onshore_wind_generation,Wind Onshore,2026-08-19T10:57:03Z
2026-08-19T10:47:00Z,2026-08-19T12:47:00+0200,e079ef81-c4ef-4643-8235-c8ef85358b45,2026-08-07T19:00:00Z,2026-08-07T21:00:00+0200,4104.0,MW,ES,ES,actual_onshore_wind_generation,Wind Onshore,2026-08-19T10:57:03Z
2026-08-19T10:47:00Z,2026-08-19T12:47:00+0200,e079ef81-c4ef-4643-8235-c8ef85358b45,2026-08-07T19:15:00Z,2026-08-07T21:15:00+0200,4100.0,MW,ES,ES,actual_onshore_wind_generation,Wind Onshore,2026-08-19T10:57:03Z
2026-08-19T10:47:00Z,2026-08-19T12:47:00+0200,e079ef81-c4ef-4643-8235-c8ef85358b45,2026-08-07T19:30:00Z,2026-08-07T21:30:00+0200,4192.0,MW,ES,ES,actual_onshore_wind_generation,Wind Onshore,2026-08-19T10:57:03Z
2026-08-19T10:47:00Z,2026-08-19T12:47:00+0200,e079ef81-c4ef-4643-8235-c8ef85358b45,2026-08-07T19:45:00Z,2026-08-07T21:45:00+0200,4196.0,MW,ES,ES,actual_onshore_wind_generation,Wind Onshore,2026-08-19T10:57:03Z
2026-08-19T10:47:00Z,2026-08-19T12:47:00+0200,e079ef81-c4ef-4643-8235-c8ef85358b45,2026-08-07T20:00:00Z,2026-08-07T22:00:00+0200,4144.0,MW,ES,ES,actual_onshore_wind_generation,Wind Onshore,2026-08-19T10:57:03Z
2026-08-19T10:47:00Z,2026-08-19T12:47:00+0200,e079ef81-c4ef-4643-8235-c8ef85358b45,2026-08-07T20:15:00Z,2026-08-07T22:15:00+0200,4156.0,MW,ES,ES,actual_onshore_wind_generation,Wind Onshore,2026-08-19T10:57:03Z
2026-08-19T10:47:00Z,2026-08-19T12:47:00+0200,e079ef81-c4ef-4643-8235-c8ef85358b45,2026-08-07T20:30:00Z,2026-08-07T22:30:00+0200,4292.0,MW,ES,ES,actual_onshore_wind_generation,Wind Onshore,2026-08-19T10:57:03Z
2026-08-19T10:47:00Z,2026-08-19T12:47:00+0200,e079ef81-c4ef-4643-8235-c8ef85358b45,2026-08-07T20:45:00Z,2026-08-07T22:45:00+0200,4504.0,MW,ES,ES,actual_onshore_wind_generation,Wind Onshore,2026-08-19T10:57:03Z
2026-08-19T10:47:00Z,2026-08-19T12:47:00+0200,e079ef81-c4ef-4643-8235-c8ef85358b45,2026-08-07T21:00:00Z,2026-08-07T23:00:00+0200,4412.0,MW,ES,ES,actual_onshore_wind_generation,Wind Onshore,2026-08-19T10:57:03Z
2026-08-19T10:47:00Z,2026-08-19T12:47:00+0200,e079ef81-c4ef-4643-8235-c8ef85358b45,2026-08-07T21:15:00Z,2026-08-07T23:15:00+0200,4304.0,MW,ES,ES,actual_onshore_wind_generation,Wind Onshore,2026-08-19T10:57:03Z
2026-08-19T10:47:00Z,2026-08-19T12:47:00+0200,e079ef81-c4ef-4643-8235-c8ef85358b45,2026-08-07T21:30:00Z,2026-08-07T23:30:00+0200,4192.0,MW,ES,ES,actual_onshore_wind_generation,Wind Onshore,2026-08-19T10:57:03Z
2026-08-19T10:47:00Z,2026-08-19T12:47:00+0200,e079ef81-c4ef-4643-8235-c8ef85358b45,2026-08-07T21:45:00Z,2026-08-07T23:45:00+0200,3968.0,MW,ES,ES,actual_onshore_wind_generation,Wind Onshore,2026-08-19T10:57:03Z
2026-08-19T10:47:00Z,2026-08-19T12:47:00+0200,e079ef81-c4ef-4643-8235-c8ef85358b45,2026-08-07T22:00:00Z,2026-08-08T00:00:00+0200,3824.0,MW,ES,ES,actual_onshore_wind_generation,Wind Onshore,2026-08-19T10:57:03Z
2026-08-19T10:47:00Z,2026-08-19T12:47:00+0200,e079ef81-c4ef-4643-8235-c8ef85358b45,2026-08-07T22:15:00Z,2026-08-08T00:15:00+0200,3780.0,MW,ES,ES,actual_onshore_wind_generation,Wind Onshore,2026-08-19T10:57:03Z
2026-08-19T10:47:00Z,2026-08-19T12:47:00+0200,e079ef81-c4ef-4643-8235-c8ef85358b45,2026-08-07T22:30:00Z,2026-08-08T00:30:00+0200,3732.0,MW,ES,ES,actual_onshore_wind_generation,Wind Onshore,2026-08-19T10:57:03Z
2026-08-19T10:47:00Z,2026-08-19T12:47:00+0200,e079ef81-c4ef-4643-8235-c8ef85358b45,2026-08-07T22:45:00Z,2026-08-08T00:45:00+0200,3812.0,MW,ES,ES,actual_onshore_wind_generation,Wind Onshore,2026-08-19T10:57:03Z
2026-08-19T10:47:00Z,2026-08-19T12:47:00+0200,e079ef81-c4ef-4643-8235-c8ef85358b45,2026-08-07T23:00:00Z,2026-08-08T01:00:00+0200,3904.0,MW,ES,ES,actual_onshore_wind_generation,Wind Onshore,2026-08-19T10:57:03Z
2026-08-19T10:47:00Z,2026-08-19T12:47:00+0200,e079ef81-c4ef-4643-8235-c8ef85358b45,2026-08-07T23:15:00Z,2026-08-08T01:15:00+0200,4036.0,MW,ES,ES,actual_onshore_wind_generation,Wind Onshore,2026-08-19T10:57:03Z
2026-08-19T10:47:00Z,2026-08-19T12:47:00+0200,e079ef81-c4ef-4643-8235-c8ef85358b45,2026-08-07T23:30:00Z,2026-08-08T01:30:00+0200,4164.0,MW,ES,ES,actual_onshore_wind_generation,Wind Onshore,2026-08-19T10:57:03Z
2026-08-19T10:47:00Z,2026-08-19T12:47:00+0200,e079ef81-c4ef-4643-8235-c8ef85358b45,2026-08-07T23:45:00Z,2026-08-08T01:45:00+0200,4068.0,MW,ES,ES,actual_onshore_wind_generation,Wind Onshore,2026-08-19T10:57:03Z
2026-08-19T10:47:00Z,2026-08-19T12:47:00+0200,e079ef81-c4ef-4643-8235-c8ef85358b45,2026-08-08T00:00:00Z,2026-08-08T02:00:00+0200,3876.0,MW,ES,ES,actual_onshore_wind_generation,Wind Onshore,2026-08-19T10:57:03Z
2026-08-19T10:47:00Z,2026-08-19T12:47:00+0200,e079ef81-c4ef-4643-8235-c8ef85358b45,2026-08-08T00:15:00Z,2026-08-08T02:15:00+0200,3732.0,MW,ES,ES,actual_onshore_wind_generation,Wind Onshore,2026-08-19T10:57:03Z
2026-08-19T10:47:00Z,2026-08-19T12:47:00+0200,e079ef81-c4ef-4643-8235-c8ef85358b45,2026-08-08T00:30:00Z,2026-08-08T02:30:00+0200,3560.0,MW,ES,ES,actual_onshore_wind_generation,Wind Onshore,2026-08-19T10:57:03Z
2026-08-19T10:47:00Z,2026-08-19T12:47:00+0200,e079ef81-c4ef-4643-8235-c8ef85358b45,2026-08-08T00:45:00Z,2026-08-08T02:45:00+0200,3328.0,MW,ES,ES,actual_onshore_wind_generation,Wind Onshore,2026-08-19T10:57:03Z
2026-08-19T10:47:00Z,2026-08-19T12:47:00+0200,e079ef81-c4ef-4643-8235-c8ef85358b45,2026-08-08T01:00:00Z,2026-08-08T03:00:00+0200,3212.0,MW,ES,ES,actual_onshore_wind_generation,Wind Onshore,2026-08-19T10:57:03Z
2026-08-19T10:47:00Z,2026-08-19T12:47:00+0200,e079ef81-c4ef-4643-8235-c8ef85358b45,2026-08-08T01:15:00Z,2026-08-08T03:15:00+0200,3088.0,MW,ES,ES,actual_onshore_wind_generation,Wind Onshore,2026-08-19T10:57:03Z
2026-08-19T10:47:00Z,2026-08-19T12:47:00+0200,e079ef81-c4ef-4643-8235-c8ef85358b45,2026-08-08T01:30:00Z,2026-08-08T03:30:00+0200,2812.0,MW,ES,ES,actual_onshore_wind_generation,Wind Onshore,2026-08-19T10:57:03Z
2026-08-19T10:47:00Z,2026-08-19T12:47:00+0200,e079ef81-c4ef-4643-8235-c8ef85358b45,2026-08-08T01:45:00Z,2026-08-08T03:45:00+0200,2540.0,MW,ES,ES,actual_onshore_wind_generation,Wind Onshore,2026-08-19T10:57:03Z
2026-08-19T10:47:00Z,2026-08-19T12:47:00+0200,e079ef81-c4ef-4643-8235-c8ef85358b45,2026-08-08T02:00:00Z,2026-08-08T04:00:00+0200,2396.0,MW,ES,ES,actual_onshore_wind_generation,Wind Onshore,2026-08-19T10:57:03Z
2026-08-19T10:47:00Z,2026-08-19T12:47:00+0200,e079ef81-c4ef-4643-8235-c8ef85358b45,2026-08-08T02:15:00Z,2026-08-08T04:15:00+0200,2224.0,MW,ES,ES,actual_onshore_wind_generation,Wind Onshore,2026-08-19T10:57:03Z
2026-08-19T10:47:00Z,2026-08-19T12:47:00+0200,e079ef81-c4ef-4643-8235-c8ef85358b45,2026-08-08T02:30:00Z,2026-08-08T04:30:00+0200,2092.0,MW,ES,ES,actual_onshore_wind_generation,Wind Onshore,2026-08-19T10:57:03Z
2026-08-19T10:47:00Z,2026-08-19T12:47:00+0200,e079ef81-c4ef-4643-8235-c8ef85358b45,2026-08-08T02:45:00Z,2026-08-08T04:45:00+0200,1936.0,MW,ES,ES,actual_onshore_wind_generation,Wind Onshore,2026-08-19T10:57:03Z
2026-08-19T10:47:00Z,2026-08-19T12:47:00+0200,e079ef81-c4ef-4643-8235-c8ef85358b45,2026-08-08T03:00:00Z,2026-08-08T05:00:00+0200,1796.0,MW,ES,ES,actual_onshore_wind_generation,Wind Onshore,2026-08-19T10:57:03Z
2026-08-19T10:47:00Z,2026-08-19T12:47:00+0200,e079ef81-c4ef-4643-8235-c8ef85358b45,2026-08-08T03:15:00Z,2026-08-08T05:15:00+0200,1768.0,MW,ES,ES,actual_onshore_wind_generation,Wind Onshore,2026-08-19T10:57:03Z
2026-08-19T10:47:00Z,2026-08-19T12:47:00+0200,e079ef81-c4ef-4643-8235-c8ef85358b45,2026-08-08T03:30:00Z,2026-08-08T05:30:00+0200,1792.0,MW,ES,ES,actual_onshore_wind_generation,Wind Onshore,2026-08-19T10:57:03Z
2026-08-19T10:47:00Z,2026-08-19T12:47:00+0200,e079ef81-c4ef-4643-8235-c8ef85358b45,2026-08-08T03:45:00Z,2026-08-08T05:45:00+0200,1716.0,MW,ES,ES,actual_onshore_wind_generation,Wind Onshore,2026-08-19T10:57:03Z
2026-08-19T10:47:00Z,2026-08-19T12:47:00+0200,e079ef81-c4ef-4643-8235-c8ef85358b45,2026-08-08T04:00:00Z,2026-08-08T06:00:00+0200,1632.0,MW,ES,ES,actual_onshore_wind_generation,Wind Onshore,2026-08-19T10:57:03Z
2026-08-19T10:47:00Z,2026-08-19T12:47:00+0200,e079ef81-c4ef-4643-8235-c8ef85358b45,2026-08-08T04:15:00Z,2026-08-08T06:15:00+0200,1588.0,MW,ES,ES,actual_onshore_wind_generation,Wind Onshore,2026-08-19T10:57:03Z
2026-08-19T10:47:00Z,2026-08-19T12:47:00+0200,e079ef81-c4ef-4643-8235-c8ef85358b45,2026-08-08T04:30:00Z,2026-08-08T06:30:00+0200,1556.0,MW,ES,ES,actual_onshore_wind_generation,Wind Onshore,2026-08-19T10:57:03Z
2026-08-19T10:47:00Z,2026-08-19T12:47:00+0200,e079ef81-c4ef-4643-8235-c8ef85358b45,2026-08-08T04:45:00Z,2026-08-08T06:45:00+0200,1676.0,MW,ES,ES,actual_onshore_wind_generation,Wind Onshore,2026-08-19T10:57:03Z
2026-08-19T10:47:00Z,2026-08-19T12:47:00+0200,e079ef81-c4ef-4643-8235-c8ef85358b45,2026-08-08T05:00:00Z,2026-08-08T07:00:00+0200,1740.0,MW,ES,ES,actual_onshore_wind_generation,Wind Onshore,2026-08-19T10:57:03Z
2026-08-19T10:47:00Z,2026-08-19T12:47:00+0200,e079ef81-c4ef-4643-8235-c8ef85358b45,2026-08-08T05:15:00Z,2026-08-08T07:15:00+0200,1720.0,MW,ES,ES,actual_onshore_wind_generation,Wind Onshore,2026-08-19T10:57:03Z
2026-08-19T10:47:00Z,2026-08-19T12:47:00+0200,e079ef81-c4ef-4643-8235-c8ef85358b45,2026-08-08T05:30:00Z,2026-08-08T07:30:00+0200,1760.0,MW,ES,ES,actual_onshore_wind_generation,Wind Onshore,2026-08-19T10:57:03Z
2026-08-19T10:47:00Z,2026-08-19T12:47:00+0200,e079ef81-c4ef-4643-8235-c8ef85358b45,2026-08-08T05:45:00Z,2026-08-08T07:45:00+0200,1652.0,MW,ES,ES,actual_onshore_wind_generation,Wind Onshore,2026-08-19T10:57:03Z
2026-08-19T10:47:00Z,2026-08-19T12:47:00+0200,e079ef81-c4ef-4643-8235-c8ef85358b45,2026-08-08T06:00:00Z,2026-08-08T08:00:00+0200,1524.0,MW,ES,ES,actual_onshore_wind_generation,Wind Onshore,2026-08-19T10:57:03Z
2026-08-19T10:47:00Z,2026-08-19T12:47:00+0200,e079ef81-c4ef-4643-8235-c8ef85358b45,2026-08-08T06:15:00Z,2026-08-08T08:15:00+0200,1396.0,MW,ES,ES,actual_onshore_wind_generation,Wind Onshore,2026-08-19T10:57:03Z
2026-08-19T10:47:00Z,2026-08-19T12:47:00+0200,e079ef81-c4ef-4643-8235-c8ef85358b45,2026-08-08T06:30:00Z,2026-08-08T08:30:00+0200,1316.0,MW,ES,ES,actual_onshore_wind_generation,Wind Onshore,2026-08-19T10:57:03Z
2026-08-19T10:47:00Z,2026-08-19T12:47:00+0200,e079ef81-c4ef-4643-8235-c8ef85358b45,2026-08-08T06:45:00Z,2026-08-08T08:45:00+0200,1148.0,MW,ES,ES,actual_onshore_wind_generation,Wind Onshore,2026-08-19T10:57:03Z
2026-08-19T10:47:00Z,2026-08-19T12:47:00+0200,e079ef81-c4ef-4643-8235-c8ef85358b45,2026-08-08T07:00:00Z,2026-08-08T09:00:00+0200,984.0,MW,ES,ES,actual_onshore_wind_generation,Wind Onshore,2026-08-19T10:57:03Z
2026-08-19T10:47:00Z,2026-08-19T12:47:00+0200,e079ef81-c4ef-4643-8235-c8ef85358b45,2026-08-08T07:15:00Z,2026-08-08T09:15:00+0200,856.0,MW,ES,ES,actual_onshore_wind_generation,Wind Onshore,2026-08-19T10:57:03Z
2026-08-19T10:47:00Z,2026-08-19T12:47:00+0200,e079ef81-c4ef-4643-8235-c8ef85358b45,2026-08-08T07:30:00Z,2026-08-08T09:30:00+0200,756.0,MW,ES,ES,actual_onshore_wind_generation,Wind Onshore,2026-08-19T10:57:03Z
2026-08-19T10:47:00Z,2026-08-19T12:47:00+0200,e079ef81-c4ef-4643-8235-c8ef85358b45,2026-08-08T07:45:00Z,2026-08-08T09:45:00+0200,684.0,MW,ES,ES,actual_onshore_wind_generation,Wind Onshore,2026-08-19T10:57:03Z
2026-08-19T10:47:00Z,2026-08-19T12:47:00+0200,e079ef81-c4ef-4643-8235-c8ef85358b45,2026-08-08T08:00:00Z,2026-08-08T10:00:00+0200,664.0,MW,ES,ES,actual_onshore_wind_generation,Wind Onshore,2026-08-19T10:57:03Z
2026-08-19T10:47:00Z,2026-08-19T12:47:00+0200,e079ef81-c4ef-4643-8235-c8ef85358b45,2026-08-08T08:15:00Z,2026-08-08T10:15:00+0200,688.0,MW,ES,ES,actual_onshore_wind_generation,Wind Onshore,2026-08-19T10:57:03Z
2026-08-19T10:47:00Z,2026-08-19T12:47:00+0200,e079ef81-c4ef-4643-8235-c8ef85358b45,2026-08-08T08:30:00Z,2026-08-08T10:30:00+0200,688.0,MW,ES,ES,actual_onshore_wind_generation,Wind Onshore,2026-08-19T10:57:03Z
2026-08-19T10:47:00Z,2026-08-19T12:47:00+0200,e079ef81-c4ef-4643-8235-c8ef85358b45,2026-08-08T08:45:00Z,2026-08-08T10:45:00+0200,628.0,MW,ES,ES,actual_onshore_wind_generation,Wind Onshore,2026-08-19T10:57:03Z
2026-08-19T10:47:00Z,2026-08-19T12:47:00+0200,e079ef81-c4ef-4643-8235-c8ef85358b45,2026-08-08T09:00:00Z,2026-08-08T11:00:00+0200,668.0,MW,ES,ES,actual_onshore_wind_generation,Wind Onshore,2026-08-19T10:57:03Z
2026-08-19T10:47:00Z,2026-08-19T12:47:00+0200,e079ef81-c4ef-4643-8235-c8ef85358b45,2026-08-08T09:15:00Z,2026-08-08T11:15:00+0200,724.0,MW,ES,ES,actual_onshore_wind_generation,Wind Onshore,2026-08-19T10:57:03Z
2026-08-19T10:47:00Z,2026-08-19T12:47:00+0200,e079ef81-c4ef-4643-8235-c8ef85358b45,2026-08-08T09:30:00Z,2026-08-08T11:30:00+0200,768.0,MW,ES,ES,actual_onshore_wind_generation,Wind Onshore,2026-08-19T10:57:03Z
2026-08-19T10:47:00Z,2026-08-19T12:47:00+0200,e079ef81-c4ef-4643-8235-c8ef85358b45,2026-08-08T09:45:00Z,2026-08-08T11:45:00+0200,816.0,MW,ES,ES,actual_onshore_wind_generation,Wind Onshore,2026-08-19T10:57:03Z
2026-08-19T10:47:00Z,2026-08-19T12:47:00+0200,e079ef81-c4ef-4643-8235-c8ef85358b45,2026-08-08T10:00:00Z,2026-08-08T12:00:00+0200,920.0,MW,ES,ES,actual_onshore_wind_generation,Wind Onshore,2026-08-19T10:57:03Z
2026-08-19T10:47:00Z,2026-08-19T12:47:00+0200,e079ef81-c4ef-4643-8235-c8ef85358b45,2026-08-08T10:15:00Z,2026-08-08T12:15:00+0200,988.0,MW,ES,ES,actual_onshore_wind_generation,Wind Onshore,2026-08-19T10:57:03Z
2026-08-19T10:47:00Z,2026-08-19T12:47:00+0200,e079ef81-c4ef-4643-8235-c8ef85358b45,2026-08-08T10:30:00Z,2026-08-08T12:30:00+0200,1084.0,MW,ES,ES,actual_onshore_wind_generation,Wind Onshore,2026-08-19T10:57:03Z
2026-08-19T10:47:00Z,2026-08-19T12:47:00+0200,e079ef81-c4ef-4643-8235-c8ef85358b45,2026-08-08T10:45:00Z,2026-08-08T12:45:00+0200,1224.0,MW,ES,ES,actual_onshore_wind_generation,Wind Onshore,2026-08-19T10:57:03Z
2026-08-19T10:47:00Z,2026-08-19T12:47:00+0200,e079ef81-c4ef-4643-8235-c8ef85358b45,2026-08-08T11:00:00Z,2026-08-08T13:00:00+0200,1344.0,MW,ES,ES,actual_onshore_wind_generation,Wind Onshore,2026-08-19T10:57:03Z
2026-08-19T10:47:00Z,2026-08-19T12:47:00+0200,e079ef81-c4ef-4643-8235-c8ef85358b45,2026-08-08T11:15:00Z,2026-08-08T13:15:00+0200,1532.0,MW,ES,ES,actual_onshore_wind_generation,Wind Onshore,2026-08-19T10:57:03Z
2026-08-19T10:47:00Z,2026-08-19T12:47:00+0200,e079ef81-c4ef-4643-8235-c8ef85358b45,2026-08-08T11:30:00Z,2026-08-08T13:30:00+0200,1692.0,MW,ES,ES,actual_onshore_wind_generation,Wind Onshore,2026-08-19T10:57:03Z
2026-08-19T10:47:00Z,2026-08-19T12:47:00+0200,e079ef81-c4ef-4643-8235-c8ef85358b45,2026-08-08T11:45:00Z,2026-08-08T13:45:00+0200,1860.0,MW,ES,ES,actual_onshore_wind_generation,Wind Onshore,2026-08-19T10:57:03Z
2026-08-19T10:47:00Z,2026-08-19T12:47:00+0200,e079ef81-c4ef-4643-8235-c8ef85358b45,2026-08-08T12:00:00Z,2026-08-08T14:00:00+0200,2112.0,MW,ES,ES,actual_onshore_wind_generation,Wind Onshore,2026-08-19T10:57:03Z
2026-08-19T10:47:00Z,2026-08-19T12:47:00+0200,e079ef81-c4ef-4643-8235-c8ef85358b45,2026-08-08T12:15:00Z,2026-08-08T14:15:00+0200,2348.0,MW,ES,ES,actual_onshore_wind_generation,Wind Onshore,2026-08-19T10:57:03Z
2026-08-19T10:47:00Z,2026-08-19T12:47:00+0200,e079ef81-c4ef-4643-8235-c8ef85358b45,2026-08-08T12:30:00Z,2026-08-08T14:30:00+0200,2440.0,MW,ES,ES,actual_onshore_wind_generation,Wind Onshore,2026-08-19T10:57:03Z
2026-08-19T10:47:00Z,2026-08-19T12:47:00+0200,e079ef81-c4ef-4643-8235-c8ef85358b45,2026-08-08T12:45:00Z,2026-08-08T14:45:00+0200,2740.0,MW,ES,ES,actual_onshore_wind_generation,Wind Onshore,2026-08-19T10:57:03Z
2026-08-19T10:47:00Z,2026-08-19T12:47:00+0200,e079ef81-c4ef-4643-8235-c8ef85358b45,2026-08-08T13:00:00Z,2026-08-08T15:00:00+0200,3088.0,MW,ES,ES,actual_onshore_wind_generation,Wind Onshore,2026-08-19T10:57:03Z
2026-08-19T10:47:00Z,2026-08-19T12:47:00+0200,e079ef81-c4ef-4643-8235-c8ef85358b45,2026-08-08T13:15:00Z,2026-08-08T15:15:00+0200,3308.0,MW,ES,ES,actual_onshore_wind_generation,Wind Onshore,2026-08-19T10:57:03Z
2026-08-19T10:47:00Z,2026-08-19T12:47:00+0200,e079ef81-c4ef-4643-8235-c8ef85358b45,2026-08-08T13:30:00Z,2026-08-08T15:30:00+0200,3468.0,MW,ES,ES,actual_onshore_wind_generation,Wind Onshore,2026-08-19T10:57:03Z
2026-08-19T10:47:00Z,2026-08-19T12:47:00+0200,e079ef81-c4ef-4643-8235-c8ef85358b45,2026-08-08T13:45:00Z,2026-08-08T15:45:00+0200,3968.0,MW,ES,ES,actual_onshore_wind_generation,Wind Onshore,2026-08-19T10:57:03Z
2026-08-19T10:47:00Z,2026-08-19T12:47:00+0200,e079ef81-c4ef-4643-8235-c8ef85358b45,2026-08-08T14:00:00Z,2026-08-08T16:00:00+0200,4420.0,MW,ES,ES,actual_onshore_wind_generation,Wind Onshore,2026-08-19T10:57:03Z
2026-08-19T10:47:00Z,2026-08-19T12:47:00+0200,e079ef81-c4ef-4643-8235-c8ef85358b45,2026-08-08T14:15:00Z,2026-08-08T16:15:00+0200,4976.0,MW,ES,ES,actual_onshore_wind_generation,Wind Onshore,2026-08-19T10:57:03Z
2026-08-19T10:47:00Z,2026-08-19T12:47:00+0200,e079ef81-c4ef-4643-8235-c8ef85358b45,2026-08-08T14:30:00Z,2026-08-08T16:30:00+0200,5524.0,MW,ES,ES,actual_onshore_wind_generation,Wind Onshore,2026-08-19T10:57:03Z
2026-08-19T10:47:00Z,2026-08-19T12:47:00+0200,e079ef81-c4ef-4643-8235-c8ef85358b45,2026-08-08T14:45:00Z,2026-08-08T16:45:00+0200,6060.0,MW,ES,ES,actual_onshore_wind_generation,Wind Onshore,2026-08-19T10:57:03Z
2026-08-19T10:47:00Z,2026-08-19T12:47:00+0200,e079ef81-c4ef-4643-8235-c8ef85358b45,2026-08-08T15:00:00Z,2026-08-08T17:00:00+0200,5652.0,MW,ES,ES,actual_onshore_wind_generation,Wind Onshore,2026-08-19T10:57:03Z
2026-08-19T10:47:00Z,2026-08-19T12:47:00+0200,e079ef81-c4ef-4643-8235-c8ef85358b45,2026-08-08T15:15:00Z,2026-08-08T17:15:00+0200,5880.0,MW,ES,ES,actual_onshore_wind_generation,Wind Onshore,2026-08-19T10:57:03Z
2026-08-19T10:47:00Z,2026-08-19T12:47:00+0200,e079ef81-c4ef-4643-8235-c8ef85358b45,2026-08-08T15:30:00Z,2026-08-08T17:30:00+0200,6300.0,MW,ES,ES,actual_onshore_wind_generation,Wind Onshore,2026-08-19T10:57:03Z
2026-08-19T10:47:00Z,2026-08-19T12:47:00+0200,e079ef81-c4ef-4643-8235-c8ef85358b45,2026-08-08T15:45:00Z,2026-08-08T17:45:00+0200,6720.0,MW,ES,ES,actual_onshore_wind_generation,Wind Onshore,2026-08-19T10:57:03Z
2026-08-19T10:47:00Z,2026-08-19T12:47:00+0200,e079ef81-c4ef-4643-8235-c8ef85358b45,2026-08-08T16:00:00Z,2026-08-08T18:00:00+0200,7140.0,MW,ES,ES,actual_onshore_wind_generation,Wind Onshore,2026-08-19T10:57:03Z
2026-08-19T10:47:00Z,2026-08-19T12:47:00+0200,e079ef81-c4ef-4643-8235-c8ef85358b45,2026-08-08T16:15:00Z,2026-08-08T18:15:00+0200,7140.0,MW,ES,ES,actual_onshore_wind_generation,Wind Onshore,2026-08-19T10:57:03Z
2026-08-19T10:47:00Z,2026-08-19T12:47:00+0200,e079ef81-c4ef-4643-8235-c8ef85358b45,2026-08-08T16:30:00Z,2026-08-08T18:30:00+0200,6804.0,MW,ES,ES,actual_onshore_wind_generation,Wind Onshore,2026-08-19T10:57:03Z
2026-08-19T10:47:00Z,2026-08-19T12:47:00+0200,e079ef81-c4ef-4643-8235-c8ef85358b45,2026-08-08T16:45:00Z,2026-08-08T18:45:00+0200,6932.0,MW,ES,ES,actual_onshore_wind_generation,Wind Onshore,2026-08-19T10:57:03Z
2026-08-19T10:47:00Z,2026-08-19T12:47:00+0200,e079ef81-c4ef-4643-8235-c8ef85358b45,2026-08-08T17:00:00Z,2026-08-08T19:00:00+0200,7616.0,MW,ES,ES,actual_onshore_wind_generation,Wind Onshore,2026-08-19T10:57:03Z
2026-08-19T10:47:00Z,2026-08-19T12:47:00+0200,e079ef81-c4ef-4643-8235-c8ef85358b45,2026-08-08T17:15:00Z,2026-08-08T19:15:00+0200,7888.0,MW,ES,ES,actual_onshore_wind_generation,Wind Onshore,2026-08-19T10:57:03Z
2026-08-19T10:47:00Z,2026-08-19T12:47:00+0200,e079ef81-c4ef-4643-8235-c8ef85358b45,2026-08-08T17:30:00Z,2026-08-08T19:30:00+0200,7848.0,MW,ES,ES,actual_onshore_wind_generation,Wind Onshore,2026-08-19T10:57:03Z
2026-08-19T10:47:00Z,2026-08-19T12:47:00+0200,e079ef81-c4ef-4643-8235-c8ef85358b45,2026-08-08T17:45:00Z,2026-08-08T19:45:00+0200,7552.0,MW,ES,ES,actual_onshore_wind_generation,Wind Onshore,2026-08-19T10:57:03Z
2026-08-19T10:47:00Z,2026-08-19T12:47:00+0200,e079ef81-c4ef-4643-8235-c8ef85358b45,2026-08-08T18:00:00Z,2026-08-08T20:00:00+0200,7616.0,MW,ES,ES,actual_onshore_wind_generation,Wind Onshore,2026-08-19T10:57:03Z
2026-08-19T10:47:00Z,2026-08-19T12:47:00+0200,e079ef81-c4ef-4643-8235-c8ef85358b45,2026-08-08T18:15:00Z,2026-08-08T20:15:00+0200,7424.0,MW,ES,ES,actual_onshore_wind_generation,Wind Onshore,2026-08-19T10:57:03Z
2026-08-19T10:47:00Z,2026-08-19T12:47:00+0200,e079ef81-c4ef-4643-8235-c8ef85358b45,2026-08-08T18:30:00Z,2026-08-08T20:30:00+0200,7156.0,MW,ES,ES,actual_onshore_wind_generation,Wind Onshore,2026-08-19T10:57:03Z
2026-08-19T10:47:00Z,2026-08-19T12:47:00+0200,e079ef81-c4ef-4643-8235-c8ef85358b45,2026-08-08T18:45:00Z,2026-08-08T20:45:00+0200,6796.0,MW,ES,ES,actual_onshore_wind_generation,Wind Onshore,2026-08-19T10:57:03Z
2026-08-19T10:47:00Z,2026-08-19T12:47:00+0200,e079ef81-c4ef-4643-8235-c8ef85358b45,2026-08-08T19:00:00Z,2026-08-08T21:00:00+0200,6576.0,MW,ES,ES,actual_onshore_wind_generation,Wind Onshore,2026-08-19T10:57:03Z
2026-08-19T10:47:00Z,2026-08-19T12:47:00+0200,e079ef81-c4ef-4643-8235-c8ef85358b45,2026-08-08T19:15:00Z,2026-08-08T21:15:00+0200,6532.0,MW,ES,ES,actual_onshore_wind_generation,Wind Onshore,2026-08-19T10:57:03Z
2026-08-19T10:47:00Z,2026-08-19T12:47:00+0200,e079ef81-c4ef-4643-8235-c8ef85358b45,2026-08-08T19:30:00Z,2026-08-08T21:30:00+0200,6552.0,MW,ES,ES,actual_onshore_wind_generation,Wind Onshore,2026-08-19T10:57:03Z
2026-08-19T10:47:00Z,2026-08-19T12:47:00+0200,e079ef81-c4ef-4643-8235-c8ef85358b45,2026-08-08T19:45:00Z,2026-08-08T21:45:00+0200,6432.0,MW,ES,ES,actual_onshore_wind_generation,Wind Onshore,2026-08-19T10:57:03Z
2026-08-19T10:47:00Z,2026-08-19T12:47:00+0200,e079ef81-c4ef-4643-8235-c8ef85358b45,2026-08-08T20:00:00Z,2026-08-08T22:00:00+0200,6320.0,MW,ES,ES,actual_onshore_wind_generation,Wind Onshore,2026-08-19T10:57:03Z
2026-08-19T10:47:00Z,2026-08-19T12:47:00+0200,e079ef81-c4ef-4643-8235-c8ef85358b45,2026-08-08T20:15:00Z,2026-08-08T22:15:00+0200,6340.0,MW,ES,ES,actual_onshore_wind_generation,Wind Onshore,2026-08-19T10:57:03Z
2026-08-19T10:47:00Z,2026-08-19T12:47:00+0200,e079ef81-c4ef-4643-8235-c8ef85358b45,2026-08-08T20:30:00Z,2026-08-08T22:30:00+0200,6384.0,MW,ES,ES,actual_onshore_wind_generation,Wind Onshore,2026-08-19T10:57:03Z
2026-08-19T10:47:00Z,2026-08-19T12:47:00+0200,e079ef81-c4ef-4643-8235-c8ef85358b45,2026-08-08T20:45:00Z,2026-08-08T22:45:00+0200,6264.0,MW,ES,ES,actual_onshore_wind_generation,Wind Onshore,2026-08-19T10:57:03Z
2026-08-19T10:47:00Z,2026-08-19T12:47:00+0200,e079ef81-c4ef-4643-8235-c8ef85358b45,2026-08-08T21:00:00Z,2026-08-08T23:00:00+0200,6336.0,MW,ES,ES,actual_onshore_wind_generation,Wind Onshore,2026-08-19T10:57:03Z
2026-08-19T10:47:00Z,2026-08-19T12:47:00+0200,e079ef81-c4ef-4643-8235-c8ef85358b45,2026-08-08T21:15:00Z,2026-08-08T23:15:00+0200,6544.0,MW,ES,ES,actual_onshore_wind_generation,Wind Onshore,2026-08-19T10:57:03Z
2026-08-19T10:47:00Z,2026-08-19T12:47:00+0200,e079ef81-c4ef-4643-8235-c8ef85358b45,2026-08-08T21:30:00Z,2026-08-08T23:30:00+0200,6748.0,MW,ES,ES,actual_onshore_wind_generation,Wind Onshore,2026-08-19T10:57:03Z
2026-08-19T10:47:00Z,2026-08-19T12:47:00+0200,e079ef81-c4ef-4643-8235-c8ef85358b45,2026-08-08T21:45:00Z,2026-08-08T23:45:00+0200,6736.0,MW,ES,ES,actual_onshore_wind_generation,Wind Onshore,2026-08-19T10:57:03Z
2026-08-19T10:47:00Z,2026-08-19T12:47:00+0200,e079ef81-c4ef-4643-8235-c8ef85358b45,2026-08-08T22:00:00Z,2026-08-09T00:00:00+0200,6684.0,MW,ES,ES,actual_onshore_wind_generation,Wind Onshore,2026-08-19T10:57:03Z
2026-08-19T10:47:00Z,2026-08-19T12:47:00+0200,e079ef81-c4ef-4643-8235-c8ef85358b45,2026-08-08T22:15:00Z,2026-08-09T00:15:00+0200,6840.0,MW,ES,ES,actual_onshore_wind_generation,Wind Onshore,2026-08-19T10:57:03Z
2026-08-19T10:47:00Z,2026-08-19T12:47:00+0200,e079ef81-c4ef-4643-8235-c8ef85358b45,2026-08-08T22:30:00Z,2026-08-09T00:30:00+0200,6808.0,MW,ES,ES,actual_onshore_wind_generation,Wind Onshore,2026-08-19T10:57:03Z
2026-08-19T10:47:00Z,2026-08-19T12:47:00+0200,e079ef81-c4ef-4643-8235-c8ef85358b45,2026-08-08T22:45:00Z,2026-08-09T00:45:00+0200,6432.0,MW,ES,ES,actual_onshore_wind_generation,Wind Onshore,2026-08-19T10:57:03Z
2026-08-19T10:47:00Z,2026-08-19T12:47:00+0200,e079ef81-c4ef-4643-8235-c8ef85358b45,2026-08-08T23:00:00Z,2026-08-09T01:00:00+0200,6160.0,MW,ES,ES,actual_onshore_wind_generation,Wind Onshore,2026-08-19T10:57:03Z
2026-08-19T10:47:00Z,2026-08-19T12:47:00+0200,e079ef81-c4ef-4643-8235-c8ef85358b45,2026-08-08T23:15:00Z,2026-08-09T01:15:00+0200,6080.0,MW,ES,ES,actual_onshore_wind_generation,Wind Onshore,2026-08-19T10:57:03Z
2026-08-19T10:47:00Z,2026-08-19T12:47:00+0200,e079ef81-c4ef-4643-8235-c8ef85358b45,2026-08-08T23:30:00Z,2026-08-09T01:30:00+0200,5944.0,MW,ES,ES,actual_onshore_wind_generation,Wind Onshore,2026-08-19T10:57:03Z
2026-08-19T10:47:00Z,2026-08-19T12:47:00+0200,e079ef81-c4ef-4643-8235-c8ef85358b45,2026-08-08T23:45:00Z,2026-08-09T01:45:00+0200,5680.0,MW,ES,ES,actual_onshore_wind_generation,Wind Onshore,2026-08-19T10:57:03Z
2026-08-19T10:47:00Z,2026-08-19T12:47:00+0200,e079ef81-c4ef-4643-8235-c8ef85358b45,2026-08-09T00:00:00Z,2026-08-09T02:00:00+0200,5604.0,MW,ES,ES,actual_onshore_wind_generation,Wind Onshore,2026-08-19T10:57:03Z
2026-08-19T10:47:00Z,2026-08-19T12:47:00+0200,e079ef81-c4ef-4643-8235-c8ef85358b45,2026-08-09T00:15:00Z,2026-08-09T02:15:00+0200,5516.0,MW,ES,ES,actual_onshore_wind_generation,Wind Onshore,2026-08-19T10:57:03Z
2026-08-19T10:47:00Z,2026-08-19T12:47:00+0200,e079ef81-c4ef-4643-8235-c8ef85358b45,2026-08-09T00:30:00Z,2026-08-09T02:30:00+0200,5432.0,MW,ES,ES,actual_onshore_wind_generation,Wind Onshore,2026-08-19T10:57:03Z
2026-08-19T10:47:00Z,2026-08-19T12:47:00+0200,e079ef81-c4ef-4643-8235-c8ef85358b45,2026-08-09T00:45:00Z,2026-08-09T02:45:00+0200,5200.0,MW,ES,ES,actual_onshore_wind_generation,Wind Onshore,2026-08-19T10:57:03Z
2026-08-19T10:47:00Z,2026-08-19T12:47:00+0200,e079ef81-c4ef-4643-8235-c8ef85358b45,2026-08-09T01:00:00Z,2026-08-09T03:00:00+0200,5084.0,MW,ES,ES,actual_onshore_wind_generation,Wind Onshore,2026-08-19T10:57:03Z
2026-08-19T10:47:00Z,2026-08-19T12:47:00+0200,e079ef81-c4ef-4643-8235-c8ef85358b45,2026-08-09T01:15:00Z,2026-08-09T03:15:00+0200,5020.0,MW,ES,ES,actual_onshore_wind_generation,Wind Onshore,2026-08-19T10:57:03Z
2026-08-19T10:47:00Z,2026-08-19T12:47:00+0200,e079ef81-c4ef-4643-8235-c8ef85358b45,2026-08-09T01:30:00Z,2026-08-09T03:30:00+0200,4772.0,MW,ES,ES,actual_onshore_wind_generation,Wind Onshore,2026-08-19T10:57:03Z
2026-08-19T10:47:00Z,2026-08-19T12:47:00+0200,e079ef81-c4ef-4643-8235-c8ef85358b45,2026-08-09T01:45:00Z,2026-08-09T03:45:00+0200,4560.0,MW,ES,ES,actual_onshore_wind_generation,Wind Onshore,2026-08-19T10:57:03Z
2026-08-19T10:47:00Z,2026-08-19T12:47:00+0200,e079ef81-c4ef-4643-8235-c8ef85358b45,2026-08-09T02:00:00Z,2026-08-09T04:00:00+0200,4556.0,MW,ES,ES,actual_onshore_wind_generation,Wind Onshore,2026-08-19T10:57:03Z
2026-08-19T10:47:00Z,2026-08-19T12:47:00+0200,e079ef81-c4ef-4643-8235-c8ef85358b45,2026-08-09T02:15:00Z,2026-08-09T04:15:00+0200,4648.0,MW,ES,ES,actual_onshore_wind_generation,Wind Onshore,2026-08-19T10:57:03Z
2026-08-19T10:47:00Z,2026-08-19T12:47:00+0200,e079ef81-c4ef-4643-8235-c8ef85358b45,2026-08-09T02:30:00Z,2026-08-09T04:30:00+0200,4612.0,MW,ES,ES,actual_onshore_wind_generation,Wind Onshore,2026-08-19T10:57:03Z
2026-08-19T10:47:00Z,2026-08-19T12:47:00+0200,e079ef81-c4ef-4643-8235-c8ef85358b45,2026-08-09T02:45:00Z,2026-08-09T04:45:00+0200,4576.0,MW,ES,ES,actual_onshore_wind_generation,Wind Onshore,2026-08-19T10:57:03Z
2026-08-19T10:47:00Z,2026-08-19T12:47:00+0200,e079ef81-c4ef-4643-8235-c8ef85358b45,2026-08-09T03:00:00Z,2026-08-09T05:00:00+0200,4524.0,MW,ES,ES,actual_onshore_wind_generation,Wind Onshore,2026-08-19T10:57:03Z
2026-08-19T10:47:00Z,2026-08-19T12:47:00+0200,e079ef81-c4ef-4643-8235-c8ef85358b45,2026-08-09T03:15:00Z,2026-08-09T05:15:00+0200,4540.0,MW,ES,ES,actual_onshore_wind_generation,Wind Onshore,2026-08-19T10:57:03Z
2026-08-19T10:47:00Z,2026-08-19T12:47:00+0200,e079ef81-c4ef-4643-8235-c8ef85358b45,2026-08-09T03:30:00Z,2026-08-09T05:30:00+0200,4636.0,MW,ES,ES,actual_onshore_wind_generation,Wind Onshore,2026-08-19T10:57:03Z
2026-08-19T10:47:00Z,2026-08-19T12:47:00+0200,e079ef81-c4ef-4643-8235-c8ef85358b45,2026-08-09T03:45:00Z,2026-08-09T05:45:00+0200,4656.0,MW,ES,ES,actual_onshore_wind_generation,Wind Onshore,2026-08-19T10:57:03Z
2026-08-19T10:47:00Z,2026-08-19T12:47:00+0200,e079ef81-c4ef-4643-8235-c8ef85358b45,2026-08-09T04:00:00Z,2026-08-09T06:00:00+0200,4520.0,MW,ES,ES,actual_onshore_wind_generation,Wind Onshore,2026-08-19T10:57:03Z
2026-08-19T10:47:00Z,2026-08-19T12:47:00+0200,e079ef81-c4ef-4643-8235-c8ef85358b45,2026-08-09T04:15:00Z,2026-08-09T06:15:00+0200,4364.0,MW,ES,ES,actual_onshore_wind_generation,Wind Onshore,2026-08-19T10:57:03Z
2026-08-19T10:47:00Z,2026-08-19T12:47:00+0200,e079ef81-c4ef-4643-8235-c8ef85358b45,2026-08-09T04:30:00Z,2026-08-09T06:30:00+0200,4256.0,MW,ES,ES,actual_onshore_wind_generation,Wind Onshore,2026-08-19T10:57:03Z
2026-08-19T10:47:00Z,2026-08-19T12:47:00+0200,e079ef81-c4ef-4643-8235-c8ef85358b45,2026-08-09T04:45:00Z,2026-08-09T06:45:00+0200,4148.0,MW,ES,ES,actual_onshore_wind_generation,Wind Onshore,2026-08-19T10:57:03Z
2026-08-19T10:47:00Z,2026-08-19T12:47:00+0200,e079ef81-c4ef-4643-8235-c8ef85358b45,2026-08-09T05:00:00Z,2026-08-09T07:00:00+0200,4004.0,MW,ES,ES,actual_onshore_wind_generation,Wind Onshore,2026-08-19T10:57:03Z
2026-08-19T10:47:00Z,2026-08-19T12:47:00+0200,e079ef81-c4ef-4643-8235-c8ef85358b45,2026-08-09T05:15:00Z,2026-08-09T07:15:00+0200,3904.0,MW,ES,ES,actual_onshore_wind_generation,Wind Onshore,2026-08-19T10:57:03Z
2026-08-19T10:47:00Z,2026-08-19T12:47:00+0200,e079ef81-c4ef-4643-8235-c8ef85358b45,2026-08-09T05:30:00Z,2026-08-09T07:30:00+0200,3800.0,MW,ES,ES,actual_onshore_wind_generation,Wind Onshore,2026-08-19T10:57:03Z
2026-08-19T10:47:00Z,2026-08-19T12:47:00+0200,e079ef81-c4ef-4643-8235-c8ef85358b45,2026-08-09T05:45:00Z,2026-08-09T07:45:00+0200,3752.0,MW,ES,ES,actual_onshore_wind_generation,Wind Onshore,2026-08-19T10:57:03Z
2026-08-19T10:47:00Z,2026-08-19T12:47:00+0200,e079ef81-c4ef-4643-8235-c8ef85358b45,2026-08-09T06:00:00Z,2026-08-09T08:00:00+0200,3632.0,MW,ES,ES,actual_onshore_wind_generation,Wind Onshore,2026-08-19T10:57:03Z
2026-08-19T10:47:00Z,2026-08-19T12:47:00+0200,e079ef81-c4ef-4643-8235-c8ef85358b45,2026-08-09T06:15:00Z,2026-08-09T08:15:00+0200,3356.0,MW,ES,ES,actual_onshore_wind_generation,Wind Onshore,2026-08-19T10:57:03Z
2026-08-19T10:47:00Z,2026-08-19T12:47:00+0200,e079ef81-c4ef-4643-8235-c8ef85358b45,2026-08-09T06:30:00Z,2026-08-09T08:30:00+0200,3120.0,MW,ES,ES,actual_onshore_wind_generation,Wind Onshore,2026-08-19T10:57:03Z
2026-08-19T10:47:00Z,2026-08-19T12:47:00+0200,e079ef81-c4ef-4643-8235-c8ef85358b45,2026-08-09T06:45:00Z,2026-08-09T08:45:00+0200,2816.0,MW,ES,ES,actual_onshore_wind_generation,Wind Onshore,2026-08-19T10:57:03Z
2026-08-19T10:47:00Z,2026-08-19T12:47:00+0200,e079ef81-c4ef-4643-8235-c8ef85358b45,2026-08-09T07:00:00Z,2026-08-09T09:00:00+0200,2512.0,MW,ES,ES,actual_onshore_wind_generation,Wind Onshore,2026-08-19T10:57:03Z
2026-08-19T10:47:00Z,2026-08-19T12:47:00+0200,e079ef81-c4ef-4643-8235-c8ef85358b45,2026-08-09T07:15:00Z,2026-08-09T09:15:00+0200,2340.0,MW,ES,ES,actual_onshore_wind_generation,Wind Onshore,2026-08-19T10:57:03Z
2026-08-19T10:47:00Z,2026-08-19T12:47:00+0200,e079ef81-c4ef-4643-8235-c8ef85358b45,2026-08-09T07:30:00Z,2026-08-09T09:30:00+0200,2220.0,MW,ES,ES,actual_onshore_wind_generation,Wind Onshore,2026-08-19T10:57:03Z
2026-08-19T10:47:00Z,2026-08-19T12:47:00+0200,e079ef81-c4ef-4643-8235-c8ef85358b45,2026-08-09T07:45:00Z,2026-08-09T09:45:00+0200,2084.0,MW,ES,ES,actual_onshore_wind_generation,Wind Onshore,2026-08-19T10:57:03Z
2026-08-19T10:47:00Z,2026-08-19T12:47:00+0200,e079ef81-c4ef-4643-8235-c8ef85358b45,2026-08-09T08:00:00Z,2026-08-09T10:00:00+0200,2068.0,MW,ES,ES,actual_onshore_wind_generation,Wind Onshore,2026-08-19T10:57:03Z
2026-08-19T10:47:00Z,2026-08-19T12:47:00+0200,e079ef81-c4ef-4643-8235-c8ef85358b45,2026-08-09T08:15:00Z,2026-08-09T10:15:00+0200,2012.0,MW,ES,ES,actual_onshore_wind_generation,Wind Onshore,2026-08-19T10:57:03Z
2026-08-19T10:47:00Z,2026-08-19T12:47:00+0200,e079ef81-c4ef-4643-8235-c8ef85358b45,2026-08-09T08:30:00Z,2026-08-09T10:30:00+0200,1920.0,MW,ES,ES,actual_onshore_wind_generation,Wind Onshore,2026-08-19T10:57:03Z
2026-08-19T10:47:00Z,2026-08-19T12:47:00+0200,e079ef81-c4ef-4643-8235-c8ef85358b45,2026-08-09T08:45:00Z,2026-08-09T10:45:00+0200,1696.0,MW,ES,ES,actual_onshore_wind_generation,Wind Onshore,2026-08-19T10:57:03Z
2026-08-19T10:47:00Z,2026-08-19T12:47:00+0200,e079ef81-c4ef-4643-8235-c8ef85358b45,2026-08-09T09:00:00Z,2026-08-09T11:00:00+0200,1692.0,MW,ES,ES,actual_onshore_wind_generation,Wind Onshore,2026-08-19T10:57:03Z
2026-08-19T10:47:00Z,2026-08-19T12:47:00+0200,e079ef81-c4ef-4643-8235-c8ef85358b45,2026-08-09T09:15:00Z,2026-08-09T11:15:00+0200,1900.0,MW,ES,ES,actual_onshore_wind_generation,Wind Onshore,2026-08-19T10:57:03Z
2026-08-19T10:47:00Z,2026-08-19T12:47:00+0200,e079ef81-c4ef-4643-8235-c8ef85358b45,2026-08-09T09:30:00Z,2026-08-09T11:30:00+0200,1776.0,MW,ES,ES,actual_onshore_wind_generation,Wind Onshore,2026-08-19T10:57:03Z
2026-08-19T10:47:00Z,2026-08-19T12:47:00+0200,e079ef81-c4ef-4643-8235-c8ef85358b45,2026-08-09T09:45:00Z,2026-08-09T11:45:00+0200,1716.0,MW,ES,ES,actual_onshore_wind_generation,Wind Onshore,2026-08-19T10:57:03Z
2026-08-19T10:47:00Z,2026-08-19T12:47:00+0200,e079ef81-c4ef-4643-8235-c8ef85358b45,2026-08-09T10:00:00Z,2026-08-09T12:00:00+0200,1716.0,MW,ES,ES,actual_onshore_wind_generation,Wind Onshore,2026-08-19T10:57:03Z
2026-08-19T10:47:00Z,2026-08-19T12:47:00+0200,e079ef81-c4ef-4643-8235-c8ef85358b45,2026-08-09T10:15:00Z,2026-08-09T12:15:00+0200,1812.0,MW,ES,ES,actual_onshore_wind_generation,Wind Onshore,2026-08-19T10:57:03Z
2026-08-19T10:47:00Z,2026-08-19T12:47:00+0200,e079ef81-c4ef-4643-8235-c8ef85358b45,2026-08-09T10:30:00Z,2026-08-09T12:30:00+0200,1968.0,MW,ES,ES,actual_onshore_wind_generation,Wind Onshore,2026-08-19T10:57:03Z
2026-08-19T10:47:00Z,2026-08-19T12:47:00+0200,e079ef81-c4ef-4643-8235-c8ef85358b45,2026-08-09T10:45:00Z,2026-08-09T12:45:00+0200,2012.0,MW,ES,ES,actual_onshore_wind_generation,Wind Onshore,2026-08-19T10:57:03Z
2026-08-19T10:47:00Z,2026-08-19T12:47:00+0200,e079ef81-c4ef-4643-8235-c8ef85358b45,2026-08-09T11:00:00Z,2026-08-09T13:00:00+0200,2156.0,MW,ES,ES,actual_onshore_wind_generation,Wind Onshore,2026-08-19T10:57:03Z
2026-08-19T10:47:00Z,2026-08-19T12:47:00+0200,e079ef81-c4ef-4643-8235-c8ef85358b45,2026-08-09T11:15:00Z,2026-08-09T13:15:00+0200,2284.0,MW,ES,ES,actual_onshore_wind_generation,Wind Onshore,2026-08-19T10:57:03Z
2026-08-19T10:47:00Z,2026-08-19T12:47:00+0200,e079ef81-c4ef-4643-8235-c8ef85358b45,2026-08-09T11:30:00Z,2026-08-09T13:30:00+0200,2504.0,MW,ES,ES,actual_onshore_wind_generation,Wind Onshore,2026-08-19T10:57:03Z
2026-08-19T10:47:00Z,2026-08-19T12:47:00+0200,e079ef81-c4ef-4643-8235-c8ef85358b45,2026-08-09T11:45:00Z,2026-08-09T13:45:00+0200,2672.0,MW,ES,ES,actual_onshore_wind_generation,Wind Onshore,2026-08-19T10:57:03Z
2026-08-19T10:47:00Z,2026-08-19T12:47:00+0200,e079ef81-c4ef-4643-8235-c8ef85358b45,2026-08-09T12:00:00Z,2026-08-09T14:00:00+0200,2844.0,MW,ES,ES,actual_onshore_wind_generation,Wind Onshore,2026-08-19T10:57:03Z
2026-08-19T10:47:00Z,2026-08-19T12:47:00+0200,e079ef81-c4ef-4643-8235-c8ef85358b45,2026-08-09T12:15:00Z,2026-08-09T14:15:00+0200,2936.0,MW,ES,ES,actual_onshore_wind_generation,Wind Onshore,2026-08-19T10:57:03Z
2026-08-19T10:47:00Z,2026-08-19T12:47:00+0200,e079ef81-c4ef-4643-8235-c8ef85358b45,2026-08-09T12:30:00Z,2026-08-09T14:30:00+0200,3144.0,MW,ES,ES,actual_onshore_wind_generation,Wind Onshore,2026-08-19T10:57:03Z
2026-08-19T10:47:00Z,2026-08-19T12:47:00+0200,e079ef81-c4ef-4643-8235-c8ef85358b45,2026-08-09T12:45:00Z,2026-08-09T14:45:00+0200,3340.0,MW,ES,ES,actual_onshore_wind_generation,Wind Onshore,2026-08-19T10:57:03Z
2026-08-19T10:47:00Z,2026-08-19T12:47:00+0200,e079ef81-c4ef-4643-8235-c8ef85358b45,2026-08-09T13:00:00Z,2026-08-09T15:00:00+0200,3444.0,MW,ES,ES,actual_onshore_wind_generation,Wind Onshore,2026-08-19T10:57:03Z
2026-08-19T10:47:00Z,2026-08-19T12:47:00+0200,e079ef81-c4ef-4643-8235-c8ef85358b45,2026-08-09T13:15:00Z,2026-08-09T15:15:00+0200,3620.0,MW,ES,ES,actual_onshore_wind_generation,Wind Onshore,2026-08-19T10:57:03Z
2026-08-19T10:47:00Z,2026-08-19T12:47:00+0200,e079ef81-c4ef-4643-8235-c8ef85358b45,2026-08-09T13:30:00Z,2026-08-09T15:30:00+0200,3780.0,MW,ES,ES,actual_onshore_wind_generation,Wind Onshore,2026-08-19T10:57:03Z
2026-08-19T10:47:00Z,2026-08-19T12:47:00+0200,e079ef81-c4ef-4643-8235-c8ef85358b45,2026-08-09T13:45:00Z,2026-08-09T15:45:00+0200,4396.0,MW,ES,ES,actual_onshore_wind_generation,Wind Onshore,2026-08-19T10:57:03Z
2026-08-19T10:47:00Z,2026-08-19T12:47:00+0200,e079ef81-c4ef-4643-8235-c8ef85358b45,2026-08-09T14:00:00Z,2026-08-09T16:00:00+0200,4456.0,MW,ES,ES,actual_onshore_wind_generation,Wind Onshore,2026-08-19T10:57:03Z
2026-08-19T10:47:00Z,2026-08-19T12:47:00+0200,e079ef81-c4ef-4643-8235-c8ef85358b45,2026-08-09T14:15:00Z,2026-08-09T16:15:00+0200,3992.0,MW,ES,ES,actual_onshore_wind_generation,Wind Onshore,2026-08-19T10:57:03Z
2026-08-19T10:47:00Z,2026-08-19T12:47:00+0200,e079ef81-c4ef-4643-8235-c8ef85358b45,2026-08-09T14:30:00Z,2026-08-09T16:30:00+0200,3980.0,MW,ES,ES,actual_onshore_wind_generation,Wind Onshore,2026-08-19T10:57:03Z
2026-08-19T10:47:00Z,2026-08-19T12:47:00+0200,e079ef81-c4ef-4643-8235-c8ef85358b45,2026-08-09T14:45:00Z,2026-08-09T16:45:00+0200,4072.0,MW,ES,ES,actual_onshore_wind_generation,Wind Onshore,2026-08-19T10:57:03Z
2026-08-19T10:47:00Z,2026-08-19T12:47:00+0200,e079ef81-c4ef-4643-8235-c8ef85358b45,2026-08-09T15:00:00Z,2026-08-09T17:00:00+0200,4196.0,MW,ES,ES,actual_onshore_wind_generation,Wind Onshore,2026-08-19T10:57:03Z
2026-08-19T10:47:00Z,2026-08-19T12:47:00+0200,e079ef81-c4ef-4643-8235-c8ef85358b45,2026-08-09T15:15:00Z,2026-08-09T17:15:00+0200,4488.0,MW,ES,ES,actual_onshore_wind_generation,Wind Onshore,2026-08-19T10:57:03Z
2026-08-19T10:47:00Z,2026-08-19T12:47:00+0200,e079ef81-c4ef-4643-8235-c8ef85358b45,2026-08-09T15:30:00Z,2026-08-09T17:30:00+0200,4808.0,MW,ES,ES,actual_onshore_wind_generation,Wind Onshore,2026-08-19T10:57:03Z
2026-08-19T10:47:00Z,2026-08-19T12:47:00+0200,e079ef81-c4ef-4643-8235-c8ef85358b45,2026-08-09T15:45:00Z,2026-08-09T17:45:00+0200,5484.0,MW,ES,ES,actual_onshore_wind_generation,Wind Onshore,2026-08-19T10:57:03Z
2026-08-19T10:47:00Z,2026-08-19T12:47:00+0200,e079ef81-c4ef-4643-8235-c8ef85358b45,2026-08-09T16:00:00Z,2026-08-09T18:00:00+0200,6144.0,MW,ES,ES,actual_onshore_wind_generation,Wind Onshore,2026-08-19T10:57:03Z
2026-08-19T10:47:00Z,2026-08-19T12:47:00+0200,e079ef81-c4ef-4643-8235-c8ef85358b45,2026-08-09T16:15:00Z,2026-08-09T18:15:00+0200,6544.0,MW,ES,ES,actual_onshore_wind_generation,Wind Onshore,2026-08-19T10:57:03Z
2026-08-19T10:47:00Z,2026-08-19T12:47:00+0200,e079ef81-c4ef-4643-8235-c8ef85358b45,2026-08-09T16:30:00Z,2026-08-09T18:30:00+0200,6180.0,MW,ES,ES,actual_onshore_wind_generation,Wind Onshore,2026-08-19T10:57:03Z
2026-08-19T10:47:00Z,2026-08-19T12:47:00+0200,e079ef81-c4ef-4643-8235-c8ef85358b45,2026-08-09T16:45:00Z,2026-08-09T18:45:00+0200,6028.0,MW,ES,ES,actual_onshore_wind_generation,Wind Onshore,2026-08-19T10:57:03Z
2026-08-19T10:47:00Z,2026-08-19T12:47:00+0200,e079ef81-c4ef-4643-8235-c8ef85358b45,2026-08-09T17:00:00Z,2026-08-09T19:00:00+0200,6432.0,MW,ES,ES,actual_onshore_wind_generation,Wind Onshore,2026-08-19T10:57:03Z
2026-08-19T10:47:00Z,2026-08-19T12:47:00+0200,e079ef81-c4ef-4643-8235-c8ef85358b45,2026-08-09T17:15:00Z,2026-08-09T19:15:00+0200,6780.0,MW,ES,ES,actual_onshore_wind_generation,Wind Onshore,2026-08-19T10:57:03Z
2026-08-19T10:47:00Z,2026-08-19T12:47:00+0200,e079ef81-c4ef-4643-8235-c8ef85358b45,2026-08-09T17:30:00Z,2026-08-09T19:30:00+0200,6964.0,MW,ES,ES,actual_onshore_wind_generation,Wind Onshore,2026-08-19T10:57:03Z
2026-08-19T10:47:00Z,2026-08-19T12:47:00+0200,e079ef81-c4ef-4643-8235-c8ef85358b45,2026-08-09T17:45:00Z,2026-08-09T19:45:00+0200,6960.0,MW,ES,ES,actual_onshore_wind_generation,Wind Onshore,2026-08-19T10:57:03Z
2026-08-19T10:47:00Z,2026-08-19T12:47:00+0200,e079ef81-c4ef-4643-8235-c8ef85358b45,2026-08-09T18:00:00Z,2026-08-09T20:00:00+0200,7496.0,MW,ES,ES,actual_onshore_wind_generation,Wind Onshore,2026-08-19T10:57:03Z
2026-08-19T10:47:00Z,2026-08-19T12:47:00+0200,e079ef81-c4ef-4643-8235-c8ef85358b45,2026-08-09T18:15:00Z,2026-08-09T20:15:00+0200,7096.0,MW,ES,ES,actual_onshore_wind_generation,Wind Onshore,2026-08-19T10:57:03Z
2026-08-19T10:47:00Z,2026-08-19T12:47:00+0200,e079ef81-c4ef-4643-8235-c8ef85358b45,2026-08-09T18:30:00Z,2026-08-09T20:30:00+0200,6776.0,MW,ES,ES,actual_onshore_wind_generation,Wind Onshore,2026-08-19T10:57:03Z
2026-08-19T10:47:00Z,2026-08-19T12:47:00+0200,e079ef81-c4ef-4643-8235-c8ef85358b45,2026-08-09T18:45:00Z,2026-08-09T20:45:00+0200,6476.0,MW,ES,ES,actual_onshore_wind_generation,Wind Onshore,2026-08-19T10:57:03Z
2026-08-19T10:47:00Z,2026-08-19T12:47:00+0200,e079ef81-c4ef-4643-8235-c8ef85358b45,2026-08-09T19:00:00Z,2026-08-09T21:00:00+0200,6556.0,MW,ES,ES,actual_onshore_wind_generation,Wind Onshore,2026-08-19T10:57:03Z
2026-08-19T10:47:00Z,2026-08-19T12:47:00+0200,e079ef81-c4ef-4643-8235-c8ef85358b45,2026-08-09T19:15:00Z,2026-08-09T21:15:00+0200,6708.0,MW,ES,ES,actual_onshore_wind_generation,Wind Onshore,2026-08-19T10:57:03Z
2026-08-19T10:47:00Z,2026-08-19T12:47:00+0200,e079ef81-c4ef-4643-8235-c8ef85358b45,2026-08-09T19:30:00Z,2026-08-09T21:30:00+0200,6852.0,MW,ES,ES,actual_onshore_wind_generation,Wind Onshore,2026-08-19T10:57:03Z
2026-08-19T10:47:00Z,2026-08-19T12:47:00+0200,e079ef81-c4ef-4643-8235-c8ef85358b45,2026-08-09T19:45:00Z,2026-08-09T21:45:00+0200,6852.0,MW,ES,ES,actual_onshore_wind_generation,Wind Onshore,2026-08-19T10:57:03Z
2026-08-19T10:47:00Z,2026-08-19T12:47:00+0200,e079ef81-c4ef-4643-8235-c8ef85358b45,2026-08-09T20:00:00Z,2026-08-09T22:00:00+0200,6872.0,MW,ES,ES,actual_onshore_wind_generation,Wind Onshore,2026-08-19T10:57:03Z
2026-08-19T10:47:00Z,2026-08-19T12:47:00+0200,e079ef81-c4ef-4643-8235-c8ef85358b45,2026-08-09T20:15:00Z,2026-08-09T22:15:00+0200,6892.0,MW,ES,ES,actual_onshore_wind_generation,Wind Onshore,2026-08-19T10:57:03Z
2026-08-19T10:47:00Z,2026-08-19T12:47:00+0200,e079ef81-c4ef-4643-8235-c8ef85358b45,2026-08-09T20:30:00Z,2026-08-09T22:30:00+0200,6996.0,MW,ES,ES,actual_onshore_wind_generation,Wind Onshore,2026-08-19T10:57:03Z
2026-08-19T10:47:00Z,2026-08-19T12:47:00+0200,e079ef81-c4ef-4643-8235-c8ef85358b45,2026-08-09T20:45:00Z,2026-08-09T22:45:00+0200,7240.0,MW,ES,ES,actual_onshore_wind_generation,Wind Onshore,2026-08-19T10:57:03Z
2026-08-19T10:47:00Z,2026-08-19T12:47:00+0200,e079ef81-c4ef-4643-8235-c8ef85358b45,2026-08-09T21:00:00Z,2026-08-09T23:00:00+0200,7432.0,MW,ES,ES,actual_onshore_wind_generation,Wind Onshore,2026-08-19T10:57:03Z
2026-08-19T10:47:00Z,2026-08-19T12:47:00+0200,e079ef81-c4ef-4643-8235-c8ef85358b45,2026-08-09T21:15:00Z,2026-08-09T23:15:00+0200,7284.0,MW,ES,ES,actual_onshore_wind_generation,Wind Onshore,2026-08-19T10:57:03Z
2026-08-19T10:47:00Z,2026-08-19T12:47:00+0200,e079ef81-c4ef-4643-8235-c8ef85358b45,2026-08-09T21:30:00Z,2026-08-09T23:30:00+0200,7216.0,MW,ES,ES,actual_onshore_wind_generation,Wind Onshore,2026-08-19T10:57:03Z
2026-08-19T10:47:00Z,2026-08-19T12:47:00+0200,e079ef81-c4ef-4643-8235-c8ef85358b45,2026-08-09T21:45:00Z,2026-08-09T23:45:00+0200,7200.0,MW,ES,ES,actual_onshore_wind_generation,Wind Onshore,2026-08-19T10:57:03Z
2026-08-19T10:47:00Z,2026-08-19T12:47:00+0200,e079ef81-c4ef-4643-8235-c8ef85358b45,2026-08-09T22:00:00Z,2026-08-10T00:00:00+0200,7236.0,MW,ES,ES,actual_onshore_wind_generation,Wind Onshore,2026-08-19T10:57:03Z
2026-08-19T10:47:00Z,2026-08-19T12:47:00+0200,e079ef81-c4ef-4643-8235-c8ef85358b45,2026-08-09T22:15:00Z,2026-08-10T00:15:00+0200,7364.0,MW,ES,ES,actual_onshore_wind_generation,Wind Onshore,2026-08-19T10:57:03Z
2026-08-19T10:47:00Z,2026-08-19T12:47:00+0200,e079ef81-c4ef-4643-8235-c8ef85358b45,2026-08-09T22:30:00Z,2026-08-10T00:30:00+0200,7348.0,MW,ES,ES,actual_onshore_wind_generation,Wind Onshore,2026-08-19T10:57:03Z
2026-08-19T10:47:00Z,2026-08-19T12:47:00+0200,e079ef81-c4ef-4643-8235-c8ef85358b45,2026-08-09T22:45:00Z,2026-08-10T00:45:00+0200,7212.0,MW,ES,ES,actual_onshore_wind_generation,Wind Onshore,2026-08-19T10:57:03Z
2026-08-19T10:47:00Z,2026-08-19T12:47:00+0200,e079ef81-c4ef-4643-8235-c8ef85358b45,2026-08-09T23:00:00Z,2026-08-10T01:00:00+0200,7084.0,MW,ES,ES,actual_onshore_wind_generation,Wind Onshore,2026-08-19T10:57:03Z
2026-08-19T10:47:00Z,2026-08-19T12:47:00+0200,e079ef81-c4ef-4643-8235-c8ef85358b45,2026-08-09T23:15:00Z,2026-08-10T01:15:00+0200,7032.0,MW,ES,ES,actual_onshore_wind_generation,Wind Onshore,2026-08-19T10:57:03Z
2026-08-19T10:47:00Z,2026-08-19T12:47:00+0200,e079ef81-c4ef-4643-8235-c8ef85358b45,2026-08-09T23:30:00Z,2026-08-10T01:30:00+0200,6860.0,MW,ES,ES,actual_onshore_wind_generation,Wind Onshore,2026-08-19T10:57:03Z
2026-08-19T10:47:00Z,2026-08-19T12:47:00+0200,e079ef81-c4ef-4643-8235-c8ef85358b45,2026-08-09T23:45:00Z,2026-08-10T01:45:00+0200,6668.0,MW,ES,ES,actual_onshore_wind_generation,Wind Onshore,2026-08-19T10:57:03Z
2026-08-19T10:47:00Z,2026-08-19T12:47:00+0200,e079ef81-c4ef-4643-8235-c8ef85358b45,2026-08-10T00:00:00Z,2026-08-10T02:00:00+0200,6544.0,MW,ES,ES,actual_onshore_wind_generation,Wind Onshore,2026-08-19T10:57:03Z
2026-08-19T10:47:00Z,2026-08-19T12:47:00+0200,e079ef81-c4ef-4643-8235-c8ef85358b45,2026-08-10T00:15:00Z,2026-08-10T02:15:00+0200,6452.0,MW,ES,ES,actual_onshore_wind_generation,Wind Onshore,2026-08-19T10:57:03Z
2026-08-19T10:47:00Z,2026-08-19T12:47:00+0200,e079ef81-c4ef-4643-8235-c8ef85358b45,2026-08-10T00:30:00Z,2026-08-10T02:30:00+0200,6472.0,MW,ES,ES,actual_onshore_wind_generation,Wind Onshore,2026-08-19T10:57:03Z
2026-08-19T10:47:00Z,2026-08-19T12:47:00+0200,e079ef81-c4ef-4643-8235-c8ef85358b45,2026-08-10T00:45:00Z,2026-08-10T02:45:00+0200,6448.0,MW,ES,ES,actual_onshore_wind_generation,Wind Onshore,2026-08-19T10:57:03Z
2026-08-19T10:47:00Z,2026-08-19T12:47:00+0200,e079ef81-c4ef-4643-8235-c8ef85358b45,2026-08-10T01:00:00Z,2026-08-10T03:00:00+0200,6388.0,MW,ES,ES,actual_onshore_wind_generation,Wind Onshore,2026-08-19T10:57:03Z
2026-08-19T10:47:00Z,2026-08-19T12:47:00+0200,e079ef81-c4ef-4643-8235-c8ef85358b45,2026-08-10T01:15:00Z,2026-08-10T03:15:00+0200,6212.0,MW,ES,ES,actual_onshore_wind_generation,Wind Onshore,2026-08-19T10:57:03Z
2026-08-19T10:47:00Z,2026-08-19T12:47:00+0200,e079ef81-c4ef-4643-8235-c8ef85358b45,2026-08-10T01:30:00Z,2026-08-10T03:30:00+0200,5960.0,MW,ES,ES,actual_onshore_wind_generation,Wind Onshore,2026-08-19T10:57:03Z
2026-08-19T10:47:00Z,2026-08-19T12:47:00+0200,e079ef81-c4ef-4643-8235-c8ef85358b45,2026-08-10T01:45:00Z,2026-08-10T03:45:00+0200,5800.0,MW,ES,ES,actual_onshore_wind_generation,Wind Onshore,2026-08-19T10:57:03Z
2026-08-19T10:47:00Z,2026-08-19T12:47:00+0200,e079ef81-c4ef-4643-8235-c8ef85358b45,2026-08-10T02:00:00Z,2026-08-10T04:00:00+0200,5676.0,MW,ES,ES,actual_onshore_wind_generation,Wind Onshore,2026-08-19T10:57:03Z
2026-08-19T10:47:00Z,2026-08-19T12:47:00+0200,e079ef81-c4ef-4643-8235-c8ef85358b45,2026-08-10T02:15:00Z,2026-08-10T04:15:00+0200,5400.0,MW,ES,ES,actual_onshore_wind_generation,Wind Onshore,2026-08-19T10:57:03Z
2026-08-19T10:47:00Z,2026-08-19T12:47:00+0200,e079ef81-c4ef-4643-8235-c8ef85358b45,2026-08-10T02:30:00Z,2026-08-10T04:30:00+0200,5240.0,MW,ES,ES,actual_onshore_wind_generation,Wind Onshore,2026-08-19T10:57:03Z
2026-08-19T10:47:00Z,2026-08-19T12:47:00+0200,e079ef81-c4ef-4643-8235-c8ef85358b45,2026-08-10T02:45:00Z,2026-08-10T04:45:00+0200,5040.0,MW,ES,ES,actual_onshore_wind_generation,Wind Onshore,2026-08-19T10:57:03Z
2026-08-19T10:47:00Z,2026-08-19T12:47:00+0200,e079ef81-c4ef-4643-8235-c8ef85358b45,2026-08-10T03:00:00Z,2026-08-10T05:00:00+0200,4892.0,MW,ES,ES,actual_onshore_wind_generation,Wind Onshore,2026-08-19T10:57:03Z
2026-08-19T10:47:00Z,2026-08-19T12:47:00+0200,e079ef81-c4ef-4643-8235-c8ef85358b45,2026-08-10T03:15:00Z,2026-08-10T05:15:00+0200,4704.0,MW,ES,ES,actual_onshore_wind_generation,Wind Onshore,2026-08-19T10:57:03Z
2026-08-19T10:47:00Z,2026-08-19T12:47:00+0200,e079ef81-c4ef-4643-8235-c8ef85358b45,2026-08-10T03:30:00Z,2026-08-10T05:30:00+0200,4520.0,MW,ES,ES,actual_onshore_wind_generation,Wind Onshore,2026-08-19T10:57:03Z
2026-08-19T10:47:00Z,2026-08-19T12:47:00+0200,e079ef81-c4ef-4643-8235-c8ef85358b45,2026-08-10T03:45:00Z,2026-08-10T05:45:00+0200,4388.0,MW,ES,ES,actual_onshore_wind_generation,Wind Onshore,2026-08-19T10:57:03Z
2026-08-19T10:47:00Z,2026-08-19T12:47:00+0200,e079ef81-c4ef-4643-8235-c8ef85358b45,2026-08-10T04:00:00Z,2026-08-10T06:00:00+0200,4276.0,MW,ES,ES,actual_onshore_wind_generation,Wind Onshore,2026-08-19T10:57:03Z
2026-08-19T10:47:00Z,2026-08-19T12:47:00+0200,e079ef81-c4ef-4643-8235-c8ef85358b45,2026-08-10T04:15:00Z,2026-08-10T06:15:00+0200,4020.0,MW,ES,ES,actual_onshore_wind_generation,Wind Onshore,2026-08-19T10:57:03Z
2026-08-19T10:47:00Z,2026-08-19T12:47:00+0200,e079ef81-c4ef-4643-8235-c8ef85358b45,2026-08-10T04:30:00Z,2026-08-10T06:30:00+0200,3752.0,MW,ES,ES,actual_onshore_wind_generation,Wind Onshore,2026-08-19T10:57:03Z
2026-08-19T10:47:00Z,2026-08-19T12:47:00+0200,e079ef81-c4ef-4643-8235-c8ef85358b45,2026-08-10T04:45:00Z,2026-08-10T06:45:00+0200,3512.0,MW,ES,ES,actual_onshore_wind_generation,Wind Onshore,2026-08-19T10:57:03Z
2026-08-19T10:47:00Z,2026-08-19T12:47:00+0200,e079ef81-c4ef-4643-8235-c8ef85358b45,2026-08-10T05:00:00Z,2026-08-10T07:00:00+0200,3280.0,MW,ES,ES,actual_onshore_wind_generation,Wind Onshore,2026-08-19T10:57:03Z
2026-08-19T10:47:00Z,2026-08-19T12:47:00+0200,e079ef81-c4ef-4643-8235-c8ef85358b45,2026-08-10T05:15:00Z,2026-08-10T07:15:00+0200,3148.0,MW,ES,ES,actual_onshore_wind_generation,Wind Onshore,2026-08-19T10:57:03Z
2026-08-19T10:47:00Z,2026-08-19T12:47:00+0200,e079ef81-c4ef-4643-8235-c8ef85358b45,2026-08-10T05:30:00Z,2026-08-10T07:30:00+0200,3060.0,MW,ES,ES,actual_onshore_wind_generation,Wind Onshore,2026-08-19T10:57:03Z
2026-08-19T10:47:00Z,2026-08-19T12:47:00+0200,e079ef81-c4ef-4643-8235-c8ef85358b45,2026-08-10T05:45:00Z,2026-08-10T07:45:00+0200,2872.0,MW,ES,ES,actual_onshore_wind_generation,Wind Onshore,2026-08-19T10:57:03Z
2026-08-19T10:47:00Z,2026-08-19T12:47:00+0200,e079ef81-c4ef-4643-8235-c8ef85358b45,2026-08-10T06:00:00Z,2026-08-10T08:00:00+0200,2668.0,MW,ES,ES,actual_onshore_wind_generation,Wind Onshore,2026-08-19T10:57:03Z
2026-08-19T10:47:00Z,2026-08-19T12:47:00+0200,e079ef81-c4ef-4643-8235-c8ef85358b45,2026-08-10T06:15:00Z,2026-08-10T08:15:00+0200,2412.0,MW,ES,ES,actual_onshore_wind_generation,Wind Onshore,2026-08-19T10:57:03Z
2026-08-19T10:47:00Z,2026-08-19T12:47:00+0200,e079ef81-c4ef-4643-8235-c8ef85358b45,2026-08-10T06:30:00Z,2026-08-10T08:30:00+0200,2188.0,MW,ES,ES,actual_onshore_wind_generation,Wind Onshore,2026-08-19T10:57:03Z
2026-08-19T10:47:00Z,2026-08-19T12:47:00+0200,e079ef81-c4ef-4643-8235-c8ef85358b45,2026-08-10T06:45:00Z,2026-08-10T08:45:00+0200,2024.0,MW,ES,ES,actual_onshore_wind_generation,Wind Onshore,2026-08-19T10:57:03Z
2026-08-19T10:47:00Z,2026-08-19T12:47:00+0200,e079ef81-c4ef-4643-8235-c8ef85358b45,2026-08-10T07:00:00Z,2026-08-10T09:00:00+0200,1828.0,MW,ES,ES,actual_onshore_wind_generation,Wind Onshore,2026-08-19T10:57:03Z
2026-08-19T10:47:00Z,2026-08-19T12:47:00+0200,e079ef81-c4ef-4643-8235-c8ef85358b45,2026-08-10T07:15:00Z,2026-08-10T09:15:00+0200,1628.0,MW,ES,ES,actual_onshore_wind_generation,Wind Onshore,2026-08-19T10:57:03Z
2026-08-19T10:47:00Z,2026-08-19T12:47:00+0200,e079ef81-c4ef-4643-8235-c8ef85358b45,2026-08-10T07:30:00Z,2026-08-10T09:30:00+0200,1448.0,MW,ES,ES,actual_onshore_wind_generation,Wind Onshore,2026-08-19T10:57:03Z
2026-08-19T10:47:00Z,2026-08-19T12:47:00+0200,e079ef81-c4ef-4643-8235-c8ef85358b45,2026-08-10T07:45:00Z,2026-08-10T09:45:00+0200,1280.0,MW,ES,ES,actual_onshore_wind_generation,Wind Onshore,2026-08-19T10:57:03Z
2026-08-19T10:47:00Z,2026-08-19T12:47:00+0200,e079ef81-c4ef-4643-8235-c8ef85358b45,2026-08-10T08:00:00Z,2026-08-10T10:00:00+0200,1124.0,MW,ES,ES,actual_onshore_wind_generation,Wind Onshore,2026-08-19T10:57:03Z
2026-08-19T10:47:00Z,2026-08-19T12:47:00+0200,e079ef81-c4ef-4643-8235-c8ef85358b45,2026-08-10T08:15:00Z,2026-08-10T10:15:00+0200,964.0,MW,ES,ES,actual_onshore_wind_generation,Wind Onshore,2026-08-19T10:57:03Z
2026-08-19T10:47:00Z,2026-08-19T12:47:00+0200,e079ef81-c4ef-4643-8235-c8ef85358b45,2026-08-10T08:30:00Z,2026-08-10T10:30:00+0200,876.0,MW,ES,ES,actual_onshore_wind_generation,Wind Onshore,2026-08-19T10:57:03Z
2026-08-19T10:47:00Z,2026-08-19T12:47:00+0200,e079ef81-c4ef-4643-8235-c8ef85358b45,2026-08-10T08:45:00Z,2026-08-10T10:45:00+0200,732.0,MW,ES,ES,actual_onshore_wind_generation,Wind Onshore,2026-08-19T10:57:03Z
2026-08-19T10:47:00Z,2026-08-19T12:47:00+0200,e079ef81-c4ef-4643-8235-c8ef85358b45,2026-08-10T09:00:00Z,2026-08-10T11:00:00+0200,660.0,MW,ES,ES,actual_onshore_wind_generation,Wind Onshore,2026-08-19T10:57:03Z
2026-08-19T10:47:00Z,2026-08-19T12:47:00+0200,e079ef81-c4ef-4643-8235-c8ef85358b45,2026-08-10T09:15:00Z,2026-08-10T11:15:00+0200,652.0,MW,ES,ES,actual_onshore_wind_generation,Wind Onshore,2026-08-19T10:57:03Z
2026-08-19T10:47:00Z,2026-08-19T12:47:00+0200,e079ef81-c4ef-4643-8235-c8ef85358b45,2026-08-10T09:30:00Z,2026-08-10T11:30:00+0200,676.0,MW,ES,ES,actual_onshore_wind_generation,Wind Onshore,2026-08-19T10:57:03Z
2026-08-19T10:47:00Z,2026-08-19T12:47:00+0200,e079ef81-c4ef-4643-8235-c8ef85358b45,2026-08-10T09:45:00Z,2026-08-10T11:45:00+0200,684.0,MW,ES,ES,actual_onshore_wind_generation,Wind Onshore,2026-08-19T10:57:03Z
2026-08-19T10:47:00Z,2026-08-19T12:47:00+0200,e079ef81-c4ef-4643-8235-c8ef85358b45,2026-08-10T10:00:00Z,2026-08-10T12:00:00+0200,708.0,MW,ES,ES,actual_onshore_wind_generation,Wind Onshore,2026-08-19T10:57:03Z
2026-08-19T10:47:00Z,2026-08-19T12:47:00+0200,e079ef81-c4ef-4643-8235-c8ef85358b45,2026-08-10T10:15:00Z,2026-08-10T12:15:00+0200,752.0,MW,ES,ES,actual_onshore_wind_generation,Wind Onshore,2026-08-19T10:57:03Z
2026-08-19T10:47:00Z,2026-08-19T12:47:00+0200,e079ef81-c4ef-4643-8235-c8ef85358b45,2026-08-10T10:30:00Z,2026-08-10T12:30:00+0200,828.0,MW,ES,ES,actual_onshore_wind_generation,Wind Onshore,2026-08-19T10:57:03Z
2026-08-19T10:47:00Z,2026-08-19T12:47:00+0200,e079ef81-c4ef-4643-8235-c8ef85358b45,2026-08-10T10:45:00Z,2026-08-10T12:45:00+0200,952.0,MW,ES,ES,actual_onshore_wind_generation,Wind Onshore,2026-08-19T10:57:03Z
2026-08-19T10:47:00Z,2026-08-19T12:47:00+0200,e079ef81-c4ef-4643-8235-c8ef85358b45,2026-08-10T11:00:00Z,2026-08-10T13:00:00+0200,948.0,MW,ES,ES,actual_onshore_wind_generation,Wind Onshore,2026-08-19T10:57:03Z
2026-08-19T10:47:00Z,2026-08-19T12:47:00+0200,e079ef81-c4ef-4643-8235-c8ef85358b45,2026-08-10T11:15:00Z,2026-08-10T13:15:00+0200,1072.0,MW,ES,ES,actual_onshore_wind_generation,Wind Onshore,2026-08-19T10:57:03Z
2026-08-19T10:47:00Z,2026-08-19T12:47:00+0200,e079ef81-c4ef-4643-8235-c8ef85358b45,2026-08-10T11:30:00Z,2026-08-10T13:30:00+0200,1200.0,MW,ES,ES,actual_onshore_wind_generation,Wind Onshore,2026-08-19T10:57:03Z
2026-08-19T10:47:00Z,2026-08-19T12:47:00+0200,e079ef81-c4ef-4643-8235-c8ef85358b45,2026-08-10T11:45:00Z,2026-08-10T13:45:00+0200,1288.0,MW,ES,ES,actual_onshore_wind_generation,Wind Onshore,2026-08-19T10:57:03Z
2026-08-19T10:47:00Z,2026-08-19T12:47:00+0200,e079ef81-c4ef-4643-8235-c8ef85358b45,2026-08-10T12:00:00Z,2026-08-10T14:00:00+0200,1360.0,MW,ES,ES,actual_onshore_wind_generation,Wind Onshore,2026-08-19T10:57:03Z
2026-08-19T10:47:00Z,2026-08-19T12:47:00+0200,e079ef81-c4ef-4643-8235-c8ef85358b45,2026-08-10T12:15:00Z,2026-08-10T14:15:00+0200,1488.0,MW,ES,ES,actual_onshore_wind_generation,Wind Onshore,2026-08-19T10:57:03Z
2026-08-19T10:47:00Z,2026-08-19T12:47:00+0200,e079ef81-c4ef-4643-8235-c8ef85358b45,2026-08-10T12:30:00Z,2026-08-10T14:30:00+0200,1612.0,MW,ES,ES,actual_onshore_wind_generation,Wind Onshore,2026-08-19T10:57:03Z
2026-08-19T10:47:00Z,2026-08-19T12:47:00+0200,e079ef81-c4ef-4643-8235-c8ef85358b45,2026-08-10T12:45:00Z,2026-08-10T14:45:00+0200,1740.0,MW,ES,ES,actual_onshore_wind_generation,Wind Onshore,2026-08-19T10:57:03Z
2026-08-19T10:47:00Z,2026-08-19T12:47:00+0200,e079ef81-c4ef-4643-8235-c8ef85358b45,2026-08-10T13:00:00Z,2026-08-10T15:00:00+0200,1792.0,MW,ES,ES,actual_onshore_wind_generation,Wind Onshore,2026-08-19T10:57:03Z
2026-08-19T10:47:00Z,2026-08-19T12:47:00+0200,e079ef81-c4ef-4643-8235-c8ef85358b45,2026-08-10T13:15:00Z,2026-08-10T15:15:00+0200,1964.0,MW,ES,ES,actual_onshore_wind_generation,Wind Onshore,2026-08-19T10:57:03Z
2026-08-19T10:47:00Z,2026-08-19T12:47:00+0200,e079ef81-c4ef-4643-8235-c8ef85358b45,2026-08-10T13:30:00Z,2026-08-10T15:30:00+0200,2312.0,MW,ES,ES,actual_onshore_wind_generation,Wind Onshore,2026-08-19T10:57:03Z
2026-08-19T10:47:00Z,2026-08-19T12:47:00+0200,e079ef81-c4ef-4643-8235-c8ef85358b45,2026-08-10T13:45:00Z,2026-08-10T15:45:00+0200,2652.0,MW,ES,ES,actual_onshore_wind_generation,Wind Onshore,2026-08-19T10:57:03Z
2026-08-19T10:47:00Z,2026-08-19T12:47:00+0200,e079ef81-c4ef-4643-8235-c8ef85358b45,2026-08-10T14:00:00Z,2026-08-10T16:00:00+0200,2988.0,MW,ES,ES,actual_onshore_wind_generation,Wind Onshore,2026-08-19T10:57:03Z
2026-08-19T10:47:00Z,2026-08-19T12:47:00+0200,e079ef81-c4ef-4643-8235-c8ef85358b45,2026-08-10T14:15:00Z,2026-08-10T16:15:00+0200,3312.0,MW,ES,ES,actual_onshore_wind_generation,Wind Onshore,2026-08-19T10:57:03Z
2026-08-19T10:47:00Z,2026-08-19T12:47:00+0200,e079ef81-c4ef-4643-8235-c8ef85358b45,2026-08-10T14:30:00Z,2026-08-10T16:30:00+0200,3652.0,MW,ES,ES,actual_onshore_wind_generation,Wind Onshore,2026-08-19T10:57:03Z
2026-08-19T10:47:00Z,2026-08-19T12:47:00+0200,e079ef81-c4ef-4643-8235-c8ef85358b45,2026-08-10T14:45:00Z,2026-08-10T16:45:00+0200,3848.0,MW,ES,ES,actual_onshore_wind_generation,Wind Onshore,2026-08-19T10:57:03Z
2026-08-19T10:47:00Z,2026-08-19T12:47:00+0200,e079ef81-c4ef-4643-8235-c8ef85358b45,2026-08-10T15:00:00Z,2026-08-10T17:00:00+0200,4280.0,MW,ES,ES,actual_onshore_wind_generation,Wind Onshore,2026-08-19T10:57:03Z
2026-08-19T10:47:00Z,2026-08-19T12:47:00+0200,e079ef81-c4ef-4643-8235-c8ef85358b45,2026-08-10T15:15:00Z,2026-08-10T17:15:00+0200,4732.0,MW,ES,ES,actual_onshore_wind_generation,Wind Onshore,2026-08-19T10:57:03Z
2026-08-19T10:47:00Z,2026-08-19T12:47:00+0200,e079ef81-c4ef-4643-8235-c8ef85358b45,2026-08-10T15:30:00Z,2026-08-10T17:30:00+0200,4764.0,MW,ES,ES,actual_onshore_wind_generation,Wind Onshore,2026-08-19T10:57:03Z
2026-08-19T10:47:00Z,2026-08-19T12:47:00+0200,e079ef81-c4ef-4643-8235-c8ef85358b45,2026-08-10T15:45:00Z,2026-08-10T17:45:00+0200,5048.0,MW,ES,ES,actual_onshore_wind_generation,Wind Onshore,2026-08-19T10:57:03Z
2026-08-19T10:47:00Z,2026-08-19T12:47:00+0200,e079ef81-c4ef-4643-8235-c8ef85358b45,2026-08-10T16:00:00Z,2026-08-10T18:00:00+0200,5000.0,MW,ES,ES,actual_onshore_wind_generation,Wind Onshore,2026-08-19T10:57:03Z
2026-08-19T10:47:00Z,2026-08-19T12:47:00+0200,e079ef81-c4ef-4643-8235-c8ef85358b45,2026-08-10T16:15:00Z,2026-08-10T18:15:00+0200,5128.0,MW,ES,ES,actual_onshore_wind_generation,Wind Onshore,2026-08-19T10:57:03Z
2026-08-19T10:47:00Z,2026-08-19T12:47:00+0200,e079ef81-c4ef-4643-8235-c8ef85358b45,2026-08-10T16:30:00Z,2026-08-10T18:30:00+0200,5480.0,MW,ES,ES,actual_onshore_wind_generation,Wind Onshore,2026-08-19T10:57:03Z
2026-08-19T10:47:00Z,2026-08-19T12:47:00+0200,e079ef81-c4ef-4643-8235-c8ef85358b45,2026-08-10T16:45:00Z,2026-08-10T18:45:00+0200,5832.0,MW,ES,ES,actual_onshore_wind_generation,Wind Onshore,2026-08-19T10:57:03Z
2026-08-19T10:47:00Z,2026-08-19T12:47:00+0200,e079ef81-c4ef-4643-8235-c8ef85358b45,2026-08-10T17:00:00Z,2026-08-10T19:00:00+0200,6444.0,MW,ES,ES,actual_onshore_wind_generation,Wind Onshore,2026-08-19T10:57:03Z
2026-08-19T10:47:00Z,2026-08-19T12:47:00+0200,e079ef81-c4ef-4643-8235-c8ef85358b45,2026-08-10T17:15:00Z,2026-08-10T19:15:00+0200,6932.0,MW,ES,ES,actual_onshore_wind_generation,Wind Onshore,2026-08-19T10:57:03Z
2026-08-19T10:47:00Z,2026-08-19T12:47:00+0200,e079ef81-c4ef-4643-8235-c8ef85358b45,2026-08-10T17:30:00Z,2026-08-10T19:30:00+0200,7080.0,MW,ES,ES,actual_onshore_wind_generation,Wind Onshore,2026-08-19T10:57:03Z
2026-08-19T10:47:00Z,2026-08-19T12:47:00+0200,e079ef81-c4ef-4643-8235-c8ef85358b45,2026-08-10T17:45:00Z,2026-08-10T19:45:00+0200,7536.0,MW,ES,ES,actual_onshore_wind_generation,Wind Onshore,2026-08-19T10:57:03Z
2026-08-19T10:47:00Z,2026-08-19T12:47:00+0200,e079ef81-c4ef-4643-8235-c8ef85358b45,2026-08-10T18:00:00Z,2026-08-10T20:00:00+0200,8344.0,MW,ES,ES,actual_onshore_wind_generation,Wind Onshore,2026-08-19T10:57:03Z
2026-08-19T10:47:00Z,2026-08-19T12:47:00+0200,e079ef81-c4ef-4643-8235-c8ef85358b45,2026-08-10T18:15:00Z,2026-08-10T20:15:00+0200,8800.0,MW,ES,ES,actual_onshore_wind_generation,Wind Onshore,2026-08-19T10:57:03Z
2026-08-19T10:47:00Z,2026-08-19T12:47:00+0200,e079ef81-c4ef-4643-8235-c8ef85358b45,2026-08-10T18:30:00Z,2026-08-10T20:30:00+0200,8740.0,MW,ES,ES,actual_onshore_wind_generation,Wind Onshore,2026-08-19T10:57:03Z
2026-08-19T10:47:00Z,2026-08-19T12:47:00+0200,e079ef81-c4ef-4643-8235-c8ef85358b45,2026-08-10T18:45:00Z,2026-08-10T20:45:00+0200,8640.0,MW,ES,ES,actual_onshore_wind_generation,Wind Onshore,2026-08-19T10:57:03Z
2026-08-19T10:47:00Z,2026-08-19T12:47:00+0200,e079ef81-c4ef-4643-8235-c8ef85358b45,2026-08-10T19:00:00Z,2026-08-10T21:00:00+0200,8412.0,MW,ES,ES,actual_onshore_wind_generation,Wind Onshore,2026-08-19T10:57:03Z
2026-08-19T10:47:00Z,2026-08-19T12:47:00+0200,e079ef81-c4ef-4643-8235-c8ef85358b45,2026-08-10T19:15:00Z,2026-08-10T21:15:00+0200,8000.0,MW,ES,ES,actual_onshore_wind_generation,Wind Onshore,2026-08-19T10:57:03Z
2026-08-19T10:47:00Z,2026-08-19T12:47:00+0200,e079ef81-c4ef-4643-8235-c8ef85358b45,2026-08-10T19:30:00Z,2026-08-10T21:30:00+0200,7452.0,MW,ES,ES,actual_onshore_wind_generation,Wind Onshore,2026-08-19T10:57:03Z
2026-08-19T10:47:00Z,2026-08-19T12:47:00+0200,e079ef81-c4ef-4643-8235-c8ef85358b45,2026-08-10T19:45:00Z,2026-08-10T21:45:00+0200,7068.0,MW,ES,ES,actual_onshore_wind_generation,Wind Onshore,2026-08-19T10:57:03Z
2026-08-19T10:47:00Z,2026-08-19T12:47:00+0200,e079ef81-c4ef-4643-8235-c8ef85358b45,2026-08-10T20:00:00Z,2026-08-10T22:00:00+0200,6908.0,MW,ES,ES,actual_onshore_wind_generation,Wind Onshore,2026-08-19T10:57:03Z
2026-08-19T10:47:00Z,2026-08-19T12:47:00+0200,e079ef81-c4ef-4643-8235-c8ef85358b45,2026-08-10T20:15:00Z,2026-08-10T22:15:00+0200,6580.0,MW,ES,ES,actual_onshore_wind_generation,Wind Onshore,2026-08-19T10:57:03Z
2026-08-19T10:47:00Z,2026-08-19T12:47:00+0200,e079ef81-c4ef-4643-8235-c8ef85358b45,2026-08-10T20:30:00Z,2026-08-10T22:30:00+0200,6120.0,MW,ES,ES,actual_onshore_wind_generation,Wind Onshore,2026-08-19T10:57:03Z
2026-08-19T10:47:00Z,2026-08-19T12:47:00+0200,e079ef81-c4ef-4643-8235-c8ef85358b45,2026-08-10T20:45:00Z,2026-08-10T22:45:00+0200,5704.0,MW,ES,ES,actual_onshore_wind_generation,Wind Onshore,2026-08-19T10:57:03Z
2026-08-19T10:47:00Z,2026-08-19T12:47:00+0200,e079ef81-c4ef-4643-8235-c8ef85358b45,2026-08-10T21:00:00Z,2026-08-10T23:00:00+0200,5420.0,MW,ES,ES,actual_onshore_wind_generation,Wind Onshore,2026-08-19T10:57:03Z
2026-08-19T10:47:00Z,2026-08-19T12:47:00+0200,e079ef81-c4ef-4643-8235-c8ef85358b45,2026-08-10T21:15:00Z,2026-08-10T23:15:00+0200,5156.0,MW,ES,ES,actual_onshore_wind_generation,Wind Onshore,2026-08-19T10:57:03Z
2026-08-19T10:47:00Z,2026-08-19T12:47:00+0200,e079ef81-c4ef-4643-8235-c8ef85358b45,2026-08-10T21:30:00Z,2026-08-10T23:30:00+0200,4784.0,MW,ES,ES,actual_onshore_wind_generation,Wind Onshore,2026-08-19T10:57:03Z
2026-08-19T10:47:00Z,2026-08-19T12:47:00+0200,e079ef81-c4ef-4643-8235-c8ef85358b45,2026-08-10T21:45:00Z,2026-08-10T23:45:00+0200,4676.0,MW,ES,ES,actual_onshore_wind_generation,Wind Onshore,2026-08-19T10:57:03Z
2026-08-19T10:47:00Z,2026-08-19T12:47:00+0200,e079ef81-c4ef-4643-8235-c8ef85358b45,2026-08-10T22:00:00Z,2026-08-11T00:00:00+0200,4644.0,MW,ES,ES,actual_onshore_wind_generation,Wind Onshore,2026-08-19T10:57:03Z
2026-08-19T10:47:00Z,2026-08-19T12:47:00+0200,e079ef81-c4ef-4643-8235-c8ef85358b45,2026-08-10T22:15:00Z,2026-08-11T00:15:00+0200,4652.0,MW,ES,ES,actual_onshore_wind_generation,Wind Onshore,2026-08-19T10:57:03Z
2026-08-19T10:47:00Z,2026-08-19T12:47:00+0200,e079ef81-c4ef-4643-8235-c8ef85358b45,2026-08-10T22:30:00Z,2026-08-11T00:30:00+0200,4516.0,MW,ES,ES,actual_onshore_wind_generation,Wind Onshore,2026-08-19T10:57:03Z
2026-08-19T10:47:00Z,2026-08-19T12:47:00+0200,e079ef81-c4ef-4643-8235-c8ef85358b45,2026-08-10T22:45:00Z,2026-08-11T00:45:00+0200,4352.0,MW,ES,ES,actual_onshore_wind_generation,Wind Onshore,2026-08-19T10:57:03Z
2026-08-19T10:47:00Z,2026-08-19T12:47:00+0200,e079ef81-c4ef-4643-8235-c8ef85358b45,2026-08-10T23:00:00Z,2026-08-11T01:00:00+0200,4084.0,MW,ES,ES,actual_onshore_wind_generation,Wind Onshore,2026-08-19T10:57:03Z
2026-08-19T10:47:00Z,2026-08-19T12:47:00+0200,e079ef81-c4ef-4643-8235-c8ef85358b45,2026-08-10T23:15:00Z,2026-08-11T01:15:00+0200,3896.0,MW,ES,ES,actual_onshore_wind_generation,Wind Onshore,2026-08-19T10:57:03Z
2026-08-19T10:47:00Z,2026-08-19T12:47:00+0200,e079ef81-c4ef-4643-8235-c8ef85358b45,2026-08-10T23:30:00Z,2026-08-11T01:30:00+0200,3724.0,MW,ES,ES,actual_onshore_wind_generation,Wind Onshore,2026-08-19T10:57:03Z
2026-08-19T10:47:00Z,2026-08-19T12:47:00+0200,e079ef81-c4ef-4643-8235-c8ef85358b45,2026-08-10T23:45:00Z,2026-08-11T01:45:00+0200,3544.0,MW,ES,ES,actual_onshore_wind_generation,Wind Onshore,2026-08-19T10:57:03Z
2026-08-19T10:47:00Z,2026-08-19T12:47:00+0200,e079ef81-c4ef-4643-8235-c8ef85358b45,2026-08-11T00:00:00Z,2026-08-11T02:00:00+0200,3392.0,MW,ES,ES,actual_onshore_wind_generation,Wind Onshore,2026-08-19T10:57:03Z
2026-08-19T10:47:00Z,2026-08-19T12:47:00+0200,e079ef81-c4ef-4643-8235-c8ef85358b45,2026-08-11T00:15:00Z,2026-08-11T02:15:00+0200,3304.0,MW,ES,ES,actual_onshore_wind_generation,Wind Onshore,2026-08-19T10:57:03Z
2026-08-19T10:47:00Z,2026-08-19T12:47:00+0200,e079ef81-c4ef-4643-8235-c8ef85358b45,2026-08-11T00:30:00Z,2026-08-11T02:30:00+0200,3144.0,MW,ES,ES,actual_onshore_wind_generation,Wind Onshore,2026-08-19T10:57:03Z
2026-08-19T10:47:00Z,2026-08-19T12:47:00+0200,e079ef81-c4ef-4643-8235-c8ef85358b45,2026-08-11T00:45:00Z,2026-08-11T02:45:00+0200,2996.0,MW,ES,ES,actual_onshore_wind_generation,Wind Onshore,2026-08-19T10:57:03Z
2026-08-19T10:47:00Z,2026-08-19T12:47:00+0200,e079ef81-c4ef-4643-8235-c8ef85358b45,2026-08-11T01:00:00Z,2026-08-11T03:00:00+0200,2868.0,MW,ES,ES,actual_onshore_wind_generation,Wind Onshore,2026-08-19T10:57:03Z
2026-08-19T10:47:00Z,2026-08-19T12:47:00+0200,e079ef81-c4ef-4643-8235-c8ef85358b45,2026-08-11T01:15:00Z,2026-08-11T03:15:00+0200,2744.0,MW,ES,ES,actual_onshore_wind_generation,Wind Onshore,2026-08-19T10:57:03Z
2026-08-19T10:47:00Z,2026-08-19T12:47:00+0200,e079ef81-c4ef-4643-8235-c8ef85358b45,2026-08-11T01:30:00Z,2026-08-11T03:30:00+0200,2644.0,MW,ES,ES,actual_onshore_wind_generation,Wind Onshore,2026-08-19T10:57:03Z
2026-08-19T10:47:00Z,2026-08-19T12:47:00+0200,e079ef81-c4ef-4643-8235-c8ef85358b45,2026-08-11T01:45:00Z,2026-08-11T03:45:00+0200,2488.0,MW,ES,ES,actual_onshore_wind_generation,Wind Onshore,2026-08-19T10:57:03Z
2026-08-19T10:47:00Z,2026-08-19T12:47:00+0200,e079ef81-c4ef-4643-8235-c8ef85358b45,2026-08-11T02:00:00Z,2026-08-11T04:00:00+0200,2368.0,MW,ES,ES,actual_onshore_wind_generation,Wind Onshore,2026-08-19T10:57:03Z
2026-08-19T10:47:00Z,2026-08-19T12:47:00+0200,e079ef81-c4ef-4643-8235-c8ef85358b45,2026-08-11T02:15:00Z,2026-08-11T04:15:00+0200,2300.0,MW,ES,ES,actual_onshore_wind_generation,Wind Onshore,2026-08-19T10:57:03Z
2026-08-19T10:47:00Z,2026-08-19T12:47:00+0200,e079ef81-c4ef-4643-8235-c8ef85358b45,2026-08-11T02:30:00Z,2026-08-11T04:30:00+0200,2244.0,MW,ES,ES,actual_onshore_wind_generation,Wind Onshore,2026-08-19T10:57:03Z
2026-08-19T10:47:00Z,2026-08-19T12:47:00+0200,e079ef81-c4ef-4643-8235-c8ef85358b45,2026-08-11T02:45:00Z,2026-08-11T04:45:00+0200,2236.0,MW,ES,ES,actual_onshore_wind_generation,Wind Onshore,2026-08-19T10:57:03Z
2026-08-19T10:47:00Z,2026-08-19T12:47:00+0200,e079ef81-c4ef-4643-8235-c8ef85358b45,2026-08-11T03:00:00Z,2026-08-11T05:00:00+0200,2208.0,MW,ES,ES,actual_onshore_wind_generation,Wind Onshore,2026-08-19T10:57:03Z
2026-08-19T10:47:00Z,2026-08-19T12:47:00+0200,e079ef81-c4ef-4643-8235-c8ef85358b45,2026-08-11T03:15:00Z,2026-08-11T05:15:00+0200,2156.0,MW,ES,ES,actual_onshore_wind_generation,Wind Onshore,2026-08-19T10:57:03Z
2026-08-19T10:47:00Z,2026-08-19T12:47:00+0200,e079ef81-c4ef-4643-8235-c8ef85358b45,2026-08-11T03:30:00Z,2026-08-11T05:30:00+0200,2148.0,MW,ES,ES,actual_onshore_wind_generation,Wind Onshore,2026-08-19T10:57:03Z
2026-08-19T10:47:00Z,2026-08-19T12:47:00+0200,e079ef81-c4ef-4643-8235-c8ef85358b45,2026-08-11T03:45:00Z,2026-08-11T05:45:00+0200,2148.0,MW,ES,ES,actual_onshore_wind_generation,Wind Onshore,2026-08-19T10:57:03Z
2026-08-19T10:47:00Z,2026-08-19T12:47:00+0200,e079ef81-c4ef-4643-8235-c8ef85358b45,2026-08-11T04:00:00Z,2026-08-11T06:00:00+0200,2144.0,MW,ES,ES,actual_onshore_wind_generation,Wind Onshore,2026-08-19T10:57:03Z
2026-08-19T10:47:00Z,2026-08-19T12:47:00+0200,e079ef81-c4ef-4643-8235-c8ef85358b45,2026-08-11T04:15:00Z,2026-08-11T06:15:00+0200,2056.0,MW,ES,ES,actual_onshore_wind_generation,Wind Onshore,2026-08-19T10:57:03Z
2026-08-19T10:47:00Z,2026-08-19T12:47:00+0200,e079ef81-c4ef-4643-8235-c8ef85358b45,2026-08-11T04:30:00Z,2026-08-11T06:30:00+0200,1948.0,MW,ES,ES,actual_onshore_wind_generation,Wind Onshore,2026-08-19T10:57:03Z
2026-08-19T10:47:00Z,2026-08-19T12:47:00+0200,e079ef81-c4ef-4643-8235-c8ef85358b45,2026-08-11T04:45:00Z,2026-08-11T06:45:00+0200,1844.0,MW,ES,ES,actual_onshore_wind_generation,Wind Onshore,2026-08-19T10:57:03Z
2026-08-19T10:47:00Z,2026-08-19T12:47:00+0200,e079ef81-c4ef-4643-8235-c8ef85358b45,2026-08-11T05:00:00Z,2026-08-11T07:00:00+0200,1800.0,MW,ES,ES,actual_onshore_wind_generation,Wind Onshore,2026-08-19T10:57:03Z
2026-08-19T10:47:00Z,2026-08-19T12:47:00+0200,e079ef81-c4ef-4643-8235-c8ef85358b45,2026-08-11T05:15:00Z,2026-08-11T07:15:00+0200,1804.0,MW,ES,ES,actual_onshore_wind_generation,Wind Onshore,2026-08-19T10:57:03Z
2026-08-19T10:47:00Z,2026-08-19T12:47:00+0200,e079ef81-c4ef-4643-8235-c8ef85358b45,2026-08-11T05:30:00Z,2026-08-11T07:30:00+0200,1772.0,MW,ES,ES,actual_onshore_wind_generation,Wind Onshore,2026-08-19T10:57:03Z
2026-08-19T10:47:00Z,2026-08-19T12:47:00+0200,e079ef81-c4ef-4643-8235-c8ef85358b45,2026-08-11T05:45:00Z,2026-08-11T07:45:00+0200,1748.0,MW,ES,ES,actual_onshore_wind_generation,Wind Onshore,2026-08-19T10:57:03Z
2026-08-19T10:47:00Z,2026-08-19T12:47:00+0200,e079ef81-c4ef-4643-8235-c8ef85358b45,2026-08-11T06:00:00Z,2026-08-11T08:00:00+0200,1688.0,MW,ES,ES,actual_onshore_wind_generation,Wind Onshore,2026-08-19T10:57:03Z
2026-08-19T10:47:00Z,2026-08-19T12:47:00+0200,e079ef81-c4ef-4643-8235-c8ef85358b45,2026-08-11T06:15:00Z,2026-08-11T08:15:00+0200,1532.0,MW,ES,ES,actual_onshore_wind_generation,Wind Onshore,2026-08-19T10:57:03Z
2026-08-19T10:47:00Z,2026-08-19T12:47:00+0200,e079ef81-c4ef-4643-8235-c8ef85358b45,2026-08-11T06:30:00Z,2026-08-11T08:30:00+0200,1312.0,MW,ES,ES,actual_onshore_wind_generation,Wind Onshore,2026-08-19T10:57:03Z
2026-08-19T10:47:00Z,2026-08-19T12:47:00+0200,e079ef81-c4ef-4643-8235-c8ef85358b45,2026-08-11T06:45:00Z,2026-08-11T08:45:00+0200,1128.0,MW,ES,ES,actual_onshore_wind_generation,Wind Onshore,2026-08-19T10:57:03Z
2026-08-19T10:47:00Z,2026-08-19T12:47:00+0200,e079ef81-c4ef-4643-8235-c8ef85358b45,2026-08-11T07:00:00Z,2026-08-11T09:00:00+0200,952.0,MW,ES,ES,actual_onshore_wind_generation,Wind Onshore,2026-08-19T10:57:03Z
2026-08-19T10:47:00Z,2026-08-19T12:47:00+0200,e079ef81-c4ef-4643-8235-c8ef85358b45,2026-08-11T07:15:00Z,2026-08-11T09:15:00+0200,780.0,MW,ES,ES,actual_onshore_wind_generation,Wind Onshore,2026-08-19T10:57:03Z
2026-08-19T10:47:00Z,2026-08-19T12:47:00+0200,e079ef81-c4ef-4643-8235-c8ef85358b45,2026-08-11T07:30:00Z,2026-08-11T09:30:00+0200,632.0,MW,ES,ES,actual_onshore_wind_generation,Wind Onshore,2026-08-19T10:57:03Z
2026-08-19T10:47:00Z,2026-08-19T12:47:00+0200,e079ef81-c4ef-4643-8235-c8ef85358b45,2026-08-11T07:45:00Z,2026-08-11T09:45:00+0200,540.0,MW,ES,ES,actual_onshore_wind_generation,Wind Onshore,2026-08-19T10:57:03Z
2026-08-19T10:47:00Z,2026-08-19T12:47:00+0200,e079ef81-c4ef-4643-8235-c8ef85358b45,2026-08-11T08:00:00Z,2026-08-11T10:00:00+0200,448.0,MW,ES,ES,actual_onshore_wind_generation,Wind Onshore,2026-08-19T10:57:03Z
2026-08-19T10:47:00Z,2026-08-19T12:47:00+0200,e079ef81-c4ef-4643-8235-c8ef85358b45,2026-08-11T08:15:00Z,2026-08-11T10:15:00+0200,420.0,MW,ES,ES,actual_onshore_wind_generation,Wind Onshore,2026-08-19T10:57:03Z
2026-08-19T10:47:00Z,2026-08-19T12:47:00+0200,e079ef81-c4ef-4643-8235-c8ef85358b45,2026-08-11T08:30:00Z,2026-08-11T10:30:00+0200,412.0,MW,ES,ES,actual_onshore_wind_generation,Wind Onshore,2026-08-19T10:57:03Z
2026-08-19T10:47:00Z,2026-08-19T12:47:00+0200,e079ef81-c4ef-4643-8235-c8ef85358b45,2026-08-11T08:45:00Z,2026-08-11T10:45:00+0200,384.0,MW,ES,ES,actual_onshore_wind_generation,Wind Onshore,2026-08-19T10:57:03Z
2026-08-19T10:47:00Z,2026-08-19T12:47:00+0200,e079ef81-c4ef-4643-8235-c8ef85358b45,2026-08-11T09:00:00Z,2026-08-11T11:00:00+0200,380.0,MW,ES,ES,actual_onshore_wind_generation,Wind Onshore,2026-08-19T10:57:03Z
2026-08-19T10:47:00Z,2026-08-19T12:47:00+0200,e079ef81-c4ef-4643-8235-c8ef85358b45,2026-08-11T09:15:00Z,2026-08-11T11:15:00+0200,372.0,MW,ES,ES,actual_onshore_wind_generation,Wind Onshore,2026-08-19T10:57:03Z
2026-08-19T10:47:00Z,2026-08-19T12:47:00+0200,e079ef81-c4ef-4643-8235-c8ef85358b45,2026-08-11T09:30:00Z,2026-08-11T11:30:00+0200,352.0,MW,ES,ES,actual_onshore_wind_generation,Wind Onshore,2026-08-19T10:57:03Z
2026-08-19T10:47:00Z,2026-08-19T12:47:00+0200,e079ef81-c4ef-4643-8235-c8ef85358b45,2026-08-11T09:45:00Z,2026-08-11T11:45:00+0200,360.0,MW,ES,ES,actual_onshore_wind_generation,Wind Onshore,2026-08-19T10:57:03Z
2026-08-19T10:47:00Z,2026-08-19T12:47:00+0200,e079ef81-c4ef-4643-8235-c8ef85358b45,2026-08-11T10:00:00Z,2026-08-11T12:00:00+0200,388.0,MW,ES,ES,actual_onshore_wind_generation,Wind Onshore,2026-08-19T10:57:03Z
2026-08-19T10:47:00Z,2026-08-19T12:47:00+0200,e079ef81-c4ef-4643-8235-c8ef85358b45,2026-08-11T10:15:00Z,2026-08-11T12:15:00+0200,452.0,MW,ES,ES,actual_onshore_wind_generation,Wind Onshore,2026-08-19T10:57:03Z
2026-08-19T10:47:00Z,2026-08-19T12:47:00+0200,e079ef81-c4ef-4643-8235-c8ef85358b45,2026-08-11T10:30:00Z,2026-08-11T12:30:00+0200,536.0,MW,ES,ES,actual_onshore_wind_generation,Wind Onshore,2026-08-19T10:57:03Z
2026-08-19T10:47:00Z,2026-08-19T12:47:00+0200,e079ef81-c4ef-4643-8235-c8ef85358b45,2026-08-11T10:45:00Z,2026-08-11T12:45:00+0200,604.0,MW,ES,ES,actual_onshore_wind_generation,Wind Onshore,2026-08-19T10:57:03Z
2026-08-19T10:47:00Z,2026-08-19T12:47:00+0200,e079ef81-c4ef-4643-8235-c8ef85358b45,2026-08-11T11:00:00Z,2026-08-11T13:00:00+0200,612.0,MW,ES,ES,actual_onshore_wind_generation,Wind Onshore,2026-08-19T10:57:03Z
2026-08-19T10:47:00Z,2026-08-19T12:47:00+0200,e079ef81-c4ef-4643-8235-c8ef85358b45,2026-08-11T11:15:00Z,2026-08-11T13:15:00+0200,652.0,MW,ES,ES,actual_onshore_wind_generation,Wind Onshore,2026-08-19T10:57:03Z
2026-08-19T10:47:00Z,2026-08-19T12:47:00+0200,e079ef81-c4ef-4643-8235-c8ef85358b45,2026-08-11T11:30:00Z,2026-08-11T13:30:00+0200,788.0,MW,ES,ES,actual_onshore_wind_generation,Wind Onshore,2026-08-19T10:57:03Z
2026-08-19T10:47:00Z,2026-08-19T12:47:00+0200,e079ef81-c4ef-4643-8235-c8ef85358b45,2026-08-11T11:45:00Z,2026-08-11T13:45:00+0200,932.0,MW,ES,ES,actual_onshore_wind_generation,Wind Onshore,2026-08-19T10:57:03Z
2026-08-19T10:47:00Z,2026-08-19T12:47:00+0200,e079ef81-c4ef-4643-8235-c8ef85358b45,2026-08-11T12:00:00Z,2026-08-11T14:00:00+0200,1036.0,MW,ES,ES,actual_onshore_wind_generation,Wind Onshore,2026-08-19T10:57:03Z
2026-08-19T10:47:00Z,2026-08-19T12:47:00+0200,e079ef81-c4ef-4643-8235-c8ef85358b45,2026-08-11T12:15:00Z,2026-08-11T14:15:00+0200,1132.0,MW,ES,ES,actual_onshore_wind_generation,Wind Onshore,2026-08-19T10:57:03Z
2026-08-19T10:47:00Z,2026-08-19T12:47:00+0200,e079ef81-c4ef-4643-8235-c8ef85358b45,2026-08-11T12:30:00Z,2026-08-11T14:30:00+0200,1200.0,MW,ES,ES,actual_onshore_wind_generation,Wind Onshore,2026-08-19T10:57:03Z
2026-08-19T10:47:00Z,2026-08-19T12:47:00+0200,e079ef81-c4ef-4643-8235-c8ef85358b45,2026-08-11T12:45:00Z,2026-08-11T14:45:00+0200,1308.0,MW,ES,ES,actual_onshore_wind_generation,Wind Onshore,2026-08-19T10:57:03Z
2026-08-19T10:47:00Z,2026-08-19T12:47:00+0200,e079ef81-c4ef-4643-8235-c8ef85358b45,2026-08-11T13:00:00Z,2026-08-11T15:00:00+0200,1384.0,MW,ES,ES,actual_onshore_wind_generation,Wind Onshore,2026-08-19T10:57:03Z
2026-08-19T10:47:00Z,2026-08-19T12:47:00+0200,e079ef81-c4ef-4643-8235-c8ef85358b45,2026-08-11T13:15:00Z,2026-08-11T15:15:00+0200,1444.0,MW,ES,ES,actual_onshore_wind_generation,Wind Onshore,2026-08-19T10:57:03Z
2026-08-19T10:47:00Z,2026-08-19T12:47:00+0200,e079ef81-c4ef-4643-8235-c8ef85358b45,2026-08-11T13:30:00Z,2026-08-11T15:30:00+0200,1532.0,MW,ES,ES,actual_onshore_wind_generation,Wind Onshore,2026-08-19T10:57:03Z
2026-08-19T10:47:00Z,2026-08-19T12:47:00+0200,e079ef81-c4ef-4643-8235-c8ef85358b45,2026-08-11T13:45:00Z,2026-08-11T15:45:00+0200,1568.0,MW,ES,ES,actual_onshore_wind_generation,Wind Onshore,2026-08-19T10:57:03Z
2026-08-19T10:47:00Z,2026-08-19T12:47:00+0200,e079ef81-c4ef-4643-8235-c8ef85358b45,2026-08-11T14:00:00Z,2026-08-11T16:00:00+0200,1616.0,MW,ES,ES,actual_onshore_wind_generation,Wind Onshore,2026-08-19T10:57:03Z
2026-08-19T10:47:00Z,2026-08-19T12:47:00+0200,e079ef81-c4ef-4643-8235-c8ef85358b45,2026-08-11T14:15:00Z,2026-08-11T16:15:00+0200,1624.0,MW,ES,ES,actual_onshore_wind_generation,Wind Onshore,2026-08-19T10:57:03Z
2026-08-19T10:47:00Z,2026-08-19T12:47:00+0200,e079ef81-c4ef-4643-8235-c8ef85358b45,2026-08-11T14:30:00Z,2026-08-11T16:30:00+0200,1676.0,MW,ES,ES,actual_onshore_wind_generation,Wind Onshore,2026-08-19T10:57:03Z
2026-08-19T10:47:00Z,2026-08-19T12:47:00+0200,e079ef81-c4ef-4643-8235-c8ef85358b45,2026-08-11T14:45:00Z,2026-08-11T16:45:00+0200,1712.0,MW,ES,ES,actual_onshore_wind_generation,Wind Onshore,2026-08-19T10:57:03Z
2026-08-19T10:47:00Z,2026-08-19T12:47:00+0200,e079ef81-c4ef-4643-8235-c8ef85358b45,2026-08-11T15:00:00Z,2026-08-11T17:00:00+0200,1660.0,MW,ES,ES,actual_onshore_wind_generation,Wind Onshore,2026-08-19T10:57:03Z
2026-08-19T10:47:00Z,2026-08-19T12:47:00+0200,e079ef81-c4ef-4643-8235-c8ef85358b45,2026-08-11T15:15:00Z,2026-08-11T17:15:00+0200,1912.0,MW,ES,ES,actual_onshore_wind_generation,Wind Onshore,2026-08-19T10:57:03Z
2026-08-19T10:47:00Z,2026-08-19T12:47:00+0200,e079ef81-c4ef-4643-8235-c8ef85358b45,2026-08-11T15:30:00Z,2026-08-11T17:30:00+0200,2040.0,MW,ES,ES,actual_onshore_wind_generation,Wind Onshore,2026-08-19T10:57:03Z
2026-08-19T10:47:00Z,2026-08-19T12:47:00+0200,e079ef81-c4ef-4643-8235-c8ef85358b45,2026-08-11T15:45:00Z,2026-08-11T17:45:00+0200,2124.0,MW,ES,ES,actual_onshore_wind_generation,Wind Onshore,2026-08-19T10:57:03Z
2026-08-19T10:47:00Z,2026-08-19T12:47:00+0200,e079ef81-c4ef-4643-8235-c8ef85358b45,2026-08-11T16:00:00Z,2026-08-11T18:00:00+0200,2244.0,MW,ES,ES,actual_onshore_wind_generation,Wind Onshore,2026-08-19T10:57:03Z
2026-08-19T10:47:00Z,2026-08-19T12:47:00+0200,e079ef81-c4ef-4643-8235-c8ef85358b45,2026-08-11T16:15:00Z,2026-08-11T18:15:00+0200,2252.0,MW,ES,ES,actual_onshore_wind_generation,Wind Onshore,2026-08-19T10:57:03Z
2026-08-19T10:47:00Z,2026-08-19T12:47:00+0200,e079ef81-c4ef-4643-8235-c8ef85358b45,2026-08-11T16:30:00Z,2026-08-11T18:30:00+0200,2232.0,MW,ES,ES,actual_onshore_wind_generation,Wind Onshore,2026-08-19T10:57:03Z
2026-08-19T10:47:00Z,2026-08-19T12:47:00+0200,e079ef81-c4ef-4643-8235-c8ef85358b45,2026-08-11T16:45:00Z,2026-08-11T18:45:00+0200,2192.0,MW,ES,ES,actual_onshore_wind_generation,Wind Onshore,2026-08-19T10:57:03Z
2026-08-19T10:47:00Z,2026-08-19T12:47:00+0200,e079ef81-c4ef-4643-8235-c8ef85358b45,2026-08-11T17:00:00Z,2026-08-11T19:00:00+0200,2316.0,MW,ES,ES,actual_onshore_wind_generation,Wind Onshore,2026-08-19T10:57:03Z
2026-08-19T10:47:00Z,2026-08-19T12:47:00+0200,e079ef81-c4ef-4643-8235-c8ef85358b45,2026-08-11T17:15:00Z,2026-08-11T19:15:00+0200,2536.0,MW,ES,ES,actual_onshore_wind_generation,Wind Onshore,2026-08-19T10:57:03Z
2026-08-19T10:47:00Z,2026-08-19T12:47:00+0200,e079ef81-c4ef-4643-8235-c8ef85358b45,2026-08-11T17:30:00Z,2026-08-11T19:30:00+0200,2612.0,MW,ES,ES,actual_onshore_wind_generation,Wind Onshore,2026-08-19T10:57:03Z
2026-08-19T10:47:00Z,2026-08-19T12:47:00+0200,e079ef81-c4ef-4643-8235-c8ef85358b45,2026-08-11T17:45:00Z,2026-08-11T19:45:00+0200,2736.0,MW,ES,ES,actual_onshore_wind_generation,Wind Onshore,2026-08-19T10:57:03Z
2026-08-19T10:47:00Z,2026-08-19T12:47:00+0200,e079ef81-c4ef-4643-8235-c8ef85358b45,2026-08-11T18:00:00Z,2026-08-11T20:00:00+0200,2868.0,MW,ES,ES,actual_onshore_wind_generation,Wind Onshore,2026-08-19T10:57:03Z
2026-08-19T10:47:00Z,2026-08-19T12:47:00+0200,e079ef81-c4ef-4643-8235-c8ef85358b45,2026-08-11T18:15:00Z,2026-08-11T20:15:00+0200,3044.0,MW,ES,ES,actual_onshore_wind_generation,Wind Onshore,2026-08-19T10:57:03Z
2026-08-19T10:47:00Z,2026-08-19T12:47:00+0200,e079ef81-c4ef-4643-8235-c8ef85358b45,2026-08-11T18:30:00Z,2026-08-11T20:30:00+0200,3084.0,MW,ES,ES,actual_onshore_wind_generation,Wind Onshore,2026-08-19T10:57:03Z
2026-08-19T10:47:00Z,2026-08-19T12:47:00+0200,e079ef81-c4ef-4643-8235-c8ef85358b45,2026-08-11T18:45:00Z,2026-08-11T20:45:00+0200,3052.0,MW,ES,ES,actual_onshore_wind_generation,Wind Onshore,2026-08-19T10:57:03Z
2026-08-19T10:47:00Z,2026-08-19T12:47:00+0200,e079ef81-c4ef-4643-8235-c8ef85358b45,2026-08-11T19:00:00Z,2026-08-11T21:00:00+0200,3120.0,MW,ES,ES,actual_onshore_wind_generation,Wind Onshore,2026-08-19T10:57:03Z
2026-08-19T10:47:00Z,2026-08-19T12:47:00+0200,e079ef81-c4ef-4643-8235-c8ef85358b45,2026-08-11T19:15:00Z,2026-08-11T21:15:00+0200,3264.0,MW,ES,ES,actual_onshore_wind_generation,Wind Onshore,2026-08-19T10:57:03Z
2026-08-19T10:47:00Z,2026-08-19T12:47:00+0200,e079ef81-c4ef-4643-8235-c8ef85358b45,2026-08-11T19:30:00Z,2026-08-11T21:30:00+0200,3312.0,MW,ES,ES,actual_onshore_wind_generation,Wind Onshore,2026-08-19T10:57:03Z
2026-08-19T10:47:00Z,2026-08-19T12:47:00+0200,e079ef81-c4ef-4643-8235-c8ef85358b45,2026-08-11T19:45:00Z,2026-08-11T21:45:00+0200,3380.0,MW,ES,ES,actual_onshore_wind_generation,Wind Onshore,2026-08-19T10:57:03Z
2026-08-19T10:47:00Z,2026-08-19T12:47:00+0200,e079ef81-c4ef-4643-8235-c8ef85358b45,2026-08-11T20:00:00Z,2026-08-11T22:00:00+0200,3444.0,MW,ES,ES,actual_onshore_wind_generation,Wind Onshore,2026-08-19T10:57:03Z
2026-08-19T10:47:00Z,2026-08-19T12:47:00+0200,e079ef81-c4ef-4643-8235-c8ef85358b45,2026-08-11T20:15:00Z,2026-08-11T22:15:00+0200,3604.0,MW,ES,ES,actual_onshore_wind_generation,Wind Onshore,2026-08-19T10:57:03Z
2026-08-19T10:47:00Z,2026-08-19T12:47:00+0200,e079ef81-c4ef-4643-8235-c8ef85358b45,2026-08-11T20:30:00Z,2026-08-11T22:30:00+0200,3736.0,MW,ES,ES,actual_onshore_wind_generation,Wind Onshore,2026-08-19T10:57:03Z
2026-08-19T10:47:00Z,2026-08-19T12:47:00+0200,e079ef81-c4ef-4643-8235-c8ef85358b45,2026-08-11T20:45:00Z,2026-08-11T22:45:00+0200,3720.0,MW,ES,ES,actual_onshore_wind_generation,Wind Onshore,2026-08-19T10:57:03Z
2026-08-19T10:47:00Z,2026-08-19T12:47:00+0200,e079ef81-c4ef-4643-8235-c8ef85358b45,2026-08-11T21:00:00Z,2026-08-11T23:00:00+0200,3672.0,MW,ES,ES,actual_onshore_wind_generation,Wind Onshore,2026-08-19T10:57:03Z
2026-08-19T10:47:00Z,2026-08-19T12:47:00+0200,e079ef81-c4ef-4643-8235-c8ef85358b45,2026-08-11T21:15:00Z,2026-08-11T23:15:00+0200,3700.0,MW,ES,ES,actual_onshore_wind_generation,Wind Onshore,2026-08-19T10:57:03Z
2026-08-19T10:47:00Z,2026-08-19T12:47:00+0200,e079ef81-c4ef-4643-8235-c8ef85358b45,2026-08-11T21:30:00Z,2026-08-11T23:30:00+0200,3684.0,MW,ES,ES,actual_onshore_wind_generation,Wind Onshore,2026-08-19T10:57:03Z
2026-08-19T10:47:00Z,2026-08-19T12:47:00+0200,e079ef81-c4ef-4643-8235-c8ef85358b45,2026-08-11T21:45:00Z,2026-08-11T23:45:00+0200,3720.0,MW,ES,ES,actual_onshore_wind_generation,Wind Onshore,2026-08-19T10:57:03Z
2026-08-19T10:47:00Z,2026-08-19T12:47:00+0200,e079ef81-c4ef-4643-8235-c8ef85358b45,2026-08-11T22:00:00Z,2026-08-12T00:00:00+0200,3964.0,MW,ES,ES,actual_onshore_wind_generation,Wind Onshore,2026-08-19T10:57:03Z
2026-08-19T10:47:00Z,2026-08-19T12:47:00+0200,e079ef81-c4ef-4643-8235-c8ef85358b45,2026-08-11T22:15:00Z,2026-08-12T00:15:00+0200,4168.0,MW,ES,ES,actual_onshore_wind_generation,Wind Onshore,2026-08-19T10:57:03Z
2026-08-19T10:47:00Z,2026-08-19T12:47:00+0200,e079ef81-c4ef-4643-8235-c8ef85358b45,2026-08-11T22:30:00Z,2026-08-12T00:30:00+0200,4320.0,MW,ES,ES,actual_onshore_wind_generation,Wind Onshore,2026-08-19T10:57:03Z
2026-08-19T10:47:00Z,2026-08-19T12:47:00+0200,e079ef81-c4ef-4643-8235-c8ef85358b45,2026-08-11T22:45:00Z,2026-08-12T00:45:00+0200,4492.0,MW,ES,ES,actual_onshore_wind_generation,Wind Onshore,2026-08-19T10:57:03Z
2026-08-19T10:47:00Z,2026-08-19T12:47:00+0200,e079ef81-c4ef-4643-8235-c8ef85358b45,2026-08-11T23:00:00Z,2026-08-12T01:00:00+0200,4612.0,MW,ES,ES,actual_onshore_wind_generation,Wind Onshore,2026-08-19T10:57:03Z
2026-08-19T10:47:00Z,2026-08-19T12:47:00+0200,e079ef81-c4ef-4643-8235-c8ef85358b45,2026-08-11T23:15:00Z,2026-08-12T01:15:00+0200,4404.0,MW,ES,ES,actual_onshore_wind_generation,Wind Onshore,2026-08-19T10:57:03Z
2026-08-19T10:47:00Z,2026-08-19T12:47:00+0200,e079ef81-c4ef-4643-8235-c8ef85358b45,2026-08-11T23:30:00Z,2026-08-12T01:30:00+0200,4072.0,MW,ES,ES,actual_onshore_wind_generation,Wind Onshore,2026-08-19T10:57:03Z
2026-08-19T10:47:00Z,2026-08-19T12:47:00+0200,e079ef81-c4ef-4643-8235-c8ef85358b45,2026-08-11T23:45:00Z,2026-08-12T01:45:00+0200,3740.0,MW,ES,ES,actual_onshore_wind_generation,Wind Onshore,2026-08-19T10:57:03Z
2026-08-19T10:47:00Z,2026-08-19T12:47:00+0200,e079ef81-c4ef-4643-8235-c8ef85358b45,2026-08-12T00:00:00Z,2026-08-12T02:00:00+0200,3444.0,MW,ES,ES,actual_onshore_wind_generation,Wind Onshore,2026-08-19T10:57:03Z
2026-08-19T10:47:00Z,2026-08-19T12:47:00+0200,e079ef81-c4ef-4643-8235-c8ef85358b45,2026-08-12T00:15:00Z,2026-08-12T02:15:00+0200,3276.0,MW,ES,ES,actual_onshore_wind_generation,Wind Onshore,2026-08-19T10:57:03Z
2026-08-19T10:47:00Z,2026-08-19T12:47:00+0200,e079ef81-c4ef-4643-8235-c8ef85358b45,2026-08-12T00:30:00Z,2026-08-12T02:30:00+0200,3096.0,MW,ES,ES,actual_onshore_wind_generation,Wind Onshore,2026-08-19T10:57:03Z
2026-08-19T10:47:00Z,2026-08-19T12:47:00+0200,e079ef81-c4ef-4643-8235-c8ef85358b45,2026-08-12T00:45:00Z,2026-08-12T02:45:00+0200,2964.0,MW,ES,ES,actual_onshore_wind_generation,Wind Onshore,2026-08-19T10:57:03Z
2026-08-19T10:47:00Z,2026-08-19T12:47:00+0200,e079ef81-c4ef-4643-8235-c8ef85358b45,2026-08-12T01:00:00Z,2026-08-12T03:00:00+0200,2876.0,MW,ES,ES,actual_onshore_wind_generation,Wind Onshore,2026-08-19T10:57:03Z
2026-08-19T10:47:00Z,2026-08-19T12:47:00+0200,e079ef81-c4ef-4643-8235-c8ef85358b45,2026-08-12T01:15:00Z,2026-08-12T03:15:00+0200,2804.0,MW,ES,ES,actual_onshore_wind_generation,Wind Onshore,2026-08-19T10:57:03Z
2026-08-19T10:47:00Z,2026-08-19T12:47:00+0200,e079ef81-c4ef-4643-8235-c8ef85358b45,2026-08-12T01:30:00Z,2026-08-12T03:30:00+0200,2732.0,MW,ES,ES,actual_onshore_wind_generation,Wind Onshore,2026-08-19T10:57:03Z
2026-08-19T10:47:00Z,2026-08-19T12:47:00+0200,e079ef81-c4ef-4643-8235-c8ef85358b45,2026-08-12T01:45:00Z,2026-08-12T03:45:00+0200,2604.0,MW,ES,ES,actual_onshore_wind_generation,Wind Onshore,2026-08-19T10:57:03Z
2026-08-19T10:47:00Z,2026-08-19T12:47:00+0200,e079ef81-c4ef-4643-8235-c8ef85358b45,2026-08-12T02:00:00Z,2026-08-12T04:00:00+0200,2512.0,MW,ES,ES,actual_onshore_wind_generation,Wind Onshore,2026-08-19T10:57:03Z
2026-08-19T10:47:00Z,2026-08-19T12:47:00+0200,e079ef81-c4ef-4643-8235-c8ef85358b45,2026-08-12T02:15:00Z,2026-08-12T04:15:00+0200,2380.0,MW,ES,ES,actual_onshore_wind_generation,Wind Onshore,2026-08-19T10:57:03Z
2026-08-19T10:47:00Z,2026-08-19T12:47:00+0200,e079ef81-c4ef-4643-8235-c8ef85358b45,2026-08-12T02:30:00Z,2026-08-12T04:30:00+0200,2256.0,MW,ES,ES,actual_onshore_wind_generation,Wind Onshore,2026-08-19T10:57:03Z
2026-08-19T10:47:00Z,2026-08-19T12:47:00+0200,e079ef81-c4ef-4643-8235-c8ef85358b45,2026-08-12T02:45:00Z,2026-08-12T04:45:00+0200,2176.0,MW,ES,ES,actual_onshore_wind_generation,Wind Onshore,2026-08-19T10:57:03Z
2026-08-19T10:47:00Z,2026-08-19T12:47:00+0200,e079ef81-c4ef-4643-8235-c8ef85358b45,2026-08-12T03:00:00Z,2026-08-12T05:00:00+0200,2104.0,MW,ES,ES,actual_onshore_wind_generation,Wind Onshore,2026-08-19T10:57:03Z
2026-08-19T10:47:00Z,2026-08-19T12:47:00+0200,e079ef81-c4ef-4643-8235-c8ef85358b45,2026-08-12T03:15:00Z,2026-08-12T05:15:00+0200,2012.0,MW,ES,ES,actual_onshore_wind_generation,Wind Onshore,2026-08-19T10:57:03Z
2026-08-19T10:47:00Z,2026-08-19T12:47:00+0200,e079ef81-c4ef-4643-8235-c8ef85358b45,2026-08-12T03:30:00Z,2026-08-12T05:30:00+0200,1900.0,MW,ES,ES,actual_onshore_wind_generation,Wind Onshore,2026-08-19T10:57:03Z
2026-08-19T10:47:00Z,2026-08-19T12:47:00+0200,e079ef81-c4ef-4643-8235-c8ef85358b45,2026-08-12T03:45:00Z,2026-08-12T05:45:00+0200,1780.0,MW,ES,ES,actual_onshore_wind_generation,Wind Onshore,2026-08-19T10:57:03Z
2026-08-19T10:47:00Z,2026-08-19T12:47:00+0200,e079ef81-c4ef-4643-8235-c8ef85358b45,2026-08-12T04:00:00Z,2026-08-12T06:00:00+0200,1660.0,MW,ES,ES,actual_onshore_wind_generation,Wind Onshore,2026-08-19T10:57:03Z
2026-08-19T10:47:00Z,2026-08-19T12:47:00+0200,e079ef81-c4ef-4643-8235-c8ef85358b45,2026-08-12T04:15:00Z,2026-08-12T06:15:00+0200,1556.0,MW,ES,ES,actual_onshore_wind_generation,Wind Onshore,2026-08-19T10:57:03Z
2026-08-19T10:47:00Z,2026-08-19T12:47:00+0200,e079ef81-c4ef-4643-8235-c8ef85358b45,2026-08-12T04:30:00Z,2026-08-12T06:30:00+0200,1468.0,MW,ES,ES,actual_onshore_wind_generation,Wind Onshore,2026-08-19T10:57:03Z
2026-08-19T10:47:00Z,2026-08-19T12:47:00+0200,e079ef81-c4ef-4643-8235-c8ef85358b45,2026-08-12T04:45:00Z,2026-08-12T06:45:00+0200,1384.0,MW,ES,ES,actual_onshore_wind_generation,Wind Onshore,2026-08-19T10:57:03Z
2026-08-19T10:47:00Z,2026-08-19T12:47:00+0200,e079ef81-c4ef-4643-8235-c8ef85358b45,2026-08-12T05:00:00Z,2026-08-12T07:00:00+0200,1340.0,MW,ES,ES,actual_onshore_wind_generation,Wind Onshore,2026-08-19T10:57:03Z
2026-08-19T10:47:00Z,2026-08-19T12:47:00+0200,e079ef81-c4ef-4643-8235-c8ef85358b45,2026-08-12T05:15:00Z,2026-08-12T07:15:00+0200,1292.0,MW,ES,ES,actual_onshore_wind_generation,Wind Onshore,2026-08-19T10:57:03Z
2026-08-19T10:47:00Z,2026-08-19T12:47:00+0200,e079ef81-c4ef-4643-8235-c8ef85358b45,2026-08-12T05:30:00Z,2026-08-12T07:30:00+0200,1276.0,MW,ES,ES,actual_onshore_wind_generation,Wind Onshore,2026-08-19T10:57:03Z
2026-08-19T10:47:00Z,2026-08-19T12:47:00+0200,e079ef81-c4ef-4643-8235-c8ef85358b45,2026-08-12T05:45:00Z,2026-08-12T07:45:00+0200,1268.0,MW,ES,ES,actual_onshore_wind_generation,Wind Onshore,2026-08-19T10:57:03Z
2026-08-19T10:47:00Z,2026-08-19T12:47:00+0200,e079ef81-c4ef-4643-8235-c8ef85358b45,2026-08-12T06:00:00Z,2026-08-12T08:00:00+0200,1224.0,MW,ES,ES,actual_onshore_wind_generation,Wind Onshore,2026-08-19T10:57:03Z
2026-08-19T10:47:00Z,2026-08-19T12:47:00+0200,e079ef81-c4ef-4643-8235-c8ef85358b45,2026-08-12T06:15:00Z,2026-08-12T08:15:00+0200,1168.0,MW,ES,ES,actual_onshore_wind_generation,Wind Onshore,2026-08-19T10:57:03Z
2026-08-19T10:47:00Z,2026-08-19T12:47:00+0200,e079ef81-c4ef-4643-8235-c8ef85358b45,2026-08-12T06:30:00Z,2026-08-12T08:30:00+0200,1112.0,MW,ES,ES,actual_onshore_wind_generation,Wind Onshore,2026-08-19T10:57:03Z
2026-08-19T10:47:00Z,2026-08-19T12:47:00+0200,e079ef81-c4ef-4643-8235-c8ef85358b45,2026-08-12T06:45:00Z,2026-08-12T08:45:00+0200,1000.0,MW,ES,ES,actual_onshore_wind_generation,Wind Onshore,2026-08-19T10:57:03Z
2026-08-19T10:47:00Z,2026-08-19T12:47:00+0200,e079ef81-c4ef-4643-8235-c8ef85358b45,2026-08-12T07:00:00Z,2026-08-12T09:00:00+0200,908.0,MW,ES,ES,actual_onshore_wind_generation,Wind Onshore,2026-08-19T10:57:03Z
2026-08-19T10:47:00Z,2026-08-19T12:47:00+0200,e079ef81-c4ef-4643-8235-c8ef85358b45,2026-08-12T07:15:00Z,2026-08-12T09:15:00+0200,796.0,MW,ES,ES,actual_onshore_wind_generation,Wind Onshore,2026-08-19T10:57:03Z
2026-08-19T10:47:00Z,2026-08-19T12:47:00+0200,e079ef81-c4ef-4643-8235-c8ef85358b45,2026-08-12T07:30:00Z,2026-08-12T09:30:00+0200,688.0,MW,ES,ES,actual_onshore_wind_generation,Wind Onshore,2026-08-19T10:57:03Z
2026-08-19T10:47:00Z,2026-08-19T12:47:00+0200,e079ef81-c4ef-4643-8235-c8ef85358b45,2026-08-12T07:45:00Z,2026-08-12T09:45:00+0200,616.0,MW,ES,ES,actual_onshore_wind_generation,Wind Onshore,2026-08-19T10:57:03Z
2026-08-19T10:47:00Z,2026-08-19T12:47:00+0200,e079ef81-c4ef-4643-8235-c8ef85358b45,2026-08-12T08:00:00Z,2026-08-12T10:00:00+0200,544.0,MW,ES,ES,actual_onshore_wind_generation,Wind Onshore,2026-08-19T10:57:03Z
2026-08-19T10:47:00Z,2026-08-19T12:47:00+0200,e079ef81-c4ef-4643-8235-c8ef85358b45,2026-08-12T08:15:00Z,2026-08-12T10:15:00+0200,488.0,MW,ES,ES,actual_onshore_wind_generation,Wind Onshore,2026-08-19T10:57:03Z
2026-08-19T10:47:00Z,2026-08-19T12:47:00+0200,e079ef81-c4ef-4643-8235-c8ef85358b45,2026-08-12T08:30:00Z,2026-08-12T10:30:00+0200,480.0,MW,ES,ES,actual_onshore_wind_generation,Wind Onshore,2026-08-19T10:57:03Z
2026-08-19T10:47:00Z,2026-08-19T12:47:00+0200,e079ef81-c4ef-4643-8235-c8ef85358b45,2026-08-12T08:45:00Z,2026-08-12T10:45:00+0200,476.0,MW,ES,ES,actual_onshore_wind_generation,Wind Onshore,2026-08-19T10:57:03Z
2026-08-19T10:47:00Z,2026-08-19T12:47:00+0200,e079ef81-c4ef-4643-8235-c8ef85358b45,2026-08-12T09:00:00Z,2026-08-12T11:00:00+0200,476.0,MW,ES,ES,actual_onshore_wind_generation,Wind Onshore,2026-08-19T10:57:03Z
2026-08-19T10:47:00Z,2026-08-19T12:47:00+0200,e079ef81-c4ef-4643-8235-c8ef85358b45,2026-08-12T09:15:00Z,2026-08-12T11:15:00+0200,508.0,MW,ES,ES,actual_onshore_wind_generation,Wind Onshore,2026-08-19T10:57:03Z
2026-08-19T10:47:00Z,2026-08-19T12:47:00+0200,e079ef81-c4ef-4643-8235-c8ef85358b45,2026-08-12T09:30:00Z,2026-08-12T11:30:00+0200,560.0,MW,ES,ES,actual_onshore_wind_generation,Wind Onshore,2026-08-19T10:57:03Z
2026-08-19T10:47:00Z,2026-08-19T12:47:00+0200,e079ef81-c4ef-4643-8235-c8ef85358b45,2026-08-12T09:45:00Z,2026-08-12T11:45:00+0200,652.0,MW,ES,ES,actual_onshore_wind_generation,Wind Onshore,2026-08-19T10:57:03Z
2026-08-19T10:47:00Z,2026-08-19T12:47:00+0200,e079ef81-c4ef-4643-8235-c8ef85358b45,2026-08-12T10:00:00Z,2026-08-12T12:00:00+0200,668.0,MW,ES,ES,actual_onshore_wind_generation,Wind Onshore,2026-08-19T10:57:03Z
2026-08-19T10:47:00Z,2026-08-19T12:47:00+0200,e079ef81-c4ef-4643-8235-c8ef85358b45,2026-08-12T10:15:00Z,2026-08-12T12:15:00+0200,732.0,MW,ES,ES,actual_onshore_wind_generation,Wind Onshore,2026-08-19T10:57:03Z
2026-08-19T10:47:00Z,2026-08-19T12:47:00+0200,e079ef81-c4ef-4643-8235-c8ef85358b45,2026-08-12T10:30:00Z,2026-08-12T12:30:00+0200,792.0,MW,ES,ES,actual_onshore_wind_generation,Wind Onshore,2026-08-19T10:57:03Z
2026-08-19T10:47:00Z,2026-08-19T12:47:00+0200,e079ef81-c4ef-4643-8235-c8ef85358b45,2026-08-12T10:45:00Z,2026-08-12T12:45:00+0200,880.0,MW,ES,ES,actual_onshore_wind_generation,Wind Onshore,2026-08-19T10:57:03Z
2026-08-19T10:47:00Z,2026-08-19T12:47:00+0200,e079ef81-c4ef-4643-8235-c8ef85358b45,2026-08-12T11:00:00Z,2026-08-12T13:00:00+0200,980.0,MW,ES,ES,actual_onshore_wind_generation,Wind Onshore,2026-08-19T10:57:03Z
2026-08-19T10:47:00Z,2026-08-19T12:47:00+0200,e079ef81-c4ef-4643-8235-c8ef85358b45,2026-08-12T11:15:00Z,2026-08-12T13:15:00+0200,1056.0,MW,ES,ES,actual_onshore_wind_generation,Wind Onshore,2026-08-19T10:57:03Z
2026-08-19T10:47:00Z,2026-08-19T12:47:00+0200,e079ef81-c4ef-4643-8235-c8ef85358b45,2026-08-12T11:30:00Z,2026-08-12T13:30:00+0200,1124.0,MW,ES,ES,actual_onshore_wind_generation,Wind Onshore,2026-08-19T10:57:03Z
2026-08-19T10:47:00Z,2026-08-19T12:47:00+0200,e079ef81-c4ef-4643-8235-c8ef85358b45,2026-08-12T11:45:00Z,2026-08-12T13:45:00+0200,1168.0,MW,ES,ES,actual_onshore_wind_generation,Wind Onshore,2026-08-19T10:57:03Z
2026-08-19T10:47:00Z,2026-08-19T12:47:00+0200,e079ef81-c4ef-4643-8235-c8ef85358b45,2026-08-12T12:00:00Z,2026-08-12T14:00:00+0200,1260.0,MW,ES,ES,actual_onshore_wind_generation,Wind Onshore,2026-08-19T10:57:03Z
2026-08-19T10:47:00Z,2026-08-19T12:47:00+0200,e079ef81-c4ef-4643-8235-c8ef85358b45,2026-08-12T12:15:00Z,2026-08-12T14:15:00+0200,1344.0,MW,ES,ES,actual_onshore_wind_generation,Wind Onshore,2026-08-19T10:57:03Z
2026-08-19T10:47:00Z,2026-08-19T12:47:00+0200,e079ef81-c4ef-4643-8235-c8ef85358b45,2026-08-12T12:30:00Z,2026-08-12T14:30:00+0200,1356.0,MW,ES,ES,actual_onshore_wind_generation,Wind Onshore,2026-08-19T10:57:03Z
2026-08-19T10:47:00Z,2026-08-19T12:47:00+0200,e079ef81-c4ef-4643-8235-c8ef85358b45,2026-08-12T12:45:00Z,2026-08-12T14:45:00+0200,1396.0,MW,ES,ES,actual_onshore_wind_generation,Wind Onshore,2026-08-19T10:57:03Z
2026-08-19T10:47:00Z,2026-08-19T12:47:00+0200,e079ef81-c4ef-4643-8235-c8ef85358b45,2026-08-12T13:00:00Z,2026-08-12T15:00:00+0200,1444.0,MW,ES,ES,actual_onshore_wind_generation,Wind Onshore,2026-08-19T10:57:03Z
2026-08-19T10:47:00Z,2026-08-19T12:47:00+0200,e079ef81-c4ef-4643-8235-c8ef85358b45,2026-08-12T13:15:00Z,2026-08-12T15:15:00+0200,1528.0,MW,ES,ES,actual_onshore_wind_generation,Wind Onshore,2026-08-19T10:57:03Z
2026-08-19T10:47:00Z,2026-08-19T12:47:00+0200,e079ef81-c4ef-4643-8235-c8ef85358b45,2026-08-12T13:30:00Z,2026-08-12T15:30:00+0200,1612.0,MW,ES,ES,actual_onshore_wind_generation,Wind Onshore,2026-08-19T10:57:03Z
2026-08-19T10:47:00Z,2026-08-19T12:47:00+0200,e079ef81-c4ef-4643-8235-c8ef85358b45,2026-08-12T13:45:00Z,2026-08-12T15:45:00+0200,1760.0,MW,ES,ES,actual_onshore_wind_generation,Wind Onshore,2026-08-19T10:57:03Z
2026-08-19T10:47:00Z,2026-08-19T12:47:00+0200,e079ef81-c4ef-4643-8235-c8ef85358b45,2026-08-12T14:00:00Z,2026-08-12T16:00:00+0200,1848.0,MW,ES,ES,actual_onshore_wind_generation,Wind Onshore,2026-08-19T10:57:03Z
2026-08-19T10:47:00Z,2026-08-19T12:47:00+0200,e079ef81-c4ef-4643-8235-c8ef85358b45,2026-08-12T14:15:00Z,2026-08-12T16:15:00+0200,1964.0,MW,ES,ES,actual_onshore_wind_generation,Wind Onshore,2026-08-19T10:57:03Z
2026-08-19T10:47:00Z,2026-08-19T12:47:00+0200,e079ef81-c4ef-4643-8235-c8ef85358b45,2026-08-12T14:30:00Z,2026-08-12T16:30:00+0200,2136.0,MW,ES,ES,actual_onshore_wind_generation,Wind Onshore,2026-08-19T10:57:03Z
2026-08-19T10:47:00Z,2026-08-19T12:47:00+0200,e079ef81-c4ef-4643-8235-c8ef85358b45,2026-08-12T14:45:00Z,2026-08-12T16:45:00+0200,2232.0,MW,ES,ES,actual_onshore_wind_generation,Wind Onshore,2026-08-19T10:57:03Z
2026-08-19T10:47:00Z,2026-08-19T12:47:00+0200,e079ef81-c4ef-4643-8235-c8ef85358b45,2026-08-12T15:00:00Z,2026-08-12T17:00:00+0200,2328.0,MW,ES,ES,actual_onshore_wind_generation,Wind Onshore,2026-08-19T10:57:03Z
2026-08-19T10:47:00Z,2026-08-19T12:47:00+0200,e079ef81-c4ef-4643-8235-c8ef85358b45,2026-08-12T15:15:00Z,2026-08-12T17:15:00+0200,2396.0,MW,ES,ES,actual_onshore_wind_generation,Wind Onshore,2026-08-19T10:57:03Z
2026-08-19T10:47:00Z,2026-08-19T12:47:00+0200,e079ef81-c4ef-4643-8235-c8ef85358b45,2026-08-12T15:30:00Z,2026-08-12T17:30:00+0200,2464.0,MW,ES,ES,actual_onshore_wind_generation,Wind Onshore,2026-08-19T10:57:03Z
2026-08-19T10:47:00Z,2026-08-19T12:47:00+0200,e079ef81-c4ef-4643-8235-c8ef85358b45,2026-08-12T15:45:00Z,2026-08-12T17:45:00+0200,2568.0,MW,ES,ES,actual_onshore_wind_generation,Wind Onshore,2026-08-19T10:57:03Z
2026-08-19T10:47:00Z,2026-08-19T12:47:00+0200,e079ef81-c4ef-4643-8235-c8ef85358b45,2026-08-12T16:00:00Z,2026-08-12T18:00:00+0200,2548.0,MW,ES,ES,actual_onshore_wind_generation,Wind Onshore,2026-08-19T10:57:03Z
2026-08-19T10:47:00Z,2026-08-19T12:47:00+0200,e079ef81-c4ef-4643-8235-c8ef85358b45,2026-08-12T16:15:00Z,2026-08-12T18:15:00+0200,2576.0,MW,ES,ES,actual_onshore_wind_generation,Wind Onshore,2026-08-19T10:57:03Z
2026-08-19T10:47:00Z,2026-08-19T12:47:00+0200,e079ef81-c4ef-4643-8235-c8ef85358b45,2026-08-12T16:30:00Z,2026-08-12T18:30:00+0200,2640.0,MW,ES,ES,actual_onshore_wind_generation,Wind Onshore,2026-08-19T10:57:03Z
2026-08-19T10:47:00Z,2026-08-19T12:47:00+0200,e079ef81-c4ef-4643-8235-c8ef85358b45,2026-08-12T16:45:00Z,2026-08-12T18:45:00+0200,2676.0,MW,ES,ES,actual_onshore_wind_generation,Wind Onshore,2026-08-19T10:57:03Z
2026-08-19T10:47:00Z,2026-08-19T12:47:00+0200,e079ef81-c4ef-4643-8235-c8ef85358b45,2026-08-12T17:00:00Z,2026-08-12T19:00:00+0200,2864.0,MW,ES,ES,actual_onshore_wind_generation,Wind Onshore,2026-08-19T10:57:03Z
2026-08-19T10:47:00Z,2026-08-19T12:47:00+0200,e079ef81-c4ef-4643-8235-c8ef85358b45,2026-08-12T17:15:00Z,2026-08-12T19:15:00+0200,3092.0,MW,ES,ES,actual_onshore_wind_generation,Wind Onshore,2026-08-19T10:57:03Z
2026-08-19T10:47:00Z,2026-08-19T12:47:00+0200,e079ef81-c4ef-4643-8235-c8ef85358b45,2026-08-12T17:30:00Z,2026-08-12T19:30:00+0200,3152.0,MW,ES,ES,actual_onshore_wind_generation,Wind Onshore,2026-08-19T10:57:03Z
2026-08-19T10:47:00Z,2026-08-19T12:47:00+0200,e079ef81-c4ef-4643-8235-c8ef85358b45,2026-08-12T17:45:00Z,2026-08-12T19:45:00+0200,3240.0,MW,ES,ES,actual_onshore_wind_generation,Wind Onshore,2026-08-19T10:57:03Z
2026-08-19T10:47:00Z,2026-08-19T12:47:00+0200,e079ef81-c4ef-4643-8235-c8ef85358b45,2026-08-12T18:00:00Z,2026-08-12T20:00:00+0200,3376.0,MW,ES,ES,actual_onshore_wind_generation,Wind Onshore,2026-08-19T10:57:03Z
2026-08-19T10:47:00Z,2026-08-19T12:47:00+0200,e079ef81-c4ef-4643-8235-c8ef85358b45,2026-08-12T18:15:00Z,2026-08-12T20:15:00+0200,3480.0,MW,ES,ES,actual_onshore_wind_generation,Wind Onshore,2026-08-19T10:57:03Z
2026-08-19T10:47:00Z,2026-08-19T12:47:00+0200,e079ef81-c4ef-4643-8235-c8ef85358b45,2026-08-12T18:30:00Z,2026-08-12T20:30:00+0200,3552.0,MW,ES,ES,actual_onshore_wind_generation,Wind Onshore,2026-08-19T10:57:03Z
2026-08-19T10:47:00Z,2026-08-19T12:47:00+0200,e079ef81-c4ef-4643-8235-c8ef85358b45,2026-08-12T18:45:00Z,2026-08-12T20:45:00+0200,3736.0,MW,ES,ES,actual_onshore_wind_generation,Wind Onshore,2026-08-19T10:57:03Z
2026-08-19T10:47:00Z,2026-08-19T12:47:00+0200,e079ef81-c4ef-4643-8235-c8ef85358b45,2026-08-12T19:00:00Z,2026-08-12T21:00:00+0200,4080.0,MW,ES,ES,actual_onshore_wind_generation,Wind Onshore,2026-08-19T10:57:03Z
2026-08-19T10:47:00Z,2026-08-19T12:47:00+0200,e079ef81-c4ef-4643-8235-c8ef85358b45,2026-08-12T19:15:00Z,2026-08-12T21:15:00+0200,4296.0,MW,ES,ES,actual_onshore_wind_generation,Wind Onshore,2026-08-19T10:57:03Z
2026-08-19T10:47:00Z,2026-08-19T12:47:00+0200,e079ef81-c4ef-4643-8235-c8ef85358b45,2026-08-12T19:30:00Z,2026-08-12T21:30:00+0200,4336.0,MW,ES,ES,actual_onshore_wind_generation,Wind Onshore,2026-08-19T10:57:03Z
2026-08-19T10:47:00Z,2026-08-19T12:47:00+0200,e079ef81-c4ef-4643-8235-c8ef85358b45,2026-08-12T19:45:00Z,2026-08-12T21:45:00+0200,4316.0,MW,ES,ES,actual_onshore_wind_generation,Wind Onshore,2026-08-19T10:57:03Z
2026-08-19T10:47:00Z,2026-08-19T12:47:00+0200,e079ef81-c4ef-4643-8235-c8ef85358b45,2026-08-12T20:00:00Z,2026-08-12T22:00:00+0200,4288.0,MW,ES,ES,actual_onshore_wind_generation,Wind Onshore,2026-08-19T10:57:03Z
2026-08-19T10:47:00Z,2026-08-19T12:47:00+0200,e079ef81-c4ef-4643-8235-c8ef85358b45,2026-08-12T20:15:00Z,2026-08-12T22:15:00+0200,4288.0,MW,ES,ES,actual_onshore_wind_generation,Wind Onshore,2026-08-19T10:57:03Z
2026-08-19T10:47:00Z,2026-08-19T12:47:00+0200,e079ef81-c4ef-4643-8235-c8ef85358b45,2026-08-12T20:30:00Z,2026-08-12T22:30:00+0200,4304.0,MW,ES,ES,actual_onshore_wind_generation,Wind Onshore,2026-08-19T10:57:03Z
2026-08-19T10:47:00Z,2026-08-19T12:47:00+0200,e079ef81-c4ef-4643-8235-c8ef85358b45,2026-08-12T20:45:00Z,2026-08-12T22:45:00+0200,4308.0,MW,ES,ES,actual_onshore_wind_generation,Wind Onshore,2026-08-19T10:57:03Z
2026-08-19T10:47:00Z,2026-08-19T12:47:00+0200,e079ef81-c4ef-4643-8235-c8ef85358b45,2026-08-12T21:00:00Z,2026-08-12T23:00:00+0200,4288.0,MW,ES,ES,actual_onshore_wind_generation,Wind Onshore,2026-08-19T10:57:03Z
2026-08-19T10:47:00Z,2026-08-19T12:47:00+0200,e079ef81-c4ef-4643-8235-c8ef85358b45,2026-08-12T21:15:00Z,2026-08-12T23:15:00+0200,4296.0,MW,ES,ES,actual_onshore_wind_generation,Wind Onshore,2026-08-19T10:57:03Z
2026-08-19T10:47:00Z,2026-08-19T12:47:00+0200,e079ef81-c4ef-4643-8235-c8ef85358b45,2026-08-12T21:30:00Z,2026-08-12T23:30:00+0200,4276.0,MW,ES,ES,actual_onshore_wind_generation,Wind Onshore,2026-08-19T10:57:03Z
2026-08-19T10:47:00Z,2026-08-19T12:47:00+0200,e079ef81-c4ef-4643-8235-c8ef85358b45,2026-08-12T21:45:00Z,2026-08-12T23:45:00+0200,4280.0,MW,ES,ES,actual_onshore_wind_generation,Wind Onshore,2026-08-19T10:57:03Z
2026-08-19T10:47:00Z,2026-08-19T12:47:00+0200,e079ef81-c4ef-4643-8235-c8ef85358b45,2026-08-12T22:00:00Z,2026-08-13T00:00:00+0200,4220.0,MW,ES,ES,actual_onshore_wind_generation,Wind Onshore,2026-08-19T10:57:03Z
2026-08-19T10:47:00Z,2026-08-19T12:47:00+0200,e079ef81-c4ef-4643-8235-c8ef85358b45,2026-08-12T22:15:00Z,2026-08-13T00:15:00+0200,4208.0,MW,ES,ES,actual_onshore_wind_generation,Wind Onshore,2026-08-19T10:57:03Z
2026-08-19T10:47:00Z,2026-08-19T12:47:00+0200,e079ef81-c4ef-4643-8235-c8ef85358b45,2026-08-12T22:30:00Z,2026-08-13T00:30:00+0200,4188.0,MW,ES,ES,actual_onshore_wind_generation,Wind Onshore,2026-08-19T10:57:03Z
2026-08-19T10:47:00Z,2026-08-19T12:47:00+0200,e079ef81-c4ef-4643-8235-c8ef85358b45,2026-08-12T22:45:00Z,2026-08-13T00:45:00+0200,4164.0,MW,ES,ES,actual_onshore_wind_generation,Wind Onshore,2026-08-19T10:57:03Z
2026-08-19T10:47:00Z,2026-08-19T12:47:00+0200,e079ef81-c4ef-4643-8235-c8ef85358b45,2026-08-12T23:00:00Z,2026-08-13T01:00:00+0200,4208.0,MW,ES,ES,actual_onshore_wind_generation,Wind Onshore,2026-08-19T10:57:03Z
2026-08-19T10:47:00Z,2026-08-19T12:47:00+0200,e079ef81-c4ef-4643-8235-c8ef85358b45,2026-08-12T23:15:00Z,2026-08-13T01:15:00+0200,4260.0,MW,ES,ES,actual_onshore_wind_generation,Wind Onshore,2026-08-19T10:57:03Z
2026-08-19T10:47:00Z,2026-08-19T12:47:00+0200,e079ef81-c4ef-4643-8235-c8ef85358b45,2026-08-12T23:30:00Z,2026-08-13T01:30:00+0200,4260.0,MW,ES,ES,actual_onshore_wind_generation,Wind Onshore,2026-08-19T10:57:03Z
2026-08-19T10:47:00Z,2026-08-19T12:47:00+0200,e079ef81-c4ef-4643-8235-c8ef85358b45,2026-08-12T23:45:00Z,2026-08-13T01:45:00+0200,4256.0,MW,ES,ES,actual_onshore_wind_generation,Wind Onshore,2026-08-19T10:57:03Z
2026-08-19T10:47:00Z,2026-08-19T12:47:00+0200,e079ef81-c4ef-4643-8235-c8ef85358b45,2026-08-13T00:00:00Z,2026-08-13T02:00:00+0200,4104.0,MW,ES,ES,actual_onshore_wind_generation,Wind Onshore,2026-08-19T10:57:03Z
2026-08-19T10:47:00Z,2026-08-19T12:47:00+0200,e079ef81-c4ef-4643-8235-c8ef85358b45,2026-08-13T00:15:00Z,2026-08-13T02:15:00+0200,4012.0,MW,ES,ES,actual_onshore_wind_generation,Wind Onshore,2026-08-19T10:57:03Z
2026-08-19T10:47:00Z,2026-08-19T12:47:00+0200,e079ef81-c4ef-4643-8235-c8ef85358b45,2026-08-13T00:30:00Z,2026-08-13T02:30:00+0200,3920.0,MW,ES,ES,actual_onshore_wind_generation,Wind Onshore,2026-08-19T10:57:03Z
2026-08-19T10:47:00Z,2026-08-19T12:47:00+0200,e079ef81-c4ef-4643-8235-c8ef85358b45,2026-08-13T00:45:00Z,2026-08-13T02:45:00+0200,3712.0,MW,ES,ES,actual_onshore_wind_generation,Wind Onshore,2026-08-19T10:57:03Z
2026-08-19T10:47:00Z,2026-08-19T12:47:00+0200,e079ef81-c4ef-4643-8235-c8ef85358b45,2026-08-13T01:00:00Z,2026-08-13T03:00:00+0200,3544.0,MW,ES,ES,actual_onshore_wind_generation,Wind Onshore,2026-08-19T10:57:03Z
2026-08-19T10:47:00Z,2026-08-19T12:47:00+0200,e079ef81-c4ef-4643-8235-c8ef85358b45,2026-08-13T01:15:00Z,2026-08-13T03:15:00+0200,3420.0,MW,ES,ES,actual_onshore_wind_generation,Wind Onshore,2026-08-19T10:57:03Z
2026-08-19T10:47:00Z,2026-08-19T12:47:00+0200,e079ef81-c4ef-4643-8235-c8ef85358b45,2026-08-13T01:30:00Z,2026-08-13T03:30:00+0200,3304.0,MW,ES,ES,actual_onshore_wind_generation,Wind Onshore,2026-08-19T10:57:03Z
2026-08-19T10:47:00Z,2026-08-19T12:47:00+0200,e079ef81-c4ef-4643-8235-c8ef85358b45,2026-08-13T01:45:00Z,2026-08-13T03:45:00+0200,3160.0,MW,ES,ES,actual_onshore_wind_generation,Wind Onshore,2026-08-19T10:57:03Z
2026-08-19T10:47:00Z,2026-08-19T12:47:00+0200,e079ef81-c4ef-4643-8235-c8ef85358b45,2026-08-13T02:00:00Z,2026-08-13T04:00:00+0200,3020.0,MW,ES,ES,actual_onshore_wind_generation,Wind Onshore,2026-08-19T10:57:03Z
2026-08-19T10:47:00Z,2026-08-19T12:47:00+0200,e079ef81-c4ef-4643-8235-c8ef85358b45,2026-08-13T02:15:00Z,2026-08-13T04:15:00+0200,2932.0,MW,ES,ES,actual_onshore_wind_generation,Wind Onshore,2026-08-19T10:57:03Z
2026-08-19T10:47:00Z,2026-08-19T12:47:00+0200,e079ef81-c4ef-4643-8235-c8ef85358b45,2026-08-13T02:30:00Z,2026-08-13T04:30:00+0200,2820.0,MW,ES,ES,actual_onshore_wind_generation,Wind Onshore,2026-08-19T10:57:03Z
2026-08-19T10:47:00Z,2026-08-19T12:47:00+0200,e079ef81-c4ef-4643-8235-c8ef85358b45,2026-08-13T02:45:00Z,2026-08-13T04:45:00+0200,2688.0,MW,ES,ES,actual_onshore_wind_generation,Wind Onshore,2026-08-19T10:57:03Z
2026-08-19T10:47:00Z,2026-08-19T12:47:00+0200,e079ef81-c4ef-4643-8235-c8ef85358b45,2026-08-13T03:00:00Z,2026-08-13T05:00:00+0200,2496.0,MW,ES,ES,actual_onshore_wind_generation,Wind Onshore,2026-08-19T10:57:03Z
2026-08-19T10:47:00Z,2026-08-19T12:47:00+0200,e079ef81-c4ef-4643-8235-c8ef85358b45,2026-08-13T03:15:00Z,2026-08-13T05:15:00+0200,2312.0,MW,ES,ES,actual_onshore_wind_generation,Wind Onshore,2026-08-19T10:57:03Z
2026-08-19T10:47:00Z,2026-08-19T12:47:00+0200,e079ef81-c4ef-4643-8235-c8ef85358b45,2026-08-13T03:30:00Z,2026-08-13T05:30:00+0200,2200.0,MW,ES,ES,actual_onshore_wind_generation,Wind Onshore,2026-08-19T10:57:03Z
2026-08-19T10:47:00Z,2026-08-19T12:47:00+0200,e079ef81-c4ef-4643-8235-c8ef85358b45,2026-08-13T03:45:00Z,2026-08-13T05:45:00+0200,2080.0,MW,ES,ES,actual_onshore_wind_generation,Wind Onshore,2026-08-19T10:57:03Z
2026-08-19T10:47:00Z,2026-08-19T12:47:00+0200,e079ef81-c4ef-4643-8235-c8ef85358b45,2026-08-13T04:00:00Z,2026-08-13T06:00:00+0200,1968.0,MW,ES,ES,actual_onshore_wind_generation,Wind Onshore,2026-08-19T10:57:03Z
2026-08-19T10:47:00Z,2026-08-19T12:47:00+0200,e079ef81-c4ef-4643-8235-c8ef85358b45,2026-08-13T04:15:00Z,2026-08-13T06:15:00+0200,1848.0,MW,ES,ES,actual_onshore_wind_generation,Wind Onshore,2026-08-19T10:57:03Z
2026-08-19T10:47:00Z,2026-08-19T12:47:00+0200,e079ef81-c4ef-4643-8235-c8ef85358b45,2026-08-13T04:30:00Z,2026-08-13T06:30:00+0200,1724.0,MW,ES,ES,actual_onshore_wind_generation,Wind Onshore,2026-08-19T10:57:03Z
2026-08-19T10:47:00Z,2026-08-19T12:47:00+0200,e079ef81-c4ef-4643-8235-c8ef85358b45,2026-08-13T04:45:00Z,2026-08-13T06:45:00+0200,1648.0,MW,ES,ES,actual_onshore_wind_generation,Wind Onshore,2026-08-19T10:57:03Z
2026-08-19T10:47:00Z,2026-08-19T12:47:00+0200,e079ef81-c4ef-4643-8235-c8ef85358b45,2026-08-13T05:00:00Z,2026-08-13T07:00:00+0200,1580.0,MW,ES,ES,actual_onshore_wind_generation,Wind Onshore,2026-08-19T10:57:03Z
2026-08-19T10:47:00Z,2026-08-19T12:47:00+0200,e079ef81-c4ef-4643-8235-c8ef85358b45,2026-08-13T05:15:00Z,2026-08-13T07:15:00+0200,1540.0,MW,ES,ES,actual_onshore_wind_generation,Wind Onshore,2026-08-19T10:57:03Z
2026-08-19T10:47:00Z,2026-08-19T12:47:00+0200,e079ef81-c4ef-4643-8235-c8ef85358b45,2026-08-13T05:30:00Z,2026-08-13T07:30:00+0200,1512.0,MW,ES,ES,actual_onshore_wind_generation,Wind Onshore,2026-08-19T10:57:03Z
2026-08-19T10:47:00Z,2026-08-19T12:47:00+0200,e079ef81-c4ef-4643-8235-c8ef85358b45,2026-08-13T05:45:00Z,2026-08-13T07:45:00+0200,1508.0,MW,ES,ES,actual_onshore_wind_generation,Wind Onshore,2026-08-19T10:57:03Z
2026-08-19T10:47:00Z,2026-08-19T12:47:00+0200,e079ef81-c4ef-4643-8235-c8ef85358b45,2026-08-13T06:00:00Z,2026-08-13T08:00:00+0200,1472.0,MW,ES,ES,actual_onshore_wind_generation,Wind Onshore,2026-08-19T10:57:03Z
2026-08-19T10:47:00Z,2026-08-19T12:47:00+0200,e079ef81-c4ef-4643-8235-c8ef85358b45,2026-08-13T06:15:00Z,2026-08-13T08:15:00+0200,1468.0,MW,ES,ES,actual_onshore_wind_generation,Wind Onshore,2026-08-19T10:57:03Z
2026-08-19T10:47:00Z,2026-08-19T12:47:00+0200,e079ef81-c4ef-4643-8235-c8ef85358b45,2026-08-13T06:30:00Z,2026-08-13T08:30:00+0200,1368.0,MW,ES,ES,actual_onshore_wind_generation,Wind Onshore,2026-08-19T10:57:03Z
2026-08-19T10:47:00Z,2026-08-19T12:47:00+0200,e079ef81-c4ef-4643-8235-c8ef85358b45,2026-08-13T06:45:00Z,2026-08-13T08:45:00+0200,1284.0,MW,ES,ES,actual_onshore_wind_generation,Wind Onshore,2026-08-19T10:57:03Z
2026-08-19T10:47:00Z,2026-08-19T12:47:00+0200,e079ef81-c4ef-4643-8235-c8ef85358b45,2026-08-13T07:00:00Z,2026-08-13T09:00:00+0200,1192.0,MW,ES,ES,actual_onshore_wind_generation,Wind Onshore,2026-08-19T10:57:03Z
2026-08-19T10:47:00Z,2026-08-19T12:47:00+0200,e079ef81-c4ef-4643-8235-c8ef85358b45,2026-08-13T07:15:00Z,2026-08-13T09:15:00+0200,1040.0,MW,ES,ES,actual_onshore_wind_generation,Wind Onshore,2026-08-19T10:57:03Z
2026-08-19T10:47:00Z,2026-08-19T12:47:00+0200,e079ef81-c4ef-4643-8235-c8ef85358b45,2026-08-13T07:30:00Z,2026-08-13T09:30:00+0200,960.0,MW,ES,ES,actual_onshore_wind_generation,Wind Onshore,2026-08-19T10:57:03Z
2026-08-19T10:47:00Z,2026-08-19T12:47:00+0200,e079ef81-c4ef-4643-8235-c8ef85358b45,2026-08-13T07:45:00Z,2026-08-13T09:45:00+0200,888.0,MW,ES,ES,actual_onshore_wind_generation,Wind Onshore,2026-08-19T10:57:03Z
2026-08-19T10:47:00Z,2026-08-19T12:47:00+0200,e079ef81-c4ef-4643-8235-c8ef85358b45,2026-08-13T08:00:00Z,2026-08-13T10:00:00+0200,820.0,MW,ES,ES,actual_onshore_wind_generation,Wind Onshore,2026-08-19T10:57:03Z
2026-08-19T10:47:00Z,2026-08-19T12:47:00+0200,e079ef81-c4ef-4643-8235-c8ef85358b45,2026-08-13T08:15:00Z,2026-08-13T10:15:00+0200,744.0,MW,ES,ES,actual_onshore_wind_generation,Wind Onshore,2026-08-19T10:57:03Z
2026-08-19T10:47:00Z,2026-08-19T12:47:00+0200,e079ef81-c4ef-4643-8235-c8ef85358b45,2026-08-13T08:30:00Z,2026-08-13T10:30:00+0200,752.0,MW,ES,ES,actual_onshore_wind_generation,Wind Onshore,2026-08-19T10:57:03Z
2026-08-19T10:47:00Z,2026-08-19T12:47:00+0200,e079ef81-c4ef-4643-8235-c8ef85358b45,2026-08-13T08:45:00Z,2026-08-13T10:45:00+0200,764.0,MW,ES,ES,actual_onshore_wind_generation,Wind Onshore,2026-08-19T10:57:03Z
2026-08-19T10:47:00Z,2026-08-19T12:47:00+0200,e079ef81-c4ef-4643-8235-c8ef85358b45,2026-08-13T09:00:00Z,2026-08-13T11:00:00+0200,776.0,MW,ES,ES,actual_onshore_wind_generation,Wind Onshore,2026-08-19T10:57:03Z
2026-08-19T10:47:00Z,2026-08-19T12:47:00+0200,e079ef81-c4ef-4643-8235-c8ef85358b45,2026-08-13T09:15:00Z,2026-08-13T11:15:00+0200,780.0,MW,ES,ES,actual_onshore_wind_generation,Wind Onshore,2026-08-19T10:57:03Z
2026-08-19T10:47:00Z,2026-08-19T12:47:00+0200,e079ef81-c4ef-4643-8235-c8ef85358b45,2026-08-13T09:30:00Z,2026-08-13T11:30:00+0200,812.0,MW,ES,ES,actual_onshore_wind_generation,Wind Onshore,2026-08-19T10:57:03Z
2026-08-19T10:47:00Z,2026-08-19T12:47:00+0200,e079ef81-c4ef-4643-8235-c8ef85358b45,2026-08-13T09:45:00Z,2026-08-13T11:45:00+0200,856.0,MW,ES,ES,actual_onshore_wind_generation,Wind Onshore,2026-08-19T10:57:03Z
2026-08-19T10:47:00Z,2026-08-19T12:47:00+0200,e079ef81-c4ef-4643-8235-c8ef85358b45,2026-08-13T10:00:00Z,2026-08-13T12:00:00+0200,892.0,MW,ES,ES,actual_onshore_wind_generation,Wind Onshore,2026-08-19T10:57:03Z
2026-08-19T10:47:00Z,2026-08-19T12:47:00+0200,e079ef81-c4ef-4643-8235-c8ef85358b45,2026-08-13T10:15:00Z,2026-08-13T12:15:00+0200,952.0,MW,ES,ES,actual_onshore_wind_generation,Wind Onshore,2026-08-19T10:57:03Z
2026-08-19T10:47:00Z,2026-08-19T12:47:00+0200,e079ef81-c4ef-4643-8235-c8ef85358b45,2026-08-13T10:30:00Z,2026-08-13T12:30:00+0200,1040.0,MW,ES,ES,actual_onshore_wind_generation,Wind Onshore,2026-08-19T10:57:03Z
2026-08-19T10:47:00Z,2026-08-19T12:47:00+0200,e079ef81-c4ef-4643-8235-c8ef85358b45,2026-08-13T10:45:00Z,2026-08-13T12:45:00+0200,1116.0,MW,ES,ES,actual_onshore_wind_generation,Wind Onshore,2026-08-19T10:57:03Z
2026-08-19T10:47:00Z,2026-08-19T12:47:00+0200,e079ef81-c4ef-4643-8235-c8ef85358b45,2026-08-13T11:00:00Z,2026-08-13T13:00:00+0200,1172.0,MW,ES,ES,actual_onshore_wind_generation,Wind Onshore,2026-08-19T10:57:03Z
2026-08-19T10:47:00Z,2026-08-19T12:47:00+0200,e079ef81-c4ef-4643-8235-c8ef85358b45,2026-08-13T11:15:00Z,2026-08-13T13:15:00+0200,1288.0,MW,ES,ES,actual_onshore_wind_generation,Wind Onshore,2026-08-19T10:57:03Z
2026-08-19T10:47:00Z,2026-08-19T12:47:00+0200,e079ef81-c4ef-4643-8235-c8ef85358b45,2026-08-13T11:30:00Z,2026-08-13T13:30:00+0200,1372.0,MW,ES,ES,actual_onshore_wind_generation,Wind Onshore,2026-08-19T10:57:03Z
2026-08-19T10:47:00Z,2026-08-19T12:47:00+0200,e079ef81-c4ef-4643-8235-c8ef85358b45,2026-08-13T11:45:00Z,2026-08-13T13:45:00+0200,1512.0,MW,ES,ES,actual_onshore_wind_generation,Wind Onshore,2026-08-19T10:57:03Z
2026-08-19T10:47:00Z,2026-08-19T12:47:00+0200,e079ef81-c4ef-4643-8235-c8ef85358b45,2026-08-13T12:00:00Z,2026-08-13T14:00:00+0200,1616.0,MW,ES,ES,actual_onshore_wind_generation,Wind Onshore,2026-08-19T10:57:03Z
2026-08-19T10:47:00Z,2026-08-19T12:47:00+0200,e079ef81-c4ef-4643-8235-c8ef85358b45,2026-08-13T12:15:00Z,2026-08-13T14:15:00+0200,1648.0,MW,ES,ES,actual_onshore_wind_generation,Wind Onshore,2026-08-19T10:57:03Z
2026-08-19T10:47:00Z,2026-08-19T12:47:00+0200,e079ef81-c4ef-4643-8235-c8ef85358b45,2026-08-13T12:30:00Z,2026-08-13T14:30:00+0200,1752.0,MW,ES,ES,actual_onshore_wind_generation,Wind Onshore,2026-08-19T10:57:03Z
2026-08-19T10:47:00Z,2026-08-19T12:47:00+0200,e079ef81-c4ef-4643-8235-c8ef85358b45,2026-08-13T12:45:00Z,2026-08-13T14:45:00+0200,1820.0,MW,ES,ES,actual_onshore_wind_generation,Wind Onshore,2026-08-19T10:57:03Z
2026-08-19T10:47:00Z,2026-08-19T12:47:00+0200,e079ef81-c4ef-4643-8235-c8ef85358b45,2026-08-13T13:00:00Z,2026-08-13T15:00:00+0200,1892.0,MW,ES,ES,actual_onshore_wind_generation,Wind Onshore,2026-08-19T10:57:03Z
2026-08-19T10:47:00Z,2026-08-19T12:47:00+0200,e079ef81-c4ef-4643-8235-c8ef85358b45,2026-08-13T13:15:00Z,2026-08-13T15:15:00+0200,2028.0,MW,ES,ES,actual_onshore_wind_generation,Wind Onshore,2026-08-19T10:57:03Z
2026-08-19T10:47:00Z,2026-08-19T12:47:00+0200,e079ef81-c4ef-4643-8235-c8ef85358b45,2026-08-13T13:30:00Z,2026-08-13T15:30:00+0200,2104.0,MW,ES,ES,actual_onshore_wind_generation,Wind Onshore,2026-08-19T10:57:03Z
2026-08-19T10:47:00Z,2026-08-19T12:47:00+0200,e079ef81-c4ef-4643-8235-c8ef85358b45,2026-08-13T13:45:00Z,2026-08-13T15:45:00+0200,2280.0,MW,ES,ES,actual_onshore_wind_generation,Wind Onshore,2026-08-19T10:57:03Z
2026-08-19T10:47:00Z,2026-08-19T12:47:00+0200,e079ef81-c4ef-4643-8235-c8ef85358b45,2026-08-13T14:00:00Z,2026-08-13T16:00:00+0200,2332.0,MW,ES,ES,actual_onshore_wind_generation,Wind Onshore,2026-08-19T10:57:03Z
2026-08-19T10:47:00Z,2026-08-19T12:47:00+0200,e079ef81-c4ef-4643-8235-c8ef85358b45,2026-08-13T14:15:00Z,2026-08-13T16:15:00+0200,2384.0,MW,ES,ES,actual_onshore_wind_generation,Wind Onshore,2026-08-19T10:57:03Z
2026-08-19T10:47:00Z,2026-08-19T12:47:00+0200,e079ef81-c4ef-4643-8235-c8ef85358b45,2026-08-13T14:30:00Z,2026-08-13T16:30:00+0200,2524.0,MW,ES,ES,actual_onshore_wind_generation,Wind Onshore,2026-08-19T10:57:03Z
2026-08-19T10:47:00Z,2026-08-19T12:47:00+0200,e079ef81-c4ef-4643-8235-c8ef85358b45,2026-08-13T14:45:00Z,2026-08-13T16:45:00+0200,2636.0,MW,ES,ES,actual_onshore_wind_generation,Wind Onshore,2026-08-19T10:57:03Z
2026-08-19T10:47:00Z,2026-08-19T12:47:00+0200,e079ef81-c4ef-4643-8235-c8ef85358b45,2026-08-13T15:00:00Z,2026-08-13T17:00:00+0200,2852.0,MW,ES,ES,actual_onshore_wind_generation,Wind Onshore,2026-08-19T10:57:03Z
2026-08-19T10:47:00Z,2026-08-19T12:47:00+0200,e079ef81-c4ef-4643-8235-c8ef85358b45,2026-08-13T15:15:00Z,2026-08-13T17:15:00+0200,3032.0,MW,ES,ES,actual_onshore_wind_generation,Wind Onshore,2026-08-19T10:57:03Z
2026-08-19T10:47:00Z,2026-08-19T12:47:00+0200,e079ef81-c4ef-4643-8235-c8ef85358b45,2026-08-13T15:30:00Z,2026-08-13T17:30:00+0200,3184.0,MW,ES,ES,actual_onshore_wind_generation,Wind Onshore,2026-08-19T10:57:03Z
2026-08-19T10:47:00Z,2026-08-19T12:47:00+0200,e079ef81-c4ef-4643-8235-c8ef85358b45,2026-08-13T15:45:00Z,2026-08-13T17:45:00+0200,3296.0,MW,ES,ES,actual_onshore_wind_generation,Wind Onshore,2026-08-19T10:57:03Z
2026-08-19T10:47:00Z,2026-08-19T12:47:00+0200,e079ef81-c4ef-4643-8235-c8ef85358b45,2026-08-13T16:00:00Z,2026-08-13T18:00:00+0200,3608.0,MW,ES,ES,actual_onshore_wind_generation,Wind Onshore,2026-08-19T10:57:03Z
2026-08-19T10:47:00Z,2026-08-19T12:47:00+0200,e079ef81-c4ef-4643-8235-c8ef85358b45,2026-08-13T16:15:00Z,2026-08-13T18:15:00+0200,3984.0,MW,ES,ES,actual_onshore_wind_generation,Wind Onshore,2026-08-19T10:57:03Z
2026-08-19T10:47:00Z,2026-08-19T12:47:00+0200,e079ef81-c4ef-4643-8235-c8ef85358b45,2026-08-13T16:30:00Z,2026-08-13T18:30:00+0200,4160.0,MW,ES,ES,actual_onshore_wind_generation,Wind Onshore,2026-08-19T10:57:03Z
2026-08-19T10:47:00Z,2026-08-19T12:47:00+0200,e079ef81-c4ef-4643-8235-c8ef85358b45,2026-08-13T16:45:00Z,2026-08-13T18:45:00+0200,4360.0,MW,ES,ES,actual_onshore_wind_generation,Wind Onshore,2026-08-19T10:57:03Z
2026-08-19T10:47:00Z,2026-08-19T12:47:00+0200,e079ef81-c4ef-4643-8235-c8ef85358b45,2026-08-13T17:00:00Z,2026-08-13T19:00:00+0200,4748.0,MW,ES,ES,actual_onshore_wind_generation,Wind Onshore,2026-08-19T10:57:03Z
2026-08-19T10:47:00Z,2026-08-19T12:47:00+0200,e079ef81-c4ef-4643-8235-c8ef85358b45,2026-08-13T17:15:00Z,2026-08-13T19:15:00+0200,4984.0,MW,ES,ES,actual_onshore_wind_generation,Wind Onshore,2026-08-19T10:57:03Z
2026-08-19T10:47:00Z,2026-08-19T12:47:00+0200,e079ef81-c4ef-4643-8235-c8ef85358b45,2026-08-13T17:30:00Z,2026-08-13T19:30:00+0200,5156.0,MW,ES,ES,actual_onshore_wind_generation,Wind Onshore,2026-08-19T10:57:03Z
2026-08-19T10:47:00Z,2026-08-19T12:47:00+0200,e079ef81-c4ef-4643-8235-c8ef85358b45,2026-08-13T17:45:00Z,2026-08-13T19:45:00+0200,5204.0,MW,ES,ES,actual_onshore_wind_generation,Wind Onshore,2026-08-19T10:57:03Z
2026-08-19T10:47:00Z,2026-08-19T12:47:00+0200,e079ef81-c4ef-4643-8235-c8ef85358b45,2026-08-13T18:00:00Z,2026-08-13T20:00:00+0200,5400.0,MW,ES,ES,actual_onshore_wind_generation,Wind Onshore,2026-08-19T10:57:03Z
2026-08-19T10:47:00Z,2026-08-19T12:47:00+0200,e079ef81-c4ef-4643-8235-c8ef85358b45,2026-08-13T18:15:00Z,2026-08-13T20:15:00+0200,5316.0,MW,ES,ES,actual_onshore_wind_generation,Wind Onshore,2026-08-19T10:57:03Z
2026-08-19T10:47:00Z,2026-08-19T12:47:00+0200,e079ef81-c4ef-4643-8235-c8ef85358b45,2026-08-13T18:30:00Z,2026-08-13T20:30:00+0200,4980.0,MW,ES,ES,actual_onshore_wind_generation,Wind Onshore,2026-08-19T10:57:03Z
2026-08-19T10:47:00Z,2026-08-19T12:47:00+0200,e079ef81-c4ef-4643-8235-c8ef85358b45,2026-08-13T18:45:00Z,2026-08-13T20:45:00+0200,4604.0,MW,ES,ES,actual_onshore_wind_generation,Wind Onshore,2026-08-19T10:57:03Z
2026-08-19T10:47:00Z,2026-08-19T12:47:00+0200,e079ef81-c4ef-4643-8235-c8ef85358b45,2026-08-13T19:00:00Z,2026-08-13T21:00:00+0200,4512.0,MW,ES,ES,actual_onshore_wind_generation,Wind Onshore,2026-08-19T10:57:03Z
2026-08-19T10:47:00Z,2026-08-19T12:47:00+0200,e079ef81-c4ef-4643-8235-c8ef85358b45,2026-08-13T19:15:00Z,2026-08-13T21:15:00+0200,4712.0,MW,ES,ES,actual_onshore_wind_generation,Wind Onshore,2026-08-19T10:57:03Z
2026-08-19T10:47:00Z,2026-08-19T12:47:00+0200,e079ef81-c4ef-4643-8235-c8ef85358b45,2026-08-13T19:30:00Z,2026-08-13T21:30:00+0200,4852.0,MW,ES,ES,actual_onshore_wind_generation,Wind Onshore,2026-08-19T10:57:03Z
2026-08-19T10:47:00Z,2026-08-19T12:47:00+0200,e079ef81-c4ef-4643-8235-c8ef85358b45,2026-08-13T19:45:00Z,2026-08-13T21:45:00+0200,4736.0,MW,ES,ES,actual_onshore_wind_generation,Wind Onshore,2026-08-19T10:57:03Z
2026-08-19T10:47:00Z,2026-08-19T12:47:00+0200,e079ef81-c4ef-4643-8235-c8ef85358b45,2026-08-13T20:00:00Z,2026-08-13T22:00:00+0200,4792.0,MW,ES,ES,actual_onshore_wind_generation,Wind Onshore,2026-08-19T10:57:03Z
2026-08-19T10:47:00Z,2026-08-19T12:47:00+0200,e079ef81-c4ef-4643-8235-c8ef85358b45,2026-08-13T20:15:00Z,2026-08-13T22:15:00+0200,4816.0,MW,ES,ES,actual_onshore_wind_generation,Wind Onshore,2026-08-19T10:57:03Z
2026-08-19T10:47:00Z,2026-08-19T12:47:00+0200,e079ef81-c4ef-4643-8235-c8ef85358b45,2026-08-13T20:30:00Z,2026-08-13T22:30:00+0200,4868.0,MW,ES,ES,actual_onshore_wind_generation,Wind Onshore,2026-08-19T10:57:03Z
2026-08-19T10:47:00Z,2026-08-19T12:47:00+0200,e079ef81-c4ef-4643-8235-c8ef85358b45,2026-08-13T20:45:00Z,2026-08-13T22:45:00+0200,4764.0,MW,ES,ES,actual_onshore_wind_generation,Wind Onshore,2026-08-19T10:57:03Z
2026-08-19T10:47:00Z,2026-08-19T12:47:00+0200,e079ef81-c4ef-4643-8235-c8ef85358b45,2026-08-13T21:00:00Z,2026-08-13T23:00:00+0200,4736.0,MW,ES,ES,actual_onshore_wind_generation,Wind Onshore,2026-08-19T10:57:03Z
2026-08-19T10:47:00Z,2026-08-19T12:47:00+0200,e079ef81-c4ef-4643-8235-c8ef85358b45,2026-08-13T21:15:00Z,2026-08-13T23:15:00+0200,4720.0,MW,ES,ES,actual_onshore_wind_generation,Wind Onshore,2026-08-19T10:57:03Z
2026-08-19T10:47:00Z,2026-08-19T12:47:00+0200,e079ef81-c4ef-4643-8235-c8ef85358b45,2026-08-13T21:30:00Z,2026-08-13T23:30:00+0200,4656.0,MW,ES,ES,actual_onshore_wind_generation,Wind Onshore,2026-08-19T10:57:03Z
2026-08-19T10:47:00Z,2026-08-19T12:47:00+0200,e079ef81-c4ef-4643-8235-c8ef85358b45,2026-08-13T21:45:00Z,2026-08-13T23:45:00+0200,4468.0,MW,ES,ES,actual_onshore_wind_generation,Wind Onshore,2026-08-19T10:57:03Z
2026-08-19T10:47:00Z,2026-08-19T12:47:00+0200,e079ef81-c4ef-4643-8235-c8ef85358b45,2026-08-13T22:00:00Z,2026-08-14T00:00:00+0200,4288.0,MW,ES,ES,actual_onshore_wind_generation,Wind Onshore,2026-08-19T10:57:03Z
2026-08-19T10:47:00Z,2026-08-19T12:47:00+0200,e079ef81-c4ef-4643-8235-c8ef85358b45,2026-08-13T22:15:00Z,2026-08-14T00:15:00+0200,4392.0,MW,ES,ES,actual_onshore_wind_generation,Wind Onshore,2026-08-19T10:57:03Z
2026-08-19T10:47:00Z,2026-08-19T12:47:00+0200,e079ef81-c4ef-4643-8235-c8ef85358b45,2026-08-13T22:30:00Z,2026-08-14T00:30:00+0200,4376.0,MW,ES,ES,actual_onshore_wind_generation,Wind Onshore,2026-08-19T10:57:03Z
2026-08-19T10:47:00Z,2026-08-19T12:47:00+0200,e079ef81-c4ef-4643-8235-c8ef85358b45,2026-08-13T22:45:00Z,2026-08-14T00:45:00+0200,4212.0,MW,ES,ES,actual_onshore_wind_generation,Wind Onshore,2026-08-19T10:57:03Z
2026-08-19T10:47:00Z,2026-08-19T12:47:00+0200,e079ef81-c4ef-4643-8235-c8ef85358b45,2026-08-13T23:00:00Z,2026-08-14T01:00:00+0200,3872.0,MW,ES,ES,actual_onshore_wind_generation,Wind Onshore,2026-08-19T10:57:03Z
2026-08-19T10:47:00Z,2026-08-19T12:47:00+0200,e079ef81-c4ef-4643-8235-c8ef85358b45,2026-08-13T23:15:00Z,2026-08-14T01:15:00+0200,3476.0,MW,ES,ES,actual_onshore_wind_generation,Wind Onshore,2026-08-19T10:57:03Z
2026-08-19T10:47:00Z,2026-08-19T12:47:00+0200,e079ef81-c4ef-4643-8235-c8ef85358b45,2026-08-13T23:30:00Z,2026-08-14T01:30:00+0200,3200.0,MW,ES,ES,actual_onshore_wind_generation,Wind Onshore,2026-08-19T10:57:03Z
2026-08-19T10:47:00Z,2026-08-19T12:47:00+0200,e079ef81-c4ef-4643-8235-c8ef85358b45,2026-08-13T23:45:00Z,2026-08-14T01:45:00+0200,3048.0,MW,ES,ES,actual_onshore_wind_generation,Wind Onshore,2026-08-19T10:57:03Z
2026-08-19T10:47:00Z,2026-08-19T12:47:00+0200,e079ef81-c4ef-4643-8235-c8ef85358b45,2026-08-14T00:00:00Z,2026-08-14T02:00:00+0200,2980.0,MW,ES,ES,actual_onshore_wind_generation,Wind Onshore,2026-08-19T10:57:03Z
2026-08-19T10:47:00Z,2026-08-19T12:47:00+0200,e079ef81-c4ef-4643-8235-c8ef85358b45,2026-08-14T00:15:00Z,2026-08-14T02:15:00+0200,2972.0,MW,ES,ES,actual_onshore_wind_generation,Wind Onshore,2026-08-19T10:57:03Z
2026-08-19T10:47:00Z,2026-08-19T12:47:00+0200,e079ef81-c4ef-4643-8235-c8ef85358b45,2026-08-14T00:30:00Z,2026-08-14T02:30:00+0200,3100.0,MW,ES,ES,actual_onshore_wind_generation,Wind Onshore,2026-08-19T10:57:03Z
2026-08-19T10:47:00Z,2026-08-19T12:47:00+0200,e079ef81-c4ef-4643-8235-c8ef85358b45,2026-08-14T00:45:00Z,2026-08-14T02:45:00+0200,3112.0,MW,ES,ES,actual_onshore_wind_generation,Wind Onshore,2026-08-19T10:57:03Z
2026-08-19T10:47:00Z,2026-08-19T12:47:00+0200,e079ef81-c4ef-4643-8235-c8ef85358b45,2026-08-14T01:00:00Z,2026-08-14T03:00:00+0200,3064.0,MW,ES,ES,actual_onshore_wind_generation,Wind Onshore,2026-08-19T10:57:03Z
2026-08-19T10:47:00Z,2026-08-19T12:47:00+0200,e079ef81-c4ef-4643-8235-c8ef85358b45,2026-08-14T01:15:00Z,2026-08-14T03:15:00+0200,3012.0,MW,ES,ES,actual_onshore_wind_generation,Wind Onshore,2026-08-19T10:57:03Z
2026-08-19T10:47:00Z,2026-08-19T12:47:00+0200,e079ef81-c4ef-4643-8235-c8ef85358b45,2026-08-14T01:30:00Z,2026-08-14T03:30:00+0200,2996.0,MW,ES,ES,actual_onshore_wind_generation,Wind Onshore,2026-08-19T10:57:03Z
2026-08-19T10:47:00Z,2026-08-19T12:47:00+0200,e079ef81-c4ef-4643-8235-c8ef85358b45,2026-08-14T01:45:00Z,2026-08-14T03:45:00+0200,2948.0,MW,ES,ES,actual_onshore_wind_generation,Wind Onshore,2026-08-19T10:57:03Z
2026-08-19T10:47:00Z,2026-08-19T12:47:00+0200,e079ef81-c4ef-4643-8235-c8ef85358b45,2026-08-14T02:00:00Z,2026-08-14T04:00:00+0200,2912.0,MW,ES,ES,actual_onshore_wind_generation,Wind Onshore,2026-08-19T10:57:03Z
2026-08-19T10:47:00Z,2026-08-19T12:47:00+0200,e079ef81-c4ef-4643-8235-c8ef85358b45,2026-08-14T02:15:00Z,2026-08-14T04:15:00+0200,2876.0,MW,ES,ES,actual_onshore_wind_generation,Wind Onshore,2026-08-19T10:57:03Z
2026-08-19T10:47:00Z,2026-08-19T12:47:00+0200,e079ef81-c4ef-4643-8235-c8ef85358b45,2026-08-14T02:30:00Z,2026-08-14T04:30:00+0200,2816.0,MW,ES,ES,actual_onshore_wind_generation,Wind Onshore,2026-08-19T10:57:03Z
2026-08-19T10:47:00Z,2026-08-19T12:47:00+0200,e079ef81-c4ef-4643-8235-c8ef85358b45,2026-08-14T02:45:00Z,2026-08-14T04:45:00+0200,2684.0,MW,ES,ES,actual_onshore_wind_generation,Wind Onshore,2026-08-19T10:57:03Z
2026-08-19T10:47:00Z,2026-08-19T12:47:00+0200,e079ef81-c4ef-4643-8235-c8ef85358b45,2026-08-14T03:00:00Z,2026-08-14T05:00:00+0200,2600.0,MW,ES,ES,actual_onshore_wind_generation,Wind Onshore,2026-08-19T10:57:03Z
2026-08-19T10:47:00Z,2026-08-19T12:47:00+0200,e079ef81-c4ef-4643-8235-c8ef85358b45,2026-08-14T03:15:00Z,2026-08-14T05:15:00+0200,2548.0,MW,ES,ES,actual_onshore_wind_generation,Wind Onshore,2026-08-19T10:57:03Z
2026-08-19T10:47:00Z,2026-08-19T12:47:00+0200,e079ef81-c4ef-4643-8235-c8ef85358b45,2026-08-14T03:30:00Z,2026-08-14T05:30:00+0200,2436.0,MW,ES,ES,actual_onshore_wind_generation,Wind Onshore,2026-08-19T10:57:03Z
2026-08-19T10:47:00Z,2026-08-19T12:47:00+0200,e079ef81-c4ef-4643-8235-c8ef85358b45,2026-08-14T03:45:00Z,2026-08-14T05:45:00+0200,2384.0,MW,ES,ES,actual_onshore_wind_generation,Wind Onshore,2026-08-19T10:57:03Z
2026-08-19T10:47:00Z,2026-08-19T12:47:00+0200,e079ef81-c4ef-4643-8235-c8ef85358b45,2026-08-14T04:00:00Z,2026-08-14T06:00:00+0200,2372.0,MW,ES,ES,actual_onshore_wind_generation,Wind Onshore,2026-08-19T10:57:03Z
2026-08-19T10:47:00Z,2026-08-19T12:47:00+0200,e079ef81-c4ef-4643-8235-c8ef85358b45,2026-08-14T04:15:00Z,2026-08-14T06:15:00+0200,2300.0,MW,ES,ES,actual_onshore_wind_generation,Wind Onshore,2026-08-19T10:57:03Z
2026-08-19T10:47:00Z,2026-08-19T12:47:00+0200,e079ef81-c4ef-4643-8235-c8ef85358b45,2026-08-14T04:30:00Z,2026-08-14T06:30:00+0200,2176.0,MW,ES,ES,actual_onshore_wind_generation,Wind Onshore,2026-08-19T10:57:03Z
2026-08-19T10:47:00Z,2026-08-19T12:47:00+0200,e079ef81-c4ef-4643-8235-c8ef85358b45,2026-08-14T04:45:00Z,2026-08-14T06:45:00+0200,2128.0,MW,ES,ES,actual_onshore_wind_generation,Wind Onshore,2026-08-19T10:57:03Z
2026-08-19T10:47:00Z,2026-08-19T12:47:00+0200,e079ef81-c4ef-4643-8235-c8ef85358b45,2026-08-14T05:00:00Z,2026-08-14T07:00:00+0200,2108.0,MW,ES,ES,actual_onshore_wind_generation,Wind Onshore,2026-08-19T10:57:03Z
2026-08-19T10:47:00Z,2026-08-19T12:47:00+0200,e079ef81-c4ef-4643-8235-c8ef85358b45,2026-08-14T05:15:00Z,2026-08-14T07:15:00+0200,2044.0,MW,ES,ES,actual_onshore_wind_generation,Wind Onshore,2026-08-19T10:57:03Z
2026-08-19T10:47:00Z,2026-08-19T12:47:00+0200,e079ef81-c4ef-4643-8235-c8ef85358b45,2026-08-14T05:30:00Z,2026-08-14T07:30:00+0200,2024.0,MW,ES,ES,actual_onshore_wind_generation,Wind Onshore,2026-08-19T10:57:03Z
2026-08-19T10:47:00Z,2026-08-19T12:47:00+0200,e079ef81-c4ef-4643-8235-c8ef85358b45,2026-08-14T05:45:00Z,2026-08-14T07:45:00+0200,1964.0,MW,ES,ES,actual_onshore_wind_generation,Wind Onshore,2026-08-19T10:57:03Z
2026-08-19T10:47:00Z,2026-08-19T12:47:00+0200,e079ef81-c4ef-4643-8235-c8ef85358b45,2026-08-14T06:00:00Z,2026-08-14T08:00:00+0200,1868.0,MW,ES,ES,actual_onshore_wind_generation,Wind Onshore,2026-08-19T10:57:03Z
2026-08-19T10:47:00Z,2026-08-19T12:47:00+0200,e079ef81-c4ef-4643-8235-c8ef85358b45,2026-08-14T06:15:00Z,2026-08-14T08:15:00+0200,1840.0,MW,ES,ES,actual_onshore_wind_generation,Wind Onshore,2026-08-19T10:57:03Z
2026-08-19T10:47:00Z,2026-08-19T12:47:00+0200,e079ef81-c4ef-4643-8235-c8ef85358b45,2026-08-14T06:30:00Z,2026-08-14T08:30:00+0200,1760.0,MW,ES,ES,actual_onshore_wind_generation,Wind Onshore,2026-08-19T10:57:03Z
2026-08-19T10:47:00Z,2026-08-19T12:47:00+0200,e079ef81-c4ef-4643-8235-c8ef85358b45,2026-08-14T06:45:00Z,2026-08-14T08:45:00+0200,1664.0,MW,ES,ES,actual_onshore_wind_generation,Wind Onshore,2026-08-19T10:57:03Z
2026-08-19T10:47:00Z,2026-08-19T12:47:00+0200,e079ef81-c4ef-4643-8235-c8ef85358b45,2026-08-14T07:00:00Z,2026-08-14T09:00:00+0200,1544.0,MW,ES,ES,actual_onshore_wind_generation,Wind Onshore,2026-08-19T10:57:03Z
2026-08-19T10:47:00Z,2026-08-19T12:47:00+0200,e079ef81-c4ef-4643-8235-c8ef85358b45,2026-08-14T07:15:00Z,2026-08-14T09:15:00+0200,1412.0,MW,ES,ES,actual_onshore_wind_generation,Wind Onshore,2026-08-19T10:57:03Z
2026-08-19T10:47:00Z,2026-08-19T12:47:00+0200,e079ef81-c4ef-4643-8235-c8ef85358b45,2026-08-14T07:30:00Z,2026-08-14T09:30:00+0200,1332.0,MW,ES,ES,actual_onshore_wind_generation,Wind Onshore,2026-08-19T10:57:03Z
2026-08-19T10:47:00Z,2026-08-19T12:47:00+0200,e079ef81-c4ef-4643-8235-c8ef85358b45,2026-08-14T07:45:00Z,2026-08-14T09:45:00+0200,1260.0,MW,ES,ES,actual_onshore_wind_generation,Wind Onshore,2026-08-19T10:57:03Z
2026-08-19T10:47:00Z,2026-08-19T12:47:00+0200,e079ef81-c4ef-4643-8235-c8ef85358b45,2026-08-14T08:00:00Z,2026-08-14T10:00:00+0200,1204.0,MW,ES,ES,actual_onshore_wind_generation,Wind Onshore,2026-08-19T10:57:03Z
2026-08-19T10:47:00Z,2026-08-19T12:47:00+0200,e079ef81-c4ef-4643-8235-c8ef85358b45,2026-08-14T08:15:00Z,2026-08-14T10:15:00+0200,1172.0,MW,ES,ES,actual_onshore_wind_generation,Wind Onshore,2026-08-19T10:57:03Z
2026-08-19T10:47:00Z,2026-08-19T12:47:00+0200,e079ef81-c4ef-4643-8235-c8ef85358b45,2026-08-14T08:30:00Z,2026-08-14T10:30:00+0200,1208.0,MW,ES,ES,actual_onshore_wind_generation,Wind Onshore,2026-08-19T10:57:03Z
2026-08-19T10:47:00Z,2026-08-19T12:47:00+0200,e079ef81-c4ef-4643-8235-c8ef85358b45,2026-08-14T08:45:00Z,2026-08-14T10:45:00+0200,1260.0,MW,ES,ES,actual_onshore_wind_generation,Wind Onshore,2026-08-19T10:57:03Z
2026-08-19T10:47:00Z,2026-08-19T12:47:00+0200,e079ef81-c4ef-4643-8235-c8ef85358b45,2026-08-14T09:00:00Z,2026-08-14T11:00:00+0200,1248.0,MW,ES,ES,actual_onshore_wind_generation,Wind Onshore,2026-08-19T10:57:03Z
2026-08-19T10:47:00Z,2026-08-19T12:47:00+0200,e079ef81-c4ef-4643-8235-c8ef85358b45,2026-08-14T09:15:00Z,2026-08-14T11:15:00+0200,1224.0,MW,ES,ES,actual_onshore_wind_generation,Wind Onshore,2026-08-19T10:57:03Z
2026-08-19T10:47:00Z,2026-08-19T12:47:00+0200,e079ef81-c4ef-4643-8235-c8ef85358b45,2026-08-14T09:30:00Z,2026-08-14T11:30:00+0200,1236.0,MW,ES,ES,actual_onshore_wind_generation,Wind Onshore,2026-08-19T10:57:03Z
2026-08-19T10:47:00Z,2026-08-19T12:47:00+0200,e079ef81-c4ef-4643-8235-c8ef85358b45,2026-08-14T09:45:00Z,2026-08-14T11:45:00+0200,1256.0,MW,ES,ES,actual_onshore_wind_generation,Wind Onshore,2026-08-19T10:57:03Z
2026-08-19T10:47:00Z,2026-08-19T12:47:00+0200,e079ef81-c4ef-4643-8235-c8ef85358b45,2026-08-14T10:00:00Z,2026-08-14T12:00:00+0200,1348.0,MW,ES,ES,actual_onshore_wind_generation,Wind Onshore,2026-08-19T10:57:03Z
2026-08-19T10:47:00Z,2026-08-19T12:47:00+0200,e079ef81-c4ef-4643-8235-c8ef85358b45,2026-08-14T10:15:00Z,2026-08-14T12:15:00+0200,1448.0,MW,ES,ES,actual_onshore_wind_generation,Wind Onshore,2026-08-19T10:57:03Z
2026-08-19T10:47:00Z,2026-08-19T12:47:00+0200,e079ef81-c4ef-4643-8235-c8ef85358b45,2026-08-14T10:30:00Z,2026-08-14T12:30:00+0200,1396.0,MW,ES,ES,actual_onshore_wind_generation,Wind Onshore,2026-08-19T10:57:03Z
2026-08-19T10:47:00Z,2026-08-19T12:47:00+0200,e079ef81-c4ef-4643-8235-c8ef85358b45,2026-08-14T10:45:00Z,2026-08-14T12:45:00+0200,1364.0,MW,ES,ES,actual_onshore_wind_generation,Wind Onshore,2026-08-19T10:57:03Z
2026-08-19T10:47:00Z,2026-08-19T12:47:00+0200,e079ef81-c4ef-4643-8235-c8ef85358b45,2026-08-14T11:00:00Z,2026-08-14T13:00:00+0200,1444.0,MW,ES,ES,actual_onshore_wind_generation,Wind Onshore,2026-08-19T10:57:03Z
2026-08-19T10:47:00Z,2026-08-19T12:47:00+0200,e079ef81-c4ef-4643-8235-c8ef85358b45,2026-08-14T11:15:00Z,2026-08-14T13:15:00+0200,1504.0,MW,ES,ES,actual_onshore_wind_generation,Wind Onshore,2026-08-19T10:57:03Z
2026-08-19T10:47:00Z,2026-08-19T12:47:00+0200,e079ef81-c4ef-4643-8235-c8ef85358b45,2026-08-14T11:30:00Z,2026-08-14T13:30:00+0200,1580.0,MW,ES,ES,actual_onshore_wind_generation,Wind Onshore,2026-08-19T10:57:03Z
2026-08-19T10:47:00Z,2026-08-19T12:47:00+0200,e079ef81-c4ef-4643-8235-c8ef85358b45,2026-08-14T11:45:00Z,2026-08-14T13:45:00+0200,1688.0,MW,ES,ES,actual_onshore_wind_generation,Wind Onshore,2026-08-19T10:57:03Z
2026-08-19T10:47:00Z,2026-08-19T12:47:00+0200,e079ef81-c4ef-4643-8235-c8ef85358b45,2026-08-14T12:00:00Z,2026-08-14T14:00:00+0200,2028.0,MW,ES,ES,actual_onshore_wind_generation,Wind Onshore,2026-08-19T10:57:03Z
2026-08-19T10:47:00Z,2026-08-19T12:47:00+0200,e079ef81-c4ef-4643-8235-c8ef85358b45,2026-08-14T12:15:00Z,2026-08-14T14:15:00+0200,2224.0,MW,ES,ES,actual_onshore_wind_generation,Wind Onshore,2026-08-19T10:57:03Z
2026-08-19T10:47:00Z,2026-08-19T12:47:00+0200,e079ef81-c4ef-4643-8235-c8ef85358b45,2026-08-14T12:30:00Z,2026-08-14T14:30:00+0200,2528.0,MW,ES,ES,actual_onshore_wind_generation,Wind Onshore,2026-08-19T10:57:03Z
2026-08-19T10:47:00Z,2026-08-19T12:47:00+0200,e079ef81-c4ef-4643-8235-c8ef85358b45,2026-08-14T12:45:00Z,2026-08-14T14:45:00+0200,2708.0,MW,ES,ES,actual_onshore_wind_generation,Wind Onshore,2026-08-19T10:57:03Z
2026-08-19T10:47:00Z,2026-08-19T12:47:00+0200,e079ef81-c4ef-4643-8235-c8ef85358b45,2026-08-14T13:00:00Z,2026-08-14T15:00:00+0200,2832.0,MW,ES,ES,actual_onshore_wind_generation,Wind Onshore,2026-08-19T10:57:03Z
2026-08-19T10:47:00Z,2026-08-19T12:47:00+0200,e079ef81-c4ef-4643-8235-c8ef85358b45,2026-08-14T13:15:00Z,2026-08-14T15:15:00+0200,3008.0,MW,ES,ES,actual_onshore_wind_generation,Wind Onshore,2026-08-19T10:57:03Z
2026-08-19T10:47:00Z,2026-08-19T12:47:00+0200,e079ef81-c4ef-4643-8235-c8ef85358b45,2026-08-14T13:30:00Z,2026-08-14T15:30:00+0200,3340.0,MW,ES,ES,actual_onshore_wind_generation,Wind Onshore,2026-08-19T10:57:03Z
2026-08-19T10:47:00Z,2026-08-19T12:47:00+0200,e079ef81-c4ef-4643-8235-c8ef85358b45,2026-08-14T13:45:00Z,2026-08-14T15:45:00+0200,3620.0,MW,ES,ES,actual_onshore_wind_generation,Wind Onshore,2026-08-19T10:57:03Z
2026-08-19T10:47:00Z,2026-08-19T12:47:00+0200,e079ef81-c4ef-4643-8235-c8ef85358b45,2026-08-14T14:00:00Z,2026-08-14T16:00:00+0200,4092.0,MW,ES,ES,actual_onshore_wind_generation,Wind Onshore,2026-08-19T10:57:03Z
2026-08-19T10:47:00Z,2026-08-19T12:47:00+0200,e079ef81-c4ef-4643-8235-c8ef85358b45,2026-08-14T14:15:00Z,2026-08-14T16:15:00+0200,4556.0,MW,ES,ES,actual_onshore_wind_generation,Wind Onshore,2026-08-19T10:57:03Z
2026-08-19T10:47:00Z,2026-08-19T12:47:00+0200,e079ef81-c4ef-4643-8235-c8ef85358b45,2026-08-14T14:30:00Z,2026-08-14T16:30:00+0200,5036.0,MW,ES,ES,actual_onshore_wind_generation,Wind Onshore,2026-08-19T10:57:03Z
2026-08-19T10:47:00Z,2026-08-19T12:47:00+0200,e079ef81-c4ef-4643-8235-c8ef85358b45,2026-08-14T14:45:00Z,2026-08-14T16:45:00+0200,5480.0,MW,ES,ES,actual_onshore_wind_generation,Wind Onshore,2026-08-19T10:57:03Z
2026-08-19T10:47:00Z,2026-08-19T12:47:00+0200,e079ef81-c4ef-4643-8235-c8ef85358b45,2026-08-14T15:00:00Z,2026-08-14T17:00:00+0200,5492.0,MW,ES,ES,actual_onshore_wind_generation,Wind Onshore,2026-08-19T10:57:03Z
2026-08-19T10:47:00Z,2026-08-19T12:47:00+0200,e079ef81-c4ef-4643-8235-c8ef85358b45,2026-08-14T15:15:00Z,2026-08-14T17:15:00+0200,5964.0,MW,ES,ES,actual_onshore_wind_generation,Wind Onshore,2026-08-19T10:57:03Z
2026-08-19T10:47:00Z,2026-08-19T12:47:00+0200,e079ef81-c4ef-4643-8235-c8ef85358b45,2026-08-14T15:30:00Z,2026-08-14T17:30:00+0200,6368.0,MW,ES,ES,actual_onshore_wind_generation,Wind Onshore,2026-08-19T10:57:03Z
2026-08-19T10:47:00Z,2026-08-19T12:47:00+0200,e079ef81-c4ef-4643-8235-c8ef85358b45,2026-08-14T15:45:00Z,2026-08-14T17:45:00+0200,6376.0,MW,ES,ES,actual_onshore_wind_generation,Wind Onshore,2026-08-19T10:57:03Z
2026-08-19T10:47:00Z,2026-08-19T12:47:00+0200,e079ef81-c4ef-4643-8235-c8ef85358b45,2026-08-14T16:00:00Z,2026-08-14T18:00:00+0200,6900.0,MW,ES,ES,actual_onshore_wind_generation,Wind Onshore,2026-08-19T10:57:03Z
2026-08-19T10:47:00Z,2026-08-19T12:47:00+0200,e079ef81-c4ef-4643-8235-c8ef85358b45,2026-08-14T16:15:00Z,2026-08-14T18:15:00+0200,7528.0,MW,ES,ES,actual_onshore_wind_generation,Wind Onshore,2026-08-19T10:57:03Z
2026-08-19T10:47:00Z,2026-08-19T12:47:00+0200,e079ef81-c4ef-4643-8235-c8ef85358b45,2026-08-14T16:30:00Z,2026-08-14T18:30:00+0200,7984.0,MW,ES,ES,actual_onshore_wind_generation,Wind Onshore,2026-08-19T10:57:03Z
2026-08-19T10:47:00Z,2026-08-19T12:47:00+0200,e079ef81-c4ef-4643-8235-c8ef85358b45,2026-08-14T16:45:00Z,2026-08-14T18:45:00+0200,8028.0,MW,ES,ES,actual_onshore_wind_generation,Wind Onshore,2026-08-19T10:57:03Z
2026-08-19T10:47:00Z,2026-08-19T12:47:00+0200,e079ef81-c4ef-4643-8235-c8ef85358b45,2026-08-14T17:00:00Z,2026-08-14T19:00:00+0200,8596.0,MW,ES,ES,actual_onshore_wind_generation,Wind Onshore,2026-08-19T10:57:03Z
2026-08-19T10:47:00Z,2026-08-19T12:47:00+0200,e079ef81-c4ef-4643-8235-c8ef85358b45,2026-08-14T17:15:00Z,2026-08-14T19:15:00+0200,9076.0,MW,ES,ES,actual_onshore_wind_generation,Wind Onshore,2026-08-19T10:57:03Z
2026-08-19T10:47:00Z,2026-08-19T12:47:00+0200,e079ef81-c4ef-4643-8235-c8ef85358b45,2026-08-14T17:30:00Z,2026-08-14T19:30:00+0200,8948.0,MW,ES,ES,actual_onshore_wind_generation,Wind Onshore,2026-08-19T10:57:03Z
2026-08-19T10:47:00Z,2026-08-19T12:47:00+0200,e079ef81-c4ef-4643-8235-c8ef85358b45,2026-08-14T17:45:00Z,2026-08-14T19:45:00+0200,8364.0,MW,ES,ES,actual_onshore_wind_generation,Wind Onshore,2026-08-19T10:57:03Z
2026-08-19T10:47:00Z,2026-08-19T12:47:00+0200,e079ef81-c4ef-4643-8235-c8ef85358b45,2026-08-14T18:00:00Z,2026-08-14T20:00:00+0200,8140.0,MW,ES,ES,actual_onshore_wind_generation,Wind Onshore,2026-08-19T10:57:03Z
2026-08-19T10:47:00Z,2026-08-19T12:47:00+0200,e079ef81-c4ef-4643-8235-c8ef85358b45,2026-08-14T18:15:00Z,2026-08-14T20:15:00+0200,7648.0,MW,ES,ES,actual_onshore_wind_generation,Wind Onshore,2026-08-19T10:57:03Z
2026-08-19T10:47:00Z,2026-08-19T12:47:00+0200,e079ef81-c4ef-4643-8235-c8ef85358b45,2026-08-14T18:30:00Z,2026-08-14T20:30:00+0200,6924.0,MW,ES,ES,actual_onshore_wind_generation,Wind Onshore,2026-08-19T10:57:03Z
2026-08-19T10:47:00Z,2026-08-19T12:47:00+0200,e079ef81-c4ef-4643-8235-c8ef85358b45,2026-08-14T18:45:00Z,2026-08-14T20:45:00+0200,6668.0,MW,ES,ES,actual_onshore_wind_generation,Wind Onshore,2026-08-19T10:57:03Z
2026-08-19T10:47:00Z,2026-08-19T12:47:00+0200,e079ef81-c4ef-4643-8235-c8ef85358b45,2026-08-14T19:00:00Z,2026-08-14T21:00:00+0200,6816.0,MW,ES,ES,actual_onshore_wind_generation,Wind Onshore,2026-08-19T10:57:03Z
2026-08-19T10:47:00Z,2026-08-19T12:47:00+0200,e079ef81-c4ef-4643-8235-c8ef85358b45,2026-08-14T19:15:00Z,2026-08-14T21:15:00+0200,7204.0,MW,ES,ES,actual_onshore_wind_generation,Wind Onshore,2026-08-19T10:57:03Z
2026-08-19T10:47:00Z,2026-08-19T12:47:00+0200,e079ef81-c4ef-4643-8235-c8ef85358b45,2026-08-14T19:30:00Z,2026-08-14T21:30:00+0200,7352.0,MW,ES,ES,actual_onshore_wind_generation,Wind Onshore,2026-08-19T10:57:03Z
2026-08-19T10:47:00Z,2026-08-19T12:47:00+0200,e079ef81-c4ef-4643-8235-c8ef85358b45,2026-08-14T19:45:00Z,2026-08-14T21:45:00+0200,7336.0,MW,ES,ES,actual_onshore_wind_generation,Wind Onshore,2026-08-19T10:57:03Z
2026-08-19T10:47:00Z,2026-08-19T12:47:00+0200,e079ef81-c4ef-4643-8235-c8ef85358b45,2026-08-14T20:00:00Z,2026-08-14T22:00:00+0200,7204.0,MW,ES,ES,actual_onshore_wind_generation,Wind Onshore,2026-08-19T10:57:03Z
2026-08-19T10:47:00Z,2026-08-19T12:47:00+0200,e079ef81-c4ef-4643-8235-c8ef85358b45,2026-08-14T20:15:00Z,2026-08-14T22:15:00+0200,7116.0,MW,ES,ES,actual_onshore_wind_generation,Wind Onshore,2026-08-19T10:57:03Z
2026-08-19T10:47:00Z,2026-08-19T12:47:00+0200,e079ef81-c4ef-4643-8235-c8ef85358b45,2026-08-14T20:30:00Z,2026-08-14T22:30:00+0200,7300.0,MW,ES,ES,actual_onshore_wind_generation,Wind Onshore,2026-08-19T10:57:03Z
2026-08-19T10:47:00Z,2026-08-19T12:47:00+0200,e079ef81-c4ef-4643-8235-c8ef85358b45,2026-08-14T20:45:00Z,2026-08-14T22:45:00+0200,7264.0,MW,ES,ES,actual_onshore_wind_generation,Wind Onshore,2026-08-19T10:57:03Z
2026-08-19T10:47:00Z,2026-08-19T12:47:00+0200,e079ef81-c4ef-4643-8235-c8ef85358b45,2026-08-14T21:00:00Z,2026-08-14T23:00:00+0200,6944.0,MW,ES,ES,actual_onshore_wind_generation,Wind Onshore,2026-08-19T10:57:03Z
2026-08-19T10:47:00Z,2026-08-19T12:47:00+0200,e079ef81-c4ef-4643-8235-c8ef85358b45,2026-08-14T21:15:00Z,2026-08-14T23:15:00+0200,6540.0,MW,ES,ES,actual_onshore_wind_generation,Wind Onshore,2026-08-19T10:57:03Z
2026-08-19T10:47:00Z,2026-08-19T12:47:00+0200,e079ef81-c4ef-4643-8235-c8ef85358b45,2026-08-14T21:30:00Z,2026-08-14T23:30:00+0200,6276.0,MW,ES,ES,actual_onshore_wind_generation,Wind Onshore,2026-08-19T10:57:03Z
2026-08-19T10:47:00Z,2026-08-19T12:47:00+0200,e079ef81-c4ef-4643-8235-c8ef85358b45,2026-08-14T21:45:00Z,2026-08-14T23:45:00+0200,6064.0,MW,ES,ES,actual_onshore_wind_generation,Wind Onshore,2026-08-19T10:57:03Z
2026-08-19T10:47:00Z,2026-08-19T12:47:00+0200,e079ef81-c4ef-4643-8235-c8ef85358b45,2026-08-14T22:00:00Z,2026-08-15T00:00:00+0200,5768.0,MW,ES,ES,actual_onshore_wind_generation,Wind Onshore,2026-08-19T10:57:03Z
2026-08-19T10:47:00Z,2026-08-19T12:47:00+0200,e079ef81-c4ef-4643-8235-c8ef85358b45,2026-08-14T22:15:00Z,2026-08-15T00:15:00+0200,5348.0,MW,ES,ES,actual_onshore_wind_generation,Wind Onshore,2026-08-19T10:57:03Z
2026-08-19T10:47:00Z,2026-08-19T12:47:00+0200,e079ef81-c4ef-4643-8235-c8ef85358b45,2026-08-14T22:30:00Z,2026-08-15T00:30:00+0200,5224.0,MW,ES,ES,actual_onshore_wind_generation,Wind Onshore,2026-08-19T10:57:03Z
2026-08-19T10:47:00Z,2026-08-19T12:47:00+0200,e079ef81-c4ef-4643-8235-c8ef85358b45,2026-08-14T22:45:00Z,2026-08-15T00:45:00+0200,5292.0,MW,ES,ES,actual_onshore_wind_generation,Wind Onshore,2026-08-19T10:57:03Z
2026-08-19T10:47:00Z,2026-08-19T12:47:00+0200,e079ef81-c4ef-4643-8235-c8ef85358b45,2026-08-14T23:00:00Z,2026-08-15T01:00:00+0200,5336.0,MW,ES,ES,actual_onshore_wind_generation,Wind Onshore,2026-08-19T10:57:03Z
2026-08-19T10:47:00Z,2026-08-19T12:47:00+0200,e079ef81-c4ef-4643-8235-c8ef85358b45,2026-08-14T23:15:00Z,2026-08-15T01:15:00+0200,5432.0,MW,ES,ES,actual_onshore_wind_generation,Wind Onshore,2026-08-19T10:57:03Z
2026-08-19T10:47:00Z,2026-08-19T12:47:00+0200,e079ef81-c4ef-4643-8235-c8ef85358b45,2026-08-14T23:30:00Z,2026-08-15T01:30:00+0200,5412.0,MW,ES,ES,actual_onshore_wind_generation,Wind Onshore,2026-08-19T10:57:03Z
2026-08-19T10:47:00Z,2026-08-19T12:47:00+0200,e079ef81-c4ef-4643-8235-c8ef85358b45,2026-08-14T23:45:00Z,2026-08-15T01:45:00+0200,5328.0,MW,ES,ES,actual_onshore_wind_generation,Wind Onshore,2026-08-19T10:57:03Z
2026-08-19T10:47:00Z,2026-08-19T12:47:00+0200,e079ef81-c4ef-4643-8235-c8ef85358b45,2026-08-15T00:00:00Z,2026-08-15T02:00:00+0200,5152.0,MW,ES,ES,actual_onshore_wind_generation,Wind Onshore,2026-08-19T10:57:03Z
2026-08-19T10:47:00Z,2026-08-19T12:47:00+0200,e079ef81-c4ef-4643-8235-c8ef85358b45,2026-08-15T00:15:00Z,2026-08-15T02:15:00+0200,5092.0,MW,ES,ES,actual_onshore_wind_generation,Wind Onshore,2026-08-19T10:57:03Z
2026-08-19T10:47:00Z,2026-08-19T12:47:00+0200,e079ef81-c4ef-4643-8235-c8ef85358b45,2026-08-15T00:30:00Z,2026-08-15T02:30:00+0200,4996.0,MW,ES,ES,actual_onshore_wind_generation,Wind Onshore,2026-08-19T10:57:03Z
2026-08-19T10:47:00Z,2026-08-19T12:47:00+0200,e079ef81-c4ef-4643-8235-c8ef85358b45,2026-08-15T00:45:00Z,2026-08-15T02:45:00+0200,4844.0,MW,ES,ES,actual_onshore_wind_generation,Wind Onshore,2026-08-19T10:57:03Z
2026-08-19T10:47:00Z,2026-08-19T12:47:00+0200,e079ef81-c4ef-4643-8235-c8ef85358b45,2026-08-15T01:00:00Z,2026-08-15T03:00:00+0200,4660.0,MW,ES,ES,actual_onshore_wind_generation,Wind Onshore,2026-08-19T10:57:03Z
2026-08-19T10:47:00Z,2026-08-19T12:47:00+0200,e079ef81-c4ef-4643-8235-c8ef85358b45,2026-08-15T01:15:00Z,2026-08-15T03:15:00+0200,4676.0,MW,ES,ES,actual_onshore_wind_generation,Wind Onshore,2026-08-19T10:57:03Z
2026-08-19T10:47:00Z,2026-08-19T12:47:00+0200,e079ef81-c4ef-4643-8235-c8ef85358b45,2026-08-15T01:30:00Z,2026-08-15T03:30:00+0200,4676.0,MW,ES,ES,actual_onshore_wind_generation,Wind Onshore,2026-08-19T10:57:03Z
2026-08-19T10:47:00Z,2026-08-19T12:47:00+0200,e079ef81-c4ef-4643-8235-c8ef85358b45,2026-08-15T01:45:00Z,2026-08-15T03:45:00+0200,4728.0,MW,ES,ES,actual_onshore_wind_generation,Wind Onshore,2026-08-19T10:57:03Z
2026-08-19T10:47:00Z,2026-08-19T12:47:00+0200,e079ef81-c4ef-4643-8235-c8ef85358b45,2026-08-15T02:00:00Z,2026-08-15T04:00:00+0200,4848.0,MW,ES,ES,actual_onshore_wind_generation,Wind Onshore,2026-08-19T10:57:03Z
2026-08-19T10:47:00Z,2026-08-19T12:47:00+0200,e079ef81-c4ef-4643-8235-c8ef85358b45,2026-08-15T02:15:00Z,2026-08-15T04:15:00+0200,4856.0,MW,ES,ES,actual_onshore_wind_generation,Wind Onshore,2026-08-19T10:57:03Z
2026-08-19T10:47:00Z,2026-08-19T12:47:00+0200,e079ef81-c4ef-4643-8235-c8ef85358b45,2026-08-15T02:30:00Z,2026-08-15T04:30:00+0200,4872.0,MW,ES,ES,actual_onshore_wind_generation,Wind Onshore,2026-08-19T10:57:03Z
2026-08-19T10:47:00Z,2026-08-19T12:47:00+0200,e079ef81-c4ef-4643-8235-c8ef85358b45,2026-08-15T02:45:00Z,2026-08-15T04:45:00+0200,4924.0,MW,ES,ES,actual_onshore_wind_generation,Wind Onshore,2026-08-19T10:57:03Z
2026-08-19T10:47:00Z,2026-08-19T12:47:00+0200,e079ef81-c4ef-4643-8235-c8ef85358b45,2026-08-15T03:00:00Z,2026-08-15T05:00:00+0200,4972.0,MW,ES,ES,actual_onshore_wind_generation,Wind Onshore,2026-08-19T10:57:03Z
2026-08-19T10:47:00Z,2026-08-19T12:47:00+0200,e079ef81-c4ef-4643-8235-c8ef85358b45,2026-08-15T03:15:00Z,2026-08-15T05:15:00+0200,5064.0,MW,ES,ES,actual_onshore_wind_generation,Wind Onshore,2026-08-19T10:57:03Z
2026-08-19T10:47:00Z,2026-08-19T12:47:00+0200,e079ef81-c4ef-4643-8235-c8ef85358b45,2026-08-15T03:30:00Z,2026-08-15T05:30:00+0200,5160.0,MW,ES,ES,actual_onshore_wind_generation,Wind Onshore,2026-08-19T10:57:03Z
2026-08-19T10:47:00Z,2026-08-19T12:47:00+0200,e079ef81-c4ef-4643-8235-c8ef85358b45,2026-08-15T03:45:00Z,2026-08-15T05:45:00+0200,5276.0,MW,ES,ES,actual_onshore_wind_generation,Wind Onshore,2026-08-19T10:57:03Z
2026-08-19T10:47:00Z,2026-08-19T12:47:00+0200,e079ef81-c4ef-4643-8235-c8ef85358b45,2026-08-15T04:00:00Z,2026-08-15T06:00:00+0200,5368.0,MW,ES,ES,actual_onshore_wind_generation,Wind Onshore,2026-08-19T10:57:03Z
2026-08-19T10:47:00Z,2026-08-19T12:47:00+0200,e079ef81-c4ef-4643-8235-c8ef85358b45,2026-08-15T04:15:00Z,2026-08-15T06:15:00+0200,5400.0,MW,ES,ES,actual_onshore_wind_generation,Wind Onshore,2026-08-19T10:57:03Z
2026-08-19T10:47:00Z,2026-08-19T12:47:00+0200,e079ef81-c4ef-4643-8235-c8ef85358b45,2026-08-15T04:30:00Z,2026-08-15T06:30:00+0200,5408.0,MW,ES,ES,actual_onshore_wind_generation,Wind Onshore,2026-08-19T10:57:03Z
2026-08-19T10:47:00Z,2026-08-19T12:47:00+0200,e079ef81-c4ef-4643-8235-c8ef85358b45,2026-08-15T04:45:00Z,2026-08-15T06:45:00+0200,5440.0,MW,ES,ES,actual_onshore_wind_generation,Wind Onshore,2026-08-19T10:57:03Z
2026-08-19T10:47:00Z,2026-08-19T12:47:00+0200,e079ef81-c4ef-4643-8235-c8ef85358b45,2026-08-15T05:00:00Z,2026-08-15T07:00:00+0200,5476.0,MW,ES,ES,actual_onshore_wind_generation,Wind Onshore,2026-08-19T10:57:03Z
2026-08-19T10:47:00Z,2026-08-19T12:47:00+0200,e079ef81-c4ef-4643-8235-c8ef85358b45,2026-08-15T05:15:00Z,2026-08-15T07:15:00+0200,5548.0,MW,ES,ES,actual_onshore_wind_generation,Wind Onshore,2026-08-19T10:57:03Z
2026-08-19T10:47:00Z,2026-08-19T12:47:00+0200,e079ef81-c4ef-4643-8235-c8ef85358b45,2026-08-15T05:30:00Z,2026-08-15T07:30:00+0200,5584.0,MW,ES,ES,actual_onshore_wind_generation,Wind Onshore,2026-08-19T10:57:03Z
2026-08-19T10:47:00Z,2026-08-19T12:47:00+0200,e079ef81-c4ef-4643-8235-c8ef85358b45,2026-08-15T05:45:00Z,2026-08-15T07:45:00+0200,5632.0,MW,ES,ES,actual_onshore_wind_generation,Wind Onshore,2026-08-19T10:57:03Z
2026-08-19T10:47:00Z,2026-08-19T12:47:00+0200,e079ef81-c4ef-4643-8235-c8ef85358b45,2026-08-15T06:00:00Z,2026-08-15T08:00:00+0200,5616.0,MW,ES,ES,actual_onshore_wind_generation,Wind Onshore,2026-08-19T10:57:03Z
2026-08-19T10:47:00Z,2026-08-19T12:47:00+0200,e079ef81-c4ef-4643-8235-c8ef85358b45,2026-08-15T06:15:00Z,2026-08-15T08:15:00+0200,5516.0,MW,ES,ES,actual_onshore_wind_generation,Wind Onshore,2026-08-19T10:57:03Z
2026-08-19T10:47:00Z,2026-08-19T12:47:00+0200,e079ef81-c4ef-4643-8235-c8ef85358b45,2026-08-15T06:30:00Z,2026-08-15T08:30:00+0200,5328.0,MW,ES,ES,actual_onshore_wind_generation,Wind Onshore,2026-08-19T10:57:03Z
2026-08-19T10:47:00Z,2026-08-19T12:47:00+0200,e079ef81-c4ef-4643-8235-c8ef85358b45,2026-08-15T06:45:00Z,2026-08-15T08:45:00+0200,5196.0,MW,ES,ES,actual_onshore_wind_generation,Wind Onshore,2026-08-19T10:57:03Z
2026-08-19T10:47:00Z,2026-08-19T12:47:00+0200,e079ef81-c4ef-4643-8235-c8ef85358b45,2026-08-15T07:00:00Z,2026-08-15T09:00:00+0200,5108.0,MW,ES,ES,actual_onshore_wind_generation,Wind Onshore,2026-08-19T10:57:03Z
2026-08-19T10:47:00Z,2026-08-19T12:47:00+0200,e079ef81-c4ef-4643-8235-c8ef85358b45,2026-08-15T07:15:00Z,2026-08-15T09:15:00+0200,5088.0,MW,ES,ES,actual_onshore_wind_generation,Wind Onshore,2026-08-19T10:57:03Z
2026-08-19T10:47:00Z,2026-08-19T12:47:00+0200,e079ef81-c4ef-4643-8235-c8ef85358b45,2026-08-15T07:30:00Z,2026-08-15T09:30:00+0200,5056.0,MW,ES,ES,actual_onshore_wind_generation,Wind Onshore,2026-08-19T10:57:03Z
2026-08-19T10:47:00Z,2026-08-19T12:47:00+0200,e079ef81-c4ef-4643-8235-c8ef85358b45,2026-08-15T07:45:00Z,2026-08-15T09:45:00+0200,4840.0,MW,ES,ES,actual_onshore_wind_generation,Wind Onshore,2026-08-19T10:57:03Z
2026-08-19T10:47:00Z,2026-08-19T12:47:00+0200,e079ef81-c4ef-4643-8235-c8ef85358b45,2026-08-15T08:00:00Z,2026-08-15T10:00:00+0200,4724.0,MW,ES,ES,actual_onshore_wind_generation,Wind Onshore,2026-08-19T10:57:03Z
2026-08-19T10:47:00Z,2026-08-19T12:47:00+0200,e079ef81-c4ef-4643-8235-c8ef85358b45,2026-08-15T08:15:00Z,2026-08-15T10:15:00+0200,4612.0,MW,ES,ES,actual_onshore_wind_generation,Wind Onshore,2026-08-19T10:57:03Z
2026-08-19T10:47:00Z,2026-08-19T12:47:00+0200,e079ef81-c4ef-4643-8235-c8ef85358b45,2026-08-15T08:30:00Z,2026-08-15T10:30:00+0200,4524.0,MW,ES,ES,actual_onshore_wind_generation,Wind Onshore,2026-08-19T10:57:03Z
2026-08-19T10:47:00Z,2026-08-19T12:47:00+0200,e079ef81-c4ef-4643-8235-c8ef85358b45,2026-08-15T08:45:00Z,2026-08-15T10:45:00+0200,4004.0,MW,ES,ES,actual_onshore_wind_generation,Wind Onshore,2026-08-19T10:57:03Z
2026-08-19T10:47:00Z,2026-08-19T12:47:00+0200,e079ef81-c4ef-4643-8235-c8ef85358b45,2026-08-15T09:00:00Z,2026-08-15T11:00:00+0200,4064.0,MW,ES,ES,actual_onshore_wind_generation,Wind Onshore,2026-08-19T10:57:03Z
2026-08-19T10:47:00Z,2026-08-19T12:47:00+0200,e079ef81-c4ef-4643-8235-c8ef85358b45,2026-08-15T09:15:00Z,2026-08-15T11:15:00+0200,4036.0,MW,ES,ES,actual_onshore_wind_generation,Wind Onshore,2026-08-19T10:57:03Z
2026-08-19T10:47:00Z,2026-08-19T12:47:00+0200,e079ef81-c4ef-4643-8235-c8ef85358b45,2026-08-15T09:30:00Z,2026-08-15T11:30:00+0200,4032.0,MW,ES,ES,actual_onshore_wind_generation,Wind Onshore,2026-08-19T10:57:03Z
2026-08-19T10:47:00Z,2026-08-19T12:47:00+0200,e079ef81-c4ef-4643-8235-c8ef85358b45,2026-08-15T09:45:00Z,2026-08-15T11:45:00+0200,3996.0,MW,ES,ES,actual_onshore_wind_generation,Wind Onshore,2026-08-19T10:57:03Z
2026-08-19T10:47:00Z,2026-08-19T12:47:00+0200,e079ef81-c4ef-4643-8235-c8ef85358b45,2026-08-15T10:00:00Z,2026-08-15T12:00:00+0200,3904.0,MW,ES,ES,actual_onshore_wind_generation,Wind Onshore,2026-08-19T10:57:03Z
2026-08-19T10:47:00Z,2026-08-19T12:47:00+0200,e079ef81-c4ef-4643-8235-c8ef85358b45,2026-08-15T10:15:00Z,2026-08-15T12:15:00+0200,3676.0,MW,ES,ES,actual_onshore_wind_generation,Wind Onshore,2026-08-19T10:57:03Z
2026-08-19T10:47:00Z,2026-08-19T12:47:00+0200,e079ef81-c4ef-4643-8235-c8ef85358b45,2026-08-15T10:30:00Z,2026-08-15T12:30:00+0200,3768.0,MW,ES,ES,actual_onshore_wind_generation,Wind Onshore,2026-08-19T10:57:03Z
2026-08-19T10:47:00Z,2026-08-19T12:47:00+0200,e079ef81-c4ef-4643-8235-c8ef85358b45,2026-08-15T10:45:00Z,2026-08-15T12:45:00+0200,3744.0,MW,ES,ES,actual_onshore_wind_generation,Wind Onshore,2026-08-19T10:57:03Z
2026-08-19T10:47:00Z,2026-08-19T12:47:00+0200,e079ef81-c4ef-4643-8235-c8ef85358b45,2026-08-15T11:00:00Z,2026-08-15T13:00:00+0200,3780.0,MW,ES,ES,actual_onshore_wind_generation,Wind Onshore,2026-08-19T10:57:03Z
2026-08-19T10:47:00Z,2026-08-19T12:47:00+0200,e079ef81-c4ef-4643-8235-c8ef85358b45,2026-08-15T11:15:00Z,2026-08-15T13:15:00+0200,3944.0,MW,ES,ES,actual_onshore_wind_generation,Wind Onshore,2026-08-19T10:57:03Z
2026-08-19T10:47:00Z,2026-08-19T12:47:00+0200,e079ef81-c4ef-4643-8235-c8ef85358b45,2026-08-15T11:30:00Z,2026-08-15T13:30:00+0200,3912.0,MW,ES,ES,actual_onshore_wind_generation,Wind Onshore,2026-08-19T10:57:03Z
2026-08-19T10:47:00Z,2026-08-19T12:47:00+0200,e079ef81-c4ef-4643-8235-c8ef85358b45,2026-08-15T11:45:00Z,2026-08-15T13:45:00+0200,3748.0,MW,ES,ES,actual_onshore_wind_generation,Wind Onshore,2026-08-19T10:57:03Z
2026-08-19T10:47:00Z,2026-08-19T12:47:00+0200,e079ef81-c4ef-4643-8235-c8ef85358b45,2026-08-15T12:00:00Z,2026-08-15T14:00:00+0200,3588.0,MW,ES,ES,actual_onshore_wind_generation,Wind Onshore,2026-08-19T10:57:03Z
2026-08-19T10:47:00Z,2026-08-19T12:47:00+0200,e079ef81-c4ef-4643-8235-c8ef85358b45,2026-08-15T12:15:00Z,2026-08-15T14:15:00+0200,3584.0,MW,ES,ES,actual_onshore_wind_generation,Wind Onshore,2026-08-19T10:57:03Z
2026-08-19T10:47:00Z,2026-08-19T12:47:00+0200,e079ef81-c4ef-4643-8235-c8ef85358b45,2026-08-15T12:30:00Z,2026-08-15T14:30:00+0200,3668.0,MW,ES,ES,actual_onshore_wind_generation,Wind Onshore,2026-08-19T10:57:03Z
2026-08-19T10:47:00Z,2026-08-19T12:47:00+0200,e079ef81-c4ef-4643-8235-c8ef85358b45,2026-08-15T12:45:00Z,2026-08-15T14:45:00+0200,3724.0,MW,ES,ES,actual_onshore_wind_generation,Wind Onshore,2026-08-19T10:57:03Z
2026-08-19T10:47:00Z,2026-08-19T12:47:00+0200,e079ef81-c4ef-4643-8235-c8ef85358b45,2026-08-15T13:00:00Z,2026-08-15T15:00:00+0200,3800.0,MW,ES,ES,actual_onshore_wind_generation,Wind Onshore,2026-08-19T10:57:03Z
2026-08-19T10:47:00Z,2026-08-19T12:47:00+0200,e079ef81-c4ef-4643-8235-c8ef85358b45,2026-08-15T13:15:00Z,2026-08-15T15:15:00+0200,3772.0,MW,ES,ES,actual_onshore_wind_generation,Wind Onshore,2026-08-19T10:57:03Z
2026-08-19T10:47:00Z,2026-08-19T12:47:00+0200,e079ef81-c4ef-4643-8235-c8ef85358b45,2026-08-15T13:30:00Z,2026-08-15T15:30:00+0200,3924.0,MW,ES,ES,actual_onshore_wind_generation,Wind Onshore,2026-08-19T10:57:03Z
2026-08-19T10:47:00Z,2026-08-19T12:47:00+0200,e079ef81-c4ef-4643-8235-c8ef85358b45,2026-08-15T13:45:00Z,2026-08-15T15:45:00+0200,4172.0,MW,ES,ES,actual_onshore_wind_generation,Wind Onshore,2026-08-19T10:57:03Z
2026-08-19T10:47:00Z,2026-08-19T12:47:00+0200,e079ef81-c4ef-4643-8235-c8ef85358b45,2026-08-15T14:00:00Z,2026-08-15T16:00:00+0200,4448.0,MW,ES,ES,actual_onshore_wind_generation,Wind Onshore,2026-08-19T10:57:03Z
2026-08-19T10:47:00Z,2026-08-19T12:47:00+0200,e079ef81-c4ef-4643-8235-c8ef85358b45,2026-08-15T14:15:00Z,2026-08-15T16:15:00+0200,4756.0,MW,ES,ES,actual_onshore_wind_generation,Wind Onshore,2026-08-19T10:57:03Z
2026-08-19T10:47:00Z,2026-08-19T12:47:00+0200,e079ef81-c4ef-4643-8235-c8ef85358b45,2026-08-15T14:30:00Z,2026-08-15T16:30:00+0200,4660.0,MW,ES,ES,actual_onshore_wind_generation,Wind Onshore,2026-08-19T10:57:03Z
2026-08-19T10:47:00Z,2026-08-19T12:47:00+0200,e079ef81-c4ef-4643-8235-c8ef85358b45,2026-08-15T14:45:00Z,2026-08-15T16:45:00+0200,4372.0,MW,ES,ES,actual_onshore_wind_generation,Wind Onshore,2026-08-19T10:57:03Z
2026-08-19T10:47:00Z,2026-08-19T12:47:00+0200,e079ef81-c4ef-4643-8235-c8ef85358b45,2026-08-15T15:00:00Z,2026-08-15T17:00:00+0200,4404.0,MW,ES,ES,actual_onshore_wind_generation,Wind Onshore,2026-08-19T10:57:03Z
2026-08-19T10:47:00Z,2026-08-19T12:47:00+0200,e079ef81-c4ef-4643-8235-c8ef85358b45,2026-08-15T15:15:00Z,2026-08-15T17:15:00+0200,4680.0,MW,ES,ES,actual_onshore_wind_generation,Wind Onshore,2026-08-19T10:57:03Z
2026-08-19T10:47:00Z,2026-08-19T12:47:00+0200,e079ef81-c4ef-4643-8235-c8ef85358b45,2026-08-15T15:30:00Z,2026-08-15T17:30:00+0200,5124.0,MW,ES,ES,actual_onshore_wind_generation,Wind Onshore,2026-08-19T10:57:03Z
2026-08-19T10:47:00Z,2026-08-19T12:47:00+0200,e079ef81-c4ef-4643-8235-c8ef85358b45,2026-08-15T15:45:00Z,2026-08-15T17:45:00+0200,5296.0,MW,ES,ES,actual_onshore_wind_generation,Wind Onshore,2026-08-19T10:57:03Z
2026-08-19T10:47:00Z,2026-08-19T12:47:00+0200,e079ef81-c4ef-4643-8235-c8ef85358b45,2026-08-15T16:00:00Z,2026-08-15T18:00:00+0200,5448.0,MW,ES,ES,actual_onshore_wind_generation,Wind Onshore,2026-08-19T10:57:03Z
2026-08-19T10:47:00Z,2026-08-19T12:47:00+0200,e079ef81-c4ef-4643-8235-c8ef85358b45,2026-08-15T16:15:00Z,2026-08-15T18:15:00+0200,5536.0,MW,ES,ES,actual_onshore_wind_generation,Wind Onshore,2026-08-19T10:57:03Z
2026-08-19T10:47:00Z,2026-08-19T12:47:00+0200,e079ef81-c4ef-4643-8235-c8ef85358b45,2026-08-15T16:30:00Z,2026-08-15T18:30:00+0200,6124.0,MW,ES,ES,actual_onshore_wind_generation,Wind Onshore,2026-08-19T10:57:03Z
2026-08-19T10:47:00Z,2026-08-19T12:47:00+0200,e079ef81-c4ef-4643-8235-c8ef85358b45,2026-08-15T16:45:00Z,2026-08-15T18:45:00+0200,6388.0,MW,ES,ES,actual_onshore_wind_generation,Wind Onshore,2026-08-19T10:57:03Z
2026-08-19T10:47:00Z,2026-08-19T12:47:00+0200,e079ef81-c4ef-4643-8235-c8ef85358b45,2026-08-15T17:00:00Z,2026-08-15T19:00:00+0200,6272.0,MW,ES,ES,actual_onshore_wind_generation,Wind Onshore,2026-08-19T10:57:03Z
2026-08-19T10:47:00Z,2026-08-19T12:47:00+0200,e079ef81-c4ef-4643-8235-c8ef85358b45,2026-08-15T17:15:00Z,2026-08-15T19:15:00+0200,5800.0,MW,ES,ES,actual_onshore_wind_generation,Wind Onshore,2026-08-19T10:57:03Z
2026-08-19T10:47:00Z,2026-08-19T12:47:00+0200,e079ef81-c4ef-4643-8235-c8ef85358b45,2026-08-15T17:30:00Z,2026-08-15T19:30:00+0200,5488.0,MW,ES,ES,actual_onshore_wind_generation,Wind Onshore,2026-08-19T10:57:03Z
2026-08-19T10:47:00Z,2026-08-19T12:47:00+0200,e079ef81-c4ef-4643-8235-c8ef85358b45,2026-08-15T17:45:00Z,2026-08-15T19:45:00+0200,5344.0,MW,ES,ES,actual_onshore_wind_generation,Wind Onshore,2026-08-19T10:57:03Z
2026-08-19T10:47:00Z,2026-08-19T12:47:00+0200,e079ef81-c4ef-4643-8235-c8ef85358b45,2026-08-15T18:00:00Z,2026-08-15T20:00:00+0200,5680.0,MW,ES,ES,actual_onshore_wind_generation,Wind Onshore,2026-08-19T10:57:03Z
2026-08-19T10:47:00Z,2026-08-19T12:47:00+0200,e079ef81-c4ef-4643-8235-c8ef85358b45,2026-08-15T18:15:00Z,2026-08-15T20:15:00+0200,5704.0,MW,ES,ES,actual_onshore_wind_generation,Wind Onshore,2026-08-19T10:57:03Z
2026-08-19T10:47:00Z,2026-08-19T12:47:00+0200,e079ef81-c4ef-4643-8235-c8ef85358b45,2026-08-15T18:30:00Z,2026-08-15T20:30:00+0200,5604.0,MW,ES,ES,actual_onshore_wind_generation,Wind Onshore,2026-08-19T10:57:03Z
2026-08-19T10:47:00Z,2026-08-19T12:47:00+0200,e079ef81-c4ef-4643-8235-c8ef85358b45,2026-08-15T18:45:00Z,2026-08-15T20:45:00+0200,5548.0,MW,ES,ES,actual_onshore_wind_generation,Wind Onshore,2026-08-19T10:57:03Z
2026-08-19T10:47:00Z,2026-08-19T12:47:00+0200,e079ef81-c4ef-4643-8235-c8ef85358b45,2026-08-15T19:00:00Z,2026-08-15T21:00:00+0200,5660.0,MW,ES,ES,actual_onshore_wind_generation,Wind Onshore,2026-08-19T10:57:03Z
2026-08-19T10:47:00Z,2026-08-19T12:47:00+0200,e079ef81-c4ef-4643-8235-c8ef85358b45,2026-08-15T19:15:00Z,2026-08-15T21:15:00+0200,6140.0,MW,ES,ES,actual_onshore_wind_generation,Wind Onshore,2026-08-19T10:57:03Z
2026-08-19T10:47:00Z,2026-08-19T12:47:00+0200,e079ef81-c4ef-4643-8235-c8ef85358b45,2026-08-15T19:30:00Z,2026-08-15T21:30:00+0200,6112.0,MW,ES,ES,actual_onshore_wind_generation,Wind Onshore,2026-08-19T10:57:03Z
2026-08-19T10:47:00Z,2026-08-19T12:47:00+0200,e079ef81-c4ef-4643-8235-c8ef85358b45,2026-08-15T19:45:00Z,2026-08-15T21:45:00+0200,5976.0,MW,ES,ES,actual_onshore_wind_generation,Wind Onshore,2026-08-19T10:57:03Z
2026-08-19T10:47:00Z,2026-08-19T12:47:00+0200,e079ef81-c4ef-4643-8235-c8ef85358b45,2026-08-15T20:00:00Z,2026-08-15T22:00:00+0200,5752.0,MW,ES,ES,actual_onshore_wind_generation,Wind Onshore,2026-08-19T10:57:03Z
2026-08-19T10:47:00Z,2026-08-19T12:47:00+0200,e079ef81-c4ef-4643-8235-c8ef85358b45,2026-08-15T20:15:00Z,2026-08-15T22:15:00+0200,5824.0,MW,ES,ES,actual_onshore_wind_generation,Wind Onshore,2026-08-19T10:57:03Z
2026-08-19T10:47:00Z,2026-08-19T12:47:00+0200,e079ef81-c4ef-4643-8235-c8ef85358b45,2026-08-15T20:30:00Z,2026-08-15T22:30:00+0200,5908.0,MW,ES,ES,actual_onshore_wind_generation,Wind Onshore,2026-08-19T10:57:03Z
2026-08-19T10:47:00Z,2026-08-19T12:47:00+0200,e079ef81-c4ef-4643-8235-c8ef85358b45,2026-08-15T20:45:00Z,2026-08-15T22:45:00+0200,5752.0,MW,ES,ES,actual_onshore_wind_generation,Wind Onshore,2026-08-19T10:57:03Z
2026-08-19T10:47:00Z,2026-08-19T12:47:00+0200,e079ef81-c4ef-4643-8235-c8ef85358b45,2026-08-15T21:00:00Z,2026-08-15T23:00:00+0200,5632.0,MW,ES,ES,actual_onshore_wind_generation,Wind Onshore,2026-08-19T10:57:03Z
2026-08-19T10:47:00Z,2026-08-19T12:47:00+0200,e079ef81-c4ef-4643-8235-c8ef85358b45,2026-08-15T21:15:00Z,2026-08-15T23:15:00+0200,5504.0,MW,ES,ES,actual_onshore_wind_generation,Wind Onshore,2026-08-19T10:57:03Z
2026-08-19T10:47:00Z,2026-08-19T12:47:00+0200,e079ef81-c4ef-4643-8235-c8ef85358b45,2026-08-15T21:30:00Z,2026-08-15T23:30:00+0200,5292.0,MW,ES,ES,actual_onshore_wind_generation,Wind Onshore,2026-08-19T10:57:03Z
2026-08-19T10:47:00Z,2026-08-19T12:47:00+0200,e079ef81-c4ef-4643-8235-c8ef85358b45,2026-08-15T21:45:00Z,2026-08-15T23:45:00+0200,5212.0,MW,ES,ES,actual_onshore_wind_generation,Wind Onshore,2026-08-19T10:57:03Z
2026-08-19T10:47:00Z,2026-08-19T12:47:00+0200,e079ef81-c4ef-4643-8235-c8ef85358b45,2026-08-15T22:00:00Z,2026-08-16T00:00:00+0200,5288.0,MW,ES,ES,actual_onshore_wind_generation,Wind Onshore,2026-08-19T10:57:03Z
2026-08-19T10:47:00Z,2026-08-19T12:47:00+0200,e079ef81-c4ef-4643-8235-c8ef85358b45,2026-08-15T22:15:00Z,2026-08-16T00:15:00+0200,5468.0,MW,ES,ES,actual_onshore_wind_generation,Wind Onshore,2026-08-19T10:57:03Z
2026-08-19T10:47:00Z,2026-08-19T12:47:00+0200,e079ef81-c4ef-4643-8235-c8ef85358b45,2026-08-15T22:30:00Z,2026-08-16T00:30:00+0200,5460.0,MW,ES,ES,actual_onshore_wind_generation,Wind Onshore,2026-08-19T10:57:03Z
2026-08-19T10:47:00Z,2026-08-19T12:47:00+0200,e079ef81-c4ef-4643-8235-c8ef85358b45,2026-08-15T22:45:00Z,2026-08-16T00:45:00+0200,5144.0,MW,ES,ES,actual_onshore_wind_generation,Wind Onshore,2026-08-19T10:57:03Z
2026-08-19T10:47:00Z,2026-08-19T12:47:00+0200,e079ef81-c4ef-4643-8235-c8ef85358b45,2026-08-15T23:00:00Z,2026-08-16T01:00:00+0200,4664.0,MW,ES,ES,actual_onshore_wind_generation,Wind Onshore,2026-08-19T10:57:03Z
2026-08-19T10:47:00Z,2026-08-19T12:47:00+0200,e079ef81-c4ef-4643-8235-c8ef85358b45,2026-08-15T23:15:00Z,2026-08-16T01:15:00+0200,4204.0,MW,ES,ES,actual_onshore_wind_generation,Wind Onshore,2026-08-19T10:57:03Z
2026-08-19T10:47:00Z,2026-08-19T12:47:00+0200,e079ef81-c4ef-4643-8235-c8ef85358b45,2026-08-15T23:30:00Z,2026-08-16T01:30:00+0200,3940.0,MW,ES,ES,actual_onshore_wind_generation,Wind Onshore,2026-08-19T10:57:03Z
2026-08-19T10:47:00Z,2026-08-19T12:47:00+0200,e079ef81-c4ef-4643-8235-c8ef85358b45,2026-08-15T23:45:00Z,2026-08-16T01:45:00+0200,3828.0,MW,ES,ES,actual_onshore_wind_generation,Wind Onshore,2026-08-19T10:57:03Z
2026-08-19T10:47:00Z,2026-08-19T12:47:00+0200,e079ef81-c4ef-4643-8235-c8ef85358b45,2026-08-16T00:00:00Z,2026-08-16T02:00:00+0200,3792.0,MW,ES,ES,actual_onshore_wind_generation,Wind Onshore,2026-08-19T10:57:03Z
2026-08-19T10:47:00Z,2026-08-19T12:47:00+0200,e079ef81-c4ef-4643-8235-c8ef85358b45,2026-08-16T00:15:00Z,2026-08-16T02:15:00+0200,3720.0,MW,ES,ES,actual_onshore_wind_generation,Wind Onshore,2026-08-19T10:57:03Z
2026-08-19T10:47:00Z,2026-08-19T12:47:00+0200,e079ef81-c4ef-4643-8235-c8ef85358b45,2026-08-16T00:30:00Z,2026-08-16T02:30:00+0200,3684.0,MW,ES,ES,actual_onshore_wind_generation,Wind Onshore,2026-08-19T10:57:03Z
2026-08-19T10:47:00Z,2026-08-19T12:47:00+0200,e079ef81-c4ef-4643-8235-c8ef85358b45,2026-08-16T00:45:00Z,2026-08-16T02:45:00+0200,3740.0,MW,ES,ES,actual_onshore_wind_generation,Wind Onshore,2026-08-19T10:57:03Z
2026-08-19T10:47:00Z,2026-08-19T12:47:00+0200,e079ef81-c4ef-4643-8235-c8ef85358b45,2026-08-16T01:00:00Z,2026-08-16T03:00:00+0200,3708.0,MW,ES,ES,actual_onshore_wind_generation,Wind Onshore,2026-08-19T10:57:03Z
2026-08-19T10:47:00Z,2026-08-19T12:47:00+0200,e079ef81-c4ef-4643-8235-c8ef85358b45,2026-08-16T01:15:00Z,2026-08-16T03:15:00+0200,3604.0,MW,ES,ES,actual_onshore_wind_generation,Wind Onshore,2026-08-19T10:57:03Z
2026-08-19T10:47:00Z,2026-08-19T12:47:00+0200,e079ef81-c4ef-4643-8235-c8ef85358b45,2026-08-16T01:30:00Z,2026-08-16T03:30:00+0200,3596.0,MW,ES,ES,actual_onshore_wind_generation,Wind Onshore,2026-08-19T10:57:03Z
2026-08-19T10:47:00Z,2026-08-19T12:47:00+0200,e079ef81-c4ef-4643-8235-c8ef85358b45,2026-08-16T01:45:00Z,2026-08-16T03:45:00+0200,3552.0,MW,ES,ES,actual_onshore_wind_generation,Wind Onshore,2026-08-19T10:57:03Z
2026-08-19T10:47:00Z,2026-08-19T12:47:00+0200,e079ef81-c4ef-4643-8235-c8ef85358b45,2026-08-16T02:00:00Z,2026-08-16T04:00:00+0200,3456.0,MW,ES,ES,actual_onshore_wind_generation,Wind Onshore,2026-08-19T10:57:03Z
2026-08-19T10:47:00Z,2026-08-19T12:47:00+0200,e079ef81-c4ef-4643-8235-c8ef85358b45,2026-08-16T02:15:00Z,2026-08-16T04:15:00+0200,3372.0,MW,ES,ES,actual_onshore_wind_generation,Wind Onshore,2026-08-19T10:57:03Z
2026-08-19T10:47:00Z,2026-08-19T12:47:00+0200,e079ef81-c4ef-4643-8235-c8ef85358b45,2026-08-16T02:30:00Z,2026-08-16T04:30:00+0200,3384.0,MW,ES,ES,actual_onshore_wind_generation,Wind Onshore,2026-08-19T10:57:03Z
2026-08-19T10:47:00Z,2026-08-19T12:47:00+0200,e079ef81-c4ef-4643-8235-c8ef85358b45,2026-08-16T02:45:00Z,2026-08-16T04:45:00+0200,3452.0,MW,ES,ES,actual_onshore_wind_generation,Wind Onshore,2026-08-19T10:57:03Z
2026-08-19T10:47:00Z,2026-08-19T12:47:00+0200,e079ef81-c4ef-4643-8235-c8ef85358b45,2026-08-16T03:00:00Z,2026-08-16T05:00:00+0200,3520.0,MW,ES,ES,actual_onshore_wind_generation,Wind Onshore,2026-08-19T10:57:03Z
2026-08-19T10:47:00Z,2026-08-19T12:47:00+0200,e079ef81-c4ef-4643-8235-c8ef85358b45,2026-08-16T03:15:00Z,2026-08-16T05:15:00+0200,3560.0,MW,ES,ES,actual_onshore_wind_generation,Wind Onshore,2026-08-19T10:57:03Z
2026-08-19T10:47:00Z,2026-08-19T12:47:00+0200,e079ef81-c4ef-4643-8235-c8ef85358b45,2026-08-16T03:30:00Z,2026-08-16T05:30:00+0200,3520.0,MW,ES,ES,actual_onshore_wind_generation,Wind Onshore,2026-08-19T10:57:03Z
2026-08-19T10:47:00Z,2026-08-19T12:47:00+0200,e079ef81-c4ef-4643-8235-c8ef85358b45,2026-08-16T03:45:00Z,2026-08-16T05:45:00+0200,3496.0,MW,ES,ES,actual_onshore_wind_generation,Wind Onshore,2026-08-19T10:57:03Z
2026-08-19T10:47:00Z,2026-08-19T12:47:00+0200,e079ef81-c4ef-4643-8235-c8ef85358b45,2026-08-16T04:00:00Z,2026-08-16T06:00:00+0200,3428.0,MW,ES,ES,actual_onshore_wind_generation,Wind Onshore,2026-08-19T10:57:03Z
2026-08-19T10:47:00Z,2026-08-19T12:47:00+0200,e079ef81-c4ef-4643-8235-c8ef85358b45,2026-08-16T04:15:00Z,2026-08-16T06:15:00+0200,3236.0,MW,ES,ES,actual_onshore_wind_generation,Wind Onshore,2026-08-19T10:57:03Z
2026-08-19T10:47:00Z,2026-08-19T12:47:00+0200,e079ef81-c4ef-4643-8235-c8ef85358b45,2026-08-16T04:30:00Z,2026-08-16T06:30:00+0200,3072.0,MW,ES,ES,actual_onshore_wind_generation,Wind Onshore,2026-08-19T10:57:03Z
2026-08-19T10:47:00Z,2026-08-19T12:47:00+0200,e079ef81-c4ef-4643-8235-c8ef85358b45,2026-08-16T04:45:00Z,2026-08-16T06:45:00+0200,3052.0,MW,ES,ES,actual_onshore_wind_generation,Wind Onshore,2026-08-19T10:57:03Z
2026-08-19T10:47:00Z,2026-08-19T12:47:00+0200,e079ef81-c4ef-4643-8235-c8ef85358b45,2026-08-16T05:00:00Z,2026-08-16T07:00:00+0200,3020.0,MW,ES,ES,actual_onshore_wind_generation,Wind Onshore,2026-08-19T10:57:03Z
2026-08-19T10:47:00Z,2026-08-19T12:47:00+0200,e079ef81-c4ef-4643-8235-c8ef85358b45,2026-08-16T05:15:00Z,2026-08-16T07:15:00+0200,3052.0,MW,ES,ES,actual_onshore_wind_generation,Wind Onshore,2026-08-19T10:57:03Z
2026-08-19T10:47:00Z,2026-08-19T12:47:00+0200,e079ef81-c4ef-4643-8235-c8ef85358b45,2026-08-16T05:30:00Z,2026-08-16T07:30:00+0200,3088.0,MW,ES,ES,actual_onshore_wind_generation,Wind Onshore,2026-08-19T10:57:03Z
2026-08-19T10:47:00Z,2026-08-19T12:47:00+0200,e079ef81-c4ef-4643-8235-c8ef85358b45,2026-08-16T05:45:00Z,2026-08-16T07:45:00+0200,3120.0,MW,ES,ES,actual_onshore_wind_generation,Wind Onshore,2026-08-19T10:57:03Z
2026-08-19T10:47:00Z,2026-08-19T12:47:00+0200,e079ef81-c4ef-4643-8235-c8ef85358b45,2026-08-16T06:00:00Z,2026-08-16T08:00:00+0200,3076.0,MW,ES,ES,actual_onshore_wind_generation,Wind Onshore,2026-08-19T10:57:03Z
2026-08-19T10:47:00Z,2026-08-19T12:47:00+0200,e079ef81-c4ef-4643-8235-c8ef85358b45,2026-08-16T06:15:00Z,2026-08-16T08:15:00+0200,3008.0,MW,ES,ES,actual_onshore_wind_generation,Wind Onshore,2026-08-19T10:57:03Z
2026-08-19T10:47:00Z,2026-08-19T12:47:00+0200,e079ef81-c4ef-4643-8235-c8ef85358b45,2026-08-16T06:30:00Z,2026-08-16T08:30:00+0200,3000.0,MW,ES,ES,actual_onshore_wind_generation,Wind Onshore,2026-08-19T10:57:03Z
2026-08-19T10:47:00Z,2026-08-19T12:47:00+0200,e079ef81-c4ef-4643-8235-c8ef85358b45,2026-08-16T06:45:00Z,2026-08-16T08:45:00+0200,2944.0,MW,ES,ES,actual_onshore_wind_generation,Wind Onshore,2026-08-19T10:57:03Z
2026-08-19T10:47:00Z,2026-08-19T12:47:00+0200,e079ef81-c4ef-4643-8235-c8ef85358b45,2026-08-16T07:00:00Z,2026-08-16T09:00:00+0200,2796.0,MW,ES,ES,actual_onshore_wind_generation,Wind Onshore,2026-08-19T10:57:03Z
2026-08-19T10:47:00Z,2026-08-19T12:47:00+0200,e079ef81-c4ef-4643-8235-c8ef85358b45,2026-08-16T07:15:00Z,2026-08-16T09:15:00+0200,2500.0,MW,ES,ES,actual_onshore_wind_generation,Wind Onshore,2026-08-19T10:57:03Z
2026-08-19T10:47:00Z,2026-08-19T12:47:00+0200,e079ef81-c4ef-4643-8235-c8ef85358b45,2026-08-16T07:30:00Z,2026-08-16T09:30:00+0200,2112.0,MW,ES,ES,actual_onshore_wind_generation,Wind Onshore,2026-08-19T10:57:03Z
2026-08-19T10:47:00Z,2026-08-19T12:47:00+0200,e079ef81-c4ef-4643-8235-c8ef85358b45,2026-08-16T07:45:00Z,2026-08-16T09:45:00+0200,1848.0,MW,ES,ES,actual_onshore_wind_generation,Wind Onshore,2026-08-19T10:57:03Z
2026-08-19T10:47:00Z,2026-08-19T12:47:00+0200,e079ef81-c4ef-4643-8235-c8ef85358b45,2026-08-16T08:00:00Z,2026-08-16T10:00:00+0200,1840.0,MW,ES,ES,actual_onshore_wind_generation,Wind Onshore,2026-08-19T10:57:03Z
2026-08-19T10:47:00Z,2026-08-19T12:47:00+0200,e079ef81-c4ef-4643-8235-c8ef85358b45,2026-08-16T08:15:00Z,2026-08-16T10:15:00+0200,1836.0,MW,ES,ES,actual_onshore_wind_generation,Wind Onshore,2026-08-19T10:57:03Z
2026-08-19T10:47:00Z,2026-08-19T12:47:00+0200,e079ef81-c4ef-4643-8235-c8ef85358b45,2026-08-16T08:30:00Z,2026-08-16T10:30:00+0200,1684.0,MW,ES,ES,actual_onshore_wind_generation,Wind Onshore,2026-08-19T10:57:03Z
2026-08-19T10:47:00Z,2026-08-19T12:47:00+0200,e079ef81-c4ef-4643-8235-c8ef85358b45,2026-08-16T08:45:00Z,2026-08-16T10:45:00+0200,1516.0,MW,ES,ES,actual_onshore_wind_generation,Wind Onshore,2026-08-19T10:57:03Z
2026-08-19T10:47:00Z,2026-08-19T12:47:00+0200,e079ef81-c4ef-4643-8235-c8ef85358b45,2026-08-16T09:00:00Z,2026-08-16T11:00:00+0200,1404.0,MW,ES,ES,actual_onshore_wind_generation,Wind Onshore,2026-08-19T10:57:03Z
2026-08-19T10:47:00Z,2026-08-19T12:47:00+0200,e079ef81-c4ef-4643-8235-c8ef85358b45,2026-08-16T09:15:00Z,2026-08-16T11:15:00+0200,1252.0,MW,ES,ES,actual_onshore_wind_generation,Wind Onshore,2026-08-19T10:57:03Z
2026-08-19T10:47:00Z,2026-08-19T12:47:00+0200,e079ef81-c4ef-4643-8235-c8ef85358b45,2026-08-16T09:30:00Z,2026-08-16T11:30:00+0200,1200.0,MW,ES,ES,actual_onshore_wind_generation,Wind Onshore,2026-08-19T10:57:03Z
2026-08-19T10:47:00Z,2026-08-19T12:47:00+0200,e079ef81-c4ef-4643-8235-c8ef85358b45,2026-08-16T09:45:00Z,2026-08-16T11:45:00+0200,1176.0,MW,ES,ES,actual_onshore_wind_generation,Wind Onshore,2026-08-19T10:57:03Z
2026-08-19T10:47:00Z,2026-08-19T12:47:00+0200,e079ef81-c4ef-4643-8235-c8ef85358b45,2026-08-16T10:00:00Z,2026-08-16T12:00:00+0200,1180.0,MW,ES,ES,actual_onshore_wind_generation,Wind Onshore,2026-08-19T10:57:03Z
2026-08-19T10:47:00Z,2026-08-19T12:47:00+0200,e079ef81-c4ef-4643-8235-c8ef85358b45,2026-08-16T10:15:00Z,2026-08-16T12:15:00+0200,1160.0,MW,ES,ES,actual_onshore_wind_generation,Wind Onshore,2026-08-19T10:57:03Z
2026-08-19T10:47:00Z,2026-08-19T12:47:00+0200,e079ef81-c4ef-4643-8235-c8ef85358b45,2026-08-16T10:30:00Z,2026-08-16T12:30:00+0200,1132.0,MW,ES,ES,actual_onshore_wind_generation,Wind Onshore,2026-08-19T10:57:03Z
2026-08-19T10:47:00Z,2026-08-19T12:47:00+0200,e079ef81-c4ef-4643-8235-c8ef85358b45,2026-08-16T10:45:00Z,2026-08-16T12:45:00+0200,1164.0,MW,ES,ES,actual_onshore_wind_generation,Wind Onshore,2026-08-19T10:57:03Z
2026-08-19T10:47:00Z,2026-08-19T12:47:00+0200,e079ef81-c4ef-4643-8235-c8ef85358b45,2026-08-16T11:00:00Z,2026-08-16T13:00:00+0200,1232.0,MW,ES,ES,actual_onshore_wind_generation,Wind Onshore,2026-08-19T10:57:03Z
2026-08-19T10:47:00Z,2026-08-19T12:47:00+0200,e079ef81-c4ef-4643-8235-c8ef85358b45,2026-08-16T11:15:00Z,2026-08-16T13:15:00+0200,1264.0,MW,ES,ES,actual_onshore_wind_generation,Wind Onshore,2026-08-19T10:57:03Z
2026-08-19T10:47:00Z,2026-08-19T12:47:00+0200,e079ef81-c4ef-4643-8235-c8ef85358b45,2026-08-16T11:30:00Z,2026-08-16T13:30:00+0200,1304.0,MW,ES,ES,actual_onshore_wind_generation,Wind Onshore,2026-08-19T10:57:03Z
2026-08-19T10:47:00Z,2026-08-19T12:47:00+0200,e079ef81-c4ef-4643-8235-c8ef85358b45,2026-08-16T11:45:00Z,2026-08-16T13:45:00+0200,1356.0,MW,ES,ES,actual_onshore_wind_generation,Wind Onshore,2026-08-19T10:57:03Z
2026-08-19T10:47:00Z,2026-08-19T12:47:00+0200,e079ef81-c4ef-4643-8235-c8ef85358b45,2026-08-16T12:00:00Z,2026-08-16T14:00:00+0200,1444.0,MW,ES,ES,actual_onshore_wind_generation,Wind Onshore,2026-08-19T10:57:03Z
2026-08-19T10:47:00Z,2026-08-19T12:47:00+0200,e079ef81-c4ef-4643-8235-c8ef85358b45,2026-08-16T12:15:00Z,2026-08-16T14:15:00+0200,1496.0,MW,ES,ES,actual_onshore_wind_generation,Wind Onshore,2026-08-19T10:57:03Z
2026-08-19T10:47:00Z,2026-08-19T12:47:00+0200,e079ef81-c4ef-4643-8235-c8ef85358b45,2026-08-16T12:30:00Z,2026-08-16T14:30:00+0200,1560.0,MW,ES,ES,actual_onshore_wind_generation,Wind Onshore,2026-08-19T10:57:03Z
2026-08-19T10:47:00Z,2026-08-19T12:47:00+0200,e079ef81-c4ef-4643-8235-c8ef85358b45,2026-08-16T12:45:00Z,2026-08-16T14:45:00+0200,1644.0,MW,ES,ES,actual_onshore_wind_generation,Wind Onshore,2026-08-19T10:57:03Z
2026-08-19T10:47:00Z,2026-08-19T12:47:00+0200,e079ef81-c4ef-4643-8235-c8ef85358b45,2026-08-16T13:00:00Z,2026-08-16T15:00:00+0200,1696.0,MW,ES,ES,actual_onshore_wind_generation,Wind Onshore,2026-08-19T10:57:03Z
2026-08-19T10:47:00Z,2026-08-19T12:47:00+0200,e079ef81-c4ef-4643-8235-c8ef85358b45,2026-08-16T13:15:00Z,2026-08-16T15:15:00+0200,1788.0,MW,ES,ES,actual_onshore_wind_generation,Wind Onshore,2026-08-19T10:57:03Z
2026-08-19T10:47:00Z,2026-08-19T12:47:00+0200,e079ef81-c4ef-4643-8235-c8ef85358b45,2026-08-16T13:30:00Z,2026-08-16T15:30:00+0200,1900.0,MW,ES,ES,actual_onshore_wind_generation,Wind Onshore,2026-08-19T10:57:03Z
2026-08-19T10:47:00Z,2026-08-19T12:47:00+0200,e079ef81-c4ef-4643-8235-c8ef85358b45,2026-08-16T13:45:00Z,2026-08-16T15:45:00+0200,2008.0,MW,ES,ES,actual_onshore_wind_generation,Wind Onshore,2026-08-19T10:57:03Z
2026-08-19T10:47:00Z,2026-08-19T12:47:00+0200,e079ef81-c4ef-4643-8235-c8ef85358b45,2026-08-16T14:00:00Z,2026-08-16T16:00:00+0200,2148.0,MW,ES,ES,actual_onshore_wind_generation,Wind Onshore,2026-08-19T10:57:03Z
2026-08-19T10:47:00Z,2026-08-19T12:47:00+0200,e079ef81-c4ef-4643-8235-c8ef85358b45,2026-08-16T14:15:00Z,2026-08-16T16:15:00+0200,2180.0,MW,ES,ES,actual_onshore_wind_generation,Wind Onshore,2026-08-19T10:57:03Z
2026-08-19T10:47:00Z,2026-08-19T12:47:00+0200,e079ef81-c4ef-4643-8235-c8ef85358b45,2026-08-16T14:30:00Z,2026-08-16T16:30:00+0200,2108.0,MW,ES,ES,actual_onshore_wind_generation,Wind Onshore,2026-08-19T10:57:03Z
2026-08-19T10:47:00Z,2026-08-19T12:47:00+0200,e079ef81-c4ef-4643-8235-c8ef85358b45,2026-08-16T14:45:00Z,2026-08-16T16:45:00+0200,2164.0,MW,ES,ES,actual_onshore_wind_generation,Wind Onshore,2026-08-19T10:57:03Z
2026-08-19T10:47:00Z,2026-08-19T12:47:00+0200,e079ef81-c4ef-4643-8235-c8ef85358b45,2026-08-16T15:00:00Z,2026-08-16T17:00:00+0200,2312.0,MW,ES,ES,actual_onshore_wind_generation,Wind Onshore,2026-08-19T10:57:03Z
2026-08-19T10:47:00Z,2026-08-19T12:47:00+0200,e079ef81-c4ef-4643-8235-c8ef85358b45,2026-08-16T15:15:00Z,2026-08-16T17:15:00+0200,2368.0,MW,ES,ES,actual_onshore_wind_generation,Wind Onshore,2026-08-19T10:57:03Z
2026-08-19T10:47:00Z,2026-08-19T12:47:00+0200,e079ef81-c4ef-4643-8235-c8ef85358b45,2026-08-16T15:30:00Z,2026-08-16T17:30:00+0200,2612.0,MW,ES,ES,actual_onshore_wind_generation,Wind Onshore,2026-08-19T10:57:03Z
2026-08-19T10:47:00Z,2026-08-19T12:47:00+0200,e079ef81-c4ef-4643-8235-c8ef85358b45,2026-08-16T15:45:00Z,2026-08-16T17:45:00+0200,2536.0,MW,ES,ES,actual_onshore_wind_generation,Wind Onshore,2026-08-19T10:57:03Z
2026-08-19T10:47:00Z,2026-08-19T12:47:00+0200,e079ef81-c4ef-4643-8235-c8ef85358b45,2026-08-16T16:00:00Z,2026-08-16T18:00:00+0200,2912.0,MW,ES,ES,actual_onshore_wind_generation,Wind Onshore,2026-08-19T10:57:03Z
2026-08-19T10:47:00Z,2026-08-19T12:47:00+0200,e079ef81-c4ef-4643-8235-c8ef85358b45,2026-08-16T16:15:00Z,2026-08-16T18:15:00+0200,3208.0,MW,ES,ES,actual_onshore_wind_generation,Wind Onshore,2026-08-19T10:57:03Z
2026-08-19T10:47:00Z,2026-08-19T12:47:00+0200,e079ef81-c4ef-4643-8235-c8ef85358b45,2026-08-16T16:30:00Z,2026-08-16T18:30:00+0200,3312.0,MW,ES,ES,actual_onshore_wind_generation,Wind Onshore,2026-08-19T10:57:03Z
2026-08-19T10:47:00Z,2026-08-19T12:47:00+0200,e079ef81-c4ef-4643-8235-c8ef85358b45,2026-08-16T16:45:00Z,2026-08-16T18:45:00+0200,3556.0,MW,ES,ES,actual_onshore_wind_generation,Wind Onshore,2026-08-19T10:57:03Z
2026-08-19T10:47:00Z,2026-08-19T12:47:00+0200,e079ef81-c4ef-4643-8235-c8ef85358b45,2026-08-16T17:00:00Z,2026-08-16T19:00:00+0200,3712.0,MW,ES,ES,actual_onshore_wind_generation,Wind Onshore,2026-08-19T10:57:03Z
2026-08-19T10:47:00Z,2026-08-19T12:47:00+0200,e079ef81-c4ef-4643-8235-c8ef85358b45,2026-08-16T17:15:00Z,2026-08-16T19:15:00+0200,3732.0,MW,ES,ES,actual_onshore_wind_generation,Wind Onshore,2026-08-19T10:57:03Z
2026-08-19T10:47:00Z,2026-08-19T12:47:00+0200,e079ef81-c4ef-4643-8235-c8ef85358b45,2026-08-16T17:30:00Z,2026-08-16T19:30:00+0200,3796.0,MW,ES,ES,actual_onshore_wind_generation,Wind Onshore,2026-08-19T10:57:03Z
2026-08-19T10:47:00Z,2026-08-19T12:47:00+0200,e079ef81-c4ef-4643-8235-c8ef85358b45,2026-08-16T17:45:00Z,2026-08-16T19:45:00+0200,3852.0,MW,ES,ES,actual_onshore_wind_generation,Wind Onshore,2026-08-19T10:57:03Z
2026-08-19T10:47:00Z,2026-08-19T12:47:00+0200,e079ef81-c4ef-4643-8235-c8ef85358b45,2026-08-16T18:00:00Z,2026-08-16T20:00:00+0200,4000.0,MW,ES,ES,actual_onshore_wind_generation,Wind Onshore,2026-08-19T10:57:03Z
2026-08-19T10:47:00Z,2026-08-19T12:47:00+0200,e079ef81-c4ef-4643-8235-c8ef85358b45,2026-08-16T18:15:00Z,2026-08-16T20:15:00+0200,4048.0,MW,ES,ES,actual_onshore_wind_generation,Wind Onshore,2026-08-19T10:57:03Z
2026-08-19T10:47:00Z,2026-08-19T12:47:00+0200,e079ef81-c4ef-4643-8235-c8ef85358b45,2026-08-16T18:30:00Z,2026-08-16T20:30:00+0200,4044.0,MW,ES,ES,actual_onshore_wind_generation,Wind Onshore,2026-08-19T10:57:03Z
2026-08-19T10:47:00Z,2026-08-19T12:47:00+0200,e079ef81-c4ef-4643-8235-c8ef85358b45,2026-08-16T18:45:00Z,2026-08-16T20:45:00+0200,4176.0,MW,ES,ES,actual_onshore_wind_generation,Wind Onshore,2026-08-19T10:57:03Z
2026-08-19T10:47:00Z,2026-08-19T12:47:00+0200,e079ef81-c4ef-4643-8235-c8ef85358b45,2026-08-16T19:00:00Z,2026-08-16T21:00:00+0200,4352.0,MW,ES,ES,actual_onshore_wind_generation,Wind Onshore,2026-08-19T10:57:03Z
2026-08-19T10:47:00Z,2026-08-19T12:47:00+0200,e079ef81-c4ef-4643-8235-c8ef85358b45,2026-08-16T19:15:00Z,2026-08-16T21:15:00+0200,4504.0,MW,ES,ES,actual_onshore_wind_generation,Wind Onshore,2026-08-19T10:57:03Z
2026-08-19T10:47:00Z,2026-08-19T12:47:00+0200,e079ef81-c4ef-4643-8235-c8ef85358b45,2026-08-16T19:30:00Z,2026-08-16T21:30:00+0200,4560.0,MW,ES,ES,actual_onshore_wind_generation,Wind Onshore,2026-08-19T10:57:03Z
2026-08-19T10:47:00Z,2026-08-19T12:47:00+0200,e079ef81-c4ef-4643-8235-c8ef85358b45,2026-08-16T19:45:00Z,2026-08-16T21:45:00+0200,4704.0,MW,ES,ES,actual_onshore_wind_generation,Wind Onshore,2026-08-19T10:57:03Z
2026-08-19T10:47:00Z,2026-08-19T12:47:00+0200,e079ef81-c4ef-4643-8235-c8ef85358b45,2026-08-16T20:00:00Z,2026-08-16T22:00:00+0200,4916.0,MW,ES,ES,actual_onshore_wind_generation,Wind Onshore,2026-08-19T10:57:03Z
2026-08-19T10:47:00Z,2026-08-19T12:47:00+0200,e079ef81-c4ef-4643-8235-c8ef85358b45,2026-08-16T20:15:00Z,2026-08-16T22:15:00+0200,5040.0,MW,ES,ES,actual_onshore_wind_generation,Wind Onshore,2026-08-19T10:57:03Z
2026-08-19T10:47:00Z,2026-08-19T12:47:00+0200,e079ef81-c4ef-4643-8235-c8ef85358b45,2026-08-16T20:30:00Z,2026-08-16T22:30:00+0200,5212.0,MW,ES,ES,actual_onshore_wind_generation,Wind Onshore,2026-08-19T10:57:03Z
2026-08-19T10:47:00Z,2026-08-19T12:47:00+0200,e079ef81-c4ef-4643-8235-c8ef85358b45,2026-08-16T20:45:00Z,2026-08-16T22:45:00+0200,5344.0,MW,ES,ES,actual_onshore_wind_generation,Wind Onshore,2026-08-19T10:57:03Z
2026-08-19T10:47:00Z,2026-08-19T12:47:00+0200,e079ef81-c4ef-4643-8235-c8ef85358b45,2026-08-16T21:00:00Z,2026-08-16T23:00:00+0200,5544.0,MW,ES,ES,actual_onshore_wind_generation,Wind Onshore,2026-08-19T10:57:03Z
2026-08-19T10:47:00Z,2026-08-19T12:47:00+0200,e079ef81-c4ef-4643-8235-c8ef85358b45,2026-08-16T21:15:00Z,2026-08-16T23:15:00+0200,5704.0,MW,ES,ES,actual_onshore_wind_generation,Wind Onshore,2026-08-19T10:57:03Z
2026-08-19T10:47:00Z,2026-08-19T12:47:00+0200,e079ef81-c4ef-4643-8235-c8ef85358b45,2026-08-16T21:30:00Z,2026-08-16T23:30:00+0200,5680.0,MW,ES,ES,actual_onshore_wind_generation,Wind Onshore,2026-08-19T10:57:03Z
2026-08-19T10:47:00Z,2026-08-19T12:47:00+0200,e079ef81-c4ef-4643-8235-c8ef85358b45,2026-08-16T21:45:00Z,2026-08-16T23:45:00+0200,5632.0,MW,ES,ES,actual_onshore_wind_generation,Wind Onshore,2026-08-19T10:57:03Z
2026-08-19T10:47:00Z,2026-08-19T12:47:00+0200,e079ef81-c4ef-4643-8235-c8ef85358b45,2026-08-16T22:00:00Z,2026-08-17T00:00:00+0200,5600.0,MW,ES,ES,actual_onshore_wind_generation,Wind Onshore,2026-08-19T10:57:03Z
2026-08-19T10:47:00Z,2026-08-19T12:47:00+0200,e079ef81-c4ef-4643-8235-c8ef85358b45,2026-08-16T22:15:00Z,2026-08-17T00:15:00+0200,5676.0,MW,ES,ES,actual_onshore_wind_generation,Wind Onshore,2026-08-19T10:57:03Z
2026-08-19T10:47:00Z,2026-08-19T12:47:00+0200,e079ef81-c4ef-4643-8235-c8ef85358b45,2026-08-16T22:30:00Z,2026-08-17T00:30:00+0200,5672.0,MW,ES,ES,actual_onshore_wind_generation,Wind Onshore,2026-08-19T10:57:03Z
2026-08-19T10:47:00Z,2026-08-19T12:47:00+0200,e079ef81-c4ef-4643-8235-c8ef85358b45,2026-08-16T22:45:00Z,2026-08-17T00:45:00+0200,5528.0,MW,ES,ES,actual_onshore_wind_generation,Wind Onshore,2026-08-19T10:57:03Z
2026-08-19T10:47:00Z,2026-08-19T12:47:00+0200,e079ef81-c4ef-4643-8235-c8ef85358b45,2026-08-16T23:00:00Z,2026-08-17T01:00:00+0200,5360.0,MW,ES,ES,actual_onshore_wind_generation,Wind Onshore,2026-08-19T10:57:03Z
2026-08-19T10:47:00Z,2026-08-19T12:47:00+0200,e079ef81-c4ef-4643-8235-c8ef85358b45,2026-08-16T23:15:00Z,2026-08-17T01:15:00+0200,5196.0,MW,ES,ES,actual_onshore_wind_generation,Wind Onshore,2026-08-19T10:57:03Z
2026-08-19T10:47:00Z,2026-08-19T12:47:00+0200,e079ef81-c4ef-4643-8235-c8ef85358b45,2026-08-16T23:30:00Z,2026-08-17T01:30:00+0200,5280.0,MW,ES,ES,actual_onshore_wind_generation,Wind Onshore,2026-08-19T10:57:03Z
2026-08-19T10:47:00Z,2026-08-19T12:47:00+0200,e079ef81-c4ef-4643-8235-c8ef85358b45,2026-08-16T23:45:00Z,2026-08-17T01:45:00+0200,5380.0,MW,ES,ES,actual_onshore_wind_generation,Wind Onshore,2026-08-19T10:57:03Z
2026-08-19T10:47:00Z,2026-08-19T12:47:00+0200,e079ef81-c4ef-4643-8235-c8ef85358b45,2026-08-17T00:00:00Z,2026-08-17T02:00:00+0200,5356.0,MW,ES,ES,actual_onshore_wind_generation,Wind Onshore,2026-08-19T10:57:03Z
2026-08-19T10:47:00Z,2026-08-19T12:47:00+0200,e079ef81-c4ef-4643-8235-c8ef85358b45,2026-08-17T00:15:00Z,2026-08-17T02:15:00+0200,5328.0,MW,ES,ES,actual_onshore_wind_generation,Wind Onshore,2026-08-19T10:57:03Z
2026-08-19T10:47:00Z,2026-08-19T12:47:00+0200,e079ef81-c4ef-4643-8235-c8ef85358b45,2026-08-17T00:30:00Z,2026-08-17T02:30:00+0200,5160.0,MW,ES,ES,actual_onshore_wind_generation,Wind Onshore,2026-08-19T10:57:03Z
2026-08-19T10:47:00Z,2026-08-19T12:47:00+0200,e079ef81-c4ef-4643-8235-c8ef85358b45,2026-08-17T00:45:00Z,2026-08-17T02:45:00+0200,4976.0,MW,ES,ES,actual_onshore_wind_generation,Wind Onshore,2026-08-19T10:57:03Z
2026-08-19T10:47:00Z,2026-08-19T12:47:00+0200,e079ef81-c4ef-4643-8235-c8ef85358b45,2026-08-17T01:00:00Z,2026-08-17T03:00:00+0200,4904.0,MW,ES,ES,actual_onshore_wind_generation,Wind Onshore,2026-08-19T10:57:03Z
2026-08-19T10:47:00Z,2026-08-19T12:47:00+0200,e079ef81-c4ef-4643-8235-c8ef85358b45,2026-08-17T01:15:00Z,2026-08-17T03:15:00+0200,4880.0,MW,ES,ES,actual_onshore_wind_generation,Wind Onshore,2026-08-19T10:57:03Z
2026-08-19T10:47:00Z,2026-08-19T12:47:00+0200,e079ef81-c4ef-4643-8235-c8ef85358b45,2026-08-17T01:30:00Z,2026-08-17T03:30:00+0200,4784.0,MW,ES,ES,actual_onshore_wind_generation,Wind Onshore,2026-08-19T10:57:03Z
2026-08-19T10:47:00Z,2026-08-19T12:47:00+0200,e079ef81-c4ef-4643-8235-c8ef85358b45,2026-08-17T01:45:00Z,2026-08-17T03:45:00+0200,4556.0,MW,ES,ES,actual_onshore_wind_generation,Wind Onshore,2026-08-19T10:57:03Z
2026-08-19T10:47:00Z,2026-08-19T12:47:00+0200,e079ef81-c4ef-4643-8235-c8ef85358b45,2026-08-17T02:00:00Z,2026-08-17T04:00:00+0200,4260.0,MW,ES,ES,actual_onshore_wind_generation,Wind Onshore,2026-08-19T10:57:03Z
2026-08-19T10:47:00Z,2026-08-19T12:47:00+0200,e079ef81-c4ef-4643-8235-c8ef85358b45,2026-08-17T02:15:00Z,2026-08-17T04:15:00+0200,4060.0,MW,ES,ES,actual_onshore_wind_generation,Wind Onshore,2026-08-19T10:57:03Z
2026-08-19T10:47:00Z,2026-08-19T12:47:00+0200,e079ef81-c4ef-4643-8235-c8ef85358b45,2026-08-17T02:30:00Z,2026-08-17T04:30:00+0200,3888.0,MW,ES,ES,actual_onshore_wind_generation,Wind Onshore,2026-08-19T10:57:03Z
2026-08-19T10:47:00Z,2026-08-19T12:47:00+0200,e079ef81-c4ef-4643-8235-c8ef85358b45,2026-08-17T02:45:00Z,2026-08-17T04:45:00+0200,3700.0,MW,ES,ES,actual_onshore_wind_generation,Wind Onshore,2026-08-19T10:57:03Z
2026-08-19T10:47:00Z,2026-08-19T12:47:00+0200,e079ef81-c4ef-4643-8235-c8ef85358b45,2026-08-17T03:00:00Z,2026-08-17T05:00:00+0200,3520.0,MW,ES,ES,actual_onshore_wind_generation,Wind Onshore,2026-08-19T10:57:03Z
2026-08-19T10:47:00Z,2026-08-19T12:47:00+0200,e079ef81-c4ef-4643-8235-c8ef85358b45,2026-08-17T03:15:00Z,2026-08-17T05:15:00+0200,3416.0,MW,ES,ES,actual_onshore_wind_generation,Wind Onshore,2026-08-19T10:57:03Z
2026-08-19T10:47:00Z,2026-08-19T12:47:00+0200,e079ef81-c4ef-4643-8235-c8ef85358b45,2026-08-17T03:30:00Z,2026-08-17T05:30:00+0200,3292.0,MW,ES,ES,actual_onshore_wind_generation,Wind Onshore,2026-08-19T10:57:03Z
2026-08-19T10:47:00Z,2026-08-19T12:47:00+0200,e079ef81-c4ef-4643-8235-c8ef85358b45,2026-08-17T03:45:00Z,2026-08-17T05:45:00+0200,3164.0,MW,ES,ES,actual_onshore_wind_generation,Wind Onshore,2026-08-19T10:57:03Z
2026-08-19T10:47:00Z,2026-08-19T12:47:00+0200,e079ef81-c4ef-4643-8235-c8ef85358b45,2026-08-17T04:00:00Z,2026-08-17T06:00:00+0200,3112.0,MW,ES,ES,actual_onshore_wind_generation,Wind Onshore,2026-08-19T10:57:03Z
2026-08-19T10:47:00Z,2026-08-19T12:47:00+0200,e079ef81-c4ef-4643-8235-c8ef85358b45,2026-08-17T04:15:00Z,2026-08-17T06:15:00+0200,2996.0,MW,ES,ES,actual_onshore_wind_generation,Wind Onshore,2026-08-19T10:57:03Z
2026-08-19T10:47:00Z,2026-08-19T12:47:00+0200,e079ef81-c4ef-4643-8235-c8ef85358b45,2026-08-17T04:30:00Z,2026-08-17T06:30:00+0200,2968.0,MW,ES,ES,actual_onshore_wind_generation,Wind Onshore,2026-08-19T10:57:03Z
2026-08-19T10:47:00Z,2026-08-19T12:47:00+0200,e079ef81-c4ef-4643-8235-c8ef85358b45,2026-08-17T04:45:00Z,2026-08-17T06:45:00+0200,2964.0,MW,ES,ES,actual_onshore_wind_generation,Wind Onshore,2026-08-19T10:57:03Z
2026-08-19T10:47:00Z,2026-08-19T12:47:00+0200,e079ef81-c4ef-4643-8235-c8ef85358b45,2026-08-17T05:00:00Z,2026-08-17T07:00:00+0200,2896.0,MW,ES,ES,actual_onshore_wind_generation,Wind Onshore,2026-08-19T10:57:03Z
2026-08-19T10:47:00Z,2026-08-19T12:47:00+0200,e079ef81-c4ef-4643-8235-c8ef85358b45,2026-08-17T05:15:00Z,2026-08-17T07:15:00+0200,2812.0,MW,ES,ES,actual_onshore_wind_generation,Wind Onshore,2026-08-19T10:57:03Z
2026-08-19T10:47:00Z,2026-08-19T12:47:00+0200,e079ef81-c4ef-4643-8235-c8ef85358b45,2026-08-17T05:30:00Z,2026-08-17T07:30:00+0200,2768.0,MW,ES,ES,actual_onshore_wind_generation,Wind Onshore,2026-08-19T10:57:03Z
2026-08-19T10:47:00Z,2026-08-19T12:47:00+0200,e079ef81-c4ef-4643-8235-c8ef85358b45,2026-08-17T05:45:00Z,2026-08-17T07:45:00+0200,2728.0,MW,ES,ES,actual_onshore_wind_generation,Wind Onshore,2026-08-19T10:57:03Z
2026-08-19T10:47:00Z,2026-08-19T12:47:00+0200,e079ef81-c4ef-4643-8235-c8ef85358b45,2026-08-17T06:00:00Z,2026-08-17T08:00:00+0200,2668.0,MW,ES,ES,actual_onshore_wind_generation,Wind Onshore,2026-08-19T10:57:03Z
2026-08-19T10:47:00Z,2026-08-19T12:47:00+0200,e079ef81-c4ef-4643-8235-c8ef85358b45,2026-08-17T06:15:00Z,2026-08-17T08:15:00+0200,2604.0,MW,ES,ES,actual_onshore_wind_generation,Wind Onshore,2026-08-19T10:57:03Z
2026-08-19T10:47:00Z,2026-08-19T12:47:00+0200,e079ef81-c4ef-4643-8235-c8ef85358b45,2026-08-17T06:30:00Z,2026-08-17T08:30:00+0200,2496.0,MW,ES,ES,actual_onshore_wind_generation,Wind Onshore,2026-08-19T10:57:03Z
2026-08-19T10:47:00Z,2026-08-19T12:47:00+0200,e079ef81-c4ef-4643-8235-c8ef85358b45,2026-08-17T06:45:00Z,2026-08-17T08:45:00+0200,2384.0,MW,ES,ES,actual_onshore_wind_generation,Wind Onshore,2026-08-19T10:57:03Z
2026-08-19T10:47:00Z,2026-08-19T12:47:00+0200,e079ef81-c4ef-4643-8235-c8ef85358b45,2026-08-17T07:00:00Z,2026-08-17T09:00:00+0200,2276.0,MW,ES,ES,actual_onshore_wind_generation,Wind Onshore,2026-08-19T10:57:03Z
2026-08-19T10:47:00Z,2026-08-19T12:47:00+0200,e079ef81-c4ef-4643-8235-c8ef85358b45,2026-08-17T07:15:00Z,2026-08-17T09:15:00+0200,2124.0,MW,ES,ES,actual_onshore_wind_generation,Wind Onshore,2026-08-19T10:57:03Z
2026-08-19T10:47:00Z,2026-08-19T12:47:00+0200,e079ef81-c4ef-4643-8235-c8ef85358b45,2026-08-17T07:30:00Z,2026-08-17T09:30:00+0200,2068.0,MW,ES,ES,actual_onshore_wind_generation,Wind Onshore,2026-08-19T10:57:03Z
2026-08-19T10:47:00Z,2026-08-19T12:47:00+0200,e079ef81-c4ef-4643-8235-c8ef85358b45,2026-08-17T07:45:00Z,2026-08-17T09:45:00+0200,1980.0,MW,ES,ES,actual_onshore_wind_generation,Wind Onshore,2026-08-19T10:57:03Z
2026-08-19T10:47:00Z,2026-08-19T12:47:00+0200,e079ef81-c4ef-4643-8235-c8ef85358b45,2026-08-17T08:00:00Z,2026-08-17T10:00:00+0200,1856.0,MW,ES,ES,actual_onshore_wind_generation,Wind Onshore,2026-08-19T10:57:03Z
2026-08-19T10:47:00Z,2026-08-19T12:47:00+0200,e079ef81-c4ef-4643-8235-c8ef85358b45,2026-08-17T08:15:00Z,2026-08-17T10:15:00+0200,1760.0,MW,ES,ES,actual_onshore_wind_generation,Wind Onshore,2026-08-19T10:57:03Z
2026-08-19T10:47:00Z,2026-08-19T12:47:00+0200,e079ef81-c4ef-4643-8235-c8ef85358b45,2026-08-17T08:30:00Z,2026-08-17T10:30:00+0200,1716.0,MW,ES,ES,actual_onshore_wind_generation,Wind Onshore,2026-08-19T10:57:03Z
2026-08-19T10:47:00Z,2026-08-19T12:47:00+0200,e079ef81-c4ef-4643-8235-c8ef85358b45,2026-08-17T08:45:00Z,2026-08-17T10:45:00+0200,1616.0,MW,ES,ES,actual_onshore_wind_generation,Wind Onshore,2026-08-19T10:57:03Z
2026-08-19T10:47:00Z,2026-08-19T12:47:00+0200,e079ef81-c4ef-4643-8235-c8ef85358b45,2026-08-17T09:00:00Z,2026-08-17T11:00:00+0200,1552.0,MW,ES,ES,actual_onshore_wind_generation,Wind Onshore,2026-08-19T10:57:03Z
2026-08-19T10:47:00Z,2026-08-19T12:47:00+0200,e079ef81-c4ef-4643-8235-c8ef85358b45,2026-08-17T09:15:00Z,2026-08-17T11:15:00+0200,1500.0,MW,ES,ES,actual_onshore_wind_generation,Wind Onshore,2026-08-19T10:57:03Z
2026-08-19T10:47:00Z,2026-08-19T12:47:00+0200,e079ef81-c4ef-4643-8235-c8ef85358b45,2026-08-17T09:30:00Z,2026-08-17T11:30:00+0200,1508.0,MW,ES,ES,actual_onshore_wind_generation,Wind Onshore,2026-08-19T10:57:03Z
2026-08-19T10:47:00Z,2026-08-19T12:47:00+0200,e079ef81-c4ef-4643-8235-c8ef85358b45,2026-08-17T09:45:00Z,2026-08-17T11:45:00+0200,1520.0,MW,ES,ES,actual_onshore_wind_generation,Wind Onshore,2026-08-19T10:57:03Z
2026-08-19T10:47:00Z,2026-08-19T12:47:00+0200,e079ef81-c4ef-4643-8235-c8ef85358b45,2026-08-17T10:00:00Z,2026-08-17T12:00:00+0200,1536.0,MW,ES,ES,actual_onshore_wind_generation,Wind Onshore,2026-08-19T10:57:03Z
2026-08-19T10:47:00Z,2026-08-19T12:47:00+0200,e079ef81-c4ef-4643-8235-c8ef85358b45,2026-08-17T10:15:00Z,2026-08-17T12:15:00+0200,1540.0,MW,ES,ES,actual_onshore_wind_generation,Wind Onshore,2026-08-19T10:57:03Z
2026-08-19T10:47:00Z,2026-08-19T12:47:00+0200,e079ef81-c4ef-4643-8235-c8ef85358b45,2026-08-17T10:30:00Z,2026-08-17T12:30:00+0200,1568.0,MW,ES,ES,actual_onshore_wind_generation,Wind Onshore,2026-08-19T10:57:03Z
2026-08-19T10:47:00Z,2026-08-19T12:47:00+0200,e079ef81-c4ef-4643-8235-c8ef85358b45,2026-08-17T10:45:00Z,2026-08-17T12:45:00+0200,1620.0,MW,ES,ES,actual_onshore_wind_generation,Wind Onshore,2026-08-19T10:57:03Z
2026-08-19T10:47:00Z,2026-08-19T12:47:00+0200,e079ef81-c4ef-4643-8235-c8ef85358b45,2026-08-17T11:00:00Z,2026-08-17T13:00:00+0200,1640.0,MW,ES,ES,actual_onshore_wind_generation,Wind Onshore,2026-08-19T10:57:03Z
2026-08-19T10:47:00Z,2026-08-19T12:47:00+0200,e079ef81-c4ef-4643-8235-c8ef85358b45,2026-08-17T11:15:00Z,2026-08-17T13:15:00+0200,1664.0,MW,ES,ES,actual_onshore_wind_generation,Wind Onshore,2026-08-19T10:57:03Z
2026-08-19T10:47:00Z,2026-08-19T12:47:00+0200,e079ef81-c4ef-4643-8235-c8ef85358b45,2026-08-17T11:30:00Z,2026-08-17T13:30:00+0200,1764.0,MW,ES,ES,actual_onshore_wind_generation,Wind Onshore,2026-08-19T10:57:03Z
2026-08-19T10:47:00Z,2026-08-19T12:47:00+0200,e079ef81-c4ef-4643-8235-c8ef85358b45,2026-08-17T11:45:00Z,2026-08-17T13:45:00+0200,1908.0,MW,ES,ES,actual_onshore_wind_generation,Wind Onshore,2026-08-19T10:57:03Z
2026-08-19T10:47:00Z,2026-08-19T12:47:00+0200,e079ef81-c4ef-4643-8235-c8ef85358b45,2026-08-17T12:00:00Z,2026-08-17T14:00:00+0200,2000.0,MW,ES,ES,actual_onshore_wind_generation,Wind Onshore,2026-08-19T10:57:03Z
2026-08-19T10:47:00Z,2026-08-19T12:47:00+0200,e079ef81-c4ef-4643-8235-c8ef85358b45,2026-08-17T12:15:00Z,2026-08-17T14:15:00+0200,2048.0,MW,ES,ES,actual_onshore_wind_generation,Wind Onshore,2026-08-19T10:57:03Z
2026-08-19T10:47:00Z,2026-08-19T12:47:00+0200,e079ef81-c4ef-4643-8235-c8ef85358b45,2026-08-17T12:30:00Z,2026-08-17T14:30:00+0200,2072.0,MW,ES,ES,actual_onshore_wind_generation,Wind Onshore,2026-08-19T10:57:03Z
2026-08-19T10:47:00Z,2026-08-19T12:47:00+0200,e079ef81-c4ef-4643-8235-c8ef85358b45,2026-08-17T12:45:00Z,2026-08-17T14:45:00+0200,2172.0,MW,ES,ES,actual_onshore_wind_generation,Wind Onshore,2026-08-19T10:57:03Z
2026-08-19T10:47:00Z,2026-08-19T12:47:00+0200,e079ef81-c4ef-4643-8235-c8ef85358b45,2026-08-17T13:00:00Z,2026-08-17T15:00:00+0200,2268.0,MW,ES,ES,actual_onshore_wind_generation,Wind Onshore,2026-08-19T10:57:03Z
2026-08-19T10:47:00Z,2026-08-19T12:47:00+0200,e079ef81-c4ef-4643-8235-c8ef85358b45,2026-08-17T13:15:00Z,2026-08-17T15:15:00+0200,2448.0,MW,ES,ES,actual_onshore_wind_generation,Wind Onshore,2026-08-19T10:57:03Z
2026-08-19T10:47:00Z,2026-08-19T12:47:00+0200,e079ef81-c4ef-4643-8235-c8ef85358b45,2026-08-17T13:30:00Z,2026-08-17T15:30:00+0200,2600.0,MW,ES,ES,actual_onshore_wind_generation,Wind Onshore,2026-08-19T10:57:03Z
2026-08-19T10:47:00Z,2026-08-19T12:47:00+0200,e079ef81-c4ef-4643-8235-c8ef85358b45,2026-08-17T13:45:00Z,2026-08-17T15:45:00+0200,2780.0,MW,ES,ES,actual_onshore_wind_generation,Wind Onshore,2026-08-19T10:57:03Z
2026-08-19T10:47:00Z,2026-08-19T12:47:00+0200,e079ef81-c4ef-4643-8235-c8ef85358b45,2026-08-17T14:00:00Z,2026-08-17T16:00:00+0200,2952.0,MW,ES,ES,actual_onshore_wind_generation,Wind Onshore,2026-08-19T10:57:03Z
2026-08-19T10:47:00Z,2026-08-19T12:47:00+0200,e079ef81-c4ef-4643-8235-c8ef85358b45,2026-08-17T14:15:00Z,2026-08-17T16:15:00+0200,3072.0,MW,ES,ES,actual_onshore_wind_generation,Wind Onshore,2026-08-19T10:57:03Z
2026-08-19T10:47:00Z,2026-08-19T12:47:00+0200,e079ef81-c4ef-4643-8235-c8ef85358b45,2026-08-17T14:30:00Z,2026-08-17T16:30:00+0200,3216.0,MW,ES,ES,actual_onshore_wind_generation,Wind Onshore,2026-08-19T10:57:03Z
2026-08-19T10:47:00Z,2026-08-19T12:47:00+0200,e079ef81-c4ef-4643-8235-c8ef85358b45,2026-08-17T14:45:00Z,2026-08-17T16:45:00+0200,3356.0,MW,ES,ES,actual_onshore_wind_generation,Wind Onshore,2026-08-19T10:57:03Z
2026-08-19T10:47:00Z,2026-08-19T12:47:00+0200,e079ef81-c4ef-4643-8235-c8ef85358b45,2026-08-17T15:00:00Z,2026-08-17T17:00:00+0200,3520.0,MW,ES,ES,actual_onshore_wind_generation,Wind Onshore,2026-08-19T10:57:03Z
2026-08-19T10:47:00Z,2026-08-19T12:47:00+0200,e079ef81-c4ef-4643-8235-c8ef85358b45,2026-08-17T15:15:00Z,2026-08-17T17:15:00+0200,3616.0,MW,ES,ES,actual_onshore_wind_generation,Wind Onshore,2026-08-19T10:57:03Z
2026-08-19T10:47:00Z,2026-08-19T12:47:00+0200,e079ef81-c4ef-4643-8235-c8ef85358b45,2026-08-17T15:30:00Z,2026-08-17T17:30:00+0200,3704.0,MW,ES,ES,actual_onshore_wind_generation,Wind Onshore,2026-08-19T10:57:03Z
2026-08-19T10:47:00Z,2026-08-19T12:47:00+0200,e079ef81-c4ef-4643-8235-c8ef85358b45,2026-08-17T15:45:00Z,2026-08-17T17:45:00+0200,3800.0,MW,ES,ES,actual_onshore_wind_generation,Wind Onshore,2026-08-19T10:57:03Z
2026-08-19T10:47:00Z,2026-08-19T12:47:00+0200,e079ef81-c4ef-4643-8235-c8ef85358b45,2026-08-17T16:00:00Z,2026-08-17T18:00:00+0200,4180.0,MW,ES,ES,actual_onshore_wind_generation,Wind Onshore,2026-08-19T10:57:03Z
2026-08-19T10:47:00Z,2026-08-19T12:47:00+0200,e079ef81-c4ef-4643-8235-c8ef85358b45,2026-08-17T16:15:00Z,2026-08-17T18:15:00+0200,4620.0,MW,ES,ES,actual_onshore_wind_generation,Wind Onshore,2026-08-19T10:57:03Z
2026-08-19T10:47:00Z,2026-08-19T12:47:00+0200,e079ef81-c4ef-4643-8235-c8ef85358b45,2026-08-17T16:30:00Z,2026-08-17T18:30:00+0200,4812.0,MW,ES,ES,actual_onshore_wind_generation,Wind Onshore,2026-08-19T10:57:03Z
2026-08-19T10:47:00Z,2026-08-19T12:47:00+0200,e079ef81-c4ef-4643-8235-c8ef85358b45,2026-08-17T16:45:00Z,2026-08-17T18:45:00+0200,5028.0,MW,ES,ES,actual_onshore_wind_generation,Wind Onshore,2026-08-19T10:57:03Z
2026-08-19T10:47:00Z,2026-08-19T12:47:00+0200,e079ef81-c4ef-4643-8235-c8ef85358b45,2026-08-17T17:00:00Z,2026-08-17T19:00:00+0200,5220.0,MW,ES,ES,actual_onshore_wind_generation,Wind Onshore,2026-08-19T10:57:03Z
2026-08-19T10:47:00Z,2026-08-19T12:47:00+0200,e079ef81-c4ef-4643-8235-c8ef85358b45,2026-08-17T17:15:00Z,2026-08-17T19:15:00+0200,5336.0,MW,ES,ES,actual_onshore_wind_generation,Wind Onshore,2026-08-19T10:57:03Z
2026-08-19T10:47:00Z,2026-08-19T12:47:00+0200,e079ef81-c4ef-4643-8235-c8ef85358b45,2026-08-17T17:30:00Z,2026-08-17T19:30:00+0200,5360.0,MW,ES,ES,actual_onshore_wind_generation,Wind Onshore,2026-08-19T10:57:03Z
2026-08-19T10:47:00Z,2026-08-19T12:47:00+0200,e079ef81-c4ef-4643-8235-c8ef85358b45,2026-08-17T17:45:00Z,2026-08-17T19:45:00+0200,5420.0,MW,ES,ES,actual_onshore_wind_generation,Wind Onshore,2026-08-19T10:57:03Z
2026-08-19T10:47:00Z,2026-08-19T12:47:00+0200,e079ef81-c4ef-4643-8235-c8ef85358b45,2026-08-17T18:00:00Z,2026-08-17T20:00:00+0200,5420.0,MW,ES,ES,actual_onshore_wind_generation,Wind Onshore,2026-08-19T10:57:03Z
2026-08-19T10:47:00Z,2026-08-19T12:47:00+0200,e079ef81-c4ef-4643-8235-c8ef85358b45,2026-08-17T18:15:00Z,2026-08-17T20:15:00+0200,5520.0,MW,ES,ES,actual_onshore_wind_generation,Wind Onshore,2026-08-19T10:57:03Z
2026-08-19T10:47:00Z,2026-08-19T12:47:00+0200,e079ef81-c4ef-4643-8235-c8ef85358b45,2026-08-17T18:30:00Z,2026-08-17T20:30:00+0200,5528.0,MW,ES,ES,actual_onshore_wind_generation,Wind Onshore,2026-08-19T10:57:03Z
2026-08-19T10:47:00Z,2026-08-19T12:47:00+0200,e079ef81-c4ef-4643-8235-c8ef85358b45,2026-08-17T18:45:00Z,2026-08-17T20:45:00+0200,5576.0,MW,ES,ES,actual_onshore_wind_generation,Wind Onshore,2026-08-19T10:57:03Z
2026-08-19T10:47:00Z,2026-08-19T12:47:00+0200,e079ef81-c4ef-4643-8235-c8ef85358b45,2026-08-17T19:00:00Z,2026-08-17T21:00:00+0200,5756.0,MW,ES,ES,actual_onshore_wind_generation,Wind Onshore,2026-08-19T10:57:03Z
2026-08-19T10:47:00Z,2026-08-19T12:47:00+0200,e079ef81-c4ef-4643-8235-c8ef85358b45,2026-08-17T19:15:00Z,2026-08-17T21:15:00+0200,5864.0,MW,ES,ES,actual_onshore_wind_generation,Wind Onshore,2026-08-19T10:57:03Z
2026-08-19T10:47:00Z,2026-08-19T12:47:00+0200,e079ef81-c4ef-4643-8235-c8ef85358b45,2026-08-17T19:30:00Z,2026-08-17T21:30:00+0200,5988.0,MW,ES,ES,actual_onshore_wind_generation,Wind Onshore,2026-08-19T10:57:03Z
2026-08-19T10:47:00Z,2026-08-19T12:47:00+0200,e079ef81-c4ef-4643-8235-c8ef85358b45,2026-08-17T19:45:00Z,2026-08-17T21:45:00+0200,6256.0,MW,ES,ES,actual_onshore_wind_generation,Wind Onshore,2026-08-19T10:57:03Z
2026-08-19T10:47:00Z,2026-08-19T12:47:00+0200,e079ef81-c4ef-4643-8235-c8ef85358b45,2026-08-17T20:00:00Z,2026-08-17T22:00:00+0200,6480.0,MW,ES,ES,actual_onshore_wind_generation,Wind Onshore,2026-08-19T10:57:03Z
2026-08-19T10:47:00Z,2026-08-19T12:47:00+0200,e079ef81-c4ef-4643-8235-c8ef85358b45,2026-08-17T20:15:00Z,2026-08-17T22:15:00+0200,6560.0,MW,ES,ES,actual_onshore_wind_generation,Wind Onshore,2026-08-19T10:57:03Z
2026-08-19T10:47:00Z,2026-08-19T12:47:00+0200,e079ef81-c4ef-4643-8235-c8ef85358b45,2026-08-17T20:30:00Z,2026-08-17T22:30:00+0200,6608.0,MW,ES,ES,actual_onshore_wind_generation,Wind Onshore,2026-08-19T10:57:03Z
2026-08-19T10:47:00Z,2026-08-19T12:47:00+0200,e079ef81-c4ef-4643-8235-c8ef85358b45,2026-08-17T20:45:00Z,2026-08-17T22:45:00+0200,6656.0,MW,ES,ES,actual_onshore_wind_generation,Wind Onshore,2026-08-19T10:57:03Z
2026-08-19T10:47:00Z,2026-08-19T12:47:00+0200,e079ef81-c4ef-4643-8235-c8ef85358b45,2026-08-17T21:00:00Z,2026-08-17T23:00:00+0200,6716.0,MW,ES,ES,actual_onshore_wind_generation,Wind Onshore,2026-08-19T10:57:03Z
2026-08-19T10:47:00Z,2026-08-19T12:47:00+0200,e079ef81-c4ef-4643-8235-c8ef85358b45,2026-08-17T21:15:00Z,2026-08-17T23:15:00+0200,6800.0,MW,ES,ES,actual_onshore_wind_generation,Wind Onshore,2026-08-19T10:57:03Z
2026-08-19T10:47:00Z,2026-08-19T12:47:00+0200,e079ef81-c4ef-4643-8235-c8ef85358b45,2026-08-17T21:30:00Z,2026-08-17T23:30:00+0200,6924.0,MW,ES,ES,actual_onshore_wind_generation,Wind Onshore,2026-08-19T10:57:03Z
2026-08-19T10:47:00Z,2026-08-19T12:47:00+0200,e079ef81-c4ef-4643-8235-c8ef85358b45,2026-08-17T21:45:00Z,2026-08-17T23:45:00+0200,7024.0,MW,ES,ES,actual_onshore_wind_generation,Wind Onshore,2026-08-19T10:57:03Z
2026-08-19T10:47:00Z,2026-08-19T12:47:00+0200,e079ef81-c4ef-4643-8235-c8ef85358b45,2026-08-17T22:00:00Z,2026-08-18T00:00:00+0200,7040.0,MW,ES,ES,actual_onshore_wind_generation,Wind Onshore,2026-08-19T10:57:03Z
2026-08-19T10:47:00Z,2026-08-19T12:47:00+0200,e079ef81-c4ef-4643-8235-c8ef85358b45,2026-08-17T22:15:00Z,2026-08-18T00:15:00+0200,7204.0,MW,ES,ES,actual_onshore_wind_generation,Wind Onshore,2026-08-19T10:57:03Z
2026-08-19T10:47:00Z,2026-08-19T12:47:00+0200,e079ef81-c4ef-4643-8235-c8ef85358b45,2026-08-17T22:30:00Z,2026-08-18T00:30:00+0200,7288.0,MW,ES,ES,actual_onshore_wind_generation,Wind Onshore,2026-08-19T10:57:03Z
2026-08-19T10:47:00Z,2026-08-19T12:47:00+0200,e079ef81-c4ef-4643-8235-c8ef85358b45,2026-08-17T22:45:00Z,2026-08-18T00:45:00+0200,7256.0,MW,ES,ES,actual_onshore_wind_generation,Wind Onshore,2026-08-19T10:57:03Z
2026-08-19T10:47:00Z,2026-08-19T12:47:00+0200,e079ef81-c4ef-4643-8235-c8ef85358b45,2026-08-17T23:00:00Z,2026-08-18T01:00:00+0200,7176.0,MW,ES,ES,actual_onshore_wind_generation,Wind Onshore,2026-08-19T10:57:03Z
2026-08-19T10:47:00Z,2026-08-19T12:47:00+0200,e079ef81-c4ef-4643-8235-c8ef85358b45,2026-08-17T23:15:00Z,2026-08-18T01:15:00+0200,7056.0,MW,ES,ES,actual_onshore_wind_generation,Wind Onshore,2026-08-19T10:57:03Z
2026-08-19T10:47:00Z,2026-08-19T12:47:00+0200,e079ef81-c4ef-4643-8235-c8ef85358b45,2026-08-17T23:30:00Z,2026-08-18T01:30:00+0200,6888.0,MW,ES,ES,actual_onshore_wind_generation,Wind Onshore,2026-08-19T10:57:03Z
2026-08-19T10:47:00Z,2026-08-19T12:47:00+0200,e079ef81-c4ef-4643-8235-c8ef85358b45,2026-08-17T23:45:00Z,2026-08-18T01:45:00+0200,6904.0,MW,ES,ES,actual_onshore_wind_generation,Wind Onshore,2026-08-19T10:57:03Z
2026-08-19T10:47:00Z,2026-08-19T12:47:00+0200,e079ef81-c4ef-4643-8235-c8ef85358b45,2026-08-18T00:00:00Z,2026-08-18T02:00:00+0200,6876.0,MW,ES,ES,actual_onshore_wind_generation,Wind Onshore,2026-08-19T10:57:03Z
2026-08-19T10:47:00Z,2026-08-19T12:47:00+0200,e079ef81-c4ef-4643-8235-c8ef85358b45,2026-08-18T00:15:00Z,2026-08-18T02:15:00+0200,6776.0,MW,ES,ES,actual_onshore_wind_generation,Wind Onshore,2026-08-19T10:57:03Z
2026-08-19T10:47:00Z,2026-08-19T12:47:00+0200,e079ef81-c4ef-4643-8235-c8ef85358b45,2026-08-18T00:30:00Z,2026-08-18T02:30:00+0200,6704.0,MW,ES,ES,actual_onshore_wind_generation,Wind Onshore,2026-08-19T10:57:03Z
2026-08-19T10:47:00Z,2026-08-19T12:47:00+0200,e079ef81-c4ef-4643-8235-c8ef85358b45,2026-08-18T00:45:00Z,2026-08-18T02:45:00+0200,6616.0,MW,ES,ES,actual_onshore_wind_generation,Wind Onshore,2026-08-19T10:57:03Z
2026-08-19T10:47:00Z,2026-08-19T12:47:00+0200,e079ef81-c4ef-4643-8235-c8ef85358b45,2026-08-18T01:00:00Z,2026-08-18T03:00:00+0200,6556.0,MW,ES,ES,actual_onshore_wind_generation,Wind Onshore,2026-08-19T10:57:03Z
2026-08-19T10:47:00Z,2026-08-19T12:47:00+0200,e079ef81-c4ef-4643-8235-c8ef85358b45,2026-08-18T01:15:00Z,2026-08-18T03:15:00+0200,6460.0,MW,ES,ES,actual_onshore_wind_generation,Wind Onshore,2026-08-19T10:57:03Z
2026-08-19T10:47:00Z,2026-08-19T12:47:00+0200,e079ef81-c4ef-4643-8235-c8ef85358b45,2026-08-18T01:30:00Z,2026-08-18T03:30:00+0200,6292.0,MW,ES,ES,actual_onshore_wind_generation,Wind Onshore,2026-08-19T10:57:03Z
2026-08-19T10:47:00Z,2026-08-19T12:47:00+0200,e079ef81-c4ef-4643-8235-c8ef85358b45,2026-08-18T01:45:00Z,2026-08-18T03:45:00+0200,6120.0,MW,ES,ES,actual_onshore_wind_generation,Wind Onshore,2026-08-19T10:57:03Z
2026-08-19T10:47:00Z,2026-08-19T12:47:00+0200,e079ef81-c4ef-4643-8235-c8ef85358b45,2026-08-18T02:00:00Z,2026-08-18T04:00:00+0200,5988.0,MW,ES,ES,actual_onshore_wind_generation,Wind Onshore,2026-08-19T10:57:03Z
2026-08-19T10:47:00Z,2026-08-19T12:47:00+0200,e079ef81-c4ef-4643-8235-c8ef85358b45,2026-08-18T02:15:00Z,2026-08-18T04:15:00+0200,5920.0,MW,ES,ES,actual_onshore_wind_generation,Wind Onshore,2026-08-19T10:57:03Z
2026-08-19T10:47:00Z,2026-08-19T12:47:00+0200,e079ef81-c4ef-4643-8235-c8ef85358b45,2026-08-18T02:30:00Z,2026-08-18T04:30:00+0200,5800.0,MW,ES,ES,actual_onshore_wind_generation,Wind Onshore,2026-08-19T10:57:03Z
2026-08-19T10:47:00Z,2026-08-19T12:47:00+0200,e079ef81-c4ef-4643-8235-c8ef85358b45,2026-08-18T02:45:00Z,2026-08-18T04:45:00+0200,5656.0,MW,ES,ES,actual_onshore_wind_generation,Wind Onshore,2026-08-19T10:57:03Z
2026-08-19T10:47:00Z,2026-08-19T12:47:00+0200,e079ef81-c4ef-4643-8235-c8ef85358b45,2026-08-18T03:00:00Z,2026-08-18T05:00:00+0200,5512.0,MW,ES,ES,actual_onshore_wind_generation,Wind Onshore,2026-08-19T10:57:03Z
2026-08-19T10:47:00Z,2026-08-19T12:47:00+0200,e079ef81-c4ef-4643-8235-c8ef85358b45,2026-08-18T03:15:00Z,2026-08-18T05:15:00+0200,5352.0,MW,ES,ES,actual_onshore_wind_generation,Wind Onshore,2026-08-19T10:57:03Z
2026-08-19T10:47:00Z,2026-08-19T12:47:00+0200,e079ef81-c4ef-4643-8235-c8ef85358b45,2026-08-18T03:30:00Z,2026-08-18T05:30:00+0200,5236.0,MW,ES,ES,actual_onshore_wind_generation,Wind Onshore,2026-08-19T10:57:03Z
2026-08-19T10:47:00Z,2026-08-19T12:47:00+0200,e079ef81-c4ef-4643-8235-c8ef85358b45,2026-08-18T03:45:00Z,2026-08-18T05:45:00+0200,5180.0,MW,ES,ES,actual_onshore_wind_generation,Wind Onshore,2026-08-19T10:57:03Z
2026-08-19T10:47:00Z,2026-08-19T12:47:00+0200,e079ef81-c4ef-4643-8235-c8ef85358b45,2026-08-18T04:00:00Z,2026-08-18T06:00:00+0200,5164.0,MW,ES,ES,actual_onshore_wind_generation,Wind Onshore,2026-08-19T10:57:03Z
2026-08-19T10:47:00Z,2026-08-19T12:47:00+0200,e079ef81-c4ef-4643-8235-c8ef85358b45,2026-08-18T04:15:00Z,2026-08-18T06:15:00+0200,5176.0,MW,ES,ES,actual_onshore_wind_generation,Wind Onshore,2026-08-19T10:57:03Z
2026-08-19T10:47:00Z,2026-08-19T12:47:00+0200,e079ef81-c4ef-4643-8235-c8ef85358b45,2026-08-18T04:30:00Z,2026-08-18T06:30:00+0200,5140.0,MW,ES,ES,actual_onshore_wind_generation,Wind Onshore,2026-08-19T10:57:03Z
2026-08-19T10:47:00Z,2026-08-19T12:47:00+0200,e079ef81-c4ef-4643-8235-c8ef85358b45,2026-08-18T04:45:00Z,2026-08-18T06:45:00+0200,5148.0,MW,ES,ES,actual_onshore_wind_generation,Wind Onshore,2026-08-19T10:57:03Z
2026-08-19T10:47:00Z,2026-08-19T12:47:00+0200,e079ef81-c4ef-4643-8235-c8ef85358b45,2026-08-18T05:00:00Z,2026-08-18T07:00:00+0200,4996.0,MW,ES,ES,actual_onshore_wind_generation,Wind Onshore,2026-08-19T10:57:03Z
2026-08-19T10:47:00Z,2026-08-19T12:47:00+0200,e079ef81-c4ef-4643-8235-c8ef85358b45,2026-08-18T05:15:00Z,2026-08-18T07:15:00+0200,4792.0,MW,ES,ES,actual_onshore_wind_generation,Wind Onshore,2026-08-19T10:57:03Z
2026-08-19T10:47:00Z,2026-08-19T12:47:00+0200,e079ef81-c4ef-4643-8235-c8ef85358b45,2026-08-18T05:30:00Z,2026-08-18T07:30:00+0200,4568.0,MW,ES,ES,actual_onshore_wind_generation,Wind Onshore,2026-08-19T10:57:03Z
2026-08-19T10:47:00Z,2026-08-19T12:47:00+0200,e079ef81-c4ef-4643-8235-c8ef85358b45,2026-08-18T05:45:00Z,2026-08-18T07:45:00+0200,4400.0,MW,ES,ES,actual_onshore_wind_generation,Wind Onshore,2026-08-19T10:57:03Z
2026-08-19T10:47:00Z,2026-08-19T12:47:00+0200,e079ef81-c4ef-4643-8235-c8ef85358b45,2026-08-18T06:00:00Z,2026-08-18T08:00:00+0200,4216.0,MW,ES,ES,actual_onshore_wind_generation,Wind Onshore,2026-08-19T10:57:03Z
2026-08-19T10:47:00Z,2026-08-19T12:47:00+0200,e079ef81-c4ef-4643-8235-c8ef85358b45,2026-08-18T06:15:00Z,2026-08-18T08:15:00+0200,3972.0,MW,ES,ES,actual_onshore_wind_generation,Wind Onshore,2026-08-19T10:57:03Z
2026-08-19T10:47:00Z,2026-08-19T12:47:00+0200,e079ef81-c4ef-4643-8235-c8ef85358b45,2026-08-18T06:30:00Z,2026-08-18T08:30:00+0200,3652.0,MW,ES,ES,actual_onshore_wind_generation,Wind Onshore,2026-08-19T10:57:03Z
2026-08-19T10:47:00Z,2026-08-19T12:47:00+0200,e079ef81-c4ef-4643-8235-c8ef85358b45,2026-08-18T06:45:00Z,2026-08-18T08:45:00+0200,3380.0,MW,ES,ES,actual_onshore_wind_generation,Wind Onshore,2026-08-19T10:57:03Z
2026-08-19T10:47:00Z,2026-08-19T12:47:00+0200,e079ef81-c4ef-4643-8235-c8ef85358b45,2026-08-18T07:00:00Z,2026-08-18T09:00:00+0200,3188.0,MW,ES,ES,actual_onshore_wind_generation,Wind Onshore,2026-08-19T10:57:03Z
2026-08-19T10:47:00Z,2026-08-19T12:47:00+0200,e079ef81-c4ef-4643-8235-c8ef85358b45,2026-08-18T07:15:00Z,2026-08-18T09:15:00+0200,2932.0,MW,ES,ES,actual_onshore_wind_generation,Wind Onshore,2026-08-19T10:57:03Z
2026-08-19T10:47:00Z,2026-08-19T12:47:00+0200,e079ef81-c4ef-4643-8235-c8ef85358b45,2026-08-18T07:30:00Z,2026-08-18T09:30:00+0200,2692.0,MW,ES,ES,actual_onshore_wind_generation,Wind Onshore,2026-08-19T10:57:03Z
2026-08-19T10:47:00Z,2026-08-19T12:47:00+0200,e079ef81-c4ef-4643-8235-c8ef85358b45,2026-08-18T07:45:00Z,2026-08-18T09:45:00+0200,2424.0,MW,ES,ES,actual_onshore_wind_generation,Wind Onshore,2026-08-19T10:57:03Z
2026-08-19T10:47:00Z,2026-08-19T12:47:00+0200,e079ef81-c4ef-4643-8235-c8ef85358b45,2026-08-18T08:00:00Z,2026-08-18T10:00:00+0200,2192.0,MW,ES,ES,actual_onshore_wind_generation,Wind Onshore,2026-08-19T10:57:03Z
2026-08-19T10:47:00Z,2026-08-19T12:47:00+0200,e079ef81-c4ef-4643-8235-c8ef85358b45,2026-08-18T08:15:00Z,2026-08-18T10:15:00+0200,1896.0,MW,ES,ES,actual_onshore_wind_generation,Wind Onshore,2026-08-19T10:57:03Z
2026-08-19T10:47:00Z,2026-08-19T12:47:00+0200,e079ef81-c4ef-4643-8235-c8ef85358b45,2026-08-18T08:30:00Z,2026-08-18T10:30:00+0200,1852.0,MW,ES,ES,actual_onshore_wind_generation,Wind Onshore,2026-08-19T10:57:03Z
2026-08-19T10:47:00Z,2026-08-19T12:47:00+0200,e079ef81-c4ef-4643-8235-c8ef85358b45,2026-08-18T08:45:00Z,2026-08-18T10:45:00+0200,1712.0,MW,ES,ES,actual_onshore_wind_generation,Wind Onshore,2026-08-19T10:57:03Z
2026-08-19T10:47:00Z,2026-08-19T12:47:00+0200,e079ef81-c4ef-4643-8235-c8ef85358b45,2026-08-18T09:00:00Z,2026-08-18T11:00:00+0200,1512.0,MW,ES,ES,actual_onshore_wind_generation,Wind Onshore,2026-08-19T10:57:03Z
2026-08-19T10:47:00Z,2026-08-19T12:47:00+0200,e079ef81-c4ef-4643-8235-c8ef85358b45,2026-08-18T09:15:00Z,2026-08-18T11:15:00+0200,1472.0,MW,ES,ES,actual_onshore_wind_generation,Wind Onshore,2026-08-19T10:57:03Z
2026-08-19T10:47:00Z,2026-08-19T12:47:00+0200,e079ef81-c4ef-4643-8235-c8ef85358b45,2026-08-18T09:30:00Z,2026-08-18T11:30:00+0200,1448.0,MW,ES,ES,actual_onshore_wind_generation,Wind Onshore,2026-08-19T10:57:03Z
2026-08-19T10:47:00Z,2026-08-19T12:47:00+0200,e079ef81-c4ef-4643-8235-c8ef85358b45,2026-08-18T09:45:00Z,2026-08-18T11:45:00+0200,1396.0,MW,ES,ES,actual_onshore_wind_generation,Wind Onshore,2026-08-19T10:57:03Z
2026-08-19T10:47:00Z,2026-08-19T12:47:00+0200,e079ef81-c4ef-4643-8235-c8ef85358b45,2026-08-18T10:00:00Z,2026-08-18T12:00:00+0200,1316.0,MW,ES,ES,actual_onshore_wind_generation,Wind Onshore,2026-08-19T10:57:03Z
2026-08-19T10:47:00Z,2026-08-19T12:47:00+0200,e079ef81-c4ef-4643-8235-c8ef85358b45,2026-08-18T10:15:00Z,2026-08-18T12:15:00+0200,1272.0,MW,ES,ES,actual_onshore_wind_generation,Wind Onshore,2026-08-19T10:57:03Z
2026-08-19T10:47:00Z,2026-08-19T12:47:00+0200,e079ef81-c4ef-4643-8235-c8ef85358b45,2026-08-18T10:30:00Z,2026-08-18T12:30:00+0200,1252.0,MW,ES,ES,actual_onshore_wind_generation,Wind Onshore,2026-08-19T10:57:03Z
2026-08-19T10:47:00Z,2026-08-19T12:47:00+0200,e079ef81-c4ef-4643-8235-c8ef85358b45,2026-08-18T10:45:00Z,2026-08-18T12:45:00+0200,1232.0,MW,ES,ES,actual_onshore_wind_generation,Wind Onshore,2026-08-19T10:57:03Z
2026-08-19T10:47:00Z,2026-08-19T12:47:00+0200,e079ef81-c4ef-4643-8235-c8ef85358b45,2026-08-18T11:00:00Z,2026-08-18T13:00:00+0200,1256.0,MW,ES,ES,actual_onshore_wind_generation,Wind Onshore,2026-08-19T10:57:03Z
2026-08-19T10:47:00Z,2026-08-19T12:47:00+0200,e079ef81-c4ef-4643-8235-c8ef85358b45,2026-08-18T11:15:00Z,2026-08-18T13:15:00+0200,1308.0,MW,ES,ES,actual_onshore_wind_generation,Wind Onshore,2026-08-19T10:57:03Z
2026-08-19T10:47:00Z,2026-08-19T12:47:00+0200,e079ef81-c4ef-4643-8235-c8ef85358b45,2026-08-18T11:30:00Z,2026-08-18T13:30:00+0200,1380.0,MW,ES,ES,actual_onshore_wind_generation,Wind Onshore,2026-08-19T10:57:03Z
2026-08-19T10:47:00Z,2026-08-19T12:47:00+0200,e079ef81-c4ef-4643-8235-c8ef85358b45,2026-08-18T11:45:00Z,2026-08-18T13:45:00+0200,1416.0,MW,ES,ES,actual_onshore_wind_generation,Wind Onshore,2026-08-19T10:57:03Z
2026-08-19T10:47:00Z,2026-08-19T12:47:00+0200,e079ef81-c4ef-4643-8235-c8ef85358b45,2026-08-18T12:00:00Z,2026-08-18T14:00:00+0200,1468.0,MW,ES,ES,actual_onshore_wind_generation,Wind Onshore,2026-08-19T10:57:03Z
2026-08-19T10:47:00Z,2026-08-19T12:47:00+0200,e079ef81-c4ef-4643-8235-c8ef85358b45,2026-08-18T12:15:00Z,2026-08-18T14:15:00+0200,1552.0,MW,ES,ES,actual_onshore_wind_generation,Wind Onshore,2026-08-19T10:57:03Z
2026-08-19T10:47:00Z,2026-08-19T12:47:00+0200,e079ef81-c4ef-4643-8235-c8ef85358b45,2026-08-18T12:30:00Z,2026-08-18T14:30:00+0200,1668.0,MW,ES,ES,actual_onshore_wind_generation,Wind Onshore,2026-08-19T10:57:03Z
2026-08-19T10:47:00Z,2026-08-19T12:47:00+0200,e079ef81-c4ef-4643-8235-c8ef85358b45,2026-08-18T12:45:00Z,2026-08-18T14:45:00+0200,1788.0,MW,ES,ES,actual_onshore_wind_generation,Wind Onshore,2026-08-19T10:57:03Z
2026-08-19T10:47:00Z,2026-08-19T12:47:00+0200,e079ef81-c4ef-4643-8235-c8ef85358b45,2026-08-18T13:00:00Z,2026-08-18T15:00:00+0200,2004.0,MW,ES,ES,actual_onshore_wind_generation,Wind Onshore,2026-08-19T10:57:03Z
2026-08-19T10:47:00Z,2026-08-19T12:47:00+0200,e079ef81-c4ef-4643-8235-c8ef85358b45,2026-08-18T13:15:00Z,2026-08-18T15:15:00+0200,2160.0,MW,ES,ES,actual_onshore_wind_generation,Wind Onshore,2026-08-19T10:57:03Z
2026-08-19T10:47:00Z,2026-08-19T12:47:00+0200,e079ef81-c4ef-4643-8235-c8ef85358b45,2026-08-18T13:30:00Z,2026-08-18T15:30:00+0200,2292.0,MW,ES,ES,actual_onshore_wind_generation,Wind Onshore,2026-08-19T10:57:03Z
2026-08-19T10:47:00Z,2026-08-19T12:47:00+0200,e079ef81-c4ef-4643-8235-c8ef85358b45,2026-08-18T13:45:00Z,2026-08-18T15:45:00+0200,2416.0,MW,ES,ES,actual_onshore_wind_generation,Wind Onshore,2026-08-19T10:57:03Z
2026-08-19T10:47:00Z,2026-08-19T12:47:00+0200,e079ef81-c4ef-4643-8235-c8ef85358b45,2026-08-18T14:00:00Z,2026-08-18T16:00:00+0200,2484.0,MW,ES,ES,actual_onshore_wind_generation,Wind Onshore,2026-08-19T10:57:03Z
2026-08-19T10:47:00Z,2026-08-19T12:47:00+0200,e079ef81-c4ef-4643-8235-c8ef85358b45,2026-08-18T14:15:00Z,2026-08-18T16:15:00+0200,2652.0,MW,ES,ES,actual_onshore_wind_generation,Wind Onshore,2026-08-19T10:57:03Z
2026-08-19T10:47:00Z,2026-08-19T12:47:00+0200,e079ef81-c4ef-4643-8235-c8ef85358b45,2026-08-18T14:30:00Z,2026-08-18T16:30:00+0200,2780.0,MW,ES,ES,actual_onshore_wind_generation,Wind Onshore,2026-08-19T10:57:03Z
2026-08-19T10:47:00Z,2026-08-19T12:47:00+0200,e079ef81-c4ef-4643-8235-c8ef85358b45,2026-08-18T14:45:00Z,2026-08-18T16:45:00+0200,2824.0,MW,ES,ES,actual_onshore_wind_generation,Wind Onshore,2026-08-19T10:57:03Z
2026-08-19T10:47:00Z,2026-08-19T12:47:00+0200,e079ef81-c4ef-4643-8235-c8ef85358b45,2026-08-18T15:00:00Z,2026-08-18T17:00:00+0200,2860.0,MW,ES,ES,actual_onshore_wind_generation,Wind Onshore,2026-08-19T10:57:03Z
2026-08-19T10:47:00Z,2026-08-19T12:47:00+0200,e079ef81-c4ef-4643-8235-c8ef85358b45,2026-08-18T15:15:00Z,2026-08-18T17:15:00+0200,2848.0,MW,ES,ES,actual_onshore_wind_generation,Wind Onshore,2026-08-19T10:57:03Z
2026-08-19T10:47:00Z,2026-08-19T12:47:00+0200,e079ef81-c4ef-4643-8235-c8ef85358b45,2026-08-18T15:30:00Z,2026-08-18T17:30:00+0200,2940.0,MW,ES,ES,actual_onshore_wind_generation,Wind Onshore,2026-08-19T10:57:03Z
2026-08-19T10:47:00Z,2026-08-19T12:47:00+0200,e079ef81-c4ef-4643-8235-c8ef85358b45,2026-08-18T15:45:00Z,2026-08-18T17:45:00+0200,2976.0,MW,ES,ES,actual_onshore_wind_generation,Wind Onshore,2026-08-19T10:57:03Z
2026-08-19T10:47:00Z,2026-08-19T12:47:00+0200,e079ef81-c4ef-4643-8235-c8ef85358b45,2026-08-18T16:00:00Z,2026-08-18T18:00:00+0200,3124.0,MW,ES,ES,actual_onshore_wind_generation,Wind Onshore,2026-08-19T10:57:03Z
2026-08-19T10:47:00Z,2026-08-19T12:47:00+0200,e079ef81-c4ef-4643-8235-c8ef85358b45,2026-08-18T16:15:00Z,2026-08-18T18:15:00+0200,3300.0,MW,ES,ES,actual_onshore_wind_generation,Wind Onshore,2026-08-19T10:57:03Z
2026-08-19T10:47:00Z,2026-08-19T12:47:00+0200,e079ef81-c4ef-4643-8235-c8ef85358b45,2026-08-18T16:30:00Z,2026-08-18T18:30:00+0200,3372.0,MW,ES,ES,actual_onshore_wind_generation,Wind Onshore,2026-08-19T10:57:03Z
2026-08-19T10:47:00Z,2026-08-19T12:47:00+0200,e079ef81-c4ef-4643-8235-c8ef85358b45,2026-08-18T16:45:00Z,2026-08-18T18:45:00+0200,3340.0,MW,ES,ES,actual_onshore_wind_generation,Wind Onshore,2026-08-19T10:57:03Z
2026-08-19T10:47:00Z,2026-08-19T12:47:00+0200,e079ef81-c4ef-4643-8235-c8ef85358b45,2026-08-18T17:00:00Z,2026-08-18T19:00:00+0200,3368.0,MW,ES,ES,actual_onshore_wind_generation,Wind Onshore,2026-08-19T10:57:03Z
2026-08-19T10:47:00Z,2026-08-19T12:47:00+0200,e079ef81-c4ef-4643-8235-c8ef85358b45,2026-08-18T17:15:00Z,2026-08-18T19:15:00+0200,3400.0,MW,ES,ES,actual_onshore_wind_generation,Wind Onshore,2026-08-19T10:57:03Z
2026-08-19T10:47:00Z,2026-08-19T12:47:00+0200,e079ef81-c4ef-4643-8235-c8ef85358b45,2026-08-18T17:30:00Z,2026-08-18T19:30:00+0200,3440.0,MW,ES,ES,actual_onshore_wind_generation,Wind Onshore,2026-08-19T10:57:03Z
2026-08-19T10:47:00Z,2026-08-19T12:47:00+0200,e079ef81-c4ef-4643-8235-c8ef85358b45,2026-08-18T17:45:00Z,2026-08-18T19:45:00+0200,3408.0,MW,ES,ES,actual_onshore_wind_generation,Wind Onshore,2026-08-19T10:57:03Z
2026-08-19T10:47:00Z,2026-08-19T12:47:00+0200,e079ef81-c4ef-4643-8235-c8ef85358b45,2026-08-18T18:00:00Z,2026-08-18T20:00:00+0200,3492.0,MW,ES,ES,actual_onshore_wind_generation,Wind Onshore,2026-08-19T10:57:03Z
2026-08-19T10:47:00Z,2026-08-19T12:47:00+0200,e079ef81-c4ef-4643-8235-c8ef85358b45,2026-08-18T18:15:00Z,2026-08-18T20:15:00+0200,3396.0,MW,ES,ES,actual_onshore_wind_generation,Wind Onshore,2026-08-19T10:57:03Z
2026-08-19T10:47:00Z,2026-08-19T12:47:00+0200,e079ef81-c4ef-4643-8235-c8ef85358b45,2026-08-18T18:30:00Z,2026-08-18T20:30:00+0200,3332.0,MW,ES,ES,actual_onshore_wind_generation,Wind Onshore,2026-08-19T10:57:03Z
2026-08-19T10:47:00Z,2026-08-19T12:47:00+0200,e079ef81-c4ef-4643-8235-c8ef85358b45,2026-08-18T18:45:00Z,2026-08-18T20:45:00+0200,3320.0,MW,ES,ES,actual_onshore_wind_generation,Wind Onshore,2026-08-19T10:57:03Z
2026-08-19T10:47:00Z,2026-08-19T12:47:00+0200,e079ef81-c4ef-4643-8235-c8ef85358b45,2026-08-18T19:00:00Z,2026-08-18T21:00:00+0200,3280.0,MW,ES,ES,actual_onshore_wind_generation,Wind Onshore,2026-08-19T10:57:03Z
2026-08-19T10:47:00Z,2026-08-19T12:47:00+0200,e079ef81-c4ef-4643-8235-c8ef85358b45,2026-08-18T19:15:00Z,2026-08-18T21:15:00+0200,3292.0,MW,ES,ES,actual_onshore_wind_generation,Wind Onshore,2026-08-19T10:57:03Z
2026-08-19T10:47:00Z,2026-08-19T12:47:00+0200,e079ef81-c4ef-4643-8235-c8ef85358b45,2026-08-18T19:30:00Z,2026-08-18T21:30:00+0200,3236.0,MW,ES,ES,actual_onshore_wind_generation,Wind Onshore,2026-08-19T10:57:03Z
2026-08-19T10:47:00Z,2026-08-19T12:47:00+0200,e079ef81-c4ef-4643-8235-c8ef85358b45,2026-08-18T19:45:00Z,2026-08-18T21:45:00+0200,3196.0,MW,ES,ES,actual_onshore_wind_generation,Wind Onshore,2026-08-19T10:57:03Z
2026-08-19T10:47:00Z,2026-08-19T12:47:00+0200,e079ef81-c4ef-4643-8235-c8ef85358b45,2026-08-18T20:00:00Z,2026-08-18T22:00:00+0200,3148.0,MW,ES,ES,actual_onshore_wind_generation,Wind Onshore,2026-08-19T10:57:03Z
2026-08-19T10:47:00Z,2026-08-19T12:47:00+0200,e079ef81-c4ef-4643-8235-c8ef85358b45,2026-08-18T20:15:00Z,2026-08-18T22:15:00+0200,3068.0,MW,ES,ES,actual_onshore_wind_generation,Wind Onshore,2026-08-19T10:57:03Z
2026-08-19T10:47:00Z,2026-08-19T12:47:00+0200,e079ef81-c4ef-4643-8235-c8ef85358b45,2026-08-18T20:30:00Z,2026-08-18T22:30:00+0200,2984.0,MW,ES,ES,actual_onshore_wind_generation,Wind Onshore,2026-08-19T10:57:03Z
2026-08-19T10:47:00Z,2026-08-19T12:47:00+0200,e079ef81-c4ef-4643-8235-c8ef85358b45,2026-08-18T20:45:00Z,2026-08-18T22:45:00+0200,3064.0,MW,ES,ES,actual_onshore_wind_generation,Wind Onshore,2026-08-19T10:57:03Z
2026-08-19T10:47:00Z,2026-08-19T12:47:00+0200,e079ef81-c4ef-4643-8235-c8ef85358b45,2026-08-18T21:00:00Z,2026-08-18T23:00:00+0200,3076.0,MW,ES,ES,actual_onshore_wind_generation,Wind Onshore,2026-08-19T10:57:03Z
2026-08-19T10:47:00Z,2026-08-19T12:47:00+0200,e079ef81-c4ef-4643-8235-c8ef85358b45,2026-08-18T21:15:00Z,2026-08-18T23:15:00+0200,3104.0,MW,ES,ES,actual_onshore_wind_generation,Wind Onshore,2026-08-19T10:57:03Z
2026-08-19T10:47:00Z,2026-08-19T12:47:00+0200,e079ef81-c4ef-4643-8235-c8ef85358b45,2026-08-18T21:45:00Z,2026-08-18T23:45:00+0200,3160.0,MW,ES,ES,actual_onshore_wind_generation,Wind Onshore,2026-08-19T10:57:03Z
2026-08-19T10:47:00Z,2026-08-19T12:47:00+0200,e079ef81-c4ef-4643-8235-c8ef85358b45,2026-08-18T22:00:00Z,2026-08-19T00:00:00+0200,3160.0,MW,ES,ES,actual_onshore_wind_generation,Wind Onshore,2026-08-19T10:57:03Z
2026-08-19T10:47:00Z,2026-08-19T12:47:00+0200,e079ef81-c4ef-4643-8235-c8ef85358b45,2026-08-18T22:15:00Z,2026-08-19T00:15:00+0200,3224.0,MW,ES,ES,actual_onshore_wind_generation,Wind Onshore,2026-08-19T10:57:03Z
2026-08-19T10:47:00Z,2026-08-19T12:47:00+0200,e079ef81-c4ef-4643-8235-c8ef85358b45,2026-08-18T22:30:00Z,2026-08-19T00:30:00+0200,3168.0,MW,ES,ES,actual_onshore_wind_generation,Wind Onshore,2026-08-19T10:57:03Z
2026-08-19T10:47:00Z,2026-08-19T12:47:00+0200,e079ef81-c4ef-4643-8235-c8ef85358b45,2026-08-18T22:45:00Z,2026-08-19T00:45:00+0200,3060.0,MW,ES,ES,actual_onshore_wind_generation,Wind Onshore,2026-08-19T10:57:03Z
2026-08-19T10:47:00Z,2026-08-19T12:47:00+0200,e079ef81-c4ef-4643-8235-c8ef85358b45,2026-08-18T23:00:00Z,2026-08-19T01:00:00+0200,3008.0,MW,ES,ES,actual_onshore_wind_generation,Wind Onshore,2026-08-19T10:57:03Z
2026-08-19T10:47:00Z,2026-08-19T12:47:00+0200,e079ef81-c4ef-4643-8235-c8ef85358b45,2026-08-18T23:15:00Z,2026-08-19T01:15:00+0200,2976.0,MW,ES,ES,actual_onshore_wind_generation,Wind Onshore,2026-08-19T10:57:03Z
2026-08-19T10:47:00Z,2026-08-19T12:47:00+0200,e079ef81-c4ef-4643-8235-c8ef85358b45,2026-08-18T23:30:00Z,2026-08-19T01:30:00+0200,2888.0,MW,ES,ES,actual_onshore_wind_generation,Wind Onshore,2026-08-19T10:57:03Z
2026-08-19T10:47:00Z,2026-08-19T12:47:00+0200,e079ef81-c4ef-4643-8235-c8ef85358b45,2026-08-18T23:45:00Z,2026-08-19T01:45:00+0200,2812.0,MW,ES,ES,actual_onshore_wind_generation,Wind Onshore,2026-08-19T10:57:03Z
2026-08-19T10:47:00Z,2026-08-19T12:47:00+0200,e079ef81-c4ef-4643-8235-c8ef85358b45,2026-08-19T00:00:00Z,2026-08-19T02:00:00+0200,2808.0,MW,ES,ES,actual_onshore_wind_generation,Wind Onshore,2026-08-19T10:57:03Z
2026-08-19T10:47:00Z,2026-08-19T12:47:00+0200,e079ef81-c4ef-4643-8235-c8ef85358b45,2026-08-19T00:15:00Z,2026-08-19T02:15:00+0200,2804.0,MW,ES,ES,actual_onshore_wind_generation,Wind Onshore,2026-08-19T10:57:03Z
2026-08-19T10:47:00Z,2026-08-19T12:47:00+0200,e079ef81-c4ef-4643-8235-c8ef85358b45,2026-08-19T00:30:00Z,2026-08-19T02:30:00+0200,2712.0,MW,ES,ES,actual_onshore_wind_generation,Wind Onshore,2026-08-19T10:57:03Z
2026-08-19T10:47:00Z,2026-08-19T12:47:00+0200,e079ef81-c4ef-4643-8235-c8ef85358b45,2026-08-19T00:45:00Z,2026-08-19T02:45:00+0200,2572.0,MW,ES,ES,actual_onshore_wind_generation,Wind Onshore,2026-08-19T10:57:03Z
2026-08-19T10:47:00Z,2026-08-19T12:47:00+0200,e079ef81-c4ef-4643-8235-c8ef85358b45,2026-08-19T01:00:00Z,2026-08-19T03:00:00+0200,2556.0,MW,ES,ES,actual_onshore_wind_generation,Wind Onshore,2026-08-19T10:57:03Z
2026-08-19T10:47:00Z,2026-08-19T12:47:00+0200,e079ef81-c4ef-4643-8235-c8ef85358b45,2026-08-19T01:15:00Z,2026-08-19T03:15:00+0200,2532.0,MW,ES,ES,actual_onshore_wind_generation,Wind Onshore,2026-08-19T10:57:03Z
2026-08-19T10:47:00Z,2026-08-19T12:47:00+0200,e079ef81-c4ef-4643-8235-c8ef85358b45,2026-08-19T01:30:00Z,2026-08-19T03:30:00+0200,2496.0,MW,ES,ES,actual_onshore_wind_generation,Wind Onshore,2026-08-19T10:57:03Z
2026-08-19T10:47:00Z,2026-08-19T12:47:00+0200,e079ef81-c4ef-4643-8235-c8ef85358b45,2026-08-19T01:45:00Z,2026-08-19T03:45:00+0200,2440.0,MW,ES,ES,actual_onshore_wind_generation,Wind Onshore,2026-08-19T10:57:03Z
2026-08-19T10:47:00Z,2026-08-19T12:47:00+0200,e079ef81-c4ef-4643-8235-c8ef85358b45,2026-08-19T02:00:00Z,2026-08-19T04:00:00+0200,2444.0,MW,ES,ES,actual_onshore_wind_generation,Wind Onshore,2026-08-19T10:57:03Z
2026-08-19T10:47:00Z,2026-08-19T12:47:00+0200,e079ef81-c4ef-4643-8235-c8ef85358b45,2026-08-19T02:15:00Z,2026-08-19T04:15:00+0200,2500.0,MW,ES,ES,actual_onshore_wind_generation,Wind Onshore,2026-08-19T10:57:03Z
2026-08-19T10:47:00Z,2026-08-19T12:47:00+0200,e079ef81-c4ef-4643-8235-c8ef85358b45,2026-08-19T02:30:00Z,2026-08-19T04:30:00+0200,2616.0,MW,ES,ES,actual_onshore_wind_generation,Wind Onshore,2026-08-19T10:57:03Z
2026-08-19T10:47:00Z,2026-08-19T12:47:00+0200,e079ef81-c4ef-4643-8235-c8ef85358b45,2026-08-19T02:45:00Z,2026-08-19T04:45:00+0200,2780.0,MW,ES,ES,actual_onshore_wind_generation,Wind Onshore,2026-08-19T10:57:03Z
2026-08-19T10:47:00Z,2026-08-19T12:47:00+0200,e079ef81-c4ef-4643-8235-c8ef85358b45,2026-08-19T03:00:00Z,2026-08-19T05:00:00+0200,2920.0,MW,ES,ES,actual_onshore_wind_generation,Wind Onshore,2026-08-19T10:57:03Z
2026-08-19T10:47:00Z,2026-08-19T12:47:00+0200,e079ef81-c4ef-4643-8235-c8ef85358b45,2026-08-19T03:15:00Z,2026-08-19T05:15:00+0200,3028.0,MW,ES,ES,actual_onshore_wind_generation,Wind Onshore,2026-08-19T10:57:03Z
2026-08-19T10:47:00Z,2026-08-19T12:47:00+0200,e079ef81-c4ef-4643-8235-c8ef85358b45,2026-08-19T03:30:00Z,2026-08-19T05:30:00+0200,3128.0,MW,ES,ES,actual_onshore_wind_generation,Wind Onshore,2026-08-19T10:57:03Z
2026-08-19T10:47:00Z,2026-08-19T12:47:00+0200,e079ef81-c4ef-4643-8235-c8ef85358b45,2026-08-19T03:45:00Z,2026-08-19T05:45:00+0200,3208.0,MW,ES,ES,actual_onshore_wind_generation,Wind Onshore,2026-08-19T10:57:03Z
2026-08-19T10:47:00Z,2026-08-19T12:47:00+0200,e079ef81-c4ef-4643-8235-c8ef85358b45,2026-08-19T04:00:00Z,2026-08-19T06:00:00+0200,3332.0,MW,ES,ES,actual_onshore_wind_generation,Wind Onshore,2026-08-19T10:57:03Z
2026-08-19T10:47:00Z,2026-08-19T12:47:00+0200,e079ef81-c4ef-4643-8235-c8ef85358b45,2026-08-19T04:15:00Z,2026-08-19T06:15:00+0200,3488.0,MW,ES,ES,actual_onshore_wind_generation,Wind Onshore,2026-08-19T10:57:03Z
2026-08-19T10:47:00Z,2026-08-19T12:47:00+0200,e079ef81-c4ef-4643-8235-c8ef85358b45,2026-08-19T04:30:00Z,2026-08-19T06:30:00+0200,3552.0,MW,ES,ES,actual_onshore_wind_generation,Wind Onshore,2026-08-19T10:57:03Z
2026-08-19T10:47:00Z,2026-08-19T12:47:00+0200,e079ef81-c4ef-4643-8235-c8ef85358b45,2026-08-19T04:45:00Z,2026-08-19T06:45:00+0200,3556.0,MW,ES,ES,actual_onshore_wind_generation,Wind Onshore,2026-08-19T10:57:03Z
2026-08-19T10:47:00Z,2026-08-19T12:47:00+0200,e079ef81-c4ef-4643-8235-c8ef85358b45,2026-08-19T05:00:00Z,2026-08-19T07:00:00+0200,3536.0,MW,ES,ES,actual_onshore_wind_generation,Wind Onshore,2026-08-19T10:57:03Z
2026-08-19T10:47:00Z,2026-08-19T12:47:00+0200,e079ef81-c4ef-4643-8235-c8ef85358b45,2026-08-19T05:15:00Z,2026-08-19T07:15:00+0200,3496.0,MW,ES,ES,actual_onshore_wind_generation,Wind Onshore,2026-08-19T10:57:03Z
2026-08-19T10:47:00Z,2026-08-19T12:47:00+0200,e079ef81-c4ef-4643-8235-c8ef85358b45,2026-08-19T05:30:00Z,2026-08-19T07:30:00+0200,3516.0,MW,ES,ES,actual_onshore_wind_generation,Wind Onshore,2026-08-19T10:57:03Z
2026-08-19T10:47:00Z,2026-08-19T12:47:00+0200,e079ef81-c4ef-4643-8235-c8ef85358b45,2026-08-19T05:45:00Z,2026-08-19T07:45:00+0200,3480.0,MW,ES,ES,actual_onshore_wind_generation,Wind Onshore,2026-08-19T10:57:03Z
2026-08-19T10:47:00Z,2026-08-19T12:47:00+0200,e079ef81-c4ef-4643-8235-c8ef85358b45,2026-08-19T06:00:00Z,2026-08-19T08:00:00+0200,3408.0,MW,ES,ES,actual_onshore_wind_generation,Wind Onshore,2026-08-19T10:57:03Z
2026-08-19T10:47:00Z,2026-08-19T12:47:00+0200,e079ef81-c4ef-4643-8235-c8ef85358b45,2026-08-19T06:15:00Z,2026-08-19T08:15:00+0200,3308.0,MW,ES,ES,actual_onshore_wind_generation,Wind Onshore,2026-08-19T10:57:03Z
2026-08-19T10:47:00Z,2026-08-19T12:47:00+0200,e079ef81-c4ef-4643-8235-c8ef85358b45,2026-08-19T06:30:00Z,2026-08-19T08:30:00+0200,3176.0,MW,ES,ES,actual_onshore_wind_generation,Wind Onshore,2026-08-19T10:57:03Z
2026-08-19T10:47:00Z,2026-08-19T12:47:00+0200,e079ef81-c4ef-4643-8235-c8ef85358b45,2026-08-19T06:45:00Z,2026-08-19T08:45:00+0200,2960.0,MW,ES,ES,actual_onshore_wind_generation,Wind Onshore,2026-08-19T10:57:03Z
2026-08-19T10:47:00Z,2026-08-19T12:47:00+0200,e079ef81-c4ef-4643-8235-c8ef85358b45,2026-08-19T07:00:00Z,2026-08-19T09:00:00+0200,2684.0,MW,ES,ES,actual_onshore_wind_generation,Wind Onshore,2026-08-19T10:57:03Z
2026-08-19T10:47:00Z,2026-08-19T12:47:00+0200,e079ef81-c4ef-4643-8235-c8ef85358b45,2026-08-19T07:15:00Z,2026-08-19T09:15:00+0200,2444.0,MW,ES,ES,actual_onshore_wind_generation,Wind Onshore,2026-08-19T10:57:03Z
2026-08-19T10:47:00Z,2026-08-19T12:47:00+0200,e079ef81-c4ef-4643-8235-c8ef85358b45,2026-08-19T07:30:00Z,2026-08-19T09:30:00+0200,2284.0,MW,ES,ES,actual_onshore_wind_generation,Wind Onshore,2026-08-19T10:57:03Z
2026-08-19T10:47:00Z,2026-08-19T12:47:00+0200,e079ef81-c4ef-4643-8235-c8ef85358b45,2026-08-19T07:45:00Z,2026-08-19T09:45:00+0200,1948.0,MW,ES,ES,actual_onshore_wind_generation,Wind Onshore,2026-08-19T10:57:03Z
2026-08-19T10:47:00Z,2026-08-19T12:47:00+0200,e079ef81-c4ef-4643-8235-c8ef85358b45,2026-08-19T08:00:00Z,2026-08-19T10:00:00+0200,1940.0,MW,ES,ES,actual_onshore_wind_generation,Wind Onshore,2026-08-19T10:57:03Z
2026-08-19T10:47:00Z,2026-08-19T12:47:00+0200,e079ef81-c4ef-4643-8235-c8ef85358b45,2026-08-19T08:15:00Z,2026-08-19T10:15:00+0200,2060.0,MW,ES,ES,actual_onshore_wind_generation,Wind Onshore,2026-08-19T10:57:03Z
2026-08-19T10:47:00Z,2026-08-19T12:47:00+0200,e079ef81-c4ef-4643-8235-c8ef85358b45,2026-08-19T08:30:00Z,2026-08-19T10:30:00+0200,2088.0,MW,ES,ES,actual_onshore_wind_generation,Wind Onshore,2026-08-19T10:57:03Z
2026-08-19T10:47:00Z,2026-08-19T12:47:00+0200,e079ef81-c4ef-4643-8235-c8ef85358b45,2026-08-19T08:45:00Z,2026-08-19T10:45:00+0200,2016.0,MW,ES,ES,actual_onshore_wind_generation,Wind Onshore,2026-08-19T10:57:03Z
2026-08-19T10:47:00Z,2026-08-19T12:47:00+0200,e079ef81-c4ef-4643-8235-c8ef85358b45,2026-08-19T09:00:00Z,2026-08-19T11:00:00+0200,1964.0,MW,ES,ES,actual_onshore_wind_generation,Wind Onshore,2026-08-19T10:57:03Z
2026-08-19T10:47:00Z,2026-08-19T12:47:00+0200,e079ef81-c4ef-4643-8235-c8ef85358b45,2026-08-19T09:15:00Z,2026-08-19T11:15:00+0200,2016.0,MW,ES,ES,actual_onshore_wind_generation,Wind Onshore,2026-08-19T10:57:03Z
2026-08-19T10:47:00Z,2026-08-19T12:47:00+0200,e079ef81-c4ef-4643-8235-c8ef85358b45,2026-08-19T09:30:00Z,2026-08-19T11:30:00+0200,2168.0,MW,ES,ES,actual_onshore_wind_generation,Wind Onshore,2026-08-19T10:57:03Z
2026-08-19T10:47:00Z,2026-08-19T12:47:00+0200,e079ef81-c4ef-4643-8235-c8ef85358b45,2026-08-19T09:45:00Z,2026-08-19T11:45:00+0200,2012.0,MW,ES,ES,actual_onshore_wind_generation,Wind Onshore,2026-08-19T10:57:03Z
2026-08-19T10:47:00Z,2026-08-19T12:47:00+0200,e079ef81-c4ef-4643-8235-c8ef85358b45,2026-08-19T10:00:00Z,2026-08-19T12:00:00+0200,1968.0,MW,ES,ES,actual_onshore_wind_generation,Wind Onshore,2026-08-19T10:57:03Z
2026-08-19T10:47:00Z,2026-08-19T12:47:00+0200,e079ef81-c4ef-4643-8235-c8ef85358b45,2026-08-19T10:15:00Z,2026-08-19T12:15:00+0200,2024.0,MW,ES,ES,actual_onshore_wind_generation,Wind Onshore,2026-08-19T10:57:03Z
