collection_time_utc,collection_time_local,run_id,timestamp_utc,timestamp_local,value,unit,country,entsoe_area,variable,source,updated_at_utc
2026-09-13T08:12:08Z,2026-09-13T10:12:08+0200,09fe2dd8-9230-4048-b545-388b2cac71a8,2026-09-06T08:15:00Z,2026-09-06T10:15:00+0200,605.04999,MW,FR,FR,forecast_offshore_wind_generation,Wind Offshore,2026-09-13T08:14:51Z
2026-09-13T08:12:08Z,2026-09-13T10:12:08+0200,09fe2dd8-9230-4048-b545-388b2cac71a8,2026-09-06T08:30:00Z,2026-09-06T10:30:00+0200,568.98999,MW,FR,FR,forecast_offshore_wind_generation,Wind Offshore,2026-09-13T08:14:51Z
2026-09-13T08:12:08Z,2026-09-13T10:12:08+0200,09fe2dd8-9230-4048-b545-388b2cac71a8,2026-09-06T08:45:00Z,2026-09-06T10:45:00+0200,532.91003,MW,FR,FR,forecast_offshore_wind_generation,Wind Offshore,2026-09-13T08:14:51Z
2026-09-13T08:12:08Z,2026-09-13T10:12:08+0200,09fe2dd8-9230-4048-b545-388b2cac71a8,2026-09-06T09:00:00Z,2026-09-06T11:00:00+0200,496.84,MW,FR,FR,forecast_offshore_wind_generation,Wind Offshore,2026-09-13T08:14:51Z
2026-09-13T08:12:08Z,2026-09-13T10:12:08+0200,09fe2dd8-9230-4048-b545-388b2cac71a8,2026-09-06T09:15:00Z,2026-09-06T11:15:00+0200,468.47998,MW,FR,FR,forecast_offshore_wind_generation,Wind Offshore,2026-09-13T08:14:51Z
2026-09-13T08:12:08Z,2026-09-13T10:12:08+0200,09fe2dd8-9230-4048-b545-388b2cac71a8,2026-09-06T09:30:00Z,2026-09-06T11:30:00+0200,440.13998,MW,FR,FR,forecast_offshore_wind_generation,Wind Offshore,2026-09-13T08:14:51Z
2026-09-13T08:12:08Z,2026-09-13T10:12:08+0200,09fe2dd8-9230-4048-b545-388b2cac71a8,2026-09-06T09:45:00Z,2026-09-06T11:45:00+0200,411.78,MW,FR,FR,forecast_offshore_wind_generation,Wind Offshore,2026-09-13T08:14:51Z
2026-09-13T08:12:08Z,2026-09-13T10:12:08+0200,09fe2dd8-9230-4048-b545-388b2cac71a8,2026-09-06T10:00:00Z,2026-09-06T12:00:00+0200,383.42999,MW,FR,FR,forecast_offshore_wind_generation,Wind Offshore,2026-09-13T08:14:51Z
2026-09-13T08:12:08Z,2026-09-13T10:12:08+0200,09fe2dd8-9230-4048-b545-388b2cac71a8,2026-09-06T10:15:00Z,2026-09-06T12:15:00+0200,378.41,MW,FR,FR,forecast_offshore_wind_generation,Wind Offshore,2026-09-13T08:14:51Z
2026-09-13T08:12:08Z,2026-09-13T10:12:08+0200,09fe2dd8-9230-4048-b545-388b2cac71a8,2026-09-06T10:30:00Z,2026-09-06T12:30:00+0200,373.41,MW,FR,FR,forecast_offshore_wind_generation,Wind Offshore,2026-09-13T08:14:51Z
2026-09-13T08:12:08Z,2026-09-13T10:12:08+0200,09fe2dd8-9230-4048-b545-388b2cac71a8,2026-09-06T10:45:00Z,2026-09-06T12:45:00+0200,368.39999,MW,FR,FR,forecast_offshore_wind_generation,Wind Offshore,2026-09-13T08:14:51Z
2026-09-13T08:12:08Z,2026-09-13T10:12:08+0200,09fe2dd8-9230-4048-b545-388b2cac71a8,2026-09-06T11:00:00Z,2026-09-06T13:00:00+0200,363.39999,MW,FR,FR,forecast_offshore_wind_generation,Wind Offshore,2026-09-13T08:14:51Z
2026-09-13T08:12:08Z,2026-09-13T10:12:08+0200,09fe2dd8-9230-4048-b545-388b2cac71a8,2026-09-06T11:15:00Z,2026-09-06T13:15:00+0200,346.76001,MW,FR,FR,forecast_offshore_wind_generation,Wind Offshore,2026-09-13T08:14:51Z
2026-09-13T08:12:08Z,2026-09-13T10:12:08+0200,09fe2dd8-9230-4048-b545-388b2cac71a8,2026-09-06T11:30:00Z,2026-09-06T13:30:00+0200,330.10999,MW,FR,FR,forecast_offshore_wind_generation,Wind Offshore,2026-09-13T08:14:51Z
2026-09-13T08:12:08Z,2026-09-13T10:12:08+0200,09fe2dd8-9230-4048-b545-388b2cac71a8,2026-09-06T11:45:00Z,2026-09-06T13:45:00+0200,313.46997,MW,FR,FR,forecast_offshore_wind_generation,Wind Offshore,2026-09-13T08:14:51Z
2026-09-13T08:12:08Z,2026-09-13T10:12:08+0200,09fe2dd8-9230-4048-b545-388b2cac71a8,2026-09-06T12:00:00Z,2026-09-06T14:00:00+0200,95.85,MW,FR,FR,forecast_offshore_wind_generation,Wind Offshore,2026-09-13T08:14:51Z
2026-09-13T08:12:08Z,2026-09-13T10:12:08+0200,09fe2dd8-9230-4048-b545-388b2cac71a8,2026-09-06T12:15:00Z,2026-09-06T14:15:00+0200,96.24001,MW,FR,FR,forecast_offshore_wind_generation,Wind Offshore,2026-09-13T08:14:51Z
2026-09-13T08:12:08Z,2026-09-13T10:12:08+0200,09fe2dd8-9230-4048-b545-388b2cac71a8,2026-09-06T12:30:00Z,2026-09-06T14:30:00+0200,292.84003,MW,FR,FR,forecast_offshore_wind_generation,Wind Offshore,2026-09-13T08:14:51Z
2026-09-13T08:12:08Z,2026-09-13T10:12:08+0200,09fe2dd8-9230-4048-b545-388b2cac71a8,2026-09-06T12:45:00Z,2026-09-06T14:45:00+0200,290.85001,MW,FR,FR,forecast_offshore_wind_generation,Wind Offshore,2026-09-13T08:14:51Z
2026-09-13T08:12:08Z,2026-09-13T10:12:08+0200,09fe2dd8-9230-4048-b545-388b2cac71a8,2026-09-06T13:00:00Z,2026-09-06T15:00:00+0200,288.87,MW,FR,FR,forecast_offshore_wind_generation,Wind Offshore,2026-09-13T08:14:51Z
2026-09-13T08:12:08Z,2026-09-13T10:12:08+0200,09fe2dd8-9230-4048-b545-388b2cac71a8,2026-09-06T13:15:00Z,2026-09-06T15:15:00+0200,284.88,MW,FR,FR,forecast_offshore_wind_generation,Wind Offshore,2026-09-13T08:14:51Z
2026-09-13T08:12:08Z,2026-09-13T10:12:08+0200,09fe2dd8-9230-4048-b545-388b2cac71a8,2026-09-06T13:30:00Z,2026-09-06T15:30:00+0200,280.89001,MW,FR,FR,forecast_offshore_wind_generation,Wind Offshore,2026-09-13T08:14:51Z
2026-09-13T08:12:08Z,2026-09-13T10:12:08+0200,09fe2dd8-9230-4048-b545-388b2cac71a8,2026-09-06T13:45:00Z,2026-09-06T15:45:00+0200,276.91,MW,FR,FR,forecast_offshore_wind_generation,Wind Offshore,2026-09-13T08:14:51Z
2026-09-13T08:12:08Z,2026-09-13T10:12:08+0200,09fe2dd8-9230-4048-b545-388b2cac71a8,2026-09-06T14:00:00Z,2026-09-06T16:00:00+0200,272.94,MW,FR,FR,forecast_offshore_wind_generation,Wind Offshore,2026-09-13T08:14:51Z
2026-09-13T08:12:08Z,2026-09-13T10:12:08+0200,09fe2dd8-9230-4048-b545-388b2cac71a8,2026-09-06T14:15:00Z,2026-09-06T16:15:00+0200,276.45999,MW,FR,FR,forecast_offshore_wind_generation,Wind Offshore,2026-09-13T08:14:51Z
2026-09-13T08:12:08Z,2026-09-13T10:12:08+0200,09fe2dd8-9230-4048-b545-388b2cac71a8,2026-09-06T14:30:00Z,2026-09-06T16:30:00+0200,280.01001,MW,FR,FR,forecast_offshore_wind_generation,Wind Offshore,2026-09-13T08:14:51Z
2026-09-13T08:12:08Z,2026-09-13T10:12:08+0200,09fe2dd8-9230-4048-b545-388b2cac71a8,2026-09-06T14:45:00Z,2026-09-06T16:45:00+0200,283.58002,MW,FR,FR,forecast_offshore_wind_generation,Wind Offshore,2026-09-13T08:14:51Z
2026-09-13T08:12:08Z,2026-09-13T10:12:08+0200,09fe2dd8-9230-4048-b545-388b2cac71a8,2026-09-06T15:00:00Z,2026-09-06T17:00:00+0200,287.14001,MW,FR,FR,forecast_offshore_wind_generation,Wind Offshore,2026-09-13T08:14:51Z
2026-09-13T08:12:08Z,2026-09-13T10:12:08+0200,09fe2dd8-9230-4048-b545-388b2cac71a8,2026-09-06T15:15:00Z,2026-09-06T17:15:00+0200,320.78998,MW,FR,FR,forecast_offshore_wind_generation,Wind Offshore,2026-09-13T08:14:51Z
2026-09-13T08:12:08Z,2026-09-13T10:12:08+0200,09fe2dd8-9230-4048-b545-388b2cac71a8,2026-09-06T15:30:00Z,2026-09-06T17:30:00+0200,354.45001,MW,FR,FR,forecast_offshore_wind_generation,Wind Offshore,2026-09-13T08:14:51Z
2026-09-13T08:12:08Z,2026-09-13T10:12:08+0200,09fe2dd8-9230-4048-b545-388b2cac71a8,2026-09-06T15:45:00Z,2026-09-06T17:45:00+0200,388.13998,MW,FR,FR,forecast_offshore_wind_generation,Wind Offshore,2026-09-13T08:14:51Z
2026-09-13T08:12:08Z,2026-09-13T10:12:08+0200,09fe2dd8-9230-4048-b545-388b2cac71a8,2026-09-06T16:00:00Z,2026-09-06T18:00:00+0200,421.80002,MW,FR,FR,forecast_offshore_wind_generation,Wind Offshore,2026-09-13T08:14:51Z
2026-09-13T08:12:08Z,2026-09-13T10:12:08+0200,09fe2dd8-9230-4048-b545-388b2cac71a8,2026-09-06T16:15:00Z,2026-09-06T18:15:00+0200,384.83002,MW,FR,FR,forecast_offshore_wind_generation,Wind Offshore,2026-09-13T08:14:51Z
2026-09-13T08:12:08Z,2026-09-13T10:12:08+0200,09fe2dd8-9230-4048-b545-388b2cac71a8,2026-09-06T16:30:00Z,2026-09-06T18:30:00+0200,347.85999,MW,FR,FR,forecast_offshore_wind_generation,Wind Offshore,2026-09-13T08:14:51Z
2026-09-13T08:12:08Z,2026-09-13T10:12:08+0200,09fe2dd8-9230-4048-b545-388b2cac71a8,2026-09-06T16:45:00Z,2026-09-06T18:45:00+0200,310.89999,MW,FR,FR,forecast_offshore_wind_generation,Wind Offshore,2026-09-13T08:14:51Z
2026-09-13T08:12:08Z,2026-09-13T10:12:08+0200,09fe2dd8-9230-4048-b545-388b2cac71a8,2026-09-06T17:00:00Z,2026-09-06T19:00:00+0200,273.92999,MW,FR,FR,forecast_offshore_wind_generation,Wind Offshore,2026-09-13T08:14:51Z
2026-09-13T08:12:08Z,2026-09-13T10:12:08+0200,09fe2dd8-9230-4048-b545-388b2cac71a8,2026-09-06T17:15:00Z,2026-09-06T19:15:00+0200,317.01999,MW,FR,FR,forecast_offshore_wind_generation,Wind Offshore,2026-09-13T08:14:51Z
2026-09-13T08:12:08Z,2026-09-13T10:12:08+0200,09fe2dd8-9230-4048-b545-388b2cac71a8,2026-09-06T17:30:00Z,2026-09-06T19:30:00+0200,360.08002,MW,FR,FR,forecast_offshore_wind_generation,Wind Offshore,2026-09-13T08:14:51Z
2026-09-13T08:12:08Z,2026-09-13T10:12:08+0200,09fe2dd8-9230-4048-b545-388b2cac71a8,2026-09-06T17:45:00Z,2026-09-06T19:45:00+0200,403.17001,MW,FR,FR,forecast_offshore_wind_generation,Wind Offshore,2026-09-13T08:14:51Z
2026-09-13T08:12:08Z,2026-09-13T10:12:08+0200,09fe2dd8-9230-4048-b545-388b2cac71a8,2026-09-06T18:00:00Z,2026-09-06T20:00:00+0200,446.26001,MW,FR,FR,forecast_offshore_wind_generation,Wind Offshore,2026-09-13T08:14:51Z
2026-09-13T08:12:08Z,2026-09-13T10:12:08+0200,09fe2dd8-9230-4048-b545-388b2cac71a8,2026-09-06T18:15:00Z,2026-09-06T20:15:00+0200,492.5,MW,FR,FR,forecast_offshore_wind_generation,Wind Offshore,2026-09-13T08:14:51Z
2026-09-13T08:12:08Z,2026-09-13T10:12:08+0200,09fe2dd8-9230-4048-b545-388b2cac71a8,2026-09-06T18:30:00Z,2026-09-06T20:30:00+0200,538.72998,MW,FR,FR,forecast_offshore_wind_generation,Wind Offshore,2026-09-13T08:14:51Z
2026-09-13T08:12:08Z,2026-09-13T10:12:08+0200,09fe2dd8-9230-4048-b545-388b2cac71a8,2026-09-06T18:45:00Z,2026-09-06T20:45:00+0200,584.93994,MW,FR,FR,forecast_offshore_wind_generation,Wind Offshore,2026-09-13T08:14:51Z
2026-09-13T08:12:08Z,2026-09-13T10:12:08+0200,09fe2dd8-9230-4048-b545-388b2cac71a8,2026-09-06T19:00:00Z,2026-09-06T21:00:00+0200,631.17004,MW,FR,FR,forecast_offshore_wind_generation,Wind Offshore,2026-09-13T08:14:51Z
2026-09-13T08:12:08Z,2026-09-13T10:12:08+0200,09fe2dd8-9230-4048-b545-388b2cac71a8,2026-09-06T19:15:00Z,2026-09-06T21:15:00+0200,660.84998,MW,FR,FR,forecast_offshore_wind_generation,Wind Offshore,2026-09-13T08:14:51Z
2026-09-13T08:12:08Z,2026-09-13T10:12:08+0200,09fe2dd8-9230-4048-b545-388b2cac71a8,2026-09-06T19:30:00Z,2026-09-06T21:30:00+0200,690.52997,MW,FR,FR,forecast_offshore_wind_generation,Wind Offshore,2026-09-13T08:14:51Z
2026-09-13T08:12:08Z,2026-09-13T10:12:08+0200,09fe2dd8-9230-4048-b545-388b2cac71a8,2026-09-06T19:45:00Z,2026-09-06T21:45:00+0200,720.22998,MW,FR,FR,forecast_offshore_wind_generation,Wind Offshore,2026-09-13T08:14:51Z
2026-09-13T08:12:08Z,2026-09-13T10:12:08+0200,09fe2dd8-9230-4048-b545-388b2cac71a8,2026-09-06T20:00:00Z,2026-09-06T22:00:00+0200,749.90997,MW,FR,FR,forecast_offshore_wind_generation,Wind Offshore,2026-09-13T08:14:51Z
2026-09-13T08:12:08Z,2026-09-13T10:12:08+0200,09fe2dd8-9230-4048-b545-388b2cac71a8,2026-09-06T20:15:00Z,2026-09-06T22:15:00+0200,790.56995,MW,FR,FR,forecast_offshore_wind_generation,Wind Offshore,2026-09-13T08:14:51Z
2026-09-13T08:12:08Z,2026-09-13T10:12:08+0200,09fe2dd8-9230-4048-b545-388b2cac71a8,2026-09-06T20:30:00Z,2026-09-06T22:30:00+0200,831.23999,MW,FR,FR,forecast_offshore_wind_generation,Wind Offshore,2026-09-13T08:14:51Z
2026-09-13T08:12:08Z,2026-09-13T10:12:08+0200,09fe2dd8-9230-4048-b545-388b2cac71a8,2026-09-06T20:45:00Z,2026-09-06T22:45:00+0200,871.88995,MW,FR,FR,forecast_offshore_wind_generation,Wind Offshore,2026-09-13T08:14:51Z
2026-09-13T08:12:08Z,2026-09-13T10:12:08+0200,09fe2dd8-9230-4048-b545-388b2cac71a8,2026-09-06T21:00:00Z,2026-09-06T23:00:00+0200,912.53003,MW,FR,FR,forecast_offshore_wind_generation,Wind Offshore,2026-09-13T08:14:51Z
2026-09-13T08:12:08Z,2026-09-13T10:12:08+0200,09fe2dd8-9230-4048-b545-388b2cac71a8,2026-09-06T21:15:00Z,2026-09-06T23:15:00+0200,897.0,MW,FR,FR,forecast_offshore_wind_generation,Wind Offshore,2026-09-13T08:14:51Z
2026-09-13T08:12:08Z,2026-09-13T10:12:08+0200,09fe2dd8-9230-4048-b545-388b2cac71a8,2026-09-06T21:30:00Z,2026-09-06T23:30:00+0200,881.48999,MW,FR,FR,forecast_offshore_wind_generation,Wind Offshore,2026-09-13T08:14:51Z
2026-09-13T08:12:08Z,2026-09-13T10:12:08+0200,09fe2dd8-9230-4048-b545-388b2cac71a8,2026-09-06T21:45:00Z,2026-09-06T23:45:00+0200,865.93994,MW,FR,FR,forecast_offshore_wind_generation,Wind Offshore,2026-09-13T08:14:51Z
2026-09-13T08:12:08Z,2026-09-13T10:12:08+0200,09fe2dd8-9230-4048-b545-388b2cac71a8,2026-09-06T22:00:00Z,2026-09-07T00:00:00+0200,664.77997,MW,FR,FR,forecast_offshore_wind_generation,Wind Offshore,2026-09-13T08:14:51Z
2026-09-13T08:12:08Z,2026-09-13T10:12:08+0200,09fe2dd8-9230-4048-b545-388b2cac71a8,2026-09-06T22:15:00Z,2026-09-07T00:15:00+0200,676.18005,MW,FR,FR,forecast_offshore_wind_generation,Wind Offshore,2026-09-13T08:14:51Z
2026-09-13T08:12:08Z,2026-09-13T10:12:08+0200,09fe2dd8-9230-4048-b545-388b2cac71a8,2026-09-06T22:30:00Z,2026-09-07T00:30:00+0200,687.60004,MW,FR,FR,forecast_offshore_wind_generation,Wind Offshore,2026-09-13T08:14:51Z
2026-09-13T08:12:08Z,2026-09-13T10:12:08+0200,09fe2dd8-9230-4048-b545-388b2cac71a8,2026-09-06T22:45:00Z,2026-09-07T00:45:00+0200,699.0,MW,FR,FR,forecast_offshore_wind_generation,Wind Offshore,2026-09-13T08:14:51Z
2026-09-13T08:12:08Z,2026-09-13T10:12:08+0200,09fe2dd8-9230-4048-b545-388b2cac71a8,2026-09-06T23:00:00Z,2026-09-07T01:00:00+0200,710.39996,MW,FR,FR,forecast_offshore_wind_generation,Wind Offshore,2026-09-13T08:14:51Z
2026-09-13T08:12:08Z,2026-09-13T10:12:08+0200,09fe2dd8-9230-4048-b545-388b2cac71a8,2026-09-06T23:15:00Z,2026-09-07T01:15:00+0200,720.21002,MW,FR,FR,forecast_offshore_wind_generation,Wind Offshore,2026-09-13T08:14:51Z
2026-09-13T08:12:08Z,2026-09-13T10:12:08+0200,09fe2dd8-9230-4048-b545-388b2cac71a8,2026-09-06T23:30:00Z,2026-09-07T01:30:00+0200,730.00995,MW,FR,FR,forecast_offshore_wind_generation,Wind Offshore,2026-09-13T08:14:51Z
2026-09-13T08:12:08Z,2026-09-13T10:12:08+0200,09fe2dd8-9230-4048-b545-388b2cac71a8,2026-09-06T23:45:00Z,2026-09-07T01:45:00+0200,739.82001,MW,FR,FR,forecast_offshore_wind_generation,Wind Offshore,2026-09-13T08:14:51Z
2026-09-13T08:12:08Z,2026-09-13T10:12:08+0200,09fe2dd8-9230-4048-b545-388b2cac71a8,2026-09-07T00:00:00Z,2026-09-07T02:00:00+0200,749.63995,MW,FR,FR,forecast_offshore_wind_generation,Wind Offshore,2026-09-13T08:14:51Z
2026-09-13T08:12:08Z,2026-09-13T10:12:08+0200,09fe2dd8-9230-4048-b545-388b2cac71a8,2026-09-07T00:15:00Z,2026-09-07T02:15:00+0200,765.95001,MW,FR,FR,forecast_offshore_wind_generation,Wind Offshore,2026-09-13T08:14:51Z
2026-09-13T08:12:08Z,2026-09-13T10:12:08+0200,09fe2dd8-9230-4048-b545-388b2cac71a8,2026-09-07T00:30:00Z,2026-09-07T02:30:00+0200,782.29004,MW,FR,FR,forecast_offshore_wind_generation,Wind Offshore,2026-09-13T08:14:51Z
2026-09-13T08:12:08Z,2026-09-13T10:12:08+0200,09fe2dd8-9230-4048-b545-388b2cac71a8,2026-09-07T00:45:00Z,2026-09-07T02:45:00+0200,798.62,MW,FR,FR,forecast_offshore_wind_generation,Wind Offshore,2026-09-13T08:14:51Z
2026-09-13T08:12:08Z,2026-09-13T10:12:08+0200,09fe2dd8-9230-4048-b545-388b2cac71a8,2026-09-07T01:00:00Z,2026-09-07T03:00:00+0200,814.95007,MW,FR,FR,forecast_offshore_wind_generation,Wind Offshore,2026-09-13T08:14:51Z
2026-09-13T08:12:08Z,2026-09-13T10:12:08+0200,09fe2dd8-9230-4048-b545-388b2cac71a8,2026-09-07T01:15:00Z,2026-09-07T03:15:00+0200,814.26001,MW,FR,FR,forecast_offshore_wind_generation,Wind Offshore,2026-09-13T08:14:51Z
2026-09-13T08:12:08Z,2026-09-13T10:12:08+0200,09fe2dd8-9230-4048-b545-388b2cac71a8,2026-09-07T01:30:00Z,2026-09-07T03:30:00+0200,813.56,MW,FR,FR,forecast_offshore_wind_generation,Wind Offshore,2026-09-13T08:14:51Z
2026-09-13T08:12:08Z,2026-09-13T10:12:08+0200,09fe2dd8-9230-4048-b545-388b2cac71a8,2026-09-07T01:45:00Z,2026-09-07T03:45:00+0200,812.88,MW,FR,FR,forecast_offshore_wind_generation,Wind Offshore,2026-09-13T08:14:51Z
2026-09-13T08:12:08Z,2026-09-13T10:12:08+0200,09fe2dd8-9230-4048-b545-388b2cac71a8,2026-09-07T02:00:00Z,2026-09-07T04:00:00+0200,812.19,MW,FR,FR,forecast_offshore_wind_generation,Wind Offshore,2026-09-13T08:14:51Z
2026-09-13T08:12:08Z,2026-09-13T10:12:08+0200,09fe2dd8-9230-4048-b545-388b2cac71a8,2026-09-07T02:15:00Z,2026-09-07T04:15:00+0200,796.57007,MW,FR,FR,forecast_offshore_wind_generation,Wind Offshore,2026-09-13T08:14:51Z
2026-09-13T08:12:08Z,2026-09-13T10:12:08+0200,09fe2dd8-9230-4048-b545-388b2cac71a8,2026-09-07T02:30:00Z,2026-09-07T04:30:00+0200,780.95001,MW,FR,FR,forecast_offshore_wind_generation,Wind Offshore,2026-09-13T08:14:51Z
2026-09-13T08:12:08Z,2026-09-13T10:12:08+0200,09fe2dd8-9230-4048-b545-388b2cac71a8,2026-09-07T02:45:00Z,2026-09-07T04:45:00+0200,765.33997,MW,FR,FR,forecast_offshore_wind_generation,Wind Offshore,2026-09-13T08:14:51Z
2026-09-13T08:12:08Z,2026-09-13T10:12:08+0200,09fe2dd8-9230-4048-b545-388b2cac71a8,2026-09-07T03:00:00Z,2026-09-07T05:00:00+0200,749.71997,MW,FR,FR,forecast_offshore_wind_generation,Wind Offshore,2026-09-13T08:14:51Z
2026-09-13T08:12:08Z,2026-09-13T10:12:08+0200,09fe2dd8-9230-4048-b545-388b2cac71a8,2026-09-07T03:15:00Z,2026-09-07T05:15:00+0200,702.37,MW,FR,FR,forecast_offshore_wind_generation,Wind Offshore,2026-09-13T08:14:51Z
2026-09-13T08:12:08Z,2026-09-13T10:12:08+0200,09fe2dd8-9230-4048-b545-388b2cac71a8,2026-09-07T03:30:00Z,2026-09-07T05:30:00+0200,655.01001,MW,FR,FR,forecast_offshore_wind_generation,Wind Offshore,2026-09-13T08:14:51Z
2026-09-13T08:12:08Z,2026-09-13T10:12:08+0200,09fe2dd8-9230-4048-b545-388b2cac71a8,2026-09-07T03:45:00Z,2026-09-07T05:45:00+0200,607.67004,MW,FR,FR,forecast_offshore_wind_generation,Wind Offshore,2026-09-13T08:14:51Z
2026-09-13T08:12:08Z,2026-09-13T10:12:08+0200,09fe2dd8-9230-4048-b545-388b2cac71a8,2026-09-07T04:00:00Z,2026-09-07T06:00:00+0200,560.33997,MW,FR,FR,forecast_offshore_wind_generation,Wind Offshore,2026-09-13T08:14:51Z
2026-09-13T08:12:08Z,2026-09-13T10:12:08+0200,09fe2dd8-9230-4048-b545-388b2cac71a8,2026-09-07T04:15:00Z,2026-09-07T06:15:00+0200,562.73999,MW,FR,FR,forecast_offshore_wind_generation,Wind Offshore,2026-09-13T08:14:51Z
2026-09-13T08:12:08Z,2026-09-13T10:12:08+0200,09fe2dd8-9230-4048-b545-388b2cac71a8,2026-09-07T04:30:00Z,2026-09-07T06:30:00+0200,565.15002,MW,FR,FR,forecast_offshore_wind_generation,Wind Offshore,2026-09-13T08:14:51Z
2026-09-13T08:12:08Z,2026-09-13T10:12:08+0200,09fe2dd8-9230-4048-b545-388b2cac71a8,2026-09-07T04:45:00Z,2026-09-07T06:45:00+0200,567.53003,MW,FR,FR,forecast_offshore_wind_generation,Wind Offshore,2026-09-13T08:14:51Z
2026-09-13T08:12:08Z,2026-09-13T10:12:08+0200,09fe2dd8-9230-4048-b545-388b2cac71a8,2026-09-07T05:00:00Z,2026-09-07T07:00:00+0200,569.91998,MW,FR,FR,forecast_offshore_wind_generation,Wind Offshore,2026-09-13T08:14:51Z
2026-09-13T08:12:08Z,2026-09-13T10:12:08+0200,09fe2dd8-9230-4048-b545-388b2cac71a8,2026-09-07T05:15:00Z,2026-09-07T07:15:00+0200,557.67004,MW,FR,FR,forecast_offshore_wind_generation,Wind Offshore,2026-09-13T08:14:51Z
2026-09-13T08:12:08Z,2026-09-13T10:12:08+0200,09fe2dd8-9230-4048-b545-388b2cac71a8,2026-09-07T05:30:00Z,2026-09-07T07:30:00+0200,545.42999,MW,FR,FR,forecast_offshore_wind_generation,Wind Offshore,2026-09-13T08:14:51Z
2026-09-13T08:12:08Z,2026-09-13T10:12:08+0200,09fe2dd8-9230-4048-b545-388b2cac71a8,2026-09-07T05:45:00Z,2026-09-07T07:45:00+0200,533.15997,MW,FR,FR,forecast_offshore_wind_generation,Wind Offshore,2026-09-13T08:14:51Z
2026-09-13T08:12:08Z,2026-09-13T10:12:08+0200,09fe2dd8-9230-4048-b545-388b2cac71a8,2026-09-07T06:00:00Z,2026-09-07T08:00:00+0200,520.90997,MW,FR,FR,forecast_offshore_wind_generation,Wind Offshore,2026-09-13T08:14:51Z
2026-09-13T08:12:08Z,2026-09-13T10:12:08+0200,09fe2dd8-9230-4048-b545-388b2cac71a8,2026-09-07T06:15:00Z,2026-09-07T08:15:00+0200,511.40997,MW,FR,FR,forecast_offshore_wind_generation,Wind Offshore,2026-09-13T08:14:51Z
2026-09-13T08:12:08Z,2026-09-13T10:12:08+0200,09fe2dd8-9230-4048-b545-388b2cac71a8,2026-09-07T06:30:00Z,2026-09-07T08:30:00+0200,501.89996,MW,FR,FR,forecast_offshore_wind_generation,Wind Offshore,2026-09-13T08:14:51Z
2026-09-13T08:12:08Z,2026-09-13T10:12:08+0200,09fe2dd8-9230-4048-b545-388b2cac71a8,2026-09-07T06:45:00Z,2026-09-07T08:45:00+0200,492.41,MW,FR,FR,forecast_offshore_wind_generation,Wind Offshore,2026-09-13T08:14:51Z
2026-09-13T08:12:08Z,2026-09-13T10:12:08+0200,09fe2dd8-9230-4048-b545-388b2cac71a8,2026-09-07T07:00:00Z,2026-09-07T09:00:00+0200,482.89001,MW,FR,FR,forecast_offshore_wind_generation,Wind Offshore,2026-09-13T08:14:51Z
2026-09-13T08:12:08Z,2026-09-13T10:12:08+0200,09fe2dd8-9230-4048-b545-388b2cac71a8,2026-09-07T07:15:00Z,2026-09-07T09:15:00+0200,476.77002,MW,FR,FR,forecast_offshore_wind_generation,Wind Offshore,2026-09-13T08:14:51Z
2026-09-13T08:12:08Z,2026-09-13T10:12:08+0200,09fe2dd8-9230-4048-b545-388b2cac71a8,2026-09-07T07:30:00Z,2026-09-07T09:30:00+0200,470.64001,MW,FR,FR,forecast_offshore_wind_generation,Wind Offshore,2026-09-13T08:14:51Z
2026-09-13T08:12:08Z,2026-09-13T10:12:08+0200,09fe2dd8-9230-4048-b545-388b2cac71a8,2026-09-07T07:45:00Z,2026-09-07T09:45:00+0200,464.52997,MW,FR,FR,forecast_offshore_wind_generation,Wind Offshore,2026-09-13T08:14:51Z
2026-09-13T08:12:08Z,2026-09-13T10:12:08+0200,09fe2dd8-9230-4048-b545-388b2cac71a8,2026-09-07T08:00:00Z,2026-09-07T10:00:00+0200,458.40002,MW,FR,FR,forecast_offshore_wind_generation,Wind Offshore,2026-09-13T08:14:51Z
2026-09-13T08:12:08Z,2026-09-13T10:12:08+0200,09fe2dd8-9230-4048-b545-388b2cac71a8,2026-09-07T08:15:00Z,2026-09-07T10:15:00+0200,485.23999,MW,FR,FR,forecast_offshore_wind_generation,Wind Offshore,2026-09-13T08:14:51Z
2026-09-13T08:12:08Z,2026-09-13T10:12:08+0200,09fe2dd8-9230-4048-b545-388b2cac71a8,2026-09-07T08:30:00Z,2026-09-07T10:30:00+0200,512.04004,MW,FR,FR,forecast_offshore_wind_generation,Wind Offshore,2026-09-13T08:14:51Z
2026-09-13T08:12:08Z,2026-09-13T10:12:08+0200,09fe2dd8-9230-4048-b545-388b2cac71a8,2026-09-07T08:45:00Z,2026-09-07T10:45:00+0200,538.87,MW,FR,FR,forecast_offshore_wind_generation,Wind Offshore,2026-09-13T08:14:51Z
2026-09-13T08:12:08Z,2026-09-13T10:12:08+0200,09fe2dd8-9230-4048-b545-388b2cac71a8,2026-09-07T09:00:00Z,2026-09-07T11:00:00+0200,565.69995,MW,FR,FR,forecast_offshore_wind_generation,Wind Offshore,2026-09-13T08:14:51Z
2026-09-13T08:12:08Z,2026-09-13T10:12:08+0200,09fe2dd8-9230-4048-b545-388b2cac71a8,2026-09-07T09:15:00Z,2026-09-07T11:15:00+0200,565.08997,MW,FR,FR,forecast_offshore_wind_generation,Wind Offshore,2026-09-13T08:14:51Z
2026-09-13T08:12:08Z,2026-09-13T10:12:08+0200,09fe2dd8-9230-4048-b545-388b2cac71a8,2026-09-07T09:30:00Z,2026-09-07T11:30:00+0200,564.46002,MW,FR,FR,forecast_offshore_wind_generation,Wind Offshore,2026-09-13T08:14:51Z
2026-09-13T08:12:08Z,2026-09-13T10:12:08+0200,09fe2dd8-9230-4048-b545-388b2cac71a8,2026-09-07T09:45:00Z,2026-09-07T11:45:00+0200,563.85004,MW,FR,FR,forecast_offshore_wind_generation,Wind Offshore,2026-09-13T08:14:51Z
2026-09-13T08:12:08Z,2026-09-13T10:12:08+0200,09fe2dd8-9230-4048-b545-388b2cac71a8,2026-09-07T10:00:00Z,2026-09-07T12:00:00+0200,563.22998,MW,FR,FR,forecast_offshore_wind_generation,Wind Offshore,2026-09-13T08:14:51Z
2026-09-13T08:12:08Z,2026-09-13T10:12:08+0200,09fe2dd8-9230-4048-b545-388b2cac71a8,2026-09-07T10:15:00Z,2026-09-07T12:15:00+0200,560.01001,MW,FR,FR,forecast_offshore_wind_generation,Wind Offshore,2026-09-13T08:14:51Z
2026-09-13T08:12:08Z,2026-09-13T10:12:08+0200,09fe2dd8-9230-4048-b545-388b2cac71a8,2026-09-07T10:30:00Z,2026-09-07T12:30:00+0200,556.77997,MW,FR,FR,forecast_offshore_wind_generation,Wind Offshore,2026-09-13T08:14:51Z
2026-09-13T08:12:08Z,2026-09-13T10:12:08+0200,09fe2dd8-9230-4048-b545-388b2cac71a8,2026-09-07T10:45:00Z,2026-09-07T12:45:00+0200,553.54999,MW,FR,FR,forecast_offshore_wind_generation,Wind Offshore,2026-09-13T08:14:51Z
2026-09-13T08:12:08Z,2026-09-13T10:12:08+0200,09fe2dd8-9230-4048-b545-388b2cac71a8,2026-09-07T11:00:00Z,2026-09-07T13:00:00+0200,550.31,MW,FR,FR,forecast_offshore_wind_generation,Wind Offshore,2026-09-13T08:14:51Z
2026-09-13T08:12:08Z,2026-09-13T10:12:08+0200,09fe2dd8-9230-4048-b545-388b2cac71a8,2026-09-07T11:15:00Z,2026-09-07T13:15:00+0200,510.00998,MW,FR,FR,forecast_offshore_wind_generation,Wind Offshore,2026-09-13T08:14:51Z
2026-09-13T08:12:08Z,2026-09-13T10:12:08+0200,09fe2dd8-9230-4048-b545-388b2cac71a8,2026-09-07T11:30:00Z,2026-09-07T13:30:00+0200,469.72003,MW,FR,FR,forecast_offshore_wind_generation,Wind Offshore,2026-09-13T08:14:51Z
2026-09-13T08:12:08Z,2026-09-13T10:12:08+0200,09fe2dd8-9230-4048-b545-388b2cac71a8,2026-09-07T11:45:00Z,2026-09-07T13:45:00+0200,429.40997,MW,FR,FR,forecast_offshore_wind_generation,Wind Offshore,2026-09-13T08:14:51Z
2026-09-13T08:12:08Z,2026-09-13T10:12:08+0200,09fe2dd8-9230-4048-b545-388b2cac71a8,2026-09-07T12:00:00Z,2026-09-07T14:00:00+0200,389.11996,MW,FR,FR,forecast_offshore_wind_generation,Wind Offshore,2026-09-13T08:14:51Z
2026-09-13T08:12:08Z,2026-09-13T10:12:08+0200,09fe2dd8-9230-4048-b545-388b2cac71a8,2026-09-07T12:15:00Z,2026-09-07T14:15:00+0200,370.78,MW,FR,FR,forecast_offshore_wind_generation,Wind Offshore,2026-09-13T08:14:51Z
2026-09-13T08:12:08Z,2026-09-13T10:12:08+0200,09fe2dd8-9230-4048-b545-388b2cac71a8,2026-09-07T12:30:00Z,2026-09-07T14:30:00+0200,352.45001,MW,FR,FR,forecast_offshore_wind_generation,Wind Offshore,2026-09-13T08:14:51Z
2026-09-13T08:12:08Z,2026-09-13T10:12:08+0200,09fe2dd8-9230-4048-b545-388b2cac71a8,2026-09-07T12:45:00Z,2026-09-07T14:45:00+0200,334.09998,MW,FR,FR,forecast_offshore_wind_generation,Wind Offshore,2026-09-13T08:14:51Z
2026-09-13T08:12:08Z,2026-09-13T10:12:08+0200,09fe2dd8-9230-4048-b545-388b2cac71a8,2026-09-07T13:00:00Z,2026-09-07T15:00:00+0200,315.75,MW,FR,FR,forecast_offshore_wind_generation,Wind Offshore,2026-09-13T08:14:51Z
2026-09-13T08:12:08Z,2026-09-13T10:12:08+0200,09fe2dd8-9230-4048-b545-388b2cac71a8,2026-09-07T13:15:00Z,2026-09-07T15:15:00+0200,306.69,MW,FR,FR,forecast_offshore_wind_generation,Wind Offshore,2026-09-13T08:14:51Z
2026-09-13T08:12:08Z,2026-09-13T10:12:08+0200,09fe2dd8-9230-4048-b545-388b2cac71a8,2026-09-07T13:30:00Z,2026-09-07T15:30:00+0200,297.62003,MW,FR,FR,forecast_offshore_wind_generation,Wind Offshore,2026-09-13T08:14:51Z
2026-09-13T08:12:08Z,2026-09-13T10:12:08+0200,09fe2dd8-9230-4048-b545-388b2cac71a8,2026-09-07T13:45:00Z,2026-09-07T15:45:00+0200,288.54999,MW,FR,FR,forecast_offshore_wind_generation,Wind Offshore,2026-09-13T08:14:51Z
2026-09-13T08:12:08Z,2026-09-13T10:12:08+0200,09fe2dd8-9230-4048-b545-388b2cac71a8,2026-09-07T14:00:00Z,2026-09-07T16:00:00+0200,279.47,MW,FR,FR,forecast_offshore_wind_generation,Wind Offshore,2026-09-13T08:14:51Z
2026-09-13T08:12:08Z,2026-09-13T10:12:08+0200,09fe2dd8-9230-4048-b545-388b2cac71a8,2026-09-07T14:15:00Z,2026-09-07T16:15:00+0200,296.59,MW,FR,FR,forecast_offshore_wind_generation,Wind Offshore,2026-09-13T08:14:51Z
2026-09-13T08:12:08Z,2026-09-13T10:12:08+0200,09fe2dd8-9230-4048-b545-388b2cac71a8,2026-09-07T14:30:00Z,2026-09-07T16:30:00+0200,313.72,MW,FR,FR,forecast_offshore_wind_generation,Wind Offshore,2026-09-13T08:14:51Z
2026-09-13T08:12:08Z,2026-09-13T10:12:08+0200,09fe2dd8-9230-4048-b545-388b2cac71a8,2026-09-07T14:45:00Z,2026-09-07T16:45:00+0200,330.84003,MW,FR,FR,forecast_offshore_wind_generation,Wind Offshore,2026-09-13T08:14:51Z
2026-09-13T08:12:08Z,2026-09-13T10:12:08+0200,09fe2dd8-9230-4048-b545-388b2cac71a8,2026-09-07T15:00:00Z,2026-09-07T17:00:00+0200,347.95999,MW,FR,FR,forecast_offshore_wind_generation,Wind Offshore,2026-09-13T08:14:51Z
2026-09-13T08:12:08Z,2026-09-13T10:12:08+0200,09fe2dd8-9230-4048-b545-388b2cac71a8,2026-09-07T15:15:00Z,2026-09-07T17:15:00+0200,373.99002,MW,FR,FR,forecast_offshore_wind_generation,Wind Offshore,2026-09-13T08:14:51Z
2026-09-13T08:12:08Z,2026-09-13T10:12:08+0200,09fe2dd8-9230-4048-b545-388b2cac71a8,2026-09-07T15:30:00Z,2026-09-07T17:30:00+0200,400.05002,MW,FR,FR,forecast_offshore_wind_generation,Wind Offshore,2026-09-13T08:14:51Z
2026-09-13T08:12:08Z,2026-09-13T10:12:08+0200,09fe2dd8-9230-4048-b545-388b2cac71a8,2026-09-07T15:45:00Z,2026-09-07T17:45:00+0200,426.09,MW,FR,FR,forecast_offshore_wind_generation,Wind Offshore,2026-09-13T08:14:51Z
2026-09-13T08:12:08Z,2026-09-13T10:12:08+0200,09fe2dd8-9230-4048-b545-388b2cac71a8,2026-09-07T16:00:00Z,2026-09-07T18:00:00+0200,452.14001,MW,FR,FR,forecast_offshore_wind_generation,Wind Offshore,2026-09-13T08:14:51Z
2026-09-13T08:12:08Z,2026-09-13T10:12:08+0200,09fe2dd8-9230-4048-b545-388b2cac71a8,2026-09-07T16:15:00Z,2026-09-07T18:15:00+0200,456.27002,MW,FR,FR,forecast_offshore_wind_generation,Wind Offshore,2026-09-13T08:14:51Z
2026-09-13T08:12:08Z,2026-09-13T10:12:08+0200,09fe2dd8-9230-4048-b545-388b2cac71a8,2026-09-07T16:30:00Z,2026-09-07T18:30:00+0200,460.40997,MW,FR,FR,forecast_offshore_wind_generation,Wind Offshore,2026-09-13T08:14:51Z
2026-09-13T08:12:08Z,2026-09-13T10:12:08+0200,09fe2dd8-9230-4048-b545-388b2cac71a8,2026-09-07T16:45:00Z,2026-09-07T18:45:00+0200,464.54999,MW,FR,FR,forecast_offshore_wind_generation,Wind Offshore,2026-09-13T08:14:51Z
2026-09-13T08:12:08Z,2026-09-13T10:12:08+0200,09fe2dd8-9230-4048-b545-388b2cac71a8,2026-09-07T17:00:00Z,2026-09-07T19:00:00+0200,468.70001,MW,FR,FR,forecast_offshore_wind_generation,Wind Offshore,2026-09-13T08:14:51Z
2026-09-13T08:12:08Z,2026-09-13T10:12:08+0200,09fe2dd8-9230-4048-b545-388b2cac71a8,2026-09-07T17:15:00Z,2026-09-07T19:15:00+0200,479.72998,MW,FR,FR,forecast_offshore_wind_generation,Wind Offshore,2026-09-13T08:14:51Z
2026-09-13T08:12:08Z,2026-09-13T10:12:08+0200,09fe2dd8-9230-4048-b545-388b2cac71a8,2026-09-07T17:30:00Z,2026-09-07T19:30:00+0200,490.78,MW,FR,FR,forecast_offshore_wind_generation,Wind Offshore,2026-09-13T08:14:51Z
2026-09-13T08:12:08Z,2026-09-13T10:12:08+0200,09fe2dd8-9230-4048-b545-388b2cac71a8,2026-09-07T17:45:00Z,2026-09-07T19:45:00+0200,501.83002,MW,FR,FR,forecast_offshore_wind_generation,Wind Offshore,2026-09-13T08:14:51Z
2026-09-13T08:12:08Z,2026-09-13T10:12:08+0200,09fe2dd8-9230-4048-b545-388b2cac71a8,2026-09-07T18:00:00Z,2026-09-07T20:00:00+0200,512.85999,MW,FR,FR,forecast_offshore_wind_generation,Wind Offshore,2026-09-13T08:14:51Z
2026-09-13T08:12:08Z,2026-09-13T10:12:08+0200,09fe2dd8-9230-4048-b545-388b2cac71a8,2026-09-07T18:15:00Z,2026-09-07T20:15:00+0200,510.43002,MW,FR,FR,forecast_offshore_wind_generation,Wind Offshore,2026-09-13T08:14:51Z
2026-09-13T08:12:08Z,2026-09-13T10:12:08+0200,09fe2dd8-9230-4048-b545-388b2cac71a8,2026-09-07T18:30:00Z,2026-09-07T20:30:00+0200,508.0,MW,FR,FR,forecast_offshore_wind_generation,Wind Offshore,2026-09-13T08:14:51Z
2026-09-13T08:12:08Z,2026-09-13T10:12:08+0200,09fe2dd8-9230-4048-b545-388b2cac71a8,2026-09-07T18:45:00Z,2026-09-07T20:45:00+0200,505.56998,MW,FR,FR,forecast_offshore_wind_generation,Wind Offshore,2026-09-13T08:14:51Z
2026-09-13T08:12:08Z,2026-09-13T10:12:08+0200,09fe2dd8-9230-4048-b545-388b2cac71a8,2026-09-07T19:00:00Z,2026-09-07T21:00:00+0200,503.13,MW,FR,FR,forecast_offshore_wind_generation,Wind Offshore,2026-09-13T08:14:51Z
2026-09-13T08:12:08Z,2026-09-13T10:12:08+0200,09fe2dd8-9230-4048-b545-388b2cac71a8,2026-09-07T19:15:00Z,2026-09-07T21:15:00+0200,511.95001,MW,FR,FR,forecast_offshore_wind_generation,Wind Offshore,2026-09-13T08:14:51Z
2026-09-13T08:12:08Z,2026-09-13T10:12:08+0200,09fe2dd8-9230-4048-b545-388b2cac71a8,2026-09-07T19:30:00Z,2026-09-07T21:30:00+0200,520.76996,MW,FR,FR,forecast_offshore_wind_generation,Wind Offshore,2026-09-13T08:14:51Z
2026-09-13T08:12:08Z,2026-09-13T10:12:08+0200,09fe2dd8-9230-4048-b545-388b2cac71a8,2026-09-07T19:45:00Z,2026-09-07T21:45:00+0200,529.60004,MW,FR,FR,forecast_offshore_wind_generation,Wind Offshore,2026-09-13T08:14:51Z
2026-09-13T08:12:08Z,2026-09-13T10:12:08+0200,09fe2dd8-9230-4048-b545-388b2cac71a8,2026-09-07T20:00:00Z,2026-09-07T22:00:00+0200,538.40997,MW,FR,FR,forecast_offshore_wind_generation,Wind Offshore,2026-09-13T08:14:51Z
2026-09-13T08:12:08Z,2026-09-13T10:12:08+0200,09fe2dd8-9230-4048-b545-388b2cac71a8,2026-09-07T20:15:00Z,2026-09-07T22:15:00+0200,531.39001,MW,FR,FR,forecast_offshore_wind_generation,Wind Offshore,2026-09-13T08:14:51Z
2026-09-13T08:12:08Z,2026-09-13T10:12:08+0200,09fe2dd8-9230-4048-b545-388b2cac71a8,2026-09-07T20:30:00Z,2026-09-07T22:30:00+0200,524.39001,MW,FR,FR,forecast_offshore_wind_generation,Wind Offshore,2026-09-13T08:14:51Z
2026-09-13T08:12:08Z,2026-09-13T10:12:08+0200,09fe2dd8-9230-4048-b545-388b2cac71a8,2026-09-07T20:45:00Z,2026-09-07T22:45:00+0200,517.38,MW,FR,FR,forecast_offshore_wind_generation,Wind Offshore,2026-09-13T08:14:51Z
2026-09-13T08:12:08Z,2026-09-13T10:12:08+0200,09fe2dd8-9230-4048-b545-388b2cac71a8,2026-09-07T21:00:00Z,2026-09-07T23:00:00+0200,510.36002,MW,FR,FR,forecast_offshore_wind_generation,Wind Offshore,2026-09-13T08:14:51Z
2026-09-13T08:12:08Z,2026-09-13T10:12:08+0200,09fe2dd8-9230-4048-b545-388b2cac71a8,2026-09-07T21:15:00Z,2026-09-07T23:15:00+0200,521.78003,MW,FR,FR,forecast_offshore_wind_generation,Wind Offshore,2026-09-13T08:14:51Z
2026-09-13T08:12:08Z,2026-09-13T10:12:08+0200,09fe2dd8-9230-4048-b545-388b2cac71a8,2026-09-07T21:30:00Z,2026-09-07T23:30:00+0200,533.21002,MW,FR,FR,forecast_offshore_wind_generation,Wind Offshore,2026-09-13T08:14:51Z
2026-09-13T08:12:08Z,2026-09-13T10:12:08+0200,09fe2dd8-9230-4048-b545-388b2cac71a8,2026-09-07T21:45:00Z,2026-09-07T23:45:00+0200,544.63,MW,FR,FR,forecast_offshore_wind_generation,Wind Offshore,2026-09-13T08:14:51Z
2026-09-13T08:12:08Z,2026-09-13T10:12:08+0200,09fe2dd8-9230-4048-b545-388b2cac71a8,2026-09-07T22:00:00Z,2026-09-08T00:00:00+0200,350.77002,MW,FR,FR,forecast_offshore_wind_generation,Wind Offshore,2026-09-13T08:14:51Z
2026-09-13T08:12:08Z,2026-09-13T10:12:08+0200,09fe2dd8-9230-4048-b545-388b2cac71a8,2026-09-07T22:15:00Z,2026-09-08T00:15:00+0200,348.28,MW,FR,FR,forecast_offshore_wind_generation,Wind Offshore,2026-09-13T08:14:51Z
2026-09-13T08:12:08Z,2026-09-13T10:12:08+0200,09fe2dd8-9230-4048-b545-388b2cac71a8,2026-09-07T22:30:00Z,2026-09-08T00:30:00+0200,345.77997,MW,FR,FR,forecast_offshore_wind_generation,Wind Offshore,2026-09-13T08:14:51Z
2026-09-13T08:12:08Z,2026-09-13T10:12:08+0200,09fe2dd8-9230-4048-b545-388b2cac71a8,2026-09-07T22:45:00Z,2026-09-08T00:45:00+0200,343.29001,MW,FR,FR,forecast_offshore_wind_generation,Wind Offshore,2026-09-13T08:14:51Z
2026-09-13T08:12:08Z,2026-09-13T10:12:08+0200,09fe2dd8-9230-4048-b545-388b2cac71a8,2026-09-07T23:00:00Z,2026-09-08T01:00:00+0200,340.82001,MW,FR,FR,forecast_offshore_wind_generation,Wind Offshore,2026-09-13T08:14:51Z
2026-09-13T08:12:08Z,2026-09-13T10:12:08+0200,09fe2dd8-9230-4048-b545-388b2cac71a8,2026-09-07T23:15:00Z,2026-09-08T01:15:00+0200,347.33002,MW,FR,FR,forecast_offshore_wind_generation,Wind Offshore,2026-09-13T08:14:51Z
2026-09-13T08:12:08Z,2026-09-13T10:12:08+0200,09fe2dd8-9230-4048-b545-388b2cac71a8,2026-09-07T23:30:00Z,2026-09-08T01:30:00+0200,353.85999,MW,FR,FR,forecast_offshore_wind_generation,Wind Offshore,2026-09-13T08:14:51Z
2026-09-13T08:12:08Z,2026-09-13T10:12:08+0200,09fe2dd8-9230-4048-b545-388b2cac71a8,2026-09-07T23:45:00Z,2026-09-08T01:45:00+0200,360.36002,MW,FR,FR,forecast_offshore_wind_generation,Wind Offshore,2026-09-13T08:14:51Z
2026-09-13T08:12:08Z,2026-09-13T10:12:08+0200,09fe2dd8-9230-4048-b545-388b2cac71a8,2026-09-08T00:00:00Z,2026-09-08T02:00:00+0200,366.89001,MW,FR,FR,forecast_offshore_wind_generation,Wind Offshore,2026-09-13T08:14:51Z
2026-09-13T08:12:08Z,2026-09-13T10:12:08+0200,09fe2dd8-9230-4048-b545-388b2cac71a8,2026-09-08T00:15:00Z,2026-09-08T02:15:00+0200,362.94003,MW,FR,FR,forecast_offshore_wind_generation,Wind Offshore,2026-09-13T08:14:51Z
2026-09-13T08:12:08Z,2026-09-13T10:12:08+0200,09fe2dd8-9230-4048-b545-388b2cac71a8,2026-09-08T00:30:00Z,2026-09-08T02:30:00+0200,358.94998,MW,FR,FR,forecast_offshore_wind_generation,Wind Offshore,2026-09-13T08:14:51Z
2026-09-13T08:12:08Z,2026-09-13T10:12:08+0200,09fe2dd8-9230-4048-b545-388b2cac71a8,2026-09-08T00:45:00Z,2026-09-08T02:45:00+0200,354.98999,MW,FR,FR,forecast_offshore_wind_generation,Wind Offshore,2026-09-13T08:14:51Z
2026-09-13T08:12:08Z,2026-09-13T10:12:08+0200,09fe2dd8-9230-4048-b545-388b2cac71a8,2026-09-08T01:00:00Z,2026-09-08T03:00:00+0200,351.02002,MW,FR,FR,forecast_offshore_wind_generation,Wind Offshore,2026-09-13T08:14:51Z
2026-09-13T08:12:08Z,2026-09-13T10:12:08+0200,09fe2dd8-9230-4048-b545-388b2cac71a8,2026-09-08T01:15:00Z,2026-09-08T03:15:00+0200,340.44,MW,FR,FR,forecast_offshore_wind_generation,Wind Offshore,2026-09-13T08:14:51Z
2026-09-13T08:12:08Z,2026-09-13T10:12:08+0200,09fe2dd8-9230-4048-b545-388b2cac71a8,2026-09-08T01:30:00Z,2026-09-08T03:30:00+0200,329.88,MW,FR,FR,forecast_offshore_wind_generation,Wind Offshore,2026-09-13T08:14:51Z
2026-09-13T08:12:08Z,2026-09-13T10:12:08+0200,09fe2dd8-9230-4048-b545-388b2cac71a8,2026-09-08T01:45:00Z,2026-09-08T03:45:00+0200,319.29001,MW,FR,FR,forecast_offshore_wind_generation,Wind Offshore,2026-09-13T08:14:51Z
2026-09-13T08:12:08Z,2026-09-13T10:12:08+0200,09fe2dd8-9230-4048-b545-388b2cac71a8,2026-09-08T02:00:00Z,2026-09-08T04:00:00+0200,308.72,MW,FR,FR,forecast_offshore_wind_generation,Wind Offshore,2026-09-13T08:14:51Z
2026-09-13T08:12:08Z,2026-09-13T10:12:08+0200,09fe2dd8-9230-4048-b545-388b2cac71a8,2026-09-08T02:15:00Z,2026-09-08T04:15:00+0200,301.85999,MW,FR,FR,forecast_offshore_wind_generation,Wind Offshore,2026-09-13T08:14:51Z
2026-09-13T08:12:08Z,2026-09-13T10:12:08+0200,09fe2dd8-9230-4048-b545-388b2cac71a8,2026-09-08T02:30:00Z,2026-09-08T04:30:00+0200,294.98001,MW,FR,FR,forecast_offshore_wind_generation,Wind Offshore,2026-09-13T08:14:51Z
2026-09-13T08:12:08Z,2026-09-13T10:12:08+0200,09fe2dd8-9230-4048-b545-388b2cac71a8,2026-09-08T02:45:00Z,2026-09-08T04:45:00+0200,288.10999,MW,FR,FR,forecast_offshore_wind_generation,Wind Offshore,2026-09-13T08:14:51Z
2026-09-13T08:12:08Z,2026-09-13T10:12:08+0200,09fe2dd8-9230-4048-b545-388b2cac71a8,2026-09-08T03:00:00Z,2026-09-08T05:00:00+0200,281.21997,MW,FR,FR,forecast_offshore_wind_generation,Wind Offshore,2026-09-13T08:14:51Z
2026-09-13T08:12:08Z,2026-09-13T10:12:08+0200,09fe2dd8-9230-4048-b545-388b2cac71a8,2026-09-08T03:15:00Z,2026-09-08T05:15:00+0200,300.76999,MW,FR,FR,forecast_offshore_wind_generation,Wind Offshore,2026-09-13T08:14:51Z
2026-09-13T08:12:08Z,2026-09-13T10:12:08+0200,09fe2dd8-9230-4048-b545-388b2cac71a8,2026-09-08T03:30:00Z,2026-09-08T05:30:00+0200,320.32001,MW,FR,FR,forecast_offshore_wind_generation,Wind Offshore,2026-09-13T08:14:51Z
2026-09-13T08:12:08Z,2026-09-13T10:12:08+0200,09fe2dd8-9230-4048-b545-388b2cac71a8,2026-09-08T03:45:00Z,2026-09-08T05:45:00+0200,339.86002,MW,FR,FR,forecast_offshore_wind_generation,Wind Offshore,2026-09-13T08:14:51Z
2026-09-13T08:12:08Z,2026-09-13T10:12:08+0200,09fe2dd8-9230-4048-b545-388b2cac71a8,2026-09-08T04:00:00Z,2026-09-08T06:00:00+0200,359.41998,MW,FR,FR,forecast_offshore_wind_generation,Wind Offshore,2026-09-13T08:14:51Z
2026-09-13T08:12:08Z,2026-09-13T10:12:08+0200,09fe2dd8-9230-4048-b545-388b2cac71a8,2026-09-08T04:15:00Z,2026-09-08T06:15:00+0200,391.0,MW,FR,FR,forecast_offshore_wind_generation,Wind Offshore,2026-09-13T08:14:51Z
2026-09-13T08:12:08Z,2026-09-13T10:12:08+0200,09fe2dd8-9230-4048-b545-388b2cac71a8,2026-09-08T04:30:00Z,2026-09-08T06:30:00+0200,422.60001,MW,FR,FR,forecast_offshore_wind_generation,Wind Offshore,2026-09-13T08:14:51Z
2026-09-13T08:12:08Z,2026-09-13T10:12:08+0200,09fe2dd8-9230-4048-b545-388b2cac71a8,2026-09-08T04:45:00Z,2026-09-08T06:45:00+0200,454.20001,MW,FR,FR,forecast_offshore_wind_generation,Wind Offshore,2026-09-13T08:14:51Z
2026-09-13T08:12:08Z,2026-09-13T10:12:08+0200,09fe2dd8-9230-4048-b545-388b2cac71a8,2026-09-08T05:00:00Z,2026-09-08T07:00:00+0200,485.79001,MW,FR,FR,forecast_offshore_wind_generation,Wind Offshore,2026-09-13T08:14:51Z
2026-09-13T08:12:08Z,2026-09-13T10:12:08+0200,09fe2dd8-9230-4048-b545-388b2cac71a8,2026-09-08T05:15:00Z,2026-09-08T07:15:00+0200,522.35004,MW,FR,FR,forecast_offshore_wind_generation,Wind Offshore,2026-09-13T08:14:51Z
2026-09-13T08:12:08Z,2026-09-13T10:12:08+0200,09fe2dd8-9230-4048-b545-388b2cac71a8,2026-09-08T05:30:00Z,2026-09-08T07:30:00+0200,558.89996,MW,FR,FR,forecast_offshore_wind_generation,Wind Offshore,2026-09-13T08:14:51Z
2026-09-13T08:12:08Z,2026-09-13T10:12:08+0200,09fe2dd8-9230-4048-b545-388b2cac71a8,2026-09-08T05:45:00Z,2026-09-08T07:45:00+0200,595.45996,MW,FR,FR,forecast_offshore_wind_generation,Wind Offshore,2026-09-13T08:14:51Z
2026-09-13T08:12:08Z,2026-09-13T10:12:08+0200,09fe2dd8-9230-4048-b545-388b2cac71a8,2026-09-08T06:00:00Z,2026-09-08T08:00:00+0200,632.02002,MW,FR,FR,forecast_offshore_wind_generation,Wind Offshore,2026-09-13T08:14:51Z
2026-09-13T08:12:08Z,2026-09-13T10:12:08+0200,09fe2dd8-9230-4048-b545-388b2cac71a8,2026-09-08T06:15:00Z,2026-09-08T08:15:00+0200,676.41992,MW,FR,FR,forecast_offshore_wind_generation,Wind Offshore,2026-09-13T08:14:51Z
2026-09-13T08:12:08Z,2026-09-13T10:12:08+0200,09fe2dd8-9230-4048-b545-388b2cac71a8,2026-09-08T06:30:00Z,2026-09-08T08:30:00+0200,720.81995,MW,FR,FR,forecast_offshore_wind_generation,Wind Offshore,2026-09-13T08:14:51Z
2026-09-13T08:12:08Z,2026-09-13T10:12:08+0200,09fe2dd8-9230-4048-b545-388b2cac71a8,2026-09-08T06:45:00Z,2026-09-08T08:45:00+0200,765.22998,MW,FR,FR,forecast_offshore_wind_generation,Wind Offshore,2026-09-13T08:14:51Z
2026-09-13T08:12:08Z,2026-09-13T10:12:08+0200,09fe2dd8-9230-4048-b545-388b2cac71a8,2026-09-08T07:00:00Z,2026-09-08T09:00:00+0200,809.64001,MW,FR,FR,forecast_offshore_wind_generation,Wind Offshore,2026-09-13T08:14:51Z
2026-09-13T08:12:08Z,2026-09-13T10:12:08+0200,09fe2dd8-9230-4048-b545-388b2cac71a8,2026-09-08T07:15:00Z,2026-09-08T09:15:00+0200,855.34998,MW,FR,FR,forecast_offshore_wind_generation,Wind Offshore,2026-09-13T08:14:51Z
2026-09-13T08:12:08Z,2026-09-13T10:12:08+0200,09fe2dd8-9230-4048-b545-388b2cac71a8,2026-09-08T07:30:00Z,2026-09-08T09:30:00+0200,901.07001,MW,FR,FR,forecast_offshore_wind_generation,Wind Offshore,2026-09-13T08:14:51Z
2026-09-13T08:12:08Z,2026-09-13T10:12:08+0200,09fe2dd8-9230-4048-b545-388b2cac71a8,2026-09-08T07:45:00Z,2026-09-08T09:45:00+0200,946.7699,MW,FR,FR,forecast_offshore_wind_generation,Wind Offshore,2026-09-13T08:14:51Z
2026-09-13T08:12:08Z,2026-09-13T10:12:08+0200,09fe2dd8-9230-4048-b545-388b2cac71a8,2026-09-08T08:00:00Z,2026-09-08T10:00:00+0200,992.51001,MW,FR,FR,forecast_offshore_wind_generation,Wind Offshore,2026-09-13T08:14:51Z
2026-09-13T08:12:08Z,2026-09-13T10:12:08+0200,09fe2dd8-9230-4048-b545-388b2cac71a8,2026-09-08T08:15:00Z,2026-09-08T10:15:00+0200,1002.92993,MW,FR,FR,forecast_offshore_wind_generation,Wind Offshore,2026-09-13T08:14:51Z
2026-09-13T08:12:08Z,2026-09-13T10:12:08+0200,09fe2dd8-9230-4048-b545-388b2cac71a8,2026-09-08T08:30:00Z,2026-09-08T10:30:00+0200,1013.37,MW,FR,FR,forecast_offshore_wind_generation,Wind Offshore,2026-09-13T08:14:51Z
2026-09-13T08:12:08Z,2026-09-13T10:12:08+0200,09fe2dd8-9230-4048-b545-388b2cac71a8,2026-09-08T08:45:00Z,2026-09-08T10:45:00+0200,1023.81,MW,FR,FR,forecast_offshore_wind_generation,Wind Offshore,2026-09-13T08:14:51Z
2026-09-13T08:12:08Z,2026-09-13T10:12:08+0200,09fe2dd8-9230-4048-b545-388b2cac71a8,2026-09-08T09:00:00Z,2026-09-08T11:00:00+0200,1034.25,MW,FR,FR,forecast_offshore_wind_generation,Wind Offshore,2026-09-13T08:14:51Z
2026-09-13T08:12:08Z,2026-09-13T10:12:08+0200,09fe2dd8-9230-4048-b545-388b2cac71a8,2026-09-08T09:15:00Z,2026-09-08T11:15:00+0200,1034.54004,MW,FR,FR,forecast_offshore_wind_generation,Wind Offshore,2026-09-13T08:14:51Z
2026-09-13T08:12:08Z,2026-09-13T10:12:08+0200,09fe2dd8-9230-4048-b545-388b2cac71a8,2026-09-08T09:30:00Z,2026-09-08T11:30:00+0200,1034.85999,MW,FR,FR,forecast_offshore_wind_generation,Wind Offshore,2026-09-13T08:14:51Z
2026-09-13T08:12:08Z,2026-09-13T10:12:08+0200,09fe2dd8-9230-4048-b545-388b2cac71a8,2026-09-08T09:45:00Z,2026-09-08T11:45:00+0200,1035.15002,MW,FR,FR,forecast_offshore_wind_generation,Wind Offshore,2026-09-13T08:14:51Z
2026-09-13T08:12:08Z,2026-09-13T10:12:08+0200,09fe2dd8-9230-4048-b545-388b2cac71a8,2026-09-08T10:00:00Z,2026-09-08T12:00:00+0200,1035.46997,MW,FR,FR,forecast_offshore_wind_generation,Wind Offshore,2026-09-13T08:14:51Z
2026-09-13T08:12:08Z,2026-09-13T10:12:08+0200,09fe2dd8-9230-4048-b545-388b2cac71a8,2026-09-08T10:15:00Z,2026-09-08T12:15:00+0200,1049.33997,MW,FR,FR,forecast_offshore_wind_generation,Wind Offshore,2026-09-13T08:14:51Z
2026-09-13T08:12:08Z,2026-09-13T10:12:08+0200,09fe2dd8-9230-4048-b545-388b2cac71a8,2026-09-08T10:30:00Z,2026-09-08T12:30:00+0200,1063.21997,MW,FR,FR,forecast_offshore_wind_generation,Wind Offshore,2026-09-13T08:14:51Z
2026-09-13T08:12:08Z,2026-09-13T10:12:08+0200,09fe2dd8-9230-4048-b545-388b2cac71a8,2026-09-08T10:45:00Z,2026-09-08T12:45:00+0200,1077.08008,MW,FR,FR,forecast_offshore_wind_generation,Wind Offshore,2026-09-13T08:14:51Z
2026-09-13T08:12:08Z,2026-09-13T10:12:08+0200,09fe2dd8-9230-4048-b545-388b2cac71a8,2026-09-08T11:00:00Z,2026-09-08T13:00:00+0200,1090.95007,MW,FR,FR,forecast_offshore_wind_generation,Wind Offshore,2026-09-13T08:14:51Z
2026-09-13T08:12:08Z,2026-09-13T10:12:08+0200,09fe2dd8-9230-4048-b545-388b2cac71a8,2026-09-08T11:15:00Z,2026-09-08T13:15:00+0200,1131.60999,MW,FR,FR,forecast_offshore_wind_generation,Wind Offshore,2026-09-13T08:14:51Z
2026-09-13T08:12:08Z,2026-09-13T10:12:08+0200,09fe2dd8-9230-4048-b545-388b2cac71a8,2026-09-08T11:30:00Z,2026-09-08T13:30:00+0200,1172.27002,MW,FR,FR,forecast_offshore_wind_generation,Wind Offshore,2026-09-13T08:14:51Z
2026-09-13T08:12:08Z,2026-09-13T10:12:08+0200,09fe2dd8-9230-4048-b545-388b2cac71a8,2026-09-08T11:45:00Z,2026-09-08T13:45:00+0200,1212.91992,MW,FR,FR,forecast_offshore_wind_generation,Wind Offshore,2026-09-13T08:14:51Z
2026-09-13T08:12:08Z,2026-09-13T10:12:08+0200,09fe2dd8-9230-4048-b545-388b2cac71a8,2026-09-08T12:00:00Z,2026-09-08T14:00:00+0200,1253.56995,MW,FR,FR,forecast_offshore_wind_generation,Wind Offshore,2026-09-13T08:14:51Z
2026-09-13T08:12:08Z,2026-09-13T10:12:08+0200,09fe2dd8-9230-4048-b545-388b2cac71a8,2026-09-08T12:15:00Z,2026-09-08T14:15:00+0200,1259.79004,MW,FR,FR,forecast_offshore_wind_generation,Wind Offshore,2026-09-13T08:14:51Z
2026-09-13T08:12:08Z,2026-09-13T10:12:08+0200,09fe2dd8-9230-4048-b545-388b2cac71a8,2026-09-08T12:30:00Z,2026-09-08T14:30:00+0200,1266.01001,MW,FR,FR,forecast_offshore_wind_generation,Wind Offshore,2026-09-13T08:14:51Z
2026-09-13T08:12:08Z,2026-09-13T10:12:08+0200,09fe2dd8-9230-4048-b545-388b2cac71a8,2026-09-08T12:45:00Z,2026-09-08T14:45:00+0200,1272.21997,MW,FR,FR,forecast_offshore_wind_generation,Wind Offshore,2026-09-13T08:14:51Z
2026-09-13T08:12:08Z,2026-09-13T10:12:08+0200,09fe2dd8-9230-4048-b545-388b2cac71a8,2026-09-08T13:00:00Z,2026-09-08T15:00:00+0200,1278.42004,MW,FR,FR,forecast_offshore_wind_generation,Wind Offshore,2026-09-13T08:14:51Z
2026-09-13T08:12:08Z,2026-09-13T10:12:08+0200,09fe2dd8-9230-4048-b545-388b2cac71a8,2026-09-08T13:15:00Z,2026-09-08T15:15:00+0200,1257.56995,MW,FR,FR,forecast_offshore_wind_generation,Wind Offshore,2026-09-13T08:14:51Z
2026-09-13T08:12:08Z,2026-09-13T10:12:08+0200,09fe2dd8-9230-4048-b545-388b2cac71a8,2026-09-08T13:30:00Z,2026-09-08T15:30:00+0200,1236.71997,MW,FR,FR,forecast_offshore_wind_generation,Wind Offshore,2026-09-13T08:14:51Z
2026-09-13T08:12:08Z,2026-09-13T10:12:08+0200,09fe2dd8-9230-4048-b545-388b2cac71a8,2026-09-08T13:45:00Z,2026-09-08T15:45:00+0200,1215.87,MW,FR,FR,forecast_offshore_wind_generation,Wind Offshore,2026-09-13T08:14:51Z
2026-09-13T08:12:08Z,2026-09-13T10:12:08+0200,09fe2dd8-9230-4048-b545-388b2cac71a8,2026-09-08T14:00:00Z,2026-09-08T16:00:00+0200,1195.02991,MW,FR,FR,forecast_offshore_wind_generation,Wind Offshore,2026-09-13T08:14:51Z
2026-09-13T08:12:08Z,2026-09-13T10:12:08+0200,09fe2dd8-9230-4048-b545-388b2cac71a8,2026-09-08T14:15:00Z,2026-09-08T16:15:00+0200,1225.45996,MW,FR,FR,forecast_offshore_wind_generation,Wind Offshore,2026-09-13T08:14:51Z
2026-09-13T08:12:08Z,2026-09-13T10:12:08+0200,09fe2dd8-9230-4048-b545-388b2cac71a8,2026-09-08T14:30:00Z,2026-09-08T16:30:00+0200,1255.90002,MW,FR,FR,forecast_offshore_wind_generation,Wind Offshore,2026-09-13T08:14:51Z
2026-09-13T08:12:08Z,2026-09-13T10:12:08+0200,09fe2dd8-9230-4048-b545-388b2cac71a8,2026-09-08T14:45:00Z,2026-09-08T16:45:00+0200,1286.35999,MW,FR,FR,forecast_offshore_wind_generation,Wind Offshore,2026-09-13T08:14:51Z
2026-09-13T08:12:08Z,2026-09-13T10:12:08+0200,09fe2dd8-9230-4048-b545-388b2cac71a8,2026-09-08T15:00:00Z,2026-09-08T17:00:00+0200,1315.63,MW,FR,FR,forecast_offshore_wind_generation,Wind Offshore,2026-09-13T08:14:51Z
2026-09-13T08:12:08Z,2026-09-13T10:12:08+0200,09fe2dd8-9230-4048-b545-388b2cac71a8,2026-09-08T15:15:00Z,2026-09-08T17:15:00+0200,1303.82007,MW,FR,FR,forecast_offshore_wind_generation,Wind Offshore,2026-09-13T08:14:51Z
2026-09-13T08:12:08Z,2026-09-13T10:12:08+0200,09fe2dd8-9230-4048-b545-388b2cac71a8,2026-09-08T15:30:00Z,2026-09-08T17:30:00+0200,1290.83997,MW,FR,FR,forecast_offshore_wind_generation,Wind Offshore,2026-09-13T08:14:51Z
2026-09-13T08:12:08Z,2026-09-13T10:12:08+0200,09fe2dd8-9230-4048-b545-388b2cac71a8,2026-09-08T15:45:00Z,2026-09-08T17:45:00+0200,1277.87,MW,FR,FR,forecast_offshore_wind_generation,Wind Offshore,2026-09-13T08:14:51Z
2026-09-13T08:12:08Z,2026-09-13T10:12:08+0200,09fe2dd8-9230-4048-b545-388b2cac71a8,2026-09-08T16:00:00Z,2026-09-08T18:00:00+0200,1264.89001,MW,FR,FR,forecast_offshore_wind_generation,Wind Offshore,2026-09-13T08:14:51Z
2026-09-13T08:12:08Z,2026-09-13T10:12:08+0200,09fe2dd8-9230-4048-b545-388b2cac71a8,2026-09-08T16:15:00Z,2026-09-08T18:15:00+0200,1286.05005,MW,FR,FR,forecast_offshore_wind_generation,Wind Offshore,2026-09-13T08:14:51Z
2026-09-13T08:12:08Z,2026-09-13T10:12:08+0200,09fe2dd8-9230-4048-b545-388b2cac71a8,2026-09-08T16:30:00Z,2026-09-08T18:30:00+0200,1307.23999,MW,FR,FR,forecast_offshore_wind_generation,Wind Offshore,2026-09-13T08:14:51Z
2026-09-13T08:12:08Z,2026-09-13T10:12:08+0200,09fe2dd8-9230-4048-b545-388b2cac71a8,2026-09-08T16:45:00Z,2026-09-08T18:45:00+0200,1328.40002,MW,FR,FR,forecast_offshore_wind_generation,Wind Offshore,2026-09-13T08:14:51Z
2026-09-13T08:12:08Z,2026-09-13T10:12:08+0200,09fe2dd8-9230-4048-b545-388b2cac71a8,2026-09-08T17:00:00Z,2026-09-08T19:00:00+0200,1349.56995,MW,FR,FR,forecast_offshore_wind_generation,Wind Offshore,2026-09-13T08:14:51Z
2026-09-13T08:12:08Z,2026-09-13T10:12:08+0200,09fe2dd8-9230-4048-b545-388b2cac71a8,2026-09-08T17:15:00Z,2026-09-08T19:15:00+0200,1353.85999,MW,FR,FR,forecast_offshore_wind_generation,Wind Offshore,2026-09-13T08:14:51Z
2026-09-13T08:12:08Z,2026-09-13T10:12:08+0200,09fe2dd8-9230-4048-b545-388b2cac71a8,2026-09-08T17:30:00Z,2026-09-08T19:30:00+0200,1358.14001,MW,FR,FR,forecast_offshore_wind_generation,Wind Offshore,2026-09-13T08:14:51Z
2026-09-13T08:12:08Z,2026-09-13T10:12:08+0200,09fe2dd8-9230-4048-b545-388b2cac71a8,2026-09-08T17:45:00Z,2026-09-08T19:45:00+0200,1362.41992,MW,FR,FR,forecast_offshore_wind_generation,Wind Offshore,2026-09-13T08:14:51Z
2026-09-13T08:12:08Z,2026-09-13T10:12:08+0200,09fe2dd8-9230-4048-b545-388b2cac71a8,2026-09-08T18:00:00Z,2026-09-08T20:00:00+0200,1366.70996,MW,FR,FR,forecast_offshore_wind_generation,Wind Offshore,2026-09-13T08:14:51Z
2026-09-13T08:12:08Z,2026-09-13T10:12:08+0200,09fe2dd8-9230-4048-b545-388b2cac71a8,2026-09-08T18:15:00Z,2026-09-08T20:15:00+0200,1381.01001,MW,FR,FR,forecast_offshore_wind_generation,Wind Offshore,2026-09-13T08:14:51Z
2026-09-13T08:12:08Z,2026-09-13T10:12:08+0200,09fe2dd8-9230-4048-b545-388b2cac71a8,2026-09-08T18:30:00Z,2026-09-08T20:30:00+0200,1395.32996,MW,FR,FR,forecast_offshore_wind_generation,Wind Offshore,2026-09-13T08:14:51Z
2026-09-13T08:12:08Z,2026-09-13T10:12:08+0200,09fe2dd8-9230-4048-b545-388b2cac71a8,2026-09-08T18:45:00Z,2026-09-08T20:45:00+0200,1409.65991,MW,FR,FR,forecast_offshore_wind_generation,Wind Offshore,2026-09-13T08:14:51Z
2026-09-13T08:12:08Z,2026-09-13T10:12:08+0200,09fe2dd8-9230-4048-b545-388b2cac71a8,2026-09-08T19:00:00Z,2026-09-08T21:00:00+0200,1423.95996,MW,FR,FR,forecast_offshore_wind_generation,Wind Offshore,2026-09-13T08:14:51Z
2026-09-13T08:12:08Z,2026-09-13T10:12:08+0200,09fe2dd8-9230-4048-b545-388b2cac71a8,2026-09-08T19:15:00Z,2026-09-08T21:15:00+0200,1397.34998,MW,FR,FR,forecast_offshore_wind_generation,Wind Offshore,2026-09-13T08:14:51Z
2026-09-13T08:12:08Z,2026-09-13T10:12:08+0200,09fe2dd8-9230-4048-b545-388b2cac71a8,2026-09-08T19:30:00Z,2026-09-08T21:30:00+0200,1370.72998,MW,FR,FR,forecast_offshore_wind_generation,Wind Offshore,2026-09-13T08:14:51Z
2026-09-13T08:12:08Z,2026-09-13T10:12:08+0200,09fe2dd8-9230-4048-b545-388b2cac71a8,2026-09-08T19:45:00Z,2026-09-08T21:45:00+0200,1344.12,MW,FR,FR,forecast_offshore_wind_generation,Wind Offshore,2026-09-13T08:14:51Z
2026-09-13T08:12:08Z,2026-09-13T10:12:08+0200,09fe2dd8-9230-4048-b545-388b2cac71a8,2026-09-08T20:00:00Z,2026-09-08T22:00:00+0200,1317.5,MW,FR,FR,forecast_offshore_wind_generation,Wind Offshore,2026-09-13T08:14:51Z
2026-09-13T08:12:08Z,2026-09-13T10:12:08+0200,09fe2dd8-9230-4048-b545-388b2cac71a8,2026-09-08T20:15:00Z,2026-09-08T22:15:00+0200,1290.12,MW,FR,FR,forecast_offshore_wind_generation,Wind Offshore,2026-09-13T08:14:51Z
2026-09-13T08:12:08Z,2026-09-13T10:12:08+0200,09fe2dd8-9230-4048-b545-388b2cac71a8,2026-09-08T20:30:00Z,2026-09-08T22:30:00+0200,1262.70996,MW,FR,FR,forecast_offshore_wind_generation,Wind Offshore,2026-09-13T08:14:51Z
2026-09-13T08:12:08Z,2026-09-13T10:12:08+0200,09fe2dd8-9230-4048-b545-388b2cac71a8,2026-09-08T20:45:00Z,2026-09-08T22:45:00+0200,1235.33008,MW,FR,FR,forecast_offshore_wind_generation,Wind Offshore,2026-09-13T08:14:51Z
2026-09-13T08:12:08Z,2026-09-13T10:12:08+0200,09fe2dd8-9230-4048-b545-388b2cac71a8,2026-09-08T21:00:00Z,2026-09-08T23:00:00+0200,1207.93005,MW,FR,FR,forecast_offshore_wind_generation,Wind Offshore,2026-09-13T08:14:51Z
2026-09-13T08:12:08Z,2026-09-13T10:12:08+0200,09fe2dd8-9230-4048-b545-388b2cac71a8,2026-09-08T21:15:00Z,2026-09-08T23:15:00+0200,1195.39001,MW,FR,FR,forecast_offshore_wind_generation,Wind Offshore,2026-09-13T08:14:51Z
2026-09-13T08:12:08Z,2026-09-13T10:12:08+0200,09fe2dd8-9230-4048-b545-388b2cac71a8,2026-09-08T21:30:00Z,2026-09-08T23:30:00+0200,1182.84009,MW,FR,FR,forecast_offshore_wind_generation,Wind Offshore,2026-09-13T08:14:51Z
2026-09-13T08:12:08Z,2026-09-13T10:12:08+0200,09fe2dd8-9230-4048-b545-388b2cac71a8,2026-09-08T21:45:00Z,2026-09-08T23:45:00+0200,1170.28003,MW,FR,FR,forecast_offshore_wind_generation,Wind Offshore,2026-09-13T08:14:51Z
2026-09-13T08:12:08Z,2026-09-13T10:12:08+0200,09fe2dd8-9230-4048-b545-388b2cac71a8,2026-09-08T22:00:00Z,2026-09-09T00:00:00+0200,1028.77002,MW,FR,FR,forecast_offshore_wind_generation,Wind Offshore,2026-09-13T08:14:51Z
2026-09-13T08:12:08Z,2026-09-13T10:12:08+0200,09fe2dd8-9230-4048-b545-388b2cac71a8,2026-09-08T22:15:00Z,2026-09-09T00:15:00+0200,998.53998,MW,FR,FR,forecast_offshore_wind_generation,Wind Offshore,2026-09-13T08:14:51Z
2026-09-13T08:12:08Z,2026-09-13T10:12:08+0200,09fe2dd8-9230-4048-b545-388b2cac71a8,2026-09-08T22:30:00Z,2026-09-09T00:30:00+0200,968.30994,MW,FR,FR,forecast_offshore_wind_generation,Wind Offshore,2026-09-13T08:14:51Z
2026-09-13T08:12:08Z,2026-09-13T10:12:08+0200,09fe2dd8-9230-4048-b545-388b2cac71a8,2026-09-08T22:45:00Z,2026-09-09T00:45:00+0200,938.33997,MW,FR,FR,forecast_offshore_wind_generation,Wind Offshore,2026-09-13T08:14:51Z
2026-09-13T08:12:08Z,2026-09-13T10:12:08+0200,09fe2dd8-9230-4048-b545-388b2cac71a8,2026-09-08T23:00:00Z,2026-09-09T01:00:00+0200,908.35999,MW,FR,FR,forecast_offshore_wind_generation,Wind Offshore,2026-09-13T08:14:51Z
2026-09-13T08:12:08Z,2026-09-13T10:12:08+0200,09fe2dd8-9230-4048-b545-388b2cac71a8,2026-09-08T23:15:00Z,2026-09-09T01:15:00+0200,902.28003,MW,FR,FR,forecast_offshore_wind_generation,Wind Offshore,2026-09-13T08:14:51Z
2026-09-13T08:12:08Z,2026-09-13T10:12:08+0200,09fe2dd8-9230-4048-b545-388b2cac71a8,2026-09-08T23:30:00Z,2026-09-09T01:30:00+0200,896.20001,MW,FR,FR,forecast_offshore_wind_generation,Wind Offshore,2026-09-13T08:14:51Z
2026-09-13T08:12:08Z,2026-09-13T10:12:08+0200,09fe2dd8-9230-4048-b545-388b2cac71a8,2026-09-08T23:45:00Z,2026-09-09T01:45:00+0200,890.21002,MW,FR,FR,forecast_offshore_wind_generation,Wind Offshore,2026-09-13T08:14:51Z
2026-09-13T08:12:08Z,2026-09-13T10:12:08+0200,09fe2dd8-9230-4048-b545-388b2cac71a8,2026-09-09T00:00:00Z,2026-09-09T02:00:00+0200,884.21997,MW,FR,FR,forecast_offshore_wind_generation,Wind Offshore,2026-09-13T08:14:51Z
2026-09-13T08:12:08Z,2026-09-13T10:12:08+0200,09fe2dd8-9230-4048-b545-388b2cac71a8,2026-09-09T00:15:00Z,2026-09-09T02:15:00+0200,879.01001,MW,FR,FR,forecast_offshore_wind_generation,Wind Offshore,2026-09-13T08:14:51Z
2026-09-13T08:12:08Z,2026-09-13T10:12:08+0200,09fe2dd8-9230-4048-b545-388b2cac71a8,2026-09-09T00:30:00Z,2026-09-09T02:30:00+0200,873.79999,MW,FR,FR,forecast_offshore_wind_generation,Wind Offshore,2026-09-13T08:14:51Z
2026-09-13T08:12:08Z,2026-09-13T10:12:08+0200,09fe2dd8-9230-4048-b545-388b2cac71a8,2026-09-09T00:45:00Z,2026-09-09T02:45:00+0200,868.56995,MW,FR,FR,forecast_offshore_wind_generation,Wind Offshore,2026-09-13T08:14:51Z
2026-09-13T08:12:08Z,2026-09-13T10:12:08+0200,09fe2dd8-9230-4048-b545-388b2cac71a8,2026-09-09T01:00:00Z,2026-09-09T03:00:00+0200,863.34998,MW,FR,FR,forecast_offshore_wind_generation,Wind Offshore,2026-09-13T08:14:51Z
2026-09-13T08:12:08Z,2026-09-13T10:12:08+0200,09fe2dd8-9230-4048-b545-388b2cac71a8,2026-09-09T01:15:00Z,2026-09-09T03:15:00+0200,870.66003,MW,FR,FR,forecast_offshore_wind_generation,Wind Offshore,2026-09-13T08:14:51Z
2026-09-13T08:12:08Z,2026-09-13T10:12:08+0200,09fe2dd8-9230-4048-b545-388b2cac71a8,2026-09-09T01:30:00Z,2026-09-09T03:30:00+0200,877.93994,MW,FR,FR,forecast_offshore_wind_generation,Wind Offshore,2026-09-13T08:14:51Z
2026-09-13T08:12:08Z,2026-09-13T10:12:08+0200,09fe2dd8-9230-4048-b545-388b2cac71a8,2026-09-09T01:45:00Z,2026-09-09T03:45:00+0200,885.23999,MW,FR,FR,forecast_offshore_wind_generation,Wind Offshore,2026-09-13T08:14:51Z
2026-09-13T08:12:08Z,2026-09-13T10:12:08+0200,09fe2dd8-9230-4048-b545-388b2cac71a8,2026-09-09T02:00:00Z,2026-09-09T04:00:00+0200,892.52997,MW,FR,FR,forecast_offshore_wind_generation,Wind Offshore,2026-09-13T08:14:51Z
2026-09-13T08:12:08Z,2026-09-13T10:12:08+0200,09fe2dd8-9230-4048-b545-388b2cac71a8,2026-09-09T02:15:00Z,2026-09-09T04:15:00+0200,887.86005,MW,FR,FR,forecast_offshore_wind_generation,Wind Offshore,2026-09-13T08:14:51Z
2026-09-13T08:12:08Z,2026-09-13T10:12:08+0200,09fe2dd8-9230-4048-b545-388b2cac71a8,2026-09-09T02:30:00Z,2026-09-09T04:30:00+0200,883.20001,MW,FR,FR,forecast_offshore_wind_generation,Wind Offshore,2026-09-13T08:14:51Z
2026-09-13T08:12:08Z,2026-09-13T10:12:08+0200,09fe2dd8-9230-4048-b545-388b2cac71a8,2026-09-09T02:45:00Z,2026-09-09T04:45:00+0200,878.5401,MW,FR,FR,forecast_offshore_wind_generation,Wind Offshore,2026-09-13T08:14:51Z
2026-09-13T08:12:08Z,2026-09-13T10:12:08+0200,09fe2dd8-9230-4048-b545-388b2cac71a8,2026-09-09T03:00:00Z,2026-09-09T05:00:00+0200,873.88,MW,FR,FR,forecast_offshore_wind_generation,Wind Offshore,2026-09-13T08:14:51Z
2026-09-13T08:12:08Z,2026-09-13T10:12:08+0200,09fe2dd8-9230-4048-b545-388b2cac71a8,2026-09-09T03:15:00Z,2026-09-09T05:15:00+0200,854.22998,MW,FR,FR,forecast_offshore_wind_generation,Wind Offshore,2026-09-13T08:14:51Z
2026-09-13T08:12:08Z,2026-09-13T10:12:08+0200,09fe2dd8-9230-4048-b545-388b2cac71a8,2026-09-09T03:30:00Z,2026-09-09T05:30:00+0200,834.56006,MW,FR,FR,forecast_offshore_wind_generation,Wind Offshore,2026-09-13T08:14:51Z
2026-09-13T08:12:08Z,2026-09-13T10:12:08+0200,09fe2dd8-9230-4048-b545-388b2cac71a8,2026-09-09T03:45:00Z,2026-09-09T05:45:00+0200,814.96008,MW,FR,FR,forecast_offshore_wind_generation,Wind Offshore,2026-09-13T08:14:51Z
2026-09-13T08:12:08Z,2026-09-13T10:12:08+0200,09fe2dd8-9230-4048-b545-388b2cac71a8,2026-09-09T04:00:00Z,2026-09-09T06:00:00+0200,795.35999,MW,FR,FR,forecast_offshore_wind_generation,Wind Offshore,2026-09-13T08:14:51Z
2026-09-13T08:12:08Z,2026-09-13T10:12:08+0200,09fe2dd8-9230-4048-b545-388b2cac71a8,2026-09-09T04:15:00Z,2026-09-09T06:15:00+0200,788.58002,MW,FR,FR,forecast_offshore_wind_generation,Wind Offshore,2026-09-13T08:14:51Z
2026-09-13T08:12:08Z,2026-09-13T10:12:08+0200,09fe2dd8-9230-4048-b545-388b2cac71a8,2026-09-09T04:30:00Z,2026-09-09T06:30:00+0200,781.81,MW,FR,FR,forecast_offshore_wind_generation,Wind Offshore,2026-09-13T08:14:51Z
2026-09-13T08:12:08Z,2026-09-13T10:12:08+0200,09fe2dd8-9230-4048-b545-388b2cac71a8,2026-09-09T04:45:00Z,2026-09-09T06:45:00+0200,775.09998,MW,FR,FR,forecast_offshore_wind_generation,Wind Offshore,2026-09-13T08:14:51Z
2026-09-13T08:12:08Z,2026-09-13T10:12:08+0200,09fe2dd8-9230-4048-b545-388b2cac71a8,2026-09-09T05:00:00Z,2026-09-09T07:00:00+0200,768.38,MW,FR,FR,forecast_offshore_wind_generation,Wind Offshore,2026-09-13T08:14:51Z
2026-09-13T08:12:08Z,2026-09-13T10:12:08+0200,09fe2dd8-9230-4048-b545-388b2cac71a8,2026-09-09T05:15:00Z,2026-09-09T07:15:00+0200,753.83997,MW,FR,FR,forecast_offshore_wind_generation,Wind Offshore,2026-09-13T08:14:51Z
2026-09-13T08:12:08Z,2026-09-13T10:12:08+0200,09fe2dd8-9230-4048-b545-388b2cac71a8,2026-09-09T05:30:00Z,2026-09-09T07:30:00+0200,739.31,MW,FR,FR,forecast_offshore_wind_generation,Wind Offshore,2026-09-13T08:14:51Z
2026-09-13T08:12:08Z,2026-09-13T10:12:08+0200,09fe2dd8-9230-4048-b545-388b2cac71a8,2026-09-09T05:45:00Z,2026-09-09T07:45:00+0200,724.84003,MW,FR,FR,forecast_offshore_wind_generation,Wind Offshore,2026-09-13T08:14:51Z
2026-09-13T08:12:08Z,2026-09-13T10:12:08+0200,09fe2dd8-9230-4048-b545-388b2cac71a8,2026-09-09T06:00:00Z,2026-09-09T08:00:00+0200,710.35999,MW,FR,FR,forecast_offshore_wind_generation,Wind Offshore,2026-09-13T08:14:51Z
2026-09-13T08:12:08Z,2026-09-13T10:12:08+0200,09fe2dd8-9230-4048-b545-388b2cac71a8,2026-09-09T06:15:00Z,2026-09-09T08:15:00+0200,697.71002,MW,FR,FR,forecast_offshore_wind_generation,Wind Offshore,2026-09-13T08:14:51Z
2026-09-13T08:12:08Z,2026-09-13T10:12:08+0200,09fe2dd8-9230-4048-b545-388b2cac71a8,2026-09-09T06:30:00Z,2026-09-09T08:30:00+0200,685.04999,MW,FR,FR,forecast_offshore_wind_generation,Wind Offshore,2026-09-13T08:14:51Z
2026-09-13T08:12:08Z,2026-09-13T10:12:08+0200,09fe2dd8-9230-4048-b545-388b2cac71a8,2026-09-09T06:45:00Z,2026-09-09T08:45:00+0200,672.44,MW,FR,FR,forecast_offshore_wind_generation,Wind Offshore,2026-09-13T08:14:51Z
2026-09-13T08:12:08Z,2026-09-13T10:12:08+0200,09fe2dd8-9230-4048-b545-388b2cac71a8,2026-09-09T07:00:00Z,2026-09-09T09:00:00+0200,659.83997,MW,FR,FR,forecast_offshore_wind_generation,Wind Offshore,2026-09-13T08:14:51Z
2026-09-13T08:12:08Z,2026-09-13T10:12:08+0200,09fe2dd8-9230-4048-b545-388b2cac71a8,2026-09-09T07:15:00Z,2026-09-09T09:15:00+0200,656.96002,MW,FR,FR,forecast_offshore_wind_generation,Wind Offshore,2026-09-13T08:14:51Z
2026-09-13T08:12:08Z,2026-09-13T10:12:08+0200,09fe2dd8-9230-4048-b545-388b2cac71a8,2026-09-09T07:30:00Z,2026-09-09T09:30:00+0200,654.06995,MW,FR,FR,forecast_offshore_wind_generation,Wind Offshore,2026-09-13T08:14:51Z
2026-09-13T08:12:08Z,2026-09-13T10:12:08+0200,09fe2dd8-9230-4048-b545-388b2cac71a8,2026-09-09T07:45:00Z,2026-09-09T09:45:00+0200,651.21002,MW,FR,FR,forecast_offshore_wind_generation,Wind Offshore,2026-09-13T08:14:51Z
2026-09-13T08:12:08Z,2026-09-13T10:12:08+0200,09fe2dd8-9230-4048-b545-388b2cac71a8,2026-09-09T08:00:00Z,2026-09-09T10:00:00+0200,648.34003,MW,FR,FR,forecast_offshore_wind_generation,Wind Offshore,2026-09-13T08:14:51Z
2026-09-13T08:12:08Z,2026-09-13T10:12:08+0200,09fe2dd8-9230-4048-b545-388b2cac71a8,2026-09-09T08:15:00Z,2026-09-09T10:15:00+0200,638.57001,MW,FR,FR,forecast_offshore_wind_generation,Wind Offshore,2026-09-13T08:14:51Z
2026-09-13T08:12:08Z,2026-09-13T10:12:08+0200,09fe2dd8-9230-4048-b545-388b2cac71a8,2026-09-09T08:30:00Z,2026-09-09T10:30:00+0200,628.79004,MW,FR,FR,forecast_offshore_wind_generation,Wind Offshore,2026-09-13T08:14:51Z
2026-09-13T08:12:08Z,2026-09-13T10:12:08+0200,09fe2dd8-9230-4048-b545-388b2cac71a8,2026-09-09T08:45:00Z,2026-09-09T10:45:00+0200,619.03003,MW,FR,FR,forecast_offshore_wind_generation,Wind Offshore,2026-09-13T08:14:51Z
2026-09-13T08:12:08Z,2026-09-13T10:12:08+0200,09fe2dd8-9230-4048-b545-388b2cac71a8,2026-09-09T09:00:00Z,2026-09-09T11:00:00+0200,609.28003,MW,FR,FR,forecast_offshore_wind_generation,Wind Offshore,2026-09-13T08:14:51Z
2026-09-13T08:12:08Z,2026-09-13T10:12:08+0200,09fe2dd8-9230-4048-b545-388b2cac71a8,2026-09-09T09:15:00Z,2026-09-09T11:15:00+0200,583.87,MW,FR,FR,forecast_offshore_wind_generation,Wind Offshore,2026-09-13T08:14:51Z
2026-09-13T08:12:08Z,2026-09-13T10:12:08+0200,09fe2dd8-9230-4048-b545-388b2cac71a8,2026-09-09T09:30:00Z,2026-09-09T11:30:00+0200,558.46002,MW,FR,FR,forecast_offshore_wind_generation,Wind Offshore,2026-09-13T08:14:51Z
2026-09-13T08:12:08Z,2026-09-13T10:12:08+0200,09fe2dd8-9230-4048-b545-388b2cac71a8,2026-09-09T09:45:00Z,2026-09-09T11:45:00+0200,533.04999,MW,FR,FR,forecast_offshore_wind_generation,Wind Offshore,2026-09-13T08:14:51Z
2026-09-13T08:12:08Z,2026-09-13T10:12:08+0200,09fe2dd8-9230-4048-b545-388b2cac71a8,2026-09-09T10:00:00Z,2026-09-09T12:00:00+0200,507.65002,MW,FR,FR,forecast_offshore_wind_generation,Wind Offshore,2026-09-13T08:14:51Z
2026-09-13T08:12:08Z,2026-09-13T10:12:08+0200,09fe2dd8-9230-4048-b545-388b2cac71a8,2026-09-09T10:15:00Z,2026-09-09T12:15:00+0200,489.53,MW,FR,FR,forecast_offshore_wind_generation,Wind Offshore,2026-09-13T08:14:51Z
2026-09-13T08:12:08Z,2026-09-13T10:12:08+0200,09fe2dd8-9230-4048-b545-388b2cac71a8,2026-09-09T10:30:00Z,2026-09-09T12:30:00+0200,471.39001,MW,FR,FR,forecast_offshore_wind_generation,Wind Offshore,2026-09-13T08:14:51Z
2026-09-13T08:12:08Z,2026-09-13T10:12:08+0200,09fe2dd8-9230-4048-b545-388b2cac71a8,2026-09-09T10:45:00Z,2026-09-09T12:45:00+0200,453.25,MW,FR,FR,forecast_offshore_wind_generation,Wind Offshore,2026-09-13T08:14:51Z
2026-09-13T08:12:08Z,2026-09-13T10:12:08+0200,09fe2dd8-9230-4048-b545-388b2cac71a8,2026-09-09T11:00:00Z,2026-09-09T13:00:00+0200,435.12,MW,FR,FR,forecast_offshore_wind_generation,Wind Offshore,2026-09-13T08:14:51Z
2026-09-13T08:12:08Z,2026-09-13T10:12:08+0200,09fe2dd8-9230-4048-b545-388b2cac71a8,2026-09-09T11:15:00Z,2026-09-09T13:15:00+0200,432.31,MW,FR,FR,forecast_offshore_wind_generation,Wind Offshore,2026-09-13T08:14:51Z
2026-09-13T08:12:08Z,2026-09-13T10:12:08+0200,09fe2dd8-9230-4048-b545-388b2cac71a8,2026-09-09T11:30:00Z,2026-09-09T13:30:00+0200,429.5,MW,FR,FR,forecast_offshore_wind_generation,Wind Offshore,2026-09-13T08:14:51Z
2026-09-13T08:12:08Z,2026-09-13T10:12:08+0200,09fe2dd8-9230-4048-b545-388b2cac71a8,2026-09-09T11:45:00Z,2026-09-09T13:45:00+0200,426.68997,MW,FR,FR,forecast_offshore_wind_generation,Wind Offshore,2026-09-13T08:14:51Z
2026-09-13T08:12:08Z,2026-09-13T10:12:08+0200,09fe2dd8-9230-4048-b545-388b2cac71a8,2026-09-09T12:00:00Z,2026-09-09T14:00:00+0200,423.90002,MW,FR,FR,forecast_offshore_wind_generation,Wind Offshore,2026-09-13T08:14:51Z
2026-09-13T08:12:08Z,2026-09-13T10:12:08+0200,09fe2dd8-9230-4048-b545-388b2cac71a8,2026-09-09T12:15:00Z,2026-09-09T14:15:00+0200,420.17999,MW,FR,FR,forecast_offshore_wind_generation,Wind Offshore,2026-09-13T08:14:51Z
2026-09-13T08:12:08Z,2026-09-13T10:12:08+0200,09fe2dd8-9230-4048-b545-388b2cac71a8,2026-09-09T12:30:00Z,2026-09-09T14:30:00+0200,416.42999,MW,FR,FR,forecast_offshore_wind_generation,Wind Offshore,2026-09-13T08:14:51Z
2026-09-13T08:12:08Z,2026-09-13T10:12:08+0200,09fe2dd8-9230-4048-b545-388b2cac71a8,2026-09-09T12:45:00Z,2026-09-09T14:45:00+0200,412.72,MW,FR,FR,forecast_offshore_wind_generation,Wind Offshore,2026-09-13T08:14:51Z
2026-09-13T08:12:08Z,2026-09-13T10:12:08+0200,09fe2dd8-9230-4048-b545-388b2cac71a8,2026-09-09T13:00:00Z,2026-09-09T15:00:00+0200,408.99002,MW,FR,FR,forecast_offshore_wind_generation,Wind Offshore,2026-09-13T08:14:51Z
2026-09-13T08:12:08Z,2026-09-13T10:12:08+0200,09fe2dd8-9230-4048-b545-388b2cac71a8,2026-09-09T13:15:00Z,2026-09-09T15:15:00+0200,396.63,MW,FR,FR,forecast_offshore_wind_generation,Wind Offshore,2026-09-13T08:14:51Z
2026-09-13T08:12:08Z,2026-09-13T10:12:08+0200,09fe2dd8-9230-4048-b545-388b2cac71a8,2026-09-09T13:30:00Z,2026-09-09T15:30:00+0200,384.26001,MW,FR,FR,forecast_offshore_wind_generation,Wind Offshore,2026-09-13T08:14:51Z
2026-09-13T08:12:08Z,2026-09-13T10:12:08+0200,09fe2dd8-9230-4048-b545-388b2cac71a8,2026-09-09T13:45:00Z,2026-09-09T15:45:00+0200,371.86002,MW,FR,FR,forecast_offshore_wind_generation,Wind Offshore,2026-09-13T08:14:51Z
2026-09-13T08:12:08Z,2026-09-13T10:12:08+0200,09fe2dd8-9230-4048-b545-388b2cac71a8,2026-09-09T14:00:00Z,2026-09-09T16:00:00+0200,359.45999,MW,FR,FR,forecast_offshore_wind_generation,Wind Offshore,2026-09-13T08:14:51Z
2026-09-13T08:12:08Z,2026-09-13T10:12:08+0200,09fe2dd8-9230-4048-b545-388b2cac71a8,2026-09-09T14:15:00Z,2026-09-09T16:15:00+0200,349.72998,MW,FR,FR,forecast_offshore_wind_generation,Wind Offshore,2026-09-13T08:14:51Z
2026-09-13T08:12:08Z,2026-09-13T10:12:08+0200,09fe2dd8-9230-4048-b545-388b2cac71a8,2026-09-09T14:30:00Z,2026-09-09T16:30:00+0200,340.0,MW,FR,FR,forecast_offshore_wind_generation,Wind Offshore,2026-09-13T08:14:51Z
2026-09-13T08:12:08Z,2026-09-13T10:12:08+0200,09fe2dd8-9230-4048-b545-388b2cac71a8,2026-09-09T14:45:00Z,2026-09-09T16:45:00+0200,330.23999,MW,FR,FR,forecast_offshore_wind_generation,Wind Offshore,2026-09-13T08:14:51Z
2026-09-13T08:12:08Z,2026-09-13T10:12:08+0200,09fe2dd8-9230-4048-b545-388b2cac71a8,2026-09-09T15:00:00Z,2026-09-09T17:00:00+0200,320.45001,MW,FR,FR,forecast_offshore_wind_generation,Wind Offshore,2026-09-13T08:14:51Z
2026-09-13T08:12:08Z,2026-09-13T10:12:08+0200,09fe2dd8-9230-4048-b545-388b2cac71a8,2026-09-09T15:15:00Z,2026-09-09T17:15:00+0200,316.95001,MW,FR,FR,forecast_offshore_wind_generation,Wind Offshore,2026-09-13T08:14:51Z
2026-09-13T08:12:08Z,2026-09-13T10:12:08+0200,09fe2dd8-9230-4048-b545-388b2cac71a8,2026-09-09T15:30:00Z,2026-09-09T17:30:00+0200,313.44,MW,FR,FR,forecast_offshore_wind_generation,Wind Offshore,2026-09-13T08:14:51Z
2026-09-13T08:12:08Z,2026-09-13T10:12:08+0200,09fe2dd8-9230-4048-b545-388b2cac71a8,2026-09-09T15:45:00Z,2026-09-09T17:45:00+0200,309.88,MW,FR,FR,forecast_offshore_wind_generation,Wind Offshore,2026-09-13T08:14:51Z
2026-09-13T08:12:08Z,2026-09-13T10:12:08+0200,09fe2dd8-9230-4048-b545-388b2cac71a8,2026-09-09T16:00:00Z,2026-09-09T18:00:00+0200,306.31,MW,FR,FR,forecast_offshore_wind_generation,Wind Offshore,2026-09-13T08:14:51Z
2026-09-13T08:12:08Z,2026-09-13T10:12:08+0200,09fe2dd8-9230-4048-b545-388b2cac71a8,2026-09-09T16:15:00Z,2026-09-09T18:15:00+0200,327.01001,MW,FR,FR,forecast_offshore_wind_generation,Wind Offshore,2026-09-13T08:14:51Z
2026-09-13T08:12:08Z,2026-09-13T10:12:08+0200,09fe2dd8-9230-4048-b545-388b2cac71a8,2026-09-09T16:30:00Z,2026-09-09T18:30:00+0200,347.69998,MW,FR,FR,forecast_offshore_wind_generation,Wind Offshore,2026-09-13T08:14:51Z
2026-09-13T08:12:08Z,2026-09-13T10:12:08+0200,09fe2dd8-9230-4048-b545-388b2cac71a8,2026-09-09T16:45:00Z,2026-09-09T18:45:00+0200,368.38,MW,FR,FR,forecast_offshore_wind_generation,Wind Offshore,2026-09-13T08:14:51Z
2026-09-13T08:12:08Z,2026-09-13T10:12:08+0200,09fe2dd8-9230-4048-b545-388b2cac71a8,2026-09-09T17:00:00Z,2026-09-09T19:00:00+0200,389.04001,MW,FR,FR,forecast_offshore_wind_generation,Wind Offshore,2026-09-13T08:14:51Z
2026-09-13T08:12:08Z,2026-09-13T10:12:08+0200,09fe2dd8-9230-4048-b545-388b2cac71a8,2026-09-09T17:15:00Z,2026-09-09T19:15:00+0200,407.82001,MW,FR,FR,forecast_offshore_wind_generation,Wind Offshore,2026-09-13T08:14:51Z
2026-09-13T08:12:08Z,2026-09-13T10:12:08+0200,09fe2dd8-9230-4048-b545-388b2cac71a8,2026-09-09T17:30:00Z,2026-09-09T19:30:00+0200,426.59998,MW,FR,FR,forecast_offshore_wind_generation,Wind Offshore,2026-09-13T08:14:51Z
2026-09-13T08:12:08Z,2026-09-13T10:12:08+0200,09fe2dd8-9230-4048-b545-388b2cac71a8,2026-09-09T17:45:00Z,2026-09-09T19:45:00+0200,445.34003,MW,FR,FR,forecast_offshore_wind_generation,Wind Offshore,2026-09-13T08:14:51Z
2026-09-13T08:12:08Z,2026-09-13T10:12:08+0200,09fe2dd8-9230-4048-b545-388b2cac71a8,2026-09-09T18:00:00Z,2026-09-09T20:00:00+0200,464.07001,MW,FR,FR,forecast_offshore_wind_generation,Wind Offshore,2026-09-13T08:14:51Z
2026-09-13T08:12:08Z,2026-09-13T10:12:08+0200,09fe2dd8-9230-4048-b545-388b2cac71a8,2026-09-09T18:15:00Z,2026-09-09T20:15:00+0200,462.68997,MW,FR,FR,forecast_offshore_wind_generation,Wind Offshore,2026-09-13T08:14:51Z
2026-09-13T08:12:08Z,2026-09-13T10:12:08+0200,09fe2dd8-9230-4048-b545-388b2cac71a8,2026-09-09T18:30:00Z,2026-09-09T20:30:00+0200,461.29999,MW,FR,FR,forecast_offshore_wind_generation,Wind Offshore,2026-09-13T08:14:51Z
2026-09-13T08:12:08Z,2026-09-13T10:12:08+0200,09fe2dd8-9230-4048-b545-388b2cac71a8,2026-09-09T18:45:00Z,2026-09-09T20:45:00+0200,459.94,MW,FR,FR,forecast_offshore_wind_generation,Wind Offshore,2026-09-13T08:14:51Z
2026-09-13T08:12:08Z,2026-09-13T10:12:08+0200,09fe2dd8-9230-4048-b545-388b2cac71a8,2026-09-09T19:00:00Z,2026-09-09T21:00:00+0200,458.58997,MW,FR,FR,forecast_offshore_wind_generation,Wind Offshore,2026-09-13T08:14:51Z
2026-09-13T08:12:08Z,2026-09-13T10:12:08+0200,09fe2dd8-9230-4048-b545-388b2cac71a8,2026-09-09T19:15:00Z,2026-09-09T21:15:00+0200,428.76001,MW,FR,FR,forecast_offshore_wind_generation,Wind Offshore,2026-09-13T08:14:51Z
2026-09-13T08:12:08Z,2026-09-13T10:12:08+0200,09fe2dd8-9230-4048-b545-388b2cac71a8,2026-09-09T19:30:00Z,2026-09-09T21:30:00+0200,398.92996,MW,FR,FR,forecast_offshore_wind_generation,Wind Offshore,2026-09-13T08:14:51Z
2026-09-13T08:12:08Z,2026-09-13T10:12:08+0200,09fe2dd8-9230-4048-b545-388b2cac71a8,2026-09-09T19:45:00Z,2026-09-09T21:45:00+0200,369.10999,MW,FR,FR,forecast_offshore_wind_generation,Wind Offshore,2026-09-13T08:14:51Z
2026-09-13T08:12:08Z,2026-09-13T10:12:08+0200,09fe2dd8-9230-4048-b545-388b2cac71a8,2026-09-09T20:00:00Z,2026-09-09T22:00:00+0200,339.29004,MW,FR,FR,forecast_offshore_wind_generation,Wind Offshore,2026-09-13T08:14:51Z
2026-09-13T08:12:08Z,2026-09-13T10:12:08+0200,09fe2dd8-9230-4048-b545-388b2cac71a8,2026-09-09T20:15:00Z,2026-09-09T22:15:00+0200,326.89999,MW,FR,FR,forecast_offshore_wind_generation,Wind Offshore,2026-09-13T08:14:51Z
2026-09-13T08:12:08Z,2026-09-13T10:12:08+0200,09fe2dd8-9230-4048-b545-388b2cac71a8,2026-09-09T20:30:00Z,2026-09-09T22:30:00+0200,314.51001,MW,FR,FR,forecast_offshore_wind_generation,Wind Offshore,2026-09-13T08:14:51Z
2026-09-13T08:12:08Z,2026-09-13T10:12:08+0200,09fe2dd8-9230-4048-b545-388b2cac71a8,2026-09-09T20:45:00Z,2026-09-09T22:45:00+0200,302.19,MW,FR,FR,forecast_offshore_wind_generation,Wind Offshore,2026-09-13T08:14:51Z
2026-09-13T08:12:08Z,2026-09-13T10:12:08+0200,09fe2dd8-9230-4048-b545-388b2cac71a8,2026-09-09T21:00:00Z,2026-09-09T23:00:00+0200,289.82999,MW,FR,FR,forecast_offshore_wind_generation,Wind Offshore,2026-09-13T08:14:51Z
2026-09-13T08:12:08Z,2026-09-13T10:12:08+0200,09fe2dd8-9230-4048-b545-388b2cac71a8,2026-09-09T21:15:00Z,2026-09-09T23:15:00+0200,282.64001,MW,FR,FR,forecast_offshore_wind_generation,Wind Offshore,2026-09-13T08:14:51Z
2026-09-13T08:12:08Z,2026-09-13T10:12:08+0200,09fe2dd8-9230-4048-b545-388b2cac71a8,2026-09-09T21:30:00Z,2026-09-09T23:30:00+0200,275.44,MW,FR,FR,forecast_offshore_wind_generation,Wind Offshore,2026-09-13T08:14:51Z
2026-09-13T08:12:08Z,2026-09-13T10:12:08+0200,09fe2dd8-9230-4048-b545-388b2cac71a8,2026-09-09T21:45:00Z,2026-09-09T23:45:00+0200,268.29999,MW,FR,FR,forecast_offshore_wind_generation,Wind Offshore,2026-09-13T08:14:51Z
2026-09-13T08:12:08Z,2026-09-13T10:12:08+0200,09fe2dd8-9230-4048-b545-388b2cac71a8,2026-09-09T22:00:00Z,2026-09-10T00:00:00+0200,132.73001,MW,FR,FR,forecast_offshore_wind_generation,Wind Offshore,2026-09-13T08:14:51Z
2026-09-13T08:12:08Z,2026-09-13T10:12:08+0200,09fe2dd8-9230-4048-b545-388b2cac71a8,2026-09-09T22:15:00Z,2026-09-10T00:15:00+0200,136.75,MW,FR,FR,forecast_offshore_wind_generation,Wind Offshore,2026-09-13T08:14:51Z
2026-09-13T08:12:08Z,2026-09-13T10:12:08+0200,09fe2dd8-9230-4048-b545-388b2cac71a8,2026-09-09T22:30:00Z,2026-09-10T00:30:00+0200,140.78,MW,FR,FR,forecast_offshore_wind_generation,Wind Offshore,2026-09-13T08:14:51Z
2026-09-13T08:12:08Z,2026-09-13T10:12:08+0200,09fe2dd8-9230-4048-b545-388b2cac71a8,2026-09-09T22:45:00Z,2026-09-10T00:45:00+0200,144.64001,MW,FR,FR,forecast_offshore_wind_generation,Wind Offshore,2026-09-13T08:14:51Z
2026-09-13T08:12:08Z,2026-09-13T10:12:08+0200,09fe2dd8-9230-4048-b545-388b2cac71a8,2026-09-09T23:00:00Z,2026-09-10T01:00:00+0200,148.5,MW,FR,FR,forecast_offshore_wind_generation,Wind Offshore,2026-09-13T08:14:51Z
2026-09-13T08:12:08Z,2026-09-13T10:12:08+0200,09fe2dd8-9230-4048-b545-388b2cac71a8,2026-09-09T23:15:00Z,2026-09-10T01:15:00+0200,154.34,MW,FR,FR,forecast_offshore_wind_generation,Wind Offshore,2026-09-13T08:14:51Z
2026-09-13T08:12:08Z,2026-09-13T10:12:08+0200,09fe2dd8-9230-4048-b545-388b2cac71a8,2026-09-09T23:30:00Z,2026-09-10T01:30:00+0200,160.17,MW,FR,FR,forecast_offshore_wind_generation,Wind Offshore,2026-09-13T08:14:51Z
2026-09-13T08:12:08Z,2026-09-13T10:12:08+0200,09fe2dd8-9230-4048-b545-388b2cac71a8,2026-09-09T23:45:00Z,2026-09-10T01:45:00+0200,165.98,MW,FR,FR,forecast_offshore_wind_generation,Wind Offshore,2026-09-13T08:14:51Z
2026-09-13T08:12:08Z,2026-09-13T10:12:08+0200,09fe2dd8-9230-4048-b545-388b2cac71a8,2026-09-10T00:00:00Z,2026-09-10T02:00:00+0200,171.75999,MW,FR,FR,forecast_offshore_wind_generation,Wind Offshore,2026-09-13T08:14:51Z
2026-09-13T08:12:08Z,2026-09-13T10:12:08+0200,09fe2dd8-9230-4048-b545-388b2cac71a8,2026-09-10T00:15:00Z,2026-09-10T02:15:00+0200,167.60001,MW,FR,FR,forecast_offshore_wind_generation,Wind Offshore,2026-09-13T08:14:51Z
2026-09-13T08:12:08Z,2026-09-13T10:12:08+0200,09fe2dd8-9230-4048-b545-388b2cac71a8,2026-09-10T00:30:00Z,2026-09-10T02:30:00+0200,163.44,MW,FR,FR,forecast_offshore_wind_generation,Wind Offshore,2026-09-13T08:14:51Z
2026-09-13T08:12:08Z,2026-09-13T10:12:08+0200,09fe2dd8-9230-4048-b545-388b2cac71a8,2026-09-10T00:45:00Z,2026-09-10T02:45:00+0200,159.31,MW,FR,FR,forecast_offshore_wind_generation,Wind Offshore,2026-09-13T08:14:51Z
2026-09-13T08:12:08Z,2026-09-13T10:12:08+0200,09fe2dd8-9230-4048-b545-388b2cac71a8,2026-09-10T01:00:00Z,2026-09-10T03:00:00+0200,155.15999,MW,FR,FR,forecast_offshore_wind_generation,Wind Offshore,2026-09-13T08:14:51Z
2026-09-13T08:12:08Z,2026-09-13T10:12:08+0200,09fe2dd8-9230-4048-b545-388b2cac71a8,2026-09-10T01:15:00Z,2026-09-10T03:15:00+0200,150.81,MW,FR,FR,forecast_offshore_wind_generation,Wind Offshore,2026-09-13T08:14:51Z
2026-09-13T08:12:08Z,2026-09-13T10:12:08+0200,09fe2dd8-9230-4048-b545-388b2cac71a8,2026-09-10T01:30:00Z,2026-09-10T03:30:00+0200,146.46001,MW,FR,FR,forecast_offshore_wind_generation,Wind Offshore,2026-09-13T08:14:51Z
2026-09-13T08:12:08Z,2026-09-13T10:12:08+0200,09fe2dd8-9230-4048-b545-388b2cac71a8,2026-09-10T01:45:00Z,2026-09-10T03:45:00+0200,142.10001,MW,FR,FR,forecast_offshore_wind_generation,Wind Offshore,2026-09-13T08:14:51Z
2026-09-13T08:12:08Z,2026-09-13T10:12:08+0200,09fe2dd8-9230-4048-b545-388b2cac71a8,2026-09-10T02:00:00Z,2026-09-10T04:00:00+0200,137.76001,MW,FR,FR,forecast_offshore_wind_generation,Wind Offshore,2026-09-13T08:14:51Z
2026-09-13T08:12:08Z,2026-09-13T10:12:08+0200,09fe2dd8-9230-4048-b545-388b2cac71a8,2026-09-10T02:15:00Z,2026-09-10T04:15:00+0200,135.53,MW,FR,FR,forecast_offshore_wind_generation,Wind Offshore,2026-09-13T08:14:51Z
2026-09-13T08:12:08Z,2026-09-13T10:12:08+0200,09fe2dd8-9230-4048-b545-388b2cac71a8,2026-09-10T02:30:00Z,2026-09-10T04:30:00+0200,133.28,MW,FR,FR,forecast_offshore_wind_generation,Wind Offshore,2026-09-13T08:14:51Z
2026-09-13T08:12:08Z,2026-09-13T10:12:08+0200,09fe2dd8-9230-4048-b545-388b2cac71a8,2026-09-10T02:45:00Z,2026-09-10T04:45:00+0200,131.03,MW,FR,FR,forecast_offshore_wind_generation,Wind Offshore,2026-09-13T08:14:51Z
2026-09-13T08:12:08Z,2026-09-13T10:12:08+0200,09fe2dd8-9230-4048-b545-388b2cac71a8,2026-09-10T03:00:00Z,2026-09-10T05:00:00+0200,128.78,MW,FR,FR,forecast_offshore_wind_generation,Wind Offshore,2026-09-13T08:14:51Z
2026-09-13T08:12:08Z,2026-09-13T10:12:08+0200,09fe2dd8-9230-4048-b545-388b2cac71a8,2026-09-10T03:15:00Z,2026-09-10T05:15:00+0200,129.59,MW,FR,FR,forecast_offshore_wind_generation,Wind Offshore,2026-09-13T08:14:51Z
2026-09-13T08:12:08Z,2026-09-13T10:12:08+0200,09fe2dd8-9230-4048-b545-388b2cac71a8,2026-09-10T03:30:00Z,2026-09-10T05:30:00+0200,130.39999,MW,FR,FR,forecast_offshore_wind_generation,Wind Offshore,2026-09-13T08:14:51Z
2026-09-13T08:12:08Z,2026-09-13T10:12:08+0200,09fe2dd8-9230-4048-b545-388b2cac71a8,2026-09-10T03:45:00Z,2026-09-10T05:45:00+0200,131.14999,MW,FR,FR,forecast_offshore_wind_generation,Wind Offshore,2026-09-13T08:14:51Z
2026-09-13T08:12:08Z,2026-09-13T10:12:08+0200,09fe2dd8-9230-4048-b545-388b2cac71a8,2026-09-10T04:00:00Z,2026-09-10T06:00:00+0200,131.92,MW,FR,FR,forecast_offshore_wind_generation,Wind Offshore,2026-09-13T08:14:51Z
2026-09-13T08:12:08Z,2026-09-13T10:12:08+0200,09fe2dd8-9230-4048-b545-388b2cac71a8,2026-09-10T04:15:00Z,2026-09-10T06:15:00+0200,126.45,MW,FR,FR,forecast_offshore_wind_generation,Wind Offshore,2026-09-13T08:14:51Z
2026-09-13T08:12:08Z,2026-09-13T10:12:08+0200,09fe2dd8-9230-4048-b545-388b2cac71a8,2026-09-10T04:30:00Z,2026-09-10T06:30:00+0200,120.99,MW,FR,FR,forecast_offshore_wind_generation,Wind Offshore,2026-09-13T08:14:51Z
2026-09-13T08:12:08Z,2026-09-13T10:12:08+0200,09fe2dd8-9230-4048-b545-388b2cac71a8,2026-09-10T04:45:00Z,2026-09-10T06:45:00+0200,115.48,MW,FR,FR,forecast_offshore_wind_generation,Wind Offshore,2026-09-13T08:14:51Z
2026-09-13T08:12:08Z,2026-09-13T10:12:08+0200,09fe2dd8-9230-4048-b545-388b2cac71a8,2026-09-10T05:00:00Z,2026-09-10T07:00:00+0200,109.95999,MW,FR,FR,forecast_offshore_wind_generation,Wind Offshore,2026-09-13T08:14:51Z
2026-09-13T08:12:08Z,2026-09-13T10:12:08+0200,09fe2dd8-9230-4048-b545-388b2cac71a8,2026-09-10T05:15:00Z,2026-09-10T07:15:00+0200,111.39999,MW,FR,FR,forecast_offshore_wind_generation,Wind Offshore,2026-09-13T08:14:51Z
2026-09-13T08:12:08Z,2026-09-13T10:12:08+0200,09fe2dd8-9230-4048-b545-388b2cac71a8,2026-09-10T05:30:00Z,2026-09-10T07:30:00+0200,112.86001,MW,FR,FR,forecast_offshore_wind_generation,Wind Offshore,2026-09-13T08:14:51Z
2026-09-13T08:12:08Z,2026-09-13T10:12:08+0200,09fe2dd8-9230-4048-b545-388b2cac71a8,2026-09-10T05:45:00Z,2026-09-10T07:45:00+0200,114.25001,MW,FR,FR,forecast_offshore_wind_generation,Wind Offshore,2026-09-13T08:14:51Z
2026-09-13T08:12:08Z,2026-09-13T10:12:08+0200,09fe2dd8-9230-4048-b545-388b2cac71a8,2026-09-10T06:00:00Z,2026-09-10T08:00:00+0200,115.65,MW,FR,FR,forecast_offshore_wind_generation,Wind Offshore,2026-09-13T08:14:51Z
2026-09-13T08:12:08Z,2026-09-13T10:12:08+0200,09fe2dd8-9230-4048-b545-388b2cac71a8,2026-09-10T06:15:00Z,2026-09-10T08:15:00+0200,119.82,MW,FR,FR,forecast_offshore_wind_generation,Wind Offshore,2026-09-13T08:14:51Z
2026-09-13T08:12:08Z,2026-09-13T10:12:08+0200,09fe2dd8-9230-4048-b545-388b2cac71a8,2026-09-10T06:30:00Z,2026-09-10T08:30:00+0200,123.96,MW,FR,FR,forecast_offshore_wind_generation,Wind Offshore,2026-09-13T08:14:51Z
2026-09-13T08:12:08Z,2026-09-13T10:12:08+0200,09fe2dd8-9230-4048-b545-388b2cac71a8,2026-09-10T06:45:00Z,2026-09-10T08:45:00+0200,128.09,MW,FR,FR,forecast_offshore_wind_generation,Wind Offshore,2026-09-13T08:14:51Z
2026-09-13T08:12:08Z,2026-09-13T10:12:08+0200,09fe2dd8-9230-4048-b545-388b2cac71a8,2026-09-10T07:00:00Z,2026-09-10T09:00:00+0200,132.22,MW,FR,FR,forecast_offshore_wind_generation,Wind Offshore,2026-09-13T08:14:51Z
2026-09-13T08:12:08Z,2026-09-13T10:12:08+0200,09fe2dd8-9230-4048-b545-388b2cac71a8,2026-09-10T07:15:00Z,2026-09-10T09:15:00+0200,133.33,MW,FR,FR,forecast_offshore_wind_generation,Wind Offshore,2026-09-13T08:14:51Z
2026-09-13T08:12:08Z,2026-09-13T10:12:08+0200,09fe2dd8-9230-4048-b545-388b2cac71a8,2026-09-10T07:30:00Z,2026-09-10T09:30:00+0200,134.42,MW,FR,FR,forecast_offshore_wind_generation,Wind Offshore,2026-09-13T08:14:51Z
2026-09-13T08:12:08Z,2026-09-13T10:12:08+0200,09fe2dd8-9230-4048-b545-388b2cac71a8,2026-09-10T07:45:00Z,2026-09-10T09:45:00+0200,135.52,MW,FR,FR,forecast_offshore_wind_generation,Wind Offshore,2026-09-13T08:14:51Z
2026-09-13T08:12:08Z,2026-09-13T10:12:08+0200,09fe2dd8-9230-4048-b545-388b2cac71a8,2026-09-10T08:00:00Z,2026-09-10T10:00:00+0200,136.65001,MW,FR,FR,forecast_offshore_wind_generation,Wind Offshore,2026-09-13T08:14:51Z
2026-09-13T08:12:08Z,2026-09-13T10:12:08+0200,09fe2dd8-9230-4048-b545-388b2cac71a8,2026-09-10T08:15:00Z,2026-09-10T10:15:00+0200,147.29001,MW,FR,FR,forecast_offshore_wind_generation,Wind Offshore,2026-09-13T08:14:51Z
2026-09-13T08:12:08Z,2026-09-13T10:12:08+0200,09fe2dd8-9230-4048-b545-388b2cac71a8,2026-09-10T08:30:00Z,2026-09-10T10:30:00+0200,157.92999,MW,FR,FR,forecast_offshore_wind_generation,Wind Offshore,2026-09-13T08:14:51Z
2026-09-13T08:12:08Z,2026-09-13T10:12:08+0200,09fe2dd8-9230-4048-b545-388b2cac71a8,2026-09-10T08:45:00Z,2026-09-10T10:45:00+0200,168.56,MW,FR,FR,forecast_offshore_wind_generation,Wind Offshore,2026-09-13T08:14:51Z
2026-09-13T08:12:08Z,2026-09-13T10:12:08+0200,09fe2dd8-9230-4048-b545-388b2cac71a8,2026-09-10T09:00:00Z,2026-09-10T11:00:00+0200,179.19,MW,FR,FR,forecast_offshore_wind_generation,Wind Offshore,2026-09-13T08:14:51Z
2026-09-13T08:12:08Z,2026-09-13T10:12:08+0200,09fe2dd8-9230-4048-b545-388b2cac71a8,2026-09-10T09:15:00Z,2026-09-10T11:15:00+0200,183.07001,MW,FR,FR,forecast_offshore_wind_generation,Wind Offshore,2026-09-13T08:14:51Z
2026-09-13T08:12:08Z,2026-09-13T10:12:08+0200,09fe2dd8-9230-4048-b545-388b2cac71a8,2026-09-10T09:30:00Z,2026-09-10T11:30:00+0200,186.94,MW,FR,FR,forecast_offshore_wind_generation,Wind Offshore,2026-09-13T08:14:51Z
2026-09-13T08:12:08Z,2026-09-13T10:12:08+0200,09fe2dd8-9230-4048-b545-388b2cac71a8,2026-09-10T09:45:00Z,2026-09-10T11:45:00+0200,190.86,MW,FR,FR,forecast_offshore_wind_generation,Wind Offshore,2026-09-13T08:14:51Z
2026-09-13T08:12:08Z,2026-09-13T10:12:08+0200,09fe2dd8-9230-4048-b545-388b2cac71a8,2026-09-10T10:00:00Z,2026-09-10T12:00:00+0200,194.98001,MW,FR,FR,forecast_offshore_wind_generation,Wind Offshore,2026-09-13T08:14:51Z
2026-09-13T08:12:08Z,2026-09-13T10:12:08+0200,09fe2dd8-9230-4048-b545-388b2cac71a8,2026-09-10T10:15:00Z,2026-09-10T12:15:00+0200,190.15999,MW,FR,FR,forecast_offshore_wind_generation,Wind Offshore,2026-09-13T08:14:51Z
2026-09-13T08:12:08Z,2026-09-13T10:12:08+0200,09fe2dd8-9230-4048-b545-388b2cac71a8,2026-09-10T10:30:00Z,2026-09-10T12:30:00+0200,185.45999,MW,FR,FR,forecast_offshore_wind_generation,Wind Offshore,2026-09-13T08:14:51Z
2026-09-13T08:12:08Z,2026-09-13T10:12:08+0200,09fe2dd8-9230-4048-b545-388b2cac71a8,2026-09-10T10:45:00Z,2026-09-10T12:45:00+0200,180.76001,MW,FR,FR,forecast_offshore_wind_generation,Wind Offshore,2026-09-13T08:14:51Z
2026-09-13T08:12:08Z,2026-09-13T10:12:08+0200,09fe2dd8-9230-4048-b545-388b2cac71a8,2026-09-10T11:00:00Z,2026-09-10T13:00:00+0200,176.06001,MW,FR,FR,forecast_offshore_wind_generation,Wind Offshore,2026-09-13T08:14:51Z
2026-09-13T08:12:08Z,2026-09-13T10:12:08+0200,09fe2dd8-9230-4048-b545-388b2cac71a8,2026-09-10T11:15:00Z,2026-09-10T13:15:00+0200,169.22,MW,FR,FR,forecast_offshore_wind_generation,Wind Offshore,2026-09-13T08:14:51Z
2026-09-13T08:12:08Z,2026-09-13T10:12:08+0200,09fe2dd8-9230-4048-b545-388b2cac71a8,2026-09-10T11:30:00Z,2026-09-10T13:30:00+0200,162.39,MW,FR,FR,forecast_offshore_wind_generation,Wind Offshore,2026-09-13T08:14:51Z
2026-09-13T08:12:08Z,2026-09-13T10:12:08+0200,09fe2dd8-9230-4048-b545-388b2cac71a8,2026-09-10T11:45:00Z,2026-09-10T13:45:00+0200,155.54999,MW,FR,FR,forecast_offshore_wind_generation,Wind Offshore,2026-09-13T08:14:51Z
2026-09-13T08:12:08Z,2026-09-13T10:12:08+0200,09fe2dd8-9230-4048-b545-388b2cac71a8,2026-09-10T12:00:00Z,2026-09-10T14:00:00+0200,148.72,MW,FR,FR,forecast_offshore_wind_generation,Wind Offshore,2026-09-13T08:14:51Z
2026-09-13T08:12:08Z,2026-09-13T10:12:08+0200,09fe2dd8-9230-4048-b545-388b2cac71a8,2026-09-10T12:15:00Z,2026-09-10T14:15:00+0200,149.69,MW,FR,FR,forecast_offshore_wind_generation,Wind Offshore,2026-09-13T08:14:51Z
2026-09-13T08:12:08Z,2026-09-13T10:12:08+0200,09fe2dd8-9230-4048-b545-388b2cac71a8,2026-09-10T12:30:00Z,2026-09-10T14:30:00+0200,150.66,MW,FR,FR,forecast_offshore_wind_generation,Wind Offshore,2026-09-13T08:14:51Z
2026-09-13T08:12:08Z,2026-09-13T10:12:08+0200,09fe2dd8-9230-4048-b545-388b2cac71a8,2026-09-10T12:45:00Z,2026-09-10T14:45:00+0200,151.64999,MW,FR,FR,forecast_offshore_wind_generation,Wind Offshore,2026-09-13T08:14:51Z
2026-09-13T08:12:08Z,2026-09-13T10:12:08+0200,09fe2dd8-9230-4048-b545-388b2cac71a8,2026-09-10T13:00:00Z,2026-09-10T15:00:00+0200,152.62,MW,FR,FR,forecast_offshore_wind_generation,Wind Offshore,2026-09-13T08:14:51Z
2026-09-13T08:12:08Z,2026-09-13T10:12:08+0200,09fe2dd8-9230-4048-b545-388b2cac71a8,2026-09-10T13:15:00Z,2026-09-10T15:15:00+0200,152.83,MW,FR,FR,forecast_offshore_wind_generation,Wind Offshore,2026-09-13T08:14:51Z
2026-09-13T08:12:08Z,2026-09-13T10:12:08+0200,09fe2dd8-9230-4048-b545-388b2cac71a8,2026-09-10T13:30:00Z,2026-09-10T15:30:00+0200,153.04999,MW,FR,FR,forecast_offshore_wind_generation,Wind Offshore,2026-09-13T08:14:51Z
2026-09-13T08:12:08Z,2026-09-13T10:12:08+0200,09fe2dd8-9230-4048-b545-388b2cac71a8,2026-09-10T13:45:00Z,2026-09-10T15:45:00+0200,153.28,MW,FR,FR,forecast_offshore_wind_generation,Wind Offshore,2026-09-13T08:14:51Z
2026-09-13T08:12:08Z,2026-09-13T10:12:08+0200,09fe2dd8-9230-4048-b545-388b2cac71a8,2026-09-10T14:00:00Z,2026-09-10T16:00:00+0200,153.53,MW,FR,FR,forecast_offshore_wind_generation,Wind Offshore,2026-09-13T08:14:51Z
2026-09-13T08:12:08Z,2026-09-13T10:12:08+0200,09fe2dd8-9230-4048-b545-388b2cac71a8,2026-09-10T14:15:00Z,2026-09-10T16:15:00+0200,159.17,MW,FR,FR,forecast_offshore_wind_generation,Wind Offshore,2026-09-13T08:14:51Z
2026-09-13T08:12:08Z,2026-09-13T10:12:08+0200,09fe2dd8-9230-4048-b545-388b2cac71a8,2026-09-10T14:30:00Z,2026-09-10T16:30:00+0200,164.78999,MW,FR,FR,forecast_offshore_wind_generation,Wind Offshore,2026-09-13T08:14:51Z
2026-09-13T08:12:08Z,2026-09-13T10:12:08+0200,09fe2dd8-9230-4048-b545-388b2cac71a8,2026-09-10T14:45:00Z,2026-09-10T16:45:00+0200,170.45999,MW,FR,FR,forecast_offshore_wind_generation,Wind Offshore,2026-09-13T08:14:51Z
2026-09-13T08:12:08Z,2026-09-13T10:12:08+0200,09fe2dd8-9230-4048-b545-388b2cac71a8,2026-09-10T15:00:00Z,2026-09-10T17:00:00+0200,176.12,MW,FR,FR,forecast_offshore_wind_generation,Wind Offshore,2026-09-13T08:14:51Z
2026-09-13T08:12:08Z,2026-09-13T10:12:08+0200,09fe2dd8-9230-4048-b545-388b2cac71a8,2026-09-10T15:15:00Z,2026-09-10T17:15:00+0200,182.44,MW,FR,FR,forecast_offshore_wind_generation,Wind Offshore,2026-09-13T08:14:51Z
2026-09-13T08:12:08Z,2026-09-13T10:12:08+0200,09fe2dd8-9230-4048-b545-388b2cac71a8,2026-09-10T15:30:00Z,2026-09-10T17:30:00+0200,188.76999,MW,FR,FR,forecast_offshore_wind_generation,Wind Offshore,2026-09-13T08:14:51Z
2026-09-13T08:12:08Z,2026-09-13T10:12:08+0200,09fe2dd8-9230-4048-b545-388b2cac71a8,2026-09-10T15:45:00Z,2026-09-10T17:45:00+0200,195.13,MW,FR,FR,forecast_offshore_wind_generation,Wind Offshore,2026-09-13T08:14:51Z
2026-09-13T08:12:08Z,2026-09-13T10:12:08+0200,09fe2dd8-9230-4048-b545-388b2cac71a8,2026-09-10T16:00:00Z,2026-09-10T18:00:00+0200,201.49001,MW,FR,FR,forecast_offshore_wind_generation,Wind Offshore,2026-09-13T08:14:51Z
2026-09-13T08:12:08Z,2026-09-13T10:12:08+0200,09fe2dd8-9230-4048-b545-388b2cac71a8,2026-09-10T16:15:00Z,2026-09-10T18:15:00+0200,203.13,MW,FR,FR,forecast_offshore_wind_generation,Wind Offshore,2026-09-13T08:14:51Z
2026-09-13T08:12:08Z,2026-09-13T10:12:08+0200,09fe2dd8-9230-4048-b545-388b2cac71a8,2026-09-10T16:30:00Z,2026-09-10T18:30:00+0200,204.78,MW,FR,FR,forecast_offshore_wind_generation,Wind Offshore,2026-09-13T08:14:51Z
2026-09-13T08:12:08Z,2026-09-13T10:12:08+0200,09fe2dd8-9230-4048-b545-388b2cac71a8,2026-09-10T16:45:00Z,2026-09-10T18:45:00+0200,206.45999,MW,FR,FR,forecast_offshore_wind_generation,Wind Offshore,2026-09-13T08:14:51Z
2026-09-13T08:12:08Z,2026-09-13T10:12:08+0200,09fe2dd8-9230-4048-b545-388b2cac71a8,2026-09-10T17:00:00Z,2026-09-10T19:00:00+0200,208.12997,MW,FR,FR,forecast_offshore_wind_generation,Wind Offshore,2026-09-13T08:14:51Z
2026-09-13T08:12:08Z,2026-09-13T10:12:08+0200,09fe2dd8-9230-4048-b545-388b2cac71a8,2026-09-10T17:15:00Z,2026-09-10T19:15:00+0200,209.77002,MW,FR,FR,forecast_offshore_wind_generation,Wind Offshore,2026-09-13T08:14:51Z
2026-09-13T08:12:08Z,2026-09-13T10:12:08+0200,09fe2dd8-9230-4048-b545-388b2cac71a8,2026-09-10T17:30:00Z,2026-09-10T19:30:00+0200,211.38,MW,FR,FR,forecast_offshore_wind_generation,Wind Offshore,2026-09-13T08:14:51Z
2026-09-13T08:12:08Z,2026-09-13T10:12:08+0200,09fe2dd8-9230-4048-b545-388b2cac71a8,2026-09-10T17:45:00Z,2026-09-10T19:45:00+0200,213.03999,MW,FR,FR,forecast_offshore_wind_generation,Wind Offshore,2026-09-13T08:14:51Z
2026-09-13T08:12:08Z,2026-09-13T10:12:08+0200,09fe2dd8-9230-4048-b545-388b2cac71a8,2026-09-10T18:00:00Z,2026-09-10T20:00:00+0200,214.7,MW,FR,FR,forecast_offshore_wind_generation,Wind Offshore,2026-09-13T08:14:51Z
2026-09-13T08:12:08Z,2026-09-13T10:12:08+0200,09fe2dd8-9230-4048-b545-388b2cac71a8,2026-09-10T18:15:00Z,2026-09-10T20:15:00+0200,230.75,MW,FR,FR,forecast_offshore_wind_generation,Wind Offshore,2026-09-13T08:14:51Z
2026-09-13T08:12:08Z,2026-09-13T10:12:08+0200,09fe2dd8-9230-4048-b545-388b2cac71a8,2026-09-10T18:30:00Z,2026-09-10T20:30:00+0200,246.8,MW,FR,FR,forecast_offshore_wind_generation,Wind Offshore,2026-09-13T08:14:51Z
2026-09-13T08:12:08Z,2026-09-13T10:12:08+0200,09fe2dd8-9230-4048-b545-388b2cac71a8,2026-09-10T18:45:00Z,2026-09-10T20:45:00+0200,262.82001,MW,FR,FR,forecast_offshore_wind_generation,Wind Offshore,2026-09-13T08:14:51Z
2026-09-13T08:12:08Z,2026-09-13T10:12:08+0200,09fe2dd8-9230-4048-b545-388b2cac71a8,2026-09-10T19:00:00Z,2026-09-10T21:00:00+0200,278.84998,MW,FR,FR,forecast_offshore_wind_generation,Wind Offshore,2026-09-13T08:14:51Z
2026-09-13T08:12:08Z,2026-09-13T10:12:08+0200,09fe2dd8-9230-4048-b545-388b2cac71a8,2026-09-10T19:15:00Z,2026-09-10T21:15:00+0200,292.35001,MW,FR,FR,forecast_offshore_wind_generation,Wind Offshore,2026-09-13T08:14:51Z
2026-09-13T08:12:08Z,2026-09-13T10:12:08+0200,09fe2dd8-9230-4048-b545-388b2cac71a8,2026-09-10T19:30:00Z,2026-09-10T21:30:00+0200,305.87,MW,FR,FR,forecast_offshore_wind_generation,Wind Offshore,2026-09-13T08:14:51Z
2026-09-13T08:12:08Z,2026-09-13T10:12:08+0200,09fe2dd8-9230-4048-b545-388b2cac71a8,2026-09-10T19:45:00Z,2026-09-10T21:45:00+0200,319.36002,MW,FR,FR,forecast_offshore_wind_generation,Wind Offshore,2026-09-13T08:14:51Z
2026-09-13T08:12:08Z,2026-09-13T10:12:08+0200,09fe2dd8-9230-4048-b545-388b2cac71a8,2026-09-10T20:00:00Z,2026-09-10T22:00:00+0200,332.85999,MW,FR,FR,forecast_offshore_wind_generation,Wind Offshore,2026-09-13T08:14:51Z
2026-09-13T08:12:08Z,2026-09-13T10:12:08+0200,09fe2dd8-9230-4048-b545-388b2cac71a8,2026-09-10T20:15:00Z,2026-09-10T22:15:00+0200,329.85001,MW,FR,FR,forecast_offshore_wind_generation,Wind Offshore,2026-09-13T08:14:51Z
2026-09-13T08:12:08Z,2026-09-13T10:12:08+0200,09fe2dd8-9230-4048-b545-388b2cac71a8,2026-09-10T20:30:00Z,2026-09-10T22:30:00+0200,326.85001,MW,FR,FR,forecast_offshore_wind_generation,Wind Offshore,2026-09-13T08:14:51Z
2026-09-13T08:12:08Z,2026-09-13T10:12:08+0200,09fe2dd8-9230-4048-b545-388b2cac71a8,2026-09-10T20:45:00Z,2026-09-10T22:45:00+0200,323.79001,MW,FR,FR,forecast_offshore_wind_generation,Wind Offshore,2026-09-13T08:14:51Z
2026-09-13T08:12:08Z,2026-09-13T10:12:08+0200,09fe2dd8-9230-4048-b545-388b2cac71a8,2026-09-10T21:00:00Z,2026-09-10T23:00:00+0200,320.73999,MW,FR,FR,forecast_offshore_wind_generation,Wind Offshore,2026-09-13T08:14:51Z
2026-09-13T08:12:08Z,2026-09-13T10:12:08+0200,09fe2dd8-9230-4048-b545-388b2cac71a8,2026-09-10T21:15:00Z,2026-09-10T23:15:00+0200,322.43997,MW,FR,FR,forecast_offshore_wind_generation,Wind Offshore,2026-09-13T08:14:51Z
2026-09-13T08:12:08Z,2026-09-13T10:12:08+0200,09fe2dd8-9230-4048-b545-388b2cac71a8,2026-09-10T21:30:00Z,2026-09-10T23:30:00+0200,324.13998,MW,FR,FR,forecast_offshore_wind_generation,Wind Offshore,2026-09-13T08:14:51Z
2026-09-13T08:12:08Z,2026-09-13T10:12:08+0200,09fe2dd8-9230-4048-b545-388b2cac71a8,2026-09-10T21:45:00Z,2026-09-10T23:45:00+0200,325.79999,MW,FR,FR,forecast_offshore_wind_generation,Wind Offshore,2026-09-13T08:14:51Z
2026-09-13T08:12:08Z,2026-09-13T10:12:08+0200,09fe2dd8-9230-4048-b545-388b2cac71a8,2026-09-10T22:00:00Z,2026-09-11T00:00:00+0200,313.08997,MW,FR,FR,forecast_offshore_wind_generation,Wind Offshore,2026-09-13T08:14:51Z
2026-09-13T08:12:08Z,2026-09-13T10:12:08+0200,09fe2dd8-9230-4048-b545-388b2cac71a8,2026-09-10T22:15:00Z,2026-09-11T00:15:00+0200,322.79999,MW,FR,FR,forecast_offshore_wind_generation,Wind Offshore,2026-09-13T08:14:51Z
2026-09-13T08:12:08Z,2026-09-13T10:12:08+0200,09fe2dd8-9230-4048-b545-388b2cac71a8,2026-09-10T22:30:00Z,2026-09-11T00:30:00+0200,332.48999,MW,FR,FR,forecast_offshore_wind_generation,Wind Offshore,2026-09-13T08:14:51Z
2026-09-13T08:12:08Z,2026-09-13T10:12:08+0200,09fe2dd8-9230-4048-b545-388b2cac71a8,2026-09-10T22:45:00Z,2026-09-11T00:45:00+0200,342.06,MW,FR,FR,forecast_offshore_wind_generation,Wind Offshore,2026-09-13T08:14:51Z
2026-09-13T08:12:08Z,2026-09-13T10:12:08+0200,09fe2dd8-9230-4048-b545-388b2cac71a8,2026-09-10T23:00:00Z,2026-09-11T01:00:00+0200,351.64005,MW,FR,FR,forecast_offshore_wind_generation,Wind Offshore,2026-09-13T08:14:51Z
2026-09-13T08:12:08Z,2026-09-13T10:12:08+0200,09fe2dd8-9230-4048-b545-388b2cac71a8,2026-09-10T23:15:00Z,2026-09-11T01:15:00+0200,370.91998,MW,FR,FR,forecast_offshore_wind_generation,Wind Offshore,2026-09-13T08:14:51Z
2026-09-13T08:12:08Z,2026-09-13T10:12:08+0200,09fe2dd8-9230-4048-b545-388b2cac71a8,2026-09-10T23:30:00Z,2026-09-11T01:30:00+0200,390.19,MW,FR,FR,forecast_offshore_wind_generation,Wind Offshore,2026-09-13T08:14:51Z
2026-09-13T08:12:08Z,2026-09-13T10:12:08+0200,09fe2dd8-9230-4048-b545-388b2cac71a8,2026-09-10T23:45:00Z,2026-09-11T01:45:00+0200,409.41998,MW,FR,FR,forecast_offshore_wind_generation,Wind Offshore,2026-09-13T08:14:51Z
2026-09-13T08:12:08Z,2026-09-13T10:12:08+0200,09fe2dd8-9230-4048-b545-388b2cac71a8,2026-09-11T00:00:00Z,2026-09-11T02:00:00+0200,428.65997,MW,FR,FR,forecast_offshore_wind_generation,Wind Offshore,2026-09-13T08:14:51Z
2026-09-13T08:12:08Z,2026-09-13T10:12:08+0200,09fe2dd8-9230-4048-b545-388b2cac71a8,2026-09-11T00:15:00Z,2026-09-11T02:15:00+0200,427.64001,MW,FR,FR,forecast_offshore_wind_generation,Wind Offshore,2026-09-13T08:14:51Z
2026-09-13T08:12:08Z,2026-09-13T10:12:08+0200,09fe2dd8-9230-4048-b545-388b2cac71a8,2026-09-11T00:30:00Z,2026-09-11T02:30:00+0200,426.60001,MW,FR,FR,forecast_offshore_wind_generation,Wind Offshore,2026-09-13T08:14:51Z
2026-09-13T08:12:08Z,2026-09-13T10:12:08+0200,09fe2dd8-9230-4048-b545-388b2cac71a8,2026-09-11T00:45:00Z,2026-09-11T02:45:00+0200,425.57999,MW,FR,FR,forecast_offshore_wind_generation,Wind Offshore,2026-09-13T08:14:51Z
2026-09-13T08:12:08Z,2026-09-13T10:12:08+0200,09fe2dd8-9230-4048-b545-388b2cac71a8,2026-09-11T01:00:00Z,2026-09-11T03:00:00+0200,424.56,MW,FR,FR,forecast_offshore_wind_generation,Wind Offshore,2026-09-13T08:14:51Z
2026-09-13T08:12:08Z,2026-09-13T10:12:08+0200,09fe2dd8-9230-4048-b545-388b2cac71a8,2026-09-11T01:15:00Z,2026-09-11T03:15:00+0200,420.5,MW,FR,FR,forecast_offshore_wind_generation,Wind Offshore,2026-09-13T08:14:51Z
2026-09-13T08:12:08Z,2026-09-13T10:12:08+0200,09fe2dd8-9230-4048-b545-388b2cac71a8,2026-09-11T01:30:00Z,2026-09-11T03:30:00+0200,416.41998,MW,FR,FR,forecast_offshore_wind_generation,Wind Offshore,2026-09-13T08:14:51Z
2026-09-13T08:12:08Z,2026-09-13T10:12:08+0200,09fe2dd8-9230-4048-b545-388b2cac71a8,2026-09-11T01:45:00Z,2026-09-11T03:45:00+0200,412.34,MW,FR,FR,forecast_offshore_wind_generation,Wind Offshore,2026-09-13T08:14:51Z
2026-09-13T08:12:08Z,2026-09-13T10:12:08+0200,09fe2dd8-9230-4048-b545-388b2cac71a8,2026-09-11T02:00:00Z,2026-09-11T04:00:00+0200,408.28,MW,FR,FR,forecast_offshore_wind_generation,Wind Offshore,2026-09-13T08:14:51Z
2026-09-13T08:12:08Z,2026-09-13T10:12:08+0200,09fe2dd8-9230-4048-b545-388b2cac71a8,2026-09-11T02:15:00Z,2026-09-11T04:15:00+0200,401.93002,MW,FR,FR,forecast_offshore_wind_generation,Wind Offshore,2026-09-13T08:14:51Z
2026-09-13T08:12:08Z,2026-09-13T10:12:08+0200,09fe2dd8-9230-4048-b545-388b2cac71a8,2026-09-11T02:30:00Z,2026-09-11T04:30:00+0200,395.58002,MW,FR,FR,forecast_offshore_wind_generation,Wind Offshore,2026-09-13T08:14:51Z
2026-09-13T08:12:08Z,2026-09-13T10:12:08+0200,09fe2dd8-9230-4048-b545-388b2cac71a8,2026-09-11T02:45:00Z,2026-09-11T04:45:00+0200,389.21997,MW,FR,FR,forecast_offshore_wind_generation,Wind Offshore,2026-09-13T08:14:51Z
2026-09-13T08:12:08Z,2026-09-13T10:12:08+0200,09fe2dd8-9230-4048-b545-388b2cac71a8,2026-09-11T03:00:00Z,2026-09-11T05:00:00+0200,382.86002,MW,FR,FR,forecast_offshore_wind_generation,Wind Offshore,2026-09-13T08:14:51Z
2026-09-13T08:12:08Z,2026-09-13T10:12:08+0200,09fe2dd8-9230-4048-b545-388b2cac71a8,2026-09-11T03:15:00Z,2026-09-11T05:15:00+0200,386.82001,MW,FR,FR,forecast_offshore_wind_generation,Wind Offshore,2026-09-13T08:14:51Z
2026-09-13T08:12:08Z,2026-09-13T10:12:08+0200,09fe2dd8-9230-4048-b545-388b2cac71a8,2026-09-11T03:30:00Z,2026-09-11T05:30:00+0200,390.76999,MW,FR,FR,forecast_offshore_wind_generation,Wind Offshore,2026-09-13T08:14:51Z
2026-09-13T08:12:08Z,2026-09-13T10:12:08+0200,09fe2dd8-9230-4048-b545-388b2cac71a8,2026-09-11T03:45:00Z,2026-09-11T05:45:00+0200,394.69,MW,FR,FR,forecast_offshore_wind_generation,Wind Offshore,2026-09-13T08:14:51Z
2026-09-13T08:12:08Z,2026-09-13T10:12:08+0200,09fe2dd8-9230-4048-b545-388b2cac71a8,2026-09-11T04:00:00Z,2026-09-11T06:00:00+0200,398.59998,MW,FR,FR,forecast_offshore_wind_generation,Wind Offshore,2026-09-13T08:14:51Z
2026-09-13T08:12:08Z,2026-09-13T10:12:08+0200,09fe2dd8-9230-4048-b545-388b2cac71a8,2026-09-11T04:15:00Z,2026-09-11T06:15:00+0200,399.08997,MW,FR,FR,forecast_offshore_wind_generation,Wind Offshore,2026-09-13T08:14:51Z
2026-09-13T08:12:08Z,2026-09-13T10:12:08+0200,09fe2dd8-9230-4048-b545-388b2cac71a8,2026-09-11T04:30:00Z,2026-09-11T06:30:00+0200,399.59,MW,FR,FR,forecast_offshore_wind_generation,Wind Offshore,2026-09-13T08:14:51Z
2026-09-13T08:12:08Z,2026-09-13T10:12:08+0200,09fe2dd8-9230-4048-b545-388b2cac71a8,2026-09-11T04:45:00Z,2026-09-11T06:45:00+0200,400.03,MW,FR,FR,forecast_offshore_wind_generation,Wind Offshore,2026-09-13T08:14:51Z
2026-09-13T08:12:08Z,2026-09-13T10:12:08+0200,09fe2dd8-9230-4048-b545-388b2cac71a8,2026-09-11T05:00:00Z,2026-09-11T07:00:00+0200,400.48999,MW,FR,FR,forecast_offshore_wind_generation,Wind Offshore,2026-09-13T08:14:51Z
2026-09-13T08:12:08Z,2026-09-13T10:12:08+0200,09fe2dd8-9230-4048-b545-388b2cac71a8,2026-09-11T05:15:00Z,2026-09-11T07:15:00+0200,394.14999,MW,FR,FR,forecast_offshore_wind_generation,Wind Offshore,2026-09-13T08:14:51Z
2026-09-13T08:12:08Z,2026-09-13T10:12:08+0200,09fe2dd8-9230-4048-b545-388b2cac71a8,2026-09-11T05:30:00Z,2026-09-11T07:30:00+0200,387.81,MW,FR,FR,forecast_offshore_wind_generation,Wind Offshore,2026-09-13T08:14:51Z
2026-09-13T08:12:08Z,2026-09-13T10:12:08+0200,09fe2dd8-9230-4048-b545-388b2cac71a8,2026-09-11T05:45:00Z,2026-09-11T07:45:00+0200,381.44,MW,FR,FR,forecast_offshore_wind_generation,Wind Offshore,2026-09-13T08:14:51Z
2026-09-13T08:12:08Z,2026-09-13T10:12:08+0200,09fe2dd8-9230-4048-b545-388b2cac71a8,2026-09-11T06:00:00Z,2026-09-11T08:00:00+0200,375.08002,MW,FR,FR,forecast_offshore_wind_generation,Wind Offshore,2026-09-13T08:14:51Z
2026-09-13T08:12:08Z,2026-09-13T10:12:08+0200,09fe2dd8-9230-4048-b545-388b2cac71a8,2026-09-11T06:15:00Z,2026-09-11T08:15:00+0200,381.97998,MW,FR,FR,forecast_offshore_wind_generation,Wind Offshore,2026-09-13T08:14:51Z
2026-09-13T08:12:08Z,2026-09-13T10:12:08+0200,09fe2dd8-9230-4048-b545-388b2cac71a8,2026-09-11T06:30:00Z,2026-09-11T08:30:00+0200,388.85999,MW,FR,FR,forecast_offshore_wind_generation,Wind Offshore,2026-09-13T08:14:51Z
2026-09-13T08:12:08Z,2026-09-13T10:12:08+0200,09fe2dd8-9230-4048-b545-388b2cac71a8,2026-09-11T06:45:00Z,2026-09-11T08:45:00+0200,395.73999,MW,FR,FR,forecast_offshore_wind_generation,Wind Offshore,2026-09-13T08:14:51Z
2026-09-13T08:12:08Z,2026-09-13T10:12:08+0200,09fe2dd8-9230-4048-b545-388b2cac71a8,2026-09-11T07:00:00Z,2026-09-11T09:00:00+0200,402.60999,MW,FR,FR,forecast_offshore_wind_generation,Wind Offshore,2026-09-13T08:14:51Z
2026-09-13T08:12:08Z,2026-09-13T10:12:08+0200,09fe2dd8-9230-4048-b545-388b2cac71a8,2026-09-11T07:15:00Z,2026-09-11T09:15:00+0200,380.23999,MW,FR,FR,forecast_offshore_wind_generation,Wind Offshore,2026-09-13T08:14:51Z
2026-09-13T08:12:08Z,2026-09-13T10:12:08+0200,09fe2dd8-9230-4048-b545-388b2cac71a8,2026-09-11T07:30:00Z,2026-09-11T09:30:00+0200,357.88,MW,FR,FR,forecast_offshore_wind_generation,Wind Offshore,2026-09-13T08:14:51Z
2026-09-13T08:12:08Z,2026-09-13T10:12:08+0200,09fe2dd8-9230-4048-b545-388b2cac71a8,2026-09-11T07:45:00Z,2026-09-11T09:45:00+0200,335.48999,MW,FR,FR,forecast_offshore_wind_generation,Wind Offshore,2026-09-13T08:14:51Z
2026-09-13T08:12:08Z,2026-09-13T10:12:08+0200,09fe2dd8-9230-4048-b545-388b2cac71a8,2026-09-11T08:00:00Z,2026-09-11T10:00:00+0200,313.12003,MW,FR,FR,forecast_offshore_wind_generation,Wind Offshore,2026-09-13T08:14:51Z
2026-09-13T08:12:08Z,2026-09-13T10:12:08+0200,09fe2dd8-9230-4048-b545-388b2cac71a8,2026-09-11T08:15:00Z,2026-09-11T10:15:00+0200,298.56,MW,FR,FR,forecast_offshore_wind_generation,Wind Offshore,2026-09-13T08:14:51Z
2026-09-13T08:12:08Z,2026-09-13T10:12:08+0200,09fe2dd8-9230-4048-b545-388b2cac71a8,2026-09-11T08:30:00Z,2026-09-11T10:30:00+0200,284.0,MW,FR,FR,forecast_offshore_wind_generation,Wind Offshore,2026-09-13T08:14:51Z
2026-09-13T08:12:08Z,2026-09-13T10:12:08+0200,09fe2dd8-9230-4048-b545-388b2cac71a8,2026-09-11T08:45:00Z,2026-09-11T10:45:00+0200,269.44,MW,FR,FR,forecast_offshore_wind_generation,Wind Offshore,2026-09-13T08:14:51Z
2026-09-13T08:12:08Z,2026-09-13T10:12:08+0200,09fe2dd8-9230-4048-b545-388b2cac71a8,2026-09-11T09:00:00Z,2026-09-11T11:00:00+0200,254.86,MW,FR,FR,forecast_offshore_wind_generation,Wind Offshore,2026-09-13T08:14:51Z
2026-09-13T08:12:08Z,2026-09-13T10:12:08+0200,09fe2dd8-9230-4048-b545-388b2cac71a8,2026-09-11T09:15:00Z,2026-09-11T11:15:00+0200,243.7,MW,FR,FR,forecast_offshore_wind_generation,Wind Offshore,2026-09-13T08:14:51Z
2026-09-13T08:12:08Z,2026-09-13T10:12:08+0200,09fe2dd8-9230-4048-b545-388b2cac71a8,2026-09-11T09:30:00Z,2026-09-11T11:30:00+0200,232.52998,MW,FR,FR,forecast_offshore_wind_generation,Wind Offshore,2026-09-13T08:14:51Z
2026-09-13T08:12:08Z,2026-09-13T10:12:08+0200,09fe2dd8-9230-4048-b545-388b2cac71a8,2026-09-11T09:45:00Z,2026-09-11T11:45:00+0200,221.35001,MW,FR,FR,forecast_offshore_wind_generation,Wind Offshore,2026-09-13T08:14:51Z
2026-09-13T08:12:08Z,2026-09-13T10:12:08+0200,09fe2dd8-9230-4048-b545-388b2cac71a8,2026-09-11T10:00:00Z,2026-09-11T12:00:00+0200,210.17001,MW,FR,FR,forecast_offshore_wind_generation,Wind Offshore,2026-09-13T08:14:51Z
2026-09-13T08:12:08Z,2026-09-13T10:12:08+0200,09fe2dd8-9230-4048-b545-388b2cac71a8,2026-09-11T10:15:00Z,2026-09-11T12:15:00+0200,202.29001,MW,FR,FR,forecast_offshore_wind_generation,Wind Offshore,2026-09-13T08:14:51Z
2026-09-13T08:12:08Z,2026-09-13T10:12:08+0200,09fe2dd8-9230-4048-b545-388b2cac71a8,2026-09-11T10:30:00Z,2026-09-11T12:30:00+0200,194.39,MW,FR,FR,forecast_offshore_wind_generation,Wind Offshore,2026-09-13T08:14:51Z
2026-09-13T08:12:08Z,2026-09-13T10:12:08+0200,09fe2dd8-9230-4048-b545-388b2cac71a8,2026-09-11T10:45:00Z,2026-09-11T12:45:00+0200,186.49001,MW,FR,FR,forecast_offshore_wind_generation,Wind Offshore,2026-09-13T08:14:51Z
2026-09-13T08:12:08Z,2026-09-13T10:12:08+0200,09fe2dd8-9230-4048-b545-388b2cac71a8,2026-09-11T11:00:00Z,2026-09-11T13:00:00+0200,178.62,MW,FR,FR,forecast_offshore_wind_generation,Wind Offshore,2026-09-13T08:14:51Z
2026-09-13T08:12:08Z,2026-09-13T10:12:08+0200,09fe2dd8-9230-4048-b545-388b2cac71a8,2026-09-11T11:15:00Z,2026-09-11T13:15:00+0200,176.06,MW,FR,FR,forecast_offshore_wind_generation,Wind Offshore,2026-09-13T08:14:51Z
2026-09-13T08:12:08Z,2026-09-13T10:12:08+0200,09fe2dd8-9230-4048-b545-388b2cac71a8,2026-09-11T11:30:00Z,2026-09-11T13:30:00+0200,173.52,MW,FR,FR,forecast_offshore_wind_generation,Wind Offshore,2026-09-13T08:14:51Z
2026-09-13T08:12:08Z,2026-09-13T10:12:08+0200,09fe2dd8-9230-4048-b545-388b2cac71a8,2026-09-11T11:45:00Z,2026-09-11T13:45:00+0200,170.97,MW,FR,FR,forecast_offshore_wind_generation,Wind Offshore,2026-09-13T08:14:51Z
2026-09-13T08:12:08Z,2026-09-13T10:12:08+0200,09fe2dd8-9230-4048-b545-388b2cac71a8,2026-09-11T12:00:00Z,2026-09-11T14:00:00+0200,168.42,MW,FR,FR,forecast_offshore_wind_generation,Wind Offshore,2026-09-13T08:14:51Z
2026-09-13T08:12:08Z,2026-09-13T10:12:08+0200,09fe2dd8-9230-4048-b545-388b2cac71a8,2026-09-11T12:15:00Z,2026-09-11T14:15:00+0200,164.85001,MW,FR,FR,forecast_offshore_wind_generation,Wind Offshore,2026-09-13T08:14:51Z
2026-09-13T08:12:08Z,2026-09-13T10:12:08+0200,09fe2dd8-9230-4048-b545-388b2cac71a8,2026-09-11T12:30:00Z,2026-09-11T14:30:00+0200,161.29999,MW,FR,FR,forecast_offshore_wind_generation,Wind Offshore,2026-09-13T08:14:51Z
2026-09-13T08:12:08Z,2026-09-13T10:12:08+0200,09fe2dd8-9230-4048-b545-388b2cac71a8,2026-09-11T12:45:00Z,2026-09-11T14:45:00+0200,157.75,MW,FR,FR,forecast_offshore_wind_generation,Wind Offshore,2026-09-13T08:14:51Z
2026-09-13T08:12:08Z,2026-09-13T10:12:08+0200,09fe2dd8-9230-4048-b545-388b2cac71a8,2026-09-11T13:00:00Z,2026-09-11T15:00:00+0200,154.20001,MW,FR,FR,forecast_offshore_wind_generation,Wind Offshore,2026-09-13T08:14:51Z
2026-09-13T08:12:08Z,2026-09-13T10:12:08+0200,09fe2dd8-9230-4048-b545-388b2cac71a8,2026-09-11T13:15:00Z,2026-09-11T15:15:00+0200,156.06,MW,FR,FR,forecast_offshore_wind_generation,Wind Offshore,2026-09-13T08:14:51Z
2026-09-13T08:12:08Z,2026-09-13T10:12:08+0200,09fe2dd8-9230-4048-b545-388b2cac71a8,2026-09-11T13:30:00Z,2026-09-11T15:30:00+0200,157.92,MW,FR,FR,forecast_offshore_wind_generation,Wind Offshore,2026-09-13T08:14:51Z
2026-09-13T08:12:08Z,2026-09-13T10:12:08+0200,09fe2dd8-9230-4048-b545-388b2cac71a8,2026-09-11T13:45:00Z,2026-09-11T15:45:00+0200,159.81,MW,FR,FR,forecast_offshore_wind_generation,Wind Offshore,2026-09-13T08:14:51Z
2026-09-13T08:12:08Z,2026-09-13T10:12:08+0200,09fe2dd8-9230-4048-b545-388b2cac71a8,2026-09-11T14:00:00Z,2026-09-11T16:00:00+0200,161.69,MW,FR,FR,forecast_offshore_wind_generation,Wind Offshore,2026-09-13T08:14:51Z
2026-09-13T08:12:08Z,2026-09-13T10:12:08+0200,09fe2dd8-9230-4048-b545-388b2cac71a8,2026-09-11T14:15:00Z,2026-09-11T16:15:00+0200,169.46999,MW,FR,FR,forecast_offshore_wind_generation,Wind Offshore,2026-09-13T08:14:51Z
2026-09-13T08:12:08Z,2026-09-13T10:12:08+0200,09fe2dd8-9230-4048-b545-388b2cac71a8,2026-09-11T14:30:00Z,2026-09-11T16:30:00+0200,177.24001,MW,FR,FR,forecast_offshore_wind_generation,Wind Offshore,2026-09-13T08:14:51Z
2026-09-13T08:12:08Z,2026-09-13T10:12:08+0200,09fe2dd8-9230-4048-b545-388b2cac71a8,2026-09-11T14:45:00Z,2026-09-11T16:45:00+0200,185.04001,MW,FR,FR,forecast_offshore_wind_generation,Wind Offshore,2026-09-13T08:14:51Z
2026-09-13T08:12:08Z,2026-09-13T10:12:08+0200,09fe2dd8-9230-4048-b545-388b2cac71a8,2026-09-11T15:00:00Z,2026-09-11T17:00:00+0200,192.84,MW,FR,FR,forecast_offshore_wind_generation,Wind Offshore,2026-09-13T08:14:51Z
2026-09-13T08:12:08Z,2026-09-13T10:12:08+0200,09fe2dd8-9230-4048-b545-388b2cac71a8,2026-09-11T15:15:00Z,2026-09-11T17:15:00+0200,195.59001,MW,FR,FR,forecast_offshore_wind_generation,Wind Offshore,2026-09-13T08:14:51Z
2026-09-13T08:12:08Z,2026-09-13T10:12:08+0200,09fe2dd8-9230-4048-b545-388b2cac71a8,2026-09-11T15:30:00Z,2026-09-11T17:30:00+0200,198.34001,MW,FR,FR,forecast_offshore_wind_generation,Wind Offshore,2026-09-13T08:14:51Z
2026-09-13T08:12:08Z,2026-09-13T10:12:08+0200,09fe2dd8-9230-4048-b545-388b2cac71a8,2026-09-11T15:45:00Z,2026-09-11T17:45:00+0200,201.14999,MW,FR,FR,forecast_offshore_wind_generation,Wind Offshore,2026-09-13T08:14:51Z
2026-09-13T08:12:08Z,2026-09-13T10:12:08+0200,09fe2dd8-9230-4048-b545-388b2cac71a8,2026-09-11T16:00:00Z,2026-09-11T18:00:00+0200,203.92999,MW,FR,FR,forecast_offshore_wind_generation,Wind Offshore,2026-09-13T08:14:51Z
2026-09-13T08:12:08Z,2026-09-13T10:12:08+0200,09fe2dd8-9230-4048-b545-388b2cac71a8,2026-09-11T16:15:00Z,2026-09-11T18:15:00+0200,202.79001,MW,FR,FR,forecast_offshore_wind_generation,Wind Offshore,2026-09-13T08:14:51Z
2026-09-13T08:12:08Z,2026-09-13T10:12:08+0200,09fe2dd8-9230-4048-b545-388b2cac71a8,2026-09-11T16:30:00Z,2026-09-11T18:30:00+0200,201.64,MW,FR,FR,forecast_offshore_wind_generation,Wind Offshore,2026-09-13T08:14:51Z
2026-09-13T08:12:08Z,2026-09-13T10:12:08+0200,09fe2dd8-9230-4048-b545-388b2cac71a8,2026-09-11T16:45:00Z,2026-09-11T18:45:00+0200,200.51001,MW,FR,FR,forecast_offshore_wind_generation,Wind Offshore,2026-09-13T08:14:51Z
2026-09-13T08:12:08Z,2026-09-13T10:12:08+0200,09fe2dd8-9230-4048-b545-388b2cac71a8,2026-09-11T17:00:00Z,2026-09-11T19:00:00+0200,199.38,MW,FR,FR,forecast_offshore_wind_generation,Wind Offshore,2026-09-13T08:14:51Z
2026-09-13T08:12:08Z,2026-09-13T10:12:08+0200,09fe2dd8-9230-4048-b545-388b2cac71a8,2026-09-11T17:15:00Z,2026-09-11T19:15:00+0200,197.73,MW,FR,FR,forecast_offshore_wind_generation,Wind Offshore,2026-09-13T08:14:51Z
2026-09-13T08:12:08Z,2026-09-13T10:12:08+0200,09fe2dd8-9230-4048-b545-388b2cac71a8,2026-09-11T17:30:00Z,2026-09-11T19:30:00+0200,196.08,MW,FR,FR,forecast_offshore_wind_generation,Wind Offshore,2026-09-13T08:14:51Z
2026-09-13T08:12:08Z,2026-09-13T10:12:08+0200,09fe2dd8-9230-4048-b545-388b2cac71a8,2026-09-11T17:45:00Z,2026-09-11T19:45:00+0200,194.44,MW,FR,FR,forecast_offshore_wind_generation,Wind Offshore,2026-09-13T08:14:51Z
2026-09-13T08:12:08Z,2026-09-13T10:12:08+0200,09fe2dd8-9230-4048-b545-388b2cac71a8,2026-09-11T18:00:00Z,2026-09-11T20:00:00+0200,192.82999,MW,FR,FR,forecast_offshore_wind_generation,Wind Offshore,2026-09-13T08:14:51Z
2026-09-13T08:12:08Z,2026-09-13T10:12:08+0200,09fe2dd8-9230-4048-b545-388b2cac71a8,2026-09-11T18:15:00Z,2026-09-11T20:15:00+0200,186.13,MW,FR,FR,forecast_offshore_wind_generation,Wind Offshore,2026-09-13T08:14:51Z
2026-09-13T08:12:08Z,2026-09-13T10:12:08+0200,09fe2dd8-9230-4048-b545-388b2cac71a8,2026-09-11T18:30:00Z,2026-09-11T20:30:00+0200,179.46001,MW,FR,FR,forecast_offshore_wind_generation,Wind Offshore,2026-09-13T08:14:51Z
2026-09-13T08:12:08Z,2026-09-13T10:12:08+0200,09fe2dd8-9230-4048-b545-388b2cac71a8,2026-09-11T18:45:00Z,2026-09-11T20:45:00+0200,172.77002,MW,FR,FR,forecast_offshore_wind_generation,Wind Offshore,2026-09-13T08:14:51Z
2026-09-13T08:12:08Z,2026-09-13T10:12:08+0200,09fe2dd8-9230-4048-b545-388b2cac71a8,2026-09-11T19:00:00Z,2026-09-11T21:00:00+0200,166.06999,MW,FR,FR,forecast_offshore_wind_generation,Wind Offshore,2026-09-13T08:14:51Z
2026-09-13T08:12:08Z,2026-09-13T10:12:08+0200,09fe2dd8-9230-4048-b545-388b2cac71a8,2026-09-11T19:15:00Z,2026-09-11T21:15:00+0200,159.20999,MW,FR,FR,forecast_offshore_wind_generation,Wind Offshore,2026-09-13T08:14:51Z
2026-09-13T08:12:08Z,2026-09-13T10:12:08+0200,09fe2dd8-9230-4048-b545-388b2cac71a8,2026-09-11T19:30:00Z,2026-09-11T21:30:00+0200,152.36,MW,FR,FR,forecast_offshore_wind_generation,Wind Offshore,2026-09-13T08:14:51Z
2026-09-13T08:12:08Z,2026-09-13T10:12:08+0200,09fe2dd8-9230-4048-b545-388b2cac71a8,2026-09-11T19:45:00Z,2026-09-11T21:45:00+0200,145.49001,MW,FR,FR,forecast_offshore_wind_generation,Wind Offshore,2026-09-13T08:14:51Z
2026-09-13T08:12:08Z,2026-09-13T10:12:08+0200,09fe2dd8-9230-4048-b545-388b2cac71a8,2026-09-11T20:00:00Z,2026-09-11T22:00:00+0200,138.62,MW,FR,FR,forecast_offshore_wind_generation,Wind Offshore,2026-09-13T08:14:51Z
2026-09-13T08:12:08Z,2026-09-13T10:12:08+0200,09fe2dd8-9230-4048-b545-388b2cac71a8,2026-09-11T20:15:00Z,2026-09-11T22:15:00+0200,134.76999,MW,FR,FR,forecast_offshore_wind_generation,Wind Offshore,2026-09-13T08:14:51Z
2026-09-13T08:12:08Z,2026-09-13T10:12:08+0200,09fe2dd8-9230-4048-b545-388b2cac71a8,2026-09-11T20:30:00Z,2026-09-11T22:30:00+0200,130.94,MW,FR,FR,forecast_offshore_wind_generation,Wind Offshore,2026-09-13T08:14:51Z
2026-09-13T08:12:08Z,2026-09-13T10:12:08+0200,09fe2dd8-9230-4048-b545-388b2cac71a8,2026-09-11T20:45:00Z,2026-09-11T22:45:00+0200,127.08,MW,FR,FR,forecast_offshore_wind_generation,Wind Offshore,2026-09-13T08:14:51Z
2026-09-13T08:12:08Z,2026-09-13T10:12:08+0200,09fe2dd8-9230-4048-b545-388b2cac71a8,2026-09-11T21:00:00Z,2026-09-11T23:00:00+0200,123.21,MW,FR,FR,forecast_offshore_wind_generation,Wind Offshore,2026-09-13T08:14:51Z
2026-09-13T08:12:08Z,2026-09-13T10:12:08+0200,09fe2dd8-9230-4048-b545-388b2cac71a8,2026-09-11T21:15:00Z,2026-09-11T23:15:00+0200,124.1,MW,FR,FR,forecast_offshore_wind_generation,Wind Offshore,2026-09-13T08:14:51Z
2026-09-13T08:12:08Z,2026-09-13T10:12:08+0200,09fe2dd8-9230-4048-b545-388b2cac71a8,2026-09-11T21:30:00Z,2026-09-11T23:30:00+0200,124.98,MW,FR,FR,forecast_offshore_wind_generation,Wind Offshore,2026-09-13T08:14:51Z
2026-09-13T08:12:08Z,2026-09-13T10:12:08+0200,09fe2dd8-9230-4048-b545-388b2cac71a8,2026-09-11T21:45:00Z,2026-09-11T23:45:00+0200,125.82,MW,FR,FR,forecast_offshore_wind_generation,Wind Offshore,2026-09-13T08:14:51Z
2026-09-13T08:12:08Z,2026-09-13T10:12:08+0200,09fe2dd8-9230-4048-b545-388b2cac71a8,2026-09-11T22:00:00Z,2026-09-12T00:00:00+0200,136.05,MW,FR,FR,forecast_offshore_wind_generation,Wind Offshore,2026-09-13T08:14:51Z
2026-09-13T08:12:08Z,2026-09-13T10:12:08+0200,09fe2dd8-9230-4048-b545-388b2cac71a8,2026-09-11T22:15:00Z,2026-09-12T00:15:00+0200,152.62001,MW,FR,FR,forecast_offshore_wind_generation,Wind Offshore,2026-09-13T08:14:51Z
2026-09-13T08:12:08Z,2026-09-13T10:12:08+0200,09fe2dd8-9230-4048-b545-388b2cac71a8,2026-09-11T22:30:00Z,2026-09-12T00:30:00+0200,169.17999,MW,FR,FR,forecast_offshore_wind_generation,Wind Offshore,2026-09-13T08:14:51Z
2026-09-13T08:12:08Z,2026-09-13T10:12:08+0200,09fe2dd8-9230-4048-b545-388b2cac71a8,2026-09-11T22:45:00Z,2026-09-12T00:45:00+0200,185.75,MW,FR,FR,forecast_offshore_wind_generation,Wind Offshore,2026-09-13T08:14:51Z
2026-09-13T08:12:08Z,2026-09-13T10:12:08+0200,09fe2dd8-9230-4048-b545-388b2cac71a8,2026-09-11T23:00:00Z,2026-09-12T01:00:00+0200,202.31001,MW,FR,FR,forecast_offshore_wind_generation,Wind Offshore,2026-09-13T08:14:51Z
2026-09-13T08:12:08Z,2026-09-13T10:12:08+0200,09fe2dd8-9230-4048-b545-388b2cac71a8,2026-09-11T23:15:00Z,2026-09-12T01:15:00+0200,206.12,MW,FR,FR,forecast_offshore_wind_generation,Wind Offshore,2026-09-13T08:14:51Z
2026-09-13T08:12:08Z,2026-09-13T10:12:08+0200,09fe2dd8-9230-4048-b545-388b2cac71a8,2026-09-11T23:30:00Z,2026-09-12T01:30:00+0200,209.92001,MW,FR,FR,forecast_offshore_wind_generation,Wind Offshore,2026-09-13T08:14:51Z
2026-09-13T08:12:08Z,2026-09-13T10:12:08+0200,09fe2dd8-9230-4048-b545-388b2cac71a8,2026-09-11T23:45:00Z,2026-09-12T01:45:00+0200,213.70001,MW,FR,FR,forecast_offshore_wind_generation,Wind Offshore,2026-09-13T08:14:51Z
2026-09-13T08:12:08Z,2026-09-13T10:12:08+0200,09fe2dd8-9230-4048-b545-388b2cac71a8,2026-09-12T00:00:00Z,2026-09-12T02:00:00+0200,217.5,MW,FR,FR,forecast_offshore_wind_generation,Wind Offshore,2026-09-13T08:14:51Z
2026-09-13T08:12:08Z,2026-09-13T10:12:08+0200,09fe2dd8-9230-4048-b545-388b2cac71a8,2026-09-12T00:15:00Z,2026-09-12T02:15:00+0200,206.35001,MW,FR,FR,forecast_offshore_wind_generation,Wind Offshore,2026-09-13T08:14:51Z
2026-09-13T08:12:08Z,2026-09-13T10:12:08+0200,09fe2dd8-9230-4048-b545-388b2cac71a8,2026-09-12T00:30:00Z,2026-09-12T02:30:00+0200,195.22,MW,FR,FR,forecast_offshore_wind_generation,Wind Offshore,2026-09-13T08:14:51Z
2026-09-13T08:12:08Z,2026-09-13T10:12:08+0200,09fe2dd8-9230-4048-b545-388b2cac71a8,2026-09-12T00:45:00Z,2026-09-12T02:45:00+0200,184.06999,MW,FR,FR,forecast_offshore_wind_generation,Wind Offshore,2026-09-13T08:14:51Z
2026-09-13T08:12:08Z,2026-09-13T10:12:08+0200,09fe2dd8-9230-4048-b545-388b2cac71a8,2026-09-12T01:00:00Z,2026-09-12T03:00:00+0200,175.15999,MW,FR,FR,forecast_offshore_wind_generation,Wind Offshore,2026-09-13T08:14:51Z
2026-09-13T08:12:08Z,2026-09-13T10:12:08+0200,09fe2dd8-9230-4048-b545-388b2cac71a8,2026-09-12T01:15:00Z,2026-09-12T03:15:00+0200,169.99001,MW,FR,FR,forecast_offshore_wind_generation,Wind Offshore,2026-09-13T08:14:51Z
2026-09-13T08:12:08Z,2026-09-13T10:12:08+0200,09fe2dd8-9230-4048-b545-388b2cac71a8,2026-09-12T01:30:00Z,2026-09-12T03:30:00+0200,164.8,MW,FR,FR,forecast_offshore_wind_generation,Wind Offshore,2026-09-13T08:14:51Z
2026-09-13T08:12:08Z,2026-09-13T10:12:08+0200,09fe2dd8-9230-4048-b545-388b2cac71a8,2026-09-12T01:45:00Z,2026-09-12T03:45:00+0200,159.61,MW,FR,FR,forecast_offshore_wind_generation,Wind Offshore,2026-09-13T08:14:51Z
2026-09-13T08:12:08Z,2026-09-13T10:12:08+0200,09fe2dd8-9230-4048-b545-388b2cac71a8,2026-09-12T02:00:00Z,2026-09-12T04:00:00+0200,154.40999,MW,FR,FR,forecast_offshore_wind_generation,Wind Offshore,2026-09-13T08:14:51Z
2026-09-13T08:12:08Z,2026-09-13T10:12:08+0200,09fe2dd8-9230-4048-b545-388b2cac71a8,2026-09-12T02:15:00Z,2026-09-12T04:15:00+0200,149.8,MW,FR,FR,forecast_offshore_wind_generation,Wind Offshore,2026-09-13T08:14:51Z
2026-09-13T08:12:08Z,2026-09-13T10:12:08+0200,09fe2dd8-9230-4048-b545-388b2cac71a8,2026-09-12T02:30:00Z,2026-09-12T04:30:00+0200,145.17,MW,FR,FR,forecast_offshore_wind_generation,Wind Offshore,2026-09-13T08:14:51Z
2026-09-13T08:12:08Z,2026-09-13T10:12:08+0200,09fe2dd8-9230-4048-b545-388b2cac71a8,2026-09-12T02:45:00Z,2026-09-12T04:45:00+0200,140.99001,MW,FR,FR,forecast_offshore_wind_generation,Wind Offshore,2026-09-13T08:14:51Z
2026-09-13T08:12:08Z,2026-09-13T10:12:08+0200,09fe2dd8-9230-4048-b545-388b2cac71a8,2026-09-12T03:00:00Z,2026-09-12T05:00:00+0200,137.59999,MW,FR,FR,forecast_offshore_wind_generation,Wind Offshore,2026-09-13T08:14:51Z
2026-09-13T08:12:08Z,2026-09-13T10:12:08+0200,09fe2dd8-9230-4048-b545-388b2cac71a8,2026-09-12T03:15:00Z,2026-09-12T05:15:00+0200,138.67,MW,FR,FR,forecast_offshore_wind_generation,Wind Offshore,2026-09-13T08:14:51Z
2026-09-13T08:12:08Z,2026-09-13T10:12:08+0200,09fe2dd8-9230-4048-b545-388b2cac71a8,2026-09-12T03:30:00Z,2026-09-12T05:30:00+0200,139.75,MW,FR,FR,forecast_offshore_wind_generation,Wind Offshore,2026-09-13T08:14:51Z
2026-09-13T08:12:08Z,2026-09-13T10:12:08+0200,09fe2dd8-9230-4048-b545-388b2cac71a8,2026-09-12T03:45:00Z,2026-09-12T05:45:00+0200,140.85001,MW,FR,FR,forecast_offshore_wind_generation,Wind Offshore,2026-09-13T08:14:51Z
2026-09-13T08:12:08Z,2026-09-13T10:12:08+0200,09fe2dd8-9230-4048-b545-388b2cac71a8,2026-09-12T04:00:00Z,2026-09-12T06:00:00+0200,141.92,MW,FR,FR,forecast_offshore_wind_generation,Wind Offshore,2026-09-13T08:14:51Z
2026-09-13T08:12:08Z,2026-09-13T10:12:08+0200,09fe2dd8-9230-4048-b545-388b2cac71a8,2026-09-12T04:15:00Z,2026-09-12T06:15:00+0200,145.75999,MW,FR,FR,forecast_offshore_wind_generation,Wind Offshore,2026-09-13T08:14:51Z
2026-09-13T08:12:08Z,2026-09-13T10:12:08+0200,09fe2dd8-9230-4048-b545-388b2cac71a8,2026-09-12T04:30:00Z,2026-09-12T06:30:00+0200,149.59,MW,FR,FR,forecast_offshore_wind_generation,Wind Offshore,2026-09-13T08:14:51Z
2026-09-13T08:12:08Z,2026-09-13T10:12:08+0200,09fe2dd8-9230-4048-b545-388b2cac71a8,2026-09-12T04:45:00Z,2026-09-12T06:45:00+0200,153.42999,MW,FR,FR,forecast_offshore_wind_generation,Wind Offshore,2026-09-13T08:14:51Z
2026-09-13T08:12:08Z,2026-09-13T10:12:08+0200,09fe2dd8-9230-4048-b545-388b2cac71a8,2026-09-12T05:00:00Z,2026-09-12T07:00:00+0200,157.26001,MW,FR,FR,forecast_offshore_wind_generation,Wind Offshore,2026-09-13T08:14:51Z
2026-09-13T08:12:08Z,2026-09-13T10:12:08+0200,09fe2dd8-9230-4048-b545-388b2cac71a8,2026-09-12T05:15:00Z,2026-09-12T07:15:00+0200,160.39001,MW,FR,FR,forecast_offshore_wind_generation,Wind Offshore,2026-09-13T08:14:51Z
2026-09-13T08:12:08Z,2026-09-13T10:12:08+0200,09fe2dd8-9230-4048-b545-388b2cac71a8,2026-09-12T05:30:00Z,2026-09-12T07:30:00+0200,163.51001,MW,FR,FR,forecast_offshore_wind_generation,Wind Offshore,2026-09-13T08:14:51Z
2026-09-13T08:12:08Z,2026-09-13T10:12:08+0200,09fe2dd8-9230-4048-b545-388b2cac71a8,2026-09-12T05:45:00Z,2026-09-12T07:45:00+0200,166.62,MW,FR,FR,forecast_offshore_wind_generation,Wind Offshore,2026-09-13T08:14:51Z
2026-09-13T08:12:08Z,2026-09-13T10:12:08+0200,09fe2dd8-9230-4048-b545-388b2cac71a8,2026-09-12T06:00:00Z,2026-09-12T08:00:00+0200,169.73001,MW,FR,FR,forecast_offshore_wind_generation,Wind Offshore,2026-09-13T08:14:51Z
2026-09-13T08:12:08Z,2026-09-13T10:12:08+0200,09fe2dd8-9230-4048-b545-388b2cac71a8,2026-09-12T06:15:00Z,2026-09-12T08:15:00+0200,172.8,MW,FR,FR,forecast_offshore_wind_generation,Wind Offshore,2026-09-13T08:14:51Z
2026-09-13T08:12:08Z,2026-09-13T10:12:08+0200,09fe2dd8-9230-4048-b545-388b2cac71a8,2026-09-12T06:30:00Z,2026-09-12T08:30:00+0200,175.87999,MW,FR,FR,forecast_offshore_wind_generation,Wind Offshore,2026-09-13T08:14:51Z
2026-09-13T08:12:08Z,2026-09-13T10:12:08+0200,09fe2dd8-9230-4048-b545-388b2cac71a8,2026-09-12T06:45:00Z,2026-09-12T08:45:00+0200,178.95999,MW,FR,FR,forecast_offshore_wind_generation,Wind Offshore,2026-09-13T08:14:51Z
2026-09-13T08:12:08Z,2026-09-13T10:12:08+0200,09fe2dd8-9230-4048-b545-388b2cac71a8,2026-09-12T07:00:00Z,2026-09-12T09:00:00+0200,182.02,MW,FR,FR,forecast_offshore_wind_generation,Wind Offshore,2026-09-13T08:14:51Z
2026-09-13T08:12:08Z,2026-09-13T10:12:08+0200,09fe2dd8-9230-4048-b545-388b2cac71a8,2026-09-12T07:15:00Z,2026-09-12T09:15:00+0200,179.79001,MW,FR,FR,forecast_offshore_wind_generation,Wind Offshore,2026-09-13T08:14:51Z
2026-09-13T08:12:08Z,2026-09-13T10:12:08+0200,09fe2dd8-9230-4048-b545-388b2cac71a8,2026-09-12T07:30:00Z,2026-09-12T09:30:00+0200,177.53,MW,FR,FR,forecast_offshore_wind_generation,Wind Offshore,2026-09-13T08:14:51Z
2026-09-13T08:12:08Z,2026-09-13T10:12:08+0200,09fe2dd8-9230-4048-b545-388b2cac71a8,2026-09-12T07:45:00Z,2026-09-12T09:45:00+0200,175.29001,MW,FR,FR,forecast_offshore_wind_generation,Wind Offshore,2026-09-13T08:14:51Z
2026-09-13T08:12:08Z,2026-09-13T10:12:08+0200,09fe2dd8-9230-4048-b545-388b2cac71a8,2026-09-12T08:00:00Z,2026-09-12T10:00:00+0200,173.05,MW,FR,FR,forecast_offshore_wind_generation,Wind Offshore,2026-09-13T08:14:51Z
2026-09-13T08:12:08Z,2026-09-13T10:12:08+0200,09fe2dd8-9230-4048-b545-388b2cac71a8,2026-09-12T08:15:00Z,2026-09-12T10:15:00+0200,171.87001,MW,FR,FR,forecast_offshore_wind_generation,Wind Offshore,2026-09-13T08:14:51Z
2026-09-13T08:12:08Z,2026-09-13T10:12:08+0200,09fe2dd8-9230-4048-b545-388b2cac71a8,2026-09-12T08:30:00Z,2026-09-12T10:30:00+0200,170.67,MW,FR,FR,forecast_offshore_wind_generation,Wind Offshore,2026-09-13T08:14:51Z
2026-09-13T08:12:08Z,2026-09-13T10:12:08+0200,09fe2dd8-9230-4048-b545-388b2cac71a8,2026-09-12T08:45:00Z,2026-09-12T10:45:00+0200,169.5,MW,FR,FR,forecast_offshore_wind_generation,Wind Offshore,2026-09-13T08:14:51Z
2026-09-13T08:12:08Z,2026-09-13T10:12:08+0200,09fe2dd8-9230-4048-b545-388b2cac71a8,2026-09-12T09:00:00Z,2026-09-12T11:00:00+0200,168.30998,MW,FR,FR,forecast_offshore_wind_generation,Wind Offshore,2026-09-13T08:14:51Z
2026-09-13T08:12:08Z,2026-09-13T10:12:08+0200,09fe2dd8-9230-4048-b545-388b2cac71a8,2026-09-12T09:15:00Z,2026-09-12T11:15:00+0200,164.03001,MW,FR,FR,forecast_offshore_wind_generation,Wind Offshore,2026-09-13T08:14:51Z
2026-09-13T08:12:08Z,2026-09-13T10:12:08+0200,09fe2dd8-9230-4048-b545-388b2cac71a8,2026-09-12T09:30:00Z,2026-09-12T11:30:00+0200,159.73001,MW,FR,FR,forecast_offshore_wind_generation,Wind Offshore,2026-09-13T08:14:51Z
2026-09-13T08:12:08Z,2026-09-13T10:12:08+0200,09fe2dd8-9230-4048-b545-388b2cac71a8,2026-09-12T09:45:00Z,2026-09-12T11:45:00+0200,155.44,MW,FR,FR,forecast_offshore_wind_generation,Wind Offshore,2026-09-13T08:14:51Z
2026-09-13T08:12:08Z,2026-09-13T10:12:08+0200,09fe2dd8-9230-4048-b545-388b2cac71a8,2026-09-12T10:00:00Z,2026-09-12T12:00:00+0200,151.16,MW,FR,FR,forecast_offshore_wind_generation,Wind Offshore,2026-09-13T08:14:51Z
2026-09-13T08:12:08Z,2026-09-13T10:12:08+0200,09fe2dd8-9230-4048-b545-388b2cac71a8,2026-09-12T10:15:00Z,2026-09-12T12:15:00+0200,149.57001,MW,FR,FR,forecast_offshore_wind_generation,Wind Offshore,2026-09-13T08:14:51Z
2026-09-13T08:12:08Z,2026-09-13T10:12:08+0200,09fe2dd8-9230-4048-b545-388b2cac71a8,2026-09-12T10:30:00Z,2026-09-12T12:30:00+0200,148.61,MW,FR,FR,forecast_offshore_wind_generation,Wind Offshore,2026-09-13T08:14:51Z
2026-09-13T08:12:08Z,2026-09-13T10:12:08+0200,09fe2dd8-9230-4048-b545-388b2cac71a8,2026-09-12T10:45:00Z,2026-09-12T12:45:00+0200,147.65999,MW,FR,FR,forecast_offshore_wind_generation,Wind Offshore,2026-09-13T08:14:51Z
2026-09-13T08:12:08Z,2026-09-13T10:12:08+0200,09fe2dd8-9230-4048-b545-388b2cac71a8,2026-09-12T11:00:00Z,2026-09-12T13:00:00+0200,146.72,MW,FR,FR,forecast_offshore_wind_generation,Wind Offshore,2026-09-13T08:14:51Z
2026-09-13T08:12:08Z,2026-09-13T10:12:08+0200,09fe2dd8-9230-4048-b545-388b2cac71a8,2026-09-12T11:15:00Z,2026-09-12T13:15:00+0200,148.38998,MW,FR,FR,forecast_offshore_wind_generation,Wind Offshore,2026-09-13T08:14:51Z
2026-09-13T08:12:08Z,2026-09-13T10:12:08+0200,09fe2dd8-9230-4048-b545-388b2cac71a8,2026-09-12T11:30:00Z,2026-09-12T13:30:00+0200,150.08002,MW,FR,FR,forecast_offshore_wind_generation,Wind Offshore,2026-09-13T08:14:51Z
2026-09-13T08:12:08Z,2026-09-13T10:12:08+0200,09fe2dd8-9230-4048-b545-388b2cac71a8,2026-09-12T11:45:00Z,2026-09-12T13:45:00+0200,151.93001,MW,FR,FR,forecast_offshore_wind_generation,Wind Offshore,2026-09-13T08:14:51Z
2026-09-13T08:12:08Z,2026-09-13T10:12:08+0200,09fe2dd8-9230-4048-b545-388b2cac71a8,2026-09-12T12:00:00Z,2026-09-12T14:00:00+0200,154.37,MW,FR,FR,forecast_offshore_wind_generation,Wind Offshore,2026-09-13T08:14:51Z
2026-09-13T08:12:08Z,2026-09-13T10:12:08+0200,09fe2dd8-9230-4048-b545-388b2cac71a8,2026-09-12T12:15:00Z,2026-09-12T14:15:00+0200,153.78,MW,FR,FR,forecast_offshore_wind_generation,Wind Offshore,2026-09-13T08:14:51Z
2026-09-13T08:12:08Z,2026-09-13T10:12:08+0200,09fe2dd8-9230-4048-b545-388b2cac71a8,2026-09-12T12:30:00Z,2026-09-12T14:30:00+0200,153.19,MW,FR,FR,forecast_offshore_wind_generation,Wind Offshore,2026-09-13T08:14:51Z
2026-09-13T08:12:08Z,2026-09-13T10:12:08+0200,09fe2dd8-9230-4048-b545-388b2cac71a8,2026-09-12T12:45:00Z,2026-09-12T14:45:00+0200,152.61,MW,FR,FR,forecast_offshore_wind_generation,Wind Offshore,2026-09-13T08:14:51Z
2026-09-13T08:12:08Z,2026-09-13T10:12:08+0200,09fe2dd8-9230-4048-b545-388b2cac71a8,2026-09-12T13:00:00Z,2026-09-12T15:00:00+0200,152.11,MW,FR,FR,forecast_offshore_wind_generation,Wind Offshore,2026-09-13T08:14:51Z
2026-09-13T08:12:08Z,2026-09-13T10:12:08+0200,09fe2dd8-9230-4048-b545-388b2cac71a8,2026-09-12T13:15:00Z,2026-09-12T15:15:00+0200,152.01999,MW,FR,FR,forecast_offshore_wind_generation,Wind Offshore,2026-09-13T08:14:51Z
2026-09-13T08:12:08Z,2026-09-13T10:12:08+0200,09fe2dd8-9230-4048-b545-388b2cac71a8,2026-09-12T13:30:00Z,2026-09-12T15:30:00+0200,151.95999,MW,FR,FR,forecast_offshore_wind_generation,Wind Offshore,2026-09-13T08:14:51Z
2026-09-13T08:12:08Z,2026-09-13T10:12:08+0200,09fe2dd8-9230-4048-b545-388b2cac71a8,2026-09-12T13:45:00Z,2026-09-12T15:45:00+0200,151.89,MW,FR,FR,forecast_offshore_wind_generation,Wind Offshore,2026-09-13T08:14:51Z
2026-09-13T08:12:08Z,2026-09-13T10:12:08+0200,09fe2dd8-9230-4048-b545-388b2cac71a8,2026-09-12T14:00:00Z,2026-09-12T16:00:00+0200,151.82001,MW,FR,FR,forecast_offshore_wind_generation,Wind Offshore,2026-09-13T08:14:51Z
2026-09-13T08:12:08Z,2026-09-13T10:12:08+0200,09fe2dd8-9230-4048-b545-388b2cac71a8,2026-09-12T14:15:00Z,2026-09-12T16:15:00+0200,158.06,MW,FR,FR,forecast_offshore_wind_generation,Wind Offshore,2026-09-13T08:14:51Z
2026-09-13T08:12:08Z,2026-09-13T10:12:08+0200,09fe2dd8-9230-4048-b545-388b2cac71a8,2026-09-12T14:30:00Z,2026-09-12T16:30:00+0200,165.42999,MW,FR,FR,forecast_offshore_wind_generation,Wind Offshore,2026-09-13T08:14:51Z
2026-09-13T08:12:08Z,2026-09-13T10:12:08+0200,09fe2dd8-9230-4048-b545-388b2cac71a8,2026-09-12T14:45:00Z,2026-09-12T16:45:00+0200,172.79999,MW,FR,FR,forecast_offshore_wind_generation,Wind Offshore,2026-09-13T08:14:51Z
2026-09-13T08:12:08Z,2026-09-13T10:12:08+0200,09fe2dd8-9230-4048-b545-388b2cac71a8,2026-09-12T15:00:00Z,2026-09-12T17:00:00+0200,180.17999,MW,FR,FR,forecast_offshore_wind_generation,Wind Offshore,2026-09-13T08:14:51Z
2026-09-13T08:12:08Z,2026-09-13T10:12:08+0200,09fe2dd8-9230-4048-b545-388b2cac71a8,2026-09-12T15:15:00Z,2026-09-12T17:15:00+0200,194.39,MW,FR,FR,forecast_offshore_wind_generation,Wind Offshore,2026-09-13T08:14:51Z
2026-09-13T08:12:08Z,2026-09-13T10:12:08+0200,09fe2dd8-9230-4048-b545-388b2cac71a8,2026-09-12T15:30:00Z,2026-09-12T17:30:00+0200,208.60999,MW,FR,FR,forecast_offshore_wind_generation,Wind Offshore,2026-09-13T08:14:51Z
2026-09-13T08:12:08Z,2026-09-13T10:12:08+0200,09fe2dd8-9230-4048-b545-388b2cac71a8,2026-09-12T15:45:00Z,2026-09-12T17:45:00+0200,222.82999,MW,FR,FR,forecast_offshore_wind_generation,Wind Offshore,2026-09-13T08:14:51Z
2026-09-13T08:12:08Z,2026-09-13T10:12:08+0200,09fe2dd8-9230-4048-b545-388b2cac71a8,2026-09-12T16:00:00Z,2026-09-12T18:00:00+0200,237.03,MW,FR,FR,forecast_offshore_wind_generation,Wind Offshore,2026-09-13T08:14:51Z
2026-09-13T08:12:08Z,2026-09-13T10:12:08+0200,09fe2dd8-9230-4048-b545-388b2cac71a8,2026-09-12T16:15:00Z,2026-09-12T18:15:00+0200,247.14001,MW,FR,FR,forecast_offshore_wind_generation,Wind Offshore,2026-09-13T08:14:51Z
2026-09-13T08:12:08Z,2026-09-13T10:12:08+0200,09fe2dd8-9230-4048-b545-388b2cac71a8,2026-09-12T16:30:00Z,2026-09-12T18:30:00+0200,257.26001,MW,FR,FR,forecast_offshore_wind_generation,Wind Offshore,2026-09-13T08:14:51Z
2026-09-13T08:12:08Z,2026-09-13T10:12:08+0200,09fe2dd8-9230-4048-b545-388b2cac71a8,2026-09-12T16:45:00Z,2026-09-12T18:45:00+0200,267.41998,MW,FR,FR,forecast_offshore_wind_generation,Wind Offshore,2026-09-13T08:14:51Z
2026-09-13T08:12:08Z,2026-09-13T10:12:08+0200,09fe2dd8-9230-4048-b545-388b2cac71a8,2026-09-12T17:00:00Z,2026-09-12T19:00:00+0200,277.60001,MW,FR,FR,forecast_offshore_wind_generation,Wind Offshore,2026-09-13T08:14:51Z
2026-09-13T08:12:08Z,2026-09-13T10:12:08+0200,09fe2dd8-9230-4048-b545-388b2cac71a8,2026-09-12T17:15:00Z,2026-09-12T19:15:00+0200,281.92999,MW,FR,FR,forecast_offshore_wind_generation,Wind Offshore,2026-09-13T08:14:51Z
2026-09-13T08:12:08Z,2026-09-13T10:12:08+0200,09fe2dd8-9230-4048-b545-388b2cac71a8,2026-09-12T17:30:00Z,2026-09-12T19:30:00+0200,286.23999,MW,FR,FR,forecast_offshore_wind_generation,Wind Offshore,2026-09-13T08:14:51Z
2026-09-13T08:12:08Z,2026-09-13T10:12:08+0200,09fe2dd8-9230-4048-b545-388b2cac71a8,2026-09-12T17:45:00Z,2026-09-12T19:45:00+0200,290.56998,MW,FR,FR,forecast_offshore_wind_generation,Wind Offshore,2026-09-13T08:14:51Z
2026-09-13T08:12:08Z,2026-09-13T10:12:08+0200,09fe2dd8-9230-4048-b545-388b2cac71a8,2026-09-12T18:00:00Z,2026-09-12T20:00:00+0200,294.89001,MW,FR,FR,forecast_offshore_wind_generation,Wind Offshore,2026-09-13T08:14:51Z
2026-09-13T08:12:08Z,2026-09-13T10:12:08+0200,09fe2dd8-9230-4048-b545-388b2cac71a8,2026-09-12T18:15:00Z,2026-09-12T20:15:00+0200,302.51001,MW,FR,FR,forecast_offshore_wind_generation,Wind Offshore,2026-09-13T08:14:51Z
2026-09-13T08:12:08Z,2026-09-13T10:12:08+0200,09fe2dd8-9230-4048-b545-388b2cac71a8,2026-09-12T18:30:00Z,2026-09-12T20:30:00+0200,310.10001,MW,FR,FR,forecast_offshore_wind_generation,Wind Offshore,2026-09-13T08:14:51Z
2026-09-13T08:12:08Z,2026-09-13T10:12:08+0200,09fe2dd8-9230-4048-b545-388b2cac71a8,2026-09-12T18:45:00Z,2026-09-12T20:45:00+0200,317.70999,MW,FR,FR,forecast_offshore_wind_generation,Wind Offshore,2026-09-13T08:14:51Z
2026-09-13T08:12:08Z,2026-09-13T10:12:08+0200,09fe2dd8-9230-4048-b545-388b2cac71a8,2026-09-12T19:00:00Z,2026-09-12T21:00:00+0200,325.31,MW,FR,FR,forecast_offshore_wind_generation,Wind Offshore,2026-09-13T08:14:51Z
2026-09-13T08:12:08Z,2026-09-13T10:12:08+0200,09fe2dd8-9230-4048-b545-388b2cac71a8,2026-09-12T19:15:00Z,2026-09-12T21:15:00+0200,324.32001,MW,FR,FR,forecast_offshore_wind_generation,Wind Offshore,2026-09-13T08:14:51Z
2026-09-13T08:12:08Z,2026-09-13T10:12:08+0200,09fe2dd8-9230-4048-b545-388b2cac71a8,2026-09-12T19:30:00Z,2026-09-12T21:30:00+0200,323.31,MW,FR,FR,forecast_offshore_wind_generation,Wind Offshore,2026-09-13T08:14:51Z
2026-09-13T08:12:08Z,2026-09-13T10:12:08+0200,09fe2dd8-9230-4048-b545-388b2cac71a8,2026-09-12T19:45:00Z,2026-09-12T21:45:00+0200,322.32001,MW,FR,FR,forecast_offshore_wind_generation,Wind Offshore,2026-09-13T08:14:51Z
2026-09-13T08:12:08Z,2026-09-13T10:12:08+0200,09fe2dd8-9230-4048-b545-388b2cac71a8,2026-09-12T20:00:00Z,2026-09-12T22:00:00+0200,321.32001,MW,FR,FR,forecast_offshore_wind_generation,Wind Offshore,2026-09-13T08:14:51Z
2026-09-13T08:12:08Z,2026-09-13T10:12:08+0200,09fe2dd8-9230-4048-b545-388b2cac71a8,2026-09-12T20:15:00Z,2026-09-12T22:15:00+0200,324.53,MW,FR,FR,forecast_offshore_wind_generation,Wind Offshore,2026-09-13T08:14:51Z
2026-09-13T08:12:08Z,2026-09-13T10:12:08+0200,09fe2dd8-9230-4048-b545-388b2cac71a8,2026-09-12T20:30:00Z,2026-09-12T22:30:00+0200,327.76001,MW,FR,FR,forecast_offshore_wind_generation,Wind Offshore,2026-09-13T08:14:51Z
2026-09-13T08:12:08Z,2026-09-13T10:12:08+0200,09fe2dd8-9230-4048-b545-388b2cac71a8,2026-09-12T20:45:00Z,2026-09-12T22:45:00+0200,330.98999,MW,FR,FR,forecast_offshore_wind_generation,Wind Offshore,2026-09-13T08:14:51Z
2026-09-13T08:12:08Z,2026-09-13T10:12:08+0200,09fe2dd8-9230-4048-b545-388b2cac71a8,2026-09-12T21:00:00Z,2026-09-12T23:00:00+0200,334.22,MW,FR,FR,forecast_offshore_wind_generation,Wind Offshore,2026-09-13T08:14:51Z
2026-09-13T08:12:08Z,2026-09-13T10:12:08+0200,09fe2dd8-9230-4048-b545-388b2cac71a8,2026-09-12T21:15:00Z,2026-09-12T23:15:00+0200,341.37,MW,FR,FR,forecast_offshore_wind_generation,Wind Offshore,2026-09-13T08:14:51Z
2026-09-13T08:12:08Z,2026-09-13T10:12:08+0200,09fe2dd8-9230-4048-b545-388b2cac71a8,2026-09-12T21:30:00Z,2026-09-12T23:30:00+0200,348.53,MW,FR,FR,forecast_offshore_wind_generation,Wind Offshore,2026-09-13T08:14:51Z
2026-09-13T08:12:08Z,2026-09-13T10:12:08+0200,09fe2dd8-9230-4048-b545-388b2cac71a8,2026-09-12T21:45:00Z,2026-09-12T23:45:00+0200,355.69,MW,FR,FR,forecast_offshore_wind_generation,Wind Offshore,2026-09-13T08:14:51Z
2026-09-13T08:12:08Z,2026-09-13T10:12:08+0200,09fe2dd8-9230-4048-b545-388b2cac71a8,2026-09-12T22:00:00Z,2026-09-13T00:00:00+0200,310.57001,MW,FR,FR,forecast_offshore_wind_generation,Wind Offshore,2026-09-13T08:14:51Z
2026-09-13T08:12:08Z,2026-09-13T10:12:08+0200,09fe2dd8-9230-4048-b545-388b2cac71a8,2026-09-12T22:15:00Z,2026-09-13T00:15:00+0200,306.33002,MW,FR,FR,forecast_offshore_wind_generation,Wind Offshore,2026-09-13T08:14:51Z
2026-09-13T08:12:08Z,2026-09-13T10:12:08+0200,09fe2dd8-9230-4048-b545-388b2cac71a8,2026-09-12T22:30:00Z,2026-09-13T00:30:00+0200,302.07001,MW,FR,FR,forecast_offshore_wind_generation,Wind Offshore,2026-09-13T08:14:51Z
2026-09-13T08:12:08Z,2026-09-13T10:12:08+0200,09fe2dd8-9230-4048-b545-388b2cac71a8,2026-09-12T22:45:00Z,2026-09-13T00:45:00+0200,297.83002,MW,FR,FR,forecast_offshore_wind_generation,Wind Offshore,2026-09-13T08:14:51Z
2026-09-13T08:12:08Z,2026-09-13T10:12:08+0200,09fe2dd8-9230-4048-b545-388b2cac71a8,2026-09-12T23:00:00Z,2026-09-13T01:00:00+0200,293.58002,MW,FR,FR,forecast_offshore_wind_generation,Wind Offshore,2026-09-13T08:14:51Z
2026-09-13T08:12:08Z,2026-09-13T10:12:08+0200,09fe2dd8-9230-4048-b545-388b2cac71a8,2026-09-12T23:15:00Z,2026-09-13T01:15:00+0200,294.22,MW,FR,FR,forecast_offshore_wind_generation,Wind Offshore,2026-09-13T08:14:51Z
2026-09-13T08:12:08Z,2026-09-13T10:12:08+0200,09fe2dd8-9230-4048-b545-388b2cac71a8,2026-09-12T23:30:00Z,2026-09-13T01:30:00+0200,294.85001,MW,FR,FR,forecast_offshore_wind_generation,Wind Offshore,2026-09-13T08:14:51Z
2026-09-13T08:12:08Z,2026-09-13T10:12:08+0200,09fe2dd8-9230-4048-b545-388b2cac71a8,2026-09-12T23:45:00Z,2026-09-13T01:45:00+0200,295.48001,MW,FR,FR,forecast_offshore_wind_generation,Wind Offshore,2026-09-13T08:14:51Z
2026-09-13T08:12:08Z,2026-09-13T10:12:08+0200,09fe2dd8-9230-4048-b545-388b2cac71a8,2026-09-13T00:00:00Z,2026-09-13T02:00:00+0200,296.10999,MW,FR,FR,forecast_offshore_wind_generation,Wind Offshore,2026-09-13T08:14:51Z
2026-09-13T08:12:08Z,2026-09-13T10:12:08+0200,09fe2dd8-9230-4048-b545-388b2cac71a8,2026-09-13T00:15:00Z,2026-09-13T02:15:00+0200,303.70999,MW,FR,FR,forecast_offshore_wind_generation,Wind Offshore,2026-09-13T08:14:51Z
2026-09-13T08:12:08Z,2026-09-13T10:12:08+0200,09fe2dd8-9230-4048-b545-388b2cac71a8,2026-09-13T00:30:00Z,2026-09-13T02:30:00+0200,311.32001,MW,FR,FR,forecast_offshore_wind_generation,Wind Offshore,2026-09-13T08:14:51Z
2026-09-13T08:12:08Z,2026-09-13T10:12:08+0200,09fe2dd8-9230-4048-b545-388b2cac71a8,2026-09-13T00:45:00Z,2026-09-13T02:45:00+0200,318.91003,MW,FR,FR,forecast_offshore_wind_generation,Wind Offshore,2026-09-13T08:14:51Z
2026-09-13T08:12:08Z,2026-09-13T10:12:08+0200,09fe2dd8-9230-4048-b545-388b2cac71a8,2026-09-13T01:00:00Z,2026-09-13T03:00:00+0200,326.51001,MW,FR,FR,forecast_offshore_wind_generation,Wind Offshore,2026-09-13T08:14:51Z
2026-09-13T08:12:08Z,2026-09-13T10:12:08+0200,09fe2dd8-9230-4048-b545-388b2cac71a8,2026-09-13T01:15:00Z,2026-09-13T03:15:00+0200,323.17999,MW,FR,FR,forecast_offshore_wind_generation,Wind Offshore,2026-09-13T08:14:51Z
2026-09-13T08:12:08Z,2026-09-13T10:12:08+0200,09fe2dd8-9230-4048-b545-388b2cac71a8,2026-09-13T01:30:00Z,2026-09-13T03:30:00+0200,319.83002,MW,FR,FR,forecast_offshore_wind_generation,Wind Offshore,2026-09-13T08:14:51Z
2026-09-13T08:12:08Z,2026-09-13T10:12:08+0200,09fe2dd8-9230-4048-b545-388b2cac71a8,2026-09-13T01:45:00Z,2026-09-13T03:45:00+0200,316.50003,MW,FR,FR,forecast_offshore_wind_generation,Wind Offshore,2026-09-13T08:14:51Z
2026-09-13T08:12:08Z,2026-09-13T10:12:08+0200,09fe2dd8-9230-4048-b545-388b2cac71a8,2026-09-13T02:00:00Z,2026-09-13T04:00:00+0200,313.16,MW,FR,FR,forecast_offshore_wind_generation,Wind Offshore,2026-09-13T08:14:51Z
2026-09-13T08:12:08Z,2026-09-13T10:12:08+0200,09fe2dd8-9230-4048-b545-388b2cac71a8,2026-09-13T02:15:00Z,2026-09-13T04:15:00+0200,308.51999,MW,FR,FR,forecast_offshore_wind_generation,Wind Offshore,2026-09-13T08:14:51Z
2026-09-13T08:12:08Z,2026-09-13T10:12:08+0200,09fe2dd8-9230-4048-b545-388b2cac71a8,2026-09-13T02:30:00Z,2026-09-13T04:30:00+0200,303.89001,MW,FR,FR,forecast_offshore_wind_generation,Wind Offshore,2026-09-13T08:14:51Z
2026-09-13T08:12:08Z,2026-09-13T10:12:08+0200,09fe2dd8-9230-4048-b545-388b2cac71a8,2026-09-13T02:45:00Z,2026-09-13T04:45:00+0200,299.26999,MW,FR,FR,forecast_offshore_wind_generation,Wind Offshore,2026-09-13T08:14:51Z
2026-09-13T08:12:08Z,2026-09-13T10:12:08+0200,09fe2dd8-9230-4048-b545-388b2cac71a8,2026-09-13T03:00:00Z,2026-09-13T05:00:00+0200,294.64001,MW,FR,FR,forecast_offshore_wind_generation,Wind Offshore,2026-09-13T08:14:51Z
2026-09-13T08:12:08Z,2026-09-13T10:12:08+0200,09fe2dd8-9230-4048-b545-388b2cac71a8,2026-09-13T03:15:00Z,2026-09-13T05:15:00+0200,293.84,MW,FR,FR,forecast_offshore_wind_generation,Wind Offshore,2026-09-13T08:14:51Z
2026-09-13T08:12:08Z,2026-09-13T10:12:08+0200,09fe2dd8-9230-4048-b545-388b2cac71a8,2026-09-13T03:30:00Z,2026-09-13T05:30:00+0200,293.05002,MW,FR,FR,forecast_offshore_wind_generation,Wind Offshore,2026-09-13T08:14:51Z
2026-09-13T08:12:08Z,2026-09-13T10:12:08+0200,09fe2dd8-9230-4048-b545-388b2cac71a8,2026-09-13T03:45:00Z,2026-09-13T05:45:00+0200,292.25,MW,FR,FR,forecast_offshore_wind_generation,Wind Offshore,2026-09-13T08:14:51Z
2026-09-13T08:12:08Z,2026-09-13T10:12:08+0200,09fe2dd8-9230-4048-b545-388b2cac71a8,2026-09-13T04:00:00Z,2026-09-13T06:00:00+0200,291.47,MW,FR,FR,forecast_offshore_wind_generation,Wind Offshore,2026-09-13T08:14:51Z
2026-09-13T08:12:08Z,2026-09-13T10:12:08+0200,09fe2dd8-9230-4048-b545-388b2cac71a8,2026-09-13T04:15:00Z,2026-09-13T06:15:00+0200,283.92001,MW,FR,FR,forecast_offshore_wind_generation,Wind Offshore,2026-09-13T08:14:51Z
2026-09-13T08:12:08Z,2026-09-13T10:12:08+0200,09fe2dd8-9230-4048-b545-388b2cac71a8,2026-09-13T04:30:00Z,2026-09-13T06:30:00+0200,276.36002,MW,FR,FR,forecast_offshore_wind_generation,Wind Offshore,2026-09-13T08:14:51Z
2026-09-13T08:12:08Z,2026-09-13T10:12:08+0200,09fe2dd8-9230-4048-b545-388b2cac71a8,2026-09-13T04:45:00Z,2026-09-13T06:45:00+0200,268.80002,MW,FR,FR,forecast_offshore_wind_generation,Wind Offshore,2026-09-13T08:14:51Z
2026-09-13T08:12:08Z,2026-09-13T10:12:08+0200,09fe2dd8-9230-4048-b545-388b2cac71a8,2026-09-13T05:00:00Z,2026-09-13T07:00:00+0200,261.25,MW,FR,FR,forecast_offshore_wind_generation,Wind Offshore,2026-09-13T08:14:51Z
2026-09-13T08:12:08Z,2026-09-13T10:12:08+0200,09fe2dd8-9230-4048-b545-388b2cac71a8,2026-09-13T05:15:00Z,2026-09-13T07:15:00+0200,258.28,MW,FR,FR,forecast_offshore_wind_generation,Wind Offshore,2026-09-13T08:14:51Z
2026-09-13T08:12:08Z,2026-09-13T10:12:08+0200,09fe2dd8-9230-4048-b545-388b2cac71a8,2026-09-13T05:30:00Z,2026-09-13T07:30:00+0200,255.32001,MW,FR,FR,forecast_offshore_wind_generation,Wind Offshore,2026-09-13T08:14:51Z
2026-09-13T08:12:08Z,2026-09-13T10:12:08+0200,09fe2dd8-9230-4048-b545-388b2cac71a8,2026-09-13T05:45:00Z,2026-09-13T07:45:00+0200,252.35001,MW,FR,FR,forecast_offshore_wind_generation,Wind Offshore,2026-09-13T08:14:51Z
2026-09-13T08:12:08Z,2026-09-13T10:12:08+0200,09fe2dd8-9230-4048-b545-388b2cac71a8,2026-09-13T06:00:00Z,2026-09-13T08:00:00+0200,249.39001,MW,FR,FR,forecast_offshore_wind_generation,Wind Offshore,2026-09-13T08:14:51Z
2026-09-13T08:12:08Z,2026-09-13T10:12:08+0200,09fe2dd8-9230-4048-b545-388b2cac71a8,2026-09-13T06:15:00Z,2026-09-13T08:15:00+0200,253.50999,MW,FR,FR,forecast_offshore_wind_generation,Wind Offshore,2026-09-13T08:14:51Z
2026-09-13T08:12:08Z,2026-09-13T10:12:08+0200,09fe2dd8-9230-4048-b545-388b2cac71a8,2026-09-13T06:30:00Z,2026-09-13T08:30:00+0200,257.62,MW,FR,FR,forecast_offshore_wind_generation,Wind Offshore,2026-09-13T08:14:51Z
2026-09-13T08:12:08Z,2026-09-13T10:12:08+0200,09fe2dd8-9230-4048-b545-388b2cac71a8,2026-09-13T06:45:00Z,2026-09-13T08:45:00+0200,261.72,MW,FR,FR,forecast_offshore_wind_generation,Wind Offshore,2026-09-13T08:14:51Z
2026-09-13T08:12:08Z,2026-09-13T10:12:08+0200,09fe2dd8-9230-4048-b545-388b2cac71a8,2026-09-13T07:00:00Z,2026-09-13T09:00:00+0200,265.84,MW,FR,FR,forecast_offshore_wind_generation,Wind Offshore,2026-09-13T08:14:51Z
2026-09-13T08:12:08Z,2026-09-13T10:12:08+0200,09fe2dd8-9230-4048-b545-388b2cac71a8,2026-09-13T07:15:00Z,2026-09-13T09:15:00+0200,265.84,MW,FR,FR,forecast_offshore_wind_generation,Wind Offshore,2026-09-13T08:14:51Z
2026-09-13T08:12:08Z,2026-09-13T10:12:08+0200,09fe2dd8-9230-4048-b545-388b2cac71a8,2026-09-13T07:30:00Z,2026-09-13T09:30:00+0200,265.84,MW,FR,FR,forecast_offshore_wind_generation,Wind Offshore,2026-09-13T08:14:51Z
2026-09-13T08:12:08Z,2026-09-13T10:12:08+0200,09fe2dd8-9230-4048-b545-388b2cac71a8,2026-09-13T07:45:00Z,2026-09-13T09:45:00+0200,265.82001,MW,FR,FR,forecast_offshore_wind_generation,Wind Offshore,2026-09-13T08:14:51Z
2026-09-13T08:12:08Z,2026-09-13T10:12:08+0200,09fe2dd8-9230-4048-b545-388b2cac71a8,2026-09-13T08:15:00Z,2026-09-13T10:15:00+0200,254.52,MW,FR,FR,forecast_offshore_wind_generation,Wind Offshore,2026-09-13T08:14:54Z
2026-09-13T08:12:08Z,2026-09-13T10:12:08+0200,09fe2dd8-9230-4048-b545-388b2cac71a8,2026-09-13T08:30:00Z,2026-09-13T10:30:00+0200,243.23999,MW,FR,FR,forecast_offshore_wind_generation,Wind Offshore,2026-09-13T08:14:54Z
2026-09-13T08:12:08Z,2026-09-13T10:12:08+0200,09fe2dd8-9230-4048-b545-388b2cac71a8,2026-09-13T08:45:00Z,2026-09-13T10:45:00+0200,232.08,MW,FR,FR,forecast_offshore_wind_generation,Wind Offshore,2026-09-13T08:14:54Z
2026-09-13T08:12:08Z,2026-09-13T10:12:08+0200,09fe2dd8-9230-4048-b545-388b2cac71a8,2026-09-13T09:00:00Z,2026-09-13T11:00:00+0200,220.92,MW,FR,FR,forecast_offshore_wind_generation,Wind Offshore,2026-09-13T08:14:54Z
2026-09-13T08:12:08Z,2026-09-13T10:12:08+0200,09fe2dd8-9230-4048-b545-388b2cac71a8,2026-09-13T09:15:00Z,2026-09-13T11:15:00+0200,227.27,MW,FR,FR,forecast_offshore_wind_generation,Wind Offshore,2026-09-13T08:14:54Z
2026-09-13T08:12:08Z,2026-09-13T10:12:08+0200,09fe2dd8-9230-4048-b545-388b2cac71a8,2026-09-13T09:30:00Z,2026-09-13T11:30:00+0200,233.92999,MW,FR,FR,forecast_offshore_wind_generation,Wind Offshore,2026-09-13T08:14:54Z
2026-09-13T08:12:08Z,2026-09-13T10:12:08+0200,09fe2dd8-9230-4048-b545-388b2cac71a8,2026-09-13T09:45:00Z,2026-09-13T11:45:00+0200,240.58998,MW,FR,FR,forecast_offshore_wind_generation,Wind Offshore,2026-09-13T08:14:54Z
2026-09-13T08:12:08Z,2026-09-13T10:12:08+0200,09fe2dd8-9230-4048-b545-388b2cac71a8,2026-09-13T10:00:00Z,2026-09-13T12:00:00+0200,247.52,MW,FR,FR,forecast_offshore_wind_generation,Wind Offshore,2026-09-13T08:14:54Z
2026-09-13T08:12:08Z,2026-09-13T10:12:08+0200,09fe2dd8-9230-4048-b545-388b2cac71a8,2026-09-13T10:15:00Z,2026-09-13T12:15:00+0200,246.19,MW,FR,FR,forecast_offshore_wind_generation,Wind Offshore,2026-09-13T08:14:54Z
2026-09-13T08:12:08Z,2026-09-13T10:12:08+0200,09fe2dd8-9230-4048-b545-388b2cac71a8,2026-09-13T10:30:00Z,2026-09-13T12:30:00+0200,245.12001,MW,FR,FR,forecast_offshore_wind_generation,Wind Offshore,2026-09-13T08:14:54Z
2026-09-13T08:12:08Z,2026-09-13T10:12:08+0200,09fe2dd8-9230-4048-b545-388b2cac71a8,2026-09-13T10:45:00Z,2026-09-13T12:45:00+0200,244.06001,MW,FR,FR,forecast_offshore_wind_generation,Wind Offshore,2026-09-13T08:14:54Z
2026-09-13T08:12:08Z,2026-09-13T10:12:08+0200,09fe2dd8-9230-4048-b545-388b2cac71a8,2026-09-13T11:00:00Z,2026-09-13T13:00:00+0200,243.0,MW,FR,FR,forecast_offshore_wind_generation,Wind Offshore,2026-09-13T08:14:54Z
2026-09-13T08:12:08Z,2026-09-13T10:12:08+0200,09fe2dd8-9230-4048-b545-388b2cac71a8,2026-09-13T11:15:00Z,2026-09-13T13:15:00+0200,242.50998,MW,FR,FR,forecast_offshore_wind_generation,Wind Offshore,2026-09-13T08:14:54Z
2026-09-13T08:12:08Z,2026-09-13T10:12:08+0200,09fe2dd8-9230-4048-b545-388b2cac71a8,2026-09-13T11:30:00Z,2026-09-13T13:30:00+0200,242.02,MW,FR,FR,forecast_offshore_wind_generation,Wind Offshore,2026-09-13T08:14:54Z
2026-09-13T08:12:08Z,2026-09-13T10:12:08+0200,09fe2dd8-9230-4048-b545-388b2cac71a8,2026-09-13T11:45:00Z,2026-09-13T13:45:00+0200,241.53,MW,FR,FR,forecast_offshore_wind_generation,Wind Offshore,2026-09-13T08:14:54Z
2026-09-13T08:12:08Z,2026-09-13T10:12:08+0200,09fe2dd8-9230-4048-b545-388b2cac71a8,2026-09-13T12:00:00Z,2026-09-13T14:00:00+0200,241.03999,MW,FR,FR,forecast_offshore_wind_generation,Wind Offshore,2026-09-13T08:14:54Z
2026-09-13T08:12:08Z,2026-09-13T10:12:08+0200,09fe2dd8-9230-4048-b545-388b2cac71a8,2026-09-13T12:15:00Z,2026-09-13T14:15:00+0200,252.48999,MW,FR,FR,forecast_offshore_wind_generation,Wind Offshore,2026-09-13T08:14:54Z
2026-09-13T08:12:08Z,2026-09-13T10:12:08+0200,09fe2dd8-9230-4048-b545-388b2cac71a8,2026-09-13T12:30:00Z,2026-09-13T14:30:00+0200,263.94998,MW,FR,FR,forecast_offshore_wind_generation,Wind Offshore,2026-09-13T08:14:54Z
2026-09-13T08:12:08Z,2026-09-13T10:12:08+0200,09fe2dd8-9230-4048-b545-388b2cac71a8,2026-09-13T12:45:00Z,2026-09-13T14:45:00+0200,275.41,MW,FR,FR,forecast_offshore_wind_generation,Wind Offshore,2026-09-13T08:14:54Z
2026-09-13T08:12:08Z,2026-09-13T10:12:08+0200,09fe2dd8-9230-4048-b545-388b2cac71a8,2026-09-13T13:00:00Z,2026-09-13T15:00:00+0200,286.87,MW,FR,FR,forecast_offshore_wind_generation,Wind Offshore,2026-09-13T08:14:54Z
2026-09-13T08:12:08Z,2026-09-13T10:12:08+0200,09fe2dd8-9230-4048-b545-388b2cac71a8,2026-09-13T13:15:00Z,2026-09-13T15:15:00+0200,283.09,MW,FR,FR,forecast_offshore_wind_generation,Wind Offshore,2026-09-13T08:14:54Z
2026-09-13T08:12:08Z,2026-09-13T10:12:08+0200,09fe2dd8-9230-4048-b545-388b2cac71a8,2026-09-13T13:30:00Z,2026-09-13T15:30:00+0200,279.28998,MW,FR,FR,forecast_offshore_wind_generation,Wind Offshore,2026-09-13T08:14:54Z
2026-09-13T08:12:08Z,2026-09-13T10:12:08+0200,09fe2dd8-9230-4048-b545-388b2cac71a8,2026-09-13T13:45:00Z,2026-09-13T15:45:00+0200,275.51999,MW,FR,FR,forecast_offshore_wind_generation,Wind Offshore,2026-09-13T08:14:54Z
2026-09-13T08:12:08Z,2026-09-13T10:12:08+0200,09fe2dd8-9230-4048-b545-388b2cac71a8,2026-09-13T14:00:00Z,2026-09-13T16:00:00+0200,271.74002,MW,FR,FR,forecast_offshore_wind_generation,Wind Offshore,2026-09-13T08:14:54Z
2026-09-13T08:12:08Z,2026-09-13T10:12:08+0200,09fe2dd8-9230-4048-b545-388b2cac71a8,2026-09-13T14:15:00Z,2026-09-13T16:15:00+0200,272.07999,MW,FR,FR,forecast_offshore_wind_generation,Wind Offshore,2026-09-13T08:14:54Z
2026-09-13T08:12:08Z,2026-09-13T10:12:08+0200,09fe2dd8-9230-4048-b545-388b2cac71a8,2026-09-13T14:30:00Z,2026-09-13T16:30:00+0200,272.41998,MW,FR,FR,forecast_offshore_wind_generation,Wind Offshore,2026-09-13T08:14:54Z
2026-09-13T08:12:08Z,2026-09-13T10:12:08+0200,09fe2dd8-9230-4048-b545-388b2cac71a8,2026-09-13T14:45:00Z,2026-09-13T16:45:00+0200,272.77002,MW,FR,FR,forecast_offshore_wind_generation,Wind Offshore,2026-09-13T08:14:54Z
2026-09-13T08:12:08Z,2026-09-13T10:12:08+0200,09fe2dd8-9230-4048-b545-388b2cac71a8,2026-09-13T15:00:00Z,2026-09-13T17:00:00+0200,273.12,MW,FR,FR,forecast_offshore_wind_generation,Wind Offshore,2026-09-13T08:14:54Z
2026-09-13T08:12:08Z,2026-09-13T10:12:08+0200,09fe2dd8-9230-4048-b545-388b2cac71a8,2026-09-13T15:15:00Z,2026-09-13T17:15:00+0200,276.66,MW,FR,FR,forecast_offshore_wind_generation,Wind Offshore,2026-09-13T08:14:54Z
2026-09-13T08:12:08Z,2026-09-13T10:12:08+0200,09fe2dd8-9230-4048-b545-388b2cac71a8,2026-09-13T15:30:00Z,2026-09-13T17:30:00+0200,280.22998,MW,FR,FR,forecast_offshore_wind_generation,Wind Offshore,2026-09-13T08:14:54Z
2026-09-13T08:12:08Z,2026-09-13T10:12:08+0200,09fe2dd8-9230-4048-b545-388b2cac71a8,2026-09-13T15:45:00Z,2026-09-13T17:45:00+0200,283.81,MW,FR,FR,forecast_offshore_wind_generation,Wind Offshore,2026-09-13T08:14:54Z
2026-09-13T08:12:08Z,2026-09-13T10:12:08+0200,09fe2dd8-9230-4048-b545-388b2cac71a8,2026-09-13T16:00:00Z,2026-09-13T18:00:00+0200,287.37,MW,FR,FR,forecast_offshore_wind_generation,Wind Offshore,2026-09-13T08:14:54Z
2026-09-13T08:12:08Z,2026-09-13T10:12:08+0200,09fe2dd8-9230-4048-b545-388b2cac71a8,2026-09-13T16:15:00Z,2026-09-13T18:15:00+0200,294.42999,MW,FR,FR,forecast_offshore_wind_generation,Wind Offshore,2026-09-13T08:14:54Z
2026-09-13T08:12:08Z,2026-09-13T10:12:08+0200,09fe2dd8-9230-4048-b545-388b2cac71a8,2026-09-13T16:30:00Z,2026-09-13T18:30:00+0200,301.51001,MW,FR,FR,forecast_offshore_wind_generation,Wind Offshore,2026-09-13T08:14:54Z
2026-09-13T08:12:08Z,2026-09-13T10:12:08+0200,09fe2dd8-9230-4048-b545-388b2cac71a8,2026-09-13T16:45:00Z,2026-09-13T18:45:00+0200,308.59003,MW,FR,FR,forecast_offshore_wind_generation,Wind Offshore,2026-09-13T08:14:54Z
2026-09-13T08:12:08Z,2026-09-13T10:12:08+0200,09fe2dd8-9230-4048-b545-388b2cac71a8,2026-09-13T17:00:00Z,2026-09-13T19:00:00+0200,315.66,MW,FR,FR,forecast_offshore_wind_generation,Wind Offshore,2026-09-13T08:14:54Z
2026-09-13T08:12:08Z,2026-09-13T10:12:08+0200,09fe2dd8-9230-4048-b545-388b2cac71a8,2026-09-13T17:15:00Z,2026-09-13T19:15:00+0200,314.78998,MW,FR,FR,forecast_offshore_wind_generation,Wind Offshore,2026-09-13T08:14:54Z
2026-09-13T08:12:08Z,2026-09-13T10:12:08+0200,09fe2dd8-9230-4048-b545-388b2cac71a8,2026-09-13T17:30:00Z,2026-09-13T19:30:00+0200,313.94998,MW,FR,FR,forecast_offshore_wind_generation,Wind Offshore,2026-09-13T08:14:54Z
2026-09-13T08:12:08Z,2026-09-13T10:12:08+0200,09fe2dd8-9230-4048-b545-388b2cac71a8,2026-09-13T17:45:00Z,2026-09-13T19:45:00+0200,313.07001,MW,FR,FR,forecast_offshore_wind_generation,Wind Offshore,2026-09-13T08:14:54Z
2026-09-13T08:12:08Z,2026-09-13T10:12:08+0200,09fe2dd8-9230-4048-b545-388b2cac71a8,2026-09-13T18:00:00Z,2026-09-13T20:00:00+0200,312.21002,MW,FR,FR,forecast_offshore_wind_generation,Wind Offshore,2026-09-13T08:14:54Z
2026-09-13T08:12:08Z,2026-09-13T10:12:08+0200,09fe2dd8-9230-4048-b545-388b2cac71a8,2026-09-13T18:15:00Z,2026-09-13T20:15:00+0200,314.12003,MW,FR,FR,forecast_offshore_wind_generation,Wind Offshore,2026-09-13T08:14:54Z
2026-09-13T08:12:08Z,2026-09-13T10:12:08+0200,09fe2dd8-9230-4048-b545-388b2cac71a8,2026-09-13T18:30:00Z,2026-09-13T20:30:00+0200,316.03003,MW,FR,FR,forecast_offshore_wind_generation,Wind Offshore,2026-09-13T08:14:54Z
2026-09-13T08:12:08Z,2026-09-13T10:12:08+0200,09fe2dd8-9230-4048-b545-388b2cac71a8,2026-09-13T18:45:00Z,2026-09-13T20:45:00+0200,317.94,MW,FR,FR,forecast_offshore_wind_generation,Wind Offshore,2026-09-13T08:14:54Z
2026-09-13T08:12:08Z,2026-09-13T10:12:08+0200,09fe2dd8-9230-4048-b545-388b2cac71a8,2026-09-13T19:00:00Z,2026-09-13T21:00:00+0200,319.84003,MW,FR,FR,forecast_offshore_wind_generation,Wind Offshore,2026-09-13T08:14:54Z
2026-09-13T08:12:08Z,2026-09-13T10:12:08+0200,09fe2dd8-9230-4048-b545-388b2cac71a8,2026-09-13T19:15:00Z,2026-09-13T21:15:00+0200,327.25,MW,FR,FR,forecast_offshore_wind_generation,Wind Offshore,2026-09-13T08:14:54Z
2026-09-13T08:12:08Z,2026-09-13T10:12:08+0200,09fe2dd8-9230-4048-b545-388b2cac71a8,2026-09-13T19:30:00Z,2026-09-13T21:30:00+0200,334.67001,MW,FR,FR,forecast_offshore_wind_generation,Wind Offshore,2026-09-13T08:14:54Z
2026-09-13T08:12:08Z,2026-09-13T10:12:08+0200,09fe2dd8-9230-4048-b545-388b2cac71a8,2026-09-13T19:45:00Z,2026-09-13T21:45:00+0200,342.06,MW,FR,FR,forecast_offshore_wind_generation,Wind Offshore,2026-09-13T08:14:54Z
2026-09-13T08:12:08Z,2026-09-13T10:12:08+0200,09fe2dd8-9230-4048-b545-388b2cac71a8,2026-09-13T20:00:00Z,2026-09-13T22:00:00+0200,349.47003,MW,FR,FR,forecast_offshore_wind_generation,Wind Offshore,2026-09-13T08:14:54Z
2026-09-13T08:12:08Z,2026-09-13T10:12:08+0200,09fe2dd8-9230-4048-b545-388b2cac71a8,2026-09-13T20:15:00Z,2026-09-13T22:15:00+0200,348.51001,MW,FR,FR,forecast_offshore_wind_generation,Wind Offshore,2026-09-13T08:14:54Z
2026-09-13T08:12:08Z,2026-09-13T10:12:08+0200,09fe2dd8-9230-4048-b545-388b2cac71a8,2026-09-13T20:30:00Z,2026-09-13T22:30:00+0200,347.54001,MW,FR,FR,forecast_offshore_wind_generation,Wind Offshore,2026-09-13T08:14:54Z
2026-09-13T08:12:08Z,2026-09-13T10:12:08+0200,09fe2dd8-9230-4048-b545-388b2cac71a8,2026-09-13T20:45:00Z,2026-09-13T22:45:00+0200,346.57001,MW,FR,FR,forecast_offshore_wind_generation,Wind Offshore,2026-09-13T08:14:54Z
2026-09-13T08:12:08Z,2026-09-13T10:12:08+0200,09fe2dd8-9230-4048-b545-388b2cac71a8,2026-09-13T21:00:00Z,2026-09-13T23:00:00+0200,345.59998,MW,FR,FR,forecast_offshore_wind_generation,Wind Offshore,2026-09-13T08:14:54Z
2026-09-13T08:12:08Z,2026-09-13T10:12:08+0200,09fe2dd8-9230-4048-b545-388b2cac71a8,2026-09-13T21:15:00Z,2026-09-13T23:15:00+0200,340.01001,MW,FR,FR,forecast_offshore_wind_generation,Wind Offshore,2026-09-13T08:14:54Z
2026-09-13T08:12:08Z,2026-09-13T10:12:08+0200,09fe2dd8-9230-4048-b545-388b2cac71a8,2026-09-13T21:30:00Z,2026-09-13T23:30:00+0200,334.43002,MW,FR,FR,forecast_offshore_wind_generation,Wind Offshore,2026-09-13T08:14:54Z
2026-09-13T08:12:08Z,2026-09-13T10:12:08+0200,09fe2dd8-9230-4048-b545-388b2cac71a8,2026-09-13T21:45:00Z,2026-09-13T23:45:00+0200,328.85999,MW,FR,FR,forecast_offshore_wind_generation,Wind Offshore,2026-09-13T08:14:54Z
