collection_time_utc,collection_time_local,run_id,timestamp_utc,timestamp_local,value,unit,country,entsoe_area,variable,source,updated_at_utc
2026-08-27T09:51:17Z,2026-08-27T11:51:17+0200,0130a799-f590-4e00-8cb7-476fbd850f58,2026-07-27T10:00:00Z,2026-07-27T12:00:00+0200,0.0,EUR/MWh,DE,DE_LU,day_ahead_price,value,2026-08-27T09:55:05Z
2026-08-27T09:51:17Z,2026-08-27T11:51:17+0200,0130a799-f590-4e00-8cb7-476fbd850f58,2026-07-27T10:15:00Z,2026-07-27T12:15:00+0200,-0.01,EUR/MWh,DE,DE_LU,day_ahead_price,value,2026-08-27T09:55:05Z
2026-08-27T09:51:17Z,2026-08-27T11:51:17+0200,0130a799-f590-4e00-8cb7-476fbd850f58,2026-07-27T10:30:00Z,2026-07-27T12:30:00+0200,-0.01,EUR/MWh,DE,DE_LU,day_ahead_price,value,2026-08-27T09:55:05Z
2026-08-27T09:51:17Z,2026-08-27T11:51:17+0200,0130a799-f590-4e00-8cb7-476fbd850f58,2026-07-27T10:45:00Z,2026-07-27T12:45:00+0200,-0.02,EUR/MWh,DE,DE_LU,day_ahead_price,value,2026-08-27T09:55:05Z
2026-08-27T09:51:17Z,2026-08-27T11:51:17+0200,0130a799-f590-4e00-8cb7-476fbd850f58,2026-07-27T11:00:00Z,2026-07-27T13:00:00+0200,-0.01,EUR/MWh,DE,DE_LU,day_ahead_price,value,2026-08-27T09:55:05Z
2026-08-27T09:51:17Z,2026-08-27T11:51:17+0200,0130a799-f590-4e00-8cb7-476fbd850f58,2026-07-27T11:15:00Z,2026-07-27T13:15:00+0200,-0.03,EUR/MWh,DE,DE_LU,day_ahead_price,value,2026-08-27T09:55:05Z
2026-08-27T09:51:17Z,2026-08-27T11:51:17+0200,0130a799-f590-4e00-8cb7-476fbd850f58,2026-07-27T11:30:00Z,2026-07-27T13:30:00+0200,-0.07,EUR/MWh,DE,DE_LU,day_ahead_price,value,2026-08-27T09:55:05Z
2026-08-27T09:51:17Z,2026-08-27T11:51:17+0200,0130a799-f590-4e00-8cb7-476fbd850f58,2026-07-27T11:45:00Z,2026-07-27T13:45:00+0200,-0.48,EUR/MWh,DE,DE_LU,day_ahead_price,value,2026-08-27T09:55:05Z
2026-08-27T09:51:17Z,2026-08-27T11:51:17+0200,0130a799-f590-4e00-8cb7-476fbd850f58,2026-07-27T12:00:00Z,2026-07-27T14:00:00+0200,-0.87,EUR/MWh,DE,DE_LU,day_ahead_price,value,2026-08-27T09:55:05Z
2026-08-27T09:51:17Z,2026-08-27T11:51:17+0200,0130a799-f590-4e00-8cb7-476fbd850f58,2026-07-27T12:15:00Z,2026-07-27T14:15:00+0200,-1.0,EUR/MWh,DE,DE_LU,day_ahead_price,value,2026-08-27T09:55:05Z
2026-08-27T09:51:17Z,2026-08-27T11:51:17+0200,0130a799-f590-4e00-8cb7-476fbd850f58,2026-07-27T12:30:00Z,2026-07-27T14:30:00+0200,-0.7,EUR/MWh,DE,DE_LU,day_ahead_price,value,2026-08-27T09:55:05Z
2026-08-27T09:51:17Z,2026-08-27T11:51:17+0200,0130a799-f590-4e00-8cb7-476fbd850f58,2026-07-27T12:45:00Z,2026-07-27T14:45:00+0200,-0.25,EUR/MWh,DE,DE_LU,day_ahead_price,value,2026-08-27T09:55:05Z
2026-08-27T09:51:17Z,2026-08-27T11:51:17+0200,0130a799-f590-4e00-8cb7-476fbd850f58,2026-07-27T13:00:00Z,2026-07-27T15:00:00+0200,-0.12,EUR/MWh,DE,DE_LU,day_ahead_price,value,2026-08-27T09:55:05Z
2026-08-27T09:51:17Z,2026-08-27T11:51:17+0200,0130a799-f590-4e00-8cb7-476fbd850f58,2026-07-27T13:15:00Z,2026-07-27T15:15:00+0200,-0.09,EUR/MWh,DE,DE_LU,day_ahead_price,value,2026-08-27T09:55:05Z
2026-08-27T09:51:17Z,2026-08-27T11:51:17+0200,0130a799-f590-4e00-8cb7-476fbd850f58,2026-07-27T13:30:00Z,2026-07-27T15:30:00+0200,-0.05,EUR/MWh,DE,DE_LU,day_ahead_price,value,2026-08-27T09:55:05Z
2026-08-27T09:51:17Z,2026-08-27T11:51:17+0200,0130a799-f590-4e00-8cb7-476fbd850f58,2026-07-27T13:45:00Z,2026-07-27T15:45:00+0200,-0.06,EUR/MWh,DE,DE_LU,day_ahead_price,value,2026-08-27T09:55:05Z
2026-08-27T09:51:17Z,2026-08-27T11:51:17+0200,0130a799-f590-4e00-8cb7-476fbd850f58,2026-07-27T14:00:00Z,2026-07-27T16:00:00+0200,-0.04,EUR/MWh,DE,DE_LU,day_ahead_price,value,2026-08-27T09:55:05Z
2026-08-27T09:51:17Z,2026-08-27T11:51:17+0200,0130a799-f590-4e00-8cb7-476fbd850f58,2026-07-27T14:15:00Z,2026-07-27T16:15:00+0200,-0.01,EUR/MWh,DE,DE_LU,day_ahead_price,value,2026-08-27T09:55:05Z
2026-08-27T09:51:17Z,2026-08-27T11:51:17+0200,0130a799-f590-4e00-8cb7-476fbd850f58,2026-07-27T14:30:00Z,2026-07-27T16:30:00+0200,-0.01,EUR/MWh,DE,DE_LU,day_ahead_price,value,2026-08-27T09:55:05Z
2026-08-27T09:51:17Z,2026-08-27T11:51:17+0200,0130a799-f590-4e00-8cb7-476fbd850f58,2026-07-27T14:45:00Z,2026-07-27T16:45:00+0200,0.01,EUR/MWh,DE,DE_LU,day_ahead_price,value,2026-08-27T09:55:05Z
2026-08-27T09:51:17Z,2026-08-27T11:51:17+0200,0130a799-f590-4e00-8cb7-476fbd850f58,2026-07-27T15:00:00Z,2026-07-27T17:00:00+0200,0.01,EUR/MWh,DE,DE_LU,day_ahead_price,value,2026-08-27T09:55:05Z
2026-08-27T09:51:17Z,2026-08-27T11:51:17+0200,0130a799-f590-4e00-8cb7-476fbd850f58,2026-07-27T15:15:00Z,2026-07-27T17:15:00+0200,2.88,EUR/MWh,DE,DE_LU,day_ahead_price,value,2026-08-27T09:55:05Z
2026-08-27T09:51:17Z,2026-08-27T11:51:17+0200,0130a799-f590-4e00-8cb7-476fbd850f58,2026-07-27T15:30:00Z,2026-07-27T17:30:00+0200,10.1,EUR/MWh,DE,DE_LU,day_ahead_price,value,2026-08-27T09:55:05Z
2026-08-27T09:51:17Z,2026-08-27T11:51:17+0200,0130a799-f590-4e00-8cb7-476fbd850f58,2026-07-27T15:45:00Z,2026-07-27T17:45:00+0200,44.62,EUR/MWh,DE,DE_LU,day_ahead_price,value,2026-08-27T09:55:05Z
2026-08-27T09:51:17Z,2026-08-27T11:51:17+0200,0130a799-f590-4e00-8cb7-476fbd850f58,2026-07-27T16:00:00Z,2026-07-27T18:00:00+0200,50.37,EUR/MWh,DE,DE_LU,day_ahead_price,value,2026-08-27T09:55:05Z
2026-08-27T09:51:17Z,2026-08-27T11:51:17+0200,0130a799-f590-4e00-8cb7-476fbd850f58,2026-07-27T16:15:00Z,2026-07-27T18:15:00+0200,91.19,EUR/MWh,DE,DE_LU,day_ahead_price,value,2026-08-27T09:55:05Z
2026-08-27T09:51:17Z,2026-08-27T11:51:17+0200,0130a799-f590-4e00-8cb7-476fbd850f58,2026-07-27T16:30:00Z,2026-07-27T18:30:00+0200,113.61,EUR/MWh,DE,DE_LU,day_ahead_price,value,2026-08-27T09:55:05Z
2026-08-27T09:51:17Z,2026-08-27T11:51:17+0200,0130a799-f590-4e00-8cb7-476fbd850f58,2026-07-27T16:45:00Z,2026-07-27T18:45:00+0200,133.99,EUR/MWh,DE,DE_LU,day_ahead_price,value,2026-08-27T09:55:05Z
2026-08-27T09:51:17Z,2026-08-27T11:51:17+0200,0130a799-f590-4e00-8cb7-476fbd850f58,2026-07-27T17:00:00Z,2026-07-27T19:00:00+0200,120.01,EUR/MWh,DE,DE_LU,day_ahead_price,value,2026-08-27T09:55:05Z
2026-08-27T09:51:17Z,2026-08-27T11:51:17+0200,0130a799-f590-4e00-8cb7-476fbd850f58,2026-07-27T17:15:00Z,2026-07-27T19:15:00+0200,147.93,EUR/MWh,DE,DE_LU,day_ahead_price,value,2026-08-27T09:55:05Z
2026-08-27T09:51:17Z,2026-08-27T11:51:17+0200,0130a799-f590-4e00-8cb7-476fbd850f58,2026-07-27T17:30:00Z,2026-07-27T19:30:00+0200,154.58,EUR/MWh,DE,DE_LU,day_ahead_price,value,2026-08-27T09:55:05Z
2026-08-27T09:51:17Z,2026-08-27T11:51:17+0200,0130a799-f590-4e00-8cb7-476fbd850f58,2026-07-27T17:45:00Z,2026-07-27T19:45:00+0200,174.0,EUR/MWh,DE,DE_LU,day_ahead_price,value,2026-08-27T09:55:05Z
2026-08-27T09:51:17Z,2026-08-27T11:51:17+0200,0130a799-f590-4e00-8cb7-476fbd850f58,2026-07-27T18:00:00Z,2026-07-27T20:00:00+0200,155.6,EUR/MWh,DE,DE_LU,day_ahead_price,value,2026-08-27T09:55:05Z
2026-08-27T09:51:17Z,2026-08-27T11:51:17+0200,0130a799-f590-4e00-8cb7-476fbd850f58,2026-07-27T18:15:00Z,2026-07-27T20:15:00+0200,172.2,EUR/MWh,DE,DE_LU,day_ahead_price,value,2026-08-27T09:55:05Z
2026-08-27T09:51:17Z,2026-08-27T11:51:17+0200,0130a799-f590-4e00-8cb7-476fbd850f58,2026-07-27T18:30:00Z,2026-07-27T20:30:00+0200,180.04,EUR/MWh,DE,DE_LU,day_ahead_price,value,2026-08-27T09:55:05Z
2026-08-27T09:51:17Z,2026-08-27T11:51:17+0200,0130a799-f590-4e00-8cb7-476fbd850f58,2026-07-27T18:45:00Z,2026-07-27T20:45:00+0200,187.05,EUR/MWh,DE,DE_LU,day_ahead_price,value,2026-08-27T09:55:05Z
2026-08-27T09:51:17Z,2026-08-27T11:51:17+0200,0130a799-f590-4e00-8cb7-476fbd850f58,2026-07-27T19:00:00Z,2026-07-27T21:00:00+0200,183.1,EUR/MWh,DE,DE_LU,day_ahead_price,value,2026-08-27T09:55:05Z
2026-08-27T09:51:17Z,2026-08-27T11:51:17+0200,0130a799-f590-4e00-8cb7-476fbd850f58,2026-07-27T19:15:00Z,2026-07-27T21:15:00+0200,181.08,EUR/MWh,DE,DE_LU,day_ahead_price,value,2026-08-27T09:55:05Z
2026-08-27T09:51:17Z,2026-08-27T11:51:17+0200,0130a799-f590-4e00-8cb7-476fbd850f58,2026-07-27T19:30:00Z,2026-07-27T21:30:00+0200,178.93,EUR/MWh,DE,DE_LU,day_ahead_price,value,2026-08-27T09:55:05Z
2026-08-27T09:51:17Z,2026-08-27T11:51:17+0200,0130a799-f590-4e00-8cb7-476fbd850f58,2026-07-27T19:45:00Z,2026-07-27T21:45:00+0200,172.87,EUR/MWh,DE,DE_LU,day_ahead_price,value,2026-08-27T09:55:05Z
2026-08-27T09:51:17Z,2026-08-27T11:51:17+0200,0130a799-f590-4e00-8cb7-476fbd850f58,2026-07-27T20:00:00Z,2026-07-27T22:00:00+0200,180.23,EUR/MWh,DE,DE_LU,day_ahead_price,value,2026-08-27T09:55:05Z
2026-08-27T09:51:17Z,2026-08-27T11:51:17+0200,0130a799-f590-4e00-8cb7-476fbd850f58,2026-07-27T20:15:00Z,2026-07-27T22:15:00+0200,173.14,EUR/MWh,DE,DE_LU,day_ahead_price,value,2026-08-27T09:55:05Z
2026-08-27T09:51:17Z,2026-08-27T11:51:17+0200,0130a799-f590-4e00-8cb7-476fbd850f58,2026-07-27T20:30:00Z,2026-07-27T22:30:00+0200,174.5,EUR/MWh,DE,DE_LU,day_ahead_price,value,2026-08-27T09:55:05Z
2026-08-27T09:51:17Z,2026-08-27T11:51:17+0200,0130a799-f590-4e00-8cb7-476fbd850f58,2026-07-27T20:45:00Z,2026-07-27T22:45:00+0200,156.56,EUR/MWh,DE,DE_LU,day_ahead_price,value,2026-08-27T09:55:05Z
2026-08-27T09:51:17Z,2026-08-27T11:51:17+0200,0130a799-f590-4e00-8cb7-476fbd850f58,2026-07-27T21:00:00Z,2026-07-27T23:00:00+0200,161.31,EUR/MWh,DE,DE_LU,day_ahead_price,value,2026-08-27T09:55:05Z
2026-08-27T09:51:17Z,2026-08-27T11:51:17+0200,0130a799-f590-4e00-8cb7-476fbd850f58,2026-07-27T21:15:00Z,2026-07-27T23:15:00+0200,161.03,EUR/MWh,DE,DE_LU,day_ahead_price,value,2026-08-27T09:55:05Z
2026-08-27T09:51:17Z,2026-08-27T11:51:17+0200,0130a799-f590-4e00-8cb7-476fbd850f58,2026-07-27T21:30:00Z,2026-07-27T23:30:00+0200,160.83,EUR/MWh,DE,DE_LU,day_ahead_price,value,2026-08-27T09:55:05Z
2026-08-27T09:51:17Z,2026-08-27T11:51:17+0200,0130a799-f590-4e00-8cb7-476fbd850f58,2026-07-27T21:45:00Z,2026-07-27T23:45:00+0200,148.78,EUR/MWh,DE,DE_LU,day_ahead_price,value,2026-08-27T09:55:05Z
2026-08-27T09:51:17Z,2026-08-27T11:51:17+0200,0130a799-f590-4e00-8cb7-476fbd850f58,2026-07-27T22:00:00Z,2026-07-28T00:00:00+0200,178.01,EUR/MWh,DE,DE_LU,day_ahead_price,value,2026-08-27T09:55:05Z
2026-08-27T09:51:17Z,2026-08-27T11:51:17+0200,0130a799-f590-4e00-8cb7-476fbd850f58,2026-07-27T22:15:00Z,2026-07-28T00:15:00+0200,169.91,EUR/MWh,DE,DE_LU,day_ahead_price,value,2026-08-27T09:55:05Z
2026-08-27T09:51:17Z,2026-08-27T11:51:17+0200,0130a799-f590-4e00-8cb7-476fbd850f58,2026-07-27T22:30:00Z,2026-07-28T00:30:00+0200,152.34,EUR/MWh,DE,DE_LU,day_ahead_price,value,2026-08-27T09:55:05Z
2026-08-27T09:51:17Z,2026-08-27T11:51:17+0200,0130a799-f590-4e00-8cb7-476fbd850f58,2026-07-27T22:45:00Z,2026-07-28T00:45:00+0200,143.75,EUR/MWh,DE,DE_LU,day_ahead_price,value,2026-08-27T09:55:05Z
2026-08-27T09:51:17Z,2026-08-27T11:51:17+0200,0130a799-f590-4e00-8cb7-476fbd850f58,2026-07-27T23:00:00Z,2026-07-28T01:00:00+0200,154.96,EUR/MWh,DE,DE_LU,day_ahead_price,value,2026-08-27T09:55:05Z
2026-08-27T09:51:17Z,2026-08-27T11:51:17+0200,0130a799-f590-4e00-8cb7-476fbd850f58,2026-07-27T23:15:00Z,2026-07-28T01:15:00+0200,149.56,EUR/MWh,DE,DE_LU,day_ahead_price,value,2026-08-27T09:55:05Z
2026-08-27T09:51:17Z,2026-08-27T11:51:17+0200,0130a799-f590-4e00-8cb7-476fbd850f58,2026-07-27T23:30:00Z,2026-07-28T01:30:00+0200,145.28,EUR/MWh,DE,DE_LU,day_ahead_price,value,2026-08-27T09:55:05Z
2026-08-27T09:51:17Z,2026-08-27T11:51:17+0200,0130a799-f590-4e00-8cb7-476fbd850f58,2026-07-27T23:45:00Z,2026-07-28T01:45:00+0200,143.43,EUR/MWh,DE,DE_LU,day_ahead_price,value,2026-08-27T09:55:05Z
2026-08-27T09:51:17Z,2026-08-27T11:51:17+0200,0130a799-f590-4e00-8cb7-476fbd850f58,2026-07-28T00:00:00Z,2026-07-28T02:00:00+0200,147.09,EUR/MWh,DE,DE_LU,day_ahead_price,value,2026-08-27T09:55:05Z
2026-08-27T09:51:17Z,2026-08-27T11:51:17+0200,0130a799-f590-4e00-8cb7-476fbd850f58,2026-07-28T00:15:00Z,2026-07-28T02:15:00+0200,141.52,EUR/MWh,DE,DE_LU,day_ahead_price,value,2026-08-27T09:55:05Z
2026-08-27T09:51:17Z,2026-08-27T11:51:17+0200,0130a799-f590-4e00-8cb7-476fbd850f58,2026-07-28T00:30:00Z,2026-07-28T02:30:00+0200,138.91,EUR/MWh,DE,DE_LU,day_ahead_price,value,2026-08-27T09:55:05Z
2026-08-27T09:51:17Z,2026-08-27T11:51:17+0200,0130a799-f590-4e00-8cb7-476fbd850f58,2026-07-28T00:45:00Z,2026-07-28T02:45:00+0200,137.8,EUR/MWh,DE,DE_LU,day_ahead_price,value,2026-08-27T09:55:05Z
2026-08-27T09:51:17Z,2026-08-27T11:51:17+0200,0130a799-f590-4e00-8cb7-476fbd850f58,2026-07-28T01:00:00Z,2026-07-28T03:00:00+0200,136.5,EUR/MWh,DE,DE_LU,day_ahead_price,value,2026-08-27T09:55:05Z
2026-08-27T09:51:17Z,2026-08-27T11:51:17+0200,0130a799-f590-4e00-8cb7-476fbd850f58,2026-07-28T01:15:00Z,2026-07-28T03:15:00+0200,136.25,EUR/MWh,DE,DE_LU,day_ahead_price,value,2026-08-27T09:55:05Z
2026-08-27T09:51:17Z,2026-08-27T11:51:17+0200,0130a799-f590-4e00-8cb7-476fbd850f58,2026-07-28T01:30:00Z,2026-07-28T03:30:00+0200,135.16,EUR/MWh,DE,DE_LU,day_ahead_price,value,2026-08-27T09:55:05Z
2026-08-27T09:51:17Z,2026-08-27T11:51:17+0200,0130a799-f590-4e00-8cb7-476fbd850f58,2026-07-28T01:45:00Z,2026-07-28T03:45:00+0200,135.57,EUR/MWh,DE,DE_LU,day_ahead_price,value,2026-08-27T09:55:05Z
2026-08-27T09:51:17Z,2026-08-27T11:51:17+0200,0130a799-f590-4e00-8cb7-476fbd850f58,2026-07-28T02:00:00Z,2026-07-28T04:00:00+0200,133.25,EUR/MWh,DE,DE_LU,day_ahead_price,value,2026-08-27T09:55:05Z
2026-08-27T09:51:17Z,2026-08-27T11:51:17+0200,0130a799-f590-4e00-8cb7-476fbd850f58,2026-07-28T02:15:00Z,2026-07-28T04:15:00+0200,135.87,EUR/MWh,DE,DE_LU,day_ahead_price,value,2026-08-27T09:55:05Z
2026-08-27T09:51:17Z,2026-08-27T11:51:17+0200,0130a799-f590-4e00-8cb7-476fbd850f58,2026-07-28T02:30:00Z,2026-07-28T04:30:00+0200,141.35,EUR/MWh,DE,DE_LU,day_ahead_price,value,2026-08-27T09:55:05Z
2026-08-27T09:51:17Z,2026-08-27T11:51:17+0200,0130a799-f590-4e00-8cb7-476fbd850f58,2026-07-28T02:45:00Z,2026-07-28T04:45:00+0200,149.27,EUR/MWh,DE,DE_LU,day_ahead_price,value,2026-08-27T09:55:05Z
2026-08-27T09:51:17Z,2026-08-27T11:51:17+0200,0130a799-f590-4e00-8cb7-476fbd850f58,2026-07-28T03:00:00Z,2026-07-28T05:00:00+0200,140.53,EUR/MWh,DE,DE_LU,day_ahead_price,value,2026-08-27T09:55:05Z
2026-08-27T09:51:17Z,2026-08-27T11:51:17+0200,0130a799-f590-4e00-8cb7-476fbd850f58,2026-07-28T03:15:00Z,2026-07-28T05:15:00+0200,143.75,EUR/MWh,DE,DE_LU,day_ahead_price,value,2026-08-27T09:55:05Z
2026-08-27T09:51:17Z,2026-08-27T11:51:17+0200,0130a799-f590-4e00-8cb7-476fbd850f58,2026-07-28T03:30:00Z,2026-07-28T05:30:00+0200,154.19,EUR/MWh,DE,DE_LU,day_ahead_price,value,2026-08-27T09:55:05Z
2026-08-27T09:51:17Z,2026-08-27T11:51:17+0200,0130a799-f590-4e00-8cb7-476fbd850f58,2026-07-28T03:45:00Z,2026-07-28T05:45:00+0200,160.5,EUR/MWh,DE,DE_LU,day_ahead_price,value,2026-08-27T09:55:05Z
2026-08-27T09:51:17Z,2026-08-27T11:51:17+0200,0130a799-f590-4e00-8cb7-476fbd850f58,2026-07-28T04:00:00Z,2026-07-28T06:00:00+0200,165.45,EUR/MWh,DE,DE_LU,day_ahead_price,value,2026-08-27T09:55:05Z
2026-08-27T09:51:17Z,2026-08-27T11:51:17+0200,0130a799-f590-4e00-8cb7-476fbd850f58,2026-07-28T04:15:00Z,2026-07-28T06:15:00+0200,174.29,EUR/MWh,DE,DE_LU,day_ahead_price,value,2026-08-27T09:55:05Z
2026-08-27T09:51:17Z,2026-08-27T11:51:17+0200,0130a799-f590-4e00-8cb7-476fbd850f58,2026-07-28T04:30:00Z,2026-07-28T06:30:00+0200,170.33,EUR/MWh,DE,DE_LU,day_ahead_price,value,2026-08-27T09:55:05Z
2026-08-27T09:51:17Z,2026-08-27T11:51:17+0200,0130a799-f590-4e00-8cb7-476fbd850f58,2026-07-28T04:45:00Z,2026-07-28T06:45:00+0200,160.15,EUR/MWh,DE,DE_LU,day_ahead_price,value,2026-08-27T09:55:05Z
2026-08-27T09:51:17Z,2026-08-27T11:51:17+0200,0130a799-f590-4e00-8cb7-476fbd850f58,2026-07-28T05:00:00Z,2026-07-28T07:00:00+0200,177.04,EUR/MWh,DE,DE_LU,day_ahead_price,value,2026-08-27T09:55:05Z
2026-08-27T09:51:17Z,2026-08-27T11:51:17+0200,0130a799-f590-4e00-8cb7-476fbd850f58,2026-07-28T05:15:00Z,2026-07-28T07:15:00+0200,167.39,EUR/MWh,DE,DE_LU,day_ahead_price,value,2026-08-27T09:55:05Z
2026-08-27T09:51:17Z,2026-08-27T11:51:17+0200,0130a799-f590-4e00-8cb7-476fbd850f58,2026-07-28T05:30:00Z,2026-07-28T07:30:00+0200,156.72,EUR/MWh,DE,DE_LU,day_ahead_price,value,2026-08-27T09:55:05Z
2026-08-27T09:51:17Z,2026-08-27T11:51:17+0200,0130a799-f590-4e00-8cb7-476fbd850f58,2026-07-28T05:45:00Z,2026-07-28T07:45:00+0200,147.95,EUR/MWh,DE,DE_LU,day_ahead_price,value,2026-08-27T09:55:05Z
2026-08-27T09:51:17Z,2026-08-27T11:51:17+0200,0130a799-f590-4e00-8cb7-476fbd850f58,2026-07-28T06:00:00Z,2026-07-28T08:00:00+0200,165.67,EUR/MWh,DE,DE_LU,day_ahead_price,value,2026-08-27T09:55:05Z
2026-08-27T09:51:17Z,2026-08-27T11:51:17+0200,0130a799-f590-4e00-8cb7-476fbd850f58,2026-07-28T06:15:00Z,2026-07-28T08:15:00+0200,152.28,EUR/MWh,DE,DE_LU,day_ahead_price,value,2026-08-27T09:55:05Z
2026-08-27T09:51:17Z,2026-08-27T11:51:17+0200,0130a799-f590-4e00-8cb7-476fbd850f58,2026-07-28T06:30:00Z,2026-07-28T08:30:00+0200,143.43,EUR/MWh,DE,DE_LU,day_ahead_price,value,2026-08-27T09:55:05Z
2026-08-27T09:51:17Z,2026-08-27T11:51:17+0200,0130a799-f590-4e00-8cb7-476fbd850f58,2026-07-28T06:45:00Z,2026-07-28T08:45:00+0200,115.26,EUR/MWh,DE,DE_LU,day_ahead_price,value,2026-08-27T09:55:05Z
2026-08-27T09:51:17Z,2026-08-27T11:51:17+0200,0130a799-f590-4e00-8cb7-476fbd850f58,2026-07-28T07:00:00Z,2026-07-28T09:00:00+0200,160.11,EUR/MWh,DE,DE_LU,day_ahead_price,value,2026-08-27T09:55:05Z
2026-08-27T09:51:17Z,2026-08-27T11:51:17+0200,0130a799-f590-4e00-8cb7-476fbd850f58,2026-07-28T07:15:00Z,2026-07-28T09:15:00+0200,115.62,EUR/MWh,DE,DE_LU,day_ahead_price,value,2026-08-27T09:55:05Z
2026-08-27T09:51:17Z,2026-08-27T11:51:17+0200,0130a799-f590-4e00-8cb7-476fbd850f58,2026-07-28T07:30:00Z,2026-07-28T09:30:00+0200,94.8,EUR/MWh,DE,DE_LU,day_ahead_price,value,2026-08-27T09:55:05Z
2026-08-27T09:51:17Z,2026-08-27T11:51:17+0200,0130a799-f590-4e00-8cb7-476fbd850f58,2026-07-28T07:45:00Z,2026-07-28T09:45:00+0200,65.56,EUR/MWh,DE,DE_LU,day_ahead_price,value,2026-08-27T09:55:05Z
2026-08-27T09:51:17Z,2026-08-27T11:51:17+0200,0130a799-f590-4e00-8cb7-476fbd850f58,2026-07-28T08:00:00Z,2026-07-28T10:00:00+0200,85.32,EUR/MWh,DE,DE_LU,day_ahead_price,value,2026-08-27T09:55:05Z
2026-08-27T09:51:17Z,2026-08-27T11:51:17+0200,0130a799-f590-4e00-8cb7-476fbd850f58,2026-07-28T08:15:00Z,2026-07-28T10:15:00+0200,41.74,EUR/MWh,DE,DE_LU,day_ahead_price,value,2026-08-27T09:55:05Z
2026-08-27T09:51:17Z,2026-08-27T11:51:17+0200,0130a799-f590-4e00-8cb7-476fbd850f58,2026-07-28T08:30:00Z,2026-07-28T10:30:00+0200,15.06,EUR/MWh,DE,DE_LU,day_ahead_price,value,2026-08-27T09:55:05Z
2026-08-27T09:51:17Z,2026-08-27T11:51:17+0200,0130a799-f590-4e00-8cb7-476fbd850f58,2026-07-28T08:45:00Z,2026-07-28T10:45:00+0200,4.95,EUR/MWh,DE,DE_LU,day_ahead_price,value,2026-08-27T09:55:05Z
2026-08-27T09:51:17Z,2026-08-27T11:51:17+0200,0130a799-f590-4e00-8cb7-476fbd850f58,2026-07-28T09:00:00Z,2026-07-28T11:00:00+0200,7.61,EUR/MWh,DE,DE_LU,day_ahead_price,value,2026-08-27T09:55:05Z
2026-08-27T09:51:17Z,2026-08-27T11:51:17+0200,0130a799-f590-4e00-8cb7-476fbd850f58,2026-07-28T09:15:00Z,2026-07-28T11:15:00+0200,4.45,EUR/MWh,DE,DE_LU,day_ahead_price,value,2026-08-27T09:55:05Z
2026-08-27T09:51:17Z,2026-08-27T11:51:17+0200,0130a799-f590-4e00-8cb7-476fbd850f58,2026-07-28T09:30:00Z,2026-07-28T11:30:00+0200,1.66,EUR/MWh,DE,DE_LU,day_ahead_price,value,2026-08-27T09:55:05Z
2026-08-27T09:51:17Z,2026-08-27T11:51:17+0200,0130a799-f590-4e00-8cb7-476fbd850f58,2026-07-28T09:45:00Z,2026-07-28T11:45:00+0200,0.0,EUR/MWh,DE,DE_LU,day_ahead_price,value,2026-08-27T09:55:05Z
2026-08-27T09:51:17Z,2026-08-27T11:51:17+0200,0130a799-f590-4e00-8cb7-476fbd850f58,2026-07-28T10:00:00Z,2026-07-28T12:00:00+0200,0.0,EUR/MWh,DE,DE_LU,day_ahead_price,value,2026-08-27T09:55:05Z
2026-08-27T09:51:17Z,2026-08-27T11:51:17+0200,0130a799-f590-4e00-8cb7-476fbd850f58,2026-07-28T10:15:00Z,2026-07-28T12:15:00+0200,-0.01,EUR/MWh,DE,DE_LU,day_ahead_price,value,2026-08-27T09:55:05Z
2026-08-27T09:51:17Z,2026-08-27T11:51:17+0200,0130a799-f590-4e00-8cb7-476fbd850f58,2026-07-28T10:30:00Z,2026-07-28T12:30:00+0200,-0.01,EUR/MWh,DE,DE_LU,day_ahead_price,value,2026-08-27T09:55:05Z
2026-08-27T09:51:17Z,2026-08-27T11:51:17+0200,0130a799-f590-4e00-8cb7-476fbd850f58,2026-07-28T10:45:00Z,2026-07-28T12:45:00+0200,-0.03,EUR/MWh,DE,DE_LU,day_ahead_price,value,2026-08-27T09:55:05Z
2026-08-27T09:51:17Z,2026-08-27T11:51:17+0200,0130a799-f590-4e00-8cb7-476fbd850f58,2026-07-28T11:00:00Z,2026-07-28T13:00:00+0200,-0.01,EUR/MWh,DE,DE_LU,day_ahead_price,value,2026-08-27T09:55:05Z
2026-08-27T09:51:17Z,2026-08-27T11:51:17+0200,0130a799-f590-4e00-8cb7-476fbd850f58,2026-07-28T11:15:00Z,2026-07-28T13:15:00+0200,-0.05,EUR/MWh,DE,DE_LU,day_ahead_price,value,2026-08-27T09:55:05Z
2026-08-27T09:51:17Z,2026-08-27T11:51:17+0200,0130a799-f590-4e00-8cb7-476fbd850f58,2026-07-28T11:30:00Z,2026-07-28T13:30:00+0200,-0.1,EUR/MWh,DE,DE_LU,day_ahead_price,value,2026-08-27T09:55:05Z
2026-08-27T09:51:17Z,2026-08-27T11:51:17+0200,0130a799-f590-4e00-8cb7-476fbd850f58,2026-07-28T11:45:00Z,2026-07-28T13:45:00+0200,-0.19,EUR/MWh,DE,DE_LU,day_ahead_price,value,2026-08-27T09:55:05Z
2026-08-27T09:51:17Z,2026-08-27T11:51:17+0200,0130a799-f590-4e00-8cb7-476fbd850f58,2026-07-28T12:00:00Z,2026-07-28T14:00:00+0200,-0.09,EUR/MWh,DE,DE_LU,day_ahead_price,value,2026-08-27T09:55:05Z
2026-08-27T09:51:17Z,2026-08-27T11:51:17+0200,0130a799-f590-4e00-8cb7-476fbd850f58,2026-07-28T12:15:00Z,2026-07-28T14:15:00+0200,-0.03,EUR/MWh,DE,DE_LU,day_ahead_price,value,2026-08-27T09:55:05Z
2026-08-27T09:51:17Z,2026-08-27T11:51:17+0200,0130a799-f590-4e00-8cb7-476fbd850f58,2026-07-28T12:30:00Z,2026-07-28T14:30:00+0200,0.0,EUR/MWh,DE,DE_LU,day_ahead_price,value,2026-08-27T09:55:05Z
2026-08-27T09:51:17Z,2026-08-27T11:51:17+0200,0130a799-f590-4e00-8cb7-476fbd850f58,2026-07-28T12:45:00Z,2026-07-28T14:45:00+0200,0.0,EUR/MWh,DE,DE_LU,day_ahead_price,value,2026-08-27T09:55:05Z
2026-08-27T09:51:17Z,2026-08-27T11:51:17+0200,0130a799-f590-4e00-8cb7-476fbd850f58,2026-07-28T13:00:00Z,2026-07-28T15:00:00+0200,0.0,EUR/MWh,DE,DE_LU,day_ahead_price,value,2026-08-27T09:55:05Z
2026-08-27T09:51:17Z,2026-08-27T11:51:17+0200,0130a799-f590-4e00-8cb7-476fbd850f58,2026-07-28T13:15:00Z,2026-07-28T15:15:00+0200,0.91,EUR/MWh,DE,DE_LU,day_ahead_price,value,2026-08-27T09:55:05Z
2026-08-27T09:51:17Z,2026-08-27T11:51:17+0200,0130a799-f590-4e00-8cb7-476fbd850f58,2026-07-28T13:30:00Z,2026-07-28T15:30:00+0200,2.66,EUR/MWh,DE,DE_LU,day_ahead_price,value,2026-08-27T09:55:05Z
2026-08-27T09:51:17Z,2026-08-27T11:51:17+0200,0130a799-f590-4e00-8cb7-476fbd850f58,2026-07-28T13:45:00Z,2026-07-28T15:45:00+0200,10.04,EUR/MWh,DE,DE_LU,day_ahead_price,value,2026-08-27T09:55:05Z
2026-08-27T09:51:17Z,2026-08-27T11:51:17+0200,0130a799-f590-4e00-8cb7-476fbd850f58,2026-07-28T14:00:00Z,2026-07-28T16:00:00+0200,4.26,EUR/MWh,DE,DE_LU,day_ahead_price,value,2026-08-27T09:55:05Z
2026-08-27T09:51:17Z,2026-08-27T11:51:17+0200,0130a799-f590-4e00-8cb7-476fbd850f58,2026-07-28T14:15:00Z,2026-07-28T16:15:00+0200,15.48,EUR/MWh,DE,DE_LU,day_ahead_price,value,2026-08-27T09:55:05Z
2026-08-27T09:51:17Z,2026-08-27T11:51:17+0200,0130a799-f590-4e00-8cb7-476fbd850f58,2026-07-28T14:30:00Z,2026-07-28T16:30:00+0200,61.68,EUR/MWh,DE,DE_LU,day_ahead_price,value,2026-08-27T09:55:05Z
2026-08-27T09:51:17Z,2026-08-27T11:51:17+0200,0130a799-f590-4e00-8cb7-476fbd850f58,2026-07-28T14:45:00Z,2026-07-28T16:45:00+0200,97.54,EUR/MWh,DE,DE_LU,day_ahead_price,value,2026-08-27T09:55:05Z
2026-08-27T09:51:17Z,2026-08-27T11:51:17+0200,0130a799-f590-4e00-8cb7-476fbd850f58,2026-07-28T15:00:00Z,2026-07-28T17:00:00+0200,60.03,EUR/MWh,DE,DE_LU,day_ahead_price,value,2026-08-27T09:55:05Z
2026-08-27T09:51:17Z,2026-08-27T11:51:17+0200,0130a799-f590-4e00-8cb7-476fbd850f58,2026-07-28T15:15:00Z,2026-07-28T17:15:00+0200,101.86,EUR/MWh,DE,DE_LU,day_ahead_price,value,2026-08-27T09:55:05Z
2026-08-27T09:51:17Z,2026-08-27T11:51:17+0200,0130a799-f590-4e00-8cb7-476fbd850f58,2026-07-28T15:30:00Z,2026-07-28T17:30:00+0200,120.25,EUR/MWh,DE,DE_LU,day_ahead_price,value,2026-08-27T09:55:05Z
2026-08-27T09:51:17Z,2026-08-27T11:51:17+0200,0130a799-f590-4e00-8cb7-476fbd850f58,2026-07-28T15:45:00Z,2026-07-28T17:45:00+0200,148.37,EUR/MWh,DE,DE_LU,day_ahead_price,value,2026-08-27T09:55:05Z
2026-08-27T09:51:17Z,2026-08-27T11:51:17+0200,0130a799-f590-4e00-8cb7-476fbd850f58,2026-07-28T16:00:00Z,2026-07-28T18:00:00+0200,125.01,EUR/MWh,DE,DE_LU,day_ahead_price,value,2026-08-27T09:55:05Z
2026-08-27T09:51:17Z,2026-08-27T11:51:17+0200,0130a799-f590-4e00-8cb7-476fbd850f58,2026-07-28T16:15:00Z,2026-07-28T18:15:00+0200,156.96,EUR/MWh,DE,DE_LU,day_ahead_price,value,2026-08-27T09:55:05Z
2026-08-27T09:51:17Z,2026-08-27T11:51:17+0200,0130a799-f590-4e00-8cb7-476fbd850f58,2026-07-28T16:30:00Z,2026-07-28T18:30:00+0200,167.25,EUR/MWh,DE,DE_LU,day_ahead_price,value,2026-08-27T09:55:05Z
2026-08-27T09:51:17Z,2026-08-27T11:51:17+0200,0130a799-f590-4e00-8cb7-476fbd850f58,2026-07-28T16:45:00Z,2026-07-28T18:45:00+0200,178.67,EUR/MWh,DE,DE_LU,day_ahead_price,value,2026-08-27T09:55:05Z
2026-08-27T09:51:17Z,2026-08-27T11:51:17+0200,0130a799-f590-4e00-8cb7-476fbd850f58,2026-07-28T17:00:00Z,2026-07-28T19:00:00+0200,174.9,EUR/MWh,DE,DE_LU,day_ahead_price,value,2026-08-27T09:55:05Z
2026-08-27T09:51:17Z,2026-08-27T11:51:17+0200,0130a799-f590-4e00-8cb7-476fbd850f58,2026-07-28T17:15:00Z,2026-07-28T19:15:00+0200,187.15,EUR/MWh,DE,DE_LU,day_ahead_price,value,2026-08-27T09:55:05Z
2026-08-27T09:51:17Z,2026-08-27T11:51:17+0200,0130a799-f590-4e00-8cb7-476fbd850f58,2026-07-28T17:30:00Z,2026-07-28T19:30:00+0200,202.71,EUR/MWh,DE,DE_LU,day_ahead_price,value,2026-08-27T09:55:05Z
2026-08-27T09:51:17Z,2026-08-27T11:51:17+0200,0130a799-f590-4e00-8cb7-476fbd850f58,2026-07-28T17:45:00Z,2026-07-28T19:45:00+0200,230.67,EUR/MWh,DE,DE_LU,day_ahead_price,value,2026-08-27T09:55:05Z
2026-08-27T09:51:17Z,2026-08-27T11:51:17+0200,0130a799-f590-4e00-8cb7-476fbd850f58,2026-07-28T18:00:00Z,2026-07-28T20:00:00+0200,200.87,EUR/MWh,DE,DE_LU,day_ahead_price,value,2026-08-27T09:55:05Z
2026-08-27T09:51:17Z,2026-08-27T11:51:17+0200,0130a799-f590-4e00-8cb7-476fbd850f58,2026-07-28T18:15:00Z,2026-07-28T20:15:00+0200,208.01,EUR/MWh,DE,DE_LU,day_ahead_price,value,2026-08-27T09:55:05Z
2026-08-27T09:51:17Z,2026-08-27T11:51:17+0200,0130a799-f590-4e00-8cb7-476fbd850f58,2026-07-28T18:30:00Z,2026-07-28T20:30:00+0200,219.85,EUR/MWh,DE,DE_LU,day_ahead_price,value,2026-08-27T09:55:05Z
2026-08-27T09:51:17Z,2026-08-27T11:51:17+0200,0130a799-f590-4e00-8cb7-476fbd850f58,2026-07-28T18:45:00Z,2026-07-28T20:45:00+0200,238.29,EUR/MWh,DE,DE_LU,day_ahead_price,value,2026-08-27T09:55:05Z
2026-08-27T09:51:17Z,2026-08-27T11:51:17+0200,0130a799-f590-4e00-8cb7-476fbd850f58,2026-07-28T19:00:00Z,2026-07-28T21:00:00+0200,219.99,EUR/MWh,DE,DE_LU,day_ahead_price,value,2026-08-27T09:55:05Z
2026-08-27T09:51:17Z,2026-08-27T11:51:17+0200,0130a799-f590-4e00-8cb7-476fbd850f58,2026-07-28T19:15:00Z,2026-07-28T21:15:00+0200,213.91,EUR/MWh,DE,DE_LU,day_ahead_price,value,2026-08-27T09:55:05Z
2026-08-27T09:51:17Z,2026-08-27T11:51:17+0200,0130a799-f590-4e00-8cb7-476fbd850f58,2026-07-28T19:30:00Z,2026-07-28T21:30:00+0200,205.71,EUR/MWh,DE,DE_LU,day_ahead_price,value,2026-08-27T09:55:05Z
2026-08-27T09:51:17Z,2026-08-27T11:51:17+0200,0130a799-f590-4e00-8cb7-476fbd850f58,2026-07-28T19:45:00Z,2026-07-28T21:45:00+0200,200.1,EUR/MWh,DE,DE_LU,day_ahead_price,value,2026-08-27T09:55:05Z
2026-08-27T09:51:17Z,2026-08-27T11:51:17+0200,0130a799-f590-4e00-8cb7-476fbd850f58,2026-07-28T20:00:00Z,2026-07-28T22:00:00+0200,210.79,EUR/MWh,DE,DE_LU,day_ahead_price,value,2026-08-27T09:55:05Z
2026-08-27T09:51:17Z,2026-08-27T11:51:17+0200,0130a799-f590-4e00-8cb7-476fbd850f58,2026-07-28T20:15:00Z,2026-07-28T22:15:00+0200,197.06,EUR/MWh,DE,DE_LU,day_ahead_price,value,2026-08-27T09:55:05Z
2026-08-27T09:51:17Z,2026-08-27T11:51:17+0200,0130a799-f590-4e00-8cb7-476fbd850f58,2026-07-28T20:30:00Z,2026-07-28T22:30:00+0200,187.55,EUR/MWh,DE,DE_LU,day_ahead_price,value,2026-08-27T09:55:05Z
2026-08-27T09:51:17Z,2026-08-27T11:51:17+0200,0130a799-f590-4e00-8cb7-476fbd850f58,2026-07-28T20:45:00Z,2026-07-28T22:45:00+0200,180.43,EUR/MWh,DE,DE_LU,day_ahead_price,value,2026-08-27T09:55:05Z
2026-08-27T09:51:17Z,2026-08-27T11:51:17+0200,0130a799-f590-4e00-8cb7-476fbd850f58,2026-07-28T21:00:00Z,2026-07-28T23:00:00+0200,188.33,EUR/MWh,DE,DE_LU,day_ahead_price,value,2026-08-27T09:55:05Z
2026-08-27T09:51:17Z,2026-08-27T11:51:17+0200,0130a799-f590-4e00-8cb7-476fbd850f58,2026-07-28T21:15:00Z,2026-07-28T23:15:00+0200,173.99,EUR/MWh,DE,DE_LU,day_ahead_price,value,2026-08-27T09:55:05Z
2026-08-27T09:51:17Z,2026-08-27T11:51:17+0200,0130a799-f590-4e00-8cb7-476fbd850f58,2026-07-28T21:30:00Z,2026-07-28T23:30:00+0200,165.95,EUR/MWh,DE,DE_LU,day_ahead_price,value,2026-08-27T09:55:05Z
2026-08-27T09:51:17Z,2026-08-27T11:51:17+0200,0130a799-f590-4e00-8cb7-476fbd850f58,2026-07-28T21:45:00Z,2026-07-28T23:45:00+0200,160.78,EUR/MWh,DE,DE_LU,day_ahead_price,value,2026-08-27T09:55:05Z
2026-08-27T09:51:17Z,2026-08-27T11:51:17+0200,0130a799-f590-4e00-8cb7-476fbd850f58,2026-07-28T22:00:00Z,2026-07-29T00:00:00+0200,170.39,EUR/MWh,DE,DE_LU,day_ahead_price,value,2026-08-27T09:55:05Z
2026-08-27T09:51:17Z,2026-08-27T11:51:17+0200,0130a799-f590-4e00-8cb7-476fbd850f58,2026-07-28T22:15:00Z,2026-07-29T00:15:00+0200,158.08,EUR/MWh,DE,DE_LU,day_ahead_price,value,2026-08-27T09:55:05Z
2026-08-27T09:51:17Z,2026-08-27T11:51:17+0200,0130a799-f590-4e00-8cb7-476fbd850f58,2026-07-28T22:30:00Z,2026-07-29T00:30:00+0200,154.26,EUR/MWh,DE,DE_LU,day_ahead_price,value,2026-08-27T09:55:05Z
2026-08-27T09:51:17Z,2026-08-27T11:51:17+0200,0130a799-f590-4e00-8cb7-476fbd850f58,2026-07-28T22:45:00Z,2026-07-29T00:45:00+0200,144.3,EUR/MWh,DE,DE_LU,day_ahead_price,value,2026-08-27T09:55:05Z
2026-08-27T09:51:17Z,2026-08-27T11:51:17+0200,0130a799-f590-4e00-8cb7-476fbd850f58,2026-07-28T23:00:00Z,2026-07-29T01:00:00+0200,155.48,EUR/MWh,DE,DE_LU,day_ahead_price,value,2026-08-27T09:55:05Z
2026-08-27T09:51:17Z,2026-08-27T11:51:17+0200,0130a799-f590-4e00-8cb7-476fbd850f58,2026-07-28T23:15:00Z,2026-07-29T01:15:00+0200,150.5,EUR/MWh,DE,DE_LU,day_ahead_price,value,2026-08-27T09:55:05Z
2026-08-27T09:51:17Z,2026-08-27T11:51:17+0200,0130a799-f590-4e00-8cb7-476fbd850f58,2026-07-28T23:30:00Z,2026-07-29T01:30:00+0200,146.95,EUR/MWh,DE,DE_LU,day_ahead_price,value,2026-08-27T09:55:05Z
2026-08-27T09:51:17Z,2026-08-27T11:51:17+0200,0130a799-f590-4e00-8cb7-476fbd850f58,2026-07-28T23:45:00Z,2026-07-29T01:45:00+0200,140.87,EUR/MWh,DE,DE_LU,day_ahead_price,value,2026-08-27T09:55:05Z
2026-08-27T09:51:17Z,2026-08-27T11:51:17+0200,0130a799-f590-4e00-8cb7-476fbd850f58,2026-07-29T00:00:00Z,2026-07-29T02:00:00+0200,140.9,EUR/MWh,DE,DE_LU,day_ahead_price,value,2026-08-27T09:55:05Z
2026-08-27T09:51:17Z,2026-08-27T11:51:17+0200,0130a799-f590-4e00-8cb7-476fbd850f58,2026-07-29T00:15:00Z,2026-07-29T02:15:00+0200,138.32,EUR/MWh,DE,DE_LU,day_ahead_price,value,2026-08-27T09:55:05Z
2026-08-27T09:51:17Z,2026-08-27T11:51:17+0200,0130a799-f590-4e00-8cb7-476fbd850f58,2026-07-29T00:30:00Z,2026-07-29T02:30:00+0200,135.71,EUR/MWh,DE,DE_LU,day_ahead_price,value,2026-08-27T09:55:05Z
2026-08-27T09:51:17Z,2026-08-27T11:51:17+0200,0130a799-f590-4e00-8cb7-476fbd850f58,2026-07-29T00:45:00Z,2026-07-29T02:45:00+0200,133.9,EUR/MWh,DE,DE_LU,day_ahead_price,value,2026-08-27T09:55:05Z
2026-08-27T09:51:17Z,2026-08-27T11:51:17+0200,0130a799-f590-4e00-8cb7-476fbd850f58,2026-07-29T01:00:00Z,2026-07-29T03:00:00+0200,135.01,EUR/MWh,DE,DE_LU,day_ahead_price,value,2026-08-27T09:55:05Z
2026-08-27T09:51:17Z,2026-08-27T11:51:17+0200,0130a799-f590-4e00-8cb7-476fbd850f58,2026-07-29T01:15:00Z,2026-07-29T03:15:00+0200,135.15,EUR/MWh,DE,DE_LU,day_ahead_price,value,2026-08-27T09:55:05Z
2026-08-27T09:51:17Z,2026-08-27T11:51:17+0200,0130a799-f590-4e00-8cb7-476fbd850f58,2026-07-29T01:30:00Z,2026-07-29T03:30:00+0200,135.03,EUR/MWh,DE,DE_LU,day_ahead_price,value,2026-08-27T09:55:05Z
2026-08-27T09:51:17Z,2026-08-27T11:51:17+0200,0130a799-f590-4e00-8cb7-476fbd850f58,2026-07-29T01:45:00Z,2026-07-29T03:45:00+0200,134.82,EUR/MWh,DE,DE_LU,day_ahead_price,value,2026-08-27T09:55:05Z
2026-08-27T09:51:17Z,2026-08-27T11:51:17+0200,0130a799-f590-4e00-8cb7-476fbd850f58,2026-07-29T02:00:00Z,2026-07-29T04:00:00+0200,134.22,EUR/MWh,DE,DE_LU,day_ahead_price,value,2026-08-27T09:55:05Z
2026-08-27T09:51:17Z,2026-08-27T11:51:17+0200,0130a799-f590-4e00-8cb7-476fbd850f58,2026-07-29T02:15:00Z,2026-07-29T04:15:00+0200,138.11,EUR/MWh,DE,DE_LU,day_ahead_price,value,2026-08-27T09:55:05Z
2026-08-27T09:51:17Z,2026-08-27T11:51:17+0200,0130a799-f590-4e00-8cb7-476fbd850f58,2026-07-29T02:30:00Z,2026-07-29T04:30:00+0200,141.35,EUR/MWh,DE,DE_LU,day_ahead_price,value,2026-08-27T09:55:05Z
2026-08-27T09:51:17Z,2026-08-27T11:51:17+0200,0130a799-f590-4e00-8cb7-476fbd850f58,2026-07-29T02:45:00Z,2026-07-29T04:45:00+0200,147.63,EUR/MWh,DE,DE_LU,day_ahead_price,value,2026-08-27T09:55:05Z
2026-08-27T09:51:17Z,2026-08-27T11:51:17+0200,0130a799-f590-4e00-8cb7-476fbd850f58,2026-07-29T03:00:00Z,2026-07-29T05:00:00+0200,137.93,EUR/MWh,DE,DE_LU,day_ahead_price,value,2026-08-27T09:55:05Z
2026-08-27T09:51:17Z,2026-08-27T11:51:17+0200,0130a799-f590-4e00-8cb7-476fbd850f58,2026-07-29T03:15:00Z,2026-07-29T05:15:00+0200,142.48,EUR/MWh,DE,DE_LU,day_ahead_price,value,2026-08-27T09:55:05Z
2026-08-27T09:51:17Z,2026-08-27T11:51:17+0200,0130a799-f590-4e00-8cb7-476fbd850f58,2026-07-29T03:30:00Z,2026-07-29T05:30:00+0200,151.3,EUR/MWh,DE,DE_LU,day_ahead_price,value,2026-08-27T09:55:05Z
2026-08-27T09:51:17Z,2026-08-27T11:51:17+0200,0130a799-f590-4e00-8cb7-476fbd850f58,2026-07-29T03:45:00Z,2026-07-29T05:45:00+0200,162.33,EUR/MWh,DE,DE_LU,day_ahead_price,value,2026-08-27T09:55:05Z
2026-08-27T09:51:17Z,2026-08-27T11:51:17+0200,0130a799-f590-4e00-8cb7-476fbd850f58,2026-07-29T04:00:00Z,2026-07-29T06:00:00+0200,160.56,EUR/MWh,DE,DE_LU,day_ahead_price,value,2026-08-27T09:55:05Z
2026-08-27T09:51:17Z,2026-08-27T11:51:17+0200,0130a799-f590-4e00-8cb7-476fbd850f58,2026-07-29T04:15:00Z,2026-07-29T06:15:00+0200,171.28,EUR/MWh,DE,DE_LU,day_ahead_price,value,2026-08-27T09:55:05Z
2026-08-27T09:51:17Z,2026-08-27T11:51:17+0200,0130a799-f590-4e00-8cb7-476fbd850f58,2026-07-29T04:30:00Z,2026-07-29T06:30:00+0200,171.75,EUR/MWh,DE,DE_LU,day_ahead_price,value,2026-08-27T09:55:05Z
2026-08-27T09:51:17Z,2026-08-27T11:51:17+0200,0130a799-f590-4e00-8cb7-476fbd850f58,2026-07-29T04:45:00Z,2026-07-29T06:45:00+0200,170.7,EUR/MWh,DE,DE_LU,day_ahead_price,value,2026-08-27T09:55:05Z
2026-08-27T09:51:17Z,2026-08-27T11:51:17+0200,0130a799-f590-4e00-8cb7-476fbd850f58,2026-07-29T05:00:00Z,2026-07-29T07:00:00+0200,172.87,EUR/MWh,DE,DE_LU,day_ahead_price,value,2026-08-27T09:55:05Z
2026-08-27T09:51:17Z,2026-08-27T11:51:17+0200,0130a799-f590-4e00-8cb7-476fbd850f58,2026-07-29T05:15:00Z,2026-07-29T07:15:00+0200,170.7,EUR/MWh,DE,DE_LU,day_ahead_price,value,2026-08-27T09:55:05Z
2026-08-27T09:51:17Z,2026-08-27T11:51:17+0200,0130a799-f590-4e00-8cb7-476fbd850f58,2026-07-29T05:30:00Z,2026-07-29T07:30:00+0200,158.97,EUR/MWh,DE,DE_LU,day_ahead_price,value,2026-08-27T09:55:05Z
2026-08-27T09:51:17Z,2026-08-27T11:51:17+0200,0130a799-f590-4e00-8cb7-476fbd850f58,2026-07-29T05:45:00Z,2026-07-29T07:45:00+0200,141.84,EUR/MWh,DE,DE_LU,day_ahead_price,value,2026-08-27T09:55:05Z
2026-08-27T09:51:17Z,2026-08-27T11:51:17+0200,0130a799-f590-4e00-8cb7-476fbd850f58,2026-07-29T06:00:00Z,2026-07-29T08:00:00+0200,166.9,EUR/MWh,DE,DE_LU,day_ahead_price,value,2026-08-27T09:55:05Z
2026-08-27T09:51:17Z,2026-08-27T11:51:17+0200,0130a799-f590-4e00-8cb7-476fbd850f58,2026-07-29T06:15:00Z,2026-07-29T08:15:00+0200,151.19,EUR/MWh,DE,DE_LU,day_ahead_price,value,2026-08-27T09:55:05Z
2026-08-27T09:51:17Z,2026-08-27T11:51:17+0200,0130a799-f590-4e00-8cb7-476fbd850f58,2026-07-29T06:30:00Z,2026-07-29T08:30:00+0200,143.42,EUR/MWh,DE,DE_LU,day_ahead_price,value,2026-08-27T09:55:05Z
2026-08-27T09:51:17Z,2026-08-27T11:51:17+0200,0130a799-f590-4e00-8cb7-476fbd850f58,2026-07-29T06:45:00Z,2026-07-29T08:45:00+0200,123.18,EUR/MWh,DE,DE_LU,day_ahead_price,value,2026-08-27T09:55:05Z
2026-08-27T09:51:17Z,2026-08-27T11:51:17+0200,0130a799-f590-4e00-8cb7-476fbd850f58,2026-07-29T07:00:00Z,2026-07-29T09:00:00+0200,153.33,EUR/MWh,DE,DE_LU,day_ahead_price,value,2026-08-27T09:55:05Z
2026-08-27T09:51:17Z,2026-08-27T11:51:17+0200,0130a799-f590-4e00-8cb7-476fbd850f58,2026-07-29T07:15:00Z,2026-07-29T09:15:00+0200,124.78,EUR/MWh,DE,DE_LU,day_ahead_price,value,2026-08-27T09:55:05Z
2026-08-27T09:51:17Z,2026-08-27T11:51:17+0200,0130a799-f590-4e00-8cb7-476fbd850f58,2026-07-29T07:30:00Z,2026-07-29T09:30:00+0200,109.69,EUR/MWh,DE,DE_LU,day_ahead_price,value,2026-08-27T09:55:05Z
2026-08-27T09:51:17Z,2026-08-27T11:51:17+0200,0130a799-f590-4e00-8cb7-476fbd850f58,2026-07-29T07:45:00Z,2026-07-29T09:45:00+0200,100.64,EUR/MWh,DE,DE_LU,day_ahead_price,value,2026-08-27T09:55:05Z
2026-08-27T09:51:17Z,2026-08-27T11:51:17+0200,0130a799-f590-4e00-8cb7-476fbd850f58,2026-07-29T08:00:00Z,2026-07-29T10:00:00+0200,109.94,EUR/MWh,DE,DE_LU,day_ahead_price,value,2026-08-27T09:55:05Z
2026-08-27T09:51:17Z,2026-08-27T11:51:17+0200,0130a799-f590-4e00-8cb7-476fbd850f58,2026-07-29T08:15:00Z,2026-07-29T10:15:00+0200,101.6,EUR/MWh,DE,DE_LU,day_ahead_price,value,2026-08-27T09:55:05Z
2026-08-27T09:51:17Z,2026-08-27T11:51:17+0200,0130a799-f590-4e00-8cb7-476fbd850f58,2026-07-29T08:30:00Z,2026-07-29T10:30:00+0200,79.51,EUR/MWh,DE,DE_LU,day_ahead_price,value,2026-08-27T09:55:05Z
2026-08-27T09:51:17Z,2026-08-27T11:51:17+0200,0130a799-f590-4e00-8cb7-476fbd850f58,2026-07-29T08:45:00Z,2026-07-29T10:45:00+0200,50.1,EUR/MWh,DE,DE_LU,day_ahead_price,value,2026-08-27T09:55:05Z
2026-08-27T09:51:17Z,2026-08-27T11:51:17+0200,0130a799-f590-4e00-8cb7-476fbd850f58,2026-07-29T09:00:00Z,2026-07-29T11:00:00+0200,62.23,EUR/MWh,DE,DE_LU,day_ahead_price,value,2026-08-27T09:55:05Z
2026-08-27T09:51:17Z,2026-08-27T11:51:17+0200,0130a799-f590-4e00-8cb7-476fbd850f58,2026-07-29T09:15:00Z,2026-07-29T11:15:00+0200,32.8,EUR/MWh,DE,DE_LU,day_ahead_price,value,2026-08-27T09:55:05Z
2026-08-27T09:51:17Z,2026-08-27T11:51:17+0200,0130a799-f590-4e00-8cb7-476fbd850f58,2026-07-29T09:30:00Z,2026-07-29T11:30:00+0200,12.68,EUR/MWh,DE,DE_LU,day_ahead_price,value,2026-08-27T09:55:05Z
2026-08-27T09:51:17Z,2026-08-27T11:51:17+0200,0130a799-f590-4e00-8cb7-476fbd850f58,2026-07-29T09:45:00Z,2026-07-29T11:45:00+0200,8.43,EUR/MWh,DE,DE_LU,day_ahead_price,value,2026-08-27T09:55:05Z
2026-08-27T09:51:17Z,2026-08-27T11:51:17+0200,0130a799-f590-4e00-8cb7-476fbd850f58,2026-07-29T10:00:00Z,2026-07-29T12:00:00+0200,5.02,EUR/MWh,DE,DE_LU,day_ahead_price,value,2026-08-27T09:55:05Z
2026-08-27T09:51:17Z,2026-08-27T11:51:17+0200,0130a799-f590-4e00-8cb7-476fbd850f58,2026-07-29T10:15:00Z,2026-07-29T12:15:00+0200,0.0,EUR/MWh,DE,DE_LU,day_ahead_price,value,2026-08-27T09:55:05Z
2026-08-27T09:51:17Z,2026-08-27T11:51:17+0200,0130a799-f590-4e00-8cb7-476fbd850f58,2026-07-29T10:30:00Z,2026-07-29T12:30:00+0200,-0.01,EUR/MWh,DE,DE_LU,day_ahead_price,value,2026-08-27T09:55:05Z
2026-08-27T09:51:17Z,2026-08-27T11:51:17+0200,0130a799-f590-4e00-8cb7-476fbd850f58,2026-07-29T10:45:00Z,2026-07-29T12:45:00+0200,-0.06,EUR/MWh,DE,DE_LU,day_ahead_price,value,2026-08-27T09:55:05Z
2026-08-27T09:51:17Z,2026-08-27T11:51:17+0200,0130a799-f590-4e00-8cb7-476fbd850f58,2026-07-29T11:00:00Z,2026-07-29T13:00:00+0200,-0.01,EUR/MWh,DE,DE_LU,day_ahead_price,value,2026-08-27T09:55:05Z
2026-08-27T09:51:17Z,2026-08-27T11:51:17+0200,0130a799-f590-4e00-8cb7-476fbd850f58,2026-07-29T11:15:00Z,2026-07-29T13:15:00+0200,-0.01,EUR/MWh,DE,DE_LU,day_ahead_price,value,2026-08-27T09:55:05Z
2026-08-27T09:51:17Z,2026-08-27T11:51:17+0200,0130a799-f590-4e00-8cb7-476fbd850f58,2026-07-29T11:30:00Z,2026-07-29T13:30:00+0200,-0.05,EUR/MWh,DE,DE_LU,day_ahead_price,value,2026-08-27T09:55:05Z
2026-08-27T09:51:17Z,2026-08-27T11:51:17+0200,0130a799-f590-4e00-8cb7-476fbd850f58,2026-07-29T11:45:00Z,2026-07-29T13:45:00+0200,-0.1,EUR/MWh,DE,DE_LU,day_ahead_price,value,2026-08-27T09:55:05Z
2026-08-27T09:51:17Z,2026-08-27T11:51:17+0200,0130a799-f590-4e00-8cb7-476fbd850f58,2026-07-29T12:00:00Z,2026-07-29T14:00:00+0200,-0.04,EUR/MWh,DE,DE_LU,day_ahead_price,value,2026-08-27T09:55:05Z
2026-08-27T09:51:17Z,2026-08-27T11:51:17+0200,0130a799-f590-4e00-8cb7-476fbd850f58,2026-07-29T12:15:00Z,2026-07-29T14:15:00+0200,-0.04,EUR/MWh,DE,DE_LU,day_ahead_price,value,2026-08-27T09:55:05Z
2026-08-27T09:51:17Z,2026-08-27T11:51:17+0200,0130a799-f590-4e00-8cb7-476fbd850f58,2026-07-29T12:30:00Z,2026-07-29T14:30:00+0200,-0.01,EUR/MWh,DE,DE_LU,day_ahead_price,value,2026-08-27T09:55:05Z
2026-08-27T09:51:17Z,2026-08-27T11:51:17+0200,0130a799-f590-4e00-8cb7-476fbd850f58,2026-07-29T12:45:00Z,2026-07-29T14:45:00+0200,0.0,EUR/MWh,DE,DE_LU,day_ahead_price,value,2026-08-27T09:55:05Z
2026-08-27T09:51:17Z,2026-08-27T11:51:17+0200,0130a799-f590-4e00-8cb7-476fbd850f58,2026-07-29T13:00:00Z,2026-07-29T15:00:00+0200,0.0,EUR/MWh,DE,DE_LU,day_ahead_price,value,2026-08-27T09:55:05Z
2026-08-27T09:51:17Z,2026-08-27T11:51:17+0200,0130a799-f590-4e00-8cb7-476fbd850f58,2026-07-29T13:15:00Z,2026-07-29T15:15:00+0200,0.74,EUR/MWh,DE,DE_LU,day_ahead_price,value,2026-08-27T09:55:05Z
2026-08-27T09:51:17Z,2026-08-27T11:51:17+0200,0130a799-f590-4e00-8cb7-476fbd850f58,2026-07-29T13:30:00Z,2026-07-29T15:30:00+0200,6.01,EUR/MWh,DE,DE_LU,day_ahead_price,value,2026-08-27T09:55:05Z
2026-08-27T09:51:17Z,2026-08-27T11:51:17+0200,0130a799-f590-4e00-8cb7-476fbd850f58,2026-07-29T13:45:00Z,2026-07-29T15:45:00+0200,22.75,EUR/MWh,DE,DE_LU,day_ahead_price,value,2026-08-27T09:55:05Z
2026-08-27T09:51:17Z,2026-08-27T11:51:17+0200,0130a799-f590-4e00-8cb7-476fbd850f58,2026-07-29T14:00:00Z,2026-07-29T16:00:00+0200,24.99,EUR/MWh,DE,DE_LU,day_ahead_price,value,2026-08-27T09:55:05Z
2026-08-27T09:51:17Z,2026-08-27T11:51:17+0200,0130a799-f590-4e00-8cb7-476fbd850f58,2026-07-29T14:15:00Z,2026-07-29T16:15:00+0200,73.59,EUR/MWh,DE,DE_LU,day_ahead_price,value,2026-08-27T09:55:05Z
2026-08-27T09:51:17Z,2026-08-27T11:51:17+0200,0130a799-f590-4e00-8cb7-476fbd850f58,2026-07-29T14:30:00Z,2026-07-29T16:30:00+0200,97.26,EUR/MWh,DE,DE_LU,day_ahead_price,value,2026-08-27T09:55:05Z
2026-08-27T09:51:17Z,2026-08-27T11:51:17+0200,0130a799-f590-4e00-8cb7-476fbd850f58,2026-07-29T14:45:00Z,2026-07-29T16:45:00+0200,109.56,EUR/MWh,DE,DE_LU,day_ahead_price,value,2026-08-27T09:55:05Z
2026-08-27T09:51:17Z,2026-08-27T11:51:17+0200,0130a799-f590-4e00-8cb7-476fbd850f58,2026-07-29T15:00:00Z,2026-07-29T17:00:00+0200,100.3,EUR/MWh,DE,DE_LU,day_ahead_price,value,2026-08-27T09:55:05Z
2026-08-27T09:51:17Z,2026-08-27T11:51:17+0200,0130a799-f590-4e00-8cb7-476fbd850f58,2026-07-29T15:15:00Z,2026-07-29T17:15:00+0200,115.38,EUR/MWh,DE,DE_LU,day_ahead_price,value,2026-08-27T09:55:05Z
2026-08-27T09:51:17Z,2026-08-27T11:51:17+0200,0130a799-f590-4e00-8cb7-476fbd850f58,2026-07-29T15:30:00Z,2026-07-29T17:30:00+0200,134.72,EUR/MWh,DE,DE_LU,day_ahead_price,value,2026-08-27T09:55:05Z
2026-08-27T09:51:17Z,2026-08-27T11:51:17+0200,0130a799-f590-4e00-8cb7-476fbd850f58,2026-07-29T15:45:00Z,2026-07-29T17:45:00+0200,150.97,EUR/MWh,DE,DE_LU,day_ahead_price,value,2026-08-27T09:55:05Z
2026-08-27T09:51:17Z,2026-08-27T11:51:17+0200,0130a799-f590-4e00-8cb7-476fbd850f58,2026-07-29T16:00:00Z,2026-07-29T18:00:00+0200,127.72,EUR/MWh,DE,DE_LU,day_ahead_price,value,2026-08-27T09:55:05Z
2026-08-27T09:51:17Z,2026-08-27T11:51:17+0200,0130a799-f590-4e00-8cb7-476fbd850f58,2026-07-29T16:15:00Z,2026-07-29T18:15:00+0200,148.84,EUR/MWh,DE,DE_LU,day_ahead_price,value,2026-08-27T09:55:05Z
2026-08-27T09:51:17Z,2026-08-27T11:51:17+0200,0130a799-f590-4e00-8cb7-476fbd850f58,2026-07-29T16:30:00Z,2026-07-29T18:30:00+0200,170.2,EUR/MWh,DE,DE_LU,day_ahead_price,value,2026-08-27T09:55:05Z
2026-08-27T09:51:17Z,2026-08-27T11:51:17+0200,0130a799-f590-4e00-8cb7-476fbd850f58,2026-07-29T16:45:00Z,2026-07-29T18:45:00+0200,202.5,EUR/MWh,DE,DE_LU,day_ahead_price,value,2026-08-27T09:55:05Z
2026-08-27T09:51:17Z,2026-08-27T11:51:17+0200,0130a799-f590-4e00-8cb7-476fbd850f58,2026-07-29T17:00:00Z,2026-07-29T19:00:00+0200,172.69,EUR/MWh,DE,DE_LU,day_ahead_price,value,2026-08-27T09:55:05Z
2026-08-27T09:51:17Z,2026-08-27T11:51:17+0200,0130a799-f590-4e00-8cb7-476fbd850f58,2026-07-29T17:15:00Z,2026-07-29T19:15:00+0200,204.82,EUR/MWh,DE,DE_LU,day_ahead_price,value,2026-08-27T09:55:05Z
2026-08-27T09:51:17Z,2026-08-27T11:51:17+0200,0130a799-f590-4e00-8cb7-476fbd850f58,2026-07-29T17:30:00Z,2026-07-29T19:30:00+0200,247.71,EUR/MWh,DE,DE_LU,day_ahead_price,value,2026-08-27T09:55:05Z
2026-08-27T09:51:17Z,2026-08-27T11:51:17+0200,0130a799-f590-4e00-8cb7-476fbd850f58,2026-07-29T17:45:00Z,2026-07-29T19:45:00+0200,352.36,EUR/MWh,DE,DE_LU,day_ahead_price,value,2026-08-27T09:55:05Z
2026-08-27T09:51:17Z,2026-08-27T11:51:17+0200,0130a799-f590-4e00-8cb7-476fbd850f58,2026-07-29T18:00:00Z,2026-07-29T20:00:00+0200,251.36,EUR/MWh,DE,DE_LU,day_ahead_price,value,2026-08-27T09:55:05Z
2026-08-27T09:51:17Z,2026-08-27T11:51:17+0200,0130a799-f590-4e00-8cb7-476fbd850f58,2026-07-29T18:15:00Z,2026-07-29T20:15:00+0200,265.97,EUR/MWh,DE,DE_LU,day_ahead_price,value,2026-08-27T09:55:05Z
2026-08-27T09:51:17Z,2026-08-27T11:51:17+0200,0130a799-f590-4e00-8cb7-476fbd850f58,2026-07-29T18:30:00Z,2026-07-29T20:30:00+0200,275.9,EUR/MWh,DE,DE_LU,day_ahead_price,value,2026-08-27T09:55:05Z
2026-08-27T09:51:17Z,2026-08-27T11:51:17+0200,0130a799-f590-4e00-8cb7-476fbd850f58,2026-07-29T18:45:00Z,2026-07-29T20:45:00+0200,261.36,EUR/MWh,DE,DE_LU,day_ahead_price,value,2026-08-27T09:55:05Z
2026-08-27T09:51:17Z,2026-08-27T11:51:17+0200,0130a799-f590-4e00-8cb7-476fbd850f58,2026-07-29T19:00:00Z,2026-07-29T21:00:00+0200,254.43,EUR/MWh,DE,DE_LU,day_ahead_price,value,2026-08-27T09:55:05Z
2026-08-27T09:51:17Z,2026-08-27T11:51:17+0200,0130a799-f590-4e00-8cb7-476fbd850f58,2026-07-29T19:15:00Z,2026-07-29T21:15:00+0200,225.09,EUR/MWh,DE,DE_LU,day_ahead_price,value,2026-08-27T09:55:05Z
2026-08-27T09:51:17Z,2026-08-27T11:51:17+0200,0130a799-f590-4e00-8cb7-476fbd850f58,2026-07-29T19:30:00Z,2026-07-29T21:30:00+0200,217.3,EUR/MWh,DE,DE_LU,day_ahead_price,value,2026-08-27T09:55:05Z
2026-08-27T09:51:17Z,2026-08-27T11:51:17+0200,0130a799-f590-4e00-8cb7-476fbd850f58,2026-07-29T19:45:00Z,2026-07-29T21:45:00+0200,202.0,EUR/MWh,DE,DE_LU,day_ahead_price,value,2026-08-27T09:55:05Z
2026-08-27T09:51:17Z,2026-08-27T11:51:17+0200,0130a799-f590-4e00-8cb7-476fbd850f58,2026-07-29T20:00:00Z,2026-07-29T22:00:00+0200,206.99,EUR/MWh,DE,DE_LU,day_ahead_price,value,2026-08-27T09:55:05Z
2026-08-27T09:51:17Z,2026-08-27T11:51:17+0200,0130a799-f590-4e00-8cb7-476fbd850f58,2026-07-29T20:15:00Z,2026-07-29T22:15:00+0200,198.3,EUR/MWh,DE,DE_LU,day_ahead_price,value,2026-08-27T09:55:05Z
2026-08-27T09:51:17Z,2026-08-27T11:51:17+0200,0130a799-f590-4e00-8cb7-476fbd850f58,2026-07-29T20:30:00Z,2026-07-29T22:30:00+0200,190.39,EUR/MWh,DE,DE_LU,day_ahead_price,value,2026-08-27T09:55:05Z
2026-08-27T09:51:17Z,2026-08-27T11:51:17+0200,0130a799-f590-4e00-8cb7-476fbd850f58,2026-07-29T20:45:00Z,2026-07-29T22:45:00+0200,176.02,EUR/MWh,DE,DE_LU,day_ahead_price,value,2026-08-27T09:55:05Z
2026-08-27T09:51:17Z,2026-08-27T11:51:17+0200,0130a799-f590-4e00-8cb7-476fbd850f58,2026-07-29T21:00:00Z,2026-07-29T23:00:00+0200,179.05,EUR/MWh,DE,DE_LU,day_ahead_price,value,2026-08-27T09:55:05Z
2026-08-27T09:51:17Z,2026-08-27T11:51:17+0200,0130a799-f590-4e00-8cb7-476fbd850f58,2026-07-29T21:15:00Z,2026-07-29T23:15:00+0200,173.72,EUR/MWh,DE,DE_LU,day_ahead_price,value,2026-08-27T09:55:05Z
2026-08-27T09:51:17Z,2026-08-27T11:51:17+0200,0130a799-f590-4e00-8cb7-476fbd850f58,2026-07-29T21:30:00Z,2026-07-29T23:30:00+0200,170.38,EUR/MWh,DE,DE_LU,day_ahead_price,value,2026-08-27T09:55:05Z
2026-08-27T09:51:17Z,2026-08-27T11:51:17+0200,0130a799-f590-4e00-8cb7-476fbd850f58,2026-07-29T21:45:00Z,2026-07-29T23:45:00+0200,146.1,EUR/MWh,DE,DE_LU,day_ahead_price,value,2026-08-27T09:55:05Z
2026-08-27T09:51:17Z,2026-08-27T11:51:17+0200,0130a799-f590-4e00-8cb7-476fbd850f58,2026-07-29T22:00:00Z,2026-07-30T00:00:00+0200,162.16,EUR/MWh,DE,DE_LU,day_ahead_price,value,2026-08-27T09:55:05Z
2026-08-27T09:51:17Z,2026-08-27T11:51:17+0200,0130a799-f590-4e00-8cb7-476fbd850f58,2026-07-29T22:15:00Z,2026-07-30T00:15:00+0200,152.0,EUR/MWh,DE,DE_LU,day_ahead_price,value,2026-08-27T09:55:05Z
2026-08-27T09:51:17Z,2026-08-27T11:51:17+0200,0130a799-f590-4e00-8cb7-476fbd850f58,2026-07-29T22:30:00Z,2026-07-30T00:30:00+0200,142.66,EUR/MWh,DE,DE_LU,day_ahead_price,value,2026-08-27T09:55:05Z
2026-08-27T09:51:17Z,2026-08-27T11:51:17+0200,0130a799-f590-4e00-8cb7-476fbd850f58,2026-07-29T22:45:00Z,2026-07-30T00:45:00+0200,142.2,EUR/MWh,DE,DE_LU,day_ahead_price,value,2026-08-27T09:55:05Z
2026-08-27T09:51:17Z,2026-08-27T11:51:17+0200,0130a799-f590-4e00-8cb7-476fbd850f58,2026-07-29T23:00:00Z,2026-07-30T01:00:00+0200,144.05,EUR/MWh,DE,DE_LU,day_ahead_price,value,2026-08-27T09:55:05Z
2026-08-27T09:51:17Z,2026-08-27T11:51:17+0200,0130a799-f590-4e00-8cb7-476fbd850f58,2026-07-29T23:15:00Z,2026-07-30T01:15:00+0200,141.88,EUR/MWh,DE,DE_LU,day_ahead_price,value,2026-08-27T09:55:05Z
2026-08-27T09:51:17Z,2026-08-27T11:51:17+0200,0130a799-f590-4e00-8cb7-476fbd850f58,2026-07-29T23:30:00Z,2026-07-30T01:30:00+0200,145.61,EUR/MWh,DE,DE_LU,day_ahead_price,value,2026-08-27T09:55:05Z
2026-08-27T09:51:17Z,2026-08-27T11:51:17+0200,0130a799-f590-4e00-8cb7-476fbd850f58,2026-07-29T23:45:00Z,2026-07-30T01:45:00+0200,138.0,EUR/MWh,DE,DE_LU,day_ahead_price,value,2026-08-27T09:55:05Z
2026-08-27T09:51:17Z,2026-08-27T11:51:17+0200,0130a799-f590-4e00-8cb7-476fbd850f58,2026-07-30T00:00:00Z,2026-07-30T02:00:00+0200,143.0,EUR/MWh,DE,DE_LU,day_ahead_price,value,2026-08-27T09:55:05Z
2026-08-27T09:51:17Z,2026-08-27T11:51:17+0200,0130a799-f590-4e00-8cb7-476fbd850f58,2026-07-30T00:15:00Z,2026-07-30T02:15:00+0200,142.63,EUR/MWh,DE,DE_LU,day_ahead_price,value,2026-08-27T09:55:05Z
2026-08-27T09:51:17Z,2026-08-27T11:51:17+0200,0130a799-f590-4e00-8cb7-476fbd850f58,2026-07-30T00:30:00Z,2026-07-30T02:30:00+0200,137.99,EUR/MWh,DE,DE_LU,day_ahead_price,value,2026-08-27T09:55:05Z
2026-08-27T09:51:17Z,2026-08-27T11:51:17+0200,0130a799-f590-4e00-8cb7-476fbd850f58,2026-07-30T00:45:00Z,2026-07-30T02:45:00+0200,136.37,EUR/MWh,DE,DE_LU,day_ahead_price,value,2026-08-27T09:55:05Z
2026-08-27T09:51:17Z,2026-08-27T11:51:17+0200,0130a799-f590-4e00-8cb7-476fbd850f58,2026-07-30T01:00:00Z,2026-07-30T03:00:00+0200,135.94,EUR/MWh,DE,DE_LU,day_ahead_price,value,2026-08-27T09:55:05Z
2026-08-27T09:51:17Z,2026-08-27T11:51:17+0200,0130a799-f590-4e00-8cb7-476fbd850f58,2026-07-30T01:15:00Z,2026-07-30T03:15:00+0200,135.0,EUR/MWh,DE,DE_LU,day_ahead_price,value,2026-08-27T09:55:05Z
2026-08-27T09:51:17Z,2026-08-27T11:51:17+0200,0130a799-f590-4e00-8cb7-476fbd850f58,2026-07-30T01:30:00Z,2026-07-30T03:30:00+0200,134.66,EUR/MWh,DE,DE_LU,day_ahead_price,value,2026-08-27T09:55:05Z
2026-08-27T09:51:17Z,2026-08-27T11:51:17+0200,0130a799-f590-4e00-8cb7-476fbd850f58,2026-07-30T01:45:00Z,2026-07-30T03:45:00+0200,136.52,EUR/MWh,DE,DE_LU,day_ahead_price,value,2026-08-27T09:55:05Z
2026-08-27T09:51:17Z,2026-08-27T11:51:17+0200,0130a799-f590-4e00-8cb7-476fbd850f58,2026-07-30T02:00:00Z,2026-07-30T04:00:00+0200,132.03,EUR/MWh,DE,DE_LU,day_ahead_price,value,2026-08-27T09:55:05Z
2026-08-27T09:51:17Z,2026-08-27T11:51:17+0200,0130a799-f590-4e00-8cb7-476fbd850f58,2026-07-30T02:15:00Z,2026-07-30T04:15:00+0200,132.36,EUR/MWh,DE,DE_LU,day_ahead_price,value,2026-08-27T09:55:05Z
2026-08-27T09:51:17Z,2026-08-27T11:51:17+0200,0130a799-f590-4e00-8cb7-476fbd850f58,2026-07-30T02:30:00Z,2026-07-30T04:30:00+0200,132.96,EUR/MWh,DE,DE_LU,day_ahead_price,value,2026-08-27T09:55:05Z
2026-08-27T09:51:17Z,2026-08-27T11:51:17+0200,0130a799-f590-4e00-8cb7-476fbd850f58,2026-07-30T02:45:00Z,2026-07-30T04:45:00+0200,133.54,EUR/MWh,DE,DE_LU,day_ahead_price,value,2026-08-27T09:55:05Z
2026-08-27T09:51:17Z,2026-08-27T11:51:17+0200,0130a799-f590-4e00-8cb7-476fbd850f58,2026-07-30T03:00:00Z,2026-07-30T05:00:00+0200,133.51,EUR/MWh,DE,DE_LU,day_ahead_price,value,2026-08-27T09:55:05Z
2026-08-27T09:51:17Z,2026-08-27T11:51:17+0200,0130a799-f590-4e00-8cb7-476fbd850f58,2026-07-30T03:15:00Z,2026-07-30T05:15:00+0200,133.85,EUR/MWh,DE,DE_LU,day_ahead_price,value,2026-08-27T09:55:05Z
2026-08-27T09:51:17Z,2026-08-27T11:51:17+0200,0130a799-f590-4e00-8cb7-476fbd850f58,2026-07-30T03:30:00Z,2026-07-30T05:30:00+0200,139.53,EUR/MWh,DE,DE_LU,day_ahead_price,value,2026-08-27T09:55:05Z
2026-08-27T09:51:17Z,2026-08-27T11:51:17+0200,0130a799-f590-4e00-8cb7-476fbd850f58,2026-07-30T03:45:00Z,2026-07-30T05:45:00+0200,143.54,EUR/MWh,DE,DE_LU,day_ahead_price,value,2026-08-27T09:55:05Z
2026-08-27T09:51:17Z,2026-08-27T11:51:17+0200,0130a799-f590-4e00-8cb7-476fbd850f58,2026-07-30T04:00:00Z,2026-07-30T06:00:00+0200,143.34,EUR/MWh,DE,DE_LU,day_ahead_price,value,2026-08-27T09:55:05Z
2026-08-27T09:51:17Z,2026-08-27T11:51:17+0200,0130a799-f590-4e00-8cb7-476fbd850f58,2026-07-30T04:15:00Z,2026-07-30T06:15:00+0200,151.75,EUR/MWh,DE,DE_LU,day_ahead_price,value,2026-08-27T09:55:05Z
2026-08-27T09:51:17Z,2026-08-27T11:51:17+0200,0130a799-f590-4e00-8cb7-476fbd850f58,2026-07-30T04:30:00Z,2026-07-30T06:30:00+0200,150.6,EUR/MWh,DE,DE_LU,day_ahead_price,value,2026-08-27T09:55:05Z
2026-08-27T09:51:17Z,2026-08-27T11:51:17+0200,0130a799-f590-4e00-8cb7-476fbd850f58,2026-07-30T04:45:00Z,2026-07-30T06:45:00+0200,148.15,EUR/MWh,DE,DE_LU,day_ahead_price,value,2026-08-27T09:55:05Z
2026-08-27T09:51:17Z,2026-08-27T11:51:17+0200,0130a799-f590-4e00-8cb7-476fbd850f58,2026-07-30T05:00:00Z,2026-07-30T07:00:00+0200,166.47,EUR/MWh,DE,DE_LU,day_ahead_price,value,2026-08-27T09:55:05Z
2026-08-27T09:51:17Z,2026-08-27T11:51:17+0200,0130a799-f590-4e00-8cb7-476fbd850f58,2026-07-30T05:15:00Z,2026-07-30T07:15:00+0200,153.95,EUR/MWh,DE,DE_LU,day_ahead_price,value,2026-08-27T09:55:05Z
2026-08-27T09:51:17Z,2026-08-27T11:51:17+0200,0130a799-f590-4e00-8cb7-476fbd850f58,2026-07-30T05:30:00Z,2026-07-30T07:30:00+0200,142.6,EUR/MWh,DE,DE_LU,day_ahead_price,value,2026-08-27T09:55:05Z
2026-08-27T09:51:17Z,2026-08-27T11:51:17+0200,0130a799-f590-4e00-8cb7-476fbd850f58,2026-07-30T05:45:00Z,2026-07-30T07:45:00+0200,127.96,EUR/MWh,DE,DE_LU,day_ahead_price,value,2026-08-27T09:55:05Z
2026-08-27T09:51:17Z,2026-08-27T11:51:17+0200,0130a799-f590-4e00-8cb7-476fbd850f58,2026-07-30T06:00:00Z,2026-07-30T08:00:00+0200,163.38,EUR/MWh,DE,DE_LU,day_ahead_price,value,2026-08-27T09:55:05Z
2026-08-27T09:51:17Z,2026-08-27T11:51:17+0200,0130a799-f590-4e00-8cb7-476fbd850f58,2026-07-30T06:15:00Z,2026-07-30T08:15:00+0200,146.05,EUR/MWh,DE,DE_LU,day_ahead_price,value,2026-08-27T09:55:05Z
2026-08-27T09:51:17Z,2026-08-27T11:51:17+0200,0130a799-f590-4e00-8cb7-476fbd850f58,2026-07-30T06:30:00Z,2026-07-30T08:30:00+0200,131.04,EUR/MWh,DE,DE_LU,day_ahead_price,value,2026-08-27T09:55:05Z
2026-08-27T09:51:17Z,2026-08-27T11:51:17+0200,0130a799-f590-4e00-8cb7-476fbd850f58,2026-07-30T06:45:00Z,2026-07-30T08:45:00+0200,115.71,EUR/MWh,DE,DE_LU,day_ahead_price,value,2026-08-27T09:55:05Z
2026-08-27T09:51:17Z,2026-08-27T11:51:17+0200,0130a799-f590-4e00-8cb7-476fbd850f58,2026-07-30T07:00:00Z,2026-07-30T09:00:00+0200,139.67,EUR/MWh,DE,DE_LU,day_ahead_price,value,2026-08-27T09:55:05Z
2026-08-27T09:51:17Z,2026-08-27T11:51:17+0200,0130a799-f590-4e00-8cb7-476fbd850f58,2026-07-30T07:15:00Z,2026-07-30T09:15:00+0200,122.81,EUR/MWh,DE,DE_LU,day_ahead_price,value,2026-08-27T09:55:05Z
2026-08-27T09:51:17Z,2026-08-27T11:51:17+0200,0130a799-f590-4e00-8cb7-476fbd850f58,2026-07-30T07:30:00Z,2026-07-30T09:30:00+0200,110.54,EUR/MWh,DE,DE_LU,day_ahead_price,value,2026-08-27T09:55:05Z
2026-08-27T09:51:17Z,2026-08-27T11:51:17+0200,0130a799-f590-4e00-8cb7-476fbd850f58,2026-07-30T07:45:00Z,2026-07-30T09:45:00+0200,99.44,EUR/MWh,DE,DE_LU,day_ahead_price,value,2026-08-27T09:55:05Z
2026-08-27T09:51:17Z,2026-08-27T11:51:17+0200,0130a799-f590-4e00-8cb7-476fbd850f58,2026-07-30T08:00:00Z,2026-07-30T10:00:00+0200,109.01,EUR/MWh,DE,DE_LU,day_ahead_price,value,2026-08-27T09:55:05Z
2026-08-27T09:51:17Z,2026-08-27T11:51:17+0200,0130a799-f590-4e00-8cb7-476fbd850f58,2026-07-30T08:15:00Z,2026-07-30T10:15:00+0200,94.27,EUR/MWh,DE,DE_LU,day_ahead_price,value,2026-08-27T09:55:05Z
2026-08-27T09:51:17Z,2026-08-27T11:51:17+0200,0130a799-f590-4e00-8cb7-476fbd850f58,2026-07-30T08:30:00Z,2026-07-30T10:30:00+0200,80.88,EUR/MWh,DE,DE_LU,day_ahead_price,value,2026-08-27T09:55:05Z
2026-08-27T09:51:17Z,2026-08-27T11:51:17+0200,0130a799-f590-4e00-8cb7-476fbd850f58,2026-07-30T08:45:00Z,2026-07-30T10:45:00+0200,55.84,EUR/MWh,DE,DE_LU,day_ahead_price,value,2026-08-27T09:55:05Z
2026-08-27T09:51:17Z,2026-08-27T11:51:17+0200,0130a799-f590-4e00-8cb7-476fbd850f58,2026-07-30T09:00:00Z,2026-07-30T11:00:00+0200,70.3,EUR/MWh,DE,DE_LU,day_ahead_price,value,2026-08-27T09:55:05Z
2026-08-27T09:51:17Z,2026-08-27T11:51:17+0200,0130a799-f590-4e00-8cb7-476fbd850f58,2026-07-30T09:15:00Z,2026-07-30T11:15:00+0200,35.96,EUR/MWh,DE,DE_LU,day_ahead_price,value,2026-08-27T09:55:05Z
2026-08-27T09:51:17Z,2026-08-27T11:51:17+0200,0130a799-f590-4e00-8cb7-476fbd850f58,2026-07-30T09:30:00Z,2026-07-30T11:30:00+0200,19.81,EUR/MWh,DE,DE_LU,day_ahead_price,value,2026-08-27T09:55:05Z
2026-08-27T09:51:17Z,2026-08-27T11:51:17+0200,0130a799-f590-4e00-8cb7-476fbd850f58,2026-07-30T09:45:00Z,2026-07-30T11:45:00+0200,12.33,EUR/MWh,DE,DE_LU,day_ahead_price,value,2026-08-27T09:55:05Z
2026-08-27T09:51:17Z,2026-08-27T11:51:17+0200,0130a799-f590-4e00-8cb7-476fbd850f58,2026-07-30T10:00:00Z,2026-07-30T12:00:00+0200,8.97,EUR/MWh,DE,DE_LU,day_ahead_price,value,2026-08-27T09:55:05Z
2026-08-27T09:51:17Z,2026-08-27T11:51:17+0200,0130a799-f590-4e00-8cb7-476fbd850f58,2026-07-30T10:15:00Z,2026-07-30T12:15:00+0200,8.0,EUR/MWh,DE,DE_LU,day_ahead_price,value,2026-08-27T09:55:05Z
2026-08-27T09:51:17Z,2026-08-27T11:51:17+0200,0130a799-f590-4e00-8cb7-476fbd850f58,2026-07-30T10:30:00Z,2026-07-30T12:30:00+0200,4.5,EUR/MWh,DE,DE_LU,day_ahead_price,value,2026-08-27T09:55:05Z
2026-08-27T09:51:17Z,2026-08-27T11:51:17+0200,0130a799-f590-4e00-8cb7-476fbd850f58,2026-07-30T10:45:00Z,2026-07-30T12:45:00+0200,3.94,EUR/MWh,DE,DE_LU,day_ahead_price,value,2026-08-27T09:55:05Z
2026-08-27T09:51:17Z,2026-08-27T11:51:17+0200,0130a799-f590-4e00-8cb7-476fbd850f58,2026-07-30T11:00:00Z,2026-07-30T13:00:00+0200,4.56,EUR/MWh,DE,DE_LU,day_ahead_price,value,2026-08-27T09:55:05Z
2026-08-27T09:51:17Z,2026-08-27T11:51:17+0200,0130a799-f590-4e00-8cb7-476fbd850f58,2026-07-30T11:15:00Z,2026-07-30T13:15:00+0200,2.31,EUR/MWh,DE,DE_LU,day_ahead_price,value,2026-08-27T09:55:05Z
2026-08-27T09:51:17Z,2026-08-27T11:51:17+0200,0130a799-f590-4e00-8cb7-476fbd850f58,2026-07-30T11:30:00Z,2026-07-30T13:30:00+0200,1.38,EUR/MWh,DE,DE_LU,day_ahead_price,value,2026-08-27T09:55:05Z
2026-08-27T09:51:17Z,2026-08-27T11:51:17+0200,0130a799-f590-4e00-8cb7-476fbd850f58,2026-07-30T11:45:00Z,2026-07-30T13:45:00+0200,2.43,EUR/MWh,DE,DE_LU,day_ahead_price,value,2026-08-27T09:55:05Z
2026-08-27T09:51:17Z,2026-08-27T11:51:17+0200,0130a799-f590-4e00-8cb7-476fbd850f58,2026-07-30T12:00:00Z,2026-07-30T14:00:00+0200,4.18,EUR/MWh,DE,DE_LU,day_ahead_price,value,2026-08-27T09:55:05Z
2026-08-27T09:51:17Z,2026-08-27T11:51:17+0200,0130a799-f590-4e00-8cb7-476fbd850f58,2026-07-30T12:15:00Z,2026-07-30T14:15:00+0200,6.19,EUR/MWh,DE,DE_LU,day_ahead_price,value,2026-08-27T09:55:05Z
2026-08-27T09:51:17Z,2026-08-27T11:51:17+0200,0130a799-f590-4e00-8cb7-476fbd850f58,2026-07-30T12:30:00Z,2026-07-30T14:30:00+0200,16.36,EUR/MWh,DE,DE_LU,day_ahead_price,value,2026-08-27T09:55:05Z
2026-08-27T09:51:17Z,2026-08-27T11:51:17+0200,0130a799-f590-4e00-8cb7-476fbd850f58,2026-07-30T12:45:00Z,2026-07-30T14:45:00+0200,32.96,EUR/MWh,DE,DE_LU,day_ahead_price,value,2026-08-27T09:55:05Z
2026-08-27T09:51:17Z,2026-08-27T11:51:17+0200,0130a799-f590-4e00-8cb7-476fbd850f58,2026-07-30T13:00:00Z,2026-07-30T15:00:00+0200,40.04,EUR/MWh,DE,DE_LU,day_ahead_price,value,2026-08-27T09:55:05Z
2026-08-27T09:51:17Z,2026-08-27T11:51:17+0200,0130a799-f590-4e00-8cb7-476fbd850f58,2026-07-30T13:15:00Z,2026-07-30T15:15:00+0200,57.45,EUR/MWh,DE,DE_LU,day_ahead_price,value,2026-08-27T09:55:05Z
2026-08-27T09:51:17Z,2026-08-27T11:51:17+0200,0130a799-f590-4e00-8cb7-476fbd850f58,2026-07-30T13:30:00Z,2026-07-30T15:30:00+0200,69.11,EUR/MWh,DE,DE_LU,day_ahead_price,value,2026-08-27T09:55:05Z
2026-08-27T09:51:17Z,2026-08-27T11:51:17+0200,0130a799-f590-4e00-8cb7-476fbd850f58,2026-07-30T13:45:00Z,2026-07-30T15:45:00+0200,83.13,EUR/MWh,DE,DE_LU,day_ahead_price,value,2026-08-27T09:55:05Z
2026-08-27T09:51:17Z,2026-08-27T11:51:17+0200,0130a799-f590-4e00-8cb7-476fbd850f58,2026-07-30T14:00:00Z,2026-07-30T16:00:00+0200,73.54,EUR/MWh,DE,DE_LU,day_ahead_price,value,2026-08-27T09:55:05Z
2026-08-27T09:51:17Z,2026-08-27T11:51:17+0200,0130a799-f590-4e00-8cb7-476fbd850f58,2026-07-30T14:15:00Z,2026-07-30T16:15:00+0200,87.66,EUR/MWh,DE,DE_LU,day_ahead_price,value,2026-08-27T09:55:05Z
2026-08-27T09:51:17Z,2026-08-27T11:51:17+0200,0130a799-f590-4e00-8cb7-476fbd850f58,2026-07-30T14:30:00Z,2026-07-30T16:30:00+0200,106.5,EUR/MWh,DE,DE_LU,day_ahead_price,value,2026-08-27T09:55:05Z
2026-08-27T09:51:17Z,2026-08-27T11:51:17+0200,0130a799-f590-4e00-8cb7-476fbd850f58,2026-07-30T14:45:00Z,2026-07-30T16:45:00+0200,124.91,EUR/MWh,DE,DE_LU,day_ahead_price,value,2026-08-27T09:55:05Z
2026-08-27T09:51:17Z,2026-08-27T11:51:17+0200,0130a799-f590-4e00-8cb7-476fbd850f58,2026-07-30T15:00:00Z,2026-07-30T17:00:00+0200,105.84,EUR/MWh,DE,DE_LU,day_ahead_price,value,2026-08-27T09:55:05Z
2026-08-27T09:51:17Z,2026-08-27T11:51:17+0200,0130a799-f590-4e00-8cb7-476fbd850f58,2026-07-30T15:15:00Z,2026-07-30T17:15:00+0200,115.01,EUR/MWh,DE,DE_LU,day_ahead_price,value,2026-08-27T09:55:05Z
2026-08-27T09:51:17Z,2026-08-27T11:51:17+0200,0130a799-f590-4e00-8cb7-476fbd850f58,2026-07-30T15:30:00Z,2026-07-30T17:30:00+0200,131.76,EUR/MWh,DE,DE_LU,day_ahead_price,value,2026-08-27T09:55:05Z
2026-08-27T09:51:17Z,2026-08-27T11:51:17+0200,0130a799-f590-4e00-8cb7-476fbd850f58,2026-07-30T15:45:00Z,2026-07-30T17:45:00+0200,154.6,EUR/MWh,DE,DE_LU,day_ahead_price,value,2026-08-27T09:55:05Z
2026-08-27T09:51:17Z,2026-08-27T11:51:17+0200,0130a799-f590-4e00-8cb7-476fbd850f58,2026-07-30T16:00:00Z,2026-07-30T18:00:00+0200,130.34,EUR/MWh,DE,DE_LU,day_ahead_price,value,2026-08-27T09:55:05Z
2026-08-27T09:51:17Z,2026-08-27T11:51:17+0200,0130a799-f590-4e00-8cb7-476fbd850f58,2026-07-30T16:15:00Z,2026-07-30T18:15:00+0200,145.71,EUR/MWh,DE,DE_LU,day_ahead_price,value,2026-08-27T09:55:05Z
2026-08-27T09:51:17Z,2026-08-27T11:51:17+0200,0130a799-f590-4e00-8cb7-476fbd850f58,2026-07-30T16:30:00Z,2026-07-30T18:30:00+0200,160.56,EUR/MWh,DE,DE_LU,day_ahead_price,value,2026-08-27T09:55:05Z
2026-08-27T09:51:17Z,2026-08-27T11:51:17+0200,0130a799-f590-4e00-8cb7-476fbd850f58,2026-07-30T16:45:00Z,2026-07-30T18:45:00+0200,160.5,EUR/MWh,DE,DE_LU,day_ahead_price,value,2026-08-27T09:55:05Z
2026-08-27T09:51:17Z,2026-08-27T11:51:17+0200,0130a799-f590-4e00-8cb7-476fbd850f58,2026-07-30T17:00:00Z,2026-07-30T19:00:00+0200,149.9,EUR/MWh,DE,DE_LU,day_ahead_price,value,2026-08-27T09:55:05Z
2026-08-27T09:51:17Z,2026-08-27T11:51:17+0200,0130a799-f590-4e00-8cb7-476fbd850f58,2026-07-30T17:15:00Z,2026-07-30T19:15:00+0200,172.61,EUR/MWh,DE,DE_LU,day_ahead_price,value,2026-08-27T09:55:05Z
2026-08-27T09:51:17Z,2026-08-27T11:51:17+0200,0130a799-f590-4e00-8cb7-476fbd850f58,2026-07-30T17:30:00Z,2026-07-30T19:30:00+0200,181.2,EUR/MWh,DE,DE_LU,day_ahead_price,value,2026-08-27T09:55:05Z
2026-08-27T09:51:17Z,2026-08-27T11:51:17+0200,0130a799-f590-4e00-8cb7-476fbd850f58,2026-07-30T17:45:00Z,2026-07-30T19:45:00+0200,191.37,EUR/MWh,DE,DE_LU,day_ahead_price,value,2026-08-27T09:55:05Z
2026-08-27T09:51:17Z,2026-08-27T11:51:17+0200,0130a799-f590-4e00-8cb7-476fbd850f58,2026-07-30T18:00:00Z,2026-07-30T20:00:00+0200,183.7,EUR/MWh,DE,DE_LU,day_ahead_price,value,2026-08-27T09:55:05Z
2026-08-27T09:51:17Z,2026-08-27T11:51:17+0200,0130a799-f590-4e00-8cb7-476fbd850f58,2026-07-30T18:15:00Z,2026-07-30T20:15:00+0200,188.39,EUR/MWh,DE,DE_LU,day_ahead_price,value,2026-08-27T09:55:05Z
2026-08-27T09:51:17Z,2026-08-27T11:51:17+0200,0130a799-f590-4e00-8cb7-476fbd850f58,2026-07-30T18:30:00Z,2026-07-30T20:30:00+0200,199.44,EUR/MWh,DE,DE_LU,day_ahead_price,value,2026-08-27T09:55:05Z
2026-08-27T09:51:17Z,2026-08-27T11:51:17+0200,0130a799-f590-4e00-8cb7-476fbd850f58,2026-07-30T18:45:00Z,2026-07-30T20:45:00+0200,221.71,EUR/MWh,DE,DE_LU,day_ahead_price,value,2026-08-27T09:55:05Z
2026-08-27T09:51:17Z,2026-08-27T11:51:17+0200,0130a799-f590-4e00-8cb7-476fbd850f58,2026-07-30T19:00:00Z,2026-07-30T21:00:00+0200,218.14,EUR/MWh,DE,DE_LU,day_ahead_price,value,2026-08-27T09:55:05Z
2026-08-27T09:51:17Z,2026-08-27T11:51:17+0200,0130a799-f590-4e00-8cb7-476fbd850f58,2026-07-30T19:15:00Z,2026-07-30T21:15:00+0200,212.28,EUR/MWh,DE,DE_LU,day_ahead_price,value,2026-08-27T09:55:05Z
2026-08-27T09:51:17Z,2026-08-27T11:51:17+0200,0130a799-f590-4e00-8cb7-476fbd850f58,2026-07-30T19:30:00Z,2026-07-30T21:30:00+0200,203.9,EUR/MWh,DE,DE_LU,day_ahead_price,value,2026-08-27T09:55:05Z
2026-08-27T09:51:17Z,2026-08-27T11:51:17+0200,0130a799-f590-4e00-8cb7-476fbd850f58,2026-07-30T19:45:00Z,2026-07-30T21:45:00+0200,193.8,EUR/MWh,DE,DE_LU,day_ahead_price,value,2026-08-27T09:55:05Z
2026-08-27T09:51:17Z,2026-08-27T11:51:17+0200,0130a799-f590-4e00-8cb7-476fbd850f58,2026-07-30T20:00:00Z,2026-07-30T22:00:00+0200,201.3,EUR/MWh,DE,DE_LU,day_ahead_price,value,2026-08-27T09:55:05Z
2026-08-27T09:51:17Z,2026-08-27T11:51:17+0200,0130a799-f590-4e00-8cb7-476fbd850f58,2026-07-30T20:15:00Z,2026-07-30T22:15:00+0200,194.09,EUR/MWh,DE,DE_LU,day_ahead_price,value,2026-08-27T09:55:05Z
2026-08-27T09:51:17Z,2026-08-27T11:51:17+0200,0130a799-f590-4e00-8cb7-476fbd850f58,2026-07-30T20:30:00Z,2026-07-30T22:30:00+0200,187.25,EUR/MWh,DE,DE_LU,day_ahead_price,value,2026-08-27T09:55:05Z
2026-08-27T09:51:17Z,2026-08-27T11:51:17+0200,0130a799-f590-4e00-8cb7-476fbd850f58,2026-07-30T20:45:00Z,2026-07-30T22:45:00+0200,178.55,EUR/MWh,DE,DE_LU,day_ahead_price,value,2026-08-27T09:55:05Z
2026-08-27T09:51:17Z,2026-08-27T11:51:17+0200,0130a799-f590-4e00-8cb7-476fbd850f58,2026-07-30T21:00:00Z,2026-07-30T23:00:00+0200,181.29,EUR/MWh,DE,DE_LU,day_ahead_price,value,2026-08-27T09:55:05Z
2026-08-27T09:51:17Z,2026-08-27T11:51:17+0200,0130a799-f590-4e00-8cb7-476fbd850f58,2026-07-30T21:15:00Z,2026-07-30T23:15:00+0200,172.65,EUR/MWh,DE,DE_LU,day_ahead_price,value,2026-08-27T09:55:05Z
2026-08-27T09:51:17Z,2026-08-27T11:51:17+0200,0130a799-f590-4e00-8cb7-476fbd850f58,2026-07-30T21:30:00Z,2026-07-30T23:30:00+0200,169.78,EUR/MWh,DE,DE_LU,day_ahead_price,value,2026-08-27T09:55:05Z
2026-08-27T09:51:17Z,2026-08-27T11:51:17+0200,0130a799-f590-4e00-8cb7-476fbd850f58,2026-07-30T21:45:00Z,2026-07-30T23:45:00+0200,159.6,EUR/MWh,DE,DE_LU,day_ahead_price,value,2026-08-27T09:55:05Z
2026-08-27T09:51:17Z,2026-08-27T11:51:17+0200,0130a799-f590-4e00-8cb7-476fbd850f58,2026-07-30T22:00:00Z,2026-07-31T00:00:00+0200,177.28,EUR/MWh,DE,DE_LU,day_ahead_price,value,2026-08-27T09:55:05Z
2026-08-27T09:51:17Z,2026-08-27T11:51:17+0200,0130a799-f590-4e00-8cb7-476fbd850f58,2026-07-30T22:15:00Z,2026-07-31T00:15:00+0200,170.09,EUR/MWh,DE,DE_LU,day_ahead_price,value,2026-08-27T09:55:05Z
2026-08-27T09:51:17Z,2026-08-27T11:51:17+0200,0130a799-f590-4e00-8cb7-476fbd850f58,2026-07-30T22:30:00Z,2026-07-31T00:30:00+0200,164.6,EUR/MWh,DE,DE_LU,day_ahead_price,value,2026-08-27T09:55:05Z
2026-08-27T09:51:17Z,2026-08-27T11:51:17+0200,0130a799-f590-4e00-8cb7-476fbd850f58,2026-07-30T22:45:00Z,2026-07-31T00:45:00+0200,160.87,EUR/MWh,DE,DE_LU,day_ahead_price,value,2026-08-27T09:55:05Z
2026-08-27T09:51:17Z,2026-08-27T11:51:17+0200,0130a799-f590-4e00-8cb7-476fbd850f58,2026-07-30T23:00:00Z,2026-07-31T01:00:00+0200,172.99,EUR/MWh,DE,DE_LU,day_ahead_price,value,2026-08-27T09:55:05Z
2026-08-27T09:51:17Z,2026-08-27T11:51:17+0200,0130a799-f590-4e00-8cb7-476fbd850f58,2026-07-30T23:15:00Z,2026-07-31T01:15:00+0200,167.17,EUR/MWh,DE,DE_LU,day_ahead_price,value,2026-08-27T09:55:05Z
2026-08-27T09:51:17Z,2026-08-27T11:51:17+0200,0130a799-f590-4e00-8cb7-476fbd850f58,2026-07-30T23:30:00Z,2026-07-31T01:30:00+0200,157.61,EUR/MWh,DE,DE_LU,day_ahead_price,value,2026-08-27T09:55:05Z
2026-08-27T09:51:17Z,2026-08-27T11:51:17+0200,0130a799-f590-4e00-8cb7-476fbd850f58,2026-07-30T23:45:00Z,2026-07-31T01:45:00+0200,154.04,EUR/MWh,DE,DE_LU,day_ahead_price,value,2026-08-27T09:55:05Z
2026-08-27T09:51:17Z,2026-08-27T11:51:17+0200,0130a799-f590-4e00-8cb7-476fbd850f58,2026-07-31T00:00:00Z,2026-07-31T02:00:00+0200,157.15,EUR/MWh,DE,DE_LU,day_ahead_price,value,2026-08-27T09:55:05Z
2026-08-27T09:51:17Z,2026-08-27T11:51:17+0200,0130a799-f590-4e00-8cb7-476fbd850f58,2026-07-31T00:15:00Z,2026-07-31T02:15:00+0200,154.5,EUR/MWh,DE,DE_LU,day_ahead_price,value,2026-08-27T09:55:05Z
2026-08-27T09:51:17Z,2026-08-27T11:51:17+0200,0130a799-f590-4e00-8cb7-476fbd850f58,2026-07-31T00:30:00Z,2026-07-31T02:30:00+0200,154.05,EUR/MWh,DE,DE_LU,day_ahead_price,value,2026-08-27T09:55:05Z
2026-08-27T09:51:17Z,2026-08-27T11:51:17+0200,0130a799-f590-4e00-8cb7-476fbd850f58,2026-07-31T00:45:00Z,2026-07-31T02:45:00+0200,154.94,EUR/MWh,DE,DE_LU,day_ahead_price,value,2026-08-27T09:55:05Z
2026-08-27T09:51:17Z,2026-08-27T11:51:17+0200,0130a799-f590-4e00-8cb7-476fbd850f58,2026-07-31T01:00:00Z,2026-07-31T03:00:00+0200,153.96,EUR/MWh,DE,DE_LU,day_ahead_price,value,2026-08-27T09:55:05Z
2026-08-27T09:51:17Z,2026-08-27T11:51:17+0200,0130a799-f590-4e00-8cb7-476fbd850f58,2026-07-31T01:15:00Z,2026-07-31T03:15:00+0200,154.65,EUR/MWh,DE,DE_LU,day_ahead_price,value,2026-08-27T09:55:05Z
2026-08-27T09:51:17Z,2026-08-27T11:51:17+0200,0130a799-f590-4e00-8cb7-476fbd850f58,2026-07-31T01:30:00Z,2026-07-31T03:30:00+0200,154.01,EUR/MWh,DE,DE_LU,day_ahead_price,value,2026-08-27T09:55:05Z
2026-08-27T09:51:17Z,2026-08-27T11:51:17+0200,0130a799-f590-4e00-8cb7-476fbd850f58,2026-07-31T01:45:00Z,2026-07-31T03:45:00+0200,154.07,EUR/MWh,DE,DE_LU,day_ahead_price,value,2026-08-27T09:55:05Z
2026-08-27T09:51:17Z,2026-08-27T11:51:17+0200,0130a799-f590-4e00-8cb7-476fbd850f58,2026-07-31T02:00:00Z,2026-07-31T04:00:00+0200,154.91,EUR/MWh,DE,DE_LU,day_ahead_price,value,2026-08-27T09:55:05Z
2026-08-27T09:51:17Z,2026-08-27T11:51:17+0200,0130a799-f590-4e00-8cb7-476fbd850f58,2026-07-31T02:15:00Z,2026-07-31T04:15:00+0200,152.67,EUR/MWh,DE,DE_LU,day_ahead_price,value,2026-08-27T09:55:05Z
2026-08-27T09:51:17Z,2026-08-27T11:51:17+0200,0130a799-f590-4e00-8cb7-476fbd850f58,2026-07-31T02:30:00Z,2026-07-31T04:30:00+0200,156.78,EUR/MWh,DE,DE_LU,day_ahead_price,value,2026-08-27T09:55:05Z
2026-08-27T09:51:17Z,2026-08-27T11:51:17+0200,0130a799-f590-4e00-8cb7-476fbd850f58,2026-07-31T02:45:00Z,2026-07-31T04:45:00+0200,165.0,EUR/MWh,DE,DE_LU,day_ahead_price,value,2026-08-27T09:55:05Z
2026-08-27T09:51:17Z,2026-08-27T11:51:17+0200,0130a799-f590-4e00-8cb7-476fbd850f58,2026-07-31T03:00:00Z,2026-07-31T05:00:00+0200,154.3,EUR/MWh,DE,DE_LU,day_ahead_price,value,2026-08-27T09:55:05Z
2026-08-27T09:51:17Z,2026-08-27T11:51:17+0200,0130a799-f590-4e00-8cb7-476fbd850f58,2026-07-31T03:15:00Z,2026-07-31T05:15:00+0200,159.22,EUR/MWh,DE,DE_LU,day_ahead_price,value,2026-08-27T09:55:05Z
2026-08-27T09:51:17Z,2026-08-27T11:51:17+0200,0130a799-f590-4e00-8cb7-476fbd850f58,2026-07-31T03:30:00Z,2026-07-31T05:30:00+0200,173.89,EUR/MWh,DE,DE_LU,day_ahead_price,value,2026-08-27T09:55:05Z
2026-08-27T09:51:17Z,2026-08-27T11:51:17+0200,0130a799-f590-4e00-8cb7-476fbd850f58,2026-07-31T03:45:00Z,2026-07-31T05:45:00+0200,174.64,EUR/MWh,DE,DE_LU,day_ahead_price,value,2026-08-27T09:55:05Z
2026-08-27T09:51:17Z,2026-08-27T11:51:17+0200,0130a799-f590-4e00-8cb7-476fbd850f58,2026-07-31T04:00:00Z,2026-07-31T06:00:00+0200,172.04,EUR/MWh,DE,DE_LU,day_ahead_price,value,2026-08-27T09:55:05Z
2026-08-27T09:51:17Z,2026-08-27T11:51:17+0200,0130a799-f590-4e00-8cb7-476fbd850f58,2026-07-31T04:15:00Z,2026-07-31T06:15:00+0200,182.29,EUR/MWh,DE,DE_LU,day_ahead_price,value,2026-08-27T09:55:05Z
2026-08-27T09:51:17Z,2026-08-27T11:51:17+0200,0130a799-f590-4e00-8cb7-476fbd850f58,2026-07-31T04:30:00Z,2026-07-31T06:30:00+0200,183.6,EUR/MWh,DE,DE_LU,day_ahead_price,value,2026-08-27T09:55:05Z
2026-08-27T09:51:17Z,2026-08-27T11:51:17+0200,0130a799-f590-4e00-8cb7-476fbd850f58,2026-07-31T04:45:00Z,2026-07-31T06:45:00+0200,178.42,EUR/MWh,DE,DE_LU,day_ahead_price,value,2026-08-27T09:55:05Z
2026-08-27T09:51:17Z,2026-08-27T11:51:17+0200,0130a799-f590-4e00-8cb7-476fbd850f58,2026-07-31T05:00:00Z,2026-07-31T07:00:00+0200,187.3,EUR/MWh,DE,DE_LU,day_ahead_price,value,2026-08-27T09:55:05Z
2026-08-27T09:51:17Z,2026-08-27T11:51:17+0200,0130a799-f590-4e00-8cb7-476fbd850f58,2026-07-31T05:15:00Z,2026-07-31T07:15:00+0200,180.0,EUR/MWh,DE,DE_LU,day_ahead_price,value,2026-08-27T09:55:05Z
2026-08-27T09:51:17Z,2026-08-27T11:51:17+0200,0130a799-f590-4e00-8cb7-476fbd850f58,2026-07-31T05:30:00Z,2026-07-31T07:30:00+0200,172.61,EUR/MWh,DE,DE_LU,day_ahead_price,value,2026-08-27T09:55:05Z
2026-08-27T09:51:17Z,2026-08-27T11:51:17+0200,0130a799-f590-4e00-8cb7-476fbd850f58,2026-07-31T05:45:00Z,2026-07-31T07:45:00+0200,150.2,EUR/MWh,DE,DE_LU,day_ahead_price,value,2026-08-27T09:55:05Z
2026-08-27T09:51:17Z,2026-08-27T11:51:17+0200,0130a799-f590-4e00-8cb7-476fbd850f58,2026-07-31T06:00:00Z,2026-07-31T08:00:00+0200,182.6,EUR/MWh,DE,DE_LU,day_ahead_price,value,2026-08-27T09:55:05Z
2026-08-27T09:51:17Z,2026-08-27T11:51:17+0200,0130a799-f590-4e00-8cb7-476fbd850f58,2026-07-31T06:15:00Z,2026-07-31T08:15:00+0200,170.72,EUR/MWh,DE,DE_LU,day_ahead_price,value,2026-08-27T09:55:05Z
2026-08-27T09:51:17Z,2026-08-27T11:51:17+0200,0130a799-f590-4e00-8cb7-476fbd850f58,2026-07-31T06:30:00Z,2026-07-31T08:30:00+0200,153.29,EUR/MWh,DE,DE_LU,day_ahead_price,value,2026-08-27T09:55:05Z
2026-08-27T09:51:17Z,2026-08-27T11:51:17+0200,0130a799-f590-4e00-8cb7-476fbd850f58,2026-07-31T06:45:00Z,2026-07-31T08:45:00+0200,129.7,EUR/MWh,DE,DE_LU,day_ahead_price,value,2026-08-27T09:55:05Z
2026-08-27T09:51:17Z,2026-08-27T11:51:17+0200,0130a799-f590-4e00-8cb7-476fbd850f58,2026-07-31T07:00:00Z,2026-07-31T09:00:00+0200,159.97,EUR/MWh,DE,DE_LU,day_ahead_price,value,2026-08-27T09:55:05Z
2026-08-27T09:51:17Z,2026-08-27T11:51:17+0200,0130a799-f590-4e00-8cb7-476fbd850f58,2026-07-31T07:15:00Z,2026-07-31T09:15:00+0200,144.3,EUR/MWh,DE,DE_LU,day_ahead_price,value,2026-08-27T09:55:05Z
2026-08-27T09:51:17Z,2026-08-27T11:51:17+0200,0130a799-f590-4e00-8cb7-476fbd850f58,2026-07-31T07:30:00Z,2026-07-31T09:30:00+0200,129.15,EUR/MWh,DE,DE_LU,day_ahead_price,value,2026-08-27T09:55:05Z
2026-08-27T09:51:17Z,2026-08-27T11:51:17+0200,0130a799-f590-4e00-8cb7-476fbd850f58,2026-07-31T07:45:00Z,2026-07-31T09:45:00+0200,124.13,EUR/MWh,DE,DE_LU,day_ahead_price,value,2026-08-27T09:55:05Z
2026-08-27T09:51:17Z,2026-08-27T11:51:17+0200,0130a799-f590-4e00-8cb7-476fbd850f58,2026-07-31T08:00:00Z,2026-07-31T10:00:00+0200,135.42,EUR/MWh,DE,DE_LU,day_ahead_price,value,2026-08-27T09:55:05Z
2026-08-27T09:51:17Z,2026-08-27T11:51:17+0200,0130a799-f590-4e00-8cb7-476fbd850f58,2026-07-31T08:15:00Z,2026-07-31T10:15:00+0200,128.59,EUR/MWh,DE,DE_LU,day_ahead_price,value,2026-08-27T09:55:05Z
2026-08-27T09:51:17Z,2026-08-27T11:51:17+0200,0130a799-f590-4e00-8cb7-476fbd850f58,2026-07-31T08:30:00Z,2026-07-31T10:30:00+0200,112.6,EUR/MWh,DE,DE_LU,day_ahead_price,value,2026-08-27T09:55:05Z
2026-08-27T09:51:17Z,2026-08-27T11:51:17+0200,0130a799-f590-4e00-8cb7-476fbd850f58,2026-07-31T08:45:00Z,2026-07-31T10:45:00+0200,101.81,EUR/MWh,DE,DE_LU,day_ahead_price,value,2026-08-27T09:55:05Z
2026-08-27T09:51:17Z,2026-08-27T11:51:17+0200,0130a799-f590-4e00-8cb7-476fbd850f58,2026-07-31T09:00:00Z,2026-07-31T11:00:00+0200,113.8,EUR/MWh,DE,DE_LU,day_ahead_price,value,2026-08-27T09:55:05Z
2026-08-27T09:51:17Z,2026-08-27T11:51:17+0200,0130a799-f590-4e00-8cb7-476fbd850f58,2026-07-31T09:15:00Z,2026-07-31T11:15:00+0200,99.94,EUR/MWh,DE,DE_LU,day_ahead_price,value,2026-08-27T09:55:05Z
2026-08-27T09:51:17Z,2026-08-27T11:51:17+0200,0130a799-f590-4e00-8cb7-476fbd850f58,2026-07-31T09:30:00Z,2026-07-31T11:30:00+0200,98.75,EUR/MWh,DE,DE_LU,day_ahead_price,value,2026-08-27T09:55:05Z
2026-08-27T09:51:17Z,2026-08-27T11:51:17+0200,0130a799-f590-4e00-8cb7-476fbd850f58,2026-07-31T09:45:00Z,2026-07-31T11:45:00+0200,92.19,EUR/MWh,DE,DE_LU,day_ahead_price,value,2026-08-27T09:55:05Z
2026-08-27T09:51:17Z,2026-08-27T11:51:17+0200,0130a799-f590-4e00-8cb7-476fbd850f58,2026-07-31T10:00:00Z,2026-07-31T12:00:00+0200,97.71,EUR/MWh,DE,DE_LU,day_ahead_price,value,2026-08-27T09:55:05Z
2026-08-27T09:51:17Z,2026-08-27T11:51:17+0200,0130a799-f590-4e00-8cb7-476fbd850f58,2026-07-31T10:15:00Z,2026-07-31T12:15:00+0200,95.74,EUR/MWh,DE,DE_LU,day_ahead_price,value,2026-08-27T09:55:05Z
2026-08-27T09:51:17Z,2026-08-27T11:51:17+0200,0130a799-f590-4e00-8cb7-476fbd850f58,2026-07-31T10:30:00Z,2026-07-31T12:30:00+0200,96.03,EUR/MWh,DE,DE_LU,day_ahead_price,value,2026-08-27T09:55:05Z
2026-08-27T09:51:17Z,2026-08-27T11:51:17+0200,0130a799-f590-4e00-8cb7-476fbd850f58,2026-07-31T10:45:00Z,2026-07-31T12:45:00+0200,86.99,EUR/MWh,DE,DE_LU,day_ahead_price,value,2026-08-27T09:55:05Z
2026-08-27T09:51:17Z,2026-08-27T11:51:17+0200,0130a799-f590-4e00-8cb7-476fbd850f58,2026-07-31T11:00:00Z,2026-07-31T13:00:00+0200,85.01,EUR/MWh,DE,DE_LU,day_ahead_price,value,2026-08-27T09:55:05Z
2026-08-27T09:51:17Z,2026-08-27T11:51:17+0200,0130a799-f590-4e00-8cb7-476fbd850f58,2026-07-31T11:15:00Z,2026-07-31T13:15:00+0200,84.46,EUR/MWh,DE,DE_LU,day_ahead_price,value,2026-08-27T09:55:05Z
2026-08-27T09:51:17Z,2026-08-27T11:51:17+0200,0130a799-f590-4e00-8cb7-476fbd850f58,2026-07-31T11:30:00Z,2026-07-31T13:30:00+0200,82.25,EUR/MWh,DE,DE_LU,day_ahead_price,value,2026-08-27T09:55:05Z
2026-08-27T09:51:17Z,2026-08-27T11:51:17+0200,0130a799-f590-4e00-8cb7-476fbd850f58,2026-07-31T11:45:00Z,2026-07-31T13:45:00+0200,81.35,EUR/MWh,DE,DE_LU,day_ahead_price,value,2026-08-27T09:55:05Z
2026-08-27T09:51:17Z,2026-08-27T11:51:17+0200,0130a799-f590-4e00-8cb7-476fbd850f58,2026-07-31T12:00:00Z,2026-07-31T14:00:00+0200,80.4,EUR/MWh,DE,DE_LU,day_ahead_price,value,2026-08-27T09:55:05Z
2026-08-27T09:51:17Z,2026-08-27T11:51:17+0200,0130a799-f590-4e00-8cb7-476fbd850f58,2026-07-31T12:15:00Z,2026-07-31T14:15:00+0200,81.99,EUR/MWh,DE,DE_LU,day_ahead_price,value,2026-08-27T09:55:05Z
2026-08-27T09:51:17Z,2026-08-27T11:51:17+0200,0130a799-f590-4e00-8cb7-476fbd850f58,2026-07-31T12:30:00Z,2026-07-31T14:30:00+0200,87.81,EUR/MWh,DE,DE_LU,day_ahead_price,value,2026-08-27T09:55:05Z
2026-08-27T09:51:17Z,2026-08-27T11:51:17+0200,0130a799-f590-4e00-8cb7-476fbd850f58,2026-07-31T12:45:00Z,2026-07-31T14:45:00+0200,94.94,EUR/MWh,DE,DE_LU,day_ahead_price,value,2026-08-27T09:55:05Z
2026-08-27T09:51:17Z,2026-08-27T11:51:17+0200,0130a799-f590-4e00-8cb7-476fbd850f58,2026-07-31T13:00:00Z,2026-07-31T15:00:00+0200,90.11,EUR/MWh,DE,DE_LU,day_ahead_price,value,2026-08-27T09:55:05Z
2026-08-27T09:51:17Z,2026-08-27T11:51:17+0200,0130a799-f590-4e00-8cb7-476fbd850f58,2026-07-31T13:15:00Z,2026-07-31T15:15:00+0200,98.77,EUR/MWh,DE,DE_LU,day_ahead_price,value,2026-08-27T09:55:05Z
2026-08-27T09:51:17Z,2026-08-27T11:51:17+0200,0130a799-f590-4e00-8cb7-476fbd850f58,2026-07-31T13:30:00Z,2026-07-31T15:30:00+0200,104.72,EUR/MWh,DE,DE_LU,day_ahead_price,value,2026-08-27T09:55:05Z
2026-08-27T09:51:17Z,2026-08-27T11:51:17+0200,0130a799-f590-4e00-8cb7-476fbd850f58,2026-07-31T13:45:00Z,2026-07-31T15:45:00+0200,118.94,EUR/MWh,DE,DE_LU,day_ahead_price,value,2026-08-27T09:55:05Z
2026-08-27T09:51:17Z,2026-08-27T11:51:17+0200,0130a799-f590-4e00-8cb7-476fbd850f58,2026-07-31T14:00:00Z,2026-07-31T16:00:00+0200,110.0,EUR/MWh,DE,DE_LU,day_ahead_price,value,2026-08-27T09:55:05Z
2026-08-27T09:51:17Z,2026-08-27T11:51:17+0200,0130a799-f590-4e00-8cb7-476fbd850f58,2026-07-31T14:15:00Z,2026-07-31T16:15:00+0200,113.67,EUR/MWh,DE,DE_LU,day_ahead_price,value,2026-08-27T09:55:05Z
2026-08-27T09:51:17Z,2026-08-27T11:51:17+0200,0130a799-f590-4e00-8cb7-476fbd850f58,2026-07-31T14:30:00Z,2026-07-31T16:30:00+0200,123.8,EUR/MWh,DE,DE_LU,day_ahead_price,value,2026-08-27T09:55:05Z
2026-08-27T09:51:17Z,2026-08-27T11:51:17+0200,0130a799-f590-4e00-8cb7-476fbd850f58,2026-07-31T14:45:00Z,2026-07-31T16:45:00+0200,135.99,EUR/MWh,DE,DE_LU,day_ahead_price,value,2026-08-27T09:55:05Z
2026-08-27T09:51:17Z,2026-08-27T11:51:17+0200,0130a799-f590-4e00-8cb7-476fbd850f58,2026-07-31T15:00:00Z,2026-07-31T17:00:00+0200,123.97,EUR/MWh,DE,DE_LU,day_ahead_price,value,2026-08-27T09:55:05Z
2026-08-27T09:51:17Z,2026-08-27T11:51:17+0200,0130a799-f590-4e00-8cb7-476fbd850f58,2026-07-31T15:15:00Z,2026-07-31T17:15:00+0200,135.07,EUR/MWh,DE,DE_LU,day_ahead_price,value,2026-08-27T09:55:05Z
2026-08-27T09:51:17Z,2026-08-27T11:51:17+0200,0130a799-f590-4e00-8cb7-476fbd850f58,2026-07-31T15:30:00Z,2026-07-31T17:30:00+0200,164.01,EUR/MWh,DE,DE_LU,day_ahead_price,value,2026-08-27T09:55:05Z
2026-08-27T09:51:17Z,2026-08-27T11:51:17+0200,0130a799-f590-4e00-8cb7-476fbd850f58,2026-07-31T15:45:00Z,2026-07-31T17:45:00+0200,166.92,EUR/MWh,DE,DE_LU,day_ahead_price,value,2026-08-27T09:55:05Z
2026-08-27T09:51:17Z,2026-08-27T11:51:17+0200,0130a799-f590-4e00-8cb7-476fbd850f58,2026-07-31T16:00:00Z,2026-07-31T18:00:00+0200,140.45,EUR/MWh,DE,DE_LU,day_ahead_price,value,2026-08-27T09:55:05Z
2026-08-27T09:51:17Z,2026-08-27T11:51:17+0200,0130a799-f590-4e00-8cb7-476fbd850f58,2026-07-31T16:15:00Z,2026-07-31T18:15:00+0200,160.29,EUR/MWh,DE,DE_LU,day_ahead_price,value,2026-08-27T09:55:05Z
2026-08-27T09:51:17Z,2026-08-27T11:51:17+0200,0130a799-f590-4e00-8cb7-476fbd850f58,2026-07-31T16:30:00Z,2026-07-31T18:30:00+0200,168.14,EUR/MWh,DE,DE_LU,day_ahead_price,value,2026-08-27T09:55:05Z
2026-08-27T09:51:17Z,2026-08-27T11:51:17+0200,0130a799-f590-4e00-8cb7-476fbd850f58,2026-07-31T16:45:00Z,2026-07-31T18:45:00+0200,180.35,EUR/MWh,DE,DE_LU,day_ahead_price,value,2026-08-27T09:55:05Z
2026-08-27T09:51:17Z,2026-08-27T11:51:17+0200,0130a799-f590-4e00-8cb7-476fbd850f58,2026-07-31T17:00:00Z,2026-07-31T19:00:00+0200,165.01,EUR/MWh,DE,DE_LU,day_ahead_price,value,2026-08-27T09:55:05Z
2026-08-27T09:51:17Z,2026-08-27T11:51:17+0200,0130a799-f590-4e00-8cb7-476fbd850f58,2026-07-31T17:15:00Z,2026-07-31T19:15:00+0200,177.8,EUR/MWh,DE,DE_LU,day_ahead_price,value,2026-08-27T09:55:05Z
2026-08-27T09:51:17Z,2026-08-27T11:51:17+0200,0130a799-f590-4e00-8cb7-476fbd850f58,2026-07-31T17:30:00Z,2026-07-31T19:30:00+0200,192.93,EUR/MWh,DE,DE_LU,day_ahead_price,value,2026-08-27T09:55:05Z
2026-08-27T09:51:17Z,2026-08-27T11:51:17+0200,0130a799-f590-4e00-8cb7-476fbd850f58,2026-07-31T17:45:00Z,2026-07-31T19:45:00+0200,203.8,EUR/MWh,DE,DE_LU,day_ahead_price,value,2026-08-27T09:55:05Z
2026-08-27T09:51:17Z,2026-08-27T11:51:17+0200,0130a799-f590-4e00-8cb7-476fbd850f58,2026-07-31T18:00:00Z,2026-07-31T20:00:00+0200,184.96,EUR/MWh,DE,DE_LU,day_ahead_price,value,2026-08-27T09:55:05Z
2026-08-27T09:51:17Z,2026-08-27T11:51:17+0200,0130a799-f590-4e00-8cb7-476fbd850f58,2026-07-31T18:15:00Z,2026-07-31T20:15:00+0200,190.66,EUR/MWh,DE,DE_LU,day_ahead_price,value,2026-08-27T09:55:05Z
2026-08-27T09:51:17Z,2026-08-27T11:51:17+0200,0130a799-f590-4e00-8cb7-476fbd850f58,2026-07-31T18:30:00Z,2026-07-31T20:30:00+0200,196.27,EUR/MWh,DE,DE_LU,day_ahead_price,value,2026-08-27T09:55:05Z
2026-08-27T09:51:17Z,2026-08-27T11:51:17+0200,0130a799-f590-4e00-8cb7-476fbd850f58,2026-07-31T18:45:00Z,2026-07-31T20:45:00+0200,199.07,EUR/MWh,DE,DE_LU,day_ahead_price,value,2026-08-27T09:55:05Z
2026-08-27T09:51:17Z,2026-08-27T11:51:17+0200,0130a799-f590-4e00-8cb7-476fbd850f58,2026-07-31T19:00:00Z,2026-07-31T21:00:00+0200,192.09,EUR/MWh,DE,DE_LU,day_ahead_price,value,2026-08-27T09:55:05Z
2026-08-27T09:51:17Z,2026-08-27T11:51:17+0200,0130a799-f590-4e00-8cb7-476fbd850f58,2026-07-31T19:15:00Z,2026-07-31T21:15:00+0200,193.75,EUR/MWh,DE,DE_LU,day_ahead_price,value,2026-08-27T09:55:05Z
2026-08-27T09:51:17Z,2026-08-27T11:51:17+0200,0130a799-f590-4e00-8cb7-476fbd850f58,2026-07-31T19:30:00Z,2026-07-31T21:30:00+0200,197.33,EUR/MWh,DE,DE_LU,day_ahead_price,value,2026-08-27T09:55:05Z
2026-08-27T09:51:17Z,2026-08-27T11:51:17+0200,0130a799-f590-4e00-8cb7-476fbd850f58,2026-07-31T19:45:00Z,2026-07-31T21:45:00+0200,199.39,EUR/MWh,DE,DE_LU,day_ahead_price,value,2026-08-27T09:55:05Z
2026-08-27T09:51:17Z,2026-08-27T11:51:17+0200,0130a799-f590-4e00-8cb7-476fbd850f58,2026-07-31T20:00:00Z,2026-07-31T22:00:00+0200,204.05,EUR/MWh,DE,DE_LU,day_ahead_price,value,2026-08-27T09:55:05Z
2026-08-27T09:51:17Z,2026-08-27T11:51:17+0200,0130a799-f590-4e00-8cb7-476fbd850f58,2026-07-31T20:15:00Z,2026-07-31T22:15:00+0200,201.34,EUR/MWh,DE,DE_LU,day_ahead_price,value,2026-08-27T09:55:05Z
2026-08-27T09:51:17Z,2026-08-27T11:51:17+0200,0130a799-f590-4e00-8cb7-476fbd850f58,2026-07-31T20:30:00Z,2026-07-31T22:30:00+0200,184.12,EUR/MWh,DE,DE_LU,day_ahead_price,value,2026-08-27T09:55:05Z
2026-08-27T09:51:17Z,2026-08-27T11:51:17+0200,0130a799-f590-4e00-8cb7-476fbd850f58,2026-07-31T20:45:00Z,2026-07-31T22:45:00+0200,175.01,EUR/MWh,DE,DE_LU,day_ahead_price,value,2026-08-27T09:55:05Z
2026-08-27T09:51:17Z,2026-08-27T11:51:17+0200,0130a799-f590-4e00-8cb7-476fbd850f58,2026-07-31T21:00:00Z,2026-07-31T23:00:00+0200,178.22,EUR/MWh,DE,DE_LU,day_ahead_price,value,2026-08-27T09:55:05Z
2026-08-27T09:51:17Z,2026-08-27T11:51:17+0200,0130a799-f590-4e00-8cb7-476fbd850f58,2026-07-31T21:15:00Z,2026-07-31T23:15:00+0200,169.88,EUR/MWh,DE,DE_LU,day_ahead_price,value,2026-08-27T09:55:05Z
2026-08-27T09:51:17Z,2026-08-27T11:51:17+0200,0130a799-f590-4e00-8cb7-476fbd850f58,2026-07-31T21:30:00Z,2026-07-31T23:30:00+0200,167.36,EUR/MWh,DE,DE_LU,day_ahead_price,value,2026-08-27T09:55:05Z
2026-08-27T09:51:17Z,2026-08-27T11:51:17+0200,0130a799-f590-4e00-8cb7-476fbd850f58,2026-07-31T21:45:00Z,2026-07-31T23:45:00+0200,165.13,EUR/MWh,DE,DE_LU,day_ahead_price,value,2026-08-27T09:55:05Z
2026-08-27T09:51:17Z,2026-08-27T11:51:17+0200,0130a799-f590-4e00-8cb7-476fbd850f58,2026-07-31T22:00:00Z,2026-08-01T00:00:00+0200,183.75,EUR/MWh,DE,DE_LU,day_ahead_price,value,2026-08-27T09:55:05Z
2026-08-27T09:51:17Z,2026-08-27T11:51:17+0200,0130a799-f590-4e00-8cb7-476fbd850f58,2026-07-31T22:15:00Z,2026-08-01T00:15:00+0200,173.56,EUR/MWh,DE,DE_LU,day_ahead_price,value,2026-08-27T09:55:05Z
2026-08-27T09:51:17Z,2026-08-27T11:51:17+0200,0130a799-f590-4e00-8cb7-476fbd850f58,2026-07-31T22:30:00Z,2026-08-01T00:30:00+0200,164.44,EUR/MWh,DE,DE_LU,day_ahead_price,value,2026-08-27T09:55:05Z
2026-08-27T09:51:17Z,2026-08-27T11:51:17+0200,0130a799-f590-4e00-8cb7-476fbd850f58,2026-07-31T22:45:00Z,2026-08-01T00:45:00+0200,156.0,EUR/MWh,DE,DE_LU,day_ahead_price,value,2026-08-27T09:55:05Z
2026-08-27T09:51:17Z,2026-08-27T11:51:17+0200,0130a799-f590-4e00-8cb7-476fbd850f58,2026-07-31T23:00:00Z,2026-08-01T01:00:00+0200,169.43,EUR/MWh,DE,DE_LU,day_ahead_price,value,2026-08-27T09:55:05Z
2026-08-27T09:51:17Z,2026-08-27T11:51:17+0200,0130a799-f590-4e00-8cb7-476fbd850f58,2026-07-31T23:15:00Z,2026-08-01T01:15:00+0200,166.63,EUR/MWh,DE,DE_LU,day_ahead_price,value,2026-08-27T09:55:05Z
2026-08-27T09:51:17Z,2026-08-27T11:51:17+0200,0130a799-f590-4e00-8cb7-476fbd850f58,2026-07-31T23:30:00Z,2026-08-01T01:30:00+0200,157.66,EUR/MWh,DE,DE_LU,day_ahead_price,value,2026-08-27T09:55:05Z
2026-08-27T09:51:17Z,2026-08-27T11:51:17+0200,0130a799-f590-4e00-8cb7-476fbd850f58,2026-07-31T23:45:00Z,2026-08-01T01:45:00+0200,156.91,EUR/MWh,DE,DE_LU,day_ahead_price,value,2026-08-27T09:55:05Z
2026-08-27T09:51:17Z,2026-08-27T11:51:17+0200,0130a799-f590-4e00-8cb7-476fbd850f58,2026-08-01T00:00:00Z,2026-08-01T02:00:00+0200,160.91,EUR/MWh,DE,DE_LU,day_ahead_price,value,2026-08-27T09:55:05Z
2026-08-27T09:51:17Z,2026-08-27T11:51:17+0200,0130a799-f590-4e00-8cb7-476fbd850f58,2026-08-01T00:15:00Z,2026-08-01T02:15:00+0200,159.09,EUR/MWh,DE,DE_LU,day_ahead_price,value,2026-08-27T09:55:05Z
2026-08-27T09:51:17Z,2026-08-27T11:51:17+0200,0130a799-f590-4e00-8cb7-476fbd850f58,2026-08-01T00:30:00Z,2026-08-01T02:30:00+0200,155.88,EUR/MWh,DE,DE_LU,day_ahead_price,value,2026-08-27T09:55:05Z
2026-08-27T09:51:17Z,2026-08-27T11:51:17+0200,0130a799-f590-4e00-8cb7-476fbd850f58,2026-08-01T00:45:00Z,2026-08-01T02:45:00+0200,152.1,EUR/MWh,DE,DE_LU,day_ahead_price,value,2026-08-27T09:55:05Z
2026-08-27T09:51:17Z,2026-08-27T11:51:17+0200,0130a799-f590-4e00-8cb7-476fbd850f58,2026-08-01T01:00:00Z,2026-08-01T03:00:00+0200,157.01,EUR/MWh,DE,DE_LU,day_ahead_price,value,2026-08-27T09:55:05Z
2026-08-27T09:51:17Z,2026-08-27T11:51:17+0200,0130a799-f590-4e00-8cb7-476fbd850f58,2026-08-01T01:15:00Z,2026-08-01T03:15:00+0200,153.37,EUR/MWh,DE,DE_LU,day_ahead_price,value,2026-08-27T09:55:05Z
2026-08-27T09:51:17Z,2026-08-27T11:51:17+0200,0130a799-f590-4e00-8cb7-476fbd850f58,2026-08-01T01:30:00Z,2026-08-01T03:30:00+0200,155.0,EUR/MWh,DE,DE_LU,day_ahead_price,value,2026-08-27T09:55:05Z
2026-08-27T09:51:17Z,2026-08-27T11:51:17+0200,0130a799-f590-4e00-8cb7-476fbd850f58,2026-08-01T01:45:00Z,2026-08-01T03:45:00+0200,153.05,EUR/MWh,DE,DE_LU,day_ahead_price,value,2026-08-27T09:55:05Z
2026-08-27T09:51:17Z,2026-08-27T11:51:17+0200,0130a799-f590-4e00-8cb7-476fbd850f58,2026-08-01T02:00:00Z,2026-08-01T04:00:00+0200,154.91,EUR/MWh,DE,DE_LU,day_ahead_price,value,2026-08-27T09:55:05Z
2026-08-27T09:51:17Z,2026-08-27T11:51:17+0200,0130a799-f590-4e00-8cb7-476fbd850f58,2026-08-01T02:15:00Z,2026-08-01T04:15:00+0200,158.34,EUR/MWh,DE,DE_LU,day_ahead_price,value,2026-08-27T09:55:05Z
2026-08-27T09:51:17Z,2026-08-27T11:51:17+0200,0130a799-f590-4e00-8cb7-476fbd850f58,2026-08-01T02:30:00Z,2026-08-01T04:30:00+0200,153.54,EUR/MWh,DE,DE_LU,day_ahead_price,value,2026-08-27T09:55:05Z
2026-08-27T09:51:17Z,2026-08-27T11:51:17+0200,0130a799-f590-4e00-8cb7-476fbd850f58,2026-08-01T02:45:00Z,2026-08-01T04:45:00+0200,151.3,EUR/MWh,DE,DE_LU,day_ahead_price,value,2026-08-27T09:55:05Z
2026-08-27T09:51:17Z,2026-08-27T11:51:17+0200,0130a799-f590-4e00-8cb7-476fbd850f58,2026-08-01T03:00:00Z,2026-08-01T05:00:00+0200,152.78,EUR/MWh,DE,DE_LU,day_ahead_price,value,2026-08-27T09:55:05Z
2026-08-27T09:51:17Z,2026-08-27T11:51:17+0200,0130a799-f590-4e00-8cb7-476fbd850f58,2026-08-01T03:15:00Z,2026-08-01T05:15:00+0200,157.0,EUR/MWh,DE,DE_LU,day_ahead_price,value,2026-08-27T09:55:05Z
2026-08-27T09:51:17Z,2026-08-27T11:51:17+0200,0130a799-f590-4e00-8cb7-476fbd850f58,2026-08-01T03:30:00Z,2026-08-01T05:30:00+0200,155.47,EUR/MWh,DE,DE_LU,day_ahead_price,value,2026-08-27T09:55:05Z
2026-08-27T09:51:17Z,2026-08-27T11:51:17+0200,0130a799-f590-4e00-8cb7-476fbd850f58,2026-08-01T03:45:00Z,2026-08-01T05:45:00+0200,156.82,EUR/MWh,DE,DE_LU,day_ahead_price,value,2026-08-27T09:55:05Z
2026-08-27T09:51:17Z,2026-08-27T11:51:17+0200,0130a799-f590-4e00-8cb7-476fbd850f58,2026-08-01T04:00:00Z,2026-08-01T06:00:00+0200,160.52,EUR/MWh,DE,DE_LU,day_ahead_price,value,2026-08-27T09:55:05Z
2026-08-27T09:51:17Z,2026-08-27T11:51:17+0200,0130a799-f590-4e00-8cb7-476fbd850f58,2026-08-01T04:15:00Z,2026-08-01T06:15:00+0200,156.94,EUR/MWh,DE,DE_LU,day_ahead_price,value,2026-08-27T09:55:05Z
2026-08-27T09:51:17Z,2026-08-27T11:51:17+0200,0130a799-f590-4e00-8cb7-476fbd850f58,2026-08-01T04:30:00Z,2026-08-01T06:30:00+0200,151.9,EUR/MWh,DE,DE_LU,day_ahead_price,value,2026-08-27T09:55:05Z
2026-08-27T09:51:17Z,2026-08-27T11:51:17+0200,0130a799-f590-4e00-8cb7-476fbd850f58,2026-08-01T04:45:00Z,2026-08-01T06:45:00+0200,149.8,EUR/MWh,DE,DE_LU,day_ahead_price,value,2026-08-27T09:55:05Z
2026-08-27T09:51:17Z,2026-08-27T11:51:17+0200,0130a799-f590-4e00-8cb7-476fbd850f58,2026-08-01T05:00:00Z,2026-08-01T07:00:00+0200,162.96,EUR/MWh,DE,DE_LU,day_ahead_price,value,2026-08-27T09:55:05Z
2026-08-27T09:51:17Z,2026-08-27T11:51:17+0200,0130a799-f590-4e00-8cb7-476fbd850f58,2026-08-01T05:15:00Z,2026-08-01T07:15:00+0200,147.0,EUR/MWh,DE,DE_LU,day_ahead_price,value,2026-08-27T09:55:05Z
2026-08-27T09:51:17Z,2026-08-27T11:51:17+0200,0130a799-f590-4e00-8cb7-476fbd850f58,2026-08-01T05:30:00Z,2026-08-01T07:30:00+0200,141.73,EUR/MWh,DE,DE_LU,day_ahead_price,value,2026-08-27T09:55:05Z
2026-08-27T09:51:17Z,2026-08-27T11:51:17+0200,0130a799-f590-4e00-8cb7-476fbd850f58,2026-08-01T05:45:00Z,2026-08-01T07:45:00+0200,134.0,EUR/MWh,DE,DE_LU,day_ahead_price,value,2026-08-27T09:55:05Z
2026-08-27T09:51:17Z,2026-08-27T11:51:17+0200,0130a799-f590-4e00-8cb7-476fbd850f58,2026-08-01T06:00:00Z,2026-08-01T08:00:00+0200,160.86,EUR/MWh,DE,DE_LU,day_ahead_price,value,2026-08-27T09:55:05Z
2026-08-27T09:51:17Z,2026-08-27T11:51:17+0200,0130a799-f590-4e00-8cb7-476fbd850f58,2026-08-01T06:15:00Z,2026-08-01T08:15:00+0200,143.7,EUR/MWh,DE,DE_LU,day_ahead_price,value,2026-08-27T09:55:05Z
2026-08-27T09:51:17Z,2026-08-27T11:51:17+0200,0130a799-f590-4e00-8cb7-476fbd850f58,2026-08-01T06:30:00Z,2026-08-01T08:30:00+0200,133.18,EUR/MWh,DE,DE_LU,day_ahead_price,value,2026-08-27T09:55:05Z
2026-08-27T09:51:17Z,2026-08-27T11:51:17+0200,0130a799-f590-4e00-8cb7-476fbd850f58,2026-08-01T06:45:00Z,2026-08-01T08:45:00+0200,123.89,EUR/MWh,DE,DE_LU,day_ahead_price,value,2026-08-27T09:55:05Z
2026-08-27T09:51:17Z,2026-08-27T11:51:17+0200,0130a799-f590-4e00-8cb7-476fbd850f58,2026-08-01T07:00:00Z,2026-08-01T09:00:00+0200,145.41,EUR/MWh,DE,DE_LU,day_ahead_price,value,2026-08-27T09:55:05Z
2026-08-27T09:51:17Z,2026-08-27T11:51:17+0200,0130a799-f590-4e00-8cb7-476fbd850f58,2026-08-01T07:15:00Z,2026-08-01T09:15:00+0200,122.44,EUR/MWh,DE,DE_LU,day_ahead_price,value,2026-08-27T09:55:05Z
2026-08-27T09:51:17Z,2026-08-27T11:51:17+0200,0130a799-f590-4e00-8cb7-476fbd850f58,2026-08-01T07:30:00Z,2026-08-01T09:30:00+0200,117.65,EUR/MWh,DE,DE_LU,day_ahead_price,value,2026-08-27T09:55:05Z
2026-08-27T09:51:17Z,2026-08-27T11:51:17+0200,0130a799-f590-4e00-8cb7-476fbd850f58,2026-08-01T07:45:00Z,2026-08-01T09:45:00+0200,107.59,EUR/MWh,DE,DE_LU,day_ahead_price,value,2026-08-27T09:55:05Z
2026-08-27T09:51:17Z,2026-08-27T11:51:17+0200,0130a799-f590-4e00-8cb7-476fbd850f58,2026-08-01T08:00:00Z,2026-08-01T10:00:00+0200,116.41,EUR/MWh,DE,DE_LU,day_ahead_price,value,2026-08-27T09:55:05Z
2026-08-27T09:51:17Z,2026-08-27T11:51:17+0200,0130a799-f590-4e00-8cb7-476fbd850f58,2026-08-01T08:15:00Z,2026-08-01T10:15:00+0200,104.39,EUR/MWh,DE,DE_LU,day_ahead_price,value,2026-08-27T09:55:05Z
2026-08-27T09:51:17Z,2026-08-27T11:51:17+0200,0130a799-f590-4e00-8cb7-476fbd850f58,2026-08-01T08:30:00Z,2026-08-01T10:30:00+0200,101.6,EUR/MWh,DE,DE_LU,day_ahead_price,value,2026-08-27T09:55:05Z
2026-08-27T09:51:17Z,2026-08-27T11:51:17+0200,0130a799-f590-4e00-8cb7-476fbd850f58,2026-08-01T08:45:00Z,2026-08-01T10:45:00+0200,81.29,EUR/MWh,DE,DE_LU,day_ahead_price,value,2026-08-27T09:55:05Z
2026-08-27T09:51:17Z,2026-08-27T11:51:17+0200,0130a799-f590-4e00-8cb7-476fbd850f58,2026-08-01T09:00:00Z,2026-08-01T11:00:00+0200,83.0,EUR/MWh,DE,DE_LU,day_ahead_price,value,2026-08-27T09:55:05Z
2026-08-27T09:51:17Z,2026-08-27T11:51:17+0200,0130a799-f590-4e00-8cb7-476fbd850f58,2026-08-01T09:15:00Z,2026-08-01T11:15:00+0200,67.98,EUR/MWh,DE,DE_LU,day_ahead_price,value,2026-08-27T09:55:05Z
2026-08-27T09:51:17Z,2026-08-27T11:51:17+0200,0130a799-f590-4e00-8cb7-476fbd850f58,2026-08-01T09:30:00Z,2026-08-01T11:30:00+0200,51.16,EUR/MWh,DE,DE_LU,day_ahead_price,value,2026-08-27T09:55:05Z
2026-08-27T09:51:17Z,2026-08-27T11:51:17+0200,0130a799-f590-4e00-8cb7-476fbd850f58,2026-08-01T09:45:00Z,2026-08-01T11:45:00+0200,26.47,EUR/MWh,DE,DE_LU,day_ahead_price,value,2026-08-27T09:55:05Z
2026-08-27T09:51:17Z,2026-08-27T11:51:17+0200,0130a799-f590-4e00-8cb7-476fbd850f58,2026-08-01T10:00:00Z,2026-08-01T12:00:00+0200,31.63,EUR/MWh,DE,DE_LU,day_ahead_price,value,2026-08-27T09:55:05Z
2026-08-27T09:51:17Z,2026-08-27T11:51:17+0200,0130a799-f590-4e00-8cb7-476fbd850f58,2026-08-01T10:15:00Z,2026-08-01T12:15:00+0200,19.62,EUR/MWh,DE,DE_LU,day_ahead_price,value,2026-08-27T09:55:05Z
2026-08-27T09:51:17Z,2026-08-27T11:51:17+0200,0130a799-f590-4e00-8cb7-476fbd850f58,2026-08-01T10:30:00Z,2026-08-01T12:30:00+0200,11.7,EUR/MWh,DE,DE_LU,day_ahead_price,value,2026-08-27T09:55:05Z
2026-08-27T09:51:17Z,2026-08-27T11:51:17+0200,0130a799-f590-4e00-8cb7-476fbd850f58,2026-08-01T10:45:00Z,2026-08-01T12:45:00+0200,3.91,EUR/MWh,DE,DE_LU,day_ahead_price,value,2026-08-27T09:55:05Z
2026-08-27T09:51:17Z,2026-08-27T11:51:17+0200,0130a799-f590-4e00-8cb7-476fbd850f58,2026-08-01T11:00:00Z,2026-08-01T13:00:00+0200,1.63,EUR/MWh,DE,DE_LU,day_ahead_price,value,2026-08-27T09:55:05Z
2026-08-27T09:51:17Z,2026-08-27T11:51:17+0200,0130a799-f590-4e00-8cb7-476fbd850f58,2026-08-01T11:15:00Z,2026-08-01T13:15:00+0200,0.0,EUR/MWh,DE,DE_LU,day_ahead_price,value,2026-08-27T09:55:05Z
2026-08-27T09:51:17Z,2026-08-27T11:51:17+0200,0130a799-f590-4e00-8cb7-476fbd850f58,2026-08-01T11:30:00Z,2026-08-01T13:30:00+0200,0.0,EUR/MWh,DE,DE_LU,day_ahead_price,value,2026-08-27T09:55:05Z
2026-08-27T09:51:17Z,2026-08-27T11:51:17+0200,0130a799-f590-4e00-8cb7-476fbd850f58,2026-08-01T11:45:00Z,2026-08-01T13:45:00+0200,0.0,EUR/MWh,DE,DE_LU,day_ahead_price,value,2026-08-27T09:55:05Z
2026-08-27T09:51:17Z,2026-08-27T11:51:17+0200,0130a799-f590-4e00-8cb7-476fbd850f58,2026-08-01T12:00:00Z,2026-08-01T14:00:00+0200,0.0,EUR/MWh,DE,DE_LU,day_ahead_price,value,2026-08-27T09:55:05Z
2026-08-27T09:51:17Z,2026-08-27T11:51:17+0200,0130a799-f590-4e00-8cb7-476fbd850f58,2026-08-01T12:15:00Z,2026-08-01T14:15:00+0200,0.0,EUR/MWh,DE,DE_LU,day_ahead_price,value,2026-08-27T09:55:05Z
2026-08-27T09:51:17Z,2026-08-27T11:51:17+0200,0130a799-f590-4e00-8cb7-476fbd850f58,2026-08-01T12:30:00Z,2026-08-01T14:30:00+0200,0.0,EUR/MWh,DE,DE_LU,day_ahead_price,value,2026-08-27T09:55:05Z
2026-08-27T09:51:17Z,2026-08-27T11:51:17+0200,0130a799-f590-4e00-8cb7-476fbd850f58,2026-08-01T12:45:00Z,2026-08-01T14:45:00+0200,0.0,EUR/MWh,DE,DE_LU,day_ahead_price,value,2026-08-27T09:55:05Z
2026-08-27T09:51:17Z,2026-08-27T11:51:17+0200,0130a799-f590-4e00-8cb7-476fbd850f58,2026-08-01T13:00:00Z,2026-08-01T15:00:00+0200,0.02,EUR/MWh,DE,DE_LU,day_ahead_price,value,2026-08-27T09:55:05Z
2026-08-27T09:51:17Z,2026-08-27T11:51:17+0200,0130a799-f590-4e00-8cb7-476fbd850f58,2026-08-01T13:15:00Z,2026-08-01T15:15:00+0200,0.29,EUR/MWh,DE,DE_LU,day_ahead_price,value,2026-08-27T09:55:05Z
2026-08-27T09:51:17Z,2026-08-27T11:51:17+0200,0130a799-f590-4e00-8cb7-476fbd850f58,2026-08-01T13:30:00Z,2026-08-01T15:30:00+0200,2.8,EUR/MWh,DE,DE_LU,day_ahead_price,value,2026-08-27T09:55:05Z
2026-08-27T09:51:17Z,2026-08-27T11:51:17+0200,0130a799-f590-4e00-8cb7-476fbd850f58,2026-08-01T13:45:00Z,2026-08-01T15:45:00+0200,9.2,EUR/MWh,DE,DE_LU,day_ahead_price,value,2026-08-27T09:55:05Z
2026-08-27T09:51:17Z,2026-08-27T11:51:17+0200,0130a799-f590-4e00-8cb7-476fbd850f58,2026-08-01T14:00:00Z,2026-08-01T16:00:00+0200,6.5,EUR/MWh,DE,DE_LU,day_ahead_price,value,2026-08-27T09:55:05Z
2026-08-27T09:51:17Z,2026-08-27T11:51:17+0200,0130a799-f590-4e00-8cb7-476fbd850f58,2026-08-01T14:15:00Z,2026-08-01T16:15:00+0200,24.13,EUR/MWh,DE,DE_LU,day_ahead_price,value,2026-08-27T09:55:05Z
2026-08-27T09:51:17Z,2026-08-27T11:51:17+0200,0130a799-f590-4e00-8cb7-476fbd850f58,2026-08-01T14:30:00Z,2026-08-01T16:30:00+0200,64.03,EUR/MWh,DE,DE_LU,day_ahead_price,value,2026-08-27T09:55:05Z
2026-08-27T09:51:17Z,2026-08-27T11:51:17+0200,0130a799-f590-4e00-8cb7-476fbd850f58,2026-08-01T14:45:00Z,2026-08-01T16:45:00+0200,87.41,EUR/MWh,DE,DE_LU,day_ahead_price,value,2026-08-27T09:55:05Z
2026-08-27T09:51:17Z,2026-08-27T11:51:17+0200,0130a799-f590-4e00-8cb7-476fbd850f58,2026-08-01T15:00:00Z,2026-08-01T17:00:00+0200,87.12,EUR/MWh,DE,DE_LU,day_ahead_price,value,2026-08-27T09:55:05Z
2026-08-27T09:51:17Z,2026-08-27T11:51:17+0200,0130a799-f590-4e00-8cb7-476fbd850f58,2026-08-01T15:15:00Z,2026-08-01T17:15:00+0200,101.14,EUR/MWh,DE,DE_LU,day_ahead_price,value,2026-08-27T09:55:05Z
2026-08-27T09:51:17Z,2026-08-27T11:51:17+0200,0130a799-f590-4e00-8cb7-476fbd850f58,2026-08-01T15:30:00Z,2026-08-01T17:30:00+0200,119.08,EUR/MWh,DE,DE_LU,day_ahead_price,value,2026-08-27T09:55:05Z
2026-08-27T09:51:17Z,2026-08-27T11:51:17+0200,0130a799-f590-4e00-8cb7-476fbd850f58,2026-08-01T15:45:00Z,2026-08-01T17:45:00+0200,122.92,EUR/MWh,DE,DE_LU,day_ahead_price,value,2026-08-27T09:55:05Z
2026-08-27T09:51:17Z,2026-08-27T11:51:17+0200,0130a799-f590-4e00-8cb7-476fbd850f58,2026-08-01T16:00:00Z,2026-08-01T18:00:00+0200,119.38,EUR/MWh,DE,DE_LU,day_ahead_price,value,2026-08-27T09:55:05Z
2026-08-27T09:51:17Z,2026-08-27T11:51:17+0200,0130a799-f590-4e00-8cb7-476fbd850f58,2026-08-01T16:15:00Z,2026-08-01T18:15:00+0200,133.0,EUR/MWh,DE,DE_LU,day_ahead_price,value,2026-08-27T09:55:05Z
2026-08-27T09:51:17Z,2026-08-27T11:51:17+0200,0130a799-f590-4e00-8cb7-476fbd850f58,2026-08-01T16:30:00Z,2026-08-01T18:30:00+0200,160.82,EUR/MWh,DE,DE_LU,day_ahead_price,value,2026-08-27T09:55:05Z
2026-08-27T09:51:17Z,2026-08-27T11:51:17+0200,0130a799-f590-4e00-8cb7-476fbd850f58,2026-08-01T16:45:00Z,2026-08-01T18:45:00+0200,167.34,EUR/MWh,DE,DE_LU,day_ahead_price,value,2026-08-27T09:55:05Z
2026-08-27T09:51:17Z,2026-08-27T11:51:17+0200,0130a799-f590-4e00-8cb7-476fbd850f58,2026-08-01T17:00:00Z,2026-08-01T19:00:00+0200,150.92,EUR/MWh,DE,DE_LU,day_ahead_price,value,2026-08-27T09:55:05Z
2026-08-27T09:51:17Z,2026-08-27T11:51:17+0200,0130a799-f590-4e00-8cb7-476fbd850f58,2026-08-01T17:15:00Z,2026-08-01T19:15:00+0200,160.26,EUR/MWh,DE,DE_LU,day_ahead_price,value,2026-08-27T09:55:05Z
2026-08-27T09:51:17Z,2026-08-27T11:51:17+0200,0130a799-f590-4e00-8cb7-476fbd850f58,2026-08-01T17:30:00Z,2026-08-01T19:30:00+0200,175.47,EUR/MWh,DE,DE_LU,day_ahead_price,value,2026-08-27T09:55:05Z
2026-08-27T09:51:17Z,2026-08-27T11:51:17+0200,0130a799-f590-4e00-8cb7-476fbd850f58,2026-08-01T17:45:00Z,2026-08-01T19:45:00+0200,187.49,EUR/MWh,DE,DE_LU,day_ahead_price,value,2026-08-27T09:55:05Z
2026-08-27T09:51:17Z,2026-08-27T11:51:17+0200,0130a799-f590-4e00-8cb7-476fbd850f58,2026-08-01T18:00:00Z,2026-08-01T20:00:00+0200,174.17,EUR/MWh,DE,DE_LU,day_ahead_price,value,2026-08-27T09:55:05Z
2026-08-27T09:51:17Z,2026-08-27T11:51:17+0200,0130a799-f590-4e00-8cb7-476fbd850f58,2026-08-01T18:15:00Z,2026-08-01T20:15:00+0200,180.23,EUR/MWh,DE,DE_LU,day_ahead_price,value,2026-08-27T09:55:05Z
2026-08-27T09:51:17Z,2026-08-27T11:51:17+0200,0130a799-f590-4e00-8cb7-476fbd850f58,2026-08-01T18:30:00Z,2026-08-01T20:30:00+0200,183.4,EUR/MWh,DE,DE_LU,day_ahead_price,value,2026-08-27T09:55:05Z
2026-08-27T09:51:17Z,2026-08-27T11:51:17+0200,0130a799-f590-4e00-8cb7-476fbd850f58,2026-08-01T18:45:00Z,2026-08-01T20:45:00+0200,186.05,EUR/MWh,DE,DE_LU,day_ahead_price,value,2026-08-27T09:55:05Z
2026-08-27T09:51:17Z,2026-08-27T11:51:17+0200,0130a799-f590-4e00-8cb7-476fbd850f58,2026-08-01T19:00:00Z,2026-08-01T21:00:00+0200,184.85,EUR/MWh,DE,DE_LU,day_ahead_price,value,2026-08-27T09:55:05Z
2026-08-27T09:51:17Z,2026-08-27T11:51:17+0200,0130a799-f590-4e00-8cb7-476fbd850f58,2026-08-01T19:15:00Z,2026-08-01T21:15:00+0200,181.6,EUR/MWh,DE,DE_LU,day_ahead_price,value,2026-08-27T09:55:05Z
2026-08-27T09:51:17Z,2026-08-27T11:51:17+0200,0130a799-f590-4e00-8cb7-476fbd850f58,2026-08-01T19:30:00Z,2026-08-01T21:30:00+0200,182.41,EUR/MWh,DE,DE_LU,day_ahead_price,value,2026-08-27T09:55:05Z
2026-08-27T09:51:17Z,2026-08-27T11:51:17+0200,0130a799-f590-4e00-8cb7-476fbd850f58,2026-08-01T19:45:00Z,2026-08-01T21:45:00+0200,173.85,EUR/MWh,DE,DE_LU,day_ahead_price,value,2026-08-27T09:55:05Z
2026-08-27T09:51:17Z,2026-08-27T11:51:17+0200,0130a799-f590-4e00-8cb7-476fbd850f58,2026-08-01T20:00:00Z,2026-08-01T22:00:00+0200,190.2,EUR/MWh,DE,DE_LU,day_ahead_price,value,2026-08-27T09:55:05Z
2026-08-27T09:51:17Z,2026-08-27T11:51:17+0200,0130a799-f590-4e00-8cb7-476fbd850f58,2026-08-01T20:15:00Z,2026-08-01T22:15:00+0200,179.69,EUR/MWh,DE,DE_LU,day_ahead_price,value,2026-08-27T09:55:05Z
2026-08-27T09:51:17Z,2026-08-27T11:51:17+0200,0130a799-f590-4e00-8cb7-476fbd850f58,2026-08-01T20:30:00Z,2026-08-01T22:30:00+0200,175.2,EUR/MWh,DE,DE_LU,day_ahead_price,value,2026-08-27T09:55:05Z
2026-08-27T09:51:17Z,2026-08-27T11:51:17+0200,0130a799-f590-4e00-8cb7-476fbd850f58,2026-08-01T20:45:00Z,2026-08-01T22:45:00+0200,169.1,EUR/MWh,DE,DE_LU,day_ahead_price,value,2026-08-27T09:55:05Z
2026-08-27T09:51:17Z,2026-08-27T11:51:17+0200,0130a799-f590-4e00-8cb7-476fbd850f58,2026-08-01T21:00:00Z,2026-08-01T23:00:00+0200,172.11,EUR/MWh,DE,DE_LU,day_ahead_price,value,2026-08-27T09:55:05Z
2026-08-27T09:51:17Z,2026-08-27T11:51:17+0200,0130a799-f590-4e00-8cb7-476fbd850f58,2026-08-01T21:15:00Z,2026-08-01T23:15:00+0200,171.94,EUR/MWh,DE,DE_LU,day_ahead_price,value,2026-08-27T09:55:05Z
2026-08-27T09:51:17Z,2026-08-27T11:51:17+0200,0130a799-f590-4e00-8cb7-476fbd850f58,2026-08-01T21:30:00Z,2026-08-01T23:30:00+0200,171.23,EUR/MWh,DE,DE_LU,day_ahead_price,value,2026-08-27T09:55:05Z
2026-08-27T09:51:17Z,2026-08-27T11:51:17+0200,0130a799-f590-4e00-8cb7-476fbd850f58,2026-08-01T21:45:00Z,2026-08-01T23:45:00+0200,164.72,EUR/MWh,DE,DE_LU,day_ahead_price,value,2026-08-27T09:55:05Z
2026-08-27T09:51:17Z,2026-08-27T11:51:17+0200,0130a799-f590-4e00-8cb7-476fbd850f58,2026-08-01T22:00:00Z,2026-08-02T00:00:00+0200,188.4,EUR/MWh,DE,DE_LU,day_ahead_price,value,2026-08-27T09:55:05Z
2026-08-27T09:51:17Z,2026-08-27T11:51:17+0200,0130a799-f590-4e00-8cb7-476fbd850f58,2026-08-01T22:15:00Z,2026-08-02T00:15:00+0200,170.98,EUR/MWh,DE,DE_LU,day_ahead_price,value,2026-08-27T09:55:05Z
2026-08-27T09:51:17Z,2026-08-27T11:51:17+0200,0130a799-f590-4e00-8cb7-476fbd850f58,2026-08-01T22:30:00Z,2026-08-02T00:30:00+0200,161.1,EUR/MWh,DE,DE_LU,day_ahead_price,value,2026-08-27T09:55:05Z
2026-08-27T09:51:17Z,2026-08-27T11:51:17+0200,0130a799-f590-4e00-8cb7-476fbd850f58,2026-08-01T22:45:00Z,2026-08-02T00:45:00+0200,158.02,EUR/MWh,DE,DE_LU,day_ahead_price,value,2026-08-27T09:55:05Z
2026-08-27T09:51:17Z,2026-08-27T11:51:17+0200,0130a799-f590-4e00-8cb7-476fbd850f58,2026-08-01T23:00:00Z,2026-08-02T01:00:00+0200,160.86,EUR/MWh,DE,DE_LU,day_ahead_price,value,2026-08-27T09:55:05Z
2026-08-27T09:51:17Z,2026-08-27T11:51:17+0200,0130a799-f590-4e00-8cb7-476fbd850f58,2026-08-01T23:15:00Z,2026-08-02T01:15:00+0200,156.81,EUR/MWh,DE,DE_LU,day_ahead_price,value,2026-08-27T09:55:05Z
2026-08-27T09:51:17Z,2026-08-27T11:51:17+0200,0130a799-f590-4e00-8cb7-476fbd850f58,2026-08-01T23:30:00Z,2026-08-02T01:30:00+0200,162.01,EUR/MWh,DE,DE_LU,day_ahead_price,value,2026-08-27T09:55:05Z
2026-08-27T09:51:17Z,2026-08-27T11:51:17+0200,0130a799-f590-4e00-8cb7-476fbd850f58,2026-08-01T23:45:00Z,2026-08-02T01:45:00+0200,159.98,EUR/MWh,DE,DE_LU,day_ahead_price,value,2026-08-27T09:55:05Z
2026-08-27T09:51:17Z,2026-08-27T11:51:17+0200,0130a799-f590-4e00-8cb7-476fbd850f58,2026-08-02T00:00:00Z,2026-08-02T02:00:00+0200,158.74,EUR/MWh,DE,DE_LU,day_ahead_price,value,2026-08-27T09:55:05Z
2026-08-27T09:51:17Z,2026-08-27T11:51:17+0200,0130a799-f590-4e00-8cb7-476fbd850f58,2026-08-02T00:15:00Z,2026-08-02T02:15:00+0200,156.5,EUR/MWh,DE,DE_LU,day_ahead_price,value,2026-08-27T09:55:05Z
2026-08-27T09:51:17Z,2026-08-27T11:51:17+0200,0130a799-f590-4e00-8cb7-476fbd850f58,2026-08-02T00:30:00Z,2026-08-02T02:30:00+0200,157.31,EUR/MWh,DE,DE_LU,day_ahead_price,value,2026-08-27T09:55:05Z
2026-08-27T09:51:17Z,2026-08-27T11:51:17+0200,0130a799-f590-4e00-8cb7-476fbd850f58,2026-08-02T00:45:00Z,2026-08-02T02:45:00+0200,154.8,EUR/MWh,DE,DE_LU,day_ahead_price,value,2026-08-27T09:55:05Z
2026-08-27T09:51:17Z,2026-08-27T11:51:17+0200,0130a799-f590-4e00-8cb7-476fbd850f58,2026-08-02T01:00:00Z,2026-08-02T03:00:00+0200,155.36,EUR/MWh,DE,DE_LU,day_ahead_price,value,2026-08-27T09:55:05Z
2026-08-27T09:51:17Z,2026-08-27T11:51:17+0200,0130a799-f590-4e00-8cb7-476fbd850f58,2026-08-02T01:15:00Z,2026-08-02T03:15:00+0200,153.75,EUR/MWh,DE,DE_LU,day_ahead_price,value,2026-08-27T09:55:05Z
2026-08-27T09:51:17Z,2026-08-27T11:51:17+0200,0130a799-f590-4e00-8cb7-476fbd850f58,2026-08-02T01:30:00Z,2026-08-02T03:30:00+0200,153.88,EUR/MWh,DE,DE_LU,day_ahead_price,value,2026-08-27T09:55:05Z
2026-08-27T09:51:17Z,2026-08-27T11:51:17+0200,0130a799-f590-4e00-8cb7-476fbd850f58,2026-08-02T01:45:00Z,2026-08-02T03:45:00+0200,154.78,EUR/MWh,DE,DE_LU,day_ahead_price,value,2026-08-27T09:55:05Z
2026-08-27T09:51:17Z,2026-08-27T11:51:17+0200,0130a799-f590-4e00-8cb7-476fbd850f58,2026-08-02T02:00:00Z,2026-08-02T04:00:00+0200,155.01,EUR/MWh,DE,DE_LU,day_ahead_price,value,2026-08-27T09:55:05Z
2026-08-27T09:51:17Z,2026-08-27T11:51:17+0200,0130a799-f590-4e00-8cb7-476fbd850f58,2026-08-02T02:15:00Z,2026-08-02T04:15:00+0200,153.16,EUR/MWh,DE,DE_LU,day_ahead_price,value,2026-08-27T09:55:05Z
2026-08-27T09:51:17Z,2026-08-27T11:51:17+0200,0130a799-f590-4e00-8cb7-476fbd850f58,2026-08-02T02:30:00Z,2026-08-02T04:30:00+0200,152.94,EUR/MWh,DE,DE_LU,day_ahead_price,value,2026-08-27T09:55:05Z
2026-08-27T09:51:17Z,2026-08-27T11:51:17+0200,0130a799-f590-4e00-8cb7-476fbd850f58,2026-08-02T02:45:00Z,2026-08-02T04:45:00+0200,153.26,EUR/MWh,DE,DE_LU,day_ahead_price,value,2026-08-27T09:55:05Z
2026-08-27T09:51:17Z,2026-08-27T11:51:17+0200,0130a799-f590-4e00-8cb7-476fbd850f58,2026-08-02T03:00:00Z,2026-08-02T05:00:00+0200,159.03,EUR/MWh,DE,DE_LU,day_ahead_price,value,2026-08-27T09:55:05Z
2026-08-27T09:51:17Z,2026-08-27T11:51:17+0200,0130a799-f590-4e00-8cb7-476fbd850f58,2026-08-02T03:15:00Z,2026-08-02T05:15:00+0200,160.83,EUR/MWh,DE,DE_LU,day_ahead_price,value,2026-08-27T09:55:05Z
2026-08-27T09:51:17Z,2026-08-27T11:51:17+0200,0130a799-f590-4e00-8cb7-476fbd850f58,2026-08-02T03:30:00Z,2026-08-02T05:30:00+0200,159.73,EUR/MWh,DE,DE_LU,day_ahead_price,value,2026-08-27T09:55:05Z
2026-08-27T09:51:17Z,2026-08-27T11:51:17+0200,0130a799-f590-4e00-8cb7-476fbd850f58,2026-08-02T03:45:00Z,2026-08-02T05:45:00+0200,157.72,EUR/MWh,DE,DE_LU,day_ahead_price,value,2026-08-27T09:55:05Z
2026-08-27T09:51:17Z,2026-08-27T11:51:17+0200,0130a799-f590-4e00-8cb7-476fbd850f58,2026-08-02T04:00:00Z,2026-08-02T06:00:00+0200,161.13,EUR/MWh,DE,DE_LU,day_ahead_price,value,2026-08-27T09:55:05Z
2026-08-27T09:51:17Z,2026-08-27T11:51:17+0200,0130a799-f590-4e00-8cb7-476fbd850f58,2026-08-02T04:15:00Z,2026-08-02T06:15:00+0200,153.7,EUR/MWh,DE,DE_LU,day_ahead_price,value,2026-08-27T09:55:05Z
2026-08-27T09:51:17Z,2026-08-27T11:51:17+0200,0130a799-f590-4e00-8cb7-476fbd850f58,2026-08-02T04:30:00Z,2026-08-02T06:30:00+0200,151.62,EUR/MWh,DE,DE_LU,day_ahead_price,value,2026-08-27T09:55:05Z
2026-08-27T09:51:17Z,2026-08-27T11:51:17+0200,0130a799-f590-4e00-8cb7-476fbd850f58,2026-08-02T04:45:00Z,2026-08-02T06:45:00+0200,139.14,EUR/MWh,DE,DE_LU,day_ahead_price,value,2026-08-27T09:55:05Z
2026-08-27T09:51:17Z,2026-08-27T11:51:17+0200,0130a799-f590-4e00-8cb7-476fbd850f58,2026-08-02T05:00:00Z,2026-08-02T07:00:00+0200,153.77,EUR/MWh,DE,DE_LU,day_ahead_price,value,2026-08-27T09:55:05Z
2026-08-27T09:51:17Z,2026-08-27T11:51:17+0200,0130a799-f590-4e00-8cb7-476fbd850f58,2026-08-02T05:15:00Z,2026-08-02T07:15:00+0200,142.6,EUR/MWh,DE,DE_LU,day_ahead_price,value,2026-08-27T09:55:05Z
2026-08-27T09:51:17Z,2026-08-27T11:51:17+0200,0130a799-f590-4e00-8cb7-476fbd850f58,2026-08-02T05:30:00Z,2026-08-02T07:30:00+0200,136.11,EUR/MWh,DE,DE_LU,day_ahead_price,value,2026-08-27T09:55:05Z
2026-08-27T09:51:17Z,2026-08-27T11:51:17+0200,0130a799-f590-4e00-8cb7-476fbd850f58,2026-08-02T05:45:00Z,2026-08-02T07:45:00+0200,122.32,EUR/MWh,DE,DE_LU,day_ahead_price,value,2026-08-27T09:55:05Z
2026-08-27T09:51:17Z,2026-08-27T11:51:17+0200,0130a799-f590-4e00-8cb7-476fbd850f58,2026-08-02T06:00:00Z,2026-08-02T08:00:00+0200,152.74,EUR/MWh,DE,DE_LU,day_ahead_price,value,2026-08-27T09:55:05Z
2026-08-27T09:51:17Z,2026-08-27T11:51:17+0200,0130a799-f590-4e00-8cb7-476fbd850f58,2026-08-02T06:15:00Z,2026-08-02T08:15:00+0200,130.33,EUR/MWh,DE,DE_LU,day_ahead_price,value,2026-08-27T09:55:05Z
2026-08-27T09:51:17Z,2026-08-27T11:51:17+0200,0130a799-f590-4e00-8cb7-476fbd850f58,2026-08-02T06:30:00Z,2026-08-02T08:30:00+0200,112.43,EUR/MWh,DE,DE_LU,day_ahead_price,value,2026-08-27T09:55:05Z
2026-08-27T09:51:17Z,2026-08-27T11:51:17+0200,0130a799-f590-4e00-8cb7-476fbd850f58,2026-08-02T06:45:00Z,2026-08-02T08:45:00+0200,93.22,EUR/MWh,DE,DE_LU,day_ahead_price,value,2026-08-27T09:55:05Z
2026-08-27T09:51:17Z,2026-08-27T11:51:17+0200,0130a799-f590-4e00-8cb7-476fbd850f58,2026-08-02T07:00:00Z,2026-08-02T09:00:00+0200,104.46,EUR/MWh,DE,DE_LU,day_ahead_price,value,2026-08-27T09:55:05Z
2026-08-27T09:51:17Z,2026-08-27T11:51:17+0200,0130a799-f590-4e00-8cb7-476fbd850f58,2026-08-02T07:15:00Z,2026-08-02T09:15:00+0200,84.19,EUR/MWh,DE,DE_LU,day_ahead_price,value,2026-08-27T09:55:05Z
2026-08-27T09:51:17Z,2026-08-27T11:51:17+0200,0130a799-f590-4e00-8cb7-476fbd850f58,2026-08-02T07:30:00Z,2026-08-02T09:30:00+0200,51.64,EUR/MWh,DE,DE_LU,day_ahead_price,value,2026-08-27T09:55:05Z
2026-08-27T09:51:17Z,2026-08-27T11:51:17+0200,0130a799-f590-4e00-8cb7-476fbd850f58,2026-08-02T07:45:00Z,2026-08-02T09:45:00+0200,10.45,EUR/MWh,DE,DE_LU,day_ahead_price,value,2026-08-27T09:55:05Z
2026-08-27T09:51:17Z,2026-08-27T11:51:17+0200,0130a799-f590-4e00-8cb7-476fbd850f58,2026-08-02T08:00:00Z,2026-08-02T10:00:00+0200,10.21,EUR/MWh,DE,DE_LU,day_ahead_price,value,2026-08-27T09:55:05Z
2026-08-27T09:51:17Z,2026-08-27T11:51:17+0200,0130a799-f590-4e00-8cb7-476fbd850f58,2026-08-02T08:15:00Z,2026-08-02T10:15:00+0200,2.47,EUR/MWh,DE,DE_LU,day_ahead_price,value,2026-08-27T09:55:05Z
2026-08-27T09:51:17Z,2026-08-27T11:51:17+0200,0130a799-f590-4e00-8cb7-476fbd850f58,2026-08-02T08:30:00Z,2026-08-02T10:30:00+0200,-0.01,EUR/MWh,DE,DE_LU,day_ahead_price,value,2026-08-27T09:55:05Z
2026-08-27T09:51:17Z,2026-08-27T11:51:17+0200,0130a799-f590-4e00-8cb7-476fbd850f58,2026-08-02T08:45:00Z,2026-08-02T10:45:00+0200,-0.05,EUR/MWh,DE,DE_LU,day_ahead_price,value,2026-08-27T09:55:05Z
2026-08-27T09:51:17Z,2026-08-27T11:51:17+0200,0130a799-f590-4e00-8cb7-476fbd850f58,2026-08-02T09:00:00Z,2026-08-02T11:00:00+0200,-0.09,EUR/MWh,DE,DE_LU,day_ahead_price,value,2026-08-27T09:55:05Z
2026-08-27T09:51:17Z,2026-08-27T11:51:17+0200,0130a799-f590-4e00-8cb7-476fbd850f58,2026-08-02T09:15:00Z,2026-08-02T11:15:00+0200,-0.13,EUR/MWh,DE,DE_LU,day_ahead_price,value,2026-08-27T09:55:05Z
2026-08-27T09:51:17Z,2026-08-27T11:51:17+0200,0130a799-f590-4e00-8cb7-476fbd850f58,2026-08-02T09:30:00Z,2026-08-02T11:30:00+0200,-0.34,EUR/MWh,DE,DE_LU,day_ahead_price,value,2026-08-27T09:55:05Z
2026-08-27T09:51:17Z,2026-08-27T11:51:17+0200,0130a799-f590-4e00-8cb7-476fbd850f58,2026-08-02T09:45:00Z,2026-08-02T11:45:00+0200,-0.48,EUR/MWh,DE,DE_LU,day_ahead_price,value,2026-08-27T09:55:05Z
2026-08-27T09:51:17Z,2026-08-27T11:51:17+0200,0130a799-f590-4e00-8cb7-476fbd850f58,2026-08-02T10:00:00Z,2026-08-02T12:00:00+0200,-0.71,EUR/MWh,DE,DE_LU,day_ahead_price,value,2026-08-27T09:55:05Z
2026-08-27T09:51:17Z,2026-08-27T11:51:17+0200,0130a799-f590-4e00-8cb7-476fbd850f58,2026-08-02T10:15:00Z,2026-08-02T12:15:00+0200,-1.08,EUR/MWh,DE,DE_LU,day_ahead_price,value,2026-08-27T09:55:05Z
2026-08-27T09:51:17Z,2026-08-27T11:51:17+0200,0130a799-f590-4e00-8cb7-476fbd850f58,2026-08-02T10:30:00Z,2026-08-02T12:30:00+0200,-1.44,EUR/MWh,DE,DE_LU,day_ahead_price,value,2026-08-27T09:55:05Z
2026-08-27T09:51:17Z,2026-08-27T11:51:17+0200,0130a799-f590-4e00-8cb7-476fbd850f58,2026-08-02T10:45:00Z,2026-08-02T12:45:00+0200,-1.87,EUR/MWh,DE,DE_LU,day_ahead_price,value,2026-08-27T09:55:05Z
2026-08-27T09:51:17Z,2026-08-27T11:51:17+0200,0130a799-f590-4e00-8cb7-476fbd850f58,2026-08-02T11:00:00Z,2026-08-02T13:00:00+0200,-2.77,EUR/MWh,DE,DE_LU,day_ahead_price,value,2026-08-27T09:55:05Z
2026-08-27T09:51:17Z,2026-08-27T11:51:17+0200,0130a799-f590-4e00-8cb7-476fbd850f58,2026-08-02T11:15:00Z,2026-08-02T13:15:00+0200,-3.1,EUR/MWh,DE,DE_LU,day_ahead_price,value,2026-08-27T09:55:05Z
2026-08-27T09:51:17Z,2026-08-27T11:51:17+0200,0130a799-f590-4e00-8cb7-476fbd850f58,2026-08-02T11:30:00Z,2026-08-02T13:30:00+0200,-4.28,EUR/MWh,DE,DE_LU,day_ahead_price,value,2026-08-27T09:55:05Z
2026-08-27T09:51:17Z,2026-08-27T11:51:17+0200,0130a799-f590-4e00-8cb7-476fbd850f58,2026-08-02T11:45:00Z,2026-08-02T13:45:00+0200,-4.77,EUR/MWh,DE,DE_LU,day_ahead_price,value,2026-08-27T09:55:05Z
2026-08-27T09:51:17Z,2026-08-27T11:51:17+0200,0130a799-f590-4e00-8cb7-476fbd850f58,2026-08-02T12:00:00Z,2026-08-02T14:00:00+0200,-2.42,EUR/MWh,DE,DE_LU,day_ahead_price,value,2026-08-27T09:55:05Z
2026-08-27T09:51:17Z,2026-08-27T11:51:17+0200,0130a799-f590-4e00-8cb7-476fbd850f58,2026-08-02T12:15:00Z,2026-08-02T14:15:00+0200,-1.99,EUR/MWh,DE,DE_LU,day_ahead_price,value,2026-08-27T09:55:05Z
2026-08-27T09:51:17Z,2026-08-27T11:51:17+0200,0130a799-f590-4e00-8cb7-476fbd850f58,2026-08-02T12:30:00Z,2026-08-02T14:30:00+0200,-1.64,EUR/MWh,DE,DE_LU,day_ahead_price,value,2026-08-27T09:55:05Z
2026-08-27T09:51:17Z,2026-08-27T11:51:17+0200,0130a799-f590-4e00-8cb7-476fbd850f58,2026-08-02T12:45:00Z,2026-08-02T14:45:00+0200,-1.09,EUR/MWh,DE,DE_LU,day_ahead_price,value,2026-08-27T09:55:05Z
2026-08-27T09:51:17Z,2026-08-27T11:51:17+0200,0130a799-f590-4e00-8cb7-476fbd850f58,2026-08-02T13:00:00Z,2026-08-02T15:00:00+0200,-1.29,EUR/MWh,DE,DE_LU,day_ahead_price,value,2026-08-27T09:55:05Z
2026-08-27T09:51:17Z,2026-08-27T11:51:17+0200,0130a799-f590-4e00-8cb7-476fbd850f58,2026-08-02T13:15:00Z,2026-08-02T15:15:00+0200,-1.25,EUR/MWh,DE,DE_LU,day_ahead_price,value,2026-08-27T09:55:05Z
2026-08-27T09:51:17Z,2026-08-27T11:51:17+0200,0130a799-f590-4e00-8cb7-476fbd850f58,2026-08-02T13:30:00Z,2026-08-02T15:30:00+0200,-1.19,EUR/MWh,DE,DE_LU,day_ahead_price,value,2026-08-27T09:55:05Z
2026-08-27T09:51:17Z,2026-08-27T11:51:17+0200,0130a799-f590-4e00-8cb7-476fbd850f58,2026-08-02T13:45:00Z,2026-08-02T15:45:00+0200,-0.98,EUR/MWh,DE,DE_LU,day_ahead_price,value,2026-08-27T09:55:05Z
2026-08-27T09:51:17Z,2026-08-27T11:51:17+0200,0130a799-f590-4e00-8cb7-476fbd850f58,2026-08-02T14:00:00Z,2026-08-02T16:00:00+0200,-1.01,EUR/MWh,DE,DE_LU,day_ahead_price,value,2026-08-27T09:55:05Z
2026-08-27T09:51:17Z,2026-08-27T11:51:17+0200,0130a799-f590-4e00-8cb7-476fbd850f58,2026-08-02T14:15:00Z,2026-08-02T16:15:00+0200,-0.04,EUR/MWh,DE,DE_LU,day_ahead_price,value,2026-08-27T09:55:05Z
2026-08-27T09:51:17Z,2026-08-27T11:51:17+0200,0130a799-f590-4e00-8cb7-476fbd850f58,2026-08-02T14:30:00Z,2026-08-02T16:30:00+0200,0.0,EUR/MWh,DE,DE_LU,day_ahead_price,value,2026-08-27T09:55:05Z
2026-08-27T09:51:17Z,2026-08-27T11:51:17+0200,0130a799-f590-4e00-8cb7-476fbd850f58,2026-08-02T14:45:00Z,2026-08-02T16:45:00+0200,12.71,EUR/MWh,DE,DE_LU,day_ahead_price,value,2026-08-27T09:55:05Z
2026-08-27T09:51:17Z,2026-08-27T11:51:17+0200,0130a799-f590-4e00-8cb7-476fbd850f58,2026-08-02T15:00:00Z,2026-08-02T17:00:00+0200,41.97,EUR/MWh,DE,DE_LU,day_ahead_price,value,2026-08-27T09:55:05Z
2026-08-27T09:51:17Z,2026-08-27T11:51:17+0200,0130a799-f590-4e00-8cb7-476fbd850f58,2026-08-02T15:15:00Z,2026-08-02T17:15:00+0200,92.84,EUR/MWh,DE,DE_LU,day_ahead_price,value,2026-08-27T09:55:05Z
2026-08-27T09:51:17Z,2026-08-27T11:51:17+0200,0130a799-f590-4e00-8cb7-476fbd850f58,2026-08-02T15:30:00Z,2026-08-02T17:30:00+0200,116.55,EUR/MWh,DE,DE_LU,day_ahead_price,value,2026-08-27T09:55:05Z
2026-08-27T09:51:17Z,2026-08-27T11:51:17+0200,0130a799-f590-4e00-8cb7-476fbd850f58,2026-08-02T15:45:00Z,2026-08-02T17:45:00+0200,130.29,EUR/MWh,DE,DE_LU,day_ahead_price,value,2026-08-27T09:55:05Z
2026-08-27T09:51:17Z,2026-08-27T11:51:17+0200,0130a799-f590-4e00-8cb7-476fbd850f58,2026-08-02T16:00:00Z,2026-08-02T18:00:00+0200,123.89,EUR/MWh,DE,DE_LU,day_ahead_price,value,2026-08-27T09:55:05Z
2026-08-27T09:51:17Z,2026-08-27T11:51:17+0200,0130a799-f590-4e00-8cb7-476fbd850f58,2026-08-02T16:15:00Z,2026-08-02T18:15:00+0200,138.13,EUR/MWh,DE,DE_LU,day_ahead_price,value,2026-08-27T09:55:05Z
2026-08-27T09:51:17Z,2026-08-27T11:51:17+0200,0130a799-f590-4e00-8cb7-476fbd850f58,2026-08-02T16:30:00Z,2026-08-02T18:30:00+0200,157.0,EUR/MWh,DE,DE_LU,day_ahead_price,value,2026-08-27T09:55:05Z
2026-08-27T09:51:17Z,2026-08-27T11:51:17+0200,0130a799-f590-4e00-8cb7-476fbd850f58,2026-08-02T16:45:00Z,2026-08-02T18:45:00+0200,173.61,EUR/MWh,DE,DE_LU,day_ahead_price,value,2026-08-27T09:55:05Z
2026-08-27T09:51:17Z,2026-08-27T11:51:17+0200,0130a799-f590-4e00-8cb7-476fbd850f58,2026-08-02T17:00:00Z,2026-08-02T19:00:00+0200,160.15,EUR/MWh,DE,DE_LU,day_ahead_price,value,2026-08-27T09:55:05Z
2026-08-27T09:51:17Z,2026-08-27T11:51:17+0200,0130a799-f590-4e00-8cb7-476fbd850f58,2026-08-02T17:15:00Z,2026-08-02T19:15:00+0200,170.59,EUR/MWh,DE,DE_LU,day_ahead_price,value,2026-08-27T09:55:05Z
2026-08-27T09:51:17Z,2026-08-27T11:51:17+0200,0130a799-f590-4e00-8cb7-476fbd850f58,2026-08-02T17:30:00Z,2026-08-02T19:30:00+0200,183.9,EUR/MWh,DE,DE_LU,day_ahead_price,value,2026-08-27T09:55:05Z
2026-08-27T09:51:17Z,2026-08-27T11:51:17+0200,0130a799-f590-4e00-8cb7-476fbd850f58,2026-08-02T17:45:00Z,2026-08-02T19:45:00+0200,192.93,EUR/MWh,DE,DE_LU,day_ahead_price,value,2026-08-27T09:55:05Z
2026-08-27T09:51:17Z,2026-08-27T11:51:17+0200,0130a799-f590-4e00-8cb7-476fbd850f58,2026-08-02T18:00:00Z,2026-08-02T20:00:00+0200,182.99,EUR/MWh,DE,DE_LU,day_ahead_price,value,2026-08-27T09:55:05Z
2026-08-27T09:51:17Z,2026-08-27T11:51:17+0200,0130a799-f590-4e00-8cb7-476fbd850f58,2026-08-02T18:15:00Z,2026-08-02T20:15:00+0200,181.78,EUR/MWh,DE,DE_LU,day_ahead_price,value,2026-08-27T09:55:05Z
2026-08-27T09:51:17Z,2026-08-27T11:51:17+0200,0130a799-f590-4e00-8cb7-476fbd850f58,2026-08-02T18:30:00Z,2026-08-02T20:30:00+0200,185.66,EUR/MWh,DE,DE_LU,day_ahead_price,value,2026-08-27T09:55:05Z
2026-08-27T09:51:17Z,2026-08-27T11:51:17+0200,0130a799-f590-4e00-8cb7-476fbd850f58,2026-08-02T18:45:00Z,2026-08-02T20:45:00+0200,192.32,EUR/MWh,DE,DE_LU,day_ahead_price,value,2026-08-27T09:55:05Z
2026-08-27T09:51:17Z,2026-08-27T11:51:17+0200,0130a799-f590-4e00-8cb7-476fbd850f58,2026-08-02T19:00:00Z,2026-08-02T21:00:00+0200,190.7,EUR/MWh,DE,DE_LU,day_ahead_price,value,2026-08-27T09:55:05Z
2026-08-27T09:51:17Z,2026-08-27T11:51:17+0200,0130a799-f590-4e00-8cb7-476fbd850f58,2026-08-02T19:15:00Z,2026-08-02T21:15:00+0200,181.18,EUR/MWh,DE,DE_LU,day_ahead_price,value,2026-08-27T09:55:05Z
2026-08-27T09:51:17Z,2026-08-27T11:51:17+0200,0130a799-f590-4e00-8cb7-476fbd850f58,2026-08-02T19:30:00Z,2026-08-02T21:30:00+0200,174.37,EUR/MWh,DE,DE_LU,day_ahead_price,value,2026-08-27T09:55:05Z
2026-08-27T09:51:17Z,2026-08-27T11:51:17+0200,0130a799-f590-4e00-8cb7-476fbd850f58,2026-08-02T19:45:00Z,2026-08-02T21:45:00+0200,164.51,EUR/MWh,DE,DE_LU,day_ahead_price,value,2026-08-27T09:55:05Z
2026-08-27T09:51:17Z,2026-08-27T11:51:17+0200,0130a799-f590-4e00-8cb7-476fbd850f58,2026-08-02T20:00:00Z,2026-08-02T22:00:00+0200,181.59,EUR/MWh,DE,DE_LU,day_ahead_price,value,2026-08-27T09:55:05Z
2026-08-27T09:51:17Z,2026-08-27T11:51:17+0200,0130a799-f590-4e00-8cb7-476fbd850f58,2026-08-02T20:15:00Z,2026-08-02T22:15:00+0200,167.84,EUR/MWh,DE,DE_LU,day_ahead_price,value,2026-08-27T09:55:05Z
2026-08-27T09:51:17Z,2026-08-27T11:51:17+0200,0130a799-f590-4e00-8cb7-476fbd850f58,2026-08-02T20:30:00Z,2026-08-02T22:30:00+0200,163.65,EUR/MWh,DE,DE_LU,day_ahead_price,value,2026-08-27T09:55:05Z
2026-08-27T09:51:17Z,2026-08-27T11:51:17+0200,0130a799-f590-4e00-8cb7-476fbd850f58,2026-08-02T20:45:00Z,2026-08-02T22:45:00+0200,157.83,EUR/MWh,DE,DE_LU,day_ahead_price,value,2026-08-27T09:55:05Z
2026-08-27T09:51:17Z,2026-08-27T11:51:17+0200,0130a799-f590-4e00-8cb7-476fbd850f58,2026-08-02T21:00:00Z,2026-08-02T23:00:00+0200,160.11,EUR/MWh,DE,DE_LU,day_ahead_price,value,2026-08-27T09:55:05Z
2026-08-27T09:51:17Z,2026-08-27T11:51:17+0200,0130a799-f590-4e00-8cb7-476fbd850f58,2026-08-02T21:15:00Z,2026-08-02T23:15:00+0200,155.09,EUR/MWh,DE,DE_LU,day_ahead_price,value,2026-08-27T09:55:05Z
2026-08-27T09:51:17Z,2026-08-27T11:51:17+0200,0130a799-f590-4e00-8cb7-476fbd850f58,2026-08-02T21:30:00Z,2026-08-02T23:30:00+0200,152.96,EUR/MWh,DE,DE_LU,day_ahead_price,value,2026-08-27T09:55:05Z
2026-08-27T09:51:17Z,2026-08-27T11:51:17+0200,0130a799-f590-4e00-8cb7-476fbd850f58,2026-08-02T21:45:00Z,2026-08-02T23:45:00+0200,143.17,EUR/MWh,DE,DE_LU,day_ahead_price,value,2026-08-27T09:55:05Z
2026-08-27T09:51:17Z,2026-08-27T11:51:17+0200,0130a799-f590-4e00-8cb7-476fbd850f58,2026-08-02T22:00:00Z,2026-08-03T00:00:00+0200,146.32,EUR/MWh,DE,DE_LU,day_ahead_price,value,2026-08-27T09:55:05Z
2026-08-27T09:51:17Z,2026-08-27T11:51:17+0200,0130a799-f590-4e00-8cb7-476fbd850f58,2026-08-02T22:15:00Z,2026-08-03T00:15:00+0200,141.85,EUR/MWh,DE,DE_LU,day_ahead_price,value,2026-08-27T09:55:05Z
2026-08-27T09:51:17Z,2026-08-27T11:51:17+0200,0130a799-f590-4e00-8cb7-476fbd850f58,2026-08-02T22:30:00Z,2026-08-03T00:30:00+0200,136.95,EUR/MWh,DE,DE_LU,day_ahead_price,value,2026-08-27T09:55:05Z
2026-08-27T09:51:17Z,2026-08-27T11:51:17+0200,0130a799-f590-4e00-8cb7-476fbd850f58,2026-08-02T22:45:00Z,2026-08-03T00:45:00+0200,134.05,EUR/MWh,DE,DE_LU,day_ahead_price,value,2026-08-27T09:55:05Z
2026-08-27T09:51:17Z,2026-08-27T11:51:17+0200,0130a799-f590-4e00-8cb7-476fbd850f58,2026-08-02T23:00:00Z,2026-08-03T01:00:00+0200,137.95,EUR/MWh,DE,DE_LU,day_ahead_price,value,2026-08-27T09:55:05Z
2026-08-27T09:51:17Z,2026-08-27T11:51:17+0200,0130a799-f590-4e00-8cb7-476fbd850f58,2026-08-02T23:15:00Z,2026-08-03T01:15:00+0200,134.42,EUR/MWh,DE,DE_LU,day_ahead_price,value,2026-08-27T09:55:05Z
2026-08-27T09:51:17Z,2026-08-27T11:51:17+0200,0130a799-f590-4e00-8cb7-476fbd850f58,2026-08-02T23:30:00Z,2026-08-03T01:30:00+0200,135.44,EUR/MWh,DE,DE_LU,day_ahead_price,value,2026-08-27T09:55:05Z
2026-08-27T09:51:17Z,2026-08-27T11:51:17+0200,0130a799-f590-4e00-8cb7-476fbd850f58,2026-08-02T23:45:00Z,2026-08-03T01:45:00+0200,132.63,EUR/MWh,DE,DE_LU,day_ahead_price,value,2026-08-27T09:55:05Z
2026-08-27T09:51:17Z,2026-08-27T11:51:17+0200,0130a799-f590-4e00-8cb7-476fbd850f58,2026-08-03T00:00:00Z,2026-08-03T02:00:00+0200,133.59,EUR/MWh,DE,DE_LU,day_ahead_price,value,2026-08-27T09:55:05Z
2026-08-27T09:51:17Z,2026-08-27T11:51:17+0200,0130a799-f590-4e00-8cb7-476fbd850f58,2026-08-03T00:15:00Z,2026-08-03T02:15:00+0200,131.84,EUR/MWh,DE,DE_LU,day_ahead_price,value,2026-08-27T09:55:05Z
2026-08-27T09:51:17Z,2026-08-27T11:51:17+0200,0130a799-f590-4e00-8cb7-476fbd850f58,2026-08-03T00:30:00Z,2026-08-03T02:30:00+0200,131.4,EUR/MWh,DE,DE_LU,day_ahead_price,value,2026-08-27T09:55:05Z
2026-08-27T09:51:17Z,2026-08-27T11:51:17+0200,0130a799-f590-4e00-8cb7-476fbd850f58,2026-08-03T00:45:00Z,2026-08-03T02:45:00+0200,130.93,EUR/MWh,DE,DE_LU,day_ahead_price,value,2026-08-27T09:55:05Z
2026-08-27T09:51:17Z,2026-08-27T11:51:17+0200,0130a799-f590-4e00-8cb7-476fbd850f58,2026-08-03T01:00:00Z,2026-08-03T03:00:00+0200,129.25,EUR/MWh,DE,DE_LU,day_ahead_price,value,2026-08-27T09:55:05Z
2026-08-27T09:51:17Z,2026-08-27T11:51:17+0200,0130a799-f590-4e00-8cb7-476fbd850f58,2026-08-03T01:15:00Z,2026-08-03T03:15:00+0200,128.84,EUR/MWh,DE,DE_LU,day_ahead_price,value,2026-08-27T09:55:05Z
2026-08-27T09:51:17Z,2026-08-27T11:51:17+0200,0130a799-f590-4e00-8cb7-476fbd850f58,2026-08-03T01:30:00Z,2026-08-03T03:30:00+0200,129.5,EUR/MWh,DE,DE_LU,day_ahead_price,value,2026-08-27T09:55:05Z
2026-08-27T09:51:17Z,2026-08-27T11:51:17+0200,0130a799-f590-4e00-8cb7-476fbd850f58,2026-08-03T01:45:00Z,2026-08-03T03:45:00+0200,131.56,EUR/MWh,DE,DE_LU,day_ahead_price,value,2026-08-27T09:55:05Z
2026-08-27T09:51:17Z,2026-08-27T11:51:17+0200,0130a799-f590-4e00-8cb7-476fbd850f58,2026-08-03T02:00:00Z,2026-08-03T04:00:00+0200,128.7,EUR/MWh,DE,DE_LU,day_ahead_price,value,2026-08-27T09:55:05Z
2026-08-27T09:51:17Z,2026-08-27T11:51:17+0200,0130a799-f590-4e00-8cb7-476fbd850f58,2026-08-03T02:15:00Z,2026-08-03T04:15:00+0200,131.24,EUR/MWh,DE,DE_LU,day_ahead_price,value,2026-08-27T09:55:05Z
2026-08-27T09:51:17Z,2026-08-27T11:51:17+0200,0130a799-f590-4e00-8cb7-476fbd850f58,2026-08-03T02:30:00Z,2026-08-03T04:30:00+0200,133.6,EUR/MWh,DE,DE_LU,day_ahead_price,value,2026-08-27T09:55:05Z
2026-08-27T09:51:17Z,2026-08-27T11:51:17+0200,0130a799-f590-4e00-8cb7-476fbd850f58,2026-08-03T02:45:00Z,2026-08-03T04:45:00+0200,137.41,EUR/MWh,DE,DE_LU,day_ahead_price,value,2026-08-27T09:55:05Z
2026-08-27T09:51:17Z,2026-08-27T11:51:17+0200,0130a799-f590-4e00-8cb7-476fbd850f58,2026-08-03T03:00:00Z,2026-08-03T05:00:00+0200,139.13,EUR/MWh,DE,DE_LU,day_ahead_price,value,2026-08-27T09:55:05Z
2026-08-27T09:51:17Z,2026-08-27T11:51:17+0200,0130a799-f590-4e00-8cb7-476fbd850f58,2026-08-03T03:15:00Z,2026-08-03T05:15:00+0200,141.73,EUR/MWh,DE,DE_LU,day_ahead_price,value,2026-08-27T09:55:05Z
2026-08-27T09:51:17Z,2026-08-27T11:51:17+0200,0130a799-f590-4e00-8cb7-476fbd850f58,2026-08-03T03:30:00Z,2026-08-03T05:30:00+0200,144.67,EUR/MWh,DE,DE_LU,day_ahead_price,value,2026-08-27T09:55:05Z
2026-08-27T09:51:17Z,2026-08-27T11:51:17+0200,0130a799-f590-4e00-8cb7-476fbd850f58,2026-08-03T03:45:00Z,2026-08-03T05:45:00+0200,151.67,EUR/MWh,DE,DE_LU,day_ahead_price,value,2026-08-27T09:55:05Z
2026-08-27T09:51:17Z,2026-08-27T11:51:17+0200,0130a799-f590-4e00-8cb7-476fbd850f58,2026-08-03T04:00:00Z,2026-08-03T06:00:00+0200,164.9,EUR/MWh,DE,DE_LU,day_ahead_price,value,2026-08-27T09:55:05Z
2026-08-27T09:51:17Z,2026-08-27T11:51:17+0200,0130a799-f590-4e00-8cb7-476fbd850f58,2026-08-03T04:15:00Z,2026-08-03T06:15:00+0200,171.38,EUR/MWh,DE,DE_LU,day_ahead_price,value,2026-08-27T09:55:05Z
2026-08-27T09:51:17Z,2026-08-27T11:51:17+0200,0130a799-f590-4e00-8cb7-476fbd850f58,2026-08-03T04:30:00Z,2026-08-03T06:30:00+0200,173.41,EUR/MWh,DE,DE_LU,day_ahead_price,value,2026-08-27T09:55:05Z
2026-08-27T09:51:17Z,2026-08-27T11:51:17+0200,0130a799-f590-4e00-8cb7-476fbd850f58,2026-08-03T04:45:00Z,2026-08-03T06:45:00+0200,167.21,EUR/MWh,DE,DE_LU,day_ahead_price,value,2026-08-27T09:55:05Z
2026-08-27T09:51:17Z,2026-08-27T11:51:17+0200,0130a799-f590-4e00-8cb7-476fbd850f58,2026-08-03T05:00:00Z,2026-08-03T07:00:00+0200,173.56,EUR/MWh,DE,DE_LU,day_ahead_price,value,2026-08-27T09:55:05Z
2026-08-27T09:51:17Z,2026-08-27T11:51:17+0200,0130a799-f590-4e00-8cb7-476fbd850f58,2026-08-03T05:15:00Z,2026-08-03T07:15:00+0200,166.94,EUR/MWh,DE,DE_LU,day_ahead_price,value,2026-08-27T09:55:05Z
2026-08-27T09:51:17Z,2026-08-27T11:51:17+0200,0130a799-f590-4e00-8cb7-476fbd850f58,2026-08-03T05:30:00Z,2026-08-03T07:30:00+0200,161.83,EUR/MWh,DE,DE_LU,day_ahead_price,value,2026-08-27T09:55:05Z
2026-08-27T09:51:17Z,2026-08-27T11:51:17+0200,0130a799-f590-4e00-8cb7-476fbd850f58,2026-08-03T05:45:00Z,2026-08-03T07:45:00+0200,155.63,EUR/MWh,DE,DE_LU,day_ahead_price,value,2026-08-27T09:55:05Z
2026-08-27T09:51:17Z,2026-08-27T11:51:17+0200,0130a799-f590-4e00-8cb7-476fbd850f58,2026-08-03T06:00:00Z,2026-08-03T08:00:00+0200,167.27,EUR/MWh,DE,DE_LU,day_ahead_price,value,2026-08-27T09:55:05Z
2026-08-27T09:51:17Z,2026-08-27T11:51:17+0200,0130a799-f590-4e00-8cb7-476fbd850f58,2026-08-03T06:15:00Z,2026-08-03T08:15:00+0200,156.95,EUR/MWh,DE,DE_LU,day_ahead_price,value,2026-08-27T09:55:05Z
2026-08-27T09:51:17Z,2026-08-27T11:51:17+0200,0130a799-f590-4e00-8cb7-476fbd850f58,2026-08-03T06:30:00Z,2026-08-03T08:30:00+0200,150.23,EUR/MWh,DE,DE_LU,day_ahead_price,value,2026-08-27T09:55:05Z
2026-08-27T09:51:17Z,2026-08-27T11:51:17+0200,0130a799-f590-4e00-8cb7-476fbd850f58,2026-08-03T06:45:00Z,2026-08-03T08:45:00+0200,125.55,EUR/MWh,DE,DE_LU,day_ahead_price,value,2026-08-27T09:55:05Z
2026-08-27T09:51:17Z,2026-08-27T11:51:17+0200,0130a799-f590-4e00-8cb7-476fbd850f58,2026-08-03T07:00:00Z,2026-08-03T09:00:00+0200,163.11,EUR/MWh,DE,DE_LU,day_ahead_price,value,2026-08-27T09:55:05Z
2026-08-27T09:51:17Z,2026-08-27T11:51:17+0200,0130a799-f590-4e00-8cb7-476fbd850f58,2026-08-03T07:15:00Z,2026-08-03T09:15:00+0200,134.68,EUR/MWh,DE,DE_LU,day_ahead_price,value,2026-08-27T09:55:05Z
2026-08-27T09:51:17Z,2026-08-27T11:51:17+0200,0130a799-f590-4e00-8cb7-476fbd850f58,2026-08-03T07:30:00Z,2026-08-03T09:30:00+0200,124.22,EUR/MWh,DE,DE_LU,day_ahead_price,value,2026-08-27T09:55:05Z
2026-08-27T09:51:17Z,2026-08-27T11:51:17+0200,0130a799-f590-4e00-8cb7-476fbd850f58,2026-08-03T07:45:00Z,2026-08-03T09:45:00+0200,118.48,EUR/MWh,DE,DE_LU,day_ahead_price,value,2026-08-27T09:55:05Z
2026-08-27T09:51:17Z,2026-08-27T11:51:17+0200,0130a799-f590-4e00-8cb7-476fbd850f58,2026-08-03T08:00:00Z,2026-08-03T10:00:00+0200,127.99,EUR/MWh,DE,DE_LU,day_ahead_price,value,2026-08-27T09:55:05Z
2026-08-27T09:51:17Z,2026-08-27T11:51:17+0200,0130a799-f590-4e00-8cb7-476fbd850f58,2026-08-03T08:15:00Z,2026-08-03T10:15:00+0200,117.09,EUR/MWh,DE,DE_LU,day_ahead_price,value,2026-08-27T09:55:05Z
2026-08-27T09:51:17Z,2026-08-27T11:51:17+0200,0130a799-f590-4e00-8cb7-476fbd850f58,2026-08-03T08:30:00Z,2026-08-03T10:30:00+0200,109.3,EUR/MWh,DE,DE_LU,day_ahead_price,value,2026-08-27T09:55:05Z
2026-08-27T09:51:17Z,2026-08-27T11:51:17+0200,0130a799-f590-4e00-8cb7-476fbd850f58,2026-08-03T08:45:00Z,2026-08-03T10:45:00+0200,88.76,EUR/MWh,DE,DE_LU,day_ahead_price,value,2026-08-27T09:55:05Z
2026-08-27T09:51:17Z,2026-08-27T11:51:17+0200,0130a799-f590-4e00-8cb7-476fbd850f58,2026-08-03T09:00:00Z,2026-08-03T11:00:00+0200,90.05,EUR/MWh,DE,DE_LU,day_ahead_price,value,2026-08-27T09:55:05Z
2026-08-27T09:51:17Z,2026-08-27T11:51:17+0200,0130a799-f590-4e00-8cb7-476fbd850f58,2026-08-03T09:15:00Z,2026-08-03T11:15:00+0200,74.45,EUR/MWh,DE,DE_LU,day_ahead_price,value,2026-08-27T09:55:05Z
2026-08-27T09:51:17Z,2026-08-27T11:51:17+0200,0130a799-f590-4e00-8cb7-476fbd850f58,2026-08-03T09:30:00Z,2026-08-03T11:30:00+0200,62.48,EUR/MWh,DE,DE_LU,day_ahead_price,value,2026-08-27T09:55:05Z
2026-08-27T09:51:17Z,2026-08-27T11:51:17+0200,0130a799-f590-4e00-8cb7-476fbd850f58,2026-08-03T09:45:00Z,2026-08-03T11:45:00+0200,51.73,EUR/MWh,DE,DE_LU,day_ahead_price,value,2026-08-27T09:55:05Z
2026-08-27T09:51:17Z,2026-08-27T11:51:17+0200,0130a799-f590-4e00-8cb7-476fbd850f58,2026-08-03T10:00:00Z,2026-08-03T12:00:00+0200,42.44,EUR/MWh,DE,DE_LU,day_ahead_price,value,2026-08-27T09:55:05Z
2026-08-27T09:51:17Z,2026-08-27T11:51:17+0200,0130a799-f590-4e00-8cb7-476fbd850f58,2026-08-03T10:15:00Z,2026-08-03T12:15:00+0200,25.1,EUR/MWh,DE,DE_LU,day_ahead_price,value,2026-08-27T09:55:05Z
2026-08-27T09:51:17Z,2026-08-27T11:51:17+0200,0130a799-f590-4e00-8cb7-476fbd850f58,2026-08-03T10:30:00Z,2026-08-03T12:30:00+0200,21.36,EUR/MWh,DE,DE_LU,day_ahead_price,value,2026-08-27T09:55:05Z
2026-08-27T09:51:17Z,2026-08-27T11:51:17+0200,0130a799-f590-4e00-8cb7-476fbd850f58,2026-08-03T10:45:00Z,2026-08-03T12:45:00+0200,15.22,EUR/MWh,DE,DE_LU,day_ahead_price,value,2026-08-27T09:55:05Z
2026-08-27T09:51:17Z,2026-08-27T11:51:17+0200,0130a799-f590-4e00-8cb7-476fbd850f58,2026-08-03T11:00:00Z,2026-08-03T13:00:00+0200,23.27,EUR/MWh,DE,DE_LU,day_ahead_price,value,2026-08-27T09:55:05Z
2026-08-27T09:51:17Z,2026-08-27T11:51:17+0200,0130a799-f590-4e00-8cb7-476fbd850f58,2026-08-03T11:15:00Z,2026-08-03T13:15:00+0200,20.1,EUR/MWh,DE,DE_LU,day_ahead_price,value,2026-08-27T09:55:05Z
2026-08-27T09:51:17Z,2026-08-27T11:51:17+0200,0130a799-f590-4e00-8cb7-476fbd850f58,2026-08-03T11:30:00Z,2026-08-03T13:30:00+0200,11.28,EUR/MWh,DE,DE_LU,day_ahead_price,value,2026-08-27T09:55:05Z
2026-08-27T09:51:17Z,2026-08-27T11:51:17+0200,0130a799-f590-4e00-8cb7-476fbd850f58,2026-08-03T11:45:00Z,2026-08-03T13:45:00+0200,10.9,EUR/MWh,DE,DE_LU,day_ahead_price,value,2026-08-27T09:55:05Z
2026-08-27T09:51:17Z,2026-08-27T11:51:17+0200,0130a799-f590-4e00-8cb7-476fbd850f58,2026-08-03T12:00:00Z,2026-08-03T14:00:00+0200,10.09,EUR/MWh,DE,DE_LU,day_ahead_price,value,2026-08-27T09:55:05Z
2026-08-27T09:51:17Z,2026-08-27T11:51:17+0200,0130a799-f590-4e00-8cb7-476fbd850f58,2026-08-03T12:15:00Z,2026-08-03T14:15:00+0200,13.36,EUR/MWh,DE,DE_LU,day_ahead_price,value,2026-08-27T09:55:05Z
2026-08-27T09:51:17Z,2026-08-27T11:51:17+0200,0130a799-f590-4e00-8cb7-476fbd850f58,2026-08-03T12:30:00Z,2026-08-03T14:30:00+0200,26.04,EUR/MWh,DE,DE_LU,day_ahead_price,value,2026-08-27T09:55:05Z
2026-08-27T09:51:17Z,2026-08-27T11:51:17+0200,0130a799-f590-4e00-8cb7-476fbd850f58,2026-08-03T12:45:00Z,2026-08-03T14:45:00+0200,40.73,EUR/MWh,DE,DE_LU,day_ahead_price,value,2026-08-27T09:55:05Z
2026-08-27T09:51:17Z,2026-08-27T11:51:17+0200,0130a799-f590-4e00-8cb7-476fbd850f58,2026-08-03T13:00:00Z,2026-08-03T15:00:00+0200,41.35,EUR/MWh,DE,DE_LU,day_ahead_price,value,2026-08-27T09:55:05Z
2026-08-27T09:51:17Z,2026-08-27T11:51:17+0200,0130a799-f590-4e00-8cb7-476fbd850f58,2026-08-03T13:15:00Z,2026-08-03T15:15:00+0200,58.8,EUR/MWh,DE,DE_LU,day_ahead_price,value,2026-08-27T09:55:05Z
2026-08-27T09:51:17Z,2026-08-27T11:51:17+0200,0130a799-f590-4e00-8cb7-476fbd850f58,2026-08-03T13:30:00Z,2026-08-03T15:30:00+0200,68.01,EUR/MWh,DE,DE_LU,day_ahead_price,value,2026-08-27T09:55:05Z
2026-08-27T09:51:17Z,2026-08-27T11:51:17+0200,0130a799-f590-4e00-8cb7-476fbd850f58,2026-08-03T13:45:00Z,2026-08-03T15:45:00+0200,75.09,EUR/MWh,DE,DE_LU,day_ahead_price,value,2026-08-27T09:55:05Z
2026-08-27T09:51:17Z,2026-08-27T11:51:17+0200,0130a799-f590-4e00-8cb7-476fbd850f58,2026-08-03T14:00:00Z,2026-08-03T16:00:00+0200,88.22,EUR/MWh,DE,DE_LU,day_ahead_price,value,2026-08-27T09:55:05Z
2026-08-27T09:51:17Z,2026-08-27T11:51:17+0200,0130a799-f590-4e00-8cb7-476fbd850f58,2026-08-03T14:15:00Z,2026-08-03T16:15:00+0200,96.18,EUR/MWh,DE,DE_LU,day_ahead_price,value,2026-08-27T09:55:05Z
2026-08-27T09:51:17Z,2026-08-27T11:51:17+0200,0130a799-f590-4e00-8cb7-476fbd850f58,2026-08-03T14:30:00Z,2026-08-03T16:30:00+0200,106.57,EUR/MWh,DE,DE_LU,day_ahead_price,value,2026-08-27T09:55:05Z
2026-08-27T09:51:17Z,2026-08-27T11:51:17+0200,0130a799-f590-4e00-8cb7-476fbd850f58,2026-08-03T14:45:00Z,2026-08-03T16:45:00+0200,120.26,EUR/MWh,DE,DE_LU,day_ahead_price,value,2026-08-27T09:55:05Z
2026-08-27T09:51:17Z,2026-08-27T11:51:17+0200,0130a799-f590-4e00-8cb7-476fbd850f58,2026-08-03T15:00:00Z,2026-08-03T17:00:00+0200,117.1,EUR/MWh,DE,DE_LU,day_ahead_price,value,2026-08-27T09:55:05Z
2026-08-27T09:51:17Z,2026-08-27T11:51:17+0200,0130a799-f590-4e00-8cb7-476fbd850f58,2026-08-03T15:15:00Z,2026-08-03T17:15:00+0200,123.8,EUR/MWh,DE,DE_LU,day_ahead_price,value,2026-08-27T09:55:05Z
2026-08-27T09:51:17Z,2026-08-27T11:51:17+0200,0130a799-f590-4e00-8cb7-476fbd850f58,2026-08-03T15:30:00Z,2026-08-03T17:30:00+0200,145.59,EUR/MWh,DE,DE_LU,day_ahead_price,value,2026-08-27T09:55:05Z
2026-08-27T09:51:17Z,2026-08-27T11:51:17+0200,0130a799-f590-4e00-8cb7-476fbd850f58,2026-08-03T15:45:00Z,2026-08-03T17:45:00+0200,172.71,EUR/MWh,DE,DE_LU,day_ahead_price,value,2026-08-27T09:55:05Z
2026-08-27T09:51:17Z,2026-08-27T11:51:17+0200,0130a799-f590-4e00-8cb7-476fbd850f58,2026-08-03T16:00:00Z,2026-08-03T18:00:00+0200,155.17,EUR/MWh,DE,DE_LU,day_ahead_price,value,2026-08-27T09:55:05Z
2026-08-27T09:51:17Z,2026-08-27T11:51:17+0200,0130a799-f590-4e00-8cb7-476fbd850f58,2026-08-03T16:15:00Z,2026-08-03T18:15:00+0200,162.78,EUR/MWh,DE,DE_LU,day_ahead_price,value,2026-08-27T09:55:05Z
2026-08-27T09:51:17Z,2026-08-27T11:51:17+0200,0130a799-f590-4e00-8cb7-476fbd850f58,2026-08-03T16:30:00Z,2026-08-03T18:30:00+0200,170.7,EUR/MWh,DE,DE_LU,day_ahead_price,value,2026-08-27T09:55:05Z
2026-08-27T09:51:17Z,2026-08-27T11:51:17+0200,0130a799-f590-4e00-8cb7-476fbd850f58,2026-08-03T16:45:00Z,2026-08-03T18:45:00+0200,187.46,EUR/MWh,DE,DE_LU,day_ahead_price,value,2026-08-27T09:55:05Z
2026-08-27T09:51:17Z,2026-08-27T11:51:17+0200,0130a799-f590-4e00-8cb7-476fbd850f58,2026-08-03T17:00:00Z,2026-08-03T19:00:00+0200,177.61,EUR/MWh,DE,DE_LU,day_ahead_price,value,2026-08-27T09:55:05Z
2026-08-27T09:51:17Z,2026-08-27T11:51:17+0200,0130a799-f590-4e00-8cb7-476fbd850f58,2026-08-03T17:15:00Z,2026-08-03T19:15:00+0200,189.78,EUR/MWh,DE,DE_LU,day_ahead_price,value,2026-08-27T09:55:05Z
2026-08-27T09:51:17Z,2026-08-27T11:51:17+0200,0130a799-f590-4e00-8cb7-476fbd850f58,2026-08-03T17:30:00Z,2026-08-03T19:30:00+0200,208.69,EUR/MWh,DE,DE_LU,day_ahead_price,value,2026-08-27T09:55:05Z
2026-08-27T09:51:17Z,2026-08-27T11:51:17+0200,0130a799-f590-4e00-8cb7-476fbd850f58,2026-08-03T17:45:00Z,2026-08-03T19:45:00+0200,246.99,EUR/MWh,DE,DE_LU,day_ahead_price,value,2026-08-27T09:55:05Z
2026-08-27T09:51:17Z,2026-08-27T11:51:17+0200,0130a799-f590-4e00-8cb7-476fbd850f58,2026-08-03T18:00:00Z,2026-08-03T20:00:00+0200,207.26,EUR/MWh,DE,DE_LU,day_ahead_price,value,2026-08-27T09:55:05Z
2026-08-27T09:51:17Z,2026-08-27T11:51:17+0200,0130a799-f590-4e00-8cb7-476fbd850f58,2026-08-03T18:15:00Z,2026-08-03T20:15:00+0200,201.41,EUR/MWh,DE,DE_LU,day_ahead_price,value,2026-08-27T09:55:05Z
2026-08-27T09:51:17Z,2026-08-27T11:51:17+0200,0130a799-f590-4e00-8cb7-476fbd850f58,2026-08-03T18:30:00Z,2026-08-03T20:30:00+0200,194.5,EUR/MWh,DE,DE_LU,day_ahead_price,value,2026-08-27T09:55:05Z
2026-08-27T09:51:17Z,2026-08-27T11:51:17+0200,0130a799-f590-4e00-8cb7-476fbd850f58,2026-08-03T18:45:00Z,2026-08-03T20:45:00+0200,199.53,EUR/MWh,DE,DE_LU,day_ahead_price,value,2026-08-27T09:55:05Z
2026-08-27T09:51:17Z,2026-08-27T11:51:17+0200,0130a799-f590-4e00-8cb7-476fbd850f58,2026-08-03T19:00:00Z,2026-08-03T21:00:00+0200,196.48,EUR/MWh,DE,DE_LU,day_ahead_price,value,2026-08-27T09:55:05Z
2026-08-27T09:51:17Z,2026-08-27T11:51:17+0200,0130a799-f590-4e00-8cb7-476fbd850f58,2026-08-03T19:15:00Z,2026-08-03T21:15:00+0200,188.91,EUR/MWh,DE,DE_LU,day_ahead_price,value,2026-08-27T09:55:05Z
2026-08-27T09:51:17Z,2026-08-27T11:51:17+0200,0130a799-f590-4e00-8cb7-476fbd850f58,2026-08-03T19:30:00Z,2026-08-03T21:30:00+0200,184.83,EUR/MWh,DE,DE_LU,day_ahead_price,value,2026-08-27T09:55:05Z
2026-08-27T09:51:17Z,2026-08-27T11:51:17+0200,0130a799-f590-4e00-8cb7-476fbd850f58,2026-08-03T19:45:00Z,2026-08-03T21:45:00+0200,173.01,EUR/MWh,DE,DE_LU,day_ahead_price,value,2026-08-27T09:55:05Z
2026-08-27T09:51:17Z,2026-08-27T11:51:17+0200,0130a799-f590-4e00-8cb7-476fbd850f58,2026-08-03T20:00:00Z,2026-08-03T22:00:00+0200,184.05,EUR/MWh,DE,DE_LU,day_ahead_price,value,2026-08-27T09:55:05Z
2026-08-27T09:51:17Z,2026-08-27T11:51:17+0200,0130a799-f590-4e00-8cb7-476fbd850f58,2026-08-03T20:15:00Z,2026-08-03T22:15:00+0200,175.64,EUR/MWh,DE,DE_LU,day_ahead_price,value,2026-08-27T09:55:05Z
2026-08-27T09:51:17Z,2026-08-27T11:51:17+0200,0130a799-f590-4e00-8cb7-476fbd850f58,2026-08-03T20:30:00Z,2026-08-03T22:30:00+0200,173.01,EUR/MWh,DE,DE_LU,day_ahead_price,value,2026-08-27T09:55:05Z
2026-08-27T09:51:17Z,2026-08-27T11:51:17+0200,0130a799-f590-4e00-8cb7-476fbd850f58,2026-08-03T20:45:00Z,2026-08-03T22:45:00+0200,165.02,EUR/MWh,DE,DE_LU,day_ahead_price,value,2026-08-27T09:55:05Z
2026-08-27T09:51:17Z,2026-08-27T11:51:17+0200,0130a799-f590-4e00-8cb7-476fbd850f58,2026-08-03T21:00:00Z,2026-08-03T23:00:00+0200,166.58,EUR/MWh,DE,DE_LU,day_ahead_price,value,2026-08-27T09:55:05Z
2026-08-27T09:51:17Z,2026-08-27T11:51:17+0200,0130a799-f590-4e00-8cb7-476fbd850f58,2026-08-03T21:15:00Z,2026-08-03T23:15:00+0200,160.0,EUR/MWh,DE,DE_LU,day_ahead_price,value,2026-08-27T09:55:05Z
2026-08-27T09:51:17Z,2026-08-27T11:51:17+0200,0130a799-f590-4e00-8cb7-476fbd850f58,2026-08-03T21:30:00Z,2026-08-03T23:30:00+0200,155.7,EUR/MWh,DE,DE_LU,day_ahead_price,value,2026-08-27T09:55:05Z
2026-08-27T09:51:17Z,2026-08-27T11:51:17+0200,0130a799-f590-4e00-8cb7-476fbd850f58,2026-08-03T21:45:00Z,2026-08-03T23:45:00+0200,146.27,EUR/MWh,DE,DE_LU,day_ahead_price,value,2026-08-27T09:55:05Z
2026-08-27T09:51:17Z,2026-08-27T11:51:17+0200,0130a799-f590-4e00-8cb7-476fbd850f58,2026-08-03T22:00:00Z,2026-08-04T00:00:00+0200,168.81,EUR/MWh,DE,DE_LU,day_ahead_price,value,2026-08-27T09:55:05Z
2026-08-27T09:51:17Z,2026-08-27T11:51:17+0200,0130a799-f590-4e00-8cb7-476fbd850f58,2026-08-03T22:15:00Z,2026-08-04T00:15:00+0200,152.23,EUR/MWh,DE,DE_LU,day_ahead_price,value,2026-08-27T09:55:05Z
2026-08-27T09:51:17Z,2026-08-27T11:51:17+0200,0130a799-f590-4e00-8cb7-476fbd850f58,2026-08-03T22:30:00Z,2026-08-04T00:30:00+0200,151.15,EUR/MWh,DE,DE_LU,day_ahead_price,value,2026-08-27T09:55:05Z
2026-08-27T09:51:17Z,2026-08-27T11:51:17+0200,0130a799-f590-4e00-8cb7-476fbd850f58,2026-08-03T22:45:00Z,2026-08-04T00:45:00+0200,143.81,EUR/MWh,DE,DE_LU,day_ahead_price,value,2026-08-27T09:55:05Z
2026-08-27T09:51:17Z,2026-08-27T11:51:17+0200,0130a799-f590-4e00-8cb7-476fbd850f58,2026-08-03T23:00:00Z,2026-08-04T01:00:00+0200,151.26,EUR/MWh,DE,DE_LU,day_ahead_price,value,2026-08-27T09:55:05Z
2026-08-27T09:51:17Z,2026-08-27T11:51:17+0200,0130a799-f590-4e00-8cb7-476fbd850f58,2026-08-03T23:15:00Z,2026-08-04T01:15:00+0200,144.52,EUR/MWh,DE,DE_LU,day_ahead_price,value,2026-08-27T09:55:05Z
2026-08-27T09:51:17Z,2026-08-27T11:51:17+0200,0130a799-f590-4e00-8cb7-476fbd850f58,2026-08-03T23:30:00Z,2026-08-04T01:30:00+0200,143.87,EUR/MWh,DE,DE_LU,day_ahead_price,value,2026-08-27T09:55:05Z
2026-08-27T09:51:17Z,2026-08-27T11:51:17+0200,0130a799-f590-4e00-8cb7-476fbd850f58,2026-08-03T23:45:00Z,2026-08-04T01:45:00+0200,139.22,EUR/MWh,DE,DE_LU,day_ahead_price,value,2026-08-27T09:55:05Z
2026-08-27T09:51:17Z,2026-08-27T11:51:17+0200,0130a799-f590-4e00-8cb7-476fbd850f58,2026-08-04T00:00:00Z,2026-08-04T02:00:00+0200,140.8,EUR/MWh,DE,DE_LU,day_ahead_price,value,2026-08-27T09:55:05Z
2026-08-27T09:51:17Z,2026-08-27T11:51:17+0200,0130a799-f590-4e00-8cb7-476fbd850f58,2026-08-04T00:15:00Z,2026-08-04T02:15:00+0200,140.25,EUR/MWh,DE,DE_LU,day_ahead_price,value,2026-08-27T09:55:05Z
2026-08-27T09:51:17Z,2026-08-27T11:51:17+0200,0130a799-f590-4e00-8cb7-476fbd850f58,2026-08-04T00:30:00Z,2026-08-04T02:30:00+0200,139.17,EUR/MWh,DE,DE_LU,day_ahead_price,value,2026-08-27T09:55:05Z
2026-08-27T09:51:17Z,2026-08-27T11:51:17+0200,0130a799-f590-4e00-8cb7-476fbd850f58,2026-08-04T00:45:00Z,2026-08-04T02:45:00+0200,135.76,EUR/MWh,DE,DE_LU,day_ahead_price,value,2026-08-27T09:55:05Z
2026-08-27T09:51:17Z,2026-08-27T11:51:17+0200,0130a799-f590-4e00-8cb7-476fbd850f58,2026-08-04T01:00:00Z,2026-08-04T03:00:00+0200,134.42,EUR/MWh,DE,DE_LU,day_ahead_price,value,2026-08-27T09:55:05Z
2026-08-27T09:51:17Z,2026-08-27T11:51:17+0200,0130a799-f590-4e00-8cb7-476fbd850f58,2026-08-04T01:15:00Z,2026-08-04T03:15:00+0200,136.01,EUR/MWh,DE,DE_LU,day_ahead_price,value,2026-08-27T09:55:05Z
2026-08-27T09:51:17Z,2026-08-27T11:51:17+0200,0130a799-f590-4e00-8cb7-476fbd850f58,2026-08-04T01:30:00Z,2026-08-04T03:30:00+0200,138.33,EUR/MWh,DE,DE_LU,day_ahead_price,value,2026-08-27T09:55:05Z
2026-08-27T09:51:17Z,2026-08-27T11:51:17+0200,0130a799-f590-4e00-8cb7-476fbd850f58,2026-08-04T01:45:00Z,2026-08-04T03:45:00+0200,139.66,EUR/MWh,DE,DE_LU,day_ahead_price,value,2026-08-27T09:55:05Z
2026-08-27T09:51:17Z,2026-08-27T11:51:17+0200,0130a799-f590-4e00-8cb7-476fbd850f58,2026-08-04T02:00:00Z,2026-08-04T04:00:00+0200,139.17,EUR/MWh,DE,DE_LU,day_ahead_price,value,2026-08-27T09:55:05Z
2026-08-27T09:51:17Z,2026-08-27T11:51:17+0200,0130a799-f590-4e00-8cb7-476fbd850f58,2026-08-04T02:15:00Z,2026-08-04T04:15:00+0200,139.73,EUR/MWh,DE,DE_LU,day_ahead_price,value,2026-08-27T09:55:05Z
2026-08-27T09:51:17Z,2026-08-27T11:51:17+0200,0130a799-f590-4e00-8cb7-476fbd850f58,2026-08-04T02:30:00Z,2026-08-04T04:30:00+0200,142.47,EUR/MWh,DE,DE_LU,day_ahead_price,value,2026-08-27T09:55:05Z
2026-08-27T09:51:17Z,2026-08-27T11:51:17+0200,0130a799-f590-4e00-8cb7-476fbd850f58,2026-08-04T02:45:00Z,2026-08-04T04:45:00+0200,151.29,EUR/MWh,DE,DE_LU,day_ahead_price,value,2026-08-27T09:55:05Z
2026-08-27T09:51:17Z,2026-08-27T11:51:17+0200,0130a799-f590-4e00-8cb7-476fbd850f58,2026-08-04T03:00:00Z,2026-08-04T05:00:00+0200,151.75,EUR/MWh,DE,DE_LU,day_ahead_price,value,2026-08-27T09:55:05Z
2026-08-27T09:51:17Z,2026-08-27T11:51:17+0200,0130a799-f590-4e00-8cb7-476fbd850f58,2026-08-04T03:15:00Z,2026-08-04T05:15:00+0200,152.65,EUR/MWh,DE,DE_LU,day_ahead_price,value,2026-08-27T09:55:05Z
2026-08-27T09:51:17Z,2026-08-27T11:51:17+0200,0130a799-f590-4e00-8cb7-476fbd850f58,2026-08-04T03:30:00Z,2026-08-04T05:30:00+0200,156.0,EUR/MWh,DE,DE_LU,day_ahead_price,value,2026-08-27T09:55:05Z
2026-08-27T09:51:17Z,2026-08-27T11:51:17+0200,0130a799-f590-4e00-8cb7-476fbd850f58,2026-08-04T03:45:00Z,2026-08-04T05:45:00+0200,167.41,EUR/MWh,DE,DE_LU,day_ahead_price,value,2026-08-27T09:55:05Z
2026-08-27T09:51:17Z,2026-08-27T11:51:17+0200,0130a799-f590-4e00-8cb7-476fbd850f58,2026-08-04T04:00:00Z,2026-08-04T06:00:00+0200,166.64,EUR/MWh,DE,DE_LU,day_ahead_price,value,2026-08-27T09:55:05Z
2026-08-27T09:51:17Z,2026-08-27T11:51:17+0200,0130a799-f590-4e00-8cb7-476fbd850f58,2026-08-04T04:15:00Z,2026-08-04T06:15:00+0200,174.41,EUR/MWh,DE,DE_LU,day_ahead_price,value,2026-08-27T09:55:05Z
2026-08-27T09:51:17Z,2026-08-27T11:51:17+0200,0130a799-f590-4e00-8cb7-476fbd850f58,2026-08-04T04:30:00Z,2026-08-04T06:30:00+0200,170.78,EUR/MWh,DE,DE_LU,day_ahead_price,value,2026-08-27T09:55:05Z
2026-08-27T09:51:17Z,2026-08-27T11:51:17+0200,0130a799-f590-4e00-8cb7-476fbd850f58,2026-08-04T04:45:00Z,2026-08-04T06:45:00+0200,171.9,EUR/MWh,DE,DE_LU,day_ahead_price,value,2026-08-27T09:55:05Z
2026-08-27T09:51:17Z,2026-08-27T11:51:17+0200,0130a799-f590-4e00-8cb7-476fbd850f58,2026-08-04T05:00:00Z,2026-08-04T07:00:00+0200,178.09,EUR/MWh,DE,DE_LU,day_ahead_price,value,2026-08-27T09:55:05Z
2026-08-27T09:51:17Z,2026-08-27T11:51:17+0200,0130a799-f590-4e00-8cb7-476fbd850f58,2026-08-04T05:15:00Z,2026-08-04T07:15:00+0200,172.31,EUR/MWh,DE,DE_LU,day_ahead_price,value,2026-08-27T09:55:05Z
2026-08-27T09:51:17Z,2026-08-27T11:51:17+0200,0130a799-f590-4e00-8cb7-476fbd850f58,2026-08-04T05:30:00Z,2026-08-04T07:30:00+0200,171.95,EUR/MWh,DE,DE_LU,day_ahead_price,value,2026-08-27T09:55:05Z
2026-08-27T09:51:17Z,2026-08-27T11:51:17+0200,0130a799-f590-4e00-8cb7-476fbd850f58,2026-08-04T05:45:00Z,2026-08-04T07:45:00+0200,154.78,EUR/MWh,DE,DE_LU,day_ahead_price,value,2026-08-27T09:55:05Z
2026-08-27T09:51:17Z,2026-08-27T11:51:17+0200,0130a799-f590-4e00-8cb7-476fbd850f58,2026-08-04T06:00:00Z,2026-08-04T08:00:00+0200,177.98,EUR/MWh,DE,DE_LU,day_ahead_price,value,2026-08-27T09:55:05Z
2026-08-27T09:51:17Z,2026-08-27T11:51:17+0200,0130a799-f590-4e00-8cb7-476fbd850f58,2026-08-04T06:15:00Z,2026-08-04T08:15:00+0200,168.1,EUR/MWh,DE,DE_LU,day_ahead_price,value,2026-08-27T09:55:05Z
2026-08-27T09:51:17Z,2026-08-27T11:51:17+0200,0130a799-f590-4e00-8cb7-476fbd850f58,2026-08-04T06:30:00Z,2026-08-04T08:30:00+0200,157.05,EUR/MWh,DE,DE_LU,day_ahead_price,value,2026-08-27T09:55:05Z
2026-08-27T09:51:17Z,2026-08-27T11:51:17+0200,0130a799-f590-4e00-8cb7-476fbd850f58,2026-08-04T06:45:00Z,2026-08-04T08:45:00+0200,142.83,EUR/MWh,DE,DE_LU,day_ahead_price,value,2026-08-27T09:55:05Z
2026-08-27T09:51:17Z,2026-08-27T11:51:17+0200,0130a799-f590-4e00-8cb7-476fbd850f58,2026-08-04T07:00:00Z,2026-08-04T09:00:00+0200,174.24,EUR/MWh,DE,DE_LU,day_ahead_price,value,2026-08-27T09:55:05Z
2026-08-27T09:51:17Z,2026-08-27T11:51:17+0200,0130a799-f590-4e00-8cb7-476fbd850f58,2026-08-04T07:15:00Z,2026-08-04T09:15:00+0200,156.6,EUR/MWh,DE,DE_LU,day_ahead_price,value,2026-08-27T09:55:05Z
2026-08-27T09:51:17Z,2026-08-27T11:51:17+0200,0130a799-f590-4e00-8cb7-476fbd850f58,2026-08-04T07:30:00Z,2026-08-04T09:30:00+0200,134.08,EUR/MWh,DE,DE_LU,day_ahead_price,value,2026-08-27T09:55:05Z
2026-08-27T09:51:17Z,2026-08-27T11:51:17+0200,0130a799-f590-4e00-8cb7-476fbd850f58,2026-08-04T07:45:00Z,2026-08-04T09:45:00+0200,121.23,EUR/MWh,DE,DE_LU,day_ahead_price,value,2026-08-27T09:55:05Z
2026-08-27T09:51:17Z,2026-08-27T11:51:17+0200,0130a799-f590-4e00-8cb7-476fbd850f58,2026-08-04T08:00:00Z,2026-08-04T10:00:00+0200,143.5,EUR/MWh,DE,DE_LU,day_ahead_price,value,2026-08-27T09:55:05Z
2026-08-27T09:51:17Z,2026-08-27T11:51:17+0200,0130a799-f590-4e00-8cb7-476fbd850f58,2026-08-04T08:15:00Z,2026-08-04T10:15:00+0200,122.39,EUR/MWh,DE,DE_LU,day_ahead_price,value,2026-08-27T09:55:05Z
2026-08-27T09:51:17Z,2026-08-27T11:51:17+0200,0130a799-f590-4e00-8cb7-476fbd850f58,2026-08-04T08:30:00Z,2026-08-04T10:30:00+0200,117.57,EUR/MWh,DE,DE_LU,day_ahead_price,value,2026-08-27T09:55:05Z
2026-08-27T09:51:17Z,2026-08-27T11:51:17+0200,0130a799-f590-4e00-8cb7-476fbd850f58,2026-08-04T08:45:00Z,2026-08-04T10:45:00+0200,114.58,EUR/MWh,DE,DE_LU,day_ahead_price,value,2026-08-27T09:55:05Z
2026-08-27T09:51:17Z,2026-08-27T11:51:17+0200,0130a799-f590-4e00-8cb7-476fbd850f58,2026-08-04T09:00:00Z,2026-08-04T11:00:00+0200,113.9,EUR/MWh,DE,DE_LU,day_ahead_price,value,2026-08-27T09:55:05Z
2026-08-27T09:51:17Z,2026-08-27T11:51:17+0200,0130a799-f590-4e00-8cb7-476fbd850f58,2026-08-04T09:15:00Z,2026-08-04T11:15:00+0200,106.83,EUR/MWh,DE,DE_LU,day_ahead_price,value,2026-08-27T09:55:05Z
2026-08-27T09:51:17Z,2026-08-27T11:51:17+0200,0130a799-f590-4e00-8cb7-476fbd850f58,2026-08-04T09:30:00Z,2026-08-04T11:30:00+0200,98.05,EUR/MWh,DE,DE_LU,day_ahead_price,value,2026-08-27T09:55:05Z
2026-08-27T09:51:17Z,2026-08-27T11:51:17+0200,0130a799-f590-4e00-8cb7-476fbd850f58,2026-08-04T09:45:00Z,2026-08-04T11:45:00+0200,96.17,EUR/MWh,DE,DE_LU,day_ahead_price,value,2026-08-27T09:55:05Z
2026-08-27T09:51:17Z,2026-08-27T11:51:17+0200,0130a799-f590-4e00-8cb7-476fbd850f58,2026-08-04T10:00:00Z,2026-08-04T12:00:00+0200,94.99,EUR/MWh,DE,DE_LU,day_ahead_price,value,2026-08-27T09:55:05Z
2026-08-27T09:51:17Z,2026-08-27T11:51:17+0200,0130a799-f590-4e00-8cb7-476fbd850f58,2026-08-04T10:15:00Z,2026-08-04T12:15:00+0200,85.7,EUR/MWh,DE,DE_LU,day_ahead_price,value,2026-08-27T09:55:05Z
2026-08-27T09:51:17Z,2026-08-27T11:51:17+0200,0130a799-f590-4e00-8cb7-476fbd850f58,2026-08-04T10:30:00Z,2026-08-04T12:30:00+0200,85.01,EUR/MWh,DE,DE_LU,day_ahead_price,value,2026-08-27T09:55:05Z
2026-08-27T09:51:17Z,2026-08-27T11:51:17+0200,0130a799-f590-4e00-8cb7-476fbd850f58,2026-08-04T10:45:00Z,2026-08-04T12:45:00+0200,83.55,EUR/MWh,DE,DE_LU,day_ahead_price,value,2026-08-27T09:55:05Z
2026-08-27T09:51:17Z,2026-08-27T11:51:17+0200,0130a799-f590-4e00-8cb7-476fbd850f58,2026-08-04T11:00:00Z,2026-08-04T13:00:00+0200,81.95,EUR/MWh,DE,DE_LU,day_ahead_price,value,2026-08-27T09:55:05Z
2026-08-27T09:51:17Z,2026-08-27T11:51:17+0200,0130a799-f590-4e00-8cb7-476fbd850f58,2026-08-04T11:15:00Z,2026-08-04T13:15:00+0200,80.59,EUR/MWh,DE,DE_LU,day_ahead_price,value,2026-08-27T09:55:05Z
2026-08-27T09:51:17Z,2026-08-27T11:51:17+0200,0130a799-f590-4e00-8cb7-476fbd850f58,2026-08-04T11:30:00Z,2026-08-04T13:30:00+0200,72.34,EUR/MWh,DE,DE_LU,day_ahead_price,value,2026-08-27T09:55:05Z
2026-08-27T09:51:17Z,2026-08-27T11:51:17+0200,0130a799-f590-4e00-8cb7-476fbd850f58,2026-08-04T11:45:00Z,2026-08-04T13:45:00+0200,70.98,EUR/MWh,DE,DE_LU,day_ahead_price,value,2026-08-27T09:55:05Z
2026-08-27T09:51:17Z,2026-08-27T11:51:17+0200,0130a799-f590-4e00-8cb7-476fbd850f58,2026-08-04T12:00:00Z,2026-08-04T14:00:00+0200,81.65,EUR/MWh,DE,DE_LU,day_ahead_price,value,2026-08-27T09:55:05Z
2026-08-27T09:51:17Z,2026-08-27T11:51:17+0200,0130a799-f590-4e00-8cb7-476fbd850f58,2026-08-04T12:15:00Z,2026-08-04T14:15:00+0200,84.32,EUR/MWh,DE,DE_LU,day_ahead_price,value,2026-08-27T09:55:05Z
2026-08-27T09:51:17Z,2026-08-27T11:51:17+0200,0130a799-f590-4e00-8cb7-476fbd850f58,2026-08-04T12:30:00Z,2026-08-04T14:30:00+0200,85.01,EUR/MWh,DE,DE_LU,day_ahead_price,value,2026-08-27T09:55:05Z
2026-08-27T09:51:17Z,2026-08-27T11:51:17+0200,0130a799-f590-4e00-8cb7-476fbd850f58,2026-08-04T12:45:00Z,2026-08-04T14:45:00+0200,85.27,EUR/MWh,DE,DE_LU,day_ahead_price,value,2026-08-27T09:55:05Z
2026-08-27T09:51:17Z,2026-08-27T11:51:17+0200,0130a799-f590-4e00-8cb7-476fbd850f58,2026-08-04T13:00:00Z,2026-08-04T15:00:00+0200,96.37,EUR/MWh,DE,DE_LU,day_ahead_price,value,2026-08-27T09:55:05Z
2026-08-27T09:51:17Z,2026-08-27T11:51:17+0200,0130a799-f590-4e00-8cb7-476fbd850f58,2026-08-04T13:15:00Z,2026-08-04T15:15:00+0200,101.61,EUR/MWh,DE,DE_LU,day_ahead_price,value,2026-08-27T09:55:05Z
2026-08-27T09:51:17Z,2026-08-27T11:51:17+0200,0130a799-f590-4e00-8cb7-476fbd850f58,2026-08-04T13:30:00Z,2026-08-04T15:30:00+0200,117.07,EUR/MWh,DE,DE_LU,day_ahead_price,value,2026-08-27T09:55:05Z
2026-08-27T09:51:17Z,2026-08-27T11:51:17+0200,0130a799-f590-4e00-8cb7-476fbd850f58,2026-08-04T13:45:00Z,2026-08-04T15:45:00+0200,122.78,EUR/MWh,DE,DE_LU,day_ahead_price,value,2026-08-27T09:55:05Z
2026-08-27T09:51:17Z,2026-08-27T11:51:17+0200,0130a799-f590-4e00-8cb7-476fbd850f58,2026-08-04T14:00:00Z,2026-08-04T16:00:00+0200,119.5,EUR/MWh,DE,DE_LU,day_ahead_price,value,2026-08-27T09:55:05Z
2026-08-27T09:51:17Z,2026-08-27T11:51:17+0200,0130a799-f590-4e00-8cb7-476fbd850f58,2026-08-04T14:15:00Z,2026-08-04T16:15:00+0200,123.46,EUR/MWh,DE,DE_LU,day_ahead_price,value,2026-08-27T09:55:05Z
2026-08-27T09:51:17Z,2026-08-27T11:51:17+0200,0130a799-f590-4e00-8cb7-476fbd850f58,2026-08-04T14:30:00Z,2026-08-04T16:30:00+0200,124.08,EUR/MWh,DE,DE_LU,day_ahead_price,value,2026-08-27T09:55:05Z
2026-08-27T09:51:17Z,2026-08-27T11:51:17+0200,0130a799-f590-4e00-8cb7-476fbd850f58,2026-08-04T14:45:00Z,2026-08-04T16:45:00+0200,142.71,EUR/MWh,DE,DE_LU,day_ahead_price,value,2026-08-27T09:55:05Z
2026-08-27T09:51:17Z,2026-08-27T11:51:17+0200,0130a799-f590-4e00-8cb7-476fbd850f58,2026-08-04T15:00:00Z,2026-08-04T17:00:00+0200,137.21,EUR/MWh,DE,DE_LU,day_ahead_price,value,2026-08-27T09:55:05Z
2026-08-27T09:51:17Z,2026-08-27T11:51:17+0200,0130a799-f590-4e00-8cb7-476fbd850f58,2026-08-04T15:15:00Z,2026-08-04T17:15:00+0200,149.41,EUR/MWh,DE,DE_LU,day_ahead_price,value,2026-08-27T09:55:05Z
2026-08-27T09:51:17Z,2026-08-27T11:51:17+0200,0130a799-f590-4e00-8cb7-476fbd850f58,2026-08-04T15:30:00Z,2026-08-04T17:30:00+0200,165.9,EUR/MWh,DE,DE_LU,day_ahead_price,value,2026-08-27T09:55:05Z
2026-08-27T09:51:17Z,2026-08-27T11:51:17+0200,0130a799-f590-4e00-8cb7-476fbd850f58,2026-08-04T15:45:00Z,2026-08-04T17:45:00+0200,167.33,EUR/MWh,DE,DE_LU,day_ahead_price,value,2026-08-27T09:55:05Z
2026-08-27T09:51:17Z,2026-08-27T11:51:17+0200,0130a799-f590-4e00-8cb7-476fbd850f58,2026-08-04T16:00:00Z,2026-08-04T18:00:00+0200,155.95,EUR/MWh,DE,DE_LU,day_ahead_price,value,2026-08-27T09:55:05Z
2026-08-27T09:51:17Z,2026-08-27T11:51:17+0200,0130a799-f590-4e00-8cb7-476fbd850f58,2026-08-04T16:15:00Z,2026-08-04T18:15:00+0200,156.4,EUR/MWh,DE,DE_LU,day_ahead_price,value,2026-08-27T09:55:05Z
2026-08-27T09:51:17Z,2026-08-27T11:51:17+0200,0130a799-f590-4e00-8cb7-476fbd850f58,2026-08-04T16:30:00Z,2026-08-04T18:30:00+0200,176.28,EUR/MWh,DE,DE_LU,day_ahead_price,value,2026-08-27T09:55:05Z
2026-08-27T09:51:17Z,2026-08-27T11:51:17+0200,0130a799-f590-4e00-8cb7-476fbd850f58,2026-08-04T16:45:00Z,2026-08-04T18:45:00+0200,213.56,EUR/MWh,DE,DE_LU,day_ahead_price,value,2026-08-27T09:55:05Z
2026-08-27T09:51:17Z,2026-08-27T11:51:17+0200,0130a799-f590-4e00-8cb7-476fbd850f58,2026-08-04T17:00:00Z,2026-08-04T19:00:00+0200,170.39,EUR/MWh,DE,DE_LU,day_ahead_price,value,2026-08-27T09:55:05Z
2026-08-27T09:51:17Z,2026-08-27T11:51:17+0200,0130a799-f590-4e00-8cb7-476fbd850f58,2026-08-04T17:15:00Z,2026-08-04T19:15:00+0200,201.19,EUR/MWh,DE,DE_LU,day_ahead_price,value,2026-08-27T09:55:05Z
2026-08-27T09:51:17Z,2026-08-27T11:51:17+0200,0130a799-f590-4e00-8cb7-476fbd850f58,2026-08-04T17:30:00Z,2026-08-04T19:30:00+0200,236.85,EUR/MWh,DE,DE_LU,day_ahead_price,value,2026-08-27T09:55:05Z
2026-08-27T09:51:17Z,2026-08-27T11:51:17+0200,0130a799-f590-4e00-8cb7-476fbd850f58,2026-08-04T17:45:00Z,2026-08-04T19:45:00+0200,303.57,EUR/MWh,DE,DE_LU,day_ahead_price,value,2026-08-27T09:55:05Z
2026-08-27T09:51:17Z,2026-08-27T11:51:17+0200,0130a799-f590-4e00-8cb7-476fbd850f58,2026-08-04T18:00:00Z,2026-08-04T20:00:00+0200,240.01,EUR/MWh,DE,DE_LU,day_ahead_price,value,2026-08-27T09:55:05Z
2026-08-27T09:51:17Z,2026-08-27T11:51:17+0200,0130a799-f590-4e00-8cb7-476fbd850f58,2026-08-04T18:15:00Z,2026-08-04T20:15:00+0200,248.74,EUR/MWh,DE,DE_LU,day_ahead_price,value,2026-08-27T09:55:05Z
2026-08-27T09:51:17Z,2026-08-27T11:51:17+0200,0130a799-f590-4e00-8cb7-476fbd850f58,2026-08-04T18:30:00Z,2026-08-04T20:30:00+0200,241.06,EUR/MWh,DE,DE_LU,day_ahead_price,value,2026-08-27T09:55:05Z
2026-08-27T09:51:17Z,2026-08-27T11:51:17+0200,0130a799-f590-4e00-8cb7-476fbd850f58,2026-08-04T18:45:00Z,2026-08-04T20:45:00+0200,230.21,EUR/MWh,DE,DE_LU,day_ahead_price,value,2026-08-27T09:55:05Z
2026-08-27T09:51:17Z,2026-08-27T11:51:17+0200,0130a799-f590-4e00-8cb7-476fbd850f58,2026-08-04T19:00:00Z,2026-08-04T21:00:00+0200,239.71,EUR/MWh,DE,DE_LU,day_ahead_price,value,2026-08-27T09:55:05Z
2026-08-27T09:51:17Z,2026-08-27T11:51:17+0200,0130a799-f590-4e00-8cb7-476fbd850f58,2026-08-04T19:15:00Z,2026-08-04T21:15:00+0200,214.07,EUR/MWh,DE,DE_LU,day_ahead_price,value,2026-08-27T09:55:05Z
2026-08-27T09:51:17Z,2026-08-27T11:51:17+0200,0130a799-f590-4e00-8cb7-476fbd850f58,2026-08-04T19:30:00Z,2026-08-04T21:30:00+0200,203.55,EUR/MWh,DE,DE_LU,day_ahead_price,value,2026-08-27T09:55:05Z
2026-08-27T09:51:17Z,2026-08-27T11:51:17+0200,0130a799-f590-4e00-8cb7-476fbd850f58,2026-08-04T19:45:00Z,2026-08-04T21:45:00+0200,190.85,EUR/MWh,DE,DE_LU,day_ahead_price,value,2026-08-27T09:55:05Z
2026-08-27T09:51:17Z,2026-08-27T11:51:17+0200,0130a799-f590-4e00-8cb7-476fbd850f58,2026-08-04T20:00:00Z,2026-08-04T22:00:00+0200,198.68,EUR/MWh,DE,DE_LU,day_ahead_price,value,2026-08-27T09:55:05Z
2026-08-27T09:51:17Z,2026-08-27T11:51:17+0200,0130a799-f590-4e00-8cb7-476fbd850f58,2026-08-04T20:15:00Z,2026-08-04T22:15:00+0200,181.42,EUR/MWh,DE,DE_LU,day_ahead_price,value,2026-08-27T09:55:05Z
2026-08-27T09:51:17Z,2026-08-27T11:51:17+0200,0130a799-f590-4e00-8cb7-476fbd850f58,2026-08-04T20:30:00Z,2026-08-04T22:30:00+0200,184.89,EUR/MWh,DE,DE_LU,day_ahead_price,value,2026-08-27T09:55:05Z
2026-08-27T09:51:17Z,2026-08-27T11:51:17+0200,0130a799-f590-4e00-8cb7-476fbd850f58,2026-08-04T20:45:00Z,2026-08-04T22:45:00+0200,175.52,EUR/MWh,DE,DE_LU,day_ahead_price,value,2026-08-27T09:55:05Z
2026-08-27T09:51:17Z,2026-08-27T11:51:17+0200,0130a799-f590-4e00-8cb7-476fbd850f58,2026-08-04T21:00:00Z,2026-08-04T23:00:00+0200,170.88,EUR/MWh,DE,DE_LU,day_ahead_price,value,2026-08-27T09:55:05Z
2026-08-27T09:51:17Z,2026-08-27T11:51:17+0200,0130a799-f590-4e00-8cb7-476fbd850f58,2026-08-04T21:15:00Z,2026-08-04T23:15:00+0200,166.5,EUR/MWh,DE,DE_LU,day_ahead_price,value,2026-08-27T09:55:05Z
2026-08-27T09:51:17Z,2026-08-27T11:51:17+0200,0130a799-f590-4e00-8cb7-476fbd850f58,2026-08-04T21:30:00Z,2026-08-04T23:30:00+0200,163.1,EUR/MWh,DE,DE_LU,day_ahead_price,value,2026-08-27T09:55:05Z
2026-08-27T09:51:17Z,2026-08-27T11:51:17+0200,0130a799-f590-4e00-8cb7-476fbd850f58,2026-08-04T21:45:00Z,2026-08-04T23:45:00+0200,151.78,EUR/MWh,DE,DE_LU,day_ahead_price,value,2026-08-27T09:55:05Z
2026-08-27T09:51:17Z,2026-08-27T11:51:17+0200,0130a799-f590-4e00-8cb7-476fbd850f58,2026-08-04T22:00:00Z,2026-08-05T00:00:00+0200,162.65,EUR/MWh,DE,DE_LU,day_ahead_price,value,2026-08-27T09:55:05Z
2026-08-27T09:51:17Z,2026-08-27T11:51:17+0200,0130a799-f590-4e00-8cb7-476fbd850f58,2026-08-04T22:15:00Z,2026-08-05T00:15:00+0200,156.5,EUR/MWh,DE,DE_LU,day_ahead_price,value,2026-08-27T09:55:05Z
2026-08-27T09:51:17Z,2026-08-27T11:51:17+0200,0130a799-f590-4e00-8cb7-476fbd850f58,2026-08-04T22:30:00Z,2026-08-05T00:30:00+0200,151.55,EUR/MWh,DE,DE_LU,day_ahead_price,value,2026-08-27T09:55:05Z
2026-08-27T09:51:17Z,2026-08-27T11:51:17+0200,0130a799-f590-4e00-8cb7-476fbd850f58,2026-08-04T22:45:00Z,2026-08-05T00:45:00+0200,150.07,EUR/MWh,DE,DE_LU,day_ahead_price,value,2026-08-27T09:55:05Z
2026-08-27T09:51:17Z,2026-08-27T11:51:17+0200,0130a799-f590-4e00-8cb7-476fbd850f58,2026-08-04T23:00:00Z,2026-08-05T01:00:00+0200,152.76,EUR/MWh,DE,DE_LU,day_ahead_price,value,2026-08-27T09:55:05Z
2026-08-27T09:51:17Z,2026-08-27T11:51:17+0200,0130a799-f590-4e00-8cb7-476fbd850f58,2026-08-04T23:15:00Z,2026-08-05T01:15:00+0200,148.53,EUR/MWh,DE,DE_LU,day_ahead_price,value,2026-08-27T09:55:05Z
2026-08-27T09:51:17Z,2026-08-27T11:51:17+0200,0130a799-f590-4e00-8cb7-476fbd850f58,2026-08-04T23:30:00Z,2026-08-05T01:30:00+0200,148.29,EUR/MWh,DE,DE_LU,day_ahead_price,value,2026-08-27T09:55:05Z
2026-08-27T09:51:17Z,2026-08-27T11:51:17+0200,0130a799-f590-4e00-8cb7-476fbd850f58,2026-08-04T23:45:00Z,2026-08-05T01:45:00+0200,147.81,EUR/MWh,DE,DE_LU,day_ahead_price,value,2026-08-27T09:55:05Z
2026-08-27T09:51:17Z,2026-08-27T11:51:17+0200,0130a799-f590-4e00-8cb7-476fbd850f58,2026-08-05T00:00:00Z,2026-08-05T02:00:00+0200,152.68,EUR/MWh,DE,DE_LU,day_ahead_price,value,2026-08-27T09:55:05Z
2026-08-27T09:51:17Z,2026-08-27T11:51:17+0200,0130a799-f590-4e00-8cb7-476fbd850f58,2026-08-05T00:15:00Z,2026-08-05T02:15:00+0200,147.52,EUR/MWh,DE,DE_LU,day_ahead_price,value,2026-08-27T09:55:05Z
2026-08-27T09:51:17Z,2026-08-27T11:51:17+0200,0130a799-f590-4e00-8cb7-476fbd850f58,2026-08-05T00:30:00Z,2026-08-05T02:30:00+0200,146.1,EUR/MWh,DE,DE_LU,day_ahead_price,value,2026-08-27T09:55:05Z
2026-08-27T09:51:17Z,2026-08-27T11:51:17+0200,0130a799-f590-4e00-8cb7-476fbd850f58,2026-08-05T00:45:00Z,2026-08-05T02:45:00+0200,145.9,EUR/MWh,DE,DE_LU,day_ahead_price,value,2026-08-27T09:55:05Z
2026-08-27T09:51:17Z,2026-08-27T11:51:17+0200,0130a799-f590-4e00-8cb7-476fbd850f58,2026-08-05T01:00:00Z,2026-08-05T03:00:00+0200,147.72,EUR/MWh,DE,DE_LU,day_ahead_price,value,2026-08-27T09:55:05Z
2026-08-27T09:51:17Z,2026-08-27T11:51:17+0200,0130a799-f590-4e00-8cb7-476fbd850f58,2026-08-05T01:15:00Z,2026-08-05T03:15:00+0200,147.4,EUR/MWh,DE,DE_LU,day_ahead_price,value,2026-08-27T09:55:05Z
2026-08-27T09:51:17Z,2026-08-27T11:51:17+0200,0130a799-f590-4e00-8cb7-476fbd850f58,2026-08-05T01:30:00Z,2026-08-05T03:30:00+0200,142.75,EUR/MWh,DE,DE_LU,day_ahead_price,value,2026-08-27T09:55:05Z
2026-08-27T09:51:17Z,2026-08-27T11:51:17+0200,0130a799-f590-4e00-8cb7-476fbd850f58,2026-08-05T01:45:00Z,2026-08-05T03:45:00+0200,139.15,EUR/MWh,DE,DE_LU,day_ahead_price,value,2026-08-27T09:55:05Z
2026-08-27T09:51:17Z,2026-08-27T11:51:17+0200,0130a799-f590-4e00-8cb7-476fbd850f58,2026-08-05T02:00:00Z,2026-08-05T04:00:00+0200,139.61,EUR/MWh,DE,DE_LU,day_ahead_price,value,2026-08-27T09:55:05Z
2026-08-27T09:51:17Z,2026-08-27T11:51:17+0200,0130a799-f590-4e00-8cb7-476fbd850f58,2026-08-05T02:15:00Z,2026-08-05T04:15:00+0200,138.16,EUR/MWh,DE,DE_LU,day_ahead_price,value,2026-08-27T09:55:05Z
2026-08-27T09:51:17Z,2026-08-27T11:51:17+0200,0130a799-f590-4e00-8cb7-476fbd850f58,2026-08-05T02:30:00Z,2026-08-05T04:30:00+0200,140.61,EUR/MWh,DE,DE_LU,day_ahead_price,value,2026-08-27T09:55:05Z
2026-08-27T09:51:17Z,2026-08-27T11:51:17+0200,0130a799-f590-4e00-8cb7-476fbd850f58,2026-08-05T02:45:00Z,2026-08-05T04:45:00+0200,139.0,EUR/MWh,DE,DE_LU,day_ahead_price,value,2026-08-27T09:55:05Z
2026-08-27T09:51:17Z,2026-08-27T11:51:17+0200,0130a799-f590-4e00-8cb7-476fbd850f58,2026-08-05T03:00:00Z,2026-08-05T05:00:00+0200,135.8,EUR/MWh,DE,DE_LU,day_ahead_price,value,2026-08-27T09:55:05Z
2026-08-27T09:51:17Z,2026-08-27T11:51:17+0200,0130a799-f590-4e00-8cb7-476fbd850f58,2026-08-05T03:15:00Z,2026-08-05T05:15:00+0200,140.47,EUR/MWh,DE,DE_LU,day_ahead_price,value,2026-08-27T09:55:05Z
2026-08-27T09:51:17Z,2026-08-27T11:51:17+0200,0130a799-f590-4e00-8cb7-476fbd850f58,2026-08-05T03:30:00Z,2026-08-05T05:30:00+0200,146.29,EUR/MWh,DE,DE_LU,day_ahead_price,value,2026-08-27T09:55:05Z
2026-08-27T09:51:17Z,2026-08-27T11:51:17+0200,0130a799-f590-4e00-8cb7-476fbd850f58,2026-08-05T03:45:00Z,2026-08-05T05:45:00+0200,154.45,EUR/MWh,DE,DE_LU,day_ahead_price,value,2026-08-27T09:55:05Z
2026-08-27T09:51:17Z,2026-08-27T11:51:17+0200,0130a799-f590-4e00-8cb7-476fbd850f58,2026-08-05T04:00:00Z,2026-08-05T06:00:00+0200,154.81,EUR/MWh,DE,DE_LU,day_ahead_price,value,2026-08-27T09:55:05Z
2026-08-27T09:51:17Z,2026-08-27T11:51:17+0200,0130a799-f590-4e00-8cb7-476fbd850f58,2026-08-05T04:15:00Z,2026-08-05T06:15:00+0200,156.68,EUR/MWh,DE,DE_LU,day_ahead_price,value,2026-08-27T09:55:05Z
2026-08-27T09:51:17Z,2026-08-27T11:51:17+0200,0130a799-f590-4e00-8cb7-476fbd850f58,2026-08-05T04:30:00Z,2026-08-05T06:30:00+0200,160.23,EUR/MWh,DE,DE_LU,day_ahead_price,value,2026-08-27T09:55:05Z
2026-08-27T09:51:17Z,2026-08-27T11:51:17+0200,0130a799-f590-4e00-8cb7-476fbd850f58,2026-08-05T04:45:00Z,2026-08-05T06:45:00+0200,157.0,EUR/MWh,DE,DE_LU,day_ahead_price,value,2026-08-27T09:55:05Z
2026-08-27T09:51:17Z,2026-08-27T11:51:17+0200,0130a799-f590-4e00-8cb7-476fbd850f58,2026-08-05T05:00:00Z,2026-08-05T07:00:00+0200,166.09,EUR/MWh,DE,DE_LU,day_ahead_price,value,2026-08-27T09:55:05Z
2026-08-27T09:51:17Z,2026-08-27T11:51:17+0200,0130a799-f590-4e00-8cb7-476fbd850f58,2026-08-05T05:15:00Z,2026-08-05T07:15:00+0200,162.24,EUR/MWh,DE,DE_LU,day_ahead_price,value,2026-08-27T09:55:05Z
2026-08-27T09:51:17Z,2026-08-27T11:51:17+0200,0130a799-f590-4e00-8cb7-476fbd850f58,2026-08-05T05:30:00Z,2026-08-05T07:30:00+0200,154.41,EUR/MWh,DE,DE_LU,day_ahead_price,value,2026-08-27T09:55:05Z
2026-08-27T09:51:17Z,2026-08-27T11:51:17+0200,0130a799-f590-4e00-8cb7-476fbd850f58,2026-08-05T05:45:00Z,2026-08-05T07:45:00+0200,136.0,EUR/MWh,DE,DE_LU,day_ahead_price,value,2026-08-27T09:55:05Z
2026-08-27T09:51:17Z,2026-08-27T11:51:17+0200,0130a799-f590-4e00-8cb7-476fbd850f58,2026-08-05T06:00:00Z,2026-08-05T08:00:00+0200,162.64,EUR/MWh,DE,DE_LU,day_ahead_price,value,2026-08-27T09:55:05Z
2026-08-27T09:51:17Z,2026-08-27T11:51:17+0200,0130a799-f590-4e00-8cb7-476fbd850f58,2026-08-05T06:15:00Z,2026-08-05T08:15:00+0200,147.91,EUR/MWh,DE,DE_LU,day_ahead_price,value,2026-08-27T09:55:05Z
2026-08-27T09:51:17Z,2026-08-27T11:51:17+0200,0130a799-f590-4e00-8cb7-476fbd850f58,2026-08-05T06:30:00Z,2026-08-05T08:30:00+0200,131.74,EUR/MWh,DE,DE_LU,day_ahead_price,value,2026-08-27T09:55:05Z
2026-08-27T09:51:17Z,2026-08-27T11:51:17+0200,0130a799-f590-4e00-8cb7-476fbd850f58,2026-08-05T06:45:00Z,2026-08-05T08:45:00+0200,116.9,EUR/MWh,DE,DE_LU,day_ahead_price,value,2026-08-27T09:55:05Z
2026-08-27T09:51:17Z,2026-08-27T11:51:17+0200,0130a799-f590-4e00-8cb7-476fbd850f58,2026-08-05T07:00:00Z,2026-08-05T09:00:00+0200,145.09,EUR/MWh,DE,DE_LU,day_ahead_price,value,2026-08-27T09:55:05Z
2026-08-27T09:51:17Z,2026-08-27T11:51:17+0200,0130a799-f590-4e00-8cb7-476fbd850f58,2026-08-05T07:15:00Z,2026-08-05T09:15:00+0200,120.15,EUR/MWh,DE,DE_LU,day_ahead_price,value,2026-08-27T09:55:05Z
2026-08-27T09:51:17Z,2026-08-27T11:51:17+0200,0130a799-f590-4e00-8cb7-476fbd850f58,2026-08-05T07:30:00Z,2026-08-05T09:30:00+0200,104.5,EUR/MWh,DE,DE_LU,day_ahead_price,value,2026-08-27T09:55:05Z
2026-08-27T09:51:17Z,2026-08-27T11:51:17+0200,0130a799-f590-4e00-8cb7-476fbd850f58,2026-08-05T07:45:00Z,2026-08-05T09:45:00+0200,78.41,EUR/MWh,DE,DE_LU,day_ahead_price,value,2026-08-27T09:55:05Z
2026-08-27T09:51:17Z,2026-08-27T11:51:17+0200,0130a799-f590-4e00-8cb7-476fbd850f58,2026-08-05T08:00:00Z,2026-08-05T10:00:00+0200,100.0,EUR/MWh,DE,DE_LU,day_ahead_price,value,2026-08-27T09:55:05Z
2026-08-27T09:51:17Z,2026-08-27T11:51:17+0200,0130a799-f590-4e00-8cb7-476fbd850f58,2026-08-05T08:15:00Z,2026-08-05T10:15:00+0200,85.71,EUR/MWh,DE,DE_LU,day_ahead_price,value,2026-08-27T09:55:05Z
2026-08-27T09:51:17Z,2026-08-27T11:51:17+0200,0130a799-f590-4e00-8cb7-476fbd850f58,2026-08-05T08:30:00Z,2026-08-05T10:30:00+0200,54.6,EUR/MWh,DE,DE_LU,day_ahead_price,value,2026-08-27T09:55:05Z
2026-08-27T09:51:17Z,2026-08-27T11:51:17+0200,0130a799-f590-4e00-8cb7-476fbd850f58,2026-08-05T08:45:00Z,2026-08-05T10:45:00+0200,17.49,EUR/MWh,DE,DE_LU,day_ahead_price,value,2026-08-27T09:55:05Z
2026-08-27T09:51:17Z,2026-08-27T11:51:17+0200,0130a799-f590-4e00-8cb7-476fbd850f58,2026-08-05T09:00:00Z,2026-08-05T11:00:00+0200,24.88,EUR/MWh,DE,DE_LU,day_ahead_price,value,2026-08-27T09:55:05Z
2026-08-27T09:51:17Z,2026-08-27T11:51:17+0200,0130a799-f590-4e00-8cb7-476fbd850f58,2026-08-05T09:15:00Z,2026-08-05T11:15:00+0200,8.35,EUR/MWh,DE,DE_LU,day_ahead_price,value,2026-08-27T09:55:05Z
2026-08-27T09:51:17Z,2026-08-27T11:51:17+0200,0130a799-f590-4e00-8cb7-476fbd850f58,2026-08-05T09:30:00Z,2026-08-05T11:30:00+0200,0.1,EUR/MWh,DE,DE_LU,day_ahead_price,value,2026-08-27T09:55:05Z
2026-08-27T09:51:17Z,2026-08-27T11:51:17+0200,0130a799-f590-4e00-8cb7-476fbd850f58,2026-08-05T09:45:00Z,2026-08-05T11:45:00+0200,0.0,EUR/MWh,DE,DE_LU,day_ahead_price,value,2026-08-27T09:55:05Z
2026-08-27T09:51:17Z,2026-08-27T11:51:17+0200,0130a799-f590-4e00-8cb7-476fbd850f58,2026-08-05T10:00:00Z,2026-08-05T12:00:00+0200,0.0,EUR/MWh,DE,DE_LU,day_ahead_price,value,2026-08-27T09:55:05Z
2026-08-27T09:51:17Z,2026-08-27T11:51:17+0200,0130a799-f590-4e00-8cb7-476fbd850f58,2026-08-05T10:15:00Z,2026-08-05T12:15:00+0200,-0.01,EUR/MWh,DE,DE_LU,day_ahead_price,value,2026-08-27T09:55:05Z
2026-08-27T09:51:17Z,2026-08-27T11:51:17+0200,0130a799-f590-4e00-8cb7-476fbd850f58,2026-08-05T10:30:00Z,2026-08-05T12:30:00+0200,-0.04,EUR/MWh,DE,DE_LU,day_ahead_price,value,2026-08-27T09:55:05Z
2026-08-27T09:51:17Z,2026-08-27T11:51:17+0200,0130a799-f590-4e00-8cb7-476fbd850f58,2026-08-05T10:45:00Z,2026-08-05T12:45:00+0200,-0.1,EUR/MWh,DE,DE_LU,day_ahead_price,value,2026-08-27T09:55:05Z
2026-08-27T09:51:17Z,2026-08-27T11:51:17+0200,0130a799-f590-4e00-8cb7-476fbd850f58,2026-08-05T11:00:00Z,2026-08-05T13:00:00+0200,-0.17,EUR/MWh,DE,DE_LU,day_ahead_price,value,2026-08-27T09:55:05Z
2026-08-27T09:51:17Z,2026-08-27T11:51:17+0200,0130a799-f590-4e00-8cb7-476fbd850f58,2026-08-05T11:15:00Z,2026-08-05T13:15:00+0200,-0.34,EUR/MWh,DE,DE_LU,day_ahead_price,value,2026-08-27T09:55:05Z
2026-08-27T09:51:17Z,2026-08-27T11:51:17+0200,0130a799-f590-4e00-8cb7-476fbd850f58,2026-08-05T11:30:00Z,2026-08-05T13:30:00+0200,-0.91,EUR/MWh,DE,DE_LU,day_ahead_price,value,2026-08-27T09:55:05Z
2026-08-27T09:51:17Z,2026-08-27T11:51:17+0200,0130a799-f590-4e00-8cb7-476fbd850f58,2026-08-05T11:45:00Z,2026-08-05T13:45:00+0200,-0.75,EUR/MWh,DE,DE_LU,day_ahead_price,value,2026-08-27T09:55:05Z
2026-08-27T09:51:17Z,2026-08-27T11:51:17+0200,0130a799-f590-4e00-8cb7-476fbd850f58,2026-08-05T12:00:00Z,2026-08-05T14:00:00+0200,-0.19,EUR/MWh,DE,DE_LU,day_ahead_price,value,2026-08-27T09:55:05Z
2026-08-27T09:51:17Z,2026-08-27T11:51:17+0200,0130a799-f590-4e00-8cb7-476fbd850f58,2026-08-05T12:15:00Z,2026-08-05T14:15:00+0200,-0.14,EUR/MWh,DE,DE_LU,day_ahead_price,value,2026-08-27T09:55:05Z
2026-08-27T09:51:17Z,2026-08-27T11:51:17+0200,0130a799-f590-4e00-8cb7-476fbd850f58,2026-08-05T12:30:00Z,2026-08-05T14:30:00+0200,-0.13,EUR/MWh,DE,DE_LU,day_ahead_price,value,2026-08-27T09:55:05Z
2026-08-27T09:51:17Z,2026-08-27T11:51:17+0200,0130a799-f590-4e00-8cb7-476fbd850f58,2026-08-05T12:45:00Z,2026-08-05T14:45:00+0200,-0.1,EUR/MWh,DE,DE_LU,day_ahead_price,value,2026-08-27T09:55:05Z
2026-08-27T09:51:17Z,2026-08-27T11:51:17+0200,0130a799-f590-4e00-8cb7-476fbd850f58,2026-08-05T13:00:00Z,2026-08-05T15:00:00+0200,-0.06,EUR/MWh,DE,DE_LU,day_ahead_price,value,2026-08-27T09:55:05Z
2026-08-27T09:51:17Z,2026-08-27T11:51:17+0200,0130a799-f590-4e00-8cb7-476fbd850f58,2026-08-05T13:15:00Z,2026-08-05T15:15:00+0200,-0.01,EUR/MWh,DE,DE_LU,day_ahead_price,value,2026-08-27T09:55:05Z
2026-08-27T09:51:17Z,2026-08-27T11:51:17+0200,0130a799-f590-4e00-8cb7-476fbd850f58,2026-08-05T13:30:00Z,2026-08-05T15:30:00+0200,0.0,EUR/MWh,DE,DE_LU,day_ahead_price,value,2026-08-27T09:55:05Z
2026-08-27T09:51:17Z,2026-08-27T11:51:17+0200,0130a799-f590-4e00-8cb7-476fbd850f58,2026-08-05T13:45:00Z,2026-08-05T15:45:00+0200,0.0,EUR/MWh,DE,DE_LU,day_ahead_price,value,2026-08-27T09:55:05Z
2026-08-27T09:51:17Z,2026-08-27T11:51:17+0200,0130a799-f590-4e00-8cb7-476fbd850f58,2026-08-05T14:00:00Z,2026-08-05T16:00:00+0200,0.0,EUR/MWh,DE,DE_LU,day_ahead_price,value,2026-08-27T09:55:05Z
2026-08-27T09:51:17Z,2026-08-27T11:51:17+0200,0130a799-f590-4e00-8cb7-476fbd850f58,2026-08-05T14:15:00Z,2026-08-05T16:15:00+0200,0.07,EUR/MWh,DE,DE_LU,day_ahead_price,value,2026-08-27T09:55:05Z
2026-08-27T09:51:17Z,2026-08-27T11:51:17+0200,0130a799-f590-4e00-8cb7-476fbd850f58,2026-08-05T14:30:00Z,2026-08-05T16:30:00+0200,2.25,EUR/MWh,DE,DE_LU,day_ahead_price,value,2026-08-27T09:55:05Z
2026-08-27T09:51:17Z,2026-08-27T11:51:17+0200,0130a799-f590-4e00-8cb7-476fbd850f58,2026-08-05T14:45:00Z,2026-08-05T16:45:00+0200,24.99,EUR/MWh,DE,DE_LU,day_ahead_price,value,2026-08-27T09:55:05Z
2026-08-27T09:51:17Z,2026-08-27T11:51:17+0200,0130a799-f590-4e00-8cb7-476fbd850f58,2026-08-05T15:00:00Z,2026-08-05T17:00:00+0200,15.65,EUR/MWh,DE,DE_LU,day_ahead_price,value,2026-08-27T09:55:05Z
2026-08-27T09:51:17Z,2026-08-27T11:51:17+0200,0130a799-f590-4e00-8cb7-476fbd850f58,2026-08-05T15:15:00Z,2026-08-05T17:15:00+0200,60.05,EUR/MWh,DE,DE_LU,day_ahead_price,value,2026-08-27T09:55:05Z
2026-08-27T09:51:17Z,2026-08-27T11:51:17+0200,0130a799-f590-4e00-8cb7-476fbd850f58,2026-08-05T15:30:00Z,2026-08-05T17:30:00+0200,87.47,EUR/MWh,DE,DE_LU,day_ahead_price,value,2026-08-27T09:55:05Z
2026-08-27T09:51:17Z,2026-08-27T11:51:17+0200,0130a799-f590-4e00-8cb7-476fbd850f58,2026-08-05T15:45:00Z,2026-08-05T17:45:00+0200,126.17,EUR/MWh,DE,DE_LU,day_ahead_price,value,2026-08-27T09:55:05Z
2026-08-27T09:51:17Z,2026-08-27T11:51:17+0200,0130a799-f590-4e00-8cb7-476fbd850f58,2026-08-05T16:00:00Z,2026-08-05T18:00:00+0200,94.66,EUR/MWh,DE,DE_LU,day_ahead_price,value,2026-08-27T09:55:05Z
2026-08-27T09:51:17Z,2026-08-27T11:51:17+0200,0130a799-f590-4e00-8cb7-476fbd850f58,2026-08-05T16:15:00Z,2026-08-05T18:15:00+0200,126.61,EUR/MWh,DE,DE_LU,day_ahead_price,value,2026-08-27T09:55:05Z
2026-08-27T09:51:17Z,2026-08-27T11:51:17+0200,0130a799-f590-4e00-8cb7-476fbd850f58,2026-08-05T16:30:00Z,2026-08-05T18:30:00+0200,152.98,EUR/MWh,DE,DE_LU,day_ahead_price,value,2026-08-27T09:55:05Z
2026-08-27T09:51:17Z,2026-08-27T11:51:17+0200,0130a799-f590-4e00-8cb7-476fbd850f58,2026-08-05T16:45:00Z,2026-08-05T18:45:00+0200,166.07,EUR/MWh,DE,DE_LU,day_ahead_price,value,2026-08-27T09:55:05Z
2026-08-27T09:51:17Z,2026-08-27T11:51:17+0200,0130a799-f590-4e00-8cb7-476fbd850f58,2026-08-05T17:00:00Z,2026-08-05T19:00:00+0200,155.06,EUR/MWh,DE,DE_LU,day_ahead_price,value,2026-08-27T09:55:05Z
2026-08-27T09:51:17Z,2026-08-27T11:51:17+0200,0130a799-f590-4e00-8cb7-476fbd850f58,2026-08-05T17:15:00Z,2026-08-05T19:15:00+0200,158.78,EUR/MWh,DE,DE_LU,day_ahead_price,value,2026-08-27T09:55:05Z
2026-08-27T09:51:17Z,2026-08-27T11:51:17+0200,0130a799-f590-4e00-8cb7-476fbd850f58,2026-08-05T17:30:00Z,2026-08-05T19:30:00+0200,172.39,EUR/MWh,DE,DE_LU,day_ahead_price,value,2026-08-27T09:55:05Z
2026-08-27T09:51:17Z,2026-08-27T11:51:17+0200,0130a799-f590-4e00-8cb7-476fbd850f58,2026-08-05T17:45:00Z,2026-08-05T19:45:00+0200,209.36,EUR/MWh,DE,DE_LU,day_ahead_price,value,2026-08-27T09:55:05Z
2026-08-27T09:51:17Z,2026-08-27T11:51:17+0200,0130a799-f590-4e00-8cb7-476fbd850f58,2026-08-05T18:00:00Z,2026-08-05T20:00:00+0200,177.77,EUR/MWh,DE,DE_LU,day_ahead_price,value,2026-08-27T09:55:05Z
2026-08-27T09:51:17Z,2026-08-27T11:51:17+0200,0130a799-f590-4e00-8cb7-476fbd850f58,2026-08-05T18:15:00Z,2026-08-05T20:15:00+0200,186.45,EUR/MWh,DE,DE_LU,day_ahead_price,value,2026-08-27T09:55:05Z
2026-08-27T09:51:17Z,2026-08-27T11:51:17+0200,0130a799-f590-4e00-8cb7-476fbd850f58,2026-08-05T18:30:00Z,2026-08-05T20:30:00+0200,190.63,EUR/MWh,DE,DE_LU,day_ahead_price,value,2026-08-27T09:55:05Z
2026-08-27T09:51:17Z,2026-08-27T11:51:17+0200,0130a799-f590-4e00-8cb7-476fbd850f58,2026-08-05T18:45:00Z,2026-08-05T20:45:00+0200,195.0,EUR/MWh,DE,DE_LU,day_ahead_price,value,2026-08-27T09:55:05Z
2026-08-27T09:51:17Z,2026-08-27T11:51:17+0200,0130a799-f590-4e00-8cb7-476fbd850f58,2026-08-05T19:00:00Z,2026-08-05T21:00:00+0200,193.32,EUR/MWh,DE,DE_LU,day_ahead_price,value,2026-08-27T09:55:05Z
2026-08-27T09:51:17Z,2026-08-27T11:51:17+0200,0130a799-f590-4e00-8cb7-476fbd850f58,2026-08-05T19:15:00Z,2026-08-05T21:15:00+0200,199.52,EUR/MWh,DE,DE_LU,day_ahead_price,value,2026-08-27T09:55:05Z
2026-08-27T09:51:17Z,2026-08-27T11:51:17+0200,0130a799-f590-4e00-8cb7-476fbd850f58,2026-08-05T19:30:00Z,2026-08-05T21:30:00+0200,217.11,EUR/MWh,DE,DE_LU,day_ahead_price,value,2026-08-27T09:55:05Z
2026-08-27T09:51:17Z,2026-08-27T11:51:17+0200,0130a799-f590-4e00-8cb7-476fbd850f58,2026-08-05T19:45:00Z,2026-08-05T21:45:00+0200,205.0,EUR/MWh,DE,DE_LU,day_ahead_price,value,2026-08-27T09:55:05Z
2026-08-27T09:51:17Z,2026-08-27T11:51:17+0200,0130a799-f590-4e00-8cb7-476fbd850f58,2026-08-05T20:00:00Z,2026-08-05T22:00:00+0200,225.86,EUR/MWh,DE,DE_LU,day_ahead_price,value,2026-08-27T09:55:05Z
2026-08-27T09:51:17Z,2026-08-27T11:51:17+0200,0130a799-f590-4e00-8cb7-476fbd850f58,2026-08-05T20:15:00Z,2026-08-05T22:15:00+0200,187.9,EUR/MWh,DE,DE_LU,day_ahead_price,value,2026-08-27T09:55:05Z
2026-08-27T09:51:17Z,2026-08-27T11:51:17+0200,0130a799-f590-4e00-8cb7-476fbd850f58,2026-08-05T20:30:00Z,2026-08-05T22:30:00+0200,178.54,EUR/MWh,DE,DE_LU,day_ahead_price,value,2026-08-27T09:55:05Z
2026-08-27T09:51:17Z,2026-08-27T11:51:17+0200,0130a799-f590-4e00-8cb7-476fbd850f58,2026-08-05T20:45:00Z,2026-08-05T22:45:00+0200,170.95,EUR/MWh,DE,DE_LU,day_ahead_price,value,2026-08-27T09:55:05Z
2026-08-27T09:51:17Z,2026-08-27T11:51:17+0200,0130a799-f590-4e00-8cb7-476fbd850f58,2026-08-05T21:00:00Z,2026-08-05T23:00:00+0200,175.43,EUR/MWh,DE,DE_LU,day_ahead_price,value,2026-08-27T09:55:05Z
2026-08-27T09:51:17Z,2026-08-27T11:51:17+0200,0130a799-f590-4e00-8cb7-476fbd850f58,2026-08-05T21:15:00Z,2026-08-05T23:15:00+0200,167.09,EUR/MWh,DE,DE_LU,day_ahead_price,value,2026-08-27T09:55:05Z
2026-08-27T09:51:17Z,2026-08-27T11:51:17+0200,0130a799-f590-4e00-8cb7-476fbd850f58,2026-08-05T21:30:00Z,2026-08-05T23:30:00+0200,164.92,EUR/MWh,DE,DE_LU,day_ahead_price,value,2026-08-27T09:55:05Z
2026-08-27T09:51:17Z,2026-08-27T11:51:17+0200,0130a799-f590-4e00-8cb7-476fbd850f58,2026-08-05T21:45:00Z,2026-08-05T23:45:00+0200,156.98,EUR/MWh,DE,DE_LU,day_ahead_price,value,2026-08-27T09:55:05Z
2026-08-27T09:51:17Z,2026-08-27T11:51:17+0200,0130a799-f590-4e00-8cb7-476fbd850f58,2026-08-05T22:00:00Z,2026-08-06T00:00:00+0200,171.83,EUR/MWh,DE,DE_LU,day_ahead_price,value,2026-08-27T09:55:05Z
2026-08-27T09:51:17Z,2026-08-27T11:51:17+0200,0130a799-f590-4e00-8cb7-476fbd850f58,2026-08-05T22:15:00Z,2026-08-06T00:15:00+0200,162.64,EUR/MWh,DE,DE_LU,day_ahead_price,value,2026-08-27T09:55:05Z
2026-08-27T09:51:17Z,2026-08-27T11:51:17+0200,0130a799-f590-4e00-8cb7-476fbd850f58,2026-08-05T22:30:00Z,2026-08-06T00:30:00+0200,160.0,EUR/MWh,DE,DE_LU,day_ahead_price,value,2026-08-27T09:55:05Z
2026-08-27T09:51:17Z,2026-08-27T11:51:17+0200,0130a799-f590-4e00-8cb7-476fbd850f58,2026-08-05T22:45:00Z,2026-08-06T00:45:00+0200,155.58,EUR/MWh,DE,DE_LU,day_ahead_price,value,2026-08-27T09:55:05Z
2026-08-27T09:51:17Z,2026-08-27T11:51:17+0200,0130a799-f590-4e00-8cb7-476fbd850f58,2026-08-05T23:00:00Z,2026-08-06T01:00:00+0200,166.55,EUR/MWh,DE,DE_LU,day_ahead_price,value,2026-08-27T09:55:05Z
2026-08-27T09:51:17Z,2026-08-27T11:51:17+0200,0130a799-f590-4e00-8cb7-476fbd850f58,2026-08-05T23:15:00Z,2026-08-06T01:15:00+0200,160.0,EUR/MWh,DE,DE_LU,day_ahead_price,value,2026-08-27T09:55:05Z
2026-08-27T09:51:17Z,2026-08-27T11:51:17+0200,0130a799-f590-4e00-8cb7-476fbd850f58,2026-08-05T23:30:00Z,2026-08-06T01:30:00+0200,151.66,EUR/MWh,DE,DE_LU,day_ahead_price,value,2026-08-27T09:55:05Z
2026-08-27T09:51:17Z,2026-08-27T11:51:17+0200,0130a799-f590-4e00-8cb7-476fbd850f58,2026-08-05T23:45:00Z,2026-08-06T01:45:00+0200,142.6,EUR/MWh,DE,DE_LU,day_ahead_price,value,2026-08-27T09:55:05Z
2026-08-27T09:51:17Z,2026-08-27T11:51:17+0200,0130a799-f590-4e00-8cb7-476fbd850f58,2026-08-06T00:00:00Z,2026-08-06T02:00:00+0200,158.43,EUR/MWh,DE,DE_LU,day_ahead_price,value,2026-08-27T09:55:05Z
2026-08-27T09:51:17Z,2026-08-27T11:51:17+0200,0130a799-f590-4e00-8cb7-476fbd850f58,2026-08-06T00:15:00Z,2026-08-06T02:15:00+0200,150.54,EUR/MWh,DE,DE_LU,day_ahead_price,value,2026-08-27T09:55:05Z
2026-08-27T09:51:17Z,2026-08-27T11:51:17+0200,0130a799-f590-4e00-8cb7-476fbd850f58,2026-08-06T00:30:00Z,2026-08-06T02:30:00+0200,140.25,EUR/MWh,DE,DE_LU,day_ahead_price,value,2026-08-27T09:55:05Z
2026-08-27T09:51:17Z,2026-08-27T11:51:17+0200,0130a799-f590-4e00-8cb7-476fbd850f58,2026-08-06T00:45:00Z,2026-08-06T02:45:00+0200,137.57,EUR/MWh,DE,DE_LU,day_ahead_price,value,2026-08-27T09:55:05Z
2026-08-27T09:51:17Z,2026-08-27T11:51:17+0200,0130a799-f590-4e00-8cb7-476fbd850f58,2026-08-06T01:00:00Z,2026-08-06T03:00:00+0200,144.69,EUR/MWh,DE,DE_LU,day_ahead_price,value,2026-08-27T09:55:05Z
2026-08-27T09:51:17Z,2026-08-27T11:51:17+0200,0130a799-f590-4e00-8cb7-476fbd850f58,2026-08-06T01:15:00Z,2026-08-06T03:15:00+0200,137.55,EUR/MWh,DE,DE_LU,day_ahead_price,value,2026-08-27T09:55:05Z
2026-08-27T09:51:17Z,2026-08-27T11:51:17+0200,0130a799-f590-4e00-8cb7-476fbd850f58,2026-08-06T01:30:00Z,2026-08-06T03:30:00+0200,136.15,EUR/MWh,DE,DE_LU,day_ahead_price,value,2026-08-27T09:55:05Z
2026-08-27T09:51:17Z,2026-08-27T11:51:17+0200,0130a799-f590-4e00-8cb7-476fbd850f58,2026-08-06T01:45:00Z,2026-08-06T03:45:00+0200,132.93,EUR/MWh,DE,DE_LU,day_ahead_price,value,2026-08-27T09:55:05Z
2026-08-27T09:51:17Z,2026-08-27T11:51:17+0200,0130a799-f590-4e00-8cb7-476fbd850f58,2026-08-06T02:00:00Z,2026-08-06T04:00:00+0200,133.62,EUR/MWh,DE,DE_LU,day_ahead_price,value,2026-08-27T09:55:05Z
2026-08-27T09:51:17Z,2026-08-27T11:51:17+0200,0130a799-f590-4e00-8cb7-476fbd850f58,2026-08-06T02:15:00Z,2026-08-06T04:15:00+0200,133.75,EUR/MWh,DE,DE_LU,day_ahead_price,value,2026-08-27T09:55:05Z
2026-08-27T09:51:17Z,2026-08-27T11:51:17+0200,0130a799-f590-4e00-8cb7-476fbd850f58,2026-08-06T02:30:00Z,2026-08-06T04:30:00+0200,134.05,EUR/MWh,DE,DE_LU,day_ahead_price,value,2026-08-27T09:55:05Z
2026-08-27T09:51:17Z,2026-08-27T11:51:17+0200,0130a799-f590-4e00-8cb7-476fbd850f58,2026-08-06T02:45:00Z,2026-08-06T04:45:00+0200,134.82,EUR/MWh,DE,DE_LU,day_ahead_price,value,2026-08-27T09:55:05Z
2026-08-27T09:51:17Z,2026-08-27T11:51:17+0200,0130a799-f590-4e00-8cb7-476fbd850f58,2026-08-06T03:00:00Z,2026-08-06T05:00:00+0200,132.59,EUR/MWh,DE,DE_LU,day_ahead_price,value,2026-08-27T09:55:05Z
2026-08-27T09:51:17Z,2026-08-27T11:51:17+0200,0130a799-f590-4e00-8cb7-476fbd850f58,2026-08-06T03:15:00Z,2026-08-06T05:15:00+0200,133.09,EUR/MWh,DE,DE_LU,day_ahead_price,value,2026-08-27T09:55:05Z
2026-08-27T09:51:17Z,2026-08-27T11:51:17+0200,0130a799-f590-4e00-8cb7-476fbd850f58,2026-08-06T03:30:00Z,2026-08-06T05:30:00+0200,136.23,EUR/MWh,DE,DE_LU,day_ahead_price,value,2026-08-27T09:55:05Z
2026-08-27T09:51:17Z,2026-08-27T11:51:17+0200,0130a799-f590-4e00-8cb7-476fbd850f58,2026-08-06T03:45:00Z,2026-08-06T05:45:00+0200,141.1,EUR/MWh,DE,DE_LU,day_ahead_price,value,2026-08-27T09:55:05Z
2026-08-27T09:51:17Z,2026-08-27T11:51:17+0200,0130a799-f590-4e00-8cb7-476fbd850f58,2026-08-06T04:00:00Z,2026-08-06T06:00:00+0200,149.96,EUR/MWh,DE,DE_LU,day_ahead_price,value,2026-08-27T09:55:05Z
2026-08-27T09:51:17Z,2026-08-27T11:51:17+0200,0130a799-f590-4e00-8cb7-476fbd850f58,2026-08-06T04:15:00Z,2026-08-06T06:15:00+0200,160.25,EUR/MWh,DE,DE_LU,day_ahead_price,value,2026-08-27T09:55:05Z
2026-08-27T09:51:17Z,2026-08-27T11:51:17+0200,0130a799-f590-4e00-8cb7-476fbd850f58,2026-08-06T04:30:00Z,2026-08-06T06:30:00+0200,160.9,EUR/MWh,DE,DE_LU,day_ahead_price,value,2026-08-27T09:55:05Z
2026-08-27T09:51:17Z,2026-08-27T11:51:17+0200,0130a799-f590-4e00-8cb7-476fbd850f58,2026-08-06T04:45:00Z,2026-08-06T06:45:00+0200,153.08,EUR/MWh,DE,DE_LU,day_ahead_price,value,2026-08-27T09:55:05Z
2026-08-27T09:51:17Z,2026-08-27T11:51:17+0200,0130a799-f590-4e00-8cb7-476fbd850f58,2026-08-06T05:00:00Z,2026-08-06T07:00:00+0200,161.04,EUR/MWh,DE,DE_LU,day_ahead_price,value,2026-08-27T09:55:05Z
2026-08-27T09:51:17Z,2026-08-27T11:51:17+0200,0130a799-f590-4e00-8cb7-476fbd850f58,2026-08-06T05:15:00Z,2026-08-06T07:15:00+0200,152.72,EUR/MWh,DE,DE_LU,day_ahead_price,value,2026-08-27T09:55:05Z
2026-08-27T09:51:17Z,2026-08-27T11:51:17+0200,0130a799-f590-4e00-8cb7-476fbd850f58,2026-08-06T05:30:00Z,2026-08-06T07:30:00+0200,152.05,EUR/MWh,DE,DE_LU,day_ahead_price,value,2026-08-27T09:55:05Z
2026-08-27T09:51:17Z,2026-08-27T11:51:17+0200,0130a799-f590-4e00-8cb7-476fbd850f58,2026-08-06T05:45:00Z,2026-08-06T07:45:00+0200,131.51,EUR/MWh,DE,DE_LU,day_ahead_price,value,2026-08-27T09:55:05Z
2026-08-27T09:51:17Z,2026-08-27T11:51:17+0200,0130a799-f590-4e00-8cb7-476fbd850f58,2026-08-06T06:00:00Z,2026-08-06T08:00:00+0200,170.27,EUR/MWh,DE,DE_LU,day_ahead_price,value,2026-08-27T09:55:05Z
2026-08-27T09:51:17Z,2026-08-27T11:51:17+0200,0130a799-f590-4e00-8cb7-476fbd850f58,2026-08-06T06:15:00Z,2026-08-06T08:15:00+0200,145.0,EUR/MWh,DE,DE_LU,day_ahead_price,value,2026-08-27T09:55:05Z
2026-08-27T09:51:17Z,2026-08-27T11:51:17+0200,0130a799-f590-4e00-8cb7-476fbd850f58,2026-08-06T06:30:00Z,2026-08-06T08:30:00+0200,130.85,EUR/MWh,DE,DE_LU,day_ahead_price,value,2026-08-27T09:55:05Z
2026-08-27T09:51:17Z,2026-08-27T11:51:17+0200,0130a799-f590-4e00-8cb7-476fbd850f58,2026-08-06T06:45:00Z,2026-08-06T08:45:00+0200,110.77,EUR/MWh,DE,DE_LU,day_ahead_price,value,2026-08-27T09:55:05Z
2026-08-27T09:51:17Z,2026-08-27T11:51:17+0200,0130a799-f590-4e00-8cb7-476fbd850f58,2026-08-06T07:00:00Z,2026-08-06T09:00:00+0200,135.38,EUR/MWh,DE,DE_LU,day_ahead_price,value,2026-08-27T09:55:05Z
2026-08-27T09:51:17Z,2026-08-27T11:51:17+0200,0130a799-f590-4e00-8cb7-476fbd850f58,2026-08-06T07:15:00Z,2026-08-06T09:15:00+0200,109.16,EUR/MWh,DE,DE_LU,day_ahead_price,value,2026-08-27T09:55:05Z
2026-08-27T09:51:17Z,2026-08-27T11:51:17+0200,0130a799-f590-4e00-8cb7-476fbd850f58,2026-08-06T07:30:00Z,2026-08-06T09:30:00+0200,89.63,EUR/MWh,DE,DE_LU,day_ahead_price,value,2026-08-27T09:55:05Z
2026-08-27T09:51:17Z,2026-08-27T11:51:17+0200,0130a799-f590-4e00-8cb7-476fbd850f58,2026-08-06T07:45:00Z,2026-08-06T09:45:00+0200,48.11,EUR/MWh,DE,DE_LU,day_ahead_price,value,2026-08-27T09:55:05Z
2026-08-27T09:51:17Z,2026-08-27T11:51:17+0200,0130a799-f590-4e00-8cb7-476fbd850f58,2026-08-06T08:00:00Z,2026-08-06T10:00:00+0200,66.54,EUR/MWh,DE,DE_LU,day_ahead_price,value,2026-08-27T09:55:05Z
2026-08-27T09:51:17Z,2026-08-27T11:51:17+0200,0130a799-f590-4e00-8cb7-476fbd850f58,2026-08-06T08:15:00Z,2026-08-06T10:15:00+0200,27.88,EUR/MWh,DE,DE_LU,day_ahead_price,value,2026-08-27T09:55:05Z
2026-08-27T09:51:17Z,2026-08-27T11:51:17+0200,0130a799-f590-4e00-8cb7-476fbd850f58,2026-08-06T08:30:00Z,2026-08-06T10:30:00+0200,5.52,EUR/MWh,DE,DE_LU,day_ahead_price,value,2026-08-27T09:55:05Z
2026-08-27T09:51:17Z,2026-08-27T11:51:17+0200,0130a799-f590-4e00-8cb7-476fbd850f58,2026-08-06T08:45:00Z,2026-08-06T10:45:00+0200,0.4,EUR/MWh,DE,DE_LU,day_ahead_price,value,2026-08-27T09:55:05Z
2026-08-27T09:51:17Z,2026-08-27T11:51:17+0200,0130a799-f590-4e00-8cb7-476fbd850f58,2026-08-06T09:00:00Z,2026-08-06T11:00:00+0200,0.7,EUR/MWh,DE,DE_LU,day_ahead_price,value,2026-08-27T09:55:05Z
2026-08-27T09:51:17Z,2026-08-27T11:51:17+0200,0130a799-f590-4e00-8cb7-476fbd850f58,2026-08-06T09:15:00Z,2026-08-06T11:15:00+0200,0.0,EUR/MWh,DE,DE_LU,day_ahead_price,value,2026-08-27T09:55:05Z
2026-08-27T09:51:17Z,2026-08-27T11:51:17+0200,0130a799-f590-4e00-8cb7-476fbd850f58,2026-08-06T09:30:00Z,2026-08-06T11:30:00+0200,-0.01,EUR/MWh,DE,DE_LU,day_ahead_price,value,2026-08-27T09:55:05Z
2026-08-27T09:51:17Z,2026-08-27T11:51:17+0200,0130a799-f590-4e00-8cb7-476fbd850f58,2026-08-06T09:45:00Z,2026-08-06T11:45:00+0200,-0.11,EUR/MWh,DE,DE_LU,day_ahead_price,value,2026-08-27T09:55:05Z
2026-08-27T09:51:17Z,2026-08-27T11:51:17+0200,0130a799-f590-4e00-8cb7-476fbd850f58,2026-08-06T10:00:00Z,2026-08-06T12:00:00+0200,-0.01,EUR/MWh,DE,DE_LU,day_ahead_price,value,2026-08-27T09:55:05Z
2026-08-27T09:51:17Z,2026-08-27T11:51:17+0200,0130a799-f590-4e00-8cb7-476fbd850f58,2026-08-06T10:15:00Z,2026-08-06T12:15:00+0200,-0.08,EUR/MWh,DE,DE_LU,day_ahead_price,value,2026-08-27T09:55:05Z
2026-08-27T09:51:17Z,2026-08-27T11:51:17+0200,0130a799-f590-4e00-8cb7-476fbd850f58,2026-08-06T10:30:00Z,2026-08-06T12:30:00+0200,-0.09,EUR/MWh,DE,DE_LU,day_ahead_price,value,2026-08-27T09:55:05Z
2026-08-27T09:51:17Z,2026-08-27T11:51:17+0200,0130a799-f590-4e00-8cb7-476fbd850f58,2026-08-06T10:45:00Z,2026-08-06T12:45:00+0200,-0.16,EUR/MWh,DE,DE_LU,day_ahead_price,value,2026-08-27T09:55:05Z
2026-08-27T09:51:17Z,2026-08-27T11:51:17+0200,0130a799-f590-4e00-8cb7-476fbd850f58,2026-08-06T11:00:00Z,2026-08-06T13:00:00+0200,-1.01,EUR/MWh,DE,DE_LU,day_ahead_price,value,2026-08-27T09:55:05Z
2026-08-27T09:51:17Z,2026-08-27T11:51:17+0200,0130a799-f590-4e00-8cb7-476fbd850f58,2026-08-06T11:15:00Z,2026-08-06T13:15:00+0200,-1.11,EUR/MWh,DE,DE_LU,day_ahead_price,value,2026-08-27T09:55:05Z
2026-08-27T09:51:17Z,2026-08-27T11:51:17+0200,0130a799-f590-4e00-8cb7-476fbd850f58,2026-08-06T11:30:00Z,2026-08-06T13:30:00+0200,-1.47,EUR/MWh,DE,DE_LU,day_ahead_price,value,2026-08-27T09:55:05Z
2026-08-27T09:51:17Z,2026-08-27T11:51:17+0200,0130a799-f590-4e00-8cb7-476fbd850f58,2026-08-06T11:45:00Z,2026-08-06T13:45:00+0200,-1.84,EUR/MWh,DE,DE_LU,day_ahead_price,value,2026-08-27T09:55:05Z
2026-08-27T09:51:17Z,2026-08-27T11:51:17+0200,0130a799-f590-4e00-8cb7-476fbd850f58,2026-08-06T12:00:00Z,2026-08-06T14:00:00+0200,-1.49,EUR/MWh,DE,DE_LU,day_ahead_price,value,2026-08-27T09:55:05Z
2026-08-27T09:51:17Z,2026-08-27T11:51:17+0200,0130a799-f590-4e00-8cb7-476fbd850f58,2026-08-06T12:15:00Z,2026-08-06T14:15:00+0200,-1.57,EUR/MWh,DE,DE_LU,day_ahead_price,value,2026-08-27T09:55:05Z
2026-08-27T09:51:17Z,2026-08-27T11:51:17+0200,0130a799-f590-4e00-8cb7-476fbd850f58,2026-08-06T12:30:00Z,2026-08-06T14:30:00+0200,-1.09,EUR/MWh,DE,DE_LU,day_ahead_price,value,2026-08-27T09:55:05Z
2026-08-27T09:51:17Z,2026-08-27T11:51:17+0200,0130a799-f590-4e00-8cb7-476fbd850f58,2026-08-06T12:45:00Z,2026-08-06T14:45:00+0200,-1.01,EUR/MWh,DE,DE_LU,day_ahead_price,value,2026-08-27T09:55:05Z
2026-08-27T09:51:17Z,2026-08-27T11:51:17+0200,0130a799-f590-4e00-8cb7-476fbd850f58,2026-08-06T13:00:00Z,2026-08-06T15:00:00+0200,-1.0,EUR/MWh,DE,DE_LU,day_ahead_price,value,2026-08-27T09:55:05Z
2026-08-27T09:51:17Z,2026-08-27T11:51:17+0200,0130a799-f590-4e00-8cb7-476fbd850f58,2026-08-06T13:15:00Z,2026-08-06T15:15:00+0200,-0.19,EUR/MWh,DE,DE_LU,day_ahead_price,value,2026-08-27T09:55:05Z
2026-08-27T09:51:17Z,2026-08-27T11:51:17+0200,0130a799-f590-4e00-8cb7-476fbd850f58,2026-08-06T13:30:00Z,2026-08-06T15:30:00+0200,-0.11,EUR/MWh,DE,DE_LU,day_ahead_price,value,2026-08-27T09:55:05Z
2026-08-27T09:51:17Z,2026-08-27T11:51:17+0200,0130a799-f590-4e00-8cb7-476fbd850f58,2026-08-06T13:45:00Z,2026-08-06T15:45:00+0200,-0.04,EUR/MWh,DE,DE_LU,day_ahead_price,value,2026-08-27T09:55:05Z
2026-08-27T09:51:17Z,2026-08-27T11:51:17+0200,0130a799-f590-4e00-8cb7-476fbd850f58,2026-08-06T14:00:00Z,2026-08-06T16:00:00+0200,-0.04,EUR/MWh,DE,DE_LU,day_ahead_price,value,2026-08-27T09:55:05Z
2026-08-27T09:51:17Z,2026-08-27T11:51:17+0200,0130a799-f590-4e00-8cb7-476fbd850f58,2026-08-06T14:15:00Z,2026-08-06T16:15:00+0200,-0.01,EUR/MWh,DE,DE_LU,day_ahead_price,value,2026-08-27T09:55:05Z
2026-08-27T09:51:17Z,2026-08-27T11:51:17+0200,0130a799-f590-4e00-8cb7-476fbd850f58,2026-08-06T14:30:00Z,2026-08-06T16:30:00+0200,0.0,EUR/MWh,DE,DE_LU,day_ahead_price,value,2026-08-27T09:55:05Z
2026-08-27T09:51:17Z,2026-08-27T11:51:17+0200,0130a799-f590-4e00-8cb7-476fbd850f58,2026-08-06T14:45:00Z,2026-08-06T16:45:00+0200,0.08,EUR/MWh,DE,DE_LU,day_ahead_price,value,2026-08-27T09:55:05Z
2026-08-27T09:51:17Z,2026-08-27T11:51:17+0200,0130a799-f590-4e00-8cb7-476fbd850f58,2026-08-06T15:00:00Z,2026-08-06T17:00:00+0200,2.49,EUR/MWh,DE,DE_LU,day_ahead_price,value,2026-08-27T09:55:05Z
2026-08-27T09:51:17Z,2026-08-27T11:51:17+0200,0130a799-f590-4e00-8cb7-476fbd850f58,2026-08-06T15:15:00Z,2026-08-06T17:15:00+0200,24.4,EUR/MWh,DE,DE_LU,day_ahead_price,value,2026-08-27T09:55:05Z
2026-08-27T09:51:17Z,2026-08-27T11:51:17+0200,0130a799-f590-4e00-8cb7-476fbd850f58,2026-08-06T15:30:00Z,2026-08-06T17:30:00+0200,50.0,EUR/MWh,DE,DE_LU,day_ahead_price,value,2026-08-27T09:55:05Z
2026-08-27T09:51:17Z,2026-08-27T11:51:17+0200,0130a799-f590-4e00-8cb7-476fbd850f58,2026-08-06T15:45:00Z,2026-08-06T17:45:00+0200,76.81,EUR/MWh,DE,DE_LU,day_ahead_price,value,2026-08-27T09:55:05Z
2026-08-27T09:51:17Z,2026-08-27T11:51:17+0200,0130a799-f590-4e00-8cb7-476fbd850f58,2026-08-06T16:00:00Z,2026-08-06T18:00:00+0200,74.76,EUR/MWh,DE,DE_LU,day_ahead_price,value,2026-08-27T09:55:05Z
2026-08-27T09:51:17Z,2026-08-27T11:51:17+0200,0130a799-f590-4e00-8cb7-476fbd850f58,2026-08-06T16:15:00Z,2026-08-06T18:15:00+0200,96.82,EUR/MWh,DE,DE_LU,day_ahead_price,value,2026-08-27T09:55:05Z
2026-08-27T09:51:17Z,2026-08-27T11:51:17+0200,0130a799-f590-4e00-8cb7-476fbd850f58,2026-08-06T16:30:00Z,2026-08-06T18:30:00+0200,127.0,EUR/MWh,DE,DE_LU,day_ahead_price,value,2026-08-27T09:55:05Z
2026-08-27T09:51:17Z,2026-08-27T11:51:17+0200,0130a799-f590-4e00-8cb7-476fbd850f58,2026-08-06T16:45:00Z,2026-08-06T18:45:00+0200,159.34,EUR/MWh,DE,DE_LU,day_ahead_price,value,2026-08-27T09:55:05Z
2026-08-27T09:51:17Z,2026-08-27T11:51:17+0200,0130a799-f590-4e00-8cb7-476fbd850f58,2026-08-06T17:00:00Z,2026-08-06T19:00:00+0200,129.83,EUR/MWh,DE,DE_LU,day_ahead_price,value,2026-08-27T09:55:05Z
2026-08-27T09:51:17Z,2026-08-27T11:51:17+0200,0130a799-f590-4e00-8cb7-476fbd850f58,2026-08-06T17:15:00Z,2026-08-06T19:15:00+0200,137.63,EUR/MWh,DE,DE_LU,day_ahead_price,value,2026-08-27T09:55:05Z
2026-08-27T09:51:17Z,2026-08-27T11:51:17+0200,0130a799-f590-4e00-8cb7-476fbd850f58,2026-08-06T17:30:00Z,2026-08-06T19:30:00+0200,150.54,EUR/MWh,DE,DE_LU,day_ahead_price,value,2026-08-27T09:55:05Z
2026-08-27T09:51:17Z,2026-08-27T11:51:17+0200,0130a799-f590-4e00-8cb7-476fbd850f58,2026-08-06T17:45:00Z,2026-08-06T19:45:00+0200,154.71,EUR/MWh,DE,DE_LU,day_ahead_price,value,2026-08-27T09:55:05Z
2026-08-27T09:51:17Z,2026-08-27T11:51:17+0200,0130a799-f590-4e00-8cb7-476fbd850f58,2026-08-06T18:00:00Z,2026-08-06T20:00:00+0200,152.09,EUR/MWh,DE,DE_LU,day_ahead_price,value,2026-08-27T09:55:05Z
2026-08-27T09:51:17Z,2026-08-27T11:51:17+0200,0130a799-f590-4e00-8cb7-476fbd850f58,2026-08-06T18:15:00Z,2026-08-06T20:15:00+0200,159.99,EUR/MWh,DE,DE_LU,day_ahead_price,value,2026-08-27T09:55:05Z
2026-08-27T09:51:17Z,2026-08-27T11:51:17+0200,0130a799-f590-4e00-8cb7-476fbd850f58,2026-08-06T18:30:00Z,2026-08-06T20:30:00+0200,166.47,EUR/MWh,DE,DE_LU,day_ahead_price,value,2026-08-27T09:55:05Z
2026-08-27T09:51:17Z,2026-08-27T11:51:17+0200,0130a799-f590-4e00-8cb7-476fbd850f58,2026-08-06T18:45:00Z,2026-08-06T20:45:00+0200,172.22,EUR/MWh,DE,DE_LU,day_ahead_price,value,2026-08-27T09:55:05Z
2026-08-27T09:51:17Z,2026-08-27T11:51:17+0200,0130a799-f590-4e00-8cb7-476fbd850f58,2026-08-06T19:00:00Z,2026-08-06T21:00:00+0200,167.0,EUR/MWh,DE,DE_LU,day_ahead_price,value,2026-08-27T09:55:05Z
2026-08-27T09:51:17Z,2026-08-27T11:51:17+0200,0130a799-f590-4e00-8cb7-476fbd850f58,2026-08-06T19:15:00Z,2026-08-06T21:15:00+0200,168.3,EUR/MWh,DE,DE_LU,day_ahead_price,value,2026-08-27T09:55:05Z
2026-08-27T09:51:17Z,2026-08-27T11:51:17+0200,0130a799-f590-4e00-8cb7-476fbd850f58,2026-08-06T19:30:00Z,2026-08-06T21:30:00+0200,168.25,EUR/MWh,DE,DE_LU,day_ahead_price,value,2026-08-27T09:55:05Z
2026-08-27T09:51:17Z,2026-08-27T11:51:17+0200,0130a799-f590-4e00-8cb7-476fbd850f58,2026-08-06T19:45:00Z,2026-08-06T21:45:00+0200,165.01,EUR/MWh,DE,DE_LU,day_ahead_price,value,2026-08-27T09:55:05Z
2026-08-27T09:51:17Z,2026-08-27T11:51:17+0200,0130a799-f590-4e00-8cb7-476fbd850f58,2026-08-06T20:00:00Z,2026-08-06T22:00:00+0200,172.05,EUR/MWh,DE,DE_LU,day_ahead_price,value,2026-08-27T09:55:05Z
2026-08-27T09:51:17Z,2026-08-27T11:51:17+0200,0130a799-f590-4e00-8cb7-476fbd850f58,2026-08-06T20:15:00Z,2026-08-06T22:15:00+0200,170.85,EUR/MWh,DE,DE_LU,day_ahead_price,value,2026-08-27T09:55:05Z
2026-08-27T09:51:17Z,2026-08-27T11:51:17+0200,0130a799-f590-4e00-8cb7-476fbd850f58,2026-08-06T20:30:00Z,2026-08-06T22:30:00+0200,171.35,EUR/MWh,DE,DE_LU,day_ahead_price,value,2026-08-27T09:55:05Z
2026-08-27T09:51:17Z,2026-08-27T11:51:17+0200,0130a799-f590-4e00-8cb7-476fbd850f58,2026-08-06T20:45:00Z,2026-08-06T22:45:00+0200,163.57,EUR/MWh,DE,DE_LU,day_ahead_price,value,2026-08-27T09:55:05Z
2026-08-27T09:51:17Z,2026-08-27T11:51:17+0200,0130a799-f590-4e00-8cb7-476fbd850f58,2026-08-06T21:00:00Z,2026-08-06T23:00:00+0200,165.21,EUR/MWh,DE,DE_LU,day_ahead_price,value,2026-08-27T09:55:05Z
2026-08-27T09:51:17Z,2026-08-27T11:51:17+0200,0130a799-f590-4e00-8cb7-476fbd850f58,2026-08-06T21:15:00Z,2026-08-06T23:15:00+0200,158.55,EUR/MWh,DE,DE_LU,day_ahead_price,value,2026-08-27T09:55:05Z
2026-08-27T09:51:17Z,2026-08-27T11:51:17+0200,0130a799-f590-4e00-8cb7-476fbd850f58,2026-08-06T21:30:00Z,2026-08-06T23:30:00+0200,157.53,EUR/MWh,DE,DE_LU,day_ahead_price,value,2026-08-27T09:55:05Z
2026-08-27T09:51:17Z,2026-08-27T11:51:17+0200,0130a799-f590-4e00-8cb7-476fbd850f58,2026-08-06T21:45:00Z,2026-08-06T23:45:00+0200,152.5,EUR/MWh,DE,DE_LU,day_ahead_price,value,2026-08-27T09:55:05Z
2026-08-27T09:51:17Z,2026-08-27T11:51:17+0200,0130a799-f590-4e00-8cb7-476fbd850f58,2026-08-06T22:00:00Z,2026-08-07T00:00:00+0200,152.93,EUR/MWh,DE,DE_LU,day_ahead_price,value,2026-08-27T09:55:05Z
2026-08-27T09:51:17Z,2026-08-27T11:51:17+0200,0130a799-f590-4e00-8cb7-476fbd850f58,2026-08-06T22:15:00Z,2026-08-07T00:15:00+0200,148.16,EUR/MWh,DE,DE_LU,day_ahead_price,value,2026-08-27T09:55:05Z
2026-08-27T09:51:17Z,2026-08-27T11:51:17+0200,0130a799-f590-4e00-8cb7-476fbd850f58,2026-08-06T22:30:00Z,2026-08-07T00:30:00+0200,144.02,EUR/MWh,DE,DE_LU,day_ahead_price,value,2026-08-27T09:55:05Z
2026-08-27T09:51:17Z,2026-08-27T11:51:17+0200,0130a799-f590-4e00-8cb7-476fbd850f58,2026-08-06T22:45:00Z,2026-08-07T00:45:00+0200,135.18,EUR/MWh,DE,DE_LU,day_ahead_price,value,2026-08-27T09:55:05Z
2026-08-27T09:51:17Z,2026-08-27T11:51:17+0200,0130a799-f590-4e00-8cb7-476fbd850f58,2026-08-06T23:00:00Z,2026-08-07T01:00:00+0200,142.0,EUR/MWh,DE,DE_LU,day_ahead_price,value,2026-08-27T09:55:05Z
2026-08-27T09:51:17Z,2026-08-27T11:51:17+0200,0130a799-f590-4e00-8cb7-476fbd850f58,2026-08-06T23:15:00Z,2026-08-07T01:15:00+0200,138.02,EUR/MWh,DE,DE_LU,day_ahead_price,value,2026-08-27T09:55:05Z
2026-08-27T09:51:17Z,2026-08-27T11:51:17+0200,0130a799-f590-4e00-8cb7-476fbd850f58,2026-08-06T23:30:00Z,2026-08-07T01:30:00+0200,138.61,EUR/MWh,DE,DE_LU,day_ahead_price,value,2026-08-27T09:55:05Z
2026-08-27T09:51:17Z,2026-08-27T11:51:17+0200,0130a799-f590-4e00-8cb7-476fbd850f58,2026-08-06T23:45:00Z,2026-08-07T01:45:00+0200,135.99,EUR/MWh,DE,DE_LU,day_ahead_price,value,2026-08-27T09:55:05Z
2026-08-27T09:51:17Z,2026-08-27T11:51:17+0200,0130a799-f590-4e00-8cb7-476fbd850f58,2026-08-07T00:00:00Z,2026-08-07T02:00:00+0200,137.76,EUR/MWh,DE,DE_LU,day_ahead_price,value,2026-08-27T09:55:05Z
2026-08-27T09:51:17Z,2026-08-27T11:51:17+0200,0130a799-f590-4e00-8cb7-476fbd850f58,2026-08-07T00:15:00Z,2026-08-07T02:15:00+0200,130.76,EUR/MWh,DE,DE_LU,day_ahead_price,value,2026-08-27T09:55:05Z
2026-08-27T09:51:17Z,2026-08-27T11:51:17+0200,0130a799-f590-4e00-8cb7-476fbd850f58,2026-08-07T00:30:00Z,2026-08-07T02:30:00+0200,127.59,EUR/MWh,DE,DE_LU,day_ahead_price,value,2026-08-27T09:55:05Z
2026-08-27T09:51:17Z,2026-08-27T11:51:17+0200,0130a799-f590-4e00-8cb7-476fbd850f58,2026-08-07T00:45:00Z,2026-08-07T02:45:00+0200,128.37,EUR/MWh,DE,DE_LU,day_ahead_price,value,2026-08-27T09:55:05Z
2026-08-27T09:51:17Z,2026-08-27T11:51:17+0200,0130a799-f590-4e00-8cb7-476fbd850f58,2026-08-07T01:00:00Z,2026-08-07T03:00:00+0200,128.84,EUR/MWh,DE,DE_LU,day_ahead_price,value,2026-08-27T09:55:05Z
2026-08-27T09:51:17Z,2026-08-27T11:51:17+0200,0130a799-f590-4e00-8cb7-476fbd850f58,2026-08-07T01:15:00Z,2026-08-07T03:15:00+0200,128.62,EUR/MWh,DE,DE_LU,day_ahead_price,value,2026-08-27T09:55:05Z
2026-08-27T09:51:17Z,2026-08-27T11:51:17+0200,0130a799-f590-4e00-8cb7-476fbd850f58,2026-08-07T01:30:00Z,2026-08-07T03:30:00+0200,128.83,EUR/MWh,DE,DE_LU,day_ahead_price,value,2026-08-27T09:55:05Z
2026-08-27T09:51:17Z,2026-08-27T11:51:17+0200,0130a799-f590-4e00-8cb7-476fbd850f58,2026-08-07T01:45:00Z,2026-08-07T03:45:00+0200,129.98,EUR/MWh,DE,DE_LU,day_ahead_price,value,2026-08-27T09:55:05Z
2026-08-27T09:51:17Z,2026-08-27T11:51:17+0200,0130a799-f590-4e00-8cb7-476fbd850f58,2026-08-07T02:00:00Z,2026-08-07T04:00:00+0200,127.31,EUR/MWh,DE,DE_LU,day_ahead_price,value,2026-08-27T09:55:05Z
2026-08-27T09:51:17Z,2026-08-27T11:51:17+0200,0130a799-f590-4e00-8cb7-476fbd850f58,2026-08-07T02:15:00Z,2026-08-07T04:15:00+0200,129.76,EUR/MWh,DE,DE_LU,day_ahead_price,value,2026-08-27T09:55:05Z
2026-08-27T09:51:17Z,2026-08-27T11:51:17+0200,0130a799-f590-4e00-8cb7-476fbd850f58,2026-08-07T02:30:00Z,2026-08-07T04:30:00+0200,133.39,EUR/MWh,DE,DE_LU,day_ahead_price,value,2026-08-27T09:55:05Z
2026-08-27T09:51:17Z,2026-08-27T11:51:17+0200,0130a799-f590-4e00-8cb7-476fbd850f58,2026-08-07T02:45:00Z,2026-08-07T04:45:00+0200,135.84,EUR/MWh,DE,DE_LU,day_ahead_price,value,2026-08-27T09:55:05Z
2026-08-27T09:51:17Z,2026-08-27T11:51:17+0200,0130a799-f590-4e00-8cb7-476fbd850f58,2026-08-07T03:00:00Z,2026-08-07T05:00:00+0200,129.25,EUR/MWh,DE,DE_LU,day_ahead_price,value,2026-08-27T09:55:05Z
2026-08-27T09:51:17Z,2026-08-27T11:51:17+0200,0130a799-f590-4e00-8cb7-476fbd850f58,2026-08-07T03:15:00Z,2026-08-07T05:15:00+0200,136.82,EUR/MWh,DE,DE_LU,day_ahead_price,value,2026-08-27T09:55:05Z
2026-08-27T09:51:17Z,2026-08-27T11:51:17+0200,0130a799-f590-4e00-8cb7-476fbd850f58,2026-08-07T03:30:00Z,2026-08-07T05:30:00+0200,149.04,EUR/MWh,DE,DE_LU,day_ahead_price,value,2026-08-27T09:55:05Z
2026-08-27T09:51:17Z,2026-08-27T11:51:17+0200,0130a799-f590-4e00-8cb7-476fbd850f58,2026-08-07T03:45:00Z,2026-08-07T05:45:00+0200,150.22,EUR/MWh,DE,DE_LU,day_ahead_price,value,2026-08-27T09:55:05Z
2026-08-27T09:51:17Z,2026-08-27T11:51:17+0200,0130a799-f590-4e00-8cb7-476fbd850f58,2026-08-07T04:00:00Z,2026-08-07T06:00:00+0200,150.57,EUR/MWh,DE,DE_LU,day_ahead_price,value,2026-08-27T09:55:05Z
2026-08-27T09:51:17Z,2026-08-27T11:51:17+0200,0130a799-f590-4e00-8cb7-476fbd850f58,2026-08-07T04:15:00Z,2026-08-07T06:15:00+0200,154.25,EUR/MWh,DE,DE_LU,day_ahead_price,value,2026-08-27T09:55:05Z
2026-08-27T09:51:17Z,2026-08-27T11:51:17+0200,0130a799-f590-4e00-8cb7-476fbd850f58,2026-08-07T04:30:00Z,2026-08-07T06:30:00+0200,159.33,EUR/MWh,DE,DE_LU,day_ahead_price,value,2026-08-27T09:55:05Z
2026-08-27T09:51:17Z,2026-08-27T11:51:17+0200,0130a799-f590-4e00-8cb7-476fbd850f58,2026-08-07T04:45:00Z,2026-08-07T06:45:00+0200,160.52,EUR/MWh,DE,DE_LU,day_ahead_price,value,2026-08-27T09:55:05Z
2026-08-27T09:51:17Z,2026-08-27T11:51:17+0200,0130a799-f590-4e00-8cb7-476fbd850f58,2026-08-07T05:00:00Z,2026-08-07T07:00:00+0200,168.32,EUR/MWh,DE,DE_LU,day_ahead_price,value,2026-08-27T09:55:05Z
2026-08-27T09:51:17Z,2026-08-27T11:51:17+0200,0130a799-f590-4e00-8cb7-476fbd850f58,2026-08-07T05:15:00Z,2026-08-07T07:15:00+0200,163.09,EUR/MWh,DE,DE_LU,day_ahead_price,value,2026-08-27T09:55:05Z
2026-08-27T09:51:17Z,2026-08-27T11:51:17+0200,0130a799-f590-4e00-8cb7-476fbd850f58,2026-08-07T05:30:00Z,2026-08-07T07:30:00+0200,153.18,EUR/MWh,DE,DE_LU,day_ahead_price,value,2026-08-27T09:55:05Z
2026-08-27T09:51:17Z,2026-08-27T11:51:17+0200,0130a799-f590-4e00-8cb7-476fbd850f58,2026-08-07T05:45:00Z,2026-08-07T07:45:00+0200,135.3,EUR/MWh,DE,DE_LU,day_ahead_price,value,2026-08-27T09:55:05Z
2026-08-27T09:51:17Z,2026-08-27T11:51:17+0200,0130a799-f590-4e00-8cb7-476fbd850f58,2026-08-07T06:00:00Z,2026-08-07T08:00:00+0200,165.72,EUR/MWh,DE,DE_LU,day_ahead_price,value,2026-08-27T09:55:05Z
2026-08-27T09:51:17Z,2026-08-27T11:51:17+0200,0130a799-f590-4e00-8cb7-476fbd850f58,2026-08-07T06:15:00Z,2026-08-07T08:15:00+0200,151.27,EUR/MWh,DE,DE_LU,day_ahead_price,value,2026-08-27T09:55:05Z
2026-08-27T09:51:17Z,2026-08-27T11:51:17+0200,0130a799-f590-4e00-8cb7-476fbd850f58,2026-08-07T06:30:00Z,2026-08-07T08:30:00+0200,144.03,EUR/MWh,DE,DE_LU,day_ahead_price,value,2026-08-27T09:55:05Z
2026-08-27T09:51:17Z,2026-08-27T11:51:17+0200,0130a799-f590-4e00-8cb7-476fbd850f58,2026-08-07T06:45:00Z,2026-08-07T08:45:00+0200,121.29,EUR/MWh,DE,DE_LU,day_ahead_price,value,2026-08-27T09:55:05Z
2026-08-27T09:51:17Z,2026-08-27T11:51:17+0200,0130a799-f590-4e00-8cb7-476fbd850f58,2026-08-07T07:00:00Z,2026-08-07T09:00:00+0200,150.42,EUR/MWh,DE,DE_LU,day_ahead_price,value,2026-08-27T09:55:05Z
2026-08-27T09:51:17Z,2026-08-27T11:51:17+0200,0130a799-f590-4e00-8cb7-476fbd850f58,2026-08-07T07:15:00Z,2026-08-07T09:15:00+0200,130.12,EUR/MWh,DE,DE_LU,day_ahead_price,value,2026-08-27T09:55:05Z
2026-08-27T09:51:17Z,2026-08-27T11:51:17+0200,0130a799-f590-4e00-8cb7-476fbd850f58,2026-08-07T07:30:00Z,2026-08-07T09:30:00+0200,114.18,EUR/MWh,DE,DE_LU,day_ahead_price,value,2026-08-27T09:55:05Z
2026-08-27T09:51:17Z,2026-08-27T11:51:17+0200,0130a799-f590-4e00-8cb7-476fbd850f58,2026-08-07T07:45:00Z,2026-08-07T09:45:00+0200,109.75,EUR/MWh,DE,DE_LU,day_ahead_price,value,2026-08-27T09:55:05Z
2026-08-27T09:51:17Z,2026-08-27T11:51:17+0200,0130a799-f590-4e00-8cb7-476fbd850f58,2026-08-07T08:00:00Z,2026-08-07T10:00:00+0200,109.69,EUR/MWh,DE,DE_LU,day_ahead_price,value,2026-08-27T09:55:05Z
2026-08-27T09:51:17Z,2026-08-27T11:51:17+0200,0130a799-f590-4e00-8cb7-476fbd850f58,2026-08-07T08:15:00Z,2026-08-07T10:15:00+0200,103.26,EUR/MWh,DE,DE_LU,day_ahead_price,value,2026-08-27T09:55:05Z
2026-08-27T09:51:17Z,2026-08-27T11:51:17+0200,0130a799-f590-4e00-8cb7-476fbd850f58,2026-08-07T08:30:00Z,2026-08-07T10:30:00+0200,100.0,EUR/MWh,DE,DE_LU,day_ahead_price,value,2026-08-27T09:55:05Z
2026-08-27T09:51:17Z,2026-08-27T11:51:17+0200,0130a799-f590-4e00-8cb7-476fbd850f58,2026-08-07T08:45:00Z,2026-08-07T10:45:00+0200,95.7,EUR/MWh,DE,DE_LU,day_ahead_price,value,2026-08-27T09:55:05Z
2026-08-27T09:51:17Z,2026-08-27T11:51:17+0200,0130a799-f590-4e00-8cb7-476fbd850f58,2026-08-07T09:00:00Z,2026-08-07T11:00:00+0200,85.37,EUR/MWh,DE,DE_LU,day_ahead_price,value,2026-08-27T09:55:05Z
2026-08-27T09:51:17Z,2026-08-27T11:51:17+0200,0130a799-f590-4e00-8cb7-476fbd850f58,2026-08-07T09:15:00Z,2026-08-07T11:15:00+0200,75.07,EUR/MWh,DE,DE_LU,day_ahead_price,value,2026-08-27T09:55:05Z
2026-08-27T09:51:17Z,2026-08-27T11:51:17+0200,0130a799-f590-4e00-8cb7-476fbd850f58,2026-08-07T09:30:00Z,2026-08-07T11:30:00+0200,61.68,EUR/MWh,DE,DE_LU,day_ahead_price,value,2026-08-27T09:55:05Z
2026-08-27T09:51:17Z,2026-08-27T11:51:17+0200,0130a799-f590-4e00-8cb7-476fbd850f58,2026-08-07T09:45:00Z,2026-08-07T11:45:00+0200,43.93,EUR/MWh,DE,DE_LU,day_ahead_price,value,2026-08-27T09:55:05Z
2026-08-27T09:51:17Z,2026-08-27T11:51:17+0200,0130a799-f590-4e00-8cb7-476fbd850f58,2026-08-07T10:00:00Z,2026-08-07T12:00:00+0200,39.99,EUR/MWh,DE,DE_LU,day_ahead_price,value,2026-08-27T09:55:05Z
2026-08-27T09:51:17Z,2026-08-27T11:51:17+0200,0130a799-f590-4e00-8cb7-476fbd850f58,2026-08-07T10:15:00Z,2026-08-07T12:15:00+0200,27.61,EUR/MWh,DE,DE_LU,day_ahead_price,value,2026-08-27T09:55:05Z
2026-08-27T09:51:17Z,2026-08-27T11:51:17+0200,0130a799-f590-4e00-8cb7-476fbd850f58,2026-08-07T10:30:00Z,2026-08-07T12:30:00+0200,24.91,EUR/MWh,DE,DE_LU,day_ahead_price,value,2026-08-27T09:55:05Z
2026-08-27T09:51:17Z,2026-08-27T11:51:17+0200,0130a799-f590-4e00-8cb7-476fbd850f58,2026-08-07T10:45:00Z,2026-08-07T12:45:00+0200,20.09,EUR/MWh,DE,DE_LU,day_ahead_price,value,2026-08-27T09:55:05Z
2026-08-27T09:51:17Z,2026-08-27T11:51:17+0200,0130a799-f590-4e00-8cb7-476fbd850f58,2026-08-07T11:00:00Z,2026-08-07T13:00:00+0200,22.46,EUR/MWh,DE,DE_LU,day_ahead_price,value,2026-08-27T09:55:05Z
2026-08-27T09:51:17Z,2026-08-27T11:51:17+0200,0130a799-f590-4e00-8cb7-476fbd850f58,2026-08-07T11:15:00Z,2026-08-07T13:15:00+0200,12.18,EUR/MWh,DE,DE_LU,day_ahead_price,value,2026-08-27T09:55:05Z
2026-08-27T09:51:17Z,2026-08-27T11:51:17+0200,0130a799-f590-4e00-8cb7-476fbd850f58,2026-08-07T11:30:00Z,2026-08-07T13:30:00+0200,9.75,EUR/MWh,DE,DE_LU,day_ahead_price,value,2026-08-27T09:55:05Z
2026-08-27T09:51:17Z,2026-08-27T11:51:17+0200,0130a799-f590-4e00-8cb7-476fbd850f58,2026-08-07T11:45:00Z,2026-08-07T13:45:00+0200,7.68,EUR/MWh,DE,DE_LU,day_ahead_price,value,2026-08-27T09:55:05Z
2026-08-27T09:51:17Z,2026-08-27T11:51:17+0200,0130a799-f590-4e00-8cb7-476fbd850f58,2026-08-07T12:00:00Z,2026-08-07T14:00:00+0200,10.04,EUR/MWh,DE,DE_LU,day_ahead_price,value,2026-08-27T09:55:05Z
2026-08-27T09:51:17Z,2026-08-27T11:51:17+0200,0130a799-f590-4e00-8cb7-476fbd850f58,2026-08-07T12:15:00Z,2026-08-07T14:15:00+0200,15.25,EUR/MWh,DE,DE_LU,day_ahead_price,value,2026-08-27T09:55:05Z
2026-08-27T09:51:17Z,2026-08-27T11:51:17+0200,0130a799-f590-4e00-8cb7-476fbd850f58,2026-08-07T12:30:00Z,2026-08-07T14:30:00+0200,20.18,EUR/MWh,DE,DE_LU,day_ahead_price,value,2026-08-27T09:55:05Z
2026-08-27T09:51:17Z,2026-08-27T11:51:17+0200,0130a799-f590-4e00-8cb7-476fbd850f58,2026-08-07T12:45:00Z,2026-08-07T14:45:00+0200,29.44,EUR/MWh,DE,DE_LU,day_ahead_price,value,2026-08-27T09:55:05Z
2026-08-27T09:51:17Z,2026-08-27T11:51:17+0200,0130a799-f590-4e00-8cb7-476fbd850f58,2026-08-07T13:00:00Z,2026-08-07T15:00:00+0200,24.26,EUR/MWh,DE,DE_LU,day_ahead_price,value,2026-08-27T09:55:05Z
2026-08-27T09:51:17Z,2026-08-27T11:51:17+0200,0130a799-f590-4e00-8cb7-476fbd850f58,2026-08-07T13:15:00Z,2026-08-07T15:15:00+0200,33.85,EUR/MWh,DE,DE_LU,day_ahead_price,value,2026-08-27T09:55:05Z
2026-08-27T09:51:17Z,2026-08-27T11:51:17+0200,0130a799-f590-4e00-8cb7-476fbd850f58,2026-08-07T13:30:00Z,2026-08-07T15:30:00+0200,50.49,EUR/MWh,DE,DE_LU,day_ahead_price,value,2026-08-27T09:55:05Z
2026-08-27T09:51:17Z,2026-08-27T11:51:17+0200,0130a799-f590-4e00-8cb7-476fbd850f58,2026-08-07T13:45:00Z,2026-08-07T15:45:00+0200,68.76,EUR/MWh,DE,DE_LU,day_ahead_price,value,2026-08-27T09:55:05Z
2026-08-27T09:51:17Z,2026-08-27T11:51:17+0200,0130a799-f590-4e00-8cb7-476fbd850f58,2026-08-07T14:00:00Z,2026-08-07T16:00:00+0200,66.76,EUR/MWh,DE,DE_LU,day_ahead_price,value,2026-08-27T09:55:05Z
2026-08-27T09:51:17Z,2026-08-27T11:51:17+0200,0130a799-f590-4e00-8cb7-476fbd850f58,2026-08-07T14:15:00Z,2026-08-07T16:15:00+0200,83.2,EUR/MWh,DE,DE_LU,day_ahead_price,value,2026-08-27T09:55:05Z
2026-08-27T09:51:17Z,2026-08-27T11:51:17+0200,0130a799-f590-4e00-8cb7-476fbd850f58,2026-08-07T14:30:00Z,2026-08-07T16:30:00+0200,91.69,EUR/MWh,DE,DE_LU,day_ahead_price,value,2026-08-27T09:55:05Z
2026-08-27T09:51:17Z,2026-08-27T11:51:17+0200,0130a799-f590-4e00-8cb7-476fbd850f58,2026-08-07T14:45:00Z,2026-08-07T16:45:00+0200,107.71,EUR/MWh,DE,DE_LU,day_ahead_price,value,2026-08-27T09:55:05Z
2026-08-27T09:51:17Z,2026-08-27T11:51:17+0200,0130a799-f590-4e00-8cb7-476fbd850f58,2026-08-07T15:00:00Z,2026-08-07T17:00:00+0200,104.25,EUR/MWh,DE,DE_LU,day_ahead_price,value,2026-08-27T09:55:05Z
2026-08-27T09:51:17Z,2026-08-27T11:51:17+0200,0130a799-f590-4e00-8cb7-476fbd850f58,2026-08-07T15:15:00Z,2026-08-07T17:15:00+0200,111.54,EUR/MWh,DE,DE_LU,day_ahead_price,value,2026-08-27T09:55:05Z
2026-08-27T09:51:17Z,2026-08-27T11:51:17+0200,0130a799-f590-4e00-8cb7-476fbd850f58,2026-08-07T15:30:00Z,2026-08-07T17:30:00+0200,123.95,EUR/MWh,DE,DE_LU,day_ahead_price,value,2026-08-27T09:55:05Z
2026-08-27T09:51:17Z,2026-08-27T11:51:17+0200,0130a799-f590-4e00-8cb7-476fbd850f58,2026-08-07T15:45:00Z,2026-08-07T17:45:00+0200,134.93,EUR/MWh,DE,DE_LU,day_ahead_price,value,2026-08-27T09:55:05Z
2026-08-27T09:51:17Z,2026-08-27T11:51:17+0200,0130a799-f590-4e00-8cb7-476fbd850f58,2026-08-07T16:00:00Z,2026-08-07T18:00:00+0200,125.82,EUR/MWh,DE,DE_LU,day_ahead_price,value,2026-08-27T09:55:05Z
2026-08-27T09:51:17Z,2026-08-27T11:51:17+0200,0130a799-f590-4e00-8cb7-476fbd850f58,2026-08-07T16:15:00Z,2026-08-07T18:15:00+0200,142.24,EUR/MWh,DE,DE_LU,day_ahead_price,value,2026-08-27T09:55:05Z
2026-08-27T09:51:17Z,2026-08-27T11:51:17+0200,0130a799-f590-4e00-8cb7-476fbd850f58,2026-08-07T16:30:00Z,2026-08-07T18:30:00+0200,147.9,EUR/MWh,DE,DE_LU,day_ahead_price,value,2026-08-27T09:55:05Z
2026-08-27T09:51:17Z,2026-08-27T11:51:17+0200,0130a799-f590-4e00-8cb7-476fbd850f58,2026-08-07T16:45:00Z,2026-08-07T18:45:00+0200,162.88,EUR/MWh,DE,DE_LU,day_ahead_price,value,2026-08-27T09:55:05Z
2026-08-27T09:51:17Z,2026-08-27T11:51:17+0200,0130a799-f590-4e00-8cb7-476fbd850f58,2026-08-07T17:00:00Z,2026-08-07T19:00:00+0200,150.64,EUR/MWh,DE,DE_LU,day_ahead_price,value,2026-08-27T09:55:05Z
2026-08-27T09:51:17Z,2026-08-27T11:51:17+0200,0130a799-f590-4e00-8cb7-476fbd850f58,2026-08-07T17:15:00Z,2026-08-07T19:15:00+0200,170.99,EUR/MWh,DE,DE_LU,day_ahead_price,value,2026-08-27T09:55:05Z
2026-08-27T09:51:17Z,2026-08-27T11:51:17+0200,0130a799-f590-4e00-8cb7-476fbd850f58,2026-08-07T17:30:00Z,2026-08-07T19:30:00+0200,175.18,EUR/MWh,DE,DE_LU,day_ahead_price,value,2026-08-27T09:55:05Z
2026-08-27T09:51:17Z,2026-08-27T11:51:17+0200,0130a799-f590-4e00-8cb7-476fbd850f58,2026-08-07T17:45:00Z,2026-08-07T19:45:00+0200,193.6,EUR/MWh,DE,DE_LU,day_ahead_price,value,2026-08-27T09:55:05Z
2026-08-27T09:51:17Z,2026-08-27T11:51:17+0200,0130a799-f590-4e00-8cb7-476fbd850f58,2026-08-07T18:00:00Z,2026-08-07T20:00:00+0200,181.0,EUR/MWh,DE,DE_LU,day_ahead_price,value,2026-08-27T09:55:05Z
2026-08-27T09:51:17Z,2026-08-27T11:51:17+0200,0130a799-f590-4e00-8cb7-476fbd850f58,2026-08-07T18:15:00Z,2026-08-07T20:15:00+0200,194.38,EUR/MWh,DE,DE_LU,day_ahead_price,value,2026-08-27T09:55:05Z
2026-08-27T09:51:17Z,2026-08-27T11:51:17+0200,0130a799-f590-4e00-8cb7-476fbd850f58,2026-08-07T18:30:00Z,2026-08-07T20:30:00+0200,203.06,EUR/MWh,DE,DE_LU,day_ahead_price,value,2026-08-27T09:55:05Z
2026-08-27T09:51:17Z,2026-08-27T11:51:17+0200,0130a799-f590-4e00-8cb7-476fbd850f58,2026-08-07T18:45:00Z,2026-08-07T20:45:00+0200,202.05,EUR/MWh,DE,DE_LU,day_ahead_price,value,2026-08-27T09:55:05Z
2026-08-27T09:51:17Z,2026-08-27T11:51:17+0200,0130a799-f590-4e00-8cb7-476fbd850f58,2026-08-07T19:00:00Z,2026-08-07T21:00:00+0200,211.2,EUR/MWh,DE,DE_LU,day_ahead_price,value,2026-08-27T09:55:05Z
2026-08-27T09:51:17Z,2026-08-27T11:51:17+0200,0130a799-f590-4e00-8cb7-476fbd850f58,2026-08-07T19:15:00Z,2026-08-07T21:15:00+0200,197.84,EUR/MWh,DE,DE_LU,day_ahead_price,value,2026-08-27T09:55:05Z
2026-08-27T09:51:17Z,2026-08-27T11:51:17+0200,0130a799-f590-4e00-8cb7-476fbd850f58,2026-08-07T19:30:00Z,2026-08-07T21:30:00+0200,188.78,EUR/MWh,DE,DE_LU,day_ahead_price,value,2026-08-27T09:55:05Z
2026-08-27T09:51:17Z,2026-08-27T11:51:17+0200,0130a799-f590-4e00-8cb7-476fbd850f58,2026-08-07T19:45:00Z,2026-08-07T21:45:00+0200,180.78,EUR/MWh,DE,DE_LU,day_ahead_price,value,2026-08-27T09:55:05Z
2026-08-27T09:51:17Z,2026-08-27T11:51:17+0200,0130a799-f590-4e00-8cb7-476fbd850f58,2026-08-07T20:00:00Z,2026-08-07T22:00:00+0200,189.17,EUR/MWh,DE,DE_LU,day_ahead_price,value,2026-08-27T09:55:05Z
2026-08-27T09:51:17Z,2026-08-27T11:51:17+0200,0130a799-f590-4e00-8cb7-476fbd850f58,2026-08-07T20:15:00Z,2026-08-07T22:15:00+0200,177.42,EUR/MWh,DE,DE_LU,day_ahead_price,value,2026-08-27T09:55:05Z
2026-08-27T09:51:17Z,2026-08-27T11:51:17+0200,0130a799-f590-4e00-8cb7-476fbd850f58,2026-08-07T20:30:00Z,2026-08-07T22:30:00+0200,175.05,EUR/MWh,DE,DE_LU,day_ahead_price,value,2026-08-27T09:55:05Z
2026-08-27T09:51:17Z,2026-08-27T11:51:17+0200,0130a799-f590-4e00-8cb7-476fbd850f58,2026-08-07T20:45:00Z,2026-08-07T22:45:00+0200,170.71,EUR/MWh,DE,DE_LU,day_ahead_price,value,2026-08-27T09:55:05Z
2026-08-27T09:51:17Z,2026-08-27T11:51:17+0200,0130a799-f590-4e00-8cb7-476fbd850f58,2026-08-07T21:00:00Z,2026-08-07T23:00:00+0200,172.02,EUR/MWh,DE,DE_LU,day_ahead_price,value,2026-08-27T09:55:05Z
2026-08-27T09:51:17Z,2026-08-27T11:51:17+0200,0130a799-f590-4e00-8cb7-476fbd850f58,2026-08-07T21:15:00Z,2026-08-07T23:15:00+0200,167.05,EUR/MWh,DE,DE_LU,day_ahead_price,value,2026-08-27T09:55:05Z
2026-08-27T09:51:17Z,2026-08-27T11:51:17+0200,0130a799-f590-4e00-8cb7-476fbd850f58,2026-08-07T21:30:00Z,2026-08-07T23:30:00+0200,164.05,EUR/MWh,DE,DE_LU,day_ahead_price,value,2026-08-27T09:55:05Z
2026-08-27T09:51:17Z,2026-08-27T11:51:17+0200,0130a799-f590-4e00-8cb7-476fbd850f58,2026-08-07T21:45:00Z,2026-08-07T23:45:00+0200,161.26,EUR/MWh,DE,DE_LU,day_ahead_price,value,2026-08-27T09:55:05Z
2026-08-27T09:51:17Z,2026-08-27T11:51:17+0200,0130a799-f590-4e00-8cb7-476fbd850f58,2026-08-07T22:00:00Z,2026-08-08T00:00:00+0200,163.38,EUR/MWh,DE,DE_LU,day_ahead_price,value,2026-08-27T09:55:05Z
2026-08-27T09:51:17Z,2026-08-27T11:51:17+0200,0130a799-f590-4e00-8cb7-476fbd850f58,2026-08-07T22:15:00Z,2026-08-08T00:15:00+0200,157.14,EUR/MWh,DE,DE_LU,day_ahead_price,value,2026-08-27T09:55:05Z
2026-08-27T09:51:17Z,2026-08-27T11:51:17+0200,0130a799-f590-4e00-8cb7-476fbd850f58,2026-08-07T22:30:00Z,2026-08-08T00:30:00+0200,155.24,EUR/MWh,DE,DE_LU,day_ahead_price,value,2026-08-27T09:55:05Z
2026-08-27T09:51:17Z,2026-08-27T11:51:17+0200,0130a799-f590-4e00-8cb7-476fbd850f58,2026-08-07T22:45:00Z,2026-08-08T00:45:00+0200,147.2,EUR/MWh,DE,DE_LU,day_ahead_price,value,2026-08-27T09:55:05Z
2026-08-27T09:51:17Z,2026-08-27T11:51:17+0200,0130a799-f590-4e00-8cb7-476fbd850f58,2026-08-07T23:00:00Z,2026-08-08T01:00:00+0200,155.2,EUR/MWh,DE,DE_LU,day_ahead_price,value,2026-08-27T09:55:05Z
2026-08-27T09:51:17Z,2026-08-27T11:51:17+0200,0130a799-f590-4e00-8cb7-476fbd850f58,2026-08-07T23:15:00Z,2026-08-08T01:15:00+0200,150.66,EUR/MWh,DE,DE_LU,day_ahead_price,value,2026-08-27T09:55:05Z
2026-08-27T09:51:17Z,2026-08-27T11:51:17+0200,0130a799-f590-4e00-8cb7-476fbd850f58,2026-08-07T23:30:00Z,2026-08-08T01:30:00+0200,147.14,EUR/MWh,DE,DE_LU,day_ahead_price,value,2026-08-27T09:55:05Z
2026-08-27T09:51:17Z,2026-08-27T11:51:17+0200,0130a799-f590-4e00-8cb7-476fbd850f58,2026-08-07T23:45:00Z,2026-08-08T01:45:00+0200,143.0,EUR/MWh,DE,DE_LU,day_ahead_price,value,2026-08-27T09:55:05Z
2026-08-27T09:51:17Z,2026-08-27T11:51:17+0200,0130a799-f590-4e00-8cb7-476fbd850f58,2026-08-08T00:00:00Z,2026-08-08T02:00:00+0200,148.61,EUR/MWh,DE,DE_LU,day_ahead_price,value,2026-08-27T09:55:05Z
2026-08-27T09:51:17Z,2026-08-27T11:51:17+0200,0130a799-f590-4e00-8cb7-476fbd850f58,2026-08-08T00:15:00Z,2026-08-08T02:15:00+0200,145.34,EUR/MWh,DE,DE_LU,day_ahead_price,value,2026-08-27T09:55:05Z
2026-08-27T09:51:17Z,2026-08-27T11:51:17+0200,0130a799-f590-4e00-8cb7-476fbd850f58,2026-08-08T00:30:00Z,2026-08-08T02:30:00+0200,144.62,EUR/MWh,DE,DE_LU,day_ahead_price,value,2026-08-27T09:55:05Z
2026-08-27T09:51:17Z,2026-08-27T11:51:17+0200,0130a799-f590-4e00-8cb7-476fbd850f58,2026-08-08T00:45:00Z,2026-08-08T02:45:00+0200,142.38,EUR/MWh,DE,DE_LU,day_ahead_price,value,2026-08-27T09:55:05Z
2026-08-27T09:51:17Z,2026-08-27T11:51:17+0200,0130a799-f590-4e00-8cb7-476fbd850f58,2026-08-08T01:00:00Z,2026-08-08T03:00:00+0200,146.92,EUR/MWh,DE,DE_LU,day_ahead_price,value,2026-08-27T09:55:05Z
2026-08-27T09:51:17Z,2026-08-27T11:51:17+0200,0130a799-f590-4e00-8cb7-476fbd850f58,2026-08-08T01:15:00Z,2026-08-08T03:15:00+0200,146.23,EUR/MWh,DE,DE_LU,day_ahead_price,value,2026-08-27T09:55:05Z
2026-08-27T09:51:17Z,2026-08-27T11:51:17+0200,0130a799-f590-4e00-8cb7-476fbd850f58,2026-08-08T01:30:00Z,2026-08-08T03:30:00+0200,146.11,EUR/MWh,DE,DE_LU,day_ahead_price,value,2026-08-27T09:55:05Z
2026-08-27T09:51:17Z,2026-08-27T11:51:17+0200,0130a799-f590-4e00-8cb7-476fbd850f58,2026-08-08T01:45:00Z,2026-08-08T03:45:00+0200,144.42,EUR/MWh,DE,DE_LU,day_ahead_price,value,2026-08-27T09:55:05Z
2026-08-27T09:51:17Z,2026-08-27T11:51:17+0200,0130a799-f590-4e00-8cb7-476fbd850f58,2026-08-08T02:00:00Z,2026-08-08T04:00:00+0200,141.96,EUR/MWh,DE,DE_LU,day_ahead_price,value,2026-08-27T09:55:05Z
2026-08-27T09:51:17Z,2026-08-27T11:51:17+0200,0130a799-f590-4e00-8cb7-476fbd850f58,2026-08-08T02:15:00Z,2026-08-08T04:15:00+0200,144.47,EUR/MWh,DE,DE_LU,day_ahead_price,value,2026-08-27T09:55:05Z
2026-08-27T09:51:17Z,2026-08-27T11:51:17+0200,0130a799-f590-4e00-8cb7-476fbd850f58,2026-08-08T02:30:00Z,2026-08-08T04:30:00+0200,144.76,EUR/MWh,DE,DE_LU,day_ahead_price,value,2026-08-27T09:55:05Z
2026-08-27T09:51:17Z,2026-08-27T11:51:17+0200,0130a799-f590-4e00-8cb7-476fbd850f58,2026-08-08T02:45:00Z,2026-08-08T04:45:00+0200,144.27,EUR/MWh,DE,DE_LU,day_ahead_price,value,2026-08-27T09:55:05Z
2026-08-27T09:51:17Z,2026-08-27T11:51:17+0200,0130a799-f590-4e00-8cb7-476fbd850f58,2026-08-08T03:00:00Z,2026-08-08T05:00:00+0200,139.91,EUR/MWh,DE,DE_LU,day_ahead_price,value,2026-08-27T09:55:05Z
2026-08-27T09:51:17Z,2026-08-27T11:51:17+0200,0130a799-f590-4e00-8cb7-476fbd850f58,2026-08-08T03:15:00Z,2026-08-08T05:15:00+0200,141.33,EUR/MWh,DE,DE_LU,day_ahead_price,value,2026-08-27T09:55:05Z
2026-08-27T09:51:17Z,2026-08-27T11:51:17+0200,0130a799-f590-4e00-8cb7-476fbd850f58,2026-08-08T03:30:00Z,2026-08-08T05:30:00+0200,147.81,EUR/MWh,DE,DE_LU,day_ahead_price,value,2026-08-27T09:55:05Z
2026-08-27T09:51:17Z,2026-08-27T11:51:17+0200,0130a799-f590-4e00-8cb7-476fbd850f58,2026-08-08T03:45:00Z,2026-08-08T05:45:00+0200,153.73,EUR/MWh,DE,DE_LU,day_ahead_price,value,2026-08-27T09:55:05Z
2026-08-27T09:51:17Z,2026-08-27T11:51:17+0200,0130a799-f590-4e00-8cb7-476fbd850f58,2026-08-08T04:00:00Z,2026-08-08T06:00:00+0200,155.08,EUR/MWh,DE,DE_LU,day_ahead_price,value,2026-08-27T09:55:05Z
2026-08-27T09:51:17Z,2026-08-27T11:51:17+0200,0130a799-f590-4e00-8cb7-476fbd850f58,2026-08-08T04:15:00Z,2026-08-08T06:15:00+0200,148.32,EUR/MWh,DE,DE_LU,day_ahead_price,value,2026-08-27T09:55:05Z
2026-08-27T09:51:17Z,2026-08-27T11:51:17+0200,0130a799-f590-4e00-8cb7-476fbd850f58,2026-08-08T04:30:00Z,2026-08-08T06:30:00+0200,143.93,EUR/MWh,DE,DE_LU,day_ahead_price,value,2026-08-27T09:55:05Z
2026-08-27T09:51:17Z,2026-08-27T11:51:17+0200,0130a799-f590-4e00-8cb7-476fbd850f58,2026-08-08T04:45:00Z,2026-08-08T06:45:00+0200,137.72,EUR/MWh,DE,DE_LU,day_ahead_price,value,2026-08-27T09:55:05Z
2026-08-27T09:51:17Z,2026-08-27T11:51:17+0200,0130a799-f590-4e00-8cb7-476fbd850f58,2026-08-08T05:00:00Z,2026-08-08T07:00:00+0200,155.0,EUR/MWh,DE,DE_LU,day_ahead_price,value,2026-08-27T09:55:05Z
2026-08-27T09:51:17Z,2026-08-27T11:51:17+0200,0130a799-f590-4e00-8cb7-476fbd850f58,2026-08-08T05:15:00Z,2026-08-08T07:15:00+0200,142.87,EUR/MWh,DE,DE_LU,day_ahead_price,value,2026-08-27T09:55:05Z
2026-08-27T09:51:17Z,2026-08-27T11:51:17+0200,0130a799-f590-4e00-8cb7-476fbd850f58,2026-08-08T05:30:00Z,2026-08-08T07:30:00+0200,134.9,EUR/MWh,DE,DE_LU,day_ahead_price,value,2026-08-27T09:55:05Z
2026-08-27T09:51:17Z,2026-08-27T11:51:17+0200,0130a799-f590-4e00-8cb7-476fbd850f58,2026-08-08T05:45:00Z,2026-08-08T07:45:00+0200,118.02,EUR/MWh,DE,DE_LU,day_ahead_price,value,2026-08-27T09:55:05Z
2026-08-27T09:51:17Z,2026-08-27T11:51:17+0200,0130a799-f590-4e00-8cb7-476fbd850f58,2026-08-08T06:00:00Z,2026-08-08T08:00:00+0200,145.88,EUR/MWh,DE,DE_LU,day_ahead_price,value,2026-08-27T09:55:05Z
2026-08-27T09:51:17Z,2026-08-27T11:51:17+0200,0130a799-f590-4e00-8cb7-476fbd850f58,2026-08-08T06:15:00Z,2026-08-08T08:15:00+0200,124.56,EUR/MWh,DE,DE_LU,day_ahead_price,value,2026-08-27T09:55:05Z
2026-08-27T09:51:17Z,2026-08-27T11:51:17+0200,0130a799-f590-4e00-8cb7-476fbd850f58,2026-08-08T06:30:00Z,2026-08-08T08:30:00+0200,106.7,EUR/MWh,DE,DE_LU,day_ahead_price,value,2026-08-27T09:55:05Z
2026-08-27T09:51:17Z,2026-08-27T11:51:17+0200,0130a799-f590-4e00-8cb7-476fbd850f58,2026-08-08T06:45:00Z,2026-08-08T08:45:00+0200,82.99,EUR/MWh,DE,DE_LU,day_ahead_price,value,2026-08-27T09:55:05Z
2026-08-27T09:51:17Z,2026-08-27T11:51:17+0200,0130a799-f590-4e00-8cb7-476fbd850f58,2026-08-08T07:00:00Z,2026-08-08T09:00:00+0200,107.54,EUR/MWh,DE,DE_LU,day_ahead_price,value,2026-08-27T09:55:05Z
2026-08-27T09:51:17Z,2026-08-27T11:51:17+0200,0130a799-f590-4e00-8cb7-476fbd850f58,2026-08-08T07:15:00Z,2026-08-08T09:15:00+0200,87.67,EUR/MWh,DE,DE_LU,day_ahead_price,value,2026-08-27T09:55:05Z
2026-08-27T09:51:17Z,2026-08-27T11:51:17+0200,0130a799-f590-4e00-8cb7-476fbd850f58,2026-08-08T07:30:00Z,2026-08-08T09:30:00+0200,44.94,EUR/MWh,DE,DE_LU,day_ahead_price,value,2026-08-27T09:55:05Z
2026-08-27T09:51:17Z,2026-08-27T11:51:17+0200,0130a799-f590-4e00-8cb7-476fbd850f58,2026-08-08T07:45:00Z,2026-08-08T09:45:00+0200,10.03,EUR/MWh,DE,DE_LU,day_ahead_price,value,2026-08-27T09:55:05Z
2026-08-27T09:51:17Z,2026-08-27T11:51:17+0200,0130a799-f590-4e00-8cb7-476fbd850f58,2026-08-08T08:00:00Z,2026-08-08T10:00:00+0200,12.32,EUR/MWh,DE,DE_LU,day_ahead_price,value,2026-08-27T09:55:05Z
2026-08-27T09:51:17Z,2026-08-27T11:51:17+0200,0130a799-f590-4e00-8cb7-476fbd850f58,2026-08-08T08:15:00Z,2026-08-08T10:15:00+0200,3.21,EUR/MWh,DE,DE_LU,day_ahead_price,value,2026-08-27T09:55:05Z
2026-08-27T09:51:17Z,2026-08-27T11:51:17+0200,0130a799-f590-4e00-8cb7-476fbd850f58,2026-08-08T08:30:00Z,2026-08-08T10:30:00+0200,0.0,EUR/MWh,DE,DE_LU,day_ahead_price,value,2026-08-27T09:55:05Z
2026-08-27T09:51:17Z,2026-08-27T11:51:17+0200,0130a799-f590-4e00-8cb7-476fbd850f58,2026-08-08T08:45:00Z,2026-08-08T10:45:00+0200,-0.09,EUR/MWh,DE,DE_LU,day_ahead_price,value,2026-08-27T09:55:05Z
2026-08-27T09:51:17Z,2026-08-27T11:51:17+0200,0130a799-f590-4e00-8cb7-476fbd850f58,2026-08-08T09:00:00Z,2026-08-08T11:00:00+0200,-1.14,EUR/MWh,DE,DE_LU,day_ahead_price,value,2026-08-27T09:55:05Z
2026-08-27T09:51:17Z,2026-08-27T11:51:17+0200,0130a799-f590-4e00-8cb7-476fbd850f58,2026-08-08T09:15:00Z,2026-08-08T11:15:00+0200,-1.21,EUR/MWh,DE,DE_LU,day_ahead_price,value,2026-08-27T09:55:05Z
2026-08-27T09:51:17Z,2026-08-27T11:51:17+0200,0130a799-f590-4e00-8cb7-476fbd850f58,2026-08-08T09:30:00Z,2026-08-08T11:30:00+0200,-1.71,EUR/MWh,DE,DE_LU,day_ahead_price,value,2026-08-27T09:55:05Z
2026-08-27T09:51:17Z,2026-08-27T11:51:17+0200,0130a799-f590-4e00-8cb7-476fbd850f58,2026-08-08T09:45:00Z,2026-08-08T11:45:00+0200,-2.01,EUR/MWh,DE,DE_LU,day_ahead_price,value,2026-08-27T09:55:05Z
2026-08-27T09:51:17Z,2026-08-27T11:51:17+0200,0130a799-f590-4e00-8cb7-476fbd850f58,2026-08-08T10:00:00Z,2026-08-08T12:00:00+0200,-3.83,EUR/MWh,DE,DE_LU,day_ahead_price,value,2026-08-27T09:55:05Z
2026-08-27T09:51:17Z,2026-08-27T11:51:17+0200,0130a799-f590-4e00-8cb7-476fbd850f58,2026-08-08T10:15:00Z,2026-08-08T12:15:00+0200,-5.01,EUR/MWh,DE,DE_LU,day_ahead_price,value,2026-08-27T09:55:05Z
2026-08-27T09:51:17Z,2026-08-27T11:51:17+0200,0130a799-f590-4e00-8cb7-476fbd850f58,2026-08-08T10:30:00Z,2026-08-08T12:30:00+0200,-6.81,EUR/MWh,DE,DE_LU,day_ahead_price,value,2026-08-27T09:55:05Z
2026-08-27T09:51:17Z,2026-08-27T11:51:17+0200,0130a799-f590-4e00-8cb7-476fbd850f58,2026-08-08T10:45:00Z,2026-08-08T12:45:00+0200,-8.3,EUR/MWh,DE,DE_LU,day_ahead_price,value,2026-08-27T09:55:05Z
2026-08-27T09:51:17Z,2026-08-27T11:51:17+0200,0130a799-f590-4e00-8cb7-476fbd850f58,2026-08-08T11:00:00Z,2026-08-08T13:00:00+0200,-8.77,EUR/MWh,DE,DE_LU,day_ahead_price,value,2026-08-27T09:55:05Z
2026-08-27T09:51:17Z,2026-08-27T11:51:17+0200,0130a799-f590-4e00-8cb7-476fbd850f58,2026-08-08T11:15:00Z,2026-08-08T13:15:00+0200,-10.06,EUR/MWh,DE,DE_LU,day_ahead_price,value,2026-08-27T09:55:05Z
2026-08-27T09:51:17Z,2026-08-27T11:51:17+0200,0130a799-f590-4e00-8cb7-476fbd850f58,2026-08-08T11:30:00Z,2026-08-08T13:30:00+0200,-12.29,EUR/MWh,DE,DE_LU,day_ahead_price,value,2026-08-27T09:55:05Z
2026-08-27T09:51:17Z,2026-08-27T11:51:17+0200,0130a799-f590-4e00-8cb7-476fbd850f58,2026-08-08T11:45:00Z,2026-08-08T13:45:00+0200,-12.87,EUR/MWh,DE,DE_LU,day_ahead_price,value,2026-08-27T09:55:05Z
2026-08-27T09:51:17Z,2026-08-27T11:51:17+0200,0130a799-f590-4e00-8cb7-476fbd850f58,2026-08-08T12:00:00Z,2026-08-08T14:00:00+0200,-18.49,EUR/MWh,DE,DE_LU,day_ahead_price,value,2026-08-27T09:55:05Z
2026-08-27T09:51:17Z,2026-08-27T11:51:17+0200,0130a799-f590-4e00-8cb7-476fbd850f58,2026-08-08T12:15:00Z,2026-08-08T14:15:00+0200,-12.99,EUR/MWh,DE,DE_LU,day_ahead_price,value,2026-08-27T09:55:05Z
2026-08-27T09:51:17Z,2026-08-27T11:51:17+0200,0130a799-f590-4e00-8cb7-476fbd850f58,2026-08-08T12:30:00Z,2026-08-08T14:30:00+0200,-10.0,EUR/MWh,DE,DE_LU,day_ahead_price,value,2026-08-27T09:55:05Z
2026-08-27T09:51:17Z,2026-08-27T11:51:17+0200,0130a799-f590-4e00-8cb7-476fbd850f58,2026-08-08T12:45:00Z,2026-08-08T14:45:00+0200,-7.13,EUR/MWh,DE,DE_LU,day_ahead_price,value,2026-08-27T09:55:05Z
2026-08-27T09:51:17Z,2026-08-27T11:51:17+0200,0130a799-f590-4e00-8cb7-476fbd850f58,2026-08-08T13:00:00Z,2026-08-08T15:00:00+0200,-6.97,EUR/MWh,DE,DE_LU,day_ahead_price,value,2026-08-27T09:55:05Z
2026-08-27T09:51:17Z,2026-08-27T11:51:17+0200,0130a799-f590-4e00-8cb7-476fbd850f58,2026-08-08T13:15:00Z,2026-08-08T15:15:00+0200,-8.85,EUR/MWh,DE,DE_LU,day_ahead_price,value,2026-08-27T09:55:05Z
2026-08-27T09:51:17Z,2026-08-27T11:51:17+0200,0130a799-f590-4e00-8cb7-476fbd850f58,2026-08-08T13:30:00Z,2026-08-08T15:30:00+0200,-5.48,EUR/MWh,DE,DE_LU,day_ahead_price,value,2026-08-27T09:55:05Z
2026-08-27T09:51:17Z,2026-08-27T11:51:17+0200,0130a799-f590-4e00-8cb7-476fbd850f58,2026-08-08T13:45:00Z,2026-08-08T15:45:00+0200,-6.75,EUR/MWh,DE,DE_LU,day_ahead_price,value,2026-08-27T09:55:05Z
2026-08-27T09:51:17Z,2026-08-27T11:51:17+0200,0130a799-f590-4e00-8cb7-476fbd850f58,2026-08-08T14:00:00Z,2026-08-08T16:00:00+0200,-1.44,EUR/MWh,DE,DE_LU,day_ahead_price,value,2026-08-27T09:55:05Z
2026-08-27T09:51:17Z,2026-08-27T11:51:17+0200,0130a799-f590-4e00-8cb7-476fbd850f58,2026-08-08T14:15:00Z,2026-08-08T16:15:00+0200,-0.54,EUR/MWh,DE,DE_LU,day_ahead_price,value,2026-08-27T09:55:05Z
2026-08-27T09:51:17Z,2026-08-27T11:51:17+0200,0130a799-f590-4e00-8cb7-476fbd850f58,2026-08-08T14:30:00Z,2026-08-08T16:30:00+0200,-0.28,EUR/MWh,DE,DE_LU,day_ahead_price,value,2026-08-27T09:55:05Z
2026-08-27T09:51:17Z,2026-08-27T11:51:17+0200,0130a799-f590-4e00-8cb7-476fbd850f58,2026-08-08T14:45:00Z,2026-08-08T16:45:00+0200,0.01,EUR/MWh,DE,DE_LU,day_ahead_price,value,2026-08-27T09:55:05Z
2026-08-27T09:51:17Z,2026-08-27T11:51:17+0200,0130a799-f590-4e00-8cb7-476fbd850f58,2026-08-08T15:00:00Z,2026-08-08T17:00:00+0200,1.93,EUR/MWh,DE,DE_LU,day_ahead_price,value,2026-08-27T09:55:05Z
2026-08-27T09:51:17Z,2026-08-27T11:51:17+0200,0130a799-f590-4e00-8cb7-476fbd850f58,2026-08-08T15:15:00Z,2026-08-08T17:15:00+0200,34.8,EUR/MWh,DE,DE_LU,day_ahead_price,value,2026-08-27T09:55:05Z
2026-08-27T09:51:17Z,2026-08-27T11:51:17+0200,0130a799-f590-4e00-8cb7-476fbd850f58,2026-08-08T15:30:00Z,2026-08-08T17:30:00+0200,106.04,EUR/MWh,DE,DE_LU,day_ahead_price,value,2026-08-27T09:55:05Z
2026-08-27T09:51:17Z,2026-08-27T11:51:17+0200,0130a799-f590-4e00-8cb7-476fbd850f58,2026-08-08T15:45:00Z,2026-08-08T17:45:00+0200,129.89,EUR/MWh,DE,DE_LU,day_ahead_price,value,2026-08-27T09:55:05Z
2026-08-27T09:51:17Z,2026-08-27T11:51:17+0200,0130a799-f590-4e00-8cb7-476fbd850f58,2026-08-08T16:00:00Z,2026-08-08T18:00:00+0200,106.31,EUR/MWh,DE,DE_LU,day_ahead_price,value,2026-08-27T09:55:05Z
2026-08-27T09:51:17Z,2026-08-27T11:51:17+0200,0130a799-f590-4e00-8cb7-476fbd850f58,2026-08-08T16:15:00Z,2026-08-08T18:15:00+0200,133.37,EUR/MWh,DE,DE_LU,day_ahead_price,value,2026-08-27T09:55:05Z
2026-08-27T09:51:17Z,2026-08-27T11:51:17+0200,0130a799-f590-4e00-8cb7-476fbd850f58,2026-08-08T16:30:00Z,2026-08-08T18:30:00+0200,157.0,EUR/MWh,DE,DE_LU,day_ahead_price,value,2026-08-27T09:55:05Z
2026-08-27T09:51:17Z,2026-08-27T11:51:17+0200,0130a799-f590-4e00-8cb7-476fbd850f58,2026-08-08T16:45:00Z,2026-08-08T18:45:00+0200,163.32,EUR/MWh,DE,DE_LU,day_ahead_price,value,2026-08-27T09:55:05Z
2026-08-27T09:51:17Z,2026-08-27T11:51:17+0200,0130a799-f590-4e00-8cb7-476fbd850f58,2026-08-08T17:00:00Z,2026-08-08T19:00:00+0200,148.76,EUR/MWh,DE,DE_LU,day_ahead_price,value,2026-08-27T09:55:05Z
2026-08-27T09:51:17Z,2026-08-27T11:51:17+0200,0130a799-f590-4e00-8cb7-476fbd850f58,2026-08-08T17:15:00Z,2026-08-08T19:15:00+0200,160.26,EUR/MWh,DE,DE_LU,day_ahead_price,value,2026-08-27T09:55:05Z
2026-08-27T09:51:17Z,2026-08-27T11:51:17+0200,0130a799-f590-4e00-8cb7-476fbd850f58,2026-08-08T17:30:00Z,2026-08-08T19:30:00+0200,170.72,EUR/MWh,DE,DE_LU,day_ahead_price,value,2026-08-27T09:55:05Z
2026-08-27T09:51:17Z,2026-08-27T11:51:17+0200,0130a799-f590-4e00-8cb7-476fbd850f58,2026-08-08T17:45:00Z,2026-08-08T19:45:00+0200,191.72,EUR/MWh,DE,DE_LU,day_ahead_price,value,2026-08-27T09:55:05Z
2026-08-27T09:51:17Z,2026-08-27T11:51:17+0200,0130a799-f590-4e00-8cb7-476fbd850f58,2026-08-08T18:00:00Z,2026-08-08T20:00:00+0200,185.76,EUR/MWh,DE,DE_LU,day_ahead_price,value,2026-08-27T09:55:05Z
2026-08-27T09:51:17Z,2026-08-27T11:51:17+0200,0130a799-f590-4e00-8cb7-476fbd850f58,2026-08-08T18:15:00Z,2026-08-08T20:15:00+0200,186.37,EUR/MWh,DE,DE_LU,day_ahead_price,value,2026-08-27T09:55:05Z
2026-08-27T09:51:17Z,2026-08-27T11:51:17+0200,0130a799-f590-4e00-8cb7-476fbd850f58,2026-08-08T18:30:00Z,2026-08-08T20:30:00+0200,183.16,EUR/MWh,DE,DE_LU,day_ahead_price,value,2026-08-27T09:55:05Z
2026-08-27T09:51:17Z,2026-08-27T11:51:17+0200,0130a799-f590-4e00-8cb7-476fbd850f58,2026-08-08T18:45:00Z,2026-08-08T20:45:00+0200,183.34,EUR/MWh,DE,DE_LU,day_ahead_price,value,2026-08-27T09:55:05Z
2026-08-27T09:51:17Z,2026-08-27T11:51:17+0200,0130a799-f590-4e00-8cb7-476fbd850f58,2026-08-08T19:00:00Z,2026-08-08T21:00:00+0200,186.66,EUR/MWh,DE,DE_LU,day_ahead_price,value,2026-08-27T09:55:05Z
2026-08-27T09:51:17Z,2026-08-27T11:51:17+0200,0130a799-f590-4e00-8cb7-476fbd850f58,2026-08-08T19:15:00Z,2026-08-08T21:15:00+0200,187.16,EUR/MWh,DE,DE_LU,day_ahead_price,value,2026-08-27T09:55:05Z
2026-08-27T09:51:17Z,2026-08-27T11:51:17+0200,0130a799-f590-4e00-8cb7-476fbd850f58,2026-08-08T19:30:00Z,2026-08-08T21:30:00+0200,178.53,EUR/MWh,DE,DE_LU,day_ahead_price,value,2026-08-27T09:55:05Z
2026-08-27T09:51:17Z,2026-08-27T11:51:17+0200,0130a799-f590-4e00-8cb7-476fbd850f58,2026-08-08T19:45:00Z,2026-08-08T21:45:00+0200,165.64,EUR/MWh,DE,DE_LU,day_ahead_price,value,2026-08-27T09:55:05Z
2026-08-27T09:51:17Z,2026-08-27T11:51:17+0200,0130a799-f590-4e00-8cb7-476fbd850f58,2026-08-08T20:00:00Z,2026-08-08T22:00:00+0200,185.18,EUR/MWh,DE,DE_LU,day_ahead_price,value,2026-08-27T09:55:05Z
2026-08-27T09:51:17Z,2026-08-27T11:51:17+0200,0130a799-f590-4e00-8cb7-476fbd850f58,2026-08-08T20:15:00Z,2026-08-08T22:15:00+0200,170.48,EUR/MWh,DE,DE_LU,day_ahead_price,value,2026-08-27T09:55:05Z
2026-08-27T09:51:17Z,2026-08-27T11:51:17+0200,0130a799-f590-4e00-8cb7-476fbd850f58,2026-08-08T20:30:00Z,2026-08-08T22:30:00+0200,167.9,EUR/MWh,DE,DE_LU,day_ahead_price,value,2026-08-27T09:55:05Z
2026-08-27T09:51:17Z,2026-08-27T11:51:17+0200,0130a799-f590-4e00-8cb7-476fbd850f58,2026-08-08T20:45:00Z,2026-08-08T22:45:00+0200,159.84,EUR/MWh,DE,DE_LU,day_ahead_price,value,2026-08-27T09:55:05Z
2026-08-27T09:51:17Z,2026-08-27T11:51:17+0200,0130a799-f590-4e00-8cb7-476fbd850f58,2026-08-08T21:00:00Z,2026-08-08T23:00:00+0200,161.96,EUR/MWh,DE,DE_LU,day_ahead_price,value,2026-08-27T09:55:05Z
2026-08-27T09:51:17Z,2026-08-27T11:51:17+0200,0130a799-f590-4e00-8cb7-476fbd850f58,2026-08-08T21:15:00Z,2026-08-08T23:15:00+0200,155.9,EUR/MWh,DE,DE_LU,day_ahead_price,value,2026-08-27T09:55:05Z
2026-08-27T09:51:17Z,2026-08-27T11:51:17+0200,0130a799-f590-4e00-8cb7-476fbd850f58,2026-08-08T21:30:00Z,2026-08-08T23:30:00+0200,155.25,EUR/MWh,DE,DE_LU,day_ahead_price,value,2026-08-27T09:55:05Z
2026-08-27T09:51:17Z,2026-08-27T11:51:17+0200,0130a799-f590-4e00-8cb7-476fbd850f58,2026-08-08T21:45:00Z,2026-08-08T23:45:00+0200,144.57,EUR/MWh,DE,DE_LU,day_ahead_price,value,2026-08-27T09:55:05Z
2026-08-27T09:51:17Z,2026-08-27T11:51:17+0200,0130a799-f590-4e00-8cb7-476fbd850f58,2026-08-08T22:00:00Z,2026-08-09T00:00:00+0200,155.2,EUR/MWh,DE,DE_LU,day_ahead_price,value,2026-08-27T09:55:05Z
2026-08-27T09:51:17Z,2026-08-27T11:51:17+0200,0130a799-f590-4e00-8cb7-476fbd850f58,2026-08-08T22:15:00Z,2026-08-09T00:15:00+0200,147.95,EUR/MWh,DE,DE_LU,day_ahead_price,value,2026-08-27T09:55:05Z
2026-08-27T09:51:17Z,2026-08-27T11:51:17+0200,0130a799-f590-4e00-8cb7-476fbd850f58,2026-08-08T22:30:00Z,2026-08-09T00:30:00+0200,143.81,EUR/MWh,DE,DE_LU,day_ahead_price,value,2026-08-27T09:55:05Z
2026-08-27T09:51:17Z,2026-08-27T11:51:17+0200,0130a799-f590-4e00-8cb7-476fbd850f58,2026-08-08T22:45:00Z,2026-08-09T00:45:00+0200,134.14,EUR/MWh,DE,DE_LU,day_ahead_price,value,2026-08-27T09:55:05Z
2026-08-27T09:51:17Z,2026-08-27T11:51:17+0200,0130a799-f590-4e00-8cb7-476fbd850f58,2026-08-08T23:00:00Z,2026-08-09T01:00:00+0200,139.99,EUR/MWh,DE,DE_LU,day_ahead_price,value,2026-08-27T09:55:05Z
2026-08-27T09:51:17Z,2026-08-27T11:51:17+0200,0130a799-f590-4e00-8cb7-476fbd850f58,2026-08-08T23:15:00Z,2026-08-09T01:15:00+0200,140.12,EUR/MWh,DE,DE_LU,day_ahead_price,value,2026-08-27T09:55:05Z
2026-08-27T09:51:17Z,2026-08-27T11:51:17+0200,0130a799-f590-4e00-8cb7-476fbd850f58,2026-08-08T23:30:00Z,2026-08-09T01:30:00+0200,141.23,EUR/MWh,DE,DE_LU,day_ahead_price,value,2026-08-27T09:55:05Z
2026-08-27T09:51:17Z,2026-08-27T11:51:17+0200,0130a799-f590-4e00-8cb7-476fbd850f58,2026-08-08T23:45:00Z,2026-08-09T01:45:00+0200,136.04,EUR/MWh,DE,DE_LU,day_ahead_price,value,2026-08-27T09:55:05Z
2026-08-27T09:51:17Z,2026-08-27T11:51:17+0200,0130a799-f590-4e00-8cb7-476fbd850f58,2026-08-09T00:00:00Z,2026-08-09T02:00:00+0200,141.06,EUR/MWh,DE,DE_LU,day_ahead_price,value,2026-08-27T09:55:05Z
2026-08-27T09:51:17Z,2026-08-27T11:51:17+0200,0130a799-f590-4e00-8cb7-476fbd850f58,2026-08-09T00:15:00Z,2026-08-09T02:15:00+0200,136.28,EUR/MWh,DE,DE_LU,day_ahead_price,value,2026-08-27T09:55:05Z
2026-08-27T09:51:17Z,2026-08-27T11:51:17+0200,0130a799-f590-4e00-8cb7-476fbd850f58,2026-08-09T00:30:00Z,2026-08-09T02:30:00+0200,135.19,EUR/MWh,DE,DE_LU,day_ahead_price,value,2026-08-27T09:55:05Z
2026-08-27T09:51:17Z,2026-08-27T11:51:17+0200,0130a799-f590-4e00-8cb7-476fbd850f58,2026-08-09T00:45:00Z,2026-08-09T02:45:00+0200,133.24,EUR/MWh,DE,DE_LU,day_ahead_price,value,2026-08-27T09:55:05Z
2026-08-27T09:51:17Z,2026-08-27T11:51:17+0200,0130a799-f590-4e00-8cb7-476fbd850f58,2026-08-09T01:00:00Z,2026-08-09T03:00:00+0200,135.01,EUR/MWh,DE,DE_LU,day_ahead_price,value,2026-08-27T09:55:05Z
2026-08-27T09:51:17Z,2026-08-27T11:51:17+0200,0130a799-f590-4e00-8cb7-476fbd850f58,2026-08-09T01:15:00Z,2026-08-09T03:15:00+0200,134.87,EUR/MWh,DE,DE_LU,day_ahead_price,value,2026-08-27T09:55:05Z
2026-08-27T09:51:17Z,2026-08-27T11:51:17+0200,0130a799-f590-4e00-8cb7-476fbd850f58,2026-08-09T01:30:00Z,2026-08-09T03:30:00+0200,133.57,EUR/MWh,DE,DE_LU,day_ahead_price,value,2026-08-27T09:55:05Z
2026-08-27T09:51:17Z,2026-08-27T11:51:17+0200,0130a799-f590-4e00-8cb7-476fbd850f58,2026-08-09T01:45:00Z,2026-08-09T03:45:00+0200,132.35,EUR/MWh,DE,DE_LU,day_ahead_price,value,2026-08-27T09:55:05Z
2026-08-27T09:51:17Z,2026-08-27T11:51:17+0200,0130a799-f590-4e00-8cb7-476fbd850f58,2026-08-09T02:00:00Z,2026-08-09T04:00:00+0200,133.52,EUR/MWh,DE,DE_LU,day_ahead_price,value,2026-08-27T09:55:05Z
2026-08-27T09:51:17Z,2026-08-27T11:51:17+0200,0130a799-f590-4e00-8cb7-476fbd850f58,2026-08-09T02:15:00Z,2026-08-09T04:15:00+0200,134.92,EUR/MWh,DE,DE_LU,day_ahead_price,value,2026-08-27T09:55:05Z
2026-08-27T09:51:17Z,2026-08-27T11:51:17+0200,0130a799-f590-4e00-8cb7-476fbd850f58,2026-08-09T02:30:00Z,2026-08-09T04:30:00+0200,133.86,EUR/MWh,DE,DE_LU,day_ahead_price,value,2026-08-27T09:55:05Z
2026-08-27T09:51:17Z,2026-08-27T11:51:17+0200,0130a799-f590-4e00-8cb7-476fbd850f58,2026-08-09T02:45:00Z,2026-08-09T04:45:00+0200,133.81,EUR/MWh,DE,DE_LU,day_ahead_price,value,2026-08-27T09:55:05Z
2026-08-27T09:51:17Z,2026-08-27T11:51:17+0200,0130a799-f590-4e00-8cb7-476fbd850f58,2026-08-09T03:00:00Z,2026-08-09T05:00:00+0200,136.99,EUR/MWh,DE,DE_LU,day_ahead_price,value,2026-08-27T09:55:05Z
2026-08-27T09:51:17Z,2026-08-27T11:51:17+0200,0130a799-f590-4e00-8cb7-476fbd850f58,2026-08-09T03:15:00Z,2026-08-09T05:15:00+0200,134.99,EUR/MWh,DE,DE_LU,day_ahead_price,value,2026-08-27T09:55:05Z
2026-08-27T09:51:17Z,2026-08-27T11:51:17+0200,0130a799-f590-4e00-8cb7-476fbd850f58,2026-08-09T03:30:00Z,2026-08-09T05:30:00+0200,135.7,EUR/MWh,DE,DE_LU,day_ahead_price,value,2026-08-27T09:55:05Z
2026-08-27T09:51:17Z,2026-08-27T11:51:17+0200,0130a799-f590-4e00-8cb7-476fbd850f58,2026-08-09T03:45:00Z,2026-08-09T05:45:00+0200,132.32,EUR/MWh,DE,DE_LU,day_ahead_price,value,2026-08-27T09:55:05Z
2026-08-27T09:51:17Z,2026-08-27T11:51:17+0200,0130a799-f590-4e00-8cb7-476fbd850f58,2026-08-09T04:00:00Z,2026-08-09T06:00:00+0200,143.37,EUR/MWh,DE,DE_LU,day_ahead_price,value,2026-08-27T09:55:05Z
2026-08-27T09:51:17Z,2026-08-27T11:51:17+0200,0130a799-f590-4e00-8cb7-476fbd850f58,2026-08-09T04:15:00Z,2026-08-09T06:15:00+0200,134.18,EUR/MWh,DE,DE_LU,day_ahead_price,value,2026-08-27T09:55:05Z
2026-08-27T09:51:17Z,2026-08-27T11:51:17+0200,0130a799-f590-4e00-8cb7-476fbd850f58,2026-08-09T04:30:00Z,2026-08-09T06:30:00+0200,128.88,EUR/MWh,DE,DE_LU,day_ahead_price,value,2026-08-27T09:55:05Z
2026-08-27T09:51:17Z,2026-08-27T11:51:17+0200,0130a799-f590-4e00-8cb7-476fbd850f58,2026-08-09T04:45:00Z,2026-08-09T06:45:00+0200,120.76,EUR/MWh,DE,DE_LU,day_ahead_price,value,2026-08-27T09:55:05Z
2026-08-27T09:51:17Z,2026-08-27T11:51:17+0200,0130a799-f590-4e00-8cb7-476fbd850f58,2026-08-09T05:00:00Z,2026-08-09T07:00:00+0200,133.27,EUR/MWh,DE,DE_LU,day_ahead_price,value,2026-08-27T09:55:05Z
2026-08-27T09:51:17Z,2026-08-27T11:51:17+0200,0130a799-f590-4e00-8cb7-476fbd850f58,2026-08-09T05:15:00Z,2026-08-09T07:15:00+0200,123.65,EUR/MWh,DE,DE_LU,day_ahead_price,value,2026-08-27T09:55:05Z
2026-08-27T09:51:17Z,2026-08-27T11:51:17+0200,0130a799-f590-4e00-8cb7-476fbd850f58,2026-08-09T05:30:00Z,2026-08-09T07:30:00+0200,113.87,EUR/MWh,DE,DE_LU,day_ahead_price,value,2026-08-27T09:55:05Z
2026-08-27T09:51:17Z,2026-08-27T11:51:17+0200,0130a799-f590-4e00-8cb7-476fbd850f58,2026-08-09T05:45:00Z,2026-08-09T07:45:00+0200,101.96,EUR/MWh,DE,DE_LU,day_ahead_price,value,2026-08-27T09:55:05Z
2026-08-27T09:51:17Z,2026-08-27T11:51:17+0200,0130a799-f590-4e00-8cb7-476fbd850f58,2026-08-09T06:00:00Z,2026-08-09T08:00:00+0200,115.96,EUR/MWh,DE,DE_LU,day_ahead_price,value,2026-08-27T09:55:05Z
2026-08-27T09:51:17Z,2026-08-27T11:51:17+0200,0130a799-f590-4e00-8cb7-476fbd850f58,2026-08-09T06:15:00Z,2026-08-09T08:15:00+0200,106.41,EUR/MWh,DE,DE_LU,day_ahead_price,value,2026-08-27T09:55:05Z
2026-08-27T09:51:17Z,2026-08-27T11:51:17+0200,0130a799-f590-4e00-8cb7-476fbd850f58,2026-08-09T06:30:00Z,2026-08-09T08:30:00+0200,83.71,EUR/MWh,DE,DE_LU,day_ahead_price,value,2026-08-27T09:55:05Z
2026-08-27T09:51:17Z,2026-08-27T11:51:17+0200,0130a799-f590-4e00-8cb7-476fbd850f58,2026-08-09T06:45:00Z,2026-08-09T08:45:00+0200,60.43,EUR/MWh,DE,DE_LU,day_ahead_price,value,2026-08-27T09:55:05Z
2026-08-27T09:51:17Z,2026-08-27T11:51:17+0200,0130a799-f590-4e00-8cb7-476fbd850f58,2026-08-09T07:00:00Z,2026-08-09T09:00:00+0200,73.51,EUR/MWh,DE,DE_LU,day_ahead_price,value,2026-08-27T09:55:05Z
2026-08-27T09:51:17Z,2026-08-27T11:51:17+0200,0130a799-f590-4e00-8cb7-476fbd850f58,2026-08-09T07:15:00Z,2026-08-09T09:15:00+0200,30.79,EUR/MWh,DE,DE_LU,day_ahead_price,value,2026-08-27T09:55:05Z
2026-08-27T09:51:17Z,2026-08-27T11:51:17+0200,0130a799-f590-4e00-8cb7-476fbd850f58,2026-08-09T07:30:00Z,2026-08-09T09:30:00+0200,4.99,EUR/MWh,DE,DE_LU,day_ahead_price,value,2026-08-27T09:55:05Z
2026-08-27T09:51:17Z,2026-08-27T11:51:17+0200,0130a799-f590-4e00-8cb7-476fbd850f58,2026-08-09T07:45:00Z,2026-08-09T09:45:00+0200,0.67,EUR/MWh,DE,DE_LU,day_ahead_price,value,2026-08-27T09:55:05Z
2026-08-27T09:51:17Z,2026-08-27T11:51:17+0200,0130a799-f590-4e00-8cb7-476fbd850f58,2026-08-09T08:00:00Z,2026-08-09T10:00:00+0200,1.12,EUR/MWh,DE,DE_LU,day_ahead_price,value,2026-08-27T09:55:05Z
2026-08-27T09:51:17Z,2026-08-27T11:51:17+0200,0130a799-f590-4e00-8cb7-476fbd850f58,2026-08-09T08:15:00Z,2026-08-09T10:15:00+0200,0.12,EUR/MWh,DE,DE_LU,day_ahead_price,value,2026-08-27T09:55:05Z
2026-08-27T09:51:17Z,2026-08-27T11:51:17+0200,0130a799-f590-4e00-8cb7-476fbd850f58,2026-08-09T08:30:00Z,2026-08-09T10:30:00+0200,-0.01,EUR/MWh,DE,DE_LU,day_ahead_price,value,2026-08-27T09:55:05Z
2026-08-27T09:51:17Z,2026-08-27T11:51:17+0200,0130a799-f590-4e00-8cb7-476fbd850f58,2026-08-09T08:45:00Z,2026-08-09T10:45:00+0200,-0.02,EUR/MWh,DE,DE_LU,day_ahead_price,value,2026-08-27T09:55:05Z
2026-08-27T09:51:17Z,2026-08-27T11:51:17+0200,0130a799-f590-4e00-8cb7-476fbd850f58,2026-08-09T09:00:00Z,2026-08-09T11:00:00+0200,-0.01,EUR/MWh,DE,DE_LU,day_ahead_price,value,2026-08-27T09:55:05Z
2026-08-27T09:51:17Z,2026-08-27T11:51:17+0200,0130a799-f590-4e00-8cb7-476fbd850f58,2026-08-09T09:15:00Z,2026-08-09T11:15:00+0200,-0.03,EUR/MWh,DE,DE_LU,day_ahead_price,value,2026-08-27T09:55:05Z
2026-08-27T09:51:17Z,2026-08-27T11:51:17+0200,0130a799-f590-4e00-8cb7-476fbd850f58,2026-08-09T09:30:00Z,2026-08-09T11:30:00+0200,-0.04,EUR/MWh,DE,DE_LU,day_ahead_price,value,2026-08-27T09:55:05Z
2026-08-27T09:51:17Z,2026-08-27T11:51:17+0200,0130a799-f590-4e00-8cb7-476fbd850f58,2026-08-09T09:45:00Z,2026-08-09T11:45:00+0200,-0.11,EUR/MWh,DE,DE_LU,day_ahead_price,value,2026-08-27T09:55:05Z
2026-08-27T09:51:17Z,2026-08-27T11:51:17+0200,0130a799-f590-4e00-8cb7-476fbd850f58,2026-08-09T10:00:00Z,2026-08-09T12:00:00+0200,-1.0,EUR/MWh,DE,DE_LU,day_ahead_price,value,2026-08-27T09:55:05Z
2026-08-27T09:51:17Z,2026-08-27T11:51:17+0200,0130a799-f590-4e00-8cb7-476fbd850f58,2026-08-09T10:15:00Z,2026-08-09T12:15:00+0200,-1.62,EUR/MWh,DE,DE_LU,day_ahead_price,value,2026-08-27T09:55:05Z
2026-08-27T09:51:17Z,2026-08-27T11:51:17+0200,0130a799-f590-4e00-8cb7-476fbd850f58,2026-08-09T10:30:00Z,2026-08-09T12:30:00+0200,-2.99,EUR/MWh,DE,DE_LU,day_ahead_price,value,2026-08-27T09:55:05Z
2026-08-27T09:51:17Z,2026-08-27T11:51:17+0200,0130a799-f590-4e00-8cb7-476fbd850f58,2026-08-09T10:45:00Z,2026-08-09T12:45:00+0200,-4.99,EUR/MWh,DE,DE_LU,day_ahead_price,value,2026-08-27T09:55:05Z
2026-08-27T09:51:17Z,2026-08-27T11:51:17+0200,0130a799-f590-4e00-8cb7-476fbd850f58,2026-08-09T11:00:00Z,2026-08-09T13:00:00+0200,-4.99,EUR/MWh,DE,DE_LU,day_ahead_price,value,2026-08-27T09:55:05Z
2026-08-27T09:51:17Z,2026-08-27T11:51:17+0200,0130a799-f590-4e00-8cb7-476fbd850f58,2026-08-09T11:15:00Z,2026-08-09T13:15:00+0200,-5.3,EUR/MWh,DE,DE_LU,day_ahead_price,value,2026-08-27T09:55:05Z
2026-08-27T09:51:17Z,2026-08-27T11:51:17+0200,0130a799-f590-4e00-8cb7-476fbd850f58,2026-08-09T11:30:00Z,2026-08-09T13:30:00+0200,-5.01,EUR/MWh,DE,DE_LU,day_ahead_price,value,2026-08-27T09:55:05Z
2026-08-27T09:51:17Z,2026-08-27T11:51:17+0200,0130a799-f590-4e00-8cb7-476fbd850f58,2026-08-09T11:45:00Z,2026-08-09T13:45:00+0200,-5.02,EUR/MWh,DE,DE_LU,day_ahead_price,value,2026-08-27T09:55:05Z
2026-08-27T09:51:17Z,2026-08-27T11:51:17+0200,0130a799-f590-4e00-8cb7-476fbd850f58,2026-08-09T12:00:00Z,2026-08-09T14:00:00+0200,-4.9,EUR/MWh,DE,DE_LU,day_ahead_price,value,2026-08-27T09:55:05Z
2026-08-27T09:51:17Z,2026-08-27T11:51:17+0200,0130a799-f590-4e00-8cb7-476fbd850f58,2026-08-09T12:15:00Z,2026-08-09T14:15:00+0200,-2.15,EUR/MWh,DE,DE_LU,day_ahead_price,value,2026-08-27T09:55:05Z
2026-08-27T09:51:17Z,2026-08-27T11:51:17+0200,0130a799-f590-4e00-8cb7-476fbd850f58,2026-08-09T12:30:00Z,2026-08-09T14:30:00+0200,-1.01,EUR/MWh,DE,DE_LU,day_ahead_price,value,2026-08-27T09:55:05Z
2026-08-27T09:51:17Z,2026-08-27T11:51:17+0200,0130a799-f590-4e00-8cb7-476fbd850f58,2026-08-09T12:45:00Z,2026-08-09T14:45:00+0200,-0.19,EUR/MWh,DE,DE_LU,day_ahead_price,value,2026-08-27T09:55:05Z
2026-08-27T09:51:17Z,2026-08-27T11:51:17+0200,0130a799-f590-4e00-8cb7-476fbd850f58,2026-08-09T13:00:00Z,2026-08-09T15:00:00+0200,-0.1,EUR/MWh,DE,DE_LU,day_ahead_price,value,2026-08-27T09:55:05Z
2026-08-27T09:51:17Z,2026-08-27T11:51:17+0200,0130a799-f590-4e00-8cb7-476fbd850f58,2026-08-09T13:15:00Z,2026-08-09T15:15:00+0200,-0.01,EUR/MWh,DE,DE_LU,day_ahead_price,value,2026-08-27T09:55:05Z
2026-08-27T09:51:17Z,2026-08-27T11:51:17+0200,0130a799-f590-4e00-8cb7-476fbd850f58,2026-08-09T13:30:00Z,2026-08-09T15:30:00+0200,-0.01,EUR/MWh,DE,DE_LU,day_ahead_price,value,2026-08-27T09:55:05Z
2026-08-27T09:51:17Z,2026-08-27T11:51:17+0200,0130a799-f590-4e00-8cb7-476fbd850f58,2026-08-09T13:45:00Z,2026-08-09T15:45:00+0200,-0.01,EUR/MWh,DE,DE_LU,day_ahead_price,value,2026-08-27T09:55:05Z
2026-08-27T09:51:17Z,2026-08-27T11:51:17+0200,0130a799-f590-4e00-8cb7-476fbd850f58,2026-08-09T14:00:00Z,2026-08-09T16:00:00+0200,-0.01,EUR/MWh,DE,DE_LU,day_ahead_price,value,2026-08-27T09:55:05Z
2026-08-27T09:51:17Z,2026-08-27T11:51:17+0200,0130a799-f590-4e00-8cb7-476fbd850f58,2026-08-09T14:15:00Z,2026-08-09T16:15:00+0200,-0.01,EUR/MWh,DE,DE_LU,day_ahead_price,value,2026-08-27T09:55:05Z
2026-08-27T09:51:17Z,2026-08-27T11:51:17+0200,0130a799-f590-4e00-8cb7-476fbd850f58,2026-08-09T14:30:00Z,2026-08-09T16:30:00+0200,0.62,EUR/MWh,DE,DE_LU,day_ahead_price,value,2026-08-27T09:55:05Z
2026-08-27T09:51:17Z,2026-08-27T11:51:17+0200,0130a799-f590-4e00-8cb7-476fbd850f58,2026-08-09T14:45:00Z,2026-08-09T16:45:00+0200,14.52,EUR/MWh,DE,DE_LU,day_ahead_price,value,2026-08-27T09:55:05Z
2026-08-27T09:51:17Z,2026-08-27T11:51:17+0200,0130a799-f590-4e00-8cb7-476fbd850f58,2026-08-09T15:00:00Z,2026-08-09T17:00:00+0200,6.83,EUR/MWh,DE,DE_LU,day_ahead_price,value,2026-08-27T09:55:05Z
2026-08-27T09:51:17Z,2026-08-27T11:51:17+0200,0130a799-f590-4e00-8cb7-476fbd850f58,2026-08-09T15:15:00Z,2026-08-09T17:15:00+0200,72.1,EUR/MWh,DE,DE_LU,day_ahead_price,value,2026-08-27T09:55:05Z
2026-08-27T09:51:17Z,2026-08-27T11:51:17+0200,0130a799-f590-4e00-8cb7-476fbd850f58,2026-08-09T15:30:00Z,2026-08-09T17:30:00+0200,106.28,EUR/MWh,DE,DE_LU,day_ahead_price,value,2026-08-27T09:55:05Z
2026-08-27T09:51:17Z,2026-08-27T11:51:17+0200,0130a799-f590-4e00-8cb7-476fbd850f58,2026-08-09T15:45:00Z,2026-08-09T17:45:00+0200,144.59,EUR/MWh,DE,DE_LU,day_ahead_price,value,2026-08-27T09:55:05Z
2026-08-27T09:51:17Z,2026-08-27T11:51:17+0200,0130a799-f590-4e00-8cb7-476fbd850f58,2026-08-09T16:00:00Z,2026-08-09T18:00:00+0200,121.9,EUR/MWh,DE,DE_LU,day_ahead_price,value,2026-08-27T09:55:05Z
2026-08-27T09:51:17Z,2026-08-27T11:51:17+0200,0130a799-f590-4e00-8cb7-476fbd850f58,2026-08-09T16:15:00Z,2026-08-09T18:15:00+0200,151.0,EUR/MWh,DE,DE_LU,day_ahead_price,value,2026-08-27T09:55:05Z
2026-08-27T09:51:17Z,2026-08-27T11:51:17+0200,0130a799-f590-4e00-8cb7-476fbd850f58,2026-08-09T16:30:00Z,2026-08-09T18:30:00+0200,160.95,EUR/MWh,DE,DE_LU,day_ahead_price,value,2026-08-27T09:55:05Z
2026-08-27T09:51:17Z,2026-08-27T11:51:17+0200,0130a799-f590-4e00-8cb7-476fbd850f58,2026-08-09T16:45:00Z,2026-08-09T18:45:00+0200,170.9,EUR/MWh,DE,DE_LU,day_ahead_price,value,2026-08-27T09:55:05Z
2026-08-27T09:51:17Z,2026-08-27T11:51:17+0200,0130a799-f590-4e00-8cb7-476fbd850f58,2026-08-09T17:00:00Z,2026-08-09T19:00:00+0200,154.94,EUR/MWh,DE,DE_LU,day_ahead_price,value,2026-08-27T09:55:05Z
2026-08-27T09:51:17Z,2026-08-27T11:51:17+0200,0130a799-f590-4e00-8cb7-476fbd850f58,2026-08-09T17:15:00Z,2026-08-09T19:15:00+0200,161.51,EUR/MWh,DE,DE_LU,day_ahead_price,value,2026-08-27T09:55:05Z
2026-08-27T09:51:17Z,2026-08-27T11:51:17+0200,0130a799-f590-4e00-8cb7-476fbd850f58,2026-08-09T17:30:00Z,2026-08-09T19:30:00+0200,172.0,EUR/MWh,DE,DE_LU,day_ahead_price,value,2026-08-27T09:55:05Z
2026-08-27T09:51:17Z,2026-08-27T11:51:17+0200,0130a799-f590-4e00-8cb7-476fbd850f58,2026-08-09T17:45:00Z,2026-08-09T19:45:00+0200,187.66,EUR/MWh,DE,DE_LU,day_ahead_price,value,2026-08-27T09:55:05Z
2026-08-27T09:51:17Z,2026-08-27T11:51:17+0200,0130a799-f590-4e00-8cb7-476fbd850f58,2026-08-09T18:00:00Z,2026-08-09T20:00:00+0200,171.97,EUR/MWh,DE,DE_LU,day_ahead_price,value,2026-08-27T09:55:05Z
2026-08-27T09:51:17Z,2026-08-27T11:51:17+0200,0130a799-f590-4e00-8cb7-476fbd850f58,2026-08-09T18:15:00Z,2026-08-09T20:15:00+0200,176.85,EUR/MWh,DE,DE_LU,day_ahead_price,value,2026-08-27T09:55:05Z
2026-08-27T09:51:17Z,2026-08-27T11:51:17+0200,0130a799-f590-4e00-8cb7-476fbd850f58,2026-08-09T18:30:00Z,2026-08-09T20:30:00+0200,178.54,EUR/MWh,DE,DE_LU,day_ahead_price,value,2026-08-27T09:55:05Z
2026-08-27T09:51:17Z,2026-08-27T11:51:17+0200,0130a799-f590-4e00-8cb7-476fbd850f58,2026-08-09T18:45:00Z,2026-08-09T20:45:00+0200,177.0,EUR/MWh,DE,DE_LU,day_ahead_price,value,2026-08-27T09:55:05Z
2026-08-27T09:51:17Z,2026-08-27T11:51:17+0200,0130a799-f590-4e00-8cb7-476fbd850f58,2026-08-09T19:00:00Z,2026-08-09T21:00:00+0200,175.23,EUR/MWh,DE,DE_LU,day_ahead_price,value,2026-08-27T09:55:05Z
2026-08-27T09:51:17Z,2026-08-27T11:51:17+0200,0130a799-f590-4e00-8cb7-476fbd850f58,2026-08-09T19:15:00Z,2026-08-09T21:15:00+0200,175.73,EUR/MWh,DE,DE_LU,day_ahead_price,value,2026-08-27T09:55:05Z
2026-08-27T09:51:17Z,2026-08-27T11:51:17+0200,0130a799-f590-4e00-8cb7-476fbd850f58,2026-08-09T19:30:00Z,2026-08-09T21:30:00+0200,175.31,EUR/MWh,DE,DE_LU,day_ahead_price,value,2026-08-27T09:55:05Z
2026-08-27T09:51:17Z,2026-08-27T11:51:17+0200,0130a799-f590-4e00-8cb7-476fbd850f58,2026-08-09T19:45:00Z,2026-08-09T21:45:00+0200,170.26,EUR/MWh,DE,DE_LU,day_ahead_price,value,2026-08-27T09:55:05Z
2026-08-27T09:51:17Z,2026-08-27T11:51:17+0200,0130a799-f590-4e00-8cb7-476fbd850f58,2026-08-09T20:00:00Z,2026-08-09T22:00:00+0200,174.05,EUR/MWh,DE,DE_LU,day_ahead_price,value,2026-08-27T09:55:05Z
2026-08-27T09:51:17Z,2026-08-27T11:51:17+0200,0130a799-f590-4e00-8cb7-476fbd850f58,2026-08-09T20:15:00Z,2026-08-09T22:15:00+0200,171.1,EUR/MWh,DE,DE_LU,day_ahead_price,value,2026-08-27T09:55:05Z
2026-08-27T09:51:17Z,2026-08-27T11:51:17+0200,0130a799-f590-4e00-8cb7-476fbd850f58,2026-08-09T20:30:00Z,2026-08-09T22:30:00+0200,170.89,EUR/MWh,DE,DE_LU,day_ahead_price,value,2026-08-27T09:55:05Z
2026-08-27T09:51:17Z,2026-08-27T11:51:17+0200,0130a799-f590-4e00-8cb7-476fbd850f58,2026-08-09T20:45:00Z,2026-08-09T22:45:00+0200,163.96,EUR/MWh,DE,DE_LU,day_ahead_price,value,2026-08-27T09:55:05Z
2026-08-27T09:51:17Z,2026-08-27T11:51:17+0200,0130a799-f590-4e00-8cb7-476fbd850f58,2026-08-09T21:00:00Z,2026-08-09T23:00:00+0200,163.89,EUR/MWh,DE,DE_LU,day_ahead_price,value,2026-08-27T09:55:05Z
2026-08-27T09:51:17Z,2026-08-27T11:51:17+0200,0130a799-f590-4e00-8cb7-476fbd850f58,2026-08-09T21:15:00Z,2026-08-09T23:15:00+0200,158.12,EUR/MWh,DE,DE_LU,day_ahead_price,value,2026-08-27T09:55:05Z
2026-08-27T09:51:17Z,2026-08-27T11:51:17+0200,0130a799-f590-4e00-8cb7-476fbd850f58,2026-08-09T21:30:00Z,2026-08-09T23:30:00+0200,157.94,EUR/MWh,DE,DE_LU,day_ahead_price,value,2026-08-27T09:55:05Z
2026-08-27T09:51:17Z,2026-08-27T11:51:17+0200,0130a799-f590-4e00-8cb7-476fbd850f58,2026-08-09T21:45:00Z,2026-08-09T23:45:00+0200,148.65,EUR/MWh,DE,DE_LU,day_ahead_price,value,2026-08-27T09:55:05Z
2026-08-27T09:51:17Z,2026-08-27T11:51:17+0200,0130a799-f590-4e00-8cb7-476fbd850f58,2026-08-09T22:00:00Z,2026-08-10T00:00:00+0200,154.12,EUR/MWh,DE,DE_LU,day_ahead_price,value,2026-08-27T09:55:05Z
2026-08-27T09:51:17Z,2026-08-27T11:51:17+0200,0130a799-f590-4e00-8cb7-476fbd850f58,2026-08-09T22:15:00Z,2026-08-10T00:15:00+0200,151.91,EUR/MWh,DE,DE_LU,day_ahead_price,value,2026-08-27T09:55:05Z
2026-08-27T09:51:17Z,2026-08-27T11:51:17+0200,0130a799-f590-4e00-8cb7-476fbd850f58,2026-08-09T22:30:00Z,2026-08-10T00:30:00+0200,144.02,EUR/MWh,DE,DE_LU,day_ahead_price,value,2026-08-27T09:55:05Z
2026-08-27T09:51:17Z,2026-08-27T11:51:17+0200,0130a799-f590-4e00-8cb7-476fbd850f58,2026-08-09T22:45:00Z,2026-08-10T00:45:00+0200,135.84,EUR/MWh,DE,DE_LU,day_ahead_price,value,2026-08-27T09:55:05Z
2026-08-27T09:51:17Z,2026-08-27T11:51:17+0200,0130a799-f590-4e00-8cb7-476fbd850f58,2026-08-09T23:00:00Z,2026-08-10T01:00:00+0200,146.04,EUR/MWh,DE,DE_LU,day_ahead_price,value,2026-08-27T09:55:05Z
2026-08-27T09:51:17Z,2026-08-27T11:51:17+0200,0130a799-f590-4e00-8cb7-476fbd850f58,2026-08-09T23:15:00Z,2026-08-10T01:15:00+0200,139.45,EUR/MWh,DE,DE_LU,day_ahead_price,value,2026-08-27T09:55:05Z
2026-08-27T09:51:17Z,2026-08-27T11:51:17+0200,0130a799-f590-4e00-8cb7-476fbd850f58,2026-08-09T23:30:00Z,2026-08-10T01:30:00+0200,136.45,EUR/MWh,DE,DE_LU,day_ahead_price,value,2026-08-27T09:55:05Z
2026-08-27T09:51:17Z,2026-08-27T11:51:17+0200,0130a799-f590-4e00-8cb7-476fbd850f58,2026-08-09T23:45:00Z,2026-08-10T01:45:00+0200,130.12,EUR/MWh,DE,DE_LU,day_ahead_price,value,2026-08-27T09:55:05Z
2026-08-27T09:51:17Z,2026-08-27T11:51:17+0200,0130a799-f590-4e00-8cb7-476fbd850f58,2026-08-10T00:00:00Z,2026-08-10T02:00:00+0200,135.72,EUR/MWh,DE,DE_LU,day_ahead_price,value,2026-08-27T09:55:05Z
2026-08-27T09:51:17Z,2026-08-27T11:51:17+0200,0130a799-f590-4e00-8cb7-476fbd850f58,2026-08-10T00:15:00Z,2026-08-10T02:15:00+0200,133.08,EUR/MWh,DE,DE_LU,day_ahead_price,value,2026-08-27T09:55:05Z
2026-08-27T09:51:17Z,2026-08-27T11:51:17+0200,0130a799-f590-4e00-8cb7-476fbd850f58,2026-08-10T00:30:00Z,2026-08-10T02:30:00+0200,130.08,EUR/MWh,DE,DE_LU,day_ahead_price,value,2026-08-27T09:55:05Z
2026-08-27T09:51:17Z,2026-08-27T11:51:17+0200,0130a799-f590-4e00-8cb7-476fbd850f58,2026-08-10T00:45:00Z,2026-08-10T02:45:00+0200,127.1,EUR/MWh,DE,DE_LU,day_ahead_price,value,2026-08-27T09:55:05Z
2026-08-27T09:51:17Z,2026-08-27T11:51:17+0200,0130a799-f590-4e00-8cb7-476fbd850f58,2026-08-10T01:00:00Z,2026-08-10T03:00:00+0200,126.17,EUR/MWh,DE,DE_LU,day_ahead_price,value,2026-08-27T09:55:05Z
2026-08-27T09:51:17Z,2026-08-27T11:51:17+0200,0130a799-f590-4e00-8cb7-476fbd850f58,2026-08-10T01:15:00Z,2026-08-10T03:15:00+0200,127.64,EUR/MWh,DE,DE_LU,day_ahead_price,value,2026-08-27T09:55:05Z
2026-08-27T09:51:17Z,2026-08-27T11:51:17+0200,0130a799-f590-4e00-8cb7-476fbd850f58,2026-08-10T01:30:00Z,2026-08-10T03:30:00+0200,126.8,EUR/MWh,DE,DE_LU,day_ahead_price,value,2026-08-27T09:55:05Z
2026-08-27T09:51:17Z,2026-08-27T11:51:17+0200,0130a799-f590-4e00-8cb7-476fbd850f58,2026-08-10T01:45:00Z,2026-08-10T03:45:00+0200,127.09,EUR/MWh,DE,DE_LU,day_ahead_price,value,2026-08-27T09:55:05Z
2026-08-27T09:51:17Z,2026-08-27T11:51:17+0200,0130a799-f590-4e00-8cb7-476fbd850f58,2026-08-10T02:00:00Z,2026-08-10T04:00:00+0200,125.18,EUR/MWh,DE,DE_LU,day_ahead_price,value,2026-08-27T09:55:05Z
2026-08-27T09:51:17Z,2026-08-27T11:51:17+0200,0130a799-f590-4e00-8cb7-476fbd850f58,2026-08-10T02:15:00Z,2026-08-10T04:15:00+0200,127.14,EUR/MWh,DE,DE_LU,day_ahead_price,value,2026-08-27T09:55:05Z
2026-08-27T09:51:17Z,2026-08-27T11:51:17+0200,0130a799-f590-4e00-8cb7-476fbd850f58,2026-08-10T02:30:00Z,2026-08-10T04:30:00+0200,127.23,EUR/MWh,DE,DE_LU,day_ahead_price,value,2026-08-27T09:55:05Z
2026-08-27T09:51:17Z,2026-08-27T11:51:17+0200,0130a799-f590-4e00-8cb7-476fbd850f58,2026-08-10T02:45:00Z,2026-08-10T04:45:00+0200,130.35,EUR/MWh,DE,DE_LU,day_ahead_price,value,2026-08-27T09:55:05Z
2026-08-27T09:51:17Z,2026-08-27T11:51:17+0200,0130a799-f590-4e00-8cb7-476fbd850f58,2026-08-10T03:00:00Z,2026-08-10T05:00:00+0200,131.62,EUR/MWh,DE,DE_LU,day_ahead_price,value,2026-08-27T09:55:05Z
2026-08-27T09:51:17Z,2026-08-27T11:51:17+0200,0130a799-f590-4e00-8cb7-476fbd850f58,2026-08-10T03:15:00Z,2026-08-10T05:15:00+0200,139.38,EUR/MWh,DE,DE_LU,day_ahead_price,value,2026-08-27T09:55:05Z
2026-08-27T09:51:17Z,2026-08-27T11:51:17+0200,0130a799-f590-4e00-8cb7-476fbd850f58,2026-08-10T03:30:00Z,2026-08-10T05:30:00+0200,148.31,EUR/MWh,DE,DE_LU,day_ahead_price,value,2026-08-27T09:55:05Z
2026-08-27T09:51:17Z,2026-08-27T11:51:17+0200,0130a799-f590-4e00-8cb7-476fbd850f58,2026-08-10T03:45:00Z,2026-08-10T05:45:00+0200,152.99,EUR/MWh,DE,DE_LU,day_ahead_price,value,2026-08-27T09:55:05Z
2026-08-27T09:51:17Z,2026-08-27T11:51:17+0200,0130a799-f590-4e00-8cb7-476fbd850f58,2026-08-10T04:00:00Z,2026-08-10T06:00:00+0200,157.75,EUR/MWh,DE,DE_LU,day_ahead_price,value,2026-08-27T09:55:05Z
2026-08-27T09:51:17Z,2026-08-27T11:51:17+0200,0130a799-f590-4e00-8cb7-476fbd850f58,2026-08-10T04:15:00Z,2026-08-10T06:15:00+0200,165.0,EUR/MWh,DE,DE_LU,day_ahead_price,value,2026-08-27T09:55:05Z
2026-08-27T09:51:17Z,2026-08-27T11:51:17+0200,0130a799-f590-4e00-8cb7-476fbd850f58,2026-08-10T04:30:00Z,2026-08-10T06:30:00+0200,165.12,EUR/MWh,DE,DE_LU,day_ahead_price,value,2026-08-27T09:55:05Z
2026-08-27T09:51:17Z,2026-08-27T11:51:17+0200,0130a799-f590-4e00-8cb7-476fbd850f58,2026-08-10T04:45:00Z,2026-08-10T06:45:00+0200,165.1,EUR/MWh,DE,DE_LU,day_ahead_price,value,2026-08-27T09:55:05Z
2026-08-27T09:51:17Z,2026-08-27T11:51:17+0200,0130a799-f590-4e00-8cb7-476fbd850f58,2026-08-10T05:00:00Z,2026-08-10T07:00:00+0200,170.0,EUR/MWh,DE,DE_LU,day_ahead_price,value,2026-08-27T09:55:05Z
2026-08-27T09:51:17Z,2026-08-27T11:51:17+0200,0130a799-f590-4e00-8cb7-476fbd850f58,2026-08-10T05:15:00Z,2026-08-10T07:15:00+0200,170.0,EUR/MWh,DE,DE_LU,day_ahead_price,value,2026-08-27T09:55:05Z
2026-08-27T09:51:17Z,2026-08-27T11:51:17+0200,0130a799-f590-4e00-8cb7-476fbd850f58,2026-08-10T05:30:00Z,2026-08-10T07:30:00+0200,162.88,EUR/MWh,DE,DE_LU,day_ahead_price,value,2026-08-27T09:55:05Z
2026-08-27T09:51:17Z,2026-08-27T11:51:17+0200,0130a799-f590-4e00-8cb7-476fbd850f58,2026-08-10T05:45:00Z,2026-08-10T07:45:00+0200,155.95,EUR/MWh,DE,DE_LU,day_ahead_price,value,2026-08-27T09:55:05Z
2026-08-27T09:51:17Z,2026-08-27T11:51:17+0200,0130a799-f590-4e00-8cb7-476fbd850f58,2026-08-10T06:00:00Z,2026-08-10T08:00:00+0200,179.91,EUR/MWh,DE,DE_LU,day_ahead_price,value,2026-08-27T09:55:05Z
2026-08-27T09:51:17Z,2026-08-27T11:51:17+0200,0130a799-f590-4e00-8cb7-476fbd850f58,2026-08-10T06:15:00Z,2026-08-10T08:15:00+0200,165.0,EUR/MWh,DE,DE_LU,day_ahead_price,value,2026-08-27T09:55:05Z
2026-08-27T09:51:17Z,2026-08-27T11:51:17+0200,0130a799-f590-4e00-8cb7-476fbd850f58,2026-08-10T06:30:00Z,2026-08-10T08:30:00+0200,155.08,EUR/MWh,DE,DE_LU,day_ahead_price,value,2026-08-27T09:55:05Z
2026-08-27T09:51:17Z,2026-08-27T11:51:17+0200,0130a799-f590-4e00-8cb7-476fbd850f58,2026-08-10T06:45:00Z,2026-08-10T08:45:00+0200,143.55,EUR/MWh,DE,DE_LU,day_ahead_price,value,2026-08-27T09:55:05Z
2026-08-27T09:51:17Z,2026-08-27T11:51:17+0200,0130a799-f590-4e00-8cb7-476fbd850f58,2026-08-10T07:00:00Z,2026-08-10T09:00:00+0200,163.56,EUR/MWh,DE,DE_LU,day_ahead_price,value,2026-08-27T09:55:05Z
2026-08-27T09:51:17Z,2026-08-27T11:51:17+0200,0130a799-f590-4e00-8cb7-476fbd850f58,2026-08-10T07:15:00Z,2026-08-10T09:15:00+0200,151.97,EUR/MWh,DE,DE_LU,day_ahead_price,value,2026-08-27T09:55:05Z
2026-08-27T09:51:17Z,2026-08-27T11:51:17+0200,0130a799-f590-4e00-8cb7-476fbd850f58,2026-08-10T07:30:00Z,2026-08-10T09:30:00+0200,125.53,EUR/MWh,DE,DE_LU,day_ahead_price,value,2026-08-27T09:55:05Z
2026-08-27T09:51:17Z,2026-08-27T11:51:17+0200,0130a799-f590-4e00-8cb7-476fbd850f58,2026-08-10T07:45:00Z,2026-08-10T09:45:00+0200,114.47,EUR/MWh,DE,DE_LU,day_ahead_price,value,2026-08-27T09:55:05Z
2026-08-27T09:51:17Z,2026-08-27T11:51:17+0200,0130a799-f590-4e00-8cb7-476fbd850f58,2026-08-10T08:00:00Z,2026-08-10T10:00:00+0200,133.73,EUR/MWh,DE,DE_LU,day_ahead_price,value,2026-08-27T09:55:05Z
2026-08-27T09:51:17Z,2026-08-27T11:51:17+0200,0130a799-f590-4e00-8cb7-476fbd850f58,2026-08-10T08:15:00Z,2026-08-10T10:15:00+0200,115.0,EUR/MWh,DE,DE_LU,day_ahead_price,value,2026-08-27T09:55:05Z
2026-08-27T09:51:17Z,2026-08-27T11:51:17+0200,0130a799-f590-4e00-8cb7-476fbd850f58,2026-08-10T08:30:00Z,2026-08-10T10:30:00+0200,105.17,EUR/MWh,DE,DE_LU,day_ahead_price,value,2026-08-27T09:55:05Z
2026-08-27T09:51:17Z,2026-08-27T11:51:17+0200,0130a799-f590-4e00-8cb7-476fbd850f58,2026-08-10T08:45:00Z,2026-08-10T10:45:00+0200,92.53,EUR/MWh,DE,DE_LU,day_ahead_price,value,2026-08-27T09:55:05Z
2026-08-27T09:51:17Z,2026-08-27T11:51:17+0200,0130a799-f590-4e00-8cb7-476fbd850f58,2026-08-10T09:00:00Z,2026-08-10T11:00:00+0200,98.77,EUR/MWh,DE,DE_LU,day_ahead_price,value,2026-08-27T09:55:05Z
2026-08-27T09:51:17Z,2026-08-27T11:51:17+0200,0130a799-f590-4e00-8cb7-476fbd850f58,2026-08-10T09:15:00Z,2026-08-10T11:15:00+0200,87.13,EUR/MWh,DE,DE_LU,day_ahead_price,value,2026-08-27T09:55:05Z
2026-08-27T09:51:17Z,2026-08-27T11:51:17+0200,0130a799-f590-4e00-8cb7-476fbd850f58,2026-08-10T09:30:00Z,2026-08-10T11:30:00+0200,71.14,EUR/MWh,DE,DE_LU,day_ahead_price,value,2026-08-27T09:55:05Z
2026-08-27T09:51:17Z,2026-08-27T11:51:17+0200,0130a799-f590-4e00-8cb7-476fbd850f58,2026-08-10T09:45:00Z,2026-08-10T11:45:00+0200,59.51,EUR/MWh,DE,DE_LU,day_ahead_price,value,2026-08-27T09:55:05Z
2026-08-27T09:51:17Z,2026-08-27T11:51:17+0200,0130a799-f590-4e00-8cb7-476fbd850f58,2026-08-10T10:00:00Z,2026-08-10T12:00:00+0200,59.99,EUR/MWh,DE,DE_LU,day_ahead_price,value,2026-08-27T09:55:05Z
2026-08-27T09:51:17Z,2026-08-27T11:51:17+0200,0130a799-f590-4e00-8cb7-476fbd850f58,2026-08-10T10:15:00Z,2026-08-10T12:15:00+0200,40.55,EUR/MWh,DE,DE_LU,day_ahead_price,value,2026-08-27T09:55:05Z
2026-08-27T09:51:17Z,2026-08-27T11:51:17+0200,0130a799-f590-4e00-8cb7-476fbd850f58,2026-08-10T10:30:00Z,2026-08-10T12:30:00+0200,29.99,EUR/MWh,DE,DE_LU,day_ahead_price,value,2026-08-27T09:55:05Z
2026-08-27T09:51:17Z,2026-08-27T11:51:17+0200,0130a799-f590-4e00-8cb7-476fbd850f58,2026-08-10T10:45:00Z,2026-08-10T12:45:00+0200,16.61,EUR/MWh,DE,DE_LU,day_ahead_price,value,2026-08-27T09:55:05Z
2026-08-27T09:51:17Z,2026-08-27T11:51:17+0200,0130a799-f590-4e00-8cb7-476fbd850f58,2026-08-10T11:00:00Z,2026-08-10T13:00:00+0200,15.0,EUR/MWh,DE,DE_LU,day_ahead_price,value,2026-08-27T09:55:05Z
2026-08-27T09:51:17Z,2026-08-27T11:51:17+0200,0130a799-f590-4e00-8cb7-476fbd850f58,2026-08-10T11:15:00Z,2026-08-10T13:15:00+0200,10.04,EUR/MWh,DE,DE_LU,day_ahead_price,value,2026-08-27T09:55:05Z
2026-08-27T09:51:17Z,2026-08-27T11:51:17+0200,0130a799-f590-4e00-8cb7-476fbd850f58,2026-08-10T11:30:00Z,2026-08-10T13:30:00+0200,7.54,EUR/MWh,DE,DE_LU,day_ahead_price,value,2026-08-27T09:55:05Z
2026-08-27T09:51:17Z,2026-08-27T11:51:17+0200,0130a799-f590-4e00-8cb7-476fbd850f58,2026-08-10T11:45:00Z,2026-08-10T13:45:00+0200,3.99,EUR/MWh,DE,DE_LU,day_ahead_price,value,2026-08-27T09:55:05Z
2026-08-27T09:51:17Z,2026-08-27T11:51:17+0200,0130a799-f590-4e00-8cb7-476fbd850f58,2026-08-10T12:00:00Z,2026-08-10T14:00:00+0200,4.2,EUR/MWh,DE,DE_LU,day_ahead_price,value,2026-08-27T09:55:05Z
2026-08-27T09:51:17Z,2026-08-27T11:51:17+0200,0130a799-f590-4e00-8cb7-476fbd850f58,2026-08-10T12:15:00Z,2026-08-10T14:15:00+0200,3.66,EUR/MWh,DE,DE_LU,day_ahead_price,value,2026-08-27T09:55:05Z
2026-08-27T09:51:17Z,2026-08-27T11:51:17+0200,0130a799-f590-4e00-8cb7-476fbd850f58,2026-08-10T12:30:00Z,2026-08-10T14:30:00+0200,4.5,EUR/MWh,DE,DE_LU,day_ahead_price,value,2026-08-27T09:55:05Z
2026-08-27T09:51:17Z,2026-08-27T11:51:17+0200,0130a799-f590-4e00-8cb7-476fbd850f58,2026-08-10T12:45:00Z,2026-08-10T14:45:00+0200,4.99,EUR/MWh,DE,DE_LU,day_ahead_price,value,2026-08-27T09:55:05Z
2026-08-27T09:51:17Z,2026-08-27T11:51:17+0200,0130a799-f590-4e00-8cb7-476fbd850f58,2026-08-10T13:00:00Z,2026-08-10T15:00:00+0200,4.56,EUR/MWh,DE,DE_LU,day_ahead_price,value,2026-08-27T09:55:05Z
2026-08-27T09:51:17Z,2026-08-27T11:51:17+0200,0130a799-f590-4e00-8cb7-476fbd850f58,2026-08-10T13:15:00Z,2026-08-10T15:15:00+0200,9.0,EUR/MWh,DE,DE_LU,day_ahead_price,value,2026-08-27T09:55:05Z
2026-08-27T09:51:17Z,2026-08-27T11:51:17+0200,0130a799-f590-4e00-8cb7-476fbd850f58,2026-08-10T13:30:00Z,2026-08-10T15:30:00+0200,10.03,EUR/MWh,DE,DE_LU,day_ahead_price,value,2026-08-27T09:55:05Z
2026-08-27T09:51:17Z,2026-08-27T11:51:17+0200,0130a799-f590-4e00-8cb7-476fbd850f58,2026-08-10T13:45:00Z,2026-08-10T15:45:00+0200,16.41,EUR/MWh,DE,DE_LU,day_ahead_price,value,2026-08-27T09:55:05Z
2026-08-27T09:51:17Z,2026-08-27T11:51:17+0200,0130a799-f590-4e00-8cb7-476fbd850f58,2026-08-10T14:00:00Z,2026-08-10T16:00:00+0200,14.89,EUR/MWh,DE,DE_LU,day_ahead_price,value,2026-08-27T09:55:05Z
2026-08-27T09:51:17Z,2026-08-27T11:51:17+0200,0130a799-f590-4e00-8cb7-476fbd850f58,2026-08-10T14:15:00Z,2026-08-10T16:15:00+0200,37.71,EUR/MWh,DE,DE_LU,day_ahead_price,value,2026-08-27T09:55:05Z
2026-08-27T09:51:17Z,2026-08-27T11:51:17+0200,0130a799-f590-4e00-8cb7-476fbd850f58,2026-08-10T14:30:00Z,2026-08-10T16:30:00+0200,58.48,EUR/MWh,DE,DE_LU,day_ahead_price,value,2026-08-27T09:55:05Z
2026-08-27T09:51:17Z,2026-08-27T11:51:17+0200,0130a799-f590-4e00-8cb7-476fbd850f58,2026-08-10T14:45:00Z,2026-08-10T16:45:00+0200,84.71,EUR/MWh,DE,DE_LU,day_ahead_price,value,2026-08-27T09:55:05Z
2026-08-27T09:51:17Z,2026-08-27T11:51:17+0200,0130a799-f590-4e00-8cb7-476fbd850f58,2026-08-10T15:00:00Z,2026-08-10T17:00:00+0200,69.62,EUR/MWh,DE,DE_LU,day_ahead_price,value,2026-08-27T09:55:05Z
2026-08-27T09:51:17Z,2026-08-27T11:51:17+0200,0130a799-f590-4e00-8cb7-476fbd850f58,2026-08-10T15:15:00Z,2026-08-10T17:15:00+0200,104.76,EUR/MWh,DE,DE_LU,day_ahead_price,value,2026-08-27T09:55:05Z
2026-08-27T09:51:17Z,2026-08-27T11:51:17+0200,0130a799-f590-4e00-8cb7-476fbd850f58,2026-08-10T15:30:00Z,2026-08-10T17:30:00+0200,112.45,EUR/MWh,DE,DE_LU,day_ahead_price,value,2026-08-27T09:55:05Z
2026-08-27T09:51:17Z,2026-08-27T11:51:17+0200,0130a799-f590-4e00-8cb7-476fbd850f58,2026-08-10T15:45:00Z,2026-08-10T17:45:00+0200,137.8,EUR/MWh,DE,DE_LU,day_ahead_price,value,2026-08-27T09:55:05Z
2026-08-27T09:51:17Z,2026-08-27T11:51:17+0200,0130a799-f590-4e00-8cb7-476fbd850f58,2026-08-10T16:00:00Z,2026-08-10T18:00:00+0200,118.64,EUR/MWh,DE,DE_LU,day_ahead_price,value,2026-08-27T09:55:05Z
2026-08-27T09:51:17Z,2026-08-27T11:51:17+0200,0130a799-f590-4e00-8cb7-476fbd850f58,2026-08-10T16:15:00Z,2026-08-10T18:15:00+0200,127.76,EUR/MWh,DE,DE_LU,day_ahead_price,value,2026-08-27T09:55:05Z
2026-08-27T09:51:17Z,2026-08-27T11:51:17+0200,0130a799-f590-4e00-8cb7-476fbd850f58,2026-08-10T16:30:00Z,2026-08-10T18:30:00+0200,144.79,EUR/MWh,DE,DE_LU,day_ahead_price,value,2026-08-27T09:55:05Z
2026-08-27T09:51:17Z,2026-08-27T11:51:17+0200,0130a799-f590-4e00-8cb7-476fbd850f58,2026-08-10T16:45:00Z,2026-08-10T18:45:00+0200,159.61,EUR/MWh,DE,DE_LU,day_ahead_price,value,2026-08-27T09:55:05Z
2026-08-27T09:51:17Z,2026-08-27T11:51:17+0200,0130a799-f590-4e00-8cb7-476fbd850f58,2026-08-10T17:00:00Z,2026-08-10T19:00:00+0200,148.7,EUR/MWh,DE,DE_LU,day_ahead_price,value,2026-08-27T09:55:05Z
2026-08-27T09:51:17Z,2026-08-27T11:51:17+0200,0130a799-f590-4e00-8cb7-476fbd850f58,2026-08-10T17:15:00Z,2026-08-10T19:15:00+0200,157.0,EUR/MWh,DE,DE_LU,day_ahead_price,value,2026-08-27T09:55:05Z
2026-08-27T09:51:17Z,2026-08-27T11:51:17+0200,0130a799-f590-4e00-8cb7-476fbd850f58,2026-08-10T17:30:00Z,2026-08-10T19:30:00+0200,166.74,EUR/MWh,DE,DE_LU,day_ahead_price,value,2026-08-27T09:55:05Z
2026-08-27T09:51:17Z,2026-08-27T11:51:17+0200,0130a799-f590-4e00-8cb7-476fbd850f58,2026-08-10T17:45:00Z,2026-08-10T19:45:00+0200,190.39,EUR/MWh,DE,DE_LU,day_ahead_price,value,2026-08-27T09:55:05Z
2026-08-27T09:51:17Z,2026-08-27T11:51:17+0200,0130a799-f590-4e00-8cb7-476fbd850f58,2026-08-10T18:00:00Z,2026-08-10T20:00:00+0200,167.0,EUR/MWh,DE,DE_LU,day_ahead_price,value,2026-08-27T09:55:05Z
2026-08-27T09:51:17Z,2026-08-27T11:51:17+0200,0130a799-f590-4e00-8cb7-476fbd850f58,2026-08-10T18:15:00Z,2026-08-10T20:15:00+0200,169.6,EUR/MWh,DE,DE_LU,day_ahead_price,value,2026-08-27T09:55:05Z
2026-08-27T09:51:17Z,2026-08-27T11:51:17+0200,0130a799-f590-4e00-8cb7-476fbd850f58,2026-08-10T18:30:00Z,2026-08-10T20:30:00+0200,180.85,EUR/MWh,DE,DE_LU,day_ahead_price,value,2026-08-27T09:55:05Z
2026-08-27T09:51:17Z,2026-08-27T11:51:17+0200,0130a799-f590-4e00-8cb7-476fbd850f58,2026-08-10T18:45:00Z,2026-08-10T20:45:00+0200,190.36,EUR/MWh,DE,DE_LU,day_ahead_price,value,2026-08-27T09:55:05Z
2026-08-27T09:51:17Z,2026-08-27T11:51:17+0200,0130a799-f590-4e00-8cb7-476fbd850f58,2026-08-10T19:00:00Z,2026-08-10T21:00:00+0200,199.51,EUR/MWh,DE,DE_LU,day_ahead_price,value,2026-08-27T09:55:05Z
2026-08-27T09:51:17Z,2026-08-27T11:51:17+0200,0130a799-f590-4e00-8cb7-476fbd850f58,2026-08-10T19:15:00Z,2026-08-10T21:15:00+0200,186.73,EUR/MWh,DE,DE_LU,day_ahead_price,value,2026-08-27T09:55:05Z
2026-08-27T09:51:17Z,2026-08-27T11:51:17+0200,0130a799-f590-4e00-8cb7-476fbd850f58,2026-08-10T19:30:00Z,2026-08-10T21:30:00+0200,176.59,EUR/MWh,DE,DE_LU,day_ahead_price,value,2026-08-27T09:55:05Z
2026-08-27T09:51:17Z,2026-08-27T11:51:17+0200,0130a799-f590-4e00-8cb7-476fbd850f58,2026-08-10T19:45:00Z,2026-08-10T21:45:00+0200,163.3,EUR/MWh,DE,DE_LU,day_ahead_price,value,2026-08-27T09:55:05Z
2026-08-27T09:51:17Z,2026-08-27T11:51:17+0200,0130a799-f590-4e00-8cb7-476fbd850f58,2026-08-10T20:00:00Z,2026-08-10T22:00:00+0200,181.61,EUR/MWh,DE,DE_LU,day_ahead_price,value,2026-08-27T09:55:05Z
2026-08-27T09:51:17Z,2026-08-27T11:51:17+0200,0130a799-f590-4e00-8cb7-476fbd850f58,2026-08-10T20:15:00Z,2026-08-10T22:15:00+0200,167.57,EUR/MWh,DE,DE_LU,day_ahead_price,value,2026-08-27T09:55:05Z
2026-08-27T09:51:17Z,2026-08-27T11:51:17+0200,0130a799-f590-4e00-8cb7-476fbd850f58,2026-08-10T20:30:00Z,2026-08-10T22:30:00+0200,168.04,EUR/MWh,DE,DE_LU,day_ahead_price,value,2026-08-27T09:55:05Z
2026-08-27T09:51:17Z,2026-08-27T11:51:17+0200,0130a799-f590-4e00-8cb7-476fbd850f58,2026-08-10T20:45:00Z,2026-08-10T22:45:00+0200,159.52,EUR/MWh,DE,DE_LU,day_ahead_price,value,2026-08-27T09:55:05Z
2026-08-27T09:51:17Z,2026-08-27T11:51:17+0200,0130a799-f590-4e00-8cb7-476fbd850f58,2026-08-10T21:00:00Z,2026-08-10T23:00:00+0200,157.67,EUR/MWh,DE,DE_LU,day_ahead_price,value,2026-08-27T09:55:05Z
2026-08-27T09:51:17Z,2026-08-27T11:51:17+0200,0130a799-f590-4e00-8cb7-476fbd850f58,2026-08-10T21:15:00Z,2026-08-10T23:15:00+0200,154.93,EUR/MWh,DE,DE_LU,day_ahead_price,value,2026-08-27T09:55:05Z
2026-08-27T09:51:17Z,2026-08-27T11:51:17+0200,0130a799-f590-4e00-8cb7-476fbd850f58,2026-08-10T21:30:00Z,2026-08-10T23:30:00+0200,152.51,EUR/MWh,DE,DE_LU,day_ahead_price,value,2026-08-27T09:55:05Z
2026-08-27T09:51:17Z,2026-08-27T11:51:17+0200,0130a799-f590-4e00-8cb7-476fbd850f58,2026-08-10T21:45:00Z,2026-08-10T23:45:00+0200,140.65,EUR/MWh,DE,DE_LU,day_ahead_price,value,2026-08-27T09:55:05Z
2026-08-27T09:51:17Z,2026-08-27T11:51:17+0200,0130a799-f590-4e00-8cb7-476fbd850f58,2026-08-10T22:00:00Z,2026-08-11T00:00:00+0200,147.37,EUR/MWh,DE,DE_LU,day_ahead_price,value,2026-08-27T09:55:05Z
2026-08-27T09:51:17Z,2026-08-27T11:51:17+0200,0130a799-f590-4e00-8cb7-476fbd850f58,2026-08-10T22:15:00Z,2026-08-11T00:15:00+0200,145.77,EUR/MWh,DE,DE_LU,day_ahead_price,value,2026-08-27T09:55:05Z
2026-08-27T09:51:17Z,2026-08-27T11:51:17+0200,0130a799-f590-4e00-8cb7-476fbd850f58,2026-08-10T22:30:00Z,2026-08-11T00:30:00+0200,138.77,EUR/MWh,DE,DE_LU,day_ahead_price,value,2026-08-27T09:55:05Z
2026-08-27T09:51:17Z,2026-08-27T11:51:17+0200,0130a799-f590-4e00-8cb7-476fbd850f58,2026-08-10T22:45:00Z,2026-08-11T00:45:00+0200,124.88,EUR/MWh,DE,DE_LU,day_ahead_price,value,2026-08-27T09:55:05Z
2026-08-27T09:51:17Z,2026-08-27T11:51:17+0200,0130a799-f590-4e00-8cb7-476fbd850f58,2026-08-10T23:00:00Z,2026-08-11T01:00:00+0200,142.14,EUR/MWh,DE,DE_LU,day_ahead_price,value,2026-08-27T09:55:05Z
2026-08-27T09:51:17Z,2026-08-27T11:51:17+0200,0130a799-f590-4e00-8cb7-476fbd850f58,2026-08-10T23:15:00Z,2026-08-11T01:15:00+0200,138.91,EUR/MWh,DE,DE_LU,day_ahead_price,value,2026-08-27T09:55:05Z
2026-08-27T09:51:17Z,2026-08-27T11:51:17+0200,0130a799-f590-4e00-8cb7-476fbd850f58,2026-08-10T23:30:00Z,2026-08-11T01:30:00+0200,144.85,EUR/MWh,DE,DE_LU,day_ahead_price,value,2026-08-27T09:55:05Z
2026-08-27T09:51:17Z,2026-08-27T11:51:17+0200,0130a799-f590-4e00-8cb7-476fbd850f58,2026-08-10T23:45:00Z,2026-08-11T01:45:00+0200,138.05,EUR/MWh,DE,DE_LU,day_ahead_price,value,2026-08-27T09:55:05Z
2026-08-27T09:51:17Z,2026-08-27T11:51:17+0200,0130a799-f590-4e00-8cb7-476fbd850f58,2026-08-11T00:00:00Z,2026-08-11T02:00:00+0200,143.8,EUR/MWh,DE,DE_LU,day_ahead_price,value,2026-08-27T09:55:05Z
2026-08-27T09:51:17Z,2026-08-27T11:51:17+0200,0130a799-f590-4e00-8cb7-476fbd850f58,2026-08-11T00:15:00Z,2026-08-11T02:15:00+0200,135.94,EUR/MWh,DE,DE_LU,day_ahead_price,value,2026-08-27T09:55:05Z
2026-08-27T09:51:17Z,2026-08-27T11:51:17+0200,0130a799-f590-4e00-8cb7-476fbd850f58,2026-08-11T00:30:00Z,2026-08-11T02:30:00+0200,133.72,EUR/MWh,DE,DE_LU,day_ahead_price,value,2026-08-27T09:55:05Z
2026-08-27T09:51:17Z,2026-08-27T11:51:17+0200,0130a799-f590-4e00-8cb7-476fbd850f58,2026-08-11T00:45:00Z,2026-08-11T02:45:00+0200,131.33,EUR/MWh,DE,DE_LU,day_ahead_price,value,2026-08-27T09:55:05Z
2026-08-27T09:51:17Z,2026-08-27T11:51:17+0200,0130a799-f590-4e00-8cb7-476fbd850f58,2026-08-11T01:00:00Z,2026-08-11T03:00:00+0200,129.89,EUR/MWh,DE,DE_LU,day_ahead_price,value,2026-08-27T09:55:05Z
2026-08-27T09:51:17Z,2026-08-27T11:51:17+0200,0130a799-f590-4e00-8cb7-476fbd850f58,2026-08-11T01:15:00Z,2026-08-11T03:15:00+0200,129.58,EUR/MWh,DE,DE_LU,day_ahead_price,value,2026-08-27T09:55:05Z
2026-08-27T09:51:17Z,2026-08-27T11:51:17+0200,0130a799-f590-4e00-8cb7-476fbd850f58,2026-08-11T01:30:00Z,2026-08-11T03:30:00+0200,128.38,EUR/MWh,DE,DE_LU,day_ahead_price,value,2026-08-27T09:55:05Z
2026-08-27T09:51:17Z,2026-08-27T11:51:17+0200,0130a799-f590-4e00-8cb7-476fbd850f58,2026-08-11T01:45:00Z,2026-08-11T03:45:00+0200,127.08,EUR/MWh,DE,DE_LU,day_ahead_price,value,2026-08-27T09:55:05Z
2026-08-27T09:51:17Z,2026-08-27T11:51:17+0200,0130a799-f590-4e00-8cb7-476fbd850f58,2026-08-11T02:00:00Z,2026-08-11T04:00:00+0200,126.65,EUR/MWh,DE,DE_LU,day_ahead_price,value,2026-08-27T09:55:05Z
2026-08-27T09:51:17Z,2026-08-27T11:51:17+0200,0130a799-f590-4e00-8cb7-476fbd850f58,2026-08-11T02:15:00Z,2026-08-11T04:15:00+0200,127.87,EUR/MWh,DE,DE_LU,day_ahead_price,value,2026-08-27T09:55:05Z
2026-08-27T09:51:17Z,2026-08-27T11:51:17+0200,0130a799-f590-4e00-8cb7-476fbd850f58,2026-08-11T02:30:00Z,2026-08-11T04:30:00+0200,130.43,EUR/MWh,DE,DE_LU,day_ahead_price,value,2026-08-27T09:55:05Z
2026-08-27T09:51:17Z,2026-08-27T11:51:17+0200,0130a799-f590-4e00-8cb7-476fbd850f58,2026-08-11T02:45:00Z,2026-08-11T04:45:00+0200,134.74,EUR/MWh,DE,DE_LU,day_ahead_price,value,2026-08-27T09:55:05Z
2026-08-27T09:51:17Z,2026-08-27T11:51:17+0200,0130a799-f590-4e00-8cb7-476fbd850f58,2026-08-11T03:00:00Z,2026-08-11T05:00:00+0200,128.4,EUR/MWh,DE,DE_LU,day_ahead_price,value,2026-08-27T09:55:05Z
2026-08-27T09:51:17Z,2026-08-27T11:51:17+0200,0130a799-f590-4e00-8cb7-476fbd850f58,2026-08-11T03:15:00Z,2026-08-11T05:15:00+0200,134.53,EUR/MWh,DE,DE_LU,day_ahead_price,value,2026-08-27T09:55:05Z
2026-08-27T09:51:17Z,2026-08-27T11:51:17+0200,0130a799-f590-4e00-8cb7-476fbd850f58,2026-08-11T03:30:00Z,2026-08-11T05:30:00+0200,143.45,EUR/MWh,DE,DE_LU,day_ahead_price,value,2026-08-27T09:55:05Z
2026-08-27T09:51:17Z,2026-08-27T11:51:17+0200,0130a799-f590-4e00-8cb7-476fbd850f58,2026-08-11T03:45:00Z,2026-08-11T05:45:00+0200,153.78,EUR/MWh,DE,DE_LU,day_ahead_price,value,2026-08-27T09:55:05Z
2026-08-27T09:51:17Z,2026-08-27T11:51:17+0200,0130a799-f590-4e00-8cb7-476fbd850f58,2026-08-11T04:00:00Z,2026-08-11T06:00:00+0200,154.98,EUR/MWh,DE,DE_LU,day_ahead_price,value,2026-08-27T09:55:05Z
2026-08-27T09:51:17Z,2026-08-27T11:51:17+0200,0130a799-f590-4e00-8cb7-476fbd850f58,2026-08-11T04:15:00Z,2026-08-11T06:15:00+0200,157.0,EUR/MWh,DE,DE_LU,day_ahead_price,value,2026-08-27T09:55:05Z
2026-08-27T09:51:17Z,2026-08-27T11:51:17+0200,0130a799-f590-4e00-8cb7-476fbd850f58,2026-08-11T04:30:00Z,2026-08-11T06:30:00+0200,157.82,EUR/MWh,DE,DE_LU,day_ahead_price,value,2026-08-27T09:55:05Z
2026-08-27T09:51:17Z,2026-08-27T11:51:17+0200,0130a799-f590-4e00-8cb7-476fbd850f58,2026-08-11T04:45:00Z,2026-08-11T06:45:00+0200,157.37,EUR/MWh,DE,DE_LU,day_ahead_price,value,2026-08-27T09:55:05Z
2026-08-27T09:51:17Z,2026-08-27T11:51:17+0200,0130a799-f590-4e00-8cb7-476fbd850f58,2026-08-11T05:00:00Z,2026-08-11T07:00:00+0200,166.72,EUR/MWh,DE,DE_LU,day_ahead_price,value,2026-08-27T09:55:05Z
2026-08-27T09:51:17Z,2026-08-27T11:51:17+0200,0130a799-f590-4e00-8cb7-476fbd850f58,2026-08-11T05:15:00Z,2026-08-11T07:15:00+0200,161.5,EUR/MWh,DE,DE_LU,day_ahead_price,value,2026-08-27T09:55:05Z
2026-08-27T09:51:17Z,2026-08-27T11:51:17+0200,0130a799-f590-4e00-8cb7-476fbd850f58,2026-08-11T05:30:00Z,2026-08-11T07:30:00+0200,155.58,EUR/MWh,DE,DE_LU,day_ahead_price,value,2026-08-27T09:55:05Z
2026-08-27T09:51:17Z,2026-08-27T11:51:17+0200,0130a799-f590-4e00-8cb7-476fbd850f58,2026-08-11T05:45:00Z,2026-08-11T07:45:00+0200,147.64,EUR/MWh,DE,DE_LU,day_ahead_price,value,2026-08-27T09:55:05Z
2026-08-27T09:51:17Z,2026-08-27T11:51:17+0200,0130a799-f590-4e00-8cb7-476fbd850f58,2026-08-11T06:00:00Z,2026-08-11T08:00:00+0200,163.26,EUR/MWh,DE,DE_LU,day_ahead_price,value,2026-08-27T09:55:05Z
2026-08-27T09:51:17Z,2026-08-27T11:51:17+0200,0130a799-f590-4e00-8cb7-476fbd850f58,2026-08-11T06:15:00Z,2026-08-11T08:15:00+0200,152.18,EUR/MWh,DE,DE_LU,day_ahead_price,value,2026-08-27T09:55:05Z
2026-08-27T09:51:17Z,2026-08-27T11:51:17+0200,0130a799-f590-4e00-8cb7-476fbd850f58,2026-08-11T06:30:00Z,2026-08-11T08:30:00+0200,141.17,EUR/MWh,DE,DE_LU,day_ahead_price,value,2026-08-27T09:55:05Z
2026-08-27T09:51:17Z,2026-08-27T11:51:17+0200,0130a799-f590-4e00-8cb7-476fbd850f58,2026-08-11T06:45:00Z,2026-08-11T08:45:00+0200,118.54,EUR/MWh,DE,DE_LU,day_ahead_price,value,2026-08-27T09:55:05Z
2026-08-27T09:51:17Z,2026-08-27T11:51:17+0200,0130a799-f590-4e00-8cb7-476fbd850f58,2026-08-11T07:00:00Z,2026-08-11T09:00:00+0200,141.8,EUR/MWh,DE,DE_LU,day_ahead_price,value,2026-08-27T09:55:05Z
2026-08-27T09:51:17Z,2026-08-27T11:51:17+0200,0130a799-f590-4e00-8cb7-476fbd850f58,2026-08-11T07:15:00Z,2026-08-11T09:15:00+0200,116.85,EUR/MWh,DE,DE_LU,day_ahead_price,value,2026-08-27T09:55:05Z
2026-08-27T09:51:17Z,2026-08-27T11:51:17+0200,0130a799-f590-4e00-8cb7-476fbd850f58,2026-08-11T07:30:00Z,2026-08-11T09:30:00+0200,104.57,EUR/MWh,DE,DE_LU,day_ahead_price,value,2026-08-27T09:55:05Z
2026-08-27T09:51:17Z,2026-08-27T11:51:17+0200,0130a799-f590-4e00-8cb7-476fbd850f58,2026-08-11T07:45:00Z,2026-08-11T09:45:00+0200,80.08,EUR/MWh,DE,DE_LU,day_ahead_price,value,2026-08-27T09:55:05Z
2026-08-27T09:51:17Z,2026-08-27T11:51:17+0200,0130a799-f590-4e00-8cb7-476fbd850f58,2026-08-11T08:00:00Z,2026-08-11T10:00:00+0200,97.18,EUR/MWh,DE,DE_LU,day_ahead_price,value,2026-08-27T09:55:05Z
2026-08-27T09:51:17Z,2026-08-27T11:51:17+0200,0130a799-f590-4e00-8cb7-476fbd850f58,2026-08-11T08:15:00Z,2026-08-11T10:15:00+0200,73.27,EUR/MWh,DE,DE_LU,day_ahead_price,value,2026-08-27T09:55:05Z
2026-08-27T09:51:17Z,2026-08-27T11:51:17+0200,0130a799-f590-4e00-8cb7-476fbd850f58,2026-08-11T08:30:00Z,2026-08-11T10:30:00+0200,38.65,EUR/MWh,DE,DE_LU,day_ahead_price,value,2026-08-27T09:55:05Z
2026-08-27T09:51:17Z,2026-08-27T11:51:17+0200,0130a799-f590-4e00-8cb7-476fbd850f58,2026-08-11T08:45:00Z,2026-08-11T10:45:00+0200,22.29,EUR/MWh,DE,DE_LU,day_ahead_price,value,2026-08-27T09:55:05Z
2026-08-27T09:51:17Z,2026-08-27T11:51:17+0200,0130a799-f590-4e00-8cb7-476fbd850f58,2026-08-11T09:00:00Z,2026-08-11T11:00:00+0200,25.41,EUR/MWh,DE,DE_LU,day_ahead_price,value,2026-08-27T09:55:05Z
2026-08-27T09:51:17Z,2026-08-27T11:51:17+0200,0130a799-f590-4e00-8cb7-476fbd850f58,2026-08-11T09:15:00Z,2026-08-11T11:15:00+0200,9.87,EUR/MWh,DE,DE_LU,day_ahead_price,value,2026-08-27T09:55:05Z
2026-08-27T09:51:17Z,2026-08-27T11:51:17+0200,0130a799-f590-4e00-8cb7-476fbd850f58,2026-08-11T09:30:00Z,2026-08-11T11:30:00+0200,2.66,EUR/MWh,DE,DE_LU,day_ahead_price,value,2026-08-27T09:55:05Z
2026-08-27T09:51:17Z,2026-08-27T11:51:17+0200,0130a799-f590-4e00-8cb7-476fbd850f58,2026-08-11T09:45:00Z,2026-08-11T11:45:00+0200,0.19,EUR/MWh,DE,DE_LU,day_ahead_price,value,2026-08-27T09:55:05Z
2026-08-27T09:51:17Z,2026-08-27T11:51:17+0200,0130a799-f590-4e00-8cb7-476fbd850f58,2026-08-11T10:00:00Z,2026-08-11T12:00:00+0200,0.08,EUR/MWh,DE,DE_LU,day_ahead_price,value,2026-08-27T09:55:05Z
2026-08-27T09:51:17Z,2026-08-27T11:51:17+0200,0130a799-f590-4e00-8cb7-476fbd850f58,2026-08-11T10:15:00Z,2026-08-11T12:15:00+0200,0.0,EUR/MWh,DE,DE_LU,day_ahead_price,value,2026-08-27T09:55:05Z
2026-08-27T09:51:17Z,2026-08-27T11:51:17+0200,0130a799-f590-4e00-8cb7-476fbd850f58,2026-08-11T10:30:00Z,2026-08-11T12:30:00+0200,0.0,EUR/MWh,DE,DE_LU,day_ahead_price,value,2026-08-27T09:55:05Z
2026-08-27T09:51:17Z,2026-08-27T11:51:17+0200,0130a799-f590-4e00-8cb7-476fbd850f58,2026-08-11T10:45:00Z,2026-08-11T12:45:00+0200,-0.01,EUR/MWh,DE,DE_LU,day_ahead_price,value,2026-08-27T09:55:05Z
2026-08-27T09:51:17Z,2026-08-27T11:51:17+0200,0130a799-f590-4e00-8cb7-476fbd850f58,2026-08-11T11:00:00Z,2026-08-11T13:00:00+0200,-0.01,EUR/MWh,DE,DE_LU,day_ahead_price,value,2026-08-27T09:55:05Z
2026-08-27T09:51:17Z,2026-08-27T11:51:17+0200,0130a799-f590-4e00-8cb7-476fbd850f58,2026-08-11T11:15:00Z,2026-08-11T13:15:00+0200,-0.08,EUR/MWh,DE,DE_LU,day_ahead_price,value,2026-08-27T09:55:05Z
2026-08-27T09:51:17Z,2026-08-27T11:51:17+0200,0130a799-f590-4e00-8cb7-476fbd850f58,2026-08-11T11:30:00Z,2026-08-11T13:30:00+0200,-0.15,EUR/MWh,DE,DE_LU,day_ahead_price,value,2026-08-27T09:55:05Z
2026-08-27T09:51:17Z,2026-08-27T11:51:17+0200,0130a799-f590-4e00-8cb7-476fbd850f58,2026-08-11T11:45:00Z,2026-08-11T13:45:00+0200,-0.17,EUR/MWh,DE,DE_LU,day_ahead_price,value,2026-08-27T09:55:05Z
2026-08-27T09:51:17Z,2026-08-27T11:51:17+0200,0130a799-f590-4e00-8cb7-476fbd850f58,2026-08-11T12:00:00Z,2026-08-11T14:00:00+0200,-0.18,EUR/MWh,DE,DE_LU,day_ahead_price,value,2026-08-27T09:55:05Z
2026-08-27T09:51:17Z,2026-08-27T11:51:17+0200,0130a799-f590-4e00-8cb7-476fbd850f58,2026-08-11T12:15:00Z,2026-08-11T14:15:00+0200,-0.16,EUR/MWh,DE,DE_LU,day_ahead_price,value,2026-08-27T09:55:05Z
2026-08-27T09:51:17Z,2026-08-27T11:51:17+0200,0130a799-f590-4e00-8cb7-476fbd850f58,2026-08-11T12:30:00Z,2026-08-11T14:30:00+0200,-0.01,EUR/MWh,DE,DE_LU,day_ahead_price,value,2026-08-27T09:55:05Z
2026-08-27T09:51:17Z,2026-08-27T11:51:17+0200,0130a799-f590-4e00-8cb7-476fbd850f58,2026-08-11T12:45:00Z,2026-08-11T14:45:00+0200,-0.01,EUR/MWh,DE,DE_LU,day_ahead_price,value,2026-08-27T09:55:05Z
2026-08-27T09:51:17Z,2026-08-27T11:51:17+0200,0130a799-f590-4e00-8cb7-476fbd850f58,2026-08-11T13:00:00Z,2026-08-11T15:00:00+0200,0.0,EUR/MWh,DE,DE_LU,day_ahead_price,value,2026-08-27T09:55:05Z
2026-08-27T09:51:17Z,2026-08-27T11:51:17+0200,0130a799-f590-4e00-8cb7-476fbd850f58,2026-08-11T13:15:00Z,2026-08-11T15:15:00+0200,0.07,EUR/MWh,DE,DE_LU,day_ahead_price,value,2026-08-27T09:55:05Z
2026-08-27T09:51:17Z,2026-08-27T11:51:17+0200,0130a799-f590-4e00-8cb7-476fbd850f58,2026-08-11T13:30:00Z,2026-08-11T15:30:00+0200,2.47,EUR/MWh,DE,DE_LU,day_ahead_price,value,2026-08-27T09:55:05Z
2026-08-27T09:51:17Z,2026-08-27T11:51:17+0200,0130a799-f590-4e00-8cb7-476fbd850f58,2026-08-11T13:45:00Z,2026-08-11T15:45:00+0200,10.01,EUR/MWh,DE,DE_LU,day_ahead_price,value,2026-08-27T09:55:05Z
2026-08-27T09:51:17Z,2026-08-27T11:51:17+0200,0130a799-f590-4e00-8cb7-476fbd850f58,2026-08-11T14:00:00Z,2026-08-11T16:00:00+0200,7.93,EUR/MWh,DE,DE_LU,day_ahead_price,value,2026-08-27T09:55:05Z
2026-08-27T09:51:17Z,2026-08-27T11:51:17+0200,0130a799-f590-4e00-8cb7-476fbd850f58,2026-08-11T14:15:00Z,2026-08-11T16:15:00+0200,22.39,EUR/MWh,DE,DE_LU,day_ahead_price,value,2026-08-27T09:55:05Z
2026-08-27T09:51:17Z,2026-08-27T11:51:17+0200,0130a799-f590-4e00-8cb7-476fbd850f58,2026-08-11T14:30:00Z,2026-08-11T16:30:00+0200,60.43,EUR/MWh,DE,DE_LU,day_ahead_price,value,2026-08-27T09:55:05Z
2026-08-27T09:51:17Z,2026-08-27T11:51:17+0200,0130a799-f590-4e00-8cb7-476fbd850f58,2026-08-11T14:45:00Z,2026-08-11T16:45:00+0200,87.18,EUR/MWh,DE,DE_LU,day_ahead_price,value,2026-08-27T09:55:05Z
2026-08-27T09:51:17Z,2026-08-27T11:51:17+0200,0130a799-f590-4e00-8cb7-476fbd850f58,2026-08-11T15:00:00Z,2026-08-11T17:00:00+0200,77.75,EUR/MWh,DE,DE_LU,day_ahead_price,value,2026-08-27T09:55:05Z
2026-08-27T09:51:17Z,2026-08-27T11:51:17+0200,0130a799-f590-4e00-8cb7-476fbd850f58,2026-08-11T15:15:00Z,2026-08-11T17:15:00+0200,103.57,EUR/MWh,DE,DE_LU,day_ahead_price,value,2026-08-27T09:55:05Z
2026-08-27T09:51:17Z,2026-08-27T11:51:17+0200,0130a799-f590-4e00-8cb7-476fbd850f58,2026-08-11T15:30:00Z,2026-08-11T17:30:00+0200,119.29,EUR/MWh,DE,DE_LU,day_ahead_price,value,2026-08-27T09:55:05Z
2026-08-27T09:51:17Z,2026-08-27T11:51:17+0200,0130a799-f590-4e00-8cb7-476fbd850f58,2026-08-11T15:45:00Z,2026-08-11T17:45:00+0200,138.89,EUR/MWh,DE,DE_LU,day_ahead_price,value,2026-08-27T09:55:05Z
2026-08-27T09:51:17Z,2026-08-27T11:51:17+0200,0130a799-f590-4e00-8cb7-476fbd850f58,2026-08-11T16:00:00Z,2026-08-11T18:00:00+0200,118.57,EUR/MWh,DE,DE_LU,day_ahead_price,value,2026-08-27T09:55:05Z
2026-08-27T09:51:17Z,2026-08-27T11:51:17+0200,0130a799-f590-4e00-8cb7-476fbd850f58,2026-08-11T16:15:00Z,2026-08-11T18:15:00+0200,143.69,EUR/MWh,DE,DE_LU,day_ahead_price,value,2026-08-27T09:55:05Z
2026-08-27T09:51:17Z,2026-08-27T11:51:17+0200,0130a799-f590-4e00-8cb7-476fbd850f58,2026-08-11T16:30:00Z,2026-08-11T18:30:00+0200,156.74,EUR/MWh,DE,DE_LU,day_ahead_price,value,2026-08-27T09:55:05Z
2026-08-27T09:51:17Z,2026-08-27T11:51:17+0200,0130a799-f590-4e00-8cb7-476fbd850f58,2026-08-11T16:45:00Z,2026-08-11T18:45:00+0200,166.99,EUR/MWh,DE,DE_LU,day_ahead_price,value,2026-08-27T09:55:05Z
2026-08-27T09:51:17Z,2026-08-27T11:51:17+0200,0130a799-f590-4e00-8cb7-476fbd850f58,2026-08-11T17:00:00Z,2026-08-11T19:00:00+0200,157.94,EUR/MWh,DE,DE_LU,day_ahead_price,value,2026-08-27T09:55:05Z
2026-08-27T09:51:17Z,2026-08-27T11:51:17+0200,0130a799-f590-4e00-8cb7-476fbd850f58,2026-08-11T17:15:00Z,2026-08-11T19:15:00+0200,168.74,EUR/MWh,DE,DE_LU,day_ahead_price,value,2026-08-27T09:55:05Z
2026-08-27T09:51:17Z,2026-08-27T11:51:17+0200,0130a799-f590-4e00-8cb7-476fbd850f58,2026-08-11T17:30:00Z,2026-08-11T19:30:00+0200,181.52,EUR/MWh,DE,DE_LU,day_ahead_price,value,2026-08-27T09:55:05Z
2026-08-27T09:51:17Z,2026-08-27T11:51:17+0200,0130a799-f590-4e00-8cb7-476fbd850f58,2026-08-11T17:45:00Z,2026-08-11T19:45:00+0200,204.96,EUR/MWh,DE,DE_LU,day_ahead_price,value,2026-08-27T09:55:05Z
2026-08-27T09:51:17Z,2026-08-27T11:51:17+0200,0130a799-f590-4e00-8cb7-476fbd850f58,2026-08-11T18:00:00Z,2026-08-11T20:00:00+0200,194.69,EUR/MWh,DE,DE_LU,day_ahead_price,value,2026-08-27T09:55:05Z
2026-08-27T09:51:17Z,2026-08-27T11:51:17+0200,0130a799-f590-4e00-8cb7-476fbd850f58,2026-08-11T18:15:00Z,2026-08-11T20:15:00+0200,200.09,EUR/MWh,DE,DE_LU,day_ahead_price,value,2026-08-27T09:55:05Z
2026-08-27T09:51:17Z,2026-08-27T11:51:17+0200,0130a799-f590-4e00-8cb7-476fbd850f58,2026-08-11T18:30:00Z,2026-08-11T20:30:00+0200,201.18,EUR/MWh,DE,DE_LU,day_ahead_price,value,2026-08-27T09:55:05Z
2026-08-27T09:51:17Z,2026-08-27T11:51:17+0200,0130a799-f590-4e00-8cb7-476fbd850f58,2026-08-11T18:45:00Z,2026-08-11T20:45:00+0200,199.95,EUR/MWh,DE,DE_LU,day_ahead_price,value,2026-08-27T09:55:05Z
2026-08-27T09:51:17Z,2026-08-27T11:51:17+0200,0130a799-f590-4e00-8cb7-476fbd850f58,2026-08-11T19:00:00Z,2026-08-11T21:00:00+0200,203.65,EUR/MWh,DE,DE_LU,day_ahead_price,value,2026-08-27T09:55:05Z
2026-08-27T09:51:17Z,2026-08-27T11:51:17+0200,0130a799-f590-4e00-8cb7-476fbd850f58,2026-08-11T19:15:00Z,2026-08-11T21:15:00+0200,192.27,EUR/MWh,DE,DE_LU,day_ahead_price,value,2026-08-27T09:55:05Z
2026-08-27T09:51:17Z,2026-08-27T11:51:17+0200,0130a799-f590-4e00-8cb7-476fbd850f58,2026-08-11T19:30:00Z,2026-08-11T21:30:00+0200,188.11,EUR/MWh,DE,DE_LU,day_ahead_price,value,2026-08-27T09:55:05Z
2026-08-27T09:51:17Z,2026-08-27T11:51:17+0200,0130a799-f590-4e00-8cb7-476fbd850f58,2026-08-11T19:45:00Z,2026-08-11T21:45:00+0200,173.33,EUR/MWh,DE,DE_LU,day_ahead_price,value,2026-08-27T09:55:05Z
2026-08-27T09:51:17Z,2026-08-27T11:51:17+0200,0130a799-f590-4e00-8cb7-476fbd850f58,2026-08-11T20:00:00Z,2026-08-11T22:00:00+0200,180.34,EUR/MWh,DE,DE_LU,day_ahead_price,value,2026-08-27T09:55:05Z
2026-08-27T09:51:17Z,2026-08-27T11:51:17+0200,0130a799-f590-4e00-8cb7-476fbd850f58,2026-08-11T20:15:00Z,2026-08-11T22:15:00+0200,172.95,EUR/MWh,DE,DE_LU,day_ahead_price,value,2026-08-27T09:55:05Z
2026-08-27T09:51:17Z,2026-08-27T11:51:17+0200,0130a799-f590-4e00-8cb7-476fbd850f58,2026-08-11T20:30:00Z,2026-08-11T22:30:00+0200,171.78,EUR/MWh,DE,DE_LU,day_ahead_price,value,2026-08-27T09:55:05Z
2026-08-27T09:51:17Z,2026-08-27T11:51:17+0200,0130a799-f590-4e00-8cb7-476fbd850f58,2026-08-11T20:45:00Z,2026-08-11T22:45:00+0200,166.61,EUR/MWh,DE,DE_LU,day_ahead_price,value,2026-08-27T09:55:05Z
2026-08-27T09:51:17Z,2026-08-27T11:51:17+0200,0130a799-f590-4e00-8cb7-476fbd850f58,2026-08-11T21:00:00Z,2026-08-11T23:00:00+0200,163.01,EUR/MWh,DE,DE_LU,day_ahead_price,value,2026-08-27T09:55:05Z
2026-08-27T09:51:17Z,2026-08-27T11:51:17+0200,0130a799-f590-4e00-8cb7-476fbd850f58,2026-08-11T21:15:00Z,2026-08-11T23:15:00+0200,153.52,EUR/MWh,DE,DE_LU,day_ahead_price,value,2026-08-27T09:55:05Z
2026-08-27T09:51:17Z,2026-08-27T11:51:17+0200,0130a799-f590-4e00-8cb7-476fbd850f58,2026-08-11T21:30:00Z,2026-08-11T23:30:00+0200,152.08,EUR/MWh,DE,DE_LU,day_ahead_price,value,2026-08-27T09:55:05Z
2026-08-27T09:51:17Z,2026-08-27T11:51:17+0200,0130a799-f590-4e00-8cb7-476fbd850f58,2026-08-11T21:45:00Z,2026-08-11T23:45:00+0200,147.79,EUR/MWh,DE,DE_LU,day_ahead_price,value,2026-08-27T09:55:05Z
2026-08-27T09:51:17Z,2026-08-27T11:51:17+0200,0130a799-f590-4e00-8cb7-476fbd850f58,2026-08-11T22:00:00Z,2026-08-12T00:00:00+0200,163.11,EUR/MWh,DE,DE_LU,day_ahead_price,value,2026-08-27T09:55:05Z
2026-08-27T09:51:17Z,2026-08-27T11:51:17+0200,0130a799-f590-4e00-8cb7-476fbd850f58,2026-08-11T22:15:00Z,2026-08-12T00:15:00+0200,159.03,EUR/MWh,DE,DE_LU,day_ahead_price,value,2026-08-27T09:55:05Z
2026-08-27T09:51:17Z,2026-08-27T11:51:17+0200,0130a799-f590-4e00-8cb7-476fbd850f58,2026-08-11T22:30:00Z,2026-08-12T00:30:00+0200,153.99,EUR/MWh,DE,DE_LU,day_ahead_price,value,2026-08-27T09:55:05Z
2026-08-27T09:51:17Z,2026-08-27T11:51:17+0200,0130a799-f590-4e00-8cb7-476fbd850f58,2026-08-11T22:45:00Z,2026-08-12T00:45:00+0200,145.0,EUR/MWh,DE,DE_LU,day_ahead_price,value,2026-08-27T09:55:05Z
2026-08-27T09:51:17Z,2026-08-27T11:51:17+0200,0130a799-f590-4e00-8cb7-476fbd850f58,2026-08-11T23:00:00Z,2026-08-12T01:00:00+0200,154.42,EUR/MWh,DE,DE_LU,day_ahead_price,value,2026-08-27T09:55:05Z
2026-08-27T09:51:17Z,2026-08-27T11:51:17+0200,0130a799-f590-4e00-8cb7-476fbd850f58,2026-08-11T23:15:00Z,2026-08-12T01:15:00+0200,149.9,EUR/MWh,DE,DE_LU,day_ahead_price,value,2026-08-27T09:55:05Z
2026-08-27T09:51:17Z,2026-08-27T11:51:17+0200,0130a799-f590-4e00-8cb7-476fbd850f58,2026-08-11T23:30:00Z,2026-08-12T01:30:00+0200,147.87,EUR/MWh,DE,DE_LU,day_ahead_price,value,2026-08-27T09:55:05Z
2026-08-27T09:51:17Z,2026-08-27T11:51:17+0200,0130a799-f590-4e00-8cb7-476fbd850f58,2026-08-11T23:45:00Z,2026-08-12T01:45:00+0200,145.83,EUR/MWh,DE,DE_LU,day_ahead_price,value,2026-08-27T09:55:05Z
2026-08-27T09:51:17Z,2026-08-27T11:51:17+0200,0130a799-f590-4e00-8cb7-476fbd850f58,2026-08-12T00:00:00Z,2026-08-12T02:00:00+0200,145.09,EUR/MWh,DE,DE_LU,day_ahead_price,value,2026-08-27T09:55:05Z
2026-08-27T09:51:17Z,2026-08-27T11:51:17+0200,0130a799-f590-4e00-8cb7-476fbd850f58,2026-08-12T00:15:00Z,2026-08-12T02:15:00+0200,142.39,EUR/MWh,DE,DE_LU,day_ahead_price,value,2026-08-27T09:55:05Z
2026-08-27T09:51:17Z,2026-08-27T11:51:17+0200,0130a799-f590-4e00-8cb7-476fbd850f58,2026-08-12T00:30:00Z,2026-08-12T02:30:00+0200,142.86,EUR/MWh,DE,DE_LU,day_ahead_price,value,2026-08-27T09:55:05Z
2026-08-27T09:51:17Z,2026-08-27T11:51:17+0200,0130a799-f590-4e00-8cb7-476fbd850f58,2026-08-12T00:45:00Z,2026-08-12T02:45:00+0200,142.86,EUR/MWh,DE,DE_LU,day_ahead_price,value,2026-08-27T09:55:05Z
2026-08-27T09:51:17Z,2026-08-27T11:51:17+0200,0130a799-f590-4e00-8cb7-476fbd850f58,2026-08-12T01:00:00Z,2026-08-12T03:00:00+0200,139.14,EUR/MWh,DE,DE_LU,day_ahead_price,value,2026-08-27T09:55:05Z
2026-08-27T09:51:17Z,2026-08-27T11:51:17+0200,0130a799-f590-4e00-8cb7-476fbd850f58,2026-08-12T01:15:00Z,2026-08-12T03:15:00+0200,139.19,EUR/MWh,DE,DE_LU,day_ahead_price,value,2026-08-27T09:55:05Z
2026-08-27T09:51:17Z,2026-08-27T11:51:17+0200,0130a799-f590-4e00-8cb7-476fbd850f58,2026-08-12T01:30:00Z,2026-08-12T03:30:00+0200,139.99,EUR/MWh,DE,DE_LU,day_ahead_price,value,2026-08-27T09:55:05Z
2026-08-27T09:51:17Z,2026-08-27T11:51:17+0200,0130a799-f590-4e00-8cb7-476fbd850f58,2026-08-12T01:45:00Z,2026-08-12T03:45:00+0200,140.69,EUR/MWh,DE,DE_LU,day_ahead_price,value,2026-08-27T09:55:05Z
2026-08-27T09:51:17Z,2026-08-27T11:51:17+0200,0130a799-f590-4e00-8cb7-476fbd850f58,2026-08-12T02:00:00Z,2026-08-12T04:00:00+0200,137.05,EUR/MWh,DE,DE_LU,day_ahead_price,value,2026-08-27T09:55:05Z
2026-08-27T09:51:17Z,2026-08-27T11:51:17+0200,0130a799-f590-4e00-8cb7-476fbd850f58,2026-08-12T02:15:00Z,2026-08-12T04:15:00+0200,139.11,EUR/MWh,DE,DE_LU,day_ahead_price,value,2026-08-27T09:55:05Z
2026-08-27T09:51:17Z,2026-08-27T11:51:17+0200,0130a799-f590-4e00-8cb7-476fbd850f58,2026-08-12T02:30:00Z,2026-08-12T04:30:00+0200,139.15,EUR/MWh,DE,DE_LU,day_ahead_price,value,2026-08-27T09:55:05Z
2026-08-27T09:51:17Z,2026-08-27T11:51:17+0200,0130a799-f590-4e00-8cb7-476fbd850f58,2026-08-12T02:45:00Z,2026-08-12T04:45:00+0200,144.29,EUR/MWh,DE,DE_LU,day_ahead_price,value,2026-08-27T09:55:05Z
2026-08-27T09:51:17Z,2026-08-27T11:51:17+0200,0130a799-f590-4e00-8cb7-476fbd850f58,2026-08-12T03:00:00Z,2026-08-12T05:00:00+0200,144.62,EUR/MWh,DE,DE_LU,day_ahead_price,value,2026-08-27T09:55:05Z
2026-08-27T09:51:17Z,2026-08-27T11:51:17+0200,0130a799-f590-4e00-8cb7-476fbd850f58,2026-08-12T03:15:00Z,2026-08-12T05:15:00+0200,149.01,EUR/MWh,DE,DE_LU,day_ahead_price,value,2026-08-27T09:55:05Z
2026-08-27T09:51:17Z,2026-08-27T11:51:17+0200,0130a799-f590-4e00-8cb7-476fbd850f58,2026-08-12T03:30:00Z,2026-08-12T05:30:00+0200,158.36,EUR/MWh,DE,DE_LU,day_ahead_price,value,2026-08-27T09:55:05Z
2026-08-27T09:51:17Z,2026-08-27T11:51:17+0200,0130a799-f590-4e00-8cb7-476fbd850f58,2026-08-12T03:45:00Z,2026-08-12T05:45:00+0200,162.01,EUR/MWh,DE,DE_LU,day_ahead_price,value,2026-08-27T09:55:05Z
2026-08-27T09:51:17Z,2026-08-27T11:51:17+0200,0130a799-f590-4e00-8cb7-476fbd850f58,2026-08-12T04:00:00Z,2026-08-12T06:00:00+0200,171.5,EUR/MWh,DE,DE_LU,day_ahead_price,value,2026-08-27T09:55:05Z
2026-08-27T09:51:17Z,2026-08-27T11:51:17+0200,0130a799-f590-4e00-8cb7-476fbd850f58,2026-08-12T04:15:00Z,2026-08-12T06:15:00+0200,175.0,EUR/MWh,DE,DE_LU,day_ahead_price,value,2026-08-27T09:55:05Z
2026-08-27T09:51:17Z,2026-08-27T11:51:17+0200,0130a799-f590-4e00-8cb7-476fbd850f58,2026-08-12T04:30:00Z,2026-08-12T06:30:00+0200,172.64,EUR/MWh,DE,DE_LU,day_ahead_price,value,2026-08-27T09:55:05Z
2026-08-27T09:51:17Z,2026-08-27T11:51:17+0200,0130a799-f590-4e00-8cb7-476fbd850f58,2026-08-12T04:45:00Z,2026-08-12T06:45:00+0200,171.16,EUR/MWh,DE,DE_LU,day_ahead_price,value,2026-08-27T09:55:05Z
2026-08-27T09:51:17Z,2026-08-27T11:51:17+0200,0130a799-f590-4e00-8cb7-476fbd850f58,2026-08-12T05:00:00Z,2026-08-12T07:00:00+0200,181.5,EUR/MWh,DE,DE_LU,day_ahead_price,value,2026-08-27T09:55:05Z
2026-08-27T09:51:17Z,2026-08-27T11:51:17+0200,0130a799-f590-4e00-8cb7-476fbd850f58,2026-08-12T05:15:00Z,2026-08-12T07:15:00+0200,171.5,EUR/MWh,DE,DE_LU,day_ahead_price,value,2026-08-27T09:55:05Z
2026-08-27T09:51:17Z,2026-08-27T11:51:17+0200,0130a799-f590-4e00-8cb7-476fbd850f58,2026-08-12T05:30:00Z,2026-08-12T07:30:00+0200,165.85,EUR/MWh,DE,DE_LU,day_ahead_price,value,2026-08-27T09:55:05Z
2026-08-27T09:51:17Z,2026-08-27T11:51:17+0200,0130a799-f590-4e00-8cb7-476fbd850f58,2026-08-12T05:45:00Z,2026-08-12T07:45:00+0200,151.32,EUR/MWh,DE,DE_LU,day_ahead_price,value,2026-08-27T09:55:05Z
2026-08-27T09:51:17Z,2026-08-27T11:51:17+0200,0130a799-f590-4e00-8cb7-476fbd850f58,2026-08-12T06:00:00Z,2026-08-12T08:00:00+0200,175.49,EUR/MWh,DE,DE_LU,day_ahead_price,value,2026-08-27T09:55:05Z
2026-08-27T09:51:17Z,2026-08-27T11:51:17+0200,0130a799-f590-4e00-8cb7-476fbd850f58,2026-08-12T06:15:00Z,2026-08-12T08:15:00+0200,160.13,EUR/MWh,DE,DE_LU,day_ahead_price,value,2026-08-27T09:55:05Z
2026-08-27T09:51:17Z,2026-08-27T11:51:17+0200,0130a799-f590-4e00-8cb7-476fbd850f58,2026-08-12T06:30:00Z,2026-08-12T08:30:00+0200,146.22,EUR/MWh,DE,DE_LU,day_ahead_price,value,2026-08-27T09:55:05Z
2026-08-27T09:51:17Z,2026-08-27T11:51:17+0200,0130a799-f590-4e00-8cb7-476fbd850f58,2026-08-12T06:45:00Z,2026-08-12T08:45:00+0200,139.01,EUR/MWh,DE,DE_LU,day_ahead_price,value,2026-08-27T09:55:05Z
2026-08-27T09:51:17Z,2026-08-27T11:51:17+0200,0130a799-f590-4e00-8cb7-476fbd850f58,2026-08-12T07:00:00Z,2026-08-12T09:00:00+0200,162.2,EUR/MWh,DE,DE_LU,day_ahead_price,value,2026-08-27T09:55:05Z
2026-08-27T09:51:17Z,2026-08-27T11:51:17+0200,0130a799-f590-4e00-8cb7-476fbd850f58,2026-08-12T07:15:00Z,2026-08-12T09:15:00+0200,136.18,EUR/MWh,DE,DE_LU,day_ahead_price,value,2026-08-27T09:55:05Z
2026-08-27T09:51:17Z,2026-08-27T11:51:17+0200,0130a799-f590-4e00-8cb7-476fbd850f58,2026-08-12T07:30:00Z,2026-08-12T09:30:00+0200,116.45,EUR/MWh,DE,DE_LU,day_ahead_price,value,2026-08-27T09:55:05Z
2026-08-27T09:51:17Z,2026-08-27T11:51:17+0200,0130a799-f590-4e00-8cb7-476fbd850f58,2026-08-12T07:45:00Z,2026-08-12T09:45:00+0200,100.08,EUR/MWh,DE,DE_LU,day_ahead_price,value,2026-08-27T09:55:05Z
2026-08-27T09:51:17Z,2026-08-27T11:51:17+0200,0130a799-f590-4e00-8cb7-476fbd850f58,2026-08-12T08:00:00Z,2026-08-12T10:00:00+0200,118.22,EUR/MWh,DE,DE_LU,day_ahead_price,value,2026-08-27T09:55:05Z
2026-08-27T09:51:17Z,2026-08-27T11:51:17+0200,0130a799-f590-4e00-8cb7-476fbd850f58,2026-08-12T08:15:00Z,2026-08-12T10:15:00+0200,98.67,EUR/MWh,DE,DE_LU,day_ahead_price,value,2026-08-27T09:55:05Z
2026-08-27T09:51:17Z,2026-08-27T11:51:17+0200,0130a799-f590-4e00-8cb7-476fbd850f58,2026-08-12T08:30:00Z,2026-08-12T10:30:00+0200,81.58,EUR/MWh,DE,DE_LU,day_ahead_price,value,2026-08-27T09:55:05Z
2026-08-27T09:51:17Z,2026-08-27T11:51:17+0200,0130a799-f590-4e00-8cb7-476fbd850f58,2026-08-12T08:45:00Z,2026-08-12T10:45:00+0200,51.87,EUR/MWh,DE,DE_LU,day_ahead_price,value,2026-08-27T09:55:05Z
2026-08-27T09:51:17Z,2026-08-27T11:51:17+0200,0130a799-f590-4e00-8cb7-476fbd850f58,2026-08-12T09:00:00Z,2026-08-12T11:00:00+0200,64.13,EUR/MWh,DE,DE_LU,day_ahead_price,value,2026-08-27T09:55:05Z
2026-08-27T09:51:17Z,2026-08-27T11:51:17+0200,0130a799-f590-4e00-8cb7-476fbd850f58,2026-08-12T09:15:00Z,2026-08-12T11:15:00+0200,42.0,EUR/MWh,DE,DE_LU,day_ahead_price,value,2026-08-27T09:55:05Z
2026-08-27T09:51:17Z,2026-08-27T11:51:17+0200,0130a799-f590-4e00-8cb7-476fbd850f58,2026-08-12T09:30:00Z,2026-08-12T11:30:00+0200,36.2,EUR/MWh,DE,DE_LU,day_ahead_price,value,2026-08-27T09:55:05Z
2026-08-27T09:51:17Z,2026-08-27T11:51:17+0200,0130a799-f590-4e00-8cb7-476fbd850f58,2026-08-12T09:45:00Z,2026-08-12T11:45:00+0200,19.04,EUR/MWh,DE,DE_LU,day_ahead_price,value,2026-08-27T09:55:05Z
2026-08-27T09:51:17Z,2026-08-27T11:51:17+0200,0130a799-f590-4e00-8cb7-476fbd850f58,2026-08-12T10:00:00Z,2026-08-12T12:00:00+0200,26.26,EUR/MWh,DE,DE_LU,day_ahead_price,value,2026-08-27T09:55:05Z
2026-08-27T09:51:17Z,2026-08-27T11:51:17+0200,0130a799-f590-4e00-8cb7-476fbd850f58,2026-08-12T10:15:00Z,2026-08-12T12:15:00+0200,16.21,EUR/MWh,DE,DE_LU,day_ahead_price,value,2026-08-27T09:55:05Z
2026-08-27T09:51:17Z,2026-08-27T11:51:17+0200,0130a799-f590-4e00-8cb7-476fbd850f58,2026-08-12T10:30:00Z,2026-08-12T12:30:00+0200,10.03,EUR/MWh,DE,DE_LU,day_ahead_price,value,2026-08-27T09:55:05Z
2026-08-27T09:51:17Z,2026-08-27T11:51:17+0200,0130a799-f590-4e00-8cb7-476fbd850f58,2026-08-12T10:45:00Z,2026-08-12T12:45:00+0200,6.5,EUR/MWh,DE,DE_LU,day_ahead_price,value,2026-08-27T09:55:05Z
2026-08-27T09:51:17Z,2026-08-27T11:51:17+0200,0130a799-f590-4e00-8cb7-476fbd850f58,2026-08-12T11:00:00Z,2026-08-12T13:00:00+0200,9.26,EUR/MWh,DE,DE_LU,day_ahead_price,value,2026-08-27T09:55:05Z
2026-08-27T09:51:17Z,2026-08-27T11:51:17+0200,0130a799-f590-4e00-8cb7-476fbd850f58,2026-08-12T11:15:00Z,2026-08-12T13:15:00+0200,4.93,EUR/MWh,DE,DE_LU,day_ahead_price,value,2026-08-27T09:55:05Z
2026-08-27T09:51:17Z,2026-08-27T11:51:17+0200,0130a799-f590-4e00-8cb7-476fbd850f58,2026-08-12T11:30:00Z,2026-08-12T13:30:00+0200,0.01,EUR/MWh,DE,DE_LU,day_ahead_price,value,2026-08-27T09:55:05Z
2026-08-27T09:51:17Z,2026-08-27T11:51:17+0200,0130a799-f590-4e00-8cb7-476fbd850f58,2026-08-12T11:45:00Z,2026-08-12T13:45:00+0200,0.0,EUR/MWh,DE,DE_LU,day_ahead_price,value,2026-08-27T09:55:05Z
2026-08-27T09:51:17Z,2026-08-27T11:51:17+0200,0130a799-f590-4e00-8cb7-476fbd850f58,2026-08-12T12:00:00Z,2026-08-12T14:00:00+0200,12.0,EUR/MWh,DE,DE_LU,day_ahead_price,value,2026-08-27T09:55:05Z
2026-08-27T09:51:17Z,2026-08-27T11:51:17+0200,0130a799-f590-4e00-8cb7-476fbd850f58,2026-08-12T12:15:00Z,2026-08-12T14:15:00+0200,15.47,EUR/MWh,DE,DE_LU,day_ahead_price,value,2026-08-27T09:55:05Z
2026-08-27T09:51:17Z,2026-08-27T11:51:17+0200,0130a799-f590-4e00-8cb7-476fbd850f58,2026-08-12T12:30:00Z,2026-08-12T14:30:00+0200,15.48,EUR/MWh,DE,DE_LU,day_ahead_price,value,2026-08-27T09:55:05Z
2026-08-27T09:51:17Z,2026-08-27T11:51:17+0200,0130a799-f590-4e00-8cb7-476fbd850f58,2026-08-12T12:45:00Z,2026-08-12T14:45:00+0200,16.93,EUR/MWh,DE,DE_LU,day_ahead_price,value,2026-08-27T09:55:05Z
2026-08-27T09:51:17Z,2026-08-27T11:51:17+0200,0130a799-f590-4e00-8cb7-476fbd850f58,2026-08-12T13:00:00Z,2026-08-12T15:00:00+0200,17.05,EUR/MWh,DE,DE_LU,day_ahead_price,value,2026-08-27T09:55:05Z
2026-08-27T09:51:17Z,2026-08-27T11:51:17+0200,0130a799-f590-4e00-8cb7-476fbd850f58,2026-08-12T13:15:00Z,2026-08-12T15:15:00+0200,27.47,EUR/MWh,DE,DE_LU,day_ahead_price,value,2026-08-27T09:55:05Z
2026-08-27T09:51:17Z,2026-08-27T11:51:17+0200,0130a799-f590-4e00-8cb7-476fbd850f58,2026-08-12T13:30:00Z,2026-08-12T15:30:00+0200,44.35,EUR/MWh,DE,DE_LU,day_ahead_price,value,2026-08-27T09:55:05Z
2026-08-27T09:51:17Z,2026-08-27T11:51:17+0200,0130a799-f590-4e00-8cb7-476fbd850f58,2026-08-12T13:45:00Z,2026-08-12T15:45:00+0200,74.08,EUR/MWh,DE,DE_LU,day_ahead_price,value,2026-08-27T09:55:05Z
2026-08-27T09:51:17Z,2026-08-27T11:51:17+0200,0130a799-f590-4e00-8cb7-476fbd850f58,2026-08-12T14:00:00Z,2026-08-12T16:00:00+0200,67.43,EUR/MWh,DE,DE_LU,day_ahead_price,value,2026-08-27T09:55:05Z
2026-08-27T09:51:17Z,2026-08-27T11:51:17+0200,0130a799-f590-4e00-8cb7-476fbd850f58,2026-08-12T14:15:00Z,2026-08-12T16:15:00+0200,93.15,EUR/MWh,DE,DE_LU,day_ahead_price,value,2026-08-27T09:55:05Z
2026-08-27T09:51:17Z,2026-08-27T11:51:17+0200,0130a799-f590-4e00-8cb7-476fbd850f58,2026-08-12T14:30:00Z,2026-08-12T16:30:00+0200,110.71,EUR/MWh,DE,DE_LU,day_ahead_price,value,2026-08-27T09:55:05Z
2026-08-27T09:51:17Z,2026-08-27T11:51:17+0200,0130a799-f590-4e00-8cb7-476fbd850f58,2026-08-12T14:45:00Z,2026-08-12T16:45:00+0200,119.54,EUR/MWh,DE,DE_LU,day_ahead_price,value,2026-08-27T09:55:05Z
2026-08-27T09:51:17Z,2026-08-27T11:51:17+0200,0130a799-f590-4e00-8cb7-476fbd850f58,2026-08-12T15:00:00Z,2026-08-12T17:00:00+0200,110.2,EUR/MWh,DE,DE_LU,day_ahead_price,value,2026-08-27T09:55:05Z
2026-08-27T09:51:17Z,2026-08-27T11:51:17+0200,0130a799-f590-4e00-8cb7-476fbd850f58,2026-08-12T15:15:00Z,2026-08-12T17:15:00+0200,131.49,EUR/MWh,DE,DE_LU,day_ahead_price,value,2026-08-27T09:55:05Z
2026-08-27T09:51:17Z,2026-08-27T11:51:17+0200,0130a799-f590-4e00-8cb7-476fbd850f58,2026-08-12T15:30:00Z,2026-08-12T17:30:00+0200,147.14,EUR/MWh,DE,DE_LU,day_ahead_price,value,2026-08-27T09:55:05Z
2026-08-27T09:51:17Z,2026-08-27T11:51:17+0200,0130a799-f590-4e00-8cb7-476fbd850f58,2026-08-12T15:45:00Z,2026-08-12T17:45:00+0200,173.52,EUR/MWh,DE,DE_LU,day_ahead_price,value,2026-08-27T09:55:05Z
2026-08-27T09:51:17Z,2026-08-27T11:51:17+0200,0130a799-f590-4e00-8cb7-476fbd850f58,2026-08-12T16:00:00Z,2026-08-12T18:00:00+0200,155.8,EUR/MWh,DE,DE_LU,day_ahead_price,value,2026-08-27T09:55:05Z
2026-08-27T09:51:17Z,2026-08-27T11:51:17+0200,0130a799-f590-4e00-8cb7-476fbd850f58,2026-08-12T16:15:00Z,2026-08-12T18:15:00+0200,173.62,EUR/MWh,DE,DE_LU,day_ahead_price,value,2026-08-27T09:55:05Z
2026-08-27T09:51:17Z,2026-08-27T11:51:17+0200,0130a799-f590-4e00-8cb7-476fbd850f58,2026-08-12T16:30:00Z,2026-08-12T18:30:00+0200,185.4,EUR/MWh,DE,DE_LU,day_ahead_price,value,2026-08-27T09:55:05Z
2026-08-27T09:51:17Z,2026-08-27T11:51:17+0200,0130a799-f590-4e00-8cb7-476fbd850f58,2026-08-12T16:45:00Z,2026-08-12T18:45:00+0200,219.27,EUR/MWh,DE,DE_LU,day_ahead_price,value,2026-08-27T09:55:05Z
2026-08-27T09:51:17Z,2026-08-27T11:51:17+0200,0130a799-f590-4e00-8cb7-476fbd850f58,2026-08-12T17:00:00Z,2026-08-12T19:00:00+0200,210.0,EUR/MWh,DE,DE_LU,day_ahead_price,value,2026-08-27T09:55:05Z
2026-08-27T09:51:17Z,2026-08-27T11:51:17+0200,0130a799-f590-4e00-8cb7-476fbd850f58,2026-08-12T17:15:00Z,2026-08-12T19:15:00+0200,241.53,EUR/MWh,DE,DE_LU,day_ahead_price,value,2026-08-27T09:55:05Z
2026-08-27T09:51:17Z,2026-08-27T11:51:17+0200,0130a799-f590-4e00-8cb7-476fbd850f58,2026-08-12T17:30:00Z,2026-08-12T19:30:00+0200,287.3,EUR/MWh,DE,DE_LU,day_ahead_price,value,2026-08-27T09:55:05Z
2026-08-27T09:51:17Z,2026-08-27T11:51:17+0200,0130a799-f590-4e00-8cb7-476fbd850f58,2026-08-12T17:45:00Z,2026-08-12T19:45:00+0200,461.17,EUR/MWh,DE,DE_LU,day_ahead_price,value,2026-08-27T09:55:05Z
2026-08-27T09:51:17Z,2026-08-27T11:51:17+0200,0130a799-f590-4e00-8cb7-476fbd850f58,2026-08-12T18:00:00Z,2026-08-12T20:00:00+0200,402.5,EUR/MWh,DE,DE_LU,day_ahead_price,value,2026-08-27T09:55:05Z
2026-08-27T09:51:17Z,2026-08-27T11:51:17+0200,0130a799-f590-4e00-8cb7-476fbd850f58,2026-08-12T18:15:00Z,2026-08-12T20:15:00+0200,314.82,EUR/MWh,DE,DE_LU,day_ahead_price,value,2026-08-27T09:55:05Z
2026-08-27T09:51:17Z,2026-08-27T11:51:17+0200,0130a799-f590-4e00-8cb7-476fbd850f58,2026-08-12T18:30:00Z,2026-08-12T20:30:00+0200,251.34,EUR/MWh,DE,DE_LU,day_ahead_price,value,2026-08-27T09:55:05Z
2026-08-27T09:51:17Z,2026-08-27T11:51:17+0200,0130a799-f590-4e00-8cb7-476fbd850f58,2026-08-12T18:45:00Z,2026-08-12T20:45:00+0200,232.17,EUR/MWh,DE,DE_LU,day_ahead_price,value,2026-08-27T09:55:05Z
2026-08-27T09:51:17Z,2026-08-27T11:51:17+0200,0130a799-f590-4e00-8cb7-476fbd850f58,2026-08-12T19:00:00Z,2026-08-12T21:00:00+0200,253.0,EUR/MWh,DE,DE_LU,day_ahead_price,value,2026-08-27T09:55:05Z
2026-08-27T09:51:17Z,2026-08-27T11:51:17+0200,0130a799-f590-4e00-8cb7-476fbd850f58,2026-08-12T19:15:00Z,2026-08-12T21:15:00+0200,243.12,EUR/MWh,DE,DE_LU,day_ahead_price,value,2026-08-27T09:55:05Z
2026-08-27T09:51:17Z,2026-08-27T11:51:17+0200,0130a799-f590-4e00-8cb7-476fbd850f58,2026-08-12T19:30:00Z,2026-08-12T21:30:00+0200,223.39,EUR/MWh,DE,DE_LU,day_ahead_price,value,2026-08-27T09:55:05Z
2026-08-27T09:51:17Z,2026-08-27T11:51:17+0200,0130a799-f590-4e00-8cb7-476fbd850f58,2026-08-12T19:45:00Z,2026-08-12T21:45:00+0200,198.97,EUR/MWh,DE,DE_LU,day_ahead_price,value,2026-08-27T09:55:05Z
2026-08-27T09:51:17Z,2026-08-27T11:51:17+0200,0130a799-f590-4e00-8cb7-476fbd850f58,2026-08-12T20:00:00Z,2026-08-12T22:00:00+0200,205.64,EUR/MWh,DE,DE_LU,day_ahead_price,value,2026-08-27T09:55:05Z
2026-08-27T09:51:17Z,2026-08-27T11:51:17+0200,0130a799-f590-4e00-8cb7-476fbd850f58,2026-08-12T20:15:00Z,2026-08-12T22:15:00+0200,193.4,EUR/MWh,DE,DE_LU,day_ahead_price,value,2026-08-27T09:55:05Z
2026-08-27T09:51:17Z,2026-08-27T11:51:17+0200,0130a799-f590-4e00-8cb7-476fbd850f58,2026-08-12T20:30:00Z,2026-08-12T22:30:00+0200,188.49,EUR/MWh,DE,DE_LU,day_ahead_price,value,2026-08-27T09:55:05Z
2026-08-27T09:51:17Z,2026-08-27T11:51:17+0200,0130a799-f590-4e00-8cb7-476fbd850f58,2026-08-12T20:45:00Z,2026-08-12T22:45:00+0200,175.12,EUR/MWh,DE,DE_LU,day_ahead_price,value,2026-08-27T09:55:05Z
2026-08-27T09:51:17Z,2026-08-27T11:51:17+0200,0130a799-f590-4e00-8cb7-476fbd850f58,2026-08-12T21:00:00Z,2026-08-12T23:00:00+0200,180.29,EUR/MWh,DE,DE_LU,day_ahead_price,value,2026-08-27T09:55:05Z
2026-08-27T09:51:17Z,2026-08-27T11:51:17+0200,0130a799-f590-4e00-8cb7-476fbd850f58,2026-08-12T21:15:00Z,2026-08-12T23:15:00+0200,174.1,EUR/MWh,DE,DE_LU,day_ahead_price,value,2026-08-27T09:55:05Z
2026-08-27T09:51:17Z,2026-08-27T11:51:17+0200,0130a799-f590-4e00-8cb7-476fbd850f58,2026-08-12T21:30:00Z,2026-08-12T23:30:00+0200,173.91,EUR/MWh,DE,DE_LU,day_ahead_price,value,2026-08-27T09:55:05Z
2026-08-27T09:51:17Z,2026-08-27T11:51:17+0200,0130a799-f590-4e00-8cb7-476fbd850f58,2026-08-12T21:45:00Z,2026-08-12T23:45:00+0200,160.1,EUR/MWh,DE,DE_LU,day_ahead_price,value,2026-08-27T09:55:05Z
2026-08-27T09:51:17Z,2026-08-27T11:51:17+0200,0130a799-f590-4e00-8cb7-476fbd850f58,2026-08-12T22:00:00Z,2026-08-13T00:00:00+0200,164.47,EUR/MWh,DE,DE_LU,day_ahead_price,value,2026-08-27T09:55:05Z
2026-08-27T09:51:17Z,2026-08-27T11:51:17+0200,0130a799-f590-4e00-8cb7-476fbd850f58,2026-08-12T22:15:00Z,2026-08-13T00:15:00+0200,156.56,EUR/MWh,DE,DE_LU,day_ahead_price,value,2026-08-27T09:55:05Z
2026-08-27T09:51:17Z,2026-08-27T11:51:17+0200,0130a799-f590-4e00-8cb7-476fbd850f58,2026-08-12T22:30:00Z,2026-08-13T00:30:00+0200,152.26,EUR/MWh,DE,DE_LU,day_ahead_price,value,2026-08-27T09:55:05Z
2026-08-27T09:51:17Z,2026-08-27T11:51:17+0200,0130a799-f590-4e00-8cb7-476fbd850f58,2026-08-12T22:45:00Z,2026-08-13T00:45:00+0200,143.12,EUR/MWh,DE,DE_LU,day_ahead_price,value,2026-08-27T09:55:05Z
2026-08-27T09:51:17Z,2026-08-27T11:51:17+0200,0130a799-f590-4e00-8cb7-476fbd850f58,2026-08-12T23:00:00Z,2026-08-13T01:00:00+0200,153.0,EUR/MWh,DE,DE_LU,day_ahead_price,value,2026-08-27T09:55:05Z
2026-08-27T09:51:17Z,2026-08-27T11:51:17+0200,0130a799-f590-4e00-8cb7-476fbd850f58,2026-08-12T23:15:00Z,2026-08-13T01:15:00+0200,148.01,EUR/MWh,DE,DE_LU,day_ahead_price,value,2026-08-27T09:55:05Z
2026-08-27T09:51:17Z,2026-08-27T11:51:17+0200,0130a799-f590-4e00-8cb7-476fbd850f58,2026-08-12T23:30:00Z,2026-08-13T01:30:00+0200,147.29,EUR/MWh,DE,DE_LU,day_ahead_price,value,2026-08-27T09:55:05Z
2026-08-27T09:51:17Z,2026-08-27T11:51:17+0200,0130a799-f590-4e00-8cb7-476fbd850f58,2026-08-12T23:45:00Z,2026-08-13T01:45:00+0200,142.07,EUR/MWh,DE,DE_LU,day_ahead_price,value,2026-08-27T09:55:05Z
2026-08-27T09:51:17Z,2026-08-27T11:51:17+0200,0130a799-f590-4e00-8cb7-476fbd850f58,2026-08-13T00:00:00Z,2026-08-13T02:00:00+0200,143.58,EUR/MWh,DE,DE_LU,day_ahead_price,value,2026-08-27T09:55:05Z
2026-08-27T09:51:17Z,2026-08-27T11:51:17+0200,0130a799-f590-4e00-8cb7-476fbd850f58,2026-08-13T00:15:00Z,2026-08-13T02:15:00+0200,143.17,EUR/MWh,DE,DE_LU,day_ahead_price,value,2026-08-27T09:55:05Z
2026-08-27T09:51:17Z,2026-08-27T11:51:17+0200,0130a799-f590-4e00-8cb7-476fbd850f58,2026-08-13T00:30:00Z,2026-08-13T02:30:00+0200,144.38,EUR/MWh,DE,DE_LU,day_ahead_price,value,2026-08-27T09:55:05Z
2026-08-27T09:51:17Z,2026-08-27T11:51:17+0200,0130a799-f590-4e00-8cb7-476fbd850f58,2026-08-13T00:45:00Z,2026-08-13T02:45:00+0200,142.56,EUR/MWh,DE,DE_LU,day_ahead_price,value,2026-08-27T09:55:05Z
2026-08-27T09:51:17Z,2026-08-27T11:51:17+0200,0130a799-f590-4e00-8cb7-476fbd850f58,2026-08-13T01:00:00Z,2026-08-13T03:00:00+0200,140.87,EUR/MWh,DE,DE_LU,day_ahead_price,value,2026-08-27T09:55:05Z
2026-08-27T09:51:17Z,2026-08-27T11:51:17+0200,0130a799-f590-4e00-8cb7-476fbd850f58,2026-08-13T01:15:00Z,2026-08-13T03:15:00+0200,141.82,EUR/MWh,DE,DE_LU,day_ahead_price,value,2026-08-27T09:55:05Z
2026-08-27T09:51:17Z,2026-08-27T11:51:17+0200,0130a799-f590-4e00-8cb7-476fbd850f58,2026-08-13T01:30:00Z,2026-08-13T03:30:00+0200,143.76,EUR/MWh,DE,DE_LU,day_ahead_price,value,2026-08-27T09:55:05Z
2026-08-27T09:51:17Z,2026-08-27T11:51:17+0200,0130a799-f590-4e00-8cb7-476fbd850f58,2026-08-13T01:45:00Z,2026-08-13T03:45:00+0200,144.44,EUR/MWh,DE,DE_LU,day_ahead_price,value,2026-08-27T09:55:05Z
2026-08-27T09:51:17Z,2026-08-27T11:51:17+0200,0130a799-f590-4e00-8cb7-476fbd850f58,2026-08-13T02:00:00Z,2026-08-13T04:00:00+0200,140.99,EUR/MWh,DE,DE_LU,day_ahead_price,value,2026-08-27T09:55:05Z
2026-08-27T09:51:17Z,2026-08-27T11:51:17+0200,0130a799-f590-4e00-8cb7-476fbd850f58,2026-08-13T02:15:00Z,2026-08-13T04:15:00+0200,143.06,EUR/MWh,DE,DE_LU,day_ahead_price,value,2026-08-27T09:55:05Z
2026-08-27T09:51:17Z,2026-08-27T11:51:17+0200,0130a799-f590-4e00-8cb7-476fbd850f58,2026-08-13T02:30:00Z,2026-08-13T04:30:00+0200,146.55,EUR/MWh,DE,DE_LU,day_ahead_price,value,2026-08-27T09:55:05Z
2026-08-27T09:51:17Z,2026-08-27T11:51:17+0200,0130a799-f590-4e00-8cb7-476fbd850f58,2026-08-13T02:45:00Z,2026-08-13T04:45:00+0200,149.08,EUR/MWh,DE,DE_LU,day_ahead_price,value,2026-08-27T09:55:05Z
2026-08-27T09:51:17Z,2026-08-27T11:51:17+0200,0130a799-f590-4e00-8cb7-476fbd850f58,2026-08-13T03:00:00Z,2026-08-13T05:00:00+0200,149.15,EUR/MWh,DE,DE_LU,day_ahead_price,value,2026-08-27T09:55:05Z
2026-08-27T09:51:17Z,2026-08-27T11:51:17+0200,0130a799-f590-4e00-8cb7-476fbd850f58,2026-08-13T03:15:00Z,2026-08-13T05:15:00+0200,154.5,EUR/MWh,DE,DE_LU,day_ahead_price,value,2026-08-27T09:55:05Z
2026-08-27T09:51:17Z,2026-08-27T11:51:17+0200,0130a799-f590-4e00-8cb7-476fbd850f58,2026-08-13T03:30:00Z,2026-08-13T05:30:00+0200,159.68,EUR/MWh,DE,DE_LU,day_ahead_price,value,2026-08-27T09:55:05Z
2026-08-27T09:51:17Z,2026-08-27T11:51:17+0200,0130a799-f590-4e00-8cb7-476fbd850f58,2026-08-13T03:45:00Z,2026-08-13T05:45:00+0200,166.26,EUR/MWh,DE,DE_LU,day_ahead_price,value,2026-08-27T09:55:05Z
2026-08-27T09:51:17Z,2026-08-27T11:51:17+0200,0130a799-f590-4e00-8cb7-476fbd850f58,2026-08-13T04:00:00Z,2026-08-13T06:00:00+0200,170.61,EUR/MWh,DE,DE_LU,day_ahead_price,value,2026-08-27T09:55:05Z
2026-08-27T09:51:17Z,2026-08-27T11:51:17+0200,0130a799-f590-4e00-8cb7-476fbd850f58,2026-08-13T04:15:00Z,2026-08-13T06:15:00+0200,174.09,EUR/MWh,DE,DE_LU,day_ahead_price,value,2026-08-27T09:55:05Z
2026-08-27T09:51:17Z,2026-08-27T11:51:17+0200,0130a799-f590-4e00-8cb7-476fbd850f58,2026-08-13T04:30:00Z,2026-08-13T06:30:00+0200,177.24,EUR/MWh,DE,DE_LU,day_ahead_price,value,2026-08-27T09:55:05Z
2026-08-27T09:51:17Z,2026-08-27T11:51:17+0200,0130a799-f590-4e00-8cb7-476fbd850f58,2026-08-13T04:45:00Z,2026-08-13T06:45:00+0200,174.99,EUR/MWh,DE,DE_LU,day_ahead_price,value,2026-08-27T09:55:05Z
2026-08-27T09:51:17Z,2026-08-27T11:51:17+0200,0130a799-f590-4e00-8cb7-476fbd850f58,2026-08-13T05:00:00Z,2026-08-13T07:00:00+0200,182.47,EUR/MWh,DE,DE_LU,day_ahead_price,value,2026-08-27T09:55:05Z
2026-08-27T09:51:17Z,2026-08-27T11:51:17+0200,0130a799-f590-4e00-8cb7-476fbd850f58,2026-08-13T05:15:00Z,2026-08-13T07:15:00+0200,174.91,EUR/MWh,DE,DE_LU,day_ahead_price,value,2026-08-27T09:55:05Z
2026-08-27T09:51:17Z,2026-08-27T11:51:17+0200,0130a799-f590-4e00-8cb7-476fbd850f58,2026-08-13T05:30:00Z,2026-08-13T07:30:00+0200,169.99,EUR/MWh,DE,DE_LU,day_ahead_price,value,2026-08-27T09:55:05Z
2026-08-27T09:51:17Z,2026-08-27T11:51:17+0200,0130a799-f590-4e00-8cb7-476fbd850f58,2026-08-13T05:45:00Z,2026-08-13T07:45:00+0200,157.02,EUR/MWh,DE,DE_LU,day_ahead_price,value,2026-08-27T09:55:05Z
2026-08-27T09:51:17Z,2026-08-27T11:51:17+0200,0130a799-f590-4e00-8cb7-476fbd850f58,2026-08-13T06:00:00Z,2026-08-13T08:00:00+0200,172.99,EUR/MWh,DE,DE_LU,day_ahead_price,value,2026-08-27T09:55:05Z
2026-08-27T09:51:17Z,2026-08-27T11:51:17+0200,0130a799-f590-4e00-8cb7-476fbd850f58,2026-08-13T06:15:00Z,2026-08-13T08:15:00+0200,162.7,EUR/MWh,DE,DE_LU,day_ahead_price,value,2026-08-27T09:55:05Z
2026-08-27T09:51:17Z,2026-08-27T11:51:17+0200,0130a799-f590-4e00-8cb7-476fbd850f58,2026-08-13T06:30:00Z,2026-08-13T08:30:00+0200,153.31,EUR/MWh,DE,DE_LU,day_ahead_price,value,2026-08-27T09:55:05Z
2026-08-27T09:51:17Z,2026-08-27T11:51:17+0200,0130a799-f590-4e00-8cb7-476fbd850f58,2026-08-13T06:45:00Z,2026-08-13T08:45:00+0200,138.2,EUR/MWh,DE,DE_LU,day_ahead_price,value,2026-08-27T09:55:05Z
2026-08-27T09:51:17Z,2026-08-27T11:51:17+0200,0130a799-f590-4e00-8cb7-476fbd850f58,2026-08-13T07:00:00Z,2026-08-13T09:00:00+0200,158.82,EUR/MWh,DE,DE_LU,day_ahead_price,value,2026-08-27T09:55:05Z
2026-08-27T09:51:17Z,2026-08-27T11:51:17+0200,0130a799-f590-4e00-8cb7-476fbd850f58,2026-08-13T07:15:00Z,2026-08-13T09:15:00+0200,143.73,EUR/MWh,DE,DE_LU,day_ahead_price,value,2026-08-27T09:55:05Z
2026-08-27T09:51:17Z,2026-08-27T11:51:17+0200,0130a799-f590-4e00-8cb7-476fbd850f58,2026-08-13T07:30:00Z,2026-08-13T09:30:00+0200,124.51,EUR/MWh,DE,DE_LU,day_ahead_price,value,2026-08-27T09:55:05Z
2026-08-27T09:51:17Z,2026-08-27T11:51:17+0200,0130a799-f590-4e00-8cb7-476fbd850f58,2026-08-13T07:45:00Z,2026-08-13T09:45:00+0200,115.54,EUR/MWh,DE,DE_LU,day_ahead_price,value,2026-08-27T09:55:05Z
2026-08-27T09:51:17Z,2026-08-27T11:51:17+0200,0130a799-f590-4e00-8cb7-476fbd850f58,2026-08-13T08:00:00Z,2026-08-13T10:00:00+0200,134.95,EUR/MWh,DE,DE_LU,day_ahead_price,value,2026-08-27T09:55:05Z
2026-08-27T09:51:17Z,2026-08-27T11:51:17+0200,0130a799-f590-4e00-8cb7-476fbd850f58,2026-08-13T08:15:00Z,2026-08-13T10:15:00+0200,122.58,EUR/MWh,DE,DE_LU,day_ahead_price,value,2026-08-27T09:55:05Z
2026-08-27T09:51:17Z,2026-08-27T11:51:17+0200,0130a799-f590-4e00-8cb7-476fbd850f58,2026-08-13T08:30:00Z,2026-08-13T10:30:00+0200,101.19,EUR/MWh,DE,DE_LU,day_ahead_price,value,2026-08-27T09:55:05Z
2026-08-27T09:51:17Z,2026-08-27T11:51:17+0200,0130a799-f590-4e00-8cb7-476fbd850f58,2026-08-13T08:45:00Z,2026-08-13T10:45:00+0200,79.66,EUR/MWh,DE,DE_LU,day_ahead_price,value,2026-08-27T09:55:05Z
2026-08-27T09:51:17Z,2026-08-27T11:51:17+0200,0130a799-f590-4e00-8cb7-476fbd850f58,2026-08-13T09:00:00Z,2026-08-13T11:00:00+0200,99.52,EUR/MWh,DE,DE_LU,day_ahead_price,value,2026-08-27T09:55:05Z
2026-08-27T09:51:17Z,2026-08-27T11:51:17+0200,0130a799-f590-4e00-8cb7-476fbd850f58,2026-08-13T09:15:00Z,2026-08-13T11:15:00+0200,68.04,EUR/MWh,DE,DE_LU,day_ahead_price,value,2026-08-27T09:55:05Z
2026-08-27T09:51:17Z,2026-08-27T11:51:17+0200,0130a799-f590-4e00-8cb7-476fbd850f58,2026-08-13T09:30:00Z,2026-08-13T11:30:00+0200,39.29,EUR/MWh,DE,DE_LU,day_ahead_price,value,2026-08-27T09:55:05Z
2026-08-27T09:51:17Z,2026-08-27T11:51:17+0200,0130a799-f590-4e00-8cb7-476fbd850f58,2026-08-13T09:45:00Z,2026-08-13T11:45:00+0200,0.06,EUR/MWh,DE,DE_LU,day_ahead_price,value,2026-08-27T09:55:05Z
2026-08-27T09:51:17Z,2026-08-27T11:51:17+0200,0130a799-f590-4e00-8cb7-476fbd850f58,2026-08-13T10:00:00Z,2026-08-13T12:00:00+0200,10.06,EUR/MWh,DE,DE_LU,day_ahead_price,value,2026-08-27T09:55:05Z
2026-08-27T09:51:17Z,2026-08-27T11:51:17+0200,0130a799-f590-4e00-8cb7-476fbd850f58,2026-08-13T10:15:00Z,2026-08-13T12:15:00+0200,1.16,EUR/MWh,DE,DE_LU,day_ahead_price,value,2026-08-27T09:55:05Z
2026-08-27T09:51:17Z,2026-08-27T11:51:17+0200,0130a799-f590-4e00-8cb7-476fbd850f58,2026-08-13T10:30:00Z,2026-08-13T12:30:00+0200,0.0,EUR/MWh,DE,DE_LU,day_ahead_price,value,2026-08-27T09:55:05Z
2026-08-27T09:51:17Z,2026-08-27T11:51:17+0200,0130a799-f590-4e00-8cb7-476fbd850f58,2026-08-13T10:45:00Z,2026-08-13T12:45:00+0200,0.0,EUR/MWh,DE,DE_LU,day_ahead_price,value,2026-08-27T09:55:05Z
2026-08-27T09:51:17Z,2026-08-27T11:51:17+0200,0130a799-f590-4e00-8cb7-476fbd850f58,2026-08-13T11:00:00Z,2026-08-13T13:00:00+0200,0.0,EUR/MWh,DE,DE_LU,day_ahead_price,value,2026-08-27T09:55:05Z
2026-08-27T09:51:17Z,2026-08-27T11:51:17+0200,0130a799-f590-4e00-8cb7-476fbd850f58,2026-08-13T11:15:00Z,2026-08-13T13:15:00+0200,0.0,EUR/MWh,DE,DE_LU,day_ahead_price,value,2026-08-27T09:55:05Z
2026-08-27T09:51:17Z,2026-08-27T11:51:17+0200,0130a799-f590-4e00-8cb7-476fbd850f58,2026-08-13T11:30:00Z,2026-08-13T13:30:00+0200,0.0,EUR/MWh,DE,DE_LU,day_ahead_price,value,2026-08-27T09:55:05Z
2026-08-27T09:51:17Z,2026-08-27T11:51:17+0200,0130a799-f590-4e00-8cb7-476fbd850f58,2026-08-13T11:45:00Z,2026-08-13T13:45:00+0200,0.0,EUR/MWh,DE,DE_LU,day_ahead_price,value,2026-08-27T09:55:05Z
2026-08-27T09:51:17Z,2026-08-27T11:51:17+0200,0130a799-f590-4e00-8cb7-476fbd850f58,2026-08-13T12:00:00Z,2026-08-13T14:00:00+0200,-0.01,EUR/MWh,DE,DE_LU,day_ahead_price,value,2026-08-27T09:55:05Z
2026-08-27T09:51:17Z,2026-08-27T11:51:17+0200,0130a799-f590-4e00-8cb7-476fbd850f58,2026-08-13T12:15:00Z,2026-08-13T14:15:00+0200,0.0,EUR/MWh,DE,DE_LU,day_ahead_price,value,2026-08-27T09:55:05Z
2026-08-27T09:51:17Z,2026-08-27T11:51:17+0200,0130a799-f590-4e00-8cb7-476fbd850f58,2026-08-13T12:30:00Z,2026-08-13T14:30:00+0200,0.0,EUR/MWh,DE,DE_LU,day_ahead_price,value,2026-08-27T09:55:05Z
2026-08-27T09:51:17Z,2026-08-27T11:51:17+0200,0130a799-f590-4e00-8cb7-476fbd850f58,2026-08-13T12:45:00Z,2026-08-13T14:45:00+0200,10.09,EUR/MWh,DE,DE_LU,day_ahead_price,value,2026-08-27T09:55:05Z
2026-08-27T09:51:17Z,2026-08-27T11:51:17+0200,0130a799-f590-4e00-8cb7-476fbd850f58,2026-08-13T13:00:00Z,2026-08-13T15:00:00+0200,10.06,EUR/MWh,DE,DE_LU,day_ahead_price,value,2026-08-27T09:55:05Z
2026-08-27T09:51:17Z,2026-08-27T11:51:17+0200,0130a799-f590-4e00-8cb7-476fbd850f58,2026-08-13T13:15:00Z,2026-08-13T15:15:00+0200,35.47,EUR/MWh,DE,DE_LU,day_ahead_price,value,2026-08-27T09:55:05Z
2026-08-27T09:51:17Z,2026-08-27T11:51:17+0200,0130a799-f590-4e00-8cb7-476fbd850f58,2026-08-13T13:30:00Z,2026-08-13T15:30:00+0200,57.62,EUR/MWh,DE,DE_LU,day_ahead_price,value,2026-08-27T09:55:05Z
2026-08-27T09:51:17Z,2026-08-27T11:51:17+0200,0130a799-f590-4e00-8cb7-476fbd850f58,2026-08-13T13:45:00Z,2026-08-13T15:45:00+0200,74.61,EUR/MWh,DE,DE_LU,day_ahead_price,value,2026-08-27T09:55:05Z
2026-08-27T09:51:17Z,2026-08-27T11:51:17+0200,0130a799-f590-4e00-8cb7-476fbd850f58,2026-08-13T14:00:00Z,2026-08-13T16:00:00+0200,78.4,EUR/MWh,DE,DE_LU,day_ahead_price,value,2026-08-27T09:55:05Z
2026-08-27T09:51:17Z,2026-08-27T11:51:17+0200,0130a799-f590-4e00-8cb7-476fbd850f58,2026-08-13T14:15:00Z,2026-08-13T16:15:00+0200,112.09,EUR/MWh,DE,DE_LU,day_ahead_price,value,2026-08-27T09:55:05Z
2026-08-27T09:51:17Z,2026-08-27T11:51:17+0200,0130a799-f590-4e00-8cb7-476fbd850f58,2026-08-13T14:30:00Z,2026-08-13T16:30:00+0200,123.55,EUR/MWh,DE,DE_LU,day_ahead_price,value,2026-08-27T09:55:05Z
2026-08-27T09:51:17Z,2026-08-27T11:51:17+0200,0130a799-f590-4e00-8cb7-476fbd850f58,2026-08-13T14:45:00Z,2026-08-13T16:45:00+0200,131.87,EUR/MWh,DE,DE_LU,day_ahead_price,value,2026-08-27T09:55:05Z
2026-08-27T09:51:17Z,2026-08-27T11:51:17+0200,0130a799-f590-4e00-8cb7-476fbd850f58,2026-08-13T15:00:00Z,2026-08-13T17:00:00+0200,125.07,EUR/MWh,DE,DE_LU,day_ahead_price,value,2026-08-27T09:55:05Z
2026-08-27T09:51:17Z,2026-08-27T11:51:17+0200,0130a799-f590-4e00-8cb7-476fbd850f58,2026-08-13T15:15:00Z,2026-08-13T17:15:00+0200,135.9,EUR/MWh,DE,DE_LU,day_ahead_price,value,2026-08-27T09:55:05Z
2026-08-27T09:51:17Z,2026-08-27T11:51:17+0200,0130a799-f590-4e00-8cb7-476fbd850f58,2026-08-13T15:30:00Z,2026-08-13T17:30:00+0200,160.03,EUR/MWh,DE,DE_LU,day_ahead_price,value,2026-08-27T09:55:05Z
2026-08-27T09:51:17Z,2026-08-27T11:51:17+0200,0130a799-f590-4e00-8cb7-476fbd850f58,2026-08-13T15:45:00Z,2026-08-13T17:45:00+0200,179.03,EUR/MWh,DE,DE_LU,day_ahead_price,value,2026-08-27T09:55:05Z
2026-08-27T09:51:17Z,2026-08-27T11:51:17+0200,0130a799-f590-4e00-8cb7-476fbd850f58,2026-08-13T16:00:00Z,2026-08-13T18:00:00+0200,165.0,EUR/MWh,DE,DE_LU,day_ahead_price,value,2026-08-27T09:55:05Z
2026-08-27T09:51:17Z,2026-08-27T11:51:17+0200,0130a799-f590-4e00-8cb7-476fbd850f58,2026-08-13T16:15:00Z,2026-08-13T18:15:00+0200,188.0,EUR/MWh,DE,DE_LU,day_ahead_price,value,2026-08-27T09:55:05Z
2026-08-27T09:51:17Z,2026-08-27T11:51:17+0200,0130a799-f590-4e00-8cb7-476fbd850f58,2026-08-13T16:30:00Z,2026-08-13T18:30:00+0200,209.06,EUR/MWh,DE,DE_LU,day_ahead_price,value,2026-08-27T09:55:05Z
2026-08-27T09:51:17Z,2026-08-27T11:51:17+0200,0130a799-f590-4e00-8cb7-476fbd850f58,2026-08-13T16:45:00Z,2026-08-13T18:45:00+0200,253.93,EUR/MWh,DE,DE_LU,day_ahead_price,value,2026-08-27T09:55:05Z
2026-08-27T09:51:17Z,2026-08-27T11:51:17+0200,0130a799-f590-4e00-8cb7-476fbd850f58,2026-08-13T17:00:00Z,2026-08-13T19:00:00+0200,229.16,EUR/MWh,DE,DE_LU,day_ahead_price,value,2026-08-27T09:55:05Z
2026-08-27T09:51:17Z,2026-08-27T11:51:17+0200,0130a799-f590-4e00-8cb7-476fbd850f58,2026-08-13T17:15:00Z,2026-08-13T19:15:00+0200,262.69,EUR/MWh,DE,DE_LU,day_ahead_price,value,2026-08-27T09:55:05Z
2026-08-27T09:51:17Z,2026-08-27T11:51:17+0200,0130a799-f590-4e00-8cb7-476fbd850f58,2026-08-13T17:30:00Z,2026-08-13T19:30:00+0200,327.17,EUR/MWh,DE,DE_LU,day_ahead_price,value,2026-08-27T09:55:05Z
2026-08-27T09:51:17Z,2026-08-27T11:51:17+0200,0130a799-f590-4e00-8cb7-476fbd850f58,2026-08-13T17:45:00Z,2026-08-13T19:45:00+0200,487.38,EUR/MWh,DE,DE_LU,day_ahead_price,value,2026-08-27T09:55:05Z
2026-08-27T09:51:17Z,2026-08-27T11:51:17+0200,0130a799-f590-4e00-8cb7-476fbd850f58,2026-08-13T18:00:00Z,2026-08-13T20:00:00+0200,414.96,EUR/MWh,DE,DE_LU,day_ahead_price,value,2026-08-27T09:55:05Z
2026-08-27T09:51:17Z,2026-08-27T11:51:17+0200,0130a799-f590-4e00-8cb7-476fbd850f58,2026-08-13T18:15:00Z,2026-08-13T20:15:00+0200,371.94,EUR/MWh,DE,DE_LU,day_ahead_price,value,2026-08-27T09:55:05Z
2026-08-27T09:51:17Z,2026-08-27T11:51:17+0200,0130a799-f590-4e00-8cb7-476fbd850f58,2026-08-13T18:30:00Z,2026-08-13T20:30:00+0200,300.14,EUR/MWh,DE,DE_LU,day_ahead_price,value,2026-08-27T09:55:05Z
2026-08-27T09:51:17Z,2026-08-27T11:51:17+0200,0130a799-f590-4e00-8cb7-476fbd850f58,2026-08-13T18:45:00Z,2026-08-13T20:45:00+0200,268.41,EUR/MWh,DE,DE_LU,day_ahead_price,value,2026-08-27T09:55:05Z
2026-08-27T09:51:17Z,2026-08-27T11:51:17+0200,0130a799-f590-4e00-8cb7-476fbd850f58,2026-08-13T19:00:00Z,2026-08-13T21:00:00+0200,353.92,EUR/MWh,DE,DE_LU,day_ahead_price,value,2026-08-27T09:55:05Z
2026-08-27T09:51:17Z,2026-08-27T11:51:17+0200,0130a799-f590-4e00-8cb7-476fbd850f58,2026-08-13T19:15:00Z,2026-08-13T21:15:00+0200,268.97,EUR/MWh,DE,DE_LU,day_ahead_price,value,2026-08-27T09:55:05Z
2026-08-27T09:51:17Z,2026-08-27T11:51:17+0200,0130a799-f590-4e00-8cb7-476fbd850f58,2026-08-13T19:30:00Z,2026-08-13T21:30:00+0200,240.0,EUR/MWh,DE,DE_LU,day_ahead_price,value,2026-08-27T09:55:05Z
2026-08-27T09:51:17Z,2026-08-27T11:51:17+0200,0130a799-f590-4e00-8cb7-476fbd850f58,2026-08-13T19:45:00Z,2026-08-13T21:45:00+0200,217.15,EUR/MWh,DE,DE_LU,day_ahead_price,value,2026-08-27T09:55:05Z
2026-08-27T09:51:17Z,2026-08-27T11:51:17+0200,0130a799-f590-4e00-8cb7-476fbd850f58,2026-08-13T20:00:00Z,2026-08-13T22:00:00+0200,233.38,EUR/MWh,DE,DE_LU,day_ahead_price,value,2026-08-27T09:55:05Z
2026-08-27T09:51:17Z,2026-08-27T11:51:17+0200,0130a799-f590-4e00-8cb7-476fbd850f58,2026-08-13T20:15:00Z,2026-08-13T22:15:00+0200,215.51,EUR/MWh,DE,DE_LU,day_ahead_price,value,2026-08-27T09:55:05Z
2026-08-27T09:51:17Z,2026-08-27T11:51:17+0200,0130a799-f590-4e00-8cb7-476fbd850f58,2026-08-13T20:30:00Z,2026-08-13T22:30:00+0200,212.01,EUR/MWh,DE,DE_LU,day_ahead_price,value,2026-08-27T09:55:05Z
2026-08-27T09:51:17Z,2026-08-27T11:51:17+0200,0130a799-f590-4e00-8cb7-476fbd850f58,2026-08-13T20:45:00Z,2026-08-13T22:45:00+0200,193.03,EUR/MWh,DE,DE_LU,day_ahead_price,value,2026-08-27T09:55:05Z
2026-08-27T09:51:17Z,2026-08-27T11:51:17+0200,0130a799-f590-4e00-8cb7-476fbd850f58,2026-08-13T21:00:00Z,2026-08-13T23:00:00+0200,190.84,EUR/MWh,DE,DE_LU,day_ahead_price,value,2026-08-27T09:55:05Z
2026-08-27T09:51:17Z,2026-08-27T11:51:17+0200,0130a799-f590-4e00-8cb7-476fbd850f58,2026-08-13T21:15:00Z,2026-08-13T23:15:00+0200,179.71,EUR/MWh,DE,DE_LU,day_ahead_price,value,2026-08-27T09:55:05Z
2026-08-27T09:51:17Z,2026-08-27T11:51:17+0200,0130a799-f590-4e00-8cb7-476fbd850f58,2026-08-13T21:30:00Z,2026-08-13T23:30:00+0200,172.93,EUR/MWh,DE,DE_LU,day_ahead_price,value,2026-08-27T09:55:05Z
2026-08-27T09:51:17Z,2026-08-27T11:51:17+0200,0130a799-f590-4e00-8cb7-476fbd850f58,2026-08-13T21:45:00Z,2026-08-13T23:45:00+0200,161.21,EUR/MWh,DE,DE_LU,day_ahead_price,value,2026-08-27T09:55:05Z
2026-08-27T09:51:17Z,2026-08-27T11:51:17+0200,0130a799-f590-4e00-8cb7-476fbd850f58,2026-08-13T22:00:00Z,2026-08-14T00:00:00+0200,168.41,EUR/MWh,DE,DE_LU,day_ahead_price,value,2026-08-27T09:55:05Z
2026-08-27T09:51:17Z,2026-08-27T11:51:17+0200,0130a799-f590-4e00-8cb7-476fbd850f58,2026-08-13T22:15:00Z,2026-08-14T00:15:00+0200,159.2,EUR/MWh,DE,DE_LU,day_ahead_price,value,2026-08-27T09:55:05Z
2026-08-27T09:51:17Z,2026-08-27T11:51:17+0200,0130a799-f590-4e00-8cb7-476fbd850f58,2026-08-13T22:30:00Z,2026-08-14T00:30:00+0200,156.53,EUR/MWh,DE,DE_LU,day_ahead_price,value,2026-08-27T09:55:05Z
2026-08-27T09:51:17Z,2026-08-27T11:51:17+0200,0130a799-f590-4e00-8cb7-476fbd850f58,2026-08-13T22:45:00Z,2026-08-14T00:45:00+0200,151.33,EUR/MWh,DE,DE_LU,day_ahead_price,value,2026-08-27T09:55:05Z
2026-08-27T09:51:17Z,2026-08-27T11:51:17+0200,0130a799-f590-4e00-8cb7-476fbd850f58,2026-08-13T23:00:00Z,2026-08-14T01:00:00+0200,159.66,EUR/MWh,DE,DE_LU,day_ahead_price,value,2026-08-27T09:55:05Z
2026-08-27T09:51:17Z,2026-08-27T11:51:17+0200,0130a799-f590-4e00-8cb7-476fbd850f58,2026-08-13T23:15:00Z,2026-08-14T01:15:00+0200,152.81,EUR/MWh,DE,DE_LU,day_ahead_price,value,2026-08-27T09:55:05Z
2026-08-27T09:51:17Z,2026-08-27T11:51:17+0200,0130a799-f590-4e00-8cb7-476fbd850f58,2026-08-13T23:30:00Z,2026-08-14T01:30:00+0200,148.62,EUR/MWh,DE,DE_LU,day_ahead_price,value,2026-08-27T09:55:05Z
2026-08-27T09:51:17Z,2026-08-27T11:51:17+0200,0130a799-f590-4e00-8cb7-476fbd850f58,2026-08-13T23:45:00Z,2026-08-14T01:45:00+0200,146.35,EUR/MWh,DE,DE_LU,day_ahead_price,value,2026-08-27T09:55:05Z
2026-08-27T09:51:17Z,2026-08-27T11:51:17+0200,0130a799-f590-4e00-8cb7-476fbd850f58,2026-08-14T00:00:00Z,2026-08-14T02:00:00+0200,147.4,EUR/MWh,DE,DE_LU,day_ahead_price,value,2026-08-27T09:55:05Z
2026-08-27T09:51:17Z,2026-08-27T11:51:17+0200,0130a799-f590-4e00-8cb7-476fbd850f58,2026-08-14T00:15:00Z,2026-08-14T02:15:00+0200,146.34,EUR/MWh,DE,DE_LU,day_ahead_price,value,2026-08-27T09:55:05Z
2026-08-27T09:51:17Z,2026-08-27T11:51:17+0200,0130a799-f590-4e00-8cb7-476fbd850f58,2026-08-14T00:30:00Z,2026-08-14T02:30:00+0200,146.31,EUR/MWh,DE,DE_LU,day_ahead_price,value,2026-08-27T09:55:05Z
2026-08-27T09:51:17Z,2026-08-27T11:51:17+0200,0130a799-f590-4e00-8cb7-476fbd850f58,2026-08-14T00:45:00Z,2026-08-14T02:45:00+0200,142.87,EUR/MWh,DE,DE_LU,day_ahead_price,value,2026-08-27T09:55:05Z
2026-08-27T09:51:17Z,2026-08-27T11:51:17+0200,0130a799-f590-4e00-8cb7-476fbd850f58,2026-08-14T01:00:00Z,2026-08-14T03:00:00+0200,143.09,EUR/MWh,DE,DE_LU,day_ahead_price,value,2026-08-27T09:55:05Z
2026-08-27T09:51:17Z,2026-08-27T11:51:17+0200,0130a799-f590-4e00-8cb7-476fbd850f58,2026-08-14T01:15:00Z,2026-08-14T03:15:00+0200,141.62,EUR/MWh,DE,DE_LU,day_ahead_price,value,2026-08-27T09:55:05Z
2026-08-27T09:51:17Z,2026-08-27T11:51:17+0200,0130a799-f590-4e00-8cb7-476fbd850f58,2026-08-14T01:30:00Z,2026-08-14T03:30:00+0200,141.68,EUR/MWh,DE,DE_LU,day_ahead_price,value,2026-08-27T09:55:05Z
2026-08-27T09:51:17Z,2026-08-27T11:51:17+0200,0130a799-f590-4e00-8cb7-476fbd850f58,2026-08-14T01:45:00Z,2026-08-14T03:45:00+0200,141.81,EUR/MWh,DE,DE_LU,day_ahead_price,value,2026-08-27T09:55:05Z
2026-08-27T09:51:17Z,2026-08-27T11:51:17+0200,0130a799-f590-4e00-8cb7-476fbd850f58,2026-08-14T02:00:00Z,2026-08-14T04:00:00+0200,140.0,EUR/MWh,DE,DE_LU,day_ahead_price,value,2026-08-27T09:55:05Z
2026-08-27T09:51:17Z,2026-08-27T11:51:17+0200,0130a799-f590-4e00-8cb7-476fbd850f58,2026-08-14T02:15:00Z,2026-08-14T04:15:00+0200,142.55,EUR/MWh,DE,DE_LU,day_ahead_price,value,2026-08-27T09:55:05Z
2026-08-27T09:51:17Z,2026-08-27T11:51:17+0200,0130a799-f590-4e00-8cb7-476fbd850f58,2026-08-14T02:30:00Z,2026-08-14T04:30:00+0200,145.65,EUR/MWh,DE,DE_LU,day_ahead_price,value,2026-08-27T09:55:05Z
2026-08-27T09:51:17Z,2026-08-27T11:51:17+0200,0130a799-f590-4e00-8cb7-476fbd850f58,2026-08-14T02:45:00Z,2026-08-14T04:45:00+0200,147.43,EUR/MWh,DE,DE_LU,day_ahead_price,value,2026-08-27T09:55:05Z
2026-08-27T09:51:17Z,2026-08-27T11:51:17+0200,0130a799-f590-4e00-8cb7-476fbd850f58,2026-08-14T03:00:00Z,2026-08-14T05:00:00+0200,145.86,EUR/MWh,DE,DE_LU,day_ahead_price,value,2026-08-27T09:55:05Z
2026-08-27T09:51:17Z,2026-08-27T11:51:17+0200,0130a799-f590-4e00-8cb7-476fbd850f58,2026-08-14T03:15:00Z,2026-08-14T05:15:00+0200,152.23,EUR/MWh,DE,DE_LU,day_ahead_price,value,2026-08-27T09:55:05Z
2026-08-27T09:51:17Z,2026-08-27T11:51:17+0200,0130a799-f590-4e00-8cb7-476fbd850f58,2026-08-14T03:30:00Z,2026-08-14T05:30:00+0200,157.69,EUR/MWh,DE,DE_LU,day_ahead_price,value,2026-08-27T09:55:05Z
2026-08-27T09:51:17Z,2026-08-27T11:51:17+0200,0130a799-f590-4e00-8cb7-476fbd850f58,2026-08-14T03:45:00Z,2026-08-14T05:45:00+0200,163.01,EUR/MWh,DE,DE_LU,day_ahead_price,value,2026-08-27T09:55:05Z
2026-08-27T09:51:17Z,2026-08-27T11:51:17+0200,0130a799-f590-4e00-8cb7-476fbd850f58,2026-08-14T04:00:00Z,2026-08-14T06:00:00+0200,168.9,EUR/MWh,DE,DE_LU,day_ahead_price,value,2026-08-27T09:55:05Z
2026-08-27T09:51:17Z,2026-08-27T11:51:17+0200,0130a799-f590-4e00-8cb7-476fbd850f58,2026-08-14T04:15:00Z,2026-08-14T06:15:00+0200,172.48,EUR/MWh,DE,DE_LU,day_ahead_price,value,2026-08-27T09:55:05Z
2026-08-27T09:51:17Z,2026-08-27T11:51:17+0200,0130a799-f590-4e00-8cb7-476fbd850f58,2026-08-14T04:30:00Z,2026-08-14T06:30:00+0200,173.14,EUR/MWh,DE,DE_LU,day_ahead_price,value,2026-08-27T09:55:05Z
2026-08-27T09:51:17Z,2026-08-27T11:51:17+0200,0130a799-f590-4e00-8cb7-476fbd850f58,2026-08-14T04:45:00Z,2026-08-14T06:45:00+0200,173.32,EUR/MWh,DE,DE_LU,day_ahead_price,value,2026-08-27T09:55:05Z
2026-08-27T09:51:17Z,2026-08-27T11:51:17+0200,0130a799-f590-4e00-8cb7-476fbd850f58,2026-08-14T05:00:00Z,2026-08-14T07:00:00+0200,178.27,EUR/MWh,DE,DE_LU,day_ahead_price,value,2026-08-27T09:55:05Z
2026-08-27T09:51:17Z,2026-08-27T11:51:17+0200,0130a799-f590-4e00-8cb7-476fbd850f58,2026-08-14T05:15:00Z,2026-08-14T07:15:00+0200,175.01,EUR/MWh,DE,DE_LU,day_ahead_price,value,2026-08-27T09:55:05Z
2026-08-27T09:51:17Z,2026-08-27T11:51:17+0200,0130a799-f590-4e00-8cb7-476fbd850f58,2026-08-14T05:30:00Z,2026-08-14T07:30:00+0200,168.05,EUR/MWh,DE,DE_LU,day_ahead_price,value,2026-08-27T09:55:05Z
2026-08-27T09:51:17Z,2026-08-27T11:51:17+0200,0130a799-f590-4e00-8cb7-476fbd850f58,2026-08-14T05:45:00Z,2026-08-14T07:45:00+0200,159.0,EUR/MWh,DE,DE_LU,day_ahead_price,value,2026-08-27T09:55:05Z
2026-08-27T09:51:17Z,2026-08-27T11:51:17+0200,0130a799-f590-4e00-8cb7-476fbd850f58,2026-08-14T06:00:00Z,2026-08-14T08:00:00+0200,173.0,EUR/MWh,DE,DE_LU,day_ahead_price,value,2026-08-27T09:55:05Z
2026-08-27T09:51:17Z,2026-08-27T11:51:17+0200,0130a799-f590-4e00-8cb7-476fbd850f58,2026-08-14T06:15:00Z,2026-08-14T08:15:00+0200,161.61,EUR/MWh,DE,DE_LU,day_ahead_price,value,2026-08-27T09:55:05Z
2026-08-27T09:51:17Z,2026-08-27T11:51:17+0200,0130a799-f590-4e00-8cb7-476fbd850f58,2026-08-14T06:30:00Z,2026-08-14T08:30:00+0200,145.6,EUR/MWh,DE,DE_LU,day_ahead_price,value,2026-08-27T09:55:05Z
2026-08-27T09:51:17Z,2026-08-27T11:51:17+0200,0130a799-f590-4e00-8cb7-476fbd850f58,2026-08-14T06:45:00Z,2026-08-14T08:45:00+0200,127.13,EUR/MWh,DE,DE_LU,day_ahead_price,value,2026-08-27T09:55:05Z
2026-08-27T09:51:17Z,2026-08-27T11:51:17+0200,0130a799-f590-4e00-8cb7-476fbd850f58,2026-08-14T07:00:00Z,2026-08-14T09:00:00+0200,156.43,EUR/MWh,DE,DE_LU,day_ahead_price,value,2026-08-27T09:55:05Z
2026-08-27T09:51:17Z,2026-08-27T11:51:17+0200,0130a799-f590-4e00-8cb7-476fbd850f58,2026-08-14T07:15:00Z,2026-08-14T09:15:00+0200,138.08,EUR/MWh,DE,DE_LU,day_ahead_price,value,2026-08-27T09:55:05Z
2026-08-27T09:51:17Z,2026-08-27T11:51:17+0200,0130a799-f590-4e00-8cb7-476fbd850f58,2026-08-14T07:30:00Z,2026-08-14T09:30:00+0200,125.0,EUR/MWh,DE,DE_LU,day_ahead_price,value,2026-08-27T09:55:05Z
2026-08-27T09:51:17Z,2026-08-27T11:51:17+0200,0130a799-f590-4e00-8cb7-476fbd850f58,2026-08-14T07:45:00Z,2026-08-14T09:45:00+0200,121.29,EUR/MWh,DE,DE_LU,day_ahead_price,value,2026-08-27T09:55:05Z
2026-08-27T09:51:17Z,2026-08-27T11:51:17+0200,0130a799-f590-4e00-8cb7-476fbd850f58,2026-08-14T08:00:00Z,2026-08-14T10:00:00+0200,124.62,EUR/MWh,DE,DE_LU,day_ahead_price,value,2026-08-27T09:55:05Z
2026-08-27T09:51:17Z,2026-08-27T11:51:17+0200,0130a799-f590-4e00-8cb7-476fbd850f58,2026-08-14T08:15:00Z,2026-08-14T10:15:00+0200,112.1,EUR/MWh,DE,DE_LU,day_ahead_price,value,2026-08-27T09:55:05Z
2026-08-27T09:51:17Z,2026-08-27T11:51:17+0200,0130a799-f590-4e00-8cb7-476fbd850f58,2026-08-14T08:30:00Z,2026-08-14T10:30:00+0200,100.35,EUR/MWh,DE,DE_LU,day_ahead_price,value,2026-08-27T09:55:05Z
2026-08-27T09:51:17Z,2026-08-27T11:51:17+0200,0130a799-f590-4e00-8cb7-476fbd850f58,2026-08-14T08:45:00Z,2026-08-14T10:45:00+0200,80.78,EUR/MWh,DE,DE_LU,day_ahead_price,value,2026-08-27T09:55:05Z
2026-08-27T09:51:17Z,2026-08-27T11:51:17+0200,0130a799-f590-4e00-8cb7-476fbd850f58,2026-08-14T09:00:00Z,2026-08-14T11:00:00+0200,97.42,EUR/MWh,DE,DE_LU,day_ahead_price,value,2026-08-27T09:55:05Z
2026-08-27T09:51:17Z,2026-08-27T11:51:17+0200,0130a799-f590-4e00-8cb7-476fbd850f58,2026-08-14T09:15:00Z,2026-08-14T11:15:00+0200,70.02,EUR/MWh,DE,DE_LU,day_ahead_price,value,2026-08-27T09:55:05Z
2026-08-27T09:51:17Z,2026-08-27T11:51:17+0200,0130a799-f590-4e00-8cb7-476fbd850f58,2026-08-14T09:30:00Z,2026-08-14T11:30:00+0200,56.96,EUR/MWh,DE,DE_LU,day_ahead_price,value,2026-08-27T09:55:05Z
2026-08-27T09:51:17Z,2026-08-27T11:51:17+0200,0130a799-f590-4e00-8cb7-476fbd850f58,2026-08-14T09:45:00Z,2026-08-14T11:45:00+0200,30.06,EUR/MWh,DE,DE_LU,day_ahead_price,value,2026-08-27T09:55:05Z
2026-08-27T09:51:17Z,2026-08-27T11:51:17+0200,0130a799-f590-4e00-8cb7-476fbd850f58,2026-08-14T10:00:00Z,2026-08-14T12:00:00+0200,44.72,EUR/MWh,DE,DE_LU,day_ahead_price,value,2026-08-27T09:55:05Z
2026-08-27T09:51:17Z,2026-08-27T11:51:17+0200,0130a799-f590-4e00-8cb7-476fbd850f58,2026-08-14T10:15:00Z,2026-08-14T12:15:00+0200,26.99,EUR/MWh,DE,DE_LU,day_ahead_price,value,2026-08-27T09:55:05Z
2026-08-27T09:51:17Z,2026-08-27T11:51:17+0200,0130a799-f590-4e00-8cb7-476fbd850f58,2026-08-14T10:30:00Z,2026-08-14T12:30:00+0200,18.28,EUR/MWh,DE,DE_LU,day_ahead_price,value,2026-08-27T09:55:05Z
2026-08-27T09:51:17Z,2026-08-27T11:51:17+0200,0130a799-f590-4e00-8cb7-476fbd850f58,2026-08-14T10:45:00Z,2026-08-14T12:45:00+0200,10.01,EUR/MWh,DE,DE_LU,day_ahead_price,value,2026-08-27T09:55:05Z
2026-08-27T09:51:17Z,2026-08-27T11:51:17+0200,0130a799-f590-4e00-8cb7-476fbd850f58,2026-08-14T11:00:00Z,2026-08-14T13:00:00+0200,10.02,EUR/MWh,DE,DE_LU,day_ahead_price,value,2026-08-27T09:55:05Z
2026-08-27T09:51:17Z,2026-08-27T11:51:17+0200,0130a799-f590-4e00-8cb7-476fbd850f58,2026-08-14T11:15:00Z,2026-08-14T13:15:00+0200,11.06,EUR/MWh,DE,DE_LU,day_ahead_price,value,2026-08-27T09:55:05Z
2026-08-27T09:51:17Z,2026-08-27T11:51:17+0200,0130a799-f590-4e00-8cb7-476fbd850f58,2026-08-14T11:30:00Z,2026-08-14T13:30:00+0200,10.07,EUR/MWh,DE,DE_LU,day_ahead_price,value,2026-08-27T09:55:05Z
2026-08-27T09:51:17Z,2026-08-27T11:51:17+0200,0130a799-f590-4e00-8cb7-476fbd850f58,2026-08-14T11:45:00Z,2026-08-14T13:45:00+0200,0.86,EUR/MWh,DE,DE_LU,day_ahead_price,value,2026-08-27T09:55:05Z
2026-08-27T09:51:17Z,2026-08-27T11:51:17+0200,0130a799-f590-4e00-8cb7-476fbd850f58,2026-08-14T12:00:00Z,2026-08-14T14:00:00+0200,0.01,EUR/MWh,DE,DE_LU,day_ahead_price,value,2026-08-27T09:55:05Z
2026-08-27T09:51:17Z,2026-08-27T11:51:17+0200,0130a799-f590-4e00-8cb7-476fbd850f58,2026-08-14T12:15:00Z,2026-08-14T14:15:00+0200,7.41,EUR/MWh,DE,DE_LU,day_ahead_price,value,2026-08-27T09:55:05Z
2026-08-27T09:51:17Z,2026-08-27T11:51:17+0200,0130a799-f590-4e00-8cb7-476fbd850f58,2026-08-14T12:30:00Z,2026-08-14T14:30:00+0200,17.81,EUR/MWh,DE,DE_LU,day_ahead_price,value,2026-08-27T09:55:05Z
2026-08-27T09:51:17Z,2026-08-27T11:51:17+0200,0130a799-f590-4e00-8cb7-476fbd850f58,2026-08-14T12:45:00Z,2026-08-14T14:45:00+0200,43.99,EUR/MWh,DE,DE_LU,day_ahead_price,value,2026-08-27T09:55:05Z
2026-08-27T09:51:17Z,2026-08-27T11:51:17+0200,0130a799-f590-4e00-8cb7-476fbd850f58,2026-08-14T13:00:00Z,2026-08-14T15:00:00+0200,25.09,EUR/MWh,DE,DE_LU,day_ahead_price,value,2026-08-27T09:55:05Z
2026-08-27T09:51:17Z,2026-08-27T11:51:17+0200,0130a799-f590-4e00-8cb7-476fbd850f58,2026-08-14T13:15:00Z,2026-08-14T15:15:00+0200,56.56,EUR/MWh,DE,DE_LU,day_ahead_price,value,2026-08-27T09:55:05Z
2026-08-27T09:51:17Z,2026-08-27T11:51:17+0200,0130a799-f590-4e00-8cb7-476fbd850f58,2026-08-14T13:30:00Z,2026-08-14T15:30:00+0200,80.0,EUR/MWh,DE,DE_LU,day_ahead_price,value,2026-08-27T09:55:05Z
2026-08-27T09:51:17Z,2026-08-27T11:51:17+0200,0130a799-f590-4e00-8cb7-476fbd850f58,2026-08-14T13:45:00Z,2026-08-14T15:45:00+0200,101.51,EUR/MWh,DE,DE_LU,day_ahead_price,value,2026-08-27T09:55:05Z
2026-08-27T09:51:17Z,2026-08-27T11:51:17+0200,0130a799-f590-4e00-8cb7-476fbd850f58,2026-08-14T14:00:00Z,2026-08-14T16:00:00+0200,87.0,EUR/MWh,DE,DE_LU,day_ahead_price,value,2026-08-27T09:55:05Z
2026-08-27T09:51:17Z,2026-08-27T11:51:17+0200,0130a799-f590-4e00-8cb7-476fbd850f58,2026-08-14T14:15:00Z,2026-08-14T16:15:00+0200,108.58,EUR/MWh,DE,DE_LU,day_ahead_price,value,2026-08-27T09:55:05Z
2026-08-27T09:51:17Z,2026-08-27T11:51:17+0200,0130a799-f590-4e00-8cb7-476fbd850f58,2026-08-14T14:30:00Z,2026-08-14T16:30:00+0200,124.96,EUR/MWh,DE,DE_LU,day_ahead_price,value,2026-08-27T09:55:05Z
2026-08-27T09:51:17Z,2026-08-27T11:51:17+0200,0130a799-f590-4e00-8cb7-476fbd850f58,2026-08-14T14:45:00Z,2026-08-14T16:45:00+0200,144.74,EUR/MWh,DE,DE_LU,day_ahead_price,value,2026-08-27T09:55:05Z
2026-08-27T09:51:17Z,2026-08-27T11:51:17+0200,0130a799-f590-4e00-8cb7-476fbd850f58,2026-08-14T15:00:00Z,2026-08-14T17:00:00+0200,124.21,EUR/MWh,DE,DE_LU,day_ahead_price,value,2026-08-27T09:55:05Z
2026-08-27T09:51:17Z,2026-08-27T11:51:17+0200,0130a799-f590-4e00-8cb7-476fbd850f58,2026-08-14T15:15:00Z,2026-08-14T17:15:00+0200,136.78,EUR/MWh,DE,DE_LU,day_ahead_price,value,2026-08-27T09:55:05Z
2026-08-27T09:51:17Z,2026-08-27T11:51:17+0200,0130a799-f590-4e00-8cb7-476fbd850f58,2026-08-14T15:30:00Z,2026-08-14T17:30:00+0200,147.72,EUR/MWh,DE,DE_LU,day_ahead_price,value,2026-08-27T09:55:05Z
2026-08-27T09:51:17Z,2026-08-27T11:51:17+0200,0130a799-f590-4e00-8cb7-476fbd850f58,2026-08-14T15:45:00Z,2026-08-14T17:45:00+0200,165.91,EUR/MWh,DE,DE_LU,day_ahead_price,value,2026-08-27T09:55:05Z
2026-08-27T09:51:17Z,2026-08-27T11:51:17+0200,0130a799-f590-4e00-8cb7-476fbd850f58,2026-08-14T16:00:00Z,2026-08-14T18:00:00+0200,149.99,EUR/MWh,DE,DE_LU,day_ahead_price,value,2026-08-27T09:55:05Z
2026-08-27T09:51:17Z,2026-08-27T11:51:17+0200,0130a799-f590-4e00-8cb7-476fbd850f58,2026-08-14T16:15:00Z,2026-08-14T18:15:00+0200,172.96,EUR/MWh,DE,DE_LU,day_ahead_price,value,2026-08-27T09:55:05Z
2026-08-27T09:51:17Z,2026-08-27T11:51:17+0200,0130a799-f590-4e00-8cb7-476fbd850f58,2026-08-14T16:30:00Z,2026-08-14T18:30:00+0200,186.1,EUR/MWh,DE,DE_LU,day_ahead_price,value,2026-08-27T09:55:05Z
2026-08-27T09:51:17Z,2026-08-27T11:51:17+0200,0130a799-f590-4e00-8cb7-476fbd850f58,2026-08-14T16:45:00Z,2026-08-14T18:45:00+0200,210.91,EUR/MWh,DE,DE_LU,day_ahead_price,value,2026-08-27T09:55:05Z
2026-08-27T09:51:17Z,2026-08-27T11:51:17+0200,0130a799-f590-4e00-8cb7-476fbd850f58,2026-08-14T17:00:00Z,2026-08-14T19:00:00+0200,199.1,EUR/MWh,DE,DE_LU,day_ahead_price,value,2026-08-27T09:55:05Z
2026-08-27T09:51:17Z,2026-08-27T11:51:17+0200,0130a799-f590-4e00-8cb7-476fbd850f58,2026-08-14T17:15:00Z,2026-08-14T19:15:00+0200,225.19,EUR/MWh,DE,DE_LU,day_ahead_price,value,2026-08-27T09:55:05Z
2026-08-27T09:51:17Z,2026-08-27T11:51:17+0200,0130a799-f590-4e00-8cb7-476fbd850f58,2026-08-14T17:30:00Z,2026-08-14T19:30:00+0200,259.46,EUR/MWh,DE,DE_LU,day_ahead_price,value,2026-08-27T09:55:05Z
2026-08-27T09:51:17Z,2026-08-27T11:51:17+0200,0130a799-f590-4e00-8cb7-476fbd850f58,2026-08-14T17:45:00Z,2026-08-14T19:45:00+0200,303.49,EUR/MWh,DE,DE_LU,day_ahead_price,value,2026-08-27T09:55:05Z
2026-08-27T09:51:17Z,2026-08-27T11:51:17+0200,0130a799-f590-4e00-8cb7-476fbd850f58,2026-08-14T18:00:00Z,2026-08-14T20:00:00+0200,273.8,EUR/MWh,DE,DE_LU,day_ahead_price,value,2026-08-27T09:55:05Z
2026-08-27T09:51:17Z,2026-08-27T11:51:17+0200,0130a799-f590-4e00-8cb7-476fbd850f58,2026-08-14T18:15:00Z,2026-08-14T20:15:00+0200,271.98,EUR/MWh,DE,DE_LU,day_ahead_price,value,2026-08-27T09:55:05Z
2026-08-27T09:51:17Z,2026-08-27T11:51:17+0200,0130a799-f590-4e00-8cb7-476fbd850f58,2026-08-14T18:30:00Z,2026-08-14T20:30:00+0200,259.13,EUR/MWh,DE,DE_LU,day_ahead_price,value,2026-08-27T09:55:05Z
2026-08-27T09:51:17Z,2026-08-27T11:51:17+0200,0130a799-f590-4e00-8cb7-476fbd850f58,2026-08-14T18:45:00Z,2026-08-14T20:45:00+0200,249.99,EUR/MWh,DE,DE_LU,day_ahead_price,value,2026-08-27T09:55:05Z
2026-08-27T09:51:17Z,2026-08-27T11:51:17+0200,0130a799-f590-4e00-8cb7-476fbd850f58,2026-08-14T19:00:00Z,2026-08-14T21:00:00+0200,252.5,EUR/MWh,DE,DE_LU,day_ahead_price,value,2026-08-27T09:55:05Z
2026-08-27T09:51:17Z,2026-08-27T11:51:17+0200,0130a799-f590-4e00-8cb7-476fbd850f58,2026-08-14T19:15:00Z,2026-08-14T21:15:00+0200,234.83,EUR/MWh,DE,DE_LU,day_ahead_price,value,2026-08-27T09:55:05Z
2026-08-27T09:51:17Z,2026-08-27T11:51:17+0200,0130a799-f590-4e00-8cb7-476fbd850f58,2026-08-14T19:30:00Z,2026-08-14T21:30:00+0200,229.0,EUR/MWh,DE,DE_LU,day_ahead_price,value,2026-08-27T09:55:05Z
2026-08-27T09:51:17Z,2026-08-27T11:51:17+0200,0130a799-f590-4e00-8cb7-476fbd850f58,2026-08-14T19:45:00Z,2026-08-14T21:45:00+0200,209.95,EUR/MWh,DE,DE_LU,day_ahead_price,value,2026-08-27T09:55:05Z
2026-08-27T09:51:17Z,2026-08-27T11:51:17+0200,0130a799-f590-4e00-8cb7-476fbd850f58,2026-08-14T20:00:00Z,2026-08-14T22:00:00+0200,212.33,EUR/MWh,DE,DE_LU,day_ahead_price,value,2026-08-27T09:55:05Z
2026-08-27T09:51:17Z,2026-08-27T11:51:17+0200,0130a799-f590-4e00-8cb7-476fbd850f58,2026-08-14T20:15:00Z,2026-08-14T22:15:00+0200,198.29,EUR/MWh,DE,DE_LU,day_ahead_price,value,2026-08-27T09:55:05Z
2026-08-27T09:51:17Z,2026-08-27T11:51:17+0200,0130a799-f590-4e00-8cb7-476fbd850f58,2026-08-14T20:30:00Z,2026-08-14T22:30:00+0200,194.0,EUR/MWh,DE,DE_LU,day_ahead_price,value,2026-08-27T09:55:05Z
2026-08-27T09:51:17Z,2026-08-27T11:51:17+0200,0130a799-f590-4e00-8cb7-476fbd850f58,2026-08-14T20:45:00Z,2026-08-14T22:45:00+0200,187.38,EUR/MWh,DE,DE_LU,day_ahead_price,value,2026-08-27T09:55:05Z
2026-08-27T09:51:17Z,2026-08-27T11:51:17+0200,0130a799-f590-4e00-8cb7-476fbd850f58,2026-08-14T21:00:00Z,2026-08-14T23:00:00+0200,186.06,EUR/MWh,DE,DE_LU,day_ahead_price,value,2026-08-27T09:55:05Z
2026-08-27T09:51:17Z,2026-08-27T11:51:17+0200,0130a799-f590-4e00-8cb7-476fbd850f58,2026-08-14T21:15:00Z,2026-08-14T23:15:00+0200,182.02,EUR/MWh,DE,DE_LU,day_ahead_price,value,2026-08-27T09:55:05Z
2026-08-27T09:51:17Z,2026-08-27T11:51:17+0200,0130a799-f590-4e00-8cb7-476fbd850f58,2026-08-14T21:30:00Z,2026-08-14T23:30:00+0200,175.0,EUR/MWh,DE,DE_LU,day_ahead_price,value,2026-08-27T09:55:05Z
2026-08-27T09:51:17Z,2026-08-27T11:51:17+0200,0130a799-f590-4e00-8cb7-476fbd850f58,2026-08-14T21:45:00Z,2026-08-14T23:45:00+0200,166.99,EUR/MWh,DE,DE_LU,day_ahead_price,value,2026-08-27T09:55:05Z
2026-08-27T09:51:17Z,2026-08-27T11:51:17+0200,0130a799-f590-4e00-8cb7-476fbd850f58,2026-08-14T22:00:00Z,2026-08-15T00:00:00+0200,177.73,EUR/MWh,DE,DE_LU,day_ahead_price,value,2026-08-27T09:55:05Z
2026-08-27T09:51:17Z,2026-08-27T11:51:17+0200,0130a799-f590-4e00-8cb7-476fbd850f58,2026-08-14T22:15:00Z,2026-08-15T00:15:00+0200,170.01,EUR/MWh,DE,DE_LU,day_ahead_price,value,2026-08-27T09:55:05Z
2026-08-27T09:51:17Z,2026-08-27T11:51:17+0200,0130a799-f590-4e00-8cb7-476fbd850f58,2026-08-14T22:30:00Z,2026-08-15T00:30:00+0200,168.58,EUR/MWh,DE,DE_LU,day_ahead_price,value,2026-08-27T09:55:05Z
2026-08-27T09:51:17Z,2026-08-27T11:51:17+0200,0130a799-f590-4e00-8cb7-476fbd850f58,2026-08-14T22:45:00Z,2026-08-15T00:45:00+0200,161.47,EUR/MWh,DE,DE_LU,day_ahead_price,value,2026-08-27T09:55:05Z
2026-08-27T09:51:17Z,2026-08-27T11:51:17+0200,0130a799-f590-4e00-8cb7-476fbd850f58,2026-08-14T23:00:00Z,2026-08-15T01:00:00+0200,170.01,EUR/MWh,DE,DE_LU,day_ahead_price,value,2026-08-27T09:55:05Z
2026-08-27T09:51:17Z,2026-08-27T11:51:17+0200,0130a799-f590-4e00-8cb7-476fbd850f58,2026-08-14T23:15:00Z,2026-08-15T01:15:00+0200,161.32,EUR/MWh,DE,DE_LU,day_ahead_price,value,2026-08-27T09:55:05Z
2026-08-27T09:51:17Z,2026-08-27T11:51:17+0200,0130a799-f590-4e00-8cb7-476fbd850f58,2026-08-14T23:30:00Z,2026-08-15T01:30:00+0200,161.49,EUR/MWh,DE,DE_LU,day_ahead_price,value,2026-08-27T09:55:05Z
2026-08-27T09:51:17Z,2026-08-27T11:51:17+0200,0130a799-f590-4e00-8cb7-476fbd850f58,2026-08-14T23:45:00Z,2026-08-15T01:45:00+0200,156.77,EUR/MWh,DE,DE_LU,day_ahead_price,value,2026-08-27T09:55:05Z
2026-08-27T09:51:17Z,2026-08-27T11:51:17+0200,0130a799-f590-4e00-8cb7-476fbd850f58,2026-08-15T00:00:00Z,2026-08-15T02:00:00+0200,158.96,EUR/MWh,DE,DE_LU,day_ahead_price,value,2026-08-27T09:55:05Z
2026-08-27T09:51:17Z,2026-08-27T11:51:17+0200,0130a799-f590-4e00-8cb7-476fbd850f58,2026-08-15T00:15:00Z,2026-08-15T02:15:00+0200,157.64,EUR/MWh,DE,DE_LU,day_ahead_price,value,2026-08-27T09:55:05Z
2026-08-27T09:51:17Z,2026-08-27T11:51:17+0200,0130a799-f590-4e00-8cb7-476fbd850f58,2026-08-15T00:30:00Z,2026-08-15T02:30:00+0200,156.73,EUR/MWh,DE,DE_LU,day_ahead_price,value,2026-08-27T09:55:05Z
2026-08-27T09:51:17Z,2026-08-27T11:51:17+0200,0130a799-f590-4e00-8cb7-476fbd850f58,2026-08-15T00:45:00Z,2026-08-15T02:45:00+0200,154.28,EUR/MWh,DE,DE_LU,day_ahead_price,value,2026-08-27T09:55:05Z
2026-08-27T09:51:17Z,2026-08-27T11:51:17+0200,0130a799-f590-4e00-8cb7-476fbd850f58,2026-08-15T01:00:00Z,2026-08-15T03:00:00+0200,156.79,EUR/MWh,DE,DE_LU,day_ahead_price,value,2026-08-27T09:55:05Z
2026-08-27T09:51:17Z,2026-08-27T11:51:17+0200,0130a799-f590-4e00-8cb7-476fbd850f58,2026-08-15T01:15:00Z,2026-08-15T03:15:00+0200,157.63,EUR/MWh,DE,DE_LU,day_ahead_price,value,2026-08-27T09:55:05Z
2026-08-27T09:51:17Z,2026-08-27T11:51:17+0200,0130a799-f590-4e00-8cb7-476fbd850f58,2026-08-15T01:30:00Z,2026-08-15T03:30:00+0200,156.77,EUR/MWh,DE,DE_LU,day_ahead_price,value,2026-08-27T09:55:05Z
2026-08-27T09:51:17Z,2026-08-27T11:51:17+0200,0130a799-f590-4e00-8cb7-476fbd850f58,2026-08-15T01:45:00Z,2026-08-15T03:45:00+0200,156.56,EUR/MWh,DE,DE_LU,day_ahead_price,value,2026-08-27T09:55:05Z
2026-08-27T09:51:17Z,2026-08-27T11:51:17+0200,0130a799-f590-4e00-8cb7-476fbd850f58,2026-08-15T02:00:00Z,2026-08-15T04:00:00+0200,155.37,EUR/MWh,DE,DE_LU,day_ahead_price,value,2026-08-27T09:55:05Z
2026-08-27T09:51:17Z,2026-08-27T11:51:17+0200,0130a799-f590-4e00-8cb7-476fbd850f58,2026-08-15T02:15:00Z,2026-08-15T04:15:00+0200,154.18,EUR/MWh,DE,DE_LU,day_ahead_price,value,2026-08-27T09:55:05Z
2026-08-27T09:51:17Z,2026-08-27T11:51:17+0200,0130a799-f590-4e00-8cb7-476fbd850f58,2026-08-15T02:30:00Z,2026-08-15T04:30:00+0200,154.37,EUR/MWh,DE,DE_LU,day_ahead_price,value,2026-08-27T09:55:05Z
2026-08-27T09:51:17Z,2026-08-27T11:51:17+0200,0130a799-f590-4e00-8cb7-476fbd850f58,2026-08-15T02:45:00Z,2026-08-15T04:45:00+0200,154.14,EUR/MWh,DE,DE_LU,day_ahead_price,value,2026-08-27T09:55:05Z
2026-08-27T09:51:17Z,2026-08-27T11:51:17+0200,0130a799-f590-4e00-8cb7-476fbd850f58,2026-08-15T03:00:00Z,2026-08-15T05:00:00+0200,149.49,EUR/MWh,DE,DE_LU,day_ahead_price,value,2026-08-27T09:55:05Z
2026-08-27T09:51:17Z,2026-08-27T11:51:17+0200,0130a799-f590-4e00-8cb7-476fbd850f58,2026-08-15T03:15:00Z,2026-08-15T05:15:00+0200,150.4,EUR/MWh,DE,DE_LU,day_ahead_price,value,2026-08-27T09:55:05Z
2026-08-27T09:51:17Z,2026-08-27T11:51:17+0200,0130a799-f590-4e00-8cb7-476fbd850f58,2026-08-15T03:30:00Z,2026-08-15T05:30:00+0200,155.12,EUR/MWh,DE,DE_LU,day_ahead_price,value,2026-08-27T09:55:05Z
2026-08-27T09:51:17Z,2026-08-27T11:51:17+0200,0130a799-f590-4e00-8cb7-476fbd850f58,2026-08-15T03:45:00Z,2026-08-15T05:45:00+0200,160.36,EUR/MWh,DE,DE_LU,day_ahead_price,value,2026-08-27T09:55:05Z
2026-08-27T09:51:17Z,2026-08-27T11:51:17+0200,0130a799-f590-4e00-8cb7-476fbd850f58,2026-08-15T04:00:00Z,2026-08-15T06:00:00+0200,164.51,EUR/MWh,DE,DE_LU,day_ahead_price,value,2026-08-27T09:55:05Z
2026-08-27T09:51:17Z,2026-08-27T11:51:17+0200,0130a799-f590-4e00-8cb7-476fbd850f58,2026-08-15T04:15:00Z,2026-08-15T06:15:00+0200,162.85,EUR/MWh,DE,DE_LU,day_ahead_price,value,2026-08-27T09:55:05Z
2026-08-27T09:51:17Z,2026-08-27T11:51:17+0200,0130a799-f590-4e00-8cb7-476fbd850f58,2026-08-15T04:30:00Z,2026-08-15T06:30:00+0200,155.59,EUR/MWh,DE,DE_LU,day_ahead_price,value,2026-08-27T09:55:05Z
2026-08-27T09:51:17Z,2026-08-27T11:51:17+0200,0130a799-f590-4e00-8cb7-476fbd850f58,2026-08-15T04:45:00Z,2026-08-15T06:45:00+0200,144.98,EUR/MWh,DE,DE_LU,day_ahead_price,value,2026-08-27T09:55:05Z
2026-08-27T09:51:17Z,2026-08-27T11:51:17+0200,0130a799-f590-4e00-8cb7-476fbd850f58,2026-08-15T05:00:00Z,2026-08-15T07:00:00+0200,170.91,EUR/MWh,DE,DE_LU,day_ahead_price,value,2026-08-27T09:55:05Z
2026-08-27T09:51:17Z,2026-08-27T11:51:17+0200,0130a799-f590-4e00-8cb7-476fbd850f58,2026-08-15T05:15:00Z,2026-08-15T07:15:00+0200,161.14,EUR/MWh,DE,DE_LU,day_ahead_price,value,2026-08-27T09:55:05Z
2026-08-27T09:51:17Z,2026-08-27T11:51:17+0200,0130a799-f590-4e00-8cb7-476fbd850f58,2026-08-15T05:30:00Z,2026-08-15T07:30:00+0200,147.83,EUR/MWh,DE,DE_LU,day_ahead_price,value,2026-08-27T09:55:05Z
2026-08-27T09:51:17Z,2026-08-27T11:51:17+0200,0130a799-f590-4e00-8cb7-476fbd850f58,2026-08-15T05:45:00Z,2026-08-15T07:45:00+0200,127.86,EUR/MWh,DE,DE_LU,day_ahead_price,value,2026-08-27T09:55:05Z
2026-08-27T09:51:17Z,2026-08-27T11:51:17+0200,0130a799-f590-4e00-8cb7-476fbd850f58,2026-08-15T06:00:00Z,2026-08-15T08:00:00+0200,163.9,EUR/MWh,DE,DE_LU,day_ahead_price,value,2026-08-27T09:55:05Z
2026-08-27T09:51:17Z,2026-08-27T11:51:17+0200,0130a799-f590-4e00-8cb7-476fbd850f58,2026-08-15T06:15:00Z,2026-08-15T08:15:00+0200,150.75,EUR/MWh,DE,DE_LU,day_ahead_price,value,2026-08-27T09:55:05Z
2026-08-27T09:51:17Z,2026-08-27T11:51:17+0200,0130a799-f590-4e00-8cb7-476fbd850f58,2026-08-15T06:30:00Z,2026-08-15T08:30:00+0200,125.09,EUR/MWh,DE,DE_LU,day_ahead_price,value,2026-08-27T09:55:05Z
2026-08-27T09:51:17Z,2026-08-27T11:51:17+0200,0130a799-f590-4e00-8cb7-476fbd850f58,2026-08-15T06:45:00Z,2026-08-15T08:45:00+0200,109.39,EUR/MWh,DE,DE_LU,day_ahead_price,value,2026-08-27T09:55:05Z
2026-08-27T09:51:17Z,2026-08-27T11:51:17+0200,0130a799-f590-4e00-8cb7-476fbd850f58,2026-08-15T07:00:00Z,2026-08-15T09:00:00+0200,138.87,EUR/MWh,DE,DE_LU,day_ahead_price,value,2026-08-27T09:55:05Z
2026-08-27T09:51:17Z,2026-08-27T11:51:17+0200,0130a799-f590-4e00-8cb7-476fbd850f58,2026-08-15T07:15:00Z,2026-08-15T09:15:00+0200,112.64,EUR/MWh,DE,DE_LU,day_ahead_price,value,2026-08-27T09:55:05Z
2026-08-27T09:51:17Z,2026-08-27T11:51:17+0200,0130a799-f590-4e00-8cb7-476fbd850f58,2026-08-15T07:30:00Z,2026-08-15T09:30:00+0200,97.65,EUR/MWh,DE,DE_LU,day_ahead_price,value,2026-08-27T09:55:05Z
2026-08-27T09:51:17Z,2026-08-27T11:51:17+0200,0130a799-f590-4e00-8cb7-476fbd850f58,2026-08-15T07:45:00Z,2026-08-15T09:45:00+0200,89.54,EUR/MWh,DE,DE_LU,day_ahead_price,value,2026-08-27T09:55:05Z
2026-08-27T09:51:17Z,2026-08-27T11:51:17+0200,0130a799-f590-4e00-8cb7-476fbd850f58,2026-08-15T08:00:00Z,2026-08-15T10:00:00+0200,99.64,EUR/MWh,DE,DE_LU,day_ahead_price,value,2026-08-27T09:55:05Z
2026-08-27T09:51:17Z,2026-08-27T11:51:17+0200,0130a799-f590-4e00-8cb7-476fbd850f58,2026-08-15T08:15:00Z,2026-08-15T10:15:00+0200,69.72,EUR/MWh,DE,DE_LU,day_ahead_price,value,2026-08-27T09:55:05Z
2026-08-27T09:51:17Z,2026-08-27T11:51:17+0200,0130a799-f590-4e00-8cb7-476fbd850f58,2026-08-15T08:30:00Z,2026-08-15T10:30:00+0200,44.52,EUR/MWh,DE,DE_LU,day_ahead_price,value,2026-08-27T09:55:05Z
2026-08-27T09:51:17Z,2026-08-27T11:51:17+0200,0130a799-f590-4e00-8cb7-476fbd850f58,2026-08-15T08:45:00Z,2026-08-15T10:45:00+0200,30.1,EUR/MWh,DE,DE_LU,day_ahead_price,value,2026-08-27T09:55:05Z
2026-08-27T09:51:17Z,2026-08-27T11:51:17+0200,0130a799-f590-4e00-8cb7-476fbd850f58,2026-08-15T09:00:00Z,2026-08-15T11:00:00+0200,33.63,EUR/MWh,DE,DE_LU,day_ahead_price,value,2026-08-27T09:55:05Z
2026-08-27T09:51:17Z,2026-08-27T11:51:17+0200,0130a799-f590-4e00-8cb7-476fbd850f58,2026-08-15T09:15:00Z,2026-08-15T11:15:00+0200,25.75,EUR/MWh,DE,DE_LU,day_ahead_price,value,2026-08-27T09:55:05Z
2026-08-27T09:51:17Z,2026-08-27T11:51:17+0200,0130a799-f590-4e00-8cb7-476fbd850f58,2026-08-15T09:30:00Z,2026-08-15T11:30:00+0200,15.47,EUR/MWh,DE,DE_LU,day_ahead_price,value,2026-08-27T09:55:05Z
2026-08-27T09:51:17Z,2026-08-27T11:51:17+0200,0130a799-f590-4e00-8cb7-476fbd850f58,2026-08-15T09:45:00Z,2026-08-15T11:45:00+0200,10.01,EUR/MWh,DE,DE_LU,day_ahead_price,value,2026-08-27T09:55:05Z
2026-08-27T09:51:17Z,2026-08-27T11:51:17+0200,0130a799-f590-4e00-8cb7-476fbd850f58,2026-08-15T10:00:00Z,2026-08-15T12:00:00+0200,5.83,EUR/MWh,DE,DE_LU,day_ahead_price,value,2026-08-27T09:55:05Z
2026-08-27T09:51:17Z,2026-08-27T11:51:17+0200,0130a799-f590-4e00-8cb7-476fbd850f58,2026-08-15T10:15:00Z,2026-08-15T12:15:00+0200,4.37,EUR/MWh,DE,DE_LU,day_ahead_price,value,2026-08-27T09:55:05Z
2026-08-27T09:51:17Z,2026-08-27T11:51:17+0200,0130a799-f590-4e00-8cb7-476fbd850f58,2026-08-15T10:30:00Z,2026-08-15T12:30:00+0200,3.76,EUR/MWh,DE,DE_LU,day_ahead_price,value,2026-08-27T09:55:05Z
2026-08-27T09:51:17Z,2026-08-27T11:51:17+0200,0130a799-f590-4e00-8cb7-476fbd850f58,2026-08-15T10:45:00Z,2026-08-15T12:45:00+0200,3.51,EUR/MWh,DE,DE_LU,day_ahead_price,value,2026-08-27T09:55:05Z
2026-08-27T09:51:17Z,2026-08-27T11:51:17+0200,0130a799-f590-4e00-8cb7-476fbd850f58,2026-08-15T11:00:00Z,2026-08-15T13:00:00+0200,0.97,EUR/MWh,DE,DE_LU,day_ahead_price,value,2026-08-27T09:55:05Z
2026-08-27T09:51:17Z,2026-08-27T11:51:17+0200,0130a799-f590-4e00-8cb7-476fbd850f58,2026-08-15T11:15:00Z,2026-08-15T13:15:00+0200,0.58,EUR/MWh,DE,DE_LU,day_ahead_price,value,2026-08-27T09:55:05Z
2026-08-27T09:51:17Z,2026-08-27T11:51:17+0200,0130a799-f590-4e00-8cb7-476fbd850f58,2026-08-15T11:30:00Z,2026-08-15T13:30:00+0200,1.31,EUR/MWh,DE,DE_LU,day_ahead_price,value,2026-08-27T09:55:05Z
2026-08-27T09:51:17Z,2026-08-27T11:51:17+0200,0130a799-f590-4e00-8cb7-476fbd850f58,2026-08-15T11:45:00Z,2026-08-15T13:45:00+0200,1.17,EUR/MWh,DE,DE_LU,day_ahead_price,value,2026-08-27T09:55:05Z
2026-08-27T09:51:17Z,2026-08-27T11:51:17+0200,0130a799-f590-4e00-8cb7-476fbd850f58,2026-08-15T12:00:00Z,2026-08-15T14:00:00+0200,0.6,EUR/MWh,DE,DE_LU,day_ahead_price,value,2026-08-27T09:55:05Z
2026-08-27T09:51:17Z,2026-08-27T11:51:17+0200,0130a799-f590-4e00-8cb7-476fbd850f58,2026-08-15T12:15:00Z,2026-08-15T14:15:00+0200,3.7,EUR/MWh,DE,DE_LU,day_ahead_price,value,2026-08-27T09:55:05Z
2026-08-27T09:51:17Z,2026-08-27T11:51:17+0200,0130a799-f590-4e00-8cb7-476fbd850f58,2026-08-15T12:30:00Z,2026-08-15T14:30:00+0200,5.02,EUR/MWh,DE,DE_LU,day_ahead_price,value,2026-08-27T09:55:05Z
2026-08-27T09:51:17Z,2026-08-27T11:51:17+0200,0130a799-f590-4e00-8cb7-476fbd850f58,2026-08-15T12:45:00Z,2026-08-15T14:45:00+0200,7.96,EUR/MWh,DE,DE_LU,day_ahead_price,value,2026-08-27T09:55:05Z
2026-08-27T09:51:17Z,2026-08-27T11:51:17+0200,0130a799-f590-4e00-8cb7-476fbd850f58,2026-08-15T13:00:00Z,2026-08-15T15:00:00+0200,7.66,EUR/MWh,DE,DE_LU,day_ahead_price,value,2026-08-27T09:55:05Z
2026-08-27T09:51:17Z,2026-08-27T11:51:17+0200,0130a799-f590-4e00-8cb7-476fbd850f58,2026-08-15T13:15:00Z,2026-08-15T15:15:00+0200,9.97,EUR/MWh,DE,DE_LU,day_ahead_price,value,2026-08-27T09:55:05Z
2026-08-27T09:51:17Z,2026-08-27T11:51:17+0200,0130a799-f590-4e00-8cb7-476fbd850f58,2026-08-15T13:30:00Z,2026-08-15T15:30:00+0200,16.08,EUR/MWh,DE,DE_LU,day_ahead_price,value,2026-08-27T09:55:05Z
2026-08-27T09:51:17Z,2026-08-27T11:51:17+0200,0130a799-f590-4e00-8cb7-476fbd850f58,2026-08-15T13:45:00Z,2026-08-15T15:45:00+0200,26.68,EUR/MWh,DE,DE_LU,day_ahead_price,value,2026-08-27T09:55:05Z
2026-08-27T09:51:17Z,2026-08-27T11:51:17+0200,0130a799-f590-4e00-8cb7-476fbd850f58,2026-08-15T14:00:00Z,2026-08-15T16:00:00+0200,22.35,EUR/MWh,DE,DE_LU,day_ahead_price,value,2026-08-27T09:55:05Z
2026-08-27T09:51:17Z,2026-08-27T11:51:17+0200,0130a799-f590-4e00-8cb7-476fbd850f58,2026-08-15T14:15:00Z,2026-08-15T16:15:00+0200,40.78,EUR/MWh,DE,DE_LU,day_ahead_price,value,2026-08-27T09:55:05Z
2026-08-27T09:51:17Z,2026-08-27T11:51:17+0200,0130a799-f590-4e00-8cb7-476fbd850f58,2026-08-15T14:30:00Z,2026-08-15T16:30:00+0200,92.29,EUR/MWh,DE,DE_LU,day_ahead_price,value,2026-08-27T09:55:05Z
2026-08-27T09:51:17Z,2026-08-27T11:51:17+0200,0130a799-f590-4e00-8cb7-476fbd850f58,2026-08-15T14:45:00Z,2026-08-15T16:45:00+0200,118.93,EUR/MWh,DE,DE_LU,day_ahead_price,value,2026-08-27T09:55:05Z
2026-08-27T09:51:17Z,2026-08-27T11:51:17+0200,0130a799-f590-4e00-8cb7-476fbd850f58,2026-08-15T15:00:00Z,2026-08-15T17:00:00+0200,94.58,EUR/MWh,DE,DE_LU,day_ahead_price,value,2026-08-27T09:55:05Z
2026-08-27T09:51:17Z,2026-08-27T11:51:17+0200,0130a799-f590-4e00-8cb7-476fbd850f58,2026-08-15T15:15:00Z,2026-08-15T17:15:00+0200,113.44,EUR/MWh,DE,DE_LU,day_ahead_price,value,2026-08-27T09:55:05Z
2026-08-27T09:51:17Z,2026-08-27T11:51:17+0200,0130a799-f590-4e00-8cb7-476fbd850f58,2026-08-15T15:30:00Z,2026-08-15T17:30:00+0200,146.31,EUR/MWh,DE,DE_LU,day_ahead_price,value,2026-08-27T09:55:05Z
2026-08-27T09:51:17Z,2026-08-27T11:51:17+0200,0130a799-f590-4e00-8cb7-476fbd850f58,2026-08-15T15:45:00Z,2026-08-15T17:45:00+0200,167.52,EUR/MWh,DE,DE_LU,day_ahead_price,value,2026-08-27T09:55:05Z
2026-08-27T09:51:17Z,2026-08-27T11:51:17+0200,0130a799-f590-4e00-8cb7-476fbd850f58,2026-08-15T16:00:00Z,2026-08-15T18:00:00+0200,149.7,EUR/MWh,DE,DE_LU,day_ahead_price,value,2026-08-27T09:55:05Z
2026-08-27T09:51:17Z,2026-08-27T11:51:17+0200,0130a799-f590-4e00-8cb7-476fbd850f58,2026-08-15T16:15:00Z,2026-08-15T18:15:00+0200,160.17,EUR/MWh,DE,DE_LU,day_ahead_price,value,2026-08-27T09:55:05Z
2026-08-27T09:51:17Z,2026-08-27T11:51:17+0200,0130a799-f590-4e00-8cb7-476fbd850f58,2026-08-15T16:30:00Z,2026-08-15T18:30:00+0200,174.54,EUR/MWh,DE,DE_LU,day_ahead_price,value,2026-08-27T09:55:05Z
2026-08-27T09:51:17Z,2026-08-27T11:51:17+0200,0130a799-f590-4e00-8cb7-476fbd850f58,2026-08-15T16:45:00Z,2026-08-15T18:45:00+0200,173.64,EUR/MWh,DE,DE_LU,day_ahead_price,value,2026-08-27T09:55:05Z
2026-08-27T09:51:17Z,2026-08-27T11:51:17+0200,0130a799-f590-4e00-8cb7-476fbd850f58,2026-08-15T17:00:00Z,2026-08-15T19:00:00+0200,163.07,EUR/MWh,DE,DE_LU,day_ahead_price,value,2026-08-27T09:55:05Z
2026-08-27T09:51:17Z,2026-08-27T11:51:17+0200,0130a799-f590-4e00-8cb7-476fbd850f58,2026-08-15T17:15:00Z,2026-08-15T19:15:00+0200,172.0,EUR/MWh,DE,DE_LU,day_ahead_price,value,2026-08-27T09:55:05Z
2026-08-27T09:51:17Z,2026-08-27T11:51:17+0200,0130a799-f590-4e00-8cb7-476fbd850f58,2026-08-15T17:30:00Z,2026-08-15T19:30:00+0200,185.69,EUR/MWh,DE,DE_LU,day_ahead_price,value,2026-08-27T09:55:05Z
2026-08-27T09:51:17Z,2026-08-27T11:51:17+0200,0130a799-f590-4e00-8cb7-476fbd850f58,2026-08-15T17:45:00Z,2026-08-15T19:45:00+0200,199.1,EUR/MWh,DE,DE_LU,day_ahead_price,value,2026-08-27T09:55:05Z
2026-08-27T09:51:17Z,2026-08-27T11:51:17+0200,0130a799-f590-4e00-8cb7-476fbd850f58,2026-08-15T18:00:00Z,2026-08-15T20:00:00+0200,173.38,EUR/MWh,DE,DE_LU,day_ahead_price,value,2026-08-27T09:55:05Z
2026-08-27T09:51:17Z,2026-08-27T11:51:17+0200,0130a799-f590-4e00-8cb7-476fbd850f58,2026-08-15T18:15:00Z,2026-08-15T20:15:00+0200,182.92,EUR/MWh,DE,DE_LU,day_ahead_price,value,2026-08-27T09:55:05Z
2026-08-27T09:51:17Z,2026-08-27T11:51:17+0200,0130a799-f590-4e00-8cb7-476fbd850f58,2026-08-15T18:30:00Z,2026-08-15T20:30:00+0200,189.49,EUR/MWh,DE,DE_LU,day_ahead_price,value,2026-08-27T09:55:05Z
2026-08-27T09:51:17Z,2026-08-27T11:51:17+0200,0130a799-f590-4e00-8cb7-476fbd850f58,2026-08-15T18:45:00Z,2026-08-15T20:45:00+0200,194.17,EUR/MWh,DE,DE_LU,day_ahead_price,value,2026-08-27T09:55:05Z
2026-08-27T09:51:17Z,2026-08-27T11:51:17+0200,0130a799-f590-4e00-8cb7-476fbd850f58,2026-08-15T19:00:00Z,2026-08-15T21:00:00+0200,190.79,EUR/MWh,DE,DE_LU,day_ahead_price,value,2026-08-27T09:55:05Z
2026-08-27T09:51:17Z,2026-08-27T11:51:17+0200,0130a799-f590-4e00-8cb7-476fbd850f58,2026-08-15T19:15:00Z,2026-08-15T21:15:00+0200,186.25,EUR/MWh,DE,DE_LU,day_ahead_price,value,2026-08-27T09:55:05Z
2026-08-27T09:51:17Z,2026-08-27T11:51:17+0200,0130a799-f590-4e00-8cb7-476fbd850f58,2026-08-15T19:30:00Z,2026-08-15T21:30:00+0200,179.59,EUR/MWh,DE,DE_LU,day_ahead_price,value,2026-08-27T09:55:05Z
2026-08-27T09:51:17Z,2026-08-27T11:51:17+0200,0130a799-f590-4e00-8cb7-476fbd850f58,2026-08-15T19:45:00Z,2026-08-15T21:45:00+0200,176.74,EUR/MWh,DE,DE_LU,day_ahead_price,value,2026-08-27T09:55:05Z
2026-08-27T09:51:17Z,2026-08-27T11:51:17+0200,0130a799-f590-4e00-8cb7-476fbd850f58,2026-08-15T20:00:00Z,2026-08-15T22:00:00+0200,189.45,EUR/MWh,DE,DE_LU,day_ahead_price,value,2026-08-27T09:55:05Z
2026-08-27T09:51:17Z,2026-08-27T11:51:17+0200,0130a799-f590-4e00-8cb7-476fbd850f58,2026-08-15T20:15:00Z,2026-08-15T22:15:00+0200,179.87,EUR/MWh,DE,DE_LU,day_ahead_price,value,2026-08-27T09:55:05Z
2026-08-27T09:51:17Z,2026-08-27T11:51:17+0200,0130a799-f590-4e00-8cb7-476fbd850f58,2026-08-15T20:30:00Z,2026-08-15T22:30:00+0200,178.01,EUR/MWh,DE,DE_LU,day_ahead_price,value,2026-08-27T09:55:05Z
2026-08-27T09:51:17Z,2026-08-27T11:51:17+0200,0130a799-f590-4e00-8cb7-476fbd850f58,2026-08-15T20:45:00Z,2026-08-15T22:45:00+0200,171.04,EUR/MWh,DE,DE_LU,day_ahead_price,value,2026-08-27T09:55:05Z
2026-08-27T09:51:17Z,2026-08-27T11:51:17+0200,0130a799-f590-4e00-8cb7-476fbd850f58,2026-08-15T21:00:00Z,2026-08-15T23:00:00+0200,186.99,EUR/MWh,DE,DE_LU,day_ahead_price,value,2026-08-27T09:55:05Z
2026-08-27T09:51:17Z,2026-08-27T11:51:17+0200,0130a799-f590-4e00-8cb7-476fbd850f58,2026-08-15T21:15:00Z,2026-08-15T23:15:00+0200,170.41,EUR/MWh,DE,DE_LU,day_ahead_price,value,2026-08-27T09:55:05Z
2026-08-27T09:51:17Z,2026-08-27T11:51:17+0200,0130a799-f590-4e00-8cb7-476fbd850f58,2026-08-15T21:30:00Z,2026-08-15T23:30:00+0200,173.52,EUR/MWh,DE,DE_LU,day_ahead_price,value,2026-08-27T09:55:05Z
2026-08-27T09:51:17Z,2026-08-27T11:51:17+0200,0130a799-f590-4e00-8cb7-476fbd850f58,2026-08-15T21:45:00Z,2026-08-15T23:45:00+0200,165.04,EUR/MWh,DE,DE_LU,day_ahead_price,value,2026-08-27T09:55:05Z
2026-08-27T09:51:17Z,2026-08-27T11:51:17+0200,0130a799-f590-4e00-8cb7-476fbd850f58,2026-08-15T22:00:00Z,2026-08-16T00:00:00+0200,188.25,EUR/MWh,DE,DE_LU,day_ahead_price,value,2026-08-27T09:55:05Z
2026-08-27T09:51:17Z,2026-08-27T11:51:17+0200,0130a799-f590-4e00-8cb7-476fbd850f58,2026-08-15T22:15:00Z,2026-08-16T00:15:00+0200,175.26,EUR/MWh,DE,DE_LU,day_ahead_price,value,2026-08-27T09:55:05Z
2026-08-27T09:51:17Z,2026-08-27T11:51:17+0200,0130a799-f590-4e00-8cb7-476fbd850f58,2026-08-15T22:30:00Z,2026-08-16T00:30:00+0200,168.8,EUR/MWh,DE,DE_LU,day_ahead_price,value,2026-08-27T09:55:05Z
2026-08-27T09:51:17Z,2026-08-27T11:51:17+0200,0130a799-f590-4e00-8cb7-476fbd850f58,2026-08-15T22:45:00Z,2026-08-16T00:45:00+0200,164.94,EUR/MWh,DE,DE_LU,day_ahead_price,value,2026-08-27T09:55:05Z
2026-08-27T09:51:17Z,2026-08-27T11:51:17+0200,0130a799-f590-4e00-8cb7-476fbd850f58,2026-08-15T23:00:00Z,2026-08-16T01:00:00+0200,180.07,EUR/MWh,DE,DE_LU,day_ahead_price,value,2026-08-27T09:55:05Z
2026-08-27T09:51:17Z,2026-08-27T11:51:17+0200,0130a799-f590-4e00-8cb7-476fbd850f58,2026-08-15T23:15:00Z,2026-08-16T01:15:00+0200,172.2,EUR/MWh,DE,DE_LU,day_ahead_price,value,2026-08-27T09:55:05Z
2026-08-27T09:51:17Z,2026-08-27T11:51:17+0200,0130a799-f590-4e00-8cb7-476fbd850f58,2026-08-15T23:30:00Z,2026-08-16T01:30:00+0200,164.94,EUR/MWh,DE,DE_LU,day_ahead_price,value,2026-08-27T09:55:05Z
2026-08-27T09:51:17Z,2026-08-27T11:51:17+0200,0130a799-f590-4e00-8cb7-476fbd850f58,2026-08-15T23:45:00Z,2026-08-16T01:45:00+0200,157.14,EUR/MWh,DE,DE_LU,day_ahead_price,value,2026-08-27T09:55:05Z
2026-08-27T09:51:17Z,2026-08-27T11:51:17+0200,0130a799-f590-4e00-8cb7-476fbd850f58,2026-08-16T00:00:00Z,2026-08-16T02:00:00+0200,163.0,EUR/MWh,DE,DE_LU,day_ahead_price,value,2026-08-27T09:55:05Z
2026-08-27T09:51:17Z,2026-08-27T11:51:17+0200,0130a799-f590-4e00-8cb7-476fbd850f58,2026-08-16T00:15:00Z,2026-08-16T02:15:00+0200,172.43,EUR/MWh,DE,DE_LU,day_ahead_price,value,2026-08-27T09:55:05Z
2026-08-27T09:51:17Z,2026-08-27T11:51:17+0200,0130a799-f590-4e00-8cb7-476fbd850f58,2026-08-16T00:30:00Z,2026-08-16T02:30:00+0200,167.97,EUR/MWh,DE,DE_LU,day_ahead_price,value,2026-08-27T09:55:05Z
2026-08-27T09:51:17Z,2026-08-27T11:51:17+0200,0130a799-f590-4e00-8cb7-476fbd850f58,2026-08-16T00:45:00Z,2026-08-16T02:45:00+0200,157.92,EUR/MWh,DE,DE_LU,day_ahead_price,value,2026-08-27T09:55:05Z
2026-08-27T09:51:17Z,2026-08-27T11:51:17+0200,0130a799-f590-4e00-8cb7-476fbd850f58,2026-08-16T01:00:00Z,2026-08-16T03:00:00+0200,160.34,EUR/MWh,DE,DE_LU,day_ahead_price,value,2026-08-27T09:55:05Z
2026-08-27T09:51:17Z,2026-08-27T11:51:17+0200,0130a799-f590-4e00-8cb7-476fbd850f58,2026-08-16T01:15:00Z,2026-08-16T03:15:00+0200,157.45,EUR/MWh,DE,DE_LU,day_ahead_price,value,2026-08-27T09:55:05Z
2026-08-27T09:51:17Z,2026-08-27T11:51:17+0200,0130a799-f590-4e00-8cb7-476fbd850f58,2026-08-16T01:30:00Z,2026-08-16T03:30:00+0200,156.85,EUR/MWh,DE,DE_LU,day_ahead_price,value,2026-08-27T09:55:05Z
2026-08-27T09:51:17Z,2026-08-27T11:51:17+0200,0130a799-f590-4e00-8cb7-476fbd850f58,2026-08-16T01:45:00Z,2026-08-16T03:45:00+0200,155.5,EUR/MWh,DE,DE_LU,day_ahead_price,value,2026-08-27T09:55:05Z
2026-08-27T09:51:17Z,2026-08-27T11:51:17+0200,0130a799-f590-4e00-8cb7-476fbd850f58,2026-08-16T02:00:00Z,2026-08-16T04:00:00+0200,158.41,EUR/MWh,DE,DE_LU,day_ahead_price,value,2026-08-27T09:55:05Z
2026-08-27T09:51:17Z,2026-08-27T11:51:17+0200,0130a799-f590-4e00-8cb7-476fbd850f58,2026-08-16T02:15:00Z,2026-08-16T04:15:00+0200,155.77,EUR/MWh,DE,DE_LU,day_ahead_price,value,2026-08-27T09:55:05Z
2026-08-27T09:51:17Z,2026-08-27T11:51:17+0200,0130a799-f590-4e00-8cb7-476fbd850f58,2026-08-16T02:30:00Z,2026-08-16T04:30:00+0200,156.45,EUR/MWh,DE,DE_LU,day_ahead_price,value,2026-08-27T09:55:05Z
2026-08-27T09:51:17Z,2026-08-27T11:51:17+0200,0130a799-f590-4e00-8cb7-476fbd850f58,2026-08-16T02:45:00Z,2026-08-16T04:45:00+0200,156.97,EUR/MWh,DE,DE_LU,day_ahead_price,value,2026-08-27T09:55:05Z
2026-08-27T09:51:17Z,2026-08-27T11:51:17+0200,0130a799-f590-4e00-8cb7-476fbd850f58,2026-08-16T03:00:00Z,2026-08-16T05:00:00+0200,151.91,EUR/MWh,DE,DE_LU,day_ahead_price,value,2026-08-27T09:55:05Z
2026-08-27T09:51:17Z,2026-08-27T11:51:17+0200,0130a799-f590-4e00-8cb7-476fbd850f58,2026-08-16T03:15:00Z,2026-08-16T05:15:00+0200,154.76,EUR/MWh,DE,DE_LU,day_ahead_price,value,2026-08-27T09:55:05Z
2026-08-27T09:51:17Z,2026-08-27T11:51:17+0200,0130a799-f590-4e00-8cb7-476fbd850f58,2026-08-16T03:30:00Z,2026-08-16T05:30:00+0200,160.0,EUR/MWh,DE,DE_LU,day_ahead_price,value,2026-08-27T09:55:05Z
2026-08-27T09:51:17Z,2026-08-27T11:51:17+0200,0130a799-f590-4e00-8cb7-476fbd850f58,2026-08-16T03:45:00Z,2026-08-16T05:45:00+0200,161.11,EUR/MWh,DE,DE_LU,day_ahead_price,value,2026-08-27T09:55:05Z
2026-08-27T09:51:17Z,2026-08-27T11:51:17+0200,0130a799-f590-4e00-8cb7-476fbd850f58,2026-08-16T04:00:00Z,2026-08-16T06:00:00+0200,161.2,EUR/MWh,DE,DE_LU,day_ahead_price,value,2026-08-27T09:55:05Z
2026-08-27T09:51:17Z,2026-08-27T11:51:17+0200,0130a799-f590-4e00-8cb7-476fbd850f58,2026-08-16T04:15:00Z,2026-08-16T06:15:00+0200,160.0,EUR/MWh,DE,DE_LU,day_ahead_price,value,2026-08-27T09:55:05Z
2026-08-27T09:51:17Z,2026-08-27T11:51:17+0200,0130a799-f590-4e00-8cb7-476fbd850f58,2026-08-16T04:30:00Z,2026-08-16T06:30:00+0200,153.58,EUR/MWh,DE,DE_LU,day_ahead_price,value,2026-08-27T09:55:05Z
2026-08-27T09:51:17Z,2026-08-27T11:51:17+0200,0130a799-f590-4e00-8cb7-476fbd850f58,2026-08-16T04:45:00Z,2026-08-16T06:45:00+0200,151.62,EUR/MWh,DE,DE_LU,day_ahead_price,value,2026-08-27T09:55:05Z
2026-08-27T09:51:17Z,2026-08-27T11:51:17+0200,0130a799-f590-4e00-8cb7-476fbd850f58,2026-08-16T05:00:00Z,2026-08-16T07:00:00+0200,160.0,EUR/MWh,DE,DE_LU,day_ahead_price,value,2026-08-27T09:55:05Z
2026-08-27T09:51:17Z,2026-08-27T11:51:17+0200,0130a799-f590-4e00-8cb7-476fbd850f58,2026-08-16T05:15:00Z,2026-08-16T07:15:00+0200,154.6,EUR/MWh,DE,DE_LU,day_ahead_price,value,2026-08-27T09:55:05Z
2026-08-27T09:51:17Z,2026-08-27T11:51:17+0200,0130a799-f590-4e00-8cb7-476fbd850f58,2026-08-16T05:30:00Z,2026-08-16T07:30:00+0200,147.33,EUR/MWh,DE,DE_LU,day_ahead_price,value,2026-08-27T09:55:05Z
2026-08-27T09:51:17Z,2026-08-27T11:51:17+0200,0130a799-f590-4e00-8cb7-476fbd850f58,2026-08-16T05:45:00Z,2026-08-16T07:45:00+0200,139.55,EUR/MWh,DE,DE_LU,day_ahead_price,value,2026-08-27T09:55:05Z
2026-08-27T09:51:17Z,2026-08-27T11:51:17+0200,0130a799-f590-4e00-8cb7-476fbd850f58,2026-08-16T06:00:00Z,2026-08-16T08:00:00+0200,170.45,EUR/MWh,DE,DE_LU,day_ahead_price,value,2026-08-27T09:55:05Z
2026-08-27T09:51:17Z,2026-08-27T11:51:17+0200,0130a799-f590-4e00-8cb7-476fbd850f58,2026-08-16T06:15:00Z,2026-08-16T08:15:00+0200,154.5,EUR/MWh,DE,DE_LU,day_ahead_price,value,2026-08-27T09:55:05Z
2026-08-27T09:51:17Z,2026-08-27T11:51:17+0200,0130a799-f590-4e00-8cb7-476fbd850f58,2026-08-16T06:30:00Z,2026-08-16T08:30:00+0200,137.97,EUR/MWh,DE,DE_LU,day_ahead_price,value,2026-08-27T09:55:05Z
2026-08-27T09:51:17Z,2026-08-27T11:51:17+0200,0130a799-f590-4e00-8cb7-476fbd850f58,2026-08-16T06:45:00Z,2026-08-16T08:45:00+0200,120.41,EUR/MWh,DE,DE_LU,day_ahead_price,value,2026-08-27T09:55:05Z
2026-08-27T09:51:17Z,2026-08-27T11:51:17+0200,0130a799-f590-4e00-8cb7-476fbd850f58,2026-08-16T07:00:00Z,2026-08-16T09:00:00+0200,148.0,EUR/MWh,DE,DE_LU,day_ahead_price,value,2026-08-27T09:55:05Z
2026-08-27T09:51:17Z,2026-08-27T11:51:17+0200,0130a799-f590-4e00-8cb7-476fbd850f58,2026-08-16T07:15:00Z,2026-08-16T09:15:00+0200,126.04,EUR/MWh,DE,DE_LU,day_ahead_price,value,2026-08-27T09:55:05Z
2026-08-27T09:51:17Z,2026-08-27T11:51:17+0200,0130a799-f590-4e00-8cb7-476fbd850f58,2026-08-16T07:30:00Z,2026-08-16T09:30:00+0200,115.38,EUR/MWh,DE,DE_LU,day_ahead_price,value,2026-08-27T09:55:05Z
2026-08-27T09:51:17Z,2026-08-27T11:51:17+0200,0130a799-f590-4e00-8cb7-476fbd850f58,2026-08-16T07:45:00Z,2026-08-16T09:45:00+0200,108.04,EUR/MWh,DE,DE_LU,day_ahead_price,value,2026-08-27T09:55:05Z
2026-08-27T09:51:17Z,2026-08-27T11:51:17+0200,0130a799-f590-4e00-8cb7-476fbd850f58,2026-08-16T08:00:00Z,2026-08-16T10:00:00+0200,115.16,EUR/MWh,DE,DE_LU,day_ahead_price,value,2026-08-27T09:55:05Z
2026-08-27T09:51:17Z,2026-08-27T11:51:17+0200,0130a799-f590-4e00-8cb7-476fbd850f58,2026-08-16T08:15:00Z,2026-08-16T10:15:00+0200,107.57,EUR/MWh,DE,DE_LU,day_ahead_price,value,2026-08-27T09:55:05Z
2026-08-27T09:51:17Z,2026-08-27T11:51:17+0200,0130a799-f590-4e00-8cb7-476fbd850f58,2026-08-16T08:30:00Z,2026-08-16T10:30:00+0200,83.87,EUR/MWh,DE,DE_LU,day_ahead_price,value,2026-08-27T09:55:05Z
2026-08-27T09:51:17Z,2026-08-27T11:51:17+0200,0130a799-f590-4e00-8cb7-476fbd850f58,2026-08-16T08:45:00Z,2026-08-16T10:45:00+0200,81.0,EUR/MWh,DE,DE_LU,day_ahead_price,value,2026-08-27T09:55:05Z
2026-08-27T09:51:17Z,2026-08-27T11:51:17+0200,0130a799-f590-4e00-8cb7-476fbd850f58,2026-08-16T09:00:00Z,2026-08-16T11:00:00+0200,74.9,EUR/MWh,DE,DE_LU,day_ahead_price,value,2026-08-27T09:55:05Z
2026-08-27T09:51:17Z,2026-08-27T11:51:17+0200,0130a799-f590-4e00-8cb7-476fbd850f58,2026-08-16T09:15:00Z,2026-08-16T11:15:00+0200,58.79,EUR/MWh,DE,DE_LU,day_ahead_price,value,2026-08-27T09:55:05Z
2026-08-27T09:51:17Z,2026-08-27T11:51:17+0200,0130a799-f590-4e00-8cb7-476fbd850f58,2026-08-16T09:30:00Z,2026-08-16T11:30:00+0200,59.32,EUR/MWh,DE,DE_LU,day_ahead_price,value,2026-08-27T09:55:05Z
2026-08-27T09:51:17Z,2026-08-27T11:51:17+0200,0130a799-f590-4e00-8cb7-476fbd850f58,2026-08-16T09:45:00Z,2026-08-16T11:45:00+0200,51.91,EUR/MWh,DE,DE_LU,day_ahead_price,value,2026-08-27T09:55:05Z
2026-08-27T09:51:17Z,2026-08-27T11:51:17+0200,0130a799-f590-4e00-8cb7-476fbd850f58,2026-08-16T10:00:00Z,2026-08-16T12:00:00+0200,56.02,EUR/MWh,DE,DE_LU,day_ahead_price,value,2026-08-27T09:55:05Z
2026-08-27T09:51:17Z,2026-08-27T11:51:17+0200,0130a799-f590-4e00-8cb7-476fbd850f58,2026-08-16T10:15:00Z,2026-08-16T12:15:00+0200,55.22,EUR/MWh,DE,DE_LU,day_ahead_price,value,2026-08-27T09:55:05Z
2026-08-27T09:51:17Z,2026-08-27T11:51:17+0200,0130a799-f590-4e00-8cb7-476fbd850f58,2026-08-16T10:30:00Z,2026-08-16T12:30:00+0200,39.99,EUR/MWh,DE,DE_LU,day_ahead_price,value,2026-08-27T09:55:05Z
2026-08-27T09:51:17Z,2026-08-27T11:51:17+0200,0130a799-f590-4e00-8cb7-476fbd850f58,2026-08-16T10:45:00Z,2026-08-16T12:45:00+0200,22.89,EUR/MWh,DE,DE_LU,day_ahead_price,value,2026-08-27T09:55:05Z
2026-08-27T09:51:17Z,2026-08-27T11:51:17+0200,0130a799-f590-4e00-8cb7-476fbd850f58,2026-08-16T11:00:00Z,2026-08-16T13:00:00+0200,31.04,EUR/MWh,DE,DE_LU,day_ahead_price,value,2026-08-27T09:55:05Z
2026-08-27T09:51:17Z,2026-08-27T11:51:17+0200,0130a799-f590-4e00-8cb7-476fbd850f58,2026-08-16T11:15:00Z,2026-08-16T13:15:00+0200,23.05,EUR/MWh,DE,DE_LU,day_ahead_price,value,2026-08-27T09:55:05Z
2026-08-27T09:51:17Z,2026-08-27T11:51:17+0200,0130a799-f590-4e00-8cb7-476fbd850f58,2026-08-16T11:30:00Z,2026-08-16T13:30:00+0200,25.02,EUR/MWh,DE,DE_LU,day_ahead_price,value,2026-08-27T09:55:05Z
2026-08-27T09:51:17Z,2026-08-27T11:51:17+0200,0130a799-f590-4e00-8cb7-476fbd850f58,2026-08-16T11:45:00Z,2026-08-16T13:45:00+0200,30.24,EUR/MWh,DE,DE_LU,day_ahead_price,value,2026-08-27T09:55:05Z
2026-08-27T09:51:17Z,2026-08-27T11:51:17+0200,0130a799-f590-4e00-8cb7-476fbd850f58,2026-08-16T12:00:00Z,2026-08-16T14:00:00+0200,25.29,EUR/MWh,DE,DE_LU,day_ahead_price,value,2026-08-27T09:55:05Z
2026-08-27T09:51:17Z,2026-08-27T11:51:17+0200,0130a799-f590-4e00-8cb7-476fbd850f58,2026-08-16T12:15:00Z,2026-08-16T14:15:00+0200,29.99,EUR/MWh,DE,DE_LU,day_ahead_price,value,2026-08-27T09:55:05Z
2026-08-27T09:51:17Z,2026-08-27T11:51:17+0200,0130a799-f590-4e00-8cb7-476fbd850f58,2026-08-16T12:30:00Z,2026-08-16T14:30:00+0200,39.9,EUR/MWh,DE,DE_LU,day_ahead_price,value,2026-08-27T09:55:05Z
2026-08-27T09:51:17Z,2026-08-27T11:51:17+0200,0130a799-f590-4e00-8cb7-476fbd850f58,2026-08-16T12:45:00Z,2026-08-16T14:45:00+0200,51.05,EUR/MWh,DE,DE_LU,day_ahead_price,value,2026-08-27T09:55:05Z
2026-08-27T09:51:17Z,2026-08-27T11:51:17+0200,0130a799-f590-4e00-8cb7-476fbd850f58,2026-08-16T13:00:00Z,2026-08-16T15:00:00+0200,48.3,EUR/MWh,DE,DE_LU,day_ahead_price,value,2026-08-27T09:55:05Z
2026-08-27T09:51:17Z,2026-08-27T11:51:17+0200,0130a799-f590-4e00-8cb7-476fbd850f58,2026-08-16T13:15:00Z,2026-08-16T15:15:00+0200,63.63,EUR/MWh,DE,DE_LU,day_ahead_price,value,2026-08-27T09:55:05Z
2026-08-27T09:51:17Z,2026-08-27T11:51:17+0200,0130a799-f590-4e00-8cb7-476fbd850f58,2026-08-16T13:30:00Z,2026-08-16T15:30:00+0200,77.98,EUR/MWh,DE,DE_LU,day_ahead_price,value,2026-08-27T09:55:05Z
2026-08-27T09:51:17Z,2026-08-27T11:51:17+0200,0130a799-f590-4e00-8cb7-476fbd850f58,2026-08-16T13:45:00Z,2026-08-16T15:45:00+0200,80.9,EUR/MWh,DE,DE_LU,day_ahead_price,value,2026-08-27T09:55:05Z
2026-08-27T09:51:17Z,2026-08-27T11:51:17+0200,0130a799-f590-4e00-8cb7-476fbd850f58,2026-08-16T14:00:00Z,2026-08-16T16:00:00+0200,89.9,EUR/MWh,DE,DE_LU,day_ahead_price,value,2026-08-27T09:55:05Z
2026-08-27T09:51:17Z,2026-08-27T11:51:17+0200,0130a799-f590-4e00-8cb7-476fbd850f58,2026-08-16T14:15:00Z,2026-08-16T16:15:00+0200,110.4,EUR/MWh,DE,DE_LU,day_ahead_price,value,2026-08-27T09:55:05Z
2026-08-27T09:51:17Z,2026-08-27T11:51:17+0200,0130a799-f590-4e00-8cb7-476fbd850f58,2026-08-16T14:30:00Z,2026-08-16T16:30:00+0200,117.97,EUR/MWh,DE,DE_LU,day_ahead_price,value,2026-08-27T09:55:05Z
2026-08-27T09:51:17Z,2026-08-27T11:51:17+0200,0130a799-f590-4e00-8cb7-476fbd850f58,2026-08-16T14:45:00Z,2026-08-16T16:45:00+0200,146.27,EUR/MWh,DE,DE_LU,day_ahead_price,value,2026-08-27T09:55:05Z
2026-08-27T09:51:17Z,2026-08-27T11:51:17+0200,0130a799-f590-4e00-8cb7-476fbd850f58,2026-08-16T15:00:00Z,2026-08-16T17:00:00+0200,118.12,EUR/MWh,DE,DE_LU,day_ahead_price,value,2026-08-27T09:55:05Z
2026-08-27T09:51:17Z,2026-08-27T11:51:17+0200,0130a799-f590-4e00-8cb7-476fbd850f58,2026-08-16T15:15:00Z,2026-08-16T17:15:00+0200,133.05,EUR/MWh,DE,DE_LU,day_ahead_price,value,2026-08-27T09:55:05Z
2026-08-27T09:51:17Z,2026-08-27T11:51:17+0200,0130a799-f590-4e00-8cb7-476fbd850f58,2026-08-16T15:30:00Z,2026-08-16T17:30:00+0200,155.13,EUR/MWh,DE,DE_LU,day_ahead_price,value,2026-08-27T09:55:05Z
2026-08-27T09:51:17Z,2026-08-27T11:51:17+0200,0130a799-f590-4e00-8cb7-476fbd850f58,2026-08-16T15:45:00Z,2026-08-16T17:45:00+0200,175.0,EUR/MWh,DE,DE_LU,day_ahead_price,value,2026-08-27T09:55:05Z
2026-08-27T09:51:17Z,2026-08-27T11:51:17+0200,0130a799-f590-4e00-8cb7-476fbd850f58,2026-08-16T16:00:00Z,2026-08-16T18:00:00+0200,155.0,EUR/MWh,DE,DE_LU,day_ahead_price,value,2026-08-27T09:55:05Z
2026-08-27T09:51:17Z,2026-08-27T11:51:17+0200,0130a799-f590-4e00-8cb7-476fbd850f58,2026-08-16T16:15:00Z,2026-08-16T18:15:00+0200,161.42,EUR/MWh,DE,DE_LU,day_ahead_price,value,2026-08-27T09:55:05Z
2026-08-27T09:51:17Z,2026-08-27T11:51:17+0200,0130a799-f590-4e00-8cb7-476fbd850f58,2026-08-16T16:30:00Z,2026-08-16T18:30:00+0200,175.09,EUR/MWh,DE,DE_LU,day_ahead_price,value,2026-08-27T09:55:05Z
2026-08-27T09:51:17Z,2026-08-27T11:51:17+0200,0130a799-f590-4e00-8cb7-476fbd850f58,2026-08-16T16:45:00Z,2026-08-16T18:45:00+0200,186.24,EUR/MWh,DE,DE_LU,day_ahead_price,value,2026-08-27T09:55:05Z
2026-08-27T09:51:17Z,2026-08-27T11:51:17+0200,0130a799-f590-4e00-8cb7-476fbd850f58,2026-08-16T17:00:00Z,2026-08-16T19:00:00+0200,172.2,EUR/MWh,DE,DE_LU,day_ahead_price,value,2026-08-27T09:55:05Z
2026-08-27T09:51:17Z,2026-08-27T11:51:17+0200,0130a799-f590-4e00-8cb7-476fbd850f58,2026-08-16T17:15:00Z,2026-08-16T19:15:00+0200,181.6,EUR/MWh,DE,DE_LU,day_ahead_price,value,2026-08-27T09:55:05Z
2026-08-27T09:51:17Z,2026-08-27T11:51:17+0200,0130a799-f590-4e00-8cb7-476fbd850f58,2026-08-16T17:30:00Z,2026-08-16T19:30:00+0200,194.17,EUR/MWh,DE,DE_LU,day_ahead_price,value,2026-08-27T09:55:05Z
2026-08-27T09:51:17Z,2026-08-27T11:51:17+0200,0130a799-f590-4e00-8cb7-476fbd850f58,2026-08-16T17:45:00Z,2026-08-16T19:45:00+0200,203.91,EUR/MWh,DE,DE_LU,day_ahead_price,value,2026-08-27T09:55:05Z
2026-08-27T09:51:17Z,2026-08-27T11:51:17+0200,0130a799-f590-4e00-8cb7-476fbd850f58,2026-08-16T18:00:00Z,2026-08-16T20:00:00+0200,188.0,EUR/MWh,DE,DE_LU,day_ahead_price,value,2026-08-27T09:55:05Z
2026-08-27T09:51:17Z,2026-08-27T11:51:17+0200,0130a799-f590-4e00-8cb7-476fbd850f58,2026-08-16T18:15:00Z,2026-08-16T20:15:00+0200,197.99,EUR/MWh,DE,DE_LU,day_ahead_price,value,2026-08-27T09:55:05Z
2026-08-27T09:51:17Z,2026-08-27T11:51:17+0200,0130a799-f590-4e00-8cb7-476fbd850f58,2026-08-16T18:30:00Z,2026-08-16T20:30:00+0200,202.8,EUR/MWh,DE,DE_LU,day_ahead_price,value,2026-08-27T09:55:05Z
2026-08-27T09:51:17Z,2026-08-27T11:51:17+0200,0130a799-f590-4e00-8cb7-476fbd850f58,2026-08-16T18:45:00Z,2026-08-16T20:45:00+0200,211.28,EUR/MWh,DE,DE_LU,day_ahead_price,value,2026-08-27T09:55:05Z
2026-08-27T09:51:17Z,2026-08-27T11:51:17+0200,0130a799-f590-4e00-8cb7-476fbd850f58,2026-08-16T19:00:00Z,2026-08-16T21:00:00+0200,212.4,EUR/MWh,DE,DE_LU,day_ahead_price,value,2026-08-27T09:55:05Z
2026-08-27T09:51:17Z,2026-08-27T11:51:17+0200,0130a799-f590-4e00-8cb7-476fbd850f58,2026-08-16T19:15:00Z,2026-08-16T21:15:00+0200,208.21,EUR/MWh,DE,DE_LU,day_ahead_price,value,2026-08-27T09:55:05Z
2026-08-27T09:51:17Z,2026-08-27T11:51:17+0200,0130a799-f590-4e00-8cb7-476fbd850f58,2026-08-16T19:30:00Z,2026-08-16T21:30:00+0200,202.99,EUR/MWh,DE,DE_LU,day_ahead_price,value,2026-08-27T09:55:05Z
2026-08-27T09:51:17Z,2026-08-27T11:51:17+0200,0130a799-f590-4e00-8cb7-476fbd850f58,2026-08-16T19:45:00Z,2026-08-16T21:45:00+0200,199.1,EUR/MWh,DE,DE_LU,day_ahead_price,value,2026-08-27T09:55:05Z
2026-08-27T09:51:17Z,2026-08-27T11:51:17+0200,0130a799-f590-4e00-8cb7-476fbd850f58,2026-08-16T20:00:00Z,2026-08-16T22:00:00+0200,215.04,EUR/MWh,DE,DE_LU,day_ahead_price,value,2026-08-27T09:55:05Z
2026-08-27T09:51:17Z,2026-08-27T11:51:17+0200,0130a799-f590-4e00-8cb7-476fbd850f58,2026-08-16T20:15:00Z,2026-08-16T22:15:00+0200,210.95,EUR/MWh,DE,DE_LU,day_ahead_price,value,2026-08-27T09:55:05Z
2026-08-27T09:51:17Z,2026-08-27T11:51:17+0200,0130a799-f590-4e00-8cb7-476fbd850f58,2026-08-16T20:30:00Z,2026-08-16T22:30:00+0200,202.8,EUR/MWh,DE,DE_LU,day_ahead_price,value,2026-08-27T09:55:05Z
2026-08-27T09:51:17Z,2026-08-27T11:51:17+0200,0130a799-f590-4e00-8cb7-476fbd850f58,2026-08-16T20:45:00Z,2026-08-16T22:45:00+0200,197.35,EUR/MWh,DE,DE_LU,day_ahead_price,value,2026-08-27T09:55:05Z
2026-08-27T09:51:17Z,2026-08-27T11:51:17+0200,0130a799-f590-4e00-8cb7-476fbd850f58,2026-08-16T21:00:00Z,2026-08-16T23:00:00+0200,203.55,EUR/MWh,DE,DE_LU,day_ahead_price,value,2026-08-27T09:55:05Z
2026-08-27T09:51:17Z,2026-08-27T11:51:17+0200,0130a799-f590-4e00-8cb7-476fbd850f58,2026-08-16T21:15:00Z,2026-08-16T23:15:00+0200,194.0,EUR/MWh,DE,DE_LU,day_ahead_price,value,2026-08-27T09:55:05Z
2026-08-27T09:51:17Z,2026-08-27T11:51:17+0200,0130a799-f590-4e00-8cb7-476fbd850f58,2026-08-16T21:30:00Z,2026-08-16T23:30:00+0200,188.27,EUR/MWh,DE,DE_LU,day_ahead_price,value,2026-08-27T09:55:05Z
2026-08-27T09:51:17Z,2026-08-27T11:51:17+0200,0130a799-f590-4e00-8cb7-476fbd850f58,2026-08-16T21:45:00Z,2026-08-16T23:45:00+0200,184.77,EUR/MWh,DE,DE_LU,day_ahead_price,value,2026-08-27T09:55:05Z
2026-08-27T09:51:17Z,2026-08-27T11:51:17+0200,0130a799-f590-4e00-8cb7-476fbd850f58,2026-08-16T22:00:00Z,2026-08-17T00:00:00+0200,205.0,EUR/MWh,DE,DE_LU,day_ahead_price,value,2026-08-27T09:55:05Z
2026-08-27T09:51:17Z,2026-08-27T11:51:17+0200,0130a799-f590-4e00-8cb7-476fbd850f58,2026-08-16T22:15:00Z,2026-08-17T00:15:00+0200,196.0,EUR/MWh,DE,DE_LU,day_ahead_price,value,2026-08-27T09:55:05Z
2026-08-27T09:51:17Z,2026-08-27T11:51:17+0200,0130a799-f590-4e00-8cb7-476fbd850f58,2026-08-16T22:30:00Z,2026-08-17T00:30:00+0200,188.7,EUR/MWh,DE,DE_LU,day_ahead_price,value,2026-08-27T09:55:05Z
2026-08-27T09:51:17Z,2026-08-27T11:51:17+0200,0130a799-f590-4e00-8cb7-476fbd850f58,2026-08-16T22:45:00Z,2026-08-17T00:45:00+0200,178.81,EUR/MWh,DE,DE_LU,day_ahead_price,value,2026-08-27T09:55:05Z
2026-08-27T09:51:17Z,2026-08-27T11:51:17+0200,0130a799-f590-4e00-8cb7-476fbd850f58,2026-08-16T23:00:00Z,2026-08-17T01:00:00+0200,187.15,EUR/MWh,DE,DE_LU,day_ahead_price,value,2026-08-27T09:55:05Z
2026-08-27T09:51:17Z,2026-08-27T11:51:17+0200,0130a799-f590-4e00-8cb7-476fbd850f58,2026-08-16T23:15:00Z,2026-08-17T01:15:00+0200,181.54,EUR/MWh,DE,DE_LU,day_ahead_price,value,2026-08-27T09:55:05Z
2026-08-27T09:51:17Z,2026-08-27T11:51:17+0200,0130a799-f590-4e00-8cb7-476fbd850f58,2026-08-16T23:30:00Z,2026-08-17T01:30:00+0200,178.54,EUR/MWh,DE,DE_LU,day_ahead_price,value,2026-08-27T09:55:05Z
2026-08-27T09:51:17Z,2026-08-27T11:51:17+0200,0130a799-f590-4e00-8cb7-476fbd850f58,2026-08-16T23:45:00Z,2026-08-17T01:45:00+0200,168.01,EUR/MWh,DE,DE_LU,day_ahead_price,value,2026-08-27T09:55:05Z
2026-08-27T09:51:17Z,2026-08-27T11:51:17+0200,0130a799-f590-4e00-8cb7-476fbd850f58,2026-08-17T00:00:00Z,2026-08-17T02:00:00+0200,172.39,EUR/MWh,DE,DE_LU,day_ahead_price,value,2026-08-27T09:55:05Z
2026-08-27T09:51:17Z,2026-08-27T11:51:17+0200,0130a799-f590-4e00-8cb7-476fbd850f58,2026-08-17T00:15:00Z,2026-08-17T02:15:00+0200,164.41,EUR/MWh,DE,DE_LU,day_ahead_price,value,2026-08-27T09:55:05Z
2026-08-27T09:51:17Z,2026-08-27T11:51:17+0200,0130a799-f590-4e00-8cb7-476fbd850f58,2026-08-17T00:30:00Z,2026-08-17T02:30:00+0200,160.15,EUR/MWh,DE,DE_LU,day_ahead_price,value,2026-08-27T09:55:05Z
2026-08-27T09:51:17Z,2026-08-27T11:51:17+0200,0130a799-f590-4e00-8cb7-476fbd850f58,2026-08-17T00:45:00Z,2026-08-17T02:45:00+0200,158.65,EUR/MWh,DE,DE_LU,day_ahead_price,value,2026-08-27T09:55:05Z
2026-08-27T09:51:17Z,2026-08-27T11:51:17+0200,0130a799-f590-4e00-8cb7-476fbd850f58,2026-08-17T01:00:00Z,2026-08-17T03:00:00+0200,162.09,EUR/MWh,DE,DE_LU,day_ahead_price,value,2026-08-27T09:55:05Z
2026-08-27T09:51:17Z,2026-08-27T11:51:17+0200,0130a799-f590-4e00-8cb7-476fbd850f58,2026-08-17T01:15:00Z,2026-08-17T03:15:00+0200,160.72,EUR/MWh,DE,DE_LU,day_ahead_price,value,2026-08-27T09:55:05Z
2026-08-27T09:51:17Z,2026-08-27T11:51:17+0200,0130a799-f590-4e00-8cb7-476fbd850f58,2026-08-17T01:30:00Z,2026-08-17T03:30:00+0200,158.25,EUR/MWh,DE,DE_LU,day_ahead_price,value,2026-08-27T09:55:05Z
2026-08-27T09:51:17Z,2026-08-27T11:51:17+0200,0130a799-f590-4e00-8cb7-476fbd850f58,2026-08-17T01:45:00Z,2026-08-17T03:45:00+0200,160.06,EUR/MWh,DE,DE_LU,day_ahead_price,value,2026-08-27T09:55:05Z
2026-08-27T09:51:17Z,2026-08-27T11:51:17+0200,0130a799-f590-4e00-8cb7-476fbd850f58,2026-08-17T02:00:00Z,2026-08-17T04:00:00+0200,157.74,EUR/MWh,DE,DE_LU,day_ahead_price,value,2026-08-27T09:55:05Z
2026-08-27T09:51:17Z,2026-08-27T11:51:17+0200,0130a799-f590-4e00-8cb7-476fbd850f58,2026-08-17T02:15:00Z,2026-08-17T04:15:00+0200,155.25,EUR/MWh,DE,DE_LU,day_ahead_price,value,2026-08-27T09:55:05Z
2026-08-27T09:51:17Z,2026-08-27T11:51:17+0200,0130a799-f590-4e00-8cb7-476fbd850f58,2026-08-17T02:30:00Z,2026-08-17T04:30:00+0200,159.29,EUR/MWh,DE,DE_LU,day_ahead_price,value,2026-08-27T09:55:05Z
2026-08-27T09:51:17Z,2026-08-27T11:51:17+0200,0130a799-f590-4e00-8cb7-476fbd850f58,2026-08-17T02:45:00Z,2026-08-17T04:45:00+0200,164.0,EUR/MWh,DE,DE_LU,day_ahead_price,value,2026-08-27T09:55:05Z
2026-08-27T09:51:17Z,2026-08-27T11:51:17+0200,0130a799-f590-4e00-8cb7-476fbd850f58,2026-08-17T03:00:00Z,2026-08-17T05:00:00+0200,162.9,EUR/MWh,DE,DE_LU,day_ahead_price,value,2026-08-27T09:55:05Z
2026-08-27T09:51:17Z,2026-08-27T11:51:17+0200,0130a799-f590-4e00-8cb7-476fbd850f58,2026-08-17T03:15:00Z,2026-08-17T05:15:00+0200,169.13,EUR/MWh,DE,DE_LU,day_ahead_price,value,2026-08-27T09:55:05Z
2026-08-27T09:51:17Z,2026-08-27T11:51:17+0200,0130a799-f590-4e00-8cb7-476fbd850f58,2026-08-17T03:30:00Z,2026-08-17T05:30:00+0200,177.7,EUR/MWh,DE,DE_LU,day_ahead_price,value,2026-08-27T09:55:05Z
2026-08-27T09:51:17Z,2026-08-27T11:51:17+0200,0130a799-f590-4e00-8cb7-476fbd850f58,2026-08-17T03:45:00Z,2026-08-17T05:45:00+0200,190.14,EUR/MWh,DE,DE_LU,day_ahead_price,value,2026-08-27T09:55:05Z
2026-08-27T09:51:17Z,2026-08-27T11:51:17+0200,0130a799-f590-4e00-8cb7-476fbd850f58,2026-08-17T04:00:00Z,2026-08-17T06:00:00+0200,192.62,EUR/MWh,DE,DE_LU,day_ahead_price,value,2026-08-27T09:55:05Z
2026-08-27T09:51:17Z,2026-08-27T11:51:17+0200,0130a799-f590-4e00-8cb7-476fbd850f58,2026-08-17T04:15:00Z,2026-08-17T06:15:00+0200,197.5,EUR/MWh,DE,DE_LU,day_ahead_price,value,2026-08-27T09:55:05Z
2026-08-27T09:51:17Z,2026-08-27T11:51:17+0200,0130a799-f590-4e00-8cb7-476fbd850f58,2026-08-17T04:30:00Z,2026-08-17T06:30:00+0200,198.5,EUR/MWh,DE,DE_LU,day_ahead_price,value,2026-08-27T09:55:05Z
2026-08-27T09:51:17Z,2026-08-27T11:51:17+0200,0130a799-f590-4e00-8cb7-476fbd850f58,2026-08-17T04:45:00Z,2026-08-17T06:45:00+0200,200.98,EUR/MWh,DE,DE_LU,day_ahead_price,value,2026-08-27T09:55:05Z
2026-08-27T09:51:17Z,2026-08-27T11:51:17+0200,0130a799-f590-4e00-8cb7-476fbd850f58,2026-08-17T05:00:00Z,2026-08-17T07:00:00+0200,207.0,EUR/MWh,DE,DE_LU,day_ahead_price,value,2026-08-27T09:55:05Z
2026-08-27T09:51:17Z,2026-08-27T11:51:17+0200,0130a799-f590-4e00-8cb7-476fbd850f58,2026-08-17T05:15:00Z,2026-08-17T07:15:00+0200,208.9,EUR/MWh,DE,DE_LU,day_ahead_price,value,2026-08-27T09:55:05Z
2026-08-27T09:51:17Z,2026-08-27T11:51:17+0200,0130a799-f590-4e00-8cb7-476fbd850f58,2026-08-17T05:30:00Z,2026-08-17T07:30:00+0200,205.0,EUR/MWh,DE,DE_LU,day_ahead_price,value,2026-08-27T09:55:05Z
2026-08-27T09:51:17Z,2026-08-27T11:51:17+0200,0130a799-f590-4e00-8cb7-476fbd850f58,2026-08-17T05:45:00Z,2026-08-17T07:45:00+0200,199.7,EUR/MWh,DE,DE_LU,day_ahead_price,value,2026-08-27T09:55:05Z
2026-08-27T09:51:17Z,2026-08-27T11:51:17+0200,0130a799-f590-4e00-8cb7-476fbd850f58,2026-08-17T06:00:00Z,2026-08-17T08:00:00+0200,212.08,EUR/MWh,DE,DE_LU,day_ahead_price,value,2026-08-27T09:55:05Z
2026-08-27T09:51:17Z,2026-08-27T11:51:17+0200,0130a799-f590-4e00-8cb7-476fbd850f58,2026-08-17T06:15:00Z,2026-08-17T08:15:00+0200,208.46,EUR/MWh,DE,DE_LU,day_ahead_price,value,2026-08-27T09:55:05Z
2026-08-27T09:51:17Z,2026-08-27T11:51:17+0200,0130a799-f590-4e00-8cb7-476fbd850f58,2026-08-17T06:30:00Z,2026-08-17T08:30:00+0200,213.01,EUR/MWh,DE,DE_LU,day_ahead_price,value,2026-08-27T09:55:05Z
2026-08-27T09:51:17Z,2026-08-27T11:51:17+0200,0130a799-f590-4e00-8cb7-476fbd850f58,2026-08-17T06:45:00Z,2026-08-17T08:45:00+0200,200.9,EUR/MWh,DE,DE_LU,day_ahead_price,value,2026-08-27T09:55:05Z
2026-08-27T09:51:17Z,2026-08-27T11:51:17+0200,0130a799-f590-4e00-8cb7-476fbd850f58,2026-08-17T07:00:00Z,2026-08-17T09:00:00+0200,212.49,EUR/MWh,DE,DE_LU,day_ahead_price,value,2026-08-27T09:55:05Z
2026-08-27T09:51:17Z,2026-08-27T11:51:17+0200,0130a799-f590-4e00-8cb7-476fbd850f58,2026-08-17T07:15:00Z,2026-08-17T09:15:00+0200,204.32,EUR/MWh,DE,DE_LU,day_ahead_price,value,2026-08-27T09:55:05Z
2026-08-27T09:51:17Z,2026-08-27T11:51:17+0200,0130a799-f590-4e00-8cb7-476fbd850f58,2026-08-17T07:30:00Z,2026-08-17T09:30:00+0200,195.99,EUR/MWh,DE,DE_LU,day_ahead_price,value,2026-08-27T09:55:05Z
2026-08-27T09:51:17Z,2026-08-27T11:51:17+0200,0130a799-f590-4e00-8cb7-476fbd850f58,2026-08-17T07:45:00Z,2026-08-17T09:45:00+0200,182.36,EUR/MWh,DE,DE_LU,day_ahead_price,value,2026-08-27T09:55:05Z
2026-08-27T09:51:17Z,2026-08-27T11:51:17+0200,0130a799-f590-4e00-8cb7-476fbd850f58,2026-08-17T08:00:00Z,2026-08-17T10:00:00+0200,190.2,EUR/MWh,DE,DE_LU,day_ahead_price,value,2026-08-27T09:55:05Z
2026-08-27T09:51:17Z,2026-08-27T11:51:17+0200,0130a799-f590-4e00-8cb7-476fbd850f58,2026-08-17T08:15:00Z,2026-08-17T10:15:00+0200,180.0,EUR/MWh,DE,DE_LU,day_ahead_price,value,2026-08-27T09:55:05Z
2026-08-27T09:51:17Z,2026-08-27T11:51:17+0200,0130a799-f590-4e00-8cb7-476fbd850f58,2026-08-17T08:30:00Z,2026-08-17T10:30:00+0200,169.15,EUR/MWh,DE,DE_LU,day_ahead_price,value,2026-08-27T09:55:05Z
2026-08-27T09:51:17Z,2026-08-27T11:51:17+0200,0130a799-f590-4e00-8cb7-476fbd850f58,2026-08-17T08:45:00Z,2026-08-17T10:45:00+0200,162.6,EUR/MWh,DE,DE_LU,day_ahead_price,value,2026-08-27T09:55:05Z
2026-08-27T09:51:17Z,2026-08-27T11:51:17+0200,0130a799-f590-4e00-8cb7-476fbd850f58,2026-08-17T09:00:00Z,2026-08-17T11:00:00+0200,176.67,EUR/MWh,DE,DE_LU,day_ahead_price,value,2026-08-27T09:55:05Z
2026-08-27T09:51:17Z,2026-08-27T11:51:17+0200,0130a799-f590-4e00-8cb7-476fbd850f58,2026-08-17T09:15:00Z,2026-08-17T11:15:00+0200,173.36,EUR/MWh,DE,DE_LU,day_ahead_price,value,2026-08-27T09:55:05Z
2026-08-27T09:51:17Z,2026-08-27T11:51:17+0200,0130a799-f590-4e00-8cb7-476fbd850f58,2026-08-17T09:30:00Z,2026-08-17T11:30:00+0200,161.29,EUR/MWh,DE,DE_LU,day_ahead_price,value,2026-08-27T09:55:05Z
2026-08-27T09:51:17Z,2026-08-27T11:51:17+0200,0130a799-f590-4e00-8cb7-476fbd850f58,2026-08-17T09:45:00Z,2026-08-17T11:45:00+0200,156.57,EUR/MWh,DE,DE_LU,day_ahead_price,value,2026-08-27T09:55:05Z
2026-08-27T09:51:17Z,2026-08-27T11:51:17+0200,0130a799-f590-4e00-8cb7-476fbd850f58,2026-08-17T10:00:00Z,2026-08-17T12:00:00+0200,158.83,EUR/MWh,DE,DE_LU,day_ahead_price,value,2026-08-27T09:55:05Z
2026-08-27T09:51:17Z,2026-08-27T11:51:17+0200,0130a799-f590-4e00-8cb7-476fbd850f58,2026-08-17T10:15:00Z,2026-08-17T12:15:00+0200,156.07,EUR/MWh,DE,DE_LU,day_ahead_price,value,2026-08-27T09:55:05Z
2026-08-27T09:51:17Z,2026-08-27T11:51:17+0200,0130a799-f590-4e00-8cb7-476fbd850f58,2026-08-17T10:30:00Z,2026-08-17T12:30:00+0200,155.82,EUR/MWh,DE,DE_LU,day_ahead_price,value,2026-08-27T09:55:05Z
2026-08-27T09:51:17Z,2026-08-27T11:51:17+0200,0130a799-f590-4e00-8cb7-476fbd850f58,2026-08-17T10:45:00Z,2026-08-17T12:45:00+0200,146.42,EUR/MWh,DE,DE_LU,day_ahead_price,value,2026-08-27T09:55:05Z
2026-08-27T09:51:17Z,2026-08-27T11:51:17+0200,0130a799-f590-4e00-8cb7-476fbd850f58,2026-08-17T11:00:00Z,2026-08-17T13:00:00+0200,158.36,EUR/MWh,DE,DE_LU,day_ahead_price,value,2026-08-27T09:55:05Z
2026-08-27T09:51:17Z,2026-08-27T11:51:17+0200,0130a799-f590-4e00-8cb7-476fbd850f58,2026-08-17T11:15:00Z,2026-08-17T13:15:00+0200,158.21,EUR/MWh,DE,DE_LU,day_ahead_price,value,2026-08-27T09:55:05Z
2026-08-27T09:51:17Z,2026-08-27T11:51:17+0200,0130a799-f590-4e00-8cb7-476fbd850f58,2026-08-17T11:30:00Z,2026-08-17T13:30:00+0200,147.39,EUR/MWh,DE,DE_LU,day_ahead_price,value,2026-08-27T09:55:05Z
2026-08-27T09:51:17Z,2026-08-27T11:51:17+0200,0130a799-f590-4e00-8cb7-476fbd850f58,2026-08-17T11:45:00Z,2026-08-17T13:45:00+0200,136.81,EUR/MWh,DE,DE_LU,day_ahead_price,value,2026-08-27T09:55:05Z
2026-08-27T09:51:17Z,2026-08-27T11:51:17+0200,0130a799-f590-4e00-8cb7-476fbd850f58,2026-08-17T12:00:00Z,2026-08-17T14:00:00+0200,142.54,EUR/MWh,DE,DE_LU,day_ahead_price,value,2026-08-27T09:55:05Z
2026-08-27T09:51:17Z,2026-08-27T11:51:17+0200,0130a799-f590-4e00-8cb7-476fbd850f58,2026-08-17T12:15:00Z,2026-08-17T14:15:00+0200,136.92,EUR/MWh,DE,DE_LU,day_ahead_price,value,2026-08-27T09:55:05Z
2026-08-27T09:51:17Z,2026-08-27T11:51:17+0200,0130a799-f590-4e00-8cb7-476fbd850f58,2026-08-17T12:30:00Z,2026-08-17T14:30:00+0200,142.17,EUR/MWh,DE,DE_LU,day_ahead_price,value,2026-08-27T09:55:05Z
2026-08-27T09:51:17Z,2026-08-27T11:51:17+0200,0130a799-f590-4e00-8cb7-476fbd850f58,2026-08-17T12:45:00Z,2026-08-17T14:45:00+0200,143.56,EUR/MWh,DE,DE_LU,day_ahead_price,value,2026-08-27T09:55:05Z
2026-08-27T09:51:17Z,2026-08-27T11:51:17+0200,0130a799-f590-4e00-8cb7-476fbd850f58,2026-08-17T13:00:00Z,2026-08-17T15:00:00+0200,142.67,EUR/MWh,DE,DE_LU,day_ahead_price,value,2026-08-27T09:55:05Z
2026-08-27T09:51:17Z,2026-08-27T11:51:17+0200,0130a799-f590-4e00-8cb7-476fbd850f58,2026-08-17T13:15:00Z,2026-08-17T15:15:00+0200,137.86,EUR/MWh,DE,DE_LU,day_ahead_price,value,2026-08-27T09:55:05Z
2026-08-27T09:51:17Z,2026-08-27T11:51:17+0200,0130a799-f590-4e00-8cb7-476fbd850f58,2026-08-17T13:30:00Z,2026-08-17T15:30:00+0200,138.17,EUR/MWh,DE,DE_LU,day_ahead_price,value,2026-08-27T09:55:05Z
2026-08-27T09:51:17Z,2026-08-27T11:51:17+0200,0130a799-f590-4e00-8cb7-476fbd850f58,2026-08-17T13:45:00Z,2026-08-17T15:45:00+0200,140.84,EUR/MWh,DE,DE_LU,day_ahead_price,value,2026-08-27T09:55:05Z
2026-08-27T09:51:17Z,2026-08-27T11:51:17+0200,0130a799-f590-4e00-8cb7-476fbd850f58,2026-08-17T14:00:00Z,2026-08-17T16:00:00+0200,135.4,EUR/MWh,DE,DE_LU,day_ahead_price,value,2026-08-27T09:55:05Z
2026-08-27T09:51:17Z,2026-08-27T11:51:17+0200,0130a799-f590-4e00-8cb7-476fbd850f58,2026-08-17T14:15:00Z,2026-08-17T16:15:00+0200,139.78,EUR/MWh,DE,DE_LU,day_ahead_price,value,2026-08-27T09:55:05Z
2026-08-27T09:51:17Z,2026-08-27T11:51:17+0200,0130a799-f590-4e00-8cb7-476fbd850f58,2026-08-17T14:30:00Z,2026-08-17T16:30:00+0200,142.37,EUR/MWh,DE,DE_LU,day_ahead_price,value,2026-08-27T09:55:05Z
2026-08-27T09:51:17Z,2026-08-27T11:51:17+0200,0130a799-f590-4e00-8cb7-476fbd850f58,2026-08-17T14:45:00Z,2026-08-17T16:45:00+0200,142.79,EUR/MWh,DE,DE_LU,day_ahead_price,value,2026-08-27T09:55:05Z
2026-08-27T09:51:17Z,2026-08-27T11:51:17+0200,0130a799-f590-4e00-8cb7-476fbd850f58,2026-08-17T15:00:00Z,2026-08-17T17:00:00+0200,136.66,EUR/MWh,DE,DE_LU,day_ahead_price,value,2026-08-27T09:55:05Z
2026-08-27T09:51:17Z,2026-08-27T11:51:17+0200,0130a799-f590-4e00-8cb7-476fbd850f58,2026-08-17T15:15:00Z,2026-08-17T17:15:00+0200,147.49,EUR/MWh,DE,DE_LU,day_ahead_price,value,2026-08-27T09:55:05Z
2026-08-27T09:51:17Z,2026-08-27T11:51:17+0200,0130a799-f590-4e00-8cb7-476fbd850f58,2026-08-17T15:30:00Z,2026-08-17T17:30:00+0200,154.57,EUR/MWh,DE,DE_LU,day_ahead_price,value,2026-08-27T09:55:05Z
2026-08-27T09:51:17Z,2026-08-27T11:51:17+0200,0130a799-f590-4e00-8cb7-476fbd850f58,2026-08-17T15:45:00Z,2026-08-17T17:45:00+0200,169.37,EUR/MWh,DE,DE_LU,day_ahead_price,value,2026-08-27T09:55:05Z
2026-08-27T09:51:17Z,2026-08-27T11:51:17+0200,0130a799-f590-4e00-8cb7-476fbd850f58,2026-08-17T16:00:00Z,2026-08-17T18:00:00+0200,157.75,EUR/MWh,DE,DE_LU,day_ahead_price,value,2026-08-27T09:55:05Z
2026-08-27T09:51:17Z,2026-08-27T11:51:17+0200,0130a799-f590-4e00-8cb7-476fbd850f58,2026-08-17T16:15:00Z,2026-08-17T18:15:00+0200,170.46,EUR/MWh,DE,DE_LU,day_ahead_price,value,2026-08-27T09:55:05Z
2026-08-27T09:51:17Z,2026-08-27T11:51:17+0200,0130a799-f590-4e00-8cb7-476fbd850f58,2026-08-17T16:30:00Z,2026-08-17T18:30:00+0200,185.71,EUR/MWh,DE,DE_LU,day_ahead_price,value,2026-08-27T09:55:05Z
2026-08-27T09:51:17Z,2026-08-27T11:51:17+0200,0130a799-f590-4e00-8cb7-476fbd850f58,2026-08-17T16:45:00Z,2026-08-17T18:45:00+0200,194.48,EUR/MWh,DE,DE_LU,day_ahead_price,value,2026-08-27T09:55:05Z
2026-08-27T09:51:17Z,2026-08-27T11:51:17+0200,0130a799-f590-4e00-8cb7-476fbd850f58,2026-08-17T17:00:00Z,2026-08-17T19:00:00+0200,184.66,EUR/MWh,DE,DE_LU,day_ahead_price,value,2026-08-27T09:55:05Z
2026-08-27T09:51:17Z,2026-08-27T11:51:17+0200,0130a799-f590-4e00-8cb7-476fbd850f58,2026-08-17T17:15:00Z,2026-08-17T19:15:00+0200,200.57,EUR/MWh,DE,DE_LU,day_ahead_price,value,2026-08-27T09:55:05Z
2026-08-27T09:51:17Z,2026-08-27T11:51:17+0200,0130a799-f590-4e00-8cb7-476fbd850f58,2026-08-17T17:30:00Z,2026-08-17T19:30:00+0200,212.04,EUR/MWh,DE,DE_LU,day_ahead_price,value,2026-08-27T09:55:05Z
2026-08-27T09:51:17Z,2026-08-27T11:51:17+0200,0130a799-f590-4e00-8cb7-476fbd850f58,2026-08-17T17:45:00Z,2026-08-17T19:45:00+0200,219.14,EUR/MWh,DE,DE_LU,day_ahead_price,value,2026-08-27T09:55:05Z
2026-08-27T09:51:17Z,2026-08-27T11:51:17+0200,0130a799-f590-4e00-8cb7-476fbd850f58,2026-08-17T18:00:00Z,2026-08-17T20:00:00+0200,206.58,EUR/MWh,DE,DE_LU,day_ahead_price,value,2026-08-27T09:55:05Z
2026-08-27T09:51:17Z,2026-08-27T11:51:17+0200,0130a799-f590-4e00-8cb7-476fbd850f58,2026-08-17T18:15:00Z,2026-08-17T20:15:00+0200,213.69,EUR/MWh,DE,DE_LU,day_ahead_price,value,2026-08-27T09:55:05Z
2026-08-27T09:51:17Z,2026-08-27T11:51:17+0200,0130a799-f590-4e00-8cb7-476fbd850f58,2026-08-17T18:30:00Z,2026-08-17T20:30:00+0200,216.04,EUR/MWh,DE,DE_LU,day_ahead_price,value,2026-08-27T09:55:05Z
2026-08-27T09:51:17Z,2026-08-27T11:51:17+0200,0130a799-f590-4e00-8cb7-476fbd850f58,2026-08-17T18:45:00Z,2026-08-17T20:45:00+0200,217.29,EUR/MWh,DE,DE_LU,day_ahead_price,value,2026-08-27T09:55:05Z
2026-08-27T09:51:17Z,2026-08-27T11:51:17+0200,0130a799-f590-4e00-8cb7-476fbd850f58,2026-08-17T19:00:00Z,2026-08-17T21:00:00+0200,219.05,EUR/MWh,DE,DE_LU,day_ahead_price,value,2026-08-27T09:55:05Z
2026-08-27T09:51:17Z,2026-08-27T11:51:17+0200,0130a799-f590-4e00-8cb7-476fbd850f58,2026-08-17T19:15:00Z,2026-08-17T21:15:00+0200,213.86,EUR/MWh,DE,DE_LU,day_ahead_price,value,2026-08-27T09:55:05Z
2026-08-27T09:51:17Z,2026-08-27T11:51:17+0200,0130a799-f590-4e00-8cb7-476fbd850f58,2026-08-17T19:30:00Z,2026-08-17T21:30:00+0200,210.0,EUR/MWh,DE,DE_LU,day_ahead_price,value,2026-08-27T09:55:05Z
2026-08-27T09:51:17Z,2026-08-27T11:51:17+0200,0130a799-f590-4e00-8cb7-476fbd850f58,2026-08-17T19:45:00Z,2026-08-17T21:45:00+0200,197.1,EUR/MWh,DE,DE_LU,day_ahead_price,value,2026-08-27T09:55:05Z
2026-08-27T09:51:17Z,2026-08-27T11:51:17+0200,0130a799-f590-4e00-8cb7-476fbd850f58,2026-08-17T20:00:00Z,2026-08-17T22:00:00+0200,205.4,EUR/MWh,DE,DE_LU,day_ahead_price,value,2026-08-27T09:55:05Z
2026-08-27T09:51:17Z,2026-08-27T11:51:17+0200,0130a799-f590-4e00-8cb7-476fbd850f58,2026-08-17T20:15:00Z,2026-08-17T22:15:00+0200,199.19,EUR/MWh,DE,DE_LU,day_ahead_price,value,2026-08-27T09:55:05Z
2026-08-27T09:51:17Z,2026-08-27T11:51:17+0200,0130a799-f590-4e00-8cb7-476fbd850f58,2026-08-17T20:30:00Z,2026-08-17T22:30:00+0200,199.24,EUR/MWh,DE,DE_LU,day_ahead_price,value,2026-08-27T09:55:05Z
2026-08-27T09:51:17Z,2026-08-27T11:51:17+0200,0130a799-f590-4e00-8cb7-476fbd850f58,2026-08-17T20:45:00Z,2026-08-17T22:45:00+0200,186.99,EUR/MWh,DE,DE_LU,day_ahead_price,value,2026-08-27T09:55:05Z
2026-08-27T09:51:17Z,2026-08-27T11:51:17+0200,0130a799-f590-4e00-8cb7-476fbd850f58,2026-08-17T21:00:00Z,2026-08-17T23:00:00+0200,192.75,EUR/MWh,DE,DE_LU,day_ahead_price,value,2026-08-27T09:55:05Z
2026-08-27T09:51:17Z,2026-08-27T11:51:17+0200,0130a799-f590-4e00-8cb7-476fbd850f58,2026-08-17T21:15:00Z,2026-08-17T23:15:00+0200,184.4,EUR/MWh,DE,DE_LU,day_ahead_price,value,2026-08-27T09:55:05Z
2026-08-27T09:51:17Z,2026-08-27T11:51:17+0200,0130a799-f590-4e00-8cb7-476fbd850f58,2026-08-17T21:30:00Z,2026-08-17T23:30:00+0200,176.53,EUR/MWh,DE,DE_LU,day_ahead_price,value,2026-08-27T09:55:05Z
2026-08-27T09:51:17Z,2026-08-27T11:51:17+0200,0130a799-f590-4e00-8cb7-476fbd850f58,2026-08-17T21:45:00Z,2026-08-17T23:45:00+0200,166.0,EUR/MWh,DE,DE_LU,day_ahead_price,value,2026-08-27T09:55:05Z
2026-08-27T09:51:17Z,2026-08-27T11:51:17+0200,0130a799-f590-4e00-8cb7-476fbd850f58,2026-08-17T22:00:00Z,2026-08-18T00:00:00+0200,187.93,EUR/MWh,DE,DE_LU,day_ahead_price,value,2026-08-27T09:55:05Z
2026-08-27T09:51:17Z,2026-08-27T11:51:17+0200,0130a799-f590-4e00-8cb7-476fbd850f58,2026-08-17T22:15:00Z,2026-08-18T00:15:00+0200,179.97,EUR/MWh,DE,DE_LU,day_ahead_price,value,2026-08-27T09:55:05Z
2026-08-27T09:51:17Z,2026-08-27T11:51:17+0200,0130a799-f590-4e00-8cb7-476fbd850f58,2026-08-17T22:30:00Z,2026-08-18T00:30:00+0200,167.81,EUR/MWh,DE,DE_LU,day_ahead_price,value,2026-08-27T09:55:05Z
2026-08-27T09:51:17Z,2026-08-27T11:51:17+0200,0130a799-f590-4e00-8cb7-476fbd850f58,2026-08-17T22:45:00Z,2026-08-18T00:45:00+0200,158.56,EUR/MWh,DE,DE_LU,day_ahead_price,value,2026-08-27T09:55:05Z
2026-08-27T09:51:17Z,2026-08-27T11:51:17+0200,0130a799-f590-4e00-8cb7-476fbd850f58,2026-08-17T23:00:00Z,2026-08-18T01:00:00+0200,167.15,EUR/MWh,DE,DE_LU,day_ahead_price,value,2026-08-27T09:55:05Z
2026-08-27T09:51:17Z,2026-08-27T11:51:17+0200,0130a799-f590-4e00-8cb7-476fbd850f58,2026-08-17T23:15:00Z,2026-08-18T01:15:00+0200,161.93,EUR/MWh,DE,DE_LU,day_ahead_price,value,2026-08-27T09:55:05Z
2026-08-27T09:51:17Z,2026-08-27T11:51:17+0200,0130a799-f590-4e00-8cb7-476fbd850f58,2026-08-17T23:30:00Z,2026-08-18T01:30:00+0200,160.0,EUR/MWh,DE,DE_LU,day_ahead_price,value,2026-08-27T09:55:05Z
2026-08-27T09:51:17Z,2026-08-27T11:51:17+0200,0130a799-f590-4e00-8cb7-476fbd850f58,2026-08-17T23:45:00Z,2026-08-18T01:45:00+0200,150.07,EUR/MWh,DE,DE_LU,day_ahead_price,value,2026-08-27T09:55:05Z
2026-08-27T09:51:17Z,2026-08-27T11:51:17+0200,0130a799-f590-4e00-8cb7-476fbd850f58,2026-08-18T00:00:00Z,2026-08-18T02:00:00+0200,152.55,EUR/MWh,DE,DE_LU,day_ahead_price,value,2026-08-27T09:55:05Z
2026-08-27T09:51:17Z,2026-08-27T11:51:17+0200,0130a799-f590-4e00-8cb7-476fbd850f58,2026-08-18T00:15:00Z,2026-08-18T02:15:00+0200,150.08,EUR/MWh,DE,DE_LU,day_ahead_price,value,2026-08-27T09:55:05Z
2026-08-27T09:51:17Z,2026-08-27T11:51:17+0200,0130a799-f590-4e00-8cb7-476fbd850f58,2026-08-18T00:30:00Z,2026-08-18T02:30:00+0200,149.66,EUR/MWh,DE,DE_LU,day_ahead_price,value,2026-08-27T09:55:05Z
2026-08-27T09:51:17Z,2026-08-27T11:51:17+0200,0130a799-f590-4e00-8cb7-476fbd850f58,2026-08-18T00:45:00Z,2026-08-18T02:45:00+0200,150.93,EUR/MWh,DE,DE_LU,day_ahead_price,value,2026-08-27T09:55:05Z
2026-08-27T09:51:17Z,2026-08-27T11:51:17+0200,0130a799-f590-4e00-8cb7-476fbd850f58,2026-08-18T01:00:00Z,2026-08-18T03:00:00+0200,148.34,EUR/MWh,DE,DE_LU,day_ahead_price,value,2026-08-27T09:55:05Z
2026-08-27T09:51:17Z,2026-08-27T11:51:17+0200,0130a799-f590-4e00-8cb7-476fbd850f58,2026-08-18T01:15:00Z,2026-08-18T03:15:00+0200,146.98,EUR/MWh,DE,DE_LU,day_ahead_price,value,2026-08-27T09:55:05Z
2026-08-27T09:51:17Z,2026-08-27T11:51:17+0200,0130a799-f590-4e00-8cb7-476fbd850f58,2026-08-18T01:30:00Z,2026-08-18T03:30:00+0200,148.18,EUR/MWh,DE,DE_LU,day_ahead_price,value,2026-08-27T09:55:05Z
2026-08-27T09:51:17Z,2026-08-27T11:51:17+0200,0130a799-f590-4e00-8cb7-476fbd850f58,2026-08-18T01:45:00Z,2026-08-18T03:45:00+0200,150.07,EUR/MWh,DE,DE_LU,day_ahead_price,value,2026-08-27T09:55:05Z
2026-08-27T09:51:17Z,2026-08-27T11:51:17+0200,0130a799-f590-4e00-8cb7-476fbd850f58,2026-08-18T02:00:00Z,2026-08-18T04:00:00+0200,148.4,EUR/MWh,DE,DE_LU,day_ahead_price,value,2026-08-27T09:55:05Z
2026-08-27T09:51:17Z,2026-08-27T11:51:17+0200,0130a799-f590-4e00-8cb7-476fbd850f58,2026-08-18T02:15:00Z,2026-08-18T04:15:00+0200,147.05,EUR/MWh,DE,DE_LU,day_ahead_price,value,2026-08-27T09:55:05Z
2026-08-27T09:51:17Z,2026-08-27T11:51:17+0200,0130a799-f590-4e00-8cb7-476fbd850f58,2026-08-18T02:30:00Z,2026-08-18T04:30:00+0200,149.3,EUR/MWh,DE,DE_LU,day_ahead_price,value,2026-08-27T09:55:05Z
2026-08-27T09:51:17Z,2026-08-27T11:51:17+0200,0130a799-f590-4e00-8cb7-476fbd850f58,2026-08-18T02:45:00Z,2026-08-18T04:45:00+0200,152.13,EUR/MWh,DE,DE_LU,day_ahead_price,value,2026-08-27T09:55:05Z
2026-08-27T09:51:17Z,2026-08-27T11:51:17+0200,0130a799-f590-4e00-8cb7-476fbd850f58,2026-08-18T03:00:00Z,2026-08-18T05:00:00+0200,147.12,EUR/MWh,DE,DE_LU,day_ahead_price,value,2026-08-27T09:55:05Z
2026-08-27T09:51:17Z,2026-08-27T11:51:17+0200,0130a799-f590-4e00-8cb7-476fbd850f58,2026-08-18T03:15:00Z,2026-08-18T05:15:00+0200,155.99,EUR/MWh,DE,DE_LU,day_ahead_price,value,2026-08-27T09:55:05Z
2026-08-27T09:51:17Z,2026-08-27T11:51:17+0200,0130a799-f590-4e00-8cb7-476fbd850f58,2026-08-18T03:30:00Z,2026-08-18T05:30:00+0200,159.44,EUR/MWh,DE,DE_LU,day_ahead_price,value,2026-08-27T09:55:05Z
2026-08-27T09:51:17Z,2026-08-27T11:51:17+0200,0130a799-f590-4e00-8cb7-476fbd850f58,2026-08-18T03:45:00Z,2026-08-18T05:45:00+0200,173.57,EUR/MWh,DE,DE_LU,day_ahead_price,value,2026-08-27T09:55:05Z
2026-08-27T09:51:17Z,2026-08-27T11:51:17+0200,0130a799-f590-4e00-8cb7-476fbd850f58,2026-08-18T04:00:00Z,2026-08-18T06:00:00+0200,172.39,EUR/MWh,DE,DE_LU,day_ahead_price,value,2026-08-27T09:55:05Z
2026-08-27T09:51:17Z,2026-08-27T11:51:17+0200,0130a799-f590-4e00-8cb7-476fbd850f58,2026-08-18T04:15:00Z,2026-08-18T06:15:00+0200,190.44,EUR/MWh,DE,DE_LU,day_ahead_price,value,2026-08-27T09:55:05Z
2026-08-27T09:51:17Z,2026-08-27T11:51:17+0200,0130a799-f590-4e00-8cb7-476fbd850f58,2026-08-18T04:30:00Z,2026-08-18T06:30:00+0200,192.51,EUR/MWh,DE,DE_LU,day_ahead_price,value,2026-08-27T09:55:05Z
2026-08-27T09:51:17Z,2026-08-27T11:51:17+0200,0130a799-f590-4e00-8cb7-476fbd850f58,2026-08-18T04:45:00Z,2026-08-18T06:45:00+0200,195.78,EUR/MWh,DE,DE_LU,day_ahead_price,value,2026-08-27T09:55:05Z
2026-08-27T09:51:17Z,2026-08-27T11:51:17+0200,0130a799-f590-4e00-8cb7-476fbd850f58,2026-08-18T05:00:00Z,2026-08-18T07:00:00+0200,199.7,EUR/MWh,DE,DE_LU,day_ahead_price,value,2026-08-27T09:55:05Z
2026-08-27T09:51:17Z,2026-08-27T11:51:17+0200,0130a799-f590-4e00-8cb7-476fbd850f58,2026-08-18T05:15:00Z,2026-08-18T07:15:00+0200,193.79,EUR/MWh,DE,DE_LU,day_ahead_price,value,2026-08-27T09:55:05Z
2026-08-27T09:51:17Z,2026-08-27T11:51:17+0200,0130a799-f590-4e00-8cb7-476fbd850f58,2026-08-18T05:30:00Z,2026-08-18T07:30:00+0200,188.86,EUR/MWh,DE,DE_LU,day_ahead_price,value,2026-08-27T09:55:05Z
2026-08-27T09:51:17Z,2026-08-27T11:51:17+0200,0130a799-f590-4e00-8cb7-476fbd850f58,2026-08-18T05:45:00Z,2026-08-18T07:45:00+0200,187.94,EUR/MWh,DE,DE_LU,day_ahead_price,value,2026-08-27T09:55:05Z
2026-08-27T09:51:17Z,2026-08-27T11:51:17+0200,0130a799-f590-4e00-8cb7-476fbd850f58,2026-08-18T06:00:00Z,2026-08-18T08:00:00+0200,201.38,EUR/MWh,DE,DE_LU,day_ahead_price,value,2026-08-27T09:55:05Z
2026-08-27T09:51:17Z,2026-08-27T11:51:17+0200,0130a799-f590-4e00-8cb7-476fbd850f58,2026-08-18T06:15:00Z,2026-08-18T08:15:00+0200,196.16,EUR/MWh,DE,DE_LU,day_ahead_price,value,2026-08-27T09:55:05Z
2026-08-27T09:51:17Z,2026-08-27T11:51:17+0200,0130a799-f590-4e00-8cb7-476fbd850f58,2026-08-18T06:30:00Z,2026-08-18T08:30:00+0200,180.0,EUR/MWh,DE,DE_LU,day_ahead_price,value,2026-08-27T09:55:05Z
2026-08-27T09:51:17Z,2026-08-27T11:51:17+0200,0130a799-f590-4e00-8cb7-476fbd850f58,2026-08-18T06:45:00Z,2026-08-18T08:45:00+0200,163.34,EUR/MWh,DE,DE_LU,day_ahead_price,value,2026-08-27T09:55:05Z
2026-08-27T09:51:17Z,2026-08-27T11:51:17+0200,0130a799-f590-4e00-8cb7-476fbd850f58,2026-08-18T07:00:00Z,2026-08-18T09:00:00+0200,174.56,EUR/MWh,DE,DE_LU,day_ahead_price,value,2026-08-27T09:55:05Z
2026-08-27T09:51:17Z,2026-08-27T11:51:17+0200,0130a799-f590-4e00-8cb7-476fbd850f58,2026-08-18T07:15:00Z,2026-08-18T09:15:00+0200,167.97,EUR/MWh,DE,DE_LU,day_ahead_price,value,2026-08-27T09:55:05Z
2026-08-27T09:51:17Z,2026-08-27T11:51:17+0200,0130a799-f590-4e00-8cb7-476fbd850f58,2026-08-18T07:30:00Z,2026-08-18T09:30:00+0200,156.37,EUR/MWh,DE,DE_LU,day_ahead_price,value,2026-08-27T09:55:05Z
2026-08-27T09:51:17Z,2026-08-27T11:51:17+0200,0130a799-f590-4e00-8cb7-476fbd850f58,2026-08-18T07:45:00Z,2026-08-18T09:45:00+0200,146.82,EUR/MWh,DE,DE_LU,day_ahead_price,value,2026-08-27T09:55:05Z
2026-08-27T09:51:17Z,2026-08-27T11:51:17+0200,0130a799-f590-4e00-8cb7-476fbd850f58,2026-08-18T08:00:00Z,2026-08-18T10:00:00+0200,160.98,EUR/MWh,DE,DE_LU,day_ahead_price,value,2026-08-27T09:55:05Z
2026-08-27T09:51:17Z,2026-08-27T11:51:17+0200,0130a799-f590-4e00-8cb7-476fbd850f58,2026-08-18T08:15:00Z,2026-08-18T10:15:00+0200,155.17,EUR/MWh,DE,DE_LU,day_ahead_price,value,2026-08-27T09:55:05Z
2026-08-27T09:51:17Z,2026-08-27T11:51:17+0200,0130a799-f590-4e00-8cb7-476fbd850f58,2026-08-18T08:30:00Z,2026-08-18T10:30:00+0200,147.9,EUR/MWh,DE,DE_LU,day_ahead_price,value,2026-08-27T09:55:05Z
2026-08-27T09:51:17Z,2026-08-27T11:51:17+0200,0130a799-f590-4e00-8cb7-476fbd850f58,2026-08-18T08:45:00Z,2026-08-18T10:45:00+0200,145.48,EUR/MWh,DE,DE_LU,day_ahead_price,value,2026-08-27T09:55:05Z
2026-08-27T09:51:17Z,2026-08-27T11:51:17+0200,0130a799-f590-4e00-8cb7-476fbd850f58,2026-08-18T09:00:00Z,2026-08-18T11:00:00+0200,148.95,EUR/MWh,DE,DE_LU,day_ahead_price,value,2026-08-27T09:55:05Z
2026-08-27T09:51:17Z,2026-08-27T11:51:17+0200,0130a799-f590-4e00-8cb7-476fbd850f58,2026-08-18T09:15:00Z,2026-08-18T11:15:00+0200,144.56,EUR/MWh,DE,DE_LU,day_ahead_price,value,2026-08-27T09:55:05Z
2026-08-27T09:51:17Z,2026-08-27T11:51:17+0200,0130a799-f590-4e00-8cb7-476fbd850f58,2026-08-18T09:30:00Z,2026-08-18T11:30:00+0200,141.93,EUR/MWh,DE,DE_LU,day_ahead_price,value,2026-08-27T09:55:05Z
2026-08-27T09:51:17Z,2026-08-27T11:51:17+0200,0130a799-f590-4e00-8cb7-476fbd850f58,2026-08-18T09:45:00Z,2026-08-18T11:45:00+0200,147.13,EUR/MWh,DE,DE_LU,day_ahead_price,value,2026-08-27T09:55:05Z
2026-08-27T09:51:17Z,2026-08-27T11:51:17+0200,0130a799-f590-4e00-8cb7-476fbd850f58,2026-08-18T10:00:00Z,2026-08-18T12:00:00+0200,137.31,EUR/MWh,DE,DE_LU,day_ahead_price,value,2026-08-27T09:55:05Z
2026-08-27T09:51:17Z,2026-08-27T11:51:17+0200,0130a799-f590-4e00-8cb7-476fbd850f58,2026-08-18T10:15:00Z,2026-08-18T12:15:00+0200,137.16,EUR/MWh,DE,DE_LU,day_ahead_price,value,2026-08-27T09:55:05Z
2026-08-27T09:51:17Z,2026-08-27T11:51:17+0200,0130a799-f590-4e00-8cb7-476fbd850f58,2026-08-18T10:30:00Z,2026-08-18T12:30:00+0200,136.41,EUR/MWh,DE,DE_LU,day_ahead_price,value,2026-08-27T09:55:05Z
2026-08-27T09:51:17Z,2026-08-27T11:51:17+0200,0130a799-f590-4e00-8cb7-476fbd850f58,2026-08-18T10:45:00Z,2026-08-18T12:45:00+0200,135.42,EUR/MWh,DE,DE_LU,day_ahead_price,value,2026-08-27T09:55:05Z
2026-08-27T09:51:17Z,2026-08-27T11:51:17+0200,0130a799-f590-4e00-8cb7-476fbd850f58,2026-08-18T11:00:00Z,2026-08-18T13:00:00+0200,133.77,EUR/MWh,DE,DE_LU,day_ahead_price,value,2026-08-27T09:55:05Z
2026-08-27T09:51:17Z,2026-08-27T11:51:17+0200,0130a799-f590-4e00-8cb7-476fbd850f58,2026-08-18T11:15:00Z,2026-08-18T13:15:00+0200,133.15,EUR/MWh,DE,DE_LU,day_ahead_price,value,2026-08-27T09:55:05Z
2026-08-27T09:51:17Z,2026-08-27T11:51:17+0200,0130a799-f590-4e00-8cb7-476fbd850f58,2026-08-18T11:30:00Z,2026-08-18T13:30:00+0200,131.76,EUR/MWh,DE,DE_LU,day_ahead_price,value,2026-08-27T09:55:05Z
2026-08-27T09:51:17Z,2026-08-27T11:51:17+0200,0130a799-f590-4e00-8cb7-476fbd850f58,2026-08-18T11:45:00Z,2026-08-18T13:45:00+0200,128.73,EUR/MWh,DE,DE_LU,day_ahead_price,value,2026-08-27T09:55:05Z
2026-08-27T09:51:17Z,2026-08-27T11:51:17+0200,0130a799-f590-4e00-8cb7-476fbd850f58,2026-08-18T12:00:00Z,2026-08-18T14:00:00+0200,129.85,EUR/MWh,DE,DE_LU,day_ahead_price,value,2026-08-27T09:55:05Z
2026-08-27T09:51:17Z,2026-08-27T11:51:17+0200,0130a799-f590-4e00-8cb7-476fbd850f58,2026-08-18T12:15:00Z,2026-08-18T14:15:00+0200,130.24,EUR/MWh,DE,DE_LU,day_ahead_price,value,2026-08-27T09:55:05Z
2026-08-27T09:51:17Z,2026-08-27T11:51:17+0200,0130a799-f590-4e00-8cb7-476fbd850f58,2026-08-18T12:30:00Z,2026-08-18T14:30:00+0200,131.96,EUR/MWh,DE,DE_LU,day_ahead_price,value,2026-08-27T09:55:05Z
2026-08-27T09:51:17Z,2026-08-27T11:51:17+0200,0130a799-f590-4e00-8cb7-476fbd850f58,2026-08-18T12:45:00Z,2026-08-18T14:45:00+0200,130.1,EUR/MWh,DE,DE_LU,day_ahead_price,value,2026-08-27T09:55:05Z
2026-08-27T09:51:17Z,2026-08-27T11:51:17+0200,0130a799-f590-4e00-8cb7-476fbd850f58,2026-08-18T13:00:00Z,2026-08-18T15:00:00+0200,131.79,EUR/MWh,DE,DE_LU,day_ahead_price,value,2026-08-27T09:55:05Z
2026-08-27T09:51:17Z,2026-08-27T11:51:17+0200,0130a799-f590-4e00-8cb7-476fbd850f58,2026-08-18T13:15:00Z,2026-08-18T15:15:00+0200,130.35,EUR/MWh,DE,DE_LU,day_ahead_price,value,2026-08-27T09:55:05Z
2026-08-27T09:51:17Z,2026-08-27T11:51:17+0200,0130a799-f590-4e00-8cb7-476fbd850f58,2026-08-18T13:30:00Z,2026-08-18T15:30:00+0200,131.72,EUR/MWh,DE,DE_LU,day_ahead_price,value,2026-08-27T09:55:05Z
2026-08-27T09:51:17Z,2026-08-27T11:51:17+0200,0130a799-f590-4e00-8cb7-476fbd850f58,2026-08-18T13:45:00Z,2026-08-18T15:45:00+0200,135.91,EUR/MWh,DE,DE_LU,day_ahead_price,value,2026-08-27T09:55:05Z
2026-08-27T09:51:17Z,2026-08-27T11:51:17+0200,0130a799-f590-4e00-8cb7-476fbd850f58,2026-08-18T14:00:00Z,2026-08-18T16:00:00+0200,132.03,EUR/MWh,DE,DE_LU,day_ahead_price,value,2026-08-27T09:55:05Z
2026-08-27T09:51:17Z,2026-08-27T11:51:17+0200,0130a799-f590-4e00-8cb7-476fbd850f58,2026-08-18T14:15:00Z,2026-08-18T16:15:00+0200,134.74,EUR/MWh,DE,DE_LU,day_ahead_price,value,2026-08-27T09:55:05Z
2026-08-27T09:51:17Z,2026-08-27T11:51:17+0200,0130a799-f590-4e00-8cb7-476fbd850f58,2026-08-18T14:30:00Z,2026-08-18T16:30:00+0200,139.72,EUR/MWh,DE,DE_LU,day_ahead_price,value,2026-08-27T09:55:05Z
2026-08-27T09:51:17Z,2026-08-27T11:51:17+0200,0130a799-f590-4e00-8cb7-476fbd850f58,2026-08-18T14:45:00Z,2026-08-18T16:45:00+0200,149.3,EUR/MWh,DE,DE_LU,day_ahead_price,value,2026-08-27T09:55:05Z
2026-08-27T09:51:17Z,2026-08-27T11:51:17+0200,0130a799-f590-4e00-8cb7-476fbd850f58,2026-08-18T15:00:00Z,2026-08-18T17:00:00+0200,138.26,EUR/MWh,DE,DE_LU,day_ahead_price,value,2026-08-27T09:55:05Z
2026-08-27T09:51:17Z,2026-08-27T11:51:17+0200,0130a799-f590-4e00-8cb7-476fbd850f58,2026-08-18T15:15:00Z,2026-08-18T17:15:00+0200,150.66,EUR/MWh,DE,DE_LU,day_ahead_price,value,2026-08-27T09:55:05Z
2026-08-27T09:51:17Z,2026-08-27T11:51:17+0200,0130a799-f590-4e00-8cb7-476fbd850f58,2026-08-18T15:30:00Z,2026-08-18T17:30:00+0200,160.5,EUR/MWh,DE,DE_LU,day_ahead_price,value,2026-08-27T09:55:05Z
2026-08-27T09:51:17Z,2026-08-27T11:51:17+0200,0130a799-f590-4e00-8cb7-476fbd850f58,2026-08-18T15:45:00Z,2026-08-18T17:45:00+0200,167.19,EUR/MWh,DE,DE_LU,day_ahead_price,value,2026-08-27T09:55:05Z
2026-08-27T09:51:17Z,2026-08-27T11:51:17+0200,0130a799-f590-4e00-8cb7-476fbd850f58,2026-08-18T16:00:00Z,2026-08-18T18:00:00+0200,159.01,EUR/MWh,DE,DE_LU,day_ahead_price,value,2026-08-27T09:55:05Z
2026-08-27T09:51:17Z,2026-08-27T11:51:17+0200,0130a799-f590-4e00-8cb7-476fbd850f58,2026-08-18T16:15:00Z,2026-08-18T18:15:00+0200,174.44,EUR/MWh,DE,DE_LU,day_ahead_price,value,2026-08-27T09:55:05Z
2026-08-27T09:51:17Z,2026-08-27T11:51:17+0200,0130a799-f590-4e00-8cb7-476fbd850f58,2026-08-18T16:30:00Z,2026-08-18T18:30:00+0200,187.57,EUR/MWh,DE,DE_LU,day_ahead_price,value,2026-08-27T09:55:05Z
2026-08-27T09:51:17Z,2026-08-27T11:51:17+0200,0130a799-f590-4e00-8cb7-476fbd850f58,2026-08-18T16:45:00Z,2026-08-18T18:45:00+0200,193.2,EUR/MWh,DE,DE_LU,day_ahead_price,value,2026-08-27T09:55:05Z
2026-08-27T09:51:17Z,2026-08-27T11:51:17+0200,0130a799-f590-4e00-8cb7-476fbd850f58,2026-08-18T17:00:00Z,2026-08-18T19:00:00+0200,192.0,EUR/MWh,DE,DE_LU,day_ahead_price,value,2026-08-27T09:55:05Z
2026-08-27T09:51:17Z,2026-08-27T11:51:17+0200,0130a799-f590-4e00-8cb7-476fbd850f58,2026-08-18T17:15:00Z,2026-08-18T19:15:00+0200,195.01,EUR/MWh,DE,DE_LU,day_ahead_price,value,2026-08-27T09:55:05Z
2026-08-27T09:51:17Z,2026-08-27T11:51:17+0200,0130a799-f590-4e00-8cb7-476fbd850f58,2026-08-18T17:30:00Z,2026-08-18T19:30:00+0200,200.16,EUR/MWh,DE,DE_LU,day_ahead_price,value,2026-08-27T09:55:05Z
2026-08-27T09:51:17Z,2026-08-27T11:51:17+0200,0130a799-f590-4e00-8cb7-476fbd850f58,2026-08-18T17:45:00Z,2026-08-18T19:45:00+0200,203.56,EUR/MWh,DE,DE_LU,day_ahead_price,value,2026-08-27T09:55:05Z
2026-08-27T09:51:17Z,2026-08-27T11:51:17+0200,0130a799-f590-4e00-8cb7-476fbd850f58,2026-08-18T18:00:00Z,2026-08-18T20:00:00+0200,198.56,EUR/MWh,DE,DE_LU,day_ahead_price,value,2026-08-27T09:55:05Z
2026-08-27T09:51:17Z,2026-08-27T11:51:17+0200,0130a799-f590-4e00-8cb7-476fbd850f58,2026-08-18T18:15:00Z,2026-08-18T20:15:00+0200,202.56,EUR/MWh,DE,DE_LU,day_ahead_price,value,2026-08-27T09:55:05Z
2026-08-27T09:51:17Z,2026-08-27T11:51:17+0200,0130a799-f590-4e00-8cb7-476fbd850f58,2026-08-18T18:30:00Z,2026-08-18T20:30:00+0200,202.0,EUR/MWh,DE,DE_LU,day_ahead_price,value,2026-08-27T09:55:05Z
2026-08-27T09:51:17Z,2026-08-27T11:51:17+0200,0130a799-f590-4e00-8cb7-476fbd850f58,2026-08-18T18:45:00Z,2026-08-18T20:45:00+0200,198.46,EUR/MWh,DE,DE_LU,day_ahead_price,value,2026-08-27T09:55:05Z
2026-08-27T09:51:17Z,2026-08-27T11:51:17+0200,0130a799-f590-4e00-8cb7-476fbd850f58,2026-08-18T19:00:00Z,2026-08-18T21:00:00+0200,203.6,EUR/MWh,DE,DE_LU,day_ahead_price,value,2026-08-27T09:55:05Z
2026-08-27T09:51:17Z,2026-08-27T11:51:17+0200,0130a799-f590-4e00-8cb7-476fbd850f58,2026-08-18T19:15:00Z,2026-08-18T21:15:00+0200,208.53,EUR/MWh,DE,DE_LU,day_ahead_price,value,2026-08-27T09:55:05Z
2026-08-27T09:51:17Z,2026-08-27T11:51:17+0200,0130a799-f590-4e00-8cb7-476fbd850f58,2026-08-18T19:30:00Z,2026-08-18T21:30:00+0200,196.03,EUR/MWh,DE,DE_LU,day_ahead_price,value,2026-08-27T09:55:05Z
2026-08-27T09:51:17Z,2026-08-27T11:51:17+0200,0130a799-f590-4e00-8cb7-476fbd850f58,2026-08-18T19:45:00Z,2026-08-18T21:45:00+0200,187.02,EUR/MWh,DE,DE_LU,day_ahead_price,value,2026-08-27T09:55:05Z
2026-08-27T09:51:17Z,2026-08-27T11:51:17+0200,0130a799-f590-4e00-8cb7-476fbd850f58,2026-08-18T20:00:00Z,2026-08-18T22:00:00+0200,200.23,EUR/MWh,DE,DE_LU,day_ahead_price,value,2026-08-27T09:55:05Z
2026-08-27T09:51:17Z,2026-08-27T11:51:17+0200,0130a799-f590-4e00-8cb7-476fbd850f58,2026-08-18T20:15:00Z,2026-08-18T22:15:00+0200,195.0,EUR/MWh,DE,DE_LU,day_ahead_price,value,2026-08-27T09:55:05Z
2026-08-27T09:51:17Z,2026-08-27T11:51:17+0200,0130a799-f590-4e00-8cb7-476fbd850f58,2026-08-18T20:30:00Z,2026-08-18T22:30:00+0200,188.25,EUR/MWh,DE,DE_LU,day_ahead_price,value,2026-08-27T09:55:05Z
2026-08-27T09:51:17Z,2026-08-27T11:51:17+0200,0130a799-f590-4e00-8cb7-476fbd850f58,2026-08-18T20:45:00Z,2026-08-18T22:45:00+0200,182.06,EUR/MWh,DE,DE_LU,day_ahead_price,value,2026-08-27T09:55:05Z
2026-08-27T09:51:17Z,2026-08-27T11:51:17+0200,0130a799-f590-4e00-8cb7-476fbd850f58,2026-08-18T21:00:00Z,2026-08-18T23:00:00+0200,191.52,EUR/MWh,DE,DE_LU,day_ahead_price,value,2026-08-27T09:55:05Z
2026-08-27T09:51:17Z,2026-08-27T11:51:17+0200,0130a799-f590-4e00-8cb7-476fbd850f58,2026-08-18T21:15:00Z,2026-08-18T23:15:00+0200,177.9,EUR/MWh,DE,DE_LU,day_ahead_price,value,2026-08-27T09:55:05Z
2026-08-27T09:51:17Z,2026-08-27T11:51:17+0200,0130a799-f590-4e00-8cb7-476fbd850f58,2026-08-18T21:30:00Z,2026-08-18T23:30:00+0200,174.25,EUR/MWh,DE,DE_LU,day_ahead_price,value,2026-08-27T09:55:05Z
2026-08-27T09:51:17Z,2026-08-27T11:51:17+0200,0130a799-f590-4e00-8cb7-476fbd850f58,2026-08-18T21:45:00Z,2026-08-18T23:45:00+0200,164.9,EUR/MWh,DE,DE_LU,day_ahead_price,value,2026-08-27T09:55:05Z
2026-08-27T09:51:17Z,2026-08-27T11:51:17+0200,0130a799-f590-4e00-8cb7-476fbd850f58,2026-08-18T22:00:00Z,2026-08-19T00:00:00+0200,192.0,EUR/MWh,DE,DE_LU,day_ahead_price,value,2026-08-27T09:55:05Z
2026-08-27T09:51:17Z,2026-08-27T11:51:17+0200,0130a799-f590-4e00-8cb7-476fbd850f58,2026-08-18T22:15:00Z,2026-08-19T00:15:00+0200,179.12,EUR/MWh,DE,DE_LU,day_ahead_price,value,2026-08-27T09:55:05Z
2026-08-27T09:51:17Z,2026-08-27T11:51:17+0200,0130a799-f590-4e00-8cb7-476fbd850f58,2026-08-18T22:30:00Z,2026-08-19T00:30:00+0200,174.36,EUR/MWh,DE,DE_LU,day_ahead_price,value,2026-08-27T09:55:05Z
2026-08-27T09:51:17Z,2026-08-27T11:51:17+0200,0130a799-f590-4e00-8cb7-476fbd850f58,2026-08-18T22:45:00Z,2026-08-19T00:45:00+0200,160.92,EUR/MWh,DE,DE_LU,day_ahead_price,value,2026-08-27T09:55:05Z
2026-08-27T09:51:17Z,2026-08-27T11:51:17+0200,0130a799-f590-4e00-8cb7-476fbd850f58,2026-08-18T23:00:00Z,2026-08-19T01:00:00+0200,163.46,EUR/MWh,DE,DE_LU,day_ahead_price,value,2026-08-27T09:55:05Z
2026-08-27T09:51:17Z,2026-08-27T11:51:17+0200,0130a799-f590-4e00-8cb7-476fbd850f58,2026-08-18T23:15:00Z,2026-08-19T01:15:00+0200,157.81,EUR/MWh,DE,DE_LU,day_ahead_price,value,2026-08-27T09:55:05Z
2026-08-27T09:51:17Z,2026-08-27T11:51:17+0200,0130a799-f590-4e00-8cb7-476fbd850f58,2026-08-18T23:30:00Z,2026-08-19T01:30:00+0200,156.13,EUR/MWh,DE,DE_LU,day_ahead_price,value,2026-08-27T09:55:05Z
2026-08-27T09:51:17Z,2026-08-27T11:51:17+0200,0130a799-f590-4e00-8cb7-476fbd850f58,2026-08-18T23:45:00Z,2026-08-19T01:45:00+0200,153.0,EUR/MWh,DE,DE_LU,day_ahead_price,value,2026-08-27T09:55:05Z
2026-08-27T09:51:17Z,2026-08-27T11:51:17+0200,0130a799-f590-4e00-8cb7-476fbd850f58,2026-08-19T00:00:00Z,2026-08-19T02:00:00+0200,156.88,EUR/MWh,DE,DE_LU,day_ahead_price,value,2026-08-27T09:55:05Z
2026-08-27T09:51:17Z,2026-08-27T11:51:17+0200,0130a799-f590-4e00-8cb7-476fbd850f58,2026-08-19T00:15:00Z,2026-08-19T02:15:00+0200,151.89,EUR/MWh,DE,DE_LU,day_ahead_price,value,2026-08-27T09:55:05Z
2026-08-27T09:51:17Z,2026-08-27T11:51:17+0200,0130a799-f590-4e00-8cb7-476fbd850f58,2026-08-19T00:30:00Z,2026-08-19T02:30:00+0200,150.39,EUR/MWh,DE,DE_LU,day_ahead_price,value,2026-08-27T09:55:05Z
2026-08-27T09:51:17Z,2026-08-27T11:51:17+0200,0130a799-f590-4e00-8cb7-476fbd850f58,2026-08-19T00:45:00Z,2026-08-19T02:45:00+0200,146.49,EUR/MWh,DE,DE_LU,day_ahead_price,value,2026-08-27T09:55:05Z
2026-08-27T09:51:17Z,2026-08-27T11:51:17+0200,0130a799-f590-4e00-8cb7-476fbd850f58,2026-08-19T01:00:00Z,2026-08-19T03:00:00+0200,147.52,EUR/MWh,DE,DE_LU,day_ahead_price,value,2026-08-27T09:55:05Z
2026-08-27T09:51:17Z,2026-08-27T11:51:17+0200,0130a799-f590-4e00-8cb7-476fbd850f58,2026-08-19T01:15:00Z,2026-08-19T03:15:00+0200,147.94,EUR/MWh,DE,DE_LU,day_ahead_price,value,2026-08-27T09:55:05Z
2026-08-27T09:51:17Z,2026-08-27T11:51:17+0200,0130a799-f590-4e00-8cb7-476fbd850f58,2026-08-19T01:30:00Z,2026-08-19T03:30:00+0200,146.48,EUR/MWh,DE,DE_LU,day_ahead_price,value,2026-08-27T09:55:05Z
2026-08-27T09:51:17Z,2026-08-27T11:51:17+0200,0130a799-f590-4e00-8cb7-476fbd850f58,2026-08-19T01:45:00Z,2026-08-19T03:45:00+0200,147.26,EUR/MWh,DE,DE_LU,day_ahead_price,value,2026-08-27T09:55:05Z
2026-08-27T09:51:17Z,2026-08-27T11:51:17+0200,0130a799-f590-4e00-8cb7-476fbd850f58,2026-08-19T02:00:00Z,2026-08-19T04:00:00+0200,148.07,EUR/MWh,DE,DE_LU,day_ahead_price,value,2026-08-27T09:55:05Z
2026-08-27T09:51:17Z,2026-08-27T11:51:17+0200,0130a799-f590-4e00-8cb7-476fbd850f58,2026-08-19T02:15:00Z,2026-08-19T04:15:00+0200,148.82,EUR/MWh,DE,DE_LU,day_ahead_price,value,2026-08-27T09:55:05Z
2026-08-27T09:51:17Z,2026-08-27T11:51:17+0200,0130a799-f590-4e00-8cb7-476fbd850f58,2026-08-19T02:30:00Z,2026-08-19T04:30:00+0200,150.0,EUR/MWh,DE,DE_LU,day_ahead_price,value,2026-08-27T09:55:05Z
2026-08-27T09:51:17Z,2026-08-27T11:51:17+0200,0130a799-f590-4e00-8cb7-476fbd850f58,2026-08-19T02:45:00Z,2026-08-19T04:45:00+0200,149.09,EUR/MWh,DE,DE_LU,day_ahead_price,value,2026-08-27T09:55:05Z
2026-08-27T09:51:17Z,2026-08-27T11:51:17+0200,0130a799-f590-4e00-8cb7-476fbd850f58,2026-08-19T03:00:00Z,2026-08-19T05:00:00+0200,155.03,EUR/MWh,DE,DE_LU,day_ahead_price,value,2026-08-27T09:55:05Z
2026-08-27T09:51:17Z,2026-08-27T11:51:17+0200,0130a799-f590-4e00-8cb7-476fbd850f58,2026-08-19T03:15:00Z,2026-08-19T05:15:00+0200,155.34,EUR/MWh,DE,DE_LU,day_ahead_price,value,2026-08-27T09:55:05Z
2026-08-27T09:51:17Z,2026-08-27T11:51:17+0200,0130a799-f590-4e00-8cb7-476fbd850f58,2026-08-19T03:30:00Z,2026-08-19T05:30:00+0200,161.45,EUR/MWh,DE,DE_LU,day_ahead_price,value,2026-08-27T09:55:05Z
2026-08-27T09:51:17Z,2026-08-27T11:51:17+0200,0130a799-f590-4e00-8cb7-476fbd850f58,2026-08-19T03:45:00Z,2026-08-19T05:45:00+0200,174.84,EUR/MWh,DE,DE_LU,day_ahead_price,value,2026-08-27T09:55:05Z
2026-08-27T09:51:17Z,2026-08-27T11:51:17+0200,0130a799-f590-4e00-8cb7-476fbd850f58,2026-08-19T04:00:00Z,2026-08-19T06:00:00+0200,173.09,EUR/MWh,DE,DE_LU,day_ahead_price,value,2026-08-27T09:55:05Z
2026-08-27T09:51:17Z,2026-08-27T11:51:17+0200,0130a799-f590-4e00-8cb7-476fbd850f58,2026-08-19T04:15:00Z,2026-08-19T06:15:00+0200,184.71,EUR/MWh,DE,DE_LU,day_ahead_price,value,2026-08-27T09:55:05Z
2026-08-27T09:51:17Z,2026-08-27T11:51:17+0200,0130a799-f590-4e00-8cb7-476fbd850f58,2026-08-19T04:30:00Z,2026-08-19T06:30:00+0200,188.92,EUR/MWh,DE,DE_LU,day_ahead_price,value,2026-08-27T09:55:05Z
2026-08-27T09:51:17Z,2026-08-27T11:51:17+0200,0130a799-f590-4e00-8cb7-476fbd850f58,2026-08-19T04:45:00Z,2026-08-19T06:45:00+0200,192.23,EUR/MWh,DE,DE_LU,day_ahead_price,value,2026-08-27T09:55:05Z
2026-08-27T09:51:17Z,2026-08-27T11:51:17+0200,0130a799-f590-4e00-8cb7-476fbd850f58,2026-08-19T05:00:00Z,2026-08-19T07:00:00+0200,197.0,EUR/MWh,DE,DE_LU,day_ahead_price,value,2026-08-27T09:55:05Z
2026-08-27T09:51:17Z,2026-08-27T11:51:17+0200,0130a799-f590-4e00-8cb7-476fbd850f58,2026-08-19T05:15:00Z,2026-08-19T07:15:00+0200,192.85,EUR/MWh,DE,DE_LU,day_ahead_price,value,2026-08-27T09:55:05Z
2026-08-27T09:51:17Z,2026-08-27T11:51:17+0200,0130a799-f590-4e00-8cb7-476fbd850f58,2026-08-19T05:30:00Z,2026-08-19T07:30:00+0200,191.72,EUR/MWh,DE,DE_LU,day_ahead_price,value,2026-08-27T09:55:05Z
2026-08-27T09:51:17Z,2026-08-27T11:51:17+0200,0130a799-f590-4e00-8cb7-476fbd850f58,2026-08-19T05:45:00Z,2026-08-19T07:45:00+0200,188.95,EUR/MWh,DE,DE_LU,day_ahead_price,value,2026-08-27T09:55:05Z
2026-08-27T09:51:17Z,2026-08-27T11:51:17+0200,0130a799-f590-4e00-8cb7-476fbd850f58,2026-08-19T06:00:00Z,2026-08-19T08:00:00+0200,202.0,EUR/MWh,DE,DE_LU,day_ahead_price,value,2026-08-27T09:55:05Z
2026-08-27T09:51:17Z,2026-08-27T11:51:17+0200,0130a799-f590-4e00-8cb7-476fbd850f58,2026-08-19T06:15:00Z,2026-08-19T08:15:00+0200,194.13,EUR/MWh,DE,DE_LU,day_ahead_price,value,2026-08-27T09:55:05Z
2026-08-27T09:51:17Z,2026-08-27T11:51:17+0200,0130a799-f590-4e00-8cb7-476fbd850f58,2026-08-19T06:30:00Z,2026-08-19T08:30:00+0200,186.99,EUR/MWh,DE,DE_LU,day_ahead_price,value,2026-08-27T09:55:05Z
2026-08-27T09:51:17Z,2026-08-27T11:51:17+0200,0130a799-f590-4e00-8cb7-476fbd850f58,2026-08-19T06:45:00Z,2026-08-19T08:45:00+0200,180.34,EUR/MWh,DE,DE_LU,day_ahead_price,value,2026-08-27T09:55:05Z
2026-08-27T09:51:17Z,2026-08-27T11:51:17+0200,0130a799-f590-4e00-8cb7-476fbd850f58,2026-08-19T07:00:00Z,2026-08-19T09:00:00+0200,200.0,EUR/MWh,DE,DE_LU,day_ahead_price,value,2026-08-27T09:55:05Z
2026-08-27T09:51:17Z,2026-08-27T11:51:17+0200,0130a799-f590-4e00-8cb7-476fbd850f58,2026-08-19T07:15:00Z,2026-08-19T09:15:00+0200,179.92,EUR/MWh,DE,DE_LU,day_ahead_price,value,2026-08-27T09:55:05Z
2026-08-27T09:51:17Z,2026-08-27T11:51:17+0200,0130a799-f590-4e00-8cb7-476fbd850f58,2026-08-19T07:30:00Z,2026-08-19T09:30:00+0200,155.0,EUR/MWh,DE,DE_LU,day_ahead_price,value,2026-08-27T09:55:05Z
2026-08-27T09:51:17Z,2026-08-27T11:51:17+0200,0130a799-f590-4e00-8cb7-476fbd850f58,2026-08-19T07:45:00Z,2026-08-19T09:45:00+0200,143.78,EUR/MWh,DE,DE_LU,day_ahead_price,value,2026-08-27T09:55:05Z
2026-08-27T09:51:17Z,2026-08-27T11:51:17+0200,0130a799-f590-4e00-8cb7-476fbd850f58,2026-08-19T08:00:00Z,2026-08-19T10:00:00+0200,163.0,EUR/MWh,DE,DE_LU,day_ahead_price,value,2026-08-27T09:55:05Z
2026-08-27T09:51:17Z,2026-08-27T11:51:17+0200,0130a799-f590-4e00-8cb7-476fbd850f58,2026-08-19T08:15:00Z,2026-08-19T10:15:00+0200,154.9,EUR/MWh,DE,DE_LU,day_ahead_price,value,2026-08-27T09:55:05Z
2026-08-27T09:51:17Z,2026-08-27T11:51:17+0200,0130a799-f590-4e00-8cb7-476fbd850f58,2026-08-19T08:30:00Z,2026-08-19T10:30:00+0200,146.43,EUR/MWh,DE,DE_LU,day_ahead_price,value,2026-08-27T09:55:05Z
2026-08-27T09:51:17Z,2026-08-27T11:51:17+0200,0130a799-f590-4e00-8cb7-476fbd850f58,2026-08-19T08:45:00Z,2026-08-19T10:45:00+0200,146.34,EUR/MWh,DE,DE_LU,day_ahead_price,value,2026-08-27T09:55:05Z
2026-08-27T09:51:17Z,2026-08-27T11:51:17+0200,0130a799-f590-4e00-8cb7-476fbd850f58,2026-08-19T09:00:00Z,2026-08-19T11:00:00+0200,145.69,EUR/MWh,DE,DE_LU,day_ahead_price,value,2026-08-27T09:55:05Z
2026-08-27T09:51:17Z,2026-08-27T11:51:17+0200,0130a799-f590-4e00-8cb7-476fbd850f58,2026-08-19T09:15:00Z,2026-08-19T11:15:00+0200,146.02,EUR/MWh,DE,DE_LU,day_ahead_price,value,2026-08-27T09:55:05Z
2026-08-27T09:51:17Z,2026-08-27T11:51:17+0200,0130a799-f590-4e00-8cb7-476fbd850f58,2026-08-19T09:30:00Z,2026-08-19T11:30:00+0200,142.13,EUR/MWh,DE,DE_LU,day_ahead_price,value,2026-08-27T09:55:05Z
2026-08-27T09:51:17Z,2026-08-27T11:51:17+0200,0130a799-f590-4e00-8cb7-476fbd850f58,2026-08-19T09:45:00Z,2026-08-19T11:45:00+0200,138.0,EUR/MWh,DE,DE_LU,day_ahead_price,value,2026-08-27T09:55:05Z
2026-08-27T09:51:17Z,2026-08-27T11:51:17+0200,0130a799-f590-4e00-8cb7-476fbd850f58,2026-08-19T10:00:00Z,2026-08-19T12:00:00+0200,143.44,EUR/MWh,DE,DE_LU,day_ahead_price,value,2026-08-27T09:55:05Z
2026-08-27T09:51:17Z,2026-08-27T11:51:17+0200,0130a799-f590-4e00-8cb7-476fbd850f58,2026-08-19T10:15:00Z,2026-08-19T12:15:00+0200,135.42,EUR/MWh,DE,DE_LU,day_ahead_price,value,2026-08-27T09:55:05Z
2026-08-27T09:51:17Z,2026-08-27T11:51:17+0200,0130a799-f590-4e00-8cb7-476fbd850f58,2026-08-19T10:30:00Z,2026-08-19T12:30:00+0200,134.6,EUR/MWh,DE,DE_LU,day_ahead_price,value,2026-08-27T09:55:05Z
2026-08-27T09:51:17Z,2026-08-27T11:51:17+0200,0130a799-f590-4e00-8cb7-476fbd850f58,2026-08-19T10:45:00Z,2026-08-19T12:45:00+0200,130.87,EUR/MWh,DE,DE_LU,day_ahead_price,value,2026-08-27T09:55:05Z
2026-08-27T09:51:17Z,2026-08-27T11:51:17+0200,0130a799-f590-4e00-8cb7-476fbd850f58,2026-08-19T11:00:00Z,2026-08-19T13:00:00+0200,133.2,EUR/MWh,DE,DE_LU,day_ahead_price,value,2026-08-27T09:55:05Z
2026-08-27T09:51:17Z,2026-08-27T11:51:17+0200,0130a799-f590-4e00-8cb7-476fbd850f58,2026-08-19T11:15:00Z,2026-08-19T13:15:00+0200,129.43,EUR/MWh,DE,DE_LU,day_ahead_price,value,2026-08-27T09:55:05Z
2026-08-27T09:51:17Z,2026-08-27T11:51:17+0200,0130a799-f590-4e00-8cb7-476fbd850f58,2026-08-19T11:30:00Z,2026-08-19T13:30:00+0200,126.39,EUR/MWh,DE,DE_LU,day_ahead_price,value,2026-08-27T09:55:05Z
2026-08-27T09:51:17Z,2026-08-27T11:51:17+0200,0130a799-f590-4e00-8cb7-476fbd850f58,2026-08-19T11:45:00Z,2026-08-19T13:45:00+0200,123.8,EUR/MWh,DE,DE_LU,day_ahead_price,value,2026-08-27T09:55:05Z
2026-08-27T09:51:17Z,2026-08-27T11:51:17+0200,0130a799-f590-4e00-8cb7-476fbd850f58,2026-08-19T12:00:00Z,2026-08-19T14:00:00+0200,128.08,EUR/MWh,DE,DE_LU,day_ahead_price,value,2026-08-27T09:55:05Z
2026-08-27T09:51:17Z,2026-08-27T11:51:17+0200,0130a799-f590-4e00-8cb7-476fbd850f58,2026-08-19T12:15:00Z,2026-08-19T14:15:00+0200,129.28,EUR/MWh,DE,DE_LU,day_ahead_price,value,2026-08-27T09:55:05Z
2026-08-27T09:51:17Z,2026-08-27T11:51:17+0200,0130a799-f590-4e00-8cb7-476fbd850f58,2026-08-19T12:30:00Z,2026-08-19T14:30:00+0200,126.8,EUR/MWh,DE,DE_LU,day_ahead_price,value,2026-08-27T09:55:05Z
2026-08-27T09:51:17Z,2026-08-27T11:51:17+0200,0130a799-f590-4e00-8cb7-476fbd850f58,2026-08-19T12:45:00Z,2026-08-19T14:45:00+0200,126.93,EUR/MWh,DE,DE_LU,day_ahead_price,value,2026-08-27T09:55:05Z
2026-08-27T09:51:17Z,2026-08-27T11:51:17+0200,0130a799-f590-4e00-8cb7-476fbd850f58,2026-08-19T13:00:00Z,2026-08-19T15:00:00+0200,125.48,EUR/MWh,DE,DE_LU,day_ahead_price,value,2026-08-27T09:55:05Z
2026-08-27T09:51:17Z,2026-08-27T11:51:17+0200,0130a799-f590-4e00-8cb7-476fbd850f58,2026-08-19T13:15:00Z,2026-08-19T15:15:00+0200,129.36,EUR/MWh,DE,DE_LU,day_ahead_price,value,2026-08-27T09:55:05Z
2026-08-27T09:51:17Z,2026-08-27T11:51:17+0200,0130a799-f590-4e00-8cb7-476fbd850f58,2026-08-19T13:30:00Z,2026-08-19T15:30:00+0200,132.95,EUR/MWh,DE,DE_LU,day_ahead_price,value,2026-08-27T09:55:05Z
2026-08-27T09:51:17Z,2026-08-27T11:51:17+0200,0130a799-f590-4e00-8cb7-476fbd850f58,2026-08-19T13:45:00Z,2026-08-19T15:45:00+0200,136.24,EUR/MWh,DE,DE_LU,day_ahead_price,value,2026-08-27T09:55:05Z
2026-08-27T09:51:17Z,2026-08-27T11:51:17+0200,0130a799-f590-4e00-8cb7-476fbd850f58,2026-08-19T14:00:00Z,2026-08-19T16:00:00+0200,130.0,EUR/MWh,DE,DE_LU,day_ahead_price,value,2026-08-27T09:55:05Z
2026-08-27T09:51:17Z,2026-08-27T11:51:17+0200,0130a799-f590-4e00-8cb7-476fbd850f58,2026-08-19T14:15:00Z,2026-08-19T16:15:00+0200,135.0,EUR/MWh,DE,DE_LU,day_ahead_price,value,2026-08-27T09:55:05Z
2026-08-27T09:51:17Z,2026-08-27T11:51:17+0200,0130a799-f590-4e00-8cb7-476fbd850f58,2026-08-19T14:30:00Z,2026-08-19T16:30:00+0200,140.56,EUR/MWh,DE,DE_LU,day_ahead_price,value,2026-08-27T09:55:05Z
2026-08-27T09:51:17Z,2026-08-27T11:51:17+0200,0130a799-f590-4e00-8cb7-476fbd850f58,2026-08-19T14:45:00Z,2026-08-19T16:45:00+0200,147.71,EUR/MWh,DE,DE_LU,day_ahead_price,value,2026-08-27T09:55:05Z
2026-08-27T09:51:17Z,2026-08-27T11:51:17+0200,0130a799-f590-4e00-8cb7-476fbd850f58,2026-08-19T15:00:00Z,2026-08-19T17:00:00+0200,138.08,EUR/MWh,DE,DE_LU,day_ahead_price,value,2026-08-27T09:55:05Z
2026-08-27T09:51:17Z,2026-08-27T11:51:17+0200,0130a799-f590-4e00-8cb7-476fbd850f58,2026-08-19T15:15:00Z,2026-08-19T17:15:00+0200,146.02,EUR/MWh,DE,DE_LU,day_ahead_price,value,2026-08-27T09:55:05Z
2026-08-27T09:51:17Z,2026-08-27T11:51:17+0200,0130a799-f590-4e00-8cb7-476fbd850f58,2026-08-19T15:30:00Z,2026-08-19T17:30:00+0200,156.97,EUR/MWh,DE,DE_LU,day_ahead_price,value,2026-08-27T09:55:05Z
2026-08-27T09:51:17Z,2026-08-27T11:51:17+0200,0130a799-f590-4e00-8cb7-476fbd850f58,2026-08-19T15:45:00Z,2026-08-19T17:45:00+0200,173.5,EUR/MWh,DE,DE_LU,day_ahead_price,value,2026-08-27T09:55:05Z
2026-08-27T09:51:17Z,2026-08-27T11:51:17+0200,0130a799-f590-4e00-8cb7-476fbd850f58,2026-08-19T16:00:00Z,2026-08-19T18:00:00+0200,164.67,EUR/MWh,DE,DE_LU,day_ahead_price,value,2026-08-27T09:55:05Z
2026-08-27T09:51:17Z,2026-08-27T11:51:17+0200,0130a799-f590-4e00-8cb7-476fbd850f58,2026-08-19T16:15:00Z,2026-08-19T18:15:00+0200,180.0,EUR/MWh,DE,DE_LU,day_ahead_price,value,2026-08-27T09:55:05Z
2026-08-27T09:51:17Z,2026-08-27T11:51:17+0200,0130a799-f590-4e00-8cb7-476fbd850f58,2026-08-19T16:30:00Z,2026-08-19T18:30:00+0200,192.0,EUR/MWh,DE,DE_LU,day_ahead_price,value,2026-08-27T09:55:05Z
2026-08-27T09:51:17Z,2026-08-27T11:51:17+0200,0130a799-f590-4e00-8cb7-476fbd850f58,2026-08-19T16:45:00Z,2026-08-19T18:45:00+0200,198.27,EUR/MWh,DE,DE_LU,day_ahead_price,value,2026-08-27T09:55:05Z
2026-08-27T09:51:17Z,2026-08-27T11:51:17+0200,0130a799-f590-4e00-8cb7-476fbd850f58,2026-08-19T17:00:00Z,2026-08-19T19:00:00+0200,187.42,EUR/MWh,DE,DE_LU,day_ahead_price,value,2026-08-27T09:55:05Z
2026-08-27T09:51:17Z,2026-08-27T11:51:17+0200,0130a799-f590-4e00-8cb7-476fbd850f58,2026-08-19T17:15:00Z,2026-08-19T19:15:00+0200,205.02,EUR/MWh,DE,DE_LU,day_ahead_price,value,2026-08-27T09:55:05Z
2026-08-27T09:51:17Z,2026-08-27T11:51:17+0200,0130a799-f590-4e00-8cb7-476fbd850f58,2026-08-19T17:30:00Z,2026-08-19T19:30:00+0200,215.99,EUR/MWh,DE,DE_LU,day_ahead_price,value,2026-08-27T09:55:05Z
2026-08-27T09:51:17Z,2026-08-27T11:51:17+0200,0130a799-f590-4e00-8cb7-476fbd850f58,2026-08-19T17:45:00Z,2026-08-19T19:45:00+0200,221.78,EUR/MWh,DE,DE_LU,day_ahead_price,value,2026-08-27T09:55:05Z
2026-08-27T09:51:17Z,2026-08-27T11:51:17+0200,0130a799-f590-4e00-8cb7-476fbd850f58,2026-08-19T18:00:00Z,2026-08-19T20:00:00+0200,199.57,EUR/MWh,DE,DE_LU,day_ahead_price,value,2026-08-27T09:55:05Z
2026-08-27T09:51:17Z,2026-08-27T11:51:17+0200,0130a799-f590-4e00-8cb7-476fbd850f58,2026-08-19T18:15:00Z,2026-08-19T20:15:00+0200,208.87,EUR/MWh,DE,DE_LU,day_ahead_price,value,2026-08-27T09:55:05Z
2026-08-27T09:51:17Z,2026-08-27T11:51:17+0200,0130a799-f590-4e00-8cb7-476fbd850f58,2026-08-19T18:30:00Z,2026-08-19T20:30:00+0200,212.6,EUR/MWh,DE,DE_LU,day_ahead_price,value,2026-08-27T09:55:05Z
2026-08-27T09:51:17Z,2026-08-27T11:51:17+0200,0130a799-f590-4e00-8cb7-476fbd850f58,2026-08-19T18:45:00Z,2026-08-19T20:45:00+0200,216.74,EUR/MWh,DE,DE_LU,day_ahead_price,value,2026-08-27T09:55:05Z
2026-08-27T09:51:17Z,2026-08-27T11:51:17+0200,0130a799-f590-4e00-8cb7-476fbd850f58,2026-08-19T19:00:00Z,2026-08-19T21:00:00+0200,212.86,EUR/MWh,DE,DE_LU,day_ahead_price,value,2026-08-27T09:55:05Z
2026-08-27T09:51:17Z,2026-08-27T11:51:17+0200,0130a799-f590-4e00-8cb7-476fbd850f58,2026-08-19T19:15:00Z,2026-08-19T21:15:00+0200,211.1,EUR/MWh,DE,DE_LU,day_ahead_price,value,2026-08-27T09:55:05Z
2026-08-27T09:51:17Z,2026-08-27T11:51:17+0200,0130a799-f590-4e00-8cb7-476fbd850f58,2026-08-19T19:30:00Z,2026-08-19T21:30:00+0200,203.54,EUR/MWh,DE,DE_LU,day_ahead_price,value,2026-08-27T09:55:05Z
2026-08-27T09:51:17Z,2026-08-27T11:51:17+0200,0130a799-f590-4e00-8cb7-476fbd850f58,2026-08-19T19:45:00Z,2026-08-19T21:45:00+0200,196.99,EUR/MWh,DE,DE_LU,day_ahead_price,value,2026-08-27T09:55:05Z
2026-08-27T09:51:17Z,2026-08-27T11:51:17+0200,0130a799-f590-4e00-8cb7-476fbd850f58,2026-08-19T20:00:00Z,2026-08-19T22:00:00+0200,206.89,EUR/MWh,DE,DE_LU,day_ahead_price,value,2026-08-27T09:55:05Z
2026-08-27T09:51:17Z,2026-08-27T11:51:17+0200,0130a799-f590-4e00-8cb7-476fbd850f58,2026-08-19T20:15:00Z,2026-08-19T22:15:00+0200,201.18,EUR/MWh,DE,DE_LU,day_ahead_price,value,2026-08-27T09:55:05Z
2026-08-27T09:51:17Z,2026-08-27T11:51:17+0200,0130a799-f590-4e00-8cb7-476fbd850f58,2026-08-19T20:30:00Z,2026-08-19T22:30:00+0200,198.0,EUR/MWh,DE,DE_LU,day_ahead_price,value,2026-08-27T09:55:05Z
2026-08-27T09:51:17Z,2026-08-27T11:51:17+0200,0130a799-f590-4e00-8cb7-476fbd850f58,2026-08-19T20:45:00Z,2026-08-19T22:45:00+0200,190.32,EUR/MWh,DE,DE_LU,day_ahead_price,value,2026-08-27T09:55:05Z
2026-08-27T09:51:17Z,2026-08-27T11:51:17+0200,0130a799-f590-4e00-8cb7-476fbd850f58,2026-08-19T21:00:00Z,2026-08-19T23:00:00+0200,196.0,EUR/MWh,DE,DE_LU,day_ahead_price,value,2026-08-27T09:55:05Z
2026-08-27T09:51:17Z,2026-08-27T11:51:17+0200,0130a799-f590-4e00-8cb7-476fbd850f58,2026-08-19T21:15:00Z,2026-08-19T23:15:00+0200,190.1,EUR/MWh,DE,DE_LU,day_ahead_price,value,2026-08-27T09:55:05Z
2026-08-27T09:51:17Z,2026-08-27T11:51:17+0200,0130a799-f590-4e00-8cb7-476fbd850f58,2026-08-19T21:30:00Z,2026-08-19T23:30:00+0200,185.0,EUR/MWh,DE,DE_LU,day_ahead_price,value,2026-08-27T09:55:05Z
2026-08-27T09:51:17Z,2026-08-27T11:51:17+0200,0130a799-f590-4e00-8cb7-476fbd850f58,2026-08-19T21:45:00Z,2026-08-19T23:45:00+0200,175.09,EUR/MWh,DE,DE_LU,day_ahead_price,value,2026-08-27T09:55:05Z
2026-08-27T09:51:17Z,2026-08-27T11:51:17+0200,0130a799-f590-4e00-8cb7-476fbd850f58,2026-08-19T22:00:00Z,2026-08-20T00:00:00+0200,185.0,EUR/MWh,DE,DE_LU,day_ahead_price,value,2026-08-27T09:55:05Z
2026-08-27T09:51:17Z,2026-08-27T11:51:17+0200,0130a799-f590-4e00-8cb7-476fbd850f58,2026-08-19T22:15:00Z,2026-08-20T00:15:00+0200,178.23,EUR/MWh,DE,DE_LU,day_ahead_price,value,2026-08-27T09:55:05Z
2026-08-27T09:51:17Z,2026-08-27T11:51:17+0200,0130a799-f590-4e00-8cb7-476fbd850f58,2026-08-19T22:30:00Z,2026-08-20T00:30:00+0200,168.62,EUR/MWh,DE,DE_LU,day_ahead_price,value,2026-08-27T09:55:05Z
2026-08-27T09:51:17Z,2026-08-27T11:51:17+0200,0130a799-f590-4e00-8cb7-476fbd850f58,2026-08-19T22:45:00Z,2026-08-20T00:45:00+0200,159.0,EUR/MWh,DE,DE_LU,day_ahead_price,value,2026-08-27T09:55:05Z
2026-08-27T09:51:17Z,2026-08-27T11:51:17+0200,0130a799-f590-4e00-8cb7-476fbd850f58,2026-08-19T23:00:00Z,2026-08-20T01:00:00+0200,166.11,EUR/MWh,DE,DE_LU,day_ahead_price,value,2026-08-27T09:55:05Z
2026-08-27T09:51:17Z,2026-08-27T11:51:17+0200,0130a799-f590-4e00-8cb7-476fbd850f58,2026-08-19T23:15:00Z,2026-08-20T01:15:00+0200,162.91,EUR/MWh,DE,DE_LU,day_ahead_price,value,2026-08-27T09:55:05Z
2026-08-27T09:51:17Z,2026-08-27T11:51:17+0200,0130a799-f590-4e00-8cb7-476fbd850f58,2026-08-19T23:30:00Z,2026-08-20T01:30:00+0200,162.11,EUR/MWh,DE,DE_LU,day_ahead_price,value,2026-08-27T09:55:05Z
2026-08-27T09:51:17Z,2026-08-27T11:51:17+0200,0130a799-f590-4e00-8cb7-476fbd850f58,2026-08-19T23:45:00Z,2026-08-20T01:45:00+0200,158.27,EUR/MWh,DE,DE_LU,day_ahead_price,value,2026-08-27T09:55:05Z
2026-08-27T09:51:17Z,2026-08-27T11:51:17+0200,0130a799-f590-4e00-8cb7-476fbd850f58,2026-08-20T00:00:00Z,2026-08-20T02:00:00+0200,158.91,EUR/MWh,DE,DE_LU,day_ahead_price,value,2026-08-27T09:55:05Z
2026-08-27T09:51:17Z,2026-08-27T11:51:17+0200,0130a799-f590-4e00-8cb7-476fbd850f58,2026-08-20T00:15:00Z,2026-08-20T02:15:00+0200,154.99,EUR/MWh,DE,DE_LU,day_ahead_price,value,2026-08-27T09:55:05Z
2026-08-27T09:51:17Z,2026-08-27T11:51:17+0200,0130a799-f590-4e00-8cb7-476fbd850f58,2026-08-20T00:30:00Z,2026-08-20T02:30:00+0200,151.5,EUR/MWh,DE,DE_LU,day_ahead_price,value,2026-08-27T09:55:05Z
2026-08-27T09:51:17Z,2026-08-27T11:51:17+0200,0130a799-f590-4e00-8cb7-476fbd850f58,2026-08-20T00:45:00Z,2026-08-20T02:45:00+0200,149.53,EUR/MWh,DE,DE_LU,day_ahead_price,value,2026-08-27T09:55:05Z
2026-08-27T09:51:17Z,2026-08-27T11:51:17+0200,0130a799-f590-4e00-8cb7-476fbd850f58,2026-08-20T01:00:00Z,2026-08-20T03:00:00+0200,149.15,EUR/MWh,DE,DE_LU,day_ahead_price,value,2026-08-27T09:55:05Z
2026-08-27T09:51:17Z,2026-08-27T11:51:17+0200,0130a799-f590-4e00-8cb7-476fbd850f58,2026-08-20T01:15:00Z,2026-08-20T03:15:00+0200,146.95,EUR/MWh,DE,DE_LU,day_ahead_price,value,2026-08-27T09:55:05Z
2026-08-27T09:51:17Z,2026-08-27T11:51:17+0200,0130a799-f590-4e00-8cb7-476fbd850f58,2026-08-20T01:30:00Z,2026-08-20T03:30:00+0200,148.89,EUR/MWh,DE,DE_LU,day_ahead_price,value,2026-08-27T09:55:05Z
2026-08-27T09:51:17Z,2026-08-27T11:51:17+0200,0130a799-f590-4e00-8cb7-476fbd850f58,2026-08-20T01:45:00Z,2026-08-20T03:45:00+0200,146.97,EUR/MWh,DE,DE_LU,day_ahead_price,value,2026-08-27T09:55:05Z
2026-08-27T09:51:17Z,2026-08-27T11:51:17+0200,0130a799-f590-4e00-8cb7-476fbd850f58,2026-08-20T02:00:00Z,2026-08-20T04:00:00+0200,145.9,EUR/MWh,DE,DE_LU,day_ahead_price,value,2026-08-27T09:55:05Z
2026-08-27T09:51:17Z,2026-08-27T11:51:17+0200,0130a799-f590-4e00-8cb7-476fbd850f58,2026-08-20T02:15:00Z,2026-08-20T04:15:00+0200,146.91,EUR/MWh,DE,DE_LU,day_ahead_price,value,2026-08-27T09:55:05Z
2026-08-27T09:51:17Z,2026-08-27T11:51:17+0200,0130a799-f590-4e00-8cb7-476fbd850f58,2026-08-20T02:30:00Z,2026-08-20T04:30:00+0200,149.56,EUR/MWh,DE,DE_LU,day_ahead_price,value,2026-08-27T09:55:05Z
2026-08-27T09:51:17Z,2026-08-27T11:51:17+0200,0130a799-f590-4e00-8cb7-476fbd850f58,2026-08-20T02:45:00Z,2026-08-20T04:45:00+0200,151.6,EUR/MWh,DE,DE_LU,day_ahead_price,value,2026-08-27T09:55:05Z
2026-08-27T09:51:17Z,2026-08-27T11:51:17+0200,0130a799-f590-4e00-8cb7-476fbd850f58,2026-08-20T03:00:00Z,2026-08-20T05:00:00+0200,148.71,EUR/MWh,DE,DE_LU,day_ahead_price,value,2026-08-27T09:55:05Z
2026-08-27T09:51:17Z,2026-08-27T11:51:17+0200,0130a799-f590-4e00-8cb7-476fbd850f58,2026-08-20T03:15:00Z,2026-08-20T05:15:00+0200,154.65,EUR/MWh,DE,DE_LU,day_ahead_price,value,2026-08-27T09:55:05Z
2026-08-27T09:51:17Z,2026-08-27T11:51:17+0200,0130a799-f590-4e00-8cb7-476fbd850f58,2026-08-20T03:30:00Z,2026-08-20T05:30:00+0200,162.13,EUR/MWh,DE,DE_LU,day_ahead_price,value,2026-08-27T09:55:05Z
2026-08-27T09:51:17Z,2026-08-27T11:51:17+0200,0130a799-f590-4e00-8cb7-476fbd850f58,2026-08-20T03:45:00Z,2026-08-20T05:45:00+0200,172.71,EUR/MWh,DE,DE_LU,day_ahead_price,value,2026-08-27T09:55:05Z
2026-08-27T09:51:17Z,2026-08-27T11:51:17+0200,0130a799-f590-4e00-8cb7-476fbd850f58,2026-08-20T04:00:00Z,2026-08-20T06:00:00+0200,171.64,EUR/MWh,DE,DE_LU,day_ahead_price,value,2026-08-27T09:55:05Z
2026-08-27T09:51:17Z,2026-08-27T11:51:17+0200,0130a799-f590-4e00-8cb7-476fbd850f58,2026-08-20T04:15:00Z,2026-08-20T06:15:00+0200,183.99,EUR/MWh,DE,DE_LU,day_ahead_price,value,2026-08-27T09:55:05Z
2026-08-27T09:51:17Z,2026-08-27T11:51:17+0200,0130a799-f590-4e00-8cb7-476fbd850f58,2026-08-20T04:30:00Z,2026-08-20T06:30:00+0200,188.22,EUR/MWh,DE,DE_LU,day_ahead_price,value,2026-08-27T09:55:05Z
2026-08-27T09:51:17Z,2026-08-27T11:51:17+0200,0130a799-f590-4e00-8cb7-476fbd850f58,2026-08-20T04:45:00Z,2026-08-20T06:45:00+0200,187.35,EUR/MWh,DE,DE_LU,day_ahead_price,value,2026-08-27T09:55:05Z
2026-08-27T09:51:17Z,2026-08-27T11:51:17+0200,0130a799-f590-4e00-8cb7-476fbd850f58,2026-08-20T05:00:00Z,2026-08-20T07:00:00+0200,195.14,EUR/MWh,DE,DE_LU,day_ahead_price,value,2026-08-27T09:55:05Z
2026-08-27T09:51:17Z,2026-08-27T11:51:17+0200,0130a799-f590-4e00-8cb7-476fbd850f58,2026-08-20T05:15:00Z,2026-08-20T07:15:00+0200,188.66,EUR/MWh,DE,DE_LU,day_ahead_price,value,2026-08-27T09:55:05Z
2026-08-27T09:51:17Z,2026-08-27T11:51:17+0200,0130a799-f590-4e00-8cb7-476fbd850f58,2026-08-20T05:30:00Z,2026-08-20T07:30:00+0200,185.68,EUR/MWh,DE,DE_LU,day_ahead_price,value,2026-08-27T09:55:05Z
2026-08-27T09:51:17Z,2026-08-27T11:51:17+0200,0130a799-f590-4e00-8cb7-476fbd850f58,2026-08-20T05:45:00Z,2026-08-20T07:45:00+0200,176.25,EUR/MWh,DE,DE_LU,day_ahead_price,value,2026-08-27T09:55:05Z
2026-08-27T09:51:17Z,2026-08-27T11:51:17+0200,0130a799-f590-4e00-8cb7-476fbd850f58,2026-08-20T06:00:00Z,2026-08-20T08:00:00+0200,188.96,EUR/MWh,DE,DE_LU,day_ahead_price,value,2026-08-27T09:55:05Z
2026-08-27T09:51:17Z,2026-08-27T11:51:17+0200,0130a799-f590-4e00-8cb7-476fbd850f58,2026-08-20T06:15:00Z,2026-08-20T08:15:00+0200,177.63,EUR/MWh,DE,DE_LU,day_ahead_price,value,2026-08-27T09:55:05Z
2026-08-27T09:51:17Z,2026-08-27T11:51:17+0200,0130a799-f590-4e00-8cb7-476fbd850f58,2026-08-20T06:30:00Z,2026-08-20T08:30:00+0200,165.0,EUR/MWh,DE,DE_LU,day_ahead_price,value,2026-08-27T09:55:05Z
2026-08-27T09:51:17Z,2026-08-27T11:51:17+0200,0130a799-f590-4e00-8cb7-476fbd850f58,2026-08-20T06:45:00Z,2026-08-20T08:45:00+0200,155.4,EUR/MWh,DE,DE_LU,day_ahead_price,value,2026-08-27T09:55:05Z
2026-08-27T09:51:17Z,2026-08-27T11:51:17+0200,0130a799-f590-4e00-8cb7-476fbd850f58,2026-08-20T07:00:00Z,2026-08-20T09:00:00+0200,170.0,EUR/MWh,DE,DE_LU,day_ahead_price,value,2026-08-27T09:55:05Z
2026-08-27T09:51:17Z,2026-08-27T11:51:17+0200,0130a799-f590-4e00-8cb7-476fbd850f58,2026-08-20T07:15:00Z,2026-08-20T09:15:00+0200,165.11,EUR/MWh,DE,DE_LU,day_ahead_price,value,2026-08-27T09:55:05Z
2026-08-27T09:51:17Z,2026-08-27T11:51:17+0200,0130a799-f590-4e00-8cb7-476fbd850f58,2026-08-20T07:30:00Z,2026-08-20T09:30:00+0200,147.12,EUR/MWh,DE,DE_LU,day_ahead_price,value,2026-08-27T09:55:05Z
2026-08-27T09:51:17Z,2026-08-27T11:51:17+0200,0130a799-f590-4e00-8cb7-476fbd850f58,2026-08-20T07:45:00Z,2026-08-20T09:45:00+0200,135.79,EUR/MWh,DE,DE_LU,day_ahead_price,value,2026-08-27T09:55:05Z
2026-08-27T09:51:17Z,2026-08-27T11:51:17+0200,0130a799-f590-4e00-8cb7-476fbd850f58,2026-08-20T08:00:00Z,2026-08-20T10:00:00+0200,154.89,EUR/MWh,DE,DE_LU,day_ahead_price,value,2026-08-27T09:55:05Z
2026-08-27T09:51:17Z,2026-08-27T11:51:17+0200,0130a799-f590-4e00-8cb7-476fbd850f58,2026-08-20T08:15:00Z,2026-08-20T10:15:00+0200,137.18,EUR/MWh,DE,DE_LU,day_ahead_price,value,2026-08-27T09:55:05Z
2026-08-27T09:51:17Z,2026-08-27T11:51:17+0200,0130a799-f590-4e00-8cb7-476fbd850f58,2026-08-20T08:30:00Z,2026-08-20T10:30:00+0200,133.0,EUR/MWh,DE,DE_LU,day_ahead_price,value,2026-08-27T09:55:05Z
2026-08-27T09:51:17Z,2026-08-27T11:51:17+0200,0130a799-f590-4e00-8cb7-476fbd850f58,2026-08-20T08:45:00Z,2026-08-20T10:45:00+0200,117.89,EUR/MWh,DE,DE_LU,day_ahead_price,value,2026-08-27T09:55:05Z
2026-08-27T09:51:17Z,2026-08-27T11:51:17+0200,0130a799-f590-4e00-8cb7-476fbd850f58,2026-08-20T09:00:00Z,2026-08-20T11:00:00+0200,132.96,EUR/MWh,DE,DE_LU,day_ahead_price,value,2026-08-27T09:55:05Z
2026-08-27T09:51:17Z,2026-08-27T11:51:17+0200,0130a799-f590-4e00-8cb7-476fbd850f58,2026-08-20T09:15:00Z,2026-08-20T11:15:00+0200,112.6,EUR/MWh,DE,DE_LU,day_ahead_price,value,2026-08-27T09:55:05Z
2026-08-27T09:51:17Z,2026-08-27T11:51:17+0200,0130a799-f590-4e00-8cb7-476fbd850f58,2026-08-20T09:30:00Z,2026-08-20T11:30:00+0200,103.04,EUR/MWh,DE,DE_LU,day_ahead_price,value,2026-08-27T09:55:05Z
2026-08-27T09:51:17Z,2026-08-27T11:51:17+0200,0130a799-f590-4e00-8cb7-476fbd850f58,2026-08-20T09:45:00Z,2026-08-20T11:45:00+0200,89.22,EUR/MWh,DE,DE_LU,day_ahead_price,value,2026-08-27T09:55:05Z
2026-08-27T09:51:17Z,2026-08-27T11:51:17+0200,0130a799-f590-4e00-8cb7-476fbd850f58,2026-08-20T10:00:00Z,2026-08-20T12:00:00+0200,99.77,EUR/MWh,DE,DE_LU,day_ahead_price,value,2026-08-27T09:55:05Z
2026-08-27T09:51:17Z,2026-08-27T11:51:17+0200,0130a799-f590-4e00-8cb7-476fbd850f58,2026-08-20T10:15:00Z,2026-08-20T12:15:00+0200,83.69,EUR/MWh,DE,DE_LU,day_ahead_price,value,2026-08-27T09:55:05Z
2026-08-27T09:51:17Z,2026-08-27T11:51:17+0200,0130a799-f590-4e00-8cb7-476fbd850f58,2026-08-20T10:30:00Z,2026-08-20T12:30:00+0200,78.09,EUR/MWh,DE,DE_LU,day_ahead_price,value,2026-08-27T09:55:05Z
2026-08-27T09:51:17Z,2026-08-27T11:51:17+0200,0130a799-f590-4e00-8cb7-476fbd850f58,2026-08-20T10:45:00Z,2026-08-20T12:45:00+0200,72.97,EUR/MWh,DE,DE_LU,day_ahead_price,value,2026-08-27T09:55:05Z
2026-08-27T09:51:17Z,2026-08-27T11:51:17+0200,0130a799-f590-4e00-8cb7-476fbd850f58,2026-08-20T11:00:00Z,2026-08-20T13:00:00+0200,73.47,EUR/MWh,DE,DE_LU,day_ahead_price,value,2026-08-27T09:55:05Z
2026-08-27T09:51:17Z,2026-08-27T11:51:17+0200,0130a799-f590-4e00-8cb7-476fbd850f58,2026-08-20T11:15:00Z,2026-08-20T13:15:00+0200,68.25,EUR/MWh,DE,DE_LU,day_ahead_price,value,2026-08-27T09:55:05Z
2026-08-27T09:51:17Z,2026-08-27T11:51:17+0200,0130a799-f590-4e00-8cb7-476fbd850f58,2026-08-20T11:30:00Z,2026-08-20T13:30:00+0200,60.42,EUR/MWh,DE,DE_LU,day_ahead_price,value,2026-08-27T09:55:05Z
2026-08-27T09:51:17Z,2026-08-27T11:51:17+0200,0130a799-f590-4e00-8cb7-476fbd850f58,2026-08-20T11:45:00Z,2026-08-20T13:45:00+0200,52.69,EUR/MWh,DE,DE_LU,day_ahead_price,value,2026-08-27T09:55:05Z
2026-08-27T09:51:17Z,2026-08-27T11:51:17+0200,0130a799-f590-4e00-8cb7-476fbd850f58,2026-08-20T12:00:00Z,2026-08-20T14:00:00+0200,66.88,EUR/MWh,DE,DE_LU,day_ahead_price,value,2026-08-27T09:55:05Z
2026-08-27T09:51:17Z,2026-08-27T11:51:17+0200,0130a799-f590-4e00-8cb7-476fbd850f58,2026-08-20T12:15:00Z,2026-08-20T14:15:00+0200,65.18,EUR/MWh,DE,DE_LU,day_ahead_price,value,2026-08-27T09:55:05Z
2026-08-27T09:51:17Z,2026-08-27T11:51:17+0200,0130a799-f590-4e00-8cb7-476fbd850f58,2026-08-20T12:30:00Z,2026-08-20T14:30:00+0200,72.77,EUR/MWh,DE,DE_LU,day_ahead_price,value,2026-08-27T09:55:05Z
2026-08-27T09:51:17Z,2026-08-27T11:51:17+0200,0130a799-f590-4e00-8cb7-476fbd850f58,2026-08-20T12:45:00Z,2026-08-20T14:45:00+0200,72.93,EUR/MWh,DE,DE_LU,day_ahead_price,value,2026-08-27T09:55:05Z
2026-08-27T09:51:17Z,2026-08-27T11:51:17+0200,0130a799-f590-4e00-8cb7-476fbd850f58,2026-08-20T13:00:00Z,2026-08-20T15:00:00+0200,78.7,EUR/MWh,DE,DE_LU,day_ahead_price,value,2026-08-27T09:55:05Z
2026-08-27T09:51:17Z,2026-08-27T11:51:17+0200,0130a799-f590-4e00-8cb7-476fbd850f58,2026-08-20T13:15:00Z,2026-08-20T15:15:00+0200,85.36,EUR/MWh,DE,DE_LU,day_ahead_price,value,2026-08-27T09:55:05Z
2026-08-27T09:51:17Z,2026-08-27T11:51:17+0200,0130a799-f590-4e00-8cb7-476fbd850f58,2026-08-20T13:30:00Z,2026-08-20T15:30:00+0200,97.36,EUR/MWh,DE,DE_LU,day_ahead_price,value,2026-08-27T09:55:05Z
2026-08-27T09:51:17Z,2026-08-27T11:51:17+0200,0130a799-f590-4e00-8cb7-476fbd850f58,2026-08-20T13:45:00Z,2026-08-20T15:45:00+0200,103.41,EUR/MWh,DE,DE_LU,day_ahead_price,value,2026-08-27T09:55:05Z
2026-08-27T09:51:17Z,2026-08-27T11:51:17+0200,0130a799-f590-4e00-8cb7-476fbd850f58,2026-08-20T14:00:00Z,2026-08-20T16:00:00+0200,73.87,EUR/MWh,DE,DE_LU,day_ahead_price,value,2026-08-27T09:55:05Z
2026-08-27T09:51:17Z,2026-08-27T11:51:17+0200,0130a799-f590-4e00-8cb7-476fbd850f58,2026-08-20T14:15:00Z,2026-08-20T16:15:00+0200,99.0,EUR/MWh,DE,DE_LU,day_ahead_price,value,2026-08-27T09:55:05Z
2026-08-27T09:51:17Z,2026-08-27T11:51:17+0200,0130a799-f590-4e00-8cb7-476fbd850f58,2026-08-20T14:30:00Z,2026-08-20T16:30:00+0200,119.24,EUR/MWh,DE,DE_LU,day_ahead_price,value,2026-08-27T09:55:05Z
2026-08-27T09:51:17Z,2026-08-27T11:51:17+0200,0130a799-f590-4e00-8cb7-476fbd850f58,2026-08-20T14:45:00Z,2026-08-20T16:45:00+0200,131.91,EUR/MWh,DE,DE_LU,day_ahead_price,value,2026-08-27T09:55:05Z
2026-08-27T09:51:17Z,2026-08-27T11:51:17+0200,0130a799-f590-4e00-8cb7-476fbd850f58,2026-08-20T15:00:00Z,2026-08-20T17:00:00+0200,128.09,EUR/MWh,DE,DE_LU,day_ahead_price,value,2026-08-27T09:55:05Z
2026-08-27T09:51:17Z,2026-08-27T11:51:17+0200,0130a799-f590-4e00-8cb7-476fbd850f58,2026-08-20T15:15:00Z,2026-08-20T17:15:00+0200,135.63,EUR/MWh,DE,DE_LU,day_ahead_price,value,2026-08-27T09:55:05Z
2026-08-27T09:51:17Z,2026-08-27T11:51:17+0200,0130a799-f590-4e00-8cb7-476fbd850f58,2026-08-20T15:30:00Z,2026-08-20T17:30:00+0200,151.07,EUR/MWh,DE,DE_LU,day_ahead_price,value,2026-08-27T09:55:05Z
2026-08-27T09:51:17Z,2026-08-27T11:51:17+0200,0130a799-f590-4e00-8cb7-476fbd850f58,2026-08-20T15:45:00Z,2026-08-20T17:45:00+0200,162.01,EUR/MWh,DE,DE_LU,day_ahead_price,value,2026-08-27T09:55:05Z
2026-08-27T09:51:17Z,2026-08-27T11:51:17+0200,0130a799-f590-4e00-8cb7-476fbd850f58,2026-08-20T16:00:00Z,2026-08-20T18:00:00+0200,140.81,EUR/MWh,DE,DE_LU,day_ahead_price,value,2026-08-27T09:55:05Z
2026-08-27T09:51:17Z,2026-08-27T11:51:17+0200,0130a799-f590-4e00-8cb7-476fbd850f58,2026-08-20T16:15:00Z,2026-08-20T18:15:00+0200,156.73,EUR/MWh,DE,DE_LU,day_ahead_price,value,2026-08-27T09:55:05Z
2026-08-27T09:51:17Z,2026-08-27T11:51:17+0200,0130a799-f590-4e00-8cb7-476fbd850f58,2026-08-20T16:30:00Z,2026-08-20T18:30:00+0200,177.35,EUR/MWh,DE,DE_LU,day_ahead_price,value,2026-08-27T09:55:05Z
2026-08-27T09:51:17Z,2026-08-27T11:51:17+0200,0130a799-f590-4e00-8cb7-476fbd850f58,2026-08-20T16:45:00Z,2026-08-20T18:45:00+0200,182.09,EUR/MWh,DE,DE_LU,day_ahead_price,value,2026-08-27T09:55:05Z
2026-08-27T09:51:17Z,2026-08-27T11:51:17+0200,0130a799-f590-4e00-8cb7-476fbd850f58,2026-08-20T17:00:00Z,2026-08-20T19:00:00+0200,180.59,EUR/MWh,DE,DE_LU,day_ahead_price,value,2026-08-27T09:55:05Z
2026-08-27T09:51:17Z,2026-08-27T11:51:17+0200,0130a799-f590-4e00-8cb7-476fbd850f58,2026-08-20T17:15:00Z,2026-08-20T19:15:00+0200,189.29,EUR/MWh,DE,DE_LU,day_ahead_price,value,2026-08-27T09:55:05Z
2026-08-27T09:51:17Z,2026-08-27T11:51:17+0200,0130a799-f590-4e00-8cb7-476fbd850f58,2026-08-20T17:30:00Z,2026-08-20T19:30:00+0200,196.2,EUR/MWh,DE,DE_LU,day_ahead_price,value,2026-08-27T09:55:05Z
2026-08-27T09:51:17Z,2026-08-27T11:51:17+0200,0130a799-f590-4e00-8cb7-476fbd850f58,2026-08-20T17:45:00Z,2026-08-20T19:45:00+0200,202.81,EUR/MWh,DE,DE_LU,day_ahead_price,value,2026-08-27T09:55:05Z
2026-08-27T09:51:17Z,2026-08-27T11:51:17+0200,0130a799-f590-4e00-8cb7-476fbd850f58,2026-08-20T18:00:00Z,2026-08-20T20:00:00+0200,198.85,EUR/MWh,DE,DE_LU,day_ahead_price,value,2026-08-27T09:55:05Z
2026-08-27T09:51:17Z,2026-08-27T11:51:17+0200,0130a799-f590-4e00-8cb7-476fbd850f58,2026-08-20T18:15:00Z,2026-08-20T20:15:00+0200,199.99,EUR/MWh,DE,DE_LU,day_ahead_price,value,2026-08-27T09:55:05Z
2026-08-27T09:51:17Z,2026-08-27T11:51:17+0200,0130a799-f590-4e00-8cb7-476fbd850f58,2026-08-20T18:30:00Z,2026-08-20T20:30:00+0200,201.56,EUR/MWh,DE,DE_LU,day_ahead_price,value,2026-08-27T09:55:05Z
2026-08-27T09:51:17Z,2026-08-27T11:51:17+0200,0130a799-f590-4e00-8cb7-476fbd850f58,2026-08-20T18:45:00Z,2026-08-20T20:45:00+0200,202.0,EUR/MWh,DE,DE_LU,day_ahead_price,value,2026-08-27T09:55:05Z
2026-08-27T09:51:17Z,2026-08-27T11:51:17+0200,0130a799-f590-4e00-8cb7-476fbd850f58,2026-08-20T19:00:00Z,2026-08-20T21:00:00+0200,200.64,EUR/MWh,DE,DE_LU,day_ahead_price,value,2026-08-27T09:55:05Z
2026-08-27T09:51:17Z,2026-08-27T11:51:17+0200,0130a799-f590-4e00-8cb7-476fbd850f58,2026-08-20T19:15:00Z,2026-08-20T21:15:00+0200,197.67,EUR/MWh,DE,DE_LU,day_ahead_price,value,2026-08-27T09:55:05Z
2026-08-27T09:51:17Z,2026-08-27T11:51:17+0200,0130a799-f590-4e00-8cb7-476fbd850f58,2026-08-20T19:30:00Z,2026-08-20T21:30:00+0200,195.01,EUR/MWh,DE,DE_LU,day_ahead_price,value,2026-08-27T09:55:05Z
2026-08-27T09:51:17Z,2026-08-27T11:51:17+0200,0130a799-f590-4e00-8cb7-476fbd850f58,2026-08-20T19:45:00Z,2026-08-20T21:45:00+0200,189.15,EUR/MWh,DE,DE_LU,day_ahead_price,value,2026-08-27T09:55:05Z
2026-08-27T09:51:17Z,2026-08-27T11:51:17+0200,0130a799-f590-4e00-8cb7-476fbd850f58,2026-08-20T20:00:00Z,2026-08-20T22:00:00+0200,193.65,EUR/MWh,DE,DE_LU,day_ahead_price,value,2026-08-27T09:55:05Z
2026-08-27T09:51:17Z,2026-08-27T11:51:17+0200,0130a799-f590-4e00-8cb7-476fbd850f58,2026-08-20T20:15:00Z,2026-08-20T22:15:00+0200,190.0,EUR/MWh,DE,DE_LU,day_ahead_price,value,2026-08-27T09:55:05Z
2026-08-27T09:51:17Z,2026-08-27T11:51:17+0200,0130a799-f590-4e00-8cb7-476fbd850f58,2026-08-20T20:30:00Z,2026-08-20T22:30:00+0200,187.99,EUR/MWh,DE,DE_LU,day_ahead_price,value,2026-08-27T09:55:05Z
2026-08-27T09:51:17Z,2026-08-27T11:51:17+0200,0130a799-f590-4e00-8cb7-476fbd850f58,2026-08-20T20:45:00Z,2026-08-20T22:45:00+0200,180.07,EUR/MWh,DE,DE_LU,day_ahead_price,value,2026-08-27T09:55:05Z
2026-08-27T09:51:17Z,2026-08-27T11:51:17+0200,0130a799-f590-4e00-8cb7-476fbd850f58,2026-08-20T21:00:00Z,2026-08-20T23:00:00+0200,180.09,EUR/MWh,DE,DE_LU,day_ahead_price,value,2026-08-27T09:55:05Z
2026-08-27T09:51:17Z,2026-08-27T11:51:17+0200,0130a799-f590-4e00-8cb7-476fbd850f58,2026-08-20T21:15:00Z,2026-08-20T23:15:00+0200,176.0,EUR/MWh,DE,DE_LU,day_ahead_price,value,2026-08-27T09:55:05Z
2026-08-27T09:51:17Z,2026-08-27T11:51:17+0200,0130a799-f590-4e00-8cb7-476fbd850f58,2026-08-20T21:30:00Z,2026-08-20T23:30:00+0200,170.93,EUR/MWh,DE,DE_LU,day_ahead_price,value,2026-08-27T09:55:05Z
2026-08-27T09:51:17Z,2026-08-27T11:51:17+0200,0130a799-f590-4e00-8cb7-476fbd850f58,2026-08-20T21:45:00Z,2026-08-20T23:45:00+0200,165.04,EUR/MWh,DE,DE_LU,day_ahead_price,value,2026-08-27T09:55:05Z
2026-08-27T09:51:17Z,2026-08-27T11:51:17+0200,0130a799-f590-4e00-8cb7-476fbd850f58,2026-08-20T22:00:00Z,2026-08-21T00:00:00+0200,183.05,EUR/MWh,DE,DE_LU,day_ahead_price,value,2026-08-27T09:55:05Z
2026-08-27T09:51:17Z,2026-08-27T11:51:17+0200,0130a799-f590-4e00-8cb7-476fbd850f58,2026-08-20T22:15:00Z,2026-08-21T00:15:00+0200,175.0,EUR/MWh,DE,DE_LU,day_ahead_price,value,2026-08-27T09:55:05Z
2026-08-27T09:51:17Z,2026-08-27T11:51:17+0200,0130a799-f590-4e00-8cb7-476fbd850f58,2026-08-20T22:30:00Z,2026-08-21T00:30:00+0200,166.45,EUR/MWh,DE,DE_LU,day_ahead_price,value,2026-08-27T09:55:05Z
2026-08-27T09:51:17Z,2026-08-27T11:51:17+0200,0130a799-f590-4e00-8cb7-476fbd850f58,2026-08-20T22:45:00Z,2026-08-21T00:45:00+0200,156.9,EUR/MWh,DE,DE_LU,day_ahead_price,value,2026-08-27T09:55:05Z
2026-08-27T09:51:17Z,2026-08-27T11:51:17+0200,0130a799-f590-4e00-8cb7-476fbd850f58,2026-08-20T23:00:00Z,2026-08-21T01:00:00+0200,165.55,EUR/MWh,DE,DE_LU,day_ahead_price,value,2026-08-27T09:55:05Z
2026-08-27T09:51:17Z,2026-08-27T11:51:17+0200,0130a799-f590-4e00-8cb7-476fbd850f58,2026-08-20T23:15:00Z,2026-08-21T01:15:00+0200,162.28,EUR/MWh,DE,DE_LU,day_ahead_price,value,2026-08-27T09:55:05Z
2026-08-27T09:51:17Z,2026-08-27T11:51:17+0200,0130a799-f590-4e00-8cb7-476fbd850f58,2026-08-20T23:30:00Z,2026-08-21T01:30:00+0200,159.74,EUR/MWh,DE,DE_LU,day_ahead_price,value,2026-08-27T09:55:05Z
2026-08-27T09:51:17Z,2026-08-27T11:51:17+0200,0130a799-f590-4e00-8cb7-476fbd850f58,2026-08-20T23:45:00Z,2026-08-21T01:45:00+0200,154.39,EUR/MWh,DE,DE_LU,day_ahead_price,value,2026-08-27T09:55:05Z
2026-08-27T09:51:17Z,2026-08-27T11:51:17+0200,0130a799-f590-4e00-8cb7-476fbd850f58,2026-08-21T00:00:00Z,2026-08-21T02:00:00+0200,154.94,EUR/MWh,DE,DE_LU,day_ahead_price,value,2026-08-27T09:55:05Z
2026-08-27T09:51:17Z,2026-08-27T11:51:17+0200,0130a799-f590-4e00-8cb7-476fbd850f58,2026-08-21T00:15:00Z,2026-08-21T02:15:00+0200,152.71,EUR/MWh,DE,DE_LU,day_ahead_price,value,2026-08-27T09:55:05Z
2026-08-27T09:51:17Z,2026-08-27T11:51:17+0200,0130a799-f590-4e00-8cb7-476fbd850f58,2026-08-21T00:30:00Z,2026-08-21T02:30:00+0200,151.0,EUR/MWh,DE,DE_LU,day_ahead_price,value,2026-08-27T09:55:05Z
2026-08-27T09:51:17Z,2026-08-27T11:51:17+0200,0130a799-f590-4e00-8cb7-476fbd850f58,2026-08-21T00:45:00Z,2026-08-21T02:45:00+0200,151.3,EUR/MWh,DE,DE_LU,day_ahead_price,value,2026-08-27T09:55:05Z
2026-08-27T09:51:17Z,2026-08-27T11:51:17+0200,0130a799-f590-4e00-8cb7-476fbd850f58,2026-08-21T01:00:00Z,2026-08-21T03:00:00+0200,152.65,EUR/MWh,DE,DE_LU,day_ahead_price,value,2026-08-27T09:55:05Z
2026-08-27T09:51:17Z,2026-08-27T11:51:17+0200,0130a799-f590-4e00-8cb7-476fbd850f58,2026-08-21T01:15:00Z,2026-08-21T03:15:00+0200,151.11,EUR/MWh,DE,DE_LU,day_ahead_price,value,2026-08-27T09:55:05Z
2026-08-27T09:51:17Z,2026-08-27T11:51:17+0200,0130a799-f590-4e00-8cb7-476fbd850f58,2026-08-21T01:30:00Z,2026-08-21T03:30:00+0200,151.53,EUR/MWh,DE,DE_LU,day_ahead_price,value,2026-08-27T09:55:05Z
2026-08-27T09:51:17Z,2026-08-27T11:51:17+0200,0130a799-f590-4e00-8cb7-476fbd850f58,2026-08-21T01:45:00Z,2026-08-21T03:45:00+0200,150.61,EUR/MWh,DE,DE_LU,day_ahead_price,value,2026-08-27T09:55:05Z
2026-08-27T09:51:17Z,2026-08-27T11:51:17+0200,0130a799-f590-4e00-8cb7-476fbd850f58,2026-08-21T02:00:00Z,2026-08-21T04:00:00+0200,150.88,EUR/MWh,DE,DE_LU,day_ahead_price,value,2026-08-27T09:55:05Z
2026-08-27T09:51:17Z,2026-08-27T11:51:17+0200,0130a799-f590-4e00-8cb7-476fbd850f58,2026-08-21T02:15:00Z,2026-08-21T04:15:00+0200,151.49,EUR/MWh,DE,DE_LU,day_ahead_price,value,2026-08-27T09:55:05Z
2026-08-27T09:51:17Z,2026-08-27T11:51:17+0200,0130a799-f590-4e00-8cb7-476fbd850f58,2026-08-21T02:30:00Z,2026-08-21T04:30:00+0200,152.57,EUR/MWh,DE,DE_LU,day_ahead_price,value,2026-08-27T09:55:05Z
2026-08-27T09:51:17Z,2026-08-27T11:51:17+0200,0130a799-f590-4e00-8cb7-476fbd850f58,2026-08-21T02:45:00Z,2026-08-21T04:45:00+0200,157.9,EUR/MWh,DE,DE_LU,day_ahead_price,value,2026-08-27T09:55:05Z
2026-08-27T09:51:17Z,2026-08-27T11:51:17+0200,0130a799-f590-4e00-8cb7-476fbd850f58,2026-08-21T03:00:00Z,2026-08-21T05:00:00+0200,152.1,EUR/MWh,DE,DE_LU,day_ahead_price,value,2026-08-27T09:55:05Z
2026-08-27T09:51:17Z,2026-08-27T11:51:17+0200,0130a799-f590-4e00-8cb7-476fbd850f58,2026-08-21T03:15:00Z,2026-08-21T05:15:00+0200,157.08,EUR/MWh,DE,DE_LU,day_ahead_price,value,2026-08-27T09:55:05Z
2026-08-27T09:51:17Z,2026-08-27T11:51:17+0200,0130a799-f590-4e00-8cb7-476fbd850f58,2026-08-21T03:30:00Z,2026-08-21T05:30:00+0200,169.32,EUR/MWh,DE,DE_LU,day_ahead_price,value,2026-08-27T09:55:05Z
2026-08-27T09:51:17Z,2026-08-27T11:51:17+0200,0130a799-f590-4e00-8cb7-476fbd850f58,2026-08-21T03:45:00Z,2026-08-21T05:45:00+0200,185.0,EUR/MWh,DE,DE_LU,day_ahead_price,value,2026-08-27T09:55:05Z
2026-08-27T09:51:17Z,2026-08-27T11:51:17+0200,0130a799-f590-4e00-8cb7-476fbd850f58,2026-08-21T04:00:00Z,2026-08-21T06:00:00+0200,181.71,EUR/MWh,DE,DE_LU,day_ahead_price,value,2026-08-27T09:55:05Z
2026-08-27T09:51:17Z,2026-08-27T11:51:17+0200,0130a799-f590-4e00-8cb7-476fbd850f58,2026-08-21T04:15:00Z,2026-08-21T06:15:00+0200,189.94,EUR/MWh,DE,DE_LU,day_ahead_price,value,2026-08-27T09:55:05Z
2026-08-27T09:51:17Z,2026-08-27T11:51:17+0200,0130a799-f590-4e00-8cb7-476fbd850f58,2026-08-21T04:30:00Z,2026-08-21T06:30:00+0200,189.93,EUR/MWh,DE,DE_LU,day_ahead_price,value,2026-08-27T09:55:05Z
2026-08-27T09:51:17Z,2026-08-27T11:51:17+0200,0130a799-f590-4e00-8cb7-476fbd850f58,2026-08-21T04:45:00Z,2026-08-21T06:45:00+0200,195.26,EUR/MWh,DE,DE_LU,day_ahead_price,value,2026-08-27T09:55:05Z
2026-08-27T09:51:17Z,2026-08-27T11:51:17+0200,0130a799-f590-4e00-8cb7-476fbd850f58,2026-08-21T05:00:00Z,2026-08-21T07:00:00+0200,193.58,EUR/MWh,DE,DE_LU,day_ahead_price,value,2026-08-27T09:55:05Z
2026-08-27T09:51:17Z,2026-08-27T11:51:17+0200,0130a799-f590-4e00-8cb7-476fbd850f58,2026-08-21T05:15:00Z,2026-08-21T07:15:00+0200,194.66,EUR/MWh,DE,DE_LU,day_ahead_price,value,2026-08-27T09:55:05Z
2026-08-27T09:51:17Z,2026-08-27T11:51:17+0200,0130a799-f590-4e00-8cb7-476fbd850f58,2026-08-21T05:30:00Z,2026-08-21T07:30:00+0200,195.32,EUR/MWh,DE,DE_LU,day_ahead_price,value,2026-08-27T09:55:05Z
2026-08-27T09:51:17Z,2026-08-27T11:51:17+0200,0130a799-f590-4e00-8cb7-476fbd850f58,2026-08-21T05:45:00Z,2026-08-21T07:45:00+0200,192.0,EUR/MWh,DE,DE_LU,day_ahead_price,value,2026-08-27T09:55:05Z
2026-08-27T09:51:17Z,2026-08-27T11:51:17+0200,0130a799-f590-4e00-8cb7-476fbd850f58,2026-08-21T06:00:00Z,2026-08-21T08:00:00+0200,211.88,EUR/MWh,DE,DE_LU,day_ahead_price,value,2026-08-27T09:55:05Z
2026-08-27T09:51:17Z,2026-08-27T11:51:17+0200,0130a799-f590-4e00-8cb7-476fbd850f58,2026-08-21T06:15:00Z,2026-08-21T08:15:00+0200,204.71,EUR/MWh,DE,DE_LU,day_ahead_price,value,2026-08-27T09:55:05Z
2026-08-27T09:51:17Z,2026-08-27T11:51:17+0200,0130a799-f590-4e00-8cb7-476fbd850f58,2026-08-21T06:30:00Z,2026-08-21T08:30:00+0200,188.2,EUR/MWh,DE,DE_LU,day_ahead_price,value,2026-08-27T09:55:05Z
2026-08-27T09:51:17Z,2026-08-27T11:51:17+0200,0130a799-f590-4e00-8cb7-476fbd850f58,2026-08-21T06:45:00Z,2026-08-21T08:45:00+0200,165.55,EUR/MWh,DE,DE_LU,day_ahead_price,value,2026-08-27T09:55:05Z
2026-08-27T09:51:17Z,2026-08-27T11:51:17+0200,0130a799-f590-4e00-8cb7-476fbd850f58,2026-08-21T07:00:00Z,2026-08-21T09:00:00+0200,193.04,EUR/MWh,DE,DE_LU,day_ahead_price,value,2026-08-27T09:55:05Z
2026-08-27T09:51:17Z,2026-08-27T11:51:17+0200,0130a799-f590-4e00-8cb7-476fbd850f58,2026-08-21T07:15:00Z,2026-08-21T09:15:00+0200,175.59,EUR/MWh,DE,DE_LU,day_ahead_price,value,2026-08-27T09:55:05Z
2026-08-27T09:51:17Z,2026-08-27T11:51:17+0200,0130a799-f590-4e00-8cb7-476fbd850f58,2026-08-21T07:30:00Z,2026-08-21T09:30:00+0200,158.24,EUR/MWh,DE,DE_LU,day_ahead_price,value,2026-08-27T09:55:05Z
2026-08-27T09:51:17Z,2026-08-27T11:51:17+0200,0130a799-f590-4e00-8cb7-476fbd850f58,2026-08-21T07:45:00Z,2026-08-21T09:45:00+0200,144.45,EUR/MWh,DE,DE_LU,day_ahead_price,value,2026-08-27T09:55:05Z
2026-08-27T09:51:17Z,2026-08-27T11:51:17+0200,0130a799-f590-4e00-8cb7-476fbd850f58,2026-08-21T08:00:00Z,2026-08-21T10:00:00+0200,166.0,EUR/MWh,DE,DE_LU,day_ahead_price,value,2026-08-27T09:55:05Z
2026-08-27T09:51:17Z,2026-08-27T11:51:17+0200,0130a799-f590-4e00-8cb7-476fbd850f58,2026-08-21T08:15:00Z,2026-08-21T10:15:00+0200,154.69,EUR/MWh,DE,DE_LU,day_ahead_price,value,2026-08-27T09:55:05Z
2026-08-27T09:51:17Z,2026-08-27T11:51:17+0200,0130a799-f590-4e00-8cb7-476fbd850f58,2026-08-21T08:30:00Z,2026-08-21T10:30:00+0200,142.59,EUR/MWh,DE,DE_LU,day_ahead_price,value,2026-08-27T09:55:05Z
2026-08-27T09:51:17Z,2026-08-27T11:51:17+0200,0130a799-f590-4e00-8cb7-476fbd850f58,2026-08-21T08:45:00Z,2026-08-21T10:45:00+0200,132.72,EUR/MWh,DE,DE_LU,day_ahead_price,value,2026-08-27T09:55:05Z
2026-08-27T09:51:17Z,2026-08-27T11:51:17+0200,0130a799-f590-4e00-8cb7-476fbd850f58,2026-08-21T09:00:00Z,2026-08-21T11:00:00+0200,139.8,EUR/MWh,DE,DE_LU,day_ahead_price,value,2026-08-27T09:55:05Z
2026-08-27T09:51:17Z,2026-08-27T11:51:17+0200,0130a799-f590-4e00-8cb7-476fbd850f58,2026-08-21T09:15:00Z,2026-08-21T11:15:00+0200,142.14,EUR/MWh,DE,DE_LU,day_ahead_price,value,2026-08-27T09:55:05Z
2026-08-27T09:51:17Z,2026-08-27T11:51:17+0200,0130a799-f590-4e00-8cb7-476fbd850f58,2026-08-21T09:30:00Z,2026-08-21T11:30:00+0200,137.0,EUR/MWh,DE,DE_LU,day_ahead_price,value,2026-08-27T09:55:05Z
2026-08-27T09:51:17Z,2026-08-27T11:51:17+0200,0130a799-f590-4e00-8cb7-476fbd850f58,2026-08-21T09:45:00Z,2026-08-21T11:45:00+0200,136.59,EUR/MWh,DE,DE_LU,day_ahead_price,value,2026-08-27T09:55:05Z
2026-08-27T09:51:17Z,2026-08-27T11:51:17+0200,0130a799-f590-4e00-8cb7-476fbd850f58,2026-08-21T10:00:00Z,2026-08-21T12:00:00+0200,134.38,EUR/MWh,DE,DE_LU,day_ahead_price,value,2026-08-27T09:55:05Z
2026-08-27T09:51:17Z,2026-08-27T11:51:17+0200,0130a799-f590-4e00-8cb7-476fbd850f58,2026-08-21T10:15:00Z,2026-08-21T12:15:00+0200,134.62,EUR/MWh,DE,DE_LU,day_ahead_price,value,2026-08-27T09:55:05Z
2026-08-27T09:51:17Z,2026-08-27T11:51:17+0200,0130a799-f590-4e00-8cb7-476fbd850f58,2026-08-21T10:30:00Z,2026-08-21T12:30:00+0200,134.77,EUR/MWh,DE,DE_LU,day_ahead_price,value,2026-08-27T09:55:05Z
2026-08-27T09:51:17Z,2026-08-27T11:51:17+0200,0130a799-f590-4e00-8cb7-476fbd850f58,2026-08-21T10:45:00Z,2026-08-21T12:45:00+0200,137.07,EUR/MWh,DE,DE_LU,day_ahead_price,value,2026-08-27T09:55:05Z
2026-08-27T09:51:17Z,2026-08-27T11:51:17+0200,0130a799-f590-4e00-8cb7-476fbd850f58,2026-08-21T11:00:00Z,2026-08-21T13:00:00+0200,140.65,EUR/MWh,DE,DE_LU,day_ahead_price,value,2026-08-27T09:55:05Z
2026-08-27T09:51:17Z,2026-08-27T11:51:17+0200,0130a799-f590-4e00-8cb7-476fbd850f58,2026-08-21T11:15:00Z,2026-08-21T13:15:00+0200,138.01,EUR/MWh,DE,DE_LU,day_ahead_price,value,2026-08-27T09:55:05Z
2026-08-27T09:51:17Z,2026-08-27T11:51:17+0200,0130a799-f590-4e00-8cb7-476fbd850f58,2026-08-21T11:30:00Z,2026-08-21T13:30:00+0200,142.81,EUR/MWh,DE,DE_LU,day_ahead_price,value,2026-08-27T09:55:05Z
2026-08-27T09:51:17Z,2026-08-27T11:51:17+0200,0130a799-f590-4e00-8cb7-476fbd850f58,2026-08-21T11:45:00Z,2026-08-21T13:45:00+0200,140.51,EUR/MWh,DE,DE_LU,day_ahead_price,value,2026-08-27T09:55:05Z
2026-08-27T09:51:17Z,2026-08-27T11:51:17+0200,0130a799-f590-4e00-8cb7-476fbd850f58,2026-08-21T12:00:00Z,2026-08-21T14:00:00+0200,134.35,EUR/MWh,DE,DE_LU,day_ahead_price,value,2026-08-27T09:55:05Z
2026-08-27T09:51:17Z,2026-08-27T11:51:17+0200,0130a799-f590-4e00-8cb7-476fbd850f58,2026-08-21T12:15:00Z,2026-08-21T14:15:00+0200,142.05,EUR/MWh,DE,DE_LU,day_ahead_price,value,2026-08-27T09:55:05Z
2026-08-27T09:51:17Z,2026-08-27T11:51:17+0200,0130a799-f590-4e00-8cb7-476fbd850f58,2026-08-21T12:30:00Z,2026-08-21T14:30:00+0200,144.34,EUR/MWh,DE,DE_LU,day_ahead_price,value,2026-08-27T09:55:05Z
2026-08-27T09:51:17Z,2026-08-27T11:51:17+0200,0130a799-f590-4e00-8cb7-476fbd850f58,2026-08-21T12:45:00Z,2026-08-21T14:45:00+0200,143.95,EUR/MWh,DE,DE_LU,day_ahead_price,value,2026-08-27T09:55:05Z
2026-08-27T09:51:17Z,2026-08-27T11:51:17+0200,0130a799-f590-4e00-8cb7-476fbd850f58,2026-08-21T13:00:00Z,2026-08-21T15:00:00+0200,144.78,EUR/MWh,DE,DE_LU,day_ahead_price,value,2026-08-27T09:55:05Z
2026-08-27T09:51:17Z,2026-08-27T11:51:17+0200,0130a799-f590-4e00-8cb7-476fbd850f58,2026-08-21T13:15:00Z,2026-08-21T15:15:00+0200,145.0,EUR/MWh,DE,DE_LU,day_ahead_price,value,2026-08-27T09:55:05Z
2026-08-27T09:51:17Z,2026-08-27T11:51:17+0200,0130a799-f590-4e00-8cb7-476fbd850f58,2026-08-21T13:30:00Z,2026-08-21T15:30:00+0200,144.12,EUR/MWh,DE,DE_LU,day_ahead_price,value,2026-08-27T09:55:05Z
2026-08-27T09:51:17Z,2026-08-27T11:51:17+0200,0130a799-f590-4e00-8cb7-476fbd850f58,2026-08-21T13:45:00Z,2026-08-21T15:45:00+0200,165.09,EUR/MWh,DE,DE_LU,day_ahead_price,value,2026-08-27T09:55:05Z
2026-08-27T09:51:17Z,2026-08-27T11:51:17+0200,0130a799-f590-4e00-8cb7-476fbd850f58,2026-08-21T14:00:00Z,2026-08-21T16:00:00+0200,148.6,EUR/MWh,DE,DE_LU,day_ahead_price,value,2026-08-27T09:55:05Z
2026-08-27T09:51:17Z,2026-08-27T11:51:17+0200,0130a799-f590-4e00-8cb7-476fbd850f58,2026-08-21T14:15:00Z,2026-08-21T16:15:00+0200,157.97,EUR/MWh,DE,DE_LU,day_ahead_price,value,2026-08-27T09:55:05Z
2026-08-27T09:51:17Z,2026-08-27T11:51:17+0200,0130a799-f590-4e00-8cb7-476fbd850f58,2026-08-21T14:30:00Z,2026-08-21T16:30:00+0200,167.88,EUR/MWh,DE,DE_LU,day_ahead_price,value,2026-08-27T09:55:05Z
2026-08-27T09:51:17Z,2026-08-27T11:51:17+0200,0130a799-f590-4e00-8cb7-476fbd850f58,2026-08-21T14:45:00Z,2026-08-21T16:45:00+0200,191.51,EUR/MWh,DE,DE_LU,day_ahead_price,value,2026-08-27T09:55:05Z
2026-08-27T09:51:17Z,2026-08-27T11:51:17+0200,0130a799-f590-4e00-8cb7-476fbd850f58,2026-08-21T15:00:00Z,2026-08-21T17:00:00+0200,160.6,EUR/MWh,DE,DE_LU,day_ahead_price,value,2026-08-27T09:55:05Z
2026-08-27T09:51:17Z,2026-08-27T11:51:17+0200,0130a799-f590-4e00-8cb7-476fbd850f58,2026-08-21T15:15:00Z,2026-08-21T17:15:00+0200,180.84,EUR/MWh,DE,DE_LU,day_ahead_price,value,2026-08-27T09:55:05Z
2026-08-27T09:51:17Z,2026-08-27T11:51:17+0200,0130a799-f590-4e00-8cb7-476fbd850f58,2026-08-21T15:30:00Z,2026-08-21T17:30:00+0200,196.0,EUR/MWh,DE,DE_LU,day_ahead_price,value,2026-08-27T09:55:05Z
2026-08-27T09:51:17Z,2026-08-27T11:51:17+0200,0130a799-f590-4e00-8cb7-476fbd850f58,2026-08-21T15:45:00Z,2026-08-21T17:45:00+0200,207.39,EUR/MWh,DE,DE_LU,day_ahead_price,value,2026-08-27T09:55:05Z
2026-08-27T09:51:17Z,2026-08-27T11:51:17+0200,0130a799-f590-4e00-8cb7-476fbd850f58,2026-08-21T16:00:00Z,2026-08-21T18:00:00+0200,193.49,EUR/MWh,DE,DE_LU,day_ahead_price,value,2026-08-27T09:55:05Z
2026-08-27T09:51:17Z,2026-08-27T11:51:17+0200,0130a799-f590-4e00-8cb7-476fbd850f58,2026-08-21T16:15:00Z,2026-08-21T18:15:00+0200,199.99,EUR/MWh,DE,DE_LU,day_ahead_price,value,2026-08-27T09:55:05Z
2026-08-27T09:51:17Z,2026-08-27T11:51:17+0200,0130a799-f590-4e00-8cb7-476fbd850f58,2026-08-21T16:30:00Z,2026-08-21T18:30:00+0200,196.37,EUR/MWh,DE,DE_LU,day_ahead_price,value,2026-08-27T09:55:05Z
2026-08-27T09:51:17Z,2026-08-27T11:51:17+0200,0130a799-f590-4e00-8cb7-476fbd850f58,2026-08-21T16:45:00Z,2026-08-21T18:45:00+0200,198.11,EUR/MWh,DE,DE_LU,day_ahead_price,value,2026-08-27T09:55:05Z
2026-08-27T09:51:17Z,2026-08-27T11:51:17+0200,0130a799-f590-4e00-8cb7-476fbd850f58,2026-08-21T17:00:00Z,2026-08-21T19:00:00+0200,205.0,EUR/MWh,DE,DE_LU,day_ahead_price,value,2026-08-27T09:55:05Z
2026-08-27T09:51:17Z,2026-08-27T11:51:17+0200,0130a799-f590-4e00-8cb7-476fbd850f58,2026-08-21T17:15:00Z,2026-08-21T19:15:00+0200,204.34,EUR/MWh,DE,DE_LU,day_ahead_price,value,2026-08-27T09:55:05Z
2026-08-27T09:51:17Z,2026-08-27T11:51:17+0200,0130a799-f590-4e00-8cb7-476fbd850f58,2026-08-21T17:30:00Z,2026-08-21T19:30:00+0200,199.99,EUR/MWh,DE,DE_LU,day_ahead_price,value,2026-08-27T09:55:05Z
2026-08-27T09:51:17Z,2026-08-27T11:51:17+0200,0130a799-f590-4e00-8cb7-476fbd850f58,2026-08-21T17:45:00Z,2026-08-21T19:45:00+0200,208.33,EUR/MWh,DE,DE_LU,day_ahead_price,value,2026-08-27T09:55:05Z
2026-08-27T09:51:17Z,2026-08-27T11:51:17+0200,0130a799-f590-4e00-8cb7-476fbd850f58,2026-08-21T18:00:00Z,2026-08-21T20:00:00+0200,206.99,EUR/MWh,DE,DE_LU,day_ahead_price,value,2026-08-27T09:55:05Z
2026-08-27T09:51:17Z,2026-08-27T11:51:17+0200,0130a799-f590-4e00-8cb7-476fbd850f58,2026-08-21T18:15:00Z,2026-08-21T20:15:00+0200,199.56,EUR/MWh,DE,DE_LU,day_ahead_price,value,2026-08-27T09:55:05Z
2026-08-27T09:51:17Z,2026-08-27T11:51:17+0200,0130a799-f590-4e00-8cb7-476fbd850f58,2026-08-21T18:30:00Z,2026-08-21T20:30:00+0200,200.76,EUR/MWh,DE,DE_LU,day_ahead_price,value,2026-08-27T09:55:05Z
2026-08-27T09:51:17Z,2026-08-27T11:51:17+0200,0130a799-f590-4e00-8cb7-476fbd850f58,2026-08-21T18:45:00Z,2026-08-21T20:45:00+0200,208.31,EUR/MWh,DE,DE_LU,day_ahead_price,value,2026-08-27T09:55:05Z
2026-08-27T09:51:17Z,2026-08-27T11:51:17+0200,0130a799-f590-4e00-8cb7-476fbd850f58,2026-08-21T19:00:00Z,2026-08-21T21:00:00+0200,205.32,EUR/MWh,DE,DE_LU,day_ahead_price,value,2026-08-27T09:55:05Z
2026-08-27T09:51:17Z,2026-08-27T11:51:17+0200,0130a799-f590-4e00-8cb7-476fbd850f58,2026-08-21T19:15:00Z,2026-08-21T21:15:00+0200,204.01,EUR/MWh,DE,DE_LU,day_ahead_price,value,2026-08-27T09:55:05Z
2026-08-27T09:51:17Z,2026-08-27T11:51:17+0200,0130a799-f590-4e00-8cb7-476fbd850f58,2026-08-21T19:30:00Z,2026-08-21T21:30:00+0200,195.96,EUR/MWh,DE,DE_LU,day_ahead_price,value,2026-08-27T09:55:05Z
2026-08-27T09:51:17Z,2026-08-27T11:51:17+0200,0130a799-f590-4e00-8cb7-476fbd850f58,2026-08-21T19:45:00Z,2026-08-21T21:45:00+0200,189.57,EUR/MWh,DE,DE_LU,day_ahead_price,value,2026-08-27T09:55:05Z
2026-08-27T09:51:17Z,2026-08-27T11:51:17+0200,0130a799-f590-4e00-8cb7-476fbd850f58,2026-08-21T20:00:00Z,2026-08-21T22:00:00+0200,192.71,EUR/MWh,DE,DE_LU,day_ahead_price,value,2026-08-27T09:55:05Z
2026-08-27T09:51:17Z,2026-08-27T11:51:17+0200,0130a799-f590-4e00-8cb7-476fbd850f58,2026-08-21T20:15:00Z,2026-08-21T22:15:00+0200,188.27,EUR/MWh,DE,DE_LU,day_ahead_price,value,2026-08-27T09:55:05Z
2026-08-27T09:51:17Z,2026-08-27T11:51:17+0200,0130a799-f590-4e00-8cb7-476fbd850f58,2026-08-21T20:30:00Z,2026-08-21T22:30:00+0200,189.26,EUR/MWh,DE,DE_LU,day_ahead_price,value,2026-08-27T09:55:05Z
2026-08-27T09:51:17Z,2026-08-27T11:51:17+0200,0130a799-f590-4e00-8cb7-476fbd850f58,2026-08-21T20:45:00Z,2026-08-21T22:45:00+0200,179.19,EUR/MWh,DE,DE_LU,day_ahead_price,value,2026-08-27T09:55:05Z
2026-08-27T09:51:17Z,2026-08-27T11:51:17+0200,0130a799-f590-4e00-8cb7-476fbd850f58,2026-08-21T21:00:00Z,2026-08-21T23:00:00+0200,182.37,EUR/MWh,DE,DE_LU,day_ahead_price,value,2026-08-27T09:55:05Z
2026-08-27T09:51:17Z,2026-08-27T11:51:17+0200,0130a799-f590-4e00-8cb7-476fbd850f58,2026-08-21T21:15:00Z,2026-08-21T23:15:00+0200,175.8,EUR/MWh,DE,DE_LU,day_ahead_price,value,2026-08-27T09:55:05Z
2026-08-27T09:51:17Z,2026-08-27T11:51:17+0200,0130a799-f590-4e00-8cb7-476fbd850f58,2026-08-21T21:30:00Z,2026-08-21T23:30:00+0200,171.92,EUR/MWh,DE,DE_LU,day_ahead_price,value,2026-08-27T09:55:05Z
2026-08-27T09:51:17Z,2026-08-27T11:51:17+0200,0130a799-f590-4e00-8cb7-476fbd850f58,2026-08-21T21:45:00Z,2026-08-21T23:45:00+0200,163.91,EUR/MWh,DE,DE_LU,day_ahead_price,value,2026-08-27T09:55:05Z
2026-08-27T09:51:17Z,2026-08-27T11:51:17+0200,0130a799-f590-4e00-8cb7-476fbd850f58,2026-08-21T22:00:00Z,2026-08-22T00:00:00+0200,176.56,EUR/MWh,DE,DE_LU,day_ahead_price,value,2026-08-27T09:55:05Z
2026-08-27T09:51:17Z,2026-08-27T11:51:17+0200,0130a799-f590-4e00-8cb7-476fbd850f58,2026-08-21T22:15:00Z,2026-08-22T00:15:00+0200,171.6,EUR/MWh,DE,DE_LU,day_ahead_price,value,2026-08-27T09:55:05Z
2026-08-27T09:51:17Z,2026-08-27T11:51:17+0200,0130a799-f590-4e00-8cb7-476fbd850f58,2026-08-21T22:30:00Z,2026-08-22T00:30:00+0200,166.27,EUR/MWh,DE,DE_LU,day_ahead_price,value,2026-08-27T09:55:05Z
2026-08-27T09:51:17Z,2026-08-27T11:51:17+0200,0130a799-f590-4e00-8cb7-476fbd850f58,2026-08-21T22:45:00Z,2026-08-22T00:45:00+0200,157.6,EUR/MWh,DE,DE_LU,day_ahead_price,value,2026-08-27T09:55:05Z
2026-08-27T09:51:17Z,2026-08-27T11:51:17+0200,0130a799-f590-4e00-8cb7-476fbd850f58,2026-08-21T23:00:00Z,2026-08-22T01:00:00+0200,164.97,EUR/MWh,DE,DE_LU,day_ahead_price,value,2026-08-27T09:55:05Z
2026-08-27T09:51:17Z,2026-08-27T11:51:17+0200,0130a799-f590-4e00-8cb7-476fbd850f58,2026-08-21T23:15:00Z,2026-08-22T01:15:00+0200,161.34,EUR/MWh,DE,DE_LU,day_ahead_price,value,2026-08-27T09:55:05Z
2026-08-27T09:51:17Z,2026-08-27T11:51:17+0200,0130a799-f590-4e00-8cb7-476fbd850f58,2026-08-21T23:30:00Z,2026-08-22T01:30:00+0200,160.01,EUR/MWh,DE,DE_LU,day_ahead_price,value,2026-08-27T09:55:05Z
2026-08-27T09:51:17Z,2026-08-27T11:51:17+0200,0130a799-f590-4e00-8cb7-476fbd850f58,2026-08-21T23:45:00Z,2026-08-22T01:45:00+0200,159.82,EUR/MWh,DE,DE_LU,day_ahead_price,value,2026-08-27T09:55:05Z
2026-08-27T09:51:17Z,2026-08-27T11:51:17+0200,0130a799-f590-4e00-8cb7-476fbd850f58,2026-08-22T00:00:00Z,2026-08-22T02:00:00+0200,159.97,EUR/MWh,DE,DE_LU,day_ahead_price,value,2026-08-27T09:55:05Z
2026-08-27T09:51:17Z,2026-08-27T11:51:17+0200,0130a799-f590-4e00-8cb7-476fbd850f58,2026-08-22T00:15:00Z,2026-08-22T02:15:00+0200,156.91,EUR/MWh,DE,DE_LU,day_ahead_price,value,2026-08-27T09:55:05Z
2026-08-27T09:51:17Z,2026-08-27T11:51:17+0200,0130a799-f590-4e00-8cb7-476fbd850f58,2026-08-22T00:30:00Z,2026-08-22T02:30:00+0200,159.9,EUR/MWh,DE,DE_LU,day_ahead_price,value,2026-08-27T09:55:05Z
2026-08-27T09:51:17Z,2026-08-27T11:51:17+0200,0130a799-f590-4e00-8cb7-476fbd850f58,2026-08-22T00:45:00Z,2026-08-22T02:45:00+0200,158.07,EUR/MWh,DE,DE_LU,day_ahead_price,value,2026-08-27T09:55:05Z
2026-08-27T09:51:17Z,2026-08-27T11:51:17+0200,0130a799-f590-4e00-8cb7-476fbd850f58,2026-08-22T01:00:00Z,2026-08-22T03:00:00+0200,160.23,EUR/MWh,DE,DE_LU,day_ahead_price,value,2026-08-27T09:55:05Z
2026-08-27T09:51:17Z,2026-08-27T11:51:17+0200,0130a799-f590-4e00-8cb7-476fbd850f58,2026-08-22T01:15:00Z,2026-08-22T03:15:00+0200,155.99,EUR/MWh,DE,DE_LU,day_ahead_price,value,2026-08-27T09:55:05Z
2026-08-27T09:51:17Z,2026-08-27T11:51:17+0200,0130a799-f590-4e00-8cb7-476fbd850f58,2026-08-22T01:30:00Z,2026-08-22T03:30:00+0200,153.7,EUR/MWh,DE,DE_LU,day_ahead_price,value,2026-08-27T09:55:05Z
2026-08-27T09:51:17Z,2026-08-27T11:51:17+0200,0130a799-f590-4e00-8cb7-476fbd850f58,2026-08-22T01:45:00Z,2026-08-22T03:45:00+0200,147.64,EUR/MWh,DE,DE_LU,day_ahead_price,value,2026-08-27T09:55:05Z
2026-08-27T09:51:17Z,2026-08-27T11:51:17+0200,0130a799-f590-4e00-8cb7-476fbd850f58,2026-08-22T02:00:00Z,2026-08-22T04:00:00+0200,154.29,EUR/MWh,DE,DE_LU,day_ahead_price,value,2026-08-27T09:55:05Z
2026-08-27T09:51:17Z,2026-08-27T11:51:17+0200,0130a799-f590-4e00-8cb7-476fbd850f58,2026-08-22T02:15:00Z,2026-08-22T04:15:00+0200,149.62,EUR/MWh,DE,DE_LU,day_ahead_price,value,2026-08-27T09:55:05Z
2026-08-27T09:51:17Z,2026-08-27T11:51:17+0200,0130a799-f590-4e00-8cb7-476fbd850f58,2026-08-22T02:30:00Z,2026-08-22T04:30:00+0200,145.26,EUR/MWh,DE,DE_LU,day_ahead_price,value,2026-08-27T09:55:05Z
2026-08-27T09:51:17Z,2026-08-27T11:51:17+0200,0130a799-f590-4e00-8cb7-476fbd850f58,2026-08-22T02:45:00Z,2026-08-22T04:45:00+0200,144.83,EUR/MWh,DE,DE_LU,day_ahead_price,value,2026-08-27T09:55:05Z
2026-08-27T09:51:17Z,2026-08-27T11:51:17+0200,0130a799-f590-4e00-8cb7-476fbd850f58,2026-08-22T03:00:00Z,2026-08-22T05:00:00+0200,147.67,EUR/MWh,DE,DE_LU,day_ahead_price,value,2026-08-27T09:55:05Z
2026-08-27T09:51:17Z,2026-08-27T11:51:17+0200,0130a799-f590-4e00-8cb7-476fbd850f58,2026-08-22T03:15:00Z,2026-08-22T05:15:00+0200,143.8,EUR/MWh,DE,DE_LU,day_ahead_price,value,2026-08-27T09:55:05Z
2026-08-27T09:51:17Z,2026-08-27T11:51:17+0200,0130a799-f590-4e00-8cb7-476fbd850f58,2026-08-22T03:30:00Z,2026-08-22T05:30:00+0200,144.19,EUR/MWh,DE,DE_LU,day_ahead_price,value,2026-08-27T09:55:05Z
2026-08-27T09:51:17Z,2026-08-27T11:51:17+0200,0130a799-f590-4e00-8cb7-476fbd850f58,2026-08-22T03:45:00Z,2026-08-22T05:45:00+0200,146.37,EUR/MWh,DE,DE_LU,day_ahead_price,value,2026-08-27T09:55:05Z
2026-08-27T09:51:17Z,2026-08-27T11:51:17+0200,0130a799-f590-4e00-8cb7-476fbd850f58,2026-08-22T04:00:00Z,2026-08-22T06:00:00+0200,153.82,EUR/MWh,DE,DE_LU,day_ahead_price,value,2026-08-27T09:55:05Z
2026-08-27T09:51:17Z,2026-08-27T11:51:17+0200,0130a799-f590-4e00-8cb7-476fbd850f58,2026-08-22T04:15:00Z,2026-08-22T06:15:00+0200,156.7,EUR/MWh,DE,DE_LU,day_ahead_price,value,2026-08-27T09:55:05Z
2026-08-27T09:51:17Z,2026-08-27T11:51:17+0200,0130a799-f590-4e00-8cb7-476fbd850f58,2026-08-22T04:30:00Z,2026-08-22T06:30:00+0200,155.67,EUR/MWh,DE,DE_LU,day_ahead_price,value,2026-08-27T09:55:05Z
2026-08-27T09:51:17Z,2026-08-27T11:51:17+0200,0130a799-f590-4e00-8cb7-476fbd850f58,2026-08-22T04:45:00Z,2026-08-22T06:45:00+0200,149.37,EUR/MWh,DE,DE_LU,day_ahead_price,value,2026-08-27T09:55:05Z
2026-08-27T09:51:17Z,2026-08-27T11:51:17+0200,0130a799-f590-4e00-8cb7-476fbd850f58,2026-08-22T05:00:00Z,2026-08-22T07:00:00+0200,159.74,EUR/MWh,DE,DE_LU,day_ahead_price,value,2026-08-27T09:55:05Z
2026-08-27T09:51:17Z,2026-08-27T11:51:17+0200,0130a799-f590-4e00-8cb7-476fbd850f58,2026-08-22T05:15:00Z,2026-08-22T07:15:00+0200,146.89,EUR/MWh,DE,DE_LU,day_ahead_price,value,2026-08-27T09:55:05Z
2026-08-27T09:51:17Z,2026-08-27T11:51:17+0200,0130a799-f590-4e00-8cb7-476fbd850f58,2026-08-22T05:30:00Z,2026-08-22T07:30:00+0200,139.3,EUR/MWh,DE,DE_LU,day_ahead_price,value,2026-08-27T09:55:05Z
2026-08-27T09:51:17Z,2026-08-27T11:51:17+0200,0130a799-f590-4e00-8cb7-476fbd850f58,2026-08-22T05:45:00Z,2026-08-22T07:45:00+0200,130.09,EUR/MWh,DE,DE_LU,day_ahead_price,value,2026-08-27T09:55:05Z
2026-08-27T09:51:17Z,2026-08-27T11:51:17+0200,0130a799-f590-4e00-8cb7-476fbd850f58,2026-08-22T06:00:00Z,2026-08-22T08:00:00+0200,147.32,EUR/MWh,DE,DE_LU,day_ahead_price,value,2026-08-27T09:55:05Z
2026-08-27T09:51:17Z,2026-08-27T11:51:17+0200,0130a799-f590-4e00-8cb7-476fbd850f58,2026-08-22T06:15:00Z,2026-08-22T08:15:00+0200,138.0,EUR/MWh,DE,DE_LU,day_ahead_price,value,2026-08-27T09:55:05Z
2026-08-27T09:51:17Z,2026-08-27T11:51:17+0200,0130a799-f590-4e00-8cb7-476fbd850f58,2026-08-22T06:30:00Z,2026-08-22T08:30:00+0200,124.51,EUR/MWh,DE,DE_LU,day_ahead_price,value,2026-08-27T09:55:05Z
2026-08-27T09:51:17Z,2026-08-27T11:51:17+0200,0130a799-f590-4e00-8cb7-476fbd850f58,2026-08-22T06:45:00Z,2026-08-22T08:45:00+0200,102.69,EUR/MWh,DE,DE_LU,day_ahead_price,value,2026-08-27T09:55:05Z
2026-08-27T09:51:17Z,2026-08-27T11:51:17+0200,0130a799-f590-4e00-8cb7-476fbd850f58,2026-08-22T07:00:00Z,2026-08-22T09:00:00+0200,110.75,EUR/MWh,DE,DE_LU,day_ahead_price,value,2026-08-27T09:55:05Z
2026-08-27T09:51:17Z,2026-08-27T11:51:17+0200,0130a799-f590-4e00-8cb7-476fbd850f58,2026-08-22T07:15:00Z,2026-08-22T09:15:00+0200,98.63,EUR/MWh,DE,DE_LU,day_ahead_price,value,2026-08-27T09:55:05Z
2026-08-27T09:51:17Z,2026-08-27T11:51:17+0200,0130a799-f590-4e00-8cb7-476fbd850f58,2026-08-22T07:30:00Z,2026-08-22T09:30:00+0200,85.01,EUR/MWh,DE,DE_LU,day_ahead_price,value,2026-08-27T09:55:05Z
2026-08-27T09:51:17Z,2026-08-27T11:51:17+0200,0130a799-f590-4e00-8cb7-476fbd850f58,2026-08-22T07:45:00Z,2026-08-22T09:45:00+0200,66.68,EUR/MWh,DE,DE_LU,day_ahead_price,value,2026-08-27T09:55:05Z
2026-08-27T09:51:17Z,2026-08-27T11:51:17+0200,0130a799-f590-4e00-8cb7-476fbd850f58,2026-08-22T08:00:00Z,2026-08-22T10:00:00+0200,78.38,EUR/MWh,DE,DE_LU,day_ahead_price,value,2026-08-27T09:55:05Z
2026-08-27T09:51:17Z,2026-08-27T11:51:17+0200,0130a799-f590-4e00-8cb7-476fbd850f58,2026-08-22T08:15:00Z,2026-08-22T10:15:00+0200,64.13,EUR/MWh,DE,DE_LU,day_ahead_price,value,2026-08-27T09:55:05Z
2026-08-27T09:51:17Z,2026-08-27T11:51:17+0200,0130a799-f590-4e00-8cb7-476fbd850f58,2026-08-22T08:30:00Z,2026-08-22T10:30:00+0200,38.57,EUR/MWh,DE,DE_LU,day_ahead_price,value,2026-08-27T09:55:05Z
2026-08-27T09:51:17Z,2026-08-27T11:51:17+0200,0130a799-f590-4e00-8cb7-476fbd850f58,2026-08-22T08:45:00Z,2026-08-22T10:45:00+0200,20.1,EUR/MWh,DE,DE_LU,day_ahead_price,value,2026-08-27T09:55:05Z
2026-08-27T09:51:17Z,2026-08-27T11:51:17+0200,0130a799-f590-4e00-8cb7-476fbd850f58,2026-08-22T09:00:00Z,2026-08-22T11:00:00+0200,41.97,EUR/MWh,DE,DE_LU,day_ahead_price,value,2026-08-27T09:55:05Z
2026-08-27T09:51:17Z,2026-08-27T11:51:17+0200,0130a799-f590-4e00-8cb7-476fbd850f58,2026-08-22T09:15:00Z,2026-08-22T11:15:00+0200,20.59,EUR/MWh,DE,DE_LU,day_ahead_price,value,2026-08-27T09:55:05Z
2026-08-27T09:51:17Z,2026-08-27T11:51:17+0200,0130a799-f590-4e00-8cb7-476fbd850f58,2026-08-22T09:30:00Z,2026-08-22T11:30:00+0200,10.22,EUR/MWh,DE,DE_LU,day_ahead_price,value,2026-08-27T09:55:05Z
2026-08-27T09:51:17Z,2026-08-27T11:51:17+0200,0130a799-f590-4e00-8cb7-476fbd850f58,2026-08-22T09:45:00Z,2026-08-22T11:45:00+0200,6.47,EUR/MWh,DE,DE_LU,day_ahead_price,value,2026-08-27T09:55:05Z
2026-08-27T09:51:17Z,2026-08-27T11:51:17+0200,0130a799-f590-4e00-8cb7-476fbd850f58,2026-08-22T10:00:00Z,2026-08-22T12:00:00+0200,3.02,EUR/MWh,DE,DE_LU,day_ahead_price,value,2026-08-27T09:55:05Z
2026-08-27T09:51:17Z,2026-08-27T11:51:17+0200,0130a799-f590-4e00-8cb7-476fbd850f58,2026-08-22T10:15:00Z,2026-08-22T12:15:00+0200,0.96,EUR/MWh,DE,DE_LU,day_ahead_price,value,2026-08-27T09:55:05Z
2026-08-27T09:51:17Z,2026-08-27T11:51:17+0200,0130a799-f590-4e00-8cb7-476fbd850f58,2026-08-22T10:30:00Z,2026-08-22T12:30:00+0200,0.01,EUR/MWh,DE,DE_LU,day_ahead_price,value,2026-08-27T09:55:05Z
2026-08-27T09:51:17Z,2026-08-27T11:51:17+0200,0130a799-f590-4e00-8cb7-476fbd850f58,2026-08-22T10:45:00Z,2026-08-22T12:45:00+0200,0.0,EUR/MWh,DE,DE_LU,day_ahead_price,value,2026-08-27T09:55:05Z
2026-08-27T09:51:17Z,2026-08-27T11:51:17+0200,0130a799-f590-4e00-8cb7-476fbd850f58,2026-08-22T11:00:00Z,2026-08-22T13:00:00+0200,0.0,EUR/MWh,DE,DE_LU,day_ahead_price,value,2026-08-27T09:55:05Z
2026-08-27T09:51:17Z,2026-08-27T11:51:17+0200,0130a799-f590-4e00-8cb7-476fbd850f58,2026-08-22T11:15:00Z,2026-08-22T13:15:00+0200,0.0,EUR/MWh,DE,DE_LU,day_ahead_price,value,2026-08-27T09:55:05Z
2026-08-27T09:51:17Z,2026-08-27T11:51:17+0200,0130a799-f590-4e00-8cb7-476fbd850f58,2026-08-22T11:30:00Z,2026-08-22T13:30:00+0200,-0.01,EUR/MWh,DE,DE_LU,day_ahead_price,value,2026-08-27T09:55:05Z
2026-08-27T09:51:17Z,2026-08-27T11:51:17+0200,0130a799-f590-4e00-8cb7-476fbd850f58,2026-08-22T11:45:00Z,2026-08-22T13:45:00+0200,-0.01,EUR/MWh,DE,DE_LU,day_ahead_price,value,2026-08-27T09:55:05Z
2026-08-27T09:51:17Z,2026-08-27T11:51:17+0200,0130a799-f590-4e00-8cb7-476fbd850f58,2026-08-22T12:00:00Z,2026-08-22T14:00:00+0200,-0.01,EUR/MWh,DE,DE_LU,day_ahead_price,value,2026-08-27T09:55:05Z
2026-08-27T09:51:17Z,2026-08-27T11:51:17+0200,0130a799-f590-4e00-8cb7-476fbd850f58,2026-08-22T12:15:00Z,2026-08-22T14:15:00+0200,-0.01,EUR/MWh,DE,DE_LU,day_ahead_price,value,2026-08-27T09:55:05Z
2026-08-27T09:51:17Z,2026-08-27T11:51:17+0200,0130a799-f590-4e00-8cb7-476fbd850f58,2026-08-22T12:30:00Z,2026-08-22T14:30:00+0200,-0.01,EUR/MWh,DE,DE_LU,day_ahead_price,value,2026-08-27T09:55:05Z
2026-08-27T09:51:17Z,2026-08-27T11:51:17+0200,0130a799-f590-4e00-8cb7-476fbd850f58,2026-08-22T12:45:00Z,2026-08-22T14:45:00+0200,-0.01,EUR/MWh,DE,DE_LU,day_ahead_price,value,2026-08-27T09:55:05Z
2026-08-27T09:51:17Z,2026-08-27T11:51:17+0200,0130a799-f590-4e00-8cb7-476fbd850f58,2026-08-22T13:00:00Z,2026-08-22T15:00:00+0200,-0.06,EUR/MWh,DE,DE_LU,day_ahead_price,value,2026-08-27T09:55:05Z
2026-08-27T09:51:17Z,2026-08-27T11:51:17+0200,0130a799-f590-4e00-8cb7-476fbd850f58,2026-08-22T13:15:00Z,2026-08-22T15:15:00+0200,-0.14,EUR/MWh,DE,DE_LU,day_ahead_price,value,2026-08-27T09:55:05Z
2026-08-27T09:51:17Z,2026-08-27T11:51:17+0200,0130a799-f590-4e00-8cb7-476fbd850f58,2026-08-22T13:30:00Z,2026-08-22T15:30:00+0200,-0.1,EUR/MWh,DE,DE_LU,day_ahead_price,value,2026-08-27T09:55:05Z
2026-08-27T09:51:17Z,2026-08-27T11:51:17+0200,0130a799-f590-4e00-8cb7-476fbd850f58,2026-08-22T13:45:00Z,2026-08-22T15:45:00+0200,-0.09,EUR/MWh,DE,DE_LU,day_ahead_price,value,2026-08-27T09:55:05Z
2026-08-27T09:51:17Z,2026-08-27T11:51:17+0200,0130a799-f590-4e00-8cb7-476fbd850f58,2026-08-22T14:00:00Z,2026-08-22T16:00:00+0200,-0.01,EUR/MWh,DE,DE_LU,day_ahead_price,value,2026-08-27T09:55:05Z
2026-08-27T09:51:17Z,2026-08-27T11:51:17+0200,0130a799-f590-4e00-8cb7-476fbd850f58,2026-08-22T14:15:00Z,2026-08-22T16:15:00+0200,0.0,EUR/MWh,DE,DE_LU,day_ahead_price,value,2026-08-27T09:55:05Z
2026-08-27T09:51:17Z,2026-08-27T11:51:17+0200,0130a799-f590-4e00-8cb7-476fbd850f58,2026-08-22T14:30:00Z,2026-08-22T16:30:00+0200,0.0,EUR/MWh,DE,DE_LU,day_ahead_price,value,2026-08-27T09:55:05Z
2026-08-27T09:51:17Z,2026-08-27T11:51:17+0200,0130a799-f590-4e00-8cb7-476fbd850f58,2026-08-22T14:45:00Z,2026-08-22T16:45:00+0200,0.0,EUR/MWh,DE,DE_LU,day_ahead_price,value,2026-08-27T09:55:05Z
2026-08-27T09:51:17Z,2026-08-27T11:51:17+0200,0130a799-f590-4e00-8cb7-476fbd850f58,2026-08-22T15:00:00Z,2026-08-22T17:00:00+0200,0.01,EUR/MWh,DE,DE_LU,day_ahead_price,value,2026-08-27T09:55:05Z
2026-08-27T09:51:17Z,2026-08-27T11:51:17+0200,0130a799-f590-4e00-8cb7-476fbd850f58,2026-08-22T15:15:00Z,2026-08-22T17:15:00+0200,2.05,EUR/MWh,DE,DE_LU,day_ahead_price,value,2026-08-27T09:55:05Z
2026-08-27T09:51:17Z,2026-08-27T11:51:17+0200,0130a799-f590-4e00-8cb7-476fbd850f58,2026-08-22T15:30:00Z,2026-08-22T17:30:00+0200,39.51,EUR/MWh,DE,DE_LU,day_ahead_price,value,2026-08-27T09:55:05Z
2026-08-27T09:51:17Z,2026-08-27T11:51:17+0200,0130a799-f590-4e00-8cb7-476fbd850f58,2026-08-22T15:45:00Z,2026-08-22T17:45:00+0200,71.99,EUR/MWh,DE,DE_LU,day_ahead_price,value,2026-08-27T09:55:05Z
2026-08-27T09:51:17Z,2026-08-27T11:51:17+0200,0130a799-f590-4e00-8cb7-476fbd850f58,2026-08-22T16:00:00Z,2026-08-22T18:00:00+0200,76.32,EUR/MWh,DE,DE_LU,day_ahead_price,value,2026-08-27T09:55:05Z
2026-08-27T09:51:17Z,2026-08-27T11:51:17+0200,0130a799-f590-4e00-8cb7-476fbd850f58,2026-08-22T16:15:00Z,2026-08-22T18:15:00+0200,95.15,EUR/MWh,DE,DE_LU,day_ahead_price,value,2026-08-27T09:55:05Z
2026-08-27T09:51:17Z,2026-08-27T11:51:17+0200,0130a799-f590-4e00-8cb7-476fbd850f58,2026-08-22T16:30:00Z,2026-08-22T18:30:00+0200,113.99,EUR/MWh,DE,DE_LU,day_ahead_price,value,2026-08-27T09:55:05Z
2026-08-27T09:51:17Z,2026-08-27T11:51:17+0200,0130a799-f590-4e00-8cb7-476fbd850f58,2026-08-22T16:45:00Z,2026-08-22T18:45:00+0200,134.83,EUR/MWh,DE,DE_LU,day_ahead_price,value,2026-08-27T09:55:05Z
2026-08-27T09:51:17Z,2026-08-27T11:51:17+0200,0130a799-f590-4e00-8cb7-476fbd850f58,2026-08-22T17:00:00Z,2026-08-22T19:00:00+0200,132.5,EUR/MWh,DE,DE_LU,day_ahead_price,value,2026-08-27T09:55:05Z
2026-08-27T09:51:17Z,2026-08-27T11:51:17+0200,0130a799-f590-4e00-8cb7-476fbd850f58,2026-08-22T17:15:00Z,2026-08-22T19:15:00+0200,141.86,EUR/MWh,DE,DE_LU,day_ahead_price,value,2026-08-27T09:55:05Z
2026-08-27T09:51:17Z,2026-08-27T11:51:17+0200,0130a799-f590-4e00-8cb7-476fbd850f58,2026-08-22T17:30:00Z,2026-08-22T19:30:00+0200,157.56,EUR/MWh,DE,DE_LU,day_ahead_price,value,2026-08-27T09:55:05Z
2026-08-27T09:51:17Z,2026-08-27T11:51:17+0200,0130a799-f590-4e00-8cb7-476fbd850f58,2026-08-22T17:45:00Z,2026-08-22T19:45:00+0200,164.68,EUR/MWh,DE,DE_LU,day_ahead_price,value,2026-08-27T09:55:05Z
2026-08-27T09:51:17Z,2026-08-27T11:51:17+0200,0130a799-f590-4e00-8cb7-476fbd850f58,2026-08-22T18:00:00Z,2026-08-22T20:00:00+0200,146.99,EUR/MWh,DE,DE_LU,day_ahead_price,value,2026-08-27T09:55:05Z
2026-08-27T09:51:17Z,2026-08-27T11:51:17+0200,0130a799-f590-4e00-8cb7-476fbd850f58,2026-08-22T18:15:00Z,2026-08-22T20:15:00+0200,156.78,EUR/MWh,DE,DE_LU,day_ahead_price,value,2026-08-27T09:55:05Z
2026-08-27T09:51:17Z,2026-08-27T11:51:17+0200,0130a799-f590-4e00-8cb7-476fbd850f58,2026-08-22T18:30:00Z,2026-08-22T20:30:00+0200,169.75,EUR/MWh,DE,DE_LU,day_ahead_price,value,2026-08-27T09:55:05Z
2026-08-27T09:51:17Z,2026-08-27T11:51:17+0200,0130a799-f590-4e00-8cb7-476fbd850f58,2026-08-22T18:45:00Z,2026-08-22T20:45:00+0200,183.13,EUR/MWh,DE,DE_LU,day_ahead_price,value,2026-08-27T09:55:05Z
2026-08-27T09:51:17Z,2026-08-27T11:51:17+0200,0130a799-f590-4e00-8cb7-476fbd850f58,2026-08-22T19:00:00Z,2026-08-22T21:00:00+0200,172.56,EUR/MWh,DE,DE_LU,day_ahead_price,value,2026-08-27T09:55:05Z
2026-08-27T09:51:17Z,2026-08-27T11:51:17+0200,0130a799-f590-4e00-8cb7-476fbd850f58,2026-08-22T19:15:00Z,2026-08-22T21:15:00+0200,170.74,EUR/MWh,DE,DE_LU,day_ahead_price,value,2026-08-27T09:55:05Z
2026-08-27T09:51:17Z,2026-08-27T11:51:17+0200,0130a799-f590-4e00-8cb7-476fbd850f58,2026-08-22T19:30:00Z,2026-08-22T21:30:00+0200,165.85,EUR/MWh,DE,DE_LU,day_ahead_price,value,2026-08-27T09:55:05Z
2026-08-27T09:51:17Z,2026-08-27T11:51:17+0200,0130a799-f590-4e00-8cb7-476fbd850f58,2026-08-22T19:45:00Z,2026-08-22T21:45:00+0200,163.66,EUR/MWh,DE,DE_LU,day_ahead_price,value,2026-08-27T09:55:05Z
2026-08-27T09:51:17Z,2026-08-27T11:51:17+0200,0130a799-f590-4e00-8cb7-476fbd850f58,2026-08-22T20:00:00Z,2026-08-22T22:00:00+0200,166.18,EUR/MWh,DE,DE_LU,day_ahead_price,value,2026-08-27T09:55:05Z
2026-08-27T09:51:17Z,2026-08-27T11:51:17+0200,0130a799-f590-4e00-8cb7-476fbd850f58,2026-08-22T20:15:00Z,2026-08-22T22:15:00+0200,158.41,EUR/MWh,DE,DE_LU,day_ahead_price,value,2026-08-27T09:55:05Z
2026-08-27T09:51:17Z,2026-08-27T11:51:17+0200,0130a799-f590-4e00-8cb7-476fbd850f58,2026-08-22T20:30:00Z,2026-08-22T22:30:00+0200,152.26,EUR/MWh,DE,DE_LU,day_ahead_price,value,2026-08-27T09:55:05Z
2026-08-27T09:51:17Z,2026-08-27T11:51:17+0200,0130a799-f590-4e00-8cb7-476fbd850f58,2026-08-22T20:45:00Z,2026-08-22T22:45:00+0200,145.98,EUR/MWh,DE,DE_LU,day_ahead_price,value,2026-08-27T09:55:05Z
2026-08-27T09:51:17Z,2026-08-27T11:51:17+0200,0130a799-f590-4e00-8cb7-476fbd850f58,2026-08-22T21:00:00Z,2026-08-22T23:00:00+0200,146.75,EUR/MWh,DE,DE_LU,day_ahead_price,value,2026-08-27T09:55:05Z
2026-08-27T09:51:17Z,2026-08-27T11:51:17+0200,0130a799-f590-4e00-8cb7-476fbd850f58,2026-08-22T21:15:00Z,2026-08-22T23:15:00+0200,142.34,EUR/MWh,DE,DE_LU,day_ahead_price,value,2026-08-27T09:55:05Z
2026-08-27T09:51:17Z,2026-08-27T11:51:17+0200,0130a799-f590-4e00-8cb7-476fbd850f58,2026-08-22T21:30:00Z,2026-08-22T23:30:00+0200,139.28,EUR/MWh,DE,DE_LU,day_ahead_price,value,2026-08-27T09:55:05Z
2026-08-27T09:51:17Z,2026-08-27T11:51:17+0200,0130a799-f590-4e00-8cb7-476fbd850f58,2026-08-22T21:45:00Z,2026-08-22T23:45:00+0200,136.11,EUR/MWh,DE,DE_LU,day_ahead_price,value,2026-08-27T09:55:05Z
2026-08-27T09:51:17Z,2026-08-27T11:51:17+0200,0130a799-f590-4e00-8cb7-476fbd850f58,2026-08-22T22:00:00Z,2026-08-23T00:00:00+0200,140.99,EUR/MWh,DE,DE_LU,day_ahead_price,value,2026-08-27T09:55:05Z
2026-08-27T09:51:17Z,2026-08-27T11:51:17+0200,0130a799-f590-4e00-8cb7-476fbd850f58,2026-08-22T22:15:00Z,2026-08-23T00:15:00+0200,133.96,EUR/MWh,DE,DE_LU,day_ahead_price,value,2026-08-27T09:55:05Z
2026-08-27T09:51:17Z,2026-08-27T11:51:17+0200,0130a799-f590-4e00-8cb7-476fbd850f58,2026-08-22T22:30:00Z,2026-08-23T00:30:00+0200,129.02,EUR/MWh,DE,DE_LU,day_ahead_price,value,2026-08-27T09:55:05Z
2026-08-27T09:51:17Z,2026-08-27T11:51:17+0200,0130a799-f590-4e00-8cb7-476fbd850f58,2026-08-22T22:45:00Z,2026-08-23T00:45:00+0200,126.72,EUR/MWh,DE,DE_LU,day_ahead_price,value,2026-08-27T09:55:05Z
2026-08-27T09:51:17Z,2026-08-27T11:51:17+0200,0130a799-f590-4e00-8cb7-476fbd850f58,2026-08-22T23:00:00Z,2026-08-23T01:00:00+0200,131.2,EUR/MWh,DE,DE_LU,day_ahead_price,value,2026-08-27T09:55:05Z
2026-08-27T09:51:17Z,2026-08-27T11:51:17+0200,0130a799-f590-4e00-8cb7-476fbd850f58,2026-08-22T23:15:00Z,2026-08-23T01:15:00+0200,126.69,EUR/MWh,DE,DE_LU,day_ahead_price,value,2026-08-27T09:55:05Z
2026-08-27T09:51:17Z,2026-08-27T11:51:17+0200,0130a799-f590-4e00-8cb7-476fbd850f58,2026-08-22T23:30:00Z,2026-08-23T01:30:00+0200,124.79,EUR/MWh,DE,DE_LU,day_ahead_price,value,2026-08-27T09:55:05Z
2026-08-27T09:51:17Z,2026-08-27T11:51:17+0200,0130a799-f590-4e00-8cb7-476fbd850f58,2026-08-22T23:45:00Z,2026-08-23T01:45:00+0200,120.6,EUR/MWh,DE,DE_LU,day_ahead_price,value,2026-08-27T09:55:05Z
2026-08-27T09:51:17Z,2026-08-27T11:51:17+0200,0130a799-f590-4e00-8cb7-476fbd850f58,2026-08-23T00:00:00Z,2026-08-23T02:00:00+0200,126.28,EUR/MWh,DE,DE_LU,day_ahead_price,value,2026-08-27T09:55:05Z
2026-08-27T09:51:17Z,2026-08-27T11:51:17+0200,0130a799-f590-4e00-8cb7-476fbd850f58,2026-08-23T00:15:00Z,2026-08-23T02:15:00+0200,119.75,EUR/MWh,DE,DE_LU,day_ahead_price,value,2026-08-27T09:55:05Z
2026-08-27T09:51:17Z,2026-08-27T11:51:17+0200,0130a799-f590-4e00-8cb7-476fbd850f58,2026-08-23T00:30:00Z,2026-08-23T02:30:00+0200,117.56,EUR/MWh,DE,DE_LU,day_ahead_price,value,2026-08-27T09:55:05Z
2026-08-27T09:51:17Z,2026-08-27T11:51:17+0200,0130a799-f590-4e00-8cb7-476fbd850f58,2026-08-23T00:45:00Z,2026-08-23T02:45:00+0200,113.87,EUR/MWh,DE,DE_LU,day_ahead_price,value,2026-08-27T09:55:05Z
2026-08-27T09:51:17Z,2026-08-27T11:51:17+0200,0130a799-f590-4e00-8cb7-476fbd850f58,2026-08-23T01:00:00Z,2026-08-23T03:00:00+0200,117.57,EUR/MWh,DE,DE_LU,day_ahead_price,value,2026-08-27T09:55:05Z
2026-08-27T09:51:17Z,2026-08-27T11:51:17+0200,0130a799-f590-4e00-8cb7-476fbd850f58,2026-08-23T01:15:00Z,2026-08-23T03:15:00+0200,116.43,EUR/MWh,DE,DE_LU,day_ahead_price,value,2026-08-27T09:55:05Z
2026-08-27T09:51:17Z,2026-08-27T11:51:17+0200,0130a799-f590-4e00-8cb7-476fbd850f58,2026-08-23T01:30:00Z,2026-08-23T03:30:00+0200,115.74,EUR/MWh,DE,DE_LU,day_ahead_price,value,2026-08-27T09:55:05Z
2026-08-27T09:51:17Z,2026-08-27T11:51:17+0200,0130a799-f590-4e00-8cb7-476fbd850f58,2026-08-23T01:45:00Z,2026-08-23T03:45:00+0200,115.1,EUR/MWh,DE,DE_LU,day_ahead_price,value,2026-08-27T09:55:05Z
2026-08-27T09:51:17Z,2026-08-27T11:51:17+0200,0130a799-f590-4e00-8cb7-476fbd850f58,2026-08-23T02:00:00Z,2026-08-23T04:00:00+0200,117.63,EUR/MWh,DE,DE_LU,day_ahead_price,value,2026-08-27T09:55:05Z
2026-08-27T09:51:17Z,2026-08-27T11:51:17+0200,0130a799-f590-4e00-8cb7-476fbd850f58,2026-08-23T02:15:00Z,2026-08-23T04:15:00+0200,113.72,EUR/MWh,DE,DE_LU,day_ahead_price,value,2026-08-27T09:55:05Z
2026-08-27T09:51:17Z,2026-08-27T11:51:17+0200,0130a799-f590-4e00-8cb7-476fbd850f58,2026-08-23T02:30:00Z,2026-08-23T04:30:00+0200,113.64,EUR/MWh,DE,DE_LU,day_ahead_price,value,2026-08-27T09:55:05Z
2026-08-27T09:51:17Z,2026-08-27T11:51:17+0200,0130a799-f590-4e00-8cb7-476fbd850f58,2026-08-23T02:45:00Z,2026-08-23T04:45:00+0200,113.98,EUR/MWh,DE,DE_LU,day_ahead_price,value,2026-08-27T09:55:05Z
2026-08-27T09:51:17Z,2026-08-27T11:51:17+0200,0130a799-f590-4e00-8cb7-476fbd850f58,2026-08-23T03:00:00Z,2026-08-23T05:00:00+0200,116.5,EUR/MWh,DE,DE_LU,day_ahead_price,value,2026-08-27T09:55:05Z
2026-08-27T09:51:17Z,2026-08-27T11:51:17+0200,0130a799-f590-4e00-8cb7-476fbd850f58,2026-08-23T03:15:00Z,2026-08-23T05:15:00+0200,115.39,EUR/MWh,DE,DE_LU,day_ahead_price,value,2026-08-27T09:55:05Z
2026-08-27T09:51:17Z,2026-08-27T11:51:17+0200,0130a799-f590-4e00-8cb7-476fbd850f58,2026-08-23T03:30:00Z,2026-08-23T05:30:00+0200,117.78,EUR/MWh,DE,DE_LU,day_ahead_price,value,2026-08-27T09:55:05Z
2026-08-27T09:51:17Z,2026-08-27T11:51:17+0200,0130a799-f590-4e00-8cb7-476fbd850f58,2026-08-23T03:45:00Z,2026-08-23T05:45:00+0200,117.27,EUR/MWh,DE,DE_LU,day_ahead_price,value,2026-08-27T09:55:05Z
2026-08-27T09:51:17Z,2026-08-27T11:51:17+0200,0130a799-f590-4e00-8cb7-476fbd850f58,2026-08-23T04:00:00Z,2026-08-23T06:00:00+0200,119.5,EUR/MWh,DE,DE_LU,day_ahead_price,value,2026-08-27T09:55:05Z
2026-08-27T09:51:17Z,2026-08-27T11:51:17+0200,0130a799-f590-4e00-8cb7-476fbd850f58,2026-08-23T04:15:00Z,2026-08-23T06:15:00+0200,117.25,EUR/MWh,DE,DE_LU,day_ahead_price,value,2026-08-27T09:55:05Z
2026-08-27T09:51:17Z,2026-08-27T11:51:17+0200,0130a799-f590-4e00-8cb7-476fbd850f58,2026-08-23T04:30:00Z,2026-08-23T06:30:00+0200,116.62,EUR/MWh,DE,DE_LU,day_ahead_price,value,2026-08-27T09:55:05Z
2026-08-27T09:51:17Z,2026-08-27T11:51:17+0200,0130a799-f590-4e00-8cb7-476fbd850f58,2026-08-23T04:45:00Z,2026-08-23T06:45:00+0200,113.46,EUR/MWh,DE,DE_LU,day_ahead_price,value,2026-08-27T09:55:05Z
2026-08-27T09:51:17Z,2026-08-27T11:51:17+0200,0130a799-f590-4e00-8cb7-476fbd850f58,2026-08-23T05:00:00Z,2026-08-23T07:00:00+0200,115.99,EUR/MWh,DE,DE_LU,day_ahead_price,value,2026-08-27T09:55:05Z
2026-08-27T09:51:17Z,2026-08-27T11:51:17+0200,0130a799-f590-4e00-8cb7-476fbd850f58,2026-08-23T05:15:00Z,2026-08-23T07:15:00+0200,111.99,EUR/MWh,DE,DE_LU,day_ahead_price,value,2026-08-27T09:55:05Z
2026-08-27T09:51:17Z,2026-08-27T11:51:17+0200,0130a799-f590-4e00-8cb7-476fbd850f58,2026-08-23T05:30:00Z,2026-08-23T07:30:00+0200,100.0,EUR/MWh,DE,DE_LU,day_ahead_price,value,2026-08-27T09:55:05Z
2026-08-27T09:51:17Z,2026-08-27T11:51:17+0200,0130a799-f590-4e00-8cb7-476fbd850f58,2026-08-23T05:45:00Z,2026-08-23T07:45:00+0200,80.39,EUR/MWh,DE,DE_LU,day_ahead_price,value,2026-08-27T09:55:05Z
2026-08-27T09:51:17Z,2026-08-27T11:51:17+0200,0130a799-f590-4e00-8cb7-476fbd850f58,2026-08-23T06:00:00Z,2026-08-23T08:00:00+0200,95.58,EUR/MWh,DE,DE_LU,day_ahead_price,value,2026-08-27T09:55:05Z
2026-08-27T09:51:17Z,2026-08-27T11:51:17+0200,0130a799-f590-4e00-8cb7-476fbd850f58,2026-08-23T06:15:00Z,2026-08-23T08:15:00+0200,72.0,EUR/MWh,DE,DE_LU,day_ahead_price,value,2026-08-27T09:55:05Z
2026-08-27T09:51:17Z,2026-08-27T11:51:17+0200,0130a799-f590-4e00-8cb7-476fbd850f58,2026-08-23T06:30:00Z,2026-08-23T08:30:00+0200,25.56,EUR/MWh,DE,DE_LU,day_ahead_price,value,2026-08-27T09:55:05Z
2026-08-27T09:51:17Z,2026-08-27T11:51:17+0200,0130a799-f590-4e00-8cb7-476fbd850f58,2026-08-23T06:45:00Z,2026-08-23T08:45:00+0200,6.18,EUR/MWh,DE,DE_LU,day_ahead_price,value,2026-08-27T09:55:05Z
2026-08-27T09:51:17Z,2026-08-27T11:51:17+0200,0130a799-f590-4e00-8cb7-476fbd850f58,2026-08-23T07:00:00Z,2026-08-23T09:00:00+0200,4.48,EUR/MWh,DE,DE_LU,day_ahead_price,value,2026-08-27T09:55:05Z
2026-08-27T09:51:17Z,2026-08-27T11:51:17+0200,0130a799-f590-4e00-8cb7-476fbd850f58,2026-08-23T07:15:00Z,2026-08-23T09:15:00+0200,0.05,EUR/MWh,DE,DE_LU,day_ahead_price,value,2026-08-27T09:55:05Z
2026-08-27T09:51:17Z,2026-08-27T11:51:17+0200,0130a799-f590-4e00-8cb7-476fbd850f58,2026-08-23T07:30:00Z,2026-08-23T09:30:00+0200,-0.13,EUR/MWh,DE,DE_LU,day_ahead_price,value,2026-08-27T09:55:05Z
2026-08-27T09:51:17Z,2026-08-27T11:51:17+0200,0130a799-f590-4e00-8cb7-476fbd850f58,2026-08-23T07:45:00Z,2026-08-23T09:45:00+0200,-0.38,EUR/MWh,DE,DE_LU,day_ahead_price,value,2026-08-27T09:55:05Z
2026-08-27T09:51:17Z,2026-08-27T11:51:17+0200,0130a799-f590-4e00-8cb7-476fbd850f58,2026-08-23T08:00:00Z,2026-08-23T10:00:00+0200,-0.19,EUR/MWh,DE,DE_LU,day_ahead_price,value,2026-08-27T09:55:05Z
2026-08-27T09:51:17Z,2026-08-27T11:51:17+0200,0130a799-f590-4e00-8cb7-476fbd850f58,2026-08-23T08:15:00Z,2026-08-23T10:15:00+0200,-0.44,EUR/MWh,DE,DE_LU,day_ahead_price,value,2026-08-27T09:55:05Z
2026-08-27T09:51:17Z,2026-08-27T11:51:17+0200,0130a799-f590-4e00-8cb7-476fbd850f58,2026-08-23T08:30:00Z,2026-08-23T10:30:00+0200,-0.64,EUR/MWh,DE,DE_LU,day_ahead_price,value,2026-08-27T09:55:05Z
2026-08-27T09:51:17Z,2026-08-27T11:51:17+0200,0130a799-f590-4e00-8cb7-476fbd850f58,2026-08-23T08:45:00Z,2026-08-23T10:45:00+0200,-1.01,EUR/MWh,DE,DE_LU,day_ahead_price,value,2026-08-27T09:55:05Z
2026-08-27T09:51:17Z,2026-08-27T11:51:17+0200,0130a799-f590-4e00-8cb7-476fbd850f58,2026-08-23T09:00:00Z,2026-08-23T11:00:00+0200,-1.0,EUR/MWh,DE,DE_LU,day_ahead_price,value,2026-08-27T09:55:05Z
2026-08-27T09:51:17Z,2026-08-27T11:51:17+0200,0130a799-f590-4e00-8cb7-476fbd850f58,2026-08-23T09:15:00Z,2026-08-23T11:15:00+0200,-1.62,EUR/MWh,DE,DE_LU,day_ahead_price,value,2026-08-27T09:55:05Z
2026-08-27T09:51:17Z,2026-08-27T11:51:17+0200,0130a799-f590-4e00-8cb7-476fbd850f58,2026-08-23T09:30:00Z,2026-08-23T11:30:00+0200,-2.03,EUR/MWh,DE,DE_LU,day_ahead_price,value,2026-08-27T09:55:05Z
2026-08-27T09:51:17Z,2026-08-27T11:51:17+0200,0130a799-f590-4e00-8cb7-476fbd850f58,2026-08-23T09:45:00Z,2026-08-23T11:45:00+0200,-2.67,EUR/MWh,DE,DE_LU,day_ahead_price,value,2026-08-27T09:55:05Z
2026-08-27T09:51:17Z,2026-08-27T11:51:17+0200,0130a799-f590-4e00-8cb7-476fbd850f58,2026-08-23T10:00:00Z,2026-08-23T12:00:00+0200,-2.99,EUR/MWh,DE,DE_LU,day_ahead_price,value,2026-08-27T09:55:05Z
2026-08-27T09:51:17Z,2026-08-27T11:51:17+0200,0130a799-f590-4e00-8cb7-476fbd850f58,2026-08-23T10:15:00Z,2026-08-23T12:15:00+0200,-3.17,EUR/MWh,DE,DE_LU,day_ahead_price,value,2026-08-27T09:55:05Z
2026-08-27T09:51:17Z,2026-08-27T11:51:17+0200,0130a799-f590-4e00-8cb7-476fbd850f58,2026-08-23T10:30:00Z,2026-08-23T12:30:00+0200,-2.99,EUR/MWh,DE,DE_LU,day_ahead_price,value,2026-08-27T09:55:05Z
2026-08-27T09:51:17Z,2026-08-27T11:51:17+0200,0130a799-f590-4e00-8cb7-476fbd850f58,2026-08-23T10:45:00Z,2026-08-23T12:45:00+0200,-2.99,EUR/MWh,DE,DE_LU,day_ahead_price,value,2026-08-27T09:55:05Z
2026-08-27T09:51:17Z,2026-08-27T11:51:17+0200,0130a799-f590-4e00-8cb7-476fbd850f58,2026-08-23T11:00:00Z,2026-08-23T13:00:00+0200,-3.52,EUR/MWh,DE,DE_LU,day_ahead_price,value,2026-08-27T09:55:05Z
2026-08-27T09:51:17Z,2026-08-27T11:51:17+0200,0130a799-f590-4e00-8cb7-476fbd850f58,2026-08-23T11:15:00Z,2026-08-23T13:15:00+0200,-4.99,EUR/MWh,DE,DE_LU,day_ahead_price,value,2026-08-27T09:55:05Z
2026-08-27T09:51:17Z,2026-08-27T11:51:17+0200,0130a799-f590-4e00-8cb7-476fbd850f58,2026-08-23T11:30:00Z,2026-08-23T13:30:00+0200,-5.44,EUR/MWh,DE,DE_LU,day_ahead_price,value,2026-08-27T09:55:05Z
2026-08-27T09:51:17Z,2026-08-27T11:51:17+0200,0130a799-f590-4e00-8cb7-476fbd850f58,2026-08-23T11:45:00Z,2026-08-23T13:45:00+0200,-6.04,EUR/MWh,DE,DE_LU,day_ahead_price,value,2026-08-27T09:55:05Z
2026-08-27T09:51:17Z,2026-08-27T11:51:17+0200,0130a799-f590-4e00-8cb7-476fbd850f58,2026-08-23T12:00:00Z,2026-08-23T14:00:00+0200,-6.21,EUR/MWh,DE,DE_LU,day_ahead_price,value,2026-08-27T09:55:05Z
2026-08-27T09:51:17Z,2026-08-27T11:51:17+0200,0130a799-f590-4e00-8cb7-476fbd850f58,2026-08-23T12:15:00Z,2026-08-23T14:15:00+0200,-5.07,EUR/MWh,DE,DE_LU,day_ahead_price,value,2026-08-27T09:55:05Z
2026-08-27T09:51:17Z,2026-08-27T11:51:17+0200,0130a799-f590-4e00-8cb7-476fbd850f58,2026-08-23T12:30:00Z,2026-08-23T14:30:00+0200,-3.04,EUR/MWh,DE,DE_LU,day_ahead_price,value,2026-08-27T09:55:05Z
2026-08-27T09:51:17Z,2026-08-27T11:51:17+0200,0130a799-f590-4e00-8cb7-476fbd850f58,2026-08-23T12:45:00Z,2026-08-23T14:45:00+0200,-2.61,EUR/MWh,DE,DE_LU,day_ahead_price,value,2026-08-27T09:55:05Z
2026-08-27T09:51:17Z,2026-08-27T11:51:17+0200,0130a799-f590-4e00-8cb7-476fbd850f58,2026-08-23T13:00:00Z,2026-08-23T15:00:00+0200,-2.01,EUR/MWh,DE,DE_LU,day_ahead_price,value,2026-08-27T09:55:05Z
2026-08-27T09:51:17Z,2026-08-27T11:51:17+0200,0130a799-f590-4e00-8cb7-476fbd850f58,2026-08-23T13:15:00Z,2026-08-23T15:15:00+0200,-1.73,EUR/MWh,DE,DE_LU,day_ahead_price,value,2026-08-27T09:55:05Z
2026-08-27T09:51:17Z,2026-08-27T11:51:17+0200,0130a799-f590-4e00-8cb7-476fbd850f58,2026-08-23T13:30:00Z,2026-08-23T15:30:00+0200,-1.0,EUR/MWh,DE,DE_LU,day_ahead_price,value,2026-08-27T09:55:05Z
2026-08-27T09:51:17Z,2026-08-27T11:51:17+0200,0130a799-f590-4e00-8cb7-476fbd850f58,2026-08-23T13:45:00Z,2026-08-23T15:45:00+0200,-1.17,EUR/MWh,DE,DE_LU,day_ahead_price,value,2026-08-27T09:55:05Z
2026-08-27T09:51:17Z,2026-08-27T11:51:17+0200,0130a799-f590-4e00-8cb7-476fbd850f58,2026-08-23T14:00:00Z,2026-08-23T16:00:00+0200,-1.03,EUR/MWh,DE,DE_LU,day_ahead_price,value,2026-08-27T09:55:05Z
2026-08-27T09:51:17Z,2026-08-27T11:51:17+0200,0130a799-f590-4e00-8cb7-476fbd850f58,2026-08-23T14:15:00Z,2026-08-23T16:15:00+0200,-1.0,EUR/MWh,DE,DE_LU,day_ahead_price,value,2026-08-27T09:55:05Z
2026-08-27T09:51:17Z,2026-08-27T11:51:17+0200,0130a799-f590-4e00-8cb7-476fbd850f58,2026-08-23T14:30:00Z,2026-08-23T16:30:00+0200,-0.1,EUR/MWh,DE,DE_LU,day_ahead_price,value,2026-08-27T09:55:05Z
2026-08-27T09:51:17Z,2026-08-27T11:51:17+0200,0130a799-f590-4e00-8cb7-476fbd850f58,2026-08-23T14:45:00Z,2026-08-23T16:45:00+0200,0.0,EUR/MWh,DE,DE_LU,day_ahead_price,value,2026-08-27T09:55:05Z
2026-08-27T09:51:17Z,2026-08-27T11:51:17+0200,0130a799-f590-4e00-8cb7-476fbd850f58,2026-08-23T15:00:00Z,2026-08-23T17:00:00+0200,0.07,EUR/MWh,DE,DE_LU,day_ahead_price,value,2026-08-27T09:55:05Z
2026-08-27T09:51:17Z,2026-08-27T11:51:17+0200,0130a799-f590-4e00-8cb7-476fbd850f58,2026-08-23T15:15:00Z,2026-08-23T17:15:00+0200,10.71,EUR/MWh,DE,DE_LU,day_ahead_price,value,2026-08-27T09:55:05Z
2026-08-27T09:51:17Z,2026-08-27T11:51:17+0200,0130a799-f590-4e00-8cb7-476fbd850f58,2026-08-23T15:30:00Z,2026-08-23T17:30:00+0200,70.68,EUR/MWh,DE,DE_LU,day_ahead_price,value,2026-08-27T09:55:05Z
2026-08-27T09:51:17Z,2026-08-27T11:51:17+0200,0130a799-f590-4e00-8cb7-476fbd850f58,2026-08-23T15:45:00Z,2026-08-23T17:45:00+0200,112.04,EUR/MWh,DE,DE_LU,day_ahead_price,value,2026-08-27T09:55:05Z
2026-08-27T09:51:17Z,2026-08-27T11:51:17+0200,0130a799-f590-4e00-8cb7-476fbd850f58,2026-08-23T16:00:00Z,2026-08-23T18:00:00+0200,104.2,EUR/MWh,DE,DE_LU,day_ahead_price,value,2026-08-27T09:55:05Z
2026-08-27T09:51:17Z,2026-08-27T11:51:17+0200,0130a799-f590-4e00-8cb7-476fbd850f58,2026-08-23T16:15:00Z,2026-08-23T18:15:00+0200,129.33,EUR/MWh,DE,DE_LU,day_ahead_price,value,2026-08-27T09:55:05Z
2026-08-27T09:51:17Z,2026-08-27T11:51:17+0200,0130a799-f590-4e00-8cb7-476fbd850f58,2026-08-23T16:30:00Z,2026-08-23T18:30:00+0200,161.71,EUR/MWh,DE,DE_LU,day_ahead_price,value,2026-08-27T09:55:05Z
2026-08-27T09:51:17Z,2026-08-27T11:51:17+0200,0130a799-f590-4e00-8cb7-476fbd850f58,2026-08-23T16:45:00Z,2026-08-23T18:45:00+0200,182.45,EUR/MWh,DE,DE_LU,day_ahead_price,value,2026-08-27T09:55:05Z
2026-08-27T09:51:17Z,2026-08-27T11:51:17+0200,0130a799-f590-4e00-8cb7-476fbd850f58,2026-08-23T17:00:00Z,2026-08-23T19:00:00+0200,165.07,EUR/MWh,DE,DE_LU,day_ahead_price,value,2026-08-27T09:55:05Z
2026-08-27T09:51:17Z,2026-08-27T11:51:17+0200,0130a799-f590-4e00-8cb7-476fbd850f58,2026-08-23T17:15:00Z,2026-08-23T19:15:00+0200,177.63,EUR/MWh,DE,DE_LU,day_ahead_price,value,2026-08-27T09:55:05Z
2026-08-27T09:51:17Z,2026-08-27T11:51:17+0200,0130a799-f590-4e00-8cb7-476fbd850f58,2026-08-23T17:30:00Z,2026-08-23T19:30:00+0200,189.05,EUR/MWh,DE,DE_LU,day_ahead_price,value,2026-08-27T09:55:05Z
2026-08-27T09:51:17Z,2026-08-27T11:51:17+0200,0130a799-f590-4e00-8cb7-476fbd850f58,2026-08-23T17:45:00Z,2026-08-23T19:45:00+0200,189.05,EUR/MWh,DE,DE_LU,day_ahead_price,value,2026-08-27T09:55:05Z
2026-08-27T09:51:17Z,2026-08-27T11:51:17+0200,0130a799-f590-4e00-8cb7-476fbd850f58,2026-08-23T18:00:00Z,2026-08-23T20:00:00+0200,188.4,EUR/MWh,DE,DE_LU,day_ahead_price,value,2026-08-27T09:55:05Z
2026-08-27T09:51:17Z,2026-08-27T11:51:17+0200,0130a799-f590-4e00-8cb7-476fbd850f58,2026-08-23T18:15:00Z,2026-08-23T20:15:00+0200,187.17,EUR/MWh,DE,DE_LU,day_ahead_price,value,2026-08-27T09:55:05Z
2026-08-27T09:51:17Z,2026-08-27T11:51:17+0200,0130a799-f590-4e00-8cb7-476fbd850f58,2026-08-23T18:30:00Z,2026-08-23T20:30:00+0200,185.37,EUR/MWh,DE,DE_LU,day_ahead_price,value,2026-08-27T09:55:05Z
2026-08-27T09:51:17Z,2026-08-27T11:51:17+0200,0130a799-f590-4e00-8cb7-476fbd850f58,2026-08-23T18:45:00Z,2026-08-23T20:45:00+0200,182.62,EUR/MWh,DE,DE_LU,day_ahead_price,value,2026-08-27T09:55:05Z
2026-08-27T09:51:17Z,2026-08-27T11:51:17+0200,0130a799-f590-4e00-8cb7-476fbd850f58,2026-08-23T19:00:00Z,2026-08-23T21:00:00+0200,179.93,EUR/MWh,DE,DE_LU,day_ahead_price,value,2026-08-27T09:55:05Z
2026-08-27T09:51:17Z,2026-08-27T11:51:17+0200,0130a799-f590-4e00-8cb7-476fbd850f58,2026-08-23T19:15:00Z,2026-08-23T21:15:00+0200,179.07,EUR/MWh,DE,DE_LU,day_ahead_price,value,2026-08-27T09:55:05Z
2026-08-27T09:51:17Z,2026-08-27T11:51:17+0200,0130a799-f590-4e00-8cb7-476fbd850f58,2026-08-23T19:30:00Z,2026-08-23T21:30:00+0200,176.95,EUR/MWh,DE,DE_LU,day_ahead_price,value,2026-08-27T09:55:05Z
2026-08-27T09:51:17Z,2026-08-27T11:51:17+0200,0130a799-f590-4e00-8cb7-476fbd850f58,2026-08-23T19:45:00Z,2026-08-23T21:45:00+0200,176.25,EUR/MWh,DE,DE_LU,day_ahead_price,value,2026-08-27T09:55:05Z
2026-08-27T09:51:17Z,2026-08-27T11:51:17+0200,0130a799-f590-4e00-8cb7-476fbd850f58,2026-08-23T20:00:00Z,2026-08-23T22:00:00+0200,174.86,EUR/MWh,DE,DE_LU,day_ahead_price,value,2026-08-27T09:55:05Z
2026-08-27T09:51:17Z,2026-08-27T11:51:17+0200,0130a799-f590-4e00-8cb7-476fbd850f58,2026-08-23T20:15:00Z,2026-08-23T22:15:00+0200,173.54,EUR/MWh,DE,DE_LU,day_ahead_price,value,2026-08-27T09:55:05Z
2026-08-27T09:51:17Z,2026-08-27T11:51:17+0200,0130a799-f590-4e00-8cb7-476fbd850f58,2026-08-23T20:30:00Z,2026-08-23T22:30:00+0200,172.48,EUR/MWh,DE,DE_LU,day_ahead_price,value,2026-08-27T09:55:05Z
2026-08-27T09:51:17Z,2026-08-27T11:51:17+0200,0130a799-f590-4e00-8cb7-476fbd850f58,2026-08-23T20:45:00Z,2026-08-23T22:45:00+0200,169.83,EUR/MWh,DE,DE_LU,day_ahead_price,value,2026-08-27T09:55:05Z
2026-08-27T09:51:17Z,2026-08-27T11:51:17+0200,0130a799-f590-4e00-8cb7-476fbd850f58,2026-08-23T21:00:00Z,2026-08-23T23:00:00+0200,168.91,EUR/MWh,DE,DE_LU,day_ahead_price,value,2026-08-27T09:55:05Z
2026-08-27T09:51:17Z,2026-08-27T11:51:17+0200,0130a799-f590-4e00-8cb7-476fbd850f58,2026-08-23T21:15:00Z,2026-08-23T23:15:00+0200,166.69,EUR/MWh,DE,DE_LU,day_ahead_price,value,2026-08-27T09:55:05Z
2026-08-27T09:51:17Z,2026-08-27T11:51:17+0200,0130a799-f590-4e00-8cb7-476fbd850f58,2026-08-23T21:30:00Z,2026-08-23T23:30:00+0200,166.12,EUR/MWh,DE,DE_LU,day_ahead_price,value,2026-08-27T09:55:05Z
2026-08-27T09:51:17Z,2026-08-27T11:51:17+0200,0130a799-f590-4e00-8cb7-476fbd850f58,2026-08-23T21:45:00Z,2026-08-23T23:45:00+0200,160.08,EUR/MWh,DE,DE_LU,day_ahead_price,value,2026-08-27T09:55:05Z
2026-08-27T09:51:17Z,2026-08-27T11:51:17+0200,0130a799-f590-4e00-8cb7-476fbd850f58,2026-08-23T22:00:00Z,2026-08-24T00:00:00+0200,164.69,EUR/MWh,DE,DE_LU,day_ahead_price,value,2026-08-27T09:55:05Z
2026-08-27T09:51:17Z,2026-08-27T11:51:17+0200,0130a799-f590-4e00-8cb7-476fbd850f58,2026-08-23T22:15:00Z,2026-08-24T00:15:00+0200,162.16,EUR/MWh,DE,DE_LU,day_ahead_price,value,2026-08-27T09:55:05Z
2026-08-27T09:51:17Z,2026-08-27T11:51:17+0200,0130a799-f590-4e00-8cb7-476fbd850f58,2026-08-23T22:30:00Z,2026-08-24T00:30:00+0200,161.58,EUR/MWh,DE,DE_LU,day_ahead_price,value,2026-08-27T09:55:05Z
2026-08-27T09:51:17Z,2026-08-27T11:51:17+0200,0130a799-f590-4e00-8cb7-476fbd850f58,2026-08-23T22:45:00Z,2026-08-24T00:45:00+0200,155.29,EUR/MWh,DE,DE_LU,day_ahead_price,value,2026-08-27T09:55:05Z
2026-08-27T09:51:17Z,2026-08-27T11:51:17+0200,0130a799-f590-4e00-8cb7-476fbd850f58,2026-08-23T23:00:00Z,2026-08-24T01:00:00+0200,160.04,EUR/MWh,DE,DE_LU,day_ahead_price,value,2026-08-27T09:55:05Z
2026-08-27T09:51:17Z,2026-08-27T11:51:17+0200,0130a799-f590-4e00-8cb7-476fbd850f58,2026-08-23T23:15:00Z,2026-08-24T01:15:00+0200,154.13,EUR/MWh,DE,DE_LU,day_ahead_price,value,2026-08-27T09:55:05Z
2026-08-27T09:51:17Z,2026-08-27T11:51:17+0200,0130a799-f590-4e00-8cb7-476fbd850f58,2026-08-23T23:30:00Z,2026-08-24T01:30:00+0200,149.59,EUR/MWh,DE,DE_LU,day_ahead_price,value,2026-08-27T09:55:05Z
2026-08-27T09:51:17Z,2026-08-27T11:51:17+0200,0130a799-f590-4e00-8cb7-476fbd850f58,2026-08-23T23:45:00Z,2026-08-24T01:45:00+0200,146.73,EUR/MWh,DE,DE_LU,day_ahead_price,value,2026-08-27T09:55:05Z
2026-08-27T09:51:17Z,2026-08-27T11:51:17+0200,0130a799-f590-4e00-8cb7-476fbd850f58,2026-08-24T00:00:00Z,2026-08-24T02:00:00+0200,148.2,EUR/MWh,DE,DE_LU,day_ahead_price,value,2026-08-27T09:55:05Z
2026-08-27T09:51:17Z,2026-08-27T11:51:17+0200,0130a799-f590-4e00-8cb7-476fbd850f58,2026-08-24T00:15:00Z,2026-08-24T02:15:00+0200,147.5,EUR/MWh,DE,DE_LU,day_ahead_price,value,2026-08-27T09:55:05Z
2026-08-27T09:51:17Z,2026-08-27T11:51:17+0200,0130a799-f590-4e00-8cb7-476fbd850f58,2026-08-24T00:30:00Z,2026-08-24T02:30:00+0200,147.83,EUR/MWh,DE,DE_LU,day_ahead_price,value,2026-08-27T09:55:05Z
2026-08-27T09:51:17Z,2026-08-27T11:51:17+0200,0130a799-f590-4e00-8cb7-476fbd850f58,2026-08-24T00:45:00Z,2026-08-24T02:45:00+0200,148.0,EUR/MWh,DE,DE_LU,day_ahead_price,value,2026-08-27T09:55:05Z
2026-08-27T09:51:17Z,2026-08-27T11:51:17+0200,0130a799-f590-4e00-8cb7-476fbd850f58,2026-08-24T01:00:00Z,2026-08-24T03:00:00+0200,149.54,EUR/MWh,DE,DE_LU,day_ahead_price,value,2026-08-27T09:55:05Z
2026-08-27T09:51:17Z,2026-08-27T11:51:17+0200,0130a799-f590-4e00-8cb7-476fbd850f58,2026-08-24T01:15:00Z,2026-08-24T03:15:00+0200,149.94,EUR/MWh,DE,DE_LU,day_ahead_price,value,2026-08-27T09:55:05Z
2026-08-27T09:51:17Z,2026-08-27T11:51:17+0200,0130a799-f590-4e00-8cb7-476fbd850f58,2026-08-24T01:30:00Z,2026-08-24T03:30:00+0200,148.36,EUR/MWh,DE,DE_LU,day_ahead_price,value,2026-08-27T09:55:05Z
2026-08-27T09:51:17Z,2026-08-27T11:51:17+0200,0130a799-f590-4e00-8cb7-476fbd850f58,2026-08-24T01:45:00Z,2026-08-24T03:45:00+0200,147.1,EUR/MWh,DE,DE_LU,day_ahead_price,value,2026-08-27T09:55:05Z
2026-08-27T09:51:17Z,2026-08-27T11:51:17+0200,0130a799-f590-4e00-8cb7-476fbd850f58,2026-08-24T02:00:00Z,2026-08-24T04:00:00+0200,147.16,EUR/MWh,DE,DE_LU,day_ahead_price,value,2026-08-27T09:55:05Z
2026-08-27T09:51:17Z,2026-08-27T11:51:17+0200,0130a799-f590-4e00-8cb7-476fbd850f58,2026-08-24T02:15:00Z,2026-08-24T04:15:00+0200,149.0,EUR/MWh,DE,DE_LU,day_ahead_price,value,2026-08-27T09:55:05Z
2026-08-27T09:51:17Z,2026-08-27T11:51:17+0200,0130a799-f590-4e00-8cb7-476fbd850f58,2026-08-24T02:30:00Z,2026-08-24T04:30:00+0200,151.54,EUR/MWh,DE,DE_LU,day_ahead_price,value,2026-08-27T09:55:05Z
2026-08-27T09:51:17Z,2026-08-27T11:51:17+0200,0130a799-f590-4e00-8cb7-476fbd850f58,2026-08-24T02:45:00Z,2026-08-24T04:45:00+0200,157.49,EUR/MWh,DE,DE_LU,day_ahead_price,value,2026-08-27T09:55:05Z
2026-08-27T09:51:17Z,2026-08-27T11:51:17+0200,0130a799-f590-4e00-8cb7-476fbd850f58,2026-08-24T03:00:00Z,2026-08-24T05:00:00+0200,152.5,EUR/MWh,DE,DE_LU,day_ahead_price,value,2026-08-27T09:55:05Z
2026-08-27T09:51:17Z,2026-08-27T11:51:17+0200,0130a799-f590-4e00-8cb7-476fbd850f58,2026-08-24T03:15:00Z,2026-08-24T05:15:00+0200,166.85,EUR/MWh,DE,DE_LU,day_ahead_price,value,2026-08-27T09:55:05Z
2026-08-27T09:51:17Z,2026-08-27T11:51:17+0200,0130a799-f590-4e00-8cb7-476fbd850f58,2026-08-24T03:30:00Z,2026-08-24T05:30:00+0200,179.34,EUR/MWh,DE,DE_LU,day_ahead_price,value,2026-08-27T09:55:05Z
2026-08-27T09:51:17Z,2026-08-27T11:51:17+0200,0130a799-f590-4e00-8cb7-476fbd850f58,2026-08-24T03:45:00Z,2026-08-24T05:45:00+0200,191.99,EUR/MWh,DE,DE_LU,day_ahead_price,value,2026-08-27T09:55:05Z
2026-08-27T09:51:17Z,2026-08-27T11:51:17+0200,0130a799-f590-4e00-8cb7-476fbd850f58,2026-08-24T04:00:00Z,2026-08-24T06:00:00+0200,180.77,EUR/MWh,DE,DE_LU,day_ahead_price,value,2026-08-27T09:55:05Z
2026-08-27T09:51:17Z,2026-08-27T11:51:17+0200,0130a799-f590-4e00-8cb7-476fbd850f58,2026-08-24T04:15:00Z,2026-08-24T06:15:00+0200,196.38,EUR/MWh,DE,DE_LU,day_ahead_price,value,2026-08-27T09:55:05Z
2026-08-27T09:51:17Z,2026-08-27T11:51:17+0200,0130a799-f590-4e00-8cb7-476fbd850f58,2026-08-24T04:30:00Z,2026-08-24T06:30:00+0200,222.35,EUR/MWh,DE,DE_LU,day_ahead_price,value,2026-08-27T09:55:05Z
2026-08-27T09:51:17Z,2026-08-27T11:51:17+0200,0130a799-f590-4e00-8cb7-476fbd850f58,2026-08-24T04:45:00Z,2026-08-24T06:45:00+0200,223.18,EUR/MWh,DE,DE_LU,day_ahead_price,value,2026-08-27T09:55:05Z
2026-08-27T09:51:17Z,2026-08-27T11:51:17+0200,0130a799-f590-4e00-8cb7-476fbd850f58,2026-08-24T05:00:00Z,2026-08-24T07:00:00+0200,233.26,EUR/MWh,DE,DE_LU,day_ahead_price,value,2026-08-27T09:55:05Z
2026-08-27T09:51:17Z,2026-08-27T11:51:17+0200,0130a799-f590-4e00-8cb7-476fbd850f58,2026-08-24T05:15:00Z,2026-08-24T07:15:00+0200,220.85,EUR/MWh,DE,DE_LU,day_ahead_price,value,2026-08-27T09:55:05Z
2026-08-27T09:51:17Z,2026-08-27T11:51:17+0200,0130a799-f590-4e00-8cb7-476fbd850f58,2026-08-24T05:30:00Z,2026-08-24T07:30:00+0200,192.17,EUR/MWh,DE,DE_LU,day_ahead_price,value,2026-08-27T09:55:05Z
2026-08-27T09:51:17Z,2026-08-27T11:51:17+0200,0130a799-f590-4e00-8cb7-476fbd850f58,2026-08-24T05:45:00Z,2026-08-24T07:45:00+0200,179.32,EUR/MWh,DE,DE_LU,day_ahead_price,value,2026-08-27T09:55:05Z
2026-08-27T09:51:17Z,2026-08-27T11:51:17+0200,0130a799-f590-4e00-8cb7-476fbd850f58,2026-08-24T06:00:00Z,2026-08-24T08:00:00+0200,204.1,EUR/MWh,DE,DE_LU,day_ahead_price,value,2026-08-27T09:55:05Z
2026-08-27T09:51:17Z,2026-08-27T11:51:17+0200,0130a799-f590-4e00-8cb7-476fbd850f58,2026-08-24T06:15:00Z,2026-08-24T08:15:00+0200,180.13,EUR/MWh,DE,DE_LU,day_ahead_price,value,2026-08-27T09:55:05Z
2026-08-27T09:51:17Z,2026-08-27T11:51:17+0200,0130a799-f590-4e00-8cb7-476fbd850f58,2026-08-24T06:30:00Z,2026-08-24T08:30:00+0200,170.39,EUR/MWh,DE,DE_LU,day_ahead_price,value,2026-08-27T09:55:05Z
2026-08-27T09:51:17Z,2026-08-27T11:51:17+0200,0130a799-f590-4e00-8cb7-476fbd850f58,2026-08-24T06:45:00Z,2026-08-24T08:45:00+0200,152.5,EUR/MWh,DE,DE_LU,day_ahead_price,value,2026-08-27T09:55:05Z
2026-08-27T09:51:17Z,2026-08-27T11:51:17+0200,0130a799-f590-4e00-8cb7-476fbd850f58,2026-08-24T07:00:00Z,2026-08-24T09:00:00+0200,175.0,EUR/MWh,DE,DE_LU,day_ahead_price,value,2026-08-27T09:55:05Z
2026-08-27T09:51:17Z,2026-08-27T11:51:17+0200,0130a799-f590-4e00-8cb7-476fbd850f58,2026-08-24T07:15:00Z,2026-08-24T09:15:00+0200,150.19,EUR/MWh,DE,DE_LU,day_ahead_price,value,2026-08-27T09:55:05Z
2026-08-27T09:51:17Z,2026-08-27T11:51:17+0200,0130a799-f590-4e00-8cb7-476fbd850f58,2026-08-24T07:30:00Z,2026-08-24T09:30:00+0200,126.7,EUR/MWh,DE,DE_LU,day_ahead_price,value,2026-08-27T09:55:05Z
2026-08-27T09:51:17Z,2026-08-27T11:51:17+0200,0130a799-f590-4e00-8cb7-476fbd850f58,2026-08-24T07:45:00Z,2026-08-24T09:45:00+0200,113.49,EUR/MWh,DE,DE_LU,day_ahead_price,value,2026-08-27T09:55:05Z
2026-08-27T09:51:17Z,2026-08-27T11:51:17+0200,0130a799-f590-4e00-8cb7-476fbd850f58,2026-08-24T08:00:00Z,2026-08-24T10:00:00+0200,136.35,EUR/MWh,DE,DE_LU,day_ahead_price,value,2026-08-27T09:55:05Z
2026-08-27T09:51:17Z,2026-08-27T11:51:17+0200,0130a799-f590-4e00-8cb7-476fbd850f58,2026-08-24T08:15:00Z,2026-08-24T10:15:00+0200,119.76,EUR/MWh,DE,DE_LU,day_ahead_price,value,2026-08-27T09:55:05Z
2026-08-27T09:51:17Z,2026-08-27T11:51:17+0200,0130a799-f590-4e00-8cb7-476fbd850f58,2026-08-24T08:30:00Z,2026-08-24T10:30:00+0200,110.24,EUR/MWh,DE,DE_LU,day_ahead_price,value,2026-08-27T09:55:05Z
2026-08-27T09:51:17Z,2026-08-27T11:51:17+0200,0130a799-f590-4e00-8cb7-476fbd850f58,2026-08-24T08:45:00Z,2026-08-24T10:45:00+0200,83.94,EUR/MWh,DE,DE_LU,day_ahead_price,value,2026-08-27T09:55:05Z
2026-08-27T09:51:17Z,2026-08-27T11:51:17+0200,0130a799-f590-4e00-8cb7-476fbd850f58,2026-08-24T09:00:00Z,2026-08-24T11:00:00+0200,104.54,EUR/MWh,DE,DE_LU,day_ahead_price,value,2026-08-27T09:55:05Z
2026-08-27T09:51:17Z,2026-08-27T11:51:17+0200,0130a799-f590-4e00-8cb7-476fbd850f58,2026-08-24T09:15:00Z,2026-08-24T11:15:00+0200,82.3,EUR/MWh,DE,DE_LU,day_ahead_price,value,2026-08-27T09:55:05Z
2026-08-27T09:51:17Z,2026-08-27T11:51:17+0200,0130a799-f590-4e00-8cb7-476fbd850f58,2026-08-24T09:30:00Z,2026-08-24T11:30:00+0200,74.15,EUR/MWh,DE,DE_LU,day_ahead_price,value,2026-08-27T09:55:05Z
2026-08-27T09:51:17Z,2026-08-27T11:51:17+0200,0130a799-f590-4e00-8cb7-476fbd850f58,2026-08-24T09:45:00Z,2026-08-24T11:45:00+0200,60.05,EUR/MWh,DE,DE_LU,day_ahead_price,value,2026-08-27T09:55:05Z
2026-08-27T09:51:17Z,2026-08-27T11:51:17+0200,0130a799-f590-4e00-8cb7-476fbd850f58,2026-08-24T10:00:00Z,2026-08-24T12:00:00+0200,62.04,EUR/MWh,DE,DE_LU,day_ahead_price,value,2026-08-27T09:55:05Z
2026-08-27T09:51:17Z,2026-08-27T11:51:17+0200,0130a799-f590-4e00-8cb7-476fbd850f58,2026-08-24T10:15:00Z,2026-08-24T12:15:00+0200,52.84,EUR/MWh,DE,DE_LU,day_ahead_price,value,2026-08-27T09:55:05Z
2026-08-27T09:51:17Z,2026-08-27T11:51:17+0200,0130a799-f590-4e00-8cb7-476fbd850f58,2026-08-24T10:30:00Z,2026-08-24T12:30:00+0200,57.68,EUR/MWh,DE,DE_LU,day_ahead_price,value,2026-08-27T09:55:05Z
2026-08-27T09:51:17Z,2026-08-27T11:51:17+0200,0130a799-f590-4e00-8cb7-476fbd850f58,2026-08-24T10:45:00Z,2026-08-24T12:45:00+0200,49.97,EUR/MWh,DE,DE_LU,day_ahead_price,value,2026-08-27T09:55:05Z
2026-08-27T09:51:17Z,2026-08-27T11:51:17+0200,0130a799-f590-4e00-8cb7-476fbd850f58,2026-08-24T11:00:00Z,2026-08-24T13:00:00+0200,48.81,EUR/MWh,DE,DE_LU,day_ahead_price,value,2026-08-27T09:55:05Z
2026-08-27T09:51:17Z,2026-08-27T11:51:17+0200,0130a799-f590-4e00-8cb7-476fbd850f58,2026-08-24T11:15:00Z,2026-08-24T13:15:00+0200,40.64,EUR/MWh,DE,DE_LU,day_ahead_price,value,2026-08-27T09:55:05Z
2026-08-27T09:51:17Z,2026-08-27T11:51:17+0200,0130a799-f590-4e00-8cb7-476fbd850f58,2026-08-24T11:30:00Z,2026-08-24T13:30:00+0200,27.0,EUR/MWh,DE,DE_LU,day_ahead_price,value,2026-08-27T09:55:05Z
2026-08-27T09:51:17Z,2026-08-27T11:51:17+0200,0130a799-f590-4e00-8cb7-476fbd850f58,2026-08-24T11:45:00Z,2026-08-24T13:45:00+0200,20.13,EUR/MWh,DE,DE_LU,day_ahead_price,value,2026-08-27T09:55:05Z
2026-08-27T09:51:17Z,2026-08-27T11:51:17+0200,0130a799-f590-4e00-8cb7-476fbd850f58,2026-08-24T12:00:00Z,2026-08-24T14:00:00+0200,31.67,EUR/MWh,DE,DE_LU,day_ahead_price,value,2026-08-27T09:55:05Z
2026-08-27T09:51:17Z,2026-08-27T11:51:17+0200,0130a799-f590-4e00-8cb7-476fbd850f58,2026-08-24T12:15:00Z,2026-08-24T14:15:00+0200,39.89,EUR/MWh,DE,DE_LU,day_ahead_price,value,2026-08-27T09:55:05Z
2026-08-27T09:51:17Z,2026-08-27T11:51:17+0200,0130a799-f590-4e00-8cb7-476fbd850f58,2026-08-24T12:30:00Z,2026-08-24T14:30:00+0200,33.63,EUR/MWh,DE,DE_LU,day_ahead_price,value,2026-08-27T09:55:05Z
2026-08-27T09:51:17Z,2026-08-27T11:51:17+0200,0130a799-f590-4e00-8cb7-476fbd850f58,2026-08-24T12:45:00Z,2026-08-24T14:45:00+0200,37.44,EUR/MWh,DE,DE_LU,day_ahead_price,value,2026-08-27T09:55:05Z
2026-08-27T09:51:17Z,2026-08-27T11:51:17+0200,0130a799-f590-4e00-8cb7-476fbd850f58,2026-08-24T13:00:00Z,2026-08-24T15:00:00+0200,50.24,EUR/MWh,DE,DE_LU,day_ahead_price,value,2026-08-27T09:55:05Z
2026-08-27T09:51:17Z,2026-08-27T11:51:17+0200,0130a799-f590-4e00-8cb7-476fbd850f58,2026-08-24T13:15:00Z,2026-08-24T15:15:00+0200,59.01,EUR/MWh,DE,DE_LU,day_ahead_price,value,2026-08-27T09:55:05Z
2026-08-27T09:51:17Z,2026-08-27T11:51:17+0200,0130a799-f590-4e00-8cb7-476fbd850f58,2026-08-24T13:30:00Z,2026-08-24T15:30:00+0200,84.32,EUR/MWh,DE,DE_LU,day_ahead_price,value,2026-08-27T09:55:05Z
2026-08-27T09:51:17Z,2026-08-27T11:51:17+0200,0130a799-f590-4e00-8cb7-476fbd850f58,2026-08-24T13:45:00Z,2026-08-24T15:45:00+0200,96.42,EUR/MWh,DE,DE_LU,day_ahead_price,value,2026-08-27T09:55:05Z
2026-08-27T09:51:17Z,2026-08-27T11:51:17+0200,0130a799-f590-4e00-8cb7-476fbd850f58,2026-08-24T14:00:00Z,2026-08-24T16:00:00+0200,71.89,EUR/MWh,DE,DE_LU,day_ahead_price,value,2026-08-27T09:55:05Z
2026-08-27T09:51:17Z,2026-08-27T11:51:17+0200,0130a799-f590-4e00-8cb7-476fbd850f58,2026-08-24T14:15:00Z,2026-08-24T16:15:00+0200,99.39,EUR/MWh,DE,DE_LU,day_ahead_price,value,2026-08-27T09:55:05Z
2026-08-27T09:51:17Z,2026-08-27T11:51:17+0200,0130a799-f590-4e00-8cb7-476fbd850f58,2026-08-24T14:30:00Z,2026-08-24T16:30:00+0200,110.25,EUR/MWh,DE,DE_LU,day_ahead_price,value,2026-08-27T09:55:05Z
2026-08-27T09:51:17Z,2026-08-27T11:51:17+0200,0130a799-f590-4e00-8cb7-476fbd850f58,2026-08-24T14:45:00Z,2026-08-24T16:45:00+0200,126.82,EUR/MWh,DE,DE_LU,day_ahead_price,value,2026-08-27T09:55:05Z
2026-08-27T09:51:17Z,2026-08-27T11:51:17+0200,0130a799-f590-4e00-8cb7-476fbd850f58,2026-08-24T15:00:00Z,2026-08-24T17:00:00+0200,112.65,EUR/MWh,DE,DE_LU,day_ahead_price,value,2026-08-27T09:55:05Z
2026-08-27T09:51:17Z,2026-08-27T11:51:17+0200,0130a799-f590-4e00-8cb7-476fbd850f58,2026-08-24T15:15:00Z,2026-08-24T17:15:00+0200,130.4,EUR/MWh,DE,DE_LU,day_ahead_price,value,2026-08-27T09:55:05Z
2026-08-27T09:51:17Z,2026-08-27T11:51:17+0200,0130a799-f590-4e00-8cb7-476fbd850f58,2026-08-24T15:30:00Z,2026-08-24T17:30:00+0200,156.43,EUR/MWh,DE,DE_LU,day_ahead_price,value,2026-08-27T09:55:05Z
2026-08-27T09:51:17Z,2026-08-27T11:51:17+0200,0130a799-f590-4e00-8cb7-476fbd850f58,2026-08-24T15:45:00Z,2026-08-24T17:45:00+0200,174.36,EUR/MWh,DE,DE_LU,day_ahead_price,value,2026-08-27T09:55:05Z
2026-08-27T09:51:17Z,2026-08-27T11:51:17+0200,0130a799-f590-4e00-8cb7-476fbd850f58,2026-08-24T16:00:00Z,2026-08-24T18:00:00+0200,155.96,EUR/MWh,DE,DE_LU,day_ahead_price,value,2026-08-27T09:55:05Z
2026-08-27T09:51:17Z,2026-08-27T11:51:17+0200,0130a799-f590-4e00-8cb7-476fbd850f58,2026-08-24T16:15:00Z,2026-08-24T18:15:00+0200,173.53,EUR/MWh,DE,DE_LU,day_ahead_price,value,2026-08-27T09:55:05Z
2026-08-27T09:51:17Z,2026-08-27T11:51:17+0200,0130a799-f590-4e00-8cb7-476fbd850f58,2026-08-24T16:30:00Z,2026-08-24T18:30:00+0200,184.38,EUR/MWh,DE,DE_LU,day_ahead_price,value,2026-08-27T09:55:05Z
2026-08-27T09:51:17Z,2026-08-27T11:51:17+0200,0130a799-f590-4e00-8cb7-476fbd850f58,2026-08-24T16:45:00Z,2026-08-24T18:45:00+0200,215.47,EUR/MWh,DE,DE_LU,day_ahead_price,value,2026-08-27T09:55:05Z
2026-08-27T09:51:17Z,2026-08-27T11:51:17+0200,0130a799-f590-4e00-8cb7-476fbd850f58,2026-08-24T17:00:00Z,2026-08-24T19:00:00+0200,188.3,EUR/MWh,DE,DE_LU,day_ahead_price,value,2026-08-27T09:55:05Z
2026-08-27T09:51:17Z,2026-08-27T11:51:17+0200,0130a799-f590-4e00-8cb7-476fbd850f58,2026-08-24T17:15:00Z,2026-08-24T19:15:00+0200,209.39,EUR/MWh,DE,DE_LU,day_ahead_price,value,2026-08-27T09:55:05Z
2026-08-27T09:51:17Z,2026-08-27T11:51:17+0200,0130a799-f590-4e00-8cb7-476fbd850f58,2026-08-24T17:30:00Z,2026-08-24T19:30:00+0200,229.87,EUR/MWh,DE,DE_LU,day_ahead_price,value,2026-08-27T09:55:05Z
2026-08-27T09:51:17Z,2026-08-27T11:51:17+0200,0130a799-f590-4e00-8cb7-476fbd850f58,2026-08-24T17:45:00Z,2026-08-24T19:45:00+0200,249.92,EUR/MWh,DE,DE_LU,day_ahead_price,value,2026-08-27T09:55:05Z
2026-08-27T09:51:17Z,2026-08-27T11:51:17+0200,0130a799-f590-4e00-8cb7-476fbd850f58,2026-08-24T18:00:00Z,2026-08-24T20:00:00+0200,239.9,EUR/MWh,DE,DE_LU,day_ahead_price,value,2026-08-27T09:55:05Z
2026-08-27T09:51:17Z,2026-08-27T11:51:17+0200,0130a799-f590-4e00-8cb7-476fbd850f58,2026-08-24T18:15:00Z,2026-08-24T20:15:00+0200,224.86,EUR/MWh,DE,DE_LU,day_ahead_price,value,2026-08-27T09:55:05Z
2026-08-27T09:51:17Z,2026-08-27T11:51:17+0200,0130a799-f590-4e00-8cb7-476fbd850f58,2026-08-24T18:30:00Z,2026-08-24T20:30:00+0200,216.36,EUR/MWh,DE,DE_LU,day_ahead_price,value,2026-08-27T09:55:05Z
2026-08-27T09:51:17Z,2026-08-27T11:51:17+0200,0130a799-f590-4e00-8cb7-476fbd850f58,2026-08-24T18:45:00Z,2026-08-24T20:45:00+0200,196.99,EUR/MWh,DE,DE_LU,day_ahead_price,value,2026-08-27T09:55:05Z
2026-08-27T09:51:17Z,2026-08-27T11:51:17+0200,0130a799-f590-4e00-8cb7-476fbd850f58,2026-08-24T19:00:00Z,2026-08-24T21:00:00+0200,199.0,EUR/MWh,DE,DE_LU,day_ahead_price,value,2026-08-27T09:55:05Z
2026-08-27T09:51:17Z,2026-08-27T11:51:17+0200,0130a799-f590-4e00-8cb7-476fbd850f58,2026-08-24T19:15:00Z,2026-08-24T21:15:00+0200,193.23,EUR/MWh,DE,DE_LU,day_ahead_price,value,2026-08-27T09:55:05Z
2026-08-27T09:51:17Z,2026-08-27T11:51:17+0200,0130a799-f590-4e00-8cb7-476fbd850f58,2026-08-24T19:30:00Z,2026-08-24T21:30:00+0200,183.05,EUR/MWh,DE,DE_LU,day_ahead_price,value,2026-08-27T09:55:05Z
2026-08-27T09:51:17Z,2026-08-27T11:51:17+0200,0130a799-f590-4e00-8cb7-476fbd850f58,2026-08-24T19:45:00Z,2026-08-24T21:45:00+0200,176.83,EUR/MWh,DE,DE_LU,day_ahead_price,value,2026-08-27T09:55:05Z
2026-08-27T09:51:17Z,2026-08-27T11:51:17+0200,0130a799-f590-4e00-8cb7-476fbd850f58,2026-08-24T20:00:00Z,2026-08-24T22:00:00+0200,176.54,EUR/MWh,DE,DE_LU,day_ahead_price,value,2026-08-27T09:55:05Z
2026-08-27T09:51:17Z,2026-08-27T11:51:17+0200,0130a799-f590-4e00-8cb7-476fbd850f58,2026-08-24T20:15:00Z,2026-08-24T22:15:00+0200,173.52,EUR/MWh,DE,DE_LU,day_ahead_price,value,2026-08-27T09:55:05Z
2026-08-27T09:51:17Z,2026-08-27T11:51:17+0200,0130a799-f590-4e00-8cb7-476fbd850f58,2026-08-24T20:30:00Z,2026-08-24T22:30:00+0200,169.99,EUR/MWh,DE,DE_LU,day_ahead_price,value,2026-08-27T09:55:05Z
2026-08-27T09:51:17Z,2026-08-27T11:51:17+0200,0130a799-f590-4e00-8cb7-476fbd850f58,2026-08-24T20:45:00Z,2026-08-24T22:45:00+0200,167.05,EUR/MWh,DE,DE_LU,day_ahead_price,value,2026-08-27T09:55:05Z
2026-08-27T09:51:17Z,2026-08-27T11:51:17+0200,0130a799-f590-4e00-8cb7-476fbd850f58,2026-08-24T21:00:00Z,2026-08-24T23:00:00+0200,163.19,EUR/MWh,DE,DE_LU,day_ahead_price,value,2026-08-27T09:55:05Z
2026-08-27T09:51:17Z,2026-08-27T11:51:17+0200,0130a799-f590-4e00-8cb7-476fbd850f58,2026-08-24T21:15:00Z,2026-08-24T23:15:00+0200,157.08,EUR/MWh,DE,DE_LU,day_ahead_price,value,2026-08-27T09:55:05Z
2026-08-27T09:51:17Z,2026-08-27T11:51:17+0200,0130a799-f590-4e00-8cb7-476fbd850f58,2026-08-24T21:30:00Z,2026-08-24T23:30:00+0200,154.12,EUR/MWh,DE,DE_LU,day_ahead_price,value,2026-08-27T09:55:05Z
2026-08-27T09:51:17Z,2026-08-27T11:51:17+0200,0130a799-f590-4e00-8cb7-476fbd850f58,2026-08-24T21:45:00Z,2026-08-24T23:45:00+0200,144.51,EUR/MWh,DE,DE_LU,day_ahead_price,value,2026-08-27T09:55:05Z
2026-08-27T09:51:17Z,2026-08-27T11:51:17+0200,0130a799-f590-4e00-8cb7-476fbd850f58,2026-08-24T22:00:00Z,2026-08-25T00:00:00+0200,155.82,EUR/MWh,DE,DE_LU,day_ahead_price,value,2026-08-27T09:55:05Z
2026-08-27T09:51:17Z,2026-08-27T11:51:17+0200,0130a799-f590-4e00-8cb7-476fbd850f58,2026-08-24T22:15:00Z,2026-08-25T00:15:00+0200,154.66,EUR/MWh,DE,DE_LU,day_ahead_price,value,2026-08-27T09:55:05Z
2026-08-27T09:51:17Z,2026-08-27T11:51:17+0200,0130a799-f590-4e00-8cb7-476fbd850f58,2026-08-24T22:30:00Z,2026-08-25T00:30:00+0200,151.45,EUR/MWh,DE,DE_LU,day_ahead_price,value,2026-08-27T09:55:05Z
2026-08-27T09:51:17Z,2026-08-27T11:51:17+0200,0130a799-f590-4e00-8cb7-476fbd850f58,2026-08-24T22:45:00Z,2026-08-25T00:45:00+0200,147.43,EUR/MWh,DE,DE_LU,day_ahead_price,value,2026-08-27T09:55:05Z
2026-08-27T09:51:17Z,2026-08-27T11:51:17+0200,0130a799-f590-4e00-8cb7-476fbd850f58,2026-08-24T23:00:00Z,2026-08-25T01:00:00+0200,152.74,EUR/MWh,DE,DE_LU,day_ahead_price,value,2026-08-27T09:55:05Z
2026-08-27T09:51:17Z,2026-08-27T11:51:17+0200,0130a799-f590-4e00-8cb7-476fbd850f58,2026-08-24T23:15:00Z,2026-08-25T01:15:00+0200,145.42,EUR/MWh,DE,DE_LU,day_ahead_price,value,2026-08-27T09:55:05Z
2026-08-27T09:51:17Z,2026-08-27T11:51:17+0200,0130a799-f590-4e00-8cb7-476fbd850f58,2026-08-24T23:30:00Z,2026-08-25T01:30:00+0200,144.74,EUR/MWh,DE,DE_LU,day_ahead_price,value,2026-08-27T09:55:05Z
2026-08-27T09:51:17Z,2026-08-27T11:51:17+0200,0130a799-f590-4e00-8cb7-476fbd850f58,2026-08-24T23:45:00Z,2026-08-25T01:45:00+0200,144.4,EUR/MWh,DE,DE_LU,day_ahead_price,value,2026-08-27T09:55:05Z
2026-08-27T09:51:17Z,2026-08-27T11:51:17+0200,0130a799-f590-4e00-8cb7-476fbd850f58,2026-08-25T00:00:00Z,2026-08-25T02:00:00+0200,144.01,EUR/MWh,DE,DE_LU,day_ahead_price,value,2026-08-27T09:55:05Z
2026-08-27T09:51:17Z,2026-08-27T11:51:17+0200,0130a799-f590-4e00-8cb7-476fbd850f58,2026-08-25T00:15:00Z,2026-08-25T02:15:00+0200,141.92,EUR/MWh,DE,DE_LU,day_ahead_price,value,2026-08-27T09:55:05Z
2026-08-27T09:51:17Z,2026-08-27T11:51:17+0200,0130a799-f590-4e00-8cb7-476fbd850f58,2026-08-25T00:30:00Z,2026-08-25T02:30:00+0200,142.19,EUR/MWh,DE,DE_LU,day_ahead_price,value,2026-08-27T09:55:05Z
2026-08-27T09:51:17Z,2026-08-27T11:51:17+0200,0130a799-f590-4e00-8cb7-476fbd850f58,2026-08-25T00:45:00Z,2026-08-25T02:45:00+0200,141.54,EUR/MWh,DE,DE_LU,day_ahead_price,value,2026-08-27T09:55:05Z
2026-08-27T09:51:17Z,2026-08-27T11:51:17+0200,0130a799-f590-4e00-8cb7-476fbd850f58,2026-08-25T01:00:00Z,2026-08-25T03:00:00+0200,139.87,EUR/MWh,DE,DE_LU,day_ahead_price,value,2026-08-27T09:55:05Z
2026-08-27T09:51:17Z,2026-08-27T11:51:17+0200,0130a799-f590-4e00-8cb7-476fbd850f58,2026-08-25T01:15:00Z,2026-08-25T03:15:00+0200,139.8,EUR/MWh,DE,DE_LU,day_ahead_price,value,2026-08-27T09:55:05Z
2026-08-27T09:51:17Z,2026-08-27T11:51:17+0200,0130a799-f590-4e00-8cb7-476fbd850f58,2026-08-25T01:30:00Z,2026-08-25T03:30:00+0200,139.86,EUR/MWh,DE,DE_LU,day_ahead_price,value,2026-08-27T09:55:05Z
2026-08-27T09:51:17Z,2026-08-27T11:51:17+0200,0130a799-f590-4e00-8cb7-476fbd850f58,2026-08-25T01:45:00Z,2026-08-25T03:45:00+0200,140.49,EUR/MWh,DE,DE_LU,day_ahead_price,value,2026-08-27T09:55:05Z
2026-08-27T09:51:17Z,2026-08-27T11:51:17+0200,0130a799-f590-4e00-8cb7-476fbd850f58,2026-08-25T02:00:00Z,2026-08-25T04:00:00+0200,139.94,EUR/MWh,DE,DE_LU,day_ahead_price,value,2026-08-27T09:55:05Z
2026-08-27T09:51:17Z,2026-08-27T11:51:17+0200,0130a799-f590-4e00-8cb7-476fbd850f58,2026-08-25T02:15:00Z,2026-08-25T04:15:00+0200,141.0,EUR/MWh,DE,DE_LU,day_ahead_price,value,2026-08-27T09:55:05Z
2026-08-27T09:51:17Z,2026-08-27T11:51:17+0200,0130a799-f590-4e00-8cb7-476fbd850f58,2026-08-25T02:30:00Z,2026-08-25T04:30:00+0200,141.55,EUR/MWh,DE,DE_LU,day_ahead_price,value,2026-08-27T09:55:05Z
2026-08-27T09:51:17Z,2026-08-27T11:51:17+0200,0130a799-f590-4e00-8cb7-476fbd850f58,2026-08-25T02:45:00Z,2026-08-25T04:45:00+0200,143.99,EUR/MWh,DE,DE_LU,day_ahead_price,value,2026-08-27T09:55:05Z
2026-08-27T09:51:17Z,2026-08-27T11:51:17+0200,0130a799-f590-4e00-8cb7-476fbd850f58,2026-08-25T03:00:00Z,2026-08-25T05:00:00+0200,144.99,EUR/MWh,DE,DE_LU,day_ahead_price,value,2026-08-27T09:55:05Z
2026-08-27T09:51:17Z,2026-08-27T11:51:17+0200,0130a799-f590-4e00-8cb7-476fbd850f58,2026-08-25T03:15:00Z,2026-08-25T05:15:00+0200,145.66,EUR/MWh,DE,DE_LU,day_ahead_price,value,2026-08-27T09:55:05Z
2026-08-27T09:51:17Z,2026-08-27T11:51:17+0200,0130a799-f590-4e00-8cb7-476fbd850f58,2026-08-25T03:30:00Z,2026-08-25T05:30:00+0200,150.6,EUR/MWh,DE,DE_LU,day_ahead_price,value,2026-08-27T09:55:05Z
2026-08-27T09:51:17Z,2026-08-27T11:51:17+0200,0130a799-f590-4e00-8cb7-476fbd850f58,2026-08-25T03:45:00Z,2026-08-25T05:45:00+0200,157.07,EUR/MWh,DE,DE_LU,day_ahead_price,value,2026-08-27T09:55:05Z
2026-08-27T09:51:17Z,2026-08-27T11:51:17+0200,0130a799-f590-4e00-8cb7-476fbd850f58,2026-08-25T04:00:00Z,2026-08-25T06:00:00+0200,164.7,EUR/MWh,DE,DE_LU,day_ahead_price,value,2026-08-27T09:55:05Z
2026-08-27T09:51:17Z,2026-08-27T11:51:17+0200,0130a799-f590-4e00-8cb7-476fbd850f58,2026-08-25T04:15:00Z,2026-08-25T06:15:00+0200,170.99,EUR/MWh,DE,DE_LU,day_ahead_price,value,2026-08-27T09:55:05Z
2026-08-27T09:51:17Z,2026-08-27T11:51:17+0200,0130a799-f590-4e00-8cb7-476fbd850f58,2026-08-25T04:30:00Z,2026-08-25T06:30:00+0200,173.37,EUR/MWh,DE,DE_LU,day_ahead_price,value,2026-08-27T09:55:05Z
2026-08-27T09:51:17Z,2026-08-27T11:51:17+0200,0130a799-f590-4e00-8cb7-476fbd850f58,2026-08-25T04:45:00Z,2026-08-25T06:45:00+0200,176.6,EUR/MWh,DE,DE_LU,day_ahead_price,value,2026-08-27T09:55:05Z
2026-08-27T09:51:17Z,2026-08-27T11:51:17+0200,0130a799-f590-4e00-8cb7-476fbd850f58,2026-08-25T05:00:00Z,2026-08-25T07:00:00+0200,184.84,EUR/MWh,DE,DE_LU,day_ahead_price,value,2026-08-27T09:55:05Z
2026-08-27T09:51:17Z,2026-08-27T11:51:17+0200,0130a799-f590-4e00-8cb7-476fbd850f58,2026-08-25T05:15:00Z,2026-08-25T07:15:00+0200,185.05,EUR/MWh,DE,DE_LU,day_ahead_price,value,2026-08-27T09:55:05Z
2026-08-27T09:51:17Z,2026-08-27T11:51:17+0200,0130a799-f590-4e00-8cb7-476fbd850f58,2026-08-25T05:30:00Z,2026-08-25T07:30:00+0200,181.76,EUR/MWh,DE,DE_LU,day_ahead_price,value,2026-08-27T09:55:05Z
2026-08-27T09:51:17Z,2026-08-27T11:51:17+0200,0130a799-f590-4e00-8cb7-476fbd850f58,2026-08-25T05:45:00Z,2026-08-25T07:45:00+0200,170.99,EUR/MWh,DE,DE_LU,day_ahead_price,value,2026-08-27T09:55:05Z
2026-08-27T09:51:17Z,2026-08-27T11:51:17+0200,0130a799-f590-4e00-8cb7-476fbd850f58,2026-08-25T06:00:00Z,2026-08-25T08:00:00+0200,187.63,EUR/MWh,DE,DE_LU,day_ahead_price,value,2026-08-27T09:55:05Z
2026-08-27T09:51:17Z,2026-08-27T11:51:17+0200,0130a799-f590-4e00-8cb7-476fbd850f58,2026-08-25T06:15:00Z,2026-08-25T08:15:00+0200,173.97,EUR/MWh,DE,DE_LU,day_ahead_price,value,2026-08-27T09:55:05Z
2026-08-27T09:51:17Z,2026-08-27T11:51:17+0200,0130a799-f590-4e00-8cb7-476fbd850f58,2026-08-25T06:30:00Z,2026-08-25T08:30:00+0200,166.16,EUR/MWh,DE,DE_LU,day_ahead_price,value,2026-08-27T09:55:05Z
2026-08-27T09:51:17Z,2026-08-27T11:51:17+0200,0130a799-f590-4e00-8cb7-476fbd850f58,2026-08-25T06:45:00Z,2026-08-25T08:45:00+0200,157.86,EUR/MWh,DE,DE_LU,day_ahead_price,value,2026-08-27T09:55:05Z
2026-08-27T09:51:17Z,2026-08-27T11:51:17+0200,0130a799-f590-4e00-8cb7-476fbd850f58,2026-08-25T07:00:00Z,2026-08-25T09:00:00+0200,165.47,EUR/MWh,DE,DE_LU,day_ahead_price,value,2026-08-27T09:55:05Z
2026-08-27T09:51:17Z,2026-08-27T11:51:17+0200,0130a799-f590-4e00-8cb7-476fbd850f58,2026-08-25T07:15:00Z,2026-08-25T09:15:00+0200,152.68,EUR/MWh,DE,DE_LU,day_ahead_price,value,2026-08-27T09:55:05Z
2026-08-27T09:51:17Z,2026-08-27T11:51:17+0200,0130a799-f590-4e00-8cb7-476fbd850f58,2026-08-25T07:30:00Z,2026-08-25T09:30:00+0200,135.91,EUR/MWh,DE,DE_LU,day_ahead_price,value,2026-08-27T09:55:05Z
2026-08-27T09:51:17Z,2026-08-27T11:51:17+0200,0130a799-f590-4e00-8cb7-476fbd850f58,2026-08-25T07:45:00Z,2026-08-25T09:45:00+0200,127.69,EUR/MWh,DE,DE_LU,day_ahead_price,value,2026-08-27T09:55:05Z
2026-08-27T09:51:17Z,2026-08-27T11:51:17+0200,0130a799-f590-4e00-8cb7-476fbd850f58,2026-08-25T08:00:00Z,2026-08-25T10:00:00+0200,140.49,EUR/MWh,DE,DE_LU,day_ahead_price,value,2026-08-27T09:55:05Z
2026-08-27T09:51:17Z,2026-08-27T11:51:17+0200,0130a799-f590-4e00-8cb7-476fbd850f58,2026-08-25T08:15:00Z,2026-08-25T10:15:00+0200,122.67,EUR/MWh,DE,DE_LU,day_ahead_price,value,2026-08-27T09:55:05Z
2026-08-27T09:51:17Z,2026-08-27T11:51:17+0200,0130a799-f590-4e00-8cb7-476fbd850f58,2026-08-25T08:30:00Z,2026-08-25T10:30:00+0200,113.0,EUR/MWh,DE,DE_LU,day_ahead_price,value,2026-08-27T09:55:05Z
2026-08-27T09:51:17Z,2026-08-27T11:51:17+0200,0130a799-f590-4e00-8cb7-476fbd850f58,2026-08-25T08:45:00Z,2026-08-25T10:45:00+0200,93.68,EUR/MWh,DE,DE_LU,day_ahead_price,value,2026-08-27T09:55:05Z
2026-08-27T09:51:17Z,2026-08-27T11:51:17+0200,0130a799-f590-4e00-8cb7-476fbd850f58,2026-08-25T09:00:00Z,2026-08-25T11:00:00+0200,108.4,EUR/MWh,DE,DE_LU,day_ahead_price,value,2026-08-27T09:55:05Z
2026-08-27T09:51:17Z,2026-08-27T11:51:17+0200,0130a799-f590-4e00-8cb7-476fbd850f58,2026-08-25T09:15:00Z,2026-08-25T11:15:00+0200,92.72,EUR/MWh,DE,DE_LU,day_ahead_price,value,2026-08-27T09:55:05Z
2026-08-27T09:51:17Z,2026-08-27T11:51:17+0200,0130a799-f590-4e00-8cb7-476fbd850f58,2026-08-25T09:30:00Z,2026-08-25T11:30:00+0200,72.98,EUR/MWh,DE,DE_LU,day_ahead_price,value,2026-08-27T09:55:05Z
2026-08-27T09:51:17Z,2026-08-27T11:51:17+0200,0130a799-f590-4e00-8cb7-476fbd850f58,2026-08-25T09:45:00Z,2026-08-25T11:45:00+0200,58.48,EUR/MWh,DE,DE_LU,day_ahead_price,value,2026-08-27T09:55:05Z
2026-08-27T09:51:17Z,2026-08-27T11:51:17+0200,0130a799-f590-4e00-8cb7-476fbd850f58,2026-08-25T10:00:00Z,2026-08-25T12:00:00+0200,79.08,EUR/MWh,DE,DE_LU,day_ahead_price,value,2026-08-27T09:55:05Z
2026-08-27T09:51:17Z,2026-08-27T11:51:17+0200,0130a799-f590-4e00-8cb7-476fbd850f58,2026-08-25T10:15:00Z,2026-08-25T12:15:00+0200,62.6,EUR/MWh,DE,DE_LU,day_ahead_price,value,2026-08-27T09:55:05Z
2026-08-27T09:51:17Z,2026-08-27T11:51:17+0200,0130a799-f590-4e00-8cb7-476fbd850f58,2026-08-25T10:30:00Z,2026-08-25T12:30:00+0200,67.03,EUR/MWh,DE,DE_LU,day_ahead_price,value,2026-08-27T09:55:05Z
2026-08-27T09:51:17Z,2026-08-27T11:51:17+0200,0130a799-f590-4e00-8cb7-476fbd850f58,2026-08-25T10:45:00Z,2026-08-25T12:45:00+0200,59.92,EUR/MWh,DE,DE_LU,day_ahead_price,value,2026-08-27T09:55:05Z
2026-08-27T09:51:17Z,2026-08-27T11:51:17+0200,0130a799-f590-4e00-8cb7-476fbd850f58,2026-08-25T11:00:00Z,2026-08-25T13:00:00+0200,69.99,EUR/MWh,DE,DE_LU,day_ahead_price,value,2026-08-27T09:55:05Z
2026-08-27T09:51:17Z,2026-08-27T11:51:17+0200,0130a799-f590-4e00-8cb7-476fbd850f58,2026-08-25T11:15:00Z,2026-08-25T13:15:00+0200,62.38,EUR/MWh,DE,DE_LU,day_ahead_price,value,2026-08-27T09:55:05Z
2026-08-27T09:51:17Z,2026-08-27T11:51:17+0200,0130a799-f590-4e00-8cb7-476fbd850f58,2026-08-25T11:30:00Z,2026-08-25T13:30:00+0200,58.53,EUR/MWh,DE,DE_LU,day_ahead_price,value,2026-08-27T09:55:05Z
2026-08-27T09:51:17Z,2026-08-27T11:51:17+0200,0130a799-f590-4e00-8cb7-476fbd850f58,2026-08-25T11:45:00Z,2026-08-25T13:45:00+0200,57.93,EUR/MWh,DE,DE_LU,day_ahead_price,value,2026-08-27T09:55:05Z
2026-08-27T09:51:17Z,2026-08-27T11:51:17+0200,0130a799-f590-4e00-8cb7-476fbd850f58,2026-08-25T12:00:00Z,2026-08-25T14:00:00+0200,56.63,EUR/MWh,DE,DE_LU,day_ahead_price,value,2026-08-27T09:55:05Z
2026-08-27T09:51:17Z,2026-08-27T11:51:17+0200,0130a799-f590-4e00-8cb7-476fbd850f58,2026-08-25T12:15:00Z,2026-08-25T14:15:00+0200,60.02,EUR/MWh,DE,DE_LU,day_ahead_price,value,2026-08-27T09:55:05Z
2026-08-27T09:51:17Z,2026-08-27T11:51:17+0200,0130a799-f590-4e00-8cb7-476fbd850f58,2026-08-25T12:30:00Z,2026-08-25T14:30:00+0200,73.79,EUR/MWh,DE,DE_LU,day_ahead_price,value,2026-08-27T09:55:05Z
2026-08-27T09:51:17Z,2026-08-27T11:51:17+0200,0130a799-f590-4e00-8cb7-476fbd850f58,2026-08-25T12:45:00Z,2026-08-25T14:45:00+0200,83.41,EUR/MWh,DE,DE_LU,day_ahead_price,value,2026-08-27T09:55:05Z
2026-08-27T09:51:17Z,2026-08-27T11:51:17+0200,0130a799-f590-4e00-8cb7-476fbd850f58,2026-08-25T13:00:00Z,2026-08-25T15:00:00+0200,67.26,EUR/MWh,DE,DE_LU,day_ahead_price,value,2026-08-27T09:55:05Z
2026-08-27T09:51:17Z,2026-08-27T11:51:17+0200,0130a799-f590-4e00-8cb7-476fbd850f58,2026-08-25T13:15:00Z,2026-08-25T15:15:00+0200,78.57,EUR/MWh,DE,DE_LU,day_ahead_price,value,2026-08-27T09:55:05Z
2026-08-27T09:51:17Z,2026-08-27T11:51:17+0200,0130a799-f590-4e00-8cb7-476fbd850f58,2026-08-25T13:30:00Z,2026-08-25T15:30:00+0200,92.24,EUR/MWh,DE,DE_LU,day_ahead_price,value,2026-08-27T09:55:05Z
2026-08-27T09:51:17Z,2026-08-27T11:51:17+0200,0130a799-f590-4e00-8cb7-476fbd850f58,2026-08-25T13:45:00Z,2026-08-25T15:45:00+0200,101.92,EUR/MWh,DE,DE_LU,day_ahead_price,value,2026-08-27T09:55:05Z
2026-08-27T09:51:17Z,2026-08-27T11:51:17+0200,0130a799-f590-4e00-8cb7-476fbd850f58,2026-08-25T14:00:00Z,2026-08-25T16:00:00+0200,91.07,EUR/MWh,DE,DE_LU,day_ahead_price,value,2026-08-27T09:55:05Z
2026-08-27T09:51:17Z,2026-08-27T11:51:17+0200,0130a799-f590-4e00-8cb7-476fbd850f58,2026-08-25T14:15:00Z,2026-08-25T16:15:00+0200,111.5,EUR/MWh,DE,DE_LU,day_ahead_price,value,2026-08-27T09:55:05Z
2026-08-27T09:51:17Z,2026-08-27T11:51:17+0200,0130a799-f590-4e00-8cb7-476fbd850f58,2026-08-25T14:30:00Z,2026-08-25T16:30:00+0200,118.01,EUR/MWh,DE,DE_LU,day_ahead_price,value,2026-08-27T09:55:05Z
2026-08-27T09:51:17Z,2026-08-27T11:51:17+0200,0130a799-f590-4e00-8cb7-476fbd850f58,2026-08-25T14:45:00Z,2026-08-25T16:45:00+0200,137.03,EUR/MWh,DE,DE_LU,day_ahead_price,value,2026-08-27T09:55:05Z
2026-08-27T09:51:17Z,2026-08-27T11:51:17+0200,0130a799-f590-4e00-8cb7-476fbd850f58,2026-08-25T15:00:00Z,2026-08-25T17:00:00+0200,118.68,EUR/MWh,DE,DE_LU,day_ahead_price,value,2026-08-27T09:55:05Z
2026-08-27T09:51:17Z,2026-08-27T11:51:17+0200,0130a799-f590-4e00-8cb7-476fbd850f58,2026-08-25T15:15:00Z,2026-08-25T17:15:00+0200,138.7,EUR/MWh,DE,DE_LU,day_ahead_price,value,2026-08-27T09:55:05Z
2026-08-27T09:51:17Z,2026-08-27T11:51:17+0200,0130a799-f590-4e00-8cb7-476fbd850f58,2026-08-25T15:30:00Z,2026-08-25T17:30:00+0200,159.85,EUR/MWh,DE,DE_LU,day_ahead_price,value,2026-08-27T09:55:05Z
2026-08-27T09:51:17Z,2026-08-27T11:51:17+0200,0130a799-f590-4e00-8cb7-476fbd850f58,2026-08-25T15:45:00Z,2026-08-25T17:45:00+0200,170.98,EUR/MWh,DE,DE_LU,day_ahead_price,value,2026-08-27T09:55:05Z
2026-08-27T09:51:17Z,2026-08-27T11:51:17+0200,0130a799-f590-4e00-8cb7-476fbd850f58,2026-08-25T16:00:00Z,2026-08-25T18:00:00+0200,154.99,EUR/MWh,DE,DE_LU,day_ahead_price,value,2026-08-27T09:55:05Z
2026-08-27T09:51:17Z,2026-08-27T11:51:17+0200,0130a799-f590-4e00-8cb7-476fbd850f58,2026-08-25T16:15:00Z,2026-08-25T18:15:00+0200,172.0,EUR/MWh,DE,DE_LU,day_ahead_price,value,2026-08-27T09:55:05Z
2026-08-27T09:51:17Z,2026-08-27T11:51:17+0200,0130a799-f590-4e00-8cb7-476fbd850f58,2026-08-25T16:30:00Z,2026-08-25T18:30:00+0200,186.91,EUR/MWh,DE,DE_LU,day_ahead_price,value,2026-08-27T09:55:05Z
2026-08-27T09:51:17Z,2026-08-27T11:51:17+0200,0130a799-f590-4e00-8cb7-476fbd850f58,2026-08-25T16:45:00Z,2026-08-25T18:45:00+0200,201.23,EUR/MWh,DE,DE_LU,day_ahead_price,value,2026-08-27T09:55:05Z
2026-08-27T09:51:17Z,2026-08-27T11:51:17+0200,0130a799-f590-4e00-8cb7-476fbd850f58,2026-08-25T17:00:00Z,2026-08-25T19:00:00+0200,193.07,EUR/MWh,DE,DE_LU,day_ahead_price,value,2026-08-27T09:55:05Z
2026-08-27T09:51:17Z,2026-08-27T11:51:17+0200,0130a799-f590-4e00-8cb7-476fbd850f58,2026-08-25T17:15:00Z,2026-08-25T19:15:00+0200,205.65,EUR/MWh,DE,DE_LU,day_ahead_price,value,2026-08-27T09:55:05Z
2026-08-27T09:51:17Z,2026-08-27T11:51:17+0200,0130a799-f590-4e00-8cb7-476fbd850f58,2026-08-25T17:30:00Z,2026-08-25T19:30:00+0200,219.86,EUR/MWh,DE,DE_LU,day_ahead_price,value,2026-08-27T09:55:05Z
2026-08-27T09:51:17Z,2026-08-27T11:51:17+0200,0130a799-f590-4e00-8cb7-476fbd850f58,2026-08-25T17:45:00Z,2026-08-25T19:45:00+0200,218.65,EUR/MWh,DE,DE_LU,day_ahead_price,value,2026-08-27T09:55:05Z
2026-08-27T09:51:17Z,2026-08-27T11:51:17+0200,0130a799-f590-4e00-8cb7-476fbd850f58,2026-08-25T18:00:00Z,2026-08-25T20:00:00+0200,200.32,EUR/MWh,DE,DE_LU,day_ahead_price,value,2026-08-27T09:55:05Z
2026-08-27T09:51:17Z,2026-08-27T11:51:17+0200,0130a799-f590-4e00-8cb7-476fbd850f58,2026-08-25T18:15:00Z,2026-08-25T20:15:00+0200,212.58,EUR/MWh,DE,DE_LU,day_ahead_price,value,2026-08-27T09:55:05Z
2026-08-27T09:51:17Z,2026-08-27T11:51:17+0200,0130a799-f590-4e00-8cb7-476fbd850f58,2026-08-25T18:30:00Z,2026-08-25T20:30:00+0200,211.73,EUR/MWh,DE,DE_LU,day_ahead_price,value,2026-08-27T09:55:05Z
2026-08-27T09:51:17Z,2026-08-27T11:51:17+0200,0130a799-f590-4e00-8cb7-476fbd850f58,2026-08-25T18:45:00Z,2026-08-25T20:45:00+0200,195.94,EUR/MWh,DE,DE_LU,day_ahead_price,value,2026-08-27T09:55:05Z
2026-08-27T09:51:17Z,2026-08-27T11:51:17+0200,0130a799-f590-4e00-8cb7-476fbd850f58,2026-08-25T19:00:00Z,2026-08-25T21:00:00+0200,192.1,EUR/MWh,DE,DE_LU,day_ahead_price,value,2026-08-27T09:55:05Z
2026-08-27T09:51:17Z,2026-08-27T11:51:17+0200,0130a799-f590-4e00-8cb7-476fbd850f58,2026-08-25T19:15:00Z,2026-08-25T21:15:00+0200,186.95,EUR/MWh,DE,DE_LU,day_ahead_price,value,2026-08-27T09:55:05Z
2026-08-27T09:51:17Z,2026-08-27T11:51:17+0200,0130a799-f590-4e00-8cb7-476fbd850f58,2026-08-25T19:30:00Z,2026-08-25T21:30:00+0200,178.93,EUR/MWh,DE,DE_LU,day_ahead_price,value,2026-08-27T09:55:05Z
2026-08-27T09:51:17Z,2026-08-27T11:51:17+0200,0130a799-f590-4e00-8cb7-476fbd850f58,2026-08-25T19:45:00Z,2026-08-25T21:45:00+0200,171.99,EUR/MWh,DE,DE_LU,day_ahead_price,value,2026-08-27T09:55:05Z
2026-08-27T09:51:17Z,2026-08-27T11:51:17+0200,0130a799-f590-4e00-8cb7-476fbd850f58,2026-08-25T20:00:00Z,2026-08-25T22:00:00+0200,175.87,EUR/MWh,DE,DE_LU,day_ahead_price,value,2026-08-27T09:55:05Z
2026-08-27T09:51:17Z,2026-08-27T11:51:17+0200,0130a799-f590-4e00-8cb7-476fbd850f58,2026-08-25T20:15:00Z,2026-08-25T22:15:00+0200,172.57,EUR/MWh,DE,DE_LU,day_ahead_price,value,2026-08-27T09:55:05Z
2026-08-27T09:51:17Z,2026-08-27T11:51:17+0200,0130a799-f590-4e00-8cb7-476fbd850f58,2026-08-25T20:30:00Z,2026-08-25T22:30:00+0200,176.25,EUR/MWh,DE,DE_LU,day_ahead_price,value,2026-08-27T09:55:05Z
2026-08-27T09:51:17Z,2026-08-27T11:51:17+0200,0130a799-f590-4e00-8cb7-476fbd850f58,2026-08-25T20:45:00Z,2026-08-25T22:45:00+0200,164.38,EUR/MWh,DE,DE_LU,day_ahead_price,value,2026-08-27T09:55:05Z
2026-08-27T09:51:17Z,2026-08-27T11:51:17+0200,0130a799-f590-4e00-8cb7-476fbd850f58,2026-08-25T21:00:00Z,2026-08-25T23:00:00+0200,167.84,EUR/MWh,DE,DE_LU,day_ahead_price,value,2026-08-27T09:55:05Z
2026-08-27T09:51:17Z,2026-08-27T11:51:17+0200,0130a799-f590-4e00-8cb7-476fbd850f58,2026-08-25T21:15:00Z,2026-08-25T23:15:00+0200,161.33,EUR/MWh,DE,DE_LU,day_ahead_price,value,2026-08-27T09:55:05Z
2026-08-27T09:51:17Z,2026-08-27T11:51:17+0200,0130a799-f590-4e00-8cb7-476fbd850f58,2026-08-25T21:30:00Z,2026-08-25T23:30:00+0200,161.29,EUR/MWh,DE,DE_LU,day_ahead_price,value,2026-08-27T09:55:05Z
2026-08-27T09:51:17Z,2026-08-27T11:51:17+0200,0130a799-f590-4e00-8cb7-476fbd850f58,2026-08-25T21:45:00Z,2026-08-25T23:45:00+0200,148.18,EUR/MWh,DE,DE_LU,day_ahead_price,value,2026-08-27T09:55:05Z
2026-08-27T09:51:17Z,2026-08-27T11:51:17+0200,0130a799-f590-4e00-8cb7-476fbd850f58,2026-08-25T22:00:00Z,2026-08-26T00:00:00+0200,180.19,EUR/MWh,DE,DE_LU,day_ahead_price,value,2026-08-27T09:55:05Z
2026-08-27T09:51:17Z,2026-08-27T11:51:17+0200,0130a799-f590-4e00-8cb7-476fbd850f58,2026-08-25T22:15:00Z,2026-08-26T00:15:00+0200,165.74,EUR/MWh,DE,DE_LU,day_ahead_price,value,2026-08-27T09:55:05Z
2026-08-27T09:51:17Z,2026-08-27T11:51:17+0200,0130a799-f590-4e00-8cb7-476fbd850f58,2026-08-25T22:30:00Z,2026-08-26T00:30:00+0200,157.29,EUR/MWh,DE,DE_LU,day_ahead_price,value,2026-08-27T09:55:05Z
2026-08-27T09:51:17Z,2026-08-27T11:51:17+0200,0130a799-f590-4e00-8cb7-476fbd850f58,2026-08-25T22:45:00Z,2026-08-26T00:45:00+0200,152.89,EUR/MWh,DE,DE_LU,day_ahead_price,value,2026-08-27T09:55:05Z
2026-08-27T09:51:17Z,2026-08-27T11:51:17+0200,0130a799-f590-4e00-8cb7-476fbd850f58,2026-08-25T23:00:00Z,2026-08-26T01:00:00+0200,161.06,EUR/MWh,DE,DE_LU,day_ahead_price,value,2026-08-27T09:55:05Z
2026-08-27T09:51:17Z,2026-08-27T11:51:17+0200,0130a799-f590-4e00-8cb7-476fbd850f58,2026-08-25T23:15:00Z,2026-08-26T01:15:00+0200,156.44,EUR/MWh,DE,DE_LU,day_ahead_price,value,2026-08-27T09:55:05Z
2026-08-27T09:51:17Z,2026-08-27T11:51:17+0200,0130a799-f590-4e00-8cb7-476fbd850f58,2026-08-25T23:30:00Z,2026-08-26T01:30:00+0200,156.64,EUR/MWh,DE,DE_LU,day_ahead_price,value,2026-08-27T09:55:05Z
2026-08-27T09:51:17Z,2026-08-27T11:51:17+0200,0130a799-f590-4e00-8cb7-476fbd850f58,2026-08-25T23:45:00Z,2026-08-26T01:45:00+0200,154.09,EUR/MWh,DE,DE_LU,day_ahead_price,value,2026-08-27T09:55:05Z
2026-08-27T09:51:17Z,2026-08-27T11:51:17+0200,0130a799-f590-4e00-8cb7-476fbd850f58,2026-08-26T00:00:00Z,2026-08-26T02:00:00+0200,152.29,EUR/MWh,DE,DE_LU,day_ahead_price,value,2026-08-27T09:55:05Z
2026-08-27T09:51:17Z,2026-08-27T11:51:17+0200,0130a799-f590-4e00-8cb7-476fbd850f58,2026-08-26T00:15:00Z,2026-08-26T02:15:00+0200,151.95,EUR/MWh,DE,DE_LU,day_ahead_price,value,2026-08-27T09:55:05Z
2026-08-27T09:51:17Z,2026-08-27T11:51:17+0200,0130a799-f590-4e00-8cb7-476fbd850f58,2026-08-26T00:30:00Z,2026-08-26T02:30:00+0200,151.23,EUR/MWh,DE,DE_LU,day_ahead_price,value,2026-08-27T09:55:05Z
2026-08-27T09:51:17Z,2026-08-27T11:51:17+0200,0130a799-f590-4e00-8cb7-476fbd850f58,2026-08-26T00:45:00Z,2026-08-26T02:45:00+0200,151.1,EUR/MWh,DE,DE_LU,day_ahead_price,value,2026-08-27T09:55:05Z
2026-08-27T09:51:17Z,2026-08-27T11:51:17+0200,0130a799-f590-4e00-8cb7-476fbd850f58,2026-08-26T01:00:00Z,2026-08-26T03:00:00+0200,149.78,EUR/MWh,DE,DE_LU,day_ahead_price,value,2026-08-27T09:55:05Z
2026-08-27T09:51:17Z,2026-08-27T11:51:17+0200,0130a799-f590-4e00-8cb7-476fbd850f58,2026-08-26T01:15:00Z,2026-08-26T03:15:00+0200,148.95,EUR/MWh,DE,DE_LU,day_ahead_price,value,2026-08-27T09:55:05Z
2026-08-27T09:51:17Z,2026-08-27T11:51:17+0200,0130a799-f590-4e00-8cb7-476fbd850f58,2026-08-26T01:30:00Z,2026-08-26T03:30:00+0200,150.01,EUR/MWh,DE,DE_LU,day_ahead_price,value,2026-08-27T09:55:05Z
2026-08-27T09:51:17Z,2026-08-27T11:51:17+0200,0130a799-f590-4e00-8cb7-476fbd850f58,2026-08-26T01:45:00Z,2026-08-26T03:45:00+0200,149.66,EUR/MWh,DE,DE_LU,day_ahead_price,value,2026-08-27T09:55:05Z
2026-08-27T09:51:17Z,2026-08-27T11:51:17+0200,0130a799-f590-4e00-8cb7-476fbd850f58,2026-08-26T02:00:00Z,2026-08-26T04:00:00+0200,149.86,EUR/MWh,DE,DE_LU,day_ahead_price,value,2026-08-27T09:55:05Z
2026-08-27T09:51:17Z,2026-08-27T11:51:17+0200,0130a799-f590-4e00-8cb7-476fbd850f58,2026-08-26T02:15:00Z,2026-08-26T04:15:00+0200,150.39,EUR/MWh,DE,DE_LU,day_ahead_price,value,2026-08-27T09:55:05Z
2026-08-27T09:51:17Z,2026-08-27T11:51:17+0200,0130a799-f590-4e00-8cb7-476fbd850f58,2026-08-26T02:30:00Z,2026-08-26T04:30:00+0200,151.95,EUR/MWh,DE,DE_LU,day_ahead_price,value,2026-08-27T09:55:05Z
2026-08-27T09:51:17Z,2026-08-27T11:51:17+0200,0130a799-f590-4e00-8cb7-476fbd850f58,2026-08-26T02:45:00Z,2026-08-26T04:45:00+0200,154.83,EUR/MWh,DE,DE_LU,day_ahead_price,value,2026-08-27T09:55:05Z
2026-08-27T09:51:17Z,2026-08-27T11:51:17+0200,0130a799-f590-4e00-8cb7-476fbd850f58,2026-08-26T03:00:00Z,2026-08-26T05:00:00+0200,150.58,EUR/MWh,DE,DE_LU,day_ahead_price,value,2026-08-27T09:55:05Z
2026-08-27T09:51:17Z,2026-08-27T11:51:17+0200,0130a799-f590-4e00-8cb7-476fbd850f58,2026-08-26T03:15:00Z,2026-08-26T05:15:00+0200,156.97,EUR/MWh,DE,DE_LU,day_ahead_price,value,2026-08-27T09:55:05Z
2026-08-27T09:51:17Z,2026-08-27T11:51:17+0200,0130a799-f590-4e00-8cb7-476fbd850f58,2026-08-26T03:30:00Z,2026-08-26T05:30:00+0200,163.26,EUR/MWh,DE,DE_LU,day_ahead_price,value,2026-08-27T09:55:05Z
2026-08-27T09:51:17Z,2026-08-27T11:51:17+0200,0130a799-f590-4e00-8cb7-476fbd850f58,2026-08-26T03:45:00Z,2026-08-26T05:45:00+0200,171.05,EUR/MWh,DE,DE_LU,day_ahead_price,value,2026-08-27T09:55:05Z
2026-08-27T09:51:17Z,2026-08-27T11:51:17+0200,0130a799-f590-4e00-8cb7-476fbd850f58,2026-08-26T04:00:00Z,2026-08-26T06:00:00+0200,173.79,EUR/MWh,DE,DE_LU,day_ahead_price,value,2026-08-27T09:55:05Z
2026-08-27T09:51:17Z,2026-08-27T11:51:17+0200,0130a799-f590-4e00-8cb7-476fbd850f58,2026-08-26T04:15:00Z,2026-08-26T06:15:00+0200,185.5,EUR/MWh,DE,DE_LU,day_ahead_price,value,2026-08-27T09:55:05Z
2026-08-27T09:51:17Z,2026-08-27T11:51:17+0200,0130a799-f590-4e00-8cb7-476fbd850f58,2026-08-26T04:30:00Z,2026-08-26T06:30:00+0200,190.07,EUR/MWh,DE,DE_LU,day_ahead_price,value,2026-08-27T09:55:05Z
2026-08-27T09:51:17Z,2026-08-27T11:51:17+0200,0130a799-f590-4e00-8cb7-476fbd850f58,2026-08-26T04:45:00Z,2026-08-26T06:45:00+0200,191.16,EUR/MWh,DE,DE_LU,day_ahead_price,value,2026-08-27T09:55:05Z
2026-08-27T09:51:17Z,2026-08-27T11:51:17+0200,0130a799-f590-4e00-8cb7-476fbd850f58,2026-08-26T05:00:00Z,2026-08-26T07:00:00+0200,199.35,EUR/MWh,DE,DE_LU,day_ahead_price,value,2026-08-27T09:55:05Z
2026-08-27T09:51:17Z,2026-08-27T11:51:17+0200,0130a799-f590-4e00-8cb7-476fbd850f58,2026-08-26T05:15:00Z,2026-08-26T07:15:00+0200,198.92,EUR/MWh,DE,DE_LU,day_ahead_price,value,2026-08-27T09:55:05Z
2026-08-27T09:51:17Z,2026-08-27T11:51:17+0200,0130a799-f590-4e00-8cb7-476fbd850f58,2026-08-26T05:30:00Z,2026-08-26T07:30:00+0200,194.48,EUR/MWh,DE,DE_LU,day_ahead_price,value,2026-08-27T09:55:05Z
2026-08-27T09:51:17Z,2026-08-27T11:51:17+0200,0130a799-f590-4e00-8cb7-476fbd850f58,2026-08-26T05:45:00Z,2026-08-26T07:45:00+0200,189.4,EUR/MWh,DE,DE_LU,day_ahead_price,value,2026-08-27T09:55:05Z
2026-08-27T09:51:17Z,2026-08-27T11:51:17+0200,0130a799-f590-4e00-8cb7-476fbd850f58,2026-08-26T06:00:00Z,2026-08-26T08:00:00+0200,212.12,EUR/MWh,DE,DE_LU,day_ahead_price,value,2026-08-27T09:55:05Z
2026-08-27T09:51:17Z,2026-08-27T11:51:17+0200,0130a799-f590-4e00-8cb7-476fbd850f58,2026-08-26T06:15:00Z,2026-08-26T08:15:00+0200,204.49,EUR/MWh,DE,DE_LU,day_ahead_price,value,2026-08-27T09:55:05Z
2026-08-27T09:51:17Z,2026-08-27T11:51:17+0200,0130a799-f590-4e00-8cb7-476fbd850f58,2026-08-26T06:30:00Z,2026-08-26T08:30:00+0200,186.55,EUR/MWh,DE,DE_LU,day_ahead_price,value,2026-08-27T09:55:05Z
2026-08-27T09:51:17Z,2026-08-27T11:51:17+0200,0130a799-f590-4e00-8cb7-476fbd850f58,2026-08-26T06:45:00Z,2026-08-26T08:45:00+0200,170.92,EUR/MWh,DE,DE_LU,day_ahead_price,value,2026-08-27T09:55:05Z
2026-08-27T09:51:17Z,2026-08-27T11:51:17+0200,0130a799-f590-4e00-8cb7-476fbd850f58,2026-08-26T07:00:00Z,2026-08-26T09:00:00+0200,191.26,EUR/MWh,DE,DE_LU,day_ahead_price,value,2026-08-27T09:55:05Z
2026-08-27T09:51:17Z,2026-08-27T11:51:17+0200,0130a799-f590-4e00-8cb7-476fbd850f58,2026-08-26T07:15:00Z,2026-08-26T09:15:00+0200,173.42,EUR/MWh,DE,DE_LU,day_ahead_price,value,2026-08-27T09:55:05Z
2026-08-27T09:51:17Z,2026-08-27T11:51:17+0200,0130a799-f590-4e00-8cb7-476fbd850f58,2026-08-26T07:30:00Z,2026-08-26T09:30:00+0200,157.54,EUR/MWh,DE,DE_LU,day_ahead_price,value,2026-08-27T09:55:05Z
2026-08-27T09:51:17Z,2026-08-27T11:51:17+0200,0130a799-f590-4e00-8cb7-476fbd850f58,2026-08-26T07:45:00Z,2026-08-26T09:45:00+0200,144.27,EUR/MWh,DE,DE_LU,day_ahead_price,value,2026-08-27T09:55:05Z
2026-08-27T09:51:17Z,2026-08-27T11:51:17+0200,0130a799-f590-4e00-8cb7-476fbd850f58,2026-08-26T08:00:00Z,2026-08-26T10:00:00+0200,165.21,EUR/MWh,DE,DE_LU,day_ahead_price,value,2026-08-27T09:55:05Z
2026-08-27T09:51:17Z,2026-08-27T11:51:17+0200,0130a799-f590-4e00-8cb7-476fbd850f58,2026-08-26T08:15:00Z,2026-08-26T10:15:00+0200,135.93,EUR/MWh,DE,DE_LU,day_ahead_price,value,2026-08-27T09:55:05Z
2026-08-27T09:51:17Z,2026-08-27T11:51:17+0200,0130a799-f590-4e00-8cb7-476fbd850f58,2026-08-26T08:30:00Z,2026-08-26T10:30:00+0200,128.23,EUR/MWh,DE,DE_LU,day_ahead_price,value,2026-08-27T09:55:05Z
2026-08-27T09:51:17Z,2026-08-27T11:51:17+0200,0130a799-f590-4e00-8cb7-476fbd850f58,2026-08-26T08:45:00Z,2026-08-26T10:45:00+0200,120.55,EUR/MWh,DE,DE_LU,day_ahead_price,value,2026-08-27T09:55:05Z
2026-08-27T09:51:17Z,2026-08-27T11:51:17+0200,0130a799-f590-4e00-8cb7-476fbd850f58,2026-08-26T09:00:00Z,2026-08-26T11:00:00+0200,132.06,EUR/MWh,DE,DE_LU,day_ahead_price,value,2026-08-27T09:55:05Z
2026-08-27T09:51:17Z,2026-08-27T11:51:17+0200,0130a799-f590-4e00-8cb7-476fbd850f58,2026-08-26T09:15:00Z,2026-08-26T11:15:00+0200,125.1,EUR/MWh,DE,DE_LU,day_ahead_price,value,2026-08-27T09:55:05Z
2026-08-27T09:51:17Z,2026-08-27T11:51:17+0200,0130a799-f590-4e00-8cb7-476fbd850f58,2026-08-26T09:30:00Z,2026-08-26T11:30:00+0200,119.8,EUR/MWh,DE,DE_LU,day_ahead_price,value,2026-08-27T09:55:05Z
2026-08-27T09:51:17Z,2026-08-27T11:51:17+0200,0130a799-f590-4e00-8cb7-476fbd850f58,2026-08-26T09:45:00Z,2026-08-26T11:45:00+0200,105.68,EUR/MWh,DE,DE_LU,day_ahead_price,value,2026-08-27T09:55:05Z
2026-08-27T09:51:17Z,2026-08-27T11:51:17+0200,0130a799-f590-4e00-8cb7-476fbd850f58,2026-08-26T10:00:00Z,2026-08-26T12:00:00+0200,112.77,EUR/MWh,DE,DE_LU,day_ahead_price,value,2026-08-27T09:55:05Z
2026-08-27T09:51:17Z,2026-08-27T11:51:17+0200,0130a799-f590-4e00-8cb7-476fbd850f58,2026-08-26T10:15:00Z,2026-08-26T12:15:00+0200,94.25,EUR/MWh,DE,DE_LU,day_ahead_price,value,2026-08-27T09:55:05Z
2026-08-27T09:51:17Z,2026-08-27T11:51:17+0200,0130a799-f590-4e00-8cb7-476fbd850f58,2026-08-26T10:30:00Z,2026-08-26T12:30:00+0200,97.47,EUR/MWh,DE,DE_LU,day_ahead_price,value,2026-08-27T09:55:05Z
2026-08-27T09:51:17Z,2026-08-27T11:51:17+0200,0130a799-f590-4e00-8cb7-476fbd850f58,2026-08-26T10:45:00Z,2026-08-26T12:45:00+0200,89.93,EUR/MWh,DE,DE_LU,day_ahead_price,value,2026-08-27T09:55:05Z
2026-08-27T09:51:17Z,2026-08-27T11:51:17+0200,0130a799-f590-4e00-8cb7-476fbd850f58,2026-08-26T11:00:00Z,2026-08-26T13:00:00+0200,101.01,EUR/MWh,DE,DE_LU,day_ahead_price,value,2026-08-27T09:55:05Z
2026-08-27T09:51:17Z,2026-08-27T11:51:17+0200,0130a799-f590-4e00-8cb7-476fbd850f58,2026-08-26T11:15:00Z,2026-08-26T13:15:00+0200,91.06,EUR/MWh,DE,DE_LU,day_ahead_price,value,2026-08-27T09:55:05Z
2026-08-27T09:51:17Z,2026-08-27T11:51:17+0200,0130a799-f590-4e00-8cb7-476fbd850f58,2026-08-26T11:30:00Z,2026-08-26T13:30:00+0200,85.01,EUR/MWh,DE,DE_LU,day_ahead_price,value,2026-08-27T09:55:05Z
2026-08-27T09:51:17Z,2026-08-27T11:51:17+0200,0130a799-f590-4e00-8cb7-476fbd850f58,2026-08-26T11:45:00Z,2026-08-26T13:45:00+0200,81.08,EUR/MWh,DE,DE_LU,day_ahead_price,value,2026-08-27T09:55:05Z
2026-08-27T09:51:17Z,2026-08-27T11:51:17+0200,0130a799-f590-4e00-8cb7-476fbd850f58,2026-08-26T12:00:00Z,2026-08-26T14:00:00+0200,90.48,EUR/MWh,DE,DE_LU,day_ahead_price,value,2026-08-27T09:55:05Z
2026-08-27T09:51:17Z,2026-08-27T11:51:17+0200,0130a799-f590-4e00-8cb7-476fbd850f58,2026-08-26T12:15:00Z,2026-08-26T14:15:00+0200,90.76,EUR/MWh,DE,DE_LU,day_ahead_price,value,2026-08-27T09:55:05Z
2026-08-27T09:51:17Z,2026-08-27T11:51:17+0200,0130a799-f590-4e00-8cb7-476fbd850f58,2026-08-26T12:30:00Z,2026-08-26T14:30:00+0200,91.87,EUR/MWh,DE,DE_LU,day_ahead_price,value,2026-08-27T09:55:05Z
2026-08-27T09:51:17Z,2026-08-27T11:51:17+0200,0130a799-f590-4e00-8cb7-476fbd850f58,2026-08-26T12:45:00Z,2026-08-26T14:45:00+0200,94.77,EUR/MWh,DE,DE_LU,day_ahead_price,value,2026-08-27T09:55:05Z
2026-08-27T09:51:17Z,2026-08-27T11:51:17+0200,0130a799-f590-4e00-8cb7-476fbd850f58,2026-08-26T13:00:00Z,2026-08-26T15:00:00+0200,93.62,EUR/MWh,DE,DE_LU,day_ahead_price,value,2026-08-27T09:55:05Z
2026-08-27T09:51:17Z,2026-08-27T11:51:17+0200,0130a799-f590-4e00-8cb7-476fbd850f58,2026-08-26T13:15:00Z,2026-08-26T15:15:00+0200,100.66,EUR/MWh,DE,DE_LU,day_ahead_price,value,2026-08-27T09:55:05Z
2026-08-27T09:51:17Z,2026-08-27T11:51:17+0200,0130a799-f590-4e00-8cb7-476fbd850f58,2026-08-26T13:30:00Z,2026-08-26T15:30:00+0200,104.3,EUR/MWh,DE,DE_LU,day_ahead_price,value,2026-08-27T09:55:05Z
2026-08-27T09:51:17Z,2026-08-27T11:51:17+0200,0130a799-f590-4e00-8cb7-476fbd850f58,2026-08-26T13:45:00Z,2026-08-26T15:45:00+0200,111.63,EUR/MWh,DE,DE_LU,day_ahead_price,value,2026-08-27T09:55:05Z
2026-08-27T09:51:17Z,2026-08-27T11:51:17+0200,0130a799-f590-4e00-8cb7-476fbd850f58,2026-08-26T14:00:00Z,2026-08-26T16:00:00+0200,108.35,EUR/MWh,DE,DE_LU,day_ahead_price,value,2026-08-27T09:55:05Z
2026-08-27T09:51:17Z,2026-08-27T11:51:17+0200,0130a799-f590-4e00-8cb7-476fbd850f58,2026-08-26T14:15:00Z,2026-08-26T16:15:00+0200,117.55,EUR/MWh,DE,DE_LU,day_ahead_price,value,2026-08-27T09:55:05Z
2026-08-27T09:51:17Z,2026-08-27T11:51:17+0200,0130a799-f590-4e00-8cb7-476fbd850f58,2026-08-26T14:30:00Z,2026-08-26T16:30:00+0200,122.93,EUR/MWh,DE,DE_LU,day_ahead_price,value,2026-08-27T09:55:05Z
2026-08-27T09:51:17Z,2026-08-27T11:51:17+0200,0130a799-f590-4e00-8cb7-476fbd850f58,2026-08-26T14:45:00Z,2026-08-26T16:45:00+0200,141.2,EUR/MWh,DE,DE_LU,day_ahead_price,value,2026-08-27T09:55:05Z
2026-08-27T09:51:17Z,2026-08-27T11:51:17+0200,0130a799-f590-4e00-8cb7-476fbd850f58,2026-08-26T15:00:00Z,2026-08-26T17:00:00+0200,125.31,EUR/MWh,DE,DE_LU,day_ahead_price,value,2026-08-27T09:55:05Z
2026-08-27T09:51:17Z,2026-08-27T11:51:17+0200,0130a799-f590-4e00-8cb7-476fbd850f58,2026-08-26T15:15:00Z,2026-08-26T17:15:00+0200,149.7,EUR/MWh,DE,DE_LU,day_ahead_price,value,2026-08-27T09:55:05Z
2026-08-27T09:51:17Z,2026-08-27T11:51:17+0200,0130a799-f590-4e00-8cb7-476fbd850f58,2026-08-26T15:30:00Z,2026-08-26T17:30:00+0200,173.0,EUR/MWh,DE,DE_LU,day_ahead_price,value,2026-08-27T09:55:05Z
2026-08-27T09:51:17Z,2026-08-27T11:51:17+0200,0130a799-f590-4e00-8cb7-476fbd850f58,2026-08-26T15:45:00Z,2026-08-26T17:45:00+0200,179.87,EUR/MWh,DE,DE_LU,day_ahead_price,value,2026-08-27T09:55:05Z
2026-08-27T09:51:17Z,2026-08-27T11:51:17+0200,0130a799-f590-4e00-8cb7-476fbd850f58,2026-08-26T16:00:00Z,2026-08-26T18:00:00+0200,160.51,EUR/MWh,DE,DE_LU,day_ahead_price,value,2026-08-27T09:55:05Z
2026-08-27T09:51:17Z,2026-08-27T11:51:17+0200,0130a799-f590-4e00-8cb7-476fbd850f58,2026-08-26T16:15:00Z,2026-08-26T18:15:00+0200,173.58,EUR/MWh,DE,DE_LU,day_ahead_price,value,2026-08-27T09:55:05Z
2026-08-27T09:51:17Z,2026-08-27T11:51:17+0200,0130a799-f590-4e00-8cb7-476fbd850f58,2026-08-26T16:30:00Z,2026-08-26T18:30:00+0200,191.78,EUR/MWh,DE,DE_LU,day_ahead_price,value,2026-08-27T09:55:05Z
2026-08-27T09:51:17Z,2026-08-27T11:51:17+0200,0130a799-f590-4e00-8cb7-476fbd850f58,2026-08-26T16:45:00Z,2026-08-26T18:45:00+0200,216.63,EUR/MWh,DE,DE_LU,day_ahead_price,value,2026-08-27T09:55:05Z
2026-08-27T09:51:17Z,2026-08-27T11:51:17+0200,0130a799-f590-4e00-8cb7-476fbd850f58,2026-08-26T17:00:00Z,2026-08-26T19:00:00+0200,193.34,EUR/MWh,DE,DE_LU,day_ahead_price,value,2026-08-27T09:55:05Z
2026-08-27T09:51:17Z,2026-08-27T11:51:17+0200,0130a799-f590-4e00-8cb7-476fbd850f58,2026-08-26T17:15:00Z,2026-08-26T19:15:00+0200,206.64,EUR/MWh,DE,DE_LU,day_ahead_price,value,2026-08-27T09:55:05Z
2026-08-27T09:51:17Z,2026-08-27T11:51:17+0200,0130a799-f590-4e00-8cb7-476fbd850f58,2026-08-26T17:30:00Z,2026-08-26T19:30:00+0200,218.91,EUR/MWh,DE,DE_LU,day_ahead_price,value,2026-08-27T09:55:05Z
2026-08-27T09:51:17Z,2026-08-27T11:51:17+0200,0130a799-f590-4e00-8cb7-476fbd850f58,2026-08-26T17:45:00Z,2026-08-26T19:45:00+0200,226.09,EUR/MWh,DE,DE_LU,day_ahead_price,value,2026-08-27T09:55:05Z
2026-08-27T09:51:17Z,2026-08-27T11:51:17+0200,0130a799-f590-4e00-8cb7-476fbd850f58,2026-08-26T18:00:00Z,2026-08-26T20:00:00+0200,218.8,EUR/MWh,DE,DE_LU,day_ahead_price,value,2026-08-27T09:55:05Z
2026-08-27T09:51:17Z,2026-08-27T11:51:17+0200,0130a799-f590-4e00-8cb7-476fbd850f58,2026-08-26T18:15:00Z,2026-08-26T20:15:00+0200,206.45,EUR/MWh,DE,DE_LU,day_ahead_price,value,2026-08-27T09:55:05Z
2026-08-27T09:51:17Z,2026-08-27T11:51:17+0200,0130a799-f590-4e00-8cb7-476fbd850f58,2026-08-26T18:30:00Z,2026-08-26T20:30:00+0200,195.66,EUR/MWh,DE,DE_LU,day_ahead_price,value,2026-08-27T09:55:05Z
2026-08-27T09:51:17Z,2026-08-27T11:51:17+0200,0130a799-f590-4e00-8cb7-476fbd850f58,2026-08-26T18:45:00Z,2026-08-26T20:45:00+0200,186.2,EUR/MWh,DE,DE_LU,day_ahead_price,value,2026-08-27T09:55:05Z
2026-08-27T09:51:17Z,2026-08-27T11:51:17+0200,0130a799-f590-4e00-8cb7-476fbd850f58,2026-08-26T19:00:00Z,2026-08-26T21:00:00+0200,188.82,EUR/MWh,DE,DE_LU,day_ahead_price,value,2026-08-27T09:55:05Z
2026-08-27T09:51:17Z,2026-08-27T11:51:17+0200,0130a799-f590-4e00-8cb7-476fbd850f58,2026-08-26T19:15:00Z,2026-08-26T21:15:00+0200,180.72,EUR/MWh,DE,DE_LU,day_ahead_price,value,2026-08-27T09:55:05Z
2026-08-27T09:51:17Z,2026-08-27T11:51:17+0200,0130a799-f590-4e00-8cb7-476fbd850f58,2026-08-26T19:30:00Z,2026-08-26T21:30:00+0200,177.31,EUR/MWh,DE,DE_LU,day_ahead_price,value,2026-08-27T09:55:05Z
2026-08-27T09:51:17Z,2026-08-27T11:51:17+0200,0130a799-f590-4e00-8cb7-476fbd850f58,2026-08-26T19:45:00Z,2026-08-26T21:45:00+0200,167.92,EUR/MWh,DE,DE_LU,day_ahead_price,value,2026-08-27T09:55:05Z
2026-08-27T09:51:17Z,2026-08-27T11:51:17+0200,0130a799-f590-4e00-8cb7-476fbd850f58,2026-08-26T20:00:00Z,2026-08-26T22:00:00+0200,172.29,EUR/MWh,DE,DE_LU,day_ahead_price,value,2026-08-27T09:55:05Z
2026-08-27T09:51:17Z,2026-08-27T11:51:17+0200,0130a799-f590-4e00-8cb7-476fbd850f58,2026-08-26T20:15:00Z,2026-08-26T22:15:00+0200,165.95,EUR/MWh,DE,DE_LU,day_ahead_price,value,2026-08-27T09:55:05Z
2026-08-27T09:51:17Z,2026-08-27T11:51:17+0200,0130a799-f590-4e00-8cb7-476fbd850f58,2026-08-26T20:30:00Z,2026-08-26T22:30:00+0200,164.16,EUR/MWh,DE,DE_LU,day_ahead_price,value,2026-08-27T09:55:05Z
2026-08-27T09:51:17Z,2026-08-27T11:51:17+0200,0130a799-f590-4e00-8cb7-476fbd850f58,2026-08-26T20:45:00Z,2026-08-26T22:45:00+0200,151.95,EUR/MWh,DE,DE_LU,day_ahead_price,value,2026-08-27T09:55:05Z
2026-08-27T09:51:17Z,2026-08-27T11:51:17+0200,0130a799-f590-4e00-8cb7-476fbd850f58,2026-08-26T21:00:00Z,2026-08-26T23:00:00+0200,161.94,EUR/MWh,DE,DE_LU,day_ahead_price,value,2026-08-27T09:55:05Z
2026-08-27T09:51:17Z,2026-08-27T11:51:17+0200,0130a799-f590-4e00-8cb7-476fbd850f58,2026-08-26T21:15:00Z,2026-08-26T23:15:00+0200,152.79,EUR/MWh,DE,DE_LU,day_ahead_price,value,2026-08-27T09:55:05Z
2026-08-27T09:51:17Z,2026-08-27T11:51:17+0200,0130a799-f590-4e00-8cb7-476fbd850f58,2026-08-26T21:30:00Z,2026-08-26T23:30:00+0200,150.0,EUR/MWh,DE,DE_LU,day_ahead_price,value,2026-08-27T09:55:05Z
2026-08-27T09:51:17Z,2026-08-27T11:51:17+0200,0130a799-f590-4e00-8cb7-476fbd850f58,2026-08-26T21:45:00Z,2026-08-26T23:45:00+0200,139.72,EUR/MWh,DE,DE_LU,day_ahead_price,value,2026-08-27T09:55:05Z
2026-08-27T09:51:17Z,2026-08-27T11:51:17+0200,0130a799-f590-4e00-8cb7-476fbd850f58,2026-08-26T22:00:00Z,2026-08-27T00:00:00+0200,155.22,EUR/MWh,DE,DE_LU,day_ahead_price,value,2026-08-27T09:55:05Z
2026-08-27T09:51:17Z,2026-08-27T11:51:17+0200,0130a799-f590-4e00-8cb7-476fbd850f58,2026-08-26T22:15:00Z,2026-08-27T00:15:00+0200,149.8,EUR/MWh,DE,DE_LU,day_ahead_price,value,2026-08-27T09:55:05Z
2026-08-27T09:51:17Z,2026-08-27T11:51:17+0200,0130a799-f590-4e00-8cb7-476fbd850f58,2026-08-26T22:30:00Z,2026-08-27T00:30:00+0200,147.17,EUR/MWh,DE,DE_LU,day_ahead_price,value,2026-08-27T09:55:05Z
2026-08-27T09:51:17Z,2026-08-27T11:51:17+0200,0130a799-f590-4e00-8cb7-476fbd850f58,2026-08-26T22:45:00Z,2026-08-27T00:45:00+0200,142.03,EUR/MWh,DE,DE_LU,day_ahead_price,value,2026-08-27T09:55:05Z
2026-08-27T09:51:17Z,2026-08-27T11:51:17+0200,0130a799-f590-4e00-8cb7-476fbd850f58,2026-08-26T23:00:00Z,2026-08-27T01:00:00+0200,149.56,EUR/MWh,DE,DE_LU,day_ahead_price,value,2026-08-27T09:55:05Z
2026-08-27T09:51:17Z,2026-08-27T11:51:17+0200,0130a799-f590-4e00-8cb7-476fbd850f58,2026-08-26T23:15:00Z,2026-08-27T01:15:00+0200,142.95,EUR/MWh,DE,DE_LU,day_ahead_price,value,2026-08-27T09:55:05Z
2026-08-27T09:51:17Z,2026-08-27T11:51:17+0200,0130a799-f590-4e00-8cb7-476fbd850f58,2026-08-26T23:30:00Z,2026-08-27T01:30:00+0200,141.73,EUR/MWh,DE,DE_LU,day_ahead_price,value,2026-08-27T09:55:05Z
2026-08-27T09:51:17Z,2026-08-27T11:51:17+0200,0130a799-f590-4e00-8cb7-476fbd850f58,2026-08-26T23:45:00Z,2026-08-27T01:45:00+0200,134.46,EUR/MWh,DE,DE_LU,day_ahead_price,value,2026-08-27T09:55:05Z
2026-08-27T09:51:17Z,2026-08-27T11:51:17+0200,0130a799-f590-4e00-8cb7-476fbd850f58,2026-08-27T00:00:00Z,2026-08-27T02:00:00+0200,138.69,EUR/MWh,DE,DE_LU,day_ahead_price,value,2026-08-27T09:55:05Z
2026-08-27T09:51:17Z,2026-08-27T11:51:17+0200,0130a799-f590-4e00-8cb7-476fbd850f58,2026-08-27T00:15:00Z,2026-08-27T02:15:00+0200,134.86,EUR/MWh,DE,DE_LU,day_ahead_price,value,2026-08-27T09:55:05Z
2026-08-27T09:51:17Z,2026-08-27T11:51:17+0200,0130a799-f590-4e00-8cb7-476fbd850f58,2026-08-27T00:30:00Z,2026-08-27T02:30:00+0200,134.18,EUR/MWh,DE,DE_LU,day_ahead_price,value,2026-08-27T09:55:05Z
2026-08-27T09:51:17Z,2026-08-27T11:51:17+0200,0130a799-f590-4e00-8cb7-476fbd850f58,2026-08-27T00:45:00Z,2026-08-27T02:45:00+0200,132.95,EUR/MWh,DE,DE_LU,day_ahead_price,value,2026-08-27T09:55:05Z
2026-08-27T09:51:17Z,2026-08-27T11:51:17+0200,0130a799-f590-4e00-8cb7-476fbd850f58,2026-08-27T01:00:00Z,2026-08-27T03:00:00+0200,135.43,EUR/MWh,DE,DE_LU,day_ahead_price,value,2026-08-27T09:55:05Z
2026-08-27T09:51:17Z,2026-08-27T11:51:17+0200,0130a799-f590-4e00-8cb7-476fbd850f58,2026-08-27T01:15:00Z,2026-08-27T03:15:00+0200,134.02,EUR/MWh,DE,DE_LU,day_ahead_price,value,2026-08-27T09:55:05Z
2026-08-27T09:51:17Z,2026-08-27T11:51:17+0200,0130a799-f590-4e00-8cb7-476fbd850f58,2026-08-27T01:30:00Z,2026-08-27T03:30:00+0200,134.31,EUR/MWh,DE,DE_LU,day_ahead_price,value,2026-08-27T09:55:05Z
2026-08-27T09:51:17Z,2026-08-27T11:51:17+0200,0130a799-f590-4e00-8cb7-476fbd850f58,2026-08-27T01:45:00Z,2026-08-27T03:45:00+0200,133.93,EUR/MWh,DE,DE_LU,day_ahead_price,value,2026-08-27T09:55:05Z
2026-08-27T09:51:17Z,2026-08-27T11:51:17+0200,0130a799-f590-4e00-8cb7-476fbd850f58,2026-08-27T02:00:00Z,2026-08-27T04:00:00+0200,133.7,EUR/MWh,DE,DE_LU,day_ahead_price,value,2026-08-27T09:55:05Z
2026-08-27T09:51:17Z,2026-08-27T11:51:17+0200,0130a799-f590-4e00-8cb7-476fbd850f58,2026-08-27T02:15:00Z,2026-08-27T04:15:00+0200,134.13,EUR/MWh,DE,DE_LU,day_ahead_price,value,2026-08-27T09:55:05Z
2026-08-27T09:51:17Z,2026-08-27T11:51:17+0200,0130a799-f590-4e00-8cb7-476fbd850f58,2026-08-27T02:30:00Z,2026-08-27T04:30:00+0200,136.66,EUR/MWh,DE,DE_LU,day_ahead_price,value,2026-08-27T09:55:05Z
2026-08-27T09:51:17Z,2026-08-27T11:51:17+0200,0130a799-f590-4e00-8cb7-476fbd850f58,2026-08-27T02:45:00Z,2026-08-27T04:45:00+0200,140.27,EUR/MWh,DE,DE_LU,day_ahead_price,value,2026-08-27T09:55:05Z
2026-08-27T09:51:17Z,2026-08-27T11:51:17+0200,0130a799-f590-4e00-8cb7-476fbd850f58,2026-08-27T03:00:00Z,2026-08-27T05:00:00+0200,139.14,EUR/MWh,DE,DE_LU,day_ahead_price,value,2026-08-27T09:55:05Z
2026-08-27T09:51:17Z,2026-08-27T11:51:17+0200,0130a799-f590-4e00-8cb7-476fbd850f58,2026-08-27T03:15:00Z,2026-08-27T05:15:00+0200,139.4,EUR/MWh,DE,DE_LU,day_ahead_price,value,2026-08-27T09:55:05Z
2026-08-27T09:51:17Z,2026-08-27T11:51:17+0200,0130a799-f590-4e00-8cb7-476fbd850f58,2026-08-27T03:30:00Z,2026-08-27T05:30:00+0200,147.27,EUR/MWh,DE,DE_LU,day_ahead_price,value,2026-08-27T09:55:05Z
2026-08-27T09:51:17Z,2026-08-27T11:51:17+0200,0130a799-f590-4e00-8cb7-476fbd850f58,2026-08-27T03:45:00Z,2026-08-27T05:45:00+0200,160.43,EUR/MWh,DE,DE_LU,day_ahead_price,value,2026-08-27T09:55:05Z
2026-08-27T09:51:17Z,2026-08-27T11:51:17+0200,0130a799-f590-4e00-8cb7-476fbd850f58,2026-08-27T04:00:00Z,2026-08-27T06:00:00+0200,160.45,EUR/MWh,DE,DE_LU,day_ahead_price,value,2026-08-27T09:55:05Z
2026-08-27T09:51:17Z,2026-08-27T11:51:17+0200,0130a799-f590-4e00-8cb7-476fbd850f58,2026-08-27T04:15:00Z,2026-08-27T06:15:00+0200,169.22,EUR/MWh,DE,DE_LU,day_ahead_price,value,2026-08-27T09:55:05Z
2026-08-27T09:51:17Z,2026-08-27T11:51:17+0200,0130a799-f590-4e00-8cb7-476fbd850f58,2026-08-27T04:30:00Z,2026-08-27T06:30:00+0200,170.35,EUR/MWh,DE,DE_LU,day_ahead_price,value,2026-08-27T09:55:05Z
2026-08-27T09:51:17Z,2026-08-27T11:51:17+0200,0130a799-f590-4e00-8cb7-476fbd850f58,2026-08-27T04:45:00Z,2026-08-27T06:45:00+0200,170.31,EUR/MWh,DE,DE_LU,day_ahead_price,value,2026-08-27T09:55:05Z
2026-08-27T09:51:17Z,2026-08-27T11:51:17+0200,0130a799-f590-4e00-8cb7-476fbd850f58,2026-08-27T05:00:00Z,2026-08-27T07:00:00+0200,176.04,EUR/MWh,DE,DE_LU,day_ahead_price,value,2026-08-27T09:55:05Z
2026-08-27T09:51:17Z,2026-08-27T11:51:17+0200,0130a799-f590-4e00-8cb7-476fbd850f58,2026-08-27T05:15:00Z,2026-08-27T07:15:00+0200,176.34,EUR/MWh,DE,DE_LU,day_ahead_price,value,2026-08-27T09:55:05Z
2026-08-27T09:51:17Z,2026-08-27T11:51:17+0200,0130a799-f590-4e00-8cb7-476fbd850f58,2026-08-27T05:30:00Z,2026-08-27T07:30:00+0200,174.79,EUR/MWh,DE,DE_LU,day_ahead_price,value,2026-08-27T09:55:05Z
2026-08-27T09:51:17Z,2026-08-27T11:51:17+0200,0130a799-f590-4e00-8cb7-476fbd850f58,2026-08-27T05:45:00Z,2026-08-27T07:45:00+0200,169.41,EUR/MWh,DE,DE_LU,day_ahead_price,value,2026-08-27T09:55:05Z
2026-08-27T09:51:17Z,2026-08-27T11:51:17+0200,0130a799-f590-4e00-8cb7-476fbd850f58,2026-08-27T06:00:00Z,2026-08-27T08:00:00+0200,176.02,EUR/MWh,DE,DE_LU,day_ahead_price,value,2026-08-27T09:55:05Z
2026-08-27T09:51:17Z,2026-08-27T11:51:17+0200,0130a799-f590-4e00-8cb7-476fbd850f58,2026-08-27T06:15:00Z,2026-08-27T08:15:00+0200,170.22,EUR/MWh,DE,DE_LU,day_ahead_price,value,2026-08-27T09:55:05Z
2026-08-27T09:51:17Z,2026-08-27T11:51:17+0200,0130a799-f590-4e00-8cb7-476fbd850f58,2026-08-27T06:30:00Z,2026-08-27T08:30:00+0200,157.54,EUR/MWh,DE,DE_LU,day_ahead_price,value,2026-08-27T09:55:05Z
2026-08-27T09:51:17Z,2026-08-27T11:51:17+0200,0130a799-f590-4e00-8cb7-476fbd850f58,2026-08-27T06:45:00Z,2026-08-27T08:45:00+0200,137.77,EUR/MWh,DE,DE_LU,day_ahead_price,value,2026-08-27T09:55:05Z
2026-08-27T09:51:17Z,2026-08-27T11:51:17+0200,0130a799-f590-4e00-8cb7-476fbd850f58,2026-08-27T07:00:00Z,2026-08-27T09:00:00+0200,151.28,EUR/MWh,DE,DE_LU,day_ahead_price,value,2026-08-27T09:55:05Z
2026-08-27T09:51:17Z,2026-08-27T11:51:17+0200,0130a799-f590-4e00-8cb7-476fbd850f58,2026-08-27T07:15:00Z,2026-08-27T09:15:00+0200,132.34,EUR/MWh,DE,DE_LU,day_ahead_price,value,2026-08-27T09:55:05Z
2026-08-27T09:51:17Z,2026-08-27T11:51:17+0200,0130a799-f590-4e00-8cb7-476fbd850f58,2026-08-27T07:30:00Z,2026-08-27T09:30:00+0200,116.91,EUR/MWh,DE,DE_LU,day_ahead_price,value,2026-08-27T09:55:05Z
2026-08-27T09:51:17Z,2026-08-27T11:51:17+0200,0130a799-f590-4e00-8cb7-476fbd850f58,2026-08-27T07:45:00Z,2026-08-27T09:45:00+0200,98.08,EUR/MWh,DE,DE_LU,day_ahead_price,value,2026-08-27T09:55:05Z
2026-08-27T09:51:17Z,2026-08-27T11:51:17+0200,0130a799-f590-4e00-8cb7-476fbd850f58,2026-08-27T08:00:00Z,2026-08-27T10:00:00+0200,126.98,EUR/MWh,DE,DE_LU,day_ahead_price,value,2026-08-27T09:55:05Z
2026-08-27T09:51:17Z,2026-08-27T11:51:17+0200,0130a799-f590-4e00-8cb7-476fbd850f58,2026-08-27T08:15:00Z,2026-08-27T10:15:00+0200,116.1,EUR/MWh,DE,DE_LU,day_ahead_price,value,2026-08-27T09:55:05Z
2026-08-27T09:51:17Z,2026-08-27T11:51:17+0200,0130a799-f590-4e00-8cb7-476fbd850f58,2026-08-27T08:30:00Z,2026-08-27T10:30:00+0200,94.98,EUR/MWh,DE,DE_LU,day_ahead_price,value,2026-08-27T09:55:05Z
2026-08-27T09:51:17Z,2026-08-27T11:51:17+0200,0130a799-f590-4e00-8cb7-476fbd850f58,2026-08-27T08:45:00Z,2026-08-27T10:45:00+0200,78.35,EUR/MWh,DE,DE_LU,day_ahead_price,value,2026-08-27T09:55:05Z
2026-08-27T09:51:17Z,2026-08-27T11:51:17+0200,0130a799-f590-4e00-8cb7-476fbd850f58,2026-08-27T09:00:00Z,2026-08-27T11:00:00+0200,105.06,EUR/MWh,DE,DE_LU,day_ahead_price,value,2026-08-27T09:55:05Z
2026-08-27T09:51:17Z,2026-08-27T11:51:17+0200,0130a799-f590-4e00-8cb7-476fbd850f58,2026-08-27T09:15:00Z,2026-08-27T11:15:00+0200,71.31,EUR/MWh,DE,DE_LU,day_ahead_price,value,2026-08-27T09:55:05Z
2026-08-27T09:51:17Z,2026-08-27T11:51:17+0200,0130a799-f590-4e00-8cb7-476fbd850f58,2026-08-27T09:30:00Z,2026-08-27T11:30:00+0200,40.0,EUR/MWh,DE,DE_LU,day_ahead_price,value,2026-08-27T09:55:05Z
2026-08-27T09:51:17Z,2026-08-27T11:51:17+0200,0130a799-f590-4e00-8cb7-476fbd850f58,2026-08-27T09:45:00Z,2026-08-27T11:45:00+0200,13.94,EUR/MWh,DE,DE_LU,day_ahead_price,value,2026-08-27T09:55:05Z
2026-08-27T09:51:17Z,2026-08-27T11:51:17+0200,0130a799-f590-4e00-8cb7-476fbd850f58,2026-08-27T10:00:00Z,2026-08-27T12:00:00+0200,31.59,EUR/MWh,DE,DE_LU,day_ahead_price,value,2026-08-27T09:55:05Z
