collection_time_utc,collection_time_local,run_id,timestamp_utc,timestamp_local,value,unit,country,entsoe_area,variable,source,updated_at_utc
2026-06-05T07:46:33Z,2026-06-05T09:46:33+0200,a4488497-2a44-4b02-8cf3-b5300ead3675,2026-05-05T08:00:00Z,2026-05-05T10:00:00+0200,123.07,EUR/MWh,FR,FR,day_ahead_price,value,2026-06-05T07:47:19Z
2026-06-05T07:46:33Z,2026-06-05T09:46:33+0200,a4488497-2a44-4b02-8cf3-b5300ead3675,2026-05-05T08:15:00Z,2026-05-05T10:15:00+0200,114.65,EUR/MWh,FR,FR,day_ahead_price,value,2026-06-05T07:47:19Z
2026-06-05T07:46:33Z,2026-06-05T09:46:33+0200,a4488497-2a44-4b02-8cf3-b5300ead3675,2026-05-05T08:30:00Z,2026-05-05T10:30:00+0200,102.87,EUR/MWh,FR,FR,day_ahead_price,value,2026-06-05T07:47:19Z
2026-06-05T07:46:33Z,2026-06-05T09:46:33+0200,a4488497-2a44-4b02-8cf3-b5300ead3675,2026-05-05T08:45:00Z,2026-05-05T10:45:00+0200,101.2,EUR/MWh,FR,FR,day_ahead_price,value,2026-06-05T07:47:19Z
2026-06-05T07:46:33Z,2026-06-05T09:46:33+0200,a4488497-2a44-4b02-8cf3-b5300ead3675,2026-05-05T09:00:00Z,2026-05-05T11:00:00+0200,110.85,EUR/MWh,FR,FR,day_ahead_price,value,2026-06-05T07:47:19Z
2026-06-05T07:46:33Z,2026-06-05T09:46:33+0200,a4488497-2a44-4b02-8cf3-b5300ead3675,2026-05-05T09:15:00Z,2026-05-05T11:15:00+0200,80.9,EUR/MWh,FR,FR,day_ahead_price,value,2026-06-05T07:47:19Z
2026-06-05T07:46:33Z,2026-06-05T09:46:33+0200,a4488497-2a44-4b02-8cf3-b5300ead3675,2026-05-05T09:30:00Z,2026-05-05T11:30:00+0200,81.38,EUR/MWh,FR,FR,day_ahead_price,value,2026-06-05T07:47:19Z
2026-06-05T07:46:33Z,2026-06-05T09:46:33+0200,a4488497-2a44-4b02-8cf3-b5300ead3675,2026-05-05T09:45:00Z,2026-05-05T11:45:00+0200,70.43,EUR/MWh,FR,FR,day_ahead_price,value,2026-06-05T07:47:19Z
2026-06-05T07:46:33Z,2026-06-05T09:46:33+0200,a4488497-2a44-4b02-8cf3-b5300ead3675,2026-05-05T10:00:00Z,2026-05-05T12:00:00+0200,90.45,EUR/MWh,FR,FR,day_ahead_price,value,2026-06-05T07:47:19Z
2026-06-05T07:46:33Z,2026-06-05T09:46:33+0200,a4488497-2a44-4b02-8cf3-b5300ead3675,2026-05-05T10:15:00Z,2026-05-05T12:15:00+0200,64.58,EUR/MWh,FR,FR,day_ahead_price,value,2026-06-05T07:47:19Z
2026-06-05T07:46:33Z,2026-06-05T09:46:33+0200,a4488497-2a44-4b02-8cf3-b5300ead3675,2026-05-05T10:30:00Z,2026-05-05T12:30:00+0200,78.2,EUR/MWh,FR,FR,day_ahead_price,value,2026-06-05T07:47:19Z
2026-06-05T07:46:33Z,2026-06-05T09:46:33+0200,a4488497-2a44-4b02-8cf3-b5300ead3675,2026-05-05T10:45:00Z,2026-05-05T12:45:00+0200,77.68,EUR/MWh,FR,FR,day_ahead_price,value,2026-06-05T07:47:19Z
2026-06-05T07:46:33Z,2026-06-05T09:46:33+0200,a4488497-2a44-4b02-8cf3-b5300ead3675,2026-05-05T11:00:00Z,2026-05-05T13:00:00+0200,85.23,EUR/MWh,FR,FR,day_ahead_price,value,2026-06-05T07:47:19Z
2026-06-05T07:46:33Z,2026-06-05T09:46:33+0200,a4488497-2a44-4b02-8cf3-b5300ead3675,2026-05-05T11:15:00Z,2026-05-05T13:15:00+0200,63.65,EUR/MWh,FR,FR,day_ahead_price,value,2026-06-05T07:47:19Z
2026-06-05T07:46:33Z,2026-06-05T09:46:33+0200,a4488497-2a44-4b02-8cf3-b5300ead3675,2026-05-05T11:30:00Z,2026-05-05T13:30:00+0200,54.34,EUR/MWh,FR,FR,day_ahead_price,value,2026-06-05T07:47:19Z
2026-06-05T07:46:33Z,2026-06-05T09:46:33+0200,a4488497-2a44-4b02-8cf3-b5300ead3675,2026-05-05T11:45:00Z,2026-05-05T13:45:00+0200,49.96,EUR/MWh,FR,FR,day_ahead_price,value,2026-06-05T07:47:19Z
2026-06-05T07:46:33Z,2026-06-05T09:46:33+0200,a4488497-2a44-4b02-8cf3-b5300ead3675,2026-05-05T12:00:00Z,2026-05-05T14:00:00+0200,74.57,EUR/MWh,FR,FR,day_ahead_price,value,2026-06-05T07:47:19Z
2026-06-05T07:46:33Z,2026-06-05T09:46:33+0200,a4488497-2a44-4b02-8cf3-b5300ead3675,2026-05-05T12:15:00Z,2026-05-05T14:15:00+0200,60.91,EUR/MWh,FR,FR,day_ahead_price,value,2026-06-05T07:47:19Z
2026-06-05T07:46:33Z,2026-06-05T09:46:33+0200,a4488497-2a44-4b02-8cf3-b5300ead3675,2026-05-05T12:30:00Z,2026-05-05T14:30:00+0200,81.68,EUR/MWh,FR,FR,day_ahead_price,value,2026-06-05T07:47:19Z
2026-06-05T07:46:33Z,2026-06-05T09:46:33+0200,a4488497-2a44-4b02-8cf3-b5300ead3675,2026-05-05T12:45:00Z,2026-05-05T14:45:00+0200,61.4,EUR/MWh,FR,FR,day_ahead_price,value,2026-06-05T07:47:19Z
2026-06-05T07:46:33Z,2026-06-05T09:46:33+0200,a4488497-2a44-4b02-8cf3-b5300ead3675,2026-05-05T13:00:00Z,2026-05-05T15:00:00+0200,94.17,EUR/MWh,FR,FR,day_ahead_price,value,2026-06-05T07:47:19Z
2026-06-05T07:46:33Z,2026-06-05T09:46:33+0200,a4488497-2a44-4b02-8cf3-b5300ead3675,2026-05-05T13:15:00Z,2026-05-05T15:15:00+0200,68.04,EUR/MWh,FR,FR,day_ahead_price,value,2026-06-05T07:47:19Z
2026-06-05T07:46:33Z,2026-06-05T09:46:33+0200,a4488497-2a44-4b02-8cf3-b5300ead3675,2026-05-05T13:30:00Z,2026-05-05T15:30:00+0200,37.0,EUR/MWh,FR,FR,day_ahead_price,value,2026-06-05T07:47:19Z
2026-06-05T07:46:33Z,2026-06-05T09:46:33+0200,a4488497-2a44-4b02-8cf3-b5300ead3675,2026-05-05T13:45:00Z,2026-05-05T15:45:00+0200,39.98,EUR/MWh,FR,FR,day_ahead_price,value,2026-06-05T07:47:19Z
2026-06-05T07:46:33Z,2026-06-05T09:46:33+0200,a4488497-2a44-4b02-8cf3-b5300ead3675,2026-05-05T14:00:00Z,2026-05-05T16:00:00+0200,30.23,EUR/MWh,FR,FR,day_ahead_price,value,2026-06-05T07:47:19Z
2026-06-05T07:46:33Z,2026-06-05T09:46:33+0200,a4488497-2a44-4b02-8cf3-b5300ead3675,2026-05-05T14:15:00Z,2026-05-05T16:15:00+0200,34.5,EUR/MWh,FR,FR,day_ahead_price,value,2026-06-05T07:47:19Z
2026-06-05T07:46:33Z,2026-06-05T09:46:33+0200,a4488497-2a44-4b02-8cf3-b5300ead3675,2026-05-05T14:30:00Z,2026-05-05T16:30:00+0200,10.99,EUR/MWh,FR,FR,day_ahead_price,value,2026-06-05T07:47:19Z
2026-06-05T07:46:33Z,2026-06-05T09:46:33+0200,a4488497-2a44-4b02-8cf3-b5300ead3675,2026-05-05T14:45:00Z,2026-05-05T16:45:00+0200,44.3,EUR/MWh,FR,FR,day_ahead_price,value,2026-06-05T07:47:19Z
2026-06-05T07:46:33Z,2026-06-05T09:46:33+0200,a4488497-2a44-4b02-8cf3-b5300ead3675,2026-05-05T15:00:00Z,2026-05-05T17:00:00+0200,16.26,EUR/MWh,FR,FR,day_ahead_price,value,2026-06-05T07:47:19Z
2026-06-05T07:46:33Z,2026-06-05T09:46:33+0200,a4488497-2a44-4b02-8cf3-b5300ead3675,2026-05-05T15:15:00Z,2026-05-05T17:15:00+0200,37.47,EUR/MWh,FR,FR,day_ahead_price,value,2026-06-05T07:47:19Z
2026-06-05T07:46:33Z,2026-06-05T09:46:33+0200,a4488497-2a44-4b02-8cf3-b5300ead3675,2026-05-05T15:30:00Z,2026-05-05T17:30:00+0200,56.35,EUR/MWh,FR,FR,day_ahead_price,value,2026-06-05T07:47:19Z
2026-06-05T07:46:33Z,2026-06-05T09:46:33+0200,a4488497-2a44-4b02-8cf3-b5300ead3675,2026-05-05T15:45:00Z,2026-05-05T17:45:00+0200,86.12,EUR/MWh,FR,FR,day_ahead_price,value,2026-06-05T07:47:19Z
2026-06-05T07:46:33Z,2026-06-05T09:46:33+0200,a4488497-2a44-4b02-8cf3-b5300ead3675,2026-05-05T16:00:00Z,2026-05-05T18:00:00+0200,60.92,EUR/MWh,FR,FR,day_ahead_price,value,2026-06-05T07:47:19Z
2026-06-05T07:46:33Z,2026-06-05T09:46:33+0200,a4488497-2a44-4b02-8cf3-b5300ead3675,2026-05-05T16:15:00Z,2026-05-05T18:15:00+0200,44.46,EUR/MWh,FR,FR,day_ahead_price,value,2026-06-05T07:47:19Z
2026-06-05T07:46:33Z,2026-06-05T09:46:33+0200,a4488497-2a44-4b02-8cf3-b5300ead3675,2026-05-05T16:30:00Z,2026-05-05T18:30:00+0200,121.0,EUR/MWh,FR,FR,day_ahead_price,value,2026-06-05T07:47:19Z
2026-06-05T07:46:33Z,2026-06-05T09:46:33+0200,a4488497-2a44-4b02-8cf3-b5300ead3675,2026-05-05T16:45:00Z,2026-05-05T18:45:00+0200,162.44,EUR/MWh,FR,FR,day_ahead_price,value,2026-06-05T07:47:19Z
2026-06-05T07:46:33Z,2026-06-05T09:46:33+0200,a4488497-2a44-4b02-8cf3-b5300ead3675,2026-05-05T17:00:00Z,2026-05-05T19:00:00+0200,146.03,EUR/MWh,FR,FR,day_ahead_price,value,2026-06-05T07:47:19Z
2026-06-05T07:46:33Z,2026-06-05T09:46:33+0200,a4488497-2a44-4b02-8cf3-b5300ead3675,2026-05-05T17:15:00Z,2026-05-05T19:15:00+0200,153.91,EUR/MWh,FR,FR,day_ahead_price,value,2026-06-05T07:47:19Z
2026-06-05T07:46:33Z,2026-06-05T09:46:33+0200,a4488497-2a44-4b02-8cf3-b5300ead3675,2026-05-05T17:30:00Z,2026-05-05T19:30:00+0200,124.55,EUR/MWh,FR,FR,day_ahead_price,value,2026-06-05T07:47:19Z
2026-06-05T07:46:33Z,2026-06-05T09:46:33+0200,a4488497-2a44-4b02-8cf3-b5300ead3675,2026-05-05T17:45:00Z,2026-05-05T19:45:00+0200,123.5,EUR/MWh,FR,FR,day_ahead_price,value,2026-06-05T07:47:19Z
2026-06-05T07:46:33Z,2026-06-05T09:46:33+0200,a4488497-2a44-4b02-8cf3-b5300ead3675,2026-05-05T18:00:00Z,2026-05-05T20:00:00+0200,90.0,EUR/MWh,FR,FR,day_ahead_price,value,2026-06-05T07:47:19Z
2026-06-05T07:46:33Z,2026-06-05T09:46:33+0200,a4488497-2a44-4b02-8cf3-b5300ead3675,2026-05-05T18:15:00Z,2026-05-05T20:15:00+0200,99.0,EUR/MWh,FR,FR,day_ahead_price,value,2026-06-05T07:47:19Z
2026-06-05T07:46:33Z,2026-06-05T09:46:33+0200,a4488497-2a44-4b02-8cf3-b5300ead3675,2026-05-05T18:30:00Z,2026-05-05T20:30:00+0200,106.09,EUR/MWh,FR,FR,day_ahead_price,value,2026-06-05T07:47:19Z
2026-06-05T07:46:33Z,2026-06-05T09:46:33+0200,a4488497-2a44-4b02-8cf3-b5300ead3675,2026-05-05T18:45:00Z,2026-05-05T20:45:00+0200,113.35,EUR/MWh,FR,FR,day_ahead_price,value,2026-06-05T07:47:19Z
2026-06-05T07:46:33Z,2026-06-05T09:46:33+0200,a4488497-2a44-4b02-8cf3-b5300ead3675,2026-05-05T19:00:00Z,2026-05-05T21:00:00+0200,110.0,EUR/MWh,FR,FR,day_ahead_price,value,2026-06-05T07:47:19Z
2026-06-05T07:46:33Z,2026-06-05T09:46:33+0200,a4488497-2a44-4b02-8cf3-b5300ead3675,2026-05-05T19:15:00Z,2026-05-05T21:15:00+0200,111.7,EUR/MWh,FR,FR,day_ahead_price,value,2026-06-05T07:47:19Z
2026-06-05T07:46:33Z,2026-06-05T09:46:33+0200,a4488497-2a44-4b02-8cf3-b5300ead3675,2026-05-05T19:30:00Z,2026-05-05T21:30:00+0200,101.2,EUR/MWh,FR,FR,day_ahead_price,value,2026-06-05T07:47:19Z
2026-06-05T07:46:33Z,2026-06-05T09:46:33+0200,a4488497-2a44-4b02-8cf3-b5300ead3675,2026-05-05T19:45:00Z,2026-05-05T21:45:00+0200,79.86,EUR/MWh,FR,FR,day_ahead_price,value,2026-06-05T07:47:19Z
2026-06-05T07:46:33Z,2026-06-05T09:46:33+0200,a4488497-2a44-4b02-8cf3-b5300ead3675,2026-05-05T20:00:00Z,2026-05-05T22:00:00+0200,114.63,EUR/MWh,FR,FR,day_ahead_price,value,2026-06-05T07:47:19Z
2026-06-05T07:46:33Z,2026-06-05T09:46:33+0200,a4488497-2a44-4b02-8cf3-b5300ead3675,2026-05-05T20:15:00Z,2026-05-05T22:15:00+0200,98.73,EUR/MWh,FR,FR,day_ahead_price,value,2026-06-05T07:47:19Z
2026-06-05T07:46:33Z,2026-06-05T09:46:33+0200,a4488497-2a44-4b02-8cf3-b5300ead3675,2026-05-05T20:30:00Z,2026-05-05T22:30:00+0200,110.0,EUR/MWh,FR,FR,day_ahead_price,value,2026-06-05T07:47:19Z
2026-06-05T07:46:33Z,2026-06-05T09:46:33+0200,a4488497-2a44-4b02-8cf3-b5300ead3675,2026-05-05T20:45:00Z,2026-05-05T22:45:00+0200,105.1,EUR/MWh,FR,FR,day_ahead_price,value,2026-06-05T07:47:19Z
2026-06-05T07:46:33Z,2026-06-05T09:46:33+0200,a4488497-2a44-4b02-8cf3-b5300ead3675,2026-05-05T21:00:00Z,2026-05-05T23:00:00+0200,105.92,EUR/MWh,FR,FR,day_ahead_price,value,2026-06-05T07:47:19Z
2026-06-05T07:46:33Z,2026-06-05T09:46:33+0200,a4488497-2a44-4b02-8cf3-b5300ead3675,2026-05-05T21:15:00Z,2026-05-05T23:15:00+0200,91.39,EUR/MWh,FR,FR,day_ahead_price,value,2026-06-05T07:47:19Z
2026-06-05T07:46:33Z,2026-06-05T09:46:33+0200,a4488497-2a44-4b02-8cf3-b5300ead3675,2026-05-05T21:30:00Z,2026-05-05T23:30:00+0200,101.44,EUR/MWh,FR,FR,day_ahead_price,value,2026-06-05T07:47:19Z
2026-06-05T07:46:33Z,2026-06-05T09:46:33+0200,a4488497-2a44-4b02-8cf3-b5300ead3675,2026-05-05T21:45:00Z,2026-05-05T23:45:00+0200,92.94,EUR/MWh,FR,FR,day_ahead_price,value,2026-06-05T07:47:19Z
2026-06-05T07:46:33Z,2026-06-05T09:46:33+0200,a4488497-2a44-4b02-8cf3-b5300ead3675,2026-05-05T22:00:00Z,2026-05-06T00:00:00+0200,119.35,EUR/MWh,FR,FR,day_ahead_price,value,2026-06-05T07:47:19Z
2026-06-05T07:46:33Z,2026-06-05T09:46:33+0200,a4488497-2a44-4b02-8cf3-b5300ead3675,2026-05-05T22:15:00Z,2026-05-06T00:15:00+0200,117.81,EUR/MWh,FR,FR,day_ahead_price,value,2026-06-05T07:47:19Z
2026-06-05T07:46:33Z,2026-06-05T09:46:33+0200,a4488497-2a44-4b02-8cf3-b5300ead3675,2026-05-05T22:30:00Z,2026-05-06T00:30:00+0200,112.47,EUR/MWh,FR,FR,day_ahead_price,value,2026-06-05T07:47:19Z
2026-06-05T07:46:33Z,2026-06-05T09:46:33+0200,a4488497-2a44-4b02-8cf3-b5300ead3675,2026-05-05T22:45:00Z,2026-05-06T00:45:00+0200,110.0,EUR/MWh,FR,FR,day_ahead_price,value,2026-06-05T07:47:19Z
2026-06-05T07:46:33Z,2026-06-05T09:46:33+0200,a4488497-2a44-4b02-8cf3-b5300ead3675,2026-05-05T23:00:00Z,2026-05-06T01:00:00+0200,111.02,EUR/MWh,FR,FR,day_ahead_price,value,2026-06-05T07:47:19Z
2026-06-05T07:46:33Z,2026-06-05T09:46:33+0200,a4488497-2a44-4b02-8cf3-b5300ead3675,2026-05-05T23:15:00Z,2026-05-06T01:15:00+0200,107.14,EUR/MWh,FR,FR,day_ahead_price,value,2026-06-05T07:47:19Z
2026-06-05T07:46:33Z,2026-06-05T09:46:33+0200,a4488497-2a44-4b02-8cf3-b5300ead3675,2026-05-05T23:30:00Z,2026-05-06T01:30:00+0200,108.01,EUR/MWh,FR,FR,day_ahead_price,value,2026-06-05T07:47:19Z
2026-06-05T07:46:33Z,2026-06-05T09:46:33+0200,a4488497-2a44-4b02-8cf3-b5300ead3675,2026-05-05T23:45:00Z,2026-05-06T01:45:00+0200,107.51,EUR/MWh,FR,FR,day_ahead_price,value,2026-06-05T07:47:19Z
2026-06-05T07:46:33Z,2026-06-05T09:46:33+0200,a4488497-2a44-4b02-8cf3-b5300ead3675,2026-05-06T00:00:00Z,2026-05-06T02:00:00+0200,110.54,EUR/MWh,FR,FR,day_ahead_price,value,2026-06-05T07:47:19Z
2026-06-05T07:46:33Z,2026-06-05T09:46:33+0200,a4488497-2a44-4b02-8cf3-b5300ead3675,2026-05-06T00:15:00Z,2026-05-06T02:15:00+0200,102.22,EUR/MWh,FR,FR,day_ahead_price,value,2026-06-05T07:47:19Z
2026-06-05T07:46:33Z,2026-06-05T09:46:33+0200,a4488497-2a44-4b02-8cf3-b5300ead3675,2026-05-06T00:30:00Z,2026-05-06T02:30:00+0200,94.09,EUR/MWh,FR,FR,day_ahead_price,value,2026-06-05T07:47:19Z
2026-06-05T07:46:33Z,2026-06-05T09:46:33+0200,a4488497-2a44-4b02-8cf3-b5300ead3675,2026-05-06T00:45:00Z,2026-05-06T02:45:00+0200,95.63,EUR/MWh,FR,FR,day_ahead_price,value,2026-06-05T07:47:19Z
2026-06-05T07:46:33Z,2026-06-05T09:46:33+0200,a4488497-2a44-4b02-8cf3-b5300ead3675,2026-05-06T01:00:00Z,2026-05-06T03:00:00+0200,106.86,EUR/MWh,FR,FR,day_ahead_price,value,2026-06-05T07:47:19Z
2026-06-05T07:46:33Z,2026-06-05T09:46:33+0200,a4488497-2a44-4b02-8cf3-b5300ead3675,2026-05-06T01:15:00Z,2026-05-06T03:15:00+0200,97.33,EUR/MWh,FR,FR,day_ahead_price,value,2026-06-05T07:47:19Z
2026-06-05T07:46:33Z,2026-06-05T09:46:33+0200,a4488497-2a44-4b02-8cf3-b5300ead3675,2026-05-06T01:30:00Z,2026-05-06T03:30:00+0200,99.23,EUR/MWh,FR,FR,day_ahead_price,value,2026-06-05T07:47:19Z
2026-06-05T07:46:33Z,2026-06-05T09:46:33+0200,a4488497-2a44-4b02-8cf3-b5300ead3675,2026-05-06T01:45:00Z,2026-05-06T03:45:00+0200,91.59,EUR/MWh,FR,FR,day_ahead_price,value,2026-06-05T07:47:19Z
2026-06-05T07:46:33Z,2026-06-05T09:46:33+0200,a4488497-2a44-4b02-8cf3-b5300ead3675,2026-05-06T02:00:00Z,2026-05-06T04:00:00+0200,90.2,EUR/MWh,FR,FR,day_ahead_price,value,2026-06-05T07:47:19Z
2026-06-05T07:46:33Z,2026-06-05T09:46:33+0200,a4488497-2a44-4b02-8cf3-b5300ead3675,2026-05-06T02:15:00Z,2026-05-06T04:15:00+0200,92.06,EUR/MWh,FR,FR,day_ahead_price,value,2026-06-05T07:47:19Z
2026-06-05T07:46:33Z,2026-06-05T09:46:33+0200,a4488497-2a44-4b02-8cf3-b5300ead3675,2026-05-06T02:30:00Z,2026-05-06T04:30:00+0200,101.51,EUR/MWh,FR,FR,day_ahead_price,value,2026-06-05T07:47:19Z
2026-06-05T07:46:33Z,2026-06-05T09:46:33+0200,a4488497-2a44-4b02-8cf3-b5300ead3675,2026-05-06T02:45:00Z,2026-05-06T04:45:00+0200,100.57,EUR/MWh,FR,FR,day_ahead_price,value,2026-06-05T07:47:19Z
2026-06-05T07:46:33Z,2026-06-05T09:46:33+0200,a4488497-2a44-4b02-8cf3-b5300ead3675,2026-05-06T03:00:00Z,2026-05-06T05:00:00+0200,90.53,EUR/MWh,FR,FR,day_ahead_price,value,2026-06-05T07:47:19Z
2026-06-05T07:46:33Z,2026-06-05T09:46:33+0200,a4488497-2a44-4b02-8cf3-b5300ead3675,2026-05-06T03:15:00Z,2026-05-06T05:15:00+0200,88.16,EUR/MWh,FR,FR,day_ahead_price,value,2026-06-05T07:47:19Z
2026-06-05T07:46:33Z,2026-06-05T09:46:33+0200,a4488497-2a44-4b02-8cf3-b5300ead3675,2026-05-06T03:30:00Z,2026-05-06T05:30:00+0200,110.0,EUR/MWh,FR,FR,day_ahead_price,value,2026-06-05T07:47:19Z
2026-06-05T07:46:33Z,2026-06-05T09:46:33+0200,a4488497-2a44-4b02-8cf3-b5300ead3675,2026-05-06T03:45:00Z,2026-05-06T05:45:00+0200,86.51,EUR/MWh,FR,FR,day_ahead_price,value,2026-06-05T07:47:19Z
2026-06-05T07:46:33Z,2026-06-05T09:46:33+0200,a4488497-2a44-4b02-8cf3-b5300ead3675,2026-05-06T04:00:00Z,2026-05-06T06:00:00+0200,114.86,EUR/MWh,FR,FR,day_ahead_price,value,2026-06-05T07:47:19Z
2026-06-05T07:46:33Z,2026-06-05T09:46:33+0200,a4488497-2a44-4b02-8cf3-b5300ead3675,2026-05-06T04:15:00Z,2026-05-06T06:15:00+0200,116.74,EUR/MWh,FR,FR,day_ahead_price,value,2026-06-05T07:47:19Z
2026-06-05T07:46:33Z,2026-06-05T09:46:33+0200,a4488497-2a44-4b02-8cf3-b5300ead3675,2026-05-06T04:30:00Z,2026-05-06T06:30:00+0200,119.7,EUR/MWh,FR,FR,day_ahead_price,value,2026-06-05T07:47:19Z
2026-06-05T07:46:33Z,2026-06-05T09:46:33+0200,a4488497-2a44-4b02-8cf3-b5300ead3675,2026-05-06T04:45:00Z,2026-05-06T06:45:00+0200,119.7,EUR/MWh,FR,FR,day_ahead_price,value,2026-06-05T07:47:19Z
2026-06-05T07:46:33Z,2026-06-05T09:46:33+0200,a4488497-2a44-4b02-8cf3-b5300ead3675,2026-05-06T05:00:00Z,2026-05-06T07:00:00+0200,122.0,EUR/MWh,FR,FR,day_ahead_price,value,2026-06-05T07:47:19Z
2026-06-05T07:46:33Z,2026-06-05T09:46:33+0200,a4488497-2a44-4b02-8cf3-b5300ead3675,2026-05-06T05:15:00Z,2026-05-06T07:15:00+0200,125.01,EUR/MWh,FR,FR,day_ahead_price,value,2026-06-05T07:47:19Z
2026-06-05T07:46:33Z,2026-06-05T09:46:33+0200,a4488497-2a44-4b02-8cf3-b5300ead3675,2026-05-06T05:30:00Z,2026-05-06T07:30:00+0200,127.0,EUR/MWh,FR,FR,day_ahead_price,value,2026-06-05T07:47:19Z
2026-06-05T07:46:33Z,2026-06-05T09:46:33+0200,a4488497-2a44-4b02-8cf3-b5300ead3675,2026-05-06T05:45:00Z,2026-05-06T07:45:00+0200,122.91,EUR/MWh,FR,FR,day_ahead_price,value,2026-06-05T07:47:19Z
2026-06-05T07:46:33Z,2026-06-05T09:46:33+0200,a4488497-2a44-4b02-8cf3-b5300ead3675,2026-05-06T06:00:00Z,2026-05-06T08:00:00+0200,128.36,EUR/MWh,FR,FR,day_ahead_price,value,2026-06-05T07:47:19Z
2026-06-05T07:46:33Z,2026-06-05T09:46:33+0200,a4488497-2a44-4b02-8cf3-b5300ead3675,2026-05-06T06:15:00Z,2026-05-06T08:15:00+0200,128.84,EUR/MWh,FR,FR,day_ahead_price,value,2026-06-05T07:47:19Z
2026-06-05T07:46:33Z,2026-06-05T09:46:33+0200,a4488497-2a44-4b02-8cf3-b5300ead3675,2026-05-06T06:30:00Z,2026-05-06T08:30:00+0200,121.9,EUR/MWh,FR,FR,day_ahead_price,value,2026-06-05T07:47:19Z
2026-06-05T07:46:33Z,2026-06-05T09:46:33+0200,a4488497-2a44-4b02-8cf3-b5300ead3675,2026-05-06T06:45:00Z,2026-05-06T08:45:00+0200,112.93,EUR/MWh,FR,FR,day_ahead_price,value,2026-06-05T07:47:19Z
2026-06-05T07:46:33Z,2026-06-05T09:46:33+0200,a4488497-2a44-4b02-8cf3-b5300ead3675,2026-05-06T07:00:00Z,2026-05-06T09:00:00+0200,136.86,EUR/MWh,FR,FR,day_ahead_price,value,2026-06-05T07:47:19Z
2026-06-05T07:46:33Z,2026-06-05T09:46:33+0200,a4488497-2a44-4b02-8cf3-b5300ead3675,2026-05-06T07:15:00Z,2026-05-06T09:15:00+0200,125.49,EUR/MWh,FR,FR,day_ahead_price,value,2026-06-05T07:47:19Z
2026-06-05T07:46:33Z,2026-06-05T09:46:33+0200,a4488497-2a44-4b02-8cf3-b5300ead3675,2026-05-06T07:30:00Z,2026-05-06T09:30:00+0200,119.06,EUR/MWh,FR,FR,day_ahead_price,value,2026-06-05T07:47:19Z
2026-06-05T07:46:33Z,2026-06-05T09:46:33+0200,a4488497-2a44-4b02-8cf3-b5300ead3675,2026-05-06T07:45:00Z,2026-05-06T09:45:00+0200,110.99,EUR/MWh,FR,FR,day_ahead_price,value,2026-06-05T07:47:19Z
2026-06-05T07:46:33Z,2026-06-05T09:46:33+0200,a4488497-2a44-4b02-8cf3-b5300ead3675,2026-05-06T08:00:00Z,2026-05-06T10:00:00+0200,123.3,EUR/MWh,FR,FR,day_ahead_price,value,2026-06-05T07:47:19Z
2026-06-05T07:46:33Z,2026-06-05T09:46:33+0200,a4488497-2a44-4b02-8cf3-b5300ead3675,2026-05-06T08:15:00Z,2026-05-06T10:15:00+0200,114.67,EUR/MWh,FR,FR,day_ahead_price,value,2026-06-05T07:47:19Z
2026-06-05T07:46:33Z,2026-06-05T09:46:33+0200,a4488497-2a44-4b02-8cf3-b5300ead3675,2026-05-06T08:30:00Z,2026-05-06T10:30:00+0200,111.15,EUR/MWh,FR,FR,day_ahead_price,value,2026-06-05T07:47:19Z
2026-06-05T07:46:33Z,2026-06-05T09:46:33+0200,a4488497-2a44-4b02-8cf3-b5300ead3675,2026-05-06T08:45:00Z,2026-05-06T10:45:00+0200,94.99,EUR/MWh,FR,FR,day_ahead_price,value,2026-06-05T07:47:19Z
2026-06-05T07:46:33Z,2026-06-05T09:46:33+0200,a4488497-2a44-4b02-8cf3-b5300ead3675,2026-05-06T09:00:00Z,2026-05-06T11:00:00+0200,118.53,EUR/MWh,FR,FR,day_ahead_price,value,2026-06-05T07:47:19Z
2026-06-05T07:46:33Z,2026-06-05T09:46:33+0200,a4488497-2a44-4b02-8cf3-b5300ead3675,2026-05-06T09:15:00Z,2026-05-06T11:15:00+0200,106.41,EUR/MWh,FR,FR,day_ahead_price,value,2026-06-05T07:47:19Z
2026-06-05T07:46:33Z,2026-06-05T09:46:33+0200,a4488497-2a44-4b02-8cf3-b5300ead3675,2026-05-06T09:30:00Z,2026-05-06T11:30:00+0200,107.06,EUR/MWh,FR,FR,day_ahead_price,value,2026-06-05T07:47:19Z
2026-06-05T07:46:33Z,2026-06-05T09:46:33+0200,a4488497-2a44-4b02-8cf3-b5300ead3675,2026-05-06T09:45:00Z,2026-05-06T11:45:00+0200,110.76,EUR/MWh,FR,FR,day_ahead_price,value,2026-06-05T07:47:19Z
2026-06-05T07:46:33Z,2026-06-05T09:46:33+0200,a4488497-2a44-4b02-8cf3-b5300ead3675,2026-05-06T10:00:00Z,2026-05-06T12:00:00+0200,103.16,EUR/MWh,FR,FR,day_ahead_price,value,2026-06-05T07:47:19Z
2026-06-05T07:46:33Z,2026-06-05T09:46:33+0200,a4488497-2a44-4b02-8cf3-b5300ead3675,2026-05-06T10:15:00Z,2026-05-06T12:15:00+0200,104.94,EUR/MWh,FR,FR,day_ahead_price,value,2026-06-05T07:47:19Z
2026-06-05T07:46:33Z,2026-06-05T09:46:33+0200,a4488497-2a44-4b02-8cf3-b5300ead3675,2026-05-06T10:30:00Z,2026-05-06T12:30:00+0200,112.34,EUR/MWh,FR,FR,day_ahead_price,value,2026-06-05T07:47:19Z
2026-06-05T07:46:33Z,2026-06-05T09:46:33+0200,a4488497-2a44-4b02-8cf3-b5300ead3675,2026-05-06T10:45:00Z,2026-05-06T12:45:00+0200,107.01,EUR/MWh,FR,FR,day_ahead_price,value,2026-06-05T07:47:19Z
2026-06-05T07:46:33Z,2026-06-05T09:46:33+0200,a4488497-2a44-4b02-8cf3-b5300ead3675,2026-05-06T11:00:00Z,2026-05-06T13:00:00+0200,101.58,EUR/MWh,FR,FR,day_ahead_price,value,2026-06-05T07:47:19Z
2026-06-05T07:46:33Z,2026-06-05T09:46:33+0200,a4488497-2a44-4b02-8cf3-b5300ead3675,2026-05-06T11:15:00Z,2026-05-06T13:15:00+0200,92.57,EUR/MWh,FR,FR,day_ahead_price,value,2026-06-05T07:47:19Z
2026-06-05T07:46:33Z,2026-06-05T09:46:33+0200,a4488497-2a44-4b02-8cf3-b5300ead3675,2026-05-06T11:30:00Z,2026-05-06T13:30:00+0200,81.44,EUR/MWh,FR,FR,day_ahead_price,value,2026-06-05T07:47:19Z
2026-06-05T07:46:33Z,2026-06-05T09:46:33+0200,a4488497-2a44-4b02-8cf3-b5300ead3675,2026-05-06T11:45:00Z,2026-05-06T13:45:00+0200,85.0,EUR/MWh,FR,FR,day_ahead_price,value,2026-06-05T07:47:19Z
2026-06-05T07:46:33Z,2026-06-05T09:46:33+0200,a4488497-2a44-4b02-8cf3-b5300ead3675,2026-05-06T12:00:00Z,2026-05-06T14:00:00+0200,88.98,EUR/MWh,FR,FR,day_ahead_price,value,2026-06-05T07:47:19Z
2026-06-05T07:46:33Z,2026-06-05T09:46:33+0200,a4488497-2a44-4b02-8cf3-b5300ead3675,2026-05-06T12:15:00Z,2026-05-06T14:15:00+0200,89.69,EUR/MWh,FR,FR,day_ahead_price,value,2026-06-05T07:47:19Z
2026-06-05T07:46:33Z,2026-06-05T09:46:33+0200,a4488497-2a44-4b02-8cf3-b5300ead3675,2026-05-06T12:30:00Z,2026-05-06T14:30:00+0200,91.48,EUR/MWh,FR,FR,day_ahead_price,value,2026-06-05T07:47:19Z
2026-06-05T07:46:33Z,2026-06-05T09:46:33+0200,a4488497-2a44-4b02-8cf3-b5300ead3675,2026-05-06T12:45:00Z,2026-05-06T14:45:00+0200,97.85,EUR/MWh,FR,FR,day_ahead_price,value,2026-06-05T07:47:19Z
2026-06-05T07:46:33Z,2026-06-05T09:46:33+0200,a4488497-2a44-4b02-8cf3-b5300ead3675,2026-05-06T13:00:00Z,2026-05-06T15:00:00+0200,103.91,EUR/MWh,FR,FR,day_ahead_price,value,2026-06-05T07:47:19Z
2026-06-05T07:46:33Z,2026-06-05T09:46:33+0200,a4488497-2a44-4b02-8cf3-b5300ead3675,2026-05-06T13:15:00Z,2026-05-06T15:15:00+0200,95.33,EUR/MWh,FR,FR,day_ahead_price,value,2026-06-05T07:47:19Z
2026-06-05T07:46:33Z,2026-06-05T09:46:33+0200,a4488497-2a44-4b02-8cf3-b5300ead3675,2026-05-06T13:30:00Z,2026-05-06T15:30:00+0200,88.37,EUR/MWh,FR,FR,day_ahead_price,value,2026-06-05T07:47:19Z
2026-06-05T07:46:33Z,2026-06-05T09:46:33+0200,a4488497-2a44-4b02-8cf3-b5300ead3675,2026-05-06T13:45:00Z,2026-05-06T15:45:00+0200,83.22,EUR/MWh,FR,FR,day_ahead_price,value,2026-06-05T07:47:19Z
2026-06-05T07:46:33Z,2026-06-05T09:46:33+0200,a4488497-2a44-4b02-8cf3-b5300ead3675,2026-05-06T14:00:00Z,2026-05-06T16:00:00+0200,77.25,EUR/MWh,FR,FR,day_ahead_price,value,2026-06-05T07:47:19Z
2026-06-05T07:46:33Z,2026-06-05T09:46:33+0200,a4488497-2a44-4b02-8cf3-b5300ead3675,2026-05-06T14:15:00Z,2026-05-06T16:15:00+0200,90.62,EUR/MWh,FR,FR,day_ahead_price,value,2026-06-05T07:47:19Z
2026-06-05T07:46:33Z,2026-06-05T09:46:33+0200,a4488497-2a44-4b02-8cf3-b5300ead3675,2026-05-06T14:30:00Z,2026-05-06T16:30:00+0200,88.59,EUR/MWh,FR,FR,day_ahead_price,value,2026-06-05T07:47:19Z
2026-06-05T07:46:33Z,2026-06-05T09:46:33+0200,a4488497-2a44-4b02-8cf3-b5300ead3675,2026-05-06T14:45:00Z,2026-05-06T16:45:00+0200,89.53,EUR/MWh,FR,FR,day_ahead_price,value,2026-06-05T07:47:19Z
2026-06-05T07:46:33Z,2026-06-05T09:46:33+0200,a4488497-2a44-4b02-8cf3-b5300ead3675,2026-05-06T15:00:00Z,2026-05-06T17:00:00+0200,71.64,EUR/MWh,FR,FR,day_ahead_price,value,2026-06-05T07:47:19Z
2026-06-05T07:46:33Z,2026-06-05T09:46:33+0200,a4488497-2a44-4b02-8cf3-b5300ead3675,2026-05-06T15:15:00Z,2026-05-06T17:15:00+0200,87.68,EUR/MWh,FR,FR,day_ahead_price,value,2026-06-05T07:47:19Z
2026-06-05T07:46:33Z,2026-06-05T09:46:33+0200,a4488497-2a44-4b02-8cf3-b5300ead3675,2026-05-06T15:30:00Z,2026-05-06T17:30:00+0200,60.78,EUR/MWh,FR,FR,day_ahead_price,value,2026-06-05T07:47:19Z
2026-06-05T07:46:33Z,2026-06-05T09:46:33+0200,a4488497-2a44-4b02-8cf3-b5300ead3675,2026-05-06T15:45:00Z,2026-05-06T17:45:00+0200,96.38,EUR/MWh,FR,FR,day_ahead_price,value,2026-06-05T07:47:19Z
2026-06-05T07:46:33Z,2026-06-05T09:46:33+0200,a4488497-2a44-4b02-8cf3-b5300ead3675,2026-05-06T16:00:00Z,2026-05-06T18:00:00+0200,87.46,EUR/MWh,FR,FR,day_ahead_price,value,2026-06-05T07:47:19Z
2026-06-05T07:46:33Z,2026-06-05T09:46:33+0200,a4488497-2a44-4b02-8cf3-b5300ead3675,2026-05-06T16:15:00Z,2026-05-06T18:15:00+0200,129.04,EUR/MWh,FR,FR,day_ahead_price,value,2026-06-05T07:47:19Z
2026-06-05T07:46:33Z,2026-06-05T09:46:33+0200,a4488497-2a44-4b02-8cf3-b5300ead3675,2026-05-06T16:30:00Z,2026-05-06T18:30:00+0200,99.78,EUR/MWh,FR,FR,day_ahead_price,value,2026-06-05T07:47:19Z
2026-06-05T07:46:33Z,2026-06-05T09:46:33+0200,a4488497-2a44-4b02-8cf3-b5300ead3675,2026-05-06T16:45:00Z,2026-05-06T18:45:00+0200,155.0,EUR/MWh,FR,FR,day_ahead_price,value,2026-06-05T07:47:19Z
2026-06-05T07:46:33Z,2026-06-05T09:46:33+0200,a4488497-2a44-4b02-8cf3-b5300ead3675,2026-05-06T17:00:00Z,2026-05-06T19:00:00+0200,135.56,EUR/MWh,FR,FR,day_ahead_price,value,2026-06-05T07:47:19Z
2026-06-05T07:46:33Z,2026-06-05T09:46:33+0200,a4488497-2a44-4b02-8cf3-b5300ead3675,2026-05-06T17:15:00Z,2026-05-06T19:15:00+0200,150.01,EUR/MWh,FR,FR,day_ahead_price,value,2026-06-05T07:47:19Z
2026-06-05T07:46:33Z,2026-06-05T09:46:33+0200,a4488497-2a44-4b02-8cf3-b5300ead3675,2026-05-06T17:30:00Z,2026-05-06T19:30:00+0200,157.24,EUR/MWh,FR,FR,day_ahead_price,value,2026-06-05T07:47:19Z
2026-06-05T07:46:33Z,2026-06-05T09:46:33+0200,a4488497-2a44-4b02-8cf3-b5300ead3675,2026-05-06T17:45:00Z,2026-05-06T19:45:00+0200,170.42,EUR/MWh,FR,FR,day_ahead_price,value,2026-06-05T07:47:19Z
2026-06-05T07:46:33Z,2026-06-05T09:46:33+0200,a4488497-2a44-4b02-8cf3-b5300ead3675,2026-05-06T18:00:00Z,2026-05-06T20:00:00+0200,127.2,EUR/MWh,FR,FR,day_ahead_price,value,2026-06-05T07:47:19Z
2026-06-05T07:46:33Z,2026-06-05T09:46:33+0200,a4488497-2a44-4b02-8cf3-b5300ead3675,2026-05-06T18:15:00Z,2026-05-06T20:15:00+0200,151.87,EUR/MWh,FR,FR,day_ahead_price,value,2026-06-05T07:47:19Z
2026-06-05T07:46:33Z,2026-06-05T09:46:33+0200,a4488497-2a44-4b02-8cf3-b5300ead3675,2026-05-06T18:30:00Z,2026-05-06T20:30:00+0200,161.8,EUR/MWh,FR,FR,day_ahead_price,value,2026-06-05T07:47:19Z
2026-06-05T07:46:33Z,2026-06-05T09:46:33+0200,a4488497-2a44-4b02-8cf3-b5300ead3675,2026-05-06T18:45:00Z,2026-05-06T20:45:00+0200,170.67,EUR/MWh,FR,FR,day_ahead_price,value,2026-06-05T07:47:19Z
2026-06-05T07:46:33Z,2026-06-05T09:46:33+0200,a4488497-2a44-4b02-8cf3-b5300ead3675,2026-05-06T19:00:00Z,2026-05-06T21:00:00+0200,164.26,EUR/MWh,FR,FR,day_ahead_price,value,2026-06-05T07:47:19Z
2026-06-05T07:46:33Z,2026-06-05T09:46:33+0200,a4488497-2a44-4b02-8cf3-b5300ead3675,2026-05-06T19:15:00Z,2026-05-06T21:15:00+0200,162.3,EUR/MWh,FR,FR,day_ahead_price,value,2026-06-05T07:47:19Z
2026-06-05T07:46:33Z,2026-06-05T09:46:33+0200,a4488497-2a44-4b02-8cf3-b5300ead3675,2026-05-06T19:30:00Z,2026-05-06T21:30:00+0200,153.0,EUR/MWh,FR,FR,day_ahead_price,value,2026-06-05T07:47:19Z
2026-06-05T07:46:33Z,2026-06-05T09:46:33+0200,a4488497-2a44-4b02-8cf3-b5300ead3675,2026-05-06T19:45:00Z,2026-05-06T21:45:00+0200,139.42,EUR/MWh,FR,FR,day_ahead_price,value,2026-06-05T07:47:19Z
2026-06-05T07:46:33Z,2026-06-05T09:46:33+0200,a4488497-2a44-4b02-8cf3-b5300ead3675,2026-05-06T20:00:00Z,2026-05-06T22:00:00+0200,155.83,EUR/MWh,FR,FR,day_ahead_price,value,2026-06-05T07:47:19Z
2026-06-05T07:46:33Z,2026-06-05T09:46:33+0200,a4488497-2a44-4b02-8cf3-b5300ead3675,2026-05-06T20:15:00Z,2026-05-06T22:15:00+0200,148.44,EUR/MWh,FR,FR,day_ahead_price,value,2026-06-05T07:47:19Z
2026-06-05T07:46:33Z,2026-06-05T09:46:33+0200,a4488497-2a44-4b02-8cf3-b5300ead3675,2026-05-06T20:30:00Z,2026-05-06T22:30:00+0200,141.07,EUR/MWh,FR,FR,day_ahead_price,value,2026-06-05T07:47:19Z
2026-06-05T07:46:33Z,2026-06-05T09:46:33+0200,a4488497-2a44-4b02-8cf3-b5300ead3675,2026-05-06T20:45:00Z,2026-05-06T22:45:00+0200,130.66,EUR/MWh,FR,FR,day_ahead_price,value,2026-06-05T07:47:19Z
2026-06-05T07:46:33Z,2026-06-05T09:46:33+0200,a4488497-2a44-4b02-8cf3-b5300ead3675,2026-05-06T21:00:00Z,2026-05-06T23:00:00+0200,137.85,EUR/MWh,FR,FR,day_ahead_price,value,2026-06-05T07:47:19Z
2026-06-05T07:46:33Z,2026-06-05T09:46:33+0200,a4488497-2a44-4b02-8cf3-b5300ead3675,2026-05-06T21:15:00Z,2026-05-06T23:15:00+0200,130.52,EUR/MWh,FR,FR,day_ahead_price,value,2026-06-05T07:47:19Z
2026-06-05T07:46:33Z,2026-06-05T09:46:33+0200,a4488497-2a44-4b02-8cf3-b5300ead3675,2026-05-06T21:30:00Z,2026-05-06T23:30:00+0200,126.92,EUR/MWh,FR,FR,day_ahead_price,value,2026-06-05T07:47:19Z
2026-06-05T07:46:33Z,2026-06-05T09:46:33+0200,a4488497-2a44-4b02-8cf3-b5300ead3675,2026-05-06T21:45:00Z,2026-05-06T23:45:00+0200,120.93,EUR/MWh,FR,FR,day_ahead_price,value,2026-06-05T07:47:19Z
2026-06-05T07:46:33Z,2026-06-05T09:46:33+0200,a4488497-2a44-4b02-8cf3-b5300ead3675,2026-05-06T22:00:00Z,2026-05-07T00:00:00+0200,132.74,EUR/MWh,FR,FR,day_ahead_price,value,2026-06-05T07:47:19Z
2026-06-05T07:46:33Z,2026-06-05T09:46:33+0200,a4488497-2a44-4b02-8cf3-b5300ead3675,2026-05-06T22:15:00Z,2026-05-07T00:15:00+0200,126.0,EUR/MWh,FR,FR,day_ahead_price,value,2026-06-05T07:47:19Z
2026-06-05T07:46:33Z,2026-06-05T09:46:33+0200,a4488497-2a44-4b02-8cf3-b5300ead3675,2026-05-06T22:30:00Z,2026-05-07T00:30:00+0200,123.09,EUR/MWh,FR,FR,day_ahead_price,value,2026-06-05T07:47:19Z
2026-06-05T07:46:33Z,2026-06-05T09:46:33+0200,a4488497-2a44-4b02-8cf3-b5300ead3675,2026-05-06T22:45:00Z,2026-05-07T00:45:00+0200,118.99,EUR/MWh,FR,FR,day_ahead_price,value,2026-06-05T07:47:19Z
2026-06-05T07:46:33Z,2026-06-05T09:46:33+0200,a4488497-2a44-4b02-8cf3-b5300ead3675,2026-05-06T23:00:00Z,2026-05-07T01:00:00+0200,118.17,EUR/MWh,FR,FR,day_ahead_price,value,2026-06-05T07:47:19Z
2026-06-05T07:46:33Z,2026-06-05T09:46:33+0200,a4488497-2a44-4b02-8cf3-b5300ead3675,2026-05-06T23:15:00Z,2026-05-07T01:15:00+0200,116.5,EUR/MWh,FR,FR,day_ahead_price,value,2026-06-05T07:47:19Z
2026-06-05T07:46:33Z,2026-06-05T09:46:33+0200,a4488497-2a44-4b02-8cf3-b5300ead3675,2026-05-06T23:30:00Z,2026-05-07T01:30:00+0200,116.02,EUR/MWh,FR,FR,day_ahead_price,value,2026-06-05T07:47:19Z
2026-06-05T07:46:33Z,2026-06-05T09:46:33+0200,a4488497-2a44-4b02-8cf3-b5300ead3675,2026-05-06T23:45:00Z,2026-05-07T01:45:00+0200,115.3,EUR/MWh,FR,FR,day_ahead_price,value,2026-06-05T07:47:19Z
2026-06-05T07:46:33Z,2026-06-05T09:46:33+0200,a4488497-2a44-4b02-8cf3-b5300ead3675,2026-05-07T00:00:00Z,2026-05-07T02:00:00+0200,114.48,EUR/MWh,FR,FR,day_ahead_price,value,2026-06-05T07:47:19Z
2026-06-05T07:46:33Z,2026-06-05T09:46:33+0200,a4488497-2a44-4b02-8cf3-b5300ead3675,2026-05-07T00:15:00Z,2026-05-07T02:15:00+0200,113.63,EUR/MWh,FR,FR,day_ahead_price,value,2026-06-05T07:47:19Z
2026-06-05T07:46:33Z,2026-06-05T09:46:33+0200,a4488497-2a44-4b02-8cf3-b5300ead3675,2026-05-07T00:30:00Z,2026-05-07T02:30:00+0200,114.23,EUR/MWh,FR,FR,day_ahead_price,value,2026-06-05T07:47:19Z
2026-06-05T07:46:33Z,2026-06-05T09:46:33+0200,a4488497-2a44-4b02-8cf3-b5300ead3675,2026-05-07T00:45:00Z,2026-05-07T02:45:00+0200,113.02,EUR/MWh,FR,FR,day_ahead_price,value,2026-06-05T07:47:19Z
2026-06-05T07:46:33Z,2026-06-05T09:46:33+0200,a4488497-2a44-4b02-8cf3-b5300ead3675,2026-05-07T01:00:00Z,2026-05-07T03:00:00+0200,111.18,EUR/MWh,FR,FR,day_ahead_price,value,2026-06-05T07:47:19Z
2026-06-05T07:46:33Z,2026-06-05T09:46:33+0200,a4488497-2a44-4b02-8cf3-b5300ead3675,2026-05-07T01:15:00Z,2026-05-07T03:15:00+0200,108.68,EUR/MWh,FR,FR,day_ahead_price,value,2026-06-05T07:47:19Z
2026-06-05T07:46:33Z,2026-06-05T09:46:33+0200,a4488497-2a44-4b02-8cf3-b5300ead3675,2026-05-07T01:30:00Z,2026-05-07T03:30:00+0200,107.0,EUR/MWh,FR,FR,day_ahead_price,value,2026-06-05T07:47:19Z
2026-06-05T07:46:33Z,2026-06-05T09:46:33+0200,a4488497-2a44-4b02-8cf3-b5300ead3675,2026-05-07T01:45:00Z,2026-05-07T03:45:00+0200,108.2,EUR/MWh,FR,FR,day_ahead_price,value,2026-06-05T07:47:19Z
2026-06-05T07:46:33Z,2026-06-05T09:46:33+0200,a4488497-2a44-4b02-8cf3-b5300ead3675,2026-05-07T02:00:00Z,2026-05-07T04:00:00+0200,106.76,EUR/MWh,FR,FR,day_ahead_price,value,2026-06-05T07:47:19Z
2026-06-05T07:46:33Z,2026-06-05T09:46:33+0200,a4488497-2a44-4b02-8cf3-b5300ead3675,2026-05-07T02:15:00Z,2026-05-07T04:15:00+0200,107.0,EUR/MWh,FR,FR,day_ahead_price,value,2026-06-05T07:47:19Z
2026-06-05T07:46:33Z,2026-06-05T09:46:33+0200,a4488497-2a44-4b02-8cf3-b5300ead3675,2026-05-07T02:30:00Z,2026-05-07T04:30:00+0200,108.72,EUR/MWh,FR,FR,day_ahead_price,value,2026-06-05T07:47:19Z
2026-06-05T07:46:33Z,2026-06-05T09:46:33+0200,a4488497-2a44-4b02-8cf3-b5300ead3675,2026-05-07T02:45:00Z,2026-05-07T04:45:00+0200,110.0,EUR/MWh,FR,FR,day_ahead_price,value,2026-06-05T07:47:19Z
2026-06-05T07:46:33Z,2026-06-05T09:46:33+0200,a4488497-2a44-4b02-8cf3-b5300ead3675,2026-05-07T03:00:00Z,2026-05-07T05:00:00+0200,111.8,EUR/MWh,FR,FR,day_ahead_price,value,2026-06-05T07:47:19Z
2026-06-05T07:46:33Z,2026-06-05T09:46:33+0200,a4488497-2a44-4b02-8cf3-b5300ead3675,2026-05-07T03:15:00Z,2026-05-07T05:15:00+0200,114.23,EUR/MWh,FR,FR,day_ahead_price,value,2026-06-05T07:47:19Z
2026-06-05T07:46:33Z,2026-06-05T09:46:33+0200,a4488497-2a44-4b02-8cf3-b5300ead3675,2026-05-07T03:30:00Z,2026-05-07T05:30:00+0200,115.54,EUR/MWh,FR,FR,day_ahead_price,value,2026-06-05T07:47:19Z
2026-06-05T07:46:33Z,2026-06-05T09:46:33+0200,a4488497-2a44-4b02-8cf3-b5300ead3675,2026-05-07T03:45:00Z,2026-05-07T05:45:00+0200,117.75,EUR/MWh,FR,FR,day_ahead_price,value,2026-06-05T07:47:19Z
2026-06-05T07:46:33Z,2026-06-05T09:46:33+0200,a4488497-2a44-4b02-8cf3-b5300ead3675,2026-05-07T04:00:00Z,2026-05-07T06:00:00+0200,117.35,EUR/MWh,FR,FR,day_ahead_price,value,2026-06-05T07:47:19Z
2026-06-05T07:46:33Z,2026-06-05T09:46:33+0200,a4488497-2a44-4b02-8cf3-b5300ead3675,2026-05-07T04:15:00Z,2026-05-07T06:15:00+0200,119.86,EUR/MWh,FR,FR,day_ahead_price,value,2026-06-05T07:47:19Z
2026-06-05T07:46:33Z,2026-06-05T09:46:33+0200,a4488497-2a44-4b02-8cf3-b5300ead3675,2026-05-07T04:30:00Z,2026-05-07T06:30:00+0200,126.35,EUR/MWh,FR,FR,day_ahead_price,value,2026-06-05T07:47:19Z
2026-06-05T07:46:33Z,2026-06-05T09:46:33+0200,a4488497-2a44-4b02-8cf3-b5300ead3675,2026-05-07T04:45:00Z,2026-05-07T06:45:00+0200,130.54,EUR/MWh,FR,FR,day_ahead_price,value,2026-06-05T07:47:19Z
2026-06-05T07:46:33Z,2026-06-05T09:46:33+0200,a4488497-2a44-4b02-8cf3-b5300ead3675,2026-05-07T05:00:00Z,2026-05-07T07:00:00+0200,135.85,EUR/MWh,FR,FR,day_ahead_price,value,2026-06-05T07:47:19Z
2026-06-05T07:46:33Z,2026-06-05T09:46:33+0200,a4488497-2a44-4b02-8cf3-b5300ead3675,2026-05-07T05:15:00Z,2026-05-07T07:15:00+0200,135.85,EUR/MWh,FR,FR,day_ahead_price,value,2026-06-05T07:47:19Z
2026-06-05T07:46:33Z,2026-06-05T09:46:33+0200,a4488497-2a44-4b02-8cf3-b5300ead3675,2026-05-07T05:30:00Z,2026-05-07T07:30:00+0200,135.85,EUR/MWh,FR,FR,day_ahead_price,value,2026-06-05T07:47:19Z
2026-06-05T07:46:33Z,2026-06-05T09:46:33+0200,a4488497-2a44-4b02-8cf3-b5300ead3675,2026-05-07T05:45:00Z,2026-05-07T07:45:00+0200,130.61,EUR/MWh,FR,FR,day_ahead_price,value,2026-06-05T07:47:19Z
2026-06-05T07:46:33Z,2026-06-05T09:46:33+0200,a4488497-2a44-4b02-8cf3-b5300ead3675,2026-05-07T06:00:00Z,2026-05-07T08:00:00+0200,186.15,EUR/MWh,FR,FR,day_ahead_price,value,2026-06-05T07:47:19Z
2026-06-05T07:46:33Z,2026-06-05T09:46:33+0200,a4488497-2a44-4b02-8cf3-b5300ead3675,2026-05-07T06:15:00Z,2026-05-07T08:15:00+0200,135.3,EUR/MWh,FR,FR,day_ahead_price,value,2026-06-05T07:47:19Z
2026-06-05T07:46:33Z,2026-06-05T09:46:33+0200,a4488497-2a44-4b02-8cf3-b5300ead3675,2026-05-07T06:30:00Z,2026-05-07T08:30:00+0200,148.93,EUR/MWh,FR,FR,day_ahead_price,value,2026-06-05T07:47:19Z
2026-06-05T07:46:33Z,2026-06-05T09:46:33+0200,a4488497-2a44-4b02-8cf3-b5300ead3675,2026-05-07T06:45:00Z,2026-05-07T08:45:00+0200,110.2,EUR/MWh,FR,FR,day_ahead_price,value,2026-06-05T07:47:19Z
2026-06-05T07:46:33Z,2026-06-05T09:46:33+0200,a4488497-2a44-4b02-8cf3-b5300ead3675,2026-05-07T07:00:00Z,2026-05-07T09:00:00+0200,132.65,EUR/MWh,FR,FR,day_ahead_price,value,2026-06-05T07:47:19Z
2026-06-05T07:46:33Z,2026-06-05T09:46:33+0200,a4488497-2a44-4b02-8cf3-b5300ead3675,2026-05-07T07:15:00Z,2026-05-07T09:15:00+0200,95.25,EUR/MWh,FR,FR,day_ahead_price,value,2026-06-05T07:47:19Z
2026-06-05T07:46:33Z,2026-06-05T09:46:33+0200,a4488497-2a44-4b02-8cf3-b5300ead3675,2026-05-07T07:30:00Z,2026-05-07T09:30:00+0200,87.4,EUR/MWh,FR,FR,day_ahead_price,value,2026-06-05T07:47:19Z
2026-06-05T07:46:33Z,2026-06-05T09:46:33+0200,a4488497-2a44-4b02-8cf3-b5300ead3675,2026-05-07T07:45:00Z,2026-05-07T09:45:00+0200,70.0,EUR/MWh,FR,FR,day_ahead_price,value,2026-06-05T07:47:19Z
2026-06-05T07:46:33Z,2026-06-05T09:46:33+0200,a4488497-2a44-4b02-8cf3-b5300ead3675,2026-05-07T08:00:00Z,2026-05-07T10:00:00+0200,103.73,EUR/MWh,FR,FR,day_ahead_price,value,2026-06-05T07:47:19Z
2026-06-05T07:46:33Z,2026-06-05T09:46:33+0200,a4488497-2a44-4b02-8cf3-b5300ead3675,2026-05-07T08:15:00Z,2026-05-07T10:15:00+0200,54.39,EUR/MWh,FR,FR,day_ahead_price,value,2026-06-05T07:47:19Z
2026-06-05T07:46:33Z,2026-06-05T09:46:33+0200,a4488497-2a44-4b02-8cf3-b5300ead3675,2026-05-07T08:30:00Z,2026-05-07T10:30:00+0200,57.33,EUR/MWh,FR,FR,day_ahead_price,value,2026-06-05T07:47:19Z
2026-06-05T07:46:33Z,2026-06-05T09:46:33+0200,a4488497-2a44-4b02-8cf3-b5300ead3675,2026-05-07T08:45:00Z,2026-05-07T10:45:00+0200,29.54,EUR/MWh,FR,FR,day_ahead_price,value,2026-06-05T07:47:19Z
2026-06-05T07:46:33Z,2026-06-05T09:46:33+0200,a4488497-2a44-4b02-8cf3-b5300ead3675,2026-05-07T09:00:00Z,2026-05-07T11:00:00+0200,75.32,EUR/MWh,FR,FR,day_ahead_price,value,2026-06-05T07:47:19Z
2026-06-05T07:46:33Z,2026-06-05T09:46:33+0200,a4488497-2a44-4b02-8cf3-b5300ead3675,2026-05-07T09:15:00Z,2026-05-07T11:15:00+0200,61.47,EUR/MWh,FR,FR,day_ahead_price,value,2026-06-05T07:47:19Z
2026-06-05T07:46:33Z,2026-06-05T09:46:33+0200,a4488497-2a44-4b02-8cf3-b5300ead3675,2026-05-07T09:30:00Z,2026-05-07T11:30:00+0200,58.52,EUR/MWh,FR,FR,day_ahead_price,value,2026-06-05T07:47:19Z
2026-06-05T07:46:33Z,2026-06-05T09:46:33+0200,a4488497-2a44-4b02-8cf3-b5300ead3675,2026-05-07T09:45:00Z,2026-05-07T11:45:00+0200,38.31,EUR/MWh,FR,FR,day_ahead_price,value,2026-06-05T07:47:19Z
2026-06-05T07:46:33Z,2026-06-05T09:46:33+0200,a4488497-2a44-4b02-8cf3-b5300ead3675,2026-05-07T10:00:00Z,2026-05-07T12:00:00+0200,76.64,EUR/MWh,FR,FR,day_ahead_price,value,2026-06-05T07:47:19Z
2026-06-05T07:46:33Z,2026-06-05T09:46:33+0200,a4488497-2a44-4b02-8cf3-b5300ead3675,2026-05-07T10:15:00Z,2026-05-07T12:15:00+0200,50.03,EUR/MWh,FR,FR,day_ahead_price,value,2026-06-05T07:47:19Z
2026-06-05T07:46:33Z,2026-06-05T09:46:33+0200,a4488497-2a44-4b02-8cf3-b5300ead3675,2026-05-07T10:30:00Z,2026-05-07T12:30:00+0200,59.3,EUR/MWh,FR,FR,day_ahead_price,value,2026-06-05T07:47:19Z
2026-06-05T07:46:33Z,2026-06-05T09:46:33+0200,a4488497-2a44-4b02-8cf3-b5300ead3675,2026-05-07T10:45:00Z,2026-05-07T12:45:00+0200,26.83,EUR/MWh,FR,FR,day_ahead_price,value,2026-06-05T07:47:19Z
2026-06-05T07:46:33Z,2026-06-05T09:46:33+0200,a4488497-2a44-4b02-8cf3-b5300ead3675,2026-05-07T11:00:00Z,2026-05-07T13:00:00+0200,59.8,EUR/MWh,FR,FR,day_ahead_price,value,2026-06-05T07:47:19Z
2026-06-05T07:46:33Z,2026-06-05T09:46:33+0200,a4488497-2a44-4b02-8cf3-b5300ead3675,2026-05-07T11:15:00Z,2026-05-07T13:15:00+0200,44.17,EUR/MWh,FR,FR,day_ahead_price,value,2026-06-05T07:47:19Z
2026-06-05T07:46:33Z,2026-06-05T09:46:33+0200,a4488497-2a44-4b02-8cf3-b5300ead3675,2026-05-07T11:30:00Z,2026-05-07T13:30:00+0200,25.2,EUR/MWh,FR,FR,day_ahead_price,value,2026-06-05T07:47:19Z
2026-06-05T07:46:33Z,2026-06-05T09:46:33+0200,a4488497-2a44-4b02-8cf3-b5300ead3675,2026-05-07T11:45:00Z,2026-05-07T13:45:00+0200,20.49,EUR/MWh,FR,FR,day_ahead_price,value,2026-06-05T07:47:19Z
2026-06-05T07:46:33Z,2026-06-05T09:46:33+0200,a4488497-2a44-4b02-8cf3-b5300ead3675,2026-05-07T12:00:00Z,2026-05-07T14:00:00+0200,45.88,EUR/MWh,FR,FR,day_ahead_price,value,2026-06-05T07:47:19Z
2026-06-05T07:46:33Z,2026-06-05T09:46:33+0200,a4488497-2a44-4b02-8cf3-b5300ead3675,2026-05-07T12:15:00Z,2026-05-07T14:15:00+0200,43.46,EUR/MWh,FR,FR,day_ahead_price,value,2026-06-05T07:47:19Z
2026-06-05T07:46:33Z,2026-06-05T09:46:33+0200,a4488497-2a44-4b02-8cf3-b5300ead3675,2026-05-07T12:30:00Z,2026-05-07T14:30:00+0200,48.21,EUR/MWh,FR,FR,day_ahead_price,value,2026-06-05T07:47:19Z
2026-06-05T07:46:33Z,2026-06-05T09:46:33+0200,a4488497-2a44-4b02-8cf3-b5300ead3675,2026-05-07T12:45:00Z,2026-05-07T14:45:00+0200,45.56,EUR/MWh,FR,FR,day_ahead_price,value,2026-06-05T07:47:19Z
2026-06-05T07:46:33Z,2026-06-05T09:46:33+0200,a4488497-2a44-4b02-8cf3-b5300ead3675,2026-05-07T13:00:00Z,2026-05-07T15:00:00+0200,51.01,EUR/MWh,FR,FR,day_ahead_price,value,2026-06-05T07:47:19Z
2026-06-05T07:46:33Z,2026-06-05T09:46:33+0200,a4488497-2a44-4b02-8cf3-b5300ead3675,2026-05-07T13:15:00Z,2026-05-07T15:15:00+0200,48.01,EUR/MWh,FR,FR,day_ahead_price,value,2026-06-05T07:47:19Z
2026-06-05T07:46:33Z,2026-06-05T09:46:33+0200,a4488497-2a44-4b02-8cf3-b5300ead3675,2026-05-07T13:30:00Z,2026-05-07T15:30:00+0200,27.79,EUR/MWh,FR,FR,day_ahead_price,value,2026-06-05T07:47:19Z
2026-06-05T07:46:33Z,2026-06-05T09:46:33+0200,a4488497-2a44-4b02-8cf3-b5300ead3675,2026-05-07T13:45:00Z,2026-05-07T15:45:00+0200,36.28,EUR/MWh,FR,FR,day_ahead_price,value,2026-06-05T07:47:19Z
2026-06-05T07:46:33Z,2026-06-05T09:46:33+0200,a4488497-2a44-4b02-8cf3-b5300ead3675,2026-05-07T14:00:00Z,2026-05-07T16:00:00+0200,20.0,EUR/MWh,FR,FR,day_ahead_price,value,2026-06-05T07:47:19Z
2026-06-05T07:46:33Z,2026-06-05T09:46:33+0200,a4488497-2a44-4b02-8cf3-b5300ead3675,2026-05-07T14:15:00Z,2026-05-07T16:15:00+0200,26.01,EUR/MWh,FR,FR,day_ahead_price,value,2026-06-05T07:47:19Z
2026-06-05T07:46:33Z,2026-06-05T09:46:33+0200,a4488497-2a44-4b02-8cf3-b5300ead3675,2026-05-07T14:30:00Z,2026-05-07T16:30:00+0200,39.21,EUR/MWh,FR,FR,day_ahead_price,value,2026-06-05T07:47:19Z
2026-06-05T07:46:33Z,2026-06-05T09:46:33+0200,a4488497-2a44-4b02-8cf3-b5300ead3675,2026-05-07T14:45:00Z,2026-05-07T16:45:00+0200,67.82,EUR/MWh,FR,FR,day_ahead_price,value,2026-06-05T07:47:19Z
2026-06-05T07:46:33Z,2026-06-05T09:46:33+0200,a4488497-2a44-4b02-8cf3-b5300ead3675,2026-05-07T15:00:00Z,2026-05-07T17:00:00+0200,30.3,EUR/MWh,FR,FR,day_ahead_price,value,2026-06-05T07:47:19Z
2026-06-05T07:46:33Z,2026-06-05T09:46:33+0200,a4488497-2a44-4b02-8cf3-b5300ead3675,2026-05-07T15:15:00Z,2026-05-07T17:15:00+0200,43.88,EUR/MWh,FR,FR,day_ahead_price,value,2026-06-05T07:47:19Z
2026-06-05T07:46:33Z,2026-06-05T09:46:33+0200,a4488497-2a44-4b02-8cf3-b5300ead3675,2026-05-07T15:30:00Z,2026-05-07T17:30:00+0200,65.86,EUR/MWh,FR,FR,day_ahead_price,value,2026-06-05T07:47:19Z
2026-06-05T07:46:33Z,2026-06-05T09:46:33+0200,a4488497-2a44-4b02-8cf3-b5300ead3675,2026-05-07T15:45:00Z,2026-05-07T17:45:00+0200,74.82,EUR/MWh,FR,FR,day_ahead_price,value,2026-06-05T07:47:19Z
2026-06-05T07:46:33Z,2026-06-05T09:46:33+0200,a4488497-2a44-4b02-8cf3-b5300ead3675,2026-05-07T16:00:00Z,2026-05-07T18:00:00+0200,58.0,EUR/MWh,FR,FR,day_ahead_price,value,2026-06-05T07:47:19Z
2026-06-05T07:46:33Z,2026-06-05T09:46:33+0200,a4488497-2a44-4b02-8cf3-b5300ead3675,2026-05-07T16:15:00Z,2026-05-07T18:15:00+0200,96.64,EUR/MWh,FR,FR,day_ahead_price,value,2026-06-05T07:47:19Z
2026-06-05T07:46:33Z,2026-06-05T09:46:33+0200,a4488497-2a44-4b02-8cf3-b5300ead3675,2026-05-07T16:30:00Z,2026-05-07T18:30:00+0200,113.51,EUR/MWh,FR,FR,day_ahead_price,value,2026-06-05T07:47:19Z
2026-06-05T07:46:33Z,2026-06-05T09:46:33+0200,a4488497-2a44-4b02-8cf3-b5300ead3675,2026-05-07T16:45:00Z,2026-05-07T18:45:00+0200,124.06,EUR/MWh,FR,FR,day_ahead_price,value,2026-06-05T07:47:19Z
2026-06-05T07:46:33Z,2026-06-05T09:46:33+0200,a4488497-2a44-4b02-8cf3-b5300ead3675,2026-05-07T17:00:00Z,2026-05-07T19:00:00+0200,77.52,EUR/MWh,FR,FR,day_ahead_price,value,2026-06-05T07:47:19Z
2026-06-05T07:46:33Z,2026-06-05T09:46:33+0200,a4488497-2a44-4b02-8cf3-b5300ead3675,2026-05-07T17:15:00Z,2026-05-07T19:15:00+0200,116.6,EUR/MWh,FR,FR,day_ahead_price,value,2026-06-05T07:47:19Z
2026-06-05T07:46:33Z,2026-06-05T09:46:33+0200,a4488497-2a44-4b02-8cf3-b5300ead3675,2026-05-07T17:30:00Z,2026-05-07T19:30:00+0200,188.89,EUR/MWh,FR,FR,day_ahead_price,value,2026-06-05T07:47:19Z
2026-06-05T07:46:33Z,2026-06-05T09:46:33+0200,a4488497-2a44-4b02-8cf3-b5300ead3675,2026-05-07T17:45:00Z,2026-05-07T19:45:00+0200,206.03,EUR/MWh,FR,FR,day_ahead_price,value,2026-06-05T07:47:19Z
2026-06-05T07:46:33Z,2026-06-05T09:46:33+0200,a4488497-2a44-4b02-8cf3-b5300ead3675,2026-05-07T18:00:00Z,2026-05-07T20:00:00+0200,118.22,EUR/MWh,FR,FR,day_ahead_price,value,2026-06-05T07:47:19Z
2026-06-05T07:46:33Z,2026-06-05T09:46:33+0200,a4488497-2a44-4b02-8cf3-b5300ead3675,2026-05-07T18:15:00Z,2026-05-07T20:15:00+0200,129.36,EUR/MWh,FR,FR,day_ahead_price,value,2026-06-05T07:47:19Z
2026-06-05T07:46:33Z,2026-06-05T09:46:33+0200,a4488497-2a44-4b02-8cf3-b5300ead3675,2026-05-07T18:30:00Z,2026-05-07T20:30:00+0200,130.05,EUR/MWh,FR,FR,day_ahead_price,value,2026-06-05T07:47:19Z
2026-06-05T07:46:33Z,2026-06-05T09:46:33+0200,a4488497-2a44-4b02-8cf3-b5300ead3675,2026-05-07T18:45:00Z,2026-05-07T20:45:00+0200,136.45,EUR/MWh,FR,FR,day_ahead_price,value,2026-06-05T07:47:19Z
2026-06-05T07:46:33Z,2026-06-05T09:46:33+0200,a4488497-2a44-4b02-8cf3-b5300ead3675,2026-05-07T19:00:00Z,2026-05-07T21:00:00+0200,140.33,EUR/MWh,FR,FR,day_ahead_price,value,2026-06-05T07:47:19Z
2026-06-05T07:46:33Z,2026-06-05T09:46:33+0200,a4488497-2a44-4b02-8cf3-b5300ead3675,2026-05-07T19:15:00Z,2026-05-07T21:15:00+0200,144.2,EUR/MWh,FR,FR,day_ahead_price,value,2026-06-05T07:47:19Z
2026-06-05T07:46:33Z,2026-06-05T09:46:33+0200,a4488497-2a44-4b02-8cf3-b5300ead3675,2026-05-07T19:30:00Z,2026-05-07T21:30:00+0200,155.63,EUR/MWh,FR,FR,day_ahead_price,value,2026-06-05T07:47:19Z
2026-06-05T07:46:33Z,2026-06-05T09:46:33+0200,a4488497-2a44-4b02-8cf3-b5300ead3675,2026-05-07T19:45:00Z,2026-05-07T21:45:00+0200,140.43,EUR/MWh,FR,FR,day_ahead_price,value,2026-06-05T07:47:19Z
2026-06-05T07:46:33Z,2026-06-05T09:46:33+0200,a4488497-2a44-4b02-8cf3-b5300ead3675,2026-05-07T20:00:00Z,2026-05-07T22:00:00+0200,152.0,EUR/MWh,FR,FR,day_ahead_price,value,2026-06-05T07:47:19Z
2026-06-05T07:46:33Z,2026-06-05T09:46:33+0200,a4488497-2a44-4b02-8cf3-b5300ead3675,2026-05-07T20:15:00Z,2026-05-07T22:15:00+0200,137.19,EUR/MWh,FR,FR,day_ahead_price,value,2026-06-05T07:47:19Z
2026-06-05T07:46:33Z,2026-06-05T09:46:33+0200,a4488497-2a44-4b02-8cf3-b5300ead3675,2026-05-07T20:30:00Z,2026-05-07T22:30:00+0200,154.16,EUR/MWh,FR,FR,day_ahead_price,value,2026-06-05T07:47:19Z
2026-06-05T07:46:33Z,2026-06-05T09:46:33+0200,a4488497-2a44-4b02-8cf3-b5300ead3675,2026-05-07T20:45:00Z,2026-05-07T22:45:00+0200,136.69,EUR/MWh,FR,FR,day_ahead_price,value,2026-06-05T07:47:19Z
2026-06-05T07:46:33Z,2026-06-05T09:46:33+0200,a4488497-2a44-4b02-8cf3-b5300ead3675,2026-05-07T21:00:00Z,2026-05-07T23:00:00+0200,130.71,EUR/MWh,FR,FR,day_ahead_price,value,2026-06-05T07:47:19Z
2026-06-05T07:46:33Z,2026-06-05T09:46:33+0200,a4488497-2a44-4b02-8cf3-b5300ead3675,2026-05-07T21:15:00Z,2026-05-07T23:15:00+0200,126.35,EUR/MWh,FR,FR,day_ahead_price,value,2026-06-05T07:47:19Z
2026-06-05T07:46:33Z,2026-06-05T09:46:33+0200,a4488497-2a44-4b02-8cf3-b5300ead3675,2026-05-07T21:30:00Z,2026-05-07T23:30:00+0200,127.03,EUR/MWh,FR,FR,day_ahead_price,value,2026-06-05T07:47:19Z
2026-06-05T07:46:33Z,2026-06-05T09:46:33+0200,a4488497-2a44-4b02-8cf3-b5300ead3675,2026-05-07T21:45:00Z,2026-05-07T23:45:00+0200,118.93,EUR/MWh,FR,FR,day_ahead_price,value,2026-06-05T07:47:19Z
2026-06-05T07:46:33Z,2026-06-05T09:46:33+0200,a4488497-2a44-4b02-8cf3-b5300ead3675,2026-05-07T22:00:00Z,2026-05-08T00:00:00+0200,111.85,EUR/MWh,FR,FR,day_ahead_price,value,2026-06-05T07:47:19Z
2026-06-05T07:46:33Z,2026-06-05T09:46:33+0200,a4488497-2a44-4b02-8cf3-b5300ead3675,2026-05-07T22:15:00Z,2026-05-08T00:15:00+0200,111.5,EUR/MWh,FR,FR,day_ahead_price,value,2026-06-05T07:47:19Z
2026-06-05T07:46:33Z,2026-06-05T09:46:33+0200,a4488497-2a44-4b02-8cf3-b5300ead3675,2026-05-07T22:30:00Z,2026-05-08T00:30:00+0200,107.2,EUR/MWh,FR,FR,day_ahead_price,value,2026-06-05T07:47:19Z
2026-06-05T07:46:33Z,2026-06-05T09:46:33+0200,a4488497-2a44-4b02-8cf3-b5300ead3675,2026-05-07T22:45:00Z,2026-05-08T00:45:00+0200,104.24,EUR/MWh,FR,FR,day_ahead_price,value,2026-06-05T07:47:19Z
2026-06-05T07:46:33Z,2026-06-05T09:46:33+0200,a4488497-2a44-4b02-8cf3-b5300ead3675,2026-05-07T23:00:00Z,2026-05-08T01:00:00+0200,107.9,EUR/MWh,FR,FR,day_ahead_price,value,2026-06-05T07:47:19Z
2026-06-05T07:46:33Z,2026-06-05T09:46:33+0200,a4488497-2a44-4b02-8cf3-b5300ead3675,2026-05-07T23:15:00Z,2026-05-08T01:15:00+0200,105.55,EUR/MWh,FR,FR,day_ahead_price,value,2026-06-05T07:47:19Z
2026-06-05T07:46:33Z,2026-06-05T09:46:33+0200,a4488497-2a44-4b02-8cf3-b5300ead3675,2026-05-07T23:30:00Z,2026-05-08T01:30:00+0200,104.47,EUR/MWh,FR,FR,day_ahead_price,value,2026-06-05T07:47:19Z
2026-06-05T07:46:33Z,2026-06-05T09:46:33+0200,a4488497-2a44-4b02-8cf3-b5300ead3675,2026-05-07T23:45:00Z,2026-05-08T01:45:00+0200,104.24,EUR/MWh,FR,FR,day_ahead_price,value,2026-06-05T07:47:19Z
2026-06-05T07:46:33Z,2026-06-05T09:46:33+0200,a4488497-2a44-4b02-8cf3-b5300ead3675,2026-05-08T00:00:00Z,2026-05-08T02:00:00+0200,104.4,EUR/MWh,FR,FR,day_ahead_price,value,2026-06-05T07:47:19Z
2026-06-05T07:46:33Z,2026-06-05T09:46:33+0200,a4488497-2a44-4b02-8cf3-b5300ead3675,2026-05-08T00:15:00Z,2026-05-08T02:15:00+0200,102.55,EUR/MWh,FR,FR,day_ahead_price,value,2026-06-05T07:47:19Z
2026-06-05T07:46:33Z,2026-06-05T09:46:33+0200,a4488497-2a44-4b02-8cf3-b5300ead3675,2026-05-08T00:30:00Z,2026-05-08T02:30:00+0200,101.02,EUR/MWh,FR,FR,day_ahead_price,value,2026-06-05T07:47:19Z
2026-06-05T07:46:33Z,2026-06-05T09:46:33+0200,a4488497-2a44-4b02-8cf3-b5300ead3675,2026-05-08T00:45:00Z,2026-05-08T02:45:00+0200,84.63,EUR/MWh,FR,FR,day_ahead_price,value,2026-06-05T07:47:19Z
2026-06-05T07:46:33Z,2026-06-05T09:46:33+0200,a4488497-2a44-4b02-8cf3-b5300ead3675,2026-05-08T01:00:00Z,2026-05-08T03:00:00+0200,84.84,EUR/MWh,FR,FR,day_ahead_price,value,2026-06-05T07:47:19Z
2026-06-05T07:46:33Z,2026-06-05T09:46:33+0200,a4488497-2a44-4b02-8cf3-b5300ead3675,2026-05-08T01:15:00Z,2026-05-08T03:15:00+0200,74.08,EUR/MWh,FR,FR,day_ahead_price,value,2026-06-05T07:47:19Z
2026-06-05T07:46:33Z,2026-06-05T09:46:33+0200,a4488497-2a44-4b02-8cf3-b5300ead3675,2026-05-08T01:30:00Z,2026-05-08T03:30:00+0200,69.84,EUR/MWh,FR,FR,day_ahead_price,value,2026-06-05T07:47:19Z
2026-06-05T07:46:33Z,2026-06-05T09:46:33+0200,a4488497-2a44-4b02-8cf3-b5300ead3675,2026-05-08T01:45:00Z,2026-05-08T03:45:00+0200,63.2,EUR/MWh,FR,FR,day_ahead_price,value,2026-06-05T07:47:19Z
2026-06-05T07:46:33Z,2026-06-05T09:46:33+0200,a4488497-2a44-4b02-8cf3-b5300ead3675,2026-05-08T02:00:00Z,2026-05-08T04:00:00+0200,62.59,EUR/MWh,FR,FR,day_ahead_price,value,2026-06-05T07:47:19Z
2026-06-05T07:46:33Z,2026-06-05T09:46:33+0200,a4488497-2a44-4b02-8cf3-b5300ead3675,2026-05-08T02:15:00Z,2026-05-08T04:15:00+0200,55.48,EUR/MWh,FR,FR,day_ahead_price,value,2026-06-05T07:47:19Z
2026-06-05T07:46:33Z,2026-06-05T09:46:33+0200,a4488497-2a44-4b02-8cf3-b5300ead3675,2026-05-08T02:30:00Z,2026-05-08T04:30:00+0200,55.3,EUR/MWh,FR,FR,day_ahead_price,value,2026-06-05T07:47:19Z
2026-06-05T07:46:33Z,2026-06-05T09:46:33+0200,a4488497-2a44-4b02-8cf3-b5300ead3675,2026-05-08T02:45:00Z,2026-05-08T04:45:00+0200,56.01,EUR/MWh,FR,FR,day_ahead_price,value,2026-06-05T07:47:19Z
2026-06-05T07:46:33Z,2026-06-05T09:46:33+0200,a4488497-2a44-4b02-8cf3-b5300ead3675,2026-05-08T03:00:00Z,2026-05-08T05:00:00+0200,59.26,EUR/MWh,FR,FR,day_ahead_price,value,2026-06-05T07:47:19Z
2026-06-05T07:46:33Z,2026-06-05T09:46:33+0200,a4488497-2a44-4b02-8cf3-b5300ead3675,2026-05-08T03:15:00Z,2026-05-08T05:15:00+0200,64.7,EUR/MWh,FR,FR,day_ahead_price,value,2026-06-05T07:47:19Z
2026-06-05T07:46:33Z,2026-06-05T09:46:33+0200,a4488497-2a44-4b02-8cf3-b5300ead3675,2026-05-08T03:30:00Z,2026-05-08T05:30:00+0200,68.0,EUR/MWh,FR,FR,day_ahead_price,value,2026-06-05T07:47:19Z
2026-06-05T07:46:33Z,2026-06-05T09:46:33+0200,a4488497-2a44-4b02-8cf3-b5300ead3675,2026-05-08T03:45:00Z,2026-05-08T05:45:00+0200,80.0,EUR/MWh,FR,FR,day_ahead_price,value,2026-06-05T07:47:19Z
2026-06-05T07:46:33Z,2026-06-05T09:46:33+0200,a4488497-2a44-4b02-8cf3-b5300ead3675,2026-05-08T04:00:00Z,2026-05-08T06:00:00+0200,102.57,EUR/MWh,FR,FR,day_ahead_price,value,2026-06-05T07:47:19Z
2026-06-05T07:46:33Z,2026-06-05T09:46:33+0200,a4488497-2a44-4b02-8cf3-b5300ead3675,2026-05-08T04:15:00Z,2026-05-08T06:15:00+0200,97.9,EUR/MWh,FR,FR,day_ahead_price,value,2026-06-05T07:47:19Z
2026-06-05T07:46:33Z,2026-06-05T09:46:33+0200,a4488497-2a44-4b02-8cf3-b5300ead3675,2026-05-08T04:30:00Z,2026-05-08T06:30:00+0200,104.24,EUR/MWh,FR,FR,day_ahead_price,value,2026-06-05T07:47:19Z
2026-06-05T07:46:33Z,2026-06-05T09:46:33+0200,a4488497-2a44-4b02-8cf3-b5300ead3675,2026-05-08T04:45:00Z,2026-05-08T06:45:00+0200,104.24,EUR/MWh,FR,FR,day_ahead_price,value,2026-06-05T07:47:19Z
2026-06-05T07:46:33Z,2026-06-05T09:46:33+0200,a4488497-2a44-4b02-8cf3-b5300ead3675,2026-05-08T05:00:00Z,2026-05-08T07:00:00+0200,106.4,EUR/MWh,FR,FR,day_ahead_price,value,2026-06-05T07:47:19Z
2026-06-05T07:46:33Z,2026-06-05T09:46:33+0200,a4488497-2a44-4b02-8cf3-b5300ead3675,2026-05-08T05:15:00Z,2026-05-08T07:15:00+0200,105.55,EUR/MWh,FR,FR,day_ahead_price,value,2026-06-05T07:47:19Z
2026-06-05T07:46:33Z,2026-06-05T09:46:33+0200,a4488497-2a44-4b02-8cf3-b5300ead3675,2026-05-08T05:30:00Z,2026-05-08T07:30:00+0200,74.73,EUR/MWh,FR,FR,day_ahead_price,value,2026-06-05T07:47:19Z
2026-06-05T07:46:33Z,2026-06-05T09:46:33+0200,a4488497-2a44-4b02-8cf3-b5300ead3675,2026-05-08T05:45:00Z,2026-05-08T07:45:00+0200,36.58,EUR/MWh,FR,FR,day_ahead_price,value,2026-06-05T07:47:19Z
2026-06-05T07:46:33Z,2026-06-05T09:46:33+0200,a4488497-2a44-4b02-8cf3-b5300ead3675,2026-05-08T06:00:00Z,2026-05-08T08:00:00+0200,91.09,EUR/MWh,FR,FR,day_ahead_price,value,2026-06-05T07:47:19Z
2026-06-05T07:46:33Z,2026-06-05T09:46:33+0200,a4488497-2a44-4b02-8cf3-b5300ead3675,2026-05-08T06:15:00Z,2026-05-08T08:15:00+0200,31.85,EUR/MWh,FR,FR,day_ahead_price,value,2026-06-05T07:47:19Z
2026-06-05T07:46:33Z,2026-06-05T09:46:33+0200,a4488497-2a44-4b02-8cf3-b5300ead3675,2026-05-08T06:30:00Z,2026-05-08T08:30:00+0200,44.77,EUR/MWh,FR,FR,day_ahead_price,value,2026-06-05T07:47:19Z
2026-06-05T07:46:33Z,2026-06-05T09:46:33+0200,a4488497-2a44-4b02-8cf3-b5300ead3675,2026-05-08T06:45:00Z,2026-05-08T08:45:00+0200,19.88,EUR/MWh,FR,FR,day_ahead_price,value,2026-06-05T07:47:19Z
2026-06-05T07:46:33Z,2026-06-05T09:46:33+0200,a4488497-2a44-4b02-8cf3-b5300ead3675,2026-05-08T07:00:00Z,2026-05-08T09:00:00+0200,48.72,EUR/MWh,FR,FR,day_ahead_price,value,2026-06-05T07:47:19Z
2026-06-05T07:46:33Z,2026-06-05T09:46:33+0200,a4488497-2a44-4b02-8cf3-b5300ead3675,2026-05-08T07:15:00Z,2026-05-08T09:15:00+0200,30.03,EUR/MWh,FR,FR,day_ahead_price,value,2026-06-05T07:47:19Z
2026-06-05T07:46:33Z,2026-06-05T09:46:33+0200,a4488497-2a44-4b02-8cf3-b5300ead3675,2026-05-08T07:30:00Z,2026-05-08T09:30:00+0200,17.21,EUR/MWh,FR,FR,day_ahead_price,value,2026-06-05T07:47:19Z
2026-06-05T07:46:33Z,2026-06-05T09:46:33+0200,a4488497-2a44-4b02-8cf3-b5300ead3675,2026-05-08T07:45:00Z,2026-05-08T09:45:00+0200,0.0,EUR/MWh,FR,FR,day_ahead_price,value,2026-06-05T07:47:19Z
2026-06-05T07:46:33Z,2026-06-05T09:46:33+0200,a4488497-2a44-4b02-8cf3-b5300ead3675,2026-05-08T08:00:00Z,2026-05-08T10:00:00+0200,11.01,EUR/MWh,FR,FR,day_ahead_price,value,2026-06-05T07:47:19Z
2026-06-05T07:46:33Z,2026-06-05T09:46:33+0200,a4488497-2a44-4b02-8cf3-b5300ead3675,2026-05-08T08:15:00Z,2026-05-08T10:15:00+0200,0.0,EUR/MWh,FR,FR,day_ahead_price,value,2026-06-05T07:47:19Z
2026-06-05T07:46:33Z,2026-06-05T09:46:33+0200,a4488497-2a44-4b02-8cf3-b5300ead3675,2026-05-08T08:30:00Z,2026-05-08T10:30:00+0200,0.0,EUR/MWh,FR,FR,day_ahead_price,value,2026-06-05T07:47:19Z
2026-06-05T07:46:33Z,2026-06-05T09:46:33+0200,a4488497-2a44-4b02-8cf3-b5300ead3675,2026-05-08T08:45:00Z,2026-05-08T10:45:00+0200,0.0,EUR/MWh,FR,FR,day_ahead_price,value,2026-06-05T07:47:19Z
2026-06-05T07:46:33Z,2026-06-05T09:46:33+0200,a4488497-2a44-4b02-8cf3-b5300ead3675,2026-05-08T09:00:00Z,2026-05-08T11:00:00+0200,0.04,EUR/MWh,FR,FR,day_ahead_price,value,2026-06-05T07:47:19Z
2026-06-05T07:46:33Z,2026-06-05T09:46:33+0200,a4488497-2a44-4b02-8cf3-b5300ead3675,2026-05-08T09:15:00Z,2026-05-08T11:15:00+0200,0.0,EUR/MWh,FR,FR,day_ahead_price,value,2026-06-05T07:47:19Z
2026-06-05T07:46:33Z,2026-06-05T09:46:33+0200,a4488497-2a44-4b02-8cf3-b5300ead3675,2026-05-08T09:30:00Z,2026-05-08T11:30:00+0200,0.0,EUR/MWh,FR,FR,day_ahead_price,value,2026-06-05T07:47:19Z
2026-06-05T07:46:33Z,2026-06-05T09:46:33+0200,a4488497-2a44-4b02-8cf3-b5300ead3675,2026-05-08T09:45:00Z,2026-05-08T11:45:00+0200,0.0,EUR/MWh,FR,FR,day_ahead_price,value,2026-06-05T07:47:19Z
2026-06-05T07:46:33Z,2026-06-05T09:46:33+0200,a4488497-2a44-4b02-8cf3-b5300ead3675,2026-05-08T10:00:00Z,2026-05-08T12:00:00+0200,4.0,EUR/MWh,FR,FR,day_ahead_price,value,2026-06-05T07:47:19Z
2026-06-05T07:46:33Z,2026-06-05T09:46:33+0200,a4488497-2a44-4b02-8cf3-b5300ead3675,2026-05-08T10:15:00Z,2026-05-08T12:15:00+0200,1.99,EUR/MWh,FR,FR,day_ahead_price,value,2026-06-05T07:47:19Z
2026-06-05T07:46:33Z,2026-06-05T09:46:33+0200,a4488497-2a44-4b02-8cf3-b5300ead3675,2026-05-08T10:30:00Z,2026-05-08T12:30:00+0200,1.31,EUR/MWh,FR,FR,day_ahead_price,value,2026-06-05T07:47:19Z
2026-06-05T07:46:33Z,2026-06-05T09:46:33+0200,a4488497-2a44-4b02-8cf3-b5300ead3675,2026-05-08T10:45:00Z,2026-05-08T12:45:00+0200,0.87,EUR/MWh,FR,FR,day_ahead_price,value,2026-06-05T07:47:19Z
2026-06-05T07:46:33Z,2026-06-05T09:46:33+0200,a4488497-2a44-4b02-8cf3-b5300ead3675,2026-05-08T11:00:00Z,2026-05-08T13:00:00+0200,0.05,EUR/MWh,FR,FR,day_ahead_price,value,2026-06-05T07:47:19Z
2026-06-05T07:46:33Z,2026-06-05T09:46:33+0200,a4488497-2a44-4b02-8cf3-b5300ead3675,2026-05-08T11:15:00Z,2026-05-08T13:15:00+0200,0.0,EUR/MWh,FR,FR,day_ahead_price,value,2026-06-05T07:47:19Z
2026-06-05T07:46:33Z,2026-06-05T09:46:33+0200,a4488497-2a44-4b02-8cf3-b5300ead3675,2026-05-08T11:30:00Z,2026-05-08T13:30:00+0200,0.0,EUR/MWh,FR,FR,day_ahead_price,value,2026-06-05T07:47:19Z
2026-06-05T07:46:33Z,2026-06-05T09:46:33+0200,a4488497-2a44-4b02-8cf3-b5300ead3675,2026-05-08T11:45:00Z,2026-05-08T13:45:00+0200,0.0,EUR/MWh,FR,FR,day_ahead_price,value,2026-06-05T07:47:19Z
2026-06-05T07:46:33Z,2026-06-05T09:46:33+0200,a4488497-2a44-4b02-8cf3-b5300ead3675,2026-05-08T12:00:00Z,2026-05-08T14:00:00+0200,0.0,EUR/MWh,FR,FR,day_ahead_price,value,2026-06-05T07:47:19Z
2026-06-05T07:46:33Z,2026-06-05T09:46:33+0200,a4488497-2a44-4b02-8cf3-b5300ead3675,2026-05-08T12:15:00Z,2026-05-08T14:15:00+0200,0.0,EUR/MWh,FR,FR,day_ahead_price,value,2026-06-05T07:47:19Z
2026-06-05T07:46:33Z,2026-06-05T09:46:33+0200,a4488497-2a44-4b02-8cf3-b5300ead3675,2026-05-08T12:30:00Z,2026-05-08T14:30:00+0200,0.0,EUR/MWh,FR,FR,day_ahead_price,value,2026-06-05T07:47:19Z
2026-06-05T07:46:33Z,2026-06-05T09:46:33+0200,a4488497-2a44-4b02-8cf3-b5300ead3675,2026-05-08T12:45:00Z,2026-05-08T14:45:00+0200,0.0,EUR/MWh,FR,FR,day_ahead_price,value,2026-06-05T07:47:19Z
2026-06-05T07:46:33Z,2026-06-05T09:46:33+0200,a4488497-2a44-4b02-8cf3-b5300ead3675,2026-05-08T13:00:00Z,2026-05-08T15:00:00+0200,0.0,EUR/MWh,FR,FR,day_ahead_price,value,2026-06-05T07:47:19Z
2026-06-05T07:46:33Z,2026-06-05T09:46:33+0200,a4488497-2a44-4b02-8cf3-b5300ead3675,2026-05-08T13:15:00Z,2026-05-08T15:15:00+0200,0.0,EUR/MWh,FR,FR,day_ahead_price,value,2026-06-05T07:47:19Z
2026-06-05T07:46:33Z,2026-06-05T09:46:33+0200,a4488497-2a44-4b02-8cf3-b5300ead3675,2026-05-08T13:30:00Z,2026-05-08T15:30:00+0200,0.0,EUR/MWh,FR,FR,day_ahead_price,value,2026-06-05T07:47:19Z
2026-06-05T07:46:33Z,2026-06-05T09:46:33+0200,a4488497-2a44-4b02-8cf3-b5300ead3675,2026-05-08T13:45:00Z,2026-05-08T15:45:00+0200,0.0,EUR/MWh,FR,FR,day_ahead_price,value,2026-06-05T07:47:19Z
2026-06-05T07:46:33Z,2026-06-05T09:46:33+0200,a4488497-2a44-4b02-8cf3-b5300ead3675,2026-05-08T14:00:00Z,2026-05-08T16:00:00+0200,-0.01,EUR/MWh,FR,FR,day_ahead_price,value,2026-06-05T07:47:19Z
2026-06-05T07:46:33Z,2026-06-05T09:46:33+0200,a4488497-2a44-4b02-8cf3-b5300ead3675,2026-05-08T14:15:00Z,2026-05-08T16:15:00+0200,0.0,EUR/MWh,FR,FR,day_ahead_price,value,2026-06-05T07:47:19Z
2026-06-05T07:46:33Z,2026-06-05T09:46:33+0200,a4488497-2a44-4b02-8cf3-b5300ead3675,2026-05-08T14:30:00Z,2026-05-08T16:30:00+0200,0.0,EUR/MWh,FR,FR,day_ahead_price,value,2026-06-05T07:47:19Z
2026-06-05T07:46:33Z,2026-06-05T09:46:33+0200,a4488497-2a44-4b02-8cf3-b5300ead3675,2026-05-08T14:45:00Z,2026-05-08T16:45:00+0200,0.01,EUR/MWh,FR,FR,day_ahead_price,value,2026-06-05T07:47:19Z
2026-06-05T07:46:33Z,2026-06-05T09:46:33+0200,a4488497-2a44-4b02-8cf3-b5300ead3675,2026-05-08T15:00:00Z,2026-05-08T17:00:00+0200,0.0,EUR/MWh,FR,FR,day_ahead_price,value,2026-06-05T07:47:19Z
2026-06-05T07:46:33Z,2026-06-05T09:46:33+0200,a4488497-2a44-4b02-8cf3-b5300ead3675,2026-05-08T15:15:00Z,2026-05-08T17:15:00+0200,0.0,EUR/MWh,FR,FR,day_ahead_price,value,2026-06-05T07:47:19Z
2026-06-05T07:46:33Z,2026-06-05T09:46:33+0200,a4488497-2a44-4b02-8cf3-b5300ead3675,2026-05-08T15:30:00Z,2026-05-08T17:30:00+0200,5.0,EUR/MWh,FR,FR,day_ahead_price,value,2026-06-05T07:47:19Z
2026-06-05T07:46:33Z,2026-06-05T09:46:33+0200,a4488497-2a44-4b02-8cf3-b5300ead3675,2026-05-08T15:45:00Z,2026-05-08T17:45:00+0200,13.27,EUR/MWh,FR,FR,day_ahead_price,value,2026-06-05T07:47:19Z
2026-06-05T07:46:33Z,2026-06-05T09:46:33+0200,a4488497-2a44-4b02-8cf3-b5300ead3675,2026-05-08T16:00:00Z,2026-05-08T18:00:00+0200,19.5,EUR/MWh,FR,FR,day_ahead_price,value,2026-06-05T07:47:19Z
2026-06-05T07:46:33Z,2026-06-05T09:46:33+0200,a4488497-2a44-4b02-8cf3-b5300ead3675,2026-05-08T16:15:00Z,2026-05-08T18:15:00+0200,25.1,EUR/MWh,FR,FR,day_ahead_price,value,2026-06-05T07:47:19Z
2026-06-05T07:46:33Z,2026-06-05T09:46:33+0200,a4488497-2a44-4b02-8cf3-b5300ead3675,2026-05-08T16:30:00Z,2026-05-08T18:30:00+0200,34.23,EUR/MWh,FR,FR,day_ahead_price,value,2026-06-05T07:47:19Z
2026-06-05T07:46:33Z,2026-06-05T09:46:33+0200,a4488497-2a44-4b02-8cf3-b5300ead3675,2026-05-08T16:45:00Z,2026-05-08T18:45:00+0200,49.61,EUR/MWh,FR,FR,day_ahead_price,value,2026-06-05T07:47:19Z
2026-06-05T07:46:33Z,2026-06-05T09:46:33+0200,a4488497-2a44-4b02-8cf3-b5300ead3675,2026-05-08T17:00:00Z,2026-05-08T19:00:00+0200,40.0,EUR/MWh,FR,FR,day_ahead_price,value,2026-06-05T07:47:19Z
2026-06-05T07:46:33Z,2026-06-05T09:46:33+0200,a4488497-2a44-4b02-8cf3-b5300ead3675,2026-05-08T17:15:00Z,2026-05-08T19:15:00+0200,69.0,EUR/MWh,FR,FR,day_ahead_price,value,2026-06-05T07:47:19Z
2026-06-05T07:46:33Z,2026-06-05T09:46:33+0200,a4488497-2a44-4b02-8cf3-b5300ead3675,2026-05-08T17:30:00Z,2026-05-08T19:30:00+0200,82.0,EUR/MWh,FR,FR,day_ahead_price,value,2026-06-05T07:47:19Z
2026-06-05T07:46:33Z,2026-06-05T09:46:33+0200,a4488497-2a44-4b02-8cf3-b5300ead3675,2026-05-08T17:45:00Z,2026-05-08T19:45:00+0200,100.0,EUR/MWh,FR,FR,day_ahead_price,value,2026-06-05T07:47:19Z
2026-06-05T07:46:33Z,2026-06-05T09:46:33+0200,a4488497-2a44-4b02-8cf3-b5300ead3675,2026-05-08T18:00:00Z,2026-05-08T20:00:00+0200,76.16,EUR/MWh,FR,FR,day_ahead_price,value,2026-06-05T07:47:19Z
2026-06-05T07:46:33Z,2026-06-05T09:46:33+0200,a4488497-2a44-4b02-8cf3-b5300ead3675,2026-05-08T18:15:00Z,2026-05-08T20:15:00+0200,95.24,EUR/MWh,FR,FR,day_ahead_price,value,2026-06-05T07:47:19Z
2026-06-05T07:46:33Z,2026-06-05T09:46:33+0200,a4488497-2a44-4b02-8cf3-b5300ead3675,2026-05-08T18:30:00Z,2026-05-08T20:30:00+0200,101.5,EUR/MWh,FR,FR,day_ahead_price,value,2026-06-05T07:47:19Z
2026-06-05T07:46:33Z,2026-06-05T09:46:33+0200,a4488497-2a44-4b02-8cf3-b5300ead3675,2026-05-08T18:45:00Z,2026-05-08T20:45:00+0200,104.24,EUR/MWh,FR,FR,day_ahead_price,value,2026-06-05T07:47:19Z
2026-06-05T07:46:33Z,2026-06-05T09:46:33+0200,a4488497-2a44-4b02-8cf3-b5300ead3675,2026-05-08T19:00:00Z,2026-05-08T21:00:00+0200,108.84,EUR/MWh,FR,FR,day_ahead_price,value,2026-06-05T07:47:19Z
2026-06-05T07:46:33Z,2026-06-05T09:46:33+0200,a4488497-2a44-4b02-8cf3-b5300ead3675,2026-05-08T19:15:00Z,2026-05-08T21:15:00+0200,109.95,EUR/MWh,FR,FR,day_ahead_price,value,2026-06-05T07:47:19Z
2026-06-05T07:46:33Z,2026-06-05T09:46:33+0200,a4488497-2a44-4b02-8cf3-b5300ead3675,2026-05-08T19:30:00Z,2026-05-08T21:30:00+0200,93.15,EUR/MWh,FR,FR,day_ahead_price,value,2026-06-05T07:47:19Z
2026-06-05T07:46:33Z,2026-06-05T09:46:33+0200,a4488497-2a44-4b02-8cf3-b5300ead3675,2026-05-08T19:45:00Z,2026-05-08T21:45:00+0200,55.26,EUR/MWh,FR,FR,day_ahead_price,value,2026-06-05T07:47:19Z
2026-06-05T07:46:33Z,2026-06-05T09:46:33+0200,a4488497-2a44-4b02-8cf3-b5300ead3675,2026-05-08T20:00:00Z,2026-05-08T22:00:00+0200,98.3,EUR/MWh,FR,FR,day_ahead_price,value,2026-06-05T07:47:19Z
2026-06-05T07:46:33Z,2026-06-05T09:46:33+0200,a4488497-2a44-4b02-8cf3-b5300ead3675,2026-05-08T20:15:00Z,2026-05-08T22:15:00+0200,85.51,EUR/MWh,FR,FR,day_ahead_price,value,2026-06-05T07:47:19Z
2026-06-05T07:46:33Z,2026-06-05T09:46:33+0200,a4488497-2a44-4b02-8cf3-b5300ead3675,2026-05-08T20:30:00Z,2026-05-08T22:30:00+0200,104.24,EUR/MWh,FR,FR,day_ahead_price,value,2026-06-05T07:47:19Z
2026-06-05T07:46:33Z,2026-06-05T09:46:33+0200,a4488497-2a44-4b02-8cf3-b5300ead3675,2026-05-08T20:45:00Z,2026-05-08T22:45:00+0200,93.4,EUR/MWh,FR,FR,day_ahead_price,value,2026-06-05T07:47:19Z
2026-06-05T07:46:33Z,2026-06-05T09:46:33+0200,a4488497-2a44-4b02-8cf3-b5300ead3675,2026-05-08T21:00:00Z,2026-05-08T23:00:00+0200,93.81,EUR/MWh,FR,FR,day_ahead_price,value,2026-06-05T07:47:19Z
2026-06-05T07:46:33Z,2026-06-05T09:46:33+0200,a4488497-2a44-4b02-8cf3-b5300ead3675,2026-05-08T21:15:00Z,2026-05-08T23:15:00+0200,75.61,EUR/MWh,FR,FR,day_ahead_price,value,2026-06-05T07:47:19Z
2026-06-05T07:46:33Z,2026-06-05T09:46:33+0200,a4488497-2a44-4b02-8cf3-b5300ead3675,2026-05-08T21:30:00Z,2026-05-08T23:30:00+0200,83.69,EUR/MWh,FR,FR,day_ahead_price,value,2026-06-05T07:47:19Z
2026-06-05T07:46:33Z,2026-06-05T09:46:33+0200,a4488497-2a44-4b02-8cf3-b5300ead3675,2026-05-08T21:45:00Z,2026-05-08T23:45:00+0200,50.0,EUR/MWh,FR,FR,day_ahead_price,value,2026-06-05T07:47:19Z
2026-06-05T07:46:33Z,2026-06-05T09:46:33+0200,a4488497-2a44-4b02-8cf3-b5300ead3675,2026-05-08T22:00:00Z,2026-05-09T00:00:00+0200,84.85,EUR/MWh,FR,FR,day_ahead_price,value,2026-06-05T07:47:19Z
2026-06-05T07:46:33Z,2026-06-05T09:46:33+0200,a4488497-2a44-4b02-8cf3-b5300ead3675,2026-05-08T22:15:00Z,2026-05-09T00:15:00+0200,84.37,EUR/MWh,FR,FR,day_ahead_price,value,2026-06-05T07:47:19Z
2026-06-05T07:46:33Z,2026-06-05T09:46:33+0200,a4488497-2a44-4b02-8cf3-b5300ead3675,2026-05-08T22:30:00Z,2026-05-09T00:30:00+0200,61.9,EUR/MWh,FR,FR,day_ahead_price,value,2026-06-05T07:47:19Z
2026-06-05T07:46:33Z,2026-06-05T09:46:33+0200,a4488497-2a44-4b02-8cf3-b5300ead3675,2026-05-08T22:45:00Z,2026-05-09T00:45:00+0200,8.93,EUR/MWh,FR,FR,day_ahead_price,value,2026-06-05T07:47:19Z
2026-06-05T07:46:33Z,2026-06-05T09:46:33+0200,a4488497-2a44-4b02-8cf3-b5300ead3675,2026-05-08T23:00:00Z,2026-05-09T01:00:00+0200,45.3,EUR/MWh,FR,FR,day_ahead_price,value,2026-06-05T07:47:19Z
2026-06-05T07:46:33Z,2026-06-05T09:46:33+0200,a4488497-2a44-4b02-8cf3-b5300ead3675,2026-05-08T23:15:00Z,2026-05-09T01:15:00+0200,37.88,EUR/MWh,FR,FR,day_ahead_price,value,2026-06-05T07:47:19Z
2026-06-05T07:46:33Z,2026-06-05T09:46:33+0200,a4488497-2a44-4b02-8cf3-b5300ead3675,2026-05-08T23:30:00Z,2026-05-09T01:30:00+0200,64.73,EUR/MWh,FR,FR,day_ahead_price,value,2026-06-05T07:47:19Z
2026-06-05T07:46:33Z,2026-06-05T09:46:33+0200,a4488497-2a44-4b02-8cf3-b5300ead3675,2026-05-08T23:45:00Z,2026-05-09T01:45:00+0200,56.44,EUR/MWh,FR,FR,day_ahead_price,value,2026-06-05T07:47:19Z
2026-06-05T07:46:33Z,2026-06-05T09:46:33+0200,a4488497-2a44-4b02-8cf3-b5300ead3675,2026-05-09T00:00:00Z,2026-05-09T02:00:00+0200,60.0,EUR/MWh,FR,FR,day_ahead_price,value,2026-06-05T07:47:19Z
2026-06-05T07:46:33Z,2026-06-05T09:46:33+0200,a4488497-2a44-4b02-8cf3-b5300ead3675,2026-05-09T00:15:00Z,2026-05-09T02:15:00+0200,40.83,EUR/MWh,FR,FR,day_ahead_price,value,2026-06-05T07:47:19Z
2026-06-05T07:46:33Z,2026-06-05T09:46:33+0200,a4488497-2a44-4b02-8cf3-b5300ead3675,2026-05-09T00:30:00Z,2026-05-09T02:30:00+0200,38.55,EUR/MWh,FR,FR,day_ahead_price,value,2026-06-05T07:47:19Z
2026-06-05T07:46:33Z,2026-06-05T09:46:33+0200,a4488497-2a44-4b02-8cf3-b5300ead3675,2026-05-09T00:45:00Z,2026-05-09T02:45:00+0200,32.03,EUR/MWh,FR,FR,day_ahead_price,value,2026-06-05T07:47:19Z
2026-06-05T07:46:33Z,2026-06-05T09:46:33+0200,a4488497-2a44-4b02-8cf3-b5300ead3675,2026-05-09T01:00:00Z,2026-05-09T03:00:00+0200,29.65,EUR/MWh,FR,FR,day_ahead_price,value,2026-06-05T07:47:19Z
2026-06-05T07:46:33Z,2026-06-05T09:46:33+0200,a4488497-2a44-4b02-8cf3-b5300ead3675,2026-05-09T01:15:00Z,2026-05-09T03:15:00+0200,7.72,EUR/MWh,FR,FR,day_ahead_price,value,2026-06-05T07:47:19Z
2026-06-05T07:46:33Z,2026-06-05T09:46:33+0200,a4488497-2a44-4b02-8cf3-b5300ead3675,2026-05-09T01:30:00Z,2026-05-09T03:30:00+0200,35.02,EUR/MWh,FR,FR,day_ahead_price,value,2026-06-05T07:47:19Z
2026-06-05T07:46:33Z,2026-06-05T09:46:33+0200,a4488497-2a44-4b02-8cf3-b5300ead3675,2026-05-09T01:45:00Z,2026-05-09T03:45:00+0200,35.02,EUR/MWh,FR,FR,day_ahead_price,value,2026-06-05T07:47:19Z
2026-06-05T07:46:33Z,2026-06-05T09:46:33+0200,a4488497-2a44-4b02-8cf3-b5300ead3675,2026-05-09T02:00:00Z,2026-05-09T04:00:00+0200,35.02,EUR/MWh,FR,FR,day_ahead_price,value,2026-06-05T07:47:19Z
2026-06-05T07:46:33Z,2026-06-05T09:46:33+0200,a4488497-2a44-4b02-8cf3-b5300ead3675,2026-05-09T02:15:00Z,2026-05-09T04:15:00+0200,35.01,EUR/MWh,FR,FR,day_ahead_price,value,2026-06-05T07:47:19Z
2026-06-05T07:46:33Z,2026-06-05T09:46:33+0200,a4488497-2a44-4b02-8cf3-b5300ead3675,2026-05-09T02:30:00Z,2026-05-09T04:30:00+0200,35.01,EUR/MWh,FR,FR,day_ahead_price,value,2026-06-05T07:47:19Z
2026-06-05T07:46:33Z,2026-06-05T09:46:33+0200,a4488497-2a44-4b02-8cf3-b5300ead3675,2026-05-09T02:45:00Z,2026-05-09T04:45:00+0200,31.63,EUR/MWh,FR,FR,day_ahead_price,value,2026-06-05T07:47:19Z
2026-06-05T07:46:33Z,2026-06-05T09:46:33+0200,a4488497-2a44-4b02-8cf3-b5300ead3675,2026-05-09T03:00:00Z,2026-05-09T05:00:00+0200,35.02,EUR/MWh,FR,FR,day_ahead_price,value,2026-06-05T07:47:19Z
2026-06-05T07:46:33Z,2026-06-05T09:46:33+0200,a4488497-2a44-4b02-8cf3-b5300ead3675,2026-05-09T03:15:00Z,2026-05-09T05:15:00+0200,26.57,EUR/MWh,FR,FR,day_ahead_price,value,2026-06-05T07:47:19Z
2026-06-05T07:46:33Z,2026-06-05T09:46:33+0200,a4488497-2a44-4b02-8cf3-b5300ead3675,2026-05-09T03:30:00Z,2026-05-09T05:30:00+0200,27.3,EUR/MWh,FR,FR,day_ahead_price,value,2026-06-05T07:47:19Z
2026-06-05T07:46:33Z,2026-06-05T09:46:33+0200,a4488497-2a44-4b02-8cf3-b5300ead3675,2026-05-09T03:45:00Z,2026-05-09T05:45:00+0200,35.01,EUR/MWh,FR,FR,day_ahead_price,value,2026-06-05T07:47:19Z
2026-06-05T07:46:33Z,2026-06-05T09:46:33+0200,a4488497-2a44-4b02-8cf3-b5300ead3675,2026-05-09T04:00:00Z,2026-05-09T06:00:00+0200,28.0,EUR/MWh,FR,FR,day_ahead_price,value,2026-06-05T07:47:19Z
2026-06-05T07:46:33Z,2026-06-05T09:46:33+0200,a4488497-2a44-4b02-8cf3-b5300ead3675,2026-05-09T04:15:00Z,2026-05-09T06:15:00+0200,32.05,EUR/MWh,FR,FR,day_ahead_price,value,2026-06-05T07:47:19Z
2026-06-05T07:46:33Z,2026-06-05T09:46:33+0200,a4488497-2a44-4b02-8cf3-b5300ead3675,2026-05-09T04:30:00Z,2026-05-09T06:30:00+0200,33.95,EUR/MWh,FR,FR,day_ahead_price,value,2026-06-05T07:47:19Z
2026-06-05T07:46:33Z,2026-06-05T09:46:33+0200,a4488497-2a44-4b02-8cf3-b5300ead3675,2026-05-09T04:45:00Z,2026-05-09T06:45:00+0200,34.31,EUR/MWh,FR,FR,day_ahead_price,value,2026-06-05T07:47:19Z
2026-06-05T07:46:33Z,2026-06-05T09:46:33+0200,a4488497-2a44-4b02-8cf3-b5300ead3675,2026-05-09T05:00:00Z,2026-05-09T07:00:00+0200,41.74,EUR/MWh,FR,FR,day_ahead_price,value,2026-06-05T07:47:19Z
2026-06-05T07:46:33Z,2026-06-05T09:46:33+0200,a4488497-2a44-4b02-8cf3-b5300ead3675,2026-05-09T05:15:00Z,2026-05-09T07:15:00+0200,40.0,EUR/MWh,FR,FR,day_ahead_price,value,2026-06-05T07:47:19Z
2026-06-05T07:46:33Z,2026-06-05T09:46:33+0200,a4488497-2a44-4b02-8cf3-b5300ead3675,2026-05-09T05:30:00Z,2026-05-09T07:30:00+0200,39.53,EUR/MWh,FR,FR,day_ahead_price,value,2026-06-05T07:47:19Z
2026-06-05T07:46:33Z,2026-06-05T09:46:33+0200,a4488497-2a44-4b02-8cf3-b5300ead3675,2026-05-09T05:45:00Z,2026-05-09T07:45:00+0200,20.3,EUR/MWh,FR,FR,day_ahead_price,value,2026-06-05T07:47:19Z
2026-06-05T07:46:33Z,2026-06-05T09:46:33+0200,a4488497-2a44-4b02-8cf3-b5300ead3675,2026-05-09T06:00:00Z,2026-05-09T08:00:00+0200,45.5,EUR/MWh,FR,FR,day_ahead_price,value,2026-06-05T07:47:19Z
2026-06-05T07:46:33Z,2026-06-05T09:46:33+0200,a4488497-2a44-4b02-8cf3-b5300ead3675,2026-05-09T06:15:00Z,2026-05-09T08:15:00+0200,36.0,EUR/MWh,FR,FR,day_ahead_price,value,2026-06-05T07:47:19Z
2026-06-05T07:46:33Z,2026-06-05T09:46:33+0200,a4488497-2a44-4b02-8cf3-b5300ead3675,2026-05-09T06:30:00Z,2026-05-09T08:30:00+0200,35.02,EUR/MWh,FR,FR,day_ahead_price,value,2026-06-05T07:47:19Z
2026-06-05T07:46:33Z,2026-06-05T09:46:33+0200,a4488497-2a44-4b02-8cf3-b5300ead3675,2026-05-09T06:45:00Z,2026-05-09T08:45:00+0200,13.88,EUR/MWh,FR,FR,day_ahead_price,value,2026-06-05T07:47:19Z
2026-06-05T07:46:33Z,2026-06-05T09:46:33+0200,a4488497-2a44-4b02-8cf3-b5300ead3675,2026-05-09T07:00:00Z,2026-05-09T09:00:00+0200,28.73,EUR/MWh,FR,FR,day_ahead_price,value,2026-06-05T07:47:19Z
2026-06-05T07:46:33Z,2026-06-05T09:46:33+0200,a4488497-2a44-4b02-8cf3-b5300ead3675,2026-05-09T07:15:00Z,2026-05-09T09:15:00+0200,32.99,EUR/MWh,FR,FR,day_ahead_price,value,2026-06-05T07:47:19Z
2026-06-05T07:46:33Z,2026-06-05T09:46:33+0200,a4488497-2a44-4b02-8cf3-b5300ead3675,2026-05-09T07:30:00Z,2026-05-09T09:30:00+0200,16.27,EUR/MWh,FR,FR,day_ahead_price,value,2026-06-05T07:47:19Z
2026-06-05T07:46:33Z,2026-06-05T09:46:33+0200,a4488497-2a44-4b02-8cf3-b5300ead3675,2026-05-09T07:45:00Z,2026-05-09T09:45:00+0200,11.5,EUR/MWh,FR,FR,day_ahead_price,value,2026-06-05T07:47:19Z
2026-06-05T07:46:33Z,2026-06-05T09:46:33+0200,a4488497-2a44-4b02-8cf3-b5300ead3675,2026-05-09T08:00:00Z,2026-05-09T10:00:00+0200,31.72,EUR/MWh,FR,FR,day_ahead_price,value,2026-06-05T07:47:19Z
2026-06-05T07:46:33Z,2026-06-05T09:46:33+0200,a4488497-2a44-4b02-8cf3-b5300ead3675,2026-05-09T08:15:00Z,2026-05-09T10:15:00+0200,7.93,EUR/MWh,FR,FR,day_ahead_price,value,2026-06-05T07:47:19Z
2026-06-05T07:46:33Z,2026-06-05T09:46:33+0200,a4488497-2a44-4b02-8cf3-b5300ead3675,2026-05-09T08:30:00Z,2026-05-09T10:30:00+0200,0.08,EUR/MWh,FR,FR,day_ahead_price,value,2026-06-05T07:47:19Z
2026-06-05T07:46:33Z,2026-06-05T09:46:33+0200,a4488497-2a44-4b02-8cf3-b5300ead3675,2026-05-09T08:45:00Z,2026-05-09T10:45:00+0200,0.0,EUR/MWh,FR,FR,day_ahead_price,value,2026-06-05T07:47:19Z
2026-06-05T07:46:33Z,2026-06-05T09:46:33+0200,a4488497-2a44-4b02-8cf3-b5300ead3675,2026-05-09T09:00:00Z,2026-05-09T11:00:00+0200,0.0,EUR/MWh,FR,FR,day_ahead_price,value,2026-06-05T07:47:19Z
2026-06-05T07:46:33Z,2026-06-05T09:46:33+0200,a4488497-2a44-4b02-8cf3-b5300ead3675,2026-05-09T09:15:00Z,2026-05-09T11:15:00+0200,-0.01,EUR/MWh,FR,FR,day_ahead_price,value,2026-06-05T07:47:19Z
2026-06-05T07:46:33Z,2026-06-05T09:46:33+0200,a4488497-2a44-4b02-8cf3-b5300ead3675,2026-05-09T09:30:00Z,2026-05-09T11:30:00+0200,-0.01,EUR/MWh,FR,FR,day_ahead_price,value,2026-06-05T07:47:19Z
2026-06-05T07:46:33Z,2026-06-05T09:46:33+0200,a4488497-2a44-4b02-8cf3-b5300ead3675,2026-05-09T09:45:00Z,2026-05-09T11:45:00+0200,-0.01,EUR/MWh,FR,FR,day_ahead_price,value,2026-06-05T07:47:19Z
2026-06-05T07:46:33Z,2026-06-05T09:46:33+0200,a4488497-2a44-4b02-8cf3-b5300ead3675,2026-05-09T10:00:00Z,2026-05-09T12:00:00+0200,-0.02,EUR/MWh,FR,FR,day_ahead_price,value,2026-06-05T07:47:19Z
2026-06-05T07:46:33Z,2026-06-05T09:46:33+0200,a4488497-2a44-4b02-8cf3-b5300ead3675,2026-05-09T10:15:00Z,2026-05-09T12:15:00+0200,-0.01,EUR/MWh,FR,FR,day_ahead_price,value,2026-06-05T07:47:19Z
2026-06-05T07:46:33Z,2026-06-05T09:46:33+0200,a4488497-2a44-4b02-8cf3-b5300ead3675,2026-05-09T10:30:00Z,2026-05-09T12:30:00+0200,-0.03,EUR/MWh,FR,FR,day_ahead_price,value,2026-06-05T07:47:19Z
2026-06-05T07:46:33Z,2026-06-05T09:46:33+0200,a4488497-2a44-4b02-8cf3-b5300ead3675,2026-05-09T10:45:00Z,2026-05-09T12:45:00+0200,-0.03,EUR/MWh,FR,FR,day_ahead_price,value,2026-06-05T07:47:19Z
2026-06-05T07:46:33Z,2026-06-05T09:46:33+0200,a4488497-2a44-4b02-8cf3-b5300ead3675,2026-05-09T11:00:00Z,2026-05-09T13:00:00+0200,-0.09,EUR/MWh,FR,FR,day_ahead_price,value,2026-06-05T07:47:19Z
2026-06-05T07:46:33Z,2026-06-05T09:46:33+0200,a4488497-2a44-4b02-8cf3-b5300ead3675,2026-05-09T11:15:00Z,2026-05-09T13:15:00+0200,-0.1,EUR/MWh,FR,FR,day_ahead_price,value,2026-06-05T07:47:19Z
2026-06-05T07:46:33Z,2026-06-05T09:46:33+0200,a4488497-2a44-4b02-8cf3-b5300ead3675,2026-05-09T11:30:00Z,2026-05-09T13:30:00+0200,-0.1,EUR/MWh,FR,FR,day_ahead_price,value,2026-06-05T07:47:19Z
2026-06-05T07:46:33Z,2026-06-05T09:46:33+0200,a4488497-2a44-4b02-8cf3-b5300ead3675,2026-05-09T11:45:00Z,2026-05-09T13:45:00+0200,-0.09,EUR/MWh,FR,FR,day_ahead_price,value,2026-06-05T07:47:19Z
2026-06-05T07:46:33Z,2026-06-05T09:46:33+0200,a4488497-2a44-4b02-8cf3-b5300ead3675,2026-05-09T12:00:00Z,2026-05-09T14:00:00+0200,-0.02,EUR/MWh,FR,FR,day_ahead_price,value,2026-06-05T07:47:19Z
2026-06-05T07:46:33Z,2026-06-05T09:46:33+0200,a4488497-2a44-4b02-8cf3-b5300ead3675,2026-05-09T12:15:00Z,2026-05-09T14:15:00+0200,-0.01,EUR/MWh,FR,FR,day_ahead_price,value,2026-06-05T07:47:19Z
2026-06-05T07:46:33Z,2026-06-05T09:46:33+0200,a4488497-2a44-4b02-8cf3-b5300ead3675,2026-05-09T12:30:00Z,2026-05-09T14:30:00+0200,-0.01,EUR/MWh,FR,FR,day_ahead_price,value,2026-06-05T07:47:19Z
2026-06-05T07:46:33Z,2026-06-05T09:46:33+0200,a4488497-2a44-4b02-8cf3-b5300ead3675,2026-05-09T12:45:00Z,2026-05-09T14:45:00+0200,-0.01,EUR/MWh,FR,FR,day_ahead_price,value,2026-06-05T07:47:19Z
2026-06-05T07:46:33Z,2026-06-05T09:46:33+0200,a4488497-2a44-4b02-8cf3-b5300ead3675,2026-05-09T13:00:00Z,2026-05-09T15:00:00+0200,0.0,EUR/MWh,FR,FR,day_ahead_price,value,2026-06-05T07:47:19Z
2026-06-05T07:46:33Z,2026-06-05T09:46:33+0200,a4488497-2a44-4b02-8cf3-b5300ead3675,2026-05-09T13:15:00Z,2026-05-09T15:15:00+0200,0.0,EUR/MWh,FR,FR,day_ahead_price,value,2026-06-05T07:47:19Z
2026-06-05T07:46:33Z,2026-06-05T09:46:33+0200,a4488497-2a44-4b02-8cf3-b5300ead3675,2026-05-09T13:30:00Z,2026-05-09T15:30:00+0200,0.0,EUR/MWh,FR,FR,day_ahead_price,value,2026-06-05T07:47:19Z
2026-06-05T07:46:33Z,2026-06-05T09:46:33+0200,a4488497-2a44-4b02-8cf3-b5300ead3675,2026-05-09T13:45:00Z,2026-05-09T15:45:00+0200,0.0,EUR/MWh,FR,FR,day_ahead_price,value,2026-06-05T07:47:19Z
2026-06-05T07:46:33Z,2026-06-05T09:46:33+0200,a4488497-2a44-4b02-8cf3-b5300ead3675,2026-05-09T14:00:00Z,2026-05-09T16:00:00+0200,0.05,EUR/MWh,FR,FR,day_ahead_price,value,2026-06-05T07:47:19Z
2026-06-05T07:46:33Z,2026-06-05T09:46:33+0200,a4488497-2a44-4b02-8cf3-b5300ead3675,2026-05-09T14:15:00Z,2026-05-09T16:15:00+0200,0.01,EUR/MWh,FR,FR,day_ahead_price,value,2026-06-05T07:47:19Z
2026-06-05T07:46:33Z,2026-06-05T09:46:33+0200,a4488497-2a44-4b02-8cf3-b5300ead3675,2026-05-09T14:30:00Z,2026-05-09T16:30:00+0200,0.29,EUR/MWh,FR,FR,day_ahead_price,value,2026-06-05T07:47:19Z
2026-06-05T07:46:33Z,2026-06-05T09:46:33+0200,a4488497-2a44-4b02-8cf3-b5300ead3675,2026-05-09T14:45:00Z,2026-05-09T16:45:00+0200,0.02,EUR/MWh,FR,FR,day_ahead_price,value,2026-06-05T07:47:19Z
2026-06-05T07:46:33Z,2026-06-05T09:46:33+0200,a4488497-2a44-4b02-8cf3-b5300ead3675,2026-05-09T15:00:00Z,2026-05-09T17:00:00+0200,0.01,EUR/MWh,FR,FR,day_ahead_price,value,2026-06-05T07:47:19Z
2026-06-05T07:46:33Z,2026-06-05T09:46:33+0200,a4488497-2a44-4b02-8cf3-b5300ead3675,2026-05-09T15:15:00Z,2026-05-09T17:15:00+0200,0.51,EUR/MWh,FR,FR,day_ahead_price,value,2026-06-05T07:47:19Z
2026-06-05T07:46:33Z,2026-06-05T09:46:33+0200,a4488497-2a44-4b02-8cf3-b5300ead3675,2026-05-09T15:30:00Z,2026-05-09T17:30:00+0200,0.84,EUR/MWh,FR,FR,day_ahead_price,value,2026-06-05T07:47:19Z
2026-06-05T07:46:33Z,2026-06-05T09:46:33+0200,a4488497-2a44-4b02-8cf3-b5300ead3675,2026-05-09T15:45:00Z,2026-05-09T17:45:00+0200,1.1,EUR/MWh,FR,FR,day_ahead_price,value,2026-06-05T07:47:19Z
2026-06-05T07:46:33Z,2026-06-05T09:46:33+0200,a4488497-2a44-4b02-8cf3-b5300ead3675,2026-05-09T16:00:00Z,2026-05-09T18:00:00+0200,3.08,EUR/MWh,FR,FR,day_ahead_price,value,2026-06-05T07:47:19Z
2026-06-05T07:46:33Z,2026-06-05T09:46:33+0200,a4488497-2a44-4b02-8cf3-b5300ead3675,2026-05-09T16:15:00Z,2026-05-09T18:15:00+0200,14.58,EUR/MWh,FR,FR,day_ahead_price,value,2026-06-05T07:47:19Z
2026-06-05T07:46:33Z,2026-06-05T09:46:33+0200,a4488497-2a44-4b02-8cf3-b5300ead3675,2026-05-09T16:30:00Z,2026-05-09T18:30:00+0200,36.78,EUR/MWh,FR,FR,day_ahead_price,value,2026-06-05T07:47:19Z
2026-06-05T07:46:33Z,2026-06-05T09:46:33+0200,a4488497-2a44-4b02-8cf3-b5300ead3675,2026-05-09T16:45:00Z,2026-05-09T18:45:00+0200,33.96,EUR/MWh,FR,FR,day_ahead_price,value,2026-06-05T07:47:19Z
2026-06-05T07:46:33Z,2026-06-05T09:46:33+0200,a4488497-2a44-4b02-8cf3-b5300ead3675,2026-05-09T17:00:00Z,2026-05-09T19:00:00+0200,33.91,EUR/MWh,FR,FR,day_ahead_price,value,2026-06-05T07:47:19Z
2026-06-05T07:46:33Z,2026-06-05T09:46:33+0200,a4488497-2a44-4b02-8cf3-b5300ead3675,2026-05-09T17:15:00Z,2026-05-09T19:15:00+0200,35.01,EUR/MWh,FR,FR,day_ahead_price,value,2026-06-05T07:47:19Z
2026-06-05T07:46:33Z,2026-06-05T09:46:33+0200,a4488497-2a44-4b02-8cf3-b5300ead3675,2026-05-09T17:30:00Z,2026-05-09T19:30:00+0200,35.02,EUR/MWh,FR,FR,day_ahead_price,value,2026-06-05T07:47:19Z
2026-06-05T07:46:33Z,2026-06-05T09:46:33+0200,a4488497-2a44-4b02-8cf3-b5300ead3675,2026-05-09T17:45:00Z,2026-05-09T19:45:00+0200,63.78,EUR/MWh,FR,FR,day_ahead_price,value,2026-06-05T07:47:19Z
2026-06-05T07:46:33Z,2026-06-05T09:46:33+0200,a4488497-2a44-4b02-8cf3-b5300ead3675,2026-05-09T18:00:00Z,2026-05-09T20:00:00+0200,50.0,EUR/MWh,FR,FR,day_ahead_price,value,2026-06-05T07:47:19Z
2026-06-05T07:46:33Z,2026-06-05T09:46:33+0200,a4488497-2a44-4b02-8cf3-b5300ead3675,2026-05-09T18:15:00Z,2026-05-09T20:15:00+0200,66.2,EUR/MWh,FR,FR,day_ahead_price,value,2026-06-05T07:47:19Z
2026-06-05T07:46:33Z,2026-06-05T09:46:33+0200,a4488497-2a44-4b02-8cf3-b5300ead3675,2026-05-09T18:30:00Z,2026-05-09T20:30:00+0200,68.26,EUR/MWh,FR,FR,day_ahead_price,value,2026-06-05T07:47:19Z
2026-06-05T07:46:33Z,2026-06-05T09:46:33+0200,a4488497-2a44-4b02-8cf3-b5300ead3675,2026-05-09T18:45:00Z,2026-05-09T20:45:00+0200,76.34,EUR/MWh,FR,FR,day_ahead_price,value,2026-06-05T07:47:19Z
2026-06-05T07:46:33Z,2026-06-05T09:46:33+0200,a4488497-2a44-4b02-8cf3-b5300ead3675,2026-05-09T19:00:00Z,2026-05-09T21:00:00+0200,81.0,EUR/MWh,FR,FR,day_ahead_price,value,2026-06-05T07:47:19Z
2026-06-05T07:46:33Z,2026-06-05T09:46:33+0200,a4488497-2a44-4b02-8cf3-b5300ead3675,2026-05-09T19:15:00Z,2026-05-09T21:15:00+0200,79.74,EUR/MWh,FR,FR,day_ahead_price,value,2026-06-05T07:47:19Z
2026-06-05T07:46:33Z,2026-06-05T09:46:33+0200,a4488497-2a44-4b02-8cf3-b5300ead3675,2026-05-09T19:30:00Z,2026-05-09T21:30:00+0200,68.76,EUR/MWh,FR,FR,day_ahead_price,value,2026-06-05T07:47:19Z
2026-06-05T07:46:33Z,2026-06-05T09:46:33+0200,a4488497-2a44-4b02-8cf3-b5300ead3675,2026-05-09T19:45:00Z,2026-05-09T21:45:00+0200,31.5,EUR/MWh,FR,FR,day_ahead_price,value,2026-06-05T07:47:19Z
2026-06-05T07:46:33Z,2026-06-05T09:46:33+0200,a4488497-2a44-4b02-8cf3-b5300ead3675,2026-05-09T20:00:00Z,2026-05-09T22:00:00+0200,78.53,EUR/MWh,FR,FR,day_ahead_price,value,2026-06-05T07:47:19Z
2026-06-05T07:46:33Z,2026-06-05T09:46:33+0200,a4488497-2a44-4b02-8cf3-b5300ead3675,2026-05-09T20:15:00Z,2026-05-09T22:15:00+0200,52.01,EUR/MWh,FR,FR,day_ahead_price,value,2026-06-05T07:47:19Z
2026-06-05T07:46:33Z,2026-06-05T09:46:33+0200,a4488497-2a44-4b02-8cf3-b5300ead3675,2026-05-09T20:30:00Z,2026-05-09T22:30:00+0200,75.0,EUR/MWh,FR,FR,day_ahead_price,value,2026-06-05T07:47:19Z
2026-06-05T07:46:33Z,2026-06-05T09:46:33+0200,a4488497-2a44-4b02-8cf3-b5300ead3675,2026-05-09T20:45:00Z,2026-05-09T22:45:00+0200,70.0,EUR/MWh,FR,FR,day_ahead_price,value,2026-06-05T07:47:19Z
2026-06-05T07:46:33Z,2026-06-05T09:46:33+0200,a4488497-2a44-4b02-8cf3-b5300ead3675,2026-05-09T21:00:00Z,2026-05-09T23:00:00+0200,68.5,EUR/MWh,FR,FR,day_ahead_price,value,2026-06-05T07:47:19Z
2026-06-05T07:46:33Z,2026-06-05T09:46:33+0200,a4488497-2a44-4b02-8cf3-b5300ead3675,2026-05-09T21:15:00Z,2026-05-09T23:15:00+0200,67.54,EUR/MWh,FR,FR,day_ahead_price,value,2026-06-05T07:47:19Z
2026-06-05T07:46:33Z,2026-06-05T09:46:33+0200,a4488497-2a44-4b02-8cf3-b5300ead3675,2026-05-09T21:30:00Z,2026-05-09T23:30:00+0200,67.3,EUR/MWh,FR,FR,day_ahead_price,value,2026-06-05T07:47:19Z
2026-06-05T07:46:33Z,2026-06-05T09:46:33+0200,a4488497-2a44-4b02-8cf3-b5300ead3675,2026-05-09T21:45:00Z,2026-05-09T23:45:00+0200,60.0,EUR/MWh,FR,FR,day_ahead_price,value,2026-06-05T07:47:19Z
2026-06-05T07:46:33Z,2026-06-05T09:46:33+0200,a4488497-2a44-4b02-8cf3-b5300ead3675,2026-05-09T22:00:00Z,2026-05-10T00:00:00+0200,46.48,EUR/MWh,FR,FR,day_ahead_price,value,2026-06-05T07:47:19Z
2026-06-05T07:46:33Z,2026-06-05T09:46:33+0200,a4488497-2a44-4b02-8cf3-b5300ead3675,2026-05-09T22:15:00Z,2026-05-10T00:15:00+0200,42.07,EUR/MWh,FR,FR,day_ahead_price,value,2026-06-05T07:47:19Z
2026-06-05T07:46:33Z,2026-06-05T09:46:33+0200,a4488497-2a44-4b02-8cf3-b5300ead3675,2026-05-09T22:30:00Z,2026-05-10T00:30:00+0200,35.02,EUR/MWh,FR,FR,day_ahead_price,value,2026-06-05T07:47:19Z
2026-06-05T07:46:33Z,2026-06-05T09:46:33+0200,a4488497-2a44-4b02-8cf3-b5300ead3675,2026-05-09T22:45:00Z,2026-05-10T00:45:00+0200,35.01,EUR/MWh,FR,FR,day_ahead_price,value,2026-06-05T07:47:19Z
2026-06-05T07:46:33Z,2026-06-05T09:46:33+0200,a4488497-2a44-4b02-8cf3-b5300ead3675,2026-05-09T23:00:00Z,2026-05-10T01:00:00+0200,35.01,EUR/MWh,FR,FR,day_ahead_price,value,2026-06-05T07:47:19Z
2026-06-05T07:46:33Z,2026-06-05T09:46:33+0200,a4488497-2a44-4b02-8cf3-b5300ead3675,2026-05-09T23:15:00Z,2026-05-10T01:15:00+0200,35.01,EUR/MWh,FR,FR,day_ahead_price,value,2026-06-05T07:47:19Z
2026-06-05T07:46:33Z,2026-06-05T09:46:33+0200,a4488497-2a44-4b02-8cf3-b5300ead3675,2026-05-09T23:30:00Z,2026-05-10T01:30:00+0200,35.01,EUR/MWh,FR,FR,day_ahead_price,value,2026-06-05T07:47:19Z
2026-06-05T07:46:33Z,2026-06-05T09:46:33+0200,a4488497-2a44-4b02-8cf3-b5300ead3675,2026-05-09T23:45:00Z,2026-05-10T01:45:00+0200,30.0,EUR/MWh,FR,FR,day_ahead_price,value,2026-06-05T07:47:19Z
2026-06-05T07:46:33Z,2026-06-05T09:46:33+0200,a4488497-2a44-4b02-8cf3-b5300ead3675,2026-05-10T00:00:00Z,2026-05-10T02:00:00+0200,20.0,EUR/MWh,FR,FR,day_ahead_price,value,2026-06-05T07:47:19Z
2026-06-05T07:46:33Z,2026-06-05T09:46:33+0200,a4488497-2a44-4b02-8cf3-b5300ead3675,2026-05-10T00:15:00Z,2026-05-10T02:15:00+0200,17.76,EUR/MWh,FR,FR,day_ahead_price,value,2026-06-05T07:47:19Z
2026-06-05T07:46:33Z,2026-06-05T09:46:33+0200,a4488497-2a44-4b02-8cf3-b5300ead3675,2026-05-10T00:30:00Z,2026-05-10T02:30:00+0200,18.0,EUR/MWh,FR,FR,day_ahead_price,value,2026-06-05T07:47:19Z
2026-06-05T07:46:33Z,2026-06-05T09:46:33+0200,a4488497-2a44-4b02-8cf3-b5300ead3675,2026-05-10T00:45:00Z,2026-05-10T02:45:00+0200,16.5,EUR/MWh,FR,FR,day_ahead_price,value,2026-06-05T07:47:19Z
2026-06-05T07:46:33Z,2026-06-05T09:46:33+0200,a4488497-2a44-4b02-8cf3-b5300ead3675,2026-05-10T01:00:00Z,2026-05-10T03:00:00+0200,14.69,EUR/MWh,FR,FR,day_ahead_price,value,2026-06-05T07:47:19Z
2026-06-05T07:46:33Z,2026-06-05T09:46:33+0200,a4488497-2a44-4b02-8cf3-b5300ead3675,2026-05-10T01:15:00Z,2026-05-10T03:15:00+0200,14.48,EUR/MWh,FR,FR,day_ahead_price,value,2026-06-05T07:47:19Z
2026-06-05T07:46:33Z,2026-06-05T09:46:33+0200,a4488497-2a44-4b02-8cf3-b5300ead3675,2026-05-10T01:30:00Z,2026-05-10T03:30:00+0200,14.48,EUR/MWh,FR,FR,day_ahead_price,value,2026-06-05T07:47:19Z
2026-06-05T07:46:33Z,2026-06-05T09:46:33+0200,a4488497-2a44-4b02-8cf3-b5300ead3675,2026-05-10T01:45:00Z,2026-05-10T03:45:00+0200,14.23,EUR/MWh,FR,FR,day_ahead_price,value,2026-06-05T07:47:19Z
2026-06-05T07:46:33Z,2026-06-05T09:46:33+0200,a4488497-2a44-4b02-8cf3-b5300ead3675,2026-05-10T02:00:00Z,2026-05-10T04:00:00+0200,8.01,EUR/MWh,FR,FR,day_ahead_price,value,2026-06-05T07:47:19Z
2026-06-05T07:46:33Z,2026-06-05T09:46:33+0200,a4488497-2a44-4b02-8cf3-b5300ead3675,2026-05-10T02:15:00Z,2026-05-10T04:15:00+0200,16.17,EUR/MWh,FR,FR,day_ahead_price,value,2026-06-05T07:47:19Z
2026-06-05T07:46:33Z,2026-06-05T09:46:33+0200,a4488497-2a44-4b02-8cf3-b5300ead3675,2026-05-10T02:30:00Z,2026-05-10T04:30:00+0200,13.92,EUR/MWh,FR,FR,day_ahead_price,value,2026-06-05T07:47:19Z
2026-06-05T07:46:33Z,2026-06-05T09:46:33+0200,a4488497-2a44-4b02-8cf3-b5300ead3675,2026-05-10T02:45:00Z,2026-05-10T04:45:00+0200,15.38,EUR/MWh,FR,FR,day_ahead_price,value,2026-06-05T07:47:19Z
2026-06-05T07:46:33Z,2026-06-05T09:46:33+0200,a4488497-2a44-4b02-8cf3-b5300ead3675,2026-05-10T03:00:00Z,2026-05-10T05:00:00+0200,12.4,EUR/MWh,FR,FR,day_ahead_price,value,2026-06-05T07:47:19Z
2026-06-05T07:46:33Z,2026-06-05T09:46:33+0200,a4488497-2a44-4b02-8cf3-b5300ead3675,2026-05-10T03:15:00Z,2026-05-10T05:15:00+0200,14.23,EUR/MWh,FR,FR,day_ahead_price,value,2026-06-05T07:47:19Z
2026-06-05T07:46:33Z,2026-06-05T09:46:33+0200,a4488497-2a44-4b02-8cf3-b5300ead3675,2026-05-10T03:30:00Z,2026-05-10T05:30:00+0200,13.54,EUR/MWh,FR,FR,day_ahead_price,value,2026-06-05T07:47:19Z
2026-06-05T07:46:33Z,2026-06-05T09:46:33+0200,a4488497-2a44-4b02-8cf3-b5300ead3675,2026-05-10T03:45:00Z,2026-05-10T05:45:00+0200,15.77,EUR/MWh,FR,FR,day_ahead_price,value,2026-06-05T07:47:19Z
2026-06-05T07:46:33Z,2026-06-05T09:46:33+0200,a4488497-2a44-4b02-8cf3-b5300ead3675,2026-05-10T04:00:00Z,2026-05-10T06:00:00+0200,8.39,EUR/MWh,FR,FR,day_ahead_price,value,2026-06-05T07:47:19Z
2026-06-05T07:46:33Z,2026-06-05T09:46:33+0200,a4488497-2a44-4b02-8cf3-b5300ead3675,2026-05-10T04:15:00Z,2026-05-10T06:15:00+0200,11.84,EUR/MWh,FR,FR,day_ahead_price,value,2026-06-05T07:47:19Z
2026-06-05T07:46:33Z,2026-06-05T09:46:33+0200,a4488497-2a44-4b02-8cf3-b5300ead3675,2026-05-10T04:30:00Z,2026-05-10T06:30:00+0200,12.11,EUR/MWh,FR,FR,day_ahead_price,value,2026-06-05T07:47:19Z
2026-06-05T07:46:33Z,2026-06-05T09:46:33+0200,a4488497-2a44-4b02-8cf3-b5300ead3675,2026-05-10T04:45:00Z,2026-05-10T06:45:00+0200,9.34,EUR/MWh,FR,FR,day_ahead_price,value,2026-06-05T07:47:19Z
2026-06-05T07:46:33Z,2026-06-05T09:46:33+0200,a4488497-2a44-4b02-8cf3-b5300ead3675,2026-05-10T05:00:00Z,2026-05-10T07:00:00+0200,19.77,EUR/MWh,FR,FR,day_ahead_price,value,2026-06-05T07:47:19Z
2026-06-05T07:46:33Z,2026-06-05T09:46:33+0200,a4488497-2a44-4b02-8cf3-b5300ead3675,2026-05-10T05:15:00Z,2026-05-10T07:15:00+0200,19.25,EUR/MWh,FR,FR,day_ahead_price,value,2026-06-05T07:47:19Z
2026-06-05T07:46:33Z,2026-06-05T09:46:33+0200,a4488497-2a44-4b02-8cf3-b5300ead3675,2026-05-10T05:30:00Z,2026-05-10T07:30:00+0200,12.02,EUR/MWh,FR,FR,day_ahead_price,value,2026-06-05T07:47:19Z
2026-06-05T07:46:33Z,2026-06-05T09:46:33+0200,a4488497-2a44-4b02-8cf3-b5300ead3675,2026-05-10T05:45:00Z,2026-05-10T07:45:00+0200,11.44,EUR/MWh,FR,FR,day_ahead_price,value,2026-06-05T07:47:19Z
2026-06-05T07:46:33Z,2026-06-05T09:46:33+0200,a4488497-2a44-4b02-8cf3-b5300ead3675,2026-05-10T06:00:00Z,2026-05-10T08:00:00+0200,20.0,EUR/MWh,FR,FR,day_ahead_price,value,2026-06-05T07:47:19Z
2026-06-05T07:46:33Z,2026-06-05T09:46:33+0200,a4488497-2a44-4b02-8cf3-b5300ead3675,2026-05-10T06:15:00Z,2026-05-10T08:15:00+0200,12.3,EUR/MWh,FR,FR,day_ahead_price,value,2026-06-05T07:47:19Z
2026-06-05T07:46:33Z,2026-06-05T09:46:33+0200,a4488497-2a44-4b02-8cf3-b5300ead3675,2026-05-10T06:30:00Z,2026-05-10T08:30:00+0200,11.91,EUR/MWh,FR,FR,day_ahead_price,value,2026-06-05T07:47:19Z
2026-06-05T07:46:33Z,2026-06-05T09:46:33+0200,a4488497-2a44-4b02-8cf3-b5300ead3675,2026-05-10T06:45:00Z,2026-05-10T08:45:00+0200,5.41,EUR/MWh,FR,FR,day_ahead_price,value,2026-06-05T07:47:19Z
2026-06-05T07:46:33Z,2026-06-05T09:46:33+0200,a4488497-2a44-4b02-8cf3-b5300ead3675,2026-05-10T07:00:00Z,2026-05-10T09:00:00+0200,33.59,EUR/MWh,FR,FR,day_ahead_price,value,2026-06-05T07:47:19Z
2026-06-05T07:46:33Z,2026-06-05T09:46:33+0200,a4488497-2a44-4b02-8cf3-b5300ead3675,2026-05-10T07:15:00Z,2026-05-10T09:15:00+0200,9.96,EUR/MWh,FR,FR,day_ahead_price,value,2026-06-05T07:47:19Z
2026-06-05T07:46:33Z,2026-06-05T09:46:33+0200,a4488497-2a44-4b02-8cf3-b5300ead3675,2026-05-10T07:30:00Z,2026-05-10T09:30:00+0200,1.15,EUR/MWh,FR,FR,day_ahead_price,value,2026-06-05T07:47:19Z
2026-06-05T07:46:33Z,2026-06-05T09:46:33+0200,a4488497-2a44-4b02-8cf3-b5300ead3675,2026-05-10T07:45:00Z,2026-05-10T09:45:00+0200,0.02,EUR/MWh,FR,FR,day_ahead_price,value,2026-06-05T07:47:19Z
2026-06-05T07:46:33Z,2026-06-05T09:46:33+0200,a4488497-2a44-4b02-8cf3-b5300ead3675,2026-05-10T08:00:00Z,2026-05-10T10:00:00+0200,0.07,EUR/MWh,FR,FR,day_ahead_price,value,2026-06-05T07:47:19Z
2026-06-05T07:46:33Z,2026-06-05T09:46:33+0200,a4488497-2a44-4b02-8cf3-b5300ead3675,2026-05-10T08:15:00Z,2026-05-10T10:15:00+0200,0.0,EUR/MWh,FR,FR,day_ahead_price,value,2026-06-05T07:47:19Z
2026-06-05T07:46:33Z,2026-06-05T09:46:33+0200,a4488497-2a44-4b02-8cf3-b5300ead3675,2026-05-10T08:30:00Z,2026-05-10T10:30:00+0200,-0.01,EUR/MWh,FR,FR,day_ahead_price,value,2026-06-05T07:47:19Z
2026-06-05T07:46:33Z,2026-06-05T09:46:33+0200,a4488497-2a44-4b02-8cf3-b5300ead3675,2026-05-10T08:45:00Z,2026-05-10T10:45:00+0200,-0.01,EUR/MWh,FR,FR,day_ahead_price,value,2026-06-05T07:47:19Z
2026-06-05T07:46:33Z,2026-06-05T09:46:33+0200,a4488497-2a44-4b02-8cf3-b5300ead3675,2026-05-10T09:00:00Z,2026-05-10T11:00:00+0200,-0.01,EUR/MWh,FR,FR,day_ahead_price,value,2026-06-05T07:47:19Z
2026-06-05T07:46:33Z,2026-06-05T09:46:33+0200,a4488497-2a44-4b02-8cf3-b5300ead3675,2026-05-10T09:15:00Z,2026-05-10T11:15:00+0200,-0.01,EUR/MWh,FR,FR,day_ahead_price,value,2026-06-05T07:47:19Z
2026-06-05T07:46:33Z,2026-06-05T09:46:33+0200,a4488497-2a44-4b02-8cf3-b5300ead3675,2026-05-10T09:30:00Z,2026-05-10T11:30:00+0200,-0.02,EUR/MWh,FR,FR,day_ahead_price,value,2026-06-05T07:47:19Z
2026-06-05T07:46:33Z,2026-06-05T09:46:33+0200,a4488497-2a44-4b02-8cf3-b5300ead3675,2026-05-10T09:45:00Z,2026-05-10T11:45:00+0200,-0.02,EUR/MWh,FR,FR,day_ahead_price,value,2026-06-05T07:47:19Z
2026-06-05T07:46:33Z,2026-06-05T09:46:33+0200,a4488497-2a44-4b02-8cf3-b5300ead3675,2026-05-10T10:00:00Z,2026-05-10T12:00:00+0200,-0.04,EUR/MWh,FR,FR,day_ahead_price,value,2026-06-05T07:47:19Z
2026-06-05T07:46:33Z,2026-06-05T09:46:33+0200,a4488497-2a44-4b02-8cf3-b5300ead3675,2026-05-10T10:15:00Z,2026-05-10T12:15:00+0200,-0.05,EUR/MWh,FR,FR,day_ahead_price,value,2026-06-05T07:47:19Z
2026-06-05T07:46:33Z,2026-06-05T09:46:33+0200,a4488497-2a44-4b02-8cf3-b5300ead3675,2026-05-10T10:30:00Z,2026-05-10T12:30:00+0200,-0.06,EUR/MWh,FR,FR,day_ahead_price,value,2026-06-05T07:47:19Z
2026-06-05T07:46:33Z,2026-06-05T09:46:33+0200,a4488497-2a44-4b02-8cf3-b5300ead3675,2026-05-10T10:45:00Z,2026-05-10T12:45:00+0200,-0.1,EUR/MWh,FR,FR,day_ahead_price,value,2026-06-05T07:47:19Z
2026-06-05T07:46:33Z,2026-06-05T09:46:33+0200,a4488497-2a44-4b02-8cf3-b5300ead3675,2026-05-10T11:00:00Z,2026-05-10T13:00:00+0200,-0.11,EUR/MWh,FR,FR,day_ahead_price,value,2026-06-05T07:47:19Z
2026-06-05T07:46:33Z,2026-06-05T09:46:33+0200,a4488497-2a44-4b02-8cf3-b5300ead3675,2026-05-10T11:15:00Z,2026-05-10T13:15:00+0200,-0.5,EUR/MWh,FR,FR,day_ahead_price,value,2026-06-05T07:47:19Z
2026-06-05T07:46:33Z,2026-06-05T09:46:33+0200,a4488497-2a44-4b02-8cf3-b5300ead3675,2026-05-10T11:30:00Z,2026-05-10T13:30:00+0200,-0.81,EUR/MWh,FR,FR,day_ahead_price,value,2026-06-05T07:47:19Z
2026-06-05T07:46:33Z,2026-06-05T09:46:33+0200,a4488497-2a44-4b02-8cf3-b5300ead3675,2026-05-10T11:45:00Z,2026-05-10T13:45:00+0200,-0.81,EUR/MWh,FR,FR,day_ahead_price,value,2026-06-05T07:47:19Z
2026-06-05T07:46:33Z,2026-06-05T09:46:33+0200,a4488497-2a44-4b02-8cf3-b5300ead3675,2026-05-10T12:00:00Z,2026-05-10T14:00:00+0200,-0.81,EUR/MWh,FR,FR,day_ahead_price,value,2026-06-05T07:47:19Z
2026-06-05T07:46:33Z,2026-06-05T09:46:33+0200,a4488497-2a44-4b02-8cf3-b5300ead3675,2026-05-10T12:15:00Z,2026-05-10T14:15:00+0200,-0.5,EUR/MWh,FR,FR,day_ahead_price,value,2026-06-05T07:47:19Z
2026-06-05T07:46:33Z,2026-06-05T09:46:33+0200,a4488497-2a44-4b02-8cf3-b5300ead3675,2026-05-10T12:30:00Z,2026-05-10T14:30:00+0200,-0.66,EUR/MWh,FR,FR,day_ahead_price,value,2026-06-05T07:47:19Z
2026-06-05T07:46:33Z,2026-06-05T09:46:33+0200,a4488497-2a44-4b02-8cf3-b5300ead3675,2026-05-10T12:45:00Z,2026-05-10T14:45:00+0200,-0.19,EUR/MWh,FR,FR,day_ahead_price,value,2026-06-05T07:47:19Z
2026-06-05T07:46:33Z,2026-06-05T09:46:33+0200,a4488497-2a44-4b02-8cf3-b5300ead3675,2026-05-10T13:00:00Z,2026-05-10T15:00:00+0200,-0.82,EUR/MWh,FR,FR,day_ahead_price,value,2026-06-05T07:47:19Z
2026-06-05T07:46:33Z,2026-06-05T09:46:33+0200,a4488497-2a44-4b02-8cf3-b5300ead3675,2026-05-10T13:15:00Z,2026-05-10T15:15:00+0200,-0.11,EUR/MWh,FR,FR,day_ahead_price,value,2026-06-05T07:47:19Z
2026-06-05T07:46:33Z,2026-06-05T09:46:33+0200,a4488497-2a44-4b02-8cf3-b5300ead3675,2026-05-10T13:30:00Z,2026-05-10T15:30:00+0200,-0.07,EUR/MWh,FR,FR,day_ahead_price,value,2026-06-05T07:47:19Z
2026-06-05T07:46:33Z,2026-06-05T09:46:33+0200,a4488497-2a44-4b02-8cf3-b5300ead3675,2026-05-10T13:45:00Z,2026-05-10T15:45:00+0200,-0.01,EUR/MWh,FR,FR,day_ahead_price,value,2026-06-05T07:47:19Z
2026-06-05T07:46:33Z,2026-06-05T09:46:33+0200,a4488497-2a44-4b02-8cf3-b5300ead3675,2026-05-10T14:00:00Z,2026-05-10T16:00:00+0200,-0.06,EUR/MWh,FR,FR,day_ahead_price,value,2026-06-05T07:47:19Z
2026-06-05T07:46:33Z,2026-06-05T09:46:33+0200,a4488497-2a44-4b02-8cf3-b5300ead3675,2026-05-10T14:15:00Z,2026-05-10T16:15:00+0200,-0.01,EUR/MWh,FR,FR,day_ahead_price,value,2026-06-05T07:47:19Z
2026-06-05T07:46:33Z,2026-06-05T09:46:33+0200,a4488497-2a44-4b02-8cf3-b5300ead3675,2026-05-10T14:30:00Z,2026-05-10T16:30:00+0200,0.48,EUR/MWh,FR,FR,day_ahead_price,value,2026-06-05T07:47:19Z
2026-06-05T07:46:33Z,2026-06-05T09:46:33+0200,a4488497-2a44-4b02-8cf3-b5300ead3675,2026-05-10T14:45:00Z,2026-05-10T16:45:00+0200,9.78,EUR/MWh,FR,FR,day_ahead_price,value,2026-06-05T07:47:19Z
2026-06-05T07:46:33Z,2026-06-05T09:46:33+0200,a4488497-2a44-4b02-8cf3-b5300ead3675,2026-05-10T15:00:00Z,2026-05-10T17:00:00+0200,0.01,EUR/MWh,FR,FR,day_ahead_price,value,2026-06-05T07:47:19Z
2026-06-05T07:46:33Z,2026-06-05T09:46:33+0200,a4488497-2a44-4b02-8cf3-b5300ead3675,2026-05-10T15:15:00Z,2026-05-10T17:15:00+0200,3.25,EUR/MWh,FR,FR,day_ahead_price,value,2026-06-05T07:47:19Z
2026-06-05T07:46:33Z,2026-06-05T09:46:33+0200,a4488497-2a44-4b02-8cf3-b5300ead3675,2026-05-10T15:30:00Z,2026-05-10T17:30:00+0200,3.06,EUR/MWh,FR,FR,day_ahead_price,value,2026-06-05T07:47:19Z
2026-06-05T07:46:33Z,2026-06-05T09:46:33+0200,a4488497-2a44-4b02-8cf3-b5300ead3675,2026-05-10T15:45:00Z,2026-05-10T17:45:00+0200,4.94,EUR/MWh,FR,FR,day_ahead_price,value,2026-06-05T07:47:19Z
2026-06-05T07:46:33Z,2026-06-05T09:46:33+0200,a4488497-2a44-4b02-8cf3-b5300ead3675,2026-05-10T16:00:00Z,2026-05-10T18:00:00+0200,0.03,EUR/MWh,FR,FR,day_ahead_price,value,2026-06-05T07:47:19Z
2026-06-05T07:46:33Z,2026-06-05T09:46:33+0200,a4488497-2a44-4b02-8cf3-b5300ead3675,2026-05-10T16:15:00Z,2026-05-10T18:15:00+0200,16.99,EUR/MWh,FR,FR,day_ahead_price,value,2026-06-05T07:47:19Z
2026-06-05T07:46:33Z,2026-06-05T09:46:33+0200,a4488497-2a44-4b02-8cf3-b5300ead3675,2026-05-10T16:30:00Z,2026-05-10T18:30:00+0200,31.4,EUR/MWh,FR,FR,day_ahead_price,value,2026-06-05T07:47:19Z
2026-06-05T07:46:33Z,2026-06-05T09:46:33+0200,a4488497-2a44-4b02-8cf3-b5300ead3675,2026-05-10T16:45:00Z,2026-05-10T18:45:00+0200,22.99,EUR/MWh,FR,FR,day_ahead_price,value,2026-06-05T07:47:19Z
2026-06-05T07:46:33Z,2026-06-05T09:46:33+0200,a4488497-2a44-4b02-8cf3-b5300ead3675,2026-05-10T17:00:00Z,2026-05-10T19:00:00+0200,38.87,EUR/MWh,FR,FR,day_ahead_price,value,2026-06-05T07:47:19Z
2026-06-05T07:46:33Z,2026-06-05T09:46:33+0200,a4488497-2a44-4b02-8cf3-b5300ead3675,2026-05-10T17:15:00Z,2026-05-10T19:15:00+0200,17.25,EUR/MWh,FR,FR,day_ahead_price,value,2026-06-05T07:47:19Z
2026-06-05T07:46:33Z,2026-06-05T09:46:33+0200,a4488497-2a44-4b02-8cf3-b5300ead3675,2026-05-10T17:30:00Z,2026-05-10T19:30:00+0200,16.28,EUR/MWh,FR,FR,day_ahead_price,value,2026-06-05T07:47:19Z
2026-06-05T07:46:33Z,2026-06-05T09:46:33+0200,a4488497-2a44-4b02-8cf3-b5300ead3675,2026-05-10T17:45:00Z,2026-05-10T19:45:00+0200,35.01,EUR/MWh,FR,FR,day_ahead_price,value,2026-06-05T07:47:19Z
2026-06-05T07:46:33Z,2026-06-05T09:46:33+0200,a4488497-2a44-4b02-8cf3-b5300ead3675,2026-05-10T18:00:00Z,2026-05-10T20:00:00+0200,30.0,EUR/MWh,FR,FR,day_ahead_price,value,2026-06-05T07:47:19Z
2026-06-05T07:46:33Z,2026-06-05T09:46:33+0200,a4488497-2a44-4b02-8cf3-b5300ead3675,2026-05-10T18:15:00Z,2026-05-10T20:15:00+0200,40.0,EUR/MWh,FR,FR,day_ahead_price,value,2026-06-05T07:47:19Z
2026-06-05T07:46:33Z,2026-06-05T09:46:33+0200,a4488497-2a44-4b02-8cf3-b5300ead3675,2026-05-10T18:30:00Z,2026-05-10T20:30:00+0200,63.02,EUR/MWh,FR,FR,day_ahead_price,value,2026-06-05T07:47:19Z
2026-06-05T07:46:33Z,2026-06-05T09:46:33+0200,a4488497-2a44-4b02-8cf3-b5300ead3675,2026-05-10T18:45:00Z,2026-05-10T20:45:00+0200,75.07,EUR/MWh,FR,FR,day_ahead_price,value,2026-06-05T07:47:19Z
2026-06-05T07:46:33Z,2026-06-05T09:46:33+0200,a4488497-2a44-4b02-8cf3-b5300ead3675,2026-05-10T19:00:00Z,2026-05-10T21:00:00+0200,71.82,EUR/MWh,FR,FR,day_ahead_price,value,2026-06-05T07:47:19Z
2026-06-05T07:46:33Z,2026-06-05T09:46:33+0200,a4488497-2a44-4b02-8cf3-b5300ead3675,2026-05-10T19:15:00Z,2026-05-10T21:15:00+0200,79.73,EUR/MWh,FR,FR,day_ahead_price,value,2026-06-05T07:47:19Z
2026-06-05T07:46:33Z,2026-06-05T09:46:33+0200,a4488497-2a44-4b02-8cf3-b5300ead3675,2026-05-10T19:30:00Z,2026-05-10T21:30:00+0200,76.89,EUR/MWh,FR,FR,day_ahead_price,value,2026-06-05T07:47:19Z
2026-06-05T07:46:33Z,2026-06-05T09:46:33+0200,a4488497-2a44-4b02-8cf3-b5300ead3675,2026-05-10T19:45:00Z,2026-05-10T21:45:00+0200,66.75,EUR/MWh,FR,FR,day_ahead_price,value,2026-06-05T07:47:19Z
2026-06-05T07:46:33Z,2026-06-05T09:46:33+0200,a4488497-2a44-4b02-8cf3-b5300ead3675,2026-05-10T20:00:00Z,2026-05-10T22:00:00+0200,88.04,EUR/MWh,FR,FR,day_ahead_price,value,2026-06-05T07:47:19Z
2026-06-05T07:46:33Z,2026-06-05T09:46:33+0200,a4488497-2a44-4b02-8cf3-b5300ead3675,2026-05-10T20:15:00Z,2026-05-10T22:15:00+0200,78.67,EUR/MWh,FR,FR,day_ahead_price,value,2026-06-05T07:47:19Z
2026-06-05T07:46:33Z,2026-06-05T09:46:33+0200,a4488497-2a44-4b02-8cf3-b5300ead3675,2026-05-10T20:30:00Z,2026-05-10T22:30:00+0200,94.37,EUR/MWh,FR,FR,day_ahead_price,value,2026-06-05T07:47:19Z
2026-06-05T07:46:33Z,2026-06-05T09:46:33+0200,a4488497-2a44-4b02-8cf3-b5300ead3675,2026-05-10T20:45:00Z,2026-05-10T22:45:00+0200,83.78,EUR/MWh,FR,FR,day_ahead_price,value,2026-06-05T07:47:19Z
2026-06-05T07:46:33Z,2026-06-05T09:46:33+0200,a4488497-2a44-4b02-8cf3-b5300ead3675,2026-05-10T21:00:00Z,2026-05-10T23:00:00+0200,71.6,EUR/MWh,FR,FR,day_ahead_price,value,2026-06-05T07:47:19Z
2026-06-05T07:46:33Z,2026-06-05T09:46:33+0200,a4488497-2a44-4b02-8cf3-b5300ead3675,2026-05-10T21:15:00Z,2026-05-10T23:15:00+0200,60.74,EUR/MWh,FR,FR,day_ahead_price,value,2026-06-05T07:47:19Z
2026-06-05T07:46:33Z,2026-06-05T09:46:33+0200,a4488497-2a44-4b02-8cf3-b5300ead3675,2026-05-10T21:30:00Z,2026-05-10T23:30:00+0200,66.71,EUR/MWh,FR,FR,day_ahead_price,value,2026-06-05T07:47:19Z
2026-06-05T07:46:33Z,2026-06-05T09:46:33+0200,a4488497-2a44-4b02-8cf3-b5300ead3675,2026-05-10T21:45:00Z,2026-05-10T23:45:00+0200,63.74,EUR/MWh,FR,FR,day_ahead_price,value,2026-06-05T07:47:19Z
2026-06-05T07:46:33Z,2026-06-05T09:46:33+0200,a4488497-2a44-4b02-8cf3-b5300ead3675,2026-05-10T22:00:00Z,2026-05-11T00:00:00+0200,61.94,EUR/MWh,FR,FR,day_ahead_price,value,2026-06-05T07:47:19Z
2026-06-05T07:46:33Z,2026-06-05T09:46:33+0200,a4488497-2a44-4b02-8cf3-b5300ead3675,2026-05-10T22:15:00Z,2026-05-11T00:15:00+0200,7.14,EUR/MWh,FR,FR,day_ahead_price,value,2026-06-05T07:47:19Z
2026-06-05T07:46:33Z,2026-06-05T09:46:33+0200,a4488497-2a44-4b02-8cf3-b5300ead3675,2026-05-10T22:30:00Z,2026-05-11T00:30:00+0200,8.96,EUR/MWh,FR,FR,day_ahead_price,value,2026-06-05T07:47:19Z
2026-06-05T07:46:33Z,2026-06-05T09:46:33+0200,a4488497-2a44-4b02-8cf3-b5300ead3675,2026-05-10T22:45:00Z,2026-05-11T00:45:00+0200,0.0,EUR/MWh,FR,FR,day_ahead_price,value,2026-06-05T07:47:19Z
2026-06-05T07:46:33Z,2026-06-05T09:46:33+0200,a4488497-2a44-4b02-8cf3-b5300ead3675,2026-05-10T23:00:00Z,2026-05-11T01:00:00+0200,44.07,EUR/MWh,FR,FR,day_ahead_price,value,2026-06-05T07:47:19Z
2026-06-05T07:46:33Z,2026-06-05T09:46:33+0200,a4488497-2a44-4b02-8cf3-b5300ead3675,2026-05-10T23:15:00Z,2026-05-11T01:15:00+0200,32.08,EUR/MWh,FR,FR,day_ahead_price,value,2026-06-05T07:47:19Z
2026-06-05T07:46:33Z,2026-06-05T09:46:33+0200,a4488497-2a44-4b02-8cf3-b5300ead3675,2026-05-10T23:30:00Z,2026-05-11T01:30:00+0200,34.64,EUR/MWh,FR,FR,day_ahead_price,value,2026-06-05T07:47:19Z
2026-06-05T07:46:33Z,2026-06-05T09:46:33+0200,a4488497-2a44-4b02-8cf3-b5300ead3675,2026-05-10T23:45:00Z,2026-05-11T01:45:00+0200,19.6,EUR/MWh,FR,FR,day_ahead_price,value,2026-06-05T07:47:19Z
2026-06-05T07:46:33Z,2026-06-05T09:46:33+0200,a4488497-2a44-4b02-8cf3-b5300ead3675,2026-05-11T00:00:00Z,2026-05-11T02:00:00+0200,18.47,EUR/MWh,FR,FR,day_ahead_price,value,2026-06-05T07:47:19Z
2026-06-05T07:46:33Z,2026-06-05T09:46:33+0200,a4488497-2a44-4b02-8cf3-b5300ead3675,2026-05-11T00:15:00Z,2026-05-11T02:15:00+0200,13.78,EUR/MWh,FR,FR,day_ahead_price,value,2026-06-05T07:47:19Z
2026-06-05T07:46:33Z,2026-06-05T09:46:33+0200,a4488497-2a44-4b02-8cf3-b5300ead3675,2026-05-11T00:30:00Z,2026-05-11T02:30:00+0200,8.0,EUR/MWh,FR,FR,day_ahead_price,value,2026-06-05T07:47:19Z
2026-06-05T07:46:33Z,2026-06-05T09:46:33+0200,a4488497-2a44-4b02-8cf3-b5300ead3675,2026-05-11T00:45:00Z,2026-05-11T02:45:00+0200,29.1,EUR/MWh,FR,FR,day_ahead_price,value,2026-06-05T07:47:19Z
2026-06-05T07:46:33Z,2026-06-05T09:46:33+0200,a4488497-2a44-4b02-8cf3-b5300ead3675,2026-05-11T01:00:00Z,2026-05-11T03:00:00+0200,6.8,EUR/MWh,FR,FR,day_ahead_price,value,2026-06-05T07:47:19Z
2026-06-05T07:46:33Z,2026-06-05T09:46:33+0200,a4488497-2a44-4b02-8cf3-b5300ead3675,2026-05-11T01:15:00Z,2026-05-11T03:15:00+0200,0.02,EUR/MWh,FR,FR,day_ahead_price,value,2026-06-05T07:47:19Z
2026-06-05T07:46:33Z,2026-06-05T09:46:33+0200,a4488497-2a44-4b02-8cf3-b5300ead3675,2026-05-11T01:30:00Z,2026-05-11T03:30:00+0200,0.0,EUR/MWh,FR,FR,day_ahead_price,value,2026-06-05T07:47:19Z
2026-06-05T07:46:33Z,2026-06-05T09:46:33+0200,a4488497-2a44-4b02-8cf3-b5300ead3675,2026-05-11T01:45:00Z,2026-05-11T03:45:00+0200,0.0,EUR/MWh,FR,FR,day_ahead_price,value,2026-06-05T07:47:19Z
2026-06-05T07:46:33Z,2026-06-05T09:46:33+0200,a4488497-2a44-4b02-8cf3-b5300ead3675,2026-05-11T02:00:00Z,2026-05-11T04:00:00+0200,11.54,EUR/MWh,FR,FR,day_ahead_price,value,2026-06-05T07:47:19Z
2026-06-05T07:46:33Z,2026-06-05T09:46:33+0200,a4488497-2a44-4b02-8cf3-b5300ead3675,2026-05-11T02:15:00Z,2026-05-11T04:15:00+0200,14.01,EUR/MWh,FR,FR,day_ahead_price,value,2026-06-05T07:47:19Z
2026-06-05T07:46:33Z,2026-06-05T09:46:33+0200,a4488497-2a44-4b02-8cf3-b5300ead3675,2026-05-11T02:30:00Z,2026-05-11T04:30:00+0200,19.96,EUR/MWh,FR,FR,day_ahead_price,value,2026-06-05T07:47:19Z
2026-06-05T07:46:33Z,2026-06-05T09:46:33+0200,a4488497-2a44-4b02-8cf3-b5300ead3675,2026-05-11T02:45:00Z,2026-05-11T04:45:00+0200,14.48,EUR/MWh,FR,FR,day_ahead_price,value,2026-06-05T07:47:19Z
2026-06-05T07:46:33Z,2026-06-05T09:46:33+0200,a4488497-2a44-4b02-8cf3-b5300ead3675,2026-05-11T03:00:00Z,2026-05-11T05:00:00+0200,15.06,EUR/MWh,FR,FR,day_ahead_price,value,2026-06-05T07:47:19Z
2026-06-05T07:46:33Z,2026-06-05T09:46:33+0200,a4488497-2a44-4b02-8cf3-b5300ead3675,2026-05-11T03:15:00Z,2026-05-11T05:15:00+0200,18.49,EUR/MWh,FR,FR,day_ahead_price,value,2026-06-05T07:47:19Z
2026-06-05T07:46:33Z,2026-06-05T09:46:33+0200,a4488497-2a44-4b02-8cf3-b5300ead3675,2026-05-11T03:30:00Z,2026-05-11T05:30:00+0200,1.8,EUR/MWh,FR,FR,day_ahead_price,value,2026-06-05T07:47:19Z
2026-06-05T07:46:33Z,2026-06-05T09:46:33+0200,a4488497-2a44-4b02-8cf3-b5300ead3675,2026-05-11T03:45:00Z,2026-05-11T05:45:00+0200,18.27,EUR/MWh,FR,FR,day_ahead_price,value,2026-06-05T07:47:19Z
2026-06-05T07:46:33Z,2026-06-05T09:46:33+0200,a4488497-2a44-4b02-8cf3-b5300ead3675,2026-05-11T04:00:00Z,2026-05-11T06:00:00+0200,10.69,EUR/MWh,FR,FR,day_ahead_price,value,2026-06-05T07:47:19Z
2026-06-05T07:46:33Z,2026-06-05T09:46:33+0200,a4488497-2a44-4b02-8cf3-b5300ead3675,2026-05-11T04:15:00Z,2026-05-11T06:15:00+0200,33.6,EUR/MWh,FR,FR,day_ahead_price,value,2026-06-05T07:47:19Z
2026-06-05T07:46:33Z,2026-06-05T09:46:33+0200,a4488497-2a44-4b02-8cf3-b5300ead3675,2026-05-11T04:30:00Z,2026-05-11T06:30:00+0200,34.08,EUR/MWh,FR,FR,day_ahead_price,value,2026-06-05T07:47:19Z
2026-06-05T07:46:33Z,2026-06-05T09:46:33+0200,a4488497-2a44-4b02-8cf3-b5300ead3675,2026-05-11T04:45:00Z,2026-05-11T06:45:00+0200,50.15,EUR/MWh,FR,FR,day_ahead_price,value,2026-06-05T07:47:19Z
2026-06-05T07:46:33Z,2026-06-05T09:46:33+0200,a4488497-2a44-4b02-8cf3-b5300ead3675,2026-05-11T05:00:00Z,2026-05-11T07:00:00+0200,39.04,EUR/MWh,FR,FR,day_ahead_price,value,2026-06-05T07:47:19Z
2026-06-05T07:46:33Z,2026-06-05T09:46:33+0200,a4488497-2a44-4b02-8cf3-b5300ead3675,2026-05-11T05:15:00Z,2026-05-11T07:15:00+0200,42.94,EUR/MWh,FR,FR,day_ahead_price,value,2026-06-05T07:47:19Z
2026-06-05T07:46:33Z,2026-06-05T09:46:33+0200,a4488497-2a44-4b02-8cf3-b5300ead3675,2026-05-11T05:30:00Z,2026-05-11T07:30:00+0200,69.14,EUR/MWh,FR,FR,day_ahead_price,value,2026-06-05T07:47:19Z
2026-06-05T07:46:33Z,2026-06-05T09:46:33+0200,a4488497-2a44-4b02-8cf3-b5300ead3675,2026-05-11T05:45:00Z,2026-05-11T07:45:00+0200,57.8,EUR/MWh,FR,FR,day_ahead_price,value,2026-06-05T07:47:19Z
2026-06-05T07:46:33Z,2026-06-05T09:46:33+0200,a4488497-2a44-4b02-8cf3-b5300ead3675,2026-05-11T06:00:00Z,2026-05-11T08:00:00+0200,87.79,EUR/MWh,FR,FR,day_ahead_price,value,2026-06-05T07:47:19Z
2026-06-05T07:46:33Z,2026-06-05T09:46:33+0200,a4488497-2a44-4b02-8cf3-b5300ead3675,2026-05-11T06:15:00Z,2026-05-11T08:15:00+0200,66.71,EUR/MWh,FR,FR,day_ahead_price,value,2026-06-05T07:47:19Z
2026-06-05T07:46:33Z,2026-06-05T09:46:33+0200,a4488497-2a44-4b02-8cf3-b5300ead3675,2026-05-11T06:30:00Z,2026-05-11T08:30:00+0200,59.78,EUR/MWh,FR,FR,day_ahead_price,value,2026-06-05T07:47:19Z
2026-06-05T07:46:33Z,2026-06-05T09:46:33+0200,a4488497-2a44-4b02-8cf3-b5300ead3675,2026-05-11T06:45:00Z,2026-05-11T08:45:00+0200,45.0,EUR/MWh,FR,FR,day_ahead_price,value,2026-06-05T07:47:19Z
2026-06-05T07:46:33Z,2026-06-05T09:46:33+0200,a4488497-2a44-4b02-8cf3-b5300ead3675,2026-05-11T07:00:00Z,2026-05-11T09:00:00+0200,58.6,EUR/MWh,FR,FR,day_ahead_price,value,2026-06-05T07:47:19Z
2026-06-05T07:46:33Z,2026-06-05T09:46:33+0200,a4488497-2a44-4b02-8cf3-b5300ead3675,2026-05-11T07:15:00Z,2026-05-11T09:15:00+0200,31.31,EUR/MWh,FR,FR,day_ahead_price,value,2026-06-05T07:47:19Z
2026-06-05T07:46:33Z,2026-06-05T09:46:33+0200,a4488497-2a44-4b02-8cf3-b5300ead3675,2026-05-11T07:30:00Z,2026-05-11T09:30:00+0200,25.1,EUR/MWh,FR,FR,day_ahead_price,value,2026-06-05T07:47:19Z
2026-06-05T07:46:33Z,2026-06-05T09:46:33+0200,a4488497-2a44-4b02-8cf3-b5300ead3675,2026-05-11T07:45:00Z,2026-05-11T09:45:00+0200,20.0,EUR/MWh,FR,FR,day_ahead_price,value,2026-06-05T07:47:19Z
2026-06-05T07:46:33Z,2026-06-05T09:46:33+0200,a4488497-2a44-4b02-8cf3-b5300ead3675,2026-05-11T08:00:00Z,2026-05-11T10:00:00+0200,23.45,EUR/MWh,FR,FR,day_ahead_price,value,2026-06-05T07:47:19Z
2026-06-05T07:46:33Z,2026-06-05T09:46:33+0200,a4488497-2a44-4b02-8cf3-b5300ead3675,2026-05-11T08:15:00Z,2026-05-11T10:15:00+0200,17.76,EUR/MWh,FR,FR,day_ahead_price,value,2026-06-05T07:47:19Z
2026-06-05T07:46:33Z,2026-06-05T09:46:33+0200,a4488497-2a44-4b02-8cf3-b5300ead3675,2026-05-11T08:30:00Z,2026-05-11T10:30:00+0200,16.28,EUR/MWh,FR,FR,day_ahead_price,value,2026-06-05T07:47:19Z
2026-06-05T07:46:33Z,2026-06-05T09:46:33+0200,a4488497-2a44-4b02-8cf3-b5300ead3675,2026-05-11T08:45:00Z,2026-05-11T10:45:00+0200,10.49,EUR/MWh,FR,FR,day_ahead_price,value,2026-06-05T07:47:19Z
2026-06-05T07:46:33Z,2026-06-05T09:46:33+0200,a4488497-2a44-4b02-8cf3-b5300ead3675,2026-05-11T09:00:00Z,2026-05-11T11:00:00+0200,6.0,EUR/MWh,FR,FR,day_ahead_price,value,2026-06-05T07:47:19Z
2026-06-05T07:46:33Z,2026-06-05T09:46:33+0200,a4488497-2a44-4b02-8cf3-b5300ead3675,2026-05-11T09:15:00Z,2026-05-11T11:15:00+0200,5.0,EUR/MWh,FR,FR,day_ahead_price,value,2026-06-05T07:47:19Z
2026-06-05T07:46:33Z,2026-06-05T09:46:33+0200,a4488497-2a44-4b02-8cf3-b5300ead3675,2026-05-11T09:30:00Z,2026-05-11T11:30:00+0200,3.08,EUR/MWh,FR,FR,day_ahead_price,value,2026-06-05T07:47:19Z
2026-06-05T07:46:33Z,2026-06-05T09:46:33+0200,a4488497-2a44-4b02-8cf3-b5300ead3675,2026-05-11T09:45:00Z,2026-05-11T11:45:00+0200,2.5,EUR/MWh,FR,FR,day_ahead_price,value,2026-06-05T07:47:19Z
2026-06-05T07:46:33Z,2026-06-05T09:46:33+0200,a4488497-2a44-4b02-8cf3-b5300ead3675,2026-05-11T10:00:00Z,2026-05-11T12:00:00+0200,6.74,EUR/MWh,FR,FR,day_ahead_price,value,2026-06-05T07:47:19Z
2026-06-05T07:46:33Z,2026-06-05T09:46:33+0200,a4488497-2a44-4b02-8cf3-b5300ead3675,2026-05-11T10:15:00Z,2026-05-11T12:15:00+0200,3.08,EUR/MWh,FR,FR,day_ahead_price,value,2026-06-05T07:47:19Z
2026-06-05T07:46:33Z,2026-06-05T09:46:33+0200,a4488497-2a44-4b02-8cf3-b5300ead3675,2026-05-11T10:30:00Z,2026-05-11T12:30:00+0200,3.0,EUR/MWh,FR,FR,day_ahead_price,value,2026-06-05T07:47:19Z
2026-06-05T07:46:33Z,2026-06-05T09:46:33+0200,a4488497-2a44-4b02-8cf3-b5300ead3675,2026-05-11T10:45:00Z,2026-05-11T12:45:00+0200,2.5,EUR/MWh,FR,FR,day_ahead_price,value,2026-06-05T07:47:19Z
2026-06-05T07:46:33Z,2026-06-05T09:46:33+0200,a4488497-2a44-4b02-8cf3-b5300ead3675,2026-05-11T11:00:00Z,2026-05-11T13:00:00+0200,1.5,EUR/MWh,FR,FR,day_ahead_price,value,2026-06-05T07:47:19Z
2026-06-05T07:46:33Z,2026-06-05T09:46:33+0200,a4488497-2a44-4b02-8cf3-b5300ead3675,2026-05-11T11:15:00Z,2026-05-11T13:15:00+0200,1.25,EUR/MWh,FR,FR,day_ahead_price,value,2026-06-05T07:47:19Z
2026-06-05T07:46:33Z,2026-06-05T09:46:33+0200,a4488497-2a44-4b02-8cf3-b5300ead3675,2026-05-11T11:30:00Z,2026-05-11T13:30:00+0200,1.25,EUR/MWh,FR,FR,day_ahead_price,value,2026-06-05T07:47:19Z
2026-06-05T07:46:33Z,2026-06-05T09:46:33+0200,a4488497-2a44-4b02-8cf3-b5300ead3675,2026-05-11T11:45:00Z,2026-05-11T13:45:00+0200,1.1,EUR/MWh,FR,FR,day_ahead_price,value,2026-06-05T07:47:19Z
2026-06-05T07:46:33Z,2026-06-05T09:46:33+0200,a4488497-2a44-4b02-8cf3-b5300ead3675,2026-05-11T12:00:00Z,2026-05-11T14:00:00+0200,1.5,EUR/MWh,FR,FR,day_ahead_price,value,2026-06-05T07:47:19Z
2026-06-05T07:46:33Z,2026-06-05T09:46:33+0200,a4488497-2a44-4b02-8cf3-b5300ead3675,2026-05-11T12:15:00Z,2026-05-11T14:15:00+0200,1.43,EUR/MWh,FR,FR,day_ahead_price,value,2026-06-05T07:47:19Z
2026-06-05T07:46:33Z,2026-06-05T09:46:33+0200,a4488497-2a44-4b02-8cf3-b5300ead3675,2026-05-11T12:30:00Z,2026-05-11T14:30:00+0200,1.1,EUR/MWh,FR,FR,day_ahead_price,value,2026-06-05T07:47:19Z
2026-06-05T07:46:33Z,2026-06-05T09:46:33+0200,a4488497-2a44-4b02-8cf3-b5300ead3675,2026-05-11T12:45:00Z,2026-05-11T14:45:00+0200,1.0,EUR/MWh,FR,FR,day_ahead_price,value,2026-06-05T07:47:19Z
2026-06-05T07:46:33Z,2026-06-05T09:46:33+0200,a4488497-2a44-4b02-8cf3-b5300ead3675,2026-05-11T13:00:00Z,2026-05-11T15:00:00+0200,0.84,EUR/MWh,FR,FR,day_ahead_price,value,2026-06-05T07:47:19Z
2026-06-05T07:46:33Z,2026-06-05T09:46:33+0200,a4488497-2a44-4b02-8cf3-b5300ead3675,2026-05-11T13:15:00Z,2026-05-11T15:15:00+0200,0.84,EUR/MWh,FR,FR,day_ahead_price,value,2026-06-05T07:47:19Z
2026-06-05T07:46:33Z,2026-06-05T09:46:33+0200,a4488497-2a44-4b02-8cf3-b5300ead3675,2026-05-11T13:30:00Z,2026-05-11T15:30:00+0200,0.51,EUR/MWh,FR,FR,day_ahead_price,value,2026-06-05T07:47:19Z
2026-06-05T07:46:33Z,2026-06-05T09:46:33+0200,a4488497-2a44-4b02-8cf3-b5300ead3675,2026-05-11T13:45:00Z,2026-05-11T15:45:00+0200,0.51,EUR/MWh,FR,FR,day_ahead_price,value,2026-06-05T07:47:19Z
2026-06-05T07:46:33Z,2026-06-05T09:46:33+0200,a4488497-2a44-4b02-8cf3-b5300ead3675,2026-05-11T14:00:00Z,2026-05-11T16:00:00+0200,0.0,EUR/MWh,FR,FR,day_ahead_price,value,2026-06-05T07:47:19Z
2026-06-05T07:46:33Z,2026-06-05T09:46:33+0200,a4488497-2a44-4b02-8cf3-b5300ead3675,2026-05-11T14:15:00Z,2026-05-11T16:15:00+0200,0.0,EUR/MWh,FR,FR,day_ahead_price,value,2026-06-05T07:47:19Z
2026-06-05T07:46:33Z,2026-06-05T09:46:33+0200,a4488497-2a44-4b02-8cf3-b5300ead3675,2026-05-11T14:30:00Z,2026-05-11T16:30:00+0200,0.0,EUR/MWh,FR,FR,day_ahead_price,value,2026-06-05T07:47:19Z
2026-06-05T07:46:33Z,2026-06-05T09:46:33+0200,a4488497-2a44-4b02-8cf3-b5300ead3675,2026-05-11T14:45:00Z,2026-05-11T16:45:00+0200,0.51,EUR/MWh,FR,FR,day_ahead_price,value,2026-06-05T07:47:19Z
2026-06-05T07:46:33Z,2026-06-05T09:46:33+0200,a4488497-2a44-4b02-8cf3-b5300ead3675,2026-05-11T15:00:00Z,2026-05-11T17:00:00+0200,0.84,EUR/MWh,FR,FR,day_ahead_price,value,2026-06-05T07:47:19Z
2026-06-05T07:46:33Z,2026-06-05T09:46:33+0200,a4488497-2a44-4b02-8cf3-b5300ead3675,2026-05-11T15:15:00Z,2026-05-11T17:15:00+0200,0.84,EUR/MWh,FR,FR,day_ahead_price,value,2026-06-05T07:47:19Z
2026-06-05T07:46:33Z,2026-06-05T09:46:33+0200,a4488497-2a44-4b02-8cf3-b5300ead3675,2026-05-11T15:30:00Z,2026-05-11T17:30:00+0200,1.1,EUR/MWh,FR,FR,day_ahead_price,value,2026-06-05T07:47:19Z
2026-06-05T07:46:33Z,2026-06-05T09:46:33+0200,a4488497-2a44-4b02-8cf3-b5300ead3675,2026-05-11T15:45:00Z,2026-05-11T17:45:00+0200,2.0,EUR/MWh,FR,FR,day_ahead_price,value,2026-06-05T07:47:19Z
2026-06-05T07:46:33Z,2026-06-05T09:46:33+0200,a4488497-2a44-4b02-8cf3-b5300ead3675,2026-05-11T16:00:00Z,2026-05-11T18:00:00+0200,2.0,EUR/MWh,FR,FR,day_ahead_price,value,2026-06-05T07:47:19Z
2026-06-05T07:46:33Z,2026-06-05T09:46:33+0200,a4488497-2a44-4b02-8cf3-b5300ead3675,2026-05-11T16:15:00Z,2026-05-11T18:15:00+0200,17.76,EUR/MWh,FR,FR,day_ahead_price,value,2026-06-05T07:47:19Z
2026-06-05T07:46:33Z,2026-06-05T09:46:33+0200,a4488497-2a44-4b02-8cf3-b5300ead3675,2026-05-11T16:30:00Z,2026-05-11T18:30:00+0200,28.01,EUR/MWh,FR,FR,day_ahead_price,value,2026-06-05T07:47:19Z
2026-06-05T07:46:33Z,2026-06-05T09:46:33+0200,a4488497-2a44-4b02-8cf3-b5300ead3675,2026-05-11T16:45:00Z,2026-05-11T18:45:00+0200,52.29,EUR/MWh,FR,FR,day_ahead_price,value,2026-06-05T07:47:19Z
2026-06-05T07:46:33Z,2026-06-05T09:46:33+0200,a4488497-2a44-4b02-8cf3-b5300ead3675,2026-05-11T17:00:00Z,2026-05-11T19:00:00+0200,53.11,EUR/MWh,FR,FR,day_ahead_price,value,2026-06-05T07:47:19Z
2026-06-05T07:46:33Z,2026-06-05T09:46:33+0200,a4488497-2a44-4b02-8cf3-b5300ead3675,2026-05-11T17:15:00Z,2026-05-11T19:15:00+0200,60.36,EUR/MWh,FR,FR,day_ahead_price,value,2026-06-05T07:47:19Z
2026-06-05T07:46:33Z,2026-06-05T09:46:33+0200,a4488497-2a44-4b02-8cf3-b5300ead3675,2026-05-11T17:30:00Z,2026-05-11T19:30:00+0200,87.73,EUR/MWh,FR,FR,day_ahead_price,value,2026-06-05T07:47:19Z
2026-06-05T07:46:33Z,2026-06-05T09:46:33+0200,a4488497-2a44-4b02-8cf3-b5300ead3675,2026-05-11T17:45:00Z,2026-05-11T19:45:00+0200,108.8,EUR/MWh,FR,FR,day_ahead_price,value,2026-06-05T07:47:19Z
2026-06-05T07:46:33Z,2026-06-05T09:46:33+0200,a4488497-2a44-4b02-8cf3-b5300ead3675,2026-05-11T18:00:00Z,2026-05-11T20:00:00+0200,103.01,EUR/MWh,FR,FR,day_ahead_price,value,2026-06-05T07:47:19Z
2026-06-05T07:46:33Z,2026-06-05T09:46:33+0200,a4488497-2a44-4b02-8cf3-b5300ead3675,2026-05-11T18:15:00Z,2026-05-11T20:15:00+0200,117.35,EUR/MWh,FR,FR,day_ahead_price,value,2026-06-05T07:47:19Z
2026-06-05T07:46:33Z,2026-06-05T09:46:33+0200,a4488497-2a44-4b02-8cf3-b5300ead3675,2026-05-11T18:30:00Z,2026-05-11T20:30:00+0200,127.97,EUR/MWh,FR,FR,day_ahead_price,value,2026-06-05T07:47:19Z
2026-06-05T07:46:33Z,2026-06-05T09:46:33+0200,a4488497-2a44-4b02-8cf3-b5300ead3675,2026-05-11T18:45:00Z,2026-05-11T20:45:00+0200,135.08,EUR/MWh,FR,FR,day_ahead_price,value,2026-06-05T07:47:19Z
2026-06-05T07:46:33Z,2026-06-05T09:46:33+0200,a4488497-2a44-4b02-8cf3-b5300ead3675,2026-05-11T19:00:00Z,2026-05-11T21:00:00+0200,134.18,EUR/MWh,FR,FR,day_ahead_price,value,2026-06-05T07:47:19Z
2026-06-05T07:46:33Z,2026-06-05T09:46:33+0200,a4488497-2a44-4b02-8cf3-b5300ead3675,2026-05-11T19:15:00Z,2026-05-11T21:15:00+0200,129.91,EUR/MWh,FR,FR,day_ahead_price,value,2026-06-05T07:47:19Z
2026-06-05T07:46:33Z,2026-06-05T09:46:33+0200,a4488497-2a44-4b02-8cf3-b5300ead3675,2026-05-11T19:30:00Z,2026-05-11T21:30:00+0200,123.99,EUR/MWh,FR,FR,day_ahead_price,value,2026-06-05T07:47:19Z
2026-06-05T07:46:33Z,2026-06-05T09:46:33+0200,a4488497-2a44-4b02-8cf3-b5300ead3675,2026-05-11T19:45:00Z,2026-05-11T21:45:00+0200,100.9,EUR/MWh,FR,FR,day_ahead_price,value,2026-06-05T07:47:19Z
2026-06-05T07:46:33Z,2026-06-05T09:46:33+0200,a4488497-2a44-4b02-8cf3-b5300ead3675,2026-05-11T20:00:00Z,2026-05-11T22:00:00+0200,126.86,EUR/MWh,FR,FR,day_ahead_price,value,2026-06-05T07:47:19Z
2026-06-05T07:46:33Z,2026-06-05T09:46:33+0200,a4488497-2a44-4b02-8cf3-b5300ead3675,2026-05-11T20:15:00Z,2026-05-11T22:15:00+0200,121.01,EUR/MWh,FR,FR,day_ahead_price,value,2026-06-05T07:47:19Z
2026-06-05T07:46:33Z,2026-06-05T09:46:33+0200,a4488497-2a44-4b02-8cf3-b5300ead3675,2026-05-11T20:30:00Z,2026-05-11T22:30:00+0200,121.86,EUR/MWh,FR,FR,day_ahead_price,value,2026-06-05T07:47:19Z
2026-06-05T07:46:33Z,2026-06-05T09:46:33+0200,a4488497-2a44-4b02-8cf3-b5300ead3675,2026-05-11T20:45:00Z,2026-05-11T22:45:00+0200,113.68,EUR/MWh,FR,FR,day_ahead_price,value,2026-06-05T07:47:19Z
2026-06-05T07:46:33Z,2026-06-05T09:46:33+0200,a4488497-2a44-4b02-8cf3-b5300ead3675,2026-05-11T21:00:00Z,2026-05-11T23:00:00+0200,119.35,EUR/MWh,FR,FR,day_ahead_price,value,2026-06-05T07:47:19Z
2026-06-05T07:46:33Z,2026-06-05T09:46:33+0200,a4488497-2a44-4b02-8cf3-b5300ead3675,2026-05-11T21:15:00Z,2026-05-11T23:15:00+0200,108.8,EUR/MWh,FR,FR,day_ahead_price,value,2026-06-05T07:47:19Z
2026-06-05T07:46:33Z,2026-06-05T09:46:33+0200,a4488497-2a44-4b02-8cf3-b5300ead3675,2026-05-11T21:30:00Z,2026-05-11T23:30:00+0200,108.3,EUR/MWh,FR,FR,day_ahead_price,value,2026-06-05T07:47:19Z
2026-06-05T07:46:33Z,2026-06-05T09:46:33+0200,a4488497-2a44-4b02-8cf3-b5300ead3675,2026-05-11T21:45:00Z,2026-05-11T23:45:00+0200,102.95,EUR/MWh,FR,FR,day_ahead_price,value,2026-06-05T07:47:19Z
2026-06-05T07:46:33Z,2026-06-05T09:46:33+0200,a4488497-2a44-4b02-8cf3-b5300ead3675,2026-05-11T22:00:00Z,2026-05-12T00:00:00+0200,106.33,EUR/MWh,FR,FR,day_ahead_price,value,2026-06-05T07:47:19Z
2026-06-05T07:46:33Z,2026-06-05T09:46:33+0200,a4488497-2a44-4b02-8cf3-b5300ead3675,2026-05-11T22:15:00Z,2026-05-12T00:15:00+0200,101.38,EUR/MWh,FR,FR,day_ahead_price,value,2026-06-05T07:47:19Z
2026-06-05T07:46:33Z,2026-06-05T09:46:33+0200,a4488497-2a44-4b02-8cf3-b5300ead3675,2026-05-11T22:30:00Z,2026-05-12T00:30:00+0200,97.21,EUR/MWh,FR,FR,day_ahead_price,value,2026-06-05T07:47:19Z
2026-06-05T07:46:33Z,2026-06-05T09:46:33+0200,a4488497-2a44-4b02-8cf3-b5300ead3675,2026-05-11T22:45:00Z,2026-05-12T00:45:00+0200,92.44,EUR/MWh,FR,FR,day_ahead_price,value,2026-06-05T07:47:19Z
2026-06-05T07:46:33Z,2026-06-05T09:46:33+0200,a4488497-2a44-4b02-8cf3-b5300ead3675,2026-05-11T23:00:00Z,2026-05-12T01:00:00+0200,96.0,EUR/MWh,FR,FR,day_ahead_price,value,2026-06-05T07:47:19Z
2026-06-05T07:46:33Z,2026-06-05T09:46:33+0200,a4488497-2a44-4b02-8cf3-b5300ead3675,2026-05-11T23:15:00Z,2026-05-12T01:15:00+0200,88.76,EUR/MWh,FR,FR,day_ahead_price,value,2026-06-05T07:47:19Z
2026-06-05T07:46:33Z,2026-06-05T09:46:33+0200,a4488497-2a44-4b02-8cf3-b5300ead3675,2026-05-11T23:30:00Z,2026-05-12T01:30:00+0200,93.01,EUR/MWh,FR,FR,day_ahead_price,value,2026-06-05T07:47:19Z
2026-06-05T07:46:33Z,2026-06-05T09:46:33+0200,a4488497-2a44-4b02-8cf3-b5300ead3675,2026-05-11T23:45:00Z,2026-05-12T01:45:00+0200,65.01,EUR/MWh,FR,FR,day_ahead_price,value,2026-06-05T07:47:19Z
2026-06-05T07:46:33Z,2026-06-05T09:46:33+0200,a4488497-2a44-4b02-8cf3-b5300ead3675,2026-05-12T00:00:00Z,2026-05-12T02:00:00+0200,71.5,EUR/MWh,FR,FR,day_ahead_price,value,2026-06-05T07:47:19Z
2026-06-05T07:46:33Z,2026-06-05T09:46:33+0200,a4488497-2a44-4b02-8cf3-b5300ead3675,2026-05-12T00:15:00Z,2026-05-12T02:15:00+0200,91.22,EUR/MWh,FR,FR,day_ahead_price,value,2026-06-05T07:47:19Z
2026-06-05T07:46:33Z,2026-06-05T09:46:33+0200,a4488497-2a44-4b02-8cf3-b5300ead3675,2026-05-12T00:30:00Z,2026-05-12T02:30:00+0200,67.8,EUR/MWh,FR,FR,day_ahead_price,value,2026-06-05T07:47:19Z
2026-06-05T07:46:33Z,2026-06-05T09:46:33+0200,a4488497-2a44-4b02-8cf3-b5300ead3675,2026-05-12T00:45:00Z,2026-05-12T02:45:00+0200,26.6,EUR/MWh,FR,FR,day_ahead_price,value,2026-06-05T07:47:19Z
2026-06-05T07:46:33Z,2026-06-05T09:46:33+0200,a4488497-2a44-4b02-8cf3-b5300ead3675,2026-05-12T01:00:00Z,2026-05-12T03:00:00+0200,80.2,EUR/MWh,FR,FR,day_ahead_price,value,2026-06-05T07:47:19Z
2026-06-05T07:46:33Z,2026-06-05T09:46:33+0200,a4488497-2a44-4b02-8cf3-b5300ead3675,2026-05-12T01:15:00Z,2026-05-12T03:15:00+0200,60.28,EUR/MWh,FR,FR,day_ahead_price,value,2026-06-05T07:47:19Z
2026-06-05T07:46:33Z,2026-06-05T09:46:33+0200,a4488497-2a44-4b02-8cf3-b5300ead3675,2026-05-12T01:30:00Z,2026-05-12T03:30:00+0200,57.8,EUR/MWh,FR,FR,day_ahead_price,value,2026-06-05T07:47:19Z
2026-06-05T07:46:33Z,2026-06-05T09:46:33+0200,a4488497-2a44-4b02-8cf3-b5300ead3675,2026-05-12T01:45:00Z,2026-05-12T03:45:00+0200,79.61,EUR/MWh,FR,FR,day_ahead_price,value,2026-06-05T07:47:19Z
2026-06-05T07:46:33Z,2026-06-05T09:46:33+0200,a4488497-2a44-4b02-8cf3-b5300ead3675,2026-05-12T02:00:00Z,2026-05-12T04:00:00+0200,80.0,EUR/MWh,FR,FR,day_ahead_price,value,2026-06-05T07:47:19Z
2026-06-05T07:46:33Z,2026-06-05T09:46:33+0200,a4488497-2a44-4b02-8cf3-b5300ead3675,2026-05-12T02:15:00Z,2026-05-12T04:15:00+0200,89.16,EUR/MWh,FR,FR,day_ahead_price,value,2026-06-05T07:47:19Z
2026-06-05T07:46:33Z,2026-06-05T09:46:33+0200,a4488497-2a44-4b02-8cf3-b5300ead3675,2026-05-12T02:30:00Z,2026-05-12T04:30:00+0200,90.59,EUR/MWh,FR,FR,day_ahead_price,value,2026-06-05T07:47:19Z
2026-06-05T07:46:33Z,2026-06-05T09:46:33+0200,a4488497-2a44-4b02-8cf3-b5300ead3675,2026-05-12T02:45:00Z,2026-05-12T04:45:00+0200,67.01,EUR/MWh,FR,FR,day_ahead_price,value,2026-06-05T07:47:19Z
2026-06-05T07:46:33Z,2026-06-05T09:46:33+0200,a4488497-2a44-4b02-8cf3-b5300ead3675,2026-05-12T03:00:00Z,2026-05-12T05:00:00+0200,84.02,EUR/MWh,FR,FR,day_ahead_price,value,2026-06-05T07:47:19Z
2026-06-05T07:46:33Z,2026-06-05T09:46:33+0200,a4488497-2a44-4b02-8cf3-b5300ead3675,2026-05-12T03:15:00Z,2026-05-12T05:15:00+0200,87.61,EUR/MWh,FR,FR,day_ahead_price,value,2026-06-05T07:47:19Z
2026-06-05T07:46:33Z,2026-06-05T09:46:33+0200,a4488497-2a44-4b02-8cf3-b5300ead3675,2026-05-12T03:30:00Z,2026-05-12T05:30:00+0200,91.57,EUR/MWh,FR,FR,day_ahead_price,value,2026-06-05T07:47:19Z
2026-06-05T07:46:33Z,2026-06-05T09:46:33+0200,a4488497-2a44-4b02-8cf3-b5300ead3675,2026-05-12T03:45:00Z,2026-05-12T05:45:00+0200,92.2,EUR/MWh,FR,FR,day_ahead_price,value,2026-06-05T07:47:19Z
2026-06-05T07:46:33Z,2026-06-05T09:46:33+0200,a4488497-2a44-4b02-8cf3-b5300ead3675,2026-05-12T04:00:00Z,2026-05-12T06:00:00+0200,98.46,EUR/MWh,FR,FR,day_ahead_price,value,2026-06-05T07:47:19Z
2026-06-05T07:46:33Z,2026-06-05T09:46:33+0200,a4488497-2a44-4b02-8cf3-b5300ead3675,2026-05-12T04:15:00Z,2026-05-12T06:15:00+0200,110.0,EUR/MWh,FR,FR,day_ahead_price,value,2026-06-05T07:47:19Z
2026-06-05T07:46:33Z,2026-06-05T09:46:33+0200,a4488497-2a44-4b02-8cf3-b5300ead3675,2026-05-12T04:30:00Z,2026-05-12T06:30:00+0200,114.17,EUR/MWh,FR,FR,day_ahead_price,value,2026-06-05T07:47:19Z
2026-06-05T07:46:33Z,2026-06-05T09:46:33+0200,a4488497-2a44-4b02-8cf3-b5300ead3675,2026-05-12T04:45:00Z,2026-05-12T06:45:00+0200,119.86,EUR/MWh,FR,FR,day_ahead_price,value,2026-06-05T07:47:19Z
2026-06-05T07:46:33Z,2026-06-05T09:46:33+0200,a4488497-2a44-4b02-8cf3-b5300ead3675,2026-05-12T05:00:00Z,2026-05-12T07:00:00+0200,126.09,EUR/MWh,FR,FR,day_ahead_price,value,2026-06-05T07:47:19Z
2026-06-05T07:46:33Z,2026-06-05T09:46:33+0200,a4488497-2a44-4b02-8cf3-b5300ead3675,2026-05-12T05:15:00Z,2026-05-12T07:15:00+0200,125.01,EUR/MWh,FR,FR,day_ahead_price,value,2026-06-05T07:47:19Z
2026-06-05T07:46:33Z,2026-06-05T09:46:33+0200,a4488497-2a44-4b02-8cf3-b5300ead3675,2026-05-12T05:30:00Z,2026-05-12T07:30:00+0200,122.85,EUR/MWh,FR,FR,day_ahead_price,value,2026-06-05T07:47:19Z
2026-06-05T07:46:33Z,2026-06-05T09:46:33+0200,a4488497-2a44-4b02-8cf3-b5300ead3675,2026-05-12T05:45:00Z,2026-05-12T07:45:00+0200,117.0,EUR/MWh,FR,FR,day_ahead_price,value,2026-06-05T07:47:19Z
2026-06-05T07:46:33Z,2026-06-05T09:46:33+0200,a4488497-2a44-4b02-8cf3-b5300ead3675,2026-05-12T06:00:00Z,2026-05-12T08:00:00+0200,125.05,EUR/MWh,FR,FR,day_ahead_price,value,2026-06-05T07:47:19Z
2026-06-05T07:46:33Z,2026-06-05T09:46:33+0200,a4488497-2a44-4b02-8cf3-b5300ead3675,2026-05-12T06:15:00Z,2026-05-12T08:15:00+0200,118.0,EUR/MWh,FR,FR,day_ahead_price,value,2026-06-05T07:47:19Z
2026-06-05T07:46:33Z,2026-06-05T09:46:33+0200,a4488497-2a44-4b02-8cf3-b5300ead3675,2026-05-12T06:30:00Z,2026-05-12T08:30:00+0200,108.53,EUR/MWh,FR,FR,day_ahead_price,value,2026-06-05T07:47:19Z
2026-06-05T07:46:33Z,2026-06-05T09:46:33+0200,a4488497-2a44-4b02-8cf3-b5300ead3675,2026-05-12T06:45:00Z,2026-05-12T08:45:00+0200,97.0,EUR/MWh,FR,FR,day_ahead_price,value,2026-06-05T07:47:19Z
2026-06-05T07:46:33Z,2026-06-05T09:46:33+0200,a4488497-2a44-4b02-8cf3-b5300ead3675,2026-05-12T07:00:00Z,2026-05-12T09:00:00+0200,108.53,EUR/MWh,FR,FR,day_ahead_price,value,2026-06-05T07:47:19Z
2026-06-05T07:46:33Z,2026-06-05T09:46:33+0200,a4488497-2a44-4b02-8cf3-b5300ead3675,2026-05-12T07:15:00Z,2026-05-12T09:15:00+0200,100.0,EUR/MWh,FR,FR,day_ahead_price,value,2026-06-05T07:47:19Z
2026-06-05T07:46:33Z,2026-06-05T09:46:33+0200,a4488497-2a44-4b02-8cf3-b5300ead3675,2026-05-12T07:30:00Z,2026-05-12T09:30:00+0200,92.78,EUR/MWh,FR,FR,day_ahead_price,value,2026-06-05T07:47:19Z
2026-06-05T07:46:33Z,2026-06-05T09:46:33+0200,a4488497-2a44-4b02-8cf3-b5300ead3675,2026-05-12T07:45:00Z,2026-05-12T09:45:00+0200,74.99,EUR/MWh,FR,FR,day_ahead_price,value,2026-06-05T07:47:19Z
2026-06-05T07:46:33Z,2026-06-05T09:46:33+0200,a4488497-2a44-4b02-8cf3-b5300ead3675,2026-05-12T08:00:00Z,2026-05-12T10:00:00+0200,80.72,EUR/MWh,FR,FR,day_ahead_price,value,2026-06-05T07:47:19Z
2026-06-05T07:46:33Z,2026-06-05T09:46:33+0200,a4488497-2a44-4b02-8cf3-b5300ead3675,2026-05-12T08:15:00Z,2026-05-12T10:15:00+0200,47.06,EUR/MWh,FR,FR,day_ahead_price,value,2026-06-05T07:47:19Z
2026-06-05T07:46:33Z,2026-06-05T09:46:33+0200,a4488497-2a44-4b02-8cf3-b5300ead3675,2026-05-12T08:30:00Z,2026-05-12T10:30:00+0200,25.1,EUR/MWh,FR,FR,day_ahead_price,value,2026-06-05T07:47:19Z
2026-06-05T07:46:33Z,2026-06-05T09:46:33+0200,a4488497-2a44-4b02-8cf3-b5300ead3675,2026-05-12T08:45:00Z,2026-05-12T10:45:00+0200,20.84,EUR/MWh,FR,FR,day_ahead_price,value,2026-06-05T07:47:19Z
2026-06-05T07:46:33Z,2026-06-05T09:46:33+0200,a4488497-2a44-4b02-8cf3-b5300ead3675,2026-05-12T09:00:00Z,2026-05-12T11:00:00+0200,22.23,EUR/MWh,FR,FR,day_ahead_price,value,2026-06-05T07:47:19Z
2026-06-05T07:46:33Z,2026-06-05T09:46:33+0200,a4488497-2a44-4b02-8cf3-b5300ead3675,2026-05-12T09:15:00Z,2026-05-12T11:15:00+0200,20.45,EUR/MWh,FR,FR,day_ahead_price,value,2026-06-05T07:47:19Z
2026-06-05T07:46:33Z,2026-06-05T09:46:33+0200,a4488497-2a44-4b02-8cf3-b5300ead3675,2026-05-12T09:30:00Z,2026-05-12T11:30:00+0200,16.39,EUR/MWh,FR,FR,day_ahead_price,value,2026-06-05T07:47:19Z
2026-06-05T07:46:33Z,2026-06-05T09:46:33+0200,a4488497-2a44-4b02-8cf3-b5300ead3675,2026-05-12T09:45:00Z,2026-05-12T11:45:00+0200,16.13,EUR/MWh,FR,FR,day_ahead_price,value,2026-06-05T07:47:19Z
2026-06-05T07:46:33Z,2026-06-05T09:46:33+0200,a4488497-2a44-4b02-8cf3-b5300ead3675,2026-05-12T10:00:00Z,2026-05-12T12:00:00+0200,19.75,EUR/MWh,FR,FR,day_ahead_price,value,2026-06-05T07:47:19Z
2026-06-05T07:46:33Z,2026-06-05T09:46:33+0200,a4488497-2a44-4b02-8cf3-b5300ead3675,2026-05-12T10:15:00Z,2026-05-12T12:15:00+0200,16.13,EUR/MWh,FR,FR,day_ahead_price,value,2026-06-05T07:47:19Z
2026-06-05T07:46:33Z,2026-06-05T09:46:33+0200,a4488497-2a44-4b02-8cf3-b5300ead3675,2026-05-12T10:30:00Z,2026-05-12T12:30:00+0200,15.23,EUR/MWh,FR,FR,day_ahead_price,value,2026-06-05T07:47:19Z
2026-06-05T07:46:33Z,2026-06-05T09:46:33+0200,a4488497-2a44-4b02-8cf3-b5300ead3675,2026-05-12T10:45:00Z,2026-05-12T12:45:00+0200,11.0,EUR/MWh,FR,FR,day_ahead_price,value,2026-06-05T07:47:19Z
2026-06-05T07:46:33Z,2026-06-05T09:46:33+0200,a4488497-2a44-4b02-8cf3-b5300ead3675,2026-05-12T11:00:00Z,2026-05-12T13:00:00+0200,5.41,EUR/MWh,FR,FR,day_ahead_price,value,2026-06-05T07:47:19Z
2026-06-05T07:46:33Z,2026-06-05T09:46:33+0200,a4488497-2a44-4b02-8cf3-b5300ead3675,2026-05-12T11:15:00Z,2026-05-12T13:15:00+0200,3.08,EUR/MWh,FR,FR,day_ahead_price,value,2026-06-05T07:47:19Z
2026-06-05T07:46:33Z,2026-06-05T09:46:33+0200,a4488497-2a44-4b02-8cf3-b5300ead3675,2026-05-12T11:30:00Z,2026-05-12T13:30:00+0200,2.0,EUR/MWh,FR,FR,day_ahead_price,value,2026-06-05T07:47:19Z
2026-06-05T07:46:33Z,2026-06-05T09:46:33+0200,a4488497-2a44-4b02-8cf3-b5300ead3675,2026-05-12T11:45:00Z,2026-05-12T13:45:00+0200,1.2,EUR/MWh,FR,FR,day_ahead_price,value,2026-06-05T07:47:19Z
2026-06-05T07:46:33Z,2026-06-05T09:46:33+0200,a4488497-2a44-4b02-8cf3-b5300ead3675,2026-05-12T12:00:00Z,2026-05-12T14:00:00+0200,1.28,EUR/MWh,FR,FR,day_ahead_price,value,2026-06-05T07:47:19Z
2026-06-05T07:46:33Z,2026-06-05T09:46:33+0200,a4488497-2a44-4b02-8cf3-b5300ead3675,2026-05-12T12:15:00Z,2026-05-12T14:15:00+0200,1.09,EUR/MWh,FR,FR,day_ahead_price,value,2026-06-05T07:47:19Z
2026-06-05T07:46:33Z,2026-06-05T09:46:33+0200,a4488497-2a44-4b02-8cf3-b5300ead3675,2026-05-12T12:30:00Z,2026-05-12T14:30:00+0200,0.84,EUR/MWh,FR,FR,day_ahead_price,value,2026-06-05T07:47:19Z
2026-06-05T07:46:33Z,2026-06-05T09:46:33+0200,a4488497-2a44-4b02-8cf3-b5300ead3675,2026-05-12T12:45:00Z,2026-05-12T14:45:00+0200,0.84,EUR/MWh,FR,FR,day_ahead_price,value,2026-06-05T07:47:19Z
2026-06-05T07:46:33Z,2026-06-05T09:46:33+0200,a4488497-2a44-4b02-8cf3-b5300ead3675,2026-05-12T13:00:00Z,2026-05-12T15:00:00+0200,0.51,EUR/MWh,FR,FR,day_ahead_price,value,2026-06-05T07:47:19Z
2026-06-05T07:46:33Z,2026-06-05T09:46:33+0200,a4488497-2a44-4b02-8cf3-b5300ead3675,2026-05-12T13:15:00Z,2026-05-12T15:15:00+0200,0.51,EUR/MWh,FR,FR,day_ahead_price,value,2026-06-05T07:47:19Z
2026-06-05T07:46:33Z,2026-06-05T09:46:33+0200,a4488497-2a44-4b02-8cf3-b5300ead3675,2026-05-12T13:30:00Z,2026-05-12T15:30:00+0200,0.01,EUR/MWh,FR,FR,day_ahead_price,value,2026-06-05T07:47:19Z
2026-06-05T07:46:33Z,2026-06-05T09:46:33+0200,a4488497-2a44-4b02-8cf3-b5300ead3675,2026-05-12T13:45:00Z,2026-05-12T15:45:00+0200,0.01,EUR/MWh,FR,FR,day_ahead_price,value,2026-06-05T07:47:19Z
2026-06-05T07:46:33Z,2026-06-05T09:46:33+0200,a4488497-2a44-4b02-8cf3-b5300ead3675,2026-05-12T14:00:00Z,2026-05-12T16:00:00+0200,0.0,EUR/MWh,FR,FR,day_ahead_price,value,2026-06-05T07:47:19Z
2026-06-05T07:46:33Z,2026-06-05T09:46:33+0200,a4488497-2a44-4b02-8cf3-b5300ead3675,2026-05-12T14:15:00Z,2026-05-12T16:15:00+0200,0.01,EUR/MWh,FR,FR,day_ahead_price,value,2026-06-05T07:47:19Z
2026-06-05T07:46:33Z,2026-06-05T09:46:33+0200,a4488497-2a44-4b02-8cf3-b5300ead3675,2026-05-12T14:30:00Z,2026-05-12T16:30:00+0200,0.51,EUR/MWh,FR,FR,day_ahead_price,value,2026-06-05T07:47:19Z
2026-06-05T07:46:33Z,2026-06-05T09:46:33+0200,a4488497-2a44-4b02-8cf3-b5300ead3675,2026-05-12T14:45:00Z,2026-05-12T16:45:00+0200,0.65,EUR/MWh,FR,FR,day_ahead_price,value,2026-06-05T07:47:19Z
2026-06-05T07:46:33Z,2026-06-05T09:46:33+0200,a4488497-2a44-4b02-8cf3-b5300ead3675,2026-05-12T15:00:00Z,2026-05-12T17:00:00+0200,0.84,EUR/MWh,FR,FR,day_ahead_price,value,2026-06-05T07:47:19Z
2026-06-05T07:46:33Z,2026-06-05T09:46:33+0200,a4488497-2a44-4b02-8cf3-b5300ead3675,2026-05-12T15:15:00Z,2026-05-12T17:15:00+0200,1.09,EUR/MWh,FR,FR,day_ahead_price,value,2026-06-05T07:47:19Z
2026-06-05T07:46:33Z,2026-06-05T09:46:33+0200,a4488497-2a44-4b02-8cf3-b5300ead3675,2026-05-12T15:30:00Z,2026-05-12T17:30:00+0200,3.08,EUR/MWh,FR,FR,day_ahead_price,value,2026-06-05T07:47:19Z
2026-06-05T07:46:33Z,2026-06-05T09:46:33+0200,a4488497-2a44-4b02-8cf3-b5300ead3675,2026-05-12T15:45:00Z,2026-05-12T17:45:00+0200,55.37,EUR/MWh,FR,FR,day_ahead_price,value,2026-06-05T07:47:19Z
2026-06-05T07:46:33Z,2026-06-05T09:46:33+0200,a4488497-2a44-4b02-8cf3-b5300ead3675,2026-05-12T16:00:00Z,2026-05-12T18:00:00+0200,33.22,EUR/MWh,FR,FR,day_ahead_price,value,2026-06-05T07:47:19Z
2026-06-05T07:46:33Z,2026-06-05T09:46:33+0200,a4488497-2a44-4b02-8cf3-b5300ead3675,2026-05-12T16:15:00Z,2026-05-12T18:15:00+0200,75.97,EUR/MWh,FR,FR,day_ahead_price,value,2026-06-05T07:47:19Z
2026-06-05T07:46:33Z,2026-06-05T09:46:33+0200,a4488497-2a44-4b02-8cf3-b5300ead3675,2026-05-12T16:30:00Z,2026-05-12T18:30:00+0200,68.5,EUR/MWh,FR,FR,day_ahead_price,value,2026-06-05T07:47:19Z
2026-06-05T07:46:33Z,2026-06-05T09:46:33+0200,a4488497-2a44-4b02-8cf3-b5300ead3675,2026-05-12T16:45:00Z,2026-05-12T18:45:00+0200,118.47,EUR/MWh,FR,FR,day_ahead_price,value,2026-06-05T07:47:19Z
2026-06-05T07:46:33Z,2026-06-05T09:46:33+0200,a4488497-2a44-4b02-8cf3-b5300ead3675,2026-05-12T17:00:00Z,2026-05-12T19:00:00+0200,58.39,EUR/MWh,FR,FR,day_ahead_price,value,2026-06-05T07:47:19Z
2026-06-05T07:46:33Z,2026-06-05T09:46:33+0200,a4488497-2a44-4b02-8cf3-b5300ead3675,2026-05-12T17:15:00Z,2026-05-12T19:15:00+0200,96.13,EUR/MWh,FR,FR,day_ahead_price,value,2026-06-05T07:47:19Z
2026-06-05T07:46:33Z,2026-06-05T09:46:33+0200,a4488497-2a44-4b02-8cf3-b5300ead3675,2026-05-12T17:30:00Z,2026-05-12T19:30:00+0200,137.91,EUR/MWh,FR,FR,day_ahead_price,value,2026-06-05T07:47:19Z
2026-06-05T07:46:33Z,2026-06-05T09:46:33+0200,a4488497-2a44-4b02-8cf3-b5300ead3675,2026-05-12T17:45:00Z,2026-05-12T19:45:00+0200,153.03,EUR/MWh,FR,FR,day_ahead_price,value,2026-06-05T07:47:19Z
2026-06-05T07:46:33Z,2026-06-05T09:46:33+0200,a4488497-2a44-4b02-8cf3-b5300ead3675,2026-05-12T18:00:00Z,2026-05-12T20:00:00+0200,92.78,EUR/MWh,FR,FR,day_ahead_price,value,2026-06-05T07:47:19Z
2026-06-05T07:46:33Z,2026-06-05T09:46:33+0200,a4488497-2a44-4b02-8cf3-b5300ead3675,2026-05-12T18:15:00Z,2026-05-12T20:15:00+0200,104.06,EUR/MWh,FR,FR,day_ahead_price,value,2026-06-05T07:47:19Z
2026-06-05T07:46:33Z,2026-06-05T09:46:33+0200,a4488497-2a44-4b02-8cf3-b5300ead3675,2026-05-12T18:30:00Z,2026-05-12T20:30:00+0200,112.0,EUR/MWh,FR,FR,day_ahead_price,value,2026-06-05T07:47:19Z
2026-06-05T07:46:33Z,2026-06-05T09:46:33+0200,a4488497-2a44-4b02-8cf3-b5300ead3675,2026-05-12T18:45:00Z,2026-05-12T20:45:00+0200,119.6,EUR/MWh,FR,FR,day_ahead_price,value,2026-06-05T07:47:19Z
2026-06-05T07:46:33Z,2026-06-05T09:46:33+0200,a4488497-2a44-4b02-8cf3-b5300ead3675,2026-05-12T19:00:00Z,2026-05-12T21:00:00+0200,121.0,EUR/MWh,FR,FR,day_ahead_price,value,2026-06-05T07:47:19Z
2026-06-05T07:46:33Z,2026-06-05T09:46:33+0200,a4488497-2a44-4b02-8cf3-b5300ead3675,2026-05-12T19:15:00Z,2026-05-12T21:15:00+0200,125.5,EUR/MWh,FR,FR,day_ahead_price,value,2026-06-05T07:47:19Z
2026-06-05T07:46:33Z,2026-06-05T09:46:33+0200,a4488497-2a44-4b02-8cf3-b5300ead3675,2026-05-12T19:30:00Z,2026-05-12T21:30:00+0200,126.04,EUR/MWh,FR,FR,day_ahead_price,value,2026-06-05T07:47:19Z
2026-06-05T07:46:33Z,2026-06-05T09:46:33+0200,a4488497-2a44-4b02-8cf3-b5300ead3675,2026-05-12T19:45:00Z,2026-05-12T21:45:00+0200,121.34,EUR/MWh,FR,FR,day_ahead_price,value,2026-06-05T07:47:19Z
2026-06-05T07:46:33Z,2026-06-05T09:46:33+0200,a4488497-2a44-4b02-8cf3-b5300ead3675,2026-05-12T20:00:00Z,2026-05-12T22:00:00+0200,126.53,EUR/MWh,FR,FR,day_ahead_price,value,2026-06-05T07:47:19Z
2026-06-05T07:46:33Z,2026-06-05T09:46:33+0200,a4488497-2a44-4b02-8cf3-b5300ead3675,2026-05-12T20:15:00Z,2026-05-12T22:15:00+0200,122.09,EUR/MWh,FR,FR,day_ahead_price,value,2026-06-05T07:47:19Z
2026-06-05T07:46:33Z,2026-06-05T09:46:33+0200,a4488497-2a44-4b02-8cf3-b5300ead3675,2026-05-12T20:30:00Z,2026-05-12T22:30:00+0200,121.01,EUR/MWh,FR,FR,day_ahead_price,value,2026-06-05T07:47:19Z
2026-06-05T07:46:33Z,2026-06-05T09:46:33+0200,a4488497-2a44-4b02-8cf3-b5300ead3675,2026-05-12T20:45:00Z,2026-05-12T22:45:00+0200,117.0,EUR/MWh,FR,FR,day_ahead_price,value,2026-06-05T07:47:19Z
2026-06-05T07:46:33Z,2026-06-05T09:46:33+0200,a4488497-2a44-4b02-8cf3-b5300ead3675,2026-05-12T21:00:00Z,2026-05-12T23:00:00+0200,113.06,EUR/MWh,FR,FR,day_ahead_price,value,2026-06-05T07:47:19Z
2026-06-05T07:46:33Z,2026-06-05T09:46:33+0200,a4488497-2a44-4b02-8cf3-b5300ead3675,2026-05-12T21:15:00Z,2026-05-12T23:15:00+0200,108.53,EUR/MWh,FR,FR,day_ahead_price,value,2026-06-05T07:47:19Z
2026-06-05T07:46:33Z,2026-06-05T09:46:33+0200,a4488497-2a44-4b02-8cf3-b5300ead3675,2026-05-12T21:30:00Z,2026-05-12T23:30:00+0200,107.03,EUR/MWh,FR,FR,day_ahead_price,value,2026-06-05T07:47:19Z
2026-06-05T07:46:33Z,2026-06-05T09:46:33+0200,a4488497-2a44-4b02-8cf3-b5300ead3675,2026-05-12T21:45:00Z,2026-05-12T23:45:00+0200,100.0,EUR/MWh,FR,FR,day_ahead_price,value,2026-06-05T07:47:19Z
2026-06-05T07:46:33Z,2026-06-05T09:46:33+0200,a4488497-2a44-4b02-8cf3-b5300ead3675,2026-05-12T22:00:00Z,2026-05-13T00:00:00+0200,93.3,EUR/MWh,FR,FR,day_ahead_price,value,2026-06-05T07:47:19Z
2026-06-05T07:46:33Z,2026-06-05T09:46:33+0200,a4488497-2a44-4b02-8cf3-b5300ead3675,2026-05-12T22:15:00Z,2026-05-13T00:15:00+0200,84.55,EUR/MWh,FR,FR,day_ahead_price,value,2026-06-05T07:47:19Z
2026-06-05T07:46:33Z,2026-06-05T09:46:33+0200,a4488497-2a44-4b02-8cf3-b5300ead3675,2026-05-12T22:30:00Z,2026-05-13T00:30:00+0200,50.01,EUR/MWh,FR,FR,day_ahead_price,value,2026-06-05T07:47:19Z
2026-06-05T07:46:33Z,2026-06-05T09:46:33+0200,a4488497-2a44-4b02-8cf3-b5300ead3675,2026-05-12T22:45:00Z,2026-05-13T00:45:00+0200,48.94,EUR/MWh,FR,FR,day_ahead_price,value,2026-06-05T07:47:19Z
2026-06-05T07:46:33Z,2026-06-05T09:46:33+0200,a4488497-2a44-4b02-8cf3-b5300ead3675,2026-05-12T23:00:00Z,2026-05-13T01:00:00+0200,83.33,EUR/MWh,FR,FR,day_ahead_price,value,2026-06-05T07:47:19Z
2026-06-05T07:46:33Z,2026-06-05T09:46:33+0200,a4488497-2a44-4b02-8cf3-b5300ead3675,2026-05-12T23:15:00Z,2026-05-13T01:15:00+0200,83.33,EUR/MWh,FR,FR,day_ahead_price,value,2026-06-05T07:47:19Z
2026-06-05T07:46:33Z,2026-06-05T09:46:33+0200,a4488497-2a44-4b02-8cf3-b5300ead3675,2026-05-12T23:30:00Z,2026-05-13T01:30:00+0200,83.09,EUR/MWh,FR,FR,day_ahead_price,value,2026-06-05T07:47:19Z
2026-06-05T07:46:33Z,2026-06-05T09:46:33+0200,a4488497-2a44-4b02-8cf3-b5300ead3675,2026-05-12T23:45:00Z,2026-05-13T01:45:00+0200,76.87,EUR/MWh,FR,FR,day_ahead_price,value,2026-06-05T07:47:19Z
2026-06-05T07:46:33Z,2026-06-05T09:46:33+0200,a4488497-2a44-4b02-8cf3-b5300ead3675,2026-05-13T00:00:00Z,2026-05-13T02:00:00+0200,81.0,EUR/MWh,FR,FR,day_ahead_price,value,2026-06-05T07:47:19Z
2026-06-05T07:46:33Z,2026-06-05T09:46:33+0200,a4488497-2a44-4b02-8cf3-b5300ead3675,2026-05-13T00:15:00Z,2026-05-13T02:15:00+0200,80.0,EUR/MWh,FR,FR,day_ahead_price,value,2026-06-05T07:47:19Z
2026-06-05T07:46:33Z,2026-06-05T09:46:33+0200,a4488497-2a44-4b02-8cf3-b5300ead3675,2026-05-13T00:30:00Z,2026-05-13T02:30:00+0200,30.11,EUR/MWh,FR,FR,day_ahead_price,value,2026-06-05T07:47:19Z
2026-06-05T07:46:33Z,2026-06-05T09:46:33+0200,a4488497-2a44-4b02-8cf3-b5300ead3675,2026-05-13T00:45:00Z,2026-05-13T02:45:00+0200,32.47,EUR/MWh,FR,FR,day_ahead_price,value,2026-06-05T07:47:19Z
2026-06-05T07:46:33Z,2026-06-05T09:46:33+0200,a4488497-2a44-4b02-8cf3-b5300ead3675,2026-05-13T01:00:00Z,2026-05-13T03:00:00+0200,37.6,EUR/MWh,FR,FR,day_ahead_price,value,2026-06-05T07:47:19Z
2026-06-05T07:46:33Z,2026-06-05T09:46:33+0200,a4488497-2a44-4b02-8cf3-b5300ead3675,2026-05-13T01:15:00Z,2026-05-13T03:15:00+0200,32.5,EUR/MWh,FR,FR,day_ahead_price,value,2026-06-05T07:47:19Z
2026-06-05T07:46:33Z,2026-06-05T09:46:33+0200,a4488497-2a44-4b02-8cf3-b5300ead3675,2026-05-13T01:30:00Z,2026-05-13T03:30:00+0200,25.0,EUR/MWh,FR,FR,day_ahead_price,value,2026-06-05T07:47:19Z
2026-06-05T07:46:33Z,2026-06-05T09:46:33+0200,a4488497-2a44-4b02-8cf3-b5300ead3675,2026-05-13T01:45:00Z,2026-05-13T03:45:00+0200,32.95,EUR/MWh,FR,FR,day_ahead_price,value,2026-06-05T07:47:19Z
2026-06-05T07:46:33Z,2026-06-05T09:46:33+0200,a4488497-2a44-4b02-8cf3-b5300ead3675,2026-05-13T02:00:00Z,2026-05-13T04:00:00+0200,33.99,EUR/MWh,FR,FR,day_ahead_price,value,2026-06-05T07:47:19Z
2026-06-05T07:46:33Z,2026-06-05T09:46:33+0200,a4488497-2a44-4b02-8cf3-b5300ead3675,2026-05-13T02:15:00Z,2026-05-13T04:15:00+0200,32.88,EUR/MWh,FR,FR,day_ahead_price,value,2026-06-05T07:47:19Z
2026-06-05T07:46:33Z,2026-06-05T09:46:33+0200,a4488497-2a44-4b02-8cf3-b5300ead3675,2026-05-13T02:30:00Z,2026-05-13T04:30:00+0200,34.81,EUR/MWh,FR,FR,day_ahead_price,value,2026-06-05T07:47:19Z
2026-06-05T07:46:33Z,2026-06-05T09:46:33+0200,a4488497-2a44-4b02-8cf3-b5300ead3675,2026-05-13T02:45:00Z,2026-05-13T04:45:00+0200,44.75,EUR/MWh,FR,FR,day_ahead_price,value,2026-06-05T07:47:19Z
2026-06-05T07:46:33Z,2026-06-05T09:46:33+0200,a4488497-2a44-4b02-8cf3-b5300ead3675,2026-05-13T03:00:00Z,2026-05-13T05:00:00+0200,82.01,EUR/MWh,FR,FR,day_ahead_price,value,2026-06-05T07:47:19Z
2026-06-05T07:46:33Z,2026-06-05T09:46:33+0200,a4488497-2a44-4b02-8cf3-b5300ead3675,2026-05-13T03:15:00Z,2026-05-13T05:15:00+0200,42.99,EUR/MWh,FR,FR,day_ahead_price,value,2026-06-05T07:47:19Z
2026-06-05T07:46:33Z,2026-06-05T09:46:33+0200,a4488497-2a44-4b02-8cf3-b5300ead3675,2026-05-13T03:30:00Z,2026-05-13T05:30:00+0200,23.0,EUR/MWh,FR,FR,day_ahead_price,value,2026-06-05T07:47:19Z
2026-06-05T07:46:33Z,2026-06-05T09:46:33+0200,a4488497-2a44-4b02-8cf3-b5300ead3675,2026-05-13T03:45:00Z,2026-05-13T05:45:00+0200,6.83,EUR/MWh,FR,FR,day_ahead_price,value,2026-06-05T07:47:19Z
2026-06-05T07:46:33Z,2026-06-05T09:46:33+0200,a4488497-2a44-4b02-8cf3-b5300ead3675,2026-05-13T04:00:00Z,2026-05-13T06:00:00+0200,34.56,EUR/MWh,FR,FR,day_ahead_price,value,2026-06-05T07:47:19Z
2026-06-05T07:46:33Z,2026-06-05T09:46:33+0200,a4488497-2a44-4b02-8cf3-b5300ead3675,2026-05-13T04:15:00Z,2026-05-13T06:15:00+0200,33.71,EUR/MWh,FR,FR,day_ahead_price,value,2026-06-05T07:47:19Z
2026-06-05T07:46:33Z,2026-06-05T09:46:33+0200,a4488497-2a44-4b02-8cf3-b5300ead3675,2026-05-13T04:30:00Z,2026-05-13T06:30:00+0200,61.0,EUR/MWh,FR,FR,day_ahead_price,value,2026-06-05T07:47:19Z
2026-06-05T07:46:33Z,2026-06-05T09:46:33+0200,a4488497-2a44-4b02-8cf3-b5300ead3675,2026-05-13T04:45:00Z,2026-05-13T06:45:00+0200,47.01,EUR/MWh,FR,FR,day_ahead_price,value,2026-06-05T07:47:19Z
2026-06-05T07:46:33Z,2026-06-05T09:46:33+0200,a4488497-2a44-4b02-8cf3-b5300ead3675,2026-05-13T05:00:00Z,2026-05-13T07:00:00+0200,85.75,EUR/MWh,FR,FR,day_ahead_price,value,2026-06-05T07:47:19Z
2026-06-05T07:46:33Z,2026-06-05T09:46:33+0200,a4488497-2a44-4b02-8cf3-b5300ead3675,2026-05-13T05:15:00Z,2026-05-13T07:15:00+0200,81.11,EUR/MWh,FR,FR,day_ahead_price,value,2026-06-05T07:47:19Z
2026-06-05T07:46:33Z,2026-06-05T09:46:33+0200,a4488497-2a44-4b02-8cf3-b5300ead3675,2026-05-13T05:30:00Z,2026-05-13T07:30:00+0200,72.8,EUR/MWh,FR,FR,day_ahead_price,value,2026-06-05T07:47:19Z
2026-06-05T07:46:33Z,2026-06-05T09:46:33+0200,a4488497-2a44-4b02-8cf3-b5300ead3675,2026-05-13T05:45:00Z,2026-05-13T07:45:00+0200,62.74,EUR/MWh,FR,FR,day_ahead_price,value,2026-06-05T07:47:19Z
2026-06-05T07:46:33Z,2026-06-05T09:46:33+0200,a4488497-2a44-4b02-8cf3-b5300ead3675,2026-05-13T06:00:00Z,2026-05-13T08:00:00+0200,84.56,EUR/MWh,FR,FR,day_ahead_price,value,2026-06-05T07:47:19Z
2026-06-05T07:46:33Z,2026-06-05T09:46:33+0200,a4488497-2a44-4b02-8cf3-b5300ead3675,2026-05-13T06:15:00Z,2026-05-13T08:15:00+0200,73.01,EUR/MWh,FR,FR,day_ahead_price,value,2026-06-05T07:47:19Z
2026-06-05T07:46:33Z,2026-06-05T09:46:33+0200,a4488497-2a44-4b02-8cf3-b5300ead3675,2026-05-13T06:30:00Z,2026-05-13T08:30:00+0200,70.0,EUR/MWh,FR,FR,day_ahead_price,value,2026-06-05T07:47:19Z
2026-06-05T07:46:33Z,2026-06-05T09:46:33+0200,a4488497-2a44-4b02-8cf3-b5300ead3675,2026-05-13T06:45:00Z,2026-05-13T08:45:00+0200,40.0,EUR/MWh,FR,FR,day_ahead_price,value,2026-06-05T07:47:19Z
2026-06-05T07:46:33Z,2026-06-05T09:46:33+0200,a4488497-2a44-4b02-8cf3-b5300ead3675,2026-05-13T07:00:00Z,2026-05-13T09:00:00+0200,36.24,EUR/MWh,FR,FR,day_ahead_price,value,2026-06-05T07:47:19Z
2026-06-05T07:46:33Z,2026-06-05T09:46:33+0200,a4488497-2a44-4b02-8cf3-b5300ead3675,2026-05-13T07:15:00Z,2026-05-13T09:15:00+0200,21.17,EUR/MWh,FR,FR,day_ahead_price,value,2026-06-05T07:47:19Z
2026-06-05T07:46:33Z,2026-06-05T09:46:33+0200,a4488497-2a44-4b02-8cf3-b5300ead3675,2026-05-13T07:30:00Z,2026-05-13T09:30:00+0200,1.15,EUR/MWh,FR,FR,day_ahead_price,value,2026-06-05T07:47:19Z
2026-06-05T07:46:33Z,2026-06-05T09:46:33+0200,a4488497-2a44-4b02-8cf3-b5300ead3675,2026-05-13T07:45:00Z,2026-05-13T09:45:00+0200,0.0,EUR/MWh,FR,FR,day_ahead_price,value,2026-06-05T07:47:19Z
2026-06-05T07:46:33Z,2026-06-05T09:46:33+0200,a4488497-2a44-4b02-8cf3-b5300ead3675,2026-05-13T08:00:00Z,2026-05-13T10:00:00+0200,0.01,EUR/MWh,FR,FR,day_ahead_price,value,2026-06-05T07:47:19Z
2026-06-05T07:46:33Z,2026-06-05T09:46:33+0200,a4488497-2a44-4b02-8cf3-b5300ead3675,2026-05-13T08:15:00Z,2026-05-13T10:15:00+0200,0.0,EUR/MWh,FR,FR,day_ahead_price,value,2026-06-05T07:47:19Z
2026-06-05T07:46:33Z,2026-06-05T09:46:33+0200,a4488497-2a44-4b02-8cf3-b5300ead3675,2026-05-13T08:30:00Z,2026-05-13T10:30:00+0200,-0.01,EUR/MWh,FR,FR,day_ahead_price,value,2026-06-05T07:47:19Z
2026-06-05T07:46:33Z,2026-06-05T09:46:33+0200,a4488497-2a44-4b02-8cf3-b5300ead3675,2026-05-13T08:45:00Z,2026-05-13T10:45:00+0200,-0.01,EUR/MWh,FR,FR,day_ahead_price,value,2026-06-05T07:47:19Z
2026-06-05T07:46:33Z,2026-06-05T09:46:33+0200,a4488497-2a44-4b02-8cf3-b5300ead3675,2026-05-13T09:00:00Z,2026-05-13T11:00:00+0200,-0.01,EUR/MWh,FR,FR,day_ahead_price,value,2026-06-05T07:47:19Z
2026-06-05T07:46:33Z,2026-06-05T09:46:33+0200,a4488497-2a44-4b02-8cf3-b5300ead3675,2026-05-13T09:15:00Z,2026-05-13T11:15:00+0200,-0.01,EUR/MWh,FR,FR,day_ahead_price,value,2026-06-05T07:47:19Z
2026-06-05T07:46:33Z,2026-06-05T09:46:33+0200,a4488497-2a44-4b02-8cf3-b5300ead3675,2026-05-13T09:30:00Z,2026-05-13T11:30:00+0200,-0.01,EUR/MWh,FR,FR,day_ahead_price,value,2026-06-05T07:47:19Z
2026-06-05T07:46:33Z,2026-06-05T09:46:33+0200,a4488497-2a44-4b02-8cf3-b5300ead3675,2026-05-13T09:45:00Z,2026-05-13T11:45:00+0200,-0.01,EUR/MWh,FR,FR,day_ahead_price,value,2026-06-05T07:47:19Z
2026-06-05T07:46:33Z,2026-06-05T09:46:33+0200,a4488497-2a44-4b02-8cf3-b5300ead3675,2026-05-13T10:00:00Z,2026-05-13T12:00:00+0200,-0.01,EUR/MWh,FR,FR,day_ahead_price,value,2026-06-05T07:47:19Z
2026-06-05T07:46:33Z,2026-06-05T09:46:33+0200,a4488497-2a44-4b02-8cf3-b5300ead3675,2026-05-13T10:15:00Z,2026-05-13T12:15:00+0200,-0.01,EUR/MWh,FR,FR,day_ahead_price,value,2026-06-05T07:47:19Z
2026-06-05T07:46:33Z,2026-06-05T09:46:33+0200,a4488497-2a44-4b02-8cf3-b5300ead3675,2026-05-13T10:30:00Z,2026-05-13T12:30:00+0200,-0.01,EUR/MWh,FR,FR,day_ahead_price,value,2026-06-05T07:47:19Z
2026-06-05T07:46:33Z,2026-06-05T09:46:33+0200,a4488497-2a44-4b02-8cf3-b5300ead3675,2026-05-13T10:45:00Z,2026-05-13T12:45:00+0200,-0.01,EUR/MWh,FR,FR,day_ahead_price,value,2026-06-05T07:47:19Z
2026-06-05T07:46:33Z,2026-06-05T09:46:33+0200,a4488497-2a44-4b02-8cf3-b5300ead3675,2026-05-13T11:00:00Z,2026-05-13T13:00:00+0200,-0.01,EUR/MWh,FR,FR,day_ahead_price,value,2026-06-05T07:47:19Z
2026-06-05T07:46:33Z,2026-06-05T09:46:33+0200,a4488497-2a44-4b02-8cf3-b5300ead3675,2026-05-13T11:15:00Z,2026-05-13T13:15:00+0200,-0.01,EUR/MWh,FR,FR,day_ahead_price,value,2026-06-05T07:47:19Z
2026-06-05T07:46:33Z,2026-06-05T09:46:33+0200,a4488497-2a44-4b02-8cf3-b5300ead3675,2026-05-13T11:30:00Z,2026-05-13T13:30:00+0200,-0.01,EUR/MWh,FR,FR,day_ahead_price,value,2026-06-05T07:47:19Z
2026-06-05T07:46:33Z,2026-06-05T09:46:33+0200,a4488497-2a44-4b02-8cf3-b5300ead3675,2026-05-13T11:45:00Z,2026-05-13T13:45:00+0200,-0.01,EUR/MWh,FR,FR,day_ahead_price,value,2026-06-05T07:47:19Z
2026-06-05T07:46:33Z,2026-06-05T09:46:33+0200,a4488497-2a44-4b02-8cf3-b5300ead3675,2026-05-13T12:00:00Z,2026-05-13T14:00:00+0200,-0.01,EUR/MWh,FR,FR,day_ahead_price,value,2026-06-05T07:47:19Z
2026-06-05T07:46:33Z,2026-06-05T09:46:33+0200,a4488497-2a44-4b02-8cf3-b5300ead3675,2026-05-13T12:15:00Z,2026-05-13T14:15:00+0200,-0.01,EUR/MWh,FR,FR,day_ahead_price,value,2026-06-05T07:47:19Z
2026-06-05T07:46:33Z,2026-06-05T09:46:33+0200,a4488497-2a44-4b02-8cf3-b5300ead3675,2026-05-13T12:30:00Z,2026-05-13T14:30:00+0200,-0.01,EUR/MWh,FR,FR,day_ahead_price,value,2026-06-05T07:47:19Z
2026-06-05T07:46:33Z,2026-06-05T09:46:33+0200,a4488497-2a44-4b02-8cf3-b5300ead3675,2026-05-13T12:45:00Z,2026-05-13T14:45:00+0200,-0.01,EUR/MWh,FR,FR,day_ahead_price,value,2026-06-05T07:47:19Z
2026-06-05T07:46:33Z,2026-06-05T09:46:33+0200,a4488497-2a44-4b02-8cf3-b5300ead3675,2026-05-13T13:00:00Z,2026-05-13T15:00:00+0200,-0.01,EUR/MWh,FR,FR,day_ahead_price,value,2026-06-05T07:47:19Z
2026-06-05T07:46:33Z,2026-06-05T09:46:33+0200,a4488497-2a44-4b02-8cf3-b5300ead3675,2026-05-13T13:15:00Z,2026-05-13T15:15:00+0200,-0.01,EUR/MWh,FR,FR,day_ahead_price,value,2026-06-05T07:47:19Z
2026-06-05T07:46:33Z,2026-06-05T09:46:33+0200,a4488497-2a44-4b02-8cf3-b5300ead3675,2026-05-13T13:30:00Z,2026-05-13T15:30:00+0200,-0.05,EUR/MWh,FR,FR,day_ahead_price,value,2026-06-05T07:47:19Z
2026-06-05T07:46:33Z,2026-06-05T09:46:33+0200,a4488497-2a44-4b02-8cf3-b5300ead3675,2026-05-13T13:45:00Z,2026-05-13T15:45:00+0200,-0.06,EUR/MWh,FR,FR,day_ahead_price,value,2026-06-05T07:47:19Z
2026-06-05T07:46:33Z,2026-06-05T09:46:33+0200,a4488497-2a44-4b02-8cf3-b5300ead3675,2026-05-13T14:00:00Z,2026-05-13T16:00:00+0200,-0.09,EUR/MWh,FR,FR,day_ahead_price,value,2026-06-05T07:47:19Z
2026-06-05T07:46:33Z,2026-06-05T09:46:33+0200,a4488497-2a44-4b02-8cf3-b5300ead3675,2026-05-13T14:15:00Z,2026-05-13T16:15:00+0200,-0.08,EUR/MWh,FR,FR,day_ahead_price,value,2026-06-05T07:47:19Z
2026-06-05T07:46:33Z,2026-06-05T09:46:33+0200,a4488497-2a44-4b02-8cf3-b5300ead3675,2026-05-13T14:30:00Z,2026-05-13T16:30:00+0200,-0.06,EUR/MWh,FR,FR,day_ahead_price,value,2026-06-05T07:47:19Z
2026-06-05T07:46:33Z,2026-06-05T09:46:33+0200,a4488497-2a44-4b02-8cf3-b5300ead3675,2026-05-13T14:45:00Z,2026-05-13T16:45:00+0200,-0.05,EUR/MWh,FR,FR,day_ahead_price,value,2026-06-05T07:47:19Z
2026-06-05T07:46:33Z,2026-06-05T09:46:33+0200,a4488497-2a44-4b02-8cf3-b5300ead3675,2026-05-13T15:00:00Z,2026-05-13T17:00:00+0200,-0.01,EUR/MWh,FR,FR,day_ahead_price,value,2026-06-05T07:47:19Z
2026-06-05T07:46:33Z,2026-06-05T09:46:33+0200,a4488497-2a44-4b02-8cf3-b5300ead3675,2026-05-13T15:15:00Z,2026-05-13T17:15:00+0200,-0.01,EUR/MWh,FR,FR,day_ahead_price,value,2026-06-05T07:47:19Z
2026-06-05T07:46:33Z,2026-06-05T09:46:33+0200,a4488497-2a44-4b02-8cf3-b5300ead3675,2026-05-13T15:30:00Z,2026-05-13T17:30:00+0200,-0.01,EUR/MWh,FR,FR,day_ahead_price,value,2026-06-05T07:47:19Z
2026-06-05T07:46:33Z,2026-06-05T09:46:33+0200,a4488497-2a44-4b02-8cf3-b5300ead3675,2026-05-13T15:45:00Z,2026-05-13T17:45:00+0200,-0.01,EUR/MWh,FR,FR,day_ahead_price,value,2026-06-05T07:47:19Z
2026-06-05T07:46:33Z,2026-06-05T09:46:33+0200,a4488497-2a44-4b02-8cf3-b5300ead3675,2026-05-13T16:00:00Z,2026-05-13T18:00:00+0200,0.0,EUR/MWh,FR,FR,day_ahead_price,value,2026-06-05T07:47:19Z
2026-06-05T07:46:33Z,2026-06-05T09:46:33+0200,a4488497-2a44-4b02-8cf3-b5300ead3675,2026-05-13T16:15:00Z,2026-05-13T18:15:00+0200,0.01,EUR/MWh,FR,FR,day_ahead_price,value,2026-06-05T07:47:19Z
2026-06-05T07:46:33Z,2026-06-05T09:46:33+0200,a4488497-2a44-4b02-8cf3-b5300ead3675,2026-05-13T16:30:00Z,2026-05-13T18:30:00+0200,1.44,EUR/MWh,FR,FR,day_ahead_price,value,2026-06-05T07:47:19Z
2026-06-05T07:46:33Z,2026-06-05T09:46:33+0200,a4488497-2a44-4b02-8cf3-b5300ead3675,2026-05-13T16:45:00Z,2026-05-13T18:45:00+0200,5.41,EUR/MWh,FR,FR,day_ahead_price,value,2026-06-05T07:47:19Z
2026-06-05T07:46:33Z,2026-06-05T09:46:33+0200,a4488497-2a44-4b02-8cf3-b5300ead3675,2026-05-13T17:00:00Z,2026-05-13T19:00:00+0200,14.03,EUR/MWh,FR,FR,day_ahead_price,value,2026-06-05T07:47:19Z
2026-06-05T07:46:33Z,2026-06-05T09:46:33+0200,a4488497-2a44-4b02-8cf3-b5300ead3675,2026-05-13T17:15:00Z,2026-05-13T19:15:00+0200,22.76,EUR/MWh,FR,FR,day_ahead_price,value,2026-06-05T07:47:19Z
2026-06-05T07:46:33Z,2026-06-05T09:46:33+0200,a4488497-2a44-4b02-8cf3-b5300ead3675,2026-05-13T17:30:00Z,2026-05-13T19:30:00+0200,34.58,EUR/MWh,FR,FR,day_ahead_price,value,2026-06-05T07:47:19Z
2026-06-05T07:46:33Z,2026-06-05T09:46:33+0200,a4488497-2a44-4b02-8cf3-b5300ead3675,2026-05-13T17:45:00Z,2026-05-13T19:45:00+0200,69.0,EUR/MWh,FR,FR,day_ahead_price,value,2026-06-05T07:47:19Z
2026-06-05T07:46:33Z,2026-06-05T09:46:33+0200,a4488497-2a44-4b02-8cf3-b5300ead3675,2026-05-13T18:00:00Z,2026-05-13T20:00:00+0200,65.0,EUR/MWh,FR,FR,day_ahead_price,value,2026-06-05T07:47:19Z
2026-06-05T07:46:33Z,2026-06-05T09:46:33+0200,a4488497-2a44-4b02-8cf3-b5300ead3675,2026-05-13T18:15:00Z,2026-05-13T20:15:00+0200,77.59,EUR/MWh,FR,FR,day_ahead_price,value,2026-06-05T07:47:19Z
2026-06-05T07:46:33Z,2026-06-05T09:46:33+0200,a4488497-2a44-4b02-8cf3-b5300ead3675,2026-05-13T18:30:00Z,2026-05-13T20:30:00+0200,50.35,EUR/MWh,FR,FR,day_ahead_price,value,2026-06-05T07:47:19Z
2026-06-05T07:46:33Z,2026-06-05T09:46:33+0200,a4488497-2a44-4b02-8cf3-b5300ead3675,2026-05-13T18:45:00Z,2026-05-13T20:45:00+0200,73.02,EUR/MWh,FR,FR,day_ahead_price,value,2026-06-05T07:47:19Z
2026-06-05T07:46:33Z,2026-06-05T09:46:33+0200,a4488497-2a44-4b02-8cf3-b5300ead3675,2026-05-13T19:00:00Z,2026-05-13T21:00:00+0200,60.39,EUR/MWh,FR,FR,day_ahead_price,value,2026-06-05T07:47:19Z
2026-06-05T07:46:33Z,2026-06-05T09:46:33+0200,a4488497-2a44-4b02-8cf3-b5300ead3675,2026-05-13T19:15:00Z,2026-05-13T21:15:00+0200,71.54,EUR/MWh,FR,FR,day_ahead_price,value,2026-06-05T07:47:19Z
2026-06-05T07:46:33Z,2026-06-05T09:46:33+0200,a4488497-2a44-4b02-8cf3-b5300ead3675,2026-05-13T19:30:00Z,2026-05-13T21:30:00+0200,58.6,EUR/MWh,FR,FR,day_ahead_price,value,2026-06-05T07:47:19Z
2026-06-05T07:46:33Z,2026-06-05T09:46:33+0200,a4488497-2a44-4b02-8cf3-b5300ead3675,2026-05-13T19:45:00Z,2026-05-13T21:45:00+0200,57.8,EUR/MWh,FR,FR,day_ahead_price,value,2026-06-05T07:47:19Z
2026-06-05T07:46:33Z,2026-06-05T09:46:33+0200,a4488497-2a44-4b02-8cf3-b5300ead3675,2026-05-13T20:00:00Z,2026-05-13T22:00:00+0200,70.45,EUR/MWh,FR,FR,day_ahead_price,value,2026-06-05T07:47:19Z
2026-06-05T07:46:33Z,2026-06-05T09:46:33+0200,a4488497-2a44-4b02-8cf3-b5300ead3675,2026-05-13T20:15:00Z,2026-05-13T22:15:00+0200,66.07,EUR/MWh,FR,FR,day_ahead_price,value,2026-06-05T07:47:19Z
2026-06-05T07:46:33Z,2026-06-05T09:46:33+0200,a4488497-2a44-4b02-8cf3-b5300ead3675,2026-05-13T20:30:00Z,2026-05-13T22:30:00+0200,93.75,EUR/MWh,FR,FR,day_ahead_price,value,2026-06-05T07:47:19Z
2026-06-05T07:46:33Z,2026-06-05T09:46:33+0200,a4488497-2a44-4b02-8cf3-b5300ead3675,2026-05-13T20:45:00Z,2026-05-13T22:45:00+0200,89.95,EUR/MWh,FR,FR,day_ahead_price,value,2026-06-05T07:47:19Z
2026-06-05T07:46:33Z,2026-06-05T09:46:33+0200,a4488497-2a44-4b02-8cf3-b5300ead3675,2026-05-13T21:00:00Z,2026-05-13T23:00:00+0200,87.4,EUR/MWh,FR,FR,day_ahead_price,value,2026-06-05T07:47:19Z
2026-06-05T07:46:33Z,2026-06-05T09:46:33+0200,a4488497-2a44-4b02-8cf3-b5300ead3675,2026-05-13T21:15:00Z,2026-05-13T23:15:00+0200,71.16,EUR/MWh,FR,FR,day_ahead_price,value,2026-06-05T07:47:19Z
2026-06-05T07:46:33Z,2026-06-05T09:46:33+0200,a4488497-2a44-4b02-8cf3-b5300ead3675,2026-05-13T21:30:00Z,2026-05-13T23:30:00+0200,85.0,EUR/MWh,FR,FR,day_ahead_price,value,2026-06-05T07:47:19Z
2026-06-05T07:46:33Z,2026-06-05T09:46:33+0200,a4488497-2a44-4b02-8cf3-b5300ead3675,2026-05-13T21:45:00Z,2026-05-13T23:45:00+0200,82.85,EUR/MWh,FR,FR,day_ahead_price,value,2026-06-05T07:47:19Z
2026-06-05T07:46:33Z,2026-06-05T09:46:33+0200,a4488497-2a44-4b02-8cf3-b5300ead3675,2026-05-13T22:00:00Z,2026-05-14T00:00:00+0200,5.5,EUR/MWh,FR,FR,day_ahead_price,value,2026-06-05T07:47:19Z
2026-06-05T07:46:33Z,2026-06-05T09:46:33+0200,a4488497-2a44-4b02-8cf3-b5300ead3675,2026-05-13T22:15:00Z,2026-05-14T00:15:00+0200,30.43,EUR/MWh,FR,FR,day_ahead_price,value,2026-06-05T07:47:19Z
2026-06-05T07:46:33Z,2026-06-05T09:46:33+0200,a4488497-2a44-4b02-8cf3-b5300ead3675,2026-05-13T22:30:00Z,2026-05-14T00:30:00+0200,5.68,EUR/MWh,FR,FR,day_ahead_price,value,2026-06-05T07:47:19Z
2026-06-05T07:46:33Z,2026-06-05T09:46:33+0200,a4488497-2a44-4b02-8cf3-b5300ead3675,2026-05-13T22:45:00Z,2026-05-14T00:45:00+0200,0.0,EUR/MWh,FR,FR,day_ahead_price,value,2026-06-05T07:47:19Z
2026-06-05T07:46:33Z,2026-06-05T09:46:33+0200,a4488497-2a44-4b02-8cf3-b5300ead3675,2026-05-13T23:00:00Z,2026-05-14T01:00:00+0200,12.47,EUR/MWh,FR,FR,day_ahead_price,value,2026-06-05T07:47:19Z
2026-06-05T07:46:33Z,2026-06-05T09:46:33+0200,a4488497-2a44-4b02-8cf3-b5300ead3675,2026-05-13T23:15:00Z,2026-05-14T01:15:00+0200,11.65,EUR/MWh,FR,FR,day_ahead_price,value,2026-06-05T07:47:19Z
2026-06-05T07:46:33Z,2026-06-05T09:46:33+0200,a4488497-2a44-4b02-8cf3-b5300ead3675,2026-05-13T23:30:00Z,2026-05-14T01:30:00+0200,14.61,EUR/MWh,FR,FR,day_ahead_price,value,2026-06-05T07:47:19Z
2026-06-05T07:46:33Z,2026-06-05T09:46:33+0200,a4488497-2a44-4b02-8cf3-b5300ead3675,2026-05-13T23:45:00Z,2026-05-14T01:45:00+0200,15.15,EUR/MWh,FR,FR,day_ahead_price,value,2026-06-05T07:47:19Z
2026-06-05T07:46:33Z,2026-06-05T09:46:33+0200,a4488497-2a44-4b02-8cf3-b5300ead3675,2026-05-14T00:00:00Z,2026-05-14T02:00:00+0200,4.96,EUR/MWh,FR,FR,day_ahead_price,value,2026-06-05T07:47:19Z
2026-06-05T07:46:33Z,2026-06-05T09:46:33+0200,a4488497-2a44-4b02-8cf3-b5300ead3675,2026-05-14T00:15:00Z,2026-05-14T02:15:00+0200,11.89,EUR/MWh,FR,FR,day_ahead_price,value,2026-06-05T07:47:19Z
2026-06-05T07:46:33Z,2026-06-05T09:46:33+0200,a4488497-2a44-4b02-8cf3-b5300ead3675,2026-05-14T00:30:00Z,2026-05-14T02:30:00+0200,32.5,EUR/MWh,FR,FR,day_ahead_price,value,2026-06-05T07:47:19Z
2026-06-05T07:46:33Z,2026-06-05T09:46:33+0200,a4488497-2a44-4b02-8cf3-b5300ead3675,2026-05-14T00:45:00Z,2026-05-14T02:45:00+0200,16.82,EUR/MWh,FR,FR,day_ahead_price,value,2026-06-05T07:47:19Z
2026-06-05T07:46:33Z,2026-06-05T09:46:33+0200,a4488497-2a44-4b02-8cf3-b5300ead3675,2026-05-14T01:00:00Z,2026-05-14T03:00:00+0200,3.01,EUR/MWh,FR,FR,day_ahead_price,value,2026-06-05T07:47:19Z
2026-06-05T07:46:33Z,2026-06-05T09:46:33+0200,a4488497-2a44-4b02-8cf3-b5300ead3675,2026-05-14T01:15:00Z,2026-05-14T03:15:00+0200,1.8,EUR/MWh,FR,FR,day_ahead_price,value,2026-06-05T07:47:19Z
2026-06-05T07:46:33Z,2026-06-05T09:46:33+0200,a4488497-2a44-4b02-8cf3-b5300ead3675,2026-05-14T01:30:00Z,2026-05-14T03:30:00+0200,0.33,EUR/MWh,FR,FR,day_ahead_price,value,2026-06-05T07:47:19Z
2026-06-05T07:46:33Z,2026-06-05T09:46:33+0200,a4488497-2a44-4b02-8cf3-b5300ead3675,2026-05-14T01:45:00Z,2026-05-14T03:45:00+0200,2.01,EUR/MWh,FR,FR,day_ahead_price,value,2026-06-05T07:47:19Z
2026-06-05T07:46:33Z,2026-06-05T09:46:33+0200,a4488497-2a44-4b02-8cf3-b5300ead3675,2026-05-14T02:00:00Z,2026-05-14T04:00:00+0200,3.03,EUR/MWh,FR,FR,day_ahead_price,value,2026-06-05T07:47:19Z
2026-06-05T07:46:33Z,2026-06-05T09:46:33+0200,a4488497-2a44-4b02-8cf3-b5300ead3675,2026-05-14T02:15:00Z,2026-05-14T04:15:00+0200,6.94,EUR/MWh,FR,FR,day_ahead_price,value,2026-06-05T07:47:19Z
2026-06-05T07:46:33Z,2026-06-05T09:46:33+0200,a4488497-2a44-4b02-8cf3-b5300ead3675,2026-05-14T02:30:00Z,2026-05-14T04:30:00+0200,3.91,EUR/MWh,FR,FR,day_ahead_price,value,2026-06-05T07:47:19Z
2026-06-05T07:46:33Z,2026-06-05T09:46:33+0200,a4488497-2a44-4b02-8cf3-b5300ead3675,2026-05-14T02:45:00Z,2026-05-14T04:45:00+0200,10.17,EUR/MWh,FR,FR,day_ahead_price,value,2026-06-05T07:47:19Z
2026-06-05T07:46:33Z,2026-06-05T09:46:33+0200,a4488497-2a44-4b02-8cf3-b5300ead3675,2026-05-14T03:00:00Z,2026-05-14T05:00:00+0200,14.7,EUR/MWh,FR,FR,day_ahead_price,value,2026-06-05T07:47:19Z
2026-06-05T07:46:33Z,2026-06-05T09:46:33+0200,a4488497-2a44-4b02-8cf3-b5300ead3675,2026-05-14T03:15:00Z,2026-05-14T05:15:00+0200,0.01,EUR/MWh,FR,FR,day_ahead_price,value,2026-06-05T07:47:19Z
2026-06-05T07:46:33Z,2026-06-05T09:46:33+0200,a4488497-2a44-4b02-8cf3-b5300ead3675,2026-05-14T03:30:00Z,2026-05-14T05:30:00+0200,0.95,EUR/MWh,FR,FR,day_ahead_price,value,2026-06-05T07:47:19Z
2026-06-05T07:46:33Z,2026-06-05T09:46:33+0200,a4488497-2a44-4b02-8cf3-b5300ead3675,2026-05-14T03:45:00Z,2026-05-14T05:45:00+0200,1.64,EUR/MWh,FR,FR,day_ahead_price,value,2026-06-05T07:47:19Z
2026-06-05T07:46:33Z,2026-06-05T09:46:33+0200,a4488497-2a44-4b02-8cf3-b5300ead3675,2026-05-14T04:00:00Z,2026-05-14T06:00:00+0200,20.2,EUR/MWh,FR,FR,day_ahead_price,value,2026-06-05T07:47:19Z
2026-06-05T07:46:33Z,2026-06-05T09:46:33+0200,a4488497-2a44-4b02-8cf3-b5300ead3675,2026-05-14T04:15:00Z,2026-05-14T06:15:00+0200,12.97,EUR/MWh,FR,FR,day_ahead_price,value,2026-06-05T07:47:19Z
2026-06-05T07:46:33Z,2026-06-05T09:46:33+0200,a4488497-2a44-4b02-8cf3-b5300ead3675,2026-05-14T04:30:00Z,2026-05-14T06:30:00+0200,8.0,EUR/MWh,FR,FR,day_ahead_price,value,2026-06-05T07:47:19Z
2026-06-05T07:46:33Z,2026-06-05T09:46:33+0200,a4488497-2a44-4b02-8cf3-b5300ead3675,2026-05-14T04:45:00Z,2026-05-14T06:45:00+0200,7.72,EUR/MWh,FR,FR,day_ahead_price,value,2026-06-05T07:47:19Z
2026-06-05T07:46:33Z,2026-06-05T09:46:33+0200,a4488497-2a44-4b02-8cf3-b5300ead3675,2026-05-14T05:00:00Z,2026-05-14T07:00:00+0200,94.78,EUR/MWh,FR,FR,day_ahead_price,value,2026-06-05T07:47:19Z
2026-06-05T07:46:33Z,2026-06-05T09:46:33+0200,a4488497-2a44-4b02-8cf3-b5300ead3675,2026-05-14T05:15:00Z,2026-05-14T07:15:00+0200,29.19,EUR/MWh,FR,FR,day_ahead_price,value,2026-06-05T07:47:19Z
2026-06-05T07:46:33Z,2026-06-05T09:46:33+0200,a4488497-2a44-4b02-8cf3-b5300ead3675,2026-05-14T05:30:00Z,2026-05-14T07:30:00+0200,30.99,EUR/MWh,FR,FR,day_ahead_price,value,2026-06-05T07:47:19Z
2026-06-05T07:46:33Z,2026-06-05T09:46:33+0200,a4488497-2a44-4b02-8cf3-b5300ead3675,2026-05-14T05:45:00Z,2026-05-14T07:45:00+0200,2.5,EUR/MWh,FR,FR,day_ahead_price,value,2026-06-05T07:47:19Z
2026-06-05T07:46:33Z,2026-06-05T09:46:33+0200,a4488497-2a44-4b02-8cf3-b5300ead3675,2026-05-14T06:00:00Z,2026-05-14T08:00:00+0200,20.0,EUR/MWh,FR,FR,day_ahead_price,value,2026-06-05T07:47:19Z
2026-06-05T07:46:33Z,2026-06-05T09:46:33+0200,a4488497-2a44-4b02-8cf3-b5300ead3675,2026-05-14T06:15:00Z,2026-05-14T08:15:00+0200,28.56,EUR/MWh,FR,FR,day_ahead_price,value,2026-06-05T07:47:19Z
2026-06-05T07:46:33Z,2026-06-05T09:46:33+0200,a4488497-2a44-4b02-8cf3-b5300ead3675,2026-05-14T06:30:00Z,2026-05-14T08:30:00+0200,29.92,EUR/MWh,FR,FR,day_ahead_price,value,2026-06-05T07:47:19Z
2026-06-05T07:46:33Z,2026-06-05T09:46:33+0200,a4488497-2a44-4b02-8cf3-b5300ead3675,2026-05-14T06:45:00Z,2026-05-14T08:45:00+0200,12.42,EUR/MWh,FR,FR,day_ahead_price,value,2026-06-05T07:47:19Z
2026-06-05T07:46:33Z,2026-06-05T09:46:33+0200,a4488497-2a44-4b02-8cf3-b5300ead3675,2026-05-14T07:00:00Z,2026-05-14T09:00:00+0200,17.27,EUR/MWh,FR,FR,day_ahead_price,value,2026-06-05T07:47:19Z
2026-06-05T07:46:33Z,2026-06-05T09:46:33+0200,a4488497-2a44-4b02-8cf3-b5300ead3675,2026-05-14T07:15:00Z,2026-05-14T09:15:00+0200,20.32,EUR/MWh,FR,FR,day_ahead_price,value,2026-06-05T07:47:19Z
2026-06-05T07:46:33Z,2026-06-05T09:46:33+0200,a4488497-2a44-4b02-8cf3-b5300ead3675,2026-05-14T07:30:00Z,2026-05-14T09:30:00+0200,10.0,EUR/MWh,FR,FR,day_ahead_price,value,2026-06-05T07:47:19Z
2026-06-05T07:46:33Z,2026-06-05T09:46:33+0200,a4488497-2a44-4b02-8cf3-b5300ead3675,2026-05-14T07:45:00Z,2026-05-14T09:45:00+0200,1.09,EUR/MWh,FR,FR,day_ahead_price,value,2026-06-05T07:47:19Z
2026-06-05T07:46:33Z,2026-06-05T09:46:33+0200,a4488497-2a44-4b02-8cf3-b5300ead3675,2026-05-14T08:00:00Z,2026-05-14T10:00:00+0200,5.45,EUR/MWh,FR,FR,day_ahead_price,value,2026-06-05T07:47:19Z
2026-06-05T07:46:33Z,2026-06-05T09:46:33+0200,a4488497-2a44-4b02-8cf3-b5300ead3675,2026-05-14T08:15:00Z,2026-05-14T10:15:00+0200,2.0,EUR/MWh,FR,FR,day_ahead_price,value,2026-06-05T07:47:19Z
2026-06-05T07:46:33Z,2026-06-05T09:46:33+0200,a4488497-2a44-4b02-8cf3-b5300ead3675,2026-05-14T08:30:00Z,2026-05-14T10:30:00+0200,0.84,EUR/MWh,FR,FR,day_ahead_price,value,2026-06-05T07:47:19Z
2026-06-05T07:46:33Z,2026-06-05T09:46:33+0200,a4488497-2a44-4b02-8cf3-b5300ead3675,2026-05-14T08:45:00Z,2026-05-14T10:45:00+0200,0.01,EUR/MWh,FR,FR,day_ahead_price,value,2026-06-05T07:47:19Z
2026-06-05T07:46:33Z,2026-06-05T09:46:33+0200,a4488497-2a44-4b02-8cf3-b5300ead3675,2026-05-14T09:00:00Z,2026-05-14T11:00:00+0200,0.51,EUR/MWh,FR,FR,day_ahead_price,value,2026-06-05T07:47:19Z
2026-06-05T07:46:33Z,2026-06-05T09:46:33+0200,a4488497-2a44-4b02-8cf3-b5300ead3675,2026-05-14T09:15:00Z,2026-05-14T11:15:00+0200,0.01,EUR/MWh,FR,FR,day_ahead_price,value,2026-06-05T07:47:19Z
2026-06-05T07:46:33Z,2026-06-05T09:46:33+0200,a4488497-2a44-4b02-8cf3-b5300ead3675,2026-05-14T09:30:00Z,2026-05-14T11:30:00+0200,0.01,EUR/MWh,FR,FR,day_ahead_price,value,2026-06-05T07:47:19Z
2026-06-05T07:46:33Z,2026-06-05T09:46:33+0200,a4488497-2a44-4b02-8cf3-b5300ead3675,2026-05-14T09:45:00Z,2026-05-14T11:45:00+0200,0.0,EUR/MWh,FR,FR,day_ahead_price,value,2026-06-05T07:47:19Z
2026-06-05T07:46:33Z,2026-06-05T09:46:33+0200,a4488497-2a44-4b02-8cf3-b5300ead3675,2026-05-14T10:00:00Z,2026-05-14T12:00:00+0200,6.67,EUR/MWh,FR,FR,day_ahead_price,value,2026-06-05T07:47:19Z
2026-06-05T07:46:33Z,2026-06-05T09:46:33+0200,a4488497-2a44-4b02-8cf3-b5300ead3675,2026-05-14T10:15:00Z,2026-05-14T12:15:00+0200,7.93,EUR/MWh,FR,FR,day_ahead_price,value,2026-06-05T07:47:19Z
2026-06-05T07:46:33Z,2026-06-05T09:46:33+0200,a4488497-2a44-4b02-8cf3-b5300ead3675,2026-05-14T10:30:00Z,2026-05-14T12:30:00+0200,14.22,EUR/MWh,FR,FR,day_ahead_price,value,2026-06-05T07:47:19Z
2026-06-05T07:46:33Z,2026-06-05T09:46:33+0200,a4488497-2a44-4b02-8cf3-b5300ead3675,2026-05-14T10:45:00Z,2026-05-14T12:45:00+0200,10.25,EUR/MWh,FR,FR,day_ahead_price,value,2026-06-05T07:47:19Z
2026-06-05T07:46:33Z,2026-06-05T09:46:33+0200,a4488497-2a44-4b02-8cf3-b5300ead3675,2026-05-14T11:00:00Z,2026-05-14T13:00:00+0200,10.21,EUR/MWh,FR,FR,day_ahead_price,value,2026-06-05T07:47:19Z
2026-06-05T07:46:33Z,2026-06-05T09:46:33+0200,a4488497-2a44-4b02-8cf3-b5300ead3675,2026-05-14T11:15:00Z,2026-05-14T13:15:00+0200,4.37,EUR/MWh,FR,FR,day_ahead_price,value,2026-06-05T07:47:19Z
2026-06-05T07:46:33Z,2026-06-05T09:46:33+0200,a4488497-2a44-4b02-8cf3-b5300ead3675,2026-05-14T11:30:00Z,2026-05-14T13:30:00+0200,1.35,EUR/MWh,FR,FR,day_ahead_price,value,2026-06-05T07:47:19Z
2026-06-05T07:46:33Z,2026-06-05T09:46:33+0200,a4488497-2a44-4b02-8cf3-b5300ead3675,2026-05-14T11:45:00Z,2026-05-14T13:45:00+0200,0.08,EUR/MWh,FR,FR,day_ahead_price,value,2026-06-05T07:47:19Z
2026-06-05T07:46:33Z,2026-06-05T09:46:33+0200,a4488497-2a44-4b02-8cf3-b5300ead3675,2026-05-14T12:00:00Z,2026-05-14T14:00:00+0200,1.6,EUR/MWh,FR,FR,day_ahead_price,value,2026-06-05T07:47:19Z
2026-06-05T07:46:33Z,2026-06-05T09:46:33+0200,a4488497-2a44-4b02-8cf3-b5300ead3675,2026-05-14T12:15:00Z,2026-05-14T14:15:00+0200,1.35,EUR/MWh,FR,FR,day_ahead_price,value,2026-06-05T07:47:19Z
2026-06-05T07:46:33Z,2026-06-05T09:46:33+0200,a4488497-2a44-4b02-8cf3-b5300ead3675,2026-05-14T12:30:00Z,2026-05-14T14:30:00+0200,0.43,EUR/MWh,FR,FR,day_ahead_price,value,2026-06-05T07:47:19Z
2026-06-05T07:46:33Z,2026-06-05T09:46:33+0200,a4488497-2a44-4b02-8cf3-b5300ead3675,2026-05-14T12:45:00Z,2026-05-14T14:45:00+0200,0.0,EUR/MWh,FR,FR,day_ahead_price,value,2026-06-05T07:47:19Z
2026-06-05T07:46:33Z,2026-06-05T09:46:33+0200,a4488497-2a44-4b02-8cf3-b5300ead3675,2026-05-14T13:00:00Z,2026-05-14T15:00:00+0200,0.0,EUR/MWh,FR,FR,day_ahead_price,value,2026-06-05T07:47:19Z
2026-06-05T07:46:33Z,2026-06-05T09:46:33+0200,a4488497-2a44-4b02-8cf3-b5300ead3675,2026-05-14T13:15:00Z,2026-05-14T15:15:00+0200,0.0,EUR/MWh,FR,FR,day_ahead_price,value,2026-06-05T07:47:19Z
2026-06-05T07:46:33Z,2026-06-05T09:46:33+0200,a4488497-2a44-4b02-8cf3-b5300ead3675,2026-05-14T13:30:00Z,2026-05-14T15:30:00+0200,0.0,EUR/MWh,FR,FR,day_ahead_price,value,2026-06-05T07:47:19Z
2026-06-05T07:46:33Z,2026-06-05T09:46:33+0200,a4488497-2a44-4b02-8cf3-b5300ead3675,2026-05-14T13:45:00Z,2026-05-14T15:45:00+0200,0.0,EUR/MWh,FR,FR,day_ahead_price,value,2026-06-05T07:47:19Z
2026-06-05T07:46:33Z,2026-06-05T09:46:33+0200,a4488497-2a44-4b02-8cf3-b5300ead3675,2026-05-14T14:00:00Z,2026-05-14T16:00:00+0200,-0.01,EUR/MWh,FR,FR,day_ahead_price,value,2026-06-05T07:47:19Z
2026-06-05T07:46:33Z,2026-06-05T09:46:33+0200,a4488497-2a44-4b02-8cf3-b5300ead3675,2026-05-14T14:15:00Z,2026-05-14T16:15:00+0200,-0.01,EUR/MWh,FR,FR,day_ahead_price,value,2026-06-05T07:47:19Z
2026-06-05T07:46:33Z,2026-06-05T09:46:33+0200,a4488497-2a44-4b02-8cf3-b5300ead3675,2026-05-14T14:30:00Z,2026-05-14T16:30:00+0200,-0.01,EUR/MWh,FR,FR,day_ahead_price,value,2026-06-05T07:47:19Z
2026-06-05T07:46:33Z,2026-06-05T09:46:33+0200,a4488497-2a44-4b02-8cf3-b5300ead3675,2026-05-14T14:45:00Z,2026-05-14T16:45:00+0200,0.0,EUR/MWh,FR,FR,day_ahead_price,value,2026-06-05T07:47:19Z
2026-06-05T07:46:33Z,2026-06-05T09:46:33+0200,a4488497-2a44-4b02-8cf3-b5300ead3675,2026-05-14T15:00:00Z,2026-05-14T17:00:00+0200,-0.01,EUR/MWh,FR,FR,day_ahead_price,value,2026-06-05T07:47:19Z
2026-06-05T07:46:33Z,2026-06-05T09:46:33+0200,a4488497-2a44-4b02-8cf3-b5300ead3675,2026-05-14T15:15:00Z,2026-05-14T17:15:00+0200,0.0,EUR/MWh,FR,FR,day_ahead_price,value,2026-06-05T07:47:19Z
2026-06-05T07:46:33Z,2026-06-05T09:46:33+0200,a4488497-2a44-4b02-8cf3-b5300ead3675,2026-05-14T15:30:00Z,2026-05-14T17:30:00+0200,0.0,EUR/MWh,FR,FR,day_ahead_price,value,2026-06-05T07:47:19Z
2026-06-05T07:46:33Z,2026-06-05T09:46:33+0200,a4488497-2a44-4b02-8cf3-b5300ead3675,2026-05-14T15:45:00Z,2026-05-14T17:45:00+0200,0.0,EUR/MWh,FR,FR,day_ahead_price,value,2026-06-05T07:47:19Z
2026-06-05T07:46:33Z,2026-06-05T09:46:33+0200,a4488497-2a44-4b02-8cf3-b5300ead3675,2026-05-14T16:00:00Z,2026-05-14T18:00:00+0200,0.98,EUR/MWh,FR,FR,day_ahead_price,value,2026-06-05T07:47:19Z
2026-06-05T07:46:33Z,2026-06-05T09:46:33+0200,a4488497-2a44-4b02-8cf3-b5300ead3675,2026-05-14T16:15:00Z,2026-05-14T18:15:00+0200,0.63,EUR/MWh,FR,FR,day_ahead_price,value,2026-06-05T07:47:19Z
2026-06-05T07:46:33Z,2026-06-05T09:46:33+0200,a4488497-2a44-4b02-8cf3-b5300ead3675,2026-05-14T16:30:00Z,2026-05-14T18:30:00+0200,16.65,EUR/MWh,FR,FR,day_ahead_price,value,2026-06-05T07:47:19Z
2026-06-05T07:46:33Z,2026-06-05T09:46:33+0200,a4488497-2a44-4b02-8cf3-b5300ead3675,2026-05-14T16:45:00Z,2026-05-14T18:45:00+0200,43.74,EUR/MWh,FR,FR,day_ahead_price,value,2026-06-05T07:47:19Z
2026-06-05T07:46:33Z,2026-06-05T09:46:33+0200,a4488497-2a44-4b02-8cf3-b5300ead3675,2026-05-14T17:00:00Z,2026-05-14T19:00:00+0200,18.67,EUR/MWh,FR,FR,day_ahead_price,value,2026-06-05T07:47:19Z
2026-06-05T07:46:33Z,2026-06-05T09:46:33+0200,a4488497-2a44-4b02-8cf3-b5300ead3675,2026-05-14T17:15:00Z,2026-05-14T19:15:00+0200,35.62,EUR/MWh,FR,FR,day_ahead_price,value,2026-06-05T07:47:19Z
2026-06-05T07:46:33Z,2026-06-05T09:46:33+0200,a4488497-2a44-4b02-8cf3-b5300ead3675,2026-05-14T17:30:00Z,2026-05-14T19:30:00+0200,44.71,EUR/MWh,FR,FR,day_ahead_price,value,2026-06-05T07:47:19Z
2026-06-05T07:46:33Z,2026-06-05T09:46:33+0200,a4488497-2a44-4b02-8cf3-b5300ead3675,2026-05-14T17:45:00Z,2026-05-14T19:45:00+0200,70.5,EUR/MWh,FR,FR,day_ahead_price,value,2026-06-05T07:47:19Z
2026-06-05T07:46:33Z,2026-06-05T09:46:33+0200,a4488497-2a44-4b02-8cf3-b5300ead3675,2026-05-14T18:00:00Z,2026-05-14T20:00:00+0200,59.34,EUR/MWh,FR,FR,day_ahead_price,value,2026-06-05T07:47:19Z
2026-06-05T07:46:33Z,2026-06-05T09:46:33+0200,a4488497-2a44-4b02-8cf3-b5300ead3675,2026-05-14T18:15:00Z,2026-05-14T20:15:00+0200,82.3,EUR/MWh,FR,FR,day_ahead_price,value,2026-06-05T07:47:19Z
2026-06-05T07:46:33Z,2026-06-05T09:46:33+0200,a4488497-2a44-4b02-8cf3-b5300ead3675,2026-05-14T18:30:00Z,2026-05-14T20:30:00+0200,89.69,EUR/MWh,FR,FR,day_ahead_price,value,2026-06-05T07:47:19Z
2026-06-05T07:46:33Z,2026-06-05T09:46:33+0200,a4488497-2a44-4b02-8cf3-b5300ead3675,2026-05-14T18:45:00Z,2026-05-14T20:45:00+0200,98.0,EUR/MWh,FR,FR,day_ahead_price,value,2026-06-05T07:47:19Z
2026-06-05T07:46:33Z,2026-06-05T09:46:33+0200,a4488497-2a44-4b02-8cf3-b5300ead3675,2026-05-14T19:00:00Z,2026-05-14T21:00:00+0200,93.24,EUR/MWh,FR,FR,day_ahead_price,value,2026-06-05T07:47:19Z
2026-06-05T07:46:33Z,2026-06-05T09:46:33+0200,a4488497-2a44-4b02-8cf3-b5300ead3675,2026-05-14T19:15:00Z,2026-05-14T21:15:00+0200,98.0,EUR/MWh,FR,FR,day_ahead_price,value,2026-06-05T07:47:19Z
2026-06-05T07:46:33Z,2026-06-05T09:46:33+0200,a4488497-2a44-4b02-8cf3-b5300ead3675,2026-05-14T19:30:00Z,2026-05-14T21:30:00+0200,101.5,EUR/MWh,FR,FR,day_ahead_price,value,2026-06-05T07:47:19Z
2026-06-05T07:46:33Z,2026-06-05T09:46:33+0200,a4488497-2a44-4b02-8cf3-b5300ead3675,2026-05-14T19:45:00Z,2026-05-14T21:45:00+0200,99.47,EUR/MWh,FR,FR,day_ahead_price,value,2026-06-05T07:47:19Z
2026-06-05T07:46:33Z,2026-06-05T09:46:33+0200,a4488497-2a44-4b02-8cf3-b5300ead3675,2026-05-14T20:00:00Z,2026-05-14T22:00:00+0200,102.0,EUR/MWh,FR,FR,day_ahead_price,value,2026-06-05T07:47:19Z
2026-06-05T07:46:33Z,2026-06-05T09:46:33+0200,a4488497-2a44-4b02-8cf3-b5300ead3675,2026-05-14T20:15:00Z,2026-05-14T22:15:00+0200,98.0,EUR/MWh,FR,FR,day_ahead_price,value,2026-06-05T07:47:19Z
2026-06-05T07:46:33Z,2026-06-05T09:46:33+0200,a4488497-2a44-4b02-8cf3-b5300ead3675,2026-05-14T20:30:00Z,2026-05-14T22:30:00+0200,99.68,EUR/MWh,FR,FR,day_ahead_price,value,2026-06-05T07:47:19Z
2026-06-05T07:46:33Z,2026-06-05T09:46:33+0200,a4488497-2a44-4b02-8cf3-b5300ead3675,2026-05-14T20:45:00Z,2026-05-14T22:45:00+0200,95.0,EUR/MWh,FR,FR,day_ahead_price,value,2026-06-05T07:47:19Z
2026-06-05T07:46:33Z,2026-06-05T09:46:33+0200,a4488497-2a44-4b02-8cf3-b5300ead3675,2026-05-14T21:00:00Z,2026-05-14T23:00:00+0200,94.87,EUR/MWh,FR,FR,day_ahead_price,value,2026-06-05T07:47:19Z
2026-06-05T07:46:33Z,2026-06-05T09:46:33+0200,a4488497-2a44-4b02-8cf3-b5300ead3675,2026-05-14T21:15:00Z,2026-05-14T23:15:00+0200,92.47,EUR/MWh,FR,FR,day_ahead_price,value,2026-06-05T07:47:19Z
2026-06-05T07:46:33Z,2026-06-05T09:46:33+0200,a4488497-2a44-4b02-8cf3-b5300ead3675,2026-05-14T21:30:00Z,2026-05-14T23:30:00+0200,92.47,EUR/MWh,FR,FR,day_ahead_price,value,2026-06-05T07:47:19Z
2026-06-05T07:46:33Z,2026-06-05T09:46:33+0200,a4488497-2a44-4b02-8cf3-b5300ead3675,2026-05-14T21:45:00Z,2026-05-14T23:45:00+0200,88.1,EUR/MWh,FR,FR,day_ahead_price,value,2026-06-05T07:47:19Z
2026-06-05T07:46:33Z,2026-06-05T09:46:33+0200,a4488497-2a44-4b02-8cf3-b5300ead3675,2026-05-14T22:00:00Z,2026-05-15T00:00:00+0200,90.0,EUR/MWh,FR,FR,day_ahead_price,value,2026-06-05T07:47:19Z
2026-06-05T07:46:33Z,2026-06-05T09:46:33+0200,a4488497-2a44-4b02-8cf3-b5300ead3675,2026-05-14T22:15:00Z,2026-05-15T00:15:00+0200,84.04,EUR/MWh,FR,FR,day_ahead_price,value,2026-06-05T07:47:19Z
2026-06-05T07:46:33Z,2026-06-05T09:46:33+0200,a4488497-2a44-4b02-8cf3-b5300ead3675,2026-05-14T22:30:00Z,2026-05-15T00:30:00+0200,75.1,EUR/MWh,FR,FR,day_ahead_price,value,2026-06-05T07:47:19Z
2026-06-05T07:46:33Z,2026-06-05T09:46:33+0200,a4488497-2a44-4b02-8cf3-b5300ead3675,2026-05-14T22:45:00Z,2026-05-15T00:45:00+0200,74.02,EUR/MWh,FR,FR,day_ahead_price,value,2026-06-05T07:47:19Z
2026-06-05T07:46:33Z,2026-06-05T09:46:33+0200,a4488497-2a44-4b02-8cf3-b5300ead3675,2026-05-14T23:00:00Z,2026-05-15T01:00:00+0200,73.92,EUR/MWh,FR,FR,day_ahead_price,value,2026-06-05T07:47:19Z
2026-06-05T07:46:33Z,2026-06-05T09:46:33+0200,a4488497-2a44-4b02-8cf3-b5300ead3675,2026-05-14T23:15:00Z,2026-05-15T01:15:00+0200,72.08,EUR/MWh,FR,FR,day_ahead_price,value,2026-06-05T07:47:19Z
2026-06-05T07:46:33Z,2026-06-05T09:46:33+0200,a4488497-2a44-4b02-8cf3-b5300ead3675,2026-05-14T23:30:00Z,2026-05-15T01:30:00+0200,70.01,EUR/MWh,FR,FR,day_ahead_price,value,2026-06-05T07:47:19Z
2026-06-05T07:46:33Z,2026-06-05T09:46:33+0200,a4488497-2a44-4b02-8cf3-b5300ead3675,2026-05-14T23:45:00Z,2026-05-15T01:45:00+0200,65.2,EUR/MWh,FR,FR,day_ahead_price,value,2026-06-05T07:47:19Z
2026-06-05T07:46:33Z,2026-06-05T09:46:33+0200,a4488497-2a44-4b02-8cf3-b5300ead3675,2026-05-15T00:00:00Z,2026-05-15T02:00:00+0200,68.36,EUR/MWh,FR,FR,day_ahead_price,value,2026-06-05T07:47:19Z
2026-06-05T07:46:33Z,2026-06-05T09:46:33+0200,a4488497-2a44-4b02-8cf3-b5300ead3675,2026-05-15T00:15:00Z,2026-05-15T02:15:00+0200,65.15,EUR/MWh,FR,FR,day_ahead_price,value,2026-06-05T07:47:19Z
2026-06-05T07:46:33Z,2026-06-05T09:46:33+0200,a4488497-2a44-4b02-8cf3-b5300ead3675,2026-05-15T00:30:00Z,2026-05-15T02:30:00+0200,59.66,EUR/MWh,FR,FR,day_ahead_price,value,2026-06-05T07:47:19Z
2026-06-05T07:46:33Z,2026-06-05T09:46:33+0200,a4488497-2a44-4b02-8cf3-b5300ead3675,2026-05-15T00:45:00Z,2026-05-15T02:45:00+0200,55.45,EUR/MWh,FR,FR,day_ahead_price,value,2026-06-05T07:47:19Z
2026-06-05T07:46:33Z,2026-06-05T09:46:33+0200,a4488497-2a44-4b02-8cf3-b5300ead3675,2026-05-15T01:00:00Z,2026-05-15T03:00:00+0200,58.25,EUR/MWh,FR,FR,day_ahead_price,value,2026-06-05T07:47:19Z
2026-06-05T07:46:33Z,2026-06-05T09:46:33+0200,a4488497-2a44-4b02-8cf3-b5300ead3675,2026-05-15T01:15:00Z,2026-05-15T03:15:00+0200,50.0,EUR/MWh,FR,FR,day_ahead_price,value,2026-06-05T07:47:19Z
2026-06-05T07:46:33Z,2026-06-05T09:46:33+0200,a4488497-2a44-4b02-8cf3-b5300ead3675,2026-05-15T01:30:00Z,2026-05-15T03:30:00+0200,47.6,EUR/MWh,FR,FR,day_ahead_price,value,2026-06-05T07:47:19Z
2026-06-05T07:46:33Z,2026-06-05T09:46:33+0200,a4488497-2a44-4b02-8cf3-b5300ead3675,2026-05-15T01:45:00Z,2026-05-15T03:45:00+0200,41.31,EUR/MWh,FR,FR,day_ahead_price,value,2026-06-05T07:47:19Z
2026-06-05T07:46:33Z,2026-06-05T09:46:33+0200,a4488497-2a44-4b02-8cf3-b5300ead3675,2026-05-15T02:00:00Z,2026-05-15T04:00:00+0200,44.5,EUR/MWh,FR,FR,day_ahead_price,value,2026-06-05T07:47:19Z
2026-06-05T07:46:33Z,2026-06-05T09:46:33+0200,a4488497-2a44-4b02-8cf3-b5300ead3675,2026-05-15T02:15:00Z,2026-05-15T04:15:00+0200,40.1,EUR/MWh,FR,FR,day_ahead_price,value,2026-06-05T07:47:19Z
2026-06-05T07:46:33Z,2026-06-05T09:46:33+0200,a4488497-2a44-4b02-8cf3-b5300ead3675,2026-05-15T02:30:00Z,2026-05-15T04:30:00+0200,40.1,EUR/MWh,FR,FR,day_ahead_price,value,2026-06-05T07:47:19Z
2026-06-05T07:46:33Z,2026-06-05T09:46:33+0200,a4488497-2a44-4b02-8cf3-b5300ead3675,2026-05-15T02:45:00Z,2026-05-15T04:45:00+0200,40.1,EUR/MWh,FR,FR,day_ahead_price,value,2026-06-05T07:47:19Z
2026-06-05T07:46:33Z,2026-06-05T09:46:33+0200,a4488497-2a44-4b02-8cf3-b5300ead3675,2026-05-15T03:00:00Z,2026-05-15T05:00:00+0200,45.0,EUR/MWh,FR,FR,day_ahead_price,value,2026-06-05T07:47:19Z
2026-06-05T07:46:33Z,2026-06-05T09:46:33+0200,a4488497-2a44-4b02-8cf3-b5300ead3675,2026-05-15T03:15:00Z,2026-05-15T05:15:00+0200,45.0,EUR/MWh,FR,FR,day_ahead_price,value,2026-06-05T07:47:19Z
2026-06-05T07:46:33Z,2026-06-05T09:46:33+0200,a4488497-2a44-4b02-8cf3-b5300ead3675,2026-05-15T03:30:00Z,2026-05-15T05:30:00+0200,50.0,EUR/MWh,FR,FR,day_ahead_price,value,2026-06-05T07:47:19Z
2026-06-05T07:46:33Z,2026-06-05T09:46:33+0200,a4488497-2a44-4b02-8cf3-b5300ead3675,2026-05-15T03:45:00Z,2026-05-15T05:45:00+0200,50.0,EUR/MWh,FR,FR,day_ahead_price,value,2026-06-05T07:47:19Z
2026-06-05T07:46:33Z,2026-06-05T09:46:33+0200,a4488497-2a44-4b02-8cf3-b5300ead3675,2026-05-15T04:00:00Z,2026-05-15T06:00:00+0200,65.24,EUR/MWh,FR,FR,day_ahead_price,value,2026-06-05T07:47:19Z
2026-06-05T07:46:33Z,2026-06-05T09:46:33+0200,a4488497-2a44-4b02-8cf3-b5300ead3675,2026-05-15T04:15:00Z,2026-05-15T06:15:00+0200,66.09,EUR/MWh,FR,FR,day_ahead_price,value,2026-06-05T07:47:19Z
2026-06-05T07:46:33Z,2026-06-05T09:46:33+0200,a4488497-2a44-4b02-8cf3-b5300ead3675,2026-05-15T04:30:00Z,2026-05-15T06:30:00+0200,68.36,EUR/MWh,FR,FR,day_ahead_price,value,2026-06-05T07:47:19Z
2026-06-05T07:46:33Z,2026-06-05T09:46:33+0200,a4488497-2a44-4b02-8cf3-b5300ead3675,2026-05-15T04:45:00Z,2026-05-15T06:45:00+0200,70.0,EUR/MWh,FR,FR,day_ahead_price,value,2026-06-05T07:47:19Z
2026-06-05T07:46:33Z,2026-06-05T09:46:33+0200,a4488497-2a44-4b02-8cf3-b5300ead3675,2026-05-15T05:00:00Z,2026-05-15T07:00:00+0200,74.5,EUR/MWh,FR,FR,day_ahead_price,value,2026-06-05T07:47:19Z
2026-06-05T07:46:33Z,2026-06-05T09:46:33+0200,a4488497-2a44-4b02-8cf3-b5300ead3675,2026-05-15T05:15:00Z,2026-05-15T07:15:00+0200,74.74,EUR/MWh,FR,FR,day_ahead_price,value,2026-06-05T07:47:19Z
2026-06-05T07:46:33Z,2026-06-05T09:46:33+0200,a4488497-2a44-4b02-8cf3-b5300ead3675,2026-05-15T05:30:00Z,2026-05-15T07:30:00+0200,74.02,EUR/MWh,FR,FR,day_ahead_price,value,2026-06-05T07:47:19Z
2026-06-05T07:46:33Z,2026-06-05T09:46:33+0200,a4488497-2a44-4b02-8cf3-b5300ead3675,2026-05-15T05:45:00Z,2026-05-15T07:45:00+0200,69.94,EUR/MWh,FR,FR,day_ahead_price,value,2026-06-05T07:47:19Z
2026-06-05T07:46:33Z,2026-06-05T09:46:33+0200,a4488497-2a44-4b02-8cf3-b5300ead3675,2026-05-15T06:00:00Z,2026-05-15T08:00:00+0200,73.78,EUR/MWh,FR,FR,day_ahead_price,value,2026-06-05T07:47:19Z
2026-06-05T07:46:33Z,2026-06-05T09:46:33+0200,a4488497-2a44-4b02-8cf3-b5300ead3675,2026-05-15T06:15:00Z,2026-05-15T08:15:00+0200,62.4,EUR/MWh,FR,FR,day_ahead_price,value,2026-06-05T07:47:19Z
2026-06-05T07:46:33Z,2026-06-05T09:46:33+0200,a4488497-2a44-4b02-8cf3-b5300ead3675,2026-05-15T06:30:00Z,2026-05-15T08:30:00+0200,54.09,EUR/MWh,FR,FR,day_ahead_price,value,2026-06-05T07:47:19Z
2026-06-05T07:46:33Z,2026-06-05T09:46:33+0200,a4488497-2a44-4b02-8cf3-b5300ead3675,2026-05-15T06:45:00Z,2026-05-15T08:45:00+0200,47.21,EUR/MWh,FR,FR,day_ahead_price,value,2026-06-05T07:47:19Z
2026-06-05T07:46:33Z,2026-06-05T09:46:33+0200,a4488497-2a44-4b02-8cf3-b5300ead3675,2026-05-15T07:00:00Z,2026-05-15T09:00:00+0200,67.55,EUR/MWh,FR,FR,day_ahead_price,value,2026-06-05T07:47:19Z
2026-06-05T07:46:33Z,2026-06-05T09:46:33+0200,a4488497-2a44-4b02-8cf3-b5300ead3675,2026-05-15T07:15:00Z,2026-05-15T09:15:00+0200,54.9,EUR/MWh,FR,FR,day_ahead_price,value,2026-06-05T07:47:19Z
2026-06-05T07:46:33Z,2026-06-05T09:46:33+0200,a4488497-2a44-4b02-8cf3-b5300ead3675,2026-05-15T07:30:00Z,2026-05-15T09:30:00+0200,47.34,EUR/MWh,FR,FR,day_ahead_price,value,2026-06-05T07:47:19Z
2026-06-05T07:46:33Z,2026-06-05T09:46:33+0200,a4488497-2a44-4b02-8cf3-b5300ead3675,2026-05-15T07:45:00Z,2026-05-15T09:45:00+0200,16.6,EUR/MWh,FR,FR,day_ahead_price,value,2026-06-05T07:47:19Z
2026-06-05T07:46:33Z,2026-06-05T09:46:33+0200,a4488497-2a44-4b02-8cf3-b5300ead3675,2026-05-15T08:00:00Z,2026-05-15T10:00:00+0200,49.05,EUR/MWh,FR,FR,day_ahead_price,value,2026-06-05T07:47:19Z
2026-06-05T07:46:33Z,2026-06-05T09:46:33+0200,a4488497-2a44-4b02-8cf3-b5300ead3675,2026-05-15T08:15:00Z,2026-05-15T10:15:00+0200,12.0,EUR/MWh,FR,FR,day_ahead_price,value,2026-06-05T07:47:19Z
2026-06-05T07:46:33Z,2026-06-05T09:46:33+0200,a4488497-2a44-4b02-8cf3-b5300ead3675,2026-05-15T08:30:00Z,2026-05-15T10:30:00+0200,17.8,EUR/MWh,FR,FR,day_ahead_price,value,2026-06-05T07:47:19Z
2026-06-05T07:46:33Z,2026-06-05T09:46:33+0200,a4488497-2a44-4b02-8cf3-b5300ead3675,2026-05-15T08:45:00Z,2026-05-15T10:45:00+0200,0.9,EUR/MWh,FR,FR,day_ahead_price,value,2026-06-05T07:47:19Z
2026-06-05T07:46:33Z,2026-06-05T09:46:33+0200,a4488497-2a44-4b02-8cf3-b5300ead3675,2026-05-15T09:00:00Z,2026-05-15T11:00:00+0200,9.62,EUR/MWh,FR,FR,day_ahead_price,value,2026-06-05T07:47:19Z
2026-06-05T07:46:33Z,2026-06-05T09:46:33+0200,a4488497-2a44-4b02-8cf3-b5300ead3675,2026-05-15T09:15:00Z,2026-05-15T11:15:00+0200,4.82,EUR/MWh,FR,FR,day_ahead_price,value,2026-06-05T07:47:19Z
2026-06-05T07:46:33Z,2026-06-05T09:46:33+0200,a4488497-2a44-4b02-8cf3-b5300ead3675,2026-05-15T09:30:00Z,2026-05-15T11:30:00+0200,7.07,EUR/MWh,FR,FR,day_ahead_price,value,2026-06-05T07:47:19Z
2026-06-05T07:46:33Z,2026-06-05T09:46:33+0200,a4488497-2a44-4b02-8cf3-b5300ead3675,2026-05-15T09:45:00Z,2026-05-15T11:45:00+0200,2.6,EUR/MWh,FR,FR,day_ahead_price,value,2026-06-05T07:47:19Z
2026-06-05T07:46:33Z,2026-06-05T09:46:33+0200,a4488497-2a44-4b02-8cf3-b5300ead3675,2026-05-15T10:00:00Z,2026-05-15T12:00:00+0200,19.04,EUR/MWh,FR,FR,day_ahead_price,value,2026-06-05T07:47:19Z
2026-06-05T07:46:33Z,2026-06-05T09:46:33+0200,a4488497-2a44-4b02-8cf3-b5300ead3675,2026-05-15T10:15:00Z,2026-05-15T12:15:00+0200,11.71,EUR/MWh,FR,FR,day_ahead_price,value,2026-06-05T07:47:19Z
2026-06-05T07:46:33Z,2026-06-05T09:46:33+0200,a4488497-2a44-4b02-8cf3-b5300ead3675,2026-05-15T10:30:00Z,2026-05-15T12:30:00+0200,13.52,EUR/MWh,FR,FR,day_ahead_price,value,2026-06-05T07:47:19Z
2026-06-05T07:46:33Z,2026-06-05T09:46:33+0200,a4488497-2a44-4b02-8cf3-b5300ead3675,2026-05-15T10:45:00Z,2026-05-15T12:45:00+0200,7.82,EUR/MWh,FR,FR,day_ahead_price,value,2026-06-05T07:47:19Z
2026-06-05T07:46:33Z,2026-06-05T09:46:33+0200,a4488497-2a44-4b02-8cf3-b5300ead3675,2026-05-15T11:00:00Z,2026-05-15T13:00:00+0200,2.0,EUR/MWh,FR,FR,day_ahead_price,value,2026-06-05T07:47:19Z
2026-06-05T07:46:33Z,2026-06-05T09:46:33+0200,a4488497-2a44-4b02-8cf3-b5300ead3675,2026-05-15T11:15:00Z,2026-05-15T13:15:00+0200,10.3,EUR/MWh,FR,FR,day_ahead_price,value,2026-06-05T07:47:19Z
2026-06-05T07:46:33Z,2026-06-05T09:46:33+0200,a4488497-2a44-4b02-8cf3-b5300ead3675,2026-05-15T11:30:00Z,2026-05-15T13:30:00+0200,0.0,EUR/MWh,FR,FR,day_ahead_price,value,2026-06-05T07:47:19Z
2026-06-05T07:46:33Z,2026-06-05T09:46:33+0200,a4488497-2a44-4b02-8cf3-b5300ead3675,2026-05-15T11:45:00Z,2026-05-15T13:45:00+0200,0.0,EUR/MWh,FR,FR,day_ahead_price,value,2026-06-05T07:47:19Z
2026-06-05T07:46:33Z,2026-06-05T09:46:33+0200,a4488497-2a44-4b02-8cf3-b5300ead3675,2026-05-15T12:00:00Z,2026-05-15T14:00:00+0200,12.24,EUR/MWh,FR,FR,day_ahead_price,value,2026-06-05T07:47:19Z
2026-06-05T07:46:33Z,2026-06-05T09:46:33+0200,a4488497-2a44-4b02-8cf3-b5300ead3675,2026-05-15T12:15:00Z,2026-05-15T14:15:00+0200,5.0,EUR/MWh,FR,FR,day_ahead_price,value,2026-06-05T07:47:19Z
2026-06-05T07:46:33Z,2026-06-05T09:46:33+0200,a4488497-2a44-4b02-8cf3-b5300ead3675,2026-05-15T12:30:00Z,2026-05-15T14:30:00+0200,0.0,EUR/MWh,FR,FR,day_ahead_price,value,2026-06-05T07:47:19Z
2026-06-05T07:46:33Z,2026-06-05T09:46:33+0200,a4488497-2a44-4b02-8cf3-b5300ead3675,2026-05-15T12:45:00Z,2026-05-15T14:45:00+0200,0.0,EUR/MWh,FR,FR,day_ahead_price,value,2026-06-05T07:47:19Z
2026-06-05T07:46:33Z,2026-06-05T09:46:33+0200,a4488497-2a44-4b02-8cf3-b5300ead3675,2026-05-15T13:00:00Z,2026-05-15T15:00:00+0200,0.01,EUR/MWh,FR,FR,day_ahead_price,value,2026-06-05T07:47:19Z
2026-06-05T07:46:33Z,2026-06-05T09:46:33+0200,a4488497-2a44-4b02-8cf3-b5300ead3675,2026-05-15T13:15:00Z,2026-05-15T15:15:00+0200,0.0,EUR/MWh,FR,FR,day_ahead_price,value,2026-06-05T07:47:19Z
2026-06-05T07:46:33Z,2026-06-05T09:46:33+0200,a4488497-2a44-4b02-8cf3-b5300ead3675,2026-05-15T13:30:00Z,2026-05-15T15:30:00+0200,0.0,EUR/MWh,FR,FR,day_ahead_price,value,2026-06-05T07:47:19Z
2026-06-05T07:46:33Z,2026-06-05T09:46:33+0200,a4488497-2a44-4b02-8cf3-b5300ead3675,2026-05-15T13:45:00Z,2026-05-15T15:45:00+0200,0.0,EUR/MWh,FR,FR,day_ahead_price,value,2026-06-05T07:47:19Z
2026-06-05T07:46:33Z,2026-06-05T09:46:33+0200,a4488497-2a44-4b02-8cf3-b5300ead3675,2026-05-15T14:00:00Z,2026-05-15T16:00:00+0200,-0.01,EUR/MWh,FR,FR,day_ahead_price,value,2026-06-05T07:47:19Z
2026-06-05T07:46:33Z,2026-06-05T09:46:33+0200,a4488497-2a44-4b02-8cf3-b5300ead3675,2026-05-15T14:15:00Z,2026-05-15T16:15:00+0200,0.0,EUR/MWh,FR,FR,day_ahead_price,value,2026-06-05T07:47:19Z
2026-06-05T07:46:33Z,2026-06-05T09:46:33+0200,a4488497-2a44-4b02-8cf3-b5300ead3675,2026-05-15T14:30:00Z,2026-05-15T16:30:00+0200,0.0,EUR/MWh,FR,FR,day_ahead_price,value,2026-06-05T07:47:19Z
2026-06-05T07:46:33Z,2026-06-05T09:46:33+0200,a4488497-2a44-4b02-8cf3-b5300ead3675,2026-05-15T14:45:00Z,2026-05-15T16:45:00+0200,0.0,EUR/MWh,FR,FR,day_ahead_price,value,2026-06-05T07:47:19Z
2026-06-05T07:46:33Z,2026-06-05T09:46:33+0200,a4488497-2a44-4b02-8cf3-b5300ead3675,2026-05-15T15:00:00Z,2026-05-15T17:00:00+0200,0.0,EUR/MWh,FR,FR,day_ahead_price,value,2026-06-05T07:47:19Z
2026-06-05T07:46:33Z,2026-06-05T09:46:33+0200,a4488497-2a44-4b02-8cf3-b5300ead3675,2026-05-15T15:15:00Z,2026-05-15T17:15:00+0200,0.0,EUR/MWh,FR,FR,day_ahead_price,value,2026-06-05T07:47:19Z
2026-06-05T07:46:33Z,2026-06-05T09:46:33+0200,a4488497-2a44-4b02-8cf3-b5300ead3675,2026-05-15T15:30:00Z,2026-05-15T17:30:00+0200,0.0,EUR/MWh,FR,FR,day_ahead_price,value,2026-06-05T07:47:19Z
2026-06-05T07:46:33Z,2026-06-05T09:46:33+0200,a4488497-2a44-4b02-8cf3-b5300ead3675,2026-05-15T15:45:00Z,2026-05-15T17:45:00+0200,0.0,EUR/MWh,FR,FR,day_ahead_price,value,2026-06-05T07:47:19Z
2026-06-05T07:46:33Z,2026-06-05T09:46:33+0200,a4488497-2a44-4b02-8cf3-b5300ead3675,2026-05-15T16:00:00Z,2026-05-15T18:00:00+0200,3.83,EUR/MWh,FR,FR,day_ahead_price,value,2026-06-05T07:47:19Z
2026-06-05T07:46:33Z,2026-06-05T09:46:33+0200,a4488497-2a44-4b02-8cf3-b5300ead3675,2026-05-15T16:15:00Z,2026-05-15T18:15:00+0200,3.6,EUR/MWh,FR,FR,day_ahead_price,value,2026-06-05T07:47:19Z
2026-06-05T07:46:33Z,2026-06-05T09:46:33+0200,a4488497-2a44-4b02-8cf3-b5300ead3675,2026-05-15T16:30:00Z,2026-05-15T18:30:00+0200,17.56,EUR/MWh,FR,FR,day_ahead_price,value,2026-06-05T07:47:19Z
2026-06-05T07:46:33Z,2026-06-05T09:46:33+0200,a4488497-2a44-4b02-8cf3-b5300ead3675,2026-05-15T16:45:00Z,2026-05-15T18:45:00+0200,34.38,EUR/MWh,FR,FR,day_ahead_price,value,2026-06-05T07:47:19Z
2026-06-05T07:46:33Z,2026-06-05T09:46:33+0200,a4488497-2a44-4b02-8cf3-b5300ead3675,2026-05-15T17:00:00Z,2026-05-15T19:00:00+0200,24.01,EUR/MWh,FR,FR,day_ahead_price,value,2026-06-05T07:47:19Z
2026-06-05T07:46:33Z,2026-06-05T09:46:33+0200,a4488497-2a44-4b02-8cf3-b5300ead3675,2026-05-15T17:15:00Z,2026-05-15T19:15:00+0200,29.03,EUR/MWh,FR,FR,day_ahead_price,value,2026-06-05T07:47:19Z
2026-06-05T07:46:33Z,2026-06-05T09:46:33+0200,a4488497-2a44-4b02-8cf3-b5300ead3675,2026-05-15T17:30:00Z,2026-05-15T19:30:00+0200,49.42,EUR/MWh,FR,FR,day_ahead_price,value,2026-06-05T07:47:19Z
2026-06-05T07:46:33Z,2026-06-05T09:46:33+0200,a4488497-2a44-4b02-8cf3-b5300ead3675,2026-05-15T17:45:00Z,2026-05-15T19:45:00+0200,55.96,EUR/MWh,FR,FR,day_ahead_price,value,2026-06-05T07:47:19Z
2026-06-05T07:46:33Z,2026-06-05T09:46:33+0200,a4488497-2a44-4b02-8cf3-b5300ead3675,2026-05-15T18:00:00Z,2026-05-15T20:00:00+0200,38.58,EUR/MWh,FR,FR,day_ahead_price,value,2026-06-05T07:47:19Z
2026-06-05T07:46:33Z,2026-06-05T09:46:33+0200,a4488497-2a44-4b02-8cf3-b5300ead3675,2026-05-15T18:15:00Z,2026-05-15T20:15:00+0200,57.3,EUR/MWh,FR,FR,day_ahead_price,value,2026-06-05T07:47:19Z
2026-06-05T07:46:33Z,2026-06-05T09:46:33+0200,a4488497-2a44-4b02-8cf3-b5300ead3675,2026-05-15T18:30:00Z,2026-05-15T20:30:00+0200,73.92,EUR/MWh,FR,FR,day_ahead_price,value,2026-06-05T07:47:19Z
2026-06-05T07:46:33Z,2026-06-05T09:46:33+0200,a4488497-2a44-4b02-8cf3-b5300ead3675,2026-05-15T18:45:00Z,2026-05-15T20:45:00+0200,84.0,EUR/MWh,FR,FR,day_ahead_price,value,2026-06-05T07:47:19Z
2026-06-05T07:46:33Z,2026-06-05T09:46:33+0200,a4488497-2a44-4b02-8cf3-b5300ead3675,2026-05-15T19:00:00Z,2026-05-15T21:00:00+0200,77.7,EUR/MWh,FR,FR,day_ahead_price,value,2026-06-05T07:47:19Z
2026-06-05T07:46:33Z,2026-06-05T09:46:33+0200,a4488497-2a44-4b02-8cf3-b5300ead3675,2026-05-15T19:15:00Z,2026-05-15T21:15:00+0200,90.55,EUR/MWh,FR,FR,day_ahead_price,value,2026-06-05T07:47:19Z
2026-06-05T07:46:33Z,2026-06-05T09:46:33+0200,a4488497-2a44-4b02-8cf3-b5300ead3675,2026-05-15T19:30:00Z,2026-05-15T21:30:00+0200,92.03,EUR/MWh,FR,FR,day_ahead_price,value,2026-06-05T07:47:19Z
2026-06-05T07:46:33Z,2026-06-05T09:46:33+0200,a4488497-2a44-4b02-8cf3-b5300ead3675,2026-05-15T19:45:00Z,2026-05-15T21:45:00+0200,91.0,EUR/MWh,FR,FR,day_ahead_price,value,2026-06-05T07:47:19Z
2026-06-05T07:46:33Z,2026-06-05T09:46:33+0200,a4488497-2a44-4b02-8cf3-b5300ead3675,2026-05-15T20:00:00Z,2026-05-15T22:00:00+0200,94.8,EUR/MWh,FR,FR,day_ahead_price,value,2026-06-05T07:47:19Z
2026-06-05T07:46:33Z,2026-06-05T09:46:33+0200,a4488497-2a44-4b02-8cf3-b5300ead3675,2026-05-15T20:15:00Z,2026-05-15T22:15:00+0200,91.71,EUR/MWh,FR,FR,day_ahead_price,value,2026-06-05T07:47:19Z
2026-06-05T07:46:33Z,2026-06-05T09:46:33+0200,a4488497-2a44-4b02-8cf3-b5300ead3675,2026-05-15T20:30:00Z,2026-05-15T22:30:00+0200,94.0,EUR/MWh,FR,FR,day_ahead_price,value,2026-06-05T07:47:19Z
2026-06-05T07:46:33Z,2026-06-05T09:46:33+0200,a4488497-2a44-4b02-8cf3-b5300ead3675,2026-05-15T20:45:00Z,2026-05-15T22:45:00+0200,90.85,EUR/MWh,FR,FR,day_ahead_price,value,2026-06-05T07:47:19Z
2026-06-05T07:46:33Z,2026-06-05T09:46:33+0200,a4488497-2a44-4b02-8cf3-b5300ead3675,2026-05-15T21:00:00Z,2026-05-15T23:00:00+0200,90.35,EUR/MWh,FR,FR,day_ahead_price,value,2026-06-05T07:47:19Z
2026-06-05T07:46:33Z,2026-06-05T09:46:33+0200,a4488497-2a44-4b02-8cf3-b5300ead3675,2026-05-15T21:15:00Z,2026-05-15T23:15:00+0200,83.11,EUR/MWh,FR,FR,day_ahead_price,value,2026-06-05T07:47:19Z
2026-06-05T07:46:33Z,2026-06-05T09:46:33+0200,a4488497-2a44-4b02-8cf3-b5300ead3675,2026-05-15T21:30:00Z,2026-05-15T23:30:00+0200,84.04,EUR/MWh,FR,FR,day_ahead_price,value,2026-06-05T07:47:19Z
2026-06-05T07:46:33Z,2026-06-05T09:46:33+0200,a4488497-2a44-4b02-8cf3-b5300ead3675,2026-05-15T21:45:00Z,2026-05-15T23:45:00+0200,78.72,EUR/MWh,FR,FR,day_ahead_price,value,2026-06-05T07:47:19Z
2026-06-05T07:46:33Z,2026-06-05T09:46:33+0200,a4488497-2a44-4b02-8cf3-b5300ead3675,2026-05-15T22:00:00Z,2026-05-16T00:00:00+0200,137.9,EUR/MWh,FR,FR,day_ahead_price,value,2026-06-05T07:47:19Z
2026-06-05T07:46:33Z,2026-06-05T09:46:33+0200,a4488497-2a44-4b02-8cf3-b5300ead3675,2026-05-15T22:15:00Z,2026-05-16T00:15:00+0200,114.09,EUR/MWh,FR,FR,day_ahead_price,value,2026-06-05T07:47:19Z
2026-06-05T07:46:33Z,2026-06-05T09:46:33+0200,a4488497-2a44-4b02-8cf3-b5300ead3675,2026-05-15T22:30:00Z,2026-05-16T00:30:00+0200,71.94,EUR/MWh,FR,FR,day_ahead_price,value,2026-06-05T07:47:19Z
2026-06-05T07:46:33Z,2026-06-05T09:46:33+0200,a4488497-2a44-4b02-8cf3-b5300ead3675,2026-05-15T22:45:00Z,2026-05-16T00:45:00+0200,68.78,EUR/MWh,FR,FR,day_ahead_price,value,2026-06-05T07:47:19Z
2026-06-05T07:46:33Z,2026-06-05T09:46:33+0200,a4488497-2a44-4b02-8cf3-b5300ead3675,2026-05-15T23:00:00Z,2026-05-16T01:00:00+0200,72.85,EUR/MWh,FR,FR,day_ahead_price,value,2026-06-05T07:47:19Z
2026-06-05T07:46:33Z,2026-06-05T09:46:33+0200,a4488497-2a44-4b02-8cf3-b5300ead3675,2026-05-15T23:15:00Z,2026-05-16T01:15:00+0200,70.36,EUR/MWh,FR,FR,day_ahead_price,value,2026-06-05T07:47:19Z
2026-06-05T07:46:33Z,2026-06-05T09:46:33+0200,a4488497-2a44-4b02-8cf3-b5300ead3675,2026-05-15T23:30:00Z,2026-05-16T01:30:00+0200,96.55,EUR/MWh,FR,FR,day_ahead_price,value,2026-06-05T07:47:19Z
2026-06-05T07:46:33Z,2026-06-05T09:46:33+0200,a4488497-2a44-4b02-8cf3-b5300ead3675,2026-05-15T23:45:00Z,2026-05-16T01:45:00+0200,89.04,EUR/MWh,FR,FR,day_ahead_price,value,2026-06-05T07:47:19Z
2026-06-05T07:46:33Z,2026-06-05T09:46:33+0200,a4488497-2a44-4b02-8cf3-b5300ead3675,2026-05-16T00:00:00Z,2026-05-16T02:00:00+0200,91.58,EUR/MWh,FR,FR,day_ahead_price,value,2026-06-05T07:47:19Z
2026-06-05T07:46:33Z,2026-06-05T09:46:33+0200,a4488497-2a44-4b02-8cf3-b5300ead3675,2026-05-16T00:15:00Z,2026-05-16T02:15:00+0200,70.96,EUR/MWh,FR,FR,day_ahead_price,value,2026-06-05T07:47:19Z
2026-06-05T07:46:33Z,2026-06-05T09:46:33+0200,a4488497-2a44-4b02-8cf3-b5300ead3675,2026-05-16T00:30:00Z,2026-05-16T02:30:00+0200,70.01,EUR/MWh,FR,FR,day_ahead_price,value,2026-06-05T07:47:19Z
2026-06-05T07:46:33Z,2026-06-05T09:46:33+0200,a4488497-2a44-4b02-8cf3-b5300ead3675,2026-05-16T00:45:00Z,2026-05-16T02:45:00+0200,68.78,EUR/MWh,FR,FR,day_ahead_price,value,2026-06-05T07:47:19Z
2026-06-05T07:46:33Z,2026-06-05T09:46:33+0200,a4488497-2a44-4b02-8cf3-b5300ead3675,2026-05-16T01:00:00Z,2026-05-16T03:00:00+0200,70.98,EUR/MWh,FR,FR,day_ahead_price,value,2026-06-05T07:47:19Z
2026-06-05T07:46:33Z,2026-06-05T09:46:33+0200,a4488497-2a44-4b02-8cf3-b5300ead3675,2026-05-16T01:15:00Z,2026-05-16T03:15:00+0200,70.0,EUR/MWh,FR,FR,day_ahead_price,value,2026-06-05T07:47:19Z
2026-06-05T07:46:33Z,2026-06-05T09:46:33+0200,a4488497-2a44-4b02-8cf3-b5300ead3675,2026-05-16T01:30:00Z,2026-05-16T03:30:00+0200,70.0,EUR/MWh,FR,FR,day_ahead_price,value,2026-06-05T07:47:19Z
2026-06-05T07:46:33Z,2026-06-05T09:46:33+0200,a4488497-2a44-4b02-8cf3-b5300ead3675,2026-05-16T01:45:00Z,2026-05-16T03:45:00+0200,69.0,EUR/MWh,FR,FR,day_ahead_price,value,2026-06-05T07:47:19Z
2026-06-05T07:46:33Z,2026-06-05T09:46:33+0200,a4488497-2a44-4b02-8cf3-b5300ead3675,2026-05-16T02:00:00Z,2026-05-16T04:00:00+0200,67.2,EUR/MWh,FR,FR,day_ahead_price,value,2026-06-05T07:47:19Z
2026-06-05T07:46:33Z,2026-06-05T09:46:33+0200,a4488497-2a44-4b02-8cf3-b5300ead3675,2026-05-16T02:15:00Z,2026-05-16T04:15:00+0200,65.5,EUR/MWh,FR,FR,day_ahead_price,value,2026-06-05T07:47:19Z
2026-06-05T07:46:33Z,2026-06-05T09:46:33+0200,a4488497-2a44-4b02-8cf3-b5300ead3675,2026-05-16T02:30:00Z,2026-05-16T04:30:00+0200,62.93,EUR/MWh,FR,FR,day_ahead_price,value,2026-06-05T07:47:19Z
2026-06-05T07:46:33Z,2026-06-05T09:46:33+0200,a4488497-2a44-4b02-8cf3-b5300ead3675,2026-05-16T02:45:00Z,2026-05-16T04:45:00+0200,64.27,EUR/MWh,FR,FR,day_ahead_price,value,2026-06-05T07:47:19Z
2026-06-05T07:46:33Z,2026-06-05T09:46:33+0200,a4488497-2a44-4b02-8cf3-b5300ead3675,2026-05-16T03:00:00Z,2026-05-16T05:00:00+0200,63.61,EUR/MWh,FR,FR,day_ahead_price,value,2026-06-05T07:47:19Z
2026-06-05T07:46:33Z,2026-06-05T09:46:33+0200,a4488497-2a44-4b02-8cf3-b5300ead3675,2026-05-16T03:15:00Z,2026-05-16T05:15:00+0200,63.93,EUR/MWh,FR,FR,day_ahead_price,value,2026-06-05T07:47:19Z
2026-06-05T07:46:33Z,2026-06-05T09:46:33+0200,a4488497-2a44-4b02-8cf3-b5300ead3675,2026-05-16T03:30:00Z,2026-05-16T05:30:00+0200,65.42,EUR/MWh,FR,FR,day_ahead_price,value,2026-06-05T07:47:19Z
2026-06-05T07:46:33Z,2026-06-05T09:46:33+0200,a4488497-2a44-4b02-8cf3-b5300ead3675,2026-05-16T03:45:00Z,2026-05-16T05:45:00+0200,67.96,EUR/MWh,FR,FR,day_ahead_price,value,2026-06-05T07:47:19Z
2026-06-05T07:46:33Z,2026-06-05T09:46:33+0200,a4488497-2a44-4b02-8cf3-b5300ead3675,2026-05-16T04:00:00Z,2026-05-16T06:00:00+0200,67.69,EUR/MWh,FR,FR,day_ahead_price,value,2026-06-05T07:47:19Z
2026-06-05T07:46:33Z,2026-06-05T09:46:33+0200,a4488497-2a44-4b02-8cf3-b5300ead3675,2026-05-16T04:15:00Z,2026-05-16T06:15:00+0200,68.78,EUR/MWh,FR,FR,day_ahead_price,value,2026-06-05T07:47:19Z
2026-06-05T07:46:33Z,2026-06-05T09:46:33+0200,a4488497-2a44-4b02-8cf3-b5300ead3675,2026-05-16T04:30:00Z,2026-05-16T06:30:00+0200,68.78,EUR/MWh,FR,FR,day_ahead_price,value,2026-06-05T07:47:19Z
2026-06-05T07:46:33Z,2026-06-05T09:46:33+0200,a4488497-2a44-4b02-8cf3-b5300ead3675,2026-05-16T04:45:00Z,2026-05-16T06:45:00+0200,69.0,EUR/MWh,FR,FR,day_ahead_price,value,2026-06-05T07:47:19Z
2026-06-05T07:46:33Z,2026-06-05T09:46:33+0200,a4488497-2a44-4b02-8cf3-b5300ead3675,2026-05-16T05:00:00Z,2026-05-16T07:00:00+0200,76.95,EUR/MWh,FR,FR,day_ahead_price,value,2026-06-05T07:47:19Z
2026-06-05T07:46:33Z,2026-06-05T09:46:33+0200,a4488497-2a44-4b02-8cf3-b5300ead3675,2026-05-16T05:15:00Z,2026-05-16T07:15:00+0200,70.36,EUR/MWh,FR,FR,day_ahead_price,value,2026-06-05T07:47:19Z
2026-06-05T07:46:33Z,2026-06-05T09:46:33+0200,a4488497-2a44-4b02-8cf3-b5300ead3675,2026-05-16T05:30:00Z,2026-05-16T07:30:00+0200,67.2,EUR/MWh,FR,FR,day_ahead_price,value,2026-06-05T07:47:19Z
2026-06-05T07:46:33Z,2026-06-05T09:46:33+0200,a4488497-2a44-4b02-8cf3-b5300ead3675,2026-05-16T05:45:00Z,2026-05-16T07:45:00+0200,55.16,EUR/MWh,FR,FR,day_ahead_price,value,2026-06-05T07:47:19Z
2026-06-05T07:46:33Z,2026-06-05T09:46:33+0200,a4488497-2a44-4b02-8cf3-b5300ead3675,2026-05-16T06:00:00Z,2026-05-16T08:00:00+0200,67.68,EUR/MWh,FR,FR,day_ahead_price,value,2026-06-05T07:47:19Z
2026-06-05T07:46:33Z,2026-06-05T09:46:33+0200,a4488497-2a44-4b02-8cf3-b5300ead3675,2026-05-16T06:15:00Z,2026-05-16T08:15:00+0200,57.02,EUR/MWh,FR,FR,day_ahead_price,value,2026-06-05T07:47:19Z
2026-06-05T07:46:33Z,2026-06-05T09:46:33+0200,a4488497-2a44-4b02-8cf3-b5300ead3675,2026-05-16T06:30:00Z,2026-05-16T08:30:00+0200,67.5,EUR/MWh,FR,FR,day_ahead_price,value,2026-06-05T07:47:19Z
2026-06-05T07:46:33Z,2026-06-05T09:46:33+0200,a4488497-2a44-4b02-8cf3-b5300ead3675,2026-05-16T06:45:00Z,2026-05-16T08:45:00+0200,31.19,EUR/MWh,FR,FR,day_ahead_price,value,2026-06-05T07:47:19Z
2026-06-05T07:46:33Z,2026-06-05T09:46:33+0200,a4488497-2a44-4b02-8cf3-b5300ead3675,2026-05-16T07:00:00Z,2026-05-16T09:00:00+0200,28.3,EUR/MWh,FR,FR,day_ahead_price,value,2026-06-05T07:47:19Z
2026-06-05T07:46:33Z,2026-06-05T09:46:33+0200,a4488497-2a44-4b02-8cf3-b5300ead3675,2026-05-16T07:15:00Z,2026-05-16T09:15:00+0200,26.53,EUR/MWh,FR,FR,day_ahead_price,value,2026-06-05T07:47:19Z
2026-06-05T07:46:33Z,2026-06-05T09:46:33+0200,a4488497-2a44-4b02-8cf3-b5300ead3675,2026-05-16T07:30:00Z,2026-05-16T09:30:00+0200,14.95,EUR/MWh,FR,FR,day_ahead_price,value,2026-06-05T07:47:19Z
2026-06-05T07:46:33Z,2026-06-05T09:46:33+0200,a4488497-2a44-4b02-8cf3-b5300ead3675,2026-05-16T07:45:00Z,2026-05-16T09:45:00+0200,7.17,EUR/MWh,FR,FR,day_ahead_price,value,2026-06-05T07:47:19Z
2026-06-05T07:46:33Z,2026-06-05T09:46:33+0200,a4488497-2a44-4b02-8cf3-b5300ead3675,2026-05-16T08:00:00Z,2026-05-16T10:00:00+0200,9.29,EUR/MWh,FR,FR,day_ahead_price,value,2026-06-05T07:47:19Z
2026-06-05T07:46:33Z,2026-06-05T09:46:33+0200,a4488497-2a44-4b02-8cf3-b5300ead3675,2026-05-16T08:15:00Z,2026-05-16T10:15:00+0200,1.99,EUR/MWh,FR,FR,day_ahead_price,value,2026-06-05T07:47:19Z
2026-06-05T07:46:33Z,2026-06-05T09:46:33+0200,a4488497-2a44-4b02-8cf3-b5300ead3675,2026-05-16T08:30:00Z,2026-05-16T10:30:00+0200,0.44,EUR/MWh,FR,FR,day_ahead_price,value,2026-06-05T07:47:19Z
2026-06-05T07:46:33Z,2026-06-05T09:46:33+0200,a4488497-2a44-4b02-8cf3-b5300ead3675,2026-05-16T08:45:00Z,2026-05-16T10:45:00+0200,0.0,EUR/MWh,FR,FR,day_ahead_price,value,2026-06-05T07:47:19Z
2026-06-05T07:46:33Z,2026-06-05T09:46:33+0200,a4488497-2a44-4b02-8cf3-b5300ead3675,2026-05-16T09:00:00Z,2026-05-16T11:00:00+0200,0.0,EUR/MWh,FR,FR,day_ahead_price,value,2026-06-05T07:47:19Z
2026-06-05T07:46:33Z,2026-06-05T09:46:33+0200,a4488497-2a44-4b02-8cf3-b5300ead3675,2026-05-16T09:15:00Z,2026-05-16T11:15:00+0200,0.0,EUR/MWh,FR,FR,day_ahead_price,value,2026-06-05T07:47:19Z
2026-06-05T07:46:33Z,2026-06-05T09:46:33+0200,a4488497-2a44-4b02-8cf3-b5300ead3675,2026-05-16T09:30:00Z,2026-05-16T11:30:00+0200,0.0,EUR/MWh,FR,FR,day_ahead_price,value,2026-06-05T07:47:19Z
2026-06-05T07:46:33Z,2026-06-05T09:46:33+0200,a4488497-2a44-4b02-8cf3-b5300ead3675,2026-05-16T09:45:00Z,2026-05-16T11:45:00+0200,0.0,EUR/MWh,FR,FR,day_ahead_price,value,2026-06-05T07:47:19Z
2026-06-05T07:46:33Z,2026-06-05T09:46:33+0200,a4488497-2a44-4b02-8cf3-b5300ead3675,2026-05-16T10:00:00Z,2026-05-16T12:00:00+0200,1.07,EUR/MWh,FR,FR,day_ahead_price,value,2026-06-05T07:47:19Z
2026-06-05T07:46:33Z,2026-06-05T09:46:33+0200,a4488497-2a44-4b02-8cf3-b5300ead3675,2026-05-16T10:15:00Z,2026-05-16T12:15:00+0200,1.06,EUR/MWh,FR,FR,day_ahead_price,value,2026-06-05T07:47:19Z
2026-06-05T07:46:33Z,2026-06-05T09:46:33+0200,a4488497-2a44-4b02-8cf3-b5300ead3675,2026-05-16T10:30:00Z,2026-05-16T12:30:00+0200,0.44,EUR/MWh,FR,FR,day_ahead_price,value,2026-06-05T07:47:19Z
2026-06-05T07:46:33Z,2026-06-05T09:46:33+0200,a4488497-2a44-4b02-8cf3-b5300ead3675,2026-05-16T10:45:00Z,2026-05-16T12:45:00+0200,0.0,EUR/MWh,FR,FR,day_ahead_price,value,2026-06-05T07:47:19Z
2026-06-05T07:46:33Z,2026-06-05T09:46:33+0200,a4488497-2a44-4b02-8cf3-b5300ead3675,2026-05-16T11:00:00Z,2026-05-16T13:00:00+0200,-0.01,EUR/MWh,FR,FR,day_ahead_price,value,2026-06-05T07:47:19Z
2026-06-05T07:46:33Z,2026-06-05T09:46:33+0200,a4488497-2a44-4b02-8cf3-b5300ead3675,2026-05-16T11:15:00Z,2026-05-16T13:15:00+0200,-0.01,EUR/MWh,FR,FR,day_ahead_price,value,2026-06-05T07:47:19Z
2026-06-05T07:46:33Z,2026-06-05T09:46:33+0200,a4488497-2a44-4b02-8cf3-b5300ead3675,2026-05-16T11:30:00Z,2026-05-16T13:30:00+0200,-0.05,EUR/MWh,FR,FR,day_ahead_price,value,2026-06-05T07:47:19Z
2026-06-05T07:46:33Z,2026-06-05T09:46:33+0200,a4488497-2a44-4b02-8cf3-b5300ead3675,2026-05-16T11:45:00Z,2026-05-16T13:45:00+0200,-0.1,EUR/MWh,FR,FR,day_ahead_price,value,2026-06-05T07:47:19Z
2026-06-05T07:46:33Z,2026-06-05T09:46:33+0200,a4488497-2a44-4b02-8cf3-b5300ead3675,2026-05-16T12:00:00Z,2026-05-16T14:00:00+0200,-0.09,EUR/MWh,FR,FR,day_ahead_price,value,2026-06-05T07:47:19Z
2026-06-05T07:46:33Z,2026-06-05T09:46:33+0200,a4488497-2a44-4b02-8cf3-b5300ead3675,2026-05-16T12:15:00Z,2026-05-16T14:15:00+0200,-0.11,EUR/MWh,FR,FR,day_ahead_price,value,2026-06-05T07:47:19Z
2026-06-05T07:46:33Z,2026-06-05T09:46:33+0200,a4488497-2a44-4b02-8cf3-b5300ead3675,2026-05-16T12:30:00Z,2026-05-16T14:30:00+0200,-0.11,EUR/MWh,FR,FR,day_ahead_price,value,2026-06-05T07:47:19Z
2026-06-05T07:46:33Z,2026-06-05T09:46:33+0200,a4488497-2a44-4b02-8cf3-b5300ead3675,2026-05-16T12:45:00Z,2026-05-16T14:45:00+0200,-0.11,EUR/MWh,FR,FR,day_ahead_price,value,2026-06-05T07:47:19Z
2026-06-05T07:46:33Z,2026-06-05T09:46:33+0200,a4488497-2a44-4b02-8cf3-b5300ead3675,2026-05-16T13:00:00Z,2026-05-16T15:00:00+0200,-0.01,EUR/MWh,FR,FR,day_ahead_price,value,2026-06-05T07:47:19Z
2026-06-05T07:46:33Z,2026-06-05T09:46:33+0200,a4488497-2a44-4b02-8cf3-b5300ead3675,2026-05-16T13:15:00Z,2026-05-16T15:15:00+0200,-0.01,EUR/MWh,FR,FR,day_ahead_price,value,2026-06-05T07:47:19Z
2026-06-05T07:46:33Z,2026-06-05T09:46:33+0200,a4488497-2a44-4b02-8cf3-b5300ead3675,2026-05-16T13:30:00Z,2026-05-16T15:30:00+0200,-0.01,EUR/MWh,FR,FR,day_ahead_price,value,2026-06-05T07:47:19Z
2026-06-05T07:46:33Z,2026-06-05T09:46:33+0200,a4488497-2a44-4b02-8cf3-b5300ead3675,2026-05-16T13:45:00Z,2026-05-16T15:45:00+0200,-0.01,EUR/MWh,FR,FR,day_ahead_price,value,2026-06-05T07:47:19Z
2026-06-05T07:46:33Z,2026-06-05T09:46:33+0200,a4488497-2a44-4b02-8cf3-b5300ead3675,2026-05-16T14:00:00Z,2026-05-16T16:00:00+0200,-0.01,EUR/MWh,FR,FR,day_ahead_price,value,2026-06-05T07:47:19Z
2026-06-05T07:46:33Z,2026-06-05T09:46:33+0200,a4488497-2a44-4b02-8cf3-b5300ead3675,2026-05-16T14:15:00Z,2026-05-16T16:15:00+0200,-0.01,EUR/MWh,FR,FR,day_ahead_price,value,2026-06-05T07:47:19Z
2026-06-05T07:46:33Z,2026-06-05T09:46:33+0200,a4488497-2a44-4b02-8cf3-b5300ead3675,2026-05-16T14:30:00Z,2026-05-16T16:30:00+0200,-0.01,EUR/MWh,FR,FR,day_ahead_price,value,2026-06-05T07:47:19Z
2026-06-05T07:46:33Z,2026-06-05T09:46:33+0200,a4488497-2a44-4b02-8cf3-b5300ead3675,2026-05-16T14:45:00Z,2026-05-16T16:45:00+0200,-0.01,EUR/MWh,FR,FR,day_ahead_price,value,2026-06-05T07:47:19Z
2026-06-05T07:46:33Z,2026-06-05T09:46:33+0200,a4488497-2a44-4b02-8cf3-b5300ead3675,2026-05-16T15:00:00Z,2026-05-16T17:00:00+0200,-0.01,EUR/MWh,FR,FR,day_ahead_price,value,2026-06-05T07:47:19Z
2026-06-05T07:46:33Z,2026-06-05T09:46:33+0200,a4488497-2a44-4b02-8cf3-b5300ead3675,2026-05-16T15:15:00Z,2026-05-16T17:15:00+0200,-0.01,EUR/MWh,FR,FR,day_ahead_price,value,2026-06-05T07:47:19Z
2026-06-05T07:46:33Z,2026-06-05T09:46:33+0200,a4488497-2a44-4b02-8cf3-b5300ead3675,2026-05-16T15:30:00Z,2026-05-16T17:30:00+0200,0.0,EUR/MWh,FR,FR,day_ahead_price,value,2026-06-05T07:47:19Z
2026-06-05T07:46:33Z,2026-06-05T09:46:33+0200,a4488497-2a44-4b02-8cf3-b5300ead3675,2026-05-16T15:45:00Z,2026-05-16T17:45:00+0200,0.0,EUR/MWh,FR,FR,day_ahead_price,value,2026-06-05T07:47:19Z
2026-06-05T07:46:33Z,2026-06-05T09:46:33+0200,a4488497-2a44-4b02-8cf3-b5300ead3675,2026-05-16T16:00:00Z,2026-05-16T18:00:00+0200,0.24,EUR/MWh,FR,FR,day_ahead_price,value,2026-06-05T07:47:19Z
2026-06-05T07:46:33Z,2026-06-05T09:46:33+0200,a4488497-2a44-4b02-8cf3-b5300ead3675,2026-05-16T16:15:00Z,2026-05-16T18:15:00+0200,24.8,EUR/MWh,FR,FR,day_ahead_price,value,2026-06-05T07:47:19Z
2026-06-05T07:46:33Z,2026-06-05T09:46:33+0200,a4488497-2a44-4b02-8cf3-b5300ead3675,2026-05-16T16:30:00Z,2026-05-16T18:30:00+0200,34.25,EUR/MWh,FR,FR,day_ahead_price,value,2026-06-05T07:47:19Z
2026-06-05T07:46:33Z,2026-06-05T09:46:33+0200,a4488497-2a44-4b02-8cf3-b5300ead3675,2026-05-16T16:45:00Z,2026-05-16T18:45:00+0200,44.32,EUR/MWh,FR,FR,day_ahead_price,value,2026-06-05T07:47:19Z
2026-06-05T07:46:33Z,2026-06-05T09:46:33+0200,a4488497-2a44-4b02-8cf3-b5300ead3675,2026-05-16T17:00:00Z,2026-05-16T19:00:00+0200,48.58,EUR/MWh,FR,FR,day_ahead_price,value,2026-06-05T07:47:19Z
2026-06-05T07:46:33Z,2026-06-05T09:46:33+0200,a4488497-2a44-4b02-8cf3-b5300ead3675,2026-05-16T17:15:00Z,2026-05-16T19:15:00+0200,94.0,EUR/MWh,FR,FR,day_ahead_price,value,2026-06-05T07:47:19Z
2026-06-05T07:46:33Z,2026-06-05T09:46:33+0200,a4488497-2a44-4b02-8cf3-b5300ead3675,2026-05-16T17:30:00Z,2026-05-16T19:30:00+0200,76.8,EUR/MWh,FR,FR,day_ahead_price,value,2026-06-05T07:47:19Z
2026-06-05T07:46:33Z,2026-06-05T09:46:33+0200,a4488497-2a44-4b02-8cf3-b5300ead3675,2026-05-16T17:45:00Z,2026-05-16T19:45:00+0200,96.61,EUR/MWh,FR,FR,day_ahead_price,value,2026-06-05T07:47:19Z
2026-06-05T07:46:33Z,2026-06-05T09:46:33+0200,a4488497-2a44-4b02-8cf3-b5300ead3675,2026-05-16T18:00:00Z,2026-05-16T20:00:00+0200,63.74,EUR/MWh,FR,FR,day_ahead_price,value,2026-06-05T07:47:19Z
2026-06-05T07:46:33Z,2026-06-05T09:46:33+0200,a4488497-2a44-4b02-8cf3-b5300ead3675,2026-05-16T18:15:00Z,2026-05-16T20:15:00+0200,80.0,EUR/MWh,FR,FR,day_ahead_price,value,2026-06-05T07:47:19Z
2026-06-05T07:46:33Z,2026-06-05T09:46:33+0200,a4488497-2a44-4b02-8cf3-b5300ead3675,2026-05-16T18:30:00Z,2026-05-16T20:30:00+0200,84.35,EUR/MWh,FR,FR,day_ahead_price,value,2026-06-05T07:47:19Z
2026-06-05T07:46:33Z,2026-06-05T09:46:33+0200,a4488497-2a44-4b02-8cf3-b5300ead3675,2026-05-16T18:45:00Z,2026-05-16T20:45:00+0200,96.09,EUR/MWh,FR,FR,day_ahead_price,value,2026-06-05T07:47:19Z
2026-06-05T07:46:33Z,2026-06-05T09:46:33+0200,a4488497-2a44-4b02-8cf3-b5300ead3675,2026-05-16T19:00:00Z,2026-05-16T21:00:00+0200,97.05,EUR/MWh,FR,FR,day_ahead_price,value,2026-06-05T07:47:19Z
2026-06-05T07:46:33Z,2026-06-05T09:46:33+0200,a4488497-2a44-4b02-8cf3-b5300ead3675,2026-05-16T19:15:00Z,2026-05-16T21:15:00+0200,100.51,EUR/MWh,FR,FR,day_ahead_price,value,2026-06-05T07:47:19Z
2026-06-05T07:46:33Z,2026-06-05T09:46:33+0200,a4488497-2a44-4b02-8cf3-b5300ead3675,2026-05-16T19:30:00Z,2026-05-16T21:30:00+0200,106.06,EUR/MWh,FR,FR,day_ahead_price,value,2026-06-05T07:47:19Z
2026-06-05T07:46:33Z,2026-06-05T09:46:33+0200,a4488497-2a44-4b02-8cf3-b5300ead3675,2026-05-16T19:45:00Z,2026-05-16T21:45:00+0200,100.99,EUR/MWh,FR,FR,day_ahead_price,value,2026-06-05T07:47:19Z
2026-06-05T07:46:33Z,2026-06-05T09:46:33+0200,a4488497-2a44-4b02-8cf3-b5300ead3675,2026-05-16T20:00:00Z,2026-05-16T22:00:00+0200,113.0,EUR/MWh,FR,FR,day_ahead_price,value,2026-06-05T07:47:19Z
2026-06-05T07:46:33Z,2026-06-05T09:46:33+0200,a4488497-2a44-4b02-8cf3-b5300ead3675,2026-05-16T20:15:00Z,2026-05-16T22:15:00+0200,109.07,EUR/MWh,FR,FR,day_ahead_price,value,2026-06-05T07:47:19Z
2026-06-05T07:46:33Z,2026-06-05T09:46:33+0200,a4488497-2a44-4b02-8cf3-b5300ead3675,2026-05-16T20:30:00Z,2026-05-16T22:30:00+0200,113.69,EUR/MWh,FR,FR,day_ahead_price,value,2026-06-05T07:47:19Z
2026-06-05T07:46:33Z,2026-06-05T09:46:33+0200,a4488497-2a44-4b02-8cf3-b5300ead3675,2026-05-16T20:45:00Z,2026-05-16T22:45:00+0200,110.0,EUR/MWh,FR,FR,day_ahead_price,value,2026-06-05T07:47:19Z
2026-06-05T07:46:33Z,2026-06-05T09:46:33+0200,a4488497-2a44-4b02-8cf3-b5300ead3675,2026-05-16T21:00:00Z,2026-05-16T23:00:00+0200,106.7,EUR/MWh,FR,FR,day_ahead_price,value,2026-06-05T07:47:19Z
2026-06-05T07:46:33Z,2026-06-05T09:46:33+0200,a4488497-2a44-4b02-8cf3-b5300ead3675,2026-05-16T21:15:00Z,2026-05-16T23:15:00+0200,100.0,EUR/MWh,FR,FR,day_ahead_price,value,2026-06-05T07:47:19Z
2026-06-05T07:46:33Z,2026-06-05T09:46:33+0200,a4488497-2a44-4b02-8cf3-b5300ead3675,2026-05-16T21:30:00Z,2026-05-16T23:30:00+0200,101.0,EUR/MWh,FR,FR,day_ahead_price,value,2026-06-05T07:47:19Z
2026-06-05T07:46:33Z,2026-06-05T09:46:33+0200,a4488497-2a44-4b02-8cf3-b5300ead3675,2026-05-16T21:45:00Z,2026-05-16T23:45:00+0200,94.94,EUR/MWh,FR,FR,day_ahead_price,value,2026-06-05T07:47:19Z
2026-06-05T07:46:33Z,2026-06-05T09:46:33+0200,a4488497-2a44-4b02-8cf3-b5300ead3675,2026-05-16T22:00:00Z,2026-05-17T00:00:00+0200,98.93,EUR/MWh,FR,FR,day_ahead_price,value,2026-06-05T07:47:19Z
2026-06-05T07:46:33Z,2026-06-05T09:46:33+0200,a4488497-2a44-4b02-8cf3-b5300ead3675,2026-05-16T22:15:00Z,2026-05-17T00:15:00+0200,97.19,EUR/MWh,FR,FR,day_ahead_price,value,2026-06-05T07:47:19Z
2026-06-05T07:46:33Z,2026-06-05T09:46:33+0200,a4488497-2a44-4b02-8cf3-b5300ead3675,2026-05-16T22:30:00Z,2026-05-17T00:30:00+0200,90.04,EUR/MWh,FR,FR,day_ahead_price,value,2026-06-05T07:47:19Z
2026-06-05T07:46:33Z,2026-06-05T09:46:33+0200,a4488497-2a44-4b02-8cf3-b5300ead3675,2026-05-16T22:45:00Z,2026-05-17T00:45:00+0200,89.84,EUR/MWh,FR,FR,day_ahead_price,value,2026-06-05T07:47:19Z
2026-06-05T07:46:33Z,2026-06-05T09:46:33+0200,a4488497-2a44-4b02-8cf3-b5300ead3675,2026-05-16T23:00:00Z,2026-05-17T01:00:00+0200,90.9,EUR/MWh,FR,FR,day_ahead_price,value,2026-06-05T07:47:19Z
2026-06-05T07:46:33Z,2026-06-05T09:46:33+0200,a4488497-2a44-4b02-8cf3-b5300ead3675,2026-05-16T23:15:00Z,2026-05-17T01:15:00+0200,88.13,EUR/MWh,FR,FR,day_ahead_price,value,2026-06-05T07:47:19Z
2026-06-05T07:46:33Z,2026-06-05T09:46:33+0200,a4488497-2a44-4b02-8cf3-b5300ead3675,2026-05-16T23:30:00Z,2026-05-17T01:30:00+0200,86.3,EUR/MWh,FR,FR,day_ahead_price,value,2026-06-05T07:47:19Z
2026-06-05T07:46:33Z,2026-06-05T09:46:33+0200,a4488497-2a44-4b02-8cf3-b5300ead3675,2026-05-16T23:45:00Z,2026-05-17T01:45:00+0200,83.54,EUR/MWh,FR,FR,day_ahead_price,value,2026-06-05T07:47:19Z
2026-06-05T07:46:33Z,2026-06-05T09:46:33+0200,a4488497-2a44-4b02-8cf3-b5300ead3675,2026-05-17T00:00:00Z,2026-05-17T02:00:00+0200,83.54,EUR/MWh,FR,FR,day_ahead_price,value,2026-06-05T07:47:19Z
2026-06-05T07:46:33Z,2026-06-05T09:46:33+0200,a4488497-2a44-4b02-8cf3-b5300ead3675,2026-05-17T00:15:00Z,2026-05-17T02:15:00+0200,77.7,EUR/MWh,FR,FR,day_ahead_price,value,2026-06-05T07:47:19Z
2026-06-05T07:46:33Z,2026-06-05T09:46:33+0200,a4488497-2a44-4b02-8cf3-b5300ead3675,2026-05-17T00:30:00Z,2026-05-17T02:30:00+0200,73.58,EUR/MWh,FR,FR,day_ahead_price,value,2026-06-05T07:47:19Z
2026-06-05T07:46:33Z,2026-06-05T09:46:33+0200,a4488497-2a44-4b02-8cf3-b5300ead3675,2026-05-17T00:45:00Z,2026-05-17T02:45:00+0200,69.81,EUR/MWh,FR,FR,day_ahead_price,value,2026-06-05T07:47:19Z
2026-06-05T07:46:33Z,2026-06-05T09:46:33+0200,a4488497-2a44-4b02-8cf3-b5300ead3675,2026-05-17T01:00:00Z,2026-05-17T03:00:00+0200,70.0,EUR/MWh,FR,FR,day_ahead_price,value,2026-06-05T07:47:19Z
2026-06-05T07:46:33Z,2026-06-05T09:46:33+0200,a4488497-2a44-4b02-8cf3-b5300ead3675,2026-05-17T01:15:00Z,2026-05-17T03:15:00+0200,64.76,EUR/MWh,FR,FR,day_ahead_price,value,2026-06-05T07:47:19Z
2026-06-05T07:46:33Z,2026-06-05T09:46:33+0200,a4488497-2a44-4b02-8cf3-b5300ead3675,2026-05-17T01:30:00Z,2026-05-17T03:30:00+0200,68.0,EUR/MWh,FR,FR,day_ahead_price,value,2026-06-05T07:47:19Z
2026-06-05T07:46:33Z,2026-06-05T09:46:33+0200,a4488497-2a44-4b02-8cf3-b5300ead3675,2026-05-17T01:45:00Z,2026-05-17T03:45:00+0200,61.38,EUR/MWh,FR,FR,day_ahead_price,value,2026-06-05T07:47:19Z
2026-06-05T07:46:33Z,2026-06-05T09:46:33+0200,a4488497-2a44-4b02-8cf3-b5300ead3675,2026-05-17T02:00:00Z,2026-05-17T04:00:00+0200,70.01,EUR/MWh,FR,FR,day_ahead_price,value,2026-06-05T07:47:19Z
2026-06-05T07:46:33Z,2026-06-05T09:46:33+0200,a4488497-2a44-4b02-8cf3-b5300ead3675,2026-05-17T02:15:00Z,2026-05-17T04:15:00+0200,70.0,EUR/MWh,FR,FR,day_ahead_price,value,2026-06-05T07:47:19Z
2026-06-05T07:46:33Z,2026-06-05T09:46:33+0200,a4488497-2a44-4b02-8cf3-b5300ead3675,2026-05-17T02:30:00Z,2026-05-17T04:30:00+0200,69.62,EUR/MWh,FR,FR,day_ahead_price,value,2026-06-05T07:47:19Z
2026-06-05T07:46:33Z,2026-06-05T09:46:33+0200,a4488497-2a44-4b02-8cf3-b5300ead3675,2026-05-17T02:45:00Z,2026-05-17T04:45:00+0200,70.37,EUR/MWh,FR,FR,day_ahead_price,value,2026-06-05T07:47:19Z
2026-06-05T07:46:33Z,2026-06-05T09:46:33+0200,a4488497-2a44-4b02-8cf3-b5300ead3675,2026-05-17T03:00:00Z,2026-05-17T05:00:00+0200,70.01,EUR/MWh,FR,FR,day_ahead_price,value,2026-06-05T07:47:19Z
2026-06-05T07:46:33Z,2026-06-05T09:46:33+0200,a4488497-2a44-4b02-8cf3-b5300ead3675,2026-05-17T03:15:00Z,2026-05-17T05:15:00+0200,70.96,EUR/MWh,FR,FR,day_ahead_price,value,2026-06-05T07:47:19Z
2026-06-05T07:46:33Z,2026-06-05T09:46:33+0200,a4488497-2a44-4b02-8cf3-b5300ead3675,2026-05-17T03:30:00Z,2026-05-17T05:30:00+0200,70.0,EUR/MWh,FR,FR,day_ahead_price,value,2026-06-05T07:47:19Z
2026-06-05T07:46:33Z,2026-06-05T09:46:33+0200,a4488497-2a44-4b02-8cf3-b5300ead3675,2026-05-17T03:45:00Z,2026-05-17T05:45:00+0200,70.96,EUR/MWh,FR,FR,day_ahead_price,value,2026-06-05T07:47:19Z
2026-06-05T07:46:33Z,2026-06-05T09:46:33+0200,a4488497-2a44-4b02-8cf3-b5300ead3675,2026-05-17T04:00:00Z,2026-05-17T06:00:00+0200,67.69,EUR/MWh,FR,FR,day_ahead_price,value,2026-06-05T07:47:19Z
2026-06-05T07:46:33Z,2026-06-05T09:46:33+0200,a4488497-2a44-4b02-8cf3-b5300ead3675,2026-05-17T04:15:00Z,2026-05-17T06:15:00+0200,67.87,EUR/MWh,FR,FR,day_ahead_price,value,2026-06-05T07:47:19Z
2026-06-05T07:46:33Z,2026-06-05T09:46:33+0200,a4488497-2a44-4b02-8cf3-b5300ead3675,2026-05-17T04:30:00Z,2026-05-17T06:30:00+0200,68.76,EUR/MWh,FR,FR,day_ahead_price,value,2026-06-05T07:47:19Z
2026-06-05T07:46:33Z,2026-06-05T09:46:33+0200,a4488497-2a44-4b02-8cf3-b5300ead3675,2026-05-17T04:45:00Z,2026-05-17T06:45:00+0200,69.0,EUR/MWh,FR,FR,day_ahead_price,value,2026-06-05T07:47:19Z
2026-06-05T07:46:33Z,2026-06-05T09:46:33+0200,a4488497-2a44-4b02-8cf3-b5300ead3675,2026-05-17T05:00:00Z,2026-05-17T07:00:00+0200,70.99,EUR/MWh,FR,FR,day_ahead_price,value,2026-06-05T07:47:19Z
2026-06-05T07:46:33Z,2026-06-05T09:46:33+0200,a4488497-2a44-4b02-8cf3-b5300ead3675,2026-05-17T05:15:00Z,2026-05-17T07:15:00+0200,65.41,EUR/MWh,FR,FR,day_ahead_price,value,2026-06-05T07:47:19Z
2026-06-05T07:46:33Z,2026-06-05T09:46:33+0200,a4488497-2a44-4b02-8cf3-b5300ead3675,2026-05-17T05:30:00Z,2026-05-17T07:30:00+0200,50.1,EUR/MWh,FR,FR,day_ahead_price,value,2026-06-05T07:47:19Z
2026-06-05T07:46:33Z,2026-06-05T09:46:33+0200,a4488497-2a44-4b02-8cf3-b5300ead3675,2026-05-17T05:45:00Z,2026-05-17T07:45:00+0200,49.39,EUR/MWh,FR,FR,day_ahead_price,value,2026-06-05T07:47:19Z
2026-06-05T07:46:33Z,2026-06-05T09:46:33+0200,a4488497-2a44-4b02-8cf3-b5300ead3675,2026-05-17T06:00:00Z,2026-05-17T08:00:00+0200,62.32,EUR/MWh,FR,FR,day_ahead_price,value,2026-06-05T07:47:19Z
2026-06-05T07:46:33Z,2026-06-05T09:46:33+0200,a4488497-2a44-4b02-8cf3-b5300ead3675,2026-05-17T06:15:00Z,2026-05-17T08:15:00+0200,41.98,EUR/MWh,FR,FR,day_ahead_price,value,2026-06-05T07:47:19Z
2026-06-05T07:46:33Z,2026-06-05T09:46:33+0200,a4488497-2a44-4b02-8cf3-b5300ead3675,2026-05-17T06:30:00Z,2026-05-17T08:30:00+0200,25.59,EUR/MWh,FR,FR,day_ahead_price,value,2026-06-05T07:47:19Z
2026-06-05T07:46:33Z,2026-06-05T09:46:33+0200,a4488497-2a44-4b02-8cf3-b5300ead3675,2026-05-17T06:45:00Z,2026-05-17T08:45:00+0200,2.49,EUR/MWh,FR,FR,day_ahead_price,value,2026-06-05T07:47:19Z
2026-06-05T07:46:33Z,2026-06-05T09:46:33+0200,a4488497-2a44-4b02-8cf3-b5300ead3675,2026-05-17T07:00:00Z,2026-05-17T09:00:00+0200,22.43,EUR/MWh,FR,FR,day_ahead_price,value,2026-06-05T07:47:19Z
2026-06-05T07:46:33Z,2026-06-05T09:46:33+0200,a4488497-2a44-4b02-8cf3-b5300ead3675,2026-05-17T07:15:00Z,2026-05-17T09:15:00+0200,6.1,EUR/MWh,FR,FR,day_ahead_price,value,2026-06-05T07:47:19Z
2026-06-05T07:46:33Z,2026-06-05T09:46:33+0200,a4488497-2a44-4b02-8cf3-b5300ead3675,2026-05-17T07:30:00Z,2026-05-17T09:30:00+0200,9.99,EUR/MWh,FR,FR,day_ahead_price,value,2026-06-05T07:47:19Z
2026-06-05T07:46:33Z,2026-06-05T09:46:33+0200,a4488497-2a44-4b02-8cf3-b5300ead3675,2026-05-17T07:45:00Z,2026-05-17T09:45:00+0200,5.02,EUR/MWh,FR,FR,day_ahead_price,value,2026-06-05T07:47:19Z
2026-06-05T07:46:33Z,2026-06-05T09:46:33+0200,a4488497-2a44-4b02-8cf3-b5300ead3675,2026-05-17T08:00:00Z,2026-05-17T10:00:00+0200,8.07,EUR/MWh,FR,FR,day_ahead_price,value,2026-06-05T07:47:19Z
2026-06-05T07:46:33Z,2026-06-05T09:46:33+0200,a4488497-2a44-4b02-8cf3-b5300ead3675,2026-05-17T08:15:00Z,2026-05-17T10:15:00+0200,4.51,EUR/MWh,FR,FR,day_ahead_price,value,2026-06-05T07:47:19Z
2026-06-05T07:46:33Z,2026-06-05T09:46:33+0200,a4488497-2a44-4b02-8cf3-b5300ead3675,2026-05-17T08:30:00Z,2026-05-17T10:30:00+0200,1.34,EUR/MWh,FR,FR,day_ahead_price,value,2026-06-05T07:47:19Z
2026-06-05T07:46:33Z,2026-06-05T09:46:33+0200,a4488497-2a44-4b02-8cf3-b5300ead3675,2026-05-17T08:45:00Z,2026-05-17T10:45:00+0200,0.04,EUR/MWh,FR,FR,day_ahead_price,value,2026-06-05T07:47:19Z
2026-06-05T07:46:33Z,2026-06-05T09:46:33+0200,a4488497-2a44-4b02-8cf3-b5300ead3675,2026-05-17T09:00:00Z,2026-05-17T11:00:00+0200,2.0,EUR/MWh,FR,FR,day_ahead_price,value,2026-06-05T07:47:19Z
2026-06-05T07:46:33Z,2026-06-05T09:46:33+0200,a4488497-2a44-4b02-8cf3-b5300ead3675,2026-05-17T09:15:00Z,2026-05-17T11:15:00+0200,0.19,EUR/MWh,FR,FR,day_ahead_price,value,2026-06-05T07:47:19Z
2026-06-05T07:46:33Z,2026-06-05T09:46:33+0200,a4488497-2a44-4b02-8cf3-b5300ead3675,2026-05-17T09:30:00Z,2026-05-17T11:30:00+0200,0.05,EUR/MWh,FR,FR,day_ahead_price,value,2026-06-05T07:47:19Z
2026-06-05T07:46:33Z,2026-06-05T09:46:33+0200,a4488497-2a44-4b02-8cf3-b5300ead3675,2026-05-17T09:45:00Z,2026-05-17T11:45:00+0200,0.0,EUR/MWh,FR,FR,day_ahead_price,value,2026-06-05T07:47:19Z
2026-06-05T07:46:33Z,2026-06-05T09:46:33+0200,a4488497-2a44-4b02-8cf3-b5300ead3675,2026-05-17T10:00:00Z,2026-05-17T12:00:00+0200,1.34,EUR/MWh,FR,FR,day_ahead_price,value,2026-06-05T07:47:19Z
2026-06-05T07:46:33Z,2026-06-05T09:46:33+0200,a4488497-2a44-4b02-8cf3-b5300ead3675,2026-05-17T10:15:00Z,2026-05-17T12:15:00+0200,1.76,EUR/MWh,FR,FR,day_ahead_price,value,2026-06-05T07:47:19Z
2026-06-05T07:46:33Z,2026-06-05T09:46:33+0200,a4488497-2a44-4b02-8cf3-b5300ead3675,2026-05-17T10:30:00Z,2026-05-17T12:30:00+0200,1.75,EUR/MWh,FR,FR,day_ahead_price,value,2026-06-05T07:47:19Z
2026-06-05T07:46:33Z,2026-06-05T09:46:33+0200,a4488497-2a44-4b02-8cf3-b5300ead3675,2026-05-17T10:45:00Z,2026-05-17T12:45:00+0200,0.05,EUR/MWh,FR,FR,day_ahead_price,value,2026-06-05T07:47:19Z
2026-06-05T07:46:33Z,2026-06-05T09:46:33+0200,a4488497-2a44-4b02-8cf3-b5300ead3675,2026-05-17T11:00:00Z,2026-05-17T13:00:00+0200,0.0,EUR/MWh,FR,FR,day_ahead_price,value,2026-06-05T07:47:19Z
2026-06-05T07:46:33Z,2026-06-05T09:46:33+0200,a4488497-2a44-4b02-8cf3-b5300ead3675,2026-05-17T11:15:00Z,2026-05-17T13:15:00+0200,0.0,EUR/MWh,FR,FR,day_ahead_price,value,2026-06-05T07:47:19Z
2026-06-05T07:46:33Z,2026-06-05T09:46:33+0200,a4488497-2a44-4b02-8cf3-b5300ead3675,2026-05-17T11:30:00Z,2026-05-17T13:30:00+0200,0.0,EUR/MWh,FR,FR,day_ahead_price,value,2026-06-05T07:47:19Z
2026-06-05T07:46:33Z,2026-06-05T09:46:33+0200,a4488497-2a44-4b02-8cf3-b5300ead3675,2026-05-17T11:45:00Z,2026-05-17T13:45:00+0200,0.0,EUR/MWh,FR,FR,day_ahead_price,value,2026-06-05T07:47:19Z
2026-06-05T07:46:33Z,2026-06-05T09:46:33+0200,a4488497-2a44-4b02-8cf3-b5300ead3675,2026-05-17T12:00:00Z,2026-05-17T14:00:00+0200,0.0,EUR/MWh,FR,FR,day_ahead_price,value,2026-06-05T07:47:19Z
2026-06-05T07:46:33Z,2026-06-05T09:46:33+0200,a4488497-2a44-4b02-8cf3-b5300ead3675,2026-05-17T12:15:00Z,2026-05-17T14:15:00+0200,0.0,EUR/MWh,FR,FR,day_ahead_price,value,2026-06-05T07:47:19Z
2026-06-05T07:46:33Z,2026-06-05T09:46:33+0200,a4488497-2a44-4b02-8cf3-b5300ead3675,2026-05-17T12:30:00Z,2026-05-17T14:30:00+0200,0.0,EUR/MWh,FR,FR,day_ahead_price,value,2026-06-05T07:47:19Z
2026-06-05T07:46:33Z,2026-06-05T09:46:33+0200,a4488497-2a44-4b02-8cf3-b5300ead3675,2026-05-17T12:45:00Z,2026-05-17T14:45:00+0200,0.0,EUR/MWh,FR,FR,day_ahead_price,value,2026-06-05T07:47:19Z
2026-06-05T07:46:33Z,2026-06-05T09:46:33+0200,a4488497-2a44-4b02-8cf3-b5300ead3675,2026-05-17T13:00:00Z,2026-05-17T15:00:00+0200,0.0,EUR/MWh,FR,FR,day_ahead_price,value,2026-06-05T07:47:19Z
2026-06-05T07:46:33Z,2026-06-05T09:46:33+0200,a4488497-2a44-4b02-8cf3-b5300ead3675,2026-05-17T13:15:00Z,2026-05-17T15:15:00+0200,0.0,EUR/MWh,FR,FR,day_ahead_price,value,2026-06-05T07:47:19Z
2026-06-05T07:46:33Z,2026-06-05T09:46:33+0200,a4488497-2a44-4b02-8cf3-b5300ead3675,2026-05-17T13:30:00Z,2026-05-17T15:30:00+0200,0.0,EUR/MWh,FR,FR,day_ahead_price,value,2026-06-05T07:47:19Z
2026-06-05T07:46:33Z,2026-06-05T09:46:33+0200,a4488497-2a44-4b02-8cf3-b5300ead3675,2026-05-17T13:45:00Z,2026-05-17T15:45:00+0200,0.0,EUR/MWh,FR,FR,day_ahead_price,value,2026-06-05T07:47:19Z
2026-06-05T07:46:33Z,2026-06-05T09:46:33+0200,a4488497-2a44-4b02-8cf3-b5300ead3675,2026-05-17T14:00:00Z,2026-05-17T16:00:00+0200,0.0,EUR/MWh,FR,FR,day_ahead_price,value,2026-06-05T07:47:19Z
2026-06-05T07:46:33Z,2026-06-05T09:46:33+0200,a4488497-2a44-4b02-8cf3-b5300ead3675,2026-05-17T14:15:00Z,2026-05-17T16:15:00+0200,0.0,EUR/MWh,FR,FR,day_ahead_price,value,2026-06-05T07:47:19Z
2026-06-05T07:46:33Z,2026-06-05T09:46:33+0200,a4488497-2a44-4b02-8cf3-b5300ead3675,2026-05-17T14:30:00Z,2026-05-17T16:30:00+0200,0.0,EUR/MWh,FR,FR,day_ahead_price,value,2026-06-05T07:47:19Z
2026-06-05T07:46:33Z,2026-06-05T09:46:33+0200,a4488497-2a44-4b02-8cf3-b5300ead3675,2026-05-17T14:45:00Z,2026-05-17T16:45:00+0200,0.0,EUR/MWh,FR,FR,day_ahead_price,value,2026-06-05T07:47:19Z
2026-06-05T07:46:33Z,2026-06-05T09:46:33+0200,a4488497-2a44-4b02-8cf3-b5300ead3675,2026-05-17T15:00:00Z,2026-05-17T17:00:00+0200,0.0,EUR/MWh,FR,FR,day_ahead_price,value,2026-06-05T07:47:19Z
2026-06-05T07:46:33Z,2026-06-05T09:46:33+0200,a4488497-2a44-4b02-8cf3-b5300ead3675,2026-05-17T15:15:00Z,2026-05-17T17:15:00+0200,0.0,EUR/MWh,FR,FR,day_ahead_price,value,2026-06-05T07:47:19Z
2026-06-05T07:46:33Z,2026-06-05T09:46:33+0200,a4488497-2a44-4b02-8cf3-b5300ead3675,2026-05-17T15:30:00Z,2026-05-17T17:30:00+0200,0.0,EUR/MWh,FR,FR,day_ahead_price,value,2026-06-05T07:47:19Z
2026-06-05T07:46:33Z,2026-06-05T09:46:33+0200,a4488497-2a44-4b02-8cf3-b5300ead3675,2026-05-17T15:45:00Z,2026-05-17T17:45:00+0200,11.04,EUR/MWh,FR,FR,day_ahead_price,value,2026-06-05T07:47:19Z
2026-06-05T07:46:33Z,2026-06-05T09:46:33+0200,a4488497-2a44-4b02-8cf3-b5300ead3675,2026-05-17T16:00:00Z,2026-05-17T18:00:00+0200,15.52,EUR/MWh,FR,FR,day_ahead_price,value,2026-06-05T07:47:19Z
2026-06-05T07:46:33Z,2026-06-05T09:46:33+0200,a4488497-2a44-4b02-8cf3-b5300ead3675,2026-05-17T16:15:00Z,2026-05-17T18:15:00+0200,21.57,EUR/MWh,FR,FR,day_ahead_price,value,2026-06-05T07:47:19Z
2026-06-05T07:46:33Z,2026-06-05T09:46:33+0200,a4488497-2a44-4b02-8cf3-b5300ead3675,2026-05-17T16:30:00Z,2026-05-17T18:30:00+0200,54.59,EUR/MWh,FR,FR,day_ahead_price,value,2026-06-05T07:47:19Z
2026-06-05T07:46:33Z,2026-06-05T09:46:33+0200,a4488497-2a44-4b02-8cf3-b5300ead3675,2026-05-17T16:45:00Z,2026-05-17T18:45:00+0200,87.02,EUR/MWh,FR,FR,day_ahead_price,value,2026-06-05T07:47:19Z
2026-06-05T07:46:33Z,2026-06-05T09:46:33+0200,a4488497-2a44-4b02-8cf3-b5300ead3675,2026-05-17T17:00:00Z,2026-05-17T19:00:00+0200,59.8,EUR/MWh,FR,FR,day_ahead_price,value,2026-06-05T07:47:19Z
2026-06-05T07:46:33Z,2026-06-05T09:46:33+0200,a4488497-2a44-4b02-8cf3-b5300ead3675,2026-05-17T17:15:00Z,2026-05-17T19:15:00+0200,76.46,EUR/MWh,FR,FR,day_ahead_price,value,2026-06-05T07:47:19Z
2026-06-05T07:46:33Z,2026-06-05T09:46:33+0200,a4488497-2a44-4b02-8cf3-b5300ead3675,2026-05-17T17:30:00Z,2026-05-17T19:30:00+0200,83.0,EUR/MWh,FR,FR,day_ahead_price,value,2026-06-05T07:47:19Z
2026-06-05T07:46:33Z,2026-06-05T09:46:33+0200,a4488497-2a44-4b02-8cf3-b5300ead3675,2026-05-17T17:45:00Z,2026-05-17T19:45:00+0200,108.86,EUR/MWh,FR,FR,day_ahead_price,value,2026-06-05T07:47:19Z
2026-06-05T07:46:33Z,2026-06-05T09:46:33+0200,a4488497-2a44-4b02-8cf3-b5300ead3675,2026-05-17T18:00:00Z,2026-05-17T20:00:00+0200,102.8,EUR/MWh,FR,FR,day_ahead_price,value,2026-06-05T07:47:19Z
2026-06-05T07:46:33Z,2026-06-05T09:46:33+0200,a4488497-2a44-4b02-8cf3-b5300ead3675,2026-05-17T18:15:00Z,2026-05-17T20:15:00+0200,96.88,EUR/MWh,FR,FR,day_ahead_price,value,2026-06-05T07:47:19Z
2026-06-05T07:46:33Z,2026-06-05T09:46:33+0200,a4488497-2a44-4b02-8cf3-b5300ead3675,2026-05-17T18:30:00Z,2026-05-17T20:30:00+0200,97.15,EUR/MWh,FR,FR,day_ahead_price,value,2026-06-05T07:47:19Z
2026-06-05T07:46:33Z,2026-06-05T09:46:33+0200,a4488497-2a44-4b02-8cf3-b5300ead3675,2026-05-17T18:45:00Z,2026-05-17T20:45:00+0200,110.0,EUR/MWh,FR,FR,day_ahead_price,value,2026-06-05T07:47:19Z
2026-06-05T07:46:33Z,2026-06-05T09:46:33+0200,a4488497-2a44-4b02-8cf3-b5300ead3675,2026-05-17T19:00:00Z,2026-05-17T21:00:00+0200,111.0,EUR/MWh,FR,FR,day_ahead_price,value,2026-06-05T07:47:19Z
2026-06-05T07:46:33Z,2026-06-05T09:46:33+0200,a4488497-2a44-4b02-8cf3-b5300ead3675,2026-05-17T19:15:00Z,2026-05-17T21:15:00+0200,115.0,EUR/MWh,FR,FR,day_ahead_price,value,2026-06-05T07:47:19Z
2026-06-05T07:46:33Z,2026-06-05T09:46:33+0200,a4488497-2a44-4b02-8cf3-b5300ead3675,2026-05-17T19:30:00Z,2026-05-17T21:30:00+0200,117.85,EUR/MWh,FR,FR,day_ahead_price,value,2026-06-05T07:47:19Z
2026-06-05T07:46:33Z,2026-06-05T09:46:33+0200,a4488497-2a44-4b02-8cf3-b5300ead3675,2026-05-17T19:45:00Z,2026-05-17T21:45:00+0200,116.02,EUR/MWh,FR,FR,day_ahead_price,value,2026-06-05T07:47:19Z
2026-06-05T07:46:33Z,2026-06-05T09:46:33+0200,a4488497-2a44-4b02-8cf3-b5300ead3675,2026-05-17T20:00:00Z,2026-05-17T22:00:00+0200,120.0,EUR/MWh,FR,FR,day_ahead_price,value,2026-06-05T07:47:19Z
2026-06-05T07:46:33Z,2026-06-05T09:46:33+0200,a4488497-2a44-4b02-8cf3-b5300ead3675,2026-05-17T20:15:00Z,2026-05-17T22:15:00+0200,119.0,EUR/MWh,FR,FR,day_ahead_price,value,2026-06-05T07:47:19Z
2026-06-05T07:46:33Z,2026-06-05T09:46:33+0200,a4488497-2a44-4b02-8cf3-b5300ead3675,2026-05-17T20:30:00Z,2026-05-17T22:30:00+0200,120.67,EUR/MWh,FR,FR,day_ahead_price,value,2026-06-05T07:47:19Z
2026-06-05T07:46:33Z,2026-06-05T09:46:33+0200,a4488497-2a44-4b02-8cf3-b5300ead3675,2026-05-17T20:45:00Z,2026-05-17T22:45:00+0200,116.35,EUR/MWh,FR,FR,day_ahead_price,value,2026-06-05T07:47:19Z
2026-06-05T07:46:33Z,2026-06-05T09:46:33+0200,a4488497-2a44-4b02-8cf3-b5300ead3675,2026-05-17T21:00:00Z,2026-05-17T23:00:00+0200,116.35,EUR/MWh,FR,FR,day_ahead_price,value,2026-06-05T07:47:19Z
2026-06-05T07:46:33Z,2026-06-05T09:46:33+0200,a4488497-2a44-4b02-8cf3-b5300ead3675,2026-05-17T21:15:00Z,2026-05-17T23:15:00+0200,108.0,EUR/MWh,FR,FR,day_ahead_price,value,2026-06-05T07:47:19Z
2026-06-05T07:46:33Z,2026-06-05T09:46:33+0200,a4488497-2a44-4b02-8cf3-b5300ead3675,2026-05-17T21:30:00Z,2026-05-17T23:30:00+0200,106.94,EUR/MWh,FR,FR,day_ahead_price,value,2026-06-05T07:47:19Z
2026-06-05T07:46:33Z,2026-06-05T09:46:33+0200,a4488497-2a44-4b02-8cf3-b5300ead3675,2026-05-17T21:45:00Z,2026-05-17T23:45:00+0200,98.75,EUR/MWh,FR,FR,day_ahead_price,value,2026-06-05T07:47:19Z
2026-06-05T07:46:33Z,2026-06-05T09:46:33+0200,a4488497-2a44-4b02-8cf3-b5300ead3675,2026-05-17T22:00:00Z,2026-05-18T00:00:00+0200,99.66,EUR/MWh,FR,FR,day_ahead_price,value,2026-06-05T07:47:19Z
2026-06-05T07:46:33Z,2026-06-05T09:46:33+0200,a4488497-2a44-4b02-8cf3-b5300ead3675,2026-05-17T22:15:00Z,2026-05-18T00:15:00+0200,96.09,EUR/MWh,FR,FR,day_ahead_price,value,2026-06-05T07:47:19Z
2026-06-05T07:46:33Z,2026-06-05T09:46:33+0200,a4488497-2a44-4b02-8cf3-b5300ead3675,2026-05-17T22:30:00Z,2026-05-18T00:30:00+0200,88.94,EUR/MWh,FR,FR,day_ahead_price,value,2026-06-05T07:47:19Z
2026-06-05T07:46:33Z,2026-06-05T09:46:33+0200,a4488497-2a44-4b02-8cf3-b5300ead3675,2026-05-17T22:45:00Z,2026-05-18T00:45:00+0200,87.36,EUR/MWh,FR,FR,day_ahead_price,value,2026-06-05T07:47:19Z
2026-06-05T07:46:33Z,2026-06-05T09:46:33+0200,a4488497-2a44-4b02-8cf3-b5300ead3675,2026-05-17T23:00:00Z,2026-05-18T01:00:00+0200,87.74,EUR/MWh,FR,FR,day_ahead_price,value,2026-06-05T07:47:19Z
2026-06-05T07:46:33Z,2026-06-05T09:46:33+0200,a4488497-2a44-4b02-8cf3-b5300ead3675,2026-05-17T23:15:00Z,2026-05-18T01:15:00+0200,87.26,EUR/MWh,FR,FR,day_ahead_price,value,2026-06-05T07:47:19Z
2026-06-05T07:46:33Z,2026-06-05T09:46:33+0200,a4488497-2a44-4b02-8cf3-b5300ead3675,2026-05-17T23:30:00Z,2026-05-18T01:30:00+0200,87.36,EUR/MWh,FR,FR,day_ahead_price,value,2026-06-05T07:47:19Z
2026-06-05T07:46:33Z,2026-06-05T09:46:33+0200,a4488497-2a44-4b02-8cf3-b5300ead3675,2026-05-17T23:45:00Z,2026-05-18T01:45:00+0200,86.54,EUR/MWh,FR,FR,day_ahead_price,value,2026-06-05T07:47:19Z
2026-06-05T07:46:33Z,2026-06-05T09:46:33+0200,a4488497-2a44-4b02-8cf3-b5300ead3675,2026-05-18T00:00:00Z,2026-05-18T02:00:00+0200,85.7,EUR/MWh,FR,FR,day_ahead_price,value,2026-06-05T07:47:19Z
2026-06-05T07:46:33Z,2026-06-05T09:46:33+0200,a4488497-2a44-4b02-8cf3-b5300ead3675,2026-05-18T00:15:00Z,2026-05-18T02:15:00+0200,83.07,EUR/MWh,FR,FR,day_ahead_price,value,2026-06-05T07:47:19Z
2026-06-05T07:46:33Z,2026-06-05T09:46:33+0200,a4488497-2a44-4b02-8cf3-b5300ead3675,2026-05-18T00:30:00Z,2026-05-18T02:30:00+0200,82.51,EUR/MWh,FR,FR,day_ahead_price,value,2026-06-05T07:47:19Z
2026-06-05T07:46:33Z,2026-06-05T09:46:33+0200,a4488497-2a44-4b02-8cf3-b5300ead3675,2026-05-18T00:45:00Z,2026-05-18T02:45:00+0200,81.76,EUR/MWh,FR,FR,day_ahead_price,value,2026-06-05T07:47:19Z
2026-06-05T07:46:33Z,2026-06-05T09:46:33+0200,a4488497-2a44-4b02-8cf3-b5300ead3675,2026-05-18T01:00:00Z,2026-05-18T03:00:00+0200,84.0,EUR/MWh,FR,FR,day_ahead_price,value,2026-06-05T07:47:19Z
2026-06-05T07:46:33Z,2026-06-05T09:46:33+0200,a4488497-2a44-4b02-8cf3-b5300ead3675,2026-05-18T01:15:00Z,2026-05-18T03:15:00+0200,77.8,EUR/MWh,FR,FR,day_ahead_price,value,2026-06-05T07:47:19Z
2026-06-05T07:46:33Z,2026-06-05T09:46:33+0200,a4488497-2a44-4b02-8cf3-b5300ead3675,2026-05-18T01:30:00Z,2026-05-18T03:30:00+0200,77.98,EUR/MWh,FR,FR,day_ahead_price,value,2026-06-05T07:47:19Z
2026-06-05T07:46:33Z,2026-06-05T09:46:33+0200,a4488497-2a44-4b02-8cf3-b5300ead3675,2026-05-18T01:45:00Z,2026-05-18T03:45:00+0200,77.7,EUR/MWh,FR,FR,day_ahead_price,value,2026-06-05T07:47:19Z
2026-06-05T07:46:33Z,2026-06-05T09:46:33+0200,a4488497-2a44-4b02-8cf3-b5300ead3675,2026-05-18T02:00:00Z,2026-05-18T04:00:00+0200,77.26,EUR/MWh,FR,FR,day_ahead_price,value,2026-06-05T07:47:19Z
2026-06-05T07:46:33Z,2026-06-05T09:46:33+0200,a4488497-2a44-4b02-8cf3-b5300ead3675,2026-05-18T02:15:00Z,2026-05-18T04:15:00+0200,77.7,EUR/MWh,FR,FR,day_ahead_price,value,2026-06-05T07:47:19Z
2026-06-05T07:46:33Z,2026-06-05T09:46:33+0200,a4488497-2a44-4b02-8cf3-b5300ead3675,2026-05-18T02:30:00Z,2026-05-18T04:30:00+0200,84.0,EUR/MWh,FR,FR,day_ahead_price,value,2026-06-05T07:47:19Z
2026-06-05T07:46:33Z,2026-06-05T09:46:33+0200,a4488497-2a44-4b02-8cf3-b5300ead3675,2026-05-18T02:45:00Z,2026-05-18T04:45:00+0200,85.7,EUR/MWh,FR,FR,day_ahead_price,value,2026-06-05T07:47:19Z
2026-06-05T07:46:33Z,2026-06-05T09:46:33+0200,a4488497-2a44-4b02-8cf3-b5300ead3675,2026-05-18T03:00:00Z,2026-05-18T05:00:00+0200,85.66,EUR/MWh,FR,FR,day_ahead_price,value,2026-06-05T07:47:19Z
2026-06-05T07:46:33Z,2026-06-05T09:46:33+0200,a4488497-2a44-4b02-8cf3-b5300ead3675,2026-05-18T03:15:00Z,2026-05-18T05:15:00+0200,86.54,EUR/MWh,FR,FR,day_ahead_price,value,2026-06-05T07:47:19Z
2026-06-05T07:46:33Z,2026-06-05T09:46:33+0200,a4488497-2a44-4b02-8cf3-b5300ead3675,2026-05-18T03:30:00Z,2026-05-18T05:30:00+0200,87.02,EUR/MWh,FR,FR,day_ahead_price,value,2026-06-05T07:47:19Z
2026-06-05T07:46:33Z,2026-06-05T09:46:33+0200,a4488497-2a44-4b02-8cf3-b5300ead3675,2026-05-18T03:45:00Z,2026-05-18T05:45:00+0200,88.94,EUR/MWh,FR,FR,day_ahead_price,value,2026-06-05T07:47:19Z
2026-06-05T07:46:33Z,2026-06-05T09:46:33+0200,a4488497-2a44-4b02-8cf3-b5300ead3675,2026-05-18T04:00:00Z,2026-05-18T06:00:00+0200,93.56,EUR/MWh,FR,FR,day_ahead_price,value,2026-06-05T07:47:19Z
2026-06-05T07:46:33Z,2026-06-05T09:46:33+0200,a4488497-2a44-4b02-8cf3-b5300ead3675,2026-05-18T04:15:00Z,2026-05-18T06:15:00+0200,98.49,EUR/MWh,FR,FR,day_ahead_price,value,2026-06-05T07:47:19Z
2026-06-05T07:46:33Z,2026-06-05T09:46:33+0200,a4488497-2a44-4b02-8cf3-b5300ead3675,2026-05-18T04:30:00Z,2026-05-18T06:30:00+0200,102.0,EUR/MWh,FR,FR,day_ahead_price,value,2026-06-05T07:47:19Z
2026-06-05T07:46:33Z,2026-06-05T09:46:33+0200,a4488497-2a44-4b02-8cf3-b5300ead3675,2026-05-18T04:45:00Z,2026-05-18T06:45:00+0200,109.11,EUR/MWh,FR,FR,day_ahead_price,value,2026-06-05T07:47:19Z
2026-06-05T07:46:33Z,2026-06-05T09:46:33+0200,a4488497-2a44-4b02-8cf3-b5300ead3675,2026-05-18T05:00:00Z,2026-05-18T07:00:00+0200,116.67,EUR/MWh,FR,FR,day_ahead_price,value,2026-06-05T07:47:19Z
2026-06-05T07:46:33Z,2026-06-05T09:46:33+0200,a4488497-2a44-4b02-8cf3-b5300ead3675,2026-05-18T05:15:00Z,2026-05-18T07:15:00+0200,116.79,EUR/MWh,FR,FR,day_ahead_price,value,2026-06-05T07:47:19Z
2026-06-05T07:46:33Z,2026-06-05T09:46:33+0200,a4488497-2a44-4b02-8cf3-b5300ead3675,2026-05-18T05:30:00Z,2026-05-18T07:30:00+0200,110.04,EUR/MWh,FR,FR,day_ahead_price,value,2026-06-05T07:47:19Z
2026-06-05T07:46:33Z,2026-06-05T09:46:33+0200,a4488497-2a44-4b02-8cf3-b5300ead3675,2026-05-18T05:45:00Z,2026-05-18T07:45:00+0200,104.04,EUR/MWh,FR,FR,day_ahead_price,value,2026-06-05T07:47:19Z
2026-06-05T07:46:33Z,2026-06-05T09:46:33+0200,a4488497-2a44-4b02-8cf3-b5300ead3675,2026-05-18T06:00:00Z,2026-05-18T08:00:00+0200,116.79,EUR/MWh,FR,FR,day_ahead_price,value,2026-06-05T07:47:19Z
2026-06-05T07:46:33Z,2026-06-05T09:46:33+0200,a4488497-2a44-4b02-8cf3-b5300ead3675,2026-05-18T06:15:00Z,2026-05-18T08:15:00+0200,105.97,EUR/MWh,FR,FR,day_ahead_price,value,2026-06-05T07:47:19Z
2026-06-05T07:46:33Z,2026-06-05T09:46:33+0200,a4488497-2a44-4b02-8cf3-b5300ead3675,2026-05-18T06:30:00Z,2026-05-18T08:30:00+0200,96.39,EUR/MWh,FR,FR,day_ahead_price,value,2026-06-05T07:47:19Z
2026-06-05T07:46:33Z,2026-06-05T09:46:33+0200,a4488497-2a44-4b02-8cf3-b5300ead3675,2026-05-18T06:45:00Z,2026-05-18T08:45:00+0200,85.0,EUR/MWh,FR,FR,day_ahead_price,value,2026-06-05T07:47:19Z
2026-06-05T07:46:33Z,2026-06-05T09:46:33+0200,a4488497-2a44-4b02-8cf3-b5300ead3675,2026-05-18T07:00:00Z,2026-05-18T09:00:00+0200,121.21,EUR/MWh,FR,FR,day_ahead_price,value,2026-06-05T07:47:19Z
2026-06-05T07:46:33Z,2026-06-05T09:46:33+0200,a4488497-2a44-4b02-8cf3-b5300ead3675,2026-05-18T07:15:00Z,2026-05-18T09:15:00+0200,84.2,EUR/MWh,FR,FR,day_ahead_price,value,2026-06-05T07:47:19Z
2026-06-05T07:46:33Z,2026-06-05T09:46:33+0200,a4488497-2a44-4b02-8cf3-b5300ead3675,2026-05-18T07:30:00Z,2026-05-18T09:30:00+0200,57.83,EUR/MWh,FR,FR,day_ahead_price,value,2026-06-05T07:47:19Z
2026-06-05T07:46:33Z,2026-06-05T09:46:33+0200,a4488497-2a44-4b02-8cf3-b5300ead3675,2026-05-18T07:45:00Z,2026-05-18T09:45:00+0200,40.53,EUR/MWh,FR,FR,day_ahead_price,value,2026-06-05T07:47:19Z
2026-06-05T07:46:33Z,2026-06-05T09:46:33+0200,a4488497-2a44-4b02-8cf3-b5300ead3675,2026-05-18T08:00:00Z,2026-05-18T10:00:00+0200,92.9,EUR/MWh,FR,FR,day_ahead_price,value,2026-06-05T07:47:19Z
2026-06-05T07:46:33Z,2026-06-05T09:46:33+0200,a4488497-2a44-4b02-8cf3-b5300ead3675,2026-05-18T08:15:00Z,2026-05-18T10:15:00+0200,60.99,EUR/MWh,FR,FR,day_ahead_price,value,2026-06-05T07:47:19Z
2026-06-05T07:46:33Z,2026-06-05T09:46:33+0200,a4488497-2a44-4b02-8cf3-b5300ead3675,2026-05-18T08:30:00Z,2026-05-18T10:30:00+0200,60.99,EUR/MWh,FR,FR,day_ahead_price,value,2026-06-05T07:47:19Z
2026-06-05T07:46:33Z,2026-06-05T09:46:33+0200,a4488497-2a44-4b02-8cf3-b5300ead3675,2026-05-18T08:45:00Z,2026-05-18T10:45:00+0200,28.71,EUR/MWh,FR,FR,day_ahead_price,value,2026-06-05T07:47:19Z
2026-06-05T07:46:33Z,2026-06-05T09:46:33+0200,a4488497-2a44-4b02-8cf3-b5300ead3675,2026-05-18T09:00:00Z,2026-05-18T11:00:00+0200,77.4,EUR/MWh,FR,FR,day_ahead_price,value,2026-06-05T07:47:19Z
2026-06-05T07:46:33Z,2026-06-05T09:46:33+0200,a4488497-2a44-4b02-8cf3-b5300ead3675,2026-05-18T09:15:00Z,2026-05-18T11:15:00+0200,46.02,EUR/MWh,FR,FR,day_ahead_price,value,2026-06-05T07:47:19Z
2026-06-05T07:46:33Z,2026-06-05T09:46:33+0200,a4488497-2a44-4b02-8cf3-b5300ead3675,2026-05-18T09:30:00Z,2026-05-18T11:30:00+0200,52.07,EUR/MWh,FR,FR,day_ahead_price,value,2026-06-05T07:47:19Z
2026-06-05T07:46:33Z,2026-06-05T09:46:33+0200,a4488497-2a44-4b02-8cf3-b5300ead3675,2026-05-18T09:45:00Z,2026-05-18T11:45:00+0200,37.62,EUR/MWh,FR,FR,day_ahead_price,value,2026-06-05T07:47:19Z
2026-06-05T07:46:33Z,2026-06-05T09:46:33+0200,a4488497-2a44-4b02-8cf3-b5300ead3675,2026-05-18T10:00:00Z,2026-05-18T12:00:00+0200,77.28,EUR/MWh,FR,FR,day_ahead_price,value,2026-06-05T07:47:19Z
2026-06-05T07:46:33Z,2026-06-05T09:46:33+0200,a4488497-2a44-4b02-8cf3-b5300ead3675,2026-05-18T10:15:00Z,2026-05-18T12:15:00+0200,49.44,EUR/MWh,FR,FR,day_ahead_price,value,2026-06-05T07:47:19Z
2026-06-05T07:46:33Z,2026-06-05T09:46:33+0200,a4488497-2a44-4b02-8cf3-b5300ead3675,2026-05-18T10:30:00Z,2026-05-18T12:30:00+0200,83.43,EUR/MWh,FR,FR,day_ahead_price,value,2026-06-05T07:47:19Z
2026-06-05T07:46:33Z,2026-06-05T09:46:33+0200,a4488497-2a44-4b02-8cf3-b5300ead3675,2026-05-18T10:45:00Z,2026-05-18T12:45:00+0200,38.0,EUR/MWh,FR,FR,day_ahead_price,value,2026-06-05T07:47:19Z
2026-06-05T07:46:33Z,2026-06-05T09:46:33+0200,a4488497-2a44-4b02-8cf3-b5300ead3675,2026-05-18T11:00:00Z,2026-05-18T13:00:00+0200,67.08,EUR/MWh,FR,FR,day_ahead_price,value,2026-06-05T07:47:19Z
2026-06-05T07:46:33Z,2026-06-05T09:46:33+0200,a4488497-2a44-4b02-8cf3-b5300ead3675,2026-05-18T11:15:00Z,2026-05-18T13:15:00+0200,49.94,EUR/MWh,FR,FR,day_ahead_price,value,2026-06-05T07:47:19Z
2026-06-05T07:46:33Z,2026-06-05T09:46:33+0200,a4488497-2a44-4b02-8cf3-b5300ead3675,2026-05-18T11:30:00Z,2026-05-18T13:30:00+0200,36.93,EUR/MWh,FR,FR,day_ahead_price,value,2026-06-05T07:47:19Z
2026-06-05T07:46:33Z,2026-06-05T09:46:33+0200,a4488497-2a44-4b02-8cf3-b5300ead3675,2026-05-18T11:45:00Z,2026-05-18T13:45:00+0200,27.6,EUR/MWh,FR,FR,day_ahead_price,value,2026-06-05T07:47:19Z
2026-06-05T07:46:33Z,2026-06-05T09:46:33+0200,a4488497-2a44-4b02-8cf3-b5300ead3675,2026-05-18T12:00:00Z,2026-05-18T14:00:00+0200,61.32,EUR/MWh,FR,FR,day_ahead_price,value,2026-06-05T07:47:19Z
2026-06-05T07:46:33Z,2026-06-05T09:46:33+0200,a4488497-2a44-4b02-8cf3-b5300ead3675,2026-05-18T12:15:00Z,2026-05-18T14:15:00+0200,61.37,EUR/MWh,FR,FR,day_ahead_price,value,2026-06-05T07:47:19Z
2026-06-05T07:46:33Z,2026-06-05T09:46:33+0200,a4488497-2a44-4b02-8cf3-b5300ead3675,2026-05-18T12:30:00Z,2026-05-18T14:30:00+0200,39.21,EUR/MWh,FR,FR,day_ahead_price,value,2026-06-05T07:47:19Z
2026-06-05T07:46:33Z,2026-06-05T09:46:33+0200,a4488497-2a44-4b02-8cf3-b5300ead3675,2026-05-18T12:45:00Z,2026-05-18T14:45:00+0200,31.26,EUR/MWh,FR,FR,day_ahead_price,value,2026-06-05T07:47:19Z
2026-06-05T07:46:33Z,2026-06-05T09:46:33+0200,a4488497-2a44-4b02-8cf3-b5300ead3675,2026-05-18T13:00:00Z,2026-05-18T15:00:00+0200,54.39,EUR/MWh,FR,FR,day_ahead_price,value,2026-06-05T07:47:19Z
2026-06-05T07:46:33Z,2026-06-05T09:46:33+0200,a4488497-2a44-4b02-8cf3-b5300ead3675,2026-05-18T13:15:00Z,2026-05-18T15:15:00+0200,42.37,EUR/MWh,FR,FR,day_ahead_price,value,2026-06-05T07:47:19Z
2026-06-05T07:46:33Z,2026-06-05T09:46:33+0200,a4488497-2a44-4b02-8cf3-b5300ead3675,2026-05-18T13:30:00Z,2026-05-18T15:30:00+0200,32.1,EUR/MWh,FR,FR,day_ahead_price,value,2026-06-05T07:47:19Z
2026-06-05T07:46:33Z,2026-06-05T09:46:33+0200,a4488497-2a44-4b02-8cf3-b5300ead3675,2026-05-18T13:45:00Z,2026-05-18T15:45:00+0200,16.52,EUR/MWh,FR,FR,day_ahead_price,value,2026-06-05T07:47:19Z
2026-06-05T07:46:33Z,2026-06-05T09:46:33+0200,a4488497-2a44-4b02-8cf3-b5300ead3675,2026-05-18T14:00:00Z,2026-05-18T16:00:00+0200,6.82,EUR/MWh,FR,FR,day_ahead_price,value,2026-06-05T07:47:19Z
2026-06-05T07:46:33Z,2026-06-05T09:46:33+0200,a4488497-2a44-4b02-8cf3-b5300ead3675,2026-05-18T14:15:00Z,2026-05-18T16:15:00+0200,19.99,EUR/MWh,FR,FR,day_ahead_price,value,2026-06-05T07:47:19Z
2026-06-05T07:46:33Z,2026-06-05T09:46:33+0200,a4488497-2a44-4b02-8cf3-b5300ead3675,2026-05-18T14:30:00Z,2026-05-18T16:30:00+0200,29.86,EUR/MWh,FR,FR,day_ahead_price,value,2026-06-05T07:47:19Z
2026-06-05T07:46:33Z,2026-06-05T09:46:33+0200,a4488497-2a44-4b02-8cf3-b5300ead3675,2026-05-18T14:45:00Z,2026-05-18T16:45:00+0200,46.87,EUR/MWh,FR,FR,day_ahead_price,value,2026-06-05T07:47:19Z
2026-06-05T07:46:33Z,2026-06-05T09:46:33+0200,a4488497-2a44-4b02-8cf3-b5300ead3675,2026-05-18T15:00:00Z,2026-05-18T17:00:00+0200,1.35,EUR/MWh,FR,FR,day_ahead_price,value,2026-06-05T07:47:19Z
2026-06-05T07:46:33Z,2026-06-05T09:46:33+0200,a4488497-2a44-4b02-8cf3-b5300ead3675,2026-05-18T15:15:00Z,2026-05-18T17:15:00+0200,29.82,EUR/MWh,FR,FR,day_ahead_price,value,2026-06-05T07:47:19Z
2026-06-05T07:46:33Z,2026-06-05T09:46:33+0200,a4488497-2a44-4b02-8cf3-b5300ead3675,2026-05-18T15:30:00Z,2026-05-18T17:30:00+0200,42.22,EUR/MWh,FR,FR,day_ahead_price,value,2026-06-05T07:47:19Z
2026-06-05T07:46:33Z,2026-06-05T09:46:33+0200,a4488497-2a44-4b02-8cf3-b5300ead3675,2026-05-18T15:45:00Z,2026-05-18T17:45:00+0200,71.06,EUR/MWh,FR,FR,day_ahead_price,value,2026-06-05T07:47:19Z
2026-06-05T07:46:33Z,2026-06-05T09:46:33+0200,a4488497-2a44-4b02-8cf3-b5300ead3675,2026-05-18T16:00:00Z,2026-05-18T18:00:00+0200,39.07,EUR/MWh,FR,FR,day_ahead_price,value,2026-06-05T07:47:19Z
2026-06-05T07:46:33Z,2026-06-05T09:46:33+0200,a4488497-2a44-4b02-8cf3-b5300ead3675,2026-05-18T16:15:00Z,2026-05-18T18:15:00+0200,47.49,EUR/MWh,FR,FR,day_ahead_price,value,2026-06-05T07:47:19Z
2026-06-05T07:46:33Z,2026-06-05T09:46:33+0200,a4488497-2a44-4b02-8cf3-b5300ead3675,2026-05-18T16:30:00Z,2026-05-18T18:30:00+0200,77.29,EUR/MWh,FR,FR,day_ahead_price,value,2026-06-05T07:47:19Z
2026-06-05T07:46:33Z,2026-06-05T09:46:33+0200,a4488497-2a44-4b02-8cf3-b5300ead3675,2026-05-18T16:45:00Z,2026-05-18T18:45:00+0200,95.01,EUR/MWh,FR,FR,day_ahead_price,value,2026-06-05T07:47:19Z
2026-06-05T07:46:33Z,2026-06-05T09:46:33+0200,a4488497-2a44-4b02-8cf3-b5300ead3675,2026-05-18T17:00:00Z,2026-05-18T19:00:00+0200,59.75,EUR/MWh,FR,FR,day_ahead_price,value,2026-06-05T07:47:19Z
2026-06-05T07:46:33Z,2026-06-05T09:46:33+0200,a4488497-2a44-4b02-8cf3-b5300ead3675,2026-05-18T17:15:00Z,2026-05-18T19:15:00+0200,90.33,EUR/MWh,FR,FR,day_ahead_price,value,2026-06-05T07:47:19Z
2026-06-05T07:46:33Z,2026-06-05T09:46:33+0200,a4488497-2a44-4b02-8cf3-b5300ead3675,2026-05-18T17:30:00Z,2026-05-18T19:30:00+0200,119.22,EUR/MWh,FR,FR,day_ahead_price,value,2026-06-05T07:47:19Z
2026-06-05T07:46:33Z,2026-06-05T09:46:33+0200,a4488497-2a44-4b02-8cf3-b5300ead3675,2026-05-18T17:45:00Z,2026-05-18T19:45:00+0200,144.88,EUR/MWh,FR,FR,day_ahead_price,value,2026-06-05T07:47:19Z
2026-06-05T07:46:33Z,2026-06-05T09:46:33+0200,a4488497-2a44-4b02-8cf3-b5300ead3675,2026-05-18T18:00:00Z,2026-05-18T20:00:00+0200,87.26,EUR/MWh,FR,FR,day_ahead_price,value,2026-06-05T07:47:19Z
2026-06-05T07:46:33Z,2026-06-05T09:46:33+0200,a4488497-2a44-4b02-8cf3-b5300ead3675,2026-05-18T18:15:00Z,2026-05-18T20:15:00+0200,100.0,EUR/MWh,FR,FR,day_ahead_price,value,2026-06-05T07:47:19Z
2026-06-05T07:46:33Z,2026-06-05T09:46:33+0200,a4488497-2a44-4b02-8cf3-b5300ead3675,2026-05-18T18:30:00Z,2026-05-18T20:30:00+0200,115.25,EUR/MWh,FR,FR,day_ahead_price,value,2026-06-05T07:47:19Z
2026-06-05T07:46:33Z,2026-06-05T09:46:33+0200,a4488497-2a44-4b02-8cf3-b5300ead3675,2026-05-18T18:45:00Z,2026-05-18T20:45:00+0200,120.01,EUR/MWh,FR,FR,day_ahead_price,value,2026-06-05T07:47:19Z
2026-06-05T07:46:33Z,2026-06-05T09:46:33+0200,a4488497-2a44-4b02-8cf3-b5300ead3675,2026-05-18T19:00:00Z,2026-05-18T21:00:00+0200,125.01,EUR/MWh,FR,FR,day_ahead_price,value,2026-06-05T07:47:19Z
2026-06-05T07:46:33Z,2026-06-05T09:46:33+0200,a4488497-2a44-4b02-8cf3-b5300ead3675,2026-05-18T19:15:00Z,2026-05-18T21:15:00+0200,131.66,EUR/MWh,FR,FR,day_ahead_price,value,2026-06-05T07:47:19Z
2026-06-05T07:46:33Z,2026-06-05T09:46:33+0200,a4488497-2a44-4b02-8cf3-b5300ead3675,2026-05-18T19:30:00Z,2026-05-18T21:30:00+0200,133.04,EUR/MWh,FR,FR,day_ahead_price,value,2026-06-05T07:47:19Z
2026-06-05T07:46:33Z,2026-06-05T09:46:33+0200,a4488497-2a44-4b02-8cf3-b5300ead3675,2026-05-18T19:45:00Z,2026-05-18T21:45:00+0200,126.63,EUR/MWh,FR,FR,day_ahead_price,value,2026-06-05T07:47:19Z
2026-06-05T07:46:33Z,2026-06-05T09:46:33+0200,a4488497-2a44-4b02-8cf3-b5300ead3675,2026-05-18T20:00:00Z,2026-05-18T22:00:00+0200,131.47,EUR/MWh,FR,FR,day_ahead_price,value,2026-06-05T07:47:19Z
2026-06-05T07:46:33Z,2026-06-05T09:46:33+0200,a4488497-2a44-4b02-8cf3-b5300ead3675,2026-05-18T20:15:00Z,2026-05-18T22:15:00+0200,125.01,EUR/MWh,FR,FR,day_ahead_price,value,2026-06-05T07:47:19Z
2026-06-05T07:46:33Z,2026-06-05T09:46:33+0200,a4488497-2a44-4b02-8cf3-b5300ead3675,2026-05-18T20:30:00Z,2026-05-18T22:30:00+0200,128.02,EUR/MWh,FR,FR,day_ahead_price,value,2026-06-05T07:47:19Z
2026-06-05T07:46:33Z,2026-06-05T09:46:33+0200,a4488497-2a44-4b02-8cf3-b5300ead3675,2026-05-18T20:45:00Z,2026-05-18T22:45:00+0200,118.29,EUR/MWh,FR,FR,day_ahead_price,value,2026-06-05T07:47:19Z
2026-06-05T07:46:33Z,2026-06-05T09:46:33+0200,a4488497-2a44-4b02-8cf3-b5300ead3675,2026-05-18T21:00:00Z,2026-05-18T23:00:00+0200,116.42,EUR/MWh,FR,FR,day_ahead_price,value,2026-06-05T07:47:19Z
2026-06-05T07:46:33Z,2026-06-05T09:46:33+0200,a4488497-2a44-4b02-8cf3-b5300ead3675,2026-05-18T21:15:00Z,2026-05-18T23:15:00+0200,107.04,EUR/MWh,FR,FR,day_ahead_price,value,2026-06-05T07:47:19Z
2026-06-05T07:46:33Z,2026-06-05T09:46:33+0200,a4488497-2a44-4b02-8cf3-b5300ead3675,2026-05-18T21:30:00Z,2026-05-18T23:30:00+0200,105.0,EUR/MWh,FR,FR,day_ahead_price,value,2026-06-05T07:47:19Z
2026-06-05T07:46:33Z,2026-06-05T09:46:33+0200,a4488497-2a44-4b02-8cf3-b5300ead3675,2026-05-18T21:45:00Z,2026-05-18T23:45:00+0200,96.24,EUR/MWh,FR,FR,day_ahead_price,value,2026-06-05T07:47:19Z
2026-06-05T07:46:33Z,2026-06-05T09:46:33+0200,a4488497-2a44-4b02-8cf3-b5300ead3675,2026-05-18T22:00:00Z,2026-05-19T00:00:00+0200,106.5,EUR/MWh,FR,FR,day_ahead_price,value,2026-06-05T07:47:19Z
2026-06-05T07:46:33Z,2026-06-05T09:46:33+0200,a4488497-2a44-4b02-8cf3-b5300ead3675,2026-05-18T22:15:00Z,2026-05-19T00:15:00+0200,99.79,EUR/MWh,FR,FR,day_ahead_price,value,2026-06-05T07:47:19Z
2026-06-05T07:46:33Z,2026-06-05T09:46:33+0200,a4488497-2a44-4b02-8cf3-b5300ead3675,2026-05-18T22:30:00Z,2026-05-19T00:30:00+0200,90.1,EUR/MWh,FR,FR,day_ahead_price,value,2026-06-05T07:47:19Z
2026-06-05T07:46:33Z,2026-06-05T09:46:33+0200,a4488497-2a44-4b02-8cf3-b5300ead3675,2026-05-18T22:45:00Z,2026-05-19T00:45:00+0200,85.0,EUR/MWh,FR,FR,day_ahead_price,value,2026-06-05T07:47:19Z
2026-06-05T07:46:33Z,2026-06-05T09:46:33+0200,a4488497-2a44-4b02-8cf3-b5300ead3675,2026-05-18T23:00:00Z,2026-05-19T01:00:00+0200,87.0,EUR/MWh,FR,FR,day_ahead_price,value,2026-06-05T07:47:19Z
2026-06-05T07:46:33Z,2026-06-05T09:46:33+0200,a4488497-2a44-4b02-8cf3-b5300ead3675,2026-05-18T23:15:00Z,2026-05-19T01:15:00+0200,74.94,EUR/MWh,FR,FR,day_ahead_price,value,2026-06-05T07:47:19Z
2026-06-05T07:46:33Z,2026-06-05T09:46:33+0200,a4488497-2a44-4b02-8cf3-b5300ead3675,2026-05-18T23:30:00Z,2026-05-19T01:30:00+0200,73.36,EUR/MWh,FR,FR,day_ahead_price,value,2026-06-05T07:47:19Z
2026-06-05T07:46:33Z,2026-06-05T09:46:33+0200,a4488497-2a44-4b02-8cf3-b5300ead3675,2026-05-18T23:45:00Z,2026-05-19T01:45:00+0200,64.16,EUR/MWh,FR,FR,day_ahead_price,value,2026-06-05T07:47:19Z
2026-06-05T07:46:33Z,2026-06-05T09:46:33+0200,a4488497-2a44-4b02-8cf3-b5300ead3675,2026-05-19T00:00:00Z,2026-05-19T02:00:00+0200,71.78,EUR/MWh,FR,FR,day_ahead_price,value,2026-06-05T07:47:19Z
2026-06-05T07:46:33Z,2026-06-05T09:46:33+0200,a4488497-2a44-4b02-8cf3-b5300ead3675,2026-05-19T00:15:00Z,2026-05-19T02:15:00+0200,64.26,EUR/MWh,FR,FR,day_ahead_price,value,2026-06-05T07:47:19Z
2026-06-05T07:46:33Z,2026-06-05T09:46:33+0200,a4488497-2a44-4b02-8cf3-b5300ead3675,2026-05-19T00:30:00Z,2026-05-19T02:30:00+0200,64.03,EUR/MWh,FR,FR,day_ahead_price,value,2026-06-05T07:47:19Z
2026-06-05T07:46:33Z,2026-06-05T09:46:33+0200,a4488497-2a44-4b02-8cf3-b5300ead3675,2026-05-19T00:45:00Z,2026-05-19T02:45:00+0200,63.78,EUR/MWh,FR,FR,day_ahead_price,value,2026-06-05T07:47:19Z
2026-06-05T07:46:33Z,2026-06-05T09:46:33+0200,a4488497-2a44-4b02-8cf3-b5300ead3675,2026-05-19T01:00:00Z,2026-05-19T03:00:00+0200,63.78,EUR/MWh,FR,FR,day_ahead_price,value,2026-06-05T07:47:19Z
2026-06-05T07:46:33Z,2026-06-05T09:46:33+0200,a4488497-2a44-4b02-8cf3-b5300ead3675,2026-05-19T01:15:00Z,2026-05-19T03:15:00+0200,63.78,EUR/MWh,FR,FR,day_ahead_price,value,2026-06-05T07:47:19Z
2026-06-05T07:46:33Z,2026-06-05T09:46:33+0200,a4488497-2a44-4b02-8cf3-b5300ead3675,2026-05-19T01:30:00Z,2026-05-19T03:30:00+0200,63.54,EUR/MWh,FR,FR,day_ahead_price,value,2026-06-05T07:47:19Z
2026-06-05T07:46:33Z,2026-06-05T09:46:33+0200,a4488497-2a44-4b02-8cf3-b5300ead3675,2026-05-19T01:45:00Z,2026-05-19T03:45:00+0200,54.77,EUR/MWh,FR,FR,day_ahead_price,value,2026-06-05T07:47:19Z
2026-06-05T07:46:33Z,2026-06-05T09:46:33+0200,a4488497-2a44-4b02-8cf3-b5300ead3675,2026-05-19T02:00:00Z,2026-05-19T04:00:00+0200,54.43,EUR/MWh,FR,FR,day_ahead_price,value,2026-06-05T07:47:19Z
2026-06-05T07:46:33Z,2026-06-05T09:46:33+0200,a4488497-2a44-4b02-8cf3-b5300ead3675,2026-05-19T02:15:00Z,2026-05-19T04:15:00+0200,50.0,EUR/MWh,FR,FR,day_ahead_price,value,2026-06-05T07:47:19Z
2026-06-05T07:46:33Z,2026-06-05T09:46:33+0200,a4488497-2a44-4b02-8cf3-b5300ead3675,2026-05-19T02:30:00Z,2026-05-19T04:30:00+0200,50.0,EUR/MWh,FR,FR,day_ahead_price,value,2026-06-05T07:47:19Z
2026-06-05T07:46:33Z,2026-06-05T09:46:33+0200,a4488497-2a44-4b02-8cf3-b5300ead3675,2026-05-19T02:45:00Z,2026-05-19T04:45:00+0200,46.76,EUR/MWh,FR,FR,day_ahead_price,value,2026-06-05T07:47:19Z
2026-06-05T07:46:33Z,2026-06-05T09:46:33+0200,a4488497-2a44-4b02-8cf3-b5300ead3675,2026-05-19T03:00:00Z,2026-05-19T05:00:00+0200,58.44,EUR/MWh,FR,FR,day_ahead_price,value,2026-06-05T07:47:19Z
2026-06-05T07:46:33Z,2026-06-05T09:46:33+0200,a4488497-2a44-4b02-8cf3-b5300ead3675,2026-05-19T03:15:00Z,2026-05-19T05:15:00+0200,63.54,EUR/MWh,FR,FR,day_ahead_price,value,2026-06-05T07:47:19Z
2026-06-05T07:46:33Z,2026-06-05T09:46:33+0200,a4488497-2a44-4b02-8cf3-b5300ead3675,2026-05-19T03:30:00Z,2026-05-19T05:30:00+0200,54.3,EUR/MWh,FR,FR,day_ahead_price,value,2026-06-05T07:47:19Z
2026-06-05T07:46:33Z,2026-06-05T09:46:33+0200,a4488497-2a44-4b02-8cf3-b5300ead3675,2026-05-19T03:45:00Z,2026-05-19T05:45:00+0200,63.54,EUR/MWh,FR,FR,day_ahead_price,value,2026-06-05T07:47:19Z
2026-06-05T07:46:33Z,2026-06-05T09:46:33+0200,a4488497-2a44-4b02-8cf3-b5300ead3675,2026-05-19T04:00:00Z,2026-05-19T06:00:00+0200,48.3,EUR/MWh,FR,FR,day_ahead_price,value,2026-06-05T07:47:19Z
2026-06-05T07:46:33Z,2026-06-05T09:46:33+0200,a4488497-2a44-4b02-8cf3-b5300ead3675,2026-05-19T04:15:00Z,2026-05-19T06:15:00+0200,60.0,EUR/MWh,FR,FR,day_ahead_price,value,2026-06-05T07:47:19Z
2026-06-05T07:46:33Z,2026-06-05T09:46:33+0200,a4488497-2a44-4b02-8cf3-b5300ead3675,2026-05-19T04:30:00Z,2026-05-19T06:30:00+0200,64.26,EUR/MWh,FR,FR,day_ahead_price,value,2026-06-05T07:47:19Z
2026-06-05T07:46:33Z,2026-06-05T09:46:33+0200,a4488497-2a44-4b02-8cf3-b5300ead3675,2026-05-19T04:45:00Z,2026-05-19T06:45:00+0200,75.0,EUR/MWh,FR,FR,day_ahead_price,value,2026-06-05T07:47:19Z
2026-06-05T07:46:33Z,2026-06-05T09:46:33+0200,a4488497-2a44-4b02-8cf3-b5300ead3675,2026-05-19T05:00:00Z,2026-05-19T07:00:00+0200,79.26,EUR/MWh,FR,FR,day_ahead_price,value,2026-06-05T07:47:19Z
2026-06-05T07:46:33Z,2026-06-05T09:46:33+0200,a4488497-2a44-4b02-8cf3-b5300ead3675,2026-05-19T05:15:00Z,2026-05-19T07:15:00+0200,79.5,EUR/MWh,FR,FR,day_ahead_price,value,2026-06-05T07:47:19Z
2026-06-05T07:46:33Z,2026-06-05T09:46:33+0200,a4488497-2a44-4b02-8cf3-b5300ead3675,2026-05-19T05:30:00Z,2026-05-19T07:30:00+0200,78.54,EUR/MWh,FR,FR,day_ahead_price,value,2026-06-05T07:47:19Z
2026-06-05T07:46:33Z,2026-06-05T09:46:33+0200,a4488497-2a44-4b02-8cf3-b5300ead3675,2026-05-19T05:45:00Z,2026-05-19T07:45:00+0200,71.78,EUR/MWh,FR,FR,day_ahead_price,value,2026-06-05T07:47:19Z
2026-06-05T07:46:33Z,2026-06-05T09:46:33+0200,a4488497-2a44-4b02-8cf3-b5300ead3675,2026-05-19T06:00:00Z,2026-05-19T08:00:00+0200,90.24,EUR/MWh,FR,FR,day_ahead_price,value,2026-06-05T07:47:19Z
2026-06-05T07:46:33Z,2026-06-05T09:46:33+0200,a4488497-2a44-4b02-8cf3-b5300ead3675,2026-05-19T06:15:00Z,2026-05-19T08:15:00+0200,79.0,EUR/MWh,FR,FR,day_ahead_price,value,2026-06-05T07:47:19Z
2026-06-05T07:46:33Z,2026-06-05T09:46:33+0200,a4488497-2a44-4b02-8cf3-b5300ead3675,2026-05-19T06:30:00Z,2026-05-19T08:30:00+0200,70.95,EUR/MWh,FR,FR,day_ahead_price,value,2026-06-05T07:47:19Z
2026-06-05T07:46:33Z,2026-06-05T09:46:33+0200,a4488497-2a44-4b02-8cf3-b5300ead3675,2026-05-19T06:45:00Z,2026-05-19T08:45:00+0200,44.89,EUR/MWh,FR,FR,day_ahead_price,value,2026-06-05T07:47:19Z
2026-06-05T07:46:33Z,2026-06-05T09:46:33+0200,a4488497-2a44-4b02-8cf3-b5300ead3675,2026-05-19T07:00:00Z,2026-05-19T09:00:00+0200,108.3,EUR/MWh,FR,FR,day_ahead_price,value,2026-06-05T07:47:19Z
2026-06-05T07:46:33Z,2026-06-05T09:46:33+0200,a4488497-2a44-4b02-8cf3-b5300ead3675,2026-05-19T07:15:00Z,2026-05-19T09:15:00+0200,91.82,EUR/MWh,FR,FR,day_ahead_price,value,2026-06-05T07:47:19Z
2026-06-05T07:46:33Z,2026-06-05T09:46:33+0200,a4488497-2a44-4b02-8cf3-b5300ead3675,2026-05-19T07:30:00Z,2026-05-19T09:30:00+0200,75.26,EUR/MWh,FR,FR,day_ahead_price,value,2026-06-05T07:47:19Z
2026-06-05T07:46:33Z,2026-06-05T09:46:33+0200,a4488497-2a44-4b02-8cf3-b5300ead3675,2026-05-19T07:45:00Z,2026-05-19T09:45:00+0200,13.5,EUR/MWh,FR,FR,day_ahead_price,value,2026-06-05T07:47:19Z
2026-06-05T07:46:33Z,2026-06-05T09:46:33+0200,a4488497-2a44-4b02-8cf3-b5300ead3675,2026-05-19T08:00:00Z,2026-05-19T10:00:00+0200,38.89,EUR/MWh,FR,FR,day_ahead_price,value,2026-06-05T07:47:19Z
2026-06-05T07:46:33Z,2026-06-05T09:46:33+0200,a4488497-2a44-4b02-8cf3-b5300ead3675,2026-05-19T08:15:00Z,2026-05-19T10:15:00+0200,29.01,EUR/MWh,FR,FR,day_ahead_price,value,2026-06-05T07:47:19Z
2026-06-05T07:46:33Z,2026-06-05T09:46:33+0200,a4488497-2a44-4b02-8cf3-b5300ead3675,2026-05-19T08:30:00Z,2026-05-19T10:30:00+0200,4.05,EUR/MWh,FR,FR,day_ahead_price,value,2026-06-05T07:47:19Z
2026-06-05T07:46:33Z,2026-06-05T09:46:33+0200,a4488497-2a44-4b02-8cf3-b5300ead3675,2026-05-19T08:45:00Z,2026-05-19T10:45:00+0200,0.44,EUR/MWh,FR,FR,day_ahead_price,value,2026-06-05T07:47:19Z
2026-06-05T07:46:33Z,2026-06-05T09:46:33+0200,a4488497-2a44-4b02-8cf3-b5300ead3675,2026-05-19T09:00:00Z,2026-05-19T11:00:00+0200,0.51,EUR/MWh,FR,FR,day_ahead_price,value,2026-06-05T07:47:19Z
2026-06-05T07:46:33Z,2026-06-05T09:46:33+0200,a4488497-2a44-4b02-8cf3-b5300ead3675,2026-05-19T09:15:00Z,2026-05-19T11:15:00+0200,0.29,EUR/MWh,FR,FR,day_ahead_price,value,2026-06-05T07:47:19Z
2026-06-05T07:46:33Z,2026-06-05T09:46:33+0200,a4488497-2a44-4b02-8cf3-b5300ead3675,2026-05-19T09:30:00Z,2026-05-19T11:30:00+0200,0.01,EUR/MWh,FR,FR,day_ahead_price,value,2026-06-05T07:47:19Z
2026-06-05T07:46:33Z,2026-06-05T09:46:33+0200,a4488497-2a44-4b02-8cf3-b5300ead3675,2026-05-19T09:45:00Z,2026-05-19T11:45:00+0200,0.0,EUR/MWh,FR,FR,day_ahead_price,value,2026-06-05T07:47:19Z
2026-06-05T07:46:33Z,2026-06-05T09:46:33+0200,a4488497-2a44-4b02-8cf3-b5300ead3675,2026-05-19T10:00:00Z,2026-05-19T12:00:00+0200,4.44,EUR/MWh,FR,FR,day_ahead_price,value,2026-06-05T07:47:19Z
2026-06-05T07:46:33Z,2026-06-05T09:46:33+0200,a4488497-2a44-4b02-8cf3-b5300ead3675,2026-05-19T10:15:00Z,2026-05-19T12:15:00+0200,6.02,EUR/MWh,FR,FR,day_ahead_price,value,2026-06-05T07:47:19Z
2026-06-05T07:46:33Z,2026-06-05T09:46:33+0200,a4488497-2a44-4b02-8cf3-b5300ead3675,2026-05-19T10:30:00Z,2026-05-19T12:30:00+0200,5.45,EUR/MWh,FR,FR,day_ahead_price,value,2026-06-05T07:47:19Z
2026-06-05T07:46:33Z,2026-06-05T09:46:33+0200,a4488497-2a44-4b02-8cf3-b5300ead3675,2026-05-19T10:45:00Z,2026-05-19T12:45:00+0200,0.0,EUR/MWh,FR,FR,day_ahead_price,value,2026-06-05T07:47:19Z
2026-06-05T07:46:33Z,2026-06-05T09:46:33+0200,a4488497-2a44-4b02-8cf3-b5300ead3675,2026-05-19T11:00:00Z,2026-05-19T13:00:00+0200,0.0,EUR/MWh,FR,FR,day_ahead_price,value,2026-06-05T07:47:19Z
2026-06-05T07:46:33Z,2026-06-05T09:46:33+0200,a4488497-2a44-4b02-8cf3-b5300ead3675,2026-05-19T11:15:00Z,2026-05-19T13:15:00+0200,0.0,EUR/MWh,FR,FR,day_ahead_price,value,2026-06-05T07:47:19Z
2026-06-05T07:46:33Z,2026-06-05T09:46:33+0200,a4488497-2a44-4b02-8cf3-b5300ead3675,2026-05-19T11:30:00Z,2026-05-19T13:30:00+0200,0.0,EUR/MWh,FR,FR,day_ahead_price,value,2026-06-05T07:47:19Z
2026-06-05T07:46:33Z,2026-06-05T09:46:33+0200,a4488497-2a44-4b02-8cf3-b5300ead3675,2026-05-19T11:45:00Z,2026-05-19T13:45:00+0200,0.0,EUR/MWh,FR,FR,day_ahead_price,value,2026-06-05T07:47:19Z
2026-06-05T07:46:33Z,2026-06-05T09:46:33+0200,a4488497-2a44-4b02-8cf3-b5300ead3675,2026-05-19T12:00:00Z,2026-05-19T14:00:00+0200,0.0,EUR/MWh,FR,FR,day_ahead_price,value,2026-06-05T07:47:19Z
2026-06-05T07:46:33Z,2026-06-05T09:46:33+0200,a4488497-2a44-4b02-8cf3-b5300ead3675,2026-05-19T12:15:00Z,2026-05-19T14:15:00+0200,0.0,EUR/MWh,FR,FR,day_ahead_price,value,2026-06-05T07:47:19Z
2026-06-05T07:46:33Z,2026-06-05T09:46:33+0200,a4488497-2a44-4b02-8cf3-b5300ead3675,2026-05-19T12:30:00Z,2026-05-19T14:30:00+0200,0.0,EUR/MWh,FR,FR,day_ahead_price,value,2026-06-05T07:47:19Z
2026-06-05T07:46:33Z,2026-06-05T09:46:33+0200,a4488497-2a44-4b02-8cf3-b5300ead3675,2026-05-19T12:45:00Z,2026-05-19T14:45:00+0200,0.0,EUR/MWh,FR,FR,day_ahead_price,value,2026-06-05T07:47:19Z
2026-06-05T07:46:33Z,2026-06-05T09:46:33+0200,a4488497-2a44-4b02-8cf3-b5300ead3675,2026-05-19T13:00:00Z,2026-05-19T15:00:00+0200,0.0,EUR/MWh,FR,FR,day_ahead_price,value,2026-06-05T07:47:19Z
2026-06-05T07:46:33Z,2026-06-05T09:46:33+0200,a4488497-2a44-4b02-8cf3-b5300ead3675,2026-05-19T13:15:00Z,2026-05-19T15:15:00+0200,0.0,EUR/MWh,FR,FR,day_ahead_price,value,2026-06-05T07:47:19Z
2026-06-05T07:46:33Z,2026-06-05T09:46:33+0200,a4488497-2a44-4b02-8cf3-b5300ead3675,2026-05-19T13:30:00Z,2026-05-19T15:30:00+0200,0.0,EUR/MWh,FR,FR,day_ahead_price,value,2026-06-05T07:47:19Z
2026-06-05T07:46:33Z,2026-06-05T09:46:33+0200,a4488497-2a44-4b02-8cf3-b5300ead3675,2026-05-19T13:45:00Z,2026-05-19T15:45:00+0200,0.0,EUR/MWh,FR,FR,day_ahead_price,value,2026-06-05T07:47:19Z
2026-06-05T07:46:33Z,2026-06-05T09:46:33+0200,a4488497-2a44-4b02-8cf3-b5300ead3675,2026-05-19T14:00:00Z,2026-05-19T16:00:00+0200,0.0,EUR/MWh,FR,FR,day_ahead_price,value,2026-06-05T07:47:19Z
2026-06-05T07:46:33Z,2026-06-05T09:46:33+0200,a4488497-2a44-4b02-8cf3-b5300ead3675,2026-05-19T14:15:00Z,2026-05-19T16:15:00+0200,0.0,EUR/MWh,FR,FR,day_ahead_price,value,2026-06-05T07:47:19Z
2026-06-05T07:46:33Z,2026-06-05T09:46:33+0200,a4488497-2a44-4b02-8cf3-b5300ead3675,2026-05-19T14:30:00Z,2026-05-19T16:30:00+0200,0.0,EUR/MWh,FR,FR,day_ahead_price,value,2026-06-05T07:47:19Z
2026-06-05T07:46:33Z,2026-06-05T09:46:33+0200,a4488497-2a44-4b02-8cf3-b5300ead3675,2026-05-19T14:45:00Z,2026-05-19T16:45:00+0200,0.0,EUR/MWh,FR,FR,day_ahead_price,value,2026-06-05T07:47:19Z
2026-06-05T07:46:33Z,2026-06-05T09:46:33+0200,a4488497-2a44-4b02-8cf3-b5300ead3675,2026-05-19T15:00:00Z,2026-05-19T17:00:00+0200,0.0,EUR/MWh,FR,FR,day_ahead_price,value,2026-06-05T07:47:19Z
2026-06-05T07:46:33Z,2026-06-05T09:46:33+0200,a4488497-2a44-4b02-8cf3-b5300ead3675,2026-05-19T15:15:00Z,2026-05-19T17:15:00+0200,0.0,EUR/MWh,FR,FR,day_ahead_price,value,2026-06-05T07:47:19Z
2026-06-05T07:46:33Z,2026-06-05T09:46:33+0200,a4488497-2a44-4b02-8cf3-b5300ead3675,2026-05-19T15:30:00Z,2026-05-19T17:30:00+0200,0.0,EUR/MWh,FR,FR,day_ahead_price,value,2026-06-05T07:47:19Z
2026-06-05T07:46:33Z,2026-06-05T09:46:33+0200,a4488497-2a44-4b02-8cf3-b5300ead3675,2026-05-19T15:45:00Z,2026-05-19T17:45:00+0200,0.1,EUR/MWh,FR,FR,day_ahead_price,value,2026-06-05T07:47:19Z
2026-06-05T07:46:33Z,2026-06-05T09:46:33+0200,a4488497-2a44-4b02-8cf3-b5300ead3675,2026-05-19T16:00:00Z,2026-05-19T18:00:00+0200,0.84,EUR/MWh,FR,FR,day_ahead_price,value,2026-06-05T07:47:19Z
2026-06-05T07:46:33Z,2026-06-05T09:46:33+0200,a4488497-2a44-4b02-8cf3-b5300ead3675,2026-05-19T16:15:00Z,2026-05-19T18:15:00+0200,1.81,EUR/MWh,FR,FR,day_ahead_price,value,2026-06-05T07:47:19Z
2026-06-05T07:46:33Z,2026-06-05T09:46:33+0200,a4488497-2a44-4b02-8cf3-b5300ead3675,2026-05-19T16:30:00Z,2026-05-19T18:30:00+0200,5.55,EUR/MWh,FR,FR,day_ahead_price,value,2026-06-05T07:47:19Z
2026-06-05T07:46:33Z,2026-06-05T09:46:33+0200,a4488497-2a44-4b02-8cf3-b5300ead3675,2026-05-19T16:45:00Z,2026-05-19T18:45:00+0200,25.0,EUR/MWh,FR,FR,day_ahead_price,value,2026-06-05T07:47:19Z
2026-06-05T07:46:33Z,2026-06-05T09:46:33+0200,a4488497-2a44-4b02-8cf3-b5300ead3675,2026-05-19T17:00:00Z,2026-05-19T19:00:00+0200,27.01,EUR/MWh,FR,FR,day_ahead_price,value,2026-06-05T07:47:19Z
2026-06-05T07:46:33Z,2026-06-05T09:46:33+0200,a4488497-2a44-4b02-8cf3-b5300ead3675,2026-05-19T17:15:00Z,2026-05-19T19:15:00+0200,34.94,EUR/MWh,FR,FR,day_ahead_price,value,2026-06-05T07:47:19Z
2026-06-05T07:46:33Z,2026-06-05T09:46:33+0200,a4488497-2a44-4b02-8cf3-b5300ead3675,2026-05-19T17:30:00Z,2026-05-19T19:30:00+0200,53.28,EUR/MWh,FR,FR,day_ahead_price,value,2026-06-05T07:47:19Z
2026-06-05T07:46:33Z,2026-06-05T09:46:33+0200,a4488497-2a44-4b02-8cf3-b5300ead3675,2026-05-19T17:45:00Z,2026-05-19T19:45:00+0200,75.61,EUR/MWh,FR,FR,day_ahead_price,value,2026-06-05T07:47:19Z
2026-06-05T07:46:33Z,2026-06-05T09:46:33+0200,a4488497-2a44-4b02-8cf3-b5300ead3675,2026-05-19T18:00:00Z,2026-05-19T20:00:00+0200,44.89,EUR/MWh,FR,FR,day_ahead_price,value,2026-06-05T07:47:19Z
2026-06-05T07:46:33Z,2026-06-05T09:46:33+0200,a4488497-2a44-4b02-8cf3-b5300ead3675,2026-05-19T18:15:00Z,2026-05-19T20:15:00+0200,73.77,EUR/MWh,FR,FR,day_ahead_price,value,2026-06-05T07:47:19Z
2026-06-05T07:46:33Z,2026-06-05T09:46:33+0200,a4488497-2a44-4b02-8cf3-b5300ead3675,2026-05-19T18:30:00Z,2026-05-19T20:30:00+0200,86.96,EUR/MWh,FR,FR,day_ahead_price,value,2026-06-05T07:47:19Z
2026-06-05T07:46:33Z,2026-06-05T09:46:33+0200,a4488497-2a44-4b02-8cf3-b5300ead3675,2026-05-19T18:45:00Z,2026-05-19T20:45:00+0200,90.66,EUR/MWh,FR,FR,day_ahead_price,value,2026-06-05T07:47:19Z
2026-06-05T07:46:33Z,2026-06-05T09:46:33+0200,a4488497-2a44-4b02-8cf3-b5300ead3675,2026-05-19T19:00:00Z,2026-05-19T21:00:00+0200,63.93,EUR/MWh,FR,FR,day_ahead_price,value,2026-06-05T07:47:19Z
2026-06-05T07:46:33Z,2026-06-05T09:46:33+0200,a4488497-2a44-4b02-8cf3-b5300ead3675,2026-05-19T19:15:00Z,2026-05-19T21:15:00+0200,68.1,EUR/MWh,FR,FR,day_ahead_price,value,2026-06-05T07:47:19Z
2026-06-05T07:46:33Z,2026-06-05T09:46:33+0200,a4488497-2a44-4b02-8cf3-b5300ead3675,2026-05-19T19:30:00Z,2026-05-19T21:30:00+0200,65.0,EUR/MWh,FR,FR,day_ahead_price,value,2026-06-05T07:47:19Z
2026-06-05T07:46:33Z,2026-06-05T09:46:33+0200,a4488497-2a44-4b02-8cf3-b5300ead3675,2026-05-19T19:45:00Z,2026-05-19T21:45:00+0200,62.0,EUR/MWh,FR,FR,day_ahead_price,value,2026-06-05T07:47:19Z
2026-06-05T07:46:33Z,2026-06-05T09:46:33+0200,a4488497-2a44-4b02-8cf3-b5300ead3675,2026-05-19T20:00:00Z,2026-05-19T22:00:00+0200,98.22,EUR/MWh,FR,FR,day_ahead_price,value,2026-06-05T07:47:19Z
2026-06-05T07:46:33Z,2026-06-05T09:46:33+0200,a4488497-2a44-4b02-8cf3-b5300ead3675,2026-05-19T20:15:00Z,2026-05-19T22:15:00+0200,70.91,EUR/MWh,FR,FR,day_ahead_price,value,2026-06-05T07:47:19Z
2026-06-05T07:46:33Z,2026-06-05T09:46:33+0200,a4488497-2a44-4b02-8cf3-b5300ead3675,2026-05-19T20:30:00Z,2026-05-19T22:30:00+0200,93.46,EUR/MWh,FR,FR,day_ahead_price,value,2026-06-05T07:47:19Z
2026-06-05T07:46:33Z,2026-06-05T09:46:33+0200,a4488497-2a44-4b02-8cf3-b5300ead3675,2026-05-19T20:45:00Z,2026-05-19T22:45:00+0200,102.98,EUR/MWh,FR,FR,day_ahead_price,value,2026-06-05T07:47:19Z
2026-06-05T07:46:33Z,2026-06-05T09:46:33+0200,a4488497-2a44-4b02-8cf3-b5300ead3675,2026-05-19T21:00:00Z,2026-05-19T23:00:00+0200,100.0,EUR/MWh,FR,FR,day_ahead_price,value,2026-06-05T07:47:19Z
2026-06-05T07:46:33Z,2026-06-05T09:46:33+0200,a4488497-2a44-4b02-8cf3-b5300ead3675,2026-05-19T21:15:00Z,2026-05-19T23:15:00+0200,69.13,EUR/MWh,FR,FR,day_ahead_price,value,2026-06-05T07:47:19Z
2026-06-05T07:46:33Z,2026-06-05T09:46:33+0200,a4488497-2a44-4b02-8cf3-b5300ead3675,2026-05-19T21:30:00Z,2026-05-19T23:30:00+0200,93.28,EUR/MWh,FR,FR,day_ahead_price,value,2026-06-05T07:47:19Z
2026-06-05T07:46:33Z,2026-06-05T09:46:33+0200,a4488497-2a44-4b02-8cf3-b5300ead3675,2026-05-19T21:45:00Z,2026-05-19T23:45:00+0200,68.17,EUR/MWh,FR,FR,day_ahead_price,value,2026-06-05T07:47:19Z
2026-06-05T07:46:33Z,2026-06-05T09:46:33+0200,a4488497-2a44-4b02-8cf3-b5300ead3675,2026-05-19T22:00:00Z,2026-05-20T00:00:00+0200,98.7,EUR/MWh,FR,FR,day_ahead_price,value,2026-06-05T07:47:19Z
2026-06-05T07:46:33Z,2026-06-05T09:46:33+0200,a4488497-2a44-4b02-8cf3-b5300ead3675,2026-05-19T22:15:00Z,2026-05-20T00:15:00+0200,82.69,EUR/MWh,FR,FR,day_ahead_price,value,2026-06-05T07:47:19Z
2026-06-05T07:46:33Z,2026-06-05T09:46:33+0200,a4488497-2a44-4b02-8cf3-b5300ead3675,2026-05-19T22:30:00Z,2026-05-20T00:30:00+0200,63.15,EUR/MWh,FR,FR,day_ahead_price,value,2026-06-05T07:47:19Z
2026-06-05T07:46:33Z,2026-06-05T09:46:33+0200,a4488497-2a44-4b02-8cf3-b5300ead3675,2026-05-19T22:45:00Z,2026-05-20T00:45:00+0200,34.54,EUR/MWh,FR,FR,day_ahead_price,value,2026-06-05T07:47:19Z
2026-06-05T07:46:33Z,2026-06-05T09:46:33+0200,a4488497-2a44-4b02-8cf3-b5300ead3675,2026-05-19T23:00:00Z,2026-05-20T01:00:00+0200,91.59,EUR/MWh,FR,FR,day_ahead_price,value,2026-06-05T07:47:19Z
2026-06-05T07:46:33Z,2026-06-05T09:46:33+0200,a4488497-2a44-4b02-8cf3-b5300ead3675,2026-05-19T23:15:00Z,2026-05-20T01:15:00+0200,83.88,EUR/MWh,FR,FR,day_ahead_price,value,2026-06-05T07:47:19Z
2026-06-05T07:46:33Z,2026-06-05T09:46:33+0200,a4488497-2a44-4b02-8cf3-b5300ead3675,2026-05-19T23:30:00Z,2026-05-20T01:30:00+0200,68.23,EUR/MWh,FR,FR,day_ahead_price,value,2026-06-05T07:47:19Z
2026-06-05T07:46:33Z,2026-06-05T09:46:33+0200,a4488497-2a44-4b02-8cf3-b5300ead3675,2026-05-19T23:45:00Z,2026-05-20T01:45:00+0200,54.73,EUR/MWh,FR,FR,day_ahead_price,value,2026-06-05T07:47:19Z
2026-06-05T07:46:33Z,2026-06-05T09:46:33+0200,a4488497-2a44-4b02-8cf3-b5300ead3675,2026-05-20T00:00:00Z,2026-05-20T02:00:00+0200,77.86,EUR/MWh,FR,FR,day_ahead_price,value,2026-06-05T07:47:19Z
2026-06-05T07:46:33Z,2026-06-05T09:46:33+0200,a4488497-2a44-4b02-8cf3-b5300ead3675,2026-05-20T00:15:00Z,2026-05-20T02:15:00+0200,56.22,EUR/MWh,FR,FR,day_ahead_price,value,2026-06-05T07:47:19Z
2026-06-05T07:46:33Z,2026-06-05T09:46:33+0200,a4488497-2a44-4b02-8cf3-b5300ead3675,2026-05-20T00:30:00Z,2026-05-20T02:30:00+0200,38.38,EUR/MWh,FR,FR,day_ahead_price,value,2026-06-05T07:47:19Z
2026-06-05T07:46:33Z,2026-06-05T09:46:33+0200,a4488497-2a44-4b02-8cf3-b5300ead3675,2026-05-20T00:45:00Z,2026-05-20T02:45:00+0200,27.54,EUR/MWh,FR,FR,day_ahead_price,value,2026-06-05T07:47:19Z
2026-06-05T07:46:33Z,2026-06-05T09:46:33+0200,a4488497-2a44-4b02-8cf3-b5300ead3675,2026-05-20T01:00:00Z,2026-05-20T03:00:00+0200,37.18,EUR/MWh,FR,FR,day_ahead_price,value,2026-06-05T07:47:19Z
2026-06-05T07:46:33Z,2026-06-05T09:46:33+0200,a4488497-2a44-4b02-8cf3-b5300ead3675,2026-05-20T01:15:00Z,2026-05-20T03:15:00+0200,36.5,EUR/MWh,FR,FR,day_ahead_price,value,2026-06-05T07:47:19Z
2026-06-05T07:46:33Z,2026-06-05T09:46:33+0200,a4488497-2a44-4b02-8cf3-b5300ead3675,2026-05-20T01:30:00Z,2026-05-20T03:30:00+0200,15.93,EUR/MWh,FR,FR,day_ahead_price,value,2026-06-05T07:47:19Z
2026-06-05T07:46:33Z,2026-06-05T09:46:33+0200,a4488497-2a44-4b02-8cf3-b5300ead3675,2026-05-20T01:45:00Z,2026-05-20T03:45:00+0200,10.37,EUR/MWh,FR,FR,day_ahead_price,value,2026-06-05T07:47:19Z
2026-06-05T07:46:33Z,2026-06-05T09:46:33+0200,a4488497-2a44-4b02-8cf3-b5300ead3675,2026-05-20T02:00:00Z,2026-05-20T04:00:00+0200,26.32,EUR/MWh,FR,FR,day_ahead_price,value,2026-06-05T07:47:19Z
2026-06-05T07:46:33Z,2026-06-05T09:46:33+0200,a4488497-2a44-4b02-8cf3-b5300ead3675,2026-05-20T02:15:00Z,2026-05-20T04:15:00+0200,8.52,EUR/MWh,FR,FR,day_ahead_price,value,2026-06-05T07:47:19Z
2026-06-05T07:46:33Z,2026-06-05T09:46:33+0200,a4488497-2a44-4b02-8cf3-b5300ead3675,2026-05-20T02:30:00Z,2026-05-20T04:30:00+0200,4.83,EUR/MWh,FR,FR,day_ahead_price,value,2026-06-05T07:47:19Z
2026-06-05T07:46:33Z,2026-06-05T09:46:33+0200,a4488497-2a44-4b02-8cf3-b5300ead3675,2026-05-20T02:45:00Z,2026-05-20T04:45:00+0200,25.56,EUR/MWh,FR,FR,day_ahead_price,value,2026-06-05T07:47:19Z
2026-06-05T07:46:33Z,2026-06-05T09:46:33+0200,a4488497-2a44-4b02-8cf3-b5300ead3675,2026-05-20T03:00:00Z,2026-05-20T05:00:00+0200,13.92,EUR/MWh,FR,FR,day_ahead_price,value,2026-06-05T07:47:19Z
2026-06-05T07:46:33Z,2026-06-05T09:46:33+0200,a4488497-2a44-4b02-8cf3-b5300ead3675,2026-05-20T03:15:00Z,2026-05-20T05:15:00+0200,31.24,EUR/MWh,FR,FR,day_ahead_price,value,2026-06-05T07:47:19Z
2026-06-05T07:46:33Z,2026-06-05T09:46:33+0200,a4488497-2a44-4b02-8cf3-b5300ead3675,2026-05-20T03:30:00Z,2026-05-20T05:30:00+0200,44.61,EUR/MWh,FR,FR,day_ahead_price,value,2026-06-05T07:47:19Z
2026-06-05T07:46:33Z,2026-06-05T09:46:33+0200,a4488497-2a44-4b02-8cf3-b5300ead3675,2026-05-20T03:45:00Z,2026-05-20T05:45:00+0200,50.58,EUR/MWh,FR,FR,day_ahead_price,value,2026-06-05T07:47:19Z
2026-06-05T07:46:33Z,2026-06-05T09:46:33+0200,a4488497-2a44-4b02-8cf3-b5300ead3675,2026-05-20T04:00:00Z,2026-05-20T06:00:00+0200,39.0,EUR/MWh,FR,FR,day_ahead_price,value,2026-06-05T07:47:19Z
2026-06-05T07:46:33Z,2026-06-05T09:46:33+0200,a4488497-2a44-4b02-8cf3-b5300ead3675,2026-05-20T04:15:00Z,2026-05-20T06:15:00+0200,63.34,EUR/MWh,FR,FR,day_ahead_price,value,2026-06-05T07:47:19Z
2026-06-05T07:46:33Z,2026-06-05T09:46:33+0200,a4488497-2a44-4b02-8cf3-b5300ead3675,2026-05-20T04:30:00Z,2026-05-20T06:30:00+0200,61.06,EUR/MWh,FR,FR,day_ahead_price,value,2026-06-05T07:47:19Z
2026-06-05T07:46:33Z,2026-06-05T09:46:33+0200,a4488497-2a44-4b02-8cf3-b5300ead3675,2026-05-20T04:45:00Z,2026-05-20T06:45:00+0200,65.17,EUR/MWh,FR,FR,day_ahead_price,value,2026-06-05T07:47:19Z
2026-06-05T07:46:33Z,2026-06-05T09:46:33+0200,a4488497-2a44-4b02-8cf3-b5300ead3675,2026-05-20T05:00:00Z,2026-05-20T07:00:00+0200,77.98,EUR/MWh,FR,FR,day_ahead_price,value,2026-06-05T07:47:19Z
2026-06-05T07:46:33Z,2026-06-05T09:46:33+0200,a4488497-2a44-4b02-8cf3-b5300ead3675,2026-05-20T05:15:00Z,2026-05-20T07:15:00+0200,89.16,EUR/MWh,FR,FR,day_ahead_price,value,2026-06-05T07:47:19Z
2026-06-05T07:46:33Z,2026-06-05T09:46:33+0200,a4488497-2a44-4b02-8cf3-b5300ead3675,2026-05-20T05:30:00Z,2026-05-20T07:30:00+0200,82.52,EUR/MWh,FR,FR,day_ahead_price,value,2026-06-05T07:47:19Z
2026-06-05T07:46:33Z,2026-06-05T09:46:33+0200,a4488497-2a44-4b02-8cf3-b5300ead3675,2026-05-20T05:45:00Z,2026-05-20T07:45:00+0200,82.7,EUR/MWh,FR,FR,day_ahead_price,value,2026-06-05T07:47:19Z
2026-06-05T07:46:33Z,2026-06-05T09:46:33+0200,a4488497-2a44-4b02-8cf3-b5300ead3675,2026-05-20T06:00:00Z,2026-05-20T08:00:00+0200,109.96,EUR/MWh,FR,FR,day_ahead_price,value,2026-06-05T07:47:19Z
2026-06-05T07:46:33Z,2026-06-05T09:46:33+0200,a4488497-2a44-4b02-8cf3-b5300ead3675,2026-05-20T06:15:00Z,2026-05-20T08:15:00+0200,87.38,EUR/MWh,FR,FR,day_ahead_price,value,2026-06-05T07:47:19Z
2026-06-05T07:46:33Z,2026-06-05T09:46:33+0200,a4488497-2a44-4b02-8cf3-b5300ead3675,2026-05-20T06:30:00Z,2026-05-20T08:30:00+0200,74.67,EUR/MWh,FR,FR,day_ahead_price,value,2026-06-05T07:47:19Z
2026-06-05T07:46:33Z,2026-06-05T09:46:33+0200,a4488497-2a44-4b02-8cf3-b5300ead3675,2026-05-20T06:45:00Z,2026-05-20T08:45:00+0200,43.99,EUR/MWh,FR,FR,day_ahead_price,value,2026-06-05T07:47:19Z
2026-06-05T07:46:33Z,2026-06-05T09:46:33+0200,a4488497-2a44-4b02-8cf3-b5300ead3675,2026-05-20T07:00:00Z,2026-05-20T09:00:00+0200,53.8,EUR/MWh,FR,FR,day_ahead_price,value,2026-06-05T07:47:19Z
2026-06-05T07:46:33Z,2026-06-05T09:46:33+0200,a4488497-2a44-4b02-8cf3-b5300ead3675,2026-05-20T07:15:00Z,2026-05-20T09:15:00+0200,39.9,EUR/MWh,FR,FR,day_ahead_price,value,2026-06-05T07:47:19Z
2026-06-05T07:46:33Z,2026-06-05T09:46:33+0200,a4488497-2a44-4b02-8cf3-b5300ead3675,2026-05-20T07:30:00Z,2026-05-20T09:30:00+0200,20.0,EUR/MWh,FR,FR,day_ahead_price,value,2026-06-05T07:47:19Z
2026-06-05T07:46:33Z,2026-06-05T09:46:33+0200,a4488497-2a44-4b02-8cf3-b5300ead3675,2026-05-20T07:45:00Z,2026-05-20T09:45:00+0200,0.87,EUR/MWh,FR,FR,day_ahead_price,value,2026-06-05T07:47:19Z
2026-06-05T07:46:33Z,2026-06-05T09:46:33+0200,a4488497-2a44-4b02-8cf3-b5300ead3675,2026-05-20T08:00:00Z,2026-05-20T10:00:00+0200,0.84,EUR/MWh,FR,FR,day_ahead_price,value,2026-06-05T07:47:19Z
2026-06-05T07:46:33Z,2026-06-05T09:46:33+0200,a4488497-2a44-4b02-8cf3-b5300ead3675,2026-05-20T08:15:00Z,2026-05-20T10:15:00+0200,0.51,EUR/MWh,FR,FR,day_ahead_price,value,2026-06-05T07:47:19Z
2026-06-05T07:46:33Z,2026-06-05T09:46:33+0200,a4488497-2a44-4b02-8cf3-b5300ead3675,2026-05-20T08:30:00Z,2026-05-20T10:30:00+0200,0.01,EUR/MWh,FR,FR,day_ahead_price,value,2026-06-05T07:47:19Z
2026-06-05T07:46:33Z,2026-06-05T09:46:33+0200,a4488497-2a44-4b02-8cf3-b5300ead3675,2026-05-20T08:45:00Z,2026-05-20T10:45:00+0200,0.0,EUR/MWh,FR,FR,day_ahead_price,value,2026-06-05T07:47:19Z
2026-06-05T07:46:33Z,2026-06-05T09:46:33+0200,a4488497-2a44-4b02-8cf3-b5300ead3675,2026-05-20T09:00:00Z,2026-05-20T11:00:00+0200,0.0,EUR/MWh,FR,FR,day_ahead_price,value,2026-06-05T07:47:19Z
2026-06-05T07:46:33Z,2026-06-05T09:46:33+0200,a4488497-2a44-4b02-8cf3-b5300ead3675,2026-05-20T09:15:00Z,2026-05-20T11:15:00+0200,0.0,EUR/MWh,FR,FR,day_ahead_price,value,2026-06-05T07:47:19Z
2026-06-05T07:46:33Z,2026-06-05T09:46:33+0200,a4488497-2a44-4b02-8cf3-b5300ead3675,2026-05-20T09:30:00Z,2026-05-20T11:30:00+0200,0.0,EUR/MWh,FR,FR,day_ahead_price,value,2026-06-05T07:47:19Z
2026-06-05T07:46:33Z,2026-06-05T09:46:33+0200,a4488497-2a44-4b02-8cf3-b5300ead3675,2026-05-20T09:45:00Z,2026-05-20T11:45:00+0200,-0.01,EUR/MWh,FR,FR,day_ahead_price,value,2026-06-05T07:47:19Z
2026-06-05T07:46:33Z,2026-06-05T09:46:33+0200,a4488497-2a44-4b02-8cf3-b5300ead3675,2026-05-20T10:00:00Z,2026-05-20T12:00:00+0200,-0.01,EUR/MWh,FR,FR,day_ahead_price,value,2026-06-05T07:47:19Z
2026-06-05T07:46:33Z,2026-06-05T09:46:33+0200,a4488497-2a44-4b02-8cf3-b5300ead3675,2026-05-20T10:15:00Z,2026-05-20T12:15:00+0200,-0.01,EUR/MWh,FR,FR,day_ahead_price,value,2026-06-05T07:47:19Z
2026-06-05T07:46:33Z,2026-06-05T09:46:33+0200,a4488497-2a44-4b02-8cf3-b5300ead3675,2026-05-20T10:30:00Z,2026-05-20T12:30:00+0200,0.0,EUR/MWh,FR,FR,day_ahead_price,value,2026-06-05T07:47:19Z
2026-06-05T07:46:33Z,2026-06-05T09:46:33+0200,a4488497-2a44-4b02-8cf3-b5300ead3675,2026-05-20T10:45:00Z,2026-05-20T12:45:00+0200,-0.01,EUR/MWh,FR,FR,day_ahead_price,value,2026-06-05T07:47:19Z
2026-06-05T07:46:33Z,2026-06-05T09:46:33+0200,a4488497-2a44-4b02-8cf3-b5300ead3675,2026-05-20T11:00:00Z,2026-05-20T13:00:00+0200,-0.01,EUR/MWh,FR,FR,day_ahead_price,value,2026-06-05T07:47:19Z
2026-06-05T07:46:33Z,2026-06-05T09:46:33+0200,a4488497-2a44-4b02-8cf3-b5300ead3675,2026-05-20T11:15:00Z,2026-05-20T13:15:00+0200,-0.01,EUR/MWh,FR,FR,day_ahead_price,value,2026-06-05T07:47:19Z
2026-06-05T07:46:33Z,2026-06-05T09:46:33+0200,a4488497-2a44-4b02-8cf3-b5300ead3675,2026-05-20T11:30:00Z,2026-05-20T13:30:00+0200,-0.01,EUR/MWh,FR,FR,day_ahead_price,value,2026-06-05T07:47:19Z
2026-06-05T07:46:33Z,2026-06-05T09:46:33+0200,a4488497-2a44-4b02-8cf3-b5300ead3675,2026-05-20T11:45:00Z,2026-05-20T13:45:00+0200,-0.01,EUR/MWh,FR,FR,day_ahead_price,value,2026-06-05T07:47:19Z
2026-06-05T07:46:33Z,2026-06-05T09:46:33+0200,a4488497-2a44-4b02-8cf3-b5300ead3675,2026-05-20T12:00:00Z,2026-05-20T14:00:00+0200,-0.01,EUR/MWh,FR,FR,day_ahead_price,value,2026-06-05T07:47:19Z
2026-06-05T07:46:33Z,2026-06-05T09:46:33+0200,a4488497-2a44-4b02-8cf3-b5300ead3675,2026-05-20T12:15:00Z,2026-05-20T14:15:00+0200,-0.01,EUR/MWh,FR,FR,day_ahead_price,value,2026-06-05T07:47:19Z
2026-06-05T07:46:33Z,2026-06-05T09:46:33+0200,a4488497-2a44-4b02-8cf3-b5300ead3675,2026-05-20T12:30:00Z,2026-05-20T14:30:00+0200,-0.01,EUR/MWh,FR,FR,day_ahead_price,value,2026-06-05T07:47:19Z
2026-06-05T07:46:33Z,2026-06-05T09:46:33+0200,a4488497-2a44-4b02-8cf3-b5300ead3675,2026-05-20T12:45:00Z,2026-05-20T14:45:00+0200,-0.01,EUR/MWh,FR,FR,day_ahead_price,value,2026-06-05T07:47:19Z
2026-06-05T07:46:33Z,2026-06-05T09:46:33+0200,a4488497-2a44-4b02-8cf3-b5300ead3675,2026-05-20T13:00:00Z,2026-05-20T15:00:00+0200,-0.01,EUR/MWh,FR,FR,day_ahead_price,value,2026-06-05T07:47:19Z
2026-06-05T07:46:33Z,2026-06-05T09:46:33+0200,a4488497-2a44-4b02-8cf3-b5300ead3675,2026-05-20T13:15:00Z,2026-05-20T15:15:00+0200,-0.01,EUR/MWh,FR,FR,day_ahead_price,value,2026-06-05T07:47:19Z
2026-06-05T07:46:33Z,2026-06-05T09:46:33+0200,a4488497-2a44-4b02-8cf3-b5300ead3675,2026-05-20T13:30:00Z,2026-05-20T15:30:00+0200,-0.01,EUR/MWh,FR,FR,day_ahead_price,value,2026-06-05T07:47:19Z
2026-06-05T07:46:33Z,2026-06-05T09:46:33+0200,a4488497-2a44-4b02-8cf3-b5300ead3675,2026-05-20T13:45:00Z,2026-05-20T15:45:00+0200,-0.01,EUR/MWh,FR,FR,day_ahead_price,value,2026-06-05T07:47:19Z
2026-06-05T07:46:33Z,2026-06-05T09:46:33+0200,a4488497-2a44-4b02-8cf3-b5300ead3675,2026-05-20T14:00:00Z,2026-05-20T16:00:00+0200,-0.01,EUR/MWh,FR,FR,day_ahead_price,value,2026-06-05T07:47:19Z
2026-06-05T07:46:33Z,2026-06-05T09:46:33+0200,a4488497-2a44-4b02-8cf3-b5300ead3675,2026-05-20T14:15:00Z,2026-05-20T16:15:00+0200,-0.01,EUR/MWh,FR,FR,day_ahead_price,value,2026-06-05T07:47:19Z
2026-06-05T07:46:33Z,2026-06-05T09:46:33+0200,a4488497-2a44-4b02-8cf3-b5300ead3675,2026-05-20T14:30:00Z,2026-05-20T16:30:00+0200,-0.01,EUR/MWh,FR,FR,day_ahead_price,value,2026-06-05T07:47:19Z
2026-06-05T07:46:33Z,2026-06-05T09:46:33+0200,a4488497-2a44-4b02-8cf3-b5300ead3675,2026-05-20T14:45:00Z,2026-05-20T16:45:00+0200,-0.01,EUR/MWh,FR,FR,day_ahead_price,value,2026-06-05T07:47:19Z
2026-06-05T07:46:33Z,2026-06-05T09:46:33+0200,a4488497-2a44-4b02-8cf3-b5300ead3675,2026-05-20T15:00:00Z,2026-05-20T17:00:00+0200,-0.01,EUR/MWh,FR,FR,day_ahead_price,value,2026-06-05T07:47:19Z
2026-06-05T07:46:33Z,2026-06-05T09:46:33+0200,a4488497-2a44-4b02-8cf3-b5300ead3675,2026-05-20T15:15:00Z,2026-05-20T17:15:00+0200,0.0,EUR/MWh,FR,FR,day_ahead_price,value,2026-06-05T07:47:19Z
2026-06-05T07:46:33Z,2026-06-05T09:46:33+0200,a4488497-2a44-4b02-8cf3-b5300ead3675,2026-05-20T15:30:00Z,2026-05-20T17:30:00+0200,0.0,EUR/MWh,FR,FR,day_ahead_price,value,2026-06-05T07:47:19Z
2026-06-05T07:46:33Z,2026-06-05T09:46:33+0200,a4488497-2a44-4b02-8cf3-b5300ead3675,2026-05-20T15:45:00Z,2026-05-20T17:45:00+0200,0.0,EUR/MWh,FR,FR,day_ahead_price,value,2026-06-05T07:47:19Z
2026-06-05T07:46:33Z,2026-06-05T09:46:33+0200,a4488497-2a44-4b02-8cf3-b5300ead3675,2026-05-20T16:00:00Z,2026-05-20T18:00:00+0200,0.01,EUR/MWh,FR,FR,day_ahead_price,value,2026-06-05T07:47:19Z
2026-06-05T07:46:33Z,2026-06-05T09:46:33+0200,a4488497-2a44-4b02-8cf3-b5300ead3675,2026-05-20T16:15:00Z,2026-05-20T18:15:00+0200,9.29,EUR/MWh,FR,FR,day_ahead_price,value,2026-06-05T07:47:19Z
2026-06-05T07:46:33Z,2026-06-05T09:46:33+0200,a4488497-2a44-4b02-8cf3-b5300ead3675,2026-05-20T16:30:00Z,2026-05-20T18:30:00+0200,36.7,EUR/MWh,FR,FR,day_ahead_price,value,2026-06-05T07:47:19Z
2026-06-05T07:46:33Z,2026-06-05T09:46:33+0200,a4488497-2a44-4b02-8cf3-b5300ead3675,2026-05-20T16:45:00Z,2026-05-20T18:45:00+0200,67.82,EUR/MWh,FR,FR,day_ahead_price,value,2026-06-05T07:47:19Z
2026-06-05T07:46:33Z,2026-06-05T09:46:33+0200,a4488497-2a44-4b02-8cf3-b5300ead3675,2026-05-20T17:00:00Z,2026-05-20T19:00:00+0200,41.86,EUR/MWh,FR,FR,day_ahead_price,value,2026-06-05T07:47:19Z
2026-06-05T07:46:33Z,2026-06-05T09:46:33+0200,a4488497-2a44-4b02-8cf3-b5300ead3675,2026-05-20T17:15:00Z,2026-05-20T19:15:00+0200,74.75,EUR/MWh,FR,FR,day_ahead_price,value,2026-06-05T07:47:19Z
2026-06-05T07:46:33Z,2026-06-05T09:46:33+0200,a4488497-2a44-4b02-8cf3-b5300ead3675,2026-05-20T17:30:00Z,2026-05-20T19:30:00+0200,84.47,EUR/MWh,FR,FR,day_ahead_price,value,2026-06-05T07:47:19Z
2026-06-05T07:46:33Z,2026-06-05T09:46:33+0200,a4488497-2a44-4b02-8cf3-b5300ead3675,2026-05-20T17:45:00Z,2026-05-20T19:45:00+0200,106.22,EUR/MWh,FR,FR,day_ahead_price,value,2026-06-05T07:47:19Z
2026-06-05T07:46:33Z,2026-06-05T09:46:33+0200,a4488497-2a44-4b02-8cf3-b5300ead3675,2026-05-20T18:00:00Z,2026-05-20T20:00:00+0200,70.0,EUR/MWh,FR,FR,day_ahead_price,value,2026-06-05T07:47:19Z
2026-06-05T07:46:33Z,2026-06-05T09:46:33+0200,a4488497-2a44-4b02-8cf3-b5300ead3675,2026-05-20T18:15:00Z,2026-05-20T20:15:00+0200,96.95,EUR/MWh,FR,FR,day_ahead_price,value,2026-06-05T07:47:19Z
2026-06-05T07:46:33Z,2026-06-05T09:46:33+0200,a4488497-2a44-4b02-8cf3-b5300ead3675,2026-05-20T18:30:00Z,2026-05-20T20:30:00+0200,116.04,EUR/MWh,FR,FR,day_ahead_price,value,2026-06-05T07:47:19Z
2026-06-05T07:46:33Z,2026-06-05T09:46:33+0200,a4488497-2a44-4b02-8cf3-b5300ead3675,2026-05-20T18:45:00Z,2026-05-20T20:45:00+0200,125.1,EUR/MWh,FR,FR,day_ahead_price,value,2026-06-05T07:47:19Z
2026-06-05T07:46:33Z,2026-06-05T09:46:33+0200,a4488497-2a44-4b02-8cf3-b5300ead3675,2026-05-20T19:00:00Z,2026-05-20T21:00:00+0200,120.01,EUR/MWh,FR,FR,day_ahead_price,value,2026-06-05T07:47:19Z
2026-06-05T07:46:33Z,2026-06-05T09:46:33+0200,a4488497-2a44-4b02-8cf3-b5300ead3675,2026-05-20T19:15:00Z,2026-05-20T21:15:00+0200,130.0,EUR/MWh,FR,FR,day_ahead_price,value,2026-06-05T07:47:19Z
2026-06-05T07:46:33Z,2026-06-05T09:46:33+0200,a4488497-2a44-4b02-8cf3-b5300ead3675,2026-05-20T19:30:00Z,2026-05-20T21:30:00+0200,135.2,EUR/MWh,FR,FR,day_ahead_price,value,2026-06-05T07:47:19Z
2026-06-05T07:46:33Z,2026-06-05T09:46:33+0200,a4488497-2a44-4b02-8cf3-b5300ead3675,2026-05-20T19:45:00Z,2026-05-20T21:45:00+0200,131.47,EUR/MWh,FR,FR,day_ahead_price,value,2026-06-05T07:47:19Z
2026-06-05T07:46:33Z,2026-06-05T09:46:33+0200,a4488497-2a44-4b02-8cf3-b5300ead3675,2026-05-20T20:00:00Z,2026-05-20T22:00:00+0200,139.39,EUR/MWh,FR,FR,day_ahead_price,value,2026-06-05T07:47:19Z
2026-06-05T07:46:33Z,2026-06-05T09:46:33+0200,a4488497-2a44-4b02-8cf3-b5300ead3675,2026-05-20T20:15:00Z,2026-05-20T22:15:00+0200,130.04,EUR/MWh,FR,FR,day_ahead_price,value,2026-06-05T07:47:19Z
2026-06-05T07:46:33Z,2026-06-05T09:46:33+0200,a4488497-2a44-4b02-8cf3-b5300ead3675,2026-05-20T20:30:00Z,2026-05-20T22:30:00+0200,135.2,EUR/MWh,FR,FR,day_ahead_price,value,2026-06-05T07:47:19Z
2026-06-05T07:46:33Z,2026-06-05T09:46:33+0200,a4488497-2a44-4b02-8cf3-b5300ead3675,2026-05-20T20:45:00Z,2026-05-20T22:45:00+0200,123.63,EUR/MWh,FR,FR,day_ahead_price,value,2026-06-05T07:47:19Z
2026-06-05T07:46:33Z,2026-06-05T09:46:33+0200,a4488497-2a44-4b02-8cf3-b5300ead3675,2026-05-20T21:00:00Z,2026-05-20T23:00:00+0200,121.06,EUR/MWh,FR,FR,day_ahead_price,value,2026-06-05T07:47:19Z
2026-06-05T07:46:33Z,2026-06-05T09:46:33+0200,a4488497-2a44-4b02-8cf3-b5300ead3675,2026-05-20T21:15:00Z,2026-05-20T23:15:00+0200,117.25,EUR/MWh,FR,FR,day_ahead_price,value,2026-06-05T07:47:19Z
2026-06-05T07:46:33Z,2026-06-05T09:46:33+0200,a4488497-2a44-4b02-8cf3-b5300ead3675,2026-05-20T21:30:00Z,2026-05-20T23:30:00+0200,116.58,EUR/MWh,FR,FR,day_ahead_price,value,2026-06-05T07:47:19Z
2026-06-05T07:46:33Z,2026-06-05T09:46:33+0200,a4488497-2a44-4b02-8cf3-b5300ead3675,2026-05-20T21:45:00Z,2026-05-20T23:45:00+0200,114.55,EUR/MWh,FR,FR,day_ahead_price,value,2026-06-05T07:47:19Z
2026-06-05T07:46:33Z,2026-06-05T09:46:33+0200,a4488497-2a44-4b02-8cf3-b5300ead3675,2026-05-20T22:00:00Z,2026-05-21T00:00:00+0200,124.6,EUR/MWh,FR,FR,day_ahead_price,value,2026-06-05T07:47:19Z
2026-06-05T07:46:33Z,2026-06-05T09:46:33+0200,a4488497-2a44-4b02-8cf3-b5300ead3675,2026-05-20T22:15:00Z,2026-05-21T00:15:00+0200,119.44,EUR/MWh,FR,FR,day_ahead_price,value,2026-06-05T07:47:19Z
2026-06-05T07:46:33Z,2026-06-05T09:46:33+0200,a4488497-2a44-4b02-8cf3-b5300ead3675,2026-05-20T22:30:00Z,2026-05-21T00:30:00+0200,106.12,EUR/MWh,FR,FR,day_ahead_price,value,2026-06-05T07:47:19Z
2026-06-05T07:46:33Z,2026-06-05T09:46:33+0200,a4488497-2a44-4b02-8cf3-b5300ead3675,2026-05-20T22:45:00Z,2026-05-21T00:45:00+0200,98.59,EUR/MWh,FR,FR,day_ahead_price,value,2026-06-05T07:47:19Z
2026-06-05T07:46:33Z,2026-06-05T09:46:33+0200,a4488497-2a44-4b02-8cf3-b5300ead3675,2026-05-20T23:00:00Z,2026-05-21T01:00:00+0200,106.0,EUR/MWh,FR,FR,day_ahead_price,value,2026-06-05T07:47:19Z
2026-06-05T07:46:33Z,2026-06-05T09:46:33+0200,a4488497-2a44-4b02-8cf3-b5300ead3675,2026-05-20T23:15:00Z,2026-05-21T01:15:00+0200,99.19,EUR/MWh,FR,FR,day_ahead_price,value,2026-06-05T07:47:19Z
2026-06-05T07:46:33Z,2026-06-05T09:46:33+0200,a4488497-2a44-4b02-8cf3-b5300ead3675,2026-05-20T23:30:00Z,2026-05-21T01:30:00+0200,98.89,EUR/MWh,FR,FR,day_ahead_price,value,2026-06-05T07:47:19Z
2026-06-05T07:46:33Z,2026-06-05T09:46:33+0200,a4488497-2a44-4b02-8cf3-b5300ead3675,2026-05-20T23:45:00Z,2026-05-21T01:45:00+0200,93.17,EUR/MWh,FR,FR,day_ahead_price,value,2026-06-05T07:47:19Z
2026-06-05T07:46:33Z,2026-06-05T09:46:33+0200,a4488497-2a44-4b02-8cf3-b5300ead3675,2026-05-21T00:00:00Z,2026-05-21T02:00:00+0200,100.34,EUR/MWh,FR,FR,day_ahead_price,value,2026-06-05T07:47:19Z
2026-06-05T07:46:33Z,2026-06-05T09:46:33+0200,a4488497-2a44-4b02-8cf3-b5300ead3675,2026-05-21T00:15:00Z,2026-05-21T02:15:00+0200,98.74,EUR/MWh,FR,FR,day_ahead_price,value,2026-06-05T07:47:19Z
2026-06-05T07:46:33Z,2026-06-05T09:46:33+0200,a4488497-2a44-4b02-8cf3-b5300ead3675,2026-05-21T00:30:00Z,2026-05-21T02:30:00+0200,95.0,EUR/MWh,FR,FR,day_ahead_price,value,2026-06-05T07:47:19Z
2026-06-05T07:46:33Z,2026-06-05T09:46:33+0200,a4488497-2a44-4b02-8cf3-b5300ead3675,2026-05-21T00:45:00Z,2026-05-21T02:45:00+0200,90.0,EUR/MWh,FR,FR,day_ahead_price,value,2026-06-05T07:47:19Z
2026-06-05T07:46:33Z,2026-06-05T09:46:33+0200,a4488497-2a44-4b02-8cf3-b5300ead3675,2026-05-21T01:00:00Z,2026-05-21T03:00:00+0200,90.1,EUR/MWh,FR,FR,day_ahead_price,value,2026-06-05T07:47:19Z
2026-06-05T07:46:33Z,2026-06-05T09:46:33+0200,a4488497-2a44-4b02-8cf3-b5300ead3675,2026-05-21T01:15:00Z,2026-05-21T03:15:00+0200,88.0,EUR/MWh,FR,FR,day_ahead_price,value,2026-06-05T07:47:19Z
2026-06-05T07:46:33Z,2026-06-05T09:46:33+0200,a4488497-2a44-4b02-8cf3-b5300ead3675,2026-05-21T01:30:00Z,2026-05-21T03:30:00+0200,86.3,EUR/MWh,FR,FR,day_ahead_price,value,2026-06-05T07:47:19Z
2026-06-05T07:46:33Z,2026-06-05T09:46:33+0200,a4488497-2a44-4b02-8cf3-b5300ead3675,2026-05-21T01:45:00Z,2026-05-21T03:45:00+0200,84.56,EUR/MWh,FR,FR,day_ahead_price,value,2026-06-05T07:47:19Z
2026-06-05T07:46:33Z,2026-06-05T09:46:33+0200,a4488497-2a44-4b02-8cf3-b5300ead3675,2026-05-21T02:00:00Z,2026-05-21T04:00:00+0200,82.36,EUR/MWh,FR,FR,day_ahead_price,value,2026-06-05T07:47:19Z
2026-06-05T07:46:33Z,2026-06-05T09:46:33+0200,a4488497-2a44-4b02-8cf3-b5300ead3675,2026-05-21T02:15:00Z,2026-05-21T04:15:00+0200,81.74,EUR/MWh,FR,FR,day_ahead_price,value,2026-06-05T07:47:19Z
2026-06-05T07:46:33Z,2026-06-05T09:46:33+0200,a4488497-2a44-4b02-8cf3-b5300ead3675,2026-05-21T02:30:00Z,2026-05-21T04:30:00+0200,82.36,EUR/MWh,FR,FR,day_ahead_price,value,2026-06-05T07:47:19Z
2026-06-05T07:46:33Z,2026-06-05T09:46:33+0200,a4488497-2a44-4b02-8cf3-b5300ead3675,2026-05-21T02:45:00Z,2026-05-21T04:45:00+0200,85.7,EUR/MWh,FR,FR,day_ahead_price,value,2026-06-05T07:47:19Z
2026-06-05T07:46:33Z,2026-06-05T09:46:33+0200,a4488497-2a44-4b02-8cf3-b5300ead3675,2026-05-21T03:00:00Z,2026-05-21T05:00:00+0200,88.7,EUR/MWh,FR,FR,day_ahead_price,value,2026-06-05T07:47:19Z
2026-06-05T07:46:33Z,2026-06-05T09:46:33+0200,a4488497-2a44-4b02-8cf3-b5300ead3675,2026-05-21T03:15:00Z,2026-05-21T05:15:00+0200,90.0,EUR/MWh,FR,FR,day_ahead_price,value,2026-06-05T07:47:19Z
2026-06-05T07:46:33Z,2026-06-05T09:46:33+0200,a4488497-2a44-4b02-8cf3-b5300ead3675,2026-05-21T03:30:00Z,2026-05-21T05:30:00+0200,94.81,EUR/MWh,FR,FR,day_ahead_price,value,2026-06-05T07:47:19Z
2026-06-05T07:46:33Z,2026-06-05T09:46:33+0200,a4488497-2a44-4b02-8cf3-b5300ead3675,2026-05-21T03:45:00Z,2026-05-21T05:45:00+0200,96.57,EUR/MWh,FR,FR,day_ahead_price,value,2026-06-05T07:47:19Z
2026-06-05T07:46:33Z,2026-06-05T09:46:33+0200,a4488497-2a44-4b02-8cf3-b5300ead3675,2026-05-21T04:00:00Z,2026-05-21T06:00:00+0200,93.17,EUR/MWh,FR,FR,day_ahead_price,value,2026-06-05T07:47:19Z
2026-06-05T07:46:33Z,2026-06-05T09:46:33+0200,a4488497-2a44-4b02-8cf3-b5300ead3675,2026-05-21T04:15:00Z,2026-05-21T06:15:00+0200,98.74,EUR/MWh,FR,FR,day_ahead_price,value,2026-06-05T07:47:19Z
2026-06-05T07:46:33Z,2026-06-05T09:46:33+0200,a4488497-2a44-4b02-8cf3-b5300ead3675,2026-05-21T04:30:00Z,2026-05-21T06:30:00+0200,98.59,EUR/MWh,FR,FR,day_ahead_price,value,2026-06-05T07:47:19Z
2026-06-05T07:46:33Z,2026-06-05T09:46:33+0200,a4488497-2a44-4b02-8cf3-b5300ead3675,2026-05-21T04:45:00Z,2026-05-21T06:45:00+0200,99.04,EUR/MWh,FR,FR,day_ahead_price,value,2026-06-05T07:47:19Z
2026-06-05T07:46:33Z,2026-06-05T09:46:33+0200,a4488497-2a44-4b02-8cf3-b5300ead3675,2026-05-21T05:00:00Z,2026-05-21T07:00:00+0200,116.42,EUR/MWh,FR,FR,day_ahead_price,value,2026-06-05T07:47:19Z
2026-06-05T07:46:33Z,2026-06-05T09:46:33+0200,a4488497-2a44-4b02-8cf3-b5300ead3675,2026-05-21T05:15:00Z,2026-05-21T07:15:00+0200,113.59,EUR/MWh,FR,FR,day_ahead_price,value,2026-06-05T07:47:19Z
2026-06-05T07:46:33Z,2026-06-05T09:46:33+0200,a4488497-2a44-4b02-8cf3-b5300ead3675,2026-05-21T05:30:00Z,2026-05-21T07:30:00+0200,105.0,EUR/MWh,FR,FR,day_ahead_price,value,2026-06-05T07:47:19Z
2026-06-05T07:46:33Z,2026-06-05T09:46:33+0200,a4488497-2a44-4b02-8cf3-b5300ead3675,2026-05-21T05:45:00Z,2026-05-21T07:45:00+0200,90.0,EUR/MWh,FR,FR,day_ahead_price,value,2026-06-05T07:47:19Z
2026-06-05T07:46:33Z,2026-06-05T09:46:33+0200,a4488497-2a44-4b02-8cf3-b5300ead3675,2026-05-21T06:00:00Z,2026-05-21T08:00:00+0200,102.99,EUR/MWh,FR,FR,day_ahead_price,value,2026-06-05T07:47:19Z
2026-06-05T07:46:33Z,2026-06-05T09:46:33+0200,a4488497-2a44-4b02-8cf3-b5300ead3675,2026-05-21T06:15:00Z,2026-05-21T08:15:00+0200,86.82,EUR/MWh,FR,FR,day_ahead_price,value,2026-06-05T07:47:19Z
2026-06-05T07:46:33Z,2026-06-05T09:46:33+0200,a4488497-2a44-4b02-8cf3-b5300ead3675,2026-05-21T06:30:00Z,2026-05-21T08:30:00+0200,80.3,EUR/MWh,FR,FR,day_ahead_price,value,2026-06-05T07:47:19Z
2026-06-05T07:46:33Z,2026-06-05T09:46:33+0200,a4488497-2a44-4b02-8cf3-b5300ead3675,2026-05-21T06:45:00Z,2026-05-21T08:45:00+0200,43.32,EUR/MWh,FR,FR,day_ahead_price,value,2026-06-05T07:47:19Z
2026-06-05T07:46:33Z,2026-06-05T09:46:33+0200,a4488497-2a44-4b02-8cf3-b5300ead3675,2026-05-21T07:00:00Z,2026-05-21T09:00:00+0200,43.71,EUR/MWh,FR,FR,day_ahead_price,value,2026-06-05T07:47:19Z
2026-06-05T07:46:33Z,2026-06-05T09:46:33+0200,a4488497-2a44-4b02-8cf3-b5300ead3675,2026-05-21T07:15:00Z,2026-05-21T09:15:00+0200,15.96,EUR/MWh,FR,FR,day_ahead_price,value,2026-06-05T07:47:19Z
2026-06-05T07:46:33Z,2026-06-05T09:46:33+0200,a4488497-2a44-4b02-8cf3-b5300ead3675,2026-05-21T07:30:00Z,2026-05-21T09:30:00+0200,0.84,EUR/MWh,FR,FR,day_ahead_price,value,2026-06-05T07:47:19Z
2026-06-05T07:46:33Z,2026-06-05T09:46:33+0200,a4488497-2a44-4b02-8cf3-b5300ead3675,2026-05-21T07:45:00Z,2026-05-21T09:45:00+0200,0.0,EUR/MWh,FR,FR,day_ahead_price,value,2026-06-05T07:47:19Z
2026-06-05T07:46:33Z,2026-06-05T09:46:33+0200,a4488497-2a44-4b02-8cf3-b5300ead3675,2026-05-21T08:00:00Z,2026-05-21T10:00:00+0200,0.01,EUR/MWh,FR,FR,day_ahead_price,value,2026-06-05T07:47:19Z
2026-06-05T07:46:33Z,2026-06-05T09:46:33+0200,a4488497-2a44-4b02-8cf3-b5300ead3675,2026-05-21T08:15:00Z,2026-05-21T10:15:00+0200,0.0,EUR/MWh,FR,FR,day_ahead_price,value,2026-06-05T07:47:19Z
2026-06-05T07:46:33Z,2026-06-05T09:46:33+0200,a4488497-2a44-4b02-8cf3-b5300ead3675,2026-05-21T08:30:00Z,2026-05-21T10:30:00+0200,0.0,EUR/MWh,FR,FR,day_ahead_price,value,2026-06-05T07:47:19Z
2026-06-05T07:46:33Z,2026-06-05T09:46:33+0200,a4488497-2a44-4b02-8cf3-b5300ead3675,2026-05-21T08:45:00Z,2026-05-21T10:45:00+0200,-0.01,EUR/MWh,FR,FR,day_ahead_price,value,2026-06-05T07:47:19Z
2026-06-05T07:46:33Z,2026-06-05T09:46:33+0200,a4488497-2a44-4b02-8cf3-b5300ead3675,2026-05-21T09:00:00Z,2026-05-21T11:00:00+0200,-0.01,EUR/MWh,FR,FR,day_ahead_price,value,2026-06-05T07:47:19Z
2026-06-05T07:46:33Z,2026-06-05T09:46:33+0200,a4488497-2a44-4b02-8cf3-b5300ead3675,2026-05-21T09:15:00Z,2026-05-21T11:15:00+0200,-0.01,EUR/MWh,FR,FR,day_ahead_price,value,2026-06-05T07:47:19Z
2026-06-05T07:46:33Z,2026-06-05T09:46:33+0200,a4488497-2a44-4b02-8cf3-b5300ead3675,2026-05-21T09:30:00Z,2026-05-21T11:30:00+0200,-0.01,EUR/MWh,FR,FR,day_ahead_price,value,2026-06-05T07:47:19Z
2026-06-05T07:46:33Z,2026-06-05T09:46:33+0200,a4488497-2a44-4b02-8cf3-b5300ead3675,2026-05-21T09:45:00Z,2026-05-21T11:45:00+0200,-0.01,EUR/MWh,FR,FR,day_ahead_price,value,2026-06-05T07:47:19Z
2026-06-05T07:46:33Z,2026-06-05T09:46:33+0200,a4488497-2a44-4b02-8cf3-b5300ead3675,2026-05-21T10:00:00Z,2026-05-21T12:00:00+0200,0.0,EUR/MWh,FR,FR,day_ahead_price,value,2026-06-05T07:47:19Z
2026-06-05T07:46:33Z,2026-06-05T09:46:33+0200,a4488497-2a44-4b02-8cf3-b5300ead3675,2026-05-21T10:15:00Z,2026-05-21T12:15:00+0200,0.0,EUR/MWh,FR,FR,day_ahead_price,value,2026-06-05T07:47:19Z
2026-06-05T07:46:33Z,2026-06-05T09:46:33+0200,a4488497-2a44-4b02-8cf3-b5300ead3675,2026-05-21T10:30:00Z,2026-05-21T12:30:00+0200,0.0,EUR/MWh,FR,FR,day_ahead_price,value,2026-06-05T07:47:19Z
2026-06-05T07:46:33Z,2026-06-05T09:46:33+0200,a4488497-2a44-4b02-8cf3-b5300ead3675,2026-05-21T10:45:00Z,2026-05-21T12:45:00+0200,0.0,EUR/MWh,FR,FR,day_ahead_price,value,2026-06-05T07:47:19Z
2026-06-05T07:46:33Z,2026-06-05T09:46:33+0200,a4488497-2a44-4b02-8cf3-b5300ead3675,2026-05-21T11:00:00Z,2026-05-21T13:00:00+0200,-0.01,EUR/MWh,FR,FR,day_ahead_price,value,2026-06-05T07:47:19Z
2026-06-05T07:46:33Z,2026-06-05T09:46:33+0200,a4488497-2a44-4b02-8cf3-b5300ead3675,2026-05-21T11:15:00Z,2026-05-21T13:15:00+0200,-0.01,EUR/MWh,FR,FR,day_ahead_price,value,2026-06-05T07:47:19Z
2026-06-05T07:46:33Z,2026-06-05T09:46:33+0200,a4488497-2a44-4b02-8cf3-b5300ead3675,2026-05-21T11:30:00Z,2026-05-21T13:30:00+0200,-0.01,EUR/MWh,FR,FR,day_ahead_price,value,2026-06-05T07:47:19Z
2026-06-05T07:46:33Z,2026-06-05T09:46:33+0200,a4488497-2a44-4b02-8cf3-b5300ead3675,2026-05-21T11:45:00Z,2026-05-21T13:45:00+0200,-0.01,EUR/MWh,FR,FR,day_ahead_price,value,2026-06-05T07:47:19Z
2026-06-05T07:46:33Z,2026-06-05T09:46:33+0200,a4488497-2a44-4b02-8cf3-b5300ead3675,2026-05-21T12:00:00Z,2026-05-21T14:00:00+0200,-0.01,EUR/MWh,FR,FR,day_ahead_price,value,2026-06-05T07:47:19Z
2026-06-05T07:46:33Z,2026-06-05T09:46:33+0200,a4488497-2a44-4b02-8cf3-b5300ead3675,2026-05-21T12:15:00Z,2026-05-21T14:15:00+0200,-0.01,EUR/MWh,FR,FR,day_ahead_price,value,2026-06-05T07:47:19Z
2026-06-05T07:46:33Z,2026-06-05T09:46:33+0200,a4488497-2a44-4b02-8cf3-b5300ead3675,2026-05-21T12:30:00Z,2026-05-21T14:30:00+0200,-0.01,EUR/MWh,FR,FR,day_ahead_price,value,2026-06-05T07:47:19Z
2026-06-05T07:46:33Z,2026-06-05T09:46:33+0200,a4488497-2a44-4b02-8cf3-b5300ead3675,2026-05-21T12:45:00Z,2026-05-21T14:45:00+0200,-0.01,EUR/MWh,FR,FR,day_ahead_price,value,2026-06-05T07:47:19Z
2026-06-05T07:46:33Z,2026-06-05T09:46:33+0200,a4488497-2a44-4b02-8cf3-b5300ead3675,2026-05-21T13:00:00Z,2026-05-21T15:00:00+0200,-0.01,EUR/MWh,FR,FR,day_ahead_price,value,2026-06-05T07:47:19Z
2026-06-05T07:46:33Z,2026-06-05T09:46:33+0200,a4488497-2a44-4b02-8cf3-b5300ead3675,2026-05-21T13:15:00Z,2026-05-21T15:15:00+0200,-0.01,EUR/MWh,FR,FR,day_ahead_price,value,2026-06-05T07:47:19Z
2026-06-05T07:46:33Z,2026-06-05T09:46:33+0200,a4488497-2a44-4b02-8cf3-b5300ead3675,2026-05-21T13:30:00Z,2026-05-21T15:30:00+0200,-0.01,EUR/MWh,FR,FR,day_ahead_price,value,2026-06-05T07:47:19Z
2026-06-05T07:46:33Z,2026-06-05T09:46:33+0200,a4488497-2a44-4b02-8cf3-b5300ead3675,2026-05-21T13:45:00Z,2026-05-21T15:45:00+0200,-0.01,EUR/MWh,FR,FR,day_ahead_price,value,2026-06-05T07:47:19Z
2026-06-05T07:46:33Z,2026-06-05T09:46:33+0200,a4488497-2a44-4b02-8cf3-b5300ead3675,2026-05-21T14:00:00Z,2026-05-21T16:00:00+0200,-0.01,EUR/MWh,FR,FR,day_ahead_price,value,2026-06-05T07:47:19Z
2026-06-05T07:46:33Z,2026-06-05T09:46:33+0200,a4488497-2a44-4b02-8cf3-b5300ead3675,2026-05-21T14:15:00Z,2026-05-21T16:15:00+0200,-0.01,EUR/MWh,FR,FR,day_ahead_price,value,2026-06-05T07:47:19Z
2026-06-05T07:46:33Z,2026-06-05T09:46:33+0200,a4488497-2a44-4b02-8cf3-b5300ead3675,2026-05-21T14:30:00Z,2026-05-21T16:30:00+0200,-0.01,EUR/MWh,FR,FR,day_ahead_price,value,2026-06-05T07:47:19Z
2026-06-05T07:46:33Z,2026-06-05T09:46:33+0200,a4488497-2a44-4b02-8cf3-b5300ead3675,2026-05-21T14:45:00Z,2026-05-21T16:45:00+0200,-0.01,EUR/MWh,FR,FR,day_ahead_price,value,2026-06-05T07:47:19Z
2026-06-05T07:46:33Z,2026-06-05T09:46:33+0200,a4488497-2a44-4b02-8cf3-b5300ead3675,2026-05-21T15:00:00Z,2026-05-21T17:00:00+0200,-0.01,EUR/MWh,FR,FR,day_ahead_price,value,2026-06-05T07:47:19Z
2026-06-05T07:46:33Z,2026-06-05T09:46:33+0200,a4488497-2a44-4b02-8cf3-b5300ead3675,2026-05-21T15:15:00Z,2026-05-21T17:15:00+0200,0.0,EUR/MWh,FR,FR,day_ahead_price,value,2026-06-05T07:47:19Z
2026-06-05T07:46:33Z,2026-06-05T09:46:33+0200,a4488497-2a44-4b02-8cf3-b5300ead3675,2026-05-21T15:30:00Z,2026-05-21T17:30:00+0200,0.0,EUR/MWh,FR,FR,day_ahead_price,value,2026-06-05T07:47:19Z
2026-06-05T07:46:33Z,2026-06-05T09:46:33+0200,a4488497-2a44-4b02-8cf3-b5300ead3675,2026-05-21T15:45:00Z,2026-05-21T17:45:00+0200,0.09,EUR/MWh,FR,FR,day_ahead_price,value,2026-06-05T07:47:19Z
2026-06-05T07:46:33Z,2026-06-05T09:46:33+0200,a4488497-2a44-4b02-8cf3-b5300ead3675,2026-05-21T16:00:00Z,2026-05-21T18:00:00+0200,0.84,EUR/MWh,FR,FR,day_ahead_price,value,2026-06-05T07:47:19Z
2026-06-05T07:46:33Z,2026-06-05T09:46:33+0200,a4488497-2a44-4b02-8cf3-b5300ead3675,2026-05-21T16:15:00Z,2026-05-21T18:15:00+0200,49.89,EUR/MWh,FR,FR,day_ahead_price,value,2026-06-05T07:47:19Z
2026-06-05T07:46:33Z,2026-06-05T09:46:33+0200,a4488497-2a44-4b02-8cf3-b5300ead3675,2026-05-21T16:30:00Z,2026-05-21T18:30:00+0200,50.01,EUR/MWh,FR,FR,day_ahead_price,value,2026-06-05T07:47:19Z
2026-06-05T07:46:33Z,2026-06-05T09:46:33+0200,a4488497-2a44-4b02-8cf3-b5300ead3675,2026-05-21T16:45:00Z,2026-05-21T18:45:00+0200,89.03,EUR/MWh,FR,FR,day_ahead_price,value,2026-06-05T07:47:19Z
2026-06-05T07:46:33Z,2026-06-05T09:46:33+0200,a4488497-2a44-4b02-8cf3-b5300ead3675,2026-05-21T17:00:00Z,2026-05-21T19:00:00+0200,80.83,EUR/MWh,FR,FR,day_ahead_price,value,2026-06-05T07:47:19Z
2026-06-05T07:46:33Z,2026-06-05T09:46:33+0200,a4488497-2a44-4b02-8cf3-b5300ead3675,2026-05-21T17:15:00Z,2026-05-21T19:15:00+0200,83.4,EUR/MWh,FR,FR,day_ahead_price,value,2026-06-05T07:47:19Z
2026-06-05T07:46:33Z,2026-06-05T09:46:33+0200,a4488497-2a44-4b02-8cf3-b5300ead3675,2026-05-21T17:30:00Z,2026-05-21T19:30:00+0200,81.02,EUR/MWh,FR,FR,day_ahead_price,value,2026-06-05T07:47:19Z
2026-06-05T07:46:33Z,2026-06-05T09:46:33+0200,a4488497-2a44-4b02-8cf3-b5300ead3675,2026-05-21T17:45:00Z,2026-05-21T19:45:00+0200,107.64,EUR/MWh,FR,FR,day_ahead_price,value,2026-06-05T07:47:19Z
2026-06-05T07:46:33Z,2026-06-05T09:46:33+0200,a4488497-2a44-4b02-8cf3-b5300ead3675,2026-05-21T18:00:00Z,2026-05-21T20:00:00+0200,81.5,EUR/MWh,FR,FR,day_ahead_price,value,2026-06-05T07:47:19Z
2026-06-05T07:46:33Z,2026-06-05T09:46:33+0200,a4488497-2a44-4b02-8cf3-b5300ead3675,2026-05-21T18:15:00Z,2026-05-21T20:15:00+0200,99.4,EUR/MWh,FR,FR,day_ahead_price,value,2026-06-05T07:47:19Z
2026-06-05T07:46:33Z,2026-06-05T09:46:33+0200,a4488497-2a44-4b02-8cf3-b5300ead3675,2026-05-21T18:30:00Z,2026-05-21T20:30:00+0200,112.47,EUR/MWh,FR,FR,day_ahead_price,value,2026-06-05T07:47:19Z
2026-06-05T07:46:33Z,2026-06-05T09:46:33+0200,a4488497-2a44-4b02-8cf3-b5300ead3675,2026-05-21T18:45:00Z,2026-05-21T20:45:00+0200,119.44,EUR/MWh,FR,FR,day_ahead_price,value,2026-06-05T07:47:19Z
2026-06-05T07:46:33Z,2026-06-05T09:46:33+0200,a4488497-2a44-4b02-8cf3-b5300ead3675,2026-05-21T19:00:00Z,2026-05-21T21:00:00+0200,120.9,EUR/MWh,FR,FR,day_ahead_price,value,2026-06-05T07:47:19Z
2026-06-05T07:46:33Z,2026-06-05T09:46:33+0200,a4488497-2a44-4b02-8cf3-b5300ead3675,2026-05-21T19:15:00Z,2026-05-21T21:15:00+0200,123.87,EUR/MWh,FR,FR,day_ahead_price,value,2026-06-05T07:47:19Z
2026-06-05T07:46:33Z,2026-06-05T09:46:33+0200,a4488497-2a44-4b02-8cf3-b5300ead3675,2026-05-21T19:30:00Z,2026-05-21T21:30:00+0200,125.01,EUR/MWh,FR,FR,day_ahead_price,value,2026-06-05T07:47:19Z
2026-06-05T07:46:33Z,2026-06-05T09:46:33+0200,a4488497-2a44-4b02-8cf3-b5300ead3675,2026-05-21T19:45:00Z,2026-05-21T21:45:00+0200,123.01,EUR/MWh,FR,FR,day_ahead_price,value,2026-06-05T07:47:19Z
2026-06-05T07:46:33Z,2026-06-05T09:46:33+0200,a4488497-2a44-4b02-8cf3-b5300ead3675,2026-05-21T20:00:00Z,2026-05-21T22:00:00+0200,122.69,EUR/MWh,FR,FR,day_ahead_price,value,2026-06-05T07:47:19Z
2026-06-05T07:46:33Z,2026-06-05T09:46:33+0200,a4488497-2a44-4b02-8cf3-b5300ead3675,2026-05-21T20:15:00Z,2026-05-21T22:15:00+0200,120.01,EUR/MWh,FR,FR,day_ahead_price,value,2026-06-05T07:47:19Z
2026-06-05T07:46:33Z,2026-06-05T09:46:33+0200,a4488497-2a44-4b02-8cf3-b5300ead3675,2026-05-21T20:30:00Z,2026-05-21T22:30:00+0200,119.44,EUR/MWh,FR,FR,day_ahead_price,value,2026-06-05T07:47:19Z
2026-06-05T07:46:33Z,2026-06-05T09:46:33+0200,a4488497-2a44-4b02-8cf3-b5300ead3675,2026-05-21T20:45:00Z,2026-05-21T22:45:00+0200,116.04,EUR/MWh,FR,FR,day_ahead_price,value,2026-06-05T07:47:19Z
2026-06-05T07:46:33Z,2026-06-05T09:46:33+0200,a4488497-2a44-4b02-8cf3-b5300ead3675,2026-05-21T21:00:00Z,2026-05-21T23:00:00+0200,110.0,EUR/MWh,FR,FR,day_ahead_price,value,2026-06-05T07:47:19Z
2026-06-05T07:46:33Z,2026-06-05T09:46:33+0200,a4488497-2a44-4b02-8cf3-b5300ead3675,2026-05-21T21:15:00Z,2026-05-21T23:15:00+0200,104.1,EUR/MWh,FR,FR,day_ahead_price,value,2026-06-05T07:47:19Z
2026-06-05T07:46:33Z,2026-06-05T09:46:33+0200,a4488497-2a44-4b02-8cf3-b5300ead3675,2026-05-21T21:30:00Z,2026-05-21T23:30:00+0200,104.1,EUR/MWh,FR,FR,day_ahead_price,value,2026-06-05T07:47:19Z
2026-06-05T07:46:33Z,2026-06-05T09:46:33+0200,a4488497-2a44-4b02-8cf3-b5300ead3675,2026-05-21T21:45:00Z,2026-05-21T23:45:00+0200,96.72,EUR/MWh,FR,FR,day_ahead_price,value,2026-06-05T07:47:19Z
2026-06-05T07:46:33Z,2026-06-05T09:46:33+0200,a4488497-2a44-4b02-8cf3-b5300ead3675,2026-05-21T22:00:00Z,2026-05-22T00:00:00+0200,120.0,EUR/MWh,FR,FR,day_ahead_price,value,2026-06-05T07:47:19Z
2026-06-05T07:46:33Z,2026-06-05T09:46:33+0200,a4488497-2a44-4b02-8cf3-b5300ead3675,2026-05-21T22:15:00Z,2026-05-22T00:15:00+0200,116.04,EUR/MWh,FR,FR,day_ahead_price,value,2026-06-05T07:47:19Z
2026-06-05T07:46:33Z,2026-06-05T09:46:33+0200,a4488497-2a44-4b02-8cf3-b5300ead3675,2026-05-21T22:30:00Z,2026-05-22T00:30:00+0200,109.23,EUR/MWh,FR,FR,day_ahead_price,value,2026-06-05T07:47:19Z
2026-06-05T07:46:33Z,2026-06-05T09:46:33+0200,a4488497-2a44-4b02-8cf3-b5300ead3675,2026-05-21T22:45:00Z,2026-05-22T00:45:00+0200,96.17,EUR/MWh,FR,FR,day_ahead_price,value,2026-06-05T07:47:19Z
2026-06-05T07:46:33Z,2026-06-05T09:46:33+0200,a4488497-2a44-4b02-8cf3-b5300ead3675,2026-05-21T23:00:00Z,2026-05-22T01:00:00+0200,105.87,EUR/MWh,FR,FR,day_ahead_price,value,2026-06-05T07:47:19Z
2026-06-05T07:46:33Z,2026-06-05T09:46:33+0200,a4488497-2a44-4b02-8cf3-b5300ead3675,2026-05-21T23:15:00Z,2026-05-22T01:15:00+0200,99.0,EUR/MWh,FR,FR,day_ahead_price,value,2026-06-05T07:47:19Z
2026-06-05T07:46:33Z,2026-06-05T09:46:33+0200,a4488497-2a44-4b02-8cf3-b5300ead3675,2026-05-21T23:30:00Z,2026-05-22T01:30:00+0200,95.82,EUR/MWh,FR,FR,day_ahead_price,value,2026-06-05T07:47:19Z
2026-06-05T07:46:33Z,2026-06-05T09:46:33+0200,a4488497-2a44-4b02-8cf3-b5300ead3675,2026-05-21T23:45:00Z,2026-05-22T01:45:00+0200,90.69,EUR/MWh,FR,FR,day_ahead_price,value,2026-06-05T07:47:19Z
2026-06-05T07:46:33Z,2026-06-05T09:46:33+0200,a4488497-2a44-4b02-8cf3-b5300ead3675,2026-05-22T00:00:00Z,2026-05-22T02:00:00+0200,90.69,EUR/MWh,FR,FR,day_ahead_price,value,2026-06-05T07:47:19Z
2026-06-05T07:46:33Z,2026-06-05T09:46:33+0200,a4488497-2a44-4b02-8cf3-b5300ead3675,2026-05-22T00:15:00Z,2026-05-22T02:15:00+0200,85.1,EUR/MWh,FR,FR,day_ahead_price,value,2026-06-05T07:47:19Z
2026-06-05T07:46:33Z,2026-06-05T09:46:33+0200,a4488497-2a44-4b02-8cf3-b5300ead3675,2026-05-22T00:30:00Z,2026-05-22T02:30:00+0200,81.56,EUR/MWh,FR,FR,day_ahead_price,value,2026-06-05T07:47:19Z
2026-06-05T07:46:33Z,2026-06-05T09:46:33+0200,a4488497-2a44-4b02-8cf3-b5300ead3675,2026-05-22T00:45:00Z,2026-05-22T02:45:00+0200,80.36,EUR/MWh,FR,FR,day_ahead_price,value,2026-06-05T07:47:19Z
2026-06-05T07:46:33Z,2026-06-05T09:46:33+0200,a4488497-2a44-4b02-8cf3-b5300ead3675,2026-05-22T01:00:00Z,2026-05-22T03:00:00+0200,85.0,EUR/MWh,FR,FR,day_ahead_price,value,2026-06-05T07:47:19Z
2026-06-05T07:46:33Z,2026-06-05T09:46:33+0200,a4488497-2a44-4b02-8cf3-b5300ead3675,2026-05-22T01:15:00Z,2026-05-22T03:15:00+0200,81.56,EUR/MWh,FR,FR,day_ahead_price,value,2026-06-05T07:47:19Z
2026-06-05T07:46:33Z,2026-06-05T09:46:33+0200,a4488497-2a44-4b02-8cf3-b5300ead3675,2026-05-22T01:30:00Z,2026-05-22T03:30:00+0200,81.56,EUR/MWh,FR,FR,day_ahead_price,value,2026-06-05T07:47:19Z
2026-06-05T07:46:33Z,2026-06-05T09:46:33+0200,a4488497-2a44-4b02-8cf3-b5300ead3675,2026-05-22T01:45:00Z,2026-05-22T03:45:00+0200,80.36,EUR/MWh,FR,FR,day_ahead_price,value,2026-06-05T07:47:19Z
2026-06-05T07:46:33Z,2026-06-05T09:46:33+0200,a4488497-2a44-4b02-8cf3-b5300ead3675,2026-05-22T02:00:00Z,2026-05-22T04:00:00+0200,81.56,EUR/MWh,FR,FR,day_ahead_price,value,2026-06-05T07:47:19Z
2026-06-05T07:46:33Z,2026-06-05T09:46:33+0200,a4488497-2a44-4b02-8cf3-b5300ead3675,2026-05-22T02:15:00Z,2026-05-22T04:15:00+0200,80.84,EUR/MWh,FR,FR,day_ahead_price,value,2026-06-05T07:47:19Z
2026-06-05T07:46:33Z,2026-06-05T09:46:33+0200,a4488497-2a44-4b02-8cf3-b5300ead3675,2026-05-22T02:30:00Z,2026-05-22T04:30:00+0200,81.56,EUR/MWh,FR,FR,day_ahead_price,value,2026-06-05T07:47:19Z
2026-06-05T07:46:33Z,2026-06-05T09:46:33+0200,a4488497-2a44-4b02-8cf3-b5300ead3675,2026-05-22T02:45:00Z,2026-05-22T04:45:00+0200,83.14,EUR/MWh,FR,FR,day_ahead_price,value,2026-06-05T07:47:19Z
2026-06-05T07:46:33Z,2026-06-05T09:46:33+0200,a4488497-2a44-4b02-8cf3-b5300ead3675,2026-05-22T03:00:00Z,2026-05-22T05:00:00+0200,83.14,EUR/MWh,FR,FR,day_ahead_price,value,2026-06-05T07:47:19Z
2026-06-05T07:46:33Z,2026-06-05T09:46:33+0200,a4488497-2a44-4b02-8cf3-b5300ead3675,2026-05-22T03:15:00Z,2026-05-22T05:15:00+0200,85.3,EUR/MWh,FR,FR,day_ahead_price,value,2026-06-05T07:47:19Z
2026-06-05T07:46:33Z,2026-06-05T09:46:33+0200,a4488497-2a44-4b02-8cf3-b5300ead3675,2026-05-22T03:30:00Z,2026-05-22T05:30:00+0200,88.87,EUR/MWh,FR,FR,day_ahead_price,value,2026-06-05T07:47:19Z
2026-06-05T07:46:33Z,2026-06-05T09:46:33+0200,a4488497-2a44-4b02-8cf3-b5300ead3675,2026-05-22T03:45:00Z,2026-05-22T05:45:00+0200,95.57,EUR/MWh,FR,FR,day_ahead_price,value,2026-06-05T07:47:19Z
2026-06-05T07:46:33Z,2026-06-05T09:46:33+0200,a4488497-2a44-4b02-8cf3-b5300ead3675,2026-05-22T04:00:00Z,2026-05-22T06:00:00+0200,95.72,EUR/MWh,FR,FR,day_ahead_price,value,2026-06-05T07:47:19Z
2026-06-05T07:46:33Z,2026-06-05T09:46:33+0200,a4488497-2a44-4b02-8cf3-b5300ead3675,2026-05-22T04:15:00Z,2026-05-22T06:15:00+0200,97.62,EUR/MWh,FR,FR,day_ahead_price,value,2026-06-05T07:47:19Z
2026-06-05T07:46:33Z,2026-06-05T09:46:33+0200,a4488497-2a44-4b02-8cf3-b5300ead3675,2026-05-22T04:30:00Z,2026-05-22T06:30:00+0200,105.02,EUR/MWh,FR,FR,day_ahead_price,value,2026-06-05T07:47:19Z
2026-06-05T07:46:33Z,2026-06-05T09:46:33+0200,a4488497-2a44-4b02-8cf3-b5300ead3675,2026-05-22T04:45:00Z,2026-05-22T06:45:00+0200,109.88,EUR/MWh,FR,FR,day_ahead_price,value,2026-06-05T07:47:19Z
2026-06-05T07:46:33Z,2026-06-05T09:46:33+0200,a4488497-2a44-4b02-8cf3-b5300ead3675,2026-05-22T05:00:00Z,2026-05-22T07:00:00+0200,115.89,EUR/MWh,FR,FR,day_ahead_price,value,2026-06-05T07:47:19Z
2026-06-05T07:46:33Z,2026-06-05T09:46:33+0200,a4488497-2a44-4b02-8cf3-b5300ead3675,2026-05-22T05:15:00Z,2026-05-22T07:15:00+0200,110.57,EUR/MWh,FR,FR,day_ahead_price,value,2026-06-05T07:47:19Z
2026-06-05T07:46:33Z,2026-06-05T09:46:33+0200,a4488497-2a44-4b02-8cf3-b5300ead3675,2026-05-22T05:30:00Z,2026-05-22T07:30:00+0200,102.0,EUR/MWh,FR,FR,day_ahead_price,value,2026-06-05T07:47:19Z
2026-06-05T07:46:33Z,2026-06-05T09:46:33+0200,a4488497-2a44-4b02-8cf3-b5300ead3675,2026-05-22T05:45:00Z,2026-05-22T07:45:00+0200,89.02,EUR/MWh,FR,FR,day_ahead_price,value,2026-06-05T07:47:19Z
2026-06-05T07:46:33Z,2026-06-05T09:46:33+0200,a4488497-2a44-4b02-8cf3-b5300ead3675,2026-05-22T06:00:00Z,2026-05-22T08:00:00+0200,106.47,EUR/MWh,FR,FR,day_ahead_price,value,2026-06-05T07:47:19Z
2026-06-05T07:46:33Z,2026-06-05T09:46:33+0200,a4488497-2a44-4b02-8cf3-b5300ead3675,2026-05-22T06:15:00Z,2026-05-22T08:15:00+0200,85.44,EUR/MWh,FR,FR,day_ahead_price,value,2026-06-05T07:47:19Z
2026-06-05T07:46:33Z,2026-06-05T09:46:33+0200,a4488497-2a44-4b02-8cf3-b5300ead3675,2026-05-22T06:30:00Z,2026-05-22T08:30:00+0200,71.44,EUR/MWh,FR,FR,day_ahead_price,value,2026-06-05T07:47:19Z
2026-06-05T07:46:33Z,2026-06-05T09:46:33+0200,a4488497-2a44-4b02-8cf3-b5300ead3675,2026-05-22T06:45:00Z,2026-05-22T08:45:00+0200,38.12,EUR/MWh,FR,FR,day_ahead_price,value,2026-06-05T07:47:19Z
2026-06-05T07:46:33Z,2026-06-05T09:46:33+0200,a4488497-2a44-4b02-8cf3-b5300ead3675,2026-05-22T07:00:00Z,2026-05-22T09:00:00+0200,45.27,EUR/MWh,FR,FR,day_ahead_price,value,2026-06-05T07:47:19Z
2026-06-05T07:46:33Z,2026-06-05T09:46:33+0200,a4488497-2a44-4b02-8cf3-b5300ead3675,2026-05-22T07:15:00Z,2026-05-22T09:15:00+0200,30.33,EUR/MWh,FR,FR,day_ahead_price,value,2026-06-05T07:47:19Z
2026-06-05T07:46:33Z,2026-06-05T09:46:33+0200,a4488497-2a44-4b02-8cf3-b5300ead3675,2026-05-22T07:30:00Z,2026-05-22T09:30:00+0200,15.26,EUR/MWh,FR,FR,day_ahead_price,value,2026-06-05T07:47:19Z
2026-06-05T07:46:33Z,2026-06-05T09:46:33+0200,a4488497-2a44-4b02-8cf3-b5300ead3675,2026-05-22T07:45:00Z,2026-05-22T09:45:00+0200,1.82,EUR/MWh,FR,FR,day_ahead_price,value,2026-06-05T07:47:19Z
2026-06-05T07:46:33Z,2026-06-05T09:46:33+0200,a4488497-2a44-4b02-8cf3-b5300ead3675,2026-05-22T08:00:00Z,2026-05-22T10:00:00+0200,2.2,EUR/MWh,FR,FR,day_ahead_price,value,2026-06-05T07:47:19Z
2026-06-05T07:46:33Z,2026-06-05T09:46:33+0200,a4488497-2a44-4b02-8cf3-b5300ead3675,2026-05-22T08:15:00Z,2026-05-22T10:15:00+0200,0.84,EUR/MWh,FR,FR,day_ahead_price,value,2026-06-05T07:47:19Z
2026-06-05T07:46:33Z,2026-06-05T09:46:33+0200,a4488497-2a44-4b02-8cf3-b5300ead3675,2026-05-22T08:30:00Z,2026-05-22T10:30:00+0200,0.01,EUR/MWh,FR,FR,day_ahead_price,value,2026-06-05T07:47:19Z
2026-06-05T07:46:33Z,2026-06-05T09:46:33+0200,a4488497-2a44-4b02-8cf3-b5300ead3675,2026-05-22T08:45:00Z,2026-05-22T10:45:00+0200,0.0,EUR/MWh,FR,FR,day_ahead_price,value,2026-06-05T07:47:19Z
2026-06-05T07:46:33Z,2026-06-05T09:46:33+0200,a4488497-2a44-4b02-8cf3-b5300ead3675,2026-05-22T09:00:00Z,2026-05-22T11:00:00+0200,0.0,EUR/MWh,FR,FR,day_ahead_price,value,2026-06-05T07:47:19Z
2026-06-05T07:46:33Z,2026-06-05T09:46:33+0200,a4488497-2a44-4b02-8cf3-b5300ead3675,2026-05-22T09:15:00Z,2026-05-22T11:15:00+0200,0.0,EUR/MWh,FR,FR,day_ahead_price,value,2026-06-05T07:47:19Z
2026-06-05T07:46:33Z,2026-06-05T09:46:33+0200,a4488497-2a44-4b02-8cf3-b5300ead3675,2026-05-22T09:30:00Z,2026-05-22T11:30:00+0200,0.0,EUR/MWh,FR,FR,day_ahead_price,value,2026-06-05T07:47:19Z
2026-06-05T07:46:33Z,2026-06-05T09:46:33+0200,a4488497-2a44-4b02-8cf3-b5300ead3675,2026-05-22T09:45:00Z,2026-05-22T11:45:00+0200,0.0,EUR/MWh,FR,FR,day_ahead_price,value,2026-06-05T07:47:19Z
2026-06-05T07:46:33Z,2026-06-05T09:46:33+0200,a4488497-2a44-4b02-8cf3-b5300ead3675,2026-05-22T10:00:00Z,2026-05-22T12:00:00+0200,0.0,EUR/MWh,FR,FR,day_ahead_price,value,2026-06-05T07:47:19Z
2026-06-05T07:46:33Z,2026-06-05T09:46:33+0200,a4488497-2a44-4b02-8cf3-b5300ead3675,2026-05-22T10:15:00Z,2026-05-22T12:15:00+0200,0.0,EUR/MWh,FR,FR,day_ahead_price,value,2026-06-05T07:47:19Z
2026-06-05T07:46:33Z,2026-06-05T09:46:33+0200,a4488497-2a44-4b02-8cf3-b5300ead3675,2026-05-22T10:30:00Z,2026-05-22T12:30:00+0200,0.0,EUR/MWh,FR,FR,day_ahead_price,value,2026-06-05T07:47:19Z
2026-06-05T07:46:33Z,2026-06-05T09:46:33+0200,a4488497-2a44-4b02-8cf3-b5300ead3675,2026-05-22T10:45:00Z,2026-05-22T12:45:00+0200,-0.01,EUR/MWh,FR,FR,day_ahead_price,value,2026-06-05T07:47:19Z
2026-06-05T07:46:33Z,2026-06-05T09:46:33+0200,a4488497-2a44-4b02-8cf3-b5300ead3675,2026-05-22T11:00:00Z,2026-05-22T13:00:00+0200,-0.01,EUR/MWh,FR,FR,day_ahead_price,value,2026-06-05T07:47:19Z
2026-06-05T07:46:33Z,2026-06-05T09:46:33+0200,a4488497-2a44-4b02-8cf3-b5300ead3675,2026-05-22T11:15:00Z,2026-05-22T13:15:00+0200,-0.01,EUR/MWh,FR,FR,day_ahead_price,value,2026-06-05T07:47:19Z
2026-06-05T07:46:33Z,2026-06-05T09:46:33+0200,a4488497-2a44-4b02-8cf3-b5300ead3675,2026-05-22T11:30:00Z,2026-05-22T13:30:00+0200,-0.01,EUR/MWh,FR,FR,day_ahead_price,value,2026-06-05T07:47:19Z
2026-06-05T07:46:33Z,2026-06-05T09:46:33+0200,a4488497-2a44-4b02-8cf3-b5300ead3675,2026-05-22T11:45:00Z,2026-05-22T13:45:00+0200,-0.01,EUR/MWh,FR,FR,day_ahead_price,value,2026-06-05T07:47:19Z
2026-06-05T07:46:33Z,2026-06-05T09:46:33+0200,a4488497-2a44-4b02-8cf3-b5300ead3675,2026-05-22T12:00:00Z,2026-05-22T14:00:00+0200,-0.01,EUR/MWh,FR,FR,day_ahead_price,value,2026-06-05T07:47:19Z
2026-06-05T07:46:33Z,2026-06-05T09:46:33+0200,a4488497-2a44-4b02-8cf3-b5300ead3675,2026-05-22T12:15:00Z,2026-05-22T14:15:00+0200,-0.01,EUR/MWh,FR,FR,day_ahead_price,value,2026-06-05T07:47:19Z
2026-06-05T07:46:33Z,2026-06-05T09:46:33+0200,a4488497-2a44-4b02-8cf3-b5300ead3675,2026-05-22T12:30:00Z,2026-05-22T14:30:00+0200,-0.01,EUR/MWh,FR,FR,day_ahead_price,value,2026-06-05T07:47:19Z
2026-06-05T07:46:33Z,2026-06-05T09:46:33+0200,a4488497-2a44-4b02-8cf3-b5300ead3675,2026-05-22T12:45:00Z,2026-05-22T14:45:00+0200,-0.01,EUR/MWh,FR,FR,day_ahead_price,value,2026-06-05T07:47:19Z
2026-06-05T07:46:33Z,2026-06-05T09:46:33+0200,a4488497-2a44-4b02-8cf3-b5300ead3675,2026-05-22T13:00:00Z,2026-05-22T15:00:00+0200,-0.01,EUR/MWh,FR,FR,day_ahead_price,value,2026-06-05T07:47:19Z
2026-06-05T07:46:33Z,2026-06-05T09:46:33+0200,a4488497-2a44-4b02-8cf3-b5300ead3675,2026-05-22T13:15:00Z,2026-05-22T15:15:00+0200,-0.01,EUR/MWh,FR,FR,day_ahead_price,value,2026-06-05T07:47:19Z
2026-06-05T07:46:33Z,2026-06-05T09:46:33+0200,a4488497-2a44-4b02-8cf3-b5300ead3675,2026-05-22T13:30:00Z,2026-05-22T15:30:00+0200,-0.01,EUR/MWh,FR,FR,day_ahead_price,value,2026-06-05T07:47:19Z
2026-06-05T07:46:33Z,2026-06-05T09:46:33+0200,a4488497-2a44-4b02-8cf3-b5300ead3675,2026-05-22T13:45:00Z,2026-05-22T15:45:00+0200,-0.01,EUR/MWh,FR,FR,day_ahead_price,value,2026-06-05T07:47:19Z
2026-06-05T07:46:33Z,2026-06-05T09:46:33+0200,a4488497-2a44-4b02-8cf3-b5300ead3675,2026-05-22T14:00:00Z,2026-05-22T16:00:00+0200,-0.01,EUR/MWh,FR,FR,day_ahead_price,value,2026-06-05T07:47:19Z
2026-06-05T07:46:33Z,2026-06-05T09:46:33+0200,a4488497-2a44-4b02-8cf3-b5300ead3675,2026-05-22T14:15:00Z,2026-05-22T16:15:00+0200,-0.01,EUR/MWh,FR,FR,day_ahead_price,value,2026-06-05T07:47:19Z
2026-06-05T07:46:33Z,2026-06-05T09:46:33+0200,a4488497-2a44-4b02-8cf3-b5300ead3675,2026-05-22T14:30:00Z,2026-05-22T16:30:00+0200,-0.01,EUR/MWh,FR,FR,day_ahead_price,value,2026-06-05T07:47:19Z
2026-06-05T07:46:33Z,2026-06-05T09:46:33+0200,a4488497-2a44-4b02-8cf3-b5300ead3675,2026-05-22T14:45:00Z,2026-05-22T16:45:00+0200,0.0,EUR/MWh,FR,FR,day_ahead_price,value,2026-06-05T07:47:19Z
2026-06-05T07:46:33Z,2026-06-05T09:46:33+0200,a4488497-2a44-4b02-8cf3-b5300ead3675,2026-05-22T15:00:00Z,2026-05-22T17:00:00+0200,0.0,EUR/MWh,FR,FR,day_ahead_price,value,2026-06-05T07:47:19Z
2026-06-05T07:46:33Z,2026-06-05T09:46:33+0200,a4488497-2a44-4b02-8cf3-b5300ead3675,2026-05-22T15:15:00Z,2026-05-22T17:15:00+0200,0.0,EUR/MWh,FR,FR,day_ahead_price,value,2026-06-05T07:47:19Z
2026-06-05T07:46:33Z,2026-06-05T09:46:33+0200,a4488497-2a44-4b02-8cf3-b5300ead3675,2026-05-22T15:30:00Z,2026-05-22T17:30:00+0200,0.0,EUR/MWh,FR,FR,day_ahead_price,value,2026-06-05T07:47:19Z
2026-06-05T07:46:33Z,2026-06-05T09:46:33+0200,a4488497-2a44-4b02-8cf3-b5300ead3675,2026-05-22T15:45:00Z,2026-05-22T17:45:00+0200,0.51,EUR/MWh,FR,FR,day_ahead_price,value,2026-06-05T07:47:19Z
2026-06-05T07:46:33Z,2026-06-05T09:46:33+0200,a4488497-2a44-4b02-8cf3-b5300ead3675,2026-05-22T16:00:00Z,2026-05-22T18:00:00+0200,8.99,EUR/MWh,FR,FR,day_ahead_price,value,2026-06-05T07:47:19Z
2026-06-05T07:46:33Z,2026-06-05T09:46:33+0200,a4488497-2a44-4b02-8cf3-b5300ead3675,2026-05-22T16:15:00Z,2026-05-22T18:15:00+0200,32.9,EUR/MWh,FR,FR,day_ahead_price,value,2026-06-05T07:47:19Z
2026-06-05T07:46:33Z,2026-06-05T09:46:33+0200,a4488497-2a44-4b02-8cf3-b5300ead3675,2026-05-22T16:30:00Z,2026-05-22T18:30:00+0200,49.3,EUR/MWh,FR,FR,day_ahead_price,value,2026-06-05T07:47:19Z
2026-06-05T07:46:33Z,2026-06-05T09:46:33+0200,a4488497-2a44-4b02-8cf3-b5300ead3675,2026-05-22T16:45:00Z,2026-05-22T18:45:00+0200,101.21,EUR/MWh,FR,FR,day_ahead_price,value,2026-06-05T07:47:19Z
2026-06-05T07:46:33Z,2026-06-05T09:46:33+0200,a4488497-2a44-4b02-8cf3-b5300ead3675,2026-05-22T17:00:00Z,2026-05-22T19:00:00+0200,42.96,EUR/MWh,FR,FR,day_ahead_price,value,2026-06-05T07:47:19Z
2026-06-05T07:46:33Z,2026-06-05T09:46:33+0200,a4488497-2a44-4b02-8cf3-b5300ead3675,2026-05-22T17:15:00Z,2026-05-22T19:15:00+0200,84.49,EUR/MWh,FR,FR,day_ahead_price,value,2026-06-05T07:47:19Z
2026-06-05T07:46:33Z,2026-06-05T09:46:33+0200,a4488497-2a44-4b02-8cf3-b5300ead3675,2026-05-22T17:30:00Z,2026-05-22T19:30:00+0200,90.31,EUR/MWh,FR,FR,day_ahead_price,value,2026-06-05T07:47:19Z
2026-06-05T07:46:33Z,2026-06-05T09:46:33+0200,a4488497-2a44-4b02-8cf3-b5300ead3675,2026-05-22T17:45:00Z,2026-05-22T19:45:00+0200,114.0,EUR/MWh,FR,FR,day_ahead_price,value,2026-06-05T07:47:19Z
2026-06-05T07:46:33Z,2026-06-05T09:46:33+0200,a4488497-2a44-4b02-8cf3-b5300ead3675,2026-05-22T18:00:00Z,2026-05-22T20:00:00+0200,97.88,EUR/MWh,FR,FR,day_ahead_price,value,2026-06-05T07:47:19Z
2026-06-05T07:46:33Z,2026-06-05T09:46:33+0200,a4488497-2a44-4b02-8cf3-b5300ead3675,2026-05-22T18:15:00Z,2026-05-22T20:15:00+0200,108.2,EUR/MWh,FR,FR,day_ahead_price,value,2026-06-05T07:47:19Z
2026-06-05T07:46:33Z,2026-06-05T09:46:33+0200,a4488497-2a44-4b02-8cf3-b5300ead3675,2026-05-22T18:30:00Z,2026-05-22T20:30:00+0200,99.0,EUR/MWh,FR,FR,day_ahead_price,value,2026-06-05T07:47:19Z
2026-06-05T07:46:33Z,2026-06-05T09:46:33+0200,a4488497-2a44-4b02-8cf3-b5300ead3675,2026-05-22T18:45:00Z,2026-05-22T20:45:00+0200,114.92,EUR/MWh,FR,FR,day_ahead_price,value,2026-06-05T07:47:19Z
2026-06-05T07:46:33Z,2026-06-05T09:46:33+0200,a4488497-2a44-4b02-8cf3-b5300ead3675,2026-05-22T19:00:00Z,2026-05-22T21:00:00+0200,114.92,EUR/MWh,FR,FR,day_ahead_price,value,2026-06-05T07:47:19Z
2026-06-05T07:46:33Z,2026-06-05T09:46:33+0200,a4488497-2a44-4b02-8cf3-b5300ead3675,2026-05-22T19:15:00Z,2026-05-22T21:15:00+0200,116.42,EUR/MWh,FR,FR,day_ahead_price,value,2026-06-05T07:47:19Z
2026-06-05T07:46:33Z,2026-06-05T09:46:33+0200,a4488497-2a44-4b02-8cf3-b5300ead3675,2026-05-22T19:30:00Z,2026-05-22T21:30:00+0200,117.92,EUR/MWh,FR,FR,day_ahead_price,value,2026-06-05T07:47:19Z
2026-06-05T07:46:33Z,2026-06-05T09:46:33+0200,a4488497-2a44-4b02-8cf3-b5300ead3675,2026-05-22T19:45:00Z,2026-05-22T21:45:00+0200,116.42,EUR/MWh,FR,FR,day_ahead_price,value,2026-06-05T07:47:19Z
2026-06-05T07:46:33Z,2026-06-05T09:46:33+0200,a4488497-2a44-4b02-8cf3-b5300ead3675,2026-05-22T20:00:00Z,2026-05-22T22:00:00+0200,125.01,EUR/MWh,FR,FR,day_ahead_price,value,2026-06-05T07:47:19Z
2026-06-05T07:46:33Z,2026-06-05T09:46:33+0200,a4488497-2a44-4b02-8cf3-b5300ead3675,2026-05-22T20:15:00Z,2026-05-22T22:15:00+0200,118.58,EUR/MWh,FR,FR,day_ahead_price,value,2026-06-05T07:47:19Z
2026-06-05T07:46:33Z,2026-06-05T09:46:33+0200,a4488497-2a44-4b02-8cf3-b5300ead3675,2026-05-22T20:30:00Z,2026-05-22T22:30:00+0200,120.01,EUR/MWh,FR,FR,day_ahead_price,value,2026-06-05T07:47:19Z
2026-06-05T07:46:33Z,2026-06-05T09:46:33+0200,a4488497-2a44-4b02-8cf3-b5300ead3675,2026-05-22T20:45:00Z,2026-05-22T22:45:00+0200,116.42,EUR/MWh,FR,FR,day_ahead_price,value,2026-06-05T07:47:19Z
2026-06-05T07:46:33Z,2026-06-05T09:46:33+0200,a4488497-2a44-4b02-8cf3-b5300ead3675,2026-05-22T21:00:00Z,2026-05-22T23:00:00+0200,116.04,EUR/MWh,FR,FR,day_ahead_price,value,2026-06-05T07:47:19Z
2026-06-05T07:46:33Z,2026-06-05T09:46:33+0200,a4488497-2a44-4b02-8cf3-b5300ead3675,2026-05-22T21:15:00Z,2026-05-22T23:15:00+0200,114.92,EUR/MWh,FR,FR,day_ahead_price,value,2026-06-05T07:47:19Z
2026-06-05T07:46:33Z,2026-06-05T09:46:33+0200,a4488497-2a44-4b02-8cf3-b5300ead3675,2026-05-22T21:30:00Z,2026-05-22T23:30:00+0200,115.61,EUR/MWh,FR,FR,day_ahead_price,value,2026-06-05T07:47:19Z
2026-06-05T07:46:33Z,2026-06-05T09:46:33+0200,a4488497-2a44-4b02-8cf3-b5300ead3675,2026-05-22T21:45:00Z,2026-05-22T23:45:00+0200,98.77,EUR/MWh,FR,FR,day_ahead_price,value,2026-06-05T07:47:19Z
2026-06-05T07:46:33Z,2026-06-05T09:46:33+0200,a4488497-2a44-4b02-8cf3-b5300ead3675,2026-05-22T22:00:00Z,2026-05-23T00:00:00+0200,115.0,EUR/MWh,FR,FR,day_ahead_price,value,2026-06-05T07:47:19Z
2026-06-05T07:46:33Z,2026-06-05T09:46:33+0200,a4488497-2a44-4b02-8cf3-b5300ead3675,2026-05-22T22:15:00Z,2026-05-23T00:15:00+0200,110.0,EUR/MWh,FR,FR,day_ahead_price,value,2026-06-05T07:47:19Z
2026-06-05T07:46:33Z,2026-06-05T09:46:33+0200,a4488497-2a44-4b02-8cf3-b5300ead3675,2026-05-22T22:30:00Z,2026-05-23T00:30:00+0200,97.55,EUR/MWh,FR,FR,day_ahead_price,value,2026-06-05T07:47:19Z
2026-06-05T07:46:33Z,2026-06-05T09:46:33+0200,a4488497-2a44-4b02-8cf3-b5300ead3675,2026-05-22T22:45:00Z,2026-05-23T00:45:00+0200,91.37,EUR/MWh,FR,FR,day_ahead_price,value,2026-06-05T07:47:19Z
2026-06-05T07:46:33Z,2026-06-05T09:46:33+0200,a4488497-2a44-4b02-8cf3-b5300ead3675,2026-05-22T23:00:00Z,2026-05-23T01:00:00+0200,89.62,EUR/MWh,FR,FR,day_ahead_price,value,2026-06-05T07:47:19Z
2026-06-05T07:46:33Z,2026-06-05T09:46:33+0200,a4488497-2a44-4b02-8cf3-b5300ead3675,2026-05-22T23:15:00Z,2026-05-23T01:15:00+0200,85.0,EUR/MWh,FR,FR,day_ahead_price,value,2026-06-05T07:47:19Z
2026-06-05T07:46:33Z,2026-06-05T09:46:33+0200,a4488497-2a44-4b02-8cf3-b5300ead3675,2026-05-22T23:30:00Z,2026-05-23T01:30:00+0200,80.0,EUR/MWh,FR,FR,day_ahead_price,value,2026-06-05T07:47:19Z
2026-06-05T07:46:33Z,2026-06-05T09:46:33+0200,a4488497-2a44-4b02-8cf3-b5300ead3675,2026-05-22T23:45:00Z,2026-05-23T01:45:00+0200,67.14,EUR/MWh,FR,FR,day_ahead_price,value,2026-06-05T07:47:19Z
2026-06-05T07:46:33Z,2026-06-05T09:46:33+0200,a4488497-2a44-4b02-8cf3-b5300ead3675,2026-05-23T00:00:00Z,2026-05-23T02:00:00+0200,65.56,EUR/MWh,FR,FR,day_ahead_price,value,2026-06-05T07:47:19Z
2026-06-05T07:46:33Z,2026-06-05T09:46:33+0200,a4488497-2a44-4b02-8cf3-b5300ead3675,2026-05-23T00:15:00Z,2026-05-23T02:15:00+0200,62.4,EUR/MWh,FR,FR,day_ahead_price,value,2026-06-05T07:47:19Z
2026-06-05T07:46:33Z,2026-06-05T09:46:33+0200,a4488497-2a44-4b02-8cf3-b5300ead3675,2026-05-23T00:30:00Z,2026-05-23T02:30:00+0200,61.88,EUR/MWh,FR,FR,day_ahead_price,value,2026-06-05T07:47:19Z
2026-06-05T07:46:33Z,2026-06-05T09:46:33+0200,a4488497-2a44-4b02-8cf3-b5300ead3675,2026-05-23T00:45:00Z,2026-05-23T02:45:00+0200,54.39,EUR/MWh,FR,FR,day_ahead_price,value,2026-06-05T07:47:19Z
2026-06-05T07:46:33Z,2026-06-05T09:46:33+0200,a4488497-2a44-4b02-8cf3-b5300ead3675,2026-05-23T01:00:00Z,2026-05-23T03:00:00+0200,49.81,EUR/MWh,FR,FR,day_ahead_price,value,2026-06-05T07:47:19Z
2026-06-05T07:46:33Z,2026-06-05T09:46:33+0200,a4488497-2a44-4b02-8cf3-b5300ead3675,2026-05-23T01:15:00Z,2026-05-23T03:15:00+0200,45.98,EUR/MWh,FR,FR,day_ahead_price,value,2026-06-05T07:47:19Z
2026-06-05T07:46:33Z,2026-06-05T09:46:33+0200,a4488497-2a44-4b02-8cf3-b5300ead3675,2026-05-23T01:30:00Z,2026-05-23T03:30:00+0200,45.98,EUR/MWh,FR,FR,day_ahead_price,value,2026-06-05T07:47:19Z
2026-06-05T07:46:33Z,2026-06-05T09:46:33+0200,a4488497-2a44-4b02-8cf3-b5300ead3675,2026-05-23T01:45:00Z,2026-05-23T03:45:00+0200,45.73,EUR/MWh,FR,FR,day_ahead_price,value,2026-06-05T07:47:19Z
2026-06-05T07:46:33Z,2026-06-05T09:46:33+0200,a4488497-2a44-4b02-8cf3-b5300ead3675,2026-05-23T02:00:00Z,2026-05-23T04:00:00+0200,50.0,EUR/MWh,FR,FR,day_ahead_price,value,2026-06-05T07:47:19Z
2026-06-05T07:46:33Z,2026-06-05T09:46:33+0200,a4488497-2a44-4b02-8cf3-b5300ead3675,2026-05-23T02:15:00Z,2026-05-23T04:15:00+0200,50.0,EUR/MWh,FR,FR,day_ahead_price,value,2026-06-05T07:47:19Z
2026-06-05T07:46:33Z,2026-06-05T09:46:33+0200,a4488497-2a44-4b02-8cf3-b5300ead3675,2026-05-23T02:30:00Z,2026-05-23T04:30:00+0200,50.0,EUR/MWh,FR,FR,day_ahead_price,value,2026-06-05T07:47:19Z
2026-06-05T07:46:33Z,2026-06-05T09:46:33+0200,a4488497-2a44-4b02-8cf3-b5300ead3675,2026-05-23T02:45:00Z,2026-05-23T04:45:00+0200,50.0,EUR/MWh,FR,FR,day_ahead_price,value,2026-06-05T07:47:19Z
2026-06-05T07:46:33Z,2026-06-05T09:46:33+0200,a4488497-2a44-4b02-8cf3-b5300ead3675,2026-05-23T03:00:00Z,2026-05-23T05:00:00+0200,45.98,EUR/MWh,FR,FR,day_ahead_price,value,2026-06-05T07:47:19Z
2026-06-05T07:46:33Z,2026-06-05T09:46:33+0200,a4488497-2a44-4b02-8cf3-b5300ead3675,2026-05-23T03:15:00Z,2026-05-23T05:15:00+0200,46.19,EUR/MWh,FR,FR,day_ahead_price,value,2026-06-05T07:47:19Z
2026-06-05T07:46:33Z,2026-06-05T09:46:33+0200,a4488497-2a44-4b02-8cf3-b5300ead3675,2026-05-23T03:30:00Z,2026-05-23T05:30:00+0200,44.78,EUR/MWh,FR,FR,day_ahead_price,value,2026-06-05T07:47:19Z
2026-06-05T07:46:33Z,2026-06-05T09:46:33+0200,a4488497-2a44-4b02-8cf3-b5300ead3675,2026-05-23T03:45:00Z,2026-05-23T05:45:00+0200,45.73,EUR/MWh,FR,FR,day_ahead_price,value,2026-06-05T07:47:19Z
2026-06-05T07:46:33Z,2026-06-05T09:46:33+0200,a4488497-2a44-4b02-8cf3-b5300ead3675,2026-05-23T04:00:00Z,2026-05-23T06:00:00+0200,46.19,EUR/MWh,FR,FR,day_ahead_price,value,2026-06-05T07:47:19Z
2026-06-05T07:46:33Z,2026-06-05T09:46:33+0200,a4488497-2a44-4b02-8cf3-b5300ead3675,2026-05-23T04:15:00Z,2026-05-23T06:15:00+0200,43.0,EUR/MWh,FR,FR,day_ahead_price,value,2026-06-05T07:47:19Z
2026-06-05T07:46:33Z,2026-06-05T09:46:33+0200,a4488497-2a44-4b02-8cf3-b5300ead3675,2026-05-23T04:30:00Z,2026-05-23T06:30:00+0200,46.4,EUR/MWh,FR,FR,day_ahead_price,value,2026-06-05T07:47:19Z
2026-06-05T07:46:33Z,2026-06-05T09:46:33+0200,a4488497-2a44-4b02-8cf3-b5300ead3675,2026-05-23T04:45:00Z,2026-05-23T06:45:00+0200,46.4,EUR/MWh,FR,FR,day_ahead_price,value,2026-06-05T07:47:19Z
2026-06-05T07:46:33Z,2026-06-05T09:46:33+0200,a4488497-2a44-4b02-8cf3-b5300ead3675,2026-05-23T05:00:00Z,2026-05-23T07:00:00+0200,61.88,EUR/MWh,FR,FR,day_ahead_price,value,2026-06-05T07:47:19Z
2026-06-05T07:46:33Z,2026-06-05T09:46:33+0200,a4488497-2a44-4b02-8cf3-b5300ead3675,2026-05-23T05:15:00Z,2026-05-23T07:15:00+0200,49.26,EUR/MWh,FR,FR,day_ahead_price,value,2026-06-05T07:47:19Z
2026-06-05T07:46:33Z,2026-06-05T09:46:33+0200,a4488497-2a44-4b02-8cf3-b5300ead3675,2026-05-23T05:30:00Z,2026-05-23T07:30:00+0200,45.73,EUR/MWh,FR,FR,day_ahead_price,value,2026-06-05T07:47:19Z
2026-06-05T07:46:33Z,2026-06-05T09:46:33+0200,a4488497-2a44-4b02-8cf3-b5300ead3675,2026-05-23T05:45:00Z,2026-05-23T07:45:00+0200,40.0,EUR/MWh,FR,FR,day_ahead_price,value,2026-06-05T07:47:19Z
2026-06-05T07:46:33Z,2026-06-05T09:46:33+0200,a4488497-2a44-4b02-8cf3-b5300ead3675,2026-05-23T06:00:00Z,2026-05-23T08:00:00+0200,44.9,EUR/MWh,FR,FR,day_ahead_price,value,2026-06-05T07:47:19Z
2026-06-05T07:46:33Z,2026-06-05T09:46:33+0200,a4488497-2a44-4b02-8cf3-b5300ead3675,2026-05-23T06:15:00Z,2026-05-23T08:15:00+0200,34.0,EUR/MWh,FR,FR,day_ahead_price,value,2026-06-05T07:47:19Z
2026-06-05T07:46:33Z,2026-06-05T09:46:33+0200,a4488497-2a44-4b02-8cf3-b5300ead3675,2026-05-23T06:30:00Z,2026-05-23T08:30:00+0200,5.27,EUR/MWh,FR,FR,day_ahead_price,value,2026-06-05T07:47:19Z
2026-06-05T07:46:33Z,2026-06-05T09:46:33+0200,a4488497-2a44-4b02-8cf3-b5300ead3675,2026-05-23T06:45:00Z,2026-05-23T08:45:00+0200,0.51,EUR/MWh,FR,FR,day_ahead_price,value,2026-06-05T07:47:19Z
2026-06-05T07:46:33Z,2026-06-05T09:46:33+0200,a4488497-2a44-4b02-8cf3-b5300ead3675,2026-05-23T07:00:00Z,2026-05-23T09:00:00+0200,5.4,EUR/MWh,FR,FR,day_ahead_price,value,2026-06-05T07:47:19Z
2026-06-05T07:46:33Z,2026-06-05T09:46:33+0200,a4488497-2a44-4b02-8cf3-b5300ead3675,2026-05-23T07:15:00Z,2026-05-23T09:15:00+0200,1.0,EUR/MWh,FR,FR,day_ahead_price,value,2026-06-05T07:47:19Z
2026-06-05T07:46:33Z,2026-06-05T09:46:33+0200,a4488497-2a44-4b02-8cf3-b5300ead3675,2026-05-23T07:30:00Z,2026-05-23T09:30:00+0200,0.0,EUR/MWh,FR,FR,day_ahead_price,value,2026-06-05T07:47:19Z
2026-06-05T07:46:33Z,2026-06-05T09:46:33+0200,a4488497-2a44-4b02-8cf3-b5300ead3675,2026-05-23T07:45:00Z,2026-05-23T09:45:00+0200,0.0,EUR/MWh,FR,FR,day_ahead_price,value,2026-06-05T07:47:19Z
2026-06-05T07:46:33Z,2026-06-05T09:46:33+0200,a4488497-2a44-4b02-8cf3-b5300ead3675,2026-05-23T08:00:00Z,2026-05-23T10:00:00+0200,-0.01,EUR/MWh,FR,FR,day_ahead_price,value,2026-06-05T07:47:19Z
2026-06-05T07:46:33Z,2026-06-05T09:46:33+0200,a4488497-2a44-4b02-8cf3-b5300ead3675,2026-05-23T08:15:00Z,2026-05-23T10:15:00+0200,-0.02,EUR/MWh,FR,FR,day_ahead_price,value,2026-06-05T07:47:19Z
2026-06-05T07:46:33Z,2026-06-05T09:46:33+0200,a4488497-2a44-4b02-8cf3-b5300ead3675,2026-05-23T08:30:00Z,2026-05-23T10:30:00+0200,-0.3,EUR/MWh,FR,FR,day_ahead_price,value,2026-06-05T07:47:19Z
2026-06-05T07:46:33Z,2026-06-05T09:46:33+0200,a4488497-2a44-4b02-8cf3-b5300ead3675,2026-05-23T08:45:00Z,2026-05-23T10:45:00+0200,-1.0,EUR/MWh,FR,FR,day_ahead_price,value,2026-06-05T07:47:19Z
2026-06-05T07:46:33Z,2026-06-05T09:46:33+0200,a4488497-2a44-4b02-8cf3-b5300ead3675,2026-05-23T09:00:00Z,2026-05-23T11:00:00+0200,-2.0,EUR/MWh,FR,FR,day_ahead_price,value,2026-06-05T07:47:19Z
2026-06-05T07:46:33Z,2026-06-05T09:46:33+0200,a4488497-2a44-4b02-8cf3-b5300ead3675,2026-05-23T09:15:00Z,2026-05-23T11:15:00+0200,-2.09,EUR/MWh,FR,FR,day_ahead_price,value,2026-06-05T07:47:19Z
2026-06-05T07:46:33Z,2026-06-05T09:46:33+0200,a4488497-2a44-4b02-8cf3-b5300ead3675,2026-05-23T09:30:00Z,2026-05-23T11:30:00+0200,-5.94,EUR/MWh,FR,FR,day_ahead_price,value,2026-06-05T07:47:19Z
2026-06-05T07:46:33Z,2026-06-05T09:46:33+0200,a4488497-2a44-4b02-8cf3-b5300ead3675,2026-05-23T09:45:00Z,2026-05-23T11:45:00+0200,-5.43,EUR/MWh,FR,FR,day_ahead_price,value,2026-06-05T07:47:19Z
2026-06-05T07:46:33Z,2026-06-05T09:46:33+0200,a4488497-2a44-4b02-8cf3-b5300ead3675,2026-05-23T10:00:00Z,2026-05-23T12:00:00+0200,-5.96,EUR/MWh,FR,FR,day_ahead_price,value,2026-06-05T07:47:19Z
2026-06-05T07:46:33Z,2026-06-05T09:46:33+0200,a4488497-2a44-4b02-8cf3-b5300ead3675,2026-05-23T10:15:00Z,2026-05-23T12:15:00+0200,-9.94,EUR/MWh,FR,FR,day_ahead_price,value,2026-06-05T07:47:19Z
2026-06-05T07:46:33Z,2026-06-05T09:46:33+0200,a4488497-2a44-4b02-8cf3-b5300ead3675,2026-05-23T10:30:00Z,2026-05-23T12:30:00+0200,-13.42,EUR/MWh,FR,FR,day_ahead_price,value,2026-06-05T07:47:19Z
2026-06-05T07:46:33Z,2026-06-05T09:46:33+0200,a4488497-2a44-4b02-8cf3-b5300ead3675,2026-05-23T10:45:00Z,2026-05-23T12:45:00+0200,-19.82,EUR/MWh,FR,FR,day_ahead_price,value,2026-06-05T07:47:19Z
2026-06-05T07:46:33Z,2026-06-05T09:46:33+0200,a4488497-2a44-4b02-8cf3-b5300ead3675,2026-05-23T11:00:00Z,2026-05-23T13:00:00+0200,-24.79,EUR/MWh,FR,FR,day_ahead_price,value,2026-06-05T07:47:19Z
2026-06-05T07:46:33Z,2026-06-05T09:46:33+0200,a4488497-2a44-4b02-8cf3-b5300ead3675,2026-05-23T11:15:00Z,2026-05-23T13:15:00+0200,-29.74,EUR/MWh,FR,FR,day_ahead_price,value,2026-06-05T07:47:19Z
2026-06-05T07:46:33Z,2026-06-05T09:46:33+0200,a4488497-2a44-4b02-8cf3-b5300ead3675,2026-05-23T11:30:00Z,2026-05-23T13:30:00+0200,-36.35,EUR/MWh,FR,FR,day_ahead_price,value,2026-06-05T07:47:19Z
2026-06-05T07:46:33Z,2026-06-05T09:46:33+0200,a4488497-2a44-4b02-8cf3-b5300ead3675,2026-05-23T11:45:00Z,2026-05-23T13:45:00+0200,-35.32,EUR/MWh,FR,FR,day_ahead_price,value,2026-06-05T07:47:19Z
2026-06-05T07:46:33Z,2026-06-05T09:46:33+0200,a4488497-2a44-4b02-8cf3-b5300ead3675,2026-05-23T12:00:00Z,2026-05-23T14:00:00+0200,-26.8,EUR/MWh,FR,FR,day_ahead_price,value,2026-06-05T07:47:19Z
2026-06-05T07:46:33Z,2026-06-05T09:46:33+0200,a4488497-2a44-4b02-8cf3-b5300ead3675,2026-05-23T12:15:00Z,2026-05-23T14:15:00+0200,-19.89,EUR/MWh,FR,FR,day_ahead_price,value,2026-06-05T07:47:19Z
2026-06-05T07:46:33Z,2026-06-05T09:46:33+0200,a4488497-2a44-4b02-8cf3-b5300ead3675,2026-05-23T12:30:00Z,2026-05-23T14:30:00+0200,-13.42,EUR/MWh,FR,FR,day_ahead_price,value,2026-06-05T07:47:19Z
2026-06-05T07:46:33Z,2026-06-05T09:46:33+0200,a4488497-2a44-4b02-8cf3-b5300ead3675,2026-05-23T12:45:00Z,2026-05-23T14:45:00+0200,-12.94,EUR/MWh,FR,FR,day_ahead_price,value,2026-06-05T07:47:19Z
2026-06-05T07:46:33Z,2026-06-05T09:46:33+0200,a4488497-2a44-4b02-8cf3-b5300ead3675,2026-05-23T13:00:00Z,2026-05-23T15:00:00+0200,-8.67,EUR/MWh,FR,FR,day_ahead_price,value,2026-06-05T07:47:19Z
2026-06-05T07:46:33Z,2026-06-05T09:46:33+0200,a4488497-2a44-4b02-8cf3-b5300ead3675,2026-05-23T13:15:00Z,2026-05-23T15:15:00+0200,-3.23,EUR/MWh,FR,FR,day_ahead_price,value,2026-06-05T07:47:19Z
2026-06-05T07:46:33Z,2026-06-05T09:46:33+0200,a4488497-2a44-4b02-8cf3-b5300ead3675,2026-05-23T13:30:00Z,2026-05-23T15:30:00+0200,-2.1,EUR/MWh,FR,FR,day_ahead_price,value,2026-06-05T07:47:19Z
2026-06-05T07:46:33Z,2026-06-05T09:46:33+0200,a4488497-2a44-4b02-8cf3-b5300ead3675,2026-05-23T13:45:00Z,2026-05-23T15:45:00+0200,-2.0,EUR/MWh,FR,FR,day_ahead_price,value,2026-06-05T07:47:19Z
2026-06-05T07:46:33Z,2026-06-05T09:46:33+0200,a4488497-2a44-4b02-8cf3-b5300ead3675,2026-05-23T14:00:00Z,2026-05-23T16:00:00+0200,-1.07,EUR/MWh,FR,FR,day_ahead_price,value,2026-06-05T07:47:19Z
2026-06-05T07:46:33Z,2026-06-05T09:46:33+0200,a4488497-2a44-4b02-8cf3-b5300ead3675,2026-05-23T14:15:00Z,2026-05-23T16:15:00+0200,-0.09,EUR/MWh,FR,FR,day_ahead_price,value,2026-06-05T07:47:19Z
2026-06-05T07:46:33Z,2026-06-05T09:46:33+0200,a4488497-2a44-4b02-8cf3-b5300ead3675,2026-05-23T14:30:00Z,2026-05-23T16:30:00+0200,-0.01,EUR/MWh,FR,FR,day_ahead_price,value,2026-06-05T07:47:19Z
2026-06-05T07:46:33Z,2026-06-05T09:46:33+0200,a4488497-2a44-4b02-8cf3-b5300ead3675,2026-05-23T14:45:00Z,2026-05-23T16:45:00+0200,-0.01,EUR/MWh,FR,FR,day_ahead_price,value,2026-06-05T07:47:19Z
2026-06-05T07:46:33Z,2026-06-05T09:46:33+0200,a4488497-2a44-4b02-8cf3-b5300ead3675,2026-05-23T15:00:00Z,2026-05-23T17:00:00+0200,-0.01,EUR/MWh,FR,FR,day_ahead_price,value,2026-06-05T07:47:19Z
2026-06-05T07:46:33Z,2026-06-05T09:46:33+0200,a4488497-2a44-4b02-8cf3-b5300ead3675,2026-05-23T15:15:00Z,2026-05-23T17:15:00+0200,-0.01,EUR/MWh,FR,FR,day_ahead_price,value,2026-06-05T07:47:19Z
2026-06-05T07:46:33Z,2026-06-05T09:46:33+0200,a4488497-2a44-4b02-8cf3-b5300ead3675,2026-05-23T15:30:00Z,2026-05-23T17:30:00+0200,-0.01,EUR/MWh,FR,FR,day_ahead_price,value,2026-06-05T07:47:19Z
2026-06-05T07:46:33Z,2026-06-05T09:46:33+0200,a4488497-2a44-4b02-8cf3-b5300ead3675,2026-05-23T15:45:00Z,2026-05-23T17:45:00+0200,0.0,EUR/MWh,FR,FR,day_ahead_price,value,2026-06-05T07:47:19Z
2026-06-05T07:46:33Z,2026-06-05T09:46:33+0200,a4488497-2a44-4b02-8cf3-b5300ead3675,2026-05-23T16:00:00Z,2026-05-23T18:00:00+0200,0.01,EUR/MWh,FR,FR,day_ahead_price,value,2026-06-05T07:47:19Z
2026-06-05T07:46:33Z,2026-06-05T09:46:33+0200,a4488497-2a44-4b02-8cf3-b5300ead3675,2026-05-23T16:15:00Z,2026-05-23T18:15:00+0200,1.61,EUR/MWh,FR,FR,day_ahead_price,value,2026-06-05T07:47:19Z
2026-06-05T07:46:33Z,2026-06-05T09:46:33+0200,a4488497-2a44-4b02-8cf3-b5300ead3675,2026-05-23T16:30:00Z,2026-05-23T18:30:00+0200,9.62,EUR/MWh,FR,FR,day_ahead_price,value,2026-06-05T07:47:19Z
2026-06-05T07:46:33Z,2026-06-05T09:46:33+0200,a4488497-2a44-4b02-8cf3-b5300ead3675,2026-05-23T16:45:00Z,2026-05-23T18:45:00+0200,32.8,EUR/MWh,FR,FR,day_ahead_price,value,2026-06-05T07:47:19Z
2026-06-05T07:46:33Z,2026-06-05T09:46:33+0200,a4488497-2a44-4b02-8cf3-b5300ead3675,2026-05-23T17:00:00Z,2026-05-23T19:00:00+0200,5.02,EUR/MWh,FR,FR,day_ahead_price,value,2026-06-05T07:47:19Z
2026-06-05T07:46:33Z,2026-06-05T09:46:33+0200,a4488497-2a44-4b02-8cf3-b5300ead3675,2026-05-23T17:15:00Z,2026-05-23T19:15:00+0200,36.5,EUR/MWh,FR,FR,day_ahead_price,value,2026-06-05T07:47:19Z
2026-06-05T07:46:33Z,2026-06-05T09:46:33+0200,a4488497-2a44-4b02-8cf3-b5300ead3675,2026-05-23T17:30:00Z,2026-05-23T19:30:00+0200,45.73,EUR/MWh,FR,FR,day_ahead_price,value,2026-06-05T07:47:19Z
2026-06-05T07:46:33Z,2026-06-05T09:46:33+0200,a4488497-2a44-4b02-8cf3-b5300ead3675,2026-05-23T17:45:00Z,2026-05-23T19:45:00+0200,66.56,EUR/MWh,FR,FR,day_ahead_price,value,2026-06-05T07:47:19Z
2026-06-05T07:46:33Z,2026-06-05T09:46:33+0200,a4488497-2a44-4b02-8cf3-b5300ead3675,2026-05-23T18:00:00Z,2026-05-23T20:00:00+0200,43.88,EUR/MWh,FR,FR,day_ahead_price,value,2026-06-05T07:47:19Z
2026-06-05T07:46:33Z,2026-06-05T09:46:33+0200,a4488497-2a44-4b02-8cf3-b5300ead3675,2026-05-23T18:15:00Z,2026-05-23T20:15:00+0200,56.96,EUR/MWh,FR,FR,day_ahead_price,value,2026-06-05T07:47:19Z
2026-06-05T07:46:33Z,2026-06-05T09:46:33+0200,a4488497-2a44-4b02-8cf3-b5300ead3675,2026-05-23T18:30:00Z,2026-05-23T20:30:00+0200,65.56,EUR/MWh,FR,FR,day_ahead_price,value,2026-06-05T07:47:19Z
2026-06-05T07:46:33Z,2026-06-05T09:46:33+0200,a4488497-2a44-4b02-8cf3-b5300ead3675,2026-05-23T18:45:00Z,2026-05-23T20:45:00+0200,83.44,EUR/MWh,FR,FR,day_ahead_price,value,2026-06-05T07:47:19Z
2026-06-05T07:46:33Z,2026-06-05T09:46:33+0200,a4488497-2a44-4b02-8cf3-b5300ead3675,2026-05-23T19:00:00Z,2026-05-23T21:00:00+0200,91.37,EUR/MWh,FR,FR,day_ahead_price,value,2026-06-05T07:47:19Z
2026-06-05T07:46:33Z,2026-06-05T09:46:33+0200,a4488497-2a44-4b02-8cf3-b5300ead3675,2026-05-23T19:15:00Z,2026-05-23T21:15:00+0200,95.7,EUR/MWh,FR,FR,day_ahead_price,value,2026-06-05T07:47:19Z
2026-06-05T07:46:33Z,2026-06-05T09:46:33+0200,a4488497-2a44-4b02-8cf3-b5300ead3675,2026-05-23T19:30:00Z,2026-05-23T21:30:00+0200,96.81,EUR/MWh,FR,FR,day_ahead_price,value,2026-06-05T07:47:19Z
2026-06-05T07:46:33Z,2026-06-05T09:46:33+0200,a4488497-2a44-4b02-8cf3-b5300ead3675,2026-05-23T19:45:00Z,2026-05-23T21:45:00+0200,95.7,EUR/MWh,FR,FR,day_ahead_price,value,2026-06-05T07:47:19Z
2026-06-05T07:46:33Z,2026-06-05T09:46:33+0200,a4488497-2a44-4b02-8cf3-b5300ead3675,2026-05-23T20:00:00Z,2026-05-23T22:00:00+0200,110.0,EUR/MWh,FR,FR,day_ahead_price,value,2026-06-05T07:47:19Z
2026-06-05T07:46:33Z,2026-06-05T09:46:33+0200,a4488497-2a44-4b02-8cf3-b5300ead3675,2026-05-23T20:15:00Z,2026-05-23T22:15:00+0200,102.24,EUR/MWh,FR,FR,day_ahead_price,value,2026-06-05T07:47:19Z
2026-06-05T07:46:33Z,2026-06-05T09:46:33+0200,a4488497-2a44-4b02-8cf3-b5300ead3675,2026-05-23T20:30:00Z,2026-05-23T22:30:00+0200,109.89,EUR/MWh,FR,FR,day_ahead_price,value,2026-06-05T07:47:19Z
2026-06-05T07:46:33Z,2026-06-05T09:46:33+0200,a4488497-2a44-4b02-8cf3-b5300ead3675,2026-05-23T20:45:00Z,2026-05-23T22:45:00+0200,92.0,EUR/MWh,FR,FR,day_ahead_price,value,2026-06-05T07:47:19Z
2026-06-05T07:46:33Z,2026-06-05T09:46:33+0200,a4488497-2a44-4b02-8cf3-b5300ead3675,2026-05-23T21:00:00Z,2026-05-23T23:00:00+0200,91.22,EUR/MWh,FR,FR,day_ahead_price,value,2026-06-05T07:47:19Z
2026-06-05T07:46:33Z,2026-06-05T09:46:33+0200,a4488497-2a44-4b02-8cf3-b5300ead3675,2026-05-23T21:15:00Z,2026-05-23T23:15:00+0200,82.0,EUR/MWh,FR,FR,day_ahead_price,value,2026-06-05T07:47:19Z
2026-06-05T07:46:33Z,2026-06-05T09:46:33+0200,a4488497-2a44-4b02-8cf3-b5300ead3675,2026-05-23T21:30:00Z,2026-05-23T23:30:00+0200,77.0,EUR/MWh,FR,FR,day_ahead_price,value,2026-06-05T07:47:19Z
2026-06-05T07:46:33Z,2026-06-05T09:46:33+0200,a4488497-2a44-4b02-8cf3-b5300ead3675,2026-05-23T21:45:00Z,2026-05-23T23:45:00+0200,65.56,EUR/MWh,FR,FR,day_ahead_price,value,2026-06-05T07:47:19Z
2026-06-05T07:46:33Z,2026-06-05T09:46:33+0200,a4488497-2a44-4b02-8cf3-b5300ead3675,2026-05-23T22:00:00Z,2026-05-24T00:00:00+0200,77.99,EUR/MWh,FR,FR,day_ahead_price,value,2026-06-05T07:47:19Z
2026-06-05T07:46:33Z,2026-06-05T09:46:33+0200,a4488497-2a44-4b02-8cf3-b5300ead3675,2026-05-23T22:15:00Z,2026-05-24T00:15:00+0200,71.4,EUR/MWh,FR,FR,day_ahead_price,value,2026-06-05T07:47:19Z
2026-06-05T07:46:33Z,2026-06-05T09:46:33+0200,a4488497-2a44-4b02-8cf3-b5300ead3675,2026-05-23T22:30:00Z,2026-05-24T00:30:00+0200,56.88,EUR/MWh,FR,FR,day_ahead_price,value,2026-06-05T07:47:19Z
2026-06-05T07:46:33Z,2026-06-05T09:46:33+0200,a4488497-2a44-4b02-8cf3-b5300ead3675,2026-05-23T22:45:00Z,2026-05-24T00:45:00+0200,50.0,EUR/MWh,FR,FR,day_ahead_price,value,2026-06-05T07:47:19Z
2026-06-05T07:46:33Z,2026-06-05T09:46:33+0200,a4488497-2a44-4b02-8cf3-b5300ead3675,2026-05-23T23:00:00Z,2026-05-24T01:00:00+0200,54.0,EUR/MWh,FR,FR,day_ahead_price,value,2026-06-05T07:47:19Z
2026-06-05T07:46:33Z,2026-06-05T09:46:33+0200,a4488497-2a44-4b02-8cf3-b5300ead3675,2026-05-23T23:15:00Z,2026-05-24T01:15:00+0200,45.0,EUR/MWh,FR,FR,day_ahead_price,value,2026-06-05T07:47:19Z
2026-06-05T07:46:33Z,2026-06-05T09:46:33+0200,a4488497-2a44-4b02-8cf3-b5300ead3675,2026-05-23T23:30:00Z,2026-05-24T01:30:00+0200,40.5,EUR/MWh,FR,FR,day_ahead_price,value,2026-06-05T07:47:19Z
2026-06-05T07:46:33Z,2026-06-05T09:46:33+0200,a4488497-2a44-4b02-8cf3-b5300ead3675,2026-05-23T23:45:00Z,2026-05-24T01:45:00+0200,35.02,EUR/MWh,FR,FR,day_ahead_price,value,2026-06-05T07:47:19Z
2026-06-05T07:46:33Z,2026-06-05T09:46:33+0200,a4488497-2a44-4b02-8cf3-b5300ead3675,2026-05-24T00:00:00Z,2026-05-24T02:00:00+0200,35.02,EUR/MWh,FR,FR,day_ahead_price,value,2026-06-05T07:47:19Z
2026-06-05T07:46:33Z,2026-06-05T09:46:33+0200,a4488497-2a44-4b02-8cf3-b5300ead3675,2026-05-24T00:15:00Z,2026-05-24T02:15:00+0200,35.02,EUR/MWh,FR,FR,day_ahead_price,value,2026-06-05T07:47:19Z
2026-06-05T07:46:33Z,2026-06-05T09:46:33+0200,a4488497-2a44-4b02-8cf3-b5300ead3675,2026-05-24T00:30:00Z,2026-05-24T02:30:00+0200,35.02,EUR/MWh,FR,FR,day_ahead_price,value,2026-06-05T07:47:19Z
2026-06-05T07:46:33Z,2026-06-05T09:46:33+0200,a4488497-2a44-4b02-8cf3-b5300ead3675,2026-05-24T00:45:00Z,2026-05-24T02:45:00+0200,35.02,EUR/MWh,FR,FR,day_ahead_price,value,2026-06-05T07:47:19Z
2026-06-05T07:46:33Z,2026-06-05T09:46:33+0200,a4488497-2a44-4b02-8cf3-b5300ead3675,2026-05-24T01:00:00Z,2026-05-24T03:00:00+0200,35.02,EUR/MWh,FR,FR,day_ahead_price,value,2026-06-05T07:47:19Z
2026-06-05T07:46:33Z,2026-06-05T09:46:33+0200,a4488497-2a44-4b02-8cf3-b5300ead3675,2026-05-24T01:15:00Z,2026-05-24T03:15:00+0200,31.85,EUR/MWh,FR,FR,day_ahead_price,value,2026-06-05T07:47:19Z
2026-06-05T07:46:33Z,2026-06-05T09:46:33+0200,a4488497-2a44-4b02-8cf3-b5300ead3675,2026-05-24T01:30:00Z,2026-05-24T03:30:00+0200,33.12,EUR/MWh,FR,FR,day_ahead_price,value,2026-06-05T07:47:19Z
2026-06-05T07:46:33Z,2026-06-05T09:46:33+0200,a4488497-2a44-4b02-8cf3-b5300ead3675,2026-05-24T01:45:00Z,2026-05-24T03:45:00+0200,28.17,EUR/MWh,FR,FR,day_ahead_price,value,2026-06-05T07:47:19Z
2026-06-05T07:46:33Z,2026-06-05T09:46:33+0200,a4488497-2a44-4b02-8cf3-b5300ead3675,2026-05-24T02:00:00Z,2026-05-24T04:00:00+0200,25.67,EUR/MWh,FR,FR,day_ahead_price,value,2026-06-05T07:47:19Z
2026-06-05T07:46:33Z,2026-06-05T09:46:33+0200,a4488497-2a44-4b02-8cf3-b5300ead3675,2026-05-24T02:15:00Z,2026-05-24T04:15:00+0200,29.87,EUR/MWh,FR,FR,day_ahead_price,value,2026-06-05T07:47:19Z
2026-06-05T07:46:33Z,2026-06-05T09:46:33+0200,a4488497-2a44-4b02-8cf3-b5300ead3675,2026-05-24T02:30:00Z,2026-05-24T04:30:00+0200,32.22,EUR/MWh,FR,FR,day_ahead_price,value,2026-06-05T07:47:19Z
2026-06-05T07:46:33Z,2026-06-05T09:46:33+0200,a4488497-2a44-4b02-8cf3-b5300ead3675,2026-05-24T02:45:00Z,2026-05-24T04:45:00+0200,22.7,EUR/MWh,FR,FR,day_ahead_price,value,2026-06-05T07:47:19Z
2026-06-05T07:46:33Z,2026-06-05T09:46:33+0200,a4488497-2a44-4b02-8cf3-b5300ead3675,2026-05-24T03:00:00Z,2026-05-24T05:00:00+0200,26.17,EUR/MWh,FR,FR,day_ahead_price,value,2026-06-05T07:47:19Z
2026-06-05T07:46:33Z,2026-06-05T09:46:33+0200,a4488497-2a44-4b02-8cf3-b5300ead3675,2026-05-24T03:15:00Z,2026-05-24T05:15:00+0200,28.77,EUR/MWh,FR,FR,day_ahead_price,value,2026-06-05T07:47:19Z
2026-06-05T07:46:33Z,2026-06-05T09:46:33+0200,a4488497-2a44-4b02-8cf3-b5300ead3675,2026-05-24T03:30:00Z,2026-05-24T05:30:00+0200,31.26,EUR/MWh,FR,FR,day_ahead_price,value,2026-06-05T07:47:19Z
2026-06-05T07:46:33Z,2026-06-05T09:46:33+0200,a4488497-2a44-4b02-8cf3-b5300ead3675,2026-05-24T03:45:00Z,2026-05-24T05:45:00+0200,35.02,EUR/MWh,FR,FR,day_ahead_price,value,2026-06-05T07:47:19Z
2026-06-05T07:46:33Z,2026-06-05T09:46:33+0200,a4488497-2a44-4b02-8cf3-b5300ead3675,2026-05-24T04:00:00Z,2026-05-24T06:00:00+0200,31.49,EUR/MWh,FR,FR,day_ahead_price,value,2026-06-05T07:47:19Z
2026-06-05T07:46:33Z,2026-06-05T09:46:33+0200,a4488497-2a44-4b02-8cf3-b5300ead3675,2026-05-24T04:15:00Z,2026-05-24T06:15:00+0200,22.71,EUR/MWh,FR,FR,day_ahead_price,value,2026-06-05T07:47:19Z
2026-06-05T07:46:33Z,2026-06-05T09:46:33+0200,a4488497-2a44-4b02-8cf3-b5300ead3675,2026-05-24T04:30:00Z,2026-05-24T06:30:00+0200,34.62,EUR/MWh,FR,FR,day_ahead_price,value,2026-06-05T07:47:19Z
2026-06-05T07:46:33Z,2026-06-05T09:46:33+0200,a4488497-2a44-4b02-8cf3-b5300ead3675,2026-05-24T04:45:00Z,2026-05-24T06:45:00+0200,29.99,EUR/MWh,FR,FR,day_ahead_price,value,2026-06-05T07:47:19Z
2026-06-05T07:46:33Z,2026-06-05T09:46:33+0200,a4488497-2a44-4b02-8cf3-b5300ead3675,2026-05-24T05:00:00Z,2026-05-24T07:00:00+0200,27.84,EUR/MWh,FR,FR,day_ahead_price,value,2026-06-05T07:47:19Z
2026-06-05T07:46:33Z,2026-06-05T09:46:33+0200,a4488497-2a44-4b02-8cf3-b5300ead3675,2026-05-24T05:15:00Z,2026-05-24T07:15:00+0200,16.0,EUR/MWh,FR,FR,day_ahead_price,value,2026-06-05T07:47:19Z
2026-06-05T07:46:33Z,2026-06-05T09:46:33+0200,a4488497-2a44-4b02-8cf3-b5300ead3675,2026-05-24T05:30:00Z,2026-05-24T07:30:00+0200,35.01,EUR/MWh,FR,FR,day_ahead_price,value,2026-06-05T07:47:19Z
2026-06-05T07:46:33Z,2026-06-05T09:46:33+0200,a4488497-2a44-4b02-8cf3-b5300ead3675,2026-05-24T05:45:00Z,2026-05-24T07:45:00+0200,27.06,EUR/MWh,FR,FR,day_ahead_price,value,2026-06-05T07:47:19Z
2026-06-05T07:46:33Z,2026-06-05T09:46:33+0200,a4488497-2a44-4b02-8cf3-b5300ead3675,2026-05-24T06:00:00Z,2026-05-24T08:00:00+0200,26.32,EUR/MWh,FR,FR,day_ahead_price,value,2026-06-05T07:47:19Z
2026-06-05T07:46:33Z,2026-06-05T09:46:33+0200,a4488497-2a44-4b02-8cf3-b5300ead3675,2026-05-24T06:15:00Z,2026-05-24T08:15:00+0200,7.96,EUR/MWh,FR,FR,day_ahead_price,value,2026-06-05T07:47:19Z
2026-06-05T07:46:33Z,2026-06-05T09:46:33+0200,a4488497-2a44-4b02-8cf3-b5300ead3675,2026-05-24T06:30:00Z,2026-05-24T08:30:00+0200,0.49,EUR/MWh,FR,FR,day_ahead_price,value,2026-06-05T07:47:19Z
2026-06-05T07:46:33Z,2026-06-05T09:46:33+0200,a4488497-2a44-4b02-8cf3-b5300ead3675,2026-05-24T06:45:00Z,2026-05-24T08:45:00+0200,0.0,EUR/MWh,FR,FR,day_ahead_price,value,2026-06-05T07:47:19Z
2026-06-05T07:46:33Z,2026-06-05T09:46:33+0200,a4488497-2a44-4b02-8cf3-b5300ead3675,2026-05-24T07:00:00Z,2026-05-24T09:00:00+0200,0.01,EUR/MWh,FR,FR,day_ahead_price,value,2026-06-05T07:47:19Z
2026-06-05T07:46:33Z,2026-06-05T09:46:33+0200,a4488497-2a44-4b02-8cf3-b5300ead3675,2026-05-24T07:15:00Z,2026-05-24T09:15:00+0200,0.0,EUR/MWh,FR,FR,day_ahead_price,value,2026-06-05T07:47:19Z
2026-06-05T07:46:33Z,2026-06-05T09:46:33+0200,a4488497-2a44-4b02-8cf3-b5300ead3675,2026-05-24T07:30:00Z,2026-05-24T09:30:00+0200,-0.01,EUR/MWh,FR,FR,day_ahead_price,value,2026-06-05T07:47:19Z
2026-06-05T07:46:33Z,2026-06-05T09:46:33+0200,a4488497-2a44-4b02-8cf3-b5300ead3675,2026-05-24T07:45:00Z,2026-05-24T09:45:00+0200,-0.11,EUR/MWh,FR,FR,day_ahead_price,value,2026-06-05T07:47:19Z
2026-06-05T07:46:33Z,2026-06-05T09:46:33+0200,a4488497-2a44-4b02-8cf3-b5300ead3675,2026-05-24T08:00:00Z,2026-05-24T10:00:00+0200,-0.11,EUR/MWh,FR,FR,day_ahead_price,value,2026-06-05T07:47:19Z
2026-06-05T07:46:33Z,2026-06-05T09:46:33+0200,a4488497-2a44-4b02-8cf3-b5300ead3675,2026-05-24T08:15:00Z,2026-05-24T10:15:00+0200,-0.9,EUR/MWh,FR,FR,day_ahead_price,value,2026-06-05T07:47:19Z
2026-06-05T07:46:33Z,2026-06-05T09:46:33+0200,a4488497-2a44-4b02-8cf3-b5300ead3675,2026-05-24T08:30:00Z,2026-05-24T10:30:00+0200,-3.0,EUR/MWh,FR,FR,day_ahead_price,value,2026-06-05T07:47:19Z
2026-06-05T07:46:33Z,2026-06-05T09:46:33+0200,a4488497-2a44-4b02-8cf3-b5300ead3675,2026-05-24T08:45:00Z,2026-05-24T10:45:00+0200,-6.0,EUR/MWh,FR,FR,day_ahead_price,value,2026-06-05T07:47:19Z
2026-06-05T07:46:33Z,2026-06-05T09:46:33+0200,a4488497-2a44-4b02-8cf3-b5300ead3675,2026-05-24T09:00:00Z,2026-05-24T11:00:00+0200,-5.99,EUR/MWh,FR,FR,day_ahead_price,value,2026-06-05T07:47:19Z
2026-06-05T07:46:33Z,2026-06-05T09:46:33+0200,a4488497-2a44-4b02-8cf3-b5300ead3675,2026-05-24T09:15:00Z,2026-05-24T11:15:00+0200,-11.25,EUR/MWh,FR,FR,day_ahead_price,value,2026-06-05T07:47:19Z
2026-06-05T07:46:33Z,2026-06-05T09:46:33+0200,a4488497-2a44-4b02-8cf3-b5300ead3675,2026-05-24T09:30:00Z,2026-05-24T11:30:00+0200,-14.33,EUR/MWh,FR,FR,day_ahead_price,value,2026-06-05T07:47:19Z
2026-06-05T07:46:33Z,2026-06-05T09:46:33+0200,a4488497-2a44-4b02-8cf3-b5300ead3675,2026-05-24T09:45:00Z,2026-05-24T11:45:00+0200,-23.48,EUR/MWh,FR,FR,day_ahead_price,value,2026-06-05T07:47:19Z
2026-06-05T07:46:33Z,2026-06-05T09:46:33+0200,a4488497-2a44-4b02-8cf3-b5300ead3675,2026-05-24T10:00:00Z,2026-05-24T12:00:00+0200,-19.48,EUR/MWh,FR,FR,day_ahead_price,value,2026-06-05T07:47:19Z
2026-06-05T07:46:33Z,2026-06-05T09:46:33+0200,a4488497-2a44-4b02-8cf3-b5300ead3675,2026-05-24T10:15:00Z,2026-05-24T12:15:00+0200,-29.8,EUR/MWh,FR,FR,day_ahead_price,value,2026-06-05T07:47:19Z
2026-06-05T07:46:33Z,2026-06-05T09:46:33+0200,a4488497-2a44-4b02-8cf3-b5300ead3675,2026-05-24T10:30:00Z,2026-05-24T12:30:00+0200,-41.77,EUR/MWh,FR,FR,day_ahead_price,value,2026-06-05T07:47:19Z
2026-06-05T07:46:33Z,2026-06-05T09:46:33+0200,a4488497-2a44-4b02-8cf3-b5300ead3675,2026-05-24T10:45:00Z,2026-05-24T12:45:00+0200,-58.37,EUR/MWh,FR,FR,day_ahead_price,value,2026-06-05T07:47:19Z
2026-06-05T07:46:33Z,2026-06-05T09:46:33+0200,a4488497-2a44-4b02-8cf3-b5300ead3675,2026-05-24T11:00:00Z,2026-05-24T13:00:00+0200,-59.59,EUR/MWh,FR,FR,day_ahead_price,value,2026-06-05T07:47:19Z
2026-06-05T07:46:33Z,2026-06-05T09:46:33+0200,a4488497-2a44-4b02-8cf3-b5300ead3675,2026-05-24T11:15:00Z,2026-05-24T13:15:00+0200,-71.46,EUR/MWh,FR,FR,day_ahead_price,value,2026-06-05T07:47:19Z
2026-06-05T07:46:33Z,2026-06-05T09:46:33+0200,a4488497-2a44-4b02-8cf3-b5300ead3675,2026-05-24T11:30:00Z,2026-05-24T13:30:00+0200,-84.35,EUR/MWh,FR,FR,day_ahead_price,value,2026-06-05T07:47:19Z
2026-06-05T07:46:33Z,2026-06-05T09:46:33+0200,a4488497-2a44-4b02-8cf3-b5300ead3675,2026-05-24T11:45:00Z,2026-05-24T13:45:00+0200,-86.08,EUR/MWh,FR,FR,day_ahead_price,value,2026-06-05T07:47:19Z
2026-06-05T07:46:33Z,2026-06-05T09:46:33+0200,a4488497-2a44-4b02-8cf3-b5300ead3675,2026-05-24T12:00:00Z,2026-05-24T14:00:00+0200,-77.31,EUR/MWh,FR,FR,day_ahead_price,value,2026-06-05T07:47:19Z
2026-06-05T07:46:33Z,2026-06-05T09:46:33+0200,a4488497-2a44-4b02-8cf3-b5300ead3675,2026-05-24T12:15:00Z,2026-05-24T14:15:00+0200,-69.49,EUR/MWh,FR,FR,day_ahead_price,value,2026-06-05T07:47:19Z
2026-06-05T07:46:33Z,2026-06-05T09:46:33+0200,a4488497-2a44-4b02-8cf3-b5300ead3675,2026-05-24T12:30:00Z,2026-05-24T14:30:00+0200,-58.55,EUR/MWh,FR,FR,day_ahead_price,value,2026-06-05T07:47:19Z
2026-06-05T07:46:33Z,2026-06-05T09:46:33+0200,a4488497-2a44-4b02-8cf3-b5300ead3675,2026-05-24T12:45:00Z,2026-05-24T14:45:00+0200,-39.8,EUR/MWh,FR,FR,day_ahead_price,value,2026-06-05T07:47:19Z
2026-06-05T07:46:33Z,2026-06-05T09:46:33+0200,a4488497-2a44-4b02-8cf3-b5300ead3675,2026-05-24T13:00:00Z,2026-05-24T15:00:00+0200,-45.97,EUR/MWh,FR,FR,day_ahead_price,value,2026-06-05T07:47:19Z
2026-06-05T07:46:33Z,2026-06-05T09:46:33+0200,a4488497-2a44-4b02-8cf3-b5300ead3675,2026-05-24T13:15:00Z,2026-05-24T15:15:00+0200,-27.09,EUR/MWh,FR,FR,day_ahead_price,value,2026-06-05T07:47:19Z
2026-06-05T07:46:33Z,2026-06-05T09:46:33+0200,a4488497-2a44-4b02-8cf3-b5300ead3675,2026-05-24T13:30:00Z,2026-05-24T15:30:00+0200,-14.28,EUR/MWh,FR,FR,day_ahead_price,value,2026-06-05T07:47:19Z
2026-06-05T07:46:33Z,2026-06-05T09:46:33+0200,a4488497-2a44-4b02-8cf3-b5300ead3675,2026-05-24T13:45:00Z,2026-05-24T15:45:00+0200,-6.0,EUR/MWh,FR,FR,day_ahead_price,value,2026-06-05T07:47:19Z
2026-06-05T07:46:33Z,2026-06-05T09:46:33+0200,a4488497-2a44-4b02-8cf3-b5300ead3675,2026-05-24T14:00:00Z,2026-05-24T16:00:00+0200,-6.0,EUR/MWh,FR,FR,day_ahead_price,value,2026-06-05T07:47:19Z
2026-06-05T07:46:33Z,2026-06-05T09:46:33+0200,a4488497-2a44-4b02-8cf3-b5300ead3675,2026-05-24T14:15:00Z,2026-05-24T16:15:00+0200,-1.52,EUR/MWh,FR,FR,day_ahead_price,value,2026-06-05T07:47:19Z
2026-06-05T07:46:33Z,2026-06-05T09:46:33+0200,a4488497-2a44-4b02-8cf3-b5300ead3675,2026-05-24T14:30:00Z,2026-05-24T16:30:00+0200,-0.27,EUR/MWh,FR,FR,day_ahead_price,value,2026-06-05T07:47:19Z
2026-06-05T07:46:33Z,2026-06-05T09:46:33+0200,a4488497-2a44-4b02-8cf3-b5300ead3675,2026-05-24T14:45:00Z,2026-05-24T16:45:00+0200,-0.04,EUR/MWh,FR,FR,day_ahead_price,value,2026-06-05T07:47:19Z
2026-06-05T07:46:33Z,2026-06-05T09:46:33+0200,a4488497-2a44-4b02-8cf3-b5300ead3675,2026-05-24T15:00:00Z,2026-05-24T17:00:00+0200,-0.01,EUR/MWh,FR,FR,day_ahead_price,value,2026-06-05T07:47:19Z
2026-06-05T07:46:33Z,2026-06-05T09:46:33+0200,a4488497-2a44-4b02-8cf3-b5300ead3675,2026-05-24T15:15:00Z,2026-05-24T17:15:00+0200,-0.01,EUR/MWh,FR,FR,day_ahead_price,value,2026-06-05T07:47:19Z
2026-06-05T07:46:33Z,2026-06-05T09:46:33+0200,a4488497-2a44-4b02-8cf3-b5300ead3675,2026-05-24T15:30:00Z,2026-05-24T17:30:00+0200,0.0,EUR/MWh,FR,FR,day_ahead_price,value,2026-06-05T07:47:19Z
2026-06-05T07:46:33Z,2026-06-05T09:46:33+0200,a4488497-2a44-4b02-8cf3-b5300ead3675,2026-05-24T15:45:00Z,2026-05-24T17:45:00+0200,0.0,EUR/MWh,FR,FR,day_ahead_price,value,2026-06-05T07:47:19Z
2026-06-05T07:46:33Z,2026-06-05T09:46:33+0200,a4488497-2a44-4b02-8cf3-b5300ead3675,2026-05-24T16:00:00Z,2026-05-24T18:00:00+0200,0.1,EUR/MWh,FR,FR,day_ahead_price,value,2026-06-05T07:47:19Z
2026-06-05T07:46:33Z,2026-06-05T09:46:33+0200,a4488497-2a44-4b02-8cf3-b5300ead3675,2026-05-24T16:15:00Z,2026-05-24T18:15:00+0200,10.86,EUR/MWh,FR,FR,day_ahead_price,value,2026-06-05T07:47:19Z
2026-06-05T07:46:33Z,2026-06-05T09:46:33+0200,a4488497-2a44-4b02-8cf3-b5300ead3675,2026-05-24T16:30:00Z,2026-05-24T18:30:00+0200,16.31,EUR/MWh,FR,FR,day_ahead_price,value,2026-06-05T07:47:19Z
2026-06-05T07:46:33Z,2026-06-05T09:46:33+0200,a4488497-2a44-4b02-8cf3-b5300ead3675,2026-05-24T16:45:00Z,2026-05-24T18:45:00+0200,27.72,EUR/MWh,FR,FR,day_ahead_price,value,2026-06-05T07:47:19Z
2026-06-05T07:46:33Z,2026-06-05T09:46:33+0200,a4488497-2a44-4b02-8cf3-b5300ead3675,2026-05-24T17:00:00Z,2026-05-24T19:00:00+0200,20.83,EUR/MWh,FR,FR,day_ahead_price,value,2026-06-05T07:47:19Z
2026-06-05T07:46:33Z,2026-06-05T09:46:33+0200,a4488497-2a44-4b02-8cf3-b5300ead3675,2026-05-24T17:15:00Z,2026-05-24T19:15:00+0200,23.2,EUR/MWh,FR,FR,day_ahead_price,value,2026-06-05T07:47:19Z
2026-06-05T07:46:33Z,2026-06-05T09:46:33+0200,a4488497-2a44-4b02-8cf3-b5300ead3675,2026-05-24T17:30:00Z,2026-05-24T19:30:00+0200,27.06,EUR/MWh,FR,FR,day_ahead_price,value,2026-06-05T07:47:19Z
2026-06-05T07:46:33Z,2026-06-05T09:46:33+0200,a4488497-2a44-4b02-8cf3-b5300ead3675,2026-05-24T17:45:00Z,2026-05-24T19:45:00+0200,35.02,EUR/MWh,FR,FR,day_ahead_price,value,2026-06-05T07:47:19Z
2026-06-05T07:46:33Z,2026-06-05T09:46:33+0200,a4488497-2a44-4b02-8cf3-b5300ead3675,2026-05-24T18:00:00Z,2026-05-24T20:00:00+0200,35.01,EUR/MWh,FR,FR,day_ahead_price,value,2026-06-05T07:47:19Z
2026-06-05T07:46:33Z,2026-06-05T09:46:33+0200,a4488497-2a44-4b02-8cf3-b5300ead3675,2026-05-24T18:15:00Z,2026-05-24T20:15:00+0200,47.52,EUR/MWh,FR,FR,day_ahead_price,value,2026-06-05T07:47:19Z
2026-06-05T07:46:33Z,2026-06-05T09:46:33+0200,a4488497-2a44-4b02-8cf3-b5300ead3675,2026-05-24T18:30:00Z,2026-05-24T20:30:00+0200,58.95,EUR/MWh,FR,FR,day_ahead_price,value,2026-06-05T07:47:19Z
2026-06-05T07:46:33Z,2026-06-05T09:46:33+0200,a4488497-2a44-4b02-8cf3-b5300ead3675,2026-05-24T18:45:00Z,2026-05-24T20:45:00+0200,75.43,EUR/MWh,FR,FR,day_ahead_price,value,2026-06-05T07:47:19Z
2026-06-05T07:46:33Z,2026-06-05T09:46:33+0200,a4488497-2a44-4b02-8cf3-b5300ead3675,2026-05-24T19:00:00Z,2026-05-24T21:00:00+0200,78.82,EUR/MWh,FR,FR,day_ahead_price,value,2026-06-05T07:47:19Z
2026-06-05T07:46:33Z,2026-06-05T09:46:33+0200,a4488497-2a44-4b02-8cf3-b5300ead3675,2026-05-24T19:15:00Z,2026-05-24T21:15:00+0200,86.1,EUR/MWh,FR,FR,day_ahead_price,value,2026-06-05T07:47:19Z
2026-06-05T07:46:33Z,2026-06-05T09:46:33+0200,a4488497-2a44-4b02-8cf3-b5300ead3675,2026-05-24T19:30:00Z,2026-05-24T21:30:00+0200,89.0,EUR/MWh,FR,FR,day_ahead_price,value,2026-06-05T07:47:19Z
2026-06-05T07:46:33Z,2026-06-05T09:46:33+0200,a4488497-2a44-4b02-8cf3-b5300ead3675,2026-05-24T19:45:00Z,2026-05-24T21:45:00+0200,85.5,EUR/MWh,FR,FR,day_ahead_price,value,2026-06-05T07:47:19Z
2026-06-05T07:46:33Z,2026-06-05T09:46:33+0200,a4488497-2a44-4b02-8cf3-b5300ead3675,2026-05-24T20:00:00Z,2026-05-24T22:00:00+0200,91.62,EUR/MWh,FR,FR,day_ahead_price,value,2026-06-05T07:47:19Z
2026-06-05T07:46:33Z,2026-06-05T09:46:33+0200,a4488497-2a44-4b02-8cf3-b5300ead3675,2026-05-24T20:15:00Z,2026-05-24T22:15:00+0200,91.1,EUR/MWh,FR,FR,day_ahead_price,value,2026-06-05T07:47:19Z
2026-06-05T07:46:33Z,2026-06-05T09:46:33+0200,a4488497-2a44-4b02-8cf3-b5300ead3675,2026-05-24T20:30:00Z,2026-05-24T22:30:00+0200,91.47,EUR/MWh,FR,FR,day_ahead_price,value,2026-06-05T07:47:19Z
2026-06-05T07:46:33Z,2026-06-05T09:46:33+0200,a4488497-2a44-4b02-8cf3-b5300ead3675,2026-05-24T20:45:00Z,2026-05-24T22:45:00+0200,85.0,EUR/MWh,FR,FR,day_ahead_price,value,2026-06-05T07:47:19Z
2026-06-05T07:46:33Z,2026-06-05T09:46:33+0200,a4488497-2a44-4b02-8cf3-b5300ead3675,2026-05-24T21:00:00Z,2026-05-24T23:00:00+0200,76.14,EUR/MWh,FR,FR,day_ahead_price,value,2026-06-05T07:47:19Z
2026-06-05T07:46:33Z,2026-06-05T09:46:33+0200,a4488497-2a44-4b02-8cf3-b5300ead3675,2026-05-24T21:15:00Z,2026-05-24T23:15:00+0200,71.4,EUR/MWh,FR,FR,day_ahead_price,value,2026-06-05T07:47:19Z
2026-06-05T07:46:33Z,2026-06-05T09:46:33+0200,a4488497-2a44-4b02-8cf3-b5300ead3675,2026-05-24T21:30:00Z,2026-05-24T23:30:00+0200,69.59,EUR/MWh,FR,FR,day_ahead_price,value,2026-06-05T07:47:19Z
2026-06-05T07:46:33Z,2026-06-05T09:46:33+0200,a4488497-2a44-4b02-8cf3-b5300ead3675,2026-05-24T21:45:00Z,2026-05-24T23:45:00+0200,60.0,EUR/MWh,FR,FR,day_ahead_price,value,2026-06-05T07:47:19Z
2026-06-05T07:46:33Z,2026-06-05T09:46:33+0200,a4488497-2a44-4b02-8cf3-b5300ead3675,2026-05-24T22:00:00Z,2026-05-25T00:00:00+0200,50.0,EUR/MWh,FR,FR,day_ahead_price,value,2026-06-05T07:47:19Z
2026-06-05T07:46:33Z,2026-06-05T09:46:33+0200,a4488497-2a44-4b02-8cf3-b5300ead3675,2026-05-24T22:15:00Z,2026-05-25T00:15:00+0200,36.5,EUR/MWh,FR,FR,day_ahead_price,value,2026-06-05T07:47:19Z
2026-06-05T07:46:33Z,2026-06-05T09:46:33+0200,a4488497-2a44-4b02-8cf3-b5300ead3675,2026-05-24T22:30:00Z,2026-05-25T00:30:00+0200,35.21,EUR/MWh,FR,FR,day_ahead_price,value,2026-06-05T07:47:19Z
2026-06-05T07:46:33Z,2026-06-05T09:46:33+0200,a4488497-2a44-4b02-8cf3-b5300ead3675,2026-05-24T22:45:00Z,2026-05-25T00:45:00+0200,30.2,EUR/MWh,FR,FR,day_ahead_price,value,2026-06-05T07:47:19Z
2026-06-05T07:46:33Z,2026-06-05T09:46:33+0200,a4488497-2a44-4b02-8cf3-b5300ead3675,2026-05-24T23:00:00Z,2026-05-25T01:00:00+0200,41.0,EUR/MWh,FR,FR,day_ahead_price,value,2026-06-05T07:47:19Z
2026-06-05T07:46:33Z,2026-06-05T09:46:33+0200,a4488497-2a44-4b02-8cf3-b5300ead3675,2026-05-24T23:15:00Z,2026-05-25T01:15:00+0200,34.66,EUR/MWh,FR,FR,day_ahead_price,value,2026-06-05T07:47:19Z
2026-06-05T07:46:33Z,2026-06-05T09:46:33+0200,a4488497-2a44-4b02-8cf3-b5300ead3675,2026-05-24T23:30:00Z,2026-05-25T01:30:00+0200,34.77,EUR/MWh,FR,FR,day_ahead_price,value,2026-06-05T07:47:19Z
2026-06-05T07:46:33Z,2026-06-05T09:46:33+0200,a4488497-2a44-4b02-8cf3-b5300ead3675,2026-05-24T23:45:00Z,2026-05-25T01:45:00+0200,27.84,EUR/MWh,FR,FR,day_ahead_price,value,2026-06-05T07:47:19Z
2026-06-05T07:46:33Z,2026-06-05T09:46:33+0200,a4488497-2a44-4b02-8cf3-b5300ead3675,2026-05-25T00:00:00Z,2026-05-25T02:00:00+0200,25.0,EUR/MWh,FR,FR,day_ahead_price,value,2026-06-05T07:47:19Z
2026-06-05T07:46:33Z,2026-06-05T09:46:33+0200,a4488497-2a44-4b02-8cf3-b5300ead3675,2026-05-25T00:15:00Z,2026-05-25T02:15:00+0200,24.16,EUR/MWh,FR,FR,day_ahead_price,value,2026-06-05T07:47:19Z
2026-06-05T07:46:33Z,2026-06-05T09:46:33+0200,a4488497-2a44-4b02-8cf3-b5300ead3675,2026-05-25T00:30:00Z,2026-05-25T02:30:00+0200,24.16,EUR/MWh,FR,FR,day_ahead_price,value,2026-06-05T07:47:19Z
2026-06-05T07:46:33Z,2026-06-05T09:46:33+0200,a4488497-2a44-4b02-8cf3-b5300ead3675,2026-05-25T00:45:00Z,2026-05-25T02:45:00+0200,24.16,EUR/MWh,FR,FR,day_ahead_price,value,2026-06-05T07:47:19Z
2026-06-05T07:46:33Z,2026-06-05T09:46:33+0200,a4488497-2a44-4b02-8cf3-b5300ead3675,2026-05-25T01:00:00Z,2026-05-25T03:00:00+0200,24.16,EUR/MWh,FR,FR,day_ahead_price,value,2026-06-05T07:47:19Z
2026-06-05T07:46:33Z,2026-06-05T09:46:33+0200,a4488497-2a44-4b02-8cf3-b5300ead3675,2026-05-25T01:15:00Z,2026-05-25T03:15:00+0200,24.15,EUR/MWh,FR,FR,day_ahead_price,value,2026-06-05T07:47:19Z
2026-06-05T07:46:33Z,2026-06-05T09:46:33+0200,a4488497-2a44-4b02-8cf3-b5300ead3675,2026-05-25T01:30:00Z,2026-05-25T03:30:00+0200,20.52,EUR/MWh,FR,FR,day_ahead_price,value,2026-06-05T07:47:19Z
2026-06-05T07:46:33Z,2026-06-05T09:46:33+0200,a4488497-2a44-4b02-8cf3-b5300ead3675,2026-05-25T01:45:00Z,2026-05-25T03:45:00+0200,28.54,EUR/MWh,FR,FR,day_ahead_price,value,2026-06-05T07:47:19Z
2026-06-05T07:46:33Z,2026-06-05T09:46:33+0200,a4488497-2a44-4b02-8cf3-b5300ead3675,2026-05-25T02:00:00Z,2026-05-25T04:00:00+0200,24.16,EUR/MWh,FR,FR,day_ahead_price,value,2026-06-05T07:47:19Z
2026-06-05T07:46:33Z,2026-06-05T09:46:33+0200,a4488497-2a44-4b02-8cf3-b5300ead3675,2026-05-25T02:15:00Z,2026-05-25T04:15:00+0200,20.57,EUR/MWh,FR,FR,day_ahead_price,value,2026-06-05T07:47:19Z
2026-06-05T07:46:33Z,2026-06-05T09:46:33+0200,a4488497-2a44-4b02-8cf3-b5300ead3675,2026-05-25T02:30:00Z,2026-05-25T04:30:00+0200,22.82,EUR/MWh,FR,FR,day_ahead_price,value,2026-06-05T07:47:19Z
2026-06-05T07:46:33Z,2026-06-05T09:46:33+0200,a4488497-2a44-4b02-8cf3-b5300ead3675,2026-05-25T02:45:00Z,2026-05-25T04:45:00+0200,21.97,EUR/MWh,FR,FR,day_ahead_price,value,2026-06-05T07:47:19Z
2026-06-05T07:46:33Z,2026-06-05T09:46:33+0200,a4488497-2a44-4b02-8cf3-b5300ead3675,2026-05-25T03:00:00Z,2026-05-25T05:00:00+0200,14.24,EUR/MWh,FR,FR,day_ahead_price,value,2026-06-05T07:47:19Z
2026-06-05T07:46:33Z,2026-06-05T09:46:33+0200,a4488497-2a44-4b02-8cf3-b5300ead3675,2026-05-25T03:15:00Z,2026-05-25T05:15:00+0200,30.0,EUR/MWh,FR,FR,day_ahead_price,value,2026-06-05T07:47:19Z
2026-06-05T07:46:33Z,2026-06-05T09:46:33+0200,a4488497-2a44-4b02-8cf3-b5300ead3675,2026-05-25T03:30:00Z,2026-05-25T05:30:00+0200,28.36,EUR/MWh,FR,FR,day_ahead_price,value,2026-06-05T07:47:19Z
2026-06-05T07:46:33Z,2026-06-05T09:46:33+0200,a4488497-2a44-4b02-8cf3-b5300ead3675,2026-05-25T03:45:00Z,2026-05-25T05:45:00+0200,35.0,EUR/MWh,FR,FR,day_ahead_price,value,2026-06-05T07:47:19Z
2026-06-05T07:46:33Z,2026-06-05T09:46:33+0200,a4488497-2a44-4b02-8cf3-b5300ead3675,2026-05-25T04:00:00Z,2026-05-25T06:00:00+0200,46.0,EUR/MWh,FR,FR,day_ahead_price,value,2026-06-05T07:47:19Z
2026-06-05T07:46:33Z,2026-06-05T09:46:33+0200,a4488497-2a44-4b02-8cf3-b5300ead3675,2026-05-25T04:15:00Z,2026-05-25T06:15:00+0200,39.99,EUR/MWh,FR,FR,day_ahead_price,value,2026-06-05T07:47:19Z
2026-06-05T07:46:33Z,2026-06-05T09:46:33+0200,a4488497-2a44-4b02-8cf3-b5300ead3675,2026-05-25T04:30:00Z,2026-05-25T06:30:00+0200,43.04,EUR/MWh,FR,FR,day_ahead_price,value,2026-06-05T07:47:19Z
2026-06-05T07:46:33Z,2026-06-05T09:46:33+0200,a4488497-2a44-4b02-8cf3-b5300ead3675,2026-05-25T04:45:00Z,2026-05-25T06:45:00+0200,31.53,EUR/MWh,FR,FR,day_ahead_price,value,2026-06-05T07:47:19Z
2026-06-05T07:46:33Z,2026-06-05T09:46:33+0200,a4488497-2a44-4b02-8cf3-b5300ead3675,2026-05-25T05:00:00Z,2026-05-25T07:00:00+0200,53.63,EUR/MWh,FR,FR,day_ahead_price,value,2026-06-05T07:47:19Z
2026-06-05T07:46:33Z,2026-06-05T09:46:33+0200,a4488497-2a44-4b02-8cf3-b5300ead3675,2026-05-25T05:15:00Z,2026-05-25T07:15:00+0200,36.58,EUR/MWh,FR,FR,day_ahead_price,value,2026-06-05T07:47:19Z
2026-06-05T07:46:33Z,2026-06-05T09:46:33+0200,a4488497-2a44-4b02-8cf3-b5300ead3675,2026-05-25T05:30:00Z,2026-05-25T07:30:00+0200,25.43,EUR/MWh,FR,FR,day_ahead_price,value,2026-06-05T07:47:19Z
2026-06-05T07:46:33Z,2026-06-05T09:46:33+0200,a4488497-2a44-4b02-8cf3-b5300ead3675,2026-05-25T05:45:00Z,2026-05-25T07:45:00+0200,13.7,EUR/MWh,FR,FR,day_ahead_price,value,2026-06-05T07:47:19Z
2026-06-05T07:46:33Z,2026-06-05T09:46:33+0200,a4488497-2a44-4b02-8cf3-b5300ead3675,2026-05-25T06:00:00Z,2026-05-25T08:00:00+0200,38.92,EUR/MWh,FR,FR,day_ahead_price,value,2026-06-05T07:47:19Z
2026-06-05T07:46:33Z,2026-06-05T09:46:33+0200,a4488497-2a44-4b02-8cf3-b5300ead3675,2026-05-25T06:15:00Z,2026-05-25T08:15:00+0200,18.0,EUR/MWh,FR,FR,day_ahead_price,value,2026-06-05T07:47:19Z
2026-06-05T07:46:33Z,2026-06-05T09:46:33+0200,a4488497-2a44-4b02-8cf3-b5300ead3675,2026-05-25T06:30:00Z,2026-05-25T08:30:00+0200,17.5,EUR/MWh,FR,FR,day_ahead_price,value,2026-06-05T07:47:19Z
2026-06-05T07:46:33Z,2026-06-05T09:46:33+0200,a4488497-2a44-4b02-8cf3-b5300ead3675,2026-05-25T06:45:00Z,2026-05-25T08:45:00+0200,1.31,EUR/MWh,FR,FR,day_ahead_price,value,2026-06-05T07:47:19Z
2026-06-05T07:46:33Z,2026-06-05T09:46:33+0200,a4488497-2a44-4b02-8cf3-b5300ead3675,2026-05-25T07:00:00Z,2026-05-25T09:00:00+0200,16.73,EUR/MWh,FR,FR,day_ahead_price,value,2026-06-05T07:47:19Z
2026-06-05T07:46:33Z,2026-06-05T09:46:33+0200,a4488497-2a44-4b02-8cf3-b5300ead3675,2026-05-25T07:15:00Z,2026-05-25T09:15:00+0200,3.08,EUR/MWh,FR,FR,day_ahead_price,value,2026-06-05T07:47:19Z
2026-06-05T07:46:33Z,2026-06-05T09:46:33+0200,a4488497-2a44-4b02-8cf3-b5300ead3675,2026-05-25T07:30:00Z,2026-05-25T09:30:00+0200,0.19,EUR/MWh,FR,FR,day_ahead_price,value,2026-06-05T07:47:19Z
2026-06-05T07:46:33Z,2026-06-05T09:46:33+0200,a4488497-2a44-4b02-8cf3-b5300ead3675,2026-05-25T07:45:00Z,2026-05-25T09:45:00+0200,0.0,EUR/MWh,FR,FR,day_ahead_price,value,2026-06-05T07:47:19Z
2026-06-05T07:46:33Z,2026-06-05T09:46:33+0200,a4488497-2a44-4b02-8cf3-b5300ead3675,2026-05-25T08:00:00Z,2026-05-25T10:00:00+0200,0.0,EUR/MWh,FR,FR,day_ahead_price,value,2026-06-05T07:47:19Z
2026-06-05T07:46:33Z,2026-06-05T09:46:33+0200,a4488497-2a44-4b02-8cf3-b5300ead3675,2026-05-25T08:15:00Z,2026-05-25T10:15:00+0200,-0.01,EUR/MWh,FR,FR,day_ahead_price,value,2026-06-05T07:47:19Z
2026-06-05T07:46:33Z,2026-06-05T09:46:33+0200,a4488497-2a44-4b02-8cf3-b5300ead3675,2026-05-25T08:30:00Z,2026-05-25T10:30:00+0200,-0.06,EUR/MWh,FR,FR,day_ahead_price,value,2026-06-05T07:47:19Z
2026-06-05T07:46:33Z,2026-06-05T09:46:33+0200,a4488497-2a44-4b02-8cf3-b5300ead3675,2026-05-25T08:45:00Z,2026-05-25T10:45:00+0200,-0.49,EUR/MWh,FR,FR,day_ahead_price,value,2026-06-05T07:47:19Z
2026-06-05T07:46:33Z,2026-06-05T09:46:33+0200,a4488497-2a44-4b02-8cf3-b5300ead3675,2026-05-25T09:00:00Z,2026-05-25T11:00:00+0200,-0.82,EUR/MWh,FR,FR,day_ahead_price,value,2026-06-05T07:47:19Z
2026-06-05T07:46:33Z,2026-06-05T09:46:33+0200,a4488497-2a44-4b02-8cf3-b5300ead3675,2026-05-25T09:15:00Z,2026-05-25T11:15:00+0200,-1.0,EUR/MWh,FR,FR,day_ahead_price,value,2026-06-05T07:47:19Z
2026-06-05T07:46:33Z,2026-06-05T09:46:33+0200,a4488497-2a44-4b02-8cf3-b5300ead3675,2026-05-25T09:30:00Z,2026-05-25T11:30:00+0200,-1.32,EUR/MWh,FR,FR,day_ahead_price,value,2026-06-05T07:47:19Z
2026-06-05T07:46:33Z,2026-06-05T09:46:33+0200,a4488497-2a44-4b02-8cf3-b5300ead3675,2026-05-25T09:45:00Z,2026-05-25T11:45:00+0200,-3.83,EUR/MWh,FR,FR,day_ahead_price,value,2026-06-05T07:47:19Z
2026-06-05T07:46:33Z,2026-06-05T09:46:33+0200,a4488497-2a44-4b02-8cf3-b5300ead3675,2026-05-25T10:00:00Z,2026-05-25T12:00:00+0200,-2.0,EUR/MWh,FR,FR,day_ahead_price,value,2026-06-05T07:47:19Z
2026-06-05T07:46:33Z,2026-06-05T09:46:33+0200,a4488497-2a44-4b02-8cf3-b5300ead3675,2026-05-25T10:15:00Z,2026-05-25T12:15:00+0200,-2.41,EUR/MWh,FR,FR,day_ahead_price,value,2026-06-05T07:47:19Z
2026-06-05T07:46:33Z,2026-06-05T09:46:33+0200,a4488497-2a44-4b02-8cf3-b5300ead3675,2026-05-25T10:30:00Z,2026-05-25T12:30:00+0200,-2.0,EUR/MWh,FR,FR,day_ahead_price,value,2026-06-05T07:47:19Z
2026-06-05T07:46:33Z,2026-06-05T09:46:33+0200,a4488497-2a44-4b02-8cf3-b5300ead3675,2026-05-25T10:45:00Z,2026-05-25T12:45:00+0200,-2.44,EUR/MWh,FR,FR,day_ahead_price,value,2026-06-05T07:47:19Z
2026-06-05T07:46:33Z,2026-06-05T09:46:33+0200,a4488497-2a44-4b02-8cf3-b5300ead3675,2026-05-25T11:00:00Z,2026-05-25T13:00:00+0200,-9.99,EUR/MWh,FR,FR,day_ahead_price,value,2026-06-05T07:47:19Z
2026-06-05T07:46:33Z,2026-06-05T09:46:33+0200,a4488497-2a44-4b02-8cf3-b5300ead3675,2026-05-25T11:15:00Z,2026-05-25T13:15:00+0200,-12.38,EUR/MWh,FR,FR,day_ahead_price,value,2026-06-05T07:47:19Z
2026-06-05T07:46:33Z,2026-06-05T09:46:33+0200,a4488497-2a44-4b02-8cf3-b5300ead3675,2026-05-25T11:30:00Z,2026-05-25T13:30:00+0200,-20.0,EUR/MWh,FR,FR,day_ahead_price,value,2026-06-05T07:47:19Z
2026-06-05T07:46:33Z,2026-06-05T09:46:33+0200,a4488497-2a44-4b02-8cf3-b5300ead3675,2026-05-25T11:45:00Z,2026-05-25T13:45:00+0200,-21.19,EUR/MWh,FR,FR,day_ahead_price,value,2026-06-05T07:47:19Z
2026-06-05T07:46:33Z,2026-06-05T09:46:33+0200,a4488497-2a44-4b02-8cf3-b5300ead3675,2026-05-25T12:00:00Z,2026-05-25T14:00:00+0200,-13.91,EUR/MWh,FR,FR,day_ahead_price,value,2026-06-05T07:47:19Z
2026-06-05T07:46:33Z,2026-06-05T09:46:33+0200,a4488497-2a44-4b02-8cf3-b5300ead3675,2026-05-25T12:15:00Z,2026-05-25T14:15:00+0200,-12.06,EUR/MWh,FR,FR,day_ahead_price,value,2026-06-05T07:47:19Z
2026-06-05T07:46:33Z,2026-06-05T09:46:33+0200,a4488497-2a44-4b02-8cf3-b5300ead3675,2026-05-25T12:30:00Z,2026-05-25T14:30:00+0200,-7.93,EUR/MWh,FR,FR,day_ahead_price,value,2026-06-05T07:47:19Z
2026-06-05T07:46:33Z,2026-06-05T09:46:33+0200,a4488497-2a44-4b02-8cf3-b5300ead3675,2026-05-25T12:45:00Z,2026-05-25T14:45:00+0200,-5.07,EUR/MWh,FR,FR,day_ahead_price,value,2026-06-05T07:47:19Z
2026-06-05T07:46:33Z,2026-06-05T09:46:33+0200,a4488497-2a44-4b02-8cf3-b5300ead3675,2026-05-25T13:00:00Z,2026-05-25T15:00:00+0200,-2.1,EUR/MWh,FR,FR,day_ahead_price,value,2026-06-05T07:47:19Z
2026-06-05T07:46:33Z,2026-06-05T09:46:33+0200,a4488497-2a44-4b02-8cf3-b5300ead3675,2026-05-25T13:15:00Z,2026-05-25T15:15:00+0200,-2.1,EUR/MWh,FR,FR,day_ahead_price,value,2026-06-05T07:47:19Z
2026-06-05T07:46:33Z,2026-06-05T09:46:33+0200,a4488497-2a44-4b02-8cf3-b5300ead3675,2026-05-25T13:30:00Z,2026-05-25T15:30:00+0200,-2.0,EUR/MWh,FR,FR,day_ahead_price,value,2026-06-05T07:47:19Z
2026-06-05T07:46:33Z,2026-06-05T09:46:33+0200,a4488497-2a44-4b02-8cf3-b5300ead3675,2026-05-25T13:45:00Z,2026-05-25T15:45:00+0200,-1.46,EUR/MWh,FR,FR,day_ahead_price,value,2026-06-05T07:47:19Z
2026-06-05T07:46:33Z,2026-06-05T09:46:33+0200,a4488497-2a44-4b02-8cf3-b5300ead3675,2026-05-25T14:00:00Z,2026-05-25T16:00:00+0200,-1.0,EUR/MWh,FR,FR,day_ahead_price,value,2026-06-05T07:47:19Z
2026-06-05T07:46:33Z,2026-06-05T09:46:33+0200,a4488497-2a44-4b02-8cf3-b5300ead3675,2026-05-25T14:15:00Z,2026-05-25T16:15:00+0200,-0.12,EUR/MWh,FR,FR,day_ahead_price,value,2026-06-05T07:47:19Z
2026-06-05T07:46:33Z,2026-06-05T09:46:33+0200,a4488497-2a44-4b02-8cf3-b5300ead3675,2026-05-25T14:30:00Z,2026-05-25T16:30:00+0200,0.0,EUR/MWh,FR,FR,day_ahead_price,value,2026-06-05T07:47:19Z
2026-06-05T07:46:33Z,2026-06-05T09:46:33+0200,a4488497-2a44-4b02-8cf3-b5300ead3675,2026-05-25T14:45:00Z,2026-05-25T16:45:00+0200,2.49,EUR/MWh,FR,FR,day_ahead_price,value,2026-06-05T07:47:19Z
2026-06-05T07:46:33Z,2026-06-05T09:46:33+0200,a4488497-2a44-4b02-8cf3-b5300ead3675,2026-05-25T15:00:00Z,2026-05-25T17:00:00+0200,0.0,EUR/MWh,FR,FR,day_ahead_price,value,2026-06-05T07:47:19Z
2026-06-05T07:46:33Z,2026-06-05T09:46:33+0200,a4488497-2a44-4b02-8cf3-b5300ead3675,2026-05-25T15:15:00Z,2026-05-25T17:15:00+0200,3.78,EUR/MWh,FR,FR,day_ahead_price,value,2026-06-05T07:47:19Z
2026-06-05T07:46:33Z,2026-06-05T09:46:33+0200,a4488497-2a44-4b02-8cf3-b5300ead3675,2026-05-25T15:30:00Z,2026-05-25T17:30:00+0200,2.4,EUR/MWh,FR,FR,day_ahead_price,value,2026-06-05T07:47:19Z
2026-06-05T07:46:33Z,2026-06-05T09:46:33+0200,a4488497-2a44-4b02-8cf3-b5300ead3675,2026-05-25T15:45:00Z,2026-05-25T17:45:00+0200,37.9,EUR/MWh,FR,FR,day_ahead_price,value,2026-06-05T07:47:19Z
2026-06-05T07:46:33Z,2026-06-05T09:46:33+0200,a4488497-2a44-4b02-8cf3-b5300ead3675,2026-05-25T16:00:00Z,2026-05-25T18:00:00+0200,15.29,EUR/MWh,FR,FR,day_ahead_price,value,2026-06-05T07:47:19Z
2026-06-05T07:46:33Z,2026-06-05T09:46:33+0200,a4488497-2a44-4b02-8cf3-b5300ead3675,2026-05-25T16:15:00Z,2026-05-25T18:15:00+0200,13.82,EUR/MWh,FR,FR,day_ahead_price,value,2026-06-05T07:47:19Z
2026-06-05T07:46:33Z,2026-06-05T09:46:33+0200,a4488497-2a44-4b02-8cf3-b5300ead3675,2026-05-25T16:30:00Z,2026-05-25T18:30:00+0200,45.76,EUR/MWh,FR,FR,day_ahead_price,value,2026-06-05T07:47:19Z
2026-06-05T07:46:33Z,2026-06-05T09:46:33+0200,a4488497-2a44-4b02-8cf3-b5300ead3675,2026-05-25T16:45:00Z,2026-05-25T18:45:00+0200,51.94,EUR/MWh,FR,FR,day_ahead_price,value,2026-06-05T07:47:19Z
2026-06-05T07:46:33Z,2026-06-05T09:46:33+0200,a4488497-2a44-4b02-8cf3-b5300ead3675,2026-05-25T17:00:00Z,2026-05-25T19:00:00+0200,14.02,EUR/MWh,FR,FR,day_ahead_price,value,2026-06-05T07:47:19Z
2026-06-05T07:46:33Z,2026-06-05T09:46:33+0200,a4488497-2a44-4b02-8cf3-b5300ead3675,2026-05-25T17:15:00Z,2026-05-25T19:15:00+0200,45.15,EUR/MWh,FR,FR,day_ahead_price,value,2026-06-05T07:47:19Z
2026-06-05T07:46:33Z,2026-06-05T09:46:33+0200,a4488497-2a44-4b02-8cf3-b5300ead3675,2026-05-25T17:30:00Z,2026-05-25T19:30:00+0200,57.86,EUR/MWh,FR,FR,day_ahead_price,value,2026-06-05T07:47:19Z
2026-06-05T07:46:33Z,2026-06-05T09:46:33+0200,a4488497-2a44-4b02-8cf3-b5300ead3675,2026-05-25T17:45:00Z,2026-05-25T19:45:00+0200,96.61,EUR/MWh,FR,FR,day_ahead_price,value,2026-06-05T07:47:19Z
2026-06-05T07:46:33Z,2026-06-05T09:46:33+0200,a4488497-2a44-4b02-8cf3-b5300ead3675,2026-05-25T18:00:00Z,2026-05-25T20:00:00+0200,55.6,EUR/MWh,FR,FR,day_ahead_price,value,2026-06-05T07:47:19Z
2026-06-05T07:46:33Z,2026-06-05T09:46:33+0200,a4488497-2a44-4b02-8cf3-b5300ead3675,2026-05-25T18:15:00Z,2026-05-25T20:15:00+0200,85.67,EUR/MWh,FR,FR,day_ahead_price,value,2026-06-05T07:47:19Z
2026-06-05T07:46:33Z,2026-06-05T09:46:33+0200,a4488497-2a44-4b02-8cf3-b5300ead3675,2026-05-25T18:30:00Z,2026-05-25T20:30:00+0200,101.28,EUR/MWh,FR,FR,day_ahead_price,value,2026-06-05T07:47:19Z
2026-06-05T07:46:33Z,2026-06-05T09:46:33+0200,a4488497-2a44-4b02-8cf3-b5300ead3675,2026-05-25T18:45:00Z,2026-05-25T20:45:00+0200,109.89,EUR/MWh,FR,FR,day_ahead_price,value,2026-06-05T07:47:19Z
2026-06-05T07:46:33Z,2026-06-05T09:46:33+0200,a4488497-2a44-4b02-8cf3-b5300ead3675,2026-05-25T19:00:00Z,2026-05-25T21:00:00+0200,104.42,EUR/MWh,FR,FR,day_ahead_price,value,2026-06-05T07:47:19Z
2026-06-05T07:46:33Z,2026-06-05T09:46:33+0200,a4488497-2a44-4b02-8cf3-b5300ead3675,2026-05-25T19:15:00Z,2026-05-25T21:15:00+0200,108.1,EUR/MWh,FR,FR,day_ahead_price,value,2026-06-05T07:47:19Z
2026-06-05T07:46:33Z,2026-06-05T09:46:33+0200,a4488497-2a44-4b02-8cf3-b5300ead3675,2026-05-25T19:30:00Z,2026-05-25T21:30:00+0200,110.0,EUR/MWh,FR,FR,day_ahead_price,value,2026-06-05T07:47:19Z
2026-06-05T07:46:33Z,2026-06-05T09:46:33+0200,a4488497-2a44-4b02-8cf3-b5300ead3675,2026-05-25T19:45:00Z,2026-05-25T21:45:00+0200,109.86,EUR/MWh,FR,FR,day_ahead_price,value,2026-06-05T07:47:19Z
2026-06-05T07:46:33Z,2026-06-05T09:46:33+0200,a4488497-2a44-4b02-8cf3-b5300ead3675,2026-05-25T20:00:00Z,2026-05-25T22:00:00+0200,109.89,EUR/MWh,FR,FR,day_ahead_price,value,2026-06-05T07:47:19Z
2026-06-05T07:46:33Z,2026-06-05T09:46:33+0200,a4488497-2a44-4b02-8cf3-b5300ead3675,2026-05-25T20:15:00Z,2026-05-25T22:15:00+0200,109.86,EUR/MWh,FR,FR,day_ahead_price,value,2026-06-05T07:47:19Z
2026-06-05T07:46:33Z,2026-06-05T09:46:33+0200,a4488497-2a44-4b02-8cf3-b5300ead3675,2026-05-25T20:30:00Z,2026-05-25T22:30:00+0200,109.86,EUR/MWh,FR,FR,day_ahead_price,value,2026-06-05T07:47:19Z
2026-06-05T07:46:33Z,2026-06-05T09:46:33+0200,a4488497-2a44-4b02-8cf3-b5300ead3675,2026-05-25T20:45:00Z,2026-05-25T22:45:00+0200,105.0,EUR/MWh,FR,FR,day_ahead_price,value,2026-06-05T07:47:19Z
2026-06-05T07:46:33Z,2026-06-05T09:46:33+0200,a4488497-2a44-4b02-8cf3-b5300ead3675,2026-05-25T21:00:00Z,2026-05-25T23:00:00+0200,97.0,EUR/MWh,FR,FR,day_ahead_price,value,2026-06-05T07:47:19Z
2026-06-05T07:46:33Z,2026-06-05T09:46:33+0200,a4488497-2a44-4b02-8cf3-b5300ead3675,2026-05-25T21:15:00Z,2026-05-25T23:15:00+0200,90.91,EUR/MWh,FR,FR,day_ahead_price,value,2026-06-05T07:47:19Z
2026-06-05T07:46:33Z,2026-06-05T09:46:33+0200,a4488497-2a44-4b02-8cf3-b5300ead3675,2026-05-25T21:30:00Z,2026-05-25T23:30:00+0200,88.93,EUR/MWh,FR,FR,day_ahead_price,value,2026-06-05T07:47:19Z
2026-06-05T07:46:33Z,2026-06-05T09:46:33+0200,a4488497-2a44-4b02-8cf3-b5300ead3675,2026-05-25T21:45:00Z,2026-05-25T23:45:00+0200,83.0,EUR/MWh,FR,FR,day_ahead_price,value,2026-06-05T07:47:19Z
2026-06-05T07:46:33Z,2026-06-05T09:46:33+0200,a4488497-2a44-4b02-8cf3-b5300ead3675,2026-05-25T22:00:00Z,2026-05-26T00:00:00+0200,102.67,EUR/MWh,FR,FR,day_ahead_price,value,2026-06-05T07:47:19Z
2026-06-05T07:46:33Z,2026-06-05T09:46:33+0200,a4488497-2a44-4b02-8cf3-b5300ead3675,2026-05-25T22:15:00Z,2026-05-26T00:15:00+0200,98.76,EUR/MWh,FR,FR,day_ahead_price,value,2026-06-05T07:47:19Z
2026-06-05T07:46:33Z,2026-06-05T09:46:33+0200,a4488497-2a44-4b02-8cf3-b5300ead3675,2026-05-25T22:30:00Z,2026-05-26T00:30:00+0200,88.0,EUR/MWh,FR,FR,day_ahead_price,value,2026-06-05T07:47:19Z
2026-06-05T07:46:33Z,2026-06-05T09:46:33+0200,a4488497-2a44-4b02-8cf3-b5300ead3675,2026-05-25T22:45:00Z,2026-05-26T00:45:00+0200,81.99,EUR/MWh,FR,FR,day_ahead_price,value,2026-06-05T07:47:19Z
2026-06-05T07:46:33Z,2026-06-05T09:46:33+0200,a4488497-2a44-4b02-8cf3-b5300ead3675,2026-05-25T23:00:00Z,2026-05-26T01:00:00+0200,90.2,EUR/MWh,FR,FR,day_ahead_price,value,2026-06-05T07:47:19Z
2026-06-05T07:46:33Z,2026-06-05T09:46:33+0200,a4488497-2a44-4b02-8cf3-b5300ead3675,2026-05-25T23:15:00Z,2026-05-26T01:15:00+0200,88.13,EUR/MWh,FR,FR,day_ahead_price,value,2026-06-05T07:47:19Z
2026-06-05T07:46:33Z,2026-06-05T09:46:33+0200,a4488497-2a44-4b02-8cf3-b5300ead3675,2026-05-25T23:30:00Z,2026-05-26T01:30:00+0200,88.13,EUR/MWh,FR,FR,day_ahead_price,value,2026-06-05T07:47:19Z
2026-06-05T07:46:33Z,2026-06-05T09:46:33+0200,a4488497-2a44-4b02-8cf3-b5300ead3675,2026-05-25T23:45:00Z,2026-05-26T01:45:00+0200,82.6,EUR/MWh,FR,FR,day_ahead_price,value,2026-06-05T07:47:19Z
2026-06-05T07:46:33Z,2026-06-05T09:46:33+0200,a4488497-2a44-4b02-8cf3-b5300ead3675,2026-05-26T00:00:00Z,2026-05-26T02:00:00+0200,82.84,EUR/MWh,FR,FR,day_ahead_price,value,2026-06-05T07:47:19Z
2026-06-05T07:46:33Z,2026-06-05T09:46:33+0200,a4488497-2a44-4b02-8cf3-b5300ead3675,2026-05-26T00:15:00Z,2026-05-26T02:15:00+0200,63.42,EUR/MWh,FR,FR,day_ahead_price,value,2026-06-05T07:47:19Z
2026-06-05T07:46:33Z,2026-06-05T09:46:33+0200,a4488497-2a44-4b02-8cf3-b5300ead3675,2026-05-26T00:30:00Z,2026-05-26T02:30:00+0200,82.36,EUR/MWh,FR,FR,day_ahead_price,value,2026-06-05T07:47:19Z
2026-06-05T07:46:33Z,2026-06-05T09:46:33+0200,a4488497-2a44-4b02-8cf3-b5300ead3675,2026-05-26T00:45:00Z,2026-05-26T02:45:00+0200,64.99,EUR/MWh,FR,FR,day_ahead_price,value,2026-06-05T07:47:19Z
2026-06-05T07:46:33Z,2026-06-05T09:46:33+0200,a4488497-2a44-4b02-8cf3-b5300ead3675,2026-05-26T01:00:00Z,2026-05-26T03:00:00+0200,74.35,EUR/MWh,FR,FR,day_ahead_price,value,2026-06-05T07:47:19Z
2026-06-05T07:46:33Z,2026-06-05T09:46:33+0200,a4488497-2a44-4b02-8cf3-b5300ead3675,2026-05-26T01:15:00Z,2026-05-26T03:15:00+0200,69.16,EUR/MWh,FR,FR,day_ahead_price,value,2026-06-05T07:47:19Z
2026-06-05T07:46:33Z,2026-06-05T09:46:33+0200,a4488497-2a44-4b02-8cf3-b5300ead3675,2026-05-26T01:30:00Z,2026-05-26T03:30:00+0200,68.89,EUR/MWh,FR,FR,day_ahead_price,value,2026-06-05T07:47:19Z
2026-06-05T07:46:33Z,2026-06-05T09:46:33+0200,a4488497-2a44-4b02-8cf3-b5300ead3675,2026-05-26T01:45:00Z,2026-05-26T03:45:00+0200,67.6,EUR/MWh,FR,FR,day_ahead_price,value,2026-06-05T07:47:19Z
2026-06-05T07:46:33Z,2026-06-05T09:46:33+0200,a4488497-2a44-4b02-8cf3-b5300ead3675,2026-05-26T02:00:00Z,2026-05-26T04:00:00+0200,73.72,EUR/MWh,FR,FR,day_ahead_price,value,2026-06-05T07:47:19Z
2026-06-05T07:46:33Z,2026-06-05T09:46:33+0200,a4488497-2a44-4b02-8cf3-b5300ead3675,2026-05-26T02:15:00Z,2026-05-26T04:15:00+0200,76.3,EUR/MWh,FR,FR,day_ahead_price,value,2026-06-05T07:47:19Z
2026-06-05T07:46:33Z,2026-06-05T09:46:33+0200,a4488497-2a44-4b02-8cf3-b5300ead3675,2026-05-26T02:30:00Z,2026-05-26T04:30:00+0200,77.82,EUR/MWh,FR,FR,day_ahead_price,value,2026-06-05T07:47:19Z
2026-06-05T07:46:33Z,2026-06-05T09:46:33+0200,a4488497-2a44-4b02-8cf3-b5300ead3675,2026-05-26T02:45:00Z,2026-05-26T04:45:00+0200,81.0,EUR/MWh,FR,FR,day_ahead_price,value,2026-06-05T07:47:19Z
2026-06-05T07:46:33Z,2026-06-05T09:46:33+0200,a4488497-2a44-4b02-8cf3-b5300ead3675,2026-05-26T03:00:00Z,2026-05-26T05:00:00+0200,81.18,EUR/MWh,FR,FR,day_ahead_price,value,2026-06-05T07:47:19Z
2026-06-05T07:46:33Z,2026-06-05T09:46:33+0200,a4488497-2a44-4b02-8cf3-b5300ead3675,2026-05-26T03:15:00Z,2026-05-26T05:15:00+0200,81.88,EUR/MWh,FR,FR,day_ahead_price,value,2026-06-05T07:47:19Z
2026-06-05T07:46:33Z,2026-06-05T09:46:33+0200,a4488497-2a44-4b02-8cf3-b5300ead3675,2026-05-26T03:30:00Z,2026-05-26T05:30:00+0200,82.76,EUR/MWh,FR,FR,day_ahead_price,value,2026-06-05T07:47:19Z
2026-06-05T07:46:33Z,2026-06-05T09:46:33+0200,a4488497-2a44-4b02-8cf3-b5300ead3675,2026-05-26T03:45:00Z,2026-05-26T05:45:00+0200,88.28,EUR/MWh,FR,FR,day_ahead_price,value,2026-06-05T07:47:19Z
2026-06-05T07:46:33Z,2026-06-05T09:46:33+0200,a4488497-2a44-4b02-8cf3-b5300ead3675,2026-05-26T04:00:00Z,2026-05-26T06:00:00+0200,95.1,EUR/MWh,FR,FR,day_ahead_price,value,2026-06-05T07:47:19Z
2026-06-05T07:46:33Z,2026-06-05T09:46:33+0200,a4488497-2a44-4b02-8cf3-b5300ead3675,2026-05-26T04:15:00Z,2026-05-26T06:15:00+0200,103.0,EUR/MWh,FR,FR,day_ahead_price,value,2026-06-05T07:47:19Z
2026-06-05T07:46:33Z,2026-06-05T09:46:33+0200,a4488497-2a44-4b02-8cf3-b5300ead3675,2026-05-26T04:30:00Z,2026-05-26T06:30:00+0200,108.98,EUR/MWh,FR,FR,day_ahead_price,value,2026-06-05T07:47:19Z
2026-06-05T07:46:33Z,2026-06-05T09:46:33+0200,a4488497-2a44-4b02-8cf3-b5300ead3675,2026-05-26T04:45:00Z,2026-05-26T06:45:00+0200,109.86,EUR/MWh,FR,FR,day_ahead_price,value,2026-06-05T07:47:19Z
2026-06-05T07:46:33Z,2026-06-05T09:46:33+0200,a4488497-2a44-4b02-8cf3-b5300ead3675,2026-05-26T05:00:00Z,2026-05-26T07:00:00+0200,114.69,EUR/MWh,FR,FR,day_ahead_price,value,2026-06-05T07:47:19Z
2026-06-05T07:46:33Z,2026-06-05T09:46:33+0200,a4488497-2a44-4b02-8cf3-b5300ead3675,2026-05-26T05:15:00Z,2026-05-26T07:15:00+0200,110.48,EUR/MWh,FR,FR,day_ahead_price,value,2026-06-05T07:47:19Z
2026-06-05T07:46:33Z,2026-06-05T09:46:33+0200,a4488497-2a44-4b02-8cf3-b5300ead3675,2026-05-26T05:30:00Z,2026-05-26T07:30:00+0200,108.44,EUR/MWh,FR,FR,day_ahead_price,value,2026-06-05T07:47:19Z
2026-06-05T07:46:33Z,2026-06-05T09:46:33+0200,a4488497-2a44-4b02-8cf3-b5300ead3675,2026-05-26T05:45:00Z,2026-05-26T07:45:00+0200,88.73,EUR/MWh,FR,FR,day_ahead_price,value,2026-06-05T07:47:19Z
2026-06-05T07:46:33Z,2026-06-05T09:46:33+0200,a4488497-2a44-4b02-8cf3-b5300ead3675,2026-05-26T06:00:00Z,2026-05-26T08:00:00+0200,109.86,EUR/MWh,FR,FR,day_ahead_price,value,2026-06-05T07:47:19Z
2026-06-05T07:46:33Z,2026-06-05T09:46:33+0200,a4488497-2a44-4b02-8cf3-b5300ead3675,2026-05-26T06:15:00Z,2026-05-26T08:15:00+0200,88.43,EUR/MWh,FR,FR,day_ahead_price,value,2026-06-05T07:47:19Z
2026-06-05T07:46:33Z,2026-06-05T09:46:33+0200,a4488497-2a44-4b02-8cf3-b5300ead3675,2026-05-26T06:30:00Z,2026-05-26T08:30:00+0200,76.62,EUR/MWh,FR,FR,day_ahead_price,value,2026-06-05T07:47:19Z
2026-06-05T07:46:33Z,2026-06-05T09:46:33+0200,a4488497-2a44-4b02-8cf3-b5300ead3675,2026-05-26T06:45:00Z,2026-05-26T08:45:00+0200,36.5,EUR/MWh,FR,FR,day_ahead_price,value,2026-06-05T07:47:19Z
2026-06-05T07:46:33Z,2026-06-05T09:46:33+0200,a4488497-2a44-4b02-8cf3-b5300ead3675,2026-05-26T07:00:00Z,2026-05-26T09:00:00+0200,73.43,EUR/MWh,FR,FR,day_ahead_price,value,2026-06-05T07:47:19Z
2026-06-05T07:46:33Z,2026-06-05T09:46:33+0200,a4488497-2a44-4b02-8cf3-b5300ead3675,2026-05-26T07:15:00Z,2026-05-26T09:15:00+0200,24.39,EUR/MWh,FR,FR,day_ahead_price,value,2026-06-05T07:47:19Z
2026-06-05T07:46:33Z,2026-06-05T09:46:33+0200,a4488497-2a44-4b02-8cf3-b5300ead3675,2026-05-26T07:30:00Z,2026-05-26T09:30:00+0200,8.01,EUR/MWh,FR,FR,day_ahead_price,value,2026-06-05T07:47:19Z
2026-06-05T07:46:33Z,2026-06-05T09:46:33+0200,a4488497-2a44-4b02-8cf3-b5300ead3675,2026-05-26T07:45:00Z,2026-05-26T09:45:00+0200,2.5,EUR/MWh,FR,FR,day_ahead_price,value,2026-06-05T07:47:19Z
2026-06-05T07:46:33Z,2026-06-05T09:46:33+0200,a4488497-2a44-4b02-8cf3-b5300ead3675,2026-05-26T08:00:00Z,2026-05-26T10:00:00+0200,2.99,EUR/MWh,FR,FR,day_ahead_price,value,2026-06-05T07:47:19Z
2026-06-05T07:46:33Z,2026-06-05T09:46:33+0200,a4488497-2a44-4b02-8cf3-b5300ead3675,2026-05-26T08:15:00Z,2026-05-26T10:15:00+0200,0.84,EUR/MWh,FR,FR,day_ahead_price,value,2026-06-05T07:47:19Z
2026-06-05T07:46:33Z,2026-06-05T09:46:33+0200,a4488497-2a44-4b02-8cf3-b5300ead3675,2026-05-26T08:30:00Z,2026-05-26T10:30:00+0200,0.05,EUR/MWh,FR,FR,day_ahead_price,value,2026-06-05T07:47:19Z
2026-06-05T07:46:33Z,2026-06-05T09:46:33+0200,a4488497-2a44-4b02-8cf3-b5300ead3675,2026-05-26T08:45:00Z,2026-05-26T10:45:00+0200,0.0,EUR/MWh,FR,FR,day_ahead_price,value,2026-06-05T07:47:19Z
2026-06-05T07:46:33Z,2026-06-05T09:46:33+0200,a4488497-2a44-4b02-8cf3-b5300ead3675,2026-05-26T09:00:00Z,2026-05-26T11:00:00+0200,0.0,EUR/MWh,FR,FR,day_ahead_price,value,2026-06-05T07:47:19Z
2026-06-05T07:46:33Z,2026-06-05T09:46:33+0200,a4488497-2a44-4b02-8cf3-b5300ead3675,2026-05-26T09:15:00Z,2026-05-26T11:15:00+0200,0.0,EUR/MWh,FR,FR,day_ahead_price,value,2026-06-05T07:47:19Z
2026-06-05T07:46:33Z,2026-06-05T09:46:33+0200,a4488497-2a44-4b02-8cf3-b5300ead3675,2026-05-26T09:30:00Z,2026-05-26T11:30:00+0200,-0.01,EUR/MWh,FR,FR,day_ahead_price,value,2026-06-05T07:47:19Z
2026-06-05T07:46:33Z,2026-06-05T09:46:33+0200,a4488497-2a44-4b02-8cf3-b5300ead3675,2026-05-26T09:45:00Z,2026-05-26T11:45:00+0200,-0.01,EUR/MWh,FR,FR,day_ahead_price,value,2026-06-05T07:47:19Z
2026-06-05T07:46:33Z,2026-06-05T09:46:33+0200,a4488497-2a44-4b02-8cf3-b5300ead3675,2026-05-26T10:00:00Z,2026-05-26T12:00:00+0200,-0.01,EUR/MWh,FR,FR,day_ahead_price,value,2026-06-05T07:47:19Z
2026-06-05T07:46:33Z,2026-06-05T09:46:33+0200,a4488497-2a44-4b02-8cf3-b5300ead3675,2026-05-26T10:15:00Z,2026-05-26T12:15:00+0200,-0.01,EUR/MWh,FR,FR,day_ahead_price,value,2026-06-05T07:47:19Z
2026-06-05T07:46:33Z,2026-06-05T09:46:33+0200,a4488497-2a44-4b02-8cf3-b5300ead3675,2026-05-26T10:30:00Z,2026-05-26T12:30:00+0200,-0.01,EUR/MWh,FR,FR,day_ahead_price,value,2026-06-05T07:47:19Z
2026-06-05T07:46:33Z,2026-06-05T09:46:33+0200,a4488497-2a44-4b02-8cf3-b5300ead3675,2026-05-26T10:45:00Z,2026-05-26T12:45:00+0200,-0.01,EUR/MWh,FR,FR,day_ahead_price,value,2026-06-05T07:47:19Z
2026-06-05T07:46:33Z,2026-06-05T09:46:33+0200,a4488497-2a44-4b02-8cf3-b5300ead3675,2026-05-26T11:00:00Z,2026-05-26T13:00:00+0200,-0.09,EUR/MWh,FR,FR,day_ahead_price,value,2026-06-05T07:47:19Z
2026-06-05T07:46:33Z,2026-06-05T09:46:33+0200,a4488497-2a44-4b02-8cf3-b5300ead3675,2026-05-26T11:15:00Z,2026-05-26T13:15:00+0200,-0.11,EUR/MWh,FR,FR,day_ahead_price,value,2026-06-05T07:47:19Z
2026-06-05T07:46:33Z,2026-06-05T09:46:33+0200,a4488497-2a44-4b02-8cf3-b5300ead3675,2026-05-26T11:30:00Z,2026-05-26T13:30:00+0200,-0.11,EUR/MWh,FR,FR,day_ahead_price,value,2026-06-05T07:47:19Z
2026-06-05T07:46:33Z,2026-06-05T09:46:33+0200,a4488497-2a44-4b02-8cf3-b5300ead3675,2026-05-26T11:45:00Z,2026-05-26T13:45:00+0200,-0.11,EUR/MWh,FR,FR,day_ahead_price,value,2026-06-05T07:47:19Z
2026-06-05T07:46:33Z,2026-06-05T09:46:33+0200,a4488497-2a44-4b02-8cf3-b5300ead3675,2026-05-26T12:00:00Z,2026-05-26T14:00:00+0200,-0.39,EUR/MWh,FR,FR,day_ahead_price,value,2026-06-05T07:47:19Z
2026-06-05T07:46:33Z,2026-06-05T09:46:33+0200,a4488497-2a44-4b02-8cf3-b5300ead3675,2026-05-26T12:15:00Z,2026-05-26T14:15:00+0200,-0.12,EUR/MWh,FR,FR,day_ahead_price,value,2026-06-05T07:47:19Z
2026-06-05T07:46:33Z,2026-06-05T09:46:33+0200,a4488497-2a44-4b02-8cf3-b5300ead3675,2026-05-26T12:30:00Z,2026-05-26T14:30:00+0200,-0.11,EUR/MWh,FR,FR,day_ahead_price,value,2026-06-05T07:47:19Z
2026-06-05T07:46:33Z,2026-06-05T09:46:33+0200,a4488497-2a44-4b02-8cf3-b5300ead3675,2026-05-26T12:45:00Z,2026-05-26T14:45:00+0200,-0.06,EUR/MWh,FR,FR,day_ahead_price,value,2026-06-05T07:47:19Z
2026-06-05T07:46:33Z,2026-06-05T09:46:33+0200,a4488497-2a44-4b02-8cf3-b5300ead3675,2026-05-26T13:00:00Z,2026-05-26T15:00:00+0200,-0.03,EUR/MWh,FR,FR,day_ahead_price,value,2026-06-05T07:47:19Z
2026-06-05T07:46:33Z,2026-06-05T09:46:33+0200,a4488497-2a44-4b02-8cf3-b5300ead3675,2026-05-26T13:15:00Z,2026-05-26T15:15:00+0200,-0.01,EUR/MWh,FR,FR,day_ahead_price,value,2026-06-05T07:47:19Z
2026-06-05T07:46:33Z,2026-06-05T09:46:33+0200,a4488497-2a44-4b02-8cf3-b5300ead3675,2026-05-26T13:30:00Z,2026-05-26T15:30:00+0200,-0.01,EUR/MWh,FR,FR,day_ahead_price,value,2026-06-05T07:47:19Z
2026-06-05T07:46:33Z,2026-06-05T09:46:33+0200,a4488497-2a44-4b02-8cf3-b5300ead3675,2026-05-26T13:45:00Z,2026-05-26T15:45:00+0200,-0.01,EUR/MWh,FR,FR,day_ahead_price,value,2026-06-05T07:47:19Z
2026-06-05T07:46:33Z,2026-06-05T09:46:33+0200,a4488497-2a44-4b02-8cf3-b5300ead3675,2026-05-26T14:00:00Z,2026-05-26T16:00:00+0200,0.0,EUR/MWh,FR,FR,day_ahead_price,value,2026-06-05T07:47:19Z
2026-06-05T07:46:33Z,2026-06-05T09:46:33+0200,a4488497-2a44-4b02-8cf3-b5300ead3675,2026-05-26T14:15:00Z,2026-05-26T16:15:00+0200,0.0,EUR/MWh,FR,FR,day_ahead_price,value,2026-06-05T07:47:19Z
2026-06-05T07:46:33Z,2026-06-05T09:46:33+0200,a4488497-2a44-4b02-8cf3-b5300ead3675,2026-05-26T14:30:00Z,2026-05-26T16:30:00+0200,0.0,EUR/MWh,FR,FR,day_ahead_price,value,2026-06-05T07:47:19Z
2026-06-05T07:46:33Z,2026-06-05T09:46:33+0200,a4488497-2a44-4b02-8cf3-b5300ead3675,2026-05-26T14:45:00Z,2026-05-26T16:45:00+0200,0.0,EUR/MWh,FR,FR,day_ahead_price,value,2026-06-05T07:47:19Z
2026-06-05T07:46:33Z,2026-06-05T09:46:33+0200,a4488497-2a44-4b02-8cf3-b5300ead3675,2026-05-26T15:00:00Z,2026-05-26T17:00:00+0200,0.01,EUR/MWh,FR,FR,day_ahead_price,value,2026-06-05T07:47:19Z
2026-06-05T07:46:33Z,2026-06-05T09:46:33+0200,a4488497-2a44-4b02-8cf3-b5300ead3675,2026-05-26T15:15:00Z,2026-05-26T17:15:00+0200,0.51,EUR/MWh,FR,FR,day_ahead_price,value,2026-06-05T07:47:19Z
2026-06-05T07:46:33Z,2026-06-05T09:46:33+0200,a4488497-2a44-4b02-8cf3-b5300ead3675,2026-05-26T15:30:00Z,2026-05-26T17:30:00+0200,13.01,EUR/MWh,FR,FR,day_ahead_price,value,2026-06-05T07:47:19Z
2026-06-05T07:46:33Z,2026-06-05T09:46:33+0200,a4488497-2a44-4b02-8cf3-b5300ead3675,2026-05-26T15:45:00Z,2026-05-26T17:45:00+0200,68.99,EUR/MWh,FR,FR,day_ahead_price,value,2026-06-05T07:47:19Z
2026-06-05T07:46:33Z,2026-06-05T09:46:33+0200,a4488497-2a44-4b02-8cf3-b5300ead3675,2026-05-26T16:00:00Z,2026-05-26T18:00:00+0200,45.0,EUR/MWh,FR,FR,day_ahead_price,value,2026-06-05T07:47:19Z
2026-06-05T07:46:33Z,2026-06-05T09:46:33+0200,a4488497-2a44-4b02-8cf3-b5300ead3675,2026-05-26T16:15:00Z,2026-05-26T18:15:00+0200,61.51,EUR/MWh,FR,FR,day_ahead_price,value,2026-06-05T07:47:19Z
2026-06-05T07:46:33Z,2026-06-05T09:46:33+0200,a4488497-2a44-4b02-8cf3-b5300ead3675,2026-05-26T16:30:00Z,2026-05-26T18:30:00+0200,98.63,EUR/MWh,FR,FR,day_ahead_price,value,2026-06-05T07:47:19Z
2026-06-05T07:46:33Z,2026-06-05T09:46:33+0200,a4488497-2a44-4b02-8cf3-b5300ead3675,2026-05-26T16:45:00Z,2026-05-26T18:45:00+0200,111.04,EUR/MWh,FR,FR,day_ahead_price,value,2026-06-05T07:47:19Z
2026-06-05T07:46:33Z,2026-06-05T09:46:33+0200,a4488497-2a44-4b02-8cf3-b5300ead3675,2026-05-26T17:00:00Z,2026-05-26T19:00:00+0200,79.64,EUR/MWh,FR,FR,day_ahead_price,value,2026-06-05T07:47:19Z
2026-06-05T07:46:33Z,2026-06-05T09:46:33+0200,a4488497-2a44-4b02-8cf3-b5300ead3675,2026-05-26T17:15:00Z,2026-05-26T19:15:00+0200,109.49,EUR/MWh,FR,FR,day_ahead_price,value,2026-06-05T07:47:19Z
2026-06-05T07:46:33Z,2026-06-05T09:46:33+0200,a4488497-2a44-4b02-8cf3-b5300ead3675,2026-05-26T17:30:00Z,2026-05-26T19:30:00+0200,146.11,EUR/MWh,FR,FR,day_ahead_price,value,2026-06-05T07:47:19Z
2026-06-05T07:46:33Z,2026-06-05T09:46:33+0200,a4488497-2a44-4b02-8cf3-b5300ead3675,2026-05-26T17:45:00Z,2026-05-26T19:45:00+0200,171.12,EUR/MWh,FR,FR,day_ahead_price,value,2026-06-05T07:47:19Z
2026-06-05T07:46:33Z,2026-06-05T09:46:33+0200,a4488497-2a44-4b02-8cf3-b5300ead3675,2026-05-26T18:00:00Z,2026-05-26T20:00:00+0200,136.0,EUR/MWh,FR,FR,day_ahead_price,value,2026-06-05T07:47:19Z
2026-06-05T07:46:33Z,2026-06-05T09:46:33+0200,a4488497-2a44-4b02-8cf3-b5300ead3675,2026-05-26T18:15:00Z,2026-05-26T20:15:00+0200,153.4,EUR/MWh,FR,FR,day_ahead_price,value,2026-06-05T07:47:19Z
2026-06-05T07:46:33Z,2026-06-05T09:46:33+0200,a4488497-2a44-4b02-8cf3-b5300ead3675,2026-05-26T18:30:00Z,2026-05-26T20:30:00+0200,132.36,EUR/MWh,FR,FR,day_ahead_price,value,2026-06-05T07:47:19Z
2026-06-05T07:46:33Z,2026-06-05T09:46:33+0200,a4488497-2a44-4b02-8cf3-b5300ead3675,2026-05-26T18:45:00Z,2026-05-26T20:45:00+0200,147.6,EUR/MWh,FR,FR,day_ahead_price,value,2026-06-05T07:47:19Z
2026-06-05T07:46:33Z,2026-06-05T09:46:33+0200,a4488497-2a44-4b02-8cf3-b5300ead3675,2026-05-26T19:00:00Z,2026-05-26T21:00:00+0200,137.56,EUR/MWh,FR,FR,day_ahead_price,value,2026-06-05T07:47:19Z
2026-06-05T07:46:33Z,2026-06-05T09:46:33+0200,a4488497-2a44-4b02-8cf3-b5300ead3675,2026-05-26T19:15:00Z,2026-05-26T21:15:00+0200,154.04,EUR/MWh,FR,FR,day_ahead_price,value,2026-06-05T07:47:19Z
2026-06-05T07:46:33Z,2026-06-05T09:46:33+0200,a4488497-2a44-4b02-8cf3-b5300ead3675,2026-05-26T19:30:00Z,2026-05-26T21:30:00+0200,162.5,EUR/MWh,FR,FR,day_ahead_price,value,2026-06-05T07:47:19Z
2026-06-05T07:46:33Z,2026-06-05T09:46:33+0200,a4488497-2a44-4b02-8cf3-b5300ead3675,2026-05-26T19:45:00Z,2026-05-26T21:45:00+0200,150.73,EUR/MWh,FR,FR,day_ahead_price,value,2026-06-05T07:47:19Z
2026-06-05T07:46:33Z,2026-06-05T09:46:33+0200,a4488497-2a44-4b02-8cf3-b5300ead3675,2026-05-26T20:00:00Z,2026-05-26T22:00:00+0200,167.2,EUR/MWh,FR,FR,day_ahead_price,value,2026-06-05T07:47:19Z
2026-06-05T07:46:33Z,2026-06-05T09:46:33+0200,a4488497-2a44-4b02-8cf3-b5300ead3675,2026-05-26T20:15:00Z,2026-05-26T22:15:00+0200,150.73,EUR/MWh,FR,FR,day_ahead_price,value,2026-06-05T07:47:19Z
2026-06-05T07:46:33Z,2026-06-05T09:46:33+0200,a4488497-2a44-4b02-8cf3-b5300ead3675,2026-05-26T20:30:00Z,2026-05-26T22:30:00+0200,147.6,EUR/MWh,FR,FR,day_ahead_price,value,2026-06-05T07:47:19Z
2026-06-05T07:46:33Z,2026-06-05T09:46:33+0200,a4488497-2a44-4b02-8cf3-b5300ead3675,2026-05-26T20:45:00Z,2026-05-26T22:45:00+0200,134.43,EUR/MWh,FR,FR,day_ahead_price,value,2026-06-05T07:47:19Z
2026-06-05T07:46:33Z,2026-06-05T09:46:33+0200,a4488497-2a44-4b02-8cf3-b5300ead3675,2026-05-26T21:00:00Z,2026-05-26T23:00:00+0200,141.88,EUR/MWh,FR,FR,day_ahead_price,value,2026-06-05T07:47:19Z
2026-06-05T07:46:33Z,2026-06-05T09:46:33+0200,a4488497-2a44-4b02-8cf3-b5300ead3675,2026-05-26T21:15:00Z,2026-05-26T23:15:00+0200,132.9,EUR/MWh,FR,FR,day_ahead_price,value,2026-06-05T07:47:19Z
2026-06-05T07:46:33Z,2026-06-05T09:46:33+0200,a4488497-2a44-4b02-8cf3-b5300ead3675,2026-05-26T21:30:00Z,2026-05-26T23:30:00+0200,128.48,EUR/MWh,FR,FR,day_ahead_price,value,2026-06-05T07:47:19Z
2026-06-05T07:46:33Z,2026-06-05T09:46:33+0200,a4488497-2a44-4b02-8cf3-b5300ead3675,2026-05-26T21:45:00Z,2026-05-26T23:45:00+0200,114.71,EUR/MWh,FR,FR,day_ahead_price,value,2026-06-05T07:47:19Z
2026-06-05T07:46:33Z,2026-06-05T09:46:33+0200,a4488497-2a44-4b02-8cf3-b5300ead3675,2026-05-26T22:00:00Z,2026-05-27T00:00:00+0200,140.52,EUR/MWh,FR,FR,day_ahead_price,value,2026-06-05T07:47:19Z
2026-06-05T07:46:33Z,2026-06-05T09:46:33+0200,a4488497-2a44-4b02-8cf3-b5300ead3675,2026-05-26T22:15:00Z,2026-05-27T00:15:00+0200,135.84,EUR/MWh,FR,FR,day_ahead_price,value,2026-06-05T07:47:19Z
2026-06-05T07:46:33Z,2026-06-05T09:46:33+0200,a4488497-2a44-4b02-8cf3-b5300ead3675,2026-05-26T22:30:00Z,2026-05-27T00:30:00+0200,130.01,EUR/MWh,FR,FR,day_ahead_price,value,2026-06-05T07:47:19Z
2026-06-05T07:46:33Z,2026-06-05T09:46:33+0200,a4488497-2a44-4b02-8cf3-b5300ead3675,2026-05-26T22:45:00Z,2026-05-27T00:45:00+0200,129.71,EUR/MWh,FR,FR,day_ahead_price,value,2026-06-05T07:47:19Z
2026-06-05T07:46:33Z,2026-06-05T09:46:33+0200,a4488497-2a44-4b02-8cf3-b5300ead3675,2026-05-26T23:00:00Z,2026-05-27T01:00:00+0200,129.71,EUR/MWh,FR,FR,day_ahead_price,value,2026-06-05T07:47:19Z
2026-06-05T07:46:33Z,2026-06-05T09:46:33+0200,a4488497-2a44-4b02-8cf3-b5300ead3675,2026-05-26T23:15:00Z,2026-05-27T01:15:00+0200,125.01,EUR/MWh,FR,FR,day_ahead_price,value,2026-06-05T07:47:19Z
2026-06-05T07:46:33Z,2026-06-05T09:46:33+0200,a4488497-2a44-4b02-8cf3-b5300ead3675,2026-05-26T23:30:00Z,2026-05-27T01:30:00+0200,125.01,EUR/MWh,FR,FR,day_ahead_price,value,2026-06-05T07:47:19Z
2026-06-05T07:46:33Z,2026-06-05T09:46:33+0200,a4488497-2a44-4b02-8cf3-b5300ead3675,2026-05-26T23:45:00Z,2026-05-27T01:45:00+0200,118.02,EUR/MWh,FR,FR,day_ahead_price,value,2026-06-05T07:47:19Z
2026-06-05T07:46:33Z,2026-06-05T09:46:33+0200,a4488497-2a44-4b02-8cf3-b5300ead3675,2026-05-27T00:00:00Z,2026-05-27T02:00:00+0200,119.0,EUR/MWh,FR,FR,day_ahead_price,value,2026-06-05T07:47:19Z
2026-06-05T07:46:33Z,2026-06-05T09:46:33+0200,a4488497-2a44-4b02-8cf3-b5300ead3675,2026-05-27T00:15:00Z,2026-05-27T02:15:00+0200,116.42,EUR/MWh,FR,FR,day_ahead_price,value,2026-06-05T07:47:19Z
2026-06-05T07:46:33Z,2026-06-05T09:46:33+0200,a4488497-2a44-4b02-8cf3-b5300ead3675,2026-05-27T00:30:00Z,2026-05-27T02:30:00+0200,112.0,EUR/MWh,FR,FR,day_ahead_price,value,2026-06-05T07:47:19Z
2026-06-05T07:46:33Z,2026-06-05T09:46:33+0200,a4488497-2a44-4b02-8cf3-b5300ead3675,2026-05-27T00:45:00Z,2026-05-27T02:45:00+0200,108.71,EUR/MWh,FR,FR,day_ahead_price,value,2026-06-05T07:47:19Z
2026-06-05T07:46:33Z,2026-06-05T09:46:33+0200,a4488497-2a44-4b02-8cf3-b5300ead3675,2026-05-27T01:00:00Z,2026-05-27T03:00:00+0200,110.21,EUR/MWh,FR,FR,day_ahead_price,value,2026-06-05T07:47:19Z
2026-06-05T07:46:33Z,2026-06-05T09:46:33+0200,a4488497-2a44-4b02-8cf3-b5300ead3675,2026-05-27T01:15:00Z,2026-05-27T03:15:00+0200,105.39,EUR/MWh,FR,FR,day_ahead_price,value,2026-06-05T07:47:19Z
2026-06-05T07:46:33Z,2026-06-05T09:46:33+0200,a4488497-2a44-4b02-8cf3-b5300ead3675,2026-05-27T01:30:00Z,2026-05-27T03:30:00+0200,103.31,EUR/MWh,FR,FR,day_ahead_price,value,2026-06-05T07:47:19Z
2026-06-05T07:46:33Z,2026-06-05T09:46:33+0200,a4488497-2a44-4b02-8cf3-b5300ead3675,2026-05-27T01:45:00Z,2026-05-27T03:45:00+0200,86.6,EUR/MWh,FR,FR,day_ahead_price,value,2026-06-05T07:47:19Z
2026-06-05T07:46:33Z,2026-06-05T09:46:33+0200,a4488497-2a44-4b02-8cf3-b5300ead3675,2026-05-27T02:00:00Z,2026-05-27T04:00:00+0200,101.99,EUR/MWh,FR,FR,day_ahead_price,value,2026-06-05T07:47:19Z
2026-06-05T07:46:33Z,2026-06-05T09:46:33+0200,a4488497-2a44-4b02-8cf3-b5300ead3675,2026-05-27T02:15:00Z,2026-05-27T04:15:00+0200,97.16,EUR/MWh,FR,FR,day_ahead_price,value,2026-06-05T07:47:19Z
2026-06-05T07:46:33Z,2026-06-05T09:46:33+0200,a4488497-2a44-4b02-8cf3-b5300ead3675,2026-05-27T02:30:00Z,2026-05-27T04:30:00+0200,97.28,EUR/MWh,FR,FR,day_ahead_price,value,2026-06-05T07:47:19Z
2026-06-05T07:46:33Z,2026-06-05T09:46:33+0200,a4488497-2a44-4b02-8cf3-b5300ead3675,2026-05-27T02:45:00Z,2026-05-27T04:45:00+0200,97.01,EUR/MWh,FR,FR,day_ahead_price,value,2026-06-05T07:47:19Z
2026-06-05T07:46:33Z,2026-06-05T09:46:33+0200,a4488497-2a44-4b02-8cf3-b5300ead3675,2026-05-27T03:00:00Z,2026-05-27T05:00:00+0200,100.27,EUR/MWh,FR,FR,day_ahead_price,value,2026-06-05T07:47:19Z
2026-06-05T07:46:33Z,2026-06-05T09:46:33+0200,a4488497-2a44-4b02-8cf3-b5300ead3675,2026-05-27T03:15:00Z,2026-05-27T05:15:00+0200,106.09,EUR/MWh,FR,FR,day_ahead_price,value,2026-06-05T07:47:19Z
2026-06-05T07:46:33Z,2026-06-05T09:46:33+0200,a4488497-2a44-4b02-8cf3-b5300ead3675,2026-05-27T03:30:00Z,2026-05-27T05:30:00+0200,110.61,EUR/MWh,FR,FR,day_ahead_price,value,2026-06-05T07:47:19Z
2026-06-05T07:46:33Z,2026-06-05T09:46:33+0200,a4488497-2a44-4b02-8cf3-b5300ead3675,2026-05-27T03:45:00Z,2026-05-27T05:45:00+0200,114.75,EUR/MWh,FR,FR,day_ahead_price,value,2026-06-05T07:47:19Z
2026-06-05T07:46:33Z,2026-06-05T09:46:33+0200,a4488497-2a44-4b02-8cf3-b5300ead3675,2026-05-27T04:00:00Z,2026-05-27T06:00:00+0200,103.99,EUR/MWh,FR,FR,day_ahead_price,value,2026-06-05T07:47:19Z
2026-06-05T07:46:33Z,2026-06-05T09:46:33+0200,a4488497-2a44-4b02-8cf3-b5300ead3675,2026-05-27T04:15:00Z,2026-05-27T06:15:00+0200,113.21,EUR/MWh,FR,FR,day_ahead_price,value,2026-06-05T07:47:19Z
2026-06-05T07:46:33Z,2026-06-05T09:46:33+0200,a4488497-2a44-4b02-8cf3-b5300ead3675,2026-05-27T04:30:00Z,2026-05-27T06:30:00+0200,119.92,EUR/MWh,FR,FR,day_ahead_price,value,2026-06-05T07:47:19Z
2026-06-05T07:46:33Z,2026-06-05T09:46:33+0200,a4488497-2a44-4b02-8cf3-b5300ead3675,2026-05-27T04:45:00Z,2026-05-27T06:45:00+0200,125.01,EUR/MWh,FR,FR,day_ahead_price,value,2026-06-05T07:47:19Z
2026-06-05T07:46:33Z,2026-06-05T09:46:33+0200,a4488497-2a44-4b02-8cf3-b5300ead3675,2026-05-27T05:00:00Z,2026-05-27T07:00:00+0200,129.71,EUR/MWh,FR,FR,day_ahead_price,value,2026-06-05T07:47:19Z
2026-06-05T07:46:33Z,2026-06-05T09:46:33+0200,a4488497-2a44-4b02-8cf3-b5300ead3675,2026-05-27T05:15:00Z,2026-05-27T07:15:00+0200,129.71,EUR/MWh,FR,FR,day_ahead_price,value,2026-06-05T07:47:19Z
2026-06-05T07:46:33Z,2026-06-05T09:46:33+0200,a4488497-2a44-4b02-8cf3-b5300ead3675,2026-05-27T05:30:00Z,2026-05-27T07:30:00+0200,126.03,EUR/MWh,FR,FR,day_ahead_price,value,2026-06-05T07:47:19Z
2026-06-05T07:46:33Z,2026-06-05T09:46:33+0200,a4488497-2a44-4b02-8cf3-b5300ead3675,2026-05-27T05:45:00Z,2026-05-27T07:45:00+0200,111.71,EUR/MWh,FR,FR,day_ahead_price,value,2026-06-05T07:47:19Z
2026-06-05T07:46:33Z,2026-06-05T09:46:33+0200,a4488497-2a44-4b02-8cf3-b5300ead3675,2026-05-27T06:00:00Z,2026-05-27T08:00:00+0200,129.71,EUR/MWh,FR,FR,day_ahead_price,value,2026-06-05T07:47:19Z
2026-06-05T07:46:33Z,2026-06-05T09:46:33+0200,a4488497-2a44-4b02-8cf3-b5300ead3675,2026-05-27T06:15:00Z,2026-05-27T08:15:00+0200,114.0,EUR/MWh,FR,FR,day_ahead_price,value,2026-06-05T07:47:19Z
2026-06-05T07:46:33Z,2026-06-05T09:46:33+0200,a4488497-2a44-4b02-8cf3-b5300ead3675,2026-05-27T06:30:00Z,2026-05-27T08:30:00+0200,98.32,EUR/MWh,FR,FR,day_ahead_price,value,2026-06-05T07:47:19Z
2026-06-05T07:46:33Z,2026-06-05T09:46:33+0200,a4488497-2a44-4b02-8cf3-b5300ead3675,2026-05-27T06:45:00Z,2026-05-27T08:45:00+0200,69.99,EUR/MWh,FR,FR,day_ahead_price,value,2026-06-05T07:47:19Z
2026-06-05T07:46:33Z,2026-06-05T09:46:33+0200,a4488497-2a44-4b02-8cf3-b5300ead3675,2026-05-27T07:00:00Z,2026-05-27T09:00:00+0200,91.99,EUR/MWh,FR,FR,day_ahead_price,value,2026-06-05T07:47:19Z
2026-06-05T07:46:33Z,2026-06-05T09:46:33+0200,a4488497-2a44-4b02-8cf3-b5300ead3675,2026-05-27T07:15:00Z,2026-05-27T09:15:00+0200,56.62,EUR/MWh,FR,FR,day_ahead_price,value,2026-06-05T07:47:19Z
2026-06-05T07:46:33Z,2026-06-05T09:46:33+0200,a4488497-2a44-4b02-8cf3-b5300ead3675,2026-05-27T07:30:00Z,2026-05-27T09:30:00+0200,18.49,EUR/MWh,FR,FR,day_ahead_price,value,2026-06-05T07:47:19Z
2026-06-05T07:46:33Z,2026-06-05T09:46:33+0200,a4488497-2a44-4b02-8cf3-b5300ead3675,2026-05-27T07:45:00Z,2026-05-27T09:45:00+0200,3.08,EUR/MWh,FR,FR,day_ahead_price,value,2026-06-05T07:47:19Z
2026-06-05T07:46:33Z,2026-06-05T09:46:33+0200,a4488497-2a44-4b02-8cf3-b5300ead3675,2026-05-27T08:00:00Z,2026-05-27T10:00:00+0200,11.0,EUR/MWh,FR,FR,day_ahead_price,value,2026-06-05T07:47:19Z
2026-06-05T07:46:33Z,2026-06-05T09:46:33+0200,a4488497-2a44-4b02-8cf3-b5300ead3675,2026-05-27T08:15:00Z,2026-05-27T10:15:00+0200,3.08,EUR/MWh,FR,FR,day_ahead_price,value,2026-06-05T07:47:19Z
2026-06-05T07:46:33Z,2026-06-05T09:46:33+0200,a4488497-2a44-4b02-8cf3-b5300ead3675,2026-05-27T08:30:00Z,2026-05-27T10:30:00+0200,0.92,EUR/MWh,FR,FR,day_ahead_price,value,2026-06-05T07:47:19Z
2026-06-05T07:46:33Z,2026-06-05T09:46:33+0200,a4488497-2a44-4b02-8cf3-b5300ead3675,2026-05-27T08:45:00Z,2026-05-27T10:45:00+0200,0.84,EUR/MWh,FR,FR,day_ahead_price,value,2026-06-05T07:47:19Z
2026-06-05T07:46:33Z,2026-06-05T09:46:33+0200,a4488497-2a44-4b02-8cf3-b5300ead3675,2026-05-27T09:00:00Z,2026-05-27T11:00:00+0200,0.66,EUR/MWh,FR,FR,day_ahead_price,value,2026-06-05T07:47:19Z
2026-06-05T07:46:33Z,2026-06-05T09:46:33+0200,a4488497-2a44-4b02-8cf3-b5300ead3675,2026-05-27T09:15:00Z,2026-05-27T11:15:00+0200,0.39,EUR/MWh,FR,FR,day_ahead_price,value,2026-06-05T07:47:19Z
2026-06-05T07:46:33Z,2026-06-05T09:46:33+0200,a4488497-2a44-4b02-8cf3-b5300ead3675,2026-05-27T09:30:00Z,2026-05-27T11:30:00+0200,0.07,EUR/MWh,FR,FR,day_ahead_price,value,2026-06-05T07:47:19Z
2026-06-05T07:46:33Z,2026-06-05T09:46:33+0200,a4488497-2a44-4b02-8cf3-b5300ead3675,2026-05-27T09:45:00Z,2026-05-27T11:45:00+0200,0.0,EUR/MWh,FR,FR,day_ahead_price,value,2026-06-05T07:47:19Z
2026-06-05T07:46:33Z,2026-06-05T09:46:33+0200,a4488497-2a44-4b02-8cf3-b5300ead3675,2026-05-27T10:00:00Z,2026-05-27T12:00:00+0200,0.0,EUR/MWh,FR,FR,day_ahead_price,value,2026-06-05T07:47:19Z
2026-06-05T07:46:33Z,2026-06-05T09:46:33+0200,a4488497-2a44-4b02-8cf3-b5300ead3675,2026-05-27T10:15:00Z,2026-05-27T12:15:00+0200,0.0,EUR/MWh,FR,FR,day_ahead_price,value,2026-06-05T07:47:19Z
2026-06-05T07:46:33Z,2026-06-05T09:46:33+0200,a4488497-2a44-4b02-8cf3-b5300ead3675,2026-05-27T10:30:00Z,2026-05-27T12:30:00+0200,0.0,EUR/MWh,FR,FR,day_ahead_price,value,2026-06-05T07:47:19Z
2026-06-05T07:46:33Z,2026-06-05T09:46:33+0200,a4488497-2a44-4b02-8cf3-b5300ead3675,2026-05-27T10:45:00Z,2026-05-27T12:45:00+0200,0.0,EUR/MWh,FR,FR,day_ahead_price,value,2026-06-05T07:47:19Z
2026-06-05T07:46:33Z,2026-06-05T09:46:33+0200,a4488497-2a44-4b02-8cf3-b5300ead3675,2026-05-27T11:00:00Z,2026-05-27T13:00:00+0200,0.0,EUR/MWh,FR,FR,day_ahead_price,value,2026-06-05T07:47:19Z
2026-06-05T07:46:33Z,2026-06-05T09:46:33+0200,a4488497-2a44-4b02-8cf3-b5300ead3675,2026-05-27T11:15:00Z,2026-05-27T13:15:00+0200,0.0,EUR/MWh,FR,FR,day_ahead_price,value,2026-06-05T07:47:19Z
2026-06-05T07:46:33Z,2026-06-05T09:46:33+0200,a4488497-2a44-4b02-8cf3-b5300ead3675,2026-05-27T11:30:00Z,2026-05-27T13:30:00+0200,-0.01,EUR/MWh,FR,FR,day_ahead_price,value,2026-06-05T07:47:19Z
2026-06-05T07:46:33Z,2026-06-05T09:46:33+0200,a4488497-2a44-4b02-8cf3-b5300ead3675,2026-05-27T11:45:00Z,2026-05-27T13:45:00+0200,-0.01,EUR/MWh,FR,FR,day_ahead_price,value,2026-06-05T07:47:19Z
2026-06-05T07:46:33Z,2026-06-05T09:46:33+0200,a4488497-2a44-4b02-8cf3-b5300ead3675,2026-05-27T12:00:00Z,2026-05-27T14:00:00+0200,-0.01,EUR/MWh,FR,FR,day_ahead_price,value,2026-06-05T07:47:19Z
2026-06-05T07:46:33Z,2026-06-05T09:46:33+0200,a4488497-2a44-4b02-8cf3-b5300ead3675,2026-05-27T12:15:00Z,2026-05-27T14:15:00+0200,-0.01,EUR/MWh,FR,FR,day_ahead_price,value,2026-06-05T07:47:19Z
2026-06-05T07:46:33Z,2026-06-05T09:46:33+0200,a4488497-2a44-4b02-8cf3-b5300ead3675,2026-05-27T12:30:00Z,2026-05-27T14:30:00+0200,-0.01,EUR/MWh,FR,FR,day_ahead_price,value,2026-06-05T07:47:19Z
2026-06-05T07:46:33Z,2026-06-05T09:46:33+0200,a4488497-2a44-4b02-8cf3-b5300ead3675,2026-05-27T12:45:00Z,2026-05-27T14:45:00+0200,0.0,EUR/MWh,FR,FR,day_ahead_price,value,2026-06-05T07:47:19Z
2026-06-05T07:46:33Z,2026-06-05T09:46:33+0200,a4488497-2a44-4b02-8cf3-b5300ead3675,2026-05-27T13:00:00Z,2026-05-27T15:00:00+0200,0.0,EUR/MWh,FR,FR,day_ahead_price,value,2026-06-05T07:47:19Z
2026-06-05T07:46:33Z,2026-06-05T09:46:33+0200,a4488497-2a44-4b02-8cf3-b5300ead3675,2026-05-27T13:15:00Z,2026-05-27T15:15:00+0200,0.0,EUR/MWh,FR,FR,day_ahead_price,value,2026-06-05T07:47:19Z
2026-06-05T07:46:33Z,2026-06-05T09:46:33+0200,a4488497-2a44-4b02-8cf3-b5300ead3675,2026-05-27T13:30:00Z,2026-05-27T15:30:00+0200,0.04,EUR/MWh,FR,FR,day_ahead_price,value,2026-06-05T07:47:19Z
2026-06-05T07:46:33Z,2026-06-05T09:46:33+0200,a4488497-2a44-4b02-8cf3-b5300ead3675,2026-05-27T13:45:00Z,2026-05-27T15:45:00+0200,0.88,EUR/MWh,FR,FR,day_ahead_price,value,2026-06-05T07:47:19Z
2026-06-05T07:46:33Z,2026-06-05T09:46:33+0200,a4488497-2a44-4b02-8cf3-b5300ead3675,2026-05-27T14:00:00Z,2026-05-27T16:00:00+0200,0.0,EUR/MWh,FR,FR,day_ahead_price,value,2026-06-05T07:47:19Z
2026-06-05T07:46:33Z,2026-06-05T09:46:33+0200,a4488497-2a44-4b02-8cf3-b5300ead3675,2026-05-27T14:15:00Z,2026-05-27T16:15:00+0200,0.01,EUR/MWh,FR,FR,day_ahead_price,value,2026-06-05T07:47:19Z
2026-06-05T07:46:33Z,2026-06-05T09:46:33+0200,a4488497-2a44-4b02-8cf3-b5300ead3675,2026-05-27T14:30:00Z,2026-05-27T16:30:00+0200,0.51,EUR/MWh,FR,FR,day_ahead_price,value,2026-06-05T07:47:19Z
2026-06-05T07:46:33Z,2026-06-05T09:46:33+0200,a4488497-2a44-4b02-8cf3-b5300ead3675,2026-05-27T14:45:00Z,2026-05-27T16:45:00+0200,16.73,EUR/MWh,FR,FR,day_ahead_price,value,2026-06-05T07:47:19Z
2026-06-05T07:46:33Z,2026-06-05T09:46:33+0200,a4488497-2a44-4b02-8cf3-b5300ead3675,2026-05-27T15:00:00Z,2026-05-27T17:00:00+0200,3.44,EUR/MWh,FR,FR,day_ahead_price,value,2026-06-05T07:47:19Z
2026-06-05T07:46:33Z,2026-06-05T09:46:33+0200,a4488497-2a44-4b02-8cf3-b5300ead3675,2026-05-27T15:15:00Z,2026-05-27T17:15:00+0200,15.79,EUR/MWh,FR,FR,day_ahead_price,value,2026-06-05T07:47:19Z
2026-06-05T07:46:33Z,2026-06-05T09:46:33+0200,a4488497-2a44-4b02-8cf3-b5300ead3675,2026-05-27T15:30:00Z,2026-05-27T17:30:00+0200,30.94,EUR/MWh,FR,FR,day_ahead_price,value,2026-06-05T07:47:19Z
2026-06-05T07:46:33Z,2026-06-05T09:46:33+0200,a4488497-2a44-4b02-8cf3-b5300ead3675,2026-05-27T15:45:00Z,2026-05-27T17:45:00+0200,66.89,EUR/MWh,FR,FR,day_ahead_price,value,2026-06-05T07:47:19Z
2026-06-05T07:46:33Z,2026-06-05T09:46:33+0200,a4488497-2a44-4b02-8cf3-b5300ead3675,2026-05-27T16:00:00Z,2026-05-27T18:00:00+0200,31.53,EUR/MWh,FR,FR,day_ahead_price,value,2026-06-05T07:47:19Z
2026-06-05T07:46:33Z,2026-06-05T09:46:33+0200,a4488497-2a44-4b02-8cf3-b5300ead3675,2026-05-27T16:15:00Z,2026-05-27T18:15:00+0200,69.67,EUR/MWh,FR,FR,day_ahead_price,value,2026-06-05T07:47:19Z
2026-06-05T07:46:33Z,2026-06-05T09:46:33+0200,a4488497-2a44-4b02-8cf3-b5300ead3675,2026-05-27T16:30:00Z,2026-05-27T18:30:00+0200,74.5,EUR/MWh,FR,FR,day_ahead_price,value,2026-06-05T07:47:19Z
2026-06-05T07:46:33Z,2026-06-05T09:46:33+0200,a4488497-2a44-4b02-8cf3-b5300ead3675,2026-05-27T16:45:00Z,2026-05-27T18:45:00+0200,121.99,EUR/MWh,FR,FR,day_ahead_price,value,2026-06-05T07:47:19Z
2026-06-05T07:46:33Z,2026-06-05T09:46:33+0200,a4488497-2a44-4b02-8cf3-b5300ead3675,2026-05-27T17:00:00Z,2026-05-27T19:00:00+0200,79.35,EUR/MWh,FR,FR,day_ahead_price,value,2026-06-05T07:47:19Z
2026-06-05T07:46:33Z,2026-06-05T09:46:33+0200,a4488497-2a44-4b02-8cf3-b5300ead3675,2026-05-27T17:15:00Z,2026-05-27T19:15:00+0200,132.02,EUR/MWh,FR,FR,day_ahead_price,value,2026-06-05T07:47:19Z
2026-06-05T07:46:33Z,2026-06-05T09:46:33+0200,a4488497-2a44-4b02-8cf3-b5300ead3675,2026-05-27T17:30:00Z,2026-05-27T19:30:00+0200,145.08,EUR/MWh,FR,FR,day_ahead_price,value,2026-06-05T07:47:19Z
2026-06-05T07:46:33Z,2026-06-05T09:46:33+0200,a4488497-2a44-4b02-8cf3-b5300ead3675,2026-05-27T17:45:00Z,2026-05-27T19:45:00+0200,151.89,EUR/MWh,FR,FR,day_ahead_price,value,2026-06-05T07:47:19Z
2026-06-05T07:46:33Z,2026-06-05T09:46:33+0200,a4488497-2a44-4b02-8cf3-b5300ead3675,2026-05-27T18:00:00Z,2026-05-27T20:00:00+0200,121.99,EUR/MWh,FR,FR,day_ahead_price,value,2026-06-05T07:47:19Z
2026-06-05T07:46:33Z,2026-06-05T09:46:33+0200,a4488497-2a44-4b02-8cf3-b5300ead3675,2026-05-27T18:15:00Z,2026-05-27T20:15:00+0200,131.75,EUR/MWh,FR,FR,day_ahead_price,value,2026-06-05T07:47:19Z
2026-06-05T07:46:33Z,2026-06-05T09:46:33+0200,a4488497-2a44-4b02-8cf3-b5300ead3675,2026-05-27T18:30:00Z,2026-05-27T20:30:00+0200,129.71,EUR/MWh,FR,FR,day_ahead_price,value,2026-06-05T07:47:19Z
2026-06-05T07:46:33Z,2026-06-05T09:46:33+0200,a4488497-2a44-4b02-8cf3-b5300ead3675,2026-05-27T18:45:00Z,2026-05-27T20:45:00+0200,135.84,EUR/MWh,FR,FR,day_ahead_price,value,2026-06-05T07:47:19Z
2026-06-05T07:46:33Z,2026-06-05T09:46:33+0200,a4488497-2a44-4b02-8cf3-b5300ead3675,2026-05-27T19:00:00Z,2026-05-27T21:00:00+0200,138.02,EUR/MWh,FR,FR,day_ahead_price,value,2026-06-05T07:47:19Z
2026-06-05T07:46:33Z,2026-06-05T09:46:33+0200,a4488497-2a44-4b02-8cf3-b5300ead3675,2026-05-27T19:15:00Z,2026-05-27T21:15:00+0200,145.71,EUR/MWh,FR,FR,day_ahead_price,value,2026-06-05T07:47:19Z
2026-06-05T07:46:33Z,2026-06-05T09:46:33+0200,a4488497-2a44-4b02-8cf3-b5300ead3675,2026-05-27T19:30:00Z,2026-05-27T21:30:00+0200,146.0,EUR/MWh,FR,FR,day_ahead_price,value,2026-06-05T07:47:19Z
2026-06-05T07:46:33Z,2026-06-05T09:46:33+0200,a4488497-2a44-4b02-8cf3-b5300ead3675,2026-05-27T19:45:00Z,2026-05-27T21:45:00+0200,140.68,EUR/MWh,FR,FR,day_ahead_price,value,2026-06-05T07:47:19Z
2026-06-05T07:46:33Z,2026-06-05T09:46:33+0200,a4488497-2a44-4b02-8cf3-b5300ead3675,2026-05-27T20:00:00Z,2026-05-27T22:00:00+0200,142.9,EUR/MWh,FR,FR,day_ahead_price,value,2026-06-05T07:47:19Z
2026-06-05T07:46:33Z,2026-06-05T09:46:33+0200,a4488497-2a44-4b02-8cf3-b5300ead3675,2026-05-27T20:15:00Z,2026-05-27T22:15:00+0200,136.2,EUR/MWh,FR,FR,day_ahead_price,value,2026-06-05T07:47:19Z
2026-06-05T07:46:33Z,2026-06-05T09:46:33+0200,a4488497-2a44-4b02-8cf3-b5300ead3675,2026-05-27T20:30:00Z,2026-05-27T22:30:00+0200,136.29,EUR/MWh,FR,FR,day_ahead_price,value,2026-06-05T07:47:19Z
2026-06-05T07:46:33Z,2026-06-05T09:46:33+0200,a4488497-2a44-4b02-8cf3-b5300ead3675,2026-05-27T20:45:00Z,2026-05-27T22:45:00+0200,129.71,EUR/MWh,FR,FR,day_ahead_price,value,2026-06-05T07:47:19Z
2026-06-05T07:46:33Z,2026-06-05T09:46:33+0200,a4488497-2a44-4b02-8cf3-b5300ead3675,2026-05-27T21:00:00Z,2026-05-27T23:00:00+0200,126.46,EUR/MWh,FR,FR,day_ahead_price,value,2026-06-05T07:47:19Z
2026-06-05T07:46:33Z,2026-06-05T09:46:33+0200,a4488497-2a44-4b02-8cf3-b5300ead3675,2026-05-27T21:15:00Z,2026-05-27T23:15:00+0200,119.89,EUR/MWh,FR,FR,day_ahead_price,value,2026-06-05T07:47:19Z
2026-06-05T07:46:33Z,2026-06-05T09:46:33+0200,a4488497-2a44-4b02-8cf3-b5300ead3675,2026-05-27T21:30:00Z,2026-05-27T23:30:00+0200,121.46,EUR/MWh,FR,FR,day_ahead_price,value,2026-06-05T07:47:19Z
2026-06-05T07:46:33Z,2026-06-05T09:46:33+0200,a4488497-2a44-4b02-8cf3-b5300ead3675,2026-05-27T21:45:00Z,2026-05-27T23:45:00+0200,112.71,EUR/MWh,FR,FR,day_ahead_price,value,2026-06-05T07:47:19Z
2026-06-05T07:46:33Z,2026-06-05T09:46:33+0200,a4488497-2a44-4b02-8cf3-b5300ead3675,2026-05-27T22:00:00Z,2026-05-28T00:00:00+0200,115.4,EUR/MWh,FR,FR,day_ahead_price,value,2026-06-05T07:47:19Z
2026-06-05T07:46:33Z,2026-06-05T09:46:33+0200,a4488497-2a44-4b02-8cf3-b5300ead3675,2026-05-27T22:15:00Z,2026-05-28T00:15:00+0200,110.92,EUR/MWh,FR,FR,day_ahead_price,value,2026-06-05T07:47:19Z
2026-06-05T07:46:33Z,2026-06-05T09:46:33+0200,a4488497-2a44-4b02-8cf3-b5300ead3675,2026-05-27T22:30:00Z,2026-05-28T00:30:00+0200,107.92,EUR/MWh,FR,FR,day_ahead_price,value,2026-06-05T07:47:19Z
2026-06-05T07:46:33Z,2026-06-05T09:46:33+0200,a4488497-2a44-4b02-8cf3-b5300ead3675,2026-05-27T22:45:00Z,2026-05-28T00:45:00+0200,105.64,EUR/MWh,FR,FR,day_ahead_price,value,2026-06-05T07:47:19Z
2026-06-05T07:46:33Z,2026-06-05T09:46:33+0200,a4488497-2a44-4b02-8cf3-b5300ead3675,2026-05-27T23:00:00Z,2026-05-28T01:00:00+0200,108.36,EUR/MWh,FR,FR,day_ahead_price,value,2026-06-05T07:47:19Z
2026-06-05T07:46:33Z,2026-06-05T09:46:33+0200,a4488497-2a44-4b02-8cf3-b5300ead3675,2026-05-27T23:15:00Z,2026-05-28T01:15:00+0200,107.92,EUR/MWh,FR,FR,day_ahead_price,value,2026-06-05T07:47:19Z
2026-06-05T07:46:33Z,2026-06-05T09:46:33+0200,a4488497-2a44-4b02-8cf3-b5300ead3675,2026-05-27T23:30:00Z,2026-05-28T01:30:00+0200,107.88,EUR/MWh,FR,FR,day_ahead_price,value,2026-06-05T07:47:19Z
2026-06-05T07:46:33Z,2026-06-05T09:46:33+0200,a4488497-2a44-4b02-8cf3-b5300ead3675,2026-05-27T23:45:00Z,2026-05-28T01:45:00+0200,105.64,EUR/MWh,FR,FR,day_ahead_price,value,2026-06-05T07:47:19Z
2026-06-05T07:46:33Z,2026-06-05T09:46:33+0200,a4488497-2a44-4b02-8cf3-b5300ead3675,2026-05-28T00:00:00Z,2026-05-28T02:00:00+0200,105.76,EUR/MWh,FR,FR,day_ahead_price,value,2026-06-05T07:47:19Z
2026-06-05T07:46:33Z,2026-06-05T09:46:33+0200,a4488497-2a44-4b02-8cf3-b5300ead3675,2026-05-28T00:15:00Z,2026-05-28T02:15:00+0200,105.17,EUR/MWh,FR,FR,day_ahead_price,value,2026-06-05T07:47:19Z
2026-06-05T07:46:33Z,2026-06-05T09:46:33+0200,a4488497-2a44-4b02-8cf3-b5300ead3675,2026-05-28T00:30:00Z,2026-05-28T02:30:00+0200,95.0,EUR/MWh,FR,FR,day_ahead_price,value,2026-06-05T07:47:19Z
2026-06-05T07:46:33Z,2026-06-05T09:46:33+0200,a4488497-2a44-4b02-8cf3-b5300ead3675,2026-05-28T00:45:00Z,2026-05-28T02:45:00+0200,77.16,EUR/MWh,FR,FR,day_ahead_price,value,2026-06-05T07:47:19Z
2026-06-05T07:46:33Z,2026-06-05T09:46:33+0200,a4488497-2a44-4b02-8cf3-b5300ead3675,2026-05-28T01:00:00Z,2026-05-28T03:00:00+0200,79.5,EUR/MWh,FR,FR,day_ahead_price,value,2026-06-05T07:47:19Z
2026-06-05T07:46:33Z,2026-06-05T09:46:33+0200,a4488497-2a44-4b02-8cf3-b5300ead3675,2026-05-28T01:15:00Z,2026-05-28T03:15:00+0200,84.01,EUR/MWh,FR,FR,day_ahead_price,value,2026-06-05T07:47:19Z
2026-06-05T07:46:33Z,2026-06-05T09:46:33+0200,a4488497-2a44-4b02-8cf3-b5300ead3675,2026-05-28T01:30:00Z,2026-05-28T03:30:00+0200,90.21,EUR/MWh,FR,FR,day_ahead_price,value,2026-06-05T07:47:19Z
2026-06-05T07:46:33Z,2026-06-05T09:46:33+0200,a4488497-2a44-4b02-8cf3-b5300ead3675,2026-05-28T01:45:00Z,2026-05-28T03:45:00+0200,89.0,EUR/MWh,FR,FR,day_ahead_price,value,2026-06-05T07:47:19Z
2026-06-05T07:46:33Z,2026-06-05T09:46:33+0200,a4488497-2a44-4b02-8cf3-b5300ead3675,2026-05-28T02:00:00Z,2026-05-28T04:00:00+0200,91.4,EUR/MWh,FR,FR,day_ahead_price,value,2026-06-05T07:47:19Z
2026-06-05T07:46:33Z,2026-06-05T09:46:33+0200,a4488497-2a44-4b02-8cf3-b5300ead3675,2026-05-28T02:15:00Z,2026-05-28T04:15:00+0200,96.99,EUR/MWh,FR,FR,day_ahead_price,value,2026-06-05T07:47:19Z
2026-06-05T07:46:33Z,2026-06-05T09:46:33+0200,a4488497-2a44-4b02-8cf3-b5300ead3675,2026-05-28T02:30:00Z,2026-05-28T04:30:00+0200,106.94,EUR/MWh,FR,FR,day_ahead_price,value,2026-06-05T07:47:19Z
2026-06-05T07:46:33Z,2026-06-05T09:46:33+0200,a4488497-2a44-4b02-8cf3-b5300ead3675,2026-05-28T02:45:00Z,2026-05-28T04:45:00+0200,107.88,EUR/MWh,FR,FR,day_ahead_price,value,2026-06-05T07:47:19Z
2026-06-05T07:46:33Z,2026-06-05T09:46:33+0200,a4488497-2a44-4b02-8cf3-b5300ead3675,2026-05-28T03:00:00Z,2026-05-28T05:00:00+0200,108.6,EUR/MWh,FR,FR,day_ahead_price,value,2026-06-05T07:47:19Z
2026-06-05T07:46:33Z,2026-06-05T09:46:33+0200,a4488497-2a44-4b02-8cf3-b5300ead3675,2026-05-28T03:15:00Z,2026-05-28T05:15:00+0200,110.51,EUR/MWh,FR,FR,day_ahead_price,value,2026-06-05T07:47:19Z
2026-06-05T07:46:33Z,2026-06-05T09:46:33+0200,a4488497-2a44-4b02-8cf3-b5300ead3675,2026-05-28T03:30:00Z,2026-05-28T05:30:00+0200,115.23,EUR/MWh,FR,FR,day_ahead_price,value,2026-06-05T07:47:19Z
2026-06-05T07:46:33Z,2026-06-05T09:46:33+0200,a4488497-2a44-4b02-8cf3-b5300ead3675,2026-05-28T03:45:00Z,2026-05-28T05:45:00+0200,120.67,EUR/MWh,FR,FR,day_ahead_price,value,2026-06-05T07:47:19Z
2026-06-05T07:46:33Z,2026-06-05T09:46:33+0200,a4488497-2a44-4b02-8cf3-b5300ead3675,2026-05-28T04:00:00Z,2026-05-28T06:00:00+0200,122.67,EUR/MWh,FR,FR,day_ahead_price,value,2026-06-05T07:47:19Z
2026-06-05T07:46:33Z,2026-06-05T09:46:33+0200,a4488497-2a44-4b02-8cf3-b5300ead3675,2026-05-28T04:15:00Z,2026-05-28T06:15:00+0200,128.92,EUR/MWh,FR,FR,day_ahead_price,value,2026-06-05T07:47:19Z
2026-06-05T07:46:33Z,2026-06-05T09:46:33+0200,a4488497-2a44-4b02-8cf3-b5300ead3675,2026-05-28T04:30:00Z,2026-05-28T06:30:00+0200,127.07,EUR/MWh,FR,FR,day_ahead_price,value,2026-06-05T07:47:19Z
2026-06-05T07:46:33Z,2026-06-05T09:46:33+0200,a4488497-2a44-4b02-8cf3-b5300ead3675,2026-05-28T04:45:00Z,2026-05-28T06:45:00+0200,128.92,EUR/MWh,FR,FR,day_ahead_price,value,2026-06-05T07:47:19Z
2026-06-05T07:46:33Z,2026-06-05T09:46:33+0200,a4488497-2a44-4b02-8cf3-b5300ead3675,2026-05-28T05:00:00Z,2026-05-28T07:00:00+0200,128.92,EUR/MWh,FR,FR,day_ahead_price,value,2026-06-05T07:47:19Z
2026-06-05T07:46:33Z,2026-06-05T09:46:33+0200,a4488497-2a44-4b02-8cf3-b5300ead3675,2026-05-28T05:15:00Z,2026-05-28T07:15:00+0200,128.92,EUR/MWh,FR,FR,day_ahead_price,value,2026-06-05T07:47:19Z
2026-06-05T07:46:33Z,2026-06-05T09:46:33+0200,a4488497-2a44-4b02-8cf3-b5300ead3675,2026-05-28T05:30:00Z,2026-05-28T07:30:00+0200,121.69,EUR/MWh,FR,FR,day_ahead_price,value,2026-06-05T07:47:19Z
2026-06-05T07:46:33Z,2026-06-05T09:46:33+0200,a4488497-2a44-4b02-8cf3-b5300ead3675,2026-05-28T05:45:00Z,2026-05-28T07:45:00+0200,111.0,EUR/MWh,FR,FR,day_ahead_price,value,2026-06-05T07:47:19Z
2026-06-05T07:46:33Z,2026-06-05T09:46:33+0200,a4488497-2a44-4b02-8cf3-b5300ead3675,2026-05-28T06:00:00Z,2026-05-28T08:00:00+0200,126.0,EUR/MWh,FR,FR,day_ahead_price,value,2026-06-05T07:47:19Z
2026-06-05T07:46:33Z,2026-06-05T09:46:33+0200,a4488497-2a44-4b02-8cf3-b5300ead3675,2026-05-28T06:15:00Z,2026-05-28T08:15:00+0200,109.42,EUR/MWh,FR,FR,day_ahead_price,value,2026-06-05T07:47:19Z
2026-06-05T07:46:33Z,2026-06-05T09:46:33+0200,a4488497-2a44-4b02-8cf3-b5300ead3675,2026-05-28T06:30:00Z,2026-05-28T08:30:00+0200,104.18,EUR/MWh,FR,FR,day_ahead_price,value,2026-06-05T07:47:19Z
2026-06-05T07:46:33Z,2026-06-05T09:46:33+0200,a4488497-2a44-4b02-8cf3-b5300ead3675,2026-05-28T06:45:00Z,2026-05-28T08:45:00+0200,77.0,EUR/MWh,FR,FR,day_ahead_price,value,2026-06-05T07:47:19Z
2026-06-05T07:46:33Z,2026-06-05T09:46:33+0200,a4488497-2a44-4b02-8cf3-b5300ead3675,2026-05-28T07:00:00Z,2026-05-28T09:00:00+0200,88.87,EUR/MWh,FR,FR,day_ahead_price,value,2026-06-05T07:47:19Z
2026-06-05T07:46:33Z,2026-06-05T09:46:33+0200,a4488497-2a44-4b02-8cf3-b5300ead3675,2026-05-28T07:15:00Z,2026-05-28T09:15:00+0200,62.75,EUR/MWh,FR,FR,day_ahead_price,value,2026-06-05T07:47:19Z
2026-06-05T07:46:33Z,2026-06-05T09:46:33+0200,a4488497-2a44-4b02-8cf3-b5300ead3675,2026-05-28T07:30:00Z,2026-05-28T09:30:00+0200,35.1,EUR/MWh,FR,FR,day_ahead_price,value,2026-06-05T07:47:19Z
2026-06-05T07:46:33Z,2026-06-05T09:46:33+0200,a4488497-2a44-4b02-8cf3-b5300ead3675,2026-05-28T07:45:00Z,2026-05-28T09:45:00+0200,24.15,EUR/MWh,FR,FR,day_ahead_price,value,2026-06-05T07:47:19Z
2026-06-05T07:46:33Z,2026-06-05T09:46:33+0200,a4488497-2a44-4b02-8cf3-b5300ead3675,2026-05-28T08:00:00Z,2026-05-28T10:00:00+0200,44.26,EUR/MWh,FR,FR,day_ahead_price,value,2026-06-05T07:47:19Z
2026-06-05T07:46:33Z,2026-06-05T09:46:33+0200,a4488497-2a44-4b02-8cf3-b5300ead3675,2026-05-28T08:15:00Z,2026-05-28T10:15:00+0200,17.94,EUR/MWh,FR,FR,day_ahead_price,value,2026-06-05T07:47:19Z
2026-06-05T07:46:33Z,2026-06-05T09:46:33+0200,a4488497-2a44-4b02-8cf3-b5300ead3675,2026-05-28T08:30:00Z,2026-05-28T10:30:00+0200,6.32,EUR/MWh,FR,FR,day_ahead_price,value,2026-06-05T07:47:19Z
2026-06-05T07:46:33Z,2026-06-05T09:46:33+0200,a4488497-2a44-4b02-8cf3-b5300ead3675,2026-05-28T08:45:00Z,2026-05-28T10:45:00+0200,2.51,EUR/MWh,FR,FR,day_ahead_price,value,2026-06-05T07:47:19Z
2026-06-05T07:46:33Z,2026-06-05T09:46:33+0200,a4488497-2a44-4b02-8cf3-b5300ead3675,2026-05-28T09:00:00Z,2026-05-28T11:00:00+0200,1.56,EUR/MWh,FR,FR,day_ahead_price,value,2026-06-05T07:47:19Z
2026-06-05T07:46:33Z,2026-06-05T09:46:33+0200,a4488497-2a44-4b02-8cf3-b5300ead3675,2026-05-28T09:15:00Z,2026-05-28T11:15:00+0200,0.7,EUR/MWh,FR,FR,day_ahead_price,value,2026-06-05T07:47:19Z
2026-06-05T07:46:33Z,2026-06-05T09:46:33+0200,a4488497-2a44-4b02-8cf3-b5300ead3675,2026-05-28T09:30:00Z,2026-05-28T11:30:00+0200,0.01,EUR/MWh,FR,FR,day_ahead_price,value,2026-06-05T07:47:19Z
2026-06-05T07:46:33Z,2026-06-05T09:46:33+0200,a4488497-2a44-4b02-8cf3-b5300ead3675,2026-05-28T09:45:00Z,2026-05-28T11:45:00+0200,0.0,EUR/MWh,FR,FR,day_ahead_price,value,2026-06-05T07:47:19Z
2026-06-05T07:46:33Z,2026-06-05T09:46:33+0200,a4488497-2a44-4b02-8cf3-b5300ead3675,2026-05-28T10:00:00Z,2026-05-28T12:00:00+0200,0.04,EUR/MWh,FR,FR,day_ahead_price,value,2026-06-05T07:47:19Z
2026-06-05T07:46:33Z,2026-06-05T09:46:33+0200,a4488497-2a44-4b02-8cf3-b5300ead3675,2026-05-28T10:15:00Z,2026-05-28T12:15:00+0200,0.0,EUR/MWh,FR,FR,day_ahead_price,value,2026-06-05T07:47:19Z
2026-06-05T07:46:33Z,2026-06-05T09:46:33+0200,a4488497-2a44-4b02-8cf3-b5300ead3675,2026-05-28T10:30:00Z,2026-05-28T12:30:00+0200,0.0,EUR/MWh,FR,FR,day_ahead_price,value,2026-06-05T07:47:19Z
2026-06-05T07:46:33Z,2026-06-05T09:46:33+0200,a4488497-2a44-4b02-8cf3-b5300ead3675,2026-05-28T10:45:00Z,2026-05-28T12:45:00+0200,0.0,EUR/MWh,FR,FR,day_ahead_price,value,2026-06-05T07:47:19Z
2026-06-05T07:46:33Z,2026-06-05T09:46:33+0200,a4488497-2a44-4b02-8cf3-b5300ead3675,2026-05-28T11:00:00Z,2026-05-28T13:00:00+0200,0.01,EUR/MWh,FR,FR,day_ahead_price,value,2026-06-05T07:47:19Z
2026-06-05T07:46:33Z,2026-06-05T09:46:33+0200,a4488497-2a44-4b02-8cf3-b5300ead3675,2026-05-28T11:15:00Z,2026-05-28T13:15:00+0200,0.01,EUR/MWh,FR,FR,day_ahead_price,value,2026-06-05T07:47:19Z
2026-06-05T07:46:33Z,2026-06-05T09:46:33+0200,a4488497-2a44-4b02-8cf3-b5300ead3675,2026-05-28T11:30:00Z,2026-05-28T13:30:00+0200,0.0,EUR/MWh,FR,FR,day_ahead_price,value,2026-06-05T07:47:19Z
2026-06-05T07:46:33Z,2026-06-05T09:46:33+0200,a4488497-2a44-4b02-8cf3-b5300ead3675,2026-05-28T11:45:00Z,2026-05-28T13:45:00+0200,0.0,EUR/MWh,FR,FR,day_ahead_price,value,2026-06-05T07:47:19Z
2026-06-05T07:46:33Z,2026-06-05T09:46:33+0200,a4488497-2a44-4b02-8cf3-b5300ead3675,2026-05-28T12:00:00Z,2026-05-28T14:00:00+0200,0.0,EUR/MWh,FR,FR,day_ahead_price,value,2026-06-05T07:47:19Z
2026-06-05T07:46:33Z,2026-06-05T09:46:33+0200,a4488497-2a44-4b02-8cf3-b5300ead3675,2026-05-28T12:15:00Z,2026-05-28T14:15:00+0200,0.0,EUR/MWh,FR,FR,day_ahead_price,value,2026-06-05T07:47:19Z
2026-06-05T07:46:33Z,2026-06-05T09:46:33+0200,a4488497-2a44-4b02-8cf3-b5300ead3675,2026-05-28T12:30:00Z,2026-05-28T14:30:00+0200,0.01,EUR/MWh,FR,FR,day_ahead_price,value,2026-06-05T07:47:19Z
2026-06-05T07:46:33Z,2026-06-05T09:46:33+0200,a4488497-2a44-4b02-8cf3-b5300ead3675,2026-05-28T12:45:00Z,2026-05-28T14:45:00+0200,0.02,EUR/MWh,FR,FR,day_ahead_price,value,2026-06-05T07:47:19Z
2026-06-05T07:46:33Z,2026-06-05T09:46:33+0200,a4488497-2a44-4b02-8cf3-b5300ead3675,2026-05-28T13:00:00Z,2026-05-28T15:00:00+0200,0.01,EUR/MWh,FR,FR,day_ahead_price,value,2026-06-05T07:47:19Z
2026-06-05T07:46:33Z,2026-06-05T09:46:33+0200,a4488497-2a44-4b02-8cf3-b5300ead3675,2026-05-28T13:15:00Z,2026-05-28T15:15:00+0200,0.01,EUR/MWh,FR,FR,day_ahead_price,value,2026-06-05T07:47:19Z
2026-06-05T07:46:33Z,2026-06-05T09:46:33+0200,a4488497-2a44-4b02-8cf3-b5300ead3675,2026-05-28T13:30:00Z,2026-05-28T15:30:00+0200,0.84,EUR/MWh,FR,FR,day_ahead_price,value,2026-06-05T07:47:19Z
2026-06-05T07:46:33Z,2026-06-05T09:46:33+0200,a4488497-2a44-4b02-8cf3-b5300ead3675,2026-05-28T13:45:00Z,2026-05-28T15:45:00+0200,4.34,EUR/MWh,FR,FR,day_ahead_price,value,2026-06-05T07:47:19Z
2026-06-05T07:46:33Z,2026-06-05T09:46:33+0200,a4488497-2a44-4b02-8cf3-b5300ead3675,2026-05-28T14:00:00Z,2026-05-28T16:00:00+0200,2.84,EUR/MWh,FR,FR,day_ahead_price,value,2026-06-05T07:47:19Z
2026-06-05T07:46:33Z,2026-06-05T09:46:33+0200,a4488497-2a44-4b02-8cf3-b5300ead3675,2026-05-28T14:15:00Z,2026-05-28T16:15:00+0200,10.0,EUR/MWh,FR,FR,day_ahead_price,value,2026-06-05T07:47:19Z
2026-06-05T07:46:33Z,2026-06-05T09:46:33+0200,a4488497-2a44-4b02-8cf3-b5300ead3675,2026-05-28T14:30:00Z,2026-05-28T16:30:00+0200,17.0,EUR/MWh,FR,FR,day_ahead_price,value,2026-06-05T07:47:19Z
2026-06-05T07:46:33Z,2026-06-05T09:46:33+0200,a4488497-2a44-4b02-8cf3-b5300ead3675,2026-05-28T14:45:00Z,2026-05-28T16:45:00+0200,52.8,EUR/MWh,FR,FR,day_ahead_price,value,2026-06-05T07:47:19Z
2026-06-05T07:46:33Z,2026-06-05T09:46:33+0200,a4488497-2a44-4b02-8cf3-b5300ead3675,2026-05-28T15:00:00Z,2026-05-28T17:00:00+0200,31.65,EUR/MWh,FR,FR,day_ahead_price,value,2026-06-05T07:47:19Z
2026-06-05T07:46:33Z,2026-06-05T09:46:33+0200,a4488497-2a44-4b02-8cf3-b5300ead3675,2026-05-28T15:15:00Z,2026-05-28T17:15:00+0200,35.9,EUR/MWh,FR,FR,day_ahead_price,value,2026-06-05T07:47:19Z
2026-06-05T07:46:33Z,2026-06-05T09:46:33+0200,a4488497-2a44-4b02-8cf3-b5300ead3675,2026-05-28T15:30:00Z,2026-05-28T17:30:00+0200,58.31,EUR/MWh,FR,FR,day_ahead_price,value,2026-06-05T07:47:19Z
2026-06-05T07:46:33Z,2026-06-05T09:46:33+0200,a4488497-2a44-4b02-8cf3-b5300ead3675,2026-05-28T15:45:00Z,2026-05-28T17:45:00+0200,90.18,EUR/MWh,FR,FR,day_ahead_price,value,2026-06-05T07:47:19Z
2026-06-05T07:46:33Z,2026-06-05T09:46:33+0200,a4488497-2a44-4b02-8cf3-b5300ead3675,2026-05-28T16:00:00Z,2026-05-28T18:00:00+0200,69.74,EUR/MWh,FR,FR,day_ahead_price,value,2026-06-05T07:47:19Z
2026-06-05T07:46:33Z,2026-06-05T09:46:33+0200,a4488497-2a44-4b02-8cf3-b5300ead3675,2026-05-28T16:15:00Z,2026-05-28T18:15:00+0200,87.92,EUR/MWh,FR,FR,day_ahead_price,value,2026-06-05T07:47:19Z
2026-06-05T07:46:33Z,2026-06-05T09:46:33+0200,a4488497-2a44-4b02-8cf3-b5300ead3675,2026-05-28T16:30:00Z,2026-05-28T18:30:00+0200,147.28,EUR/MWh,FR,FR,day_ahead_price,value,2026-06-05T07:47:19Z
2026-06-05T07:46:33Z,2026-06-05T09:46:33+0200,a4488497-2a44-4b02-8cf3-b5300ead3675,2026-05-28T16:45:00Z,2026-05-28T18:45:00+0200,165.3,EUR/MWh,FR,FR,day_ahead_price,value,2026-06-05T07:47:19Z
2026-06-05T07:46:33Z,2026-06-05T09:46:33+0200,a4488497-2a44-4b02-8cf3-b5300ead3675,2026-05-28T17:00:00Z,2026-05-28T19:00:00+0200,101.33,EUR/MWh,FR,FR,day_ahead_price,value,2026-06-05T07:47:19Z
2026-06-05T07:46:33Z,2026-06-05T09:46:33+0200,a4488497-2a44-4b02-8cf3-b5300ead3675,2026-05-28T17:15:00Z,2026-05-28T19:15:00+0200,156.2,EUR/MWh,FR,FR,day_ahead_price,value,2026-06-05T07:47:19Z
2026-06-05T07:46:33Z,2026-06-05T09:46:33+0200,a4488497-2a44-4b02-8cf3-b5300ead3675,2026-05-28T17:30:00Z,2026-05-28T19:30:00+0200,162.74,EUR/MWh,FR,FR,day_ahead_price,value,2026-06-05T07:47:19Z
2026-06-05T07:46:33Z,2026-06-05T09:46:33+0200,a4488497-2a44-4b02-8cf3-b5300ead3675,2026-05-28T17:45:00Z,2026-05-28T19:45:00+0200,170.99,EUR/MWh,FR,FR,day_ahead_price,value,2026-06-05T07:47:19Z
2026-06-05T07:46:33Z,2026-06-05T09:46:33+0200,a4488497-2a44-4b02-8cf3-b5300ead3675,2026-05-28T18:00:00Z,2026-05-28T20:00:00+0200,127.84,EUR/MWh,FR,FR,day_ahead_price,value,2026-06-05T07:47:19Z
2026-06-05T07:46:33Z,2026-06-05T09:46:33+0200,a4488497-2a44-4b02-8cf3-b5300ead3675,2026-05-28T18:15:00Z,2026-05-28T20:15:00+0200,122.67,EUR/MWh,FR,FR,day_ahead_price,value,2026-06-05T07:47:19Z
2026-06-05T07:46:33Z,2026-06-05T09:46:33+0200,a4488497-2a44-4b02-8cf3-b5300ead3675,2026-05-28T18:30:00Z,2026-05-28T20:30:00+0200,133.4,EUR/MWh,FR,FR,day_ahead_price,value,2026-06-05T07:47:19Z
2026-06-05T07:46:33Z,2026-06-05T09:46:33+0200,a4488497-2a44-4b02-8cf3-b5300ead3675,2026-05-28T18:45:00Z,2026-05-28T20:45:00+0200,152.9,EUR/MWh,FR,FR,day_ahead_price,value,2026-06-05T07:47:19Z
2026-06-05T07:46:33Z,2026-06-05T09:46:33+0200,a4488497-2a44-4b02-8cf3-b5300ead3675,2026-05-28T19:00:00Z,2026-05-28T21:00:00+0200,147.52,EUR/MWh,FR,FR,day_ahead_price,value,2026-06-05T07:47:19Z
2026-06-05T07:46:33Z,2026-06-05T09:46:33+0200,a4488497-2a44-4b02-8cf3-b5300ead3675,2026-05-28T19:15:00Z,2026-05-28T21:15:00+0200,160.51,EUR/MWh,FR,FR,day_ahead_price,value,2026-06-05T07:47:19Z
2026-06-05T07:46:33Z,2026-06-05T09:46:33+0200,a4488497-2a44-4b02-8cf3-b5300ead3675,2026-05-28T19:30:00Z,2026-05-28T21:30:00+0200,172.5,EUR/MWh,FR,FR,day_ahead_price,value,2026-06-05T07:47:19Z
2026-06-05T07:46:33Z,2026-06-05T09:46:33+0200,a4488497-2a44-4b02-8cf3-b5300ead3675,2026-05-28T19:45:00Z,2026-05-28T21:45:00+0200,157.87,EUR/MWh,FR,FR,day_ahead_price,value,2026-06-05T07:47:19Z
2026-06-05T07:46:33Z,2026-06-05T09:46:33+0200,a4488497-2a44-4b02-8cf3-b5300ead3675,2026-05-28T20:00:00Z,2026-05-28T22:00:00+0200,170.12,EUR/MWh,FR,FR,day_ahead_price,value,2026-06-05T07:47:19Z
2026-06-05T07:46:33Z,2026-06-05T09:46:33+0200,a4488497-2a44-4b02-8cf3-b5300ead3675,2026-05-28T20:15:00Z,2026-05-28T22:15:00+0200,151.98,EUR/MWh,FR,FR,day_ahead_price,value,2026-06-05T07:47:19Z
2026-06-05T07:46:33Z,2026-06-05T09:46:33+0200,a4488497-2a44-4b02-8cf3-b5300ead3675,2026-05-28T20:30:00Z,2026-05-28T22:30:00+0200,157.87,EUR/MWh,FR,FR,day_ahead_price,value,2026-06-05T07:47:19Z
2026-06-05T07:46:33Z,2026-06-05T09:46:33+0200,a4488497-2a44-4b02-8cf3-b5300ead3675,2026-05-28T20:45:00Z,2026-05-28T22:45:00+0200,140.89,EUR/MWh,FR,FR,day_ahead_price,value,2026-06-05T07:47:19Z
2026-06-05T07:46:33Z,2026-06-05T09:46:33+0200,a4488497-2a44-4b02-8cf3-b5300ead3675,2026-05-28T21:00:00Z,2026-05-28T23:00:00+0200,143.28,EUR/MWh,FR,FR,day_ahead_price,value,2026-06-05T07:47:19Z
2026-06-05T07:46:33Z,2026-06-05T09:46:33+0200,a4488497-2a44-4b02-8cf3-b5300ead3675,2026-05-28T21:15:00Z,2026-05-28T23:15:00+0200,134.47,EUR/MWh,FR,FR,day_ahead_price,value,2026-06-05T07:47:19Z
2026-06-05T07:46:33Z,2026-06-05T09:46:33+0200,a4488497-2a44-4b02-8cf3-b5300ead3675,2026-05-28T21:30:00Z,2026-05-28T23:30:00+0200,133.26,EUR/MWh,FR,FR,day_ahead_price,value,2026-06-05T07:47:19Z
2026-06-05T07:46:33Z,2026-06-05T09:46:33+0200,a4488497-2a44-4b02-8cf3-b5300ead3675,2026-05-28T21:45:00Z,2026-05-28T23:45:00+0200,128.92,EUR/MWh,FR,FR,day_ahead_price,value,2026-06-05T07:47:19Z
2026-06-05T07:46:33Z,2026-06-05T09:46:33+0200,a4488497-2a44-4b02-8cf3-b5300ead3675,2026-05-28T22:00:00Z,2026-05-29T00:00:00+0200,140.4,EUR/MWh,FR,FR,day_ahead_price,value,2026-06-05T07:47:19Z
2026-06-05T07:46:33Z,2026-06-05T09:46:33+0200,a4488497-2a44-4b02-8cf3-b5300ead3675,2026-05-28T22:15:00Z,2026-05-29T00:15:00+0200,136.43,EUR/MWh,FR,FR,day_ahead_price,value,2026-06-05T07:47:19Z
2026-06-05T07:46:33Z,2026-06-05T09:46:33+0200,a4488497-2a44-4b02-8cf3-b5300ead3675,2026-05-28T22:30:00Z,2026-05-29T00:30:00+0200,127.25,EUR/MWh,FR,FR,day_ahead_price,value,2026-06-05T07:47:19Z
2026-06-05T07:46:33Z,2026-06-05T09:46:33+0200,a4488497-2a44-4b02-8cf3-b5300ead3675,2026-05-28T22:45:00Z,2026-05-29T00:45:00+0200,126.36,EUR/MWh,FR,FR,day_ahead_price,value,2026-06-05T07:47:19Z
2026-06-05T07:46:33Z,2026-06-05T09:46:33+0200,a4488497-2a44-4b02-8cf3-b5300ead3675,2026-05-28T23:00:00Z,2026-05-29T01:00:00+0200,126.36,EUR/MWh,FR,FR,day_ahead_price,value,2026-06-05T07:47:19Z
2026-06-05T07:46:33Z,2026-06-05T09:46:33+0200,a4488497-2a44-4b02-8cf3-b5300ead3675,2026-05-28T23:15:00Z,2026-05-29T01:15:00+0200,126.36,EUR/MWh,FR,FR,day_ahead_price,value,2026-06-05T07:47:19Z
2026-06-05T07:46:33Z,2026-06-05T09:46:33+0200,a4488497-2a44-4b02-8cf3-b5300ead3675,2026-05-28T23:30:00Z,2026-05-29T01:30:00+0200,126.36,EUR/MWh,FR,FR,day_ahead_price,value,2026-06-05T07:47:19Z
2026-06-05T07:46:33Z,2026-06-05T09:46:33+0200,a4488497-2a44-4b02-8cf3-b5300ead3675,2026-05-28T23:45:00Z,2026-05-29T01:45:00+0200,123.86,EUR/MWh,FR,FR,day_ahead_price,value,2026-06-05T07:47:19Z
2026-06-05T07:46:33Z,2026-06-05T09:46:33+0200,a4488497-2a44-4b02-8cf3-b5300ead3675,2026-05-29T00:00:00Z,2026-05-29T02:00:00+0200,125.01,EUR/MWh,FR,FR,day_ahead_price,value,2026-06-05T07:47:19Z
2026-06-05T07:46:33Z,2026-06-05T09:46:33+0200,a4488497-2a44-4b02-8cf3-b5300ead3675,2026-05-29T00:15:00Z,2026-05-29T02:15:00+0200,120.0,EUR/MWh,FR,FR,day_ahead_price,value,2026-06-05T07:47:19Z
2026-06-05T07:46:33Z,2026-06-05T09:46:33+0200,a4488497-2a44-4b02-8cf3-b5300ead3675,2026-05-29T00:30:00Z,2026-05-29T02:30:00+0200,119.57,EUR/MWh,FR,FR,day_ahead_price,value,2026-06-05T07:47:19Z
2026-06-05T07:46:33Z,2026-06-05T09:46:33+0200,a4488497-2a44-4b02-8cf3-b5300ead3675,2026-05-29T00:45:00Z,2026-05-29T02:45:00+0200,118.11,EUR/MWh,FR,FR,day_ahead_price,value,2026-06-05T07:47:19Z
2026-06-05T07:46:33Z,2026-06-05T09:46:33+0200,a4488497-2a44-4b02-8cf3-b5300ead3675,2026-05-29T01:00:00Z,2026-05-29T03:00:00+0200,117.27,EUR/MWh,FR,FR,day_ahead_price,value,2026-06-05T07:47:19Z
2026-06-05T07:46:33Z,2026-06-05T09:46:33+0200,a4488497-2a44-4b02-8cf3-b5300ead3675,2026-05-29T01:15:00Z,2026-05-29T03:15:00+0200,115.88,EUR/MWh,FR,FR,day_ahead_price,value,2026-06-05T07:47:19Z
2026-06-05T07:46:33Z,2026-06-05T09:46:33+0200,a4488497-2a44-4b02-8cf3-b5300ead3675,2026-05-29T01:30:00Z,2026-05-29T03:30:00+0200,115.0,EUR/MWh,FR,FR,day_ahead_price,value,2026-06-05T07:47:19Z
2026-06-05T07:46:33Z,2026-06-05T09:46:33+0200,a4488497-2a44-4b02-8cf3-b5300ead3675,2026-05-29T01:45:00Z,2026-05-29T03:45:00+0200,111.21,EUR/MWh,FR,FR,day_ahead_price,value,2026-06-05T07:47:19Z
2026-06-05T07:46:33Z,2026-06-05T09:46:33+0200,a4488497-2a44-4b02-8cf3-b5300ead3675,2026-05-29T02:00:00Z,2026-05-29T04:00:00+0200,110.76,EUR/MWh,FR,FR,day_ahead_price,value,2026-06-05T07:47:19Z
2026-06-05T07:46:33Z,2026-06-05T09:46:33+0200,a4488497-2a44-4b02-8cf3-b5300ead3675,2026-05-29T02:15:00Z,2026-05-29T04:15:00+0200,110.76,EUR/MWh,FR,FR,day_ahead_price,value,2026-06-05T07:47:19Z
2026-06-05T07:46:33Z,2026-06-05T09:46:33+0200,a4488497-2a44-4b02-8cf3-b5300ead3675,2026-05-29T02:30:00Z,2026-05-29T04:30:00+0200,110.76,EUR/MWh,FR,FR,day_ahead_price,value,2026-06-05T07:47:19Z
2026-06-05T07:46:33Z,2026-06-05T09:46:33+0200,a4488497-2a44-4b02-8cf3-b5300ead3675,2026-05-29T02:45:00Z,2026-05-29T04:45:00+0200,112.49,EUR/MWh,FR,FR,day_ahead_price,value,2026-06-05T07:47:19Z
2026-06-05T07:46:33Z,2026-06-05T09:46:33+0200,a4488497-2a44-4b02-8cf3-b5300ead3675,2026-05-29T03:00:00Z,2026-05-29T05:00:00+0200,114.25,EUR/MWh,FR,FR,day_ahead_price,value,2026-06-05T07:47:19Z
2026-06-05T07:46:33Z,2026-06-05T09:46:33+0200,a4488497-2a44-4b02-8cf3-b5300ead3675,2026-05-29T03:15:00Z,2026-05-29T05:15:00+0200,118.02,EUR/MWh,FR,FR,day_ahead_price,value,2026-06-05T07:47:19Z
2026-06-05T07:46:33Z,2026-06-05T09:46:33+0200,a4488497-2a44-4b02-8cf3-b5300ead3675,2026-05-29T03:30:00Z,2026-05-29T05:30:00+0200,119.11,EUR/MWh,FR,FR,day_ahead_price,value,2026-06-05T07:47:19Z
2026-06-05T07:46:33Z,2026-06-05T09:46:33+0200,a4488497-2a44-4b02-8cf3-b5300ead3675,2026-05-29T03:45:00Z,2026-05-29T05:45:00+0200,120.0,EUR/MWh,FR,FR,day_ahead_price,value,2026-06-05T07:47:19Z
2026-06-05T07:46:33Z,2026-06-05T09:46:33+0200,a4488497-2a44-4b02-8cf3-b5300ead3675,2026-05-29T04:00:00Z,2026-05-29T06:00:00+0200,126.36,EUR/MWh,FR,FR,day_ahead_price,value,2026-06-05T07:47:19Z
2026-06-05T07:46:33Z,2026-06-05T09:46:33+0200,a4488497-2a44-4b02-8cf3-b5300ead3675,2026-05-29T04:15:00Z,2026-05-29T06:15:00+0200,126.36,EUR/MWh,FR,FR,day_ahead_price,value,2026-06-05T07:47:19Z
2026-06-05T07:46:33Z,2026-06-05T09:46:33+0200,a4488497-2a44-4b02-8cf3-b5300ead3675,2026-05-29T04:30:00Z,2026-05-29T06:30:00+0200,126.36,EUR/MWh,FR,FR,day_ahead_price,value,2026-06-05T07:47:19Z
2026-06-05T07:46:33Z,2026-06-05T09:46:33+0200,a4488497-2a44-4b02-8cf3-b5300ead3675,2026-05-29T04:45:00Z,2026-05-29T06:45:00+0200,126.36,EUR/MWh,FR,FR,day_ahead_price,value,2026-06-05T07:47:19Z
2026-06-05T07:46:33Z,2026-06-05T09:46:33+0200,a4488497-2a44-4b02-8cf3-b5300ead3675,2026-05-29T05:00:00Z,2026-05-29T07:00:00+0200,136.96,EUR/MWh,FR,FR,day_ahead_price,value,2026-06-05T07:47:19Z
2026-06-05T07:46:33Z,2026-06-05T09:46:33+0200,a4488497-2a44-4b02-8cf3-b5300ead3675,2026-05-29T05:15:00Z,2026-05-29T07:15:00+0200,130.1,EUR/MWh,FR,FR,day_ahead_price,value,2026-06-05T07:47:19Z
2026-06-05T07:46:33Z,2026-06-05T09:46:33+0200,a4488497-2a44-4b02-8cf3-b5300ead3675,2026-05-29T05:30:00Z,2026-05-29T07:30:00+0200,124.97,EUR/MWh,FR,FR,day_ahead_price,value,2026-06-05T07:47:19Z
2026-06-05T07:46:33Z,2026-06-05T09:46:33+0200,a4488497-2a44-4b02-8cf3-b5300ead3675,2026-05-29T05:45:00Z,2026-05-29T07:45:00+0200,111.95,EUR/MWh,FR,FR,day_ahead_price,value,2026-06-05T07:47:19Z
2026-06-05T07:46:33Z,2026-06-05T09:46:33+0200,a4488497-2a44-4b02-8cf3-b5300ead3675,2026-05-29T06:00:00Z,2026-05-29T08:00:00+0200,126.36,EUR/MWh,FR,FR,day_ahead_price,value,2026-06-05T07:47:19Z
2026-06-05T07:46:33Z,2026-06-05T09:46:33+0200,a4488497-2a44-4b02-8cf3-b5300ead3675,2026-05-29T06:15:00Z,2026-05-29T08:15:00+0200,116.39,EUR/MWh,FR,FR,day_ahead_price,value,2026-06-05T07:47:19Z
2026-06-05T07:46:33Z,2026-06-05T09:46:33+0200,a4488497-2a44-4b02-8cf3-b5300ead3675,2026-05-29T06:30:00Z,2026-05-29T08:30:00+0200,107.0,EUR/MWh,FR,FR,day_ahead_price,value,2026-06-05T07:47:19Z
2026-06-05T07:46:33Z,2026-06-05T09:46:33+0200,a4488497-2a44-4b02-8cf3-b5300ead3675,2026-05-29T06:45:00Z,2026-05-29T08:45:00+0200,84.57,EUR/MWh,FR,FR,day_ahead_price,value,2026-06-05T07:47:19Z
2026-06-05T07:46:33Z,2026-06-05T09:46:33+0200,a4488497-2a44-4b02-8cf3-b5300ead3675,2026-05-29T07:00:00Z,2026-05-29T09:00:00+0200,94.47,EUR/MWh,FR,FR,day_ahead_price,value,2026-06-05T07:47:19Z
2026-06-05T07:46:33Z,2026-06-05T09:46:33+0200,a4488497-2a44-4b02-8cf3-b5300ead3675,2026-05-29T07:15:00Z,2026-05-29T09:15:00+0200,72.75,EUR/MWh,FR,FR,day_ahead_price,value,2026-06-05T07:47:19Z
2026-06-05T07:46:33Z,2026-06-05T09:46:33+0200,a4488497-2a44-4b02-8cf3-b5300ead3675,2026-05-29T07:30:00Z,2026-05-29T09:30:00+0200,45.0,EUR/MWh,FR,FR,day_ahead_price,value,2026-06-05T07:47:19Z
2026-06-05T07:46:33Z,2026-06-05T09:46:33+0200,a4488497-2a44-4b02-8cf3-b5300ead3675,2026-05-29T07:45:00Z,2026-05-29T09:45:00+0200,34.58,EUR/MWh,FR,FR,day_ahead_price,value,2026-06-05T07:47:19Z
2026-06-05T07:46:33Z,2026-06-05T09:46:33+0200,a4488497-2a44-4b02-8cf3-b5300ead3675,2026-05-29T08:00:00Z,2026-05-29T10:00:00+0200,30.0,EUR/MWh,FR,FR,day_ahead_price,value,2026-06-05T07:47:19Z
2026-06-05T07:46:33Z,2026-06-05T09:46:33+0200,a4488497-2a44-4b02-8cf3-b5300ead3675,2026-05-29T08:15:00Z,2026-05-29T10:15:00+0200,17.77,EUR/MWh,FR,FR,day_ahead_price,value,2026-06-05T07:47:19Z
2026-06-05T07:46:33Z,2026-06-05T09:46:33+0200,a4488497-2a44-4b02-8cf3-b5300ead3675,2026-05-29T08:30:00Z,2026-05-29T10:30:00+0200,10.89,EUR/MWh,FR,FR,day_ahead_price,value,2026-06-05T07:47:19Z
2026-06-05T07:46:33Z,2026-06-05T09:46:33+0200,a4488497-2a44-4b02-8cf3-b5300ead3675,2026-05-29T08:45:00Z,2026-05-29T10:45:00+0200,5.0,EUR/MWh,FR,FR,day_ahead_price,value,2026-06-05T07:47:19Z
2026-06-05T07:46:33Z,2026-06-05T09:46:33+0200,a4488497-2a44-4b02-8cf3-b5300ead3675,2026-05-29T09:00:00Z,2026-05-29T11:00:00+0200,5.56,EUR/MWh,FR,FR,day_ahead_price,value,2026-06-05T07:47:19Z
2026-06-05T07:46:33Z,2026-06-05T09:46:33+0200,a4488497-2a44-4b02-8cf3-b5300ead3675,2026-05-29T09:15:00Z,2026-05-29T11:15:00+0200,1.75,EUR/MWh,FR,FR,day_ahead_price,value,2026-06-05T07:47:19Z
2026-06-05T07:46:33Z,2026-06-05T09:46:33+0200,a4488497-2a44-4b02-8cf3-b5300ead3675,2026-05-29T09:30:00Z,2026-05-29T11:30:00+0200,0.84,EUR/MWh,FR,FR,day_ahead_price,value,2026-06-05T07:47:19Z
2026-06-05T07:46:33Z,2026-06-05T09:46:33+0200,a4488497-2a44-4b02-8cf3-b5300ead3675,2026-05-29T09:45:00Z,2026-05-29T11:45:00+0200,0.84,EUR/MWh,FR,FR,day_ahead_price,value,2026-06-05T07:47:19Z
2026-06-05T07:46:33Z,2026-06-05T09:46:33+0200,a4488497-2a44-4b02-8cf3-b5300ead3675,2026-05-29T10:00:00Z,2026-05-29T12:00:00+0200,0.84,EUR/MWh,FR,FR,day_ahead_price,value,2026-06-05T07:47:19Z
2026-06-05T07:46:33Z,2026-06-05T09:46:33+0200,a4488497-2a44-4b02-8cf3-b5300ead3675,2026-05-29T10:15:00Z,2026-05-29T12:15:00+0200,0.54,EUR/MWh,FR,FR,day_ahead_price,value,2026-06-05T07:47:19Z
2026-06-05T07:46:33Z,2026-06-05T09:46:33+0200,a4488497-2a44-4b02-8cf3-b5300ead3675,2026-05-29T10:30:00Z,2026-05-29T12:30:00+0200,0.51,EUR/MWh,FR,FR,day_ahead_price,value,2026-06-05T07:47:19Z
2026-06-05T07:46:33Z,2026-06-05T09:46:33+0200,a4488497-2a44-4b02-8cf3-b5300ead3675,2026-05-29T10:45:00Z,2026-05-29T12:45:00+0200,0.29,EUR/MWh,FR,FR,day_ahead_price,value,2026-06-05T07:47:19Z
2026-06-05T07:46:33Z,2026-06-05T09:46:33+0200,a4488497-2a44-4b02-8cf3-b5300ead3675,2026-05-29T11:00:00Z,2026-05-29T13:00:00+0200,0.51,EUR/MWh,FR,FR,day_ahead_price,value,2026-06-05T07:47:19Z
2026-06-05T07:46:33Z,2026-06-05T09:46:33+0200,a4488497-2a44-4b02-8cf3-b5300ead3675,2026-05-29T11:15:00Z,2026-05-29T13:15:00+0200,0.18,EUR/MWh,FR,FR,day_ahead_price,value,2026-06-05T07:47:19Z
2026-06-05T07:46:33Z,2026-06-05T09:46:33+0200,a4488497-2a44-4b02-8cf3-b5300ead3675,2026-05-29T11:30:00Z,2026-05-29T13:30:00+0200,0.08,EUR/MWh,FR,FR,day_ahead_price,value,2026-06-05T07:47:19Z
2026-06-05T07:46:33Z,2026-06-05T09:46:33+0200,a4488497-2a44-4b02-8cf3-b5300ead3675,2026-05-29T11:45:00Z,2026-05-29T13:45:00+0200,0.02,EUR/MWh,FR,FR,day_ahead_price,value,2026-06-05T07:47:19Z
2026-06-05T07:46:33Z,2026-06-05T09:46:33+0200,a4488497-2a44-4b02-8cf3-b5300ead3675,2026-05-29T12:00:00Z,2026-05-29T14:00:00+0200,0.84,EUR/MWh,FR,FR,day_ahead_price,value,2026-06-05T07:47:19Z
2026-06-05T07:46:33Z,2026-06-05T09:46:33+0200,a4488497-2a44-4b02-8cf3-b5300ead3675,2026-05-29T12:15:00Z,2026-05-29T14:15:00+0200,0.84,EUR/MWh,FR,FR,day_ahead_price,value,2026-06-05T07:47:19Z
2026-06-05T07:46:33Z,2026-06-05T09:46:33+0200,a4488497-2a44-4b02-8cf3-b5300ead3675,2026-05-29T12:30:00Z,2026-05-29T14:30:00+0200,0.84,EUR/MWh,FR,FR,day_ahead_price,value,2026-06-05T07:47:19Z
2026-06-05T07:46:33Z,2026-06-05T09:46:33+0200,a4488497-2a44-4b02-8cf3-b5300ead3675,2026-05-29T12:45:00Z,2026-05-29T14:45:00+0200,0.84,EUR/MWh,FR,FR,day_ahead_price,value,2026-06-05T07:47:19Z
2026-06-05T07:46:33Z,2026-06-05T09:46:33+0200,a4488497-2a44-4b02-8cf3-b5300ead3675,2026-05-29T13:00:00Z,2026-05-29T15:00:00+0200,0.84,EUR/MWh,FR,FR,day_ahead_price,value,2026-06-05T07:47:19Z
2026-06-05T07:46:33Z,2026-06-05T09:46:33+0200,a4488497-2a44-4b02-8cf3-b5300ead3675,2026-05-29T13:15:00Z,2026-05-29T15:15:00+0200,2.11,EUR/MWh,FR,FR,day_ahead_price,value,2026-06-05T07:47:19Z
2026-06-05T07:46:33Z,2026-06-05T09:46:33+0200,a4488497-2a44-4b02-8cf3-b5300ead3675,2026-05-29T13:30:00Z,2026-05-29T15:30:00+0200,1.7,EUR/MWh,FR,FR,day_ahead_price,value,2026-06-05T07:47:19Z
2026-06-05T07:46:33Z,2026-06-05T09:46:33+0200,a4488497-2a44-4b02-8cf3-b5300ead3675,2026-05-29T13:45:00Z,2026-05-29T15:45:00+0200,1.55,EUR/MWh,FR,FR,day_ahead_price,value,2026-06-05T07:47:19Z
2026-06-05T07:46:33Z,2026-06-05T09:46:33+0200,a4488497-2a44-4b02-8cf3-b5300ead3675,2026-05-29T14:00:00Z,2026-05-29T16:00:00+0200,5.27,EUR/MWh,FR,FR,day_ahead_price,value,2026-06-05T07:47:19Z
2026-06-05T07:46:33Z,2026-06-05T09:46:33+0200,a4488497-2a44-4b02-8cf3-b5300ead3675,2026-05-29T14:15:00Z,2026-05-29T16:15:00+0200,5.0,EUR/MWh,FR,FR,day_ahead_price,value,2026-06-05T07:47:19Z
2026-06-05T07:46:33Z,2026-06-05T09:46:33+0200,a4488497-2a44-4b02-8cf3-b5300ead3675,2026-05-29T14:30:00Z,2026-05-29T16:30:00+0200,8.1,EUR/MWh,FR,FR,day_ahead_price,value,2026-06-05T07:47:19Z
2026-06-05T07:46:33Z,2026-06-05T09:46:33+0200,a4488497-2a44-4b02-8cf3-b5300ead3675,2026-05-29T14:45:00Z,2026-05-29T16:45:00+0200,12.46,EUR/MWh,FR,FR,day_ahead_price,value,2026-06-05T07:47:19Z
2026-06-05T07:46:33Z,2026-06-05T09:46:33+0200,a4488497-2a44-4b02-8cf3-b5300ead3675,2026-05-29T15:00:00Z,2026-05-29T17:00:00+0200,25.93,EUR/MWh,FR,FR,day_ahead_price,value,2026-06-05T07:47:19Z
2026-06-05T07:46:33Z,2026-06-05T09:46:33+0200,a4488497-2a44-4b02-8cf3-b5300ead3675,2026-05-29T15:15:00Z,2026-05-29T17:15:00+0200,41.51,EUR/MWh,FR,FR,day_ahead_price,value,2026-06-05T07:47:19Z
2026-06-05T07:46:33Z,2026-06-05T09:46:33+0200,a4488497-2a44-4b02-8cf3-b5300ead3675,2026-05-29T15:30:00Z,2026-05-29T17:30:00+0200,71.98,EUR/MWh,FR,FR,day_ahead_price,value,2026-06-05T07:47:19Z
2026-06-05T07:46:33Z,2026-06-05T09:46:33+0200,a4488497-2a44-4b02-8cf3-b5300ead3675,2026-05-29T15:45:00Z,2026-05-29T17:45:00+0200,110.72,EUR/MWh,FR,FR,day_ahead_price,value,2026-06-05T07:47:19Z
2026-06-05T07:46:33Z,2026-06-05T09:46:33+0200,a4488497-2a44-4b02-8cf3-b5300ead3675,2026-05-29T16:00:00Z,2026-05-29T18:00:00+0200,61.12,EUR/MWh,FR,FR,day_ahead_price,value,2026-06-05T07:47:19Z
2026-06-05T07:46:33Z,2026-06-05T09:46:33+0200,a4488497-2a44-4b02-8cf3-b5300ead3675,2026-05-29T16:15:00Z,2026-05-29T18:15:00+0200,94.84,EUR/MWh,FR,FR,day_ahead_price,value,2026-06-05T07:47:19Z
2026-06-05T07:46:33Z,2026-06-05T09:46:33+0200,a4488497-2a44-4b02-8cf3-b5300ead3675,2026-05-29T16:30:00Z,2026-05-29T18:30:00+0200,99.0,EUR/MWh,FR,FR,day_ahead_price,value,2026-06-05T07:47:19Z
2026-06-05T07:46:33Z,2026-06-05T09:46:33+0200,a4488497-2a44-4b02-8cf3-b5300ead3675,2026-05-29T16:45:00Z,2026-05-29T18:45:00+0200,154.45,EUR/MWh,FR,FR,day_ahead_price,value,2026-06-05T07:47:19Z
2026-06-05T07:46:33Z,2026-06-05T09:46:33+0200,a4488497-2a44-4b02-8cf3-b5300ead3675,2026-05-29T17:00:00Z,2026-05-29T19:00:00+0200,109.41,EUR/MWh,FR,FR,day_ahead_price,value,2026-06-05T07:47:19Z
2026-06-05T07:46:33Z,2026-06-05T09:46:33+0200,a4488497-2a44-4b02-8cf3-b5300ead3675,2026-05-29T17:15:00Z,2026-05-29T19:15:00+0200,140.79,EUR/MWh,FR,FR,day_ahead_price,value,2026-06-05T07:47:19Z
2026-06-05T07:46:33Z,2026-06-05T09:46:33+0200,a4488497-2a44-4b02-8cf3-b5300ead3675,2026-05-29T17:30:00Z,2026-05-29T19:30:00+0200,136.54,EUR/MWh,FR,FR,day_ahead_price,value,2026-06-05T07:47:19Z
2026-06-05T07:46:33Z,2026-06-05T09:46:33+0200,a4488497-2a44-4b02-8cf3-b5300ead3675,2026-05-29T17:45:00Z,2026-05-29T19:45:00+0200,169.1,EUR/MWh,FR,FR,day_ahead_price,value,2026-06-05T07:47:19Z
2026-06-05T07:46:33Z,2026-06-05T09:46:33+0200,a4488497-2a44-4b02-8cf3-b5300ead3675,2026-05-29T18:00:00Z,2026-05-29T20:00:00+0200,128.84,EUR/MWh,FR,FR,day_ahead_price,value,2026-06-05T07:47:19Z
2026-06-05T07:46:33Z,2026-06-05T09:46:33+0200,a4488497-2a44-4b02-8cf3-b5300ead3675,2026-05-29T18:15:00Z,2026-05-29T20:15:00+0200,115.88,EUR/MWh,FR,FR,day_ahead_price,value,2026-06-05T07:47:19Z
2026-06-05T07:46:33Z,2026-06-05T09:46:33+0200,a4488497-2a44-4b02-8cf3-b5300ead3675,2026-05-29T18:30:00Z,2026-05-29T20:30:00+0200,126.36,EUR/MWh,FR,FR,day_ahead_price,value,2026-06-05T07:47:19Z
2026-06-05T07:46:33Z,2026-06-05T09:46:33+0200,a4488497-2a44-4b02-8cf3-b5300ead3675,2026-05-29T18:45:00Z,2026-05-29T20:45:00+0200,136.68,EUR/MWh,FR,FR,day_ahead_price,value,2026-06-05T07:47:19Z
2026-06-05T07:46:33Z,2026-06-05T09:46:33+0200,a4488497-2a44-4b02-8cf3-b5300ead3675,2026-05-29T19:00:00Z,2026-05-29T21:00:00+0200,140.34,EUR/MWh,FR,FR,day_ahead_price,value,2026-06-05T07:47:19Z
2026-06-05T07:46:33Z,2026-06-05T09:46:33+0200,a4488497-2a44-4b02-8cf3-b5300ead3675,2026-05-29T19:15:00Z,2026-05-29T21:15:00+0200,150.0,EUR/MWh,FR,FR,day_ahead_price,value,2026-06-05T07:47:19Z
2026-06-05T07:46:33Z,2026-06-05T09:46:33+0200,a4488497-2a44-4b02-8cf3-b5300ead3675,2026-05-29T19:30:00Z,2026-05-29T21:30:00+0200,158.01,EUR/MWh,FR,FR,day_ahead_price,value,2026-06-05T07:47:19Z
2026-06-05T07:46:33Z,2026-06-05T09:46:33+0200,a4488497-2a44-4b02-8cf3-b5300ead3675,2026-05-29T19:45:00Z,2026-05-29T21:45:00+0200,152.43,EUR/MWh,FR,FR,day_ahead_price,value,2026-06-05T07:47:19Z
2026-06-05T07:46:33Z,2026-06-05T09:46:33+0200,a4488497-2a44-4b02-8cf3-b5300ead3675,2026-05-29T20:00:00Z,2026-05-29T22:00:00+0200,164.53,EUR/MWh,FR,FR,day_ahead_price,value,2026-06-05T07:47:19Z
2026-06-05T07:46:33Z,2026-06-05T09:46:33+0200,a4488497-2a44-4b02-8cf3-b5300ead3675,2026-05-29T20:15:00Z,2026-05-29T22:15:00+0200,152.43,EUR/MWh,FR,FR,day_ahead_price,value,2026-06-05T07:47:19Z
2026-06-05T07:46:33Z,2026-06-05T09:46:33+0200,a4488497-2a44-4b02-8cf3-b5300ead3675,2026-05-29T20:30:00Z,2026-05-29T22:30:00+0200,152.43,EUR/MWh,FR,FR,day_ahead_price,value,2026-06-05T07:47:19Z
2026-06-05T07:46:33Z,2026-06-05T09:46:33+0200,a4488497-2a44-4b02-8cf3-b5300ead3675,2026-05-29T20:45:00Z,2026-05-29T22:45:00+0200,140.4,EUR/MWh,FR,FR,day_ahead_price,value,2026-06-05T07:47:19Z
2026-06-05T07:46:33Z,2026-06-05T09:46:33+0200,a4488497-2a44-4b02-8cf3-b5300ead3675,2026-05-29T21:00:00Z,2026-05-29T23:00:00+0200,136.46,EUR/MWh,FR,FR,day_ahead_price,value,2026-06-05T07:47:19Z
2026-06-05T07:46:33Z,2026-06-05T09:46:33+0200,a4488497-2a44-4b02-8cf3-b5300ead3675,2026-05-29T21:15:00Z,2026-05-29T23:15:00+0200,126.36,EUR/MWh,FR,FR,day_ahead_price,value,2026-06-05T07:47:19Z
2026-06-05T07:46:33Z,2026-06-05T09:46:33+0200,a4488497-2a44-4b02-8cf3-b5300ead3675,2026-05-29T21:30:00Z,2026-05-29T23:30:00+0200,126.36,EUR/MWh,FR,FR,day_ahead_price,value,2026-06-05T07:47:19Z
2026-06-05T07:46:33Z,2026-06-05T09:46:33+0200,a4488497-2a44-4b02-8cf3-b5300ead3675,2026-05-29T21:45:00Z,2026-05-29T23:45:00+0200,121.27,EUR/MWh,FR,FR,day_ahead_price,value,2026-06-05T07:47:19Z
2026-06-05T07:46:33Z,2026-06-05T09:46:33+0200,a4488497-2a44-4b02-8cf3-b5300ead3675,2026-05-29T22:00:00Z,2026-05-30T00:00:00+0200,130.0,EUR/MWh,FR,FR,day_ahead_price,value,2026-06-05T07:47:19Z
2026-06-05T07:46:33Z,2026-06-05T09:46:33+0200,a4488497-2a44-4b02-8cf3-b5300ead3675,2026-05-29T22:15:00Z,2026-05-30T00:15:00+0200,127.98,EUR/MWh,FR,FR,day_ahead_price,value,2026-06-05T07:47:19Z
2026-06-05T07:46:33Z,2026-06-05T09:46:33+0200,a4488497-2a44-4b02-8cf3-b5300ead3675,2026-05-29T22:30:00Z,2026-05-30T00:30:00+0200,120.24,EUR/MWh,FR,FR,day_ahead_price,value,2026-06-05T07:47:19Z
2026-06-05T07:46:33Z,2026-06-05T09:46:33+0200,a4488497-2a44-4b02-8cf3-b5300ead3675,2026-05-29T22:45:00Z,2026-05-30T00:45:00+0200,115.0,EUR/MWh,FR,FR,day_ahead_price,value,2026-06-05T07:47:19Z
2026-06-05T07:46:33Z,2026-06-05T09:46:33+0200,a4488497-2a44-4b02-8cf3-b5300ead3675,2026-05-29T23:00:00Z,2026-05-30T01:00:00+0200,115.0,EUR/MWh,FR,FR,day_ahead_price,value,2026-06-05T07:47:19Z
2026-06-05T07:46:33Z,2026-06-05T09:46:33+0200,a4488497-2a44-4b02-8cf3-b5300ead3675,2026-05-29T23:15:00Z,2026-05-30T01:15:00+0200,111.2,EUR/MWh,FR,FR,day_ahead_price,value,2026-06-05T07:47:19Z
2026-06-05T07:46:33Z,2026-06-05T09:46:33+0200,a4488497-2a44-4b02-8cf3-b5300ead3675,2026-05-29T23:30:00Z,2026-05-30T01:30:00+0200,111.55,EUR/MWh,FR,FR,day_ahead_price,value,2026-06-05T07:47:19Z
2026-06-05T07:46:33Z,2026-06-05T09:46:33+0200,a4488497-2a44-4b02-8cf3-b5300ead3675,2026-05-29T23:45:00Z,2026-05-30T01:45:00+0200,109.7,EUR/MWh,FR,FR,day_ahead_price,value,2026-06-05T07:47:19Z
2026-06-05T07:46:33Z,2026-06-05T09:46:33+0200,a4488497-2a44-4b02-8cf3-b5300ead3675,2026-05-30T00:00:00Z,2026-05-30T02:00:00+0200,111.23,EUR/MWh,FR,FR,day_ahead_price,value,2026-06-05T07:47:19Z
2026-06-05T07:46:33Z,2026-06-05T09:46:33+0200,a4488497-2a44-4b02-8cf3-b5300ead3675,2026-05-30T00:15:00Z,2026-05-30T02:15:00+0200,108.57,EUR/MWh,FR,FR,day_ahead_price,value,2026-06-05T07:47:19Z
2026-06-05T07:46:33Z,2026-06-05T09:46:33+0200,a4488497-2a44-4b02-8cf3-b5300ead3675,2026-05-30T00:30:00Z,2026-05-30T02:30:00+0200,104.98,EUR/MWh,FR,FR,day_ahead_price,value,2026-06-05T07:47:19Z
2026-06-05T07:46:33Z,2026-06-05T09:46:33+0200,a4488497-2a44-4b02-8cf3-b5300ead3675,2026-05-30T00:45:00Z,2026-05-30T02:45:00+0200,71.46,EUR/MWh,FR,FR,day_ahead_price,value,2026-06-05T07:47:19Z
2026-06-05T07:46:33Z,2026-06-05T09:46:33+0200,a4488497-2a44-4b02-8cf3-b5300ead3675,2026-05-30T01:00:00Z,2026-05-30T03:00:00+0200,102.74,EUR/MWh,FR,FR,day_ahead_price,value,2026-06-05T07:47:19Z
2026-06-05T07:46:33Z,2026-06-05T09:46:33+0200,a4488497-2a44-4b02-8cf3-b5300ead3675,2026-05-30T01:15:00Z,2026-05-30T03:15:00+0200,87.78,EUR/MWh,FR,FR,day_ahead_price,value,2026-06-05T07:47:19Z
2026-06-05T07:46:33Z,2026-06-05T09:46:33+0200,a4488497-2a44-4b02-8cf3-b5300ead3675,2026-05-30T01:30:00Z,2026-05-30T03:30:00+0200,73.55,EUR/MWh,FR,FR,day_ahead_price,value,2026-06-05T07:47:19Z
2026-06-05T07:46:33Z,2026-06-05T09:46:33+0200,a4488497-2a44-4b02-8cf3-b5300ead3675,2026-05-30T01:45:00Z,2026-05-30T03:45:00+0200,89.01,EUR/MWh,FR,FR,day_ahead_price,value,2026-06-05T07:47:19Z
2026-06-05T07:46:33Z,2026-06-05T09:46:33+0200,a4488497-2a44-4b02-8cf3-b5300ead3675,2026-05-30T02:00:00Z,2026-05-30T04:00:00+0200,95.27,EUR/MWh,FR,FR,day_ahead_price,value,2026-06-05T07:47:19Z
2026-06-05T07:46:33Z,2026-06-05T09:46:33+0200,a4488497-2a44-4b02-8cf3-b5300ead3675,2026-05-30T02:15:00Z,2026-05-30T04:15:00+0200,89.26,EUR/MWh,FR,FR,day_ahead_price,value,2026-06-05T07:47:19Z
2026-06-05T07:46:33Z,2026-06-05T09:46:33+0200,a4488497-2a44-4b02-8cf3-b5300ead3675,2026-05-30T02:30:00Z,2026-05-30T04:30:00+0200,82.43,EUR/MWh,FR,FR,day_ahead_price,value,2026-06-05T07:47:19Z
2026-06-05T07:46:33Z,2026-06-05T09:46:33+0200,a4488497-2a44-4b02-8cf3-b5300ead3675,2026-05-30T02:45:00Z,2026-05-30T04:45:00+0200,76.23,EUR/MWh,FR,FR,day_ahead_price,value,2026-06-05T07:47:19Z
2026-06-05T07:46:33Z,2026-06-05T09:46:33+0200,a4488497-2a44-4b02-8cf3-b5300ead3675,2026-05-30T03:00:00Z,2026-05-30T05:00:00+0200,97.99,EUR/MWh,FR,FR,day_ahead_price,value,2026-06-05T07:47:19Z
2026-06-05T07:46:33Z,2026-06-05T09:46:33+0200,a4488497-2a44-4b02-8cf3-b5300ead3675,2026-05-30T03:15:00Z,2026-05-30T05:15:00+0200,86.42,EUR/MWh,FR,FR,day_ahead_price,value,2026-06-05T07:47:19Z
2026-06-05T07:46:33Z,2026-06-05T09:46:33+0200,a4488497-2a44-4b02-8cf3-b5300ead3675,2026-05-30T03:30:00Z,2026-05-30T05:30:00+0200,92.07,EUR/MWh,FR,FR,day_ahead_price,value,2026-06-05T07:47:19Z
2026-06-05T07:46:33Z,2026-06-05T09:46:33+0200,a4488497-2a44-4b02-8cf3-b5300ead3675,2026-05-30T03:45:00Z,2026-05-30T05:45:00+0200,82.31,EUR/MWh,FR,FR,day_ahead_price,value,2026-06-05T07:47:19Z
2026-06-05T07:46:33Z,2026-06-05T09:46:33+0200,a4488497-2a44-4b02-8cf3-b5300ead3675,2026-05-30T04:00:00Z,2026-05-30T06:00:00+0200,103.52,EUR/MWh,FR,FR,day_ahead_price,value,2026-06-05T07:47:19Z
2026-06-05T07:46:33Z,2026-06-05T09:46:33+0200,a4488497-2a44-4b02-8cf3-b5300ead3675,2026-05-30T04:15:00Z,2026-05-30T06:15:00+0200,101.25,EUR/MWh,FR,FR,day_ahead_price,value,2026-06-05T07:47:19Z
2026-06-05T07:46:33Z,2026-06-05T09:46:33+0200,a4488497-2a44-4b02-8cf3-b5300ead3675,2026-05-30T04:30:00Z,2026-05-30T06:30:00+0200,93.66,EUR/MWh,FR,FR,day_ahead_price,value,2026-06-05T07:47:19Z
2026-06-05T07:46:33Z,2026-06-05T09:46:33+0200,a4488497-2a44-4b02-8cf3-b5300ead3675,2026-05-30T04:45:00Z,2026-05-30T06:45:00+0200,81.57,EUR/MWh,FR,FR,day_ahead_price,value,2026-06-05T07:47:19Z
2026-06-05T07:46:33Z,2026-06-05T09:46:33+0200,a4488497-2a44-4b02-8cf3-b5300ead3675,2026-05-30T05:00:00Z,2026-05-30T07:00:00+0200,77.9,EUR/MWh,FR,FR,day_ahead_price,value,2026-06-05T07:47:19Z
2026-06-05T07:46:33Z,2026-06-05T09:46:33+0200,a4488497-2a44-4b02-8cf3-b5300ead3675,2026-05-30T05:15:00Z,2026-05-30T07:15:00+0200,69.7,EUR/MWh,FR,FR,day_ahead_price,value,2026-06-05T07:47:19Z
2026-06-05T07:46:33Z,2026-06-05T09:46:33+0200,a4488497-2a44-4b02-8cf3-b5300ead3675,2026-05-30T05:30:00Z,2026-05-30T07:30:00+0200,99.26,EUR/MWh,FR,FR,day_ahead_price,value,2026-06-05T07:47:19Z
2026-06-05T07:46:33Z,2026-06-05T09:46:33+0200,a4488497-2a44-4b02-8cf3-b5300ead3675,2026-05-30T05:45:00Z,2026-05-30T07:45:00+0200,93.13,EUR/MWh,FR,FR,day_ahead_price,value,2026-06-05T07:47:19Z
2026-06-05T07:46:33Z,2026-06-05T09:46:33+0200,a4488497-2a44-4b02-8cf3-b5300ead3675,2026-05-30T06:00:00Z,2026-05-30T08:00:00+0200,94.6,EUR/MWh,FR,FR,day_ahead_price,value,2026-06-05T07:47:19Z
2026-06-05T07:46:33Z,2026-06-05T09:46:33+0200,a4488497-2a44-4b02-8cf3-b5300ead3675,2026-05-30T06:15:00Z,2026-05-30T08:15:00+0200,64.4,EUR/MWh,FR,FR,day_ahead_price,value,2026-06-05T07:47:19Z
2026-06-05T07:46:33Z,2026-06-05T09:46:33+0200,a4488497-2a44-4b02-8cf3-b5300ead3675,2026-05-30T06:30:00Z,2026-05-30T08:30:00+0200,52.38,EUR/MWh,FR,FR,day_ahead_price,value,2026-06-05T07:47:19Z
2026-06-05T07:46:33Z,2026-06-05T09:46:33+0200,a4488497-2a44-4b02-8cf3-b5300ead3675,2026-05-30T06:45:00Z,2026-05-30T08:45:00+0200,35.35,EUR/MWh,FR,FR,day_ahead_price,value,2026-06-05T07:47:19Z
2026-06-05T07:46:33Z,2026-06-05T09:46:33+0200,a4488497-2a44-4b02-8cf3-b5300ead3675,2026-05-30T07:00:00Z,2026-05-30T09:00:00+0200,41.55,EUR/MWh,FR,FR,day_ahead_price,value,2026-06-05T07:47:19Z
2026-06-05T07:46:33Z,2026-06-05T09:46:33+0200,a4488497-2a44-4b02-8cf3-b5300ead3675,2026-05-30T07:15:00Z,2026-05-30T09:15:00+0200,24.15,EUR/MWh,FR,FR,day_ahead_price,value,2026-06-05T07:47:19Z
2026-06-05T07:46:33Z,2026-06-05T09:46:33+0200,a4488497-2a44-4b02-8cf3-b5300ead3675,2026-05-30T07:30:00Z,2026-05-30T09:30:00+0200,13.56,EUR/MWh,FR,FR,day_ahead_price,value,2026-06-05T07:47:19Z
2026-06-05T07:46:33Z,2026-06-05T09:46:33+0200,a4488497-2a44-4b02-8cf3-b5300ead3675,2026-05-30T07:45:00Z,2026-05-30T09:45:00+0200,7.6,EUR/MWh,FR,FR,day_ahead_price,value,2026-06-05T07:47:19Z
2026-06-05T07:46:33Z,2026-06-05T09:46:33+0200,a4488497-2a44-4b02-8cf3-b5300ead3675,2026-05-30T08:00:00Z,2026-05-30T10:00:00+0200,9.99,EUR/MWh,FR,FR,day_ahead_price,value,2026-06-05T07:47:19Z
2026-06-05T07:46:33Z,2026-06-05T09:46:33+0200,a4488497-2a44-4b02-8cf3-b5300ead3675,2026-05-30T08:15:00Z,2026-05-30T10:15:00+0200,1.75,EUR/MWh,FR,FR,day_ahead_price,value,2026-06-05T07:47:19Z
2026-06-05T07:46:33Z,2026-06-05T09:46:33+0200,a4488497-2a44-4b02-8cf3-b5300ead3675,2026-05-30T08:30:00Z,2026-05-30T10:30:00+0200,0.1,EUR/MWh,FR,FR,day_ahead_price,value,2026-06-05T07:47:19Z
2026-06-05T07:46:33Z,2026-06-05T09:46:33+0200,a4488497-2a44-4b02-8cf3-b5300ead3675,2026-05-30T08:45:00Z,2026-05-30T10:45:00+0200,0.0,EUR/MWh,FR,FR,day_ahead_price,value,2026-06-05T07:47:19Z
2026-06-05T07:46:33Z,2026-06-05T09:46:33+0200,a4488497-2a44-4b02-8cf3-b5300ead3675,2026-05-30T09:00:00Z,2026-05-30T11:00:00+0200,0.0,EUR/MWh,FR,FR,day_ahead_price,value,2026-06-05T07:47:19Z
2026-06-05T07:46:33Z,2026-06-05T09:46:33+0200,a4488497-2a44-4b02-8cf3-b5300ead3675,2026-05-30T09:15:00Z,2026-05-30T11:15:00+0200,0.0,EUR/MWh,FR,FR,day_ahead_price,value,2026-06-05T07:47:19Z
2026-06-05T07:46:33Z,2026-06-05T09:46:33+0200,a4488497-2a44-4b02-8cf3-b5300ead3675,2026-05-30T09:30:00Z,2026-05-30T11:30:00+0200,-0.01,EUR/MWh,FR,FR,day_ahead_price,value,2026-06-05T07:47:19Z
2026-06-05T07:46:33Z,2026-06-05T09:46:33+0200,a4488497-2a44-4b02-8cf3-b5300ead3675,2026-05-30T09:45:00Z,2026-05-30T11:45:00+0200,-0.01,EUR/MWh,FR,FR,day_ahead_price,value,2026-06-05T07:47:19Z
2026-06-05T07:46:33Z,2026-06-05T09:46:33+0200,a4488497-2a44-4b02-8cf3-b5300ead3675,2026-05-30T10:00:00Z,2026-05-30T12:00:00+0200,-0.01,EUR/MWh,FR,FR,day_ahead_price,value,2026-06-05T07:47:19Z
2026-06-05T07:46:33Z,2026-06-05T09:46:33+0200,a4488497-2a44-4b02-8cf3-b5300ead3675,2026-05-30T10:15:00Z,2026-05-30T12:15:00+0200,-0.01,EUR/MWh,FR,FR,day_ahead_price,value,2026-06-05T07:47:19Z
2026-06-05T07:46:33Z,2026-06-05T09:46:33+0200,a4488497-2a44-4b02-8cf3-b5300ead3675,2026-05-30T10:30:00Z,2026-05-30T12:30:00+0200,-0.01,EUR/MWh,FR,FR,day_ahead_price,value,2026-06-05T07:47:19Z
2026-06-05T07:46:33Z,2026-06-05T09:46:33+0200,a4488497-2a44-4b02-8cf3-b5300ead3675,2026-05-30T10:45:00Z,2026-05-30T12:45:00+0200,-0.01,EUR/MWh,FR,FR,day_ahead_price,value,2026-06-05T07:47:19Z
2026-06-05T07:46:33Z,2026-06-05T09:46:33+0200,a4488497-2a44-4b02-8cf3-b5300ead3675,2026-05-30T11:00:00Z,2026-05-30T13:00:00+0200,-0.01,EUR/MWh,FR,FR,day_ahead_price,value,2026-06-05T07:47:19Z
2026-06-05T07:46:33Z,2026-06-05T09:46:33+0200,a4488497-2a44-4b02-8cf3-b5300ead3675,2026-05-30T11:15:00Z,2026-05-30T13:15:00+0200,-0.09,EUR/MWh,FR,FR,day_ahead_price,value,2026-06-05T07:47:19Z
2026-06-05T07:46:33Z,2026-06-05T09:46:33+0200,a4488497-2a44-4b02-8cf3-b5300ead3675,2026-05-30T11:30:00Z,2026-05-30T13:30:00+0200,-0.11,EUR/MWh,FR,FR,day_ahead_price,value,2026-06-05T07:47:19Z
2026-06-05T07:46:33Z,2026-06-05T09:46:33+0200,a4488497-2a44-4b02-8cf3-b5300ead3675,2026-05-30T11:45:00Z,2026-05-30T13:45:00+0200,-0.11,EUR/MWh,FR,FR,day_ahead_price,value,2026-06-05T07:47:19Z
2026-06-05T07:46:33Z,2026-06-05T09:46:33+0200,a4488497-2a44-4b02-8cf3-b5300ead3675,2026-05-30T12:00:00Z,2026-05-30T14:00:00+0200,-0.1,EUR/MWh,FR,FR,day_ahead_price,value,2026-06-05T07:47:19Z
2026-06-05T07:46:33Z,2026-06-05T09:46:33+0200,a4488497-2a44-4b02-8cf3-b5300ead3675,2026-05-30T12:15:00Z,2026-05-30T14:15:00+0200,-0.11,EUR/MWh,FR,FR,day_ahead_price,value,2026-06-05T07:47:19Z
2026-06-05T07:46:33Z,2026-06-05T09:46:33+0200,a4488497-2a44-4b02-8cf3-b5300ead3675,2026-05-30T12:30:00Z,2026-05-30T14:30:00+0200,-0.1,EUR/MWh,FR,FR,day_ahead_price,value,2026-06-05T07:47:19Z
2026-06-05T07:46:33Z,2026-06-05T09:46:33+0200,a4488497-2a44-4b02-8cf3-b5300ead3675,2026-05-30T12:45:00Z,2026-05-30T14:45:00+0200,-0.11,EUR/MWh,FR,FR,day_ahead_price,value,2026-06-05T07:47:19Z
2026-06-05T07:46:33Z,2026-06-05T09:46:33+0200,a4488497-2a44-4b02-8cf3-b5300ead3675,2026-05-30T13:00:00Z,2026-05-30T15:00:00+0200,-0.02,EUR/MWh,FR,FR,day_ahead_price,value,2026-06-05T07:47:19Z
2026-06-05T07:46:33Z,2026-06-05T09:46:33+0200,a4488497-2a44-4b02-8cf3-b5300ead3675,2026-05-30T13:15:00Z,2026-05-30T15:15:00+0200,-0.01,EUR/MWh,FR,FR,day_ahead_price,value,2026-06-05T07:47:19Z
2026-06-05T07:46:33Z,2026-06-05T09:46:33+0200,a4488497-2a44-4b02-8cf3-b5300ead3675,2026-05-30T13:30:00Z,2026-05-30T15:30:00+0200,-0.01,EUR/MWh,FR,FR,day_ahead_price,value,2026-06-05T07:47:19Z
2026-06-05T07:46:33Z,2026-06-05T09:46:33+0200,a4488497-2a44-4b02-8cf3-b5300ead3675,2026-05-30T13:45:00Z,2026-05-30T15:45:00+0200,0.0,EUR/MWh,FR,FR,day_ahead_price,value,2026-06-05T07:47:19Z
2026-06-05T07:46:33Z,2026-06-05T09:46:33+0200,a4488497-2a44-4b02-8cf3-b5300ead3675,2026-05-30T14:00:00Z,2026-05-30T16:00:00+0200,0.0,EUR/MWh,FR,FR,day_ahead_price,value,2026-06-05T07:47:19Z
2026-06-05T07:46:33Z,2026-06-05T09:46:33+0200,a4488497-2a44-4b02-8cf3-b5300ead3675,2026-05-30T14:15:00Z,2026-05-30T16:15:00+0200,0.0,EUR/MWh,FR,FR,day_ahead_price,value,2026-06-05T07:47:19Z
2026-06-05T07:46:33Z,2026-06-05T09:46:33+0200,a4488497-2a44-4b02-8cf3-b5300ead3675,2026-05-30T14:30:00Z,2026-05-30T16:30:00+0200,0.51,EUR/MWh,FR,FR,day_ahead_price,value,2026-06-05T07:47:19Z
2026-06-05T07:46:33Z,2026-06-05T09:46:33+0200,a4488497-2a44-4b02-8cf3-b5300ead3675,2026-05-30T14:45:00Z,2026-05-30T16:45:00+0200,11.52,EUR/MWh,FR,FR,day_ahead_price,value,2026-06-05T07:47:19Z
2026-06-05T07:46:33Z,2026-06-05T09:46:33+0200,a4488497-2a44-4b02-8cf3-b5300ead3675,2026-05-30T15:00:00Z,2026-05-30T17:00:00+0200,8.44,EUR/MWh,FR,FR,day_ahead_price,value,2026-06-05T07:47:19Z
2026-06-05T07:46:33Z,2026-06-05T09:46:33+0200,a4488497-2a44-4b02-8cf3-b5300ead3675,2026-05-30T15:15:00Z,2026-05-30T17:15:00+0200,13.5,EUR/MWh,FR,FR,day_ahead_price,value,2026-06-05T07:47:19Z
2026-06-05T07:46:33Z,2026-06-05T09:46:33+0200,a4488497-2a44-4b02-8cf3-b5300ead3675,2026-05-30T15:30:00Z,2026-05-30T17:30:00+0200,20.8,EUR/MWh,FR,FR,day_ahead_price,value,2026-06-05T07:47:19Z
2026-06-05T07:46:33Z,2026-06-05T09:46:33+0200,a4488497-2a44-4b02-8cf3-b5300ead3675,2026-05-30T15:45:00Z,2026-05-30T17:45:00+0200,11.14,EUR/MWh,FR,FR,day_ahead_price,value,2026-06-05T07:47:19Z
2026-06-05T07:46:33Z,2026-06-05T09:46:33+0200,a4488497-2a44-4b02-8cf3-b5300ead3675,2026-05-30T16:00:00Z,2026-05-30T18:00:00+0200,19.47,EUR/MWh,FR,FR,day_ahead_price,value,2026-06-05T07:47:19Z
2026-06-05T07:46:33Z,2026-06-05T09:46:33+0200,a4488497-2a44-4b02-8cf3-b5300ead3675,2026-05-30T16:15:00Z,2026-05-30T18:15:00+0200,25.45,EUR/MWh,FR,FR,day_ahead_price,value,2026-06-05T07:47:19Z
2026-06-05T07:46:33Z,2026-06-05T09:46:33+0200,a4488497-2a44-4b02-8cf3-b5300ead3675,2026-05-30T16:30:00Z,2026-05-30T18:30:00+0200,47.58,EUR/MWh,FR,FR,day_ahead_price,value,2026-06-05T07:47:19Z
2026-06-05T07:46:33Z,2026-06-05T09:46:33+0200,a4488497-2a44-4b02-8cf3-b5300ead3675,2026-05-30T16:45:00Z,2026-05-30T18:45:00+0200,84.53,EUR/MWh,FR,FR,day_ahead_price,value,2026-06-05T07:47:19Z
2026-06-05T07:46:33Z,2026-06-05T09:46:33+0200,a4488497-2a44-4b02-8cf3-b5300ead3675,2026-05-30T17:00:00Z,2026-05-30T19:00:00+0200,45.11,EUR/MWh,FR,FR,day_ahead_price,value,2026-06-05T07:47:19Z
2026-06-05T07:46:33Z,2026-06-05T09:46:33+0200,a4488497-2a44-4b02-8cf3-b5300ead3675,2026-05-30T17:15:00Z,2026-05-30T19:15:00+0200,83.69,EUR/MWh,FR,FR,day_ahead_price,value,2026-06-05T07:47:19Z
2026-06-05T07:46:33Z,2026-06-05T09:46:33+0200,a4488497-2a44-4b02-8cf3-b5300ead3675,2026-05-30T17:30:00Z,2026-05-30T19:30:00+0200,87.38,EUR/MWh,FR,FR,day_ahead_price,value,2026-06-05T07:47:19Z
2026-06-05T07:46:33Z,2026-06-05T09:46:33+0200,a4488497-2a44-4b02-8cf3-b5300ead3675,2026-05-30T17:45:00Z,2026-05-30T19:45:00+0200,109.42,EUR/MWh,FR,FR,day_ahead_price,value,2026-06-05T07:47:19Z
2026-06-05T07:46:33Z,2026-06-05T09:46:33+0200,a4488497-2a44-4b02-8cf3-b5300ead3675,2026-05-30T18:00:00Z,2026-05-30T20:00:00+0200,80.0,EUR/MWh,FR,FR,day_ahead_price,value,2026-06-05T07:47:19Z
2026-06-05T07:46:33Z,2026-06-05T09:46:33+0200,a4488497-2a44-4b02-8cf3-b5300ead3675,2026-05-30T18:15:00Z,2026-05-30T20:15:00+0200,95.7,EUR/MWh,FR,FR,day_ahead_price,value,2026-06-05T07:47:19Z
2026-06-05T07:46:33Z,2026-06-05T09:46:33+0200,a4488497-2a44-4b02-8cf3-b5300ead3675,2026-05-30T18:30:00Z,2026-05-30T20:30:00+0200,100.2,EUR/MWh,FR,FR,day_ahead_price,value,2026-06-05T07:47:19Z
2026-06-05T07:46:33Z,2026-06-05T09:46:33+0200,a4488497-2a44-4b02-8cf3-b5300ead3675,2026-05-30T18:45:00Z,2026-05-30T20:45:00+0200,111.2,EUR/MWh,FR,FR,day_ahead_price,value,2026-06-05T07:47:19Z
2026-06-05T07:46:33Z,2026-06-05T09:46:33+0200,a4488497-2a44-4b02-8cf3-b5300ead3675,2026-05-30T19:00:00Z,2026-05-30T21:00:00+0200,105.64,EUR/MWh,FR,FR,day_ahead_price,value,2026-06-05T07:47:19Z
2026-06-05T07:46:33Z,2026-06-05T09:46:33+0200,a4488497-2a44-4b02-8cf3-b5300ead3675,2026-05-30T19:15:00Z,2026-05-30T21:15:00+0200,109.04,EUR/MWh,FR,FR,day_ahead_price,value,2026-06-05T07:47:19Z
2026-06-05T07:46:33Z,2026-06-05T09:46:33+0200,a4488497-2a44-4b02-8cf3-b5300ead3675,2026-05-30T19:30:00Z,2026-05-30T21:30:00+0200,111.2,EUR/MWh,FR,FR,day_ahead_price,value,2026-06-05T07:47:19Z
2026-06-05T07:46:33Z,2026-06-05T09:46:33+0200,a4488497-2a44-4b02-8cf3-b5300ead3675,2026-05-30T19:45:00Z,2026-05-30T21:45:00+0200,110.29,EUR/MWh,FR,FR,day_ahead_price,value,2026-06-05T07:47:19Z
2026-06-05T07:46:33Z,2026-06-05T09:46:33+0200,a4488497-2a44-4b02-8cf3-b5300ead3675,2026-05-30T20:00:00Z,2026-05-30T22:00:00+0200,115.0,EUR/MWh,FR,FR,day_ahead_price,value,2026-06-05T07:47:19Z
2026-06-05T07:46:33Z,2026-06-05T09:46:33+0200,a4488497-2a44-4b02-8cf3-b5300ead3675,2026-05-30T20:15:00Z,2026-05-30T22:15:00+0200,113.58,EUR/MWh,FR,FR,day_ahead_price,value,2026-06-05T07:47:19Z
2026-06-05T07:46:33Z,2026-06-05T09:46:33+0200,a4488497-2a44-4b02-8cf3-b5300ead3675,2026-05-30T20:30:00Z,2026-05-30T22:30:00+0200,117.79,EUR/MWh,FR,FR,day_ahead_price,value,2026-06-05T07:47:19Z
2026-06-05T07:46:33Z,2026-06-05T09:46:33+0200,a4488497-2a44-4b02-8cf3-b5300ead3675,2026-05-30T20:45:00Z,2026-05-30T22:45:00+0200,111.59,EUR/MWh,FR,FR,day_ahead_price,value,2026-06-05T07:47:19Z
2026-06-05T07:46:33Z,2026-06-05T09:46:33+0200,a4488497-2a44-4b02-8cf3-b5300ead3675,2026-05-30T21:00:00Z,2026-05-30T23:00:00+0200,111.2,EUR/MWh,FR,FR,day_ahead_price,value,2026-06-05T07:47:19Z
2026-06-05T07:46:33Z,2026-06-05T09:46:33+0200,a4488497-2a44-4b02-8cf3-b5300ead3675,2026-05-30T21:15:00Z,2026-05-30T23:15:00+0200,109.0,EUR/MWh,FR,FR,day_ahead_price,value,2026-06-05T07:47:19Z
2026-06-05T07:46:33Z,2026-06-05T09:46:33+0200,a4488497-2a44-4b02-8cf3-b5300ead3675,2026-05-30T21:30:00Z,2026-05-30T23:30:00+0200,111.2,EUR/MWh,FR,FR,day_ahead_price,value,2026-06-05T07:47:19Z
2026-06-05T07:46:33Z,2026-06-05T09:46:33+0200,a4488497-2a44-4b02-8cf3-b5300ead3675,2026-05-30T21:45:00Z,2026-05-30T23:45:00+0200,100.2,EUR/MWh,FR,FR,day_ahead_price,value,2026-06-05T07:47:19Z
2026-06-05T07:46:33Z,2026-06-05T09:46:33+0200,a4488497-2a44-4b02-8cf3-b5300ead3675,2026-05-30T22:00:00Z,2026-05-31T00:00:00+0200,104.67,EUR/MWh,FR,FR,day_ahead_price,value,2026-06-05T07:47:19Z
2026-06-05T07:46:33Z,2026-06-05T09:46:33+0200,a4488497-2a44-4b02-8cf3-b5300ead3675,2026-05-30T22:15:00Z,2026-05-31T00:15:00+0200,100.66,EUR/MWh,FR,FR,day_ahead_price,value,2026-06-05T07:47:19Z
2026-06-05T07:46:33Z,2026-06-05T09:46:33+0200,a4488497-2a44-4b02-8cf3-b5300ead3675,2026-05-30T22:30:00Z,2026-05-31T00:30:00+0200,99.86,EUR/MWh,FR,FR,day_ahead_price,value,2026-06-05T07:47:19Z
2026-06-05T07:46:33Z,2026-06-05T09:46:33+0200,a4488497-2a44-4b02-8cf3-b5300ead3675,2026-05-30T22:45:00Z,2026-05-31T00:45:00+0200,96.7,EUR/MWh,FR,FR,day_ahead_price,value,2026-06-05T07:47:19Z
2026-06-05T07:46:33Z,2026-06-05T09:46:33+0200,a4488497-2a44-4b02-8cf3-b5300ead3675,2026-05-30T23:00:00Z,2026-05-31T01:00:00+0200,99.86,EUR/MWh,FR,FR,day_ahead_price,value,2026-06-05T07:47:19Z
2026-06-05T07:46:33Z,2026-06-05T09:46:33+0200,a4488497-2a44-4b02-8cf3-b5300ead3675,2026-05-30T23:15:00Z,2026-05-31T01:15:00+0200,94.0,EUR/MWh,FR,FR,day_ahead_price,value,2026-06-05T07:47:19Z
2026-06-05T07:46:33Z,2026-06-05T09:46:33+0200,a4488497-2a44-4b02-8cf3-b5300ead3675,2026-05-30T23:30:00Z,2026-05-31T01:30:00+0200,93.84,EUR/MWh,FR,FR,day_ahead_price,value,2026-06-05T07:47:19Z
2026-06-05T07:46:33Z,2026-06-05T09:46:33+0200,a4488497-2a44-4b02-8cf3-b5300ead3675,2026-05-30T23:45:00Z,2026-05-31T01:45:00+0200,85.92,EUR/MWh,FR,FR,day_ahead_price,value,2026-06-05T07:47:19Z
2026-06-05T07:46:33Z,2026-06-05T09:46:33+0200,a4488497-2a44-4b02-8cf3-b5300ead3675,2026-05-31T00:00:00Z,2026-05-31T02:00:00+0200,85.62,EUR/MWh,FR,FR,day_ahead_price,value,2026-06-05T07:47:19Z
2026-06-05T07:46:33Z,2026-06-05T09:46:33+0200,a4488497-2a44-4b02-8cf3-b5300ead3675,2026-05-31T00:15:00Z,2026-05-31T02:15:00+0200,65.31,EUR/MWh,FR,FR,day_ahead_price,value,2026-06-05T07:47:19Z
2026-06-05T07:46:33Z,2026-06-05T09:46:33+0200,a4488497-2a44-4b02-8cf3-b5300ead3675,2026-05-31T00:30:00Z,2026-05-31T02:30:00+0200,68.0,EUR/MWh,FR,FR,day_ahead_price,value,2026-06-05T07:47:19Z
2026-06-05T07:46:33Z,2026-06-05T09:46:33+0200,a4488497-2a44-4b02-8cf3-b5300ead3675,2026-05-31T00:45:00Z,2026-05-31T02:45:00+0200,43.01,EUR/MWh,FR,FR,day_ahead_price,value,2026-06-05T07:47:19Z
2026-06-05T07:46:33Z,2026-06-05T09:46:33+0200,a4488497-2a44-4b02-8cf3-b5300ead3675,2026-05-31T01:00:00Z,2026-05-31T03:00:00+0200,47.67,EUR/MWh,FR,FR,day_ahead_price,value,2026-06-05T07:47:19Z
2026-06-05T07:46:33Z,2026-06-05T09:46:33+0200,a4488497-2a44-4b02-8cf3-b5300ead3675,2026-05-31T01:15:00Z,2026-05-31T03:15:00+0200,26.9,EUR/MWh,FR,FR,day_ahead_price,value,2026-06-05T07:47:19Z
2026-06-05T07:46:33Z,2026-06-05T09:46:33+0200,a4488497-2a44-4b02-8cf3-b5300ead3675,2026-05-31T01:30:00Z,2026-05-31T03:30:00+0200,43.19,EUR/MWh,FR,FR,day_ahead_price,value,2026-06-05T07:47:19Z
2026-06-05T07:46:33Z,2026-06-05T09:46:33+0200,a4488497-2a44-4b02-8cf3-b5300ead3675,2026-05-31T01:45:00Z,2026-05-31T03:45:00+0200,34.44,EUR/MWh,FR,FR,day_ahead_price,value,2026-06-05T07:47:19Z
2026-06-05T07:46:33Z,2026-06-05T09:46:33+0200,a4488497-2a44-4b02-8cf3-b5300ead3675,2026-05-31T02:00:00Z,2026-05-31T04:00:00+0200,31.81,EUR/MWh,FR,FR,day_ahead_price,value,2026-06-05T07:47:19Z
2026-06-05T07:46:33Z,2026-06-05T09:46:33+0200,a4488497-2a44-4b02-8cf3-b5300ead3675,2026-05-31T02:15:00Z,2026-05-31T04:15:00+0200,37.82,EUR/MWh,FR,FR,day_ahead_price,value,2026-06-05T07:47:19Z
2026-06-05T07:46:33Z,2026-06-05T09:46:33+0200,a4488497-2a44-4b02-8cf3-b5300ead3675,2026-05-31T02:30:00Z,2026-05-31T04:30:00+0200,35.27,EUR/MWh,FR,FR,day_ahead_price,value,2026-06-05T07:47:19Z
2026-06-05T07:46:33Z,2026-06-05T09:46:33+0200,a4488497-2a44-4b02-8cf3-b5300ead3675,2026-05-31T02:45:00Z,2026-05-31T04:45:00+0200,20.49,EUR/MWh,FR,FR,day_ahead_price,value,2026-06-05T07:47:19Z
2026-06-05T07:46:33Z,2026-06-05T09:46:33+0200,a4488497-2a44-4b02-8cf3-b5300ead3675,2026-05-31T03:00:00Z,2026-05-31T05:00:00+0200,28.72,EUR/MWh,FR,FR,day_ahead_price,value,2026-06-05T07:47:19Z
2026-06-05T07:46:33Z,2026-06-05T09:46:33+0200,a4488497-2a44-4b02-8cf3-b5300ead3675,2026-05-31T03:15:00Z,2026-05-31T05:15:00+0200,36.4,EUR/MWh,FR,FR,day_ahead_price,value,2026-06-05T07:47:19Z
2026-06-05T07:46:33Z,2026-06-05T09:46:33+0200,a4488497-2a44-4b02-8cf3-b5300ead3675,2026-05-31T03:30:00Z,2026-05-31T05:30:00+0200,29.99,EUR/MWh,FR,FR,day_ahead_price,value,2026-06-05T07:47:19Z
2026-06-05T07:46:33Z,2026-06-05T09:46:33+0200,a4488497-2a44-4b02-8cf3-b5300ead3675,2026-05-31T03:45:00Z,2026-05-31T05:45:00+0200,24.03,EUR/MWh,FR,FR,day_ahead_price,value,2026-06-05T07:47:19Z
2026-06-05T07:46:33Z,2026-06-05T09:46:33+0200,a4488497-2a44-4b02-8cf3-b5300ead3675,2026-05-31T04:00:00Z,2026-05-31T06:00:00+0200,26.61,EUR/MWh,FR,FR,day_ahead_price,value,2026-06-05T07:47:19Z
2026-06-05T07:46:33Z,2026-06-05T09:46:33+0200,a4488497-2a44-4b02-8cf3-b5300ead3675,2026-05-31T04:15:00Z,2026-05-31T06:15:00+0200,28.47,EUR/MWh,FR,FR,day_ahead_price,value,2026-06-05T07:47:19Z
2026-06-05T07:46:33Z,2026-06-05T09:46:33+0200,a4488497-2a44-4b02-8cf3-b5300ead3675,2026-05-31T04:30:00Z,2026-05-31T06:30:00+0200,24.18,EUR/MWh,FR,FR,day_ahead_price,value,2026-06-05T07:47:19Z
2026-06-05T07:46:33Z,2026-06-05T09:46:33+0200,a4488497-2a44-4b02-8cf3-b5300ead3675,2026-05-31T04:45:00Z,2026-05-31T06:45:00+0200,6.82,EUR/MWh,FR,FR,day_ahead_price,value,2026-06-05T07:47:19Z
2026-06-05T07:46:33Z,2026-06-05T09:46:33+0200,a4488497-2a44-4b02-8cf3-b5300ead3675,2026-05-31T05:00:00Z,2026-05-31T07:00:00+0200,36.46,EUR/MWh,FR,FR,day_ahead_price,value,2026-06-05T07:47:19Z
2026-06-05T07:46:33Z,2026-06-05T09:46:33+0200,a4488497-2a44-4b02-8cf3-b5300ead3675,2026-05-31T05:15:00Z,2026-05-31T07:15:00+0200,26.59,EUR/MWh,FR,FR,day_ahead_price,value,2026-06-05T07:47:19Z
2026-06-05T07:46:33Z,2026-06-05T09:46:33+0200,a4488497-2a44-4b02-8cf3-b5300ead3675,2026-05-31T05:30:00Z,2026-05-31T07:30:00+0200,23.43,EUR/MWh,FR,FR,day_ahead_price,value,2026-06-05T07:47:19Z
2026-06-05T07:46:33Z,2026-06-05T09:46:33+0200,a4488497-2a44-4b02-8cf3-b5300ead3675,2026-05-31T05:45:00Z,2026-05-31T07:45:00+0200,11.01,EUR/MWh,FR,FR,day_ahead_price,value,2026-06-05T07:47:19Z
2026-06-05T07:46:33Z,2026-06-05T09:46:33+0200,a4488497-2a44-4b02-8cf3-b5300ead3675,2026-05-31T06:00:00Z,2026-05-31T08:00:00+0200,39.33,EUR/MWh,FR,FR,day_ahead_price,value,2026-06-05T07:47:19Z
2026-06-05T07:46:33Z,2026-06-05T09:46:33+0200,a4488497-2a44-4b02-8cf3-b5300ead3675,2026-05-31T06:15:00Z,2026-05-31T08:15:00+0200,27.06,EUR/MWh,FR,FR,day_ahead_price,value,2026-06-05T07:47:19Z
2026-06-05T07:46:33Z,2026-06-05T09:46:33+0200,a4488497-2a44-4b02-8cf3-b5300ead3675,2026-05-31T06:30:00Z,2026-05-31T08:30:00+0200,10.9,EUR/MWh,FR,FR,day_ahead_price,value,2026-06-05T07:47:19Z
2026-06-05T07:46:33Z,2026-06-05T09:46:33+0200,a4488497-2a44-4b02-8cf3-b5300ead3675,2026-05-31T06:45:00Z,2026-05-31T08:45:00+0200,1.0,EUR/MWh,FR,FR,day_ahead_price,value,2026-06-05T07:47:19Z
2026-06-05T07:46:33Z,2026-06-05T09:46:33+0200,a4488497-2a44-4b02-8cf3-b5300ead3675,2026-05-31T07:00:00Z,2026-05-31T09:00:00+0200,8.17,EUR/MWh,FR,FR,day_ahead_price,value,2026-06-05T07:47:19Z
2026-06-05T07:46:33Z,2026-06-05T09:46:33+0200,a4488497-2a44-4b02-8cf3-b5300ead3675,2026-05-31T07:15:00Z,2026-05-31T09:15:00+0200,0.84,EUR/MWh,FR,FR,day_ahead_price,value,2026-06-05T07:47:19Z
2026-06-05T07:46:33Z,2026-06-05T09:46:33+0200,a4488497-2a44-4b02-8cf3-b5300ead3675,2026-05-31T07:30:00Z,2026-05-31T09:30:00+0200,0.0,EUR/MWh,FR,FR,day_ahead_price,value,2026-06-05T07:47:19Z
2026-06-05T07:46:33Z,2026-06-05T09:46:33+0200,a4488497-2a44-4b02-8cf3-b5300ead3675,2026-05-31T07:45:00Z,2026-05-31T09:45:00+0200,0.0,EUR/MWh,FR,FR,day_ahead_price,value,2026-06-05T07:47:19Z
2026-06-05T07:46:33Z,2026-06-05T09:46:33+0200,a4488497-2a44-4b02-8cf3-b5300ead3675,2026-05-31T08:00:00Z,2026-05-31T10:00:00+0200,4.49,EUR/MWh,FR,FR,day_ahead_price,value,2026-06-05T07:47:19Z
2026-06-05T07:46:33Z,2026-06-05T09:46:33+0200,a4488497-2a44-4b02-8cf3-b5300ead3675,2026-05-31T08:15:00Z,2026-05-31T10:15:00+0200,4.06,EUR/MWh,FR,FR,day_ahead_price,value,2026-06-05T07:47:19Z
2026-06-05T07:46:33Z,2026-06-05T09:46:33+0200,a4488497-2a44-4b02-8cf3-b5300ead3675,2026-05-31T08:30:00Z,2026-05-31T10:30:00+0200,0.01,EUR/MWh,FR,FR,day_ahead_price,value,2026-06-05T07:47:19Z
2026-06-05T07:46:33Z,2026-06-05T09:46:33+0200,a4488497-2a44-4b02-8cf3-b5300ead3675,2026-05-31T08:45:00Z,2026-05-31T10:45:00+0200,0.0,EUR/MWh,FR,FR,day_ahead_price,value,2026-06-05T07:47:19Z
2026-06-05T07:46:33Z,2026-06-05T09:46:33+0200,a4488497-2a44-4b02-8cf3-b5300ead3675,2026-05-31T09:00:00Z,2026-05-31T11:00:00+0200,0.0,EUR/MWh,FR,FR,day_ahead_price,value,2026-06-05T07:47:19Z
2026-06-05T07:46:33Z,2026-06-05T09:46:33+0200,a4488497-2a44-4b02-8cf3-b5300ead3675,2026-05-31T09:15:00Z,2026-05-31T11:15:00+0200,0.0,EUR/MWh,FR,FR,day_ahead_price,value,2026-06-05T07:47:19Z
2026-06-05T07:46:33Z,2026-06-05T09:46:33+0200,a4488497-2a44-4b02-8cf3-b5300ead3675,2026-05-31T09:30:00Z,2026-05-31T11:30:00+0200,0.0,EUR/MWh,FR,FR,day_ahead_price,value,2026-06-05T07:47:19Z
2026-06-05T07:46:33Z,2026-06-05T09:46:33+0200,a4488497-2a44-4b02-8cf3-b5300ead3675,2026-05-31T09:45:00Z,2026-05-31T11:45:00+0200,0.0,EUR/MWh,FR,FR,day_ahead_price,value,2026-06-05T07:47:19Z
2026-06-05T07:46:33Z,2026-06-05T09:46:33+0200,a4488497-2a44-4b02-8cf3-b5300ead3675,2026-05-31T10:00:00Z,2026-05-31T12:00:00+0200,0.0,EUR/MWh,FR,FR,day_ahead_price,value,2026-06-05T07:47:19Z
2026-06-05T07:46:33Z,2026-06-05T09:46:33+0200,a4488497-2a44-4b02-8cf3-b5300ead3675,2026-05-31T10:15:00Z,2026-05-31T12:15:00+0200,0.0,EUR/MWh,FR,FR,day_ahead_price,value,2026-06-05T07:47:19Z
2026-06-05T07:46:33Z,2026-06-05T09:46:33+0200,a4488497-2a44-4b02-8cf3-b5300ead3675,2026-05-31T10:30:00Z,2026-05-31T12:30:00+0200,-0.01,EUR/MWh,FR,FR,day_ahead_price,value,2026-06-05T07:47:19Z
2026-06-05T07:46:33Z,2026-06-05T09:46:33+0200,a4488497-2a44-4b02-8cf3-b5300ead3675,2026-05-31T10:45:00Z,2026-05-31T12:45:00+0200,-0.01,EUR/MWh,FR,FR,day_ahead_price,value,2026-06-05T07:47:19Z
2026-06-05T07:46:33Z,2026-06-05T09:46:33+0200,a4488497-2a44-4b02-8cf3-b5300ead3675,2026-05-31T11:00:00Z,2026-05-31T13:00:00+0200,-0.01,EUR/MWh,FR,FR,day_ahead_price,value,2026-06-05T07:47:19Z
2026-06-05T07:46:33Z,2026-06-05T09:46:33+0200,a4488497-2a44-4b02-8cf3-b5300ead3675,2026-05-31T11:15:00Z,2026-05-31T13:15:00+0200,-0.01,EUR/MWh,FR,FR,day_ahead_price,value,2026-06-05T07:47:19Z
2026-06-05T07:46:33Z,2026-06-05T09:46:33+0200,a4488497-2a44-4b02-8cf3-b5300ead3675,2026-05-31T11:30:00Z,2026-05-31T13:30:00+0200,-0.01,EUR/MWh,FR,FR,day_ahead_price,value,2026-06-05T07:47:19Z
2026-06-05T07:46:33Z,2026-06-05T09:46:33+0200,a4488497-2a44-4b02-8cf3-b5300ead3675,2026-05-31T11:45:00Z,2026-05-31T13:45:00+0200,-0.01,EUR/MWh,FR,FR,day_ahead_price,value,2026-06-05T07:47:19Z
2026-06-05T07:46:33Z,2026-06-05T09:46:33+0200,a4488497-2a44-4b02-8cf3-b5300ead3675,2026-05-31T12:00:00Z,2026-05-31T14:00:00+0200,-0.01,EUR/MWh,FR,FR,day_ahead_price,value,2026-06-05T07:47:19Z
2026-06-05T07:46:33Z,2026-06-05T09:46:33+0200,a4488497-2a44-4b02-8cf3-b5300ead3675,2026-05-31T12:15:00Z,2026-05-31T14:15:00+0200,-0.01,EUR/MWh,FR,FR,day_ahead_price,value,2026-06-05T07:47:19Z
2026-06-05T07:46:33Z,2026-06-05T09:46:33+0200,a4488497-2a44-4b02-8cf3-b5300ead3675,2026-05-31T12:30:00Z,2026-05-31T14:30:00+0200,-0.01,EUR/MWh,FR,FR,day_ahead_price,value,2026-06-05T07:47:19Z
2026-06-05T07:46:33Z,2026-06-05T09:46:33+0200,a4488497-2a44-4b02-8cf3-b5300ead3675,2026-05-31T12:45:00Z,2026-05-31T14:45:00+0200,-0.01,EUR/MWh,FR,FR,day_ahead_price,value,2026-06-05T07:47:19Z
2026-06-05T07:46:33Z,2026-06-05T09:46:33+0200,a4488497-2a44-4b02-8cf3-b5300ead3675,2026-05-31T13:00:00Z,2026-05-31T15:00:00+0200,-0.01,EUR/MWh,FR,FR,day_ahead_price,value,2026-06-05T07:47:19Z
2026-06-05T07:46:33Z,2026-06-05T09:46:33+0200,a4488497-2a44-4b02-8cf3-b5300ead3675,2026-05-31T13:15:00Z,2026-05-31T15:15:00+0200,0.0,EUR/MWh,FR,FR,day_ahead_price,value,2026-06-05T07:47:19Z
2026-06-05T07:46:33Z,2026-06-05T09:46:33+0200,a4488497-2a44-4b02-8cf3-b5300ead3675,2026-05-31T13:30:00Z,2026-05-31T15:30:00+0200,0.0,EUR/MWh,FR,FR,day_ahead_price,value,2026-06-05T07:47:19Z
2026-06-05T07:46:33Z,2026-06-05T09:46:33+0200,a4488497-2a44-4b02-8cf3-b5300ead3675,2026-05-31T13:45:00Z,2026-05-31T15:45:00+0200,0.0,EUR/MWh,FR,FR,day_ahead_price,value,2026-06-05T07:47:19Z
2026-06-05T07:46:33Z,2026-06-05T09:46:33+0200,a4488497-2a44-4b02-8cf3-b5300ead3675,2026-05-31T14:00:00Z,2026-05-31T16:00:00+0200,-0.01,EUR/MWh,FR,FR,day_ahead_price,value,2026-06-05T07:47:19Z
2026-06-05T07:46:33Z,2026-06-05T09:46:33+0200,a4488497-2a44-4b02-8cf3-b5300ead3675,2026-05-31T14:15:00Z,2026-05-31T16:15:00+0200,-0.01,EUR/MWh,FR,FR,day_ahead_price,value,2026-06-05T07:47:19Z
2026-06-05T07:46:33Z,2026-06-05T09:46:33+0200,a4488497-2a44-4b02-8cf3-b5300ead3675,2026-05-31T14:30:00Z,2026-05-31T16:30:00+0200,-0.01,EUR/MWh,FR,FR,day_ahead_price,value,2026-06-05T07:47:19Z
2026-06-05T07:46:33Z,2026-06-05T09:46:33+0200,a4488497-2a44-4b02-8cf3-b5300ead3675,2026-05-31T14:45:00Z,2026-05-31T16:45:00+0200,-0.01,EUR/MWh,FR,FR,day_ahead_price,value,2026-06-05T07:47:19Z
2026-06-05T07:46:33Z,2026-06-05T09:46:33+0200,a4488497-2a44-4b02-8cf3-b5300ead3675,2026-05-31T15:00:00Z,2026-05-31T17:00:00+0200,-0.01,EUR/MWh,FR,FR,day_ahead_price,value,2026-06-05T07:47:19Z
2026-06-05T07:46:33Z,2026-06-05T09:46:33+0200,a4488497-2a44-4b02-8cf3-b5300ead3675,2026-05-31T15:15:00Z,2026-05-31T17:15:00+0200,-0.01,EUR/MWh,FR,FR,day_ahead_price,value,2026-06-05T07:47:19Z
2026-06-05T07:46:33Z,2026-06-05T09:46:33+0200,a4488497-2a44-4b02-8cf3-b5300ead3675,2026-05-31T15:30:00Z,2026-05-31T17:30:00+0200,0.0,EUR/MWh,FR,FR,day_ahead_price,value,2026-06-05T07:47:19Z
2026-06-05T07:46:33Z,2026-06-05T09:46:33+0200,a4488497-2a44-4b02-8cf3-b5300ead3675,2026-05-31T15:45:00Z,2026-05-31T17:45:00+0200,0.0,EUR/MWh,FR,FR,day_ahead_price,value,2026-06-05T07:47:19Z
2026-06-05T07:46:33Z,2026-06-05T09:46:33+0200,a4488497-2a44-4b02-8cf3-b5300ead3675,2026-05-31T16:00:00Z,2026-05-31T18:00:00+0200,0.01,EUR/MWh,FR,FR,day_ahead_price,value,2026-06-05T07:47:19Z
2026-06-05T07:46:33Z,2026-06-05T09:46:33+0200,a4488497-2a44-4b02-8cf3-b5300ead3675,2026-05-31T16:15:00Z,2026-05-31T18:15:00+0200,0.84,EUR/MWh,FR,FR,day_ahead_price,value,2026-06-05T07:47:19Z
2026-06-05T07:46:33Z,2026-06-05T09:46:33+0200,a4488497-2a44-4b02-8cf3-b5300ead3675,2026-05-31T16:30:00Z,2026-05-31T18:30:00+0200,1.55,EUR/MWh,FR,FR,day_ahead_price,value,2026-06-05T07:47:19Z
2026-06-05T07:46:33Z,2026-06-05T09:46:33+0200,a4488497-2a44-4b02-8cf3-b5300ead3675,2026-05-31T16:45:00Z,2026-05-31T18:45:00+0200,13.48,EUR/MWh,FR,FR,day_ahead_price,value,2026-06-05T07:47:19Z
2026-06-05T07:46:33Z,2026-06-05T09:46:33+0200,a4488497-2a44-4b02-8cf3-b5300ead3675,2026-05-31T17:00:00Z,2026-05-31T19:00:00+0200,5.59,EUR/MWh,FR,FR,day_ahead_price,value,2026-06-05T07:47:19Z
2026-06-05T07:46:33Z,2026-06-05T09:46:33+0200,a4488497-2a44-4b02-8cf3-b5300ead3675,2026-05-31T17:15:00Z,2026-05-31T19:15:00+0200,24.46,EUR/MWh,FR,FR,day_ahead_price,value,2026-06-05T07:47:19Z
2026-06-05T07:46:33Z,2026-06-05T09:46:33+0200,a4488497-2a44-4b02-8cf3-b5300ead3675,2026-05-31T17:30:00Z,2026-05-31T19:30:00+0200,41.08,EUR/MWh,FR,FR,day_ahead_price,value,2026-06-05T07:47:19Z
2026-06-05T07:46:33Z,2026-06-05T09:46:33+0200,a4488497-2a44-4b02-8cf3-b5300ead3675,2026-05-31T17:45:00Z,2026-05-31T19:45:00+0200,56.5,EUR/MWh,FR,FR,day_ahead_price,value,2026-06-05T07:47:19Z
2026-06-05T07:46:33Z,2026-06-05T09:46:33+0200,a4488497-2a44-4b02-8cf3-b5300ead3675,2026-05-31T18:00:00Z,2026-05-31T20:00:00+0200,39.93,EUR/MWh,FR,FR,day_ahead_price,value,2026-06-05T07:47:19Z
2026-06-05T07:46:33Z,2026-06-05T09:46:33+0200,a4488497-2a44-4b02-8cf3-b5300ead3675,2026-05-31T18:15:00Z,2026-05-31T20:15:00+0200,63.24,EUR/MWh,FR,FR,day_ahead_price,value,2026-06-05T07:47:19Z
2026-06-05T07:46:33Z,2026-06-05T09:46:33+0200,a4488497-2a44-4b02-8cf3-b5300ead3675,2026-05-31T18:30:00Z,2026-05-31T20:30:00+0200,72.89,EUR/MWh,FR,FR,day_ahead_price,value,2026-06-05T07:47:19Z
2026-06-05T07:46:33Z,2026-06-05T09:46:33+0200,a4488497-2a44-4b02-8cf3-b5300ead3675,2026-05-31T18:45:00Z,2026-05-31T20:45:00+0200,85.92,EUR/MWh,FR,FR,day_ahead_price,value,2026-06-05T07:47:19Z
2026-06-05T07:46:33Z,2026-06-05T09:46:33+0200,a4488497-2a44-4b02-8cf3-b5300ead3675,2026-05-31T19:00:00Z,2026-05-31T21:00:00+0200,83.18,EUR/MWh,FR,FR,day_ahead_price,value,2026-06-05T07:47:19Z
2026-06-05T07:46:33Z,2026-06-05T09:46:33+0200,a4488497-2a44-4b02-8cf3-b5300ead3675,2026-05-31T19:15:00Z,2026-05-31T21:15:00+0200,77.76,EUR/MWh,FR,FR,day_ahead_price,value,2026-06-05T07:47:19Z
2026-06-05T07:46:33Z,2026-06-05T09:46:33+0200,a4488497-2a44-4b02-8cf3-b5300ead3675,2026-05-31T19:30:00Z,2026-05-31T21:30:00+0200,90.17,EUR/MWh,FR,FR,day_ahead_price,value,2026-06-05T07:47:19Z
2026-06-05T07:46:33Z,2026-06-05T09:46:33+0200,a4488497-2a44-4b02-8cf3-b5300ead3675,2026-05-31T19:45:00Z,2026-05-31T21:45:00+0200,93.22,EUR/MWh,FR,FR,day_ahead_price,value,2026-06-05T07:47:19Z
2026-06-05T07:46:33Z,2026-06-05T09:46:33+0200,a4488497-2a44-4b02-8cf3-b5300ead3675,2026-05-31T20:00:00Z,2026-05-31T22:00:00+0200,100.72,EUR/MWh,FR,FR,day_ahead_price,value,2026-06-05T07:47:19Z
2026-06-05T07:46:33Z,2026-06-05T09:46:33+0200,a4488497-2a44-4b02-8cf3-b5300ead3675,2026-05-31T20:15:00Z,2026-05-31T22:15:00+0200,100.8,EUR/MWh,FR,FR,day_ahead_price,value,2026-06-05T07:47:19Z
2026-06-05T07:46:33Z,2026-06-05T09:46:33+0200,a4488497-2a44-4b02-8cf3-b5300ead3675,2026-05-31T20:30:00Z,2026-05-31T22:30:00+0200,104.67,EUR/MWh,FR,FR,day_ahead_price,value,2026-06-05T07:47:19Z
2026-06-05T07:46:33Z,2026-06-05T09:46:33+0200,a4488497-2a44-4b02-8cf3-b5300ead3675,2026-05-31T20:45:00Z,2026-05-31T22:45:00+0200,100.42,EUR/MWh,FR,FR,day_ahead_price,value,2026-06-05T07:47:19Z
2026-06-05T07:46:33Z,2026-06-05T09:46:33+0200,a4488497-2a44-4b02-8cf3-b5300ead3675,2026-05-31T21:00:00Z,2026-05-31T23:00:00+0200,98.28,EUR/MWh,FR,FR,day_ahead_price,value,2026-06-05T07:47:19Z
2026-06-05T07:46:33Z,2026-06-05T09:46:33+0200,a4488497-2a44-4b02-8cf3-b5300ead3675,2026-05-31T21:15:00Z,2026-05-31T23:15:00+0200,89.8,EUR/MWh,FR,FR,day_ahead_price,value,2026-06-05T07:47:19Z
2026-06-05T07:46:33Z,2026-06-05T09:46:33+0200,a4488497-2a44-4b02-8cf3-b5300ead3675,2026-05-31T21:30:00Z,2026-05-31T23:30:00+0200,92.61,EUR/MWh,FR,FR,day_ahead_price,value,2026-06-05T07:47:19Z
2026-06-05T07:46:33Z,2026-06-05T09:46:33+0200,a4488497-2a44-4b02-8cf3-b5300ead3675,2026-05-31T21:45:00Z,2026-05-31T23:45:00+0200,85.32,EUR/MWh,FR,FR,day_ahead_price,value,2026-06-05T07:47:19Z
2026-06-05T07:46:33Z,2026-06-05T09:46:33+0200,a4488497-2a44-4b02-8cf3-b5300ead3675,2026-05-31T22:00:00Z,2026-06-01T00:00:00+0200,108.4,EUR/MWh,FR,FR,day_ahead_price,value,2026-06-05T07:47:19Z
2026-06-05T07:46:33Z,2026-06-05T09:46:33+0200,a4488497-2a44-4b02-8cf3-b5300ead3675,2026-05-31T22:15:00Z,2026-06-01T00:15:00+0200,103.68,EUR/MWh,FR,FR,day_ahead_price,value,2026-06-05T07:47:19Z
2026-06-05T07:46:33Z,2026-06-05T09:46:33+0200,a4488497-2a44-4b02-8cf3-b5300ead3675,2026-05-31T22:30:00Z,2026-06-01T00:30:00+0200,48.23,EUR/MWh,FR,FR,day_ahead_price,value,2026-06-05T07:47:19Z
2026-06-05T07:46:33Z,2026-06-05T09:46:33+0200,a4488497-2a44-4b02-8cf3-b5300ead3675,2026-05-31T22:45:00Z,2026-06-01T00:45:00+0200,12.33,EUR/MWh,FR,FR,day_ahead_price,value,2026-06-05T07:47:19Z
2026-06-05T07:46:33Z,2026-06-05T09:46:33+0200,a4488497-2a44-4b02-8cf3-b5300ead3675,2026-05-31T23:00:00Z,2026-06-01T01:00:00+0200,40.46,EUR/MWh,FR,FR,day_ahead_price,value,2026-06-05T07:47:19Z
2026-06-05T07:46:33Z,2026-06-05T09:46:33+0200,a4488497-2a44-4b02-8cf3-b5300ead3675,2026-05-31T23:15:00Z,2026-06-01T01:15:00+0200,48.14,EUR/MWh,FR,FR,day_ahead_price,value,2026-06-05T07:47:19Z
2026-06-05T07:46:33Z,2026-06-05T09:46:33+0200,a4488497-2a44-4b02-8cf3-b5300ead3675,2026-05-31T23:30:00Z,2026-06-01T01:30:00+0200,66.71,EUR/MWh,FR,FR,day_ahead_price,value,2026-06-05T07:47:19Z
2026-06-05T07:46:33Z,2026-06-05T09:46:33+0200,a4488497-2a44-4b02-8cf3-b5300ead3675,2026-05-31T23:45:00Z,2026-06-01T01:45:00+0200,43.92,EUR/MWh,FR,FR,day_ahead_price,value,2026-06-05T07:47:19Z
2026-06-05T07:46:33Z,2026-06-05T09:46:33+0200,a4488497-2a44-4b02-8cf3-b5300ead3675,2026-06-01T00:00:00Z,2026-06-01T02:00:00+0200,64.95,EUR/MWh,FR,FR,day_ahead_price,value,2026-06-05T07:47:19Z
2026-06-05T07:46:33Z,2026-06-05T09:46:33+0200,a4488497-2a44-4b02-8cf3-b5300ead3675,2026-06-01T00:15:00Z,2026-06-01T02:15:00+0200,40.45,EUR/MWh,FR,FR,day_ahead_price,value,2026-06-05T07:47:19Z
2026-06-05T07:46:33Z,2026-06-05T09:46:33+0200,a4488497-2a44-4b02-8cf3-b5300ead3675,2026-06-01T00:30:00Z,2026-06-01T02:30:00+0200,35.0,EUR/MWh,FR,FR,day_ahead_price,value,2026-06-05T07:47:19Z
2026-06-05T07:46:33Z,2026-06-05T09:46:33+0200,a4488497-2a44-4b02-8cf3-b5300ead3675,2026-06-01T00:45:00Z,2026-06-01T02:45:00+0200,19.03,EUR/MWh,FR,FR,day_ahead_price,value,2026-06-05T07:47:19Z
2026-06-05T07:46:33Z,2026-06-05T09:46:33+0200,a4488497-2a44-4b02-8cf3-b5300ead3675,2026-06-01T01:00:00Z,2026-06-01T03:00:00+0200,26.43,EUR/MWh,FR,FR,day_ahead_price,value,2026-06-05T07:47:19Z
2026-06-05T07:46:33Z,2026-06-05T09:46:33+0200,a4488497-2a44-4b02-8cf3-b5300ead3675,2026-06-01T01:15:00Z,2026-06-01T03:15:00+0200,3.21,EUR/MWh,FR,FR,day_ahead_price,value,2026-06-05T07:47:19Z
2026-06-05T07:46:33Z,2026-06-05T09:46:33+0200,a4488497-2a44-4b02-8cf3-b5300ead3675,2026-06-01T01:30:00Z,2026-06-01T03:30:00+0200,17.08,EUR/MWh,FR,FR,day_ahead_price,value,2026-06-05T07:47:19Z
2026-06-05T07:46:33Z,2026-06-05T09:46:33+0200,a4488497-2a44-4b02-8cf3-b5300ead3675,2026-06-01T01:45:00Z,2026-06-01T03:45:00+0200,24.09,EUR/MWh,FR,FR,day_ahead_price,value,2026-06-05T07:47:19Z
2026-06-05T07:46:33Z,2026-06-05T09:46:33+0200,a4488497-2a44-4b02-8cf3-b5300ead3675,2026-06-01T02:00:00Z,2026-06-01T04:00:00+0200,35.43,EUR/MWh,FR,FR,day_ahead_price,value,2026-06-05T07:47:19Z
2026-06-05T07:46:33Z,2026-06-05T09:46:33+0200,a4488497-2a44-4b02-8cf3-b5300ead3675,2026-06-01T02:15:00Z,2026-06-01T04:15:00+0200,44.67,EUR/MWh,FR,FR,day_ahead_price,value,2026-06-05T07:47:19Z
2026-06-05T07:46:33Z,2026-06-05T09:46:33+0200,a4488497-2a44-4b02-8cf3-b5300ead3675,2026-06-01T02:30:00Z,2026-06-01T04:30:00+0200,18.41,EUR/MWh,FR,FR,day_ahead_price,value,2026-06-05T07:47:19Z
2026-06-05T07:46:33Z,2026-06-05T09:46:33+0200,a4488497-2a44-4b02-8cf3-b5300ead3675,2026-06-01T02:45:00Z,2026-06-01T04:45:00+0200,26.3,EUR/MWh,FR,FR,day_ahead_price,value,2026-06-05T07:47:19Z
2026-06-05T07:46:33Z,2026-06-05T09:46:33+0200,a4488497-2a44-4b02-8cf3-b5300ead3675,2026-06-01T03:00:00Z,2026-06-01T05:00:00+0200,32.33,EUR/MWh,FR,FR,day_ahead_price,value,2026-06-05T07:47:19Z
2026-06-05T07:46:33Z,2026-06-05T09:46:33+0200,a4488497-2a44-4b02-8cf3-b5300ead3675,2026-06-01T03:15:00Z,2026-06-01T05:15:00+0200,34.2,EUR/MWh,FR,FR,day_ahead_price,value,2026-06-05T07:47:19Z
2026-06-05T07:46:33Z,2026-06-05T09:46:33+0200,a4488497-2a44-4b02-8cf3-b5300ead3675,2026-06-01T03:30:00Z,2026-06-01T05:30:00+0200,32.76,EUR/MWh,FR,FR,day_ahead_price,value,2026-06-05T07:47:19Z
2026-06-05T07:46:33Z,2026-06-05T09:46:33+0200,a4488497-2a44-4b02-8cf3-b5300ead3675,2026-06-01T03:45:00Z,2026-06-01T05:45:00+0200,43.22,EUR/MWh,FR,FR,day_ahead_price,value,2026-06-05T07:47:19Z
2026-06-05T07:46:33Z,2026-06-05T09:46:33+0200,a4488497-2a44-4b02-8cf3-b5300ead3675,2026-06-01T04:00:00Z,2026-06-01T06:00:00+0200,24.56,EUR/MWh,FR,FR,day_ahead_price,value,2026-06-05T07:47:19Z
2026-06-05T07:46:33Z,2026-06-05T09:46:33+0200,a4488497-2a44-4b02-8cf3-b5300ead3675,2026-06-01T04:15:00Z,2026-06-01T06:15:00+0200,44.02,EUR/MWh,FR,FR,day_ahead_price,value,2026-06-05T07:47:19Z
2026-06-05T07:46:33Z,2026-06-05T09:46:33+0200,a4488497-2a44-4b02-8cf3-b5300ead3675,2026-06-01T04:30:00Z,2026-06-01T06:30:00+0200,91.66,EUR/MWh,FR,FR,day_ahead_price,value,2026-06-05T07:47:19Z
2026-06-05T07:46:33Z,2026-06-05T09:46:33+0200,a4488497-2a44-4b02-8cf3-b5300ead3675,2026-06-01T04:45:00Z,2026-06-01T06:45:00+0200,111.46,EUR/MWh,FR,FR,day_ahead_price,value,2026-06-05T07:47:19Z
2026-06-05T07:46:33Z,2026-06-05T09:46:33+0200,a4488497-2a44-4b02-8cf3-b5300ead3675,2026-06-01T05:00:00Z,2026-06-01T07:00:00+0200,129.61,EUR/MWh,FR,FR,day_ahead_price,value,2026-06-05T07:47:19Z
2026-06-05T07:46:33Z,2026-06-05T09:46:33+0200,a4488497-2a44-4b02-8cf3-b5300ead3675,2026-06-01T05:15:00Z,2026-06-01T07:15:00+0200,125.32,EUR/MWh,FR,FR,day_ahead_price,value,2026-06-05T07:47:19Z
2026-06-05T07:46:33Z,2026-06-05T09:46:33+0200,a4488497-2a44-4b02-8cf3-b5300ead3675,2026-06-01T05:30:00Z,2026-06-01T07:30:00+0200,123.32,EUR/MWh,FR,FR,day_ahead_price,value,2026-06-05T07:47:19Z
2026-06-05T07:46:33Z,2026-06-05T09:46:33+0200,a4488497-2a44-4b02-8cf3-b5300ead3675,2026-06-01T05:45:00Z,2026-06-01T07:45:00+0200,112.07,EUR/MWh,FR,FR,day_ahead_price,value,2026-06-05T07:47:19Z
2026-06-05T07:46:33Z,2026-06-05T09:46:33+0200,a4488497-2a44-4b02-8cf3-b5300ead3675,2026-06-01T06:00:00Z,2026-06-01T08:00:00+0200,126.88,EUR/MWh,FR,FR,day_ahead_price,value,2026-06-05T07:47:19Z
2026-06-05T07:46:33Z,2026-06-05T09:46:33+0200,a4488497-2a44-4b02-8cf3-b5300ead3675,2026-06-01T06:15:00Z,2026-06-01T08:15:00+0200,110.57,EUR/MWh,FR,FR,day_ahead_price,value,2026-06-05T07:47:19Z
2026-06-05T07:46:33Z,2026-06-05T09:46:33+0200,a4488497-2a44-4b02-8cf3-b5300ead3675,2026-06-01T06:30:00Z,2026-06-01T08:30:00+0200,93.08,EUR/MWh,FR,FR,day_ahead_price,value,2026-06-05T07:47:19Z
2026-06-05T07:46:33Z,2026-06-05T09:46:33+0200,a4488497-2a44-4b02-8cf3-b5300ead3675,2026-06-01T06:45:00Z,2026-06-01T08:45:00+0200,70.0,EUR/MWh,FR,FR,day_ahead_price,value,2026-06-05T07:47:19Z
2026-06-05T07:46:33Z,2026-06-05T09:46:33+0200,a4488497-2a44-4b02-8cf3-b5300ead3675,2026-06-01T07:00:00Z,2026-06-01T09:00:00+0200,75.0,EUR/MWh,FR,FR,day_ahead_price,value,2026-06-05T07:47:19Z
2026-06-05T07:46:33Z,2026-06-05T09:46:33+0200,a4488497-2a44-4b02-8cf3-b5300ead3675,2026-06-01T07:15:00Z,2026-06-01T09:15:00+0200,49.9,EUR/MWh,FR,FR,day_ahead_price,value,2026-06-05T07:47:19Z
2026-06-05T07:46:33Z,2026-06-05T09:46:33+0200,a4488497-2a44-4b02-8cf3-b5300ead3675,2026-06-01T07:30:00Z,2026-06-01T09:30:00+0200,32.96,EUR/MWh,FR,FR,day_ahead_price,value,2026-06-05T07:47:19Z
2026-06-05T07:46:33Z,2026-06-05T09:46:33+0200,a4488497-2a44-4b02-8cf3-b5300ead3675,2026-06-01T07:45:00Z,2026-06-01T09:45:00+0200,18.7,EUR/MWh,FR,FR,day_ahead_price,value,2026-06-05T07:47:19Z
2026-06-05T07:46:33Z,2026-06-05T09:46:33+0200,a4488497-2a44-4b02-8cf3-b5300ead3675,2026-06-01T08:00:00Z,2026-06-01T10:00:00+0200,26.02,EUR/MWh,FR,FR,day_ahead_price,value,2026-06-05T07:47:19Z
2026-06-05T07:46:33Z,2026-06-05T09:46:33+0200,a4488497-2a44-4b02-8cf3-b5300ead3675,2026-06-01T08:15:00Z,2026-06-01T10:15:00+0200,22.96,EUR/MWh,FR,FR,day_ahead_price,value,2026-06-05T07:47:19Z
2026-06-05T07:46:33Z,2026-06-05T09:46:33+0200,a4488497-2a44-4b02-8cf3-b5300ead3675,2026-06-01T08:30:00Z,2026-06-01T10:30:00+0200,15.58,EUR/MWh,FR,FR,day_ahead_price,value,2026-06-05T07:47:19Z
2026-06-05T07:46:33Z,2026-06-05T09:46:33+0200,a4488497-2a44-4b02-8cf3-b5300ead3675,2026-06-01T08:45:00Z,2026-06-01T10:45:00+0200,10.52,EUR/MWh,FR,FR,day_ahead_price,value,2026-06-05T07:47:19Z
2026-06-05T07:46:33Z,2026-06-05T09:46:33+0200,a4488497-2a44-4b02-8cf3-b5300ead3675,2026-06-01T09:00:00Z,2026-06-01T11:00:00+0200,16.3,EUR/MWh,FR,FR,day_ahead_price,value,2026-06-05T07:47:19Z
2026-06-05T07:46:33Z,2026-06-05T09:46:33+0200,a4488497-2a44-4b02-8cf3-b5300ead3675,2026-06-01T09:15:00Z,2026-06-01T11:15:00+0200,12.53,EUR/MWh,FR,FR,day_ahead_price,value,2026-06-05T07:47:19Z
2026-06-05T07:46:33Z,2026-06-05T09:46:33+0200,a4488497-2a44-4b02-8cf3-b5300ead3675,2026-06-01T09:30:00Z,2026-06-01T11:30:00+0200,8.01,EUR/MWh,FR,FR,day_ahead_price,value,2026-06-05T07:47:19Z
2026-06-05T07:46:33Z,2026-06-05T09:46:33+0200,a4488497-2a44-4b02-8cf3-b5300ead3675,2026-06-01T09:45:00Z,2026-06-01T11:45:00+0200,7.27,EUR/MWh,FR,FR,day_ahead_price,value,2026-06-05T07:47:19Z
2026-06-05T07:46:33Z,2026-06-05T09:46:33+0200,a4488497-2a44-4b02-8cf3-b5300ead3675,2026-06-01T10:00:00Z,2026-06-01T12:00:00+0200,10.5,EUR/MWh,FR,FR,day_ahead_price,value,2026-06-05T07:47:19Z
2026-06-05T07:46:33Z,2026-06-05T09:46:33+0200,a4488497-2a44-4b02-8cf3-b5300ead3675,2026-06-01T10:15:00Z,2026-06-01T12:15:00+0200,10.0,EUR/MWh,FR,FR,day_ahead_price,value,2026-06-05T07:47:19Z
2026-06-05T07:46:33Z,2026-06-05T09:46:33+0200,a4488497-2a44-4b02-8cf3-b5300ead3675,2026-06-01T10:30:00Z,2026-06-01T12:30:00+0200,8.01,EUR/MWh,FR,FR,day_ahead_price,value,2026-06-05T07:47:19Z
2026-06-05T07:46:33Z,2026-06-05T09:46:33+0200,a4488497-2a44-4b02-8cf3-b5300ead3675,2026-06-01T10:45:00Z,2026-06-01T12:45:00+0200,8.01,EUR/MWh,FR,FR,day_ahead_price,value,2026-06-05T07:47:19Z
2026-06-05T07:46:33Z,2026-06-05T09:46:33+0200,a4488497-2a44-4b02-8cf3-b5300ead3675,2026-06-01T11:00:00Z,2026-06-01T13:00:00+0200,2.09,EUR/MWh,FR,FR,day_ahead_price,value,2026-06-05T07:47:19Z
2026-06-05T07:46:33Z,2026-06-05T09:46:33+0200,a4488497-2a44-4b02-8cf3-b5300ead3675,2026-06-01T11:15:00Z,2026-06-01T13:15:00+0200,2.09,EUR/MWh,FR,FR,day_ahead_price,value,2026-06-05T07:47:19Z
2026-06-05T07:46:33Z,2026-06-05T09:46:33+0200,a4488497-2a44-4b02-8cf3-b5300ead3675,2026-06-01T11:30:00Z,2026-06-01T13:30:00+0200,2.0,EUR/MWh,FR,FR,day_ahead_price,value,2026-06-05T07:47:19Z
2026-06-05T07:46:33Z,2026-06-05T09:46:33+0200,a4488497-2a44-4b02-8cf3-b5300ead3675,2026-06-01T11:45:00Z,2026-06-01T13:45:00+0200,2.0,EUR/MWh,FR,FR,day_ahead_price,value,2026-06-05T07:47:19Z
2026-06-05T07:46:33Z,2026-06-05T09:46:33+0200,a4488497-2a44-4b02-8cf3-b5300ead3675,2026-06-01T12:00:00Z,2026-06-01T14:00:00+0200,11.57,EUR/MWh,FR,FR,day_ahead_price,value,2026-06-05T07:47:19Z
2026-06-05T07:46:33Z,2026-06-05T09:46:33+0200,a4488497-2a44-4b02-8cf3-b5300ead3675,2026-06-01T12:15:00Z,2026-06-01T14:15:00+0200,2.09,EUR/MWh,FR,FR,day_ahead_price,value,2026-06-05T07:47:19Z
2026-06-05T07:46:33Z,2026-06-05T09:46:33+0200,a4488497-2a44-4b02-8cf3-b5300ead3675,2026-06-01T12:30:00Z,2026-06-01T14:30:00+0200,1.95,EUR/MWh,FR,FR,day_ahead_price,value,2026-06-05T07:47:19Z
2026-06-05T07:46:33Z,2026-06-05T09:46:33+0200,a4488497-2a44-4b02-8cf3-b5300ead3675,2026-06-01T12:45:00Z,2026-06-01T14:45:00+0200,1.51,EUR/MWh,FR,FR,day_ahead_price,value,2026-06-05T07:47:19Z
2026-06-05T07:46:33Z,2026-06-05T09:46:33+0200,a4488497-2a44-4b02-8cf3-b5300ead3675,2026-06-01T13:00:00Z,2026-06-01T15:00:00+0200,1.49,EUR/MWh,FR,FR,day_ahead_price,value,2026-06-05T07:47:19Z
2026-06-05T07:46:33Z,2026-06-05T09:46:33+0200,a4488497-2a44-4b02-8cf3-b5300ead3675,2026-06-01T13:15:00Z,2026-06-01T15:15:00+0200,1.2,EUR/MWh,FR,FR,day_ahead_price,value,2026-06-05T07:47:19Z
2026-06-05T07:46:33Z,2026-06-05T09:46:33+0200,a4488497-2a44-4b02-8cf3-b5300ead3675,2026-06-01T13:30:00Z,2026-06-01T15:30:00+0200,1.2,EUR/MWh,FR,FR,day_ahead_price,value,2026-06-05T07:47:19Z
2026-06-05T07:46:33Z,2026-06-05T09:46:33+0200,a4488497-2a44-4b02-8cf3-b5300ead3675,2026-06-01T13:45:00Z,2026-06-01T15:45:00+0200,1.2,EUR/MWh,FR,FR,day_ahead_price,value,2026-06-05T07:47:19Z
2026-06-05T07:46:33Z,2026-06-05T09:46:33+0200,a4488497-2a44-4b02-8cf3-b5300ead3675,2026-06-01T14:00:00Z,2026-06-01T16:00:00+0200,1.44,EUR/MWh,FR,FR,day_ahead_price,value,2026-06-05T07:47:19Z
2026-06-05T07:46:33Z,2026-06-05T09:46:33+0200,a4488497-2a44-4b02-8cf3-b5300ead3675,2026-06-01T14:15:00Z,2026-06-01T16:15:00+0200,1.82,EUR/MWh,FR,FR,day_ahead_price,value,2026-06-05T07:47:19Z
2026-06-05T07:46:33Z,2026-06-05T09:46:33+0200,a4488497-2a44-4b02-8cf3-b5300ead3675,2026-06-01T14:30:00Z,2026-06-01T16:30:00+0200,2.0,EUR/MWh,FR,FR,day_ahead_price,value,2026-06-05T07:47:19Z
2026-06-05T07:46:33Z,2026-06-05T09:46:33+0200,a4488497-2a44-4b02-8cf3-b5300ead3675,2026-06-01T14:45:00Z,2026-06-01T16:45:00+0200,3.08,EUR/MWh,FR,FR,day_ahead_price,value,2026-06-05T07:47:19Z
2026-06-05T07:46:33Z,2026-06-05T09:46:33+0200,a4488497-2a44-4b02-8cf3-b5300ead3675,2026-06-01T15:00:00Z,2026-06-01T17:00:00+0200,4.29,EUR/MWh,FR,FR,day_ahead_price,value,2026-06-05T07:47:19Z
2026-06-05T07:46:33Z,2026-06-05T09:46:33+0200,a4488497-2a44-4b02-8cf3-b5300ead3675,2026-06-01T15:15:00Z,2026-06-01T17:15:00+0200,12.01,EUR/MWh,FR,FR,day_ahead_price,value,2026-06-05T07:47:19Z
2026-06-05T07:46:33Z,2026-06-05T09:46:33+0200,a4488497-2a44-4b02-8cf3-b5300ead3675,2026-06-01T15:30:00Z,2026-06-01T17:30:00+0200,19.17,EUR/MWh,FR,FR,day_ahead_price,value,2026-06-05T07:47:19Z
2026-06-05T07:46:33Z,2026-06-05T09:46:33+0200,a4488497-2a44-4b02-8cf3-b5300ead3675,2026-06-01T15:45:00Z,2026-06-01T17:45:00+0200,20.0,EUR/MWh,FR,FR,day_ahead_price,value,2026-06-05T07:47:19Z
2026-06-05T07:46:33Z,2026-06-05T09:46:33+0200,a4488497-2a44-4b02-8cf3-b5300ead3675,2026-06-01T16:00:00Z,2026-06-01T18:00:00+0200,24.11,EUR/MWh,FR,FR,day_ahead_price,value,2026-06-05T07:47:19Z
2026-06-05T07:46:33Z,2026-06-05T09:46:33+0200,a4488497-2a44-4b02-8cf3-b5300ead3675,2026-06-01T16:15:00Z,2026-06-01T18:15:00+0200,38.91,EUR/MWh,FR,FR,day_ahead_price,value,2026-06-05T07:47:19Z
2026-06-05T07:46:33Z,2026-06-05T09:46:33+0200,a4488497-2a44-4b02-8cf3-b5300ead3675,2026-06-01T16:30:00Z,2026-06-01T18:30:00+0200,46.0,EUR/MWh,FR,FR,day_ahead_price,value,2026-06-05T07:47:19Z
2026-06-05T07:46:33Z,2026-06-05T09:46:33+0200,a4488497-2a44-4b02-8cf3-b5300ead3675,2026-06-01T16:45:00Z,2026-06-01T18:45:00+0200,71.34,EUR/MWh,FR,FR,day_ahead_price,value,2026-06-05T07:47:19Z
2026-06-05T07:46:33Z,2026-06-05T09:46:33+0200,a4488497-2a44-4b02-8cf3-b5300ead3675,2026-06-01T17:00:00Z,2026-06-01T19:00:00+0200,55.57,EUR/MWh,FR,FR,day_ahead_price,value,2026-06-05T07:47:19Z
2026-06-05T07:46:33Z,2026-06-05T09:46:33+0200,a4488497-2a44-4b02-8cf3-b5300ead3675,2026-06-01T17:15:00Z,2026-06-01T19:15:00+0200,84.01,EUR/MWh,FR,FR,day_ahead_price,value,2026-06-05T07:47:19Z
2026-06-05T07:46:33Z,2026-06-05T09:46:33+0200,a4488497-2a44-4b02-8cf3-b5300ead3675,2026-06-01T17:30:00Z,2026-06-01T19:30:00+0200,140.65,EUR/MWh,FR,FR,day_ahead_price,value,2026-06-05T07:47:19Z
2026-06-05T07:46:33Z,2026-06-05T09:46:33+0200,a4488497-2a44-4b02-8cf3-b5300ead3675,2026-06-01T17:45:00Z,2026-06-01T19:45:00+0200,172.55,EUR/MWh,FR,FR,day_ahead_price,value,2026-06-05T07:47:19Z
2026-06-05T07:46:33Z,2026-06-05T09:46:33+0200,a4488497-2a44-4b02-8cf3-b5300ead3675,2026-06-01T18:00:00Z,2026-06-01T20:00:00+0200,99.44,EUR/MWh,FR,FR,day_ahead_price,value,2026-06-05T07:47:19Z
2026-06-05T07:46:33Z,2026-06-05T09:46:33+0200,a4488497-2a44-4b02-8cf3-b5300ead3675,2026-06-01T18:15:00Z,2026-06-01T20:15:00+0200,113.57,EUR/MWh,FR,FR,day_ahead_price,value,2026-06-05T07:47:19Z
2026-06-05T07:46:33Z,2026-06-05T09:46:33+0200,a4488497-2a44-4b02-8cf3-b5300ead3675,2026-06-01T18:30:00Z,2026-06-01T20:30:00+0200,126.0,EUR/MWh,FR,FR,day_ahead_price,value,2026-06-05T07:47:19Z
2026-06-05T07:46:33Z,2026-06-05T09:46:33+0200,a4488497-2a44-4b02-8cf3-b5300ead3675,2026-06-01T18:45:00Z,2026-06-01T20:45:00+0200,135.01,EUR/MWh,FR,FR,day_ahead_price,value,2026-06-05T07:47:19Z
2026-06-05T07:46:33Z,2026-06-05T09:46:33+0200,a4488497-2a44-4b02-8cf3-b5300ead3675,2026-06-01T19:00:00Z,2026-06-01T21:00:00+0200,131.57,EUR/MWh,FR,FR,day_ahead_price,value,2026-06-05T07:47:19Z
2026-06-05T07:46:33Z,2026-06-05T09:46:33+0200,a4488497-2a44-4b02-8cf3-b5300ead3675,2026-06-01T19:15:00Z,2026-06-01T21:15:00+0200,137.59,EUR/MWh,FR,FR,day_ahead_price,value,2026-06-05T07:47:19Z
2026-06-05T07:46:33Z,2026-06-05T09:46:33+0200,a4488497-2a44-4b02-8cf3-b5300ead3675,2026-06-01T19:30:00Z,2026-06-01T21:30:00+0200,144.23,EUR/MWh,FR,FR,day_ahead_price,value,2026-06-05T07:47:19Z
2026-06-05T07:46:33Z,2026-06-05T09:46:33+0200,a4488497-2a44-4b02-8cf3-b5300ead3675,2026-06-01T19:45:00Z,2026-06-01T21:45:00+0200,140.0,EUR/MWh,FR,FR,day_ahead_price,value,2026-06-05T07:47:19Z
2026-06-05T07:46:33Z,2026-06-05T09:46:33+0200,a4488497-2a44-4b02-8cf3-b5300ead3675,2026-06-01T20:00:00Z,2026-06-01T22:00:00+0200,152.43,EUR/MWh,FR,FR,day_ahead_price,value,2026-06-05T07:47:19Z
2026-06-05T07:46:33Z,2026-06-05T09:46:33+0200,a4488497-2a44-4b02-8cf3-b5300ead3675,2026-06-01T20:15:00Z,2026-06-01T22:15:00+0200,145.01,EUR/MWh,FR,FR,day_ahead_price,value,2026-06-05T07:47:19Z
2026-06-05T07:46:33Z,2026-06-05T09:46:33+0200,a4488497-2a44-4b02-8cf3-b5300ead3675,2026-06-01T20:30:00Z,2026-06-01T22:30:00+0200,146.72,EUR/MWh,FR,FR,day_ahead_price,value,2026-06-05T07:47:19Z
2026-06-05T07:46:33Z,2026-06-05T09:46:33+0200,a4488497-2a44-4b02-8cf3-b5300ead3675,2026-06-01T20:45:00Z,2026-06-01T22:45:00+0200,136.96,EUR/MWh,FR,FR,day_ahead_price,value,2026-06-05T07:47:19Z
2026-06-05T07:46:33Z,2026-06-05T09:46:33+0200,a4488497-2a44-4b02-8cf3-b5300ead3675,2026-06-01T21:00:00Z,2026-06-01T23:00:00+0200,133.01,EUR/MWh,FR,FR,day_ahead_price,value,2026-06-05T07:47:19Z
2026-06-05T07:46:33Z,2026-06-05T09:46:33+0200,a4488497-2a44-4b02-8cf3-b5300ead3675,2026-06-01T21:15:00Z,2026-06-01T23:15:00+0200,130.0,EUR/MWh,FR,FR,day_ahead_price,value,2026-06-05T07:47:19Z
2026-06-05T07:46:33Z,2026-06-05T09:46:33+0200,a4488497-2a44-4b02-8cf3-b5300ead3675,2026-06-01T21:30:00Z,2026-06-01T23:30:00+0200,130.0,EUR/MWh,FR,FR,day_ahead_price,value,2026-06-05T07:47:19Z
2026-06-05T07:46:33Z,2026-06-05T09:46:33+0200,a4488497-2a44-4b02-8cf3-b5300ead3675,2026-06-01T21:45:00Z,2026-06-01T23:45:00+0200,118.13,EUR/MWh,FR,FR,day_ahead_price,value,2026-06-05T07:47:19Z
2026-06-05T07:46:33Z,2026-06-05T09:46:33+0200,a4488497-2a44-4b02-8cf3-b5300ead3675,2026-06-01T22:00:00Z,2026-06-02T00:00:00+0200,122.77,EUR/MWh,FR,FR,day_ahead_price,value,2026-06-05T07:47:19Z
2026-06-05T07:46:33Z,2026-06-05T09:46:33+0200,a4488497-2a44-4b02-8cf3-b5300ead3675,2026-06-01T22:15:00Z,2026-06-02T00:15:00+0200,120.2,EUR/MWh,FR,FR,day_ahead_price,value,2026-06-05T07:47:19Z
2026-06-05T07:46:33Z,2026-06-05T09:46:33+0200,a4488497-2a44-4b02-8cf3-b5300ead3675,2026-06-01T22:30:00Z,2026-06-02T00:30:00+0200,69.02,EUR/MWh,FR,FR,day_ahead_price,value,2026-06-05T07:47:19Z
2026-06-05T07:46:33Z,2026-06-05T09:46:33+0200,a4488497-2a44-4b02-8cf3-b5300ead3675,2026-06-01T22:45:00Z,2026-06-02T00:45:00+0200,35.06,EUR/MWh,FR,FR,day_ahead_price,value,2026-06-05T07:47:19Z
2026-06-05T07:46:33Z,2026-06-05T09:46:33+0200,a4488497-2a44-4b02-8cf3-b5300ead3675,2026-06-01T23:00:00Z,2026-06-02T01:00:00+0200,97.27,EUR/MWh,FR,FR,day_ahead_price,value,2026-06-05T07:47:19Z
2026-06-05T07:46:33Z,2026-06-05T09:46:33+0200,a4488497-2a44-4b02-8cf3-b5300ead3675,2026-06-01T23:15:00Z,2026-06-02T01:15:00+0200,58.1,EUR/MWh,FR,FR,day_ahead_price,value,2026-06-05T07:47:19Z
2026-06-05T07:46:33Z,2026-06-05T09:46:33+0200,a4488497-2a44-4b02-8cf3-b5300ead3675,2026-06-01T23:30:00Z,2026-06-02T01:30:00+0200,61.28,EUR/MWh,FR,FR,day_ahead_price,value,2026-06-05T07:47:19Z
2026-06-05T07:46:33Z,2026-06-05T09:46:33+0200,a4488497-2a44-4b02-8cf3-b5300ead3675,2026-06-01T23:45:00Z,2026-06-02T01:45:00+0200,36.14,EUR/MWh,FR,FR,day_ahead_price,value,2026-06-05T07:47:19Z
2026-06-05T07:46:33Z,2026-06-05T09:46:33+0200,a4488497-2a44-4b02-8cf3-b5300ead3675,2026-06-02T00:00:00Z,2026-06-02T02:00:00+0200,65.47,EUR/MWh,FR,FR,day_ahead_price,value,2026-06-05T07:47:19Z
2026-06-05T07:46:33Z,2026-06-05T09:46:33+0200,a4488497-2a44-4b02-8cf3-b5300ead3675,2026-06-02T00:15:00Z,2026-06-02T02:15:00+0200,20.89,EUR/MWh,FR,FR,day_ahead_price,value,2026-06-05T07:47:19Z
2026-06-05T07:46:33Z,2026-06-05T09:46:33+0200,a4488497-2a44-4b02-8cf3-b5300ead3675,2026-06-02T00:30:00Z,2026-06-02T02:30:00+0200,23.11,EUR/MWh,FR,FR,day_ahead_price,value,2026-06-05T07:47:19Z
2026-06-05T07:46:33Z,2026-06-05T09:46:33+0200,a4488497-2a44-4b02-8cf3-b5300ead3675,2026-06-02T00:45:00Z,2026-06-02T02:45:00+0200,12.13,EUR/MWh,FR,FR,day_ahead_price,value,2026-06-05T07:47:19Z
2026-06-05T07:46:33Z,2026-06-05T09:46:33+0200,a4488497-2a44-4b02-8cf3-b5300ead3675,2026-06-02T01:00:00Z,2026-06-02T03:00:00+0200,20.59,EUR/MWh,FR,FR,day_ahead_price,value,2026-06-05T07:47:19Z
2026-06-05T07:46:33Z,2026-06-05T09:46:33+0200,a4488497-2a44-4b02-8cf3-b5300ead3675,2026-06-02T01:15:00Z,2026-06-02T03:15:00+0200,22.2,EUR/MWh,FR,FR,day_ahead_price,value,2026-06-05T07:47:19Z
2026-06-05T07:46:33Z,2026-06-05T09:46:33+0200,a4488497-2a44-4b02-8cf3-b5300ead3675,2026-06-02T01:30:00Z,2026-06-02T03:30:00+0200,32.32,EUR/MWh,FR,FR,day_ahead_price,value,2026-06-05T07:47:19Z
2026-06-05T07:46:33Z,2026-06-05T09:46:33+0200,a4488497-2a44-4b02-8cf3-b5300ead3675,2026-06-02T01:45:00Z,2026-06-02T03:45:00+0200,14.68,EUR/MWh,FR,FR,day_ahead_price,value,2026-06-05T07:47:19Z
2026-06-05T07:46:33Z,2026-06-05T09:46:33+0200,a4488497-2a44-4b02-8cf3-b5300ead3675,2026-06-02T02:00:00Z,2026-06-02T04:00:00+0200,34.95,EUR/MWh,FR,FR,day_ahead_price,value,2026-06-05T07:47:19Z
2026-06-05T07:46:33Z,2026-06-05T09:46:33+0200,a4488497-2a44-4b02-8cf3-b5300ead3675,2026-06-02T02:15:00Z,2026-06-02T04:15:00+0200,15.45,EUR/MWh,FR,FR,day_ahead_price,value,2026-06-05T07:47:19Z
2026-06-05T07:46:33Z,2026-06-05T09:46:33+0200,a4488497-2a44-4b02-8cf3-b5300ead3675,2026-06-02T02:30:00Z,2026-06-02T04:30:00+0200,12.2,EUR/MWh,FR,FR,day_ahead_price,value,2026-06-05T07:47:19Z
2026-06-05T07:46:33Z,2026-06-05T09:46:33+0200,a4488497-2a44-4b02-8cf3-b5300ead3675,2026-06-02T02:45:00Z,2026-06-02T04:45:00+0200,19.01,EUR/MWh,FR,FR,day_ahead_price,value,2026-06-05T07:47:19Z
2026-06-05T07:46:33Z,2026-06-05T09:46:33+0200,a4488497-2a44-4b02-8cf3-b5300ead3675,2026-06-02T03:00:00Z,2026-06-02T05:00:00+0200,28.99,EUR/MWh,FR,FR,day_ahead_price,value,2026-06-05T07:47:19Z
2026-06-05T07:46:33Z,2026-06-05T09:46:33+0200,a4488497-2a44-4b02-8cf3-b5300ead3675,2026-06-02T03:15:00Z,2026-06-02T05:15:00+0200,31.75,EUR/MWh,FR,FR,day_ahead_price,value,2026-06-05T07:47:19Z
2026-06-05T07:46:33Z,2026-06-05T09:46:33+0200,a4488497-2a44-4b02-8cf3-b5300ead3675,2026-06-02T03:30:00Z,2026-06-02T05:30:00+0200,25.81,EUR/MWh,FR,FR,day_ahead_price,value,2026-06-05T07:47:19Z
2026-06-05T07:46:33Z,2026-06-05T09:46:33+0200,a4488497-2a44-4b02-8cf3-b5300ead3675,2026-06-02T03:45:00Z,2026-06-02T05:45:00+0200,27.4,EUR/MWh,FR,FR,day_ahead_price,value,2026-06-05T07:47:19Z
2026-06-05T07:46:33Z,2026-06-05T09:46:33+0200,a4488497-2a44-4b02-8cf3-b5300ead3675,2026-06-02T04:00:00Z,2026-06-02T06:00:00+0200,14.0,EUR/MWh,FR,FR,day_ahead_price,value,2026-06-05T07:47:19Z
2026-06-05T07:46:33Z,2026-06-05T09:46:33+0200,a4488497-2a44-4b02-8cf3-b5300ead3675,2026-06-02T04:15:00Z,2026-06-02T06:15:00+0200,22.2,EUR/MWh,FR,FR,day_ahead_price,value,2026-06-05T07:47:19Z
2026-06-05T07:46:33Z,2026-06-05T09:46:33+0200,a4488497-2a44-4b02-8cf3-b5300ead3675,2026-06-02T04:30:00Z,2026-06-02T06:30:00+0200,26.32,EUR/MWh,FR,FR,day_ahead_price,value,2026-06-05T07:47:19Z
2026-06-05T07:46:33Z,2026-06-05T09:46:33+0200,a4488497-2a44-4b02-8cf3-b5300ead3675,2026-06-02T04:45:00Z,2026-06-02T06:45:00+0200,39.33,EUR/MWh,FR,FR,day_ahead_price,value,2026-06-05T07:47:19Z
2026-06-05T07:46:33Z,2026-06-05T09:46:33+0200,a4488497-2a44-4b02-8cf3-b5300ead3675,2026-06-02T05:00:00Z,2026-06-02T07:00:00+0200,28.41,EUR/MWh,FR,FR,day_ahead_price,value,2026-06-05T07:47:19Z
2026-06-05T07:46:33Z,2026-06-05T09:46:33+0200,a4488497-2a44-4b02-8cf3-b5300ead3675,2026-06-02T05:15:00Z,2026-06-02T07:15:00+0200,48.8,EUR/MWh,FR,FR,day_ahead_price,value,2026-06-05T07:47:19Z
2026-06-05T07:46:33Z,2026-06-05T09:46:33+0200,a4488497-2a44-4b02-8cf3-b5300ead3675,2026-06-02T05:30:00Z,2026-06-02T07:30:00+0200,68.01,EUR/MWh,FR,FR,day_ahead_price,value,2026-06-05T07:47:19Z
2026-06-05T07:46:33Z,2026-06-05T09:46:33+0200,a4488497-2a44-4b02-8cf3-b5300ead3675,2026-06-02T05:45:00Z,2026-06-02T07:45:00+0200,61.9,EUR/MWh,FR,FR,day_ahead_price,value,2026-06-05T07:47:19Z
2026-06-05T07:46:33Z,2026-06-05T09:46:33+0200,a4488497-2a44-4b02-8cf3-b5300ead3675,2026-06-02T06:00:00Z,2026-06-02T08:00:00+0200,72.35,EUR/MWh,FR,FR,day_ahead_price,value,2026-06-05T07:47:19Z
2026-06-05T07:46:33Z,2026-06-05T09:46:33+0200,a4488497-2a44-4b02-8cf3-b5300ead3675,2026-06-02T06:15:00Z,2026-06-02T08:15:00+0200,72.65,EUR/MWh,FR,FR,day_ahead_price,value,2026-06-05T07:47:19Z
2026-06-05T07:46:33Z,2026-06-05T09:46:33+0200,a4488497-2a44-4b02-8cf3-b5300ead3675,2026-06-02T06:30:00Z,2026-06-02T08:30:00+0200,65.63,EUR/MWh,FR,FR,day_ahead_price,value,2026-06-05T07:47:19Z
2026-06-05T07:46:33Z,2026-06-05T09:46:33+0200,a4488497-2a44-4b02-8cf3-b5300ead3675,2026-06-02T06:45:00Z,2026-06-02T08:45:00+0200,49.0,EUR/MWh,FR,FR,day_ahead_price,value,2026-06-05T07:47:19Z
2026-06-05T07:46:33Z,2026-06-05T09:46:33+0200,a4488497-2a44-4b02-8cf3-b5300ead3675,2026-06-02T07:00:00Z,2026-06-02T09:00:00+0200,50.0,EUR/MWh,FR,FR,day_ahead_price,value,2026-06-05T07:47:19Z
2026-06-05T07:46:33Z,2026-06-05T09:46:33+0200,a4488497-2a44-4b02-8cf3-b5300ead3675,2026-06-02T07:15:00Z,2026-06-02T09:15:00+0200,30.0,EUR/MWh,FR,FR,day_ahead_price,value,2026-06-05T07:47:19Z
2026-06-05T07:46:33Z,2026-06-05T09:46:33+0200,a4488497-2a44-4b02-8cf3-b5300ead3675,2026-06-02T07:30:00Z,2026-06-02T09:30:00+0200,26.07,EUR/MWh,FR,FR,day_ahead_price,value,2026-06-05T07:47:19Z
2026-06-05T07:46:33Z,2026-06-05T09:46:33+0200,a4488497-2a44-4b02-8cf3-b5300ead3675,2026-06-02T07:45:00Z,2026-06-02T09:45:00+0200,10.56,EUR/MWh,FR,FR,day_ahead_price,value,2026-06-05T07:47:19Z
2026-06-05T07:46:33Z,2026-06-05T09:46:33+0200,a4488497-2a44-4b02-8cf3-b5300ead3675,2026-06-02T08:00:00Z,2026-06-02T10:00:00+0200,6.11,EUR/MWh,FR,FR,day_ahead_price,value,2026-06-05T07:47:19Z
2026-06-05T07:46:33Z,2026-06-05T09:46:33+0200,a4488497-2a44-4b02-8cf3-b5300ead3675,2026-06-02T08:15:00Z,2026-06-02T10:15:00+0200,2.2,EUR/MWh,FR,FR,day_ahead_price,value,2026-06-05T07:47:19Z
2026-06-05T07:46:33Z,2026-06-05T09:46:33+0200,a4488497-2a44-4b02-8cf3-b5300ead3675,2026-06-02T08:30:00Z,2026-06-02T10:30:00+0200,1.23,EUR/MWh,FR,FR,day_ahead_price,value,2026-06-05T07:47:19Z
2026-06-05T07:46:33Z,2026-06-05T09:46:33+0200,a4488497-2a44-4b02-8cf3-b5300ead3675,2026-06-02T08:45:00Z,2026-06-02T10:45:00+0200,0.84,EUR/MWh,FR,FR,day_ahead_price,value,2026-06-05T07:47:19Z
2026-06-05T07:46:33Z,2026-06-05T09:46:33+0200,a4488497-2a44-4b02-8cf3-b5300ead3675,2026-06-02T09:00:00Z,2026-06-02T11:00:00+0200,0.51,EUR/MWh,FR,FR,day_ahead_price,value,2026-06-05T07:47:19Z
2026-06-05T07:46:33Z,2026-06-05T09:46:33+0200,a4488497-2a44-4b02-8cf3-b5300ead3675,2026-06-02T09:15:00Z,2026-06-02T11:15:00+0200,0.01,EUR/MWh,FR,FR,day_ahead_price,value,2026-06-05T07:47:19Z
2026-06-05T07:46:33Z,2026-06-05T09:46:33+0200,a4488497-2a44-4b02-8cf3-b5300ead3675,2026-06-02T09:30:00Z,2026-06-02T11:30:00+0200,0.0,EUR/MWh,FR,FR,day_ahead_price,value,2026-06-05T07:47:19Z
2026-06-05T07:46:33Z,2026-06-05T09:46:33+0200,a4488497-2a44-4b02-8cf3-b5300ead3675,2026-06-02T09:45:00Z,2026-06-02T11:45:00+0200,0.0,EUR/MWh,FR,FR,day_ahead_price,value,2026-06-05T07:47:19Z
2026-06-05T07:46:33Z,2026-06-05T09:46:33+0200,a4488497-2a44-4b02-8cf3-b5300ead3675,2026-06-02T10:00:00Z,2026-06-02T12:00:00+0200,0.0,EUR/MWh,FR,FR,day_ahead_price,value,2026-06-05T07:47:19Z
2026-06-05T07:46:33Z,2026-06-05T09:46:33+0200,a4488497-2a44-4b02-8cf3-b5300ead3675,2026-06-02T10:15:00Z,2026-06-02T12:15:00+0200,0.0,EUR/MWh,FR,FR,day_ahead_price,value,2026-06-05T07:47:19Z
2026-06-05T07:46:33Z,2026-06-05T09:46:33+0200,a4488497-2a44-4b02-8cf3-b5300ead3675,2026-06-02T10:30:00Z,2026-06-02T12:30:00+0200,0.0,EUR/MWh,FR,FR,day_ahead_price,value,2026-06-05T07:47:19Z
2026-06-05T07:46:33Z,2026-06-05T09:46:33+0200,a4488497-2a44-4b02-8cf3-b5300ead3675,2026-06-02T10:45:00Z,2026-06-02T12:45:00+0200,0.0,EUR/MWh,FR,FR,day_ahead_price,value,2026-06-05T07:47:19Z
2026-06-05T07:46:33Z,2026-06-05T09:46:33+0200,a4488497-2a44-4b02-8cf3-b5300ead3675,2026-06-02T11:00:00Z,2026-06-02T13:00:00+0200,-0.01,EUR/MWh,FR,FR,day_ahead_price,value,2026-06-05T07:47:19Z
2026-06-05T07:46:33Z,2026-06-05T09:46:33+0200,a4488497-2a44-4b02-8cf3-b5300ead3675,2026-06-02T11:15:00Z,2026-06-02T13:15:00+0200,-0.01,EUR/MWh,FR,FR,day_ahead_price,value,2026-06-05T07:47:19Z
2026-06-05T07:46:33Z,2026-06-05T09:46:33+0200,a4488497-2a44-4b02-8cf3-b5300ead3675,2026-06-02T11:30:00Z,2026-06-02T13:30:00+0200,-0.01,EUR/MWh,FR,FR,day_ahead_price,value,2026-06-05T07:47:19Z
2026-06-05T07:46:33Z,2026-06-05T09:46:33+0200,a4488497-2a44-4b02-8cf3-b5300ead3675,2026-06-02T11:45:00Z,2026-06-02T13:45:00+0200,-0.01,EUR/MWh,FR,FR,day_ahead_price,value,2026-06-05T07:47:19Z
2026-06-05T07:46:33Z,2026-06-05T09:46:33+0200,a4488497-2a44-4b02-8cf3-b5300ead3675,2026-06-02T12:00:00Z,2026-06-02T14:00:00+0200,-0.01,EUR/MWh,FR,FR,day_ahead_price,value,2026-06-05T07:47:19Z
2026-06-05T07:46:33Z,2026-06-05T09:46:33+0200,a4488497-2a44-4b02-8cf3-b5300ead3675,2026-06-02T12:15:00Z,2026-06-02T14:15:00+0200,-0.01,EUR/MWh,FR,FR,day_ahead_price,value,2026-06-05T07:47:19Z
2026-06-05T07:46:33Z,2026-06-05T09:46:33+0200,a4488497-2a44-4b02-8cf3-b5300ead3675,2026-06-02T12:30:00Z,2026-06-02T14:30:00+0200,-0.01,EUR/MWh,FR,FR,day_ahead_price,value,2026-06-05T07:47:19Z
2026-06-05T07:46:33Z,2026-06-05T09:46:33+0200,a4488497-2a44-4b02-8cf3-b5300ead3675,2026-06-02T12:45:00Z,2026-06-02T14:45:00+0200,-0.01,EUR/MWh,FR,FR,day_ahead_price,value,2026-06-05T07:47:19Z
2026-06-05T07:46:33Z,2026-06-05T09:46:33+0200,a4488497-2a44-4b02-8cf3-b5300ead3675,2026-06-02T13:00:00Z,2026-06-02T15:00:00+0200,-0.01,EUR/MWh,FR,FR,day_ahead_price,value,2026-06-05T07:47:19Z
2026-06-05T07:46:33Z,2026-06-05T09:46:33+0200,a4488497-2a44-4b02-8cf3-b5300ead3675,2026-06-02T13:15:00Z,2026-06-02T15:15:00+0200,-0.01,EUR/MWh,FR,FR,day_ahead_price,value,2026-06-05T07:47:19Z
2026-06-05T07:46:33Z,2026-06-05T09:46:33+0200,a4488497-2a44-4b02-8cf3-b5300ead3675,2026-06-02T13:30:00Z,2026-06-02T15:30:00+0200,-0.02,EUR/MWh,FR,FR,day_ahead_price,value,2026-06-05T07:47:19Z
2026-06-05T07:46:33Z,2026-06-05T09:46:33+0200,a4488497-2a44-4b02-8cf3-b5300ead3675,2026-06-02T13:45:00Z,2026-06-02T15:45:00+0200,-0.04,EUR/MWh,FR,FR,day_ahead_price,value,2026-06-05T07:47:19Z
2026-06-05T07:46:33Z,2026-06-05T09:46:33+0200,a4488497-2a44-4b02-8cf3-b5300ead3675,2026-06-02T14:00:00Z,2026-06-02T16:00:00+0200,-0.1,EUR/MWh,FR,FR,day_ahead_price,value,2026-06-05T07:47:19Z
2026-06-05T07:46:33Z,2026-06-05T09:46:33+0200,a4488497-2a44-4b02-8cf3-b5300ead3675,2026-06-02T14:15:00Z,2026-06-02T16:15:00+0200,-0.09,EUR/MWh,FR,FR,day_ahead_price,value,2026-06-05T07:47:19Z
2026-06-05T07:46:33Z,2026-06-05T09:46:33+0200,a4488497-2a44-4b02-8cf3-b5300ead3675,2026-06-02T14:30:00Z,2026-06-02T16:30:00+0200,-0.09,EUR/MWh,FR,FR,day_ahead_price,value,2026-06-05T07:47:19Z
2026-06-05T07:46:33Z,2026-06-05T09:46:33+0200,a4488497-2a44-4b02-8cf3-b5300ead3675,2026-06-02T14:45:00Z,2026-06-02T16:45:00+0200,-0.05,EUR/MWh,FR,FR,day_ahead_price,value,2026-06-05T07:47:19Z
2026-06-05T07:46:33Z,2026-06-05T09:46:33+0200,a4488497-2a44-4b02-8cf3-b5300ead3675,2026-06-02T15:00:00Z,2026-06-02T17:00:00+0200,-0.01,EUR/MWh,FR,FR,day_ahead_price,value,2026-06-05T07:47:19Z
2026-06-05T07:46:33Z,2026-06-05T09:46:33+0200,a4488497-2a44-4b02-8cf3-b5300ead3675,2026-06-02T15:15:00Z,2026-06-02T17:15:00+0200,-0.01,EUR/MWh,FR,FR,day_ahead_price,value,2026-06-05T07:47:19Z
2026-06-05T07:46:33Z,2026-06-05T09:46:33+0200,a4488497-2a44-4b02-8cf3-b5300ead3675,2026-06-02T15:30:00Z,2026-06-02T17:30:00+0200,-0.01,EUR/MWh,FR,FR,day_ahead_price,value,2026-06-05T07:47:19Z
2026-06-05T07:46:33Z,2026-06-05T09:46:33+0200,a4488497-2a44-4b02-8cf3-b5300ead3675,2026-06-02T15:45:00Z,2026-06-02T17:45:00+0200,-0.01,EUR/MWh,FR,FR,day_ahead_price,value,2026-06-05T07:47:19Z
2026-06-05T07:46:33Z,2026-06-05T09:46:33+0200,a4488497-2a44-4b02-8cf3-b5300ead3675,2026-06-02T16:00:00Z,2026-06-02T18:00:00+0200,0.0,EUR/MWh,FR,FR,day_ahead_price,value,2026-06-05T07:47:19Z
2026-06-05T07:46:33Z,2026-06-05T09:46:33+0200,a4488497-2a44-4b02-8cf3-b5300ead3675,2026-06-02T16:15:00Z,2026-06-02T18:15:00+0200,0.0,EUR/MWh,FR,FR,day_ahead_price,value,2026-06-05T07:47:19Z
2026-06-05T07:46:33Z,2026-06-05T09:46:33+0200,a4488497-2a44-4b02-8cf3-b5300ead3675,2026-06-02T16:30:00Z,2026-06-02T18:30:00+0200,0.51,EUR/MWh,FR,FR,day_ahead_price,value,2026-06-05T07:47:19Z
2026-06-05T07:46:33Z,2026-06-05T09:46:33+0200,a4488497-2a44-4b02-8cf3-b5300ead3675,2026-06-02T16:45:00Z,2026-06-02T18:45:00+0200,1.5,EUR/MWh,FR,FR,day_ahead_price,value,2026-06-05T07:47:19Z
2026-06-05T07:46:33Z,2026-06-05T09:46:33+0200,a4488497-2a44-4b02-8cf3-b5300ead3675,2026-06-02T17:00:00Z,2026-06-02T19:00:00+0200,1.0,EUR/MWh,FR,FR,day_ahead_price,value,2026-06-05T07:47:19Z
2026-06-05T07:46:33Z,2026-06-05T09:46:33+0200,a4488497-2a44-4b02-8cf3-b5300ead3675,2026-06-02T17:15:00Z,2026-06-02T19:15:00+0200,2.0,EUR/MWh,FR,FR,day_ahead_price,value,2026-06-05T07:47:19Z
2026-06-05T07:46:33Z,2026-06-05T09:46:33+0200,a4488497-2a44-4b02-8cf3-b5300ead3675,2026-06-02T17:30:00Z,2026-06-02T19:30:00+0200,4.32,EUR/MWh,FR,FR,day_ahead_price,value,2026-06-05T07:47:19Z
2026-06-05T07:46:33Z,2026-06-05T09:46:33+0200,a4488497-2a44-4b02-8cf3-b5300ead3675,2026-06-02T17:45:00Z,2026-06-02T19:45:00+0200,24.01,EUR/MWh,FR,FR,day_ahead_price,value,2026-06-05T07:47:19Z
2026-06-05T07:46:33Z,2026-06-05T09:46:33+0200,a4488497-2a44-4b02-8cf3-b5300ead3675,2026-06-02T18:00:00Z,2026-06-02T20:00:00+0200,9.75,EUR/MWh,FR,FR,day_ahead_price,value,2026-06-05T07:47:19Z
2026-06-05T07:46:33Z,2026-06-05T09:46:33+0200,a4488497-2a44-4b02-8cf3-b5300ead3675,2026-06-02T18:15:00Z,2026-06-02T20:15:00+0200,28.61,EUR/MWh,FR,FR,day_ahead_price,value,2026-06-05T07:47:19Z
2026-06-05T07:46:33Z,2026-06-05T09:46:33+0200,a4488497-2a44-4b02-8cf3-b5300ead3675,2026-06-02T18:30:00Z,2026-06-02T20:30:00+0200,21.54,EUR/MWh,FR,FR,day_ahead_price,value,2026-06-05T07:47:19Z
2026-06-05T07:46:33Z,2026-06-05T09:46:33+0200,a4488497-2a44-4b02-8cf3-b5300ead3675,2026-06-02T18:45:00Z,2026-06-02T20:45:00+0200,23.41,EUR/MWh,FR,FR,day_ahead_price,value,2026-06-05T07:47:19Z
2026-06-05T07:46:33Z,2026-06-05T09:46:33+0200,a4488497-2a44-4b02-8cf3-b5300ead3675,2026-06-02T19:00:00Z,2026-06-02T21:00:00+0200,36.8,EUR/MWh,FR,FR,day_ahead_price,value,2026-06-05T07:47:19Z
2026-06-05T07:46:33Z,2026-06-05T09:46:33+0200,a4488497-2a44-4b02-8cf3-b5300ead3675,2026-06-02T19:15:00Z,2026-06-02T21:15:00+0200,22.98,EUR/MWh,FR,FR,day_ahead_price,value,2026-06-05T07:47:19Z
2026-06-05T07:46:33Z,2026-06-05T09:46:33+0200,a4488497-2a44-4b02-8cf3-b5300ead3675,2026-06-02T19:30:00Z,2026-06-02T21:30:00+0200,23.0,EUR/MWh,FR,FR,day_ahead_price,value,2026-06-05T07:47:19Z
2026-06-05T07:46:33Z,2026-06-05T09:46:33+0200,a4488497-2a44-4b02-8cf3-b5300ead3675,2026-06-02T19:45:00Z,2026-06-02T21:45:00+0200,24.16,EUR/MWh,FR,FR,day_ahead_price,value,2026-06-05T07:47:19Z
2026-06-05T07:46:33Z,2026-06-05T09:46:33+0200,a4488497-2a44-4b02-8cf3-b5300ead3675,2026-06-02T20:00:00Z,2026-06-02T22:00:00+0200,31.75,EUR/MWh,FR,FR,day_ahead_price,value,2026-06-05T07:47:19Z
2026-06-05T07:46:33Z,2026-06-05T09:46:33+0200,a4488497-2a44-4b02-8cf3-b5300ead3675,2026-06-02T20:15:00Z,2026-06-02T22:15:00+0200,28.72,EUR/MWh,FR,FR,day_ahead_price,value,2026-06-05T07:47:19Z
2026-06-05T07:46:33Z,2026-06-05T09:46:33+0200,a4488497-2a44-4b02-8cf3-b5300ead3675,2026-06-02T20:30:00Z,2026-06-02T22:30:00+0200,70.53,EUR/MWh,FR,FR,day_ahead_price,value,2026-06-05T07:47:19Z
2026-06-05T07:46:33Z,2026-06-05T09:46:33+0200,a4488497-2a44-4b02-8cf3-b5300ead3675,2026-06-02T20:45:00Z,2026-06-02T22:45:00+0200,29.01,EUR/MWh,FR,FR,day_ahead_price,value,2026-06-05T07:47:19Z
2026-06-05T07:46:33Z,2026-06-05T09:46:33+0200,a4488497-2a44-4b02-8cf3-b5300ead3675,2026-06-02T21:00:00Z,2026-06-02T23:00:00+0200,34.16,EUR/MWh,FR,FR,day_ahead_price,value,2026-06-05T07:47:19Z
2026-06-05T07:46:33Z,2026-06-05T09:46:33+0200,a4488497-2a44-4b02-8cf3-b5300ead3675,2026-06-02T21:15:00Z,2026-06-02T23:15:00+0200,16.09,EUR/MWh,FR,FR,day_ahead_price,value,2026-06-05T07:47:19Z
2026-06-05T07:46:33Z,2026-06-05T09:46:33+0200,a4488497-2a44-4b02-8cf3-b5300ead3675,2026-06-02T21:30:00Z,2026-06-02T23:30:00+0200,50.99,EUR/MWh,FR,FR,day_ahead_price,value,2026-06-05T07:47:19Z
2026-06-05T07:46:33Z,2026-06-05T09:46:33+0200,a4488497-2a44-4b02-8cf3-b5300ead3675,2026-06-02T21:45:00Z,2026-06-02T23:45:00+0200,30.26,EUR/MWh,FR,FR,day_ahead_price,value,2026-06-05T07:47:19Z
2026-06-05T07:46:33Z,2026-06-05T09:46:33+0200,a4488497-2a44-4b02-8cf3-b5300ead3675,2026-06-02T22:00:00Z,2026-06-03T00:00:00+0200,0.0,EUR/MWh,FR,FR,day_ahead_price,value,2026-06-05T07:47:19Z
2026-06-05T07:46:33Z,2026-06-05T09:46:33+0200,a4488497-2a44-4b02-8cf3-b5300ead3675,2026-06-02T22:15:00Z,2026-06-03T00:15:00+0200,0.0,EUR/MWh,FR,FR,day_ahead_price,value,2026-06-05T07:47:19Z
2026-06-05T07:46:33Z,2026-06-05T09:46:33+0200,a4488497-2a44-4b02-8cf3-b5300ead3675,2026-06-02T22:30:00Z,2026-06-03T00:30:00+0200,0.0,EUR/MWh,FR,FR,day_ahead_price,value,2026-06-05T07:47:19Z
2026-06-05T07:46:33Z,2026-06-05T09:46:33+0200,a4488497-2a44-4b02-8cf3-b5300ead3675,2026-06-02T22:45:00Z,2026-06-03T00:45:00+0200,0.0,EUR/MWh,FR,FR,day_ahead_price,value,2026-06-05T07:47:19Z
2026-06-05T07:46:33Z,2026-06-05T09:46:33+0200,a4488497-2a44-4b02-8cf3-b5300ead3675,2026-06-02T23:00:00Z,2026-06-03T01:00:00+0200,8.67,EUR/MWh,FR,FR,day_ahead_price,value,2026-06-05T07:47:19Z
2026-06-05T07:46:33Z,2026-06-05T09:46:33+0200,a4488497-2a44-4b02-8cf3-b5300ead3675,2026-06-02T23:15:00Z,2026-06-03T01:15:00+0200,16.42,EUR/MWh,FR,FR,day_ahead_price,value,2026-06-05T07:47:19Z
2026-06-05T07:46:33Z,2026-06-05T09:46:33+0200,a4488497-2a44-4b02-8cf3-b5300ead3675,2026-06-02T23:30:00Z,2026-06-03T01:30:00+0200,43.1,EUR/MWh,FR,FR,day_ahead_price,value,2026-06-05T07:47:19Z
2026-06-05T07:46:33Z,2026-06-05T09:46:33+0200,a4488497-2a44-4b02-8cf3-b5300ead3675,2026-06-02T23:45:00Z,2026-06-03T01:45:00+0200,22.02,EUR/MWh,FR,FR,day_ahead_price,value,2026-06-05T07:47:19Z
2026-06-05T07:46:33Z,2026-06-05T09:46:33+0200,a4488497-2a44-4b02-8cf3-b5300ead3675,2026-06-03T00:00:00Z,2026-06-03T02:00:00+0200,24.8,EUR/MWh,FR,FR,day_ahead_price,value,2026-06-05T07:47:19Z
2026-06-05T07:46:33Z,2026-06-05T09:46:33+0200,a4488497-2a44-4b02-8cf3-b5300ead3675,2026-06-03T00:15:00Z,2026-06-03T02:15:00+0200,14.93,EUR/MWh,FR,FR,day_ahead_price,value,2026-06-05T07:47:19Z
2026-06-05T07:46:33Z,2026-06-05T09:46:33+0200,a4488497-2a44-4b02-8cf3-b5300ead3675,2026-06-03T00:30:00Z,2026-06-03T02:30:00+0200,29.04,EUR/MWh,FR,FR,day_ahead_price,value,2026-06-05T07:47:19Z
2026-06-05T07:46:33Z,2026-06-05T09:46:33+0200,a4488497-2a44-4b02-8cf3-b5300ead3675,2026-06-03T00:45:00Z,2026-06-03T02:45:00+0200,14.0,EUR/MWh,FR,FR,day_ahead_price,value,2026-06-05T07:47:19Z
2026-06-05T07:46:33Z,2026-06-05T09:46:33+0200,a4488497-2a44-4b02-8cf3-b5300ead3675,2026-06-03T01:00:00Z,2026-06-03T03:00:00+0200,14.52,EUR/MWh,FR,FR,day_ahead_price,value,2026-06-05T07:47:19Z
2026-06-05T07:46:33Z,2026-06-05T09:46:33+0200,a4488497-2a44-4b02-8cf3-b5300ead3675,2026-06-03T01:15:00Z,2026-06-03T03:15:00+0200,5.79,EUR/MWh,FR,FR,day_ahead_price,value,2026-06-05T07:47:19Z
2026-06-05T07:46:33Z,2026-06-05T09:46:33+0200,a4488497-2a44-4b02-8cf3-b5300ead3675,2026-06-03T01:30:00Z,2026-06-03T03:30:00+0200,5.53,EUR/MWh,FR,FR,day_ahead_price,value,2026-06-05T07:47:19Z
2026-06-05T07:46:33Z,2026-06-05T09:46:33+0200,a4488497-2a44-4b02-8cf3-b5300ead3675,2026-06-03T01:45:00Z,2026-06-03T03:45:00+0200,0.04,EUR/MWh,FR,FR,day_ahead_price,value,2026-06-05T07:47:19Z
2026-06-05T07:46:33Z,2026-06-05T09:46:33+0200,a4488497-2a44-4b02-8cf3-b5300ead3675,2026-06-03T02:00:00Z,2026-06-03T04:00:00+0200,0.0,EUR/MWh,FR,FR,day_ahead_price,value,2026-06-05T07:47:19Z
2026-06-05T07:46:33Z,2026-06-05T09:46:33+0200,a4488497-2a44-4b02-8cf3-b5300ead3675,2026-06-03T02:15:00Z,2026-06-03T04:15:00+0200,0.0,EUR/MWh,FR,FR,day_ahead_price,value,2026-06-05T07:47:19Z
2026-06-05T07:46:33Z,2026-06-05T09:46:33+0200,a4488497-2a44-4b02-8cf3-b5300ead3675,2026-06-03T02:30:00Z,2026-06-03T04:30:00+0200,0.04,EUR/MWh,FR,FR,day_ahead_price,value,2026-06-05T07:47:19Z
2026-06-05T07:46:33Z,2026-06-05T09:46:33+0200,a4488497-2a44-4b02-8cf3-b5300ead3675,2026-06-03T02:45:00Z,2026-06-03T04:45:00+0200,11.47,EUR/MWh,FR,FR,day_ahead_price,value,2026-06-05T07:47:19Z
2026-06-05T07:46:33Z,2026-06-05T09:46:33+0200,a4488497-2a44-4b02-8cf3-b5300ead3675,2026-06-03T03:00:00Z,2026-06-03T05:00:00+0200,15.87,EUR/MWh,FR,FR,day_ahead_price,value,2026-06-05T07:47:19Z
2026-06-05T07:46:33Z,2026-06-05T09:46:33+0200,a4488497-2a44-4b02-8cf3-b5300ead3675,2026-06-03T03:15:00Z,2026-06-03T05:15:00+0200,33.92,EUR/MWh,FR,FR,day_ahead_price,value,2026-06-05T07:47:19Z
2026-06-05T07:46:33Z,2026-06-05T09:46:33+0200,a4488497-2a44-4b02-8cf3-b5300ead3675,2026-06-03T03:30:00Z,2026-06-03T05:30:00+0200,10.08,EUR/MWh,FR,FR,day_ahead_price,value,2026-06-05T07:47:19Z
2026-06-05T07:46:33Z,2026-06-05T09:46:33+0200,a4488497-2a44-4b02-8cf3-b5300ead3675,2026-06-03T03:45:00Z,2026-06-03T05:45:00+0200,5.26,EUR/MWh,FR,FR,day_ahead_price,value,2026-06-05T07:47:19Z
2026-06-05T07:46:33Z,2026-06-05T09:46:33+0200,a4488497-2a44-4b02-8cf3-b5300ead3675,2026-06-03T04:00:00Z,2026-06-03T06:00:00+0200,22.02,EUR/MWh,FR,FR,day_ahead_price,value,2026-06-05T07:47:19Z
2026-06-05T07:46:33Z,2026-06-05T09:46:33+0200,a4488497-2a44-4b02-8cf3-b5300ead3675,2026-06-03T04:15:00Z,2026-06-03T06:15:00+0200,18.63,EUR/MWh,FR,FR,day_ahead_price,value,2026-06-05T07:47:19Z
2026-06-05T07:46:33Z,2026-06-05T09:46:33+0200,a4488497-2a44-4b02-8cf3-b5300ead3675,2026-06-03T04:30:00Z,2026-06-03T06:30:00+0200,21.87,EUR/MWh,FR,FR,day_ahead_price,value,2026-06-05T07:47:19Z
2026-06-05T07:46:33Z,2026-06-05T09:46:33+0200,a4488497-2a44-4b02-8cf3-b5300ead3675,2026-06-03T04:45:00Z,2026-06-03T06:45:00+0200,6.2,EUR/MWh,FR,FR,day_ahead_price,value,2026-06-05T07:47:19Z
2026-06-05T07:46:33Z,2026-06-05T09:46:33+0200,a4488497-2a44-4b02-8cf3-b5300ead3675,2026-06-03T05:00:00Z,2026-06-03T07:00:00+0200,22.6,EUR/MWh,FR,FR,day_ahead_price,value,2026-06-05T07:47:19Z
2026-06-05T07:46:33Z,2026-06-05T09:46:33+0200,a4488497-2a44-4b02-8cf3-b5300ead3675,2026-06-03T05:15:00Z,2026-06-03T07:15:00+0200,28.28,EUR/MWh,FR,FR,day_ahead_price,value,2026-06-05T07:47:19Z
2026-06-05T07:46:33Z,2026-06-05T09:46:33+0200,a4488497-2a44-4b02-8cf3-b5300ead3675,2026-06-03T05:30:00Z,2026-06-03T07:30:00+0200,16.62,EUR/MWh,FR,FR,day_ahead_price,value,2026-06-05T07:47:19Z
2026-06-05T07:46:33Z,2026-06-05T09:46:33+0200,a4488497-2a44-4b02-8cf3-b5300ead3675,2026-06-03T05:45:00Z,2026-06-03T07:45:00+0200,26.19,EUR/MWh,FR,FR,day_ahead_price,value,2026-06-05T07:47:19Z
2026-06-05T07:46:33Z,2026-06-05T09:46:33+0200,a4488497-2a44-4b02-8cf3-b5300ead3675,2026-06-03T06:00:00Z,2026-06-03T08:00:00+0200,28.11,EUR/MWh,FR,FR,day_ahead_price,value,2026-06-05T07:47:19Z
2026-06-05T07:46:33Z,2026-06-05T09:46:33+0200,a4488497-2a44-4b02-8cf3-b5300ead3675,2026-06-03T06:15:00Z,2026-06-03T08:15:00+0200,11.89,EUR/MWh,FR,FR,day_ahead_price,value,2026-06-05T07:47:19Z
2026-06-05T07:46:33Z,2026-06-05T09:46:33+0200,a4488497-2a44-4b02-8cf3-b5300ead3675,2026-06-03T06:30:00Z,2026-06-03T08:30:00+0200,26.54,EUR/MWh,FR,FR,day_ahead_price,value,2026-06-05T07:47:19Z
2026-06-05T07:46:33Z,2026-06-05T09:46:33+0200,a4488497-2a44-4b02-8cf3-b5300ead3675,2026-06-03T06:45:00Z,2026-06-03T08:45:00+0200,1.32,EUR/MWh,FR,FR,day_ahead_price,value,2026-06-05T07:47:19Z
2026-06-05T07:46:33Z,2026-06-05T09:46:33+0200,a4488497-2a44-4b02-8cf3-b5300ead3675,2026-06-03T07:00:00Z,2026-06-03T09:00:00+0200,2.09,EUR/MWh,FR,FR,day_ahead_price,value,2026-06-05T07:47:19Z
2026-06-05T07:46:33Z,2026-06-05T09:46:33+0200,a4488497-2a44-4b02-8cf3-b5300ead3675,2026-06-03T07:15:00Z,2026-06-03T09:15:00+0200,0.0,EUR/MWh,FR,FR,day_ahead_price,value,2026-06-05T07:47:19Z
2026-06-05T07:46:33Z,2026-06-05T09:46:33+0200,a4488497-2a44-4b02-8cf3-b5300ead3675,2026-06-03T07:30:00Z,2026-06-03T09:30:00+0200,0.0,EUR/MWh,FR,FR,day_ahead_price,value,2026-06-05T07:47:19Z
2026-06-05T07:46:33Z,2026-06-05T09:46:33+0200,a4488497-2a44-4b02-8cf3-b5300ead3675,2026-06-03T07:45:00Z,2026-06-03T09:45:00+0200,0.0,EUR/MWh,FR,FR,day_ahead_price,value,2026-06-05T07:47:19Z
2026-06-05T07:46:33Z,2026-06-05T09:46:33+0200,a4488497-2a44-4b02-8cf3-b5300ead3675,2026-06-03T08:00:00Z,2026-06-03T10:00:00+0200,0.0,EUR/MWh,FR,FR,day_ahead_price,value,2026-06-05T07:47:19Z
2026-06-05T07:46:33Z,2026-06-05T09:46:33+0200,a4488497-2a44-4b02-8cf3-b5300ead3675,2026-06-03T08:15:00Z,2026-06-03T10:15:00+0200,0.0,EUR/MWh,FR,FR,day_ahead_price,value,2026-06-05T07:47:19Z
2026-06-05T07:46:33Z,2026-06-05T09:46:33+0200,a4488497-2a44-4b02-8cf3-b5300ead3675,2026-06-03T08:30:00Z,2026-06-03T10:30:00+0200,-0.01,EUR/MWh,FR,FR,day_ahead_price,value,2026-06-05T07:47:19Z
2026-06-05T07:46:33Z,2026-06-05T09:46:33+0200,a4488497-2a44-4b02-8cf3-b5300ead3675,2026-06-03T08:45:00Z,2026-06-03T10:45:00+0200,-0.01,EUR/MWh,FR,FR,day_ahead_price,value,2026-06-05T07:47:19Z
2026-06-05T07:46:33Z,2026-06-05T09:46:33+0200,a4488497-2a44-4b02-8cf3-b5300ead3675,2026-06-03T09:00:00Z,2026-06-03T11:00:00+0200,-0.01,EUR/MWh,FR,FR,day_ahead_price,value,2026-06-05T07:47:19Z
2026-06-05T07:46:33Z,2026-06-05T09:46:33+0200,a4488497-2a44-4b02-8cf3-b5300ead3675,2026-06-03T09:15:00Z,2026-06-03T11:15:00+0200,-0.01,EUR/MWh,FR,FR,day_ahead_price,value,2026-06-05T07:47:19Z
2026-06-05T07:46:33Z,2026-06-05T09:46:33+0200,a4488497-2a44-4b02-8cf3-b5300ead3675,2026-06-03T09:30:00Z,2026-06-03T11:30:00+0200,-0.01,EUR/MWh,FR,FR,day_ahead_price,value,2026-06-05T07:47:19Z
2026-06-05T07:46:33Z,2026-06-05T09:46:33+0200,a4488497-2a44-4b02-8cf3-b5300ead3675,2026-06-03T09:45:00Z,2026-06-03T11:45:00+0200,-0.01,EUR/MWh,FR,FR,day_ahead_price,value,2026-06-05T07:47:19Z
2026-06-05T07:46:33Z,2026-06-05T09:46:33+0200,a4488497-2a44-4b02-8cf3-b5300ead3675,2026-06-03T10:00:00Z,2026-06-03T12:00:00+0200,-0.01,EUR/MWh,FR,FR,day_ahead_price,value,2026-06-05T07:47:19Z
2026-06-05T07:46:33Z,2026-06-05T09:46:33+0200,a4488497-2a44-4b02-8cf3-b5300ead3675,2026-06-03T10:15:00Z,2026-06-03T12:15:00+0200,-0.01,EUR/MWh,FR,FR,day_ahead_price,value,2026-06-05T07:47:19Z
2026-06-05T07:46:33Z,2026-06-05T09:46:33+0200,a4488497-2a44-4b02-8cf3-b5300ead3675,2026-06-03T10:30:00Z,2026-06-03T12:30:00+0200,-0.01,EUR/MWh,FR,FR,day_ahead_price,value,2026-06-05T07:47:19Z
2026-06-05T07:46:33Z,2026-06-05T09:46:33+0200,a4488497-2a44-4b02-8cf3-b5300ead3675,2026-06-03T10:45:00Z,2026-06-03T12:45:00+0200,-0.01,EUR/MWh,FR,FR,day_ahead_price,value,2026-06-05T07:47:19Z
2026-06-05T07:46:33Z,2026-06-05T09:46:33+0200,a4488497-2a44-4b02-8cf3-b5300ead3675,2026-06-03T11:00:00Z,2026-06-03T13:00:00+0200,-0.01,EUR/MWh,FR,FR,day_ahead_price,value,2026-06-05T07:47:19Z
2026-06-05T07:46:33Z,2026-06-05T09:46:33+0200,a4488497-2a44-4b02-8cf3-b5300ead3675,2026-06-03T11:15:00Z,2026-06-03T13:15:00+0200,-0.01,EUR/MWh,FR,FR,day_ahead_price,value,2026-06-05T07:47:19Z
2026-06-05T07:46:33Z,2026-06-05T09:46:33+0200,a4488497-2a44-4b02-8cf3-b5300ead3675,2026-06-03T11:30:00Z,2026-06-03T13:30:00+0200,-0.05,EUR/MWh,FR,FR,day_ahead_price,value,2026-06-05T07:47:19Z
2026-06-05T07:46:33Z,2026-06-05T09:46:33+0200,a4488497-2a44-4b02-8cf3-b5300ead3675,2026-06-03T11:45:00Z,2026-06-03T13:45:00+0200,-0.05,EUR/MWh,FR,FR,day_ahead_price,value,2026-06-05T07:47:19Z
2026-06-05T07:46:33Z,2026-06-05T09:46:33+0200,a4488497-2a44-4b02-8cf3-b5300ead3675,2026-06-03T12:00:00Z,2026-06-03T14:00:00+0200,-0.01,EUR/MWh,FR,FR,day_ahead_price,value,2026-06-05T07:47:19Z
2026-06-05T07:46:33Z,2026-06-05T09:46:33+0200,a4488497-2a44-4b02-8cf3-b5300ead3675,2026-06-03T12:15:00Z,2026-06-03T14:15:00+0200,-0.01,EUR/MWh,FR,FR,day_ahead_price,value,2026-06-05T07:47:19Z
2026-06-05T07:46:33Z,2026-06-05T09:46:33+0200,a4488497-2a44-4b02-8cf3-b5300ead3675,2026-06-03T12:30:00Z,2026-06-03T14:30:00+0200,-0.01,EUR/MWh,FR,FR,day_ahead_price,value,2026-06-05T07:47:19Z
2026-06-05T07:46:33Z,2026-06-05T09:46:33+0200,a4488497-2a44-4b02-8cf3-b5300ead3675,2026-06-03T12:45:00Z,2026-06-03T14:45:00+0200,-0.01,EUR/MWh,FR,FR,day_ahead_price,value,2026-06-05T07:47:19Z
2026-06-05T07:46:33Z,2026-06-05T09:46:33+0200,a4488497-2a44-4b02-8cf3-b5300ead3675,2026-06-03T13:00:00Z,2026-06-03T15:00:00+0200,-0.09,EUR/MWh,FR,FR,day_ahead_price,value,2026-06-05T07:47:19Z
2026-06-05T07:46:33Z,2026-06-05T09:46:33+0200,a4488497-2a44-4b02-8cf3-b5300ead3675,2026-06-03T13:15:00Z,2026-06-03T15:15:00+0200,-0.09,EUR/MWh,FR,FR,day_ahead_price,value,2026-06-05T07:47:19Z
2026-06-05T07:46:33Z,2026-06-05T09:46:33+0200,a4488497-2a44-4b02-8cf3-b5300ead3675,2026-06-03T13:30:00Z,2026-06-03T15:30:00+0200,-0.11,EUR/MWh,FR,FR,day_ahead_price,value,2026-06-05T07:47:19Z
2026-06-05T07:46:33Z,2026-06-05T09:46:33+0200,a4488497-2a44-4b02-8cf3-b5300ead3675,2026-06-03T13:45:00Z,2026-06-03T15:45:00+0200,-0.11,EUR/MWh,FR,FR,day_ahead_price,value,2026-06-05T07:47:19Z
2026-06-05T07:46:33Z,2026-06-05T09:46:33+0200,a4488497-2a44-4b02-8cf3-b5300ead3675,2026-06-03T14:00:00Z,2026-06-03T16:00:00+0200,-0.11,EUR/MWh,FR,FR,day_ahead_price,value,2026-06-05T07:47:19Z
2026-06-05T07:46:33Z,2026-06-05T09:46:33+0200,a4488497-2a44-4b02-8cf3-b5300ead3675,2026-06-03T14:15:00Z,2026-06-03T16:15:00+0200,-0.11,EUR/MWh,FR,FR,day_ahead_price,value,2026-06-05T07:47:19Z
2026-06-05T07:46:33Z,2026-06-05T09:46:33+0200,a4488497-2a44-4b02-8cf3-b5300ead3675,2026-06-03T14:30:00Z,2026-06-03T16:30:00+0200,-0.1,EUR/MWh,FR,FR,day_ahead_price,value,2026-06-05T07:47:19Z
2026-06-05T07:46:33Z,2026-06-05T09:46:33+0200,a4488497-2a44-4b02-8cf3-b5300ead3675,2026-06-03T14:45:00Z,2026-06-03T16:45:00+0200,-0.08,EUR/MWh,FR,FR,day_ahead_price,value,2026-06-05T07:47:19Z
2026-06-05T07:46:33Z,2026-06-05T09:46:33+0200,a4488497-2a44-4b02-8cf3-b5300ead3675,2026-06-03T15:00:00Z,2026-06-03T17:00:00+0200,-0.01,EUR/MWh,FR,FR,day_ahead_price,value,2026-06-05T07:47:19Z
2026-06-05T07:46:33Z,2026-06-05T09:46:33+0200,a4488497-2a44-4b02-8cf3-b5300ead3675,2026-06-03T15:15:00Z,2026-06-03T17:15:00+0200,-0.01,EUR/MWh,FR,FR,day_ahead_price,value,2026-06-05T07:47:19Z
2026-06-05T07:46:33Z,2026-06-05T09:46:33+0200,a4488497-2a44-4b02-8cf3-b5300ead3675,2026-06-03T15:30:00Z,2026-06-03T17:30:00+0200,-0.01,EUR/MWh,FR,FR,day_ahead_price,value,2026-06-05T07:47:19Z
2026-06-05T07:46:33Z,2026-06-05T09:46:33+0200,a4488497-2a44-4b02-8cf3-b5300ead3675,2026-06-03T15:45:00Z,2026-06-03T17:45:00+0200,0.0,EUR/MWh,FR,FR,day_ahead_price,value,2026-06-05T07:47:19Z
2026-06-05T07:46:33Z,2026-06-05T09:46:33+0200,a4488497-2a44-4b02-8cf3-b5300ead3675,2026-06-03T16:00:00Z,2026-06-03T18:00:00+0200,0.0,EUR/MWh,FR,FR,day_ahead_price,value,2026-06-05T07:47:19Z
2026-06-05T07:46:33Z,2026-06-05T09:46:33+0200,a4488497-2a44-4b02-8cf3-b5300ead3675,2026-06-03T16:15:00Z,2026-06-03T18:15:00+0200,0.51,EUR/MWh,FR,FR,day_ahead_price,value,2026-06-05T07:47:19Z
2026-06-05T07:46:33Z,2026-06-05T09:46:33+0200,a4488497-2a44-4b02-8cf3-b5300ead3675,2026-06-03T16:30:00Z,2026-06-03T18:30:00+0200,1.01,EUR/MWh,FR,FR,day_ahead_price,value,2026-06-05T07:47:19Z
2026-06-05T07:46:33Z,2026-06-05T09:46:33+0200,a4488497-2a44-4b02-8cf3-b5300ead3675,2026-06-03T16:45:00Z,2026-06-03T18:45:00+0200,3.08,EUR/MWh,FR,FR,day_ahead_price,value,2026-06-05T07:47:19Z
2026-06-05T07:46:33Z,2026-06-05T09:46:33+0200,a4488497-2a44-4b02-8cf3-b5300ead3675,2026-06-03T17:00:00Z,2026-06-03T19:00:00+0200,9.94,EUR/MWh,FR,FR,day_ahead_price,value,2026-06-05T07:47:19Z
2026-06-05T07:46:33Z,2026-06-05T09:46:33+0200,a4488497-2a44-4b02-8cf3-b5300ead3675,2026-06-03T17:15:00Z,2026-06-03T19:15:00+0200,29.38,EUR/MWh,FR,FR,day_ahead_price,value,2026-06-05T07:47:19Z
2026-06-05T07:46:33Z,2026-06-05T09:46:33+0200,a4488497-2a44-4b02-8cf3-b5300ead3675,2026-06-03T17:30:00Z,2026-06-03T19:30:00+0200,25.25,EUR/MWh,FR,FR,day_ahead_price,value,2026-06-05T07:47:19Z
2026-06-05T07:46:33Z,2026-06-05T09:46:33+0200,a4488497-2a44-4b02-8cf3-b5300ead3675,2026-06-03T17:45:00Z,2026-06-03T19:45:00+0200,33.45,EUR/MWh,FR,FR,day_ahead_price,value,2026-06-05T07:47:19Z
2026-06-05T07:46:33Z,2026-06-05T09:46:33+0200,a4488497-2a44-4b02-8cf3-b5300ead3675,2026-06-03T18:00:00Z,2026-06-03T20:00:00+0200,13.99,EUR/MWh,FR,FR,day_ahead_price,value,2026-06-05T07:47:19Z
2026-06-05T07:46:33Z,2026-06-05T09:46:33+0200,a4488497-2a44-4b02-8cf3-b5300ead3675,2026-06-03T18:15:00Z,2026-06-03T20:15:00+0200,27.63,EUR/MWh,FR,FR,day_ahead_price,value,2026-06-05T07:47:19Z
2026-06-05T07:46:33Z,2026-06-05T09:46:33+0200,a4488497-2a44-4b02-8cf3-b5300ead3675,2026-06-03T18:30:00Z,2026-06-03T20:30:00+0200,25.7,EUR/MWh,FR,FR,day_ahead_price,value,2026-06-05T07:47:19Z
2026-06-05T07:46:33Z,2026-06-05T09:46:33+0200,a4488497-2a44-4b02-8cf3-b5300ead3675,2026-06-03T18:45:00Z,2026-06-03T20:45:00+0200,8.93,EUR/MWh,FR,FR,day_ahead_price,value,2026-06-05T07:47:19Z
2026-06-05T07:46:33Z,2026-06-05T09:46:33+0200,a4488497-2a44-4b02-8cf3-b5300ead3675,2026-06-03T19:00:00Z,2026-06-03T21:00:00+0200,11.21,EUR/MWh,FR,FR,day_ahead_price,value,2026-06-05T07:47:19Z
2026-06-05T07:46:33Z,2026-06-05T09:46:33+0200,a4488497-2a44-4b02-8cf3-b5300ead3675,2026-06-03T19:15:00Z,2026-06-03T21:15:00+0200,4.8,EUR/MWh,FR,FR,day_ahead_price,value,2026-06-05T07:47:19Z
2026-06-05T07:46:33Z,2026-06-05T09:46:33+0200,a4488497-2a44-4b02-8cf3-b5300ead3675,2026-06-03T19:30:00Z,2026-06-03T21:30:00+0200,16.57,EUR/MWh,FR,FR,day_ahead_price,value,2026-06-05T07:47:19Z
2026-06-05T07:46:33Z,2026-06-05T09:46:33+0200,a4488497-2a44-4b02-8cf3-b5300ead3675,2026-06-03T19:45:00Z,2026-06-03T21:45:00+0200,10.07,EUR/MWh,FR,FR,day_ahead_price,value,2026-06-05T07:47:19Z
2026-06-05T07:46:33Z,2026-06-05T09:46:33+0200,a4488497-2a44-4b02-8cf3-b5300ead3675,2026-06-03T20:00:00Z,2026-06-03T22:00:00+0200,16.12,EUR/MWh,FR,FR,day_ahead_price,value,2026-06-05T07:47:19Z
2026-06-05T07:46:33Z,2026-06-05T09:46:33+0200,a4488497-2a44-4b02-8cf3-b5300ead3675,2026-06-03T20:15:00Z,2026-06-03T22:15:00+0200,6.96,EUR/MWh,FR,FR,day_ahead_price,value,2026-06-05T07:47:19Z
2026-06-05T07:46:33Z,2026-06-05T09:46:33+0200,a4488497-2a44-4b02-8cf3-b5300ead3675,2026-06-03T20:30:00Z,2026-06-03T22:30:00+0200,48.45,EUR/MWh,FR,FR,day_ahead_price,value,2026-06-05T07:47:19Z
2026-06-05T07:46:33Z,2026-06-05T09:46:33+0200,a4488497-2a44-4b02-8cf3-b5300ead3675,2026-06-03T20:45:00Z,2026-06-03T22:45:00+0200,15.31,EUR/MWh,FR,FR,day_ahead_price,value,2026-06-05T07:47:19Z
2026-06-05T07:46:33Z,2026-06-05T09:46:33+0200,a4488497-2a44-4b02-8cf3-b5300ead3675,2026-06-03T21:00:00Z,2026-06-03T23:00:00+0200,20.57,EUR/MWh,FR,FR,day_ahead_price,value,2026-06-05T07:47:19Z
2026-06-05T07:46:33Z,2026-06-05T09:46:33+0200,a4488497-2a44-4b02-8cf3-b5300ead3675,2026-06-03T21:15:00Z,2026-06-03T23:15:00+0200,0.0,EUR/MWh,FR,FR,day_ahead_price,value,2026-06-05T07:47:19Z
2026-06-05T07:46:33Z,2026-06-05T09:46:33+0200,a4488497-2a44-4b02-8cf3-b5300ead3675,2026-06-03T21:30:00Z,2026-06-03T23:30:00+0200,24.67,EUR/MWh,FR,FR,day_ahead_price,value,2026-06-05T07:47:19Z
2026-06-05T07:46:33Z,2026-06-05T09:46:33+0200,a4488497-2a44-4b02-8cf3-b5300ead3675,2026-06-03T21:45:00Z,2026-06-03T23:45:00+0200,0.09,EUR/MWh,FR,FR,day_ahead_price,value,2026-06-05T07:47:19Z
2026-06-05T07:46:33Z,2026-06-05T09:46:33+0200,a4488497-2a44-4b02-8cf3-b5300ead3675,2026-06-03T22:00:00Z,2026-06-04T00:00:00+0200,18.26,EUR/MWh,FR,FR,day_ahead_price,value,2026-06-05T07:47:19Z
2026-06-05T07:46:33Z,2026-06-05T09:46:33+0200,a4488497-2a44-4b02-8cf3-b5300ead3675,2026-06-03T22:15:00Z,2026-06-04T00:15:00+0200,11.0,EUR/MWh,FR,FR,day_ahead_price,value,2026-06-05T07:47:19Z
2026-06-05T07:46:33Z,2026-06-05T09:46:33+0200,a4488497-2a44-4b02-8cf3-b5300ead3675,2026-06-03T22:30:00Z,2026-06-04T00:30:00+0200,4.31,EUR/MWh,FR,FR,day_ahead_price,value,2026-06-05T07:47:19Z
2026-06-05T07:46:33Z,2026-06-05T09:46:33+0200,a4488497-2a44-4b02-8cf3-b5300ead3675,2026-06-03T22:45:00Z,2026-06-04T00:45:00+0200,0.0,EUR/MWh,FR,FR,day_ahead_price,value,2026-06-05T07:47:19Z
2026-06-05T07:46:33Z,2026-06-05T09:46:33+0200,a4488497-2a44-4b02-8cf3-b5300ead3675,2026-06-03T23:00:00Z,2026-06-04T01:00:00+0200,9.03,EUR/MWh,FR,FR,day_ahead_price,value,2026-06-05T07:47:19Z
2026-06-05T07:46:33Z,2026-06-05T09:46:33+0200,a4488497-2a44-4b02-8cf3-b5300ead3675,2026-06-03T23:15:00Z,2026-06-04T01:15:00+0200,2.47,EUR/MWh,FR,FR,day_ahead_price,value,2026-06-05T07:47:19Z
2026-06-05T07:46:33Z,2026-06-05T09:46:33+0200,a4488497-2a44-4b02-8cf3-b5300ead3675,2026-06-03T23:30:00Z,2026-06-04T01:30:00+0200,7.71,EUR/MWh,FR,FR,day_ahead_price,value,2026-06-05T07:47:19Z
2026-06-05T07:46:33Z,2026-06-05T09:46:33+0200,a4488497-2a44-4b02-8cf3-b5300ead3675,2026-06-03T23:45:00Z,2026-06-04T01:45:00+0200,11.6,EUR/MWh,FR,FR,day_ahead_price,value,2026-06-05T07:47:19Z
2026-06-05T07:46:33Z,2026-06-05T09:46:33+0200,a4488497-2a44-4b02-8cf3-b5300ead3675,2026-06-04T00:00:00Z,2026-06-04T02:00:00+0200,4.47,EUR/MWh,FR,FR,day_ahead_price,value,2026-06-05T07:47:19Z
2026-06-05T07:46:33Z,2026-06-05T09:46:33+0200,a4488497-2a44-4b02-8cf3-b5300ead3675,2026-06-04T00:15:00Z,2026-06-04T02:15:00+0200,0.61,EUR/MWh,FR,FR,day_ahead_price,value,2026-06-05T07:47:19Z
2026-06-05T07:46:33Z,2026-06-05T09:46:33+0200,a4488497-2a44-4b02-8cf3-b5300ead3675,2026-06-04T00:30:00Z,2026-06-04T02:30:00+0200,9.07,EUR/MWh,FR,FR,day_ahead_price,value,2026-06-05T07:47:19Z
2026-06-05T07:46:33Z,2026-06-05T09:46:33+0200,a4488497-2a44-4b02-8cf3-b5300ead3675,2026-06-04T00:45:00Z,2026-06-04T02:45:00+0200,0.99,EUR/MWh,FR,FR,day_ahead_price,value,2026-06-05T07:47:19Z
2026-06-05T07:46:33Z,2026-06-05T09:46:33+0200,a4488497-2a44-4b02-8cf3-b5300ead3675,2026-06-04T01:00:00Z,2026-06-04T03:00:00+0200,0.0,EUR/MWh,FR,FR,day_ahead_price,value,2026-06-05T07:47:19Z
2026-06-05T07:46:33Z,2026-06-05T09:46:33+0200,a4488497-2a44-4b02-8cf3-b5300ead3675,2026-06-04T01:15:00Z,2026-06-04T03:15:00+0200,0.0,EUR/MWh,FR,FR,day_ahead_price,value,2026-06-05T07:47:19Z
2026-06-05T07:46:33Z,2026-06-05T09:46:33+0200,a4488497-2a44-4b02-8cf3-b5300ead3675,2026-06-04T01:30:00Z,2026-06-04T03:30:00+0200,0.0,EUR/MWh,FR,FR,day_ahead_price,value,2026-06-05T07:47:19Z
2026-06-05T07:46:33Z,2026-06-05T09:46:33+0200,a4488497-2a44-4b02-8cf3-b5300ead3675,2026-06-04T01:45:00Z,2026-06-04T03:45:00+0200,0.0,EUR/MWh,FR,FR,day_ahead_price,value,2026-06-05T07:47:19Z
2026-06-05T07:46:33Z,2026-06-05T09:46:33+0200,a4488497-2a44-4b02-8cf3-b5300ead3675,2026-06-04T02:00:00Z,2026-06-04T04:00:00+0200,0.0,EUR/MWh,FR,FR,day_ahead_price,value,2026-06-05T07:47:19Z
2026-06-05T07:46:33Z,2026-06-05T09:46:33+0200,a4488497-2a44-4b02-8cf3-b5300ead3675,2026-06-04T02:15:00Z,2026-06-04T04:15:00+0200,0.0,EUR/MWh,FR,FR,day_ahead_price,value,2026-06-05T07:47:19Z
2026-06-05T07:46:33Z,2026-06-05T09:46:33+0200,a4488497-2a44-4b02-8cf3-b5300ead3675,2026-06-04T02:30:00Z,2026-06-04T04:30:00+0200,0.0,EUR/MWh,FR,FR,day_ahead_price,value,2026-06-05T07:47:19Z
2026-06-05T07:46:33Z,2026-06-05T09:46:33+0200,a4488497-2a44-4b02-8cf3-b5300ead3675,2026-06-04T02:45:00Z,2026-06-04T04:45:00+0200,0.0,EUR/MWh,FR,FR,day_ahead_price,value,2026-06-05T07:47:19Z
2026-06-05T07:46:33Z,2026-06-05T09:46:33+0200,a4488497-2a44-4b02-8cf3-b5300ead3675,2026-06-04T03:00:00Z,2026-06-04T05:00:00+0200,0.0,EUR/MWh,FR,FR,day_ahead_price,value,2026-06-05T07:47:19Z
2026-06-05T07:46:33Z,2026-06-05T09:46:33+0200,a4488497-2a44-4b02-8cf3-b5300ead3675,2026-06-04T03:15:00Z,2026-06-04T05:15:00+0200,0.0,EUR/MWh,FR,FR,day_ahead_price,value,2026-06-05T07:47:19Z
2026-06-05T07:46:33Z,2026-06-05T09:46:33+0200,a4488497-2a44-4b02-8cf3-b5300ead3675,2026-06-04T03:30:00Z,2026-06-04T05:30:00+0200,0.01,EUR/MWh,FR,FR,day_ahead_price,value,2026-06-05T07:47:19Z
2026-06-05T07:46:33Z,2026-06-05T09:46:33+0200,a4488497-2a44-4b02-8cf3-b5300ead3675,2026-06-04T03:45:00Z,2026-06-04T05:45:00+0200,0.76,EUR/MWh,FR,FR,day_ahead_price,value,2026-06-05T07:47:19Z
2026-06-05T07:46:33Z,2026-06-05T09:46:33+0200,a4488497-2a44-4b02-8cf3-b5300ead3675,2026-06-04T04:00:00Z,2026-06-04T06:00:00+0200,9.29,EUR/MWh,FR,FR,day_ahead_price,value,2026-06-05T07:47:19Z
2026-06-05T07:46:33Z,2026-06-05T09:46:33+0200,a4488497-2a44-4b02-8cf3-b5300ead3675,2026-06-04T04:15:00Z,2026-06-04T06:15:00+0200,0.07,EUR/MWh,FR,FR,day_ahead_price,value,2026-06-05T07:47:19Z
2026-06-05T07:46:33Z,2026-06-05T09:46:33+0200,a4488497-2a44-4b02-8cf3-b5300ead3675,2026-06-04T04:30:00Z,2026-06-04T06:30:00+0200,4.48,EUR/MWh,FR,FR,day_ahead_price,value,2026-06-05T07:47:19Z
2026-06-05T07:46:33Z,2026-06-05T09:46:33+0200,a4488497-2a44-4b02-8cf3-b5300ead3675,2026-06-04T04:45:00Z,2026-06-04T06:45:00+0200,15.41,EUR/MWh,FR,FR,day_ahead_price,value,2026-06-05T07:47:19Z
2026-06-05T07:46:33Z,2026-06-05T09:46:33+0200,a4488497-2a44-4b02-8cf3-b5300ead3675,2026-06-04T05:00:00Z,2026-06-04T07:00:00+0200,12.67,EUR/MWh,FR,FR,day_ahead_price,value,2026-06-05T07:47:19Z
2026-06-05T07:46:33Z,2026-06-05T09:46:33+0200,a4488497-2a44-4b02-8cf3-b5300ead3675,2026-06-04T05:15:00Z,2026-06-04T07:15:00+0200,10.85,EUR/MWh,FR,FR,day_ahead_price,value,2026-06-05T07:47:19Z
2026-06-05T07:46:33Z,2026-06-05T09:46:33+0200,a4488497-2a44-4b02-8cf3-b5300ead3675,2026-06-04T05:30:00Z,2026-06-04T07:30:00+0200,21.59,EUR/MWh,FR,FR,day_ahead_price,value,2026-06-05T07:47:19Z
2026-06-05T07:46:33Z,2026-06-05T09:46:33+0200,a4488497-2a44-4b02-8cf3-b5300ead3675,2026-06-04T05:45:00Z,2026-06-04T07:45:00+0200,13.9,EUR/MWh,FR,FR,day_ahead_price,value,2026-06-05T07:47:19Z
2026-06-05T07:46:33Z,2026-06-05T09:46:33+0200,a4488497-2a44-4b02-8cf3-b5300ead3675,2026-06-04T06:00:00Z,2026-06-04T08:00:00+0200,37.4,EUR/MWh,FR,FR,day_ahead_price,value,2026-06-05T07:47:19Z
2026-06-05T07:46:33Z,2026-06-05T09:46:33+0200,a4488497-2a44-4b02-8cf3-b5300ead3675,2026-06-04T06:15:00Z,2026-06-04T08:15:00+0200,25.8,EUR/MWh,FR,FR,day_ahead_price,value,2026-06-05T07:47:19Z
2026-06-05T07:46:33Z,2026-06-05T09:46:33+0200,a4488497-2a44-4b02-8cf3-b5300ead3675,2026-06-04T06:30:00Z,2026-06-04T08:30:00+0200,27.11,EUR/MWh,FR,FR,day_ahead_price,value,2026-06-05T07:47:19Z
2026-06-05T07:46:33Z,2026-06-05T09:46:33+0200,a4488497-2a44-4b02-8cf3-b5300ead3675,2026-06-04T06:45:00Z,2026-06-04T08:45:00+0200,33.74,EUR/MWh,FR,FR,day_ahead_price,value,2026-06-05T07:47:19Z
2026-06-05T07:46:33Z,2026-06-05T09:46:33+0200,a4488497-2a44-4b02-8cf3-b5300ead3675,2026-06-04T07:00:00Z,2026-06-04T09:00:00+0200,36.5,EUR/MWh,FR,FR,day_ahead_price,value,2026-06-05T07:47:19Z
2026-06-05T07:46:33Z,2026-06-05T09:46:33+0200,a4488497-2a44-4b02-8cf3-b5300ead3675,2026-06-04T07:15:00Z,2026-06-04T09:15:00+0200,15.86,EUR/MWh,FR,FR,day_ahead_price,value,2026-06-05T07:47:19Z
2026-06-05T07:46:33Z,2026-06-05T09:46:33+0200,a4488497-2a44-4b02-8cf3-b5300ead3675,2026-06-04T07:30:00Z,2026-06-04T09:30:00+0200,2.5,EUR/MWh,FR,FR,day_ahead_price,value,2026-06-05T07:47:19Z
2026-06-05T07:46:33Z,2026-06-05T09:46:33+0200,a4488497-2a44-4b02-8cf3-b5300ead3675,2026-06-04T07:45:00Z,2026-06-04T09:45:00+0200,0.51,EUR/MWh,FR,FR,day_ahead_price,value,2026-06-05T07:47:19Z
2026-06-05T07:46:33Z,2026-06-05T09:46:33+0200,a4488497-2a44-4b02-8cf3-b5300ead3675,2026-06-04T08:00:00Z,2026-06-04T10:00:00+0200,0.51,EUR/MWh,FR,FR,day_ahead_price,value,2026-06-05T07:47:19Z
2026-06-05T07:46:33Z,2026-06-05T09:46:33+0200,a4488497-2a44-4b02-8cf3-b5300ead3675,2026-06-04T08:15:00Z,2026-06-04T10:15:00+0200,0.0,EUR/MWh,FR,FR,day_ahead_price,value,2026-06-05T07:47:19Z
2026-06-05T07:46:33Z,2026-06-05T09:46:33+0200,a4488497-2a44-4b02-8cf3-b5300ead3675,2026-06-04T08:30:00Z,2026-06-04T10:30:00+0200,0.0,EUR/MWh,FR,FR,day_ahead_price,value,2026-06-05T07:47:19Z
2026-06-05T07:46:33Z,2026-06-05T09:46:33+0200,a4488497-2a44-4b02-8cf3-b5300ead3675,2026-06-04T08:45:00Z,2026-06-04T10:45:00+0200,0.0,EUR/MWh,FR,FR,day_ahead_price,value,2026-06-05T07:47:19Z
2026-06-05T07:46:33Z,2026-06-05T09:46:33+0200,a4488497-2a44-4b02-8cf3-b5300ead3675,2026-06-04T09:00:00Z,2026-06-04T11:00:00+0200,0.0,EUR/MWh,FR,FR,day_ahead_price,value,2026-06-05T07:47:19Z
2026-06-05T07:46:33Z,2026-06-05T09:46:33+0200,a4488497-2a44-4b02-8cf3-b5300ead3675,2026-06-04T09:15:00Z,2026-06-04T11:15:00+0200,0.0,EUR/MWh,FR,FR,day_ahead_price,value,2026-06-05T07:47:19Z
2026-06-05T07:46:33Z,2026-06-05T09:46:33+0200,a4488497-2a44-4b02-8cf3-b5300ead3675,2026-06-04T09:30:00Z,2026-06-04T11:30:00+0200,0.0,EUR/MWh,FR,FR,day_ahead_price,value,2026-06-05T07:47:19Z
2026-06-05T07:46:33Z,2026-06-05T09:46:33+0200,a4488497-2a44-4b02-8cf3-b5300ead3675,2026-06-04T09:45:00Z,2026-06-04T11:45:00+0200,-0.01,EUR/MWh,FR,FR,day_ahead_price,value,2026-06-05T07:47:19Z
2026-06-05T07:46:33Z,2026-06-05T09:46:33+0200,a4488497-2a44-4b02-8cf3-b5300ead3675,2026-06-04T10:00:00Z,2026-06-04T12:00:00+0200,0.0,EUR/MWh,FR,FR,day_ahead_price,value,2026-06-05T07:47:19Z
2026-06-05T07:46:33Z,2026-06-05T09:46:33+0200,a4488497-2a44-4b02-8cf3-b5300ead3675,2026-06-04T10:15:00Z,2026-06-04T12:15:00+0200,0.0,EUR/MWh,FR,FR,day_ahead_price,value,2026-06-05T07:47:19Z
2026-06-05T07:46:33Z,2026-06-05T09:46:33+0200,a4488497-2a44-4b02-8cf3-b5300ead3675,2026-06-04T10:30:00Z,2026-06-04T12:30:00+0200,0.0,EUR/MWh,FR,FR,day_ahead_price,value,2026-06-05T07:47:19Z
2026-06-05T07:46:33Z,2026-06-05T09:46:33+0200,a4488497-2a44-4b02-8cf3-b5300ead3675,2026-06-04T10:45:00Z,2026-06-04T12:45:00+0200,-0.01,EUR/MWh,FR,FR,day_ahead_price,value,2026-06-05T07:47:19Z
2026-06-05T07:46:33Z,2026-06-05T09:46:33+0200,a4488497-2a44-4b02-8cf3-b5300ead3675,2026-06-04T11:00:00Z,2026-06-04T13:00:00+0200,-0.01,EUR/MWh,FR,FR,day_ahead_price,value,2026-06-05T07:47:19Z
2026-06-05T07:46:33Z,2026-06-05T09:46:33+0200,a4488497-2a44-4b02-8cf3-b5300ead3675,2026-06-04T11:15:00Z,2026-06-04T13:15:00+0200,-0.01,EUR/MWh,FR,FR,day_ahead_price,value,2026-06-05T07:47:19Z
2026-06-05T07:46:33Z,2026-06-05T09:46:33+0200,a4488497-2a44-4b02-8cf3-b5300ead3675,2026-06-04T11:30:00Z,2026-06-04T13:30:00+0200,-0.01,EUR/MWh,FR,FR,day_ahead_price,value,2026-06-05T07:47:19Z
2026-06-05T07:46:33Z,2026-06-05T09:46:33+0200,a4488497-2a44-4b02-8cf3-b5300ead3675,2026-06-04T11:45:00Z,2026-06-04T13:45:00+0200,-0.01,EUR/MWh,FR,FR,day_ahead_price,value,2026-06-05T07:47:19Z
2026-06-05T07:46:33Z,2026-06-05T09:46:33+0200,a4488497-2a44-4b02-8cf3-b5300ead3675,2026-06-04T12:00:00Z,2026-06-04T14:00:00+0200,-0.01,EUR/MWh,FR,FR,day_ahead_price,value,2026-06-05T07:47:19Z
2026-06-05T07:46:33Z,2026-06-05T09:46:33+0200,a4488497-2a44-4b02-8cf3-b5300ead3675,2026-06-04T12:15:00Z,2026-06-04T14:15:00+0200,-0.01,EUR/MWh,FR,FR,day_ahead_price,value,2026-06-05T07:47:19Z
2026-06-05T07:46:33Z,2026-06-05T09:46:33+0200,a4488497-2a44-4b02-8cf3-b5300ead3675,2026-06-04T12:30:00Z,2026-06-04T14:30:00+0200,-0.01,EUR/MWh,FR,FR,day_ahead_price,value,2026-06-05T07:47:19Z
2026-06-05T07:46:33Z,2026-06-05T09:46:33+0200,a4488497-2a44-4b02-8cf3-b5300ead3675,2026-06-04T12:45:00Z,2026-06-04T14:45:00+0200,-0.01,EUR/MWh,FR,FR,day_ahead_price,value,2026-06-05T07:47:19Z
2026-06-05T07:46:33Z,2026-06-05T09:46:33+0200,a4488497-2a44-4b02-8cf3-b5300ead3675,2026-06-04T13:00:00Z,2026-06-04T15:00:00+0200,-0.01,EUR/MWh,FR,FR,day_ahead_price,value,2026-06-05T07:47:19Z
2026-06-05T07:46:33Z,2026-06-05T09:46:33+0200,a4488497-2a44-4b02-8cf3-b5300ead3675,2026-06-04T13:15:00Z,2026-06-04T15:15:00+0200,-0.01,EUR/MWh,FR,FR,day_ahead_price,value,2026-06-05T07:47:19Z
2026-06-05T07:46:33Z,2026-06-05T09:46:33+0200,a4488497-2a44-4b02-8cf3-b5300ead3675,2026-06-04T13:30:00Z,2026-06-04T15:30:00+0200,-0.01,EUR/MWh,FR,FR,day_ahead_price,value,2026-06-05T07:47:19Z
2026-06-05T07:46:33Z,2026-06-05T09:46:33+0200,a4488497-2a44-4b02-8cf3-b5300ead3675,2026-06-04T13:45:00Z,2026-06-04T15:45:00+0200,-0.01,EUR/MWh,FR,FR,day_ahead_price,value,2026-06-05T07:47:19Z
2026-06-05T07:46:33Z,2026-06-05T09:46:33+0200,a4488497-2a44-4b02-8cf3-b5300ead3675,2026-06-04T14:00:00Z,2026-06-04T16:00:00+0200,-0.01,EUR/MWh,FR,FR,day_ahead_price,value,2026-06-05T07:47:19Z
2026-06-05T07:46:33Z,2026-06-05T09:46:33+0200,a4488497-2a44-4b02-8cf3-b5300ead3675,2026-06-04T14:15:00Z,2026-06-04T16:15:00+0200,-0.01,EUR/MWh,FR,FR,day_ahead_price,value,2026-06-05T07:47:19Z
2026-06-05T07:46:33Z,2026-06-05T09:46:33+0200,a4488497-2a44-4b02-8cf3-b5300ead3675,2026-06-04T14:30:00Z,2026-06-04T16:30:00+0200,-0.02,EUR/MWh,FR,FR,day_ahead_price,value,2026-06-05T07:47:19Z
2026-06-05T07:46:33Z,2026-06-05T09:46:33+0200,a4488497-2a44-4b02-8cf3-b5300ead3675,2026-06-04T14:45:00Z,2026-06-04T16:45:00+0200,-0.02,EUR/MWh,FR,FR,day_ahead_price,value,2026-06-05T07:47:19Z
2026-06-05T07:46:33Z,2026-06-05T09:46:33+0200,a4488497-2a44-4b02-8cf3-b5300ead3675,2026-06-04T15:00:00Z,2026-06-04T17:00:00+0200,-0.01,EUR/MWh,FR,FR,day_ahead_price,value,2026-06-05T07:47:19Z
2026-06-05T07:46:33Z,2026-06-05T09:46:33+0200,a4488497-2a44-4b02-8cf3-b5300ead3675,2026-06-04T15:15:00Z,2026-06-04T17:15:00+0200,-0.01,EUR/MWh,FR,FR,day_ahead_price,value,2026-06-05T07:47:19Z
2026-06-05T07:46:33Z,2026-06-05T09:46:33+0200,a4488497-2a44-4b02-8cf3-b5300ead3675,2026-06-04T15:30:00Z,2026-06-04T17:30:00+0200,-0.01,EUR/MWh,FR,FR,day_ahead_price,value,2026-06-05T07:47:19Z
2026-06-05T07:46:33Z,2026-06-05T09:46:33+0200,a4488497-2a44-4b02-8cf3-b5300ead3675,2026-06-04T15:45:00Z,2026-06-04T17:45:00+0200,-0.01,EUR/MWh,FR,FR,day_ahead_price,value,2026-06-05T07:47:19Z
2026-06-05T07:46:33Z,2026-06-05T09:46:33+0200,a4488497-2a44-4b02-8cf3-b5300ead3675,2026-06-04T16:00:00Z,2026-06-04T18:00:00+0200,-0.01,EUR/MWh,FR,FR,day_ahead_price,value,2026-06-05T07:47:19Z
2026-06-05T07:46:33Z,2026-06-05T09:46:33+0200,a4488497-2a44-4b02-8cf3-b5300ead3675,2026-06-04T16:15:00Z,2026-06-04T18:15:00+0200,0.0,EUR/MWh,FR,FR,day_ahead_price,value,2026-06-05T07:47:19Z
2026-06-05T07:46:33Z,2026-06-05T09:46:33+0200,a4488497-2a44-4b02-8cf3-b5300ead3675,2026-06-04T16:30:00Z,2026-06-04T18:30:00+0200,0.0,EUR/MWh,FR,FR,day_ahead_price,value,2026-06-05T07:47:19Z
2026-06-05T07:46:33Z,2026-06-05T09:46:33+0200,a4488497-2a44-4b02-8cf3-b5300ead3675,2026-06-04T16:45:00Z,2026-06-04T18:45:00+0200,0.51,EUR/MWh,FR,FR,day_ahead_price,value,2026-06-05T07:47:19Z
2026-06-05T07:46:33Z,2026-06-05T09:46:33+0200,a4488497-2a44-4b02-8cf3-b5300ead3675,2026-06-04T17:00:00Z,2026-06-04T19:00:00+0200,3.32,EUR/MWh,FR,FR,day_ahead_price,value,2026-06-05T07:47:19Z
2026-06-05T07:46:33Z,2026-06-05T09:46:33+0200,a4488497-2a44-4b02-8cf3-b5300ead3675,2026-06-04T17:15:00Z,2026-06-04T19:15:00+0200,0.95,EUR/MWh,FR,FR,day_ahead_price,value,2026-06-05T07:47:19Z
2026-06-05T07:46:33Z,2026-06-05T09:46:33+0200,a4488497-2a44-4b02-8cf3-b5300ead3675,2026-06-04T17:30:00Z,2026-06-04T19:30:00+0200,1.01,EUR/MWh,FR,FR,day_ahead_price,value,2026-06-05T07:47:19Z
2026-06-05T07:46:33Z,2026-06-05T09:46:33+0200,a4488497-2a44-4b02-8cf3-b5300ead3675,2026-06-04T17:45:00Z,2026-06-04T19:45:00+0200,6.0,EUR/MWh,FR,FR,day_ahead_price,value,2026-06-05T07:47:19Z
2026-06-05T07:46:33Z,2026-06-05T09:46:33+0200,a4488497-2a44-4b02-8cf3-b5300ead3675,2026-06-04T18:00:00Z,2026-06-04T20:00:00+0200,5.0,EUR/MWh,FR,FR,day_ahead_price,value,2026-06-05T07:47:19Z
2026-06-05T07:46:33Z,2026-06-05T09:46:33+0200,a4488497-2a44-4b02-8cf3-b5300ead3675,2026-06-04T18:15:00Z,2026-06-04T20:15:00+0200,20.44,EUR/MWh,FR,FR,day_ahead_price,value,2026-06-05T07:47:19Z
2026-06-05T07:46:33Z,2026-06-05T09:46:33+0200,a4488497-2a44-4b02-8cf3-b5300ead3675,2026-06-04T18:30:00Z,2026-06-04T20:30:00+0200,7.12,EUR/MWh,FR,FR,day_ahead_price,value,2026-06-05T07:47:19Z
2026-06-05T07:46:33Z,2026-06-05T09:46:33+0200,a4488497-2a44-4b02-8cf3-b5300ead3675,2026-06-04T18:45:00Z,2026-06-04T20:45:00+0200,19.74,EUR/MWh,FR,FR,day_ahead_price,value,2026-06-05T07:47:19Z
2026-06-05T07:46:33Z,2026-06-05T09:46:33+0200,a4488497-2a44-4b02-8cf3-b5300ead3675,2026-06-04T19:00:00Z,2026-06-04T21:00:00+0200,11.07,EUR/MWh,FR,FR,day_ahead_price,value,2026-06-05T07:47:19Z
2026-06-05T07:46:33Z,2026-06-05T09:46:33+0200,a4488497-2a44-4b02-8cf3-b5300ead3675,2026-06-04T19:15:00Z,2026-06-04T21:15:00+0200,12.57,EUR/MWh,FR,FR,day_ahead_price,value,2026-06-05T07:47:19Z
2026-06-05T07:46:33Z,2026-06-05T09:46:33+0200,a4488497-2a44-4b02-8cf3-b5300ead3675,2026-06-04T19:30:00Z,2026-06-04T21:30:00+0200,14.3,EUR/MWh,FR,FR,day_ahead_price,value,2026-06-05T07:47:19Z
2026-06-05T07:46:33Z,2026-06-05T09:46:33+0200,a4488497-2a44-4b02-8cf3-b5300ead3675,2026-06-04T19:45:00Z,2026-06-04T21:45:00+0200,13.46,EUR/MWh,FR,FR,day_ahead_price,value,2026-06-05T07:47:19Z
2026-06-05T07:46:33Z,2026-06-05T09:46:33+0200,a4488497-2a44-4b02-8cf3-b5300ead3675,2026-06-04T20:00:00Z,2026-06-04T22:00:00+0200,25.46,EUR/MWh,FR,FR,day_ahead_price,value,2026-06-05T07:47:19Z
2026-06-05T07:46:33Z,2026-06-05T09:46:33+0200,a4488497-2a44-4b02-8cf3-b5300ead3675,2026-06-04T20:15:00Z,2026-06-04T22:15:00+0200,16.96,EUR/MWh,FR,FR,day_ahead_price,value,2026-06-05T07:47:19Z
2026-06-05T07:46:33Z,2026-06-05T09:46:33+0200,a4488497-2a44-4b02-8cf3-b5300ead3675,2026-06-04T20:30:00Z,2026-06-04T22:30:00+0200,50.88,EUR/MWh,FR,FR,day_ahead_price,value,2026-06-05T07:47:19Z
2026-06-05T07:46:33Z,2026-06-05T09:46:33+0200,a4488497-2a44-4b02-8cf3-b5300ead3675,2026-06-04T20:45:00Z,2026-06-04T22:45:00+0200,39.31,EUR/MWh,FR,FR,day_ahead_price,value,2026-06-05T07:47:19Z
2026-06-05T07:46:33Z,2026-06-05T09:46:33+0200,a4488497-2a44-4b02-8cf3-b5300ead3675,2026-06-04T21:00:00Z,2026-06-04T23:00:00+0200,27.53,EUR/MWh,FR,FR,day_ahead_price,value,2026-06-05T07:47:19Z
2026-06-05T07:46:33Z,2026-06-05T09:46:33+0200,a4488497-2a44-4b02-8cf3-b5300ead3675,2026-06-04T21:15:00Z,2026-06-04T23:15:00+0200,18.0,EUR/MWh,FR,FR,day_ahead_price,value,2026-06-05T07:47:19Z
2026-06-05T07:46:33Z,2026-06-05T09:46:33+0200,a4488497-2a44-4b02-8cf3-b5300ead3675,2026-06-04T21:30:00Z,2026-06-04T23:30:00+0200,56.32,EUR/MWh,FR,FR,day_ahead_price,value,2026-06-05T07:47:19Z
2026-06-05T07:46:33Z,2026-06-05T09:46:33+0200,a4488497-2a44-4b02-8cf3-b5300ead3675,2026-06-04T21:45:00Z,2026-06-04T23:45:00+0200,82.5,EUR/MWh,FR,FR,day_ahead_price,value,2026-06-05T07:47:19Z
2026-06-05T07:46:33Z,2026-06-05T09:46:33+0200,a4488497-2a44-4b02-8cf3-b5300ead3675,2026-06-04T22:00:00Z,2026-06-05T00:00:00+0200,13.8,EUR/MWh,FR,FR,day_ahead_price,value,2026-06-05T07:47:19Z
2026-06-05T07:46:33Z,2026-06-05T09:46:33+0200,a4488497-2a44-4b02-8cf3-b5300ead3675,2026-06-04T22:15:00Z,2026-06-05T00:15:00+0200,16.32,EUR/MWh,FR,FR,day_ahead_price,value,2026-06-05T07:47:19Z
2026-06-05T07:46:33Z,2026-06-05T09:46:33+0200,a4488497-2a44-4b02-8cf3-b5300ead3675,2026-06-04T22:30:00Z,2026-06-05T00:30:00+0200,26.22,EUR/MWh,FR,FR,day_ahead_price,value,2026-06-05T07:47:19Z
2026-06-05T07:46:33Z,2026-06-05T09:46:33+0200,a4488497-2a44-4b02-8cf3-b5300ead3675,2026-06-04T22:45:00Z,2026-06-05T00:45:00+0200,0.06,EUR/MWh,FR,FR,day_ahead_price,value,2026-06-05T07:47:19Z
2026-06-05T07:46:33Z,2026-06-05T09:46:33+0200,a4488497-2a44-4b02-8cf3-b5300ead3675,2026-06-04T23:00:00Z,2026-06-05T01:00:00+0200,34.23,EUR/MWh,FR,FR,day_ahead_price,value,2026-06-05T07:47:19Z
2026-06-05T07:46:33Z,2026-06-05T09:46:33+0200,a4488497-2a44-4b02-8cf3-b5300ead3675,2026-06-04T23:15:00Z,2026-06-05T01:15:00+0200,23.99,EUR/MWh,FR,FR,day_ahead_price,value,2026-06-05T07:47:19Z
2026-06-05T07:46:33Z,2026-06-05T09:46:33+0200,a4488497-2a44-4b02-8cf3-b5300ead3675,2026-06-04T23:30:00Z,2026-06-05T01:30:00+0200,29.37,EUR/MWh,FR,FR,day_ahead_price,value,2026-06-05T07:47:19Z
2026-06-05T07:46:33Z,2026-06-05T09:46:33+0200,a4488497-2a44-4b02-8cf3-b5300ead3675,2026-06-04T23:45:00Z,2026-06-05T01:45:00+0200,8.85,EUR/MWh,FR,FR,day_ahead_price,value,2026-06-05T07:47:19Z
2026-06-05T07:46:33Z,2026-06-05T09:46:33+0200,a4488497-2a44-4b02-8cf3-b5300ead3675,2026-06-05T00:00:00Z,2026-06-05T02:00:00+0200,11.51,EUR/MWh,FR,FR,day_ahead_price,value,2026-06-05T07:47:19Z
2026-06-05T07:46:33Z,2026-06-05T09:46:33+0200,a4488497-2a44-4b02-8cf3-b5300ead3675,2026-06-05T00:15:00Z,2026-06-05T02:15:00+0200,4.72,EUR/MWh,FR,FR,day_ahead_price,value,2026-06-05T07:47:19Z
2026-06-05T07:46:33Z,2026-06-05T09:46:33+0200,a4488497-2a44-4b02-8cf3-b5300ead3675,2026-06-05T00:30:00Z,2026-06-05T02:30:00+0200,21.25,EUR/MWh,FR,FR,day_ahead_price,value,2026-06-05T07:47:19Z
2026-06-05T07:46:33Z,2026-06-05T09:46:33+0200,a4488497-2a44-4b02-8cf3-b5300ead3675,2026-06-05T00:45:00Z,2026-06-05T02:45:00+0200,5.31,EUR/MWh,FR,FR,day_ahead_price,value,2026-06-05T07:47:19Z
2026-06-05T07:46:33Z,2026-06-05T09:46:33+0200,a4488497-2a44-4b02-8cf3-b5300ead3675,2026-06-05T01:00:00Z,2026-06-05T03:00:00+0200,8.18,EUR/MWh,FR,FR,day_ahead_price,value,2026-06-05T07:47:19Z
2026-06-05T07:46:33Z,2026-06-05T09:46:33+0200,a4488497-2a44-4b02-8cf3-b5300ead3675,2026-06-05T01:15:00Z,2026-06-05T03:15:00+0200,2.82,EUR/MWh,FR,FR,day_ahead_price,value,2026-06-05T07:47:19Z
2026-06-05T07:46:33Z,2026-06-05T09:46:33+0200,a4488497-2a44-4b02-8cf3-b5300ead3675,2026-06-05T01:30:00Z,2026-06-05T03:30:00+0200,11.46,EUR/MWh,FR,FR,day_ahead_price,value,2026-06-05T07:47:19Z
2026-06-05T07:46:33Z,2026-06-05T09:46:33+0200,a4488497-2a44-4b02-8cf3-b5300ead3675,2026-06-05T01:45:00Z,2026-06-05T03:45:00+0200,0.28,EUR/MWh,FR,FR,day_ahead_price,value,2026-06-05T07:47:19Z
2026-06-05T07:46:33Z,2026-06-05T09:46:33+0200,a4488497-2a44-4b02-8cf3-b5300ead3675,2026-06-05T02:00:00Z,2026-06-05T04:00:00+0200,0.0,EUR/MWh,FR,FR,day_ahead_price,value,2026-06-05T07:47:19Z
2026-06-05T07:46:33Z,2026-06-05T09:46:33+0200,a4488497-2a44-4b02-8cf3-b5300ead3675,2026-06-05T02:15:00Z,2026-06-05T04:15:00+0200,0.0,EUR/MWh,FR,FR,day_ahead_price,value,2026-06-05T07:47:19Z
2026-06-05T07:46:33Z,2026-06-05T09:46:33+0200,a4488497-2a44-4b02-8cf3-b5300ead3675,2026-06-05T02:30:00Z,2026-06-05T04:30:00+0200,0.0,EUR/MWh,FR,FR,day_ahead_price,value,2026-06-05T07:47:19Z
2026-06-05T07:46:33Z,2026-06-05T09:46:33+0200,a4488497-2a44-4b02-8cf3-b5300ead3675,2026-06-05T02:45:00Z,2026-06-05T04:45:00+0200,0.0,EUR/MWh,FR,FR,day_ahead_price,value,2026-06-05T07:47:19Z
2026-06-05T07:46:33Z,2026-06-05T09:46:33+0200,a4488497-2a44-4b02-8cf3-b5300ead3675,2026-06-05T03:00:00Z,2026-06-05T05:00:00+0200,8.12,EUR/MWh,FR,FR,day_ahead_price,value,2026-06-05T07:47:19Z
2026-06-05T07:46:33Z,2026-06-05T09:46:33+0200,a4488497-2a44-4b02-8cf3-b5300ead3675,2026-06-05T03:15:00Z,2026-06-05T05:15:00+0200,3.26,EUR/MWh,FR,FR,day_ahead_price,value,2026-06-05T07:47:19Z
2026-06-05T07:46:33Z,2026-06-05T09:46:33+0200,a4488497-2a44-4b02-8cf3-b5300ead3675,2026-06-05T03:30:00Z,2026-06-05T05:30:00+0200,13.92,EUR/MWh,FR,FR,day_ahead_price,value,2026-06-05T07:47:19Z
2026-06-05T07:46:33Z,2026-06-05T09:46:33+0200,a4488497-2a44-4b02-8cf3-b5300ead3675,2026-06-05T03:45:00Z,2026-06-05T05:45:00+0200,14.6,EUR/MWh,FR,FR,day_ahead_price,value,2026-06-05T07:47:19Z
2026-06-05T07:46:33Z,2026-06-05T09:46:33+0200,a4488497-2a44-4b02-8cf3-b5300ead3675,2026-06-05T04:00:00Z,2026-06-05T06:00:00+0200,44.06,EUR/MWh,FR,FR,day_ahead_price,value,2026-06-05T07:47:19Z
2026-06-05T07:46:33Z,2026-06-05T09:46:33+0200,a4488497-2a44-4b02-8cf3-b5300ead3675,2026-06-05T04:15:00Z,2026-06-05T06:15:00+0200,15.92,EUR/MWh,FR,FR,day_ahead_price,value,2026-06-05T07:47:19Z
2026-06-05T07:46:33Z,2026-06-05T09:46:33+0200,a4488497-2a44-4b02-8cf3-b5300ead3675,2026-06-05T04:30:00Z,2026-06-05T06:30:00+0200,9.51,EUR/MWh,FR,FR,day_ahead_price,value,2026-06-05T07:47:19Z
2026-06-05T07:46:33Z,2026-06-05T09:46:33+0200,a4488497-2a44-4b02-8cf3-b5300ead3675,2026-06-05T04:45:00Z,2026-06-05T06:45:00+0200,14.81,EUR/MWh,FR,FR,day_ahead_price,value,2026-06-05T07:47:19Z
2026-06-05T07:46:33Z,2026-06-05T09:46:33+0200,a4488497-2a44-4b02-8cf3-b5300ead3675,2026-06-05T05:00:00Z,2026-06-05T07:00:00+0200,19.29,EUR/MWh,FR,FR,day_ahead_price,value,2026-06-05T07:47:19Z
2026-06-05T07:46:33Z,2026-06-05T09:46:33+0200,a4488497-2a44-4b02-8cf3-b5300ead3675,2026-06-05T05:15:00Z,2026-06-05T07:15:00+0200,36.34,EUR/MWh,FR,FR,day_ahead_price,value,2026-06-05T07:47:19Z
2026-06-05T07:46:33Z,2026-06-05T09:46:33+0200,a4488497-2a44-4b02-8cf3-b5300ead3675,2026-06-05T05:30:00Z,2026-06-05T07:30:00+0200,64.0,EUR/MWh,FR,FR,day_ahead_price,value,2026-06-05T07:47:19Z
2026-06-05T07:46:33Z,2026-06-05T09:46:33+0200,a4488497-2a44-4b02-8cf3-b5300ead3675,2026-06-05T05:45:00Z,2026-06-05T07:45:00+0200,51.88,EUR/MWh,FR,FR,day_ahead_price,value,2026-06-05T07:47:19Z
2026-06-05T07:46:33Z,2026-06-05T09:46:33+0200,a4488497-2a44-4b02-8cf3-b5300ead3675,2026-06-05T06:00:00Z,2026-06-05T08:00:00+0200,90.06,EUR/MWh,FR,FR,day_ahead_price,value,2026-06-05T07:47:19Z
2026-06-05T07:46:33Z,2026-06-05T09:46:33+0200,a4488497-2a44-4b02-8cf3-b5300ead3675,2026-06-05T06:15:00Z,2026-06-05T08:15:00+0200,70.39,EUR/MWh,FR,FR,day_ahead_price,value,2026-06-05T07:47:19Z
2026-06-05T07:46:33Z,2026-06-05T09:46:33+0200,a4488497-2a44-4b02-8cf3-b5300ead3675,2026-06-05T06:30:00Z,2026-06-05T08:30:00+0200,53.25,EUR/MWh,FR,FR,day_ahead_price,value,2026-06-05T07:47:19Z
2026-06-05T07:46:33Z,2026-06-05T09:46:33+0200,a4488497-2a44-4b02-8cf3-b5300ead3675,2026-06-05T06:45:00Z,2026-06-05T08:45:00+0200,15.0,EUR/MWh,FR,FR,day_ahead_price,value,2026-06-05T07:47:19Z
2026-06-05T07:46:33Z,2026-06-05T09:46:33+0200,a4488497-2a44-4b02-8cf3-b5300ead3675,2026-06-05T07:00:00Z,2026-06-05T09:00:00+0200,38.66,EUR/MWh,FR,FR,day_ahead_price,value,2026-06-05T07:47:19Z
2026-06-05T07:46:33Z,2026-06-05T09:46:33+0200,a4488497-2a44-4b02-8cf3-b5300ead3675,2026-06-05T07:15:00Z,2026-06-05T09:15:00+0200,26.0,EUR/MWh,FR,FR,day_ahead_price,value,2026-06-05T07:47:19Z
2026-06-05T07:46:33Z,2026-06-05T09:46:33+0200,a4488497-2a44-4b02-8cf3-b5300ead3675,2026-06-05T07:30:00Z,2026-06-05T09:30:00+0200,10.5,EUR/MWh,FR,FR,day_ahead_price,value,2026-06-05T07:47:19Z
2026-06-05T07:46:33Z,2026-06-05T09:46:33+0200,a4488497-2a44-4b02-8cf3-b5300ead3675,2026-06-05T07:45:00Z,2026-06-05T09:45:00+0200,3.01,EUR/MWh,FR,FR,day_ahead_price,value,2026-06-05T07:47:19Z
2026-06-05T07:46:33Z,2026-06-05T09:46:33+0200,a4488497-2a44-4b02-8cf3-b5300ead3675,2026-06-05T08:00:00Z,2026-06-05T10:00:00+0200,5.73,EUR/MWh,FR,FR,day_ahead_price,value,2026-06-05T07:47:19Z
