collection_time_utc,collection_time_local,run_id,timestamp_utc,timestamp_local,value,unit,country,entsoe_area,variable,source,updated_at_utc
2026-08-02T04:32:20Z,2026-08-02T06:32:20+0200,7aafc1bd-8364-45d6-9e1e-5ae71b51b571,2026-07-02T05:00:00Z,2026-07-02T07:00:00+0200,9300.96,MW,BE,BE,actual_load,Actual Load,2026-08-02T04:32:23Z
2026-08-02T04:32:20Z,2026-08-02T06:32:20+0200,7aafc1bd-8364-45d6-9e1e-5ae71b51b571,2026-07-02T05:15:00Z,2026-07-02T07:15:00+0200,9455.0,MW,BE,BE,actual_load,Actual Load,2026-08-02T04:32:23Z
2026-08-02T04:32:20Z,2026-08-02T06:32:20+0200,7aafc1bd-8364-45d6-9e1e-5ae71b51b571,2026-07-02T05:30:00Z,2026-07-02T07:30:00+0200,9719.27,MW,BE,BE,actual_load,Actual Load,2026-08-02T04:32:23Z
2026-08-02T04:32:20Z,2026-08-02T06:32:20+0200,7aafc1bd-8364-45d6-9e1e-5ae71b51b571,2026-07-02T05:45:00Z,2026-07-02T07:45:00+0200,9887.25,MW,BE,BE,actual_load,Actual Load,2026-08-02T04:32:23Z
2026-08-02T04:32:20Z,2026-08-02T06:32:20+0200,7aafc1bd-8364-45d6-9e1e-5ae71b51b571,2026-07-02T06:00:00Z,2026-07-02T08:00:00+0200,9948.23,MW,BE,BE,actual_load,Actual Load,2026-08-02T04:32:23Z
2026-08-02T04:32:20Z,2026-08-02T06:32:20+0200,7aafc1bd-8364-45d6-9e1e-5ae71b51b571,2026-07-02T06:15:00Z,2026-07-02T08:15:00+0200,10145.45,MW,BE,BE,actual_load,Actual Load,2026-08-02T04:32:23Z
2026-08-02T04:32:20Z,2026-08-02T06:32:20+0200,7aafc1bd-8364-45d6-9e1e-5ae71b51b571,2026-07-02T06:30:00Z,2026-07-02T08:30:00+0200,10186.81,MW,BE,BE,actual_load,Actual Load,2026-08-02T04:32:23Z
2026-08-02T04:32:20Z,2026-08-02T06:32:20+0200,7aafc1bd-8364-45d6-9e1e-5ae71b51b571,2026-07-02T06:45:00Z,2026-07-02T08:45:00+0200,10297.54,MW,BE,BE,actual_load,Actual Load,2026-08-02T04:32:23Z
2026-08-02T04:32:20Z,2026-08-02T06:32:20+0200,7aafc1bd-8364-45d6-9e1e-5ae71b51b571,2026-07-02T07:00:00Z,2026-07-02T09:00:00+0200,10325.41,MW,BE,BE,actual_load,Actual Load,2026-08-02T04:32:23Z
2026-08-02T04:32:20Z,2026-08-02T06:32:20+0200,7aafc1bd-8364-45d6-9e1e-5ae71b51b571,2026-07-02T07:15:00Z,2026-07-02T09:15:00+0200,10318.82,MW,BE,BE,actual_load,Actual Load,2026-08-02T04:32:23Z
2026-08-02T04:32:20Z,2026-08-02T06:32:20+0200,7aafc1bd-8364-45d6-9e1e-5ae71b51b571,2026-07-02T07:30:00Z,2026-07-02T09:30:00+0200,10312.65,MW,BE,BE,actual_load,Actual Load,2026-08-02T04:32:23Z
2026-08-02T04:32:20Z,2026-08-02T06:32:20+0200,7aafc1bd-8364-45d6-9e1e-5ae71b51b571,2026-07-02T07:45:00Z,2026-07-02T09:45:00+0200,10457.59,MW,BE,BE,actual_load,Actual Load,2026-08-02T04:32:23Z
2026-08-02T04:32:20Z,2026-08-02T06:32:20+0200,7aafc1bd-8364-45d6-9e1e-5ae71b51b571,2026-07-02T08:00:00Z,2026-07-02T10:00:00+0200,10360.05,MW,BE,BE,actual_load,Actual Load,2026-08-02T04:32:23Z
2026-08-02T04:32:20Z,2026-08-02T06:32:20+0200,7aafc1bd-8364-45d6-9e1e-5ae71b51b571,2026-07-02T08:15:00Z,2026-07-02T10:15:00+0200,10334.03,MW,BE,BE,actual_load,Actual Load,2026-08-02T04:32:23Z
2026-08-02T04:32:20Z,2026-08-02T06:32:20+0200,7aafc1bd-8364-45d6-9e1e-5ae71b51b571,2026-07-02T08:30:00Z,2026-07-02T10:30:00+0200,10343.86,MW,BE,BE,actual_load,Actual Load,2026-08-02T04:32:23Z
2026-08-02T04:32:20Z,2026-08-02T06:32:20+0200,7aafc1bd-8364-45d6-9e1e-5ae71b51b571,2026-07-02T08:45:00Z,2026-07-02T10:45:00+0200,10416.13,MW,BE,BE,actual_load,Actual Load,2026-08-02T04:32:23Z
2026-08-02T04:32:20Z,2026-08-02T06:32:20+0200,7aafc1bd-8364-45d6-9e1e-5ae71b51b571,2026-07-02T09:00:00Z,2026-07-02T11:00:00+0200,10575.39,MW,BE,BE,actual_load,Actual Load,2026-08-02T04:32:23Z
2026-08-02T04:32:20Z,2026-08-02T06:32:20+0200,7aafc1bd-8364-45d6-9e1e-5ae71b51b571,2026-07-02T09:15:00Z,2026-07-02T11:15:00+0200,10586.83,MW,BE,BE,actual_load,Actual Load,2026-08-02T04:32:23Z
2026-08-02T04:32:20Z,2026-08-02T06:32:20+0200,7aafc1bd-8364-45d6-9e1e-5ae71b51b571,2026-07-02T09:30:00Z,2026-07-02T11:30:00+0200,10701.25,MW,BE,BE,actual_load,Actual Load,2026-08-02T04:32:23Z
2026-08-02T04:32:20Z,2026-08-02T06:32:20+0200,7aafc1bd-8364-45d6-9e1e-5ae71b51b571,2026-07-02T09:45:00Z,2026-07-02T11:45:00+0200,10738.33,MW,BE,BE,actual_load,Actual Load,2026-08-02T04:32:23Z
2026-08-02T04:32:20Z,2026-08-02T06:32:20+0200,7aafc1bd-8364-45d6-9e1e-5ae71b51b571,2026-07-02T10:00:00Z,2026-07-02T12:00:00+0200,10883.22,MW,BE,BE,actual_load,Actual Load,2026-08-02T04:32:23Z
2026-08-02T04:32:20Z,2026-08-02T06:32:20+0200,7aafc1bd-8364-45d6-9e1e-5ae71b51b571,2026-07-02T10:15:00Z,2026-07-02T12:15:00+0200,11045.05,MW,BE,BE,actual_load,Actual Load,2026-08-02T04:32:23Z
2026-08-02T04:32:20Z,2026-08-02T06:32:20+0200,7aafc1bd-8364-45d6-9e1e-5ae71b51b571,2026-07-02T10:30:00Z,2026-07-02T12:30:00+0200,10907.7,MW,BE,BE,actual_load,Actual Load,2026-08-02T04:32:23Z
2026-08-02T04:32:20Z,2026-08-02T06:32:20+0200,7aafc1bd-8364-45d6-9e1e-5ae71b51b571,2026-07-02T10:45:00Z,2026-07-02T12:45:00+0200,10909.64,MW,BE,BE,actual_load,Actual Load,2026-08-02T04:32:23Z
2026-08-02T04:32:20Z,2026-08-02T06:32:20+0200,7aafc1bd-8364-45d6-9e1e-5ae71b51b571,2026-07-02T11:00:00Z,2026-07-02T13:00:00+0200,11048.45,MW,BE,BE,actual_load,Actual Load,2026-08-02T04:32:23Z
2026-08-02T04:32:20Z,2026-08-02T06:32:20+0200,7aafc1bd-8364-45d6-9e1e-5ae71b51b571,2026-07-02T11:15:00Z,2026-07-02T13:15:00+0200,11054.82,MW,BE,BE,actual_load,Actual Load,2026-08-02T04:32:23Z
2026-08-02T04:32:20Z,2026-08-02T06:32:20+0200,7aafc1bd-8364-45d6-9e1e-5ae71b51b571,2026-07-02T11:30:00Z,2026-07-02T13:30:00+0200,11131.47,MW,BE,BE,actual_load,Actual Load,2026-08-02T04:32:23Z
2026-08-02T04:32:20Z,2026-08-02T06:32:20+0200,7aafc1bd-8364-45d6-9e1e-5ae71b51b571,2026-07-02T11:45:00Z,2026-07-02T13:45:00+0200,11084.26,MW,BE,BE,actual_load,Actual Load,2026-08-02T04:32:23Z
2026-08-02T04:32:20Z,2026-08-02T06:32:20+0200,7aafc1bd-8364-45d6-9e1e-5ae71b51b571,2026-07-02T12:00:00Z,2026-07-02T14:00:00+0200,10823.54,MW,BE,BE,actual_load,Actual Load,2026-08-02T04:32:23Z
2026-08-02T04:32:20Z,2026-08-02T06:32:20+0200,7aafc1bd-8364-45d6-9e1e-5ae71b51b571,2026-07-02T12:15:00Z,2026-07-02T14:15:00+0200,10691.83,MW,BE,BE,actual_load,Actual Load,2026-08-02T04:32:23Z
2026-08-02T04:32:20Z,2026-08-02T06:32:20+0200,7aafc1bd-8364-45d6-9e1e-5ae71b51b571,2026-07-02T12:30:00Z,2026-07-02T14:30:00+0200,10569.95,MW,BE,BE,actual_load,Actual Load,2026-08-02T04:32:23Z
2026-08-02T04:32:20Z,2026-08-02T06:32:20+0200,7aafc1bd-8364-45d6-9e1e-5ae71b51b571,2026-07-02T12:45:00Z,2026-07-02T14:45:00+0200,10660.86,MW,BE,BE,actual_load,Actual Load,2026-08-02T04:32:23Z
2026-08-02T04:32:20Z,2026-08-02T06:32:20+0200,7aafc1bd-8364-45d6-9e1e-5ae71b51b571,2026-07-02T13:00:00Z,2026-07-02T15:00:00+0200,10399.28,MW,BE,BE,actual_load,Actual Load,2026-08-02T04:32:23Z
2026-08-02T04:32:20Z,2026-08-02T06:32:20+0200,7aafc1bd-8364-45d6-9e1e-5ae71b51b571,2026-07-02T13:15:00Z,2026-07-02T15:15:00+0200,10476.41,MW,BE,BE,actual_load,Actual Load,2026-08-02T04:32:23Z
2026-08-02T04:32:20Z,2026-08-02T06:32:20+0200,7aafc1bd-8364-45d6-9e1e-5ae71b51b571,2026-07-02T13:30:00Z,2026-07-02T15:30:00+0200,10488.58,MW,BE,BE,actual_load,Actual Load,2026-08-02T04:32:23Z
2026-08-02T04:32:20Z,2026-08-02T06:32:20+0200,7aafc1bd-8364-45d6-9e1e-5ae71b51b571,2026-07-02T13:45:00Z,2026-07-02T15:45:00+0200,10512.91,MW,BE,BE,actual_load,Actual Load,2026-08-02T04:32:23Z
2026-08-02T04:32:20Z,2026-08-02T06:32:20+0200,7aafc1bd-8364-45d6-9e1e-5ae71b51b571,2026-07-02T14:00:00Z,2026-07-02T16:00:00+0200,10630.82,MW,BE,BE,actual_load,Actual Load,2026-08-02T04:32:23Z
2026-08-02T04:32:20Z,2026-08-02T06:32:20+0200,7aafc1bd-8364-45d6-9e1e-5ae71b51b571,2026-07-02T14:15:00Z,2026-07-02T16:15:00+0200,10499.41,MW,BE,BE,actual_load,Actual Load,2026-08-02T04:32:23Z
2026-08-02T04:32:20Z,2026-08-02T06:32:20+0200,7aafc1bd-8364-45d6-9e1e-5ae71b51b571,2026-07-02T14:30:00Z,2026-07-02T16:30:00+0200,10554.2,MW,BE,BE,actual_load,Actual Load,2026-08-02T04:32:23Z
2026-08-02T04:32:20Z,2026-08-02T06:32:20+0200,7aafc1bd-8364-45d6-9e1e-5ae71b51b571,2026-07-02T14:45:00Z,2026-07-02T16:45:00+0200,10373.46,MW,BE,BE,actual_load,Actual Load,2026-08-02T04:32:23Z
2026-08-02T04:32:20Z,2026-08-02T06:32:20+0200,7aafc1bd-8364-45d6-9e1e-5ae71b51b571,2026-07-02T15:00:00Z,2026-07-02T17:00:00+0200,10300.76,MW,BE,BE,actual_load,Actual Load,2026-08-02T04:32:23Z
2026-08-02T04:32:20Z,2026-08-02T06:32:20+0200,7aafc1bd-8364-45d6-9e1e-5ae71b51b571,2026-07-02T15:15:00Z,2026-07-02T17:15:00+0200,10241.19,MW,BE,BE,actual_load,Actual Load,2026-08-02T04:32:23Z
2026-08-02T04:32:20Z,2026-08-02T06:32:20+0200,7aafc1bd-8364-45d6-9e1e-5ae71b51b571,2026-07-02T15:30:00Z,2026-07-02T17:30:00+0200,10197.98,MW,BE,BE,actual_load,Actual Load,2026-08-02T04:32:23Z
2026-08-02T04:32:20Z,2026-08-02T06:32:20+0200,7aafc1bd-8364-45d6-9e1e-5ae71b51b571,2026-07-02T15:45:00Z,2026-07-02T17:45:00+0200,10139.25,MW,BE,BE,actual_load,Actual Load,2026-08-02T04:32:23Z
2026-08-02T04:32:20Z,2026-08-02T06:32:20+0200,7aafc1bd-8364-45d6-9e1e-5ae71b51b571,2026-07-02T16:00:00Z,2026-07-02T18:00:00+0200,10122.98,MW,BE,BE,actual_load,Actual Load,2026-08-02T04:32:23Z
2026-08-02T04:32:20Z,2026-08-02T06:32:20+0200,7aafc1bd-8364-45d6-9e1e-5ae71b51b571,2026-07-02T16:15:00Z,2026-07-02T18:15:00+0200,10175.15,MW,BE,BE,actual_load,Actual Load,2026-08-02T04:32:23Z
2026-08-02T04:32:20Z,2026-08-02T06:32:20+0200,7aafc1bd-8364-45d6-9e1e-5ae71b51b571,2026-07-02T16:30:00Z,2026-07-02T18:30:00+0200,10122.48,MW,BE,BE,actual_load,Actual Load,2026-08-02T04:32:23Z
2026-08-02T04:32:20Z,2026-08-02T06:32:20+0200,7aafc1bd-8364-45d6-9e1e-5ae71b51b571,2026-07-02T16:45:00Z,2026-07-02T18:45:00+0200,10104.53,MW,BE,BE,actual_load,Actual Load,2026-08-02T04:32:23Z
2026-08-02T04:32:20Z,2026-08-02T06:32:20+0200,7aafc1bd-8364-45d6-9e1e-5ae71b51b571,2026-07-02T17:00:00Z,2026-07-02T19:00:00+0200,10024.12,MW,BE,BE,actual_load,Actual Load,2026-08-02T04:32:23Z
2026-08-02T04:32:20Z,2026-08-02T06:32:20+0200,7aafc1bd-8364-45d6-9e1e-5ae71b51b571,2026-07-02T17:15:00Z,2026-07-02T19:15:00+0200,9816.66,MW,BE,BE,actual_load,Actual Load,2026-08-02T04:32:23Z
2026-08-02T04:32:20Z,2026-08-02T06:32:20+0200,7aafc1bd-8364-45d6-9e1e-5ae71b51b571,2026-07-02T17:30:00Z,2026-07-02T19:30:00+0200,9495.98,MW,BE,BE,actual_load,Actual Load,2026-08-02T04:32:23Z
2026-08-02T04:32:20Z,2026-08-02T06:32:20+0200,7aafc1bd-8364-45d6-9e1e-5ae71b51b571,2026-07-02T17:45:00Z,2026-07-02T19:45:00+0200,9573.11,MW,BE,BE,actual_load,Actual Load,2026-08-02T04:32:23Z
2026-08-02T04:32:20Z,2026-08-02T06:32:20+0200,7aafc1bd-8364-45d6-9e1e-5ae71b51b571,2026-07-02T18:00:00Z,2026-07-02T20:00:00+0200,9461.69,MW,BE,BE,actual_load,Actual Load,2026-08-02T04:32:23Z
2026-08-02T04:32:20Z,2026-08-02T06:32:20+0200,7aafc1bd-8364-45d6-9e1e-5ae71b51b571,2026-07-02T18:15:00Z,2026-07-02T20:15:00+0200,9352.0,MW,BE,BE,actual_load,Actual Load,2026-08-02T04:32:23Z
2026-08-02T04:32:20Z,2026-08-02T06:32:20+0200,7aafc1bd-8364-45d6-9e1e-5ae71b51b571,2026-07-02T18:30:00Z,2026-07-02T20:30:00+0200,9193.78,MW,BE,BE,actual_load,Actual Load,2026-08-02T04:32:23Z
2026-08-02T04:32:20Z,2026-08-02T06:32:20+0200,7aafc1bd-8364-45d6-9e1e-5ae71b51b571,2026-07-02T18:45:00Z,2026-07-02T20:45:00+0200,9088.69,MW,BE,BE,actual_load,Actual Load,2026-08-02T04:32:23Z
2026-08-02T04:32:20Z,2026-08-02T06:32:20+0200,7aafc1bd-8364-45d6-9e1e-5ae71b51b571,2026-07-02T19:00:00Z,2026-07-02T21:00:00+0200,9124.04,MW,BE,BE,actual_load,Actual Load,2026-08-02T04:32:23Z
2026-08-02T04:32:20Z,2026-08-02T06:32:20+0200,7aafc1bd-8364-45d6-9e1e-5ae71b51b571,2026-07-02T19:15:00Z,2026-07-02T21:15:00+0200,9083.15,MW,BE,BE,actual_load,Actual Load,2026-08-02T04:32:23Z
2026-08-02T04:32:20Z,2026-08-02T06:32:20+0200,7aafc1bd-8364-45d6-9e1e-5ae71b51b571,2026-07-02T19:30:00Z,2026-07-02T21:30:00+0200,9090.44,MW,BE,BE,actual_load,Actual Load,2026-08-02T04:32:23Z
2026-08-02T04:32:20Z,2026-08-02T06:32:20+0200,7aafc1bd-8364-45d6-9e1e-5ae71b51b571,2026-07-02T19:45:00Z,2026-07-02T21:45:00+0200,9060.83,MW,BE,BE,actual_load,Actual Load,2026-08-02T04:32:23Z
2026-08-02T04:32:20Z,2026-08-02T06:32:20+0200,7aafc1bd-8364-45d6-9e1e-5ae71b51b571,2026-07-02T20:00:00Z,2026-07-02T22:00:00+0200,9252.06,MW,BE,BE,actual_load,Actual Load,2026-08-02T04:32:23Z
2026-08-02T04:32:20Z,2026-08-02T06:32:20+0200,7aafc1bd-8364-45d6-9e1e-5ae71b51b571,2026-07-02T20:15:00Z,2026-07-02T22:15:00+0200,9329.72,MW,BE,BE,actual_load,Actual Load,2026-08-02T04:32:23Z
2026-08-02T04:32:20Z,2026-08-02T06:32:20+0200,7aafc1bd-8364-45d6-9e1e-5ae71b51b571,2026-07-02T20:30:00Z,2026-07-02T22:30:00+0200,9332.08,MW,BE,BE,actual_load,Actual Load,2026-08-02T04:32:23Z
2026-08-02T04:32:20Z,2026-08-02T06:32:20+0200,7aafc1bd-8364-45d6-9e1e-5ae71b51b571,2026-07-02T20:45:00Z,2026-07-02T22:45:00+0200,9207.17,MW,BE,BE,actual_load,Actual Load,2026-08-02T04:32:23Z
2026-08-02T04:32:20Z,2026-08-02T06:32:20+0200,7aafc1bd-8364-45d6-9e1e-5ae71b51b571,2026-07-02T21:00:00Z,2026-07-02T23:00:00+0200,9042.88,MW,BE,BE,actual_load,Actual Load,2026-08-02T04:32:23Z
2026-08-02T04:32:20Z,2026-08-02T06:32:20+0200,7aafc1bd-8364-45d6-9e1e-5ae71b51b571,2026-07-02T21:15:00Z,2026-07-02T23:15:00+0200,9181.1,MW,BE,BE,actual_load,Actual Load,2026-08-02T04:32:23Z
2026-08-02T04:32:20Z,2026-08-02T06:32:20+0200,7aafc1bd-8364-45d6-9e1e-5ae71b51b571,2026-07-02T21:30:00Z,2026-07-02T23:30:00+0200,9019.91,MW,BE,BE,actual_load,Actual Load,2026-08-02T04:32:23Z
2026-08-02T04:32:20Z,2026-08-02T06:32:20+0200,7aafc1bd-8364-45d6-9e1e-5ae71b51b571,2026-07-02T21:45:00Z,2026-07-02T23:45:00+0200,8770.46,MW,BE,BE,actual_load,Actual Load,2026-08-02T04:32:23Z
2026-08-02T04:32:20Z,2026-08-02T06:32:20+0200,7aafc1bd-8364-45d6-9e1e-5ae71b51b571,2026-07-02T22:00:00Z,2026-07-03T00:00:00+0200,8680.25,MW,BE,BE,actual_load,Actual Load,2026-08-02T04:32:23Z
2026-08-02T04:32:20Z,2026-08-02T06:32:20+0200,7aafc1bd-8364-45d6-9e1e-5ae71b51b571,2026-07-02T22:15:00Z,2026-07-03T00:15:00+0200,8695.61,MW,BE,BE,actual_load,Actual Load,2026-08-02T04:32:23Z
2026-08-02T04:32:20Z,2026-08-02T06:32:20+0200,7aafc1bd-8364-45d6-9e1e-5ae71b51b571,2026-07-02T22:30:00Z,2026-07-03T00:30:00+0200,8562.4,MW,BE,BE,actual_load,Actual Load,2026-08-02T04:32:23Z
2026-08-02T04:32:20Z,2026-08-02T06:32:20+0200,7aafc1bd-8364-45d6-9e1e-5ae71b51b571,2026-07-02T22:45:00Z,2026-07-03T00:45:00+0200,8530.41,MW,BE,BE,actual_load,Actual Load,2026-08-02T04:32:23Z
2026-08-02T04:32:20Z,2026-08-02T06:32:20+0200,7aafc1bd-8364-45d6-9e1e-5ae71b51b571,2026-07-02T23:00:00Z,2026-07-03T01:00:00+0200,8270.53,MW,BE,BE,actual_load,Actual Load,2026-08-02T04:32:23Z
2026-08-02T04:32:20Z,2026-08-02T06:32:20+0200,7aafc1bd-8364-45d6-9e1e-5ae71b51b571,2026-07-02T23:15:00Z,2026-07-03T01:15:00+0200,8190.69,MW,BE,BE,actual_load,Actual Load,2026-08-02T04:32:23Z
2026-08-02T04:32:20Z,2026-08-02T06:32:20+0200,7aafc1bd-8364-45d6-9e1e-5ae71b51b571,2026-07-02T23:30:00Z,2026-07-03T01:30:00+0200,8131.8,MW,BE,BE,actual_load,Actual Load,2026-08-02T04:32:23Z
2026-08-02T04:32:20Z,2026-08-02T06:32:20+0200,7aafc1bd-8364-45d6-9e1e-5ae71b51b571,2026-07-02T23:45:00Z,2026-07-03T01:45:00+0200,8055.49,MW,BE,BE,actual_load,Actual Load,2026-08-02T04:32:23Z
2026-08-02T04:32:20Z,2026-08-02T06:32:20+0200,7aafc1bd-8364-45d6-9e1e-5ae71b51b571,2026-07-03T00:00:00Z,2026-07-03T02:00:00+0200,8048.92,MW,BE,BE,actual_load,Actual Load,2026-08-02T04:32:23Z
2026-08-02T04:32:20Z,2026-08-02T06:32:20+0200,7aafc1bd-8364-45d6-9e1e-5ae71b51b571,2026-07-03T00:15:00Z,2026-07-03T02:15:00+0200,7904.83,MW,BE,BE,actual_load,Actual Load,2026-08-02T04:32:23Z
2026-08-02T04:32:20Z,2026-08-02T06:32:20+0200,7aafc1bd-8364-45d6-9e1e-5ae71b51b571,2026-07-03T00:30:00Z,2026-07-03T02:30:00+0200,7776.96,MW,BE,BE,actual_load,Actual Load,2026-08-02T04:32:23Z
2026-08-02T04:32:20Z,2026-08-02T06:32:20+0200,7aafc1bd-8364-45d6-9e1e-5ae71b51b571,2026-07-03T00:45:00Z,2026-07-03T02:45:00+0200,7772.59,MW,BE,BE,actual_load,Actual Load,2026-08-02T04:32:23Z
2026-08-02T04:32:20Z,2026-08-02T06:32:20+0200,7aafc1bd-8364-45d6-9e1e-5ae71b51b571,2026-07-03T01:00:00Z,2026-07-03T03:00:00+0200,7719.92,MW,BE,BE,actual_load,Actual Load,2026-08-02T04:32:23Z
2026-08-02T04:32:20Z,2026-08-02T06:32:20+0200,7aafc1bd-8364-45d6-9e1e-5ae71b51b571,2026-07-03T01:15:00Z,2026-07-03T03:15:00+0200,7697.4,MW,BE,BE,actual_load,Actual Load,2026-08-02T04:32:23Z
2026-08-02T04:32:20Z,2026-08-02T06:32:20+0200,7aafc1bd-8364-45d6-9e1e-5ae71b51b571,2026-07-03T01:30:00Z,2026-07-03T03:30:00+0200,7726.71,MW,BE,BE,actual_load,Actual Load,2026-08-02T04:32:23Z
2026-08-02T04:32:20Z,2026-08-02T06:32:20+0200,7aafc1bd-8364-45d6-9e1e-5ae71b51b571,2026-07-03T01:45:00Z,2026-07-03T03:45:00+0200,7732.8,MW,BE,BE,actual_load,Actual Load,2026-08-02T04:32:23Z
2026-08-02T04:32:20Z,2026-08-02T06:32:20+0200,7aafc1bd-8364-45d6-9e1e-5ae71b51b571,2026-07-03T02:00:00Z,2026-07-03T04:00:00+0200,7767.87,MW,BE,BE,actual_load,Actual Load,2026-08-02T04:32:23Z
2026-08-02T04:32:20Z,2026-08-02T06:32:20+0200,7aafc1bd-8364-45d6-9e1e-5ae71b51b571,2026-07-03T02:15:00Z,2026-07-03T04:15:00+0200,7716.63,MW,BE,BE,actual_load,Actual Load,2026-08-02T04:32:23Z
2026-08-02T04:32:20Z,2026-08-02T06:32:20+0200,7aafc1bd-8364-45d6-9e1e-5ae71b51b571,2026-07-03T02:30:00Z,2026-07-03T04:30:00+0200,7646.78,MW,BE,BE,actual_load,Actual Load,2026-08-02T04:32:23Z
2026-08-02T04:32:20Z,2026-08-02T06:32:20+0200,7aafc1bd-8364-45d6-9e1e-5ae71b51b571,2026-07-03T02:45:00Z,2026-07-03T04:45:00+0200,7733.17,MW,BE,BE,actual_load,Actual Load,2026-08-02T04:32:23Z
2026-08-02T04:32:20Z,2026-08-02T06:32:20+0200,7aafc1bd-8364-45d6-9e1e-5ae71b51b571,2026-07-03T03:00:00Z,2026-07-03T05:00:00+0200,7798.48,MW,BE,BE,actual_load,Actual Load,2026-08-02T04:32:23Z
2026-08-02T04:32:20Z,2026-08-02T06:32:20+0200,7aafc1bd-8364-45d6-9e1e-5ae71b51b571,2026-07-03T03:15:00Z,2026-07-03T05:15:00+0200,7849.97,MW,BE,BE,actual_load,Actual Load,2026-08-02T04:32:23Z
2026-08-02T04:32:20Z,2026-08-02T06:32:20+0200,7aafc1bd-8364-45d6-9e1e-5ae71b51b571,2026-07-03T03:30:00Z,2026-07-03T05:30:00+0200,7911.16,MW,BE,BE,actual_load,Actual Load,2026-08-02T04:32:23Z
2026-08-02T04:32:20Z,2026-08-02T06:32:20+0200,7aafc1bd-8364-45d6-9e1e-5ae71b51b571,2026-07-03T03:45:00Z,2026-07-03T05:45:00+0200,7991.34,MW,BE,BE,actual_load,Actual Load,2026-08-02T04:32:23Z
2026-08-02T04:32:20Z,2026-08-02T06:32:20+0200,7aafc1bd-8364-45d6-9e1e-5ae71b51b571,2026-07-03T04:00:00Z,2026-07-03T06:00:00+0200,8178.2,MW,BE,BE,actual_load,Actual Load,2026-08-02T04:32:23Z
2026-08-02T04:32:20Z,2026-08-02T06:32:20+0200,7aafc1bd-8364-45d6-9e1e-5ae71b51b571,2026-07-03T04:15:00Z,2026-07-03T06:15:00+0200,8449.93,MW,BE,BE,actual_load,Actual Load,2026-08-02T04:32:23Z
2026-08-02T04:32:20Z,2026-08-02T06:32:20+0200,7aafc1bd-8364-45d6-9e1e-5ae71b51b571,2026-07-03T04:30:00Z,2026-07-03T06:30:00+0200,8644.6,MW,BE,BE,actual_load,Actual Load,2026-08-02T04:32:23Z
2026-08-02T04:32:20Z,2026-08-02T06:32:20+0200,7aafc1bd-8364-45d6-9e1e-5ae71b51b571,2026-07-03T04:45:00Z,2026-07-03T06:45:00+0200,8733.36,MW,BE,BE,actual_load,Actual Load,2026-08-02T04:32:23Z
2026-08-02T04:32:20Z,2026-08-02T06:32:20+0200,7aafc1bd-8364-45d6-9e1e-5ae71b51b571,2026-07-03T05:00:00Z,2026-07-03T07:00:00+0200,8858.15,MW,BE,BE,actual_load,Actual Load,2026-08-02T04:32:23Z
2026-08-02T04:32:20Z,2026-08-02T06:32:20+0200,7aafc1bd-8364-45d6-9e1e-5ae71b51b571,2026-07-03T05:15:00Z,2026-07-03T07:15:00+0200,9022.45,MW,BE,BE,actual_load,Actual Load,2026-08-02T04:32:23Z
2026-08-02T04:32:20Z,2026-08-02T06:32:20+0200,7aafc1bd-8364-45d6-9e1e-5ae71b51b571,2026-07-03T05:30:00Z,2026-07-03T07:30:00+0200,9219.04,MW,BE,BE,actual_load,Actual Load,2026-08-02T04:32:23Z
2026-08-02T04:32:20Z,2026-08-02T06:32:20+0200,7aafc1bd-8364-45d6-9e1e-5ae71b51b571,2026-07-03T05:45:00Z,2026-07-03T07:45:00+0200,9508.17,MW,BE,BE,actual_load,Actual Load,2026-08-02T04:32:23Z
2026-08-02T04:32:20Z,2026-08-02T06:32:20+0200,7aafc1bd-8364-45d6-9e1e-5ae71b51b571,2026-07-03T06:00:00Z,2026-07-03T08:00:00+0200,9424.57,MW,BE,BE,actual_load,Actual Load,2026-08-02T04:32:23Z
2026-08-02T04:32:20Z,2026-08-02T06:32:20+0200,7aafc1bd-8364-45d6-9e1e-5ae71b51b571,2026-07-03T06:15:00Z,2026-07-03T08:15:00+0200,9596.79,MW,BE,BE,actual_load,Actual Load,2026-08-02T04:32:23Z
2026-08-02T04:32:20Z,2026-08-02T06:32:20+0200,7aafc1bd-8364-45d6-9e1e-5ae71b51b571,2026-07-03T06:30:00Z,2026-07-03T08:30:00+0200,9712.36,MW,BE,BE,actual_load,Actual Load,2026-08-02T04:32:23Z
2026-08-02T04:32:20Z,2026-08-02T06:32:20+0200,7aafc1bd-8364-45d6-9e1e-5ae71b51b571,2026-07-03T06:45:00Z,2026-07-03T08:45:00+0200,9860.02,MW,BE,BE,actual_load,Actual Load,2026-08-02T04:32:23Z
2026-08-02T04:32:20Z,2026-08-02T06:32:20+0200,7aafc1bd-8364-45d6-9e1e-5ae71b51b571,2026-07-03T07:00:00Z,2026-07-03T09:00:00+0200,9815.53,MW,BE,BE,actual_load,Actual Load,2026-08-02T04:32:23Z
2026-08-02T04:32:20Z,2026-08-02T06:32:20+0200,7aafc1bd-8364-45d6-9e1e-5ae71b51b571,2026-07-03T07:15:00Z,2026-07-03T09:15:00+0200,10065.04,MW,BE,BE,actual_load,Actual Load,2026-08-02T04:32:23Z
2026-08-02T04:32:20Z,2026-08-02T06:32:20+0200,7aafc1bd-8364-45d6-9e1e-5ae71b51b571,2026-07-03T07:30:00Z,2026-07-03T09:30:00+0200,10365.85,MW,BE,BE,actual_load,Actual Load,2026-08-02T04:32:23Z
2026-08-02T04:32:20Z,2026-08-02T06:32:20+0200,7aafc1bd-8364-45d6-9e1e-5ae71b51b571,2026-07-03T07:45:00Z,2026-07-03T09:45:00+0200,10447.15,MW,BE,BE,actual_load,Actual Load,2026-08-02T04:32:23Z
2026-08-02T04:32:20Z,2026-08-02T06:32:20+0200,7aafc1bd-8364-45d6-9e1e-5ae71b51b571,2026-07-03T08:00:00Z,2026-07-03T10:00:00+0200,10486.12,MW,BE,BE,actual_load,Actual Load,2026-08-02T04:32:23Z
2026-08-02T04:32:20Z,2026-08-02T06:32:20+0200,7aafc1bd-8364-45d6-9e1e-5ae71b51b571,2026-07-03T08:15:00Z,2026-07-03T10:15:00+0200,10535.99,MW,BE,BE,actual_load,Actual Load,2026-08-02T04:32:23Z
2026-08-02T04:32:20Z,2026-08-02T06:32:20+0200,7aafc1bd-8364-45d6-9e1e-5ae71b51b571,2026-07-03T08:30:00Z,2026-07-03T10:30:00+0200,10668.94,MW,BE,BE,actual_load,Actual Load,2026-08-02T04:32:23Z
2026-08-02T04:32:20Z,2026-08-02T06:32:20+0200,7aafc1bd-8364-45d6-9e1e-5ae71b51b571,2026-07-03T08:45:00Z,2026-07-03T10:45:00+0200,10800.41,MW,BE,BE,actual_load,Actual Load,2026-08-02T04:32:23Z
2026-08-02T04:32:20Z,2026-08-02T06:32:20+0200,7aafc1bd-8364-45d6-9e1e-5ae71b51b571,2026-07-03T09:00:00Z,2026-07-03T11:00:00+0200,10771.2,MW,BE,BE,actual_load,Actual Load,2026-08-02T04:32:23Z
2026-08-02T04:32:20Z,2026-08-02T06:32:20+0200,7aafc1bd-8364-45d6-9e1e-5ae71b51b571,2026-07-03T09:15:00Z,2026-07-03T11:15:00+0200,10909.8,MW,BE,BE,actual_load,Actual Load,2026-08-02T04:32:23Z
2026-08-02T04:32:20Z,2026-08-02T06:32:20+0200,7aafc1bd-8364-45d6-9e1e-5ae71b51b571,2026-07-03T09:30:00Z,2026-07-03T11:30:00+0200,11054.4,MW,BE,BE,actual_load,Actual Load,2026-08-02T04:32:23Z
2026-08-02T04:32:20Z,2026-08-02T06:32:20+0200,7aafc1bd-8364-45d6-9e1e-5ae71b51b571,2026-07-03T09:45:00Z,2026-07-03T11:45:00+0200,11089.84,MW,BE,BE,actual_load,Actual Load,2026-08-02T04:32:23Z
2026-08-02T04:32:20Z,2026-08-02T06:32:20+0200,7aafc1bd-8364-45d6-9e1e-5ae71b51b571,2026-07-03T10:00:00Z,2026-07-03T12:00:00+0200,11177.26,MW,BE,BE,actual_load,Actual Load,2026-08-02T04:32:23Z
2026-08-02T04:32:20Z,2026-08-02T06:32:20+0200,7aafc1bd-8364-45d6-9e1e-5ae71b51b571,2026-07-03T10:15:00Z,2026-07-03T12:15:00+0200,11013.97,MW,BE,BE,actual_load,Actual Load,2026-08-02T04:32:23Z
2026-08-02T04:32:20Z,2026-08-02T06:32:20+0200,7aafc1bd-8364-45d6-9e1e-5ae71b51b571,2026-07-03T10:30:00Z,2026-07-03T12:30:00+0200,11008.78,MW,BE,BE,actual_load,Actual Load,2026-08-02T04:32:23Z
2026-08-02T04:32:20Z,2026-08-02T06:32:20+0200,7aafc1bd-8364-45d6-9e1e-5ae71b51b571,2026-07-03T10:45:00Z,2026-07-03T12:45:00+0200,11169.93,MW,BE,BE,actual_load,Actual Load,2026-08-02T04:32:23Z
2026-08-02T04:32:20Z,2026-08-02T06:32:20+0200,7aafc1bd-8364-45d6-9e1e-5ae71b51b571,2026-07-03T11:00:00Z,2026-07-03T13:00:00+0200,11270.89,MW,BE,BE,actual_load,Actual Load,2026-08-02T04:32:23Z
2026-08-02T04:32:20Z,2026-08-02T06:32:20+0200,7aafc1bd-8364-45d6-9e1e-5ae71b51b571,2026-07-03T11:15:00Z,2026-07-03T13:15:00+0200,11372.14,MW,BE,BE,actual_load,Actual Load,2026-08-02T04:32:23Z
2026-08-02T04:32:20Z,2026-08-02T06:32:20+0200,7aafc1bd-8364-45d6-9e1e-5ae71b51b571,2026-07-03T11:30:00Z,2026-07-03T13:30:00+0200,11235.73,MW,BE,BE,actual_load,Actual Load,2026-08-02T04:32:23Z
2026-08-02T04:32:20Z,2026-08-02T06:32:20+0200,7aafc1bd-8364-45d6-9e1e-5ae71b51b571,2026-07-03T11:45:00Z,2026-07-03T13:45:00+0200,11157.07,MW,BE,BE,actual_load,Actual Load,2026-08-02T04:32:23Z
2026-08-02T04:32:20Z,2026-08-02T06:32:20+0200,7aafc1bd-8364-45d6-9e1e-5ae71b51b571,2026-07-03T12:00:00Z,2026-07-03T14:00:00+0200,10939.17,MW,BE,BE,actual_load,Actual Load,2026-08-02T04:32:23Z
2026-08-02T04:32:20Z,2026-08-02T06:32:20+0200,7aafc1bd-8364-45d6-9e1e-5ae71b51b571,2026-07-03T12:15:00Z,2026-07-03T14:15:00+0200,10759.27,MW,BE,BE,actual_load,Actual Load,2026-08-02T04:32:23Z
2026-08-02T04:32:20Z,2026-08-02T06:32:20+0200,7aafc1bd-8364-45d6-9e1e-5ae71b51b571,2026-07-03T12:30:00Z,2026-07-03T14:30:00+0200,10734.43,MW,BE,BE,actual_load,Actual Load,2026-08-02T04:32:23Z
2026-08-02T04:32:20Z,2026-08-02T06:32:20+0200,7aafc1bd-8364-45d6-9e1e-5ae71b51b571,2026-07-03T12:45:00Z,2026-07-03T14:45:00+0200,10774.46,MW,BE,BE,actual_load,Actual Load,2026-08-02T04:32:23Z
2026-08-02T04:32:20Z,2026-08-02T06:32:20+0200,7aafc1bd-8364-45d6-9e1e-5ae71b51b571,2026-07-03T13:00:00Z,2026-07-03T15:00:00+0200,10909.9,MW,BE,BE,actual_load,Actual Load,2026-08-02T04:32:23Z
2026-08-02T04:32:20Z,2026-08-02T06:32:20+0200,7aafc1bd-8364-45d6-9e1e-5ae71b51b571,2026-07-03T13:15:00Z,2026-07-03T15:15:00+0200,10825.93,MW,BE,BE,actual_load,Actual Load,2026-08-02T04:32:23Z
2026-08-02T04:32:20Z,2026-08-02T06:32:20+0200,7aafc1bd-8364-45d6-9e1e-5ae71b51b571,2026-07-03T13:30:00Z,2026-07-03T15:30:00+0200,10795.61,MW,BE,BE,actual_load,Actual Load,2026-08-02T04:32:23Z
2026-08-02T04:32:20Z,2026-08-02T06:32:20+0200,7aafc1bd-8364-45d6-9e1e-5ae71b51b571,2026-07-03T13:45:00Z,2026-07-03T15:45:00+0200,10783.97,MW,BE,BE,actual_load,Actual Load,2026-08-02T04:32:23Z
2026-08-02T04:32:20Z,2026-08-02T06:32:20+0200,7aafc1bd-8364-45d6-9e1e-5ae71b51b571,2026-07-03T14:00:00Z,2026-07-03T16:00:00+0200,10363.81,MW,BE,BE,actual_load,Actual Load,2026-08-02T04:32:23Z
2026-08-02T04:32:20Z,2026-08-02T06:32:20+0200,7aafc1bd-8364-45d6-9e1e-5ae71b51b571,2026-07-03T14:15:00Z,2026-07-03T16:15:00+0200,10216.25,MW,BE,BE,actual_load,Actual Load,2026-08-02T04:32:23Z
2026-08-02T04:32:20Z,2026-08-02T06:32:20+0200,7aafc1bd-8364-45d6-9e1e-5ae71b51b571,2026-07-03T14:30:00Z,2026-07-03T16:30:00+0200,9974.1,MW,BE,BE,actual_load,Actual Load,2026-08-02T04:32:23Z
2026-08-02T04:32:20Z,2026-08-02T06:32:20+0200,7aafc1bd-8364-45d6-9e1e-5ae71b51b571,2026-07-03T14:45:00Z,2026-07-03T16:45:00+0200,10038.98,MW,BE,BE,actual_load,Actual Load,2026-08-02T04:32:23Z
2026-08-02T04:32:20Z,2026-08-02T06:32:20+0200,7aafc1bd-8364-45d6-9e1e-5ae71b51b571,2026-07-03T15:00:00Z,2026-07-03T17:00:00+0200,9988.61,MW,BE,BE,actual_load,Actual Load,2026-08-02T04:32:23Z
2026-08-02T04:32:20Z,2026-08-02T06:32:20+0200,7aafc1bd-8364-45d6-9e1e-5ae71b51b571,2026-07-03T15:15:00Z,2026-07-03T17:15:00+0200,9625.56,MW,BE,BE,actual_load,Actual Load,2026-08-02T04:32:23Z
2026-08-02T04:32:20Z,2026-08-02T06:32:20+0200,7aafc1bd-8364-45d6-9e1e-5ae71b51b571,2026-07-03T15:30:00Z,2026-07-03T17:30:00+0200,9546.36,MW,BE,BE,actual_load,Actual Load,2026-08-02T04:32:23Z
2026-08-02T04:32:20Z,2026-08-02T06:32:20+0200,7aafc1bd-8364-45d6-9e1e-5ae71b51b571,2026-07-03T15:45:00Z,2026-07-03T17:45:00+0200,9496.08,MW,BE,BE,actual_load,Actual Load,2026-08-02T04:32:23Z
2026-08-02T04:32:20Z,2026-08-02T06:32:20+0200,7aafc1bd-8364-45d6-9e1e-5ae71b51b571,2026-07-03T16:00:00Z,2026-07-03T18:00:00+0200,9358.53,MW,BE,BE,actual_load,Actual Load,2026-08-02T04:32:23Z
2026-08-02T04:32:20Z,2026-08-02T06:32:20+0200,7aafc1bd-8364-45d6-9e1e-5ae71b51b571,2026-07-03T16:15:00Z,2026-07-03T18:15:00+0200,9238.42,MW,BE,BE,actual_load,Actual Load,2026-08-02T04:32:23Z
2026-08-02T04:32:20Z,2026-08-02T06:32:20+0200,7aafc1bd-8364-45d6-9e1e-5ae71b51b571,2026-07-03T16:30:00Z,2026-07-03T18:30:00+0200,9409.33,MW,BE,BE,actual_load,Actual Load,2026-08-02T04:32:23Z
2026-08-02T04:32:20Z,2026-08-02T06:32:20+0200,7aafc1bd-8364-45d6-9e1e-5ae71b51b571,2026-07-03T16:45:00Z,2026-07-03T18:45:00+0200,9283.2,MW,BE,BE,actual_load,Actual Load,2026-08-02T04:32:23Z
2026-08-02T04:32:20Z,2026-08-02T06:32:20+0200,7aafc1bd-8364-45d6-9e1e-5ae71b51b571,2026-07-03T17:00:00Z,2026-07-03T19:00:00+0200,9236.49,MW,BE,BE,actual_load,Actual Load,2026-08-02T04:32:23Z
2026-08-02T04:32:20Z,2026-08-02T06:32:20+0200,7aafc1bd-8364-45d6-9e1e-5ae71b51b571,2026-07-03T17:15:00Z,2026-07-03T19:15:00+0200,9081.4,MW,BE,BE,actual_load,Actual Load,2026-08-02T04:32:23Z
2026-08-02T04:32:20Z,2026-08-02T06:32:20+0200,7aafc1bd-8364-45d6-9e1e-5ae71b51b571,2026-07-03T17:30:00Z,2026-07-03T19:30:00+0200,9230.59,MW,BE,BE,actual_load,Actual Load,2026-08-02T04:32:23Z
2026-08-02T04:32:20Z,2026-08-02T06:32:20+0200,7aafc1bd-8364-45d6-9e1e-5ae71b51b571,2026-07-03T17:45:00Z,2026-07-03T19:45:00+0200,9253.63,MW,BE,BE,actual_load,Actual Load,2026-08-02T04:32:23Z
2026-08-02T04:32:20Z,2026-08-02T06:32:20+0200,7aafc1bd-8364-45d6-9e1e-5ae71b51b571,2026-07-03T18:00:00Z,2026-07-03T20:00:00+0200,9239.42,MW,BE,BE,actual_load,Actual Load,2026-08-02T04:32:23Z
2026-08-02T04:32:20Z,2026-08-02T06:32:20+0200,7aafc1bd-8364-45d6-9e1e-5ae71b51b571,2026-07-03T18:15:00Z,2026-07-03T20:15:00+0200,9188.81,MW,BE,BE,actual_load,Actual Load,2026-08-02T04:32:23Z
2026-08-02T04:32:20Z,2026-08-02T06:32:20+0200,7aafc1bd-8364-45d6-9e1e-5ae71b51b571,2026-07-03T18:30:00Z,2026-07-03T20:30:00+0200,9135.09,MW,BE,BE,actual_load,Actual Load,2026-08-02T04:32:23Z
2026-08-02T04:32:20Z,2026-08-02T06:32:20+0200,7aafc1bd-8364-45d6-9e1e-5ae71b51b571,2026-07-03T18:45:00Z,2026-07-03T20:45:00+0200,8964.97,MW,BE,BE,actual_load,Actual Load,2026-08-02T04:32:23Z
2026-08-02T04:32:20Z,2026-08-02T06:32:20+0200,7aafc1bd-8364-45d6-9e1e-5ae71b51b571,2026-07-03T19:00:00Z,2026-07-03T21:00:00+0200,9038.58,MW,BE,BE,actual_load,Actual Load,2026-08-02T04:32:23Z
2026-08-02T04:32:20Z,2026-08-02T06:32:20+0200,7aafc1bd-8364-45d6-9e1e-5ae71b51b571,2026-07-03T19:15:00Z,2026-07-03T21:15:00+0200,8829.83,MW,BE,BE,actual_load,Actual Load,2026-08-02T04:32:23Z
2026-08-02T04:32:20Z,2026-08-02T06:32:20+0200,7aafc1bd-8364-45d6-9e1e-5ae71b51b571,2026-07-03T19:30:00Z,2026-07-03T21:30:00+0200,8716.42,MW,BE,BE,actual_load,Actual Load,2026-08-02T04:32:23Z
2026-08-02T04:32:20Z,2026-08-02T06:32:20+0200,7aafc1bd-8364-45d6-9e1e-5ae71b51b571,2026-07-03T19:45:00Z,2026-07-03T21:45:00+0200,8752.74,MW,BE,BE,actual_load,Actual Load,2026-08-02T04:32:23Z
2026-08-02T04:32:20Z,2026-08-02T06:32:20+0200,7aafc1bd-8364-45d6-9e1e-5ae71b51b571,2026-07-03T20:00:00Z,2026-07-03T22:00:00+0200,8826.98,MW,BE,BE,actual_load,Actual Load,2026-08-02T04:32:23Z
2026-08-02T04:32:20Z,2026-08-02T06:32:20+0200,7aafc1bd-8364-45d6-9e1e-5ae71b51b571,2026-07-03T20:15:00Z,2026-07-03T22:15:00+0200,8905.93,MW,BE,BE,actual_load,Actual Load,2026-08-02T04:32:23Z
2026-08-02T04:32:20Z,2026-08-02T06:32:20+0200,7aafc1bd-8364-45d6-9e1e-5ae71b51b571,2026-07-03T20:30:00Z,2026-07-03T22:30:00+0200,8823.65,MW,BE,BE,actual_load,Actual Load,2026-08-02T04:32:23Z
2026-08-02T04:32:20Z,2026-08-02T06:32:20+0200,7aafc1bd-8364-45d6-9e1e-5ae71b51b571,2026-07-03T20:45:00Z,2026-07-03T22:45:00+0200,8826.62,MW,BE,BE,actual_load,Actual Load,2026-08-02T04:32:23Z
2026-08-02T04:32:20Z,2026-08-02T06:32:20+0200,7aafc1bd-8364-45d6-9e1e-5ae71b51b571,2026-07-03T21:00:00Z,2026-07-03T23:00:00+0200,8651.23,MW,BE,BE,actual_load,Actual Load,2026-08-02T04:32:23Z
2026-08-02T04:32:20Z,2026-08-02T06:32:20+0200,7aafc1bd-8364-45d6-9e1e-5ae71b51b571,2026-07-03T21:15:00Z,2026-07-03T23:15:00+0200,8480.07,MW,BE,BE,actual_load,Actual Load,2026-08-02T04:32:23Z
2026-08-02T04:32:20Z,2026-08-02T06:32:20+0200,7aafc1bd-8364-45d6-9e1e-5ae71b51b571,2026-07-03T21:30:00Z,2026-07-03T23:30:00+0200,8456.4,MW,BE,BE,actual_load,Actual Load,2026-08-02T04:32:23Z
2026-08-02T04:32:20Z,2026-08-02T06:32:20+0200,7aafc1bd-8364-45d6-9e1e-5ae71b51b571,2026-07-03T21:45:00Z,2026-07-03T23:45:00+0200,8269.12,MW,BE,BE,actual_load,Actual Load,2026-08-02T04:32:23Z
2026-08-02T04:32:20Z,2026-08-02T06:32:20+0200,7aafc1bd-8364-45d6-9e1e-5ae71b51b571,2026-07-03T22:00:00Z,2026-07-04T00:00:00+0200,8035.49,MW,BE,BE,actual_load,Actual Load,2026-08-02T04:32:23Z
2026-08-02T04:32:20Z,2026-08-02T06:32:20+0200,7aafc1bd-8364-45d6-9e1e-5ae71b51b571,2026-07-03T22:15:00Z,2026-07-04T00:15:00+0200,7907.54,MW,BE,BE,actual_load,Actual Load,2026-08-02T04:32:23Z
2026-08-02T04:32:20Z,2026-08-02T06:32:20+0200,7aafc1bd-8364-45d6-9e1e-5ae71b51b571,2026-07-03T22:30:00Z,2026-07-04T00:30:00+0200,7815.63,MW,BE,BE,actual_load,Actual Load,2026-08-02T04:32:23Z
2026-08-02T04:32:20Z,2026-08-02T06:32:20+0200,7aafc1bd-8364-45d6-9e1e-5ae71b51b571,2026-07-03T22:45:00Z,2026-07-04T00:45:00+0200,7727.41,MW,BE,BE,actual_load,Actual Load,2026-08-02T04:32:23Z
2026-08-02T04:32:20Z,2026-08-02T06:32:20+0200,7aafc1bd-8364-45d6-9e1e-5ae71b51b571,2026-07-03T23:00:00Z,2026-07-04T01:00:00+0200,7617.61,MW,BE,BE,actual_load,Actual Load,2026-08-02T04:32:23Z
2026-08-02T04:32:20Z,2026-08-02T06:32:20+0200,7aafc1bd-8364-45d6-9e1e-5ae71b51b571,2026-07-03T23:15:00Z,2026-07-04T01:15:00+0200,7618.49,MW,BE,BE,actual_load,Actual Load,2026-08-02T04:32:23Z
2026-08-02T04:32:20Z,2026-08-02T06:32:20+0200,7aafc1bd-8364-45d6-9e1e-5ae71b51b571,2026-07-03T23:30:00Z,2026-07-04T01:30:00+0200,7475.12,MW,BE,BE,actual_load,Actual Load,2026-08-02T04:32:23Z
2026-08-02T04:32:20Z,2026-08-02T06:32:20+0200,7aafc1bd-8364-45d6-9e1e-5ae71b51b571,2026-07-03T23:45:00Z,2026-07-04T01:45:00+0200,7463.62,MW,BE,BE,actual_load,Actual Load,2026-08-02T04:32:23Z
2026-08-02T04:32:20Z,2026-08-02T06:32:20+0200,7aafc1bd-8364-45d6-9e1e-5ae71b51b571,2026-07-04T00:00:00Z,2026-07-04T02:00:00+0200,7376.82,MW,BE,BE,actual_load,Actual Load,2026-08-02T04:32:23Z
2026-08-02T04:32:20Z,2026-08-02T06:32:20+0200,7aafc1bd-8364-45d6-9e1e-5ae71b51b571,2026-07-04T00:15:00Z,2026-07-04T02:15:00+0200,7311.28,MW,BE,BE,actual_load,Actual Load,2026-08-02T04:32:23Z
2026-08-02T04:32:20Z,2026-08-02T06:32:20+0200,7aafc1bd-8364-45d6-9e1e-5ae71b51b571,2026-07-04T00:30:00Z,2026-07-04T02:30:00+0200,7301.63,MW,BE,BE,actual_load,Actual Load,2026-08-02T04:32:23Z
2026-08-02T04:32:20Z,2026-08-02T06:32:20+0200,7aafc1bd-8364-45d6-9e1e-5ae71b51b571,2026-07-04T00:45:00Z,2026-07-04T02:45:00+0200,7270.09,MW,BE,BE,actual_load,Actual Load,2026-08-02T04:32:23Z
2026-08-02T04:32:20Z,2026-08-02T06:32:20+0200,7aafc1bd-8364-45d6-9e1e-5ae71b51b571,2026-07-04T01:00:00Z,2026-07-04T03:00:00+0200,7316.58,MW,BE,BE,actual_load,Actual Load,2026-08-02T04:32:23Z
2026-08-02T04:32:20Z,2026-08-02T06:32:20+0200,7aafc1bd-8364-45d6-9e1e-5ae71b51b571,2026-07-04T01:15:00Z,2026-07-04T03:15:00+0200,7326.46,MW,BE,BE,actual_load,Actual Load,2026-08-02T04:32:23Z
2026-08-02T04:32:20Z,2026-08-02T06:32:20+0200,7aafc1bd-8364-45d6-9e1e-5ae71b51b571,2026-07-04T01:30:00Z,2026-07-04T03:30:00+0200,7296.87,MW,BE,BE,actual_load,Actual Load,2026-08-02T04:32:23Z
2026-08-02T04:32:20Z,2026-08-02T06:32:20+0200,7aafc1bd-8364-45d6-9e1e-5ae71b51b571,2026-07-04T01:45:00Z,2026-07-04T03:45:00+0200,7278.6,MW,BE,BE,actual_load,Actual Load,2026-08-02T04:32:23Z
2026-08-02T04:32:20Z,2026-08-02T06:32:20+0200,7aafc1bd-8364-45d6-9e1e-5ae71b51b571,2026-07-04T02:00:00Z,2026-07-04T04:00:00+0200,7322.69,MW,BE,BE,actual_load,Actual Load,2026-08-02T04:32:23Z
2026-08-02T04:32:20Z,2026-08-02T06:32:20+0200,7aafc1bd-8364-45d6-9e1e-5ae71b51b571,2026-07-04T02:15:00Z,2026-07-04T04:15:00+0200,7310.05,MW,BE,BE,actual_load,Actual Load,2026-08-02T04:32:23Z
2026-08-02T04:32:20Z,2026-08-02T06:32:20+0200,7aafc1bd-8364-45d6-9e1e-5ae71b51b571,2026-07-04T02:30:00Z,2026-07-04T04:30:00+0200,7293.25,MW,BE,BE,actual_load,Actual Load,2026-08-02T04:32:23Z
2026-08-02T04:32:20Z,2026-08-02T06:32:20+0200,7aafc1bd-8364-45d6-9e1e-5ae71b51b571,2026-07-04T02:45:00Z,2026-07-04T04:45:00+0200,7289.12,MW,BE,BE,actual_load,Actual Load,2026-08-02T04:32:23Z
2026-08-02T04:32:20Z,2026-08-02T06:32:20+0200,7aafc1bd-8364-45d6-9e1e-5ae71b51b571,2026-07-04T03:00:00Z,2026-07-04T05:00:00+0200,7364.32,MW,BE,BE,actual_load,Actual Load,2026-08-02T04:32:23Z
2026-08-02T04:32:20Z,2026-08-02T06:32:20+0200,7aafc1bd-8364-45d6-9e1e-5ae71b51b571,2026-07-04T03:15:00Z,2026-07-04T05:15:00+0200,7229.23,MW,BE,BE,actual_load,Actual Load,2026-08-02T04:32:23Z
2026-08-02T04:32:20Z,2026-08-02T06:32:20+0200,7aafc1bd-8364-45d6-9e1e-5ae71b51b571,2026-07-04T03:30:00Z,2026-07-04T05:30:00+0200,7229.09,MW,BE,BE,actual_load,Actual Load,2026-08-02T04:32:23Z
2026-08-02T04:32:20Z,2026-08-02T06:32:20+0200,7aafc1bd-8364-45d6-9e1e-5ae71b51b571,2026-07-04T03:45:00Z,2026-07-04T05:45:00+0200,7194.19,MW,BE,BE,actual_load,Actual Load,2026-08-02T04:32:23Z
2026-08-02T04:32:20Z,2026-08-02T06:32:20+0200,7aafc1bd-8364-45d6-9e1e-5ae71b51b571,2026-07-04T04:00:00Z,2026-07-04T06:00:00+0200,7296.94,MW,BE,BE,actual_load,Actual Load,2026-08-02T04:32:23Z
2026-08-02T04:32:20Z,2026-08-02T06:32:20+0200,7aafc1bd-8364-45d6-9e1e-5ae71b51b571,2026-07-04T04:15:00Z,2026-07-04T06:15:00+0200,7351.39,MW,BE,BE,actual_load,Actual Load,2026-08-02T04:32:23Z
2026-08-02T04:32:20Z,2026-08-02T06:32:20+0200,7aafc1bd-8364-45d6-9e1e-5ae71b51b571,2026-07-04T04:30:00Z,2026-07-04T06:30:00+0200,7331.22,MW,BE,BE,actual_load,Actual Load,2026-08-02T04:32:23Z
2026-08-02T04:32:20Z,2026-08-02T06:32:20+0200,7aafc1bd-8364-45d6-9e1e-5ae71b51b571,2026-07-04T04:45:00Z,2026-07-04T06:45:00+0200,7507.72,MW,BE,BE,actual_load,Actual Load,2026-08-02T04:32:23Z
2026-08-02T04:32:20Z,2026-08-02T06:32:20+0200,7aafc1bd-8364-45d6-9e1e-5ae71b51b571,2026-07-04T05:00:00Z,2026-07-04T07:00:00+0200,7624.7,MW,BE,BE,actual_load,Actual Load,2026-08-02T04:32:23Z
2026-08-02T04:32:20Z,2026-08-02T06:32:20+0200,7aafc1bd-8364-45d6-9e1e-5ae71b51b571,2026-07-04T05:15:00Z,2026-07-04T07:15:00+0200,7701.44,MW,BE,BE,actual_load,Actual Load,2026-08-02T04:32:23Z
2026-08-02T04:32:20Z,2026-08-02T06:32:20+0200,7aafc1bd-8364-45d6-9e1e-5ae71b51b571,2026-07-04T05:30:00Z,2026-07-04T07:30:00+0200,7852.92,MW,BE,BE,actual_load,Actual Load,2026-08-02T04:32:23Z
2026-08-02T04:32:20Z,2026-08-02T06:32:20+0200,7aafc1bd-8364-45d6-9e1e-5ae71b51b571,2026-07-04T05:45:00Z,2026-07-04T07:45:00+0200,7952.46,MW,BE,BE,actual_load,Actual Load,2026-08-02T04:32:23Z
2026-08-02T04:32:20Z,2026-08-02T06:32:20+0200,7aafc1bd-8364-45d6-9e1e-5ae71b51b571,2026-07-04T06:00:00Z,2026-07-04T08:00:00+0200,8161.88,MW,BE,BE,actual_load,Actual Load,2026-08-02T04:32:23Z
2026-08-02T04:32:20Z,2026-08-02T06:32:20+0200,7aafc1bd-8364-45d6-9e1e-5ae71b51b571,2026-07-04T06:15:00Z,2026-07-04T08:15:00+0200,8162.45,MW,BE,BE,actual_load,Actual Load,2026-08-02T04:32:23Z
2026-08-02T04:32:20Z,2026-08-02T06:32:20+0200,7aafc1bd-8364-45d6-9e1e-5ae71b51b571,2026-07-04T06:30:00Z,2026-07-04T08:30:00+0200,8330.74,MW,BE,BE,actual_load,Actual Load,2026-08-02T04:32:23Z
2026-08-02T04:32:20Z,2026-08-02T06:32:20+0200,7aafc1bd-8364-45d6-9e1e-5ae71b51b571,2026-07-04T06:45:00Z,2026-07-04T08:45:00+0200,8471.84,MW,BE,BE,actual_load,Actual Load,2026-08-02T04:32:23Z
2026-08-02T04:32:20Z,2026-08-02T06:32:20+0200,7aafc1bd-8364-45d6-9e1e-5ae71b51b571,2026-07-04T07:00:00Z,2026-07-04T09:00:00+0200,8487.07,MW,BE,BE,actual_load,Actual Load,2026-08-02T04:32:23Z
2026-08-02T04:32:20Z,2026-08-02T06:32:20+0200,7aafc1bd-8364-45d6-9e1e-5ae71b51b571,2026-07-04T07:15:00Z,2026-07-04T09:15:00+0200,8539.05,MW,BE,BE,actual_load,Actual Load,2026-08-02T04:32:23Z
2026-08-02T04:32:20Z,2026-08-02T06:32:20+0200,7aafc1bd-8364-45d6-9e1e-5ae71b51b571,2026-07-04T07:30:00Z,2026-07-04T09:30:00+0200,8675.2,MW,BE,BE,actual_load,Actual Load,2026-08-02T04:32:23Z
2026-08-02T04:32:20Z,2026-08-02T06:32:20+0200,7aafc1bd-8364-45d6-9e1e-5ae71b51b571,2026-07-04T07:45:00Z,2026-07-04T09:45:00+0200,8743.91,MW,BE,BE,actual_load,Actual Load,2026-08-02T04:32:23Z
2026-08-02T04:32:20Z,2026-08-02T06:32:20+0200,7aafc1bd-8364-45d6-9e1e-5ae71b51b571,2026-07-04T08:00:00Z,2026-07-04T10:00:00+0200,8756.49,MW,BE,BE,actual_load,Actual Load,2026-08-02T04:32:23Z
2026-08-02T04:32:20Z,2026-08-02T06:32:20+0200,7aafc1bd-8364-45d6-9e1e-5ae71b51b571,2026-07-04T08:15:00Z,2026-07-04T10:15:00+0200,8941.02,MW,BE,BE,actual_load,Actual Load,2026-08-02T04:32:23Z
2026-08-02T04:32:20Z,2026-08-02T06:32:20+0200,7aafc1bd-8364-45d6-9e1e-5ae71b51b571,2026-07-04T08:30:00Z,2026-07-04T10:30:00+0200,8947.52,MW,BE,BE,actual_load,Actual Load,2026-08-02T04:32:23Z
2026-08-02T04:32:20Z,2026-08-02T06:32:20+0200,7aafc1bd-8364-45d6-9e1e-5ae71b51b571,2026-07-04T08:45:00Z,2026-07-04T10:45:00+0200,9088.84,MW,BE,BE,actual_load,Actual Load,2026-08-02T04:32:23Z
2026-08-02T04:32:20Z,2026-08-02T06:32:20+0200,7aafc1bd-8364-45d6-9e1e-5ae71b51b571,2026-07-04T09:00:00Z,2026-07-04T11:00:00+0200,9263.01,MW,BE,BE,actual_load,Actual Load,2026-08-02T04:32:23Z
2026-08-02T04:32:20Z,2026-08-02T06:32:20+0200,7aafc1bd-8364-45d6-9e1e-5ae71b51b571,2026-07-04T09:15:00Z,2026-07-04T11:15:00+0200,9395.23,MW,BE,BE,actual_load,Actual Load,2026-08-02T04:32:23Z
2026-08-02T04:32:20Z,2026-08-02T06:32:20+0200,7aafc1bd-8364-45d6-9e1e-5ae71b51b571,2026-07-04T09:30:00Z,2026-07-04T11:30:00+0200,9625.74,MW,BE,BE,actual_load,Actual Load,2026-08-02T04:32:23Z
2026-08-02T04:32:20Z,2026-08-02T06:32:20+0200,7aafc1bd-8364-45d6-9e1e-5ae71b51b571,2026-07-04T09:45:00Z,2026-07-04T11:45:00+0200,9730.18,MW,BE,BE,actual_load,Actual Load,2026-08-02T04:32:23Z
2026-08-02T04:32:20Z,2026-08-02T06:32:20+0200,7aafc1bd-8364-45d6-9e1e-5ae71b51b571,2026-07-04T10:00:00Z,2026-07-04T12:00:00+0200,9809.04,MW,BE,BE,actual_load,Actual Load,2026-08-02T04:32:23Z
2026-08-02T04:32:20Z,2026-08-02T06:32:20+0200,7aafc1bd-8364-45d6-9e1e-5ae71b51b571,2026-07-04T10:15:00Z,2026-07-04T12:15:00+0200,9818.99,MW,BE,BE,actual_load,Actual Load,2026-08-02T04:32:23Z
2026-08-02T04:32:20Z,2026-08-02T06:32:20+0200,7aafc1bd-8364-45d6-9e1e-5ae71b51b571,2026-07-04T10:30:00Z,2026-07-04T12:30:00+0200,9773.68,MW,BE,BE,actual_load,Actual Load,2026-08-02T04:32:23Z
2026-08-02T04:32:20Z,2026-08-02T06:32:20+0200,7aafc1bd-8364-45d6-9e1e-5ae71b51b571,2026-07-04T10:45:00Z,2026-07-04T12:45:00+0200,9798.26,MW,BE,BE,actual_load,Actual Load,2026-08-02T04:32:23Z
2026-08-02T04:32:20Z,2026-08-02T06:32:20+0200,7aafc1bd-8364-45d6-9e1e-5ae71b51b571,2026-07-04T11:00:00Z,2026-07-04T13:00:00+0200,9667.83,MW,BE,BE,actual_load,Actual Load,2026-08-02T04:32:23Z
2026-08-02T04:32:20Z,2026-08-02T06:32:20+0200,7aafc1bd-8364-45d6-9e1e-5ae71b51b571,2026-07-04T11:15:00Z,2026-07-04T13:15:00+0200,9649.57,MW,BE,BE,actual_load,Actual Load,2026-08-02T04:32:23Z
2026-08-02T04:32:20Z,2026-08-02T06:32:20+0200,7aafc1bd-8364-45d6-9e1e-5ae71b51b571,2026-07-04T11:30:00Z,2026-07-04T13:30:00+0200,9576.25,MW,BE,BE,actual_load,Actual Load,2026-08-02T04:32:23Z
2026-08-02T04:32:20Z,2026-08-02T06:32:20+0200,7aafc1bd-8364-45d6-9e1e-5ae71b51b571,2026-07-04T11:45:00Z,2026-07-04T13:45:00+0200,9389.47,MW,BE,BE,actual_load,Actual Load,2026-08-02T04:32:23Z
2026-08-02T04:32:20Z,2026-08-02T06:32:20+0200,7aafc1bd-8364-45d6-9e1e-5ae71b51b571,2026-07-04T12:00:00Z,2026-07-04T14:00:00+0200,9340.91,MW,BE,BE,actual_load,Actual Load,2026-08-02T04:32:23Z
2026-08-02T04:32:20Z,2026-08-02T06:32:20+0200,7aafc1bd-8364-45d6-9e1e-5ae71b51b571,2026-07-04T12:15:00Z,2026-07-04T14:15:00+0200,9137.18,MW,BE,BE,actual_load,Actual Load,2026-08-02T04:32:23Z
2026-08-02T04:32:20Z,2026-08-02T06:32:20+0200,7aafc1bd-8364-45d6-9e1e-5ae71b51b571,2026-07-04T12:30:00Z,2026-07-04T14:30:00+0200,8996.02,MW,BE,BE,actual_load,Actual Load,2026-08-02T04:32:23Z
2026-08-02T04:32:20Z,2026-08-02T06:32:20+0200,7aafc1bd-8364-45d6-9e1e-5ae71b51b571,2026-07-04T12:45:00Z,2026-07-04T14:45:00+0200,8831.9,MW,BE,BE,actual_load,Actual Load,2026-08-02T04:32:23Z
2026-08-02T04:32:20Z,2026-08-02T06:32:20+0200,7aafc1bd-8364-45d6-9e1e-5ae71b51b571,2026-07-04T13:00:00Z,2026-07-04T15:00:00+0200,8856.61,MW,BE,BE,actual_load,Actual Load,2026-08-02T04:32:23Z
2026-08-02T04:32:20Z,2026-08-02T06:32:20+0200,7aafc1bd-8364-45d6-9e1e-5ae71b51b571,2026-07-04T13:15:00Z,2026-07-04T15:15:00+0200,8838.28,MW,BE,BE,actual_load,Actual Load,2026-08-02T04:32:23Z
2026-08-02T04:32:20Z,2026-08-02T06:32:20+0200,7aafc1bd-8364-45d6-9e1e-5ae71b51b571,2026-07-04T13:30:00Z,2026-07-04T15:30:00+0200,8856.48,MW,BE,BE,actual_load,Actual Load,2026-08-02T04:32:23Z
2026-08-02T04:32:20Z,2026-08-02T06:32:20+0200,7aafc1bd-8364-45d6-9e1e-5ae71b51b571,2026-07-04T13:45:00Z,2026-07-04T15:45:00+0200,8620.26,MW,BE,BE,actual_load,Actual Load,2026-08-02T04:32:23Z
2026-08-02T04:32:20Z,2026-08-02T06:32:20+0200,7aafc1bd-8364-45d6-9e1e-5ae71b51b571,2026-07-04T14:00:00Z,2026-07-04T16:00:00+0200,8613.38,MW,BE,BE,actual_load,Actual Load,2026-08-02T04:32:23Z
2026-08-02T04:32:20Z,2026-08-02T06:32:20+0200,7aafc1bd-8364-45d6-9e1e-5ae71b51b571,2026-07-04T14:15:00Z,2026-07-04T16:15:00+0200,8552.54,MW,BE,BE,actual_load,Actual Load,2026-08-02T04:32:23Z
2026-08-02T04:32:20Z,2026-08-02T06:32:20+0200,7aafc1bd-8364-45d6-9e1e-5ae71b51b571,2026-07-04T14:30:00Z,2026-07-04T16:30:00+0200,8619.65,MW,BE,BE,actual_load,Actual Load,2026-08-02T04:32:23Z
2026-08-02T04:32:20Z,2026-08-02T06:32:20+0200,7aafc1bd-8364-45d6-9e1e-5ae71b51b571,2026-07-04T14:45:00Z,2026-07-04T16:45:00+0200,8735.64,MW,BE,BE,actual_load,Actual Load,2026-08-02T04:32:23Z
2026-08-02T04:32:20Z,2026-08-02T06:32:20+0200,7aafc1bd-8364-45d6-9e1e-5ae71b51b571,2026-07-04T15:00:00Z,2026-07-04T17:00:00+0200,8631.94,MW,BE,BE,actual_load,Actual Load,2026-08-02T04:32:23Z
2026-08-02T04:32:20Z,2026-08-02T06:32:20+0200,7aafc1bd-8364-45d6-9e1e-5ae71b51b571,2026-07-04T15:15:00Z,2026-07-04T17:15:00+0200,8479.66,MW,BE,BE,actual_load,Actual Load,2026-08-02T04:32:23Z
2026-08-02T04:32:20Z,2026-08-02T06:32:20+0200,7aafc1bd-8364-45d6-9e1e-5ae71b51b571,2026-07-04T15:30:00Z,2026-07-04T17:30:00+0200,8617.67,MW,BE,BE,actual_load,Actual Load,2026-08-02T04:32:23Z
2026-08-02T04:32:20Z,2026-08-02T06:32:20+0200,7aafc1bd-8364-45d6-9e1e-5ae71b51b571,2026-07-04T15:45:00Z,2026-07-04T17:45:00+0200,8622.97,MW,BE,BE,actual_load,Actual Load,2026-08-02T04:32:23Z
2026-08-02T04:32:20Z,2026-08-02T06:32:20+0200,7aafc1bd-8364-45d6-9e1e-5ae71b51b571,2026-07-04T16:00:00Z,2026-07-04T18:00:00+0200,8358.55,MW,BE,BE,actual_load,Actual Load,2026-08-02T04:32:23Z
2026-08-02T04:32:20Z,2026-08-02T06:32:20+0200,7aafc1bd-8364-45d6-9e1e-5ae71b51b571,2026-07-04T16:15:00Z,2026-07-04T18:15:00+0200,8288.58,MW,BE,BE,actual_load,Actual Load,2026-08-02T04:32:23Z
2026-08-02T04:32:20Z,2026-08-02T06:32:20+0200,7aafc1bd-8364-45d6-9e1e-5ae71b51b571,2026-07-04T16:30:00Z,2026-07-04T18:30:00+0200,8289.83,MW,BE,BE,actual_load,Actual Load,2026-08-02T04:32:23Z
2026-08-02T04:32:20Z,2026-08-02T06:32:20+0200,7aafc1bd-8364-45d6-9e1e-5ae71b51b571,2026-07-04T16:45:00Z,2026-07-04T18:45:00+0200,8293.88,MW,BE,BE,actual_load,Actual Load,2026-08-02T04:32:23Z
2026-08-02T04:32:20Z,2026-08-02T06:32:20+0200,7aafc1bd-8364-45d6-9e1e-5ae71b51b571,2026-07-04T17:00:00Z,2026-07-04T19:00:00+0200,8366.31,MW,BE,BE,actual_load,Actual Load,2026-08-02T04:32:23Z
2026-08-02T04:32:20Z,2026-08-02T06:32:20+0200,7aafc1bd-8364-45d6-9e1e-5ae71b51b571,2026-07-04T17:15:00Z,2026-07-04T19:15:00+0200,8398.09,MW,BE,BE,actual_load,Actual Load,2026-08-02T04:32:23Z
2026-08-02T04:32:20Z,2026-08-02T06:32:20+0200,7aafc1bd-8364-45d6-9e1e-5ae71b51b571,2026-07-04T17:30:00Z,2026-07-04T19:30:00+0200,8387.65,MW,BE,BE,actual_load,Actual Load,2026-08-02T04:32:23Z
2026-08-02T04:32:20Z,2026-08-02T06:32:20+0200,7aafc1bd-8364-45d6-9e1e-5ae71b51b571,2026-07-04T17:45:00Z,2026-07-04T19:45:00+0200,8448.59,MW,BE,BE,actual_load,Actual Load,2026-08-02T04:32:23Z
2026-08-02T04:32:20Z,2026-08-02T06:32:20+0200,7aafc1bd-8364-45d6-9e1e-5ae71b51b571,2026-07-04T18:00:00Z,2026-07-04T20:00:00+0200,8495.46,MW,BE,BE,actual_load,Actual Load,2026-08-02T04:32:23Z
2026-08-02T04:32:20Z,2026-08-02T06:32:20+0200,7aafc1bd-8364-45d6-9e1e-5ae71b51b571,2026-07-04T18:15:00Z,2026-07-04T20:15:00+0200,8616.05,MW,BE,BE,actual_load,Actual Load,2026-08-02T04:32:23Z
2026-08-02T04:32:20Z,2026-08-02T06:32:20+0200,7aafc1bd-8364-45d6-9e1e-5ae71b51b571,2026-07-04T18:30:00Z,2026-07-04T20:30:00+0200,8542.39,MW,BE,BE,actual_load,Actual Load,2026-08-02T04:32:23Z
2026-08-02T04:32:20Z,2026-08-02T06:32:20+0200,7aafc1bd-8364-45d6-9e1e-5ae71b51b571,2026-07-04T18:45:00Z,2026-07-04T20:45:00+0200,8454.07,MW,BE,BE,actual_load,Actual Load,2026-08-02T04:32:23Z
2026-08-02T04:32:20Z,2026-08-02T06:32:20+0200,7aafc1bd-8364-45d6-9e1e-5ae71b51b571,2026-07-04T19:00:00Z,2026-07-04T21:00:00+0200,8453.66,MW,BE,BE,actual_load,Actual Load,2026-08-02T04:32:23Z
2026-08-02T04:32:20Z,2026-08-02T06:32:20+0200,7aafc1bd-8364-45d6-9e1e-5ae71b51b571,2026-07-04T19:15:00Z,2026-07-04T21:15:00+0200,8390.37,MW,BE,BE,actual_load,Actual Load,2026-08-02T04:32:23Z
2026-08-02T04:32:20Z,2026-08-02T06:32:20+0200,7aafc1bd-8364-45d6-9e1e-5ae71b51b571,2026-07-04T19:30:00Z,2026-07-04T21:30:00+0200,8341.35,MW,BE,BE,actual_load,Actual Load,2026-08-02T04:32:23Z
2026-08-02T04:32:20Z,2026-08-02T06:32:20+0200,7aafc1bd-8364-45d6-9e1e-5ae71b51b571,2026-07-04T19:45:00Z,2026-07-04T21:45:00+0200,8308.14,MW,BE,BE,actual_load,Actual Load,2026-08-02T04:32:23Z
2026-08-02T04:32:20Z,2026-08-02T06:32:20+0200,7aafc1bd-8364-45d6-9e1e-5ae71b51b571,2026-07-04T20:00:00Z,2026-07-04T22:00:00+0200,8398.61,MW,BE,BE,actual_load,Actual Load,2026-08-02T04:32:23Z
2026-08-02T04:32:20Z,2026-08-02T06:32:20+0200,7aafc1bd-8364-45d6-9e1e-5ae71b51b571,2026-07-04T20:15:00Z,2026-07-04T22:15:00+0200,8507.58,MW,BE,BE,actual_load,Actual Load,2026-08-02T04:32:23Z
2026-08-02T04:32:20Z,2026-08-02T06:32:20+0200,7aafc1bd-8364-45d6-9e1e-5ae71b51b571,2026-07-04T20:30:00Z,2026-07-04T22:30:00+0200,8414.35,MW,BE,BE,actual_load,Actual Load,2026-08-02T04:32:23Z
2026-08-02T04:32:20Z,2026-08-02T06:32:20+0200,7aafc1bd-8364-45d6-9e1e-5ae71b51b571,2026-07-04T20:45:00Z,2026-07-04T22:45:00+0200,8450.25,MW,BE,BE,actual_load,Actual Load,2026-08-02T04:32:23Z
2026-08-02T04:32:20Z,2026-08-02T06:32:20+0200,7aafc1bd-8364-45d6-9e1e-5ae71b51b571,2026-07-04T21:00:00Z,2026-07-04T23:00:00+0200,8266.64,MW,BE,BE,actual_load,Actual Load,2026-08-02T04:32:23Z
2026-08-02T04:32:20Z,2026-08-02T06:32:20+0200,7aafc1bd-8364-45d6-9e1e-5ae71b51b571,2026-07-04T21:15:00Z,2026-07-04T23:15:00+0200,8255.38,MW,BE,BE,actual_load,Actual Load,2026-08-02T04:32:23Z
2026-08-02T04:32:20Z,2026-08-02T06:32:20+0200,7aafc1bd-8364-45d6-9e1e-5ae71b51b571,2026-07-04T21:30:00Z,2026-07-04T23:30:00+0200,8149.53,MW,BE,BE,actual_load,Actual Load,2026-08-02T04:32:23Z
2026-08-02T04:32:20Z,2026-08-02T06:32:20+0200,7aafc1bd-8364-45d6-9e1e-5ae71b51b571,2026-07-04T21:45:00Z,2026-07-04T23:45:00+0200,7951.99,MW,BE,BE,actual_load,Actual Load,2026-08-02T04:32:23Z
2026-08-02T04:32:20Z,2026-08-02T06:32:20+0200,7aafc1bd-8364-45d6-9e1e-5ae71b51b571,2026-07-04T22:00:00Z,2026-07-05T00:00:00+0200,7749.9,MW,BE,BE,actual_load,Actual Load,2026-08-02T04:32:23Z
2026-08-02T04:32:20Z,2026-08-02T06:32:20+0200,7aafc1bd-8364-45d6-9e1e-5ae71b51b571,2026-07-04T22:15:00Z,2026-07-05T00:15:00+0200,7616.56,MW,BE,BE,actual_load,Actual Load,2026-08-02T04:32:23Z
2026-08-02T04:32:20Z,2026-08-02T06:32:20+0200,7aafc1bd-8364-45d6-9e1e-5ae71b51b571,2026-07-04T22:30:00Z,2026-07-05T00:30:00+0200,7582.19,MW,BE,BE,actual_load,Actual Load,2026-08-02T04:32:23Z
2026-08-02T04:32:20Z,2026-08-02T06:32:20+0200,7aafc1bd-8364-45d6-9e1e-5ae71b51b571,2026-07-04T22:45:00Z,2026-07-05T00:45:00+0200,7629.88,MW,BE,BE,actual_load,Actual Load,2026-08-02T04:32:23Z
2026-08-02T04:32:20Z,2026-08-02T06:32:20+0200,7aafc1bd-8364-45d6-9e1e-5ae71b51b571,2026-07-04T23:00:00Z,2026-07-05T01:00:00+0200,7490.7,MW,BE,BE,actual_load,Actual Load,2026-08-02T04:32:23Z
2026-08-02T04:32:20Z,2026-08-02T06:32:20+0200,7aafc1bd-8364-45d6-9e1e-5ae71b51b571,2026-07-04T23:15:00Z,2026-07-05T01:15:00+0200,7474.11,MW,BE,BE,actual_load,Actual Load,2026-08-02T04:32:23Z
2026-08-02T04:32:20Z,2026-08-02T06:32:20+0200,7aafc1bd-8364-45d6-9e1e-5ae71b51b571,2026-07-04T23:30:00Z,2026-07-05T01:30:00+0200,7386.11,MW,BE,BE,actual_load,Actual Load,2026-08-02T04:32:23Z
2026-08-02T04:32:20Z,2026-08-02T06:32:20+0200,7aafc1bd-8364-45d6-9e1e-5ae71b51b571,2026-07-04T23:45:00Z,2026-07-05T01:45:00+0200,7285.43,MW,BE,BE,actual_load,Actual Load,2026-08-02T04:32:23Z
2026-08-02T04:32:20Z,2026-08-02T06:32:20+0200,7aafc1bd-8364-45d6-9e1e-5ae71b51b571,2026-07-05T00:00:00Z,2026-07-05T02:00:00+0200,7307.78,MW,BE,BE,actual_load,Actual Load,2026-08-02T04:32:23Z
2026-08-02T04:32:20Z,2026-08-02T06:32:20+0200,7aafc1bd-8364-45d6-9e1e-5ae71b51b571,2026-07-05T00:15:00Z,2026-07-05T02:15:00+0200,7165.75,MW,BE,BE,actual_load,Actual Load,2026-08-02T04:32:23Z
2026-08-02T04:32:20Z,2026-08-02T06:32:20+0200,7aafc1bd-8364-45d6-9e1e-5ae71b51b571,2026-07-05T00:30:00Z,2026-07-05T02:30:00+0200,7194.75,MW,BE,BE,actual_load,Actual Load,2026-08-02T04:32:23Z
2026-08-02T04:32:20Z,2026-08-02T06:32:20+0200,7aafc1bd-8364-45d6-9e1e-5ae71b51b571,2026-07-05T00:45:00Z,2026-07-05T02:45:00+0200,7158.54,MW,BE,BE,actual_load,Actual Load,2026-08-02T04:32:23Z
2026-08-02T04:32:20Z,2026-08-02T06:32:20+0200,7aafc1bd-8364-45d6-9e1e-5ae71b51b571,2026-07-05T01:00:00Z,2026-07-05T03:00:00+0200,7126.95,MW,BE,BE,actual_load,Actual Load,2026-08-02T04:32:23Z
2026-08-02T04:32:20Z,2026-08-02T06:32:20+0200,7aafc1bd-8364-45d6-9e1e-5ae71b51b571,2026-07-05T01:15:00Z,2026-07-05T03:15:00+0200,7092.29,MW,BE,BE,actual_load,Actual Load,2026-08-02T04:32:23Z
2026-08-02T04:32:20Z,2026-08-02T06:32:20+0200,7aafc1bd-8364-45d6-9e1e-5ae71b51b571,2026-07-05T01:30:00Z,2026-07-05T03:30:00+0200,7069.87,MW,BE,BE,actual_load,Actual Load,2026-08-02T04:32:23Z
2026-08-02T04:32:20Z,2026-08-02T06:32:20+0200,7aafc1bd-8364-45d6-9e1e-5ae71b51b571,2026-07-05T01:45:00Z,2026-07-05T03:45:00+0200,6944.55,MW,BE,BE,actual_load,Actual Load,2026-08-02T04:32:23Z
2026-08-02T04:32:20Z,2026-08-02T06:32:20+0200,7aafc1bd-8364-45d6-9e1e-5ae71b51b571,2026-07-05T02:00:00Z,2026-07-05T04:00:00+0200,7008.97,MW,BE,BE,actual_load,Actual Load,2026-08-02T04:32:23Z
2026-08-02T04:32:20Z,2026-08-02T06:32:20+0200,7aafc1bd-8364-45d6-9e1e-5ae71b51b571,2026-07-05T02:15:00Z,2026-07-05T04:15:00+0200,6996.79,MW,BE,BE,actual_load,Actual Load,2026-08-02T04:32:23Z
2026-08-02T04:32:20Z,2026-08-02T06:32:20+0200,7aafc1bd-8364-45d6-9e1e-5ae71b51b571,2026-07-05T02:30:00Z,2026-07-05T04:30:00+0200,7016.99,MW,BE,BE,actual_load,Actual Load,2026-08-02T04:32:23Z
2026-08-02T04:32:20Z,2026-08-02T06:32:20+0200,7aafc1bd-8364-45d6-9e1e-5ae71b51b571,2026-07-05T02:45:00Z,2026-07-05T04:45:00+0200,6986.14,MW,BE,BE,actual_load,Actual Load,2026-08-02T04:32:23Z
2026-08-02T04:32:20Z,2026-08-02T06:32:20+0200,7aafc1bd-8364-45d6-9e1e-5ae71b51b571,2026-07-05T03:00:00Z,2026-07-05T05:00:00+0200,6959.99,MW,BE,BE,actual_load,Actual Load,2026-08-02T04:32:23Z
2026-08-02T04:32:20Z,2026-08-02T06:32:20+0200,7aafc1bd-8364-45d6-9e1e-5ae71b51b571,2026-07-05T03:15:00Z,2026-07-05T05:15:00+0200,6983.4,MW,BE,BE,actual_load,Actual Load,2026-08-02T04:32:23Z
2026-08-02T04:32:20Z,2026-08-02T06:32:20+0200,7aafc1bd-8364-45d6-9e1e-5ae71b51b571,2026-07-05T03:30:00Z,2026-07-05T05:30:00+0200,6953.31,MW,BE,BE,actual_load,Actual Load,2026-08-02T04:32:23Z
2026-08-02T04:32:20Z,2026-08-02T06:32:20+0200,7aafc1bd-8364-45d6-9e1e-5ae71b51b571,2026-07-05T03:45:00Z,2026-07-05T05:45:00+0200,6907.65,MW,BE,BE,actual_load,Actual Load,2026-08-02T04:32:23Z
2026-08-02T04:32:20Z,2026-08-02T06:32:20+0200,7aafc1bd-8364-45d6-9e1e-5ae71b51b571,2026-07-05T04:00:00Z,2026-07-05T06:00:00+0200,7073.46,MW,BE,BE,actual_load,Actual Load,2026-08-02T04:32:23Z
2026-08-02T04:32:20Z,2026-08-02T06:32:20+0200,7aafc1bd-8364-45d6-9e1e-5ae71b51b571,2026-07-05T04:15:00Z,2026-07-05T06:15:00+0200,7040.61,MW,BE,BE,actual_load,Actual Load,2026-08-02T04:32:23Z
2026-08-02T04:32:20Z,2026-08-02T06:32:20+0200,7aafc1bd-8364-45d6-9e1e-5ae71b51b571,2026-07-05T04:30:00Z,2026-07-05T06:30:00+0200,7120.37,MW,BE,BE,actual_load,Actual Load,2026-08-02T04:32:23Z
2026-08-02T04:32:20Z,2026-08-02T06:32:20+0200,7aafc1bd-8364-45d6-9e1e-5ae71b51b571,2026-07-05T04:45:00Z,2026-07-05T06:45:00+0200,7275.09,MW,BE,BE,actual_load,Actual Load,2026-08-02T04:32:23Z
2026-08-02T04:32:20Z,2026-08-02T06:32:20+0200,7aafc1bd-8364-45d6-9e1e-5ae71b51b571,2026-07-05T05:00:00Z,2026-07-05T07:00:00+0200,7220.91,MW,BE,BE,actual_load,Actual Load,2026-08-02T04:32:23Z
2026-08-02T04:32:20Z,2026-08-02T06:32:20+0200,7aafc1bd-8364-45d6-9e1e-5ae71b51b571,2026-07-05T05:15:00Z,2026-07-05T07:15:00+0200,7295.63,MW,BE,BE,actual_load,Actual Load,2026-08-02T04:32:23Z
2026-08-02T04:32:20Z,2026-08-02T06:32:20+0200,7aafc1bd-8364-45d6-9e1e-5ae71b51b571,2026-07-05T05:30:00Z,2026-07-05T07:30:00+0200,7512.81,MW,BE,BE,actual_load,Actual Load,2026-08-02T04:32:23Z
2026-08-02T04:32:20Z,2026-08-02T06:32:20+0200,7aafc1bd-8364-45d6-9e1e-5ae71b51b571,2026-07-05T05:45:00Z,2026-07-05T07:45:00+0200,7567.29,MW,BE,BE,actual_load,Actual Load,2026-08-02T04:32:23Z
2026-08-02T04:32:20Z,2026-08-02T06:32:20+0200,7aafc1bd-8364-45d6-9e1e-5ae71b51b571,2026-07-05T06:00:00Z,2026-07-05T08:00:00+0200,7612.3,MW,BE,BE,actual_load,Actual Load,2026-08-02T04:32:23Z
2026-08-02T04:32:20Z,2026-08-02T06:32:20+0200,7aafc1bd-8364-45d6-9e1e-5ae71b51b571,2026-07-05T06:15:00Z,2026-07-05T08:15:00+0200,7698.86,MW,BE,BE,actual_load,Actual Load,2026-08-02T04:32:23Z
2026-08-02T04:32:20Z,2026-08-02T06:32:20+0200,7aafc1bd-8364-45d6-9e1e-5ae71b51b571,2026-07-05T06:30:00Z,2026-07-05T08:30:00+0200,7895.96,MW,BE,BE,actual_load,Actual Load,2026-08-02T04:32:23Z
2026-08-02T04:32:20Z,2026-08-02T06:32:20+0200,7aafc1bd-8364-45d6-9e1e-5ae71b51b571,2026-07-05T06:45:00Z,2026-07-05T08:45:00+0200,7916.18,MW,BE,BE,actual_load,Actual Load,2026-08-02T04:32:23Z
2026-08-02T04:32:20Z,2026-08-02T06:32:20+0200,7aafc1bd-8364-45d6-9e1e-5ae71b51b571,2026-07-05T07:00:00Z,2026-07-05T09:00:00+0200,7954.47,MW,BE,BE,actual_load,Actual Load,2026-08-02T04:32:23Z
2026-08-02T04:32:20Z,2026-08-02T06:32:20+0200,7aafc1bd-8364-45d6-9e1e-5ae71b51b571,2026-07-05T07:15:00Z,2026-07-05T09:15:00+0200,8128.5,MW,BE,BE,actual_load,Actual Load,2026-08-02T04:32:23Z
2026-08-02T04:32:20Z,2026-08-02T06:32:20+0200,7aafc1bd-8364-45d6-9e1e-5ae71b51b571,2026-07-05T07:30:00Z,2026-07-05T09:30:00+0200,8255.14,MW,BE,BE,actual_load,Actual Load,2026-08-02T04:32:23Z
2026-08-02T04:32:20Z,2026-08-02T06:32:20+0200,7aafc1bd-8364-45d6-9e1e-5ae71b51b571,2026-07-05T07:45:00Z,2026-07-05T09:45:00+0200,8191.88,MW,BE,BE,actual_load,Actual Load,2026-08-02T04:32:23Z
2026-08-02T04:32:20Z,2026-08-02T06:32:20+0200,7aafc1bd-8364-45d6-9e1e-5ae71b51b571,2026-07-05T08:00:00Z,2026-07-05T10:00:00+0200,8174.16,MW,BE,BE,actual_load,Actual Load,2026-08-02T04:32:23Z
2026-08-02T04:32:20Z,2026-08-02T06:32:20+0200,7aafc1bd-8364-45d6-9e1e-5ae71b51b571,2026-07-05T08:15:00Z,2026-07-05T10:15:00+0200,8452.21,MW,BE,BE,actual_load,Actual Load,2026-08-02T04:32:23Z
2026-08-02T04:32:20Z,2026-08-02T06:32:20+0200,7aafc1bd-8364-45d6-9e1e-5ae71b51b571,2026-07-05T08:30:00Z,2026-07-05T10:30:00+0200,8419.24,MW,BE,BE,actual_load,Actual Load,2026-08-02T04:32:23Z
2026-08-02T04:32:20Z,2026-08-02T06:32:20+0200,7aafc1bd-8364-45d6-9e1e-5ae71b51b571,2026-07-05T08:45:00Z,2026-07-05T10:45:00+0200,8509.81,MW,BE,BE,actual_load,Actual Load,2026-08-02T04:32:23Z
2026-08-02T04:32:20Z,2026-08-02T06:32:20+0200,7aafc1bd-8364-45d6-9e1e-5ae71b51b571,2026-07-05T09:00:00Z,2026-07-05T11:00:00+0200,8390.96,MW,BE,BE,actual_load,Actual Load,2026-08-02T04:32:23Z
2026-08-02T04:32:20Z,2026-08-02T06:32:20+0200,7aafc1bd-8364-45d6-9e1e-5ae71b51b571,2026-07-05T09:15:00Z,2026-07-05T11:15:00+0200,8503.79,MW,BE,BE,actual_load,Actual Load,2026-08-02T04:32:23Z
2026-08-02T04:32:20Z,2026-08-02T06:32:20+0200,7aafc1bd-8364-45d6-9e1e-5ae71b51b571,2026-07-05T09:30:00Z,2026-07-05T11:30:00+0200,8844.36,MW,BE,BE,actual_load,Actual Load,2026-08-02T04:32:23Z
2026-08-02T04:32:20Z,2026-08-02T06:32:20+0200,7aafc1bd-8364-45d6-9e1e-5ae71b51b571,2026-07-05T09:45:00Z,2026-07-05T11:45:00+0200,8891.06,MW,BE,BE,actual_load,Actual Load,2026-08-02T04:32:23Z
2026-08-02T04:32:20Z,2026-08-02T06:32:20+0200,7aafc1bd-8364-45d6-9e1e-5ae71b51b571,2026-07-05T10:00:00Z,2026-07-05T12:00:00+0200,8903.74,MW,BE,BE,actual_load,Actual Load,2026-08-02T04:32:23Z
2026-08-02T04:32:20Z,2026-08-02T06:32:20+0200,7aafc1bd-8364-45d6-9e1e-5ae71b51b571,2026-07-05T10:15:00Z,2026-07-05T12:15:00+0200,9118.2,MW,BE,BE,actual_load,Actual Load,2026-08-02T04:32:23Z
2026-08-02T04:32:20Z,2026-08-02T06:32:20+0200,7aafc1bd-8364-45d6-9e1e-5ae71b51b571,2026-07-05T10:30:00Z,2026-07-05T12:30:00+0200,9144.05,MW,BE,BE,actual_load,Actual Load,2026-08-02T04:32:23Z
2026-08-02T04:32:20Z,2026-08-02T06:32:20+0200,7aafc1bd-8364-45d6-9e1e-5ae71b51b571,2026-07-05T10:45:00Z,2026-07-05T12:45:00+0200,8994.14,MW,BE,BE,actual_load,Actual Load,2026-08-02T04:32:23Z
2026-08-02T04:32:20Z,2026-08-02T06:32:20+0200,7aafc1bd-8364-45d6-9e1e-5ae71b51b571,2026-07-05T11:00:00Z,2026-07-05T13:00:00+0200,9225.02,MW,BE,BE,actual_load,Actual Load,2026-08-02T04:32:23Z
2026-08-02T04:32:20Z,2026-08-02T06:32:20+0200,7aafc1bd-8364-45d6-9e1e-5ae71b51b571,2026-07-05T11:15:00Z,2026-07-05T13:15:00+0200,9271.99,MW,BE,BE,actual_load,Actual Load,2026-08-02T04:32:23Z
2026-08-02T04:32:20Z,2026-08-02T06:32:20+0200,7aafc1bd-8364-45d6-9e1e-5ae71b51b571,2026-07-05T11:30:00Z,2026-07-05T13:30:00+0200,9417.74,MW,BE,BE,actual_load,Actual Load,2026-08-02T04:32:23Z
2026-08-02T04:32:20Z,2026-08-02T06:32:20+0200,7aafc1bd-8364-45d6-9e1e-5ae71b51b571,2026-07-05T11:45:00Z,2026-07-05T13:45:00+0200,9237.57,MW,BE,BE,actual_load,Actual Load,2026-08-02T04:32:23Z
2026-08-02T04:32:20Z,2026-08-02T06:32:20+0200,7aafc1bd-8364-45d6-9e1e-5ae71b51b571,2026-07-05T12:00:00Z,2026-07-05T14:00:00+0200,9313.21,MW,BE,BE,actual_load,Actual Load,2026-08-02T04:32:23Z
2026-08-02T04:32:20Z,2026-08-02T06:32:20+0200,7aafc1bd-8364-45d6-9e1e-5ae71b51b571,2026-07-05T12:15:00Z,2026-07-05T14:15:00+0200,9140.67,MW,BE,BE,actual_load,Actual Load,2026-08-02T04:32:23Z
2026-08-02T04:32:20Z,2026-08-02T06:32:20+0200,7aafc1bd-8364-45d6-9e1e-5ae71b51b571,2026-07-05T12:30:00Z,2026-07-05T14:30:00+0200,9235.98,MW,BE,BE,actual_load,Actual Load,2026-08-02T04:32:23Z
2026-08-02T04:32:20Z,2026-08-02T06:32:20+0200,7aafc1bd-8364-45d6-9e1e-5ae71b51b571,2026-07-05T12:45:00Z,2026-07-05T14:45:00+0200,9101.76,MW,BE,BE,actual_load,Actual Load,2026-08-02T04:32:23Z
2026-08-02T04:32:20Z,2026-08-02T06:32:20+0200,7aafc1bd-8364-45d6-9e1e-5ae71b51b571,2026-07-05T13:00:00Z,2026-07-05T15:00:00+0200,8981.34,MW,BE,BE,actual_load,Actual Load,2026-08-02T04:32:23Z
2026-08-02T04:32:20Z,2026-08-02T06:32:20+0200,7aafc1bd-8364-45d6-9e1e-5ae71b51b571,2026-07-05T13:15:00Z,2026-07-05T15:15:00+0200,8880.26,MW,BE,BE,actual_load,Actual Load,2026-08-02T04:32:23Z
2026-08-02T04:32:20Z,2026-08-02T06:32:20+0200,7aafc1bd-8364-45d6-9e1e-5ae71b51b571,2026-07-05T13:30:00Z,2026-07-05T15:30:00+0200,8938.4,MW,BE,BE,actual_load,Actual Load,2026-08-02T04:32:23Z
2026-08-02T04:32:20Z,2026-08-02T06:32:20+0200,7aafc1bd-8364-45d6-9e1e-5ae71b51b571,2026-07-05T13:45:00Z,2026-07-05T15:45:00+0200,9016.04,MW,BE,BE,actual_load,Actual Load,2026-08-02T04:32:23Z
2026-08-02T04:32:20Z,2026-08-02T06:32:20+0200,7aafc1bd-8364-45d6-9e1e-5ae71b51b571,2026-07-05T14:00:00Z,2026-07-05T16:00:00+0200,8831.59,MW,BE,BE,actual_load,Actual Load,2026-08-02T04:32:23Z
2026-08-02T04:32:20Z,2026-08-02T06:32:20+0200,7aafc1bd-8364-45d6-9e1e-5ae71b51b571,2026-07-05T14:15:00Z,2026-07-05T16:15:00+0200,8717.11,MW,BE,BE,actual_load,Actual Load,2026-08-02T04:32:23Z
2026-08-02T04:32:20Z,2026-08-02T06:32:20+0200,7aafc1bd-8364-45d6-9e1e-5ae71b51b571,2026-07-05T14:30:00Z,2026-07-05T16:30:00+0200,8779.29,MW,BE,BE,actual_load,Actual Load,2026-08-02T04:32:23Z
2026-08-02T04:32:20Z,2026-08-02T06:32:20+0200,7aafc1bd-8364-45d6-9e1e-5ae71b51b571,2026-07-05T14:45:00Z,2026-07-05T16:45:00+0200,8623.19,MW,BE,BE,actual_load,Actual Load,2026-08-02T04:32:23Z
2026-08-02T04:32:20Z,2026-08-02T06:32:20+0200,7aafc1bd-8364-45d6-9e1e-5ae71b51b571,2026-07-05T15:00:00Z,2026-07-05T17:00:00+0200,8523.78,MW,BE,BE,actual_load,Actual Load,2026-08-02T04:32:23Z
2026-08-02T04:32:20Z,2026-08-02T06:32:20+0200,7aafc1bd-8364-45d6-9e1e-5ae71b51b571,2026-07-05T15:15:00Z,2026-07-05T17:15:00+0200,8556.35,MW,BE,BE,actual_load,Actual Load,2026-08-02T04:32:23Z
2026-08-02T04:32:20Z,2026-08-02T06:32:20+0200,7aafc1bd-8364-45d6-9e1e-5ae71b51b571,2026-07-05T15:30:00Z,2026-07-05T17:30:00+0200,8485.95,MW,BE,BE,actual_load,Actual Load,2026-08-02T04:32:23Z
2026-08-02T04:32:20Z,2026-08-02T06:32:20+0200,7aafc1bd-8364-45d6-9e1e-5ae71b51b571,2026-07-05T15:45:00Z,2026-07-05T17:45:00+0200,8364.41,MW,BE,BE,actual_load,Actual Load,2026-08-02T04:32:23Z
2026-08-02T04:32:20Z,2026-08-02T06:32:20+0200,7aafc1bd-8364-45d6-9e1e-5ae71b51b571,2026-07-05T16:00:00Z,2026-07-05T18:00:00+0200,8298.52,MW,BE,BE,actual_load,Actual Load,2026-08-02T04:32:23Z
2026-08-02T04:32:20Z,2026-08-02T06:32:20+0200,7aafc1bd-8364-45d6-9e1e-5ae71b51b571,2026-07-05T16:15:00Z,2026-07-05T18:15:00+0200,8418.15,MW,BE,BE,actual_load,Actual Load,2026-08-02T04:32:23Z
2026-08-02T04:32:20Z,2026-08-02T06:32:20+0200,7aafc1bd-8364-45d6-9e1e-5ae71b51b571,2026-07-05T16:30:00Z,2026-07-05T18:30:00+0200,8477.66,MW,BE,BE,actual_load,Actual Load,2026-08-02T04:32:23Z
2026-08-02T04:32:20Z,2026-08-02T06:32:20+0200,7aafc1bd-8364-45d6-9e1e-5ae71b51b571,2026-07-05T16:45:00Z,2026-07-05T18:45:00+0200,8484.14,MW,BE,BE,actual_load,Actual Load,2026-08-02T04:32:23Z
2026-08-02T04:32:20Z,2026-08-02T06:32:20+0200,7aafc1bd-8364-45d6-9e1e-5ae71b51b571,2026-07-05T17:00:00Z,2026-07-05T19:00:00+0200,8419.17,MW,BE,BE,actual_load,Actual Load,2026-08-02T04:32:23Z
2026-08-02T04:32:20Z,2026-08-02T06:32:20+0200,7aafc1bd-8364-45d6-9e1e-5ae71b51b571,2026-07-05T17:15:00Z,2026-07-05T19:15:00+0200,8540.29,MW,BE,BE,actual_load,Actual Load,2026-08-02T04:32:23Z
2026-08-02T04:32:20Z,2026-08-02T06:32:20+0200,7aafc1bd-8364-45d6-9e1e-5ae71b51b571,2026-07-05T17:30:00Z,2026-07-05T19:30:00+0200,8561.5,MW,BE,BE,actual_load,Actual Load,2026-08-02T04:32:23Z
2026-08-02T04:32:20Z,2026-08-02T06:32:20+0200,7aafc1bd-8364-45d6-9e1e-5ae71b51b571,2026-07-05T17:45:00Z,2026-07-05T19:45:00+0200,8521.73,MW,BE,BE,actual_load,Actual Load,2026-08-02T04:32:23Z
2026-08-02T04:32:20Z,2026-08-02T06:32:20+0200,7aafc1bd-8364-45d6-9e1e-5ae71b51b571,2026-07-05T18:00:00Z,2026-07-05T20:00:00+0200,8306.48,MW,BE,BE,actual_load,Actual Load,2026-08-02T04:32:23Z
2026-08-02T04:32:20Z,2026-08-02T06:32:20+0200,7aafc1bd-8364-45d6-9e1e-5ae71b51b571,2026-07-05T18:15:00Z,2026-07-05T20:15:00+0200,8326.11,MW,BE,BE,actual_load,Actual Load,2026-08-02T04:32:23Z
2026-08-02T04:32:20Z,2026-08-02T06:32:20+0200,7aafc1bd-8364-45d6-9e1e-5ae71b51b571,2026-07-05T18:30:00Z,2026-07-05T20:30:00+0200,8430.11,MW,BE,BE,actual_load,Actual Load,2026-08-02T04:32:23Z
2026-08-02T04:32:20Z,2026-08-02T06:32:20+0200,7aafc1bd-8364-45d6-9e1e-5ae71b51b571,2026-07-05T18:45:00Z,2026-07-05T20:45:00+0200,8380.54,MW,BE,BE,actual_load,Actual Load,2026-08-02T04:32:23Z
2026-08-02T04:32:20Z,2026-08-02T06:32:20+0200,7aafc1bd-8364-45d6-9e1e-5ae71b51b571,2026-07-05T19:00:00Z,2026-07-05T21:00:00+0200,8437.17,MW,BE,BE,actual_load,Actual Load,2026-08-02T04:32:23Z
2026-08-02T04:32:20Z,2026-08-02T06:32:20+0200,7aafc1bd-8364-45d6-9e1e-5ae71b51b571,2026-07-05T19:15:00Z,2026-07-05T21:15:00+0200,8458.48,MW,BE,BE,actual_load,Actual Load,2026-08-02T04:32:23Z
2026-08-02T04:32:20Z,2026-08-02T06:32:20+0200,7aafc1bd-8364-45d6-9e1e-5ae71b51b571,2026-07-05T19:30:00Z,2026-07-05T21:30:00+0200,8477.73,MW,BE,BE,actual_load,Actual Load,2026-08-02T04:32:23Z
2026-08-02T04:32:20Z,2026-08-02T06:32:20+0200,7aafc1bd-8364-45d6-9e1e-5ae71b51b571,2026-07-05T19:45:00Z,2026-07-05T21:45:00+0200,8396.91,MW,BE,BE,actual_load,Actual Load,2026-08-02T04:32:23Z
2026-08-02T04:32:20Z,2026-08-02T06:32:20+0200,7aafc1bd-8364-45d6-9e1e-5ae71b51b571,2026-07-05T20:00:00Z,2026-07-05T22:00:00+0200,8714.33,MW,BE,BE,actual_load,Actual Load,2026-08-02T04:32:23Z
2026-08-02T04:32:20Z,2026-08-02T06:32:20+0200,7aafc1bd-8364-45d6-9e1e-5ae71b51b571,2026-07-05T20:15:00Z,2026-07-05T22:15:00+0200,8700.62,MW,BE,BE,actual_load,Actual Load,2026-08-02T04:32:23Z
2026-08-02T04:32:20Z,2026-08-02T06:32:20+0200,7aafc1bd-8364-45d6-9e1e-5ae71b51b571,2026-07-05T20:30:00Z,2026-07-05T22:30:00+0200,8645.32,MW,BE,BE,actual_load,Actual Load,2026-08-02T04:32:23Z
2026-08-02T04:32:20Z,2026-08-02T06:32:20+0200,7aafc1bd-8364-45d6-9e1e-5ae71b51b571,2026-07-05T20:45:00Z,2026-07-05T22:45:00+0200,8455.32,MW,BE,BE,actual_load,Actual Load,2026-08-02T04:32:23Z
2026-08-02T04:32:20Z,2026-08-02T06:32:20+0200,7aafc1bd-8364-45d6-9e1e-5ae71b51b571,2026-07-05T21:00:00Z,2026-07-05T23:00:00+0200,8435.5,MW,BE,BE,actual_load,Actual Load,2026-08-02T04:32:23Z
2026-08-02T04:32:20Z,2026-08-02T06:32:20+0200,7aafc1bd-8364-45d6-9e1e-5ae71b51b571,2026-07-05T21:15:00Z,2026-07-05T23:15:00+0200,8360.03,MW,BE,BE,actual_load,Actual Load,2026-08-02T04:32:23Z
2026-08-02T04:32:20Z,2026-08-02T06:32:20+0200,7aafc1bd-8364-45d6-9e1e-5ae71b51b571,2026-07-05T21:30:00Z,2026-07-05T23:30:00+0200,8242.86,MW,BE,BE,actual_load,Actual Load,2026-08-02T04:32:23Z
2026-08-02T04:32:20Z,2026-08-02T06:32:20+0200,7aafc1bd-8364-45d6-9e1e-5ae71b51b571,2026-07-05T21:45:00Z,2026-07-05T23:45:00+0200,8019.65,MW,BE,BE,actual_load,Actual Load,2026-08-02T04:32:23Z
2026-08-02T04:32:20Z,2026-08-02T06:32:20+0200,7aafc1bd-8364-45d6-9e1e-5ae71b51b571,2026-07-05T22:00:00Z,2026-07-06T00:00:00+0200,8063.94,MW,BE,BE,actual_load,Actual Load,2026-08-02T04:32:23Z
2026-08-02T04:32:20Z,2026-08-02T06:32:20+0200,7aafc1bd-8364-45d6-9e1e-5ae71b51b571,2026-07-05T22:15:00Z,2026-07-06T00:15:00+0200,7935.1,MW,BE,BE,actual_load,Actual Load,2026-08-02T04:32:23Z
2026-08-02T04:32:20Z,2026-08-02T06:32:20+0200,7aafc1bd-8364-45d6-9e1e-5ae71b51b571,2026-07-05T22:30:00Z,2026-07-06T00:30:00+0200,7893.73,MW,BE,BE,actual_load,Actual Load,2026-08-02T04:32:23Z
2026-08-02T04:32:20Z,2026-08-02T06:32:20+0200,7aafc1bd-8364-45d6-9e1e-5ae71b51b571,2026-07-05T22:45:00Z,2026-07-06T00:45:00+0200,7926.99,MW,BE,BE,actual_load,Actual Load,2026-08-02T04:32:23Z
2026-08-02T04:32:20Z,2026-08-02T06:32:20+0200,7aafc1bd-8364-45d6-9e1e-5ae71b51b571,2026-07-05T23:00:00Z,2026-07-06T01:00:00+0200,7855.41,MW,BE,BE,actual_load,Actual Load,2026-08-02T04:32:23Z
2026-08-02T04:32:20Z,2026-08-02T06:32:20+0200,7aafc1bd-8364-45d6-9e1e-5ae71b51b571,2026-07-05T23:15:00Z,2026-07-06T01:15:00+0200,7701.83,MW,BE,BE,actual_load,Actual Load,2026-08-02T04:32:23Z
2026-08-02T04:32:20Z,2026-08-02T06:32:20+0200,7aafc1bd-8364-45d6-9e1e-5ae71b51b571,2026-07-05T23:30:00Z,2026-07-06T01:30:00+0200,7702.63,MW,BE,BE,actual_load,Actual Load,2026-08-02T04:32:23Z
2026-08-02T04:32:20Z,2026-08-02T06:32:20+0200,7aafc1bd-8364-45d6-9e1e-5ae71b51b571,2026-07-05T23:45:00Z,2026-07-06T01:45:00+0200,7661.58,MW,BE,BE,actual_load,Actual Load,2026-08-02T04:32:23Z
2026-08-02T04:32:20Z,2026-08-02T06:32:20+0200,7aafc1bd-8364-45d6-9e1e-5ae71b51b571,2026-07-06T00:00:00Z,2026-07-06T02:00:00+0200,7567.3,MW,BE,BE,actual_load,Actual Load,2026-08-02T04:32:23Z
2026-08-02T04:32:20Z,2026-08-02T06:32:20+0200,7aafc1bd-8364-45d6-9e1e-5ae71b51b571,2026-07-06T00:15:00Z,2026-07-06T02:15:00+0200,7631.23,MW,BE,BE,actual_load,Actual Load,2026-08-02T04:32:23Z
2026-08-02T04:32:20Z,2026-08-02T06:32:20+0200,7aafc1bd-8364-45d6-9e1e-5ae71b51b571,2026-07-06T00:30:00Z,2026-07-06T02:30:00+0200,7586.27,MW,BE,BE,actual_load,Actual Load,2026-08-02T04:32:23Z
2026-08-02T04:32:20Z,2026-08-02T06:32:20+0200,7aafc1bd-8364-45d6-9e1e-5ae71b51b571,2026-07-06T00:45:00Z,2026-07-06T02:45:00+0200,7571.59,MW,BE,BE,actual_load,Actual Load,2026-08-02T04:32:23Z
2026-08-02T04:32:20Z,2026-08-02T06:32:20+0200,7aafc1bd-8364-45d6-9e1e-5ae71b51b571,2026-07-06T01:00:00Z,2026-07-06T03:00:00+0200,7496.54,MW,BE,BE,actual_load,Actual Load,2026-08-02T04:32:23Z
2026-08-02T04:32:20Z,2026-08-02T06:32:20+0200,7aafc1bd-8364-45d6-9e1e-5ae71b51b571,2026-07-06T01:15:00Z,2026-07-06T03:15:00+0200,7407.28,MW,BE,BE,actual_load,Actual Load,2026-08-02T04:32:23Z
2026-08-02T04:32:20Z,2026-08-02T06:32:20+0200,7aafc1bd-8364-45d6-9e1e-5ae71b51b571,2026-07-06T01:30:00Z,2026-07-06T03:30:00+0200,7494.32,MW,BE,BE,actual_load,Actual Load,2026-08-02T04:32:23Z
2026-08-02T04:32:20Z,2026-08-02T06:32:20+0200,7aafc1bd-8364-45d6-9e1e-5ae71b51b571,2026-07-06T01:45:00Z,2026-07-06T03:45:00+0200,7463.72,MW,BE,BE,actual_load,Actual Load,2026-08-02T04:32:23Z
2026-08-02T04:32:20Z,2026-08-02T06:32:20+0200,7aafc1bd-8364-45d6-9e1e-5ae71b51b571,2026-07-06T02:00:00Z,2026-07-06T04:00:00+0200,7509.98,MW,BE,BE,actual_load,Actual Load,2026-08-02T04:32:23Z
2026-08-02T04:32:20Z,2026-08-02T06:32:20+0200,7aafc1bd-8364-45d6-9e1e-5ae71b51b571,2026-07-06T02:15:00Z,2026-07-06T04:15:00+0200,7524.05,MW,BE,BE,actual_load,Actual Load,2026-08-02T04:32:23Z
2026-08-02T04:32:20Z,2026-08-02T06:32:20+0200,7aafc1bd-8364-45d6-9e1e-5ae71b51b571,2026-07-06T02:30:00Z,2026-07-06T04:30:00+0200,7396.9,MW,BE,BE,actual_load,Actual Load,2026-08-02T04:32:23Z
2026-08-02T04:32:20Z,2026-08-02T06:32:20+0200,7aafc1bd-8364-45d6-9e1e-5ae71b51b571,2026-07-06T02:45:00Z,2026-07-06T04:45:00+0200,7553.07,MW,BE,BE,actual_load,Actual Load,2026-08-02T04:32:23Z
2026-08-02T04:32:20Z,2026-08-02T06:32:20+0200,7aafc1bd-8364-45d6-9e1e-5ae71b51b571,2026-07-06T03:00:00Z,2026-07-06T05:00:00+0200,7703.96,MW,BE,BE,actual_load,Actual Load,2026-08-02T04:32:23Z
2026-08-02T04:32:20Z,2026-08-02T06:32:20+0200,7aafc1bd-8364-45d6-9e1e-5ae71b51b571,2026-07-06T03:15:00Z,2026-07-06T05:15:00+0200,7758.8,MW,BE,BE,actual_load,Actual Load,2026-08-02T04:32:23Z
2026-08-02T04:32:20Z,2026-08-02T06:32:20+0200,7aafc1bd-8364-45d6-9e1e-5ae71b51b571,2026-07-06T03:30:00Z,2026-07-06T05:30:00+0200,7748.55,MW,BE,BE,actual_load,Actual Load,2026-08-02T04:32:23Z
2026-08-02T04:32:20Z,2026-08-02T06:32:20+0200,7aafc1bd-8364-45d6-9e1e-5ae71b51b571,2026-07-06T03:45:00Z,2026-07-06T05:45:00+0200,7889.16,MW,BE,BE,actual_load,Actual Load,2026-08-02T04:32:23Z
2026-08-02T04:32:20Z,2026-08-02T06:32:20+0200,7aafc1bd-8364-45d6-9e1e-5ae71b51b571,2026-07-06T04:00:00Z,2026-07-06T06:00:00+0200,8173.01,MW,BE,BE,actual_load,Actual Load,2026-08-02T04:32:23Z
2026-08-02T04:32:20Z,2026-08-02T06:32:20+0200,7aafc1bd-8364-45d6-9e1e-5ae71b51b571,2026-07-06T04:15:00Z,2026-07-06T06:15:00+0200,8231.4,MW,BE,BE,actual_load,Actual Load,2026-08-02T04:32:23Z
2026-08-02T04:32:20Z,2026-08-02T06:32:20+0200,7aafc1bd-8364-45d6-9e1e-5ae71b51b571,2026-07-06T04:30:00Z,2026-07-06T06:30:00+0200,8495.28,MW,BE,BE,actual_load,Actual Load,2026-08-02T04:32:23Z
2026-08-02T04:32:20Z,2026-08-02T06:32:20+0200,7aafc1bd-8364-45d6-9e1e-5ae71b51b571,2026-07-06T04:45:00Z,2026-07-06T06:45:00+0200,8656.32,MW,BE,BE,actual_load,Actual Load,2026-08-02T04:32:23Z
2026-08-02T04:32:20Z,2026-08-02T06:32:20+0200,7aafc1bd-8364-45d6-9e1e-5ae71b51b571,2026-07-06T05:00:00Z,2026-07-06T07:00:00+0200,8778.75,MW,BE,BE,actual_load,Actual Load,2026-08-02T04:32:23Z
2026-08-02T04:32:20Z,2026-08-02T06:32:20+0200,7aafc1bd-8364-45d6-9e1e-5ae71b51b571,2026-07-06T05:15:00Z,2026-07-06T07:15:00+0200,8974.6,MW,BE,BE,actual_load,Actual Load,2026-08-02T04:32:23Z
2026-08-02T04:32:20Z,2026-08-02T06:32:20+0200,7aafc1bd-8364-45d6-9e1e-5ae71b51b571,2026-07-06T05:30:00Z,2026-07-06T07:30:00+0200,9256.63,MW,BE,BE,actual_load,Actual Load,2026-08-02T04:32:23Z
2026-08-02T04:32:20Z,2026-08-02T06:32:20+0200,7aafc1bd-8364-45d6-9e1e-5ae71b51b571,2026-07-06T05:45:00Z,2026-07-06T07:45:00+0200,9357.84,MW,BE,BE,actual_load,Actual Load,2026-08-02T04:32:23Z
2026-08-02T04:32:20Z,2026-08-02T06:32:20+0200,7aafc1bd-8364-45d6-9e1e-5ae71b51b571,2026-07-06T06:00:00Z,2026-07-06T08:00:00+0200,9533.19,MW,BE,BE,actual_load,Actual Load,2026-08-02T04:32:23Z
2026-08-02T04:32:20Z,2026-08-02T06:32:20+0200,7aafc1bd-8364-45d6-9e1e-5ae71b51b571,2026-07-06T06:15:00Z,2026-07-06T08:15:00+0200,9776.1,MW,BE,BE,actual_load,Actual Load,2026-08-02T04:32:23Z
2026-08-02T04:32:20Z,2026-08-02T06:32:20+0200,7aafc1bd-8364-45d6-9e1e-5ae71b51b571,2026-07-06T06:30:00Z,2026-07-06T08:30:00+0200,9908.73,MW,BE,BE,actual_load,Actual Load,2026-08-02T04:32:23Z
2026-08-02T04:32:20Z,2026-08-02T06:32:20+0200,7aafc1bd-8364-45d6-9e1e-5ae71b51b571,2026-07-06T06:45:00Z,2026-07-06T08:45:00+0200,10026.91,MW,BE,BE,actual_load,Actual Load,2026-08-02T04:32:23Z
2026-08-02T04:32:20Z,2026-08-02T06:32:20+0200,7aafc1bd-8364-45d6-9e1e-5ae71b51b571,2026-07-06T07:00:00Z,2026-07-06T09:00:00+0200,10142.63,MW,BE,BE,actual_load,Actual Load,2026-08-02T04:32:23Z
2026-08-02T04:32:20Z,2026-08-02T06:32:20+0200,7aafc1bd-8364-45d6-9e1e-5ae71b51b571,2026-07-06T07:15:00Z,2026-07-06T09:15:00+0200,10422.86,MW,BE,BE,actual_load,Actual Load,2026-08-02T04:32:23Z
2026-08-02T04:32:20Z,2026-08-02T06:32:20+0200,7aafc1bd-8364-45d6-9e1e-5ae71b51b571,2026-07-06T07:30:00Z,2026-07-06T09:30:00+0200,10525.2,MW,BE,BE,actual_load,Actual Load,2026-08-02T04:32:23Z
2026-08-02T04:32:20Z,2026-08-02T06:32:20+0200,7aafc1bd-8364-45d6-9e1e-5ae71b51b571,2026-07-06T07:45:00Z,2026-07-06T09:45:00+0200,10626.37,MW,BE,BE,actual_load,Actual Load,2026-08-02T04:32:23Z
2026-08-02T04:32:20Z,2026-08-02T06:32:20+0200,7aafc1bd-8364-45d6-9e1e-5ae71b51b571,2026-07-06T08:00:00Z,2026-07-06T10:00:00+0200,10489.4,MW,BE,BE,actual_load,Actual Load,2026-08-02T04:32:23Z
2026-08-02T04:32:20Z,2026-08-02T06:32:20+0200,7aafc1bd-8364-45d6-9e1e-5ae71b51b571,2026-07-06T08:15:00Z,2026-07-06T10:15:00+0200,10407.61,MW,BE,BE,actual_load,Actual Load,2026-08-02T04:32:23Z
2026-08-02T04:32:20Z,2026-08-02T06:32:20+0200,7aafc1bd-8364-45d6-9e1e-5ae71b51b571,2026-07-06T08:30:00Z,2026-07-06T10:30:00+0200,10613.29,MW,BE,BE,actual_load,Actual Load,2026-08-02T04:32:23Z
2026-08-02T04:32:20Z,2026-08-02T06:32:20+0200,7aafc1bd-8364-45d6-9e1e-5ae71b51b571,2026-07-06T08:45:00Z,2026-07-06T10:45:00+0200,10927.95,MW,BE,BE,actual_load,Actual Load,2026-08-02T04:32:23Z
2026-08-02T04:32:20Z,2026-08-02T06:32:20+0200,7aafc1bd-8364-45d6-9e1e-5ae71b51b571,2026-07-06T09:00:00Z,2026-07-06T11:00:00+0200,10916.33,MW,BE,BE,actual_load,Actual Load,2026-08-02T04:32:23Z
2026-08-02T04:32:20Z,2026-08-02T06:32:20+0200,7aafc1bd-8364-45d6-9e1e-5ae71b51b571,2026-07-06T09:15:00Z,2026-07-06T11:15:00+0200,11027.29,MW,BE,BE,actual_load,Actual Load,2026-08-02T04:32:23Z
2026-08-02T04:32:20Z,2026-08-02T06:32:20+0200,7aafc1bd-8364-45d6-9e1e-5ae71b51b571,2026-07-06T09:30:00Z,2026-07-06T11:30:00+0200,11121.31,MW,BE,BE,actual_load,Actual Load,2026-08-02T04:32:23Z
2026-08-02T04:32:20Z,2026-08-02T06:32:20+0200,7aafc1bd-8364-45d6-9e1e-5ae71b51b571,2026-07-06T09:45:00Z,2026-07-06T11:45:00+0200,11157.1,MW,BE,BE,actual_load,Actual Load,2026-08-02T04:32:23Z
2026-08-02T04:32:20Z,2026-08-02T06:32:20+0200,7aafc1bd-8364-45d6-9e1e-5ae71b51b571,2026-07-06T10:00:00Z,2026-07-06T12:00:00+0200,11360.73,MW,BE,BE,actual_load,Actual Load,2026-08-02T04:32:23Z
2026-08-02T04:32:20Z,2026-08-02T06:32:20+0200,7aafc1bd-8364-45d6-9e1e-5ae71b51b571,2026-07-06T10:15:00Z,2026-07-06T12:15:00+0200,11434.38,MW,BE,BE,actual_load,Actual Load,2026-08-02T04:32:23Z
2026-08-02T04:32:20Z,2026-08-02T06:32:20+0200,7aafc1bd-8364-45d6-9e1e-5ae71b51b571,2026-07-06T10:30:00Z,2026-07-06T12:30:00+0200,11389.51,MW,BE,BE,actual_load,Actual Load,2026-08-02T04:32:23Z
2026-08-02T04:32:20Z,2026-08-02T06:32:20+0200,7aafc1bd-8364-45d6-9e1e-5ae71b51b571,2026-07-06T10:45:00Z,2026-07-06T12:45:00+0200,11382.57,MW,BE,BE,actual_load,Actual Load,2026-08-02T04:32:23Z
2026-08-02T04:32:20Z,2026-08-02T06:32:20+0200,7aafc1bd-8364-45d6-9e1e-5ae71b51b571,2026-07-06T11:00:00Z,2026-07-06T13:00:00+0200,11444.28,MW,BE,BE,actual_load,Actual Load,2026-08-02T04:32:23Z
2026-08-02T04:32:20Z,2026-08-02T06:32:20+0200,7aafc1bd-8364-45d6-9e1e-5ae71b51b571,2026-07-06T11:15:00Z,2026-07-06T13:15:00+0200,11539.97,MW,BE,BE,actual_load,Actual Load,2026-08-02T04:32:23Z
2026-08-02T04:32:20Z,2026-08-02T06:32:20+0200,7aafc1bd-8364-45d6-9e1e-5ae71b51b571,2026-07-06T11:30:00Z,2026-07-06T13:30:00+0200,11604.78,MW,BE,BE,actual_load,Actual Load,2026-08-02T04:32:23Z
2026-08-02T04:32:20Z,2026-08-02T06:32:20+0200,7aafc1bd-8364-45d6-9e1e-5ae71b51b571,2026-07-06T11:45:00Z,2026-07-06T13:45:00+0200,11671.8,MW,BE,BE,actual_load,Actual Load,2026-08-02T04:32:23Z
2026-08-02T04:32:20Z,2026-08-02T06:32:20+0200,7aafc1bd-8364-45d6-9e1e-5ae71b51b571,2026-07-06T12:00:00Z,2026-07-06T14:00:00+0200,11681.15,MW,BE,BE,actual_load,Actual Load,2026-08-02T04:32:23Z
2026-08-02T04:32:20Z,2026-08-02T06:32:20+0200,7aafc1bd-8364-45d6-9e1e-5ae71b51b571,2026-07-06T12:15:00Z,2026-07-06T14:15:00+0200,11671.81,MW,BE,BE,actual_load,Actual Load,2026-08-02T04:32:23Z
2026-08-02T04:32:20Z,2026-08-02T06:32:20+0200,7aafc1bd-8364-45d6-9e1e-5ae71b51b571,2026-07-06T12:30:00Z,2026-07-06T14:30:00+0200,11591.87,MW,BE,BE,actual_load,Actual Load,2026-08-02T04:32:23Z
2026-08-02T04:32:20Z,2026-08-02T06:32:20+0200,7aafc1bd-8364-45d6-9e1e-5ae71b51b571,2026-07-06T12:45:00Z,2026-07-06T14:45:00+0200,11572.8,MW,BE,BE,actual_load,Actual Load,2026-08-02T04:32:23Z
2026-08-02T04:32:20Z,2026-08-02T06:32:20+0200,7aafc1bd-8364-45d6-9e1e-5ae71b51b571,2026-07-06T13:00:00Z,2026-07-06T15:00:00+0200,11586.41,MW,BE,BE,actual_load,Actual Load,2026-08-02T04:32:23Z
2026-08-02T04:32:20Z,2026-08-02T06:32:20+0200,7aafc1bd-8364-45d6-9e1e-5ae71b51b571,2026-07-06T13:15:00Z,2026-07-06T15:15:00+0200,11621.16,MW,BE,BE,actual_load,Actual Load,2026-08-02T04:32:23Z
2026-08-02T04:32:20Z,2026-08-02T06:32:20+0200,7aafc1bd-8364-45d6-9e1e-5ae71b51b571,2026-07-06T13:30:00Z,2026-07-06T15:30:00+0200,11417.55,MW,BE,BE,actual_load,Actual Load,2026-08-02T04:32:23Z
2026-08-02T04:32:20Z,2026-08-02T06:32:20+0200,7aafc1bd-8364-45d6-9e1e-5ae71b51b571,2026-07-06T13:45:00Z,2026-07-06T15:45:00+0200,11186.68,MW,BE,BE,actual_load,Actual Load,2026-08-02T04:32:23Z
2026-08-02T04:32:20Z,2026-08-02T06:32:20+0200,7aafc1bd-8364-45d6-9e1e-5ae71b51b571,2026-07-06T14:00:00Z,2026-07-06T16:00:00+0200,10824.09,MW,BE,BE,actual_load,Actual Load,2026-08-02T04:32:23Z
2026-08-02T04:32:20Z,2026-08-02T06:32:20+0200,7aafc1bd-8364-45d6-9e1e-5ae71b51b571,2026-07-06T14:15:00Z,2026-07-06T16:15:00+0200,10806.83,MW,BE,BE,actual_load,Actual Load,2026-08-02T04:32:23Z
2026-08-02T04:32:20Z,2026-08-02T06:32:20+0200,7aafc1bd-8364-45d6-9e1e-5ae71b51b571,2026-07-06T14:30:00Z,2026-07-06T16:30:00+0200,10538.83,MW,BE,BE,actual_load,Actual Load,2026-08-02T04:32:23Z
2026-08-02T04:32:20Z,2026-08-02T06:32:20+0200,7aafc1bd-8364-45d6-9e1e-5ae71b51b571,2026-07-06T14:45:00Z,2026-07-06T16:45:00+0200,10375.3,MW,BE,BE,actual_load,Actual Load,2026-08-02T04:32:23Z
2026-08-02T04:32:20Z,2026-08-02T06:32:20+0200,7aafc1bd-8364-45d6-9e1e-5ae71b51b571,2026-07-06T15:00:00Z,2026-07-06T17:00:00+0200,10228.3,MW,BE,BE,actual_load,Actual Load,2026-08-02T04:32:23Z
2026-08-02T04:32:20Z,2026-08-02T06:32:20+0200,7aafc1bd-8364-45d6-9e1e-5ae71b51b571,2026-07-06T15:15:00Z,2026-07-06T17:15:00+0200,10403.34,MW,BE,BE,actual_load,Actual Load,2026-08-02T04:32:23Z
2026-08-02T04:32:20Z,2026-08-02T06:32:20+0200,7aafc1bd-8364-45d6-9e1e-5ae71b51b571,2026-07-06T15:30:00Z,2026-07-06T17:30:00+0200,10431.75,MW,BE,BE,actual_load,Actual Load,2026-08-02T04:32:23Z
2026-08-02T04:32:20Z,2026-08-02T06:32:20+0200,7aafc1bd-8364-45d6-9e1e-5ae71b51b571,2026-07-06T15:45:00Z,2026-07-06T17:45:00+0200,10478.76,MW,BE,BE,actual_load,Actual Load,2026-08-02T04:32:23Z
2026-08-02T04:32:20Z,2026-08-02T06:32:20+0200,7aafc1bd-8364-45d6-9e1e-5ae71b51b571,2026-07-06T16:00:00Z,2026-07-06T18:00:00+0200,10373.86,MW,BE,BE,actual_load,Actual Load,2026-08-02T04:32:23Z
2026-08-02T04:32:20Z,2026-08-02T06:32:20+0200,7aafc1bd-8364-45d6-9e1e-5ae71b51b571,2026-07-06T16:15:00Z,2026-07-06T18:15:00+0200,10183.95,MW,BE,BE,actual_load,Actual Load,2026-08-02T04:32:23Z
2026-08-02T04:32:20Z,2026-08-02T06:32:20+0200,7aafc1bd-8364-45d6-9e1e-5ae71b51b571,2026-07-06T16:30:00Z,2026-07-06T18:30:00+0200,10023.22,MW,BE,BE,actual_load,Actual Load,2026-08-02T04:32:23Z
2026-08-02T04:32:20Z,2026-08-02T06:32:20+0200,7aafc1bd-8364-45d6-9e1e-5ae71b51b571,2026-07-06T16:45:00Z,2026-07-06T18:45:00+0200,10093.83,MW,BE,BE,actual_load,Actual Load,2026-08-02T04:32:23Z
2026-08-02T04:32:20Z,2026-08-02T06:32:20+0200,7aafc1bd-8364-45d6-9e1e-5ae71b51b571,2026-07-06T17:00:00Z,2026-07-06T19:00:00+0200,9992.19,MW,BE,BE,actual_load,Actual Load,2026-08-02T04:32:23Z
2026-08-02T04:32:20Z,2026-08-02T06:32:20+0200,7aafc1bd-8364-45d6-9e1e-5ae71b51b571,2026-07-06T17:15:00Z,2026-07-06T19:15:00+0200,10067.88,MW,BE,BE,actual_load,Actual Load,2026-08-02T04:32:23Z
2026-08-02T04:32:20Z,2026-08-02T06:32:20+0200,7aafc1bd-8364-45d6-9e1e-5ae71b51b571,2026-07-06T17:30:00Z,2026-07-06T19:30:00+0200,10118.13,MW,BE,BE,actual_load,Actual Load,2026-08-02T04:32:23Z
2026-08-02T04:32:20Z,2026-08-02T06:32:20+0200,7aafc1bd-8364-45d6-9e1e-5ae71b51b571,2026-07-06T17:45:00Z,2026-07-06T19:45:00+0200,10150.48,MW,BE,BE,actual_load,Actual Load,2026-08-02T04:32:23Z
2026-08-02T04:32:20Z,2026-08-02T06:32:20+0200,7aafc1bd-8364-45d6-9e1e-5ae71b51b571,2026-07-06T18:00:00Z,2026-07-06T20:00:00+0200,10121.18,MW,BE,BE,actual_load,Actual Load,2026-08-02T04:32:23Z
2026-08-02T04:32:20Z,2026-08-02T06:32:20+0200,7aafc1bd-8364-45d6-9e1e-5ae71b51b571,2026-07-06T18:15:00Z,2026-07-06T20:15:00+0200,10080.96,MW,BE,BE,actual_load,Actual Load,2026-08-02T04:32:23Z
2026-08-02T04:32:20Z,2026-08-02T06:32:20+0200,7aafc1bd-8364-45d6-9e1e-5ae71b51b571,2026-07-06T18:30:00Z,2026-07-06T20:30:00+0200,9956.22,MW,BE,BE,actual_load,Actual Load,2026-08-02T04:32:23Z
2026-08-02T04:32:20Z,2026-08-02T06:32:20+0200,7aafc1bd-8364-45d6-9e1e-5ae71b51b571,2026-07-06T18:45:00Z,2026-07-06T20:45:00+0200,9726.38,MW,BE,BE,actual_load,Actual Load,2026-08-02T04:32:23Z
2026-08-02T04:32:20Z,2026-08-02T06:32:20+0200,7aafc1bd-8364-45d6-9e1e-5ae71b51b571,2026-07-06T19:00:00Z,2026-07-06T21:00:00+0200,9809.12,MW,BE,BE,actual_load,Actual Load,2026-08-02T04:32:23Z
2026-08-02T04:32:20Z,2026-08-02T06:32:20+0200,7aafc1bd-8364-45d6-9e1e-5ae71b51b571,2026-07-06T19:15:00Z,2026-07-06T21:15:00+0200,9797.49,MW,BE,BE,actual_load,Actual Load,2026-08-02T04:32:23Z
2026-08-02T04:32:20Z,2026-08-02T06:32:20+0200,7aafc1bd-8364-45d6-9e1e-5ae71b51b571,2026-07-06T19:30:00Z,2026-07-06T21:30:00+0200,9706.3,MW,BE,BE,actual_load,Actual Load,2026-08-02T04:32:23Z
2026-08-02T04:32:20Z,2026-08-02T06:32:20+0200,7aafc1bd-8364-45d6-9e1e-5ae71b51b571,2026-07-06T19:45:00Z,2026-07-06T21:45:00+0200,9765.06,MW,BE,BE,actual_load,Actual Load,2026-08-02T04:32:23Z
2026-08-02T04:32:20Z,2026-08-02T06:32:20+0200,7aafc1bd-8364-45d6-9e1e-5ae71b51b571,2026-07-06T20:00:00Z,2026-07-06T22:00:00+0200,9658.69,MW,BE,BE,actual_load,Actual Load,2026-08-02T04:32:23Z
2026-08-02T04:32:20Z,2026-08-02T06:32:20+0200,7aafc1bd-8364-45d6-9e1e-5ae71b51b571,2026-07-06T20:15:00Z,2026-07-06T22:15:00+0200,9717.06,MW,BE,BE,actual_load,Actual Load,2026-08-02T04:32:23Z
2026-08-02T04:32:20Z,2026-08-02T06:32:20+0200,7aafc1bd-8364-45d6-9e1e-5ae71b51b571,2026-07-06T20:30:00Z,2026-07-06T22:30:00+0200,9637.6,MW,BE,BE,actual_load,Actual Load,2026-08-02T04:32:23Z
2026-08-02T04:32:20Z,2026-08-02T06:32:20+0200,7aafc1bd-8364-45d6-9e1e-5ae71b51b571,2026-07-06T20:45:00Z,2026-07-06T22:45:00+0200,9434.03,MW,BE,BE,actual_load,Actual Load,2026-08-02T04:32:23Z
2026-08-02T04:32:20Z,2026-08-02T06:32:20+0200,7aafc1bd-8364-45d6-9e1e-5ae71b51b571,2026-07-06T21:00:00Z,2026-07-06T23:00:00+0200,9294.03,MW,BE,BE,actual_load,Actual Load,2026-08-02T04:32:23Z
2026-08-02T04:32:20Z,2026-08-02T06:32:20+0200,7aafc1bd-8364-45d6-9e1e-5ae71b51b571,2026-07-06T21:15:00Z,2026-07-06T23:15:00+0200,9215.19,MW,BE,BE,actual_load,Actual Load,2026-08-02T04:32:23Z
2026-08-02T04:32:20Z,2026-08-02T06:32:20+0200,7aafc1bd-8364-45d6-9e1e-5ae71b51b571,2026-07-06T21:30:00Z,2026-07-06T23:30:00+0200,9025.16,MW,BE,BE,actual_load,Actual Load,2026-08-02T04:32:23Z
2026-08-02T04:32:20Z,2026-08-02T06:32:20+0200,7aafc1bd-8364-45d6-9e1e-5ae71b51b571,2026-07-06T21:45:00Z,2026-07-06T23:45:00+0200,8826.0,MW,BE,BE,actual_load,Actual Load,2026-08-02T04:32:23Z
2026-08-02T04:32:20Z,2026-08-02T06:32:20+0200,7aafc1bd-8364-45d6-9e1e-5ae71b51b571,2026-07-06T22:00:00Z,2026-07-07T00:00:00+0200,8903.11,MW,BE,BE,actual_load,Actual Load,2026-08-02T04:32:23Z
2026-08-02T04:32:20Z,2026-08-02T06:32:20+0200,7aafc1bd-8364-45d6-9e1e-5ae71b51b571,2026-07-06T22:15:00Z,2026-07-07T00:15:00+0200,8701.27,MW,BE,BE,actual_load,Actual Load,2026-08-02T04:32:23Z
2026-08-02T04:32:20Z,2026-08-02T06:32:20+0200,7aafc1bd-8364-45d6-9e1e-5ae71b51b571,2026-07-06T22:30:00Z,2026-07-07T00:30:00+0200,8636.72,MW,BE,BE,actual_load,Actual Load,2026-08-02T04:32:23Z
2026-08-02T04:32:20Z,2026-08-02T06:32:20+0200,7aafc1bd-8364-45d6-9e1e-5ae71b51b571,2026-07-06T22:45:00Z,2026-07-07T00:45:00+0200,8541.37,MW,BE,BE,actual_load,Actual Load,2026-08-02T04:32:23Z
2026-08-02T04:32:20Z,2026-08-02T06:32:20+0200,7aafc1bd-8364-45d6-9e1e-5ae71b51b571,2026-07-06T23:00:00Z,2026-07-07T01:00:00+0200,8442.48,MW,BE,BE,actual_load,Actual Load,2026-08-02T04:32:23Z
2026-08-02T04:32:20Z,2026-08-02T06:32:20+0200,7aafc1bd-8364-45d6-9e1e-5ae71b51b571,2026-07-06T23:15:00Z,2026-07-07T01:15:00+0200,8392.65,MW,BE,BE,actual_load,Actual Load,2026-08-02T04:32:23Z
2026-08-02T04:32:20Z,2026-08-02T06:32:20+0200,7aafc1bd-8364-45d6-9e1e-5ae71b51b571,2026-07-06T23:30:00Z,2026-07-07T01:30:00+0200,8370.62,MW,BE,BE,actual_load,Actual Load,2026-08-02T04:32:23Z
2026-08-02T04:32:20Z,2026-08-02T06:32:20+0200,7aafc1bd-8364-45d6-9e1e-5ae71b51b571,2026-07-06T23:45:00Z,2026-07-07T01:45:00+0200,8290.63,MW,BE,BE,actual_load,Actual Load,2026-08-02T04:32:23Z
2026-08-02T04:32:20Z,2026-08-02T06:32:20+0200,7aafc1bd-8364-45d6-9e1e-5ae71b51b571,2026-07-07T00:00:00Z,2026-07-07T02:00:00+0200,8323.18,MW,BE,BE,actual_load,Actual Load,2026-08-02T04:32:23Z
2026-08-02T04:32:20Z,2026-08-02T06:32:20+0200,7aafc1bd-8364-45d6-9e1e-5ae71b51b571,2026-07-07T00:15:00Z,2026-07-07T02:15:00+0200,8296.36,MW,BE,BE,actual_load,Actual Load,2026-08-02T04:32:23Z
2026-08-02T04:32:20Z,2026-08-02T06:32:20+0200,7aafc1bd-8364-45d6-9e1e-5ae71b51b571,2026-07-07T00:30:00Z,2026-07-07T02:30:00+0200,8215.89,MW,BE,BE,actual_load,Actual Load,2026-08-02T04:32:23Z
2026-08-02T04:32:20Z,2026-08-02T06:32:20+0200,7aafc1bd-8364-45d6-9e1e-5ae71b51b571,2026-07-07T00:45:00Z,2026-07-07T02:45:00+0200,8093.07,MW,BE,BE,actual_load,Actual Load,2026-08-02T04:32:23Z
2026-08-02T04:32:20Z,2026-08-02T06:32:20+0200,7aafc1bd-8364-45d6-9e1e-5ae71b51b571,2026-07-07T01:00:00Z,2026-07-07T03:00:00+0200,8067.97,MW,BE,BE,actual_load,Actual Load,2026-08-02T04:32:23Z
2026-08-02T04:32:20Z,2026-08-02T06:32:20+0200,7aafc1bd-8364-45d6-9e1e-5ae71b51b571,2026-07-07T01:15:00Z,2026-07-07T03:15:00+0200,8166.23,MW,BE,BE,actual_load,Actual Load,2026-08-02T04:32:23Z
2026-08-02T04:32:20Z,2026-08-02T06:32:20+0200,7aafc1bd-8364-45d6-9e1e-5ae71b51b571,2026-07-07T01:30:00Z,2026-07-07T03:30:00+0200,8068.59,MW,BE,BE,actual_load,Actual Load,2026-08-02T04:32:23Z
2026-08-02T04:32:20Z,2026-08-02T06:32:20+0200,7aafc1bd-8364-45d6-9e1e-5ae71b51b571,2026-07-07T01:45:00Z,2026-07-07T03:45:00+0200,8039.31,MW,BE,BE,actual_load,Actual Load,2026-08-02T04:32:23Z
2026-08-02T04:32:20Z,2026-08-02T06:32:20+0200,7aafc1bd-8364-45d6-9e1e-5ae71b51b571,2026-07-07T02:00:00Z,2026-07-07T04:00:00+0200,8186.26,MW,BE,BE,actual_load,Actual Load,2026-08-02T04:32:23Z
2026-08-02T04:32:20Z,2026-08-02T06:32:20+0200,7aafc1bd-8364-45d6-9e1e-5ae71b51b571,2026-07-07T02:15:00Z,2026-07-07T04:15:00+0200,8239.01,MW,BE,BE,actual_load,Actual Load,2026-08-02T04:32:23Z
2026-08-02T04:32:20Z,2026-08-02T06:32:20+0200,7aafc1bd-8364-45d6-9e1e-5ae71b51b571,2026-07-07T02:30:00Z,2026-07-07T04:30:00+0200,8107.07,MW,BE,BE,actual_load,Actual Load,2026-08-02T04:32:23Z
2026-08-02T04:32:20Z,2026-08-02T06:32:20+0200,7aafc1bd-8364-45d6-9e1e-5ae71b51b571,2026-07-07T02:45:00Z,2026-07-07T04:45:00+0200,8089.41,MW,BE,BE,actual_load,Actual Load,2026-08-02T04:32:23Z
2026-08-02T04:32:20Z,2026-08-02T06:32:20+0200,7aafc1bd-8364-45d6-9e1e-5ae71b51b571,2026-07-07T03:00:00Z,2026-07-07T05:00:00+0200,8206.77,MW,BE,BE,actual_load,Actual Load,2026-08-02T04:32:23Z
2026-08-02T04:32:20Z,2026-08-02T06:32:20+0200,7aafc1bd-8364-45d6-9e1e-5ae71b51b571,2026-07-07T03:15:00Z,2026-07-07T05:15:00+0200,8252.69,MW,BE,BE,actual_load,Actual Load,2026-08-02T04:32:23Z
2026-08-02T04:32:20Z,2026-08-02T06:32:20+0200,7aafc1bd-8364-45d6-9e1e-5ae71b51b571,2026-07-07T03:30:00Z,2026-07-07T05:30:00+0200,8181.1,MW,BE,BE,actual_load,Actual Load,2026-08-02T04:32:23Z
2026-08-02T04:32:20Z,2026-08-02T06:32:20+0200,7aafc1bd-8364-45d6-9e1e-5ae71b51b571,2026-07-07T03:45:00Z,2026-07-07T05:45:00+0200,8212.93,MW,BE,BE,actual_load,Actual Load,2026-08-02T04:32:23Z
2026-08-02T04:32:20Z,2026-08-02T06:32:20+0200,7aafc1bd-8364-45d6-9e1e-5ae71b51b571,2026-07-07T04:00:00Z,2026-07-07T06:00:00+0200,8455.93,MW,BE,BE,actual_load,Actual Load,2026-08-02T04:32:23Z
2026-08-02T04:32:20Z,2026-08-02T06:32:20+0200,7aafc1bd-8364-45d6-9e1e-5ae71b51b571,2026-07-07T04:15:00Z,2026-07-07T06:15:00+0200,8608.69,MW,BE,BE,actual_load,Actual Load,2026-08-02T04:32:23Z
2026-08-02T04:32:20Z,2026-08-02T06:32:20+0200,7aafc1bd-8364-45d6-9e1e-5ae71b51b571,2026-07-07T04:30:00Z,2026-07-07T06:30:00+0200,8831.97,MW,BE,BE,actual_load,Actual Load,2026-08-02T04:32:23Z
2026-08-02T04:32:20Z,2026-08-02T06:32:20+0200,7aafc1bd-8364-45d6-9e1e-5ae71b51b571,2026-07-07T04:45:00Z,2026-07-07T06:45:00+0200,8968.07,MW,BE,BE,actual_load,Actual Load,2026-08-02T04:32:23Z
2026-08-02T04:32:20Z,2026-08-02T06:32:20+0200,7aafc1bd-8364-45d6-9e1e-5ae71b51b571,2026-07-07T05:00:00Z,2026-07-07T07:00:00+0200,9074.45,MW,BE,BE,actual_load,Actual Load,2026-08-02T04:32:23Z
2026-08-02T04:32:20Z,2026-08-02T06:32:20+0200,7aafc1bd-8364-45d6-9e1e-5ae71b51b571,2026-07-07T05:15:00Z,2026-07-07T07:15:00+0200,9299.84,MW,BE,BE,actual_load,Actual Load,2026-08-02T04:32:23Z
2026-08-02T04:32:20Z,2026-08-02T06:32:20+0200,7aafc1bd-8364-45d6-9e1e-5ae71b51b571,2026-07-07T05:30:00Z,2026-07-07T07:30:00+0200,9492.55,MW,BE,BE,actual_load,Actual Load,2026-08-02T04:32:23Z
2026-08-02T04:32:20Z,2026-08-02T06:32:20+0200,7aafc1bd-8364-45d6-9e1e-5ae71b51b571,2026-07-07T05:45:00Z,2026-07-07T07:45:00+0200,9605.59,MW,BE,BE,actual_load,Actual Load,2026-08-02T04:32:23Z
2026-08-02T04:32:20Z,2026-08-02T06:32:20+0200,7aafc1bd-8364-45d6-9e1e-5ae71b51b571,2026-07-07T06:00:00Z,2026-07-07T08:00:00+0200,9726.9,MW,BE,BE,actual_load,Actual Load,2026-08-02T04:32:23Z
2026-08-02T04:32:20Z,2026-08-02T06:32:20+0200,7aafc1bd-8364-45d6-9e1e-5ae71b51b571,2026-07-07T06:15:00Z,2026-07-07T08:15:00+0200,9845.58,MW,BE,BE,actual_load,Actual Load,2026-08-02T04:32:23Z
2026-08-02T04:32:20Z,2026-08-02T06:32:20+0200,7aafc1bd-8364-45d6-9e1e-5ae71b51b571,2026-07-07T06:30:00Z,2026-07-07T08:30:00+0200,9965.72,MW,BE,BE,actual_load,Actual Load,2026-08-02T04:32:23Z
2026-08-02T04:32:20Z,2026-08-02T06:32:20+0200,7aafc1bd-8364-45d6-9e1e-5ae71b51b571,2026-07-07T06:45:00Z,2026-07-07T08:45:00+0200,9960.17,MW,BE,BE,actual_load,Actual Load,2026-08-02T04:32:23Z
2026-08-02T04:32:20Z,2026-08-02T06:32:20+0200,7aafc1bd-8364-45d6-9e1e-5ae71b51b571,2026-07-07T07:00:00Z,2026-07-07T09:00:00+0200,10020.54,MW,BE,BE,actual_load,Actual Load,2026-08-02T04:32:23Z
2026-08-02T04:32:20Z,2026-08-02T06:32:20+0200,7aafc1bd-8364-45d6-9e1e-5ae71b51b571,2026-07-07T07:15:00Z,2026-07-07T09:15:00+0200,10190.77,MW,BE,BE,actual_load,Actual Load,2026-08-02T04:32:23Z
2026-08-02T04:32:20Z,2026-08-02T06:32:20+0200,7aafc1bd-8364-45d6-9e1e-5ae71b51b571,2026-07-07T07:30:00Z,2026-07-07T09:30:00+0200,10277.68,MW,BE,BE,actual_load,Actual Load,2026-08-02T04:32:23Z
2026-08-02T04:32:20Z,2026-08-02T06:32:20+0200,7aafc1bd-8364-45d6-9e1e-5ae71b51b571,2026-07-07T07:45:00Z,2026-07-07T09:45:00+0200,10504.69,MW,BE,BE,actual_load,Actual Load,2026-08-02T04:32:23Z
2026-08-02T04:32:20Z,2026-08-02T06:32:20+0200,7aafc1bd-8364-45d6-9e1e-5ae71b51b571,2026-07-07T08:00:00Z,2026-07-07T10:00:00+0200,10653.57,MW,BE,BE,actual_load,Actual Load,2026-08-02T04:32:23Z
2026-08-02T04:32:20Z,2026-08-02T06:32:20+0200,7aafc1bd-8364-45d6-9e1e-5ae71b51b571,2026-07-07T08:15:00Z,2026-07-07T10:15:00+0200,10832.79,MW,BE,BE,actual_load,Actual Load,2026-08-02T04:32:23Z
2026-08-02T04:32:20Z,2026-08-02T06:32:20+0200,7aafc1bd-8364-45d6-9e1e-5ae71b51b571,2026-07-07T08:30:00Z,2026-07-07T10:30:00+0200,10764.1,MW,BE,BE,actual_load,Actual Load,2026-08-02T04:32:23Z
2026-08-02T04:32:20Z,2026-08-02T06:32:20+0200,7aafc1bd-8364-45d6-9e1e-5ae71b51b571,2026-07-07T08:45:00Z,2026-07-07T10:45:00+0200,10996.03,MW,BE,BE,actual_load,Actual Load,2026-08-02T04:32:23Z
2026-08-02T04:32:20Z,2026-08-02T06:32:20+0200,7aafc1bd-8364-45d6-9e1e-5ae71b51b571,2026-07-07T09:00:00Z,2026-07-07T11:00:00+0200,10990.53,MW,BE,BE,actual_load,Actual Load,2026-08-02T04:32:23Z
2026-08-02T04:32:20Z,2026-08-02T06:32:20+0200,7aafc1bd-8364-45d6-9e1e-5ae71b51b571,2026-07-07T09:15:00Z,2026-07-07T11:15:00+0200,11212.86,MW,BE,BE,actual_load,Actual Load,2026-08-02T04:32:23Z
2026-08-02T04:32:20Z,2026-08-02T06:32:20+0200,7aafc1bd-8364-45d6-9e1e-5ae71b51b571,2026-07-07T09:30:00Z,2026-07-07T11:30:00+0200,11194.09,MW,BE,BE,actual_load,Actual Load,2026-08-02T04:32:23Z
2026-08-02T04:32:20Z,2026-08-02T06:32:20+0200,7aafc1bd-8364-45d6-9e1e-5ae71b51b571,2026-07-07T09:45:00Z,2026-07-07T11:45:00+0200,11250.19,MW,BE,BE,actual_load,Actual Load,2026-08-02T04:32:23Z
2026-08-02T04:32:20Z,2026-08-02T06:32:20+0200,7aafc1bd-8364-45d6-9e1e-5ae71b51b571,2026-07-07T10:00:00Z,2026-07-07T12:00:00+0200,11423.42,MW,BE,BE,actual_load,Actual Load,2026-08-02T04:32:23Z
2026-08-02T04:32:20Z,2026-08-02T06:32:20+0200,7aafc1bd-8364-45d6-9e1e-5ae71b51b571,2026-07-07T10:15:00Z,2026-07-07T12:15:00+0200,11365.73,MW,BE,BE,actual_load,Actual Load,2026-08-02T04:32:23Z
2026-08-02T04:32:20Z,2026-08-02T06:32:20+0200,7aafc1bd-8364-45d6-9e1e-5ae71b51b571,2026-07-07T10:30:00Z,2026-07-07T12:30:00+0200,11338.41,MW,BE,BE,actual_load,Actual Load,2026-08-02T04:32:23Z
2026-08-02T04:32:20Z,2026-08-02T06:32:20+0200,7aafc1bd-8364-45d6-9e1e-5ae71b51b571,2026-07-07T10:45:00Z,2026-07-07T12:45:00+0200,11338.98,MW,BE,BE,actual_load,Actual Load,2026-08-02T04:32:23Z
2026-08-02T04:32:20Z,2026-08-02T06:32:20+0200,7aafc1bd-8364-45d6-9e1e-5ae71b51b571,2026-07-07T11:00:00Z,2026-07-07T13:00:00+0200,11351.7,MW,BE,BE,actual_load,Actual Load,2026-08-02T04:32:23Z
2026-08-02T04:32:20Z,2026-08-02T06:32:20+0200,7aafc1bd-8364-45d6-9e1e-5ae71b51b571,2026-07-07T11:15:00Z,2026-07-07T13:15:00+0200,11371.17,MW,BE,BE,actual_load,Actual Load,2026-08-02T04:32:23Z
2026-08-02T04:32:20Z,2026-08-02T06:32:20+0200,7aafc1bd-8364-45d6-9e1e-5ae71b51b571,2026-07-07T11:30:00Z,2026-07-07T13:30:00+0200,11415.98,MW,BE,BE,actual_load,Actual Load,2026-08-02T04:32:23Z
2026-08-02T04:32:20Z,2026-08-02T06:32:20+0200,7aafc1bd-8364-45d6-9e1e-5ae71b51b571,2026-07-07T11:45:00Z,2026-07-07T13:45:00+0200,11158.5,MW,BE,BE,actual_load,Actual Load,2026-08-02T04:32:23Z
2026-08-02T04:32:20Z,2026-08-02T06:32:20+0200,7aafc1bd-8364-45d6-9e1e-5ae71b51b571,2026-07-07T12:00:00Z,2026-07-07T14:00:00+0200,11075.33,MW,BE,BE,actual_load,Actual Load,2026-08-02T04:32:23Z
2026-08-02T04:32:20Z,2026-08-02T06:32:20+0200,7aafc1bd-8364-45d6-9e1e-5ae71b51b571,2026-07-07T12:15:00Z,2026-07-07T14:15:00+0200,11037.41,MW,BE,BE,actual_load,Actual Load,2026-08-02T04:32:23Z
2026-08-02T04:32:20Z,2026-08-02T06:32:20+0200,7aafc1bd-8364-45d6-9e1e-5ae71b51b571,2026-07-07T12:30:00Z,2026-07-07T14:30:00+0200,11042.69,MW,BE,BE,actual_load,Actual Load,2026-08-02T04:32:23Z
2026-08-02T04:32:20Z,2026-08-02T06:32:20+0200,7aafc1bd-8364-45d6-9e1e-5ae71b51b571,2026-07-07T12:45:00Z,2026-07-07T14:45:00+0200,10928.51,MW,BE,BE,actual_load,Actual Load,2026-08-02T04:32:23Z
2026-08-02T04:32:20Z,2026-08-02T06:32:20+0200,7aafc1bd-8364-45d6-9e1e-5ae71b51b571,2026-07-07T13:00:00Z,2026-07-07T15:00:00+0200,10853.71,MW,BE,BE,actual_load,Actual Load,2026-08-02T04:32:23Z
2026-08-02T04:32:20Z,2026-08-02T06:32:20+0200,7aafc1bd-8364-45d6-9e1e-5ae71b51b571,2026-07-07T13:15:00Z,2026-07-07T15:15:00+0200,10691.65,MW,BE,BE,actual_load,Actual Load,2026-08-02T04:32:23Z
2026-08-02T04:32:20Z,2026-08-02T06:32:20+0200,7aafc1bd-8364-45d6-9e1e-5ae71b51b571,2026-07-07T13:30:00Z,2026-07-07T15:30:00+0200,10513.02,MW,BE,BE,actual_load,Actual Load,2026-08-02T04:32:23Z
2026-08-02T04:32:20Z,2026-08-02T06:32:20+0200,7aafc1bd-8364-45d6-9e1e-5ae71b51b571,2026-07-07T13:45:00Z,2026-07-07T15:45:00+0200,10568.63,MW,BE,BE,actual_load,Actual Load,2026-08-02T04:32:23Z
2026-08-02T04:32:20Z,2026-08-02T06:32:20+0200,7aafc1bd-8364-45d6-9e1e-5ae71b51b571,2026-07-07T14:00:00Z,2026-07-07T16:00:00+0200,10452.58,MW,BE,BE,actual_load,Actual Load,2026-08-02T04:32:23Z
2026-08-02T04:32:20Z,2026-08-02T06:32:20+0200,7aafc1bd-8364-45d6-9e1e-5ae71b51b571,2026-07-07T14:15:00Z,2026-07-07T16:15:00+0200,10489.97,MW,BE,BE,actual_load,Actual Load,2026-08-02T04:32:23Z
2026-08-02T04:32:20Z,2026-08-02T06:32:20+0200,7aafc1bd-8364-45d6-9e1e-5ae71b51b571,2026-07-07T14:30:00Z,2026-07-07T16:30:00+0200,10555.43,MW,BE,BE,actual_load,Actual Load,2026-08-02T04:32:23Z
2026-08-02T04:32:20Z,2026-08-02T06:32:20+0200,7aafc1bd-8364-45d6-9e1e-5ae71b51b571,2026-07-07T14:45:00Z,2026-07-07T16:45:00+0200,10491.74,MW,BE,BE,actual_load,Actual Load,2026-08-02T04:32:23Z
2026-08-02T04:32:20Z,2026-08-02T06:32:20+0200,7aafc1bd-8364-45d6-9e1e-5ae71b51b571,2026-07-07T15:00:00Z,2026-07-07T17:00:00+0200,10411.4,MW,BE,BE,actual_load,Actual Load,2026-08-02T04:32:23Z
2026-08-02T04:32:20Z,2026-08-02T06:32:20+0200,7aafc1bd-8364-45d6-9e1e-5ae71b51b571,2026-07-07T15:15:00Z,2026-07-07T17:15:00+0200,10352.0,MW,BE,BE,actual_load,Actual Load,2026-08-02T04:32:23Z
2026-08-02T04:32:20Z,2026-08-02T06:32:20+0200,7aafc1bd-8364-45d6-9e1e-5ae71b51b571,2026-07-07T15:30:00Z,2026-07-07T17:30:00+0200,10407.7,MW,BE,BE,actual_load,Actual Load,2026-08-02T04:32:23Z
2026-08-02T04:32:20Z,2026-08-02T06:32:20+0200,7aafc1bd-8364-45d6-9e1e-5ae71b51b571,2026-07-07T15:45:00Z,2026-07-07T17:45:00+0200,10244.72,MW,BE,BE,actual_load,Actual Load,2026-08-02T04:32:23Z
2026-08-02T04:32:20Z,2026-08-02T06:32:20+0200,7aafc1bd-8364-45d6-9e1e-5ae71b51b571,2026-07-07T16:00:00Z,2026-07-07T18:00:00+0200,10183.41,MW,BE,BE,actual_load,Actual Load,2026-08-02T04:32:23Z
2026-08-02T04:32:20Z,2026-08-02T06:32:20+0200,7aafc1bd-8364-45d6-9e1e-5ae71b51b571,2026-07-07T16:15:00Z,2026-07-07T18:15:00+0200,10050.71,MW,BE,BE,actual_load,Actual Load,2026-08-02T04:32:23Z
2026-08-02T04:32:20Z,2026-08-02T06:32:20+0200,7aafc1bd-8364-45d6-9e1e-5ae71b51b571,2026-07-07T16:30:00Z,2026-07-07T18:30:00+0200,10070.11,MW,BE,BE,actual_load,Actual Load,2026-08-02T04:32:23Z
2026-08-02T04:32:20Z,2026-08-02T06:32:20+0200,7aafc1bd-8364-45d6-9e1e-5ae71b51b571,2026-07-07T16:45:00Z,2026-07-07T18:45:00+0200,9968.03,MW,BE,BE,actual_load,Actual Load,2026-08-02T04:32:23Z
2026-08-02T04:32:20Z,2026-08-02T06:32:20+0200,7aafc1bd-8364-45d6-9e1e-5ae71b51b571,2026-07-07T17:00:00Z,2026-07-07T19:00:00+0200,9933.0,MW,BE,BE,actual_load,Actual Load,2026-08-02T04:32:23Z
2026-08-02T04:32:20Z,2026-08-02T06:32:20+0200,7aafc1bd-8364-45d6-9e1e-5ae71b51b571,2026-07-07T17:15:00Z,2026-07-07T19:15:00+0200,9903.01,MW,BE,BE,actual_load,Actual Load,2026-08-02T04:32:23Z
2026-08-02T04:32:20Z,2026-08-02T06:32:20+0200,7aafc1bd-8364-45d6-9e1e-5ae71b51b571,2026-07-07T17:30:00Z,2026-07-07T19:30:00+0200,9961.19,MW,BE,BE,actual_load,Actual Load,2026-08-02T04:32:23Z
2026-08-02T04:32:20Z,2026-08-02T06:32:20+0200,7aafc1bd-8364-45d6-9e1e-5ae71b51b571,2026-07-07T17:45:00Z,2026-07-07T19:45:00+0200,10031.59,MW,BE,BE,actual_load,Actual Load,2026-08-02T04:32:23Z
2026-08-02T04:32:20Z,2026-08-02T06:32:20+0200,7aafc1bd-8364-45d6-9e1e-5ae71b51b571,2026-07-07T18:00:00Z,2026-07-07T20:00:00+0200,10035.65,MW,BE,BE,actual_load,Actual Load,2026-08-02T04:32:23Z
2026-08-02T04:32:20Z,2026-08-02T06:32:20+0200,7aafc1bd-8364-45d6-9e1e-5ae71b51b571,2026-07-07T18:15:00Z,2026-07-07T20:15:00+0200,9929.63,MW,BE,BE,actual_load,Actual Load,2026-08-02T04:32:23Z
2026-08-02T04:32:20Z,2026-08-02T06:32:20+0200,7aafc1bd-8364-45d6-9e1e-5ae71b51b571,2026-07-07T18:30:00Z,2026-07-07T20:30:00+0200,9890.56,MW,BE,BE,actual_load,Actual Load,2026-08-02T04:32:23Z
2026-08-02T04:32:20Z,2026-08-02T06:32:20+0200,7aafc1bd-8364-45d6-9e1e-5ae71b51b571,2026-07-07T18:45:00Z,2026-07-07T20:45:00+0200,9665.53,MW,BE,BE,actual_load,Actual Load,2026-08-02T04:32:23Z
2026-08-02T04:32:20Z,2026-08-02T06:32:20+0200,7aafc1bd-8364-45d6-9e1e-5ae71b51b571,2026-07-07T19:00:00Z,2026-07-07T21:00:00+0200,9515.15,MW,BE,BE,actual_load,Actual Load,2026-08-02T04:32:23Z
2026-08-02T04:32:20Z,2026-08-02T06:32:20+0200,7aafc1bd-8364-45d6-9e1e-5ae71b51b571,2026-07-07T19:15:00Z,2026-07-07T21:15:00+0200,9515.34,MW,BE,BE,actual_load,Actual Load,2026-08-02T04:32:23Z
2026-08-02T04:32:20Z,2026-08-02T06:32:20+0200,7aafc1bd-8364-45d6-9e1e-5ae71b51b571,2026-07-07T19:30:00Z,2026-07-07T21:30:00+0200,9536.21,MW,BE,BE,actual_load,Actual Load,2026-08-02T04:32:23Z
2026-08-02T04:32:20Z,2026-08-02T06:32:20+0200,7aafc1bd-8364-45d6-9e1e-5ae71b51b571,2026-07-07T19:45:00Z,2026-07-07T21:45:00+0200,9275.73,MW,BE,BE,actual_load,Actual Load,2026-08-02T04:32:23Z
2026-08-02T04:32:20Z,2026-08-02T06:32:20+0200,7aafc1bd-8364-45d6-9e1e-5ae71b51b571,2026-07-07T20:00:00Z,2026-07-07T22:00:00+0200,9485.33,MW,BE,BE,actual_load,Actual Load,2026-08-02T04:32:23Z
2026-08-02T04:32:20Z,2026-08-02T06:32:20+0200,7aafc1bd-8364-45d6-9e1e-5ae71b51b571,2026-07-07T20:15:00Z,2026-07-07T22:15:00+0200,9426.35,MW,BE,BE,actual_load,Actual Load,2026-08-02T04:32:23Z
2026-08-02T04:32:20Z,2026-08-02T06:32:20+0200,7aafc1bd-8364-45d6-9e1e-5ae71b51b571,2026-07-07T20:30:00Z,2026-07-07T22:30:00+0200,9308.36,MW,BE,BE,actual_load,Actual Load,2026-08-02T04:32:23Z
2026-08-02T04:32:20Z,2026-08-02T06:32:20+0200,7aafc1bd-8364-45d6-9e1e-5ae71b51b571,2026-07-07T20:45:00Z,2026-07-07T22:45:00+0200,9160.83,MW,BE,BE,actual_load,Actual Load,2026-08-02T04:32:23Z
2026-08-02T04:32:20Z,2026-08-02T06:32:20+0200,7aafc1bd-8364-45d6-9e1e-5ae71b51b571,2026-07-07T21:00:00Z,2026-07-07T23:00:00+0200,9025.1,MW,BE,BE,actual_load,Actual Load,2026-08-02T04:32:23Z
2026-08-02T04:32:20Z,2026-08-02T06:32:20+0200,7aafc1bd-8364-45d6-9e1e-5ae71b51b571,2026-07-07T21:15:00Z,2026-07-07T23:15:00+0200,8986.64,MW,BE,BE,actual_load,Actual Load,2026-08-02T04:32:23Z
2026-08-02T04:32:20Z,2026-08-02T06:32:20+0200,7aafc1bd-8364-45d6-9e1e-5ae71b51b571,2026-07-07T21:30:00Z,2026-07-07T23:30:00+0200,8863.64,MW,BE,BE,actual_load,Actual Load,2026-08-02T04:32:23Z
2026-08-02T04:32:20Z,2026-08-02T06:32:20+0200,7aafc1bd-8364-45d6-9e1e-5ae71b51b571,2026-07-07T21:45:00Z,2026-07-07T23:45:00+0200,8697.25,MW,BE,BE,actual_load,Actual Load,2026-08-02T04:32:23Z
2026-08-02T04:32:20Z,2026-08-02T06:32:20+0200,7aafc1bd-8364-45d6-9e1e-5ae71b51b571,2026-07-07T22:00:00Z,2026-07-08T00:00:00+0200,8661.68,MW,BE,BE,actual_load,Actual Load,2026-08-02T04:32:23Z
2026-08-02T04:32:20Z,2026-08-02T06:32:20+0200,7aafc1bd-8364-45d6-9e1e-5ae71b51b571,2026-07-07T22:15:00Z,2026-07-08T00:15:00+0200,8562.64,MW,BE,BE,actual_load,Actual Load,2026-08-02T04:32:23Z
2026-08-02T04:32:20Z,2026-08-02T06:32:20+0200,7aafc1bd-8364-45d6-9e1e-5ae71b51b571,2026-07-07T22:30:00Z,2026-07-08T00:30:00+0200,8481.36,MW,BE,BE,actual_load,Actual Load,2026-08-02T04:32:23Z
2026-08-02T04:32:20Z,2026-08-02T06:32:20+0200,7aafc1bd-8364-45d6-9e1e-5ae71b51b571,2026-07-07T22:45:00Z,2026-07-08T00:45:00+0200,8339.12,MW,BE,BE,actual_load,Actual Load,2026-08-02T04:32:23Z
2026-08-02T04:32:20Z,2026-08-02T06:32:20+0200,7aafc1bd-8364-45d6-9e1e-5ae71b51b571,2026-07-07T23:00:00Z,2026-07-08T01:00:00+0200,8353.85,MW,BE,BE,actual_load,Actual Load,2026-08-02T04:32:23Z
2026-08-02T04:32:20Z,2026-08-02T06:32:20+0200,7aafc1bd-8364-45d6-9e1e-5ae71b51b571,2026-07-07T23:15:00Z,2026-07-08T01:15:00+0200,8309.59,MW,BE,BE,actual_load,Actual Load,2026-08-02T04:32:23Z
2026-08-02T04:32:20Z,2026-08-02T06:32:20+0200,7aafc1bd-8364-45d6-9e1e-5ae71b51b571,2026-07-07T23:30:00Z,2026-07-08T01:30:00+0200,8236.41,MW,BE,BE,actual_load,Actual Load,2026-08-02T04:32:23Z
2026-08-02T04:32:20Z,2026-08-02T06:32:20+0200,7aafc1bd-8364-45d6-9e1e-5ae71b51b571,2026-07-07T23:45:00Z,2026-07-08T01:45:00+0200,8259.05,MW,BE,BE,actual_load,Actual Load,2026-08-02T04:32:23Z
2026-08-02T04:32:20Z,2026-08-02T06:32:20+0200,7aafc1bd-8364-45d6-9e1e-5ae71b51b571,2026-07-08T00:00:00Z,2026-07-08T02:00:00+0200,8079.89,MW,BE,BE,actual_load,Actual Load,2026-08-02T04:32:23Z
2026-08-02T04:32:20Z,2026-08-02T06:32:20+0200,7aafc1bd-8364-45d6-9e1e-5ae71b51b571,2026-07-08T00:15:00Z,2026-07-08T02:15:00+0200,8096.64,MW,BE,BE,actual_load,Actual Load,2026-08-02T04:32:23Z
2026-08-02T04:32:20Z,2026-08-02T06:32:20+0200,7aafc1bd-8364-45d6-9e1e-5ae71b51b571,2026-07-08T00:30:00Z,2026-07-08T02:30:00+0200,8048.92,MW,BE,BE,actual_load,Actual Load,2026-08-02T04:32:23Z
2026-08-02T04:32:20Z,2026-08-02T06:32:20+0200,7aafc1bd-8364-45d6-9e1e-5ae71b51b571,2026-07-08T00:45:00Z,2026-07-08T02:45:00+0200,7972.18,MW,BE,BE,actual_load,Actual Load,2026-08-02T04:32:23Z
2026-08-02T04:32:20Z,2026-08-02T06:32:20+0200,7aafc1bd-8364-45d6-9e1e-5ae71b51b571,2026-07-08T01:00:00Z,2026-07-08T03:00:00+0200,7986.18,MW,BE,BE,actual_load,Actual Load,2026-08-02T04:32:23Z
2026-08-02T04:32:20Z,2026-08-02T06:32:20+0200,7aafc1bd-8364-45d6-9e1e-5ae71b51b571,2026-07-08T01:15:00Z,2026-07-08T03:15:00+0200,8002.28,MW,BE,BE,actual_load,Actual Load,2026-08-02T04:32:23Z
2026-08-02T04:32:20Z,2026-08-02T06:32:20+0200,7aafc1bd-8364-45d6-9e1e-5ae71b51b571,2026-07-08T01:30:00Z,2026-07-08T03:30:00+0200,7952.94,MW,BE,BE,actual_load,Actual Load,2026-08-02T04:32:23Z
2026-08-02T04:32:20Z,2026-08-02T06:32:20+0200,7aafc1bd-8364-45d6-9e1e-5ae71b51b571,2026-07-08T01:45:00Z,2026-07-08T03:45:00+0200,7938.79,MW,BE,BE,actual_load,Actual Load,2026-08-02T04:32:23Z
2026-08-02T04:32:20Z,2026-08-02T06:32:20+0200,7aafc1bd-8364-45d6-9e1e-5ae71b51b571,2026-07-08T02:00:00Z,2026-07-08T04:00:00+0200,7914.54,MW,BE,BE,actual_load,Actual Load,2026-08-02T04:32:23Z
2026-08-02T04:32:20Z,2026-08-02T06:32:20+0200,7aafc1bd-8364-45d6-9e1e-5ae71b51b571,2026-07-08T02:15:00Z,2026-07-08T04:15:00+0200,7850.21,MW,BE,BE,actual_load,Actual Load,2026-08-02T04:32:23Z
2026-08-02T04:32:20Z,2026-08-02T06:32:20+0200,7aafc1bd-8364-45d6-9e1e-5ae71b51b571,2026-07-08T02:30:00Z,2026-07-08T04:30:00+0200,7928.55,MW,BE,BE,actual_load,Actual Load,2026-08-02T04:32:23Z
2026-08-02T04:32:20Z,2026-08-02T06:32:20+0200,7aafc1bd-8364-45d6-9e1e-5ae71b51b571,2026-07-08T02:45:00Z,2026-07-08T04:45:00+0200,7893.07,MW,BE,BE,actual_load,Actual Load,2026-08-02T04:32:23Z
2026-08-02T04:32:20Z,2026-08-02T06:32:20+0200,7aafc1bd-8364-45d6-9e1e-5ae71b51b571,2026-07-08T03:00:00Z,2026-07-08T05:00:00+0200,8021.12,MW,BE,BE,actual_load,Actual Load,2026-08-02T04:32:23Z
2026-08-02T04:32:20Z,2026-08-02T06:32:20+0200,7aafc1bd-8364-45d6-9e1e-5ae71b51b571,2026-07-08T03:15:00Z,2026-07-08T05:15:00+0200,7967.82,MW,BE,BE,actual_load,Actual Load,2026-08-02T04:32:23Z
2026-08-02T04:32:20Z,2026-08-02T06:32:20+0200,7aafc1bd-8364-45d6-9e1e-5ae71b51b571,2026-07-08T03:30:00Z,2026-07-08T05:30:00+0200,7953.01,MW,BE,BE,actual_load,Actual Load,2026-08-02T04:32:23Z
2026-08-02T04:32:20Z,2026-08-02T06:32:20+0200,7aafc1bd-8364-45d6-9e1e-5ae71b51b571,2026-07-08T03:45:00Z,2026-07-08T05:45:00+0200,8038.18,MW,BE,BE,actual_load,Actual Load,2026-08-02T04:32:23Z
2026-08-02T04:32:20Z,2026-08-02T06:32:20+0200,7aafc1bd-8364-45d6-9e1e-5ae71b51b571,2026-07-08T04:00:00Z,2026-07-08T06:00:00+0200,8232.25,MW,BE,BE,actual_load,Actual Load,2026-08-02T04:32:23Z
2026-08-02T04:32:20Z,2026-08-02T06:32:20+0200,7aafc1bd-8364-45d6-9e1e-5ae71b51b571,2026-07-08T04:15:00Z,2026-07-08T06:15:00+0200,8408.26,MW,BE,BE,actual_load,Actual Load,2026-08-02T04:32:23Z
2026-08-02T04:32:20Z,2026-08-02T06:32:20+0200,7aafc1bd-8364-45d6-9e1e-5ae71b51b571,2026-07-08T04:30:00Z,2026-07-08T06:30:00+0200,8472.24,MW,BE,BE,actual_load,Actual Load,2026-08-02T04:32:23Z
2026-08-02T04:32:20Z,2026-08-02T06:32:20+0200,7aafc1bd-8364-45d6-9e1e-5ae71b51b571,2026-07-08T04:45:00Z,2026-07-08T06:45:00+0200,8622.79,MW,BE,BE,actual_load,Actual Load,2026-08-02T04:32:23Z
2026-08-02T04:32:20Z,2026-08-02T06:32:20+0200,7aafc1bd-8364-45d6-9e1e-5ae71b51b571,2026-07-08T05:00:00Z,2026-07-08T07:00:00+0200,8755.9,MW,BE,BE,actual_load,Actual Load,2026-08-02T04:32:23Z
2026-08-02T04:32:20Z,2026-08-02T06:32:20+0200,7aafc1bd-8364-45d6-9e1e-5ae71b51b571,2026-07-08T05:15:00Z,2026-07-08T07:15:00+0200,8941.94,MW,BE,BE,actual_load,Actual Load,2026-08-02T04:32:23Z
2026-08-02T04:32:20Z,2026-08-02T06:32:20+0200,7aafc1bd-8364-45d6-9e1e-5ae71b51b571,2026-07-08T05:30:00Z,2026-07-08T07:30:00+0200,9164.11,MW,BE,BE,actual_load,Actual Load,2026-08-02T04:32:23Z
2026-08-02T04:32:20Z,2026-08-02T06:32:20+0200,7aafc1bd-8364-45d6-9e1e-5ae71b51b571,2026-07-08T05:45:00Z,2026-07-08T07:45:00+0200,9339.55,MW,BE,BE,actual_load,Actual Load,2026-08-02T04:32:23Z
2026-08-02T04:32:20Z,2026-08-02T06:32:20+0200,7aafc1bd-8364-45d6-9e1e-5ae71b51b571,2026-07-08T06:00:00Z,2026-07-08T08:00:00+0200,9531.01,MW,BE,BE,actual_load,Actual Load,2026-08-02T04:32:23Z
2026-08-02T04:32:20Z,2026-08-02T06:32:20+0200,7aafc1bd-8364-45d6-9e1e-5ae71b51b571,2026-07-08T06:15:00Z,2026-07-08T08:15:00+0200,9719.48,MW,BE,BE,actual_load,Actual Load,2026-08-02T04:32:23Z
2026-08-02T04:32:20Z,2026-08-02T06:32:20+0200,7aafc1bd-8364-45d6-9e1e-5ae71b51b571,2026-07-08T06:30:00Z,2026-07-08T08:30:00+0200,9844.49,MW,BE,BE,actual_load,Actual Load,2026-08-02T04:32:23Z
2026-08-02T04:32:20Z,2026-08-02T06:32:20+0200,7aafc1bd-8364-45d6-9e1e-5ae71b51b571,2026-07-08T06:45:00Z,2026-07-08T08:45:00+0200,10005.0,MW,BE,BE,actual_load,Actual Load,2026-08-02T04:32:23Z
2026-08-02T04:32:20Z,2026-08-02T06:32:20+0200,7aafc1bd-8364-45d6-9e1e-5ae71b51b571,2026-07-08T07:00:00Z,2026-07-08T09:00:00+0200,10114.87,MW,BE,BE,actual_load,Actual Load,2026-08-02T04:32:23Z
2026-08-02T04:32:20Z,2026-08-02T06:32:20+0200,7aafc1bd-8364-45d6-9e1e-5ae71b51b571,2026-07-08T07:15:00Z,2026-07-08T09:15:00+0200,10122.1,MW,BE,BE,actual_load,Actual Load,2026-08-02T04:32:23Z
2026-08-02T04:32:20Z,2026-08-02T06:32:20+0200,7aafc1bd-8364-45d6-9e1e-5ae71b51b571,2026-07-08T07:30:00Z,2026-07-08T09:30:00+0200,10244.89,MW,BE,BE,actual_load,Actual Load,2026-08-02T04:32:23Z
2026-08-02T04:32:20Z,2026-08-02T06:32:20+0200,7aafc1bd-8364-45d6-9e1e-5ae71b51b571,2026-07-08T07:45:00Z,2026-07-08T09:45:00+0200,10478.78,MW,BE,BE,actual_load,Actual Load,2026-08-02T04:32:23Z
2026-08-02T04:32:20Z,2026-08-02T06:32:20+0200,7aafc1bd-8364-45d6-9e1e-5ae71b51b571,2026-07-08T08:00:00Z,2026-07-08T10:00:00+0200,10573.19,MW,BE,BE,actual_load,Actual Load,2026-08-02T04:32:23Z
2026-08-02T04:32:20Z,2026-08-02T06:32:20+0200,7aafc1bd-8364-45d6-9e1e-5ae71b51b571,2026-07-08T08:15:00Z,2026-07-08T10:15:00+0200,10668.37,MW,BE,BE,actual_load,Actual Load,2026-08-02T04:32:23Z
2026-08-02T04:32:20Z,2026-08-02T06:32:20+0200,7aafc1bd-8364-45d6-9e1e-5ae71b51b571,2026-07-08T08:30:00Z,2026-07-08T10:30:00+0200,10672.14,MW,BE,BE,actual_load,Actual Load,2026-08-02T04:32:23Z
2026-08-02T04:32:20Z,2026-08-02T06:32:20+0200,7aafc1bd-8364-45d6-9e1e-5ae71b51b571,2026-07-08T08:45:00Z,2026-07-08T10:45:00+0200,10464.25,MW,BE,BE,actual_load,Actual Load,2026-08-02T04:32:23Z
2026-08-02T04:32:20Z,2026-08-02T06:32:20+0200,7aafc1bd-8364-45d6-9e1e-5ae71b51b571,2026-07-08T09:00:00Z,2026-07-08T11:00:00+0200,10394.77,MW,BE,BE,actual_load,Actual Load,2026-08-02T04:32:23Z
2026-08-02T04:32:20Z,2026-08-02T06:32:20+0200,7aafc1bd-8364-45d6-9e1e-5ae71b51b571,2026-07-08T09:15:00Z,2026-07-08T11:15:00+0200,10235.97,MW,BE,BE,actual_load,Actual Load,2026-08-02T04:32:23Z
2026-08-02T04:32:20Z,2026-08-02T06:32:20+0200,7aafc1bd-8364-45d6-9e1e-5ae71b51b571,2026-07-08T09:30:00Z,2026-07-08T11:30:00+0200,10239.96,MW,BE,BE,actual_load,Actual Load,2026-08-02T04:32:23Z
2026-08-02T04:32:20Z,2026-08-02T06:32:20+0200,7aafc1bd-8364-45d6-9e1e-5ae71b51b571,2026-07-08T09:45:00Z,2026-07-08T11:45:00+0200,10293.44,MW,BE,BE,actual_load,Actual Load,2026-08-02T04:32:23Z
2026-08-02T04:32:20Z,2026-08-02T06:32:20+0200,7aafc1bd-8364-45d6-9e1e-5ae71b51b571,2026-07-08T10:00:00Z,2026-07-08T12:00:00+0200,10306.73,MW,BE,BE,actual_load,Actual Load,2026-08-02T04:32:23Z
2026-08-02T04:32:20Z,2026-08-02T06:32:20+0200,7aafc1bd-8364-45d6-9e1e-5ae71b51b571,2026-07-08T10:15:00Z,2026-07-08T12:15:00+0200,10141.8,MW,BE,BE,actual_load,Actual Load,2026-08-02T04:32:23Z
2026-08-02T04:32:20Z,2026-08-02T06:32:20+0200,7aafc1bd-8364-45d6-9e1e-5ae71b51b571,2026-07-08T10:30:00Z,2026-07-08T12:30:00+0200,10139.48,MW,BE,BE,actual_load,Actual Load,2026-08-02T04:32:23Z
2026-08-02T04:32:20Z,2026-08-02T06:32:20+0200,7aafc1bd-8364-45d6-9e1e-5ae71b51b571,2026-07-08T10:45:00Z,2026-07-08T12:45:00+0200,10247.87,MW,BE,BE,actual_load,Actual Load,2026-08-02T04:32:23Z
2026-08-02T04:32:20Z,2026-08-02T06:32:20+0200,7aafc1bd-8364-45d6-9e1e-5ae71b51b571,2026-07-08T11:00:00Z,2026-07-08T13:00:00+0200,10305.99,MW,BE,BE,actual_load,Actual Load,2026-08-02T04:32:23Z
2026-08-02T04:32:20Z,2026-08-02T06:32:20+0200,7aafc1bd-8364-45d6-9e1e-5ae71b51b571,2026-07-08T11:15:00Z,2026-07-08T13:15:00+0200,10498.68,MW,BE,BE,actual_load,Actual Load,2026-08-02T04:32:23Z
2026-08-02T04:32:20Z,2026-08-02T06:32:20+0200,7aafc1bd-8364-45d6-9e1e-5ae71b51b571,2026-07-08T11:30:00Z,2026-07-08T13:30:00+0200,10438.38,MW,BE,BE,actual_load,Actual Load,2026-08-02T04:32:23Z
2026-08-02T04:32:20Z,2026-08-02T06:32:20+0200,7aafc1bd-8364-45d6-9e1e-5ae71b51b571,2026-07-08T11:45:00Z,2026-07-08T13:45:00+0200,10335.72,MW,BE,BE,actual_load,Actual Load,2026-08-02T04:32:23Z
2026-08-02T04:32:20Z,2026-08-02T06:32:20+0200,7aafc1bd-8364-45d6-9e1e-5ae71b51b571,2026-07-08T12:00:00Z,2026-07-08T14:00:00+0200,10159.73,MW,BE,BE,actual_load,Actual Load,2026-08-02T04:32:23Z
2026-08-02T04:32:20Z,2026-08-02T06:32:20+0200,7aafc1bd-8364-45d6-9e1e-5ae71b51b571,2026-07-08T12:15:00Z,2026-07-08T14:15:00+0200,10249.63,MW,BE,BE,actual_load,Actual Load,2026-08-02T04:32:23Z
2026-08-02T04:32:20Z,2026-08-02T06:32:20+0200,7aafc1bd-8364-45d6-9e1e-5ae71b51b571,2026-07-08T12:30:00Z,2026-07-08T14:30:00+0200,10137.76,MW,BE,BE,actual_load,Actual Load,2026-08-02T04:32:23Z
2026-08-02T04:32:20Z,2026-08-02T06:32:20+0200,7aafc1bd-8364-45d6-9e1e-5ae71b51b571,2026-07-08T12:45:00Z,2026-07-08T14:45:00+0200,9980.69,MW,BE,BE,actual_load,Actual Load,2026-08-02T04:32:23Z
2026-08-02T04:32:20Z,2026-08-02T06:32:20+0200,7aafc1bd-8364-45d6-9e1e-5ae71b51b571,2026-07-08T13:00:00Z,2026-07-08T15:00:00+0200,10140.37,MW,BE,BE,actual_load,Actual Load,2026-08-02T04:32:23Z
2026-08-02T04:32:20Z,2026-08-02T06:32:20+0200,7aafc1bd-8364-45d6-9e1e-5ae71b51b571,2026-07-08T13:15:00Z,2026-07-08T15:15:00+0200,9929.26,MW,BE,BE,actual_load,Actual Load,2026-08-02T04:32:23Z
2026-08-02T04:32:20Z,2026-08-02T06:32:20+0200,7aafc1bd-8364-45d6-9e1e-5ae71b51b571,2026-07-08T13:30:00Z,2026-07-08T15:30:00+0200,10005.87,MW,BE,BE,actual_load,Actual Load,2026-08-02T04:32:23Z
2026-08-02T04:32:20Z,2026-08-02T06:32:20+0200,7aafc1bd-8364-45d6-9e1e-5ae71b51b571,2026-07-08T13:45:00Z,2026-07-08T15:45:00+0200,9895.08,MW,BE,BE,actual_load,Actual Load,2026-08-02T04:32:23Z
2026-08-02T04:32:20Z,2026-08-02T06:32:20+0200,7aafc1bd-8364-45d6-9e1e-5ae71b51b571,2026-07-08T14:00:00Z,2026-07-08T16:00:00+0200,9917.43,MW,BE,BE,actual_load,Actual Load,2026-08-02T04:32:23Z
2026-08-02T04:32:20Z,2026-08-02T06:32:20+0200,7aafc1bd-8364-45d6-9e1e-5ae71b51b571,2026-07-08T14:15:00Z,2026-07-08T16:15:00+0200,9878.79,MW,BE,BE,actual_load,Actual Load,2026-08-02T04:32:23Z
2026-08-02T04:32:20Z,2026-08-02T06:32:20+0200,7aafc1bd-8364-45d6-9e1e-5ae71b51b571,2026-07-08T14:30:00Z,2026-07-08T16:30:00+0200,9842.43,MW,BE,BE,actual_load,Actual Load,2026-08-02T04:32:23Z
2026-08-02T04:32:20Z,2026-08-02T06:32:20+0200,7aafc1bd-8364-45d6-9e1e-5ae71b51b571,2026-07-08T14:45:00Z,2026-07-08T16:45:00+0200,9923.48,MW,BE,BE,actual_load,Actual Load,2026-08-02T04:32:23Z
2026-08-02T04:32:20Z,2026-08-02T06:32:20+0200,7aafc1bd-8364-45d6-9e1e-5ae71b51b571,2026-07-08T15:00:00Z,2026-07-08T17:00:00+0200,10061.7,MW,BE,BE,actual_load,Actual Load,2026-08-02T04:32:23Z
2026-08-02T04:32:20Z,2026-08-02T06:32:20+0200,7aafc1bd-8364-45d6-9e1e-5ae71b51b571,2026-07-08T15:15:00Z,2026-07-08T17:15:00+0200,10107.93,MW,BE,BE,actual_load,Actual Load,2026-08-02T04:32:23Z
2026-08-02T04:32:20Z,2026-08-02T06:32:20+0200,7aafc1bd-8364-45d6-9e1e-5ae71b51b571,2026-07-08T15:30:00Z,2026-07-08T17:30:00+0200,10256.96,MW,BE,BE,actual_load,Actual Load,2026-08-02T04:32:23Z
2026-08-02T04:32:20Z,2026-08-02T06:32:20+0200,7aafc1bd-8364-45d6-9e1e-5ae71b51b571,2026-07-08T15:45:00Z,2026-07-08T17:45:00+0200,10256.51,MW,BE,BE,actual_load,Actual Load,2026-08-02T04:32:23Z
2026-08-02T04:32:20Z,2026-08-02T06:32:20+0200,7aafc1bd-8364-45d6-9e1e-5ae71b51b571,2026-07-08T16:00:00Z,2026-07-08T18:00:00+0200,10378.74,MW,BE,BE,actual_load,Actual Load,2026-08-02T04:32:23Z
2026-08-02T04:32:20Z,2026-08-02T06:32:20+0200,7aafc1bd-8364-45d6-9e1e-5ae71b51b571,2026-07-08T16:15:00Z,2026-07-08T18:15:00+0200,10278.78,MW,BE,BE,actual_load,Actual Load,2026-08-02T04:32:23Z
2026-08-02T04:32:20Z,2026-08-02T06:32:20+0200,7aafc1bd-8364-45d6-9e1e-5ae71b51b571,2026-07-08T16:30:00Z,2026-07-08T18:30:00+0200,10113.63,MW,BE,BE,actual_load,Actual Load,2026-08-02T04:32:23Z
2026-08-02T04:32:20Z,2026-08-02T06:32:20+0200,7aafc1bd-8364-45d6-9e1e-5ae71b51b571,2026-07-08T16:45:00Z,2026-07-08T18:45:00+0200,10070.32,MW,BE,BE,actual_load,Actual Load,2026-08-02T04:32:23Z
2026-08-02T04:32:20Z,2026-08-02T06:32:20+0200,7aafc1bd-8364-45d6-9e1e-5ae71b51b571,2026-07-08T17:00:00Z,2026-07-08T19:00:00+0200,10088.19,MW,BE,BE,actual_load,Actual Load,2026-08-02T04:32:23Z
2026-08-02T04:32:20Z,2026-08-02T06:32:20+0200,7aafc1bd-8364-45d6-9e1e-5ae71b51b571,2026-07-08T17:15:00Z,2026-07-08T19:15:00+0200,9773.64,MW,BE,BE,actual_load,Actual Load,2026-08-02T04:32:23Z
2026-08-02T04:32:20Z,2026-08-02T06:32:20+0200,7aafc1bd-8364-45d6-9e1e-5ae71b51b571,2026-07-08T17:30:00Z,2026-07-08T19:30:00+0200,9544.03,MW,BE,BE,actual_load,Actual Load,2026-08-02T04:32:23Z
2026-08-02T04:32:20Z,2026-08-02T06:32:20+0200,7aafc1bd-8364-45d6-9e1e-5ae71b51b571,2026-07-08T17:45:00Z,2026-07-08T19:45:00+0200,9299.82,MW,BE,BE,actual_load,Actual Load,2026-08-02T04:32:23Z
2026-08-02T04:32:20Z,2026-08-02T06:32:20+0200,7aafc1bd-8364-45d6-9e1e-5ae71b51b571,2026-07-08T18:00:00Z,2026-07-08T20:00:00+0200,9218.54,MW,BE,BE,actual_load,Actual Load,2026-08-02T04:32:23Z
2026-08-02T04:32:20Z,2026-08-02T06:32:20+0200,7aafc1bd-8364-45d6-9e1e-5ae71b51b571,2026-07-08T18:15:00Z,2026-07-08T20:15:00+0200,9257.63,MW,BE,BE,actual_load,Actual Load,2026-08-02T04:32:23Z
2026-08-02T04:32:20Z,2026-08-02T06:32:20+0200,7aafc1bd-8364-45d6-9e1e-5ae71b51b571,2026-07-08T18:30:00Z,2026-07-08T20:30:00+0200,9232.55,MW,BE,BE,actual_load,Actual Load,2026-08-02T04:32:23Z
2026-08-02T04:32:20Z,2026-08-02T06:32:20+0200,7aafc1bd-8364-45d6-9e1e-5ae71b51b571,2026-07-08T18:45:00Z,2026-07-08T20:45:00+0200,9245.35,MW,BE,BE,actual_load,Actual Load,2026-08-02T04:32:23Z
2026-08-02T04:32:20Z,2026-08-02T06:32:20+0200,7aafc1bd-8364-45d6-9e1e-5ae71b51b571,2026-07-08T19:00:00Z,2026-07-08T21:00:00+0200,9212.91,MW,BE,BE,actual_load,Actual Load,2026-08-02T04:32:23Z
2026-08-02T04:32:20Z,2026-08-02T06:32:20+0200,7aafc1bd-8364-45d6-9e1e-5ae71b51b571,2026-07-08T19:15:00Z,2026-07-08T21:15:00+0200,9264.58,MW,BE,BE,actual_load,Actual Load,2026-08-02T04:32:23Z
2026-08-02T04:32:20Z,2026-08-02T06:32:20+0200,7aafc1bd-8364-45d6-9e1e-5ae71b51b571,2026-07-08T19:30:00Z,2026-07-08T21:30:00+0200,9156.58,MW,BE,BE,actual_load,Actual Load,2026-08-02T04:32:23Z
2026-08-02T04:32:20Z,2026-08-02T06:32:20+0200,7aafc1bd-8364-45d6-9e1e-5ae71b51b571,2026-07-08T19:45:00Z,2026-07-08T21:45:00+0200,9184.75,MW,BE,BE,actual_load,Actual Load,2026-08-02T04:32:23Z
2026-08-02T04:32:20Z,2026-08-02T06:32:20+0200,7aafc1bd-8364-45d6-9e1e-5ae71b51b571,2026-07-08T20:00:00Z,2026-07-08T22:00:00+0200,9169.71,MW,BE,BE,actual_load,Actual Load,2026-08-02T04:32:23Z
2026-08-02T04:32:20Z,2026-08-02T06:32:20+0200,7aafc1bd-8364-45d6-9e1e-5ae71b51b571,2026-07-08T20:15:00Z,2026-07-08T22:15:00+0200,9270.01,MW,BE,BE,actual_load,Actual Load,2026-08-02T04:32:23Z
2026-08-02T04:32:20Z,2026-08-02T06:32:20+0200,7aafc1bd-8364-45d6-9e1e-5ae71b51b571,2026-07-08T20:30:00Z,2026-07-08T22:30:00+0200,9252.46,MW,BE,BE,actual_load,Actual Load,2026-08-02T04:32:23Z
2026-08-02T04:32:20Z,2026-08-02T06:32:20+0200,7aafc1bd-8364-45d6-9e1e-5ae71b51b571,2026-07-08T20:45:00Z,2026-07-08T22:45:00+0200,9145.86,MW,BE,BE,actual_load,Actual Load,2026-08-02T04:32:23Z
2026-08-02T04:32:20Z,2026-08-02T06:32:20+0200,7aafc1bd-8364-45d6-9e1e-5ae71b51b571,2026-07-08T21:00:00Z,2026-07-08T23:00:00+0200,8866.81,MW,BE,BE,actual_load,Actual Load,2026-08-02T04:32:23Z
2026-08-02T04:32:20Z,2026-08-02T06:32:20+0200,7aafc1bd-8364-45d6-9e1e-5ae71b51b571,2026-07-08T21:15:00Z,2026-07-08T23:15:00+0200,8766.9,MW,BE,BE,actual_load,Actual Load,2026-08-02T04:32:23Z
2026-08-02T04:32:20Z,2026-08-02T06:32:20+0200,7aafc1bd-8364-45d6-9e1e-5ae71b51b571,2026-07-08T21:30:00Z,2026-07-08T23:30:00+0200,8627.23,MW,BE,BE,actual_load,Actual Load,2026-08-02T04:32:23Z
2026-08-02T04:32:20Z,2026-08-02T06:32:20+0200,7aafc1bd-8364-45d6-9e1e-5ae71b51b571,2026-07-08T21:45:00Z,2026-07-08T23:45:00+0200,8585.03,MW,BE,BE,actual_load,Actual Load,2026-08-02T04:32:23Z
2026-08-02T04:32:20Z,2026-08-02T06:32:20+0200,7aafc1bd-8364-45d6-9e1e-5ae71b51b571,2026-07-08T22:00:00Z,2026-07-09T00:00:00+0200,8520.72,MW,BE,BE,actual_load,Actual Load,2026-08-02T04:32:23Z
2026-08-02T04:32:20Z,2026-08-02T06:32:20+0200,7aafc1bd-8364-45d6-9e1e-5ae71b51b571,2026-07-08T22:15:00Z,2026-07-09T00:15:00+0200,8475.26,MW,BE,BE,actual_load,Actual Load,2026-08-02T04:32:23Z
2026-08-02T04:32:20Z,2026-08-02T06:32:20+0200,7aafc1bd-8364-45d6-9e1e-5ae71b51b571,2026-07-08T22:30:00Z,2026-07-09T00:30:00+0200,8383.86,MW,BE,BE,actual_load,Actual Load,2026-08-02T04:32:23Z
2026-08-02T04:32:20Z,2026-08-02T06:32:20+0200,7aafc1bd-8364-45d6-9e1e-5ae71b51b571,2026-07-08T22:45:00Z,2026-07-09T00:45:00+0200,8342.16,MW,BE,BE,actual_load,Actual Load,2026-08-02T04:32:23Z
2026-08-02T04:32:20Z,2026-08-02T06:32:20+0200,7aafc1bd-8364-45d6-9e1e-5ae71b51b571,2026-07-08T23:00:00Z,2026-07-09T01:00:00+0200,8248.5,MW,BE,BE,actual_load,Actual Load,2026-08-02T04:32:23Z
2026-08-02T04:32:20Z,2026-08-02T06:32:20+0200,7aafc1bd-8364-45d6-9e1e-5ae71b51b571,2026-07-08T23:15:00Z,2026-07-09T01:15:00+0200,8209.78,MW,BE,BE,actual_load,Actual Load,2026-08-02T04:32:23Z
2026-08-02T04:32:20Z,2026-08-02T06:32:20+0200,7aafc1bd-8364-45d6-9e1e-5ae71b51b571,2026-07-08T23:30:00Z,2026-07-09T01:30:00+0200,8083.16,MW,BE,BE,actual_load,Actual Load,2026-08-02T04:32:23Z
2026-08-02T04:32:20Z,2026-08-02T06:32:20+0200,7aafc1bd-8364-45d6-9e1e-5ae71b51b571,2026-07-08T23:45:00Z,2026-07-09T01:45:00+0200,8063.34,MW,BE,BE,actual_load,Actual Load,2026-08-02T04:32:23Z
2026-08-02T04:32:20Z,2026-08-02T06:32:20+0200,7aafc1bd-8364-45d6-9e1e-5ae71b51b571,2026-07-09T00:00:00Z,2026-07-09T02:00:00+0200,8009.84,MW,BE,BE,actual_load,Actual Load,2026-08-02T04:32:23Z
2026-08-02T04:32:20Z,2026-08-02T06:32:20+0200,7aafc1bd-8364-45d6-9e1e-5ae71b51b571,2026-07-09T00:15:00Z,2026-07-09T02:15:00+0200,7983.1,MW,BE,BE,actual_load,Actual Load,2026-08-02T04:32:23Z
2026-08-02T04:32:20Z,2026-08-02T06:32:20+0200,7aafc1bd-8364-45d6-9e1e-5ae71b51b571,2026-07-09T00:30:00Z,2026-07-09T02:30:00+0200,7965.83,MW,BE,BE,actual_load,Actual Load,2026-08-02T04:32:23Z
2026-08-02T04:32:20Z,2026-08-02T06:32:20+0200,7aafc1bd-8364-45d6-9e1e-5ae71b51b571,2026-07-09T00:45:00Z,2026-07-09T02:45:00+0200,7967.8,MW,BE,BE,actual_load,Actual Load,2026-08-02T04:32:23Z
2026-08-02T04:32:20Z,2026-08-02T06:32:20+0200,7aafc1bd-8364-45d6-9e1e-5ae71b51b571,2026-07-09T01:00:00Z,2026-07-09T03:00:00+0200,7916.27,MW,BE,BE,actual_load,Actual Load,2026-08-02T04:32:23Z
2026-08-02T04:32:20Z,2026-08-02T06:32:20+0200,7aafc1bd-8364-45d6-9e1e-5ae71b51b571,2026-07-09T01:15:00Z,2026-07-09T03:15:00+0200,7812.07,MW,BE,BE,actual_load,Actual Load,2026-08-02T04:32:23Z
2026-08-02T04:32:20Z,2026-08-02T06:32:20+0200,7aafc1bd-8364-45d6-9e1e-5ae71b51b571,2026-07-09T01:30:00Z,2026-07-09T03:30:00+0200,7841.75,MW,BE,BE,actual_load,Actual Load,2026-08-02T04:32:23Z
2026-08-02T04:32:20Z,2026-08-02T06:32:20+0200,7aafc1bd-8364-45d6-9e1e-5ae71b51b571,2026-07-09T01:45:00Z,2026-07-09T03:45:00+0200,7782.29,MW,BE,BE,actual_load,Actual Load,2026-08-02T04:32:23Z
2026-08-02T04:32:20Z,2026-08-02T06:32:20+0200,7aafc1bd-8364-45d6-9e1e-5ae71b51b571,2026-07-09T02:00:00Z,2026-07-09T04:00:00+0200,7851.11,MW,BE,BE,actual_load,Actual Load,2026-08-02T04:32:23Z
2026-08-02T04:32:20Z,2026-08-02T06:32:20+0200,7aafc1bd-8364-45d6-9e1e-5ae71b51b571,2026-07-09T02:15:00Z,2026-07-09T04:15:00+0200,7837.47,MW,BE,BE,actual_load,Actual Load,2026-08-02T04:32:23Z
2026-08-02T04:32:20Z,2026-08-02T06:32:20+0200,7aafc1bd-8364-45d6-9e1e-5ae71b51b571,2026-07-09T02:30:00Z,2026-07-09T04:30:00+0200,7761.0,MW,BE,BE,actual_load,Actual Load,2026-08-02T04:32:23Z
2026-08-02T04:32:20Z,2026-08-02T06:32:20+0200,7aafc1bd-8364-45d6-9e1e-5ae71b51b571,2026-07-09T02:45:00Z,2026-07-09T04:45:00+0200,7722.06,MW,BE,BE,actual_load,Actual Load,2026-08-02T04:32:23Z
2026-08-02T04:32:20Z,2026-08-02T06:32:20+0200,7aafc1bd-8364-45d6-9e1e-5ae71b51b571,2026-07-09T03:00:00Z,2026-07-09T05:00:00+0200,7958.11,MW,BE,BE,actual_load,Actual Load,2026-08-02T04:32:23Z
2026-08-02T04:32:20Z,2026-08-02T06:32:20+0200,7aafc1bd-8364-45d6-9e1e-5ae71b51b571,2026-07-09T03:15:00Z,2026-07-09T05:15:00+0200,8044.54,MW,BE,BE,actual_load,Actual Load,2026-08-02T04:32:23Z
2026-08-02T04:32:20Z,2026-08-02T06:32:20+0200,7aafc1bd-8364-45d6-9e1e-5ae71b51b571,2026-07-09T03:30:00Z,2026-07-09T05:30:00+0200,7896.66,MW,BE,BE,actual_load,Actual Load,2026-08-02T04:32:23Z
2026-08-02T04:32:20Z,2026-08-02T06:32:20+0200,7aafc1bd-8364-45d6-9e1e-5ae71b51b571,2026-07-09T03:45:00Z,2026-07-09T05:45:00+0200,7981.25,MW,BE,BE,actual_load,Actual Load,2026-08-02T04:32:23Z
2026-08-02T04:32:20Z,2026-08-02T06:32:20+0200,7aafc1bd-8364-45d6-9e1e-5ae71b51b571,2026-07-09T04:00:00Z,2026-07-09T06:00:00+0200,8233.09,MW,BE,BE,actual_load,Actual Load,2026-08-02T04:32:23Z
2026-08-02T04:32:20Z,2026-08-02T06:32:20+0200,7aafc1bd-8364-45d6-9e1e-5ae71b51b571,2026-07-09T04:15:00Z,2026-07-09T06:15:00+0200,8421.11,MW,BE,BE,actual_load,Actual Load,2026-08-02T04:32:23Z
2026-08-02T04:32:20Z,2026-08-02T06:32:20+0200,7aafc1bd-8364-45d6-9e1e-5ae71b51b571,2026-07-09T04:30:00Z,2026-07-09T06:30:00+0200,8493.77,MW,BE,BE,actual_load,Actual Load,2026-08-02T04:32:23Z
2026-08-02T04:32:20Z,2026-08-02T06:32:20+0200,7aafc1bd-8364-45d6-9e1e-5ae71b51b571,2026-07-09T04:45:00Z,2026-07-09T06:45:00+0200,8710.22,MW,BE,BE,actual_load,Actual Load,2026-08-02T04:32:23Z
2026-08-02T04:32:20Z,2026-08-02T06:32:20+0200,7aafc1bd-8364-45d6-9e1e-5ae71b51b571,2026-07-09T05:00:00Z,2026-07-09T07:00:00+0200,8809.99,MW,BE,BE,actual_load,Actual Load,2026-08-02T04:32:23Z
2026-08-02T04:32:20Z,2026-08-02T06:32:20+0200,7aafc1bd-8364-45d6-9e1e-5ae71b51b571,2026-07-09T05:15:00Z,2026-07-09T07:15:00+0200,8876.89,MW,BE,BE,actual_load,Actual Load,2026-08-02T04:32:23Z
2026-08-02T04:32:20Z,2026-08-02T06:32:20+0200,7aafc1bd-8364-45d6-9e1e-5ae71b51b571,2026-07-09T05:30:00Z,2026-07-09T07:30:00+0200,9007.68,MW,BE,BE,actual_load,Actual Load,2026-08-02T04:32:23Z
2026-08-02T04:32:20Z,2026-08-02T06:32:20+0200,7aafc1bd-8364-45d6-9e1e-5ae71b51b571,2026-07-09T05:45:00Z,2026-07-09T07:45:00+0200,9209.98,MW,BE,BE,actual_load,Actual Load,2026-08-02T04:32:23Z
2026-08-02T04:32:20Z,2026-08-02T06:32:20+0200,7aafc1bd-8364-45d6-9e1e-5ae71b51b571,2026-07-09T06:00:00Z,2026-07-09T08:00:00+0200,9357.52,MW,BE,BE,actual_load,Actual Load,2026-08-02T04:32:23Z
2026-08-02T04:32:20Z,2026-08-02T06:32:20+0200,7aafc1bd-8364-45d6-9e1e-5ae71b51b571,2026-07-09T06:15:00Z,2026-07-09T08:15:00+0200,9674.52,MW,BE,BE,actual_load,Actual Load,2026-08-02T04:32:23Z
2026-08-02T04:32:20Z,2026-08-02T06:32:20+0200,7aafc1bd-8364-45d6-9e1e-5ae71b51b571,2026-07-09T06:30:00Z,2026-07-09T08:30:00+0200,9947.42,MW,BE,BE,actual_load,Actual Load,2026-08-02T04:32:23Z
2026-08-02T04:32:20Z,2026-08-02T06:32:20+0200,7aafc1bd-8364-45d6-9e1e-5ae71b51b571,2026-07-09T06:45:00Z,2026-07-09T08:45:00+0200,10247.28,MW,BE,BE,actual_load,Actual Load,2026-08-02T04:32:23Z
2026-08-02T04:32:20Z,2026-08-02T06:32:20+0200,7aafc1bd-8364-45d6-9e1e-5ae71b51b571,2026-07-09T07:00:00Z,2026-07-09T09:00:00+0200,10351.48,MW,BE,BE,actual_load,Actual Load,2026-08-02T04:32:23Z
2026-08-02T04:32:20Z,2026-08-02T06:32:20+0200,7aafc1bd-8364-45d6-9e1e-5ae71b51b571,2026-07-09T07:15:00Z,2026-07-09T09:15:00+0200,10597.95,MW,BE,BE,actual_load,Actual Load,2026-08-02T04:32:23Z
2026-08-02T04:32:20Z,2026-08-02T06:32:20+0200,7aafc1bd-8364-45d6-9e1e-5ae71b51b571,2026-07-09T07:30:00Z,2026-07-09T09:30:00+0200,10835.48,MW,BE,BE,actual_load,Actual Load,2026-08-02T04:32:23Z
2026-08-02T04:32:20Z,2026-08-02T06:32:20+0200,7aafc1bd-8364-45d6-9e1e-5ae71b51b571,2026-07-09T07:45:00Z,2026-07-09T09:45:00+0200,10832.5,MW,BE,BE,actual_load,Actual Load,2026-08-02T04:32:23Z
2026-08-02T04:32:20Z,2026-08-02T06:32:20+0200,7aafc1bd-8364-45d6-9e1e-5ae71b51b571,2026-07-09T08:00:00Z,2026-07-09T10:00:00+0200,11063.13,MW,BE,BE,actual_load,Actual Load,2026-08-02T04:32:23Z
2026-08-02T04:32:20Z,2026-08-02T06:32:20+0200,7aafc1bd-8364-45d6-9e1e-5ae71b51b571,2026-07-09T08:15:00Z,2026-07-09T10:15:00+0200,11073.88,MW,BE,BE,actual_load,Actual Load,2026-08-02T04:32:23Z
2026-08-02T04:32:20Z,2026-08-02T06:32:20+0200,7aafc1bd-8364-45d6-9e1e-5ae71b51b571,2026-07-09T08:30:00Z,2026-07-09T10:30:00+0200,11134.28,MW,BE,BE,actual_load,Actual Load,2026-08-02T04:32:23Z
2026-08-02T04:32:20Z,2026-08-02T06:32:20+0200,7aafc1bd-8364-45d6-9e1e-5ae71b51b571,2026-07-09T08:45:00Z,2026-07-09T10:45:00+0200,11082.38,MW,BE,BE,actual_load,Actual Load,2026-08-02T04:32:23Z
2026-08-02T04:32:20Z,2026-08-02T06:32:20+0200,7aafc1bd-8364-45d6-9e1e-5ae71b51b571,2026-07-09T09:00:00Z,2026-07-09T11:00:00+0200,11194.58,MW,BE,BE,actual_load,Actual Load,2026-08-02T04:32:23Z
2026-08-02T04:32:20Z,2026-08-02T06:32:20+0200,7aafc1bd-8364-45d6-9e1e-5ae71b51b571,2026-07-09T09:15:00Z,2026-07-09T11:15:00+0200,11309.06,MW,BE,BE,actual_load,Actual Load,2026-08-02T04:32:23Z
2026-08-02T04:32:20Z,2026-08-02T06:32:20+0200,7aafc1bd-8364-45d6-9e1e-5ae71b51b571,2026-07-09T09:30:00Z,2026-07-09T11:30:00+0200,11374.38,MW,BE,BE,actual_load,Actual Load,2026-08-02T04:32:23Z
2026-08-02T04:32:20Z,2026-08-02T06:32:20+0200,7aafc1bd-8364-45d6-9e1e-5ae71b51b571,2026-07-09T09:45:00Z,2026-07-09T11:45:00+0200,11460.09,MW,BE,BE,actual_load,Actual Load,2026-08-02T04:32:23Z
2026-08-02T04:32:20Z,2026-08-02T06:32:20+0200,7aafc1bd-8364-45d6-9e1e-5ae71b51b571,2026-07-09T10:00:00Z,2026-07-09T12:00:00+0200,11234.57,MW,BE,BE,actual_load,Actual Load,2026-08-02T04:32:23Z
2026-08-02T04:32:20Z,2026-08-02T06:32:20+0200,7aafc1bd-8364-45d6-9e1e-5ae71b51b571,2026-07-09T10:15:00Z,2026-07-09T12:15:00+0200,11275.72,MW,BE,BE,actual_load,Actual Load,2026-08-02T04:32:23Z
2026-08-02T04:32:20Z,2026-08-02T06:32:20+0200,7aafc1bd-8364-45d6-9e1e-5ae71b51b571,2026-07-09T10:30:00Z,2026-07-09T12:30:00+0200,11276.58,MW,BE,BE,actual_load,Actual Load,2026-08-02T04:32:23Z
2026-08-02T04:32:20Z,2026-08-02T06:32:20+0200,7aafc1bd-8364-45d6-9e1e-5ae71b51b571,2026-07-09T10:45:00Z,2026-07-09T12:45:00+0200,11255.32,MW,BE,BE,actual_load,Actual Load,2026-08-02T04:32:23Z
2026-08-02T04:32:20Z,2026-08-02T06:32:20+0200,7aafc1bd-8364-45d6-9e1e-5ae71b51b571,2026-07-09T11:00:00Z,2026-07-09T13:00:00+0200,11272.99,MW,BE,BE,actual_load,Actual Load,2026-08-02T04:32:23Z
2026-08-02T04:32:20Z,2026-08-02T06:32:20+0200,7aafc1bd-8364-45d6-9e1e-5ae71b51b571,2026-07-09T11:15:00Z,2026-07-09T13:15:00+0200,11359.13,MW,BE,BE,actual_load,Actual Load,2026-08-02T04:32:23Z
2026-08-02T04:32:20Z,2026-08-02T06:32:20+0200,7aafc1bd-8364-45d6-9e1e-5ae71b51b571,2026-07-09T11:30:00Z,2026-07-09T13:30:00+0200,11471.58,MW,BE,BE,actual_load,Actual Load,2026-08-02T04:32:23Z
2026-08-02T04:32:20Z,2026-08-02T06:32:20+0200,7aafc1bd-8364-45d6-9e1e-5ae71b51b571,2026-07-09T11:45:00Z,2026-07-09T13:45:00+0200,11412.62,MW,BE,BE,actual_load,Actual Load,2026-08-02T04:32:23Z
2026-08-02T04:32:20Z,2026-08-02T06:32:20+0200,7aafc1bd-8364-45d6-9e1e-5ae71b51b571,2026-07-09T12:00:00Z,2026-07-09T14:00:00+0200,11503.36,MW,BE,BE,actual_load,Actual Load,2026-08-02T04:32:23Z
2026-08-02T04:32:20Z,2026-08-02T06:32:20+0200,7aafc1bd-8364-45d6-9e1e-5ae71b51b571,2026-07-09T12:15:00Z,2026-07-09T14:15:00+0200,11314.37,MW,BE,BE,actual_load,Actual Load,2026-08-02T04:32:23Z
2026-08-02T04:32:20Z,2026-08-02T06:32:20+0200,7aafc1bd-8364-45d6-9e1e-5ae71b51b571,2026-07-09T12:30:00Z,2026-07-09T14:30:00+0200,11304.02,MW,BE,BE,actual_load,Actual Load,2026-08-02T04:32:23Z
2026-08-02T04:32:20Z,2026-08-02T06:32:20+0200,7aafc1bd-8364-45d6-9e1e-5ae71b51b571,2026-07-09T12:45:00Z,2026-07-09T14:45:00+0200,11144.42,MW,BE,BE,actual_load,Actual Load,2026-08-02T04:32:23Z
2026-08-02T04:32:20Z,2026-08-02T06:32:20+0200,7aafc1bd-8364-45d6-9e1e-5ae71b51b571,2026-07-09T13:00:00Z,2026-07-09T15:00:00+0200,11191.41,MW,BE,BE,actual_load,Actual Load,2026-08-02T04:32:23Z
2026-08-02T04:32:20Z,2026-08-02T06:32:20+0200,7aafc1bd-8364-45d6-9e1e-5ae71b51b571,2026-07-09T13:15:00Z,2026-07-09T15:15:00+0200,11075.7,MW,BE,BE,actual_load,Actual Load,2026-08-02T04:32:23Z
2026-08-02T04:32:20Z,2026-08-02T06:32:20+0200,7aafc1bd-8364-45d6-9e1e-5ae71b51b571,2026-07-09T13:30:00Z,2026-07-09T15:30:00+0200,11065.8,MW,BE,BE,actual_load,Actual Load,2026-08-02T04:32:23Z
2026-08-02T04:32:20Z,2026-08-02T06:32:20+0200,7aafc1bd-8364-45d6-9e1e-5ae71b51b571,2026-07-09T13:45:00Z,2026-07-09T15:45:00+0200,10755.22,MW,BE,BE,actual_load,Actual Load,2026-08-02T04:32:23Z
2026-08-02T04:32:20Z,2026-08-02T06:32:20+0200,7aafc1bd-8364-45d6-9e1e-5ae71b51b571,2026-07-09T14:00:00Z,2026-07-09T16:00:00+0200,10597.04,MW,BE,BE,actual_load,Actual Load,2026-08-02T04:32:23Z
2026-08-02T04:32:20Z,2026-08-02T06:32:20+0200,7aafc1bd-8364-45d6-9e1e-5ae71b51b571,2026-07-09T14:15:00Z,2026-07-09T16:15:00+0200,10473.22,MW,BE,BE,actual_load,Actual Load,2026-08-02T04:32:23Z
2026-08-02T04:32:20Z,2026-08-02T06:32:20+0200,7aafc1bd-8364-45d6-9e1e-5ae71b51b571,2026-07-09T14:30:00Z,2026-07-09T16:30:00+0200,10438.5,MW,BE,BE,actual_load,Actual Load,2026-08-02T04:32:23Z
2026-08-02T04:32:20Z,2026-08-02T06:32:20+0200,7aafc1bd-8364-45d6-9e1e-5ae71b51b571,2026-07-09T14:45:00Z,2026-07-09T16:45:00+0200,10486.75,MW,BE,BE,actual_load,Actual Load,2026-08-02T04:32:23Z
2026-08-02T04:32:20Z,2026-08-02T06:32:20+0200,7aafc1bd-8364-45d6-9e1e-5ae71b51b571,2026-07-09T15:00:00Z,2026-07-09T17:00:00+0200,10374.29,MW,BE,BE,actual_load,Actual Load,2026-08-02T04:32:23Z
2026-08-02T04:32:20Z,2026-08-02T06:32:20+0200,7aafc1bd-8364-45d6-9e1e-5ae71b51b571,2026-07-09T15:15:00Z,2026-07-09T17:15:00+0200,10333.95,MW,BE,BE,actual_load,Actual Load,2026-08-02T04:32:23Z
2026-08-02T04:32:20Z,2026-08-02T06:32:20+0200,7aafc1bd-8364-45d6-9e1e-5ae71b51b571,2026-07-09T15:30:00Z,2026-07-09T17:30:00+0200,10476.45,MW,BE,BE,actual_load,Actual Load,2026-08-02T04:32:23Z
2026-08-02T04:32:20Z,2026-08-02T06:32:20+0200,7aafc1bd-8364-45d6-9e1e-5ae71b51b571,2026-07-09T15:45:00Z,2026-07-09T17:45:00+0200,10437.64,MW,BE,BE,actual_load,Actual Load,2026-08-02T04:32:23Z
2026-08-02T04:32:20Z,2026-08-02T06:32:20+0200,7aafc1bd-8364-45d6-9e1e-5ae71b51b571,2026-07-09T16:00:00Z,2026-07-09T18:00:00+0200,10342.19,MW,BE,BE,actual_load,Actual Load,2026-08-02T04:32:23Z
2026-08-02T04:32:20Z,2026-08-02T06:32:20+0200,7aafc1bd-8364-45d6-9e1e-5ae71b51b571,2026-07-09T16:15:00Z,2026-07-09T18:15:00+0200,10253.89,MW,BE,BE,actual_load,Actual Load,2026-08-02T04:32:23Z
2026-08-02T04:32:20Z,2026-08-02T06:32:20+0200,7aafc1bd-8364-45d6-9e1e-5ae71b51b571,2026-07-09T16:30:00Z,2026-07-09T18:30:00+0200,10145.47,MW,BE,BE,actual_load,Actual Load,2026-08-02T04:32:23Z
2026-08-02T04:32:20Z,2026-08-02T06:32:20+0200,7aafc1bd-8364-45d6-9e1e-5ae71b51b571,2026-07-09T16:45:00Z,2026-07-09T18:45:00+0200,10137.94,MW,BE,BE,actual_load,Actual Load,2026-08-02T04:32:23Z
2026-08-02T04:32:20Z,2026-08-02T06:32:20+0200,7aafc1bd-8364-45d6-9e1e-5ae71b51b571,2026-07-09T17:00:00Z,2026-07-09T19:00:00+0200,10253.85,MW,BE,BE,actual_load,Actual Load,2026-08-02T04:32:23Z
2026-08-02T04:32:20Z,2026-08-02T06:32:20+0200,7aafc1bd-8364-45d6-9e1e-5ae71b51b571,2026-07-09T17:15:00Z,2026-07-09T19:15:00+0200,10227.67,MW,BE,BE,actual_load,Actual Load,2026-08-02T04:32:23Z
2026-08-02T04:32:20Z,2026-08-02T06:32:20+0200,7aafc1bd-8364-45d6-9e1e-5ae71b51b571,2026-07-09T17:30:00Z,2026-07-09T19:30:00+0200,10096.42,MW,BE,BE,actual_load,Actual Load,2026-08-02T04:32:23Z
2026-08-02T04:32:20Z,2026-08-02T06:32:20+0200,7aafc1bd-8364-45d6-9e1e-5ae71b51b571,2026-07-09T17:45:00Z,2026-07-09T19:45:00+0200,10081.47,MW,BE,BE,actual_load,Actual Load,2026-08-02T04:32:23Z
2026-08-02T04:32:20Z,2026-08-02T06:32:20+0200,7aafc1bd-8364-45d6-9e1e-5ae71b51b571,2026-07-09T18:00:00Z,2026-07-09T20:00:00+0200,10121.12,MW,BE,BE,actual_load,Actual Load,2026-08-02T04:32:23Z
2026-08-02T04:32:20Z,2026-08-02T06:32:20+0200,7aafc1bd-8364-45d6-9e1e-5ae71b51b571,2026-07-09T18:15:00Z,2026-07-09T20:15:00+0200,9789.3,MW,BE,BE,actual_load,Actual Load,2026-08-02T04:32:23Z
2026-08-02T04:32:20Z,2026-08-02T06:32:20+0200,7aafc1bd-8364-45d6-9e1e-5ae71b51b571,2026-07-09T18:30:00Z,2026-07-09T20:30:00+0200,9743.33,MW,BE,BE,actual_load,Actual Load,2026-08-02T04:32:23Z
2026-08-02T04:32:20Z,2026-08-02T06:32:20+0200,7aafc1bd-8364-45d6-9e1e-5ae71b51b571,2026-07-09T18:45:00Z,2026-07-09T20:45:00+0200,9706.6,MW,BE,BE,actual_load,Actual Load,2026-08-02T04:32:23Z
2026-08-02T04:32:20Z,2026-08-02T06:32:20+0200,7aafc1bd-8364-45d6-9e1e-5ae71b51b571,2026-07-09T19:00:00Z,2026-07-09T21:00:00+0200,9598.41,MW,BE,BE,actual_load,Actual Load,2026-08-02T04:32:23Z
2026-08-02T04:32:20Z,2026-08-02T06:32:20+0200,7aafc1bd-8364-45d6-9e1e-5ae71b51b571,2026-07-09T19:15:00Z,2026-07-09T21:15:00+0200,9508.71,MW,BE,BE,actual_load,Actual Load,2026-08-02T04:32:23Z
2026-08-02T04:32:20Z,2026-08-02T06:32:20+0200,7aafc1bd-8364-45d6-9e1e-5ae71b51b571,2026-07-09T19:30:00Z,2026-07-09T21:30:00+0200,9497.03,MW,BE,BE,actual_load,Actual Load,2026-08-02T04:32:23Z
2026-08-02T04:32:20Z,2026-08-02T06:32:20+0200,7aafc1bd-8364-45d6-9e1e-5ae71b51b571,2026-07-09T19:45:00Z,2026-07-09T21:45:00+0200,9419.65,MW,BE,BE,actual_load,Actual Load,2026-08-02T04:32:23Z
2026-08-02T04:32:20Z,2026-08-02T06:32:20+0200,7aafc1bd-8364-45d6-9e1e-5ae71b51b571,2026-07-09T20:00:00Z,2026-07-09T22:00:00+0200,9439.65,MW,BE,BE,actual_load,Actual Load,2026-08-02T04:32:23Z
2026-08-02T04:32:20Z,2026-08-02T06:32:20+0200,7aafc1bd-8364-45d6-9e1e-5ae71b51b571,2026-07-09T20:15:00Z,2026-07-09T22:15:00+0200,9440.25,MW,BE,BE,actual_load,Actual Load,2026-08-02T04:32:23Z
2026-08-02T04:32:20Z,2026-08-02T06:32:20+0200,7aafc1bd-8364-45d6-9e1e-5ae71b51b571,2026-07-09T20:30:00Z,2026-07-09T22:30:00+0200,9376.71,MW,BE,BE,actual_load,Actual Load,2026-08-02T04:32:23Z
2026-08-02T04:32:20Z,2026-08-02T06:32:20+0200,7aafc1bd-8364-45d6-9e1e-5ae71b51b571,2026-07-09T20:45:00Z,2026-07-09T22:45:00+0200,9282.74,MW,BE,BE,actual_load,Actual Load,2026-08-02T04:32:23Z
2026-08-02T04:32:20Z,2026-08-02T06:32:20+0200,7aafc1bd-8364-45d6-9e1e-5ae71b51b571,2026-07-09T21:00:00Z,2026-07-09T23:00:00+0200,9112.34,MW,BE,BE,actual_load,Actual Load,2026-08-02T04:32:23Z
2026-08-02T04:32:20Z,2026-08-02T06:32:20+0200,7aafc1bd-8364-45d6-9e1e-5ae71b51b571,2026-07-09T21:15:00Z,2026-07-09T23:15:00+0200,9021.39,MW,BE,BE,actual_load,Actual Load,2026-08-02T04:32:23Z
2026-08-02T04:32:20Z,2026-08-02T06:32:20+0200,7aafc1bd-8364-45d6-9e1e-5ae71b51b571,2026-07-09T21:30:00Z,2026-07-09T23:30:00+0200,8945.18,MW,BE,BE,actual_load,Actual Load,2026-08-02T04:32:23Z
2026-08-02T04:32:20Z,2026-08-02T06:32:20+0200,7aafc1bd-8364-45d6-9e1e-5ae71b51b571,2026-07-09T21:45:00Z,2026-07-09T23:45:00+0200,8799.35,MW,BE,BE,actual_load,Actual Load,2026-08-02T04:32:23Z
2026-08-02T04:32:20Z,2026-08-02T06:32:20+0200,7aafc1bd-8364-45d6-9e1e-5ae71b51b571,2026-07-09T22:00:00Z,2026-07-10T00:00:00+0200,8618.36,MW,BE,BE,actual_load,Actual Load,2026-08-02T04:32:23Z
2026-08-02T04:32:20Z,2026-08-02T06:32:20+0200,7aafc1bd-8364-45d6-9e1e-5ae71b51b571,2026-07-09T22:15:00Z,2026-07-10T00:15:00+0200,8455.33,MW,BE,BE,actual_load,Actual Load,2026-08-02T04:32:23Z
2026-08-02T04:32:20Z,2026-08-02T06:32:20+0200,7aafc1bd-8364-45d6-9e1e-5ae71b51b571,2026-07-09T22:30:00Z,2026-07-10T00:30:00+0200,8488.05,MW,BE,BE,actual_load,Actual Load,2026-08-02T04:32:23Z
2026-08-02T04:32:20Z,2026-08-02T06:32:20+0200,7aafc1bd-8364-45d6-9e1e-5ae71b51b571,2026-07-09T22:45:00Z,2026-07-10T00:45:00+0200,8303.13,MW,BE,BE,actual_load,Actual Load,2026-08-02T04:32:23Z
2026-08-02T04:32:20Z,2026-08-02T06:32:20+0200,7aafc1bd-8364-45d6-9e1e-5ae71b51b571,2026-07-09T23:00:00Z,2026-07-10T01:00:00+0200,8311.34,MW,BE,BE,actual_load,Actual Load,2026-08-02T04:32:23Z
2026-08-02T04:32:20Z,2026-08-02T06:32:20+0200,7aafc1bd-8364-45d6-9e1e-5ae71b51b571,2026-07-09T23:15:00Z,2026-07-10T01:15:00+0200,8208.37,MW,BE,BE,actual_load,Actual Load,2026-08-02T04:32:23Z
2026-08-02T04:32:20Z,2026-08-02T06:32:20+0200,7aafc1bd-8364-45d6-9e1e-5ae71b51b571,2026-07-09T23:30:00Z,2026-07-10T01:30:00+0200,8026.37,MW,BE,BE,actual_load,Actual Load,2026-08-02T04:32:23Z
2026-08-02T04:32:20Z,2026-08-02T06:32:20+0200,7aafc1bd-8364-45d6-9e1e-5ae71b51b571,2026-07-09T23:45:00Z,2026-07-10T01:45:00+0200,7941.06,MW,BE,BE,actual_load,Actual Load,2026-08-02T04:32:23Z
2026-08-02T04:32:20Z,2026-08-02T06:32:20+0200,7aafc1bd-8364-45d6-9e1e-5ae71b51b571,2026-07-10T00:00:00Z,2026-07-10T02:00:00+0200,8011.32,MW,BE,BE,actual_load,Actual Load,2026-08-02T04:32:23Z
2026-08-02T04:32:20Z,2026-08-02T06:32:20+0200,7aafc1bd-8364-45d6-9e1e-5ae71b51b571,2026-07-10T00:15:00Z,2026-07-10T02:15:00+0200,7950.95,MW,BE,BE,actual_load,Actual Load,2026-08-02T04:32:23Z
2026-08-02T04:32:20Z,2026-08-02T06:32:20+0200,7aafc1bd-8364-45d6-9e1e-5ae71b51b571,2026-07-10T00:30:00Z,2026-07-10T02:30:00+0200,7947.94,MW,BE,BE,actual_load,Actual Load,2026-08-02T04:32:23Z
2026-08-02T04:32:20Z,2026-08-02T06:32:20+0200,7aafc1bd-8364-45d6-9e1e-5ae71b51b571,2026-07-10T00:45:00Z,2026-07-10T02:45:00+0200,7926.83,MW,BE,BE,actual_load,Actual Load,2026-08-02T04:32:23Z
2026-08-02T04:32:20Z,2026-08-02T06:32:20+0200,7aafc1bd-8364-45d6-9e1e-5ae71b51b571,2026-07-10T01:00:00Z,2026-07-10T03:00:00+0200,7830.32,MW,BE,BE,actual_load,Actual Load,2026-08-02T04:32:23Z
2026-08-02T04:32:20Z,2026-08-02T06:32:20+0200,7aafc1bd-8364-45d6-9e1e-5ae71b51b571,2026-07-10T01:15:00Z,2026-07-10T03:15:00+0200,7835.39,MW,BE,BE,actual_load,Actual Load,2026-08-02T04:32:23Z
2026-08-02T04:32:20Z,2026-08-02T06:32:20+0200,7aafc1bd-8364-45d6-9e1e-5ae71b51b571,2026-07-10T01:30:00Z,2026-07-10T03:30:00+0200,7872.67,MW,BE,BE,actual_load,Actual Load,2026-08-02T04:32:23Z
2026-08-02T04:32:20Z,2026-08-02T06:32:20+0200,7aafc1bd-8364-45d6-9e1e-5ae71b51b571,2026-07-10T01:45:00Z,2026-07-10T03:45:00+0200,7770.19,MW,BE,BE,actual_load,Actual Load,2026-08-02T04:32:23Z
2026-08-02T04:32:20Z,2026-08-02T06:32:20+0200,7aafc1bd-8364-45d6-9e1e-5ae71b51b571,2026-07-10T02:00:00Z,2026-07-10T04:00:00+0200,7861.22,MW,BE,BE,actual_load,Actual Load,2026-08-02T04:32:23Z
2026-08-02T04:32:20Z,2026-08-02T06:32:20+0200,7aafc1bd-8364-45d6-9e1e-5ae71b51b571,2026-07-10T02:15:00Z,2026-07-10T04:15:00+0200,7805.54,MW,BE,BE,actual_load,Actual Load,2026-08-02T04:32:23Z
2026-08-02T04:32:20Z,2026-08-02T06:32:20+0200,7aafc1bd-8364-45d6-9e1e-5ae71b51b571,2026-07-10T02:30:00Z,2026-07-10T04:30:00+0200,7773.02,MW,BE,BE,actual_load,Actual Load,2026-08-02T04:32:23Z
2026-08-02T04:32:20Z,2026-08-02T06:32:20+0200,7aafc1bd-8364-45d6-9e1e-5ae71b51b571,2026-07-10T02:45:00Z,2026-07-10T04:45:00+0200,7879.32,MW,BE,BE,actual_load,Actual Load,2026-08-02T04:32:23Z
2026-08-02T04:32:20Z,2026-08-02T06:32:20+0200,7aafc1bd-8364-45d6-9e1e-5ae71b51b571,2026-07-10T03:00:00Z,2026-07-10T05:00:00+0200,7952.61,MW,BE,BE,actual_load,Actual Load,2026-08-02T04:32:23Z
2026-08-02T04:32:20Z,2026-08-02T06:32:20+0200,7aafc1bd-8364-45d6-9e1e-5ae71b51b571,2026-07-10T03:15:00Z,2026-07-10T05:15:00+0200,7947.27,MW,BE,BE,actual_load,Actual Load,2026-08-02T04:32:23Z
2026-08-02T04:32:20Z,2026-08-02T06:32:20+0200,7aafc1bd-8364-45d6-9e1e-5ae71b51b571,2026-07-10T03:30:00Z,2026-07-10T05:30:00+0200,8034.21,MW,BE,BE,actual_load,Actual Load,2026-08-02T04:32:23Z
2026-08-02T04:32:20Z,2026-08-02T06:32:20+0200,7aafc1bd-8364-45d6-9e1e-5ae71b51b571,2026-07-10T03:45:00Z,2026-07-10T05:45:00+0200,8071.76,MW,BE,BE,actual_load,Actual Load,2026-08-02T04:32:23Z
2026-08-02T04:32:20Z,2026-08-02T06:32:20+0200,7aafc1bd-8364-45d6-9e1e-5ae71b51b571,2026-07-10T04:00:00Z,2026-07-10T06:00:00+0200,8410.5,MW,BE,BE,actual_load,Actual Load,2026-08-02T04:32:23Z
2026-08-02T04:32:20Z,2026-08-02T06:32:20+0200,7aafc1bd-8364-45d6-9e1e-5ae71b51b571,2026-07-10T04:15:00Z,2026-07-10T06:15:00+0200,8563.87,MW,BE,BE,actual_load,Actual Load,2026-08-02T04:32:23Z
2026-08-02T04:32:20Z,2026-08-02T06:32:20+0200,7aafc1bd-8364-45d6-9e1e-5ae71b51b571,2026-07-10T04:30:00Z,2026-07-10T06:30:00+0200,8798.63,MW,BE,BE,actual_load,Actual Load,2026-08-02T04:32:23Z
2026-08-02T04:32:20Z,2026-08-02T06:32:20+0200,7aafc1bd-8364-45d6-9e1e-5ae71b51b571,2026-07-10T04:45:00Z,2026-07-10T06:45:00+0200,8875.27,MW,BE,BE,actual_load,Actual Load,2026-08-02T04:32:23Z
2026-08-02T04:32:20Z,2026-08-02T06:32:20+0200,7aafc1bd-8364-45d6-9e1e-5ae71b51b571,2026-07-10T05:00:00Z,2026-07-10T07:00:00+0200,9132.84,MW,BE,BE,actual_load,Actual Load,2026-08-02T04:32:23Z
2026-08-02T04:32:20Z,2026-08-02T06:32:20+0200,7aafc1bd-8364-45d6-9e1e-5ae71b51b571,2026-07-10T05:15:00Z,2026-07-10T07:15:00+0200,9322.3,MW,BE,BE,actual_load,Actual Load,2026-08-02T04:32:23Z
2026-08-02T04:32:20Z,2026-08-02T06:32:20+0200,7aafc1bd-8364-45d6-9e1e-5ae71b51b571,2026-07-10T05:30:00Z,2026-07-10T07:30:00+0200,9663.3,MW,BE,BE,actual_load,Actual Load,2026-08-02T04:32:23Z
2026-08-02T04:32:20Z,2026-08-02T06:32:20+0200,7aafc1bd-8364-45d6-9e1e-5ae71b51b571,2026-07-10T05:45:00Z,2026-07-10T07:45:00+0200,9713.61,MW,BE,BE,actual_load,Actual Load,2026-08-02T04:32:23Z
2026-08-02T04:32:20Z,2026-08-02T06:32:20+0200,7aafc1bd-8364-45d6-9e1e-5ae71b51b571,2026-07-10T06:00:00Z,2026-07-10T08:00:00+0200,9793.58,MW,BE,BE,actual_load,Actual Load,2026-08-02T04:32:23Z
2026-08-02T04:32:20Z,2026-08-02T06:32:20+0200,7aafc1bd-8364-45d6-9e1e-5ae71b51b571,2026-07-10T06:15:00Z,2026-07-10T08:15:00+0200,10083.4,MW,BE,BE,actual_load,Actual Load,2026-08-02T04:32:23Z
2026-08-02T04:32:20Z,2026-08-02T06:32:20+0200,7aafc1bd-8364-45d6-9e1e-5ae71b51b571,2026-07-10T06:30:00Z,2026-07-10T08:30:00+0200,10248.02,MW,BE,BE,actual_load,Actual Load,2026-08-02T04:32:23Z
2026-08-02T04:32:20Z,2026-08-02T06:32:20+0200,7aafc1bd-8364-45d6-9e1e-5ae71b51b571,2026-07-10T06:45:00Z,2026-07-10T08:45:00+0200,10437.12,MW,BE,BE,actual_load,Actual Load,2026-08-02T04:32:23Z
2026-08-02T04:32:20Z,2026-08-02T06:32:20+0200,7aafc1bd-8364-45d6-9e1e-5ae71b51b571,2026-07-10T07:00:00Z,2026-07-10T09:00:00+0200,10693.45,MW,BE,BE,actual_load,Actual Load,2026-08-02T04:32:23Z
2026-08-02T04:32:20Z,2026-08-02T06:32:20+0200,7aafc1bd-8364-45d6-9e1e-5ae71b51b571,2026-07-10T07:15:00Z,2026-07-10T09:15:00+0200,10535.85,MW,BE,BE,actual_load,Actual Load,2026-08-02T04:32:23Z
2026-08-02T04:32:20Z,2026-08-02T06:32:20+0200,7aafc1bd-8364-45d6-9e1e-5ae71b51b571,2026-07-10T07:30:00Z,2026-07-10T09:30:00+0200,10743.09,MW,BE,BE,actual_load,Actual Load,2026-08-02T04:32:23Z
2026-08-02T04:32:20Z,2026-08-02T06:32:20+0200,7aafc1bd-8364-45d6-9e1e-5ae71b51b571,2026-07-10T07:45:00Z,2026-07-10T09:45:00+0200,10853.7,MW,BE,BE,actual_load,Actual Load,2026-08-02T04:32:23Z
2026-08-02T04:32:20Z,2026-08-02T06:32:20+0200,7aafc1bd-8364-45d6-9e1e-5ae71b51b571,2026-07-10T08:00:00Z,2026-07-10T10:00:00+0200,10704.42,MW,BE,BE,actual_load,Actual Load,2026-08-02T04:32:23Z
2026-08-02T04:32:20Z,2026-08-02T06:32:20+0200,7aafc1bd-8364-45d6-9e1e-5ae71b51b571,2026-07-10T08:15:00Z,2026-07-10T10:15:00+0200,10678.14,MW,BE,BE,actual_load,Actual Load,2026-08-02T04:32:23Z
2026-08-02T04:32:20Z,2026-08-02T06:32:20+0200,7aafc1bd-8364-45d6-9e1e-5ae71b51b571,2026-07-10T08:30:00Z,2026-07-10T10:30:00+0200,10738.32,MW,BE,BE,actual_load,Actual Load,2026-08-02T04:32:23Z
2026-08-02T04:32:20Z,2026-08-02T06:32:20+0200,7aafc1bd-8364-45d6-9e1e-5ae71b51b571,2026-07-10T08:45:00Z,2026-07-10T10:45:00+0200,10782.7,MW,BE,BE,actual_load,Actual Load,2026-08-02T04:32:23Z
2026-08-02T04:32:20Z,2026-08-02T06:32:20+0200,7aafc1bd-8364-45d6-9e1e-5ae71b51b571,2026-07-10T09:00:00Z,2026-07-10T11:00:00+0200,11111.02,MW,BE,BE,actual_load,Actual Load,2026-08-02T04:32:23Z
2026-08-02T04:32:20Z,2026-08-02T06:32:20+0200,7aafc1bd-8364-45d6-9e1e-5ae71b51b571,2026-07-10T09:15:00Z,2026-07-10T11:15:00+0200,11041.79,MW,BE,BE,actual_load,Actual Load,2026-08-02T04:32:23Z
2026-08-02T04:32:20Z,2026-08-02T06:32:20+0200,7aafc1bd-8364-45d6-9e1e-5ae71b51b571,2026-07-10T09:30:00Z,2026-07-10T11:30:00+0200,11151.92,MW,BE,BE,actual_load,Actual Load,2026-08-02T04:32:23Z
2026-08-02T04:32:20Z,2026-08-02T06:32:20+0200,7aafc1bd-8364-45d6-9e1e-5ae71b51b571,2026-07-10T09:45:00Z,2026-07-10T11:45:00+0200,11167.71,MW,BE,BE,actual_load,Actual Load,2026-08-02T04:32:23Z
2026-08-02T04:32:20Z,2026-08-02T06:32:20+0200,7aafc1bd-8364-45d6-9e1e-5ae71b51b571,2026-07-10T10:00:00Z,2026-07-10T12:00:00+0200,11316.32,MW,BE,BE,actual_load,Actual Load,2026-08-02T04:32:23Z
2026-08-02T04:32:20Z,2026-08-02T06:32:20+0200,7aafc1bd-8364-45d6-9e1e-5ae71b51b571,2026-07-10T10:15:00Z,2026-07-10T12:15:00+0200,11181.78,MW,BE,BE,actual_load,Actual Load,2026-08-02T04:32:23Z
2026-08-02T04:32:20Z,2026-08-02T06:32:20+0200,7aafc1bd-8364-45d6-9e1e-5ae71b51b571,2026-07-10T10:30:00Z,2026-07-10T12:30:00+0200,11420.61,MW,BE,BE,actual_load,Actual Load,2026-08-02T04:32:23Z
2026-08-02T04:32:20Z,2026-08-02T06:32:20+0200,7aafc1bd-8364-45d6-9e1e-5ae71b51b571,2026-07-10T10:45:00Z,2026-07-10T12:45:00+0200,11728.42,MW,BE,BE,actual_load,Actual Load,2026-08-02T04:32:23Z
2026-08-02T04:32:20Z,2026-08-02T06:32:20+0200,7aafc1bd-8364-45d6-9e1e-5ae71b51b571,2026-07-10T11:00:00Z,2026-07-10T13:00:00+0200,11568.44,MW,BE,BE,actual_load,Actual Load,2026-08-02T04:32:23Z
2026-08-02T04:32:20Z,2026-08-02T06:32:20+0200,7aafc1bd-8364-45d6-9e1e-5ae71b51b571,2026-07-10T11:15:00Z,2026-07-10T13:15:00+0200,11575.13,MW,BE,BE,actual_load,Actual Load,2026-08-02T04:32:23Z
2026-08-02T04:32:20Z,2026-08-02T06:32:20+0200,7aafc1bd-8364-45d6-9e1e-5ae71b51b571,2026-07-10T11:30:00Z,2026-07-10T13:30:00+0200,11709.98,MW,BE,BE,actual_load,Actual Load,2026-08-02T04:32:23Z
2026-08-02T04:32:20Z,2026-08-02T06:32:20+0200,7aafc1bd-8364-45d6-9e1e-5ae71b51b571,2026-07-10T11:45:00Z,2026-07-10T13:45:00+0200,11591.85,MW,BE,BE,actual_load,Actual Load,2026-08-02T04:32:23Z
2026-08-02T04:32:20Z,2026-08-02T06:32:20+0200,7aafc1bd-8364-45d6-9e1e-5ae71b51b571,2026-07-10T12:00:00Z,2026-07-10T14:00:00+0200,11501.88,MW,BE,BE,actual_load,Actual Load,2026-08-02T04:32:23Z
2026-08-02T04:32:20Z,2026-08-02T06:32:20+0200,7aafc1bd-8364-45d6-9e1e-5ae71b51b571,2026-07-10T12:15:00Z,2026-07-10T14:15:00+0200,11401.75,MW,BE,BE,actual_load,Actual Load,2026-08-02T04:32:23Z
2026-08-02T04:32:20Z,2026-08-02T06:32:20+0200,7aafc1bd-8364-45d6-9e1e-5ae71b51b571,2026-07-10T12:30:00Z,2026-07-10T14:30:00+0200,11196.59,MW,BE,BE,actual_load,Actual Load,2026-08-02T04:32:23Z
2026-08-02T04:32:20Z,2026-08-02T06:32:20+0200,7aafc1bd-8364-45d6-9e1e-5ae71b51b571,2026-07-10T12:45:00Z,2026-07-10T14:45:00+0200,11144.31,MW,BE,BE,actual_load,Actual Load,2026-08-02T04:32:23Z
2026-08-02T04:32:20Z,2026-08-02T06:32:20+0200,7aafc1bd-8364-45d6-9e1e-5ae71b51b571,2026-07-10T13:00:00Z,2026-07-10T15:00:00+0200,11078.05,MW,BE,BE,actual_load,Actual Load,2026-08-02T04:32:23Z
2026-08-02T04:32:20Z,2026-08-02T06:32:20+0200,7aafc1bd-8364-45d6-9e1e-5ae71b51b571,2026-07-10T13:15:00Z,2026-07-10T15:15:00+0200,10916.23,MW,BE,BE,actual_load,Actual Load,2026-08-02T04:32:23Z
2026-08-02T04:32:20Z,2026-08-02T06:32:20+0200,7aafc1bd-8364-45d6-9e1e-5ae71b51b571,2026-07-10T13:30:00Z,2026-07-10T15:30:00+0200,10716.73,MW,BE,BE,actual_load,Actual Load,2026-08-02T04:32:23Z
2026-08-02T04:32:20Z,2026-08-02T06:32:20+0200,7aafc1bd-8364-45d6-9e1e-5ae71b51b571,2026-07-10T13:45:00Z,2026-07-10T15:45:00+0200,10515.31,MW,BE,BE,actual_load,Actual Load,2026-08-02T04:32:23Z
2026-08-02T04:32:20Z,2026-08-02T06:32:20+0200,7aafc1bd-8364-45d6-9e1e-5ae71b51b571,2026-07-10T14:00:00Z,2026-07-10T16:00:00+0200,10537.05,MW,BE,BE,actual_load,Actual Load,2026-08-02T04:32:23Z
2026-08-02T04:32:20Z,2026-08-02T06:32:20+0200,7aafc1bd-8364-45d6-9e1e-5ae71b51b571,2026-07-10T14:15:00Z,2026-07-10T16:15:00+0200,10249.53,MW,BE,BE,actual_load,Actual Load,2026-08-02T04:32:23Z
2026-08-02T04:32:20Z,2026-08-02T06:32:20+0200,7aafc1bd-8364-45d6-9e1e-5ae71b51b571,2026-07-10T14:30:00Z,2026-07-10T16:30:00+0200,10253.38,MW,BE,BE,actual_load,Actual Load,2026-08-02T04:32:23Z
2026-08-02T04:32:20Z,2026-08-02T06:32:20+0200,7aafc1bd-8364-45d6-9e1e-5ae71b51b571,2026-07-10T14:45:00Z,2026-07-10T16:45:00+0200,10331.26,MW,BE,BE,actual_load,Actual Load,2026-08-02T04:32:23Z
2026-08-02T04:32:20Z,2026-08-02T06:32:20+0200,7aafc1bd-8364-45d6-9e1e-5ae71b51b571,2026-07-10T15:00:00Z,2026-07-10T17:00:00+0200,10294.06,MW,BE,BE,actual_load,Actual Load,2026-08-02T04:32:23Z
2026-08-02T04:32:20Z,2026-08-02T06:32:20+0200,7aafc1bd-8364-45d6-9e1e-5ae71b51b571,2026-07-10T15:15:00Z,2026-07-10T17:15:00+0200,10110.47,MW,BE,BE,actual_load,Actual Load,2026-08-02T04:32:23Z
2026-08-02T04:32:20Z,2026-08-02T06:32:20+0200,7aafc1bd-8364-45d6-9e1e-5ae71b51b571,2026-07-10T15:30:00Z,2026-07-10T17:30:00+0200,10191.98,MW,BE,BE,actual_load,Actual Load,2026-08-02T04:32:23Z
2026-08-02T04:32:20Z,2026-08-02T06:32:20+0200,7aafc1bd-8364-45d6-9e1e-5ae71b51b571,2026-07-10T15:45:00Z,2026-07-10T17:45:00+0200,10232.73,MW,BE,BE,actual_load,Actual Load,2026-08-02T04:32:23Z
2026-08-02T04:32:20Z,2026-08-02T06:32:20+0200,7aafc1bd-8364-45d6-9e1e-5ae71b51b571,2026-07-10T16:00:00Z,2026-07-10T18:00:00+0200,10235.86,MW,BE,BE,actual_load,Actual Load,2026-08-02T04:32:23Z
2026-08-02T04:32:20Z,2026-08-02T06:32:20+0200,7aafc1bd-8364-45d6-9e1e-5ae71b51b571,2026-07-10T16:15:00Z,2026-07-10T18:15:00+0200,10131.26,MW,BE,BE,actual_load,Actual Load,2026-08-02T04:32:23Z
2026-08-02T04:32:20Z,2026-08-02T06:32:20+0200,7aafc1bd-8364-45d6-9e1e-5ae71b51b571,2026-07-10T16:30:00Z,2026-07-10T18:30:00+0200,10111.63,MW,BE,BE,actual_load,Actual Load,2026-08-02T04:32:23Z
2026-08-02T04:32:20Z,2026-08-02T06:32:20+0200,7aafc1bd-8364-45d6-9e1e-5ae71b51b571,2026-07-10T16:45:00Z,2026-07-10T18:45:00+0200,10086.05,MW,BE,BE,actual_load,Actual Load,2026-08-02T04:32:23Z
2026-08-02T04:32:20Z,2026-08-02T06:32:20+0200,7aafc1bd-8364-45d6-9e1e-5ae71b51b571,2026-07-10T17:00:00Z,2026-07-10T19:00:00+0200,10079.4,MW,BE,BE,actual_load,Actual Load,2026-08-02T04:32:23Z
2026-08-02T04:32:20Z,2026-08-02T06:32:20+0200,7aafc1bd-8364-45d6-9e1e-5ae71b51b571,2026-07-10T17:15:00Z,2026-07-10T19:15:00+0200,10031.56,MW,BE,BE,actual_load,Actual Load,2026-08-02T04:32:23Z
2026-08-02T04:32:20Z,2026-08-02T06:32:20+0200,7aafc1bd-8364-45d6-9e1e-5ae71b51b571,2026-07-10T17:30:00Z,2026-07-10T19:30:00+0200,9984.49,MW,BE,BE,actual_load,Actual Load,2026-08-02T04:32:23Z
2026-08-02T04:32:20Z,2026-08-02T06:32:20+0200,7aafc1bd-8364-45d6-9e1e-5ae71b51b571,2026-07-10T17:45:00Z,2026-07-10T19:45:00+0200,9822.67,MW,BE,BE,actual_load,Actual Load,2026-08-02T04:32:23Z
2026-08-02T04:32:20Z,2026-08-02T06:32:20+0200,7aafc1bd-8364-45d6-9e1e-5ae71b51b571,2026-07-10T18:00:00Z,2026-07-10T20:00:00+0200,9751.86,MW,BE,BE,actual_load,Actual Load,2026-08-02T04:32:23Z
2026-08-02T04:32:20Z,2026-08-02T06:32:20+0200,7aafc1bd-8364-45d6-9e1e-5ae71b51b571,2026-07-10T18:15:00Z,2026-07-10T20:15:00+0200,9668.67,MW,BE,BE,actual_load,Actual Load,2026-08-02T04:32:23Z
2026-08-02T04:32:20Z,2026-08-02T06:32:20+0200,7aafc1bd-8364-45d6-9e1e-5ae71b51b571,2026-07-10T18:30:00Z,2026-07-10T20:30:00+0200,9572.45,MW,BE,BE,actual_load,Actual Load,2026-08-02T04:32:23Z
2026-08-02T04:32:20Z,2026-08-02T06:32:20+0200,7aafc1bd-8364-45d6-9e1e-5ae71b51b571,2026-07-10T18:45:00Z,2026-07-10T20:45:00+0200,9532.59,MW,BE,BE,actual_load,Actual Load,2026-08-02T04:32:23Z
2026-08-02T04:32:20Z,2026-08-02T06:32:20+0200,7aafc1bd-8364-45d6-9e1e-5ae71b51b571,2026-07-10T19:00:00Z,2026-07-10T21:00:00+0200,9375.32,MW,BE,BE,actual_load,Actual Load,2026-08-02T04:32:23Z
2026-08-02T04:32:20Z,2026-08-02T06:32:20+0200,7aafc1bd-8364-45d6-9e1e-5ae71b51b571,2026-07-10T19:15:00Z,2026-07-10T21:15:00+0200,9253.51,MW,BE,BE,actual_load,Actual Load,2026-08-02T04:32:23Z
2026-08-02T04:32:20Z,2026-08-02T06:32:20+0200,7aafc1bd-8364-45d6-9e1e-5ae71b51b571,2026-07-10T19:30:00Z,2026-07-10T21:30:00+0200,9267.5,MW,BE,BE,actual_load,Actual Load,2026-08-02T04:32:23Z
2026-08-02T04:32:20Z,2026-08-02T06:32:20+0200,7aafc1bd-8364-45d6-9e1e-5ae71b51b571,2026-07-10T19:45:00Z,2026-07-10T21:45:00+0200,9223.78,MW,BE,BE,actual_load,Actual Load,2026-08-02T04:32:23Z
2026-08-02T04:32:20Z,2026-08-02T06:32:20+0200,7aafc1bd-8364-45d6-9e1e-5ae71b51b571,2026-07-10T20:00:00Z,2026-07-10T22:00:00+0200,9263.01,MW,BE,BE,actual_load,Actual Load,2026-08-02T04:32:23Z
2026-08-02T04:32:20Z,2026-08-02T06:32:20+0200,7aafc1bd-8364-45d6-9e1e-5ae71b51b571,2026-07-10T20:15:00Z,2026-07-10T22:15:00+0200,9327.03,MW,BE,BE,actual_load,Actual Load,2026-08-02T04:32:23Z
2026-08-02T04:32:20Z,2026-08-02T06:32:20+0200,7aafc1bd-8364-45d6-9e1e-5ae71b51b571,2026-07-10T20:30:00Z,2026-07-10T22:30:00+0200,9153.36,MW,BE,BE,actual_load,Actual Load,2026-08-02T04:32:23Z
2026-08-02T04:32:20Z,2026-08-02T06:32:20+0200,7aafc1bd-8364-45d6-9e1e-5ae71b51b571,2026-07-10T20:45:00Z,2026-07-10T22:45:00+0200,9106.26,MW,BE,BE,actual_load,Actual Load,2026-08-02T04:32:23Z
2026-08-02T04:32:20Z,2026-08-02T06:32:20+0200,7aafc1bd-8364-45d6-9e1e-5ae71b51b571,2026-07-10T21:00:00Z,2026-07-10T23:00:00+0200,9031.36,MW,BE,BE,actual_load,Actual Load,2026-08-02T04:32:23Z
2026-08-02T04:32:20Z,2026-08-02T06:32:20+0200,7aafc1bd-8364-45d6-9e1e-5ae71b51b571,2026-07-10T21:15:00Z,2026-07-10T23:15:00+0200,8993.82,MW,BE,BE,actual_load,Actual Load,2026-08-02T04:32:23Z
2026-08-02T04:32:20Z,2026-08-02T06:32:20+0200,7aafc1bd-8364-45d6-9e1e-5ae71b51b571,2026-07-10T21:30:00Z,2026-07-10T23:30:00+0200,8928.58,MW,BE,BE,actual_load,Actual Load,2026-08-02T04:32:23Z
2026-08-02T04:32:20Z,2026-08-02T06:32:20+0200,7aafc1bd-8364-45d6-9e1e-5ae71b51b571,2026-07-10T21:45:00Z,2026-07-10T23:45:00+0200,8908.03,MW,BE,BE,actual_load,Actual Load,2026-08-02T04:32:23Z
2026-08-02T04:32:20Z,2026-08-02T06:32:20+0200,7aafc1bd-8364-45d6-9e1e-5ae71b51b571,2026-07-10T22:00:00Z,2026-07-11T00:00:00+0200,8589.58,MW,BE,BE,actual_load,Actual Load,2026-08-02T04:32:23Z
2026-08-02T04:32:20Z,2026-08-02T06:32:20+0200,7aafc1bd-8364-45d6-9e1e-5ae71b51b571,2026-07-10T22:15:00Z,2026-07-11T00:15:00+0200,8346.46,MW,BE,BE,actual_load,Actual Load,2026-08-02T04:32:23Z
2026-08-02T04:32:20Z,2026-08-02T06:32:20+0200,7aafc1bd-8364-45d6-9e1e-5ae71b51b571,2026-07-10T22:30:00Z,2026-07-11T00:30:00+0200,8307.55,MW,BE,BE,actual_load,Actual Load,2026-08-02T04:32:23Z
2026-08-02T04:32:20Z,2026-08-02T06:32:20+0200,7aafc1bd-8364-45d6-9e1e-5ae71b51b571,2026-07-10T22:45:00Z,2026-07-11T00:45:00+0200,8344.62,MW,BE,BE,actual_load,Actual Load,2026-08-02T04:32:23Z
2026-08-02T04:32:20Z,2026-08-02T06:32:20+0200,7aafc1bd-8364-45d6-9e1e-5ae71b51b571,2026-07-10T23:00:00Z,2026-07-11T01:00:00+0200,8319.22,MW,BE,BE,actual_load,Actual Load,2026-08-02T04:32:23Z
2026-08-02T04:32:20Z,2026-08-02T06:32:20+0200,7aafc1bd-8364-45d6-9e1e-5ae71b51b571,2026-07-10T23:15:00Z,2026-07-11T01:15:00+0200,8197.79,MW,BE,BE,actual_load,Actual Load,2026-08-02T04:32:23Z
2026-08-02T04:32:20Z,2026-08-02T06:32:20+0200,7aafc1bd-8364-45d6-9e1e-5ae71b51b571,2026-07-10T23:30:00Z,2026-07-11T01:30:00+0200,8147.51,MW,BE,BE,actual_load,Actual Load,2026-08-02T04:32:23Z
2026-08-02T04:32:20Z,2026-08-02T06:32:20+0200,7aafc1bd-8364-45d6-9e1e-5ae71b51b571,2026-07-10T23:45:00Z,2026-07-11T01:45:00+0200,7973.88,MW,BE,BE,actual_load,Actual Load,2026-08-02T04:32:23Z
2026-08-02T04:32:20Z,2026-08-02T06:32:20+0200,7aafc1bd-8364-45d6-9e1e-5ae71b51b571,2026-07-11T00:00:00Z,2026-07-11T02:00:00+0200,7888.91,MW,BE,BE,actual_load,Actual Load,2026-08-02T04:32:23Z
2026-08-02T04:32:20Z,2026-08-02T06:32:20+0200,7aafc1bd-8364-45d6-9e1e-5ae71b51b571,2026-07-11T00:15:00Z,2026-07-11T02:15:00+0200,7855.92,MW,BE,BE,actual_load,Actual Load,2026-08-02T04:32:23Z
2026-08-02T04:32:20Z,2026-08-02T06:32:20+0200,7aafc1bd-8364-45d6-9e1e-5ae71b51b571,2026-07-11T00:30:00Z,2026-07-11T02:30:00+0200,7971.86,MW,BE,BE,actual_load,Actual Load,2026-08-02T04:32:23Z
2026-08-02T04:32:20Z,2026-08-02T06:32:20+0200,7aafc1bd-8364-45d6-9e1e-5ae71b51b571,2026-07-11T00:45:00Z,2026-07-11T02:45:00+0200,7847.12,MW,BE,BE,actual_load,Actual Load,2026-08-02T04:32:23Z
2026-08-02T04:32:20Z,2026-08-02T06:32:20+0200,7aafc1bd-8364-45d6-9e1e-5ae71b51b571,2026-07-11T01:00:00Z,2026-07-11T03:00:00+0200,7814.82,MW,BE,BE,actual_load,Actual Load,2026-08-02T04:32:23Z
2026-08-02T04:32:20Z,2026-08-02T06:32:20+0200,7aafc1bd-8364-45d6-9e1e-5ae71b51b571,2026-07-11T01:15:00Z,2026-07-11T03:15:00+0200,7812.39,MW,BE,BE,actual_load,Actual Load,2026-08-02T04:32:23Z
2026-08-02T04:32:20Z,2026-08-02T06:32:20+0200,7aafc1bd-8364-45d6-9e1e-5ae71b51b571,2026-07-11T01:30:00Z,2026-07-11T03:30:00+0200,7679.73,MW,BE,BE,actual_load,Actual Load,2026-08-02T04:32:23Z
2026-08-02T04:32:20Z,2026-08-02T06:32:20+0200,7aafc1bd-8364-45d6-9e1e-5ae71b51b571,2026-07-11T01:45:00Z,2026-07-11T03:45:00+0200,7607.77,MW,BE,BE,actual_load,Actual Load,2026-08-02T04:32:23Z
2026-08-02T04:32:20Z,2026-08-02T06:32:20+0200,7aafc1bd-8364-45d6-9e1e-5ae71b51b571,2026-07-11T02:00:00Z,2026-07-11T04:00:00+0200,7733.13,MW,BE,BE,actual_load,Actual Load,2026-08-02T04:32:23Z
2026-08-02T04:32:20Z,2026-08-02T06:32:20+0200,7aafc1bd-8364-45d6-9e1e-5ae71b51b571,2026-07-11T02:15:00Z,2026-07-11T04:15:00+0200,7634.36,MW,BE,BE,actual_load,Actual Load,2026-08-02T04:32:23Z
2026-08-02T04:32:20Z,2026-08-02T06:32:20+0200,7aafc1bd-8364-45d6-9e1e-5ae71b51b571,2026-07-11T02:30:00Z,2026-07-11T04:30:00+0200,7665.51,MW,BE,BE,actual_load,Actual Load,2026-08-02T04:32:23Z
2026-08-02T04:32:20Z,2026-08-02T06:32:20+0200,7aafc1bd-8364-45d6-9e1e-5ae71b51b571,2026-07-11T02:45:00Z,2026-07-11T04:45:00+0200,7657.88,MW,BE,BE,actual_load,Actual Load,2026-08-02T04:32:23Z
2026-08-02T04:32:20Z,2026-08-02T06:32:20+0200,7aafc1bd-8364-45d6-9e1e-5ae71b51b571,2026-07-11T03:00:00Z,2026-07-11T05:00:00+0200,7603.93,MW,BE,BE,actual_load,Actual Load,2026-08-02T04:32:23Z
2026-08-02T04:32:20Z,2026-08-02T06:32:20+0200,7aafc1bd-8364-45d6-9e1e-5ae71b51b571,2026-07-11T03:15:00Z,2026-07-11T05:15:00+0200,7599.44,MW,BE,BE,actual_load,Actual Load,2026-08-02T04:32:23Z
2026-08-02T04:32:20Z,2026-08-02T06:32:20+0200,7aafc1bd-8364-45d6-9e1e-5ae71b51b571,2026-07-11T03:30:00Z,2026-07-11T05:30:00+0200,7475.48,MW,BE,BE,actual_load,Actual Load,2026-08-02T04:32:23Z
2026-08-02T04:32:20Z,2026-08-02T06:32:20+0200,7aafc1bd-8364-45d6-9e1e-5ae71b51b571,2026-07-11T03:45:00Z,2026-07-11T05:45:00+0200,7460.94,MW,BE,BE,actual_load,Actual Load,2026-08-02T04:32:23Z
2026-08-02T04:32:20Z,2026-08-02T06:32:20+0200,7aafc1bd-8364-45d6-9e1e-5ae71b51b571,2026-07-11T04:00:00Z,2026-07-11T06:00:00+0200,7534.23,MW,BE,BE,actual_load,Actual Load,2026-08-02T04:32:23Z
2026-08-02T04:32:20Z,2026-08-02T06:32:20+0200,7aafc1bd-8364-45d6-9e1e-5ae71b51b571,2026-07-11T04:15:00Z,2026-07-11T06:15:00+0200,7701.2,MW,BE,BE,actual_load,Actual Load,2026-08-02T04:32:23Z
2026-08-02T04:32:20Z,2026-08-02T06:32:20+0200,7aafc1bd-8364-45d6-9e1e-5ae71b51b571,2026-07-11T04:30:00Z,2026-07-11T06:30:00+0200,7744.15,MW,BE,BE,actual_load,Actual Load,2026-08-02T04:32:23Z
2026-08-02T04:32:20Z,2026-08-02T06:32:20+0200,7aafc1bd-8364-45d6-9e1e-5ae71b51b571,2026-07-11T04:45:00Z,2026-07-11T06:45:00+0200,7863.62,MW,BE,BE,actual_load,Actual Load,2026-08-02T04:32:23Z
2026-08-02T04:32:20Z,2026-08-02T06:32:20+0200,7aafc1bd-8364-45d6-9e1e-5ae71b51b571,2026-07-11T05:00:00Z,2026-07-11T07:00:00+0200,7809.45,MW,BE,BE,actual_load,Actual Load,2026-08-02T04:32:23Z
2026-08-02T04:32:20Z,2026-08-02T06:32:20+0200,7aafc1bd-8364-45d6-9e1e-5ae71b51b571,2026-07-11T05:15:00Z,2026-07-11T07:15:00+0200,7924.77,MW,BE,BE,actual_load,Actual Load,2026-08-02T04:32:23Z
2026-08-02T04:32:20Z,2026-08-02T06:32:20+0200,7aafc1bd-8364-45d6-9e1e-5ae71b51b571,2026-07-11T05:30:00Z,2026-07-11T07:30:00+0200,8027.87,MW,BE,BE,actual_load,Actual Load,2026-08-02T04:32:23Z
2026-08-02T04:32:20Z,2026-08-02T06:32:20+0200,7aafc1bd-8364-45d6-9e1e-5ae71b51b571,2026-07-11T05:45:00Z,2026-07-11T07:45:00+0200,8073.65,MW,BE,BE,actual_load,Actual Load,2026-08-02T04:32:23Z
2026-08-02T04:32:20Z,2026-08-02T06:32:20+0200,7aafc1bd-8364-45d6-9e1e-5ae71b51b571,2026-07-11T06:00:00Z,2026-07-11T08:00:00+0200,7974.22,MW,BE,BE,actual_load,Actual Load,2026-08-02T04:32:23Z
2026-08-02T04:32:20Z,2026-08-02T06:32:20+0200,7aafc1bd-8364-45d6-9e1e-5ae71b51b571,2026-07-11T06:15:00Z,2026-07-11T08:15:00+0200,8100.16,MW,BE,BE,actual_load,Actual Load,2026-08-02T04:32:23Z
2026-08-02T04:32:20Z,2026-08-02T06:32:20+0200,7aafc1bd-8364-45d6-9e1e-5ae71b51b571,2026-07-11T06:30:00Z,2026-07-11T08:30:00+0200,8215.14,MW,BE,BE,actual_load,Actual Load,2026-08-02T04:32:23Z
2026-08-02T04:32:20Z,2026-08-02T06:32:20+0200,7aafc1bd-8364-45d6-9e1e-5ae71b51b571,2026-07-11T06:45:00Z,2026-07-11T08:45:00+0200,8322.83,MW,BE,BE,actual_load,Actual Load,2026-08-02T04:32:23Z
2026-08-02T04:32:20Z,2026-08-02T06:32:20+0200,7aafc1bd-8364-45d6-9e1e-5ae71b51b571,2026-07-11T07:00:00Z,2026-07-11T09:00:00+0200,8319.96,MW,BE,BE,actual_load,Actual Load,2026-08-02T04:32:23Z
2026-08-02T04:32:20Z,2026-08-02T06:32:20+0200,7aafc1bd-8364-45d6-9e1e-5ae71b51b571,2026-07-11T07:15:00Z,2026-07-11T09:15:00+0200,8469.45,MW,BE,BE,actual_load,Actual Load,2026-08-02T04:32:23Z
2026-08-02T04:32:20Z,2026-08-02T06:32:20+0200,7aafc1bd-8364-45d6-9e1e-5ae71b51b571,2026-07-11T07:30:00Z,2026-07-11T09:30:00+0200,8788.4,MW,BE,BE,actual_load,Actual Load,2026-08-02T04:32:23Z
2026-08-02T04:32:20Z,2026-08-02T06:32:20+0200,7aafc1bd-8364-45d6-9e1e-5ae71b51b571,2026-07-11T07:45:00Z,2026-07-11T09:45:00+0200,8822.81,MW,BE,BE,actual_load,Actual Load,2026-08-02T04:32:23Z
2026-08-02T04:32:20Z,2026-08-02T06:32:20+0200,7aafc1bd-8364-45d6-9e1e-5ae71b51b571,2026-07-11T08:00:00Z,2026-07-11T10:00:00+0200,8856.82,MW,BE,BE,actual_load,Actual Load,2026-08-02T04:32:23Z
2026-08-02T04:32:20Z,2026-08-02T06:32:20+0200,7aafc1bd-8364-45d6-9e1e-5ae71b51b571,2026-07-11T08:15:00Z,2026-07-11T10:15:00+0200,9105.03,MW,BE,BE,actual_load,Actual Load,2026-08-02T04:32:23Z
2026-08-02T04:32:20Z,2026-08-02T06:32:20+0200,7aafc1bd-8364-45d6-9e1e-5ae71b51b571,2026-07-11T08:30:00Z,2026-07-11T10:30:00+0200,9239.22,MW,BE,BE,actual_load,Actual Load,2026-08-02T04:32:23Z
2026-08-02T04:32:20Z,2026-08-02T06:32:20+0200,7aafc1bd-8364-45d6-9e1e-5ae71b51b571,2026-07-11T08:45:00Z,2026-07-11T10:45:00+0200,9388.26,MW,BE,BE,actual_load,Actual Load,2026-08-02T04:32:23Z
2026-08-02T04:32:20Z,2026-08-02T06:32:20+0200,7aafc1bd-8364-45d6-9e1e-5ae71b51b571,2026-07-11T09:00:00Z,2026-07-11T11:00:00+0200,9664.02,MW,BE,BE,actual_load,Actual Load,2026-08-02T04:32:23Z
2026-08-02T04:32:20Z,2026-08-02T06:32:20+0200,7aafc1bd-8364-45d6-9e1e-5ae71b51b571,2026-07-11T09:15:00Z,2026-07-11T11:15:00+0200,9863.66,MW,BE,BE,actual_load,Actual Load,2026-08-02T04:32:23Z
2026-08-02T04:32:20Z,2026-08-02T06:32:20+0200,7aafc1bd-8364-45d6-9e1e-5ae71b51b571,2026-07-11T09:30:00Z,2026-07-11T11:30:00+0200,9979.67,MW,BE,BE,actual_load,Actual Load,2026-08-02T04:32:23Z
2026-08-02T04:32:20Z,2026-08-02T06:32:20+0200,7aafc1bd-8364-45d6-9e1e-5ae71b51b571,2026-07-11T09:45:00Z,2026-07-11T11:45:00+0200,9933.25,MW,BE,BE,actual_load,Actual Load,2026-08-02T04:32:23Z
2026-08-02T04:32:20Z,2026-08-02T06:32:20+0200,7aafc1bd-8364-45d6-9e1e-5ae71b51b571,2026-07-11T10:00:00Z,2026-07-11T12:00:00+0200,10103.05,MW,BE,BE,actual_load,Actual Load,2026-08-02T04:32:23Z
2026-08-02T04:32:20Z,2026-08-02T06:32:20+0200,7aafc1bd-8364-45d6-9e1e-5ae71b51b571,2026-07-11T10:15:00Z,2026-07-11T12:15:00+0200,10088.41,MW,BE,BE,actual_load,Actual Load,2026-08-02T04:32:23Z
2026-08-02T04:32:20Z,2026-08-02T06:32:20+0200,7aafc1bd-8364-45d6-9e1e-5ae71b51b571,2026-07-11T10:30:00Z,2026-07-11T12:30:00+0200,10187.4,MW,BE,BE,actual_load,Actual Load,2026-08-02T04:32:23Z
2026-08-02T04:32:20Z,2026-08-02T06:32:20+0200,7aafc1bd-8364-45d6-9e1e-5ae71b51b571,2026-07-11T10:45:00Z,2026-07-11T12:45:00+0200,10193.86,MW,BE,BE,actual_load,Actual Load,2026-08-02T04:32:23Z
2026-08-02T04:32:20Z,2026-08-02T06:32:20+0200,7aafc1bd-8364-45d6-9e1e-5ae71b51b571,2026-07-11T11:00:00Z,2026-07-11T13:00:00+0200,10060.27,MW,BE,BE,actual_load,Actual Load,2026-08-02T04:32:23Z
2026-08-02T04:32:20Z,2026-08-02T06:32:20+0200,7aafc1bd-8364-45d6-9e1e-5ae71b51b571,2026-07-11T11:15:00Z,2026-07-11T13:15:00+0200,10166.4,MW,BE,BE,actual_load,Actual Load,2026-08-02T04:32:23Z
2026-08-02T04:32:20Z,2026-08-02T06:32:20+0200,7aafc1bd-8364-45d6-9e1e-5ae71b51b571,2026-07-11T11:30:00Z,2026-07-11T13:30:00+0200,9982.51,MW,BE,BE,actual_load,Actual Load,2026-08-02T04:32:23Z
2026-08-02T04:32:20Z,2026-08-02T06:32:20+0200,7aafc1bd-8364-45d6-9e1e-5ae71b51b571,2026-07-11T11:45:00Z,2026-07-11T13:45:00+0200,10061.78,MW,BE,BE,actual_load,Actual Load,2026-08-02T04:32:23Z
2026-08-02T04:32:20Z,2026-08-02T06:32:20+0200,7aafc1bd-8364-45d6-9e1e-5ae71b51b571,2026-07-11T12:00:00Z,2026-07-11T14:00:00+0200,9924.76,MW,BE,BE,actual_load,Actual Load,2026-08-02T04:32:23Z
2026-08-02T04:32:20Z,2026-08-02T06:32:20+0200,7aafc1bd-8364-45d6-9e1e-5ae71b51b571,2026-07-11T12:15:00Z,2026-07-11T14:15:00+0200,9823.89,MW,BE,BE,actual_load,Actual Load,2026-08-02T04:32:23Z
2026-08-02T04:32:20Z,2026-08-02T06:32:20+0200,7aafc1bd-8364-45d6-9e1e-5ae71b51b571,2026-07-11T12:30:00Z,2026-07-11T14:30:00+0200,9787.37,MW,BE,BE,actual_load,Actual Load,2026-08-02T04:32:23Z
2026-08-02T04:32:20Z,2026-08-02T06:32:20+0200,7aafc1bd-8364-45d6-9e1e-5ae71b51b571,2026-07-11T12:45:00Z,2026-07-11T14:45:00+0200,9721.66,MW,BE,BE,actual_load,Actual Load,2026-08-02T04:32:23Z
2026-08-02T04:32:20Z,2026-08-02T06:32:20+0200,7aafc1bd-8364-45d6-9e1e-5ae71b51b571,2026-07-11T13:00:00Z,2026-07-11T15:00:00+0200,9729.54,MW,BE,BE,actual_load,Actual Load,2026-08-02T04:32:23Z
2026-08-02T04:32:20Z,2026-08-02T06:32:20+0200,7aafc1bd-8364-45d6-9e1e-5ae71b51b571,2026-07-11T13:15:00Z,2026-07-11T15:15:00+0200,9624.01,MW,BE,BE,actual_load,Actual Load,2026-08-02T04:32:23Z
2026-08-02T04:32:20Z,2026-08-02T06:32:20+0200,7aafc1bd-8364-45d6-9e1e-5ae71b51b571,2026-07-11T13:30:00Z,2026-07-11T15:30:00+0200,9593.82,MW,BE,BE,actual_load,Actual Load,2026-08-02T04:32:23Z
2026-08-02T04:32:20Z,2026-08-02T06:32:20+0200,7aafc1bd-8364-45d6-9e1e-5ae71b51b571,2026-07-11T13:45:00Z,2026-07-11T15:45:00+0200,9454.22,MW,BE,BE,actual_load,Actual Load,2026-08-02T04:32:23Z
2026-08-02T04:32:20Z,2026-08-02T06:32:20+0200,7aafc1bd-8364-45d6-9e1e-5ae71b51b571,2026-07-11T14:00:00Z,2026-07-11T16:00:00+0200,9361.62,MW,BE,BE,actual_load,Actual Load,2026-08-02T04:32:23Z
2026-08-02T04:32:20Z,2026-08-02T06:32:20+0200,7aafc1bd-8364-45d6-9e1e-5ae71b51b571,2026-07-11T14:15:00Z,2026-07-11T16:15:00+0200,9138.28,MW,BE,BE,actual_load,Actual Load,2026-08-02T04:32:23Z
2026-08-02T04:32:20Z,2026-08-02T06:32:20+0200,7aafc1bd-8364-45d6-9e1e-5ae71b51b571,2026-07-11T14:30:00Z,2026-07-11T16:30:00+0200,8970.8,MW,BE,BE,actual_load,Actual Load,2026-08-02T04:32:23Z
2026-08-02T04:32:20Z,2026-08-02T06:32:20+0200,7aafc1bd-8364-45d6-9e1e-5ae71b51b571,2026-07-11T14:45:00Z,2026-07-11T16:45:00+0200,8956.64,MW,BE,BE,actual_load,Actual Load,2026-08-02T04:32:23Z
2026-08-02T04:32:20Z,2026-08-02T06:32:20+0200,7aafc1bd-8364-45d6-9e1e-5ae71b51b571,2026-07-11T15:00:00Z,2026-07-11T17:00:00+0200,8896.9,MW,BE,BE,actual_load,Actual Load,2026-08-02T04:32:23Z
2026-08-02T04:32:20Z,2026-08-02T06:32:20+0200,7aafc1bd-8364-45d6-9e1e-5ae71b51b571,2026-07-11T15:15:00Z,2026-07-11T17:15:00+0200,8793.66,MW,BE,BE,actual_load,Actual Load,2026-08-02T04:32:23Z
2026-08-02T04:32:20Z,2026-08-02T06:32:20+0200,7aafc1bd-8364-45d6-9e1e-5ae71b51b571,2026-07-11T15:30:00Z,2026-07-11T17:30:00+0200,8772.62,MW,BE,BE,actual_load,Actual Load,2026-08-02T04:32:23Z
2026-08-02T04:32:20Z,2026-08-02T06:32:20+0200,7aafc1bd-8364-45d6-9e1e-5ae71b51b571,2026-07-11T15:45:00Z,2026-07-11T17:45:00+0200,8682.59,MW,BE,BE,actual_load,Actual Load,2026-08-02T04:32:23Z
2026-08-02T04:32:20Z,2026-08-02T06:32:20+0200,7aafc1bd-8364-45d6-9e1e-5ae71b51b571,2026-07-11T16:00:00Z,2026-07-11T18:00:00+0200,8763.83,MW,BE,BE,actual_load,Actual Load,2026-08-02T04:32:23Z
2026-08-02T04:32:20Z,2026-08-02T06:32:20+0200,7aafc1bd-8364-45d6-9e1e-5ae71b51b571,2026-07-11T16:15:00Z,2026-07-11T18:15:00+0200,8727.19,MW,BE,BE,actual_load,Actual Load,2026-08-02T04:32:23Z
2026-08-02T04:32:20Z,2026-08-02T06:32:20+0200,7aafc1bd-8364-45d6-9e1e-5ae71b51b571,2026-07-11T16:30:00Z,2026-07-11T18:30:00+0200,8859.47,MW,BE,BE,actual_load,Actual Load,2026-08-02T04:32:23Z
2026-08-02T04:32:20Z,2026-08-02T06:32:20+0200,7aafc1bd-8364-45d6-9e1e-5ae71b51b571,2026-07-11T16:45:00Z,2026-07-11T18:45:00+0200,8914.95,MW,BE,BE,actual_load,Actual Load,2026-08-02T04:32:23Z
2026-08-02T04:32:20Z,2026-08-02T06:32:20+0200,7aafc1bd-8364-45d6-9e1e-5ae71b51b571,2026-07-11T17:00:00Z,2026-07-11T19:00:00+0200,9082.74,MW,BE,BE,actual_load,Actual Load,2026-08-02T04:32:23Z
2026-08-02T04:32:20Z,2026-08-02T06:32:20+0200,7aafc1bd-8364-45d6-9e1e-5ae71b51b571,2026-07-11T17:15:00Z,2026-07-11T19:15:00+0200,9031.91,MW,BE,BE,actual_load,Actual Load,2026-08-02T04:32:23Z
2026-08-02T04:32:20Z,2026-08-02T06:32:20+0200,7aafc1bd-8364-45d6-9e1e-5ae71b51b571,2026-07-11T17:30:00Z,2026-07-11T19:30:00+0200,9043.43,MW,BE,BE,actual_load,Actual Load,2026-08-02T04:32:23Z
2026-08-02T04:32:20Z,2026-08-02T06:32:20+0200,7aafc1bd-8364-45d6-9e1e-5ae71b51b571,2026-07-11T17:45:00Z,2026-07-11T19:45:00+0200,9092.99,MW,BE,BE,actual_load,Actual Load,2026-08-02T04:32:23Z
2026-08-02T04:32:20Z,2026-08-02T06:32:20+0200,7aafc1bd-8364-45d6-9e1e-5ae71b51b571,2026-07-11T18:00:00Z,2026-07-11T20:00:00+0200,9177.77,MW,BE,BE,actual_load,Actual Load,2026-08-02T04:32:23Z
2026-08-02T04:32:20Z,2026-08-02T06:32:20+0200,7aafc1bd-8364-45d6-9e1e-5ae71b51b571,2026-07-11T18:15:00Z,2026-07-11T20:15:00+0200,9092.48,MW,BE,BE,actual_load,Actual Load,2026-08-02T04:32:23Z
2026-08-02T04:32:20Z,2026-08-02T06:32:20+0200,7aafc1bd-8364-45d6-9e1e-5ae71b51b571,2026-07-11T18:30:00Z,2026-07-11T20:30:00+0200,9022.86,MW,BE,BE,actual_load,Actual Load,2026-08-02T04:32:23Z
2026-08-02T04:32:20Z,2026-08-02T06:32:20+0200,7aafc1bd-8364-45d6-9e1e-5ae71b51b571,2026-07-11T18:45:00Z,2026-07-11T20:45:00+0200,8902.68,MW,BE,BE,actual_load,Actual Load,2026-08-02T04:32:23Z
2026-08-02T04:32:20Z,2026-08-02T06:32:20+0200,7aafc1bd-8364-45d6-9e1e-5ae71b51b571,2026-07-11T19:00:00Z,2026-07-11T21:00:00+0200,8782.4,MW,BE,BE,actual_load,Actual Load,2026-08-02T04:32:23Z
2026-08-02T04:32:20Z,2026-08-02T06:32:20+0200,7aafc1bd-8364-45d6-9e1e-5ae71b51b571,2026-07-11T19:15:00Z,2026-07-11T21:15:00+0200,8643.8,MW,BE,BE,actual_load,Actual Load,2026-08-02T04:32:23Z
2026-08-02T04:32:20Z,2026-08-02T06:32:20+0200,7aafc1bd-8364-45d6-9e1e-5ae71b51b571,2026-07-11T19:30:00Z,2026-07-11T21:30:00+0200,8510.24,MW,BE,BE,actual_load,Actual Load,2026-08-02T04:32:23Z
2026-08-02T04:32:20Z,2026-08-02T06:32:20+0200,7aafc1bd-8364-45d6-9e1e-5ae71b51b571,2026-07-11T19:45:00Z,2026-07-11T21:45:00+0200,8417.18,MW,BE,BE,actual_load,Actual Load,2026-08-02T04:32:23Z
2026-08-02T04:32:20Z,2026-08-02T06:32:20+0200,7aafc1bd-8364-45d6-9e1e-5ae71b51b571,2026-07-11T20:00:00Z,2026-07-11T22:00:00+0200,8537.13,MW,BE,BE,actual_load,Actual Load,2026-08-02T04:32:23Z
2026-08-02T04:32:20Z,2026-08-02T06:32:20+0200,7aafc1bd-8364-45d6-9e1e-5ae71b51b571,2026-07-11T20:15:00Z,2026-07-11T22:15:00+0200,8681.97,MW,BE,BE,actual_load,Actual Load,2026-08-02T04:32:23Z
2026-08-02T04:32:20Z,2026-08-02T06:32:20+0200,7aafc1bd-8364-45d6-9e1e-5ae71b51b571,2026-07-11T20:30:00Z,2026-07-11T22:30:00+0200,8708.81,MW,BE,BE,actual_load,Actual Load,2026-08-02T04:32:23Z
2026-08-02T04:32:20Z,2026-08-02T06:32:20+0200,7aafc1bd-8364-45d6-9e1e-5ae71b51b571,2026-07-11T20:45:00Z,2026-07-11T22:45:00+0200,8601.85,MW,BE,BE,actual_load,Actual Load,2026-08-02T04:32:23Z
2026-08-02T04:32:20Z,2026-08-02T06:32:20+0200,7aafc1bd-8364-45d6-9e1e-5ae71b51b571,2026-07-11T21:00:00Z,2026-07-11T23:00:00+0200,8546.29,MW,BE,BE,actual_load,Actual Load,2026-08-02T04:32:23Z
2026-08-02T04:32:20Z,2026-08-02T06:32:20+0200,7aafc1bd-8364-45d6-9e1e-5ae71b51b571,2026-07-11T21:15:00Z,2026-07-11T23:15:00+0200,8544.62,MW,BE,BE,actual_load,Actual Load,2026-08-02T04:32:23Z
2026-08-02T04:32:20Z,2026-08-02T06:32:20+0200,7aafc1bd-8364-45d6-9e1e-5ae71b51b571,2026-07-11T21:30:00Z,2026-07-11T23:30:00+0200,8407.8,MW,BE,BE,actual_load,Actual Load,2026-08-02T04:32:23Z
2026-08-02T04:32:20Z,2026-08-02T06:32:20+0200,7aafc1bd-8364-45d6-9e1e-5ae71b51b571,2026-07-11T21:45:00Z,2026-07-11T23:45:00+0200,8273.83,MW,BE,BE,actual_load,Actual Load,2026-08-02T04:32:23Z
2026-08-02T04:32:20Z,2026-08-02T06:32:20+0200,7aafc1bd-8364-45d6-9e1e-5ae71b51b571,2026-07-11T22:00:00Z,2026-07-12T00:00:00+0200,8210.66,MW,BE,BE,actual_load,Actual Load,2026-08-02T04:32:23Z
2026-08-02T04:32:20Z,2026-08-02T06:32:20+0200,7aafc1bd-8364-45d6-9e1e-5ae71b51b571,2026-07-11T22:15:00Z,2026-07-12T00:15:00+0200,8072.16,MW,BE,BE,actual_load,Actual Load,2026-08-02T04:32:23Z
2026-08-02T04:32:20Z,2026-08-02T06:32:20+0200,7aafc1bd-8364-45d6-9e1e-5ae71b51b571,2026-07-11T22:30:00Z,2026-07-12T00:30:00+0200,7974.53,MW,BE,BE,actual_load,Actual Load,2026-08-02T04:32:23Z
2026-08-02T04:32:20Z,2026-08-02T06:32:20+0200,7aafc1bd-8364-45d6-9e1e-5ae71b51b571,2026-07-11T22:45:00Z,2026-07-12T00:45:00+0200,8004.56,MW,BE,BE,actual_load,Actual Load,2026-08-02T04:32:23Z
2026-08-02T04:32:20Z,2026-08-02T06:32:20+0200,7aafc1bd-8364-45d6-9e1e-5ae71b51b571,2026-07-11T23:00:00Z,2026-07-12T01:00:00+0200,7973.7,MW,BE,BE,actual_load,Actual Load,2026-08-02T04:32:23Z
2026-08-02T04:32:20Z,2026-08-02T06:32:20+0200,7aafc1bd-8364-45d6-9e1e-5ae71b51b571,2026-07-11T23:15:00Z,2026-07-12T01:15:00+0200,7882.63,MW,BE,BE,actual_load,Actual Load,2026-08-02T04:32:23Z
2026-08-02T04:32:20Z,2026-08-02T06:32:20+0200,7aafc1bd-8364-45d6-9e1e-5ae71b51b571,2026-07-11T23:30:00Z,2026-07-12T01:30:00+0200,7701.52,MW,BE,BE,actual_load,Actual Load,2026-08-02T04:32:23Z
2026-08-02T04:32:20Z,2026-08-02T06:32:20+0200,7aafc1bd-8364-45d6-9e1e-5ae71b51b571,2026-07-11T23:45:00Z,2026-07-12T01:45:00+0200,7624.64,MW,BE,BE,actual_load,Actual Load,2026-08-02T04:32:23Z
2026-08-02T04:32:20Z,2026-08-02T06:32:20+0200,7aafc1bd-8364-45d6-9e1e-5ae71b51b571,2026-07-12T00:00:00Z,2026-07-12T02:00:00+0200,7548.49,MW,BE,BE,actual_load,Actual Load,2026-08-02T04:32:23Z
2026-08-02T04:32:20Z,2026-08-02T06:32:20+0200,7aafc1bd-8364-45d6-9e1e-5ae71b51b571,2026-07-12T00:15:00Z,2026-07-12T02:15:00+0200,7461.82,MW,BE,BE,actual_load,Actual Load,2026-08-02T04:32:23Z
2026-08-02T04:32:20Z,2026-08-02T06:32:20+0200,7aafc1bd-8364-45d6-9e1e-5ae71b51b571,2026-07-12T00:30:00Z,2026-07-12T02:30:00+0200,7422.04,MW,BE,BE,actual_load,Actual Load,2026-08-02T04:32:23Z
2026-08-02T04:32:20Z,2026-08-02T06:32:20+0200,7aafc1bd-8364-45d6-9e1e-5ae71b51b571,2026-07-12T00:45:00Z,2026-07-12T02:45:00+0200,7429.12,MW,BE,BE,actual_load,Actual Load,2026-08-02T04:32:23Z
2026-08-02T04:32:20Z,2026-08-02T06:32:20+0200,7aafc1bd-8364-45d6-9e1e-5ae71b51b571,2026-07-12T01:00:00Z,2026-07-12T03:00:00+0200,7438.31,MW,BE,BE,actual_load,Actual Load,2026-08-02T04:32:23Z
2026-08-02T04:32:20Z,2026-08-02T06:32:20+0200,7aafc1bd-8364-45d6-9e1e-5ae71b51b571,2026-07-12T01:15:00Z,2026-07-12T03:15:00+0200,7438.09,MW,BE,BE,actual_load,Actual Load,2026-08-02T04:32:23Z
2026-08-02T04:32:20Z,2026-08-02T06:32:20+0200,7aafc1bd-8364-45d6-9e1e-5ae71b51b571,2026-07-12T01:30:00Z,2026-07-12T03:30:00+0200,7395.71,MW,BE,BE,actual_load,Actual Load,2026-08-02T04:32:23Z
2026-08-02T04:32:20Z,2026-08-02T06:32:20+0200,7aafc1bd-8364-45d6-9e1e-5ae71b51b571,2026-07-12T01:45:00Z,2026-07-12T03:45:00+0200,7340.93,MW,BE,BE,actual_load,Actual Load,2026-08-02T04:32:23Z
2026-08-02T04:32:20Z,2026-08-02T06:32:20+0200,7aafc1bd-8364-45d6-9e1e-5ae71b51b571,2026-07-12T02:00:00Z,2026-07-12T04:00:00+0200,7301.11,MW,BE,BE,actual_load,Actual Load,2026-08-02T04:32:23Z
2026-08-02T04:32:20Z,2026-08-02T06:32:20+0200,7aafc1bd-8364-45d6-9e1e-5ae71b51b571,2026-07-12T02:15:00Z,2026-07-12T04:15:00+0200,7306.79,MW,BE,BE,actual_load,Actual Load,2026-08-02T04:32:23Z
2026-08-02T04:32:20Z,2026-08-02T06:32:20+0200,7aafc1bd-8364-45d6-9e1e-5ae71b51b571,2026-07-12T02:30:00Z,2026-07-12T04:30:00+0200,7296.35,MW,BE,BE,actual_load,Actual Load,2026-08-02T04:32:23Z
2026-08-02T04:32:20Z,2026-08-02T06:32:20+0200,7aafc1bd-8364-45d6-9e1e-5ae71b51b571,2026-07-12T02:45:00Z,2026-07-12T04:45:00+0200,7306.24,MW,BE,BE,actual_load,Actual Load,2026-08-02T04:32:23Z
2026-08-02T04:32:20Z,2026-08-02T06:32:20+0200,7aafc1bd-8364-45d6-9e1e-5ae71b51b571,2026-07-12T03:00:00Z,2026-07-12T05:00:00+0200,7330.88,MW,BE,BE,actual_load,Actual Load,2026-08-02T04:32:23Z
2026-08-02T04:32:20Z,2026-08-02T06:32:20+0200,7aafc1bd-8364-45d6-9e1e-5ae71b51b571,2026-07-12T03:15:00Z,2026-07-12T05:15:00+0200,7208.51,MW,BE,BE,actual_load,Actual Load,2026-08-02T04:32:23Z
2026-08-02T04:32:20Z,2026-08-02T06:32:20+0200,7aafc1bd-8364-45d6-9e1e-5ae71b51b571,2026-07-12T03:30:00Z,2026-07-12T05:30:00+0200,7262.4,MW,BE,BE,actual_load,Actual Load,2026-08-02T04:32:23Z
2026-08-02T04:32:20Z,2026-08-02T06:32:20+0200,7aafc1bd-8364-45d6-9e1e-5ae71b51b571,2026-07-12T03:45:00Z,2026-07-12T05:45:00+0200,7241.72,MW,BE,BE,actual_load,Actual Load,2026-08-02T04:32:23Z
2026-08-02T04:32:20Z,2026-08-02T06:32:20+0200,7aafc1bd-8364-45d6-9e1e-5ae71b51b571,2026-07-12T04:00:00Z,2026-07-12T06:00:00+0200,7234.69,MW,BE,BE,actual_load,Actual Load,2026-08-02T04:32:23Z
2026-08-02T04:32:20Z,2026-08-02T06:32:20+0200,7aafc1bd-8364-45d6-9e1e-5ae71b51b571,2026-07-12T04:15:00Z,2026-07-12T06:15:00+0200,7229.7,MW,BE,BE,actual_load,Actual Load,2026-08-02T04:32:23Z
2026-08-02T04:32:20Z,2026-08-02T06:32:20+0200,7aafc1bd-8364-45d6-9e1e-5ae71b51b571,2026-07-12T04:30:00Z,2026-07-12T06:30:00+0200,7336.43,MW,BE,BE,actual_load,Actual Load,2026-08-02T04:32:23Z
2026-08-02T04:32:20Z,2026-08-02T06:32:20+0200,7aafc1bd-8364-45d6-9e1e-5ae71b51b571,2026-07-12T04:45:00Z,2026-07-12T06:45:00+0200,7345.42,MW,BE,BE,actual_load,Actual Load,2026-08-02T04:32:23Z
2026-08-02T04:32:20Z,2026-08-02T06:32:20+0200,7aafc1bd-8364-45d6-9e1e-5ae71b51b571,2026-07-12T05:00:00Z,2026-07-12T07:00:00+0200,7300.59,MW,BE,BE,actual_load,Actual Load,2026-08-02T04:32:23Z
2026-08-02T04:32:20Z,2026-08-02T06:32:20+0200,7aafc1bd-8364-45d6-9e1e-5ae71b51b571,2026-07-12T05:15:00Z,2026-07-12T07:15:00+0200,7389.74,MW,BE,BE,actual_load,Actual Load,2026-08-02T04:32:23Z
2026-08-02T04:32:20Z,2026-08-02T06:32:20+0200,7aafc1bd-8364-45d6-9e1e-5ae71b51b571,2026-07-12T05:30:00Z,2026-07-12T07:30:00+0200,7348.68,MW,BE,BE,actual_load,Actual Load,2026-08-02T04:32:23Z
2026-08-02T04:32:20Z,2026-08-02T06:32:20+0200,7aafc1bd-8364-45d6-9e1e-5ae71b51b571,2026-07-12T05:45:00Z,2026-07-12T07:45:00+0200,7430.84,MW,BE,BE,actual_load,Actual Load,2026-08-02T04:32:23Z
2026-08-02T04:32:20Z,2026-08-02T06:32:20+0200,7aafc1bd-8364-45d6-9e1e-5ae71b51b571,2026-07-12T06:00:00Z,2026-07-12T08:00:00+0200,7498.34,MW,BE,BE,actual_load,Actual Load,2026-08-02T04:32:23Z
2026-08-02T04:32:20Z,2026-08-02T06:32:20+0200,7aafc1bd-8364-45d6-9e1e-5ae71b51b571,2026-07-12T06:15:00Z,2026-07-12T08:15:00+0200,7629.68,MW,BE,BE,actual_load,Actual Load,2026-08-02T04:32:23Z
2026-08-02T04:32:20Z,2026-08-02T06:32:20+0200,7aafc1bd-8364-45d6-9e1e-5ae71b51b571,2026-07-12T06:30:00Z,2026-07-12T08:30:00+0200,7778.9,MW,BE,BE,actual_load,Actual Load,2026-08-02T04:32:23Z
2026-08-02T04:32:20Z,2026-08-02T06:32:20+0200,7aafc1bd-8364-45d6-9e1e-5ae71b51b571,2026-07-12T06:45:00Z,2026-07-12T08:45:00+0200,8002.18,MW,BE,BE,actual_load,Actual Load,2026-08-02T04:32:23Z
2026-08-02T04:32:20Z,2026-08-02T06:32:20+0200,7aafc1bd-8364-45d6-9e1e-5ae71b51b571,2026-07-12T07:00:00Z,2026-07-12T09:00:00+0200,8067.25,MW,BE,BE,actual_load,Actual Load,2026-08-02T04:32:23Z
2026-08-02T04:32:20Z,2026-08-02T06:32:20+0200,7aafc1bd-8364-45d6-9e1e-5ae71b51b571,2026-07-12T07:15:00Z,2026-07-12T09:15:00+0200,8282.68,MW,BE,BE,actual_load,Actual Load,2026-08-02T04:32:23Z
2026-08-02T04:32:20Z,2026-08-02T06:32:20+0200,7aafc1bd-8364-45d6-9e1e-5ae71b51b571,2026-07-12T07:30:00Z,2026-07-12T09:30:00+0200,8413.79,MW,BE,BE,actual_load,Actual Load,2026-08-02T04:32:23Z
2026-08-02T04:32:20Z,2026-08-02T06:32:20+0200,7aafc1bd-8364-45d6-9e1e-5ae71b51b571,2026-07-12T07:45:00Z,2026-07-12T09:45:00+0200,8626.13,MW,BE,BE,actual_load,Actual Load,2026-08-02T04:32:23Z
2026-08-02T04:32:20Z,2026-08-02T06:32:20+0200,7aafc1bd-8364-45d6-9e1e-5ae71b51b571,2026-07-12T08:00:00Z,2026-07-12T10:00:00+0200,8661.8,MW,BE,BE,actual_load,Actual Load,2026-08-02T04:32:23Z
2026-08-02T04:32:20Z,2026-08-02T06:32:20+0200,7aafc1bd-8364-45d6-9e1e-5ae71b51b571,2026-07-12T08:15:00Z,2026-07-12T10:15:00+0200,8845.98,MW,BE,BE,actual_load,Actual Load,2026-08-02T04:32:23Z
2026-08-02T04:32:20Z,2026-08-02T06:32:20+0200,7aafc1bd-8364-45d6-9e1e-5ae71b51b571,2026-07-12T08:30:00Z,2026-07-12T10:30:00+0200,8993.31,MW,BE,BE,actual_load,Actual Load,2026-08-02T04:32:23Z
2026-08-02T04:32:20Z,2026-08-02T06:32:20+0200,7aafc1bd-8364-45d6-9e1e-5ae71b51b571,2026-07-12T08:45:00Z,2026-07-12T10:45:00+0200,9116.46,MW,BE,BE,actual_load,Actual Load,2026-08-02T04:32:23Z
2026-08-02T04:32:20Z,2026-08-02T06:32:20+0200,7aafc1bd-8364-45d6-9e1e-5ae71b51b571,2026-07-12T09:00:00Z,2026-07-12T11:00:00+0200,9116.06,MW,BE,BE,actual_load,Actual Load,2026-08-02T04:32:23Z
2026-08-02T04:32:20Z,2026-08-02T06:32:20+0200,7aafc1bd-8364-45d6-9e1e-5ae71b51b571,2026-07-12T09:15:00Z,2026-07-12T11:15:00+0200,9389.69,MW,BE,BE,actual_load,Actual Load,2026-08-02T04:32:23Z
2026-08-02T04:32:20Z,2026-08-02T06:32:20+0200,7aafc1bd-8364-45d6-9e1e-5ae71b51b571,2026-07-12T09:30:00Z,2026-07-12T11:30:00+0200,9577.29,MW,BE,BE,actual_load,Actual Load,2026-08-02T04:32:23Z
2026-08-02T04:32:20Z,2026-08-02T06:32:20+0200,7aafc1bd-8364-45d6-9e1e-5ae71b51b571,2026-07-12T09:45:00Z,2026-07-12T11:45:00+0200,9689.89,MW,BE,BE,actual_load,Actual Load,2026-08-02T04:32:23Z
2026-08-02T04:32:20Z,2026-08-02T06:32:20+0200,7aafc1bd-8364-45d6-9e1e-5ae71b51b571,2026-07-12T10:00:00Z,2026-07-12T12:00:00+0200,9643.88,MW,BE,BE,actual_load,Actual Load,2026-08-02T04:32:23Z
2026-08-02T04:32:20Z,2026-08-02T06:32:20+0200,7aafc1bd-8364-45d6-9e1e-5ae71b51b571,2026-07-12T10:15:00Z,2026-07-12T12:15:00+0200,9567.25,MW,BE,BE,actual_load,Actual Load,2026-08-02T04:32:23Z
2026-08-02T04:32:20Z,2026-08-02T06:32:20+0200,7aafc1bd-8364-45d6-9e1e-5ae71b51b571,2026-07-12T10:30:00Z,2026-07-12T12:30:00+0200,9682.19,MW,BE,BE,actual_load,Actual Load,2026-08-02T04:32:23Z
2026-08-02T04:32:20Z,2026-08-02T06:32:20+0200,7aafc1bd-8364-45d6-9e1e-5ae71b51b571,2026-07-12T10:45:00Z,2026-07-12T12:45:00+0200,9691.87,MW,BE,BE,actual_load,Actual Load,2026-08-02T04:32:23Z
2026-08-02T04:32:20Z,2026-08-02T06:32:20+0200,7aafc1bd-8364-45d6-9e1e-5ae71b51b571,2026-07-12T11:00:00Z,2026-07-12T13:00:00+0200,9621.5,MW,BE,BE,actual_load,Actual Load,2026-08-02T04:32:23Z
2026-08-02T04:32:20Z,2026-08-02T06:32:20+0200,7aafc1bd-8364-45d6-9e1e-5ae71b51b571,2026-07-12T11:15:00Z,2026-07-12T13:15:00+0200,9838.93,MW,BE,BE,actual_load,Actual Load,2026-08-02T04:32:23Z
2026-08-02T04:32:20Z,2026-08-02T06:32:20+0200,7aafc1bd-8364-45d6-9e1e-5ae71b51b571,2026-07-12T11:30:00Z,2026-07-12T13:30:00+0200,9842.77,MW,BE,BE,actual_load,Actual Load,2026-08-02T04:32:23Z
2026-08-02T04:32:20Z,2026-08-02T06:32:20+0200,7aafc1bd-8364-45d6-9e1e-5ae71b51b571,2026-07-12T11:45:00Z,2026-07-12T13:45:00+0200,9761.21,MW,BE,BE,actual_load,Actual Load,2026-08-02T04:32:23Z
2026-08-02T04:32:20Z,2026-08-02T06:32:20+0200,7aafc1bd-8364-45d6-9e1e-5ae71b51b571,2026-07-12T12:00:00Z,2026-07-12T14:00:00+0200,9830.22,MW,BE,BE,actual_load,Actual Load,2026-08-02T04:32:23Z
2026-08-02T04:32:20Z,2026-08-02T06:32:20+0200,7aafc1bd-8364-45d6-9e1e-5ae71b51b571,2026-07-12T12:15:00Z,2026-07-12T14:15:00+0200,9637.0,MW,BE,BE,actual_load,Actual Load,2026-08-02T04:32:23Z
2026-08-02T04:32:20Z,2026-08-02T06:32:20+0200,7aafc1bd-8364-45d6-9e1e-5ae71b51b571,2026-07-12T12:30:00Z,2026-07-12T14:30:00+0200,9535.36,MW,BE,BE,actual_load,Actual Load,2026-08-02T04:32:23Z
2026-08-02T04:32:20Z,2026-08-02T06:32:20+0200,7aafc1bd-8364-45d6-9e1e-5ae71b51b571,2026-07-12T12:45:00Z,2026-07-12T14:45:00+0200,9618.93,MW,BE,BE,actual_load,Actual Load,2026-08-02T04:32:23Z
2026-08-02T04:32:20Z,2026-08-02T06:32:20+0200,7aafc1bd-8364-45d6-9e1e-5ae71b51b571,2026-07-12T13:00:00Z,2026-07-12T15:00:00+0200,9684.84,MW,BE,BE,actual_load,Actual Load,2026-08-02T04:32:23Z
2026-08-02T04:32:20Z,2026-08-02T06:32:20+0200,7aafc1bd-8364-45d6-9e1e-5ae71b51b571,2026-07-12T13:15:00Z,2026-07-12T15:15:00+0200,9518.89,MW,BE,BE,actual_load,Actual Load,2026-08-02T04:32:23Z
2026-08-02T04:32:20Z,2026-08-02T06:32:20+0200,7aafc1bd-8364-45d6-9e1e-5ae71b51b571,2026-07-12T13:30:00Z,2026-07-12T15:30:00+0200,9329.37,MW,BE,BE,actual_load,Actual Load,2026-08-02T04:32:23Z
2026-08-02T04:32:20Z,2026-08-02T06:32:20+0200,7aafc1bd-8364-45d6-9e1e-5ae71b51b571,2026-07-12T13:45:00Z,2026-07-12T15:45:00+0200,9063.92,MW,BE,BE,actual_load,Actual Load,2026-08-02T04:32:23Z
2026-08-02T04:32:20Z,2026-08-02T06:32:20+0200,7aafc1bd-8364-45d6-9e1e-5ae71b51b571,2026-07-12T14:00:00Z,2026-07-12T16:00:00+0200,9213.95,MW,BE,BE,actual_load,Actual Load,2026-08-02T04:32:23Z
2026-08-02T04:32:20Z,2026-08-02T06:32:20+0200,7aafc1bd-8364-45d6-9e1e-5ae71b51b571,2026-07-12T14:15:00Z,2026-07-12T16:15:00+0200,9092.92,MW,BE,BE,actual_load,Actual Load,2026-08-02T04:32:23Z
2026-08-02T04:32:20Z,2026-08-02T06:32:20+0200,7aafc1bd-8364-45d6-9e1e-5ae71b51b571,2026-07-12T14:30:00Z,2026-07-12T16:30:00+0200,9074.95,MW,BE,BE,actual_load,Actual Load,2026-08-02T04:32:23Z
2026-08-02T04:32:20Z,2026-08-02T06:32:20+0200,7aafc1bd-8364-45d6-9e1e-5ae71b51b571,2026-07-12T14:45:00Z,2026-07-12T16:45:00+0200,9004.42,MW,BE,BE,actual_load,Actual Load,2026-08-02T04:32:23Z
2026-08-02T04:32:20Z,2026-08-02T06:32:20+0200,7aafc1bd-8364-45d6-9e1e-5ae71b51b571,2026-07-12T15:00:00Z,2026-07-12T17:00:00+0200,9002.35,MW,BE,BE,actual_load,Actual Load,2026-08-02T04:32:23Z
2026-08-02T04:32:20Z,2026-08-02T06:32:20+0200,7aafc1bd-8364-45d6-9e1e-5ae71b51b571,2026-07-12T15:15:00Z,2026-07-12T17:15:00+0200,9048.57,MW,BE,BE,actual_load,Actual Load,2026-08-02T04:32:23Z
2026-08-02T04:32:20Z,2026-08-02T06:32:20+0200,7aafc1bd-8364-45d6-9e1e-5ae71b51b571,2026-07-12T15:30:00Z,2026-07-12T17:30:00+0200,8988.61,MW,BE,BE,actual_load,Actual Load,2026-08-02T04:32:23Z
2026-08-02T04:32:20Z,2026-08-02T06:32:20+0200,7aafc1bd-8364-45d6-9e1e-5ae71b51b571,2026-07-12T15:45:00Z,2026-07-12T17:45:00+0200,8988.88,MW,BE,BE,actual_load,Actual Load,2026-08-02T04:32:23Z
2026-08-02T04:32:20Z,2026-08-02T06:32:20+0200,7aafc1bd-8364-45d6-9e1e-5ae71b51b571,2026-07-12T16:00:00Z,2026-07-12T18:00:00+0200,8991.95,MW,BE,BE,actual_load,Actual Load,2026-08-02T04:32:23Z
2026-08-02T04:32:20Z,2026-08-02T06:32:20+0200,7aafc1bd-8364-45d6-9e1e-5ae71b51b571,2026-07-12T16:15:00Z,2026-07-12T18:15:00+0200,9051.79,MW,BE,BE,actual_load,Actual Load,2026-08-02T04:32:23Z
2026-08-02T04:32:20Z,2026-08-02T06:32:20+0200,7aafc1bd-8364-45d6-9e1e-5ae71b51b571,2026-07-12T16:30:00Z,2026-07-12T18:30:00+0200,9171.13,MW,BE,BE,actual_load,Actual Load,2026-08-02T04:32:23Z
2026-08-02T04:32:20Z,2026-08-02T06:32:20+0200,7aafc1bd-8364-45d6-9e1e-5ae71b51b571,2026-07-12T16:45:00Z,2026-07-12T18:45:00+0200,9100.18,MW,BE,BE,actual_load,Actual Load,2026-08-02T04:32:23Z
2026-08-02T04:32:20Z,2026-08-02T06:32:20+0200,7aafc1bd-8364-45d6-9e1e-5ae71b51b571,2026-07-12T17:00:00Z,2026-07-12T19:00:00+0200,9160.9,MW,BE,BE,actual_load,Actual Load,2026-08-02T04:32:23Z
2026-08-02T04:32:20Z,2026-08-02T06:32:20+0200,7aafc1bd-8364-45d6-9e1e-5ae71b51b571,2026-07-12T17:15:00Z,2026-07-12T19:15:00+0200,9189.59,MW,BE,BE,actual_load,Actual Load,2026-08-02T04:32:23Z
2026-08-02T04:32:20Z,2026-08-02T06:32:20+0200,7aafc1bd-8364-45d6-9e1e-5ae71b51b571,2026-07-12T17:30:00Z,2026-07-12T19:30:00+0200,9123.35,MW,BE,BE,actual_load,Actual Load,2026-08-02T04:32:23Z
2026-08-02T04:32:20Z,2026-08-02T06:32:20+0200,7aafc1bd-8364-45d6-9e1e-5ae71b51b571,2026-07-12T17:45:00Z,2026-07-12T19:45:00+0200,9076.6,MW,BE,BE,actual_load,Actual Load,2026-08-02T04:32:23Z
2026-08-02T04:32:20Z,2026-08-02T06:32:20+0200,7aafc1bd-8364-45d6-9e1e-5ae71b51b571,2026-07-12T18:00:00Z,2026-07-12T20:00:00+0200,9236.79,MW,BE,BE,actual_load,Actual Load,2026-08-02T04:32:23Z
2026-08-02T04:32:20Z,2026-08-02T06:32:20+0200,7aafc1bd-8364-45d6-9e1e-5ae71b51b571,2026-07-12T18:15:00Z,2026-07-12T20:15:00+0200,9116.34,MW,BE,BE,actual_load,Actual Load,2026-08-02T04:32:23Z
2026-08-02T04:32:20Z,2026-08-02T06:32:20+0200,7aafc1bd-8364-45d6-9e1e-5ae71b51b571,2026-07-12T18:30:00Z,2026-07-12T20:30:00+0200,9112.62,MW,BE,BE,actual_load,Actual Load,2026-08-02T04:32:23Z
2026-08-02T04:32:20Z,2026-08-02T06:32:20+0200,7aafc1bd-8364-45d6-9e1e-5ae71b51b571,2026-07-12T18:45:00Z,2026-07-12T20:45:00+0200,9178.91,MW,BE,BE,actual_load,Actual Load,2026-08-02T04:32:23Z
2026-08-02T04:32:20Z,2026-08-02T06:32:20+0200,7aafc1bd-8364-45d6-9e1e-5ae71b51b571,2026-07-12T19:00:00Z,2026-07-12T21:00:00+0200,9205.13,MW,BE,BE,actual_load,Actual Load,2026-08-02T04:32:23Z
2026-08-02T04:32:20Z,2026-08-02T06:32:20+0200,7aafc1bd-8364-45d6-9e1e-5ae71b51b571,2026-07-12T19:15:00Z,2026-07-12T21:15:00+0200,9094.62,MW,BE,BE,actual_load,Actual Load,2026-08-02T04:32:23Z
2026-08-02T04:32:20Z,2026-08-02T06:32:20+0200,7aafc1bd-8364-45d6-9e1e-5ae71b51b571,2026-07-12T19:30:00Z,2026-07-12T21:30:00+0200,9045.18,MW,BE,BE,actual_load,Actual Load,2026-08-02T04:32:23Z
2026-08-02T04:32:20Z,2026-08-02T06:32:20+0200,7aafc1bd-8364-45d6-9e1e-5ae71b51b571,2026-07-12T19:45:00Z,2026-07-12T21:45:00+0200,8955.58,MW,BE,BE,actual_load,Actual Load,2026-08-02T04:32:23Z
2026-08-02T04:32:20Z,2026-08-02T06:32:20+0200,7aafc1bd-8364-45d6-9e1e-5ae71b51b571,2026-07-12T20:00:00Z,2026-07-12T22:00:00+0200,9001.23,MW,BE,BE,actual_load,Actual Load,2026-08-02T04:32:23Z
2026-08-02T04:32:20Z,2026-08-02T06:32:20+0200,7aafc1bd-8364-45d6-9e1e-5ae71b51b571,2026-07-12T20:15:00Z,2026-07-12T22:15:00+0200,9009.79,MW,BE,BE,actual_load,Actual Load,2026-08-02T04:32:23Z
2026-08-02T04:32:20Z,2026-08-02T06:32:20+0200,7aafc1bd-8364-45d6-9e1e-5ae71b51b571,2026-07-12T20:30:00Z,2026-07-12T22:30:00+0200,8843.61,MW,BE,BE,actual_load,Actual Load,2026-08-02T04:32:23Z
2026-08-02T04:32:20Z,2026-08-02T06:32:20+0200,7aafc1bd-8364-45d6-9e1e-5ae71b51b571,2026-07-12T20:45:00Z,2026-07-12T22:45:00+0200,8533.77,MW,BE,BE,actual_load,Actual Load,2026-08-02T04:32:23Z
2026-08-02T04:32:20Z,2026-08-02T06:32:20+0200,7aafc1bd-8364-45d6-9e1e-5ae71b51b571,2026-07-12T21:00:00Z,2026-07-12T23:00:00+0200,8548.29,MW,BE,BE,actual_load,Actual Load,2026-08-02T04:32:23Z
2026-08-02T04:32:20Z,2026-08-02T06:32:20+0200,7aafc1bd-8364-45d6-9e1e-5ae71b51b571,2026-07-12T21:15:00Z,2026-07-12T23:15:00+0200,8473.66,MW,BE,BE,actual_load,Actual Load,2026-08-02T04:32:23Z
2026-08-02T04:32:20Z,2026-08-02T06:32:20+0200,7aafc1bd-8364-45d6-9e1e-5ae71b51b571,2026-07-12T21:30:00Z,2026-07-12T23:30:00+0200,8532.13,MW,BE,BE,actual_load,Actual Load,2026-08-02T04:32:23Z
2026-08-02T04:32:20Z,2026-08-02T06:32:20+0200,7aafc1bd-8364-45d6-9e1e-5ae71b51b571,2026-07-12T21:45:00Z,2026-07-12T23:45:00+0200,8403.17,MW,BE,BE,actual_load,Actual Load,2026-08-02T04:32:23Z
2026-08-02T04:32:20Z,2026-08-02T06:32:20+0200,7aafc1bd-8364-45d6-9e1e-5ae71b51b571,2026-07-12T22:00:00Z,2026-07-13T00:00:00+0200,8384.75,MW,BE,BE,actual_load,Actual Load,2026-08-02T04:32:23Z
2026-08-02T04:32:20Z,2026-08-02T06:32:20+0200,7aafc1bd-8364-45d6-9e1e-5ae71b51b571,2026-07-12T22:15:00Z,2026-07-13T00:15:00+0200,8285.05,MW,BE,BE,actual_load,Actual Load,2026-08-02T04:32:23Z
2026-08-02T04:32:20Z,2026-08-02T06:32:20+0200,7aafc1bd-8364-45d6-9e1e-5ae71b51b571,2026-07-12T22:30:00Z,2026-07-13T00:30:00+0200,8233.61,MW,BE,BE,actual_load,Actual Load,2026-08-02T04:32:23Z
2026-08-02T04:32:20Z,2026-08-02T06:32:20+0200,7aafc1bd-8364-45d6-9e1e-5ae71b51b571,2026-07-12T22:45:00Z,2026-07-13T00:45:00+0200,8145.66,MW,BE,BE,actual_load,Actual Load,2026-08-02T04:32:23Z
2026-08-02T04:32:20Z,2026-08-02T06:32:20+0200,7aafc1bd-8364-45d6-9e1e-5ae71b51b571,2026-07-12T23:00:00Z,2026-07-13T01:00:00+0200,8066.34,MW,BE,BE,actual_load,Actual Load,2026-08-02T04:32:23Z
2026-08-02T04:32:20Z,2026-08-02T06:32:20+0200,7aafc1bd-8364-45d6-9e1e-5ae71b51b571,2026-07-12T23:15:00Z,2026-07-13T01:15:00+0200,7928.76,MW,BE,BE,actual_load,Actual Load,2026-08-02T04:32:23Z
2026-08-02T04:32:20Z,2026-08-02T06:32:20+0200,7aafc1bd-8364-45d6-9e1e-5ae71b51b571,2026-07-12T23:30:00Z,2026-07-13T01:30:00+0200,7928.45,MW,BE,BE,actual_load,Actual Load,2026-08-02T04:32:23Z
2026-08-02T04:32:20Z,2026-08-02T06:32:20+0200,7aafc1bd-8364-45d6-9e1e-5ae71b51b571,2026-07-12T23:45:00Z,2026-07-13T01:45:00+0200,7777.71,MW,BE,BE,actual_load,Actual Load,2026-08-02T04:32:23Z
2026-08-02T04:32:20Z,2026-08-02T06:32:20+0200,7aafc1bd-8364-45d6-9e1e-5ae71b51b571,2026-07-13T00:00:00Z,2026-07-13T02:00:00+0200,7726.29,MW,BE,BE,actual_load,Actual Load,2026-08-02T04:32:23Z
2026-08-02T04:32:20Z,2026-08-02T06:32:20+0200,7aafc1bd-8364-45d6-9e1e-5ae71b51b571,2026-07-13T00:15:00Z,2026-07-13T02:15:00+0200,7595.03,MW,BE,BE,actual_load,Actual Load,2026-08-02T04:32:23Z
2026-08-02T04:32:20Z,2026-08-02T06:32:20+0200,7aafc1bd-8364-45d6-9e1e-5ae71b51b571,2026-07-13T00:30:00Z,2026-07-13T02:30:00+0200,7577.25,MW,BE,BE,actual_load,Actual Load,2026-08-02T04:32:23Z
2026-08-02T04:32:20Z,2026-08-02T06:32:20+0200,7aafc1bd-8364-45d6-9e1e-5ae71b51b571,2026-07-13T00:45:00Z,2026-07-13T02:45:00+0200,7527.31,MW,BE,BE,actual_load,Actual Load,2026-08-02T04:32:23Z
2026-08-02T04:32:20Z,2026-08-02T06:32:20+0200,7aafc1bd-8364-45d6-9e1e-5ae71b51b571,2026-07-13T01:00:00Z,2026-07-13T03:00:00+0200,7541.41,MW,BE,BE,actual_load,Actual Load,2026-08-02T04:32:23Z
2026-08-02T04:32:20Z,2026-08-02T06:32:20+0200,7aafc1bd-8364-45d6-9e1e-5ae71b51b571,2026-07-13T01:15:00Z,2026-07-13T03:15:00+0200,7610.5,MW,BE,BE,actual_load,Actual Load,2026-08-02T04:32:23Z
2026-08-02T04:32:20Z,2026-08-02T06:32:20+0200,7aafc1bd-8364-45d6-9e1e-5ae71b51b571,2026-07-13T01:30:00Z,2026-07-13T03:30:00+0200,7510.98,MW,BE,BE,actual_load,Actual Load,2026-08-02T04:32:23Z
2026-08-02T04:32:20Z,2026-08-02T06:32:20+0200,7aafc1bd-8364-45d6-9e1e-5ae71b51b571,2026-07-13T01:45:00Z,2026-07-13T03:45:00+0200,7552.29,MW,BE,BE,actual_load,Actual Load,2026-08-02T04:32:23Z
2026-08-02T04:32:20Z,2026-08-02T06:32:20+0200,7aafc1bd-8364-45d6-9e1e-5ae71b51b571,2026-07-13T02:00:00Z,2026-07-13T04:00:00+0200,7662.62,MW,BE,BE,actual_load,Actual Load,2026-08-02T04:32:23Z
2026-08-02T04:32:20Z,2026-08-02T06:32:20+0200,7aafc1bd-8364-45d6-9e1e-5ae71b51b571,2026-07-13T02:15:00Z,2026-07-13T04:15:00+0200,7559.06,MW,BE,BE,actual_load,Actual Load,2026-08-02T04:32:23Z
2026-08-02T04:32:20Z,2026-08-02T06:32:20+0200,7aafc1bd-8364-45d6-9e1e-5ae71b51b571,2026-07-13T02:30:00Z,2026-07-13T04:30:00+0200,7614.68,MW,BE,BE,actual_load,Actual Load,2026-08-02T04:32:23Z
2026-08-02T04:32:20Z,2026-08-02T06:32:20+0200,7aafc1bd-8364-45d6-9e1e-5ae71b51b571,2026-07-13T02:45:00Z,2026-07-13T04:45:00+0200,7705.65,MW,BE,BE,actual_load,Actual Load,2026-08-02T04:32:23Z
2026-08-02T04:32:20Z,2026-08-02T06:32:20+0200,7aafc1bd-8364-45d6-9e1e-5ae71b51b571,2026-07-13T03:00:00Z,2026-07-13T05:00:00+0200,7756.56,MW,BE,BE,actual_load,Actual Load,2026-08-02T04:32:23Z
2026-08-02T04:32:20Z,2026-08-02T06:32:20+0200,7aafc1bd-8364-45d6-9e1e-5ae71b51b571,2026-07-13T03:15:00Z,2026-07-13T05:15:00+0200,7792.86,MW,BE,BE,actual_load,Actual Load,2026-08-02T04:32:23Z
2026-08-02T04:32:20Z,2026-08-02T06:32:20+0200,7aafc1bd-8364-45d6-9e1e-5ae71b51b571,2026-07-13T03:30:00Z,2026-07-13T05:30:00+0200,7900.55,MW,BE,BE,actual_load,Actual Load,2026-08-02T04:32:23Z
2026-08-02T04:32:20Z,2026-08-02T06:32:20+0200,7aafc1bd-8364-45d6-9e1e-5ae71b51b571,2026-07-13T03:45:00Z,2026-07-13T05:45:00+0200,8040.94,MW,BE,BE,actual_load,Actual Load,2026-08-02T04:32:23Z
2026-08-02T04:32:20Z,2026-08-02T06:32:20+0200,7aafc1bd-8364-45d6-9e1e-5ae71b51b571,2026-07-13T04:00:00Z,2026-07-13T06:00:00+0200,8222.75,MW,BE,BE,actual_load,Actual Load,2026-08-02T04:32:23Z
2026-08-02T04:32:20Z,2026-08-02T06:32:20+0200,7aafc1bd-8364-45d6-9e1e-5ae71b51b571,2026-07-13T04:15:00Z,2026-07-13T06:15:00+0200,8358.36,MW,BE,BE,actual_load,Actual Load,2026-08-02T04:32:23Z
2026-08-02T04:32:20Z,2026-08-02T06:32:20+0200,7aafc1bd-8364-45d6-9e1e-5ae71b51b571,2026-07-13T04:30:00Z,2026-07-13T06:30:00+0200,8568.84,MW,BE,BE,actual_load,Actual Load,2026-08-02T04:32:23Z
2026-08-02T04:32:20Z,2026-08-02T06:32:20+0200,7aafc1bd-8364-45d6-9e1e-5ae71b51b571,2026-07-13T04:45:00Z,2026-07-13T06:45:00+0200,8622.1,MW,BE,BE,actual_load,Actual Load,2026-08-02T04:32:23Z
2026-08-02T04:32:20Z,2026-08-02T06:32:20+0200,7aafc1bd-8364-45d6-9e1e-5ae71b51b571,2026-07-13T05:00:00Z,2026-07-13T07:00:00+0200,8878.03,MW,BE,BE,actual_load,Actual Load,2026-08-02T04:32:23Z
2026-08-02T04:32:20Z,2026-08-02T06:32:20+0200,7aafc1bd-8364-45d6-9e1e-5ae71b51b571,2026-07-13T05:15:00Z,2026-07-13T07:15:00+0200,9054.09,MW,BE,BE,actual_load,Actual Load,2026-08-02T04:32:23Z
2026-08-02T04:32:20Z,2026-08-02T06:32:20+0200,7aafc1bd-8364-45d6-9e1e-5ae71b51b571,2026-07-13T05:30:00Z,2026-07-13T07:30:00+0200,9208.56,MW,BE,BE,actual_load,Actual Load,2026-08-02T04:32:23Z
2026-08-02T04:32:20Z,2026-08-02T06:32:20+0200,7aafc1bd-8364-45d6-9e1e-5ae71b51b571,2026-07-13T05:45:00Z,2026-07-13T07:45:00+0200,9345.73,MW,BE,BE,actual_load,Actual Load,2026-08-02T04:32:23Z
2026-08-02T04:32:20Z,2026-08-02T06:32:20+0200,7aafc1bd-8364-45d6-9e1e-5ae71b51b571,2026-07-13T06:00:00Z,2026-07-13T08:00:00+0200,9545.58,MW,BE,BE,actual_load,Actual Load,2026-08-02T04:32:23Z
2026-08-02T04:32:20Z,2026-08-02T06:32:20+0200,7aafc1bd-8364-45d6-9e1e-5ae71b51b571,2026-07-13T06:15:00Z,2026-07-13T08:15:00+0200,9822.98,MW,BE,BE,actual_load,Actual Load,2026-08-02T04:32:23Z
2026-08-02T04:32:20Z,2026-08-02T06:32:20+0200,7aafc1bd-8364-45d6-9e1e-5ae71b51b571,2026-07-13T06:30:00Z,2026-07-13T08:30:00+0200,9959.0,MW,BE,BE,actual_load,Actual Load,2026-08-02T04:32:23Z
2026-08-02T04:32:20Z,2026-08-02T06:32:20+0200,7aafc1bd-8364-45d6-9e1e-5ae71b51b571,2026-07-13T06:45:00Z,2026-07-13T08:45:00+0200,10056.12,MW,BE,BE,actual_load,Actual Load,2026-08-02T04:32:23Z
2026-08-02T04:32:20Z,2026-08-02T06:32:20+0200,7aafc1bd-8364-45d6-9e1e-5ae71b51b571,2026-07-13T07:00:00Z,2026-07-13T09:00:00+0200,10115.75,MW,BE,BE,actual_load,Actual Load,2026-08-02T04:32:23Z
2026-08-02T04:32:20Z,2026-08-02T06:32:20+0200,7aafc1bd-8364-45d6-9e1e-5ae71b51b571,2026-07-13T07:15:00Z,2026-07-13T09:15:00+0200,10219.12,MW,BE,BE,actual_load,Actual Load,2026-08-02T04:32:23Z
2026-08-02T04:32:20Z,2026-08-02T06:32:20+0200,7aafc1bd-8364-45d6-9e1e-5ae71b51b571,2026-07-13T07:30:00Z,2026-07-13T09:30:00+0200,10260.57,MW,BE,BE,actual_load,Actual Load,2026-08-02T04:32:23Z
2026-08-02T04:32:20Z,2026-08-02T06:32:20+0200,7aafc1bd-8364-45d6-9e1e-5ae71b51b571,2026-07-13T07:45:00Z,2026-07-13T09:45:00+0200,10371.85,MW,BE,BE,actual_load,Actual Load,2026-08-02T04:32:23Z
2026-08-02T04:32:20Z,2026-08-02T06:32:20+0200,7aafc1bd-8364-45d6-9e1e-5ae71b51b571,2026-07-13T08:00:00Z,2026-07-13T10:00:00+0200,10400.81,MW,BE,BE,actual_load,Actual Load,2026-08-02T04:32:23Z
2026-08-02T04:32:20Z,2026-08-02T06:32:20+0200,7aafc1bd-8364-45d6-9e1e-5ae71b51b571,2026-07-13T08:15:00Z,2026-07-13T10:15:00+0200,10441.94,MW,BE,BE,actual_load,Actual Load,2026-08-02T04:32:23Z
2026-08-02T04:32:20Z,2026-08-02T06:32:20+0200,7aafc1bd-8364-45d6-9e1e-5ae71b51b571,2026-07-13T08:30:00Z,2026-07-13T10:30:00+0200,10412.26,MW,BE,BE,actual_load,Actual Load,2026-08-02T04:32:23Z
2026-08-02T04:32:20Z,2026-08-02T06:32:20+0200,7aafc1bd-8364-45d6-9e1e-5ae71b51b571,2026-07-13T08:45:00Z,2026-07-13T10:45:00+0200,10431.49,MW,BE,BE,actual_load,Actual Load,2026-08-02T04:32:23Z
2026-08-02T04:32:20Z,2026-08-02T06:32:20+0200,7aafc1bd-8364-45d6-9e1e-5ae71b51b571,2026-07-13T09:00:00Z,2026-07-13T11:00:00+0200,10654.43,MW,BE,BE,actual_load,Actual Load,2026-08-02T04:32:23Z
2026-08-02T04:32:20Z,2026-08-02T06:32:20+0200,7aafc1bd-8364-45d6-9e1e-5ae71b51b571,2026-07-13T09:15:00Z,2026-07-13T11:15:00+0200,10712.67,MW,BE,BE,actual_load,Actual Load,2026-08-02T04:32:23Z
2026-08-02T04:32:20Z,2026-08-02T06:32:20+0200,7aafc1bd-8364-45d6-9e1e-5ae71b51b571,2026-07-13T09:30:00Z,2026-07-13T11:30:00+0200,10879.92,MW,BE,BE,actual_load,Actual Load,2026-08-02T04:32:23Z
2026-08-02T04:32:20Z,2026-08-02T06:32:20+0200,7aafc1bd-8364-45d6-9e1e-5ae71b51b571,2026-07-13T09:45:00Z,2026-07-13T11:45:00+0200,11056.94,MW,BE,BE,actual_load,Actual Load,2026-08-02T04:32:23Z
2026-08-02T04:32:20Z,2026-08-02T06:32:20+0200,7aafc1bd-8364-45d6-9e1e-5ae71b51b571,2026-07-13T10:00:00Z,2026-07-13T12:00:00+0200,10996.06,MW,BE,BE,actual_load,Actual Load,2026-08-02T04:32:23Z
2026-08-02T04:32:20Z,2026-08-02T06:32:20+0200,7aafc1bd-8364-45d6-9e1e-5ae71b51b571,2026-07-13T10:15:00Z,2026-07-13T12:15:00+0200,10941.75,MW,BE,BE,actual_load,Actual Load,2026-08-02T04:32:23Z
2026-08-02T04:32:20Z,2026-08-02T06:32:20+0200,7aafc1bd-8364-45d6-9e1e-5ae71b51b571,2026-07-13T10:30:00Z,2026-07-13T12:30:00+0200,10991.95,MW,BE,BE,actual_load,Actual Load,2026-08-02T04:32:23Z
2026-08-02T04:32:20Z,2026-08-02T06:32:20+0200,7aafc1bd-8364-45d6-9e1e-5ae71b51b571,2026-07-13T10:45:00Z,2026-07-13T12:45:00+0200,11098.02,MW,BE,BE,actual_load,Actual Load,2026-08-02T04:32:23Z
2026-08-02T04:32:20Z,2026-08-02T06:32:20+0200,7aafc1bd-8364-45d6-9e1e-5ae71b51b571,2026-07-13T11:00:00Z,2026-07-13T13:00:00+0200,11192.87,MW,BE,BE,actual_load,Actual Load,2026-08-02T04:32:23Z
2026-08-02T04:32:20Z,2026-08-02T06:32:20+0200,7aafc1bd-8364-45d6-9e1e-5ae71b51b571,2026-07-13T11:15:00Z,2026-07-13T13:15:00+0200,11245.72,MW,BE,BE,actual_load,Actual Load,2026-08-02T04:32:23Z
2026-08-02T04:32:20Z,2026-08-02T06:32:20+0200,7aafc1bd-8364-45d6-9e1e-5ae71b51b571,2026-07-13T11:30:00Z,2026-07-13T13:30:00+0200,11225.74,MW,BE,BE,actual_load,Actual Load,2026-08-02T04:32:23Z
2026-08-02T04:32:20Z,2026-08-02T06:32:20+0200,7aafc1bd-8364-45d6-9e1e-5ae71b51b571,2026-07-13T11:45:00Z,2026-07-13T13:45:00+0200,11169.38,MW,BE,BE,actual_load,Actual Load,2026-08-02T04:32:23Z
2026-08-02T04:32:20Z,2026-08-02T06:32:20+0200,7aafc1bd-8364-45d6-9e1e-5ae71b51b571,2026-07-13T12:00:00Z,2026-07-13T14:00:00+0200,10970.34,MW,BE,BE,actual_load,Actual Load,2026-08-02T04:32:23Z
2026-08-02T04:32:20Z,2026-08-02T06:32:20+0200,7aafc1bd-8364-45d6-9e1e-5ae71b51b571,2026-07-13T12:15:00Z,2026-07-13T14:15:00+0200,10754.95,MW,BE,BE,actual_load,Actual Load,2026-08-02T04:32:23Z
2026-08-02T04:32:20Z,2026-08-02T06:32:20+0200,7aafc1bd-8364-45d6-9e1e-5ae71b51b571,2026-07-13T12:30:00Z,2026-07-13T14:30:00+0200,10638.19,MW,BE,BE,actual_load,Actual Load,2026-08-02T04:32:23Z
2026-08-02T04:32:20Z,2026-08-02T06:32:20+0200,7aafc1bd-8364-45d6-9e1e-5ae71b51b571,2026-07-13T12:45:00Z,2026-07-13T14:45:00+0200,10774.76,MW,BE,BE,actual_load,Actual Load,2026-08-02T04:32:23Z
2026-08-02T04:32:20Z,2026-08-02T06:32:20+0200,7aafc1bd-8364-45d6-9e1e-5ae71b51b571,2026-07-13T13:00:00Z,2026-07-13T15:00:00+0200,10624.16,MW,BE,BE,actual_load,Actual Load,2026-08-02T04:32:23Z
2026-08-02T04:32:20Z,2026-08-02T06:32:20+0200,7aafc1bd-8364-45d6-9e1e-5ae71b51b571,2026-07-13T13:15:00Z,2026-07-13T15:15:00+0200,10607.97,MW,BE,BE,actual_load,Actual Load,2026-08-02T04:32:23Z
2026-08-02T04:32:20Z,2026-08-02T06:32:20+0200,7aafc1bd-8364-45d6-9e1e-5ae71b51b571,2026-07-13T13:30:00Z,2026-07-13T15:30:00+0200,10435.35,MW,BE,BE,actual_load,Actual Load,2026-08-02T04:32:23Z
2026-08-02T04:32:20Z,2026-08-02T06:32:20+0200,7aafc1bd-8364-45d6-9e1e-5ae71b51b571,2026-07-13T13:45:00Z,2026-07-13T15:45:00+0200,10262.44,MW,BE,BE,actual_load,Actual Load,2026-08-02T04:32:23Z
2026-08-02T04:32:20Z,2026-08-02T06:32:20+0200,7aafc1bd-8364-45d6-9e1e-5ae71b51b571,2026-07-13T14:00:00Z,2026-07-13T16:00:00+0200,10191.3,MW,BE,BE,actual_load,Actual Load,2026-08-02T04:32:23Z
2026-08-02T04:32:20Z,2026-08-02T06:32:20+0200,7aafc1bd-8364-45d6-9e1e-5ae71b51b571,2026-07-13T14:15:00Z,2026-07-13T16:15:00+0200,10085.77,MW,BE,BE,actual_load,Actual Load,2026-08-02T04:32:23Z
2026-08-02T04:32:20Z,2026-08-02T06:32:20+0200,7aafc1bd-8364-45d6-9e1e-5ae71b51b571,2026-07-13T14:30:00Z,2026-07-13T16:30:00+0200,10005.01,MW,BE,BE,actual_load,Actual Load,2026-08-02T04:32:23Z
2026-08-02T04:32:20Z,2026-08-02T06:32:20+0200,7aafc1bd-8364-45d6-9e1e-5ae71b51b571,2026-07-13T14:45:00Z,2026-07-13T16:45:00+0200,9962.44,MW,BE,BE,actual_load,Actual Load,2026-08-02T04:32:23Z
2026-08-02T04:32:20Z,2026-08-02T06:32:20+0200,7aafc1bd-8364-45d6-9e1e-5ae71b51b571,2026-07-13T15:00:00Z,2026-07-13T17:00:00+0200,10000.7,MW,BE,BE,actual_load,Actual Load,2026-08-02T04:32:23Z
2026-08-02T04:32:20Z,2026-08-02T06:32:20+0200,7aafc1bd-8364-45d6-9e1e-5ae71b51b571,2026-07-13T15:15:00Z,2026-07-13T17:15:00+0200,9943.24,MW,BE,BE,actual_load,Actual Load,2026-08-02T04:32:23Z
2026-08-02T04:32:20Z,2026-08-02T06:32:20+0200,7aafc1bd-8364-45d6-9e1e-5ae71b51b571,2026-07-13T15:30:00Z,2026-07-13T17:30:00+0200,10076.92,MW,BE,BE,actual_load,Actual Load,2026-08-02T04:32:23Z
2026-08-02T04:32:20Z,2026-08-02T06:32:20+0200,7aafc1bd-8364-45d6-9e1e-5ae71b51b571,2026-07-13T15:45:00Z,2026-07-13T17:45:00+0200,10059.4,MW,BE,BE,actual_load,Actual Load,2026-08-02T04:32:23Z
2026-08-02T04:32:20Z,2026-08-02T06:32:20+0200,7aafc1bd-8364-45d6-9e1e-5ae71b51b571,2026-07-13T16:00:00Z,2026-07-13T18:00:00+0200,10142.31,MW,BE,BE,actual_load,Actual Load,2026-08-02T04:32:23Z
2026-08-02T04:32:20Z,2026-08-02T06:32:20+0200,7aafc1bd-8364-45d6-9e1e-5ae71b51b571,2026-07-13T16:15:00Z,2026-07-13T18:15:00+0200,10125.66,MW,BE,BE,actual_load,Actual Load,2026-08-02T04:32:23Z
2026-08-02T04:32:20Z,2026-08-02T06:32:20+0200,7aafc1bd-8364-45d6-9e1e-5ae71b51b571,2026-07-13T16:30:00Z,2026-07-13T18:30:00+0200,10131.24,MW,BE,BE,actual_load,Actual Load,2026-08-02T04:32:23Z
2026-08-02T04:32:20Z,2026-08-02T06:32:20+0200,7aafc1bd-8364-45d6-9e1e-5ae71b51b571,2026-07-13T16:45:00Z,2026-07-13T18:45:00+0200,10081.33,MW,BE,BE,actual_load,Actual Load,2026-08-02T04:32:23Z
2026-08-02T04:32:20Z,2026-08-02T06:32:20+0200,7aafc1bd-8364-45d6-9e1e-5ae71b51b571,2026-07-13T17:00:00Z,2026-07-13T19:00:00+0200,10147.64,MW,BE,BE,actual_load,Actual Load,2026-08-02T04:32:23Z
2026-08-02T04:32:20Z,2026-08-02T06:32:20+0200,7aafc1bd-8364-45d6-9e1e-5ae71b51b571,2026-07-13T17:15:00Z,2026-07-13T19:15:00+0200,10067.02,MW,BE,BE,actual_load,Actual Load,2026-08-02T04:32:23Z
2026-08-02T04:32:20Z,2026-08-02T06:32:20+0200,7aafc1bd-8364-45d6-9e1e-5ae71b51b571,2026-07-13T17:30:00Z,2026-07-13T19:30:00+0200,10083.53,MW,BE,BE,actual_load,Actual Load,2026-08-02T04:32:23Z
2026-08-02T04:32:20Z,2026-08-02T06:32:20+0200,7aafc1bd-8364-45d6-9e1e-5ae71b51b571,2026-07-13T17:45:00Z,2026-07-13T19:45:00+0200,9981.78,MW,BE,BE,actual_load,Actual Load,2026-08-02T04:32:23Z
2026-08-02T04:32:20Z,2026-08-02T06:32:20+0200,7aafc1bd-8364-45d6-9e1e-5ae71b51b571,2026-07-13T18:00:00Z,2026-07-13T20:00:00+0200,9897.02,MW,BE,BE,actual_load,Actual Load,2026-08-02T04:32:23Z
2026-08-02T04:32:20Z,2026-08-02T06:32:20+0200,7aafc1bd-8364-45d6-9e1e-5ae71b51b571,2026-07-13T18:15:00Z,2026-07-13T20:15:00+0200,9766.06,MW,BE,BE,actual_load,Actual Load,2026-08-02T04:32:23Z
2026-08-02T04:32:20Z,2026-08-02T06:32:20+0200,7aafc1bd-8364-45d6-9e1e-5ae71b51b571,2026-07-13T18:30:00Z,2026-07-13T20:30:00+0200,9685.03,MW,BE,BE,actual_load,Actual Load,2026-08-02T04:32:23Z
2026-08-02T04:32:20Z,2026-08-02T06:32:20+0200,7aafc1bd-8364-45d6-9e1e-5ae71b51b571,2026-07-13T18:45:00Z,2026-07-13T20:45:00+0200,9518.86,MW,BE,BE,actual_load,Actual Load,2026-08-02T04:32:23Z
2026-08-02T04:32:20Z,2026-08-02T06:32:20+0200,7aafc1bd-8364-45d6-9e1e-5ae71b51b571,2026-07-13T19:00:00Z,2026-07-13T21:00:00+0200,9469.01,MW,BE,BE,actual_load,Actual Load,2026-08-02T04:32:23Z
2026-08-02T04:32:20Z,2026-08-02T06:32:20+0200,7aafc1bd-8364-45d6-9e1e-5ae71b51b571,2026-07-13T19:15:00Z,2026-07-13T21:15:00+0200,9380.71,MW,BE,BE,actual_load,Actual Load,2026-08-02T04:32:23Z
2026-08-02T04:32:20Z,2026-08-02T06:32:20+0200,7aafc1bd-8364-45d6-9e1e-5ae71b51b571,2026-07-13T19:30:00Z,2026-07-13T21:30:00+0200,9450.67,MW,BE,BE,actual_load,Actual Load,2026-08-02T04:32:23Z
2026-08-02T04:32:20Z,2026-08-02T06:32:20+0200,7aafc1bd-8364-45d6-9e1e-5ae71b51b571,2026-07-13T19:45:00Z,2026-07-13T21:45:00+0200,9470.13,MW,BE,BE,actual_load,Actual Load,2026-08-02T04:32:23Z
2026-08-02T04:32:20Z,2026-08-02T06:32:20+0200,7aafc1bd-8364-45d6-9e1e-5ae71b51b571,2026-07-13T20:00:00Z,2026-07-13T22:00:00+0200,9417.42,MW,BE,BE,actual_load,Actual Load,2026-08-02T04:32:23Z
2026-08-02T04:32:20Z,2026-08-02T06:32:20+0200,7aafc1bd-8364-45d6-9e1e-5ae71b51b571,2026-07-13T20:15:00Z,2026-07-13T22:15:00+0200,9494.91,MW,BE,BE,actual_load,Actual Load,2026-08-02T04:32:23Z
2026-08-02T04:32:20Z,2026-08-02T06:32:20+0200,7aafc1bd-8364-45d6-9e1e-5ae71b51b571,2026-07-13T20:30:00Z,2026-07-13T22:30:00+0200,9390.26,MW,BE,BE,actual_load,Actual Load,2026-08-02T04:32:23Z
2026-08-02T04:32:20Z,2026-08-02T06:32:20+0200,7aafc1bd-8364-45d6-9e1e-5ae71b51b571,2026-07-13T20:45:00Z,2026-07-13T22:45:00+0200,9216.17,MW,BE,BE,actual_load,Actual Load,2026-08-02T04:32:23Z
2026-08-02T04:32:20Z,2026-08-02T06:32:20+0200,7aafc1bd-8364-45d6-9e1e-5ae71b51b571,2026-07-13T21:00:00Z,2026-07-13T23:00:00+0200,9101.79,MW,BE,BE,actual_load,Actual Load,2026-08-02T04:32:23Z
2026-08-02T04:32:20Z,2026-08-02T06:32:20+0200,7aafc1bd-8364-45d6-9e1e-5ae71b51b571,2026-07-13T21:15:00Z,2026-07-13T23:15:00+0200,9030.92,MW,BE,BE,actual_load,Actual Load,2026-08-02T04:32:23Z
2026-08-02T04:32:20Z,2026-08-02T06:32:20+0200,7aafc1bd-8364-45d6-9e1e-5ae71b51b571,2026-07-13T21:30:00Z,2026-07-13T23:30:00+0200,8865.23,MW,BE,BE,actual_load,Actual Load,2026-08-02T04:32:23Z
2026-08-02T04:32:20Z,2026-08-02T06:32:20+0200,7aafc1bd-8364-45d6-9e1e-5ae71b51b571,2026-07-13T21:45:00Z,2026-07-13T23:45:00+0200,8623.17,MW,BE,BE,actual_load,Actual Load,2026-08-02T04:32:23Z
2026-08-02T04:32:20Z,2026-08-02T06:32:20+0200,7aafc1bd-8364-45d6-9e1e-5ae71b51b571,2026-07-13T22:00:00Z,2026-07-14T00:00:00+0200,8626.67,MW,BE,BE,actual_load,Actual Load,2026-08-02T04:32:23Z
2026-08-02T04:32:20Z,2026-08-02T06:32:20+0200,7aafc1bd-8364-45d6-9e1e-5ae71b51b571,2026-07-13T22:15:00Z,2026-07-14T00:15:00+0200,8506.18,MW,BE,BE,actual_load,Actual Load,2026-08-02T04:32:23Z
2026-08-02T04:32:20Z,2026-08-02T06:32:20+0200,7aafc1bd-8364-45d6-9e1e-5ae71b51b571,2026-07-13T22:30:00Z,2026-07-14T00:30:00+0200,8390.82,MW,BE,BE,actual_load,Actual Load,2026-08-02T04:32:23Z
2026-08-02T04:32:20Z,2026-08-02T06:32:20+0200,7aafc1bd-8364-45d6-9e1e-5ae71b51b571,2026-07-13T22:45:00Z,2026-07-14T00:45:00+0200,8307.39,MW,BE,BE,actual_load,Actual Load,2026-08-02T04:32:23Z
2026-08-02T04:32:20Z,2026-08-02T06:32:20+0200,7aafc1bd-8364-45d6-9e1e-5ae71b51b571,2026-07-13T23:00:00Z,2026-07-14T01:00:00+0200,8179.26,MW,BE,BE,actual_load,Actual Load,2026-08-02T04:32:23Z
2026-08-02T04:32:20Z,2026-08-02T06:32:20+0200,7aafc1bd-8364-45d6-9e1e-5ae71b51b571,2026-07-13T23:15:00Z,2026-07-14T01:15:00+0200,8153.61,MW,BE,BE,actual_load,Actual Load,2026-08-02T04:32:23Z
2026-08-02T04:32:20Z,2026-08-02T06:32:20+0200,7aafc1bd-8364-45d6-9e1e-5ae71b51b571,2026-07-13T23:30:00Z,2026-07-14T01:30:00+0200,8087.61,MW,BE,BE,actual_load,Actual Load,2026-08-02T04:32:23Z
2026-08-02T04:32:20Z,2026-08-02T06:32:20+0200,7aafc1bd-8364-45d6-9e1e-5ae71b51b571,2026-07-13T23:45:00Z,2026-07-14T01:45:00+0200,7894.58,MW,BE,BE,actual_load,Actual Load,2026-08-02T04:32:23Z
2026-08-02T04:32:20Z,2026-08-02T06:32:20+0200,7aafc1bd-8364-45d6-9e1e-5ae71b51b571,2026-07-14T00:00:00Z,2026-07-14T02:00:00+0200,7858.36,MW,BE,BE,actual_load,Actual Load,2026-08-02T04:32:23Z
2026-08-02T04:32:20Z,2026-08-02T06:32:20+0200,7aafc1bd-8364-45d6-9e1e-5ae71b51b571,2026-07-14T00:15:00Z,2026-07-14T02:15:00+0200,7879.17,MW,BE,BE,actual_load,Actual Load,2026-08-02T04:32:23Z
2026-08-02T04:32:20Z,2026-08-02T06:32:20+0200,7aafc1bd-8364-45d6-9e1e-5ae71b51b571,2026-07-14T00:30:00Z,2026-07-14T02:30:00+0200,7937.14,MW,BE,BE,actual_load,Actual Load,2026-08-02T04:32:23Z
2026-08-02T04:32:20Z,2026-08-02T06:32:20+0200,7aafc1bd-8364-45d6-9e1e-5ae71b51b571,2026-07-14T00:45:00Z,2026-07-14T02:45:00+0200,7880.03,MW,BE,BE,actual_load,Actual Load,2026-08-02T04:32:23Z
2026-08-02T04:32:20Z,2026-08-02T06:32:20+0200,7aafc1bd-8364-45d6-9e1e-5ae71b51b571,2026-07-14T01:00:00Z,2026-07-14T03:00:00+0200,7936.02,MW,BE,BE,actual_load,Actual Load,2026-08-02T04:32:23Z
2026-08-02T04:32:20Z,2026-08-02T06:32:20+0200,7aafc1bd-8364-45d6-9e1e-5ae71b51b571,2026-07-14T01:15:00Z,2026-07-14T03:15:00+0200,7918.43,MW,BE,BE,actual_load,Actual Load,2026-08-02T04:32:23Z
2026-08-02T04:32:20Z,2026-08-02T06:32:20+0200,7aafc1bd-8364-45d6-9e1e-5ae71b51b571,2026-07-14T01:30:00Z,2026-07-14T03:30:00+0200,7841.16,MW,BE,BE,actual_load,Actual Load,2026-08-02T04:32:23Z
2026-08-02T04:32:20Z,2026-08-02T06:32:20+0200,7aafc1bd-8364-45d6-9e1e-5ae71b51b571,2026-07-14T01:45:00Z,2026-07-14T03:45:00+0200,7860.23,MW,BE,BE,actual_load,Actual Load,2026-08-02T04:32:23Z
2026-08-02T04:32:20Z,2026-08-02T06:32:20+0200,7aafc1bd-8364-45d6-9e1e-5ae71b51b571,2026-07-14T02:00:00Z,2026-07-14T04:00:00+0200,7881.57,MW,BE,BE,actual_load,Actual Load,2026-08-02T04:32:23Z
2026-08-02T04:32:20Z,2026-08-02T06:32:20+0200,7aafc1bd-8364-45d6-9e1e-5ae71b51b571,2026-07-14T02:15:00Z,2026-07-14T04:15:00+0200,7840.99,MW,BE,BE,actual_load,Actual Load,2026-08-02T04:32:23Z
2026-08-02T04:32:20Z,2026-08-02T06:32:20+0200,7aafc1bd-8364-45d6-9e1e-5ae71b51b571,2026-07-14T02:30:00Z,2026-07-14T04:30:00+0200,7867.53,MW,BE,BE,actual_load,Actual Load,2026-08-02T04:32:23Z
2026-08-02T04:32:20Z,2026-08-02T06:32:20+0200,7aafc1bd-8364-45d6-9e1e-5ae71b51b571,2026-07-14T02:45:00Z,2026-07-14T04:45:00+0200,7896.62,MW,BE,BE,actual_load,Actual Load,2026-08-02T04:32:23Z
2026-08-02T04:32:20Z,2026-08-02T06:32:20+0200,7aafc1bd-8364-45d6-9e1e-5ae71b51b571,2026-07-14T03:00:00Z,2026-07-14T05:00:00+0200,8014.35,MW,BE,BE,actual_load,Actual Load,2026-08-02T04:32:23Z
2026-08-02T04:32:20Z,2026-08-02T06:32:20+0200,7aafc1bd-8364-45d6-9e1e-5ae71b51b571,2026-07-14T03:15:00Z,2026-07-14T05:15:00+0200,8063.44,MW,BE,BE,actual_load,Actual Load,2026-08-02T04:32:23Z
2026-08-02T04:32:20Z,2026-08-02T06:32:20+0200,7aafc1bd-8364-45d6-9e1e-5ae71b51b571,2026-07-14T03:30:00Z,2026-07-14T05:30:00+0200,8128.49,MW,BE,BE,actual_load,Actual Load,2026-08-02T04:32:23Z
2026-08-02T04:32:20Z,2026-08-02T06:32:20+0200,7aafc1bd-8364-45d6-9e1e-5ae71b51b571,2026-07-14T03:45:00Z,2026-07-14T05:45:00+0200,8211.44,MW,BE,BE,actual_load,Actual Load,2026-08-02T04:32:23Z
2026-08-02T04:32:20Z,2026-08-02T06:32:20+0200,7aafc1bd-8364-45d6-9e1e-5ae71b51b571,2026-07-14T04:00:00Z,2026-07-14T06:00:00+0200,8482.28,MW,BE,BE,actual_load,Actual Load,2026-08-02T04:32:23Z
2026-08-02T04:32:20Z,2026-08-02T06:32:20+0200,7aafc1bd-8364-45d6-9e1e-5ae71b51b571,2026-07-14T04:15:00Z,2026-07-14T06:15:00+0200,8604.52,MW,BE,BE,actual_load,Actual Load,2026-08-02T04:32:23Z
2026-08-02T04:32:20Z,2026-08-02T06:32:20+0200,7aafc1bd-8364-45d6-9e1e-5ae71b51b571,2026-07-14T04:30:00Z,2026-07-14T06:30:00+0200,8769.54,MW,BE,BE,actual_load,Actual Load,2026-08-02T04:32:23Z
2026-08-02T04:32:20Z,2026-08-02T06:32:20+0200,7aafc1bd-8364-45d6-9e1e-5ae71b51b571,2026-07-14T04:45:00Z,2026-07-14T06:45:00+0200,8943.4,MW,BE,BE,actual_load,Actual Load,2026-08-02T04:32:23Z
2026-08-02T04:32:20Z,2026-08-02T06:32:20+0200,7aafc1bd-8364-45d6-9e1e-5ae71b51b571,2026-07-14T05:00:00Z,2026-07-14T07:00:00+0200,9085.26,MW,BE,BE,actual_load,Actual Load,2026-08-02T04:32:23Z
2026-08-02T04:32:20Z,2026-08-02T06:32:20+0200,7aafc1bd-8364-45d6-9e1e-5ae71b51b571,2026-07-14T05:15:00Z,2026-07-14T07:15:00+0200,9317.57,MW,BE,BE,actual_load,Actual Load,2026-08-02T04:32:23Z
2026-08-02T04:32:20Z,2026-08-02T06:32:20+0200,7aafc1bd-8364-45d6-9e1e-5ae71b51b571,2026-07-14T05:30:00Z,2026-07-14T07:30:00+0200,9440.92,MW,BE,BE,actual_load,Actual Load,2026-08-02T04:32:23Z
2026-08-02T04:32:20Z,2026-08-02T06:32:20+0200,7aafc1bd-8364-45d6-9e1e-5ae71b51b571,2026-07-14T05:45:00Z,2026-07-14T07:45:00+0200,9604.25,MW,BE,BE,actual_load,Actual Load,2026-08-02T04:32:23Z
2026-08-02T04:32:20Z,2026-08-02T06:32:20+0200,7aafc1bd-8364-45d6-9e1e-5ae71b51b571,2026-07-14T06:00:00Z,2026-07-14T08:00:00+0200,9649.43,MW,BE,BE,actual_load,Actual Load,2026-08-02T04:32:23Z
2026-08-02T04:32:20Z,2026-08-02T06:32:20+0200,7aafc1bd-8364-45d6-9e1e-5ae71b51b571,2026-07-14T06:15:00Z,2026-07-14T08:15:00+0200,9825.82,MW,BE,BE,actual_load,Actual Load,2026-08-02T04:32:23Z
2026-08-02T04:32:20Z,2026-08-02T06:32:20+0200,7aafc1bd-8364-45d6-9e1e-5ae71b51b571,2026-07-14T06:30:00Z,2026-07-14T08:30:00+0200,10055.69,MW,BE,BE,actual_load,Actual Load,2026-08-02T04:32:23Z
2026-08-02T04:32:20Z,2026-08-02T06:32:20+0200,7aafc1bd-8364-45d6-9e1e-5ae71b51b571,2026-07-14T06:45:00Z,2026-07-14T08:45:00+0200,10239.65,MW,BE,BE,actual_load,Actual Load,2026-08-02T04:32:23Z
2026-08-02T04:32:20Z,2026-08-02T06:32:20+0200,7aafc1bd-8364-45d6-9e1e-5ae71b51b571,2026-07-14T07:00:00Z,2026-07-14T09:00:00+0200,10332.2,MW,BE,BE,actual_load,Actual Load,2026-08-02T04:32:23Z
2026-08-02T04:32:20Z,2026-08-02T06:32:20+0200,7aafc1bd-8364-45d6-9e1e-5ae71b51b571,2026-07-14T07:15:00Z,2026-07-14T09:15:00+0200,10413.55,MW,BE,BE,actual_load,Actual Load,2026-08-02T04:32:23Z
2026-08-02T04:32:20Z,2026-08-02T06:32:20+0200,7aafc1bd-8364-45d6-9e1e-5ae71b51b571,2026-07-14T07:30:00Z,2026-07-14T09:30:00+0200,10573.74,MW,BE,BE,actual_load,Actual Load,2026-08-02T04:32:23Z
2026-08-02T04:32:20Z,2026-08-02T06:32:20+0200,7aafc1bd-8364-45d6-9e1e-5ae71b51b571,2026-07-14T07:45:00Z,2026-07-14T09:45:00+0200,10521.37,MW,BE,BE,actual_load,Actual Load,2026-08-02T04:32:23Z
2026-08-02T04:32:20Z,2026-08-02T06:32:20+0200,7aafc1bd-8364-45d6-9e1e-5ae71b51b571,2026-07-14T08:00:00Z,2026-07-14T10:00:00+0200,10550.92,MW,BE,BE,actual_load,Actual Load,2026-08-02T04:32:23Z
2026-08-02T04:32:20Z,2026-08-02T06:32:20+0200,7aafc1bd-8364-45d6-9e1e-5ae71b51b571,2026-07-14T08:15:00Z,2026-07-14T10:15:00+0200,10661.19,MW,BE,BE,actual_load,Actual Load,2026-08-02T04:32:23Z
2026-08-02T04:32:20Z,2026-08-02T06:32:20+0200,7aafc1bd-8364-45d6-9e1e-5ae71b51b571,2026-07-14T08:30:00Z,2026-07-14T10:30:00+0200,10653.23,MW,BE,BE,actual_load,Actual Load,2026-08-02T04:32:23Z
2026-08-02T04:32:20Z,2026-08-02T06:32:20+0200,7aafc1bd-8364-45d6-9e1e-5ae71b51b571,2026-07-14T08:45:00Z,2026-07-14T10:45:00+0200,10805.24,MW,BE,BE,actual_load,Actual Load,2026-08-02T04:32:23Z
2026-08-02T04:32:20Z,2026-08-02T06:32:20+0200,7aafc1bd-8364-45d6-9e1e-5ae71b51b571,2026-07-14T09:00:00Z,2026-07-14T11:00:00+0200,10829.71,MW,BE,BE,actual_load,Actual Load,2026-08-02T04:32:23Z
2026-08-02T04:32:20Z,2026-08-02T06:32:20+0200,7aafc1bd-8364-45d6-9e1e-5ae71b51b571,2026-07-14T09:15:00Z,2026-07-14T11:15:00+0200,11006.33,MW,BE,BE,actual_load,Actual Load,2026-08-02T04:32:23Z
2026-08-02T04:32:20Z,2026-08-02T06:32:20+0200,7aafc1bd-8364-45d6-9e1e-5ae71b51b571,2026-07-14T09:30:00Z,2026-07-14T11:30:00+0200,11207.33,MW,BE,BE,actual_load,Actual Load,2026-08-02T04:32:23Z
2026-08-02T04:32:20Z,2026-08-02T06:32:20+0200,7aafc1bd-8364-45d6-9e1e-5ae71b51b571,2026-07-14T09:45:00Z,2026-07-14T11:45:00+0200,11337.11,MW,BE,BE,actual_load,Actual Load,2026-08-02T04:32:23Z
2026-08-02T04:32:20Z,2026-08-02T06:32:20+0200,7aafc1bd-8364-45d6-9e1e-5ae71b51b571,2026-07-14T10:00:00Z,2026-07-14T12:00:00+0200,11442.24,MW,BE,BE,actual_load,Actual Load,2026-08-02T04:32:23Z
2026-08-02T04:32:20Z,2026-08-02T06:32:20+0200,7aafc1bd-8364-45d6-9e1e-5ae71b51b571,2026-07-14T10:15:00Z,2026-07-14T12:15:00+0200,11295.14,MW,BE,BE,actual_load,Actual Load,2026-08-02T04:32:23Z
2026-08-02T04:32:20Z,2026-08-02T06:32:20+0200,7aafc1bd-8364-45d6-9e1e-5ae71b51b571,2026-07-14T10:30:00Z,2026-07-14T12:30:00+0200,11217.74,MW,BE,BE,actual_load,Actual Load,2026-08-02T04:32:23Z
2026-08-02T04:32:20Z,2026-08-02T06:32:20+0200,7aafc1bd-8364-45d6-9e1e-5ae71b51b571,2026-07-14T10:45:00Z,2026-07-14T12:45:00+0200,11257.54,MW,BE,BE,actual_load,Actual Load,2026-08-02T04:32:23Z
2026-08-02T04:32:20Z,2026-08-02T06:32:20+0200,7aafc1bd-8364-45d6-9e1e-5ae71b51b571,2026-07-14T11:00:00Z,2026-07-14T13:00:00+0200,11397.39,MW,BE,BE,actual_load,Actual Load,2026-08-02T04:32:23Z
2026-08-02T04:32:20Z,2026-08-02T06:32:20+0200,7aafc1bd-8364-45d6-9e1e-5ae71b51b571,2026-07-14T11:15:00Z,2026-07-14T13:15:00+0200,11439.38,MW,BE,BE,actual_load,Actual Load,2026-08-02T04:32:23Z
2026-08-02T04:32:20Z,2026-08-02T06:32:20+0200,7aafc1bd-8364-45d6-9e1e-5ae71b51b571,2026-07-14T11:30:00Z,2026-07-14T13:30:00+0200,11386.96,MW,BE,BE,actual_load,Actual Load,2026-08-02T04:32:23Z
2026-08-02T04:32:20Z,2026-08-02T06:32:20+0200,7aafc1bd-8364-45d6-9e1e-5ae71b51b571,2026-07-14T11:45:00Z,2026-07-14T13:45:00+0200,11295.44,MW,BE,BE,actual_load,Actual Load,2026-08-02T04:32:23Z
2026-08-02T04:32:20Z,2026-08-02T06:32:20+0200,7aafc1bd-8364-45d6-9e1e-5ae71b51b571,2026-07-14T12:00:00Z,2026-07-14T14:00:00+0200,11287.55,MW,BE,BE,actual_load,Actual Load,2026-08-02T04:32:23Z
2026-08-02T04:32:20Z,2026-08-02T06:32:20+0200,7aafc1bd-8364-45d6-9e1e-5ae71b51b571,2026-07-14T12:15:00Z,2026-07-14T14:15:00+0200,11238.92,MW,BE,BE,actual_load,Actual Load,2026-08-02T04:32:23Z
2026-08-02T04:32:20Z,2026-08-02T06:32:20+0200,7aafc1bd-8364-45d6-9e1e-5ae71b51b571,2026-07-14T12:30:00Z,2026-07-14T14:30:00+0200,11203.63,MW,BE,BE,actual_load,Actual Load,2026-08-02T04:32:23Z
2026-08-02T04:32:20Z,2026-08-02T06:32:20+0200,7aafc1bd-8364-45d6-9e1e-5ae71b51b571,2026-07-14T12:45:00Z,2026-07-14T14:45:00+0200,11170.53,MW,BE,BE,actual_load,Actual Load,2026-08-02T04:32:23Z
2026-08-02T04:32:20Z,2026-08-02T06:32:20+0200,7aafc1bd-8364-45d6-9e1e-5ae71b51b571,2026-07-14T13:00:00Z,2026-07-14T15:00:00+0200,11126.68,MW,BE,BE,actual_load,Actual Load,2026-08-02T04:32:23Z
2026-08-02T04:32:20Z,2026-08-02T06:32:20+0200,7aafc1bd-8364-45d6-9e1e-5ae71b51b571,2026-07-14T13:15:00Z,2026-07-14T15:15:00+0200,10933.24,MW,BE,BE,actual_load,Actual Load,2026-08-02T04:32:23Z
2026-08-02T04:32:20Z,2026-08-02T06:32:20+0200,7aafc1bd-8364-45d6-9e1e-5ae71b51b571,2026-07-14T13:30:00Z,2026-07-14T15:30:00+0200,10731.73,MW,BE,BE,actual_load,Actual Load,2026-08-02T04:32:23Z
2026-08-02T04:32:20Z,2026-08-02T06:32:20+0200,7aafc1bd-8364-45d6-9e1e-5ae71b51b571,2026-07-14T13:45:00Z,2026-07-14T15:45:00+0200,10620.77,MW,BE,BE,actual_load,Actual Load,2026-08-02T04:32:23Z
2026-08-02T04:32:20Z,2026-08-02T06:32:20+0200,7aafc1bd-8364-45d6-9e1e-5ae71b51b571,2026-07-14T14:00:00Z,2026-07-14T16:00:00+0200,10587.42,MW,BE,BE,actual_load,Actual Load,2026-08-02T04:32:23Z
2026-08-02T04:32:20Z,2026-08-02T06:32:20+0200,7aafc1bd-8364-45d6-9e1e-5ae71b51b571,2026-07-14T14:15:00Z,2026-07-14T16:15:00+0200,10594.42,MW,BE,BE,actual_load,Actual Load,2026-08-02T04:32:23Z
2026-08-02T04:32:20Z,2026-08-02T06:32:20+0200,7aafc1bd-8364-45d6-9e1e-5ae71b51b571,2026-07-14T14:30:00Z,2026-07-14T16:30:00+0200,10478.37,MW,BE,BE,actual_load,Actual Load,2026-08-02T04:32:23Z
2026-08-02T04:32:20Z,2026-08-02T06:32:20+0200,7aafc1bd-8364-45d6-9e1e-5ae71b51b571,2026-07-14T14:45:00Z,2026-07-14T16:45:00+0200,10532.86,MW,BE,BE,actual_load,Actual Load,2026-08-02T04:32:23Z
2026-08-02T04:32:20Z,2026-08-02T06:32:20+0200,7aafc1bd-8364-45d6-9e1e-5ae71b51b571,2026-07-14T15:00:00Z,2026-07-14T17:00:00+0200,10592.36,MW,BE,BE,actual_load,Actual Load,2026-08-02T04:32:23Z
2026-08-02T04:32:20Z,2026-08-02T06:32:20+0200,7aafc1bd-8364-45d6-9e1e-5ae71b51b571,2026-07-14T15:15:00Z,2026-07-14T17:15:00+0200,10482.96,MW,BE,BE,actual_load,Actual Load,2026-08-02T04:32:23Z
2026-08-02T04:32:20Z,2026-08-02T06:32:20+0200,7aafc1bd-8364-45d6-9e1e-5ae71b51b571,2026-07-14T15:30:00Z,2026-07-14T17:30:00+0200,10531.31,MW,BE,BE,actual_load,Actual Load,2026-08-02T04:32:23Z
2026-08-02T04:32:20Z,2026-08-02T06:32:20+0200,7aafc1bd-8364-45d6-9e1e-5ae71b51b571,2026-07-14T15:45:00Z,2026-07-14T17:45:00+0200,10477.9,MW,BE,BE,actual_load,Actual Load,2026-08-02T04:32:23Z
2026-08-02T04:32:20Z,2026-08-02T06:32:20+0200,7aafc1bd-8364-45d6-9e1e-5ae71b51b571,2026-07-14T16:00:00Z,2026-07-14T18:00:00+0200,10537.03,MW,BE,BE,actual_load,Actual Load,2026-08-02T04:32:23Z
2026-08-02T04:32:20Z,2026-08-02T06:32:20+0200,7aafc1bd-8364-45d6-9e1e-5ae71b51b571,2026-07-14T16:15:00Z,2026-07-14T18:15:00+0200,10489.43,MW,BE,BE,actual_load,Actual Load,2026-08-02T04:32:23Z
2026-08-02T04:32:20Z,2026-08-02T06:32:20+0200,7aafc1bd-8364-45d6-9e1e-5ae71b51b571,2026-07-14T16:30:00Z,2026-07-14T18:30:00+0200,10399.58,MW,BE,BE,actual_load,Actual Load,2026-08-02T04:32:23Z
2026-08-02T04:32:20Z,2026-08-02T06:32:20+0200,7aafc1bd-8364-45d6-9e1e-5ae71b51b571,2026-07-14T16:45:00Z,2026-07-14T18:45:00+0200,10373.1,MW,BE,BE,actual_load,Actual Load,2026-08-02T04:32:23Z
2026-08-02T04:32:20Z,2026-08-02T06:32:20+0200,7aafc1bd-8364-45d6-9e1e-5ae71b51b571,2026-07-14T17:00:00Z,2026-07-14T19:00:00+0200,10439.08,MW,BE,BE,actual_load,Actual Load,2026-08-02T04:32:23Z
2026-08-02T04:32:20Z,2026-08-02T06:32:20+0200,7aafc1bd-8364-45d6-9e1e-5ae71b51b571,2026-07-14T17:15:00Z,2026-07-14T19:15:00+0200,10194.58,MW,BE,BE,actual_load,Actual Load,2026-08-02T04:32:23Z
2026-08-02T04:32:20Z,2026-08-02T06:32:20+0200,7aafc1bd-8364-45d6-9e1e-5ae71b51b571,2026-07-14T17:30:00Z,2026-07-14T19:30:00+0200,10209.86,MW,BE,BE,actual_load,Actual Load,2026-08-02T04:32:23Z
2026-08-02T04:32:20Z,2026-08-02T06:32:20+0200,7aafc1bd-8364-45d6-9e1e-5ae71b51b571,2026-07-14T17:45:00Z,2026-07-14T19:45:00+0200,10230.36,MW,BE,BE,actual_load,Actual Load,2026-08-02T04:32:23Z
2026-08-02T04:32:20Z,2026-08-02T06:32:20+0200,7aafc1bd-8364-45d6-9e1e-5ae71b51b571,2026-07-14T18:00:00Z,2026-07-14T20:00:00+0200,10136.9,MW,BE,BE,actual_load,Actual Load,2026-08-02T04:32:23Z
2026-08-02T04:32:20Z,2026-08-02T06:32:20+0200,7aafc1bd-8364-45d6-9e1e-5ae71b51b571,2026-07-14T18:15:00Z,2026-07-14T20:15:00+0200,10168.37,MW,BE,BE,actual_load,Actual Load,2026-08-02T04:32:23Z
2026-08-02T04:32:20Z,2026-08-02T06:32:20+0200,7aafc1bd-8364-45d6-9e1e-5ae71b51b571,2026-07-14T18:30:00Z,2026-07-14T20:30:00+0200,10008.85,MW,BE,BE,actual_load,Actual Load,2026-08-02T04:32:23Z
2026-08-02T04:32:20Z,2026-08-02T06:32:20+0200,7aafc1bd-8364-45d6-9e1e-5ae71b51b571,2026-07-14T18:45:00Z,2026-07-14T20:45:00+0200,10081.04,MW,BE,BE,actual_load,Actual Load,2026-08-02T04:32:23Z
2026-08-02T04:32:20Z,2026-08-02T06:32:20+0200,7aafc1bd-8364-45d6-9e1e-5ae71b51b571,2026-07-14T19:00:00Z,2026-07-14T21:00:00+0200,9860.52,MW,BE,BE,actual_load,Actual Load,2026-08-02T04:32:23Z
2026-08-02T04:32:20Z,2026-08-02T06:32:20+0200,7aafc1bd-8364-45d6-9e1e-5ae71b51b571,2026-07-14T19:15:00Z,2026-07-14T21:15:00+0200,9740.84,MW,BE,BE,actual_load,Actual Load,2026-08-02T04:32:23Z
2026-08-02T04:32:20Z,2026-08-02T06:32:20+0200,7aafc1bd-8364-45d6-9e1e-5ae71b51b571,2026-07-14T19:30:00Z,2026-07-14T21:30:00+0200,9716.72,MW,BE,BE,actual_load,Actual Load,2026-08-02T04:32:23Z
2026-08-02T04:32:20Z,2026-08-02T06:32:20+0200,7aafc1bd-8364-45d6-9e1e-5ae71b51b571,2026-07-14T19:45:00Z,2026-07-14T21:45:00+0200,9681.73,MW,BE,BE,actual_load,Actual Load,2026-08-02T04:32:23Z
2026-08-02T04:32:20Z,2026-08-02T06:32:20+0200,7aafc1bd-8364-45d6-9e1e-5ae71b51b571,2026-07-14T20:00:00Z,2026-07-14T22:00:00+0200,9747.12,MW,BE,BE,actual_load,Actual Load,2026-08-02T04:32:23Z
2026-08-02T04:32:20Z,2026-08-02T06:32:20+0200,7aafc1bd-8364-45d6-9e1e-5ae71b51b571,2026-07-14T20:15:00Z,2026-07-14T22:15:00+0200,9751.76,MW,BE,BE,actual_load,Actual Load,2026-08-02T04:32:23Z
2026-08-02T04:32:20Z,2026-08-02T06:32:20+0200,7aafc1bd-8364-45d6-9e1e-5ae71b51b571,2026-07-14T20:30:00Z,2026-07-14T22:30:00+0200,9730.83,MW,BE,BE,actual_load,Actual Load,2026-08-02T04:32:23Z
2026-08-02T04:32:20Z,2026-08-02T06:32:20+0200,7aafc1bd-8364-45d6-9e1e-5ae71b51b571,2026-07-14T20:45:00Z,2026-07-14T22:45:00+0200,9813.15,MW,BE,BE,actual_load,Actual Load,2026-08-02T04:32:23Z
2026-08-02T04:32:20Z,2026-08-02T06:32:20+0200,7aafc1bd-8364-45d6-9e1e-5ae71b51b571,2026-07-14T21:00:00Z,2026-07-14T23:00:00+0200,9591.02,MW,BE,BE,actual_load,Actual Load,2026-08-02T04:32:23Z
2026-08-02T04:32:20Z,2026-08-02T06:32:20+0200,7aafc1bd-8364-45d6-9e1e-5ae71b51b571,2026-07-14T21:15:00Z,2026-07-14T23:15:00+0200,9407.73,MW,BE,BE,actual_load,Actual Load,2026-08-02T04:32:23Z
2026-08-02T04:32:20Z,2026-08-02T06:32:20+0200,7aafc1bd-8364-45d6-9e1e-5ae71b51b571,2026-07-14T21:30:00Z,2026-07-14T23:30:00+0200,9288.27,MW,BE,BE,actual_load,Actual Load,2026-08-02T04:32:23Z
2026-08-02T04:32:20Z,2026-08-02T06:32:20+0200,7aafc1bd-8364-45d6-9e1e-5ae71b51b571,2026-07-14T21:45:00Z,2026-07-14T23:45:00+0200,9193.71,MW,BE,BE,actual_load,Actual Load,2026-08-02T04:32:23Z
2026-08-02T04:32:20Z,2026-08-02T06:32:20+0200,7aafc1bd-8364-45d6-9e1e-5ae71b51b571,2026-07-14T22:00:00Z,2026-07-15T00:00:00+0200,8988.23,MW,BE,BE,actual_load,Actual Load,2026-08-02T04:32:23Z
2026-08-02T04:32:20Z,2026-08-02T06:32:20+0200,7aafc1bd-8364-45d6-9e1e-5ae71b51b571,2026-07-14T22:15:00Z,2026-07-15T00:15:00+0200,8786.04,MW,BE,BE,actual_load,Actual Load,2026-08-02T04:32:23Z
2026-08-02T04:32:20Z,2026-08-02T06:32:20+0200,7aafc1bd-8364-45d6-9e1e-5ae71b51b571,2026-07-14T22:30:00Z,2026-07-15T00:30:00+0200,8700.34,MW,BE,BE,actual_load,Actual Load,2026-08-02T04:32:23Z
2026-08-02T04:32:20Z,2026-08-02T06:32:20+0200,7aafc1bd-8364-45d6-9e1e-5ae71b51b571,2026-07-14T22:45:00Z,2026-07-15T00:45:00+0200,8680.93,MW,BE,BE,actual_load,Actual Load,2026-08-02T04:32:23Z
2026-08-02T04:32:20Z,2026-08-02T06:32:20+0200,7aafc1bd-8364-45d6-9e1e-5ae71b51b571,2026-07-14T23:00:00Z,2026-07-15T01:00:00+0200,8542.2,MW,BE,BE,actual_load,Actual Load,2026-08-02T04:32:23Z
2026-08-02T04:32:20Z,2026-08-02T06:32:20+0200,7aafc1bd-8364-45d6-9e1e-5ae71b51b571,2026-07-14T23:15:00Z,2026-07-15T01:15:00+0200,8458.67,MW,BE,BE,actual_load,Actual Load,2026-08-02T04:32:23Z
2026-08-02T04:32:20Z,2026-08-02T06:32:20+0200,7aafc1bd-8364-45d6-9e1e-5ae71b51b571,2026-07-14T23:30:00Z,2026-07-15T01:30:00+0200,8382.81,MW,BE,BE,actual_load,Actual Load,2026-08-02T04:32:23Z
2026-08-02T04:32:20Z,2026-08-02T06:32:20+0200,7aafc1bd-8364-45d6-9e1e-5ae71b51b571,2026-07-14T23:45:00Z,2026-07-15T01:45:00+0200,8222.62,MW,BE,BE,actual_load,Actual Load,2026-08-02T04:32:23Z
2026-08-02T04:32:20Z,2026-08-02T06:32:20+0200,7aafc1bd-8364-45d6-9e1e-5ae71b51b571,2026-07-15T00:00:00Z,2026-07-15T02:00:00+0200,8223.04,MW,BE,BE,actual_load,Actual Load,2026-08-02T04:32:23Z
2026-08-02T04:32:20Z,2026-08-02T06:32:20+0200,7aafc1bd-8364-45d6-9e1e-5ae71b51b571,2026-07-15T00:15:00Z,2026-07-15T02:15:00+0200,8158.1,MW,BE,BE,actual_load,Actual Load,2026-08-02T04:32:23Z
2026-08-02T04:32:20Z,2026-08-02T06:32:20+0200,7aafc1bd-8364-45d6-9e1e-5ae71b51b571,2026-07-15T00:30:00Z,2026-07-15T02:30:00+0200,8239.46,MW,BE,BE,actual_load,Actual Load,2026-08-02T04:32:23Z
2026-08-02T04:32:20Z,2026-08-02T06:32:20+0200,7aafc1bd-8364-45d6-9e1e-5ae71b51b571,2026-07-15T00:45:00Z,2026-07-15T02:45:00+0200,8091.78,MW,BE,BE,actual_load,Actual Load,2026-08-02T04:32:23Z
2026-08-02T04:32:20Z,2026-08-02T06:32:20+0200,7aafc1bd-8364-45d6-9e1e-5ae71b51b571,2026-07-15T01:00:00Z,2026-07-15T03:00:00+0200,8163.5,MW,BE,BE,actual_load,Actual Load,2026-08-02T04:32:23Z
2026-08-02T04:32:20Z,2026-08-02T06:32:20+0200,7aafc1bd-8364-45d6-9e1e-5ae71b51b571,2026-07-15T01:15:00Z,2026-07-15T03:15:00+0200,8117.11,MW,BE,BE,actual_load,Actual Load,2026-08-02T04:32:23Z
2026-08-02T04:32:20Z,2026-08-02T06:32:20+0200,7aafc1bd-8364-45d6-9e1e-5ae71b51b571,2026-07-15T01:30:00Z,2026-07-15T03:30:00+0200,8062.08,MW,BE,BE,actual_load,Actual Load,2026-08-02T04:32:23Z
2026-08-02T04:32:20Z,2026-08-02T06:32:20+0200,7aafc1bd-8364-45d6-9e1e-5ae71b51b571,2026-07-15T01:45:00Z,2026-07-15T03:45:00+0200,7975.35,MW,BE,BE,actual_load,Actual Load,2026-08-02T04:32:23Z
2026-08-02T04:32:20Z,2026-08-02T06:32:20+0200,7aafc1bd-8364-45d6-9e1e-5ae71b51b571,2026-07-15T02:00:00Z,2026-07-15T04:00:00+0200,8020.64,MW,BE,BE,actual_load,Actual Load,2026-08-02T04:32:23Z
2026-08-02T04:32:20Z,2026-08-02T06:32:20+0200,7aafc1bd-8364-45d6-9e1e-5ae71b51b571,2026-07-15T02:15:00Z,2026-07-15T04:15:00+0200,8035.71,MW,BE,BE,actual_load,Actual Load,2026-08-02T04:32:23Z
2026-08-02T04:32:20Z,2026-08-02T06:32:20+0200,7aafc1bd-8364-45d6-9e1e-5ae71b51b571,2026-07-15T02:30:00Z,2026-07-15T04:30:00+0200,8072.14,MW,BE,BE,actual_load,Actual Load,2026-08-02T04:32:23Z
2026-08-02T04:32:20Z,2026-08-02T06:32:20+0200,7aafc1bd-8364-45d6-9e1e-5ae71b51b571,2026-07-15T02:45:00Z,2026-07-15T04:45:00+0200,8018.83,MW,BE,BE,actual_load,Actual Load,2026-08-02T04:32:23Z
2026-08-02T04:32:20Z,2026-08-02T06:32:20+0200,7aafc1bd-8364-45d6-9e1e-5ae71b51b571,2026-07-15T03:00:00Z,2026-07-15T05:00:00+0200,8085.42,MW,BE,BE,actual_load,Actual Load,2026-08-02T04:32:23Z
2026-08-02T04:32:20Z,2026-08-02T06:32:20+0200,7aafc1bd-8364-45d6-9e1e-5ae71b51b571,2026-07-15T03:15:00Z,2026-07-15T05:15:00+0200,8231.84,MW,BE,BE,actual_load,Actual Load,2026-08-02T04:32:23Z
2026-08-02T04:32:20Z,2026-08-02T06:32:20+0200,7aafc1bd-8364-45d6-9e1e-5ae71b51b571,2026-07-15T03:30:00Z,2026-07-15T05:30:00+0200,8238.3,MW,BE,BE,actual_load,Actual Load,2026-08-02T04:32:23Z
2026-08-02T04:32:20Z,2026-08-02T06:32:20+0200,7aafc1bd-8364-45d6-9e1e-5ae71b51b571,2026-07-15T03:45:00Z,2026-07-15T05:45:00+0200,8218.18,MW,BE,BE,actual_load,Actual Load,2026-08-02T04:32:23Z
2026-08-02T04:32:20Z,2026-08-02T06:32:20+0200,7aafc1bd-8364-45d6-9e1e-5ae71b51b571,2026-07-15T04:00:00Z,2026-07-15T06:00:00+0200,8457.27,MW,BE,BE,actual_load,Actual Load,2026-08-02T04:32:23Z
2026-08-02T04:32:20Z,2026-08-02T06:32:20+0200,7aafc1bd-8364-45d6-9e1e-5ae71b51b571,2026-07-15T04:15:00Z,2026-07-15T06:15:00+0200,8787.12,MW,BE,BE,actual_load,Actual Load,2026-08-02T04:32:23Z
2026-08-02T04:32:20Z,2026-08-02T06:32:20+0200,7aafc1bd-8364-45d6-9e1e-5ae71b51b571,2026-07-15T04:30:00Z,2026-07-15T06:30:00+0200,8907.23,MW,BE,BE,actual_load,Actual Load,2026-08-02T04:32:23Z
2026-08-02T04:32:20Z,2026-08-02T06:32:20+0200,7aafc1bd-8364-45d6-9e1e-5ae71b51b571,2026-07-15T04:45:00Z,2026-07-15T06:45:00+0200,9104.98,MW,BE,BE,actual_load,Actual Load,2026-08-02T04:32:23Z
2026-08-02T04:32:20Z,2026-08-02T06:32:20+0200,7aafc1bd-8364-45d6-9e1e-5ae71b51b571,2026-07-15T05:00:00Z,2026-07-15T07:00:00+0200,9221.44,MW,BE,BE,actual_load,Actual Load,2026-08-02T04:32:23Z
2026-08-02T04:32:20Z,2026-08-02T06:32:20+0200,7aafc1bd-8364-45d6-9e1e-5ae71b51b571,2026-07-15T05:15:00Z,2026-07-15T07:15:00+0200,9286.2,MW,BE,BE,actual_load,Actual Load,2026-08-02T04:32:23Z
2026-08-02T04:32:20Z,2026-08-02T06:32:20+0200,7aafc1bd-8364-45d6-9e1e-5ae71b51b571,2026-07-15T05:30:00Z,2026-07-15T07:30:00+0200,9451.44,MW,BE,BE,actual_load,Actual Load,2026-08-02T04:32:23Z
2026-08-02T04:32:20Z,2026-08-02T06:32:20+0200,7aafc1bd-8364-45d6-9e1e-5ae71b51b571,2026-07-15T05:45:00Z,2026-07-15T07:45:00+0200,9628.1,MW,BE,BE,actual_load,Actual Load,2026-08-02T04:32:23Z
2026-08-02T04:32:20Z,2026-08-02T06:32:20+0200,7aafc1bd-8364-45d6-9e1e-5ae71b51b571,2026-07-15T06:00:00Z,2026-07-15T08:00:00+0200,9629.6,MW,BE,BE,actual_load,Actual Load,2026-08-02T04:32:23Z
2026-08-02T04:32:20Z,2026-08-02T06:32:20+0200,7aafc1bd-8364-45d6-9e1e-5ae71b51b571,2026-07-15T06:15:00Z,2026-07-15T08:15:00+0200,9610.06,MW,BE,BE,actual_load,Actual Load,2026-08-02T04:32:23Z
2026-08-02T04:32:20Z,2026-08-02T06:32:20+0200,7aafc1bd-8364-45d6-9e1e-5ae71b51b571,2026-07-15T06:30:00Z,2026-07-15T08:30:00+0200,9729.72,MW,BE,BE,actual_load,Actual Load,2026-08-02T04:32:23Z
2026-08-02T04:32:20Z,2026-08-02T06:32:20+0200,7aafc1bd-8364-45d6-9e1e-5ae71b51b571,2026-07-15T06:45:00Z,2026-07-15T08:45:00+0200,9850.56,MW,BE,BE,actual_load,Actual Load,2026-08-02T04:32:23Z
2026-08-02T04:32:20Z,2026-08-02T06:32:20+0200,7aafc1bd-8364-45d6-9e1e-5ae71b51b571,2026-07-15T07:00:00Z,2026-07-15T09:00:00+0200,10043.43,MW,BE,BE,actual_load,Actual Load,2026-08-02T04:32:23Z
2026-08-02T04:32:20Z,2026-08-02T06:32:20+0200,7aafc1bd-8364-45d6-9e1e-5ae71b51b571,2026-07-15T07:15:00Z,2026-07-15T09:15:00+0200,10132.74,MW,BE,BE,actual_load,Actual Load,2026-08-02T04:32:23Z
2026-08-02T04:32:20Z,2026-08-02T06:32:20+0200,7aafc1bd-8364-45d6-9e1e-5ae71b51b571,2026-07-15T07:30:00Z,2026-07-15T09:30:00+0200,10188.64,MW,BE,BE,actual_load,Actual Load,2026-08-02T04:32:23Z
2026-08-02T04:32:20Z,2026-08-02T06:32:20+0200,7aafc1bd-8364-45d6-9e1e-5ae71b51b571,2026-07-15T07:45:00Z,2026-07-15T09:45:00+0200,10319.19,MW,BE,BE,actual_load,Actual Load,2026-08-02T04:32:23Z
2026-08-02T04:32:20Z,2026-08-02T06:32:20+0200,7aafc1bd-8364-45d6-9e1e-5ae71b51b571,2026-07-15T08:00:00Z,2026-07-15T10:00:00+0200,10399.66,MW,BE,BE,actual_load,Actual Load,2026-08-02T04:32:23Z
2026-08-02T04:32:20Z,2026-08-02T06:32:20+0200,7aafc1bd-8364-45d6-9e1e-5ae71b51b571,2026-07-15T08:15:00Z,2026-07-15T10:15:00+0200,10430.32,MW,BE,BE,actual_load,Actual Load,2026-08-02T04:32:23Z
2026-08-02T04:32:20Z,2026-08-02T06:32:20+0200,7aafc1bd-8364-45d6-9e1e-5ae71b51b571,2026-07-15T08:30:00Z,2026-07-15T10:30:00+0200,10557.24,MW,BE,BE,actual_load,Actual Load,2026-08-02T04:32:23Z
2026-08-02T04:32:20Z,2026-08-02T06:32:20+0200,7aafc1bd-8364-45d6-9e1e-5ae71b51b571,2026-07-15T08:45:00Z,2026-07-15T10:45:00+0200,10669.98,MW,BE,BE,actual_load,Actual Load,2026-08-02T04:32:23Z
2026-08-02T04:32:20Z,2026-08-02T06:32:20+0200,7aafc1bd-8364-45d6-9e1e-5ae71b51b571,2026-07-15T09:00:00Z,2026-07-15T11:00:00+0200,10741.7,MW,BE,BE,actual_load,Actual Load,2026-08-02T04:32:23Z
2026-08-02T04:32:20Z,2026-08-02T06:32:20+0200,7aafc1bd-8364-45d6-9e1e-5ae71b51b571,2026-07-15T09:15:00Z,2026-07-15T11:15:00+0200,10770.1,MW,BE,BE,actual_load,Actual Load,2026-08-02T04:32:23Z
2026-08-02T04:32:20Z,2026-08-02T06:32:20+0200,7aafc1bd-8364-45d6-9e1e-5ae71b51b571,2026-07-15T09:30:00Z,2026-07-15T11:30:00+0200,10873.31,MW,BE,BE,actual_load,Actual Load,2026-08-02T04:32:23Z
2026-08-02T04:32:20Z,2026-08-02T06:32:20+0200,7aafc1bd-8364-45d6-9e1e-5ae71b51b571,2026-07-15T09:45:00Z,2026-07-15T11:45:00+0200,10920.3,MW,BE,BE,actual_load,Actual Load,2026-08-02T04:32:23Z
2026-08-02T04:32:20Z,2026-08-02T06:32:20+0200,7aafc1bd-8364-45d6-9e1e-5ae71b51b571,2026-07-15T10:00:00Z,2026-07-15T12:00:00+0200,11023.81,MW,BE,BE,actual_load,Actual Load,2026-08-02T04:32:23Z
2026-08-02T04:32:20Z,2026-08-02T06:32:20+0200,7aafc1bd-8364-45d6-9e1e-5ae71b51b571,2026-07-15T10:15:00Z,2026-07-15T12:15:00+0200,11180.39,MW,BE,BE,actual_load,Actual Load,2026-08-02T04:32:23Z
2026-08-02T04:32:20Z,2026-08-02T06:32:20+0200,7aafc1bd-8364-45d6-9e1e-5ae71b51b571,2026-07-15T10:30:00Z,2026-07-15T12:30:00+0200,11165.99,MW,BE,BE,actual_load,Actual Load,2026-08-02T04:32:23Z
2026-08-02T04:32:20Z,2026-08-02T06:32:20+0200,7aafc1bd-8364-45d6-9e1e-5ae71b51b571,2026-07-15T10:45:00Z,2026-07-15T12:45:00+0200,11245.88,MW,BE,BE,actual_load,Actual Load,2026-08-02T04:32:23Z
2026-08-02T04:32:20Z,2026-08-02T06:32:20+0200,7aafc1bd-8364-45d6-9e1e-5ae71b51b571,2026-07-15T11:00:00Z,2026-07-15T13:00:00+0200,11282.81,MW,BE,BE,actual_load,Actual Load,2026-08-02T04:32:23Z
2026-08-02T04:32:20Z,2026-08-02T06:32:20+0200,7aafc1bd-8364-45d6-9e1e-5ae71b51b571,2026-07-15T11:15:00Z,2026-07-15T13:15:00+0200,11302.63,MW,BE,BE,actual_load,Actual Load,2026-08-02T04:32:23Z
2026-08-02T04:32:20Z,2026-08-02T06:32:20+0200,7aafc1bd-8364-45d6-9e1e-5ae71b51b571,2026-07-15T11:30:00Z,2026-07-15T13:30:00+0200,11294.72,MW,BE,BE,actual_load,Actual Load,2026-08-02T04:32:23Z
2026-08-02T04:32:20Z,2026-08-02T06:32:20+0200,7aafc1bd-8364-45d6-9e1e-5ae71b51b571,2026-07-15T11:45:00Z,2026-07-15T13:45:00+0200,11285.21,MW,BE,BE,actual_load,Actual Load,2026-08-02T04:32:23Z
2026-08-02T04:32:20Z,2026-08-02T06:32:20+0200,7aafc1bd-8364-45d6-9e1e-5ae71b51b571,2026-07-15T12:00:00Z,2026-07-15T14:00:00+0200,11138.21,MW,BE,BE,actual_load,Actual Load,2026-08-02T04:32:23Z
2026-08-02T04:32:20Z,2026-08-02T06:32:20+0200,7aafc1bd-8364-45d6-9e1e-5ae71b51b571,2026-07-15T12:15:00Z,2026-07-15T14:15:00+0200,10993.47,MW,BE,BE,actual_load,Actual Load,2026-08-02T04:32:23Z
2026-08-02T04:32:20Z,2026-08-02T06:32:20+0200,7aafc1bd-8364-45d6-9e1e-5ae71b51b571,2026-07-15T12:30:00Z,2026-07-15T14:30:00+0200,11003.39,MW,BE,BE,actual_load,Actual Load,2026-08-02T04:32:23Z
2026-08-02T04:32:20Z,2026-08-02T06:32:20+0200,7aafc1bd-8364-45d6-9e1e-5ae71b51b571,2026-07-15T12:45:00Z,2026-07-15T14:45:00+0200,10867.83,MW,BE,BE,actual_load,Actual Load,2026-08-02T04:32:23Z
2026-08-02T04:32:20Z,2026-08-02T06:32:20+0200,7aafc1bd-8364-45d6-9e1e-5ae71b51b571,2026-07-15T13:00:00Z,2026-07-15T15:00:00+0200,10872.94,MW,BE,BE,actual_load,Actual Load,2026-08-02T04:32:23Z
2026-08-02T04:32:20Z,2026-08-02T06:32:20+0200,7aafc1bd-8364-45d6-9e1e-5ae71b51b571,2026-07-15T13:15:00Z,2026-07-15T15:15:00+0200,10798.83,MW,BE,BE,actual_load,Actual Load,2026-08-02T04:32:23Z
2026-08-02T04:32:20Z,2026-08-02T06:32:20+0200,7aafc1bd-8364-45d6-9e1e-5ae71b51b571,2026-07-15T13:30:00Z,2026-07-15T15:30:00+0200,10648.85,MW,BE,BE,actual_load,Actual Load,2026-08-02T04:32:23Z
2026-08-02T04:32:20Z,2026-08-02T06:32:20+0200,7aafc1bd-8364-45d6-9e1e-5ae71b51b571,2026-07-15T13:45:00Z,2026-07-15T15:45:00+0200,10621.44,MW,BE,BE,actual_load,Actual Load,2026-08-02T04:32:23Z
2026-08-02T04:32:20Z,2026-08-02T06:32:20+0200,7aafc1bd-8364-45d6-9e1e-5ae71b51b571,2026-07-15T14:00:00Z,2026-07-15T16:00:00+0200,10344.24,MW,BE,BE,actual_load,Actual Load,2026-08-02T04:32:23Z
2026-08-02T04:32:20Z,2026-08-02T06:32:20+0200,7aafc1bd-8364-45d6-9e1e-5ae71b51b571,2026-07-15T14:15:00Z,2026-07-15T16:15:00+0200,10259.75,MW,BE,BE,actual_load,Actual Load,2026-08-02T04:32:23Z
2026-08-02T04:32:20Z,2026-08-02T06:32:20+0200,7aafc1bd-8364-45d6-9e1e-5ae71b51b571,2026-07-15T14:30:00Z,2026-07-15T16:30:00+0200,10144.19,MW,BE,BE,actual_load,Actual Load,2026-08-02T04:32:23Z
2026-08-02T04:32:20Z,2026-08-02T06:32:20+0200,7aafc1bd-8364-45d6-9e1e-5ae71b51b571,2026-07-15T14:45:00Z,2026-07-15T16:45:00+0200,9921.23,MW,BE,BE,actual_load,Actual Load,2026-08-02T04:32:23Z
2026-08-02T04:32:20Z,2026-08-02T06:32:20+0200,7aafc1bd-8364-45d6-9e1e-5ae71b51b571,2026-07-15T15:00:00Z,2026-07-15T17:00:00+0200,10062.86,MW,BE,BE,actual_load,Actual Load,2026-08-02T04:32:23Z
2026-08-02T04:32:20Z,2026-08-02T06:32:20+0200,7aafc1bd-8364-45d6-9e1e-5ae71b51b571,2026-07-15T15:15:00Z,2026-07-15T17:15:00+0200,10079.72,MW,BE,BE,actual_load,Actual Load,2026-08-02T04:32:23Z
2026-08-02T04:32:20Z,2026-08-02T06:32:20+0200,7aafc1bd-8364-45d6-9e1e-5ae71b51b571,2026-07-15T15:30:00Z,2026-07-15T17:30:00+0200,9996.86,MW,BE,BE,actual_load,Actual Load,2026-08-02T04:32:23Z
2026-08-02T04:32:20Z,2026-08-02T06:32:20+0200,7aafc1bd-8364-45d6-9e1e-5ae71b51b571,2026-07-15T15:45:00Z,2026-07-15T17:45:00+0200,10001.94,MW,BE,BE,actual_load,Actual Load,2026-08-02T04:32:23Z
2026-08-02T04:32:20Z,2026-08-02T06:32:20+0200,7aafc1bd-8364-45d6-9e1e-5ae71b51b571,2026-07-15T16:00:00Z,2026-07-15T18:00:00+0200,10054.77,MW,BE,BE,actual_load,Actual Load,2026-08-02T04:32:23Z
2026-08-02T04:32:20Z,2026-08-02T06:32:20+0200,7aafc1bd-8364-45d6-9e1e-5ae71b51b571,2026-07-15T16:15:00Z,2026-07-15T18:15:00+0200,9989.85,MW,BE,BE,actual_load,Actual Load,2026-08-02T04:32:23Z
2026-08-02T04:32:20Z,2026-08-02T06:32:20+0200,7aafc1bd-8364-45d6-9e1e-5ae71b51b571,2026-07-15T16:30:00Z,2026-07-15T18:30:00+0200,9882.33,MW,BE,BE,actual_load,Actual Load,2026-08-02T04:32:23Z
2026-08-02T04:32:20Z,2026-08-02T06:32:20+0200,7aafc1bd-8364-45d6-9e1e-5ae71b51b571,2026-07-15T16:45:00Z,2026-07-15T18:45:00+0200,9864.46,MW,BE,BE,actual_load,Actual Load,2026-08-02T04:32:23Z
2026-08-02T04:32:20Z,2026-08-02T06:32:20+0200,7aafc1bd-8364-45d6-9e1e-5ae71b51b571,2026-07-15T17:00:00Z,2026-07-15T19:00:00+0200,9849.6,MW,BE,BE,actual_load,Actual Load,2026-08-02T04:32:23Z
2026-08-02T04:32:20Z,2026-08-02T06:32:20+0200,7aafc1bd-8364-45d6-9e1e-5ae71b51b571,2026-07-15T17:15:00Z,2026-07-15T19:15:00+0200,9840.73,MW,BE,BE,actual_load,Actual Load,2026-08-02T04:32:23Z
2026-08-02T04:32:20Z,2026-08-02T06:32:20+0200,7aafc1bd-8364-45d6-9e1e-5ae71b51b571,2026-07-15T17:30:00Z,2026-07-15T19:30:00+0200,9920.14,MW,BE,BE,actual_load,Actual Load,2026-08-02T04:32:23Z
2026-08-02T04:32:20Z,2026-08-02T06:32:20+0200,7aafc1bd-8364-45d6-9e1e-5ae71b51b571,2026-07-15T17:45:00Z,2026-07-15T19:45:00+0200,9958.29,MW,BE,BE,actual_load,Actual Load,2026-08-02T04:32:23Z
2026-08-02T04:32:20Z,2026-08-02T06:32:20+0200,7aafc1bd-8364-45d6-9e1e-5ae71b51b571,2026-07-15T18:00:00Z,2026-07-15T20:00:00+0200,9927.51,MW,BE,BE,actual_load,Actual Load,2026-08-02T04:32:23Z
2026-08-02T04:32:20Z,2026-08-02T06:32:20+0200,7aafc1bd-8364-45d6-9e1e-5ae71b51b571,2026-07-15T18:15:00Z,2026-07-15T20:15:00+0200,9783.75,MW,BE,BE,actual_load,Actual Load,2026-08-02T04:32:23Z
2026-08-02T04:32:20Z,2026-08-02T06:32:20+0200,7aafc1bd-8364-45d6-9e1e-5ae71b51b571,2026-07-15T18:30:00Z,2026-07-15T20:30:00+0200,9756.68,MW,BE,BE,actual_load,Actual Load,2026-08-02T04:32:23Z
2026-08-02T04:32:20Z,2026-08-02T06:32:20+0200,7aafc1bd-8364-45d6-9e1e-5ae71b51b571,2026-07-15T18:45:00Z,2026-07-15T20:45:00+0200,9674.04,MW,BE,BE,actual_load,Actual Load,2026-08-02T04:32:23Z
2026-08-02T04:32:20Z,2026-08-02T06:32:20+0200,7aafc1bd-8364-45d6-9e1e-5ae71b51b571,2026-07-15T19:00:00Z,2026-07-15T21:00:00+0200,9482.02,MW,BE,BE,actual_load,Actual Load,2026-08-02T04:32:23Z
2026-08-02T04:32:20Z,2026-08-02T06:32:20+0200,7aafc1bd-8364-45d6-9e1e-5ae71b51b571,2026-07-15T19:15:00Z,2026-07-15T21:15:00+0200,9381.13,MW,BE,BE,actual_load,Actual Load,2026-08-02T04:32:23Z
2026-08-02T04:32:20Z,2026-08-02T06:32:20+0200,7aafc1bd-8364-45d6-9e1e-5ae71b51b571,2026-07-15T19:30:00Z,2026-07-15T21:30:00+0200,9276.77,MW,BE,BE,actual_load,Actual Load,2026-08-02T04:32:23Z
2026-08-02T04:32:20Z,2026-08-02T06:32:20+0200,7aafc1bd-8364-45d6-9e1e-5ae71b51b571,2026-07-15T19:45:00Z,2026-07-15T21:45:00+0200,9276.8,MW,BE,BE,actual_load,Actual Load,2026-08-02T04:32:23Z
2026-08-02T04:32:20Z,2026-08-02T06:32:20+0200,7aafc1bd-8364-45d6-9e1e-5ae71b51b571,2026-07-15T20:00:00Z,2026-07-15T22:00:00+0200,9366.96,MW,BE,BE,actual_load,Actual Load,2026-08-02T04:32:23Z
2026-08-02T04:32:20Z,2026-08-02T06:32:20+0200,7aafc1bd-8364-45d6-9e1e-5ae71b51b571,2026-07-15T20:15:00Z,2026-07-15T22:15:00+0200,9441.58,MW,BE,BE,actual_load,Actual Load,2026-08-02T04:32:23Z
2026-08-02T04:32:20Z,2026-08-02T06:32:20+0200,7aafc1bd-8364-45d6-9e1e-5ae71b51b571,2026-07-15T20:30:00Z,2026-07-15T22:30:00+0200,9326.05,MW,BE,BE,actual_load,Actual Load,2026-08-02T04:32:23Z
2026-08-02T04:32:20Z,2026-08-02T06:32:20+0200,7aafc1bd-8364-45d6-9e1e-5ae71b51b571,2026-07-15T20:45:00Z,2026-07-15T22:45:00+0200,9260.04,MW,BE,BE,actual_load,Actual Load,2026-08-02T04:32:23Z
2026-08-02T04:32:20Z,2026-08-02T06:32:20+0200,7aafc1bd-8364-45d6-9e1e-5ae71b51b571,2026-07-15T21:00:00Z,2026-07-15T23:00:00+0200,9302.0,MW,BE,BE,actual_load,Actual Load,2026-08-02T04:32:23Z
2026-08-02T04:32:20Z,2026-08-02T06:32:20+0200,7aafc1bd-8364-45d6-9e1e-5ae71b51b571,2026-07-15T21:15:00Z,2026-07-15T23:15:00+0200,9179.22,MW,BE,BE,actual_load,Actual Load,2026-08-02T04:32:23Z
2026-08-02T04:32:20Z,2026-08-02T06:32:20+0200,7aafc1bd-8364-45d6-9e1e-5ae71b51b571,2026-07-15T21:30:00Z,2026-07-15T23:30:00+0200,9083.8,MW,BE,BE,actual_load,Actual Load,2026-08-02T04:32:23Z
2026-08-02T04:32:20Z,2026-08-02T06:32:20+0200,7aafc1bd-8364-45d6-9e1e-5ae71b51b571,2026-07-15T21:45:00Z,2026-07-15T23:45:00+0200,9063.3,MW,BE,BE,actual_load,Actual Load,2026-08-02T04:32:23Z
2026-08-02T04:32:20Z,2026-08-02T06:32:20+0200,7aafc1bd-8364-45d6-9e1e-5ae71b51b571,2026-07-15T22:00:00Z,2026-07-16T00:00:00+0200,8845.53,MW,BE,BE,actual_load,Actual Load,2026-08-02T04:32:23Z
2026-08-02T04:32:20Z,2026-08-02T06:32:20+0200,7aafc1bd-8364-45d6-9e1e-5ae71b51b571,2026-07-15T22:15:00Z,2026-07-16T00:15:00+0200,8794.75,MW,BE,BE,actual_load,Actual Load,2026-08-02T04:32:23Z
2026-08-02T04:32:20Z,2026-08-02T06:32:20+0200,7aafc1bd-8364-45d6-9e1e-5ae71b51b571,2026-07-15T22:30:00Z,2026-07-16T00:30:00+0200,8597.18,MW,BE,BE,actual_load,Actual Load,2026-08-02T04:32:23Z
2026-08-02T04:32:20Z,2026-08-02T06:32:20+0200,7aafc1bd-8364-45d6-9e1e-5ae71b51b571,2026-07-15T22:45:00Z,2026-07-16T00:45:00+0200,8491.79,MW,BE,BE,actual_load,Actual Load,2026-08-02T04:32:23Z
2026-08-02T04:32:20Z,2026-08-02T06:32:20+0200,7aafc1bd-8364-45d6-9e1e-5ae71b51b571,2026-07-15T23:00:00Z,2026-07-16T01:00:00+0200,8348.75,MW,BE,BE,actual_load,Actual Load,2026-08-02T04:32:23Z
2026-08-02T04:32:20Z,2026-08-02T06:32:20+0200,7aafc1bd-8364-45d6-9e1e-5ae71b51b571,2026-07-15T23:15:00Z,2026-07-16T01:15:00+0200,8242.76,MW,BE,BE,actual_load,Actual Load,2026-08-02T04:32:23Z
2026-08-02T04:32:20Z,2026-08-02T06:32:20+0200,7aafc1bd-8364-45d6-9e1e-5ae71b51b571,2026-07-15T23:30:00Z,2026-07-16T01:30:00+0200,8095.31,MW,BE,BE,actual_load,Actual Load,2026-08-02T04:32:23Z
2026-08-02T04:32:20Z,2026-08-02T06:32:20+0200,7aafc1bd-8364-45d6-9e1e-5ae71b51b571,2026-07-15T23:45:00Z,2026-07-16T01:45:00+0200,7975.73,MW,BE,BE,actual_load,Actual Load,2026-08-02T04:32:23Z
2026-08-02T04:32:20Z,2026-08-02T06:32:20+0200,7aafc1bd-8364-45d6-9e1e-5ae71b51b571,2026-07-16T00:00:00Z,2026-07-16T02:00:00+0200,7931.29,MW,BE,BE,actual_load,Actual Load,2026-08-02T04:32:23Z
2026-08-02T04:32:20Z,2026-08-02T06:32:20+0200,7aafc1bd-8364-45d6-9e1e-5ae71b51b571,2026-07-16T00:15:00Z,2026-07-16T02:15:00+0200,7829.44,MW,BE,BE,actual_load,Actual Load,2026-08-02T04:32:23Z
2026-08-02T04:32:20Z,2026-08-02T06:32:20+0200,7aafc1bd-8364-45d6-9e1e-5ae71b51b571,2026-07-16T00:30:00Z,2026-07-16T02:30:00+0200,7835.5,MW,BE,BE,actual_load,Actual Load,2026-08-02T04:32:23Z
2026-08-02T04:32:20Z,2026-08-02T06:32:20+0200,7aafc1bd-8364-45d6-9e1e-5ae71b51b571,2026-07-16T00:45:00Z,2026-07-16T02:45:00+0200,7794.46,MW,BE,BE,actual_load,Actual Load,2026-08-02T04:32:23Z
2026-08-02T04:32:20Z,2026-08-02T06:32:20+0200,7aafc1bd-8364-45d6-9e1e-5ae71b51b571,2026-07-16T01:00:00Z,2026-07-16T03:00:00+0200,7774.06,MW,BE,BE,actual_load,Actual Load,2026-08-02T04:32:23Z
2026-08-02T04:32:20Z,2026-08-02T06:32:20+0200,7aafc1bd-8364-45d6-9e1e-5ae71b51b571,2026-07-16T01:15:00Z,2026-07-16T03:15:00+0200,7747.0,MW,BE,BE,actual_load,Actual Load,2026-08-02T04:32:23Z
2026-08-02T04:32:20Z,2026-08-02T06:32:20+0200,7aafc1bd-8364-45d6-9e1e-5ae71b51b571,2026-07-16T01:30:00Z,2026-07-16T03:30:00+0200,7780.61,MW,BE,BE,actual_load,Actual Load,2026-08-02T04:32:23Z
2026-08-02T04:32:20Z,2026-08-02T06:32:20+0200,7aafc1bd-8364-45d6-9e1e-5ae71b51b571,2026-07-16T01:45:00Z,2026-07-16T03:45:00+0200,7773.27,MW,BE,BE,actual_load,Actual Load,2026-08-02T04:32:23Z
2026-08-02T04:32:20Z,2026-08-02T06:32:20+0200,7aafc1bd-8364-45d6-9e1e-5ae71b51b571,2026-07-16T02:00:00Z,2026-07-16T04:00:00+0200,7697.04,MW,BE,BE,actual_load,Actual Load,2026-08-02T04:32:23Z
2026-08-02T04:32:20Z,2026-08-02T06:32:20+0200,7aafc1bd-8364-45d6-9e1e-5ae71b51b571,2026-07-16T02:15:00Z,2026-07-16T04:15:00+0200,7662.4,MW,BE,BE,actual_load,Actual Load,2026-08-02T04:32:23Z
2026-08-02T04:32:20Z,2026-08-02T06:32:20+0200,7aafc1bd-8364-45d6-9e1e-5ae71b51b571,2026-07-16T02:30:00Z,2026-07-16T04:30:00+0200,7795.36,MW,BE,BE,actual_load,Actual Load,2026-08-02T04:32:23Z
2026-08-02T04:32:20Z,2026-08-02T06:32:20+0200,7aafc1bd-8364-45d6-9e1e-5ae71b51b571,2026-07-16T02:45:00Z,2026-07-16T04:45:00+0200,7847.53,MW,BE,BE,actual_load,Actual Load,2026-08-02T04:32:23Z
2026-08-02T04:32:20Z,2026-08-02T06:32:20+0200,7aafc1bd-8364-45d6-9e1e-5ae71b51b571,2026-07-16T03:00:00Z,2026-07-16T05:00:00+0200,8064.41,MW,BE,BE,actual_load,Actual Load,2026-08-02T04:32:23Z
2026-08-02T04:32:20Z,2026-08-02T06:32:20+0200,7aafc1bd-8364-45d6-9e1e-5ae71b51b571,2026-07-16T03:15:00Z,2026-07-16T05:15:00+0200,8021.17,MW,BE,BE,actual_load,Actual Load,2026-08-02T04:32:23Z
2026-08-02T04:32:20Z,2026-08-02T06:32:20+0200,7aafc1bd-8364-45d6-9e1e-5ae71b51b571,2026-07-16T03:30:00Z,2026-07-16T05:30:00+0200,7926.61,MW,BE,BE,actual_load,Actual Load,2026-08-02T04:32:23Z
2026-08-02T04:32:20Z,2026-08-02T06:32:20+0200,7aafc1bd-8364-45d6-9e1e-5ae71b51b571,2026-07-16T03:45:00Z,2026-07-16T05:45:00+0200,7957.2,MW,BE,BE,actual_load,Actual Load,2026-08-02T04:32:23Z
2026-08-02T04:32:20Z,2026-08-02T06:32:20+0200,7aafc1bd-8364-45d6-9e1e-5ae71b51b571,2026-07-16T04:00:00Z,2026-07-16T06:00:00+0200,8180.08,MW,BE,BE,actual_load,Actual Load,2026-08-02T04:32:23Z
2026-08-02T04:32:20Z,2026-08-02T06:32:20+0200,7aafc1bd-8364-45d6-9e1e-5ae71b51b571,2026-07-16T04:15:00Z,2026-07-16T06:15:00+0200,8413.83,MW,BE,BE,actual_load,Actual Load,2026-08-02T04:32:23Z
2026-08-02T04:32:20Z,2026-08-02T06:32:20+0200,7aafc1bd-8364-45d6-9e1e-5ae71b51b571,2026-07-16T04:30:00Z,2026-07-16T06:30:00+0200,8678.15,MW,BE,BE,actual_load,Actual Load,2026-08-02T04:32:23Z
2026-08-02T04:32:20Z,2026-08-02T06:32:20+0200,7aafc1bd-8364-45d6-9e1e-5ae71b51b571,2026-07-16T04:45:00Z,2026-07-16T06:45:00+0200,8792.89,MW,BE,BE,actual_load,Actual Load,2026-08-02T04:32:23Z
2026-08-02T04:32:20Z,2026-08-02T06:32:20+0200,7aafc1bd-8364-45d6-9e1e-5ae71b51b571,2026-07-16T05:00:00Z,2026-07-16T07:00:00+0200,8812.4,MW,BE,BE,actual_load,Actual Load,2026-08-02T04:32:23Z
2026-08-02T04:32:20Z,2026-08-02T06:32:20+0200,7aafc1bd-8364-45d6-9e1e-5ae71b51b571,2026-07-16T05:15:00Z,2026-07-16T07:15:00+0200,8944.19,MW,BE,BE,actual_load,Actual Load,2026-08-02T04:32:23Z
2026-08-02T04:32:20Z,2026-08-02T06:32:20+0200,7aafc1bd-8364-45d6-9e1e-5ae71b51b571,2026-07-16T05:30:00Z,2026-07-16T07:30:00+0200,9155.05,MW,BE,BE,actual_load,Actual Load,2026-08-02T04:32:23Z
2026-08-02T04:32:20Z,2026-08-02T06:32:20+0200,7aafc1bd-8364-45d6-9e1e-5ae71b51b571,2026-07-16T05:45:00Z,2026-07-16T07:45:00+0200,9365.55,MW,BE,BE,actual_load,Actual Load,2026-08-02T04:32:23Z
2026-08-02T04:32:20Z,2026-08-02T06:32:20+0200,7aafc1bd-8364-45d6-9e1e-5ae71b51b571,2026-07-16T06:00:00Z,2026-07-16T08:00:00+0200,9492.26,MW,BE,BE,actual_load,Actual Load,2026-08-02T04:32:23Z
2026-08-02T04:32:20Z,2026-08-02T06:32:20+0200,7aafc1bd-8364-45d6-9e1e-5ae71b51b571,2026-07-16T06:15:00Z,2026-07-16T08:15:00+0200,9583.08,MW,BE,BE,actual_load,Actual Load,2026-08-02T04:32:23Z
2026-08-02T04:32:20Z,2026-08-02T06:32:20+0200,7aafc1bd-8364-45d6-9e1e-5ae71b51b571,2026-07-16T06:30:00Z,2026-07-16T08:30:00+0200,9679.86,MW,BE,BE,actual_load,Actual Load,2026-08-02T04:32:23Z
2026-08-02T04:32:20Z,2026-08-02T06:32:20+0200,7aafc1bd-8364-45d6-9e1e-5ae71b51b571,2026-07-16T06:45:00Z,2026-07-16T08:45:00+0200,9814.34,MW,BE,BE,actual_load,Actual Load,2026-08-02T04:32:23Z
2026-08-02T04:32:20Z,2026-08-02T06:32:20+0200,7aafc1bd-8364-45d6-9e1e-5ae71b51b571,2026-07-16T07:00:00Z,2026-07-16T09:00:00+0200,9886.58,MW,BE,BE,actual_load,Actual Load,2026-08-02T04:32:23Z
2026-08-02T04:32:20Z,2026-08-02T06:32:20+0200,7aafc1bd-8364-45d6-9e1e-5ae71b51b571,2026-07-16T07:15:00Z,2026-07-16T09:15:00+0200,10071.32,MW,BE,BE,actual_load,Actual Load,2026-08-02T04:32:23Z
2026-08-02T04:32:20Z,2026-08-02T06:32:20+0200,7aafc1bd-8364-45d6-9e1e-5ae71b51b571,2026-07-16T07:30:00Z,2026-07-16T09:30:00+0200,10331.05,MW,BE,BE,actual_load,Actual Load,2026-08-02T04:32:23Z
2026-08-02T04:32:20Z,2026-08-02T06:32:20+0200,7aafc1bd-8364-45d6-9e1e-5ae71b51b571,2026-07-16T07:45:00Z,2026-07-16T09:45:00+0200,10437.99,MW,BE,BE,actual_load,Actual Load,2026-08-02T04:32:23Z
2026-08-02T04:32:20Z,2026-08-02T06:32:20+0200,7aafc1bd-8364-45d6-9e1e-5ae71b51b571,2026-07-16T08:00:00Z,2026-07-16T10:00:00+0200,10477.83,MW,BE,BE,actual_load,Actual Load,2026-08-02T04:32:23Z
2026-08-02T04:32:20Z,2026-08-02T06:32:20+0200,7aafc1bd-8364-45d6-9e1e-5ae71b51b571,2026-07-16T08:15:00Z,2026-07-16T10:15:00+0200,10512.86,MW,BE,BE,actual_load,Actual Load,2026-08-02T04:32:23Z
2026-08-02T04:32:20Z,2026-08-02T06:32:20+0200,7aafc1bd-8364-45d6-9e1e-5ae71b51b571,2026-07-16T08:30:00Z,2026-07-16T10:30:00+0200,10660.19,MW,BE,BE,actual_load,Actual Load,2026-08-02T04:32:23Z
2026-08-02T04:32:20Z,2026-08-02T06:32:20+0200,7aafc1bd-8364-45d6-9e1e-5ae71b51b571,2026-07-16T08:45:00Z,2026-07-16T10:45:00+0200,10678.58,MW,BE,BE,actual_load,Actual Load,2026-08-02T04:32:23Z
2026-08-02T04:32:20Z,2026-08-02T06:32:20+0200,7aafc1bd-8364-45d6-9e1e-5ae71b51b571,2026-07-16T09:00:00Z,2026-07-16T11:00:00+0200,10796.29,MW,BE,BE,actual_load,Actual Load,2026-08-02T04:32:23Z
2026-08-02T04:32:20Z,2026-08-02T06:32:20+0200,7aafc1bd-8364-45d6-9e1e-5ae71b51b571,2026-07-16T09:15:00Z,2026-07-16T11:15:00+0200,10892.38,MW,BE,BE,actual_load,Actual Load,2026-08-02T04:32:23Z
2026-08-02T04:32:20Z,2026-08-02T06:32:20+0200,7aafc1bd-8364-45d6-9e1e-5ae71b51b571,2026-07-16T09:30:00Z,2026-07-16T11:30:00+0200,11009.22,MW,BE,BE,actual_load,Actual Load,2026-08-02T04:32:23Z
2026-08-02T04:32:20Z,2026-08-02T06:32:20+0200,7aafc1bd-8364-45d6-9e1e-5ae71b51b571,2026-07-16T09:45:00Z,2026-07-16T11:45:00+0200,11262.15,MW,BE,BE,actual_load,Actual Load,2026-08-02T04:32:23Z
2026-08-02T04:32:20Z,2026-08-02T06:32:20+0200,7aafc1bd-8364-45d6-9e1e-5ae71b51b571,2026-07-16T10:00:00Z,2026-07-16T12:00:00+0200,11226.8,MW,BE,BE,actual_load,Actual Load,2026-08-02T04:32:23Z
2026-08-02T04:32:20Z,2026-08-02T06:32:20+0200,7aafc1bd-8364-45d6-9e1e-5ae71b51b571,2026-07-16T10:15:00Z,2026-07-16T12:15:00+0200,11168.24,MW,BE,BE,actual_load,Actual Load,2026-08-02T04:32:23Z
2026-08-02T04:32:20Z,2026-08-02T06:32:20+0200,7aafc1bd-8364-45d6-9e1e-5ae71b51b571,2026-07-16T10:30:00Z,2026-07-16T12:30:00+0200,11192.24,MW,BE,BE,actual_load,Actual Load,2026-08-02T04:32:23Z
2026-08-02T04:32:20Z,2026-08-02T06:32:20+0200,7aafc1bd-8364-45d6-9e1e-5ae71b51b571,2026-07-16T10:45:00Z,2026-07-16T12:45:00+0200,11237.11,MW,BE,BE,actual_load,Actual Load,2026-08-02T04:32:23Z
2026-08-02T04:32:20Z,2026-08-02T06:32:20+0200,7aafc1bd-8364-45d6-9e1e-5ae71b51b571,2026-07-16T11:00:00Z,2026-07-16T13:00:00+0200,11209.88,MW,BE,BE,actual_load,Actual Load,2026-08-02T04:32:23Z
2026-08-02T04:32:20Z,2026-08-02T06:32:20+0200,7aafc1bd-8364-45d6-9e1e-5ae71b51b571,2026-07-16T11:15:00Z,2026-07-16T13:15:00+0200,11157.81,MW,BE,BE,actual_load,Actual Load,2026-08-02T04:32:23Z
2026-08-02T04:32:20Z,2026-08-02T06:32:20+0200,7aafc1bd-8364-45d6-9e1e-5ae71b51b571,2026-07-16T11:30:00Z,2026-07-16T13:30:00+0200,11115.69,MW,BE,BE,actual_load,Actual Load,2026-08-02T04:32:23Z
2026-08-02T04:32:20Z,2026-08-02T06:32:20+0200,7aafc1bd-8364-45d6-9e1e-5ae71b51b571,2026-07-16T11:45:00Z,2026-07-16T13:45:00+0200,11065.7,MW,BE,BE,actual_load,Actual Load,2026-08-02T04:32:23Z
2026-08-02T04:32:20Z,2026-08-02T06:32:20+0200,7aafc1bd-8364-45d6-9e1e-5ae71b51b571,2026-07-16T12:00:00Z,2026-07-16T14:00:00+0200,11056.57,MW,BE,BE,actual_load,Actual Load,2026-08-02T04:32:23Z
2026-08-02T04:32:20Z,2026-08-02T06:32:20+0200,7aafc1bd-8364-45d6-9e1e-5ae71b51b571,2026-07-16T12:15:00Z,2026-07-16T14:15:00+0200,11004.22,MW,BE,BE,actual_load,Actual Load,2026-08-02T04:32:23Z
2026-08-02T04:32:20Z,2026-08-02T06:32:20+0200,7aafc1bd-8364-45d6-9e1e-5ae71b51b571,2026-07-16T12:30:00Z,2026-07-16T14:30:00+0200,10907.96,MW,BE,BE,actual_load,Actual Load,2026-08-02T04:32:23Z
2026-08-02T04:32:20Z,2026-08-02T06:32:20+0200,7aafc1bd-8364-45d6-9e1e-5ae71b51b571,2026-07-16T12:45:00Z,2026-07-16T14:45:00+0200,10742.89,MW,BE,BE,actual_load,Actual Load,2026-08-02T04:32:23Z
2026-08-02T04:32:20Z,2026-08-02T06:32:20+0200,7aafc1bd-8364-45d6-9e1e-5ae71b51b571,2026-07-16T13:00:00Z,2026-07-16T15:00:00+0200,10685.78,MW,BE,BE,actual_load,Actual Load,2026-08-02T04:32:23Z
2026-08-02T04:32:20Z,2026-08-02T06:32:20+0200,7aafc1bd-8364-45d6-9e1e-5ae71b51b571,2026-07-16T13:15:00Z,2026-07-16T15:15:00+0200,10704.08,MW,BE,BE,actual_load,Actual Load,2026-08-02T04:32:23Z
2026-08-02T04:32:20Z,2026-08-02T06:32:20+0200,7aafc1bd-8364-45d6-9e1e-5ae71b51b571,2026-07-16T13:30:00Z,2026-07-16T15:30:00+0200,10579.64,MW,BE,BE,actual_load,Actual Load,2026-08-02T04:32:23Z
2026-08-02T04:32:20Z,2026-08-02T06:32:20+0200,7aafc1bd-8364-45d6-9e1e-5ae71b51b571,2026-07-16T13:45:00Z,2026-07-16T15:45:00+0200,10446.28,MW,BE,BE,actual_load,Actual Load,2026-08-02T04:32:23Z
2026-08-02T04:32:20Z,2026-08-02T06:32:20+0200,7aafc1bd-8364-45d6-9e1e-5ae71b51b571,2026-07-16T14:00:00Z,2026-07-16T16:00:00+0200,10406.5,MW,BE,BE,actual_load,Actual Load,2026-08-02T04:32:23Z
2026-08-02T04:32:20Z,2026-08-02T06:32:20+0200,7aafc1bd-8364-45d6-9e1e-5ae71b51b571,2026-07-16T14:15:00Z,2026-07-16T16:15:00+0200,10176.18,MW,BE,BE,actual_load,Actual Load,2026-08-02T04:32:23Z
2026-08-02T04:32:20Z,2026-08-02T06:32:20+0200,7aafc1bd-8364-45d6-9e1e-5ae71b51b571,2026-07-16T14:30:00Z,2026-07-16T16:30:00+0200,10302.3,MW,BE,BE,actual_load,Actual Load,2026-08-02T04:32:23Z
2026-08-02T04:32:20Z,2026-08-02T06:32:20+0200,7aafc1bd-8364-45d6-9e1e-5ae71b51b571,2026-07-16T14:45:00Z,2026-07-16T16:45:00+0200,10232.48,MW,BE,BE,actual_load,Actual Load,2026-08-02T04:32:23Z
2026-08-02T04:32:20Z,2026-08-02T06:32:20+0200,7aafc1bd-8364-45d6-9e1e-5ae71b51b571,2026-07-16T15:00:00Z,2026-07-16T17:00:00+0200,10336.95,MW,BE,BE,actual_load,Actual Load,2026-08-02T04:32:23Z
2026-08-02T04:32:20Z,2026-08-02T06:32:20+0200,7aafc1bd-8364-45d6-9e1e-5ae71b51b571,2026-07-16T15:15:00Z,2026-07-16T17:15:00+0200,10281.61,MW,BE,BE,actual_load,Actual Load,2026-08-02T04:32:23Z
2026-08-02T04:32:20Z,2026-08-02T06:32:20+0200,7aafc1bd-8364-45d6-9e1e-5ae71b51b571,2026-07-16T15:30:00Z,2026-07-16T17:30:00+0200,10227.8,MW,BE,BE,actual_load,Actual Load,2026-08-02T04:32:23Z
2026-08-02T04:32:20Z,2026-08-02T06:32:20+0200,7aafc1bd-8364-45d6-9e1e-5ae71b51b571,2026-07-16T15:45:00Z,2026-07-16T17:45:00+0200,10176.29,MW,BE,BE,actual_load,Actual Load,2026-08-02T04:32:23Z
2026-08-02T04:32:20Z,2026-08-02T06:32:20+0200,7aafc1bd-8364-45d6-9e1e-5ae71b51b571,2026-07-16T16:00:00Z,2026-07-16T18:00:00+0200,10084.91,MW,BE,BE,actual_load,Actual Load,2026-08-02T04:32:23Z
2026-08-02T04:32:20Z,2026-08-02T06:32:20+0200,7aafc1bd-8364-45d6-9e1e-5ae71b51b571,2026-07-16T16:15:00Z,2026-07-16T18:15:00+0200,10150.92,MW,BE,BE,actual_load,Actual Load,2026-08-02T04:32:23Z
2026-08-02T04:32:20Z,2026-08-02T06:32:20+0200,7aafc1bd-8364-45d6-9e1e-5ae71b51b571,2026-07-16T16:30:00Z,2026-07-16T18:30:00+0200,10165.49,MW,BE,BE,actual_load,Actual Load,2026-08-02T04:32:23Z
2026-08-02T04:32:20Z,2026-08-02T06:32:20+0200,7aafc1bd-8364-45d6-9e1e-5ae71b51b571,2026-07-16T16:45:00Z,2026-07-16T18:45:00+0200,10114.03,MW,BE,BE,actual_load,Actual Load,2026-08-02T04:32:23Z
2026-08-02T04:32:20Z,2026-08-02T06:32:20+0200,7aafc1bd-8364-45d6-9e1e-5ae71b51b571,2026-07-16T17:00:00Z,2026-07-16T19:00:00+0200,9976.83,MW,BE,BE,actual_load,Actual Load,2026-08-02T04:32:23Z
2026-08-02T04:32:20Z,2026-08-02T06:32:20+0200,7aafc1bd-8364-45d6-9e1e-5ae71b51b571,2026-07-16T17:15:00Z,2026-07-16T19:15:00+0200,9954.46,MW,BE,BE,actual_load,Actual Load,2026-08-02T04:32:23Z
2026-08-02T04:32:20Z,2026-08-02T06:32:20+0200,7aafc1bd-8364-45d6-9e1e-5ae71b51b571,2026-07-16T17:30:00Z,2026-07-16T19:30:00+0200,9875.44,MW,BE,BE,actual_load,Actual Load,2026-08-02T04:32:23Z
2026-08-02T04:32:20Z,2026-08-02T06:32:20+0200,7aafc1bd-8364-45d6-9e1e-5ae71b51b571,2026-07-16T17:45:00Z,2026-07-16T19:45:00+0200,9834.82,MW,BE,BE,actual_load,Actual Load,2026-08-02T04:32:23Z
2026-08-02T04:32:20Z,2026-08-02T06:32:20+0200,7aafc1bd-8364-45d6-9e1e-5ae71b51b571,2026-07-16T18:00:00Z,2026-07-16T20:00:00+0200,9935.95,MW,BE,BE,actual_load,Actual Load,2026-08-02T04:32:23Z
2026-08-02T04:32:20Z,2026-08-02T06:32:20+0200,7aafc1bd-8364-45d6-9e1e-5ae71b51b571,2026-07-16T18:15:00Z,2026-07-16T20:15:00+0200,9799.29,MW,BE,BE,actual_load,Actual Load,2026-08-02T04:32:23Z
2026-08-02T04:32:20Z,2026-08-02T06:32:20+0200,7aafc1bd-8364-45d6-9e1e-5ae71b51b571,2026-07-16T18:30:00Z,2026-07-16T20:30:00+0200,9674.58,MW,BE,BE,actual_load,Actual Load,2026-08-02T04:32:23Z
2026-08-02T04:32:20Z,2026-08-02T06:32:20+0200,7aafc1bd-8364-45d6-9e1e-5ae71b51b571,2026-07-16T18:45:00Z,2026-07-16T20:45:00+0200,9642.79,MW,BE,BE,actual_load,Actual Load,2026-08-02T04:32:23Z
2026-08-02T04:32:20Z,2026-08-02T06:32:20+0200,7aafc1bd-8364-45d6-9e1e-5ae71b51b571,2026-07-16T19:00:00Z,2026-07-16T21:00:00+0200,9509.83,MW,BE,BE,actual_load,Actual Load,2026-08-02T04:32:23Z
2026-08-02T04:32:20Z,2026-08-02T06:32:20+0200,7aafc1bd-8364-45d6-9e1e-5ae71b51b571,2026-07-16T19:15:00Z,2026-07-16T21:15:00+0200,9424.16,MW,BE,BE,actual_load,Actual Load,2026-08-02T04:32:23Z
2026-08-02T04:32:20Z,2026-08-02T06:32:20+0200,7aafc1bd-8364-45d6-9e1e-5ae71b51b571,2026-07-16T19:30:00Z,2026-07-16T21:30:00+0200,9376.81,MW,BE,BE,actual_load,Actual Load,2026-08-02T04:32:23Z
2026-08-02T04:32:20Z,2026-08-02T06:32:20+0200,7aafc1bd-8364-45d6-9e1e-5ae71b51b571,2026-07-16T19:45:00Z,2026-07-16T21:45:00+0200,9375.91,MW,BE,BE,actual_load,Actual Load,2026-08-02T04:32:23Z
2026-08-02T04:32:20Z,2026-08-02T06:32:20+0200,7aafc1bd-8364-45d6-9e1e-5ae71b51b571,2026-07-16T20:00:00Z,2026-07-16T22:00:00+0200,9263.62,MW,BE,BE,actual_load,Actual Load,2026-08-02T04:32:23Z
2026-08-02T04:32:20Z,2026-08-02T06:32:20+0200,7aafc1bd-8364-45d6-9e1e-5ae71b51b571,2026-07-16T20:15:00Z,2026-07-16T22:15:00+0200,9276.66,MW,BE,BE,actual_load,Actual Load,2026-08-02T04:32:23Z
2026-08-02T04:32:20Z,2026-08-02T06:32:20+0200,7aafc1bd-8364-45d6-9e1e-5ae71b51b571,2026-07-16T20:30:00Z,2026-07-16T22:30:00+0200,9174.71,MW,BE,BE,actual_load,Actual Load,2026-08-02T04:32:23Z
2026-08-02T04:32:20Z,2026-08-02T06:32:20+0200,7aafc1bd-8364-45d6-9e1e-5ae71b51b571,2026-07-16T20:45:00Z,2026-07-16T22:45:00+0200,9254.72,MW,BE,BE,actual_load,Actual Load,2026-08-02T04:32:23Z
2026-08-02T04:32:20Z,2026-08-02T06:32:20+0200,7aafc1bd-8364-45d6-9e1e-5ae71b51b571,2026-07-16T21:00:00Z,2026-07-16T23:00:00+0200,9094.54,MW,BE,BE,actual_load,Actual Load,2026-08-02T04:32:23Z
2026-08-02T04:32:20Z,2026-08-02T06:32:20+0200,7aafc1bd-8364-45d6-9e1e-5ae71b51b571,2026-07-16T21:15:00Z,2026-07-16T23:15:00+0200,8985.9,MW,BE,BE,actual_load,Actual Load,2026-08-02T04:32:23Z
2026-08-02T04:32:20Z,2026-08-02T06:32:20+0200,7aafc1bd-8364-45d6-9e1e-5ae71b51b571,2026-07-16T21:30:00Z,2026-07-16T23:30:00+0200,8880.3,MW,BE,BE,actual_load,Actual Load,2026-08-02T04:32:23Z
2026-08-02T04:32:20Z,2026-08-02T06:32:20+0200,7aafc1bd-8364-45d6-9e1e-5ae71b51b571,2026-07-16T21:45:00Z,2026-07-16T23:45:00+0200,8788.02,MW,BE,BE,actual_load,Actual Load,2026-08-02T04:32:23Z
2026-08-02T04:32:20Z,2026-08-02T06:32:20+0200,7aafc1bd-8364-45d6-9e1e-5ae71b51b571,2026-07-16T22:00:00Z,2026-07-17T00:00:00+0200,8698.36,MW,BE,BE,actual_load,Actual Load,2026-08-02T04:32:23Z
2026-08-02T04:32:20Z,2026-08-02T06:32:20+0200,7aafc1bd-8364-45d6-9e1e-5ae71b51b571,2026-07-16T22:15:00Z,2026-07-17T00:15:00+0200,8586.88,MW,BE,BE,actual_load,Actual Load,2026-08-02T04:32:23Z
2026-08-02T04:32:20Z,2026-08-02T06:32:20+0200,7aafc1bd-8364-45d6-9e1e-5ae71b51b571,2026-07-16T22:30:00Z,2026-07-17T00:30:00+0200,8496.64,MW,BE,BE,actual_load,Actual Load,2026-08-02T04:32:23Z
2026-08-02T04:32:20Z,2026-08-02T06:32:20+0200,7aafc1bd-8364-45d6-9e1e-5ae71b51b571,2026-07-16T22:45:00Z,2026-07-17T00:45:00+0200,8441.16,MW,BE,BE,actual_load,Actual Load,2026-08-02T04:32:23Z
2026-08-02T04:32:20Z,2026-08-02T06:32:20+0200,7aafc1bd-8364-45d6-9e1e-5ae71b51b571,2026-07-16T23:00:00Z,2026-07-17T01:00:00+0200,8422.6,MW,BE,BE,actual_load,Actual Load,2026-08-02T04:32:23Z
2026-08-02T04:32:20Z,2026-08-02T06:32:20+0200,7aafc1bd-8364-45d6-9e1e-5ae71b51b571,2026-07-16T23:15:00Z,2026-07-17T01:15:00+0200,8328.29,MW,BE,BE,actual_load,Actual Load,2026-08-02T04:32:23Z
2026-08-02T04:32:20Z,2026-08-02T06:32:20+0200,7aafc1bd-8364-45d6-9e1e-5ae71b51b571,2026-07-16T23:30:00Z,2026-07-17T01:30:00+0200,8286.01,MW,BE,BE,actual_load,Actual Load,2026-08-02T04:32:23Z
2026-08-02T04:32:20Z,2026-08-02T06:32:20+0200,7aafc1bd-8364-45d6-9e1e-5ae71b51b571,2026-07-16T23:45:00Z,2026-07-17T01:45:00+0200,8190.64,MW,BE,BE,actual_load,Actual Load,2026-08-02T04:32:23Z
2026-08-02T04:32:20Z,2026-08-02T06:32:20+0200,7aafc1bd-8364-45d6-9e1e-5ae71b51b571,2026-07-17T00:00:00Z,2026-07-17T02:00:00+0200,8159.21,MW,BE,BE,actual_load,Actual Load,2026-08-02T04:32:23Z
2026-08-02T04:32:20Z,2026-08-02T06:32:20+0200,7aafc1bd-8364-45d6-9e1e-5ae71b51b571,2026-07-17T00:15:00Z,2026-07-17T02:15:00+0200,8084.98,MW,BE,BE,actual_load,Actual Load,2026-08-02T04:32:23Z
2026-08-02T04:32:20Z,2026-08-02T06:32:20+0200,7aafc1bd-8364-45d6-9e1e-5ae71b51b571,2026-07-17T00:30:00Z,2026-07-17T02:30:00+0200,8033.23,MW,BE,BE,actual_load,Actual Load,2026-08-02T04:32:23Z
2026-08-02T04:32:20Z,2026-08-02T06:32:20+0200,7aafc1bd-8364-45d6-9e1e-5ae71b51b571,2026-07-17T00:45:00Z,2026-07-17T02:45:00+0200,7916.87,MW,BE,BE,actual_load,Actual Load,2026-08-02T04:32:23Z
2026-08-02T04:32:20Z,2026-08-02T06:32:20+0200,7aafc1bd-8364-45d6-9e1e-5ae71b51b571,2026-07-17T01:00:00Z,2026-07-17T03:00:00+0200,7843.26,MW,BE,BE,actual_load,Actual Load,2026-08-02T04:32:23Z
2026-08-02T04:32:20Z,2026-08-02T06:32:20+0200,7aafc1bd-8364-45d6-9e1e-5ae71b51b571,2026-07-17T01:15:00Z,2026-07-17T03:15:00+0200,7919.02,MW,BE,BE,actual_load,Actual Load,2026-08-02T04:32:23Z
2026-08-02T04:32:20Z,2026-08-02T06:32:20+0200,7aafc1bd-8364-45d6-9e1e-5ae71b51b571,2026-07-17T01:30:00Z,2026-07-17T03:30:00+0200,7889.32,MW,BE,BE,actual_load,Actual Load,2026-08-02T04:32:23Z
2026-08-02T04:32:20Z,2026-08-02T06:32:20+0200,7aafc1bd-8364-45d6-9e1e-5ae71b51b571,2026-07-17T01:45:00Z,2026-07-17T03:45:00+0200,7979.7,MW,BE,BE,actual_load,Actual Load,2026-08-02T04:32:23Z
2026-08-02T04:32:20Z,2026-08-02T06:32:20+0200,7aafc1bd-8364-45d6-9e1e-5ae71b51b571,2026-07-17T02:00:00Z,2026-07-17T04:00:00+0200,8022.21,MW,BE,BE,actual_load,Actual Load,2026-08-02T04:32:23Z
2026-08-02T04:32:20Z,2026-08-02T06:32:20+0200,7aafc1bd-8364-45d6-9e1e-5ae71b51b571,2026-07-17T02:15:00Z,2026-07-17T04:15:00+0200,7969.68,MW,BE,BE,actual_load,Actual Load,2026-08-02T04:32:23Z
2026-08-02T04:32:20Z,2026-08-02T06:32:20+0200,7aafc1bd-8364-45d6-9e1e-5ae71b51b571,2026-07-17T02:30:00Z,2026-07-17T04:30:00+0200,8023.73,MW,BE,BE,actual_load,Actual Load,2026-08-02T04:32:23Z
2026-08-02T04:32:20Z,2026-08-02T06:32:20+0200,7aafc1bd-8364-45d6-9e1e-5ae71b51b571,2026-07-17T02:45:00Z,2026-07-17T04:45:00+0200,8022.89,MW,BE,BE,actual_load,Actual Load,2026-08-02T04:32:23Z
2026-08-02T04:32:20Z,2026-08-02T06:32:20+0200,7aafc1bd-8364-45d6-9e1e-5ae71b51b571,2026-07-17T03:00:00Z,2026-07-17T05:00:00+0200,8144.01,MW,BE,BE,actual_load,Actual Load,2026-08-02T04:32:23Z
2026-08-02T04:32:20Z,2026-08-02T06:32:20+0200,7aafc1bd-8364-45d6-9e1e-5ae71b51b571,2026-07-17T03:15:00Z,2026-07-17T05:15:00+0200,8166.29,MW,BE,BE,actual_load,Actual Load,2026-08-02T04:32:23Z
2026-08-02T04:32:20Z,2026-08-02T06:32:20+0200,7aafc1bd-8364-45d6-9e1e-5ae71b51b571,2026-07-17T03:30:00Z,2026-07-17T05:30:00+0200,8158.47,MW,BE,BE,actual_load,Actual Load,2026-08-02T04:32:23Z
2026-08-02T04:32:20Z,2026-08-02T06:32:20+0200,7aafc1bd-8364-45d6-9e1e-5ae71b51b571,2026-07-17T03:45:00Z,2026-07-17T05:45:00+0200,8187.5,MW,BE,BE,actual_load,Actual Load,2026-08-02T04:32:23Z
2026-08-02T04:32:20Z,2026-08-02T06:32:20+0200,7aafc1bd-8364-45d6-9e1e-5ae71b51b571,2026-07-17T04:00:00Z,2026-07-17T06:00:00+0200,8339.81,MW,BE,BE,actual_load,Actual Load,2026-08-02T04:32:23Z
2026-08-02T04:32:20Z,2026-08-02T06:32:20+0200,7aafc1bd-8364-45d6-9e1e-5ae71b51b571,2026-07-17T04:15:00Z,2026-07-17T06:15:00+0200,8495.8,MW,BE,BE,actual_load,Actual Load,2026-08-02T04:32:23Z
2026-08-02T04:32:20Z,2026-08-02T06:32:20+0200,7aafc1bd-8364-45d6-9e1e-5ae71b51b571,2026-07-17T04:30:00Z,2026-07-17T06:30:00+0200,8637.54,MW,BE,BE,actual_load,Actual Load,2026-08-02T04:32:23Z
2026-08-02T04:32:20Z,2026-08-02T06:32:20+0200,7aafc1bd-8364-45d6-9e1e-5ae71b51b571,2026-07-17T04:45:00Z,2026-07-17T06:45:00+0200,8771.24,MW,BE,BE,actual_load,Actual Load,2026-08-02T04:32:23Z
2026-08-02T04:32:20Z,2026-08-02T06:32:20+0200,7aafc1bd-8364-45d6-9e1e-5ae71b51b571,2026-07-17T05:00:00Z,2026-07-17T07:00:00+0200,8889.08,MW,BE,BE,actual_load,Actual Load,2026-08-02T04:32:23Z
2026-08-02T04:32:20Z,2026-08-02T06:32:20+0200,7aafc1bd-8364-45d6-9e1e-5ae71b51b571,2026-07-17T05:15:00Z,2026-07-17T07:15:00+0200,9088.38,MW,BE,BE,actual_load,Actual Load,2026-08-02T04:32:23Z
2026-08-02T04:32:20Z,2026-08-02T06:32:20+0200,7aafc1bd-8364-45d6-9e1e-5ae71b51b571,2026-07-17T05:30:00Z,2026-07-17T07:30:00+0200,9215.55,MW,BE,BE,actual_load,Actual Load,2026-08-02T04:32:23Z
2026-08-02T04:32:20Z,2026-08-02T06:32:20+0200,7aafc1bd-8364-45d6-9e1e-5ae71b51b571,2026-07-17T05:45:00Z,2026-07-17T07:45:00+0200,9383.41,MW,BE,BE,actual_load,Actual Load,2026-08-02T04:32:23Z
2026-08-02T04:32:20Z,2026-08-02T06:32:20+0200,7aafc1bd-8364-45d6-9e1e-5ae71b51b571,2026-07-17T06:00:00Z,2026-07-17T08:00:00+0200,9408.28,MW,BE,BE,actual_load,Actual Load,2026-08-02T04:32:23Z
2026-08-02T04:32:20Z,2026-08-02T06:32:20+0200,7aafc1bd-8364-45d6-9e1e-5ae71b51b571,2026-07-17T06:15:00Z,2026-07-17T08:15:00+0200,9486.03,MW,BE,BE,actual_load,Actual Load,2026-08-02T04:32:23Z
2026-08-02T04:32:20Z,2026-08-02T06:32:20+0200,7aafc1bd-8364-45d6-9e1e-5ae71b51b571,2026-07-17T06:30:00Z,2026-07-17T08:30:00+0200,9645.53,MW,BE,BE,actual_load,Actual Load,2026-08-02T04:32:23Z
2026-08-02T04:32:20Z,2026-08-02T06:32:20+0200,7aafc1bd-8364-45d6-9e1e-5ae71b51b571,2026-07-17T06:45:00Z,2026-07-17T08:45:00+0200,9832.74,MW,BE,BE,actual_load,Actual Load,2026-08-02T04:32:23Z
2026-08-02T04:32:20Z,2026-08-02T06:32:20+0200,7aafc1bd-8364-45d6-9e1e-5ae71b51b571,2026-07-17T07:00:00Z,2026-07-17T09:00:00+0200,9863.32,MW,BE,BE,actual_load,Actual Load,2026-08-02T04:32:23Z
2026-08-02T04:32:20Z,2026-08-02T06:32:20+0200,7aafc1bd-8364-45d6-9e1e-5ae71b51b571,2026-07-17T07:15:00Z,2026-07-17T09:15:00+0200,10019.42,MW,BE,BE,actual_load,Actual Load,2026-08-02T04:32:23Z
2026-08-02T04:32:20Z,2026-08-02T06:32:20+0200,7aafc1bd-8364-45d6-9e1e-5ae71b51b571,2026-07-17T07:30:00Z,2026-07-17T09:30:00+0200,10025.45,MW,BE,BE,actual_load,Actual Load,2026-08-02T04:32:23Z
2026-08-02T04:32:20Z,2026-08-02T06:32:20+0200,7aafc1bd-8364-45d6-9e1e-5ae71b51b571,2026-07-17T07:45:00Z,2026-07-17T09:45:00+0200,10152.98,MW,BE,BE,actual_load,Actual Load,2026-08-02T04:32:23Z
2026-08-02T04:32:20Z,2026-08-02T06:32:20+0200,7aafc1bd-8364-45d6-9e1e-5ae71b51b571,2026-07-17T08:00:00Z,2026-07-17T10:00:00+0200,10311.57,MW,BE,BE,actual_load,Actual Load,2026-08-02T04:32:23Z
2026-08-02T04:32:20Z,2026-08-02T06:32:20+0200,7aafc1bd-8364-45d6-9e1e-5ae71b51b571,2026-07-17T08:15:00Z,2026-07-17T10:15:00+0200,10410.06,MW,BE,BE,actual_load,Actual Load,2026-08-02T04:32:23Z
2026-08-02T04:32:20Z,2026-08-02T06:32:20+0200,7aafc1bd-8364-45d6-9e1e-5ae71b51b571,2026-07-17T08:30:00Z,2026-07-17T10:30:00+0200,10306.22,MW,BE,BE,actual_load,Actual Load,2026-08-02T04:32:23Z
2026-08-02T04:32:20Z,2026-08-02T06:32:20+0200,7aafc1bd-8364-45d6-9e1e-5ae71b51b571,2026-07-17T08:45:00Z,2026-07-17T10:45:00+0200,10367.92,MW,BE,BE,actual_load,Actual Load,2026-08-02T04:32:23Z
2026-08-02T04:32:20Z,2026-08-02T06:32:20+0200,7aafc1bd-8364-45d6-9e1e-5ae71b51b571,2026-07-17T09:00:00Z,2026-07-17T11:00:00+0200,10360.44,MW,BE,BE,actual_load,Actual Load,2026-08-02T04:32:23Z
2026-08-02T04:32:20Z,2026-08-02T06:32:20+0200,7aafc1bd-8364-45d6-9e1e-5ae71b51b571,2026-07-17T09:15:00Z,2026-07-17T11:15:00+0200,10421.51,MW,BE,BE,actual_load,Actual Load,2026-08-02T04:32:23Z
2026-08-02T04:32:20Z,2026-08-02T06:32:20+0200,7aafc1bd-8364-45d6-9e1e-5ae71b51b571,2026-07-17T09:30:00Z,2026-07-17T11:30:00+0200,10482.32,MW,BE,BE,actual_load,Actual Load,2026-08-02T04:32:23Z
2026-08-02T04:32:20Z,2026-08-02T06:32:20+0200,7aafc1bd-8364-45d6-9e1e-5ae71b51b571,2026-07-17T09:45:00Z,2026-07-17T11:45:00+0200,10598.88,MW,BE,BE,actual_load,Actual Load,2026-08-02T04:32:23Z
2026-08-02T04:32:20Z,2026-08-02T06:32:20+0200,7aafc1bd-8364-45d6-9e1e-5ae71b51b571,2026-07-17T10:00:00Z,2026-07-17T12:00:00+0200,10598.73,MW,BE,BE,actual_load,Actual Load,2026-08-02T04:32:23Z
2026-08-02T04:32:20Z,2026-08-02T06:32:20+0200,7aafc1bd-8364-45d6-9e1e-5ae71b51b571,2026-07-17T10:15:00Z,2026-07-17T12:15:00+0200,10589.33,MW,BE,BE,actual_load,Actual Load,2026-08-02T04:32:23Z
2026-08-02T04:32:20Z,2026-08-02T06:32:20+0200,7aafc1bd-8364-45d6-9e1e-5ae71b51b571,2026-07-17T10:30:00Z,2026-07-17T12:30:00+0200,10592.5,MW,BE,BE,actual_load,Actual Load,2026-08-02T04:32:23Z
2026-08-02T04:32:20Z,2026-08-02T06:32:20+0200,7aafc1bd-8364-45d6-9e1e-5ae71b51b571,2026-07-17T10:45:00Z,2026-07-17T12:45:00+0200,10603.35,MW,BE,BE,actual_load,Actual Load,2026-08-02T04:32:23Z
2026-08-02T04:32:20Z,2026-08-02T06:32:20+0200,7aafc1bd-8364-45d6-9e1e-5ae71b51b571,2026-07-17T11:00:00Z,2026-07-17T13:00:00+0200,10567.32,MW,BE,BE,actual_load,Actual Load,2026-08-02T04:32:23Z
2026-08-02T04:32:20Z,2026-08-02T06:32:20+0200,7aafc1bd-8364-45d6-9e1e-5ae71b51b571,2026-07-17T11:15:00Z,2026-07-17T13:15:00+0200,10557.08,MW,BE,BE,actual_load,Actual Load,2026-08-02T04:32:23Z
2026-08-02T04:32:20Z,2026-08-02T06:32:20+0200,7aafc1bd-8364-45d6-9e1e-5ae71b51b571,2026-07-17T11:30:00Z,2026-07-17T13:30:00+0200,10587.16,MW,BE,BE,actual_load,Actual Load,2026-08-02T04:32:23Z
2026-08-02T04:32:20Z,2026-08-02T06:32:20+0200,7aafc1bd-8364-45d6-9e1e-5ae71b51b571,2026-07-17T11:45:00Z,2026-07-17T13:45:00+0200,10450.73,MW,BE,BE,actual_load,Actual Load,2026-08-02T04:32:23Z
2026-08-02T04:32:20Z,2026-08-02T06:32:20+0200,7aafc1bd-8364-45d6-9e1e-5ae71b51b571,2026-07-17T12:00:00Z,2026-07-17T14:00:00+0200,10496.22,MW,BE,BE,actual_load,Actual Load,2026-08-02T04:32:23Z
2026-08-02T04:32:20Z,2026-08-02T06:32:20+0200,7aafc1bd-8364-45d6-9e1e-5ae71b51b571,2026-07-17T12:15:00Z,2026-07-17T14:15:00+0200,10646.86,MW,BE,BE,actual_load,Actual Load,2026-08-02T04:32:23Z
2026-08-02T04:32:20Z,2026-08-02T06:32:20+0200,7aafc1bd-8364-45d6-9e1e-5ae71b51b571,2026-07-17T12:30:00Z,2026-07-17T14:30:00+0200,10503.19,MW,BE,BE,actual_load,Actual Load,2026-08-02T04:32:23Z
2026-08-02T04:32:20Z,2026-08-02T06:32:20+0200,7aafc1bd-8364-45d6-9e1e-5ae71b51b571,2026-07-17T12:45:00Z,2026-07-17T14:45:00+0200,10465.09,MW,BE,BE,actual_load,Actual Load,2026-08-02T04:32:23Z
2026-08-02T04:32:20Z,2026-08-02T06:32:20+0200,7aafc1bd-8364-45d6-9e1e-5ae71b51b571,2026-07-17T13:00:00Z,2026-07-17T15:00:00+0200,10368.69,MW,BE,BE,actual_load,Actual Load,2026-08-02T04:32:23Z
2026-08-02T04:32:20Z,2026-08-02T06:32:20+0200,7aafc1bd-8364-45d6-9e1e-5ae71b51b571,2026-07-17T13:15:00Z,2026-07-17T15:15:00+0200,10289.46,MW,BE,BE,actual_load,Actual Load,2026-08-02T04:32:23Z
2026-08-02T04:32:20Z,2026-08-02T06:32:20+0200,7aafc1bd-8364-45d6-9e1e-5ae71b51b571,2026-07-17T13:30:00Z,2026-07-17T15:30:00+0200,10138.8,MW,BE,BE,actual_load,Actual Load,2026-08-02T04:32:23Z
2026-08-02T04:32:20Z,2026-08-02T06:32:20+0200,7aafc1bd-8364-45d6-9e1e-5ae71b51b571,2026-07-17T13:45:00Z,2026-07-17T15:45:00+0200,10043.88,MW,BE,BE,actual_load,Actual Load,2026-08-02T04:32:23Z
2026-08-02T04:32:20Z,2026-08-02T06:32:20+0200,7aafc1bd-8364-45d6-9e1e-5ae71b51b571,2026-07-17T14:00:00Z,2026-07-17T16:00:00+0200,9990.06,MW,BE,BE,actual_load,Actual Load,2026-08-02T04:32:23Z
2026-08-02T04:32:20Z,2026-08-02T06:32:20+0200,7aafc1bd-8364-45d6-9e1e-5ae71b51b571,2026-07-17T14:15:00Z,2026-07-17T16:15:00+0200,9796.34,MW,BE,BE,actual_load,Actual Load,2026-08-02T04:32:23Z
2026-08-02T04:32:20Z,2026-08-02T06:32:20+0200,7aafc1bd-8364-45d6-9e1e-5ae71b51b571,2026-07-17T14:30:00Z,2026-07-17T16:30:00+0200,9781.34,MW,BE,BE,actual_load,Actual Load,2026-08-02T04:32:23Z
2026-08-02T04:32:20Z,2026-08-02T06:32:20+0200,7aafc1bd-8364-45d6-9e1e-5ae71b51b571,2026-07-17T14:45:00Z,2026-07-17T16:45:00+0200,9819.43,MW,BE,BE,actual_load,Actual Load,2026-08-02T04:32:23Z
2026-08-02T04:32:20Z,2026-08-02T06:32:20+0200,7aafc1bd-8364-45d6-9e1e-5ae71b51b571,2026-07-17T15:00:00Z,2026-07-17T17:00:00+0200,9761.79,MW,BE,BE,actual_load,Actual Load,2026-08-02T04:32:23Z
2026-08-02T04:32:20Z,2026-08-02T06:32:20+0200,7aafc1bd-8364-45d6-9e1e-5ae71b51b571,2026-07-17T15:15:00Z,2026-07-17T17:15:00+0200,9690.31,MW,BE,BE,actual_load,Actual Load,2026-08-02T04:32:23Z
2026-08-02T04:32:20Z,2026-08-02T06:32:20+0200,7aafc1bd-8364-45d6-9e1e-5ae71b51b571,2026-07-17T15:30:00Z,2026-07-17T17:30:00+0200,9694.98,MW,BE,BE,actual_load,Actual Load,2026-08-02T04:32:23Z
2026-08-02T04:32:20Z,2026-08-02T06:32:20+0200,7aafc1bd-8364-45d6-9e1e-5ae71b51b571,2026-07-17T15:45:00Z,2026-07-17T17:45:00+0200,9701.92,MW,BE,BE,actual_load,Actual Load,2026-08-02T04:32:23Z
2026-08-02T04:32:20Z,2026-08-02T06:32:20+0200,7aafc1bd-8364-45d6-9e1e-5ae71b51b571,2026-07-17T16:00:00Z,2026-07-17T18:00:00+0200,9548.88,MW,BE,BE,actual_load,Actual Load,2026-08-02T04:32:23Z
2026-08-02T04:32:20Z,2026-08-02T06:32:20+0200,7aafc1bd-8364-45d6-9e1e-5ae71b51b571,2026-07-17T16:15:00Z,2026-07-17T18:15:00+0200,9452.79,MW,BE,BE,actual_load,Actual Load,2026-08-02T04:32:23Z
2026-08-02T04:32:20Z,2026-08-02T06:32:20+0200,7aafc1bd-8364-45d6-9e1e-5ae71b51b571,2026-07-17T16:30:00Z,2026-07-17T18:30:00+0200,9430.47,MW,BE,BE,actual_load,Actual Load,2026-08-02T04:32:23Z
2026-08-02T04:32:20Z,2026-08-02T06:32:20+0200,7aafc1bd-8364-45d6-9e1e-5ae71b51b571,2026-07-17T16:45:00Z,2026-07-17T18:45:00+0200,9379.23,MW,BE,BE,actual_load,Actual Load,2026-08-02T04:32:23Z
2026-08-02T04:32:20Z,2026-08-02T06:32:20+0200,7aafc1bd-8364-45d6-9e1e-5ae71b51b571,2026-07-17T17:00:00Z,2026-07-17T19:00:00+0200,9500.2,MW,BE,BE,actual_load,Actual Load,2026-08-02T04:32:23Z
2026-08-02T04:32:20Z,2026-08-02T06:32:20+0200,7aafc1bd-8364-45d6-9e1e-5ae71b51b571,2026-07-17T17:15:00Z,2026-07-17T19:15:00+0200,9388.44,MW,BE,BE,actual_load,Actual Load,2026-08-02T04:32:23Z
2026-08-02T04:32:20Z,2026-08-02T06:32:20+0200,7aafc1bd-8364-45d6-9e1e-5ae71b51b571,2026-07-17T17:30:00Z,2026-07-17T19:30:00+0200,9330.33,MW,BE,BE,actual_load,Actual Load,2026-08-02T04:32:23Z
2026-08-02T04:32:20Z,2026-08-02T06:32:20+0200,7aafc1bd-8364-45d6-9e1e-5ae71b51b571,2026-07-17T17:45:00Z,2026-07-17T19:45:00+0200,9311.37,MW,BE,BE,actual_load,Actual Load,2026-08-02T04:32:23Z
2026-08-02T04:32:20Z,2026-08-02T06:32:20+0200,7aafc1bd-8364-45d6-9e1e-5ae71b51b571,2026-07-17T18:00:00Z,2026-07-17T20:00:00+0200,9220.91,MW,BE,BE,actual_load,Actual Load,2026-08-02T04:32:23Z
2026-08-02T04:32:20Z,2026-08-02T06:32:20+0200,7aafc1bd-8364-45d6-9e1e-5ae71b51b571,2026-07-17T18:15:00Z,2026-07-17T20:15:00+0200,9189.18,MW,BE,BE,actual_load,Actual Load,2026-08-02T04:32:23Z
2026-08-02T04:32:20Z,2026-08-02T06:32:20+0200,7aafc1bd-8364-45d6-9e1e-5ae71b51b571,2026-07-17T18:30:00Z,2026-07-17T20:30:00+0200,9057.56,MW,BE,BE,actual_load,Actual Load,2026-08-02T04:32:23Z
2026-08-02T04:32:20Z,2026-08-02T06:32:20+0200,7aafc1bd-8364-45d6-9e1e-5ae71b51b571,2026-07-17T18:45:00Z,2026-07-17T20:45:00+0200,8987.94,MW,BE,BE,actual_load,Actual Load,2026-08-02T04:32:23Z
2026-08-02T04:32:20Z,2026-08-02T06:32:20+0200,7aafc1bd-8364-45d6-9e1e-5ae71b51b571,2026-07-17T19:00:00Z,2026-07-17T21:00:00+0200,8989.59,MW,BE,BE,actual_load,Actual Load,2026-08-02T04:32:23Z
2026-08-02T04:32:20Z,2026-08-02T06:32:20+0200,7aafc1bd-8364-45d6-9e1e-5ae71b51b571,2026-07-17T19:15:00Z,2026-07-17T21:15:00+0200,8902.01,MW,BE,BE,actual_load,Actual Load,2026-08-02T04:32:23Z
2026-08-02T04:32:20Z,2026-08-02T06:32:20+0200,7aafc1bd-8364-45d6-9e1e-5ae71b51b571,2026-07-17T19:30:00Z,2026-07-17T21:30:00+0200,8846.33,MW,BE,BE,actual_load,Actual Load,2026-08-02T04:32:23Z
2026-08-02T04:32:20Z,2026-08-02T06:32:20+0200,7aafc1bd-8364-45d6-9e1e-5ae71b51b571,2026-07-17T19:45:00Z,2026-07-17T21:45:00+0200,8779.16,MW,BE,BE,actual_load,Actual Load,2026-08-02T04:32:23Z
2026-08-02T04:32:20Z,2026-08-02T06:32:20+0200,7aafc1bd-8364-45d6-9e1e-5ae71b51b571,2026-07-17T20:00:00Z,2026-07-17T22:00:00+0200,8680.45,MW,BE,BE,actual_load,Actual Load,2026-08-02T04:32:23Z
2026-08-02T04:32:20Z,2026-08-02T06:32:20+0200,7aafc1bd-8364-45d6-9e1e-5ae71b51b571,2026-07-17T20:15:00Z,2026-07-17T22:15:00+0200,8767.36,MW,BE,BE,actual_load,Actual Load,2026-08-02T04:32:23Z
2026-08-02T04:32:20Z,2026-08-02T06:32:20+0200,7aafc1bd-8364-45d6-9e1e-5ae71b51b571,2026-07-17T20:30:00Z,2026-07-17T22:30:00+0200,8750.06,MW,BE,BE,actual_load,Actual Load,2026-08-02T04:32:23Z
2026-08-02T04:32:20Z,2026-08-02T06:32:20+0200,7aafc1bd-8364-45d6-9e1e-5ae71b51b571,2026-07-17T20:45:00Z,2026-07-17T22:45:00+0200,8559.15,MW,BE,BE,actual_load,Actual Load,2026-08-02T04:32:23Z
2026-08-02T04:32:20Z,2026-08-02T06:32:20+0200,7aafc1bd-8364-45d6-9e1e-5ae71b51b571,2026-07-17T21:00:00Z,2026-07-17T23:00:00+0200,8546.06,MW,BE,BE,actual_load,Actual Load,2026-08-02T04:32:23Z
2026-08-02T04:32:20Z,2026-08-02T06:32:20+0200,7aafc1bd-8364-45d6-9e1e-5ae71b51b571,2026-07-17T21:15:00Z,2026-07-17T23:15:00+0200,8441.57,MW,BE,BE,actual_load,Actual Load,2026-08-02T04:32:23Z
2026-08-02T04:32:20Z,2026-08-02T06:32:20+0200,7aafc1bd-8364-45d6-9e1e-5ae71b51b571,2026-07-17T21:30:00Z,2026-07-17T23:30:00+0200,8257.89,MW,BE,BE,actual_load,Actual Load,2026-08-02T04:32:23Z
2026-08-02T04:32:20Z,2026-08-02T06:32:20+0200,7aafc1bd-8364-45d6-9e1e-5ae71b51b571,2026-07-17T21:45:00Z,2026-07-17T23:45:00+0200,8164.77,MW,BE,BE,actual_load,Actual Load,2026-08-02T04:32:23Z
2026-08-02T04:32:20Z,2026-08-02T06:32:20+0200,7aafc1bd-8364-45d6-9e1e-5ae71b51b571,2026-07-17T22:00:00Z,2026-07-18T00:00:00+0200,7983.45,MW,BE,BE,actual_load,Actual Load,2026-08-02T04:32:23Z
2026-08-02T04:32:20Z,2026-08-02T06:32:20+0200,7aafc1bd-8364-45d6-9e1e-5ae71b51b571,2026-07-17T22:15:00Z,2026-07-18T00:15:00+0200,7949.01,MW,BE,BE,actual_load,Actual Load,2026-08-02T04:32:23Z
2026-08-02T04:32:20Z,2026-08-02T06:32:20+0200,7aafc1bd-8364-45d6-9e1e-5ae71b51b571,2026-07-17T22:30:00Z,2026-07-18T00:30:00+0200,7836.31,MW,BE,BE,actual_load,Actual Load,2026-08-02T04:32:23Z
2026-08-02T04:32:20Z,2026-08-02T06:32:20+0200,7aafc1bd-8364-45d6-9e1e-5ae71b51b571,2026-07-17T22:45:00Z,2026-07-18T00:45:00+0200,7773.6,MW,BE,BE,actual_load,Actual Load,2026-08-02T04:32:23Z
2026-08-02T04:32:20Z,2026-08-02T06:32:20+0200,7aafc1bd-8364-45d6-9e1e-5ae71b51b571,2026-07-17T23:00:00Z,2026-07-18T01:00:00+0200,7755.6,MW,BE,BE,actual_load,Actual Load,2026-08-02T04:32:23Z
2026-08-02T04:32:20Z,2026-08-02T06:32:20+0200,7aafc1bd-8364-45d6-9e1e-5ae71b51b571,2026-07-17T23:15:00Z,2026-07-18T01:15:00+0200,7622.29,MW,BE,BE,actual_load,Actual Load,2026-08-02T04:32:23Z
2026-08-02T04:32:20Z,2026-08-02T06:32:20+0200,7aafc1bd-8364-45d6-9e1e-5ae71b51b571,2026-07-17T23:30:00Z,2026-07-18T01:30:00+0200,7521.28,MW,BE,BE,actual_load,Actual Load,2026-08-02T04:32:23Z
2026-08-02T04:32:20Z,2026-08-02T06:32:20+0200,7aafc1bd-8364-45d6-9e1e-5ae71b51b571,2026-07-17T23:45:00Z,2026-07-18T01:45:00+0200,7544.21,MW,BE,BE,actual_load,Actual Load,2026-08-02T04:32:23Z
2026-08-02T04:32:20Z,2026-08-02T06:32:20+0200,7aafc1bd-8364-45d6-9e1e-5ae71b51b571,2026-07-18T00:00:00Z,2026-07-18T02:00:00+0200,7459.7,MW,BE,BE,actual_load,Actual Load,2026-08-02T04:32:23Z
2026-08-02T04:32:20Z,2026-08-02T06:32:20+0200,7aafc1bd-8364-45d6-9e1e-5ae71b51b571,2026-07-18T00:15:00Z,2026-07-18T02:15:00+0200,7436.05,MW,BE,BE,actual_load,Actual Load,2026-08-02T04:32:23Z
2026-08-02T04:32:20Z,2026-08-02T06:32:20+0200,7aafc1bd-8364-45d6-9e1e-5ae71b51b571,2026-07-18T00:30:00Z,2026-07-18T02:30:00+0200,7427.34,MW,BE,BE,actual_load,Actual Load,2026-08-02T04:32:23Z
2026-08-02T04:32:20Z,2026-08-02T06:32:20+0200,7aafc1bd-8364-45d6-9e1e-5ae71b51b571,2026-07-18T00:45:00Z,2026-07-18T02:45:00+0200,7296.5,MW,BE,BE,actual_load,Actual Load,2026-08-02T04:32:23Z
2026-08-02T04:32:20Z,2026-08-02T06:32:20+0200,7aafc1bd-8364-45d6-9e1e-5ae71b51b571,2026-07-18T01:00:00Z,2026-07-18T03:00:00+0200,7279.86,MW,BE,BE,actual_load,Actual Load,2026-08-02T04:32:23Z
2026-08-02T04:32:20Z,2026-08-02T06:32:20+0200,7aafc1bd-8364-45d6-9e1e-5ae71b51b571,2026-07-18T01:15:00Z,2026-07-18T03:15:00+0200,7192.73,MW,BE,BE,actual_load,Actual Load,2026-08-02T04:32:23Z
2026-08-02T04:32:20Z,2026-08-02T06:32:20+0200,7aafc1bd-8364-45d6-9e1e-5ae71b51b571,2026-07-18T01:30:00Z,2026-07-18T03:30:00+0200,7213.49,MW,BE,BE,actual_load,Actual Load,2026-08-02T04:32:23Z
2026-08-02T04:32:20Z,2026-08-02T06:32:20+0200,7aafc1bd-8364-45d6-9e1e-5ae71b51b571,2026-07-18T01:45:00Z,2026-07-18T03:45:00+0200,7203.03,MW,BE,BE,actual_load,Actual Load,2026-08-02T04:32:23Z
2026-08-02T04:32:20Z,2026-08-02T06:32:20+0200,7aafc1bd-8364-45d6-9e1e-5ae71b51b571,2026-07-18T02:00:00Z,2026-07-18T04:00:00+0200,7138.17,MW,BE,BE,actual_load,Actual Load,2026-08-02T04:32:23Z
2026-08-02T04:32:20Z,2026-08-02T06:32:20+0200,7aafc1bd-8364-45d6-9e1e-5ae71b51b571,2026-07-18T02:15:00Z,2026-07-18T04:15:00+0200,7061.71,MW,BE,BE,actual_load,Actual Load,2026-08-02T04:32:23Z
2026-08-02T04:32:20Z,2026-08-02T06:32:20+0200,7aafc1bd-8364-45d6-9e1e-5ae71b51b571,2026-07-18T02:30:00Z,2026-07-18T04:30:00+0200,7043.72,MW,BE,BE,actual_load,Actual Load,2026-08-02T04:32:23Z
2026-08-02T04:32:20Z,2026-08-02T06:32:20+0200,7aafc1bd-8364-45d6-9e1e-5ae71b51b571,2026-07-18T02:45:00Z,2026-07-18T04:45:00+0200,7083.51,MW,BE,BE,actual_load,Actual Load,2026-08-02T04:32:23Z
2026-08-02T04:32:20Z,2026-08-02T06:32:20+0200,7aafc1bd-8364-45d6-9e1e-5ae71b51b571,2026-07-18T03:00:00Z,2026-07-18T05:00:00+0200,7119.83,MW,BE,BE,actual_load,Actual Load,2026-08-02T04:32:23Z
2026-08-02T04:32:20Z,2026-08-02T06:32:20+0200,7aafc1bd-8364-45d6-9e1e-5ae71b51b571,2026-07-18T03:15:00Z,2026-07-18T05:15:00+0200,7111.75,MW,BE,BE,actual_load,Actual Load,2026-08-02T04:32:23Z
2026-08-02T04:32:20Z,2026-08-02T06:32:20+0200,7aafc1bd-8364-45d6-9e1e-5ae71b51b571,2026-07-18T03:30:00Z,2026-07-18T05:30:00+0200,7055.28,MW,BE,BE,actual_load,Actual Load,2026-08-02T04:32:23Z
2026-08-02T04:32:20Z,2026-08-02T06:32:20+0200,7aafc1bd-8364-45d6-9e1e-5ae71b51b571,2026-07-18T03:45:00Z,2026-07-18T05:45:00+0200,6973.44,MW,BE,BE,actual_load,Actual Load,2026-08-02T04:32:23Z
2026-08-02T04:32:20Z,2026-08-02T06:32:20+0200,7aafc1bd-8364-45d6-9e1e-5ae71b51b571,2026-07-18T04:00:00Z,2026-07-18T06:00:00+0200,6989.12,MW,BE,BE,actual_load,Actual Load,2026-08-02T04:32:23Z
2026-08-02T04:32:20Z,2026-08-02T06:32:20+0200,7aafc1bd-8364-45d6-9e1e-5ae71b51b571,2026-07-18T04:15:00Z,2026-07-18T06:15:00+0200,7141.1,MW,BE,BE,actual_load,Actual Load,2026-08-02T04:32:23Z
2026-08-02T04:32:20Z,2026-08-02T06:32:20+0200,7aafc1bd-8364-45d6-9e1e-5ae71b51b571,2026-07-18T04:30:00Z,2026-07-18T06:30:00+0200,7181.41,MW,BE,BE,actual_load,Actual Load,2026-08-02T04:32:23Z
2026-08-02T04:32:20Z,2026-08-02T06:32:20+0200,7aafc1bd-8364-45d6-9e1e-5ae71b51b571,2026-07-18T04:45:00Z,2026-07-18T06:45:00+0200,7249.57,MW,BE,BE,actual_load,Actual Load,2026-08-02T04:32:23Z
2026-08-02T04:32:20Z,2026-08-02T06:32:20+0200,7aafc1bd-8364-45d6-9e1e-5ae71b51b571,2026-07-18T05:00:00Z,2026-07-18T07:00:00+0200,7341.12,MW,BE,BE,actual_load,Actual Load,2026-08-02T04:32:23Z
2026-08-02T04:32:20Z,2026-08-02T06:32:20+0200,7aafc1bd-8364-45d6-9e1e-5ae71b51b571,2026-07-18T05:15:00Z,2026-07-18T07:15:00+0200,7391.24,MW,BE,BE,actual_load,Actual Load,2026-08-02T04:32:23Z
2026-08-02T04:32:20Z,2026-08-02T06:32:20+0200,7aafc1bd-8364-45d6-9e1e-5ae71b51b571,2026-07-18T05:30:00Z,2026-07-18T07:30:00+0200,7468.23,MW,BE,BE,actual_load,Actual Load,2026-08-02T04:32:23Z
2026-08-02T04:32:20Z,2026-08-02T06:32:20+0200,7aafc1bd-8364-45d6-9e1e-5ae71b51b571,2026-07-18T05:45:00Z,2026-07-18T07:45:00+0200,7483.33,MW,BE,BE,actual_load,Actual Load,2026-08-02T04:32:23Z
2026-08-02T04:32:20Z,2026-08-02T06:32:20+0200,7aafc1bd-8364-45d6-9e1e-5ae71b51b571,2026-07-18T06:00:00Z,2026-07-18T08:00:00+0200,7474.13,MW,BE,BE,actual_load,Actual Load,2026-08-02T04:32:23Z
2026-08-02T04:32:20Z,2026-08-02T06:32:20+0200,7aafc1bd-8364-45d6-9e1e-5ae71b51b571,2026-07-18T06:15:00Z,2026-07-18T08:15:00+0200,7624.88,MW,BE,BE,actual_load,Actual Load,2026-08-02T04:32:23Z
2026-08-02T04:32:20Z,2026-08-02T06:32:20+0200,7aafc1bd-8364-45d6-9e1e-5ae71b51b571,2026-07-18T06:30:00Z,2026-07-18T08:30:00+0200,7677.65,MW,BE,BE,actual_load,Actual Load,2026-08-02T04:32:23Z
2026-08-02T04:32:20Z,2026-08-02T06:32:20+0200,7aafc1bd-8364-45d6-9e1e-5ae71b51b571,2026-07-18T06:45:00Z,2026-07-18T08:45:00+0200,7762.49,MW,BE,BE,actual_load,Actual Load,2026-08-02T04:32:23Z
2026-08-02T04:32:20Z,2026-08-02T06:32:20+0200,7aafc1bd-8364-45d6-9e1e-5ae71b51b571,2026-07-18T07:00:00Z,2026-07-18T09:00:00+0200,7974.66,MW,BE,BE,actual_load,Actual Load,2026-08-02T04:32:23Z
2026-08-02T04:32:20Z,2026-08-02T06:32:20+0200,7aafc1bd-8364-45d6-9e1e-5ae71b51b571,2026-07-18T07:15:00Z,2026-07-18T09:15:00+0200,8072.53,MW,BE,BE,actual_load,Actual Load,2026-08-02T04:32:23Z
2026-08-02T04:32:20Z,2026-08-02T06:32:20+0200,7aafc1bd-8364-45d6-9e1e-5ae71b51b571,2026-07-18T07:30:00Z,2026-07-18T09:30:00+0200,8150.04,MW,BE,BE,actual_load,Actual Load,2026-08-02T04:32:23Z
2026-08-02T04:32:20Z,2026-08-02T06:32:20+0200,7aafc1bd-8364-45d6-9e1e-5ae71b51b571,2026-07-18T07:45:00Z,2026-07-18T09:45:00+0200,8240.06,MW,BE,BE,actual_load,Actual Load,2026-08-02T04:32:23Z
2026-08-02T04:32:20Z,2026-08-02T06:32:20+0200,7aafc1bd-8364-45d6-9e1e-5ae71b51b571,2026-07-18T08:00:00Z,2026-07-18T10:00:00+0200,8352.23,MW,BE,BE,actual_load,Actual Load,2026-08-02T04:32:23Z
2026-08-02T04:32:20Z,2026-08-02T06:32:20+0200,7aafc1bd-8364-45d6-9e1e-5ae71b51b571,2026-07-18T08:15:00Z,2026-07-18T10:15:00+0200,8524.83,MW,BE,BE,actual_load,Actual Load,2026-08-02T04:32:23Z
2026-08-02T04:32:20Z,2026-08-02T06:32:20+0200,7aafc1bd-8364-45d6-9e1e-5ae71b51b571,2026-07-18T08:30:00Z,2026-07-18T10:30:00+0200,8557.12,MW,BE,BE,actual_load,Actual Load,2026-08-02T04:32:23Z
2026-08-02T04:32:20Z,2026-08-02T06:32:20+0200,7aafc1bd-8364-45d6-9e1e-5ae71b51b571,2026-07-18T08:45:00Z,2026-07-18T10:45:00+0200,8561.29,MW,BE,BE,actual_load,Actual Load,2026-08-02T04:32:23Z
2026-08-02T04:32:20Z,2026-08-02T06:32:20+0200,7aafc1bd-8364-45d6-9e1e-5ae71b51b571,2026-07-18T09:00:00Z,2026-07-18T11:00:00+0200,8589.89,MW,BE,BE,actual_load,Actual Load,2026-08-02T04:32:23Z
2026-08-02T04:32:20Z,2026-08-02T06:32:20+0200,7aafc1bd-8364-45d6-9e1e-5ae71b51b571,2026-07-18T09:15:00Z,2026-07-18T11:15:00+0200,8469.19,MW,BE,BE,actual_load,Actual Load,2026-08-02T04:32:23Z
2026-08-02T04:32:20Z,2026-08-02T06:32:20+0200,7aafc1bd-8364-45d6-9e1e-5ae71b51b571,2026-07-18T09:30:00Z,2026-07-18T11:30:00+0200,8393.87,MW,BE,BE,actual_load,Actual Load,2026-08-02T04:32:23Z
2026-08-02T04:32:20Z,2026-08-02T06:32:20+0200,7aafc1bd-8364-45d6-9e1e-5ae71b51b571,2026-07-18T09:45:00Z,2026-07-18T11:45:00+0200,8404.29,MW,BE,BE,actual_load,Actual Load,2026-08-02T04:32:23Z
2026-08-02T04:32:20Z,2026-08-02T06:32:20+0200,7aafc1bd-8364-45d6-9e1e-5ae71b51b571,2026-07-18T10:00:00Z,2026-07-18T12:00:00+0200,8596.17,MW,BE,BE,actual_load,Actual Load,2026-08-02T04:32:23Z
2026-08-02T04:32:20Z,2026-08-02T06:32:20+0200,7aafc1bd-8364-45d6-9e1e-5ae71b51b571,2026-07-18T10:15:00Z,2026-07-18T12:15:00+0200,8537.24,MW,BE,BE,actual_load,Actual Load,2026-08-02T04:32:23Z
2026-08-02T04:32:20Z,2026-08-02T06:32:20+0200,7aafc1bd-8364-45d6-9e1e-5ae71b51b571,2026-07-18T10:30:00Z,2026-07-18T12:30:00+0200,8537.06,MW,BE,BE,actual_load,Actual Load,2026-08-02T04:32:23Z
2026-08-02T04:32:20Z,2026-08-02T06:32:20+0200,7aafc1bd-8364-45d6-9e1e-5ae71b51b571,2026-07-18T10:45:00Z,2026-07-18T12:45:00+0200,8470.03,MW,BE,BE,actual_load,Actual Load,2026-08-02T04:32:23Z
2026-08-02T04:32:20Z,2026-08-02T06:32:20+0200,7aafc1bd-8364-45d6-9e1e-5ae71b51b571,2026-07-18T11:00:00Z,2026-07-18T13:00:00+0200,8491.26,MW,BE,BE,actual_load,Actual Load,2026-08-02T04:32:23Z
2026-08-02T04:32:20Z,2026-08-02T06:32:20+0200,7aafc1bd-8364-45d6-9e1e-5ae71b51b571,2026-07-18T11:15:00Z,2026-07-18T13:15:00+0200,8517.36,MW,BE,BE,actual_load,Actual Load,2026-08-02T04:32:23Z
2026-08-02T04:32:20Z,2026-08-02T06:32:20+0200,7aafc1bd-8364-45d6-9e1e-5ae71b51b571,2026-07-18T11:30:00Z,2026-07-18T13:30:00+0200,8434.57,MW,BE,BE,actual_load,Actual Load,2026-08-02T04:32:23Z
2026-08-02T04:32:20Z,2026-08-02T06:32:20+0200,7aafc1bd-8364-45d6-9e1e-5ae71b51b571,2026-07-18T11:45:00Z,2026-07-18T13:45:00+0200,8463.74,MW,BE,BE,actual_load,Actual Load,2026-08-02T04:32:23Z
2026-08-02T04:32:20Z,2026-08-02T06:32:20+0200,7aafc1bd-8364-45d6-9e1e-5ae71b51b571,2026-07-18T12:00:00Z,2026-07-18T14:00:00+0200,8605.77,MW,BE,BE,actual_load,Actual Load,2026-08-02T04:32:23Z
2026-08-02T04:32:20Z,2026-08-02T06:32:20+0200,7aafc1bd-8364-45d6-9e1e-5ae71b51b571,2026-07-18T12:15:00Z,2026-07-18T14:15:00+0200,8767.46,MW,BE,BE,actual_load,Actual Load,2026-08-02T04:32:23Z
2026-08-02T04:32:20Z,2026-08-02T06:32:20+0200,7aafc1bd-8364-45d6-9e1e-5ae71b51b571,2026-07-18T12:30:00Z,2026-07-18T14:30:00+0200,8901.1,MW,BE,BE,actual_load,Actual Load,2026-08-02T04:32:23Z
2026-08-02T04:32:20Z,2026-08-02T06:32:20+0200,7aafc1bd-8364-45d6-9e1e-5ae71b51b571,2026-07-18T12:45:00Z,2026-07-18T14:45:00+0200,8886.19,MW,BE,BE,actual_load,Actual Load,2026-08-02T04:32:23Z
2026-08-02T04:32:20Z,2026-08-02T06:32:20+0200,7aafc1bd-8364-45d6-9e1e-5ae71b51b571,2026-07-18T13:00:00Z,2026-07-18T15:00:00+0200,8899.17,MW,BE,BE,actual_load,Actual Load,2026-08-02T04:32:23Z
2026-08-02T04:32:20Z,2026-08-02T06:32:20+0200,7aafc1bd-8364-45d6-9e1e-5ae71b51b571,2026-07-18T13:15:00Z,2026-07-18T15:15:00+0200,8926.6,MW,BE,BE,actual_load,Actual Load,2026-08-02T04:32:23Z
2026-08-02T04:32:20Z,2026-08-02T06:32:20+0200,7aafc1bd-8364-45d6-9e1e-5ae71b51b571,2026-07-18T13:30:00Z,2026-07-18T15:30:00+0200,8799.33,MW,BE,BE,actual_load,Actual Load,2026-08-02T04:32:23Z
2026-08-02T04:32:20Z,2026-08-02T06:32:20+0200,7aafc1bd-8364-45d6-9e1e-5ae71b51b571,2026-07-18T13:45:00Z,2026-07-18T15:45:00+0200,8680.03,MW,BE,BE,actual_load,Actual Load,2026-08-02T04:32:23Z
2026-08-02T04:32:20Z,2026-08-02T06:32:20+0200,7aafc1bd-8364-45d6-9e1e-5ae71b51b571,2026-07-18T14:00:00Z,2026-07-18T16:00:00+0200,8627.21,MW,BE,BE,actual_load,Actual Load,2026-08-02T04:32:23Z
2026-08-02T04:32:20Z,2026-08-02T06:32:20+0200,7aafc1bd-8364-45d6-9e1e-5ae71b51b571,2026-07-18T14:15:00Z,2026-07-18T16:15:00+0200,8547.26,MW,BE,BE,actual_load,Actual Load,2026-08-02T04:32:23Z
2026-08-02T04:32:20Z,2026-08-02T06:32:20+0200,7aafc1bd-8364-45d6-9e1e-5ae71b51b571,2026-07-18T14:30:00Z,2026-07-18T16:30:00+0200,8464.92,MW,BE,BE,actual_load,Actual Load,2026-08-02T04:32:23Z
2026-08-02T04:32:20Z,2026-08-02T06:32:20+0200,7aafc1bd-8364-45d6-9e1e-5ae71b51b571,2026-07-18T14:45:00Z,2026-07-18T16:45:00+0200,8392.81,MW,BE,BE,actual_load,Actual Load,2026-08-02T04:32:23Z
2026-08-02T04:32:20Z,2026-08-02T06:32:20+0200,7aafc1bd-8364-45d6-9e1e-5ae71b51b571,2026-07-18T15:00:00Z,2026-07-18T17:00:00+0200,8295.57,MW,BE,BE,actual_load,Actual Load,2026-08-02T04:32:23Z
2026-08-02T04:32:20Z,2026-08-02T06:32:20+0200,7aafc1bd-8364-45d6-9e1e-5ae71b51b571,2026-07-18T15:15:00Z,2026-07-18T17:15:00+0200,8064.41,MW,BE,BE,actual_load,Actual Load,2026-08-02T04:32:23Z
2026-08-02T04:32:20Z,2026-08-02T06:32:20+0200,7aafc1bd-8364-45d6-9e1e-5ae71b51b571,2026-07-18T15:30:00Z,2026-07-18T17:30:00+0200,8097.27,MW,BE,BE,actual_load,Actual Load,2026-08-02T04:32:23Z
2026-08-02T04:32:20Z,2026-08-02T06:32:20+0200,7aafc1bd-8364-45d6-9e1e-5ae71b51b571,2026-07-18T15:45:00Z,2026-07-18T17:45:00+0200,8252.16,MW,BE,BE,actual_load,Actual Load,2026-08-02T04:32:23Z
2026-08-02T04:32:20Z,2026-08-02T06:32:20+0200,7aafc1bd-8364-45d6-9e1e-5ae71b51b571,2026-07-18T16:00:00Z,2026-07-18T18:00:00+0200,8233.15,MW,BE,BE,actual_load,Actual Load,2026-08-02T04:32:23Z
2026-08-02T04:32:20Z,2026-08-02T06:32:20+0200,7aafc1bd-8364-45d6-9e1e-5ae71b51b571,2026-07-18T16:15:00Z,2026-07-18T18:15:00+0200,8177.18,MW,BE,BE,actual_load,Actual Load,2026-08-02T04:32:23Z
2026-08-02T04:32:20Z,2026-08-02T06:32:20+0200,7aafc1bd-8364-45d6-9e1e-5ae71b51b571,2026-07-18T16:30:00Z,2026-07-18T18:30:00+0200,7971.78,MW,BE,BE,actual_load,Actual Load,2026-08-02T04:32:23Z
2026-08-02T04:32:20Z,2026-08-02T06:32:20+0200,7aafc1bd-8364-45d6-9e1e-5ae71b51b571,2026-07-18T16:45:00Z,2026-07-18T18:45:00+0200,7926.22,MW,BE,BE,actual_load,Actual Load,2026-08-02T04:32:23Z
2026-08-02T04:32:20Z,2026-08-02T06:32:20+0200,7aafc1bd-8364-45d6-9e1e-5ae71b51b571,2026-07-18T17:00:00Z,2026-07-18T19:00:00+0200,8053.7,MW,BE,BE,actual_load,Actual Load,2026-08-02T04:32:23Z
2026-08-02T04:32:20Z,2026-08-02T06:32:20+0200,7aafc1bd-8364-45d6-9e1e-5ae71b51b571,2026-07-18T17:15:00Z,2026-07-18T19:15:00+0200,7957.99,MW,BE,BE,actual_load,Actual Load,2026-08-02T04:32:23Z
2026-08-02T04:32:20Z,2026-08-02T06:32:20+0200,7aafc1bd-8364-45d6-9e1e-5ae71b51b571,2026-07-18T17:30:00Z,2026-07-18T19:30:00+0200,7970.04,MW,BE,BE,actual_load,Actual Load,2026-08-02T04:32:23Z
2026-08-02T04:32:20Z,2026-08-02T06:32:20+0200,7aafc1bd-8364-45d6-9e1e-5ae71b51b571,2026-07-18T17:45:00Z,2026-07-18T19:45:00+0200,7895.03,MW,BE,BE,actual_load,Actual Load,2026-08-02T04:32:23Z
2026-08-02T04:32:20Z,2026-08-02T06:32:20+0200,7aafc1bd-8364-45d6-9e1e-5ae71b51b571,2026-07-18T18:00:00Z,2026-07-18T20:00:00+0200,8024.09,MW,BE,BE,actual_load,Actual Load,2026-08-02T04:32:23Z
2026-08-02T04:32:20Z,2026-08-02T06:32:20+0200,7aafc1bd-8364-45d6-9e1e-5ae71b51b571,2026-07-18T18:15:00Z,2026-07-18T20:15:00+0200,8092.49,MW,BE,BE,actual_load,Actual Load,2026-08-02T04:32:23Z
2026-08-02T04:32:20Z,2026-08-02T06:32:20+0200,7aafc1bd-8364-45d6-9e1e-5ae71b51b571,2026-07-18T18:30:00Z,2026-07-18T20:30:00+0200,8152.71,MW,BE,BE,actual_load,Actual Load,2026-08-02T04:32:23Z
2026-08-02T04:32:20Z,2026-08-02T06:32:20+0200,7aafc1bd-8364-45d6-9e1e-5ae71b51b571,2026-07-18T18:45:00Z,2026-07-18T20:45:00+0200,8156.34,MW,BE,BE,actual_load,Actual Load,2026-08-02T04:32:23Z
2026-08-02T04:32:20Z,2026-08-02T06:32:20+0200,7aafc1bd-8364-45d6-9e1e-5ae71b51b571,2026-07-18T19:00:00Z,2026-07-18T21:00:00+0200,8175.69,MW,BE,BE,actual_load,Actual Load,2026-08-02T04:32:23Z
2026-08-02T04:32:20Z,2026-08-02T06:32:20+0200,7aafc1bd-8364-45d6-9e1e-5ae71b51b571,2026-07-18T19:15:00Z,2026-07-18T21:15:00+0200,7989.08,MW,BE,BE,actual_load,Actual Load,2026-08-02T04:32:23Z
2026-08-02T04:32:20Z,2026-08-02T06:32:20+0200,7aafc1bd-8364-45d6-9e1e-5ae71b51b571,2026-07-18T19:30:00Z,2026-07-18T21:30:00+0200,7921.52,MW,BE,BE,actual_load,Actual Load,2026-08-02T04:32:23Z
2026-08-02T04:32:20Z,2026-08-02T06:32:20+0200,7aafc1bd-8364-45d6-9e1e-5ae71b51b571,2026-07-18T19:45:00Z,2026-07-18T21:45:00+0200,7813.36,MW,BE,BE,actual_load,Actual Load,2026-08-02T04:32:23Z
2026-08-02T04:32:20Z,2026-08-02T06:32:20+0200,7aafc1bd-8364-45d6-9e1e-5ae71b51b571,2026-07-18T20:00:00Z,2026-07-18T22:00:00+0200,7982.26,MW,BE,BE,actual_load,Actual Load,2026-08-02T04:32:23Z
2026-08-02T04:32:20Z,2026-08-02T06:32:20+0200,7aafc1bd-8364-45d6-9e1e-5ae71b51b571,2026-07-18T20:15:00Z,2026-07-18T22:15:00+0200,7944.56,MW,BE,BE,actual_load,Actual Load,2026-08-02T04:32:23Z
2026-08-02T04:32:20Z,2026-08-02T06:32:20+0200,7aafc1bd-8364-45d6-9e1e-5ae71b51b571,2026-07-18T20:30:00Z,2026-07-18T22:30:00+0200,7835.97,MW,BE,BE,actual_load,Actual Load,2026-08-02T04:32:23Z
2026-08-02T04:32:20Z,2026-08-02T06:32:20+0200,7aafc1bd-8364-45d6-9e1e-5ae71b51b571,2026-07-18T20:45:00Z,2026-07-18T22:45:00+0200,7822.79,MW,BE,BE,actual_load,Actual Load,2026-08-02T04:32:23Z
2026-08-02T04:32:20Z,2026-08-02T06:32:20+0200,7aafc1bd-8364-45d6-9e1e-5ae71b51b571,2026-07-18T21:00:00Z,2026-07-18T23:00:00+0200,7595.04,MW,BE,BE,actual_load,Actual Load,2026-08-02T04:32:23Z
2026-08-02T04:32:20Z,2026-08-02T06:32:20+0200,7aafc1bd-8364-45d6-9e1e-5ae71b51b571,2026-07-18T21:15:00Z,2026-07-18T23:15:00+0200,7540.67,MW,BE,BE,actual_load,Actual Load,2026-08-02T04:32:23Z
2026-08-02T04:32:20Z,2026-08-02T06:32:20+0200,7aafc1bd-8364-45d6-9e1e-5ae71b51b571,2026-07-18T21:30:00Z,2026-07-18T23:30:00+0200,7505.85,MW,BE,BE,actual_load,Actual Load,2026-08-02T04:32:23Z
2026-08-02T04:32:20Z,2026-08-02T06:32:20+0200,7aafc1bd-8364-45d6-9e1e-5ae71b51b571,2026-07-18T21:45:00Z,2026-07-18T23:45:00+0200,7429.72,MW,BE,BE,actual_load,Actual Load,2026-08-02T04:32:23Z
2026-08-02T04:32:20Z,2026-08-02T06:32:20+0200,7aafc1bd-8364-45d6-9e1e-5ae71b51b571,2026-07-18T22:00:00Z,2026-07-19T00:00:00+0200,7515.45,MW,BE,BE,actual_load,Actual Load,2026-08-02T04:32:23Z
2026-08-02T04:32:20Z,2026-08-02T06:32:20+0200,7aafc1bd-8364-45d6-9e1e-5ae71b51b571,2026-07-18T22:15:00Z,2026-07-19T00:15:00+0200,7430.55,MW,BE,BE,actual_load,Actual Load,2026-08-02T04:32:23Z
2026-08-02T04:32:20Z,2026-08-02T06:32:20+0200,7aafc1bd-8364-45d6-9e1e-5ae71b51b571,2026-07-18T22:30:00Z,2026-07-19T00:30:00+0200,7392.68,MW,BE,BE,actual_load,Actual Load,2026-08-02T04:32:23Z
2026-08-02T04:32:20Z,2026-08-02T06:32:20+0200,7aafc1bd-8364-45d6-9e1e-5ae71b51b571,2026-07-18T22:45:00Z,2026-07-19T00:45:00+0200,7364.82,MW,BE,BE,actual_load,Actual Load,2026-08-02T04:32:23Z
2026-08-02T04:32:20Z,2026-08-02T06:32:20+0200,7aafc1bd-8364-45d6-9e1e-5ae71b51b571,2026-07-18T23:00:00Z,2026-07-19T01:00:00+0200,7304.14,MW,BE,BE,actual_load,Actual Load,2026-08-02T04:32:23Z
2026-08-02T04:32:20Z,2026-08-02T06:32:20+0200,7aafc1bd-8364-45d6-9e1e-5ae71b51b571,2026-07-18T23:15:00Z,2026-07-19T01:15:00+0200,7252.4,MW,BE,BE,actual_load,Actual Load,2026-08-02T04:32:23Z
2026-08-02T04:32:20Z,2026-08-02T06:32:20+0200,7aafc1bd-8364-45d6-9e1e-5ae71b51b571,2026-07-18T23:30:00Z,2026-07-19T01:30:00+0200,7128.6,MW,BE,BE,actual_load,Actual Load,2026-08-02T04:32:23Z
2026-08-02T04:32:20Z,2026-08-02T06:32:20+0200,7aafc1bd-8364-45d6-9e1e-5ae71b51b571,2026-07-18T23:45:00Z,2026-07-19T01:45:00+0200,7082.59,MW,BE,BE,actual_load,Actual Load,2026-08-02T04:32:23Z
2026-08-02T04:32:20Z,2026-08-02T06:32:20+0200,7aafc1bd-8364-45d6-9e1e-5ae71b51b571,2026-07-19T00:00:00Z,2026-07-19T02:00:00+0200,7014.01,MW,BE,BE,actual_load,Actual Load,2026-08-02T04:32:23Z
2026-08-02T04:32:20Z,2026-08-02T06:32:20+0200,7aafc1bd-8364-45d6-9e1e-5ae71b51b571,2026-07-19T00:15:00Z,2026-07-19T02:15:00+0200,6889.28,MW,BE,BE,actual_load,Actual Load,2026-08-02T04:32:23Z
2026-08-02T04:32:20Z,2026-08-02T06:32:20+0200,7aafc1bd-8364-45d6-9e1e-5ae71b51b571,2026-07-19T00:30:00Z,2026-07-19T02:30:00+0200,6885.17,MW,BE,BE,actual_load,Actual Load,2026-08-02T04:32:23Z
2026-08-02T04:32:20Z,2026-08-02T06:32:20+0200,7aafc1bd-8364-45d6-9e1e-5ae71b51b571,2026-07-19T00:45:00Z,2026-07-19T02:45:00+0200,6830.95,MW,BE,BE,actual_load,Actual Load,2026-08-02T04:32:23Z
2026-08-02T04:32:20Z,2026-08-02T06:32:20+0200,7aafc1bd-8364-45d6-9e1e-5ae71b51b571,2026-07-19T01:00:00Z,2026-07-19T03:00:00+0200,6909.63,MW,BE,BE,actual_load,Actual Load,2026-08-02T04:32:23Z
2026-08-02T04:32:20Z,2026-08-02T06:32:20+0200,7aafc1bd-8364-45d6-9e1e-5ae71b51b571,2026-07-19T01:15:00Z,2026-07-19T03:15:00+0200,6865.41,MW,BE,BE,actual_load,Actual Load,2026-08-02T04:32:23Z
2026-08-02T04:32:20Z,2026-08-02T06:32:20+0200,7aafc1bd-8364-45d6-9e1e-5ae71b51b571,2026-07-19T01:30:00Z,2026-07-19T03:30:00+0200,6916.2,MW,BE,BE,actual_load,Actual Load,2026-08-02T04:32:23Z
2026-08-02T04:32:20Z,2026-08-02T06:32:20+0200,7aafc1bd-8364-45d6-9e1e-5ae71b51b571,2026-07-19T01:45:00Z,2026-07-19T03:45:00+0200,6868.01,MW,BE,BE,actual_load,Actual Load,2026-08-02T04:32:23Z
2026-08-02T04:32:20Z,2026-08-02T06:32:20+0200,7aafc1bd-8364-45d6-9e1e-5ae71b51b571,2026-07-19T02:00:00Z,2026-07-19T04:00:00+0200,6867.48,MW,BE,BE,actual_load,Actual Load,2026-08-02T04:32:23Z
2026-08-02T04:32:20Z,2026-08-02T06:32:20+0200,7aafc1bd-8364-45d6-9e1e-5ae71b51b571,2026-07-19T02:15:00Z,2026-07-19T04:15:00+0200,6844.44,MW,BE,BE,actual_load,Actual Load,2026-08-02T04:32:23Z
2026-08-02T04:32:20Z,2026-08-02T06:32:20+0200,7aafc1bd-8364-45d6-9e1e-5ae71b51b571,2026-07-19T02:30:00Z,2026-07-19T04:30:00+0200,6776.47,MW,BE,BE,actual_load,Actual Load,2026-08-02T04:32:23Z
2026-08-02T04:32:20Z,2026-08-02T06:32:20+0200,7aafc1bd-8364-45d6-9e1e-5ae71b51b571,2026-07-19T02:45:00Z,2026-07-19T04:45:00+0200,6767.13,MW,BE,BE,actual_load,Actual Load,2026-08-02T04:32:23Z
2026-08-02T04:32:20Z,2026-08-02T06:32:20+0200,7aafc1bd-8364-45d6-9e1e-5ae71b51b571,2026-07-19T03:00:00Z,2026-07-19T05:00:00+0200,6790.11,MW,BE,BE,actual_load,Actual Load,2026-08-02T04:32:23Z
2026-08-02T04:32:20Z,2026-08-02T06:32:20+0200,7aafc1bd-8364-45d6-9e1e-5ae71b51b571,2026-07-19T03:15:00Z,2026-07-19T05:15:00+0200,6820.98,MW,BE,BE,actual_load,Actual Load,2026-08-02T04:32:23Z
2026-08-02T04:32:20Z,2026-08-02T06:32:20+0200,7aafc1bd-8364-45d6-9e1e-5ae71b51b571,2026-07-19T03:30:00Z,2026-07-19T05:30:00+0200,6888.45,MW,BE,BE,actual_load,Actual Load,2026-08-02T04:32:23Z
2026-08-02T04:32:20Z,2026-08-02T06:32:20+0200,7aafc1bd-8364-45d6-9e1e-5ae71b51b571,2026-07-19T03:45:00Z,2026-07-19T05:45:00+0200,6733.28,MW,BE,BE,actual_load,Actual Load,2026-08-02T04:32:23Z
2026-08-02T04:32:20Z,2026-08-02T06:32:20+0200,7aafc1bd-8364-45d6-9e1e-5ae71b51b571,2026-07-19T04:00:00Z,2026-07-19T06:00:00+0200,6903.48,MW,BE,BE,actual_load,Actual Load,2026-08-02T04:32:23Z
2026-08-02T04:32:20Z,2026-08-02T06:32:20+0200,7aafc1bd-8364-45d6-9e1e-5ae71b51b571,2026-07-19T04:15:00Z,2026-07-19T06:15:00+0200,7023.71,MW,BE,BE,actual_load,Actual Load,2026-08-02T04:32:23Z
2026-08-02T04:32:20Z,2026-08-02T06:32:20+0200,7aafc1bd-8364-45d6-9e1e-5ae71b51b571,2026-07-19T04:30:00Z,2026-07-19T06:30:00+0200,7046.77,MW,BE,BE,actual_load,Actual Load,2026-08-02T04:32:23Z
2026-08-02T04:32:20Z,2026-08-02T06:32:20+0200,7aafc1bd-8364-45d6-9e1e-5ae71b51b571,2026-07-19T04:45:00Z,2026-07-19T06:45:00+0200,7098.42,MW,BE,BE,actual_load,Actual Load,2026-08-02T04:32:23Z
2026-08-02T04:32:20Z,2026-08-02T06:32:20+0200,7aafc1bd-8364-45d6-9e1e-5ae71b51b571,2026-07-19T05:00:00Z,2026-07-19T07:00:00+0200,7016.4,MW,BE,BE,actual_load,Actual Load,2026-08-02T04:32:23Z
2026-08-02T04:32:20Z,2026-08-02T06:32:20+0200,7aafc1bd-8364-45d6-9e1e-5ae71b51b571,2026-07-19T05:15:00Z,2026-07-19T07:15:00+0200,7136.05,MW,BE,BE,actual_load,Actual Load,2026-08-02T04:32:23Z
2026-08-02T04:32:20Z,2026-08-02T06:32:20+0200,7aafc1bd-8364-45d6-9e1e-5ae71b51b571,2026-07-19T05:30:00Z,2026-07-19T07:30:00+0200,7233.03,MW,BE,BE,actual_load,Actual Load,2026-08-02T04:32:23Z
2026-08-02T04:32:20Z,2026-08-02T06:32:20+0200,7aafc1bd-8364-45d6-9e1e-5ae71b51b571,2026-07-19T05:45:00Z,2026-07-19T07:45:00+0200,7427.12,MW,BE,BE,actual_load,Actual Load,2026-08-02T04:32:23Z
2026-08-02T04:32:20Z,2026-08-02T06:32:20+0200,7aafc1bd-8364-45d6-9e1e-5ae71b51b571,2026-07-19T06:00:00Z,2026-07-19T08:00:00+0200,7379.5,MW,BE,BE,actual_load,Actual Load,2026-08-02T04:32:23Z
2026-08-02T04:32:20Z,2026-08-02T06:32:20+0200,7aafc1bd-8364-45d6-9e1e-5ae71b51b571,2026-07-19T06:15:00Z,2026-07-19T08:15:00+0200,7316.88,MW,BE,BE,actual_load,Actual Load,2026-08-02T04:32:23Z
2026-08-02T04:32:20Z,2026-08-02T06:32:20+0200,7aafc1bd-8364-45d6-9e1e-5ae71b51b571,2026-07-19T06:30:00Z,2026-07-19T08:30:00+0200,7326.27,MW,BE,BE,actual_load,Actual Load,2026-08-02T04:32:23Z
2026-08-02T04:32:20Z,2026-08-02T06:32:20+0200,7aafc1bd-8364-45d6-9e1e-5ae71b51b571,2026-07-19T06:45:00Z,2026-07-19T08:45:00+0200,7421.44,MW,BE,BE,actual_load,Actual Load,2026-08-02T04:32:23Z
2026-08-02T04:32:20Z,2026-08-02T06:32:20+0200,7aafc1bd-8364-45d6-9e1e-5ae71b51b571,2026-07-19T07:00:00Z,2026-07-19T09:00:00+0200,7430.38,MW,BE,BE,actual_load,Actual Load,2026-08-02T04:32:23Z
2026-08-02T04:32:20Z,2026-08-02T06:32:20+0200,7aafc1bd-8364-45d6-9e1e-5ae71b51b571,2026-07-19T07:15:00Z,2026-07-19T09:15:00+0200,7467.97,MW,BE,BE,actual_load,Actual Load,2026-08-02T04:32:23Z
2026-08-02T04:32:20Z,2026-08-02T06:32:20+0200,7aafc1bd-8364-45d6-9e1e-5ae71b51b571,2026-07-19T07:30:00Z,2026-07-19T09:30:00+0200,7451.04,MW,BE,BE,actual_load,Actual Load,2026-08-02T04:32:23Z
2026-08-02T04:32:20Z,2026-08-02T06:32:20+0200,7aafc1bd-8364-45d6-9e1e-5ae71b51b571,2026-07-19T07:45:00Z,2026-07-19T09:45:00+0200,7550.61,MW,BE,BE,actual_load,Actual Load,2026-08-02T04:32:23Z
2026-08-02T04:32:20Z,2026-08-02T06:32:20+0200,7aafc1bd-8364-45d6-9e1e-5ae71b51b571,2026-07-19T08:00:00Z,2026-07-19T10:00:00+0200,7606.05,MW,BE,BE,actual_load,Actual Load,2026-08-02T04:32:23Z
2026-08-02T04:32:20Z,2026-08-02T06:32:20+0200,7aafc1bd-8364-45d6-9e1e-5ae71b51b571,2026-07-19T08:15:00Z,2026-07-19T10:15:00+0200,7818.69,MW,BE,BE,actual_load,Actual Load,2026-08-02T04:32:23Z
2026-08-02T04:32:20Z,2026-08-02T06:32:20+0200,7aafc1bd-8364-45d6-9e1e-5ae71b51b571,2026-07-19T08:30:00Z,2026-07-19T10:30:00+0200,7990.93,MW,BE,BE,actual_load,Actual Load,2026-08-02T04:32:23Z
2026-08-02T04:32:20Z,2026-08-02T06:32:20+0200,7aafc1bd-8364-45d6-9e1e-5ae71b51b571,2026-07-19T08:45:00Z,2026-07-19T10:45:00+0200,8174.31,MW,BE,BE,actual_load,Actual Load,2026-08-02T04:32:23Z
2026-08-02T04:32:20Z,2026-08-02T06:32:20+0200,7aafc1bd-8364-45d6-9e1e-5ae71b51b571,2026-07-19T09:00:00Z,2026-07-19T11:00:00+0200,8311.28,MW,BE,BE,actual_load,Actual Load,2026-08-02T04:32:23Z
2026-08-02T04:32:20Z,2026-08-02T06:32:20+0200,7aafc1bd-8364-45d6-9e1e-5ae71b51b571,2026-07-19T09:15:00Z,2026-07-19T11:15:00+0200,8307.76,MW,BE,BE,actual_load,Actual Load,2026-08-02T04:32:23Z
2026-08-02T04:32:20Z,2026-08-02T06:32:20+0200,7aafc1bd-8364-45d6-9e1e-5ae71b51b571,2026-07-19T09:30:00Z,2026-07-19T11:30:00+0200,8398.0,MW,BE,BE,actual_load,Actual Load,2026-08-02T04:32:23Z
2026-08-02T04:32:20Z,2026-08-02T06:32:20+0200,7aafc1bd-8364-45d6-9e1e-5ae71b51b571,2026-07-19T09:45:00Z,2026-07-19T11:45:00+0200,8489.42,MW,BE,BE,actual_load,Actual Load,2026-08-02T04:32:23Z
2026-08-02T04:32:20Z,2026-08-02T06:32:20+0200,7aafc1bd-8364-45d6-9e1e-5ae71b51b571,2026-07-19T10:00:00Z,2026-07-19T12:00:00+0200,8675.45,MW,BE,BE,actual_load,Actual Load,2026-08-02T04:32:23Z
2026-08-02T04:32:20Z,2026-08-02T06:32:20+0200,7aafc1bd-8364-45d6-9e1e-5ae71b51b571,2026-07-19T10:15:00Z,2026-07-19T12:15:00+0200,8696.26,MW,BE,BE,actual_load,Actual Load,2026-08-02T04:32:23Z
2026-08-02T04:32:20Z,2026-08-02T06:32:20+0200,7aafc1bd-8364-45d6-9e1e-5ae71b51b571,2026-07-19T10:30:00Z,2026-07-19T12:30:00+0200,8591.26,MW,BE,BE,actual_load,Actual Load,2026-08-02T04:32:23Z
2026-08-02T04:32:20Z,2026-08-02T06:32:20+0200,7aafc1bd-8364-45d6-9e1e-5ae71b51b571,2026-07-19T10:45:00Z,2026-07-19T12:45:00+0200,8617.26,MW,BE,BE,actual_load,Actual Load,2026-08-02T04:32:23Z
2026-08-02T04:32:20Z,2026-08-02T06:32:20+0200,7aafc1bd-8364-45d6-9e1e-5ae71b51b571,2026-07-19T11:00:00Z,2026-07-19T13:00:00+0200,8552.14,MW,BE,BE,actual_load,Actual Load,2026-08-02T04:32:23Z
2026-08-02T04:32:20Z,2026-08-02T06:32:20+0200,7aafc1bd-8364-45d6-9e1e-5ae71b51b571,2026-07-19T11:15:00Z,2026-07-19T13:15:00+0200,8453.39,MW,BE,BE,actual_load,Actual Load,2026-08-02T04:32:23Z
2026-08-02T04:32:20Z,2026-08-02T06:32:20+0200,7aafc1bd-8364-45d6-9e1e-5ae71b51b571,2026-07-19T11:30:00Z,2026-07-19T13:30:00+0200,8466.9,MW,BE,BE,actual_load,Actual Load,2026-08-02T04:32:23Z
2026-08-02T04:32:20Z,2026-08-02T06:32:20+0200,7aafc1bd-8364-45d6-9e1e-5ae71b51b571,2026-07-19T11:45:00Z,2026-07-19T13:45:00+0200,8456.89,MW,BE,BE,actual_load,Actual Load,2026-08-02T04:32:23Z
2026-08-02T04:32:20Z,2026-08-02T06:32:20+0200,7aafc1bd-8364-45d6-9e1e-5ae71b51b571,2026-07-19T12:00:00Z,2026-07-19T14:00:00+0200,8489.91,MW,BE,BE,actual_load,Actual Load,2026-08-02T04:32:23Z
2026-08-02T04:32:20Z,2026-08-02T06:32:20+0200,7aafc1bd-8364-45d6-9e1e-5ae71b51b571,2026-07-19T12:15:00Z,2026-07-19T14:15:00+0200,8464.69,MW,BE,BE,actual_load,Actual Load,2026-08-02T04:32:23Z
2026-08-02T04:32:20Z,2026-08-02T06:32:20+0200,7aafc1bd-8364-45d6-9e1e-5ae71b51b571,2026-07-19T12:30:00Z,2026-07-19T14:30:00+0200,8556.14,MW,BE,BE,actual_load,Actual Load,2026-08-02T04:32:23Z
2026-08-02T04:32:20Z,2026-08-02T06:32:20+0200,7aafc1bd-8364-45d6-9e1e-5ae71b51b571,2026-07-19T12:45:00Z,2026-07-19T14:45:00+0200,8405.13,MW,BE,BE,actual_load,Actual Load,2026-08-02T04:32:23Z
2026-08-02T04:32:20Z,2026-08-02T06:32:20+0200,7aafc1bd-8364-45d6-9e1e-5ae71b51b571,2026-07-19T13:00:00Z,2026-07-19T15:00:00+0200,8276.28,MW,BE,BE,actual_load,Actual Load,2026-08-02T04:32:23Z
2026-08-02T04:32:20Z,2026-08-02T06:32:20+0200,7aafc1bd-8364-45d6-9e1e-5ae71b51b571,2026-07-19T13:15:00Z,2026-07-19T15:15:00+0200,8241.99,MW,BE,BE,actual_load,Actual Load,2026-08-02T04:32:23Z
2026-08-02T04:32:20Z,2026-08-02T06:32:20+0200,7aafc1bd-8364-45d6-9e1e-5ae71b51b571,2026-07-19T13:30:00Z,2026-07-19T15:30:00+0200,8250.6,MW,BE,BE,actual_load,Actual Load,2026-08-02T04:32:23Z
2026-08-02T04:32:20Z,2026-08-02T06:32:20+0200,7aafc1bd-8364-45d6-9e1e-5ae71b51b571,2026-07-19T13:45:00Z,2026-07-19T15:45:00+0200,8143.18,MW,BE,BE,actual_load,Actual Load,2026-08-02T04:32:23Z
2026-08-02T04:32:20Z,2026-08-02T06:32:20+0200,7aafc1bd-8364-45d6-9e1e-5ae71b51b571,2026-07-19T14:00:00Z,2026-07-19T16:00:00+0200,7953.06,MW,BE,BE,actual_load,Actual Load,2026-08-02T04:32:23Z
2026-08-02T04:32:20Z,2026-08-02T06:32:20+0200,7aafc1bd-8364-45d6-9e1e-5ae71b51b571,2026-07-19T14:15:00Z,2026-07-19T16:15:00+0200,7947.63,MW,BE,BE,actual_load,Actual Load,2026-08-02T04:32:23Z
2026-08-02T04:32:20Z,2026-08-02T06:32:20+0200,7aafc1bd-8364-45d6-9e1e-5ae71b51b571,2026-07-19T14:30:00Z,2026-07-19T16:30:00+0200,7827.8,MW,BE,BE,actual_load,Actual Load,2026-08-02T04:32:23Z
2026-08-02T04:32:20Z,2026-08-02T06:32:20+0200,7aafc1bd-8364-45d6-9e1e-5ae71b51b571,2026-07-19T14:45:00Z,2026-07-19T16:45:00+0200,7764.03,MW,BE,BE,actual_load,Actual Load,2026-08-02T04:32:23Z
2026-08-02T04:32:20Z,2026-08-02T06:32:20+0200,7aafc1bd-8364-45d6-9e1e-5ae71b51b571,2026-07-19T15:00:00Z,2026-07-19T17:00:00+0200,7858.89,MW,BE,BE,actual_load,Actual Load,2026-08-02T04:32:23Z
2026-08-02T04:32:20Z,2026-08-02T06:32:20+0200,7aafc1bd-8364-45d6-9e1e-5ae71b51b571,2026-07-19T15:15:00Z,2026-07-19T17:15:00+0200,7693.99,MW,BE,BE,actual_load,Actual Load,2026-08-02T04:32:23Z
2026-08-02T04:32:20Z,2026-08-02T06:32:20+0200,7aafc1bd-8364-45d6-9e1e-5ae71b51b571,2026-07-19T15:30:00Z,2026-07-19T17:30:00+0200,7836.18,MW,BE,BE,actual_load,Actual Load,2026-08-02T04:32:23Z
2026-08-02T04:32:20Z,2026-08-02T06:32:20+0200,7aafc1bd-8364-45d6-9e1e-5ae71b51b571,2026-07-19T15:45:00Z,2026-07-19T17:45:00+0200,7844.33,MW,BE,BE,actual_load,Actual Load,2026-08-02T04:32:23Z
2026-08-02T04:32:20Z,2026-08-02T06:32:20+0200,7aafc1bd-8364-45d6-9e1e-5ae71b51b571,2026-07-19T16:00:00Z,2026-07-19T18:00:00+0200,8035.16,MW,BE,BE,actual_load,Actual Load,2026-08-02T04:32:23Z
2026-08-02T04:32:20Z,2026-08-02T06:32:20+0200,7aafc1bd-8364-45d6-9e1e-5ae71b51b571,2026-07-19T16:15:00Z,2026-07-19T18:15:00+0200,7824.57,MW,BE,BE,actual_load,Actual Load,2026-08-02T04:32:23Z
2026-08-02T04:32:20Z,2026-08-02T06:32:20+0200,7aafc1bd-8364-45d6-9e1e-5ae71b51b571,2026-07-19T16:30:00Z,2026-07-19T18:30:00+0200,7927.38,MW,BE,BE,actual_load,Actual Load,2026-08-02T04:32:23Z
2026-08-02T04:32:20Z,2026-08-02T06:32:20+0200,7aafc1bd-8364-45d6-9e1e-5ae71b51b571,2026-07-19T16:45:00Z,2026-07-19T18:45:00+0200,7712.83,MW,BE,BE,actual_load,Actual Load,2026-08-02T04:32:23Z
2026-08-02T04:32:20Z,2026-08-02T06:32:20+0200,7aafc1bd-8364-45d6-9e1e-5ae71b51b571,2026-07-19T17:00:00Z,2026-07-19T19:00:00+0200,7806.07,MW,BE,BE,actual_load,Actual Load,2026-08-02T04:32:23Z
2026-08-02T04:32:20Z,2026-08-02T06:32:20+0200,7aafc1bd-8364-45d6-9e1e-5ae71b51b571,2026-07-19T17:15:00Z,2026-07-19T19:15:00+0200,7785.21,MW,BE,BE,actual_load,Actual Load,2026-08-02T04:32:23Z
2026-08-02T04:32:20Z,2026-08-02T06:32:20+0200,7aafc1bd-8364-45d6-9e1e-5ae71b51b571,2026-07-19T17:30:00Z,2026-07-19T19:30:00+0200,7872.8,MW,BE,BE,actual_load,Actual Load,2026-08-02T04:32:23Z
2026-08-02T04:32:20Z,2026-08-02T06:32:20+0200,7aafc1bd-8364-45d6-9e1e-5ae71b51b571,2026-07-19T17:45:00Z,2026-07-19T19:45:00+0200,7967.19,MW,BE,BE,actual_load,Actual Load,2026-08-02T04:32:23Z
2026-08-02T04:32:20Z,2026-08-02T06:32:20+0200,7aafc1bd-8364-45d6-9e1e-5ae71b51b571,2026-07-19T18:00:00Z,2026-07-19T20:00:00+0200,7956.66,MW,BE,BE,actual_load,Actual Load,2026-08-02T04:32:23Z
2026-08-02T04:32:20Z,2026-08-02T06:32:20+0200,7aafc1bd-8364-45d6-9e1e-5ae71b51b571,2026-07-19T18:15:00Z,2026-07-19T20:15:00+0200,7878.25,MW,BE,BE,actual_load,Actual Load,2026-08-02T04:32:23Z
2026-08-02T04:32:20Z,2026-08-02T06:32:20+0200,7aafc1bd-8364-45d6-9e1e-5ae71b51b571,2026-07-19T18:30:00Z,2026-07-19T20:30:00+0200,7860.85,MW,BE,BE,actual_load,Actual Load,2026-08-02T04:32:23Z
2026-08-02T04:32:20Z,2026-08-02T06:32:20+0200,7aafc1bd-8364-45d6-9e1e-5ae71b51b571,2026-07-19T18:45:00Z,2026-07-19T20:45:00+0200,7774.05,MW,BE,BE,actual_load,Actual Load,2026-08-02T04:32:23Z
2026-08-02T04:32:20Z,2026-08-02T06:32:20+0200,7aafc1bd-8364-45d6-9e1e-5ae71b51b571,2026-07-19T19:00:00Z,2026-07-19T21:00:00+0200,7753.63,MW,BE,BE,actual_load,Actual Load,2026-08-02T04:32:23Z
2026-08-02T04:32:20Z,2026-08-02T06:32:20+0200,7aafc1bd-8364-45d6-9e1e-5ae71b51b571,2026-07-19T19:15:00Z,2026-07-19T21:15:00+0200,7677.06,MW,BE,BE,actual_load,Actual Load,2026-08-02T04:32:23Z
2026-08-02T04:32:20Z,2026-08-02T06:32:20+0200,7aafc1bd-8364-45d6-9e1e-5ae71b51b571,2026-07-19T19:30:00Z,2026-07-19T21:30:00+0200,7682.03,MW,BE,BE,actual_load,Actual Load,2026-08-02T04:32:23Z
2026-08-02T04:32:20Z,2026-08-02T06:32:20+0200,7aafc1bd-8364-45d6-9e1e-5ae71b51b571,2026-07-19T19:45:00Z,2026-07-19T21:45:00+0200,7725.97,MW,BE,BE,actual_load,Actual Load,2026-08-02T04:32:23Z
2026-08-02T04:32:20Z,2026-08-02T06:32:20+0200,7aafc1bd-8364-45d6-9e1e-5ae71b51b571,2026-07-19T20:00:00Z,2026-07-19T22:00:00+0200,7739.51,MW,BE,BE,actual_load,Actual Load,2026-08-02T04:32:23Z
2026-08-02T04:32:20Z,2026-08-02T06:32:20+0200,7aafc1bd-8364-45d6-9e1e-5ae71b51b571,2026-07-19T20:15:00Z,2026-07-19T22:15:00+0200,7863.59,MW,BE,BE,actual_load,Actual Load,2026-08-02T04:32:23Z
2026-08-02T04:32:20Z,2026-08-02T06:32:20+0200,7aafc1bd-8364-45d6-9e1e-5ae71b51b571,2026-07-19T20:30:00Z,2026-07-19T22:30:00+0200,7914.28,MW,BE,BE,actual_load,Actual Load,2026-08-02T04:32:23Z
2026-08-02T04:32:20Z,2026-08-02T06:32:20+0200,7aafc1bd-8364-45d6-9e1e-5ae71b51b571,2026-07-19T20:45:00Z,2026-07-19T22:45:00+0200,7839.06,MW,BE,BE,actual_load,Actual Load,2026-08-02T04:32:23Z
2026-08-02T04:32:20Z,2026-08-02T06:32:20+0200,7aafc1bd-8364-45d6-9e1e-5ae71b51b571,2026-07-19T21:00:00Z,2026-07-19T23:00:00+0200,7802.0,MW,BE,BE,actual_load,Actual Load,2026-08-02T04:32:23Z
2026-08-02T04:32:20Z,2026-08-02T06:32:20+0200,7aafc1bd-8364-45d6-9e1e-5ae71b51b571,2026-07-19T21:15:00Z,2026-07-19T23:15:00+0200,7784.65,MW,BE,BE,actual_load,Actual Load,2026-08-02T04:32:23Z
2026-08-02T04:32:20Z,2026-08-02T06:32:20+0200,7aafc1bd-8364-45d6-9e1e-5ae71b51b571,2026-07-19T21:30:00Z,2026-07-19T23:30:00+0200,7685.67,MW,BE,BE,actual_load,Actual Load,2026-08-02T04:32:23Z
2026-08-02T04:32:20Z,2026-08-02T06:32:20+0200,7aafc1bd-8364-45d6-9e1e-5ae71b51b571,2026-07-19T21:45:00Z,2026-07-19T23:45:00+0200,7652.18,MW,BE,BE,actual_load,Actual Load,2026-08-02T04:32:23Z
2026-08-02T04:32:20Z,2026-08-02T06:32:20+0200,7aafc1bd-8364-45d6-9e1e-5ae71b51b571,2026-07-19T22:00:00Z,2026-07-20T00:00:00+0200,7478.14,MW,BE,BE,actual_load,Actual Load,2026-08-02T04:32:23Z
2026-08-02T04:32:20Z,2026-08-02T06:32:20+0200,7aafc1bd-8364-45d6-9e1e-5ae71b51b571,2026-07-19T22:15:00Z,2026-07-20T00:15:00+0200,7430.92,MW,BE,BE,actual_load,Actual Load,2026-08-02T04:32:23Z
2026-08-02T04:32:20Z,2026-08-02T06:32:20+0200,7aafc1bd-8364-45d6-9e1e-5ae71b51b571,2026-07-19T22:30:00Z,2026-07-20T00:30:00+0200,7371.28,MW,BE,BE,actual_load,Actual Load,2026-08-02T04:32:23Z
2026-08-02T04:32:20Z,2026-08-02T06:32:20+0200,7aafc1bd-8364-45d6-9e1e-5ae71b51b571,2026-07-19T22:45:00Z,2026-07-20T00:45:00+0200,7276.57,MW,BE,BE,actual_load,Actual Load,2026-08-02T04:32:23Z
2026-08-02T04:32:20Z,2026-08-02T06:32:20+0200,7aafc1bd-8364-45d6-9e1e-5ae71b51b571,2026-07-19T23:00:00Z,2026-07-20T01:00:00+0200,7147.02,MW,BE,BE,actual_load,Actual Load,2026-08-02T04:32:23Z
2026-08-02T04:32:20Z,2026-08-02T06:32:20+0200,7aafc1bd-8364-45d6-9e1e-5ae71b51b571,2026-07-19T23:15:00Z,2026-07-20T01:15:00+0200,7187.36,MW,BE,BE,actual_load,Actual Load,2026-08-02T04:32:23Z
2026-08-02T04:32:20Z,2026-08-02T06:32:20+0200,7aafc1bd-8364-45d6-9e1e-5ae71b51b571,2026-07-19T23:30:00Z,2026-07-20T01:30:00+0200,7168.91,MW,BE,BE,actual_load,Actual Load,2026-08-02T04:32:23Z
2026-08-02T04:32:20Z,2026-08-02T06:32:20+0200,7aafc1bd-8364-45d6-9e1e-5ae71b51b571,2026-07-19T23:45:00Z,2026-07-20T01:45:00+0200,7091.95,MW,BE,BE,actual_load,Actual Load,2026-08-02T04:32:23Z
2026-08-02T04:32:20Z,2026-08-02T06:32:20+0200,7aafc1bd-8364-45d6-9e1e-5ae71b51b571,2026-07-20T00:00:00Z,2026-07-20T02:00:00+0200,7117.26,MW,BE,BE,actual_load,Actual Load,2026-08-02T04:32:23Z
2026-08-02T04:32:20Z,2026-08-02T06:32:20+0200,7aafc1bd-8364-45d6-9e1e-5ae71b51b571,2026-07-20T00:15:00Z,2026-07-20T02:15:00+0200,7065.64,MW,BE,BE,actual_load,Actual Load,2026-08-02T04:32:23Z
2026-08-02T04:32:20Z,2026-08-02T06:32:20+0200,7aafc1bd-8364-45d6-9e1e-5ae71b51b571,2026-07-20T00:30:00Z,2026-07-20T02:30:00+0200,6925.35,MW,BE,BE,actual_load,Actual Load,2026-08-02T04:32:23Z
2026-08-02T04:32:20Z,2026-08-02T06:32:20+0200,7aafc1bd-8364-45d6-9e1e-5ae71b51b571,2026-07-20T00:45:00Z,2026-07-20T02:45:00+0200,6980.73,MW,BE,BE,actual_load,Actual Load,2026-08-02T04:32:23Z
2026-08-02T04:32:20Z,2026-08-02T06:32:20+0200,7aafc1bd-8364-45d6-9e1e-5ae71b51b571,2026-07-20T01:00:00Z,2026-07-20T03:00:00+0200,6832.53,MW,BE,BE,actual_load,Actual Load,2026-08-02T04:32:23Z
2026-08-02T04:32:20Z,2026-08-02T06:32:20+0200,7aafc1bd-8364-45d6-9e1e-5ae71b51b571,2026-07-20T01:15:00Z,2026-07-20T03:15:00+0200,6827.2,MW,BE,BE,actual_load,Actual Load,2026-08-02T04:32:23Z
2026-08-02T04:32:20Z,2026-08-02T06:32:20+0200,7aafc1bd-8364-45d6-9e1e-5ae71b51b571,2026-07-20T01:30:00Z,2026-07-20T03:30:00+0200,6853.53,MW,BE,BE,actual_load,Actual Load,2026-08-02T04:32:23Z
2026-08-02T04:32:20Z,2026-08-02T06:32:20+0200,7aafc1bd-8364-45d6-9e1e-5ae71b51b571,2026-07-20T01:45:00Z,2026-07-20T03:45:00+0200,6815.8,MW,BE,BE,actual_load,Actual Load,2026-08-02T04:32:23Z
2026-08-02T04:32:20Z,2026-08-02T06:32:20+0200,7aafc1bd-8364-45d6-9e1e-5ae71b51b571,2026-07-20T02:00:00Z,2026-07-20T04:00:00+0200,6825.83,MW,BE,BE,actual_load,Actual Load,2026-08-02T04:32:23Z
2026-08-02T04:32:20Z,2026-08-02T06:32:20+0200,7aafc1bd-8364-45d6-9e1e-5ae71b51b571,2026-07-20T02:15:00Z,2026-07-20T04:15:00+0200,6867.32,MW,BE,BE,actual_load,Actual Load,2026-08-02T04:32:23Z
2026-08-02T04:32:20Z,2026-08-02T06:32:20+0200,7aafc1bd-8364-45d6-9e1e-5ae71b51b571,2026-07-20T02:30:00Z,2026-07-20T04:30:00+0200,6981.67,MW,BE,BE,actual_load,Actual Load,2026-08-02T04:32:23Z
2026-08-02T04:32:20Z,2026-08-02T06:32:20+0200,7aafc1bd-8364-45d6-9e1e-5ae71b51b571,2026-07-20T02:45:00Z,2026-07-20T04:45:00+0200,6991.44,MW,BE,BE,actual_load,Actual Load,2026-08-02T04:32:23Z
2026-08-02T04:32:20Z,2026-08-02T06:32:20+0200,7aafc1bd-8364-45d6-9e1e-5ae71b51b571,2026-07-20T03:00:00Z,2026-07-20T05:00:00+0200,7014.0,MW,BE,BE,actual_load,Actual Load,2026-08-02T04:32:23Z
2026-08-02T04:32:20Z,2026-08-02T06:32:20+0200,7aafc1bd-8364-45d6-9e1e-5ae71b51b571,2026-07-20T03:15:00Z,2026-07-20T05:15:00+0200,6933.11,MW,BE,BE,actual_load,Actual Load,2026-08-02T04:32:23Z
2026-08-02T04:32:20Z,2026-08-02T06:32:20+0200,7aafc1bd-8364-45d6-9e1e-5ae71b51b571,2026-07-20T03:30:00Z,2026-07-20T05:30:00+0200,7006.03,MW,BE,BE,actual_load,Actual Load,2026-08-02T04:32:23Z
2026-08-02T04:32:20Z,2026-08-02T06:32:20+0200,7aafc1bd-8364-45d6-9e1e-5ae71b51b571,2026-07-20T03:45:00Z,2026-07-20T05:45:00+0200,7118.5,MW,BE,BE,actual_load,Actual Load,2026-08-02T04:32:23Z
2026-08-02T04:32:20Z,2026-08-02T06:32:20+0200,7aafc1bd-8364-45d6-9e1e-5ae71b51b571,2026-07-20T04:00:00Z,2026-07-20T06:00:00+0200,7279.78,MW,BE,BE,actual_load,Actual Load,2026-08-02T04:32:23Z
2026-08-02T04:32:20Z,2026-08-02T06:32:20+0200,7aafc1bd-8364-45d6-9e1e-5ae71b51b571,2026-07-20T04:15:00Z,2026-07-20T06:15:00+0200,7284.06,MW,BE,BE,actual_load,Actual Load,2026-08-02T04:32:23Z
2026-08-02T04:32:20Z,2026-08-02T06:32:20+0200,7aafc1bd-8364-45d6-9e1e-5ae71b51b571,2026-07-20T04:30:00Z,2026-07-20T06:30:00+0200,7437.97,MW,BE,BE,actual_load,Actual Load,2026-08-02T04:32:23Z
2026-08-02T04:32:20Z,2026-08-02T06:32:20+0200,7aafc1bd-8364-45d6-9e1e-5ae71b51b571,2026-07-20T04:45:00Z,2026-07-20T06:45:00+0200,7425.11,MW,BE,BE,actual_load,Actual Load,2026-08-02T04:32:23Z
2026-08-02T04:32:20Z,2026-08-02T06:32:20+0200,7aafc1bd-8364-45d6-9e1e-5ae71b51b571,2026-07-20T05:00:00Z,2026-07-20T07:00:00+0200,7447.76,MW,BE,BE,actual_load,Actual Load,2026-08-02T04:32:23Z
2026-08-02T04:32:20Z,2026-08-02T06:32:20+0200,7aafc1bd-8364-45d6-9e1e-5ae71b51b571,2026-07-20T05:15:00Z,2026-07-20T07:15:00+0200,7465.56,MW,BE,BE,actual_load,Actual Load,2026-08-02T04:32:23Z
2026-08-02T04:32:20Z,2026-08-02T06:32:20+0200,7aafc1bd-8364-45d6-9e1e-5ae71b51b571,2026-07-20T05:30:00Z,2026-07-20T07:30:00+0200,7680.05,MW,BE,BE,actual_load,Actual Load,2026-08-02T04:32:23Z
2026-08-02T04:32:20Z,2026-08-02T06:32:20+0200,7aafc1bd-8364-45d6-9e1e-5ae71b51b571,2026-07-20T05:45:00Z,2026-07-20T07:45:00+0200,7852.73,MW,BE,BE,actual_load,Actual Load,2026-08-02T04:32:23Z
2026-08-02T04:32:20Z,2026-08-02T06:32:20+0200,7aafc1bd-8364-45d6-9e1e-5ae71b51b571,2026-07-20T06:00:00Z,2026-07-20T08:00:00+0200,7983.74,MW,BE,BE,actual_load,Actual Load,2026-08-02T04:32:23Z
2026-08-02T04:32:20Z,2026-08-02T06:32:20+0200,7aafc1bd-8364-45d6-9e1e-5ae71b51b571,2026-07-20T06:15:00Z,2026-07-20T08:15:00+0200,8133.02,MW,BE,BE,actual_load,Actual Load,2026-08-02T04:32:23Z
2026-08-02T04:32:20Z,2026-08-02T06:32:20+0200,7aafc1bd-8364-45d6-9e1e-5ae71b51b571,2026-07-20T06:30:00Z,2026-07-20T08:30:00+0200,8140.65,MW,BE,BE,actual_load,Actual Load,2026-08-02T04:32:23Z
2026-08-02T04:32:20Z,2026-08-02T06:32:20+0200,7aafc1bd-8364-45d6-9e1e-5ae71b51b571,2026-07-20T06:45:00Z,2026-07-20T08:45:00+0200,8401.83,MW,BE,BE,actual_load,Actual Load,2026-08-02T04:32:23Z
2026-08-02T04:32:20Z,2026-08-02T06:32:20+0200,7aafc1bd-8364-45d6-9e1e-5ae71b51b571,2026-07-20T07:00:00Z,2026-07-20T09:00:00+0200,8449.77,MW,BE,BE,actual_load,Actual Load,2026-08-02T04:32:23Z
2026-08-02T04:32:20Z,2026-08-02T06:32:20+0200,7aafc1bd-8364-45d6-9e1e-5ae71b51b571,2026-07-20T07:15:00Z,2026-07-20T09:15:00+0200,8337.89,MW,BE,BE,actual_load,Actual Load,2026-08-02T04:32:23Z
2026-08-02T04:32:20Z,2026-08-02T06:32:20+0200,7aafc1bd-8364-45d6-9e1e-5ae71b51b571,2026-07-20T07:30:00Z,2026-07-20T09:30:00+0200,8606.87,MW,BE,BE,actual_load,Actual Load,2026-08-02T04:32:23Z
2026-08-02T04:32:20Z,2026-08-02T06:32:20+0200,7aafc1bd-8364-45d6-9e1e-5ae71b51b571,2026-07-20T07:45:00Z,2026-07-20T09:45:00+0200,8732.66,MW,BE,BE,actual_load,Actual Load,2026-08-02T04:32:23Z
2026-08-02T04:32:20Z,2026-08-02T06:32:20+0200,7aafc1bd-8364-45d6-9e1e-5ae71b51b571,2026-07-20T08:00:00Z,2026-07-20T10:00:00+0200,8782.74,MW,BE,BE,actual_load,Actual Load,2026-08-02T04:32:23Z
2026-08-02T04:32:20Z,2026-08-02T06:32:20+0200,7aafc1bd-8364-45d6-9e1e-5ae71b51b571,2026-07-20T08:15:00Z,2026-07-20T10:15:00+0200,8641.58,MW,BE,BE,actual_load,Actual Load,2026-08-02T04:32:23Z
2026-08-02T04:32:20Z,2026-08-02T06:32:20+0200,7aafc1bd-8364-45d6-9e1e-5ae71b51b571,2026-07-20T08:30:00Z,2026-07-20T10:30:00+0200,8872.95,MW,BE,BE,actual_load,Actual Load,2026-08-02T04:32:23Z
2026-08-02T04:32:20Z,2026-08-02T06:32:20+0200,7aafc1bd-8364-45d6-9e1e-5ae71b51b571,2026-07-20T08:45:00Z,2026-07-20T10:45:00+0200,8917.93,MW,BE,BE,actual_load,Actual Load,2026-08-02T04:32:23Z
2026-08-02T04:32:20Z,2026-08-02T06:32:20+0200,7aafc1bd-8364-45d6-9e1e-5ae71b51b571,2026-07-20T09:00:00Z,2026-07-20T11:00:00+0200,9199.91,MW,BE,BE,actual_load,Actual Load,2026-08-02T04:32:23Z
2026-08-02T04:32:20Z,2026-08-02T06:32:20+0200,7aafc1bd-8364-45d6-9e1e-5ae71b51b571,2026-07-20T09:15:00Z,2026-07-20T11:15:00+0200,9387.76,MW,BE,BE,actual_load,Actual Load,2026-08-02T04:32:23Z
2026-08-02T04:32:20Z,2026-08-02T06:32:20+0200,7aafc1bd-8364-45d6-9e1e-5ae71b51b571,2026-07-20T09:30:00Z,2026-07-20T11:30:00+0200,9511.03,MW,BE,BE,actual_load,Actual Load,2026-08-02T04:32:23Z
2026-08-02T04:32:20Z,2026-08-02T06:32:20+0200,7aafc1bd-8364-45d6-9e1e-5ae71b51b571,2026-07-20T09:45:00Z,2026-07-20T11:45:00+0200,9742.75,MW,BE,BE,actual_load,Actual Load,2026-08-02T04:32:23Z
2026-08-02T04:32:20Z,2026-08-02T06:32:20+0200,7aafc1bd-8364-45d6-9e1e-5ae71b51b571,2026-07-20T10:00:00Z,2026-07-20T12:00:00+0200,9524.72,MW,BE,BE,actual_load,Actual Load,2026-08-02T04:32:23Z
2026-08-02T04:32:20Z,2026-08-02T06:32:20+0200,7aafc1bd-8364-45d6-9e1e-5ae71b51b571,2026-07-20T10:15:00Z,2026-07-20T12:15:00+0200,9425.21,MW,BE,BE,actual_load,Actual Load,2026-08-02T04:32:23Z
2026-08-02T04:32:20Z,2026-08-02T06:32:20+0200,7aafc1bd-8364-45d6-9e1e-5ae71b51b571,2026-07-20T10:30:00Z,2026-07-20T12:30:00+0200,9370.89,MW,BE,BE,actual_load,Actual Load,2026-08-02T04:32:23Z
2026-08-02T04:32:20Z,2026-08-02T06:32:20+0200,7aafc1bd-8364-45d6-9e1e-5ae71b51b571,2026-07-20T10:45:00Z,2026-07-20T12:45:00+0200,9296.48,MW,BE,BE,actual_load,Actual Load,2026-08-02T04:32:23Z
2026-08-02T04:32:20Z,2026-08-02T06:32:20+0200,7aafc1bd-8364-45d6-9e1e-5ae71b51b571,2026-07-20T11:00:00Z,2026-07-20T13:00:00+0200,9244.32,MW,BE,BE,actual_load,Actual Load,2026-08-02T04:32:23Z
2026-08-02T04:32:20Z,2026-08-02T06:32:20+0200,7aafc1bd-8364-45d6-9e1e-5ae71b51b571,2026-07-20T11:15:00Z,2026-07-20T13:15:00+0200,9168.17,MW,BE,BE,actual_load,Actual Load,2026-08-02T04:32:23Z
2026-08-02T04:32:20Z,2026-08-02T06:32:20+0200,7aafc1bd-8364-45d6-9e1e-5ae71b51b571,2026-07-20T11:30:00Z,2026-07-20T13:30:00+0200,9229.85,MW,BE,BE,actual_load,Actual Load,2026-08-02T04:32:23Z
2026-08-02T04:32:20Z,2026-08-02T06:32:20+0200,7aafc1bd-8364-45d6-9e1e-5ae71b51b571,2026-07-20T11:45:00Z,2026-07-20T13:45:00+0200,9106.87,MW,BE,BE,actual_load,Actual Load,2026-08-02T04:32:23Z
2026-08-02T04:32:20Z,2026-08-02T06:32:20+0200,7aafc1bd-8364-45d6-9e1e-5ae71b51b571,2026-07-20T12:00:00Z,2026-07-20T14:00:00+0200,9210.07,MW,BE,BE,actual_load,Actual Load,2026-08-02T04:32:23Z
2026-08-02T04:32:20Z,2026-08-02T06:32:20+0200,7aafc1bd-8364-45d6-9e1e-5ae71b51b571,2026-07-20T12:15:00Z,2026-07-20T14:15:00+0200,9139.7,MW,BE,BE,actual_load,Actual Load,2026-08-02T04:32:23Z
2026-08-02T04:32:20Z,2026-08-02T06:32:20+0200,7aafc1bd-8364-45d6-9e1e-5ae71b51b571,2026-07-20T12:30:00Z,2026-07-20T14:30:00+0200,9032.92,MW,BE,BE,actual_load,Actual Load,2026-08-02T04:32:23Z
2026-08-02T04:32:20Z,2026-08-02T06:32:20+0200,7aafc1bd-8364-45d6-9e1e-5ae71b51b571,2026-07-20T12:45:00Z,2026-07-20T14:45:00+0200,9040.39,MW,BE,BE,actual_load,Actual Load,2026-08-02T04:32:23Z
2026-08-02T04:32:20Z,2026-08-02T06:32:20+0200,7aafc1bd-8364-45d6-9e1e-5ae71b51b571,2026-07-20T13:00:00Z,2026-07-20T15:00:00+0200,9183.28,MW,BE,BE,actual_load,Actual Load,2026-08-02T04:32:23Z
2026-08-02T04:32:20Z,2026-08-02T06:32:20+0200,7aafc1bd-8364-45d6-9e1e-5ae71b51b571,2026-07-20T13:15:00Z,2026-07-20T15:15:00+0200,9055.6,MW,BE,BE,actual_load,Actual Load,2026-08-02T04:32:23Z
2026-08-02T04:32:20Z,2026-08-02T06:32:20+0200,7aafc1bd-8364-45d6-9e1e-5ae71b51b571,2026-07-20T13:30:00Z,2026-07-20T15:30:00+0200,8928.38,MW,BE,BE,actual_load,Actual Load,2026-08-02T04:32:23Z
2026-08-02T04:32:20Z,2026-08-02T06:32:20+0200,7aafc1bd-8364-45d6-9e1e-5ae71b51b571,2026-07-20T13:45:00Z,2026-07-20T15:45:00+0200,8980.12,MW,BE,BE,actual_load,Actual Load,2026-08-02T04:32:23Z
2026-08-02T04:32:20Z,2026-08-02T06:32:20+0200,7aafc1bd-8364-45d6-9e1e-5ae71b51b571,2026-07-20T14:00:00Z,2026-07-20T16:00:00+0200,8690.26,MW,BE,BE,actual_load,Actual Load,2026-08-02T04:32:23Z
2026-08-02T04:32:20Z,2026-08-02T06:32:20+0200,7aafc1bd-8364-45d6-9e1e-5ae71b51b571,2026-07-20T14:15:00Z,2026-07-20T16:15:00+0200,8477.78,MW,BE,BE,actual_load,Actual Load,2026-08-02T04:32:23Z
2026-08-02T04:32:20Z,2026-08-02T06:32:20+0200,7aafc1bd-8364-45d6-9e1e-5ae71b51b571,2026-07-20T14:30:00Z,2026-07-20T16:30:00+0200,8596.2,MW,BE,BE,actual_load,Actual Load,2026-08-02T04:32:23Z
2026-08-02T04:32:20Z,2026-08-02T06:32:20+0200,7aafc1bd-8364-45d6-9e1e-5ae71b51b571,2026-07-20T14:45:00Z,2026-07-20T16:45:00+0200,8667.59,MW,BE,BE,actual_load,Actual Load,2026-08-02T04:32:23Z
2026-08-02T04:32:20Z,2026-08-02T06:32:20+0200,7aafc1bd-8364-45d6-9e1e-5ae71b51b571,2026-07-20T15:00:00Z,2026-07-20T17:00:00+0200,8685.37,MW,BE,BE,actual_load,Actual Load,2026-08-02T04:32:23Z
2026-08-02T04:32:20Z,2026-08-02T06:32:20+0200,7aafc1bd-8364-45d6-9e1e-5ae71b51b571,2026-07-20T15:15:00Z,2026-07-20T17:15:00+0200,8581.1,MW,BE,BE,actual_load,Actual Load,2026-08-02T04:32:23Z
2026-08-02T04:32:20Z,2026-08-02T06:32:20+0200,7aafc1bd-8364-45d6-9e1e-5ae71b51b571,2026-07-20T15:30:00Z,2026-07-20T17:30:00+0200,8487.51,MW,BE,BE,actual_load,Actual Load,2026-08-02T04:32:23Z
2026-08-02T04:32:20Z,2026-08-02T06:32:20+0200,7aafc1bd-8364-45d6-9e1e-5ae71b51b571,2026-07-20T15:45:00Z,2026-07-20T17:45:00+0200,8430.3,MW,BE,BE,actual_load,Actual Load,2026-08-02T04:32:23Z
2026-08-02T04:32:20Z,2026-08-02T06:32:20+0200,7aafc1bd-8364-45d6-9e1e-5ae71b51b571,2026-07-20T16:00:00Z,2026-07-20T18:00:00+0200,8392.5,MW,BE,BE,actual_load,Actual Load,2026-08-02T04:32:23Z
2026-08-02T04:32:20Z,2026-08-02T06:32:20+0200,7aafc1bd-8364-45d6-9e1e-5ae71b51b571,2026-07-20T16:15:00Z,2026-07-20T18:15:00+0200,8464.3,MW,BE,BE,actual_load,Actual Load,2026-08-02T04:32:23Z
2026-08-02T04:32:20Z,2026-08-02T06:32:20+0200,7aafc1bd-8364-45d6-9e1e-5ae71b51b571,2026-07-20T16:30:00Z,2026-07-20T18:30:00+0200,8368.19,MW,BE,BE,actual_load,Actual Load,2026-08-02T04:32:23Z
2026-08-02T04:32:20Z,2026-08-02T06:32:20+0200,7aafc1bd-8364-45d6-9e1e-5ae71b51b571,2026-07-20T16:45:00Z,2026-07-20T18:45:00+0200,8334.15,MW,BE,BE,actual_load,Actual Load,2026-08-02T04:32:23Z
2026-08-02T04:32:20Z,2026-08-02T06:32:20+0200,7aafc1bd-8364-45d6-9e1e-5ae71b51b571,2026-07-20T17:00:00Z,2026-07-20T19:00:00+0200,8347.55,MW,BE,BE,actual_load,Actual Load,2026-08-02T04:32:23Z
2026-08-02T04:32:20Z,2026-08-02T06:32:20+0200,7aafc1bd-8364-45d6-9e1e-5ae71b51b571,2026-07-20T17:15:00Z,2026-07-20T19:15:00+0200,8137.87,MW,BE,BE,actual_load,Actual Load,2026-08-02T04:32:23Z
2026-08-02T04:32:20Z,2026-08-02T06:32:20+0200,7aafc1bd-8364-45d6-9e1e-5ae71b51b571,2026-07-20T17:30:00Z,2026-07-20T19:30:00+0200,8086.56,MW,BE,BE,actual_load,Actual Load,2026-08-02T04:32:23Z
2026-08-02T04:32:20Z,2026-08-02T06:32:20+0200,7aafc1bd-8364-45d6-9e1e-5ae71b51b571,2026-07-20T17:45:00Z,2026-07-20T19:45:00+0200,8171.77,MW,BE,BE,actual_load,Actual Load,2026-08-02T04:32:23Z
2026-08-02T04:32:20Z,2026-08-02T06:32:20+0200,7aafc1bd-8364-45d6-9e1e-5ae71b51b571,2026-07-20T18:00:00Z,2026-07-20T20:00:00+0200,8245.99,MW,BE,BE,actual_load,Actual Load,2026-08-02T04:32:23Z
2026-08-02T04:32:20Z,2026-08-02T06:32:20+0200,7aafc1bd-8364-45d6-9e1e-5ae71b51b571,2026-07-20T18:15:00Z,2026-07-20T20:15:00+0200,8101.55,MW,BE,BE,actual_load,Actual Load,2026-08-02T04:32:23Z
2026-08-02T04:32:20Z,2026-08-02T06:32:20+0200,7aafc1bd-8364-45d6-9e1e-5ae71b51b571,2026-07-20T18:30:00Z,2026-07-20T20:30:00+0200,8053.68,MW,BE,BE,actual_load,Actual Load,2026-08-02T04:32:23Z
2026-08-02T04:32:20Z,2026-08-02T06:32:20+0200,7aafc1bd-8364-45d6-9e1e-5ae71b51b571,2026-07-20T18:45:00Z,2026-07-20T20:45:00+0200,7912.69,MW,BE,BE,actual_load,Actual Load,2026-08-02T04:32:23Z
2026-08-02T04:32:20Z,2026-08-02T06:32:20+0200,7aafc1bd-8364-45d6-9e1e-5ae71b51b571,2026-07-20T19:00:00Z,2026-07-20T21:00:00+0200,7771.77,MW,BE,BE,actual_load,Actual Load,2026-08-02T04:32:23Z
2026-08-02T04:32:20Z,2026-08-02T06:32:20+0200,7aafc1bd-8364-45d6-9e1e-5ae71b51b571,2026-07-20T19:15:00Z,2026-07-20T21:15:00+0200,7724.12,MW,BE,BE,actual_load,Actual Load,2026-08-02T04:32:23Z
2026-08-02T04:32:20Z,2026-08-02T06:32:20+0200,7aafc1bd-8364-45d6-9e1e-5ae71b51b571,2026-07-20T19:30:00Z,2026-07-20T21:30:00+0200,7707.01,MW,BE,BE,actual_load,Actual Load,2026-08-02T04:32:23Z
2026-08-02T04:32:20Z,2026-08-02T06:32:20+0200,7aafc1bd-8364-45d6-9e1e-5ae71b51b571,2026-07-20T19:45:00Z,2026-07-20T21:45:00+0200,7761.94,MW,BE,BE,actual_load,Actual Load,2026-08-02T04:32:23Z
2026-08-02T04:32:20Z,2026-08-02T06:32:20+0200,7aafc1bd-8364-45d6-9e1e-5ae71b51b571,2026-07-20T20:00:00Z,2026-07-20T22:00:00+0200,7880.0,MW,BE,BE,actual_load,Actual Load,2026-08-02T04:32:23Z
2026-08-02T04:32:20Z,2026-08-02T06:32:20+0200,7aafc1bd-8364-45d6-9e1e-5ae71b51b571,2026-07-20T20:15:00Z,2026-07-20T22:15:00+0200,7945.05,MW,BE,BE,actual_load,Actual Load,2026-08-02T04:32:23Z
2026-08-02T04:32:20Z,2026-08-02T06:32:20+0200,7aafc1bd-8364-45d6-9e1e-5ae71b51b571,2026-07-20T20:30:00Z,2026-07-20T22:30:00+0200,7964.03,MW,BE,BE,actual_load,Actual Load,2026-08-02T04:32:23Z
2026-08-02T04:32:20Z,2026-08-02T06:32:20+0200,7aafc1bd-8364-45d6-9e1e-5ae71b51b571,2026-07-20T20:45:00Z,2026-07-20T22:45:00+0200,7926.7,MW,BE,BE,actual_load,Actual Load,2026-08-02T04:32:23Z
2026-08-02T04:32:20Z,2026-08-02T06:32:20+0200,7aafc1bd-8364-45d6-9e1e-5ae71b51b571,2026-07-20T21:00:00Z,2026-07-20T23:00:00+0200,7804.68,MW,BE,BE,actual_load,Actual Load,2026-08-02T04:32:23Z
2026-08-02T04:32:20Z,2026-08-02T06:32:20+0200,7aafc1bd-8364-45d6-9e1e-5ae71b51b571,2026-07-20T21:15:00Z,2026-07-20T23:15:00+0200,7703.16,MW,BE,BE,actual_load,Actual Load,2026-08-02T04:32:23Z
2026-08-02T04:32:20Z,2026-08-02T06:32:20+0200,7aafc1bd-8364-45d6-9e1e-5ae71b51b571,2026-07-20T21:30:00Z,2026-07-20T23:30:00+0200,7606.94,MW,BE,BE,actual_load,Actual Load,2026-08-02T04:32:23Z
2026-08-02T04:32:20Z,2026-08-02T06:32:20+0200,7aafc1bd-8364-45d6-9e1e-5ae71b51b571,2026-07-20T21:45:00Z,2026-07-20T23:45:00+0200,7504.64,MW,BE,BE,actual_load,Actual Load,2026-08-02T04:32:23Z
2026-08-02T04:32:20Z,2026-08-02T06:32:20+0200,7aafc1bd-8364-45d6-9e1e-5ae71b51b571,2026-07-20T22:00:00Z,2026-07-21T00:00:00+0200,7344.91,MW,BE,BE,actual_load,Actual Load,2026-08-02T04:32:23Z
2026-08-02T04:32:20Z,2026-08-02T06:32:20+0200,7aafc1bd-8364-45d6-9e1e-5ae71b51b571,2026-07-20T22:15:00Z,2026-07-21T00:15:00+0200,7248.81,MW,BE,BE,actual_load,Actual Load,2026-08-02T04:32:23Z
2026-08-02T04:32:20Z,2026-08-02T06:32:20+0200,7aafc1bd-8364-45d6-9e1e-5ae71b51b571,2026-07-20T22:30:00Z,2026-07-21T00:30:00+0200,7156.06,MW,BE,BE,actual_load,Actual Load,2026-08-02T04:32:23Z
2026-08-02T04:32:20Z,2026-08-02T06:32:20+0200,7aafc1bd-8364-45d6-9e1e-5ae71b51b571,2026-07-20T22:45:00Z,2026-07-21T00:45:00+0200,7063.04,MW,BE,BE,actual_load,Actual Load,2026-08-02T04:32:23Z
2026-08-02T04:32:20Z,2026-08-02T06:32:20+0200,7aafc1bd-8364-45d6-9e1e-5ae71b51b571,2026-07-20T23:00:00Z,2026-07-21T01:00:00+0200,7094.94,MW,BE,BE,actual_load,Actual Load,2026-08-02T04:32:23Z
2026-08-02T04:32:20Z,2026-08-02T06:32:20+0200,7aafc1bd-8364-45d6-9e1e-5ae71b51b571,2026-07-20T23:15:00Z,2026-07-21T01:15:00+0200,7079.68,MW,BE,BE,actual_load,Actual Load,2026-08-02T04:32:23Z
2026-08-02T04:32:20Z,2026-08-02T06:32:20+0200,7aafc1bd-8364-45d6-9e1e-5ae71b51b571,2026-07-20T23:30:00Z,2026-07-21T01:30:00+0200,7059.95,MW,BE,BE,actual_load,Actual Load,2026-08-02T04:32:23Z
2026-08-02T04:32:20Z,2026-08-02T06:32:20+0200,7aafc1bd-8364-45d6-9e1e-5ae71b51b571,2026-07-20T23:45:00Z,2026-07-21T01:45:00+0200,6951.28,MW,BE,BE,actual_load,Actual Load,2026-08-02T04:32:23Z
2026-08-02T04:32:20Z,2026-08-02T06:32:20+0200,7aafc1bd-8364-45d6-9e1e-5ae71b51b571,2026-07-21T00:00:00Z,2026-07-21T02:00:00+0200,6908.66,MW,BE,BE,actual_load,Actual Load,2026-08-02T04:32:23Z
2026-08-02T04:32:20Z,2026-08-02T06:32:20+0200,7aafc1bd-8364-45d6-9e1e-5ae71b51b571,2026-07-21T00:15:00Z,2026-07-21T02:15:00+0200,6766.68,MW,BE,BE,actual_load,Actual Load,2026-08-02T04:32:23Z
2026-08-02T04:32:20Z,2026-08-02T06:32:20+0200,7aafc1bd-8364-45d6-9e1e-5ae71b51b571,2026-07-21T00:30:00Z,2026-07-21T02:30:00+0200,6652.99,MW,BE,BE,actual_load,Actual Load,2026-08-02T04:32:23Z
2026-08-02T04:32:20Z,2026-08-02T06:32:20+0200,7aafc1bd-8364-45d6-9e1e-5ae71b51b571,2026-07-21T00:45:00Z,2026-07-21T02:45:00+0200,6716.91,MW,BE,BE,actual_load,Actual Load,2026-08-02T04:32:23Z
2026-08-02T04:32:20Z,2026-08-02T06:32:20+0200,7aafc1bd-8364-45d6-9e1e-5ae71b51b571,2026-07-21T01:00:00Z,2026-07-21T03:00:00+0200,6642.91,MW,BE,BE,actual_load,Actual Load,2026-08-02T04:32:23Z
2026-08-02T04:32:20Z,2026-08-02T06:32:20+0200,7aafc1bd-8364-45d6-9e1e-5ae71b51b571,2026-07-21T01:15:00Z,2026-07-21T03:15:00+0200,6586.7,MW,BE,BE,actual_load,Actual Load,2026-08-02T04:32:23Z
2026-08-02T04:32:20Z,2026-08-02T06:32:20+0200,7aafc1bd-8364-45d6-9e1e-5ae71b51b571,2026-07-21T01:30:00Z,2026-07-21T03:30:00+0200,6589.79,MW,BE,BE,actual_load,Actual Load,2026-08-02T04:32:23Z
2026-08-02T04:32:20Z,2026-08-02T06:32:20+0200,7aafc1bd-8364-45d6-9e1e-5ae71b51b571,2026-07-21T01:45:00Z,2026-07-21T03:45:00+0200,6494.76,MW,BE,BE,actual_load,Actual Load,2026-08-02T04:32:23Z
2026-08-02T04:32:20Z,2026-08-02T06:32:20+0200,7aafc1bd-8364-45d6-9e1e-5ae71b51b571,2026-07-21T02:00:00Z,2026-07-21T04:00:00+0200,6660.77,MW,BE,BE,actual_load,Actual Load,2026-08-02T04:32:23Z
2026-08-02T04:32:20Z,2026-08-02T06:32:20+0200,7aafc1bd-8364-45d6-9e1e-5ae71b51b571,2026-07-21T02:15:00Z,2026-07-21T04:15:00+0200,6626.82,MW,BE,BE,actual_load,Actual Load,2026-08-02T04:32:23Z
2026-08-02T04:32:20Z,2026-08-02T06:32:20+0200,7aafc1bd-8364-45d6-9e1e-5ae71b51b571,2026-07-21T02:30:00Z,2026-07-21T04:30:00+0200,6574.18,MW,BE,BE,actual_load,Actual Load,2026-08-02T04:32:23Z
2026-08-02T04:32:20Z,2026-08-02T06:32:20+0200,7aafc1bd-8364-45d6-9e1e-5ae71b51b571,2026-07-21T02:45:00Z,2026-07-21T04:45:00+0200,6641.0,MW,BE,BE,actual_load,Actual Load,2026-08-02T04:32:23Z
2026-08-02T04:32:20Z,2026-08-02T06:32:20+0200,7aafc1bd-8364-45d6-9e1e-5ae71b51b571,2026-07-21T03:00:00Z,2026-07-21T05:00:00+0200,6655.02,MW,BE,BE,actual_load,Actual Load,2026-08-02T04:32:23Z
2026-08-02T04:32:20Z,2026-08-02T06:32:20+0200,7aafc1bd-8364-45d6-9e1e-5ae71b51b571,2026-07-21T03:15:00Z,2026-07-21T05:15:00+0200,6579.02,MW,BE,BE,actual_load,Actual Load,2026-08-02T04:32:23Z
2026-08-02T04:32:20Z,2026-08-02T06:32:20+0200,7aafc1bd-8364-45d6-9e1e-5ae71b51b571,2026-07-21T03:30:00Z,2026-07-21T05:30:00+0200,6536.79,MW,BE,BE,actual_load,Actual Load,2026-08-02T04:32:23Z
2026-08-02T04:32:20Z,2026-08-02T06:32:20+0200,7aafc1bd-8364-45d6-9e1e-5ae71b51b571,2026-07-21T03:45:00Z,2026-07-21T05:45:00+0200,6528.78,MW,BE,BE,actual_load,Actual Load,2026-08-02T04:32:23Z
2026-08-02T04:32:20Z,2026-08-02T06:32:20+0200,7aafc1bd-8364-45d6-9e1e-5ae71b51b571,2026-07-21T04:00:00Z,2026-07-21T06:00:00+0200,6462.11,MW,BE,BE,actual_load,Actual Load,2026-08-02T04:32:23Z
2026-08-02T04:32:20Z,2026-08-02T06:32:20+0200,7aafc1bd-8364-45d6-9e1e-5ae71b51b571,2026-07-21T04:15:00Z,2026-07-21T06:15:00+0200,6503.23,MW,BE,BE,actual_load,Actual Load,2026-08-02T04:32:23Z
2026-08-02T04:32:20Z,2026-08-02T06:32:20+0200,7aafc1bd-8364-45d6-9e1e-5ae71b51b571,2026-07-21T04:30:00Z,2026-07-21T06:30:00+0200,6548.51,MW,BE,BE,actual_load,Actual Load,2026-08-02T04:32:23Z
2026-08-02T04:32:20Z,2026-08-02T06:32:20+0200,7aafc1bd-8364-45d6-9e1e-5ae71b51b571,2026-07-21T04:45:00Z,2026-07-21T06:45:00+0200,6580.79,MW,BE,BE,actual_load,Actual Load,2026-08-02T04:32:23Z
2026-08-02T04:32:20Z,2026-08-02T06:32:20+0200,7aafc1bd-8364-45d6-9e1e-5ae71b51b571,2026-07-21T05:00:00Z,2026-07-21T07:00:00+0200,6640.71,MW,BE,BE,actual_load,Actual Load,2026-08-02T04:32:23Z
2026-08-02T04:32:20Z,2026-08-02T06:32:20+0200,7aafc1bd-8364-45d6-9e1e-5ae71b51b571,2026-07-21T05:15:00Z,2026-07-21T07:15:00+0200,6693.72,MW,BE,BE,actual_load,Actual Load,2026-08-02T04:32:23Z
2026-08-02T04:32:20Z,2026-08-02T06:32:20+0200,7aafc1bd-8364-45d6-9e1e-5ae71b51b571,2026-07-21T05:30:00Z,2026-07-21T07:30:00+0200,6752.26,MW,BE,BE,actual_load,Actual Load,2026-08-02T04:32:23Z
2026-08-02T04:32:20Z,2026-08-02T06:32:20+0200,7aafc1bd-8364-45d6-9e1e-5ae71b51b571,2026-07-21T05:45:00Z,2026-07-21T07:45:00+0200,6785.34,MW,BE,BE,actual_load,Actual Load,2026-08-02T04:32:23Z
2026-08-02T04:32:20Z,2026-08-02T06:32:20+0200,7aafc1bd-8364-45d6-9e1e-5ae71b51b571,2026-07-21T06:00:00Z,2026-07-21T08:00:00+0200,6728.09,MW,BE,BE,actual_load,Actual Load,2026-08-02T04:32:23Z
2026-08-02T04:32:20Z,2026-08-02T06:32:20+0200,7aafc1bd-8364-45d6-9e1e-5ae71b51b571,2026-07-21T06:15:00Z,2026-07-21T08:15:00+0200,6875.98,MW,BE,BE,actual_load,Actual Load,2026-08-02T04:32:23Z
2026-08-02T04:32:20Z,2026-08-02T06:32:20+0200,7aafc1bd-8364-45d6-9e1e-5ae71b51b571,2026-07-21T06:30:00Z,2026-07-21T08:30:00+0200,7004.84,MW,BE,BE,actual_load,Actual Load,2026-08-02T04:32:23Z
2026-08-02T04:32:20Z,2026-08-02T06:32:20+0200,7aafc1bd-8364-45d6-9e1e-5ae71b51b571,2026-07-21T06:45:00Z,2026-07-21T08:45:00+0200,7158.31,MW,BE,BE,actual_load,Actual Load,2026-08-02T04:32:23Z
2026-08-02T04:32:20Z,2026-08-02T06:32:20+0200,7aafc1bd-8364-45d6-9e1e-5ae71b51b571,2026-07-21T07:00:00Z,2026-07-21T09:00:00+0200,7201.68,MW,BE,BE,actual_load,Actual Load,2026-08-02T04:32:23Z
2026-08-02T04:32:20Z,2026-08-02T06:32:20+0200,7aafc1bd-8364-45d6-9e1e-5ae71b51b571,2026-07-21T07:15:00Z,2026-07-21T09:15:00+0200,7228.45,MW,BE,BE,actual_load,Actual Load,2026-08-02T04:32:23Z
2026-08-02T04:32:20Z,2026-08-02T06:32:20+0200,7aafc1bd-8364-45d6-9e1e-5ae71b51b571,2026-07-21T07:30:00Z,2026-07-21T09:30:00+0200,7286.59,MW,BE,BE,actual_load,Actual Load,2026-08-02T04:32:23Z
2026-08-02T04:32:20Z,2026-08-02T06:32:20+0200,7aafc1bd-8364-45d6-9e1e-5ae71b51b571,2026-07-21T07:45:00Z,2026-07-21T09:45:00+0200,7539.39,MW,BE,BE,actual_load,Actual Load,2026-08-02T04:32:23Z
2026-08-02T04:32:20Z,2026-08-02T06:32:20+0200,7aafc1bd-8364-45d6-9e1e-5ae71b51b571,2026-07-21T08:00:00Z,2026-07-21T10:00:00+0200,7552.0,MW,BE,BE,actual_load,Actual Load,2026-08-02T04:32:23Z
2026-08-02T04:32:20Z,2026-08-02T06:32:20+0200,7aafc1bd-8364-45d6-9e1e-5ae71b51b571,2026-07-21T08:15:00Z,2026-07-21T10:15:00+0200,7611.36,MW,BE,BE,actual_load,Actual Load,2026-08-02T04:32:23Z
2026-08-02T04:32:20Z,2026-08-02T06:32:20+0200,7aafc1bd-8364-45d6-9e1e-5ae71b51b571,2026-07-21T08:30:00Z,2026-07-21T10:30:00+0200,7771.75,MW,BE,BE,actual_load,Actual Load,2026-08-02T04:32:23Z
2026-08-02T04:32:20Z,2026-08-02T06:32:20+0200,7aafc1bd-8364-45d6-9e1e-5ae71b51b571,2026-07-21T08:45:00Z,2026-07-21T10:45:00+0200,7943.4,MW,BE,BE,actual_load,Actual Load,2026-08-02T04:32:23Z
2026-08-02T04:32:20Z,2026-08-02T06:32:20+0200,7aafc1bd-8364-45d6-9e1e-5ae71b51b571,2026-07-21T09:00:00Z,2026-07-21T11:00:00+0200,8150.46,MW,BE,BE,actual_load,Actual Load,2026-08-02T04:32:23Z
2026-08-02T04:32:20Z,2026-08-02T06:32:20+0200,7aafc1bd-8364-45d6-9e1e-5ae71b51b571,2026-07-21T09:15:00Z,2026-07-21T11:15:00+0200,8330.56,MW,BE,BE,actual_load,Actual Load,2026-08-02T04:32:23Z
2026-08-02T04:32:20Z,2026-08-02T06:32:20+0200,7aafc1bd-8364-45d6-9e1e-5ae71b51b571,2026-07-21T09:30:00Z,2026-07-21T11:30:00+0200,8632.62,MW,BE,BE,actual_load,Actual Load,2026-08-02T04:32:23Z
2026-08-02T04:32:20Z,2026-08-02T06:32:20+0200,7aafc1bd-8364-45d6-9e1e-5ae71b51b571,2026-07-21T09:45:00Z,2026-07-21T11:45:00+0200,8826.72,MW,BE,BE,actual_load,Actual Load,2026-08-02T04:32:23Z
2026-08-02T04:32:20Z,2026-08-02T06:32:20+0200,7aafc1bd-8364-45d6-9e1e-5ae71b51b571,2026-07-21T10:00:00Z,2026-07-21T12:00:00+0200,8784.1,MW,BE,BE,actual_load,Actual Load,2026-08-02T04:32:23Z
2026-08-02T04:32:20Z,2026-08-02T06:32:20+0200,7aafc1bd-8364-45d6-9e1e-5ae71b51b571,2026-07-21T10:15:00Z,2026-07-21T12:15:00+0200,8870.77,MW,BE,BE,actual_load,Actual Load,2026-08-02T04:32:23Z
2026-08-02T04:32:20Z,2026-08-02T06:32:20+0200,7aafc1bd-8364-45d6-9e1e-5ae71b51b571,2026-07-21T10:30:00Z,2026-07-21T12:30:00+0200,8769.66,MW,BE,BE,actual_load,Actual Load,2026-08-02T04:32:23Z
2026-08-02T04:32:20Z,2026-08-02T06:32:20+0200,7aafc1bd-8364-45d6-9e1e-5ae71b51b571,2026-07-21T10:45:00Z,2026-07-21T12:45:00+0200,8834.51,MW,BE,BE,actual_load,Actual Load,2026-08-02T04:32:23Z
2026-08-02T04:32:20Z,2026-08-02T06:32:20+0200,7aafc1bd-8364-45d6-9e1e-5ae71b51b571,2026-07-21T11:00:00Z,2026-07-21T13:00:00+0200,8796.34,MW,BE,BE,actual_load,Actual Load,2026-08-02T04:32:23Z
2026-08-02T04:32:20Z,2026-08-02T06:32:20+0200,7aafc1bd-8364-45d6-9e1e-5ae71b51b571,2026-07-21T11:15:00Z,2026-07-21T13:15:00+0200,8760.08,MW,BE,BE,actual_load,Actual Load,2026-08-02T04:32:23Z
2026-08-02T04:32:20Z,2026-08-02T06:32:20+0200,7aafc1bd-8364-45d6-9e1e-5ae71b51b571,2026-07-21T11:30:00Z,2026-07-21T13:30:00+0200,8700.52,MW,BE,BE,actual_load,Actual Load,2026-08-02T04:32:23Z
2026-08-02T04:32:20Z,2026-08-02T06:32:20+0200,7aafc1bd-8364-45d6-9e1e-5ae71b51b571,2026-07-21T11:45:00Z,2026-07-21T13:45:00+0200,8579.67,MW,BE,BE,actual_load,Actual Load,2026-08-02T04:32:23Z
2026-08-02T04:32:20Z,2026-08-02T06:32:20+0200,7aafc1bd-8364-45d6-9e1e-5ae71b51b571,2026-07-21T12:00:00Z,2026-07-21T14:00:00+0200,8474.33,MW,BE,BE,actual_load,Actual Load,2026-08-02T04:32:23Z
2026-08-02T04:32:20Z,2026-08-02T06:32:20+0200,7aafc1bd-8364-45d6-9e1e-5ae71b51b571,2026-07-21T12:15:00Z,2026-07-21T14:15:00+0200,8359.55,MW,BE,BE,actual_load,Actual Load,2026-08-02T04:32:23Z
2026-08-02T04:32:20Z,2026-08-02T06:32:20+0200,7aafc1bd-8364-45d6-9e1e-5ae71b51b571,2026-07-21T12:30:00Z,2026-07-21T14:30:00+0200,8275.09,MW,BE,BE,actual_load,Actual Load,2026-08-02T04:32:23Z
2026-08-02T04:32:20Z,2026-08-02T06:32:20+0200,7aafc1bd-8364-45d6-9e1e-5ae71b51b571,2026-07-21T12:45:00Z,2026-07-21T14:45:00+0200,8192.96,MW,BE,BE,actual_load,Actual Load,2026-08-02T04:32:23Z
2026-08-02T04:32:20Z,2026-08-02T06:32:20+0200,7aafc1bd-8364-45d6-9e1e-5ae71b51b571,2026-07-21T13:00:00Z,2026-07-21T15:00:00+0200,8344.13,MW,BE,BE,actual_load,Actual Load,2026-08-02T04:32:23Z
2026-08-02T04:32:20Z,2026-08-02T06:32:20+0200,7aafc1bd-8364-45d6-9e1e-5ae71b51b571,2026-07-21T13:15:00Z,2026-07-21T15:15:00+0200,8306.32,MW,BE,BE,actual_load,Actual Load,2026-08-02T04:32:23Z
2026-08-02T04:32:20Z,2026-08-02T06:32:20+0200,7aafc1bd-8364-45d6-9e1e-5ae71b51b571,2026-07-21T13:30:00Z,2026-07-21T15:30:00+0200,8316.33,MW,BE,BE,actual_load,Actual Load,2026-08-02T04:32:23Z
2026-08-02T04:32:20Z,2026-08-02T06:32:20+0200,7aafc1bd-8364-45d6-9e1e-5ae71b51b571,2026-07-21T13:45:00Z,2026-07-21T15:45:00+0200,8269.58,MW,BE,BE,actual_load,Actual Load,2026-08-02T04:32:23Z
2026-08-02T04:32:20Z,2026-08-02T06:32:20+0200,7aafc1bd-8364-45d6-9e1e-5ae71b51b571,2026-07-21T14:00:00Z,2026-07-21T16:00:00+0200,8066.26,MW,BE,BE,actual_load,Actual Load,2026-08-02T04:32:23Z
2026-08-02T04:32:20Z,2026-08-02T06:32:20+0200,7aafc1bd-8364-45d6-9e1e-5ae71b51b571,2026-07-21T14:15:00Z,2026-07-21T16:15:00+0200,7743.75,MW,BE,BE,actual_load,Actual Load,2026-08-02T04:32:23Z
2026-08-02T04:32:20Z,2026-08-02T06:32:20+0200,7aafc1bd-8364-45d6-9e1e-5ae71b51b571,2026-07-21T14:30:00Z,2026-07-21T16:30:00+0200,7492.55,MW,BE,BE,actual_load,Actual Load,2026-08-02T04:32:23Z
2026-08-02T04:32:20Z,2026-08-02T06:32:20+0200,7aafc1bd-8364-45d6-9e1e-5ae71b51b571,2026-07-21T14:45:00Z,2026-07-21T16:45:00+0200,7472.14,MW,BE,BE,actual_load,Actual Load,2026-08-02T04:32:23Z
2026-08-02T04:32:20Z,2026-08-02T06:32:20+0200,7aafc1bd-8364-45d6-9e1e-5ae71b51b571,2026-07-21T15:00:00Z,2026-07-21T17:00:00+0200,7635.94,MW,BE,BE,actual_load,Actual Load,2026-08-02T04:32:23Z
2026-08-02T04:32:20Z,2026-08-02T06:32:20+0200,7aafc1bd-8364-45d6-9e1e-5ae71b51b571,2026-07-21T15:15:00Z,2026-07-21T17:15:00+0200,7607.32,MW,BE,BE,actual_load,Actual Load,2026-08-02T04:32:23Z
2026-08-02T04:32:20Z,2026-08-02T06:32:20+0200,7aafc1bd-8364-45d6-9e1e-5ae71b51b571,2026-07-21T15:30:00Z,2026-07-21T17:30:00+0200,7622.38,MW,BE,BE,actual_load,Actual Load,2026-08-02T04:32:23Z
2026-08-02T04:32:20Z,2026-08-02T06:32:20+0200,7aafc1bd-8364-45d6-9e1e-5ae71b51b571,2026-07-21T15:45:00Z,2026-07-21T17:45:00+0200,7530.31,MW,BE,BE,actual_load,Actual Load,2026-08-02T04:32:23Z
2026-08-02T04:32:20Z,2026-08-02T06:32:20+0200,7aafc1bd-8364-45d6-9e1e-5ae71b51b571,2026-07-21T16:00:00Z,2026-07-21T18:00:00+0200,7507.54,MW,BE,BE,actual_load,Actual Load,2026-08-02T04:32:23Z
2026-08-02T04:32:20Z,2026-08-02T06:32:20+0200,7aafc1bd-8364-45d6-9e1e-5ae71b51b571,2026-07-21T16:15:00Z,2026-07-21T18:15:00+0200,7518.61,MW,BE,BE,actual_load,Actual Load,2026-08-02T04:32:23Z
2026-08-02T04:32:20Z,2026-08-02T06:32:20+0200,7aafc1bd-8364-45d6-9e1e-5ae71b51b571,2026-07-21T16:30:00Z,2026-07-21T18:30:00+0200,7532.5,MW,BE,BE,actual_load,Actual Load,2026-08-02T04:32:23Z
2026-08-02T04:32:20Z,2026-08-02T06:32:20+0200,7aafc1bd-8364-45d6-9e1e-5ae71b51b571,2026-07-21T16:45:00Z,2026-07-21T18:45:00+0200,7572.14,MW,BE,BE,actual_load,Actual Load,2026-08-02T04:32:23Z
2026-08-02T04:32:20Z,2026-08-02T06:32:20+0200,7aafc1bd-8364-45d6-9e1e-5ae71b51b571,2026-07-21T17:00:00Z,2026-07-21T19:00:00+0200,7562.27,MW,BE,BE,actual_load,Actual Load,2026-08-02T04:32:23Z
2026-08-02T04:32:20Z,2026-08-02T06:32:20+0200,7aafc1bd-8364-45d6-9e1e-5ae71b51b571,2026-07-21T17:15:00Z,2026-07-21T19:15:00+0200,7483.29,MW,BE,BE,actual_load,Actual Load,2026-08-02T04:32:23Z
2026-08-02T04:32:20Z,2026-08-02T06:32:20+0200,7aafc1bd-8364-45d6-9e1e-5ae71b51b571,2026-07-21T17:30:00Z,2026-07-21T19:30:00+0200,7501.67,MW,BE,BE,actual_load,Actual Load,2026-08-02T04:32:23Z
2026-08-02T04:32:20Z,2026-08-02T06:32:20+0200,7aafc1bd-8364-45d6-9e1e-5ae71b51b571,2026-07-21T17:45:00Z,2026-07-21T19:45:00+0200,7627.53,MW,BE,BE,actual_load,Actual Load,2026-08-02T04:32:23Z
2026-08-02T04:32:20Z,2026-08-02T06:32:20+0200,7aafc1bd-8364-45d6-9e1e-5ae71b51b571,2026-07-21T18:00:00Z,2026-07-21T20:00:00+0200,7743.6,MW,BE,BE,actual_load,Actual Load,2026-08-02T04:32:23Z
2026-08-02T04:32:20Z,2026-08-02T06:32:20+0200,7aafc1bd-8364-45d6-9e1e-5ae71b51b571,2026-07-21T18:15:00Z,2026-07-21T20:15:00+0200,7773.27,MW,BE,BE,actual_load,Actual Load,2026-08-02T04:32:23Z
2026-08-02T04:32:20Z,2026-08-02T06:32:20+0200,7aafc1bd-8364-45d6-9e1e-5ae71b51b571,2026-07-21T18:30:00Z,2026-07-21T20:30:00+0200,7705.58,MW,BE,BE,actual_load,Actual Load,2026-08-02T04:32:23Z
2026-08-02T04:32:20Z,2026-08-02T06:32:20+0200,7aafc1bd-8364-45d6-9e1e-5ae71b51b571,2026-07-21T18:45:00Z,2026-07-21T20:45:00+0200,7599.56,MW,BE,BE,actual_load,Actual Load,2026-08-02T04:32:23Z
2026-08-02T04:32:20Z,2026-08-02T06:32:20+0200,7aafc1bd-8364-45d6-9e1e-5ae71b51b571,2026-07-21T19:00:00Z,2026-07-21T21:00:00+0200,7550.04,MW,BE,BE,actual_load,Actual Load,2026-08-02T04:32:23Z
2026-08-02T04:32:20Z,2026-08-02T06:32:20+0200,7aafc1bd-8364-45d6-9e1e-5ae71b51b571,2026-07-21T19:15:00Z,2026-07-21T21:15:00+0200,7578.22,MW,BE,BE,actual_load,Actual Load,2026-08-02T04:32:23Z
2026-08-02T04:32:20Z,2026-08-02T06:32:20+0200,7aafc1bd-8364-45d6-9e1e-5ae71b51b571,2026-07-21T19:30:00Z,2026-07-21T21:30:00+0200,7589.16,MW,BE,BE,actual_load,Actual Load,2026-08-02T04:32:23Z
2026-08-02T04:32:20Z,2026-08-02T06:32:20+0200,7aafc1bd-8364-45d6-9e1e-5ae71b51b571,2026-07-21T19:45:00Z,2026-07-21T21:45:00+0200,7739.4,MW,BE,BE,actual_load,Actual Load,2026-08-02T04:32:23Z
2026-08-02T04:32:20Z,2026-08-02T06:32:20+0200,7aafc1bd-8364-45d6-9e1e-5ae71b51b571,2026-07-21T20:00:00Z,2026-07-21T22:00:00+0200,7790.58,MW,BE,BE,actual_load,Actual Load,2026-08-02T04:32:23Z
2026-08-02T04:32:20Z,2026-08-02T06:32:20+0200,7aafc1bd-8364-45d6-9e1e-5ae71b51b571,2026-07-21T20:15:00Z,2026-07-21T22:15:00+0200,7832.92,MW,BE,BE,actual_load,Actual Load,2026-08-02T04:32:23Z
2026-08-02T04:32:20Z,2026-08-02T06:32:20+0200,7aafc1bd-8364-45d6-9e1e-5ae71b51b571,2026-07-21T20:30:00Z,2026-07-21T22:30:00+0200,7783.28,MW,BE,BE,actual_load,Actual Load,2026-08-02T04:32:23Z
2026-08-02T04:32:20Z,2026-08-02T06:32:20+0200,7aafc1bd-8364-45d6-9e1e-5ae71b51b571,2026-07-21T20:45:00Z,2026-07-21T22:45:00+0200,7816.79,MW,BE,BE,actual_load,Actual Load,2026-08-02T04:32:23Z
2026-08-02T04:32:20Z,2026-08-02T06:32:20+0200,7aafc1bd-8364-45d6-9e1e-5ae71b51b571,2026-07-21T21:00:00Z,2026-07-21T23:00:00+0200,7774.56,MW,BE,BE,actual_load,Actual Load,2026-08-02T04:32:23Z
2026-08-02T04:32:20Z,2026-08-02T06:32:20+0200,7aafc1bd-8364-45d6-9e1e-5ae71b51b571,2026-07-21T21:15:00Z,2026-07-21T23:15:00+0200,7687.62,MW,BE,BE,actual_load,Actual Load,2026-08-02T04:32:23Z
2026-08-02T04:32:20Z,2026-08-02T06:32:20+0200,7aafc1bd-8364-45d6-9e1e-5ae71b51b571,2026-07-21T21:30:00Z,2026-07-21T23:30:00+0200,7558.64,MW,BE,BE,actual_load,Actual Load,2026-08-02T04:32:23Z
2026-08-02T04:32:20Z,2026-08-02T06:32:20+0200,7aafc1bd-8364-45d6-9e1e-5ae71b51b571,2026-07-21T21:45:00Z,2026-07-21T23:45:00+0200,7450.74,MW,BE,BE,actual_load,Actual Load,2026-08-02T04:32:23Z
2026-08-02T04:32:20Z,2026-08-02T06:32:20+0200,7aafc1bd-8364-45d6-9e1e-5ae71b51b571,2026-07-21T22:00:00Z,2026-07-22T00:00:00+0200,7416.65,MW,BE,BE,actual_load,Actual Load,2026-08-02T04:32:23Z
2026-08-02T04:32:20Z,2026-08-02T06:32:20+0200,7aafc1bd-8364-45d6-9e1e-5ae71b51b571,2026-07-21T22:15:00Z,2026-07-22T00:15:00+0200,7322.37,MW,BE,BE,actual_load,Actual Load,2026-08-02T04:32:23Z
2026-08-02T04:32:20Z,2026-08-02T06:32:20+0200,7aafc1bd-8364-45d6-9e1e-5ae71b51b571,2026-07-21T22:30:00Z,2026-07-22T00:30:00+0200,7256.91,MW,BE,BE,actual_load,Actual Load,2026-08-02T04:32:23Z
2026-08-02T04:32:20Z,2026-08-02T06:32:20+0200,7aafc1bd-8364-45d6-9e1e-5ae71b51b571,2026-07-21T22:45:00Z,2026-07-22T00:45:00+0200,7151.83,MW,BE,BE,actual_load,Actual Load,2026-08-02T04:32:23Z
2026-08-02T04:32:20Z,2026-08-02T06:32:20+0200,7aafc1bd-8364-45d6-9e1e-5ae71b51b571,2026-07-21T23:00:00Z,2026-07-22T01:00:00+0200,7132.47,MW,BE,BE,actual_load,Actual Load,2026-08-02T04:32:23Z
2026-08-02T04:32:20Z,2026-08-02T06:32:20+0200,7aafc1bd-8364-45d6-9e1e-5ae71b51b571,2026-07-21T23:15:00Z,2026-07-22T01:15:00+0200,7120.14,MW,BE,BE,actual_load,Actual Load,2026-08-02T04:32:23Z
2026-08-02T04:32:20Z,2026-08-02T06:32:20+0200,7aafc1bd-8364-45d6-9e1e-5ae71b51b571,2026-07-21T23:30:00Z,2026-07-22T01:30:00+0200,7059.0,MW,BE,BE,actual_load,Actual Load,2026-08-02T04:32:23Z
2026-08-02T04:32:20Z,2026-08-02T06:32:20+0200,7aafc1bd-8364-45d6-9e1e-5ae71b51b571,2026-07-21T23:45:00Z,2026-07-22T01:45:00+0200,7081.78,MW,BE,BE,actual_load,Actual Load,2026-08-02T04:32:23Z
2026-08-02T04:32:20Z,2026-08-02T06:32:20+0200,7aafc1bd-8364-45d6-9e1e-5ae71b51b571,2026-07-22T00:00:00Z,2026-07-22T02:00:00+0200,6912.41,MW,BE,BE,actual_load,Actual Load,2026-08-02T04:32:23Z
2026-08-02T04:32:20Z,2026-08-02T06:32:20+0200,7aafc1bd-8364-45d6-9e1e-5ae71b51b571,2026-07-22T00:15:00Z,2026-07-22T02:15:00+0200,6926.4,MW,BE,BE,actual_load,Actual Load,2026-08-02T04:32:23Z
2026-08-02T04:32:20Z,2026-08-02T06:32:20+0200,7aafc1bd-8364-45d6-9e1e-5ae71b51b571,2026-07-22T00:30:00Z,2026-07-22T02:30:00+0200,6936.91,MW,BE,BE,actual_load,Actual Load,2026-08-02T04:32:23Z
2026-08-02T04:32:20Z,2026-08-02T06:32:20+0200,7aafc1bd-8364-45d6-9e1e-5ae71b51b571,2026-07-22T00:45:00Z,2026-07-22T02:45:00+0200,6948.31,MW,BE,BE,actual_load,Actual Load,2026-08-02T04:32:23Z
2026-08-02T04:32:20Z,2026-08-02T06:32:20+0200,7aafc1bd-8364-45d6-9e1e-5ae71b51b571,2026-07-22T01:00:00Z,2026-07-22T03:00:00+0200,6895.31,MW,BE,BE,actual_load,Actual Load,2026-08-02T04:32:23Z
2026-08-02T04:32:20Z,2026-08-02T06:32:20+0200,7aafc1bd-8364-45d6-9e1e-5ae71b51b571,2026-07-22T01:15:00Z,2026-07-22T03:15:00+0200,6933.25,MW,BE,BE,actual_load,Actual Load,2026-08-02T04:32:23Z
2026-08-02T04:32:20Z,2026-08-02T06:32:20+0200,7aafc1bd-8364-45d6-9e1e-5ae71b51b571,2026-07-22T01:30:00Z,2026-07-22T03:30:00+0200,6945.66,MW,BE,BE,actual_load,Actual Load,2026-08-02T04:32:23Z
2026-08-02T04:32:20Z,2026-08-02T06:32:20+0200,7aafc1bd-8364-45d6-9e1e-5ae71b51b571,2026-07-22T01:45:00Z,2026-07-22T03:45:00+0200,6918.28,MW,BE,BE,actual_load,Actual Load,2026-08-02T04:32:23Z
2026-08-02T04:32:20Z,2026-08-02T06:32:20+0200,7aafc1bd-8364-45d6-9e1e-5ae71b51b571,2026-07-22T02:00:00Z,2026-07-22T04:00:00+0200,6900.27,MW,BE,BE,actual_load,Actual Load,2026-08-02T04:32:23Z
2026-08-02T04:32:20Z,2026-08-02T06:32:20+0200,7aafc1bd-8364-45d6-9e1e-5ae71b51b571,2026-07-22T02:15:00Z,2026-07-22T04:15:00+0200,6892.71,MW,BE,BE,actual_load,Actual Load,2026-08-02T04:32:23Z
2026-08-02T04:32:20Z,2026-08-02T06:32:20+0200,7aafc1bd-8364-45d6-9e1e-5ae71b51b571,2026-07-22T02:30:00Z,2026-07-22T04:30:00+0200,6841.4,MW,BE,BE,actual_load,Actual Load,2026-08-02T04:32:23Z
2026-08-02T04:32:20Z,2026-08-02T06:32:20+0200,7aafc1bd-8364-45d6-9e1e-5ae71b51b571,2026-07-22T02:45:00Z,2026-07-22T04:45:00+0200,6963.57,MW,BE,BE,actual_load,Actual Load,2026-08-02T04:32:23Z
2026-08-02T04:32:20Z,2026-08-02T06:32:20+0200,7aafc1bd-8364-45d6-9e1e-5ae71b51b571,2026-07-22T03:00:00Z,2026-07-22T05:00:00+0200,7028.72,MW,BE,BE,actual_load,Actual Load,2026-08-02T04:32:23Z
2026-08-02T04:32:20Z,2026-08-02T06:32:20+0200,7aafc1bd-8364-45d6-9e1e-5ae71b51b571,2026-07-22T03:15:00Z,2026-07-22T05:15:00+0200,7008.66,MW,BE,BE,actual_load,Actual Load,2026-08-02T04:32:23Z
2026-08-02T04:32:20Z,2026-08-02T06:32:20+0200,7aafc1bd-8364-45d6-9e1e-5ae71b51b571,2026-07-22T03:30:00Z,2026-07-22T05:30:00+0200,7195.3,MW,BE,BE,actual_load,Actual Load,2026-08-02T04:32:23Z
2026-08-02T04:32:20Z,2026-08-02T06:32:20+0200,7aafc1bd-8364-45d6-9e1e-5ae71b51b571,2026-07-22T03:45:00Z,2026-07-22T05:45:00+0200,7224.83,MW,BE,BE,actual_load,Actual Load,2026-08-02T04:32:23Z
2026-08-02T04:32:20Z,2026-08-02T06:32:20+0200,7aafc1bd-8364-45d6-9e1e-5ae71b51b571,2026-07-22T04:00:00Z,2026-07-22T06:00:00+0200,7308.38,MW,BE,BE,actual_load,Actual Load,2026-08-02T04:32:23Z
2026-08-02T04:32:20Z,2026-08-02T06:32:20+0200,7aafc1bd-8364-45d6-9e1e-5ae71b51b571,2026-07-22T04:15:00Z,2026-07-22T06:15:00+0200,7378.27,MW,BE,BE,actual_load,Actual Load,2026-08-02T04:32:23Z
2026-08-02T04:32:20Z,2026-08-02T06:32:20+0200,7aafc1bd-8364-45d6-9e1e-5ae71b51b571,2026-07-22T04:30:00Z,2026-07-22T06:30:00+0200,7458.39,MW,BE,BE,actual_load,Actual Load,2026-08-02T04:32:23Z
2026-08-02T04:32:20Z,2026-08-02T06:32:20+0200,7aafc1bd-8364-45d6-9e1e-5ae71b51b571,2026-07-22T04:45:00Z,2026-07-22T06:45:00+0200,7616.68,MW,BE,BE,actual_load,Actual Load,2026-08-02T04:32:23Z
2026-08-02T04:32:20Z,2026-08-02T06:32:20+0200,7aafc1bd-8364-45d6-9e1e-5ae71b51b571,2026-07-22T05:00:00Z,2026-07-22T07:00:00+0200,7735.65,MW,BE,BE,actual_load,Actual Load,2026-08-02T04:32:23Z
2026-08-02T04:32:20Z,2026-08-02T06:32:20+0200,7aafc1bd-8364-45d6-9e1e-5ae71b51b571,2026-07-22T05:15:00Z,2026-07-22T07:15:00+0200,7875.73,MW,BE,BE,actual_load,Actual Load,2026-08-02T04:32:23Z
2026-08-02T04:32:20Z,2026-08-02T06:32:20+0200,7aafc1bd-8364-45d6-9e1e-5ae71b51b571,2026-07-22T05:30:00Z,2026-07-22T07:30:00+0200,8064.0,MW,BE,BE,actual_load,Actual Load,2026-08-02T04:32:23Z
2026-08-02T04:32:20Z,2026-08-02T06:32:20+0200,7aafc1bd-8364-45d6-9e1e-5ae71b51b571,2026-07-22T05:45:00Z,2026-07-22T07:45:00+0200,8151.3,MW,BE,BE,actual_load,Actual Load,2026-08-02T04:32:23Z
2026-08-02T04:32:20Z,2026-08-02T06:32:20+0200,7aafc1bd-8364-45d6-9e1e-5ae71b51b571,2026-07-22T06:00:00Z,2026-07-22T08:00:00+0200,8429.21,MW,BE,BE,actual_load,Actual Load,2026-08-02T04:32:23Z
2026-08-02T04:32:20Z,2026-08-02T06:32:20+0200,7aafc1bd-8364-45d6-9e1e-5ae71b51b571,2026-07-22T06:15:00Z,2026-07-22T08:15:00+0200,9615.79,MW,BE,BE,actual_load,Actual Load,2026-08-02T04:32:23Z
2026-08-02T04:32:20Z,2026-08-02T06:32:20+0200,7aafc1bd-8364-45d6-9e1e-5ae71b51b571,2026-07-22T06:30:00Z,2026-07-22T08:30:00+0200,8856.27,MW,BE,BE,actual_load,Actual Load,2026-08-02T04:32:23Z
2026-08-02T04:32:20Z,2026-08-02T06:32:20+0200,7aafc1bd-8364-45d6-9e1e-5ae71b51b571,2026-07-22T06:45:00Z,2026-07-22T08:45:00+0200,9041.08,MW,BE,BE,actual_load,Actual Load,2026-08-02T04:32:23Z
2026-08-02T04:32:20Z,2026-08-02T06:32:20+0200,7aafc1bd-8364-45d6-9e1e-5ae71b51b571,2026-07-22T07:00:00Z,2026-07-22T09:00:00+0200,9134.6,MW,BE,BE,actual_load,Actual Load,2026-08-02T04:32:23Z
2026-08-02T04:32:20Z,2026-08-02T06:32:20+0200,7aafc1bd-8364-45d6-9e1e-5ae71b51b571,2026-07-22T07:15:00Z,2026-07-22T09:15:00+0200,9179.24,MW,BE,BE,actual_load,Actual Load,2026-08-02T04:32:23Z
2026-08-02T04:32:20Z,2026-08-02T06:32:20+0200,7aafc1bd-8364-45d6-9e1e-5ae71b51b571,2026-07-22T07:30:00Z,2026-07-22T09:30:00+0200,9169.18,MW,BE,BE,actual_load,Actual Load,2026-08-02T04:32:23Z
2026-08-02T04:32:20Z,2026-08-02T06:32:20+0200,7aafc1bd-8364-45d6-9e1e-5ae71b51b571,2026-07-22T07:45:00Z,2026-07-22T09:45:00+0200,9196.49,MW,BE,BE,actual_load,Actual Load,2026-08-02T04:32:23Z
2026-08-02T04:32:20Z,2026-08-02T06:32:20+0200,7aafc1bd-8364-45d6-9e1e-5ae71b51b571,2026-07-22T08:00:00Z,2026-07-22T10:00:00+0200,9164.18,MW,BE,BE,actual_load,Actual Load,2026-08-02T04:32:23Z
2026-08-02T04:32:20Z,2026-08-02T06:32:20+0200,7aafc1bd-8364-45d6-9e1e-5ae71b51b571,2026-07-22T08:15:00Z,2026-07-22T10:15:00+0200,9220.93,MW,BE,BE,actual_load,Actual Load,2026-08-02T04:32:23Z
2026-08-02T04:32:20Z,2026-08-02T06:32:20+0200,7aafc1bd-8364-45d6-9e1e-5ae71b51b571,2026-07-22T08:30:00Z,2026-07-22T10:30:00+0200,9277.96,MW,BE,BE,actual_load,Actual Load,2026-08-02T04:32:23Z
2026-08-02T04:32:20Z,2026-08-02T06:32:20+0200,7aafc1bd-8364-45d6-9e1e-5ae71b51b571,2026-07-22T08:45:00Z,2026-07-22T10:45:00+0200,9459.57,MW,BE,BE,actual_load,Actual Load,2026-08-02T04:32:23Z
2026-08-02T04:32:20Z,2026-08-02T06:32:20+0200,7aafc1bd-8364-45d6-9e1e-5ae71b51b571,2026-07-22T09:00:00Z,2026-07-22T11:00:00+0200,9495.03,MW,BE,BE,actual_load,Actual Load,2026-08-02T04:32:23Z
2026-08-02T04:32:20Z,2026-08-02T06:32:20+0200,7aafc1bd-8364-45d6-9e1e-5ae71b51b571,2026-07-22T09:15:00Z,2026-07-22T11:15:00+0200,9414.55,MW,BE,BE,actual_load,Actual Load,2026-08-02T04:32:23Z
2026-08-02T04:32:20Z,2026-08-02T06:32:20+0200,7aafc1bd-8364-45d6-9e1e-5ae71b51b571,2026-07-22T09:30:00Z,2026-07-22T11:30:00+0200,9446.18,MW,BE,BE,actual_load,Actual Load,2026-08-02T04:32:23Z
2026-08-02T04:32:20Z,2026-08-02T06:32:20+0200,7aafc1bd-8364-45d6-9e1e-5ae71b51b571,2026-07-22T09:45:00Z,2026-07-22T11:45:00+0200,9482.96,MW,BE,BE,actual_load,Actual Load,2026-08-02T04:32:23Z
2026-08-02T04:32:20Z,2026-08-02T06:32:20+0200,7aafc1bd-8364-45d6-9e1e-5ae71b51b571,2026-07-22T10:00:00Z,2026-07-22T12:00:00+0200,9296.31,MW,BE,BE,actual_load,Actual Load,2026-08-02T04:32:23Z
2026-08-02T04:32:20Z,2026-08-02T06:32:20+0200,7aafc1bd-8364-45d6-9e1e-5ae71b51b571,2026-07-22T10:15:00Z,2026-07-22T12:15:00+0200,9296.11,MW,BE,BE,actual_load,Actual Load,2026-08-02T04:32:23Z
2026-08-02T04:32:20Z,2026-08-02T06:32:20+0200,7aafc1bd-8364-45d6-9e1e-5ae71b51b571,2026-07-22T10:30:00Z,2026-07-22T12:30:00+0200,9263.81,MW,BE,BE,actual_load,Actual Load,2026-08-02T04:32:23Z
2026-08-02T04:32:20Z,2026-08-02T06:32:20+0200,7aafc1bd-8364-45d6-9e1e-5ae71b51b571,2026-07-22T10:45:00Z,2026-07-22T12:45:00+0200,9369.45,MW,BE,BE,actual_load,Actual Load,2026-08-02T04:32:23Z
2026-08-02T04:32:20Z,2026-08-02T06:32:20+0200,7aafc1bd-8364-45d6-9e1e-5ae71b51b571,2026-07-22T11:00:00Z,2026-07-22T13:00:00+0200,9558.94,MW,BE,BE,actual_load,Actual Load,2026-08-02T04:32:23Z
2026-08-02T04:32:20Z,2026-08-02T06:32:20+0200,7aafc1bd-8364-45d6-9e1e-5ae71b51b571,2026-07-22T11:15:00Z,2026-07-22T13:15:00+0200,9730.96,MW,BE,BE,actual_load,Actual Load,2026-08-02T04:32:23Z
2026-08-02T04:32:20Z,2026-08-02T06:32:20+0200,7aafc1bd-8364-45d6-9e1e-5ae71b51b571,2026-07-22T11:30:00Z,2026-07-22T13:30:00+0200,9729.31,MW,BE,BE,actual_load,Actual Load,2026-08-02T04:32:23Z
2026-08-02T04:32:20Z,2026-08-02T06:32:20+0200,7aafc1bd-8364-45d6-9e1e-5ae71b51b571,2026-07-22T11:45:00Z,2026-07-22T13:45:00+0200,9592.11,MW,BE,BE,actual_load,Actual Load,2026-08-02T04:32:23Z
2026-08-02T04:32:20Z,2026-08-02T06:32:20+0200,7aafc1bd-8364-45d6-9e1e-5ae71b51b571,2026-07-22T12:00:00Z,2026-07-22T14:00:00+0200,9497.51,MW,BE,BE,actual_load,Actual Load,2026-08-02T04:32:23Z
2026-08-02T04:32:20Z,2026-08-02T06:32:20+0200,7aafc1bd-8364-45d6-9e1e-5ae71b51b571,2026-07-22T12:15:00Z,2026-07-22T14:15:00+0200,9547.89,MW,BE,BE,actual_load,Actual Load,2026-08-02T04:32:23Z
2026-08-02T04:32:20Z,2026-08-02T06:32:20+0200,7aafc1bd-8364-45d6-9e1e-5ae71b51b571,2026-07-22T12:30:00Z,2026-07-22T14:30:00+0200,9473.77,MW,BE,BE,actual_load,Actual Load,2026-08-02T04:32:23Z
2026-08-02T04:32:20Z,2026-08-02T06:32:20+0200,7aafc1bd-8364-45d6-9e1e-5ae71b51b571,2026-07-22T12:45:00Z,2026-07-22T14:45:00+0200,9454.49,MW,BE,BE,actual_load,Actual Load,2026-08-02T04:32:23Z
2026-08-02T04:32:20Z,2026-08-02T06:32:20+0200,7aafc1bd-8364-45d6-9e1e-5ae71b51b571,2026-07-22T13:00:00Z,2026-07-22T15:00:00+0200,9421.34,MW,BE,BE,actual_load,Actual Load,2026-08-02T04:32:23Z
2026-08-02T04:32:20Z,2026-08-02T06:32:20+0200,7aafc1bd-8364-45d6-9e1e-5ae71b51b571,2026-07-22T13:15:00Z,2026-07-22T15:15:00+0200,9512.91,MW,BE,BE,actual_load,Actual Load,2026-08-02T04:32:23Z
2026-08-02T04:32:20Z,2026-08-02T06:32:20+0200,7aafc1bd-8364-45d6-9e1e-5ae71b51b571,2026-07-22T13:30:00Z,2026-07-22T15:30:00+0200,9412.56,MW,BE,BE,actual_load,Actual Load,2026-08-02T04:32:23Z
2026-08-02T04:32:20Z,2026-08-02T06:32:20+0200,7aafc1bd-8364-45d6-9e1e-5ae71b51b571,2026-07-22T13:45:00Z,2026-07-22T15:45:00+0200,9345.36,MW,BE,BE,actual_load,Actual Load,2026-08-02T04:32:23Z
2026-08-02T04:32:20Z,2026-08-02T06:32:20+0200,7aafc1bd-8364-45d6-9e1e-5ae71b51b571,2026-07-22T14:00:00Z,2026-07-22T16:00:00+0200,9415.04,MW,BE,BE,actual_load,Actual Load,2026-08-02T04:32:23Z
2026-08-02T04:32:20Z,2026-08-02T06:32:20+0200,7aafc1bd-8364-45d6-9e1e-5ae71b51b571,2026-07-22T14:15:00Z,2026-07-22T16:15:00+0200,9203.1,MW,BE,BE,actual_load,Actual Load,2026-08-02T04:32:23Z
2026-08-02T04:32:20Z,2026-08-02T06:32:20+0200,7aafc1bd-8364-45d6-9e1e-5ae71b51b571,2026-07-22T14:30:00Z,2026-07-22T16:30:00+0200,9344.78,MW,BE,BE,actual_load,Actual Load,2026-08-02T04:32:23Z
2026-08-02T04:32:20Z,2026-08-02T06:32:20+0200,7aafc1bd-8364-45d6-9e1e-5ae71b51b571,2026-07-22T14:45:00Z,2026-07-22T16:45:00+0200,9208.44,MW,BE,BE,actual_load,Actual Load,2026-08-02T04:32:23Z
2026-08-02T04:32:20Z,2026-08-02T06:32:20+0200,7aafc1bd-8364-45d6-9e1e-5ae71b51b571,2026-07-22T15:00:00Z,2026-07-22T17:00:00+0200,9114.77,MW,BE,BE,actual_load,Actual Load,2026-08-02T04:32:23Z
2026-08-02T04:32:20Z,2026-08-02T06:32:20+0200,7aafc1bd-8364-45d6-9e1e-5ae71b51b571,2026-07-22T15:15:00Z,2026-07-22T17:15:00+0200,9043.14,MW,BE,BE,actual_load,Actual Load,2026-08-02T04:32:23Z
2026-08-02T04:32:20Z,2026-08-02T06:32:20+0200,7aafc1bd-8364-45d6-9e1e-5ae71b51b571,2026-07-22T15:30:00Z,2026-07-22T17:30:00+0200,9147.08,MW,BE,BE,actual_load,Actual Load,2026-08-02T04:32:23Z
2026-08-02T04:32:20Z,2026-08-02T06:32:20+0200,7aafc1bd-8364-45d6-9e1e-5ae71b51b571,2026-07-22T15:45:00Z,2026-07-22T17:45:00+0200,9072.72,MW,BE,BE,actual_load,Actual Load,2026-08-02T04:32:23Z
2026-08-02T04:32:20Z,2026-08-02T06:32:20+0200,7aafc1bd-8364-45d6-9e1e-5ae71b51b571,2026-07-22T16:00:00Z,2026-07-22T18:00:00+0200,9110.86,MW,BE,BE,actual_load,Actual Load,2026-08-02T04:32:23Z
2026-08-02T04:32:20Z,2026-08-02T06:32:20+0200,7aafc1bd-8364-45d6-9e1e-5ae71b51b571,2026-07-22T16:15:00Z,2026-07-22T18:15:00+0200,8991.02,MW,BE,BE,actual_load,Actual Load,2026-08-02T04:32:23Z
2026-08-02T04:32:20Z,2026-08-02T06:32:20+0200,7aafc1bd-8364-45d6-9e1e-5ae71b51b571,2026-07-22T16:30:00Z,2026-07-22T18:30:00+0200,8939.63,MW,BE,BE,actual_load,Actual Load,2026-08-02T04:32:23Z
2026-08-02T04:32:20Z,2026-08-02T06:32:20+0200,7aafc1bd-8364-45d6-9e1e-5ae71b51b571,2026-07-22T16:45:00Z,2026-07-22T18:45:00+0200,8854.59,MW,BE,BE,actual_load,Actual Load,2026-08-02T04:32:23Z
2026-08-02T04:32:20Z,2026-08-02T06:32:20+0200,7aafc1bd-8364-45d6-9e1e-5ae71b51b571,2026-07-22T17:00:00Z,2026-07-22T19:00:00+0200,8825.22,MW,BE,BE,actual_load,Actual Load,2026-08-02T04:32:23Z
2026-08-02T04:32:20Z,2026-08-02T06:32:20+0200,7aafc1bd-8364-45d6-9e1e-5ae71b51b571,2026-07-22T17:15:00Z,2026-07-22T19:15:00+0200,8781.65,MW,BE,BE,actual_load,Actual Load,2026-08-02T04:32:23Z
2026-08-02T04:32:20Z,2026-08-02T06:32:20+0200,7aafc1bd-8364-45d6-9e1e-5ae71b51b571,2026-07-22T17:30:00Z,2026-07-22T19:30:00+0200,8824.56,MW,BE,BE,actual_load,Actual Load,2026-08-02T04:32:23Z
2026-08-02T04:32:20Z,2026-08-02T06:32:20+0200,7aafc1bd-8364-45d6-9e1e-5ae71b51b571,2026-07-22T17:45:00Z,2026-07-22T19:45:00+0200,8771.56,MW,BE,BE,actual_load,Actual Load,2026-08-02T04:32:23Z
2026-08-02T04:32:20Z,2026-08-02T06:32:20+0200,7aafc1bd-8364-45d6-9e1e-5ae71b51b571,2026-07-22T18:00:00Z,2026-07-22T20:00:00+0200,8533.99,MW,BE,BE,actual_load,Actual Load,2026-08-02T04:32:23Z
2026-08-02T04:32:20Z,2026-08-02T06:32:20+0200,7aafc1bd-8364-45d6-9e1e-5ae71b51b571,2026-07-22T18:15:00Z,2026-07-22T20:15:00+0200,8444.19,MW,BE,BE,actual_load,Actual Load,2026-08-02T04:32:23Z
2026-08-02T04:32:20Z,2026-08-02T06:32:20+0200,7aafc1bd-8364-45d6-9e1e-5ae71b51b571,2026-07-22T18:30:00Z,2026-07-22T20:30:00+0200,8438.59,MW,BE,BE,actual_load,Actual Load,2026-08-02T04:32:23Z
2026-08-02T04:32:20Z,2026-08-02T06:32:20+0200,7aafc1bd-8364-45d6-9e1e-5ae71b51b571,2026-07-22T18:45:00Z,2026-07-22T20:45:00+0200,8368.65,MW,BE,BE,actual_load,Actual Load,2026-08-02T04:32:23Z
2026-08-02T04:32:20Z,2026-08-02T06:32:20+0200,7aafc1bd-8364-45d6-9e1e-5ae71b51b571,2026-07-22T19:00:00Z,2026-07-22T21:00:00+0200,8334.18,MW,BE,BE,actual_load,Actual Load,2026-08-02T04:32:23Z
2026-08-02T04:32:20Z,2026-08-02T06:32:20+0200,7aafc1bd-8364-45d6-9e1e-5ae71b51b571,2026-07-22T19:15:00Z,2026-07-22T21:15:00+0200,8264.19,MW,BE,BE,actual_load,Actual Load,2026-08-02T04:32:23Z
2026-08-02T04:32:20Z,2026-08-02T06:32:20+0200,7aafc1bd-8364-45d6-9e1e-5ae71b51b571,2026-07-22T19:30:00Z,2026-07-22T21:30:00+0200,8347.36,MW,BE,BE,actual_load,Actual Load,2026-08-02T04:32:23Z
2026-08-02T04:32:20Z,2026-08-02T06:32:20+0200,7aafc1bd-8364-45d6-9e1e-5ae71b51b571,2026-07-22T19:45:00Z,2026-07-22T21:45:00+0200,8392.54,MW,BE,BE,actual_load,Actual Load,2026-08-02T04:32:23Z
2026-08-02T04:32:20Z,2026-08-02T06:32:20+0200,7aafc1bd-8364-45d6-9e1e-5ae71b51b571,2026-07-22T20:00:00Z,2026-07-22T22:00:00+0200,8502.97,MW,BE,BE,actual_load,Actual Load,2026-08-02T04:32:23Z
2026-08-02T04:32:20Z,2026-08-02T06:32:20+0200,7aafc1bd-8364-45d6-9e1e-5ae71b51b571,2026-07-22T20:15:00Z,2026-07-22T22:15:00+0200,8510.6,MW,BE,BE,actual_load,Actual Load,2026-08-02T04:32:23Z
2026-08-02T04:32:20Z,2026-08-02T06:32:20+0200,7aafc1bd-8364-45d6-9e1e-5ae71b51b571,2026-07-22T20:30:00Z,2026-07-22T22:30:00+0200,8576.0,MW,BE,BE,actual_load,Actual Load,2026-08-02T04:32:23Z
2026-08-02T04:32:20Z,2026-08-02T06:32:20+0200,7aafc1bd-8364-45d6-9e1e-5ae71b51b571,2026-07-22T20:45:00Z,2026-07-22T22:45:00+0200,8498.08,MW,BE,BE,actual_load,Actual Load,2026-08-02T04:32:23Z
2026-08-02T04:32:20Z,2026-08-02T06:32:20+0200,7aafc1bd-8364-45d6-9e1e-5ae71b51b571,2026-07-22T21:00:00Z,2026-07-22T23:00:00+0200,8308.06,MW,BE,BE,actual_load,Actual Load,2026-08-02T04:32:23Z
2026-08-02T04:32:20Z,2026-08-02T06:32:20+0200,7aafc1bd-8364-45d6-9e1e-5ae71b51b571,2026-07-22T21:15:00Z,2026-07-22T23:15:00+0200,8200.81,MW,BE,BE,actual_load,Actual Load,2026-08-02T04:32:23Z
2026-08-02T04:32:20Z,2026-08-02T06:32:20+0200,7aafc1bd-8364-45d6-9e1e-5ae71b51b571,2026-07-22T21:30:00Z,2026-07-22T23:30:00+0200,8030.29,MW,BE,BE,actual_load,Actual Load,2026-08-02T04:32:23Z
2026-08-02T04:32:20Z,2026-08-02T06:32:20+0200,7aafc1bd-8364-45d6-9e1e-5ae71b51b571,2026-07-22T21:45:00Z,2026-07-22T23:45:00+0200,7964.75,MW,BE,BE,actual_load,Actual Load,2026-08-02T04:32:23Z
2026-08-02T04:32:20Z,2026-08-02T06:32:20+0200,7aafc1bd-8364-45d6-9e1e-5ae71b51b571,2026-07-22T22:00:00Z,2026-07-23T00:00:00+0200,7648.05,MW,BE,BE,actual_load,Actual Load,2026-08-02T04:32:23Z
2026-08-02T04:32:20Z,2026-08-02T06:32:20+0200,7aafc1bd-8364-45d6-9e1e-5ae71b51b571,2026-07-22T22:15:00Z,2026-07-23T00:15:00+0200,7624.84,MW,BE,BE,actual_load,Actual Load,2026-08-02T04:32:23Z
2026-08-02T04:32:20Z,2026-08-02T06:32:20+0200,7aafc1bd-8364-45d6-9e1e-5ae71b51b571,2026-07-22T22:30:00Z,2026-07-23T00:30:00+0200,7474.08,MW,BE,BE,actual_load,Actual Load,2026-08-02T04:32:23Z
2026-08-02T04:32:20Z,2026-08-02T06:32:20+0200,7aafc1bd-8364-45d6-9e1e-5ae71b51b571,2026-07-22T22:45:00Z,2026-07-23T00:45:00+0200,7413.83,MW,BE,BE,actual_load,Actual Load,2026-08-02T04:32:23Z
2026-08-02T04:32:20Z,2026-08-02T06:32:20+0200,7aafc1bd-8364-45d6-9e1e-5ae71b51b571,2026-07-22T23:00:00Z,2026-07-23T01:00:00+0200,7468.33,MW,BE,BE,actual_load,Actual Load,2026-08-02T04:32:23Z
2026-08-02T04:32:20Z,2026-08-02T06:32:20+0200,7aafc1bd-8364-45d6-9e1e-5ae71b51b571,2026-07-22T23:15:00Z,2026-07-23T01:15:00+0200,7384.31,MW,BE,BE,actual_load,Actual Load,2026-08-02T04:32:23Z
2026-08-02T04:32:20Z,2026-08-02T06:32:20+0200,7aafc1bd-8364-45d6-9e1e-5ae71b51b571,2026-07-22T23:30:00Z,2026-07-23T01:30:00+0200,7272.67,MW,BE,BE,actual_load,Actual Load,2026-08-02T04:32:23Z
2026-08-02T04:32:20Z,2026-08-02T06:32:20+0200,7aafc1bd-8364-45d6-9e1e-5ae71b51b571,2026-07-22T23:45:00Z,2026-07-23T01:45:00+0200,7238.26,MW,BE,BE,actual_load,Actual Load,2026-08-02T04:32:23Z
2026-08-02T04:32:20Z,2026-08-02T06:32:20+0200,7aafc1bd-8364-45d6-9e1e-5ae71b51b571,2026-07-23T00:00:00Z,2026-07-23T02:00:00+0200,7210.57,MW,BE,BE,actual_load,Actual Load,2026-08-02T04:32:23Z
2026-08-02T04:32:20Z,2026-08-02T06:32:20+0200,7aafc1bd-8364-45d6-9e1e-5ae71b51b571,2026-07-23T00:15:00Z,2026-07-23T02:15:00+0200,7224.68,MW,BE,BE,actual_load,Actual Load,2026-08-02T04:32:23Z
2026-08-02T04:32:20Z,2026-08-02T06:32:20+0200,7aafc1bd-8364-45d6-9e1e-5ae71b51b571,2026-07-23T00:30:00Z,2026-07-23T02:30:00+0200,7146.58,MW,BE,BE,actual_load,Actual Load,2026-08-02T04:32:23Z
2026-08-02T04:32:20Z,2026-08-02T06:32:20+0200,7aafc1bd-8364-45d6-9e1e-5ae71b51b571,2026-07-23T00:45:00Z,2026-07-23T02:45:00+0200,7208.62,MW,BE,BE,actual_load,Actual Load,2026-08-02T04:32:23Z
2026-08-02T04:32:20Z,2026-08-02T06:32:20+0200,7aafc1bd-8364-45d6-9e1e-5ae71b51b571,2026-07-23T01:00:00Z,2026-07-23T03:00:00+0200,7144.18,MW,BE,BE,actual_load,Actual Load,2026-08-02T04:32:23Z
2026-08-02T04:32:20Z,2026-08-02T06:32:20+0200,7aafc1bd-8364-45d6-9e1e-5ae71b51b571,2026-07-23T01:15:00Z,2026-07-23T03:15:00+0200,7166.8,MW,BE,BE,actual_load,Actual Load,2026-08-02T04:32:23Z
2026-08-02T04:32:20Z,2026-08-02T06:32:20+0200,7aafc1bd-8364-45d6-9e1e-5ae71b51b571,2026-07-23T01:30:00Z,2026-07-23T03:30:00+0200,7144.29,MW,BE,BE,actual_load,Actual Load,2026-08-02T04:32:23Z
2026-08-02T04:32:20Z,2026-08-02T06:32:20+0200,7aafc1bd-8364-45d6-9e1e-5ae71b51b571,2026-07-23T01:45:00Z,2026-07-23T03:45:00+0200,7094.13,MW,BE,BE,actual_load,Actual Load,2026-08-02T04:32:23Z
2026-08-02T04:32:20Z,2026-08-02T06:32:20+0200,7aafc1bd-8364-45d6-9e1e-5ae71b51b571,2026-07-23T02:00:00Z,2026-07-23T04:00:00+0200,7138.14,MW,BE,BE,actual_load,Actual Load,2026-08-02T04:32:23Z
2026-08-02T04:32:20Z,2026-08-02T06:32:20+0200,7aafc1bd-8364-45d6-9e1e-5ae71b51b571,2026-07-23T02:15:00Z,2026-07-23T04:15:00+0200,7187.87,MW,BE,BE,actual_load,Actual Load,2026-08-02T04:32:23Z
2026-08-02T04:32:20Z,2026-08-02T06:32:20+0200,7aafc1bd-8364-45d6-9e1e-5ae71b51b571,2026-07-23T02:30:00Z,2026-07-23T04:30:00+0200,7070.78,MW,BE,BE,actual_load,Actual Load,2026-08-02T04:32:23Z
2026-08-02T04:32:20Z,2026-08-02T06:32:20+0200,7aafc1bd-8364-45d6-9e1e-5ae71b51b571,2026-07-23T02:45:00Z,2026-07-23T04:45:00+0200,7063.0,MW,BE,BE,actual_load,Actual Load,2026-08-02T04:32:23Z
2026-08-02T04:32:20Z,2026-08-02T06:32:20+0200,7aafc1bd-8364-45d6-9e1e-5ae71b51b571,2026-07-23T03:00:00Z,2026-07-23T05:00:00+0200,7206.75,MW,BE,BE,actual_load,Actual Load,2026-08-02T04:32:23Z
2026-08-02T04:32:20Z,2026-08-02T06:32:20+0200,7aafc1bd-8364-45d6-9e1e-5ae71b51b571,2026-07-23T03:15:00Z,2026-07-23T05:15:00+0200,7162.54,MW,BE,BE,actual_load,Actual Load,2026-08-02T04:32:23Z
2026-08-02T04:32:20Z,2026-08-02T06:32:20+0200,7aafc1bd-8364-45d6-9e1e-5ae71b51b571,2026-07-23T03:30:00Z,2026-07-23T05:30:00+0200,7201.52,MW,BE,BE,actual_load,Actual Load,2026-08-02T04:32:23Z
2026-08-02T04:32:20Z,2026-08-02T06:32:20+0200,7aafc1bd-8364-45d6-9e1e-5ae71b51b571,2026-07-23T03:45:00Z,2026-07-23T05:45:00+0200,7268.63,MW,BE,BE,actual_load,Actual Load,2026-08-02T04:32:23Z
2026-08-02T04:32:20Z,2026-08-02T06:32:20+0200,7aafc1bd-8364-45d6-9e1e-5ae71b51b571,2026-07-23T04:00:00Z,2026-07-23T06:00:00+0200,7393.91,MW,BE,BE,actual_load,Actual Load,2026-08-02T04:32:23Z
2026-08-02T04:32:20Z,2026-08-02T06:32:20+0200,7aafc1bd-8364-45d6-9e1e-5ae71b51b571,2026-07-23T04:15:00Z,2026-07-23T06:15:00+0200,7490.25,MW,BE,BE,actual_load,Actual Load,2026-08-02T04:32:23Z
2026-08-02T04:32:20Z,2026-08-02T06:32:20+0200,7aafc1bd-8364-45d6-9e1e-5ae71b51b571,2026-07-23T04:30:00Z,2026-07-23T06:30:00+0200,7648.45,MW,BE,BE,actual_load,Actual Load,2026-08-02T04:32:23Z
2026-08-02T04:32:20Z,2026-08-02T06:32:20+0200,7aafc1bd-8364-45d6-9e1e-5ae71b51b571,2026-07-23T04:45:00Z,2026-07-23T06:45:00+0200,7722.24,MW,BE,BE,actual_load,Actual Load,2026-08-02T04:32:23Z
2026-08-02T04:32:20Z,2026-08-02T06:32:20+0200,7aafc1bd-8364-45d6-9e1e-5ae71b51b571,2026-07-23T05:00:00Z,2026-07-23T07:00:00+0200,7773.28,MW,BE,BE,actual_load,Actual Load,2026-08-02T04:32:23Z
2026-08-02T04:32:20Z,2026-08-02T06:32:20+0200,7aafc1bd-8364-45d6-9e1e-5ae71b51b571,2026-07-23T05:15:00Z,2026-07-23T07:15:00+0200,7980.79,MW,BE,BE,actual_load,Actual Load,2026-08-02T04:32:23Z
2026-08-02T04:32:20Z,2026-08-02T06:32:20+0200,7aafc1bd-8364-45d6-9e1e-5ae71b51b571,2026-07-23T05:30:00Z,2026-07-23T07:30:00+0200,8186.02,MW,BE,BE,actual_load,Actual Load,2026-08-02T04:32:23Z
2026-08-02T04:32:20Z,2026-08-02T06:32:20+0200,7aafc1bd-8364-45d6-9e1e-5ae71b51b571,2026-07-23T05:45:00Z,2026-07-23T07:45:00+0200,8410.74,MW,BE,BE,actual_load,Actual Load,2026-08-02T04:32:23Z
2026-08-02T04:32:20Z,2026-08-02T06:32:20+0200,7aafc1bd-8364-45d6-9e1e-5ae71b51b571,2026-07-23T06:00:00Z,2026-07-23T08:00:00+0200,8338.21,MW,BE,BE,actual_load,Actual Load,2026-08-02T04:32:23Z
2026-08-02T04:32:20Z,2026-08-02T06:32:20+0200,7aafc1bd-8364-45d6-9e1e-5ae71b51b571,2026-07-23T06:15:00Z,2026-07-23T08:15:00+0200,8491.19,MW,BE,BE,actual_load,Actual Load,2026-08-02T04:32:23Z
2026-08-02T04:32:20Z,2026-08-02T06:32:20+0200,7aafc1bd-8364-45d6-9e1e-5ae71b51b571,2026-07-23T06:30:00Z,2026-07-23T08:30:00+0200,8729.25,MW,BE,BE,actual_load,Actual Load,2026-08-02T04:32:23Z
2026-08-02T04:32:20Z,2026-08-02T06:32:20+0200,7aafc1bd-8364-45d6-9e1e-5ae71b51b571,2026-07-23T06:45:00Z,2026-07-23T08:45:00+0200,8906.86,MW,BE,BE,actual_load,Actual Load,2026-08-02T04:32:23Z
2026-08-02T04:32:20Z,2026-08-02T06:32:20+0200,7aafc1bd-8364-45d6-9e1e-5ae71b51b571,2026-07-23T07:00:00Z,2026-07-23T09:00:00+0200,8871.8,MW,BE,BE,actual_load,Actual Load,2026-08-02T04:32:23Z
2026-08-02T04:32:20Z,2026-08-02T06:32:20+0200,7aafc1bd-8364-45d6-9e1e-5ae71b51b571,2026-07-23T07:15:00Z,2026-07-23T09:15:00+0200,8990.73,MW,BE,BE,actual_load,Actual Load,2026-08-02T04:32:23Z
2026-08-02T04:32:20Z,2026-08-02T06:32:20+0200,7aafc1bd-8364-45d6-9e1e-5ae71b51b571,2026-07-23T07:30:00Z,2026-07-23T09:30:00+0200,9255.39,MW,BE,BE,actual_load,Actual Load,2026-08-02T04:32:23Z
2026-08-02T04:32:20Z,2026-08-02T06:32:20+0200,7aafc1bd-8364-45d6-9e1e-5ae71b51b571,2026-07-23T07:45:00Z,2026-07-23T09:45:00+0200,9454.24,MW,BE,BE,actual_load,Actual Load,2026-08-02T04:32:23Z
2026-08-02T04:32:20Z,2026-08-02T06:32:20+0200,7aafc1bd-8364-45d6-9e1e-5ae71b51b571,2026-07-23T08:00:00Z,2026-07-23T10:00:00+0200,9291.1,MW,BE,BE,actual_load,Actual Load,2026-08-02T04:32:23Z
2026-08-02T04:32:20Z,2026-08-02T06:32:20+0200,7aafc1bd-8364-45d6-9e1e-5ae71b51b571,2026-07-23T08:15:00Z,2026-07-23T10:15:00+0200,9299.39,MW,BE,BE,actual_load,Actual Load,2026-08-02T04:32:23Z
2026-08-02T04:32:20Z,2026-08-02T06:32:20+0200,7aafc1bd-8364-45d6-9e1e-5ae71b51b571,2026-07-23T08:30:00Z,2026-07-23T10:30:00+0200,9326.87,MW,BE,BE,actual_load,Actual Load,2026-08-02T04:32:23Z
2026-08-02T04:32:20Z,2026-08-02T06:32:20+0200,7aafc1bd-8364-45d6-9e1e-5ae71b51b571,2026-07-23T08:45:00Z,2026-07-23T10:45:00+0200,9362.3,MW,BE,BE,actual_load,Actual Load,2026-08-02T04:32:23Z
2026-08-02T04:32:20Z,2026-08-02T06:32:20+0200,7aafc1bd-8364-45d6-9e1e-5ae71b51b571,2026-07-23T09:00:00Z,2026-07-23T11:00:00+0200,9307.94,MW,BE,BE,actual_load,Actual Load,2026-08-02T04:32:23Z
2026-08-02T04:32:20Z,2026-08-02T06:32:20+0200,7aafc1bd-8364-45d6-9e1e-5ae71b51b571,2026-07-23T09:15:00Z,2026-07-23T11:15:00+0200,9449.74,MW,BE,BE,actual_load,Actual Load,2026-08-02T04:32:23Z
2026-08-02T04:32:20Z,2026-08-02T06:32:20+0200,7aafc1bd-8364-45d6-9e1e-5ae71b51b571,2026-07-23T09:30:00Z,2026-07-23T11:30:00+0200,9429.52,MW,BE,BE,actual_load,Actual Load,2026-08-02T04:32:23Z
2026-08-02T04:32:20Z,2026-08-02T06:32:20+0200,7aafc1bd-8364-45d6-9e1e-5ae71b51b571,2026-07-23T09:45:00Z,2026-07-23T11:45:00+0200,9538.11,MW,BE,BE,actual_load,Actual Load,2026-08-02T04:32:23Z
2026-08-02T04:32:20Z,2026-08-02T06:32:20+0200,7aafc1bd-8364-45d6-9e1e-5ae71b51b571,2026-07-23T10:00:00Z,2026-07-23T12:00:00+0200,9519.22,MW,BE,BE,actual_load,Actual Load,2026-08-02T04:32:23Z
2026-08-02T04:32:20Z,2026-08-02T06:32:20+0200,7aafc1bd-8364-45d6-9e1e-5ae71b51b571,2026-07-23T10:15:00Z,2026-07-23T12:15:00+0200,9441.08,MW,BE,BE,actual_load,Actual Load,2026-08-02T04:32:23Z
2026-08-02T04:32:20Z,2026-08-02T06:32:20+0200,7aafc1bd-8364-45d6-9e1e-5ae71b51b571,2026-07-23T10:30:00Z,2026-07-23T12:30:00+0200,9553.44,MW,BE,BE,actual_load,Actual Load,2026-08-02T04:32:23Z
2026-08-02T04:32:20Z,2026-08-02T06:32:20+0200,7aafc1bd-8364-45d6-9e1e-5ae71b51b571,2026-07-23T10:45:00Z,2026-07-23T12:45:00+0200,9911.95,MW,BE,BE,actual_load,Actual Load,2026-08-02T04:32:23Z
2026-08-02T04:32:20Z,2026-08-02T06:32:20+0200,7aafc1bd-8364-45d6-9e1e-5ae71b51b571,2026-07-23T11:00:00Z,2026-07-23T13:00:00+0200,9805.49,MW,BE,BE,actual_load,Actual Load,2026-08-02T04:32:23Z
2026-08-02T04:32:20Z,2026-08-02T06:32:20+0200,7aafc1bd-8364-45d6-9e1e-5ae71b51b571,2026-07-23T11:15:00Z,2026-07-23T13:15:00+0200,9803.63,MW,BE,BE,actual_load,Actual Load,2026-08-02T04:32:23Z
2026-08-02T04:32:20Z,2026-08-02T06:32:20+0200,7aafc1bd-8364-45d6-9e1e-5ae71b51b571,2026-07-23T11:30:00Z,2026-07-23T13:30:00+0200,9849.96,MW,BE,BE,actual_load,Actual Load,2026-08-02T04:32:23Z
2026-08-02T04:32:20Z,2026-08-02T06:32:20+0200,7aafc1bd-8364-45d6-9e1e-5ae71b51b571,2026-07-23T11:45:00Z,2026-07-23T13:45:00+0200,9628.14,MW,BE,BE,actual_load,Actual Load,2026-08-02T04:32:23Z
2026-08-02T04:32:20Z,2026-08-02T06:32:20+0200,7aafc1bd-8364-45d6-9e1e-5ae71b51b571,2026-07-23T12:00:00Z,2026-07-23T14:00:00+0200,9465.98,MW,BE,BE,actual_load,Actual Load,2026-08-02T04:32:23Z
2026-08-02T04:32:20Z,2026-08-02T06:32:20+0200,7aafc1bd-8364-45d6-9e1e-5ae71b51b571,2026-07-23T12:15:00Z,2026-07-23T14:15:00+0200,9477.18,MW,BE,BE,actual_load,Actual Load,2026-08-02T04:32:23Z
2026-08-02T04:32:20Z,2026-08-02T06:32:20+0200,7aafc1bd-8364-45d6-9e1e-5ae71b51b571,2026-07-23T12:30:00Z,2026-07-23T14:30:00+0200,9400.39,MW,BE,BE,actual_load,Actual Load,2026-08-02T04:32:23Z
2026-08-02T04:32:20Z,2026-08-02T06:32:20+0200,7aafc1bd-8364-45d6-9e1e-5ae71b51b571,2026-07-23T12:45:00Z,2026-07-23T14:45:00+0200,9458.9,MW,BE,BE,actual_load,Actual Load,2026-08-02T04:32:23Z
2026-08-02T04:32:20Z,2026-08-02T06:32:20+0200,7aafc1bd-8364-45d6-9e1e-5ae71b51b571,2026-07-23T13:00:00Z,2026-07-23T15:00:00+0200,9418.38,MW,BE,BE,actual_load,Actual Load,2026-08-02T04:32:23Z
2026-08-02T04:32:20Z,2026-08-02T06:32:20+0200,7aafc1bd-8364-45d6-9e1e-5ae71b51b571,2026-07-23T13:15:00Z,2026-07-23T15:15:00+0200,9203.07,MW,BE,BE,actual_load,Actual Load,2026-08-02T04:32:23Z
2026-08-02T04:32:20Z,2026-08-02T06:32:20+0200,7aafc1bd-8364-45d6-9e1e-5ae71b51b571,2026-07-23T13:30:00Z,2026-07-23T15:30:00+0200,9260.23,MW,BE,BE,actual_load,Actual Load,2026-08-02T04:32:23Z
2026-08-02T04:32:20Z,2026-08-02T06:32:20+0200,7aafc1bd-8364-45d6-9e1e-5ae71b51b571,2026-07-23T13:45:00Z,2026-07-23T15:45:00+0200,9140.73,MW,BE,BE,actual_load,Actual Load,2026-08-02T04:32:23Z
2026-08-02T04:32:20Z,2026-08-02T06:32:20+0200,7aafc1bd-8364-45d6-9e1e-5ae71b51b571,2026-07-23T14:00:00Z,2026-07-23T16:00:00+0200,9165.21,MW,BE,BE,actual_load,Actual Load,2026-08-02T04:32:23Z
2026-08-02T04:32:20Z,2026-08-02T06:32:20+0200,7aafc1bd-8364-45d6-9e1e-5ae71b51b571,2026-07-23T14:15:00Z,2026-07-23T16:15:00+0200,9226.23,MW,BE,BE,actual_load,Actual Load,2026-08-02T04:32:23Z
2026-08-02T04:32:20Z,2026-08-02T06:32:20+0200,7aafc1bd-8364-45d6-9e1e-5ae71b51b571,2026-07-23T14:30:00Z,2026-07-23T16:30:00+0200,9192.72,MW,BE,BE,actual_load,Actual Load,2026-08-02T04:32:23Z
2026-08-02T04:32:20Z,2026-08-02T06:32:20+0200,7aafc1bd-8364-45d6-9e1e-5ae71b51b571,2026-07-23T14:45:00Z,2026-07-23T16:45:00+0200,9040.8,MW,BE,BE,actual_load,Actual Load,2026-08-02T04:32:23Z
2026-08-02T04:32:20Z,2026-08-02T06:32:20+0200,7aafc1bd-8364-45d6-9e1e-5ae71b51b571,2026-07-23T15:00:00Z,2026-07-23T17:00:00+0200,8966.09,MW,BE,BE,actual_load,Actual Load,2026-08-02T04:32:23Z
2026-08-02T04:32:20Z,2026-08-02T06:32:20+0200,7aafc1bd-8364-45d6-9e1e-5ae71b51b571,2026-07-23T15:15:00Z,2026-07-23T17:15:00+0200,8868.62,MW,BE,BE,actual_load,Actual Load,2026-08-02T04:32:23Z
2026-08-02T04:32:20Z,2026-08-02T06:32:20+0200,7aafc1bd-8364-45d6-9e1e-5ae71b51b571,2026-07-23T15:30:00Z,2026-07-23T17:30:00+0200,8862.7,MW,BE,BE,actual_load,Actual Load,2026-08-02T04:32:23Z
2026-08-02T04:32:20Z,2026-08-02T06:32:20+0200,7aafc1bd-8364-45d6-9e1e-5ae71b51b571,2026-07-23T15:45:00Z,2026-07-23T17:45:00+0200,8775.12,MW,BE,BE,actual_load,Actual Load,2026-08-02T04:32:23Z
2026-08-02T04:32:20Z,2026-08-02T06:32:20+0200,7aafc1bd-8364-45d6-9e1e-5ae71b51b571,2026-07-23T16:00:00Z,2026-07-23T18:00:00+0200,8837.92,MW,BE,BE,actual_load,Actual Load,2026-08-02T04:32:23Z
2026-08-02T04:32:20Z,2026-08-02T06:32:20+0200,7aafc1bd-8364-45d6-9e1e-5ae71b51b571,2026-07-23T16:15:00Z,2026-07-23T18:15:00+0200,8831.09,MW,BE,BE,actual_load,Actual Load,2026-08-02T04:32:23Z
2026-08-02T04:32:20Z,2026-08-02T06:32:20+0200,7aafc1bd-8364-45d6-9e1e-5ae71b51b571,2026-07-23T16:30:00Z,2026-07-23T18:30:00+0200,8809.02,MW,BE,BE,actual_load,Actual Load,2026-08-02T04:32:23Z
2026-08-02T04:32:20Z,2026-08-02T06:32:20+0200,7aafc1bd-8364-45d6-9e1e-5ae71b51b571,2026-07-23T16:45:00Z,2026-07-23T18:45:00+0200,8738.92,MW,BE,BE,actual_load,Actual Load,2026-08-02T04:32:23Z
2026-08-02T04:32:20Z,2026-08-02T06:32:20+0200,7aafc1bd-8364-45d6-9e1e-5ae71b51b571,2026-07-23T17:00:00Z,2026-07-23T19:00:00+0200,8667.06,MW,BE,BE,actual_load,Actual Load,2026-08-02T04:32:23Z
2026-08-02T04:32:20Z,2026-08-02T06:32:20+0200,7aafc1bd-8364-45d6-9e1e-5ae71b51b571,2026-07-23T17:15:00Z,2026-07-23T19:15:00+0200,8582.88,MW,BE,BE,actual_load,Actual Load,2026-08-02T04:32:23Z
2026-08-02T04:32:20Z,2026-08-02T06:32:20+0200,7aafc1bd-8364-45d6-9e1e-5ae71b51b571,2026-07-23T17:30:00Z,2026-07-23T19:30:00+0200,8555.96,MW,BE,BE,actual_load,Actual Load,2026-08-02T04:32:23Z
2026-08-02T04:32:20Z,2026-08-02T06:32:20+0200,7aafc1bd-8364-45d6-9e1e-5ae71b51b571,2026-07-23T17:45:00Z,2026-07-23T19:45:00+0200,8607.32,MW,BE,BE,actual_load,Actual Load,2026-08-02T04:32:23Z
2026-08-02T04:32:20Z,2026-08-02T06:32:20+0200,7aafc1bd-8364-45d6-9e1e-5ae71b51b571,2026-07-23T18:00:00Z,2026-07-23T20:00:00+0200,8541.35,MW,BE,BE,actual_load,Actual Load,2026-08-02T04:32:23Z
2026-08-02T04:32:20Z,2026-08-02T06:32:20+0200,7aafc1bd-8364-45d6-9e1e-5ae71b51b571,2026-07-23T18:15:00Z,2026-07-23T20:15:00+0200,8486.29,MW,BE,BE,actual_load,Actual Load,2026-08-02T04:32:23Z
2026-08-02T04:32:20Z,2026-08-02T06:32:20+0200,7aafc1bd-8364-45d6-9e1e-5ae71b51b571,2026-07-23T18:30:00Z,2026-07-23T20:30:00+0200,8416.18,MW,BE,BE,actual_load,Actual Load,2026-08-02T04:32:23Z
2026-08-02T04:32:20Z,2026-08-02T06:32:20+0200,7aafc1bd-8364-45d6-9e1e-5ae71b51b571,2026-07-23T18:45:00Z,2026-07-23T20:45:00+0200,8292.25,MW,BE,BE,actual_load,Actual Load,2026-08-02T04:32:23Z
2026-08-02T04:32:20Z,2026-08-02T06:32:20+0200,7aafc1bd-8364-45d6-9e1e-5ae71b51b571,2026-07-23T19:00:00Z,2026-07-23T21:00:00+0200,8112.77,MW,BE,BE,actual_load,Actual Load,2026-08-02T04:32:23Z
2026-08-02T04:32:20Z,2026-08-02T06:32:20+0200,7aafc1bd-8364-45d6-9e1e-5ae71b51b571,2026-07-23T19:15:00Z,2026-07-23T21:15:00+0200,8054.52,MW,BE,BE,actual_load,Actual Load,2026-08-02T04:32:23Z
2026-08-02T04:32:20Z,2026-08-02T06:32:20+0200,7aafc1bd-8364-45d6-9e1e-5ae71b51b571,2026-07-23T19:30:00Z,2026-07-23T21:30:00+0200,7999.03,MW,BE,BE,actual_load,Actual Load,2026-08-02T04:32:23Z
2026-08-02T04:32:20Z,2026-08-02T06:32:20+0200,7aafc1bd-8364-45d6-9e1e-5ae71b51b571,2026-07-23T19:45:00Z,2026-07-23T21:45:00+0200,8158.31,MW,BE,BE,actual_load,Actual Load,2026-08-02T04:32:23Z
2026-08-02T04:32:20Z,2026-08-02T06:32:20+0200,7aafc1bd-8364-45d6-9e1e-5ae71b51b571,2026-07-23T20:00:00Z,2026-07-23T22:00:00+0200,8167.48,MW,BE,BE,actual_load,Actual Load,2026-08-02T04:32:23Z
2026-08-02T04:32:20Z,2026-08-02T06:32:20+0200,7aafc1bd-8364-45d6-9e1e-5ae71b51b571,2026-07-23T20:15:00Z,2026-07-23T22:15:00+0200,8243.46,MW,BE,BE,actual_load,Actual Load,2026-08-02T04:32:23Z
2026-08-02T04:32:20Z,2026-08-02T06:32:20+0200,7aafc1bd-8364-45d6-9e1e-5ae71b51b571,2026-07-23T20:30:00Z,2026-07-23T22:30:00+0200,8295.45,MW,BE,BE,actual_load,Actual Load,2026-08-02T04:32:23Z
2026-08-02T04:32:20Z,2026-08-02T06:32:20+0200,7aafc1bd-8364-45d6-9e1e-5ae71b51b571,2026-07-23T20:45:00Z,2026-07-23T22:45:00+0200,8235.87,MW,BE,BE,actual_load,Actual Load,2026-08-02T04:32:23Z
2026-08-02T04:32:20Z,2026-08-02T06:32:20+0200,7aafc1bd-8364-45d6-9e1e-5ae71b51b571,2026-07-23T21:00:00Z,2026-07-23T23:00:00+0200,8072.93,MW,BE,BE,actual_load,Actual Load,2026-08-02T04:32:23Z
2026-08-02T04:32:20Z,2026-08-02T06:32:20+0200,7aafc1bd-8364-45d6-9e1e-5ae71b51b571,2026-07-23T21:15:00Z,2026-07-23T23:15:00+0200,7903.48,MW,BE,BE,actual_load,Actual Load,2026-08-02T04:32:23Z
2026-08-02T04:32:20Z,2026-08-02T06:32:20+0200,7aafc1bd-8364-45d6-9e1e-5ae71b51b571,2026-07-23T21:30:00Z,2026-07-23T23:30:00+0200,7755.25,MW,BE,BE,actual_load,Actual Load,2026-08-02T04:32:23Z
2026-08-02T04:32:20Z,2026-08-02T06:32:20+0200,7aafc1bd-8364-45d6-9e1e-5ae71b51b571,2026-07-23T21:45:00Z,2026-07-23T23:45:00+0200,7732.32,MW,BE,BE,actual_load,Actual Load,2026-08-02T04:32:23Z
2026-08-02T04:32:20Z,2026-08-02T06:32:20+0200,7aafc1bd-8364-45d6-9e1e-5ae71b51b571,2026-07-23T22:00:00Z,2026-07-24T00:00:00+0200,7602.77,MW,BE,BE,actual_load,Actual Load,2026-08-02T04:32:23Z
2026-08-02T04:32:20Z,2026-08-02T06:32:20+0200,7aafc1bd-8364-45d6-9e1e-5ae71b51b571,2026-07-23T22:15:00Z,2026-07-24T00:15:00+0200,7362.92,MW,BE,BE,actual_load,Actual Load,2026-08-02T04:32:23Z
2026-08-02T04:32:20Z,2026-08-02T06:32:20+0200,7aafc1bd-8364-45d6-9e1e-5ae71b51b571,2026-07-23T22:30:00Z,2026-07-24T00:30:00+0200,7274.05,MW,BE,BE,actual_load,Actual Load,2026-08-02T04:32:23Z
2026-08-02T04:32:20Z,2026-08-02T06:32:20+0200,7aafc1bd-8364-45d6-9e1e-5ae71b51b571,2026-07-23T22:45:00Z,2026-07-24T00:45:00+0200,7245.73,MW,BE,BE,actual_load,Actual Load,2026-08-02T04:32:23Z
2026-08-02T04:32:20Z,2026-08-02T06:32:20+0200,7aafc1bd-8364-45d6-9e1e-5ae71b51b571,2026-07-23T23:00:00Z,2026-07-24T01:00:00+0200,7198.64,MW,BE,BE,actual_load,Actual Load,2026-08-02T04:32:23Z
2026-08-02T04:32:20Z,2026-08-02T06:32:20+0200,7aafc1bd-8364-45d6-9e1e-5ae71b51b571,2026-07-23T23:15:00Z,2026-07-24T01:15:00+0200,7149.62,MW,BE,BE,actual_load,Actual Load,2026-08-02T04:32:23Z
2026-08-02T04:32:20Z,2026-08-02T06:32:20+0200,7aafc1bd-8364-45d6-9e1e-5ae71b51b571,2026-07-23T23:30:00Z,2026-07-24T01:30:00+0200,7083.33,MW,BE,BE,actual_load,Actual Load,2026-08-02T04:32:23Z
2026-08-02T04:32:20Z,2026-08-02T06:32:20+0200,7aafc1bd-8364-45d6-9e1e-5ae71b51b571,2026-07-23T23:45:00Z,2026-07-24T01:45:00+0200,7075.68,MW,BE,BE,actual_load,Actual Load,2026-08-02T04:32:23Z
2026-08-02T04:32:20Z,2026-08-02T06:32:20+0200,7aafc1bd-8364-45d6-9e1e-5ae71b51b571,2026-07-24T00:00:00Z,2026-07-24T02:00:00+0200,7091.02,MW,BE,BE,actual_load,Actual Load,2026-08-02T04:32:23Z
2026-08-02T04:32:20Z,2026-08-02T06:32:20+0200,7aafc1bd-8364-45d6-9e1e-5ae71b51b571,2026-07-24T00:15:00Z,2026-07-24T02:15:00+0200,7041.63,MW,BE,BE,actual_load,Actual Load,2026-08-02T04:32:23Z
2026-08-02T04:32:20Z,2026-08-02T06:32:20+0200,7aafc1bd-8364-45d6-9e1e-5ae71b51b571,2026-07-24T00:30:00Z,2026-07-24T02:30:00+0200,7030.33,MW,BE,BE,actual_load,Actual Load,2026-08-02T04:32:23Z
2026-08-02T04:32:20Z,2026-08-02T06:32:20+0200,7aafc1bd-8364-45d6-9e1e-5ae71b51b571,2026-07-24T00:45:00Z,2026-07-24T02:45:00+0200,7001.66,MW,BE,BE,actual_load,Actual Load,2026-08-02T04:32:23Z
2026-08-02T04:32:20Z,2026-08-02T06:32:20+0200,7aafc1bd-8364-45d6-9e1e-5ae71b51b571,2026-07-24T01:00:00Z,2026-07-24T03:00:00+0200,6960.5,MW,BE,BE,actual_load,Actual Load,2026-08-02T04:32:23Z
2026-08-02T04:32:20Z,2026-08-02T06:32:20+0200,7aafc1bd-8364-45d6-9e1e-5ae71b51b571,2026-07-24T01:15:00Z,2026-07-24T03:15:00+0200,6925.99,MW,BE,BE,actual_load,Actual Load,2026-08-02T04:32:23Z
2026-08-02T04:32:20Z,2026-08-02T06:32:20+0200,7aafc1bd-8364-45d6-9e1e-5ae71b51b571,2026-07-24T01:30:00Z,2026-07-24T03:30:00+0200,6899.29,MW,BE,BE,actual_load,Actual Load,2026-08-02T04:32:23Z
2026-08-02T04:32:20Z,2026-08-02T06:32:20+0200,7aafc1bd-8364-45d6-9e1e-5ae71b51b571,2026-07-24T01:45:00Z,2026-07-24T03:45:00+0200,6866.2,MW,BE,BE,actual_load,Actual Load,2026-08-02T04:32:23Z
2026-08-02T04:32:20Z,2026-08-02T06:32:20+0200,7aafc1bd-8364-45d6-9e1e-5ae71b51b571,2026-07-24T02:00:00Z,2026-07-24T04:00:00+0200,6930.9,MW,BE,BE,actual_load,Actual Load,2026-08-02T04:32:23Z
2026-08-02T04:32:20Z,2026-08-02T06:32:20+0200,7aafc1bd-8364-45d6-9e1e-5ae71b51b571,2026-07-24T02:15:00Z,2026-07-24T04:15:00+0200,6901.09,MW,BE,BE,actual_load,Actual Load,2026-08-02T04:32:23Z
2026-08-02T04:32:20Z,2026-08-02T06:32:20+0200,7aafc1bd-8364-45d6-9e1e-5ae71b51b571,2026-07-24T02:30:00Z,2026-07-24T04:30:00+0200,6937.26,MW,BE,BE,actual_load,Actual Load,2026-08-02T04:32:23Z
2026-08-02T04:32:20Z,2026-08-02T06:32:20+0200,7aafc1bd-8364-45d6-9e1e-5ae71b51b571,2026-07-24T02:45:00Z,2026-07-24T04:45:00+0200,6951.2,MW,BE,BE,actual_load,Actual Load,2026-08-02T04:32:23Z
2026-08-02T04:32:20Z,2026-08-02T06:32:20+0200,7aafc1bd-8364-45d6-9e1e-5ae71b51b571,2026-07-24T03:00:00Z,2026-07-24T05:00:00+0200,6970.49,MW,BE,BE,actual_load,Actual Load,2026-08-02T04:32:23Z
2026-08-02T04:32:20Z,2026-08-02T06:32:20+0200,7aafc1bd-8364-45d6-9e1e-5ae71b51b571,2026-07-24T03:15:00Z,2026-07-24T05:15:00+0200,7002.39,MW,BE,BE,actual_load,Actual Load,2026-08-02T04:32:23Z
2026-08-02T04:32:20Z,2026-08-02T06:32:20+0200,7aafc1bd-8364-45d6-9e1e-5ae71b51b571,2026-07-24T03:30:00Z,2026-07-24T05:30:00+0200,7056.79,MW,BE,BE,actual_load,Actual Load,2026-08-02T04:32:23Z
2026-08-02T04:32:20Z,2026-08-02T06:32:20+0200,7aafc1bd-8364-45d6-9e1e-5ae71b51b571,2026-07-24T03:45:00Z,2026-07-24T05:45:00+0200,7068.03,MW,BE,BE,actual_load,Actual Load,2026-08-02T04:32:23Z
2026-08-02T04:32:20Z,2026-08-02T06:32:20+0200,7aafc1bd-8364-45d6-9e1e-5ae71b51b571,2026-07-24T04:00:00Z,2026-07-24T06:00:00+0200,7218.01,MW,BE,BE,actual_load,Actual Load,2026-08-02T04:32:23Z
2026-08-02T04:32:20Z,2026-08-02T06:32:20+0200,7aafc1bd-8364-45d6-9e1e-5ae71b51b571,2026-07-24T04:15:00Z,2026-07-24T06:15:00+0200,7327.12,MW,BE,BE,actual_load,Actual Load,2026-08-02T04:32:23Z
2026-08-02T04:32:20Z,2026-08-02T06:32:20+0200,7aafc1bd-8364-45d6-9e1e-5ae71b51b571,2026-07-24T04:30:00Z,2026-07-24T06:30:00+0200,7435.37,MW,BE,BE,actual_load,Actual Load,2026-08-02T04:32:23Z
2026-08-02T04:32:20Z,2026-08-02T06:32:20+0200,7aafc1bd-8364-45d6-9e1e-5ae71b51b571,2026-07-24T04:45:00Z,2026-07-24T06:45:00+0200,7543.44,MW,BE,BE,actual_load,Actual Load,2026-08-02T04:32:23Z
2026-08-02T04:32:20Z,2026-08-02T06:32:20+0200,7aafc1bd-8364-45d6-9e1e-5ae71b51b571,2026-07-24T05:00:00Z,2026-07-24T07:00:00+0200,7670.6,MW,BE,BE,actual_load,Actual Load,2026-08-02T04:32:23Z
2026-08-02T04:32:20Z,2026-08-02T06:32:20+0200,7aafc1bd-8364-45d6-9e1e-5ae71b51b571,2026-07-24T05:15:00Z,2026-07-24T07:15:00+0200,7838.64,MW,BE,BE,actual_load,Actual Load,2026-08-02T04:32:23Z
2026-08-02T04:32:20Z,2026-08-02T06:32:20+0200,7aafc1bd-8364-45d6-9e1e-5ae71b51b571,2026-07-24T05:30:00Z,2026-07-24T07:30:00+0200,7997.65,MW,BE,BE,actual_load,Actual Load,2026-08-02T04:32:23Z
2026-08-02T04:32:20Z,2026-08-02T06:32:20+0200,7aafc1bd-8364-45d6-9e1e-5ae71b51b571,2026-07-24T05:45:00Z,2026-07-24T07:45:00+0200,8227.9,MW,BE,BE,actual_load,Actual Load,2026-08-02T04:32:23Z
2026-08-02T04:32:20Z,2026-08-02T06:32:20+0200,7aafc1bd-8364-45d6-9e1e-5ae71b51b571,2026-07-24T06:00:00Z,2026-07-24T08:00:00+0200,8274.67,MW,BE,BE,actual_load,Actual Load,2026-08-02T04:32:23Z
2026-08-02T04:32:20Z,2026-08-02T06:32:20+0200,7aafc1bd-8364-45d6-9e1e-5ae71b51b571,2026-07-24T06:15:00Z,2026-07-24T08:15:00+0200,8430.76,MW,BE,BE,actual_load,Actual Load,2026-08-02T04:32:23Z
2026-08-02T04:32:20Z,2026-08-02T06:32:20+0200,7aafc1bd-8364-45d6-9e1e-5ae71b51b571,2026-07-24T06:30:00Z,2026-07-24T08:30:00+0200,8649.37,MW,BE,BE,actual_load,Actual Load,2026-08-02T04:32:23Z
2026-08-02T04:32:20Z,2026-08-02T06:32:20+0200,7aafc1bd-8364-45d6-9e1e-5ae71b51b571,2026-07-24T06:45:00Z,2026-07-24T08:45:00+0200,8819.12,MW,BE,BE,actual_load,Actual Load,2026-08-02T04:32:23Z
2026-08-02T04:32:20Z,2026-08-02T06:32:20+0200,7aafc1bd-8364-45d6-9e1e-5ae71b51b571,2026-07-24T07:00:00Z,2026-07-24T09:00:00+0200,8887.25,MW,BE,BE,actual_load,Actual Load,2026-08-02T04:32:23Z
2026-08-02T04:32:20Z,2026-08-02T06:32:20+0200,7aafc1bd-8364-45d6-9e1e-5ae71b51b571,2026-07-24T07:15:00Z,2026-07-24T09:15:00+0200,9019.81,MW,BE,BE,actual_load,Actual Load,2026-08-02T04:32:23Z
2026-08-02T04:32:20Z,2026-08-02T06:32:20+0200,7aafc1bd-8364-45d6-9e1e-5ae71b51b571,2026-07-24T07:30:00Z,2026-07-24T09:30:00+0200,9071.59,MW,BE,BE,actual_load,Actual Load,2026-08-02T04:32:23Z
2026-08-02T04:32:20Z,2026-08-02T06:32:20+0200,7aafc1bd-8364-45d6-9e1e-5ae71b51b571,2026-07-24T07:45:00Z,2026-07-24T09:45:00+0200,9059.11,MW,BE,BE,actual_load,Actual Load,2026-08-02T04:32:23Z
2026-08-02T04:32:20Z,2026-08-02T06:32:20+0200,7aafc1bd-8364-45d6-9e1e-5ae71b51b571,2026-07-24T08:00:00Z,2026-07-24T10:00:00+0200,9030.14,MW,BE,BE,actual_load,Actual Load,2026-08-02T04:32:23Z
2026-08-02T04:32:20Z,2026-08-02T06:32:20+0200,7aafc1bd-8364-45d6-9e1e-5ae71b51b571,2026-07-24T08:15:00Z,2026-07-24T10:15:00+0200,9042.89,MW,BE,BE,actual_load,Actual Load,2026-08-02T04:32:23Z
2026-08-02T04:32:20Z,2026-08-02T06:32:20+0200,7aafc1bd-8364-45d6-9e1e-5ae71b51b571,2026-07-24T08:30:00Z,2026-07-24T10:30:00+0200,9142.32,MW,BE,BE,actual_load,Actual Load,2026-08-02T04:32:23Z
2026-08-02T04:32:20Z,2026-08-02T06:32:20+0200,7aafc1bd-8364-45d6-9e1e-5ae71b51b571,2026-07-24T08:45:00Z,2026-07-24T10:45:00+0200,9222.88,MW,BE,BE,actual_load,Actual Load,2026-08-02T04:32:23Z
2026-08-02T04:32:20Z,2026-08-02T06:32:20+0200,7aafc1bd-8364-45d6-9e1e-5ae71b51b571,2026-07-24T09:00:00Z,2026-07-24T11:00:00+0200,9248.7,MW,BE,BE,actual_load,Actual Load,2026-08-02T04:32:23Z
2026-08-02T04:32:20Z,2026-08-02T06:32:20+0200,7aafc1bd-8364-45d6-9e1e-5ae71b51b571,2026-07-24T09:15:00Z,2026-07-24T11:15:00+0200,9263.82,MW,BE,BE,actual_load,Actual Load,2026-08-02T04:32:23Z
2026-08-02T04:32:20Z,2026-08-02T06:32:20+0200,7aafc1bd-8364-45d6-9e1e-5ae71b51b571,2026-07-24T09:30:00Z,2026-07-24T11:30:00+0200,9405.01,MW,BE,BE,actual_load,Actual Load,2026-08-02T04:32:23Z
2026-08-02T04:32:20Z,2026-08-02T06:32:20+0200,7aafc1bd-8364-45d6-9e1e-5ae71b51b571,2026-07-24T09:45:00Z,2026-07-24T11:45:00+0200,9497.79,MW,BE,BE,actual_load,Actual Load,2026-08-02T04:32:23Z
2026-08-02T04:32:20Z,2026-08-02T06:32:20+0200,7aafc1bd-8364-45d6-9e1e-5ae71b51b571,2026-07-24T10:00:00Z,2026-07-24T12:00:00+0200,9527.73,MW,BE,BE,actual_load,Actual Load,2026-08-02T04:32:23Z
2026-08-02T04:32:20Z,2026-08-02T06:32:20+0200,7aafc1bd-8364-45d6-9e1e-5ae71b51b571,2026-07-24T10:15:00Z,2026-07-24T12:15:00+0200,9650.89,MW,BE,BE,actual_load,Actual Load,2026-08-02T04:32:23Z
2026-08-02T04:32:20Z,2026-08-02T06:32:20+0200,7aafc1bd-8364-45d6-9e1e-5ae71b51b571,2026-07-24T10:30:00Z,2026-07-24T12:30:00+0200,9728.59,MW,BE,BE,actual_load,Actual Load,2026-08-02T04:32:23Z
2026-08-02T04:32:20Z,2026-08-02T06:32:20+0200,7aafc1bd-8364-45d6-9e1e-5ae71b51b571,2026-07-24T10:45:00Z,2026-07-24T12:45:00+0200,9755.61,MW,BE,BE,actual_load,Actual Load,2026-08-02T04:32:23Z
2026-08-02T04:32:20Z,2026-08-02T06:32:20+0200,7aafc1bd-8364-45d6-9e1e-5ae71b51b571,2026-07-24T11:00:00Z,2026-07-24T13:00:00+0200,9732.1,MW,BE,BE,actual_load,Actual Load,2026-08-02T04:32:23Z
2026-08-02T04:32:20Z,2026-08-02T06:32:20+0200,7aafc1bd-8364-45d6-9e1e-5ae71b51b571,2026-07-24T11:15:00Z,2026-07-24T13:15:00+0200,9684.28,MW,BE,BE,actual_load,Actual Load,2026-08-02T04:32:23Z
2026-08-02T04:32:20Z,2026-08-02T06:32:20+0200,7aafc1bd-8364-45d6-9e1e-5ae71b51b571,2026-07-24T11:30:00Z,2026-07-24T13:30:00+0200,9651.57,MW,BE,BE,actual_load,Actual Load,2026-08-02T04:32:23Z
2026-08-02T04:32:20Z,2026-08-02T06:32:20+0200,7aafc1bd-8364-45d6-9e1e-5ae71b51b571,2026-07-24T11:45:00Z,2026-07-24T13:45:00+0200,9583.61,MW,BE,BE,actual_load,Actual Load,2026-08-02T04:32:23Z
2026-08-02T04:32:20Z,2026-08-02T06:32:20+0200,7aafc1bd-8364-45d6-9e1e-5ae71b51b571,2026-07-24T12:00:00Z,2026-07-24T14:00:00+0200,9521.43,MW,BE,BE,actual_load,Actual Load,2026-08-02T04:32:23Z
2026-08-02T04:32:20Z,2026-08-02T06:32:20+0200,7aafc1bd-8364-45d6-9e1e-5ae71b51b571,2026-07-24T12:15:00Z,2026-07-24T14:15:00+0200,9554.36,MW,BE,BE,actual_load,Actual Load,2026-08-02T04:32:23Z
2026-08-02T04:32:20Z,2026-08-02T06:32:20+0200,7aafc1bd-8364-45d6-9e1e-5ae71b51b571,2026-07-24T12:30:00Z,2026-07-24T14:30:00+0200,9488.72,MW,BE,BE,actual_load,Actual Load,2026-08-02T04:32:23Z
2026-08-02T04:32:20Z,2026-08-02T06:32:20+0200,7aafc1bd-8364-45d6-9e1e-5ae71b51b571,2026-07-24T12:45:00Z,2026-07-24T14:45:00+0200,9639.98,MW,BE,BE,actual_load,Actual Load,2026-08-02T04:32:23Z
2026-08-02T04:32:20Z,2026-08-02T06:32:20+0200,7aafc1bd-8364-45d6-9e1e-5ae71b51b571,2026-07-24T13:00:00Z,2026-07-24T15:00:00+0200,9598.45,MW,BE,BE,actual_load,Actual Load,2026-08-02T04:32:23Z
2026-08-02T04:32:20Z,2026-08-02T06:32:20+0200,7aafc1bd-8364-45d6-9e1e-5ae71b51b571,2026-07-24T13:15:00Z,2026-07-24T15:15:00+0200,9585.69,MW,BE,BE,actual_load,Actual Load,2026-08-02T04:32:23Z
2026-08-02T04:32:20Z,2026-08-02T06:32:20+0200,7aafc1bd-8364-45d6-9e1e-5ae71b51b571,2026-07-24T13:30:00Z,2026-07-24T15:30:00+0200,9485.12,MW,BE,BE,actual_load,Actual Load,2026-08-02T04:32:23Z
2026-08-02T04:32:20Z,2026-08-02T06:32:20+0200,7aafc1bd-8364-45d6-9e1e-5ae71b51b571,2026-07-24T13:45:00Z,2026-07-24T15:45:00+0200,9458.47,MW,BE,BE,actual_load,Actual Load,2026-08-02T04:32:23Z
2026-08-02T04:32:20Z,2026-08-02T06:32:20+0200,7aafc1bd-8364-45d6-9e1e-5ae71b51b571,2026-07-24T14:00:00Z,2026-07-24T16:00:00+0200,9351.18,MW,BE,BE,actual_load,Actual Load,2026-08-02T04:32:23Z
2026-08-02T04:32:20Z,2026-08-02T06:32:20+0200,7aafc1bd-8364-45d6-9e1e-5ae71b51b571,2026-07-24T14:15:00Z,2026-07-24T16:15:00+0200,9201.55,MW,BE,BE,actual_load,Actual Load,2026-08-02T04:32:23Z
2026-08-02T04:32:20Z,2026-08-02T06:32:20+0200,7aafc1bd-8364-45d6-9e1e-5ae71b51b571,2026-07-24T14:30:00Z,2026-07-24T16:30:00+0200,9054.15,MW,BE,BE,actual_load,Actual Load,2026-08-02T04:32:23Z
2026-08-02T04:32:20Z,2026-08-02T06:32:20+0200,7aafc1bd-8364-45d6-9e1e-5ae71b51b571,2026-07-24T14:45:00Z,2026-07-24T16:45:00+0200,9001.86,MW,BE,BE,actual_load,Actual Load,2026-08-02T04:32:23Z
2026-08-02T04:32:20Z,2026-08-02T06:32:20+0200,7aafc1bd-8364-45d6-9e1e-5ae71b51b571,2026-07-24T15:00:00Z,2026-07-24T17:00:00+0200,8888.42,MW,BE,BE,actual_load,Actual Load,2026-08-02T04:32:23Z
2026-08-02T04:32:20Z,2026-08-02T06:32:20+0200,7aafc1bd-8364-45d6-9e1e-5ae71b51b571,2026-07-24T15:15:00Z,2026-07-24T17:15:00+0200,8707.48,MW,BE,BE,actual_load,Actual Load,2026-08-02T04:32:23Z
2026-08-02T04:32:20Z,2026-08-02T06:32:20+0200,7aafc1bd-8364-45d6-9e1e-5ae71b51b571,2026-07-24T15:30:00Z,2026-07-24T17:30:00+0200,8627.81,MW,BE,BE,actual_load,Actual Load,2026-08-02T04:32:23Z
2026-08-02T04:32:20Z,2026-08-02T06:32:20+0200,7aafc1bd-8364-45d6-9e1e-5ae71b51b571,2026-07-24T15:45:00Z,2026-07-24T17:45:00+0200,8531.11,MW,BE,BE,actual_load,Actual Load,2026-08-02T04:32:23Z
2026-08-02T04:32:20Z,2026-08-02T06:32:20+0200,7aafc1bd-8364-45d6-9e1e-5ae71b51b571,2026-07-24T16:00:00Z,2026-07-24T18:00:00+0200,8530.95,MW,BE,BE,actual_load,Actual Load,2026-08-02T04:32:23Z
2026-08-02T04:32:20Z,2026-08-02T06:32:20+0200,7aafc1bd-8364-45d6-9e1e-5ae71b51b571,2026-07-24T16:15:00Z,2026-07-24T18:15:00+0200,8422.13,MW,BE,BE,actual_load,Actual Load,2026-08-02T04:32:23Z
2026-08-02T04:32:20Z,2026-08-02T06:32:20+0200,7aafc1bd-8364-45d6-9e1e-5ae71b51b571,2026-07-24T16:30:00Z,2026-07-24T18:30:00+0200,8395.21,MW,BE,BE,actual_load,Actual Load,2026-08-02T04:32:23Z
2026-08-02T04:32:20Z,2026-08-02T06:32:20+0200,7aafc1bd-8364-45d6-9e1e-5ae71b51b571,2026-07-24T16:45:00Z,2026-07-24T18:45:00+0200,8333.4,MW,BE,BE,actual_load,Actual Load,2026-08-02T04:32:23Z
2026-08-02T04:32:20Z,2026-08-02T06:32:20+0200,7aafc1bd-8364-45d6-9e1e-5ae71b51b571,2026-07-24T17:00:00Z,2026-07-24T19:00:00+0200,8291.78,MW,BE,BE,actual_load,Actual Load,2026-08-02T04:32:23Z
2026-08-02T04:32:20Z,2026-08-02T06:32:20+0200,7aafc1bd-8364-45d6-9e1e-5ae71b51b571,2026-07-24T17:15:00Z,2026-07-24T19:15:00+0200,8168.65,MW,BE,BE,actual_load,Actual Load,2026-08-02T04:32:23Z
2026-08-02T04:32:20Z,2026-08-02T06:32:20+0200,7aafc1bd-8364-45d6-9e1e-5ae71b51b571,2026-07-24T17:30:00Z,2026-07-24T19:30:00+0200,8049.78,MW,BE,BE,actual_load,Actual Load,2026-08-02T04:32:23Z
2026-08-02T04:32:20Z,2026-08-02T06:32:20+0200,7aafc1bd-8364-45d6-9e1e-5ae71b51b571,2026-07-24T17:45:00Z,2026-07-24T19:45:00+0200,8105.78,MW,BE,BE,actual_load,Actual Load,2026-08-02T04:32:23Z
2026-08-02T04:32:20Z,2026-08-02T06:32:20+0200,7aafc1bd-8364-45d6-9e1e-5ae71b51b571,2026-07-24T18:00:00Z,2026-07-24T20:00:00+0200,8168.25,MW,BE,BE,actual_load,Actual Load,2026-08-02T04:32:23Z
2026-08-02T04:32:20Z,2026-08-02T06:32:20+0200,7aafc1bd-8364-45d6-9e1e-5ae71b51b571,2026-07-24T18:15:00Z,2026-07-24T20:15:00+0200,8139.69,MW,BE,BE,actual_load,Actual Load,2026-08-02T04:32:23Z
2026-08-02T04:32:20Z,2026-08-02T06:32:20+0200,7aafc1bd-8364-45d6-9e1e-5ae71b51b571,2026-07-24T18:30:00Z,2026-07-24T20:30:00+0200,8097.86,MW,BE,BE,actual_load,Actual Load,2026-08-02T04:32:23Z
2026-08-02T04:32:20Z,2026-08-02T06:32:20+0200,7aafc1bd-8364-45d6-9e1e-5ae71b51b571,2026-07-24T18:45:00Z,2026-07-24T20:45:00+0200,8017.59,MW,BE,BE,actual_load,Actual Load,2026-08-02T04:32:23Z
2026-08-02T04:32:20Z,2026-08-02T06:32:20+0200,7aafc1bd-8364-45d6-9e1e-5ae71b51b571,2026-07-24T19:00:00Z,2026-07-24T21:00:00+0200,7953.64,MW,BE,BE,actual_load,Actual Load,2026-08-02T04:32:23Z
2026-08-02T04:32:20Z,2026-08-02T06:32:20+0200,7aafc1bd-8364-45d6-9e1e-5ae71b51b571,2026-07-24T19:15:00Z,2026-07-24T21:15:00+0200,7930.13,MW,BE,BE,actual_load,Actual Load,2026-08-02T04:32:23Z
2026-08-02T04:32:20Z,2026-08-02T06:32:20+0200,7aafc1bd-8364-45d6-9e1e-5ae71b51b571,2026-07-24T19:30:00Z,2026-07-24T21:30:00+0200,7939.66,MW,BE,BE,actual_load,Actual Load,2026-08-02T04:32:23Z
2026-08-02T04:32:20Z,2026-08-02T06:32:20+0200,7aafc1bd-8364-45d6-9e1e-5ae71b51b571,2026-07-24T19:45:00Z,2026-07-24T21:45:00+0200,7997.81,MW,BE,BE,actual_load,Actual Load,2026-08-02T04:32:23Z
2026-08-02T04:32:20Z,2026-08-02T06:32:20+0200,7aafc1bd-8364-45d6-9e1e-5ae71b51b571,2026-07-24T20:00:00Z,2026-07-24T22:00:00+0200,7965.2,MW,BE,BE,actual_load,Actual Load,2026-08-02T04:32:23Z
2026-08-02T04:32:20Z,2026-08-02T06:32:20+0200,7aafc1bd-8364-45d6-9e1e-5ae71b51b571,2026-07-24T20:15:00Z,2026-07-24T22:15:00+0200,8015.56,MW,BE,BE,actual_load,Actual Load,2026-08-02T04:32:23Z
2026-08-02T04:32:20Z,2026-08-02T06:32:20+0200,7aafc1bd-8364-45d6-9e1e-5ae71b51b571,2026-07-24T20:30:00Z,2026-07-24T22:30:00+0200,7930.73,MW,BE,BE,actual_load,Actual Load,2026-08-02T04:32:23Z
2026-08-02T04:32:20Z,2026-08-02T06:32:20+0200,7aafc1bd-8364-45d6-9e1e-5ae71b51b571,2026-07-24T20:45:00Z,2026-07-24T22:45:00+0200,7919.7,MW,BE,BE,actual_load,Actual Load,2026-08-02T04:32:23Z
2026-08-02T04:32:20Z,2026-08-02T06:32:20+0200,7aafc1bd-8364-45d6-9e1e-5ae71b51b571,2026-07-24T21:00:00Z,2026-07-24T23:00:00+0200,7878.63,MW,BE,BE,actual_load,Actual Load,2026-08-02T04:32:23Z
2026-08-02T04:32:20Z,2026-08-02T06:32:20+0200,7aafc1bd-8364-45d6-9e1e-5ae71b51b571,2026-07-24T21:15:00Z,2026-07-24T23:15:00+0200,7829.91,MW,BE,BE,actual_load,Actual Load,2026-08-02T04:32:23Z
2026-08-02T04:32:20Z,2026-08-02T06:32:20+0200,7aafc1bd-8364-45d6-9e1e-5ae71b51b571,2026-07-24T21:30:00Z,2026-07-24T23:30:00+0200,7675.17,MW,BE,BE,actual_load,Actual Load,2026-08-02T04:32:23Z
2026-08-02T04:32:20Z,2026-08-02T06:32:20+0200,7aafc1bd-8364-45d6-9e1e-5ae71b51b571,2026-07-24T21:45:00Z,2026-07-24T23:45:00+0200,7571.98,MW,BE,BE,actual_load,Actual Load,2026-08-02T04:32:23Z
2026-08-02T04:32:20Z,2026-08-02T06:32:20+0200,7aafc1bd-8364-45d6-9e1e-5ae71b51b571,2026-07-24T22:00:00Z,2026-07-25T00:00:00+0200,7360.11,MW,BE,BE,actual_load,Actual Load,2026-08-02T04:32:23Z
2026-08-02T04:32:20Z,2026-08-02T06:32:20+0200,7aafc1bd-8364-45d6-9e1e-5ae71b51b571,2026-07-24T22:15:00Z,2026-07-25T00:15:00+0200,7284.38,MW,BE,BE,actual_load,Actual Load,2026-08-02T04:32:23Z
2026-08-02T04:32:20Z,2026-08-02T06:32:20+0200,7aafc1bd-8364-45d6-9e1e-5ae71b51b571,2026-07-24T22:30:00Z,2026-07-25T00:30:00+0200,7187.56,MW,BE,BE,actual_load,Actual Load,2026-08-02T04:32:23Z
2026-08-02T04:32:20Z,2026-08-02T06:32:20+0200,7aafc1bd-8364-45d6-9e1e-5ae71b51b571,2026-07-24T22:45:00Z,2026-07-25T00:45:00+0200,7176.56,MW,BE,BE,actual_load,Actual Load,2026-08-02T04:32:23Z
2026-08-02T04:32:20Z,2026-08-02T06:32:20+0200,7aafc1bd-8364-45d6-9e1e-5ae71b51b571,2026-07-24T23:00:00Z,2026-07-25T01:00:00+0200,7072.93,MW,BE,BE,actual_load,Actual Load,2026-08-02T04:32:23Z
2026-08-02T04:32:20Z,2026-08-02T06:32:20+0200,7aafc1bd-8364-45d6-9e1e-5ae71b51b571,2026-07-24T23:15:00Z,2026-07-25T01:15:00+0200,7045.56,MW,BE,BE,actual_load,Actual Load,2026-08-02T04:32:23Z
2026-08-02T04:32:20Z,2026-08-02T06:32:20+0200,7aafc1bd-8364-45d6-9e1e-5ae71b51b571,2026-07-24T23:30:00Z,2026-07-25T01:30:00+0200,6923.77,MW,BE,BE,actual_load,Actual Load,2026-08-02T04:32:23Z
2026-08-02T04:32:20Z,2026-08-02T06:32:20+0200,7aafc1bd-8364-45d6-9e1e-5ae71b51b571,2026-07-24T23:45:00Z,2026-07-25T01:45:00+0200,6807.91,MW,BE,BE,actual_load,Actual Load,2026-08-02T04:32:23Z
2026-08-02T04:32:20Z,2026-08-02T06:32:20+0200,7aafc1bd-8364-45d6-9e1e-5ae71b51b571,2026-07-25T00:00:00Z,2026-07-25T02:00:00+0200,6739.37,MW,BE,BE,actual_load,Actual Load,2026-08-02T04:32:23Z
2026-08-02T04:32:20Z,2026-08-02T06:32:20+0200,7aafc1bd-8364-45d6-9e1e-5ae71b51b571,2026-07-25T00:15:00Z,2026-07-25T02:15:00+0200,6729.75,MW,BE,BE,actual_load,Actual Load,2026-08-02T04:32:23Z
2026-08-02T04:32:20Z,2026-08-02T06:32:20+0200,7aafc1bd-8364-45d6-9e1e-5ae71b51b571,2026-07-25T00:30:00Z,2026-07-25T02:30:00+0200,6788.41,MW,BE,BE,actual_load,Actual Load,2026-08-02T04:32:23Z
2026-08-02T04:32:20Z,2026-08-02T06:32:20+0200,7aafc1bd-8364-45d6-9e1e-5ae71b51b571,2026-07-25T00:45:00Z,2026-07-25T02:45:00+0200,6738.58,MW,BE,BE,actual_load,Actual Load,2026-08-02T04:32:23Z
2026-08-02T04:32:20Z,2026-08-02T06:32:20+0200,7aafc1bd-8364-45d6-9e1e-5ae71b51b571,2026-07-25T01:00:00Z,2026-07-25T03:00:00+0200,6753.46,MW,BE,BE,actual_load,Actual Load,2026-08-02T04:32:23Z
2026-08-02T04:32:20Z,2026-08-02T06:32:20+0200,7aafc1bd-8364-45d6-9e1e-5ae71b51b571,2026-07-25T01:15:00Z,2026-07-25T03:15:00+0200,6672.28,MW,BE,BE,actual_load,Actual Load,2026-08-02T04:32:23Z
2026-08-02T04:32:20Z,2026-08-02T06:32:20+0200,7aafc1bd-8364-45d6-9e1e-5ae71b51b571,2026-07-25T01:30:00Z,2026-07-25T03:30:00+0200,6603.45,MW,BE,BE,actual_load,Actual Load,2026-08-02T04:32:23Z
2026-08-02T04:32:20Z,2026-08-02T06:32:20+0200,7aafc1bd-8364-45d6-9e1e-5ae71b51b571,2026-07-25T01:45:00Z,2026-07-25T03:45:00+0200,6568.63,MW,BE,BE,actual_load,Actual Load,2026-08-02T04:32:23Z
2026-08-02T04:32:20Z,2026-08-02T06:32:20+0200,7aafc1bd-8364-45d6-9e1e-5ae71b51b571,2026-07-25T02:00:00Z,2026-07-25T04:00:00+0200,6573.6,MW,BE,BE,actual_load,Actual Load,2026-08-02T04:32:23Z
2026-08-02T04:32:20Z,2026-08-02T06:32:20+0200,7aafc1bd-8364-45d6-9e1e-5ae71b51b571,2026-07-25T02:15:00Z,2026-07-25T04:15:00+0200,6554.38,MW,BE,BE,actual_load,Actual Load,2026-08-02T04:32:23Z
2026-08-02T04:32:20Z,2026-08-02T06:32:20+0200,7aafc1bd-8364-45d6-9e1e-5ae71b51b571,2026-07-25T02:30:00Z,2026-07-25T04:30:00+0200,6525.86,MW,BE,BE,actual_load,Actual Load,2026-08-02T04:32:23Z
2026-08-02T04:32:20Z,2026-08-02T06:32:20+0200,7aafc1bd-8364-45d6-9e1e-5ae71b51b571,2026-07-25T02:45:00Z,2026-07-25T04:45:00+0200,6538.68,MW,BE,BE,actual_load,Actual Load,2026-08-02T04:32:23Z
2026-08-02T04:32:20Z,2026-08-02T06:32:20+0200,7aafc1bd-8364-45d6-9e1e-5ae71b51b571,2026-07-25T03:00:00Z,2026-07-25T05:00:00+0200,6580.51,MW,BE,BE,actual_load,Actual Load,2026-08-02T04:32:23Z
2026-08-02T04:32:20Z,2026-08-02T06:32:20+0200,7aafc1bd-8364-45d6-9e1e-5ae71b51b571,2026-07-25T03:15:00Z,2026-07-25T05:15:00+0200,6550.82,MW,BE,BE,actual_load,Actual Load,2026-08-02T04:32:23Z
2026-08-02T04:32:20Z,2026-08-02T06:32:20+0200,7aafc1bd-8364-45d6-9e1e-5ae71b51b571,2026-07-25T03:30:00Z,2026-07-25T05:30:00+0200,6627.76,MW,BE,BE,actual_load,Actual Load,2026-08-02T04:32:23Z
2026-08-02T04:32:20Z,2026-08-02T06:32:20+0200,7aafc1bd-8364-45d6-9e1e-5ae71b51b571,2026-07-25T03:45:00Z,2026-07-25T05:45:00+0200,6641.32,MW,BE,BE,actual_load,Actual Load,2026-08-02T04:32:23Z
2026-08-02T04:32:20Z,2026-08-02T06:32:20+0200,7aafc1bd-8364-45d6-9e1e-5ae71b51b571,2026-07-25T04:00:00Z,2026-07-25T06:00:00+0200,6640.79,MW,BE,BE,actual_load,Actual Load,2026-08-02T04:32:23Z
2026-08-02T04:32:20Z,2026-08-02T06:32:20+0200,7aafc1bd-8364-45d6-9e1e-5ae71b51b571,2026-07-25T04:15:00Z,2026-07-25T06:15:00+0200,6744.68,MW,BE,BE,actual_load,Actual Load,2026-08-02T04:32:23Z
2026-08-02T04:32:20Z,2026-08-02T06:32:20+0200,7aafc1bd-8364-45d6-9e1e-5ae71b51b571,2026-07-25T04:30:00Z,2026-07-25T06:30:00+0200,6830.33,MW,BE,BE,actual_load,Actual Load,2026-08-02T04:32:23Z
2026-08-02T04:32:20Z,2026-08-02T06:32:20+0200,7aafc1bd-8364-45d6-9e1e-5ae71b51b571,2026-07-25T04:45:00Z,2026-07-25T06:45:00+0200,6817.34,MW,BE,BE,actual_load,Actual Load,2026-08-02T04:32:23Z
2026-08-02T04:32:20Z,2026-08-02T06:32:20+0200,7aafc1bd-8364-45d6-9e1e-5ae71b51b571,2026-07-25T05:00:00Z,2026-07-25T07:00:00+0200,6875.89,MW,BE,BE,actual_load,Actual Load,2026-08-02T04:32:23Z
2026-08-02T04:32:20Z,2026-08-02T06:32:20+0200,7aafc1bd-8364-45d6-9e1e-5ae71b51b571,2026-07-25T05:15:00Z,2026-07-25T07:15:00+0200,6932.14,MW,BE,BE,actual_load,Actual Load,2026-08-02T04:32:23Z
2026-08-02T04:32:20Z,2026-08-02T06:32:20+0200,7aafc1bd-8364-45d6-9e1e-5ae71b51b571,2026-07-25T05:30:00Z,2026-07-25T07:30:00+0200,7032.56,MW,BE,BE,actual_load,Actual Load,2026-08-02T04:32:23Z
2026-08-02T04:32:20Z,2026-08-02T06:32:20+0200,7aafc1bd-8364-45d6-9e1e-5ae71b51b571,2026-07-25T05:45:00Z,2026-07-25T07:45:00+0200,7140.31,MW,BE,BE,actual_load,Actual Load,2026-08-02T04:32:23Z
2026-08-02T04:32:20Z,2026-08-02T06:32:20+0200,7aafc1bd-8364-45d6-9e1e-5ae71b51b571,2026-07-25T06:00:00Z,2026-07-25T08:00:00+0200,7241.36,MW,BE,BE,actual_load,Actual Load,2026-08-02T04:32:23Z
2026-08-02T04:32:20Z,2026-08-02T06:32:20+0200,7aafc1bd-8364-45d6-9e1e-5ae71b51b571,2026-07-25T06:15:00Z,2026-07-25T08:15:00+0200,7421.17,MW,BE,BE,actual_load,Actual Load,2026-08-02T04:32:23Z
2026-08-02T04:32:20Z,2026-08-02T06:32:20+0200,7aafc1bd-8364-45d6-9e1e-5ae71b51b571,2026-07-25T06:30:00Z,2026-07-25T08:30:00+0200,7597.27,MW,BE,BE,actual_load,Actual Load,2026-08-02T04:32:23Z
2026-08-02T04:32:20Z,2026-08-02T06:32:20+0200,7aafc1bd-8364-45d6-9e1e-5ae71b51b571,2026-07-25T06:45:00Z,2026-07-25T08:45:00+0200,7768.96,MW,BE,BE,actual_load,Actual Load,2026-08-02T04:32:23Z
2026-08-02T04:32:20Z,2026-08-02T06:32:20+0200,7aafc1bd-8364-45d6-9e1e-5ae71b51b571,2026-07-25T07:00:00Z,2026-07-25T09:00:00+0200,7873.14,MW,BE,BE,actual_load,Actual Load,2026-08-02T04:32:23Z
2026-08-02T04:32:20Z,2026-08-02T06:32:20+0200,7aafc1bd-8364-45d6-9e1e-5ae71b51b571,2026-07-25T07:15:00Z,2026-07-25T09:15:00+0200,7970.59,MW,BE,BE,actual_load,Actual Load,2026-08-02T04:32:23Z
2026-08-02T04:32:20Z,2026-08-02T06:32:20+0200,7aafc1bd-8364-45d6-9e1e-5ae71b51b571,2026-07-25T07:30:00Z,2026-07-25T09:30:00+0200,8133.0,MW,BE,BE,actual_load,Actual Load,2026-08-02T04:32:23Z
2026-08-02T04:32:20Z,2026-08-02T06:32:20+0200,7aafc1bd-8364-45d6-9e1e-5ae71b51b571,2026-07-25T07:45:00Z,2026-07-25T09:45:00+0200,8325.33,MW,BE,BE,actual_load,Actual Load,2026-08-02T04:32:23Z
2026-08-02T04:32:20Z,2026-08-02T06:32:20+0200,7aafc1bd-8364-45d6-9e1e-5ae71b51b571,2026-07-25T08:00:00Z,2026-07-25T10:00:00+0200,8325.74,MW,BE,BE,actual_load,Actual Load,2026-08-02T04:32:23Z
2026-08-02T04:32:20Z,2026-08-02T06:32:20+0200,7aafc1bd-8364-45d6-9e1e-5ae71b51b571,2026-07-25T08:15:00Z,2026-07-25T10:15:00+0200,8345.27,MW,BE,BE,actual_load,Actual Load,2026-08-02T04:32:23Z
2026-08-02T04:32:20Z,2026-08-02T06:32:20+0200,7aafc1bd-8364-45d6-9e1e-5ae71b51b571,2026-07-25T08:30:00Z,2026-07-25T10:30:00+0200,8372.2,MW,BE,BE,actual_load,Actual Load,2026-08-02T04:32:23Z
2026-08-02T04:32:20Z,2026-08-02T06:32:20+0200,7aafc1bd-8364-45d6-9e1e-5ae71b51b571,2026-07-25T08:45:00Z,2026-07-25T10:45:00+0200,8594.0,MW,BE,BE,actual_load,Actual Load,2026-08-02T04:32:23Z
2026-08-02T04:32:20Z,2026-08-02T06:32:20+0200,7aafc1bd-8364-45d6-9e1e-5ae71b51b571,2026-07-25T09:00:00Z,2026-07-25T11:00:00+0200,8678.02,MW,BE,BE,actual_load,Actual Load,2026-08-02T04:32:23Z
2026-08-02T04:32:20Z,2026-08-02T06:32:20+0200,7aafc1bd-8364-45d6-9e1e-5ae71b51b571,2026-07-25T09:15:00Z,2026-07-25T11:15:00+0200,8861.17,MW,BE,BE,actual_load,Actual Load,2026-08-02T04:32:23Z
2026-08-02T04:32:20Z,2026-08-02T06:32:20+0200,7aafc1bd-8364-45d6-9e1e-5ae71b51b571,2026-07-25T09:30:00Z,2026-07-25T11:30:00+0200,9100.85,MW,BE,BE,actual_load,Actual Load,2026-08-02T04:32:23Z
2026-08-02T04:32:20Z,2026-08-02T06:32:20+0200,7aafc1bd-8364-45d6-9e1e-5ae71b51b571,2026-07-25T09:45:00Z,2026-07-25T11:45:00+0200,9326.69,MW,BE,BE,actual_load,Actual Load,2026-08-02T04:32:23Z
2026-08-02T04:32:20Z,2026-08-02T06:32:20+0200,7aafc1bd-8364-45d6-9e1e-5ae71b51b571,2026-07-25T10:00:00Z,2026-07-25T12:00:00+0200,9424.84,MW,BE,BE,actual_load,Actual Load,2026-08-02T04:32:23Z
2026-08-02T04:32:20Z,2026-08-02T06:32:20+0200,7aafc1bd-8364-45d6-9e1e-5ae71b51b571,2026-07-25T10:15:00Z,2026-07-25T12:15:00+0200,9471.59,MW,BE,BE,actual_load,Actual Load,2026-08-02T04:32:23Z
2026-08-02T04:32:20Z,2026-08-02T06:32:20+0200,7aafc1bd-8364-45d6-9e1e-5ae71b51b571,2026-07-25T10:30:00Z,2026-07-25T12:30:00+0200,9357.47,MW,BE,BE,actual_load,Actual Load,2026-08-02T04:32:23Z
2026-08-02T04:32:20Z,2026-08-02T06:32:20+0200,7aafc1bd-8364-45d6-9e1e-5ae71b51b571,2026-07-25T10:45:00Z,2026-07-25T12:45:00+0200,9206.76,MW,BE,BE,actual_load,Actual Load,2026-08-02T04:32:23Z
2026-08-02T04:32:20Z,2026-08-02T06:32:20+0200,7aafc1bd-8364-45d6-9e1e-5ae71b51b571,2026-07-25T11:00:00Z,2026-07-25T13:00:00+0200,9020.54,MW,BE,BE,actual_load,Actual Load,2026-08-02T04:32:23Z
2026-08-02T04:32:20Z,2026-08-02T06:32:20+0200,7aafc1bd-8364-45d6-9e1e-5ae71b51b571,2026-07-25T11:15:00Z,2026-07-25T13:15:00+0200,8915.14,MW,BE,BE,actual_load,Actual Load,2026-08-02T04:32:23Z
2026-08-02T04:32:20Z,2026-08-02T06:32:20+0200,7aafc1bd-8364-45d6-9e1e-5ae71b51b571,2026-07-25T11:30:00Z,2026-07-25T13:30:00+0200,8910.94,MW,BE,BE,actual_load,Actual Load,2026-08-02T04:32:23Z
2026-08-02T04:32:20Z,2026-08-02T06:32:20+0200,7aafc1bd-8364-45d6-9e1e-5ae71b51b571,2026-07-25T11:45:00Z,2026-07-25T13:45:00+0200,8894.76,MW,BE,BE,actual_load,Actual Load,2026-08-02T04:32:23Z
2026-08-02T04:32:20Z,2026-08-02T06:32:20+0200,7aafc1bd-8364-45d6-9e1e-5ae71b51b571,2026-07-25T12:00:00Z,2026-07-25T14:00:00+0200,8878.48,MW,BE,BE,actual_load,Actual Load,2026-08-02T04:32:23Z
2026-08-02T04:32:20Z,2026-08-02T06:32:20+0200,7aafc1bd-8364-45d6-9e1e-5ae71b51b571,2026-07-25T12:15:00Z,2026-07-25T14:15:00+0200,8844.78,MW,BE,BE,actual_load,Actual Load,2026-08-02T04:32:23Z
2026-08-02T04:32:20Z,2026-08-02T06:32:20+0200,7aafc1bd-8364-45d6-9e1e-5ae71b51b571,2026-07-25T12:30:00Z,2026-07-25T14:30:00+0200,8835.49,MW,BE,BE,actual_load,Actual Load,2026-08-02T04:32:23Z
2026-08-02T04:32:20Z,2026-08-02T06:32:20+0200,7aafc1bd-8364-45d6-9e1e-5ae71b51b571,2026-07-25T12:45:00Z,2026-07-25T14:45:00+0200,8826.01,MW,BE,BE,actual_load,Actual Load,2026-08-02T04:32:23Z
2026-08-02T04:32:20Z,2026-08-02T06:32:20+0200,7aafc1bd-8364-45d6-9e1e-5ae71b51b571,2026-07-25T13:00:00Z,2026-07-25T15:00:00+0200,8985.93,MW,BE,BE,actual_load,Actual Load,2026-08-02T04:32:23Z
2026-08-02T04:32:20Z,2026-08-02T06:32:20+0200,7aafc1bd-8364-45d6-9e1e-5ae71b51b571,2026-07-25T13:15:00Z,2026-07-25T15:15:00+0200,8935.77,MW,BE,BE,actual_load,Actual Load,2026-08-02T04:32:23Z
2026-08-02T04:32:20Z,2026-08-02T06:32:20+0200,7aafc1bd-8364-45d6-9e1e-5ae71b51b571,2026-07-25T13:30:00Z,2026-07-25T15:30:00+0200,8937.2,MW,BE,BE,actual_load,Actual Load,2026-08-02T04:32:23Z
2026-08-02T04:32:20Z,2026-08-02T06:32:20+0200,7aafc1bd-8364-45d6-9e1e-5ae71b51b571,2026-07-25T13:45:00Z,2026-07-25T15:45:00+0200,8903.64,MW,BE,BE,actual_load,Actual Load,2026-08-02T04:32:23Z
2026-08-02T04:32:20Z,2026-08-02T06:32:20+0200,7aafc1bd-8364-45d6-9e1e-5ae71b51b571,2026-07-25T14:00:00Z,2026-07-25T16:00:00+0200,8717.31,MW,BE,BE,actual_load,Actual Load,2026-08-02T04:32:23Z
2026-08-02T04:32:20Z,2026-08-02T06:32:20+0200,7aafc1bd-8364-45d6-9e1e-5ae71b51b571,2026-07-25T14:15:00Z,2026-07-25T16:15:00+0200,8501.16,MW,BE,BE,actual_load,Actual Load,2026-08-02T04:32:23Z
2026-08-02T04:32:20Z,2026-08-02T06:32:20+0200,7aafc1bd-8364-45d6-9e1e-5ae71b51b571,2026-07-25T14:30:00Z,2026-07-25T16:30:00+0200,8436.09,MW,BE,BE,actual_load,Actual Load,2026-08-02T04:32:23Z
2026-08-02T04:32:20Z,2026-08-02T06:32:20+0200,7aafc1bd-8364-45d6-9e1e-5ae71b51b571,2026-07-25T14:45:00Z,2026-07-25T16:45:00+0200,8465.57,MW,BE,BE,actual_load,Actual Load,2026-08-02T04:32:23Z
2026-08-02T04:32:20Z,2026-08-02T06:32:20+0200,7aafc1bd-8364-45d6-9e1e-5ae71b51b571,2026-07-25T15:00:00Z,2026-07-25T17:00:00+0200,8358.86,MW,BE,BE,actual_load,Actual Load,2026-08-02T04:32:23Z
2026-08-02T04:32:20Z,2026-08-02T06:32:20+0200,7aafc1bd-8364-45d6-9e1e-5ae71b51b571,2026-07-25T15:15:00Z,2026-07-25T17:15:00+0200,8255.99,MW,BE,BE,actual_load,Actual Load,2026-08-02T04:32:23Z
2026-08-02T04:32:20Z,2026-08-02T06:32:20+0200,7aafc1bd-8364-45d6-9e1e-5ae71b51b571,2026-07-25T15:30:00Z,2026-07-25T17:30:00+0200,8210.97,MW,BE,BE,actual_load,Actual Load,2026-08-02T04:32:23Z
2026-08-02T04:32:20Z,2026-08-02T06:32:20+0200,7aafc1bd-8364-45d6-9e1e-5ae71b51b571,2026-07-25T15:45:00Z,2026-07-25T17:45:00+0200,8162.17,MW,BE,BE,actual_load,Actual Load,2026-08-02T04:32:23Z
2026-08-02T04:32:20Z,2026-08-02T06:32:20+0200,7aafc1bd-8364-45d6-9e1e-5ae71b51b571,2026-07-25T16:00:00Z,2026-07-25T18:00:00+0200,8129.69,MW,BE,BE,actual_load,Actual Load,2026-08-02T04:32:23Z
2026-08-02T04:32:20Z,2026-08-02T06:32:20+0200,7aafc1bd-8364-45d6-9e1e-5ae71b51b571,2026-07-25T16:15:00Z,2026-07-25T18:15:00+0200,7991.17,MW,BE,BE,actual_load,Actual Load,2026-08-02T04:32:23Z
2026-08-02T04:32:20Z,2026-08-02T06:32:20+0200,7aafc1bd-8364-45d6-9e1e-5ae71b51b571,2026-07-25T16:30:00Z,2026-07-25T18:30:00+0200,8035.43,MW,BE,BE,actual_load,Actual Load,2026-08-02T04:32:23Z
2026-08-02T04:32:20Z,2026-08-02T06:32:20+0200,7aafc1bd-8364-45d6-9e1e-5ae71b51b571,2026-07-25T16:45:00Z,2026-07-25T18:45:00+0200,8094.59,MW,BE,BE,actual_load,Actual Load,2026-08-02T04:32:23Z
2026-08-02T04:32:20Z,2026-08-02T06:32:20+0200,7aafc1bd-8364-45d6-9e1e-5ae71b51b571,2026-07-25T17:00:00Z,2026-07-25T19:00:00+0200,8056.9,MW,BE,BE,actual_load,Actual Load,2026-08-02T04:32:23Z
2026-08-02T04:32:20Z,2026-08-02T06:32:20+0200,7aafc1bd-8364-45d6-9e1e-5ae71b51b571,2026-07-25T17:15:00Z,2026-07-25T19:15:00+0200,8040.22,MW,BE,BE,actual_load,Actual Load,2026-08-02T04:32:23Z
2026-08-02T04:32:20Z,2026-08-02T06:32:20+0200,7aafc1bd-8364-45d6-9e1e-5ae71b51b571,2026-07-25T17:30:00Z,2026-07-25T19:30:00+0200,8007.19,MW,BE,BE,actual_load,Actual Load,2026-08-02T04:32:23Z
2026-08-02T04:32:20Z,2026-08-02T06:32:20+0200,7aafc1bd-8364-45d6-9e1e-5ae71b51b571,2026-07-25T17:45:00Z,2026-07-25T19:45:00+0200,7955.53,MW,BE,BE,actual_load,Actual Load,2026-08-02T04:32:23Z
2026-08-02T04:32:20Z,2026-08-02T06:32:20+0200,7aafc1bd-8364-45d6-9e1e-5ae71b51b571,2026-07-25T18:00:00Z,2026-07-25T20:00:00+0200,7969.35,MW,BE,BE,actual_load,Actual Load,2026-08-02T04:32:23Z
2026-08-02T04:32:20Z,2026-08-02T06:32:20+0200,7aafc1bd-8364-45d6-9e1e-5ae71b51b571,2026-07-25T18:15:00Z,2026-07-25T20:15:00+0200,7826.45,MW,BE,BE,actual_load,Actual Load,2026-08-02T04:32:23Z
2026-08-02T04:32:20Z,2026-08-02T06:32:20+0200,7aafc1bd-8364-45d6-9e1e-5ae71b51b571,2026-07-25T18:30:00Z,2026-07-25T20:30:00+0200,7757.5,MW,BE,BE,actual_load,Actual Load,2026-08-02T04:32:23Z
2026-08-02T04:32:20Z,2026-08-02T06:32:20+0200,7aafc1bd-8364-45d6-9e1e-5ae71b51b571,2026-07-25T18:45:00Z,2026-07-25T20:45:00+0200,7686.61,MW,BE,BE,actual_load,Actual Load,2026-08-02T04:32:23Z
2026-08-02T04:32:20Z,2026-08-02T06:32:20+0200,7aafc1bd-8364-45d6-9e1e-5ae71b51b571,2026-07-25T19:00:00Z,2026-07-25T21:00:00+0200,7597.72,MW,BE,BE,actual_load,Actual Load,2026-08-02T04:32:23Z
2026-08-02T04:32:20Z,2026-08-02T06:32:20+0200,7aafc1bd-8364-45d6-9e1e-5ae71b51b571,2026-07-25T19:15:00Z,2026-07-25T21:15:00+0200,7622.85,MW,BE,BE,actual_load,Actual Load,2026-08-02T04:32:23Z
2026-08-02T04:32:20Z,2026-08-02T06:32:20+0200,7aafc1bd-8364-45d6-9e1e-5ae71b51b571,2026-07-25T19:30:00Z,2026-07-25T21:30:00+0200,7659.16,MW,BE,BE,actual_load,Actual Load,2026-08-02T04:32:23Z
2026-08-02T04:32:20Z,2026-08-02T06:32:20+0200,7aafc1bd-8364-45d6-9e1e-5ae71b51b571,2026-07-25T19:45:00Z,2026-07-25T21:45:00+0200,7749.15,MW,BE,BE,actual_load,Actual Load,2026-08-02T04:32:23Z
2026-08-02T04:32:20Z,2026-08-02T06:32:20+0200,7aafc1bd-8364-45d6-9e1e-5ae71b51b571,2026-07-25T20:00:00Z,2026-07-25T22:00:00+0200,7670.43,MW,BE,BE,actual_load,Actual Load,2026-08-02T04:32:23Z
2026-08-02T04:32:20Z,2026-08-02T06:32:20+0200,7aafc1bd-8364-45d6-9e1e-5ae71b51b571,2026-07-25T20:15:00Z,2026-07-25T22:15:00+0200,7699.51,MW,BE,BE,actual_load,Actual Load,2026-08-02T04:32:23Z
2026-08-02T04:32:20Z,2026-08-02T06:32:20+0200,7aafc1bd-8364-45d6-9e1e-5ae71b51b571,2026-07-25T20:30:00Z,2026-07-25T22:30:00+0200,7625.71,MW,BE,BE,actual_load,Actual Load,2026-08-02T04:32:23Z
2026-08-02T04:32:20Z,2026-08-02T06:32:20+0200,7aafc1bd-8364-45d6-9e1e-5ae71b51b571,2026-07-25T20:45:00Z,2026-07-25T22:45:00+0200,7614.9,MW,BE,BE,actual_load,Actual Load,2026-08-02T04:32:23Z
2026-08-02T04:32:20Z,2026-08-02T06:32:20+0200,7aafc1bd-8364-45d6-9e1e-5ae71b51b571,2026-07-25T21:00:00Z,2026-07-25T23:00:00+0200,7636.89,MW,BE,BE,actual_load,Actual Load,2026-08-02T04:32:23Z
2026-08-02T04:32:20Z,2026-08-02T06:32:20+0200,7aafc1bd-8364-45d6-9e1e-5ae71b51b571,2026-07-25T21:15:00Z,2026-07-25T23:15:00+0200,7601.75,MW,BE,BE,actual_load,Actual Load,2026-08-02T04:32:23Z
2026-08-02T04:32:20Z,2026-08-02T06:32:20+0200,7aafc1bd-8364-45d6-9e1e-5ae71b51b571,2026-07-25T21:30:00Z,2026-07-25T23:30:00+0200,7514.54,MW,BE,BE,actual_load,Actual Load,2026-08-02T04:32:23Z
2026-08-02T04:32:20Z,2026-08-02T06:32:20+0200,7aafc1bd-8364-45d6-9e1e-5ae71b51b571,2026-07-25T21:45:00Z,2026-07-25T23:45:00+0200,7421.76,MW,BE,BE,actual_load,Actual Load,2026-08-02T04:32:23Z
2026-08-02T04:32:20Z,2026-08-02T06:32:20+0200,7aafc1bd-8364-45d6-9e1e-5ae71b51b571,2026-07-25T22:00:00Z,2026-07-26T00:00:00+0200,7313.98,MW,BE,BE,actual_load,Actual Load,2026-08-02T04:32:23Z
2026-08-02T04:32:20Z,2026-08-02T06:32:20+0200,7aafc1bd-8364-45d6-9e1e-5ae71b51b571,2026-07-25T22:15:00Z,2026-07-26T00:15:00+0200,7245.34,MW,BE,BE,actual_load,Actual Load,2026-08-02T04:32:23Z
2026-08-02T04:32:20Z,2026-08-02T06:32:20+0200,7aafc1bd-8364-45d6-9e1e-5ae71b51b571,2026-07-25T22:30:00Z,2026-07-26T00:30:00+0200,7280.67,MW,BE,BE,actual_load,Actual Load,2026-08-02T04:32:23Z
2026-08-02T04:32:20Z,2026-08-02T06:32:20+0200,7aafc1bd-8364-45d6-9e1e-5ae71b51b571,2026-07-25T22:45:00Z,2026-07-26T00:45:00+0200,7217.93,MW,BE,BE,actual_load,Actual Load,2026-08-02T04:32:23Z
2026-08-02T04:32:20Z,2026-08-02T06:32:20+0200,7aafc1bd-8364-45d6-9e1e-5ae71b51b571,2026-07-25T23:00:00Z,2026-07-26T01:00:00+0200,7177.59,MW,BE,BE,actual_load,Actual Load,2026-08-02T04:32:23Z
2026-08-02T04:32:20Z,2026-08-02T06:32:20+0200,7aafc1bd-8364-45d6-9e1e-5ae71b51b571,2026-07-25T23:15:00Z,2026-07-26T01:15:00+0200,7152.83,MW,BE,BE,actual_load,Actual Load,2026-08-02T04:32:23Z
2026-08-02T04:32:20Z,2026-08-02T06:32:20+0200,7aafc1bd-8364-45d6-9e1e-5ae71b51b571,2026-07-25T23:30:00Z,2026-07-26T01:30:00+0200,7136.67,MW,BE,BE,actual_load,Actual Load,2026-08-02T04:32:23Z
2026-08-02T04:32:20Z,2026-08-02T06:32:20+0200,7aafc1bd-8364-45d6-9e1e-5ae71b51b571,2026-07-25T23:45:00Z,2026-07-26T01:45:00+0200,7015.68,MW,BE,BE,actual_load,Actual Load,2026-08-02T04:32:23Z
2026-08-02T04:32:20Z,2026-08-02T06:32:20+0200,7aafc1bd-8364-45d6-9e1e-5ae71b51b571,2026-07-26T00:00:00Z,2026-07-26T02:00:00+0200,6981.39,MW,BE,BE,actual_load,Actual Load,2026-08-02T04:32:23Z
2026-08-02T04:32:20Z,2026-08-02T06:32:20+0200,7aafc1bd-8364-45d6-9e1e-5ae71b51b571,2026-07-26T00:15:00Z,2026-07-26T02:15:00+0200,6912.62,MW,BE,BE,actual_load,Actual Load,2026-08-02T04:32:23Z
2026-08-02T04:32:20Z,2026-08-02T06:32:20+0200,7aafc1bd-8364-45d6-9e1e-5ae71b51b571,2026-07-26T00:30:00Z,2026-07-26T02:30:00+0200,6804.41,MW,BE,BE,actual_load,Actual Load,2026-08-02T04:32:23Z
2026-08-02T04:32:20Z,2026-08-02T06:32:20+0200,7aafc1bd-8364-45d6-9e1e-5ae71b51b571,2026-07-26T00:45:00Z,2026-07-26T02:45:00+0200,6675.29,MW,BE,BE,actual_load,Actual Load,2026-08-02T04:32:23Z
2026-08-02T04:32:20Z,2026-08-02T06:32:20+0200,7aafc1bd-8364-45d6-9e1e-5ae71b51b571,2026-07-26T01:00:00Z,2026-07-26T03:00:00+0200,6637.93,MW,BE,BE,actual_load,Actual Load,2026-08-02T04:32:23Z
2026-08-02T04:32:20Z,2026-08-02T06:32:20+0200,7aafc1bd-8364-45d6-9e1e-5ae71b51b571,2026-07-26T01:15:00Z,2026-07-26T03:15:00+0200,6554.07,MW,BE,BE,actual_load,Actual Load,2026-08-02T04:32:23Z
2026-08-02T04:32:20Z,2026-08-02T06:32:20+0200,7aafc1bd-8364-45d6-9e1e-5ae71b51b571,2026-07-26T01:30:00Z,2026-07-26T03:30:00+0200,6512.2,MW,BE,BE,actual_load,Actual Load,2026-08-02T04:32:23Z
2026-08-02T04:32:20Z,2026-08-02T06:32:20+0200,7aafc1bd-8364-45d6-9e1e-5ae71b51b571,2026-07-26T01:45:00Z,2026-07-26T03:45:00+0200,6514.61,MW,BE,BE,actual_load,Actual Load,2026-08-02T04:32:23Z
2026-08-02T04:32:20Z,2026-08-02T06:32:20+0200,7aafc1bd-8364-45d6-9e1e-5ae71b51b571,2026-07-26T02:00:00Z,2026-07-26T04:00:00+0200,6488.75,MW,BE,BE,actual_load,Actual Load,2026-08-02T04:32:23Z
2026-08-02T04:32:20Z,2026-08-02T06:32:20+0200,7aafc1bd-8364-45d6-9e1e-5ae71b51b571,2026-07-26T02:15:00Z,2026-07-26T04:15:00+0200,6448.95,MW,BE,BE,actual_load,Actual Load,2026-08-02T04:32:23Z
2026-08-02T04:32:20Z,2026-08-02T06:32:20+0200,7aafc1bd-8364-45d6-9e1e-5ae71b51b571,2026-07-26T02:30:00Z,2026-07-26T04:30:00+0200,6480.79,MW,BE,BE,actual_load,Actual Load,2026-08-02T04:32:23Z
2026-08-02T04:32:20Z,2026-08-02T06:32:20+0200,7aafc1bd-8364-45d6-9e1e-5ae71b51b571,2026-07-26T02:45:00Z,2026-07-26T04:45:00+0200,6461.11,MW,BE,BE,actual_load,Actual Load,2026-08-02T04:32:23Z
2026-08-02T04:32:20Z,2026-08-02T06:32:20+0200,7aafc1bd-8364-45d6-9e1e-5ae71b51b571,2026-07-26T03:00:00Z,2026-07-26T05:00:00+0200,6533.6,MW,BE,BE,actual_load,Actual Load,2026-08-02T04:32:23Z
2026-08-02T04:32:20Z,2026-08-02T06:32:20+0200,7aafc1bd-8364-45d6-9e1e-5ae71b51b571,2026-07-26T03:15:00Z,2026-07-26T05:15:00+0200,6575.47,MW,BE,BE,actual_load,Actual Load,2026-08-02T04:32:23Z
2026-08-02T04:32:20Z,2026-08-02T06:32:20+0200,7aafc1bd-8364-45d6-9e1e-5ae71b51b571,2026-07-26T03:30:00Z,2026-07-26T05:30:00+0200,6675.0,MW,BE,BE,actual_load,Actual Load,2026-08-02T04:32:23Z
2026-08-02T04:32:20Z,2026-08-02T06:32:20+0200,7aafc1bd-8364-45d6-9e1e-5ae71b51b571,2026-07-26T03:45:00Z,2026-07-26T05:45:00+0200,6610.05,MW,BE,BE,actual_load,Actual Load,2026-08-02T04:32:23Z
2026-08-02T04:32:20Z,2026-08-02T06:32:20+0200,7aafc1bd-8364-45d6-9e1e-5ae71b51b571,2026-07-26T04:00:00Z,2026-07-26T06:00:00+0200,6703.15,MW,BE,BE,actual_load,Actual Load,2026-08-02T04:32:23Z
2026-08-02T04:32:20Z,2026-08-02T06:32:20+0200,7aafc1bd-8364-45d6-9e1e-5ae71b51b571,2026-07-26T04:15:00Z,2026-07-26T06:15:00+0200,6696.1,MW,BE,BE,actual_load,Actual Load,2026-08-02T04:32:23Z
2026-08-02T04:32:20Z,2026-08-02T06:32:20+0200,7aafc1bd-8364-45d6-9e1e-5ae71b51b571,2026-07-26T04:30:00Z,2026-07-26T06:30:00+0200,6748.45,MW,BE,BE,actual_load,Actual Load,2026-08-02T04:32:23Z
2026-08-02T04:32:20Z,2026-08-02T06:32:20+0200,7aafc1bd-8364-45d6-9e1e-5ae71b51b571,2026-07-26T04:45:00Z,2026-07-26T06:45:00+0200,6776.1,MW,BE,BE,actual_load,Actual Load,2026-08-02T04:32:23Z
2026-08-02T04:32:20Z,2026-08-02T06:32:20+0200,7aafc1bd-8364-45d6-9e1e-5ae71b51b571,2026-07-26T05:00:00Z,2026-07-26T07:00:00+0200,6863.98,MW,BE,BE,actual_load,Actual Load,2026-08-02T04:32:23Z
2026-08-02T04:32:20Z,2026-08-02T06:32:20+0200,7aafc1bd-8364-45d6-9e1e-5ae71b51b571,2026-07-26T05:15:00Z,2026-07-26T07:15:00+0200,6952.97,MW,BE,BE,actual_load,Actual Load,2026-08-02T04:32:23Z
2026-08-02T04:32:20Z,2026-08-02T06:32:20+0200,7aafc1bd-8364-45d6-9e1e-5ae71b51b571,2026-07-26T05:30:00Z,2026-07-26T07:30:00+0200,6993.11,MW,BE,BE,actual_load,Actual Load,2026-08-02T04:32:23Z
2026-08-02T04:32:20Z,2026-08-02T06:32:20+0200,7aafc1bd-8364-45d6-9e1e-5ae71b51b571,2026-07-26T05:45:00Z,2026-07-26T07:45:00+0200,6970.66,MW,BE,BE,actual_load,Actual Load,2026-08-02T04:32:23Z
2026-08-02T04:32:20Z,2026-08-02T06:32:20+0200,7aafc1bd-8364-45d6-9e1e-5ae71b51b571,2026-07-26T06:00:00Z,2026-07-26T08:00:00+0200,7032.02,MW,BE,BE,actual_load,Actual Load,2026-08-02T04:32:23Z
2026-08-02T04:32:20Z,2026-08-02T06:32:20+0200,7aafc1bd-8364-45d6-9e1e-5ae71b51b571,2026-07-26T06:15:00Z,2026-07-26T08:15:00+0200,7192.72,MW,BE,BE,actual_load,Actual Load,2026-08-02T04:32:23Z
2026-08-02T04:32:20Z,2026-08-02T06:32:20+0200,7aafc1bd-8364-45d6-9e1e-5ae71b51b571,2026-07-26T06:30:00Z,2026-07-26T08:30:00+0200,7301.87,MW,BE,BE,actual_load,Actual Load,2026-08-02T04:32:23Z
2026-08-02T04:32:20Z,2026-08-02T06:32:20+0200,7aafc1bd-8364-45d6-9e1e-5ae71b51b571,2026-07-26T06:45:00Z,2026-07-26T08:45:00+0200,7296.06,MW,BE,BE,actual_load,Actual Load,2026-08-02T04:32:23Z
2026-08-02T04:32:20Z,2026-08-02T06:32:20+0200,7aafc1bd-8364-45d6-9e1e-5ae71b51b571,2026-07-26T07:00:00Z,2026-07-26T09:00:00+0200,7366.7,MW,BE,BE,actual_load,Actual Load,2026-08-02T04:32:23Z
2026-08-02T04:32:20Z,2026-08-02T06:32:20+0200,7aafc1bd-8364-45d6-9e1e-5ae71b51b571,2026-07-26T07:15:00Z,2026-07-26T09:15:00+0200,7425.05,MW,BE,BE,actual_load,Actual Load,2026-08-02T04:32:23Z
2026-08-02T04:32:20Z,2026-08-02T06:32:20+0200,7aafc1bd-8364-45d6-9e1e-5ae71b51b571,2026-07-26T07:30:00Z,2026-07-26T09:30:00+0200,7500.54,MW,BE,BE,actual_load,Actual Load,2026-08-02T04:32:23Z
2026-08-02T04:32:20Z,2026-08-02T06:32:20+0200,7aafc1bd-8364-45d6-9e1e-5ae71b51b571,2026-07-26T07:45:00Z,2026-07-26T09:45:00+0200,7687.83,MW,BE,BE,actual_load,Actual Load,2026-08-02T04:32:23Z
2026-08-02T04:32:20Z,2026-08-02T06:32:20+0200,7aafc1bd-8364-45d6-9e1e-5ae71b51b571,2026-07-26T08:00:00Z,2026-07-26T10:00:00+0200,7633.07,MW,BE,BE,actual_load,Actual Load,2026-08-02T04:32:23Z
2026-08-02T04:32:20Z,2026-08-02T06:32:20+0200,7aafc1bd-8364-45d6-9e1e-5ae71b51b571,2026-07-26T08:15:00Z,2026-07-26T10:15:00+0200,7704.98,MW,BE,BE,actual_load,Actual Load,2026-08-02T04:32:23Z
2026-08-02T04:32:20Z,2026-08-02T06:32:20+0200,7aafc1bd-8364-45d6-9e1e-5ae71b51b571,2026-07-26T08:30:00Z,2026-07-26T10:30:00+0200,7802.99,MW,BE,BE,actual_load,Actual Load,2026-08-02T04:32:23Z
2026-08-02T04:32:20Z,2026-08-02T06:32:20+0200,7aafc1bd-8364-45d6-9e1e-5ae71b51b571,2026-07-26T08:45:00Z,2026-07-26T10:45:00+0200,7923.69,MW,BE,BE,actual_load,Actual Load,2026-08-02T04:32:23Z
2026-08-02T04:32:20Z,2026-08-02T06:32:20+0200,7aafc1bd-8364-45d6-9e1e-5ae71b51b571,2026-07-26T09:00:00Z,2026-07-26T11:00:00+0200,8096.27,MW,BE,BE,actual_load,Actual Load,2026-08-02T04:32:23Z
2026-08-02T04:32:20Z,2026-08-02T06:32:20+0200,7aafc1bd-8364-45d6-9e1e-5ae71b51b571,2026-07-26T09:15:00Z,2026-07-26T11:15:00+0200,8149.1,MW,BE,BE,actual_load,Actual Load,2026-08-02T04:32:23Z
2026-08-02T04:32:20Z,2026-08-02T06:32:20+0200,7aafc1bd-8364-45d6-9e1e-5ae71b51b571,2026-07-26T09:30:00Z,2026-07-26T11:30:00+0200,8129.92,MW,BE,BE,actual_load,Actual Load,2026-08-02T04:32:23Z
2026-08-02T04:32:20Z,2026-08-02T06:32:20+0200,7aafc1bd-8364-45d6-9e1e-5ae71b51b571,2026-07-26T09:45:00Z,2026-07-26T11:45:00+0200,8383.63,MW,BE,BE,actual_load,Actual Load,2026-08-02T04:32:23Z
2026-08-02T04:32:20Z,2026-08-02T06:32:20+0200,7aafc1bd-8364-45d6-9e1e-5ae71b51b571,2026-07-26T10:00:00Z,2026-07-26T12:00:00+0200,8143.83,MW,BE,BE,actual_load,Actual Load,2026-08-02T04:32:23Z
2026-08-02T04:32:20Z,2026-08-02T06:32:20+0200,7aafc1bd-8364-45d6-9e1e-5ae71b51b571,2026-07-26T10:15:00Z,2026-07-26T12:15:00+0200,8092.37,MW,BE,BE,actual_load,Actual Load,2026-08-02T04:32:23Z
2026-08-02T04:32:20Z,2026-08-02T06:32:20+0200,7aafc1bd-8364-45d6-9e1e-5ae71b51b571,2026-07-26T10:30:00Z,2026-07-26T12:30:00+0200,8157.17,MW,BE,BE,actual_load,Actual Load,2026-08-02T04:32:23Z
2026-08-02T04:32:20Z,2026-08-02T06:32:20+0200,7aafc1bd-8364-45d6-9e1e-5ae71b51b571,2026-07-26T10:45:00Z,2026-07-26T12:45:00+0200,8176.61,MW,BE,BE,actual_load,Actual Load,2026-08-02T04:32:23Z
2026-08-02T04:32:20Z,2026-08-02T06:32:20+0200,7aafc1bd-8364-45d6-9e1e-5ae71b51b571,2026-07-26T11:00:00Z,2026-07-26T13:00:00+0200,8299.17,MW,BE,BE,actual_load,Actual Load,2026-08-02T04:32:23Z
2026-08-02T04:32:20Z,2026-08-02T06:32:20+0200,7aafc1bd-8364-45d6-9e1e-5ae71b51b571,2026-07-26T11:15:00Z,2026-07-26T13:15:00+0200,8225.88,MW,BE,BE,actual_load,Actual Load,2026-08-02T04:32:23Z
2026-08-02T04:32:20Z,2026-08-02T06:32:20+0200,7aafc1bd-8364-45d6-9e1e-5ae71b51b571,2026-07-26T11:30:00Z,2026-07-26T13:30:00+0200,8117.14,MW,BE,BE,actual_load,Actual Load,2026-08-02T04:32:23Z
2026-08-02T04:32:20Z,2026-08-02T06:32:20+0200,7aafc1bd-8364-45d6-9e1e-5ae71b51b571,2026-07-26T11:45:00Z,2026-07-26T13:45:00+0200,8086.41,MW,BE,BE,actual_load,Actual Load,2026-08-02T04:32:23Z
2026-08-02T04:32:20Z,2026-08-02T06:32:20+0200,7aafc1bd-8364-45d6-9e1e-5ae71b51b571,2026-07-26T12:00:00Z,2026-07-26T14:00:00+0200,8292.45,MW,BE,BE,actual_load,Actual Load,2026-08-02T04:32:23Z
2026-08-02T04:32:20Z,2026-08-02T06:32:20+0200,7aafc1bd-8364-45d6-9e1e-5ae71b51b571,2026-07-26T12:15:00Z,2026-07-26T14:15:00+0200,8295.65,MW,BE,BE,actual_load,Actual Load,2026-08-02T04:32:23Z
2026-08-02T04:32:20Z,2026-08-02T06:32:20+0200,7aafc1bd-8364-45d6-9e1e-5ae71b51b571,2026-07-26T12:30:00Z,2026-07-26T14:30:00+0200,8449.45,MW,BE,BE,actual_load,Actual Load,2026-08-02T04:32:23Z
2026-08-02T04:32:20Z,2026-08-02T06:32:20+0200,7aafc1bd-8364-45d6-9e1e-5ae71b51b571,2026-07-26T12:45:00Z,2026-07-26T14:45:00+0200,8498.3,MW,BE,BE,actual_load,Actual Load,2026-08-02T04:32:23Z
2026-08-02T04:32:20Z,2026-08-02T06:32:20+0200,7aafc1bd-8364-45d6-9e1e-5ae71b51b571,2026-07-26T13:00:00Z,2026-07-26T15:00:00+0200,8477.81,MW,BE,BE,actual_load,Actual Load,2026-08-02T04:32:23Z
2026-08-02T04:32:20Z,2026-08-02T06:32:20+0200,7aafc1bd-8364-45d6-9e1e-5ae71b51b571,2026-07-26T13:15:00Z,2026-07-26T15:15:00+0200,8506.8,MW,BE,BE,actual_load,Actual Load,2026-08-02T04:32:23Z
2026-08-02T04:32:20Z,2026-08-02T06:32:20+0200,7aafc1bd-8364-45d6-9e1e-5ae71b51b571,2026-07-26T13:30:00Z,2026-07-26T15:30:00+0200,8606.52,MW,BE,BE,actual_load,Actual Load,2026-08-02T04:32:23Z
2026-08-02T04:32:20Z,2026-08-02T06:32:20+0200,7aafc1bd-8364-45d6-9e1e-5ae71b51b571,2026-07-26T13:45:00Z,2026-07-26T15:45:00+0200,8538.91,MW,BE,BE,actual_load,Actual Load,2026-08-02T04:32:23Z
2026-08-02T04:32:20Z,2026-08-02T06:32:20+0200,7aafc1bd-8364-45d6-9e1e-5ae71b51b571,2026-07-26T14:00:00Z,2026-07-26T16:00:00+0200,8257.06,MW,BE,BE,actual_load,Actual Load,2026-08-02T04:32:23Z
2026-08-02T04:32:20Z,2026-08-02T06:32:20+0200,7aafc1bd-8364-45d6-9e1e-5ae71b51b571,2026-07-26T14:15:00Z,2026-07-26T16:15:00+0200,8061.29,MW,BE,BE,actual_load,Actual Load,2026-08-02T04:32:23Z
2026-08-02T04:32:20Z,2026-08-02T06:32:20+0200,7aafc1bd-8364-45d6-9e1e-5ae71b51b571,2026-07-26T14:30:00Z,2026-07-26T16:30:00+0200,8020.91,MW,BE,BE,actual_load,Actual Load,2026-08-02T04:32:23Z
2026-08-02T04:32:20Z,2026-08-02T06:32:20+0200,7aafc1bd-8364-45d6-9e1e-5ae71b51b571,2026-07-26T14:45:00Z,2026-07-26T16:45:00+0200,7970.18,MW,BE,BE,actual_load,Actual Load,2026-08-02T04:32:23Z
2026-08-02T04:32:20Z,2026-08-02T06:32:20+0200,7aafc1bd-8364-45d6-9e1e-5ae71b51b571,2026-07-26T15:00:00Z,2026-07-26T17:00:00+0200,7985.85,MW,BE,BE,actual_load,Actual Load,2026-08-02T04:32:23Z
2026-08-02T04:32:20Z,2026-08-02T06:32:20+0200,7aafc1bd-8364-45d6-9e1e-5ae71b51b571,2026-07-26T15:15:00Z,2026-07-26T17:15:00+0200,7966.49,MW,BE,BE,actual_load,Actual Load,2026-08-02T04:32:23Z
2026-08-02T04:32:20Z,2026-08-02T06:32:20+0200,7aafc1bd-8364-45d6-9e1e-5ae71b51b571,2026-07-26T15:30:00Z,2026-07-26T17:30:00+0200,7949.78,MW,BE,BE,actual_load,Actual Load,2026-08-02T04:32:23Z
2026-08-02T04:32:20Z,2026-08-02T06:32:20+0200,7aafc1bd-8364-45d6-9e1e-5ae71b51b571,2026-07-26T15:45:00Z,2026-07-26T17:45:00+0200,7922.23,MW,BE,BE,actual_load,Actual Load,2026-08-02T04:32:23Z
2026-08-02T04:32:20Z,2026-08-02T06:32:20+0200,7aafc1bd-8364-45d6-9e1e-5ae71b51b571,2026-07-26T16:00:00Z,2026-07-26T18:00:00+0200,7980.55,MW,BE,BE,actual_load,Actual Load,2026-08-02T04:32:23Z
2026-08-02T04:32:20Z,2026-08-02T06:32:20+0200,7aafc1bd-8364-45d6-9e1e-5ae71b51b571,2026-07-26T16:15:00Z,2026-07-26T18:15:00+0200,8083.87,MW,BE,BE,actual_load,Actual Load,2026-08-02T04:32:23Z
2026-08-02T04:32:20Z,2026-08-02T06:32:20+0200,7aafc1bd-8364-45d6-9e1e-5ae71b51b571,2026-07-26T16:30:00Z,2026-07-26T18:30:00+0200,8033.8,MW,BE,BE,actual_load,Actual Load,2026-08-02T04:32:23Z
2026-08-02T04:32:20Z,2026-08-02T06:32:20+0200,7aafc1bd-8364-45d6-9e1e-5ae71b51b571,2026-07-26T16:45:00Z,2026-07-26T18:45:00+0200,8026.55,MW,BE,BE,actual_load,Actual Load,2026-08-02T04:32:23Z
2026-08-02T04:32:20Z,2026-08-02T06:32:20+0200,7aafc1bd-8364-45d6-9e1e-5ae71b51b571,2026-07-26T17:00:00Z,2026-07-26T19:00:00+0200,7916.52,MW,BE,BE,actual_load,Actual Load,2026-08-02T04:32:23Z
2026-08-02T04:32:20Z,2026-08-02T06:32:20+0200,7aafc1bd-8364-45d6-9e1e-5ae71b51b571,2026-07-26T17:15:00Z,2026-07-26T19:15:00+0200,7869.33,MW,BE,BE,actual_load,Actual Load,2026-08-02T04:32:23Z
2026-08-02T04:32:20Z,2026-08-02T06:32:20+0200,7aafc1bd-8364-45d6-9e1e-5ae71b51b571,2026-07-26T17:30:00Z,2026-07-26T19:30:00+0200,7972.19,MW,BE,BE,actual_load,Actual Load,2026-08-02T04:32:23Z
2026-08-02T04:32:20Z,2026-08-02T06:32:20+0200,7aafc1bd-8364-45d6-9e1e-5ae71b51b571,2026-07-26T17:45:00Z,2026-07-26T19:45:00+0200,7815.3,MW,BE,BE,actual_load,Actual Load,2026-08-02T04:32:23Z
2026-08-02T04:32:20Z,2026-08-02T06:32:20+0200,7aafc1bd-8364-45d6-9e1e-5ae71b51b571,2026-07-26T18:00:00Z,2026-07-26T20:00:00+0200,7872.96,MW,BE,BE,actual_load,Actual Load,2026-08-02T04:32:23Z
2026-08-02T04:32:20Z,2026-08-02T06:32:20+0200,7aafc1bd-8364-45d6-9e1e-5ae71b51b571,2026-07-26T18:15:00Z,2026-07-26T20:15:00+0200,7909.94,MW,BE,BE,actual_load,Actual Load,2026-08-02T04:32:23Z
2026-08-02T04:32:20Z,2026-08-02T06:32:20+0200,7aafc1bd-8364-45d6-9e1e-5ae71b51b571,2026-07-26T18:30:00Z,2026-07-26T20:30:00+0200,7912.41,MW,BE,BE,actual_load,Actual Load,2026-08-02T04:32:23Z
2026-08-02T04:32:20Z,2026-08-02T06:32:20+0200,7aafc1bd-8364-45d6-9e1e-5ae71b51b571,2026-07-26T18:45:00Z,2026-07-26T20:45:00+0200,7819.17,MW,BE,BE,actual_load,Actual Load,2026-08-02T04:32:23Z
2026-08-02T04:32:20Z,2026-08-02T06:32:20+0200,7aafc1bd-8364-45d6-9e1e-5ae71b51b571,2026-07-26T19:00:00Z,2026-07-26T21:00:00+0200,7977.72,MW,BE,BE,actual_load,Actual Load,2026-08-02T04:32:23Z
2026-08-02T04:32:20Z,2026-08-02T06:32:20+0200,7aafc1bd-8364-45d6-9e1e-5ae71b51b571,2026-07-26T19:15:00Z,2026-07-26T21:15:00+0200,7852.59,MW,BE,BE,actual_load,Actual Load,2026-08-02T04:32:23Z
2026-08-02T04:32:20Z,2026-08-02T06:32:20+0200,7aafc1bd-8364-45d6-9e1e-5ae71b51b571,2026-07-26T19:30:00Z,2026-07-26T21:30:00+0200,7853.1,MW,BE,BE,actual_load,Actual Load,2026-08-02T04:32:23Z
2026-08-02T04:32:20Z,2026-08-02T06:32:20+0200,7aafc1bd-8364-45d6-9e1e-5ae71b51b571,2026-07-26T19:45:00Z,2026-07-26T21:45:00+0200,8022.66,MW,BE,BE,actual_load,Actual Load,2026-08-02T04:32:23Z
2026-08-02T04:32:20Z,2026-08-02T06:32:20+0200,7aafc1bd-8364-45d6-9e1e-5ae71b51b571,2026-07-26T20:00:00Z,2026-07-26T22:00:00+0200,7917.06,MW,BE,BE,actual_load,Actual Load,2026-08-02T04:32:23Z
2026-08-02T04:32:20Z,2026-08-02T06:32:20+0200,7aafc1bd-8364-45d6-9e1e-5ae71b51b571,2026-07-26T20:15:00Z,2026-07-26T22:15:00+0200,7962.1,MW,BE,BE,actual_load,Actual Load,2026-08-02T04:32:23Z
2026-08-02T04:32:20Z,2026-08-02T06:32:20+0200,7aafc1bd-8364-45d6-9e1e-5ae71b51b571,2026-07-26T20:30:00Z,2026-07-26T22:30:00+0200,7855.21,MW,BE,BE,actual_load,Actual Load,2026-08-02T04:32:23Z
2026-08-02T04:32:20Z,2026-08-02T06:32:20+0200,7aafc1bd-8364-45d6-9e1e-5ae71b51b571,2026-07-26T20:45:00Z,2026-07-26T22:45:00+0200,7805.52,MW,BE,BE,actual_load,Actual Load,2026-08-02T04:32:23Z
2026-08-02T04:32:20Z,2026-08-02T06:32:20+0200,7aafc1bd-8364-45d6-9e1e-5ae71b51b571,2026-07-26T21:00:00Z,2026-07-26T23:00:00+0200,7533.97,MW,BE,BE,actual_load,Actual Load,2026-08-02T04:32:23Z
2026-08-02T04:32:20Z,2026-08-02T06:32:20+0200,7aafc1bd-8364-45d6-9e1e-5ae71b51b571,2026-07-26T21:15:00Z,2026-07-26T23:15:00+0200,7445.33,MW,BE,BE,actual_load,Actual Load,2026-08-02T04:32:23Z
2026-08-02T04:32:20Z,2026-08-02T06:32:20+0200,7aafc1bd-8364-45d6-9e1e-5ae71b51b571,2026-07-26T21:30:00Z,2026-07-26T23:30:00+0200,7303.27,MW,BE,BE,actual_load,Actual Load,2026-08-02T04:32:23Z
2026-08-02T04:32:20Z,2026-08-02T06:32:20+0200,7aafc1bd-8364-45d6-9e1e-5ae71b51b571,2026-07-26T21:45:00Z,2026-07-26T23:45:00+0200,7319.08,MW,BE,BE,actual_load,Actual Load,2026-08-02T04:32:23Z
2026-08-02T04:32:20Z,2026-08-02T06:32:20+0200,7aafc1bd-8364-45d6-9e1e-5ae71b51b571,2026-07-26T22:00:00Z,2026-07-27T00:00:00+0200,7408.3,MW,BE,BE,actual_load,Actual Load,2026-08-02T04:32:23Z
2026-08-02T04:32:20Z,2026-08-02T06:32:20+0200,7aafc1bd-8364-45d6-9e1e-5ae71b51b571,2026-07-26T22:15:00Z,2026-07-27T00:15:00+0200,7420.85,MW,BE,BE,actual_load,Actual Load,2026-08-02T04:32:23Z
2026-08-02T04:32:20Z,2026-08-02T06:32:20+0200,7aafc1bd-8364-45d6-9e1e-5ae71b51b571,2026-07-26T22:30:00Z,2026-07-27T00:30:00+0200,7507.7,MW,BE,BE,actual_load,Actual Load,2026-08-02T04:32:23Z
2026-08-02T04:32:20Z,2026-08-02T06:32:20+0200,7aafc1bd-8364-45d6-9e1e-5ae71b51b571,2026-07-26T22:45:00Z,2026-07-27T00:45:00+0200,7413.18,MW,BE,BE,actual_load,Actual Load,2026-08-02T04:32:23Z
2026-08-02T04:32:20Z,2026-08-02T06:32:20+0200,7aafc1bd-8364-45d6-9e1e-5ae71b51b571,2026-07-26T23:00:00Z,2026-07-27T01:00:00+0200,7383.79,MW,BE,BE,actual_load,Actual Load,2026-08-02T04:32:23Z
2026-08-02T04:32:20Z,2026-08-02T06:32:20+0200,7aafc1bd-8364-45d6-9e1e-5ae71b51b571,2026-07-26T23:15:00Z,2026-07-27T01:15:00+0200,7298.94,MW,BE,BE,actual_load,Actual Load,2026-08-02T04:32:23Z
2026-08-02T04:32:20Z,2026-08-02T06:32:20+0200,7aafc1bd-8364-45d6-9e1e-5ae71b51b571,2026-07-26T23:30:00Z,2026-07-27T01:30:00+0200,7236.19,MW,BE,BE,actual_load,Actual Load,2026-08-02T04:32:23Z
2026-08-02T04:32:20Z,2026-08-02T06:32:20+0200,7aafc1bd-8364-45d6-9e1e-5ae71b51b571,2026-07-26T23:45:00Z,2026-07-27T01:45:00+0200,7168.59,MW,BE,BE,actual_load,Actual Load,2026-08-02T04:32:23Z
2026-08-02T04:32:20Z,2026-08-02T06:32:20+0200,7aafc1bd-8364-45d6-9e1e-5ae71b51b571,2026-07-27T00:00:00Z,2026-07-27T02:00:00+0200,7180.98,MW,BE,BE,actual_load,Actual Load,2026-08-02T04:32:23Z
2026-08-02T04:32:20Z,2026-08-02T06:32:20+0200,7aafc1bd-8364-45d6-9e1e-5ae71b51b571,2026-07-27T00:15:00Z,2026-07-27T02:15:00+0200,7072.73,MW,BE,BE,actual_load,Actual Load,2026-08-02T04:32:23Z
2026-08-02T04:32:20Z,2026-08-02T06:32:20+0200,7aafc1bd-8364-45d6-9e1e-5ae71b51b571,2026-07-27T00:30:00Z,2026-07-27T02:30:00+0200,7012.45,MW,BE,BE,actual_load,Actual Load,2026-08-02T04:32:23Z
2026-08-02T04:32:20Z,2026-08-02T06:32:20+0200,7aafc1bd-8364-45d6-9e1e-5ae71b51b571,2026-07-27T00:45:00Z,2026-07-27T02:45:00+0200,7004.81,MW,BE,BE,actual_load,Actual Load,2026-08-02T04:32:23Z
2026-08-02T04:32:20Z,2026-08-02T06:32:20+0200,7aafc1bd-8364-45d6-9e1e-5ae71b51b571,2026-07-27T01:00:00Z,2026-07-27T03:00:00+0200,7015.3,MW,BE,BE,actual_load,Actual Load,2026-08-02T04:32:23Z
2026-08-02T04:32:20Z,2026-08-02T06:32:20+0200,7aafc1bd-8364-45d6-9e1e-5ae71b51b571,2026-07-27T01:15:00Z,2026-07-27T03:15:00+0200,7048.53,MW,BE,BE,actual_load,Actual Load,2026-08-02T04:32:23Z
2026-08-02T04:32:20Z,2026-08-02T06:32:20+0200,7aafc1bd-8364-45d6-9e1e-5ae71b51b571,2026-07-27T01:30:00Z,2026-07-27T03:30:00+0200,7035.2,MW,BE,BE,actual_load,Actual Load,2026-08-02T04:32:23Z
2026-08-02T04:32:20Z,2026-08-02T06:32:20+0200,7aafc1bd-8364-45d6-9e1e-5ae71b51b571,2026-07-27T01:45:00Z,2026-07-27T03:45:00+0200,6960.58,MW,BE,BE,actual_load,Actual Load,2026-08-02T04:32:23Z
2026-08-02T04:32:20Z,2026-08-02T06:32:20+0200,7aafc1bd-8364-45d6-9e1e-5ae71b51b571,2026-07-27T02:00:00Z,2026-07-27T04:00:00+0200,7034.56,MW,BE,BE,actual_load,Actual Load,2026-08-02T04:32:23Z
2026-08-02T04:32:20Z,2026-08-02T06:32:20+0200,7aafc1bd-8364-45d6-9e1e-5ae71b51b571,2026-07-27T02:15:00Z,2026-07-27T04:15:00+0200,7059.81,MW,BE,BE,actual_load,Actual Load,2026-08-02T04:32:23Z
2026-08-02T04:32:20Z,2026-08-02T06:32:20+0200,7aafc1bd-8364-45d6-9e1e-5ae71b51b571,2026-07-27T02:30:00Z,2026-07-27T04:30:00+0200,7072.99,MW,BE,BE,actual_load,Actual Load,2026-08-02T04:32:23Z
2026-08-02T04:32:20Z,2026-08-02T06:32:20+0200,7aafc1bd-8364-45d6-9e1e-5ae71b51b571,2026-07-27T02:45:00Z,2026-07-27T04:45:00+0200,7053.63,MW,BE,BE,actual_load,Actual Load,2026-08-02T04:32:23Z
2026-08-02T04:32:20Z,2026-08-02T06:32:20+0200,7aafc1bd-8364-45d6-9e1e-5ae71b51b571,2026-07-27T03:00:00Z,2026-07-27T05:00:00+0200,7124.92,MW,BE,BE,actual_load,Actual Load,2026-08-02T04:32:23Z
2026-08-02T04:32:20Z,2026-08-02T06:32:20+0200,7aafc1bd-8364-45d6-9e1e-5ae71b51b571,2026-07-27T03:15:00Z,2026-07-27T05:15:00+0200,7212.4,MW,BE,BE,actual_load,Actual Load,2026-08-02T04:32:23Z
2026-08-02T04:32:20Z,2026-08-02T06:32:20+0200,7aafc1bd-8364-45d6-9e1e-5ae71b51b571,2026-07-27T03:30:00Z,2026-07-27T05:30:00+0200,7247.85,MW,BE,BE,actual_load,Actual Load,2026-08-02T04:32:23Z
2026-08-02T04:32:20Z,2026-08-02T06:32:20+0200,7aafc1bd-8364-45d6-9e1e-5ae71b51b571,2026-07-27T03:45:00Z,2026-07-27T05:45:00+0200,7259.87,MW,BE,BE,actual_load,Actual Load,2026-08-02T04:32:23Z
2026-08-02T04:32:20Z,2026-08-02T06:32:20+0200,7aafc1bd-8364-45d6-9e1e-5ae71b51b571,2026-07-27T04:00:00Z,2026-07-27T06:00:00+0200,7356.42,MW,BE,BE,actual_load,Actual Load,2026-08-02T04:32:23Z
2026-08-02T04:32:20Z,2026-08-02T06:32:20+0200,7aafc1bd-8364-45d6-9e1e-5ae71b51b571,2026-07-27T04:15:00Z,2026-07-27T06:15:00+0200,7491.44,MW,BE,BE,actual_load,Actual Load,2026-08-02T04:32:23Z
2026-08-02T04:32:20Z,2026-08-02T06:32:20+0200,7aafc1bd-8364-45d6-9e1e-5ae71b51b571,2026-07-27T04:30:00Z,2026-07-27T06:30:00+0200,7643.24,MW,BE,BE,actual_load,Actual Load,2026-08-02T04:32:23Z
2026-08-02T04:32:20Z,2026-08-02T06:32:20+0200,7aafc1bd-8364-45d6-9e1e-5ae71b51b571,2026-07-27T04:45:00Z,2026-07-27T06:45:00+0200,7676.63,MW,BE,BE,actual_load,Actual Load,2026-08-02T04:32:23Z
2026-08-02T04:32:20Z,2026-08-02T06:32:20+0200,7aafc1bd-8364-45d6-9e1e-5ae71b51b571,2026-07-27T05:00:00Z,2026-07-27T07:00:00+0200,7775.32,MW,BE,BE,actual_load,Actual Load,2026-08-02T04:32:23Z
2026-08-02T04:32:20Z,2026-08-02T06:32:20+0200,7aafc1bd-8364-45d6-9e1e-5ae71b51b571,2026-07-27T05:15:00Z,2026-07-27T07:15:00+0200,7980.81,MW,BE,BE,actual_load,Actual Load,2026-08-02T04:32:23Z
2026-08-02T04:32:20Z,2026-08-02T06:32:20+0200,7aafc1bd-8364-45d6-9e1e-5ae71b51b571,2026-07-27T05:30:00Z,2026-07-27T07:30:00+0200,8209.5,MW,BE,BE,actual_load,Actual Load,2026-08-02T04:32:23Z
2026-08-02T04:32:20Z,2026-08-02T06:32:20+0200,7aafc1bd-8364-45d6-9e1e-5ae71b51b571,2026-07-27T05:45:00Z,2026-07-27T07:45:00+0200,8327.47,MW,BE,BE,actual_load,Actual Load,2026-08-02T04:32:23Z
2026-08-02T04:32:20Z,2026-08-02T06:32:20+0200,7aafc1bd-8364-45d6-9e1e-5ae71b51b571,2026-07-27T06:00:00Z,2026-07-27T08:00:00+0200,8336.17,MW,BE,BE,actual_load,Actual Load,2026-08-02T04:32:23Z
2026-08-02T04:32:20Z,2026-08-02T06:32:20+0200,7aafc1bd-8364-45d6-9e1e-5ae71b51b571,2026-07-27T06:15:00Z,2026-07-27T08:15:00+0200,8458.01,MW,BE,BE,actual_load,Actual Load,2026-08-02T04:32:23Z
2026-08-02T04:32:20Z,2026-08-02T06:32:20+0200,7aafc1bd-8364-45d6-9e1e-5ae71b51b571,2026-07-27T06:30:00Z,2026-07-27T08:30:00+0200,8691.74,MW,BE,BE,actual_load,Actual Load,2026-08-02T04:32:23Z
2026-08-02T04:32:20Z,2026-08-02T06:32:20+0200,7aafc1bd-8364-45d6-9e1e-5ae71b51b571,2026-07-27T06:45:00Z,2026-07-27T08:45:00+0200,8888.96,MW,BE,BE,actual_load,Actual Load,2026-08-02T04:32:23Z
2026-08-02T04:32:20Z,2026-08-02T06:32:20+0200,7aafc1bd-8364-45d6-9e1e-5ae71b51b571,2026-07-27T07:00:00Z,2026-07-27T09:00:00+0200,8977.02,MW,BE,BE,actual_load,Actual Load,2026-08-02T04:32:23Z
2026-08-02T04:32:20Z,2026-08-02T06:32:20+0200,7aafc1bd-8364-45d6-9e1e-5ae71b51b571,2026-07-27T07:15:00Z,2026-07-27T09:15:00+0200,9038.32,MW,BE,BE,actual_load,Actual Load,2026-08-02T04:32:23Z
2026-08-02T04:32:20Z,2026-08-02T06:32:20+0200,7aafc1bd-8364-45d6-9e1e-5ae71b51b571,2026-07-27T07:30:00Z,2026-07-27T09:30:00+0200,9129.41,MW,BE,BE,actual_load,Actual Load,2026-08-02T04:32:23Z
2026-08-02T04:32:20Z,2026-08-02T06:32:20+0200,7aafc1bd-8364-45d6-9e1e-5ae71b51b571,2026-07-27T07:45:00Z,2026-07-27T09:45:00+0200,9113.36,MW,BE,BE,actual_load,Actual Load,2026-08-02T04:32:23Z
2026-08-02T04:32:20Z,2026-08-02T06:32:20+0200,7aafc1bd-8364-45d6-9e1e-5ae71b51b571,2026-07-27T08:00:00Z,2026-07-27T10:00:00+0200,9088.5,MW,BE,BE,actual_load,Actual Load,2026-08-02T04:32:23Z
2026-08-02T04:32:20Z,2026-08-02T06:32:20+0200,7aafc1bd-8364-45d6-9e1e-5ae71b51b571,2026-07-27T08:15:00Z,2026-07-27T10:15:00+0200,9139.69,MW,BE,BE,actual_load,Actual Load,2026-08-02T04:32:23Z
2026-08-02T04:32:20Z,2026-08-02T06:32:20+0200,7aafc1bd-8364-45d6-9e1e-5ae71b51b571,2026-07-27T08:30:00Z,2026-07-27T10:30:00+0200,9198.97,MW,BE,BE,actual_load,Actual Load,2026-08-02T04:32:23Z
2026-08-02T04:32:20Z,2026-08-02T06:32:20+0200,7aafc1bd-8364-45d6-9e1e-5ae71b51b571,2026-07-27T08:45:00Z,2026-07-27T10:45:00+0200,9275.18,MW,BE,BE,actual_load,Actual Load,2026-08-02T04:32:23Z
2026-08-02T04:32:20Z,2026-08-02T06:32:20+0200,7aafc1bd-8364-45d6-9e1e-5ae71b51b571,2026-07-27T09:00:00Z,2026-07-27T11:00:00+0200,9202.97,MW,BE,BE,actual_load,Actual Load,2026-08-02T04:32:23Z
2026-08-02T04:32:20Z,2026-08-02T06:32:20+0200,7aafc1bd-8364-45d6-9e1e-5ae71b51b571,2026-07-27T09:15:00Z,2026-07-27T11:15:00+0200,9199.93,MW,BE,BE,actual_load,Actual Load,2026-08-02T04:32:23Z
2026-08-02T04:32:20Z,2026-08-02T06:32:20+0200,7aafc1bd-8364-45d6-9e1e-5ae71b51b571,2026-07-27T09:30:00Z,2026-07-27T11:30:00+0200,9324.42,MW,BE,BE,actual_load,Actual Load,2026-08-02T04:32:23Z
2026-08-02T04:32:20Z,2026-08-02T06:32:20+0200,7aafc1bd-8364-45d6-9e1e-5ae71b51b571,2026-07-27T09:45:00Z,2026-07-27T11:45:00+0200,9636.45,MW,BE,BE,actual_load,Actual Load,2026-08-02T04:32:23Z
2026-08-02T04:32:20Z,2026-08-02T06:32:20+0200,7aafc1bd-8364-45d6-9e1e-5ae71b51b571,2026-07-27T10:00:00Z,2026-07-27T12:00:00+0200,9766.63,MW,BE,BE,actual_load,Actual Load,2026-08-02T04:32:23Z
2026-08-02T04:32:20Z,2026-08-02T06:32:20+0200,7aafc1bd-8364-45d6-9e1e-5ae71b51b571,2026-07-27T10:15:00Z,2026-07-27T12:15:00+0200,9587.87,MW,BE,BE,actual_load,Actual Load,2026-08-02T04:32:23Z
2026-08-02T04:32:20Z,2026-08-02T06:32:20+0200,7aafc1bd-8364-45d6-9e1e-5ae71b51b571,2026-07-27T10:30:00Z,2026-07-27T12:30:00+0200,9390.32,MW,BE,BE,actual_load,Actual Load,2026-08-02T04:32:23Z
2026-08-02T04:32:20Z,2026-08-02T06:32:20+0200,7aafc1bd-8364-45d6-9e1e-5ae71b51b571,2026-07-27T10:45:00Z,2026-07-27T12:45:00+0200,9331.55,MW,BE,BE,actual_load,Actual Load,2026-08-02T04:32:23Z
2026-08-02T04:32:20Z,2026-08-02T06:32:20+0200,7aafc1bd-8364-45d6-9e1e-5ae71b51b571,2026-07-27T11:00:00Z,2026-07-27T13:00:00+0200,9389.8,MW,BE,BE,actual_load,Actual Load,2026-08-02T04:32:23Z
2026-08-02T04:32:20Z,2026-08-02T06:32:20+0200,7aafc1bd-8364-45d6-9e1e-5ae71b51b571,2026-07-27T11:15:00Z,2026-07-27T13:15:00+0200,9385.94,MW,BE,BE,actual_load,Actual Load,2026-08-02T04:32:23Z
2026-08-02T04:32:20Z,2026-08-02T06:32:20+0200,7aafc1bd-8364-45d6-9e1e-5ae71b51b571,2026-07-27T11:30:00Z,2026-07-27T13:30:00+0200,9437.77,MW,BE,BE,actual_load,Actual Load,2026-08-02T04:32:23Z
2026-08-02T04:32:20Z,2026-08-02T06:32:20+0200,7aafc1bd-8364-45d6-9e1e-5ae71b51b571,2026-07-27T11:45:00Z,2026-07-27T13:45:00+0200,9356.15,MW,BE,BE,actual_load,Actual Load,2026-08-02T04:32:23Z
2026-08-02T04:32:20Z,2026-08-02T06:32:20+0200,7aafc1bd-8364-45d6-9e1e-5ae71b51b571,2026-07-27T12:00:00Z,2026-07-27T14:00:00+0200,9403.1,MW,BE,BE,actual_load,Actual Load,2026-08-02T04:32:23Z
2026-08-02T04:32:20Z,2026-08-02T06:32:20+0200,7aafc1bd-8364-45d6-9e1e-5ae71b51b571,2026-07-27T12:15:00Z,2026-07-27T14:15:00+0200,9380.91,MW,BE,BE,actual_load,Actual Load,2026-08-02T04:32:23Z
2026-08-02T04:32:20Z,2026-08-02T06:32:20+0200,7aafc1bd-8364-45d6-9e1e-5ae71b51b571,2026-07-27T12:30:00Z,2026-07-27T14:30:00+0200,9615.82,MW,BE,BE,actual_load,Actual Load,2026-08-02T04:32:23Z
2026-08-02T04:32:20Z,2026-08-02T06:32:20+0200,7aafc1bd-8364-45d6-9e1e-5ae71b51b571,2026-07-27T12:45:00Z,2026-07-27T14:45:00+0200,9502.66,MW,BE,BE,actual_load,Actual Load,2026-08-02T04:32:23Z
2026-08-02T04:32:20Z,2026-08-02T06:32:20+0200,7aafc1bd-8364-45d6-9e1e-5ae71b51b571,2026-07-27T13:00:00Z,2026-07-27T15:00:00+0200,9335.86,MW,BE,BE,actual_load,Actual Load,2026-08-02T04:32:23Z
2026-08-02T04:32:20Z,2026-08-02T06:32:20+0200,7aafc1bd-8364-45d6-9e1e-5ae71b51b571,2026-07-27T13:15:00Z,2026-07-27T15:15:00+0200,9295.62,MW,BE,BE,actual_load,Actual Load,2026-08-02T04:32:23Z
2026-08-02T04:32:20Z,2026-08-02T06:32:20+0200,7aafc1bd-8364-45d6-9e1e-5ae71b51b571,2026-07-27T13:30:00Z,2026-07-27T15:30:00+0200,9236.84,MW,BE,BE,actual_load,Actual Load,2026-08-02T04:32:23Z
2026-08-02T04:32:20Z,2026-08-02T06:32:20+0200,7aafc1bd-8364-45d6-9e1e-5ae71b51b571,2026-07-27T13:45:00Z,2026-07-27T15:45:00+0200,9217.44,MW,BE,BE,actual_load,Actual Load,2026-08-02T04:32:23Z
2026-08-02T04:32:20Z,2026-08-02T06:32:20+0200,7aafc1bd-8364-45d6-9e1e-5ae71b51b571,2026-07-27T14:00:00Z,2026-07-27T16:00:00+0200,9185.91,MW,BE,BE,actual_load,Actual Load,2026-08-02T04:32:23Z
2026-08-02T04:32:20Z,2026-08-02T06:32:20+0200,7aafc1bd-8364-45d6-9e1e-5ae71b51b571,2026-07-27T14:15:00Z,2026-07-27T16:15:00+0200,8877.99,MW,BE,BE,actual_load,Actual Load,2026-08-02T04:32:23Z
2026-08-02T04:32:20Z,2026-08-02T06:32:20+0200,7aafc1bd-8364-45d6-9e1e-5ae71b51b571,2026-07-27T14:30:00Z,2026-07-27T16:30:00+0200,8783.37,MW,BE,BE,actual_load,Actual Load,2026-08-02T04:32:23Z
2026-08-02T04:32:20Z,2026-08-02T06:32:20+0200,7aafc1bd-8364-45d6-9e1e-5ae71b51b571,2026-07-27T14:45:00Z,2026-07-27T16:45:00+0200,8733.14,MW,BE,BE,actual_load,Actual Load,2026-08-02T04:32:23Z
2026-08-02T04:32:20Z,2026-08-02T06:32:20+0200,7aafc1bd-8364-45d6-9e1e-5ae71b51b571,2026-07-27T15:00:00Z,2026-07-27T17:00:00+0200,8619.99,MW,BE,BE,actual_load,Actual Load,2026-08-02T04:32:23Z
2026-08-02T04:32:20Z,2026-08-02T06:32:20+0200,7aafc1bd-8364-45d6-9e1e-5ae71b51b571,2026-07-27T15:15:00Z,2026-07-27T17:15:00+0200,8683.01,MW,BE,BE,actual_load,Actual Load,2026-08-02T04:32:23Z
2026-08-02T04:32:20Z,2026-08-02T06:32:20+0200,7aafc1bd-8364-45d6-9e1e-5ae71b51b571,2026-07-27T15:30:00Z,2026-07-27T17:30:00+0200,8773.27,MW,BE,BE,actual_load,Actual Load,2026-08-02T04:32:23Z
2026-08-02T04:32:20Z,2026-08-02T06:32:20+0200,7aafc1bd-8364-45d6-9e1e-5ae71b51b571,2026-07-27T15:45:00Z,2026-07-27T17:45:00+0200,8843.04,MW,BE,BE,actual_load,Actual Load,2026-08-02T04:32:23Z
2026-08-02T04:32:20Z,2026-08-02T06:32:20+0200,7aafc1bd-8364-45d6-9e1e-5ae71b51b571,2026-07-27T16:00:00Z,2026-07-27T18:00:00+0200,8868.06,MW,BE,BE,actual_load,Actual Load,2026-08-02T04:32:23Z
2026-08-02T04:32:20Z,2026-08-02T06:32:20+0200,7aafc1bd-8364-45d6-9e1e-5ae71b51b571,2026-07-27T16:15:00Z,2026-07-27T18:15:00+0200,8799.24,MW,BE,BE,actual_load,Actual Load,2026-08-02T04:32:23Z
2026-08-02T04:32:20Z,2026-08-02T06:32:20+0200,7aafc1bd-8364-45d6-9e1e-5ae71b51b571,2026-07-27T16:30:00Z,2026-07-27T18:30:00+0200,8748.08,MW,BE,BE,actual_load,Actual Load,2026-08-02T04:32:23Z
2026-08-02T04:32:20Z,2026-08-02T06:32:20+0200,7aafc1bd-8364-45d6-9e1e-5ae71b51b571,2026-07-27T16:45:00Z,2026-07-27T18:45:00+0200,8624.41,MW,BE,BE,actual_load,Actual Load,2026-08-02T04:32:23Z
2026-08-02T04:32:20Z,2026-08-02T06:32:20+0200,7aafc1bd-8364-45d6-9e1e-5ae71b51b571,2026-07-27T17:00:00Z,2026-07-27T19:00:00+0200,8646.91,MW,BE,BE,actual_load,Actual Load,2026-08-02T04:32:23Z
2026-08-02T04:32:20Z,2026-08-02T06:32:20+0200,7aafc1bd-8364-45d6-9e1e-5ae71b51b571,2026-07-27T17:15:00Z,2026-07-27T19:15:00+0200,8512.98,MW,BE,BE,actual_load,Actual Load,2026-08-02T04:32:23Z
2026-08-02T04:32:20Z,2026-08-02T06:32:20+0200,7aafc1bd-8364-45d6-9e1e-5ae71b51b571,2026-07-27T17:30:00Z,2026-07-27T19:30:00+0200,8516.54,MW,BE,BE,actual_load,Actual Load,2026-08-02T04:32:23Z
2026-08-02T04:32:20Z,2026-08-02T06:32:20+0200,7aafc1bd-8364-45d6-9e1e-5ae71b51b571,2026-07-27T17:45:00Z,2026-07-27T19:45:00+0200,8319.92,MW,BE,BE,actual_load,Actual Load,2026-08-02T04:32:23Z
2026-08-02T04:32:20Z,2026-08-02T06:32:20+0200,7aafc1bd-8364-45d6-9e1e-5ae71b51b571,2026-07-27T18:00:00Z,2026-07-27T20:00:00+0200,8369.55,MW,BE,BE,actual_load,Actual Load,2026-08-02T04:32:23Z
2026-08-02T04:32:20Z,2026-08-02T06:32:20+0200,7aafc1bd-8364-45d6-9e1e-5ae71b51b571,2026-07-27T18:15:00Z,2026-07-27T20:15:00+0200,8339.95,MW,BE,BE,actual_load,Actual Load,2026-08-02T04:32:23Z
2026-08-02T04:32:20Z,2026-08-02T06:32:20+0200,7aafc1bd-8364-45d6-9e1e-5ae71b51b571,2026-07-27T18:30:00Z,2026-07-27T20:30:00+0200,8244.17,MW,BE,BE,actual_load,Actual Load,2026-08-02T04:32:23Z
2026-08-02T04:32:20Z,2026-08-02T06:32:20+0200,7aafc1bd-8364-45d6-9e1e-5ae71b51b571,2026-07-27T18:45:00Z,2026-07-27T20:45:00+0200,8192.79,MW,BE,BE,actual_load,Actual Load,2026-08-02T04:32:23Z
2026-08-02T04:32:20Z,2026-08-02T06:32:20+0200,7aafc1bd-8364-45d6-9e1e-5ae71b51b571,2026-07-27T19:00:00Z,2026-07-27T21:00:00+0200,8151.62,MW,BE,BE,actual_load,Actual Load,2026-08-02T04:32:23Z
2026-08-02T04:32:20Z,2026-08-02T06:32:20+0200,7aafc1bd-8364-45d6-9e1e-5ae71b51b571,2026-07-27T19:15:00Z,2026-07-27T21:15:00+0200,8113.95,MW,BE,BE,actual_load,Actual Load,2026-08-02T04:32:23Z
2026-08-02T04:32:20Z,2026-08-02T06:32:20+0200,7aafc1bd-8364-45d6-9e1e-5ae71b51b571,2026-07-27T19:30:00Z,2026-07-27T21:30:00+0200,8237.28,MW,BE,BE,actual_load,Actual Load,2026-08-02T04:32:23Z
2026-08-02T04:32:20Z,2026-08-02T06:32:20+0200,7aafc1bd-8364-45d6-9e1e-5ae71b51b571,2026-07-27T19:45:00Z,2026-07-27T21:45:00+0200,8326.08,MW,BE,BE,actual_load,Actual Load,2026-08-02T04:32:23Z
2026-08-02T04:32:20Z,2026-08-02T06:32:20+0200,7aafc1bd-8364-45d6-9e1e-5ae71b51b571,2026-07-27T20:00:00Z,2026-07-27T22:00:00+0200,8280.2,MW,BE,BE,actual_load,Actual Load,2026-08-02T04:32:23Z
2026-08-02T04:32:20Z,2026-08-02T06:32:20+0200,7aafc1bd-8364-45d6-9e1e-5ae71b51b571,2026-07-27T20:15:00Z,2026-07-27T22:15:00+0200,8343.89,MW,BE,BE,actual_load,Actual Load,2026-08-02T04:32:23Z
2026-08-02T04:32:20Z,2026-08-02T06:32:20+0200,7aafc1bd-8364-45d6-9e1e-5ae71b51b571,2026-07-27T20:30:00Z,2026-07-27T22:30:00+0200,8247.06,MW,BE,BE,actual_load,Actual Load,2026-08-02T04:32:23Z
2026-08-02T04:32:20Z,2026-08-02T06:32:20+0200,7aafc1bd-8364-45d6-9e1e-5ae71b51b571,2026-07-27T20:45:00Z,2026-07-27T22:45:00+0200,8150.27,MW,BE,BE,actual_load,Actual Load,2026-08-02T04:32:23Z
2026-08-02T04:32:20Z,2026-08-02T06:32:20+0200,7aafc1bd-8364-45d6-9e1e-5ae71b51b571,2026-07-27T21:00:00Z,2026-07-27T23:00:00+0200,8075.89,MW,BE,BE,actual_load,Actual Load,2026-08-02T04:32:23Z
2026-08-02T04:32:20Z,2026-08-02T06:32:20+0200,7aafc1bd-8364-45d6-9e1e-5ae71b51b571,2026-07-27T21:15:00Z,2026-07-27T23:15:00+0200,8006.15,MW,BE,BE,actual_load,Actual Load,2026-08-02T04:32:23Z
2026-08-02T04:32:20Z,2026-08-02T06:32:20+0200,7aafc1bd-8364-45d6-9e1e-5ae71b51b571,2026-07-27T21:30:00Z,2026-07-27T23:30:00+0200,7824.21,MW,BE,BE,actual_load,Actual Load,2026-08-02T04:32:23Z
2026-08-02T04:32:20Z,2026-08-02T06:32:20+0200,7aafc1bd-8364-45d6-9e1e-5ae71b51b571,2026-07-27T21:45:00Z,2026-07-27T23:45:00+0200,7744.4,MW,BE,BE,actual_load,Actual Load,2026-08-02T04:32:23Z
2026-08-02T04:32:20Z,2026-08-02T06:32:20+0200,7aafc1bd-8364-45d6-9e1e-5ae71b51b571,2026-07-27T22:00:00Z,2026-07-28T00:00:00+0200,7462.72,MW,BE,BE,actual_load,Actual Load,2026-08-02T04:32:23Z
2026-08-02T04:32:20Z,2026-08-02T06:32:20+0200,7aafc1bd-8364-45d6-9e1e-5ae71b51b571,2026-07-27T22:15:00Z,2026-07-28T00:15:00+0200,7373.3,MW,BE,BE,actual_load,Actual Load,2026-08-02T04:32:23Z
2026-08-02T04:32:20Z,2026-08-02T06:32:20+0200,7aafc1bd-8364-45d6-9e1e-5ae71b51b571,2026-07-27T22:30:00Z,2026-07-28T00:30:00+0200,7300.44,MW,BE,BE,actual_load,Actual Load,2026-08-02T04:32:23Z
2026-08-02T04:32:20Z,2026-08-02T06:32:20+0200,7aafc1bd-8364-45d6-9e1e-5ae71b51b571,2026-07-27T22:45:00Z,2026-07-28T00:45:00+0200,7248.56,MW,BE,BE,actual_load,Actual Load,2026-08-02T04:32:23Z
2026-08-02T04:32:20Z,2026-08-02T06:32:20+0200,7aafc1bd-8364-45d6-9e1e-5ae71b51b571,2026-07-27T23:00:00Z,2026-07-28T01:00:00+0200,7248.96,MW,BE,BE,actual_load,Actual Load,2026-08-02T04:32:23Z
2026-08-02T04:32:20Z,2026-08-02T06:32:20+0200,7aafc1bd-8364-45d6-9e1e-5ae71b51b571,2026-07-27T23:15:00Z,2026-07-28T01:15:00+0200,7166.24,MW,BE,BE,actual_load,Actual Load,2026-08-02T04:32:23Z
2026-08-02T04:32:20Z,2026-08-02T06:32:20+0200,7aafc1bd-8364-45d6-9e1e-5ae71b51b571,2026-07-27T23:30:00Z,2026-07-28T01:30:00+0200,7148.88,MW,BE,BE,actual_load,Actual Load,2026-08-02T04:32:23Z
2026-08-02T04:32:20Z,2026-08-02T06:32:20+0200,7aafc1bd-8364-45d6-9e1e-5ae71b51b571,2026-07-27T23:45:00Z,2026-07-28T01:45:00+0200,7146.13,MW,BE,BE,actual_load,Actual Load,2026-08-02T04:32:23Z
2026-08-02T04:32:20Z,2026-08-02T06:32:20+0200,7aafc1bd-8364-45d6-9e1e-5ae71b51b571,2026-07-28T00:00:00Z,2026-07-28T02:00:00+0200,7011.35,MW,BE,BE,actual_load,Actual Load,2026-08-02T04:32:23Z
2026-08-02T04:32:20Z,2026-08-02T06:32:20+0200,7aafc1bd-8364-45d6-9e1e-5ae71b51b571,2026-07-28T00:15:00Z,2026-07-28T02:15:00+0200,7004.1,MW,BE,BE,actual_load,Actual Load,2026-08-02T04:32:23Z
2026-08-02T04:32:20Z,2026-08-02T06:32:20+0200,7aafc1bd-8364-45d6-9e1e-5ae71b51b571,2026-07-28T00:30:00Z,2026-07-28T02:30:00+0200,6952.67,MW,BE,BE,actual_load,Actual Load,2026-08-02T04:32:23Z
2026-08-02T04:32:20Z,2026-08-02T06:32:20+0200,7aafc1bd-8364-45d6-9e1e-5ae71b51b571,2026-07-28T00:45:00Z,2026-07-28T02:45:00+0200,6980.8,MW,BE,BE,actual_load,Actual Load,2026-08-02T04:32:23Z
2026-08-02T04:32:20Z,2026-08-02T06:32:20+0200,7aafc1bd-8364-45d6-9e1e-5ae71b51b571,2026-07-28T01:00:00Z,2026-07-28T03:00:00+0200,6958.86,MW,BE,BE,actual_load,Actual Load,2026-08-02T04:32:23Z
2026-08-02T04:32:20Z,2026-08-02T06:32:20+0200,7aafc1bd-8364-45d6-9e1e-5ae71b51b571,2026-07-28T01:15:00Z,2026-07-28T03:15:00+0200,6932.72,MW,BE,BE,actual_load,Actual Load,2026-08-02T04:32:23Z
2026-08-02T04:32:20Z,2026-08-02T06:32:20+0200,7aafc1bd-8364-45d6-9e1e-5ae71b51b571,2026-07-28T01:30:00Z,2026-07-28T03:30:00+0200,6950.57,MW,BE,BE,actual_load,Actual Load,2026-08-02T04:32:23Z
2026-08-02T04:32:20Z,2026-08-02T06:32:20+0200,7aafc1bd-8364-45d6-9e1e-5ae71b51b571,2026-07-28T01:45:00Z,2026-07-28T03:45:00+0200,6960.66,MW,BE,BE,actual_load,Actual Load,2026-08-02T04:32:23Z
2026-08-02T04:32:20Z,2026-08-02T06:32:20+0200,7aafc1bd-8364-45d6-9e1e-5ae71b51b571,2026-07-28T02:00:00Z,2026-07-28T04:00:00+0200,6951.78,MW,BE,BE,actual_load,Actual Load,2026-08-02T04:32:23Z
2026-08-02T04:32:20Z,2026-08-02T06:32:20+0200,7aafc1bd-8364-45d6-9e1e-5ae71b51b571,2026-07-28T02:15:00Z,2026-07-28T04:15:00+0200,7026.63,MW,BE,BE,actual_load,Actual Load,2026-08-02T04:32:23Z
2026-08-02T04:32:20Z,2026-08-02T06:32:20+0200,7aafc1bd-8364-45d6-9e1e-5ae71b51b571,2026-07-28T02:30:00Z,2026-07-28T04:30:00+0200,6998.27,MW,BE,BE,actual_load,Actual Load,2026-08-02T04:32:23Z
2026-08-02T04:32:20Z,2026-08-02T06:32:20+0200,7aafc1bd-8364-45d6-9e1e-5ae71b51b571,2026-07-28T02:45:00Z,2026-07-28T04:45:00+0200,6986.68,MW,BE,BE,actual_load,Actual Load,2026-08-02T04:32:23Z
2026-08-02T04:32:20Z,2026-08-02T06:32:20+0200,7aafc1bd-8364-45d6-9e1e-5ae71b51b571,2026-07-28T03:00:00Z,2026-07-28T05:00:00+0200,7068.69,MW,BE,BE,actual_load,Actual Load,2026-08-02T04:32:23Z
2026-08-02T04:32:20Z,2026-08-02T06:32:20+0200,7aafc1bd-8364-45d6-9e1e-5ae71b51b571,2026-07-28T03:15:00Z,2026-07-28T05:15:00+0200,7067.43,MW,BE,BE,actual_load,Actual Load,2026-08-02T04:32:23Z
2026-08-02T04:32:20Z,2026-08-02T06:32:20+0200,7aafc1bd-8364-45d6-9e1e-5ae71b51b571,2026-07-28T03:30:00Z,2026-07-28T05:30:00+0200,7109.73,MW,BE,BE,actual_load,Actual Load,2026-08-02T04:32:23Z
2026-08-02T04:32:20Z,2026-08-02T06:32:20+0200,7aafc1bd-8364-45d6-9e1e-5ae71b51b571,2026-07-28T03:45:00Z,2026-07-28T05:45:00+0200,7134.98,MW,BE,BE,actual_load,Actual Load,2026-08-02T04:32:23Z
2026-08-02T04:32:20Z,2026-08-02T06:32:20+0200,7aafc1bd-8364-45d6-9e1e-5ae71b51b571,2026-07-28T04:00:00Z,2026-07-28T06:00:00+0200,7244.39,MW,BE,BE,actual_load,Actual Load,2026-08-02T04:32:23Z
2026-08-02T04:32:20Z,2026-08-02T06:32:20+0200,7aafc1bd-8364-45d6-9e1e-5ae71b51b571,2026-07-28T04:15:00Z,2026-07-28T06:15:00+0200,7404.71,MW,BE,BE,actual_load,Actual Load,2026-08-02T04:32:23Z
2026-08-02T04:32:20Z,2026-08-02T06:32:20+0200,7aafc1bd-8364-45d6-9e1e-5ae71b51b571,2026-07-28T04:30:00Z,2026-07-28T06:30:00+0200,7601.06,MW,BE,BE,actual_load,Actual Load,2026-08-02T04:32:23Z
2026-08-02T04:32:20Z,2026-08-02T06:32:20+0200,7aafc1bd-8364-45d6-9e1e-5ae71b51b571,2026-07-28T04:45:00Z,2026-07-28T06:45:00+0200,7715.8,MW,BE,BE,actual_load,Actual Load,2026-08-02T04:32:23Z
2026-08-02T04:32:20Z,2026-08-02T06:32:20+0200,7aafc1bd-8364-45d6-9e1e-5ae71b51b571,2026-07-28T05:00:00Z,2026-07-28T07:00:00+0200,7818.24,MW,BE,BE,actual_load,Actual Load,2026-08-02T04:32:23Z
2026-08-02T04:32:20Z,2026-08-02T06:32:20+0200,7aafc1bd-8364-45d6-9e1e-5ae71b51b571,2026-07-28T05:15:00Z,2026-07-28T07:15:00+0200,8031.04,MW,BE,BE,actual_load,Actual Load,2026-08-02T04:32:23Z
2026-08-02T04:32:20Z,2026-08-02T06:32:20+0200,7aafc1bd-8364-45d6-9e1e-5ae71b51b571,2026-07-28T05:30:00Z,2026-07-28T07:30:00+0200,8261.76,MW,BE,BE,actual_load,Actual Load,2026-08-02T04:32:23Z
2026-08-02T04:32:20Z,2026-08-02T06:32:20+0200,7aafc1bd-8364-45d6-9e1e-5ae71b51b571,2026-07-28T05:45:00Z,2026-07-28T07:45:00+0200,8401.03,MW,BE,BE,actual_load,Actual Load,2026-08-02T04:32:23Z
2026-08-02T04:32:20Z,2026-08-02T06:32:20+0200,7aafc1bd-8364-45d6-9e1e-5ae71b51b571,2026-07-28T06:00:00Z,2026-07-28T08:00:00+0200,8477.94,MW,BE,BE,actual_load,Actual Load,2026-08-02T04:32:23Z
2026-08-02T04:32:20Z,2026-08-02T06:32:20+0200,7aafc1bd-8364-45d6-9e1e-5ae71b51b571,2026-07-28T06:15:00Z,2026-07-28T08:15:00+0200,8638.79,MW,BE,BE,actual_load,Actual Load,2026-08-02T04:32:23Z
2026-08-02T04:32:20Z,2026-08-02T06:32:20+0200,7aafc1bd-8364-45d6-9e1e-5ae71b51b571,2026-07-28T06:30:00Z,2026-07-28T08:30:00+0200,8805.88,MW,BE,BE,actual_load,Actual Load,2026-08-02T04:32:23Z
2026-08-02T04:32:20Z,2026-08-02T06:32:20+0200,7aafc1bd-8364-45d6-9e1e-5ae71b51b571,2026-07-28T06:45:00Z,2026-07-28T08:45:00+0200,8905.03,MW,BE,BE,actual_load,Actual Load,2026-08-02T04:32:23Z
2026-08-02T04:32:20Z,2026-08-02T06:32:20+0200,7aafc1bd-8364-45d6-9e1e-5ae71b51b571,2026-07-28T07:00:00Z,2026-07-28T09:00:00+0200,8948.23,MW,BE,BE,actual_load,Actual Load,2026-08-02T04:32:23Z
2026-08-02T04:32:20Z,2026-08-02T06:32:20+0200,7aafc1bd-8364-45d6-9e1e-5ae71b51b571,2026-07-28T07:15:00Z,2026-07-28T09:15:00+0200,9105.8,MW,BE,BE,actual_load,Actual Load,2026-08-02T04:32:23Z
2026-08-02T04:32:20Z,2026-08-02T06:32:20+0200,7aafc1bd-8364-45d6-9e1e-5ae71b51b571,2026-07-28T07:30:00Z,2026-07-28T09:30:00+0200,9263.61,MW,BE,BE,actual_load,Actual Load,2026-08-02T04:32:23Z
2026-08-02T04:32:20Z,2026-08-02T06:32:20+0200,7aafc1bd-8364-45d6-9e1e-5ae71b51b571,2026-07-28T07:45:00Z,2026-07-28T09:45:00+0200,9288.23,MW,BE,BE,actual_load,Actual Load,2026-08-02T04:32:23Z
2026-08-02T04:32:20Z,2026-08-02T06:32:20+0200,7aafc1bd-8364-45d6-9e1e-5ae71b51b571,2026-07-28T08:00:00Z,2026-07-28T10:00:00+0200,9325.08,MW,BE,BE,actual_load,Actual Load,2026-08-02T04:32:23Z
2026-08-02T04:32:20Z,2026-08-02T06:32:20+0200,7aafc1bd-8364-45d6-9e1e-5ae71b51b571,2026-07-28T08:15:00Z,2026-07-28T10:15:00+0200,9569.28,MW,BE,BE,actual_load,Actual Load,2026-08-02T04:32:23Z
2026-08-02T04:32:20Z,2026-08-02T06:32:20+0200,7aafc1bd-8364-45d6-9e1e-5ae71b51b571,2026-07-28T08:30:00Z,2026-07-28T10:30:00+0200,9662.77,MW,BE,BE,actual_load,Actual Load,2026-08-02T04:32:23Z
2026-08-02T04:32:20Z,2026-08-02T06:32:20+0200,7aafc1bd-8364-45d6-9e1e-5ae71b51b571,2026-07-28T08:45:00Z,2026-07-28T10:45:00+0200,9858.93,MW,BE,BE,actual_load,Actual Load,2026-08-02T04:32:23Z
2026-08-02T04:32:20Z,2026-08-02T06:32:20+0200,7aafc1bd-8364-45d6-9e1e-5ae71b51b571,2026-07-28T09:00:00Z,2026-07-28T11:00:00+0200,9886.95,MW,BE,BE,actual_load,Actual Load,2026-08-02T04:32:23Z
2026-08-02T04:32:20Z,2026-08-02T06:32:20+0200,7aafc1bd-8364-45d6-9e1e-5ae71b51b571,2026-07-28T09:15:00Z,2026-07-28T11:15:00+0200,9962.01,MW,BE,BE,actual_load,Actual Load,2026-08-02T04:32:23Z
2026-08-02T04:32:20Z,2026-08-02T06:32:20+0200,7aafc1bd-8364-45d6-9e1e-5ae71b51b571,2026-07-28T09:30:00Z,2026-07-28T11:30:00+0200,10187.97,MW,BE,BE,actual_load,Actual Load,2026-08-02T04:32:23Z
2026-08-02T04:32:20Z,2026-08-02T06:32:20+0200,7aafc1bd-8364-45d6-9e1e-5ae71b51b571,2026-07-28T09:45:00Z,2026-07-28T11:45:00+0200,10212.86,MW,BE,BE,actual_load,Actual Load,2026-08-02T04:32:23Z
2026-08-02T04:32:20Z,2026-08-02T06:32:20+0200,7aafc1bd-8364-45d6-9e1e-5ae71b51b571,2026-07-28T10:00:00Z,2026-07-28T12:00:00+0200,10232.93,MW,BE,BE,actual_load,Actual Load,2026-08-02T04:32:23Z
2026-08-02T04:32:20Z,2026-08-02T06:32:20+0200,7aafc1bd-8364-45d6-9e1e-5ae71b51b571,2026-07-28T10:15:00Z,2026-07-28T12:15:00+0200,10291.09,MW,BE,BE,actual_load,Actual Load,2026-08-02T04:32:23Z
2026-08-02T04:32:20Z,2026-08-02T06:32:20+0200,7aafc1bd-8364-45d6-9e1e-5ae71b51b571,2026-07-28T10:30:00Z,2026-07-28T12:30:00+0200,10381.58,MW,BE,BE,actual_load,Actual Load,2026-08-02T04:32:23Z
2026-08-02T04:32:20Z,2026-08-02T06:32:20+0200,7aafc1bd-8364-45d6-9e1e-5ae71b51b571,2026-07-28T10:45:00Z,2026-07-28T12:45:00+0200,10367.97,MW,BE,BE,actual_load,Actual Load,2026-08-02T04:32:23Z
2026-08-02T04:32:20Z,2026-08-02T06:32:20+0200,7aafc1bd-8364-45d6-9e1e-5ae71b51b571,2026-07-28T11:00:00Z,2026-07-28T13:00:00+0200,10373.19,MW,BE,BE,actual_load,Actual Load,2026-08-02T04:32:23Z
2026-08-02T04:32:20Z,2026-08-02T06:32:20+0200,7aafc1bd-8364-45d6-9e1e-5ae71b51b571,2026-07-28T11:15:00Z,2026-07-28T13:15:00+0200,10444.94,MW,BE,BE,actual_load,Actual Load,2026-08-02T04:32:23Z
2026-08-02T04:32:20Z,2026-08-02T06:32:20+0200,7aafc1bd-8364-45d6-9e1e-5ae71b51b571,2026-07-28T11:30:00Z,2026-07-28T13:30:00+0200,10420.99,MW,BE,BE,actual_load,Actual Load,2026-08-02T04:32:23Z
2026-08-02T04:32:20Z,2026-08-02T06:32:20+0200,7aafc1bd-8364-45d6-9e1e-5ae71b51b571,2026-07-28T11:45:00Z,2026-07-28T13:45:00+0200,10440.24,MW,BE,BE,actual_load,Actual Load,2026-08-02T04:32:23Z
2026-08-02T04:32:20Z,2026-08-02T06:32:20+0200,7aafc1bd-8364-45d6-9e1e-5ae71b51b571,2026-07-28T12:00:00Z,2026-07-28T14:00:00+0200,10322.84,MW,BE,BE,actual_load,Actual Load,2026-08-02T04:32:23Z
2026-08-02T04:32:20Z,2026-08-02T06:32:20+0200,7aafc1bd-8364-45d6-9e1e-5ae71b51b571,2026-07-28T12:15:00Z,2026-07-28T14:15:00+0200,10267.99,MW,BE,BE,actual_load,Actual Load,2026-08-02T04:32:23Z
2026-08-02T04:32:20Z,2026-08-02T06:32:20+0200,7aafc1bd-8364-45d6-9e1e-5ae71b51b571,2026-07-28T12:30:00Z,2026-07-28T14:30:00+0200,10249.06,MW,BE,BE,actual_load,Actual Load,2026-08-02T04:32:23Z
2026-08-02T04:32:20Z,2026-08-02T06:32:20+0200,7aafc1bd-8364-45d6-9e1e-5ae71b51b571,2026-07-28T12:45:00Z,2026-07-28T14:45:00+0200,10178.43,MW,BE,BE,actual_load,Actual Load,2026-08-02T04:32:23Z
2026-08-02T04:32:20Z,2026-08-02T06:32:20+0200,7aafc1bd-8364-45d6-9e1e-5ae71b51b571,2026-07-28T13:00:00Z,2026-07-28T15:00:00+0200,10220.29,MW,BE,BE,actual_load,Actual Load,2026-08-02T04:32:23Z
2026-08-02T04:32:20Z,2026-08-02T06:32:20+0200,7aafc1bd-8364-45d6-9e1e-5ae71b51b571,2026-07-28T13:15:00Z,2026-07-28T15:15:00+0200,10102.95,MW,BE,BE,actual_load,Actual Load,2026-08-02T04:32:23Z
2026-08-02T04:32:20Z,2026-08-02T06:32:20+0200,7aafc1bd-8364-45d6-9e1e-5ae71b51b571,2026-07-28T13:30:00Z,2026-07-28T15:30:00+0200,9964.84,MW,BE,BE,actual_load,Actual Load,2026-08-02T04:32:23Z
2026-08-02T04:32:20Z,2026-08-02T06:32:20+0200,7aafc1bd-8364-45d6-9e1e-5ae71b51b571,2026-07-28T13:45:00Z,2026-07-28T15:45:00+0200,9905.47,MW,BE,BE,actual_load,Actual Load,2026-08-02T04:32:23Z
2026-08-02T04:32:20Z,2026-08-02T06:32:20+0200,7aafc1bd-8364-45d6-9e1e-5ae71b51b571,2026-07-28T14:00:00Z,2026-07-28T16:00:00+0200,9723.69,MW,BE,BE,actual_load,Actual Load,2026-08-02T04:32:23Z
2026-08-02T04:32:20Z,2026-08-02T06:32:20+0200,7aafc1bd-8364-45d6-9e1e-5ae71b51b571,2026-07-28T14:15:00Z,2026-07-28T16:15:00+0200,9597.8,MW,BE,BE,actual_load,Actual Load,2026-08-02T04:32:23Z
2026-08-02T04:32:20Z,2026-08-02T06:32:20+0200,7aafc1bd-8364-45d6-9e1e-5ae71b51b571,2026-07-28T14:30:00Z,2026-07-28T16:30:00+0200,9475.71,MW,BE,BE,actual_load,Actual Load,2026-08-02T04:32:23Z
2026-08-02T04:32:20Z,2026-08-02T06:32:20+0200,7aafc1bd-8364-45d6-9e1e-5ae71b51b571,2026-07-28T14:45:00Z,2026-07-28T16:45:00+0200,9475.37,MW,BE,BE,actual_load,Actual Load,2026-08-02T04:32:23Z
2026-08-02T04:32:20Z,2026-08-02T06:32:20+0200,7aafc1bd-8364-45d6-9e1e-5ae71b51b571,2026-07-28T15:00:00Z,2026-07-28T17:00:00+0200,9220.62,MW,BE,BE,actual_load,Actual Load,2026-08-02T04:32:23Z
2026-08-02T04:32:20Z,2026-08-02T06:32:20+0200,7aafc1bd-8364-45d6-9e1e-5ae71b51b571,2026-07-28T15:15:00Z,2026-07-28T17:15:00+0200,9162.73,MW,BE,BE,actual_load,Actual Load,2026-08-02T04:32:23Z
2026-08-02T04:32:20Z,2026-08-02T06:32:20+0200,7aafc1bd-8364-45d6-9e1e-5ae71b51b571,2026-07-28T15:30:00Z,2026-07-28T17:30:00+0200,9141.79,MW,BE,BE,actual_load,Actual Load,2026-08-02T04:32:23Z
2026-08-02T04:32:20Z,2026-08-02T06:32:20+0200,7aafc1bd-8364-45d6-9e1e-5ae71b51b571,2026-07-28T15:45:00Z,2026-07-28T17:45:00+0200,9103.54,MW,BE,BE,actual_load,Actual Load,2026-08-02T04:32:23Z
2026-08-02T04:32:20Z,2026-08-02T06:32:20+0200,7aafc1bd-8364-45d6-9e1e-5ae71b51b571,2026-07-28T16:00:00Z,2026-07-28T18:00:00+0200,9123.01,MW,BE,BE,actual_load,Actual Load,2026-08-02T04:32:23Z
2026-08-02T04:32:20Z,2026-08-02T06:32:20+0200,7aafc1bd-8364-45d6-9e1e-5ae71b51b571,2026-07-28T16:15:00Z,2026-07-28T18:15:00+0200,9057.82,MW,BE,BE,actual_load,Actual Load,2026-08-02T04:32:23Z
2026-08-02T04:32:20Z,2026-08-02T06:32:20+0200,7aafc1bd-8364-45d6-9e1e-5ae71b51b571,2026-07-28T16:30:00Z,2026-07-28T18:30:00+0200,9057.9,MW,BE,BE,actual_load,Actual Load,2026-08-02T04:32:23Z
2026-08-02T04:32:20Z,2026-08-02T06:32:20+0200,7aafc1bd-8364-45d6-9e1e-5ae71b51b571,2026-07-28T16:45:00Z,2026-07-28T18:45:00+0200,9071.64,MW,BE,BE,actual_load,Actual Load,2026-08-02T04:32:23Z
2026-08-02T04:32:20Z,2026-08-02T06:32:20+0200,7aafc1bd-8364-45d6-9e1e-5ae71b51b571,2026-07-28T17:00:00Z,2026-07-28T19:00:00+0200,9037.31,MW,BE,BE,actual_load,Actual Load,2026-08-02T04:32:23Z
2026-08-02T04:32:20Z,2026-08-02T06:32:20+0200,7aafc1bd-8364-45d6-9e1e-5ae71b51b571,2026-07-28T17:15:00Z,2026-07-28T19:15:00+0200,9014.7,MW,BE,BE,actual_load,Actual Load,2026-08-02T04:32:23Z
2026-08-02T04:32:20Z,2026-08-02T06:32:20+0200,7aafc1bd-8364-45d6-9e1e-5ae71b51b571,2026-07-28T17:30:00Z,2026-07-28T19:30:00+0200,9151.15,MW,BE,BE,actual_load,Actual Load,2026-08-02T04:32:23Z
2026-08-02T04:32:20Z,2026-08-02T06:32:20+0200,7aafc1bd-8364-45d6-9e1e-5ae71b51b571,2026-07-28T17:45:00Z,2026-07-28T19:45:00+0200,9096.34,MW,BE,BE,actual_load,Actual Load,2026-08-02T04:32:23Z
2026-08-02T04:32:20Z,2026-08-02T06:32:20+0200,7aafc1bd-8364-45d6-9e1e-5ae71b51b571,2026-07-28T18:00:00Z,2026-07-28T20:00:00+0200,9067.49,MW,BE,BE,actual_load,Actual Load,2026-08-02T04:32:23Z
2026-08-02T04:32:20Z,2026-08-02T06:32:20+0200,7aafc1bd-8364-45d6-9e1e-5ae71b51b571,2026-07-28T18:15:00Z,2026-07-28T20:15:00+0200,8944.86,MW,BE,BE,actual_load,Actual Load,2026-08-02T04:32:23Z
2026-08-02T04:32:20Z,2026-08-02T06:32:20+0200,7aafc1bd-8364-45d6-9e1e-5ae71b51b571,2026-07-28T18:30:00Z,2026-07-28T20:30:00+0200,8666.66,MW,BE,BE,actual_load,Actual Load,2026-08-02T04:32:23Z
2026-08-02T04:32:20Z,2026-08-02T06:32:20+0200,7aafc1bd-8364-45d6-9e1e-5ae71b51b571,2026-07-28T18:45:00Z,2026-07-28T20:45:00+0200,8534.52,MW,BE,BE,actual_load,Actual Load,2026-08-02T04:32:23Z
2026-08-02T04:32:20Z,2026-08-02T06:32:20+0200,7aafc1bd-8364-45d6-9e1e-5ae71b51b571,2026-07-28T19:00:00Z,2026-07-28T21:00:00+0200,8466.0,MW,BE,BE,actual_load,Actual Load,2026-08-02T04:32:23Z
2026-08-02T04:32:20Z,2026-08-02T06:32:20+0200,7aafc1bd-8364-45d6-9e1e-5ae71b51b571,2026-07-28T19:15:00Z,2026-07-28T21:15:00+0200,8432.21,MW,BE,BE,actual_load,Actual Load,2026-08-02T04:32:23Z
2026-08-02T04:32:20Z,2026-08-02T06:32:20+0200,7aafc1bd-8364-45d6-9e1e-5ae71b51b571,2026-07-28T19:30:00Z,2026-07-28T21:30:00+0200,8497.7,MW,BE,BE,actual_load,Actual Load,2026-08-02T04:32:23Z
2026-08-02T04:32:20Z,2026-08-02T06:32:20+0200,7aafc1bd-8364-45d6-9e1e-5ae71b51b571,2026-07-28T19:45:00Z,2026-07-28T21:45:00+0200,8606.7,MW,BE,BE,actual_load,Actual Load,2026-08-02T04:32:23Z
2026-08-02T04:32:20Z,2026-08-02T06:32:20+0200,7aafc1bd-8364-45d6-9e1e-5ae71b51b571,2026-07-28T20:00:00Z,2026-07-28T22:00:00+0200,8570.87,MW,BE,BE,actual_load,Actual Load,2026-08-02T04:32:23Z
2026-08-02T04:32:20Z,2026-08-02T06:32:20+0200,7aafc1bd-8364-45d6-9e1e-5ae71b51b571,2026-07-28T20:15:00Z,2026-07-28T22:15:00+0200,8523.86,MW,BE,BE,actual_load,Actual Load,2026-08-02T04:32:23Z
2026-08-02T04:32:20Z,2026-08-02T06:32:20+0200,7aafc1bd-8364-45d6-9e1e-5ae71b51b571,2026-07-28T20:30:00Z,2026-07-28T22:30:00+0200,8400.61,MW,BE,BE,actual_load,Actual Load,2026-08-02T04:32:23Z
2026-08-02T04:32:20Z,2026-08-02T06:32:20+0200,7aafc1bd-8364-45d6-9e1e-5ae71b51b571,2026-07-28T20:45:00Z,2026-07-28T22:45:00+0200,8437.41,MW,BE,BE,actual_load,Actual Load,2026-08-02T04:32:23Z
2026-08-02T04:32:20Z,2026-08-02T06:32:20+0200,7aafc1bd-8364-45d6-9e1e-5ae71b51b571,2026-07-28T21:00:00Z,2026-07-28T23:00:00+0200,8359.5,MW,BE,BE,actual_load,Actual Load,2026-08-02T04:32:23Z
2026-08-02T04:32:20Z,2026-08-02T06:32:20+0200,7aafc1bd-8364-45d6-9e1e-5ae71b51b571,2026-07-28T21:15:00Z,2026-07-28T23:15:00+0200,8316.36,MW,BE,BE,actual_load,Actual Load,2026-08-02T04:32:23Z
2026-08-02T04:32:20Z,2026-08-02T06:32:20+0200,7aafc1bd-8364-45d6-9e1e-5ae71b51b571,2026-07-28T21:30:00Z,2026-07-28T23:30:00+0200,8171.44,MW,BE,BE,actual_load,Actual Load,2026-08-02T04:32:23Z
2026-08-02T04:32:20Z,2026-08-02T06:32:20+0200,7aafc1bd-8364-45d6-9e1e-5ae71b51b571,2026-07-28T21:45:00Z,2026-07-28T23:45:00+0200,8060.63,MW,BE,BE,actual_load,Actual Load,2026-08-02T04:32:23Z
2026-08-02T04:32:20Z,2026-08-02T06:32:20+0200,7aafc1bd-8364-45d6-9e1e-5ae71b51b571,2026-07-28T22:00:00Z,2026-07-29T00:00:00+0200,7801.48,MW,BE,BE,actual_load,Actual Load,2026-08-02T04:32:23Z
2026-08-02T04:32:20Z,2026-08-02T06:32:20+0200,7aafc1bd-8364-45d6-9e1e-5ae71b51b571,2026-07-28T22:15:00Z,2026-07-29T00:15:00+0200,7703.91,MW,BE,BE,actual_load,Actual Load,2026-08-02T04:32:23Z
2026-08-02T04:32:20Z,2026-08-02T06:32:20+0200,7aafc1bd-8364-45d6-9e1e-5ae71b51b571,2026-07-28T22:30:00Z,2026-07-29T00:30:00+0200,7563.89,MW,BE,BE,actual_load,Actual Load,2026-08-02T04:32:23Z
2026-08-02T04:32:20Z,2026-08-02T06:32:20+0200,7aafc1bd-8364-45d6-9e1e-5ae71b51b571,2026-07-28T22:45:00Z,2026-07-29T00:45:00+0200,7491.85,MW,BE,BE,actual_load,Actual Load,2026-08-02T04:32:23Z
2026-08-02T04:32:20Z,2026-08-02T06:32:20+0200,7aafc1bd-8364-45d6-9e1e-5ae71b51b571,2026-07-28T23:00:00Z,2026-07-29T01:00:00+0200,7460.48,MW,BE,BE,actual_load,Actual Load,2026-08-02T04:32:23Z
2026-08-02T04:32:20Z,2026-08-02T06:32:20+0200,7aafc1bd-8364-45d6-9e1e-5ae71b51b571,2026-07-28T23:15:00Z,2026-07-29T01:15:00+0200,7392.36,MW,BE,BE,actual_load,Actual Load,2026-08-02T04:32:23Z
2026-08-02T04:32:20Z,2026-08-02T06:32:20+0200,7aafc1bd-8364-45d6-9e1e-5ae71b51b571,2026-07-28T23:30:00Z,2026-07-29T01:30:00+0200,7361.26,MW,BE,BE,actual_load,Actual Load,2026-08-02T04:32:23Z
2026-08-02T04:32:20Z,2026-08-02T06:32:20+0200,7aafc1bd-8364-45d6-9e1e-5ae71b51b571,2026-07-28T23:45:00Z,2026-07-29T01:45:00+0200,7360.01,MW,BE,BE,actual_load,Actual Load,2026-08-02T04:32:23Z
2026-08-02T04:32:20Z,2026-08-02T06:32:20+0200,7aafc1bd-8364-45d6-9e1e-5ae71b51b571,2026-07-29T00:00:00Z,2026-07-29T02:00:00+0200,7276.64,MW,BE,BE,actual_load,Actual Load,2026-08-02T04:32:23Z
2026-08-02T04:32:20Z,2026-08-02T06:32:20+0200,7aafc1bd-8364-45d6-9e1e-5ae71b51b571,2026-07-29T00:15:00Z,2026-07-29T02:15:00+0200,7253.98,MW,BE,BE,actual_load,Actual Load,2026-08-02T04:32:23Z
2026-08-02T04:32:20Z,2026-08-02T06:32:20+0200,7aafc1bd-8364-45d6-9e1e-5ae71b51b571,2026-07-29T00:30:00Z,2026-07-29T02:30:00+0200,7221.6,MW,BE,BE,actual_load,Actual Load,2026-08-02T04:32:23Z
2026-08-02T04:32:20Z,2026-08-02T06:32:20+0200,7aafc1bd-8364-45d6-9e1e-5ae71b51b571,2026-07-29T00:45:00Z,2026-07-29T02:45:00+0200,7141.3,MW,BE,BE,actual_load,Actual Load,2026-08-02T04:32:23Z
2026-08-02T04:32:20Z,2026-08-02T06:32:20+0200,7aafc1bd-8364-45d6-9e1e-5ae71b51b571,2026-07-29T01:00:00Z,2026-07-29T03:00:00+0200,7135.52,MW,BE,BE,actual_load,Actual Load,2026-08-02T04:32:23Z
2026-08-02T04:32:20Z,2026-08-02T06:32:20+0200,7aafc1bd-8364-45d6-9e1e-5ae71b51b571,2026-07-29T01:15:00Z,2026-07-29T03:15:00+0200,7135.56,MW,BE,BE,actual_load,Actual Load,2026-08-02T04:32:23Z
2026-08-02T04:32:20Z,2026-08-02T06:32:20+0200,7aafc1bd-8364-45d6-9e1e-5ae71b51b571,2026-07-29T01:30:00Z,2026-07-29T03:30:00+0200,7156.0,MW,BE,BE,actual_load,Actual Load,2026-08-02T04:32:23Z
2026-08-02T04:32:20Z,2026-08-02T06:32:20+0200,7aafc1bd-8364-45d6-9e1e-5ae71b51b571,2026-07-29T01:45:00Z,2026-07-29T03:45:00+0200,7170.78,MW,BE,BE,actual_load,Actual Load,2026-08-02T04:32:23Z
2026-08-02T04:32:20Z,2026-08-02T06:32:20+0200,7aafc1bd-8364-45d6-9e1e-5ae71b51b571,2026-07-29T02:00:00Z,2026-07-29T04:00:00+0200,7123.01,MW,BE,BE,actual_load,Actual Load,2026-08-02T04:32:23Z
2026-08-02T04:32:20Z,2026-08-02T06:32:20+0200,7aafc1bd-8364-45d6-9e1e-5ae71b51b571,2026-07-29T02:15:00Z,2026-07-29T04:15:00+0200,7099.53,MW,BE,BE,actual_load,Actual Load,2026-08-02T04:32:23Z
2026-08-02T04:32:20Z,2026-08-02T06:32:20+0200,7aafc1bd-8364-45d6-9e1e-5ae71b51b571,2026-07-29T02:30:00Z,2026-07-29T04:30:00+0200,7091.21,MW,BE,BE,actual_load,Actual Load,2026-08-02T04:32:23Z
2026-08-02T04:32:20Z,2026-08-02T06:32:20+0200,7aafc1bd-8364-45d6-9e1e-5ae71b51b571,2026-07-29T02:45:00Z,2026-07-29T04:45:00+0200,7089.62,MW,BE,BE,actual_load,Actual Load,2026-08-02T04:32:23Z
2026-08-02T04:32:20Z,2026-08-02T06:32:20+0200,7aafc1bd-8364-45d6-9e1e-5ae71b51b571,2026-07-29T03:00:00Z,2026-07-29T05:00:00+0200,7180.4,MW,BE,BE,actual_load,Actual Load,2026-08-02T04:32:23Z
2026-08-02T04:32:20Z,2026-08-02T06:32:20+0200,7aafc1bd-8364-45d6-9e1e-5ae71b51b571,2026-07-29T03:15:00Z,2026-07-29T05:15:00+0200,7236.27,MW,BE,BE,actual_load,Actual Load,2026-08-02T04:32:23Z
2026-08-02T04:32:20Z,2026-08-02T06:32:20+0200,7aafc1bd-8364-45d6-9e1e-5ae71b51b571,2026-07-29T03:30:00Z,2026-07-29T05:30:00+0200,7276.04,MW,BE,BE,actual_load,Actual Load,2026-08-02T04:32:23Z
2026-08-02T04:32:20Z,2026-08-02T06:32:20+0200,7aafc1bd-8364-45d6-9e1e-5ae71b51b571,2026-07-29T03:45:00Z,2026-07-29T05:45:00+0200,7292.62,MW,BE,BE,actual_load,Actual Load,2026-08-02T04:32:23Z
2026-08-02T04:32:20Z,2026-08-02T06:32:20+0200,7aafc1bd-8364-45d6-9e1e-5ae71b51b571,2026-07-29T04:00:00Z,2026-07-29T06:00:00+0200,7402.65,MW,BE,BE,actual_load,Actual Load,2026-08-02T04:32:23Z
2026-08-02T04:32:20Z,2026-08-02T06:32:20+0200,7aafc1bd-8364-45d6-9e1e-5ae71b51b571,2026-07-29T04:15:00Z,2026-07-29T06:15:00+0200,7526.2,MW,BE,BE,actual_load,Actual Load,2026-08-02T04:32:23Z
2026-08-02T04:32:20Z,2026-08-02T06:32:20+0200,7aafc1bd-8364-45d6-9e1e-5ae71b51b571,2026-07-29T04:30:00Z,2026-07-29T06:30:00+0200,7659.26,MW,BE,BE,actual_load,Actual Load,2026-08-02T04:32:23Z
2026-08-02T04:32:20Z,2026-08-02T06:32:20+0200,7aafc1bd-8364-45d6-9e1e-5ae71b51b571,2026-07-29T04:45:00Z,2026-07-29T06:45:00+0200,7847.24,MW,BE,BE,actual_load,Actual Load,2026-08-02T04:32:23Z
2026-08-02T04:32:20Z,2026-08-02T06:32:20+0200,7aafc1bd-8364-45d6-9e1e-5ae71b51b571,2026-07-29T05:00:00Z,2026-07-29T07:00:00+0200,7948.16,MW,BE,BE,actual_load,Actual Load,2026-08-02T04:32:23Z
2026-08-02T04:32:20Z,2026-08-02T06:32:20+0200,7aafc1bd-8364-45d6-9e1e-5ae71b51b571,2026-07-29T05:15:00Z,2026-07-29T07:15:00+0200,8072.55,MW,BE,BE,actual_load,Actual Load,2026-08-02T04:32:23Z
2026-08-02T04:32:20Z,2026-08-02T06:32:20+0200,7aafc1bd-8364-45d6-9e1e-5ae71b51b571,2026-07-29T05:30:00Z,2026-07-29T07:30:00+0200,8208.49,MW,BE,BE,actual_load,Actual Load,2026-08-02T04:32:23Z
2026-08-02T04:32:20Z,2026-08-02T06:32:20+0200,7aafc1bd-8364-45d6-9e1e-5ae71b51b571,2026-07-29T05:45:00Z,2026-07-29T07:45:00+0200,8374.93,MW,BE,BE,actual_load,Actual Load,2026-08-02T04:32:23Z
2026-08-02T04:32:20Z,2026-08-02T06:32:20+0200,7aafc1bd-8364-45d6-9e1e-5ae71b51b571,2026-07-29T06:00:00Z,2026-07-29T08:00:00+0200,8454.09,MW,BE,BE,actual_load,Actual Load,2026-08-02T04:32:23Z
2026-08-02T04:32:20Z,2026-08-02T06:32:20+0200,7aafc1bd-8364-45d6-9e1e-5ae71b51b571,2026-07-29T06:15:00Z,2026-07-29T08:15:00+0200,8692.09,MW,BE,BE,actual_load,Actual Load,2026-08-02T04:32:23Z
2026-08-02T04:32:20Z,2026-08-02T06:32:20+0200,7aafc1bd-8364-45d6-9e1e-5ae71b51b571,2026-07-29T06:30:00Z,2026-07-29T08:30:00+0200,8874.66,MW,BE,BE,actual_load,Actual Load,2026-08-02T04:32:23Z
2026-08-02T04:32:20Z,2026-08-02T06:32:20+0200,7aafc1bd-8364-45d6-9e1e-5ae71b51b571,2026-07-29T06:45:00Z,2026-07-29T08:45:00+0200,8997.99,MW,BE,BE,actual_load,Actual Load,2026-08-02T04:32:23Z
2026-08-02T04:32:20Z,2026-08-02T06:32:20+0200,7aafc1bd-8364-45d6-9e1e-5ae71b51b571,2026-07-29T07:00:00Z,2026-07-29T09:00:00+0200,9103.5,MW,BE,BE,actual_load,Actual Load,2026-08-02T04:32:23Z
2026-08-02T04:32:20Z,2026-08-02T06:32:20+0200,7aafc1bd-8364-45d6-9e1e-5ae71b51b571,2026-07-29T07:15:00Z,2026-07-29T09:15:00+0200,9186.82,MW,BE,BE,actual_load,Actual Load,2026-08-02T04:32:23Z
2026-08-02T04:32:20Z,2026-08-02T06:32:20+0200,7aafc1bd-8364-45d6-9e1e-5ae71b51b571,2026-07-29T07:30:00Z,2026-07-29T09:30:00+0200,9318.56,MW,BE,BE,actual_load,Actual Load,2026-08-02T04:32:23Z
2026-08-02T04:32:20Z,2026-08-02T06:32:20+0200,7aafc1bd-8364-45d6-9e1e-5ae71b51b571,2026-07-29T07:45:00Z,2026-07-29T09:45:00+0200,9381.85,MW,BE,BE,actual_load,Actual Load,2026-08-02T04:32:23Z
2026-08-02T04:32:20Z,2026-08-02T06:32:20+0200,7aafc1bd-8364-45d6-9e1e-5ae71b51b571,2026-07-29T08:00:00Z,2026-07-29T10:00:00+0200,9442.18,MW,BE,BE,actual_load,Actual Load,2026-08-02T04:32:23Z
2026-08-02T04:32:20Z,2026-08-02T06:32:20+0200,7aafc1bd-8364-45d6-9e1e-5ae71b51b571,2026-07-29T08:15:00Z,2026-07-29T10:15:00+0200,9533.3,MW,BE,BE,actual_load,Actual Load,2026-08-02T04:32:23Z
2026-08-02T04:32:20Z,2026-08-02T06:32:20+0200,7aafc1bd-8364-45d6-9e1e-5ae71b51b571,2026-07-29T08:30:00Z,2026-07-29T10:30:00+0200,9681.81,MW,BE,BE,actual_load,Actual Load,2026-08-02T04:32:23Z
2026-08-02T04:32:20Z,2026-08-02T06:32:20+0200,7aafc1bd-8364-45d6-9e1e-5ae71b51b571,2026-07-29T08:45:00Z,2026-07-29T10:45:00+0200,9879.9,MW,BE,BE,actual_load,Actual Load,2026-08-02T04:32:23Z
2026-08-02T04:32:20Z,2026-08-02T06:32:20+0200,7aafc1bd-8364-45d6-9e1e-5ae71b51b571,2026-07-29T09:00:00Z,2026-07-29T11:00:00+0200,10169.64,MW,BE,BE,actual_load,Actual Load,2026-08-02T04:32:23Z
2026-08-02T04:32:20Z,2026-08-02T06:32:20+0200,7aafc1bd-8364-45d6-9e1e-5ae71b51b571,2026-07-29T09:15:00Z,2026-07-29T11:15:00+0200,10420.73,MW,BE,BE,actual_load,Actual Load,2026-08-02T04:32:23Z
2026-08-02T04:32:20Z,2026-08-02T06:32:20+0200,7aafc1bd-8364-45d6-9e1e-5ae71b51b571,2026-07-29T09:30:00Z,2026-07-29T11:30:00+0200,10568.17,MW,BE,BE,actual_load,Actual Load,2026-08-02T04:32:23Z
2026-08-02T04:32:20Z,2026-08-02T06:32:20+0200,7aafc1bd-8364-45d6-9e1e-5ae71b51b571,2026-07-29T09:45:00Z,2026-07-29T11:45:00+0200,10641.84,MW,BE,BE,actual_load,Actual Load,2026-08-02T04:32:23Z
2026-08-02T04:32:20Z,2026-08-02T06:32:20+0200,7aafc1bd-8364-45d6-9e1e-5ae71b51b571,2026-07-29T10:00:00Z,2026-07-29T12:00:00+0200,10568.82,MW,BE,BE,actual_load,Actual Load,2026-08-02T04:32:23Z
2026-08-02T04:32:20Z,2026-08-02T06:32:20+0200,7aafc1bd-8364-45d6-9e1e-5ae71b51b571,2026-07-29T10:15:00Z,2026-07-29T12:15:00+0200,10563.46,MW,BE,BE,actual_load,Actual Load,2026-08-02T04:32:23Z
2026-08-02T04:32:20Z,2026-08-02T06:32:20+0200,7aafc1bd-8364-45d6-9e1e-5ae71b51b571,2026-07-29T10:30:00Z,2026-07-29T12:30:00+0200,10608.88,MW,BE,BE,actual_load,Actual Load,2026-08-02T04:32:23Z
2026-08-02T04:32:20Z,2026-08-02T06:32:20+0200,7aafc1bd-8364-45d6-9e1e-5ae71b51b571,2026-07-29T10:45:00Z,2026-07-29T12:45:00+0200,10701.54,MW,BE,BE,actual_load,Actual Load,2026-08-02T04:32:23Z
2026-08-02T04:32:20Z,2026-08-02T06:32:20+0200,7aafc1bd-8364-45d6-9e1e-5ae71b51b571,2026-07-29T11:00:00Z,2026-07-29T13:00:00+0200,10805.89,MW,BE,BE,actual_load,Actual Load,2026-08-02T04:32:23Z
2026-08-02T04:32:20Z,2026-08-02T06:32:20+0200,7aafc1bd-8364-45d6-9e1e-5ae71b51b571,2026-07-29T11:15:00Z,2026-07-29T13:15:00+0200,10846.52,MW,BE,BE,actual_load,Actual Load,2026-08-02T04:32:23Z
2026-08-02T04:32:20Z,2026-08-02T06:32:20+0200,7aafc1bd-8364-45d6-9e1e-5ae71b51b571,2026-07-29T11:30:00Z,2026-07-29T13:30:00+0200,10811.76,MW,BE,BE,actual_load,Actual Load,2026-08-02T04:32:23Z
2026-08-02T04:32:20Z,2026-08-02T06:32:20+0200,7aafc1bd-8364-45d6-9e1e-5ae71b51b571,2026-07-29T11:45:00Z,2026-07-29T13:45:00+0200,10781.37,MW,BE,BE,actual_load,Actual Load,2026-08-02T04:32:23Z
2026-08-02T04:32:20Z,2026-08-02T06:32:20+0200,7aafc1bd-8364-45d6-9e1e-5ae71b51b571,2026-07-29T12:00:00Z,2026-07-29T14:00:00+0200,10727.55,MW,BE,BE,actual_load,Actual Load,2026-08-02T04:32:23Z
2026-08-02T04:32:20Z,2026-08-02T06:32:20+0200,7aafc1bd-8364-45d6-9e1e-5ae71b51b571,2026-07-29T12:15:00Z,2026-07-29T14:15:00+0200,10636.27,MW,BE,BE,actual_load,Actual Load,2026-08-02T04:32:23Z
2026-08-02T04:32:20Z,2026-08-02T06:32:20+0200,7aafc1bd-8364-45d6-9e1e-5ae71b51b571,2026-07-29T12:30:00Z,2026-07-29T14:30:00+0200,10589.13,MW,BE,BE,actual_load,Actual Load,2026-08-02T04:32:23Z
2026-08-02T04:32:20Z,2026-08-02T06:32:20+0200,7aafc1bd-8364-45d6-9e1e-5ae71b51b571,2026-07-29T12:45:00Z,2026-07-29T14:45:00+0200,10433.34,MW,BE,BE,actual_load,Actual Load,2026-08-02T04:32:23Z
2026-08-02T04:32:20Z,2026-08-02T06:32:20+0200,7aafc1bd-8364-45d6-9e1e-5ae71b51b571,2026-07-29T13:00:00Z,2026-07-29T15:00:00+0200,10545.79,MW,BE,BE,actual_load,Actual Load,2026-08-02T04:32:23Z
2026-08-02T04:32:20Z,2026-08-02T06:32:20+0200,7aafc1bd-8364-45d6-9e1e-5ae71b51b571,2026-07-29T13:15:00Z,2026-07-29T15:15:00+0200,10403.21,MW,BE,BE,actual_load,Actual Load,2026-08-02T04:32:23Z
2026-08-02T04:32:20Z,2026-08-02T06:32:20+0200,7aafc1bd-8364-45d6-9e1e-5ae71b51b571,2026-07-29T13:30:00Z,2026-07-29T15:30:00+0200,10245.96,MW,BE,BE,actual_load,Actual Load,2026-08-02T04:32:23Z
2026-08-02T04:32:20Z,2026-08-02T06:32:20+0200,7aafc1bd-8364-45d6-9e1e-5ae71b51b571,2026-07-29T13:45:00Z,2026-07-29T15:45:00+0200,9965.12,MW,BE,BE,actual_load,Actual Load,2026-08-02T04:32:23Z
2026-08-02T04:32:20Z,2026-08-02T06:32:20+0200,7aafc1bd-8364-45d6-9e1e-5ae71b51b571,2026-07-29T14:00:00Z,2026-07-29T16:00:00+0200,9814.37,MW,BE,BE,actual_load,Actual Load,2026-08-02T04:32:23Z
2026-08-02T04:32:20Z,2026-08-02T06:32:20+0200,7aafc1bd-8364-45d6-9e1e-5ae71b51b571,2026-07-29T14:15:00Z,2026-07-29T16:15:00+0200,9752.9,MW,BE,BE,actual_load,Actual Load,2026-08-02T04:32:23Z
2026-08-02T04:32:20Z,2026-08-02T06:32:20+0200,7aafc1bd-8364-45d6-9e1e-5ae71b51b571,2026-07-29T14:30:00Z,2026-07-29T16:30:00+0200,9610.69,MW,BE,BE,actual_load,Actual Load,2026-08-02T04:32:23Z
2026-08-02T04:32:20Z,2026-08-02T06:32:20+0200,7aafc1bd-8364-45d6-9e1e-5ae71b51b571,2026-07-29T14:45:00Z,2026-07-29T16:45:00+0200,9560.74,MW,BE,BE,actual_load,Actual Load,2026-08-02T04:32:23Z
2026-08-02T04:32:20Z,2026-08-02T06:32:20+0200,7aafc1bd-8364-45d6-9e1e-5ae71b51b571,2026-07-29T15:00:00Z,2026-07-29T17:00:00+0200,9610.62,MW,BE,BE,actual_load,Actual Load,2026-08-02T04:32:23Z
2026-08-02T04:32:20Z,2026-08-02T06:32:20+0200,7aafc1bd-8364-45d6-9e1e-5ae71b51b571,2026-07-29T15:15:00Z,2026-07-29T17:15:00+0200,9560.89,MW,BE,BE,actual_load,Actual Load,2026-08-02T04:32:23Z
2026-08-02T04:32:20Z,2026-08-02T06:32:20+0200,7aafc1bd-8364-45d6-9e1e-5ae71b51b571,2026-07-29T15:30:00Z,2026-07-29T17:30:00+0200,9562.95,MW,BE,BE,actual_load,Actual Load,2026-08-02T04:32:23Z
2026-08-02T04:32:20Z,2026-08-02T06:32:20+0200,7aafc1bd-8364-45d6-9e1e-5ae71b51b571,2026-07-29T15:45:00Z,2026-07-29T17:45:00+0200,9566.79,MW,BE,BE,actual_load,Actual Load,2026-08-02T04:32:23Z
2026-08-02T04:32:20Z,2026-08-02T06:32:20+0200,7aafc1bd-8364-45d6-9e1e-5ae71b51b571,2026-07-29T16:00:00Z,2026-07-29T18:00:00+0200,9534.75,MW,BE,BE,actual_load,Actual Load,2026-08-02T04:32:23Z
2026-08-02T04:32:20Z,2026-08-02T06:32:20+0200,7aafc1bd-8364-45d6-9e1e-5ae71b51b571,2026-07-29T16:15:00Z,2026-07-29T18:15:00+0200,9471.23,MW,BE,BE,actual_load,Actual Load,2026-08-02T04:32:23Z
2026-08-02T04:32:20Z,2026-08-02T06:32:20+0200,7aafc1bd-8364-45d6-9e1e-5ae71b51b571,2026-07-29T16:30:00Z,2026-07-29T18:30:00+0200,9525.67,MW,BE,BE,actual_load,Actual Load,2026-08-02T04:32:23Z
2026-08-02T04:32:20Z,2026-08-02T06:32:20+0200,7aafc1bd-8364-45d6-9e1e-5ae71b51b571,2026-07-29T16:45:00Z,2026-07-29T18:45:00+0200,9502.03,MW,BE,BE,actual_load,Actual Load,2026-08-02T04:32:23Z
2026-08-02T04:32:20Z,2026-08-02T06:32:20+0200,7aafc1bd-8364-45d6-9e1e-5ae71b51b571,2026-07-29T17:00:00Z,2026-07-29T19:00:00+0200,9626.68,MW,BE,BE,actual_load,Actual Load,2026-08-02T04:32:23Z
2026-08-02T04:32:20Z,2026-08-02T06:32:20+0200,7aafc1bd-8364-45d6-9e1e-5ae71b51b571,2026-07-29T17:15:00Z,2026-07-29T19:15:00+0200,9529.9,MW,BE,BE,actual_load,Actual Load,2026-08-02T04:32:23Z
2026-08-02T04:32:20Z,2026-08-02T06:32:20+0200,7aafc1bd-8364-45d6-9e1e-5ae71b51b571,2026-07-29T17:30:00Z,2026-07-29T19:30:00+0200,9530.86,MW,BE,BE,actual_load,Actual Load,2026-08-02T04:32:23Z
2026-08-02T04:32:20Z,2026-08-02T06:32:20+0200,7aafc1bd-8364-45d6-9e1e-5ae71b51b571,2026-07-29T17:45:00Z,2026-07-29T19:45:00+0200,9335.67,MW,BE,BE,actual_load,Actual Load,2026-08-02T04:32:23Z
2026-08-02T04:32:20Z,2026-08-02T06:32:20+0200,7aafc1bd-8364-45d6-9e1e-5ae71b51b571,2026-07-29T18:00:00Z,2026-07-29T20:00:00+0200,9352.73,MW,BE,BE,actual_load,Actual Load,2026-08-02T04:32:23Z
2026-08-02T04:32:20Z,2026-08-02T06:32:20+0200,7aafc1bd-8364-45d6-9e1e-5ae71b51b571,2026-07-29T18:15:00Z,2026-07-29T20:15:00+0200,9221.81,MW,BE,BE,actual_load,Actual Load,2026-08-02T04:32:23Z
2026-08-02T04:32:20Z,2026-08-02T06:32:20+0200,7aafc1bd-8364-45d6-9e1e-5ae71b51b571,2026-07-29T18:30:00Z,2026-07-29T20:30:00+0200,9115.43,MW,BE,BE,actual_load,Actual Load,2026-08-02T04:32:23Z
2026-08-02T04:32:20Z,2026-08-02T06:32:20+0200,7aafc1bd-8364-45d6-9e1e-5ae71b51b571,2026-07-29T18:45:00Z,2026-07-29T20:45:00+0200,8993.81,MW,BE,BE,actual_load,Actual Load,2026-08-02T04:32:23Z
2026-08-02T04:32:20Z,2026-08-02T06:32:20+0200,7aafc1bd-8364-45d6-9e1e-5ae71b51b571,2026-07-29T19:00:00Z,2026-07-29T21:00:00+0200,8963.6,MW,BE,BE,actual_load,Actual Load,2026-08-02T04:32:23Z
2026-08-02T04:32:20Z,2026-08-02T06:32:20+0200,7aafc1bd-8364-45d6-9e1e-5ae71b51b571,2026-07-29T19:15:00Z,2026-07-29T21:15:00+0200,8895.31,MW,BE,BE,actual_load,Actual Load,2026-08-02T04:32:23Z
2026-08-02T04:32:20Z,2026-08-02T06:32:20+0200,7aafc1bd-8364-45d6-9e1e-5ae71b51b571,2026-07-29T19:30:00Z,2026-07-29T21:30:00+0200,8906.1,MW,BE,BE,actual_load,Actual Load,2026-08-02T04:32:23Z
2026-08-02T04:32:20Z,2026-08-02T06:32:20+0200,7aafc1bd-8364-45d6-9e1e-5ae71b51b571,2026-07-29T19:45:00Z,2026-07-29T21:45:00+0200,9056.57,MW,BE,BE,actual_load,Actual Load,2026-08-02T04:32:23Z
2026-08-02T04:32:20Z,2026-08-02T06:32:20+0200,7aafc1bd-8364-45d6-9e1e-5ae71b51b571,2026-07-29T20:00:00Z,2026-07-29T22:00:00+0200,9033.9,MW,BE,BE,actual_load,Actual Load,2026-08-02T04:32:23Z
2026-08-02T04:32:20Z,2026-08-02T06:32:20+0200,7aafc1bd-8364-45d6-9e1e-5ae71b51b571,2026-07-29T20:15:00Z,2026-07-29T22:15:00+0200,9032.82,MW,BE,BE,actual_load,Actual Load,2026-08-02T04:32:23Z
2026-08-02T04:32:20Z,2026-08-02T06:32:20+0200,7aafc1bd-8364-45d6-9e1e-5ae71b51b571,2026-07-29T20:30:00Z,2026-07-29T22:30:00+0200,9044.08,MW,BE,BE,actual_load,Actual Load,2026-08-02T04:32:23Z
2026-08-02T04:32:20Z,2026-08-02T06:32:20+0200,7aafc1bd-8364-45d6-9e1e-5ae71b51b571,2026-07-29T20:45:00Z,2026-07-29T22:45:00+0200,8985.07,MW,BE,BE,actual_load,Actual Load,2026-08-02T04:32:23Z
2026-08-02T04:32:20Z,2026-08-02T06:32:20+0200,7aafc1bd-8364-45d6-9e1e-5ae71b51b571,2026-07-29T21:00:00Z,2026-07-29T23:00:00+0200,8851.74,MW,BE,BE,actual_load,Actual Load,2026-08-02T04:32:23Z
2026-08-02T04:32:20Z,2026-08-02T06:32:20+0200,7aafc1bd-8364-45d6-9e1e-5ae71b51b571,2026-07-29T21:15:00Z,2026-07-29T23:15:00+0200,8773.59,MW,BE,BE,actual_load,Actual Load,2026-08-02T04:32:23Z
2026-08-02T04:32:20Z,2026-08-02T06:32:20+0200,7aafc1bd-8364-45d6-9e1e-5ae71b51b571,2026-07-29T21:30:00Z,2026-07-29T23:30:00+0200,8597.0,MW,BE,BE,actual_load,Actual Load,2026-08-02T04:32:23Z
2026-08-02T04:32:20Z,2026-08-02T06:32:20+0200,7aafc1bd-8364-45d6-9e1e-5ae71b51b571,2026-07-29T21:45:00Z,2026-07-29T23:45:00+0200,8520.91,MW,BE,BE,actual_load,Actual Load,2026-08-02T04:32:23Z
2026-08-02T04:32:20Z,2026-08-02T06:32:20+0200,7aafc1bd-8364-45d6-9e1e-5ae71b51b571,2026-07-29T22:00:00Z,2026-07-30T00:00:00+0200,8199.11,MW,BE,BE,actual_load,Actual Load,2026-08-02T04:32:23Z
2026-08-02T04:32:20Z,2026-08-02T06:32:20+0200,7aafc1bd-8364-45d6-9e1e-5ae71b51b571,2026-07-29T22:15:00Z,2026-07-30T00:15:00+0200,8092.74,MW,BE,BE,actual_load,Actual Load,2026-08-02T04:32:23Z
2026-08-02T04:32:20Z,2026-08-02T06:32:20+0200,7aafc1bd-8364-45d6-9e1e-5ae71b51b571,2026-07-29T22:30:00Z,2026-07-30T00:30:00+0200,7899.38,MW,BE,BE,actual_load,Actual Load,2026-08-02T04:32:23Z
2026-08-02T04:32:20Z,2026-08-02T06:32:20+0200,7aafc1bd-8364-45d6-9e1e-5ae71b51b571,2026-07-29T22:45:00Z,2026-07-30T00:45:00+0200,7744.34,MW,BE,BE,actual_load,Actual Load,2026-08-02T04:32:23Z
2026-08-02T04:32:20Z,2026-08-02T06:32:20+0200,7aafc1bd-8364-45d6-9e1e-5ae71b51b571,2026-07-29T23:00:00Z,2026-07-30T01:00:00+0200,7634.72,MW,BE,BE,actual_load,Actual Load,2026-08-02T04:32:23Z
2026-08-02T04:32:20Z,2026-08-02T06:32:20+0200,7aafc1bd-8364-45d6-9e1e-5ae71b51b571,2026-07-29T23:15:00Z,2026-07-30T01:15:00+0200,7545.77,MW,BE,BE,actual_load,Actual Load,2026-08-02T04:32:23Z
2026-08-02T04:32:20Z,2026-08-02T06:32:20+0200,7aafc1bd-8364-45d6-9e1e-5ae71b51b571,2026-07-29T23:30:00Z,2026-07-30T01:30:00+0200,7473.5,MW,BE,BE,actual_load,Actual Load,2026-08-02T04:32:23Z
2026-08-02T04:32:20Z,2026-08-02T06:32:20+0200,7aafc1bd-8364-45d6-9e1e-5ae71b51b571,2026-07-29T23:45:00Z,2026-07-30T01:45:00+0200,7346.89,MW,BE,BE,actual_load,Actual Load,2026-08-02T04:32:23Z
2026-08-02T04:32:20Z,2026-08-02T06:32:20+0200,7aafc1bd-8364-45d6-9e1e-5ae71b51b571,2026-07-30T00:00:00Z,2026-07-30T02:00:00+0200,7257.58,MW,BE,BE,actual_load,Actual Load,2026-08-02T04:32:23Z
2026-08-02T04:32:20Z,2026-08-02T06:32:20+0200,7aafc1bd-8364-45d6-9e1e-5ae71b51b571,2026-07-30T00:15:00Z,2026-07-30T02:15:00+0200,7230.7,MW,BE,BE,actual_load,Actual Load,2026-08-02T04:32:23Z
2026-08-02T04:32:20Z,2026-08-02T06:32:20+0200,7aafc1bd-8364-45d6-9e1e-5ae71b51b571,2026-07-30T00:30:00Z,2026-07-30T02:30:00+0200,7304.57,MW,BE,BE,actual_load,Actual Load,2026-08-02T04:32:23Z
2026-08-02T04:32:20Z,2026-08-02T06:32:20+0200,7aafc1bd-8364-45d6-9e1e-5ae71b51b571,2026-07-30T00:45:00Z,2026-07-30T02:45:00+0200,7290.45,MW,BE,BE,actual_load,Actual Load,2026-08-02T04:32:23Z
2026-08-02T04:32:20Z,2026-08-02T06:32:20+0200,7aafc1bd-8364-45d6-9e1e-5ae71b51b571,2026-07-30T01:00:00Z,2026-07-30T03:00:00+0200,7237.21,MW,BE,BE,actual_load,Actual Load,2026-08-02T04:32:23Z
2026-08-02T04:32:20Z,2026-08-02T06:32:20+0200,7aafc1bd-8364-45d6-9e1e-5ae71b51b571,2026-07-30T01:15:00Z,2026-07-30T03:15:00+0200,7213.63,MW,BE,BE,actual_load,Actual Load,2026-08-02T04:32:23Z
2026-08-02T04:32:20Z,2026-08-02T06:32:20+0200,7aafc1bd-8364-45d6-9e1e-5ae71b51b571,2026-07-30T01:30:00Z,2026-07-30T03:30:00+0200,7229.95,MW,BE,BE,actual_load,Actual Load,2026-08-02T04:32:23Z
2026-08-02T04:32:20Z,2026-08-02T06:32:20+0200,7aafc1bd-8364-45d6-9e1e-5ae71b51b571,2026-07-30T01:45:00Z,2026-07-30T03:45:00+0200,7224.18,MW,BE,BE,actual_load,Actual Load,2026-08-02T04:32:23Z
2026-08-02T04:32:20Z,2026-08-02T06:32:20+0200,7aafc1bd-8364-45d6-9e1e-5ae71b51b571,2026-07-30T02:00:00Z,2026-07-30T04:00:00+0200,7194.72,MW,BE,BE,actual_load,Actual Load,2026-08-02T04:32:23Z
2026-08-02T04:32:20Z,2026-08-02T06:32:20+0200,7aafc1bd-8364-45d6-9e1e-5ae71b51b571,2026-07-30T02:15:00Z,2026-07-30T04:15:00+0200,7170.64,MW,BE,BE,actual_load,Actual Load,2026-08-02T04:32:23Z
2026-08-02T04:32:20Z,2026-08-02T06:32:20+0200,7aafc1bd-8364-45d6-9e1e-5ae71b51b571,2026-07-30T02:30:00Z,2026-07-30T04:30:00+0200,7197.4,MW,BE,BE,actual_load,Actual Load,2026-08-02T04:32:23Z
2026-08-02T04:32:20Z,2026-08-02T06:32:20+0200,7aafc1bd-8364-45d6-9e1e-5ae71b51b571,2026-07-30T02:45:00Z,2026-07-30T04:45:00+0200,7222.79,MW,BE,BE,actual_load,Actual Load,2026-08-02T04:32:23Z
2026-08-02T04:32:20Z,2026-08-02T06:32:20+0200,7aafc1bd-8364-45d6-9e1e-5ae71b51b571,2026-07-30T03:00:00Z,2026-07-30T05:00:00+0200,7287.8,MW,BE,BE,actual_load,Actual Load,2026-08-02T04:32:23Z
2026-08-02T04:32:20Z,2026-08-02T06:32:20+0200,7aafc1bd-8364-45d6-9e1e-5ae71b51b571,2026-07-30T03:15:00Z,2026-07-30T05:15:00+0200,7298.78,MW,BE,BE,actual_load,Actual Load,2026-08-02T04:32:23Z
2026-08-02T04:32:20Z,2026-08-02T06:32:20+0200,7aafc1bd-8364-45d6-9e1e-5ae71b51b571,2026-07-30T03:30:00Z,2026-07-30T05:30:00+0200,7392.61,MW,BE,BE,actual_load,Actual Load,2026-08-02T04:32:23Z
2026-08-02T04:32:20Z,2026-08-02T06:32:20+0200,7aafc1bd-8364-45d6-9e1e-5ae71b51b571,2026-07-30T03:45:00Z,2026-07-30T05:45:00+0200,7445.62,MW,BE,BE,actual_load,Actual Load,2026-08-02T04:32:23Z
2026-08-02T04:32:20Z,2026-08-02T06:32:20+0200,7aafc1bd-8364-45d6-9e1e-5ae71b51b571,2026-07-30T04:00:00Z,2026-07-30T06:00:00+0200,7644.18,MW,BE,BE,actual_load,Actual Load,2026-08-02T04:32:23Z
2026-08-02T04:32:20Z,2026-08-02T06:32:20+0200,7aafc1bd-8364-45d6-9e1e-5ae71b51b571,2026-07-30T04:15:00Z,2026-07-30T06:15:00+0200,7744.81,MW,BE,BE,actual_load,Actual Load,2026-08-02T04:32:23Z
2026-08-02T04:32:20Z,2026-08-02T06:32:20+0200,7aafc1bd-8364-45d6-9e1e-5ae71b51b571,2026-07-30T04:30:00Z,2026-07-30T06:30:00+0200,7873.3,MW,BE,BE,actual_load,Actual Load,2026-08-02T04:32:23Z
2026-08-02T04:32:20Z,2026-08-02T06:32:20+0200,7aafc1bd-8364-45d6-9e1e-5ae71b51b571,2026-07-30T04:45:00Z,2026-07-30T06:45:00+0200,7991.08,MW,BE,BE,actual_load,Actual Load,2026-08-02T04:32:23Z
2026-08-02T04:32:20Z,2026-08-02T06:32:20+0200,7aafc1bd-8364-45d6-9e1e-5ae71b51b571,2026-07-30T05:00:00Z,2026-07-30T07:00:00+0200,8081.07,MW,BE,BE,actual_load,Actual Load,2026-08-02T04:32:23Z
2026-08-02T04:32:20Z,2026-08-02T06:32:20+0200,7aafc1bd-8364-45d6-9e1e-5ae71b51b571,2026-07-30T05:15:00Z,2026-07-30T07:15:00+0200,8231.58,MW,BE,BE,actual_load,Actual Load,2026-08-02T04:32:23Z
2026-08-02T04:32:20Z,2026-08-02T06:32:20+0200,7aafc1bd-8364-45d6-9e1e-5ae71b51b571,2026-07-30T05:30:00Z,2026-07-30T07:30:00+0200,8413.75,MW,BE,BE,actual_load,Actual Load,2026-08-02T04:32:23Z
2026-08-02T04:32:20Z,2026-08-02T06:32:20+0200,7aafc1bd-8364-45d6-9e1e-5ae71b51b571,2026-07-30T05:45:00Z,2026-07-30T07:45:00+0200,8482.77,MW,BE,BE,actual_load,Actual Load,2026-08-02T04:32:23Z
2026-08-02T04:32:20Z,2026-08-02T06:32:20+0200,7aafc1bd-8364-45d6-9e1e-5ae71b51b571,2026-07-30T06:00:00Z,2026-07-30T08:00:00+0200,8630.97,MW,BE,BE,actual_load,Actual Load,2026-08-02T04:32:23Z
2026-08-02T04:32:20Z,2026-08-02T06:32:20+0200,7aafc1bd-8364-45d6-9e1e-5ae71b51b571,2026-07-30T06:15:00Z,2026-07-30T08:15:00+0200,8820.37,MW,BE,BE,actual_load,Actual Load,2026-08-02T04:32:23Z
2026-08-02T04:32:20Z,2026-08-02T06:32:20+0200,7aafc1bd-8364-45d6-9e1e-5ae71b51b571,2026-07-30T06:30:00Z,2026-07-30T08:30:00+0200,9111.21,MW,BE,BE,actual_load,Actual Load,2026-08-02T04:32:23Z
2026-08-02T04:32:20Z,2026-08-02T06:32:20+0200,7aafc1bd-8364-45d6-9e1e-5ae71b51b571,2026-07-30T06:45:00Z,2026-07-30T08:45:00+0200,9264.08,MW,BE,BE,actual_load,Actual Load,2026-08-02T04:32:23Z
2026-08-02T04:32:20Z,2026-08-02T06:32:20+0200,7aafc1bd-8364-45d6-9e1e-5ae71b51b571,2026-07-30T07:00:00Z,2026-07-30T09:00:00+0200,9391.38,MW,BE,BE,actual_load,Actual Load,2026-08-02T04:32:23Z
2026-08-02T04:32:20Z,2026-08-02T06:32:20+0200,7aafc1bd-8364-45d6-9e1e-5ae71b51b571,2026-07-30T07:15:00Z,2026-07-30T09:15:00+0200,9523.63,MW,BE,BE,actual_load,Actual Load,2026-08-02T04:32:23Z
2026-08-02T04:32:20Z,2026-08-02T06:32:20+0200,7aafc1bd-8364-45d6-9e1e-5ae71b51b571,2026-07-30T07:30:00Z,2026-07-30T09:30:00+0200,9563.81,MW,BE,BE,actual_load,Actual Load,2026-08-02T04:32:23Z
2026-08-02T04:32:20Z,2026-08-02T06:32:20+0200,7aafc1bd-8364-45d6-9e1e-5ae71b51b571,2026-07-30T07:45:00Z,2026-07-30T09:45:00+0200,9752.05,MW,BE,BE,actual_load,Actual Load,2026-08-02T04:32:23Z
2026-08-02T04:32:20Z,2026-08-02T06:32:20+0200,7aafc1bd-8364-45d6-9e1e-5ae71b51b571,2026-07-30T08:00:00Z,2026-07-30T10:00:00+0200,9849.68,MW,BE,BE,actual_load,Actual Load,2026-08-02T04:32:23Z
2026-08-02T04:32:20Z,2026-08-02T06:32:20+0200,7aafc1bd-8364-45d6-9e1e-5ae71b51b571,2026-07-30T08:15:00Z,2026-07-30T10:15:00+0200,10152.75,MW,BE,BE,actual_load,Actual Load,2026-08-02T04:32:23Z
2026-08-02T04:32:20Z,2026-08-02T06:32:20+0200,7aafc1bd-8364-45d6-9e1e-5ae71b51b571,2026-07-30T08:30:00Z,2026-07-30T10:30:00+0200,10333.53,MW,BE,BE,actual_load,Actual Load,2026-08-02T04:32:23Z
2026-08-02T04:32:20Z,2026-08-02T06:32:20+0200,7aafc1bd-8364-45d6-9e1e-5ae71b51b571,2026-07-30T08:45:00Z,2026-07-30T10:45:00+0200,10362.86,MW,BE,BE,actual_load,Actual Load,2026-08-02T04:32:23Z
2026-08-02T04:32:20Z,2026-08-02T06:32:20+0200,7aafc1bd-8364-45d6-9e1e-5ae71b51b571,2026-07-30T09:00:00Z,2026-07-30T11:00:00+0200,10628.34,MW,BE,BE,actual_load,Actual Load,2026-08-02T04:32:23Z
2026-08-02T04:32:20Z,2026-08-02T06:32:20+0200,7aafc1bd-8364-45d6-9e1e-5ae71b51b571,2026-07-30T09:15:00Z,2026-07-30T11:15:00+0200,10580.86,MW,BE,BE,actual_load,Actual Load,2026-08-02T04:32:23Z
2026-08-02T04:32:20Z,2026-08-02T06:32:20+0200,7aafc1bd-8364-45d6-9e1e-5ae71b51b571,2026-07-30T09:30:00Z,2026-07-30T11:30:00+0200,10234.18,MW,BE,BE,actual_load,Actual Load,2026-08-02T04:32:23Z
2026-08-02T04:32:20Z,2026-08-02T06:32:20+0200,7aafc1bd-8364-45d6-9e1e-5ae71b51b571,2026-07-30T09:45:00Z,2026-07-30T11:45:00+0200,10051.76,MW,BE,BE,actual_load,Actual Load,2026-08-02T04:32:23Z
2026-08-02T04:32:20Z,2026-08-02T06:32:20+0200,7aafc1bd-8364-45d6-9e1e-5ae71b51b571,2026-07-30T10:00:00Z,2026-07-30T12:00:00+0200,10028.61,MW,BE,BE,actual_load,Actual Load,2026-08-02T04:32:23Z
2026-08-02T04:32:20Z,2026-08-02T06:32:20+0200,7aafc1bd-8364-45d6-9e1e-5ae71b51b571,2026-07-30T10:15:00Z,2026-07-30T12:15:00+0200,10051.8,MW,BE,BE,actual_load,Actual Load,2026-08-02T04:32:23Z
2026-08-02T04:32:20Z,2026-08-02T06:32:20+0200,7aafc1bd-8364-45d6-9e1e-5ae71b51b571,2026-07-30T10:30:00Z,2026-07-30T12:30:00+0200,10118.51,MW,BE,BE,actual_load,Actual Load,2026-08-02T04:32:23Z
2026-08-02T04:32:20Z,2026-08-02T06:32:20+0200,7aafc1bd-8364-45d6-9e1e-5ae71b51b571,2026-07-30T10:45:00Z,2026-07-30T12:45:00+0200,10117.37,MW,BE,BE,actual_load,Actual Load,2026-08-02T04:32:23Z
2026-08-02T04:32:20Z,2026-08-02T06:32:20+0200,7aafc1bd-8364-45d6-9e1e-5ae71b51b571,2026-07-30T11:00:00Z,2026-07-30T13:00:00+0200,9931.83,MW,BE,BE,actual_load,Actual Load,2026-08-02T04:32:23Z
2026-08-02T04:32:20Z,2026-08-02T06:32:20+0200,7aafc1bd-8364-45d6-9e1e-5ae71b51b571,2026-07-30T11:15:00Z,2026-07-30T13:15:00+0200,9687.55,MW,BE,BE,actual_load,Actual Load,2026-08-02T04:32:23Z
2026-08-02T04:32:20Z,2026-08-02T06:32:20+0200,7aafc1bd-8364-45d6-9e1e-5ae71b51b571,2026-07-30T11:30:00Z,2026-07-30T13:30:00+0200,9508.42,MW,BE,BE,actual_load,Actual Load,2026-08-02T04:32:23Z
2026-08-02T04:32:20Z,2026-08-02T06:32:20+0200,7aafc1bd-8364-45d6-9e1e-5ae71b51b571,2026-07-30T11:45:00Z,2026-07-30T13:45:00+0200,9372.05,MW,BE,BE,actual_load,Actual Load,2026-08-02T04:32:23Z
2026-08-02T04:32:20Z,2026-08-02T06:32:20+0200,7aafc1bd-8364-45d6-9e1e-5ae71b51b571,2026-07-30T12:00:00Z,2026-07-30T14:00:00+0200,9354.81,MW,BE,BE,actual_load,Actual Load,2026-08-02T04:32:23Z
2026-08-02T04:32:20Z,2026-08-02T06:32:20+0200,7aafc1bd-8364-45d6-9e1e-5ae71b51b571,2026-07-30T12:15:00Z,2026-07-30T14:15:00+0200,9167.66,MW,BE,BE,actual_load,Actual Load,2026-08-02T04:32:23Z
2026-08-02T04:32:20Z,2026-08-02T06:32:20+0200,7aafc1bd-8364-45d6-9e1e-5ae71b51b571,2026-07-30T12:30:00Z,2026-07-30T14:30:00+0200,9042.37,MW,BE,BE,actual_load,Actual Load,2026-08-02T04:32:23Z
2026-08-02T04:32:20Z,2026-08-02T06:32:20+0200,7aafc1bd-8364-45d6-9e1e-5ae71b51b571,2026-07-30T12:45:00Z,2026-07-30T14:45:00+0200,8891.59,MW,BE,BE,actual_load,Actual Load,2026-08-02T04:32:23Z
2026-08-02T04:32:20Z,2026-08-02T06:32:20+0200,7aafc1bd-8364-45d6-9e1e-5ae71b51b571,2026-07-30T13:00:00Z,2026-07-30T15:00:00+0200,8983.46,MW,BE,BE,actual_load,Actual Load,2026-08-02T04:32:23Z
2026-08-02T04:32:20Z,2026-08-02T06:32:20+0200,7aafc1bd-8364-45d6-9e1e-5ae71b51b571,2026-07-30T13:15:00Z,2026-07-30T15:15:00+0200,8911.91,MW,BE,BE,actual_load,Actual Load,2026-08-02T04:32:23Z
2026-08-02T04:32:20Z,2026-08-02T06:32:20+0200,7aafc1bd-8364-45d6-9e1e-5ae71b51b571,2026-07-30T13:30:00Z,2026-07-30T15:30:00+0200,8869.65,MW,BE,BE,actual_load,Actual Load,2026-08-02T04:32:23Z
2026-08-02T04:32:20Z,2026-08-02T06:32:20+0200,7aafc1bd-8364-45d6-9e1e-5ae71b51b571,2026-07-30T13:45:00Z,2026-07-30T15:45:00+0200,9023.23,MW,BE,BE,actual_load,Actual Load,2026-08-02T04:32:23Z
2026-08-02T04:32:20Z,2026-08-02T06:32:20+0200,7aafc1bd-8364-45d6-9e1e-5ae71b51b571,2026-07-30T14:00:00Z,2026-07-30T16:00:00+0200,9106.03,MW,BE,BE,actual_load,Actual Load,2026-08-02T04:32:23Z
2026-08-02T04:32:20Z,2026-08-02T06:32:20+0200,7aafc1bd-8364-45d6-9e1e-5ae71b51b571,2026-07-30T14:15:00Z,2026-07-30T16:15:00+0200,9165.98,MW,BE,BE,actual_load,Actual Load,2026-08-02T04:32:23Z
2026-08-02T04:32:20Z,2026-08-02T06:32:20+0200,7aafc1bd-8364-45d6-9e1e-5ae71b51b571,2026-07-30T14:30:00Z,2026-07-30T16:30:00+0200,9261.68,MW,BE,BE,actual_load,Actual Load,2026-08-02T04:32:23Z
2026-08-02T04:32:20Z,2026-08-02T06:32:20+0200,7aafc1bd-8364-45d6-9e1e-5ae71b51b571,2026-07-30T14:45:00Z,2026-07-30T16:45:00+0200,9312.33,MW,BE,BE,actual_load,Actual Load,2026-08-02T04:32:23Z
2026-08-02T04:32:20Z,2026-08-02T06:32:20+0200,7aafc1bd-8364-45d6-9e1e-5ae71b51b571,2026-07-30T15:00:00Z,2026-07-30T17:00:00+0200,9430.6,MW,BE,BE,actual_load,Actual Load,2026-08-02T04:32:23Z
2026-08-02T04:32:20Z,2026-08-02T06:32:20+0200,7aafc1bd-8364-45d6-9e1e-5ae71b51b571,2026-07-30T15:15:00Z,2026-07-30T17:15:00+0200,9340.65,MW,BE,BE,actual_load,Actual Load,2026-08-02T04:32:23Z
2026-08-02T04:32:20Z,2026-08-02T06:32:20+0200,7aafc1bd-8364-45d6-9e1e-5ae71b51b571,2026-07-30T15:30:00Z,2026-07-30T17:30:00+0200,9427.32,MW,BE,BE,actual_load,Actual Load,2026-08-02T04:32:23Z
2026-08-02T04:32:20Z,2026-08-02T06:32:20+0200,7aafc1bd-8364-45d6-9e1e-5ae71b51b571,2026-07-30T15:45:00Z,2026-07-30T17:45:00+0200,9318.23,MW,BE,BE,actual_load,Actual Load,2026-08-02T04:32:23Z
2026-08-02T04:32:20Z,2026-08-02T06:32:20+0200,7aafc1bd-8364-45d6-9e1e-5ae71b51b571,2026-07-30T16:00:00Z,2026-07-30T18:00:00+0200,9227.96,MW,BE,BE,actual_load,Actual Load,2026-08-02T04:32:23Z
2026-08-02T04:32:20Z,2026-08-02T06:32:20+0200,7aafc1bd-8364-45d6-9e1e-5ae71b51b571,2026-07-30T16:15:00Z,2026-07-30T18:15:00+0200,9212.74,MW,BE,BE,actual_load,Actual Load,2026-08-02T04:32:23Z
2026-08-02T04:32:20Z,2026-08-02T06:32:20+0200,7aafc1bd-8364-45d6-9e1e-5ae71b51b571,2026-07-30T16:30:00Z,2026-07-30T18:30:00+0200,9194.06,MW,BE,BE,actual_load,Actual Load,2026-08-02T04:32:23Z
2026-08-02T04:32:20Z,2026-08-02T06:32:20+0200,7aafc1bd-8364-45d6-9e1e-5ae71b51b571,2026-07-30T16:45:00Z,2026-07-30T18:45:00+0200,9170.13,MW,BE,BE,actual_load,Actual Load,2026-08-02T04:32:23Z
2026-08-02T04:32:20Z,2026-08-02T06:32:20+0200,7aafc1bd-8364-45d6-9e1e-5ae71b51b571,2026-07-30T17:00:00Z,2026-07-30T19:00:00+0200,9173.78,MW,BE,BE,actual_load,Actual Load,2026-08-02T04:32:23Z
2026-08-02T04:32:20Z,2026-08-02T06:32:20+0200,7aafc1bd-8364-45d6-9e1e-5ae71b51b571,2026-07-30T17:15:00Z,2026-07-30T19:15:00+0200,9161.49,MW,BE,BE,actual_load,Actual Load,2026-08-02T04:32:23Z
2026-08-02T04:32:20Z,2026-08-02T06:32:20+0200,7aafc1bd-8364-45d6-9e1e-5ae71b51b571,2026-07-30T17:30:00Z,2026-07-30T19:30:00+0200,9035.3,MW,BE,BE,actual_load,Actual Load,2026-08-02T04:32:23Z
2026-08-02T04:32:20Z,2026-08-02T06:32:20+0200,7aafc1bd-8364-45d6-9e1e-5ae71b51b571,2026-07-30T17:45:00Z,2026-07-30T19:45:00+0200,9039.17,MW,BE,BE,actual_load,Actual Load,2026-08-02T04:32:23Z
2026-08-02T04:32:20Z,2026-08-02T06:32:20+0200,7aafc1bd-8364-45d6-9e1e-5ae71b51b571,2026-07-30T18:00:00Z,2026-07-30T20:00:00+0200,9028.67,MW,BE,BE,actual_load,Actual Load,2026-08-02T04:32:23Z
2026-08-02T04:32:20Z,2026-08-02T06:32:20+0200,7aafc1bd-8364-45d6-9e1e-5ae71b51b571,2026-07-30T18:15:00Z,2026-07-30T20:15:00+0200,9008.44,MW,BE,BE,actual_load,Actual Load,2026-08-02T04:32:23Z
2026-08-02T04:32:20Z,2026-08-02T06:32:20+0200,7aafc1bd-8364-45d6-9e1e-5ae71b51b571,2026-07-30T18:30:00Z,2026-07-30T20:30:00+0200,8876.22,MW,BE,BE,actual_load,Actual Load,2026-08-02T04:32:23Z
2026-08-02T04:32:20Z,2026-08-02T06:32:20+0200,7aafc1bd-8364-45d6-9e1e-5ae71b51b571,2026-07-30T18:45:00Z,2026-07-30T20:45:00+0200,8813.02,MW,BE,BE,actual_load,Actual Load,2026-08-02T04:32:23Z
2026-08-02T04:32:20Z,2026-08-02T06:32:20+0200,7aafc1bd-8364-45d6-9e1e-5ae71b51b571,2026-07-30T19:00:00Z,2026-07-30T21:00:00+0200,8801.77,MW,BE,BE,actual_load,Actual Load,2026-08-02T04:32:23Z
2026-08-02T04:32:20Z,2026-08-02T06:32:20+0200,7aafc1bd-8364-45d6-9e1e-5ae71b51b571,2026-07-30T19:15:00Z,2026-07-30T21:15:00+0200,8760.36,MW,BE,BE,actual_load,Actual Load,2026-08-02T04:32:23Z
2026-08-02T04:32:20Z,2026-08-02T06:32:20+0200,7aafc1bd-8364-45d6-9e1e-5ae71b51b571,2026-07-30T19:30:00Z,2026-07-30T21:30:00+0200,8773.24,MW,BE,BE,actual_load,Actual Load,2026-08-02T04:32:23Z
2026-08-02T04:32:20Z,2026-08-02T06:32:20+0200,7aafc1bd-8364-45d6-9e1e-5ae71b51b571,2026-07-30T19:45:00Z,2026-07-30T21:45:00+0200,8852.06,MW,BE,BE,actual_load,Actual Load,2026-08-02T04:32:23Z
2026-08-02T04:32:20Z,2026-08-02T06:32:20+0200,7aafc1bd-8364-45d6-9e1e-5ae71b51b571,2026-07-30T20:00:00Z,2026-07-30T22:00:00+0200,8793.42,MW,BE,BE,actual_load,Actual Load,2026-08-02T04:32:23Z
2026-08-02T04:32:20Z,2026-08-02T06:32:20+0200,7aafc1bd-8364-45d6-9e1e-5ae71b51b571,2026-07-30T20:15:00Z,2026-07-30T22:15:00+0200,8838.32,MW,BE,BE,actual_load,Actual Load,2026-08-02T04:32:23Z
2026-08-02T04:32:20Z,2026-08-02T06:32:20+0200,7aafc1bd-8364-45d6-9e1e-5ae71b51b571,2026-07-30T20:30:00Z,2026-07-30T22:30:00+0200,8766.71,MW,BE,BE,actual_load,Actual Load,2026-08-02T04:32:23Z
2026-08-02T04:32:20Z,2026-08-02T06:32:20+0200,7aafc1bd-8364-45d6-9e1e-5ae71b51b571,2026-07-30T20:45:00Z,2026-07-30T22:45:00+0200,8618.47,MW,BE,BE,actual_load,Actual Load,2026-08-02T04:32:23Z
2026-08-02T04:32:20Z,2026-08-02T06:32:20+0200,7aafc1bd-8364-45d6-9e1e-5ae71b51b571,2026-07-30T21:00:00Z,2026-07-30T23:00:00+0200,8464.53,MW,BE,BE,actual_load,Actual Load,2026-08-02T04:32:23Z
2026-08-02T04:32:20Z,2026-08-02T06:32:20+0200,7aafc1bd-8364-45d6-9e1e-5ae71b51b571,2026-07-30T21:15:00Z,2026-07-30T23:15:00+0200,8348.27,MW,BE,BE,actual_load,Actual Load,2026-08-02T04:32:23Z
2026-08-02T04:32:20Z,2026-08-02T06:32:20+0200,7aafc1bd-8364-45d6-9e1e-5ae71b51b571,2026-07-30T21:30:00Z,2026-07-30T23:30:00+0200,8215.26,MW,BE,BE,actual_load,Actual Load,2026-08-02T04:32:23Z
2026-08-02T04:32:20Z,2026-08-02T06:32:20+0200,7aafc1bd-8364-45d6-9e1e-5ae71b51b571,2026-07-30T21:45:00Z,2026-07-30T23:45:00+0200,8099.07,MW,BE,BE,actual_load,Actual Load,2026-08-02T04:32:23Z
2026-08-02T04:32:20Z,2026-08-02T06:32:20+0200,7aafc1bd-8364-45d6-9e1e-5ae71b51b571,2026-07-30T22:00:00Z,2026-07-31T00:00:00+0200,7905.09,MW,BE,BE,actual_load,Actual Load,2026-08-02T04:32:23Z
2026-08-02T04:32:20Z,2026-08-02T06:32:20+0200,7aafc1bd-8364-45d6-9e1e-5ae71b51b571,2026-07-30T22:15:00Z,2026-07-31T00:15:00+0200,7771.69,MW,BE,BE,actual_load,Actual Load,2026-08-02T04:32:23Z
2026-08-02T04:32:20Z,2026-08-02T06:32:20+0200,7aafc1bd-8364-45d6-9e1e-5ae71b51b571,2026-07-30T22:30:00Z,2026-07-31T00:30:00+0200,7679.47,MW,BE,BE,actual_load,Actual Load,2026-08-02T04:32:23Z
2026-08-02T04:32:20Z,2026-08-02T06:32:20+0200,7aafc1bd-8364-45d6-9e1e-5ae71b51b571,2026-07-30T22:45:00Z,2026-07-31T00:45:00+0200,7614.0,MW,BE,BE,actual_load,Actual Load,2026-08-02T04:32:23Z
2026-08-02T04:32:20Z,2026-08-02T06:32:20+0200,7aafc1bd-8364-45d6-9e1e-5ae71b51b571,2026-07-30T23:00:00Z,2026-07-31T01:00:00+0200,7575.5,MW,BE,BE,actual_load,Actual Load,2026-08-02T04:32:23Z
2026-08-02T04:32:20Z,2026-08-02T06:32:20+0200,7aafc1bd-8364-45d6-9e1e-5ae71b51b571,2026-07-30T23:15:00Z,2026-07-31T01:15:00+0200,7478.2,MW,BE,BE,actual_load,Actual Load,2026-08-02T04:32:23Z
2026-08-02T04:32:20Z,2026-08-02T06:32:20+0200,7aafc1bd-8364-45d6-9e1e-5ae71b51b571,2026-07-30T23:30:00Z,2026-07-31T01:30:00+0200,7445.44,MW,BE,BE,actual_load,Actual Load,2026-08-02T04:32:23Z
2026-08-02T04:32:20Z,2026-08-02T06:32:20+0200,7aafc1bd-8364-45d6-9e1e-5ae71b51b571,2026-07-30T23:45:00Z,2026-07-31T01:45:00+0200,7392.41,MW,BE,BE,actual_load,Actual Load,2026-08-02T04:32:23Z
2026-08-02T04:32:20Z,2026-08-02T06:32:20+0200,7aafc1bd-8364-45d6-9e1e-5ae71b51b571,2026-07-31T00:00:00Z,2026-07-31T02:00:00+0200,7321.1,MW,BE,BE,actual_load,Actual Load,2026-08-02T04:32:23Z
2026-08-02T04:32:20Z,2026-08-02T06:32:20+0200,7aafc1bd-8364-45d6-9e1e-5ae71b51b571,2026-07-31T00:15:00Z,2026-07-31T02:15:00+0200,7253.02,MW,BE,BE,actual_load,Actual Load,2026-08-02T04:32:23Z
2026-08-02T04:32:20Z,2026-08-02T06:32:20+0200,7aafc1bd-8364-45d6-9e1e-5ae71b51b571,2026-07-31T00:30:00Z,2026-07-31T02:30:00+0200,7190.94,MW,BE,BE,actual_load,Actual Load,2026-08-02T04:32:23Z
2026-08-02T04:32:20Z,2026-08-02T06:32:20+0200,7aafc1bd-8364-45d6-9e1e-5ae71b51b571,2026-07-31T00:45:00Z,2026-07-31T02:45:00+0200,7203.04,MW,BE,BE,actual_load,Actual Load,2026-08-02T04:32:23Z
2026-08-02T04:32:20Z,2026-08-02T06:32:20+0200,7aafc1bd-8364-45d6-9e1e-5ae71b51b571,2026-07-31T01:00:00Z,2026-07-31T03:00:00+0200,7246.79,MW,BE,BE,actual_load,Actual Load,2026-08-02T04:32:23Z
2026-08-02T04:32:20Z,2026-08-02T06:32:20+0200,7aafc1bd-8364-45d6-9e1e-5ae71b51b571,2026-07-31T01:15:00Z,2026-07-31T03:15:00+0200,7219.13,MW,BE,BE,actual_load,Actual Load,2026-08-02T04:32:23Z
2026-08-02T04:32:20Z,2026-08-02T06:32:20+0200,7aafc1bd-8364-45d6-9e1e-5ae71b51b571,2026-07-31T01:30:00Z,2026-07-31T03:30:00+0200,7232.34,MW,BE,BE,actual_load,Actual Load,2026-08-02T04:32:23Z
2026-08-02T04:32:20Z,2026-08-02T06:32:20+0200,7aafc1bd-8364-45d6-9e1e-5ae71b51b571,2026-07-31T01:45:00Z,2026-07-31T03:45:00+0200,7204.26,MW,BE,BE,actual_load,Actual Load,2026-08-02T04:32:23Z
2026-08-02T04:32:20Z,2026-08-02T06:32:20+0200,7aafc1bd-8364-45d6-9e1e-5ae71b51b571,2026-07-31T02:00:00Z,2026-07-31T04:00:00+0200,7200.56,MW,BE,BE,actual_load,Actual Load,2026-08-02T04:32:23Z
2026-08-02T04:32:20Z,2026-08-02T06:32:20+0200,7aafc1bd-8364-45d6-9e1e-5ae71b51b571,2026-07-31T02:15:00Z,2026-07-31T04:15:00+0200,7191.98,MW,BE,BE,actual_load,Actual Load,2026-08-02T04:32:23Z
2026-08-02T04:32:20Z,2026-08-02T06:32:20+0200,7aafc1bd-8364-45d6-9e1e-5ae71b51b571,2026-07-31T02:30:00Z,2026-07-31T04:30:00+0200,7188.56,MW,BE,BE,actual_load,Actual Load,2026-08-02T04:32:23Z
2026-08-02T04:32:20Z,2026-08-02T06:32:20+0200,7aafc1bd-8364-45d6-9e1e-5ae71b51b571,2026-07-31T02:45:00Z,2026-07-31T04:45:00+0200,7233.31,MW,BE,BE,actual_load,Actual Load,2026-08-02T04:32:23Z
2026-08-02T04:32:20Z,2026-08-02T06:32:20+0200,7aafc1bd-8364-45d6-9e1e-5ae71b51b571,2026-07-31T03:00:00Z,2026-07-31T05:00:00+0200,7335.06,MW,BE,BE,actual_load,Actual Load,2026-08-02T04:32:23Z
2026-08-02T04:32:20Z,2026-08-02T06:32:20+0200,7aafc1bd-8364-45d6-9e1e-5ae71b51b571,2026-07-31T03:15:00Z,2026-07-31T05:15:00+0200,7369.07,MW,BE,BE,actual_load,Actual Load,2026-08-02T04:32:23Z
2026-08-02T04:32:20Z,2026-08-02T06:32:20+0200,7aafc1bd-8364-45d6-9e1e-5ae71b51b571,2026-07-31T03:30:00Z,2026-07-31T05:30:00+0200,7394.05,MW,BE,BE,actual_load,Actual Load,2026-08-02T04:32:23Z
2026-08-02T04:32:20Z,2026-08-02T06:32:20+0200,7aafc1bd-8364-45d6-9e1e-5ae71b51b571,2026-07-31T03:45:00Z,2026-07-31T05:45:00+0200,7508.83,MW,BE,BE,actual_load,Actual Load,2026-08-02T04:32:23Z
2026-08-02T04:32:20Z,2026-08-02T06:32:20+0200,7aafc1bd-8364-45d6-9e1e-5ae71b51b571,2026-07-31T04:00:00Z,2026-07-31T06:00:00+0200,7650.12,MW,BE,BE,actual_load,Actual Load,2026-08-02T04:32:23Z
2026-08-02T04:32:20Z,2026-08-02T06:32:20+0200,7aafc1bd-8364-45d6-9e1e-5ae71b51b571,2026-07-31T04:15:00Z,2026-07-31T06:15:00+0200,7719.38,MW,BE,BE,actual_load,Actual Load,2026-08-02T04:32:23Z
2026-08-02T04:32:20Z,2026-08-02T06:32:20+0200,7aafc1bd-8364-45d6-9e1e-5ae71b51b571,2026-07-31T04:30:00Z,2026-07-31T06:30:00+0200,7856.73,MW,BE,BE,actual_load,Actual Load,2026-08-02T04:32:23Z
2026-08-02T04:32:20Z,2026-08-02T06:32:20+0200,7aafc1bd-8364-45d6-9e1e-5ae71b51b571,2026-07-31T04:45:00Z,2026-07-31T06:45:00+0200,7950.88,MW,BE,BE,actual_load,Actual Load,2026-08-02T04:32:23Z
2026-08-02T04:32:20Z,2026-08-02T06:32:20+0200,7aafc1bd-8364-45d6-9e1e-5ae71b51b571,2026-07-31T05:00:00Z,2026-07-31T07:00:00+0200,8076.69,MW,BE,BE,actual_load,Actual Load,2026-08-02T04:32:23Z
2026-08-02T04:32:20Z,2026-08-02T06:32:20+0200,7aafc1bd-8364-45d6-9e1e-5ae71b51b571,2026-07-31T05:15:00Z,2026-07-31T07:15:00+0200,8245.01,MW,BE,BE,actual_load,Actual Load,2026-08-02T04:32:23Z
2026-08-02T04:32:20Z,2026-08-02T06:32:20+0200,7aafc1bd-8364-45d6-9e1e-5ae71b51b571,2026-07-31T05:30:00Z,2026-07-31T07:30:00+0200,8386.15,MW,BE,BE,actual_load,Actual Load,2026-08-02T04:32:23Z
2026-08-02T04:32:20Z,2026-08-02T06:32:20+0200,7aafc1bd-8364-45d6-9e1e-5ae71b51b571,2026-07-31T05:45:00Z,2026-07-31T07:45:00+0200,8481.13,MW,BE,BE,actual_load,Actual Load,2026-08-02T04:32:23Z
2026-08-02T04:32:20Z,2026-08-02T06:32:20+0200,7aafc1bd-8364-45d6-9e1e-5ae71b51b571,2026-07-31T06:00:00Z,2026-07-31T08:00:00+0200,8582.51,MW,BE,BE,actual_load,Actual Load,2026-08-02T04:32:23Z
2026-08-02T04:32:20Z,2026-08-02T06:32:20+0200,7aafc1bd-8364-45d6-9e1e-5ae71b51b571,2026-07-31T06:15:00Z,2026-07-31T08:15:00+0200,8738.57,MW,BE,BE,actual_load,Actual Load,2026-08-02T04:32:23Z
2026-08-02T04:32:20Z,2026-08-02T06:32:20+0200,7aafc1bd-8364-45d6-9e1e-5ae71b51b571,2026-07-31T06:30:00Z,2026-07-31T08:30:00+0200,8942.45,MW,BE,BE,actual_load,Actual Load,2026-08-02T04:32:23Z
2026-08-02T04:32:20Z,2026-08-02T06:32:20+0200,7aafc1bd-8364-45d6-9e1e-5ae71b51b571,2026-07-31T06:45:00Z,2026-07-31T08:45:00+0200,9140.1,MW,BE,BE,actual_load,Actual Load,2026-08-02T04:32:23Z
2026-08-02T04:32:20Z,2026-08-02T06:32:20+0200,7aafc1bd-8364-45d6-9e1e-5ae71b51b571,2026-07-31T07:00:00Z,2026-07-31T09:00:00+0200,9234.49,MW,BE,BE,actual_load,Actual Load,2026-08-02T04:32:23Z
2026-08-02T04:32:20Z,2026-08-02T06:32:20+0200,7aafc1bd-8364-45d6-9e1e-5ae71b51b571,2026-07-31T07:15:00Z,2026-07-31T09:15:00+0200,9267.88,MW,BE,BE,actual_load,Actual Load,2026-08-02T04:32:23Z
2026-08-02T04:32:20Z,2026-08-02T06:32:20+0200,7aafc1bd-8364-45d6-9e1e-5ae71b51b571,2026-07-31T07:30:00Z,2026-07-31T09:30:00+0200,9323.92,MW,BE,BE,actual_load,Actual Load,2026-08-02T04:32:23Z
2026-08-02T04:32:20Z,2026-08-02T06:32:20+0200,7aafc1bd-8364-45d6-9e1e-5ae71b51b571,2026-07-31T07:45:00Z,2026-07-31T09:45:00+0200,9250.13,MW,BE,BE,actual_load,Actual Load,2026-08-02T04:32:23Z
2026-08-02T04:32:20Z,2026-08-02T06:32:20+0200,7aafc1bd-8364-45d6-9e1e-5ae71b51b571,2026-07-31T08:00:00Z,2026-07-31T10:00:00+0200,9465.91,MW,BE,BE,actual_load,Actual Load,2026-08-02T04:32:23Z
2026-08-02T04:32:20Z,2026-08-02T06:32:20+0200,7aafc1bd-8364-45d6-9e1e-5ae71b51b571,2026-07-31T08:15:00Z,2026-07-31T10:15:00+0200,9552.24,MW,BE,BE,actual_load,Actual Load,2026-08-02T04:32:23Z
2026-08-02T04:32:20Z,2026-08-02T06:32:20+0200,7aafc1bd-8364-45d6-9e1e-5ae71b51b571,2026-07-31T08:30:00Z,2026-07-31T10:30:00+0200,9524.81,MW,BE,BE,actual_load,Actual Load,2026-08-02T04:32:23Z
2026-08-02T04:32:20Z,2026-08-02T06:32:20+0200,7aafc1bd-8364-45d6-9e1e-5ae71b51b571,2026-07-31T08:45:00Z,2026-07-31T10:45:00+0200,9917.77,MW,BE,BE,actual_load,Actual Load,2026-08-02T04:32:23Z
2026-08-02T04:32:20Z,2026-08-02T06:32:20+0200,7aafc1bd-8364-45d6-9e1e-5ae71b51b571,2026-07-31T09:00:00Z,2026-07-31T11:00:00+0200,9833.1,MW,BE,BE,actual_load,Actual Load,2026-08-02T04:32:23Z
2026-08-02T04:32:20Z,2026-08-02T06:32:20+0200,7aafc1bd-8364-45d6-9e1e-5ae71b51b571,2026-07-31T09:15:00Z,2026-07-31T11:15:00+0200,9990.05,MW,BE,BE,actual_load,Actual Load,2026-08-02T04:32:23Z
2026-08-02T04:32:20Z,2026-08-02T06:32:20+0200,7aafc1bd-8364-45d6-9e1e-5ae71b51b571,2026-07-31T09:30:00Z,2026-07-31T11:30:00+0200,10114.11,MW,BE,BE,actual_load,Actual Load,2026-08-02T04:32:23Z
2026-08-02T04:32:20Z,2026-08-02T06:32:20+0200,7aafc1bd-8364-45d6-9e1e-5ae71b51b571,2026-07-31T09:45:00Z,2026-07-31T11:45:00+0200,10097.85,MW,BE,BE,actual_load,Actual Load,2026-08-02T04:32:23Z
2026-08-02T04:32:20Z,2026-08-02T06:32:20+0200,7aafc1bd-8364-45d6-9e1e-5ae71b51b571,2026-07-31T10:00:00Z,2026-07-31T12:00:00+0200,10092.14,MW,BE,BE,actual_load,Actual Load,2026-08-02T04:32:23Z
2026-08-02T04:32:20Z,2026-08-02T06:32:20+0200,7aafc1bd-8364-45d6-9e1e-5ae71b51b571,2026-07-31T10:15:00Z,2026-07-31T12:15:00+0200,9988.21,MW,BE,BE,actual_load,Actual Load,2026-08-02T04:32:23Z
2026-08-02T04:32:20Z,2026-08-02T06:32:20+0200,7aafc1bd-8364-45d6-9e1e-5ae71b51b571,2026-07-31T10:30:00Z,2026-07-31T12:30:00+0200,9938.03,MW,BE,BE,actual_load,Actual Load,2026-08-02T04:32:23Z
2026-08-02T04:32:20Z,2026-08-02T06:32:20+0200,7aafc1bd-8364-45d6-9e1e-5ae71b51b571,2026-07-31T10:45:00Z,2026-07-31T12:45:00+0200,9850.18,MW,BE,BE,actual_load,Actual Load,2026-08-02T04:32:23Z
2026-08-02T04:32:20Z,2026-08-02T06:32:20+0200,7aafc1bd-8364-45d6-9e1e-5ae71b51b571,2026-07-31T11:00:00Z,2026-07-31T13:00:00+0200,9853.16,MW,BE,BE,actual_load,Actual Load,2026-08-02T04:32:23Z
2026-08-02T04:32:20Z,2026-08-02T06:32:20+0200,7aafc1bd-8364-45d6-9e1e-5ae71b51b571,2026-07-31T11:15:00Z,2026-07-31T13:15:00+0200,9887.08,MW,BE,BE,actual_load,Actual Load,2026-08-02T04:32:23Z
2026-08-02T04:32:20Z,2026-08-02T06:32:20+0200,7aafc1bd-8364-45d6-9e1e-5ae71b51b571,2026-07-31T11:30:00Z,2026-07-31T13:30:00+0200,9725.56,MW,BE,BE,actual_load,Actual Load,2026-08-02T04:32:23Z
2026-08-02T04:32:20Z,2026-08-02T06:32:20+0200,7aafc1bd-8364-45d6-9e1e-5ae71b51b571,2026-07-31T11:45:00Z,2026-07-31T13:45:00+0200,9759.44,MW,BE,BE,actual_load,Actual Load,2026-08-02T04:32:23Z
2026-08-02T04:32:20Z,2026-08-02T06:32:20+0200,7aafc1bd-8364-45d6-9e1e-5ae71b51b571,2026-07-31T12:00:00Z,2026-07-31T14:00:00+0200,9595.82,MW,BE,BE,actual_load,Actual Load,2026-08-02T04:32:23Z
2026-08-02T04:32:20Z,2026-08-02T06:32:20+0200,7aafc1bd-8364-45d6-9e1e-5ae71b51b571,2026-07-31T12:15:00Z,2026-07-31T14:15:00+0200,9520.29,MW,BE,BE,actual_load,Actual Load,2026-08-02T04:32:23Z
2026-08-02T04:32:20Z,2026-08-02T06:32:20+0200,7aafc1bd-8364-45d6-9e1e-5ae71b51b571,2026-07-31T12:30:00Z,2026-07-31T14:30:00+0200,9571.53,MW,BE,BE,actual_load,Actual Load,2026-08-02T04:32:23Z
2026-08-02T04:32:20Z,2026-08-02T06:32:20+0200,7aafc1bd-8364-45d6-9e1e-5ae71b51b571,2026-07-31T12:45:00Z,2026-07-31T14:45:00+0200,9392.4,MW,BE,BE,actual_load,Actual Load,2026-08-02T04:32:23Z
2026-08-02T04:32:20Z,2026-08-02T06:32:20+0200,7aafc1bd-8364-45d6-9e1e-5ae71b51b571,2026-07-31T13:00:00Z,2026-07-31T15:00:00+0200,9576.21,MW,BE,BE,actual_load,Actual Load,2026-08-02T04:32:23Z
2026-08-02T04:32:20Z,2026-08-02T06:32:20+0200,7aafc1bd-8364-45d6-9e1e-5ae71b51b571,2026-07-31T13:15:00Z,2026-07-31T15:15:00+0200,9402.65,MW,BE,BE,actual_load,Actual Load,2026-08-02T04:32:23Z
2026-08-02T04:32:20Z,2026-08-02T06:32:20+0200,7aafc1bd-8364-45d6-9e1e-5ae71b51b571,2026-07-31T13:30:00Z,2026-07-31T15:30:00+0200,9307.63,MW,BE,BE,actual_load,Actual Load,2026-08-02T04:32:23Z
2026-08-02T04:32:20Z,2026-08-02T06:32:20+0200,7aafc1bd-8364-45d6-9e1e-5ae71b51b571,2026-07-31T13:45:00Z,2026-07-31T15:45:00+0200,9251.0,MW,BE,BE,actual_load,Actual Load,2026-08-02T04:32:23Z
2026-08-02T04:32:20Z,2026-08-02T06:32:20+0200,7aafc1bd-8364-45d6-9e1e-5ae71b51b571,2026-07-31T14:00:00Z,2026-07-31T16:00:00+0200,9201.45,MW,BE,BE,actual_load,Actual Load,2026-08-02T04:32:23Z
2026-08-02T04:32:20Z,2026-08-02T06:32:20+0200,7aafc1bd-8364-45d6-9e1e-5ae71b51b571,2026-07-31T14:15:00Z,2026-07-31T16:15:00+0200,9054.42,MW,BE,BE,actual_load,Actual Load,2026-08-02T04:32:23Z
2026-08-02T04:32:20Z,2026-08-02T06:32:20+0200,7aafc1bd-8364-45d6-9e1e-5ae71b51b571,2026-07-31T14:30:00Z,2026-07-31T16:30:00+0200,8921.63,MW,BE,BE,actual_load,Actual Load,2026-08-02T04:32:23Z
2026-08-02T04:32:20Z,2026-08-02T06:32:20+0200,7aafc1bd-8364-45d6-9e1e-5ae71b51b571,2026-07-31T14:45:00Z,2026-07-31T16:45:00+0200,8882.38,MW,BE,BE,actual_load,Actual Load,2026-08-02T04:32:23Z
2026-08-02T04:32:20Z,2026-08-02T06:32:20+0200,7aafc1bd-8364-45d6-9e1e-5ae71b51b571,2026-07-31T15:00:00Z,2026-07-31T17:00:00+0200,8976.24,MW,BE,BE,actual_load,Actual Load,2026-08-02T04:32:23Z
2026-08-02T04:32:20Z,2026-08-02T06:32:20+0200,7aafc1bd-8364-45d6-9e1e-5ae71b51b571,2026-07-31T15:15:00Z,2026-07-31T17:15:00+0200,8779.74,MW,BE,BE,actual_load,Actual Load,2026-08-02T04:32:23Z
2026-08-02T04:32:20Z,2026-08-02T06:32:20+0200,7aafc1bd-8364-45d6-9e1e-5ae71b51b571,2026-07-31T15:30:00Z,2026-07-31T17:30:00+0200,8787.43,MW,BE,BE,actual_load,Actual Load,2026-08-02T04:32:23Z
2026-08-02T04:32:20Z,2026-08-02T06:32:20+0200,7aafc1bd-8364-45d6-9e1e-5ae71b51b571,2026-07-31T15:45:00Z,2026-07-31T17:45:00+0200,8843.7,MW,BE,BE,actual_load,Actual Load,2026-08-02T04:32:23Z
2026-08-02T04:32:20Z,2026-08-02T06:32:20+0200,7aafc1bd-8364-45d6-9e1e-5ae71b51b571,2026-07-31T16:00:00Z,2026-07-31T18:00:00+0200,8765.39,MW,BE,BE,actual_load,Actual Load,2026-08-02T04:32:23Z
2026-08-02T04:32:20Z,2026-08-02T06:32:20+0200,7aafc1bd-8364-45d6-9e1e-5ae71b51b571,2026-07-31T16:15:00Z,2026-07-31T18:15:00+0200,8797.52,MW,BE,BE,actual_load,Actual Load,2026-08-02T04:32:23Z
2026-08-02T04:32:20Z,2026-08-02T06:32:20+0200,7aafc1bd-8364-45d6-9e1e-5ae71b51b571,2026-07-31T16:30:00Z,2026-07-31T18:30:00+0200,8884.17,MW,BE,BE,actual_load,Actual Load,2026-08-02T04:32:23Z
2026-08-02T04:32:20Z,2026-08-02T06:32:20+0200,7aafc1bd-8364-45d6-9e1e-5ae71b51b571,2026-07-31T16:45:00Z,2026-07-31T18:45:00+0200,8939.28,MW,BE,BE,actual_load,Actual Load,2026-08-02T04:32:23Z
2026-08-02T04:32:20Z,2026-08-02T06:32:20+0200,7aafc1bd-8364-45d6-9e1e-5ae71b51b571,2026-07-31T17:00:00Z,2026-07-31T19:00:00+0200,8937.3,MW,BE,BE,actual_load,Actual Load,2026-08-02T04:32:23Z
2026-08-02T04:32:20Z,2026-08-02T06:32:20+0200,7aafc1bd-8364-45d6-9e1e-5ae71b51b571,2026-07-31T17:15:00Z,2026-07-31T19:15:00+0200,8975.49,MW,BE,BE,actual_load,Actual Load,2026-08-02T04:32:23Z
2026-08-02T04:32:20Z,2026-08-02T06:32:20+0200,7aafc1bd-8364-45d6-9e1e-5ae71b51b571,2026-07-31T17:30:00Z,2026-07-31T19:30:00+0200,8974.4,MW,BE,BE,actual_load,Actual Load,2026-08-02T04:32:23Z
2026-08-02T04:32:20Z,2026-08-02T06:32:20+0200,7aafc1bd-8364-45d6-9e1e-5ae71b51b571,2026-07-31T17:45:00Z,2026-07-31T19:45:00+0200,8900.68,MW,BE,BE,actual_load,Actual Load,2026-08-02T04:32:23Z
2026-08-02T04:32:20Z,2026-08-02T06:32:20+0200,7aafc1bd-8364-45d6-9e1e-5ae71b51b571,2026-07-31T18:00:00Z,2026-07-31T20:00:00+0200,8815.16,MW,BE,BE,actual_load,Actual Load,2026-08-02T04:32:23Z
2026-08-02T04:32:20Z,2026-08-02T06:32:20+0200,7aafc1bd-8364-45d6-9e1e-5ae71b51b571,2026-07-31T18:15:00Z,2026-07-31T20:15:00+0200,8683.59,MW,BE,BE,actual_load,Actual Load,2026-08-02T04:32:23Z
2026-08-02T04:32:20Z,2026-08-02T06:32:20+0200,7aafc1bd-8364-45d6-9e1e-5ae71b51b571,2026-07-31T18:30:00Z,2026-07-31T20:30:00+0200,8626.44,MW,BE,BE,actual_load,Actual Load,2026-08-02T04:32:23Z
2026-08-02T04:32:20Z,2026-08-02T06:32:20+0200,7aafc1bd-8364-45d6-9e1e-5ae71b51b571,2026-07-31T18:45:00Z,2026-07-31T20:45:00+0200,8586.71,MW,BE,BE,actual_load,Actual Load,2026-08-02T04:32:23Z
2026-08-02T04:32:20Z,2026-08-02T06:32:20+0200,7aafc1bd-8364-45d6-9e1e-5ae71b51b571,2026-07-31T19:00:00Z,2026-07-31T21:00:00+0200,8574.52,MW,BE,BE,actual_load,Actual Load,2026-08-02T04:32:23Z
2026-08-02T04:32:20Z,2026-08-02T06:32:20+0200,7aafc1bd-8364-45d6-9e1e-5ae71b51b571,2026-07-31T19:15:00Z,2026-07-31T21:15:00+0200,8487.28,MW,BE,BE,actual_load,Actual Load,2026-08-02T04:32:23Z
2026-08-02T04:32:20Z,2026-08-02T06:32:20+0200,7aafc1bd-8364-45d6-9e1e-5ae71b51b571,2026-07-31T19:30:00Z,2026-07-31T21:30:00+0200,8416.7,MW,BE,BE,actual_load,Actual Load,2026-08-02T04:32:23Z
2026-08-02T04:32:20Z,2026-08-02T06:32:20+0200,7aafc1bd-8364-45d6-9e1e-5ae71b51b571,2026-07-31T19:45:00Z,2026-07-31T21:45:00+0200,8415.16,MW,BE,BE,actual_load,Actual Load,2026-08-02T04:32:23Z
2026-08-02T04:32:20Z,2026-08-02T06:32:20+0200,7aafc1bd-8364-45d6-9e1e-5ae71b51b571,2026-07-31T20:00:00Z,2026-07-31T22:00:00+0200,8251.1,MW,BE,BE,actual_load,Actual Load,2026-08-02T04:32:23Z
2026-08-02T04:32:20Z,2026-08-02T06:32:20+0200,7aafc1bd-8364-45d6-9e1e-5ae71b51b571,2026-07-31T20:15:00Z,2026-07-31T22:15:00+0200,8254.69,MW,BE,BE,actual_load,Actual Load,2026-08-02T04:32:23Z
2026-08-02T04:32:20Z,2026-08-02T06:32:20+0200,7aafc1bd-8364-45d6-9e1e-5ae71b51b571,2026-07-31T20:30:00Z,2026-07-31T22:30:00+0200,8255.63,MW,BE,BE,actual_load,Actual Load,2026-08-02T04:32:23Z
2026-08-02T04:32:20Z,2026-08-02T06:32:20+0200,7aafc1bd-8364-45d6-9e1e-5ae71b51b571,2026-07-31T20:45:00Z,2026-07-31T22:45:00+0200,8251.68,MW,BE,BE,actual_load,Actual Load,2026-08-02T04:32:23Z
2026-08-02T04:32:20Z,2026-08-02T06:32:20+0200,7aafc1bd-8364-45d6-9e1e-5ae71b51b571,2026-07-31T21:00:00Z,2026-07-31T23:00:00+0200,8123.24,MW,BE,BE,actual_load,Actual Load,2026-08-02T04:32:23Z
2026-08-02T04:32:20Z,2026-08-02T06:32:20+0200,7aafc1bd-8364-45d6-9e1e-5ae71b51b571,2026-07-31T21:15:00Z,2026-07-31T23:15:00+0200,8058.95,MW,BE,BE,actual_load,Actual Load,2026-08-02T04:32:23Z
2026-08-02T04:32:20Z,2026-08-02T06:32:20+0200,7aafc1bd-8364-45d6-9e1e-5ae71b51b571,2026-07-31T21:30:00Z,2026-07-31T23:30:00+0200,7931.63,MW,BE,BE,actual_load,Actual Load,2026-08-02T04:32:23Z
2026-08-02T04:32:20Z,2026-08-02T06:32:20+0200,7aafc1bd-8364-45d6-9e1e-5ae71b51b571,2026-07-31T21:45:00Z,2026-07-31T23:45:00+0200,7811.8,MW,BE,BE,actual_load,Actual Load,2026-08-02T04:32:23Z
2026-08-02T04:32:20Z,2026-08-02T06:32:20+0200,7aafc1bd-8364-45d6-9e1e-5ae71b51b571,2026-07-31T22:00:00Z,2026-08-01T00:00:00+0200,7591.65,MW,BE,BE,actual_load,Actual Load,2026-08-02T04:32:23Z
2026-08-02T04:32:20Z,2026-08-02T06:32:20+0200,7aafc1bd-8364-45d6-9e1e-5ae71b51b571,2026-07-31T22:15:00Z,2026-08-01T00:15:00+0200,7437.04,MW,BE,BE,actual_load,Actual Load,2026-08-02T04:32:23Z
2026-08-02T04:32:20Z,2026-08-02T06:32:20+0200,7aafc1bd-8364-45d6-9e1e-5ae71b51b571,2026-07-31T22:30:00Z,2026-08-01T00:30:00+0200,7329.24,MW,BE,BE,actual_load,Actual Load,2026-08-02T04:32:23Z
2026-08-02T04:32:20Z,2026-08-02T06:32:20+0200,7aafc1bd-8364-45d6-9e1e-5ae71b51b571,2026-07-31T22:45:00Z,2026-08-01T00:45:00+0200,7332.96,MW,BE,BE,actual_load,Actual Load,2026-08-02T04:32:23Z
2026-08-02T04:32:20Z,2026-08-02T06:32:20+0200,7aafc1bd-8364-45d6-9e1e-5ae71b51b571,2026-07-31T23:00:00Z,2026-08-01T01:00:00+0200,7272.58,MW,BE,BE,actual_load,Actual Load,2026-08-02T04:32:23Z
2026-08-02T04:32:20Z,2026-08-02T06:32:20+0200,7aafc1bd-8364-45d6-9e1e-5ae71b51b571,2026-07-31T23:15:00Z,2026-08-01T01:15:00+0200,7205.61,MW,BE,BE,actual_load,Actual Load,2026-08-02T04:32:23Z
2026-08-02T04:32:20Z,2026-08-02T06:32:20+0200,7aafc1bd-8364-45d6-9e1e-5ae71b51b571,2026-07-31T23:30:00Z,2026-08-01T01:30:00+0200,7142.2,MW,BE,BE,actual_load,Actual Load,2026-08-02T04:32:23Z
2026-08-02T04:32:20Z,2026-08-02T06:32:20+0200,7aafc1bd-8364-45d6-9e1e-5ae71b51b571,2026-07-31T23:45:00Z,2026-08-01T01:45:00+0200,7065.8,MW,BE,BE,actual_load,Actual Load,2026-08-02T04:32:23Z
2026-08-02T04:32:20Z,2026-08-02T06:32:20+0200,7aafc1bd-8364-45d6-9e1e-5ae71b51b571,2026-08-01T00:00:00Z,2026-08-01T02:00:00+0200,7007.03,MW,BE,BE,actual_load,Actual Load,2026-08-02T04:32:23Z
2026-08-02T04:32:20Z,2026-08-02T06:32:20+0200,7aafc1bd-8364-45d6-9e1e-5ae71b51b571,2026-08-01T00:15:00Z,2026-08-01T02:15:00+0200,6972.66,MW,BE,BE,actual_load,Actual Load,2026-08-02T04:32:23Z
2026-08-02T04:32:20Z,2026-08-02T06:32:20+0200,7aafc1bd-8364-45d6-9e1e-5ae71b51b571,2026-08-01T00:30:00Z,2026-08-01T02:30:00+0200,6933.97,MW,BE,BE,actual_load,Actual Load,2026-08-02T04:32:23Z
2026-08-02T04:32:20Z,2026-08-02T06:32:20+0200,7aafc1bd-8364-45d6-9e1e-5ae71b51b571,2026-08-01T00:45:00Z,2026-08-01T02:45:00+0200,6890.23,MW,BE,BE,actual_load,Actual Load,2026-08-02T04:32:23Z
2026-08-02T04:32:20Z,2026-08-02T06:32:20+0200,7aafc1bd-8364-45d6-9e1e-5ae71b51b571,2026-08-01T01:00:00Z,2026-08-01T03:00:00+0200,6872.06,MW,BE,BE,actual_load,Actual Load,2026-08-02T04:32:23Z
2026-08-02T04:32:20Z,2026-08-02T06:32:20+0200,7aafc1bd-8364-45d6-9e1e-5ae71b51b571,2026-08-01T01:15:00Z,2026-08-01T03:15:00+0200,6872.87,MW,BE,BE,actual_load,Actual Load,2026-08-02T04:32:23Z
2026-08-02T04:32:20Z,2026-08-02T06:32:20+0200,7aafc1bd-8364-45d6-9e1e-5ae71b51b571,2026-08-01T01:30:00Z,2026-08-01T03:30:00+0200,6831.08,MW,BE,BE,actual_load,Actual Load,2026-08-02T04:32:23Z
2026-08-02T04:32:20Z,2026-08-02T06:32:20+0200,7aafc1bd-8364-45d6-9e1e-5ae71b51b571,2026-08-01T01:45:00Z,2026-08-01T03:45:00+0200,6778.92,MW,BE,BE,actual_load,Actual Load,2026-08-02T04:32:23Z
2026-08-02T04:32:20Z,2026-08-02T06:32:20+0200,7aafc1bd-8364-45d6-9e1e-5ae71b51b571,2026-08-01T02:00:00Z,2026-08-01T04:00:00+0200,6713.75,MW,BE,BE,actual_load,Actual Load,2026-08-02T04:32:23Z
2026-08-02T04:32:20Z,2026-08-02T06:32:20+0200,7aafc1bd-8364-45d6-9e1e-5ae71b51b571,2026-08-01T02:15:00Z,2026-08-01T04:15:00+0200,6676.85,MW,BE,BE,actual_load,Actual Load,2026-08-02T04:32:23Z
2026-08-02T04:32:20Z,2026-08-02T06:32:20+0200,7aafc1bd-8364-45d6-9e1e-5ae71b51b571,2026-08-01T02:30:00Z,2026-08-01T04:30:00+0200,6661.22,MW,BE,BE,actual_load,Actual Load,2026-08-02T04:32:23Z
2026-08-02T04:32:20Z,2026-08-02T06:32:20+0200,7aafc1bd-8364-45d6-9e1e-5ae71b51b571,2026-08-01T02:45:00Z,2026-08-01T04:45:00+0200,6696.44,MW,BE,BE,actual_load,Actual Load,2026-08-02T04:32:23Z
2026-08-02T04:32:20Z,2026-08-02T06:32:20+0200,7aafc1bd-8364-45d6-9e1e-5ae71b51b571,2026-08-01T03:00:00Z,2026-08-01T05:00:00+0200,6741.67,MW,BE,BE,actual_load,Actual Load,2026-08-02T04:32:23Z
2026-08-02T04:32:20Z,2026-08-02T06:32:20+0200,7aafc1bd-8364-45d6-9e1e-5ae71b51b571,2026-08-01T03:15:00Z,2026-08-01T05:15:00+0200,6760.47,MW,BE,BE,actual_load,Actual Load,2026-08-02T04:32:23Z
2026-08-02T04:32:20Z,2026-08-02T06:32:20+0200,7aafc1bd-8364-45d6-9e1e-5ae71b51b571,2026-08-01T03:30:00Z,2026-08-01T05:30:00+0200,6779.24,MW,BE,BE,actual_load,Actual Load,2026-08-02T04:32:23Z
2026-08-02T04:32:20Z,2026-08-02T06:32:20+0200,7aafc1bd-8364-45d6-9e1e-5ae71b51b571,2026-08-01T03:45:00Z,2026-08-01T05:45:00+0200,6759.96,MW,BE,BE,actual_load,Actual Load,2026-08-02T04:32:23Z
2026-08-02T04:32:20Z,2026-08-02T06:32:20+0200,7aafc1bd-8364-45d6-9e1e-5ae71b51b571,2026-08-01T04:00:00Z,2026-08-01T06:00:00+0200,6740.58,MW,BE,BE,actual_load,Actual Load,2026-08-02T04:32:23Z
2026-08-02T04:32:20Z,2026-08-02T06:32:20+0200,7aafc1bd-8364-45d6-9e1e-5ae71b51b571,2026-08-01T04:15:00Z,2026-08-01T06:15:00+0200,6724.87,MW,BE,BE,actual_load,Actual Load,2026-08-02T04:32:23Z
2026-08-02T04:32:20Z,2026-08-02T06:32:20+0200,7aafc1bd-8364-45d6-9e1e-5ae71b51b571,2026-08-01T04:30:00Z,2026-08-01T06:30:00+0200,6763.9,MW,BE,BE,actual_load,Actual Load,2026-08-02T04:32:23Z
2026-08-02T04:32:20Z,2026-08-02T06:32:20+0200,7aafc1bd-8364-45d6-9e1e-5ae71b51b571,2026-08-01T04:45:00Z,2026-08-01T06:45:00+0200,6851.49,MW,BE,BE,actual_load,Actual Load,2026-08-02T04:32:23Z
2026-08-02T04:32:20Z,2026-08-02T06:32:20+0200,7aafc1bd-8364-45d6-9e1e-5ae71b51b571,2026-08-01T05:00:00Z,2026-08-01T07:00:00+0200,6888.79,MW,BE,BE,actual_load,Actual Load,2026-08-02T04:32:23Z
2026-08-02T04:32:20Z,2026-08-02T06:32:20+0200,7aafc1bd-8364-45d6-9e1e-5ae71b51b571,2026-08-01T05:15:00Z,2026-08-01T07:15:00+0200,6962.11,MW,BE,BE,actual_load,Actual Load,2026-08-02T04:32:23Z
2026-08-02T04:32:20Z,2026-08-02T06:32:20+0200,7aafc1bd-8364-45d6-9e1e-5ae71b51b571,2026-08-01T05:30:00Z,2026-08-01T07:30:00+0200,7013.9,MW,BE,BE,actual_load,Actual Load,2026-08-02T04:32:23Z
2026-08-02T04:32:20Z,2026-08-02T06:32:20+0200,7aafc1bd-8364-45d6-9e1e-5ae71b51b571,2026-08-01T05:45:00Z,2026-08-01T07:45:00+0200,7056.58,MW,BE,BE,actual_load,Actual Load,2026-08-02T04:32:23Z
2026-08-02T04:32:20Z,2026-08-02T06:32:20+0200,7aafc1bd-8364-45d6-9e1e-5ae71b51b571,2026-08-01T06:00:00Z,2026-08-01T08:00:00+0200,7072.32,MW,BE,BE,actual_load,Actual Load,2026-08-02T04:32:23Z
2026-08-02T04:32:20Z,2026-08-02T06:32:20+0200,7aafc1bd-8364-45d6-9e1e-5ae71b51b571,2026-08-01T06:15:00Z,2026-08-01T08:15:00+0200,7200.08,MW,BE,BE,actual_load,Actual Load,2026-08-02T04:32:23Z
2026-08-02T04:32:20Z,2026-08-02T06:32:20+0200,7aafc1bd-8364-45d6-9e1e-5ae71b51b571,2026-08-01T06:30:00Z,2026-08-01T08:30:00+0200,7341.11,MW,BE,BE,actual_load,Actual Load,2026-08-02T04:32:23Z
2026-08-02T04:32:20Z,2026-08-02T06:32:20+0200,7aafc1bd-8364-45d6-9e1e-5ae71b51b571,2026-08-01T06:45:00Z,2026-08-01T08:45:00+0200,7502.2,MW,BE,BE,actual_load,Actual Load,2026-08-02T04:32:23Z
2026-08-02T04:32:20Z,2026-08-02T06:32:20+0200,7aafc1bd-8364-45d6-9e1e-5ae71b51b571,2026-08-01T07:00:00Z,2026-08-01T09:00:00+0200,7560.58,MW,BE,BE,actual_load,Actual Load,2026-08-02T04:32:23Z
2026-08-02T04:32:20Z,2026-08-02T06:32:20+0200,7aafc1bd-8364-45d6-9e1e-5ae71b51b571,2026-08-01T07:15:00Z,2026-08-01T09:15:00+0200,7685.06,MW,BE,BE,actual_load,Actual Load,2026-08-02T04:32:23Z
2026-08-02T04:32:20Z,2026-08-02T06:32:20+0200,7aafc1bd-8364-45d6-9e1e-5ae71b51b571,2026-08-01T07:30:00Z,2026-08-01T09:30:00+0200,7826.48,MW,BE,BE,actual_load,Actual Load,2026-08-02T04:32:23Z
2026-08-02T04:32:20Z,2026-08-02T06:32:20+0200,7aafc1bd-8364-45d6-9e1e-5ae71b51b571,2026-08-01T07:45:00Z,2026-08-01T09:45:00+0200,7892.33,MW,BE,BE,actual_load,Actual Load,2026-08-02T04:32:23Z
2026-08-02T04:32:20Z,2026-08-02T06:32:20+0200,7aafc1bd-8364-45d6-9e1e-5ae71b51b571,2026-08-01T08:00:00Z,2026-08-01T10:00:00+0200,7944.35,MW,BE,BE,actual_load,Actual Load,2026-08-02T04:32:23Z
2026-08-02T04:32:20Z,2026-08-02T06:32:20+0200,7aafc1bd-8364-45d6-9e1e-5ae71b51b571,2026-08-01T08:15:00Z,2026-08-01T10:15:00+0200,8067.15,MW,BE,BE,actual_load,Actual Load,2026-08-02T04:32:23Z
2026-08-02T04:32:20Z,2026-08-02T06:32:20+0200,7aafc1bd-8364-45d6-9e1e-5ae71b51b571,2026-08-01T08:30:00Z,2026-08-01T10:30:00+0200,8117.69,MW,BE,BE,actual_load,Actual Load,2026-08-02T04:32:23Z
2026-08-02T04:32:20Z,2026-08-02T06:32:20+0200,7aafc1bd-8364-45d6-9e1e-5ae71b51b571,2026-08-01T08:45:00Z,2026-08-01T10:45:00+0200,8201.79,MW,BE,BE,actual_load,Actual Load,2026-08-02T04:32:23Z
2026-08-02T04:32:20Z,2026-08-02T06:32:20+0200,7aafc1bd-8364-45d6-9e1e-5ae71b51b571,2026-08-01T09:00:00Z,2026-08-01T11:00:00+0200,8333.88,MW,BE,BE,actual_load,Actual Load,2026-08-02T04:32:23Z
2026-08-02T04:32:20Z,2026-08-02T06:32:20+0200,7aafc1bd-8364-45d6-9e1e-5ae71b51b571,2026-08-01T09:15:00Z,2026-08-01T11:15:00+0200,8426.59,MW,BE,BE,actual_load,Actual Load,2026-08-02T04:32:23Z
2026-08-02T04:32:20Z,2026-08-02T06:32:20+0200,7aafc1bd-8364-45d6-9e1e-5ae71b51b571,2026-08-01T09:30:00Z,2026-08-01T11:30:00+0200,8535.08,MW,BE,BE,actual_load,Actual Load,2026-08-02T04:32:23Z
2026-08-02T04:32:20Z,2026-08-02T06:32:20+0200,7aafc1bd-8364-45d6-9e1e-5ae71b51b571,2026-08-01T09:45:00Z,2026-08-01T11:45:00+0200,8886.47,MW,BE,BE,actual_load,Actual Load,2026-08-02T04:32:23Z
2026-08-02T04:32:20Z,2026-08-02T06:32:20+0200,7aafc1bd-8364-45d6-9e1e-5ae71b51b571,2026-08-01T10:00:00Z,2026-08-01T12:00:00+0200,8918.97,MW,BE,BE,actual_load,Actual Load,2026-08-02T04:32:23Z
2026-08-02T04:32:20Z,2026-08-02T06:32:20+0200,7aafc1bd-8364-45d6-9e1e-5ae71b51b571,2026-08-01T10:15:00Z,2026-08-01T12:15:00+0200,9032.31,MW,BE,BE,actual_load,Actual Load,2026-08-02T04:32:23Z
2026-08-02T04:32:20Z,2026-08-02T06:32:20+0200,7aafc1bd-8364-45d6-9e1e-5ae71b51b571,2026-08-01T10:30:00Z,2026-08-01T12:30:00+0200,9089.03,MW,BE,BE,actual_load,Actual Load,2026-08-02T04:32:23Z
2026-08-02T04:32:20Z,2026-08-02T06:32:20+0200,7aafc1bd-8364-45d6-9e1e-5ae71b51b571,2026-08-01T10:45:00Z,2026-08-01T12:45:00+0200,9110.24,MW,BE,BE,actual_load,Actual Load,2026-08-02T04:32:23Z
2026-08-02T04:32:20Z,2026-08-02T06:32:20+0200,7aafc1bd-8364-45d6-9e1e-5ae71b51b571,2026-08-01T11:00:00Z,2026-08-01T13:00:00+0200,9197.57,MW,BE,BE,actual_load,Actual Load,2026-08-02T04:32:23Z
2026-08-02T04:32:20Z,2026-08-02T06:32:20+0200,7aafc1bd-8364-45d6-9e1e-5ae71b51b571,2026-08-01T11:15:00Z,2026-08-01T13:15:00+0200,9217.96,MW,BE,BE,actual_load,Actual Load,2026-08-02T04:32:23Z
2026-08-02T04:32:20Z,2026-08-02T06:32:20+0200,7aafc1bd-8364-45d6-9e1e-5ae71b51b571,2026-08-01T11:30:00Z,2026-08-01T13:30:00+0200,9125.25,MW,BE,BE,actual_load,Actual Load,2026-08-02T04:32:23Z
2026-08-02T04:32:20Z,2026-08-02T06:32:20+0200,7aafc1bd-8364-45d6-9e1e-5ae71b51b571,2026-08-01T11:45:00Z,2026-08-01T13:45:00+0200,9007.55,MW,BE,BE,actual_load,Actual Load,2026-08-02T04:32:23Z
2026-08-02T04:32:20Z,2026-08-02T06:32:20+0200,7aafc1bd-8364-45d6-9e1e-5ae71b51b571,2026-08-01T12:00:00Z,2026-08-01T14:00:00+0200,8897.03,MW,BE,BE,actual_load,Actual Load,2026-08-02T04:32:23Z
2026-08-02T04:32:20Z,2026-08-02T06:32:20+0200,7aafc1bd-8364-45d6-9e1e-5ae71b51b571,2026-08-01T12:15:00Z,2026-08-01T14:15:00+0200,8794.75,MW,BE,BE,actual_load,Actual Load,2026-08-02T04:32:23Z
2026-08-02T04:32:20Z,2026-08-02T06:32:20+0200,7aafc1bd-8364-45d6-9e1e-5ae71b51b571,2026-08-01T12:30:00Z,2026-08-01T14:30:00+0200,8699.52,MW,BE,BE,actual_load,Actual Load,2026-08-02T04:32:23Z
2026-08-02T04:32:20Z,2026-08-02T06:32:20+0200,7aafc1bd-8364-45d6-9e1e-5ae71b51b571,2026-08-01T12:45:00Z,2026-08-01T14:45:00+0200,8613.9,MW,BE,BE,actual_load,Actual Load,2026-08-02T04:32:23Z
2026-08-02T04:32:20Z,2026-08-02T06:32:20+0200,7aafc1bd-8364-45d6-9e1e-5ae71b51b571,2026-08-01T13:00:00Z,2026-08-01T15:00:00+0200,8530.07,MW,BE,BE,actual_load,Actual Load,2026-08-02T04:32:23Z
2026-08-02T04:32:20Z,2026-08-02T06:32:20+0200,7aafc1bd-8364-45d6-9e1e-5ae71b51b571,2026-08-01T13:15:00Z,2026-08-01T15:15:00+0200,8504.67,MW,BE,BE,actual_load,Actual Load,2026-08-02T04:32:23Z
2026-08-02T04:32:20Z,2026-08-02T06:32:20+0200,7aafc1bd-8364-45d6-9e1e-5ae71b51b571,2026-08-01T13:30:00Z,2026-08-01T15:30:00+0200,8476.71,MW,BE,BE,actual_load,Actual Load,2026-08-02T04:32:23Z
2026-08-02T04:32:20Z,2026-08-02T06:32:20+0200,7aafc1bd-8364-45d6-9e1e-5ae71b51b571,2026-08-01T13:45:00Z,2026-08-01T15:45:00+0200,8295.36,MW,BE,BE,actual_load,Actual Load,2026-08-02T04:32:23Z
2026-08-02T04:32:20Z,2026-08-02T06:32:20+0200,7aafc1bd-8364-45d6-9e1e-5ae71b51b571,2026-08-01T14:00:00Z,2026-08-01T16:00:00+0200,8340.25,MW,BE,BE,actual_load,Actual Load,2026-08-02T04:32:23Z
2026-08-02T04:32:20Z,2026-08-02T06:32:20+0200,7aafc1bd-8364-45d6-9e1e-5ae71b51b571,2026-08-01T14:15:00Z,2026-08-01T16:15:00+0200,8096.14,MW,BE,BE,actual_load,Actual Load,2026-08-02T04:32:23Z
2026-08-02T04:32:20Z,2026-08-02T06:32:20+0200,7aafc1bd-8364-45d6-9e1e-5ae71b51b571,2026-08-01T14:30:00Z,2026-08-01T16:30:00+0200,8062.09,MW,BE,BE,actual_load,Actual Load,2026-08-02T04:32:23Z
2026-08-02T04:32:20Z,2026-08-02T06:32:20+0200,7aafc1bd-8364-45d6-9e1e-5ae71b51b571,2026-08-01T14:45:00Z,2026-08-01T16:45:00+0200,8035.6,MW,BE,BE,actual_load,Actual Load,2026-08-02T04:32:23Z
2026-08-02T04:32:20Z,2026-08-02T06:32:20+0200,7aafc1bd-8364-45d6-9e1e-5ae71b51b571,2026-08-01T15:00:00Z,2026-08-01T17:00:00+0200,8057.38,MW,BE,BE,actual_load,Actual Load,2026-08-02T04:32:23Z
2026-08-02T04:32:20Z,2026-08-02T06:32:20+0200,7aafc1bd-8364-45d6-9e1e-5ae71b51b571,2026-08-01T15:15:00Z,2026-08-01T17:15:00+0200,8013.7,MW,BE,BE,actual_load,Actual Load,2026-08-02T04:32:23Z
2026-08-02T04:32:20Z,2026-08-02T06:32:20+0200,7aafc1bd-8364-45d6-9e1e-5ae71b51b571,2026-08-01T15:30:00Z,2026-08-01T17:30:00+0200,7939.37,MW,BE,BE,actual_load,Actual Load,2026-08-02T04:32:23Z
2026-08-02T04:32:20Z,2026-08-02T06:32:20+0200,7aafc1bd-8364-45d6-9e1e-5ae71b51b571,2026-08-01T15:45:00Z,2026-08-01T17:45:00+0200,7949.72,MW,BE,BE,actual_load,Actual Load,2026-08-02T04:32:23Z
2026-08-02T04:32:20Z,2026-08-02T06:32:20+0200,7aafc1bd-8364-45d6-9e1e-5ae71b51b571,2026-08-01T16:00:00Z,2026-08-01T18:00:00+0200,7906.41,MW,BE,BE,actual_load,Actual Load,2026-08-02T04:32:23Z
2026-08-02T04:32:20Z,2026-08-02T06:32:20+0200,7aafc1bd-8364-45d6-9e1e-5ae71b51b571,2026-08-01T16:15:00Z,2026-08-01T18:15:00+0200,7909.59,MW,BE,BE,actual_load,Actual Load,2026-08-02T04:32:23Z
2026-08-02T04:32:20Z,2026-08-02T06:32:20+0200,7aafc1bd-8364-45d6-9e1e-5ae71b51b571,2026-08-01T16:30:00Z,2026-08-01T18:30:00+0200,7847.29,MW,BE,BE,actual_load,Actual Load,2026-08-02T04:32:23Z
2026-08-02T04:32:20Z,2026-08-02T06:32:20+0200,7aafc1bd-8364-45d6-9e1e-5ae71b51b571,2026-08-01T16:45:00Z,2026-08-01T18:45:00+0200,7801.59,MW,BE,BE,actual_load,Actual Load,2026-08-02T04:32:23Z
2026-08-02T04:32:20Z,2026-08-02T06:32:20+0200,7aafc1bd-8364-45d6-9e1e-5ae71b51b571,2026-08-01T17:00:00Z,2026-08-01T19:00:00+0200,7883.73,MW,BE,BE,actual_load,Actual Load,2026-08-02T04:32:23Z
2026-08-02T04:32:20Z,2026-08-02T06:32:20+0200,7aafc1bd-8364-45d6-9e1e-5ae71b51b571,2026-08-01T17:15:00Z,2026-08-01T19:15:00+0200,7850.65,MW,BE,BE,actual_load,Actual Load,2026-08-02T04:32:23Z
2026-08-02T04:32:20Z,2026-08-02T06:32:20+0200,7aafc1bd-8364-45d6-9e1e-5ae71b51b571,2026-08-01T17:30:00Z,2026-08-01T19:30:00+0200,7980.09,MW,BE,BE,actual_load,Actual Load,2026-08-02T04:32:23Z
2026-08-02T04:32:20Z,2026-08-02T06:32:20+0200,7aafc1bd-8364-45d6-9e1e-5ae71b51b571,2026-08-01T17:45:00Z,2026-08-01T19:45:00+0200,7850.17,MW,BE,BE,actual_load,Actual Load,2026-08-02T04:32:23Z
2026-08-02T04:32:20Z,2026-08-02T06:32:20+0200,7aafc1bd-8364-45d6-9e1e-5ae71b51b571,2026-08-01T18:00:00Z,2026-08-01T20:00:00+0200,7829.17,MW,BE,BE,actual_load,Actual Load,2026-08-02T04:32:23Z
2026-08-02T04:32:20Z,2026-08-02T06:32:20+0200,7aafc1bd-8364-45d6-9e1e-5ae71b51b571,2026-08-01T18:15:00Z,2026-08-01T20:15:00+0200,7738.62,MW,BE,BE,actual_load,Actual Load,2026-08-02T04:32:23Z
2026-08-02T04:32:20Z,2026-08-02T06:32:20+0200,7aafc1bd-8364-45d6-9e1e-5ae71b51b571,2026-08-01T18:30:00Z,2026-08-01T20:30:00+0200,7680.48,MW,BE,BE,actual_load,Actual Load,2026-08-02T04:32:23Z
2026-08-02T04:32:20Z,2026-08-02T06:32:20+0200,7aafc1bd-8364-45d6-9e1e-5ae71b51b571,2026-08-01T18:45:00Z,2026-08-01T20:45:00+0200,7606.66,MW,BE,BE,actual_load,Actual Load,2026-08-02T04:32:23Z
2026-08-02T04:32:20Z,2026-08-02T06:32:20+0200,7aafc1bd-8364-45d6-9e1e-5ae71b51b571,2026-08-01T19:00:00Z,2026-08-01T21:00:00+0200,7572.94,MW,BE,BE,actual_load,Actual Load,2026-08-02T04:32:23Z
2026-08-02T04:32:20Z,2026-08-02T06:32:20+0200,7aafc1bd-8364-45d6-9e1e-5ae71b51b571,2026-08-01T19:15:00Z,2026-08-01T21:15:00+0200,7592.03,MW,BE,BE,actual_load,Actual Load,2026-08-02T04:32:23Z
2026-08-02T04:32:20Z,2026-08-02T06:32:20+0200,7aafc1bd-8364-45d6-9e1e-5ae71b51b571,2026-08-01T19:30:00Z,2026-08-01T21:30:00+0200,7638.65,MW,BE,BE,actual_load,Actual Load,2026-08-02T04:32:23Z
2026-08-02T04:32:20Z,2026-08-02T06:32:20+0200,7aafc1bd-8364-45d6-9e1e-5ae71b51b571,2026-08-01T19:45:00Z,2026-08-01T21:45:00+0200,7725.38,MW,BE,BE,actual_load,Actual Load,2026-08-02T04:32:23Z
2026-08-02T04:32:20Z,2026-08-02T06:32:20+0200,7aafc1bd-8364-45d6-9e1e-5ae71b51b571,2026-08-01T20:00:00Z,2026-08-01T22:00:00+0200,7671.02,MW,BE,BE,actual_load,Actual Load,2026-08-02T04:32:23Z
2026-08-02T04:32:20Z,2026-08-02T06:32:20+0200,7aafc1bd-8364-45d6-9e1e-5ae71b51b571,2026-08-01T20:15:00Z,2026-08-01T22:15:00+0200,7766.78,MW,BE,BE,actual_load,Actual Load,2026-08-02T04:32:23Z
2026-08-02T04:32:20Z,2026-08-02T06:32:20+0200,7aafc1bd-8364-45d6-9e1e-5ae71b51b571,2026-08-01T20:30:00Z,2026-08-01T22:30:00+0200,7697.92,MW,BE,BE,actual_load,Actual Load,2026-08-02T04:32:23Z
2026-08-02T04:32:20Z,2026-08-02T06:32:20+0200,7aafc1bd-8364-45d6-9e1e-5ae71b51b571,2026-08-01T20:45:00Z,2026-08-01T22:45:00+0200,7626.54,MW,BE,BE,actual_load,Actual Load,2026-08-02T04:32:23Z
2026-08-02T04:32:20Z,2026-08-02T06:32:20+0200,7aafc1bd-8364-45d6-9e1e-5ae71b51b571,2026-08-01T21:00:00Z,2026-08-01T23:00:00+0200,7529.13,MW,BE,BE,actual_load,Actual Load,2026-08-02T04:32:23Z
2026-08-02T04:32:20Z,2026-08-02T06:32:20+0200,7aafc1bd-8364-45d6-9e1e-5ae71b51b571,2026-08-01T21:15:00Z,2026-08-01T23:15:00+0200,7497.28,MW,BE,BE,actual_load,Actual Load,2026-08-02T04:32:23Z
2026-08-02T04:32:20Z,2026-08-02T06:32:20+0200,7aafc1bd-8364-45d6-9e1e-5ae71b51b571,2026-08-01T21:30:00Z,2026-08-01T23:30:00+0200,7387.85,MW,BE,BE,actual_load,Actual Load,2026-08-02T04:32:23Z
2026-08-02T04:32:20Z,2026-08-02T06:32:20+0200,7aafc1bd-8364-45d6-9e1e-5ae71b51b571,2026-08-01T21:45:00Z,2026-08-01T23:45:00+0200,7264.2,MW,BE,BE,actual_load,Actual Load,2026-08-02T04:32:23Z
2026-08-02T04:32:20Z,2026-08-02T06:32:20+0200,7aafc1bd-8364-45d6-9e1e-5ae71b51b571,2026-08-01T22:00:00Z,2026-08-02T00:00:00+0200,7093.14,MW,BE,BE,actual_load,Actual Load,2026-08-02T04:32:23Z
2026-08-02T04:32:20Z,2026-08-02T06:32:20+0200,7aafc1bd-8364-45d6-9e1e-5ae71b51b571,2026-08-01T22:15:00Z,2026-08-02T00:15:00+0200,7067.11,MW,BE,BE,actual_load,Actual Load,2026-08-02T04:32:23Z
2026-08-02T04:32:20Z,2026-08-02T06:32:20+0200,7aafc1bd-8364-45d6-9e1e-5ae71b51b571,2026-08-01T22:30:00Z,2026-08-02T00:30:00+0200,7002.94,MW,BE,BE,actual_load,Actual Load,2026-08-02T04:32:23Z
2026-08-02T04:32:20Z,2026-08-02T06:32:20+0200,7aafc1bd-8364-45d6-9e1e-5ae71b51b571,2026-08-01T22:45:00Z,2026-08-02T00:45:00+0200,6929.7,MW,BE,BE,actual_load,Actual Load,2026-08-02T04:32:23Z
2026-08-02T04:32:20Z,2026-08-02T06:32:20+0200,7aafc1bd-8364-45d6-9e1e-5ae71b51b571,2026-08-01T23:00:00Z,2026-08-02T01:00:00+0200,6868.67,MW,BE,BE,actual_load,Actual Load,2026-08-02T04:32:23Z
2026-08-02T04:32:20Z,2026-08-02T06:32:20+0200,7aafc1bd-8364-45d6-9e1e-5ae71b51b571,2026-08-01T23:15:00Z,2026-08-02T01:15:00+0200,6848.49,MW,BE,BE,actual_load,Actual Load,2026-08-02T04:32:23Z
2026-08-02T04:32:20Z,2026-08-02T06:32:20+0200,7aafc1bd-8364-45d6-9e1e-5ae71b51b571,2026-08-01T23:30:00Z,2026-08-02T01:30:00+0200,6797.63,MW,BE,BE,actual_load,Actual Load,2026-08-02T04:32:23Z
2026-08-02T04:32:20Z,2026-08-02T06:32:20+0200,7aafc1bd-8364-45d6-9e1e-5ae71b51b571,2026-08-01T23:45:00Z,2026-08-02T01:45:00+0200,6696.53,MW,BE,BE,actual_load,Actual Load,2026-08-02T04:32:23Z
2026-08-02T04:32:20Z,2026-08-02T06:32:20+0200,7aafc1bd-8364-45d6-9e1e-5ae71b51b571,2026-08-02T00:00:00Z,2026-08-02T02:00:00+0200,6623.27,MW,BE,BE,actual_load,Actual Load,2026-08-02T04:32:23Z
2026-08-02T04:32:20Z,2026-08-02T06:32:20+0200,7aafc1bd-8364-45d6-9e1e-5ae71b51b571,2026-08-02T00:15:00Z,2026-08-02T02:15:00+0200,6553.42,MW,BE,BE,actual_load,Actual Load,2026-08-02T04:32:23Z
2026-08-02T04:32:20Z,2026-08-02T06:32:20+0200,7aafc1bd-8364-45d6-9e1e-5ae71b51b571,2026-08-02T00:30:00Z,2026-08-02T02:30:00+0200,6485.12,MW,BE,BE,actual_load,Actual Load,2026-08-02T04:32:23Z
2026-08-02T04:32:20Z,2026-08-02T06:32:20+0200,7aafc1bd-8364-45d6-9e1e-5ae71b51b571,2026-08-02T00:45:00Z,2026-08-02T02:45:00+0200,6478.37,MW,BE,BE,actual_load,Actual Load,2026-08-02T04:32:23Z
2026-08-02T04:32:20Z,2026-08-02T06:32:20+0200,7aafc1bd-8364-45d6-9e1e-5ae71b51b571,2026-08-02T01:00:00Z,2026-08-02T03:00:00+0200,6463.11,MW,BE,BE,actual_load,Actual Load,2026-08-02T04:32:23Z
2026-08-02T04:32:20Z,2026-08-02T06:32:20+0200,7aafc1bd-8364-45d6-9e1e-5ae71b51b571,2026-08-02T01:15:00Z,2026-08-02T03:15:00+0200,6372.0,MW,BE,BE,actual_load,Actual Load,2026-08-02T04:32:23Z
2026-08-02T04:32:20Z,2026-08-02T06:32:20+0200,7aafc1bd-8364-45d6-9e1e-5ae71b51b571,2026-08-02T01:30:00Z,2026-08-02T03:30:00+0200,6405.1,MW,BE,BE,actual_load,Actual Load,2026-08-02T04:32:23Z
2026-08-02T04:32:20Z,2026-08-02T06:32:20+0200,7aafc1bd-8364-45d6-9e1e-5ae71b51b571,2026-08-02T01:45:00Z,2026-08-02T03:45:00+0200,6449.53,MW,BE,BE,actual_load,Actual Load,2026-08-02T04:32:23Z
2026-08-02T04:32:20Z,2026-08-02T06:32:20+0200,7aafc1bd-8364-45d6-9e1e-5ae71b51b571,2026-08-02T02:00:00Z,2026-08-02T04:00:00+0200,6415.16,MW,BE,BE,actual_load,Actual Load,2026-08-02T04:32:23Z
2026-08-02T04:32:20Z,2026-08-02T06:32:20+0200,7aafc1bd-8364-45d6-9e1e-5ae71b51b571,2026-08-02T02:15:00Z,2026-08-02T04:15:00+0200,6390.15,MW,BE,BE,actual_load,Actual Load,2026-08-02T04:32:23Z
2026-08-02T04:32:20Z,2026-08-02T06:32:20+0200,7aafc1bd-8364-45d6-9e1e-5ae71b51b571,2026-08-02T02:30:00Z,2026-08-02T04:30:00+0200,6364.89,MW,BE,BE,actual_load,Actual Load,2026-08-02T04:32:23Z
2026-08-02T04:32:20Z,2026-08-02T06:32:20+0200,7aafc1bd-8364-45d6-9e1e-5ae71b51b571,2026-08-02T02:45:00Z,2026-08-02T04:45:00+0200,6350.15,MW,BE,BE,actual_load,Actual Load,2026-08-02T04:32:23Z
2026-08-02T04:32:20Z,2026-08-02T06:32:20+0200,7aafc1bd-8364-45d6-9e1e-5ae71b51b571,2026-08-02T03:00:00Z,2026-08-02T05:00:00+0200,6374.3,MW,BE,BE,actual_load,Actual Load,2026-08-02T04:32:23Z
2026-08-02T04:32:20Z,2026-08-02T06:32:20+0200,7aafc1bd-8364-45d6-9e1e-5ae71b51b571,2026-08-02T03:15:00Z,2026-08-02T05:15:00+0200,6425.1,MW,BE,BE,actual_load,Actual Load,2026-08-02T04:32:23Z
2026-08-02T04:32:20Z,2026-08-02T06:32:20+0200,7aafc1bd-8364-45d6-9e1e-5ae71b51b571,2026-08-02T03:30:00Z,2026-08-02T05:30:00+0200,6443.34,MW,BE,BE,actual_load,Actual Load,2026-08-02T04:32:23Z
2026-08-02T04:32:20Z,2026-08-02T06:32:20+0200,7aafc1bd-8364-45d6-9e1e-5ae71b51b571,2026-08-02T03:45:00Z,2026-08-02T05:45:00+0200,6450.12,MW,BE,BE,actual_load,Actual Load,2026-08-02T04:32:23Z
