collection_time_utc,collection_time_local,run_id,timestamp_utc,timestamp_local,value,unit,country,entsoe_area,variable,source,updated_at_utc
2026-06-20T12:18:09Z,2026-06-20T14:18:09+0200,4bddbab4-20af-41f1-90cc-d649ae7f214d,2026-05-20T12:30:00Z,2026-05-20T14:30:00+0200,13.9,EUR/MWh,BE,BE,imbalance_price,Long,2026-06-20T12:20:56Z
2026-06-20T12:18:09Z,2026-06-20T14:18:09+0200,4bddbab4-20af-41f1-90cc-d649ae7f214d,2026-05-20T12:30:00Z,2026-05-20T14:30:00+0200,13.9,EUR/MWh,BE,BE,imbalance_price,Short,2026-06-20T12:20:56Z
2026-06-20T12:18:09Z,2026-06-20T14:18:09+0200,4bddbab4-20af-41f1-90cc-d649ae7f214d,2026-05-20T12:45:00Z,2026-05-20T14:45:00+0200,42.55,EUR/MWh,BE,BE,imbalance_price,Long,2026-06-20T12:20:56Z
2026-06-20T12:18:09Z,2026-06-20T14:18:09+0200,4bddbab4-20af-41f1-90cc-d649ae7f214d,2026-05-20T12:45:00Z,2026-05-20T14:45:00+0200,42.55,EUR/MWh,BE,BE,imbalance_price,Short,2026-06-20T12:20:56Z
2026-06-20T12:18:09Z,2026-06-20T14:18:09+0200,4bddbab4-20af-41f1-90cc-d649ae7f214d,2026-05-20T13:00:00Z,2026-05-20T15:00:00+0200,51.13,EUR/MWh,BE,BE,imbalance_price,Long,2026-06-20T12:20:56Z
2026-06-20T12:18:09Z,2026-06-20T14:18:09+0200,4bddbab4-20af-41f1-90cc-d649ae7f214d,2026-05-20T13:00:00Z,2026-05-20T15:00:00+0200,51.13,EUR/MWh,BE,BE,imbalance_price,Short,2026-06-20T12:20:56Z
2026-06-20T12:18:09Z,2026-06-20T14:18:09+0200,4bddbab4-20af-41f1-90cc-d649ae7f214d,2026-05-20T13:15:00Z,2026-05-20T15:15:00+0200,79.19,EUR/MWh,BE,BE,imbalance_price,Long,2026-06-20T12:20:56Z
2026-06-20T12:18:09Z,2026-06-20T14:18:09+0200,4bddbab4-20af-41f1-90cc-d649ae7f214d,2026-05-20T13:15:00Z,2026-05-20T15:15:00+0200,79.19,EUR/MWh,BE,BE,imbalance_price,Short,2026-06-20T12:20:56Z
2026-06-20T12:18:09Z,2026-06-20T14:18:09+0200,4bddbab4-20af-41f1-90cc-d649ae7f214d,2026-05-20T13:30:00Z,2026-05-20T15:30:00+0200,88.93,EUR/MWh,BE,BE,imbalance_price,Long,2026-06-20T12:20:56Z
2026-06-20T12:18:09Z,2026-06-20T14:18:09+0200,4bddbab4-20af-41f1-90cc-d649ae7f214d,2026-05-20T13:30:00Z,2026-05-20T15:30:00+0200,88.93,EUR/MWh,BE,BE,imbalance_price,Short,2026-06-20T12:20:56Z
2026-06-20T12:18:09Z,2026-06-20T14:18:09+0200,4bddbab4-20af-41f1-90cc-d649ae7f214d,2026-05-20T13:45:00Z,2026-05-20T15:45:00+0200,93.59,EUR/MWh,BE,BE,imbalance_price,Long,2026-06-20T12:20:56Z
2026-06-20T12:18:09Z,2026-06-20T14:18:09+0200,4bddbab4-20af-41f1-90cc-d649ae7f214d,2026-05-20T13:45:00Z,2026-05-20T15:45:00+0200,93.59,EUR/MWh,BE,BE,imbalance_price,Short,2026-06-20T12:20:56Z
2026-06-20T12:18:09Z,2026-06-20T14:18:09+0200,4bddbab4-20af-41f1-90cc-d649ae7f214d,2026-05-20T14:00:00Z,2026-05-20T16:00:00+0200,105.0,EUR/MWh,BE,BE,imbalance_price,Long,2026-06-20T12:20:56Z
2026-06-20T12:18:09Z,2026-06-20T14:18:09+0200,4bddbab4-20af-41f1-90cc-d649ae7f214d,2026-05-20T14:00:00Z,2026-05-20T16:00:00+0200,105.0,EUR/MWh,BE,BE,imbalance_price,Short,2026-06-20T12:20:56Z
2026-06-20T12:18:09Z,2026-06-20T14:18:09+0200,4bddbab4-20af-41f1-90cc-d649ae7f214d,2026-05-20T14:15:00Z,2026-05-20T16:15:00+0200,132.01,EUR/MWh,BE,BE,imbalance_price,Long,2026-06-20T12:20:56Z
2026-06-20T12:18:09Z,2026-06-20T14:18:09+0200,4bddbab4-20af-41f1-90cc-d649ae7f214d,2026-05-20T14:15:00Z,2026-05-20T16:15:00+0200,132.01,EUR/MWh,BE,BE,imbalance_price,Short,2026-06-20T12:20:56Z
2026-06-20T12:18:09Z,2026-06-20T14:18:09+0200,4bddbab4-20af-41f1-90cc-d649ae7f214d,2026-05-20T14:30:00Z,2026-05-20T16:30:00+0200,149.43,EUR/MWh,BE,BE,imbalance_price,Long,2026-06-20T12:20:56Z
2026-06-20T12:18:09Z,2026-06-20T14:18:09+0200,4bddbab4-20af-41f1-90cc-d649ae7f214d,2026-05-20T14:30:00Z,2026-05-20T16:30:00+0200,149.43,EUR/MWh,BE,BE,imbalance_price,Short,2026-06-20T12:20:56Z
2026-06-20T12:18:09Z,2026-06-20T14:18:09+0200,4bddbab4-20af-41f1-90cc-d649ae7f214d,2026-05-20T14:45:00Z,2026-05-20T16:45:00+0200,161.41,EUR/MWh,BE,BE,imbalance_price,Long,2026-06-20T12:20:56Z
2026-06-20T12:18:09Z,2026-06-20T14:18:09+0200,4bddbab4-20af-41f1-90cc-d649ae7f214d,2026-05-20T14:45:00Z,2026-05-20T16:45:00+0200,161.41,EUR/MWh,BE,BE,imbalance_price,Short,2026-06-20T12:20:56Z
2026-06-20T12:18:09Z,2026-06-20T14:18:09+0200,4bddbab4-20af-41f1-90cc-d649ae7f214d,2026-05-20T15:00:00Z,2026-05-20T17:00:00+0200,168.95,EUR/MWh,BE,BE,imbalance_price,Long,2026-06-20T12:20:56Z
2026-06-20T12:18:09Z,2026-06-20T14:18:09+0200,4bddbab4-20af-41f1-90cc-d649ae7f214d,2026-05-20T15:00:00Z,2026-05-20T17:00:00+0200,168.95,EUR/MWh,BE,BE,imbalance_price,Short,2026-06-20T12:20:56Z
2026-06-20T12:18:09Z,2026-06-20T14:18:09+0200,4bddbab4-20af-41f1-90cc-d649ae7f214d,2026-05-20T15:15:00Z,2026-05-20T17:15:00+0200,150.87,EUR/MWh,BE,BE,imbalance_price,Long,2026-06-20T12:20:56Z
2026-06-20T12:18:09Z,2026-06-20T14:18:09+0200,4bddbab4-20af-41f1-90cc-d649ae7f214d,2026-05-20T15:15:00Z,2026-05-20T17:15:00+0200,150.87,EUR/MWh,BE,BE,imbalance_price,Short,2026-06-20T12:20:56Z
2026-06-20T12:18:09Z,2026-06-20T14:18:09+0200,4bddbab4-20af-41f1-90cc-d649ae7f214d,2026-05-20T15:30:00Z,2026-05-20T17:30:00+0200,165.77,EUR/MWh,BE,BE,imbalance_price,Long,2026-06-20T12:20:56Z
2026-06-20T12:18:09Z,2026-06-20T14:18:09+0200,4bddbab4-20af-41f1-90cc-d649ae7f214d,2026-05-20T15:30:00Z,2026-05-20T17:30:00+0200,165.77,EUR/MWh,BE,BE,imbalance_price,Short,2026-06-20T12:20:56Z
2026-06-20T12:18:09Z,2026-06-20T14:18:09+0200,4bddbab4-20af-41f1-90cc-d649ae7f214d,2026-05-20T15:45:00Z,2026-05-20T17:45:00+0200,321.23,EUR/MWh,BE,BE,imbalance_price,Long,2026-06-20T12:20:56Z
2026-06-20T12:18:09Z,2026-06-20T14:18:09+0200,4bddbab4-20af-41f1-90cc-d649ae7f214d,2026-05-20T15:45:00Z,2026-05-20T17:45:00+0200,321.23,EUR/MWh,BE,BE,imbalance_price,Short,2026-06-20T12:20:56Z
2026-06-20T12:18:09Z,2026-06-20T14:18:09+0200,4bddbab4-20af-41f1-90cc-d649ae7f214d,2026-05-20T16:00:00Z,2026-05-20T18:00:00+0200,227.0,EUR/MWh,BE,BE,imbalance_price,Long,2026-06-20T12:20:56Z
2026-06-20T12:18:09Z,2026-06-20T14:18:09+0200,4bddbab4-20af-41f1-90cc-d649ae7f214d,2026-05-20T16:00:00Z,2026-05-20T18:00:00+0200,227.0,EUR/MWh,BE,BE,imbalance_price,Short,2026-06-20T12:20:56Z
2026-06-20T12:18:09Z,2026-06-20T14:18:09+0200,4bddbab4-20af-41f1-90cc-d649ae7f214d,2026-05-20T16:15:00Z,2026-05-20T18:15:00+0200,238.0,EUR/MWh,BE,BE,imbalance_price,Long,2026-06-20T12:20:56Z
2026-06-20T12:18:09Z,2026-06-20T14:18:09+0200,4bddbab4-20af-41f1-90cc-d649ae7f214d,2026-05-20T16:15:00Z,2026-05-20T18:15:00+0200,238.0,EUR/MWh,BE,BE,imbalance_price,Short,2026-06-20T12:20:56Z
2026-06-20T12:18:09Z,2026-06-20T14:18:09+0200,4bddbab4-20af-41f1-90cc-d649ae7f214d,2026-05-20T16:30:00Z,2026-05-20T18:30:00+0200,238.0,EUR/MWh,BE,BE,imbalance_price,Long,2026-06-20T12:20:56Z
2026-06-20T12:18:09Z,2026-06-20T14:18:09+0200,4bddbab4-20af-41f1-90cc-d649ae7f214d,2026-05-20T16:30:00Z,2026-05-20T18:30:00+0200,238.0,EUR/MWh,BE,BE,imbalance_price,Short,2026-06-20T12:20:56Z
2026-06-20T12:18:09Z,2026-06-20T14:18:09+0200,4bddbab4-20af-41f1-90cc-d649ae7f214d,2026-05-20T16:45:00Z,2026-05-20T18:45:00+0200,295.0,EUR/MWh,BE,BE,imbalance_price,Long,2026-06-20T12:20:56Z
2026-06-20T12:18:09Z,2026-06-20T14:18:09+0200,4bddbab4-20af-41f1-90cc-d649ae7f214d,2026-05-20T16:45:00Z,2026-05-20T18:45:00+0200,295.0,EUR/MWh,BE,BE,imbalance_price,Short,2026-06-20T12:20:56Z
2026-06-20T12:18:09Z,2026-06-20T14:18:09+0200,4bddbab4-20af-41f1-90cc-d649ae7f214d,2026-05-20T17:00:00Z,2026-05-20T19:00:00+0200,131.78,EUR/MWh,BE,BE,imbalance_price,Long,2026-06-20T12:20:56Z
2026-06-20T12:18:09Z,2026-06-20T14:18:09+0200,4bddbab4-20af-41f1-90cc-d649ae7f214d,2026-05-20T17:00:00Z,2026-05-20T19:00:00+0200,131.78,EUR/MWh,BE,BE,imbalance_price,Short,2026-06-20T12:20:56Z
2026-06-20T12:18:09Z,2026-06-20T14:18:09+0200,4bddbab4-20af-41f1-90cc-d649ae7f214d,2026-05-20T17:15:00Z,2026-05-20T19:15:00+0200,172.46,EUR/MWh,BE,BE,imbalance_price,Long,2026-06-20T12:20:56Z
2026-06-20T12:18:09Z,2026-06-20T14:18:09+0200,4bddbab4-20af-41f1-90cc-d649ae7f214d,2026-05-20T17:15:00Z,2026-05-20T19:15:00+0200,172.46,EUR/MWh,BE,BE,imbalance_price,Short,2026-06-20T12:20:56Z
2026-06-20T12:18:09Z,2026-06-20T14:18:09+0200,4bddbab4-20af-41f1-90cc-d649ae7f214d,2026-05-20T17:30:00Z,2026-05-20T19:30:00+0200,123.71,EUR/MWh,BE,BE,imbalance_price,Long,2026-06-20T12:20:56Z
2026-06-20T12:18:09Z,2026-06-20T14:18:09+0200,4bddbab4-20af-41f1-90cc-d649ae7f214d,2026-05-20T17:30:00Z,2026-05-20T19:30:00+0200,123.71,EUR/MWh,BE,BE,imbalance_price,Short,2026-06-20T12:20:56Z
2026-06-20T12:18:09Z,2026-06-20T14:18:09+0200,4bddbab4-20af-41f1-90cc-d649ae7f214d,2026-05-20T17:45:00Z,2026-05-20T19:45:00+0200,117.33,EUR/MWh,BE,BE,imbalance_price,Long,2026-06-20T12:20:56Z
2026-06-20T12:18:09Z,2026-06-20T14:18:09+0200,4bddbab4-20af-41f1-90cc-d649ae7f214d,2026-05-20T17:45:00Z,2026-05-20T19:45:00+0200,117.33,EUR/MWh,BE,BE,imbalance_price,Short,2026-06-20T12:20:56Z
2026-06-20T12:18:09Z,2026-06-20T14:18:09+0200,4bddbab4-20af-41f1-90cc-d649ae7f214d,2026-05-20T18:00:00Z,2026-05-20T20:00:00+0200,141.3,EUR/MWh,BE,BE,imbalance_price,Long,2026-06-20T12:20:56Z
2026-06-20T12:18:09Z,2026-06-20T14:18:09+0200,4bddbab4-20af-41f1-90cc-d649ae7f214d,2026-05-20T18:00:00Z,2026-05-20T20:00:00+0200,141.3,EUR/MWh,BE,BE,imbalance_price,Short,2026-06-20T12:20:56Z
2026-06-20T12:18:09Z,2026-06-20T14:18:09+0200,4bddbab4-20af-41f1-90cc-d649ae7f214d,2026-05-20T18:15:00Z,2026-05-20T20:15:00+0200,132.37,EUR/MWh,BE,BE,imbalance_price,Long,2026-06-20T12:20:56Z
2026-06-20T12:18:09Z,2026-06-20T14:18:09+0200,4bddbab4-20af-41f1-90cc-d649ae7f214d,2026-05-20T18:15:00Z,2026-05-20T20:15:00+0200,132.37,EUR/MWh,BE,BE,imbalance_price,Short,2026-06-20T12:20:56Z
2026-06-20T12:18:09Z,2026-06-20T14:18:09+0200,4bddbab4-20af-41f1-90cc-d649ae7f214d,2026-05-20T18:30:00Z,2026-05-20T20:30:00+0200,156.13,EUR/MWh,BE,BE,imbalance_price,Long,2026-06-20T12:20:56Z
2026-06-20T12:18:09Z,2026-06-20T14:18:09+0200,4bddbab4-20af-41f1-90cc-d649ae7f214d,2026-05-20T18:30:00Z,2026-05-20T20:30:00+0200,156.13,EUR/MWh,BE,BE,imbalance_price,Short,2026-06-20T12:20:56Z
2026-06-20T12:18:09Z,2026-06-20T14:18:09+0200,4bddbab4-20af-41f1-90cc-d649ae7f214d,2026-05-20T18:45:00Z,2026-05-20T20:45:00+0200,153.04,EUR/MWh,BE,BE,imbalance_price,Long,2026-06-20T12:20:56Z
2026-06-20T12:18:09Z,2026-06-20T14:18:09+0200,4bddbab4-20af-41f1-90cc-d649ae7f214d,2026-05-20T18:45:00Z,2026-05-20T20:45:00+0200,153.04,EUR/MWh,BE,BE,imbalance_price,Short,2026-06-20T12:20:56Z
2026-06-20T12:18:09Z,2026-06-20T14:18:09+0200,4bddbab4-20af-41f1-90cc-d649ae7f214d,2026-05-20T19:00:00Z,2026-05-20T21:00:00+0200,165.68,EUR/MWh,BE,BE,imbalance_price,Long,2026-06-20T12:20:56Z
2026-06-20T12:18:09Z,2026-06-20T14:18:09+0200,4bddbab4-20af-41f1-90cc-d649ae7f214d,2026-05-20T19:00:00Z,2026-05-20T21:00:00+0200,165.68,EUR/MWh,BE,BE,imbalance_price,Short,2026-06-20T12:20:56Z
2026-06-20T12:18:09Z,2026-06-20T14:18:09+0200,4bddbab4-20af-41f1-90cc-d649ae7f214d,2026-05-20T19:15:00Z,2026-05-20T21:15:00+0200,171.56,EUR/MWh,BE,BE,imbalance_price,Long,2026-06-20T12:20:56Z
2026-06-20T12:18:09Z,2026-06-20T14:18:09+0200,4bddbab4-20af-41f1-90cc-d649ae7f214d,2026-05-20T19:15:00Z,2026-05-20T21:15:00+0200,171.56,EUR/MWh,BE,BE,imbalance_price,Short,2026-06-20T12:20:56Z
2026-06-20T12:18:09Z,2026-06-20T14:18:09+0200,4bddbab4-20af-41f1-90cc-d649ae7f214d,2026-05-20T19:30:00Z,2026-05-20T21:30:00+0200,170.48,EUR/MWh,BE,BE,imbalance_price,Long,2026-06-20T12:20:56Z
2026-06-20T12:18:09Z,2026-06-20T14:18:09+0200,4bddbab4-20af-41f1-90cc-d649ae7f214d,2026-05-20T19:30:00Z,2026-05-20T21:30:00+0200,170.48,EUR/MWh,BE,BE,imbalance_price,Short,2026-06-20T12:20:56Z
2026-06-20T12:18:09Z,2026-06-20T14:18:09+0200,4bddbab4-20af-41f1-90cc-d649ae7f214d,2026-05-20T19:45:00Z,2026-05-20T21:45:00+0200,159.74,EUR/MWh,BE,BE,imbalance_price,Long,2026-06-20T12:20:56Z
2026-06-20T12:18:09Z,2026-06-20T14:18:09+0200,4bddbab4-20af-41f1-90cc-d649ae7f214d,2026-05-20T19:45:00Z,2026-05-20T21:45:00+0200,159.74,EUR/MWh,BE,BE,imbalance_price,Short,2026-06-20T12:20:56Z
2026-06-20T12:18:09Z,2026-06-20T14:18:09+0200,4bddbab4-20af-41f1-90cc-d649ae7f214d,2026-05-20T20:00:00Z,2026-05-20T22:00:00+0200,189.2,EUR/MWh,BE,BE,imbalance_price,Long,2026-06-20T12:20:56Z
2026-06-20T12:18:09Z,2026-06-20T14:18:09+0200,4bddbab4-20af-41f1-90cc-d649ae7f214d,2026-05-20T20:00:00Z,2026-05-20T22:00:00+0200,189.2,EUR/MWh,BE,BE,imbalance_price,Short,2026-06-20T12:20:56Z
2026-06-20T12:18:09Z,2026-06-20T14:18:09+0200,4bddbab4-20af-41f1-90cc-d649ae7f214d,2026-05-20T20:15:00Z,2026-05-20T22:15:00+0200,202.52,EUR/MWh,BE,BE,imbalance_price,Long,2026-06-20T12:20:56Z
2026-06-20T12:18:09Z,2026-06-20T14:18:09+0200,4bddbab4-20af-41f1-90cc-d649ae7f214d,2026-05-20T20:15:00Z,2026-05-20T22:15:00+0200,202.52,EUR/MWh,BE,BE,imbalance_price,Short,2026-06-20T12:20:56Z
2026-06-20T12:18:09Z,2026-06-20T14:18:09+0200,4bddbab4-20af-41f1-90cc-d649ae7f214d,2026-05-20T20:30:00Z,2026-05-20T22:30:00+0200,134.76,EUR/MWh,BE,BE,imbalance_price,Long,2026-06-20T12:20:56Z
2026-06-20T12:18:09Z,2026-06-20T14:18:09+0200,4bddbab4-20af-41f1-90cc-d649ae7f214d,2026-05-20T20:30:00Z,2026-05-20T22:30:00+0200,134.76,EUR/MWh,BE,BE,imbalance_price,Short,2026-06-20T12:20:56Z
2026-06-20T12:18:09Z,2026-06-20T14:18:09+0200,4bddbab4-20af-41f1-90cc-d649ae7f214d,2026-05-20T20:45:00Z,2026-05-20T22:45:00+0200,147.86,EUR/MWh,BE,BE,imbalance_price,Long,2026-06-20T12:20:56Z
2026-06-20T12:18:09Z,2026-06-20T14:18:09+0200,4bddbab4-20af-41f1-90cc-d649ae7f214d,2026-05-20T20:45:00Z,2026-05-20T22:45:00+0200,147.86,EUR/MWh,BE,BE,imbalance_price,Short,2026-06-20T12:20:56Z
2026-06-20T12:18:09Z,2026-06-20T14:18:09+0200,4bddbab4-20af-41f1-90cc-d649ae7f214d,2026-05-20T21:00:00Z,2026-05-20T23:00:00+0200,168.41,EUR/MWh,BE,BE,imbalance_price,Long,2026-06-20T12:20:56Z
2026-06-20T12:18:09Z,2026-06-20T14:18:09+0200,4bddbab4-20af-41f1-90cc-d649ae7f214d,2026-05-20T21:00:00Z,2026-05-20T23:00:00+0200,168.41,EUR/MWh,BE,BE,imbalance_price,Short,2026-06-20T12:20:56Z
2026-06-20T12:18:09Z,2026-06-20T14:18:09+0200,4bddbab4-20af-41f1-90cc-d649ae7f214d,2026-05-20T21:15:00Z,2026-05-20T23:15:00+0200,128.53,EUR/MWh,BE,BE,imbalance_price,Long,2026-06-20T12:20:56Z
2026-06-20T12:18:09Z,2026-06-20T14:18:09+0200,4bddbab4-20af-41f1-90cc-d649ae7f214d,2026-05-20T21:15:00Z,2026-05-20T23:15:00+0200,128.53,EUR/MWh,BE,BE,imbalance_price,Short,2026-06-20T12:20:56Z
2026-06-20T12:18:09Z,2026-06-20T14:18:09+0200,4bddbab4-20af-41f1-90cc-d649ae7f214d,2026-05-20T21:30:00Z,2026-05-20T23:30:00+0200,127.7,EUR/MWh,BE,BE,imbalance_price,Long,2026-06-20T12:20:56Z
2026-06-20T12:18:09Z,2026-06-20T14:18:09+0200,4bddbab4-20af-41f1-90cc-d649ae7f214d,2026-05-20T21:30:00Z,2026-05-20T23:30:00+0200,127.7,EUR/MWh,BE,BE,imbalance_price,Short,2026-06-20T12:20:56Z
2026-06-20T12:18:09Z,2026-06-20T14:18:09+0200,4bddbab4-20af-41f1-90cc-d649ae7f214d,2026-05-20T21:45:00Z,2026-05-20T23:45:00+0200,136.31,EUR/MWh,BE,BE,imbalance_price,Long,2026-06-20T12:20:56Z
2026-06-20T12:18:09Z,2026-06-20T14:18:09+0200,4bddbab4-20af-41f1-90cc-d649ae7f214d,2026-05-20T21:45:00Z,2026-05-20T23:45:00+0200,136.31,EUR/MWh,BE,BE,imbalance_price,Short,2026-06-20T12:20:56Z
2026-06-20T12:18:09Z,2026-06-20T14:18:09+0200,4bddbab4-20af-41f1-90cc-d649ae7f214d,2026-05-20T22:00:00Z,2026-05-21T00:00:00+0200,134.0,EUR/MWh,BE,BE,imbalance_price,Long,2026-06-20T12:20:56Z
2026-06-20T12:18:09Z,2026-06-20T14:18:09+0200,4bddbab4-20af-41f1-90cc-d649ae7f214d,2026-05-20T22:00:00Z,2026-05-21T00:00:00+0200,134.0,EUR/MWh,BE,BE,imbalance_price,Short,2026-06-20T12:20:56Z
2026-06-20T12:18:09Z,2026-06-20T14:18:09+0200,4bddbab4-20af-41f1-90cc-d649ae7f214d,2026-05-20T22:15:00Z,2026-05-21T00:15:00+0200,131.16,EUR/MWh,BE,BE,imbalance_price,Long,2026-06-20T12:20:56Z
2026-06-20T12:18:09Z,2026-06-20T14:18:09+0200,4bddbab4-20af-41f1-90cc-d649ae7f214d,2026-05-20T22:15:00Z,2026-05-21T00:15:00+0200,131.16,EUR/MWh,BE,BE,imbalance_price,Short,2026-06-20T12:20:56Z
2026-06-20T12:18:09Z,2026-06-20T14:18:09+0200,4bddbab4-20af-41f1-90cc-d649ae7f214d,2026-05-20T22:30:00Z,2026-05-21T00:30:00+0200,135.56,EUR/MWh,BE,BE,imbalance_price,Long,2026-06-20T12:20:56Z
2026-06-20T12:18:09Z,2026-06-20T14:18:09+0200,4bddbab4-20af-41f1-90cc-d649ae7f214d,2026-05-20T22:30:00Z,2026-05-21T00:30:00+0200,135.56,EUR/MWh,BE,BE,imbalance_price,Short,2026-06-20T12:20:56Z
2026-06-20T12:18:09Z,2026-06-20T14:18:09+0200,4bddbab4-20af-41f1-90cc-d649ae7f214d,2026-05-20T22:45:00Z,2026-05-21T00:45:00+0200,131.21,EUR/MWh,BE,BE,imbalance_price,Long,2026-06-20T12:20:56Z
2026-06-20T12:18:09Z,2026-06-20T14:18:09+0200,4bddbab4-20af-41f1-90cc-d649ae7f214d,2026-05-20T22:45:00Z,2026-05-21T00:45:00+0200,131.21,EUR/MWh,BE,BE,imbalance_price,Short,2026-06-20T12:20:56Z
2026-06-20T12:18:09Z,2026-06-20T14:18:09+0200,4bddbab4-20af-41f1-90cc-d649ae7f214d,2026-05-20T23:00:00Z,2026-05-21T01:00:00+0200,158.5,EUR/MWh,BE,BE,imbalance_price,Long,2026-06-20T12:20:56Z
2026-06-20T12:18:09Z,2026-06-20T14:18:09+0200,4bddbab4-20af-41f1-90cc-d649ae7f214d,2026-05-20T23:00:00Z,2026-05-21T01:00:00+0200,158.5,EUR/MWh,BE,BE,imbalance_price,Short,2026-06-20T12:20:56Z
2026-06-20T12:18:09Z,2026-06-20T14:18:09+0200,4bddbab4-20af-41f1-90cc-d649ae7f214d,2026-05-20T23:15:00Z,2026-05-21T01:15:00+0200,196.98,EUR/MWh,BE,BE,imbalance_price,Long,2026-06-20T12:20:56Z
2026-06-20T12:18:09Z,2026-06-20T14:18:09+0200,4bddbab4-20af-41f1-90cc-d649ae7f214d,2026-05-20T23:15:00Z,2026-05-21T01:15:00+0200,196.98,EUR/MWh,BE,BE,imbalance_price,Short,2026-06-20T12:20:56Z
2026-06-20T12:18:09Z,2026-06-20T14:18:09+0200,4bddbab4-20af-41f1-90cc-d649ae7f214d,2026-05-20T23:30:00Z,2026-05-21T01:30:00+0200,129.99,EUR/MWh,BE,BE,imbalance_price,Long,2026-06-20T12:20:56Z
2026-06-20T12:18:09Z,2026-06-20T14:18:09+0200,4bddbab4-20af-41f1-90cc-d649ae7f214d,2026-05-20T23:30:00Z,2026-05-21T01:30:00+0200,129.99,EUR/MWh,BE,BE,imbalance_price,Short,2026-06-20T12:20:56Z
2026-06-20T12:18:09Z,2026-06-20T14:18:09+0200,4bddbab4-20af-41f1-90cc-d649ae7f214d,2026-05-20T23:45:00Z,2026-05-21T01:45:00+0200,122.95,EUR/MWh,BE,BE,imbalance_price,Long,2026-06-20T12:20:56Z
2026-06-20T12:18:09Z,2026-06-20T14:18:09+0200,4bddbab4-20af-41f1-90cc-d649ae7f214d,2026-05-20T23:45:00Z,2026-05-21T01:45:00+0200,122.95,EUR/MWh,BE,BE,imbalance_price,Short,2026-06-20T12:20:56Z
2026-06-20T12:18:09Z,2026-06-20T14:18:09+0200,4bddbab4-20af-41f1-90cc-d649ae7f214d,2026-05-21T00:00:00Z,2026-05-21T02:00:00+0200,134.0,EUR/MWh,BE,BE,imbalance_price,Long,2026-06-20T12:20:56Z
2026-06-20T12:18:09Z,2026-06-20T14:18:09+0200,4bddbab4-20af-41f1-90cc-d649ae7f214d,2026-05-21T00:00:00Z,2026-05-21T02:00:00+0200,134.0,EUR/MWh,BE,BE,imbalance_price,Short,2026-06-20T12:20:56Z
2026-06-20T12:18:09Z,2026-06-20T14:18:09+0200,4bddbab4-20af-41f1-90cc-d649ae7f214d,2026-05-21T00:15:00Z,2026-05-21T02:15:00+0200,122.43,EUR/MWh,BE,BE,imbalance_price,Long,2026-06-20T12:20:56Z
2026-06-20T12:18:09Z,2026-06-20T14:18:09+0200,4bddbab4-20af-41f1-90cc-d649ae7f214d,2026-05-21T00:15:00Z,2026-05-21T02:15:00+0200,122.43,EUR/MWh,BE,BE,imbalance_price,Short,2026-06-20T12:20:56Z
2026-06-20T12:18:09Z,2026-06-20T14:18:09+0200,4bddbab4-20af-41f1-90cc-d649ae7f214d,2026-05-21T00:30:00Z,2026-05-21T02:30:00+0200,116.18,EUR/MWh,BE,BE,imbalance_price,Long,2026-06-20T12:20:56Z
2026-06-20T12:18:09Z,2026-06-20T14:18:09+0200,4bddbab4-20af-41f1-90cc-d649ae7f214d,2026-05-21T00:30:00Z,2026-05-21T02:30:00+0200,116.18,EUR/MWh,BE,BE,imbalance_price,Short,2026-06-20T12:20:56Z
2026-06-20T12:18:09Z,2026-06-20T14:18:09+0200,4bddbab4-20af-41f1-90cc-d649ae7f214d,2026-05-21T00:45:00Z,2026-05-21T02:45:00+0200,122.46,EUR/MWh,BE,BE,imbalance_price,Long,2026-06-20T12:20:56Z
2026-06-20T12:18:09Z,2026-06-20T14:18:09+0200,4bddbab4-20af-41f1-90cc-d649ae7f214d,2026-05-21T00:45:00Z,2026-05-21T02:45:00+0200,122.46,EUR/MWh,BE,BE,imbalance_price,Short,2026-06-20T12:20:56Z
2026-06-20T12:18:09Z,2026-06-20T14:18:09+0200,4bddbab4-20af-41f1-90cc-d649ae7f214d,2026-05-21T01:00:00Z,2026-05-21T03:00:00+0200,127.79,EUR/MWh,BE,BE,imbalance_price,Long,2026-06-20T12:20:56Z
2026-06-20T12:18:09Z,2026-06-20T14:18:09+0200,4bddbab4-20af-41f1-90cc-d649ae7f214d,2026-05-21T01:00:00Z,2026-05-21T03:00:00+0200,127.79,EUR/MWh,BE,BE,imbalance_price,Short,2026-06-20T12:20:56Z
2026-06-20T12:18:09Z,2026-06-20T14:18:09+0200,4bddbab4-20af-41f1-90cc-d649ae7f214d,2026-05-21T01:15:00Z,2026-05-21T03:15:00+0200,127.21,EUR/MWh,BE,BE,imbalance_price,Long,2026-06-20T12:20:56Z
2026-06-20T12:18:09Z,2026-06-20T14:18:09+0200,4bddbab4-20af-41f1-90cc-d649ae7f214d,2026-05-21T01:15:00Z,2026-05-21T03:15:00+0200,127.21,EUR/MWh,BE,BE,imbalance_price,Short,2026-06-20T12:20:56Z
2026-06-20T12:18:09Z,2026-06-20T14:18:09+0200,4bddbab4-20af-41f1-90cc-d649ae7f214d,2026-05-21T01:30:00Z,2026-05-21T03:30:00+0200,121.63,EUR/MWh,BE,BE,imbalance_price,Long,2026-06-20T12:20:56Z
2026-06-20T12:18:09Z,2026-06-20T14:18:09+0200,4bddbab4-20af-41f1-90cc-d649ae7f214d,2026-05-21T01:30:00Z,2026-05-21T03:30:00+0200,121.63,EUR/MWh,BE,BE,imbalance_price,Short,2026-06-20T12:20:56Z
2026-06-20T12:18:09Z,2026-06-20T14:18:09+0200,4bddbab4-20af-41f1-90cc-d649ae7f214d,2026-05-21T01:45:00Z,2026-05-21T03:45:00+0200,127.25,EUR/MWh,BE,BE,imbalance_price,Long,2026-06-20T12:20:56Z
2026-06-20T12:18:09Z,2026-06-20T14:18:09+0200,4bddbab4-20af-41f1-90cc-d649ae7f214d,2026-05-21T01:45:00Z,2026-05-21T03:45:00+0200,127.25,EUR/MWh,BE,BE,imbalance_price,Short,2026-06-20T12:20:56Z
2026-06-20T12:18:09Z,2026-06-20T14:18:09+0200,4bddbab4-20af-41f1-90cc-d649ae7f214d,2026-05-21T02:00:00Z,2026-05-21T04:00:00+0200,130.15,EUR/MWh,BE,BE,imbalance_price,Long,2026-06-20T12:20:56Z
2026-06-20T12:18:09Z,2026-06-20T14:18:09+0200,4bddbab4-20af-41f1-90cc-d649ae7f214d,2026-05-21T02:00:00Z,2026-05-21T04:00:00+0200,130.15,EUR/MWh,BE,BE,imbalance_price,Short,2026-06-20T12:20:56Z
2026-06-20T12:18:09Z,2026-06-20T14:18:09+0200,4bddbab4-20af-41f1-90cc-d649ae7f214d,2026-05-21T02:15:00Z,2026-05-21T04:15:00+0200,118.03,EUR/MWh,BE,BE,imbalance_price,Long,2026-06-20T12:20:56Z
2026-06-20T12:18:09Z,2026-06-20T14:18:09+0200,4bddbab4-20af-41f1-90cc-d649ae7f214d,2026-05-21T02:15:00Z,2026-05-21T04:15:00+0200,118.03,EUR/MWh,BE,BE,imbalance_price,Short,2026-06-20T12:20:56Z
2026-06-20T12:18:09Z,2026-06-20T14:18:09+0200,4bddbab4-20af-41f1-90cc-d649ae7f214d,2026-05-21T02:30:00Z,2026-05-21T04:30:00+0200,98.78,EUR/MWh,BE,BE,imbalance_price,Long,2026-06-20T12:20:56Z
2026-06-20T12:18:09Z,2026-06-20T14:18:09+0200,4bddbab4-20af-41f1-90cc-d649ae7f214d,2026-05-21T02:30:00Z,2026-05-21T04:30:00+0200,98.78,EUR/MWh,BE,BE,imbalance_price,Short,2026-06-20T12:20:56Z
2026-06-20T12:18:09Z,2026-06-20T14:18:09+0200,4bddbab4-20af-41f1-90cc-d649ae7f214d,2026-05-21T02:45:00Z,2026-05-21T04:45:00+0200,116.53,EUR/MWh,BE,BE,imbalance_price,Long,2026-06-20T12:20:56Z
2026-06-20T12:18:09Z,2026-06-20T14:18:09+0200,4bddbab4-20af-41f1-90cc-d649ae7f214d,2026-05-21T02:45:00Z,2026-05-21T04:45:00+0200,116.53,EUR/MWh,BE,BE,imbalance_price,Short,2026-06-20T12:20:56Z
2026-06-20T12:18:09Z,2026-06-20T14:18:09+0200,4bddbab4-20af-41f1-90cc-d649ae7f214d,2026-05-21T03:00:00Z,2026-05-21T05:00:00+0200,120.72,EUR/MWh,BE,BE,imbalance_price,Long,2026-06-20T12:20:56Z
2026-06-20T12:18:09Z,2026-06-20T14:18:09+0200,4bddbab4-20af-41f1-90cc-d649ae7f214d,2026-05-21T03:00:00Z,2026-05-21T05:00:00+0200,120.72,EUR/MWh,BE,BE,imbalance_price,Short,2026-06-20T12:20:56Z
2026-06-20T12:18:09Z,2026-06-20T14:18:09+0200,4bddbab4-20af-41f1-90cc-d649ae7f214d,2026-05-21T03:15:00Z,2026-05-21T05:15:00+0200,116.26,EUR/MWh,BE,BE,imbalance_price,Long,2026-06-20T12:20:56Z
2026-06-20T12:18:09Z,2026-06-20T14:18:09+0200,4bddbab4-20af-41f1-90cc-d649ae7f214d,2026-05-21T03:15:00Z,2026-05-21T05:15:00+0200,116.26,EUR/MWh,BE,BE,imbalance_price,Short,2026-06-20T12:20:56Z
2026-06-20T12:18:09Z,2026-06-20T14:18:09+0200,4bddbab4-20af-41f1-90cc-d649ae7f214d,2026-05-21T03:30:00Z,2026-05-21T05:30:00+0200,99.77,EUR/MWh,BE,BE,imbalance_price,Long,2026-06-20T12:20:56Z
2026-06-20T12:18:09Z,2026-06-20T14:18:09+0200,4bddbab4-20af-41f1-90cc-d649ae7f214d,2026-05-21T03:30:00Z,2026-05-21T05:30:00+0200,99.77,EUR/MWh,BE,BE,imbalance_price,Short,2026-06-20T12:20:56Z
2026-06-20T12:18:09Z,2026-06-20T14:18:09+0200,4bddbab4-20af-41f1-90cc-d649ae7f214d,2026-05-21T03:45:00Z,2026-05-21T05:45:00+0200,87.34,EUR/MWh,BE,BE,imbalance_price,Long,2026-06-20T12:20:56Z
2026-06-20T12:18:09Z,2026-06-20T14:18:09+0200,4bddbab4-20af-41f1-90cc-d649ae7f214d,2026-05-21T03:45:00Z,2026-05-21T05:45:00+0200,87.34,EUR/MWh,BE,BE,imbalance_price,Short,2026-06-20T12:20:56Z
2026-06-20T12:18:09Z,2026-06-20T14:18:09+0200,4bddbab4-20af-41f1-90cc-d649ae7f214d,2026-05-21T04:00:00Z,2026-05-21T06:00:00+0200,134.0,EUR/MWh,BE,BE,imbalance_price,Long,2026-06-20T12:20:56Z
2026-06-20T12:18:09Z,2026-06-20T14:18:09+0200,4bddbab4-20af-41f1-90cc-d649ae7f214d,2026-05-21T04:00:00Z,2026-05-21T06:00:00+0200,134.0,EUR/MWh,BE,BE,imbalance_price,Short,2026-06-20T12:20:56Z
2026-06-20T12:18:09Z,2026-06-20T14:18:09+0200,4bddbab4-20af-41f1-90cc-d649ae7f214d,2026-05-21T04:15:00Z,2026-05-21T06:15:00+0200,139.02,EUR/MWh,BE,BE,imbalance_price,Long,2026-06-20T12:20:56Z
2026-06-20T12:18:09Z,2026-06-20T14:18:09+0200,4bddbab4-20af-41f1-90cc-d649ae7f214d,2026-05-21T04:15:00Z,2026-05-21T06:15:00+0200,139.02,EUR/MWh,BE,BE,imbalance_price,Short,2026-06-20T12:20:56Z
2026-06-20T12:18:09Z,2026-06-20T14:18:09+0200,4bddbab4-20af-41f1-90cc-d649ae7f214d,2026-05-21T04:30:00Z,2026-05-21T06:30:00+0200,129.42,EUR/MWh,BE,BE,imbalance_price,Long,2026-06-20T12:20:56Z
2026-06-20T12:18:09Z,2026-06-20T14:18:09+0200,4bddbab4-20af-41f1-90cc-d649ae7f214d,2026-05-21T04:30:00Z,2026-05-21T06:30:00+0200,129.42,EUR/MWh,BE,BE,imbalance_price,Short,2026-06-20T12:20:56Z
2026-06-20T12:18:09Z,2026-06-20T14:18:09+0200,4bddbab4-20af-41f1-90cc-d649ae7f214d,2026-05-21T04:45:00Z,2026-05-21T06:45:00+0200,122.78,EUR/MWh,BE,BE,imbalance_price,Long,2026-06-20T12:20:56Z
2026-06-20T12:18:09Z,2026-06-20T14:18:09+0200,4bddbab4-20af-41f1-90cc-d649ae7f214d,2026-05-21T04:45:00Z,2026-05-21T06:45:00+0200,122.78,EUR/MWh,BE,BE,imbalance_price,Short,2026-06-20T12:20:56Z
2026-06-20T12:18:09Z,2026-06-20T14:18:09+0200,4bddbab4-20af-41f1-90cc-d649ae7f214d,2026-05-21T05:00:00Z,2026-05-21T07:00:00+0200,132.39,EUR/MWh,BE,BE,imbalance_price,Long,2026-06-20T12:20:56Z
2026-06-20T12:18:09Z,2026-06-20T14:18:09+0200,4bddbab4-20af-41f1-90cc-d649ae7f214d,2026-05-21T05:00:00Z,2026-05-21T07:00:00+0200,132.39,EUR/MWh,BE,BE,imbalance_price,Short,2026-06-20T12:20:56Z
2026-06-20T12:18:09Z,2026-06-20T14:18:09+0200,4bddbab4-20af-41f1-90cc-d649ae7f214d,2026-05-21T05:15:00Z,2026-05-21T07:15:00+0200,108.81,EUR/MWh,BE,BE,imbalance_price,Long,2026-06-20T12:20:56Z
2026-06-20T12:18:09Z,2026-06-20T14:18:09+0200,4bddbab4-20af-41f1-90cc-d649ae7f214d,2026-05-21T05:15:00Z,2026-05-21T07:15:00+0200,108.81,EUR/MWh,BE,BE,imbalance_price,Short,2026-06-20T12:20:56Z
2026-06-20T12:18:09Z,2026-06-20T14:18:09+0200,4bddbab4-20af-41f1-90cc-d649ae7f214d,2026-05-21T05:30:00Z,2026-05-21T07:30:00+0200,81.23,EUR/MWh,BE,BE,imbalance_price,Long,2026-06-20T12:20:56Z
2026-06-20T12:18:09Z,2026-06-20T14:18:09+0200,4bddbab4-20af-41f1-90cc-d649ae7f214d,2026-05-21T05:30:00Z,2026-05-21T07:30:00+0200,81.23,EUR/MWh,BE,BE,imbalance_price,Short,2026-06-20T12:20:56Z
2026-06-20T12:18:09Z,2026-06-20T14:18:09+0200,4bddbab4-20af-41f1-90cc-d649ae7f214d,2026-05-21T05:45:00Z,2026-05-21T07:45:00+0200,87.05,EUR/MWh,BE,BE,imbalance_price,Long,2026-06-20T12:20:56Z
2026-06-20T12:18:09Z,2026-06-20T14:18:09+0200,4bddbab4-20af-41f1-90cc-d649ae7f214d,2026-05-21T05:45:00Z,2026-05-21T07:45:00+0200,87.05,EUR/MWh,BE,BE,imbalance_price,Short,2026-06-20T12:20:56Z
2026-06-20T12:18:09Z,2026-06-20T14:18:09+0200,4bddbab4-20af-41f1-90cc-d649ae7f214d,2026-05-21T06:00:00Z,2026-05-21T08:00:00+0200,108.16,EUR/MWh,BE,BE,imbalance_price,Long,2026-06-20T12:20:56Z
2026-06-20T12:18:09Z,2026-06-20T14:18:09+0200,4bddbab4-20af-41f1-90cc-d649ae7f214d,2026-05-21T06:00:00Z,2026-05-21T08:00:00+0200,108.16,EUR/MWh,BE,BE,imbalance_price,Short,2026-06-20T12:20:56Z
2026-06-20T12:18:09Z,2026-06-20T14:18:09+0200,4bddbab4-20af-41f1-90cc-d649ae7f214d,2026-05-21T06:15:00Z,2026-05-21T08:15:00+0200,90.57,EUR/MWh,BE,BE,imbalance_price,Long,2026-06-20T12:20:56Z
2026-06-20T12:18:09Z,2026-06-20T14:18:09+0200,4bddbab4-20af-41f1-90cc-d649ae7f214d,2026-05-21T06:15:00Z,2026-05-21T08:15:00+0200,90.57,EUR/MWh,BE,BE,imbalance_price,Short,2026-06-20T12:20:56Z
2026-06-20T12:18:09Z,2026-06-20T14:18:09+0200,4bddbab4-20af-41f1-90cc-d649ae7f214d,2026-05-21T06:30:00Z,2026-05-21T08:30:00+0200,53.24,EUR/MWh,BE,BE,imbalance_price,Long,2026-06-20T12:20:56Z
2026-06-20T12:18:09Z,2026-06-20T14:18:09+0200,4bddbab4-20af-41f1-90cc-d649ae7f214d,2026-05-21T06:30:00Z,2026-05-21T08:30:00+0200,53.24,EUR/MWh,BE,BE,imbalance_price,Short,2026-06-20T12:20:56Z
2026-06-20T12:18:09Z,2026-06-20T14:18:09+0200,4bddbab4-20af-41f1-90cc-d649ae7f214d,2026-05-21T06:45:00Z,2026-05-21T08:45:00+0200,64.27,EUR/MWh,BE,BE,imbalance_price,Long,2026-06-20T12:20:56Z
2026-06-20T12:18:09Z,2026-06-20T14:18:09+0200,4bddbab4-20af-41f1-90cc-d649ae7f214d,2026-05-21T06:45:00Z,2026-05-21T08:45:00+0200,64.27,EUR/MWh,BE,BE,imbalance_price,Short,2026-06-20T12:20:56Z
2026-06-20T12:18:09Z,2026-06-20T14:18:09+0200,4bddbab4-20af-41f1-90cc-d649ae7f214d,2026-05-21T07:00:00Z,2026-05-21T09:00:00+0200,24.08,EUR/MWh,BE,BE,imbalance_price,Long,2026-06-20T12:20:56Z
2026-06-20T12:18:09Z,2026-06-20T14:18:09+0200,4bddbab4-20af-41f1-90cc-d649ae7f214d,2026-05-21T07:00:00Z,2026-05-21T09:00:00+0200,24.08,EUR/MWh,BE,BE,imbalance_price,Short,2026-06-20T12:20:56Z
2026-06-20T12:18:09Z,2026-06-20T14:18:09+0200,4bddbab4-20af-41f1-90cc-d649ae7f214d,2026-05-21T07:15:00Z,2026-05-21T09:15:00+0200,22.27,EUR/MWh,BE,BE,imbalance_price,Long,2026-06-20T12:20:56Z
2026-06-20T12:18:09Z,2026-06-20T14:18:09+0200,4bddbab4-20af-41f1-90cc-d649ae7f214d,2026-05-21T07:15:00Z,2026-05-21T09:15:00+0200,22.27,EUR/MWh,BE,BE,imbalance_price,Short,2026-06-20T12:20:56Z
2026-06-20T12:18:09Z,2026-06-20T14:18:09+0200,4bddbab4-20af-41f1-90cc-d649ae7f214d,2026-05-21T07:30:00Z,2026-05-21T09:30:00+0200,72.6,EUR/MWh,BE,BE,imbalance_price,Long,2026-06-20T12:20:56Z
2026-06-20T12:18:09Z,2026-06-20T14:18:09+0200,4bddbab4-20af-41f1-90cc-d649ae7f214d,2026-05-21T07:30:00Z,2026-05-21T09:30:00+0200,72.6,EUR/MWh,BE,BE,imbalance_price,Short,2026-06-20T12:20:56Z
2026-06-20T12:18:09Z,2026-06-20T14:18:09+0200,4bddbab4-20af-41f1-90cc-d649ae7f214d,2026-05-21T07:45:00Z,2026-05-21T09:45:00+0200,19.68,EUR/MWh,BE,BE,imbalance_price,Long,2026-06-20T12:20:56Z
2026-06-20T12:18:09Z,2026-06-20T14:18:09+0200,4bddbab4-20af-41f1-90cc-d649ae7f214d,2026-05-21T07:45:00Z,2026-05-21T09:45:00+0200,19.68,EUR/MWh,BE,BE,imbalance_price,Short,2026-06-20T12:20:56Z
2026-06-20T12:18:09Z,2026-06-20T14:18:09+0200,4bddbab4-20af-41f1-90cc-d649ae7f214d,2026-05-21T08:00:00Z,2026-05-21T10:00:00+0200,9.69,EUR/MWh,BE,BE,imbalance_price,Long,2026-06-20T12:20:56Z
2026-06-20T12:18:09Z,2026-06-20T14:18:09+0200,4bddbab4-20af-41f1-90cc-d649ae7f214d,2026-05-21T08:00:00Z,2026-05-21T10:00:00+0200,9.69,EUR/MWh,BE,BE,imbalance_price,Short,2026-06-20T12:20:56Z
2026-06-20T12:18:09Z,2026-06-20T14:18:09+0200,4bddbab4-20af-41f1-90cc-d649ae7f214d,2026-05-21T08:15:00Z,2026-05-21T10:15:00+0200,4.16,EUR/MWh,BE,BE,imbalance_price,Long,2026-06-20T12:20:56Z
2026-06-20T12:18:09Z,2026-06-20T14:18:09+0200,4bddbab4-20af-41f1-90cc-d649ae7f214d,2026-05-21T08:15:00Z,2026-05-21T10:15:00+0200,4.16,EUR/MWh,BE,BE,imbalance_price,Short,2026-06-20T12:20:56Z
2026-06-20T12:18:09Z,2026-06-20T14:18:09+0200,4bddbab4-20af-41f1-90cc-d649ae7f214d,2026-05-21T08:30:00Z,2026-05-21T10:30:00+0200,15.82,EUR/MWh,BE,BE,imbalance_price,Long,2026-06-20T12:20:56Z
2026-06-20T12:18:09Z,2026-06-20T14:18:09+0200,4bddbab4-20af-41f1-90cc-d649ae7f214d,2026-05-21T08:30:00Z,2026-05-21T10:30:00+0200,15.82,EUR/MWh,BE,BE,imbalance_price,Short,2026-06-20T12:20:56Z
2026-06-20T12:18:09Z,2026-06-20T14:18:09+0200,4bddbab4-20af-41f1-90cc-d649ae7f214d,2026-05-21T08:45:00Z,2026-05-21T10:45:00+0200,71.57,EUR/MWh,BE,BE,imbalance_price,Long,2026-06-20T12:20:56Z
2026-06-20T12:18:09Z,2026-06-20T14:18:09+0200,4bddbab4-20af-41f1-90cc-d649ae7f214d,2026-05-21T08:45:00Z,2026-05-21T10:45:00+0200,71.57,EUR/MWh,BE,BE,imbalance_price,Short,2026-06-20T12:20:56Z
2026-06-20T12:18:09Z,2026-06-20T14:18:09+0200,4bddbab4-20af-41f1-90cc-d649ae7f214d,2026-05-21T09:00:00Z,2026-05-21T11:00:00+0200,70.81,EUR/MWh,BE,BE,imbalance_price,Long,2026-06-20T12:20:56Z
2026-06-20T12:18:09Z,2026-06-20T14:18:09+0200,4bddbab4-20af-41f1-90cc-d649ae7f214d,2026-05-21T09:00:00Z,2026-05-21T11:00:00+0200,70.81,EUR/MWh,BE,BE,imbalance_price,Short,2026-06-20T12:20:56Z
2026-06-20T12:18:09Z,2026-06-20T14:18:09+0200,4bddbab4-20af-41f1-90cc-d649ae7f214d,2026-05-21T09:15:00Z,2026-05-21T11:15:00+0200,125.16,EUR/MWh,BE,BE,imbalance_price,Long,2026-06-20T12:20:56Z
2026-06-20T12:18:09Z,2026-06-20T14:18:09+0200,4bddbab4-20af-41f1-90cc-d649ae7f214d,2026-05-21T09:15:00Z,2026-05-21T11:15:00+0200,125.16,EUR/MWh,BE,BE,imbalance_price,Short,2026-06-20T12:20:56Z
2026-06-20T12:18:09Z,2026-06-20T14:18:09+0200,4bddbab4-20af-41f1-90cc-d649ae7f214d,2026-05-21T09:30:00Z,2026-05-21T11:30:00+0200,149.98,EUR/MWh,BE,BE,imbalance_price,Long,2026-06-20T12:20:56Z
2026-06-20T12:18:09Z,2026-06-20T14:18:09+0200,4bddbab4-20af-41f1-90cc-d649ae7f214d,2026-05-21T09:30:00Z,2026-05-21T11:30:00+0200,149.98,EUR/MWh,BE,BE,imbalance_price,Short,2026-06-20T12:20:56Z
2026-06-20T12:18:09Z,2026-06-20T14:18:09+0200,4bddbab4-20af-41f1-90cc-d649ae7f214d,2026-05-21T09:45:00Z,2026-05-21T11:45:00+0200,130.01,EUR/MWh,BE,BE,imbalance_price,Long,2026-06-20T12:20:56Z
2026-06-20T12:18:09Z,2026-06-20T14:18:09+0200,4bddbab4-20af-41f1-90cc-d649ae7f214d,2026-05-21T09:45:00Z,2026-05-21T11:45:00+0200,130.01,EUR/MWh,BE,BE,imbalance_price,Short,2026-06-20T12:20:56Z
2026-06-20T12:18:09Z,2026-06-20T14:18:09+0200,4bddbab4-20af-41f1-90cc-d649ae7f214d,2026-05-21T10:00:00Z,2026-05-21T12:00:00+0200,51.2,EUR/MWh,BE,BE,imbalance_price,Long,2026-06-20T12:20:56Z
2026-06-20T12:18:09Z,2026-06-20T14:18:09+0200,4bddbab4-20af-41f1-90cc-d649ae7f214d,2026-05-21T10:00:00Z,2026-05-21T12:00:00+0200,51.2,EUR/MWh,BE,BE,imbalance_price,Short,2026-06-20T12:20:56Z
2026-06-20T12:18:09Z,2026-06-20T14:18:09+0200,4bddbab4-20af-41f1-90cc-d649ae7f214d,2026-05-21T10:15:00Z,2026-05-21T12:15:00+0200,61.63,EUR/MWh,BE,BE,imbalance_price,Long,2026-06-20T12:20:56Z
2026-06-20T12:18:09Z,2026-06-20T14:18:09+0200,4bddbab4-20af-41f1-90cc-d649ae7f214d,2026-05-21T10:15:00Z,2026-05-21T12:15:00+0200,61.63,EUR/MWh,BE,BE,imbalance_price,Short,2026-06-20T12:20:56Z
2026-06-20T12:18:09Z,2026-06-20T14:18:09+0200,4bddbab4-20af-41f1-90cc-d649ae7f214d,2026-05-21T10:30:00Z,2026-05-21T12:30:00+0200,65.12,EUR/MWh,BE,BE,imbalance_price,Long,2026-06-20T12:20:56Z
2026-06-20T12:18:09Z,2026-06-20T14:18:09+0200,4bddbab4-20af-41f1-90cc-d649ae7f214d,2026-05-21T10:30:00Z,2026-05-21T12:30:00+0200,65.12,EUR/MWh,BE,BE,imbalance_price,Short,2026-06-20T12:20:56Z
2026-06-20T12:18:09Z,2026-06-20T14:18:09+0200,4bddbab4-20af-41f1-90cc-d649ae7f214d,2026-05-21T10:45:00Z,2026-05-21T12:45:00+0200,51.8,EUR/MWh,BE,BE,imbalance_price,Long,2026-06-20T12:20:56Z
2026-06-20T12:18:09Z,2026-06-20T14:18:09+0200,4bddbab4-20af-41f1-90cc-d649ae7f214d,2026-05-21T10:45:00Z,2026-05-21T12:45:00+0200,51.8,EUR/MWh,BE,BE,imbalance_price,Short,2026-06-20T12:20:56Z
2026-06-20T12:18:09Z,2026-06-20T14:18:09+0200,4bddbab4-20af-41f1-90cc-d649ae7f214d,2026-05-21T11:00:00Z,2026-05-21T13:00:00+0200,80.24,EUR/MWh,BE,BE,imbalance_price,Long,2026-06-20T12:20:56Z
2026-06-20T12:18:09Z,2026-06-20T14:18:09+0200,4bddbab4-20af-41f1-90cc-d649ae7f214d,2026-05-21T11:00:00Z,2026-05-21T13:00:00+0200,80.24,EUR/MWh,BE,BE,imbalance_price,Short,2026-06-20T12:20:56Z
2026-06-20T12:18:09Z,2026-06-20T14:18:09+0200,4bddbab4-20af-41f1-90cc-d649ae7f214d,2026-05-21T11:15:00Z,2026-05-21T13:15:00+0200,62.3,EUR/MWh,BE,BE,imbalance_price,Long,2026-06-20T12:20:56Z
2026-06-20T12:18:09Z,2026-06-20T14:18:09+0200,4bddbab4-20af-41f1-90cc-d649ae7f214d,2026-05-21T11:15:00Z,2026-05-21T13:15:00+0200,62.3,EUR/MWh,BE,BE,imbalance_price,Short,2026-06-20T12:20:56Z
2026-06-20T12:18:09Z,2026-06-20T14:18:09+0200,4bddbab4-20af-41f1-90cc-d649ae7f214d,2026-05-21T11:30:00Z,2026-05-21T13:30:00+0200,70.9,EUR/MWh,BE,BE,imbalance_price,Long,2026-06-20T12:20:56Z
2026-06-20T12:18:09Z,2026-06-20T14:18:09+0200,4bddbab4-20af-41f1-90cc-d649ae7f214d,2026-05-21T11:30:00Z,2026-05-21T13:30:00+0200,70.9,EUR/MWh,BE,BE,imbalance_price,Short,2026-06-20T12:20:56Z
2026-06-20T12:18:09Z,2026-06-20T14:18:09+0200,4bddbab4-20af-41f1-90cc-d649ae7f214d,2026-05-21T11:45:00Z,2026-05-21T13:45:00+0200,42.13,EUR/MWh,BE,BE,imbalance_price,Long,2026-06-20T12:20:56Z
2026-06-20T12:18:09Z,2026-06-20T14:18:09+0200,4bddbab4-20af-41f1-90cc-d649ae7f214d,2026-05-21T11:45:00Z,2026-05-21T13:45:00+0200,42.13,EUR/MWh,BE,BE,imbalance_price,Short,2026-06-20T12:20:56Z
2026-06-20T12:18:09Z,2026-06-20T14:18:09+0200,4bddbab4-20af-41f1-90cc-d649ae7f214d,2026-05-21T12:00:00Z,2026-05-21T14:00:00+0200,52.85,EUR/MWh,BE,BE,imbalance_price,Long,2026-06-20T12:20:56Z
2026-06-20T12:18:09Z,2026-06-20T14:18:09+0200,4bddbab4-20af-41f1-90cc-d649ae7f214d,2026-05-21T12:00:00Z,2026-05-21T14:00:00+0200,52.85,EUR/MWh,BE,BE,imbalance_price,Short,2026-06-20T12:20:56Z
2026-06-20T12:18:09Z,2026-06-20T14:18:09+0200,4bddbab4-20af-41f1-90cc-d649ae7f214d,2026-05-21T12:15:00Z,2026-05-21T14:15:00+0200,105.17,EUR/MWh,BE,BE,imbalance_price,Long,2026-06-20T12:20:56Z
2026-06-20T12:18:09Z,2026-06-20T14:18:09+0200,4bddbab4-20af-41f1-90cc-d649ae7f214d,2026-05-21T12:15:00Z,2026-05-21T14:15:00+0200,105.17,EUR/MWh,BE,BE,imbalance_price,Short,2026-06-20T12:20:56Z
2026-06-20T12:18:09Z,2026-06-20T14:18:09+0200,4bddbab4-20af-41f1-90cc-d649ae7f214d,2026-05-21T12:30:00Z,2026-05-21T14:30:00+0200,103.41,EUR/MWh,BE,BE,imbalance_price,Long,2026-06-20T12:20:56Z
2026-06-20T12:18:09Z,2026-06-20T14:18:09+0200,4bddbab4-20af-41f1-90cc-d649ae7f214d,2026-05-21T12:30:00Z,2026-05-21T14:30:00+0200,103.41,EUR/MWh,BE,BE,imbalance_price,Short,2026-06-20T12:20:56Z
2026-06-20T12:18:09Z,2026-06-20T14:18:09+0200,4bddbab4-20af-41f1-90cc-d649ae7f214d,2026-05-21T12:45:00Z,2026-05-21T14:45:00+0200,107.84,EUR/MWh,BE,BE,imbalance_price,Long,2026-06-20T12:20:56Z
2026-06-20T12:18:09Z,2026-06-20T14:18:09+0200,4bddbab4-20af-41f1-90cc-d649ae7f214d,2026-05-21T12:45:00Z,2026-05-21T14:45:00+0200,107.84,EUR/MWh,BE,BE,imbalance_price,Short,2026-06-20T12:20:56Z
2026-06-20T12:18:09Z,2026-06-20T14:18:09+0200,4bddbab4-20af-41f1-90cc-d649ae7f214d,2026-05-21T13:00:00Z,2026-05-21T15:00:00+0200,152.8,EUR/MWh,BE,BE,imbalance_price,Long,2026-06-20T12:20:56Z
2026-06-20T12:18:09Z,2026-06-20T14:18:09+0200,4bddbab4-20af-41f1-90cc-d649ae7f214d,2026-05-21T13:00:00Z,2026-05-21T15:00:00+0200,152.8,EUR/MWh,BE,BE,imbalance_price,Short,2026-06-20T12:20:56Z
2026-06-20T12:18:09Z,2026-06-20T14:18:09+0200,4bddbab4-20af-41f1-90cc-d649ae7f214d,2026-05-21T13:15:00Z,2026-05-21T15:15:00+0200,141.72,EUR/MWh,BE,BE,imbalance_price,Long,2026-06-20T12:20:56Z
2026-06-20T12:18:09Z,2026-06-20T14:18:09+0200,4bddbab4-20af-41f1-90cc-d649ae7f214d,2026-05-21T13:15:00Z,2026-05-21T15:15:00+0200,141.72,EUR/MWh,BE,BE,imbalance_price,Short,2026-06-20T12:20:56Z
2026-06-20T12:18:09Z,2026-06-20T14:18:09+0200,4bddbab4-20af-41f1-90cc-d649ae7f214d,2026-05-21T13:30:00Z,2026-05-21T15:30:00+0200,190.0,EUR/MWh,BE,BE,imbalance_price,Long,2026-06-20T12:20:56Z
2026-06-20T12:18:09Z,2026-06-20T14:18:09+0200,4bddbab4-20af-41f1-90cc-d649ae7f214d,2026-05-21T13:30:00Z,2026-05-21T15:30:00+0200,190.0,EUR/MWh,BE,BE,imbalance_price,Short,2026-06-20T12:20:56Z
2026-06-20T12:18:09Z,2026-06-20T14:18:09+0200,4bddbab4-20af-41f1-90cc-d649ae7f214d,2026-05-21T13:45:00Z,2026-05-21T15:45:00+0200,8.49,EUR/MWh,BE,BE,imbalance_price,Long,2026-06-20T12:20:56Z
2026-06-20T12:18:09Z,2026-06-20T14:18:09+0200,4bddbab4-20af-41f1-90cc-d649ae7f214d,2026-05-21T13:45:00Z,2026-05-21T15:45:00+0200,8.49,EUR/MWh,BE,BE,imbalance_price,Short,2026-06-20T12:20:56Z
2026-06-20T12:18:09Z,2026-06-20T14:18:09+0200,4bddbab4-20af-41f1-90cc-d649ae7f214d,2026-05-21T14:00:00Z,2026-05-21T16:00:00+0200,-13.79,EUR/MWh,BE,BE,imbalance_price,Long,2026-06-20T12:20:56Z
2026-06-20T12:18:09Z,2026-06-20T14:18:09+0200,4bddbab4-20af-41f1-90cc-d649ae7f214d,2026-05-21T14:00:00Z,2026-05-21T16:00:00+0200,-13.79,EUR/MWh,BE,BE,imbalance_price,Short,2026-06-20T12:20:56Z
2026-06-20T12:18:09Z,2026-06-20T14:18:09+0200,4bddbab4-20af-41f1-90cc-d649ae7f214d,2026-05-21T14:15:00Z,2026-05-21T16:15:00+0200,-48.57,EUR/MWh,BE,BE,imbalance_price,Long,2026-06-20T12:20:56Z
2026-06-20T12:18:09Z,2026-06-20T14:18:09+0200,4bddbab4-20af-41f1-90cc-d649ae7f214d,2026-05-21T14:15:00Z,2026-05-21T16:15:00+0200,-48.57,EUR/MWh,BE,BE,imbalance_price,Short,2026-06-20T12:20:56Z
2026-06-20T12:18:09Z,2026-06-20T14:18:09+0200,4bddbab4-20af-41f1-90cc-d649ae7f214d,2026-05-21T14:30:00Z,2026-05-21T16:30:00+0200,-21.1,EUR/MWh,BE,BE,imbalance_price,Long,2026-06-20T12:20:56Z
2026-06-20T12:18:09Z,2026-06-20T14:18:09+0200,4bddbab4-20af-41f1-90cc-d649ae7f214d,2026-05-21T14:30:00Z,2026-05-21T16:30:00+0200,-21.1,EUR/MWh,BE,BE,imbalance_price,Short,2026-06-20T12:20:56Z
2026-06-20T12:18:09Z,2026-06-20T14:18:09+0200,4bddbab4-20af-41f1-90cc-d649ae7f214d,2026-05-21T14:45:00Z,2026-05-21T16:45:00+0200,-7.9,EUR/MWh,BE,BE,imbalance_price,Long,2026-06-20T12:20:56Z
2026-06-20T12:18:09Z,2026-06-20T14:18:09+0200,4bddbab4-20af-41f1-90cc-d649ae7f214d,2026-05-21T14:45:00Z,2026-05-21T16:45:00+0200,-7.9,EUR/MWh,BE,BE,imbalance_price,Short,2026-06-20T12:20:56Z
2026-06-20T12:18:09Z,2026-06-20T14:18:09+0200,4bddbab4-20af-41f1-90cc-d649ae7f214d,2026-05-21T15:00:00Z,2026-05-21T17:00:00+0200,52.46,EUR/MWh,BE,BE,imbalance_price,Long,2026-06-20T12:20:56Z
2026-06-20T12:18:09Z,2026-06-20T14:18:09+0200,4bddbab4-20af-41f1-90cc-d649ae7f214d,2026-05-21T15:00:00Z,2026-05-21T17:00:00+0200,52.46,EUR/MWh,BE,BE,imbalance_price,Short,2026-06-20T12:20:56Z
2026-06-20T12:18:09Z,2026-06-20T14:18:09+0200,4bddbab4-20af-41f1-90cc-d649ae7f214d,2026-05-21T15:15:00Z,2026-05-21T17:15:00+0200,67.62,EUR/MWh,BE,BE,imbalance_price,Long,2026-06-20T12:20:56Z
2026-06-20T12:18:09Z,2026-06-20T14:18:09+0200,4bddbab4-20af-41f1-90cc-d649ae7f214d,2026-05-21T15:15:00Z,2026-05-21T17:15:00+0200,67.62,EUR/MWh,BE,BE,imbalance_price,Short,2026-06-20T12:20:56Z
2026-06-20T12:18:09Z,2026-06-20T14:18:09+0200,4bddbab4-20af-41f1-90cc-d649ae7f214d,2026-05-21T15:30:00Z,2026-05-21T17:30:00+0200,28.82,EUR/MWh,BE,BE,imbalance_price,Long,2026-06-20T12:20:56Z
2026-06-20T12:18:09Z,2026-06-20T14:18:09+0200,4bddbab4-20af-41f1-90cc-d649ae7f214d,2026-05-21T15:30:00Z,2026-05-21T17:30:00+0200,28.82,EUR/MWh,BE,BE,imbalance_price,Short,2026-06-20T12:20:56Z
2026-06-20T12:18:09Z,2026-06-20T14:18:09+0200,4bddbab4-20af-41f1-90cc-d649ae7f214d,2026-05-21T15:45:00Z,2026-05-21T17:45:00+0200,76.35,EUR/MWh,BE,BE,imbalance_price,Long,2026-06-20T12:20:56Z
2026-06-20T12:18:09Z,2026-06-20T14:18:09+0200,4bddbab4-20af-41f1-90cc-d649ae7f214d,2026-05-21T15:45:00Z,2026-05-21T17:45:00+0200,76.35,EUR/MWh,BE,BE,imbalance_price,Short,2026-06-20T12:20:56Z
2026-06-20T12:18:09Z,2026-06-20T14:18:09+0200,4bddbab4-20af-41f1-90cc-d649ae7f214d,2026-05-21T16:00:00Z,2026-05-21T18:00:00+0200,70.09,EUR/MWh,BE,BE,imbalance_price,Long,2026-06-20T12:20:56Z
2026-06-20T12:18:09Z,2026-06-20T14:18:09+0200,4bddbab4-20af-41f1-90cc-d649ae7f214d,2026-05-21T16:00:00Z,2026-05-21T18:00:00+0200,70.09,EUR/MWh,BE,BE,imbalance_price,Short,2026-06-20T12:20:56Z
2026-06-20T12:18:09Z,2026-06-20T14:18:09+0200,4bddbab4-20af-41f1-90cc-d649ae7f214d,2026-05-21T16:15:00Z,2026-05-21T18:15:00+0200,92.36,EUR/MWh,BE,BE,imbalance_price,Long,2026-06-20T12:20:56Z
2026-06-20T12:18:09Z,2026-06-20T14:18:09+0200,4bddbab4-20af-41f1-90cc-d649ae7f214d,2026-05-21T16:15:00Z,2026-05-21T18:15:00+0200,92.36,EUR/MWh,BE,BE,imbalance_price,Short,2026-06-20T12:20:56Z
2026-06-20T12:18:09Z,2026-06-20T14:18:09+0200,4bddbab4-20af-41f1-90cc-d649ae7f214d,2026-05-21T16:30:00Z,2026-05-21T18:30:00+0200,133.06,EUR/MWh,BE,BE,imbalance_price,Long,2026-06-20T12:20:56Z
2026-06-20T12:18:09Z,2026-06-20T14:18:09+0200,4bddbab4-20af-41f1-90cc-d649ae7f214d,2026-05-21T16:30:00Z,2026-05-21T18:30:00+0200,133.06,EUR/MWh,BE,BE,imbalance_price,Short,2026-06-20T12:20:56Z
2026-06-20T12:18:09Z,2026-06-20T14:18:09+0200,4bddbab4-20af-41f1-90cc-d649ae7f214d,2026-05-21T16:45:00Z,2026-05-21T18:45:00+0200,141.46,EUR/MWh,BE,BE,imbalance_price,Long,2026-06-20T12:20:56Z
2026-06-20T12:18:09Z,2026-06-20T14:18:09+0200,4bddbab4-20af-41f1-90cc-d649ae7f214d,2026-05-21T16:45:00Z,2026-05-21T18:45:00+0200,141.46,EUR/MWh,BE,BE,imbalance_price,Short,2026-06-20T12:20:56Z
2026-06-20T12:18:09Z,2026-06-20T14:18:09+0200,4bddbab4-20af-41f1-90cc-d649ae7f214d,2026-05-21T17:00:00Z,2026-05-21T19:00:00+0200,141.43,EUR/MWh,BE,BE,imbalance_price,Long,2026-06-20T12:20:56Z
2026-06-20T12:18:09Z,2026-06-20T14:18:09+0200,4bddbab4-20af-41f1-90cc-d649ae7f214d,2026-05-21T17:00:00Z,2026-05-21T19:00:00+0200,141.43,EUR/MWh,BE,BE,imbalance_price,Short,2026-06-20T12:20:56Z
2026-06-20T12:18:09Z,2026-06-20T14:18:09+0200,4bddbab4-20af-41f1-90cc-d649ae7f214d,2026-05-21T17:15:00Z,2026-05-21T19:15:00+0200,161.78,EUR/MWh,BE,BE,imbalance_price,Long,2026-06-20T12:20:56Z
2026-06-20T12:18:09Z,2026-06-20T14:18:09+0200,4bddbab4-20af-41f1-90cc-d649ae7f214d,2026-05-21T17:15:00Z,2026-05-21T19:15:00+0200,161.78,EUR/MWh,BE,BE,imbalance_price,Short,2026-06-20T12:20:56Z
2026-06-20T12:18:09Z,2026-06-20T14:18:09+0200,4bddbab4-20af-41f1-90cc-d649ae7f214d,2026-05-21T17:30:00Z,2026-05-21T19:30:00+0200,164.47,EUR/MWh,BE,BE,imbalance_price,Long,2026-06-20T12:20:56Z
2026-06-20T12:18:09Z,2026-06-20T14:18:09+0200,4bddbab4-20af-41f1-90cc-d649ae7f214d,2026-05-21T17:30:00Z,2026-05-21T19:30:00+0200,164.47,EUR/MWh,BE,BE,imbalance_price,Short,2026-06-20T12:20:56Z
2026-06-20T12:18:09Z,2026-06-20T14:18:09+0200,4bddbab4-20af-41f1-90cc-d649ae7f214d,2026-05-21T17:45:00Z,2026-05-21T19:45:00+0200,167.63,EUR/MWh,BE,BE,imbalance_price,Long,2026-06-20T12:20:56Z
2026-06-20T12:18:09Z,2026-06-20T14:18:09+0200,4bddbab4-20af-41f1-90cc-d649ae7f214d,2026-05-21T17:45:00Z,2026-05-21T19:45:00+0200,167.63,EUR/MWh,BE,BE,imbalance_price,Short,2026-06-20T12:20:56Z
2026-06-20T12:18:09Z,2026-06-20T14:18:09+0200,4bddbab4-20af-41f1-90cc-d649ae7f214d,2026-05-21T18:00:00Z,2026-05-21T20:00:00+0200,142.87,EUR/MWh,BE,BE,imbalance_price,Long,2026-06-20T12:20:56Z
2026-06-20T12:18:09Z,2026-06-20T14:18:09+0200,4bddbab4-20af-41f1-90cc-d649ae7f214d,2026-05-21T18:00:00Z,2026-05-21T20:00:00+0200,142.87,EUR/MWh,BE,BE,imbalance_price,Short,2026-06-20T12:20:56Z
2026-06-20T12:18:09Z,2026-06-20T14:18:09+0200,4bddbab4-20af-41f1-90cc-d649ae7f214d,2026-05-21T18:15:00Z,2026-05-21T20:15:00+0200,156.0,EUR/MWh,BE,BE,imbalance_price,Long,2026-06-20T12:20:56Z
2026-06-20T12:18:09Z,2026-06-20T14:18:09+0200,4bddbab4-20af-41f1-90cc-d649ae7f214d,2026-05-21T18:15:00Z,2026-05-21T20:15:00+0200,156.0,EUR/MWh,BE,BE,imbalance_price,Short,2026-06-20T12:20:56Z
2026-06-20T12:18:09Z,2026-06-20T14:18:09+0200,4bddbab4-20af-41f1-90cc-d649ae7f214d,2026-05-21T18:30:00Z,2026-05-21T20:30:00+0200,165.0,EUR/MWh,BE,BE,imbalance_price,Long,2026-06-20T12:20:56Z
2026-06-20T12:18:09Z,2026-06-20T14:18:09+0200,4bddbab4-20af-41f1-90cc-d649ae7f214d,2026-05-21T18:30:00Z,2026-05-21T20:30:00+0200,165.0,EUR/MWh,BE,BE,imbalance_price,Short,2026-06-20T12:20:56Z
2026-06-20T12:18:09Z,2026-06-20T14:18:09+0200,4bddbab4-20af-41f1-90cc-d649ae7f214d,2026-05-21T18:45:00Z,2026-05-21T20:45:00+0200,166.29,EUR/MWh,BE,BE,imbalance_price,Long,2026-06-20T12:20:56Z
2026-06-20T12:18:09Z,2026-06-20T14:18:09+0200,4bddbab4-20af-41f1-90cc-d649ae7f214d,2026-05-21T18:45:00Z,2026-05-21T20:45:00+0200,166.29,EUR/MWh,BE,BE,imbalance_price,Short,2026-06-20T12:20:56Z
2026-06-20T12:18:09Z,2026-06-20T14:18:09+0200,4bddbab4-20af-41f1-90cc-d649ae7f214d,2026-05-21T19:00:00Z,2026-05-21T21:00:00+0200,176.92,EUR/MWh,BE,BE,imbalance_price,Long,2026-06-20T12:20:56Z
2026-06-20T12:18:09Z,2026-06-20T14:18:09+0200,4bddbab4-20af-41f1-90cc-d649ae7f214d,2026-05-21T19:00:00Z,2026-05-21T21:00:00+0200,176.92,EUR/MWh,BE,BE,imbalance_price,Short,2026-06-20T12:20:56Z
2026-06-20T12:18:09Z,2026-06-20T14:18:09+0200,4bddbab4-20af-41f1-90cc-d649ae7f214d,2026-05-21T19:15:00Z,2026-05-21T21:15:00+0200,224.47,EUR/MWh,BE,BE,imbalance_price,Long,2026-06-20T12:20:56Z
2026-06-20T12:18:09Z,2026-06-20T14:18:09+0200,4bddbab4-20af-41f1-90cc-d649ae7f214d,2026-05-21T19:15:00Z,2026-05-21T21:15:00+0200,224.47,EUR/MWh,BE,BE,imbalance_price,Short,2026-06-20T12:20:56Z
2026-06-20T12:18:09Z,2026-06-20T14:18:09+0200,4bddbab4-20af-41f1-90cc-d649ae7f214d,2026-05-21T19:30:00Z,2026-05-21T21:30:00+0200,324.56,EUR/MWh,BE,BE,imbalance_price,Long,2026-06-20T12:20:56Z
2026-06-20T12:18:09Z,2026-06-20T14:18:09+0200,4bddbab4-20af-41f1-90cc-d649ae7f214d,2026-05-21T19:30:00Z,2026-05-21T21:30:00+0200,324.56,EUR/MWh,BE,BE,imbalance_price,Short,2026-06-20T12:20:56Z
2026-06-20T12:18:09Z,2026-06-20T14:18:09+0200,4bddbab4-20af-41f1-90cc-d649ae7f214d,2026-05-21T19:45:00Z,2026-05-21T21:45:00+0200,206.42,EUR/MWh,BE,BE,imbalance_price,Long,2026-06-20T12:20:56Z
2026-06-20T12:18:09Z,2026-06-20T14:18:09+0200,4bddbab4-20af-41f1-90cc-d649ae7f214d,2026-05-21T19:45:00Z,2026-05-21T21:45:00+0200,206.42,EUR/MWh,BE,BE,imbalance_price,Short,2026-06-20T12:20:56Z
2026-06-20T12:18:09Z,2026-06-20T14:18:09+0200,4bddbab4-20af-41f1-90cc-d649ae7f214d,2026-05-21T20:00:00Z,2026-05-21T22:00:00+0200,198.98,EUR/MWh,BE,BE,imbalance_price,Long,2026-06-20T12:20:56Z
2026-06-20T12:18:09Z,2026-06-20T14:18:09+0200,4bddbab4-20af-41f1-90cc-d649ae7f214d,2026-05-21T20:00:00Z,2026-05-21T22:00:00+0200,198.98,EUR/MWh,BE,BE,imbalance_price,Short,2026-06-20T12:20:56Z
2026-06-20T12:18:09Z,2026-06-20T14:18:09+0200,4bddbab4-20af-41f1-90cc-d649ae7f214d,2026-05-21T20:15:00Z,2026-05-21T22:15:00+0200,191.56,EUR/MWh,BE,BE,imbalance_price,Long,2026-06-20T12:20:56Z
2026-06-20T12:18:09Z,2026-06-20T14:18:09+0200,4bddbab4-20af-41f1-90cc-d649ae7f214d,2026-05-21T20:15:00Z,2026-05-21T22:15:00+0200,191.56,EUR/MWh,BE,BE,imbalance_price,Short,2026-06-20T12:20:56Z
2026-06-20T12:18:09Z,2026-06-20T14:18:09+0200,4bddbab4-20af-41f1-90cc-d649ae7f214d,2026-05-21T20:30:00Z,2026-05-21T22:30:00+0200,181.28,EUR/MWh,BE,BE,imbalance_price,Long,2026-06-20T12:20:56Z
2026-06-20T12:18:09Z,2026-06-20T14:18:09+0200,4bddbab4-20af-41f1-90cc-d649ae7f214d,2026-05-21T20:30:00Z,2026-05-21T22:30:00+0200,181.28,EUR/MWh,BE,BE,imbalance_price,Short,2026-06-20T12:20:56Z
2026-06-20T12:18:09Z,2026-06-20T14:18:09+0200,4bddbab4-20af-41f1-90cc-d649ae7f214d,2026-05-21T20:45:00Z,2026-05-21T22:45:00+0200,197.99,EUR/MWh,BE,BE,imbalance_price,Long,2026-06-20T12:20:56Z
2026-06-20T12:18:09Z,2026-06-20T14:18:09+0200,4bddbab4-20af-41f1-90cc-d649ae7f214d,2026-05-21T20:45:00Z,2026-05-21T22:45:00+0200,197.99,EUR/MWh,BE,BE,imbalance_price,Short,2026-06-20T12:20:56Z
2026-06-20T12:18:09Z,2026-06-20T14:18:09+0200,4bddbab4-20af-41f1-90cc-d649ae7f214d,2026-05-21T21:00:00Z,2026-05-21T23:00:00+0200,253.0,EUR/MWh,BE,BE,imbalance_price,Long,2026-06-20T12:20:56Z
2026-06-20T12:18:09Z,2026-06-20T14:18:09+0200,4bddbab4-20af-41f1-90cc-d649ae7f214d,2026-05-21T21:00:00Z,2026-05-21T23:00:00+0200,253.0,EUR/MWh,BE,BE,imbalance_price,Short,2026-06-20T12:20:56Z
2026-06-20T12:18:09Z,2026-06-20T14:18:09+0200,4bddbab4-20af-41f1-90cc-d649ae7f214d,2026-05-21T21:15:00Z,2026-05-21T23:15:00+0200,149.57,EUR/MWh,BE,BE,imbalance_price,Long,2026-06-20T12:20:56Z
2026-06-20T12:18:09Z,2026-06-20T14:18:09+0200,4bddbab4-20af-41f1-90cc-d649ae7f214d,2026-05-21T21:15:00Z,2026-05-21T23:15:00+0200,149.57,EUR/MWh,BE,BE,imbalance_price,Short,2026-06-20T12:20:56Z
2026-06-20T12:18:09Z,2026-06-20T14:18:09+0200,4bddbab4-20af-41f1-90cc-d649ae7f214d,2026-05-21T21:30:00Z,2026-05-21T23:30:00+0200,149.51,EUR/MWh,BE,BE,imbalance_price,Long,2026-06-20T12:20:56Z
2026-06-20T12:18:09Z,2026-06-20T14:18:09+0200,4bddbab4-20af-41f1-90cc-d649ae7f214d,2026-05-21T21:30:00Z,2026-05-21T23:30:00+0200,149.51,EUR/MWh,BE,BE,imbalance_price,Short,2026-06-20T12:20:56Z
2026-06-20T12:18:09Z,2026-06-20T14:18:09+0200,4bddbab4-20af-41f1-90cc-d649ae7f214d,2026-05-21T21:45:00Z,2026-05-21T23:45:00+0200,132.29,EUR/MWh,BE,BE,imbalance_price,Long,2026-06-20T12:20:56Z
2026-06-20T12:18:09Z,2026-06-20T14:18:09+0200,4bddbab4-20af-41f1-90cc-d649ae7f214d,2026-05-21T21:45:00Z,2026-05-21T23:45:00+0200,132.29,EUR/MWh,BE,BE,imbalance_price,Short,2026-06-20T12:20:56Z
2026-06-20T12:18:09Z,2026-06-20T14:18:09+0200,4bddbab4-20af-41f1-90cc-d649ae7f214d,2026-05-21T22:00:00Z,2026-05-22T00:00:00+0200,128.88,EUR/MWh,BE,BE,imbalance_price,Long,2026-06-20T12:20:56Z
2026-06-20T12:18:09Z,2026-06-20T14:18:09+0200,4bddbab4-20af-41f1-90cc-d649ae7f214d,2026-05-21T22:00:00Z,2026-05-22T00:00:00+0200,128.88,EUR/MWh,BE,BE,imbalance_price,Short,2026-06-20T12:20:56Z
2026-06-20T12:18:09Z,2026-06-20T14:18:09+0200,4bddbab4-20af-41f1-90cc-d649ae7f214d,2026-05-21T22:15:00Z,2026-05-22T00:15:00+0200,129.16,EUR/MWh,BE,BE,imbalance_price,Long,2026-06-20T12:20:56Z
2026-06-20T12:18:09Z,2026-06-20T14:18:09+0200,4bddbab4-20af-41f1-90cc-d649ae7f214d,2026-05-21T22:15:00Z,2026-05-22T00:15:00+0200,129.16,EUR/MWh,BE,BE,imbalance_price,Short,2026-06-20T12:20:56Z
2026-06-20T12:18:09Z,2026-06-20T14:18:09+0200,4bddbab4-20af-41f1-90cc-d649ae7f214d,2026-05-21T22:30:00Z,2026-05-22T00:30:00+0200,135.09,EUR/MWh,BE,BE,imbalance_price,Long,2026-06-20T12:20:56Z
2026-06-20T12:18:09Z,2026-06-20T14:18:09+0200,4bddbab4-20af-41f1-90cc-d649ae7f214d,2026-05-21T22:30:00Z,2026-05-22T00:30:00+0200,135.09,EUR/MWh,BE,BE,imbalance_price,Short,2026-06-20T12:20:56Z
2026-06-20T12:18:09Z,2026-06-20T14:18:09+0200,4bddbab4-20af-41f1-90cc-d649ae7f214d,2026-05-21T22:45:00Z,2026-05-22T00:45:00+0200,142.45,EUR/MWh,BE,BE,imbalance_price,Long,2026-06-20T12:20:56Z
2026-06-20T12:18:09Z,2026-06-20T14:18:09+0200,4bddbab4-20af-41f1-90cc-d649ae7f214d,2026-05-21T22:45:00Z,2026-05-22T00:45:00+0200,142.45,EUR/MWh,BE,BE,imbalance_price,Short,2026-06-20T12:20:56Z
2026-06-20T12:18:09Z,2026-06-20T14:18:09+0200,4bddbab4-20af-41f1-90cc-d649ae7f214d,2026-05-21T23:00:00Z,2026-05-22T01:00:00+0200,152.43,EUR/MWh,BE,BE,imbalance_price,Long,2026-06-20T12:20:56Z
2026-06-20T12:18:09Z,2026-06-20T14:18:09+0200,4bddbab4-20af-41f1-90cc-d649ae7f214d,2026-05-21T23:00:00Z,2026-05-22T01:00:00+0200,152.43,EUR/MWh,BE,BE,imbalance_price,Short,2026-06-20T12:20:56Z
2026-06-20T12:18:09Z,2026-06-20T14:18:09+0200,4bddbab4-20af-41f1-90cc-d649ae7f214d,2026-05-21T23:15:00Z,2026-05-22T01:15:00+0200,136.58,EUR/MWh,BE,BE,imbalance_price,Long,2026-06-20T12:20:56Z
2026-06-20T12:18:09Z,2026-06-20T14:18:09+0200,4bddbab4-20af-41f1-90cc-d649ae7f214d,2026-05-21T23:15:00Z,2026-05-22T01:15:00+0200,136.58,EUR/MWh,BE,BE,imbalance_price,Short,2026-06-20T12:20:56Z
2026-06-20T12:18:09Z,2026-06-20T14:18:09+0200,4bddbab4-20af-41f1-90cc-d649ae7f214d,2026-05-21T23:30:00Z,2026-05-22T01:30:00+0200,140.95,EUR/MWh,BE,BE,imbalance_price,Long,2026-06-20T12:20:56Z
2026-06-20T12:18:09Z,2026-06-20T14:18:09+0200,4bddbab4-20af-41f1-90cc-d649ae7f214d,2026-05-21T23:30:00Z,2026-05-22T01:30:00+0200,140.95,EUR/MWh,BE,BE,imbalance_price,Short,2026-06-20T12:20:56Z
2026-06-20T12:18:09Z,2026-06-20T14:18:09+0200,4bddbab4-20af-41f1-90cc-d649ae7f214d,2026-05-21T23:45:00Z,2026-05-22T01:45:00+0200,142.24,EUR/MWh,BE,BE,imbalance_price,Long,2026-06-20T12:20:56Z
2026-06-20T12:18:09Z,2026-06-20T14:18:09+0200,4bddbab4-20af-41f1-90cc-d649ae7f214d,2026-05-21T23:45:00Z,2026-05-22T01:45:00+0200,142.24,EUR/MWh,BE,BE,imbalance_price,Short,2026-06-20T12:20:56Z
2026-06-20T12:18:09Z,2026-06-20T14:18:09+0200,4bddbab4-20af-41f1-90cc-d649ae7f214d,2026-05-22T00:00:00Z,2026-05-22T02:00:00+0200,141.0,EUR/MWh,BE,BE,imbalance_price,Long,2026-06-20T12:20:56Z
2026-06-20T12:18:09Z,2026-06-20T14:18:09+0200,4bddbab4-20af-41f1-90cc-d649ae7f214d,2026-05-22T00:00:00Z,2026-05-22T02:00:00+0200,141.0,EUR/MWh,BE,BE,imbalance_price,Short,2026-06-20T12:20:56Z
2026-06-20T12:18:09Z,2026-06-20T14:18:09+0200,4bddbab4-20af-41f1-90cc-d649ae7f214d,2026-05-22T00:15:00Z,2026-05-22T02:15:00+0200,130.19,EUR/MWh,BE,BE,imbalance_price,Long,2026-06-20T12:20:56Z
2026-06-20T12:18:09Z,2026-06-20T14:18:09+0200,4bddbab4-20af-41f1-90cc-d649ae7f214d,2026-05-22T00:15:00Z,2026-05-22T02:15:00+0200,130.19,EUR/MWh,BE,BE,imbalance_price,Short,2026-06-20T12:20:56Z
2026-06-20T12:18:09Z,2026-06-20T14:18:09+0200,4bddbab4-20af-41f1-90cc-d649ae7f214d,2026-05-22T00:30:00Z,2026-05-22T02:30:00+0200,133.8,EUR/MWh,BE,BE,imbalance_price,Long,2026-06-20T12:20:56Z
2026-06-20T12:18:09Z,2026-06-20T14:18:09+0200,4bddbab4-20af-41f1-90cc-d649ae7f214d,2026-05-22T00:30:00Z,2026-05-22T02:30:00+0200,133.8,EUR/MWh,BE,BE,imbalance_price,Short,2026-06-20T12:20:56Z
2026-06-20T12:18:09Z,2026-06-20T14:18:09+0200,4bddbab4-20af-41f1-90cc-d649ae7f214d,2026-05-22T00:45:00Z,2026-05-22T02:45:00+0200,133.54,EUR/MWh,BE,BE,imbalance_price,Long,2026-06-20T12:20:56Z
2026-06-20T12:18:09Z,2026-06-20T14:18:09+0200,4bddbab4-20af-41f1-90cc-d649ae7f214d,2026-05-22T00:45:00Z,2026-05-22T02:45:00+0200,133.54,EUR/MWh,BE,BE,imbalance_price,Short,2026-06-20T12:20:56Z
2026-06-20T12:18:09Z,2026-06-20T14:18:09+0200,4bddbab4-20af-41f1-90cc-d649ae7f214d,2026-05-22T01:00:00Z,2026-05-22T03:00:00+0200,136.54,EUR/MWh,BE,BE,imbalance_price,Long,2026-06-20T12:20:56Z
2026-06-20T12:18:09Z,2026-06-20T14:18:09+0200,4bddbab4-20af-41f1-90cc-d649ae7f214d,2026-05-22T01:00:00Z,2026-05-22T03:00:00+0200,136.54,EUR/MWh,BE,BE,imbalance_price,Short,2026-06-20T12:20:56Z
2026-06-20T12:18:09Z,2026-06-20T14:18:09+0200,4bddbab4-20af-41f1-90cc-d649ae7f214d,2026-05-22T01:15:00Z,2026-05-22T03:15:00+0200,128.36,EUR/MWh,BE,BE,imbalance_price,Long,2026-06-20T12:20:56Z
2026-06-20T12:18:09Z,2026-06-20T14:18:09+0200,4bddbab4-20af-41f1-90cc-d649ae7f214d,2026-05-22T01:15:00Z,2026-05-22T03:15:00+0200,128.36,EUR/MWh,BE,BE,imbalance_price,Short,2026-06-20T12:20:56Z
2026-06-20T12:18:09Z,2026-06-20T14:18:09+0200,4bddbab4-20af-41f1-90cc-d649ae7f214d,2026-05-22T01:30:00Z,2026-05-22T03:30:00+0200,117.92,EUR/MWh,BE,BE,imbalance_price,Long,2026-06-20T12:20:56Z
2026-06-20T12:18:09Z,2026-06-20T14:18:09+0200,4bddbab4-20af-41f1-90cc-d649ae7f214d,2026-05-22T01:30:00Z,2026-05-22T03:30:00+0200,117.92,EUR/MWh,BE,BE,imbalance_price,Short,2026-06-20T12:20:56Z
2026-06-20T12:18:09Z,2026-06-20T14:18:09+0200,4bddbab4-20af-41f1-90cc-d649ae7f214d,2026-05-22T01:45:00Z,2026-05-22T03:45:00+0200,113.39,EUR/MWh,BE,BE,imbalance_price,Long,2026-06-20T12:20:56Z
2026-06-20T12:18:09Z,2026-06-20T14:18:09+0200,4bddbab4-20af-41f1-90cc-d649ae7f214d,2026-05-22T01:45:00Z,2026-05-22T03:45:00+0200,113.39,EUR/MWh,BE,BE,imbalance_price,Short,2026-06-20T12:20:56Z
2026-06-20T12:18:09Z,2026-06-20T14:18:09+0200,4bddbab4-20af-41f1-90cc-d649ae7f214d,2026-05-22T02:00:00Z,2026-05-22T04:00:00+0200,123.14,EUR/MWh,BE,BE,imbalance_price,Long,2026-06-20T12:20:56Z
2026-06-20T12:18:09Z,2026-06-20T14:18:09+0200,4bddbab4-20af-41f1-90cc-d649ae7f214d,2026-05-22T02:00:00Z,2026-05-22T04:00:00+0200,123.14,EUR/MWh,BE,BE,imbalance_price,Short,2026-06-20T12:20:56Z
2026-06-20T12:18:09Z,2026-06-20T14:18:09+0200,4bddbab4-20af-41f1-90cc-d649ae7f214d,2026-05-22T02:15:00Z,2026-05-22T04:15:00+0200,112.99,EUR/MWh,BE,BE,imbalance_price,Long,2026-06-20T12:20:56Z
2026-06-20T12:18:09Z,2026-06-20T14:18:09+0200,4bddbab4-20af-41f1-90cc-d649ae7f214d,2026-05-22T02:15:00Z,2026-05-22T04:15:00+0200,112.99,EUR/MWh,BE,BE,imbalance_price,Short,2026-06-20T12:20:56Z
2026-06-20T12:18:09Z,2026-06-20T14:18:09+0200,4bddbab4-20af-41f1-90cc-d649ae7f214d,2026-05-22T02:30:00Z,2026-05-22T04:30:00+0200,126.77,EUR/MWh,BE,BE,imbalance_price,Long,2026-06-20T12:20:56Z
2026-06-20T12:18:09Z,2026-06-20T14:18:09+0200,4bddbab4-20af-41f1-90cc-d649ae7f214d,2026-05-22T02:30:00Z,2026-05-22T04:30:00+0200,126.77,EUR/MWh,BE,BE,imbalance_price,Short,2026-06-20T12:20:56Z
2026-06-20T12:18:09Z,2026-06-20T14:18:09+0200,4bddbab4-20af-41f1-90cc-d649ae7f214d,2026-05-22T02:45:00Z,2026-05-22T04:45:00+0200,128.99,EUR/MWh,BE,BE,imbalance_price,Long,2026-06-20T12:20:56Z
2026-06-20T12:18:09Z,2026-06-20T14:18:09+0200,4bddbab4-20af-41f1-90cc-d649ae7f214d,2026-05-22T02:45:00Z,2026-05-22T04:45:00+0200,128.99,EUR/MWh,BE,BE,imbalance_price,Short,2026-06-20T12:20:56Z
2026-06-20T12:18:09Z,2026-06-20T14:18:09+0200,4bddbab4-20af-41f1-90cc-d649ae7f214d,2026-05-22T03:00:00Z,2026-05-22T05:00:00+0200,138.81,EUR/MWh,BE,BE,imbalance_price,Long,2026-06-20T12:20:56Z
2026-06-20T12:18:09Z,2026-06-20T14:18:09+0200,4bddbab4-20af-41f1-90cc-d649ae7f214d,2026-05-22T03:00:00Z,2026-05-22T05:00:00+0200,138.81,EUR/MWh,BE,BE,imbalance_price,Short,2026-06-20T12:20:56Z
2026-06-20T12:18:09Z,2026-06-20T14:18:09+0200,4bddbab4-20af-41f1-90cc-d649ae7f214d,2026-05-22T03:15:00Z,2026-05-22T05:15:00+0200,117.23,EUR/MWh,BE,BE,imbalance_price,Long,2026-06-20T12:20:56Z
2026-06-20T12:18:09Z,2026-06-20T14:18:09+0200,4bddbab4-20af-41f1-90cc-d649ae7f214d,2026-05-22T03:15:00Z,2026-05-22T05:15:00+0200,117.23,EUR/MWh,BE,BE,imbalance_price,Short,2026-06-20T12:20:56Z
2026-06-20T12:18:09Z,2026-06-20T14:18:09+0200,4bddbab4-20af-41f1-90cc-d649ae7f214d,2026-05-22T03:30:00Z,2026-05-22T05:30:00+0200,129.94,EUR/MWh,BE,BE,imbalance_price,Long,2026-06-20T12:20:56Z
2026-06-20T12:18:09Z,2026-06-20T14:18:09+0200,4bddbab4-20af-41f1-90cc-d649ae7f214d,2026-05-22T03:30:00Z,2026-05-22T05:30:00+0200,129.94,EUR/MWh,BE,BE,imbalance_price,Short,2026-06-20T12:20:56Z
2026-06-20T12:18:09Z,2026-06-20T14:18:09+0200,4bddbab4-20af-41f1-90cc-d649ae7f214d,2026-05-22T03:45:00Z,2026-05-22T05:45:00+0200,146.63,EUR/MWh,BE,BE,imbalance_price,Long,2026-06-20T12:20:56Z
2026-06-20T12:18:09Z,2026-06-20T14:18:09+0200,4bddbab4-20af-41f1-90cc-d649ae7f214d,2026-05-22T03:45:00Z,2026-05-22T05:45:00+0200,146.63,EUR/MWh,BE,BE,imbalance_price,Short,2026-06-20T12:20:56Z
2026-06-20T12:18:09Z,2026-06-20T14:18:09+0200,4bddbab4-20af-41f1-90cc-d649ae7f214d,2026-05-22T04:00:00Z,2026-05-22T06:00:00+0200,140.28,EUR/MWh,BE,BE,imbalance_price,Long,2026-06-20T12:20:56Z
2026-06-20T12:18:09Z,2026-06-20T14:18:09+0200,4bddbab4-20af-41f1-90cc-d649ae7f214d,2026-05-22T04:00:00Z,2026-05-22T06:00:00+0200,140.28,EUR/MWh,BE,BE,imbalance_price,Short,2026-06-20T12:20:56Z
2026-06-20T12:18:09Z,2026-06-20T14:18:09+0200,4bddbab4-20af-41f1-90cc-d649ae7f214d,2026-05-22T04:15:00Z,2026-05-22T06:15:00+0200,123.54,EUR/MWh,BE,BE,imbalance_price,Long,2026-06-20T12:20:56Z
2026-06-20T12:18:09Z,2026-06-20T14:18:09+0200,4bddbab4-20af-41f1-90cc-d649ae7f214d,2026-05-22T04:15:00Z,2026-05-22T06:15:00+0200,123.54,EUR/MWh,BE,BE,imbalance_price,Short,2026-06-20T12:20:56Z
2026-06-20T12:18:09Z,2026-06-20T14:18:09+0200,4bddbab4-20af-41f1-90cc-d649ae7f214d,2026-05-22T04:30:00Z,2026-05-22T06:30:00+0200,129.21,EUR/MWh,BE,BE,imbalance_price,Long,2026-06-20T12:20:56Z
2026-06-20T12:18:09Z,2026-06-20T14:18:09+0200,4bddbab4-20af-41f1-90cc-d649ae7f214d,2026-05-22T04:30:00Z,2026-05-22T06:30:00+0200,129.21,EUR/MWh,BE,BE,imbalance_price,Short,2026-06-20T12:20:56Z
2026-06-20T12:18:09Z,2026-06-20T14:18:09+0200,4bddbab4-20af-41f1-90cc-d649ae7f214d,2026-05-22T04:45:00Z,2026-05-22T06:45:00+0200,137.32,EUR/MWh,BE,BE,imbalance_price,Long,2026-06-20T12:20:56Z
2026-06-20T12:18:09Z,2026-06-20T14:18:09+0200,4bddbab4-20af-41f1-90cc-d649ae7f214d,2026-05-22T04:45:00Z,2026-05-22T06:45:00+0200,137.32,EUR/MWh,BE,BE,imbalance_price,Short,2026-06-20T12:20:56Z
2026-06-20T12:18:09Z,2026-06-20T14:18:09+0200,4bddbab4-20af-41f1-90cc-d649ae7f214d,2026-05-22T05:00:00Z,2026-05-22T07:00:00+0200,131.9,EUR/MWh,BE,BE,imbalance_price,Long,2026-06-20T12:20:56Z
2026-06-20T12:18:09Z,2026-06-20T14:18:09+0200,4bddbab4-20af-41f1-90cc-d649ae7f214d,2026-05-22T05:00:00Z,2026-05-22T07:00:00+0200,131.9,EUR/MWh,BE,BE,imbalance_price,Short,2026-06-20T12:20:56Z
2026-06-20T12:18:09Z,2026-06-20T14:18:09+0200,4bddbab4-20af-41f1-90cc-d649ae7f214d,2026-05-22T05:15:00Z,2026-05-22T07:15:00+0200,98.47,EUR/MWh,BE,BE,imbalance_price,Long,2026-06-20T12:20:56Z
2026-06-20T12:18:09Z,2026-06-20T14:18:09+0200,4bddbab4-20af-41f1-90cc-d649ae7f214d,2026-05-22T05:15:00Z,2026-05-22T07:15:00+0200,98.47,EUR/MWh,BE,BE,imbalance_price,Short,2026-06-20T12:20:56Z
2026-06-20T12:18:09Z,2026-06-20T14:18:09+0200,4bddbab4-20af-41f1-90cc-d649ae7f214d,2026-05-22T05:30:00Z,2026-05-22T07:30:00+0200,96.68,EUR/MWh,BE,BE,imbalance_price,Long,2026-06-20T12:20:56Z
2026-06-20T12:18:09Z,2026-06-20T14:18:09+0200,4bddbab4-20af-41f1-90cc-d649ae7f214d,2026-05-22T05:30:00Z,2026-05-22T07:30:00+0200,96.68,EUR/MWh,BE,BE,imbalance_price,Short,2026-06-20T12:20:56Z
2026-06-20T12:18:09Z,2026-06-20T14:18:09+0200,4bddbab4-20af-41f1-90cc-d649ae7f214d,2026-05-22T05:45:00Z,2026-05-22T07:45:00+0200,87.42,EUR/MWh,BE,BE,imbalance_price,Long,2026-06-20T12:20:56Z
2026-06-20T12:18:09Z,2026-06-20T14:18:09+0200,4bddbab4-20af-41f1-90cc-d649ae7f214d,2026-05-22T05:45:00Z,2026-05-22T07:45:00+0200,87.42,EUR/MWh,BE,BE,imbalance_price,Short,2026-06-20T12:20:56Z
2026-06-20T12:18:09Z,2026-06-20T14:18:09+0200,4bddbab4-20af-41f1-90cc-d649ae7f214d,2026-05-22T06:00:00Z,2026-05-22T08:00:00+0200,87.5,EUR/MWh,BE,BE,imbalance_price,Long,2026-06-20T12:20:56Z
2026-06-20T12:18:09Z,2026-06-20T14:18:09+0200,4bddbab4-20af-41f1-90cc-d649ae7f214d,2026-05-22T06:00:00Z,2026-05-22T08:00:00+0200,87.5,EUR/MWh,BE,BE,imbalance_price,Short,2026-06-20T12:20:56Z
2026-06-20T12:18:09Z,2026-06-20T14:18:09+0200,4bddbab4-20af-41f1-90cc-d649ae7f214d,2026-05-22T06:15:00Z,2026-05-22T08:15:00+0200,85.33,EUR/MWh,BE,BE,imbalance_price,Long,2026-06-20T12:20:56Z
2026-06-20T12:18:09Z,2026-06-20T14:18:09+0200,4bddbab4-20af-41f1-90cc-d649ae7f214d,2026-05-22T06:15:00Z,2026-05-22T08:15:00+0200,85.33,EUR/MWh,BE,BE,imbalance_price,Short,2026-06-20T12:20:56Z
2026-06-20T12:18:09Z,2026-06-20T14:18:09+0200,4bddbab4-20af-41f1-90cc-d649ae7f214d,2026-05-22T06:30:00Z,2026-05-22T08:30:00+0200,95.94,EUR/MWh,BE,BE,imbalance_price,Long,2026-06-20T12:20:56Z
2026-06-20T12:18:09Z,2026-06-20T14:18:09+0200,4bddbab4-20af-41f1-90cc-d649ae7f214d,2026-05-22T06:30:00Z,2026-05-22T08:30:00+0200,95.94,EUR/MWh,BE,BE,imbalance_price,Short,2026-06-20T12:20:56Z
2026-06-20T12:18:09Z,2026-06-20T14:18:09+0200,4bddbab4-20af-41f1-90cc-d649ae7f214d,2026-05-22T06:45:00Z,2026-05-22T08:45:00+0200,99.04,EUR/MWh,BE,BE,imbalance_price,Long,2026-06-20T12:20:56Z
2026-06-20T12:18:09Z,2026-06-20T14:18:09+0200,4bddbab4-20af-41f1-90cc-d649ae7f214d,2026-05-22T06:45:00Z,2026-05-22T08:45:00+0200,99.04,EUR/MWh,BE,BE,imbalance_price,Short,2026-06-20T12:20:56Z
2026-06-20T12:18:09Z,2026-06-20T14:18:09+0200,4bddbab4-20af-41f1-90cc-d649ae7f214d,2026-05-22T07:00:00Z,2026-05-22T09:00:00+0200,174.45,EUR/MWh,BE,BE,imbalance_price,Long,2026-06-20T12:20:56Z
2026-06-20T12:18:09Z,2026-06-20T14:18:09+0200,4bddbab4-20af-41f1-90cc-d649ae7f214d,2026-05-22T07:00:00Z,2026-05-22T09:00:00+0200,174.45,EUR/MWh,BE,BE,imbalance_price,Short,2026-06-20T12:20:56Z
2026-06-20T12:18:09Z,2026-06-20T14:18:09+0200,4bddbab4-20af-41f1-90cc-d649ae7f214d,2026-05-22T07:15:00Z,2026-05-22T09:15:00+0200,192.38,EUR/MWh,BE,BE,imbalance_price,Long,2026-06-20T12:20:56Z
2026-06-20T12:18:09Z,2026-06-20T14:18:09+0200,4bddbab4-20af-41f1-90cc-d649ae7f214d,2026-05-22T07:15:00Z,2026-05-22T09:15:00+0200,192.38,EUR/MWh,BE,BE,imbalance_price,Short,2026-06-20T12:20:56Z
2026-06-20T12:18:09Z,2026-06-20T14:18:09+0200,4bddbab4-20af-41f1-90cc-d649ae7f214d,2026-05-22T07:30:00Z,2026-05-22T09:30:00+0200,204.76,EUR/MWh,BE,BE,imbalance_price,Long,2026-06-20T12:20:56Z
2026-06-20T12:18:09Z,2026-06-20T14:18:09+0200,4bddbab4-20af-41f1-90cc-d649ae7f214d,2026-05-22T07:30:00Z,2026-05-22T09:30:00+0200,204.76,EUR/MWh,BE,BE,imbalance_price,Short,2026-06-20T12:20:56Z
2026-06-20T12:18:09Z,2026-06-20T14:18:09+0200,4bddbab4-20af-41f1-90cc-d649ae7f214d,2026-05-22T07:45:00Z,2026-05-22T09:45:00+0200,189.53,EUR/MWh,BE,BE,imbalance_price,Long,2026-06-20T12:20:56Z
2026-06-20T12:18:09Z,2026-06-20T14:18:09+0200,4bddbab4-20af-41f1-90cc-d649ae7f214d,2026-05-22T07:45:00Z,2026-05-22T09:45:00+0200,189.53,EUR/MWh,BE,BE,imbalance_price,Short,2026-06-20T12:20:56Z
2026-06-20T12:18:09Z,2026-06-20T14:18:09+0200,4bddbab4-20af-41f1-90cc-d649ae7f214d,2026-05-22T08:00:00Z,2026-05-22T10:00:00+0200,43.61,EUR/MWh,BE,BE,imbalance_price,Long,2026-06-20T12:20:56Z
2026-06-20T12:18:09Z,2026-06-20T14:18:09+0200,4bddbab4-20af-41f1-90cc-d649ae7f214d,2026-05-22T08:00:00Z,2026-05-22T10:00:00+0200,43.61,EUR/MWh,BE,BE,imbalance_price,Short,2026-06-20T12:20:56Z
2026-06-20T12:18:09Z,2026-06-20T14:18:09+0200,4bddbab4-20af-41f1-90cc-d649ae7f214d,2026-05-22T08:15:00Z,2026-05-22T10:15:00+0200,42.98,EUR/MWh,BE,BE,imbalance_price,Long,2026-06-20T12:20:56Z
2026-06-20T12:18:09Z,2026-06-20T14:18:09+0200,4bddbab4-20af-41f1-90cc-d649ae7f214d,2026-05-22T08:15:00Z,2026-05-22T10:15:00+0200,42.98,EUR/MWh,BE,BE,imbalance_price,Short,2026-06-20T12:20:56Z
2026-06-20T12:18:09Z,2026-06-20T14:18:09+0200,4bddbab4-20af-41f1-90cc-d649ae7f214d,2026-05-22T08:30:00Z,2026-05-22T10:30:00+0200,32.15,EUR/MWh,BE,BE,imbalance_price,Long,2026-06-20T12:20:56Z
2026-06-20T12:18:09Z,2026-06-20T14:18:09+0200,4bddbab4-20af-41f1-90cc-d649ae7f214d,2026-05-22T08:30:00Z,2026-05-22T10:30:00+0200,32.15,EUR/MWh,BE,BE,imbalance_price,Short,2026-06-20T12:20:56Z
2026-06-20T12:18:09Z,2026-06-20T14:18:09+0200,4bddbab4-20af-41f1-90cc-d649ae7f214d,2026-05-22T08:45:00Z,2026-05-22T10:45:00+0200,1.16,EUR/MWh,BE,BE,imbalance_price,Long,2026-06-20T12:20:56Z
2026-06-20T12:18:09Z,2026-06-20T14:18:09+0200,4bddbab4-20af-41f1-90cc-d649ae7f214d,2026-05-22T08:45:00Z,2026-05-22T10:45:00+0200,1.16,EUR/MWh,BE,BE,imbalance_price,Short,2026-06-20T12:20:56Z
2026-06-20T12:18:09Z,2026-06-20T14:18:09+0200,4bddbab4-20af-41f1-90cc-d649ae7f214d,2026-05-22T09:00:00Z,2026-05-22T11:00:00+0200,9.53,EUR/MWh,BE,BE,imbalance_price,Long,2026-06-20T12:20:56Z
2026-06-20T12:18:09Z,2026-06-20T14:18:09+0200,4bddbab4-20af-41f1-90cc-d649ae7f214d,2026-05-22T09:00:00Z,2026-05-22T11:00:00+0200,9.53,EUR/MWh,BE,BE,imbalance_price,Short,2026-06-20T12:20:56Z
2026-06-20T12:18:09Z,2026-06-20T14:18:09+0200,4bddbab4-20af-41f1-90cc-d649ae7f214d,2026-05-22T09:15:00Z,2026-05-22T11:15:00+0200,-3.16,EUR/MWh,BE,BE,imbalance_price,Long,2026-06-20T12:20:56Z
2026-06-20T12:18:09Z,2026-06-20T14:18:09+0200,4bddbab4-20af-41f1-90cc-d649ae7f214d,2026-05-22T09:15:00Z,2026-05-22T11:15:00+0200,-3.16,EUR/MWh,BE,BE,imbalance_price,Short,2026-06-20T12:20:56Z
2026-06-20T12:18:09Z,2026-06-20T14:18:09+0200,4bddbab4-20af-41f1-90cc-d649ae7f214d,2026-05-22T09:30:00Z,2026-05-22T11:30:00+0200,58.61,EUR/MWh,BE,BE,imbalance_price,Long,2026-06-20T12:20:56Z
2026-06-20T12:18:09Z,2026-06-20T14:18:09+0200,4bddbab4-20af-41f1-90cc-d649ae7f214d,2026-05-22T09:30:00Z,2026-05-22T11:30:00+0200,58.61,EUR/MWh,BE,BE,imbalance_price,Short,2026-06-20T12:20:56Z
2026-06-20T12:18:09Z,2026-06-20T14:18:09+0200,4bddbab4-20af-41f1-90cc-d649ae7f214d,2026-05-22T09:45:00Z,2026-05-22T11:45:00+0200,67.21,EUR/MWh,BE,BE,imbalance_price,Long,2026-06-20T12:20:56Z
2026-06-20T12:18:09Z,2026-06-20T14:18:09+0200,4bddbab4-20af-41f1-90cc-d649ae7f214d,2026-05-22T09:45:00Z,2026-05-22T11:45:00+0200,67.21,EUR/MWh,BE,BE,imbalance_price,Short,2026-06-20T12:20:56Z
2026-06-20T12:18:09Z,2026-06-20T14:18:09+0200,4bddbab4-20af-41f1-90cc-d649ae7f214d,2026-05-22T10:00:00Z,2026-05-22T12:00:00+0200,26.1,EUR/MWh,BE,BE,imbalance_price,Long,2026-06-20T12:20:56Z
2026-06-20T12:18:09Z,2026-06-20T14:18:09+0200,4bddbab4-20af-41f1-90cc-d649ae7f214d,2026-05-22T10:00:00Z,2026-05-22T12:00:00+0200,26.1,EUR/MWh,BE,BE,imbalance_price,Short,2026-06-20T12:20:56Z
2026-06-20T12:18:09Z,2026-06-20T14:18:09+0200,4bddbab4-20af-41f1-90cc-d649ae7f214d,2026-05-22T10:15:00Z,2026-05-22T12:15:00+0200,21.35,EUR/MWh,BE,BE,imbalance_price,Long,2026-06-20T12:20:56Z
2026-06-20T12:18:09Z,2026-06-20T14:18:09+0200,4bddbab4-20af-41f1-90cc-d649ae7f214d,2026-05-22T10:15:00Z,2026-05-22T12:15:00+0200,21.35,EUR/MWh,BE,BE,imbalance_price,Short,2026-06-20T12:20:56Z
2026-06-20T12:18:09Z,2026-06-20T14:18:09+0200,4bddbab4-20af-41f1-90cc-d649ae7f214d,2026-05-22T10:30:00Z,2026-05-22T12:30:00+0200,72.9,EUR/MWh,BE,BE,imbalance_price,Long,2026-06-20T12:20:56Z
2026-06-20T12:18:09Z,2026-06-20T14:18:09+0200,4bddbab4-20af-41f1-90cc-d649ae7f214d,2026-05-22T10:30:00Z,2026-05-22T12:30:00+0200,72.9,EUR/MWh,BE,BE,imbalance_price,Short,2026-06-20T12:20:56Z
2026-06-20T12:18:09Z,2026-06-20T14:18:09+0200,4bddbab4-20af-41f1-90cc-d649ae7f214d,2026-05-22T10:45:00Z,2026-05-22T12:45:00+0200,9.33,EUR/MWh,BE,BE,imbalance_price,Long,2026-06-20T12:20:56Z
2026-06-20T12:18:09Z,2026-06-20T14:18:09+0200,4bddbab4-20af-41f1-90cc-d649ae7f214d,2026-05-22T10:45:00Z,2026-05-22T12:45:00+0200,9.33,EUR/MWh,BE,BE,imbalance_price,Short,2026-06-20T12:20:56Z
2026-06-20T12:18:09Z,2026-06-20T14:18:09+0200,4bddbab4-20af-41f1-90cc-d649ae7f214d,2026-05-22T11:00:00Z,2026-05-22T13:00:00+0200,-0.15,EUR/MWh,BE,BE,imbalance_price,Long,2026-06-20T12:20:56Z
2026-06-20T12:18:09Z,2026-06-20T14:18:09+0200,4bddbab4-20af-41f1-90cc-d649ae7f214d,2026-05-22T11:00:00Z,2026-05-22T13:00:00+0200,-0.15,EUR/MWh,BE,BE,imbalance_price,Short,2026-06-20T12:20:56Z
2026-06-20T12:18:09Z,2026-06-20T14:18:09+0200,4bddbab4-20af-41f1-90cc-d649ae7f214d,2026-05-22T11:15:00Z,2026-05-22T13:15:00+0200,-2.25,EUR/MWh,BE,BE,imbalance_price,Long,2026-06-20T12:20:56Z
2026-06-20T12:18:09Z,2026-06-20T14:18:09+0200,4bddbab4-20af-41f1-90cc-d649ae7f214d,2026-05-22T11:15:00Z,2026-05-22T13:15:00+0200,-2.25,EUR/MWh,BE,BE,imbalance_price,Short,2026-06-20T12:20:56Z
2026-06-20T12:18:09Z,2026-06-20T14:18:09+0200,4bddbab4-20af-41f1-90cc-d649ae7f214d,2026-05-22T11:30:00Z,2026-05-22T13:30:00+0200,0.06,EUR/MWh,BE,BE,imbalance_price,Long,2026-06-20T12:20:56Z
2026-06-20T12:18:09Z,2026-06-20T14:18:09+0200,4bddbab4-20af-41f1-90cc-d649ae7f214d,2026-05-22T11:30:00Z,2026-05-22T13:30:00+0200,0.06,EUR/MWh,BE,BE,imbalance_price,Short,2026-06-20T12:20:56Z
2026-06-20T12:18:09Z,2026-06-20T14:18:09+0200,4bddbab4-20af-41f1-90cc-d649ae7f214d,2026-05-22T11:45:00Z,2026-05-22T13:45:00+0200,-7.17,EUR/MWh,BE,BE,imbalance_price,Long,2026-06-20T12:20:56Z
2026-06-20T12:18:09Z,2026-06-20T14:18:09+0200,4bddbab4-20af-41f1-90cc-d649ae7f214d,2026-05-22T11:45:00Z,2026-05-22T13:45:00+0200,-7.17,EUR/MWh,BE,BE,imbalance_price,Short,2026-06-20T12:20:56Z
2026-06-20T12:18:09Z,2026-06-20T14:18:09+0200,4bddbab4-20af-41f1-90cc-d649ae7f214d,2026-05-22T12:00:00Z,2026-05-22T14:00:00+0200,-7.65,EUR/MWh,BE,BE,imbalance_price,Long,2026-06-20T12:20:56Z
2026-06-20T12:18:09Z,2026-06-20T14:18:09+0200,4bddbab4-20af-41f1-90cc-d649ae7f214d,2026-05-22T12:00:00Z,2026-05-22T14:00:00+0200,-7.65,EUR/MWh,BE,BE,imbalance_price,Short,2026-06-20T12:20:56Z
2026-06-20T12:18:09Z,2026-06-20T14:18:09+0200,4bddbab4-20af-41f1-90cc-d649ae7f214d,2026-05-22T12:15:00Z,2026-05-22T14:15:00+0200,11.64,EUR/MWh,BE,BE,imbalance_price,Long,2026-06-20T12:20:56Z
2026-06-20T12:18:09Z,2026-06-20T14:18:09+0200,4bddbab4-20af-41f1-90cc-d649ae7f214d,2026-05-22T12:15:00Z,2026-05-22T14:15:00+0200,11.64,EUR/MWh,BE,BE,imbalance_price,Short,2026-06-20T12:20:56Z
2026-06-20T12:18:09Z,2026-06-20T14:18:09+0200,4bddbab4-20af-41f1-90cc-d649ae7f214d,2026-05-22T12:30:00Z,2026-05-22T14:30:00+0200,-8.55,EUR/MWh,BE,BE,imbalance_price,Long,2026-06-20T12:20:56Z
2026-06-20T12:18:09Z,2026-06-20T14:18:09+0200,4bddbab4-20af-41f1-90cc-d649ae7f214d,2026-05-22T12:30:00Z,2026-05-22T14:30:00+0200,-8.55,EUR/MWh,BE,BE,imbalance_price,Short,2026-06-20T12:20:56Z
2026-06-20T12:18:09Z,2026-06-20T14:18:09+0200,4bddbab4-20af-41f1-90cc-d649ae7f214d,2026-05-22T12:45:00Z,2026-05-22T14:45:00+0200,4.75,EUR/MWh,BE,BE,imbalance_price,Long,2026-06-20T12:20:56Z
2026-06-20T12:18:09Z,2026-06-20T14:18:09+0200,4bddbab4-20af-41f1-90cc-d649ae7f214d,2026-05-22T12:45:00Z,2026-05-22T14:45:00+0200,4.75,EUR/MWh,BE,BE,imbalance_price,Short,2026-06-20T12:20:56Z
2026-06-20T12:18:09Z,2026-06-20T14:18:09+0200,4bddbab4-20af-41f1-90cc-d649ae7f214d,2026-05-22T13:00:00Z,2026-05-22T15:00:00+0200,12.14,EUR/MWh,BE,BE,imbalance_price,Long,2026-06-20T12:20:56Z
2026-06-20T12:18:09Z,2026-06-20T14:18:09+0200,4bddbab4-20af-41f1-90cc-d649ae7f214d,2026-05-22T13:00:00Z,2026-05-22T15:00:00+0200,12.14,EUR/MWh,BE,BE,imbalance_price,Short,2026-06-20T12:20:56Z
2026-06-20T12:18:09Z,2026-06-20T14:18:09+0200,4bddbab4-20af-41f1-90cc-d649ae7f214d,2026-05-22T13:15:00Z,2026-05-22T15:15:00+0200,6.75,EUR/MWh,BE,BE,imbalance_price,Long,2026-06-20T12:20:56Z
2026-06-20T12:18:09Z,2026-06-20T14:18:09+0200,4bddbab4-20af-41f1-90cc-d649ae7f214d,2026-05-22T13:15:00Z,2026-05-22T15:15:00+0200,6.75,EUR/MWh,BE,BE,imbalance_price,Short,2026-06-20T12:20:56Z
2026-06-20T12:18:09Z,2026-06-20T14:18:09+0200,4bddbab4-20af-41f1-90cc-d649ae7f214d,2026-05-22T13:30:00Z,2026-05-22T15:30:00+0200,6.3,EUR/MWh,BE,BE,imbalance_price,Long,2026-06-20T12:20:56Z
2026-06-20T12:18:09Z,2026-06-20T14:18:09+0200,4bddbab4-20af-41f1-90cc-d649ae7f214d,2026-05-22T13:30:00Z,2026-05-22T15:30:00+0200,6.3,EUR/MWh,BE,BE,imbalance_price,Short,2026-06-20T12:20:56Z
2026-06-20T12:18:09Z,2026-06-20T14:18:09+0200,4bddbab4-20af-41f1-90cc-d649ae7f214d,2026-05-22T13:45:00Z,2026-05-22T15:45:00+0200,34.9,EUR/MWh,BE,BE,imbalance_price,Long,2026-06-20T12:20:56Z
2026-06-20T12:18:09Z,2026-06-20T14:18:09+0200,4bddbab4-20af-41f1-90cc-d649ae7f214d,2026-05-22T13:45:00Z,2026-05-22T15:45:00+0200,34.9,EUR/MWh,BE,BE,imbalance_price,Short,2026-06-20T12:20:56Z
2026-06-20T12:18:09Z,2026-06-20T14:18:09+0200,4bddbab4-20af-41f1-90cc-d649ae7f214d,2026-05-22T14:00:00Z,2026-05-22T16:00:00+0200,6.45,EUR/MWh,BE,BE,imbalance_price,Long,2026-06-20T12:20:56Z
2026-06-20T12:18:09Z,2026-06-20T14:18:09+0200,4bddbab4-20af-41f1-90cc-d649ae7f214d,2026-05-22T14:00:00Z,2026-05-22T16:00:00+0200,6.45,EUR/MWh,BE,BE,imbalance_price,Short,2026-06-20T12:20:56Z
2026-06-20T12:18:09Z,2026-06-20T14:18:09+0200,4bddbab4-20af-41f1-90cc-d649ae7f214d,2026-05-22T14:15:00Z,2026-05-22T16:15:00+0200,48.97,EUR/MWh,BE,BE,imbalance_price,Long,2026-06-20T12:20:56Z
2026-06-20T12:18:09Z,2026-06-20T14:18:09+0200,4bddbab4-20af-41f1-90cc-d649ae7f214d,2026-05-22T14:15:00Z,2026-05-22T16:15:00+0200,48.97,EUR/MWh,BE,BE,imbalance_price,Short,2026-06-20T12:20:56Z
2026-06-20T12:18:09Z,2026-06-20T14:18:09+0200,4bddbab4-20af-41f1-90cc-d649ae7f214d,2026-05-22T14:30:00Z,2026-05-22T16:30:00+0200,90.41,EUR/MWh,BE,BE,imbalance_price,Long,2026-06-20T12:20:56Z
2026-06-20T12:18:09Z,2026-06-20T14:18:09+0200,4bddbab4-20af-41f1-90cc-d649ae7f214d,2026-05-22T14:30:00Z,2026-05-22T16:30:00+0200,90.41,EUR/MWh,BE,BE,imbalance_price,Short,2026-06-20T12:20:56Z
2026-06-20T12:18:09Z,2026-06-20T14:18:09+0200,4bddbab4-20af-41f1-90cc-d649ae7f214d,2026-05-22T14:45:00Z,2026-05-22T16:45:00+0200,101.35,EUR/MWh,BE,BE,imbalance_price,Long,2026-06-20T12:20:56Z
2026-06-20T12:18:09Z,2026-06-20T14:18:09+0200,4bddbab4-20af-41f1-90cc-d649ae7f214d,2026-05-22T14:45:00Z,2026-05-22T16:45:00+0200,101.35,EUR/MWh,BE,BE,imbalance_price,Short,2026-06-20T12:20:56Z
2026-06-20T12:18:09Z,2026-06-20T14:18:09+0200,4bddbab4-20af-41f1-90cc-d649ae7f214d,2026-05-22T15:00:00Z,2026-05-22T17:00:00+0200,117.26,EUR/MWh,BE,BE,imbalance_price,Long,2026-06-20T12:20:56Z
2026-06-20T12:18:09Z,2026-06-20T14:18:09+0200,4bddbab4-20af-41f1-90cc-d649ae7f214d,2026-05-22T15:00:00Z,2026-05-22T17:00:00+0200,117.26,EUR/MWh,BE,BE,imbalance_price,Short,2026-06-20T12:20:56Z
2026-06-20T12:18:09Z,2026-06-20T14:18:09+0200,4bddbab4-20af-41f1-90cc-d649ae7f214d,2026-05-22T15:15:00Z,2026-05-22T17:15:00+0200,119.81,EUR/MWh,BE,BE,imbalance_price,Long,2026-06-20T12:20:56Z
2026-06-20T12:18:09Z,2026-06-20T14:18:09+0200,4bddbab4-20af-41f1-90cc-d649ae7f214d,2026-05-22T15:15:00Z,2026-05-22T17:15:00+0200,119.81,EUR/MWh,BE,BE,imbalance_price,Short,2026-06-20T12:20:56Z
2026-06-20T12:18:09Z,2026-06-20T14:18:09+0200,4bddbab4-20af-41f1-90cc-d649ae7f214d,2026-05-22T15:30:00Z,2026-05-22T17:30:00+0200,115.33,EUR/MWh,BE,BE,imbalance_price,Long,2026-06-20T12:20:56Z
2026-06-20T12:18:09Z,2026-06-20T14:18:09+0200,4bddbab4-20af-41f1-90cc-d649ae7f214d,2026-05-22T15:30:00Z,2026-05-22T17:30:00+0200,115.33,EUR/MWh,BE,BE,imbalance_price,Short,2026-06-20T12:20:56Z
2026-06-20T12:18:09Z,2026-06-20T14:18:09+0200,4bddbab4-20af-41f1-90cc-d649ae7f214d,2026-05-22T15:45:00Z,2026-05-22T17:45:00+0200,117.25,EUR/MWh,BE,BE,imbalance_price,Long,2026-06-20T12:20:56Z
2026-06-20T12:18:09Z,2026-06-20T14:18:09+0200,4bddbab4-20af-41f1-90cc-d649ae7f214d,2026-05-22T15:45:00Z,2026-05-22T17:45:00+0200,117.25,EUR/MWh,BE,BE,imbalance_price,Short,2026-06-20T12:20:56Z
2026-06-20T12:18:09Z,2026-06-20T14:18:09+0200,4bddbab4-20af-41f1-90cc-d649ae7f214d,2026-05-22T16:00:00Z,2026-05-22T18:00:00+0200,80.69,EUR/MWh,BE,BE,imbalance_price,Long,2026-06-20T12:20:56Z
2026-06-20T12:18:09Z,2026-06-20T14:18:09+0200,4bddbab4-20af-41f1-90cc-d649ae7f214d,2026-05-22T16:00:00Z,2026-05-22T18:00:00+0200,80.69,EUR/MWh,BE,BE,imbalance_price,Short,2026-06-20T12:20:56Z
2026-06-20T12:18:09Z,2026-06-20T14:18:09+0200,4bddbab4-20af-41f1-90cc-d649ae7f214d,2026-05-22T16:15:00Z,2026-05-22T18:15:00+0200,44.86,EUR/MWh,BE,BE,imbalance_price,Long,2026-06-20T12:20:56Z
2026-06-20T12:18:09Z,2026-06-20T14:18:09+0200,4bddbab4-20af-41f1-90cc-d649ae7f214d,2026-05-22T16:15:00Z,2026-05-22T18:15:00+0200,44.86,EUR/MWh,BE,BE,imbalance_price,Short,2026-06-20T12:20:56Z
2026-06-20T12:18:09Z,2026-06-20T14:18:09+0200,4bddbab4-20af-41f1-90cc-d649ae7f214d,2026-05-22T16:30:00Z,2026-05-22T18:30:00+0200,125.56,EUR/MWh,BE,BE,imbalance_price,Long,2026-06-20T12:20:56Z
2026-06-20T12:18:09Z,2026-06-20T14:18:09+0200,4bddbab4-20af-41f1-90cc-d649ae7f214d,2026-05-22T16:30:00Z,2026-05-22T18:30:00+0200,125.56,EUR/MWh,BE,BE,imbalance_price,Short,2026-06-20T12:20:56Z
2026-06-20T12:18:09Z,2026-06-20T14:18:09+0200,4bddbab4-20af-41f1-90cc-d649ae7f214d,2026-05-22T16:45:00Z,2026-05-22T18:45:00+0200,106.99,EUR/MWh,BE,BE,imbalance_price,Long,2026-06-20T12:20:56Z
2026-06-20T12:18:09Z,2026-06-20T14:18:09+0200,4bddbab4-20af-41f1-90cc-d649ae7f214d,2026-05-22T16:45:00Z,2026-05-22T18:45:00+0200,106.99,EUR/MWh,BE,BE,imbalance_price,Short,2026-06-20T12:20:56Z
2026-06-20T12:18:09Z,2026-06-20T14:18:09+0200,4bddbab4-20af-41f1-90cc-d649ae7f214d,2026-05-22T17:00:00Z,2026-05-22T19:00:00+0200,113.07,EUR/MWh,BE,BE,imbalance_price,Long,2026-06-20T12:20:56Z
2026-06-20T12:18:09Z,2026-06-20T14:18:09+0200,4bddbab4-20af-41f1-90cc-d649ae7f214d,2026-05-22T17:00:00Z,2026-05-22T19:00:00+0200,113.07,EUR/MWh,BE,BE,imbalance_price,Short,2026-06-20T12:20:56Z
2026-06-20T12:18:09Z,2026-06-20T14:18:09+0200,4bddbab4-20af-41f1-90cc-d649ae7f214d,2026-05-22T17:15:00Z,2026-05-22T19:15:00+0200,121.09,EUR/MWh,BE,BE,imbalance_price,Long,2026-06-20T12:20:56Z
2026-06-20T12:18:09Z,2026-06-20T14:18:09+0200,4bddbab4-20af-41f1-90cc-d649ae7f214d,2026-05-22T17:15:00Z,2026-05-22T19:15:00+0200,121.09,EUR/MWh,BE,BE,imbalance_price,Short,2026-06-20T12:20:56Z
2026-06-20T12:18:09Z,2026-06-20T14:18:09+0200,4bddbab4-20af-41f1-90cc-d649ae7f214d,2026-05-22T17:30:00Z,2026-05-22T19:30:00+0200,125.79,EUR/MWh,BE,BE,imbalance_price,Long,2026-06-20T12:20:56Z
2026-06-20T12:18:09Z,2026-06-20T14:18:09+0200,4bddbab4-20af-41f1-90cc-d649ae7f214d,2026-05-22T17:30:00Z,2026-05-22T19:30:00+0200,125.79,EUR/MWh,BE,BE,imbalance_price,Short,2026-06-20T12:20:56Z
2026-06-20T12:18:09Z,2026-06-20T14:18:09+0200,4bddbab4-20af-41f1-90cc-d649ae7f214d,2026-05-22T17:45:00Z,2026-05-22T19:45:00+0200,180.54,EUR/MWh,BE,BE,imbalance_price,Long,2026-06-20T12:20:56Z
2026-06-20T12:18:09Z,2026-06-20T14:18:09+0200,4bddbab4-20af-41f1-90cc-d649ae7f214d,2026-05-22T17:45:00Z,2026-05-22T19:45:00+0200,180.54,EUR/MWh,BE,BE,imbalance_price,Short,2026-06-20T12:20:56Z
2026-06-20T12:18:09Z,2026-06-20T14:18:09+0200,4bddbab4-20af-41f1-90cc-d649ae7f214d,2026-05-22T18:00:00Z,2026-05-22T20:00:00+0200,156.01,EUR/MWh,BE,BE,imbalance_price,Long,2026-06-20T12:20:56Z
2026-06-20T12:18:09Z,2026-06-20T14:18:09+0200,4bddbab4-20af-41f1-90cc-d649ae7f214d,2026-05-22T18:00:00Z,2026-05-22T20:00:00+0200,156.01,EUR/MWh,BE,BE,imbalance_price,Short,2026-06-20T12:20:56Z
2026-06-20T12:18:09Z,2026-06-20T14:18:09+0200,4bddbab4-20af-41f1-90cc-d649ae7f214d,2026-05-22T18:15:00Z,2026-05-22T20:15:00+0200,163.66,EUR/MWh,BE,BE,imbalance_price,Long,2026-06-20T12:20:56Z
2026-06-20T12:18:09Z,2026-06-20T14:18:09+0200,4bddbab4-20af-41f1-90cc-d649ae7f214d,2026-05-22T18:15:00Z,2026-05-22T20:15:00+0200,163.66,EUR/MWh,BE,BE,imbalance_price,Short,2026-06-20T12:20:56Z
2026-06-20T12:18:09Z,2026-06-20T14:18:09+0200,4bddbab4-20af-41f1-90cc-d649ae7f214d,2026-05-22T18:30:00Z,2026-05-22T20:30:00+0200,150.49,EUR/MWh,BE,BE,imbalance_price,Long,2026-06-20T12:20:56Z
2026-06-20T12:18:09Z,2026-06-20T14:18:09+0200,4bddbab4-20af-41f1-90cc-d649ae7f214d,2026-05-22T18:30:00Z,2026-05-22T20:30:00+0200,150.49,EUR/MWh,BE,BE,imbalance_price,Short,2026-06-20T12:20:56Z
2026-06-20T12:18:09Z,2026-06-20T14:18:09+0200,4bddbab4-20af-41f1-90cc-d649ae7f214d,2026-05-22T18:45:00Z,2026-05-22T20:45:00+0200,135.84,EUR/MWh,BE,BE,imbalance_price,Long,2026-06-20T12:20:56Z
2026-06-20T12:18:09Z,2026-06-20T14:18:09+0200,4bddbab4-20af-41f1-90cc-d649ae7f214d,2026-05-22T18:45:00Z,2026-05-22T20:45:00+0200,135.84,EUR/MWh,BE,BE,imbalance_price,Short,2026-06-20T12:20:56Z
2026-06-20T12:18:09Z,2026-06-20T14:18:09+0200,4bddbab4-20af-41f1-90cc-d649ae7f214d,2026-05-22T19:00:00Z,2026-05-22T21:00:00+0200,130.82,EUR/MWh,BE,BE,imbalance_price,Long,2026-06-20T12:20:56Z
2026-06-20T12:18:09Z,2026-06-20T14:18:09+0200,4bddbab4-20af-41f1-90cc-d649ae7f214d,2026-05-22T19:00:00Z,2026-05-22T21:00:00+0200,130.82,EUR/MWh,BE,BE,imbalance_price,Short,2026-06-20T12:20:56Z
2026-06-20T12:18:09Z,2026-06-20T14:18:09+0200,4bddbab4-20af-41f1-90cc-d649ae7f214d,2026-05-22T19:15:00Z,2026-05-22T21:15:00+0200,126.66,EUR/MWh,BE,BE,imbalance_price,Long,2026-06-20T12:20:56Z
2026-06-20T12:18:09Z,2026-06-20T14:18:09+0200,4bddbab4-20af-41f1-90cc-d649ae7f214d,2026-05-22T19:15:00Z,2026-05-22T21:15:00+0200,126.66,EUR/MWh,BE,BE,imbalance_price,Short,2026-06-20T12:20:56Z
2026-06-20T12:18:09Z,2026-06-20T14:18:09+0200,4bddbab4-20af-41f1-90cc-d649ae7f214d,2026-05-22T19:30:00Z,2026-05-22T21:30:00+0200,160.28,EUR/MWh,BE,BE,imbalance_price,Long,2026-06-20T12:20:56Z
2026-06-20T12:18:09Z,2026-06-20T14:18:09+0200,4bddbab4-20af-41f1-90cc-d649ae7f214d,2026-05-22T19:30:00Z,2026-05-22T21:30:00+0200,160.28,EUR/MWh,BE,BE,imbalance_price,Short,2026-06-20T12:20:56Z
2026-06-20T12:18:09Z,2026-06-20T14:18:09+0200,4bddbab4-20af-41f1-90cc-d649ae7f214d,2026-05-22T19:45:00Z,2026-05-22T21:45:00+0200,136.92,EUR/MWh,BE,BE,imbalance_price,Long,2026-06-20T12:20:56Z
2026-06-20T12:18:09Z,2026-06-20T14:18:09+0200,4bddbab4-20af-41f1-90cc-d649ae7f214d,2026-05-22T19:45:00Z,2026-05-22T21:45:00+0200,136.92,EUR/MWh,BE,BE,imbalance_price,Short,2026-06-20T12:20:56Z
2026-06-20T12:18:09Z,2026-06-20T14:18:09+0200,4bddbab4-20af-41f1-90cc-d649ae7f214d,2026-05-22T20:00:00Z,2026-05-22T22:00:00+0200,167.73,EUR/MWh,BE,BE,imbalance_price,Long,2026-06-20T12:20:56Z
2026-06-20T12:18:09Z,2026-06-20T14:18:09+0200,4bddbab4-20af-41f1-90cc-d649ae7f214d,2026-05-22T20:00:00Z,2026-05-22T22:00:00+0200,167.73,EUR/MWh,BE,BE,imbalance_price,Short,2026-06-20T12:20:56Z
2026-06-20T12:18:09Z,2026-06-20T14:18:09+0200,4bddbab4-20af-41f1-90cc-d649ae7f214d,2026-05-22T20:15:00Z,2026-05-22T22:15:00+0200,159.7,EUR/MWh,BE,BE,imbalance_price,Long,2026-06-20T12:20:56Z
2026-06-20T12:18:09Z,2026-06-20T14:18:09+0200,4bddbab4-20af-41f1-90cc-d649ae7f214d,2026-05-22T20:15:00Z,2026-05-22T22:15:00+0200,159.7,EUR/MWh,BE,BE,imbalance_price,Short,2026-06-20T12:20:56Z
2026-06-20T12:18:09Z,2026-06-20T14:18:09+0200,4bddbab4-20af-41f1-90cc-d649ae7f214d,2026-05-22T20:30:00Z,2026-05-22T22:30:00+0200,131.68,EUR/MWh,BE,BE,imbalance_price,Long,2026-06-20T12:20:56Z
2026-06-20T12:18:09Z,2026-06-20T14:18:09+0200,4bddbab4-20af-41f1-90cc-d649ae7f214d,2026-05-22T20:30:00Z,2026-05-22T22:30:00+0200,131.68,EUR/MWh,BE,BE,imbalance_price,Short,2026-06-20T12:20:56Z
2026-06-20T12:18:09Z,2026-06-20T14:18:09+0200,4bddbab4-20af-41f1-90cc-d649ae7f214d,2026-05-22T20:45:00Z,2026-05-22T22:45:00+0200,111.44,EUR/MWh,BE,BE,imbalance_price,Long,2026-06-20T12:20:56Z
2026-06-20T12:18:09Z,2026-06-20T14:18:09+0200,4bddbab4-20af-41f1-90cc-d649ae7f214d,2026-05-22T20:45:00Z,2026-05-22T22:45:00+0200,111.44,EUR/MWh,BE,BE,imbalance_price,Short,2026-06-20T12:20:56Z
2026-06-20T12:18:09Z,2026-06-20T14:18:09+0200,4bddbab4-20af-41f1-90cc-d649ae7f214d,2026-05-22T21:00:00Z,2026-05-22T23:00:00+0200,134.23,EUR/MWh,BE,BE,imbalance_price,Long,2026-06-20T12:20:56Z
2026-06-20T12:18:09Z,2026-06-20T14:18:09+0200,4bddbab4-20af-41f1-90cc-d649ae7f214d,2026-05-22T21:00:00Z,2026-05-22T23:00:00+0200,134.23,EUR/MWh,BE,BE,imbalance_price,Short,2026-06-20T12:20:56Z
2026-06-20T12:18:09Z,2026-06-20T14:18:09+0200,4bddbab4-20af-41f1-90cc-d649ae7f214d,2026-05-22T21:15:00Z,2026-05-22T23:15:00+0200,153.61,EUR/MWh,BE,BE,imbalance_price,Long,2026-06-20T12:20:56Z
2026-06-20T12:18:09Z,2026-06-20T14:18:09+0200,4bddbab4-20af-41f1-90cc-d649ae7f214d,2026-05-22T21:15:00Z,2026-05-22T23:15:00+0200,153.61,EUR/MWh,BE,BE,imbalance_price,Short,2026-06-20T12:20:56Z
2026-06-20T12:18:09Z,2026-06-20T14:18:09+0200,4bddbab4-20af-41f1-90cc-d649ae7f214d,2026-05-22T21:30:00Z,2026-05-22T23:30:00+0200,134.55,EUR/MWh,BE,BE,imbalance_price,Long,2026-06-20T12:20:56Z
2026-06-20T12:18:09Z,2026-06-20T14:18:09+0200,4bddbab4-20af-41f1-90cc-d649ae7f214d,2026-05-22T21:30:00Z,2026-05-22T23:30:00+0200,134.55,EUR/MWh,BE,BE,imbalance_price,Short,2026-06-20T12:20:56Z
2026-06-20T12:18:09Z,2026-06-20T14:18:09+0200,4bddbab4-20af-41f1-90cc-d649ae7f214d,2026-05-22T21:45:00Z,2026-05-22T23:45:00+0200,139.71,EUR/MWh,BE,BE,imbalance_price,Long,2026-06-20T12:20:56Z
2026-06-20T12:18:09Z,2026-06-20T14:18:09+0200,4bddbab4-20af-41f1-90cc-d649ae7f214d,2026-05-22T21:45:00Z,2026-05-22T23:45:00+0200,139.71,EUR/MWh,BE,BE,imbalance_price,Short,2026-06-20T12:20:56Z
2026-06-20T12:18:09Z,2026-06-20T14:18:09+0200,4bddbab4-20af-41f1-90cc-d649ae7f214d,2026-05-22T22:00:00Z,2026-05-23T00:00:00+0200,140.74,EUR/MWh,BE,BE,imbalance_price,Long,2026-06-20T12:20:56Z
2026-06-20T12:18:09Z,2026-06-20T14:18:09+0200,4bddbab4-20af-41f1-90cc-d649ae7f214d,2026-05-22T22:00:00Z,2026-05-23T00:00:00+0200,140.74,EUR/MWh,BE,BE,imbalance_price,Short,2026-06-20T12:20:56Z
2026-06-20T12:18:09Z,2026-06-20T14:18:09+0200,4bddbab4-20af-41f1-90cc-d649ae7f214d,2026-05-22T22:15:00Z,2026-05-23T00:15:00+0200,132.35,EUR/MWh,BE,BE,imbalance_price,Long,2026-06-20T12:20:56Z
2026-06-20T12:18:09Z,2026-06-20T14:18:09+0200,4bddbab4-20af-41f1-90cc-d649ae7f214d,2026-05-22T22:15:00Z,2026-05-23T00:15:00+0200,132.35,EUR/MWh,BE,BE,imbalance_price,Short,2026-06-20T12:20:56Z
2026-06-20T12:18:09Z,2026-06-20T14:18:09+0200,4bddbab4-20af-41f1-90cc-d649ae7f214d,2026-05-22T22:30:00Z,2026-05-23T00:30:00+0200,140.82,EUR/MWh,BE,BE,imbalance_price,Long,2026-06-20T12:20:56Z
2026-06-20T12:18:09Z,2026-06-20T14:18:09+0200,4bddbab4-20af-41f1-90cc-d649ae7f214d,2026-05-22T22:30:00Z,2026-05-23T00:30:00+0200,140.82,EUR/MWh,BE,BE,imbalance_price,Short,2026-06-20T12:20:56Z
2026-06-20T12:18:09Z,2026-06-20T14:18:09+0200,4bddbab4-20af-41f1-90cc-d649ae7f214d,2026-05-22T22:45:00Z,2026-05-23T00:45:00+0200,108.61,EUR/MWh,BE,BE,imbalance_price,Long,2026-06-20T12:20:56Z
2026-06-20T12:18:09Z,2026-06-20T14:18:09+0200,4bddbab4-20af-41f1-90cc-d649ae7f214d,2026-05-22T22:45:00Z,2026-05-23T00:45:00+0200,108.61,EUR/MWh,BE,BE,imbalance_price,Short,2026-06-20T12:20:56Z
2026-06-20T12:18:09Z,2026-06-20T14:18:09+0200,4bddbab4-20af-41f1-90cc-d649ae7f214d,2026-05-22T23:00:00Z,2026-05-23T01:00:00+0200,107.38,EUR/MWh,BE,BE,imbalance_price,Long,2026-06-20T12:20:56Z
2026-06-20T12:18:09Z,2026-06-20T14:18:09+0200,4bddbab4-20af-41f1-90cc-d649ae7f214d,2026-05-22T23:00:00Z,2026-05-23T01:00:00+0200,107.38,EUR/MWh,BE,BE,imbalance_price,Short,2026-06-20T12:20:56Z
2026-06-20T12:18:09Z,2026-06-20T14:18:09+0200,4bddbab4-20af-41f1-90cc-d649ae7f214d,2026-05-22T23:15:00Z,2026-05-23T01:15:00+0200,120.62,EUR/MWh,BE,BE,imbalance_price,Long,2026-06-20T12:20:56Z
2026-06-20T12:18:09Z,2026-06-20T14:18:09+0200,4bddbab4-20af-41f1-90cc-d649ae7f214d,2026-05-22T23:15:00Z,2026-05-23T01:15:00+0200,120.62,EUR/MWh,BE,BE,imbalance_price,Short,2026-06-20T12:20:56Z
2026-06-20T12:18:09Z,2026-06-20T14:18:09+0200,4bddbab4-20af-41f1-90cc-d649ae7f214d,2026-05-22T23:30:00Z,2026-05-23T01:30:00+0200,133.88,EUR/MWh,BE,BE,imbalance_price,Long,2026-06-20T12:20:56Z
2026-06-20T12:18:09Z,2026-06-20T14:18:09+0200,4bddbab4-20af-41f1-90cc-d649ae7f214d,2026-05-22T23:30:00Z,2026-05-23T01:30:00+0200,133.88,EUR/MWh,BE,BE,imbalance_price,Short,2026-06-20T12:20:56Z
2026-06-20T12:18:09Z,2026-06-20T14:18:09+0200,4bddbab4-20af-41f1-90cc-d649ae7f214d,2026-05-22T23:45:00Z,2026-05-23T01:45:00+0200,112.21,EUR/MWh,BE,BE,imbalance_price,Long,2026-06-20T12:20:56Z
2026-06-20T12:18:09Z,2026-06-20T14:18:09+0200,4bddbab4-20af-41f1-90cc-d649ae7f214d,2026-05-22T23:45:00Z,2026-05-23T01:45:00+0200,112.21,EUR/MWh,BE,BE,imbalance_price,Short,2026-06-20T12:20:56Z
2026-06-20T12:18:09Z,2026-06-20T14:18:09+0200,4bddbab4-20af-41f1-90cc-d649ae7f214d,2026-05-23T00:00:00Z,2026-05-23T02:00:00+0200,108.97,EUR/MWh,BE,BE,imbalance_price,Long,2026-06-20T12:20:56Z
2026-06-20T12:18:09Z,2026-06-20T14:18:09+0200,4bddbab4-20af-41f1-90cc-d649ae7f214d,2026-05-23T00:00:00Z,2026-05-23T02:00:00+0200,108.97,EUR/MWh,BE,BE,imbalance_price,Short,2026-06-20T12:20:56Z
2026-06-20T12:18:09Z,2026-06-20T14:18:09+0200,4bddbab4-20af-41f1-90cc-d649ae7f214d,2026-05-23T00:15:00Z,2026-05-23T02:15:00+0200,120.29,EUR/MWh,BE,BE,imbalance_price,Long,2026-06-20T12:20:56Z
2026-06-20T12:18:09Z,2026-06-20T14:18:09+0200,4bddbab4-20af-41f1-90cc-d649ae7f214d,2026-05-23T00:15:00Z,2026-05-23T02:15:00+0200,120.29,EUR/MWh,BE,BE,imbalance_price,Short,2026-06-20T12:20:56Z
2026-06-20T12:18:09Z,2026-06-20T14:18:09+0200,4bddbab4-20af-41f1-90cc-d649ae7f214d,2026-05-23T00:30:00Z,2026-05-23T02:30:00+0200,122.98,EUR/MWh,BE,BE,imbalance_price,Long,2026-06-20T12:20:56Z
2026-06-20T12:18:09Z,2026-06-20T14:18:09+0200,4bddbab4-20af-41f1-90cc-d649ae7f214d,2026-05-23T00:30:00Z,2026-05-23T02:30:00+0200,122.98,EUR/MWh,BE,BE,imbalance_price,Short,2026-06-20T12:20:56Z
2026-06-20T12:18:09Z,2026-06-20T14:18:09+0200,4bddbab4-20af-41f1-90cc-d649ae7f214d,2026-05-23T00:45:00Z,2026-05-23T02:45:00+0200,126.7,EUR/MWh,BE,BE,imbalance_price,Long,2026-06-20T12:20:56Z
2026-06-20T12:18:09Z,2026-06-20T14:18:09+0200,4bddbab4-20af-41f1-90cc-d649ae7f214d,2026-05-23T00:45:00Z,2026-05-23T02:45:00+0200,126.7,EUR/MWh,BE,BE,imbalance_price,Short,2026-06-20T12:20:56Z
2026-06-20T12:18:09Z,2026-06-20T14:18:09+0200,4bddbab4-20af-41f1-90cc-d649ae7f214d,2026-05-23T01:00:00Z,2026-05-23T03:00:00+0200,124.34,EUR/MWh,BE,BE,imbalance_price,Long,2026-06-20T12:20:56Z
2026-06-20T12:18:09Z,2026-06-20T14:18:09+0200,4bddbab4-20af-41f1-90cc-d649ae7f214d,2026-05-23T01:00:00Z,2026-05-23T03:00:00+0200,124.34,EUR/MWh,BE,BE,imbalance_price,Short,2026-06-20T12:20:56Z
2026-06-20T12:18:09Z,2026-06-20T14:18:09+0200,4bddbab4-20af-41f1-90cc-d649ae7f214d,2026-05-23T01:15:00Z,2026-05-23T03:15:00+0200,122.55,EUR/MWh,BE,BE,imbalance_price,Long,2026-06-20T12:20:56Z
2026-06-20T12:18:09Z,2026-06-20T14:18:09+0200,4bddbab4-20af-41f1-90cc-d649ae7f214d,2026-05-23T01:15:00Z,2026-05-23T03:15:00+0200,122.55,EUR/MWh,BE,BE,imbalance_price,Short,2026-06-20T12:20:56Z
2026-06-20T12:18:09Z,2026-06-20T14:18:09+0200,4bddbab4-20af-41f1-90cc-d649ae7f214d,2026-05-23T01:30:00Z,2026-05-23T03:30:00+0200,118.43,EUR/MWh,BE,BE,imbalance_price,Long,2026-06-20T12:20:56Z
2026-06-20T12:18:09Z,2026-06-20T14:18:09+0200,4bddbab4-20af-41f1-90cc-d649ae7f214d,2026-05-23T01:30:00Z,2026-05-23T03:30:00+0200,118.43,EUR/MWh,BE,BE,imbalance_price,Short,2026-06-20T12:20:56Z
2026-06-20T12:18:09Z,2026-06-20T14:18:09+0200,4bddbab4-20af-41f1-90cc-d649ae7f214d,2026-05-23T01:45:00Z,2026-05-23T03:45:00+0200,115.82,EUR/MWh,BE,BE,imbalance_price,Long,2026-06-20T12:20:56Z
2026-06-20T12:18:09Z,2026-06-20T14:18:09+0200,4bddbab4-20af-41f1-90cc-d649ae7f214d,2026-05-23T01:45:00Z,2026-05-23T03:45:00+0200,115.82,EUR/MWh,BE,BE,imbalance_price,Short,2026-06-20T12:20:56Z
2026-06-20T12:18:09Z,2026-06-20T14:18:09+0200,4bddbab4-20af-41f1-90cc-d649ae7f214d,2026-05-23T02:00:00Z,2026-05-23T04:00:00+0200,115.84,EUR/MWh,BE,BE,imbalance_price,Long,2026-06-20T12:20:56Z
2026-06-20T12:18:09Z,2026-06-20T14:18:09+0200,4bddbab4-20af-41f1-90cc-d649ae7f214d,2026-05-23T02:00:00Z,2026-05-23T04:00:00+0200,115.84,EUR/MWh,BE,BE,imbalance_price,Short,2026-06-20T12:20:56Z
2026-06-20T12:18:09Z,2026-06-20T14:18:09+0200,4bddbab4-20af-41f1-90cc-d649ae7f214d,2026-05-23T02:15:00Z,2026-05-23T04:15:00+0200,95.04,EUR/MWh,BE,BE,imbalance_price,Long,2026-06-20T12:20:56Z
2026-06-20T12:18:09Z,2026-06-20T14:18:09+0200,4bddbab4-20af-41f1-90cc-d649ae7f214d,2026-05-23T02:15:00Z,2026-05-23T04:15:00+0200,95.04,EUR/MWh,BE,BE,imbalance_price,Short,2026-06-20T12:20:56Z
2026-06-20T12:18:09Z,2026-06-20T14:18:09+0200,4bddbab4-20af-41f1-90cc-d649ae7f214d,2026-05-23T02:30:00Z,2026-05-23T04:30:00+0200,106.48,EUR/MWh,BE,BE,imbalance_price,Long,2026-06-20T12:20:56Z
2026-06-20T12:18:09Z,2026-06-20T14:18:09+0200,4bddbab4-20af-41f1-90cc-d649ae7f214d,2026-05-23T02:30:00Z,2026-05-23T04:30:00+0200,106.48,EUR/MWh,BE,BE,imbalance_price,Short,2026-06-20T12:20:56Z
2026-06-20T12:18:09Z,2026-06-20T14:18:09+0200,4bddbab4-20af-41f1-90cc-d649ae7f214d,2026-05-23T02:45:00Z,2026-05-23T04:45:00+0200,107.63,EUR/MWh,BE,BE,imbalance_price,Long,2026-06-20T12:20:56Z
2026-06-20T12:18:09Z,2026-06-20T14:18:09+0200,4bddbab4-20af-41f1-90cc-d649ae7f214d,2026-05-23T02:45:00Z,2026-05-23T04:45:00+0200,107.63,EUR/MWh,BE,BE,imbalance_price,Short,2026-06-20T12:20:56Z
2026-06-20T12:18:09Z,2026-06-20T14:18:09+0200,4bddbab4-20af-41f1-90cc-d649ae7f214d,2026-05-23T03:00:00Z,2026-05-23T05:00:00+0200,117.41,EUR/MWh,BE,BE,imbalance_price,Long,2026-06-20T12:20:56Z
2026-06-20T12:18:09Z,2026-06-20T14:18:09+0200,4bddbab4-20af-41f1-90cc-d649ae7f214d,2026-05-23T03:00:00Z,2026-05-23T05:00:00+0200,117.41,EUR/MWh,BE,BE,imbalance_price,Short,2026-06-20T12:20:56Z
2026-06-20T12:18:09Z,2026-06-20T14:18:09+0200,4bddbab4-20af-41f1-90cc-d649ae7f214d,2026-05-23T03:15:00Z,2026-05-23T05:15:00+0200,111.19,EUR/MWh,BE,BE,imbalance_price,Long,2026-06-20T12:20:56Z
2026-06-20T12:18:09Z,2026-06-20T14:18:09+0200,4bddbab4-20af-41f1-90cc-d649ae7f214d,2026-05-23T03:15:00Z,2026-05-23T05:15:00+0200,111.19,EUR/MWh,BE,BE,imbalance_price,Short,2026-06-20T12:20:56Z
2026-06-20T12:18:09Z,2026-06-20T14:18:09+0200,4bddbab4-20af-41f1-90cc-d649ae7f214d,2026-05-23T03:30:00Z,2026-05-23T05:30:00+0200,113.63,EUR/MWh,BE,BE,imbalance_price,Long,2026-06-20T12:20:56Z
2026-06-20T12:18:09Z,2026-06-20T14:18:09+0200,4bddbab4-20af-41f1-90cc-d649ae7f214d,2026-05-23T03:30:00Z,2026-05-23T05:30:00+0200,113.63,EUR/MWh,BE,BE,imbalance_price,Short,2026-06-20T12:20:56Z
2026-06-20T12:18:09Z,2026-06-20T14:18:09+0200,4bddbab4-20af-41f1-90cc-d649ae7f214d,2026-05-23T03:45:00Z,2026-05-23T05:45:00+0200,101.13,EUR/MWh,BE,BE,imbalance_price,Long,2026-06-20T12:20:56Z
2026-06-20T12:18:09Z,2026-06-20T14:18:09+0200,4bddbab4-20af-41f1-90cc-d649ae7f214d,2026-05-23T03:45:00Z,2026-05-23T05:45:00+0200,101.13,EUR/MWh,BE,BE,imbalance_price,Short,2026-06-20T12:20:56Z
2026-06-20T12:18:09Z,2026-06-20T14:18:09+0200,4bddbab4-20af-41f1-90cc-d649ae7f214d,2026-05-23T04:00:00Z,2026-05-23T06:00:00+0200,96.04,EUR/MWh,BE,BE,imbalance_price,Long,2026-06-20T12:20:56Z
2026-06-20T12:18:09Z,2026-06-20T14:18:09+0200,4bddbab4-20af-41f1-90cc-d649ae7f214d,2026-05-23T04:00:00Z,2026-05-23T06:00:00+0200,96.04,EUR/MWh,BE,BE,imbalance_price,Short,2026-06-20T12:20:56Z
2026-06-20T12:18:09Z,2026-06-20T14:18:09+0200,4bddbab4-20af-41f1-90cc-d649ae7f214d,2026-05-23T04:15:00Z,2026-05-23T06:15:00+0200,98.0,EUR/MWh,BE,BE,imbalance_price,Long,2026-06-20T12:20:56Z
2026-06-20T12:18:09Z,2026-06-20T14:18:09+0200,4bddbab4-20af-41f1-90cc-d649ae7f214d,2026-05-23T04:15:00Z,2026-05-23T06:15:00+0200,98.0,EUR/MWh,BE,BE,imbalance_price,Short,2026-06-20T12:20:56Z
2026-06-20T12:18:09Z,2026-06-20T14:18:09+0200,4bddbab4-20af-41f1-90cc-d649ae7f214d,2026-05-23T04:30:00Z,2026-05-23T06:30:00+0200,91.49,EUR/MWh,BE,BE,imbalance_price,Long,2026-06-20T12:20:56Z
2026-06-20T12:18:09Z,2026-06-20T14:18:09+0200,4bddbab4-20af-41f1-90cc-d649ae7f214d,2026-05-23T04:30:00Z,2026-05-23T06:30:00+0200,91.49,EUR/MWh,BE,BE,imbalance_price,Short,2026-06-20T12:20:56Z
2026-06-20T12:18:09Z,2026-06-20T14:18:09+0200,4bddbab4-20af-41f1-90cc-d649ae7f214d,2026-05-23T04:45:00Z,2026-05-23T06:45:00+0200,87.06,EUR/MWh,BE,BE,imbalance_price,Long,2026-06-20T12:20:56Z
2026-06-20T12:18:09Z,2026-06-20T14:18:09+0200,4bddbab4-20af-41f1-90cc-d649ae7f214d,2026-05-23T04:45:00Z,2026-05-23T06:45:00+0200,87.06,EUR/MWh,BE,BE,imbalance_price,Short,2026-06-20T12:20:56Z
2026-06-20T12:18:09Z,2026-06-20T14:18:09+0200,4bddbab4-20af-41f1-90cc-d649ae7f214d,2026-05-23T05:00:00Z,2026-05-23T07:00:00+0200,89.12,EUR/MWh,BE,BE,imbalance_price,Long,2026-06-20T12:20:56Z
2026-06-20T12:18:09Z,2026-06-20T14:18:09+0200,4bddbab4-20af-41f1-90cc-d649ae7f214d,2026-05-23T05:00:00Z,2026-05-23T07:00:00+0200,89.12,EUR/MWh,BE,BE,imbalance_price,Short,2026-06-20T12:20:56Z
2026-06-20T12:18:09Z,2026-06-20T14:18:09+0200,4bddbab4-20af-41f1-90cc-d649ae7f214d,2026-05-23T05:15:00Z,2026-05-23T07:15:00+0200,72.9,EUR/MWh,BE,BE,imbalance_price,Long,2026-06-20T12:20:56Z
2026-06-20T12:18:09Z,2026-06-20T14:18:09+0200,4bddbab4-20af-41f1-90cc-d649ae7f214d,2026-05-23T05:15:00Z,2026-05-23T07:15:00+0200,72.9,EUR/MWh,BE,BE,imbalance_price,Short,2026-06-20T12:20:56Z
2026-06-20T12:18:09Z,2026-06-20T14:18:09+0200,4bddbab4-20af-41f1-90cc-d649ae7f214d,2026-05-23T05:30:00Z,2026-05-23T07:30:00+0200,53.45,EUR/MWh,BE,BE,imbalance_price,Long,2026-06-20T12:20:56Z
2026-06-20T12:18:09Z,2026-06-20T14:18:09+0200,4bddbab4-20af-41f1-90cc-d649ae7f214d,2026-05-23T05:30:00Z,2026-05-23T07:30:00+0200,53.45,EUR/MWh,BE,BE,imbalance_price,Short,2026-06-20T12:20:56Z
2026-06-20T12:18:09Z,2026-06-20T14:18:09+0200,4bddbab4-20af-41f1-90cc-d649ae7f214d,2026-05-23T05:45:00Z,2026-05-23T07:45:00+0200,51.77,EUR/MWh,BE,BE,imbalance_price,Long,2026-06-20T12:20:56Z
2026-06-20T12:18:09Z,2026-06-20T14:18:09+0200,4bddbab4-20af-41f1-90cc-d649ae7f214d,2026-05-23T05:45:00Z,2026-05-23T07:45:00+0200,51.77,EUR/MWh,BE,BE,imbalance_price,Short,2026-06-20T12:20:56Z
2026-06-20T12:18:09Z,2026-06-20T14:18:09+0200,4bddbab4-20af-41f1-90cc-d649ae7f214d,2026-05-23T06:00:00Z,2026-05-23T08:00:00+0200,40.62,EUR/MWh,BE,BE,imbalance_price,Long,2026-06-20T12:20:56Z
2026-06-20T12:18:09Z,2026-06-20T14:18:09+0200,4bddbab4-20af-41f1-90cc-d649ae7f214d,2026-05-23T06:00:00Z,2026-05-23T08:00:00+0200,40.62,EUR/MWh,BE,BE,imbalance_price,Short,2026-06-20T12:20:56Z
2026-06-20T12:18:09Z,2026-06-20T14:18:09+0200,4bddbab4-20af-41f1-90cc-d649ae7f214d,2026-05-23T06:15:00Z,2026-05-23T08:15:00+0200,0.96,EUR/MWh,BE,BE,imbalance_price,Long,2026-06-20T12:20:56Z
2026-06-20T12:18:09Z,2026-06-20T14:18:09+0200,4bddbab4-20af-41f1-90cc-d649ae7f214d,2026-05-23T06:15:00Z,2026-05-23T08:15:00+0200,0.96,EUR/MWh,BE,BE,imbalance_price,Short,2026-06-20T12:20:56Z
2026-06-20T12:18:09Z,2026-06-20T14:18:09+0200,4bddbab4-20af-41f1-90cc-d649ae7f214d,2026-05-23T06:30:00Z,2026-05-23T08:30:00+0200,-9.75,EUR/MWh,BE,BE,imbalance_price,Long,2026-06-20T12:20:56Z
2026-06-20T12:18:09Z,2026-06-20T14:18:09+0200,4bddbab4-20af-41f1-90cc-d649ae7f214d,2026-05-23T06:30:00Z,2026-05-23T08:30:00+0200,-9.75,EUR/MWh,BE,BE,imbalance_price,Short,2026-06-20T12:20:56Z
2026-06-20T12:18:09Z,2026-06-20T14:18:09+0200,4bddbab4-20af-41f1-90cc-d649ae7f214d,2026-05-23T06:45:00Z,2026-05-23T08:45:00+0200,-3.8,EUR/MWh,BE,BE,imbalance_price,Long,2026-06-20T12:20:56Z
2026-06-20T12:18:09Z,2026-06-20T14:18:09+0200,4bddbab4-20af-41f1-90cc-d649ae7f214d,2026-05-23T06:45:00Z,2026-05-23T08:45:00+0200,-3.8,EUR/MWh,BE,BE,imbalance_price,Short,2026-06-20T12:20:56Z
2026-06-20T12:18:09Z,2026-06-20T14:18:09+0200,4bddbab4-20af-41f1-90cc-d649ae7f214d,2026-05-23T07:00:00Z,2026-05-23T09:00:00+0200,2.82,EUR/MWh,BE,BE,imbalance_price,Long,2026-06-20T12:20:56Z
2026-06-20T12:18:09Z,2026-06-20T14:18:09+0200,4bddbab4-20af-41f1-90cc-d649ae7f214d,2026-05-23T07:00:00Z,2026-05-23T09:00:00+0200,2.82,EUR/MWh,BE,BE,imbalance_price,Short,2026-06-20T12:20:56Z
2026-06-20T12:18:09Z,2026-06-20T14:18:09+0200,4bddbab4-20af-41f1-90cc-d649ae7f214d,2026-05-23T07:15:00Z,2026-05-23T09:15:00+0200,6.11,EUR/MWh,BE,BE,imbalance_price,Long,2026-06-20T12:20:56Z
2026-06-20T12:18:09Z,2026-06-20T14:18:09+0200,4bddbab4-20af-41f1-90cc-d649ae7f214d,2026-05-23T07:15:00Z,2026-05-23T09:15:00+0200,6.11,EUR/MWh,BE,BE,imbalance_price,Short,2026-06-20T12:20:56Z
2026-06-20T12:18:09Z,2026-06-20T14:18:09+0200,4bddbab4-20af-41f1-90cc-d649ae7f214d,2026-05-23T07:30:00Z,2026-05-23T09:30:00+0200,4.49,EUR/MWh,BE,BE,imbalance_price,Long,2026-06-20T12:20:56Z
2026-06-20T12:18:09Z,2026-06-20T14:18:09+0200,4bddbab4-20af-41f1-90cc-d649ae7f214d,2026-05-23T07:30:00Z,2026-05-23T09:30:00+0200,4.49,EUR/MWh,BE,BE,imbalance_price,Short,2026-06-20T12:20:56Z
2026-06-20T12:18:09Z,2026-06-20T14:18:09+0200,4bddbab4-20af-41f1-90cc-d649ae7f214d,2026-05-23T07:45:00Z,2026-05-23T09:45:00+0200,-5.08,EUR/MWh,BE,BE,imbalance_price,Long,2026-06-20T12:20:56Z
2026-06-20T12:18:09Z,2026-06-20T14:18:09+0200,4bddbab4-20af-41f1-90cc-d649ae7f214d,2026-05-23T07:45:00Z,2026-05-23T09:45:00+0200,-5.08,EUR/MWh,BE,BE,imbalance_price,Short,2026-06-20T12:20:56Z
2026-06-20T12:18:09Z,2026-06-20T14:18:09+0200,4bddbab4-20af-41f1-90cc-d649ae7f214d,2026-05-23T08:00:00Z,2026-05-23T10:00:00+0200,5.02,EUR/MWh,BE,BE,imbalance_price,Long,2026-06-20T12:20:56Z
2026-06-20T12:18:09Z,2026-06-20T14:18:09+0200,4bddbab4-20af-41f1-90cc-d649ae7f214d,2026-05-23T08:00:00Z,2026-05-23T10:00:00+0200,5.02,EUR/MWh,BE,BE,imbalance_price,Short,2026-06-20T12:20:56Z
2026-06-20T12:18:09Z,2026-06-20T14:18:09+0200,4bddbab4-20af-41f1-90cc-d649ae7f214d,2026-05-23T08:15:00Z,2026-05-23T10:15:00+0200,5.48,EUR/MWh,BE,BE,imbalance_price,Long,2026-06-20T12:20:56Z
2026-06-20T12:18:09Z,2026-06-20T14:18:09+0200,4bddbab4-20af-41f1-90cc-d649ae7f214d,2026-05-23T08:15:00Z,2026-05-23T10:15:00+0200,5.48,EUR/MWh,BE,BE,imbalance_price,Short,2026-06-20T12:20:56Z
2026-06-20T12:18:09Z,2026-06-20T14:18:09+0200,4bddbab4-20af-41f1-90cc-d649ae7f214d,2026-05-23T08:30:00Z,2026-05-23T10:30:00+0200,-0.26,EUR/MWh,BE,BE,imbalance_price,Long,2026-06-20T12:20:56Z
2026-06-20T12:18:09Z,2026-06-20T14:18:09+0200,4bddbab4-20af-41f1-90cc-d649ae7f214d,2026-05-23T08:30:00Z,2026-05-23T10:30:00+0200,-0.26,EUR/MWh,BE,BE,imbalance_price,Short,2026-06-20T12:20:56Z
2026-06-20T12:18:09Z,2026-06-20T14:18:09+0200,4bddbab4-20af-41f1-90cc-d649ae7f214d,2026-05-23T08:45:00Z,2026-05-23T10:45:00+0200,-8.92,EUR/MWh,BE,BE,imbalance_price,Long,2026-06-20T12:20:56Z
2026-06-20T12:18:09Z,2026-06-20T14:18:09+0200,4bddbab4-20af-41f1-90cc-d649ae7f214d,2026-05-23T08:45:00Z,2026-05-23T10:45:00+0200,-8.92,EUR/MWh,BE,BE,imbalance_price,Short,2026-06-20T12:20:56Z
2026-06-20T12:18:09Z,2026-06-20T14:18:09+0200,4bddbab4-20af-41f1-90cc-d649ae7f214d,2026-05-23T09:00:00Z,2026-05-23T11:00:00+0200,0.35,EUR/MWh,BE,BE,imbalance_price,Long,2026-06-20T12:20:56Z
2026-06-20T12:18:09Z,2026-06-20T14:18:09+0200,4bddbab4-20af-41f1-90cc-d649ae7f214d,2026-05-23T09:00:00Z,2026-05-23T11:00:00+0200,0.35,EUR/MWh,BE,BE,imbalance_price,Short,2026-06-20T12:20:56Z
2026-06-20T12:18:09Z,2026-06-20T14:18:09+0200,4bddbab4-20af-41f1-90cc-d649ae7f214d,2026-05-23T09:15:00Z,2026-05-23T11:15:00+0200,-1.66,EUR/MWh,BE,BE,imbalance_price,Long,2026-06-20T12:20:56Z
2026-06-20T12:18:09Z,2026-06-20T14:18:09+0200,4bddbab4-20af-41f1-90cc-d649ae7f214d,2026-05-23T09:15:00Z,2026-05-23T11:15:00+0200,-1.66,EUR/MWh,BE,BE,imbalance_price,Short,2026-06-20T12:20:56Z
2026-06-20T12:18:09Z,2026-06-20T14:18:09+0200,4bddbab4-20af-41f1-90cc-d649ae7f214d,2026-05-23T09:30:00Z,2026-05-23T11:30:00+0200,-5.6,EUR/MWh,BE,BE,imbalance_price,Long,2026-06-20T12:20:56Z
2026-06-20T12:18:09Z,2026-06-20T14:18:09+0200,4bddbab4-20af-41f1-90cc-d649ae7f214d,2026-05-23T09:30:00Z,2026-05-23T11:30:00+0200,-5.6,EUR/MWh,BE,BE,imbalance_price,Short,2026-06-20T12:20:56Z
2026-06-20T12:18:09Z,2026-06-20T14:18:09+0200,4bddbab4-20af-41f1-90cc-d649ae7f214d,2026-05-23T09:45:00Z,2026-05-23T11:45:00+0200,-9.41,EUR/MWh,BE,BE,imbalance_price,Long,2026-06-20T12:20:56Z
2026-06-20T12:18:09Z,2026-06-20T14:18:09+0200,4bddbab4-20af-41f1-90cc-d649ae7f214d,2026-05-23T09:45:00Z,2026-05-23T11:45:00+0200,-9.41,EUR/MWh,BE,BE,imbalance_price,Short,2026-06-20T12:20:56Z
2026-06-20T12:18:09Z,2026-06-20T14:18:09+0200,4bddbab4-20af-41f1-90cc-d649ae7f214d,2026-05-23T10:00:00Z,2026-05-23T12:00:00+0200,-11.87,EUR/MWh,BE,BE,imbalance_price,Long,2026-06-20T12:20:56Z
2026-06-20T12:18:09Z,2026-06-20T14:18:09+0200,4bddbab4-20af-41f1-90cc-d649ae7f214d,2026-05-23T10:00:00Z,2026-05-23T12:00:00+0200,-11.87,EUR/MWh,BE,BE,imbalance_price,Short,2026-06-20T12:20:56Z
2026-06-20T12:18:09Z,2026-06-20T14:18:09+0200,4bddbab4-20af-41f1-90cc-d649ae7f214d,2026-05-23T10:15:00Z,2026-05-23T12:15:00+0200,-4.39,EUR/MWh,BE,BE,imbalance_price,Long,2026-06-20T12:20:56Z
2026-06-20T12:18:09Z,2026-06-20T14:18:09+0200,4bddbab4-20af-41f1-90cc-d649ae7f214d,2026-05-23T10:15:00Z,2026-05-23T12:15:00+0200,-4.39,EUR/MWh,BE,BE,imbalance_price,Short,2026-06-20T12:20:56Z
2026-06-20T12:18:09Z,2026-06-20T14:18:09+0200,4bddbab4-20af-41f1-90cc-d649ae7f214d,2026-05-23T10:30:00Z,2026-05-23T12:30:00+0200,-1.0,EUR/MWh,BE,BE,imbalance_price,Long,2026-06-20T12:20:56Z
2026-06-20T12:18:09Z,2026-06-20T14:18:09+0200,4bddbab4-20af-41f1-90cc-d649ae7f214d,2026-05-23T10:30:00Z,2026-05-23T12:30:00+0200,-1.0,EUR/MWh,BE,BE,imbalance_price,Short,2026-06-20T12:20:56Z
2026-06-20T12:18:09Z,2026-06-20T14:18:09+0200,4bddbab4-20af-41f1-90cc-d649ae7f214d,2026-05-23T10:45:00Z,2026-05-23T12:45:00+0200,-2.93,EUR/MWh,BE,BE,imbalance_price,Long,2026-06-20T12:20:56Z
2026-06-20T12:18:09Z,2026-06-20T14:18:09+0200,4bddbab4-20af-41f1-90cc-d649ae7f214d,2026-05-23T10:45:00Z,2026-05-23T12:45:00+0200,-2.93,EUR/MWh,BE,BE,imbalance_price,Short,2026-06-20T12:20:56Z
2026-06-20T12:18:09Z,2026-06-20T14:18:09+0200,4bddbab4-20af-41f1-90cc-d649ae7f214d,2026-05-23T11:00:00Z,2026-05-23T13:00:00+0200,-5.19,EUR/MWh,BE,BE,imbalance_price,Long,2026-06-20T12:20:56Z
2026-06-20T12:18:09Z,2026-06-20T14:18:09+0200,4bddbab4-20af-41f1-90cc-d649ae7f214d,2026-05-23T11:00:00Z,2026-05-23T13:00:00+0200,-5.19,EUR/MWh,BE,BE,imbalance_price,Short,2026-06-20T12:20:56Z
2026-06-20T12:18:09Z,2026-06-20T14:18:09+0200,4bddbab4-20af-41f1-90cc-d649ae7f214d,2026-05-23T11:15:00Z,2026-05-23T13:15:00+0200,-1.0,EUR/MWh,BE,BE,imbalance_price,Long,2026-06-20T12:20:56Z
2026-06-20T12:18:09Z,2026-06-20T14:18:09+0200,4bddbab4-20af-41f1-90cc-d649ae7f214d,2026-05-23T11:15:00Z,2026-05-23T13:15:00+0200,-1.0,EUR/MWh,BE,BE,imbalance_price,Short,2026-06-20T12:20:56Z
2026-06-20T12:18:09Z,2026-06-20T14:18:09+0200,4bddbab4-20af-41f1-90cc-d649ae7f214d,2026-05-23T11:30:00Z,2026-05-23T13:30:00+0200,-1.0,EUR/MWh,BE,BE,imbalance_price,Long,2026-06-20T12:20:56Z
2026-06-20T12:18:09Z,2026-06-20T14:18:09+0200,4bddbab4-20af-41f1-90cc-d649ae7f214d,2026-05-23T11:30:00Z,2026-05-23T13:30:00+0200,-1.0,EUR/MWh,BE,BE,imbalance_price,Short,2026-06-20T12:20:56Z
2026-06-20T12:18:09Z,2026-06-20T14:18:09+0200,4bddbab4-20af-41f1-90cc-d649ae7f214d,2026-05-23T11:45:00Z,2026-05-23T13:45:00+0200,4.5,EUR/MWh,BE,BE,imbalance_price,Long,2026-06-20T12:20:56Z
2026-06-20T12:18:09Z,2026-06-20T14:18:09+0200,4bddbab4-20af-41f1-90cc-d649ae7f214d,2026-05-23T11:45:00Z,2026-05-23T13:45:00+0200,4.5,EUR/MWh,BE,BE,imbalance_price,Short,2026-06-20T12:20:56Z
2026-06-20T12:18:09Z,2026-06-20T14:18:09+0200,4bddbab4-20af-41f1-90cc-d649ae7f214d,2026-05-23T12:00:00Z,2026-05-23T14:00:00+0200,-1.0,EUR/MWh,BE,BE,imbalance_price,Long,2026-06-20T12:20:56Z
2026-06-20T12:18:09Z,2026-06-20T14:18:09+0200,4bddbab4-20af-41f1-90cc-d649ae7f214d,2026-05-23T12:00:00Z,2026-05-23T14:00:00+0200,-1.0,EUR/MWh,BE,BE,imbalance_price,Short,2026-06-20T12:20:56Z
2026-06-20T12:18:09Z,2026-06-20T14:18:09+0200,4bddbab4-20af-41f1-90cc-d649ae7f214d,2026-05-23T12:15:00Z,2026-05-23T14:15:00+0200,4.5,EUR/MWh,BE,BE,imbalance_price,Long,2026-06-20T12:20:56Z
2026-06-20T12:18:09Z,2026-06-20T14:18:09+0200,4bddbab4-20af-41f1-90cc-d649ae7f214d,2026-05-23T12:15:00Z,2026-05-23T14:15:00+0200,4.5,EUR/MWh,BE,BE,imbalance_price,Short,2026-06-20T12:20:56Z
2026-06-20T12:18:09Z,2026-06-20T14:18:09+0200,4bddbab4-20af-41f1-90cc-d649ae7f214d,2026-05-23T12:30:00Z,2026-05-23T14:30:00+0200,4.5,EUR/MWh,BE,BE,imbalance_price,Long,2026-06-20T12:20:56Z
2026-06-20T12:18:09Z,2026-06-20T14:18:09+0200,4bddbab4-20af-41f1-90cc-d649ae7f214d,2026-05-23T12:30:00Z,2026-05-23T14:30:00+0200,4.5,EUR/MWh,BE,BE,imbalance_price,Short,2026-06-20T12:20:56Z
2026-06-20T12:18:09Z,2026-06-20T14:18:09+0200,4bddbab4-20af-41f1-90cc-d649ae7f214d,2026-05-23T12:45:00Z,2026-05-23T14:45:00+0200,-0.24,EUR/MWh,BE,BE,imbalance_price,Long,2026-06-20T12:20:56Z
2026-06-20T12:18:09Z,2026-06-20T14:18:09+0200,4bddbab4-20af-41f1-90cc-d649ae7f214d,2026-05-23T12:45:00Z,2026-05-23T14:45:00+0200,-0.24,EUR/MWh,BE,BE,imbalance_price,Short,2026-06-20T12:20:56Z
2026-06-20T12:18:09Z,2026-06-20T14:18:09+0200,4bddbab4-20af-41f1-90cc-d649ae7f214d,2026-05-23T13:00:00Z,2026-05-23T15:00:00+0200,3.54,EUR/MWh,BE,BE,imbalance_price,Long,2026-06-20T12:20:56Z
2026-06-20T12:18:09Z,2026-06-20T14:18:09+0200,4bddbab4-20af-41f1-90cc-d649ae7f214d,2026-05-23T13:00:00Z,2026-05-23T15:00:00+0200,3.54,EUR/MWh,BE,BE,imbalance_price,Short,2026-06-20T12:20:56Z
2026-06-20T12:18:09Z,2026-06-20T14:18:09+0200,4bddbab4-20af-41f1-90cc-d649ae7f214d,2026-05-23T13:15:00Z,2026-05-23T15:15:00+0200,8.35,EUR/MWh,BE,BE,imbalance_price,Long,2026-06-20T12:20:56Z
2026-06-20T12:18:09Z,2026-06-20T14:18:09+0200,4bddbab4-20af-41f1-90cc-d649ae7f214d,2026-05-23T13:15:00Z,2026-05-23T15:15:00+0200,8.35,EUR/MWh,BE,BE,imbalance_price,Short,2026-06-20T12:20:56Z
2026-06-20T12:18:09Z,2026-06-20T14:18:09+0200,4bddbab4-20af-41f1-90cc-d649ae7f214d,2026-05-23T13:30:00Z,2026-05-23T15:30:00+0200,6.03,EUR/MWh,BE,BE,imbalance_price,Long,2026-06-20T12:20:56Z
2026-06-20T12:18:09Z,2026-06-20T14:18:09+0200,4bddbab4-20af-41f1-90cc-d649ae7f214d,2026-05-23T13:30:00Z,2026-05-23T15:30:00+0200,6.03,EUR/MWh,BE,BE,imbalance_price,Short,2026-06-20T12:20:56Z
2026-06-20T12:18:09Z,2026-06-20T14:18:09+0200,4bddbab4-20af-41f1-90cc-d649ae7f214d,2026-05-23T13:45:00Z,2026-05-23T15:45:00+0200,10.0,EUR/MWh,BE,BE,imbalance_price,Long,2026-06-20T12:20:56Z
2026-06-20T12:18:09Z,2026-06-20T14:18:09+0200,4bddbab4-20af-41f1-90cc-d649ae7f214d,2026-05-23T13:45:00Z,2026-05-23T15:45:00+0200,10.0,EUR/MWh,BE,BE,imbalance_price,Short,2026-06-20T12:20:56Z
2026-06-20T12:18:09Z,2026-06-20T14:18:09+0200,4bddbab4-20af-41f1-90cc-d649ae7f214d,2026-05-23T14:00:00Z,2026-05-23T16:00:00+0200,-1.19,EUR/MWh,BE,BE,imbalance_price,Long,2026-06-20T12:20:56Z
2026-06-20T12:18:09Z,2026-06-20T14:18:09+0200,4bddbab4-20af-41f1-90cc-d649ae7f214d,2026-05-23T14:00:00Z,2026-05-23T16:00:00+0200,-1.19,EUR/MWh,BE,BE,imbalance_price,Short,2026-06-20T12:20:56Z
2026-06-20T12:18:09Z,2026-06-20T14:18:09+0200,4bddbab4-20af-41f1-90cc-d649ae7f214d,2026-05-23T14:15:00Z,2026-05-23T16:15:00+0200,-0.5,EUR/MWh,BE,BE,imbalance_price,Long,2026-06-20T12:20:56Z
2026-06-20T12:18:09Z,2026-06-20T14:18:09+0200,4bddbab4-20af-41f1-90cc-d649ae7f214d,2026-05-23T14:15:00Z,2026-05-23T16:15:00+0200,-0.5,EUR/MWh,BE,BE,imbalance_price,Short,2026-06-20T12:20:56Z
2026-06-20T12:18:09Z,2026-06-20T14:18:09+0200,4bddbab4-20af-41f1-90cc-d649ae7f214d,2026-05-23T14:30:00Z,2026-05-23T16:30:00+0200,0.0,EUR/MWh,BE,BE,imbalance_price,Long,2026-06-20T12:20:56Z
2026-06-20T12:18:09Z,2026-06-20T14:18:09+0200,4bddbab4-20af-41f1-90cc-d649ae7f214d,2026-05-23T14:30:00Z,2026-05-23T16:30:00+0200,0.0,EUR/MWh,BE,BE,imbalance_price,Short,2026-06-20T12:20:56Z
2026-06-20T12:18:09Z,2026-06-20T14:18:09+0200,4bddbab4-20af-41f1-90cc-d649ae7f214d,2026-05-23T14:45:00Z,2026-05-23T16:45:00+0200,0.01,EUR/MWh,BE,BE,imbalance_price,Long,2026-06-20T12:20:56Z
2026-06-20T12:18:09Z,2026-06-20T14:18:09+0200,4bddbab4-20af-41f1-90cc-d649ae7f214d,2026-05-23T14:45:00Z,2026-05-23T16:45:00+0200,0.01,EUR/MWh,BE,BE,imbalance_price,Short,2026-06-20T12:20:56Z
2026-06-20T12:18:09Z,2026-06-20T14:18:09+0200,4bddbab4-20af-41f1-90cc-d649ae7f214d,2026-05-23T15:00:00Z,2026-05-23T17:00:00+0200,0.09,EUR/MWh,BE,BE,imbalance_price,Long,2026-06-20T12:20:56Z
2026-06-20T12:18:09Z,2026-06-20T14:18:09+0200,4bddbab4-20af-41f1-90cc-d649ae7f214d,2026-05-23T15:00:00Z,2026-05-23T17:00:00+0200,0.09,EUR/MWh,BE,BE,imbalance_price,Short,2026-06-20T12:20:56Z
2026-06-20T12:18:09Z,2026-06-20T14:18:09+0200,4bddbab4-20af-41f1-90cc-d649ae7f214d,2026-05-23T15:15:00Z,2026-05-23T17:15:00+0200,1.51,EUR/MWh,BE,BE,imbalance_price,Long,2026-06-20T12:20:56Z
2026-06-20T12:18:09Z,2026-06-20T14:18:09+0200,4bddbab4-20af-41f1-90cc-d649ae7f214d,2026-05-23T15:15:00Z,2026-05-23T17:15:00+0200,1.51,EUR/MWh,BE,BE,imbalance_price,Short,2026-06-20T12:20:56Z
2026-06-20T12:18:09Z,2026-06-20T14:18:09+0200,4bddbab4-20af-41f1-90cc-d649ae7f214d,2026-05-23T15:30:00Z,2026-05-23T17:30:00+0200,64.32,EUR/MWh,BE,BE,imbalance_price,Long,2026-06-20T12:20:56Z
2026-06-20T12:18:09Z,2026-06-20T14:18:09+0200,4bddbab4-20af-41f1-90cc-d649ae7f214d,2026-05-23T15:30:00Z,2026-05-23T17:30:00+0200,64.32,EUR/MWh,BE,BE,imbalance_price,Short,2026-06-20T12:20:56Z
2026-06-20T12:18:09Z,2026-06-20T14:18:09+0200,4bddbab4-20af-41f1-90cc-d649ae7f214d,2026-05-23T15:45:00Z,2026-05-23T17:45:00+0200,138.98,EUR/MWh,BE,BE,imbalance_price,Long,2026-06-20T12:20:56Z
2026-06-20T12:18:09Z,2026-06-20T14:18:09+0200,4bddbab4-20af-41f1-90cc-d649ae7f214d,2026-05-23T15:45:00Z,2026-05-23T17:45:00+0200,138.98,EUR/MWh,BE,BE,imbalance_price,Short,2026-06-20T12:20:56Z
2026-06-20T12:18:09Z,2026-06-20T14:18:09+0200,4bddbab4-20af-41f1-90cc-d649ae7f214d,2026-05-23T16:00:00Z,2026-05-23T18:00:00+0200,147.81,EUR/MWh,BE,BE,imbalance_price,Long,2026-06-20T12:20:56Z
2026-06-20T12:18:09Z,2026-06-20T14:18:09+0200,4bddbab4-20af-41f1-90cc-d649ae7f214d,2026-05-23T16:00:00Z,2026-05-23T18:00:00+0200,147.81,EUR/MWh,BE,BE,imbalance_price,Short,2026-06-20T12:20:56Z
2026-06-20T12:18:09Z,2026-06-20T14:18:09+0200,4bddbab4-20af-41f1-90cc-d649ae7f214d,2026-05-23T16:15:00Z,2026-05-23T18:15:00+0200,167.41,EUR/MWh,BE,BE,imbalance_price,Long,2026-06-20T12:20:56Z
2026-06-20T12:18:09Z,2026-06-20T14:18:09+0200,4bddbab4-20af-41f1-90cc-d649ae7f214d,2026-05-23T16:15:00Z,2026-05-23T18:15:00+0200,167.41,EUR/MWh,BE,BE,imbalance_price,Short,2026-06-20T12:20:56Z
2026-06-20T12:18:09Z,2026-06-20T14:18:09+0200,4bddbab4-20af-41f1-90cc-d649ae7f214d,2026-05-23T16:30:00Z,2026-05-23T18:30:00+0200,170.86,EUR/MWh,BE,BE,imbalance_price,Long,2026-06-20T12:20:56Z
2026-06-20T12:18:09Z,2026-06-20T14:18:09+0200,4bddbab4-20af-41f1-90cc-d649ae7f214d,2026-05-23T16:30:00Z,2026-05-23T18:30:00+0200,170.86,EUR/MWh,BE,BE,imbalance_price,Short,2026-06-20T12:20:56Z
2026-06-20T12:18:09Z,2026-06-20T14:18:09+0200,4bddbab4-20af-41f1-90cc-d649ae7f214d,2026-05-23T16:45:00Z,2026-05-23T18:45:00+0200,183.67,EUR/MWh,BE,BE,imbalance_price,Long,2026-06-20T12:20:56Z
2026-06-20T12:18:09Z,2026-06-20T14:18:09+0200,4bddbab4-20af-41f1-90cc-d649ae7f214d,2026-05-23T16:45:00Z,2026-05-23T18:45:00+0200,183.67,EUR/MWh,BE,BE,imbalance_price,Short,2026-06-20T12:20:56Z
2026-06-20T12:18:09Z,2026-06-20T14:18:09+0200,4bddbab4-20af-41f1-90cc-d649ae7f214d,2026-05-23T17:00:00Z,2026-05-23T19:00:00+0200,178.49,EUR/MWh,BE,BE,imbalance_price,Long,2026-06-20T12:20:56Z
2026-06-20T12:18:09Z,2026-06-20T14:18:09+0200,4bddbab4-20af-41f1-90cc-d649ae7f214d,2026-05-23T17:00:00Z,2026-05-23T19:00:00+0200,178.49,EUR/MWh,BE,BE,imbalance_price,Short,2026-06-20T12:20:56Z
2026-06-20T12:18:09Z,2026-06-20T14:18:09+0200,4bddbab4-20af-41f1-90cc-d649ae7f214d,2026-05-23T17:15:00Z,2026-05-23T19:15:00+0200,137.17,EUR/MWh,BE,BE,imbalance_price,Long,2026-06-20T12:20:56Z
2026-06-20T12:18:09Z,2026-06-20T14:18:09+0200,4bddbab4-20af-41f1-90cc-d649ae7f214d,2026-05-23T17:15:00Z,2026-05-23T19:15:00+0200,137.17,EUR/MWh,BE,BE,imbalance_price,Short,2026-06-20T12:20:56Z
2026-06-20T12:18:09Z,2026-06-20T14:18:09+0200,4bddbab4-20af-41f1-90cc-d649ae7f214d,2026-05-23T17:30:00Z,2026-05-23T19:30:00+0200,180.51,EUR/MWh,BE,BE,imbalance_price,Long,2026-06-20T12:20:56Z
2026-06-20T12:18:09Z,2026-06-20T14:18:09+0200,4bddbab4-20af-41f1-90cc-d649ae7f214d,2026-05-23T17:30:00Z,2026-05-23T19:30:00+0200,180.51,EUR/MWh,BE,BE,imbalance_price,Short,2026-06-20T12:20:56Z
2026-06-20T12:18:09Z,2026-06-20T14:18:09+0200,4bddbab4-20af-41f1-90cc-d649ae7f214d,2026-05-23T17:45:00Z,2026-05-23T19:45:00+0200,145.19,EUR/MWh,BE,BE,imbalance_price,Long,2026-06-20T12:20:56Z
2026-06-20T12:18:09Z,2026-06-20T14:18:09+0200,4bddbab4-20af-41f1-90cc-d649ae7f214d,2026-05-23T17:45:00Z,2026-05-23T19:45:00+0200,145.19,EUR/MWh,BE,BE,imbalance_price,Short,2026-06-20T12:20:56Z
2026-06-20T12:18:09Z,2026-06-20T14:18:09+0200,4bddbab4-20af-41f1-90cc-d649ae7f214d,2026-05-23T18:00:00Z,2026-05-23T20:00:00+0200,147.71,EUR/MWh,BE,BE,imbalance_price,Long,2026-06-20T12:20:56Z
2026-06-20T12:18:09Z,2026-06-20T14:18:09+0200,4bddbab4-20af-41f1-90cc-d649ae7f214d,2026-05-23T18:00:00Z,2026-05-23T20:00:00+0200,147.71,EUR/MWh,BE,BE,imbalance_price,Short,2026-06-20T12:20:56Z
2026-06-20T12:18:09Z,2026-06-20T14:18:09+0200,4bddbab4-20af-41f1-90cc-d649ae7f214d,2026-05-23T18:15:00Z,2026-05-23T20:15:00+0200,154.97,EUR/MWh,BE,BE,imbalance_price,Long,2026-06-20T12:20:56Z
2026-06-20T12:18:09Z,2026-06-20T14:18:09+0200,4bddbab4-20af-41f1-90cc-d649ae7f214d,2026-05-23T18:15:00Z,2026-05-23T20:15:00+0200,154.97,EUR/MWh,BE,BE,imbalance_price,Short,2026-06-20T12:20:56Z
2026-06-20T12:18:09Z,2026-06-20T14:18:09+0200,4bddbab4-20af-41f1-90cc-d649ae7f214d,2026-05-23T18:30:00Z,2026-05-23T20:30:00+0200,189.81,EUR/MWh,BE,BE,imbalance_price,Long,2026-06-20T12:20:56Z
2026-06-20T12:18:09Z,2026-06-20T14:18:09+0200,4bddbab4-20af-41f1-90cc-d649ae7f214d,2026-05-23T18:30:00Z,2026-05-23T20:30:00+0200,189.81,EUR/MWh,BE,BE,imbalance_price,Short,2026-06-20T12:20:56Z
2026-06-20T12:18:09Z,2026-06-20T14:18:09+0200,4bddbab4-20af-41f1-90cc-d649ae7f214d,2026-05-23T18:45:00Z,2026-05-23T20:45:00+0200,190.32,EUR/MWh,BE,BE,imbalance_price,Long,2026-06-20T12:20:56Z
2026-06-20T12:18:09Z,2026-06-20T14:18:09+0200,4bddbab4-20af-41f1-90cc-d649ae7f214d,2026-05-23T18:45:00Z,2026-05-23T20:45:00+0200,190.32,EUR/MWh,BE,BE,imbalance_price,Short,2026-06-20T12:20:56Z
2026-06-20T12:18:09Z,2026-06-20T14:18:09+0200,4bddbab4-20af-41f1-90cc-d649ae7f214d,2026-05-23T19:00:00Z,2026-05-23T21:00:00+0200,157.68,EUR/MWh,BE,BE,imbalance_price,Long,2026-06-20T12:20:56Z
2026-06-20T12:18:09Z,2026-06-20T14:18:09+0200,4bddbab4-20af-41f1-90cc-d649ae7f214d,2026-05-23T19:00:00Z,2026-05-23T21:00:00+0200,157.68,EUR/MWh,BE,BE,imbalance_price,Short,2026-06-20T12:20:56Z
2026-06-20T12:18:09Z,2026-06-20T14:18:09+0200,4bddbab4-20af-41f1-90cc-d649ae7f214d,2026-05-23T19:15:00Z,2026-05-23T21:15:00+0200,154.78,EUR/MWh,BE,BE,imbalance_price,Long,2026-06-20T12:20:56Z
2026-06-20T12:18:09Z,2026-06-20T14:18:09+0200,4bddbab4-20af-41f1-90cc-d649ae7f214d,2026-05-23T19:15:00Z,2026-05-23T21:15:00+0200,154.78,EUR/MWh,BE,BE,imbalance_price,Short,2026-06-20T12:20:56Z
2026-06-20T12:18:09Z,2026-06-20T14:18:09+0200,4bddbab4-20af-41f1-90cc-d649ae7f214d,2026-05-23T19:30:00Z,2026-05-23T21:30:00+0200,149.2,EUR/MWh,BE,BE,imbalance_price,Long,2026-06-20T12:20:56Z
2026-06-20T12:18:09Z,2026-06-20T14:18:09+0200,4bddbab4-20af-41f1-90cc-d649ae7f214d,2026-05-23T19:30:00Z,2026-05-23T21:30:00+0200,149.2,EUR/MWh,BE,BE,imbalance_price,Short,2026-06-20T12:20:56Z
2026-06-20T12:18:09Z,2026-06-20T14:18:09+0200,4bddbab4-20af-41f1-90cc-d649ae7f214d,2026-05-23T19:45:00Z,2026-05-23T21:45:00+0200,140.74,EUR/MWh,BE,BE,imbalance_price,Long,2026-06-20T12:20:56Z
2026-06-20T12:18:09Z,2026-06-20T14:18:09+0200,4bddbab4-20af-41f1-90cc-d649ae7f214d,2026-05-23T19:45:00Z,2026-05-23T21:45:00+0200,140.74,EUR/MWh,BE,BE,imbalance_price,Short,2026-06-20T12:20:56Z
2026-06-20T12:18:09Z,2026-06-20T14:18:09+0200,4bddbab4-20af-41f1-90cc-d649ae7f214d,2026-05-23T20:00:00Z,2026-05-23T22:00:00+0200,193.93,EUR/MWh,BE,BE,imbalance_price,Long,2026-06-20T12:20:56Z
2026-06-20T12:18:09Z,2026-06-20T14:18:09+0200,4bddbab4-20af-41f1-90cc-d649ae7f214d,2026-05-23T20:00:00Z,2026-05-23T22:00:00+0200,193.93,EUR/MWh,BE,BE,imbalance_price,Short,2026-06-20T12:20:56Z
2026-06-20T12:18:09Z,2026-06-20T14:18:09+0200,4bddbab4-20af-41f1-90cc-d649ae7f214d,2026-05-23T20:15:00Z,2026-05-23T22:15:00+0200,134.75,EUR/MWh,BE,BE,imbalance_price,Long,2026-06-20T12:20:56Z
2026-06-20T12:18:09Z,2026-06-20T14:18:09+0200,4bddbab4-20af-41f1-90cc-d649ae7f214d,2026-05-23T20:15:00Z,2026-05-23T22:15:00+0200,134.75,EUR/MWh,BE,BE,imbalance_price,Short,2026-06-20T12:20:56Z
2026-06-20T12:18:09Z,2026-06-20T14:18:09+0200,4bddbab4-20af-41f1-90cc-d649ae7f214d,2026-05-23T20:30:00Z,2026-05-23T22:30:00+0200,133.21,EUR/MWh,BE,BE,imbalance_price,Long,2026-06-20T12:20:56Z
2026-06-20T12:18:09Z,2026-06-20T14:18:09+0200,4bddbab4-20af-41f1-90cc-d649ae7f214d,2026-05-23T20:30:00Z,2026-05-23T22:30:00+0200,133.21,EUR/MWh,BE,BE,imbalance_price,Short,2026-06-20T12:20:56Z
2026-06-20T12:18:09Z,2026-06-20T14:18:09+0200,4bddbab4-20af-41f1-90cc-d649ae7f214d,2026-05-23T20:45:00Z,2026-05-23T22:45:00+0200,125.48,EUR/MWh,BE,BE,imbalance_price,Long,2026-06-20T12:20:56Z
2026-06-20T12:18:09Z,2026-06-20T14:18:09+0200,4bddbab4-20af-41f1-90cc-d649ae7f214d,2026-05-23T20:45:00Z,2026-05-23T22:45:00+0200,125.48,EUR/MWh,BE,BE,imbalance_price,Short,2026-06-20T12:20:56Z
2026-06-20T12:18:09Z,2026-06-20T14:18:09+0200,4bddbab4-20af-41f1-90cc-d649ae7f214d,2026-05-23T21:00:00Z,2026-05-23T23:00:00+0200,140.43,EUR/MWh,BE,BE,imbalance_price,Long,2026-06-20T12:20:56Z
2026-06-20T12:18:09Z,2026-06-20T14:18:09+0200,4bddbab4-20af-41f1-90cc-d649ae7f214d,2026-05-23T21:00:00Z,2026-05-23T23:00:00+0200,140.43,EUR/MWh,BE,BE,imbalance_price,Short,2026-06-20T12:20:56Z
2026-06-20T12:18:09Z,2026-06-20T14:18:09+0200,4bddbab4-20af-41f1-90cc-d649ae7f214d,2026-05-23T21:15:00Z,2026-05-23T23:15:00+0200,93.28,EUR/MWh,BE,BE,imbalance_price,Long,2026-06-20T12:20:56Z
2026-06-20T12:18:09Z,2026-06-20T14:18:09+0200,4bddbab4-20af-41f1-90cc-d649ae7f214d,2026-05-23T21:15:00Z,2026-05-23T23:15:00+0200,93.28,EUR/MWh,BE,BE,imbalance_price,Short,2026-06-20T12:20:56Z
2026-06-20T12:18:09Z,2026-06-20T14:18:09+0200,4bddbab4-20af-41f1-90cc-d649ae7f214d,2026-05-23T21:30:00Z,2026-05-23T23:30:00+0200,143.34,EUR/MWh,BE,BE,imbalance_price,Long,2026-06-20T12:20:56Z
2026-06-20T12:18:09Z,2026-06-20T14:18:09+0200,4bddbab4-20af-41f1-90cc-d649ae7f214d,2026-05-23T21:30:00Z,2026-05-23T23:30:00+0200,143.34,EUR/MWh,BE,BE,imbalance_price,Short,2026-06-20T12:20:56Z
2026-06-20T12:18:09Z,2026-06-20T14:18:09+0200,4bddbab4-20af-41f1-90cc-d649ae7f214d,2026-05-23T21:45:00Z,2026-05-23T23:45:00+0200,142.04,EUR/MWh,BE,BE,imbalance_price,Long,2026-06-20T12:20:56Z
2026-06-20T12:18:09Z,2026-06-20T14:18:09+0200,4bddbab4-20af-41f1-90cc-d649ae7f214d,2026-05-23T21:45:00Z,2026-05-23T23:45:00+0200,142.04,EUR/MWh,BE,BE,imbalance_price,Short,2026-06-20T12:20:56Z
2026-06-20T12:18:09Z,2026-06-20T14:18:09+0200,4bddbab4-20af-41f1-90cc-d649ae7f214d,2026-05-23T22:00:00Z,2026-05-24T00:00:00+0200,135.31,EUR/MWh,BE,BE,imbalance_price,Long,2026-06-20T12:20:56Z
2026-06-20T12:18:09Z,2026-06-20T14:18:09+0200,4bddbab4-20af-41f1-90cc-d649ae7f214d,2026-05-23T22:00:00Z,2026-05-24T00:00:00+0200,135.31,EUR/MWh,BE,BE,imbalance_price,Short,2026-06-20T12:20:56Z
2026-06-20T12:18:09Z,2026-06-20T14:18:09+0200,4bddbab4-20af-41f1-90cc-d649ae7f214d,2026-05-23T22:15:00Z,2026-05-24T00:15:00+0200,148.66,EUR/MWh,BE,BE,imbalance_price,Long,2026-06-20T12:20:56Z
2026-06-20T12:18:09Z,2026-06-20T14:18:09+0200,4bddbab4-20af-41f1-90cc-d649ae7f214d,2026-05-23T22:15:00Z,2026-05-24T00:15:00+0200,148.66,EUR/MWh,BE,BE,imbalance_price,Short,2026-06-20T12:20:56Z
2026-06-20T12:18:09Z,2026-06-20T14:18:09+0200,4bddbab4-20af-41f1-90cc-d649ae7f214d,2026-05-23T22:30:00Z,2026-05-24T00:30:00+0200,141.98,EUR/MWh,BE,BE,imbalance_price,Long,2026-06-20T12:20:56Z
2026-06-20T12:18:09Z,2026-06-20T14:18:09+0200,4bddbab4-20af-41f1-90cc-d649ae7f214d,2026-05-23T22:30:00Z,2026-05-24T00:30:00+0200,141.98,EUR/MWh,BE,BE,imbalance_price,Short,2026-06-20T12:20:56Z
2026-06-20T12:18:09Z,2026-06-20T14:18:09+0200,4bddbab4-20af-41f1-90cc-d649ae7f214d,2026-05-23T22:45:00Z,2026-05-24T00:45:00+0200,125.27,EUR/MWh,BE,BE,imbalance_price,Long,2026-06-20T12:20:56Z
2026-06-20T12:18:09Z,2026-06-20T14:18:09+0200,4bddbab4-20af-41f1-90cc-d649ae7f214d,2026-05-23T22:45:00Z,2026-05-24T00:45:00+0200,125.27,EUR/MWh,BE,BE,imbalance_price,Short,2026-06-20T12:20:56Z
2026-06-20T12:18:09Z,2026-06-20T14:18:09+0200,4bddbab4-20af-41f1-90cc-d649ae7f214d,2026-05-23T23:00:00Z,2026-05-24T01:00:00+0200,130.86,EUR/MWh,BE,BE,imbalance_price,Long,2026-06-20T12:20:56Z
2026-06-20T12:18:09Z,2026-06-20T14:18:09+0200,4bddbab4-20af-41f1-90cc-d649ae7f214d,2026-05-23T23:00:00Z,2026-05-24T01:00:00+0200,130.86,EUR/MWh,BE,BE,imbalance_price,Short,2026-06-20T12:20:56Z
2026-06-20T12:18:09Z,2026-06-20T14:18:09+0200,4bddbab4-20af-41f1-90cc-d649ae7f214d,2026-05-23T23:15:00Z,2026-05-24T01:15:00+0200,146.53,EUR/MWh,BE,BE,imbalance_price,Long,2026-06-20T12:20:56Z
2026-06-20T12:18:09Z,2026-06-20T14:18:09+0200,4bddbab4-20af-41f1-90cc-d649ae7f214d,2026-05-23T23:15:00Z,2026-05-24T01:15:00+0200,146.53,EUR/MWh,BE,BE,imbalance_price,Short,2026-06-20T12:20:56Z
2026-06-20T12:18:09Z,2026-06-20T14:18:09+0200,4bddbab4-20af-41f1-90cc-d649ae7f214d,2026-05-23T23:30:00Z,2026-05-24T01:30:00+0200,127.7,EUR/MWh,BE,BE,imbalance_price,Long,2026-06-20T12:20:56Z
2026-06-20T12:18:09Z,2026-06-20T14:18:09+0200,4bddbab4-20af-41f1-90cc-d649ae7f214d,2026-05-23T23:30:00Z,2026-05-24T01:30:00+0200,127.7,EUR/MWh,BE,BE,imbalance_price,Short,2026-06-20T12:20:56Z
2026-06-20T12:18:09Z,2026-06-20T14:18:09+0200,4bddbab4-20af-41f1-90cc-d649ae7f214d,2026-05-23T23:45:00Z,2026-05-24T01:45:00+0200,98.98,EUR/MWh,BE,BE,imbalance_price,Long,2026-06-20T12:20:56Z
2026-06-20T12:18:09Z,2026-06-20T14:18:09+0200,4bddbab4-20af-41f1-90cc-d649ae7f214d,2026-05-23T23:45:00Z,2026-05-24T01:45:00+0200,98.98,EUR/MWh,BE,BE,imbalance_price,Short,2026-06-20T12:20:56Z
2026-06-20T12:18:09Z,2026-06-20T14:18:09+0200,4bddbab4-20af-41f1-90cc-d649ae7f214d,2026-05-24T00:00:00Z,2026-05-24T02:00:00+0200,128.36,EUR/MWh,BE,BE,imbalance_price,Long,2026-06-20T12:20:56Z
2026-06-20T12:18:09Z,2026-06-20T14:18:09+0200,4bddbab4-20af-41f1-90cc-d649ae7f214d,2026-05-24T00:00:00Z,2026-05-24T02:00:00+0200,128.36,EUR/MWh,BE,BE,imbalance_price,Short,2026-06-20T12:20:56Z
2026-06-20T12:18:09Z,2026-06-20T14:18:09+0200,4bddbab4-20af-41f1-90cc-d649ae7f214d,2026-05-24T00:15:00Z,2026-05-24T02:15:00+0200,126.02,EUR/MWh,BE,BE,imbalance_price,Long,2026-06-20T12:20:56Z
2026-06-20T12:18:09Z,2026-06-20T14:18:09+0200,4bddbab4-20af-41f1-90cc-d649ae7f214d,2026-05-24T00:15:00Z,2026-05-24T02:15:00+0200,126.02,EUR/MWh,BE,BE,imbalance_price,Short,2026-06-20T12:20:56Z
2026-06-20T12:18:09Z,2026-06-20T14:18:09+0200,4bddbab4-20af-41f1-90cc-d649ae7f214d,2026-05-24T00:30:00Z,2026-05-24T02:30:00+0200,132.77,EUR/MWh,BE,BE,imbalance_price,Long,2026-06-20T12:20:56Z
2026-06-20T12:18:09Z,2026-06-20T14:18:09+0200,4bddbab4-20af-41f1-90cc-d649ae7f214d,2026-05-24T00:30:00Z,2026-05-24T02:30:00+0200,132.77,EUR/MWh,BE,BE,imbalance_price,Short,2026-06-20T12:20:56Z
2026-06-20T12:18:09Z,2026-06-20T14:18:09+0200,4bddbab4-20af-41f1-90cc-d649ae7f214d,2026-05-24T00:45:00Z,2026-05-24T02:45:00+0200,134.22,EUR/MWh,BE,BE,imbalance_price,Long,2026-06-20T12:20:56Z
2026-06-20T12:18:09Z,2026-06-20T14:18:09+0200,4bddbab4-20af-41f1-90cc-d649ae7f214d,2026-05-24T00:45:00Z,2026-05-24T02:45:00+0200,134.22,EUR/MWh,BE,BE,imbalance_price,Short,2026-06-20T12:20:56Z
2026-06-20T12:18:09Z,2026-06-20T14:18:09+0200,4bddbab4-20af-41f1-90cc-d649ae7f214d,2026-05-24T01:00:00Z,2026-05-24T03:00:00+0200,108.84,EUR/MWh,BE,BE,imbalance_price,Long,2026-06-20T12:20:56Z
2026-06-20T12:18:09Z,2026-06-20T14:18:09+0200,4bddbab4-20af-41f1-90cc-d649ae7f214d,2026-05-24T01:00:00Z,2026-05-24T03:00:00+0200,108.84,EUR/MWh,BE,BE,imbalance_price,Short,2026-06-20T12:20:56Z
2026-06-20T12:18:09Z,2026-06-20T14:18:09+0200,4bddbab4-20af-41f1-90cc-d649ae7f214d,2026-05-24T01:15:00Z,2026-05-24T03:15:00+0200,128.36,EUR/MWh,BE,BE,imbalance_price,Long,2026-06-20T12:20:56Z
2026-06-20T12:18:09Z,2026-06-20T14:18:09+0200,4bddbab4-20af-41f1-90cc-d649ae7f214d,2026-05-24T01:15:00Z,2026-05-24T03:15:00+0200,128.36,EUR/MWh,BE,BE,imbalance_price,Short,2026-06-20T12:20:56Z
2026-06-20T12:18:09Z,2026-06-20T14:18:09+0200,4bddbab4-20af-41f1-90cc-d649ae7f214d,2026-05-24T01:30:00Z,2026-05-24T03:30:00+0200,121.16,EUR/MWh,BE,BE,imbalance_price,Long,2026-06-20T12:20:56Z
2026-06-20T12:18:09Z,2026-06-20T14:18:09+0200,4bddbab4-20af-41f1-90cc-d649ae7f214d,2026-05-24T01:30:00Z,2026-05-24T03:30:00+0200,121.16,EUR/MWh,BE,BE,imbalance_price,Short,2026-06-20T12:20:56Z
2026-06-20T12:18:09Z,2026-06-20T14:18:09+0200,4bddbab4-20af-41f1-90cc-d649ae7f214d,2026-05-24T01:45:00Z,2026-05-24T03:45:00+0200,108.08,EUR/MWh,BE,BE,imbalance_price,Long,2026-06-20T12:20:56Z
2026-06-20T12:18:09Z,2026-06-20T14:18:09+0200,4bddbab4-20af-41f1-90cc-d649ae7f214d,2026-05-24T01:45:00Z,2026-05-24T03:45:00+0200,108.08,EUR/MWh,BE,BE,imbalance_price,Short,2026-06-20T12:20:56Z
2026-06-20T12:18:09Z,2026-06-20T14:18:09+0200,4bddbab4-20af-41f1-90cc-d649ae7f214d,2026-05-24T02:00:00Z,2026-05-24T04:00:00+0200,109.92,EUR/MWh,BE,BE,imbalance_price,Long,2026-06-20T12:20:56Z
2026-06-20T12:18:09Z,2026-06-20T14:18:09+0200,4bddbab4-20af-41f1-90cc-d649ae7f214d,2026-05-24T02:00:00Z,2026-05-24T04:00:00+0200,109.92,EUR/MWh,BE,BE,imbalance_price,Short,2026-06-20T12:20:56Z
2026-06-20T12:18:09Z,2026-06-20T14:18:09+0200,4bddbab4-20af-41f1-90cc-d649ae7f214d,2026-05-24T02:15:00Z,2026-05-24T04:15:00+0200,108.7,EUR/MWh,BE,BE,imbalance_price,Long,2026-06-20T12:20:56Z
2026-06-20T12:18:09Z,2026-06-20T14:18:09+0200,4bddbab4-20af-41f1-90cc-d649ae7f214d,2026-05-24T02:15:00Z,2026-05-24T04:15:00+0200,108.7,EUR/MWh,BE,BE,imbalance_price,Short,2026-06-20T12:20:56Z
2026-06-20T12:18:09Z,2026-06-20T14:18:09+0200,4bddbab4-20af-41f1-90cc-d649ae7f214d,2026-05-24T02:30:00Z,2026-05-24T04:30:00+0200,109.83,EUR/MWh,BE,BE,imbalance_price,Long,2026-06-20T12:20:56Z
2026-06-20T12:18:09Z,2026-06-20T14:18:09+0200,4bddbab4-20af-41f1-90cc-d649ae7f214d,2026-05-24T02:30:00Z,2026-05-24T04:30:00+0200,109.83,EUR/MWh,BE,BE,imbalance_price,Short,2026-06-20T12:20:56Z
2026-06-20T12:18:09Z,2026-06-20T14:18:09+0200,4bddbab4-20af-41f1-90cc-d649ae7f214d,2026-05-24T02:45:00Z,2026-05-24T04:45:00+0200,108.74,EUR/MWh,BE,BE,imbalance_price,Long,2026-06-20T12:20:56Z
2026-06-20T12:18:09Z,2026-06-20T14:18:09+0200,4bddbab4-20af-41f1-90cc-d649ae7f214d,2026-05-24T02:45:00Z,2026-05-24T04:45:00+0200,108.74,EUR/MWh,BE,BE,imbalance_price,Short,2026-06-20T12:20:56Z
2026-06-20T12:18:09Z,2026-06-20T14:18:09+0200,4bddbab4-20af-41f1-90cc-d649ae7f214d,2026-05-24T03:00:00Z,2026-05-24T05:00:00+0200,118.36,EUR/MWh,BE,BE,imbalance_price,Long,2026-06-20T12:20:56Z
2026-06-20T12:18:09Z,2026-06-20T14:18:09+0200,4bddbab4-20af-41f1-90cc-d649ae7f214d,2026-05-24T03:00:00Z,2026-05-24T05:00:00+0200,118.36,EUR/MWh,BE,BE,imbalance_price,Short,2026-06-20T12:20:56Z
2026-06-20T12:18:09Z,2026-06-20T14:18:09+0200,4bddbab4-20af-41f1-90cc-d649ae7f214d,2026-05-24T03:15:00Z,2026-05-24T05:15:00+0200,116.32,EUR/MWh,BE,BE,imbalance_price,Long,2026-06-20T12:20:56Z
2026-06-20T12:18:09Z,2026-06-20T14:18:09+0200,4bddbab4-20af-41f1-90cc-d649ae7f214d,2026-05-24T03:15:00Z,2026-05-24T05:15:00+0200,116.32,EUR/MWh,BE,BE,imbalance_price,Short,2026-06-20T12:20:56Z
2026-06-20T12:18:09Z,2026-06-20T14:18:09+0200,4bddbab4-20af-41f1-90cc-d649ae7f214d,2026-05-24T03:30:00Z,2026-05-24T05:30:00+0200,125.8,EUR/MWh,BE,BE,imbalance_price,Long,2026-06-20T12:20:56Z
2026-06-20T12:18:09Z,2026-06-20T14:18:09+0200,4bddbab4-20af-41f1-90cc-d649ae7f214d,2026-05-24T03:30:00Z,2026-05-24T05:30:00+0200,125.8,EUR/MWh,BE,BE,imbalance_price,Short,2026-06-20T12:20:56Z
2026-06-20T12:18:09Z,2026-06-20T14:18:09+0200,4bddbab4-20af-41f1-90cc-d649ae7f214d,2026-05-24T03:45:00Z,2026-05-24T05:45:00+0200,121.87,EUR/MWh,BE,BE,imbalance_price,Long,2026-06-20T12:20:56Z
2026-06-20T12:18:09Z,2026-06-20T14:18:09+0200,4bddbab4-20af-41f1-90cc-d649ae7f214d,2026-05-24T03:45:00Z,2026-05-24T05:45:00+0200,121.87,EUR/MWh,BE,BE,imbalance_price,Short,2026-06-20T12:20:56Z
2026-06-20T12:18:09Z,2026-06-20T14:18:09+0200,4bddbab4-20af-41f1-90cc-d649ae7f214d,2026-05-24T04:00:00Z,2026-05-24T06:00:00+0200,169.59,EUR/MWh,BE,BE,imbalance_price,Long,2026-06-20T12:20:56Z
2026-06-20T12:18:09Z,2026-06-20T14:18:09+0200,4bddbab4-20af-41f1-90cc-d649ae7f214d,2026-05-24T04:00:00Z,2026-05-24T06:00:00+0200,169.59,EUR/MWh,BE,BE,imbalance_price,Short,2026-06-20T12:20:56Z
2026-06-20T12:18:09Z,2026-06-20T14:18:09+0200,4bddbab4-20af-41f1-90cc-d649ae7f214d,2026-05-24T04:15:00Z,2026-05-24T06:15:00+0200,162.22,EUR/MWh,BE,BE,imbalance_price,Long,2026-06-20T12:20:56Z
2026-06-20T12:18:09Z,2026-06-20T14:18:09+0200,4bddbab4-20af-41f1-90cc-d649ae7f214d,2026-05-24T04:15:00Z,2026-05-24T06:15:00+0200,162.22,EUR/MWh,BE,BE,imbalance_price,Short,2026-06-20T12:20:56Z
2026-06-20T12:18:09Z,2026-06-20T14:18:09+0200,4bddbab4-20af-41f1-90cc-d649ae7f214d,2026-05-24T04:30:00Z,2026-05-24T06:30:00+0200,178.65,EUR/MWh,BE,BE,imbalance_price,Long,2026-06-20T12:20:56Z
2026-06-20T12:18:09Z,2026-06-20T14:18:09+0200,4bddbab4-20af-41f1-90cc-d649ae7f214d,2026-05-24T04:30:00Z,2026-05-24T06:30:00+0200,178.65,EUR/MWh,BE,BE,imbalance_price,Short,2026-06-20T12:20:56Z
2026-06-20T12:18:09Z,2026-06-20T14:18:09+0200,4bddbab4-20af-41f1-90cc-d649ae7f214d,2026-05-24T04:45:00Z,2026-05-24T06:45:00+0200,116.28,EUR/MWh,BE,BE,imbalance_price,Long,2026-06-20T12:20:56Z
2026-06-20T12:18:09Z,2026-06-20T14:18:09+0200,4bddbab4-20af-41f1-90cc-d649ae7f214d,2026-05-24T04:45:00Z,2026-05-24T06:45:00+0200,116.28,EUR/MWh,BE,BE,imbalance_price,Short,2026-06-20T12:20:56Z
2026-06-20T12:18:09Z,2026-06-20T14:18:09+0200,4bddbab4-20af-41f1-90cc-d649ae7f214d,2026-05-24T05:00:00Z,2026-05-24T07:00:00+0200,118.13,EUR/MWh,BE,BE,imbalance_price,Long,2026-06-20T12:20:56Z
2026-06-20T12:18:09Z,2026-06-20T14:18:09+0200,4bddbab4-20af-41f1-90cc-d649ae7f214d,2026-05-24T05:00:00Z,2026-05-24T07:00:00+0200,118.13,EUR/MWh,BE,BE,imbalance_price,Short,2026-06-20T12:20:56Z
2026-06-20T12:18:09Z,2026-06-20T14:18:09+0200,4bddbab4-20af-41f1-90cc-d649ae7f214d,2026-05-24T05:15:00Z,2026-05-24T07:15:00+0200,170.25,EUR/MWh,BE,BE,imbalance_price,Long,2026-06-20T12:20:56Z
2026-06-20T12:18:09Z,2026-06-20T14:18:09+0200,4bddbab4-20af-41f1-90cc-d649ae7f214d,2026-05-24T05:15:00Z,2026-05-24T07:15:00+0200,170.25,EUR/MWh,BE,BE,imbalance_price,Short,2026-06-20T12:20:56Z
2026-06-20T12:18:09Z,2026-06-20T14:18:09+0200,4bddbab4-20af-41f1-90cc-d649ae7f214d,2026-05-24T05:30:00Z,2026-05-24T07:30:00+0200,65.43,EUR/MWh,BE,BE,imbalance_price,Long,2026-06-20T12:20:56Z
2026-06-20T12:18:09Z,2026-06-20T14:18:09+0200,4bddbab4-20af-41f1-90cc-d649ae7f214d,2026-05-24T05:30:00Z,2026-05-24T07:30:00+0200,65.43,EUR/MWh,BE,BE,imbalance_price,Short,2026-06-20T12:20:56Z
2026-06-20T12:18:09Z,2026-06-20T14:18:09+0200,4bddbab4-20af-41f1-90cc-d649ae7f214d,2026-05-24T05:45:00Z,2026-05-24T07:45:00+0200,-7.1,EUR/MWh,BE,BE,imbalance_price,Long,2026-06-20T12:20:56Z
2026-06-20T12:18:09Z,2026-06-20T14:18:09+0200,4bddbab4-20af-41f1-90cc-d649ae7f214d,2026-05-24T05:45:00Z,2026-05-24T07:45:00+0200,-7.1,EUR/MWh,BE,BE,imbalance_price,Short,2026-06-20T12:20:56Z
2026-06-20T12:18:09Z,2026-06-20T14:18:09+0200,4bddbab4-20af-41f1-90cc-d649ae7f214d,2026-05-24T06:00:00Z,2026-05-24T08:00:00+0200,78.64,EUR/MWh,BE,BE,imbalance_price,Long,2026-06-20T12:20:56Z
2026-06-20T12:18:09Z,2026-06-20T14:18:09+0200,4bddbab4-20af-41f1-90cc-d649ae7f214d,2026-05-24T06:00:00Z,2026-05-24T08:00:00+0200,78.64,EUR/MWh,BE,BE,imbalance_price,Short,2026-06-20T12:20:56Z
2026-06-20T12:18:09Z,2026-06-20T14:18:09+0200,4bddbab4-20af-41f1-90cc-d649ae7f214d,2026-05-24T06:15:00Z,2026-05-24T08:15:00+0200,-13.63,EUR/MWh,BE,BE,imbalance_price,Long,2026-06-20T12:20:56Z
2026-06-20T12:18:09Z,2026-06-20T14:18:09+0200,4bddbab4-20af-41f1-90cc-d649ae7f214d,2026-05-24T06:15:00Z,2026-05-24T08:15:00+0200,-13.63,EUR/MWh,BE,BE,imbalance_price,Short,2026-06-20T12:20:56Z
2026-06-20T12:18:09Z,2026-06-20T14:18:09+0200,4bddbab4-20af-41f1-90cc-d649ae7f214d,2026-05-24T06:30:00Z,2026-05-24T08:30:00+0200,10.23,EUR/MWh,BE,BE,imbalance_price,Long,2026-06-20T12:20:56Z
2026-06-20T12:18:09Z,2026-06-20T14:18:09+0200,4bddbab4-20af-41f1-90cc-d649ae7f214d,2026-05-24T06:30:00Z,2026-05-24T08:30:00+0200,10.23,EUR/MWh,BE,BE,imbalance_price,Short,2026-06-20T12:20:56Z
2026-06-20T12:18:09Z,2026-06-20T14:18:09+0200,4bddbab4-20af-41f1-90cc-d649ae7f214d,2026-05-24T06:45:00Z,2026-05-24T08:45:00+0200,4.72,EUR/MWh,BE,BE,imbalance_price,Long,2026-06-20T12:20:56Z
2026-06-20T12:18:09Z,2026-06-20T14:18:09+0200,4bddbab4-20af-41f1-90cc-d649ae7f214d,2026-05-24T06:45:00Z,2026-05-24T08:45:00+0200,4.72,EUR/MWh,BE,BE,imbalance_price,Short,2026-06-20T12:20:56Z
2026-06-20T12:18:09Z,2026-06-20T14:18:09+0200,4bddbab4-20af-41f1-90cc-d649ae7f214d,2026-05-24T07:00:00Z,2026-05-24T09:00:00+0200,49.5,EUR/MWh,BE,BE,imbalance_price,Long,2026-06-20T12:20:56Z
2026-06-20T12:18:09Z,2026-06-20T14:18:09+0200,4bddbab4-20af-41f1-90cc-d649ae7f214d,2026-05-24T07:00:00Z,2026-05-24T09:00:00+0200,49.5,EUR/MWh,BE,BE,imbalance_price,Short,2026-06-20T12:20:56Z
2026-06-20T12:18:09Z,2026-06-20T14:18:09+0200,4bddbab4-20af-41f1-90cc-d649ae7f214d,2026-05-24T07:15:00Z,2026-05-24T09:15:00+0200,49.5,EUR/MWh,BE,BE,imbalance_price,Long,2026-06-20T12:20:56Z
2026-06-20T12:18:09Z,2026-06-20T14:18:09+0200,4bddbab4-20af-41f1-90cc-d649ae7f214d,2026-05-24T07:15:00Z,2026-05-24T09:15:00+0200,49.5,EUR/MWh,BE,BE,imbalance_price,Short,2026-06-20T12:20:56Z
2026-06-20T12:18:09Z,2026-06-20T14:18:09+0200,4bddbab4-20af-41f1-90cc-d649ae7f214d,2026-05-24T07:30:00Z,2026-05-24T09:30:00+0200,29.75,EUR/MWh,BE,BE,imbalance_price,Long,2026-06-20T12:20:56Z
2026-06-20T12:18:09Z,2026-06-20T14:18:09+0200,4bddbab4-20af-41f1-90cc-d649ae7f214d,2026-05-24T07:30:00Z,2026-05-24T09:30:00+0200,29.75,EUR/MWh,BE,BE,imbalance_price,Short,2026-06-20T12:20:56Z
2026-06-20T12:18:09Z,2026-06-20T14:18:09+0200,4bddbab4-20af-41f1-90cc-d649ae7f214d,2026-05-24T07:45:00Z,2026-05-24T09:45:00+0200,50.47,EUR/MWh,BE,BE,imbalance_price,Long,2026-06-20T12:20:56Z
2026-06-20T12:18:09Z,2026-06-20T14:18:09+0200,4bddbab4-20af-41f1-90cc-d649ae7f214d,2026-05-24T07:45:00Z,2026-05-24T09:45:00+0200,50.47,EUR/MWh,BE,BE,imbalance_price,Short,2026-06-20T12:20:56Z
2026-06-20T12:18:09Z,2026-06-20T14:18:09+0200,4bddbab4-20af-41f1-90cc-d649ae7f214d,2026-05-24T08:00:00Z,2026-05-24T10:00:00+0200,19.39,EUR/MWh,BE,BE,imbalance_price,Long,2026-06-20T12:20:56Z
2026-06-20T12:18:09Z,2026-06-20T14:18:09+0200,4bddbab4-20af-41f1-90cc-d649ae7f214d,2026-05-24T08:00:00Z,2026-05-24T10:00:00+0200,19.39,EUR/MWh,BE,BE,imbalance_price,Short,2026-06-20T12:20:56Z
2026-06-20T12:18:09Z,2026-06-20T14:18:09+0200,4bddbab4-20af-41f1-90cc-d649ae7f214d,2026-05-24T08:15:00Z,2026-05-24T10:15:00+0200,10.0,EUR/MWh,BE,BE,imbalance_price,Long,2026-06-20T12:20:56Z
2026-06-20T12:18:09Z,2026-06-20T14:18:09+0200,4bddbab4-20af-41f1-90cc-d649ae7f214d,2026-05-24T08:15:00Z,2026-05-24T10:15:00+0200,10.0,EUR/MWh,BE,BE,imbalance_price,Short,2026-06-20T12:20:56Z
2026-06-20T12:18:09Z,2026-06-20T14:18:09+0200,4bddbab4-20af-41f1-90cc-d649ae7f214d,2026-05-24T08:30:00Z,2026-05-24T10:30:00+0200,-1.75,EUR/MWh,BE,BE,imbalance_price,Long,2026-06-20T12:20:56Z
2026-06-20T12:18:09Z,2026-06-20T14:18:09+0200,4bddbab4-20af-41f1-90cc-d649ae7f214d,2026-05-24T08:30:00Z,2026-05-24T10:30:00+0200,-1.75,EUR/MWh,BE,BE,imbalance_price,Short,2026-06-20T12:20:56Z
2026-06-20T12:18:09Z,2026-06-20T14:18:09+0200,4bddbab4-20af-41f1-90cc-d649ae7f214d,2026-05-24T08:45:00Z,2026-05-24T10:45:00+0200,0.0,EUR/MWh,BE,BE,imbalance_price,Long,2026-06-20T12:20:56Z
2026-06-20T12:18:09Z,2026-06-20T14:18:09+0200,4bddbab4-20af-41f1-90cc-d649ae7f214d,2026-05-24T08:45:00Z,2026-05-24T10:45:00+0200,0.0,EUR/MWh,BE,BE,imbalance_price,Short,2026-06-20T12:20:56Z
2026-06-20T12:18:09Z,2026-06-20T14:18:09+0200,4bddbab4-20af-41f1-90cc-d649ae7f214d,2026-05-24T09:00:00Z,2026-05-24T11:00:00+0200,-1.68,EUR/MWh,BE,BE,imbalance_price,Long,2026-06-20T12:20:56Z
2026-06-20T12:18:09Z,2026-06-20T14:18:09+0200,4bddbab4-20af-41f1-90cc-d649ae7f214d,2026-05-24T09:00:00Z,2026-05-24T11:00:00+0200,-1.68,EUR/MWh,BE,BE,imbalance_price,Short,2026-06-20T12:20:56Z
2026-06-20T12:18:09Z,2026-06-20T14:18:09+0200,4bddbab4-20af-41f1-90cc-d649ae7f214d,2026-05-24T09:15:00Z,2026-05-24T11:15:00+0200,-2.58,EUR/MWh,BE,BE,imbalance_price,Long,2026-06-20T12:20:56Z
2026-06-20T12:18:09Z,2026-06-20T14:18:09+0200,4bddbab4-20af-41f1-90cc-d649ae7f214d,2026-05-24T09:15:00Z,2026-05-24T11:15:00+0200,-2.58,EUR/MWh,BE,BE,imbalance_price,Short,2026-06-20T12:20:56Z
2026-06-20T12:18:09Z,2026-06-20T14:18:09+0200,4bddbab4-20af-41f1-90cc-d649ae7f214d,2026-05-24T09:30:00Z,2026-05-24T11:30:00+0200,0.0,EUR/MWh,BE,BE,imbalance_price,Long,2026-06-20T12:20:56Z
2026-06-20T12:18:09Z,2026-06-20T14:18:09+0200,4bddbab4-20af-41f1-90cc-d649ae7f214d,2026-05-24T09:30:00Z,2026-05-24T11:30:00+0200,0.0,EUR/MWh,BE,BE,imbalance_price,Short,2026-06-20T12:20:56Z
2026-06-20T12:18:09Z,2026-06-20T14:18:09+0200,4bddbab4-20af-41f1-90cc-d649ae7f214d,2026-05-24T09:45:00Z,2026-05-24T11:45:00+0200,0.0,EUR/MWh,BE,BE,imbalance_price,Long,2026-06-20T12:20:56Z
2026-06-20T12:18:09Z,2026-06-20T14:18:09+0200,4bddbab4-20af-41f1-90cc-d649ae7f214d,2026-05-24T09:45:00Z,2026-05-24T11:45:00+0200,0.0,EUR/MWh,BE,BE,imbalance_price,Short,2026-06-20T12:20:56Z
2026-06-20T12:18:09Z,2026-06-20T14:18:09+0200,4bddbab4-20af-41f1-90cc-d649ae7f214d,2026-05-24T10:00:00Z,2026-05-24T12:00:00+0200,10.0,EUR/MWh,BE,BE,imbalance_price,Long,2026-06-20T12:20:56Z
2026-06-20T12:18:09Z,2026-06-20T14:18:09+0200,4bddbab4-20af-41f1-90cc-d649ae7f214d,2026-05-24T10:00:00Z,2026-05-24T12:00:00+0200,10.0,EUR/MWh,BE,BE,imbalance_price,Short,2026-06-20T12:20:56Z
2026-06-20T12:18:09Z,2026-06-20T14:18:09+0200,4bddbab4-20af-41f1-90cc-d649ae7f214d,2026-05-24T10:15:00Z,2026-05-24T12:15:00+0200,0.0,EUR/MWh,BE,BE,imbalance_price,Long,2026-06-20T12:20:56Z
2026-06-20T12:18:09Z,2026-06-20T14:18:09+0200,4bddbab4-20af-41f1-90cc-d649ae7f214d,2026-05-24T10:15:00Z,2026-05-24T12:15:00+0200,0.0,EUR/MWh,BE,BE,imbalance_price,Short,2026-06-20T12:20:56Z
2026-06-20T12:18:09Z,2026-06-20T14:18:09+0200,4bddbab4-20af-41f1-90cc-d649ae7f214d,2026-05-24T10:30:00Z,2026-05-24T12:30:00+0200,0.0,EUR/MWh,BE,BE,imbalance_price,Long,2026-06-20T12:20:56Z
2026-06-20T12:18:09Z,2026-06-20T14:18:09+0200,4bddbab4-20af-41f1-90cc-d649ae7f214d,2026-05-24T10:30:00Z,2026-05-24T12:30:00+0200,0.0,EUR/MWh,BE,BE,imbalance_price,Short,2026-06-20T12:20:56Z
2026-06-20T12:18:09Z,2026-06-20T14:18:09+0200,4bddbab4-20af-41f1-90cc-d649ae7f214d,2026-05-24T10:45:00Z,2026-05-24T12:45:00+0200,0.0,EUR/MWh,BE,BE,imbalance_price,Long,2026-06-20T12:20:56Z
2026-06-20T12:18:09Z,2026-06-20T14:18:09+0200,4bddbab4-20af-41f1-90cc-d649ae7f214d,2026-05-24T10:45:00Z,2026-05-24T12:45:00+0200,0.0,EUR/MWh,BE,BE,imbalance_price,Short,2026-06-20T12:20:56Z
2026-06-20T12:18:09Z,2026-06-20T14:18:09+0200,4bddbab4-20af-41f1-90cc-d649ae7f214d,2026-05-24T11:00:00Z,2026-05-24T13:00:00+0200,0.0,EUR/MWh,BE,BE,imbalance_price,Long,2026-06-20T12:20:56Z
2026-06-20T12:18:09Z,2026-06-20T14:18:09+0200,4bddbab4-20af-41f1-90cc-d649ae7f214d,2026-05-24T11:00:00Z,2026-05-24T13:00:00+0200,0.0,EUR/MWh,BE,BE,imbalance_price,Short,2026-06-20T12:20:56Z
2026-06-20T12:18:09Z,2026-06-20T14:18:09+0200,4bddbab4-20af-41f1-90cc-d649ae7f214d,2026-05-24T11:15:00Z,2026-05-24T13:15:00+0200,-7.37,EUR/MWh,BE,BE,imbalance_price,Long,2026-06-20T12:20:56Z
2026-06-20T12:18:09Z,2026-06-20T14:18:09+0200,4bddbab4-20af-41f1-90cc-d649ae7f214d,2026-05-24T11:15:00Z,2026-05-24T13:15:00+0200,-7.37,EUR/MWh,BE,BE,imbalance_price,Short,2026-06-20T12:20:56Z
2026-06-20T12:18:09Z,2026-06-20T14:18:09+0200,4bddbab4-20af-41f1-90cc-d649ae7f214d,2026-05-24T11:30:00Z,2026-05-24T13:30:00+0200,-11.71,EUR/MWh,BE,BE,imbalance_price,Long,2026-06-20T12:20:56Z
2026-06-20T12:18:09Z,2026-06-20T14:18:09+0200,4bddbab4-20af-41f1-90cc-d649ae7f214d,2026-05-24T11:30:00Z,2026-05-24T13:30:00+0200,-11.71,EUR/MWh,BE,BE,imbalance_price,Short,2026-06-20T12:20:56Z
2026-06-20T12:18:09Z,2026-06-20T14:18:09+0200,4bddbab4-20af-41f1-90cc-d649ae7f214d,2026-05-24T11:45:00Z,2026-05-24T13:45:00+0200,-47.23,EUR/MWh,BE,BE,imbalance_price,Long,2026-06-20T12:20:56Z
2026-06-20T12:18:09Z,2026-06-20T14:18:09+0200,4bddbab4-20af-41f1-90cc-d649ae7f214d,2026-05-24T11:45:00Z,2026-05-24T13:45:00+0200,-47.23,EUR/MWh,BE,BE,imbalance_price,Short,2026-06-20T12:20:56Z
2026-06-20T12:18:09Z,2026-06-20T14:18:09+0200,4bddbab4-20af-41f1-90cc-d649ae7f214d,2026-05-24T12:00:00Z,2026-05-24T14:00:00+0200,-16.19,EUR/MWh,BE,BE,imbalance_price,Long,2026-06-20T12:20:56Z
2026-06-20T12:18:09Z,2026-06-20T14:18:09+0200,4bddbab4-20af-41f1-90cc-d649ae7f214d,2026-05-24T12:00:00Z,2026-05-24T14:00:00+0200,-16.19,EUR/MWh,BE,BE,imbalance_price,Short,2026-06-20T12:20:56Z
2026-06-20T12:18:09Z,2026-06-20T14:18:09+0200,4bddbab4-20af-41f1-90cc-d649ae7f214d,2026-05-24T12:15:00Z,2026-05-24T14:15:00+0200,-23.55,EUR/MWh,BE,BE,imbalance_price,Long,2026-06-20T12:20:56Z
2026-06-20T12:18:09Z,2026-06-20T14:18:09+0200,4bddbab4-20af-41f1-90cc-d649ae7f214d,2026-05-24T12:15:00Z,2026-05-24T14:15:00+0200,-23.55,EUR/MWh,BE,BE,imbalance_price,Short,2026-06-20T12:20:56Z
2026-06-20T12:18:09Z,2026-06-20T14:18:09+0200,4bddbab4-20af-41f1-90cc-d649ae7f214d,2026-05-24T12:30:00Z,2026-05-24T14:30:00+0200,-26.94,EUR/MWh,BE,BE,imbalance_price,Long,2026-06-20T12:20:56Z
2026-06-20T12:18:09Z,2026-06-20T14:18:09+0200,4bddbab4-20af-41f1-90cc-d649ae7f214d,2026-05-24T12:30:00Z,2026-05-24T14:30:00+0200,-26.94,EUR/MWh,BE,BE,imbalance_price,Short,2026-06-20T12:20:56Z
2026-06-20T12:18:09Z,2026-06-20T14:18:09+0200,4bddbab4-20af-41f1-90cc-d649ae7f214d,2026-05-24T12:45:00Z,2026-05-24T14:45:00+0200,-28.75,EUR/MWh,BE,BE,imbalance_price,Long,2026-06-20T12:20:56Z
2026-06-20T12:18:09Z,2026-06-20T14:18:09+0200,4bddbab4-20af-41f1-90cc-d649ae7f214d,2026-05-24T12:45:00Z,2026-05-24T14:45:00+0200,-28.75,EUR/MWh,BE,BE,imbalance_price,Short,2026-06-20T12:20:56Z
2026-06-20T12:18:09Z,2026-06-20T14:18:09+0200,4bddbab4-20af-41f1-90cc-d649ae7f214d,2026-05-24T13:00:00Z,2026-05-24T15:00:00+0200,-17.83,EUR/MWh,BE,BE,imbalance_price,Long,2026-06-20T12:20:56Z
2026-06-20T12:18:09Z,2026-06-20T14:18:09+0200,4bddbab4-20af-41f1-90cc-d649ae7f214d,2026-05-24T13:00:00Z,2026-05-24T15:00:00+0200,-17.83,EUR/MWh,BE,BE,imbalance_price,Short,2026-06-20T12:20:56Z
2026-06-20T12:18:09Z,2026-06-20T14:18:09+0200,4bddbab4-20af-41f1-90cc-d649ae7f214d,2026-05-24T13:15:00Z,2026-05-24T15:15:00+0200,10.57,EUR/MWh,BE,BE,imbalance_price,Long,2026-06-20T12:20:56Z
2026-06-20T12:18:09Z,2026-06-20T14:18:09+0200,4bddbab4-20af-41f1-90cc-d649ae7f214d,2026-05-24T13:15:00Z,2026-05-24T15:15:00+0200,10.57,EUR/MWh,BE,BE,imbalance_price,Short,2026-06-20T12:20:56Z
2026-06-20T12:18:09Z,2026-06-20T14:18:09+0200,4bddbab4-20af-41f1-90cc-d649ae7f214d,2026-05-24T13:30:00Z,2026-05-24T15:30:00+0200,-3.44,EUR/MWh,BE,BE,imbalance_price,Long,2026-06-20T12:20:56Z
2026-06-20T12:18:09Z,2026-06-20T14:18:09+0200,4bddbab4-20af-41f1-90cc-d649ae7f214d,2026-05-24T13:30:00Z,2026-05-24T15:30:00+0200,-3.44,EUR/MWh,BE,BE,imbalance_price,Short,2026-06-20T12:20:56Z
2026-06-20T12:18:09Z,2026-06-20T14:18:09+0200,4bddbab4-20af-41f1-90cc-d649ae7f214d,2026-05-24T13:45:00Z,2026-05-24T15:45:00+0200,1.12,EUR/MWh,BE,BE,imbalance_price,Long,2026-06-20T12:20:56Z
2026-06-20T12:18:09Z,2026-06-20T14:18:09+0200,4bddbab4-20af-41f1-90cc-d649ae7f214d,2026-05-24T13:45:00Z,2026-05-24T15:45:00+0200,1.12,EUR/MWh,BE,BE,imbalance_price,Short,2026-06-20T12:20:56Z
2026-06-20T12:18:09Z,2026-06-20T14:18:09+0200,4bddbab4-20af-41f1-90cc-d649ae7f214d,2026-05-24T14:00:00Z,2026-05-24T16:00:00+0200,17.21,EUR/MWh,BE,BE,imbalance_price,Long,2026-06-20T12:20:56Z
2026-06-20T12:18:09Z,2026-06-20T14:18:09+0200,4bddbab4-20af-41f1-90cc-d649ae7f214d,2026-05-24T14:00:00Z,2026-05-24T16:00:00+0200,17.21,EUR/MWh,BE,BE,imbalance_price,Short,2026-06-20T12:20:56Z
2026-06-20T12:18:09Z,2026-06-20T14:18:09+0200,4bddbab4-20af-41f1-90cc-d649ae7f214d,2026-05-24T14:15:00Z,2026-05-24T16:15:00+0200,32.7,EUR/MWh,BE,BE,imbalance_price,Long,2026-06-20T12:20:56Z
2026-06-20T12:18:09Z,2026-06-20T14:18:09+0200,4bddbab4-20af-41f1-90cc-d649ae7f214d,2026-05-24T14:15:00Z,2026-05-24T16:15:00+0200,32.7,EUR/MWh,BE,BE,imbalance_price,Short,2026-06-20T12:20:56Z
2026-06-20T12:18:09Z,2026-06-20T14:18:09+0200,4bddbab4-20af-41f1-90cc-d649ae7f214d,2026-05-24T14:30:00Z,2026-05-24T16:30:00+0200,30.4,EUR/MWh,BE,BE,imbalance_price,Long,2026-06-20T12:20:56Z
2026-06-20T12:18:09Z,2026-06-20T14:18:09+0200,4bddbab4-20af-41f1-90cc-d649ae7f214d,2026-05-24T14:30:00Z,2026-05-24T16:30:00+0200,30.4,EUR/MWh,BE,BE,imbalance_price,Short,2026-06-20T12:20:56Z
2026-06-20T12:18:09Z,2026-06-20T14:18:09+0200,4bddbab4-20af-41f1-90cc-d649ae7f214d,2026-05-24T14:45:00Z,2026-05-24T16:45:00+0200,4.61,EUR/MWh,BE,BE,imbalance_price,Long,2026-06-20T12:20:56Z
2026-06-20T12:18:09Z,2026-06-20T14:18:09+0200,4bddbab4-20af-41f1-90cc-d649ae7f214d,2026-05-24T14:45:00Z,2026-05-24T16:45:00+0200,4.61,EUR/MWh,BE,BE,imbalance_price,Short,2026-06-20T12:20:56Z
2026-06-20T12:18:09Z,2026-06-20T14:18:09+0200,4bddbab4-20af-41f1-90cc-d649ae7f214d,2026-05-24T15:00:00Z,2026-05-24T17:00:00+0200,-286.2,EUR/MWh,BE,BE,imbalance_price,Long,2026-06-20T12:20:56Z
2026-06-20T12:18:09Z,2026-06-20T14:18:09+0200,4bddbab4-20af-41f1-90cc-d649ae7f214d,2026-05-24T15:00:00Z,2026-05-24T17:00:00+0200,-286.2,EUR/MWh,BE,BE,imbalance_price,Short,2026-06-20T12:20:56Z
2026-06-20T12:18:09Z,2026-06-20T14:18:09+0200,4bddbab4-20af-41f1-90cc-d649ae7f214d,2026-05-24T15:15:00Z,2026-05-24T17:15:00+0200,7.76,EUR/MWh,BE,BE,imbalance_price,Long,2026-06-20T12:20:56Z
2026-06-20T12:18:09Z,2026-06-20T14:18:09+0200,4bddbab4-20af-41f1-90cc-d649ae7f214d,2026-05-24T15:15:00Z,2026-05-24T17:15:00+0200,7.76,EUR/MWh,BE,BE,imbalance_price,Short,2026-06-20T12:20:56Z
2026-06-20T12:18:09Z,2026-06-20T14:18:09+0200,4bddbab4-20af-41f1-90cc-d649ae7f214d,2026-05-24T15:30:00Z,2026-05-24T17:30:00+0200,-25.18,EUR/MWh,BE,BE,imbalance_price,Long,2026-06-20T12:20:56Z
2026-06-20T12:18:09Z,2026-06-20T14:18:09+0200,4bddbab4-20af-41f1-90cc-d649ae7f214d,2026-05-24T15:30:00Z,2026-05-24T17:30:00+0200,-25.18,EUR/MWh,BE,BE,imbalance_price,Short,2026-06-20T12:20:56Z
2026-06-20T12:18:09Z,2026-06-20T14:18:09+0200,4bddbab4-20af-41f1-90cc-d649ae7f214d,2026-05-24T15:45:00Z,2026-05-24T17:45:00+0200,-28.11,EUR/MWh,BE,BE,imbalance_price,Long,2026-06-20T12:20:56Z
2026-06-20T12:18:09Z,2026-06-20T14:18:09+0200,4bddbab4-20af-41f1-90cc-d649ae7f214d,2026-05-24T15:45:00Z,2026-05-24T17:45:00+0200,-28.11,EUR/MWh,BE,BE,imbalance_price,Short,2026-06-20T12:20:56Z
2026-06-20T12:18:09Z,2026-06-20T14:18:09+0200,4bddbab4-20af-41f1-90cc-d649ae7f214d,2026-05-24T16:00:00Z,2026-05-24T18:00:00+0200,-14.53,EUR/MWh,BE,BE,imbalance_price,Long,2026-06-20T12:20:56Z
2026-06-20T12:18:09Z,2026-06-20T14:18:09+0200,4bddbab4-20af-41f1-90cc-d649ae7f214d,2026-05-24T16:00:00Z,2026-05-24T18:00:00+0200,-14.53,EUR/MWh,BE,BE,imbalance_price,Short,2026-06-20T12:20:56Z
2026-06-20T12:18:09Z,2026-06-20T14:18:09+0200,4bddbab4-20af-41f1-90cc-d649ae7f214d,2026-05-24T16:15:00Z,2026-05-24T18:15:00+0200,-6.2,EUR/MWh,BE,BE,imbalance_price,Long,2026-06-20T12:20:56Z
2026-06-20T12:18:09Z,2026-06-20T14:18:09+0200,4bddbab4-20af-41f1-90cc-d649ae7f214d,2026-05-24T16:15:00Z,2026-05-24T18:15:00+0200,-6.2,EUR/MWh,BE,BE,imbalance_price,Short,2026-06-20T12:20:56Z
2026-06-20T12:18:09Z,2026-06-20T14:18:09+0200,4bddbab4-20af-41f1-90cc-d649ae7f214d,2026-05-24T16:30:00Z,2026-05-24T18:30:00+0200,-0.01,EUR/MWh,BE,BE,imbalance_price,Long,2026-06-20T12:20:56Z
2026-06-20T12:18:09Z,2026-06-20T14:18:09+0200,4bddbab4-20af-41f1-90cc-d649ae7f214d,2026-05-24T16:30:00Z,2026-05-24T18:30:00+0200,-0.01,EUR/MWh,BE,BE,imbalance_price,Short,2026-06-20T12:20:56Z
2026-06-20T12:18:09Z,2026-06-20T14:18:09+0200,4bddbab4-20af-41f1-90cc-d649ae7f214d,2026-05-24T16:45:00Z,2026-05-24T18:45:00+0200,33.34,EUR/MWh,BE,BE,imbalance_price,Long,2026-06-20T12:20:56Z
2026-06-20T12:18:09Z,2026-06-20T14:18:09+0200,4bddbab4-20af-41f1-90cc-d649ae7f214d,2026-05-24T16:45:00Z,2026-05-24T18:45:00+0200,33.34,EUR/MWh,BE,BE,imbalance_price,Short,2026-06-20T12:20:56Z
2026-06-20T12:18:09Z,2026-06-20T14:18:09+0200,4bddbab4-20af-41f1-90cc-d649ae7f214d,2026-05-24T17:00:00Z,2026-05-24T19:00:00+0200,113.42,EUR/MWh,BE,BE,imbalance_price,Long,2026-06-20T12:20:56Z
2026-06-20T12:18:09Z,2026-06-20T14:18:09+0200,4bddbab4-20af-41f1-90cc-d649ae7f214d,2026-05-24T17:00:00Z,2026-05-24T19:00:00+0200,113.42,EUR/MWh,BE,BE,imbalance_price,Short,2026-06-20T12:20:56Z
2026-06-20T12:18:09Z,2026-06-20T14:18:09+0200,4bddbab4-20af-41f1-90cc-d649ae7f214d,2026-05-24T17:15:00Z,2026-05-24T19:15:00+0200,95.08,EUR/MWh,BE,BE,imbalance_price,Long,2026-06-20T12:20:56Z
2026-06-20T12:18:09Z,2026-06-20T14:18:09+0200,4bddbab4-20af-41f1-90cc-d649ae7f214d,2026-05-24T17:15:00Z,2026-05-24T19:15:00+0200,95.08,EUR/MWh,BE,BE,imbalance_price,Short,2026-06-20T12:20:56Z
2026-06-20T12:18:09Z,2026-06-20T14:18:09+0200,4bddbab4-20af-41f1-90cc-d649ae7f214d,2026-05-24T17:30:00Z,2026-05-24T19:30:00+0200,119.29,EUR/MWh,BE,BE,imbalance_price,Long,2026-06-20T12:20:56Z
2026-06-20T12:18:09Z,2026-06-20T14:18:09+0200,4bddbab4-20af-41f1-90cc-d649ae7f214d,2026-05-24T17:30:00Z,2026-05-24T19:30:00+0200,119.29,EUR/MWh,BE,BE,imbalance_price,Short,2026-06-20T12:20:56Z
2026-06-20T12:18:09Z,2026-06-20T14:18:09+0200,4bddbab4-20af-41f1-90cc-d649ae7f214d,2026-05-24T17:45:00Z,2026-05-24T19:45:00+0200,135.03,EUR/MWh,BE,BE,imbalance_price,Long,2026-06-20T12:20:56Z
2026-06-20T12:18:09Z,2026-06-20T14:18:09+0200,4bddbab4-20af-41f1-90cc-d649ae7f214d,2026-05-24T17:45:00Z,2026-05-24T19:45:00+0200,135.03,EUR/MWh,BE,BE,imbalance_price,Short,2026-06-20T12:20:56Z
2026-06-20T12:18:09Z,2026-06-20T14:18:09+0200,4bddbab4-20af-41f1-90cc-d649ae7f214d,2026-05-24T18:00:00Z,2026-05-24T20:00:00+0200,134.02,EUR/MWh,BE,BE,imbalance_price,Long,2026-06-20T12:20:56Z
2026-06-20T12:18:09Z,2026-06-20T14:18:09+0200,4bddbab4-20af-41f1-90cc-d649ae7f214d,2026-05-24T18:00:00Z,2026-05-24T20:00:00+0200,134.02,EUR/MWh,BE,BE,imbalance_price,Short,2026-06-20T12:20:56Z
2026-06-20T12:18:09Z,2026-06-20T14:18:09+0200,4bddbab4-20af-41f1-90cc-d649ae7f214d,2026-05-24T18:15:00Z,2026-05-24T20:15:00+0200,130.91,EUR/MWh,BE,BE,imbalance_price,Long,2026-06-20T12:20:56Z
2026-06-20T12:18:09Z,2026-06-20T14:18:09+0200,4bddbab4-20af-41f1-90cc-d649ae7f214d,2026-05-24T18:15:00Z,2026-05-24T20:15:00+0200,130.91,EUR/MWh,BE,BE,imbalance_price,Short,2026-06-20T12:20:56Z
2026-06-20T12:18:09Z,2026-06-20T14:18:09+0200,4bddbab4-20af-41f1-90cc-d649ae7f214d,2026-05-24T18:30:00Z,2026-05-24T20:30:00+0200,126.32,EUR/MWh,BE,BE,imbalance_price,Long,2026-06-20T12:20:56Z
2026-06-20T12:18:09Z,2026-06-20T14:18:09+0200,4bddbab4-20af-41f1-90cc-d649ae7f214d,2026-05-24T18:30:00Z,2026-05-24T20:30:00+0200,126.32,EUR/MWh,BE,BE,imbalance_price,Short,2026-06-20T12:20:56Z
2026-06-20T12:18:09Z,2026-06-20T14:18:09+0200,4bddbab4-20af-41f1-90cc-d649ae7f214d,2026-05-24T18:45:00Z,2026-05-24T20:45:00+0200,127.6,EUR/MWh,BE,BE,imbalance_price,Long,2026-06-20T12:20:56Z
2026-06-20T12:18:09Z,2026-06-20T14:18:09+0200,4bddbab4-20af-41f1-90cc-d649ae7f214d,2026-05-24T18:45:00Z,2026-05-24T20:45:00+0200,127.6,EUR/MWh,BE,BE,imbalance_price,Short,2026-06-20T12:20:56Z
2026-06-20T12:18:09Z,2026-06-20T14:18:09+0200,4bddbab4-20af-41f1-90cc-d649ae7f214d,2026-05-24T19:00:00Z,2026-05-24T21:00:00+0200,134.16,EUR/MWh,BE,BE,imbalance_price,Long,2026-06-20T12:20:56Z
2026-06-20T12:18:09Z,2026-06-20T14:18:09+0200,4bddbab4-20af-41f1-90cc-d649ae7f214d,2026-05-24T19:00:00Z,2026-05-24T21:00:00+0200,134.16,EUR/MWh,BE,BE,imbalance_price,Short,2026-06-20T12:20:56Z
2026-06-20T12:18:09Z,2026-06-20T14:18:09+0200,4bddbab4-20af-41f1-90cc-d649ae7f214d,2026-05-24T19:15:00Z,2026-05-24T21:15:00+0200,132.08,EUR/MWh,BE,BE,imbalance_price,Long,2026-06-20T12:20:56Z
2026-06-20T12:18:09Z,2026-06-20T14:18:09+0200,4bddbab4-20af-41f1-90cc-d649ae7f214d,2026-05-24T19:15:00Z,2026-05-24T21:15:00+0200,132.08,EUR/MWh,BE,BE,imbalance_price,Short,2026-06-20T12:20:56Z
2026-06-20T12:18:09Z,2026-06-20T14:18:09+0200,4bddbab4-20af-41f1-90cc-d649ae7f214d,2026-05-24T19:30:00Z,2026-05-24T21:30:00+0200,143.5,EUR/MWh,BE,BE,imbalance_price,Long,2026-06-20T12:20:56Z
2026-06-20T12:18:09Z,2026-06-20T14:18:09+0200,4bddbab4-20af-41f1-90cc-d649ae7f214d,2026-05-24T19:30:00Z,2026-05-24T21:30:00+0200,143.5,EUR/MWh,BE,BE,imbalance_price,Short,2026-06-20T12:20:56Z
2026-06-20T12:18:09Z,2026-06-20T14:18:09+0200,4bddbab4-20af-41f1-90cc-d649ae7f214d,2026-05-24T19:45:00Z,2026-05-24T21:45:00+0200,132.59,EUR/MWh,BE,BE,imbalance_price,Long,2026-06-20T12:20:56Z
2026-06-20T12:18:09Z,2026-06-20T14:18:09+0200,4bddbab4-20af-41f1-90cc-d649ae7f214d,2026-05-24T19:45:00Z,2026-05-24T21:45:00+0200,132.59,EUR/MWh,BE,BE,imbalance_price,Short,2026-06-20T12:20:56Z
2026-06-20T12:18:09Z,2026-06-20T14:18:09+0200,4bddbab4-20af-41f1-90cc-d649ae7f214d,2026-05-24T20:00:00Z,2026-05-24T22:00:00+0200,160.63,EUR/MWh,BE,BE,imbalance_price,Long,2026-06-20T12:20:56Z
2026-06-20T12:18:09Z,2026-06-20T14:18:09+0200,4bddbab4-20af-41f1-90cc-d649ae7f214d,2026-05-24T20:00:00Z,2026-05-24T22:00:00+0200,160.63,EUR/MWh,BE,BE,imbalance_price,Short,2026-06-20T12:20:56Z
2026-06-20T12:18:09Z,2026-06-20T14:18:09+0200,4bddbab4-20af-41f1-90cc-d649ae7f214d,2026-05-24T20:15:00Z,2026-05-24T22:15:00+0200,151.29,EUR/MWh,BE,BE,imbalance_price,Long,2026-06-20T12:20:56Z
2026-06-20T12:18:09Z,2026-06-20T14:18:09+0200,4bddbab4-20af-41f1-90cc-d649ae7f214d,2026-05-24T20:15:00Z,2026-05-24T22:15:00+0200,151.29,EUR/MWh,BE,BE,imbalance_price,Short,2026-06-20T12:20:56Z
2026-06-20T12:18:09Z,2026-06-20T14:18:09+0200,4bddbab4-20af-41f1-90cc-d649ae7f214d,2026-05-24T20:30:00Z,2026-05-24T22:30:00+0200,164.25,EUR/MWh,BE,BE,imbalance_price,Long,2026-06-20T12:20:56Z
2026-06-20T12:18:09Z,2026-06-20T14:18:09+0200,4bddbab4-20af-41f1-90cc-d649ae7f214d,2026-05-24T20:30:00Z,2026-05-24T22:30:00+0200,164.25,EUR/MWh,BE,BE,imbalance_price,Short,2026-06-20T12:20:56Z
2026-06-20T12:18:09Z,2026-06-20T14:18:09+0200,4bddbab4-20af-41f1-90cc-d649ae7f214d,2026-05-24T20:45:00Z,2026-05-24T22:45:00+0200,148.36,EUR/MWh,BE,BE,imbalance_price,Long,2026-06-20T12:20:56Z
2026-06-20T12:18:09Z,2026-06-20T14:18:09+0200,4bddbab4-20af-41f1-90cc-d649ae7f214d,2026-05-24T20:45:00Z,2026-05-24T22:45:00+0200,148.36,EUR/MWh,BE,BE,imbalance_price,Short,2026-06-20T12:20:56Z
2026-06-20T12:18:09Z,2026-06-20T14:18:09+0200,4bddbab4-20af-41f1-90cc-d649ae7f214d,2026-05-24T21:00:00Z,2026-05-24T23:00:00+0200,95.57,EUR/MWh,BE,BE,imbalance_price,Long,2026-06-20T12:20:56Z
2026-06-20T12:18:09Z,2026-06-20T14:18:09+0200,4bddbab4-20af-41f1-90cc-d649ae7f214d,2026-05-24T21:00:00Z,2026-05-24T23:00:00+0200,95.57,EUR/MWh,BE,BE,imbalance_price,Short,2026-06-20T12:20:56Z
2026-06-20T12:18:09Z,2026-06-20T14:18:09+0200,4bddbab4-20af-41f1-90cc-d649ae7f214d,2026-05-24T21:15:00Z,2026-05-24T23:15:00+0200,118.78,EUR/MWh,BE,BE,imbalance_price,Long,2026-06-20T12:20:56Z
2026-06-20T12:18:09Z,2026-06-20T14:18:09+0200,4bddbab4-20af-41f1-90cc-d649ae7f214d,2026-05-24T21:15:00Z,2026-05-24T23:15:00+0200,118.78,EUR/MWh,BE,BE,imbalance_price,Short,2026-06-20T12:20:56Z
2026-06-20T12:18:09Z,2026-06-20T14:18:09+0200,4bddbab4-20af-41f1-90cc-d649ae7f214d,2026-05-24T21:30:00Z,2026-05-24T23:30:00+0200,115.65,EUR/MWh,BE,BE,imbalance_price,Long,2026-06-20T12:20:56Z
2026-06-20T12:18:09Z,2026-06-20T14:18:09+0200,4bddbab4-20af-41f1-90cc-d649ae7f214d,2026-05-24T21:30:00Z,2026-05-24T23:30:00+0200,115.65,EUR/MWh,BE,BE,imbalance_price,Short,2026-06-20T12:20:56Z
2026-06-20T12:18:09Z,2026-06-20T14:18:09+0200,4bddbab4-20af-41f1-90cc-d649ae7f214d,2026-05-24T21:45:00Z,2026-05-24T23:45:00+0200,128.58,EUR/MWh,BE,BE,imbalance_price,Long,2026-06-20T12:20:56Z
2026-06-20T12:18:09Z,2026-06-20T14:18:09+0200,4bddbab4-20af-41f1-90cc-d649ae7f214d,2026-05-24T21:45:00Z,2026-05-24T23:45:00+0200,128.58,EUR/MWh,BE,BE,imbalance_price,Short,2026-06-20T12:20:56Z
2026-06-20T12:18:09Z,2026-06-20T14:18:09+0200,4bddbab4-20af-41f1-90cc-d649ae7f214d,2026-05-24T22:00:00Z,2026-05-25T00:00:00+0200,123.71,EUR/MWh,BE,BE,imbalance_price,Long,2026-06-20T12:20:56Z
2026-06-20T12:18:09Z,2026-06-20T14:18:09+0200,4bddbab4-20af-41f1-90cc-d649ae7f214d,2026-05-24T22:00:00Z,2026-05-25T00:00:00+0200,123.71,EUR/MWh,BE,BE,imbalance_price,Short,2026-06-20T12:20:56Z
2026-06-20T12:18:09Z,2026-06-20T14:18:09+0200,4bddbab4-20af-41f1-90cc-d649ae7f214d,2026-05-24T22:15:00Z,2026-05-25T00:15:00+0200,124.13,EUR/MWh,BE,BE,imbalance_price,Long,2026-06-20T12:20:56Z
2026-06-20T12:18:09Z,2026-06-20T14:18:09+0200,4bddbab4-20af-41f1-90cc-d649ae7f214d,2026-05-24T22:15:00Z,2026-05-25T00:15:00+0200,124.13,EUR/MWh,BE,BE,imbalance_price,Short,2026-06-20T12:20:56Z
2026-06-20T12:18:09Z,2026-06-20T14:18:09+0200,4bddbab4-20af-41f1-90cc-d649ae7f214d,2026-05-24T22:30:00Z,2026-05-25T00:30:00+0200,130.24,EUR/MWh,BE,BE,imbalance_price,Long,2026-06-20T12:20:56Z
2026-06-20T12:18:09Z,2026-06-20T14:18:09+0200,4bddbab4-20af-41f1-90cc-d649ae7f214d,2026-05-24T22:30:00Z,2026-05-25T00:30:00+0200,130.24,EUR/MWh,BE,BE,imbalance_price,Short,2026-06-20T12:20:56Z
2026-06-20T12:18:09Z,2026-06-20T14:18:09+0200,4bddbab4-20af-41f1-90cc-d649ae7f214d,2026-05-24T22:45:00Z,2026-05-25T00:45:00+0200,120.59,EUR/MWh,BE,BE,imbalance_price,Long,2026-06-20T12:20:56Z
2026-06-20T12:18:09Z,2026-06-20T14:18:09+0200,4bddbab4-20af-41f1-90cc-d649ae7f214d,2026-05-24T22:45:00Z,2026-05-25T00:45:00+0200,120.59,EUR/MWh,BE,BE,imbalance_price,Short,2026-06-20T12:20:56Z
2026-06-20T12:18:09Z,2026-06-20T14:18:09+0200,4bddbab4-20af-41f1-90cc-d649ae7f214d,2026-05-24T23:00:00Z,2026-05-25T01:00:00+0200,132.53,EUR/MWh,BE,BE,imbalance_price,Long,2026-06-20T12:20:56Z
2026-06-20T12:18:09Z,2026-06-20T14:18:09+0200,4bddbab4-20af-41f1-90cc-d649ae7f214d,2026-05-24T23:00:00Z,2026-05-25T01:00:00+0200,132.53,EUR/MWh,BE,BE,imbalance_price,Short,2026-06-20T12:20:56Z
2026-06-20T12:18:09Z,2026-06-20T14:18:09+0200,4bddbab4-20af-41f1-90cc-d649ae7f214d,2026-05-24T23:15:00Z,2026-05-25T01:15:00+0200,124.34,EUR/MWh,BE,BE,imbalance_price,Long,2026-06-20T12:20:56Z
2026-06-20T12:18:09Z,2026-06-20T14:18:09+0200,4bddbab4-20af-41f1-90cc-d649ae7f214d,2026-05-24T23:15:00Z,2026-05-25T01:15:00+0200,124.34,EUR/MWh,BE,BE,imbalance_price,Short,2026-06-20T12:20:56Z
2026-06-20T12:18:09Z,2026-06-20T14:18:09+0200,4bddbab4-20af-41f1-90cc-d649ae7f214d,2026-05-24T23:30:00Z,2026-05-25T01:30:00+0200,133.6,EUR/MWh,BE,BE,imbalance_price,Long,2026-06-20T12:20:56Z
2026-06-20T12:18:09Z,2026-06-20T14:18:09+0200,4bddbab4-20af-41f1-90cc-d649ae7f214d,2026-05-24T23:30:00Z,2026-05-25T01:30:00+0200,133.6,EUR/MWh,BE,BE,imbalance_price,Short,2026-06-20T12:20:56Z
2026-06-20T12:18:09Z,2026-06-20T14:18:09+0200,4bddbab4-20af-41f1-90cc-d649ae7f214d,2026-05-24T23:45:00Z,2026-05-25T01:45:00+0200,125.25,EUR/MWh,BE,BE,imbalance_price,Long,2026-06-20T12:20:56Z
2026-06-20T12:18:09Z,2026-06-20T14:18:09+0200,4bddbab4-20af-41f1-90cc-d649ae7f214d,2026-05-24T23:45:00Z,2026-05-25T01:45:00+0200,125.25,EUR/MWh,BE,BE,imbalance_price,Short,2026-06-20T12:20:56Z
2026-06-20T12:18:09Z,2026-06-20T14:18:09+0200,4bddbab4-20af-41f1-90cc-d649ae7f214d,2026-05-25T00:00:00Z,2026-05-25T02:00:00+0200,127.65,EUR/MWh,BE,BE,imbalance_price,Long,2026-06-20T12:20:56Z
2026-06-20T12:18:09Z,2026-06-20T14:18:09+0200,4bddbab4-20af-41f1-90cc-d649ae7f214d,2026-05-25T00:00:00Z,2026-05-25T02:00:00+0200,127.65,EUR/MWh,BE,BE,imbalance_price,Short,2026-06-20T12:20:56Z
2026-06-20T12:18:09Z,2026-06-20T14:18:09+0200,4bddbab4-20af-41f1-90cc-d649ae7f214d,2026-05-25T00:15:00Z,2026-05-25T02:15:00+0200,138.14,EUR/MWh,BE,BE,imbalance_price,Long,2026-06-20T12:20:56Z
2026-06-20T12:18:09Z,2026-06-20T14:18:09+0200,4bddbab4-20af-41f1-90cc-d649ae7f214d,2026-05-25T00:15:00Z,2026-05-25T02:15:00+0200,138.14,EUR/MWh,BE,BE,imbalance_price,Short,2026-06-20T12:20:56Z
2026-06-20T12:18:09Z,2026-06-20T14:18:09+0200,4bddbab4-20af-41f1-90cc-d649ae7f214d,2026-05-25T00:30:00Z,2026-05-25T02:30:00+0200,130.26,EUR/MWh,BE,BE,imbalance_price,Long,2026-06-20T12:20:56Z
2026-06-20T12:18:09Z,2026-06-20T14:18:09+0200,4bddbab4-20af-41f1-90cc-d649ae7f214d,2026-05-25T00:30:00Z,2026-05-25T02:30:00+0200,130.26,EUR/MWh,BE,BE,imbalance_price,Short,2026-06-20T12:20:56Z
2026-06-20T12:18:09Z,2026-06-20T14:18:09+0200,4bddbab4-20af-41f1-90cc-d649ae7f214d,2026-05-25T00:45:00Z,2026-05-25T02:45:00+0200,119.78,EUR/MWh,BE,BE,imbalance_price,Long,2026-06-20T12:20:56Z
2026-06-20T12:18:09Z,2026-06-20T14:18:09+0200,4bddbab4-20af-41f1-90cc-d649ae7f214d,2026-05-25T00:45:00Z,2026-05-25T02:45:00+0200,119.78,EUR/MWh,BE,BE,imbalance_price,Short,2026-06-20T12:20:56Z
2026-06-20T12:18:09Z,2026-06-20T14:18:09+0200,4bddbab4-20af-41f1-90cc-d649ae7f214d,2026-05-25T01:00:00Z,2026-05-25T03:00:00+0200,97.47,EUR/MWh,BE,BE,imbalance_price,Long,2026-06-20T12:20:56Z
2026-06-20T12:18:09Z,2026-06-20T14:18:09+0200,4bddbab4-20af-41f1-90cc-d649ae7f214d,2026-05-25T01:00:00Z,2026-05-25T03:00:00+0200,97.47,EUR/MWh,BE,BE,imbalance_price,Short,2026-06-20T12:20:56Z
2026-06-20T12:18:09Z,2026-06-20T14:18:09+0200,4bddbab4-20af-41f1-90cc-d649ae7f214d,2026-05-25T01:15:00Z,2026-05-25T03:15:00+0200,121.64,EUR/MWh,BE,BE,imbalance_price,Long,2026-06-20T12:20:56Z
2026-06-20T12:18:09Z,2026-06-20T14:18:09+0200,4bddbab4-20af-41f1-90cc-d649ae7f214d,2026-05-25T01:15:00Z,2026-05-25T03:15:00+0200,121.64,EUR/MWh,BE,BE,imbalance_price,Short,2026-06-20T12:20:56Z
2026-06-20T12:18:09Z,2026-06-20T14:18:09+0200,4bddbab4-20af-41f1-90cc-d649ae7f214d,2026-05-25T01:30:00Z,2026-05-25T03:30:00+0200,123.04,EUR/MWh,BE,BE,imbalance_price,Long,2026-06-20T12:20:56Z
2026-06-20T12:18:09Z,2026-06-20T14:18:09+0200,4bddbab4-20af-41f1-90cc-d649ae7f214d,2026-05-25T01:30:00Z,2026-05-25T03:30:00+0200,123.04,EUR/MWh,BE,BE,imbalance_price,Short,2026-06-20T12:20:56Z
2026-06-20T12:18:09Z,2026-06-20T14:18:09+0200,4bddbab4-20af-41f1-90cc-d649ae7f214d,2026-05-25T01:45:00Z,2026-05-25T03:45:00+0200,127.33,EUR/MWh,BE,BE,imbalance_price,Long,2026-06-20T12:20:56Z
2026-06-20T12:18:09Z,2026-06-20T14:18:09+0200,4bddbab4-20af-41f1-90cc-d649ae7f214d,2026-05-25T01:45:00Z,2026-05-25T03:45:00+0200,127.33,EUR/MWh,BE,BE,imbalance_price,Short,2026-06-20T12:20:56Z
2026-06-20T12:18:09Z,2026-06-20T14:18:09+0200,4bddbab4-20af-41f1-90cc-d649ae7f214d,2026-05-25T02:00:00Z,2026-05-25T04:00:00+0200,132.91,EUR/MWh,BE,BE,imbalance_price,Long,2026-06-20T12:20:56Z
2026-06-20T12:18:09Z,2026-06-20T14:18:09+0200,4bddbab4-20af-41f1-90cc-d649ae7f214d,2026-05-25T02:00:00Z,2026-05-25T04:00:00+0200,132.91,EUR/MWh,BE,BE,imbalance_price,Short,2026-06-20T12:20:56Z
2026-06-20T12:18:09Z,2026-06-20T14:18:09+0200,4bddbab4-20af-41f1-90cc-d649ae7f214d,2026-05-25T02:15:00Z,2026-05-25T04:15:00+0200,126.99,EUR/MWh,BE,BE,imbalance_price,Long,2026-06-20T12:20:56Z
2026-06-20T12:18:09Z,2026-06-20T14:18:09+0200,4bddbab4-20af-41f1-90cc-d649ae7f214d,2026-05-25T02:15:00Z,2026-05-25T04:15:00+0200,126.99,EUR/MWh,BE,BE,imbalance_price,Short,2026-06-20T12:20:56Z
2026-06-20T12:18:09Z,2026-06-20T14:18:09+0200,4bddbab4-20af-41f1-90cc-d649ae7f214d,2026-05-25T02:30:00Z,2026-05-25T04:30:00+0200,129.12,EUR/MWh,BE,BE,imbalance_price,Long,2026-06-20T12:20:56Z
2026-06-20T12:18:09Z,2026-06-20T14:18:09+0200,4bddbab4-20af-41f1-90cc-d649ae7f214d,2026-05-25T02:30:00Z,2026-05-25T04:30:00+0200,129.12,EUR/MWh,BE,BE,imbalance_price,Short,2026-06-20T12:20:56Z
2026-06-20T12:18:09Z,2026-06-20T14:18:09+0200,4bddbab4-20af-41f1-90cc-d649ae7f214d,2026-05-25T02:45:00Z,2026-05-25T04:45:00+0200,135.26,EUR/MWh,BE,BE,imbalance_price,Long,2026-06-20T12:20:56Z
2026-06-20T12:18:09Z,2026-06-20T14:18:09+0200,4bddbab4-20af-41f1-90cc-d649ae7f214d,2026-05-25T02:45:00Z,2026-05-25T04:45:00+0200,135.26,EUR/MWh,BE,BE,imbalance_price,Short,2026-06-20T12:20:56Z
2026-06-20T12:18:09Z,2026-06-20T14:18:09+0200,4bddbab4-20af-41f1-90cc-d649ae7f214d,2026-05-25T03:00:00Z,2026-05-25T05:00:00+0200,127.91,EUR/MWh,BE,BE,imbalance_price,Long,2026-06-20T12:20:56Z
2026-06-20T12:18:09Z,2026-06-20T14:18:09+0200,4bddbab4-20af-41f1-90cc-d649ae7f214d,2026-05-25T03:00:00Z,2026-05-25T05:00:00+0200,127.91,EUR/MWh,BE,BE,imbalance_price,Short,2026-06-20T12:20:56Z
2026-06-20T12:18:09Z,2026-06-20T14:18:09+0200,4bddbab4-20af-41f1-90cc-d649ae7f214d,2026-05-25T03:15:00Z,2026-05-25T05:15:00+0200,121.72,EUR/MWh,BE,BE,imbalance_price,Long,2026-06-20T12:20:56Z
2026-06-20T12:18:09Z,2026-06-20T14:18:09+0200,4bddbab4-20af-41f1-90cc-d649ae7f214d,2026-05-25T03:15:00Z,2026-05-25T05:15:00+0200,121.72,EUR/MWh,BE,BE,imbalance_price,Short,2026-06-20T12:20:56Z
2026-06-20T12:18:09Z,2026-06-20T14:18:09+0200,4bddbab4-20af-41f1-90cc-d649ae7f214d,2026-05-25T03:30:00Z,2026-05-25T05:30:00+0200,123.15,EUR/MWh,BE,BE,imbalance_price,Long,2026-06-20T12:20:56Z
2026-06-20T12:18:09Z,2026-06-20T14:18:09+0200,4bddbab4-20af-41f1-90cc-d649ae7f214d,2026-05-25T03:30:00Z,2026-05-25T05:30:00+0200,123.15,EUR/MWh,BE,BE,imbalance_price,Short,2026-06-20T12:20:56Z
2026-06-20T12:18:09Z,2026-06-20T14:18:09+0200,4bddbab4-20af-41f1-90cc-d649ae7f214d,2026-05-25T03:45:00Z,2026-05-25T05:45:00+0200,121.2,EUR/MWh,BE,BE,imbalance_price,Long,2026-06-20T12:20:56Z
2026-06-20T12:18:09Z,2026-06-20T14:18:09+0200,4bddbab4-20af-41f1-90cc-d649ae7f214d,2026-05-25T03:45:00Z,2026-05-25T05:45:00+0200,121.2,EUR/MWh,BE,BE,imbalance_price,Short,2026-06-20T12:20:56Z
2026-06-20T12:18:09Z,2026-06-20T14:18:09+0200,4bddbab4-20af-41f1-90cc-d649ae7f214d,2026-05-25T04:00:00Z,2026-05-25T06:00:00+0200,126.95,EUR/MWh,BE,BE,imbalance_price,Long,2026-06-20T12:20:56Z
2026-06-20T12:18:09Z,2026-06-20T14:18:09+0200,4bddbab4-20af-41f1-90cc-d649ae7f214d,2026-05-25T04:00:00Z,2026-05-25T06:00:00+0200,126.95,EUR/MWh,BE,BE,imbalance_price,Short,2026-06-20T12:20:56Z
2026-06-20T12:18:09Z,2026-06-20T14:18:09+0200,4bddbab4-20af-41f1-90cc-d649ae7f214d,2026-05-25T04:15:00Z,2026-05-25T06:15:00+0200,114.99,EUR/MWh,BE,BE,imbalance_price,Long,2026-06-20T12:20:56Z
2026-06-20T12:18:09Z,2026-06-20T14:18:09+0200,4bddbab4-20af-41f1-90cc-d649ae7f214d,2026-05-25T04:15:00Z,2026-05-25T06:15:00+0200,114.99,EUR/MWh,BE,BE,imbalance_price,Short,2026-06-20T12:20:56Z
2026-06-20T12:18:09Z,2026-06-20T14:18:09+0200,4bddbab4-20af-41f1-90cc-d649ae7f214d,2026-05-25T04:30:00Z,2026-05-25T06:30:00+0200,117.46,EUR/MWh,BE,BE,imbalance_price,Long,2026-06-20T12:20:56Z
2026-06-20T12:18:09Z,2026-06-20T14:18:09+0200,4bddbab4-20af-41f1-90cc-d649ae7f214d,2026-05-25T04:30:00Z,2026-05-25T06:30:00+0200,117.46,EUR/MWh,BE,BE,imbalance_price,Short,2026-06-20T12:20:56Z
2026-06-20T12:18:09Z,2026-06-20T14:18:09+0200,4bddbab4-20af-41f1-90cc-d649ae7f214d,2026-05-25T04:45:00Z,2026-05-25T06:45:00+0200,114.23,EUR/MWh,BE,BE,imbalance_price,Long,2026-06-20T12:20:56Z
2026-06-20T12:18:09Z,2026-06-20T14:18:09+0200,4bddbab4-20af-41f1-90cc-d649ae7f214d,2026-05-25T04:45:00Z,2026-05-25T06:45:00+0200,114.23,EUR/MWh,BE,BE,imbalance_price,Short,2026-06-20T12:20:56Z
2026-06-20T12:18:09Z,2026-06-20T14:18:09+0200,4bddbab4-20af-41f1-90cc-d649ae7f214d,2026-05-25T05:00:00Z,2026-05-25T07:00:00+0200,120.84,EUR/MWh,BE,BE,imbalance_price,Long,2026-06-20T12:20:56Z
2026-06-20T12:18:09Z,2026-06-20T14:18:09+0200,4bddbab4-20af-41f1-90cc-d649ae7f214d,2026-05-25T05:00:00Z,2026-05-25T07:00:00+0200,120.84,EUR/MWh,BE,BE,imbalance_price,Short,2026-06-20T12:20:56Z
2026-06-20T12:18:09Z,2026-06-20T14:18:09+0200,4bddbab4-20af-41f1-90cc-d649ae7f214d,2026-05-25T05:15:00Z,2026-05-25T07:15:00+0200,105.68,EUR/MWh,BE,BE,imbalance_price,Long,2026-06-20T12:20:56Z
2026-06-20T12:18:09Z,2026-06-20T14:18:09+0200,4bddbab4-20af-41f1-90cc-d649ae7f214d,2026-05-25T05:15:00Z,2026-05-25T07:15:00+0200,105.68,EUR/MWh,BE,BE,imbalance_price,Short,2026-06-20T12:20:56Z
2026-06-20T12:18:09Z,2026-06-20T14:18:09+0200,4bddbab4-20af-41f1-90cc-d649ae7f214d,2026-05-25T05:30:00Z,2026-05-25T07:30:00+0200,114.52,EUR/MWh,BE,BE,imbalance_price,Long,2026-06-20T12:20:56Z
2026-06-20T12:18:09Z,2026-06-20T14:18:09+0200,4bddbab4-20af-41f1-90cc-d649ae7f214d,2026-05-25T05:30:00Z,2026-05-25T07:30:00+0200,114.52,EUR/MWh,BE,BE,imbalance_price,Short,2026-06-20T12:20:56Z
2026-06-20T12:18:09Z,2026-06-20T14:18:09+0200,4bddbab4-20af-41f1-90cc-d649ae7f214d,2026-05-25T05:45:00Z,2026-05-25T07:45:00+0200,50.88,EUR/MWh,BE,BE,imbalance_price,Long,2026-06-20T12:20:56Z
2026-06-20T12:18:09Z,2026-06-20T14:18:09+0200,4bddbab4-20af-41f1-90cc-d649ae7f214d,2026-05-25T05:45:00Z,2026-05-25T07:45:00+0200,50.88,EUR/MWh,BE,BE,imbalance_price,Short,2026-06-20T12:20:56Z
2026-06-20T12:18:09Z,2026-06-20T14:18:09+0200,4bddbab4-20af-41f1-90cc-d649ae7f214d,2026-05-25T06:00:00Z,2026-05-25T08:00:00+0200,118.92,EUR/MWh,BE,BE,imbalance_price,Long,2026-06-20T12:20:56Z
2026-06-20T12:18:09Z,2026-06-20T14:18:09+0200,4bddbab4-20af-41f1-90cc-d649ae7f214d,2026-05-25T06:00:00Z,2026-05-25T08:00:00+0200,118.92,EUR/MWh,BE,BE,imbalance_price,Short,2026-06-20T12:20:56Z
2026-06-20T12:18:09Z,2026-06-20T14:18:09+0200,4bddbab4-20af-41f1-90cc-d649ae7f214d,2026-05-25T06:15:00Z,2026-05-25T08:15:00+0200,114.52,EUR/MWh,BE,BE,imbalance_price,Long,2026-06-20T12:20:56Z
2026-06-20T12:18:09Z,2026-06-20T14:18:09+0200,4bddbab4-20af-41f1-90cc-d649ae7f214d,2026-05-25T06:15:00Z,2026-05-25T08:15:00+0200,114.52,EUR/MWh,BE,BE,imbalance_price,Short,2026-06-20T12:20:56Z
2026-06-20T12:18:09Z,2026-06-20T14:18:09+0200,4bddbab4-20af-41f1-90cc-d649ae7f214d,2026-05-25T06:30:00Z,2026-05-25T08:30:00+0200,51.5,EUR/MWh,BE,BE,imbalance_price,Long,2026-06-20T12:20:56Z
2026-06-20T12:18:09Z,2026-06-20T14:18:09+0200,4bddbab4-20af-41f1-90cc-d649ae7f214d,2026-05-25T06:30:00Z,2026-05-25T08:30:00+0200,51.5,EUR/MWh,BE,BE,imbalance_price,Short,2026-06-20T12:20:56Z
2026-06-20T12:18:09Z,2026-06-20T14:18:09+0200,4bddbab4-20af-41f1-90cc-d649ae7f214d,2026-05-25T06:45:00Z,2026-05-25T08:45:00+0200,53.0,EUR/MWh,BE,BE,imbalance_price,Long,2026-06-20T12:20:56Z
2026-06-20T12:18:09Z,2026-06-20T14:18:09+0200,4bddbab4-20af-41f1-90cc-d649ae7f214d,2026-05-25T06:45:00Z,2026-05-25T08:45:00+0200,53.0,EUR/MWh,BE,BE,imbalance_price,Short,2026-06-20T12:20:56Z
2026-06-20T12:18:09Z,2026-06-20T14:18:09+0200,4bddbab4-20af-41f1-90cc-d649ae7f214d,2026-05-25T07:00:00Z,2026-05-25T09:00:00+0200,50.0,EUR/MWh,BE,BE,imbalance_price,Long,2026-06-20T12:20:56Z
2026-06-20T12:18:09Z,2026-06-20T14:18:09+0200,4bddbab4-20af-41f1-90cc-d649ae7f214d,2026-05-25T07:00:00Z,2026-05-25T09:00:00+0200,50.0,EUR/MWh,BE,BE,imbalance_price,Short,2026-06-20T12:20:56Z
2026-06-20T12:18:09Z,2026-06-20T14:18:09+0200,4bddbab4-20af-41f1-90cc-d649ae7f214d,2026-05-25T07:15:00Z,2026-05-25T09:15:00+0200,13.11,EUR/MWh,BE,BE,imbalance_price,Long,2026-06-20T12:20:56Z
2026-06-20T12:18:09Z,2026-06-20T14:18:09+0200,4bddbab4-20af-41f1-90cc-d649ae7f214d,2026-05-25T07:15:00Z,2026-05-25T09:15:00+0200,13.11,EUR/MWh,BE,BE,imbalance_price,Short,2026-06-20T12:20:56Z
2026-06-20T12:18:09Z,2026-06-20T14:18:09+0200,4bddbab4-20af-41f1-90cc-d649ae7f214d,2026-05-25T07:30:00Z,2026-05-25T09:30:00+0200,49.75,EUR/MWh,BE,BE,imbalance_price,Long,2026-06-20T12:20:56Z
2026-06-20T12:18:09Z,2026-06-20T14:18:09+0200,4bddbab4-20af-41f1-90cc-d649ae7f214d,2026-05-25T07:30:00Z,2026-05-25T09:30:00+0200,49.75,EUR/MWh,BE,BE,imbalance_price,Short,2026-06-20T12:20:56Z
2026-06-20T12:18:09Z,2026-06-20T14:18:09+0200,4bddbab4-20af-41f1-90cc-d649ae7f214d,2026-05-25T07:45:00Z,2026-05-25T09:45:00+0200,50.0,EUR/MWh,BE,BE,imbalance_price,Long,2026-06-20T12:20:56Z
2026-06-20T12:18:09Z,2026-06-20T14:18:09+0200,4bddbab4-20af-41f1-90cc-d649ae7f214d,2026-05-25T07:45:00Z,2026-05-25T09:45:00+0200,50.0,EUR/MWh,BE,BE,imbalance_price,Short,2026-06-20T12:20:56Z
2026-06-20T12:18:09Z,2026-06-20T14:18:09+0200,4bddbab4-20af-41f1-90cc-d649ae7f214d,2026-05-25T08:00:00Z,2026-05-25T10:00:00+0200,51.72,EUR/MWh,BE,BE,imbalance_price,Long,2026-06-20T12:20:56Z
2026-06-20T12:18:09Z,2026-06-20T14:18:09+0200,4bddbab4-20af-41f1-90cc-d649ae7f214d,2026-05-25T08:00:00Z,2026-05-25T10:00:00+0200,51.72,EUR/MWh,BE,BE,imbalance_price,Short,2026-06-20T12:20:56Z
2026-06-20T12:18:09Z,2026-06-20T14:18:09+0200,4bddbab4-20af-41f1-90cc-d649ae7f214d,2026-05-25T08:15:00Z,2026-05-25T10:15:00+0200,54.51,EUR/MWh,BE,BE,imbalance_price,Long,2026-06-20T12:20:56Z
2026-06-20T12:18:09Z,2026-06-20T14:18:09+0200,4bddbab4-20af-41f1-90cc-d649ae7f214d,2026-05-25T08:15:00Z,2026-05-25T10:15:00+0200,54.51,EUR/MWh,BE,BE,imbalance_price,Short,2026-06-20T12:20:56Z
2026-06-20T12:18:09Z,2026-06-20T14:18:09+0200,4bddbab4-20af-41f1-90cc-d649ae7f214d,2026-05-25T08:30:00Z,2026-05-25T10:30:00+0200,50.0,EUR/MWh,BE,BE,imbalance_price,Long,2026-06-20T12:20:56Z
2026-06-20T12:18:09Z,2026-06-20T14:18:09+0200,4bddbab4-20af-41f1-90cc-d649ae7f214d,2026-05-25T08:30:00Z,2026-05-25T10:30:00+0200,50.0,EUR/MWh,BE,BE,imbalance_price,Short,2026-06-20T12:20:56Z
2026-06-20T12:18:09Z,2026-06-20T14:18:09+0200,4bddbab4-20af-41f1-90cc-d649ae7f214d,2026-05-25T08:45:00Z,2026-05-25T10:45:00+0200,25.17,EUR/MWh,BE,BE,imbalance_price,Long,2026-06-20T12:20:56Z
2026-06-20T12:18:09Z,2026-06-20T14:18:09+0200,4bddbab4-20af-41f1-90cc-d649ae7f214d,2026-05-25T08:45:00Z,2026-05-25T10:45:00+0200,25.17,EUR/MWh,BE,BE,imbalance_price,Short,2026-06-20T12:20:56Z
2026-06-20T12:18:09Z,2026-06-20T14:18:09+0200,4bddbab4-20af-41f1-90cc-d649ae7f214d,2026-05-25T09:00:00Z,2026-05-25T11:00:00+0200,50.85,EUR/MWh,BE,BE,imbalance_price,Long,2026-06-20T12:20:56Z
2026-06-20T12:18:09Z,2026-06-20T14:18:09+0200,4bddbab4-20af-41f1-90cc-d649ae7f214d,2026-05-25T09:00:00Z,2026-05-25T11:00:00+0200,50.85,EUR/MWh,BE,BE,imbalance_price,Short,2026-06-20T12:20:56Z
2026-06-20T12:18:09Z,2026-06-20T14:18:09+0200,4bddbab4-20af-41f1-90cc-d649ae7f214d,2026-05-25T09:15:00Z,2026-05-25T11:15:00+0200,50.0,EUR/MWh,BE,BE,imbalance_price,Long,2026-06-20T12:20:56Z
2026-06-20T12:18:09Z,2026-06-20T14:18:09+0200,4bddbab4-20af-41f1-90cc-d649ae7f214d,2026-05-25T09:15:00Z,2026-05-25T11:15:00+0200,50.0,EUR/MWh,BE,BE,imbalance_price,Short,2026-06-20T12:20:56Z
2026-06-20T12:18:09Z,2026-06-20T14:18:09+0200,4bddbab4-20af-41f1-90cc-d649ae7f214d,2026-05-25T09:30:00Z,2026-05-25T11:30:00+0200,51.49,EUR/MWh,BE,BE,imbalance_price,Long,2026-06-20T12:20:56Z
2026-06-20T12:18:09Z,2026-06-20T14:18:09+0200,4bddbab4-20af-41f1-90cc-d649ae7f214d,2026-05-25T09:30:00Z,2026-05-25T11:30:00+0200,51.49,EUR/MWh,BE,BE,imbalance_price,Short,2026-06-20T12:20:56Z
2026-06-20T12:18:09Z,2026-06-20T14:18:09+0200,4bddbab4-20af-41f1-90cc-d649ae7f214d,2026-05-25T09:45:00Z,2026-05-25T11:45:00+0200,50.0,EUR/MWh,BE,BE,imbalance_price,Long,2026-06-20T12:20:56Z
2026-06-20T12:18:09Z,2026-06-20T14:18:09+0200,4bddbab4-20af-41f1-90cc-d649ae7f214d,2026-05-25T09:45:00Z,2026-05-25T11:45:00+0200,50.0,EUR/MWh,BE,BE,imbalance_price,Short,2026-06-20T12:20:56Z
2026-06-20T12:18:09Z,2026-06-20T14:18:09+0200,4bddbab4-20af-41f1-90cc-d649ae7f214d,2026-05-25T10:00:00Z,2026-05-25T12:00:00+0200,50.0,EUR/MWh,BE,BE,imbalance_price,Long,2026-06-20T12:20:56Z
2026-06-20T12:18:09Z,2026-06-20T14:18:09+0200,4bddbab4-20af-41f1-90cc-d649ae7f214d,2026-05-25T10:00:00Z,2026-05-25T12:00:00+0200,50.0,EUR/MWh,BE,BE,imbalance_price,Short,2026-06-20T12:20:56Z
2026-06-20T12:18:09Z,2026-06-20T14:18:09+0200,4bddbab4-20af-41f1-90cc-d649ae7f214d,2026-05-25T10:15:00Z,2026-05-25T12:15:00+0200,50.0,EUR/MWh,BE,BE,imbalance_price,Long,2026-06-20T12:20:56Z
2026-06-20T12:18:09Z,2026-06-20T14:18:09+0200,4bddbab4-20af-41f1-90cc-d649ae7f214d,2026-05-25T10:15:00Z,2026-05-25T12:15:00+0200,50.0,EUR/MWh,BE,BE,imbalance_price,Short,2026-06-20T12:20:56Z
2026-06-20T12:18:09Z,2026-06-20T14:18:09+0200,4bddbab4-20af-41f1-90cc-d649ae7f214d,2026-05-25T10:30:00Z,2026-05-25T12:30:00+0200,51.59,EUR/MWh,BE,BE,imbalance_price,Long,2026-06-20T12:20:56Z
2026-06-20T12:18:09Z,2026-06-20T14:18:09+0200,4bddbab4-20af-41f1-90cc-d649ae7f214d,2026-05-25T10:30:00Z,2026-05-25T12:30:00+0200,51.59,EUR/MWh,BE,BE,imbalance_price,Short,2026-06-20T12:20:56Z
2026-06-20T12:18:09Z,2026-06-20T14:18:09+0200,4bddbab4-20af-41f1-90cc-d649ae7f214d,2026-05-25T10:45:00Z,2026-05-25T12:45:00+0200,19.24,EUR/MWh,BE,BE,imbalance_price,Long,2026-06-20T12:20:56Z
2026-06-20T12:18:09Z,2026-06-20T14:18:09+0200,4bddbab4-20af-41f1-90cc-d649ae7f214d,2026-05-25T10:45:00Z,2026-05-25T12:45:00+0200,19.24,EUR/MWh,BE,BE,imbalance_price,Short,2026-06-20T12:20:56Z
2026-06-20T12:18:09Z,2026-06-20T14:18:09+0200,4bddbab4-20af-41f1-90cc-d649ae7f214d,2026-05-25T11:00:00Z,2026-05-25T13:00:00+0200,2.68,EUR/MWh,BE,BE,imbalance_price,Long,2026-06-20T12:20:56Z
2026-06-20T12:18:09Z,2026-06-20T14:18:09+0200,4bddbab4-20af-41f1-90cc-d649ae7f214d,2026-05-25T11:00:00Z,2026-05-25T13:00:00+0200,2.68,EUR/MWh,BE,BE,imbalance_price,Short,2026-06-20T12:20:56Z
2026-06-20T12:18:09Z,2026-06-20T14:18:09+0200,4bddbab4-20af-41f1-90cc-d649ae7f214d,2026-05-25T11:15:00Z,2026-05-25T13:15:00+0200,7.31,EUR/MWh,BE,BE,imbalance_price,Long,2026-06-20T12:20:56Z
2026-06-20T12:18:09Z,2026-06-20T14:18:09+0200,4bddbab4-20af-41f1-90cc-d649ae7f214d,2026-05-25T11:15:00Z,2026-05-25T13:15:00+0200,7.31,EUR/MWh,BE,BE,imbalance_price,Short,2026-06-20T12:20:56Z
2026-06-20T12:18:09Z,2026-06-20T14:18:09+0200,4bddbab4-20af-41f1-90cc-d649ae7f214d,2026-05-25T11:30:00Z,2026-05-25T13:30:00+0200,5.82,EUR/MWh,BE,BE,imbalance_price,Long,2026-06-20T12:20:56Z
2026-06-20T12:18:09Z,2026-06-20T14:18:09+0200,4bddbab4-20af-41f1-90cc-d649ae7f214d,2026-05-25T11:30:00Z,2026-05-25T13:30:00+0200,5.82,EUR/MWh,BE,BE,imbalance_price,Short,2026-06-20T12:20:56Z
2026-06-20T12:18:09Z,2026-06-20T14:18:09+0200,4bddbab4-20af-41f1-90cc-d649ae7f214d,2026-05-25T11:45:00Z,2026-05-25T13:45:00+0200,14.14,EUR/MWh,BE,BE,imbalance_price,Long,2026-06-20T12:20:56Z
2026-06-20T12:18:09Z,2026-06-20T14:18:09+0200,4bddbab4-20af-41f1-90cc-d649ae7f214d,2026-05-25T11:45:00Z,2026-05-25T13:45:00+0200,14.14,EUR/MWh,BE,BE,imbalance_price,Short,2026-06-20T12:20:56Z
2026-06-20T12:18:09Z,2026-06-20T14:18:09+0200,4bddbab4-20af-41f1-90cc-d649ae7f214d,2026-05-25T12:00:00Z,2026-05-25T14:00:00+0200,0.75,EUR/MWh,BE,BE,imbalance_price,Long,2026-06-20T12:20:56Z
2026-06-20T12:18:09Z,2026-06-20T14:18:09+0200,4bddbab4-20af-41f1-90cc-d649ae7f214d,2026-05-25T12:00:00Z,2026-05-25T14:00:00+0200,0.75,EUR/MWh,BE,BE,imbalance_price,Short,2026-06-20T12:20:56Z
2026-06-20T12:18:09Z,2026-06-20T14:18:09+0200,4bddbab4-20af-41f1-90cc-d649ae7f214d,2026-05-25T12:15:00Z,2026-05-25T14:15:00+0200,8.63,EUR/MWh,BE,BE,imbalance_price,Long,2026-06-20T12:20:56Z
2026-06-20T12:18:09Z,2026-06-20T14:18:09+0200,4bddbab4-20af-41f1-90cc-d649ae7f214d,2026-05-25T12:15:00Z,2026-05-25T14:15:00+0200,8.63,EUR/MWh,BE,BE,imbalance_price,Short,2026-06-20T12:20:56Z
2026-06-20T12:18:09Z,2026-06-20T14:18:09+0200,4bddbab4-20af-41f1-90cc-d649ae7f214d,2026-05-25T12:30:00Z,2026-05-25T14:30:00+0200,17.16,EUR/MWh,BE,BE,imbalance_price,Long,2026-06-20T12:20:56Z
2026-06-20T12:18:09Z,2026-06-20T14:18:09+0200,4bddbab4-20af-41f1-90cc-d649ae7f214d,2026-05-25T12:30:00Z,2026-05-25T14:30:00+0200,17.16,EUR/MWh,BE,BE,imbalance_price,Short,2026-06-20T12:20:56Z
2026-06-20T12:18:09Z,2026-06-20T14:18:09+0200,4bddbab4-20af-41f1-90cc-d649ae7f214d,2026-05-25T12:45:00Z,2026-05-25T14:45:00+0200,22.56,EUR/MWh,BE,BE,imbalance_price,Long,2026-06-20T12:20:56Z
2026-06-20T12:18:09Z,2026-06-20T14:18:09+0200,4bddbab4-20af-41f1-90cc-d649ae7f214d,2026-05-25T12:45:00Z,2026-05-25T14:45:00+0200,22.56,EUR/MWh,BE,BE,imbalance_price,Short,2026-06-20T12:20:56Z
2026-06-20T12:18:09Z,2026-06-20T14:18:09+0200,4bddbab4-20af-41f1-90cc-d649ae7f214d,2026-05-25T13:00:00Z,2026-05-25T15:00:00+0200,56.76,EUR/MWh,BE,BE,imbalance_price,Long,2026-06-20T12:20:56Z
2026-06-20T12:18:09Z,2026-06-20T14:18:09+0200,4bddbab4-20af-41f1-90cc-d649ae7f214d,2026-05-25T13:00:00Z,2026-05-25T15:00:00+0200,56.76,EUR/MWh,BE,BE,imbalance_price,Short,2026-06-20T12:20:56Z
2026-06-20T12:18:09Z,2026-06-20T14:18:09+0200,4bddbab4-20af-41f1-90cc-d649ae7f214d,2026-05-25T13:15:00Z,2026-05-25T15:15:00+0200,19.92,EUR/MWh,BE,BE,imbalance_price,Long,2026-06-20T12:20:56Z
2026-06-20T12:18:09Z,2026-06-20T14:18:09+0200,4bddbab4-20af-41f1-90cc-d649ae7f214d,2026-05-25T13:15:00Z,2026-05-25T15:15:00+0200,19.92,EUR/MWh,BE,BE,imbalance_price,Short,2026-06-20T12:20:56Z
2026-06-20T12:18:09Z,2026-06-20T14:18:09+0200,4bddbab4-20af-41f1-90cc-d649ae7f214d,2026-05-25T13:30:00Z,2026-05-25T15:30:00+0200,24.56,EUR/MWh,BE,BE,imbalance_price,Long,2026-06-20T12:20:56Z
2026-06-20T12:18:09Z,2026-06-20T14:18:09+0200,4bddbab4-20af-41f1-90cc-d649ae7f214d,2026-05-25T13:30:00Z,2026-05-25T15:30:00+0200,24.56,EUR/MWh,BE,BE,imbalance_price,Short,2026-06-20T12:20:56Z
2026-06-20T12:18:09Z,2026-06-20T14:18:09+0200,4bddbab4-20af-41f1-90cc-d649ae7f214d,2026-05-25T13:45:00Z,2026-05-25T15:45:00+0200,11.0,EUR/MWh,BE,BE,imbalance_price,Long,2026-06-20T12:20:56Z
2026-06-20T12:18:09Z,2026-06-20T14:18:09+0200,4bddbab4-20af-41f1-90cc-d649ae7f214d,2026-05-25T13:45:00Z,2026-05-25T15:45:00+0200,11.0,EUR/MWh,BE,BE,imbalance_price,Short,2026-06-20T12:20:56Z
2026-06-20T12:18:09Z,2026-06-20T14:18:09+0200,4bddbab4-20af-41f1-90cc-d649ae7f214d,2026-05-25T14:00:00Z,2026-05-25T16:00:00+0200,34.72,EUR/MWh,BE,BE,imbalance_price,Long,2026-06-20T12:20:56Z
2026-06-20T12:18:09Z,2026-06-20T14:18:09+0200,4bddbab4-20af-41f1-90cc-d649ae7f214d,2026-05-25T14:00:00Z,2026-05-25T16:00:00+0200,34.72,EUR/MWh,BE,BE,imbalance_price,Short,2026-06-20T12:20:56Z
2026-06-20T12:18:09Z,2026-06-20T14:18:09+0200,4bddbab4-20af-41f1-90cc-d649ae7f214d,2026-05-25T14:15:00Z,2026-05-25T16:15:00+0200,35.66,EUR/MWh,BE,BE,imbalance_price,Long,2026-06-20T12:20:56Z
2026-06-20T12:18:09Z,2026-06-20T14:18:09+0200,4bddbab4-20af-41f1-90cc-d649ae7f214d,2026-05-25T14:15:00Z,2026-05-25T16:15:00+0200,35.66,EUR/MWh,BE,BE,imbalance_price,Short,2026-06-20T12:20:56Z
2026-06-20T12:18:09Z,2026-06-20T14:18:09+0200,4bddbab4-20af-41f1-90cc-d649ae7f214d,2026-05-25T14:30:00Z,2026-05-25T16:30:00+0200,14.67,EUR/MWh,BE,BE,imbalance_price,Long,2026-06-20T12:20:56Z
2026-06-20T12:18:09Z,2026-06-20T14:18:09+0200,4bddbab4-20af-41f1-90cc-d649ae7f214d,2026-05-25T14:30:00Z,2026-05-25T16:30:00+0200,14.67,EUR/MWh,BE,BE,imbalance_price,Short,2026-06-20T12:20:56Z
2026-06-20T12:18:09Z,2026-06-20T14:18:09+0200,4bddbab4-20af-41f1-90cc-d649ae7f214d,2026-05-25T14:45:00Z,2026-05-25T16:45:00+0200,45.04,EUR/MWh,BE,BE,imbalance_price,Long,2026-06-20T12:20:56Z
2026-06-20T12:18:09Z,2026-06-20T14:18:09+0200,4bddbab4-20af-41f1-90cc-d649ae7f214d,2026-05-25T14:45:00Z,2026-05-25T16:45:00+0200,45.04,EUR/MWh,BE,BE,imbalance_price,Short,2026-06-20T12:20:56Z
2026-06-20T12:18:09Z,2026-06-20T14:18:09+0200,4bddbab4-20af-41f1-90cc-d649ae7f214d,2026-05-25T15:00:00Z,2026-05-25T17:00:00+0200,101.82,EUR/MWh,BE,BE,imbalance_price,Long,2026-06-20T12:20:56Z
2026-06-20T12:18:09Z,2026-06-20T14:18:09+0200,4bddbab4-20af-41f1-90cc-d649ae7f214d,2026-05-25T15:00:00Z,2026-05-25T17:00:00+0200,101.82,EUR/MWh,BE,BE,imbalance_price,Short,2026-06-20T12:20:56Z
2026-06-20T12:18:09Z,2026-06-20T14:18:09+0200,4bddbab4-20af-41f1-90cc-d649ae7f214d,2026-05-25T15:15:00Z,2026-05-25T17:15:00+0200,103.11,EUR/MWh,BE,BE,imbalance_price,Long,2026-06-20T12:20:56Z
2026-06-20T12:18:09Z,2026-06-20T14:18:09+0200,4bddbab4-20af-41f1-90cc-d649ae7f214d,2026-05-25T15:15:00Z,2026-05-25T17:15:00+0200,103.11,EUR/MWh,BE,BE,imbalance_price,Short,2026-06-20T12:20:56Z
2026-06-20T12:18:09Z,2026-06-20T14:18:09+0200,4bddbab4-20af-41f1-90cc-d649ae7f214d,2026-05-25T15:30:00Z,2026-05-25T17:30:00+0200,126.95,EUR/MWh,BE,BE,imbalance_price,Long,2026-06-20T12:20:56Z
2026-06-20T12:18:09Z,2026-06-20T14:18:09+0200,4bddbab4-20af-41f1-90cc-d649ae7f214d,2026-05-25T15:30:00Z,2026-05-25T17:30:00+0200,126.95,EUR/MWh,BE,BE,imbalance_price,Short,2026-06-20T12:20:56Z
2026-06-20T12:18:09Z,2026-06-20T14:18:09+0200,4bddbab4-20af-41f1-90cc-d649ae7f214d,2026-05-25T15:45:00Z,2026-05-25T17:45:00+0200,173.79,EUR/MWh,BE,BE,imbalance_price,Long,2026-06-20T12:20:56Z
2026-06-20T12:18:09Z,2026-06-20T14:18:09+0200,4bddbab4-20af-41f1-90cc-d649ae7f214d,2026-05-25T15:45:00Z,2026-05-25T17:45:00+0200,173.79,EUR/MWh,BE,BE,imbalance_price,Short,2026-06-20T12:20:56Z
2026-06-20T12:18:09Z,2026-06-20T14:18:09+0200,4bddbab4-20af-41f1-90cc-d649ae7f214d,2026-05-25T16:00:00Z,2026-05-25T18:00:00+0200,139.84,EUR/MWh,BE,BE,imbalance_price,Long,2026-06-20T12:20:56Z
2026-06-20T12:18:09Z,2026-06-20T14:18:09+0200,4bddbab4-20af-41f1-90cc-d649ae7f214d,2026-05-25T16:00:00Z,2026-05-25T18:00:00+0200,139.84,EUR/MWh,BE,BE,imbalance_price,Short,2026-06-20T12:20:56Z
2026-06-20T12:18:09Z,2026-06-20T14:18:09+0200,4bddbab4-20af-41f1-90cc-d649ae7f214d,2026-05-25T16:15:00Z,2026-05-25T18:15:00+0200,157.49,EUR/MWh,BE,BE,imbalance_price,Long,2026-06-20T12:20:56Z
2026-06-20T12:18:09Z,2026-06-20T14:18:09+0200,4bddbab4-20af-41f1-90cc-d649ae7f214d,2026-05-25T16:15:00Z,2026-05-25T18:15:00+0200,157.49,EUR/MWh,BE,BE,imbalance_price,Short,2026-06-20T12:20:56Z
2026-06-20T12:18:09Z,2026-06-20T14:18:09+0200,4bddbab4-20af-41f1-90cc-d649ae7f214d,2026-05-25T16:30:00Z,2026-05-25T18:30:00+0200,187.47,EUR/MWh,BE,BE,imbalance_price,Long,2026-06-20T12:20:56Z
2026-06-20T12:18:09Z,2026-06-20T14:18:09+0200,4bddbab4-20af-41f1-90cc-d649ae7f214d,2026-05-25T16:30:00Z,2026-05-25T18:30:00+0200,187.47,EUR/MWh,BE,BE,imbalance_price,Short,2026-06-20T12:20:56Z
2026-06-20T12:18:09Z,2026-06-20T14:18:09+0200,4bddbab4-20af-41f1-90cc-d649ae7f214d,2026-05-25T16:45:00Z,2026-05-25T18:45:00+0200,167.68,EUR/MWh,BE,BE,imbalance_price,Long,2026-06-20T12:20:56Z
2026-06-20T12:18:09Z,2026-06-20T14:18:09+0200,4bddbab4-20af-41f1-90cc-d649ae7f214d,2026-05-25T16:45:00Z,2026-05-25T18:45:00+0200,167.68,EUR/MWh,BE,BE,imbalance_price,Short,2026-06-20T12:20:56Z
2026-06-20T12:18:09Z,2026-06-20T14:18:09+0200,4bddbab4-20af-41f1-90cc-d649ae7f214d,2026-05-25T17:00:00Z,2026-05-25T19:00:00+0200,93.45,EUR/MWh,BE,BE,imbalance_price,Long,2026-06-20T12:20:56Z
2026-06-20T12:18:09Z,2026-06-20T14:18:09+0200,4bddbab4-20af-41f1-90cc-d649ae7f214d,2026-05-25T17:00:00Z,2026-05-25T19:00:00+0200,93.45,EUR/MWh,BE,BE,imbalance_price,Short,2026-06-20T12:20:56Z
2026-06-20T12:18:09Z,2026-06-20T14:18:09+0200,4bddbab4-20af-41f1-90cc-d649ae7f214d,2026-05-25T17:15:00Z,2026-05-25T19:15:00+0200,121.24,EUR/MWh,BE,BE,imbalance_price,Long,2026-06-20T12:20:56Z
2026-06-20T12:18:09Z,2026-06-20T14:18:09+0200,4bddbab4-20af-41f1-90cc-d649ae7f214d,2026-05-25T17:15:00Z,2026-05-25T19:15:00+0200,121.24,EUR/MWh,BE,BE,imbalance_price,Short,2026-06-20T12:20:56Z
2026-06-20T12:18:09Z,2026-06-20T14:18:09+0200,4bddbab4-20af-41f1-90cc-d649ae7f214d,2026-05-25T17:30:00Z,2026-05-25T19:30:00+0200,132.86,EUR/MWh,BE,BE,imbalance_price,Long,2026-06-20T12:20:56Z
2026-06-20T12:18:09Z,2026-06-20T14:18:09+0200,4bddbab4-20af-41f1-90cc-d649ae7f214d,2026-05-25T17:30:00Z,2026-05-25T19:30:00+0200,132.86,EUR/MWh,BE,BE,imbalance_price,Short,2026-06-20T12:20:56Z
2026-06-20T12:18:09Z,2026-06-20T14:18:09+0200,4bddbab4-20af-41f1-90cc-d649ae7f214d,2026-05-25T17:45:00Z,2026-05-25T19:45:00+0200,177.41,EUR/MWh,BE,BE,imbalance_price,Long,2026-06-20T12:20:56Z
2026-06-20T12:18:09Z,2026-06-20T14:18:09+0200,4bddbab4-20af-41f1-90cc-d649ae7f214d,2026-05-25T17:45:00Z,2026-05-25T19:45:00+0200,177.41,EUR/MWh,BE,BE,imbalance_price,Short,2026-06-20T12:20:56Z
2026-06-20T12:18:09Z,2026-06-20T14:18:09+0200,4bddbab4-20af-41f1-90cc-d649ae7f214d,2026-05-25T18:00:00Z,2026-05-25T20:00:00+0200,187.57,EUR/MWh,BE,BE,imbalance_price,Long,2026-06-20T12:20:56Z
2026-06-20T12:18:09Z,2026-06-20T14:18:09+0200,4bddbab4-20af-41f1-90cc-d649ae7f214d,2026-05-25T18:00:00Z,2026-05-25T20:00:00+0200,187.57,EUR/MWh,BE,BE,imbalance_price,Short,2026-06-20T12:20:56Z
2026-06-20T12:18:09Z,2026-06-20T14:18:09+0200,4bddbab4-20af-41f1-90cc-d649ae7f214d,2026-05-25T18:15:00Z,2026-05-25T20:15:00+0200,201.51,EUR/MWh,BE,BE,imbalance_price,Long,2026-06-20T12:20:56Z
2026-06-20T12:18:09Z,2026-06-20T14:18:09+0200,4bddbab4-20af-41f1-90cc-d649ae7f214d,2026-05-25T18:15:00Z,2026-05-25T20:15:00+0200,201.51,EUR/MWh,BE,BE,imbalance_price,Short,2026-06-20T12:20:56Z
2026-06-20T12:18:09Z,2026-06-20T14:18:09+0200,4bddbab4-20af-41f1-90cc-d649ae7f214d,2026-05-25T18:30:00Z,2026-05-25T20:30:00+0200,396.29,EUR/MWh,BE,BE,imbalance_price,Long,2026-06-20T12:20:56Z
2026-06-20T12:18:09Z,2026-06-20T14:18:09+0200,4bddbab4-20af-41f1-90cc-d649ae7f214d,2026-05-25T18:30:00Z,2026-05-25T20:30:00+0200,396.29,EUR/MWh,BE,BE,imbalance_price,Short,2026-06-20T12:20:56Z
2026-06-20T12:18:09Z,2026-06-20T14:18:09+0200,4bddbab4-20af-41f1-90cc-d649ae7f214d,2026-05-25T18:45:00Z,2026-05-25T20:45:00+0200,399.99,EUR/MWh,BE,BE,imbalance_price,Long,2026-06-20T12:20:56Z
2026-06-20T12:18:09Z,2026-06-20T14:18:09+0200,4bddbab4-20af-41f1-90cc-d649ae7f214d,2026-05-25T18:45:00Z,2026-05-25T20:45:00+0200,399.99,EUR/MWh,BE,BE,imbalance_price,Short,2026-06-20T12:20:56Z
2026-06-20T12:18:09Z,2026-06-20T14:18:09+0200,4bddbab4-20af-41f1-90cc-d649ae7f214d,2026-05-25T19:00:00Z,2026-05-25T21:00:00+0200,399.97,EUR/MWh,BE,BE,imbalance_price,Long,2026-06-20T12:20:56Z
2026-06-20T12:18:09Z,2026-06-20T14:18:09+0200,4bddbab4-20af-41f1-90cc-d649ae7f214d,2026-05-25T19:00:00Z,2026-05-25T21:00:00+0200,399.97,EUR/MWh,BE,BE,imbalance_price,Short,2026-06-20T12:20:56Z
2026-06-20T12:18:09Z,2026-06-20T14:18:09+0200,4bddbab4-20af-41f1-90cc-d649ae7f214d,2026-05-25T19:15:00Z,2026-05-25T21:15:00+0200,399.81,EUR/MWh,BE,BE,imbalance_price,Long,2026-06-20T12:20:56Z
2026-06-20T12:18:09Z,2026-06-20T14:18:09+0200,4bddbab4-20af-41f1-90cc-d649ae7f214d,2026-05-25T19:15:00Z,2026-05-25T21:15:00+0200,399.81,EUR/MWh,BE,BE,imbalance_price,Short,2026-06-20T12:20:56Z
2026-06-20T12:18:09Z,2026-06-20T14:18:09+0200,4bddbab4-20af-41f1-90cc-d649ae7f214d,2026-05-25T19:30:00Z,2026-05-25T21:30:00+0200,392.85,EUR/MWh,BE,BE,imbalance_price,Long,2026-06-20T12:20:56Z
2026-06-20T12:18:09Z,2026-06-20T14:18:09+0200,4bddbab4-20af-41f1-90cc-d649ae7f214d,2026-05-25T19:30:00Z,2026-05-25T21:30:00+0200,392.85,EUR/MWh,BE,BE,imbalance_price,Short,2026-06-20T12:20:56Z
2026-06-20T12:18:09Z,2026-06-20T14:18:09+0200,4bddbab4-20af-41f1-90cc-d649ae7f214d,2026-05-25T19:45:00Z,2026-05-25T21:45:00+0200,116.62,EUR/MWh,BE,BE,imbalance_price,Long,2026-06-20T12:20:56Z
2026-06-20T12:18:09Z,2026-06-20T14:18:09+0200,4bddbab4-20af-41f1-90cc-d649ae7f214d,2026-05-25T19:45:00Z,2026-05-25T21:45:00+0200,116.62,EUR/MWh,BE,BE,imbalance_price,Short,2026-06-20T12:20:56Z
2026-06-20T12:18:09Z,2026-06-20T14:18:09+0200,4bddbab4-20af-41f1-90cc-d649ae7f214d,2026-05-25T20:00:00Z,2026-05-25T22:00:00+0200,660.9,EUR/MWh,BE,BE,imbalance_price,Long,2026-06-20T12:20:56Z
2026-06-20T12:18:09Z,2026-06-20T14:18:09+0200,4bddbab4-20af-41f1-90cc-d649ae7f214d,2026-05-25T20:00:00Z,2026-05-25T22:00:00+0200,660.9,EUR/MWh,BE,BE,imbalance_price,Short,2026-06-20T12:20:56Z
2026-06-20T12:18:09Z,2026-06-20T14:18:09+0200,4bddbab4-20af-41f1-90cc-d649ae7f214d,2026-05-25T20:15:00Z,2026-05-25T22:15:00+0200,124.31,EUR/MWh,BE,BE,imbalance_price,Long,2026-06-20T12:20:56Z
2026-06-20T12:18:09Z,2026-06-20T14:18:09+0200,4bddbab4-20af-41f1-90cc-d649ae7f214d,2026-05-25T20:15:00Z,2026-05-25T22:15:00+0200,124.31,EUR/MWh,BE,BE,imbalance_price,Short,2026-06-20T12:20:56Z
2026-06-20T12:18:09Z,2026-06-20T14:18:09+0200,4bddbab4-20af-41f1-90cc-d649ae7f214d,2026-05-25T20:30:00Z,2026-05-25T22:30:00+0200,148.72,EUR/MWh,BE,BE,imbalance_price,Long,2026-06-20T12:20:56Z
2026-06-20T12:18:09Z,2026-06-20T14:18:09+0200,4bddbab4-20af-41f1-90cc-d649ae7f214d,2026-05-25T20:30:00Z,2026-05-25T22:30:00+0200,148.72,EUR/MWh,BE,BE,imbalance_price,Short,2026-06-20T12:20:56Z
2026-06-20T12:18:09Z,2026-06-20T14:18:09+0200,4bddbab4-20af-41f1-90cc-d649ae7f214d,2026-05-25T20:45:00Z,2026-05-25T22:45:00+0200,138.61,EUR/MWh,BE,BE,imbalance_price,Long,2026-06-20T12:20:56Z
2026-06-20T12:18:09Z,2026-06-20T14:18:09+0200,4bddbab4-20af-41f1-90cc-d649ae7f214d,2026-05-25T20:45:00Z,2026-05-25T22:45:00+0200,138.61,EUR/MWh,BE,BE,imbalance_price,Short,2026-06-20T12:20:56Z
2026-06-20T12:18:09Z,2026-06-20T14:18:09+0200,4bddbab4-20af-41f1-90cc-d649ae7f214d,2026-05-25T21:00:00Z,2026-05-25T23:00:00+0200,139.21,EUR/MWh,BE,BE,imbalance_price,Long,2026-06-20T12:20:56Z
2026-06-20T12:18:09Z,2026-06-20T14:18:09+0200,4bddbab4-20af-41f1-90cc-d649ae7f214d,2026-05-25T21:00:00Z,2026-05-25T23:00:00+0200,139.21,EUR/MWh,BE,BE,imbalance_price,Short,2026-06-20T12:20:56Z
2026-06-20T12:18:09Z,2026-06-20T14:18:09+0200,4bddbab4-20af-41f1-90cc-d649ae7f214d,2026-05-25T21:15:00Z,2026-05-25T23:15:00+0200,146.57,EUR/MWh,BE,BE,imbalance_price,Long,2026-06-20T12:20:56Z
2026-06-20T12:18:09Z,2026-06-20T14:18:09+0200,4bddbab4-20af-41f1-90cc-d649ae7f214d,2026-05-25T21:15:00Z,2026-05-25T23:15:00+0200,146.57,EUR/MWh,BE,BE,imbalance_price,Short,2026-06-20T12:20:56Z
2026-06-20T12:18:09Z,2026-06-20T14:18:09+0200,4bddbab4-20af-41f1-90cc-d649ae7f214d,2026-05-25T21:30:00Z,2026-05-25T23:30:00+0200,143.42,EUR/MWh,BE,BE,imbalance_price,Long,2026-06-20T12:20:56Z
2026-06-20T12:18:09Z,2026-06-20T14:18:09+0200,4bddbab4-20af-41f1-90cc-d649ae7f214d,2026-05-25T21:30:00Z,2026-05-25T23:30:00+0200,143.42,EUR/MWh,BE,BE,imbalance_price,Short,2026-06-20T12:20:56Z
2026-06-20T12:18:09Z,2026-06-20T14:18:09+0200,4bddbab4-20af-41f1-90cc-d649ae7f214d,2026-05-25T21:45:00Z,2026-05-25T23:45:00+0200,148.44,EUR/MWh,BE,BE,imbalance_price,Long,2026-06-20T12:20:56Z
2026-06-20T12:18:09Z,2026-06-20T14:18:09+0200,4bddbab4-20af-41f1-90cc-d649ae7f214d,2026-05-25T21:45:00Z,2026-05-25T23:45:00+0200,148.44,EUR/MWh,BE,BE,imbalance_price,Short,2026-06-20T12:20:56Z
2026-06-20T12:18:09Z,2026-06-20T14:18:09+0200,4bddbab4-20af-41f1-90cc-d649ae7f214d,2026-05-25T22:00:00Z,2026-05-26T00:00:00+0200,133.49,EUR/MWh,BE,BE,imbalance_price,Long,2026-06-20T12:20:56Z
2026-06-20T12:18:09Z,2026-06-20T14:18:09+0200,4bddbab4-20af-41f1-90cc-d649ae7f214d,2026-05-25T22:00:00Z,2026-05-26T00:00:00+0200,133.49,EUR/MWh,BE,BE,imbalance_price,Short,2026-06-20T12:20:56Z
2026-06-20T12:18:09Z,2026-06-20T14:18:09+0200,4bddbab4-20af-41f1-90cc-d649ae7f214d,2026-05-25T22:15:00Z,2026-05-26T00:15:00+0200,97.06,EUR/MWh,BE,BE,imbalance_price,Long,2026-06-20T12:20:56Z
2026-06-20T12:18:09Z,2026-06-20T14:18:09+0200,4bddbab4-20af-41f1-90cc-d649ae7f214d,2026-05-25T22:15:00Z,2026-05-26T00:15:00+0200,97.06,EUR/MWh,BE,BE,imbalance_price,Short,2026-06-20T12:20:56Z
2026-06-20T12:18:09Z,2026-06-20T14:18:09+0200,4bddbab4-20af-41f1-90cc-d649ae7f214d,2026-05-25T22:30:00Z,2026-05-26T00:30:00+0200,115.75,EUR/MWh,BE,BE,imbalance_price,Long,2026-06-20T12:20:56Z
2026-06-20T12:18:09Z,2026-06-20T14:18:09+0200,4bddbab4-20af-41f1-90cc-d649ae7f214d,2026-05-25T22:30:00Z,2026-05-26T00:30:00+0200,115.75,EUR/MWh,BE,BE,imbalance_price,Short,2026-06-20T12:20:56Z
2026-06-20T12:18:09Z,2026-06-20T14:18:09+0200,4bddbab4-20af-41f1-90cc-d649ae7f214d,2026-05-25T22:45:00Z,2026-05-26T00:45:00+0200,105.98,EUR/MWh,BE,BE,imbalance_price,Long,2026-06-20T12:20:56Z
2026-06-20T12:18:09Z,2026-06-20T14:18:09+0200,4bddbab4-20af-41f1-90cc-d649ae7f214d,2026-05-25T22:45:00Z,2026-05-26T00:45:00+0200,105.98,EUR/MWh,BE,BE,imbalance_price,Short,2026-06-20T12:20:56Z
2026-06-20T12:18:09Z,2026-06-20T14:18:09+0200,4bddbab4-20af-41f1-90cc-d649ae7f214d,2026-05-25T23:00:00Z,2026-05-26T01:00:00+0200,109.5,EUR/MWh,BE,BE,imbalance_price,Long,2026-06-20T12:20:56Z
2026-06-20T12:18:09Z,2026-06-20T14:18:09+0200,4bddbab4-20af-41f1-90cc-d649ae7f214d,2026-05-25T23:00:00Z,2026-05-26T01:00:00+0200,109.5,EUR/MWh,BE,BE,imbalance_price,Short,2026-06-20T12:20:56Z
2026-06-20T12:18:09Z,2026-06-20T14:18:09+0200,4bddbab4-20af-41f1-90cc-d649ae7f214d,2026-05-25T23:15:00Z,2026-05-26T01:15:00+0200,116.34,EUR/MWh,BE,BE,imbalance_price,Long,2026-06-20T12:20:56Z
2026-06-20T12:18:09Z,2026-06-20T14:18:09+0200,4bddbab4-20af-41f1-90cc-d649ae7f214d,2026-05-25T23:15:00Z,2026-05-26T01:15:00+0200,116.34,EUR/MWh,BE,BE,imbalance_price,Short,2026-06-20T12:20:56Z
2026-06-20T12:18:09Z,2026-06-20T14:18:09+0200,4bddbab4-20af-41f1-90cc-d649ae7f214d,2026-05-25T23:30:00Z,2026-05-26T01:30:00+0200,122.47,EUR/MWh,BE,BE,imbalance_price,Long,2026-06-20T12:20:56Z
2026-06-20T12:18:09Z,2026-06-20T14:18:09+0200,4bddbab4-20af-41f1-90cc-d649ae7f214d,2026-05-25T23:30:00Z,2026-05-26T01:30:00+0200,122.47,EUR/MWh,BE,BE,imbalance_price,Short,2026-06-20T12:20:56Z
2026-06-20T12:18:09Z,2026-06-20T14:18:09+0200,4bddbab4-20af-41f1-90cc-d649ae7f214d,2026-05-25T23:45:00Z,2026-05-26T01:45:00+0200,96.89,EUR/MWh,BE,BE,imbalance_price,Long,2026-06-20T12:20:56Z
2026-06-20T12:18:09Z,2026-06-20T14:18:09+0200,4bddbab4-20af-41f1-90cc-d649ae7f214d,2026-05-25T23:45:00Z,2026-05-26T01:45:00+0200,96.89,EUR/MWh,BE,BE,imbalance_price,Short,2026-06-20T12:20:56Z
2026-06-20T12:18:09Z,2026-06-20T14:18:09+0200,4bddbab4-20af-41f1-90cc-d649ae7f214d,2026-05-26T00:00:00Z,2026-05-26T02:00:00+0200,115.53,EUR/MWh,BE,BE,imbalance_price,Long,2026-06-20T12:20:56Z
2026-06-20T12:18:09Z,2026-06-20T14:18:09+0200,4bddbab4-20af-41f1-90cc-d649ae7f214d,2026-05-26T00:00:00Z,2026-05-26T02:00:00+0200,115.53,EUR/MWh,BE,BE,imbalance_price,Short,2026-06-20T12:20:56Z
2026-06-20T12:18:09Z,2026-06-20T14:18:09+0200,4bddbab4-20af-41f1-90cc-d649ae7f214d,2026-05-26T00:15:00Z,2026-05-26T02:15:00+0200,93.2,EUR/MWh,BE,BE,imbalance_price,Long,2026-06-20T12:20:56Z
2026-06-20T12:18:09Z,2026-06-20T14:18:09+0200,4bddbab4-20af-41f1-90cc-d649ae7f214d,2026-05-26T00:15:00Z,2026-05-26T02:15:00+0200,93.2,EUR/MWh,BE,BE,imbalance_price,Short,2026-06-20T12:20:56Z
2026-06-20T12:18:09Z,2026-06-20T14:18:09+0200,4bddbab4-20af-41f1-90cc-d649ae7f214d,2026-05-26T00:30:00Z,2026-05-26T02:30:00+0200,91.79,EUR/MWh,BE,BE,imbalance_price,Long,2026-06-20T12:20:56Z
2026-06-20T12:18:09Z,2026-06-20T14:18:09+0200,4bddbab4-20af-41f1-90cc-d649ae7f214d,2026-05-26T00:30:00Z,2026-05-26T02:30:00+0200,91.79,EUR/MWh,BE,BE,imbalance_price,Short,2026-06-20T12:20:56Z
2026-06-20T12:18:09Z,2026-06-20T14:18:09+0200,4bddbab4-20af-41f1-90cc-d649ae7f214d,2026-05-26T00:45:00Z,2026-05-26T02:45:00+0200,95.89,EUR/MWh,BE,BE,imbalance_price,Long,2026-06-20T12:20:56Z
2026-06-20T12:18:09Z,2026-06-20T14:18:09+0200,4bddbab4-20af-41f1-90cc-d649ae7f214d,2026-05-26T00:45:00Z,2026-05-26T02:45:00+0200,95.89,EUR/MWh,BE,BE,imbalance_price,Short,2026-06-20T12:20:56Z
2026-06-20T12:18:09Z,2026-06-20T14:18:09+0200,4bddbab4-20af-41f1-90cc-d649ae7f214d,2026-05-26T01:00:00Z,2026-05-26T03:00:00+0200,64.74,EUR/MWh,BE,BE,imbalance_price,Long,2026-06-20T12:20:56Z
2026-06-20T12:18:09Z,2026-06-20T14:18:09+0200,4bddbab4-20af-41f1-90cc-d649ae7f214d,2026-05-26T01:00:00Z,2026-05-26T03:00:00+0200,64.74,EUR/MWh,BE,BE,imbalance_price,Short,2026-06-20T12:20:56Z
2026-06-20T12:18:09Z,2026-06-20T14:18:09+0200,4bddbab4-20af-41f1-90cc-d649ae7f214d,2026-05-26T01:15:00Z,2026-05-26T03:15:00+0200,93.22,EUR/MWh,BE,BE,imbalance_price,Long,2026-06-20T12:20:56Z
2026-06-20T12:18:09Z,2026-06-20T14:18:09+0200,4bddbab4-20af-41f1-90cc-d649ae7f214d,2026-05-26T01:15:00Z,2026-05-26T03:15:00+0200,93.22,EUR/MWh,BE,BE,imbalance_price,Short,2026-06-20T12:20:56Z
2026-06-20T12:18:09Z,2026-06-20T14:18:09+0200,4bddbab4-20af-41f1-90cc-d649ae7f214d,2026-05-26T01:30:00Z,2026-05-26T03:30:00+0200,100.14,EUR/MWh,BE,BE,imbalance_price,Long,2026-06-20T12:20:56Z
2026-06-20T12:18:09Z,2026-06-20T14:18:09+0200,4bddbab4-20af-41f1-90cc-d649ae7f214d,2026-05-26T01:30:00Z,2026-05-26T03:30:00+0200,100.14,EUR/MWh,BE,BE,imbalance_price,Short,2026-06-20T12:20:56Z
2026-06-20T12:18:09Z,2026-06-20T14:18:09+0200,4bddbab4-20af-41f1-90cc-d649ae7f214d,2026-05-26T01:45:00Z,2026-05-26T03:45:00+0200,115.01,EUR/MWh,BE,BE,imbalance_price,Long,2026-06-20T12:20:56Z
2026-06-20T12:18:09Z,2026-06-20T14:18:09+0200,4bddbab4-20af-41f1-90cc-d649ae7f214d,2026-05-26T01:45:00Z,2026-05-26T03:45:00+0200,115.01,EUR/MWh,BE,BE,imbalance_price,Short,2026-06-20T12:20:56Z
2026-06-20T12:18:09Z,2026-06-20T14:18:09+0200,4bddbab4-20af-41f1-90cc-d649ae7f214d,2026-05-26T02:00:00Z,2026-05-26T04:00:00+0200,127.76,EUR/MWh,BE,BE,imbalance_price,Long,2026-06-20T12:20:56Z
2026-06-20T12:18:09Z,2026-06-20T14:18:09+0200,4bddbab4-20af-41f1-90cc-d649ae7f214d,2026-05-26T02:00:00Z,2026-05-26T04:00:00+0200,127.76,EUR/MWh,BE,BE,imbalance_price,Short,2026-06-20T12:20:56Z
2026-06-20T12:18:09Z,2026-06-20T14:18:09+0200,4bddbab4-20af-41f1-90cc-d649ae7f214d,2026-05-26T02:15:00Z,2026-05-26T04:15:00+0200,109.33,EUR/MWh,BE,BE,imbalance_price,Long,2026-06-20T12:20:56Z
2026-06-20T12:18:09Z,2026-06-20T14:18:09+0200,4bddbab4-20af-41f1-90cc-d649ae7f214d,2026-05-26T02:15:00Z,2026-05-26T04:15:00+0200,109.33,EUR/MWh,BE,BE,imbalance_price,Short,2026-06-20T12:20:56Z
2026-06-20T12:18:09Z,2026-06-20T14:18:09+0200,4bddbab4-20af-41f1-90cc-d649ae7f214d,2026-05-26T02:30:00Z,2026-05-26T04:30:00+0200,112.82,EUR/MWh,BE,BE,imbalance_price,Long,2026-06-20T12:20:56Z
2026-06-20T12:18:09Z,2026-06-20T14:18:09+0200,4bddbab4-20af-41f1-90cc-d649ae7f214d,2026-05-26T02:30:00Z,2026-05-26T04:30:00+0200,112.82,EUR/MWh,BE,BE,imbalance_price,Short,2026-06-20T12:20:56Z
2026-06-20T12:18:09Z,2026-06-20T14:18:09+0200,4bddbab4-20af-41f1-90cc-d649ae7f214d,2026-05-26T02:45:00Z,2026-05-26T04:45:00+0200,121.32,EUR/MWh,BE,BE,imbalance_price,Long,2026-06-20T12:20:56Z
2026-06-20T12:18:09Z,2026-06-20T14:18:09+0200,4bddbab4-20af-41f1-90cc-d649ae7f214d,2026-05-26T02:45:00Z,2026-05-26T04:45:00+0200,121.32,EUR/MWh,BE,BE,imbalance_price,Short,2026-06-20T12:20:56Z
2026-06-20T12:18:09Z,2026-06-20T14:18:09+0200,4bddbab4-20af-41f1-90cc-d649ae7f214d,2026-05-26T03:00:00Z,2026-05-26T05:00:00+0200,120.23,EUR/MWh,BE,BE,imbalance_price,Long,2026-06-20T12:20:56Z
2026-06-20T12:18:09Z,2026-06-20T14:18:09+0200,4bddbab4-20af-41f1-90cc-d649ae7f214d,2026-05-26T03:00:00Z,2026-05-26T05:00:00+0200,120.23,EUR/MWh,BE,BE,imbalance_price,Short,2026-06-20T12:20:56Z
2026-06-20T12:18:09Z,2026-06-20T14:18:09+0200,4bddbab4-20af-41f1-90cc-d649ae7f214d,2026-05-26T03:15:00Z,2026-05-26T05:15:00+0200,100.73,EUR/MWh,BE,BE,imbalance_price,Long,2026-06-20T12:20:56Z
2026-06-20T12:18:09Z,2026-06-20T14:18:09+0200,4bddbab4-20af-41f1-90cc-d649ae7f214d,2026-05-26T03:15:00Z,2026-05-26T05:15:00+0200,100.73,EUR/MWh,BE,BE,imbalance_price,Short,2026-06-20T12:20:56Z
2026-06-20T12:18:09Z,2026-06-20T14:18:09+0200,4bddbab4-20af-41f1-90cc-d649ae7f214d,2026-05-26T03:30:00Z,2026-05-26T05:30:00+0200,100.3,EUR/MWh,BE,BE,imbalance_price,Long,2026-06-20T12:20:56Z
2026-06-20T12:18:09Z,2026-06-20T14:18:09+0200,4bddbab4-20af-41f1-90cc-d649ae7f214d,2026-05-26T03:30:00Z,2026-05-26T05:30:00+0200,100.3,EUR/MWh,BE,BE,imbalance_price,Short,2026-06-20T12:20:56Z
2026-06-20T12:18:09Z,2026-06-20T14:18:09+0200,4bddbab4-20af-41f1-90cc-d649ae7f214d,2026-05-26T03:45:00Z,2026-05-26T05:45:00+0200,120.16,EUR/MWh,BE,BE,imbalance_price,Long,2026-06-20T12:20:56Z
2026-06-20T12:18:09Z,2026-06-20T14:18:09+0200,4bddbab4-20af-41f1-90cc-d649ae7f214d,2026-05-26T03:45:00Z,2026-05-26T05:45:00+0200,120.16,EUR/MWh,BE,BE,imbalance_price,Short,2026-06-20T12:20:56Z
2026-06-20T12:18:09Z,2026-06-20T14:18:09+0200,4bddbab4-20af-41f1-90cc-d649ae7f214d,2026-05-26T04:00:00Z,2026-05-26T06:00:00+0200,135.43,EUR/MWh,BE,BE,imbalance_price,Long,2026-06-20T12:20:56Z
2026-06-20T12:18:09Z,2026-06-20T14:18:09+0200,4bddbab4-20af-41f1-90cc-d649ae7f214d,2026-05-26T04:00:00Z,2026-05-26T06:00:00+0200,135.43,EUR/MWh,BE,BE,imbalance_price,Short,2026-06-20T12:20:56Z
2026-06-20T12:18:09Z,2026-06-20T14:18:09+0200,4bddbab4-20af-41f1-90cc-d649ae7f214d,2026-05-26T04:15:00Z,2026-05-26T06:15:00+0200,134.86,EUR/MWh,BE,BE,imbalance_price,Long,2026-06-20T12:20:56Z
2026-06-20T12:18:09Z,2026-06-20T14:18:09+0200,4bddbab4-20af-41f1-90cc-d649ae7f214d,2026-05-26T04:15:00Z,2026-05-26T06:15:00+0200,134.86,EUR/MWh,BE,BE,imbalance_price,Short,2026-06-20T12:20:56Z
2026-06-20T12:18:09Z,2026-06-20T14:18:09+0200,4bddbab4-20af-41f1-90cc-d649ae7f214d,2026-05-26T04:30:00Z,2026-05-26T06:30:00+0200,119.47,EUR/MWh,BE,BE,imbalance_price,Long,2026-06-20T12:20:56Z
2026-06-20T12:18:09Z,2026-06-20T14:18:09+0200,4bddbab4-20af-41f1-90cc-d649ae7f214d,2026-05-26T04:30:00Z,2026-05-26T06:30:00+0200,119.47,EUR/MWh,BE,BE,imbalance_price,Short,2026-06-20T12:20:56Z
2026-06-20T12:18:09Z,2026-06-20T14:18:09+0200,4bddbab4-20af-41f1-90cc-d649ae7f214d,2026-05-26T04:45:00Z,2026-05-26T06:45:00+0200,119.57,EUR/MWh,BE,BE,imbalance_price,Long,2026-06-20T12:20:56Z
2026-06-20T12:18:09Z,2026-06-20T14:18:09+0200,4bddbab4-20af-41f1-90cc-d649ae7f214d,2026-05-26T04:45:00Z,2026-05-26T06:45:00+0200,119.57,EUR/MWh,BE,BE,imbalance_price,Short,2026-06-20T12:20:56Z
2026-06-20T12:18:09Z,2026-06-20T14:18:09+0200,4bddbab4-20af-41f1-90cc-d649ae7f214d,2026-05-26T05:00:00Z,2026-05-26T07:00:00+0200,131.48,EUR/MWh,BE,BE,imbalance_price,Long,2026-06-20T12:20:56Z
2026-06-20T12:18:09Z,2026-06-20T14:18:09+0200,4bddbab4-20af-41f1-90cc-d649ae7f214d,2026-05-26T05:00:00Z,2026-05-26T07:00:00+0200,131.48,EUR/MWh,BE,BE,imbalance_price,Short,2026-06-20T12:20:56Z
2026-06-20T12:18:09Z,2026-06-20T14:18:09+0200,4bddbab4-20af-41f1-90cc-d649ae7f214d,2026-05-26T05:15:00Z,2026-05-26T07:15:00+0200,121.4,EUR/MWh,BE,BE,imbalance_price,Long,2026-06-20T12:20:56Z
2026-06-20T12:18:09Z,2026-06-20T14:18:09+0200,4bddbab4-20af-41f1-90cc-d649ae7f214d,2026-05-26T05:15:00Z,2026-05-26T07:15:00+0200,121.4,EUR/MWh,BE,BE,imbalance_price,Short,2026-06-20T12:20:56Z
2026-06-20T12:18:09Z,2026-06-20T14:18:09+0200,4bddbab4-20af-41f1-90cc-d649ae7f214d,2026-05-26T05:30:00Z,2026-05-26T07:30:00+0200,121.7,EUR/MWh,BE,BE,imbalance_price,Long,2026-06-20T12:20:56Z
2026-06-20T12:18:09Z,2026-06-20T14:18:09+0200,4bddbab4-20af-41f1-90cc-d649ae7f214d,2026-05-26T05:30:00Z,2026-05-26T07:30:00+0200,121.7,EUR/MWh,BE,BE,imbalance_price,Short,2026-06-20T12:20:56Z
2026-06-20T12:18:09Z,2026-06-20T14:18:09+0200,4bddbab4-20af-41f1-90cc-d649ae7f214d,2026-05-26T05:45:00Z,2026-05-26T07:45:00+0200,113.13,EUR/MWh,BE,BE,imbalance_price,Long,2026-06-20T12:20:56Z
2026-06-20T12:18:09Z,2026-06-20T14:18:09+0200,4bddbab4-20af-41f1-90cc-d649ae7f214d,2026-05-26T05:45:00Z,2026-05-26T07:45:00+0200,113.13,EUR/MWh,BE,BE,imbalance_price,Short,2026-06-20T12:20:56Z
2026-06-20T12:18:09Z,2026-06-20T14:18:09+0200,4bddbab4-20af-41f1-90cc-d649ae7f214d,2026-05-26T06:00:00Z,2026-05-26T08:00:00+0200,103.19,EUR/MWh,BE,BE,imbalance_price,Long,2026-06-20T12:20:56Z
2026-06-20T12:18:09Z,2026-06-20T14:18:09+0200,4bddbab4-20af-41f1-90cc-d649ae7f214d,2026-05-26T06:00:00Z,2026-05-26T08:00:00+0200,103.19,EUR/MWh,BE,BE,imbalance_price,Short,2026-06-20T12:20:56Z
2026-06-20T12:18:09Z,2026-06-20T14:18:09+0200,4bddbab4-20af-41f1-90cc-d649ae7f214d,2026-05-26T06:15:00Z,2026-05-26T08:15:00+0200,143.67,EUR/MWh,BE,BE,imbalance_price,Long,2026-06-20T12:20:56Z
2026-06-20T12:18:09Z,2026-06-20T14:18:09+0200,4bddbab4-20af-41f1-90cc-d649ae7f214d,2026-05-26T06:15:00Z,2026-05-26T08:15:00+0200,143.67,EUR/MWh,BE,BE,imbalance_price,Short,2026-06-20T12:20:56Z
2026-06-20T12:18:09Z,2026-06-20T14:18:09+0200,4bddbab4-20af-41f1-90cc-d649ae7f214d,2026-05-26T06:30:00Z,2026-05-26T08:30:00+0200,134.7,EUR/MWh,BE,BE,imbalance_price,Long,2026-06-20T12:20:56Z
2026-06-20T12:18:09Z,2026-06-20T14:18:09+0200,4bddbab4-20af-41f1-90cc-d649ae7f214d,2026-05-26T06:30:00Z,2026-05-26T08:30:00+0200,134.7,EUR/MWh,BE,BE,imbalance_price,Short,2026-06-20T12:20:56Z
2026-06-20T12:18:09Z,2026-06-20T14:18:09+0200,4bddbab4-20af-41f1-90cc-d649ae7f214d,2026-05-26T06:45:00Z,2026-05-26T08:45:00+0200,140.44,EUR/MWh,BE,BE,imbalance_price,Long,2026-06-20T12:20:56Z
2026-06-20T12:18:09Z,2026-06-20T14:18:09+0200,4bddbab4-20af-41f1-90cc-d649ae7f214d,2026-05-26T06:45:00Z,2026-05-26T08:45:00+0200,140.44,EUR/MWh,BE,BE,imbalance_price,Short,2026-06-20T12:20:56Z
2026-06-20T12:18:09Z,2026-06-20T14:18:09+0200,4bddbab4-20af-41f1-90cc-d649ae7f214d,2026-05-26T07:00:00Z,2026-05-26T09:00:00+0200,167.65,EUR/MWh,BE,BE,imbalance_price,Long,2026-06-20T12:20:56Z
2026-06-20T12:18:09Z,2026-06-20T14:18:09+0200,4bddbab4-20af-41f1-90cc-d649ae7f214d,2026-05-26T07:00:00Z,2026-05-26T09:00:00+0200,167.65,EUR/MWh,BE,BE,imbalance_price,Short,2026-06-20T12:20:56Z
2026-06-20T12:18:09Z,2026-06-20T14:18:09+0200,4bddbab4-20af-41f1-90cc-d649ae7f214d,2026-05-26T07:15:00Z,2026-05-26T09:15:00+0200,99.21,EUR/MWh,BE,BE,imbalance_price,Long,2026-06-20T12:20:56Z
2026-06-20T12:18:09Z,2026-06-20T14:18:09+0200,4bddbab4-20af-41f1-90cc-d649ae7f214d,2026-05-26T07:15:00Z,2026-05-26T09:15:00+0200,99.21,EUR/MWh,BE,BE,imbalance_price,Short,2026-06-20T12:20:56Z
2026-06-20T12:18:09Z,2026-06-20T14:18:09+0200,4bddbab4-20af-41f1-90cc-d649ae7f214d,2026-05-26T07:30:00Z,2026-05-26T09:30:00+0200,93.32,EUR/MWh,BE,BE,imbalance_price,Long,2026-06-20T12:20:56Z
2026-06-20T12:18:09Z,2026-06-20T14:18:09+0200,4bddbab4-20af-41f1-90cc-d649ae7f214d,2026-05-26T07:30:00Z,2026-05-26T09:30:00+0200,93.32,EUR/MWh,BE,BE,imbalance_price,Short,2026-06-20T12:20:56Z
2026-06-20T12:18:09Z,2026-06-20T14:18:09+0200,4bddbab4-20af-41f1-90cc-d649ae7f214d,2026-05-26T07:45:00Z,2026-05-26T09:45:00+0200,56.78,EUR/MWh,BE,BE,imbalance_price,Long,2026-06-20T12:20:56Z
2026-06-20T12:18:09Z,2026-06-20T14:18:09+0200,4bddbab4-20af-41f1-90cc-d649ae7f214d,2026-05-26T07:45:00Z,2026-05-26T09:45:00+0200,56.78,EUR/MWh,BE,BE,imbalance_price,Short,2026-06-20T12:20:56Z
2026-06-20T12:18:09Z,2026-06-20T14:18:09+0200,4bddbab4-20af-41f1-90cc-d649ae7f214d,2026-05-26T08:00:00Z,2026-05-26T10:00:00+0200,8.21,EUR/MWh,BE,BE,imbalance_price,Long,2026-06-20T12:20:56Z
2026-06-20T12:18:09Z,2026-06-20T14:18:09+0200,4bddbab4-20af-41f1-90cc-d649ae7f214d,2026-05-26T08:00:00Z,2026-05-26T10:00:00+0200,8.21,EUR/MWh,BE,BE,imbalance_price,Short,2026-06-20T12:20:56Z
2026-06-20T12:18:09Z,2026-06-20T14:18:09+0200,4bddbab4-20af-41f1-90cc-d649ae7f214d,2026-05-26T08:15:00Z,2026-05-26T10:15:00+0200,5.19,EUR/MWh,BE,BE,imbalance_price,Long,2026-06-20T12:20:56Z
2026-06-20T12:18:09Z,2026-06-20T14:18:09+0200,4bddbab4-20af-41f1-90cc-d649ae7f214d,2026-05-26T08:15:00Z,2026-05-26T10:15:00+0200,5.19,EUR/MWh,BE,BE,imbalance_price,Short,2026-06-20T12:20:56Z
2026-06-20T12:18:09Z,2026-06-20T14:18:09+0200,4bddbab4-20af-41f1-90cc-d649ae7f214d,2026-05-26T08:30:00Z,2026-05-26T10:30:00+0200,11.0,EUR/MWh,BE,BE,imbalance_price,Long,2026-06-20T12:20:56Z
2026-06-20T12:18:09Z,2026-06-20T14:18:09+0200,4bddbab4-20af-41f1-90cc-d649ae7f214d,2026-05-26T08:30:00Z,2026-05-26T10:30:00+0200,11.0,EUR/MWh,BE,BE,imbalance_price,Short,2026-06-20T12:20:56Z
2026-06-20T12:18:09Z,2026-06-20T14:18:09+0200,4bddbab4-20af-41f1-90cc-d649ae7f214d,2026-05-26T08:45:00Z,2026-05-26T10:45:00+0200,11.0,EUR/MWh,BE,BE,imbalance_price,Long,2026-06-20T12:20:56Z
2026-06-20T12:18:09Z,2026-06-20T14:18:09+0200,4bddbab4-20af-41f1-90cc-d649ae7f214d,2026-05-26T08:45:00Z,2026-05-26T10:45:00+0200,11.0,EUR/MWh,BE,BE,imbalance_price,Short,2026-06-20T12:20:56Z
2026-06-20T12:18:09Z,2026-06-20T14:18:09+0200,4bddbab4-20af-41f1-90cc-d649ae7f214d,2026-05-26T09:00:00Z,2026-05-26T11:00:00+0200,50.0,EUR/MWh,BE,BE,imbalance_price,Long,2026-06-20T12:20:56Z
2026-06-20T12:18:09Z,2026-06-20T14:18:09+0200,4bddbab4-20af-41f1-90cc-d649ae7f214d,2026-05-26T09:00:00Z,2026-05-26T11:00:00+0200,50.0,EUR/MWh,BE,BE,imbalance_price,Short,2026-06-20T12:20:56Z
2026-06-20T12:18:09Z,2026-06-20T14:18:09+0200,4bddbab4-20af-41f1-90cc-d649ae7f214d,2026-05-26T09:15:00Z,2026-05-26T11:15:00+0200,51.54,EUR/MWh,BE,BE,imbalance_price,Long,2026-06-20T12:20:56Z
2026-06-20T12:18:09Z,2026-06-20T14:18:09+0200,4bddbab4-20af-41f1-90cc-d649ae7f214d,2026-05-26T09:15:00Z,2026-05-26T11:15:00+0200,51.54,EUR/MWh,BE,BE,imbalance_price,Short,2026-06-20T12:20:56Z
2026-06-20T12:18:09Z,2026-06-20T14:18:09+0200,4bddbab4-20af-41f1-90cc-d649ae7f214d,2026-05-26T09:30:00Z,2026-05-26T11:30:00+0200,98.63,EUR/MWh,BE,BE,imbalance_price,Long,2026-06-20T12:20:56Z
2026-06-20T12:18:09Z,2026-06-20T14:18:09+0200,4bddbab4-20af-41f1-90cc-d649ae7f214d,2026-05-26T09:30:00Z,2026-05-26T11:30:00+0200,98.63,EUR/MWh,BE,BE,imbalance_price,Short,2026-06-20T12:20:56Z
2026-06-20T12:18:09Z,2026-06-20T14:18:09+0200,4bddbab4-20af-41f1-90cc-d649ae7f214d,2026-05-26T09:45:00Z,2026-05-26T11:45:00+0200,50.0,EUR/MWh,BE,BE,imbalance_price,Long,2026-06-20T12:20:56Z
2026-06-20T12:18:09Z,2026-06-20T14:18:09+0200,4bddbab4-20af-41f1-90cc-d649ae7f214d,2026-05-26T09:45:00Z,2026-05-26T11:45:00+0200,50.0,EUR/MWh,BE,BE,imbalance_price,Short,2026-06-20T12:20:56Z
2026-06-20T12:18:09Z,2026-06-20T14:18:09+0200,4bddbab4-20af-41f1-90cc-d649ae7f214d,2026-05-26T10:00:00Z,2026-05-26T12:00:00+0200,30.5,EUR/MWh,BE,BE,imbalance_price,Long,2026-06-20T12:20:56Z
2026-06-20T12:18:09Z,2026-06-20T14:18:09+0200,4bddbab4-20af-41f1-90cc-d649ae7f214d,2026-05-26T10:00:00Z,2026-05-26T12:00:00+0200,30.5,EUR/MWh,BE,BE,imbalance_price,Short,2026-06-20T12:20:56Z
2026-06-20T12:18:09Z,2026-06-20T14:18:09+0200,4bddbab4-20af-41f1-90cc-d649ae7f214d,2026-05-26T10:15:00Z,2026-05-26T12:15:00+0200,30.5,EUR/MWh,BE,BE,imbalance_price,Long,2026-06-20T12:20:56Z
2026-06-20T12:18:09Z,2026-06-20T14:18:09+0200,4bddbab4-20af-41f1-90cc-d649ae7f214d,2026-05-26T10:15:00Z,2026-05-26T12:15:00+0200,30.5,EUR/MWh,BE,BE,imbalance_price,Short,2026-06-20T12:20:56Z
2026-06-20T12:18:09Z,2026-06-20T14:18:09+0200,4bddbab4-20af-41f1-90cc-d649ae7f214d,2026-05-26T10:30:00Z,2026-05-26T12:30:00+0200,35.5,EUR/MWh,BE,BE,imbalance_price,Long,2026-06-20T12:20:56Z
2026-06-20T12:18:09Z,2026-06-20T14:18:09+0200,4bddbab4-20af-41f1-90cc-d649ae7f214d,2026-05-26T10:30:00Z,2026-05-26T12:30:00+0200,35.5,EUR/MWh,BE,BE,imbalance_price,Short,2026-06-20T12:20:56Z
2026-06-20T12:18:09Z,2026-06-20T14:18:09+0200,4bddbab4-20af-41f1-90cc-d649ae7f214d,2026-05-26T10:45:00Z,2026-05-26T12:45:00+0200,20.5,EUR/MWh,BE,BE,imbalance_price,Long,2026-06-20T12:20:56Z
2026-06-20T12:18:09Z,2026-06-20T14:18:09+0200,4bddbab4-20af-41f1-90cc-d649ae7f214d,2026-05-26T10:45:00Z,2026-05-26T12:45:00+0200,20.5,EUR/MWh,BE,BE,imbalance_price,Short,2026-06-20T12:20:56Z
2026-06-20T12:18:09Z,2026-06-20T14:18:09+0200,4bddbab4-20af-41f1-90cc-d649ae7f214d,2026-05-26T11:00:00Z,2026-05-26T13:00:00+0200,30.5,EUR/MWh,BE,BE,imbalance_price,Long,2026-06-20T12:20:56Z
2026-06-20T12:18:09Z,2026-06-20T14:18:09+0200,4bddbab4-20af-41f1-90cc-d649ae7f214d,2026-05-26T11:00:00Z,2026-05-26T13:00:00+0200,30.5,EUR/MWh,BE,BE,imbalance_price,Short,2026-06-20T12:20:56Z
2026-06-20T12:18:09Z,2026-06-20T14:18:09+0200,4bddbab4-20af-41f1-90cc-d649ae7f214d,2026-05-26T11:15:00Z,2026-05-26T13:15:00+0200,20.5,EUR/MWh,BE,BE,imbalance_price,Long,2026-06-20T12:20:56Z
2026-06-20T12:18:09Z,2026-06-20T14:18:09+0200,4bddbab4-20af-41f1-90cc-d649ae7f214d,2026-05-26T11:15:00Z,2026-05-26T13:15:00+0200,20.5,EUR/MWh,BE,BE,imbalance_price,Short,2026-06-20T12:20:56Z
2026-06-20T12:18:09Z,2026-06-20T14:18:09+0200,4bddbab4-20af-41f1-90cc-d649ae7f214d,2026-05-26T11:30:00Z,2026-05-26T13:30:00+0200,11.0,EUR/MWh,BE,BE,imbalance_price,Long,2026-06-20T12:20:56Z
2026-06-20T12:18:09Z,2026-06-20T14:18:09+0200,4bddbab4-20af-41f1-90cc-d649ae7f214d,2026-05-26T11:30:00Z,2026-05-26T13:30:00+0200,11.0,EUR/MWh,BE,BE,imbalance_price,Short,2026-06-20T12:20:56Z
2026-06-20T12:18:09Z,2026-06-20T14:18:09+0200,4bddbab4-20af-41f1-90cc-d649ae7f214d,2026-05-26T11:45:00Z,2026-05-26T13:45:00+0200,11.0,EUR/MWh,BE,BE,imbalance_price,Long,2026-06-20T12:20:56Z
2026-06-20T12:18:09Z,2026-06-20T14:18:09+0200,4bddbab4-20af-41f1-90cc-d649ae7f214d,2026-05-26T11:45:00Z,2026-05-26T13:45:00+0200,11.0,EUR/MWh,BE,BE,imbalance_price,Short,2026-06-20T12:20:56Z
2026-06-20T12:18:09Z,2026-06-20T14:18:09+0200,4bddbab4-20af-41f1-90cc-d649ae7f214d,2026-05-26T12:00:00Z,2026-05-26T14:00:00+0200,30.63,EUR/MWh,BE,BE,imbalance_price,Long,2026-06-20T12:20:56Z
2026-06-20T12:18:09Z,2026-06-20T14:18:09+0200,4bddbab4-20af-41f1-90cc-d649ae7f214d,2026-05-26T12:00:00Z,2026-05-26T14:00:00+0200,30.63,EUR/MWh,BE,BE,imbalance_price,Short,2026-06-20T12:20:56Z
2026-06-20T12:18:09Z,2026-06-20T14:18:09+0200,4bddbab4-20af-41f1-90cc-d649ae7f214d,2026-05-26T12:15:00Z,2026-05-26T14:15:00+0200,68.9,EUR/MWh,BE,BE,imbalance_price,Long,2026-06-20T12:20:56Z
2026-06-20T12:18:09Z,2026-06-20T14:18:09+0200,4bddbab4-20af-41f1-90cc-d649ae7f214d,2026-05-26T12:15:00Z,2026-05-26T14:15:00+0200,68.9,EUR/MWh,BE,BE,imbalance_price,Short,2026-06-20T12:20:56Z
2026-06-20T12:18:09Z,2026-06-20T14:18:09+0200,4bddbab4-20af-41f1-90cc-d649ae7f214d,2026-05-26T12:30:00Z,2026-05-26T14:30:00+0200,64.06,EUR/MWh,BE,BE,imbalance_price,Long,2026-06-20T12:20:56Z
2026-06-20T12:18:09Z,2026-06-20T14:18:09+0200,4bddbab4-20af-41f1-90cc-d649ae7f214d,2026-05-26T12:30:00Z,2026-05-26T14:30:00+0200,64.06,EUR/MWh,BE,BE,imbalance_price,Short,2026-06-20T12:20:56Z
2026-06-20T12:18:09Z,2026-06-20T14:18:09+0200,4bddbab4-20af-41f1-90cc-d649ae7f214d,2026-05-26T12:45:00Z,2026-05-26T14:45:00+0200,18.99,EUR/MWh,BE,BE,imbalance_price,Long,2026-06-20T12:20:56Z
2026-06-20T12:18:09Z,2026-06-20T14:18:09+0200,4bddbab4-20af-41f1-90cc-d649ae7f214d,2026-05-26T12:45:00Z,2026-05-26T14:45:00+0200,18.99,EUR/MWh,BE,BE,imbalance_price,Short,2026-06-20T12:20:56Z
2026-06-20T12:18:09Z,2026-06-20T14:18:09+0200,4bddbab4-20af-41f1-90cc-d649ae7f214d,2026-05-26T13:00:00Z,2026-05-26T15:00:00+0200,11.8,EUR/MWh,BE,BE,imbalance_price,Long,2026-06-20T12:20:56Z
2026-06-20T12:18:09Z,2026-06-20T14:18:09+0200,4bddbab4-20af-41f1-90cc-d649ae7f214d,2026-05-26T13:00:00Z,2026-05-26T15:00:00+0200,11.8,EUR/MWh,BE,BE,imbalance_price,Short,2026-06-20T12:20:56Z
2026-06-20T12:18:09Z,2026-06-20T14:18:09+0200,4bddbab4-20af-41f1-90cc-d649ae7f214d,2026-05-26T13:15:00Z,2026-05-26T15:15:00+0200,19.76,EUR/MWh,BE,BE,imbalance_price,Long,2026-06-20T12:20:56Z
2026-06-20T12:18:09Z,2026-06-20T14:18:09+0200,4bddbab4-20af-41f1-90cc-d649ae7f214d,2026-05-26T13:15:00Z,2026-05-26T15:15:00+0200,19.76,EUR/MWh,BE,BE,imbalance_price,Short,2026-06-20T12:20:56Z
2026-06-20T12:18:09Z,2026-06-20T14:18:09+0200,4bddbab4-20af-41f1-90cc-d649ae7f214d,2026-05-26T13:30:00Z,2026-05-26T15:30:00+0200,20.0,EUR/MWh,BE,BE,imbalance_price,Long,2026-06-20T12:20:56Z
2026-06-20T12:18:09Z,2026-06-20T14:18:09+0200,4bddbab4-20af-41f1-90cc-d649ae7f214d,2026-05-26T13:30:00Z,2026-05-26T15:30:00+0200,20.0,EUR/MWh,BE,BE,imbalance_price,Short,2026-06-20T12:20:56Z
2026-06-20T12:18:09Z,2026-06-20T14:18:09+0200,4bddbab4-20af-41f1-90cc-d649ae7f214d,2026-05-26T13:45:00Z,2026-05-26T15:45:00+0200,20.0,EUR/MWh,BE,BE,imbalance_price,Long,2026-06-20T12:20:56Z
2026-06-20T12:18:09Z,2026-06-20T14:18:09+0200,4bddbab4-20af-41f1-90cc-d649ae7f214d,2026-05-26T13:45:00Z,2026-05-26T15:45:00+0200,20.0,EUR/MWh,BE,BE,imbalance_price,Short,2026-06-20T12:20:56Z
2026-06-20T12:18:09Z,2026-06-20T14:18:09+0200,4bddbab4-20af-41f1-90cc-d649ae7f214d,2026-05-26T14:00:00Z,2026-05-26T16:00:00+0200,20.0,EUR/MWh,BE,BE,imbalance_price,Long,2026-06-20T12:20:56Z
2026-06-20T12:18:09Z,2026-06-20T14:18:09+0200,4bddbab4-20af-41f1-90cc-d649ae7f214d,2026-05-26T14:00:00Z,2026-05-26T16:00:00+0200,20.0,EUR/MWh,BE,BE,imbalance_price,Short,2026-06-20T12:20:56Z
2026-06-20T12:18:09Z,2026-06-20T14:18:09+0200,4bddbab4-20af-41f1-90cc-d649ae7f214d,2026-05-26T14:15:00Z,2026-05-26T16:15:00+0200,87.0,EUR/MWh,BE,BE,imbalance_price,Long,2026-06-20T12:20:56Z
2026-06-20T12:18:09Z,2026-06-20T14:18:09+0200,4bddbab4-20af-41f1-90cc-d649ae7f214d,2026-05-26T14:15:00Z,2026-05-26T16:15:00+0200,87.0,EUR/MWh,BE,BE,imbalance_price,Short,2026-06-20T12:20:56Z
2026-06-20T12:18:09Z,2026-06-20T14:18:09+0200,4bddbab4-20af-41f1-90cc-d649ae7f214d,2026-05-26T14:30:00Z,2026-05-26T16:30:00+0200,111.82,EUR/MWh,BE,BE,imbalance_price,Long,2026-06-20T12:20:56Z
2026-06-20T12:18:09Z,2026-06-20T14:18:09+0200,4bddbab4-20af-41f1-90cc-d649ae7f214d,2026-05-26T14:30:00Z,2026-05-26T16:30:00+0200,111.82,EUR/MWh,BE,BE,imbalance_price,Short,2026-06-20T12:20:56Z
2026-06-20T12:18:09Z,2026-06-20T14:18:09+0200,4bddbab4-20af-41f1-90cc-d649ae7f214d,2026-05-26T14:45:00Z,2026-05-26T16:45:00+0200,129.94,EUR/MWh,BE,BE,imbalance_price,Long,2026-06-20T12:20:56Z
2026-06-20T12:18:09Z,2026-06-20T14:18:09+0200,4bddbab4-20af-41f1-90cc-d649ae7f214d,2026-05-26T14:45:00Z,2026-05-26T16:45:00+0200,129.94,EUR/MWh,BE,BE,imbalance_price,Short,2026-06-20T12:20:56Z
2026-06-20T12:18:09Z,2026-06-20T14:18:09+0200,4bddbab4-20af-41f1-90cc-d649ae7f214d,2026-05-26T15:00:00Z,2026-05-26T17:00:00+0200,151.6,EUR/MWh,BE,BE,imbalance_price,Long,2026-06-20T12:20:56Z
2026-06-20T12:18:09Z,2026-06-20T14:18:09+0200,4bddbab4-20af-41f1-90cc-d649ae7f214d,2026-05-26T15:00:00Z,2026-05-26T17:00:00+0200,151.6,EUR/MWh,BE,BE,imbalance_price,Short,2026-06-20T12:20:56Z
2026-06-20T12:18:09Z,2026-06-20T14:18:09+0200,4bddbab4-20af-41f1-90cc-d649ae7f214d,2026-05-26T15:15:00Z,2026-05-26T17:15:00+0200,153.23,EUR/MWh,BE,BE,imbalance_price,Long,2026-06-20T12:20:56Z
2026-06-20T12:18:09Z,2026-06-20T14:18:09+0200,4bddbab4-20af-41f1-90cc-d649ae7f214d,2026-05-26T15:15:00Z,2026-05-26T17:15:00+0200,153.23,EUR/MWh,BE,BE,imbalance_price,Short,2026-06-20T12:20:56Z
2026-06-20T12:18:09Z,2026-06-20T14:18:09+0200,4bddbab4-20af-41f1-90cc-d649ae7f214d,2026-05-26T15:30:00Z,2026-05-26T17:30:00+0200,163.25,EUR/MWh,BE,BE,imbalance_price,Long,2026-06-20T12:20:56Z
2026-06-20T12:18:09Z,2026-06-20T14:18:09+0200,4bddbab4-20af-41f1-90cc-d649ae7f214d,2026-05-26T15:30:00Z,2026-05-26T17:30:00+0200,163.25,EUR/MWh,BE,BE,imbalance_price,Short,2026-06-20T12:20:56Z
2026-06-20T12:18:09Z,2026-06-20T14:18:09+0200,4bddbab4-20af-41f1-90cc-d649ae7f214d,2026-05-26T15:45:00Z,2026-05-26T17:45:00+0200,162.33,EUR/MWh,BE,BE,imbalance_price,Long,2026-06-20T12:20:56Z
2026-06-20T12:18:09Z,2026-06-20T14:18:09+0200,4bddbab4-20af-41f1-90cc-d649ae7f214d,2026-05-26T15:45:00Z,2026-05-26T17:45:00+0200,162.33,EUR/MWh,BE,BE,imbalance_price,Short,2026-06-20T12:20:56Z
2026-06-20T12:18:09Z,2026-06-20T14:18:09+0200,4bddbab4-20af-41f1-90cc-d649ae7f214d,2026-05-26T16:00:00Z,2026-05-26T18:00:00+0200,168.05,EUR/MWh,BE,BE,imbalance_price,Long,2026-06-20T12:20:56Z
2026-06-20T12:18:09Z,2026-06-20T14:18:09+0200,4bddbab4-20af-41f1-90cc-d649ae7f214d,2026-05-26T16:00:00Z,2026-05-26T18:00:00+0200,168.05,EUR/MWh,BE,BE,imbalance_price,Short,2026-06-20T12:20:56Z
2026-06-20T12:18:09Z,2026-06-20T14:18:09+0200,4bddbab4-20af-41f1-90cc-d649ae7f214d,2026-05-26T16:15:00Z,2026-05-26T18:15:00+0200,180.0,EUR/MWh,BE,BE,imbalance_price,Long,2026-06-20T12:20:56Z
2026-06-20T12:18:09Z,2026-06-20T14:18:09+0200,4bddbab4-20af-41f1-90cc-d649ae7f214d,2026-05-26T16:15:00Z,2026-05-26T18:15:00+0200,180.0,EUR/MWh,BE,BE,imbalance_price,Short,2026-06-20T12:20:56Z
2026-06-20T12:18:09Z,2026-06-20T14:18:09+0200,4bddbab4-20af-41f1-90cc-d649ae7f214d,2026-05-26T16:30:00Z,2026-05-26T18:30:00+0200,200.39,EUR/MWh,BE,BE,imbalance_price,Long,2026-06-20T12:20:56Z
2026-06-20T12:18:09Z,2026-06-20T14:18:09+0200,4bddbab4-20af-41f1-90cc-d649ae7f214d,2026-05-26T16:30:00Z,2026-05-26T18:30:00+0200,200.39,EUR/MWh,BE,BE,imbalance_price,Short,2026-06-20T12:20:56Z
2026-06-20T12:18:09Z,2026-06-20T14:18:09+0200,4bddbab4-20af-41f1-90cc-d649ae7f214d,2026-05-26T16:45:00Z,2026-05-26T18:45:00+0200,143.6,EUR/MWh,BE,BE,imbalance_price,Long,2026-06-20T12:20:56Z
2026-06-20T12:18:09Z,2026-06-20T14:18:09+0200,4bddbab4-20af-41f1-90cc-d649ae7f214d,2026-05-26T16:45:00Z,2026-05-26T18:45:00+0200,143.6,EUR/MWh,BE,BE,imbalance_price,Short,2026-06-20T12:20:56Z
2026-06-20T12:18:09Z,2026-06-20T14:18:09+0200,4bddbab4-20af-41f1-90cc-d649ae7f214d,2026-05-26T17:00:00Z,2026-05-26T19:00:00+0200,178.2,EUR/MWh,BE,BE,imbalance_price,Long,2026-06-20T12:20:56Z
2026-06-20T12:18:09Z,2026-06-20T14:18:09+0200,4bddbab4-20af-41f1-90cc-d649ae7f214d,2026-05-26T17:00:00Z,2026-05-26T19:00:00+0200,178.2,EUR/MWh,BE,BE,imbalance_price,Short,2026-06-20T12:20:56Z
2026-06-20T12:18:09Z,2026-06-20T14:18:09+0200,4bddbab4-20af-41f1-90cc-d649ae7f214d,2026-05-26T17:15:00Z,2026-05-26T19:15:00+0200,213.13,EUR/MWh,BE,BE,imbalance_price,Long,2026-06-20T12:20:56Z
2026-06-20T12:18:09Z,2026-06-20T14:18:09+0200,4bddbab4-20af-41f1-90cc-d649ae7f214d,2026-05-26T17:15:00Z,2026-05-26T19:15:00+0200,213.13,EUR/MWh,BE,BE,imbalance_price,Short,2026-06-20T12:20:56Z
2026-06-20T12:18:09Z,2026-06-20T14:18:09+0200,4bddbab4-20af-41f1-90cc-d649ae7f214d,2026-05-26T17:30:00Z,2026-05-26T19:30:00+0200,220.92,EUR/MWh,BE,BE,imbalance_price,Long,2026-06-20T12:20:56Z
2026-06-20T12:18:09Z,2026-06-20T14:18:09+0200,4bddbab4-20af-41f1-90cc-d649ae7f214d,2026-05-26T17:30:00Z,2026-05-26T19:30:00+0200,220.92,EUR/MWh,BE,BE,imbalance_price,Short,2026-06-20T12:20:56Z
2026-06-20T12:18:09Z,2026-06-20T14:18:09+0200,4bddbab4-20af-41f1-90cc-d649ae7f214d,2026-05-26T17:45:00Z,2026-05-26T19:45:00+0200,274.84,EUR/MWh,BE,BE,imbalance_price,Long,2026-06-20T12:20:56Z
2026-06-20T12:18:09Z,2026-06-20T14:18:09+0200,4bddbab4-20af-41f1-90cc-d649ae7f214d,2026-05-26T17:45:00Z,2026-05-26T19:45:00+0200,274.84,EUR/MWh,BE,BE,imbalance_price,Short,2026-06-20T12:20:56Z
2026-06-20T12:18:09Z,2026-06-20T14:18:09+0200,4bddbab4-20af-41f1-90cc-d649ae7f214d,2026-05-26T18:00:00Z,2026-05-26T20:00:00+0200,201.98,EUR/MWh,BE,BE,imbalance_price,Long,2026-06-20T12:20:56Z
2026-06-20T12:18:09Z,2026-06-20T14:18:09+0200,4bddbab4-20af-41f1-90cc-d649ae7f214d,2026-05-26T18:00:00Z,2026-05-26T20:00:00+0200,201.98,EUR/MWh,BE,BE,imbalance_price,Short,2026-06-20T12:20:56Z
2026-06-20T12:18:09Z,2026-06-20T14:18:09+0200,4bddbab4-20af-41f1-90cc-d649ae7f214d,2026-05-26T18:15:00Z,2026-05-26T20:15:00+0200,302.21,EUR/MWh,BE,BE,imbalance_price,Long,2026-06-20T12:20:56Z
2026-06-20T12:18:09Z,2026-06-20T14:18:09+0200,4bddbab4-20af-41f1-90cc-d649ae7f214d,2026-05-26T18:15:00Z,2026-05-26T20:15:00+0200,302.21,EUR/MWh,BE,BE,imbalance_price,Short,2026-06-20T12:20:56Z
2026-06-20T12:18:09Z,2026-06-20T14:18:09+0200,4bddbab4-20af-41f1-90cc-d649ae7f214d,2026-05-26T18:30:00Z,2026-05-26T20:30:00+0200,341.66,EUR/MWh,BE,BE,imbalance_price,Long,2026-06-20T12:20:56Z
2026-06-20T12:18:09Z,2026-06-20T14:18:09+0200,4bddbab4-20af-41f1-90cc-d649ae7f214d,2026-05-26T18:30:00Z,2026-05-26T20:30:00+0200,341.66,EUR/MWh,BE,BE,imbalance_price,Short,2026-06-20T12:20:56Z
2026-06-20T12:18:09Z,2026-06-20T14:18:09+0200,4bddbab4-20af-41f1-90cc-d649ae7f214d,2026-05-26T18:45:00Z,2026-05-26T20:45:00+0200,329.33,EUR/MWh,BE,BE,imbalance_price,Long,2026-06-20T12:20:56Z
2026-06-20T12:18:09Z,2026-06-20T14:18:09+0200,4bddbab4-20af-41f1-90cc-d649ae7f214d,2026-05-26T18:45:00Z,2026-05-26T20:45:00+0200,329.33,EUR/MWh,BE,BE,imbalance_price,Short,2026-06-20T12:20:56Z
2026-06-20T12:18:09Z,2026-06-20T14:18:09+0200,4bddbab4-20af-41f1-90cc-d649ae7f214d,2026-05-26T19:00:00Z,2026-05-26T21:00:00+0200,217.42,EUR/MWh,BE,BE,imbalance_price,Long,2026-06-20T12:20:56Z
2026-06-20T12:18:09Z,2026-06-20T14:18:09+0200,4bddbab4-20af-41f1-90cc-d649ae7f214d,2026-05-26T19:00:00Z,2026-05-26T21:00:00+0200,217.42,EUR/MWh,BE,BE,imbalance_price,Short,2026-06-20T12:20:56Z
2026-06-20T12:18:09Z,2026-06-20T14:18:09+0200,4bddbab4-20af-41f1-90cc-d649ae7f214d,2026-05-26T19:15:00Z,2026-05-26T21:15:00+0200,193.26,EUR/MWh,BE,BE,imbalance_price,Long,2026-06-20T12:20:56Z
2026-06-20T12:18:09Z,2026-06-20T14:18:09+0200,4bddbab4-20af-41f1-90cc-d649ae7f214d,2026-05-26T19:15:00Z,2026-05-26T21:15:00+0200,193.26,EUR/MWh,BE,BE,imbalance_price,Short,2026-06-20T12:20:56Z
2026-06-20T12:18:09Z,2026-06-20T14:18:09+0200,4bddbab4-20af-41f1-90cc-d649ae7f214d,2026-05-26T19:30:00Z,2026-05-26T21:30:00+0200,212.32,EUR/MWh,BE,BE,imbalance_price,Long,2026-06-20T12:20:56Z
2026-06-20T12:18:09Z,2026-06-20T14:18:09+0200,4bddbab4-20af-41f1-90cc-d649ae7f214d,2026-05-26T19:30:00Z,2026-05-26T21:30:00+0200,212.32,EUR/MWh,BE,BE,imbalance_price,Short,2026-06-20T12:20:56Z
2026-06-20T12:18:09Z,2026-06-20T14:18:09+0200,4bddbab4-20af-41f1-90cc-d649ae7f214d,2026-05-26T19:45:00Z,2026-05-26T21:45:00+0200,195.53,EUR/MWh,BE,BE,imbalance_price,Long,2026-06-20T12:20:56Z
2026-06-20T12:18:09Z,2026-06-20T14:18:09+0200,4bddbab4-20af-41f1-90cc-d649ae7f214d,2026-05-26T19:45:00Z,2026-05-26T21:45:00+0200,195.53,EUR/MWh,BE,BE,imbalance_price,Short,2026-06-20T12:20:56Z
2026-06-20T12:18:09Z,2026-06-20T14:18:09+0200,4bddbab4-20af-41f1-90cc-d649ae7f214d,2026-05-26T20:00:00Z,2026-05-26T22:00:00+0200,173.35,EUR/MWh,BE,BE,imbalance_price,Long,2026-06-20T12:20:56Z
2026-06-20T12:18:09Z,2026-06-20T14:18:09+0200,4bddbab4-20af-41f1-90cc-d649ae7f214d,2026-05-26T20:00:00Z,2026-05-26T22:00:00+0200,173.35,EUR/MWh,BE,BE,imbalance_price,Short,2026-06-20T12:20:56Z
2026-06-20T12:18:09Z,2026-06-20T14:18:09+0200,4bddbab4-20af-41f1-90cc-d649ae7f214d,2026-05-26T20:15:00Z,2026-05-26T22:15:00+0200,180.0,EUR/MWh,BE,BE,imbalance_price,Long,2026-06-20T12:20:56Z
2026-06-20T12:18:09Z,2026-06-20T14:18:09+0200,4bddbab4-20af-41f1-90cc-d649ae7f214d,2026-05-26T20:15:00Z,2026-05-26T22:15:00+0200,180.0,EUR/MWh,BE,BE,imbalance_price,Short,2026-06-20T12:20:56Z
2026-06-20T12:18:09Z,2026-06-20T14:18:09+0200,4bddbab4-20af-41f1-90cc-d649ae7f214d,2026-05-26T20:30:00Z,2026-05-26T22:30:00+0200,128.12,EUR/MWh,BE,BE,imbalance_price,Long,2026-06-20T12:20:56Z
2026-06-20T12:18:09Z,2026-06-20T14:18:09+0200,4bddbab4-20af-41f1-90cc-d649ae7f214d,2026-05-26T20:30:00Z,2026-05-26T22:30:00+0200,128.12,EUR/MWh,BE,BE,imbalance_price,Short,2026-06-20T12:20:56Z
2026-06-20T12:18:09Z,2026-06-20T14:18:09+0200,4bddbab4-20af-41f1-90cc-d649ae7f214d,2026-05-26T20:45:00Z,2026-05-26T22:45:00+0200,122.28,EUR/MWh,BE,BE,imbalance_price,Long,2026-06-20T12:20:56Z
2026-06-20T12:18:09Z,2026-06-20T14:18:09+0200,4bddbab4-20af-41f1-90cc-d649ae7f214d,2026-05-26T20:45:00Z,2026-05-26T22:45:00+0200,122.28,EUR/MWh,BE,BE,imbalance_price,Short,2026-06-20T12:20:56Z
2026-06-20T12:18:09Z,2026-06-20T14:18:09+0200,4bddbab4-20af-41f1-90cc-d649ae7f214d,2026-05-26T21:00:00Z,2026-05-26T23:00:00+0200,119.26,EUR/MWh,BE,BE,imbalance_price,Long,2026-06-20T12:20:56Z
2026-06-20T12:18:09Z,2026-06-20T14:18:09+0200,4bddbab4-20af-41f1-90cc-d649ae7f214d,2026-05-26T21:00:00Z,2026-05-26T23:00:00+0200,119.26,EUR/MWh,BE,BE,imbalance_price,Short,2026-06-20T12:20:56Z
2026-06-20T12:18:09Z,2026-06-20T14:18:09+0200,4bddbab4-20af-41f1-90cc-d649ae7f214d,2026-05-26T21:15:00Z,2026-05-26T23:15:00+0200,118.11,EUR/MWh,BE,BE,imbalance_price,Long,2026-06-20T12:20:56Z
2026-06-20T12:18:09Z,2026-06-20T14:18:09+0200,4bddbab4-20af-41f1-90cc-d649ae7f214d,2026-05-26T21:15:00Z,2026-05-26T23:15:00+0200,118.11,EUR/MWh,BE,BE,imbalance_price,Short,2026-06-20T12:20:56Z
2026-06-20T12:18:09Z,2026-06-20T14:18:09+0200,4bddbab4-20af-41f1-90cc-d649ae7f214d,2026-05-26T21:30:00Z,2026-05-26T23:30:00+0200,120.84,EUR/MWh,BE,BE,imbalance_price,Long,2026-06-20T12:20:56Z
2026-06-20T12:18:09Z,2026-06-20T14:18:09+0200,4bddbab4-20af-41f1-90cc-d649ae7f214d,2026-05-26T21:30:00Z,2026-05-26T23:30:00+0200,120.84,EUR/MWh,BE,BE,imbalance_price,Short,2026-06-20T12:20:56Z
2026-06-20T12:18:09Z,2026-06-20T14:18:09+0200,4bddbab4-20af-41f1-90cc-d649ae7f214d,2026-05-26T21:45:00Z,2026-05-26T23:45:00+0200,138.0,EUR/MWh,BE,BE,imbalance_price,Long,2026-06-20T12:20:56Z
2026-06-20T12:18:09Z,2026-06-20T14:18:09+0200,4bddbab4-20af-41f1-90cc-d649ae7f214d,2026-05-26T21:45:00Z,2026-05-26T23:45:00+0200,138.0,EUR/MWh,BE,BE,imbalance_price,Short,2026-06-20T12:20:56Z
2026-06-20T12:18:09Z,2026-06-20T14:18:09+0200,4bddbab4-20af-41f1-90cc-d649ae7f214d,2026-05-26T22:00:00Z,2026-05-27T00:00:00+0200,128.63,EUR/MWh,BE,BE,imbalance_price,Long,2026-06-20T12:20:56Z
2026-06-20T12:18:09Z,2026-06-20T14:18:09+0200,4bddbab4-20af-41f1-90cc-d649ae7f214d,2026-05-26T22:00:00Z,2026-05-27T00:00:00+0200,128.63,EUR/MWh,BE,BE,imbalance_price,Short,2026-06-20T12:20:56Z
2026-06-20T12:18:09Z,2026-06-20T14:18:09+0200,4bddbab4-20af-41f1-90cc-d649ae7f214d,2026-05-26T22:15:00Z,2026-05-27T00:15:00+0200,112.6,EUR/MWh,BE,BE,imbalance_price,Long,2026-06-20T12:20:56Z
2026-06-20T12:18:09Z,2026-06-20T14:18:09+0200,4bddbab4-20af-41f1-90cc-d649ae7f214d,2026-05-26T22:15:00Z,2026-05-27T00:15:00+0200,112.6,EUR/MWh,BE,BE,imbalance_price,Short,2026-06-20T12:20:56Z
2026-06-20T12:18:09Z,2026-06-20T14:18:09+0200,4bddbab4-20af-41f1-90cc-d649ae7f214d,2026-05-26T22:30:00Z,2026-05-27T00:30:00+0200,149.04,EUR/MWh,BE,BE,imbalance_price,Long,2026-06-20T12:20:56Z
2026-06-20T12:18:09Z,2026-06-20T14:18:09+0200,4bddbab4-20af-41f1-90cc-d649ae7f214d,2026-05-26T22:30:00Z,2026-05-27T00:30:00+0200,149.04,EUR/MWh,BE,BE,imbalance_price,Short,2026-06-20T12:20:56Z
2026-06-20T12:18:09Z,2026-06-20T14:18:09+0200,4bddbab4-20af-41f1-90cc-d649ae7f214d,2026-05-26T22:45:00Z,2026-05-27T00:45:00+0200,146.77,EUR/MWh,BE,BE,imbalance_price,Long,2026-06-20T12:20:56Z
2026-06-20T12:18:09Z,2026-06-20T14:18:09+0200,4bddbab4-20af-41f1-90cc-d649ae7f214d,2026-05-26T22:45:00Z,2026-05-27T00:45:00+0200,146.77,EUR/MWh,BE,BE,imbalance_price,Short,2026-06-20T12:20:56Z
2026-06-20T12:18:09Z,2026-06-20T14:18:09+0200,4bddbab4-20af-41f1-90cc-d649ae7f214d,2026-05-26T23:00:00Z,2026-05-27T01:00:00+0200,115.34,EUR/MWh,BE,BE,imbalance_price,Long,2026-06-20T12:20:56Z
2026-06-20T12:18:09Z,2026-06-20T14:18:09+0200,4bddbab4-20af-41f1-90cc-d649ae7f214d,2026-05-26T23:00:00Z,2026-05-27T01:00:00+0200,115.34,EUR/MWh,BE,BE,imbalance_price,Short,2026-06-20T12:20:56Z
2026-06-20T12:18:09Z,2026-06-20T14:18:09+0200,4bddbab4-20af-41f1-90cc-d649ae7f214d,2026-05-26T23:15:00Z,2026-05-27T01:15:00+0200,168.96,EUR/MWh,BE,BE,imbalance_price,Long,2026-06-20T12:20:56Z
2026-06-20T12:18:09Z,2026-06-20T14:18:09+0200,4bddbab4-20af-41f1-90cc-d649ae7f214d,2026-05-26T23:15:00Z,2026-05-27T01:15:00+0200,168.96,EUR/MWh,BE,BE,imbalance_price,Short,2026-06-20T12:20:56Z
2026-06-20T12:18:09Z,2026-06-20T14:18:09+0200,4bddbab4-20af-41f1-90cc-d649ae7f214d,2026-05-26T23:30:00Z,2026-05-27T01:30:00+0200,119.47,EUR/MWh,BE,BE,imbalance_price,Long,2026-06-20T12:20:56Z
2026-06-20T12:18:09Z,2026-06-20T14:18:09+0200,4bddbab4-20af-41f1-90cc-d649ae7f214d,2026-05-26T23:30:00Z,2026-05-27T01:30:00+0200,119.47,EUR/MWh,BE,BE,imbalance_price,Short,2026-06-20T12:20:56Z
2026-06-20T12:18:09Z,2026-06-20T14:18:09+0200,4bddbab4-20af-41f1-90cc-d649ae7f214d,2026-05-26T23:45:00Z,2026-05-27T01:45:00+0200,122.79,EUR/MWh,BE,BE,imbalance_price,Long,2026-06-20T12:20:56Z
2026-06-20T12:18:09Z,2026-06-20T14:18:09+0200,4bddbab4-20af-41f1-90cc-d649ae7f214d,2026-05-26T23:45:00Z,2026-05-27T01:45:00+0200,122.79,EUR/MWh,BE,BE,imbalance_price,Short,2026-06-20T12:20:56Z
2026-06-20T12:18:09Z,2026-06-20T14:18:09+0200,4bddbab4-20af-41f1-90cc-d649ae7f214d,2026-05-27T00:00:00Z,2026-05-27T02:00:00+0200,150.0,EUR/MWh,BE,BE,imbalance_price,Long,2026-06-20T12:20:56Z
2026-06-20T12:18:09Z,2026-06-20T14:18:09+0200,4bddbab4-20af-41f1-90cc-d649ae7f214d,2026-05-27T00:00:00Z,2026-05-27T02:00:00+0200,150.0,EUR/MWh,BE,BE,imbalance_price,Short,2026-06-20T12:20:56Z
2026-06-20T12:18:09Z,2026-06-20T14:18:09+0200,4bddbab4-20af-41f1-90cc-d649ae7f214d,2026-05-27T00:15:00Z,2026-05-27T02:15:00+0200,153.4,EUR/MWh,BE,BE,imbalance_price,Long,2026-06-20T12:20:56Z
2026-06-20T12:18:09Z,2026-06-20T14:18:09+0200,4bddbab4-20af-41f1-90cc-d649ae7f214d,2026-05-27T00:15:00Z,2026-05-27T02:15:00+0200,153.4,EUR/MWh,BE,BE,imbalance_price,Short,2026-06-20T12:20:56Z
2026-06-20T12:18:09Z,2026-06-20T14:18:09+0200,4bddbab4-20af-41f1-90cc-d649ae7f214d,2026-05-27T00:30:00Z,2026-05-27T02:30:00+0200,139.39,EUR/MWh,BE,BE,imbalance_price,Long,2026-06-20T12:20:56Z
2026-06-20T12:18:09Z,2026-06-20T14:18:09+0200,4bddbab4-20af-41f1-90cc-d649ae7f214d,2026-05-27T00:30:00Z,2026-05-27T02:30:00+0200,139.39,EUR/MWh,BE,BE,imbalance_price,Short,2026-06-20T12:20:56Z
2026-06-20T12:18:09Z,2026-06-20T14:18:09+0200,4bddbab4-20af-41f1-90cc-d649ae7f214d,2026-05-27T00:45:00Z,2026-05-27T02:45:00+0200,122.76,EUR/MWh,BE,BE,imbalance_price,Long,2026-06-20T12:20:56Z
2026-06-20T12:18:09Z,2026-06-20T14:18:09+0200,4bddbab4-20af-41f1-90cc-d649ae7f214d,2026-05-27T00:45:00Z,2026-05-27T02:45:00+0200,122.76,EUR/MWh,BE,BE,imbalance_price,Short,2026-06-20T12:20:56Z
2026-06-20T12:18:09Z,2026-06-20T14:18:09+0200,4bddbab4-20af-41f1-90cc-d649ae7f214d,2026-05-27T01:00:00Z,2026-05-27T03:00:00+0200,123.11,EUR/MWh,BE,BE,imbalance_price,Long,2026-06-20T12:20:56Z
2026-06-20T12:18:09Z,2026-06-20T14:18:09+0200,4bddbab4-20af-41f1-90cc-d649ae7f214d,2026-05-27T01:00:00Z,2026-05-27T03:00:00+0200,123.11,EUR/MWh,BE,BE,imbalance_price,Short,2026-06-20T12:20:56Z
2026-06-20T12:18:09Z,2026-06-20T14:18:09+0200,4bddbab4-20af-41f1-90cc-d649ae7f214d,2026-05-27T01:15:00Z,2026-05-27T03:15:00+0200,123.11,EUR/MWh,BE,BE,imbalance_price,Long,2026-06-20T12:20:56Z
2026-06-20T12:18:09Z,2026-06-20T14:18:09+0200,4bddbab4-20af-41f1-90cc-d649ae7f214d,2026-05-27T01:15:00Z,2026-05-27T03:15:00+0200,123.11,EUR/MWh,BE,BE,imbalance_price,Short,2026-06-20T12:20:56Z
2026-06-20T12:18:09Z,2026-06-20T14:18:09+0200,4bddbab4-20af-41f1-90cc-d649ae7f214d,2026-05-27T01:30:00Z,2026-05-27T03:30:00+0200,125.73,EUR/MWh,BE,BE,imbalance_price,Long,2026-06-20T12:20:56Z
2026-06-20T12:18:09Z,2026-06-20T14:18:09+0200,4bddbab4-20af-41f1-90cc-d649ae7f214d,2026-05-27T01:30:00Z,2026-05-27T03:30:00+0200,125.73,EUR/MWh,BE,BE,imbalance_price,Short,2026-06-20T12:20:56Z
2026-06-20T12:18:09Z,2026-06-20T14:18:09+0200,4bddbab4-20af-41f1-90cc-d649ae7f214d,2026-05-27T01:45:00Z,2026-05-27T03:45:00+0200,126.47,EUR/MWh,BE,BE,imbalance_price,Long,2026-06-20T12:20:56Z
2026-06-20T12:18:09Z,2026-06-20T14:18:09+0200,4bddbab4-20af-41f1-90cc-d649ae7f214d,2026-05-27T01:45:00Z,2026-05-27T03:45:00+0200,126.47,EUR/MWh,BE,BE,imbalance_price,Short,2026-06-20T12:20:56Z
2026-06-20T12:18:09Z,2026-06-20T14:18:09+0200,4bddbab4-20af-41f1-90cc-d649ae7f214d,2026-05-27T02:00:00Z,2026-05-27T04:00:00+0200,121.76,EUR/MWh,BE,BE,imbalance_price,Long,2026-06-20T12:20:56Z
2026-06-20T12:18:09Z,2026-06-20T14:18:09+0200,4bddbab4-20af-41f1-90cc-d649ae7f214d,2026-05-27T02:00:00Z,2026-05-27T04:00:00+0200,121.76,EUR/MWh,BE,BE,imbalance_price,Short,2026-06-20T12:20:56Z
2026-06-20T12:18:09Z,2026-06-20T14:18:09+0200,4bddbab4-20af-41f1-90cc-d649ae7f214d,2026-05-27T02:15:00Z,2026-05-27T04:15:00+0200,122.48,EUR/MWh,BE,BE,imbalance_price,Long,2026-06-20T12:20:56Z
2026-06-20T12:18:09Z,2026-06-20T14:18:09+0200,4bddbab4-20af-41f1-90cc-d649ae7f214d,2026-05-27T02:15:00Z,2026-05-27T04:15:00+0200,122.48,EUR/MWh,BE,BE,imbalance_price,Short,2026-06-20T12:20:56Z
2026-06-20T12:18:09Z,2026-06-20T14:18:09+0200,4bddbab4-20af-41f1-90cc-d649ae7f214d,2026-05-27T02:30:00Z,2026-05-27T04:30:00+0200,115.32,EUR/MWh,BE,BE,imbalance_price,Long,2026-06-20T12:20:56Z
2026-06-20T12:18:09Z,2026-06-20T14:18:09+0200,4bddbab4-20af-41f1-90cc-d649ae7f214d,2026-05-27T02:30:00Z,2026-05-27T04:30:00+0200,115.32,EUR/MWh,BE,BE,imbalance_price,Short,2026-06-20T12:20:56Z
2026-06-20T12:18:09Z,2026-06-20T14:18:09+0200,4bddbab4-20af-41f1-90cc-d649ae7f214d,2026-05-27T02:45:00Z,2026-05-27T04:45:00+0200,133.02,EUR/MWh,BE,BE,imbalance_price,Long,2026-06-20T12:20:56Z
2026-06-20T12:18:09Z,2026-06-20T14:18:09+0200,4bddbab4-20af-41f1-90cc-d649ae7f214d,2026-05-27T02:45:00Z,2026-05-27T04:45:00+0200,133.02,EUR/MWh,BE,BE,imbalance_price,Short,2026-06-20T12:20:56Z
2026-06-20T12:18:09Z,2026-06-20T14:18:09+0200,4bddbab4-20af-41f1-90cc-d649ae7f214d,2026-05-27T03:00:00Z,2026-05-27T05:00:00+0200,121.83,EUR/MWh,BE,BE,imbalance_price,Long,2026-06-20T12:20:56Z
2026-06-20T12:18:09Z,2026-06-20T14:18:09+0200,4bddbab4-20af-41f1-90cc-d649ae7f214d,2026-05-27T03:00:00Z,2026-05-27T05:00:00+0200,121.83,EUR/MWh,BE,BE,imbalance_price,Short,2026-06-20T12:20:56Z
2026-06-20T12:18:09Z,2026-06-20T14:18:09+0200,4bddbab4-20af-41f1-90cc-d649ae7f214d,2026-05-27T03:15:00Z,2026-05-27T05:15:00+0200,128.6,EUR/MWh,BE,BE,imbalance_price,Long,2026-06-20T12:20:56Z
2026-06-20T12:18:09Z,2026-06-20T14:18:09+0200,4bddbab4-20af-41f1-90cc-d649ae7f214d,2026-05-27T03:15:00Z,2026-05-27T05:15:00+0200,128.6,EUR/MWh,BE,BE,imbalance_price,Short,2026-06-20T12:20:56Z
2026-06-20T12:18:09Z,2026-06-20T14:18:09+0200,4bddbab4-20af-41f1-90cc-d649ae7f214d,2026-05-27T03:30:00Z,2026-05-27T05:30:00+0200,138.72,EUR/MWh,BE,BE,imbalance_price,Long,2026-06-20T12:20:56Z
2026-06-20T12:18:09Z,2026-06-20T14:18:09+0200,4bddbab4-20af-41f1-90cc-d649ae7f214d,2026-05-27T03:30:00Z,2026-05-27T05:30:00+0200,138.72,EUR/MWh,BE,BE,imbalance_price,Short,2026-06-20T12:20:56Z
2026-06-20T12:18:09Z,2026-06-20T14:18:09+0200,4bddbab4-20af-41f1-90cc-d649ae7f214d,2026-05-27T03:45:00Z,2026-05-27T05:45:00+0200,142.47,EUR/MWh,BE,BE,imbalance_price,Long,2026-06-20T12:20:56Z
2026-06-20T12:18:09Z,2026-06-20T14:18:09+0200,4bddbab4-20af-41f1-90cc-d649ae7f214d,2026-05-27T03:45:00Z,2026-05-27T05:45:00+0200,142.47,EUR/MWh,BE,BE,imbalance_price,Short,2026-06-20T12:20:56Z
2026-06-20T12:18:09Z,2026-06-20T14:18:09+0200,4bddbab4-20af-41f1-90cc-d649ae7f214d,2026-05-27T04:00:00Z,2026-05-27T06:00:00+0200,151.1,EUR/MWh,BE,BE,imbalance_price,Long,2026-06-20T12:20:56Z
2026-06-20T12:18:09Z,2026-06-20T14:18:09+0200,4bddbab4-20af-41f1-90cc-d649ae7f214d,2026-05-27T04:00:00Z,2026-05-27T06:00:00+0200,151.1,EUR/MWh,BE,BE,imbalance_price,Short,2026-06-20T12:20:56Z
2026-06-20T12:18:09Z,2026-06-20T14:18:09+0200,4bddbab4-20af-41f1-90cc-d649ae7f214d,2026-05-27T04:15:00Z,2026-05-27T06:15:00+0200,148.11,EUR/MWh,BE,BE,imbalance_price,Long,2026-06-20T12:20:56Z
2026-06-20T12:18:09Z,2026-06-20T14:18:09+0200,4bddbab4-20af-41f1-90cc-d649ae7f214d,2026-05-27T04:15:00Z,2026-05-27T06:15:00+0200,148.11,EUR/MWh,BE,BE,imbalance_price,Short,2026-06-20T12:20:56Z
2026-06-20T12:18:09Z,2026-06-20T14:18:09+0200,4bddbab4-20af-41f1-90cc-d649ae7f214d,2026-05-27T04:30:00Z,2026-05-27T06:30:00+0200,141.0,EUR/MWh,BE,BE,imbalance_price,Long,2026-06-20T12:20:56Z
2026-06-20T12:18:09Z,2026-06-20T14:18:09+0200,4bddbab4-20af-41f1-90cc-d649ae7f214d,2026-05-27T04:30:00Z,2026-05-27T06:30:00+0200,141.0,EUR/MWh,BE,BE,imbalance_price,Short,2026-06-20T12:20:56Z
2026-06-20T12:18:09Z,2026-06-20T14:18:09+0200,4bddbab4-20af-41f1-90cc-d649ae7f214d,2026-05-27T04:45:00Z,2026-05-27T06:45:00+0200,130.77,EUR/MWh,BE,BE,imbalance_price,Long,2026-06-20T12:20:56Z
2026-06-20T12:18:09Z,2026-06-20T14:18:09+0200,4bddbab4-20af-41f1-90cc-d649ae7f214d,2026-05-27T04:45:00Z,2026-05-27T06:45:00+0200,130.77,EUR/MWh,BE,BE,imbalance_price,Short,2026-06-20T12:20:56Z
2026-06-20T12:18:09Z,2026-06-20T14:18:09+0200,4bddbab4-20af-41f1-90cc-d649ae7f214d,2026-05-27T05:00:00Z,2026-05-27T07:00:00+0200,118.1,EUR/MWh,BE,BE,imbalance_price,Long,2026-06-20T12:20:56Z
2026-06-20T12:18:09Z,2026-06-20T14:18:09+0200,4bddbab4-20af-41f1-90cc-d649ae7f214d,2026-05-27T05:00:00Z,2026-05-27T07:00:00+0200,118.1,EUR/MWh,BE,BE,imbalance_price,Short,2026-06-20T12:20:56Z
2026-06-20T12:18:09Z,2026-06-20T14:18:09+0200,4bddbab4-20af-41f1-90cc-d649ae7f214d,2026-05-27T05:15:00Z,2026-05-27T07:15:00+0200,60.36,EUR/MWh,BE,BE,imbalance_price,Long,2026-06-20T12:20:56Z
2026-06-20T12:18:09Z,2026-06-20T14:18:09+0200,4bddbab4-20af-41f1-90cc-d649ae7f214d,2026-05-27T05:15:00Z,2026-05-27T07:15:00+0200,60.36,EUR/MWh,BE,BE,imbalance_price,Short,2026-06-20T12:20:56Z
2026-06-20T12:18:09Z,2026-06-20T14:18:09+0200,4bddbab4-20af-41f1-90cc-d649ae7f214d,2026-05-27T05:30:00Z,2026-05-27T07:30:00+0200,106.64,EUR/MWh,BE,BE,imbalance_price,Long,2026-06-20T12:20:56Z
2026-06-20T12:18:09Z,2026-06-20T14:18:09+0200,4bddbab4-20af-41f1-90cc-d649ae7f214d,2026-05-27T05:30:00Z,2026-05-27T07:30:00+0200,106.64,EUR/MWh,BE,BE,imbalance_price,Short,2026-06-20T12:20:56Z
2026-06-20T12:18:09Z,2026-06-20T14:18:09+0200,4bddbab4-20af-41f1-90cc-d649ae7f214d,2026-05-27T05:45:00Z,2026-05-27T07:45:00+0200,97.94,EUR/MWh,BE,BE,imbalance_price,Long,2026-06-20T12:20:56Z
2026-06-20T12:18:09Z,2026-06-20T14:18:09+0200,4bddbab4-20af-41f1-90cc-d649ae7f214d,2026-05-27T05:45:00Z,2026-05-27T07:45:00+0200,97.94,EUR/MWh,BE,BE,imbalance_price,Short,2026-06-20T12:20:56Z
2026-06-20T12:18:09Z,2026-06-20T14:18:09+0200,4bddbab4-20af-41f1-90cc-d649ae7f214d,2026-05-27T06:00:00Z,2026-05-27T08:00:00+0200,76.99,EUR/MWh,BE,BE,imbalance_price,Long,2026-06-20T12:20:56Z
2026-06-20T12:18:09Z,2026-06-20T14:18:09+0200,4bddbab4-20af-41f1-90cc-d649ae7f214d,2026-05-27T06:00:00Z,2026-05-27T08:00:00+0200,76.99,EUR/MWh,BE,BE,imbalance_price,Short,2026-06-20T12:20:56Z
2026-06-20T12:18:09Z,2026-06-20T14:18:09+0200,4bddbab4-20af-41f1-90cc-d649ae7f214d,2026-05-27T06:15:00Z,2026-05-27T08:15:00+0200,105.27,EUR/MWh,BE,BE,imbalance_price,Long,2026-06-20T12:20:56Z
2026-06-20T12:18:09Z,2026-06-20T14:18:09+0200,4bddbab4-20af-41f1-90cc-d649ae7f214d,2026-05-27T06:15:00Z,2026-05-27T08:15:00+0200,105.27,EUR/MWh,BE,BE,imbalance_price,Short,2026-06-20T12:20:56Z
2026-06-20T12:18:09Z,2026-06-20T14:18:09+0200,4bddbab4-20af-41f1-90cc-d649ae7f214d,2026-05-27T06:30:00Z,2026-05-27T08:30:00+0200,112.79,EUR/MWh,BE,BE,imbalance_price,Long,2026-06-20T12:20:56Z
2026-06-20T12:18:09Z,2026-06-20T14:18:09+0200,4bddbab4-20af-41f1-90cc-d649ae7f214d,2026-05-27T06:30:00Z,2026-05-27T08:30:00+0200,112.79,EUR/MWh,BE,BE,imbalance_price,Short,2026-06-20T12:20:56Z
2026-06-20T12:18:09Z,2026-06-20T14:18:09+0200,4bddbab4-20af-41f1-90cc-d649ae7f214d,2026-05-27T06:45:00Z,2026-05-27T08:45:00+0200,131.4,EUR/MWh,BE,BE,imbalance_price,Long,2026-06-20T12:20:56Z
2026-06-20T12:18:09Z,2026-06-20T14:18:09+0200,4bddbab4-20af-41f1-90cc-d649ae7f214d,2026-05-27T06:45:00Z,2026-05-27T08:45:00+0200,131.4,EUR/MWh,BE,BE,imbalance_price,Short,2026-06-20T12:20:56Z
2026-06-20T12:18:09Z,2026-06-20T14:18:09+0200,4bddbab4-20af-41f1-90cc-d649ae7f214d,2026-05-27T07:00:00Z,2026-05-27T09:00:00+0200,150.17,EUR/MWh,BE,BE,imbalance_price,Long,2026-06-20T12:20:56Z
2026-06-20T12:18:09Z,2026-06-20T14:18:09+0200,4bddbab4-20af-41f1-90cc-d649ae7f214d,2026-05-27T07:00:00Z,2026-05-27T09:00:00+0200,150.17,EUR/MWh,BE,BE,imbalance_price,Short,2026-06-20T12:20:56Z
2026-06-20T12:18:09Z,2026-06-20T14:18:09+0200,4bddbab4-20af-41f1-90cc-d649ae7f214d,2026-05-27T07:15:00Z,2026-05-27T09:15:00+0200,65.84,EUR/MWh,BE,BE,imbalance_price,Long,2026-06-20T12:20:56Z
2026-06-20T12:18:09Z,2026-06-20T14:18:09+0200,4bddbab4-20af-41f1-90cc-d649ae7f214d,2026-05-27T07:15:00Z,2026-05-27T09:15:00+0200,65.84,EUR/MWh,BE,BE,imbalance_price,Short,2026-06-20T12:20:56Z
2026-06-20T12:18:09Z,2026-06-20T14:18:09+0200,4bddbab4-20af-41f1-90cc-d649ae7f214d,2026-05-27T07:30:00Z,2026-05-27T09:30:00+0200,59.63,EUR/MWh,BE,BE,imbalance_price,Long,2026-06-20T12:20:56Z
2026-06-20T12:18:09Z,2026-06-20T14:18:09+0200,4bddbab4-20af-41f1-90cc-d649ae7f214d,2026-05-27T07:30:00Z,2026-05-27T09:30:00+0200,59.63,EUR/MWh,BE,BE,imbalance_price,Short,2026-06-20T12:20:56Z
2026-06-20T12:18:09Z,2026-06-20T14:18:09+0200,4bddbab4-20af-41f1-90cc-d649ae7f214d,2026-05-27T07:45:00Z,2026-05-27T09:45:00+0200,17.2,EUR/MWh,BE,BE,imbalance_price,Long,2026-06-20T12:20:56Z
2026-06-20T12:18:09Z,2026-06-20T14:18:09+0200,4bddbab4-20af-41f1-90cc-d649ae7f214d,2026-05-27T07:45:00Z,2026-05-27T09:45:00+0200,17.2,EUR/MWh,BE,BE,imbalance_price,Short,2026-06-20T12:20:56Z
2026-06-20T12:18:09Z,2026-06-20T14:18:09+0200,4bddbab4-20af-41f1-90cc-d649ae7f214d,2026-05-27T08:00:00Z,2026-05-27T10:00:00+0200,15.1,EUR/MWh,BE,BE,imbalance_price,Long,2026-06-20T12:20:56Z
2026-06-20T12:18:09Z,2026-06-20T14:18:09+0200,4bddbab4-20af-41f1-90cc-d649ae7f214d,2026-05-27T08:00:00Z,2026-05-27T10:00:00+0200,15.1,EUR/MWh,BE,BE,imbalance_price,Short,2026-06-20T12:20:56Z
2026-06-20T12:18:09Z,2026-06-20T14:18:09+0200,4bddbab4-20af-41f1-90cc-d649ae7f214d,2026-05-27T08:15:00Z,2026-05-27T10:15:00+0200,4.56,EUR/MWh,BE,BE,imbalance_price,Long,2026-06-20T12:20:56Z
2026-06-20T12:18:09Z,2026-06-20T14:18:09+0200,4bddbab4-20af-41f1-90cc-d649ae7f214d,2026-05-27T08:15:00Z,2026-05-27T10:15:00+0200,4.56,EUR/MWh,BE,BE,imbalance_price,Short,2026-06-20T12:20:56Z
2026-06-20T12:18:09Z,2026-06-20T14:18:09+0200,4bddbab4-20af-41f1-90cc-d649ae7f214d,2026-05-27T08:30:00Z,2026-05-27T10:30:00+0200,-11.66,EUR/MWh,BE,BE,imbalance_price,Long,2026-06-20T12:20:56Z
2026-06-20T12:18:09Z,2026-06-20T14:18:09+0200,4bddbab4-20af-41f1-90cc-d649ae7f214d,2026-05-27T08:30:00Z,2026-05-27T10:30:00+0200,-11.66,EUR/MWh,BE,BE,imbalance_price,Short,2026-06-20T12:20:56Z
2026-06-20T12:18:09Z,2026-06-20T14:18:09+0200,4bddbab4-20af-41f1-90cc-d649ae7f214d,2026-05-27T08:45:00Z,2026-05-27T10:45:00+0200,3.11,EUR/MWh,BE,BE,imbalance_price,Long,2026-06-20T12:20:56Z
2026-06-20T12:18:09Z,2026-06-20T14:18:09+0200,4bddbab4-20af-41f1-90cc-d649ae7f214d,2026-05-27T08:45:00Z,2026-05-27T10:45:00+0200,3.11,EUR/MWh,BE,BE,imbalance_price,Short,2026-06-20T12:20:56Z
2026-06-20T12:18:09Z,2026-06-20T14:18:09+0200,4bddbab4-20af-41f1-90cc-d649ae7f214d,2026-05-27T09:00:00Z,2026-05-27T11:00:00+0200,0.28,EUR/MWh,BE,BE,imbalance_price,Long,2026-06-20T12:20:56Z
2026-06-20T12:18:09Z,2026-06-20T14:18:09+0200,4bddbab4-20af-41f1-90cc-d649ae7f214d,2026-05-27T09:00:00Z,2026-05-27T11:00:00+0200,0.28,EUR/MWh,BE,BE,imbalance_price,Short,2026-06-20T12:20:56Z
2026-06-20T12:18:09Z,2026-06-20T14:18:09+0200,4bddbab4-20af-41f1-90cc-d649ae7f214d,2026-05-27T09:15:00Z,2026-05-27T11:15:00+0200,-0.43,EUR/MWh,BE,BE,imbalance_price,Long,2026-06-20T12:20:56Z
2026-06-20T12:18:09Z,2026-06-20T14:18:09+0200,4bddbab4-20af-41f1-90cc-d649ae7f214d,2026-05-27T09:15:00Z,2026-05-27T11:15:00+0200,-0.43,EUR/MWh,BE,BE,imbalance_price,Short,2026-06-20T12:20:56Z
2026-06-20T12:18:09Z,2026-06-20T14:18:09+0200,4bddbab4-20af-41f1-90cc-d649ae7f214d,2026-05-27T09:30:00Z,2026-05-27T11:30:00+0200,-2.19,EUR/MWh,BE,BE,imbalance_price,Long,2026-06-20T12:20:56Z
2026-06-20T12:18:09Z,2026-06-20T14:18:09+0200,4bddbab4-20af-41f1-90cc-d649ae7f214d,2026-05-27T09:30:00Z,2026-05-27T11:30:00+0200,-2.19,EUR/MWh,BE,BE,imbalance_price,Short,2026-06-20T12:20:56Z
2026-06-20T12:18:09Z,2026-06-20T14:18:09+0200,4bddbab4-20af-41f1-90cc-d649ae7f214d,2026-05-27T09:45:00Z,2026-05-27T11:45:00+0200,-0.32,EUR/MWh,BE,BE,imbalance_price,Long,2026-06-20T12:20:56Z
2026-06-20T12:18:09Z,2026-06-20T14:18:09+0200,4bddbab4-20af-41f1-90cc-d649ae7f214d,2026-05-27T09:45:00Z,2026-05-27T11:45:00+0200,-0.32,EUR/MWh,BE,BE,imbalance_price,Short,2026-06-20T12:20:56Z
2026-06-20T12:18:09Z,2026-06-20T14:18:09+0200,4bddbab4-20af-41f1-90cc-d649ae7f214d,2026-05-27T10:00:00Z,2026-05-27T12:00:00+0200,-0.54,EUR/MWh,BE,BE,imbalance_price,Long,2026-06-20T12:20:56Z
2026-06-20T12:18:09Z,2026-06-20T14:18:09+0200,4bddbab4-20af-41f1-90cc-d649ae7f214d,2026-05-27T10:00:00Z,2026-05-27T12:00:00+0200,-0.54,EUR/MWh,BE,BE,imbalance_price,Short,2026-06-20T12:20:56Z
2026-06-20T12:18:09Z,2026-06-20T14:18:09+0200,4bddbab4-20af-41f1-90cc-d649ae7f214d,2026-05-27T10:15:00Z,2026-05-27T12:15:00+0200,16.62,EUR/MWh,BE,BE,imbalance_price,Long,2026-06-20T12:20:56Z
2026-06-20T12:18:09Z,2026-06-20T14:18:09+0200,4bddbab4-20af-41f1-90cc-d649ae7f214d,2026-05-27T10:15:00Z,2026-05-27T12:15:00+0200,16.62,EUR/MWh,BE,BE,imbalance_price,Short,2026-06-20T12:20:56Z
2026-06-20T12:18:09Z,2026-06-20T14:18:09+0200,4bddbab4-20af-41f1-90cc-d649ae7f214d,2026-05-27T10:30:00Z,2026-05-27T12:30:00+0200,0.4,EUR/MWh,BE,BE,imbalance_price,Long,2026-06-20T12:20:56Z
2026-06-20T12:18:09Z,2026-06-20T14:18:09+0200,4bddbab4-20af-41f1-90cc-d649ae7f214d,2026-05-27T10:30:00Z,2026-05-27T12:30:00+0200,0.4,EUR/MWh,BE,BE,imbalance_price,Short,2026-06-20T12:20:56Z
2026-06-20T12:18:09Z,2026-06-20T14:18:09+0200,4bddbab4-20af-41f1-90cc-d649ae7f214d,2026-05-27T10:45:00Z,2026-05-27T12:45:00+0200,2.78,EUR/MWh,BE,BE,imbalance_price,Long,2026-06-20T12:20:56Z
2026-06-20T12:18:09Z,2026-06-20T14:18:09+0200,4bddbab4-20af-41f1-90cc-d649ae7f214d,2026-05-27T10:45:00Z,2026-05-27T12:45:00+0200,2.78,EUR/MWh,BE,BE,imbalance_price,Short,2026-06-20T12:20:56Z
2026-06-20T12:18:09Z,2026-06-20T14:18:09+0200,4bddbab4-20af-41f1-90cc-d649ae7f214d,2026-05-27T11:00:00Z,2026-05-27T13:00:00+0200,-0.27,EUR/MWh,BE,BE,imbalance_price,Long,2026-06-20T12:20:56Z
2026-06-20T12:18:09Z,2026-06-20T14:18:09+0200,4bddbab4-20af-41f1-90cc-d649ae7f214d,2026-05-27T11:00:00Z,2026-05-27T13:00:00+0200,-0.27,EUR/MWh,BE,BE,imbalance_price,Short,2026-06-20T12:20:56Z
2026-06-20T12:18:09Z,2026-06-20T14:18:09+0200,4bddbab4-20af-41f1-90cc-d649ae7f214d,2026-05-27T11:15:00Z,2026-05-27T13:15:00+0200,7.79,EUR/MWh,BE,BE,imbalance_price,Long,2026-06-20T12:20:56Z
2026-06-20T12:18:09Z,2026-06-20T14:18:09+0200,4bddbab4-20af-41f1-90cc-d649ae7f214d,2026-05-27T11:15:00Z,2026-05-27T13:15:00+0200,7.79,EUR/MWh,BE,BE,imbalance_price,Short,2026-06-20T12:20:56Z
2026-06-20T12:18:09Z,2026-06-20T14:18:09+0200,4bddbab4-20af-41f1-90cc-d649ae7f214d,2026-05-27T11:30:00Z,2026-05-27T13:30:00+0200,-0.16,EUR/MWh,BE,BE,imbalance_price,Long,2026-06-20T12:20:56Z
2026-06-20T12:18:09Z,2026-06-20T14:18:09+0200,4bddbab4-20af-41f1-90cc-d649ae7f214d,2026-05-27T11:30:00Z,2026-05-27T13:30:00+0200,-0.16,EUR/MWh,BE,BE,imbalance_price,Short,2026-06-20T12:20:56Z
2026-06-20T12:18:09Z,2026-06-20T14:18:09+0200,4bddbab4-20af-41f1-90cc-d649ae7f214d,2026-05-27T11:45:00Z,2026-05-27T13:45:00+0200,9.77,EUR/MWh,BE,BE,imbalance_price,Long,2026-06-20T12:20:56Z
2026-06-20T12:18:09Z,2026-06-20T14:18:09+0200,4bddbab4-20af-41f1-90cc-d649ae7f214d,2026-05-27T11:45:00Z,2026-05-27T13:45:00+0200,9.77,EUR/MWh,BE,BE,imbalance_price,Short,2026-06-20T12:20:56Z
2026-06-20T12:18:09Z,2026-06-20T14:18:09+0200,4bddbab4-20af-41f1-90cc-d649ae7f214d,2026-05-27T12:00:00Z,2026-05-27T14:00:00+0200,10.37,EUR/MWh,BE,BE,imbalance_price,Long,2026-06-20T12:20:56Z
2026-06-20T12:18:09Z,2026-06-20T14:18:09+0200,4bddbab4-20af-41f1-90cc-d649ae7f214d,2026-05-27T12:00:00Z,2026-05-27T14:00:00+0200,10.37,EUR/MWh,BE,BE,imbalance_price,Short,2026-06-20T12:20:56Z
2026-06-20T12:18:09Z,2026-06-20T14:18:09+0200,4bddbab4-20af-41f1-90cc-d649ae7f214d,2026-05-27T12:15:00Z,2026-05-27T14:15:00+0200,63.91,EUR/MWh,BE,BE,imbalance_price,Long,2026-06-20T12:20:56Z
2026-06-20T12:18:09Z,2026-06-20T14:18:09+0200,4bddbab4-20af-41f1-90cc-d649ae7f214d,2026-05-27T12:15:00Z,2026-05-27T14:15:00+0200,63.91,EUR/MWh,BE,BE,imbalance_price,Short,2026-06-20T12:20:56Z
2026-06-20T12:18:09Z,2026-06-20T14:18:09+0200,4bddbab4-20af-41f1-90cc-d649ae7f214d,2026-05-27T12:30:00Z,2026-05-27T14:30:00+0200,-0.44,EUR/MWh,BE,BE,imbalance_price,Long,2026-06-20T12:20:56Z
2026-06-20T12:18:09Z,2026-06-20T14:18:09+0200,4bddbab4-20af-41f1-90cc-d649ae7f214d,2026-05-27T12:30:00Z,2026-05-27T14:30:00+0200,-0.44,EUR/MWh,BE,BE,imbalance_price,Short,2026-06-20T12:20:56Z
2026-06-20T12:18:09Z,2026-06-20T14:18:09+0200,4bddbab4-20af-41f1-90cc-d649ae7f214d,2026-05-27T12:45:00Z,2026-05-27T14:45:00+0200,1.03,EUR/MWh,BE,BE,imbalance_price,Long,2026-06-20T12:20:56Z
2026-06-20T12:18:09Z,2026-06-20T14:18:09+0200,4bddbab4-20af-41f1-90cc-d649ae7f214d,2026-05-27T12:45:00Z,2026-05-27T14:45:00+0200,1.03,EUR/MWh,BE,BE,imbalance_price,Short,2026-06-20T12:20:56Z
2026-06-20T12:18:09Z,2026-06-20T14:18:09+0200,4bddbab4-20af-41f1-90cc-d649ae7f214d,2026-05-27T13:00:00Z,2026-05-27T15:00:00+0200,-0.74,EUR/MWh,BE,BE,imbalance_price,Long,2026-06-20T12:20:56Z
2026-06-20T12:18:09Z,2026-06-20T14:18:09+0200,4bddbab4-20af-41f1-90cc-d649ae7f214d,2026-05-27T13:00:00Z,2026-05-27T15:00:00+0200,-0.74,EUR/MWh,BE,BE,imbalance_price,Short,2026-06-20T12:20:56Z
2026-06-20T12:18:09Z,2026-06-20T14:18:09+0200,4bddbab4-20af-41f1-90cc-d649ae7f214d,2026-05-27T13:15:00Z,2026-05-27T15:15:00+0200,2.03,EUR/MWh,BE,BE,imbalance_price,Long,2026-06-20T12:20:56Z
2026-06-20T12:18:09Z,2026-06-20T14:18:09+0200,4bddbab4-20af-41f1-90cc-d649ae7f214d,2026-05-27T13:15:00Z,2026-05-27T15:15:00+0200,2.03,EUR/MWh,BE,BE,imbalance_price,Short,2026-06-20T12:20:56Z
2026-06-20T12:18:09Z,2026-06-20T14:18:09+0200,4bddbab4-20af-41f1-90cc-d649ae7f214d,2026-05-27T13:30:00Z,2026-05-27T15:30:00+0200,37.24,EUR/MWh,BE,BE,imbalance_price,Long,2026-06-20T12:20:56Z
2026-06-20T12:18:09Z,2026-06-20T14:18:09+0200,4bddbab4-20af-41f1-90cc-d649ae7f214d,2026-05-27T13:30:00Z,2026-05-27T15:30:00+0200,37.24,EUR/MWh,BE,BE,imbalance_price,Short,2026-06-20T12:20:56Z
2026-06-20T12:18:09Z,2026-06-20T14:18:09+0200,4bddbab4-20af-41f1-90cc-d649ae7f214d,2026-05-27T13:45:00Z,2026-05-27T15:45:00+0200,30.24,EUR/MWh,BE,BE,imbalance_price,Long,2026-06-20T12:20:56Z
2026-06-20T12:18:09Z,2026-06-20T14:18:09+0200,4bddbab4-20af-41f1-90cc-d649ae7f214d,2026-05-27T13:45:00Z,2026-05-27T15:45:00+0200,30.24,EUR/MWh,BE,BE,imbalance_price,Short,2026-06-20T12:20:56Z
2026-06-20T12:18:09Z,2026-06-20T14:18:09+0200,4bddbab4-20af-41f1-90cc-d649ae7f214d,2026-05-27T14:00:00Z,2026-05-27T16:00:00+0200,30.84,EUR/MWh,BE,BE,imbalance_price,Long,2026-06-20T12:20:56Z
2026-06-20T12:18:09Z,2026-06-20T14:18:09+0200,4bddbab4-20af-41f1-90cc-d649ae7f214d,2026-05-27T14:00:00Z,2026-05-27T16:00:00+0200,30.84,EUR/MWh,BE,BE,imbalance_price,Short,2026-06-20T12:20:56Z
2026-06-20T12:18:09Z,2026-06-20T14:18:09+0200,4bddbab4-20af-41f1-90cc-d649ae7f214d,2026-05-27T14:15:00Z,2026-05-27T16:15:00+0200,97.51,EUR/MWh,BE,BE,imbalance_price,Long,2026-06-20T12:20:56Z
2026-06-20T12:18:09Z,2026-06-20T14:18:09+0200,4bddbab4-20af-41f1-90cc-d649ae7f214d,2026-05-27T14:15:00Z,2026-05-27T16:15:00+0200,97.51,EUR/MWh,BE,BE,imbalance_price,Short,2026-06-20T12:20:56Z
2026-06-20T12:18:09Z,2026-06-20T14:18:09+0200,4bddbab4-20af-41f1-90cc-d649ae7f214d,2026-05-27T14:30:00Z,2026-05-27T16:30:00+0200,52.74,EUR/MWh,BE,BE,imbalance_price,Long,2026-06-20T12:20:56Z
2026-06-20T12:18:09Z,2026-06-20T14:18:09+0200,4bddbab4-20af-41f1-90cc-d649ae7f214d,2026-05-27T14:30:00Z,2026-05-27T16:30:00+0200,52.74,EUR/MWh,BE,BE,imbalance_price,Short,2026-06-20T12:20:56Z
2026-06-20T12:18:09Z,2026-06-20T14:18:09+0200,4bddbab4-20af-41f1-90cc-d649ae7f214d,2026-05-27T14:45:00Z,2026-05-27T16:45:00+0200,57.18,EUR/MWh,BE,BE,imbalance_price,Long,2026-06-20T12:20:56Z
2026-06-20T12:18:09Z,2026-06-20T14:18:09+0200,4bddbab4-20af-41f1-90cc-d649ae7f214d,2026-05-27T14:45:00Z,2026-05-27T16:45:00+0200,57.18,EUR/MWh,BE,BE,imbalance_price,Short,2026-06-20T12:20:56Z
2026-06-20T12:18:09Z,2026-06-20T14:18:09+0200,4bddbab4-20af-41f1-90cc-d649ae7f214d,2026-05-27T15:00:00Z,2026-05-27T17:00:00+0200,107.1,EUR/MWh,BE,BE,imbalance_price,Long,2026-06-20T12:20:56Z
2026-06-20T12:18:09Z,2026-06-20T14:18:09+0200,4bddbab4-20af-41f1-90cc-d649ae7f214d,2026-05-27T15:00:00Z,2026-05-27T17:00:00+0200,107.1,EUR/MWh,BE,BE,imbalance_price,Short,2026-06-20T12:20:56Z
2026-06-20T12:18:09Z,2026-06-20T14:18:09+0200,4bddbab4-20af-41f1-90cc-d649ae7f214d,2026-05-27T15:15:00Z,2026-05-27T17:15:00+0200,95.4,EUR/MWh,BE,BE,imbalance_price,Long,2026-06-20T12:20:56Z
2026-06-20T12:18:09Z,2026-06-20T14:18:09+0200,4bddbab4-20af-41f1-90cc-d649ae7f214d,2026-05-27T15:15:00Z,2026-05-27T17:15:00+0200,95.4,EUR/MWh,BE,BE,imbalance_price,Short,2026-06-20T12:20:56Z
2026-06-20T12:18:09Z,2026-06-20T14:18:09+0200,4bddbab4-20af-41f1-90cc-d649ae7f214d,2026-05-27T15:30:00Z,2026-05-27T17:30:00+0200,104.5,EUR/MWh,BE,BE,imbalance_price,Long,2026-06-20T12:20:56Z
2026-06-20T12:18:09Z,2026-06-20T14:18:09+0200,4bddbab4-20af-41f1-90cc-d649ae7f214d,2026-05-27T15:30:00Z,2026-05-27T17:30:00+0200,104.5,EUR/MWh,BE,BE,imbalance_price,Short,2026-06-20T12:20:56Z
2026-06-20T12:18:09Z,2026-06-20T14:18:09+0200,4bddbab4-20af-41f1-90cc-d649ae7f214d,2026-05-27T15:45:00Z,2026-05-27T17:45:00+0200,98.28,EUR/MWh,BE,BE,imbalance_price,Long,2026-06-20T12:20:56Z
2026-06-20T12:18:09Z,2026-06-20T14:18:09+0200,4bddbab4-20af-41f1-90cc-d649ae7f214d,2026-05-27T15:45:00Z,2026-05-27T17:45:00+0200,98.28,EUR/MWh,BE,BE,imbalance_price,Short,2026-06-20T12:20:56Z
2026-06-20T12:18:09Z,2026-06-20T14:18:09+0200,4bddbab4-20af-41f1-90cc-d649ae7f214d,2026-05-27T16:00:00Z,2026-05-27T18:00:00+0200,98.33,EUR/MWh,BE,BE,imbalance_price,Long,2026-06-20T12:20:56Z
2026-06-20T12:18:09Z,2026-06-20T14:18:09+0200,4bddbab4-20af-41f1-90cc-d649ae7f214d,2026-05-27T16:00:00Z,2026-05-27T18:00:00+0200,98.33,EUR/MWh,BE,BE,imbalance_price,Short,2026-06-20T12:20:56Z
2026-06-20T12:18:09Z,2026-06-20T14:18:09+0200,4bddbab4-20af-41f1-90cc-d649ae7f214d,2026-05-27T16:15:00Z,2026-05-27T18:15:00+0200,114.81,EUR/MWh,BE,BE,imbalance_price,Long,2026-06-20T12:20:56Z
2026-06-20T12:18:09Z,2026-06-20T14:18:09+0200,4bddbab4-20af-41f1-90cc-d649ae7f214d,2026-05-27T16:15:00Z,2026-05-27T18:15:00+0200,114.81,EUR/MWh,BE,BE,imbalance_price,Short,2026-06-20T12:20:56Z
2026-06-20T12:18:09Z,2026-06-20T14:18:09+0200,4bddbab4-20af-41f1-90cc-d649ae7f214d,2026-05-27T16:30:00Z,2026-05-27T18:30:00+0200,131.26,EUR/MWh,BE,BE,imbalance_price,Long,2026-06-20T12:20:56Z
2026-06-20T12:18:09Z,2026-06-20T14:18:09+0200,4bddbab4-20af-41f1-90cc-d649ae7f214d,2026-05-27T16:30:00Z,2026-05-27T18:30:00+0200,131.26,EUR/MWh,BE,BE,imbalance_price,Short,2026-06-20T12:20:56Z
2026-06-20T12:18:09Z,2026-06-20T14:18:09+0200,4bddbab4-20af-41f1-90cc-d649ae7f214d,2026-05-27T16:45:00Z,2026-05-27T18:45:00+0200,131.12,EUR/MWh,BE,BE,imbalance_price,Long,2026-06-20T12:20:56Z
2026-06-20T12:18:09Z,2026-06-20T14:18:09+0200,4bddbab4-20af-41f1-90cc-d649ae7f214d,2026-05-27T16:45:00Z,2026-05-27T18:45:00+0200,131.12,EUR/MWh,BE,BE,imbalance_price,Short,2026-06-20T12:20:56Z
2026-06-20T12:18:09Z,2026-06-20T14:18:09+0200,4bddbab4-20af-41f1-90cc-d649ae7f214d,2026-05-27T17:00:00Z,2026-05-27T19:00:00+0200,130.51,EUR/MWh,BE,BE,imbalance_price,Long,2026-06-20T12:20:56Z
2026-06-20T12:18:09Z,2026-06-20T14:18:09+0200,4bddbab4-20af-41f1-90cc-d649ae7f214d,2026-05-27T17:00:00Z,2026-05-27T19:00:00+0200,130.51,EUR/MWh,BE,BE,imbalance_price,Short,2026-06-20T12:20:56Z
2026-06-20T12:18:09Z,2026-06-20T14:18:09+0200,4bddbab4-20af-41f1-90cc-d649ae7f214d,2026-05-27T17:15:00Z,2026-05-27T19:15:00+0200,132.18,EUR/MWh,BE,BE,imbalance_price,Long,2026-06-20T12:20:56Z
2026-06-20T12:18:09Z,2026-06-20T14:18:09+0200,4bddbab4-20af-41f1-90cc-d649ae7f214d,2026-05-27T17:15:00Z,2026-05-27T19:15:00+0200,132.18,EUR/MWh,BE,BE,imbalance_price,Short,2026-06-20T12:20:56Z
2026-06-20T12:18:09Z,2026-06-20T14:18:09+0200,4bddbab4-20af-41f1-90cc-d649ae7f214d,2026-05-27T17:30:00Z,2026-05-27T19:30:00+0200,142.88,EUR/MWh,BE,BE,imbalance_price,Long,2026-06-20T12:20:56Z
2026-06-20T12:18:09Z,2026-06-20T14:18:09+0200,4bddbab4-20af-41f1-90cc-d649ae7f214d,2026-05-27T17:30:00Z,2026-05-27T19:30:00+0200,142.88,EUR/MWh,BE,BE,imbalance_price,Short,2026-06-20T12:20:56Z
2026-06-20T12:18:09Z,2026-06-20T14:18:09+0200,4bddbab4-20af-41f1-90cc-d649ae7f214d,2026-05-27T17:45:00Z,2026-05-27T19:45:00+0200,166.15,EUR/MWh,BE,BE,imbalance_price,Long,2026-06-20T12:20:56Z
2026-06-20T12:18:09Z,2026-06-20T14:18:09+0200,4bddbab4-20af-41f1-90cc-d649ae7f214d,2026-05-27T17:45:00Z,2026-05-27T19:45:00+0200,166.15,EUR/MWh,BE,BE,imbalance_price,Short,2026-06-20T12:20:56Z
2026-06-20T12:18:09Z,2026-06-20T14:18:09+0200,4bddbab4-20af-41f1-90cc-d649ae7f214d,2026-05-27T18:00:00Z,2026-05-27T20:00:00+0200,213.23,EUR/MWh,BE,BE,imbalance_price,Long,2026-06-20T12:20:56Z
2026-06-20T12:18:09Z,2026-06-20T14:18:09+0200,4bddbab4-20af-41f1-90cc-d649ae7f214d,2026-05-27T18:00:00Z,2026-05-27T20:00:00+0200,213.23,EUR/MWh,BE,BE,imbalance_price,Short,2026-06-20T12:20:56Z
2026-06-20T12:18:09Z,2026-06-20T14:18:09+0200,4bddbab4-20af-41f1-90cc-d649ae7f214d,2026-05-27T18:15:00Z,2026-05-27T20:15:00+0200,148.27,EUR/MWh,BE,BE,imbalance_price,Long,2026-06-20T12:20:56Z
2026-06-20T12:18:09Z,2026-06-20T14:18:09+0200,4bddbab4-20af-41f1-90cc-d649ae7f214d,2026-05-27T18:15:00Z,2026-05-27T20:15:00+0200,148.27,EUR/MWh,BE,BE,imbalance_price,Short,2026-06-20T12:20:56Z
2026-06-20T12:18:09Z,2026-06-20T14:18:09+0200,4bddbab4-20af-41f1-90cc-d649ae7f214d,2026-05-27T18:30:00Z,2026-05-27T20:30:00+0200,162.22,EUR/MWh,BE,BE,imbalance_price,Long,2026-06-20T12:20:56Z
2026-06-20T12:18:09Z,2026-06-20T14:18:09+0200,4bddbab4-20af-41f1-90cc-d649ae7f214d,2026-05-27T18:30:00Z,2026-05-27T20:30:00+0200,162.22,EUR/MWh,BE,BE,imbalance_price,Short,2026-06-20T12:20:56Z
2026-06-20T12:18:09Z,2026-06-20T14:18:09+0200,4bddbab4-20af-41f1-90cc-d649ae7f214d,2026-05-27T18:45:00Z,2026-05-27T20:45:00+0200,161.18,EUR/MWh,BE,BE,imbalance_price,Long,2026-06-20T12:20:56Z
2026-06-20T12:18:09Z,2026-06-20T14:18:09+0200,4bddbab4-20af-41f1-90cc-d649ae7f214d,2026-05-27T18:45:00Z,2026-05-27T20:45:00+0200,161.18,EUR/MWh,BE,BE,imbalance_price,Short,2026-06-20T12:20:56Z
2026-06-20T12:18:09Z,2026-06-20T14:18:09+0200,4bddbab4-20af-41f1-90cc-d649ae7f214d,2026-05-27T19:00:00Z,2026-05-27T21:00:00+0200,104.88,EUR/MWh,BE,BE,imbalance_price,Long,2026-06-20T12:20:56Z
2026-06-20T12:18:09Z,2026-06-20T14:18:09+0200,4bddbab4-20af-41f1-90cc-d649ae7f214d,2026-05-27T19:00:00Z,2026-05-27T21:00:00+0200,104.88,EUR/MWh,BE,BE,imbalance_price,Short,2026-06-20T12:20:56Z
2026-06-20T12:18:09Z,2026-06-20T14:18:09+0200,4bddbab4-20af-41f1-90cc-d649ae7f214d,2026-05-27T19:15:00Z,2026-05-27T21:15:00+0200,95.36,EUR/MWh,BE,BE,imbalance_price,Long,2026-06-20T12:20:56Z
2026-06-20T12:18:09Z,2026-06-20T14:18:09+0200,4bddbab4-20af-41f1-90cc-d649ae7f214d,2026-05-27T19:15:00Z,2026-05-27T21:15:00+0200,95.36,EUR/MWh,BE,BE,imbalance_price,Short,2026-06-20T12:20:56Z
2026-06-20T12:18:09Z,2026-06-20T14:18:09+0200,4bddbab4-20af-41f1-90cc-d649ae7f214d,2026-05-27T19:30:00Z,2026-05-27T21:30:00+0200,112.82,EUR/MWh,BE,BE,imbalance_price,Long,2026-06-20T12:20:56Z
2026-06-20T12:18:09Z,2026-06-20T14:18:09+0200,4bddbab4-20af-41f1-90cc-d649ae7f214d,2026-05-27T19:30:00Z,2026-05-27T21:30:00+0200,112.82,EUR/MWh,BE,BE,imbalance_price,Short,2026-06-20T12:20:56Z
2026-06-20T12:18:09Z,2026-06-20T14:18:09+0200,4bddbab4-20af-41f1-90cc-d649ae7f214d,2026-05-27T19:45:00Z,2026-05-27T21:45:00+0200,105.78,EUR/MWh,BE,BE,imbalance_price,Long,2026-06-20T12:20:56Z
2026-06-20T12:18:09Z,2026-06-20T14:18:09+0200,4bddbab4-20af-41f1-90cc-d649ae7f214d,2026-05-27T19:45:00Z,2026-05-27T21:45:00+0200,105.78,EUR/MWh,BE,BE,imbalance_price,Short,2026-06-20T12:20:56Z
2026-06-20T12:18:09Z,2026-06-20T14:18:09+0200,4bddbab4-20af-41f1-90cc-d649ae7f214d,2026-05-27T20:00:00Z,2026-05-27T22:00:00+0200,136.54,EUR/MWh,BE,BE,imbalance_price,Long,2026-06-20T12:20:56Z
2026-06-20T12:18:09Z,2026-06-20T14:18:09+0200,4bddbab4-20af-41f1-90cc-d649ae7f214d,2026-05-27T20:00:00Z,2026-05-27T22:00:00+0200,136.54,EUR/MWh,BE,BE,imbalance_price,Short,2026-06-20T12:20:56Z
2026-06-20T12:18:09Z,2026-06-20T14:18:09+0200,4bddbab4-20af-41f1-90cc-d649ae7f214d,2026-05-27T20:15:00Z,2026-05-27T22:15:00+0200,139.81,EUR/MWh,BE,BE,imbalance_price,Long,2026-06-20T12:20:56Z
2026-06-20T12:18:09Z,2026-06-20T14:18:09+0200,4bddbab4-20af-41f1-90cc-d649ae7f214d,2026-05-27T20:15:00Z,2026-05-27T22:15:00+0200,139.81,EUR/MWh,BE,BE,imbalance_price,Short,2026-06-20T12:20:56Z
2026-06-20T12:18:09Z,2026-06-20T14:18:09+0200,4bddbab4-20af-41f1-90cc-d649ae7f214d,2026-05-27T20:30:00Z,2026-05-27T22:30:00+0200,145.29,EUR/MWh,BE,BE,imbalance_price,Long,2026-06-20T12:20:56Z
2026-06-20T12:18:09Z,2026-06-20T14:18:09+0200,4bddbab4-20af-41f1-90cc-d649ae7f214d,2026-05-27T20:30:00Z,2026-05-27T22:30:00+0200,145.29,EUR/MWh,BE,BE,imbalance_price,Short,2026-06-20T12:20:56Z
2026-06-20T12:18:09Z,2026-06-20T14:18:09+0200,4bddbab4-20af-41f1-90cc-d649ae7f214d,2026-05-27T20:45:00Z,2026-05-27T22:45:00+0200,128.44,EUR/MWh,BE,BE,imbalance_price,Long,2026-06-20T12:20:56Z
2026-06-20T12:18:09Z,2026-06-20T14:18:09+0200,4bddbab4-20af-41f1-90cc-d649ae7f214d,2026-05-27T20:45:00Z,2026-05-27T22:45:00+0200,128.44,EUR/MWh,BE,BE,imbalance_price,Short,2026-06-20T12:20:56Z
2026-06-20T12:18:09Z,2026-06-20T14:18:09+0200,4bddbab4-20af-41f1-90cc-d649ae7f214d,2026-05-27T21:00:00Z,2026-05-27T23:00:00+0200,166.84,EUR/MWh,BE,BE,imbalance_price,Long,2026-06-20T12:20:56Z
2026-06-20T12:18:09Z,2026-06-20T14:18:09+0200,4bddbab4-20af-41f1-90cc-d649ae7f214d,2026-05-27T21:00:00Z,2026-05-27T23:00:00+0200,166.84,EUR/MWh,BE,BE,imbalance_price,Short,2026-06-20T12:20:56Z
2026-06-20T12:18:09Z,2026-06-20T14:18:09+0200,4bddbab4-20af-41f1-90cc-d649ae7f214d,2026-05-27T21:15:00Z,2026-05-27T23:15:00+0200,153.66,EUR/MWh,BE,BE,imbalance_price,Long,2026-06-20T12:20:56Z
2026-06-20T12:18:09Z,2026-06-20T14:18:09+0200,4bddbab4-20af-41f1-90cc-d649ae7f214d,2026-05-27T21:15:00Z,2026-05-27T23:15:00+0200,153.66,EUR/MWh,BE,BE,imbalance_price,Short,2026-06-20T12:20:56Z
2026-06-20T12:18:09Z,2026-06-20T14:18:09+0200,4bddbab4-20af-41f1-90cc-d649ae7f214d,2026-05-27T21:30:00Z,2026-05-27T23:30:00+0200,138.47,EUR/MWh,BE,BE,imbalance_price,Long,2026-06-20T12:20:56Z
2026-06-20T12:18:09Z,2026-06-20T14:18:09+0200,4bddbab4-20af-41f1-90cc-d649ae7f214d,2026-05-27T21:30:00Z,2026-05-27T23:30:00+0200,138.47,EUR/MWh,BE,BE,imbalance_price,Short,2026-06-20T12:20:56Z
2026-06-20T12:18:09Z,2026-06-20T14:18:09+0200,4bddbab4-20af-41f1-90cc-d649ae7f214d,2026-05-27T21:45:00Z,2026-05-27T23:45:00+0200,133.6,EUR/MWh,BE,BE,imbalance_price,Long,2026-06-20T12:20:56Z
2026-06-20T12:18:09Z,2026-06-20T14:18:09+0200,4bddbab4-20af-41f1-90cc-d649ae7f214d,2026-05-27T21:45:00Z,2026-05-27T23:45:00+0200,133.6,EUR/MWh,BE,BE,imbalance_price,Short,2026-06-20T12:20:56Z
2026-06-20T12:18:09Z,2026-06-20T14:18:09+0200,4bddbab4-20af-41f1-90cc-d649ae7f214d,2026-05-27T22:00:00Z,2026-05-28T00:00:00+0200,119.73,EUR/MWh,BE,BE,imbalance_price,Long,2026-06-20T12:20:56Z
2026-06-20T12:18:09Z,2026-06-20T14:18:09+0200,4bddbab4-20af-41f1-90cc-d649ae7f214d,2026-05-27T22:00:00Z,2026-05-28T00:00:00+0200,119.73,EUR/MWh,BE,BE,imbalance_price,Short,2026-06-20T12:20:56Z
2026-06-20T12:18:09Z,2026-06-20T14:18:09+0200,4bddbab4-20af-41f1-90cc-d649ae7f214d,2026-05-27T22:15:00Z,2026-05-28T00:15:00+0200,120.61,EUR/MWh,BE,BE,imbalance_price,Long,2026-06-20T12:20:56Z
2026-06-20T12:18:09Z,2026-06-20T14:18:09+0200,4bddbab4-20af-41f1-90cc-d649ae7f214d,2026-05-27T22:15:00Z,2026-05-28T00:15:00+0200,120.61,EUR/MWh,BE,BE,imbalance_price,Short,2026-06-20T12:20:56Z
2026-06-20T12:18:09Z,2026-06-20T14:18:09+0200,4bddbab4-20af-41f1-90cc-d649ae7f214d,2026-05-27T22:30:00Z,2026-05-28T00:30:00+0200,121.69,EUR/MWh,BE,BE,imbalance_price,Long,2026-06-20T12:20:56Z
2026-06-20T12:18:09Z,2026-06-20T14:18:09+0200,4bddbab4-20af-41f1-90cc-d649ae7f214d,2026-05-27T22:30:00Z,2026-05-28T00:30:00+0200,121.69,EUR/MWh,BE,BE,imbalance_price,Short,2026-06-20T12:20:56Z
2026-06-20T12:18:09Z,2026-06-20T14:18:09+0200,4bddbab4-20af-41f1-90cc-d649ae7f214d,2026-05-27T22:45:00Z,2026-05-28T00:45:00+0200,120.4,EUR/MWh,BE,BE,imbalance_price,Long,2026-06-20T12:20:56Z
2026-06-20T12:18:09Z,2026-06-20T14:18:09+0200,4bddbab4-20af-41f1-90cc-d649ae7f214d,2026-05-27T22:45:00Z,2026-05-28T00:45:00+0200,120.4,EUR/MWh,BE,BE,imbalance_price,Short,2026-06-20T12:20:56Z
2026-06-20T12:18:09Z,2026-06-20T14:18:09+0200,4bddbab4-20af-41f1-90cc-d649ae7f214d,2026-05-27T23:00:00Z,2026-05-28T01:00:00+0200,117.78,EUR/MWh,BE,BE,imbalance_price,Long,2026-06-20T12:20:56Z
2026-06-20T12:18:09Z,2026-06-20T14:18:09+0200,4bddbab4-20af-41f1-90cc-d649ae7f214d,2026-05-27T23:00:00Z,2026-05-28T01:00:00+0200,117.78,EUR/MWh,BE,BE,imbalance_price,Short,2026-06-20T12:20:56Z
2026-06-20T12:18:09Z,2026-06-20T14:18:09+0200,4bddbab4-20af-41f1-90cc-d649ae7f214d,2026-05-27T23:15:00Z,2026-05-28T01:15:00+0200,118.1,EUR/MWh,BE,BE,imbalance_price,Long,2026-06-20T12:20:56Z
2026-06-20T12:18:09Z,2026-06-20T14:18:09+0200,4bddbab4-20af-41f1-90cc-d649ae7f214d,2026-05-27T23:15:00Z,2026-05-28T01:15:00+0200,118.1,EUR/MWh,BE,BE,imbalance_price,Short,2026-06-20T12:20:56Z
2026-06-20T12:18:09Z,2026-06-20T14:18:09+0200,4bddbab4-20af-41f1-90cc-d649ae7f214d,2026-05-27T23:30:00Z,2026-05-28T01:30:00+0200,118.63,EUR/MWh,BE,BE,imbalance_price,Long,2026-06-20T12:20:56Z
2026-06-20T12:18:09Z,2026-06-20T14:18:09+0200,4bddbab4-20af-41f1-90cc-d649ae7f214d,2026-05-27T23:30:00Z,2026-05-28T01:30:00+0200,118.63,EUR/MWh,BE,BE,imbalance_price,Short,2026-06-20T12:20:56Z
2026-06-20T12:18:09Z,2026-06-20T14:18:09+0200,4bddbab4-20af-41f1-90cc-d649ae7f214d,2026-05-27T23:45:00Z,2026-05-28T01:45:00+0200,123.24,EUR/MWh,BE,BE,imbalance_price,Long,2026-06-20T12:20:56Z
2026-06-20T12:18:09Z,2026-06-20T14:18:09+0200,4bddbab4-20af-41f1-90cc-d649ae7f214d,2026-05-27T23:45:00Z,2026-05-28T01:45:00+0200,123.24,EUR/MWh,BE,BE,imbalance_price,Short,2026-06-20T12:20:56Z
2026-06-20T12:18:09Z,2026-06-20T14:18:09+0200,4bddbab4-20af-41f1-90cc-d649ae7f214d,2026-05-28T00:00:00Z,2026-05-28T02:00:00+0200,104.44,EUR/MWh,BE,BE,imbalance_price,Long,2026-06-20T12:20:56Z
2026-06-20T12:18:09Z,2026-06-20T14:18:09+0200,4bddbab4-20af-41f1-90cc-d649ae7f214d,2026-05-28T00:00:00Z,2026-05-28T02:00:00+0200,104.44,EUR/MWh,BE,BE,imbalance_price,Short,2026-06-20T12:20:56Z
2026-06-20T12:18:09Z,2026-06-20T14:18:09+0200,4bddbab4-20af-41f1-90cc-d649ae7f214d,2026-05-28T00:15:00Z,2026-05-28T02:15:00+0200,108.53,EUR/MWh,BE,BE,imbalance_price,Long,2026-06-20T12:20:56Z
2026-06-20T12:18:09Z,2026-06-20T14:18:09+0200,4bddbab4-20af-41f1-90cc-d649ae7f214d,2026-05-28T00:15:00Z,2026-05-28T02:15:00+0200,108.53,EUR/MWh,BE,BE,imbalance_price,Short,2026-06-20T12:20:56Z
2026-06-20T12:18:09Z,2026-06-20T14:18:09+0200,4bddbab4-20af-41f1-90cc-d649ae7f214d,2026-05-28T00:30:00Z,2026-05-28T02:30:00+0200,112.33,EUR/MWh,BE,BE,imbalance_price,Long,2026-06-20T12:20:56Z
2026-06-20T12:18:09Z,2026-06-20T14:18:09+0200,4bddbab4-20af-41f1-90cc-d649ae7f214d,2026-05-28T00:30:00Z,2026-05-28T02:30:00+0200,112.33,EUR/MWh,BE,BE,imbalance_price,Short,2026-06-20T12:20:56Z
2026-06-20T12:18:09Z,2026-06-20T14:18:09+0200,4bddbab4-20af-41f1-90cc-d649ae7f214d,2026-05-28T00:45:00Z,2026-05-28T02:45:00+0200,104.44,EUR/MWh,BE,BE,imbalance_price,Long,2026-06-20T12:20:56Z
2026-06-20T12:18:09Z,2026-06-20T14:18:09+0200,4bddbab4-20af-41f1-90cc-d649ae7f214d,2026-05-28T00:45:00Z,2026-05-28T02:45:00+0200,104.44,EUR/MWh,BE,BE,imbalance_price,Short,2026-06-20T12:20:56Z
2026-06-20T12:18:09Z,2026-06-20T14:18:09+0200,4bddbab4-20af-41f1-90cc-d649ae7f214d,2026-05-28T01:00:00Z,2026-05-28T03:00:00+0200,101.99,EUR/MWh,BE,BE,imbalance_price,Long,2026-06-20T12:20:56Z
2026-06-20T12:18:09Z,2026-06-20T14:18:09+0200,4bddbab4-20af-41f1-90cc-d649ae7f214d,2026-05-28T01:00:00Z,2026-05-28T03:00:00+0200,101.99,EUR/MWh,BE,BE,imbalance_price,Short,2026-06-20T12:20:56Z
2026-06-20T12:18:09Z,2026-06-20T14:18:09+0200,4bddbab4-20af-41f1-90cc-d649ae7f214d,2026-05-28T01:15:00Z,2026-05-28T03:15:00+0200,101.05,EUR/MWh,BE,BE,imbalance_price,Long,2026-06-20T12:20:56Z
2026-06-20T12:18:09Z,2026-06-20T14:18:09+0200,4bddbab4-20af-41f1-90cc-d649ae7f214d,2026-05-28T01:15:00Z,2026-05-28T03:15:00+0200,101.05,EUR/MWh,BE,BE,imbalance_price,Short,2026-06-20T12:20:56Z
2026-06-20T12:18:09Z,2026-06-20T14:18:09+0200,4bddbab4-20af-41f1-90cc-d649ae7f214d,2026-05-28T01:30:00Z,2026-05-28T03:30:00+0200,106.67,EUR/MWh,BE,BE,imbalance_price,Long,2026-06-20T12:20:56Z
2026-06-20T12:18:09Z,2026-06-20T14:18:09+0200,4bddbab4-20af-41f1-90cc-d649ae7f214d,2026-05-28T01:30:00Z,2026-05-28T03:30:00+0200,106.67,EUR/MWh,BE,BE,imbalance_price,Short,2026-06-20T12:20:56Z
2026-06-20T12:18:09Z,2026-06-20T14:18:09+0200,4bddbab4-20af-41f1-90cc-d649ae7f214d,2026-05-28T01:45:00Z,2026-05-28T03:45:00+0200,104.44,EUR/MWh,BE,BE,imbalance_price,Long,2026-06-20T12:20:56Z
2026-06-20T12:18:09Z,2026-06-20T14:18:09+0200,4bddbab4-20af-41f1-90cc-d649ae7f214d,2026-05-28T01:45:00Z,2026-05-28T03:45:00+0200,104.44,EUR/MWh,BE,BE,imbalance_price,Short,2026-06-20T12:20:56Z
2026-06-20T12:18:09Z,2026-06-20T14:18:09+0200,4bddbab4-20af-41f1-90cc-d649ae7f214d,2026-05-28T02:00:00Z,2026-05-28T04:00:00+0200,106.78,EUR/MWh,BE,BE,imbalance_price,Long,2026-06-20T12:20:56Z
2026-06-20T12:18:09Z,2026-06-20T14:18:09+0200,4bddbab4-20af-41f1-90cc-d649ae7f214d,2026-05-28T02:00:00Z,2026-05-28T04:00:00+0200,106.78,EUR/MWh,BE,BE,imbalance_price,Short,2026-06-20T12:20:56Z
2026-06-20T12:18:09Z,2026-06-20T14:18:09+0200,4bddbab4-20af-41f1-90cc-d649ae7f214d,2026-05-28T02:15:00Z,2026-05-28T04:15:00+0200,103.92,EUR/MWh,BE,BE,imbalance_price,Long,2026-06-20T12:20:56Z
2026-06-20T12:18:09Z,2026-06-20T14:18:09+0200,4bddbab4-20af-41f1-90cc-d649ae7f214d,2026-05-28T02:15:00Z,2026-05-28T04:15:00+0200,103.92,EUR/MWh,BE,BE,imbalance_price,Short,2026-06-20T12:20:56Z
2026-06-20T12:18:09Z,2026-06-20T14:18:09+0200,4bddbab4-20af-41f1-90cc-d649ae7f214d,2026-05-28T02:30:00Z,2026-05-28T04:30:00+0200,118.36,EUR/MWh,BE,BE,imbalance_price,Long,2026-06-20T12:20:56Z
2026-06-20T12:18:09Z,2026-06-20T14:18:09+0200,4bddbab4-20af-41f1-90cc-d649ae7f214d,2026-05-28T02:30:00Z,2026-05-28T04:30:00+0200,118.36,EUR/MWh,BE,BE,imbalance_price,Short,2026-06-20T12:20:56Z
2026-06-20T12:18:09Z,2026-06-20T14:18:09+0200,4bddbab4-20af-41f1-90cc-d649ae7f214d,2026-05-28T02:45:00Z,2026-05-28T04:45:00+0200,114.7,EUR/MWh,BE,BE,imbalance_price,Long,2026-06-20T12:20:56Z
2026-06-20T12:18:09Z,2026-06-20T14:18:09+0200,4bddbab4-20af-41f1-90cc-d649ae7f214d,2026-05-28T02:45:00Z,2026-05-28T04:45:00+0200,114.7,EUR/MWh,BE,BE,imbalance_price,Short,2026-06-20T12:20:56Z
2026-06-20T12:18:09Z,2026-06-20T14:18:09+0200,4bddbab4-20af-41f1-90cc-d649ae7f214d,2026-05-28T03:00:00Z,2026-05-28T05:00:00+0200,123.38,EUR/MWh,BE,BE,imbalance_price,Long,2026-06-20T12:20:56Z
2026-06-20T12:18:09Z,2026-06-20T14:18:09+0200,4bddbab4-20af-41f1-90cc-d649ae7f214d,2026-05-28T03:00:00Z,2026-05-28T05:00:00+0200,123.38,EUR/MWh,BE,BE,imbalance_price,Short,2026-06-20T12:20:56Z
2026-06-20T12:18:09Z,2026-06-20T14:18:09+0200,4bddbab4-20af-41f1-90cc-d649ae7f214d,2026-05-28T03:15:00Z,2026-05-28T05:15:00+0200,137.76,EUR/MWh,BE,BE,imbalance_price,Long,2026-06-20T12:20:56Z
2026-06-20T12:18:09Z,2026-06-20T14:18:09+0200,4bddbab4-20af-41f1-90cc-d649ae7f214d,2026-05-28T03:15:00Z,2026-05-28T05:15:00+0200,137.76,EUR/MWh,BE,BE,imbalance_price,Short,2026-06-20T12:20:56Z
2026-06-20T12:18:09Z,2026-06-20T14:18:09+0200,4bddbab4-20af-41f1-90cc-d649ae7f214d,2026-05-28T03:30:00Z,2026-05-28T05:30:00+0200,129.86,EUR/MWh,BE,BE,imbalance_price,Long,2026-06-20T12:20:56Z
2026-06-20T12:18:09Z,2026-06-20T14:18:09+0200,4bddbab4-20af-41f1-90cc-d649ae7f214d,2026-05-28T03:30:00Z,2026-05-28T05:30:00+0200,129.86,EUR/MWh,BE,BE,imbalance_price,Short,2026-06-20T12:20:56Z
2026-06-20T12:18:09Z,2026-06-20T14:18:09+0200,4bddbab4-20af-41f1-90cc-d649ae7f214d,2026-05-28T03:45:00Z,2026-05-28T05:45:00+0200,137.33,EUR/MWh,BE,BE,imbalance_price,Long,2026-06-20T12:20:56Z
2026-06-20T12:18:09Z,2026-06-20T14:18:09+0200,4bddbab4-20af-41f1-90cc-d649ae7f214d,2026-05-28T03:45:00Z,2026-05-28T05:45:00+0200,137.33,EUR/MWh,BE,BE,imbalance_price,Short,2026-06-20T12:20:56Z
2026-06-20T12:18:09Z,2026-06-20T14:18:09+0200,4bddbab4-20af-41f1-90cc-d649ae7f214d,2026-05-28T04:00:00Z,2026-05-28T06:00:00+0200,141.74,EUR/MWh,BE,BE,imbalance_price,Long,2026-06-20T12:20:56Z
2026-06-20T12:18:09Z,2026-06-20T14:18:09+0200,4bddbab4-20af-41f1-90cc-d649ae7f214d,2026-05-28T04:00:00Z,2026-05-28T06:00:00+0200,141.74,EUR/MWh,BE,BE,imbalance_price,Short,2026-06-20T12:20:56Z
2026-06-20T12:18:09Z,2026-06-20T14:18:09+0200,4bddbab4-20af-41f1-90cc-d649ae7f214d,2026-05-28T04:15:00Z,2026-05-28T06:15:00+0200,115.96,EUR/MWh,BE,BE,imbalance_price,Long,2026-06-20T12:20:56Z
2026-06-20T12:18:09Z,2026-06-20T14:18:09+0200,4bddbab4-20af-41f1-90cc-d649ae7f214d,2026-05-28T04:15:00Z,2026-05-28T06:15:00+0200,115.96,EUR/MWh,BE,BE,imbalance_price,Short,2026-06-20T12:20:56Z
2026-06-20T12:18:09Z,2026-06-20T14:18:09+0200,4bddbab4-20af-41f1-90cc-d649ae7f214d,2026-05-28T04:30:00Z,2026-05-28T06:30:00+0200,119.13,EUR/MWh,BE,BE,imbalance_price,Long,2026-06-20T12:20:56Z
2026-06-20T12:18:09Z,2026-06-20T14:18:09+0200,4bddbab4-20af-41f1-90cc-d649ae7f214d,2026-05-28T04:30:00Z,2026-05-28T06:30:00+0200,119.13,EUR/MWh,BE,BE,imbalance_price,Short,2026-06-20T12:20:56Z
2026-06-20T12:18:09Z,2026-06-20T14:18:09+0200,4bddbab4-20af-41f1-90cc-d649ae7f214d,2026-05-28T04:45:00Z,2026-05-28T06:45:00+0200,134.43,EUR/MWh,BE,BE,imbalance_price,Long,2026-06-20T12:20:56Z
2026-06-20T12:18:09Z,2026-06-20T14:18:09+0200,4bddbab4-20af-41f1-90cc-d649ae7f214d,2026-05-28T04:45:00Z,2026-05-28T06:45:00+0200,134.43,EUR/MWh,BE,BE,imbalance_price,Short,2026-06-20T12:20:56Z
2026-06-20T12:18:09Z,2026-06-20T14:18:09+0200,4bddbab4-20af-41f1-90cc-d649ae7f214d,2026-05-28T05:00:00Z,2026-05-28T07:00:00+0200,145.82,EUR/MWh,BE,BE,imbalance_price,Long,2026-06-20T12:20:56Z
2026-06-20T12:18:09Z,2026-06-20T14:18:09+0200,4bddbab4-20af-41f1-90cc-d649ae7f214d,2026-05-28T05:00:00Z,2026-05-28T07:00:00+0200,145.82,EUR/MWh,BE,BE,imbalance_price,Short,2026-06-20T12:20:56Z
2026-06-20T12:18:09Z,2026-06-20T14:18:09+0200,4bddbab4-20af-41f1-90cc-d649ae7f214d,2026-05-28T05:15:00Z,2026-05-28T07:15:00+0200,121.62,EUR/MWh,BE,BE,imbalance_price,Long,2026-06-20T12:20:56Z
2026-06-20T12:18:09Z,2026-06-20T14:18:09+0200,4bddbab4-20af-41f1-90cc-d649ae7f214d,2026-05-28T05:15:00Z,2026-05-28T07:15:00+0200,121.62,EUR/MWh,BE,BE,imbalance_price,Short,2026-06-20T12:20:56Z
2026-06-20T12:18:09Z,2026-06-20T14:18:09+0200,4bddbab4-20af-41f1-90cc-d649ae7f214d,2026-05-28T05:30:00Z,2026-05-28T07:30:00+0200,127.89,EUR/MWh,BE,BE,imbalance_price,Long,2026-06-20T12:20:56Z
2026-06-20T12:18:09Z,2026-06-20T14:18:09+0200,4bddbab4-20af-41f1-90cc-d649ae7f214d,2026-05-28T05:30:00Z,2026-05-28T07:30:00+0200,127.89,EUR/MWh,BE,BE,imbalance_price,Short,2026-06-20T12:20:56Z
2026-06-20T12:18:09Z,2026-06-20T14:18:09+0200,4bddbab4-20af-41f1-90cc-d649ae7f214d,2026-05-28T05:45:00Z,2026-05-28T07:45:00+0200,125.85,EUR/MWh,BE,BE,imbalance_price,Long,2026-06-20T12:20:56Z
2026-06-20T12:18:09Z,2026-06-20T14:18:09+0200,4bddbab4-20af-41f1-90cc-d649ae7f214d,2026-05-28T05:45:00Z,2026-05-28T07:45:00+0200,125.85,EUR/MWh,BE,BE,imbalance_price,Short,2026-06-20T12:20:56Z
2026-06-20T12:18:09Z,2026-06-20T14:18:09+0200,4bddbab4-20af-41f1-90cc-d649ae7f214d,2026-05-28T06:00:00Z,2026-05-28T08:00:00+0200,173.85,EUR/MWh,BE,BE,imbalance_price,Long,2026-06-20T12:20:56Z
2026-06-20T12:18:09Z,2026-06-20T14:18:09+0200,4bddbab4-20af-41f1-90cc-d649ae7f214d,2026-05-28T06:00:00Z,2026-05-28T08:00:00+0200,173.85,EUR/MWh,BE,BE,imbalance_price,Short,2026-06-20T12:20:56Z
2026-06-20T12:18:09Z,2026-06-20T14:18:09+0200,4bddbab4-20af-41f1-90cc-d649ae7f214d,2026-05-28T06:15:00Z,2026-05-28T08:15:00+0200,113.87,EUR/MWh,BE,BE,imbalance_price,Long,2026-06-20T12:20:56Z
2026-06-20T12:18:09Z,2026-06-20T14:18:09+0200,4bddbab4-20af-41f1-90cc-d649ae7f214d,2026-05-28T06:15:00Z,2026-05-28T08:15:00+0200,113.87,EUR/MWh,BE,BE,imbalance_price,Short,2026-06-20T12:20:56Z
2026-06-20T12:18:09Z,2026-06-20T14:18:09+0200,4bddbab4-20af-41f1-90cc-d649ae7f214d,2026-05-28T06:30:00Z,2026-05-28T08:30:00+0200,125.68,EUR/MWh,BE,BE,imbalance_price,Long,2026-06-20T12:20:56Z
2026-06-20T12:18:09Z,2026-06-20T14:18:09+0200,4bddbab4-20af-41f1-90cc-d649ae7f214d,2026-05-28T06:30:00Z,2026-05-28T08:30:00+0200,125.68,EUR/MWh,BE,BE,imbalance_price,Short,2026-06-20T12:20:56Z
2026-06-20T12:18:09Z,2026-06-20T14:18:09+0200,4bddbab4-20af-41f1-90cc-d649ae7f214d,2026-05-28T06:45:00Z,2026-05-28T08:45:00+0200,108.16,EUR/MWh,BE,BE,imbalance_price,Long,2026-06-20T12:20:56Z
2026-06-20T12:18:09Z,2026-06-20T14:18:09+0200,4bddbab4-20af-41f1-90cc-d649ae7f214d,2026-05-28T06:45:00Z,2026-05-28T08:45:00+0200,108.16,EUR/MWh,BE,BE,imbalance_price,Short,2026-06-20T12:20:56Z
2026-06-20T12:18:09Z,2026-06-20T14:18:09+0200,4bddbab4-20af-41f1-90cc-d649ae7f214d,2026-05-28T07:00:00Z,2026-05-28T09:00:00+0200,96.8,EUR/MWh,BE,BE,imbalance_price,Long,2026-06-20T12:20:56Z
2026-06-20T12:18:09Z,2026-06-20T14:18:09+0200,4bddbab4-20af-41f1-90cc-d649ae7f214d,2026-05-28T07:00:00Z,2026-05-28T09:00:00+0200,96.8,EUR/MWh,BE,BE,imbalance_price,Short,2026-06-20T12:20:56Z
2026-06-20T12:18:09Z,2026-06-20T14:18:09+0200,4bddbab4-20af-41f1-90cc-d649ae7f214d,2026-05-28T07:15:00Z,2026-05-28T09:15:00+0200,85.79,EUR/MWh,BE,BE,imbalance_price,Long,2026-06-20T12:20:56Z
2026-06-20T12:18:09Z,2026-06-20T14:18:09+0200,4bddbab4-20af-41f1-90cc-d649ae7f214d,2026-05-28T07:15:00Z,2026-05-28T09:15:00+0200,85.79,EUR/MWh,BE,BE,imbalance_price,Short,2026-06-20T12:20:56Z
2026-06-20T12:18:09Z,2026-06-20T14:18:09+0200,4bddbab4-20af-41f1-90cc-d649ae7f214d,2026-05-28T07:30:00Z,2026-05-28T09:30:00+0200,80.26,EUR/MWh,BE,BE,imbalance_price,Long,2026-06-20T12:20:56Z
2026-06-20T12:18:09Z,2026-06-20T14:18:09+0200,4bddbab4-20af-41f1-90cc-d649ae7f214d,2026-05-28T07:30:00Z,2026-05-28T09:30:00+0200,80.26,EUR/MWh,BE,BE,imbalance_price,Short,2026-06-20T12:20:56Z
2026-06-20T12:18:09Z,2026-06-20T14:18:09+0200,4bddbab4-20af-41f1-90cc-d649ae7f214d,2026-05-28T07:45:00Z,2026-05-28T09:45:00+0200,3.91,EUR/MWh,BE,BE,imbalance_price,Long,2026-06-20T12:20:56Z
2026-06-20T12:18:09Z,2026-06-20T14:18:09+0200,4bddbab4-20af-41f1-90cc-d649ae7f214d,2026-05-28T07:45:00Z,2026-05-28T09:45:00+0200,3.91,EUR/MWh,BE,BE,imbalance_price,Short,2026-06-20T12:20:56Z
2026-06-20T12:18:09Z,2026-06-20T14:18:09+0200,4bddbab4-20af-41f1-90cc-d649ae7f214d,2026-05-28T08:00:00Z,2026-05-28T10:00:00+0200,9.42,EUR/MWh,BE,BE,imbalance_price,Long,2026-06-20T12:20:56Z
2026-06-20T12:18:09Z,2026-06-20T14:18:09+0200,4bddbab4-20af-41f1-90cc-d649ae7f214d,2026-05-28T08:00:00Z,2026-05-28T10:00:00+0200,9.42,EUR/MWh,BE,BE,imbalance_price,Short,2026-06-20T12:20:56Z
2026-06-20T12:18:09Z,2026-06-20T14:18:09+0200,4bddbab4-20af-41f1-90cc-d649ae7f214d,2026-05-28T08:15:00Z,2026-05-28T10:15:00+0200,5.18,EUR/MWh,BE,BE,imbalance_price,Long,2026-06-20T12:20:56Z
2026-06-20T12:18:09Z,2026-06-20T14:18:09+0200,4bddbab4-20af-41f1-90cc-d649ae7f214d,2026-05-28T08:15:00Z,2026-05-28T10:15:00+0200,5.18,EUR/MWh,BE,BE,imbalance_price,Short,2026-06-20T12:20:56Z
2026-06-20T12:18:09Z,2026-06-20T14:18:09+0200,4bddbab4-20af-41f1-90cc-d649ae7f214d,2026-05-28T08:30:00Z,2026-05-28T10:30:00+0200,-7.65,EUR/MWh,BE,BE,imbalance_price,Long,2026-06-20T12:20:56Z
2026-06-20T12:18:09Z,2026-06-20T14:18:09+0200,4bddbab4-20af-41f1-90cc-d649ae7f214d,2026-05-28T08:30:00Z,2026-05-28T10:30:00+0200,-7.65,EUR/MWh,BE,BE,imbalance_price,Short,2026-06-20T12:20:56Z
2026-06-20T12:18:09Z,2026-06-20T14:18:09+0200,4bddbab4-20af-41f1-90cc-d649ae7f214d,2026-05-28T08:45:00Z,2026-05-28T10:45:00+0200,-6.94,EUR/MWh,BE,BE,imbalance_price,Long,2026-06-20T12:20:56Z
2026-06-20T12:18:09Z,2026-06-20T14:18:09+0200,4bddbab4-20af-41f1-90cc-d649ae7f214d,2026-05-28T08:45:00Z,2026-05-28T10:45:00+0200,-6.94,EUR/MWh,BE,BE,imbalance_price,Short,2026-06-20T12:20:56Z
2026-06-20T12:18:09Z,2026-06-20T14:18:09+0200,4bddbab4-20af-41f1-90cc-d649ae7f214d,2026-05-28T09:00:00Z,2026-05-28T11:00:00+0200,-6.89,EUR/MWh,BE,BE,imbalance_price,Long,2026-06-20T12:20:56Z
2026-06-20T12:18:09Z,2026-06-20T14:18:09+0200,4bddbab4-20af-41f1-90cc-d649ae7f214d,2026-05-28T09:00:00Z,2026-05-28T11:00:00+0200,-6.89,EUR/MWh,BE,BE,imbalance_price,Short,2026-06-20T12:20:56Z
2026-06-20T12:18:09Z,2026-06-20T14:18:09+0200,4bddbab4-20af-41f1-90cc-d649ae7f214d,2026-05-28T09:15:00Z,2026-05-28T11:15:00+0200,-3.93,EUR/MWh,BE,BE,imbalance_price,Long,2026-06-20T12:20:56Z
2026-06-20T12:18:09Z,2026-06-20T14:18:09+0200,4bddbab4-20af-41f1-90cc-d649ae7f214d,2026-05-28T09:15:00Z,2026-05-28T11:15:00+0200,-3.93,EUR/MWh,BE,BE,imbalance_price,Short,2026-06-20T12:20:56Z
2026-06-20T12:18:09Z,2026-06-20T14:18:09+0200,4bddbab4-20af-41f1-90cc-d649ae7f214d,2026-05-28T09:30:00Z,2026-05-28T11:30:00+0200,-3.81,EUR/MWh,BE,BE,imbalance_price,Long,2026-06-20T12:20:56Z
2026-06-20T12:18:09Z,2026-06-20T14:18:09+0200,4bddbab4-20af-41f1-90cc-d649ae7f214d,2026-05-28T09:30:00Z,2026-05-28T11:30:00+0200,-3.81,EUR/MWh,BE,BE,imbalance_price,Short,2026-06-20T12:20:56Z
2026-06-20T12:18:09Z,2026-06-20T14:18:09+0200,4bddbab4-20af-41f1-90cc-d649ae7f214d,2026-05-28T09:45:00Z,2026-05-28T11:45:00+0200,-4.47,EUR/MWh,BE,BE,imbalance_price,Long,2026-06-20T12:20:56Z
2026-06-20T12:18:09Z,2026-06-20T14:18:09+0200,4bddbab4-20af-41f1-90cc-d649ae7f214d,2026-05-28T09:45:00Z,2026-05-28T11:45:00+0200,-4.47,EUR/MWh,BE,BE,imbalance_price,Short,2026-06-20T12:20:56Z
2026-06-20T12:18:09Z,2026-06-20T14:18:09+0200,4bddbab4-20af-41f1-90cc-d649ae7f214d,2026-05-28T10:00:00Z,2026-05-28T12:00:00+0200,-6.51,EUR/MWh,BE,BE,imbalance_price,Long,2026-06-20T12:20:56Z
2026-06-20T12:18:09Z,2026-06-20T14:18:09+0200,4bddbab4-20af-41f1-90cc-d649ae7f214d,2026-05-28T10:00:00Z,2026-05-28T12:00:00+0200,-6.51,EUR/MWh,BE,BE,imbalance_price,Short,2026-06-20T12:20:56Z
2026-06-20T12:18:09Z,2026-06-20T14:18:09+0200,4bddbab4-20af-41f1-90cc-d649ae7f214d,2026-05-28T10:15:00Z,2026-05-28T12:15:00+0200,-1.0,EUR/MWh,BE,BE,imbalance_price,Long,2026-06-20T12:20:56Z
2026-06-20T12:18:09Z,2026-06-20T14:18:09+0200,4bddbab4-20af-41f1-90cc-d649ae7f214d,2026-05-28T10:15:00Z,2026-05-28T12:15:00+0200,-1.0,EUR/MWh,BE,BE,imbalance_price,Short,2026-06-20T12:20:56Z
2026-06-20T12:18:09Z,2026-06-20T14:18:09+0200,4bddbab4-20af-41f1-90cc-d649ae7f214d,2026-05-28T10:30:00Z,2026-05-28T12:30:00+0200,-1.0,EUR/MWh,BE,BE,imbalance_price,Long,2026-06-20T12:20:56Z
2026-06-20T12:18:09Z,2026-06-20T14:18:09+0200,4bddbab4-20af-41f1-90cc-d649ae7f214d,2026-05-28T10:30:00Z,2026-05-28T12:30:00+0200,-1.0,EUR/MWh,BE,BE,imbalance_price,Short,2026-06-20T12:20:56Z
2026-06-20T12:18:09Z,2026-06-20T14:18:09+0200,4bddbab4-20af-41f1-90cc-d649ae7f214d,2026-05-28T10:45:00Z,2026-05-28T12:45:00+0200,-1.0,EUR/MWh,BE,BE,imbalance_price,Long,2026-06-20T12:20:56Z
2026-06-20T12:18:09Z,2026-06-20T14:18:09+0200,4bddbab4-20af-41f1-90cc-d649ae7f214d,2026-05-28T10:45:00Z,2026-05-28T12:45:00+0200,-1.0,EUR/MWh,BE,BE,imbalance_price,Short,2026-06-20T12:20:56Z
2026-06-20T12:18:09Z,2026-06-20T14:18:09+0200,4bddbab4-20af-41f1-90cc-d649ae7f214d,2026-05-28T11:00:00Z,2026-05-28T13:00:00+0200,-1.0,EUR/MWh,BE,BE,imbalance_price,Long,2026-06-20T12:20:56Z
2026-06-20T12:18:09Z,2026-06-20T14:18:09+0200,4bddbab4-20af-41f1-90cc-d649ae7f214d,2026-05-28T11:00:00Z,2026-05-28T13:00:00+0200,-1.0,EUR/MWh,BE,BE,imbalance_price,Short,2026-06-20T12:20:56Z
2026-06-20T12:18:09Z,2026-06-20T14:18:09+0200,4bddbab4-20af-41f1-90cc-d649ae7f214d,2026-05-28T11:15:00Z,2026-05-28T13:15:00+0200,0.01,EUR/MWh,BE,BE,imbalance_price,Long,2026-06-20T12:20:56Z
2026-06-20T12:18:09Z,2026-06-20T14:18:09+0200,4bddbab4-20af-41f1-90cc-d649ae7f214d,2026-05-28T11:15:00Z,2026-05-28T13:15:00+0200,0.01,EUR/MWh,BE,BE,imbalance_price,Short,2026-06-20T12:20:56Z
2026-06-20T12:18:09Z,2026-06-20T14:18:09+0200,4bddbab4-20af-41f1-90cc-d649ae7f214d,2026-05-28T11:30:00Z,2026-05-28T13:30:00+0200,0.0,EUR/MWh,BE,BE,imbalance_price,Long,2026-06-20T12:20:56Z
2026-06-20T12:18:09Z,2026-06-20T14:18:09+0200,4bddbab4-20af-41f1-90cc-d649ae7f214d,2026-05-28T11:30:00Z,2026-05-28T13:30:00+0200,0.0,EUR/MWh,BE,BE,imbalance_price,Short,2026-06-20T12:20:56Z
2026-06-20T12:18:09Z,2026-06-20T14:18:09+0200,4bddbab4-20af-41f1-90cc-d649ae7f214d,2026-05-28T11:45:00Z,2026-05-28T13:45:00+0200,-3.19,EUR/MWh,BE,BE,imbalance_price,Long,2026-06-20T12:20:56Z
2026-06-20T12:18:09Z,2026-06-20T14:18:09+0200,4bddbab4-20af-41f1-90cc-d649ae7f214d,2026-05-28T11:45:00Z,2026-05-28T13:45:00+0200,-3.19,EUR/MWh,BE,BE,imbalance_price,Short,2026-06-20T12:20:56Z
2026-06-20T12:18:09Z,2026-06-20T14:18:09+0200,4bddbab4-20af-41f1-90cc-d649ae7f214d,2026-05-28T12:00:00Z,2026-05-28T14:00:00+0200,-19.9,EUR/MWh,BE,BE,imbalance_price,Long,2026-06-20T12:20:56Z
2026-06-20T12:18:09Z,2026-06-20T14:18:09+0200,4bddbab4-20af-41f1-90cc-d649ae7f214d,2026-05-28T12:00:00Z,2026-05-28T14:00:00+0200,-19.9,EUR/MWh,BE,BE,imbalance_price,Short,2026-06-20T12:20:56Z
2026-06-20T12:18:09Z,2026-06-20T14:18:09+0200,4bddbab4-20af-41f1-90cc-d649ae7f214d,2026-05-28T12:15:00Z,2026-05-28T14:15:00+0200,-4.68,EUR/MWh,BE,BE,imbalance_price,Long,2026-06-20T12:20:56Z
2026-06-20T12:18:09Z,2026-06-20T14:18:09+0200,4bddbab4-20af-41f1-90cc-d649ae7f214d,2026-05-28T12:15:00Z,2026-05-28T14:15:00+0200,-4.68,EUR/MWh,BE,BE,imbalance_price,Short,2026-06-20T12:20:56Z
2026-06-20T12:18:09Z,2026-06-20T14:18:09+0200,4bddbab4-20af-41f1-90cc-d649ae7f214d,2026-05-28T12:30:00Z,2026-05-28T14:30:00+0200,0.38,EUR/MWh,BE,BE,imbalance_price,Long,2026-06-20T12:20:56Z
2026-06-20T12:18:09Z,2026-06-20T14:18:09+0200,4bddbab4-20af-41f1-90cc-d649ae7f214d,2026-05-28T12:30:00Z,2026-05-28T14:30:00+0200,0.38,EUR/MWh,BE,BE,imbalance_price,Short,2026-06-20T12:20:56Z
2026-06-20T12:18:09Z,2026-06-20T14:18:09+0200,4bddbab4-20af-41f1-90cc-d649ae7f214d,2026-05-28T12:45:00Z,2026-05-28T14:45:00+0200,-1.0,EUR/MWh,BE,BE,imbalance_price,Long,2026-06-20T12:20:56Z
2026-06-20T12:18:09Z,2026-06-20T14:18:09+0200,4bddbab4-20af-41f1-90cc-d649ae7f214d,2026-05-28T12:45:00Z,2026-05-28T14:45:00+0200,-1.0,EUR/MWh,BE,BE,imbalance_price,Short,2026-06-20T12:20:56Z
2026-06-20T12:18:09Z,2026-06-20T14:18:09+0200,4bddbab4-20af-41f1-90cc-d649ae7f214d,2026-05-28T13:00:00Z,2026-05-28T15:00:00+0200,-9.26,EUR/MWh,BE,BE,imbalance_price,Long,2026-06-20T12:20:56Z
2026-06-20T12:18:09Z,2026-06-20T14:18:09+0200,4bddbab4-20af-41f1-90cc-d649ae7f214d,2026-05-28T13:00:00Z,2026-05-28T15:00:00+0200,-9.26,EUR/MWh,BE,BE,imbalance_price,Short,2026-06-20T12:20:56Z
2026-06-20T12:18:09Z,2026-06-20T14:18:09+0200,4bddbab4-20af-41f1-90cc-d649ae7f214d,2026-05-28T13:15:00Z,2026-05-28T15:15:00+0200,-0.83,EUR/MWh,BE,BE,imbalance_price,Long,2026-06-20T12:20:56Z
2026-06-20T12:18:09Z,2026-06-20T14:18:09+0200,4bddbab4-20af-41f1-90cc-d649ae7f214d,2026-05-28T13:15:00Z,2026-05-28T15:15:00+0200,-0.83,EUR/MWh,BE,BE,imbalance_price,Short,2026-06-20T12:20:56Z
2026-06-20T12:18:09Z,2026-06-20T14:18:09+0200,4bddbab4-20af-41f1-90cc-d649ae7f214d,2026-05-28T13:30:00Z,2026-05-28T15:30:00+0200,20.06,EUR/MWh,BE,BE,imbalance_price,Long,2026-06-20T12:20:56Z
2026-06-20T12:18:09Z,2026-06-20T14:18:09+0200,4bddbab4-20af-41f1-90cc-d649ae7f214d,2026-05-28T13:30:00Z,2026-05-28T15:30:00+0200,20.06,EUR/MWh,BE,BE,imbalance_price,Short,2026-06-20T12:20:56Z
2026-06-20T12:18:09Z,2026-06-20T14:18:09+0200,4bddbab4-20af-41f1-90cc-d649ae7f214d,2026-05-28T13:45:00Z,2026-05-28T15:45:00+0200,2.12,EUR/MWh,BE,BE,imbalance_price,Long,2026-06-20T12:20:56Z
2026-06-20T12:18:09Z,2026-06-20T14:18:09+0200,4bddbab4-20af-41f1-90cc-d649ae7f214d,2026-05-28T13:45:00Z,2026-05-28T15:45:00+0200,2.12,EUR/MWh,BE,BE,imbalance_price,Short,2026-06-20T12:20:56Z
2026-06-20T12:18:09Z,2026-06-20T14:18:09+0200,4bddbab4-20af-41f1-90cc-d649ae7f214d,2026-05-28T14:00:00Z,2026-05-28T16:00:00+0200,25.3,EUR/MWh,BE,BE,imbalance_price,Long,2026-06-20T12:20:56Z
2026-06-20T12:18:09Z,2026-06-20T14:18:09+0200,4bddbab4-20af-41f1-90cc-d649ae7f214d,2026-05-28T14:00:00Z,2026-05-28T16:00:00+0200,25.3,EUR/MWh,BE,BE,imbalance_price,Short,2026-06-20T12:20:56Z
2026-06-20T12:18:09Z,2026-06-20T14:18:09+0200,4bddbab4-20af-41f1-90cc-d649ae7f214d,2026-05-28T14:15:00Z,2026-05-28T16:15:00+0200,-6.97,EUR/MWh,BE,BE,imbalance_price,Long,2026-06-20T12:20:56Z
2026-06-20T12:18:09Z,2026-06-20T14:18:09+0200,4bddbab4-20af-41f1-90cc-d649ae7f214d,2026-05-28T14:15:00Z,2026-05-28T16:15:00+0200,-6.97,EUR/MWh,BE,BE,imbalance_price,Short,2026-06-20T12:20:56Z
2026-06-20T12:18:09Z,2026-06-20T14:18:09+0200,4bddbab4-20af-41f1-90cc-d649ae7f214d,2026-05-28T14:30:00Z,2026-05-28T16:30:00+0200,51.96,EUR/MWh,BE,BE,imbalance_price,Long,2026-06-20T12:20:56Z
2026-06-20T12:18:09Z,2026-06-20T14:18:09+0200,4bddbab4-20af-41f1-90cc-d649ae7f214d,2026-05-28T14:30:00Z,2026-05-28T16:30:00+0200,51.96,EUR/MWh,BE,BE,imbalance_price,Short,2026-06-20T12:20:56Z
2026-06-20T12:18:09Z,2026-06-20T14:18:09+0200,4bddbab4-20af-41f1-90cc-d649ae7f214d,2026-05-28T14:45:00Z,2026-05-28T16:45:00+0200,64.75,EUR/MWh,BE,BE,imbalance_price,Long,2026-06-20T12:20:56Z
2026-06-20T12:18:09Z,2026-06-20T14:18:09+0200,4bddbab4-20af-41f1-90cc-d649ae7f214d,2026-05-28T14:45:00Z,2026-05-28T16:45:00+0200,64.75,EUR/MWh,BE,BE,imbalance_price,Short,2026-06-20T12:20:56Z
2026-06-20T12:18:09Z,2026-06-20T14:18:09+0200,4bddbab4-20af-41f1-90cc-d649ae7f214d,2026-05-28T15:00:00Z,2026-05-28T17:00:00+0200,78.35,EUR/MWh,BE,BE,imbalance_price,Long,2026-06-20T12:20:56Z
2026-06-20T12:18:09Z,2026-06-20T14:18:09+0200,4bddbab4-20af-41f1-90cc-d649ae7f214d,2026-05-28T15:00:00Z,2026-05-28T17:00:00+0200,78.35,EUR/MWh,BE,BE,imbalance_price,Short,2026-06-20T12:20:56Z
2026-06-20T12:18:09Z,2026-06-20T14:18:09+0200,4bddbab4-20af-41f1-90cc-d649ae7f214d,2026-05-28T15:15:00Z,2026-05-28T17:15:00+0200,97.0,EUR/MWh,BE,BE,imbalance_price,Long,2026-06-20T12:20:56Z
2026-06-20T12:18:09Z,2026-06-20T14:18:09+0200,4bddbab4-20af-41f1-90cc-d649ae7f214d,2026-05-28T15:15:00Z,2026-05-28T17:15:00+0200,97.0,EUR/MWh,BE,BE,imbalance_price,Short,2026-06-20T12:20:56Z
2026-06-20T12:18:09Z,2026-06-20T14:18:09+0200,4bddbab4-20af-41f1-90cc-d649ae7f214d,2026-05-28T15:30:00Z,2026-05-28T17:30:00+0200,197.25,EUR/MWh,BE,BE,imbalance_price,Long,2026-06-20T12:20:56Z
2026-06-20T12:18:09Z,2026-06-20T14:18:09+0200,4bddbab4-20af-41f1-90cc-d649ae7f214d,2026-05-28T15:30:00Z,2026-05-28T17:30:00+0200,197.25,EUR/MWh,BE,BE,imbalance_price,Short,2026-06-20T12:20:56Z
2026-06-20T12:18:09Z,2026-06-20T14:18:09+0200,4bddbab4-20af-41f1-90cc-d649ae7f214d,2026-05-28T15:45:00Z,2026-05-28T17:45:00+0200,155.01,EUR/MWh,BE,BE,imbalance_price,Long,2026-06-20T12:20:56Z
2026-06-20T12:18:09Z,2026-06-20T14:18:09+0200,4bddbab4-20af-41f1-90cc-d649ae7f214d,2026-05-28T15:45:00Z,2026-05-28T17:45:00+0200,155.01,EUR/MWh,BE,BE,imbalance_price,Short,2026-06-20T12:20:56Z
2026-06-20T12:18:09Z,2026-06-20T14:18:09+0200,4bddbab4-20af-41f1-90cc-d649ae7f214d,2026-05-28T16:00:00Z,2026-05-28T18:00:00+0200,129.84,EUR/MWh,BE,BE,imbalance_price,Long,2026-06-20T12:20:56Z
2026-06-20T12:18:09Z,2026-06-20T14:18:09+0200,4bddbab4-20af-41f1-90cc-d649ae7f214d,2026-05-28T16:00:00Z,2026-05-28T18:00:00+0200,129.84,EUR/MWh,BE,BE,imbalance_price,Short,2026-06-20T12:20:56Z
2026-06-20T12:18:09Z,2026-06-20T14:18:09+0200,4bddbab4-20af-41f1-90cc-d649ae7f214d,2026-05-28T16:15:00Z,2026-05-28T18:15:00+0200,155.76,EUR/MWh,BE,BE,imbalance_price,Long,2026-06-20T12:20:56Z
2026-06-20T12:18:09Z,2026-06-20T14:18:09+0200,4bddbab4-20af-41f1-90cc-d649ae7f214d,2026-05-28T16:15:00Z,2026-05-28T18:15:00+0200,155.76,EUR/MWh,BE,BE,imbalance_price,Short,2026-06-20T12:20:56Z
2026-06-20T12:18:09Z,2026-06-20T14:18:09+0200,4bddbab4-20af-41f1-90cc-d649ae7f214d,2026-05-28T16:30:00Z,2026-05-28T18:30:00+0200,165.59,EUR/MWh,BE,BE,imbalance_price,Long,2026-06-20T12:20:56Z
2026-06-20T12:18:09Z,2026-06-20T14:18:09+0200,4bddbab4-20af-41f1-90cc-d649ae7f214d,2026-05-28T16:30:00Z,2026-05-28T18:30:00+0200,165.59,EUR/MWh,BE,BE,imbalance_price,Short,2026-06-20T12:20:56Z
2026-06-20T12:18:09Z,2026-06-20T14:18:09+0200,4bddbab4-20af-41f1-90cc-d649ae7f214d,2026-05-28T16:45:00Z,2026-05-28T18:45:00+0200,200.0,EUR/MWh,BE,BE,imbalance_price,Long,2026-06-20T12:20:56Z
2026-06-20T12:18:09Z,2026-06-20T14:18:09+0200,4bddbab4-20af-41f1-90cc-d649ae7f214d,2026-05-28T16:45:00Z,2026-05-28T18:45:00+0200,200.0,EUR/MWh,BE,BE,imbalance_price,Short,2026-06-20T12:20:56Z
2026-06-20T12:18:09Z,2026-06-20T14:18:09+0200,4bddbab4-20af-41f1-90cc-d649ae7f214d,2026-05-28T17:00:00Z,2026-05-28T19:00:00+0200,198.38,EUR/MWh,BE,BE,imbalance_price,Long,2026-06-20T12:20:56Z
2026-06-20T12:18:09Z,2026-06-20T14:18:09+0200,4bddbab4-20af-41f1-90cc-d649ae7f214d,2026-05-28T17:00:00Z,2026-05-28T19:00:00+0200,198.38,EUR/MWh,BE,BE,imbalance_price,Short,2026-06-20T12:20:56Z
2026-06-20T12:18:09Z,2026-06-20T14:18:09+0200,4bddbab4-20af-41f1-90cc-d649ae7f214d,2026-05-28T17:15:00Z,2026-05-28T19:15:00+0200,200.0,EUR/MWh,BE,BE,imbalance_price,Long,2026-06-20T12:20:56Z
2026-06-20T12:18:09Z,2026-06-20T14:18:09+0200,4bddbab4-20af-41f1-90cc-d649ae7f214d,2026-05-28T17:15:00Z,2026-05-28T19:15:00+0200,200.0,EUR/MWh,BE,BE,imbalance_price,Short,2026-06-20T12:20:56Z
2026-06-20T12:18:09Z,2026-06-20T14:18:09+0200,4bddbab4-20af-41f1-90cc-d649ae7f214d,2026-05-28T17:30:00Z,2026-05-28T19:30:00+0200,201.36,EUR/MWh,BE,BE,imbalance_price,Long,2026-06-20T12:20:56Z
2026-06-20T12:18:09Z,2026-06-20T14:18:09+0200,4bddbab4-20af-41f1-90cc-d649ae7f214d,2026-05-28T17:30:00Z,2026-05-28T19:30:00+0200,201.36,EUR/MWh,BE,BE,imbalance_price,Short,2026-06-20T12:20:56Z
2026-06-20T12:18:09Z,2026-06-20T14:18:09+0200,4bddbab4-20af-41f1-90cc-d649ae7f214d,2026-05-28T17:45:00Z,2026-05-28T19:45:00+0200,218.91,EUR/MWh,BE,BE,imbalance_price,Long,2026-06-20T12:20:56Z
2026-06-20T12:18:09Z,2026-06-20T14:18:09+0200,4bddbab4-20af-41f1-90cc-d649ae7f214d,2026-05-28T17:45:00Z,2026-05-28T19:45:00+0200,218.91,EUR/MWh,BE,BE,imbalance_price,Short,2026-06-20T12:20:56Z
2026-06-20T12:18:09Z,2026-06-20T14:18:09+0200,4bddbab4-20af-41f1-90cc-d649ae7f214d,2026-05-28T18:00:00Z,2026-05-28T20:00:00+0200,223.94,EUR/MWh,BE,BE,imbalance_price,Long,2026-06-20T12:20:56Z
2026-06-20T12:18:09Z,2026-06-20T14:18:09+0200,4bddbab4-20af-41f1-90cc-d649ae7f214d,2026-05-28T18:00:00Z,2026-05-28T20:00:00+0200,223.94,EUR/MWh,BE,BE,imbalance_price,Short,2026-06-20T12:20:56Z
2026-06-20T12:18:09Z,2026-06-20T14:18:09+0200,4bddbab4-20af-41f1-90cc-d649ae7f214d,2026-05-28T18:15:00Z,2026-05-28T20:15:00+0200,208.43,EUR/MWh,BE,BE,imbalance_price,Long,2026-06-20T12:20:56Z
2026-06-20T12:18:09Z,2026-06-20T14:18:09+0200,4bddbab4-20af-41f1-90cc-d649ae7f214d,2026-05-28T18:15:00Z,2026-05-28T20:15:00+0200,208.43,EUR/MWh,BE,BE,imbalance_price,Short,2026-06-20T12:20:56Z
2026-06-20T12:18:09Z,2026-06-20T14:18:09+0200,4bddbab4-20af-41f1-90cc-d649ae7f214d,2026-05-28T18:30:00Z,2026-05-28T20:30:00+0200,192.32,EUR/MWh,BE,BE,imbalance_price,Long,2026-06-20T12:20:56Z
2026-06-20T12:18:09Z,2026-06-20T14:18:09+0200,4bddbab4-20af-41f1-90cc-d649ae7f214d,2026-05-28T18:30:00Z,2026-05-28T20:30:00+0200,192.32,EUR/MWh,BE,BE,imbalance_price,Short,2026-06-20T12:20:56Z
2026-06-20T12:18:09Z,2026-06-20T14:18:09+0200,4bddbab4-20af-41f1-90cc-d649ae7f214d,2026-05-28T18:45:00Z,2026-05-28T20:45:00+0200,225.84,EUR/MWh,BE,BE,imbalance_price,Long,2026-06-20T12:20:56Z
2026-06-20T12:18:09Z,2026-06-20T14:18:09+0200,4bddbab4-20af-41f1-90cc-d649ae7f214d,2026-05-28T18:45:00Z,2026-05-28T20:45:00+0200,225.84,EUR/MWh,BE,BE,imbalance_price,Short,2026-06-20T12:20:56Z
2026-06-20T12:18:09Z,2026-06-20T14:18:09+0200,4bddbab4-20af-41f1-90cc-d649ae7f214d,2026-05-28T19:00:00Z,2026-05-28T21:00:00+0200,218.47,EUR/MWh,BE,BE,imbalance_price,Long,2026-06-20T12:20:56Z
2026-06-20T12:18:09Z,2026-06-20T14:18:09+0200,4bddbab4-20af-41f1-90cc-d649ae7f214d,2026-05-28T19:00:00Z,2026-05-28T21:00:00+0200,218.47,EUR/MWh,BE,BE,imbalance_price,Short,2026-06-20T12:20:56Z
2026-06-20T12:18:09Z,2026-06-20T14:18:09+0200,4bddbab4-20af-41f1-90cc-d649ae7f214d,2026-05-28T19:15:00Z,2026-05-28T21:15:00+0200,201.05,EUR/MWh,BE,BE,imbalance_price,Long,2026-06-20T12:20:56Z
2026-06-20T12:18:09Z,2026-06-20T14:18:09+0200,4bddbab4-20af-41f1-90cc-d649ae7f214d,2026-05-28T19:15:00Z,2026-05-28T21:15:00+0200,201.05,EUR/MWh,BE,BE,imbalance_price,Short,2026-06-20T12:20:56Z
2026-06-20T12:18:09Z,2026-06-20T14:18:09+0200,4bddbab4-20af-41f1-90cc-d649ae7f214d,2026-05-28T19:30:00Z,2026-05-28T21:30:00+0200,162.31,EUR/MWh,BE,BE,imbalance_price,Long,2026-06-20T12:20:56Z
2026-06-20T12:18:09Z,2026-06-20T14:18:09+0200,4bddbab4-20af-41f1-90cc-d649ae7f214d,2026-05-28T19:30:00Z,2026-05-28T21:30:00+0200,162.31,EUR/MWh,BE,BE,imbalance_price,Short,2026-06-20T12:20:56Z
2026-06-20T12:18:09Z,2026-06-20T14:18:09+0200,4bddbab4-20af-41f1-90cc-d649ae7f214d,2026-05-28T19:45:00Z,2026-05-28T21:45:00+0200,150.28,EUR/MWh,BE,BE,imbalance_price,Long,2026-06-20T12:20:56Z
2026-06-20T12:18:09Z,2026-06-20T14:18:09+0200,4bddbab4-20af-41f1-90cc-d649ae7f214d,2026-05-28T19:45:00Z,2026-05-28T21:45:00+0200,150.28,EUR/MWh,BE,BE,imbalance_price,Short,2026-06-20T12:20:56Z
2026-06-20T12:18:09Z,2026-06-20T14:18:09+0200,4bddbab4-20af-41f1-90cc-d649ae7f214d,2026-05-28T20:00:00Z,2026-05-28T22:00:00+0200,151.27,EUR/MWh,BE,BE,imbalance_price,Long,2026-06-20T12:20:56Z
2026-06-20T12:18:09Z,2026-06-20T14:18:09+0200,4bddbab4-20af-41f1-90cc-d649ae7f214d,2026-05-28T20:00:00Z,2026-05-28T22:00:00+0200,151.27,EUR/MWh,BE,BE,imbalance_price,Short,2026-06-20T12:20:56Z
2026-06-20T12:18:09Z,2026-06-20T14:18:09+0200,4bddbab4-20af-41f1-90cc-d649ae7f214d,2026-05-28T20:15:00Z,2026-05-28T22:15:00+0200,220.0,EUR/MWh,BE,BE,imbalance_price,Long,2026-06-20T12:20:56Z
2026-06-20T12:18:09Z,2026-06-20T14:18:09+0200,4bddbab4-20af-41f1-90cc-d649ae7f214d,2026-05-28T20:15:00Z,2026-05-28T22:15:00+0200,220.0,EUR/MWh,BE,BE,imbalance_price,Short,2026-06-20T12:20:56Z
2026-06-20T12:18:09Z,2026-06-20T14:18:09+0200,4bddbab4-20af-41f1-90cc-d649ae7f214d,2026-05-28T20:30:00Z,2026-05-28T22:30:00+0200,115.57,EUR/MWh,BE,BE,imbalance_price,Long,2026-06-20T12:20:56Z
2026-06-20T12:18:09Z,2026-06-20T14:18:09+0200,4bddbab4-20af-41f1-90cc-d649ae7f214d,2026-05-28T20:30:00Z,2026-05-28T22:30:00+0200,115.57,EUR/MWh,BE,BE,imbalance_price,Short,2026-06-20T12:20:56Z
2026-06-20T12:18:09Z,2026-06-20T14:18:09+0200,4bddbab4-20af-41f1-90cc-d649ae7f214d,2026-05-28T20:45:00Z,2026-05-28T22:45:00+0200,144.57,EUR/MWh,BE,BE,imbalance_price,Long,2026-06-20T12:20:56Z
2026-06-20T12:18:09Z,2026-06-20T14:18:09+0200,4bddbab4-20af-41f1-90cc-d649ae7f214d,2026-05-28T20:45:00Z,2026-05-28T22:45:00+0200,144.57,EUR/MWh,BE,BE,imbalance_price,Short,2026-06-20T12:20:56Z
2026-06-20T12:18:09Z,2026-06-20T14:18:09+0200,4bddbab4-20af-41f1-90cc-d649ae7f214d,2026-05-28T21:00:00Z,2026-05-28T23:00:00+0200,98.79,EUR/MWh,BE,BE,imbalance_price,Long,2026-06-20T12:20:56Z
2026-06-20T12:18:09Z,2026-06-20T14:18:09+0200,4bddbab4-20af-41f1-90cc-d649ae7f214d,2026-05-28T21:00:00Z,2026-05-28T23:00:00+0200,98.79,EUR/MWh,BE,BE,imbalance_price,Short,2026-06-20T12:20:56Z
2026-06-20T12:18:09Z,2026-06-20T14:18:09+0200,4bddbab4-20af-41f1-90cc-d649ae7f214d,2026-05-28T21:15:00Z,2026-05-28T23:15:00+0200,89.76,EUR/MWh,BE,BE,imbalance_price,Long,2026-06-20T12:20:56Z
2026-06-20T12:18:09Z,2026-06-20T14:18:09+0200,4bddbab4-20af-41f1-90cc-d649ae7f214d,2026-05-28T21:15:00Z,2026-05-28T23:15:00+0200,89.76,EUR/MWh,BE,BE,imbalance_price,Short,2026-06-20T12:20:56Z
2026-06-20T12:18:09Z,2026-06-20T14:18:09+0200,4bddbab4-20af-41f1-90cc-d649ae7f214d,2026-05-28T21:30:00Z,2026-05-28T23:30:00+0200,98.04,EUR/MWh,BE,BE,imbalance_price,Long,2026-06-20T12:20:56Z
2026-06-20T12:18:09Z,2026-06-20T14:18:09+0200,4bddbab4-20af-41f1-90cc-d649ae7f214d,2026-05-28T21:30:00Z,2026-05-28T23:30:00+0200,98.04,EUR/MWh,BE,BE,imbalance_price,Short,2026-06-20T12:20:56Z
2026-06-20T12:18:09Z,2026-06-20T14:18:09+0200,4bddbab4-20af-41f1-90cc-d649ae7f214d,2026-05-28T21:45:00Z,2026-05-28T23:45:00+0200,94.89,EUR/MWh,BE,BE,imbalance_price,Long,2026-06-20T12:20:56Z
2026-06-20T12:18:09Z,2026-06-20T14:18:09+0200,4bddbab4-20af-41f1-90cc-d649ae7f214d,2026-05-28T21:45:00Z,2026-05-28T23:45:00+0200,94.89,EUR/MWh,BE,BE,imbalance_price,Short,2026-06-20T12:20:56Z
2026-06-20T12:18:09Z,2026-06-20T14:18:09+0200,4bddbab4-20af-41f1-90cc-d649ae7f214d,2026-05-28T22:00:00Z,2026-05-29T00:00:00+0200,115.81,EUR/MWh,BE,BE,imbalance_price,Long,2026-06-20T12:20:56Z
2026-06-20T12:18:09Z,2026-06-20T14:18:09+0200,4bddbab4-20af-41f1-90cc-d649ae7f214d,2026-05-28T22:00:00Z,2026-05-29T00:00:00+0200,115.81,EUR/MWh,BE,BE,imbalance_price,Short,2026-06-20T12:20:56Z
2026-06-20T12:18:09Z,2026-06-20T14:18:09+0200,4bddbab4-20af-41f1-90cc-d649ae7f214d,2026-05-28T22:15:00Z,2026-05-29T00:15:00+0200,116.09,EUR/MWh,BE,BE,imbalance_price,Long,2026-06-20T12:20:56Z
2026-06-20T12:18:09Z,2026-06-20T14:18:09+0200,4bddbab4-20af-41f1-90cc-d649ae7f214d,2026-05-28T22:15:00Z,2026-05-29T00:15:00+0200,116.09,EUR/MWh,BE,BE,imbalance_price,Short,2026-06-20T12:20:56Z
2026-06-20T12:18:09Z,2026-06-20T14:18:09+0200,4bddbab4-20af-41f1-90cc-d649ae7f214d,2026-05-28T22:30:00Z,2026-05-29T00:30:00+0200,100.17,EUR/MWh,BE,BE,imbalance_price,Long,2026-06-20T12:20:56Z
2026-06-20T12:18:09Z,2026-06-20T14:18:09+0200,4bddbab4-20af-41f1-90cc-d649ae7f214d,2026-05-28T22:30:00Z,2026-05-29T00:30:00+0200,100.17,EUR/MWh,BE,BE,imbalance_price,Short,2026-06-20T12:20:56Z
2026-06-20T12:18:09Z,2026-06-20T14:18:09+0200,4bddbab4-20af-41f1-90cc-d649ae7f214d,2026-05-28T22:45:00Z,2026-05-29T00:45:00+0200,71.42,EUR/MWh,BE,BE,imbalance_price,Long,2026-06-20T12:20:56Z
2026-06-20T12:18:09Z,2026-06-20T14:18:09+0200,4bddbab4-20af-41f1-90cc-d649ae7f214d,2026-05-28T22:45:00Z,2026-05-29T00:45:00+0200,71.42,EUR/MWh,BE,BE,imbalance_price,Short,2026-06-20T12:20:56Z
2026-06-20T12:18:09Z,2026-06-20T14:18:09+0200,4bddbab4-20af-41f1-90cc-d649ae7f214d,2026-05-28T23:00:00Z,2026-05-29T01:00:00+0200,106.42,EUR/MWh,BE,BE,imbalance_price,Long,2026-06-20T12:20:56Z
2026-06-20T12:18:09Z,2026-06-20T14:18:09+0200,4bddbab4-20af-41f1-90cc-d649ae7f214d,2026-05-28T23:00:00Z,2026-05-29T01:00:00+0200,106.42,EUR/MWh,BE,BE,imbalance_price,Short,2026-06-20T12:20:56Z
2026-06-20T12:18:09Z,2026-06-20T14:18:09+0200,4bddbab4-20af-41f1-90cc-d649ae7f214d,2026-05-28T23:15:00Z,2026-05-29T01:15:00+0200,105.69,EUR/MWh,BE,BE,imbalance_price,Long,2026-06-20T12:20:56Z
2026-06-20T12:18:09Z,2026-06-20T14:18:09+0200,4bddbab4-20af-41f1-90cc-d649ae7f214d,2026-05-28T23:15:00Z,2026-05-29T01:15:00+0200,105.69,EUR/MWh,BE,BE,imbalance_price,Short,2026-06-20T12:20:56Z
2026-06-20T12:18:09Z,2026-06-20T14:18:09+0200,4bddbab4-20af-41f1-90cc-d649ae7f214d,2026-05-28T23:30:00Z,2026-05-29T01:30:00+0200,112.01,EUR/MWh,BE,BE,imbalance_price,Long,2026-06-20T12:20:56Z
2026-06-20T12:18:09Z,2026-06-20T14:18:09+0200,4bddbab4-20af-41f1-90cc-d649ae7f214d,2026-05-28T23:30:00Z,2026-05-29T01:30:00+0200,112.01,EUR/MWh,BE,BE,imbalance_price,Short,2026-06-20T12:20:56Z
2026-06-20T12:18:09Z,2026-06-20T14:18:09+0200,4bddbab4-20af-41f1-90cc-d649ae7f214d,2026-05-28T23:45:00Z,2026-05-29T01:45:00+0200,105.68,EUR/MWh,BE,BE,imbalance_price,Long,2026-06-20T12:20:56Z
2026-06-20T12:18:09Z,2026-06-20T14:18:09+0200,4bddbab4-20af-41f1-90cc-d649ae7f214d,2026-05-28T23:45:00Z,2026-05-29T01:45:00+0200,105.68,EUR/MWh,BE,BE,imbalance_price,Short,2026-06-20T12:20:56Z
2026-06-20T12:18:09Z,2026-06-20T14:18:09+0200,4bddbab4-20af-41f1-90cc-d649ae7f214d,2026-05-29T00:00:00Z,2026-05-29T02:00:00+0200,131.41,EUR/MWh,BE,BE,imbalance_price,Long,2026-06-20T12:20:56Z
2026-06-20T12:18:09Z,2026-06-20T14:18:09+0200,4bddbab4-20af-41f1-90cc-d649ae7f214d,2026-05-29T00:00:00Z,2026-05-29T02:00:00+0200,131.41,EUR/MWh,BE,BE,imbalance_price,Short,2026-06-20T12:20:56Z
2026-06-20T12:18:09Z,2026-06-20T14:18:09+0200,4bddbab4-20af-41f1-90cc-d649ae7f214d,2026-05-29T00:15:00Z,2026-05-29T02:15:00+0200,123.74,EUR/MWh,BE,BE,imbalance_price,Long,2026-06-20T12:20:56Z
2026-06-20T12:18:09Z,2026-06-20T14:18:09+0200,4bddbab4-20af-41f1-90cc-d649ae7f214d,2026-05-29T00:15:00Z,2026-05-29T02:15:00+0200,123.74,EUR/MWh,BE,BE,imbalance_price,Short,2026-06-20T12:20:56Z
2026-06-20T12:18:09Z,2026-06-20T14:18:09+0200,4bddbab4-20af-41f1-90cc-d649ae7f214d,2026-05-29T00:30:00Z,2026-05-29T02:30:00+0200,124.91,EUR/MWh,BE,BE,imbalance_price,Long,2026-06-20T12:20:56Z
2026-06-20T12:18:09Z,2026-06-20T14:18:09+0200,4bddbab4-20af-41f1-90cc-d649ae7f214d,2026-05-29T00:30:00Z,2026-05-29T02:30:00+0200,124.91,EUR/MWh,BE,BE,imbalance_price,Short,2026-06-20T12:20:56Z
2026-06-20T12:18:09Z,2026-06-20T14:18:09+0200,4bddbab4-20af-41f1-90cc-d649ae7f214d,2026-05-29T00:45:00Z,2026-05-29T02:45:00+0200,129.8,EUR/MWh,BE,BE,imbalance_price,Long,2026-06-20T12:20:56Z
2026-06-20T12:18:09Z,2026-06-20T14:18:09+0200,4bddbab4-20af-41f1-90cc-d649ae7f214d,2026-05-29T00:45:00Z,2026-05-29T02:45:00+0200,129.8,EUR/MWh,BE,BE,imbalance_price,Short,2026-06-20T12:20:56Z
2026-06-20T12:18:09Z,2026-06-20T14:18:09+0200,4bddbab4-20af-41f1-90cc-d649ae7f214d,2026-05-29T01:00:00Z,2026-05-29T03:00:00+0200,137.45,EUR/MWh,BE,BE,imbalance_price,Long,2026-06-20T12:20:56Z
2026-06-20T12:18:09Z,2026-06-20T14:18:09+0200,4bddbab4-20af-41f1-90cc-d649ae7f214d,2026-05-29T01:00:00Z,2026-05-29T03:00:00+0200,137.45,EUR/MWh,BE,BE,imbalance_price,Short,2026-06-20T12:20:56Z
2026-06-20T12:18:09Z,2026-06-20T14:18:09+0200,4bddbab4-20af-41f1-90cc-d649ae7f214d,2026-05-29T01:15:00Z,2026-05-29T03:15:00+0200,125.82,EUR/MWh,BE,BE,imbalance_price,Long,2026-06-20T12:20:56Z
2026-06-20T12:18:09Z,2026-06-20T14:18:09+0200,4bddbab4-20af-41f1-90cc-d649ae7f214d,2026-05-29T01:15:00Z,2026-05-29T03:15:00+0200,125.82,EUR/MWh,BE,BE,imbalance_price,Short,2026-06-20T12:20:56Z
2026-06-20T12:18:09Z,2026-06-20T14:18:09+0200,4bddbab4-20af-41f1-90cc-d649ae7f214d,2026-05-29T01:30:00Z,2026-05-29T03:30:00+0200,124.32,EUR/MWh,BE,BE,imbalance_price,Long,2026-06-20T12:20:56Z
2026-06-20T12:18:09Z,2026-06-20T14:18:09+0200,4bddbab4-20af-41f1-90cc-d649ae7f214d,2026-05-29T01:30:00Z,2026-05-29T03:30:00+0200,124.32,EUR/MWh,BE,BE,imbalance_price,Short,2026-06-20T12:20:56Z
2026-06-20T12:18:09Z,2026-06-20T14:18:09+0200,4bddbab4-20af-41f1-90cc-d649ae7f214d,2026-05-29T01:45:00Z,2026-05-29T03:45:00+0200,134.57,EUR/MWh,BE,BE,imbalance_price,Long,2026-06-20T12:20:56Z
2026-06-20T12:18:09Z,2026-06-20T14:18:09+0200,4bddbab4-20af-41f1-90cc-d649ae7f214d,2026-05-29T01:45:00Z,2026-05-29T03:45:00+0200,134.57,EUR/MWh,BE,BE,imbalance_price,Short,2026-06-20T12:20:56Z
2026-06-20T12:18:09Z,2026-06-20T14:18:09+0200,4bddbab4-20af-41f1-90cc-d649ae7f214d,2026-05-29T02:00:00Z,2026-05-29T04:00:00+0200,115.91,EUR/MWh,BE,BE,imbalance_price,Long,2026-06-20T12:20:56Z
2026-06-20T12:18:09Z,2026-06-20T14:18:09+0200,4bddbab4-20af-41f1-90cc-d649ae7f214d,2026-05-29T02:00:00Z,2026-05-29T04:00:00+0200,115.91,EUR/MWh,BE,BE,imbalance_price,Short,2026-06-20T12:20:56Z
2026-06-20T12:18:09Z,2026-06-20T14:18:09+0200,4bddbab4-20af-41f1-90cc-d649ae7f214d,2026-05-29T02:15:00Z,2026-05-29T04:15:00+0200,101.52,EUR/MWh,BE,BE,imbalance_price,Long,2026-06-20T12:20:56Z
2026-06-20T12:18:09Z,2026-06-20T14:18:09+0200,4bddbab4-20af-41f1-90cc-d649ae7f214d,2026-05-29T02:15:00Z,2026-05-29T04:15:00+0200,101.52,EUR/MWh,BE,BE,imbalance_price,Short,2026-06-20T12:20:56Z
2026-06-20T12:18:09Z,2026-06-20T14:18:09+0200,4bddbab4-20af-41f1-90cc-d649ae7f214d,2026-05-29T02:30:00Z,2026-05-29T04:30:00+0200,100.63,EUR/MWh,BE,BE,imbalance_price,Long,2026-06-20T12:20:56Z
2026-06-20T12:18:09Z,2026-06-20T14:18:09+0200,4bddbab4-20af-41f1-90cc-d649ae7f214d,2026-05-29T02:30:00Z,2026-05-29T04:30:00+0200,100.63,EUR/MWh,BE,BE,imbalance_price,Short,2026-06-20T12:20:56Z
2026-06-20T12:18:09Z,2026-06-20T14:18:09+0200,4bddbab4-20af-41f1-90cc-d649ae7f214d,2026-05-29T02:45:00Z,2026-05-29T04:45:00+0200,93.33,EUR/MWh,BE,BE,imbalance_price,Long,2026-06-20T12:20:56Z
2026-06-20T12:18:09Z,2026-06-20T14:18:09+0200,4bddbab4-20af-41f1-90cc-d649ae7f214d,2026-05-29T02:45:00Z,2026-05-29T04:45:00+0200,93.33,EUR/MWh,BE,BE,imbalance_price,Short,2026-06-20T12:20:56Z
2026-06-20T12:18:09Z,2026-06-20T14:18:09+0200,4bddbab4-20af-41f1-90cc-d649ae7f214d,2026-05-29T03:00:00Z,2026-05-29T05:00:00+0200,135.54,EUR/MWh,BE,BE,imbalance_price,Long,2026-06-20T12:20:56Z
2026-06-20T12:18:09Z,2026-06-20T14:18:09+0200,4bddbab4-20af-41f1-90cc-d649ae7f214d,2026-05-29T03:00:00Z,2026-05-29T05:00:00+0200,135.54,EUR/MWh,BE,BE,imbalance_price,Short,2026-06-20T12:20:56Z
2026-06-20T12:18:09Z,2026-06-20T14:18:09+0200,4bddbab4-20af-41f1-90cc-d649ae7f214d,2026-05-29T03:15:00Z,2026-05-29T05:15:00+0200,128.16,EUR/MWh,BE,BE,imbalance_price,Long,2026-06-20T12:20:56Z
2026-06-20T12:18:09Z,2026-06-20T14:18:09+0200,4bddbab4-20af-41f1-90cc-d649ae7f214d,2026-05-29T03:15:00Z,2026-05-29T05:15:00+0200,128.16,EUR/MWh,BE,BE,imbalance_price,Short,2026-06-20T12:20:56Z
2026-06-20T12:18:09Z,2026-06-20T14:18:09+0200,4bddbab4-20af-41f1-90cc-d649ae7f214d,2026-05-29T03:30:00Z,2026-05-29T05:30:00+0200,131.73,EUR/MWh,BE,BE,imbalance_price,Long,2026-06-20T12:20:56Z
2026-06-20T12:18:09Z,2026-06-20T14:18:09+0200,4bddbab4-20af-41f1-90cc-d649ae7f214d,2026-05-29T03:30:00Z,2026-05-29T05:30:00+0200,131.73,EUR/MWh,BE,BE,imbalance_price,Short,2026-06-20T12:20:56Z
2026-06-20T12:18:09Z,2026-06-20T14:18:09+0200,4bddbab4-20af-41f1-90cc-d649ae7f214d,2026-05-29T03:45:00Z,2026-05-29T05:45:00+0200,143.56,EUR/MWh,BE,BE,imbalance_price,Long,2026-06-20T12:20:56Z
2026-06-20T12:18:09Z,2026-06-20T14:18:09+0200,4bddbab4-20af-41f1-90cc-d649ae7f214d,2026-05-29T03:45:00Z,2026-05-29T05:45:00+0200,143.56,EUR/MWh,BE,BE,imbalance_price,Short,2026-06-20T12:20:56Z
2026-06-20T12:18:09Z,2026-06-20T14:18:09+0200,4bddbab4-20af-41f1-90cc-d649ae7f214d,2026-05-29T04:00:00Z,2026-05-29T06:00:00+0200,147.01,EUR/MWh,BE,BE,imbalance_price,Long,2026-06-20T12:20:56Z
2026-06-20T12:18:09Z,2026-06-20T14:18:09+0200,4bddbab4-20af-41f1-90cc-d649ae7f214d,2026-05-29T04:00:00Z,2026-05-29T06:00:00+0200,147.01,EUR/MWh,BE,BE,imbalance_price,Short,2026-06-20T12:20:56Z
2026-06-20T12:18:09Z,2026-06-20T14:18:09+0200,4bddbab4-20af-41f1-90cc-d649ae7f214d,2026-05-29T04:15:00Z,2026-05-29T06:15:00+0200,144.82,EUR/MWh,BE,BE,imbalance_price,Long,2026-06-20T12:20:56Z
2026-06-20T12:18:09Z,2026-06-20T14:18:09+0200,4bddbab4-20af-41f1-90cc-d649ae7f214d,2026-05-29T04:15:00Z,2026-05-29T06:15:00+0200,144.82,EUR/MWh,BE,BE,imbalance_price,Short,2026-06-20T12:20:56Z
2026-06-20T12:18:09Z,2026-06-20T14:18:09+0200,4bddbab4-20af-41f1-90cc-d649ae7f214d,2026-05-29T04:30:00Z,2026-05-29T06:30:00+0200,141.48,EUR/MWh,BE,BE,imbalance_price,Long,2026-06-20T12:20:56Z
2026-06-20T12:18:09Z,2026-06-20T14:18:09+0200,4bddbab4-20af-41f1-90cc-d649ae7f214d,2026-05-29T04:30:00Z,2026-05-29T06:30:00+0200,141.48,EUR/MWh,BE,BE,imbalance_price,Short,2026-06-20T12:20:56Z
2026-06-20T12:18:09Z,2026-06-20T14:18:09+0200,4bddbab4-20af-41f1-90cc-d649ae7f214d,2026-05-29T04:45:00Z,2026-05-29T06:45:00+0200,147.73,EUR/MWh,BE,BE,imbalance_price,Long,2026-06-20T12:20:56Z
2026-06-20T12:18:09Z,2026-06-20T14:18:09+0200,4bddbab4-20af-41f1-90cc-d649ae7f214d,2026-05-29T04:45:00Z,2026-05-29T06:45:00+0200,147.73,EUR/MWh,BE,BE,imbalance_price,Short,2026-06-20T12:20:56Z
2026-06-20T12:18:09Z,2026-06-20T14:18:09+0200,4bddbab4-20af-41f1-90cc-d649ae7f214d,2026-05-29T05:00:00Z,2026-05-29T07:00:00+0200,118.3,EUR/MWh,BE,BE,imbalance_price,Long,2026-06-20T12:20:56Z
2026-06-20T12:18:09Z,2026-06-20T14:18:09+0200,4bddbab4-20af-41f1-90cc-d649ae7f214d,2026-05-29T05:00:00Z,2026-05-29T07:00:00+0200,118.3,EUR/MWh,BE,BE,imbalance_price,Short,2026-06-20T12:20:56Z
2026-06-20T12:18:09Z,2026-06-20T14:18:09+0200,4bddbab4-20af-41f1-90cc-d649ae7f214d,2026-05-29T05:15:00Z,2026-05-29T07:15:00+0200,121.57,EUR/MWh,BE,BE,imbalance_price,Long,2026-06-20T12:20:56Z
2026-06-20T12:18:09Z,2026-06-20T14:18:09+0200,4bddbab4-20af-41f1-90cc-d649ae7f214d,2026-05-29T05:15:00Z,2026-05-29T07:15:00+0200,121.57,EUR/MWh,BE,BE,imbalance_price,Short,2026-06-20T12:20:56Z
2026-06-20T12:18:09Z,2026-06-20T14:18:09+0200,4bddbab4-20af-41f1-90cc-d649ae7f214d,2026-05-29T05:30:00Z,2026-05-29T07:30:00+0200,111.86,EUR/MWh,BE,BE,imbalance_price,Long,2026-06-20T12:20:56Z
2026-06-20T12:18:09Z,2026-06-20T14:18:09+0200,4bddbab4-20af-41f1-90cc-d649ae7f214d,2026-05-29T05:30:00Z,2026-05-29T07:30:00+0200,111.86,EUR/MWh,BE,BE,imbalance_price,Short,2026-06-20T12:20:56Z
2026-06-20T12:18:09Z,2026-06-20T14:18:09+0200,4bddbab4-20af-41f1-90cc-d649ae7f214d,2026-05-29T05:45:00Z,2026-05-29T07:45:00+0200,89.24,EUR/MWh,BE,BE,imbalance_price,Long,2026-06-20T12:20:56Z
2026-06-20T12:18:09Z,2026-06-20T14:18:09+0200,4bddbab4-20af-41f1-90cc-d649ae7f214d,2026-05-29T05:45:00Z,2026-05-29T07:45:00+0200,89.24,EUR/MWh,BE,BE,imbalance_price,Short,2026-06-20T12:20:56Z
2026-06-20T12:18:09Z,2026-06-20T14:18:09+0200,4bddbab4-20af-41f1-90cc-d649ae7f214d,2026-05-29T06:00:00Z,2026-05-29T08:00:00+0200,81.94,EUR/MWh,BE,BE,imbalance_price,Long,2026-06-20T12:20:56Z
2026-06-20T12:18:09Z,2026-06-20T14:18:09+0200,4bddbab4-20af-41f1-90cc-d649ae7f214d,2026-05-29T06:00:00Z,2026-05-29T08:00:00+0200,81.94,EUR/MWh,BE,BE,imbalance_price,Short,2026-06-20T12:20:56Z
2026-06-20T12:18:09Z,2026-06-20T14:18:09+0200,4bddbab4-20af-41f1-90cc-d649ae7f214d,2026-05-29T06:15:00Z,2026-05-29T08:15:00+0200,96.96,EUR/MWh,BE,BE,imbalance_price,Long,2026-06-20T12:20:56Z
2026-06-20T12:18:09Z,2026-06-20T14:18:09+0200,4bddbab4-20af-41f1-90cc-d649ae7f214d,2026-05-29T06:15:00Z,2026-05-29T08:15:00+0200,96.96,EUR/MWh,BE,BE,imbalance_price,Short,2026-06-20T12:20:56Z
2026-06-20T12:18:09Z,2026-06-20T14:18:09+0200,4bddbab4-20af-41f1-90cc-d649ae7f214d,2026-05-29T06:30:00Z,2026-05-29T08:30:00+0200,105.49,EUR/MWh,BE,BE,imbalance_price,Long,2026-06-20T12:20:56Z
2026-06-20T12:18:09Z,2026-06-20T14:18:09+0200,4bddbab4-20af-41f1-90cc-d649ae7f214d,2026-05-29T06:30:00Z,2026-05-29T08:30:00+0200,105.49,EUR/MWh,BE,BE,imbalance_price,Short,2026-06-20T12:20:56Z
2026-06-20T12:18:09Z,2026-06-20T14:18:09+0200,4bddbab4-20af-41f1-90cc-d649ae7f214d,2026-05-29T06:45:00Z,2026-05-29T08:45:00+0200,98.78,EUR/MWh,BE,BE,imbalance_price,Long,2026-06-20T12:20:56Z
2026-06-20T12:18:09Z,2026-06-20T14:18:09+0200,4bddbab4-20af-41f1-90cc-d649ae7f214d,2026-05-29T06:45:00Z,2026-05-29T08:45:00+0200,98.78,EUR/MWh,BE,BE,imbalance_price,Short,2026-06-20T12:20:56Z
2026-06-20T12:18:09Z,2026-06-20T14:18:09+0200,4bddbab4-20af-41f1-90cc-d649ae7f214d,2026-05-29T07:00:00Z,2026-05-29T09:00:00+0200,109.03,EUR/MWh,BE,BE,imbalance_price,Long,2026-06-20T12:20:56Z
2026-06-20T12:18:09Z,2026-06-20T14:18:09+0200,4bddbab4-20af-41f1-90cc-d649ae7f214d,2026-05-29T07:00:00Z,2026-05-29T09:00:00+0200,109.03,EUR/MWh,BE,BE,imbalance_price,Short,2026-06-20T12:20:56Z
2026-06-20T12:18:09Z,2026-06-20T14:18:09+0200,4bddbab4-20af-41f1-90cc-d649ae7f214d,2026-05-29T07:15:00Z,2026-05-29T09:15:00+0200,83.59,EUR/MWh,BE,BE,imbalance_price,Long,2026-06-20T12:20:56Z
2026-06-20T12:18:09Z,2026-06-20T14:18:09+0200,4bddbab4-20af-41f1-90cc-d649ae7f214d,2026-05-29T07:15:00Z,2026-05-29T09:15:00+0200,83.59,EUR/MWh,BE,BE,imbalance_price,Short,2026-06-20T12:20:56Z
2026-06-20T12:18:09Z,2026-06-20T14:18:09+0200,4bddbab4-20af-41f1-90cc-d649ae7f214d,2026-05-29T07:30:00Z,2026-05-29T09:30:00+0200,61.35,EUR/MWh,BE,BE,imbalance_price,Long,2026-06-20T12:20:56Z
2026-06-20T12:18:09Z,2026-06-20T14:18:09+0200,4bddbab4-20af-41f1-90cc-d649ae7f214d,2026-05-29T07:30:00Z,2026-05-29T09:30:00+0200,61.35,EUR/MWh,BE,BE,imbalance_price,Short,2026-06-20T12:20:56Z
2026-06-20T12:18:09Z,2026-06-20T14:18:09+0200,4bddbab4-20af-41f1-90cc-d649ae7f214d,2026-05-29T07:45:00Z,2026-05-29T09:45:00+0200,25.99,EUR/MWh,BE,BE,imbalance_price,Long,2026-06-20T12:20:56Z
2026-06-20T12:18:09Z,2026-06-20T14:18:09+0200,4bddbab4-20af-41f1-90cc-d649ae7f214d,2026-05-29T07:45:00Z,2026-05-29T09:45:00+0200,25.99,EUR/MWh,BE,BE,imbalance_price,Short,2026-06-20T12:20:56Z
2026-06-20T12:18:09Z,2026-06-20T14:18:09+0200,4bddbab4-20af-41f1-90cc-d649ae7f214d,2026-05-29T08:00:00Z,2026-05-29T10:00:00+0200,25.54,EUR/MWh,BE,BE,imbalance_price,Long,2026-06-20T12:20:56Z
2026-06-20T12:18:09Z,2026-06-20T14:18:09+0200,4bddbab4-20af-41f1-90cc-d649ae7f214d,2026-05-29T08:00:00Z,2026-05-29T10:00:00+0200,25.54,EUR/MWh,BE,BE,imbalance_price,Short,2026-06-20T12:20:56Z
2026-06-20T12:18:09Z,2026-06-20T14:18:09+0200,4bddbab4-20af-41f1-90cc-d649ae7f214d,2026-05-29T08:15:00Z,2026-05-29T10:15:00+0200,-10.12,EUR/MWh,BE,BE,imbalance_price,Long,2026-06-20T12:20:56Z
2026-06-20T12:18:09Z,2026-06-20T14:18:09+0200,4bddbab4-20af-41f1-90cc-d649ae7f214d,2026-05-29T08:15:00Z,2026-05-29T10:15:00+0200,-10.12,EUR/MWh,BE,BE,imbalance_price,Short,2026-06-20T12:20:56Z
2026-06-20T12:18:09Z,2026-06-20T14:18:09+0200,4bddbab4-20af-41f1-90cc-d649ae7f214d,2026-05-29T08:30:00Z,2026-05-29T10:30:00+0200,-62.5,EUR/MWh,BE,BE,imbalance_price,Long,2026-06-20T12:20:56Z
2026-06-20T12:18:09Z,2026-06-20T14:18:09+0200,4bddbab4-20af-41f1-90cc-d649ae7f214d,2026-05-29T08:30:00Z,2026-05-29T10:30:00+0200,-62.5,EUR/MWh,BE,BE,imbalance_price,Short,2026-06-20T12:20:56Z
2026-06-20T12:18:09Z,2026-06-20T14:18:09+0200,4bddbab4-20af-41f1-90cc-d649ae7f214d,2026-05-29T08:45:00Z,2026-05-29T10:45:00+0200,-32.22,EUR/MWh,BE,BE,imbalance_price,Long,2026-06-20T12:20:56Z
2026-06-20T12:18:09Z,2026-06-20T14:18:09+0200,4bddbab4-20af-41f1-90cc-d649ae7f214d,2026-05-29T08:45:00Z,2026-05-29T10:45:00+0200,-32.22,EUR/MWh,BE,BE,imbalance_price,Short,2026-06-20T12:20:56Z
2026-06-20T12:18:09Z,2026-06-20T14:18:09+0200,4bddbab4-20af-41f1-90cc-d649ae7f214d,2026-05-29T09:00:00Z,2026-05-29T11:00:00+0200,-9.85,EUR/MWh,BE,BE,imbalance_price,Long,2026-06-20T12:20:56Z
2026-06-20T12:18:09Z,2026-06-20T14:18:09+0200,4bddbab4-20af-41f1-90cc-d649ae7f214d,2026-05-29T09:00:00Z,2026-05-29T11:00:00+0200,-9.85,EUR/MWh,BE,BE,imbalance_price,Short,2026-06-20T12:20:56Z
2026-06-20T12:18:09Z,2026-06-20T14:18:09+0200,4bddbab4-20af-41f1-90cc-d649ae7f214d,2026-05-29T09:15:00Z,2026-05-29T11:15:00+0200,-8.59,EUR/MWh,BE,BE,imbalance_price,Long,2026-06-20T12:20:56Z
2026-06-20T12:18:09Z,2026-06-20T14:18:09+0200,4bddbab4-20af-41f1-90cc-d649ae7f214d,2026-05-29T09:15:00Z,2026-05-29T11:15:00+0200,-8.59,EUR/MWh,BE,BE,imbalance_price,Short,2026-06-20T12:20:56Z
2026-06-20T12:18:09Z,2026-06-20T14:18:09+0200,4bddbab4-20af-41f1-90cc-d649ae7f214d,2026-05-29T09:30:00Z,2026-05-29T11:30:00+0200,-12.62,EUR/MWh,BE,BE,imbalance_price,Long,2026-06-20T12:20:56Z
2026-06-20T12:18:09Z,2026-06-20T14:18:09+0200,4bddbab4-20af-41f1-90cc-d649ae7f214d,2026-05-29T09:30:00Z,2026-05-29T11:30:00+0200,-12.62,EUR/MWh,BE,BE,imbalance_price,Short,2026-06-20T12:20:56Z
2026-06-20T12:18:09Z,2026-06-20T14:18:09+0200,4bddbab4-20af-41f1-90cc-d649ae7f214d,2026-05-29T09:45:00Z,2026-05-29T11:45:00+0200,-16.98,EUR/MWh,BE,BE,imbalance_price,Long,2026-06-20T12:20:56Z
2026-06-20T12:18:09Z,2026-06-20T14:18:09+0200,4bddbab4-20af-41f1-90cc-d649ae7f214d,2026-05-29T09:45:00Z,2026-05-29T11:45:00+0200,-16.98,EUR/MWh,BE,BE,imbalance_price,Short,2026-06-20T12:20:56Z
2026-06-20T12:18:09Z,2026-06-20T14:18:09+0200,4bddbab4-20af-41f1-90cc-d649ae7f214d,2026-05-29T10:00:00Z,2026-05-29T12:00:00+0200,-32.92,EUR/MWh,BE,BE,imbalance_price,Long,2026-06-20T12:20:56Z
2026-06-20T12:18:09Z,2026-06-20T14:18:09+0200,4bddbab4-20af-41f1-90cc-d649ae7f214d,2026-05-29T10:00:00Z,2026-05-29T12:00:00+0200,-32.92,EUR/MWh,BE,BE,imbalance_price,Short,2026-06-20T12:20:56Z
2026-06-20T12:18:09Z,2026-06-20T14:18:09+0200,4bddbab4-20af-41f1-90cc-d649ae7f214d,2026-05-29T10:15:00Z,2026-05-29T12:15:00+0200,-31.21,EUR/MWh,BE,BE,imbalance_price,Long,2026-06-20T12:20:56Z
2026-06-20T12:18:09Z,2026-06-20T14:18:09+0200,4bddbab4-20af-41f1-90cc-d649ae7f214d,2026-05-29T10:15:00Z,2026-05-29T12:15:00+0200,-31.21,EUR/MWh,BE,BE,imbalance_price,Short,2026-06-20T12:20:56Z
2026-06-20T12:18:09Z,2026-06-20T14:18:09+0200,4bddbab4-20af-41f1-90cc-d649ae7f214d,2026-05-29T10:30:00Z,2026-05-29T12:30:00+0200,-11.83,EUR/MWh,BE,BE,imbalance_price,Long,2026-06-20T12:20:56Z
2026-06-20T12:18:09Z,2026-06-20T14:18:09+0200,4bddbab4-20af-41f1-90cc-d649ae7f214d,2026-05-29T10:30:00Z,2026-05-29T12:30:00+0200,-11.83,EUR/MWh,BE,BE,imbalance_price,Short,2026-06-20T12:20:56Z
2026-06-20T12:18:09Z,2026-06-20T14:18:09+0200,4bddbab4-20af-41f1-90cc-d649ae7f214d,2026-05-29T10:45:00Z,2026-05-29T12:45:00+0200,3.72,EUR/MWh,BE,BE,imbalance_price,Long,2026-06-20T12:20:56Z
2026-06-20T12:18:09Z,2026-06-20T14:18:09+0200,4bddbab4-20af-41f1-90cc-d649ae7f214d,2026-05-29T10:45:00Z,2026-05-29T12:45:00+0200,3.72,EUR/MWh,BE,BE,imbalance_price,Short,2026-06-20T12:20:56Z
2026-06-20T12:18:09Z,2026-06-20T14:18:09+0200,4bddbab4-20af-41f1-90cc-d649ae7f214d,2026-05-29T11:00:00Z,2026-05-29T13:00:00+0200,-10.67,EUR/MWh,BE,BE,imbalance_price,Long,2026-06-20T12:20:56Z
2026-06-20T12:18:09Z,2026-06-20T14:18:09+0200,4bddbab4-20af-41f1-90cc-d649ae7f214d,2026-05-29T11:00:00Z,2026-05-29T13:00:00+0200,-10.67,EUR/MWh,BE,BE,imbalance_price,Short,2026-06-20T12:20:56Z
2026-06-20T12:18:09Z,2026-06-20T14:18:09+0200,4bddbab4-20af-41f1-90cc-d649ae7f214d,2026-05-29T11:15:00Z,2026-05-29T13:15:00+0200,6.42,EUR/MWh,BE,BE,imbalance_price,Long,2026-06-20T12:20:56Z
2026-06-20T12:18:09Z,2026-06-20T14:18:09+0200,4bddbab4-20af-41f1-90cc-d649ae7f214d,2026-05-29T11:15:00Z,2026-05-29T13:15:00+0200,6.42,EUR/MWh,BE,BE,imbalance_price,Short,2026-06-20T12:20:56Z
2026-06-20T12:18:09Z,2026-06-20T14:18:09+0200,4bddbab4-20af-41f1-90cc-d649ae7f214d,2026-05-29T11:30:00Z,2026-05-29T13:30:00+0200,39.78,EUR/MWh,BE,BE,imbalance_price,Long,2026-06-20T12:20:56Z
2026-06-20T12:18:09Z,2026-06-20T14:18:09+0200,4bddbab4-20af-41f1-90cc-d649ae7f214d,2026-05-29T11:30:00Z,2026-05-29T13:30:00+0200,39.78,EUR/MWh,BE,BE,imbalance_price,Short,2026-06-20T12:20:56Z
2026-06-20T12:18:09Z,2026-06-20T14:18:09+0200,4bddbab4-20af-41f1-90cc-d649ae7f214d,2026-05-29T11:45:00Z,2026-05-29T13:45:00+0200,-11.98,EUR/MWh,BE,BE,imbalance_price,Long,2026-06-20T12:20:56Z
2026-06-20T12:18:09Z,2026-06-20T14:18:09+0200,4bddbab4-20af-41f1-90cc-d649ae7f214d,2026-05-29T11:45:00Z,2026-05-29T13:45:00+0200,-11.98,EUR/MWh,BE,BE,imbalance_price,Short,2026-06-20T12:20:56Z
2026-06-20T12:18:09Z,2026-06-20T14:18:09+0200,4bddbab4-20af-41f1-90cc-d649ae7f214d,2026-05-29T12:00:00Z,2026-05-29T14:00:00+0200,18.69,EUR/MWh,BE,BE,imbalance_price,Long,2026-06-20T12:20:56Z
2026-06-20T12:18:09Z,2026-06-20T14:18:09+0200,4bddbab4-20af-41f1-90cc-d649ae7f214d,2026-05-29T12:00:00Z,2026-05-29T14:00:00+0200,18.69,EUR/MWh,BE,BE,imbalance_price,Short,2026-06-20T12:20:56Z
2026-06-20T12:18:09Z,2026-06-20T14:18:09+0200,4bddbab4-20af-41f1-90cc-d649ae7f214d,2026-05-29T12:15:00Z,2026-05-29T14:15:00+0200,-8.79,EUR/MWh,BE,BE,imbalance_price,Long,2026-06-20T12:20:56Z
2026-06-20T12:18:09Z,2026-06-20T14:18:09+0200,4bddbab4-20af-41f1-90cc-d649ae7f214d,2026-05-29T12:15:00Z,2026-05-29T14:15:00+0200,-8.79,EUR/MWh,BE,BE,imbalance_price,Short,2026-06-20T12:20:56Z
2026-06-20T12:18:09Z,2026-06-20T14:18:09+0200,4bddbab4-20af-41f1-90cc-d649ae7f214d,2026-05-29T12:30:00Z,2026-05-29T14:30:00+0200,12.27,EUR/MWh,BE,BE,imbalance_price,Long,2026-06-20T12:20:56Z
2026-06-20T12:18:09Z,2026-06-20T14:18:09+0200,4bddbab4-20af-41f1-90cc-d649ae7f214d,2026-05-29T12:30:00Z,2026-05-29T14:30:00+0200,12.27,EUR/MWh,BE,BE,imbalance_price,Short,2026-06-20T12:20:56Z
2026-06-20T12:18:09Z,2026-06-20T14:18:09+0200,4bddbab4-20af-41f1-90cc-d649ae7f214d,2026-05-29T12:45:00Z,2026-05-29T14:45:00+0200,40.41,EUR/MWh,BE,BE,imbalance_price,Long,2026-06-20T12:20:56Z
2026-06-20T12:18:09Z,2026-06-20T14:18:09+0200,4bddbab4-20af-41f1-90cc-d649ae7f214d,2026-05-29T12:45:00Z,2026-05-29T14:45:00+0200,40.41,EUR/MWh,BE,BE,imbalance_price,Short,2026-06-20T12:20:56Z
2026-06-20T12:18:09Z,2026-06-20T14:18:09+0200,4bddbab4-20af-41f1-90cc-d649ae7f214d,2026-05-29T13:00:00Z,2026-05-29T15:00:00+0200,46.18,EUR/MWh,BE,BE,imbalance_price,Long,2026-06-20T12:20:56Z
2026-06-20T12:18:09Z,2026-06-20T14:18:09+0200,4bddbab4-20af-41f1-90cc-d649ae7f214d,2026-05-29T13:00:00Z,2026-05-29T15:00:00+0200,46.18,EUR/MWh,BE,BE,imbalance_price,Short,2026-06-20T12:20:56Z
2026-06-20T12:18:09Z,2026-06-20T14:18:09+0200,4bddbab4-20af-41f1-90cc-d649ae7f214d,2026-05-29T13:15:00Z,2026-05-29T15:15:00+0200,1.74,EUR/MWh,BE,BE,imbalance_price,Long,2026-06-20T12:20:56Z
2026-06-20T12:18:09Z,2026-06-20T14:18:09+0200,4bddbab4-20af-41f1-90cc-d649ae7f214d,2026-05-29T13:15:00Z,2026-05-29T15:15:00+0200,1.74,EUR/MWh,BE,BE,imbalance_price,Short,2026-06-20T12:20:56Z
2026-06-20T12:18:09Z,2026-06-20T14:18:09+0200,4bddbab4-20af-41f1-90cc-d649ae7f214d,2026-05-29T13:30:00Z,2026-05-29T15:30:00+0200,67.3,EUR/MWh,BE,BE,imbalance_price,Long,2026-06-20T12:20:56Z
2026-06-20T12:18:09Z,2026-06-20T14:18:09+0200,4bddbab4-20af-41f1-90cc-d649ae7f214d,2026-05-29T13:30:00Z,2026-05-29T15:30:00+0200,67.3,EUR/MWh,BE,BE,imbalance_price,Short,2026-06-20T12:20:56Z
2026-06-20T12:18:09Z,2026-06-20T14:18:09+0200,4bddbab4-20af-41f1-90cc-d649ae7f214d,2026-05-29T13:45:00Z,2026-05-29T15:45:00+0200,-1.05,EUR/MWh,BE,BE,imbalance_price,Long,2026-06-20T12:20:56Z
2026-06-20T12:18:09Z,2026-06-20T14:18:09+0200,4bddbab4-20af-41f1-90cc-d649ae7f214d,2026-05-29T13:45:00Z,2026-05-29T15:45:00+0200,-1.05,EUR/MWh,BE,BE,imbalance_price,Short,2026-06-20T12:20:56Z
2026-06-20T12:18:09Z,2026-06-20T14:18:09+0200,4bddbab4-20af-41f1-90cc-d649ae7f214d,2026-05-29T14:00:00Z,2026-05-29T16:00:00+0200,9.06,EUR/MWh,BE,BE,imbalance_price,Long,2026-06-20T12:20:56Z
2026-06-20T12:18:09Z,2026-06-20T14:18:09+0200,4bddbab4-20af-41f1-90cc-d649ae7f214d,2026-05-29T14:00:00Z,2026-05-29T16:00:00+0200,9.06,EUR/MWh,BE,BE,imbalance_price,Short,2026-06-20T12:20:56Z
2026-06-20T12:18:09Z,2026-06-20T14:18:09+0200,4bddbab4-20af-41f1-90cc-d649ae7f214d,2026-05-29T14:15:00Z,2026-05-29T16:15:00+0200,30.44,EUR/MWh,BE,BE,imbalance_price,Long,2026-06-20T12:20:56Z
2026-06-20T12:18:09Z,2026-06-20T14:18:09+0200,4bddbab4-20af-41f1-90cc-d649ae7f214d,2026-05-29T14:15:00Z,2026-05-29T16:15:00+0200,30.44,EUR/MWh,BE,BE,imbalance_price,Short,2026-06-20T12:20:56Z
2026-06-20T12:18:09Z,2026-06-20T14:18:09+0200,4bddbab4-20af-41f1-90cc-d649ae7f214d,2026-05-29T14:30:00Z,2026-05-29T16:30:00+0200,100.52,EUR/MWh,BE,BE,imbalance_price,Long,2026-06-20T12:20:56Z
2026-06-20T12:18:09Z,2026-06-20T14:18:09+0200,4bddbab4-20af-41f1-90cc-d649ae7f214d,2026-05-29T14:30:00Z,2026-05-29T16:30:00+0200,100.52,EUR/MWh,BE,BE,imbalance_price,Short,2026-06-20T12:20:56Z
2026-06-20T12:18:09Z,2026-06-20T14:18:09+0200,4bddbab4-20af-41f1-90cc-d649ae7f214d,2026-05-29T14:45:00Z,2026-05-29T16:45:00+0200,100.87,EUR/MWh,BE,BE,imbalance_price,Long,2026-06-20T12:20:56Z
2026-06-20T12:18:09Z,2026-06-20T14:18:09+0200,4bddbab4-20af-41f1-90cc-d649ae7f214d,2026-05-29T14:45:00Z,2026-05-29T16:45:00+0200,100.87,EUR/MWh,BE,BE,imbalance_price,Short,2026-06-20T12:20:56Z
2026-06-20T12:18:09Z,2026-06-20T14:18:09+0200,4bddbab4-20af-41f1-90cc-d649ae7f214d,2026-05-29T15:00:00Z,2026-05-29T17:00:00+0200,162.03,EUR/MWh,BE,BE,imbalance_price,Long,2026-06-20T12:20:56Z
2026-06-20T12:18:09Z,2026-06-20T14:18:09+0200,4bddbab4-20af-41f1-90cc-d649ae7f214d,2026-05-29T15:00:00Z,2026-05-29T17:00:00+0200,162.03,EUR/MWh,BE,BE,imbalance_price,Short,2026-06-20T12:20:56Z
2026-06-20T12:18:09Z,2026-06-20T14:18:09+0200,4bddbab4-20af-41f1-90cc-d649ae7f214d,2026-05-29T15:15:00Z,2026-05-29T17:15:00+0200,155.76,EUR/MWh,BE,BE,imbalance_price,Long,2026-06-20T12:20:56Z
2026-06-20T12:18:09Z,2026-06-20T14:18:09+0200,4bddbab4-20af-41f1-90cc-d649ae7f214d,2026-05-29T15:15:00Z,2026-05-29T17:15:00+0200,155.76,EUR/MWh,BE,BE,imbalance_price,Short,2026-06-20T12:20:56Z
2026-06-20T12:18:09Z,2026-06-20T14:18:09+0200,4bddbab4-20af-41f1-90cc-d649ae7f214d,2026-05-29T15:30:00Z,2026-05-29T17:30:00+0200,154.92,EUR/MWh,BE,BE,imbalance_price,Long,2026-06-20T12:20:56Z
2026-06-20T12:18:09Z,2026-06-20T14:18:09+0200,4bddbab4-20af-41f1-90cc-d649ae7f214d,2026-05-29T15:30:00Z,2026-05-29T17:30:00+0200,154.92,EUR/MWh,BE,BE,imbalance_price,Short,2026-06-20T12:20:56Z
2026-06-20T12:18:09Z,2026-06-20T14:18:09+0200,4bddbab4-20af-41f1-90cc-d649ae7f214d,2026-05-29T15:45:00Z,2026-05-29T17:45:00+0200,146.63,EUR/MWh,BE,BE,imbalance_price,Long,2026-06-20T12:20:56Z
2026-06-20T12:18:09Z,2026-06-20T14:18:09+0200,4bddbab4-20af-41f1-90cc-d649ae7f214d,2026-05-29T15:45:00Z,2026-05-29T17:45:00+0200,146.63,EUR/MWh,BE,BE,imbalance_price,Short,2026-06-20T12:20:56Z
2026-06-20T12:18:09Z,2026-06-20T14:18:09+0200,4bddbab4-20af-41f1-90cc-d649ae7f214d,2026-05-29T16:00:00Z,2026-05-29T18:00:00+0200,140.4,EUR/MWh,BE,BE,imbalance_price,Long,2026-06-20T12:20:56Z
2026-06-20T12:18:09Z,2026-06-20T14:18:09+0200,4bddbab4-20af-41f1-90cc-d649ae7f214d,2026-05-29T16:00:00Z,2026-05-29T18:00:00+0200,140.4,EUR/MWh,BE,BE,imbalance_price,Short,2026-06-20T12:20:56Z
2026-06-20T12:18:09Z,2026-06-20T14:18:09+0200,4bddbab4-20af-41f1-90cc-d649ae7f214d,2026-05-29T16:15:00Z,2026-05-29T18:15:00+0200,117.37,EUR/MWh,BE,BE,imbalance_price,Long,2026-06-20T12:20:56Z
2026-06-20T12:18:09Z,2026-06-20T14:18:09+0200,4bddbab4-20af-41f1-90cc-d649ae7f214d,2026-05-29T16:15:00Z,2026-05-29T18:15:00+0200,117.37,EUR/MWh,BE,BE,imbalance_price,Short,2026-06-20T12:20:56Z
2026-06-20T12:18:09Z,2026-06-20T14:18:09+0200,4bddbab4-20af-41f1-90cc-d649ae7f214d,2026-05-29T16:30:00Z,2026-05-29T18:30:00+0200,80.27,EUR/MWh,BE,BE,imbalance_price,Long,2026-06-20T12:20:56Z
2026-06-20T12:18:09Z,2026-06-20T14:18:09+0200,4bddbab4-20af-41f1-90cc-d649ae7f214d,2026-05-29T16:30:00Z,2026-05-29T18:30:00+0200,80.27,EUR/MWh,BE,BE,imbalance_price,Short,2026-06-20T12:20:56Z
2026-06-20T12:18:09Z,2026-06-20T14:18:09+0200,4bddbab4-20af-41f1-90cc-d649ae7f214d,2026-05-29T16:45:00Z,2026-05-29T18:45:00+0200,143.42,EUR/MWh,BE,BE,imbalance_price,Long,2026-06-20T12:20:56Z
2026-06-20T12:18:09Z,2026-06-20T14:18:09+0200,4bddbab4-20af-41f1-90cc-d649ae7f214d,2026-05-29T16:45:00Z,2026-05-29T18:45:00+0200,143.42,EUR/MWh,BE,BE,imbalance_price,Short,2026-06-20T12:20:56Z
2026-06-20T12:18:09Z,2026-06-20T14:18:09+0200,4bddbab4-20af-41f1-90cc-d649ae7f214d,2026-05-29T17:00:00Z,2026-05-29T19:00:00+0200,139.32,EUR/MWh,BE,BE,imbalance_price,Long,2026-06-20T12:20:56Z
2026-06-20T12:18:09Z,2026-06-20T14:18:09+0200,4bddbab4-20af-41f1-90cc-d649ae7f214d,2026-05-29T17:00:00Z,2026-05-29T19:00:00+0200,139.32,EUR/MWh,BE,BE,imbalance_price,Short,2026-06-20T12:20:56Z
2026-06-20T12:18:09Z,2026-06-20T14:18:09+0200,4bddbab4-20af-41f1-90cc-d649ae7f214d,2026-05-29T17:15:00Z,2026-05-29T19:15:00+0200,134.76,EUR/MWh,BE,BE,imbalance_price,Long,2026-06-20T12:20:56Z
2026-06-20T12:18:09Z,2026-06-20T14:18:09+0200,4bddbab4-20af-41f1-90cc-d649ae7f214d,2026-05-29T17:15:00Z,2026-05-29T19:15:00+0200,134.76,EUR/MWh,BE,BE,imbalance_price,Short,2026-06-20T12:20:56Z
2026-06-20T12:18:09Z,2026-06-20T14:18:09+0200,4bddbab4-20af-41f1-90cc-d649ae7f214d,2026-05-29T17:30:00Z,2026-05-29T19:30:00+0200,96.96,EUR/MWh,BE,BE,imbalance_price,Long,2026-06-20T12:20:56Z
2026-06-20T12:18:09Z,2026-06-20T14:18:09+0200,4bddbab4-20af-41f1-90cc-d649ae7f214d,2026-05-29T17:30:00Z,2026-05-29T19:30:00+0200,96.96,EUR/MWh,BE,BE,imbalance_price,Short,2026-06-20T12:20:56Z
2026-06-20T12:18:09Z,2026-06-20T14:18:09+0200,4bddbab4-20af-41f1-90cc-d649ae7f214d,2026-05-29T17:45:00Z,2026-05-29T19:45:00+0200,135.73,EUR/MWh,BE,BE,imbalance_price,Long,2026-06-20T12:20:56Z
2026-06-20T12:18:09Z,2026-06-20T14:18:09+0200,4bddbab4-20af-41f1-90cc-d649ae7f214d,2026-05-29T17:45:00Z,2026-05-29T19:45:00+0200,135.73,EUR/MWh,BE,BE,imbalance_price,Short,2026-06-20T12:20:56Z
2026-06-20T12:18:09Z,2026-06-20T14:18:09+0200,4bddbab4-20af-41f1-90cc-d649ae7f214d,2026-05-29T18:00:00Z,2026-05-29T20:00:00+0200,161.25,EUR/MWh,BE,BE,imbalance_price,Long,2026-06-20T12:20:56Z
2026-06-20T12:18:09Z,2026-06-20T14:18:09+0200,4bddbab4-20af-41f1-90cc-d649ae7f214d,2026-05-29T18:00:00Z,2026-05-29T20:00:00+0200,161.25,EUR/MWh,BE,BE,imbalance_price,Short,2026-06-20T12:20:56Z
2026-06-20T12:18:09Z,2026-06-20T14:18:09+0200,4bddbab4-20af-41f1-90cc-d649ae7f214d,2026-05-29T18:15:00Z,2026-05-29T20:15:00+0200,128.34,EUR/MWh,BE,BE,imbalance_price,Long,2026-06-20T12:20:56Z
2026-06-20T12:18:09Z,2026-06-20T14:18:09+0200,4bddbab4-20af-41f1-90cc-d649ae7f214d,2026-05-29T18:15:00Z,2026-05-29T20:15:00+0200,128.34,EUR/MWh,BE,BE,imbalance_price,Short,2026-06-20T12:20:56Z
2026-06-20T12:18:09Z,2026-06-20T14:18:09+0200,4bddbab4-20af-41f1-90cc-d649ae7f214d,2026-05-29T18:30:00Z,2026-05-29T20:30:00+0200,127.0,EUR/MWh,BE,BE,imbalance_price,Long,2026-06-20T12:20:56Z
2026-06-20T12:18:09Z,2026-06-20T14:18:09+0200,4bddbab4-20af-41f1-90cc-d649ae7f214d,2026-05-29T18:30:00Z,2026-05-29T20:30:00+0200,127.0,EUR/MWh,BE,BE,imbalance_price,Short,2026-06-20T12:20:56Z
2026-06-20T12:18:09Z,2026-06-20T14:18:09+0200,4bddbab4-20af-41f1-90cc-d649ae7f214d,2026-05-29T18:45:00Z,2026-05-29T20:45:00+0200,127.0,EUR/MWh,BE,BE,imbalance_price,Long,2026-06-20T12:20:56Z
2026-06-20T12:18:09Z,2026-06-20T14:18:09+0200,4bddbab4-20af-41f1-90cc-d649ae7f214d,2026-05-29T18:45:00Z,2026-05-29T20:45:00+0200,127.0,EUR/MWh,BE,BE,imbalance_price,Short,2026-06-20T12:20:56Z
2026-06-20T12:18:09Z,2026-06-20T14:18:09+0200,4bddbab4-20af-41f1-90cc-d649ae7f214d,2026-05-29T19:00:00Z,2026-05-29T21:00:00+0200,128.46,EUR/MWh,BE,BE,imbalance_price,Long,2026-06-20T12:20:56Z
2026-06-20T12:18:09Z,2026-06-20T14:18:09+0200,4bddbab4-20af-41f1-90cc-d649ae7f214d,2026-05-29T19:00:00Z,2026-05-29T21:00:00+0200,128.46,EUR/MWh,BE,BE,imbalance_price,Short,2026-06-20T12:20:56Z
2026-06-20T12:18:09Z,2026-06-20T14:18:09+0200,4bddbab4-20af-41f1-90cc-d649ae7f214d,2026-05-29T19:15:00Z,2026-05-29T21:15:00+0200,127.0,EUR/MWh,BE,BE,imbalance_price,Long,2026-06-20T12:20:56Z
2026-06-20T12:18:09Z,2026-06-20T14:18:09+0200,4bddbab4-20af-41f1-90cc-d649ae7f214d,2026-05-29T19:15:00Z,2026-05-29T21:15:00+0200,127.0,EUR/MWh,BE,BE,imbalance_price,Short,2026-06-20T12:20:56Z
2026-06-20T12:18:09Z,2026-06-20T14:18:09+0200,4bddbab4-20af-41f1-90cc-d649ae7f214d,2026-05-29T19:30:00Z,2026-05-29T21:30:00+0200,111.85,EUR/MWh,BE,BE,imbalance_price,Long,2026-06-20T12:20:56Z
2026-06-20T12:18:09Z,2026-06-20T14:18:09+0200,4bddbab4-20af-41f1-90cc-d649ae7f214d,2026-05-29T19:30:00Z,2026-05-29T21:30:00+0200,111.85,EUR/MWh,BE,BE,imbalance_price,Short,2026-06-20T12:20:56Z
2026-06-20T12:18:09Z,2026-06-20T14:18:09+0200,4bddbab4-20af-41f1-90cc-d649ae7f214d,2026-05-29T19:45:00Z,2026-05-29T21:45:00+0200,100.95,EUR/MWh,BE,BE,imbalance_price,Long,2026-06-20T12:20:56Z
2026-06-20T12:18:09Z,2026-06-20T14:18:09+0200,4bddbab4-20af-41f1-90cc-d649ae7f214d,2026-05-29T19:45:00Z,2026-05-29T21:45:00+0200,100.95,EUR/MWh,BE,BE,imbalance_price,Short,2026-06-20T12:20:56Z
2026-06-20T12:18:09Z,2026-06-20T14:18:09+0200,4bddbab4-20af-41f1-90cc-d649ae7f214d,2026-05-29T20:00:00Z,2026-05-29T22:00:00+0200,128.15,EUR/MWh,BE,BE,imbalance_price,Long,2026-06-20T12:20:56Z
2026-06-20T12:18:09Z,2026-06-20T14:18:09+0200,4bddbab4-20af-41f1-90cc-d649ae7f214d,2026-05-29T20:00:00Z,2026-05-29T22:00:00+0200,128.15,EUR/MWh,BE,BE,imbalance_price,Short,2026-06-20T12:20:56Z
2026-06-20T12:18:09Z,2026-06-20T14:18:09+0200,4bddbab4-20af-41f1-90cc-d649ae7f214d,2026-05-29T20:15:00Z,2026-05-29T22:15:00+0200,140.08,EUR/MWh,BE,BE,imbalance_price,Long,2026-06-20T12:20:56Z
2026-06-20T12:18:09Z,2026-06-20T14:18:09+0200,4bddbab4-20af-41f1-90cc-d649ae7f214d,2026-05-29T20:15:00Z,2026-05-29T22:15:00+0200,140.08,EUR/MWh,BE,BE,imbalance_price,Short,2026-06-20T12:20:56Z
2026-06-20T12:18:09Z,2026-06-20T14:18:09+0200,4bddbab4-20af-41f1-90cc-d649ae7f214d,2026-05-29T20:30:00Z,2026-05-29T22:30:00+0200,104.81,EUR/MWh,BE,BE,imbalance_price,Long,2026-06-20T12:20:56Z
2026-06-20T12:18:09Z,2026-06-20T14:18:09+0200,4bddbab4-20af-41f1-90cc-d649ae7f214d,2026-05-29T20:30:00Z,2026-05-29T22:30:00+0200,104.81,EUR/MWh,BE,BE,imbalance_price,Short,2026-06-20T12:20:56Z
2026-06-20T12:18:09Z,2026-06-20T14:18:09+0200,4bddbab4-20af-41f1-90cc-d649ae7f214d,2026-05-29T20:45:00Z,2026-05-29T22:45:00+0200,106.69,EUR/MWh,BE,BE,imbalance_price,Long,2026-06-20T12:20:56Z
2026-06-20T12:18:09Z,2026-06-20T14:18:09+0200,4bddbab4-20af-41f1-90cc-d649ae7f214d,2026-05-29T20:45:00Z,2026-05-29T22:45:00+0200,106.69,EUR/MWh,BE,BE,imbalance_price,Short,2026-06-20T12:20:56Z
2026-06-20T12:18:09Z,2026-06-20T14:18:09+0200,4bddbab4-20af-41f1-90cc-d649ae7f214d,2026-05-29T21:00:00Z,2026-05-29T23:00:00+0200,122.39,EUR/MWh,BE,BE,imbalance_price,Long,2026-06-20T12:20:56Z
2026-06-20T12:18:09Z,2026-06-20T14:18:09+0200,4bddbab4-20af-41f1-90cc-d649ae7f214d,2026-05-29T21:00:00Z,2026-05-29T23:00:00+0200,122.39,EUR/MWh,BE,BE,imbalance_price,Short,2026-06-20T12:20:56Z
2026-06-20T12:18:09Z,2026-06-20T14:18:09+0200,4bddbab4-20af-41f1-90cc-d649ae7f214d,2026-05-29T21:15:00Z,2026-05-29T23:15:00+0200,112.65,EUR/MWh,BE,BE,imbalance_price,Long,2026-06-20T12:20:56Z
2026-06-20T12:18:09Z,2026-06-20T14:18:09+0200,4bddbab4-20af-41f1-90cc-d649ae7f214d,2026-05-29T21:15:00Z,2026-05-29T23:15:00+0200,112.65,EUR/MWh,BE,BE,imbalance_price,Short,2026-06-20T12:20:56Z
2026-06-20T12:18:09Z,2026-06-20T14:18:09+0200,4bddbab4-20af-41f1-90cc-d649ae7f214d,2026-05-29T21:30:00Z,2026-05-29T23:30:00+0200,95.14,EUR/MWh,BE,BE,imbalance_price,Long,2026-06-20T12:20:56Z
2026-06-20T12:18:09Z,2026-06-20T14:18:09+0200,4bddbab4-20af-41f1-90cc-d649ae7f214d,2026-05-29T21:30:00Z,2026-05-29T23:30:00+0200,95.14,EUR/MWh,BE,BE,imbalance_price,Short,2026-06-20T12:20:56Z
2026-06-20T12:18:09Z,2026-06-20T14:18:09+0200,4bddbab4-20af-41f1-90cc-d649ae7f214d,2026-05-29T21:45:00Z,2026-05-29T23:45:00+0200,93.45,EUR/MWh,BE,BE,imbalance_price,Long,2026-06-20T12:20:56Z
2026-06-20T12:18:09Z,2026-06-20T14:18:09+0200,4bddbab4-20af-41f1-90cc-d649ae7f214d,2026-05-29T21:45:00Z,2026-05-29T23:45:00+0200,93.45,EUR/MWh,BE,BE,imbalance_price,Short,2026-06-20T12:20:56Z
2026-06-20T12:18:09Z,2026-06-20T14:18:09+0200,4bddbab4-20af-41f1-90cc-d649ae7f214d,2026-05-29T22:00:00Z,2026-05-30T00:00:00+0200,107.33,EUR/MWh,BE,BE,imbalance_price,Long,2026-06-20T12:20:56Z
2026-06-20T12:18:09Z,2026-06-20T14:18:09+0200,4bddbab4-20af-41f1-90cc-d649ae7f214d,2026-05-29T22:00:00Z,2026-05-30T00:00:00+0200,107.33,EUR/MWh,BE,BE,imbalance_price,Short,2026-06-20T12:20:56Z
2026-06-20T12:18:09Z,2026-06-20T14:18:09+0200,4bddbab4-20af-41f1-90cc-d649ae7f214d,2026-05-29T22:15:00Z,2026-05-30T00:15:00+0200,96.56,EUR/MWh,BE,BE,imbalance_price,Long,2026-06-20T12:20:56Z
2026-06-20T12:18:09Z,2026-06-20T14:18:09+0200,4bddbab4-20af-41f1-90cc-d649ae7f214d,2026-05-29T22:15:00Z,2026-05-30T00:15:00+0200,96.56,EUR/MWh,BE,BE,imbalance_price,Short,2026-06-20T12:20:56Z
2026-06-20T12:18:09Z,2026-06-20T14:18:09+0200,4bddbab4-20af-41f1-90cc-d649ae7f214d,2026-05-29T22:30:00Z,2026-05-30T00:30:00+0200,100.06,EUR/MWh,BE,BE,imbalance_price,Long,2026-06-20T12:20:56Z
2026-06-20T12:18:09Z,2026-06-20T14:18:09+0200,4bddbab4-20af-41f1-90cc-d649ae7f214d,2026-05-29T22:30:00Z,2026-05-30T00:30:00+0200,100.06,EUR/MWh,BE,BE,imbalance_price,Short,2026-06-20T12:20:56Z
2026-06-20T12:18:09Z,2026-06-20T14:18:09+0200,4bddbab4-20af-41f1-90cc-d649ae7f214d,2026-05-29T22:45:00Z,2026-05-30T00:45:00+0200,91.05,EUR/MWh,BE,BE,imbalance_price,Long,2026-06-20T12:20:56Z
2026-06-20T12:18:09Z,2026-06-20T14:18:09+0200,4bddbab4-20af-41f1-90cc-d649ae7f214d,2026-05-29T22:45:00Z,2026-05-30T00:45:00+0200,91.05,EUR/MWh,BE,BE,imbalance_price,Short,2026-06-20T12:20:56Z
2026-06-20T12:18:09Z,2026-06-20T14:18:09+0200,4bddbab4-20af-41f1-90cc-d649ae7f214d,2026-05-29T23:00:00Z,2026-05-30T01:00:00+0200,88.47,EUR/MWh,BE,BE,imbalance_price,Long,2026-06-20T12:20:56Z
2026-06-20T12:18:09Z,2026-06-20T14:18:09+0200,4bddbab4-20af-41f1-90cc-d649ae7f214d,2026-05-29T23:00:00Z,2026-05-30T01:00:00+0200,88.47,EUR/MWh,BE,BE,imbalance_price,Short,2026-06-20T12:20:56Z
2026-06-20T12:18:09Z,2026-06-20T14:18:09+0200,4bddbab4-20af-41f1-90cc-d649ae7f214d,2026-05-29T23:15:00Z,2026-05-30T01:15:00+0200,91.92,EUR/MWh,BE,BE,imbalance_price,Long,2026-06-20T12:20:56Z
2026-06-20T12:18:09Z,2026-06-20T14:18:09+0200,4bddbab4-20af-41f1-90cc-d649ae7f214d,2026-05-29T23:15:00Z,2026-05-30T01:15:00+0200,91.92,EUR/MWh,BE,BE,imbalance_price,Short,2026-06-20T12:20:56Z
2026-06-20T12:18:09Z,2026-06-20T14:18:09+0200,4bddbab4-20af-41f1-90cc-d649ae7f214d,2026-05-29T23:30:00Z,2026-05-30T01:30:00+0200,91.0,EUR/MWh,BE,BE,imbalance_price,Long,2026-06-20T12:20:56Z
2026-06-20T12:18:09Z,2026-06-20T14:18:09+0200,4bddbab4-20af-41f1-90cc-d649ae7f214d,2026-05-29T23:30:00Z,2026-05-30T01:30:00+0200,91.0,EUR/MWh,BE,BE,imbalance_price,Short,2026-06-20T12:20:56Z
2026-06-20T12:18:09Z,2026-06-20T14:18:09+0200,4bddbab4-20af-41f1-90cc-d649ae7f214d,2026-05-29T23:45:00Z,2026-05-30T01:45:00+0200,105.97,EUR/MWh,BE,BE,imbalance_price,Long,2026-06-20T12:20:56Z
2026-06-20T12:18:09Z,2026-06-20T14:18:09+0200,4bddbab4-20af-41f1-90cc-d649ae7f214d,2026-05-29T23:45:00Z,2026-05-30T01:45:00+0200,105.97,EUR/MWh,BE,BE,imbalance_price,Short,2026-06-20T12:20:56Z
2026-06-20T12:18:09Z,2026-06-20T14:18:09+0200,4bddbab4-20af-41f1-90cc-d649ae7f214d,2026-05-30T00:00:00Z,2026-05-30T02:00:00+0200,115.66,EUR/MWh,BE,BE,imbalance_price,Long,2026-06-20T12:20:56Z
2026-06-20T12:18:09Z,2026-06-20T14:18:09+0200,4bddbab4-20af-41f1-90cc-d649ae7f214d,2026-05-30T00:00:00Z,2026-05-30T02:00:00+0200,115.66,EUR/MWh,BE,BE,imbalance_price,Short,2026-06-20T12:20:56Z
2026-06-20T12:18:09Z,2026-06-20T14:18:09+0200,4bddbab4-20af-41f1-90cc-d649ae7f214d,2026-05-30T00:15:00Z,2026-05-30T02:15:00+0200,87.78,EUR/MWh,BE,BE,imbalance_price,Long,2026-06-20T12:20:56Z
2026-06-20T12:18:09Z,2026-06-20T14:18:09+0200,4bddbab4-20af-41f1-90cc-d649ae7f214d,2026-05-30T00:15:00Z,2026-05-30T02:15:00+0200,87.78,EUR/MWh,BE,BE,imbalance_price,Short,2026-06-20T12:20:56Z
2026-06-20T12:18:09Z,2026-06-20T14:18:09+0200,4bddbab4-20af-41f1-90cc-d649ae7f214d,2026-05-30T00:30:00Z,2026-05-30T02:30:00+0200,110.91,EUR/MWh,BE,BE,imbalance_price,Long,2026-06-20T12:20:56Z
2026-06-20T12:18:09Z,2026-06-20T14:18:09+0200,4bddbab4-20af-41f1-90cc-d649ae7f214d,2026-05-30T00:30:00Z,2026-05-30T02:30:00+0200,110.91,EUR/MWh,BE,BE,imbalance_price,Short,2026-06-20T12:20:56Z
2026-06-20T12:18:09Z,2026-06-20T14:18:09+0200,4bddbab4-20af-41f1-90cc-d649ae7f214d,2026-05-30T00:45:00Z,2026-05-30T02:45:00+0200,121.32,EUR/MWh,BE,BE,imbalance_price,Long,2026-06-20T12:20:56Z
2026-06-20T12:18:09Z,2026-06-20T14:18:09+0200,4bddbab4-20af-41f1-90cc-d649ae7f214d,2026-05-30T00:45:00Z,2026-05-30T02:45:00+0200,121.32,EUR/MWh,BE,BE,imbalance_price,Short,2026-06-20T12:20:56Z
2026-06-20T12:18:09Z,2026-06-20T14:18:09+0200,4bddbab4-20af-41f1-90cc-d649ae7f214d,2026-05-30T01:00:00Z,2026-05-30T03:00:00+0200,151.94,EUR/MWh,BE,BE,imbalance_price,Long,2026-06-20T12:20:56Z
2026-06-20T12:18:09Z,2026-06-20T14:18:09+0200,4bddbab4-20af-41f1-90cc-d649ae7f214d,2026-05-30T01:00:00Z,2026-05-30T03:00:00+0200,151.94,EUR/MWh,BE,BE,imbalance_price,Short,2026-06-20T12:20:56Z
2026-06-20T12:18:09Z,2026-06-20T14:18:09+0200,4bddbab4-20af-41f1-90cc-d649ae7f214d,2026-05-30T01:15:00Z,2026-05-30T03:15:00+0200,138.38,EUR/MWh,BE,BE,imbalance_price,Long,2026-06-20T12:20:56Z
2026-06-20T12:18:09Z,2026-06-20T14:18:09+0200,4bddbab4-20af-41f1-90cc-d649ae7f214d,2026-05-30T01:15:00Z,2026-05-30T03:15:00+0200,138.38,EUR/MWh,BE,BE,imbalance_price,Short,2026-06-20T12:20:56Z
2026-06-20T12:18:09Z,2026-06-20T14:18:09+0200,4bddbab4-20af-41f1-90cc-d649ae7f214d,2026-05-30T01:30:00Z,2026-05-30T03:30:00+0200,150.59,EUR/MWh,BE,BE,imbalance_price,Long,2026-06-20T12:20:56Z
2026-06-20T12:18:09Z,2026-06-20T14:18:09+0200,4bddbab4-20af-41f1-90cc-d649ae7f214d,2026-05-30T01:30:00Z,2026-05-30T03:30:00+0200,150.59,EUR/MWh,BE,BE,imbalance_price,Short,2026-06-20T12:20:56Z
2026-06-20T12:18:09Z,2026-06-20T14:18:09+0200,4bddbab4-20af-41f1-90cc-d649ae7f214d,2026-05-30T01:45:00Z,2026-05-30T03:45:00+0200,116.04,EUR/MWh,BE,BE,imbalance_price,Long,2026-06-20T12:20:56Z
2026-06-20T12:18:09Z,2026-06-20T14:18:09+0200,4bddbab4-20af-41f1-90cc-d649ae7f214d,2026-05-30T01:45:00Z,2026-05-30T03:45:00+0200,116.04,EUR/MWh,BE,BE,imbalance_price,Short,2026-06-20T12:20:56Z
2026-06-20T12:18:09Z,2026-06-20T14:18:09+0200,4bddbab4-20af-41f1-90cc-d649ae7f214d,2026-05-30T02:00:00Z,2026-05-30T04:00:00+0200,128.2,EUR/MWh,BE,BE,imbalance_price,Long,2026-06-20T12:20:56Z
2026-06-20T12:18:09Z,2026-06-20T14:18:09+0200,4bddbab4-20af-41f1-90cc-d649ae7f214d,2026-05-30T02:00:00Z,2026-05-30T04:00:00+0200,128.2,EUR/MWh,BE,BE,imbalance_price,Short,2026-06-20T12:20:56Z
2026-06-20T12:18:09Z,2026-06-20T14:18:09+0200,4bddbab4-20af-41f1-90cc-d649ae7f214d,2026-05-30T02:15:00Z,2026-05-30T04:15:00+0200,133.2,EUR/MWh,BE,BE,imbalance_price,Long,2026-06-20T12:20:56Z
2026-06-20T12:18:09Z,2026-06-20T14:18:09+0200,4bddbab4-20af-41f1-90cc-d649ae7f214d,2026-05-30T02:15:00Z,2026-05-30T04:15:00+0200,133.2,EUR/MWh,BE,BE,imbalance_price,Short,2026-06-20T12:20:56Z
2026-06-20T12:18:09Z,2026-06-20T14:18:09+0200,4bddbab4-20af-41f1-90cc-d649ae7f214d,2026-05-30T02:30:00Z,2026-05-30T04:30:00+0200,119.0,EUR/MWh,BE,BE,imbalance_price,Long,2026-06-20T12:20:56Z
2026-06-20T12:18:09Z,2026-06-20T14:18:09+0200,4bddbab4-20af-41f1-90cc-d649ae7f214d,2026-05-30T02:30:00Z,2026-05-30T04:30:00+0200,119.0,EUR/MWh,BE,BE,imbalance_price,Short,2026-06-20T12:20:56Z
2026-06-20T12:18:09Z,2026-06-20T14:18:09+0200,4bddbab4-20af-41f1-90cc-d649ae7f214d,2026-05-30T02:45:00Z,2026-05-30T04:45:00+0200,117.84,EUR/MWh,BE,BE,imbalance_price,Long,2026-06-20T12:20:56Z
2026-06-20T12:18:09Z,2026-06-20T14:18:09+0200,4bddbab4-20af-41f1-90cc-d649ae7f214d,2026-05-30T02:45:00Z,2026-05-30T04:45:00+0200,117.84,EUR/MWh,BE,BE,imbalance_price,Short,2026-06-20T12:20:56Z
2026-06-20T12:18:09Z,2026-06-20T14:18:09+0200,4bddbab4-20af-41f1-90cc-d649ae7f214d,2026-05-30T03:00:00Z,2026-05-30T05:00:00+0200,121.51,EUR/MWh,BE,BE,imbalance_price,Long,2026-06-20T12:20:56Z
2026-06-20T12:18:09Z,2026-06-20T14:18:09+0200,4bddbab4-20af-41f1-90cc-d649ae7f214d,2026-05-30T03:00:00Z,2026-05-30T05:00:00+0200,121.51,EUR/MWh,BE,BE,imbalance_price,Short,2026-06-20T12:20:56Z
2026-06-20T12:18:09Z,2026-06-20T14:18:09+0200,4bddbab4-20af-41f1-90cc-d649ae7f214d,2026-05-30T03:15:00Z,2026-05-30T05:15:00+0200,106.0,EUR/MWh,BE,BE,imbalance_price,Long,2026-06-20T12:20:56Z
2026-06-20T12:18:09Z,2026-06-20T14:18:09+0200,4bddbab4-20af-41f1-90cc-d649ae7f214d,2026-05-30T03:15:00Z,2026-05-30T05:15:00+0200,106.0,EUR/MWh,BE,BE,imbalance_price,Short,2026-06-20T12:20:56Z
2026-06-20T12:18:09Z,2026-06-20T14:18:09+0200,4bddbab4-20af-41f1-90cc-d649ae7f214d,2026-05-30T03:30:00Z,2026-05-30T05:30:00+0200,97.39,EUR/MWh,BE,BE,imbalance_price,Long,2026-06-20T12:20:56Z
2026-06-20T12:18:09Z,2026-06-20T14:18:09+0200,4bddbab4-20af-41f1-90cc-d649ae7f214d,2026-05-30T03:30:00Z,2026-05-30T05:30:00+0200,97.39,EUR/MWh,BE,BE,imbalance_price,Short,2026-06-20T12:20:56Z
2026-06-20T12:18:09Z,2026-06-20T14:18:09+0200,4bddbab4-20af-41f1-90cc-d649ae7f214d,2026-05-30T03:45:00Z,2026-05-30T05:45:00+0200,77.9,EUR/MWh,BE,BE,imbalance_price,Long,2026-06-20T12:20:56Z
2026-06-20T12:18:09Z,2026-06-20T14:18:09+0200,4bddbab4-20af-41f1-90cc-d649ae7f214d,2026-05-30T03:45:00Z,2026-05-30T05:45:00+0200,77.9,EUR/MWh,BE,BE,imbalance_price,Short,2026-06-20T12:20:56Z
2026-06-20T12:18:09Z,2026-06-20T14:18:09+0200,4bddbab4-20af-41f1-90cc-d649ae7f214d,2026-05-30T04:00:00Z,2026-05-30T06:00:00+0200,84.74,EUR/MWh,BE,BE,imbalance_price,Long,2026-06-20T12:20:56Z
2026-06-20T12:18:09Z,2026-06-20T14:18:09+0200,4bddbab4-20af-41f1-90cc-d649ae7f214d,2026-05-30T04:00:00Z,2026-05-30T06:00:00+0200,84.74,EUR/MWh,BE,BE,imbalance_price,Short,2026-06-20T12:20:56Z
2026-06-20T12:18:09Z,2026-06-20T14:18:09+0200,4bddbab4-20af-41f1-90cc-d649ae7f214d,2026-05-30T04:15:00Z,2026-05-30T06:15:00+0200,96.53,EUR/MWh,BE,BE,imbalance_price,Long,2026-06-20T12:20:56Z
2026-06-20T12:18:09Z,2026-06-20T14:18:09+0200,4bddbab4-20af-41f1-90cc-d649ae7f214d,2026-05-30T04:15:00Z,2026-05-30T06:15:00+0200,96.53,EUR/MWh,BE,BE,imbalance_price,Short,2026-06-20T12:20:56Z
2026-06-20T12:18:09Z,2026-06-20T14:18:09+0200,4bddbab4-20af-41f1-90cc-d649ae7f214d,2026-05-30T04:30:00Z,2026-05-30T06:30:00+0200,97.28,EUR/MWh,BE,BE,imbalance_price,Long,2026-06-20T12:20:56Z
2026-06-20T12:18:09Z,2026-06-20T14:18:09+0200,4bddbab4-20af-41f1-90cc-d649ae7f214d,2026-05-30T04:30:00Z,2026-05-30T06:30:00+0200,97.28,EUR/MWh,BE,BE,imbalance_price,Short,2026-06-20T12:20:56Z
2026-06-20T12:18:09Z,2026-06-20T14:18:09+0200,4bddbab4-20af-41f1-90cc-d649ae7f214d,2026-05-30T04:45:00Z,2026-05-30T06:45:00+0200,104.25,EUR/MWh,BE,BE,imbalance_price,Long,2026-06-20T12:20:56Z
2026-06-20T12:18:09Z,2026-06-20T14:18:09+0200,4bddbab4-20af-41f1-90cc-d649ae7f214d,2026-05-30T04:45:00Z,2026-05-30T06:45:00+0200,104.25,EUR/MWh,BE,BE,imbalance_price,Short,2026-06-20T12:20:56Z
2026-06-20T12:18:09Z,2026-06-20T14:18:09+0200,4bddbab4-20af-41f1-90cc-d649ae7f214d,2026-05-30T05:00:00Z,2026-05-30T07:00:00+0200,145.95,EUR/MWh,BE,BE,imbalance_price,Long,2026-06-20T12:20:56Z
2026-06-20T12:18:09Z,2026-06-20T14:18:09+0200,4bddbab4-20af-41f1-90cc-d649ae7f214d,2026-05-30T05:00:00Z,2026-05-30T07:00:00+0200,145.95,EUR/MWh,BE,BE,imbalance_price,Short,2026-06-20T12:20:56Z
2026-06-20T12:18:09Z,2026-06-20T14:18:09+0200,4bddbab4-20af-41f1-90cc-d649ae7f214d,2026-05-30T05:15:00Z,2026-05-30T07:15:00+0200,175.53,EUR/MWh,BE,BE,imbalance_price,Long,2026-06-20T12:20:56Z
2026-06-20T12:18:09Z,2026-06-20T14:18:09+0200,4bddbab4-20af-41f1-90cc-d649ae7f214d,2026-05-30T05:15:00Z,2026-05-30T07:15:00+0200,175.53,EUR/MWh,BE,BE,imbalance_price,Short,2026-06-20T12:20:56Z
2026-06-20T12:18:09Z,2026-06-20T14:18:09+0200,4bddbab4-20af-41f1-90cc-d649ae7f214d,2026-05-30T05:30:00Z,2026-05-30T07:30:00+0200,138.56,EUR/MWh,BE,BE,imbalance_price,Long,2026-06-20T12:20:56Z
2026-06-20T12:18:09Z,2026-06-20T14:18:09+0200,4bddbab4-20af-41f1-90cc-d649ae7f214d,2026-05-30T05:30:00Z,2026-05-30T07:30:00+0200,138.56,EUR/MWh,BE,BE,imbalance_price,Short,2026-06-20T12:20:56Z
2026-06-20T12:18:09Z,2026-06-20T14:18:09+0200,4bddbab4-20af-41f1-90cc-d649ae7f214d,2026-05-30T05:45:00Z,2026-05-30T07:45:00+0200,147.26,EUR/MWh,BE,BE,imbalance_price,Long,2026-06-20T12:20:56Z
2026-06-20T12:18:09Z,2026-06-20T14:18:09+0200,4bddbab4-20af-41f1-90cc-d649ae7f214d,2026-05-30T05:45:00Z,2026-05-30T07:45:00+0200,147.26,EUR/MWh,BE,BE,imbalance_price,Short,2026-06-20T12:20:56Z
2026-06-20T12:18:09Z,2026-06-20T14:18:09+0200,4bddbab4-20af-41f1-90cc-d649ae7f214d,2026-05-30T06:00:00Z,2026-05-30T08:00:00+0200,156.33,EUR/MWh,BE,BE,imbalance_price,Long,2026-06-20T12:20:56Z
2026-06-20T12:18:09Z,2026-06-20T14:18:09+0200,4bddbab4-20af-41f1-90cc-d649ae7f214d,2026-05-30T06:00:00Z,2026-05-30T08:00:00+0200,156.33,EUR/MWh,BE,BE,imbalance_price,Short,2026-06-20T12:20:56Z
2026-06-20T12:18:09Z,2026-06-20T14:18:09+0200,4bddbab4-20af-41f1-90cc-d649ae7f214d,2026-05-30T06:15:00Z,2026-05-30T08:15:00+0200,142.28,EUR/MWh,BE,BE,imbalance_price,Long,2026-06-20T12:20:56Z
2026-06-20T12:18:09Z,2026-06-20T14:18:09+0200,4bddbab4-20af-41f1-90cc-d649ae7f214d,2026-05-30T06:15:00Z,2026-05-30T08:15:00+0200,142.28,EUR/MWh,BE,BE,imbalance_price,Short,2026-06-20T12:20:56Z
2026-06-20T12:18:09Z,2026-06-20T14:18:09+0200,4bddbab4-20af-41f1-90cc-d649ae7f214d,2026-05-30T06:30:00Z,2026-05-30T08:30:00+0200,265.79,EUR/MWh,BE,BE,imbalance_price,Long,2026-06-20T12:20:56Z
2026-06-20T12:18:09Z,2026-06-20T14:18:09+0200,4bddbab4-20af-41f1-90cc-d649ae7f214d,2026-05-30T06:30:00Z,2026-05-30T08:30:00+0200,265.79,EUR/MWh,BE,BE,imbalance_price,Short,2026-06-20T12:20:56Z
2026-06-20T12:18:09Z,2026-06-20T14:18:09+0200,4bddbab4-20af-41f1-90cc-d649ae7f214d,2026-05-30T06:45:00Z,2026-05-30T08:45:00+0200,190.0,EUR/MWh,BE,BE,imbalance_price,Long,2026-06-20T12:20:56Z
2026-06-20T12:18:09Z,2026-06-20T14:18:09+0200,4bddbab4-20af-41f1-90cc-d649ae7f214d,2026-05-30T06:45:00Z,2026-05-30T08:45:00+0200,190.0,EUR/MWh,BE,BE,imbalance_price,Short,2026-06-20T12:20:56Z
2026-06-20T12:18:09Z,2026-06-20T14:18:09+0200,4bddbab4-20af-41f1-90cc-d649ae7f214d,2026-05-30T07:00:00Z,2026-05-30T09:00:00+0200,72.08,EUR/MWh,BE,BE,imbalance_price,Long,2026-06-20T12:20:56Z
2026-06-20T12:18:09Z,2026-06-20T14:18:09+0200,4bddbab4-20af-41f1-90cc-d649ae7f214d,2026-05-30T07:00:00Z,2026-05-30T09:00:00+0200,72.08,EUR/MWh,BE,BE,imbalance_price,Short,2026-06-20T12:20:56Z
2026-06-20T12:18:09Z,2026-06-20T14:18:09+0200,4bddbab4-20af-41f1-90cc-d649ae7f214d,2026-05-30T07:15:00Z,2026-05-30T09:15:00+0200,51.92,EUR/MWh,BE,BE,imbalance_price,Long,2026-06-20T12:20:56Z
2026-06-20T12:18:09Z,2026-06-20T14:18:09+0200,4bddbab4-20af-41f1-90cc-d649ae7f214d,2026-05-30T07:15:00Z,2026-05-30T09:15:00+0200,51.92,EUR/MWh,BE,BE,imbalance_price,Short,2026-06-20T12:20:56Z
2026-06-20T12:18:09Z,2026-06-20T14:18:09+0200,4bddbab4-20af-41f1-90cc-d649ae7f214d,2026-05-30T07:30:00Z,2026-05-30T09:30:00+0200,60.03,EUR/MWh,BE,BE,imbalance_price,Long,2026-06-20T12:20:56Z
2026-06-20T12:18:09Z,2026-06-20T14:18:09+0200,4bddbab4-20af-41f1-90cc-d649ae7f214d,2026-05-30T07:30:00Z,2026-05-30T09:30:00+0200,60.03,EUR/MWh,BE,BE,imbalance_price,Short,2026-06-20T12:20:56Z
2026-06-20T12:18:09Z,2026-06-20T14:18:09+0200,4bddbab4-20af-41f1-90cc-d649ae7f214d,2026-05-30T07:45:00Z,2026-05-30T09:45:00+0200,52.07,EUR/MWh,BE,BE,imbalance_price,Long,2026-06-20T12:20:56Z
2026-06-20T12:18:09Z,2026-06-20T14:18:09+0200,4bddbab4-20af-41f1-90cc-d649ae7f214d,2026-05-30T07:45:00Z,2026-05-30T09:45:00+0200,52.07,EUR/MWh,BE,BE,imbalance_price,Short,2026-06-20T12:20:56Z
2026-06-20T12:18:09Z,2026-06-20T14:18:09+0200,4bddbab4-20af-41f1-90cc-d649ae7f214d,2026-05-30T08:00:00Z,2026-05-30T10:00:00+0200,52.69,EUR/MWh,BE,BE,imbalance_price,Long,2026-06-20T12:20:56Z
2026-06-20T12:18:09Z,2026-06-20T14:18:09+0200,4bddbab4-20af-41f1-90cc-d649ae7f214d,2026-05-30T08:00:00Z,2026-05-30T10:00:00+0200,52.69,EUR/MWh,BE,BE,imbalance_price,Short,2026-06-20T12:20:56Z
2026-06-20T12:18:09Z,2026-06-20T14:18:09+0200,4bddbab4-20af-41f1-90cc-d649ae7f214d,2026-05-30T08:15:00Z,2026-05-30T10:15:00+0200,60.92,EUR/MWh,BE,BE,imbalance_price,Long,2026-06-20T12:20:56Z
2026-06-20T12:18:09Z,2026-06-20T14:18:09+0200,4bddbab4-20af-41f1-90cc-d649ae7f214d,2026-05-30T08:15:00Z,2026-05-30T10:15:00+0200,60.92,EUR/MWh,BE,BE,imbalance_price,Short,2026-06-20T12:20:56Z
2026-06-20T12:18:09Z,2026-06-20T14:18:09+0200,4bddbab4-20af-41f1-90cc-d649ae7f214d,2026-05-30T08:30:00Z,2026-05-30T10:30:00+0200,30.5,EUR/MWh,BE,BE,imbalance_price,Long,2026-06-20T12:20:56Z
2026-06-20T12:18:09Z,2026-06-20T14:18:09+0200,4bddbab4-20af-41f1-90cc-d649ae7f214d,2026-05-30T08:30:00Z,2026-05-30T10:30:00+0200,30.5,EUR/MWh,BE,BE,imbalance_price,Short,2026-06-20T12:20:56Z
2026-06-20T12:18:09Z,2026-06-20T14:18:09+0200,4bddbab4-20af-41f1-90cc-d649ae7f214d,2026-05-30T08:45:00Z,2026-05-30T10:45:00+0200,17.46,EUR/MWh,BE,BE,imbalance_price,Long,2026-06-20T12:20:56Z
2026-06-20T12:18:09Z,2026-06-20T14:18:09+0200,4bddbab4-20af-41f1-90cc-d649ae7f214d,2026-05-30T08:45:00Z,2026-05-30T10:45:00+0200,17.46,EUR/MWh,BE,BE,imbalance_price,Short,2026-06-20T12:20:56Z
2026-06-20T12:18:09Z,2026-06-20T14:18:09+0200,4bddbab4-20af-41f1-90cc-d649ae7f214d,2026-05-30T09:00:00Z,2026-05-30T11:00:00+0200,1.33,EUR/MWh,BE,BE,imbalance_price,Long,2026-06-20T12:20:56Z
2026-06-20T12:18:09Z,2026-06-20T14:18:09+0200,4bddbab4-20af-41f1-90cc-d649ae7f214d,2026-05-30T09:00:00Z,2026-05-30T11:00:00+0200,1.33,EUR/MWh,BE,BE,imbalance_price,Short,2026-06-20T12:20:56Z
2026-06-20T12:18:09Z,2026-06-20T14:18:09+0200,4bddbab4-20af-41f1-90cc-d649ae7f214d,2026-05-30T09:15:00Z,2026-05-30T11:15:00+0200,-10.24,EUR/MWh,BE,BE,imbalance_price,Long,2026-06-20T12:20:56Z
2026-06-20T12:18:09Z,2026-06-20T14:18:09+0200,4bddbab4-20af-41f1-90cc-d649ae7f214d,2026-05-30T09:15:00Z,2026-05-30T11:15:00+0200,-10.24,EUR/MWh,BE,BE,imbalance_price,Short,2026-06-20T12:20:56Z
2026-06-20T12:18:09Z,2026-06-20T14:18:09+0200,4bddbab4-20af-41f1-90cc-d649ae7f214d,2026-05-30T09:30:00Z,2026-05-30T11:30:00+0200,10.05,EUR/MWh,BE,BE,imbalance_price,Long,2026-06-20T12:20:56Z
2026-06-20T12:18:09Z,2026-06-20T14:18:09+0200,4bddbab4-20af-41f1-90cc-d649ae7f214d,2026-05-30T09:30:00Z,2026-05-30T11:30:00+0200,10.05,EUR/MWh,BE,BE,imbalance_price,Short,2026-06-20T12:20:56Z
2026-06-20T12:18:09Z,2026-06-20T14:18:09+0200,4bddbab4-20af-41f1-90cc-d649ae7f214d,2026-05-30T09:45:00Z,2026-05-30T11:45:00+0200,-6.64,EUR/MWh,BE,BE,imbalance_price,Long,2026-06-20T12:20:56Z
2026-06-20T12:18:09Z,2026-06-20T14:18:09+0200,4bddbab4-20af-41f1-90cc-d649ae7f214d,2026-05-30T09:45:00Z,2026-05-30T11:45:00+0200,-6.64,EUR/MWh,BE,BE,imbalance_price,Short,2026-06-20T12:20:56Z
2026-06-20T12:18:09Z,2026-06-20T14:18:09+0200,4bddbab4-20af-41f1-90cc-d649ae7f214d,2026-05-30T10:00:00Z,2026-05-30T12:00:00+0200,-37.2,EUR/MWh,BE,BE,imbalance_price,Long,2026-06-20T12:20:56Z
2026-06-20T12:18:09Z,2026-06-20T14:18:09+0200,4bddbab4-20af-41f1-90cc-d649ae7f214d,2026-05-30T10:00:00Z,2026-05-30T12:00:00+0200,-37.2,EUR/MWh,BE,BE,imbalance_price,Short,2026-06-20T12:20:56Z
2026-06-20T12:18:09Z,2026-06-20T14:18:09+0200,4bddbab4-20af-41f1-90cc-d649ae7f214d,2026-05-30T10:15:00Z,2026-05-30T12:15:00+0200,-30.94,EUR/MWh,BE,BE,imbalance_price,Long,2026-06-20T12:20:56Z
2026-06-20T12:18:09Z,2026-06-20T14:18:09+0200,4bddbab4-20af-41f1-90cc-d649ae7f214d,2026-05-30T10:15:00Z,2026-05-30T12:15:00+0200,-30.94,EUR/MWh,BE,BE,imbalance_price,Short,2026-06-20T12:20:56Z
2026-06-20T12:18:09Z,2026-06-20T14:18:09+0200,4bddbab4-20af-41f1-90cc-d649ae7f214d,2026-05-30T10:30:00Z,2026-05-30T12:30:00+0200,-118.31,EUR/MWh,BE,BE,imbalance_price,Long,2026-06-20T12:20:56Z
2026-06-20T12:18:09Z,2026-06-20T14:18:09+0200,4bddbab4-20af-41f1-90cc-d649ae7f214d,2026-05-30T10:30:00Z,2026-05-30T12:30:00+0200,-118.31,EUR/MWh,BE,BE,imbalance_price,Short,2026-06-20T12:20:56Z
2026-06-20T12:18:09Z,2026-06-20T14:18:09+0200,4bddbab4-20af-41f1-90cc-d649ae7f214d,2026-05-30T10:45:00Z,2026-05-30T12:45:00+0200,-0.4,EUR/MWh,BE,BE,imbalance_price,Long,2026-06-20T12:20:56Z
2026-06-20T12:18:09Z,2026-06-20T14:18:09+0200,4bddbab4-20af-41f1-90cc-d649ae7f214d,2026-05-30T10:45:00Z,2026-05-30T12:45:00+0200,-0.4,EUR/MWh,BE,BE,imbalance_price,Short,2026-06-20T12:20:56Z
2026-06-20T12:18:09Z,2026-06-20T14:18:09+0200,4bddbab4-20af-41f1-90cc-d649ae7f214d,2026-05-30T11:00:00Z,2026-05-30T13:00:00+0200,0.88,EUR/MWh,BE,BE,imbalance_price,Long,2026-06-20T12:20:56Z
2026-06-20T12:18:09Z,2026-06-20T14:18:09+0200,4bddbab4-20af-41f1-90cc-d649ae7f214d,2026-05-30T11:00:00Z,2026-05-30T13:00:00+0200,0.88,EUR/MWh,BE,BE,imbalance_price,Short,2026-06-20T12:20:56Z
2026-06-20T12:18:09Z,2026-06-20T14:18:09+0200,4bddbab4-20af-41f1-90cc-d649ae7f214d,2026-05-30T11:15:00Z,2026-05-30T13:15:00+0200,5.34,EUR/MWh,BE,BE,imbalance_price,Long,2026-06-20T12:20:56Z
2026-06-20T12:18:09Z,2026-06-20T14:18:09+0200,4bddbab4-20af-41f1-90cc-d649ae7f214d,2026-05-30T11:15:00Z,2026-05-30T13:15:00+0200,5.34,EUR/MWh,BE,BE,imbalance_price,Short,2026-06-20T12:20:56Z
2026-06-20T12:18:09Z,2026-06-20T14:18:09+0200,4bddbab4-20af-41f1-90cc-d649ae7f214d,2026-05-30T11:30:00Z,2026-05-30T13:30:00+0200,-6.33,EUR/MWh,BE,BE,imbalance_price,Long,2026-06-20T12:20:56Z
2026-06-20T12:18:09Z,2026-06-20T14:18:09+0200,4bddbab4-20af-41f1-90cc-d649ae7f214d,2026-05-30T11:30:00Z,2026-05-30T13:30:00+0200,-6.33,EUR/MWh,BE,BE,imbalance_price,Short,2026-06-20T12:20:56Z
2026-06-20T12:18:09Z,2026-06-20T14:18:09+0200,4bddbab4-20af-41f1-90cc-d649ae7f214d,2026-05-30T11:45:00Z,2026-05-30T13:45:00+0200,-3.06,EUR/MWh,BE,BE,imbalance_price,Long,2026-06-20T12:20:56Z
2026-06-20T12:18:09Z,2026-06-20T14:18:09+0200,4bddbab4-20af-41f1-90cc-d649ae7f214d,2026-05-30T11:45:00Z,2026-05-30T13:45:00+0200,-3.06,EUR/MWh,BE,BE,imbalance_price,Short,2026-06-20T12:20:56Z
2026-06-20T12:18:09Z,2026-06-20T14:18:09+0200,4bddbab4-20af-41f1-90cc-d649ae7f214d,2026-05-30T12:00:00Z,2026-05-30T14:00:00+0200,3.04,EUR/MWh,BE,BE,imbalance_price,Long,2026-06-20T12:20:56Z
2026-06-20T12:18:09Z,2026-06-20T14:18:09+0200,4bddbab4-20af-41f1-90cc-d649ae7f214d,2026-05-30T12:00:00Z,2026-05-30T14:00:00+0200,3.04,EUR/MWh,BE,BE,imbalance_price,Short,2026-06-20T12:20:56Z
2026-06-20T12:18:09Z,2026-06-20T14:18:09+0200,4bddbab4-20af-41f1-90cc-d649ae7f214d,2026-05-30T12:15:00Z,2026-05-30T14:15:00+0200,-1.0,EUR/MWh,BE,BE,imbalance_price,Long,2026-06-20T12:20:56Z
2026-06-20T12:18:09Z,2026-06-20T14:18:09+0200,4bddbab4-20af-41f1-90cc-d649ae7f214d,2026-05-30T12:15:00Z,2026-05-30T14:15:00+0200,-1.0,EUR/MWh,BE,BE,imbalance_price,Short,2026-06-20T12:20:56Z
2026-06-20T12:18:09Z,2026-06-20T14:18:09+0200,4bddbab4-20af-41f1-90cc-d649ae7f214d,2026-05-30T12:30:00Z,2026-05-30T14:30:00+0200,-0.02,EUR/MWh,BE,BE,imbalance_price,Long,2026-06-20T12:20:56Z
2026-06-20T12:18:09Z,2026-06-20T14:18:09+0200,4bddbab4-20af-41f1-90cc-d649ae7f214d,2026-05-30T12:30:00Z,2026-05-30T14:30:00+0200,-0.02,EUR/MWh,BE,BE,imbalance_price,Short,2026-06-20T12:20:56Z
2026-06-20T12:18:09Z,2026-06-20T14:18:09+0200,4bddbab4-20af-41f1-90cc-d649ae7f214d,2026-05-30T12:45:00Z,2026-05-30T14:45:00+0200,8.41,EUR/MWh,BE,BE,imbalance_price,Long,2026-06-20T12:20:56Z
2026-06-20T12:18:09Z,2026-06-20T14:18:09+0200,4bddbab4-20af-41f1-90cc-d649ae7f214d,2026-05-30T12:45:00Z,2026-05-30T14:45:00+0200,8.41,EUR/MWh,BE,BE,imbalance_price,Short,2026-06-20T12:20:56Z
2026-06-20T12:18:09Z,2026-06-20T14:18:09+0200,4bddbab4-20af-41f1-90cc-d649ae7f214d,2026-05-30T13:00:00Z,2026-05-30T15:00:00+0200,-1.27,EUR/MWh,BE,BE,imbalance_price,Long,2026-06-20T12:20:56Z
2026-06-20T12:18:09Z,2026-06-20T14:18:09+0200,4bddbab4-20af-41f1-90cc-d649ae7f214d,2026-05-30T13:00:00Z,2026-05-30T15:00:00+0200,-1.27,EUR/MWh,BE,BE,imbalance_price,Short,2026-06-20T12:20:56Z
2026-06-20T12:18:09Z,2026-06-20T14:18:09+0200,4bddbab4-20af-41f1-90cc-d649ae7f214d,2026-05-30T13:15:00Z,2026-05-30T15:15:00+0200,0.56,EUR/MWh,BE,BE,imbalance_price,Long,2026-06-20T12:20:56Z
2026-06-20T12:18:09Z,2026-06-20T14:18:09+0200,4bddbab4-20af-41f1-90cc-d649ae7f214d,2026-05-30T13:15:00Z,2026-05-30T15:15:00+0200,0.56,EUR/MWh,BE,BE,imbalance_price,Short,2026-06-20T12:20:56Z
2026-06-20T12:18:09Z,2026-06-20T14:18:09+0200,4bddbab4-20af-41f1-90cc-d649ae7f214d,2026-05-30T13:30:00Z,2026-05-30T15:30:00+0200,4.93,EUR/MWh,BE,BE,imbalance_price,Long,2026-06-20T12:20:56Z
2026-06-20T12:18:09Z,2026-06-20T14:18:09+0200,4bddbab4-20af-41f1-90cc-d649ae7f214d,2026-05-30T13:30:00Z,2026-05-30T15:30:00+0200,4.93,EUR/MWh,BE,BE,imbalance_price,Short,2026-06-20T12:20:56Z
2026-06-20T12:18:09Z,2026-06-20T14:18:09+0200,4bddbab4-20af-41f1-90cc-d649ae7f214d,2026-05-30T13:45:00Z,2026-05-30T15:45:00+0200,3.28,EUR/MWh,BE,BE,imbalance_price,Long,2026-06-20T12:20:56Z
2026-06-20T12:18:09Z,2026-06-20T14:18:09+0200,4bddbab4-20af-41f1-90cc-d649ae7f214d,2026-05-30T13:45:00Z,2026-05-30T15:45:00+0200,3.28,EUR/MWh,BE,BE,imbalance_price,Short,2026-06-20T12:20:56Z
2026-06-20T12:18:09Z,2026-06-20T14:18:09+0200,4bddbab4-20af-41f1-90cc-d649ae7f214d,2026-05-30T14:00:00Z,2026-05-30T16:00:00+0200,3.08,EUR/MWh,BE,BE,imbalance_price,Long,2026-06-20T12:20:56Z
2026-06-20T12:18:09Z,2026-06-20T14:18:09+0200,4bddbab4-20af-41f1-90cc-d649ae7f214d,2026-05-30T14:00:00Z,2026-05-30T16:00:00+0200,3.08,EUR/MWh,BE,BE,imbalance_price,Short,2026-06-20T12:20:56Z
2026-06-20T12:18:09Z,2026-06-20T14:18:09+0200,4bddbab4-20af-41f1-90cc-d649ae7f214d,2026-05-30T14:15:00Z,2026-05-30T16:15:00+0200,11.69,EUR/MWh,BE,BE,imbalance_price,Long,2026-06-20T12:20:56Z
2026-06-20T12:18:09Z,2026-06-20T14:18:09+0200,4bddbab4-20af-41f1-90cc-d649ae7f214d,2026-05-30T14:15:00Z,2026-05-30T16:15:00+0200,11.69,EUR/MWh,BE,BE,imbalance_price,Short,2026-06-20T12:20:56Z
2026-06-20T12:18:09Z,2026-06-20T14:18:09+0200,4bddbab4-20af-41f1-90cc-d649ae7f214d,2026-05-30T14:30:00Z,2026-05-30T16:30:00+0200,113.22,EUR/MWh,BE,BE,imbalance_price,Long,2026-06-20T12:20:56Z
2026-06-20T12:18:09Z,2026-06-20T14:18:09+0200,4bddbab4-20af-41f1-90cc-d649ae7f214d,2026-05-30T14:30:00Z,2026-05-30T16:30:00+0200,113.22,EUR/MWh,BE,BE,imbalance_price,Short,2026-06-20T12:20:56Z
2026-06-20T12:18:09Z,2026-06-20T14:18:09+0200,4bddbab4-20af-41f1-90cc-d649ae7f214d,2026-05-30T14:45:00Z,2026-05-30T16:45:00+0200,83.62,EUR/MWh,BE,BE,imbalance_price,Long,2026-06-20T12:20:56Z
2026-06-20T12:18:09Z,2026-06-20T14:18:09+0200,4bddbab4-20af-41f1-90cc-d649ae7f214d,2026-05-30T14:45:00Z,2026-05-30T16:45:00+0200,83.62,EUR/MWh,BE,BE,imbalance_price,Short,2026-06-20T12:20:56Z
2026-06-20T12:18:09Z,2026-06-20T14:18:09+0200,4bddbab4-20af-41f1-90cc-d649ae7f214d,2026-05-30T15:00:00Z,2026-05-30T17:00:00+0200,112.29,EUR/MWh,BE,BE,imbalance_price,Long,2026-06-20T12:20:56Z
2026-06-20T12:18:09Z,2026-06-20T14:18:09+0200,4bddbab4-20af-41f1-90cc-d649ae7f214d,2026-05-30T15:00:00Z,2026-05-30T17:00:00+0200,112.29,EUR/MWh,BE,BE,imbalance_price,Short,2026-06-20T12:20:56Z
2026-06-20T12:18:09Z,2026-06-20T14:18:09+0200,4bddbab4-20af-41f1-90cc-d649ae7f214d,2026-05-30T15:15:00Z,2026-05-30T17:15:00+0200,146.64,EUR/MWh,BE,BE,imbalance_price,Long,2026-06-20T12:20:56Z
2026-06-20T12:18:09Z,2026-06-20T14:18:09+0200,4bddbab4-20af-41f1-90cc-d649ae7f214d,2026-05-30T15:15:00Z,2026-05-30T17:15:00+0200,146.64,EUR/MWh,BE,BE,imbalance_price,Short,2026-06-20T12:20:56Z
2026-06-20T12:18:09Z,2026-06-20T14:18:09+0200,4bddbab4-20af-41f1-90cc-d649ae7f214d,2026-05-30T15:30:00Z,2026-05-30T17:30:00+0200,162.21,EUR/MWh,BE,BE,imbalance_price,Long,2026-06-20T12:20:56Z
2026-06-20T12:18:09Z,2026-06-20T14:18:09+0200,4bddbab4-20af-41f1-90cc-d649ae7f214d,2026-05-30T15:30:00Z,2026-05-30T17:30:00+0200,162.21,EUR/MWh,BE,BE,imbalance_price,Short,2026-06-20T12:20:56Z
2026-06-20T12:18:09Z,2026-06-20T14:18:09+0200,4bddbab4-20af-41f1-90cc-d649ae7f214d,2026-05-30T15:45:00Z,2026-05-30T17:45:00+0200,130.91,EUR/MWh,BE,BE,imbalance_price,Long,2026-06-20T12:20:56Z
2026-06-20T12:18:09Z,2026-06-20T14:18:09+0200,4bddbab4-20af-41f1-90cc-d649ae7f214d,2026-05-30T15:45:00Z,2026-05-30T17:45:00+0200,130.91,EUR/MWh,BE,BE,imbalance_price,Short,2026-06-20T12:20:56Z
2026-06-20T12:18:09Z,2026-06-20T14:18:09+0200,4bddbab4-20af-41f1-90cc-d649ae7f214d,2026-05-30T16:00:00Z,2026-05-30T18:00:00+0200,97.67,EUR/MWh,BE,BE,imbalance_price,Long,2026-06-20T12:20:56Z
2026-06-20T12:18:09Z,2026-06-20T14:18:09+0200,4bddbab4-20af-41f1-90cc-d649ae7f214d,2026-05-30T16:00:00Z,2026-05-30T18:00:00+0200,97.67,EUR/MWh,BE,BE,imbalance_price,Short,2026-06-20T12:20:56Z
2026-06-20T12:18:09Z,2026-06-20T14:18:09+0200,4bddbab4-20af-41f1-90cc-d649ae7f214d,2026-05-30T16:15:00Z,2026-05-30T18:15:00+0200,100.06,EUR/MWh,BE,BE,imbalance_price,Long,2026-06-20T12:20:56Z
2026-06-20T12:18:09Z,2026-06-20T14:18:09+0200,4bddbab4-20af-41f1-90cc-d649ae7f214d,2026-05-30T16:15:00Z,2026-05-30T18:15:00+0200,100.06,EUR/MWh,BE,BE,imbalance_price,Short,2026-06-20T12:20:56Z
2026-06-20T12:18:09Z,2026-06-20T14:18:09+0200,4bddbab4-20af-41f1-90cc-d649ae7f214d,2026-05-30T16:30:00Z,2026-05-30T18:30:00+0200,100.37,EUR/MWh,BE,BE,imbalance_price,Long,2026-06-20T12:20:56Z
2026-06-20T12:18:09Z,2026-06-20T14:18:09+0200,4bddbab4-20af-41f1-90cc-d649ae7f214d,2026-05-30T16:30:00Z,2026-05-30T18:30:00+0200,100.37,EUR/MWh,BE,BE,imbalance_price,Short,2026-06-20T12:20:56Z
2026-06-20T12:18:09Z,2026-06-20T14:18:09+0200,4bddbab4-20af-41f1-90cc-d649ae7f214d,2026-05-30T16:45:00Z,2026-05-30T18:45:00+0200,139.64,EUR/MWh,BE,BE,imbalance_price,Long,2026-06-20T12:20:56Z
2026-06-20T12:18:09Z,2026-06-20T14:18:09+0200,4bddbab4-20af-41f1-90cc-d649ae7f214d,2026-05-30T16:45:00Z,2026-05-30T18:45:00+0200,139.64,EUR/MWh,BE,BE,imbalance_price,Short,2026-06-20T12:20:56Z
2026-06-20T12:18:09Z,2026-06-20T14:18:09+0200,4bddbab4-20af-41f1-90cc-d649ae7f214d,2026-05-30T17:00:00Z,2026-05-30T19:00:00+0200,137.55,EUR/MWh,BE,BE,imbalance_price,Long,2026-06-20T12:20:56Z
2026-06-20T12:18:09Z,2026-06-20T14:18:09+0200,4bddbab4-20af-41f1-90cc-d649ae7f214d,2026-05-30T17:00:00Z,2026-05-30T19:00:00+0200,137.55,EUR/MWh,BE,BE,imbalance_price,Short,2026-06-20T12:20:56Z
2026-06-20T12:18:09Z,2026-06-20T14:18:09+0200,4bddbab4-20af-41f1-90cc-d649ae7f214d,2026-05-30T17:15:00Z,2026-05-30T19:15:00+0200,147.87,EUR/MWh,BE,BE,imbalance_price,Long,2026-06-20T12:20:56Z
2026-06-20T12:18:09Z,2026-06-20T14:18:09+0200,4bddbab4-20af-41f1-90cc-d649ae7f214d,2026-05-30T17:15:00Z,2026-05-30T19:15:00+0200,147.87,EUR/MWh,BE,BE,imbalance_price,Short,2026-06-20T12:20:56Z
2026-06-20T12:18:09Z,2026-06-20T14:18:09+0200,4bddbab4-20af-41f1-90cc-d649ae7f214d,2026-05-30T17:30:00Z,2026-05-30T19:30:00+0200,143.3,EUR/MWh,BE,BE,imbalance_price,Long,2026-06-20T12:20:56Z
2026-06-20T12:18:09Z,2026-06-20T14:18:09+0200,4bddbab4-20af-41f1-90cc-d649ae7f214d,2026-05-30T17:30:00Z,2026-05-30T19:30:00+0200,143.3,EUR/MWh,BE,BE,imbalance_price,Short,2026-06-20T12:20:56Z
2026-06-20T12:18:09Z,2026-06-20T14:18:09+0200,4bddbab4-20af-41f1-90cc-d649ae7f214d,2026-05-30T17:45:00Z,2026-05-30T19:45:00+0200,142.54,EUR/MWh,BE,BE,imbalance_price,Long,2026-06-20T12:20:56Z
2026-06-20T12:18:09Z,2026-06-20T14:18:09+0200,4bddbab4-20af-41f1-90cc-d649ae7f214d,2026-05-30T17:45:00Z,2026-05-30T19:45:00+0200,142.54,EUR/MWh,BE,BE,imbalance_price,Short,2026-06-20T12:20:56Z
2026-06-20T12:18:09Z,2026-06-20T14:18:09+0200,4bddbab4-20af-41f1-90cc-d649ae7f214d,2026-05-30T18:00:00Z,2026-05-30T20:00:00+0200,122.17,EUR/MWh,BE,BE,imbalance_price,Long,2026-06-20T12:20:56Z
2026-06-20T12:18:09Z,2026-06-20T14:18:09+0200,4bddbab4-20af-41f1-90cc-d649ae7f214d,2026-05-30T18:00:00Z,2026-05-30T20:00:00+0200,122.17,EUR/MWh,BE,BE,imbalance_price,Short,2026-06-20T12:20:56Z
2026-06-20T12:18:09Z,2026-06-20T14:18:09+0200,4bddbab4-20af-41f1-90cc-d649ae7f214d,2026-05-30T18:15:00Z,2026-05-30T20:15:00+0200,74.29,EUR/MWh,BE,BE,imbalance_price,Long,2026-06-20T12:20:56Z
2026-06-20T12:18:09Z,2026-06-20T14:18:09+0200,4bddbab4-20af-41f1-90cc-d649ae7f214d,2026-05-30T18:15:00Z,2026-05-30T20:15:00+0200,74.29,EUR/MWh,BE,BE,imbalance_price,Short,2026-06-20T12:20:56Z
2026-06-20T12:18:09Z,2026-06-20T14:18:09+0200,4bddbab4-20af-41f1-90cc-d649ae7f214d,2026-05-30T18:30:00Z,2026-05-30T20:30:00+0200,101.3,EUR/MWh,BE,BE,imbalance_price,Long,2026-06-20T12:20:56Z
2026-06-20T12:18:09Z,2026-06-20T14:18:09+0200,4bddbab4-20af-41f1-90cc-d649ae7f214d,2026-05-30T18:30:00Z,2026-05-30T20:30:00+0200,101.3,EUR/MWh,BE,BE,imbalance_price,Short,2026-06-20T12:20:56Z
2026-06-20T12:18:09Z,2026-06-20T14:18:09+0200,4bddbab4-20af-41f1-90cc-d649ae7f214d,2026-05-30T18:45:00Z,2026-05-30T20:45:00+0200,98.31,EUR/MWh,BE,BE,imbalance_price,Long,2026-06-20T12:20:56Z
2026-06-20T12:18:09Z,2026-06-20T14:18:09+0200,4bddbab4-20af-41f1-90cc-d649ae7f214d,2026-05-30T18:45:00Z,2026-05-30T20:45:00+0200,98.31,EUR/MWh,BE,BE,imbalance_price,Short,2026-06-20T12:20:56Z
2026-06-20T12:18:09Z,2026-06-20T14:18:09+0200,4bddbab4-20af-41f1-90cc-d649ae7f214d,2026-05-30T19:00:00Z,2026-05-30T21:00:00+0200,61.86,EUR/MWh,BE,BE,imbalance_price,Long,2026-06-20T12:20:56Z
2026-06-20T12:18:09Z,2026-06-20T14:18:09+0200,4bddbab4-20af-41f1-90cc-d649ae7f214d,2026-05-30T19:00:00Z,2026-05-30T21:00:00+0200,61.86,EUR/MWh,BE,BE,imbalance_price,Short,2026-06-20T12:20:56Z
2026-06-20T12:18:09Z,2026-06-20T14:18:09+0200,4bddbab4-20af-41f1-90cc-d649ae7f214d,2026-05-30T19:15:00Z,2026-05-30T21:15:00+0200,83.81,EUR/MWh,BE,BE,imbalance_price,Long,2026-06-20T12:20:56Z
2026-06-20T12:18:09Z,2026-06-20T14:18:09+0200,4bddbab4-20af-41f1-90cc-d649ae7f214d,2026-05-30T19:15:00Z,2026-05-30T21:15:00+0200,83.81,EUR/MWh,BE,BE,imbalance_price,Short,2026-06-20T12:20:56Z
2026-06-20T12:18:09Z,2026-06-20T14:18:09+0200,4bddbab4-20af-41f1-90cc-d649ae7f214d,2026-05-30T19:30:00Z,2026-05-30T21:30:00+0200,113.5,EUR/MWh,BE,BE,imbalance_price,Long,2026-06-20T12:20:56Z
2026-06-20T12:18:09Z,2026-06-20T14:18:09+0200,4bddbab4-20af-41f1-90cc-d649ae7f214d,2026-05-30T19:30:00Z,2026-05-30T21:30:00+0200,113.5,EUR/MWh,BE,BE,imbalance_price,Short,2026-06-20T12:20:56Z
2026-06-20T12:18:09Z,2026-06-20T14:18:09+0200,4bddbab4-20af-41f1-90cc-d649ae7f214d,2026-05-30T19:45:00Z,2026-05-30T21:45:00+0200,153.94,EUR/MWh,BE,BE,imbalance_price,Long,2026-06-20T12:20:56Z
2026-06-20T12:18:09Z,2026-06-20T14:18:09+0200,4bddbab4-20af-41f1-90cc-d649ae7f214d,2026-05-30T19:45:00Z,2026-05-30T21:45:00+0200,153.94,EUR/MWh,BE,BE,imbalance_price,Short,2026-06-20T12:20:56Z
2026-06-20T12:18:09Z,2026-06-20T14:18:09+0200,4bddbab4-20af-41f1-90cc-d649ae7f214d,2026-05-30T20:00:00Z,2026-05-30T22:00:00+0200,182.5,EUR/MWh,BE,BE,imbalance_price,Long,2026-06-20T12:20:56Z
2026-06-20T12:18:09Z,2026-06-20T14:18:09+0200,4bddbab4-20af-41f1-90cc-d649ae7f214d,2026-05-30T20:00:00Z,2026-05-30T22:00:00+0200,182.5,EUR/MWh,BE,BE,imbalance_price,Short,2026-06-20T12:20:56Z
2026-06-20T12:18:09Z,2026-06-20T14:18:09+0200,4bddbab4-20af-41f1-90cc-d649ae7f214d,2026-05-30T20:15:00Z,2026-05-30T22:15:00+0200,176.6,EUR/MWh,BE,BE,imbalance_price,Long,2026-06-20T12:20:56Z
2026-06-20T12:18:09Z,2026-06-20T14:18:09+0200,4bddbab4-20af-41f1-90cc-d649ae7f214d,2026-05-30T20:15:00Z,2026-05-30T22:15:00+0200,176.6,EUR/MWh,BE,BE,imbalance_price,Short,2026-06-20T12:20:56Z
2026-06-20T12:18:09Z,2026-06-20T14:18:09+0200,4bddbab4-20af-41f1-90cc-d649ae7f214d,2026-05-30T20:30:00Z,2026-05-30T22:30:00+0200,156.09,EUR/MWh,BE,BE,imbalance_price,Long,2026-06-20T12:20:56Z
2026-06-20T12:18:09Z,2026-06-20T14:18:09+0200,4bddbab4-20af-41f1-90cc-d649ae7f214d,2026-05-30T20:30:00Z,2026-05-30T22:30:00+0200,156.09,EUR/MWh,BE,BE,imbalance_price,Short,2026-06-20T12:20:56Z
2026-06-20T12:18:09Z,2026-06-20T14:18:09+0200,4bddbab4-20af-41f1-90cc-d649ae7f214d,2026-05-30T20:45:00Z,2026-05-30T22:45:00+0200,125.58,EUR/MWh,BE,BE,imbalance_price,Long,2026-06-20T12:20:56Z
2026-06-20T12:18:09Z,2026-06-20T14:18:09+0200,4bddbab4-20af-41f1-90cc-d649ae7f214d,2026-05-30T20:45:00Z,2026-05-30T22:45:00+0200,125.58,EUR/MWh,BE,BE,imbalance_price,Short,2026-06-20T12:20:56Z
2026-06-20T12:18:09Z,2026-06-20T14:18:09+0200,4bddbab4-20af-41f1-90cc-d649ae7f214d,2026-05-30T21:00:00Z,2026-05-30T23:00:00+0200,79.5,EUR/MWh,BE,BE,imbalance_price,Long,2026-06-20T12:20:56Z
2026-06-20T12:18:09Z,2026-06-20T14:18:09+0200,4bddbab4-20af-41f1-90cc-d649ae7f214d,2026-05-30T21:00:00Z,2026-05-30T23:00:00+0200,79.5,EUR/MWh,BE,BE,imbalance_price,Short,2026-06-20T12:20:56Z
2026-06-20T12:18:09Z,2026-06-20T14:18:09+0200,4bddbab4-20af-41f1-90cc-d649ae7f214d,2026-05-30T21:15:00Z,2026-05-30T23:15:00+0200,80.15,EUR/MWh,BE,BE,imbalance_price,Long,2026-06-20T12:20:56Z
2026-06-20T12:18:09Z,2026-06-20T14:18:09+0200,4bddbab4-20af-41f1-90cc-d649ae7f214d,2026-05-30T21:15:00Z,2026-05-30T23:15:00+0200,80.15,EUR/MWh,BE,BE,imbalance_price,Short,2026-06-20T12:20:56Z
2026-06-20T12:18:09Z,2026-06-20T14:18:09+0200,4bddbab4-20af-41f1-90cc-d649ae7f214d,2026-05-30T21:30:00Z,2026-05-30T23:30:00+0200,109.63,EUR/MWh,BE,BE,imbalance_price,Long,2026-06-20T12:20:56Z
2026-06-20T12:18:09Z,2026-06-20T14:18:09+0200,4bddbab4-20af-41f1-90cc-d649ae7f214d,2026-05-30T21:30:00Z,2026-05-30T23:30:00+0200,109.63,EUR/MWh,BE,BE,imbalance_price,Short,2026-06-20T12:20:56Z
2026-06-20T12:18:09Z,2026-06-20T14:18:09+0200,4bddbab4-20af-41f1-90cc-d649ae7f214d,2026-05-30T21:45:00Z,2026-05-30T23:45:00+0200,121.83,EUR/MWh,BE,BE,imbalance_price,Long,2026-06-20T12:20:56Z
2026-06-20T12:18:09Z,2026-06-20T14:18:09+0200,4bddbab4-20af-41f1-90cc-d649ae7f214d,2026-05-30T21:45:00Z,2026-05-30T23:45:00+0200,121.83,EUR/MWh,BE,BE,imbalance_price,Short,2026-06-20T12:20:56Z
2026-06-20T12:18:09Z,2026-06-20T14:18:09+0200,4bddbab4-20af-41f1-90cc-d649ae7f214d,2026-05-30T22:00:00Z,2026-05-31T00:00:00+0200,171.19,EUR/MWh,BE,BE,imbalance_price,Long,2026-06-20T12:20:56Z
2026-06-20T12:18:09Z,2026-06-20T14:18:09+0200,4bddbab4-20af-41f1-90cc-d649ae7f214d,2026-05-30T22:00:00Z,2026-05-31T00:00:00+0200,171.19,EUR/MWh,BE,BE,imbalance_price,Short,2026-06-20T12:20:56Z
2026-06-20T12:18:09Z,2026-06-20T14:18:09+0200,4bddbab4-20af-41f1-90cc-d649ae7f214d,2026-05-30T22:15:00Z,2026-05-31T00:15:00+0200,155.67,EUR/MWh,BE,BE,imbalance_price,Long,2026-06-20T12:20:56Z
2026-06-20T12:18:09Z,2026-06-20T14:18:09+0200,4bddbab4-20af-41f1-90cc-d649ae7f214d,2026-05-30T22:15:00Z,2026-05-31T00:15:00+0200,155.67,EUR/MWh,BE,BE,imbalance_price,Short,2026-06-20T12:20:56Z
2026-06-20T12:18:09Z,2026-06-20T14:18:09+0200,4bddbab4-20af-41f1-90cc-d649ae7f214d,2026-05-30T22:30:00Z,2026-05-31T00:30:00+0200,132.56,EUR/MWh,BE,BE,imbalance_price,Long,2026-06-20T12:20:56Z
2026-06-20T12:18:09Z,2026-06-20T14:18:09+0200,4bddbab4-20af-41f1-90cc-d649ae7f214d,2026-05-30T22:30:00Z,2026-05-31T00:30:00+0200,132.56,EUR/MWh,BE,BE,imbalance_price,Short,2026-06-20T12:20:56Z
2026-06-20T12:18:09Z,2026-06-20T14:18:09+0200,4bddbab4-20af-41f1-90cc-d649ae7f214d,2026-05-30T22:45:00Z,2026-05-31T00:45:00+0200,132.08,EUR/MWh,BE,BE,imbalance_price,Long,2026-06-20T12:20:56Z
2026-06-20T12:18:09Z,2026-06-20T14:18:09+0200,4bddbab4-20af-41f1-90cc-d649ae7f214d,2026-05-30T22:45:00Z,2026-05-31T00:45:00+0200,132.08,EUR/MWh,BE,BE,imbalance_price,Short,2026-06-20T12:20:56Z
2026-06-20T12:18:09Z,2026-06-20T14:18:09+0200,4bddbab4-20af-41f1-90cc-d649ae7f214d,2026-05-30T23:00:00Z,2026-05-31T01:00:00+0200,112.7,EUR/MWh,BE,BE,imbalance_price,Long,2026-06-20T12:20:56Z
2026-06-20T12:18:09Z,2026-06-20T14:18:09+0200,4bddbab4-20af-41f1-90cc-d649ae7f214d,2026-05-30T23:00:00Z,2026-05-31T01:00:00+0200,112.7,EUR/MWh,BE,BE,imbalance_price,Short,2026-06-20T12:20:56Z
2026-06-20T12:18:09Z,2026-06-20T14:18:09+0200,4bddbab4-20af-41f1-90cc-d649ae7f214d,2026-05-30T23:15:00Z,2026-05-31T01:15:00+0200,110.69,EUR/MWh,BE,BE,imbalance_price,Long,2026-06-20T12:20:56Z
2026-06-20T12:18:09Z,2026-06-20T14:18:09+0200,4bddbab4-20af-41f1-90cc-d649ae7f214d,2026-05-30T23:15:00Z,2026-05-31T01:15:00+0200,110.69,EUR/MWh,BE,BE,imbalance_price,Short,2026-06-20T12:20:56Z
2026-06-20T12:18:09Z,2026-06-20T14:18:09+0200,4bddbab4-20af-41f1-90cc-d649ae7f214d,2026-05-30T23:30:00Z,2026-05-31T01:30:00+0200,93.9,EUR/MWh,BE,BE,imbalance_price,Long,2026-06-20T12:20:56Z
2026-06-20T12:18:09Z,2026-06-20T14:18:09+0200,4bddbab4-20af-41f1-90cc-d649ae7f214d,2026-05-30T23:30:00Z,2026-05-31T01:30:00+0200,93.9,EUR/MWh,BE,BE,imbalance_price,Short,2026-06-20T12:20:56Z
2026-06-20T12:18:09Z,2026-06-20T14:18:09+0200,4bddbab4-20af-41f1-90cc-d649ae7f214d,2026-05-30T23:45:00Z,2026-05-31T01:45:00+0200,102.13,EUR/MWh,BE,BE,imbalance_price,Long,2026-06-20T12:20:56Z
2026-06-20T12:18:09Z,2026-06-20T14:18:09+0200,4bddbab4-20af-41f1-90cc-d649ae7f214d,2026-05-30T23:45:00Z,2026-05-31T01:45:00+0200,102.13,EUR/MWh,BE,BE,imbalance_price,Short,2026-06-20T12:20:56Z
2026-06-20T12:18:09Z,2026-06-20T14:18:09+0200,4bddbab4-20af-41f1-90cc-d649ae7f214d,2026-05-31T00:00:00Z,2026-05-31T02:00:00+0200,107.28,EUR/MWh,BE,BE,imbalance_price,Long,2026-06-20T12:20:56Z
2026-06-20T12:18:09Z,2026-06-20T14:18:09+0200,4bddbab4-20af-41f1-90cc-d649ae7f214d,2026-05-31T00:00:00Z,2026-05-31T02:00:00+0200,107.28,EUR/MWh,BE,BE,imbalance_price,Short,2026-06-20T12:20:56Z
2026-06-20T12:18:09Z,2026-06-20T14:18:09+0200,4bddbab4-20af-41f1-90cc-d649ae7f214d,2026-05-31T00:15:00Z,2026-05-31T02:15:00+0200,123.56,EUR/MWh,BE,BE,imbalance_price,Long,2026-06-20T12:20:56Z
2026-06-20T12:18:09Z,2026-06-20T14:18:09+0200,4bddbab4-20af-41f1-90cc-d649ae7f214d,2026-05-31T00:15:00Z,2026-05-31T02:15:00+0200,123.56,EUR/MWh,BE,BE,imbalance_price,Short,2026-06-20T12:20:56Z
2026-06-20T12:18:09Z,2026-06-20T14:18:09+0200,4bddbab4-20af-41f1-90cc-d649ae7f214d,2026-05-31T00:30:00Z,2026-05-31T02:30:00+0200,120.65,EUR/MWh,BE,BE,imbalance_price,Long,2026-06-20T12:20:56Z
2026-06-20T12:18:09Z,2026-06-20T14:18:09+0200,4bddbab4-20af-41f1-90cc-d649ae7f214d,2026-05-31T00:30:00Z,2026-05-31T02:30:00+0200,120.65,EUR/MWh,BE,BE,imbalance_price,Short,2026-06-20T12:20:56Z
2026-06-20T12:18:09Z,2026-06-20T14:18:09+0200,4bddbab4-20af-41f1-90cc-d649ae7f214d,2026-05-31T00:45:00Z,2026-05-31T02:45:00+0200,121.67,EUR/MWh,BE,BE,imbalance_price,Long,2026-06-20T12:20:56Z
2026-06-20T12:18:09Z,2026-06-20T14:18:09+0200,4bddbab4-20af-41f1-90cc-d649ae7f214d,2026-05-31T00:45:00Z,2026-05-31T02:45:00+0200,121.67,EUR/MWh,BE,BE,imbalance_price,Short,2026-06-20T12:20:56Z
2026-06-20T12:18:09Z,2026-06-20T14:18:09+0200,4bddbab4-20af-41f1-90cc-d649ae7f214d,2026-05-31T01:00:00Z,2026-05-31T03:00:00+0200,119.84,EUR/MWh,BE,BE,imbalance_price,Long,2026-06-20T12:20:56Z
2026-06-20T12:18:09Z,2026-06-20T14:18:09+0200,4bddbab4-20af-41f1-90cc-d649ae7f214d,2026-05-31T01:00:00Z,2026-05-31T03:00:00+0200,119.84,EUR/MWh,BE,BE,imbalance_price,Short,2026-06-20T12:20:56Z
2026-06-20T12:18:09Z,2026-06-20T14:18:09+0200,4bddbab4-20af-41f1-90cc-d649ae7f214d,2026-05-31T01:15:00Z,2026-05-31T03:15:00+0200,118.57,EUR/MWh,BE,BE,imbalance_price,Long,2026-06-20T12:20:56Z
2026-06-20T12:18:09Z,2026-06-20T14:18:09+0200,4bddbab4-20af-41f1-90cc-d649ae7f214d,2026-05-31T01:15:00Z,2026-05-31T03:15:00+0200,118.57,EUR/MWh,BE,BE,imbalance_price,Short,2026-06-20T12:20:56Z
2026-06-20T12:18:09Z,2026-06-20T14:18:09+0200,4bddbab4-20af-41f1-90cc-d649ae7f214d,2026-05-31T01:30:00Z,2026-05-31T03:30:00+0200,117.52,EUR/MWh,BE,BE,imbalance_price,Long,2026-06-20T12:20:56Z
2026-06-20T12:18:09Z,2026-06-20T14:18:09+0200,4bddbab4-20af-41f1-90cc-d649ae7f214d,2026-05-31T01:30:00Z,2026-05-31T03:30:00+0200,117.52,EUR/MWh,BE,BE,imbalance_price,Short,2026-06-20T12:20:56Z
2026-06-20T12:18:09Z,2026-06-20T14:18:09+0200,4bddbab4-20af-41f1-90cc-d649ae7f214d,2026-05-31T01:45:00Z,2026-05-31T03:45:00+0200,140.55,EUR/MWh,BE,BE,imbalance_price,Long,2026-06-20T12:20:56Z
2026-06-20T12:18:09Z,2026-06-20T14:18:09+0200,4bddbab4-20af-41f1-90cc-d649ae7f214d,2026-05-31T01:45:00Z,2026-05-31T03:45:00+0200,140.55,EUR/MWh,BE,BE,imbalance_price,Short,2026-06-20T12:20:56Z
2026-06-20T12:18:09Z,2026-06-20T14:18:09+0200,4bddbab4-20af-41f1-90cc-d649ae7f214d,2026-05-31T02:00:00Z,2026-05-31T04:00:00+0200,117.17,EUR/MWh,BE,BE,imbalance_price,Long,2026-06-20T12:20:56Z
2026-06-20T12:18:09Z,2026-06-20T14:18:09+0200,4bddbab4-20af-41f1-90cc-d649ae7f214d,2026-05-31T02:00:00Z,2026-05-31T04:00:00+0200,117.17,EUR/MWh,BE,BE,imbalance_price,Short,2026-06-20T12:20:56Z
2026-06-20T12:18:09Z,2026-06-20T14:18:09+0200,4bddbab4-20af-41f1-90cc-d649ae7f214d,2026-05-31T02:15:00Z,2026-05-31T04:15:00+0200,115.55,EUR/MWh,BE,BE,imbalance_price,Long,2026-06-20T12:20:56Z
2026-06-20T12:18:09Z,2026-06-20T14:18:09+0200,4bddbab4-20af-41f1-90cc-d649ae7f214d,2026-05-31T02:15:00Z,2026-05-31T04:15:00+0200,115.55,EUR/MWh,BE,BE,imbalance_price,Short,2026-06-20T12:20:56Z
2026-06-20T12:18:09Z,2026-06-20T14:18:09+0200,4bddbab4-20af-41f1-90cc-d649ae7f214d,2026-05-31T02:30:00Z,2026-05-31T04:30:00+0200,117.96,EUR/MWh,BE,BE,imbalance_price,Long,2026-06-20T12:20:56Z
2026-06-20T12:18:09Z,2026-06-20T14:18:09+0200,4bddbab4-20af-41f1-90cc-d649ae7f214d,2026-05-31T02:30:00Z,2026-05-31T04:30:00+0200,117.96,EUR/MWh,BE,BE,imbalance_price,Short,2026-06-20T12:20:56Z
2026-06-20T12:18:09Z,2026-06-20T14:18:09+0200,4bddbab4-20af-41f1-90cc-d649ae7f214d,2026-05-31T02:45:00Z,2026-05-31T04:45:00+0200,67.58,EUR/MWh,BE,BE,imbalance_price,Long,2026-06-20T12:20:56Z
2026-06-20T12:18:09Z,2026-06-20T14:18:09+0200,4bddbab4-20af-41f1-90cc-d649ae7f214d,2026-05-31T02:45:00Z,2026-05-31T04:45:00+0200,67.58,EUR/MWh,BE,BE,imbalance_price,Short,2026-06-20T12:20:56Z
2026-06-20T12:18:09Z,2026-06-20T14:18:09+0200,4bddbab4-20af-41f1-90cc-d649ae7f214d,2026-05-31T03:00:00Z,2026-05-31T05:00:00+0200,77.44,EUR/MWh,BE,BE,imbalance_price,Long,2026-06-20T12:20:56Z
2026-06-20T12:18:09Z,2026-06-20T14:18:09+0200,4bddbab4-20af-41f1-90cc-d649ae7f214d,2026-05-31T03:00:00Z,2026-05-31T05:00:00+0200,77.44,EUR/MWh,BE,BE,imbalance_price,Short,2026-06-20T12:20:56Z
2026-06-20T12:18:09Z,2026-06-20T14:18:09+0200,4bddbab4-20af-41f1-90cc-d649ae7f214d,2026-05-31T03:15:00Z,2026-05-31T05:15:00+0200,90.97,EUR/MWh,BE,BE,imbalance_price,Long,2026-06-20T12:20:56Z
2026-06-20T12:18:09Z,2026-06-20T14:18:09+0200,4bddbab4-20af-41f1-90cc-d649ae7f214d,2026-05-31T03:15:00Z,2026-05-31T05:15:00+0200,90.97,EUR/MWh,BE,BE,imbalance_price,Short,2026-06-20T12:20:56Z
2026-06-20T12:18:09Z,2026-06-20T14:18:09+0200,4bddbab4-20af-41f1-90cc-d649ae7f214d,2026-05-31T03:30:00Z,2026-05-31T05:30:00+0200,95.29,EUR/MWh,BE,BE,imbalance_price,Long,2026-06-20T12:20:56Z
2026-06-20T12:18:09Z,2026-06-20T14:18:09+0200,4bddbab4-20af-41f1-90cc-d649ae7f214d,2026-05-31T03:30:00Z,2026-05-31T05:30:00+0200,95.29,EUR/MWh,BE,BE,imbalance_price,Short,2026-06-20T12:20:56Z
2026-06-20T12:18:09Z,2026-06-20T14:18:09+0200,4bddbab4-20af-41f1-90cc-d649ae7f214d,2026-05-31T03:45:00Z,2026-05-31T05:45:00+0200,90.63,EUR/MWh,BE,BE,imbalance_price,Long,2026-06-20T12:20:56Z
2026-06-20T12:18:09Z,2026-06-20T14:18:09+0200,4bddbab4-20af-41f1-90cc-d649ae7f214d,2026-05-31T03:45:00Z,2026-05-31T05:45:00+0200,90.63,EUR/MWh,BE,BE,imbalance_price,Short,2026-06-20T12:20:56Z
2026-06-20T12:18:09Z,2026-06-20T14:18:09+0200,4bddbab4-20af-41f1-90cc-d649ae7f214d,2026-05-31T04:00:00Z,2026-05-31T06:00:00+0200,93.18,EUR/MWh,BE,BE,imbalance_price,Long,2026-06-20T12:20:56Z
2026-06-20T12:18:09Z,2026-06-20T14:18:09+0200,4bddbab4-20af-41f1-90cc-d649ae7f214d,2026-05-31T04:00:00Z,2026-05-31T06:00:00+0200,93.18,EUR/MWh,BE,BE,imbalance_price,Short,2026-06-20T12:20:56Z
2026-06-20T12:18:09Z,2026-06-20T14:18:09+0200,4bddbab4-20af-41f1-90cc-d649ae7f214d,2026-05-31T04:15:00Z,2026-05-31T06:15:00+0200,91.69,EUR/MWh,BE,BE,imbalance_price,Long,2026-06-20T12:20:56Z
2026-06-20T12:18:09Z,2026-06-20T14:18:09+0200,4bddbab4-20af-41f1-90cc-d649ae7f214d,2026-05-31T04:15:00Z,2026-05-31T06:15:00+0200,91.69,EUR/MWh,BE,BE,imbalance_price,Short,2026-06-20T12:20:56Z
2026-06-20T12:18:09Z,2026-06-20T14:18:09+0200,4bddbab4-20af-41f1-90cc-d649ae7f214d,2026-05-31T04:30:00Z,2026-05-31T06:30:00+0200,91.41,EUR/MWh,BE,BE,imbalance_price,Long,2026-06-20T12:20:56Z
2026-06-20T12:18:09Z,2026-06-20T14:18:09+0200,4bddbab4-20af-41f1-90cc-d649ae7f214d,2026-05-31T04:30:00Z,2026-05-31T06:30:00+0200,91.41,EUR/MWh,BE,BE,imbalance_price,Short,2026-06-20T12:20:56Z
2026-06-20T12:18:09Z,2026-06-20T14:18:09+0200,4bddbab4-20af-41f1-90cc-d649ae7f214d,2026-05-31T04:45:00Z,2026-05-31T06:45:00+0200,98.29,EUR/MWh,BE,BE,imbalance_price,Long,2026-06-20T12:20:56Z
2026-06-20T12:18:09Z,2026-06-20T14:18:09+0200,4bddbab4-20af-41f1-90cc-d649ae7f214d,2026-05-31T04:45:00Z,2026-05-31T06:45:00+0200,98.29,EUR/MWh,BE,BE,imbalance_price,Short,2026-06-20T12:20:56Z
2026-06-20T12:18:09Z,2026-06-20T14:18:09+0200,4bddbab4-20af-41f1-90cc-d649ae7f214d,2026-05-31T05:00:00Z,2026-05-31T07:00:00+0200,102.36,EUR/MWh,BE,BE,imbalance_price,Long,2026-06-20T12:20:56Z
2026-06-20T12:18:09Z,2026-06-20T14:18:09+0200,4bddbab4-20af-41f1-90cc-d649ae7f214d,2026-05-31T05:00:00Z,2026-05-31T07:00:00+0200,102.36,EUR/MWh,BE,BE,imbalance_price,Short,2026-06-20T12:20:56Z
2026-06-20T12:18:09Z,2026-06-20T14:18:09+0200,4bddbab4-20af-41f1-90cc-d649ae7f214d,2026-05-31T05:15:00Z,2026-05-31T07:15:00+0200,66.3,EUR/MWh,BE,BE,imbalance_price,Long,2026-06-20T12:20:56Z
2026-06-20T12:18:09Z,2026-06-20T14:18:09+0200,4bddbab4-20af-41f1-90cc-d649ae7f214d,2026-05-31T05:15:00Z,2026-05-31T07:15:00+0200,66.3,EUR/MWh,BE,BE,imbalance_price,Short,2026-06-20T12:20:56Z
2026-06-20T12:18:09Z,2026-06-20T14:18:09+0200,4bddbab4-20af-41f1-90cc-d649ae7f214d,2026-05-31T05:30:00Z,2026-05-31T07:30:00+0200,53.73,EUR/MWh,BE,BE,imbalance_price,Long,2026-06-20T12:20:56Z
2026-06-20T12:18:09Z,2026-06-20T14:18:09+0200,4bddbab4-20af-41f1-90cc-d649ae7f214d,2026-05-31T05:30:00Z,2026-05-31T07:30:00+0200,53.73,EUR/MWh,BE,BE,imbalance_price,Short,2026-06-20T12:20:56Z
2026-06-20T12:18:09Z,2026-06-20T14:18:09+0200,4bddbab4-20af-41f1-90cc-d649ae7f214d,2026-05-31T05:45:00Z,2026-05-31T07:45:00+0200,75.67,EUR/MWh,BE,BE,imbalance_price,Long,2026-06-20T12:20:56Z
2026-06-20T12:18:09Z,2026-06-20T14:18:09+0200,4bddbab4-20af-41f1-90cc-d649ae7f214d,2026-05-31T05:45:00Z,2026-05-31T07:45:00+0200,75.67,EUR/MWh,BE,BE,imbalance_price,Short,2026-06-20T12:20:56Z
2026-06-20T12:18:09Z,2026-06-20T14:18:09+0200,4bddbab4-20af-41f1-90cc-d649ae7f214d,2026-05-31T06:00:00Z,2026-05-31T08:00:00+0200,53.66,EUR/MWh,BE,BE,imbalance_price,Long,2026-06-20T12:20:56Z
2026-06-20T12:18:09Z,2026-06-20T14:18:09+0200,4bddbab4-20af-41f1-90cc-d649ae7f214d,2026-05-31T06:00:00Z,2026-05-31T08:00:00+0200,53.66,EUR/MWh,BE,BE,imbalance_price,Short,2026-06-20T12:20:56Z
2026-06-20T12:18:09Z,2026-06-20T14:18:09+0200,4bddbab4-20af-41f1-90cc-d649ae7f214d,2026-05-31T06:15:00Z,2026-05-31T08:15:00+0200,30.52,EUR/MWh,BE,BE,imbalance_price,Long,2026-06-20T12:20:56Z
2026-06-20T12:18:09Z,2026-06-20T14:18:09+0200,4bddbab4-20af-41f1-90cc-d649ae7f214d,2026-05-31T06:15:00Z,2026-05-31T08:15:00+0200,30.52,EUR/MWh,BE,BE,imbalance_price,Short,2026-06-20T12:20:56Z
2026-06-20T12:18:09Z,2026-06-20T14:18:09+0200,4bddbab4-20af-41f1-90cc-d649ae7f214d,2026-05-31T06:30:00Z,2026-05-31T08:30:00+0200,16.55,EUR/MWh,BE,BE,imbalance_price,Long,2026-06-20T12:20:56Z
2026-06-20T12:18:09Z,2026-06-20T14:18:09+0200,4bddbab4-20af-41f1-90cc-d649ae7f214d,2026-05-31T06:30:00Z,2026-05-31T08:30:00+0200,16.55,EUR/MWh,BE,BE,imbalance_price,Short,2026-06-20T12:20:56Z
2026-06-20T12:18:09Z,2026-06-20T14:18:09+0200,4bddbab4-20af-41f1-90cc-d649ae7f214d,2026-05-31T06:45:00Z,2026-05-31T08:45:00+0200,33.94,EUR/MWh,BE,BE,imbalance_price,Long,2026-06-20T12:20:56Z
2026-06-20T12:18:09Z,2026-06-20T14:18:09+0200,4bddbab4-20af-41f1-90cc-d649ae7f214d,2026-05-31T06:45:00Z,2026-05-31T08:45:00+0200,33.94,EUR/MWh,BE,BE,imbalance_price,Short,2026-06-20T12:20:56Z
2026-06-20T12:18:09Z,2026-06-20T14:18:09+0200,4bddbab4-20af-41f1-90cc-d649ae7f214d,2026-05-31T07:00:00Z,2026-05-31T09:00:00+0200,52.89,EUR/MWh,BE,BE,imbalance_price,Long,2026-06-20T12:20:56Z
2026-06-20T12:18:09Z,2026-06-20T14:18:09+0200,4bddbab4-20af-41f1-90cc-d649ae7f214d,2026-05-31T07:00:00Z,2026-05-31T09:00:00+0200,52.89,EUR/MWh,BE,BE,imbalance_price,Short,2026-06-20T12:20:56Z
2026-06-20T12:18:09Z,2026-06-20T14:18:09+0200,4bddbab4-20af-41f1-90cc-d649ae7f214d,2026-05-31T07:15:00Z,2026-05-31T09:15:00+0200,87.53,EUR/MWh,BE,BE,imbalance_price,Long,2026-06-20T12:20:56Z
2026-06-20T12:18:09Z,2026-06-20T14:18:09+0200,4bddbab4-20af-41f1-90cc-d649ae7f214d,2026-05-31T07:15:00Z,2026-05-31T09:15:00+0200,87.53,EUR/MWh,BE,BE,imbalance_price,Short,2026-06-20T12:20:56Z
2026-06-20T12:18:09Z,2026-06-20T14:18:09+0200,4bddbab4-20af-41f1-90cc-d649ae7f214d,2026-05-31T07:30:00Z,2026-05-31T09:30:00+0200,58.79,EUR/MWh,BE,BE,imbalance_price,Long,2026-06-20T12:20:56Z
2026-06-20T12:18:09Z,2026-06-20T14:18:09+0200,4bddbab4-20af-41f1-90cc-d649ae7f214d,2026-05-31T07:30:00Z,2026-05-31T09:30:00+0200,58.79,EUR/MWh,BE,BE,imbalance_price,Short,2026-06-20T12:20:56Z
2026-06-20T12:18:09Z,2026-06-20T14:18:09+0200,4bddbab4-20af-41f1-90cc-d649ae7f214d,2026-05-31T07:45:00Z,2026-05-31T09:45:00+0200,34.39,EUR/MWh,BE,BE,imbalance_price,Long,2026-06-20T12:20:56Z
2026-06-20T12:18:09Z,2026-06-20T14:18:09+0200,4bddbab4-20af-41f1-90cc-d649ae7f214d,2026-05-31T07:45:00Z,2026-05-31T09:45:00+0200,34.39,EUR/MWh,BE,BE,imbalance_price,Short,2026-06-20T12:20:56Z
2026-06-20T12:18:09Z,2026-06-20T14:18:09+0200,4bddbab4-20af-41f1-90cc-d649ae7f214d,2026-05-31T08:00:00Z,2026-05-31T10:00:00+0200,26.87,EUR/MWh,BE,BE,imbalance_price,Long,2026-06-20T12:20:56Z
2026-06-20T12:18:09Z,2026-06-20T14:18:09+0200,4bddbab4-20af-41f1-90cc-d649ae7f214d,2026-05-31T08:00:00Z,2026-05-31T10:00:00+0200,26.87,EUR/MWh,BE,BE,imbalance_price,Short,2026-06-20T12:20:56Z
2026-06-20T12:18:09Z,2026-06-20T14:18:09+0200,4bddbab4-20af-41f1-90cc-d649ae7f214d,2026-05-31T08:15:00Z,2026-05-31T10:15:00+0200,22.17,EUR/MWh,BE,BE,imbalance_price,Long,2026-06-20T12:20:56Z
2026-06-20T12:18:09Z,2026-06-20T14:18:09+0200,4bddbab4-20af-41f1-90cc-d649ae7f214d,2026-05-31T08:15:00Z,2026-05-31T10:15:00+0200,22.17,EUR/MWh,BE,BE,imbalance_price,Short,2026-06-20T12:20:56Z
2026-06-20T12:18:09Z,2026-06-20T14:18:09+0200,4bddbab4-20af-41f1-90cc-d649ae7f214d,2026-05-31T08:30:00Z,2026-05-31T10:30:00+0200,30.64,EUR/MWh,BE,BE,imbalance_price,Long,2026-06-20T12:20:56Z
2026-06-20T12:18:09Z,2026-06-20T14:18:09+0200,4bddbab4-20af-41f1-90cc-d649ae7f214d,2026-05-31T08:30:00Z,2026-05-31T10:30:00+0200,30.64,EUR/MWh,BE,BE,imbalance_price,Short,2026-06-20T12:20:56Z
2026-06-20T12:18:09Z,2026-06-20T14:18:09+0200,4bddbab4-20af-41f1-90cc-d649ae7f214d,2026-05-31T08:45:00Z,2026-05-31T10:45:00+0200,7.02,EUR/MWh,BE,BE,imbalance_price,Long,2026-06-20T12:20:56Z
2026-06-20T12:18:09Z,2026-06-20T14:18:09+0200,4bddbab4-20af-41f1-90cc-d649ae7f214d,2026-05-31T08:45:00Z,2026-05-31T10:45:00+0200,7.02,EUR/MWh,BE,BE,imbalance_price,Short,2026-06-20T12:20:56Z
2026-06-20T12:18:09Z,2026-06-20T14:18:09+0200,4bddbab4-20af-41f1-90cc-d649ae7f214d,2026-05-31T09:00:00Z,2026-05-31T11:00:00+0200,-72.66,EUR/MWh,BE,BE,imbalance_price,Long,2026-06-20T12:20:56Z
2026-06-20T12:18:09Z,2026-06-20T14:18:09+0200,4bddbab4-20af-41f1-90cc-d649ae7f214d,2026-05-31T09:00:00Z,2026-05-31T11:00:00+0200,-72.66,EUR/MWh,BE,BE,imbalance_price,Short,2026-06-20T12:20:56Z
2026-06-20T12:18:09Z,2026-06-20T14:18:09+0200,4bddbab4-20af-41f1-90cc-d649ae7f214d,2026-05-31T09:15:00Z,2026-05-31T11:15:00+0200,-152.78,EUR/MWh,BE,BE,imbalance_price,Long,2026-06-20T12:20:56Z
2026-06-20T12:18:09Z,2026-06-20T14:18:09+0200,4bddbab4-20af-41f1-90cc-d649ae7f214d,2026-05-31T09:15:00Z,2026-05-31T11:15:00+0200,-152.78,EUR/MWh,BE,BE,imbalance_price,Short,2026-06-20T12:20:56Z
2026-06-20T12:18:09Z,2026-06-20T14:18:09+0200,4bddbab4-20af-41f1-90cc-d649ae7f214d,2026-05-31T09:30:00Z,2026-05-31T11:30:00+0200,-46.34,EUR/MWh,BE,BE,imbalance_price,Long,2026-06-20T12:20:56Z
2026-06-20T12:18:09Z,2026-06-20T14:18:09+0200,4bddbab4-20af-41f1-90cc-d649ae7f214d,2026-05-31T09:30:00Z,2026-05-31T11:30:00+0200,-46.34,EUR/MWh,BE,BE,imbalance_price,Short,2026-06-20T12:20:56Z
2026-06-20T12:18:09Z,2026-06-20T14:18:09+0200,4bddbab4-20af-41f1-90cc-d649ae7f214d,2026-05-31T09:45:00Z,2026-05-31T11:45:00+0200,-14.41,EUR/MWh,BE,BE,imbalance_price,Long,2026-06-20T12:20:56Z
2026-06-20T12:18:09Z,2026-06-20T14:18:09+0200,4bddbab4-20af-41f1-90cc-d649ae7f214d,2026-05-31T09:45:00Z,2026-05-31T11:45:00+0200,-14.41,EUR/MWh,BE,BE,imbalance_price,Short,2026-06-20T12:20:56Z
2026-06-20T12:18:09Z,2026-06-20T14:18:09+0200,4bddbab4-20af-41f1-90cc-d649ae7f214d,2026-05-31T10:00:00Z,2026-05-31T12:00:00+0200,-14.97,EUR/MWh,BE,BE,imbalance_price,Long,2026-06-20T12:20:56Z
2026-06-20T12:18:09Z,2026-06-20T14:18:09+0200,4bddbab4-20af-41f1-90cc-d649ae7f214d,2026-05-31T10:00:00Z,2026-05-31T12:00:00+0200,-14.97,EUR/MWh,BE,BE,imbalance_price,Short,2026-06-20T12:20:56Z
2026-06-20T12:18:09Z,2026-06-20T14:18:09+0200,4bddbab4-20af-41f1-90cc-d649ae7f214d,2026-05-31T10:15:00Z,2026-05-31T12:15:00+0200,39.35,EUR/MWh,BE,BE,imbalance_price,Long,2026-06-20T12:20:56Z
2026-06-20T12:18:09Z,2026-06-20T14:18:09+0200,4bddbab4-20af-41f1-90cc-d649ae7f214d,2026-05-31T10:15:00Z,2026-05-31T12:15:00+0200,39.35,EUR/MWh,BE,BE,imbalance_price,Short,2026-06-20T12:20:56Z
2026-06-20T12:18:09Z,2026-06-20T14:18:09+0200,4bddbab4-20af-41f1-90cc-d649ae7f214d,2026-05-31T10:30:00Z,2026-05-31T12:30:00+0200,34.57,EUR/MWh,BE,BE,imbalance_price,Long,2026-06-20T12:20:56Z
2026-06-20T12:18:09Z,2026-06-20T14:18:09+0200,4bddbab4-20af-41f1-90cc-d649ae7f214d,2026-05-31T10:30:00Z,2026-05-31T12:30:00+0200,34.57,EUR/MWh,BE,BE,imbalance_price,Short,2026-06-20T12:20:56Z
2026-06-20T12:18:09Z,2026-06-20T14:18:09+0200,4bddbab4-20af-41f1-90cc-d649ae7f214d,2026-05-31T10:45:00Z,2026-05-31T12:45:00+0200,27.75,EUR/MWh,BE,BE,imbalance_price,Long,2026-06-20T12:20:56Z
2026-06-20T12:18:09Z,2026-06-20T14:18:09+0200,4bddbab4-20af-41f1-90cc-d649ae7f214d,2026-05-31T10:45:00Z,2026-05-31T12:45:00+0200,27.75,EUR/MWh,BE,BE,imbalance_price,Short,2026-06-20T12:20:56Z
2026-06-20T12:18:09Z,2026-06-20T14:18:09+0200,4bddbab4-20af-41f1-90cc-d649ae7f214d,2026-05-31T11:00:00Z,2026-05-31T13:00:00+0200,20.46,EUR/MWh,BE,BE,imbalance_price,Long,2026-06-20T12:20:56Z
2026-06-20T12:18:09Z,2026-06-20T14:18:09+0200,4bddbab4-20af-41f1-90cc-d649ae7f214d,2026-05-31T11:00:00Z,2026-05-31T13:00:00+0200,20.46,EUR/MWh,BE,BE,imbalance_price,Short,2026-06-20T12:20:56Z
2026-06-20T12:18:09Z,2026-06-20T14:18:09+0200,4bddbab4-20af-41f1-90cc-d649ae7f214d,2026-05-31T11:15:00Z,2026-05-31T13:15:00+0200,10.3,EUR/MWh,BE,BE,imbalance_price,Long,2026-06-20T12:20:56Z
2026-06-20T12:18:09Z,2026-06-20T14:18:09+0200,4bddbab4-20af-41f1-90cc-d649ae7f214d,2026-05-31T11:15:00Z,2026-05-31T13:15:00+0200,10.3,EUR/MWh,BE,BE,imbalance_price,Short,2026-06-20T12:20:56Z
2026-06-20T12:18:09Z,2026-06-20T14:18:09+0200,4bddbab4-20af-41f1-90cc-d649ae7f214d,2026-05-31T11:30:00Z,2026-05-31T13:30:00+0200,-27.89,EUR/MWh,BE,BE,imbalance_price,Long,2026-06-20T12:20:56Z
2026-06-20T12:18:09Z,2026-06-20T14:18:09+0200,4bddbab4-20af-41f1-90cc-d649ae7f214d,2026-05-31T11:30:00Z,2026-05-31T13:30:00+0200,-27.89,EUR/MWh,BE,BE,imbalance_price,Short,2026-06-20T12:20:56Z
2026-06-20T12:18:09Z,2026-06-20T14:18:09+0200,4bddbab4-20af-41f1-90cc-d649ae7f214d,2026-05-31T11:45:00Z,2026-05-31T13:45:00+0200,-66.36,EUR/MWh,BE,BE,imbalance_price,Long,2026-06-20T12:20:56Z
2026-06-20T12:18:09Z,2026-06-20T14:18:09+0200,4bddbab4-20af-41f1-90cc-d649ae7f214d,2026-05-31T11:45:00Z,2026-05-31T13:45:00+0200,-66.36,EUR/MWh,BE,BE,imbalance_price,Short,2026-06-20T12:20:56Z
2026-06-20T12:18:09Z,2026-06-20T14:18:09+0200,4bddbab4-20af-41f1-90cc-d649ae7f214d,2026-05-31T12:00:00Z,2026-05-31T14:00:00+0200,-171.19,EUR/MWh,BE,BE,imbalance_price,Long,2026-06-20T12:20:56Z
2026-06-20T12:18:09Z,2026-06-20T14:18:09+0200,4bddbab4-20af-41f1-90cc-d649ae7f214d,2026-05-31T12:00:00Z,2026-05-31T14:00:00+0200,-171.19,EUR/MWh,BE,BE,imbalance_price,Short,2026-06-20T12:20:56Z
2026-06-20T12:18:09Z,2026-06-20T14:18:09+0200,4bddbab4-20af-41f1-90cc-d649ae7f214d,2026-05-31T12:15:00Z,2026-05-31T14:15:00+0200,-172.03,EUR/MWh,BE,BE,imbalance_price,Long,2026-06-20T12:20:56Z
2026-06-20T12:18:09Z,2026-06-20T14:18:09+0200,4bddbab4-20af-41f1-90cc-d649ae7f214d,2026-05-31T12:15:00Z,2026-05-31T14:15:00+0200,-172.03,EUR/MWh,BE,BE,imbalance_price,Short,2026-06-20T12:20:56Z
2026-06-20T12:18:09Z,2026-06-20T14:18:09+0200,4bddbab4-20af-41f1-90cc-d649ae7f214d,2026-05-31T12:30:00Z,2026-05-31T14:30:00+0200,-189.17,EUR/MWh,BE,BE,imbalance_price,Long,2026-06-20T12:20:56Z
2026-06-20T12:18:09Z,2026-06-20T14:18:09+0200,4bddbab4-20af-41f1-90cc-d649ae7f214d,2026-05-31T12:30:00Z,2026-05-31T14:30:00+0200,-189.17,EUR/MWh,BE,BE,imbalance_price,Short,2026-06-20T12:20:56Z
2026-06-20T12:18:09Z,2026-06-20T14:18:09+0200,4bddbab4-20af-41f1-90cc-d649ae7f214d,2026-05-31T12:45:00Z,2026-05-31T14:45:00+0200,-200.0,EUR/MWh,BE,BE,imbalance_price,Long,2026-06-20T12:20:56Z
2026-06-20T12:18:09Z,2026-06-20T14:18:09+0200,4bddbab4-20af-41f1-90cc-d649ae7f214d,2026-05-31T12:45:00Z,2026-05-31T14:45:00+0200,-200.0,EUR/MWh,BE,BE,imbalance_price,Short,2026-06-20T12:20:56Z
2026-06-20T12:18:09Z,2026-06-20T14:18:09+0200,4bddbab4-20af-41f1-90cc-d649ae7f214d,2026-05-31T13:00:00Z,2026-05-31T15:00:00+0200,1.53,EUR/MWh,BE,BE,imbalance_price,Long,2026-06-20T12:20:56Z
2026-06-20T12:18:09Z,2026-06-20T14:18:09+0200,4bddbab4-20af-41f1-90cc-d649ae7f214d,2026-05-31T13:00:00Z,2026-05-31T15:00:00+0200,1.53,EUR/MWh,BE,BE,imbalance_price,Short,2026-06-20T12:20:56Z
2026-06-20T12:18:09Z,2026-06-20T14:18:09+0200,4bddbab4-20af-41f1-90cc-d649ae7f214d,2026-05-31T13:15:00Z,2026-05-31T15:15:00+0200,-51.95,EUR/MWh,BE,BE,imbalance_price,Long,2026-06-20T12:20:56Z
2026-06-20T12:18:09Z,2026-06-20T14:18:09+0200,4bddbab4-20af-41f1-90cc-d649ae7f214d,2026-05-31T13:15:00Z,2026-05-31T15:15:00+0200,-51.95,EUR/MWh,BE,BE,imbalance_price,Short,2026-06-20T12:20:56Z
2026-06-20T12:18:09Z,2026-06-20T14:18:09+0200,4bddbab4-20af-41f1-90cc-d649ae7f214d,2026-05-31T13:30:00Z,2026-05-31T15:30:00+0200,-149.5,EUR/MWh,BE,BE,imbalance_price,Long,2026-06-20T12:20:56Z
2026-06-20T12:18:09Z,2026-06-20T14:18:09+0200,4bddbab4-20af-41f1-90cc-d649ae7f214d,2026-05-31T13:30:00Z,2026-05-31T15:30:00+0200,-149.5,EUR/MWh,BE,BE,imbalance_price,Short,2026-06-20T12:20:56Z
2026-06-20T12:18:09Z,2026-06-20T14:18:09+0200,4bddbab4-20af-41f1-90cc-d649ae7f214d,2026-05-31T13:45:00Z,2026-05-31T15:45:00+0200,3.09,EUR/MWh,BE,BE,imbalance_price,Long,2026-06-20T12:20:56Z
2026-06-20T12:18:09Z,2026-06-20T14:18:09+0200,4bddbab4-20af-41f1-90cc-d649ae7f214d,2026-05-31T13:45:00Z,2026-05-31T15:45:00+0200,3.09,EUR/MWh,BE,BE,imbalance_price,Short,2026-06-20T12:20:56Z
2026-06-20T12:18:09Z,2026-06-20T14:18:09+0200,4bddbab4-20af-41f1-90cc-d649ae7f214d,2026-05-31T14:00:00Z,2026-05-31T16:00:00+0200,34.73,EUR/MWh,BE,BE,imbalance_price,Long,2026-06-20T12:20:56Z
2026-06-20T12:18:09Z,2026-06-20T14:18:09+0200,4bddbab4-20af-41f1-90cc-d649ae7f214d,2026-05-31T14:00:00Z,2026-05-31T16:00:00+0200,34.73,EUR/MWh,BE,BE,imbalance_price,Short,2026-06-20T12:20:56Z
2026-06-20T12:18:09Z,2026-06-20T14:18:09+0200,4bddbab4-20af-41f1-90cc-d649ae7f214d,2026-05-31T14:15:00Z,2026-05-31T16:15:00+0200,-0.25,EUR/MWh,BE,BE,imbalance_price,Long,2026-06-20T12:20:56Z
2026-06-20T12:18:09Z,2026-06-20T14:18:09+0200,4bddbab4-20af-41f1-90cc-d649ae7f214d,2026-05-31T14:15:00Z,2026-05-31T16:15:00+0200,-0.25,EUR/MWh,BE,BE,imbalance_price,Short,2026-06-20T12:20:56Z
2026-06-20T12:18:09Z,2026-06-20T14:18:09+0200,4bddbab4-20af-41f1-90cc-d649ae7f214d,2026-05-31T14:30:00Z,2026-05-31T16:30:00+0200,4.13,EUR/MWh,BE,BE,imbalance_price,Long,2026-06-20T12:20:56Z
2026-06-20T12:18:09Z,2026-06-20T14:18:09+0200,4bddbab4-20af-41f1-90cc-d649ae7f214d,2026-05-31T14:30:00Z,2026-05-31T16:30:00+0200,4.13,EUR/MWh,BE,BE,imbalance_price,Short,2026-06-20T12:20:56Z
2026-06-20T12:18:09Z,2026-06-20T14:18:09+0200,4bddbab4-20af-41f1-90cc-d649ae7f214d,2026-05-31T14:45:00Z,2026-05-31T16:45:00+0200,33.2,EUR/MWh,BE,BE,imbalance_price,Long,2026-06-20T12:20:56Z
2026-06-20T12:18:09Z,2026-06-20T14:18:09+0200,4bddbab4-20af-41f1-90cc-d649ae7f214d,2026-05-31T14:45:00Z,2026-05-31T16:45:00+0200,33.2,EUR/MWh,BE,BE,imbalance_price,Short,2026-06-20T12:20:56Z
2026-06-20T12:18:09Z,2026-06-20T14:18:09+0200,4bddbab4-20af-41f1-90cc-d649ae7f214d,2026-05-31T15:00:00Z,2026-05-31T17:00:00+0200,57.38,EUR/MWh,BE,BE,imbalance_price,Long,2026-06-20T12:20:56Z
2026-06-20T12:18:09Z,2026-06-20T14:18:09+0200,4bddbab4-20af-41f1-90cc-d649ae7f214d,2026-05-31T15:00:00Z,2026-05-31T17:00:00+0200,57.38,EUR/MWh,BE,BE,imbalance_price,Short,2026-06-20T12:20:56Z
2026-06-20T12:18:09Z,2026-06-20T14:18:09+0200,4bddbab4-20af-41f1-90cc-d649ae7f214d,2026-05-31T15:15:00Z,2026-05-31T17:15:00+0200,91.51,EUR/MWh,BE,BE,imbalance_price,Long,2026-06-20T12:20:56Z
2026-06-20T12:18:09Z,2026-06-20T14:18:09+0200,4bddbab4-20af-41f1-90cc-d649ae7f214d,2026-05-31T15:15:00Z,2026-05-31T17:15:00+0200,91.51,EUR/MWh,BE,BE,imbalance_price,Short,2026-06-20T12:20:56Z
2026-06-20T12:18:09Z,2026-06-20T14:18:09+0200,4bddbab4-20af-41f1-90cc-d649ae7f214d,2026-05-31T15:30:00Z,2026-05-31T17:30:00+0200,100.03,EUR/MWh,BE,BE,imbalance_price,Long,2026-06-20T12:20:56Z
2026-06-20T12:18:09Z,2026-06-20T14:18:09+0200,4bddbab4-20af-41f1-90cc-d649ae7f214d,2026-05-31T15:30:00Z,2026-05-31T17:30:00+0200,100.03,EUR/MWh,BE,BE,imbalance_price,Short,2026-06-20T12:20:56Z
2026-06-20T12:18:09Z,2026-06-20T14:18:09+0200,4bddbab4-20af-41f1-90cc-d649ae7f214d,2026-05-31T15:45:00Z,2026-05-31T17:45:00+0200,100.22,EUR/MWh,BE,BE,imbalance_price,Long,2026-06-20T12:20:56Z
2026-06-20T12:18:09Z,2026-06-20T14:18:09+0200,4bddbab4-20af-41f1-90cc-d649ae7f214d,2026-05-31T15:45:00Z,2026-05-31T17:45:00+0200,100.22,EUR/MWh,BE,BE,imbalance_price,Short,2026-06-20T12:20:56Z
2026-06-20T12:18:09Z,2026-06-20T14:18:09+0200,4bddbab4-20af-41f1-90cc-d649ae7f214d,2026-05-31T16:00:00Z,2026-05-31T18:00:00+0200,28.26,EUR/MWh,BE,BE,imbalance_price,Long,2026-06-20T12:20:56Z
2026-06-20T12:18:09Z,2026-06-20T14:18:09+0200,4bddbab4-20af-41f1-90cc-d649ae7f214d,2026-05-31T16:00:00Z,2026-05-31T18:00:00+0200,28.26,EUR/MWh,BE,BE,imbalance_price,Short,2026-06-20T12:20:56Z
2026-06-20T12:18:09Z,2026-06-20T14:18:09+0200,4bddbab4-20af-41f1-90cc-d649ae7f214d,2026-05-31T16:15:00Z,2026-05-31T18:15:00+0200,19.39,EUR/MWh,BE,BE,imbalance_price,Long,2026-06-20T12:20:56Z
2026-06-20T12:18:09Z,2026-06-20T14:18:09+0200,4bddbab4-20af-41f1-90cc-d649ae7f214d,2026-05-31T16:15:00Z,2026-05-31T18:15:00+0200,19.39,EUR/MWh,BE,BE,imbalance_price,Short,2026-06-20T12:20:56Z
2026-06-20T12:18:09Z,2026-06-20T14:18:09+0200,4bddbab4-20af-41f1-90cc-d649ae7f214d,2026-05-31T16:30:00Z,2026-05-31T18:30:00+0200,19.47,EUR/MWh,BE,BE,imbalance_price,Long,2026-06-20T12:20:56Z
2026-06-20T12:18:09Z,2026-06-20T14:18:09+0200,4bddbab4-20af-41f1-90cc-d649ae7f214d,2026-05-31T16:30:00Z,2026-05-31T18:30:00+0200,19.47,EUR/MWh,BE,BE,imbalance_price,Short,2026-06-20T12:20:56Z
2026-06-20T12:18:09Z,2026-06-20T14:18:09+0200,4bddbab4-20af-41f1-90cc-d649ae7f214d,2026-05-31T16:45:00Z,2026-05-31T18:45:00+0200,20.55,EUR/MWh,BE,BE,imbalance_price,Long,2026-06-20T12:20:56Z
2026-06-20T12:18:09Z,2026-06-20T14:18:09+0200,4bddbab4-20af-41f1-90cc-d649ae7f214d,2026-05-31T16:45:00Z,2026-05-31T18:45:00+0200,20.55,EUR/MWh,BE,BE,imbalance_price,Short,2026-06-20T12:20:56Z
2026-06-20T12:18:09Z,2026-06-20T14:18:09+0200,4bddbab4-20af-41f1-90cc-d649ae7f214d,2026-05-31T17:00:00Z,2026-05-31T19:00:00+0200,69.48,EUR/MWh,BE,BE,imbalance_price,Long,2026-06-20T12:20:56Z
2026-06-20T12:18:09Z,2026-06-20T14:18:09+0200,4bddbab4-20af-41f1-90cc-d649ae7f214d,2026-05-31T17:00:00Z,2026-05-31T19:00:00+0200,69.48,EUR/MWh,BE,BE,imbalance_price,Short,2026-06-20T12:20:56Z
2026-06-20T12:18:09Z,2026-06-20T14:18:09+0200,4bddbab4-20af-41f1-90cc-d649ae7f214d,2026-05-31T17:15:00Z,2026-05-31T19:15:00+0200,80.67,EUR/MWh,BE,BE,imbalance_price,Long,2026-06-20T12:20:56Z
2026-06-20T12:18:09Z,2026-06-20T14:18:09+0200,4bddbab4-20af-41f1-90cc-d649ae7f214d,2026-05-31T17:15:00Z,2026-05-31T19:15:00+0200,80.67,EUR/MWh,BE,BE,imbalance_price,Short,2026-06-20T12:20:56Z
2026-06-20T12:18:09Z,2026-06-20T14:18:09+0200,4bddbab4-20af-41f1-90cc-d649ae7f214d,2026-05-31T17:30:00Z,2026-05-31T19:30:00+0200,84.06,EUR/MWh,BE,BE,imbalance_price,Long,2026-06-20T12:20:56Z
2026-06-20T12:18:09Z,2026-06-20T14:18:09+0200,4bddbab4-20af-41f1-90cc-d649ae7f214d,2026-05-31T17:30:00Z,2026-05-31T19:30:00+0200,84.06,EUR/MWh,BE,BE,imbalance_price,Short,2026-06-20T12:20:56Z
2026-06-20T12:18:09Z,2026-06-20T14:18:09+0200,4bddbab4-20af-41f1-90cc-d649ae7f214d,2026-05-31T17:45:00Z,2026-05-31T19:45:00+0200,82.21,EUR/MWh,BE,BE,imbalance_price,Long,2026-06-20T12:20:56Z
2026-06-20T12:18:09Z,2026-06-20T14:18:09+0200,4bddbab4-20af-41f1-90cc-d649ae7f214d,2026-05-31T17:45:00Z,2026-05-31T19:45:00+0200,82.21,EUR/MWh,BE,BE,imbalance_price,Short,2026-06-20T12:20:56Z
2026-06-20T12:18:09Z,2026-06-20T14:18:09+0200,4bddbab4-20af-41f1-90cc-d649ae7f214d,2026-05-31T18:00:00Z,2026-05-31T20:00:00+0200,65.13,EUR/MWh,BE,BE,imbalance_price,Long,2026-06-20T12:20:56Z
2026-06-20T12:18:09Z,2026-06-20T14:18:09+0200,4bddbab4-20af-41f1-90cc-d649ae7f214d,2026-05-31T18:00:00Z,2026-05-31T20:00:00+0200,65.13,EUR/MWh,BE,BE,imbalance_price,Short,2026-06-20T12:20:56Z
2026-06-20T12:18:09Z,2026-06-20T14:18:09+0200,4bddbab4-20af-41f1-90cc-d649ae7f214d,2026-05-31T18:15:00Z,2026-05-31T20:15:00+0200,93.36,EUR/MWh,BE,BE,imbalance_price,Long,2026-06-20T12:20:56Z
2026-06-20T12:18:09Z,2026-06-20T14:18:09+0200,4bddbab4-20af-41f1-90cc-d649ae7f214d,2026-05-31T18:15:00Z,2026-05-31T20:15:00+0200,93.36,EUR/MWh,BE,BE,imbalance_price,Short,2026-06-20T12:20:56Z
2026-06-20T12:18:09Z,2026-06-20T14:18:09+0200,4bddbab4-20af-41f1-90cc-d649ae7f214d,2026-05-31T18:30:00Z,2026-05-31T20:30:00+0200,100.3,EUR/MWh,BE,BE,imbalance_price,Long,2026-06-20T12:20:56Z
2026-06-20T12:18:09Z,2026-06-20T14:18:09+0200,4bddbab4-20af-41f1-90cc-d649ae7f214d,2026-05-31T18:30:00Z,2026-05-31T20:30:00+0200,100.3,EUR/MWh,BE,BE,imbalance_price,Short,2026-06-20T12:20:56Z
2026-06-20T12:18:09Z,2026-06-20T14:18:09+0200,4bddbab4-20af-41f1-90cc-d649ae7f214d,2026-05-31T18:45:00Z,2026-05-31T20:45:00+0200,102.46,EUR/MWh,BE,BE,imbalance_price,Long,2026-06-20T12:20:56Z
2026-06-20T12:18:09Z,2026-06-20T14:18:09+0200,4bddbab4-20af-41f1-90cc-d649ae7f214d,2026-05-31T18:45:00Z,2026-05-31T20:45:00+0200,102.46,EUR/MWh,BE,BE,imbalance_price,Short,2026-06-20T12:20:56Z
2026-06-20T12:18:09Z,2026-06-20T14:18:09+0200,4bddbab4-20af-41f1-90cc-d649ae7f214d,2026-05-31T19:00:00Z,2026-05-31T21:00:00+0200,148.52,EUR/MWh,BE,BE,imbalance_price,Long,2026-06-20T12:20:56Z
2026-06-20T12:18:09Z,2026-06-20T14:18:09+0200,4bddbab4-20af-41f1-90cc-d649ae7f214d,2026-05-31T19:00:00Z,2026-05-31T21:00:00+0200,148.52,EUR/MWh,BE,BE,imbalance_price,Short,2026-06-20T12:20:56Z
2026-06-20T12:18:09Z,2026-06-20T14:18:09+0200,4bddbab4-20af-41f1-90cc-d649ae7f214d,2026-05-31T19:15:00Z,2026-05-31T21:15:00+0200,141.06,EUR/MWh,BE,BE,imbalance_price,Long,2026-06-20T12:20:56Z
2026-06-20T12:18:09Z,2026-06-20T14:18:09+0200,4bddbab4-20af-41f1-90cc-d649ae7f214d,2026-05-31T19:15:00Z,2026-05-31T21:15:00+0200,141.06,EUR/MWh,BE,BE,imbalance_price,Short,2026-06-20T12:20:56Z
2026-06-20T12:18:09Z,2026-06-20T14:18:09+0200,4bddbab4-20af-41f1-90cc-d649ae7f214d,2026-05-31T19:30:00Z,2026-05-31T21:30:00+0200,141.07,EUR/MWh,BE,BE,imbalance_price,Long,2026-06-20T12:20:56Z
2026-06-20T12:18:09Z,2026-06-20T14:18:09+0200,4bddbab4-20af-41f1-90cc-d649ae7f214d,2026-05-31T19:30:00Z,2026-05-31T21:30:00+0200,141.07,EUR/MWh,BE,BE,imbalance_price,Short,2026-06-20T12:20:56Z
2026-06-20T12:18:09Z,2026-06-20T14:18:09+0200,4bddbab4-20af-41f1-90cc-d649ae7f214d,2026-05-31T19:45:00Z,2026-05-31T21:45:00+0200,161.22,EUR/MWh,BE,BE,imbalance_price,Long,2026-06-20T12:20:56Z
2026-06-20T12:18:09Z,2026-06-20T14:18:09+0200,4bddbab4-20af-41f1-90cc-d649ae7f214d,2026-05-31T19:45:00Z,2026-05-31T21:45:00+0200,161.22,EUR/MWh,BE,BE,imbalance_price,Short,2026-06-20T12:20:56Z
2026-06-20T12:18:09Z,2026-06-20T14:18:09+0200,4bddbab4-20af-41f1-90cc-d649ae7f214d,2026-05-31T20:00:00Z,2026-05-31T22:00:00+0200,170.52,EUR/MWh,BE,BE,imbalance_price,Long,2026-06-20T12:20:56Z
2026-06-20T12:18:09Z,2026-06-20T14:18:09+0200,4bddbab4-20af-41f1-90cc-d649ae7f214d,2026-05-31T20:00:00Z,2026-05-31T22:00:00+0200,170.52,EUR/MWh,BE,BE,imbalance_price,Short,2026-06-20T12:20:56Z
2026-06-20T12:18:09Z,2026-06-20T14:18:09+0200,4bddbab4-20af-41f1-90cc-d649ae7f214d,2026-05-31T20:15:00Z,2026-05-31T22:15:00+0200,166.52,EUR/MWh,BE,BE,imbalance_price,Long,2026-06-20T12:20:56Z
2026-06-20T12:18:09Z,2026-06-20T14:18:09+0200,4bddbab4-20af-41f1-90cc-d649ae7f214d,2026-05-31T20:15:00Z,2026-05-31T22:15:00+0200,166.52,EUR/MWh,BE,BE,imbalance_price,Short,2026-06-20T12:20:56Z
2026-06-20T12:18:09Z,2026-06-20T14:18:09+0200,4bddbab4-20af-41f1-90cc-d649ae7f214d,2026-05-31T20:30:00Z,2026-05-31T22:30:00+0200,155.62,EUR/MWh,BE,BE,imbalance_price,Long,2026-06-20T12:20:56Z
2026-06-20T12:18:09Z,2026-06-20T14:18:09+0200,4bddbab4-20af-41f1-90cc-d649ae7f214d,2026-05-31T20:30:00Z,2026-05-31T22:30:00+0200,155.62,EUR/MWh,BE,BE,imbalance_price,Short,2026-06-20T12:20:56Z
2026-06-20T12:18:09Z,2026-06-20T14:18:09+0200,4bddbab4-20af-41f1-90cc-d649ae7f214d,2026-05-31T20:45:00Z,2026-05-31T22:45:00+0200,156.38,EUR/MWh,BE,BE,imbalance_price,Long,2026-06-20T12:20:56Z
2026-06-20T12:18:09Z,2026-06-20T14:18:09+0200,4bddbab4-20af-41f1-90cc-d649ae7f214d,2026-05-31T20:45:00Z,2026-05-31T22:45:00+0200,156.38,EUR/MWh,BE,BE,imbalance_price,Short,2026-06-20T12:20:56Z
2026-06-20T12:18:09Z,2026-06-20T14:18:09+0200,4bddbab4-20af-41f1-90cc-d649ae7f214d,2026-05-31T21:00:00Z,2026-05-31T23:00:00+0200,175.66,EUR/MWh,BE,BE,imbalance_price,Long,2026-06-20T12:20:56Z
2026-06-20T12:18:09Z,2026-06-20T14:18:09+0200,4bddbab4-20af-41f1-90cc-d649ae7f214d,2026-05-31T21:00:00Z,2026-05-31T23:00:00+0200,175.66,EUR/MWh,BE,BE,imbalance_price,Short,2026-06-20T12:20:56Z
2026-06-20T12:18:09Z,2026-06-20T14:18:09+0200,4bddbab4-20af-41f1-90cc-d649ae7f214d,2026-05-31T21:15:00Z,2026-05-31T23:15:00+0200,160.81,EUR/MWh,BE,BE,imbalance_price,Long,2026-06-20T12:20:56Z
2026-06-20T12:18:09Z,2026-06-20T14:18:09+0200,4bddbab4-20af-41f1-90cc-d649ae7f214d,2026-05-31T21:15:00Z,2026-05-31T23:15:00+0200,160.81,EUR/MWh,BE,BE,imbalance_price,Short,2026-06-20T12:20:56Z
2026-06-20T12:18:09Z,2026-06-20T14:18:09+0200,4bddbab4-20af-41f1-90cc-d649ae7f214d,2026-05-31T21:30:00Z,2026-05-31T23:30:00+0200,169.09,EUR/MWh,BE,BE,imbalance_price,Long,2026-06-20T12:20:56Z
2026-06-20T12:18:09Z,2026-06-20T14:18:09+0200,4bddbab4-20af-41f1-90cc-d649ae7f214d,2026-05-31T21:30:00Z,2026-05-31T23:30:00+0200,169.09,EUR/MWh,BE,BE,imbalance_price,Short,2026-06-20T12:20:56Z
2026-06-20T12:18:09Z,2026-06-20T14:18:09+0200,4bddbab4-20af-41f1-90cc-d649ae7f214d,2026-05-31T21:45:00Z,2026-05-31T23:45:00+0200,167.29,EUR/MWh,BE,BE,imbalance_price,Long,2026-06-20T12:20:56Z
2026-06-20T12:18:09Z,2026-06-20T14:18:09+0200,4bddbab4-20af-41f1-90cc-d649ae7f214d,2026-05-31T21:45:00Z,2026-05-31T23:45:00+0200,167.29,EUR/MWh,BE,BE,imbalance_price,Short,2026-06-20T12:20:56Z
2026-06-20T12:18:09Z,2026-06-20T14:18:09+0200,4bddbab4-20af-41f1-90cc-d649ae7f214d,2026-05-31T22:00:00Z,2026-06-01T00:00:00+0200,112.63,EUR/MWh,BE,BE,imbalance_price,Long,2026-06-20T12:20:56Z
2026-06-20T12:18:09Z,2026-06-20T14:18:09+0200,4bddbab4-20af-41f1-90cc-d649ae7f214d,2026-05-31T22:00:00Z,2026-06-01T00:00:00+0200,112.63,EUR/MWh,BE,BE,imbalance_price,Short,2026-06-20T12:20:56Z
2026-06-20T12:18:09Z,2026-06-20T14:18:09+0200,4bddbab4-20af-41f1-90cc-d649ae7f214d,2026-05-31T22:15:00Z,2026-06-01T00:15:00+0200,121.18,EUR/MWh,BE,BE,imbalance_price,Long,2026-06-20T12:20:56Z
2026-06-20T12:18:09Z,2026-06-20T14:18:09+0200,4bddbab4-20af-41f1-90cc-d649ae7f214d,2026-05-31T22:15:00Z,2026-06-01T00:15:00+0200,121.18,EUR/MWh,BE,BE,imbalance_price,Short,2026-06-20T12:20:56Z
2026-06-20T12:18:09Z,2026-06-20T14:18:09+0200,4bddbab4-20af-41f1-90cc-d649ae7f214d,2026-05-31T22:30:00Z,2026-06-01T00:30:00+0200,133.42,EUR/MWh,BE,BE,imbalance_price,Long,2026-06-20T12:20:56Z
2026-06-20T12:18:09Z,2026-06-20T14:18:09+0200,4bddbab4-20af-41f1-90cc-d649ae7f214d,2026-05-31T22:30:00Z,2026-06-01T00:30:00+0200,133.42,EUR/MWh,BE,BE,imbalance_price,Short,2026-06-20T12:20:56Z
2026-06-20T12:18:09Z,2026-06-20T14:18:09+0200,4bddbab4-20af-41f1-90cc-d649ae7f214d,2026-05-31T22:45:00Z,2026-06-01T00:45:00+0200,122.21,EUR/MWh,BE,BE,imbalance_price,Long,2026-06-20T12:20:56Z
2026-06-20T12:18:09Z,2026-06-20T14:18:09+0200,4bddbab4-20af-41f1-90cc-d649ae7f214d,2026-05-31T22:45:00Z,2026-06-01T00:45:00+0200,122.21,EUR/MWh,BE,BE,imbalance_price,Short,2026-06-20T12:20:56Z
2026-06-20T12:18:09Z,2026-06-20T14:18:09+0200,4bddbab4-20af-41f1-90cc-d649ae7f214d,2026-05-31T23:00:00Z,2026-06-01T01:00:00+0200,130.71,EUR/MWh,BE,BE,imbalance_price,Long,2026-06-20T12:20:56Z
2026-06-20T12:18:09Z,2026-06-20T14:18:09+0200,4bddbab4-20af-41f1-90cc-d649ae7f214d,2026-05-31T23:00:00Z,2026-06-01T01:00:00+0200,130.71,EUR/MWh,BE,BE,imbalance_price,Short,2026-06-20T12:20:56Z
2026-06-20T12:18:09Z,2026-06-20T14:18:09+0200,4bddbab4-20af-41f1-90cc-d649ae7f214d,2026-05-31T23:15:00Z,2026-06-01T01:15:00+0200,117.27,EUR/MWh,BE,BE,imbalance_price,Long,2026-06-20T12:20:56Z
2026-06-20T12:18:09Z,2026-06-20T14:18:09+0200,4bddbab4-20af-41f1-90cc-d649ae7f214d,2026-05-31T23:15:00Z,2026-06-01T01:15:00+0200,117.27,EUR/MWh,BE,BE,imbalance_price,Short,2026-06-20T12:20:56Z
2026-06-20T12:18:09Z,2026-06-20T14:18:09+0200,4bddbab4-20af-41f1-90cc-d649ae7f214d,2026-05-31T23:30:00Z,2026-06-01T01:30:00+0200,109.77,EUR/MWh,BE,BE,imbalance_price,Long,2026-06-20T12:20:56Z
2026-06-20T12:18:09Z,2026-06-20T14:18:09+0200,4bddbab4-20af-41f1-90cc-d649ae7f214d,2026-05-31T23:30:00Z,2026-06-01T01:30:00+0200,109.77,EUR/MWh,BE,BE,imbalance_price,Short,2026-06-20T12:20:56Z
2026-06-20T12:18:09Z,2026-06-20T14:18:09+0200,4bddbab4-20af-41f1-90cc-d649ae7f214d,2026-05-31T23:45:00Z,2026-06-01T01:45:00+0200,128.92,EUR/MWh,BE,BE,imbalance_price,Long,2026-06-20T12:20:56Z
2026-06-20T12:18:09Z,2026-06-20T14:18:09+0200,4bddbab4-20af-41f1-90cc-d649ae7f214d,2026-05-31T23:45:00Z,2026-06-01T01:45:00+0200,128.92,EUR/MWh,BE,BE,imbalance_price,Short,2026-06-20T12:20:56Z
2026-06-20T12:18:09Z,2026-06-20T14:18:09+0200,4bddbab4-20af-41f1-90cc-d649ae7f214d,2026-06-01T00:00:00Z,2026-06-01T02:00:00+0200,129.94,EUR/MWh,BE,BE,imbalance_price,Long,2026-06-20T12:20:56Z
2026-06-20T12:18:09Z,2026-06-20T14:18:09+0200,4bddbab4-20af-41f1-90cc-d649ae7f214d,2026-06-01T00:00:00Z,2026-06-01T02:00:00+0200,129.94,EUR/MWh,BE,BE,imbalance_price,Short,2026-06-20T12:20:56Z
2026-06-20T12:18:09Z,2026-06-20T14:18:09+0200,4bddbab4-20af-41f1-90cc-d649ae7f214d,2026-06-01T00:15:00Z,2026-06-01T02:15:00+0200,124.04,EUR/MWh,BE,BE,imbalance_price,Long,2026-06-20T12:20:56Z
2026-06-20T12:18:09Z,2026-06-20T14:18:09+0200,4bddbab4-20af-41f1-90cc-d649ae7f214d,2026-06-01T00:15:00Z,2026-06-01T02:15:00+0200,124.04,EUR/MWh,BE,BE,imbalance_price,Short,2026-06-20T12:20:56Z
2026-06-20T12:18:09Z,2026-06-20T14:18:09+0200,4bddbab4-20af-41f1-90cc-d649ae7f214d,2026-06-01T00:30:00Z,2026-06-01T02:30:00+0200,88.05,EUR/MWh,BE,BE,imbalance_price,Long,2026-06-20T12:20:56Z
2026-06-20T12:18:09Z,2026-06-20T14:18:09+0200,4bddbab4-20af-41f1-90cc-d649ae7f214d,2026-06-01T00:30:00Z,2026-06-01T02:30:00+0200,88.05,EUR/MWh,BE,BE,imbalance_price,Short,2026-06-20T12:20:56Z
2026-06-20T12:18:09Z,2026-06-20T14:18:09+0200,4bddbab4-20af-41f1-90cc-d649ae7f214d,2026-06-01T00:45:00Z,2026-06-01T02:45:00+0200,107.64,EUR/MWh,BE,BE,imbalance_price,Long,2026-06-20T12:20:56Z
2026-06-20T12:18:09Z,2026-06-20T14:18:09+0200,4bddbab4-20af-41f1-90cc-d649ae7f214d,2026-06-01T00:45:00Z,2026-06-01T02:45:00+0200,107.64,EUR/MWh,BE,BE,imbalance_price,Short,2026-06-20T12:20:56Z
2026-06-20T12:18:09Z,2026-06-20T14:18:09+0200,4bddbab4-20af-41f1-90cc-d649ae7f214d,2026-06-01T01:00:00Z,2026-06-01T03:00:00+0200,110.45,EUR/MWh,BE,BE,imbalance_price,Long,2026-06-20T12:20:56Z
2026-06-20T12:18:09Z,2026-06-20T14:18:09+0200,4bddbab4-20af-41f1-90cc-d649ae7f214d,2026-06-01T01:00:00Z,2026-06-01T03:00:00+0200,110.45,EUR/MWh,BE,BE,imbalance_price,Short,2026-06-20T12:20:56Z
2026-06-20T12:18:09Z,2026-06-20T14:18:09+0200,4bddbab4-20af-41f1-90cc-d649ae7f214d,2026-06-01T01:15:00Z,2026-06-01T03:15:00+0200,109.9,EUR/MWh,BE,BE,imbalance_price,Long,2026-06-20T12:20:56Z
2026-06-20T12:18:09Z,2026-06-20T14:18:09+0200,4bddbab4-20af-41f1-90cc-d649ae7f214d,2026-06-01T01:15:00Z,2026-06-01T03:15:00+0200,109.9,EUR/MWh,BE,BE,imbalance_price,Short,2026-06-20T12:20:56Z
2026-06-20T12:18:09Z,2026-06-20T14:18:09+0200,4bddbab4-20af-41f1-90cc-d649ae7f214d,2026-06-01T01:30:00Z,2026-06-01T03:30:00+0200,98.55,EUR/MWh,BE,BE,imbalance_price,Long,2026-06-20T12:20:56Z
2026-06-20T12:18:09Z,2026-06-20T14:18:09+0200,4bddbab4-20af-41f1-90cc-d649ae7f214d,2026-06-01T01:30:00Z,2026-06-01T03:30:00+0200,98.55,EUR/MWh,BE,BE,imbalance_price,Short,2026-06-20T12:20:56Z
2026-06-20T12:18:09Z,2026-06-20T14:18:09+0200,4bddbab4-20af-41f1-90cc-d649ae7f214d,2026-06-01T01:45:00Z,2026-06-01T03:45:00+0200,83.91,EUR/MWh,BE,BE,imbalance_price,Long,2026-06-20T12:20:56Z
2026-06-20T12:18:09Z,2026-06-20T14:18:09+0200,4bddbab4-20af-41f1-90cc-d649ae7f214d,2026-06-01T01:45:00Z,2026-06-01T03:45:00+0200,83.91,EUR/MWh,BE,BE,imbalance_price,Short,2026-06-20T12:20:56Z
2026-06-20T12:18:09Z,2026-06-20T14:18:09+0200,4bddbab4-20af-41f1-90cc-d649ae7f214d,2026-06-01T02:00:00Z,2026-06-01T04:00:00+0200,61.61,EUR/MWh,BE,BE,imbalance_price,Long,2026-06-20T12:20:56Z
2026-06-20T12:18:09Z,2026-06-20T14:18:09+0200,4bddbab4-20af-41f1-90cc-d649ae7f214d,2026-06-01T02:00:00Z,2026-06-01T04:00:00+0200,61.61,EUR/MWh,BE,BE,imbalance_price,Short,2026-06-20T12:20:56Z
2026-06-20T12:18:09Z,2026-06-20T14:18:09+0200,4bddbab4-20af-41f1-90cc-d649ae7f214d,2026-06-01T02:15:00Z,2026-06-01T04:15:00+0200,90.8,EUR/MWh,BE,BE,imbalance_price,Long,2026-06-20T12:20:56Z
2026-06-20T12:18:09Z,2026-06-20T14:18:09+0200,4bddbab4-20af-41f1-90cc-d649ae7f214d,2026-06-01T02:15:00Z,2026-06-01T04:15:00+0200,90.8,EUR/MWh,BE,BE,imbalance_price,Short,2026-06-20T12:20:56Z
2026-06-20T12:18:09Z,2026-06-20T14:18:09+0200,4bddbab4-20af-41f1-90cc-d649ae7f214d,2026-06-01T02:30:00Z,2026-06-01T04:30:00+0200,91.79,EUR/MWh,BE,BE,imbalance_price,Long,2026-06-20T12:20:56Z
2026-06-20T12:18:09Z,2026-06-20T14:18:09+0200,4bddbab4-20af-41f1-90cc-d649ae7f214d,2026-06-01T02:30:00Z,2026-06-01T04:30:00+0200,91.79,EUR/MWh,BE,BE,imbalance_price,Short,2026-06-20T12:20:56Z
2026-06-20T12:18:09Z,2026-06-20T14:18:09+0200,4bddbab4-20af-41f1-90cc-d649ae7f214d,2026-06-01T02:45:00Z,2026-06-01T04:45:00+0200,89.77,EUR/MWh,BE,BE,imbalance_price,Long,2026-06-20T12:20:56Z
2026-06-20T12:18:09Z,2026-06-20T14:18:09+0200,4bddbab4-20af-41f1-90cc-d649ae7f214d,2026-06-01T02:45:00Z,2026-06-01T04:45:00+0200,89.77,EUR/MWh,BE,BE,imbalance_price,Short,2026-06-20T12:20:56Z
2026-06-20T12:18:09Z,2026-06-20T14:18:09+0200,4bddbab4-20af-41f1-90cc-d649ae7f214d,2026-06-01T03:00:00Z,2026-06-01T05:00:00+0200,133.57,EUR/MWh,BE,BE,imbalance_price,Long,2026-06-20T12:20:56Z
2026-06-20T12:18:09Z,2026-06-20T14:18:09+0200,4bddbab4-20af-41f1-90cc-d649ae7f214d,2026-06-01T03:00:00Z,2026-06-01T05:00:00+0200,133.57,EUR/MWh,BE,BE,imbalance_price,Short,2026-06-20T12:20:56Z
2026-06-20T12:18:09Z,2026-06-20T14:18:09+0200,4bddbab4-20af-41f1-90cc-d649ae7f214d,2026-06-01T03:15:00Z,2026-06-01T05:15:00+0200,91.94,EUR/MWh,BE,BE,imbalance_price,Long,2026-06-20T12:20:56Z
2026-06-20T12:18:09Z,2026-06-20T14:18:09+0200,4bddbab4-20af-41f1-90cc-d649ae7f214d,2026-06-01T03:15:00Z,2026-06-01T05:15:00+0200,91.94,EUR/MWh,BE,BE,imbalance_price,Short,2026-06-20T12:20:56Z
2026-06-20T12:18:09Z,2026-06-20T14:18:09+0200,4bddbab4-20af-41f1-90cc-d649ae7f214d,2026-06-01T03:30:00Z,2026-06-01T05:30:00+0200,89.43,EUR/MWh,BE,BE,imbalance_price,Long,2026-06-20T12:20:56Z
2026-06-20T12:18:09Z,2026-06-20T14:18:09+0200,4bddbab4-20af-41f1-90cc-d649ae7f214d,2026-06-01T03:30:00Z,2026-06-01T05:30:00+0200,89.43,EUR/MWh,BE,BE,imbalance_price,Short,2026-06-20T12:20:56Z
2026-06-20T12:18:09Z,2026-06-20T14:18:09+0200,4bddbab4-20af-41f1-90cc-d649ae7f214d,2026-06-01T03:45:00Z,2026-06-01T05:45:00+0200,121.46,EUR/MWh,BE,BE,imbalance_price,Long,2026-06-20T12:20:56Z
2026-06-20T12:18:09Z,2026-06-20T14:18:09+0200,4bddbab4-20af-41f1-90cc-d649ae7f214d,2026-06-01T03:45:00Z,2026-06-01T05:45:00+0200,121.46,EUR/MWh,BE,BE,imbalance_price,Short,2026-06-20T12:20:56Z
2026-06-20T12:18:09Z,2026-06-20T14:18:09+0200,4bddbab4-20af-41f1-90cc-d649ae7f214d,2026-06-01T04:00:00Z,2026-06-01T06:00:00+0200,124.99,EUR/MWh,BE,BE,imbalance_price,Long,2026-06-20T12:20:56Z
2026-06-20T12:18:09Z,2026-06-20T14:18:09+0200,4bddbab4-20af-41f1-90cc-d649ae7f214d,2026-06-01T04:00:00Z,2026-06-01T06:00:00+0200,124.99,EUR/MWh,BE,BE,imbalance_price,Short,2026-06-20T12:20:56Z
2026-06-20T12:18:09Z,2026-06-20T14:18:09+0200,4bddbab4-20af-41f1-90cc-d649ae7f214d,2026-06-01T04:15:00Z,2026-06-01T06:15:00+0200,106.55,EUR/MWh,BE,BE,imbalance_price,Long,2026-06-20T12:20:56Z
2026-06-20T12:18:09Z,2026-06-20T14:18:09+0200,4bddbab4-20af-41f1-90cc-d649ae7f214d,2026-06-01T04:15:00Z,2026-06-01T06:15:00+0200,106.55,EUR/MWh,BE,BE,imbalance_price,Short,2026-06-20T12:20:56Z
2026-06-20T12:18:09Z,2026-06-20T14:18:09+0200,4bddbab4-20af-41f1-90cc-d649ae7f214d,2026-06-01T04:30:00Z,2026-06-01T06:30:00+0200,124.13,EUR/MWh,BE,BE,imbalance_price,Long,2026-06-20T12:20:56Z
2026-06-20T12:18:09Z,2026-06-20T14:18:09+0200,4bddbab4-20af-41f1-90cc-d649ae7f214d,2026-06-01T04:30:00Z,2026-06-01T06:30:00+0200,124.13,EUR/MWh,BE,BE,imbalance_price,Short,2026-06-20T12:20:56Z
2026-06-20T12:18:09Z,2026-06-20T14:18:09+0200,4bddbab4-20af-41f1-90cc-d649ae7f214d,2026-06-01T04:45:00Z,2026-06-01T06:45:00+0200,72.34,EUR/MWh,BE,BE,imbalance_price,Long,2026-06-20T12:20:56Z
2026-06-20T12:18:09Z,2026-06-20T14:18:09+0200,4bddbab4-20af-41f1-90cc-d649ae7f214d,2026-06-01T04:45:00Z,2026-06-01T06:45:00+0200,72.34,EUR/MWh,BE,BE,imbalance_price,Short,2026-06-20T12:20:56Z
2026-06-20T12:18:09Z,2026-06-20T14:18:09+0200,4bddbab4-20af-41f1-90cc-d649ae7f214d,2026-06-01T05:00:00Z,2026-06-01T07:00:00+0200,152.96,EUR/MWh,BE,BE,imbalance_price,Long,2026-06-20T12:20:56Z
2026-06-20T12:18:09Z,2026-06-20T14:18:09+0200,4bddbab4-20af-41f1-90cc-d649ae7f214d,2026-06-01T05:00:00Z,2026-06-01T07:00:00+0200,152.96,EUR/MWh,BE,BE,imbalance_price,Short,2026-06-20T12:20:56Z
2026-06-20T12:18:09Z,2026-06-20T14:18:09+0200,4bddbab4-20af-41f1-90cc-d649ae7f214d,2026-06-01T05:15:00Z,2026-06-01T07:15:00+0200,131.0,EUR/MWh,BE,BE,imbalance_price,Long,2026-06-20T12:20:56Z
2026-06-20T12:18:09Z,2026-06-20T14:18:09+0200,4bddbab4-20af-41f1-90cc-d649ae7f214d,2026-06-01T05:15:00Z,2026-06-01T07:15:00+0200,131.0,EUR/MWh,BE,BE,imbalance_price,Short,2026-06-20T12:20:56Z
2026-06-20T12:18:09Z,2026-06-20T14:18:09+0200,4bddbab4-20af-41f1-90cc-d649ae7f214d,2026-06-01T05:30:00Z,2026-06-01T07:30:00+0200,130.26,EUR/MWh,BE,BE,imbalance_price,Long,2026-06-20T12:20:56Z
2026-06-20T12:18:09Z,2026-06-20T14:18:09+0200,4bddbab4-20af-41f1-90cc-d649ae7f214d,2026-06-01T05:30:00Z,2026-06-01T07:30:00+0200,130.26,EUR/MWh,BE,BE,imbalance_price,Short,2026-06-20T12:20:56Z
2026-06-20T12:18:09Z,2026-06-20T14:18:09+0200,4bddbab4-20af-41f1-90cc-d649ae7f214d,2026-06-01T05:45:00Z,2026-06-01T07:45:00+0200,108.22,EUR/MWh,BE,BE,imbalance_price,Long,2026-06-20T12:20:56Z
2026-06-20T12:18:09Z,2026-06-20T14:18:09+0200,4bddbab4-20af-41f1-90cc-d649ae7f214d,2026-06-01T05:45:00Z,2026-06-01T07:45:00+0200,108.22,EUR/MWh,BE,BE,imbalance_price,Short,2026-06-20T12:20:56Z
2026-06-20T12:18:09Z,2026-06-20T14:18:09+0200,4bddbab4-20af-41f1-90cc-d649ae7f214d,2026-06-01T06:00:00Z,2026-06-01T08:00:00+0200,111.53,EUR/MWh,BE,BE,imbalance_price,Long,2026-06-20T12:20:56Z
2026-06-20T12:18:09Z,2026-06-20T14:18:09+0200,4bddbab4-20af-41f1-90cc-d649ae7f214d,2026-06-01T06:00:00Z,2026-06-01T08:00:00+0200,111.53,EUR/MWh,BE,BE,imbalance_price,Short,2026-06-20T12:20:56Z
2026-06-20T12:18:09Z,2026-06-20T14:18:09+0200,4bddbab4-20af-41f1-90cc-d649ae7f214d,2026-06-01T06:15:00Z,2026-06-01T08:15:00+0200,79.37,EUR/MWh,BE,BE,imbalance_price,Long,2026-06-20T12:20:56Z
2026-06-20T12:18:09Z,2026-06-20T14:18:09+0200,4bddbab4-20af-41f1-90cc-d649ae7f214d,2026-06-01T06:15:00Z,2026-06-01T08:15:00+0200,79.37,EUR/MWh,BE,BE,imbalance_price,Short,2026-06-20T12:20:56Z
2026-06-20T12:18:09Z,2026-06-20T14:18:09+0200,4bddbab4-20af-41f1-90cc-d649ae7f214d,2026-06-01T06:30:00Z,2026-06-01T08:30:00+0200,79.22,EUR/MWh,BE,BE,imbalance_price,Long,2026-06-20T12:20:56Z
2026-06-20T12:18:09Z,2026-06-20T14:18:09+0200,4bddbab4-20af-41f1-90cc-d649ae7f214d,2026-06-01T06:30:00Z,2026-06-01T08:30:00+0200,79.22,EUR/MWh,BE,BE,imbalance_price,Short,2026-06-20T12:20:56Z
2026-06-20T12:18:09Z,2026-06-20T14:18:09+0200,4bddbab4-20af-41f1-90cc-d649ae7f214d,2026-06-01T06:45:00Z,2026-06-01T08:45:00+0200,110.15,EUR/MWh,BE,BE,imbalance_price,Long,2026-06-20T12:20:56Z
2026-06-20T12:18:09Z,2026-06-20T14:18:09+0200,4bddbab4-20af-41f1-90cc-d649ae7f214d,2026-06-01T06:45:00Z,2026-06-01T08:45:00+0200,110.15,EUR/MWh,BE,BE,imbalance_price,Short,2026-06-20T12:20:56Z
2026-06-20T12:18:09Z,2026-06-20T14:18:09+0200,4bddbab4-20af-41f1-90cc-d649ae7f214d,2026-06-01T07:00:00Z,2026-06-01T09:00:00+0200,117.35,EUR/MWh,BE,BE,imbalance_price,Long,2026-06-20T12:20:56Z
2026-06-20T12:18:09Z,2026-06-20T14:18:09+0200,4bddbab4-20af-41f1-90cc-d649ae7f214d,2026-06-01T07:00:00Z,2026-06-01T09:00:00+0200,117.35,EUR/MWh,BE,BE,imbalance_price,Short,2026-06-20T12:20:56Z
2026-06-20T12:18:09Z,2026-06-20T14:18:09+0200,4bddbab4-20af-41f1-90cc-d649ae7f214d,2026-06-01T07:15:00Z,2026-06-01T09:15:00+0200,111.61,EUR/MWh,BE,BE,imbalance_price,Long,2026-06-20T12:20:56Z
2026-06-20T12:18:09Z,2026-06-20T14:18:09+0200,4bddbab4-20af-41f1-90cc-d649ae7f214d,2026-06-01T07:15:00Z,2026-06-01T09:15:00+0200,111.61,EUR/MWh,BE,BE,imbalance_price,Short,2026-06-20T12:20:56Z
2026-06-20T12:18:09Z,2026-06-20T14:18:09+0200,4bddbab4-20af-41f1-90cc-d649ae7f214d,2026-06-01T07:30:00Z,2026-06-01T09:30:00+0200,120.01,EUR/MWh,BE,BE,imbalance_price,Long,2026-06-20T12:20:56Z
2026-06-20T12:18:09Z,2026-06-20T14:18:09+0200,4bddbab4-20af-41f1-90cc-d649ae7f214d,2026-06-01T07:30:00Z,2026-06-01T09:30:00+0200,120.01,EUR/MWh,BE,BE,imbalance_price,Short,2026-06-20T12:20:56Z
2026-06-20T12:18:09Z,2026-06-20T14:18:09+0200,4bddbab4-20af-41f1-90cc-d649ae7f214d,2026-06-01T07:45:00Z,2026-06-01T09:45:00+0200,121.14,EUR/MWh,BE,BE,imbalance_price,Long,2026-06-20T12:20:56Z
2026-06-20T12:18:09Z,2026-06-20T14:18:09+0200,4bddbab4-20af-41f1-90cc-d649ae7f214d,2026-06-01T07:45:00Z,2026-06-01T09:45:00+0200,121.14,EUR/MWh,BE,BE,imbalance_price,Short,2026-06-20T12:20:56Z
2026-06-20T12:18:09Z,2026-06-20T14:18:09+0200,4bddbab4-20af-41f1-90cc-d649ae7f214d,2026-06-01T08:00:00Z,2026-06-01T10:00:00+0200,117.76,EUR/MWh,BE,BE,imbalance_price,Long,2026-06-20T12:20:56Z
2026-06-20T12:18:09Z,2026-06-20T14:18:09+0200,4bddbab4-20af-41f1-90cc-d649ae7f214d,2026-06-01T08:00:00Z,2026-06-01T10:00:00+0200,117.76,EUR/MWh,BE,BE,imbalance_price,Short,2026-06-20T12:20:56Z
2026-06-20T12:18:09Z,2026-06-20T14:18:09+0200,4bddbab4-20af-41f1-90cc-d649ae7f214d,2026-06-01T08:15:00Z,2026-06-01T10:15:00+0200,132.37,EUR/MWh,BE,BE,imbalance_price,Long,2026-06-20T12:20:56Z
2026-06-20T12:18:09Z,2026-06-20T14:18:09+0200,4bddbab4-20af-41f1-90cc-d649ae7f214d,2026-06-01T08:15:00Z,2026-06-01T10:15:00+0200,132.37,EUR/MWh,BE,BE,imbalance_price,Short,2026-06-20T12:20:56Z
2026-06-20T12:18:09Z,2026-06-20T14:18:09+0200,4bddbab4-20af-41f1-90cc-d649ae7f214d,2026-06-01T08:30:00Z,2026-06-01T10:30:00+0200,113.81,EUR/MWh,BE,BE,imbalance_price,Long,2026-06-20T12:20:56Z
2026-06-20T12:18:09Z,2026-06-20T14:18:09+0200,4bddbab4-20af-41f1-90cc-d649ae7f214d,2026-06-01T08:30:00Z,2026-06-01T10:30:00+0200,113.81,EUR/MWh,BE,BE,imbalance_price,Short,2026-06-20T12:20:56Z
2026-06-20T12:18:09Z,2026-06-20T14:18:09+0200,4bddbab4-20af-41f1-90cc-d649ae7f214d,2026-06-01T08:45:00Z,2026-06-01T10:45:00+0200,107.7,EUR/MWh,BE,BE,imbalance_price,Long,2026-06-20T12:20:56Z
2026-06-20T12:18:09Z,2026-06-20T14:18:09+0200,4bddbab4-20af-41f1-90cc-d649ae7f214d,2026-06-01T08:45:00Z,2026-06-01T10:45:00+0200,107.7,EUR/MWh,BE,BE,imbalance_price,Short,2026-06-20T12:20:56Z
2026-06-20T12:18:09Z,2026-06-20T14:18:09+0200,4bddbab4-20af-41f1-90cc-d649ae7f214d,2026-06-01T09:00:00Z,2026-06-01T11:00:00+0200,63.18,EUR/MWh,BE,BE,imbalance_price,Long,2026-06-20T12:20:56Z
2026-06-20T12:18:09Z,2026-06-20T14:18:09+0200,4bddbab4-20af-41f1-90cc-d649ae7f214d,2026-06-01T09:00:00Z,2026-06-01T11:00:00+0200,63.18,EUR/MWh,BE,BE,imbalance_price,Short,2026-06-20T12:20:56Z
2026-06-20T12:18:09Z,2026-06-20T14:18:09+0200,4bddbab4-20af-41f1-90cc-d649ae7f214d,2026-06-01T09:15:00Z,2026-06-01T11:15:00+0200,70.65,EUR/MWh,BE,BE,imbalance_price,Long,2026-06-20T12:20:56Z
2026-06-20T12:18:09Z,2026-06-20T14:18:09+0200,4bddbab4-20af-41f1-90cc-d649ae7f214d,2026-06-01T09:15:00Z,2026-06-01T11:15:00+0200,70.65,EUR/MWh,BE,BE,imbalance_price,Short,2026-06-20T12:20:56Z
2026-06-20T12:18:09Z,2026-06-20T14:18:09+0200,4bddbab4-20af-41f1-90cc-d649ae7f214d,2026-06-01T09:30:00Z,2026-06-01T11:30:00+0200,76.26,EUR/MWh,BE,BE,imbalance_price,Long,2026-06-20T12:20:56Z
2026-06-20T12:18:09Z,2026-06-20T14:18:09+0200,4bddbab4-20af-41f1-90cc-d649ae7f214d,2026-06-01T09:30:00Z,2026-06-01T11:30:00+0200,76.26,EUR/MWh,BE,BE,imbalance_price,Short,2026-06-20T12:20:56Z
2026-06-20T12:18:09Z,2026-06-20T14:18:09+0200,4bddbab4-20af-41f1-90cc-d649ae7f214d,2026-06-01T09:45:00Z,2026-06-01T11:45:00+0200,65.32,EUR/MWh,BE,BE,imbalance_price,Long,2026-06-20T12:20:56Z
2026-06-20T12:18:09Z,2026-06-20T14:18:09+0200,4bddbab4-20af-41f1-90cc-d649ae7f214d,2026-06-01T09:45:00Z,2026-06-01T11:45:00+0200,65.32,EUR/MWh,BE,BE,imbalance_price,Short,2026-06-20T12:20:56Z
2026-06-20T12:18:09Z,2026-06-20T14:18:09+0200,4bddbab4-20af-41f1-90cc-d649ae7f214d,2026-06-01T10:00:00Z,2026-06-01T12:00:00+0200,40.79,EUR/MWh,BE,BE,imbalance_price,Long,2026-06-20T12:20:56Z
2026-06-20T12:18:09Z,2026-06-20T14:18:09+0200,4bddbab4-20af-41f1-90cc-d649ae7f214d,2026-06-01T10:00:00Z,2026-06-01T12:00:00+0200,40.79,EUR/MWh,BE,BE,imbalance_price,Short,2026-06-20T12:20:56Z
2026-06-20T12:18:09Z,2026-06-20T14:18:09+0200,4bddbab4-20af-41f1-90cc-d649ae7f214d,2026-06-01T10:15:00Z,2026-06-01T12:15:00+0200,81.7,EUR/MWh,BE,BE,imbalance_price,Long,2026-06-20T12:20:56Z
2026-06-20T12:18:09Z,2026-06-20T14:18:09+0200,4bddbab4-20af-41f1-90cc-d649ae7f214d,2026-06-01T10:15:00Z,2026-06-01T12:15:00+0200,81.7,EUR/MWh,BE,BE,imbalance_price,Short,2026-06-20T12:20:56Z
2026-06-20T12:18:09Z,2026-06-20T14:18:09+0200,4bddbab4-20af-41f1-90cc-d649ae7f214d,2026-06-01T10:30:00Z,2026-06-01T12:30:00+0200,60.12,EUR/MWh,BE,BE,imbalance_price,Long,2026-06-20T12:20:56Z
2026-06-20T12:18:09Z,2026-06-20T14:18:09+0200,4bddbab4-20af-41f1-90cc-d649ae7f214d,2026-06-01T10:30:00Z,2026-06-01T12:30:00+0200,60.12,EUR/MWh,BE,BE,imbalance_price,Short,2026-06-20T12:20:56Z
2026-06-20T12:18:09Z,2026-06-20T14:18:09+0200,4bddbab4-20af-41f1-90cc-d649ae7f214d,2026-06-01T10:45:00Z,2026-06-01T12:45:00+0200,63.06,EUR/MWh,BE,BE,imbalance_price,Long,2026-06-20T12:20:56Z
2026-06-20T12:18:09Z,2026-06-20T14:18:09+0200,4bddbab4-20af-41f1-90cc-d649ae7f214d,2026-06-01T10:45:00Z,2026-06-01T12:45:00+0200,63.06,EUR/MWh,BE,BE,imbalance_price,Short,2026-06-20T12:20:56Z
2026-06-20T12:18:09Z,2026-06-20T14:18:09+0200,4bddbab4-20af-41f1-90cc-d649ae7f214d,2026-06-01T11:00:00Z,2026-06-01T13:00:00+0200,110.47,EUR/MWh,BE,BE,imbalance_price,Long,2026-06-20T12:20:56Z
2026-06-20T12:18:09Z,2026-06-20T14:18:09+0200,4bddbab4-20af-41f1-90cc-d649ae7f214d,2026-06-01T11:00:00Z,2026-06-01T13:00:00+0200,110.47,EUR/MWh,BE,BE,imbalance_price,Short,2026-06-20T12:20:56Z
2026-06-20T12:18:09Z,2026-06-20T14:18:09+0200,4bddbab4-20af-41f1-90cc-d649ae7f214d,2026-06-01T11:15:00Z,2026-06-01T13:15:00+0200,34.05,EUR/MWh,BE,BE,imbalance_price,Long,2026-06-20T12:20:56Z
2026-06-20T12:18:09Z,2026-06-20T14:18:09+0200,4bddbab4-20af-41f1-90cc-d649ae7f214d,2026-06-01T11:15:00Z,2026-06-01T13:15:00+0200,34.05,EUR/MWh,BE,BE,imbalance_price,Short,2026-06-20T12:20:56Z
2026-06-20T12:18:09Z,2026-06-20T14:18:09+0200,4bddbab4-20af-41f1-90cc-d649ae7f214d,2026-06-01T11:30:00Z,2026-06-01T13:30:00+0200,26.16,EUR/MWh,BE,BE,imbalance_price,Long,2026-06-20T12:20:56Z
2026-06-20T12:18:09Z,2026-06-20T14:18:09+0200,4bddbab4-20af-41f1-90cc-d649ae7f214d,2026-06-01T11:30:00Z,2026-06-01T13:30:00+0200,26.16,EUR/MWh,BE,BE,imbalance_price,Short,2026-06-20T12:20:56Z
2026-06-20T12:18:09Z,2026-06-20T14:18:09+0200,4bddbab4-20af-41f1-90cc-d649ae7f214d,2026-06-01T11:45:00Z,2026-06-01T13:45:00+0200,-31.72,EUR/MWh,BE,BE,imbalance_price,Long,2026-06-20T12:20:56Z
2026-06-20T12:18:09Z,2026-06-20T14:18:09+0200,4bddbab4-20af-41f1-90cc-d649ae7f214d,2026-06-01T11:45:00Z,2026-06-01T13:45:00+0200,-31.72,EUR/MWh,BE,BE,imbalance_price,Short,2026-06-20T12:20:56Z
2026-06-20T12:18:09Z,2026-06-20T14:18:09+0200,4bddbab4-20af-41f1-90cc-d649ae7f214d,2026-06-01T12:00:00Z,2026-06-01T14:00:00+0200,-12.13,EUR/MWh,BE,BE,imbalance_price,Long,2026-06-20T12:20:56Z
2026-06-20T12:18:09Z,2026-06-20T14:18:09+0200,4bddbab4-20af-41f1-90cc-d649ae7f214d,2026-06-01T12:00:00Z,2026-06-01T14:00:00+0200,-12.13,EUR/MWh,BE,BE,imbalance_price,Short,2026-06-20T12:20:56Z
2026-06-20T12:18:09Z,2026-06-20T14:18:09+0200,4bddbab4-20af-41f1-90cc-d649ae7f214d,2026-06-01T12:15:00Z,2026-06-01T14:15:00+0200,-85.52,EUR/MWh,BE,BE,imbalance_price,Long,2026-06-20T12:20:56Z
2026-06-20T12:18:09Z,2026-06-20T14:18:09+0200,4bddbab4-20af-41f1-90cc-d649ae7f214d,2026-06-01T12:15:00Z,2026-06-01T14:15:00+0200,-85.52,EUR/MWh,BE,BE,imbalance_price,Short,2026-06-20T12:20:56Z
2026-06-20T12:18:09Z,2026-06-20T14:18:09+0200,4bddbab4-20af-41f1-90cc-d649ae7f214d,2026-06-01T12:30:00Z,2026-06-01T14:30:00+0200,-12.0,EUR/MWh,BE,BE,imbalance_price,Long,2026-06-20T12:20:56Z
2026-06-20T12:18:09Z,2026-06-20T14:18:09+0200,4bddbab4-20af-41f1-90cc-d649ae7f214d,2026-06-01T12:30:00Z,2026-06-01T14:30:00+0200,-12.0,EUR/MWh,BE,BE,imbalance_price,Short,2026-06-20T12:20:56Z
2026-06-20T12:18:09Z,2026-06-20T14:18:09+0200,4bddbab4-20af-41f1-90cc-d649ae7f214d,2026-06-01T12:45:00Z,2026-06-01T14:45:00+0200,25.15,EUR/MWh,BE,BE,imbalance_price,Long,2026-06-20T12:20:56Z
2026-06-20T12:18:09Z,2026-06-20T14:18:09+0200,4bddbab4-20af-41f1-90cc-d649ae7f214d,2026-06-01T12:45:00Z,2026-06-01T14:45:00+0200,25.15,EUR/MWh,BE,BE,imbalance_price,Short,2026-06-20T12:20:56Z
2026-06-20T12:18:09Z,2026-06-20T14:18:09+0200,4bddbab4-20af-41f1-90cc-d649ae7f214d,2026-06-01T13:00:00Z,2026-06-01T15:00:00+0200,45.38,EUR/MWh,BE,BE,imbalance_price,Long,2026-06-20T12:20:56Z
2026-06-20T12:18:09Z,2026-06-20T14:18:09+0200,4bddbab4-20af-41f1-90cc-d649ae7f214d,2026-06-01T13:00:00Z,2026-06-01T15:00:00+0200,45.38,EUR/MWh,BE,BE,imbalance_price,Short,2026-06-20T12:20:56Z
2026-06-20T12:18:09Z,2026-06-20T14:18:09+0200,4bddbab4-20af-41f1-90cc-d649ae7f214d,2026-06-01T13:15:00Z,2026-06-01T15:15:00+0200,54.27,EUR/MWh,BE,BE,imbalance_price,Long,2026-06-20T12:20:56Z
2026-06-20T12:18:09Z,2026-06-20T14:18:09+0200,4bddbab4-20af-41f1-90cc-d649ae7f214d,2026-06-01T13:15:00Z,2026-06-01T15:15:00+0200,54.27,EUR/MWh,BE,BE,imbalance_price,Short,2026-06-20T12:20:56Z
2026-06-20T12:18:09Z,2026-06-20T14:18:09+0200,4bddbab4-20af-41f1-90cc-d649ae7f214d,2026-06-01T13:30:00Z,2026-06-01T15:30:00+0200,12.81,EUR/MWh,BE,BE,imbalance_price,Long,2026-06-20T12:20:56Z
2026-06-20T12:18:09Z,2026-06-20T14:18:09+0200,4bddbab4-20af-41f1-90cc-d649ae7f214d,2026-06-01T13:30:00Z,2026-06-01T15:30:00+0200,12.81,EUR/MWh,BE,BE,imbalance_price,Short,2026-06-20T12:20:56Z
2026-06-20T12:18:09Z,2026-06-20T14:18:09+0200,4bddbab4-20af-41f1-90cc-d649ae7f214d,2026-06-01T13:45:00Z,2026-06-01T15:45:00+0200,-31.48,EUR/MWh,BE,BE,imbalance_price,Long,2026-06-20T12:20:56Z
2026-06-20T12:18:09Z,2026-06-20T14:18:09+0200,4bddbab4-20af-41f1-90cc-d649ae7f214d,2026-06-01T13:45:00Z,2026-06-01T15:45:00+0200,-31.48,EUR/MWh,BE,BE,imbalance_price,Short,2026-06-20T12:20:56Z
2026-06-20T12:18:09Z,2026-06-20T14:18:09+0200,4bddbab4-20af-41f1-90cc-d649ae7f214d,2026-06-01T14:00:00Z,2026-06-01T16:00:00+0200,-24.08,EUR/MWh,BE,BE,imbalance_price,Long,2026-06-20T12:20:56Z
2026-06-20T12:18:09Z,2026-06-20T14:18:09+0200,4bddbab4-20af-41f1-90cc-d649ae7f214d,2026-06-01T14:00:00Z,2026-06-01T16:00:00+0200,-24.08,EUR/MWh,BE,BE,imbalance_price,Short,2026-06-20T12:20:56Z
2026-06-20T12:18:09Z,2026-06-20T14:18:09+0200,4bddbab4-20af-41f1-90cc-d649ae7f214d,2026-06-01T14:15:00Z,2026-06-01T16:15:00+0200,-17.17,EUR/MWh,BE,BE,imbalance_price,Long,2026-06-20T12:20:56Z
2026-06-20T12:18:09Z,2026-06-20T14:18:09+0200,4bddbab4-20af-41f1-90cc-d649ae7f214d,2026-06-01T14:15:00Z,2026-06-01T16:15:00+0200,-17.17,EUR/MWh,BE,BE,imbalance_price,Short,2026-06-20T12:20:56Z
2026-06-20T12:18:09Z,2026-06-20T14:18:09+0200,4bddbab4-20af-41f1-90cc-d649ae7f214d,2026-06-01T14:30:00Z,2026-06-01T16:30:00+0200,36.09,EUR/MWh,BE,BE,imbalance_price,Long,2026-06-20T12:20:56Z
2026-06-20T12:18:09Z,2026-06-20T14:18:09+0200,4bddbab4-20af-41f1-90cc-d649ae7f214d,2026-06-01T14:30:00Z,2026-06-01T16:30:00+0200,36.09,EUR/MWh,BE,BE,imbalance_price,Short,2026-06-20T12:20:56Z
2026-06-20T12:18:09Z,2026-06-20T14:18:09+0200,4bddbab4-20af-41f1-90cc-d649ae7f214d,2026-06-01T14:45:00Z,2026-06-01T16:45:00+0200,39.52,EUR/MWh,BE,BE,imbalance_price,Long,2026-06-20T12:20:56Z
2026-06-20T12:18:09Z,2026-06-20T14:18:09+0200,4bddbab4-20af-41f1-90cc-d649ae7f214d,2026-06-01T14:45:00Z,2026-06-01T16:45:00+0200,39.52,EUR/MWh,BE,BE,imbalance_price,Short,2026-06-20T12:20:56Z
2026-06-20T12:18:09Z,2026-06-20T14:18:09+0200,4bddbab4-20af-41f1-90cc-d649ae7f214d,2026-06-01T15:00:00Z,2026-06-01T17:00:00+0200,75.16,EUR/MWh,BE,BE,imbalance_price,Long,2026-06-20T12:20:56Z
2026-06-20T12:18:09Z,2026-06-20T14:18:09+0200,4bddbab4-20af-41f1-90cc-d649ae7f214d,2026-06-01T15:00:00Z,2026-06-01T17:00:00+0200,75.16,EUR/MWh,BE,BE,imbalance_price,Short,2026-06-20T12:20:56Z
2026-06-20T12:18:09Z,2026-06-20T14:18:09+0200,4bddbab4-20af-41f1-90cc-d649ae7f214d,2026-06-01T15:15:00Z,2026-06-01T17:15:00+0200,131.25,EUR/MWh,BE,BE,imbalance_price,Long,2026-06-20T12:20:56Z
2026-06-20T12:18:09Z,2026-06-20T14:18:09+0200,4bddbab4-20af-41f1-90cc-d649ae7f214d,2026-06-01T15:15:00Z,2026-06-01T17:15:00+0200,131.25,EUR/MWh,BE,BE,imbalance_price,Short,2026-06-20T12:20:56Z
2026-06-20T12:18:09Z,2026-06-20T14:18:09+0200,4bddbab4-20af-41f1-90cc-d649ae7f214d,2026-06-01T15:30:00Z,2026-06-01T17:30:00+0200,131.64,EUR/MWh,BE,BE,imbalance_price,Long,2026-06-20T12:20:56Z
2026-06-20T12:18:09Z,2026-06-20T14:18:09+0200,4bddbab4-20af-41f1-90cc-d649ae7f214d,2026-06-01T15:30:00Z,2026-06-01T17:30:00+0200,131.64,EUR/MWh,BE,BE,imbalance_price,Short,2026-06-20T12:20:56Z
2026-06-20T12:18:09Z,2026-06-20T14:18:09+0200,4bddbab4-20af-41f1-90cc-d649ae7f214d,2026-06-01T15:45:00Z,2026-06-01T17:45:00+0200,81.13,EUR/MWh,BE,BE,imbalance_price,Long,2026-06-20T12:20:56Z
2026-06-20T12:18:09Z,2026-06-20T14:18:09+0200,4bddbab4-20af-41f1-90cc-d649ae7f214d,2026-06-01T15:45:00Z,2026-06-01T17:45:00+0200,81.13,EUR/MWh,BE,BE,imbalance_price,Short,2026-06-20T12:20:56Z
2026-06-20T12:18:09Z,2026-06-20T14:18:09+0200,4bddbab4-20af-41f1-90cc-d649ae7f214d,2026-06-01T16:00:00Z,2026-06-01T18:00:00+0200,48.77,EUR/MWh,BE,BE,imbalance_price,Long,2026-06-20T12:20:56Z
2026-06-20T12:18:09Z,2026-06-20T14:18:09+0200,4bddbab4-20af-41f1-90cc-d649ae7f214d,2026-06-01T16:00:00Z,2026-06-01T18:00:00+0200,48.77,EUR/MWh,BE,BE,imbalance_price,Short,2026-06-20T12:20:56Z
2026-06-20T12:18:09Z,2026-06-20T14:18:09+0200,4bddbab4-20af-41f1-90cc-d649ae7f214d,2026-06-01T16:15:00Z,2026-06-01T18:15:00+0200,62.7,EUR/MWh,BE,BE,imbalance_price,Long,2026-06-20T12:20:56Z
2026-06-20T12:18:09Z,2026-06-20T14:18:09+0200,4bddbab4-20af-41f1-90cc-d649ae7f214d,2026-06-01T16:15:00Z,2026-06-01T18:15:00+0200,62.7,EUR/MWh,BE,BE,imbalance_price,Short,2026-06-20T12:20:56Z
2026-06-20T12:18:09Z,2026-06-20T14:18:09+0200,4bddbab4-20af-41f1-90cc-d649ae7f214d,2026-06-01T16:30:00Z,2026-06-01T18:30:00+0200,32.32,EUR/MWh,BE,BE,imbalance_price,Long,2026-06-20T12:20:56Z
2026-06-20T12:18:09Z,2026-06-20T14:18:09+0200,4bddbab4-20af-41f1-90cc-d649ae7f214d,2026-06-01T16:30:00Z,2026-06-01T18:30:00+0200,32.32,EUR/MWh,BE,BE,imbalance_price,Short,2026-06-20T12:20:56Z
2026-06-20T12:18:09Z,2026-06-20T14:18:09+0200,4bddbab4-20af-41f1-90cc-d649ae7f214d,2026-06-01T16:45:00Z,2026-06-01T18:45:00+0200,86.08,EUR/MWh,BE,BE,imbalance_price,Long,2026-06-20T12:20:56Z
2026-06-20T12:18:09Z,2026-06-20T14:18:09+0200,4bddbab4-20af-41f1-90cc-d649ae7f214d,2026-06-01T16:45:00Z,2026-06-01T18:45:00+0200,86.08,EUR/MWh,BE,BE,imbalance_price,Short,2026-06-20T12:20:56Z
2026-06-20T12:18:09Z,2026-06-20T14:18:09+0200,4bddbab4-20af-41f1-90cc-d649ae7f214d,2026-06-01T17:00:00Z,2026-06-01T19:00:00+0200,35.08,EUR/MWh,BE,BE,imbalance_price,Long,2026-06-20T12:20:56Z
2026-06-20T12:18:09Z,2026-06-20T14:18:09+0200,4bddbab4-20af-41f1-90cc-d649ae7f214d,2026-06-01T17:00:00Z,2026-06-01T19:00:00+0200,35.08,EUR/MWh,BE,BE,imbalance_price,Short,2026-06-20T12:20:56Z
2026-06-20T12:18:09Z,2026-06-20T14:18:09+0200,4bddbab4-20af-41f1-90cc-d649ae7f214d,2026-06-01T17:15:00Z,2026-06-01T19:15:00+0200,122.09,EUR/MWh,BE,BE,imbalance_price,Long,2026-06-20T12:20:56Z
2026-06-20T12:18:09Z,2026-06-20T14:18:09+0200,4bddbab4-20af-41f1-90cc-d649ae7f214d,2026-06-01T17:15:00Z,2026-06-01T19:15:00+0200,122.09,EUR/MWh,BE,BE,imbalance_price,Short,2026-06-20T12:20:56Z
2026-06-20T12:18:09Z,2026-06-20T14:18:09+0200,4bddbab4-20af-41f1-90cc-d649ae7f214d,2026-06-01T17:30:00Z,2026-06-01T19:30:00+0200,172.18,EUR/MWh,BE,BE,imbalance_price,Long,2026-06-20T12:20:56Z
2026-06-20T12:18:09Z,2026-06-20T14:18:09+0200,4bddbab4-20af-41f1-90cc-d649ae7f214d,2026-06-01T17:30:00Z,2026-06-01T19:30:00+0200,172.18,EUR/MWh,BE,BE,imbalance_price,Short,2026-06-20T12:20:56Z
2026-06-20T12:18:09Z,2026-06-20T14:18:09+0200,4bddbab4-20af-41f1-90cc-d649ae7f214d,2026-06-01T17:45:00Z,2026-06-01T19:45:00+0200,106.1,EUR/MWh,BE,BE,imbalance_price,Long,2026-06-20T12:20:56Z
2026-06-20T12:18:09Z,2026-06-20T14:18:09+0200,4bddbab4-20af-41f1-90cc-d649ae7f214d,2026-06-01T17:45:00Z,2026-06-01T19:45:00+0200,106.1,EUR/MWh,BE,BE,imbalance_price,Short,2026-06-20T12:20:56Z
2026-06-20T12:18:09Z,2026-06-20T14:18:09+0200,4bddbab4-20af-41f1-90cc-d649ae7f214d,2026-06-01T18:00:00Z,2026-06-01T20:00:00+0200,112.55,EUR/MWh,BE,BE,imbalance_price,Long,2026-06-20T12:20:56Z
2026-06-20T12:18:09Z,2026-06-20T14:18:09+0200,4bddbab4-20af-41f1-90cc-d649ae7f214d,2026-06-01T18:00:00Z,2026-06-01T20:00:00+0200,112.55,EUR/MWh,BE,BE,imbalance_price,Short,2026-06-20T12:20:56Z
2026-06-20T12:18:09Z,2026-06-20T14:18:09+0200,4bddbab4-20af-41f1-90cc-d649ae7f214d,2026-06-01T18:15:00Z,2026-06-01T20:15:00+0200,105.6,EUR/MWh,BE,BE,imbalance_price,Long,2026-06-20T12:20:56Z
2026-06-20T12:18:09Z,2026-06-20T14:18:09+0200,4bddbab4-20af-41f1-90cc-d649ae7f214d,2026-06-01T18:15:00Z,2026-06-01T20:15:00+0200,105.6,EUR/MWh,BE,BE,imbalance_price,Short,2026-06-20T12:20:56Z
2026-06-20T12:18:09Z,2026-06-20T14:18:09+0200,4bddbab4-20af-41f1-90cc-d649ae7f214d,2026-06-01T18:30:00Z,2026-06-01T20:30:00+0200,139.97,EUR/MWh,BE,BE,imbalance_price,Long,2026-06-20T12:20:56Z
2026-06-20T12:18:09Z,2026-06-20T14:18:09+0200,4bddbab4-20af-41f1-90cc-d649ae7f214d,2026-06-01T18:30:00Z,2026-06-01T20:30:00+0200,139.97,EUR/MWh,BE,BE,imbalance_price,Short,2026-06-20T12:20:56Z
2026-06-20T12:18:09Z,2026-06-20T14:18:09+0200,4bddbab4-20af-41f1-90cc-d649ae7f214d,2026-06-01T18:45:00Z,2026-06-01T20:45:00+0200,169.68,EUR/MWh,BE,BE,imbalance_price,Long,2026-06-20T12:20:56Z
2026-06-20T12:18:09Z,2026-06-20T14:18:09+0200,4bddbab4-20af-41f1-90cc-d649ae7f214d,2026-06-01T18:45:00Z,2026-06-01T20:45:00+0200,169.68,EUR/MWh,BE,BE,imbalance_price,Short,2026-06-20T12:20:56Z
2026-06-20T12:18:09Z,2026-06-20T14:18:09+0200,4bddbab4-20af-41f1-90cc-d649ae7f214d,2026-06-01T19:00:00Z,2026-06-01T21:00:00+0200,146.92,EUR/MWh,BE,BE,imbalance_price,Long,2026-06-20T12:20:56Z
2026-06-20T12:18:09Z,2026-06-20T14:18:09+0200,4bddbab4-20af-41f1-90cc-d649ae7f214d,2026-06-01T19:00:00Z,2026-06-01T21:00:00+0200,146.92,EUR/MWh,BE,BE,imbalance_price,Short,2026-06-20T12:20:56Z
2026-06-20T12:18:09Z,2026-06-20T14:18:09+0200,4bddbab4-20af-41f1-90cc-d649ae7f214d,2026-06-01T19:15:00Z,2026-06-01T21:15:00+0200,146.0,EUR/MWh,BE,BE,imbalance_price,Long,2026-06-20T12:20:56Z
2026-06-20T12:18:09Z,2026-06-20T14:18:09+0200,4bddbab4-20af-41f1-90cc-d649ae7f214d,2026-06-01T19:15:00Z,2026-06-01T21:15:00+0200,146.0,EUR/MWh,BE,BE,imbalance_price,Short,2026-06-20T12:20:56Z
2026-06-20T12:18:09Z,2026-06-20T14:18:09+0200,4bddbab4-20af-41f1-90cc-d649ae7f214d,2026-06-01T19:30:00Z,2026-06-01T21:30:00+0200,158.03,EUR/MWh,BE,BE,imbalance_price,Long,2026-06-20T12:20:56Z
2026-06-20T12:18:09Z,2026-06-20T14:18:09+0200,4bddbab4-20af-41f1-90cc-d649ae7f214d,2026-06-01T19:30:00Z,2026-06-01T21:30:00+0200,158.03,EUR/MWh,BE,BE,imbalance_price,Short,2026-06-20T12:20:56Z
2026-06-20T12:18:09Z,2026-06-20T14:18:09+0200,4bddbab4-20af-41f1-90cc-d649ae7f214d,2026-06-01T19:45:00Z,2026-06-01T21:45:00+0200,153.04,EUR/MWh,BE,BE,imbalance_price,Long,2026-06-20T12:20:56Z
2026-06-20T12:18:09Z,2026-06-20T14:18:09+0200,4bddbab4-20af-41f1-90cc-d649ae7f214d,2026-06-01T19:45:00Z,2026-06-01T21:45:00+0200,153.04,EUR/MWh,BE,BE,imbalance_price,Short,2026-06-20T12:20:56Z
2026-06-20T12:18:09Z,2026-06-20T14:18:09+0200,4bddbab4-20af-41f1-90cc-d649ae7f214d,2026-06-01T20:00:00Z,2026-06-01T22:00:00+0200,164.74,EUR/MWh,BE,BE,imbalance_price,Long,2026-06-20T12:20:56Z
2026-06-20T12:18:09Z,2026-06-20T14:18:09+0200,4bddbab4-20af-41f1-90cc-d649ae7f214d,2026-06-01T20:00:00Z,2026-06-01T22:00:00+0200,164.74,EUR/MWh,BE,BE,imbalance_price,Short,2026-06-20T12:20:56Z
2026-06-20T12:18:09Z,2026-06-20T14:18:09+0200,4bddbab4-20af-41f1-90cc-d649ae7f214d,2026-06-01T20:15:00Z,2026-06-01T22:15:00+0200,161.75,EUR/MWh,BE,BE,imbalance_price,Long,2026-06-20T12:20:56Z
2026-06-20T12:18:09Z,2026-06-20T14:18:09+0200,4bddbab4-20af-41f1-90cc-d649ae7f214d,2026-06-01T20:15:00Z,2026-06-01T22:15:00+0200,161.75,EUR/MWh,BE,BE,imbalance_price,Short,2026-06-20T12:20:56Z
2026-06-20T12:18:09Z,2026-06-20T14:18:09+0200,4bddbab4-20af-41f1-90cc-d649ae7f214d,2026-06-01T20:30:00Z,2026-06-01T22:30:00+0200,153.62,EUR/MWh,BE,BE,imbalance_price,Long,2026-06-20T12:20:56Z
2026-06-20T12:18:09Z,2026-06-20T14:18:09+0200,4bddbab4-20af-41f1-90cc-d649ae7f214d,2026-06-01T20:30:00Z,2026-06-01T22:30:00+0200,153.62,EUR/MWh,BE,BE,imbalance_price,Short,2026-06-20T12:20:56Z
2026-06-20T12:18:09Z,2026-06-20T14:18:09+0200,4bddbab4-20af-41f1-90cc-d649ae7f214d,2026-06-01T20:45:00Z,2026-06-01T22:45:00+0200,131.79,EUR/MWh,BE,BE,imbalance_price,Long,2026-06-20T12:20:56Z
2026-06-20T12:18:09Z,2026-06-20T14:18:09+0200,4bddbab4-20af-41f1-90cc-d649ae7f214d,2026-06-01T20:45:00Z,2026-06-01T22:45:00+0200,131.79,EUR/MWh,BE,BE,imbalance_price,Short,2026-06-20T12:20:56Z
2026-06-20T12:18:09Z,2026-06-20T14:18:09+0200,4bddbab4-20af-41f1-90cc-d649ae7f214d,2026-06-01T21:00:00Z,2026-06-01T23:00:00+0200,108.04,EUR/MWh,BE,BE,imbalance_price,Long,2026-06-20T12:20:56Z
2026-06-20T12:18:09Z,2026-06-20T14:18:09+0200,4bddbab4-20af-41f1-90cc-d649ae7f214d,2026-06-01T21:00:00Z,2026-06-01T23:00:00+0200,108.04,EUR/MWh,BE,BE,imbalance_price,Short,2026-06-20T12:20:56Z
2026-06-20T12:18:09Z,2026-06-20T14:18:09+0200,4bddbab4-20af-41f1-90cc-d649ae7f214d,2026-06-01T21:15:00Z,2026-06-01T23:15:00+0200,113.43,EUR/MWh,BE,BE,imbalance_price,Long,2026-06-20T12:20:56Z
2026-06-20T12:18:09Z,2026-06-20T14:18:09+0200,4bddbab4-20af-41f1-90cc-d649ae7f214d,2026-06-01T21:15:00Z,2026-06-01T23:15:00+0200,113.43,EUR/MWh,BE,BE,imbalance_price,Short,2026-06-20T12:20:56Z
2026-06-20T12:18:09Z,2026-06-20T14:18:09+0200,4bddbab4-20af-41f1-90cc-d649ae7f214d,2026-06-01T21:30:00Z,2026-06-01T23:30:00+0200,109.17,EUR/MWh,BE,BE,imbalance_price,Long,2026-06-20T12:20:56Z
2026-06-20T12:18:09Z,2026-06-20T14:18:09+0200,4bddbab4-20af-41f1-90cc-d649ae7f214d,2026-06-01T21:30:00Z,2026-06-01T23:30:00+0200,109.17,EUR/MWh,BE,BE,imbalance_price,Short,2026-06-20T12:20:56Z
2026-06-20T12:18:09Z,2026-06-20T14:18:09+0200,4bddbab4-20af-41f1-90cc-d649ae7f214d,2026-06-01T21:45:00Z,2026-06-01T23:45:00+0200,100.07,EUR/MWh,BE,BE,imbalance_price,Long,2026-06-20T12:20:56Z
2026-06-20T12:18:09Z,2026-06-20T14:18:09+0200,4bddbab4-20af-41f1-90cc-d649ae7f214d,2026-06-01T21:45:00Z,2026-06-01T23:45:00+0200,100.07,EUR/MWh,BE,BE,imbalance_price,Short,2026-06-20T12:20:56Z
2026-06-20T12:18:09Z,2026-06-20T14:18:09+0200,4bddbab4-20af-41f1-90cc-d649ae7f214d,2026-06-01T22:00:00Z,2026-06-02T00:00:00+0200,171.95,EUR/MWh,BE,BE,imbalance_price,Long,2026-06-20T12:20:56Z
2026-06-20T12:18:09Z,2026-06-20T14:18:09+0200,4bddbab4-20af-41f1-90cc-d649ae7f214d,2026-06-01T22:00:00Z,2026-06-02T00:00:00+0200,171.95,EUR/MWh,BE,BE,imbalance_price,Short,2026-06-20T12:20:56Z
2026-06-20T12:18:09Z,2026-06-20T14:18:09+0200,4bddbab4-20af-41f1-90cc-d649ae7f214d,2026-06-01T22:15:00Z,2026-06-02T00:15:00+0200,167.87,EUR/MWh,BE,BE,imbalance_price,Long,2026-06-20T12:20:56Z
2026-06-20T12:18:09Z,2026-06-20T14:18:09+0200,4bddbab4-20af-41f1-90cc-d649ae7f214d,2026-06-01T22:15:00Z,2026-06-02T00:15:00+0200,167.87,EUR/MWh,BE,BE,imbalance_price,Short,2026-06-20T12:20:56Z
2026-06-20T12:18:09Z,2026-06-20T14:18:09+0200,4bddbab4-20af-41f1-90cc-d649ae7f214d,2026-06-01T22:30:00Z,2026-06-02T00:30:00+0200,131.92,EUR/MWh,BE,BE,imbalance_price,Long,2026-06-20T12:20:56Z
2026-06-20T12:18:09Z,2026-06-20T14:18:09+0200,4bddbab4-20af-41f1-90cc-d649ae7f214d,2026-06-01T22:30:00Z,2026-06-02T00:30:00+0200,131.92,EUR/MWh,BE,BE,imbalance_price,Short,2026-06-20T12:20:56Z
2026-06-20T12:18:09Z,2026-06-20T14:18:09+0200,4bddbab4-20af-41f1-90cc-d649ae7f214d,2026-06-01T22:45:00Z,2026-06-02T00:45:00+0200,130.25,EUR/MWh,BE,BE,imbalance_price,Long,2026-06-20T12:20:56Z
2026-06-20T12:18:09Z,2026-06-20T14:18:09+0200,4bddbab4-20af-41f1-90cc-d649ae7f214d,2026-06-01T22:45:00Z,2026-06-02T00:45:00+0200,130.25,EUR/MWh,BE,BE,imbalance_price,Short,2026-06-20T12:20:56Z
2026-06-20T12:18:09Z,2026-06-20T14:18:09+0200,4bddbab4-20af-41f1-90cc-d649ae7f214d,2026-06-01T23:00:00Z,2026-06-02T01:00:00+0200,151.2,EUR/MWh,BE,BE,imbalance_price,Long,2026-06-20T12:20:56Z
2026-06-20T12:18:09Z,2026-06-20T14:18:09+0200,4bddbab4-20af-41f1-90cc-d649ae7f214d,2026-06-01T23:00:00Z,2026-06-02T01:00:00+0200,151.2,EUR/MWh,BE,BE,imbalance_price,Short,2026-06-20T12:20:56Z
2026-06-20T12:18:09Z,2026-06-20T14:18:09+0200,4bddbab4-20af-41f1-90cc-d649ae7f214d,2026-06-01T23:15:00Z,2026-06-02T01:15:00+0200,173.93,EUR/MWh,BE,BE,imbalance_price,Long,2026-06-20T12:20:56Z
2026-06-20T12:18:09Z,2026-06-20T14:18:09+0200,4bddbab4-20af-41f1-90cc-d649ae7f214d,2026-06-01T23:15:00Z,2026-06-02T01:15:00+0200,173.93,EUR/MWh,BE,BE,imbalance_price,Short,2026-06-20T12:20:56Z
2026-06-20T12:18:09Z,2026-06-20T14:18:09+0200,4bddbab4-20af-41f1-90cc-d649ae7f214d,2026-06-01T23:30:00Z,2026-06-02T01:30:00+0200,162.03,EUR/MWh,BE,BE,imbalance_price,Long,2026-06-20T12:20:56Z
2026-06-20T12:18:09Z,2026-06-20T14:18:09+0200,4bddbab4-20af-41f1-90cc-d649ae7f214d,2026-06-01T23:30:00Z,2026-06-02T01:30:00+0200,162.03,EUR/MWh,BE,BE,imbalance_price,Short,2026-06-20T12:20:56Z
2026-06-20T12:18:09Z,2026-06-20T14:18:09+0200,4bddbab4-20af-41f1-90cc-d649ae7f214d,2026-06-01T23:45:00Z,2026-06-02T01:45:00+0200,174.62,EUR/MWh,BE,BE,imbalance_price,Long,2026-06-20T12:20:56Z
2026-06-20T12:18:09Z,2026-06-20T14:18:09+0200,4bddbab4-20af-41f1-90cc-d649ae7f214d,2026-06-01T23:45:00Z,2026-06-02T01:45:00+0200,174.62,EUR/MWh,BE,BE,imbalance_price,Short,2026-06-20T12:20:56Z
2026-06-20T12:18:09Z,2026-06-20T14:18:09+0200,4bddbab4-20af-41f1-90cc-d649ae7f214d,2026-06-02T00:00:00Z,2026-06-02T02:00:00+0200,175.99,EUR/MWh,BE,BE,imbalance_price,Long,2026-06-20T12:20:56Z
2026-06-20T12:18:09Z,2026-06-20T14:18:09+0200,4bddbab4-20af-41f1-90cc-d649ae7f214d,2026-06-02T00:00:00Z,2026-06-02T02:00:00+0200,175.99,EUR/MWh,BE,BE,imbalance_price,Short,2026-06-20T12:20:56Z
2026-06-20T12:18:09Z,2026-06-20T14:18:09+0200,4bddbab4-20af-41f1-90cc-d649ae7f214d,2026-06-02T00:15:00Z,2026-06-02T02:15:00+0200,169.56,EUR/MWh,BE,BE,imbalance_price,Long,2026-06-20T12:20:56Z
2026-06-20T12:18:09Z,2026-06-20T14:18:09+0200,4bddbab4-20af-41f1-90cc-d649ae7f214d,2026-06-02T00:15:00Z,2026-06-02T02:15:00+0200,169.56,EUR/MWh,BE,BE,imbalance_price,Short,2026-06-20T12:20:56Z
2026-06-20T12:18:09Z,2026-06-20T14:18:09+0200,4bddbab4-20af-41f1-90cc-d649ae7f214d,2026-06-02T00:30:00Z,2026-06-02T02:30:00+0200,150.28,EUR/MWh,BE,BE,imbalance_price,Long,2026-06-20T12:20:56Z
2026-06-20T12:18:09Z,2026-06-20T14:18:09+0200,4bddbab4-20af-41f1-90cc-d649ae7f214d,2026-06-02T00:30:00Z,2026-06-02T02:30:00+0200,150.28,EUR/MWh,BE,BE,imbalance_price,Short,2026-06-20T12:20:56Z
2026-06-20T12:18:09Z,2026-06-20T14:18:09+0200,4bddbab4-20af-41f1-90cc-d649ae7f214d,2026-06-02T00:45:00Z,2026-06-02T02:45:00+0200,144.04,EUR/MWh,BE,BE,imbalance_price,Long,2026-06-20T12:20:56Z
2026-06-20T12:18:09Z,2026-06-20T14:18:09+0200,4bddbab4-20af-41f1-90cc-d649ae7f214d,2026-06-02T00:45:00Z,2026-06-02T02:45:00+0200,144.04,EUR/MWh,BE,BE,imbalance_price,Short,2026-06-20T12:20:56Z
2026-06-20T12:18:09Z,2026-06-20T14:18:09+0200,4bddbab4-20af-41f1-90cc-d649ae7f214d,2026-06-02T01:00:00Z,2026-06-02T03:00:00+0200,127.8,EUR/MWh,BE,BE,imbalance_price,Long,2026-06-20T12:20:56Z
2026-06-20T12:18:09Z,2026-06-20T14:18:09+0200,4bddbab4-20af-41f1-90cc-d649ae7f214d,2026-06-02T01:00:00Z,2026-06-02T03:00:00+0200,127.8,EUR/MWh,BE,BE,imbalance_price,Short,2026-06-20T12:20:56Z
2026-06-20T12:18:09Z,2026-06-20T14:18:09+0200,4bddbab4-20af-41f1-90cc-d649ae7f214d,2026-06-02T01:15:00Z,2026-06-02T03:15:00+0200,131.13,EUR/MWh,BE,BE,imbalance_price,Long,2026-06-20T12:20:56Z
2026-06-20T12:18:09Z,2026-06-20T14:18:09+0200,4bddbab4-20af-41f1-90cc-d649ae7f214d,2026-06-02T01:15:00Z,2026-06-02T03:15:00+0200,131.13,EUR/MWh,BE,BE,imbalance_price,Short,2026-06-20T12:20:56Z
2026-06-20T12:18:09Z,2026-06-20T14:18:09+0200,4bddbab4-20af-41f1-90cc-d649ae7f214d,2026-06-02T01:30:00Z,2026-06-02T03:30:00+0200,132.33,EUR/MWh,BE,BE,imbalance_price,Long,2026-06-20T12:20:56Z
2026-06-20T12:18:09Z,2026-06-20T14:18:09+0200,4bddbab4-20af-41f1-90cc-d649ae7f214d,2026-06-02T01:30:00Z,2026-06-02T03:30:00+0200,132.33,EUR/MWh,BE,BE,imbalance_price,Short,2026-06-20T12:20:56Z
2026-06-20T12:18:09Z,2026-06-20T14:18:09+0200,4bddbab4-20af-41f1-90cc-d649ae7f214d,2026-06-02T01:45:00Z,2026-06-02T03:45:00+0200,128.61,EUR/MWh,BE,BE,imbalance_price,Long,2026-06-20T12:20:56Z
2026-06-20T12:18:09Z,2026-06-20T14:18:09+0200,4bddbab4-20af-41f1-90cc-d649ae7f214d,2026-06-02T01:45:00Z,2026-06-02T03:45:00+0200,128.61,EUR/MWh,BE,BE,imbalance_price,Short,2026-06-20T12:20:56Z
2026-06-20T12:18:09Z,2026-06-20T14:18:09+0200,4bddbab4-20af-41f1-90cc-d649ae7f214d,2026-06-02T02:00:00Z,2026-06-02T04:00:00+0200,122.37,EUR/MWh,BE,BE,imbalance_price,Long,2026-06-20T12:20:56Z
2026-06-20T12:18:09Z,2026-06-20T14:18:09+0200,4bddbab4-20af-41f1-90cc-d649ae7f214d,2026-06-02T02:00:00Z,2026-06-02T04:00:00+0200,122.37,EUR/MWh,BE,BE,imbalance_price,Short,2026-06-20T12:20:56Z
2026-06-20T12:18:09Z,2026-06-20T14:18:09+0200,4bddbab4-20af-41f1-90cc-d649ae7f214d,2026-06-02T02:15:00Z,2026-06-02T04:15:00+0200,126.81,EUR/MWh,BE,BE,imbalance_price,Long,2026-06-20T12:20:56Z
2026-06-20T12:18:09Z,2026-06-20T14:18:09+0200,4bddbab4-20af-41f1-90cc-d649ae7f214d,2026-06-02T02:15:00Z,2026-06-02T04:15:00+0200,126.81,EUR/MWh,BE,BE,imbalance_price,Short,2026-06-20T12:20:56Z
2026-06-20T12:18:09Z,2026-06-20T14:18:09+0200,4bddbab4-20af-41f1-90cc-d649ae7f214d,2026-06-02T02:30:00Z,2026-06-02T04:30:00+0200,131.74,EUR/MWh,BE,BE,imbalance_price,Long,2026-06-20T12:20:56Z
2026-06-20T12:18:09Z,2026-06-20T14:18:09+0200,4bddbab4-20af-41f1-90cc-d649ae7f214d,2026-06-02T02:30:00Z,2026-06-02T04:30:00+0200,131.74,EUR/MWh,BE,BE,imbalance_price,Short,2026-06-20T12:20:56Z
2026-06-20T12:18:09Z,2026-06-20T14:18:09+0200,4bddbab4-20af-41f1-90cc-d649ae7f214d,2026-06-02T02:45:00Z,2026-06-02T04:45:00+0200,140.0,EUR/MWh,BE,BE,imbalance_price,Long,2026-06-20T12:20:56Z
2026-06-20T12:18:09Z,2026-06-20T14:18:09+0200,4bddbab4-20af-41f1-90cc-d649ae7f214d,2026-06-02T02:45:00Z,2026-06-02T04:45:00+0200,140.0,EUR/MWh,BE,BE,imbalance_price,Short,2026-06-20T12:20:56Z
2026-06-20T12:18:09Z,2026-06-20T14:18:09+0200,4bddbab4-20af-41f1-90cc-d649ae7f214d,2026-06-02T03:00:00Z,2026-06-02T05:00:00+0200,140.0,EUR/MWh,BE,BE,imbalance_price,Long,2026-06-20T12:20:56Z
2026-06-20T12:18:09Z,2026-06-20T14:18:09+0200,4bddbab4-20af-41f1-90cc-d649ae7f214d,2026-06-02T03:00:00Z,2026-06-02T05:00:00+0200,140.0,EUR/MWh,BE,BE,imbalance_price,Short,2026-06-20T12:20:56Z
2026-06-20T12:18:09Z,2026-06-20T14:18:09+0200,4bddbab4-20af-41f1-90cc-d649ae7f214d,2026-06-02T03:15:00Z,2026-06-02T05:15:00+0200,114.52,EUR/MWh,BE,BE,imbalance_price,Long,2026-06-20T12:20:56Z
2026-06-20T12:18:09Z,2026-06-20T14:18:09+0200,4bddbab4-20af-41f1-90cc-d649ae7f214d,2026-06-02T03:15:00Z,2026-06-02T05:15:00+0200,114.52,EUR/MWh,BE,BE,imbalance_price,Short,2026-06-20T12:20:56Z
2026-06-20T12:18:09Z,2026-06-20T14:18:09+0200,4bddbab4-20af-41f1-90cc-d649ae7f214d,2026-06-02T03:30:00Z,2026-06-02T05:30:00+0200,140.0,EUR/MWh,BE,BE,imbalance_price,Long,2026-06-20T12:20:56Z
2026-06-20T12:18:09Z,2026-06-20T14:18:09+0200,4bddbab4-20af-41f1-90cc-d649ae7f214d,2026-06-02T03:30:00Z,2026-06-02T05:30:00+0200,140.0,EUR/MWh,BE,BE,imbalance_price,Short,2026-06-20T12:20:56Z
2026-06-20T12:18:09Z,2026-06-20T14:18:09+0200,4bddbab4-20af-41f1-90cc-d649ae7f214d,2026-06-02T03:45:00Z,2026-06-02T05:45:00+0200,145.33,EUR/MWh,BE,BE,imbalance_price,Long,2026-06-20T12:20:56Z
2026-06-20T12:18:09Z,2026-06-20T14:18:09+0200,4bddbab4-20af-41f1-90cc-d649ae7f214d,2026-06-02T03:45:00Z,2026-06-02T05:45:00+0200,145.33,EUR/MWh,BE,BE,imbalance_price,Short,2026-06-20T12:20:56Z
2026-06-20T12:18:09Z,2026-06-20T14:18:09+0200,4bddbab4-20af-41f1-90cc-d649ae7f214d,2026-06-02T04:00:00Z,2026-06-02T06:00:00+0200,128.2,EUR/MWh,BE,BE,imbalance_price,Long,2026-06-20T12:20:56Z
2026-06-20T12:18:09Z,2026-06-20T14:18:09+0200,4bddbab4-20af-41f1-90cc-d649ae7f214d,2026-06-02T04:00:00Z,2026-06-02T06:00:00+0200,128.2,EUR/MWh,BE,BE,imbalance_price,Short,2026-06-20T12:20:56Z
2026-06-20T12:18:09Z,2026-06-20T14:18:09+0200,4bddbab4-20af-41f1-90cc-d649ae7f214d,2026-06-02T04:15:00Z,2026-06-02T06:15:00+0200,114.9,EUR/MWh,BE,BE,imbalance_price,Long,2026-06-20T12:20:56Z
2026-06-20T12:18:09Z,2026-06-20T14:18:09+0200,4bddbab4-20af-41f1-90cc-d649ae7f214d,2026-06-02T04:15:00Z,2026-06-02T06:15:00+0200,114.9,EUR/MWh,BE,BE,imbalance_price,Short,2026-06-20T12:20:56Z
2026-06-20T12:18:09Z,2026-06-20T14:18:09+0200,4bddbab4-20af-41f1-90cc-d649ae7f214d,2026-06-02T04:30:00Z,2026-06-02T06:30:00+0200,142.35,EUR/MWh,BE,BE,imbalance_price,Long,2026-06-20T12:20:56Z
2026-06-20T12:18:09Z,2026-06-20T14:18:09+0200,4bddbab4-20af-41f1-90cc-d649ae7f214d,2026-06-02T04:30:00Z,2026-06-02T06:30:00+0200,142.35,EUR/MWh,BE,BE,imbalance_price,Short,2026-06-20T12:20:56Z
2026-06-20T12:18:09Z,2026-06-20T14:18:09+0200,4bddbab4-20af-41f1-90cc-d649ae7f214d,2026-06-02T04:45:00Z,2026-06-02T06:45:00+0200,146.3,EUR/MWh,BE,BE,imbalance_price,Long,2026-06-20T12:20:56Z
2026-06-20T12:18:09Z,2026-06-20T14:18:09+0200,4bddbab4-20af-41f1-90cc-d649ae7f214d,2026-06-02T04:45:00Z,2026-06-02T06:45:00+0200,146.3,EUR/MWh,BE,BE,imbalance_price,Short,2026-06-20T12:20:56Z
2026-06-20T12:18:09Z,2026-06-20T14:18:09+0200,4bddbab4-20af-41f1-90cc-d649ae7f214d,2026-06-02T05:00:00Z,2026-06-02T07:00:00+0200,141.09,EUR/MWh,BE,BE,imbalance_price,Long,2026-06-20T12:20:56Z
2026-06-20T12:18:09Z,2026-06-20T14:18:09+0200,4bddbab4-20af-41f1-90cc-d649ae7f214d,2026-06-02T05:00:00Z,2026-06-02T07:00:00+0200,141.09,EUR/MWh,BE,BE,imbalance_price,Short,2026-06-20T12:20:56Z
2026-06-20T12:18:09Z,2026-06-20T14:18:09+0200,4bddbab4-20af-41f1-90cc-d649ae7f214d,2026-06-02T05:15:00Z,2026-06-02T07:15:00+0200,148.45,EUR/MWh,BE,BE,imbalance_price,Long,2026-06-20T12:20:56Z
2026-06-20T12:18:09Z,2026-06-20T14:18:09+0200,4bddbab4-20af-41f1-90cc-d649ae7f214d,2026-06-02T05:15:00Z,2026-06-02T07:15:00+0200,148.45,EUR/MWh,BE,BE,imbalance_price,Short,2026-06-20T12:20:56Z
2026-06-20T12:18:09Z,2026-06-20T14:18:09+0200,4bddbab4-20af-41f1-90cc-d649ae7f214d,2026-06-02T05:30:00Z,2026-06-02T07:30:00+0200,250.0,EUR/MWh,BE,BE,imbalance_price,Long,2026-06-20T12:20:56Z
2026-06-20T12:18:09Z,2026-06-20T14:18:09+0200,4bddbab4-20af-41f1-90cc-d649ae7f214d,2026-06-02T05:30:00Z,2026-06-02T07:30:00+0200,250.0,EUR/MWh,BE,BE,imbalance_price,Short,2026-06-20T12:20:56Z
2026-06-20T12:18:09Z,2026-06-20T14:18:09+0200,4bddbab4-20af-41f1-90cc-d649ae7f214d,2026-06-02T05:45:00Z,2026-06-02T07:45:00+0200,124.73,EUR/MWh,BE,BE,imbalance_price,Long,2026-06-20T12:20:56Z
2026-06-20T12:18:09Z,2026-06-20T14:18:09+0200,4bddbab4-20af-41f1-90cc-d649ae7f214d,2026-06-02T05:45:00Z,2026-06-02T07:45:00+0200,124.73,EUR/MWh,BE,BE,imbalance_price,Short,2026-06-20T12:20:56Z
2026-06-20T12:18:09Z,2026-06-20T14:18:09+0200,4bddbab4-20af-41f1-90cc-d649ae7f214d,2026-06-02T06:00:00Z,2026-06-02T08:00:00+0200,124.62,EUR/MWh,BE,BE,imbalance_price,Long,2026-06-20T12:20:56Z
2026-06-20T12:18:09Z,2026-06-20T14:18:09+0200,4bddbab4-20af-41f1-90cc-d649ae7f214d,2026-06-02T06:00:00Z,2026-06-02T08:00:00+0200,124.62,EUR/MWh,BE,BE,imbalance_price,Short,2026-06-20T12:20:56Z
2026-06-20T12:18:09Z,2026-06-20T14:18:09+0200,4bddbab4-20af-41f1-90cc-d649ae7f214d,2026-06-02T06:15:00Z,2026-06-02T08:15:00+0200,172.03,EUR/MWh,BE,BE,imbalance_price,Long,2026-06-20T12:20:56Z
2026-06-20T12:18:09Z,2026-06-20T14:18:09+0200,4bddbab4-20af-41f1-90cc-d649ae7f214d,2026-06-02T06:15:00Z,2026-06-02T08:15:00+0200,172.03,EUR/MWh,BE,BE,imbalance_price,Short,2026-06-20T12:20:56Z
2026-06-20T12:18:09Z,2026-06-20T14:18:09+0200,4bddbab4-20af-41f1-90cc-d649ae7f214d,2026-06-02T06:30:00Z,2026-06-02T08:30:00+0200,245.6,EUR/MWh,BE,BE,imbalance_price,Long,2026-06-20T12:20:56Z
2026-06-20T12:18:09Z,2026-06-20T14:18:09+0200,4bddbab4-20af-41f1-90cc-d649ae7f214d,2026-06-02T06:30:00Z,2026-06-02T08:30:00+0200,245.6,EUR/MWh,BE,BE,imbalance_price,Short,2026-06-20T12:20:56Z
2026-06-20T12:18:09Z,2026-06-20T14:18:09+0200,4bddbab4-20af-41f1-90cc-d649ae7f214d,2026-06-02T06:45:00Z,2026-06-02T08:45:00+0200,272.98,EUR/MWh,BE,BE,imbalance_price,Long,2026-06-20T12:20:56Z
2026-06-20T12:18:09Z,2026-06-20T14:18:09+0200,4bddbab4-20af-41f1-90cc-d649ae7f214d,2026-06-02T06:45:00Z,2026-06-02T08:45:00+0200,272.98,EUR/MWh,BE,BE,imbalance_price,Short,2026-06-20T12:20:56Z
2026-06-20T12:18:09Z,2026-06-20T14:18:09+0200,4bddbab4-20af-41f1-90cc-d649ae7f214d,2026-06-02T07:00:00Z,2026-06-02T09:00:00+0200,333.85,EUR/MWh,BE,BE,imbalance_price,Long,2026-06-20T12:20:56Z
2026-06-20T12:18:09Z,2026-06-20T14:18:09+0200,4bddbab4-20af-41f1-90cc-d649ae7f214d,2026-06-02T07:00:00Z,2026-06-02T09:00:00+0200,333.85,EUR/MWh,BE,BE,imbalance_price,Short,2026-06-20T12:20:56Z
2026-06-20T12:18:09Z,2026-06-20T14:18:09+0200,4bddbab4-20af-41f1-90cc-d649ae7f214d,2026-06-02T07:15:00Z,2026-06-02T09:15:00+0200,458.36,EUR/MWh,BE,BE,imbalance_price,Long,2026-06-20T12:20:56Z
2026-06-20T12:18:09Z,2026-06-20T14:18:09+0200,4bddbab4-20af-41f1-90cc-d649ae7f214d,2026-06-02T07:15:00Z,2026-06-02T09:15:00+0200,458.36,EUR/MWh,BE,BE,imbalance_price,Short,2026-06-20T12:20:56Z
2026-06-20T12:18:09Z,2026-06-20T14:18:09+0200,4bddbab4-20af-41f1-90cc-d649ae7f214d,2026-06-02T07:30:00Z,2026-06-02T09:30:00+0200,500.0,EUR/MWh,BE,BE,imbalance_price,Long,2026-06-20T12:20:56Z
2026-06-20T12:18:09Z,2026-06-20T14:18:09+0200,4bddbab4-20af-41f1-90cc-d649ae7f214d,2026-06-02T07:30:00Z,2026-06-02T09:30:00+0200,500.0,EUR/MWh,BE,BE,imbalance_price,Short,2026-06-20T12:20:56Z
2026-06-20T12:18:09Z,2026-06-20T14:18:09+0200,4bddbab4-20af-41f1-90cc-d649ae7f214d,2026-06-02T07:45:00Z,2026-06-02T09:45:00+0200,396.99,EUR/MWh,BE,BE,imbalance_price,Long,2026-06-20T12:20:56Z
2026-06-20T12:18:09Z,2026-06-20T14:18:09+0200,4bddbab4-20af-41f1-90cc-d649ae7f214d,2026-06-02T07:45:00Z,2026-06-02T09:45:00+0200,396.99,EUR/MWh,BE,BE,imbalance_price,Short,2026-06-20T12:20:56Z
2026-06-20T12:18:09Z,2026-06-20T14:18:09+0200,4bddbab4-20af-41f1-90cc-d649ae7f214d,2026-06-02T08:00:00Z,2026-06-02T10:00:00+0200,286.72,EUR/MWh,BE,BE,imbalance_price,Long,2026-06-20T12:20:56Z
2026-06-20T12:18:09Z,2026-06-20T14:18:09+0200,4bddbab4-20af-41f1-90cc-d649ae7f214d,2026-06-02T08:00:00Z,2026-06-02T10:00:00+0200,286.72,EUR/MWh,BE,BE,imbalance_price,Short,2026-06-20T12:20:56Z
2026-06-20T12:18:09Z,2026-06-20T14:18:09+0200,4bddbab4-20af-41f1-90cc-d649ae7f214d,2026-06-02T08:15:00Z,2026-06-02T10:15:00+0200,443.84,EUR/MWh,BE,BE,imbalance_price,Long,2026-06-20T12:20:56Z
2026-06-20T12:18:09Z,2026-06-20T14:18:09+0200,4bddbab4-20af-41f1-90cc-d649ae7f214d,2026-06-02T08:15:00Z,2026-06-02T10:15:00+0200,443.84,EUR/MWh,BE,BE,imbalance_price,Short,2026-06-20T12:20:56Z
2026-06-20T12:18:09Z,2026-06-20T14:18:09+0200,4bddbab4-20af-41f1-90cc-d649ae7f214d,2026-06-02T08:30:00Z,2026-06-02T10:30:00+0200,443.84,EUR/MWh,BE,BE,imbalance_price,Long,2026-06-20T12:20:56Z
2026-06-20T12:18:09Z,2026-06-20T14:18:09+0200,4bddbab4-20af-41f1-90cc-d649ae7f214d,2026-06-02T08:30:00Z,2026-06-02T10:30:00+0200,443.84,EUR/MWh,BE,BE,imbalance_price,Short,2026-06-20T12:20:56Z
2026-06-20T12:18:09Z,2026-06-20T14:18:09+0200,4bddbab4-20af-41f1-90cc-d649ae7f214d,2026-06-02T08:45:00Z,2026-06-02T10:45:00+0200,100.0,EUR/MWh,BE,BE,imbalance_price,Long,2026-06-20T12:20:56Z
2026-06-20T12:18:09Z,2026-06-20T14:18:09+0200,4bddbab4-20af-41f1-90cc-d649ae7f214d,2026-06-02T08:45:00Z,2026-06-02T10:45:00+0200,100.0,EUR/MWh,BE,BE,imbalance_price,Short,2026-06-20T12:20:56Z
2026-06-20T12:18:09Z,2026-06-20T14:18:09+0200,4bddbab4-20af-41f1-90cc-d649ae7f214d,2026-06-02T09:00:00Z,2026-06-02T11:00:00+0200,71.54,EUR/MWh,BE,BE,imbalance_price,Long,2026-06-20T12:20:56Z
2026-06-20T12:18:09Z,2026-06-20T14:18:09+0200,4bddbab4-20af-41f1-90cc-d649ae7f214d,2026-06-02T09:00:00Z,2026-06-02T11:00:00+0200,71.54,EUR/MWh,BE,BE,imbalance_price,Short,2026-06-20T12:20:56Z
2026-06-20T12:18:09Z,2026-06-20T14:18:09+0200,4bddbab4-20af-41f1-90cc-d649ae7f214d,2026-06-02T09:15:00Z,2026-06-02T11:15:00+0200,67.28,EUR/MWh,BE,BE,imbalance_price,Long,2026-06-20T12:20:56Z
2026-06-20T12:18:09Z,2026-06-20T14:18:09+0200,4bddbab4-20af-41f1-90cc-d649ae7f214d,2026-06-02T09:15:00Z,2026-06-02T11:15:00+0200,67.28,EUR/MWh,BE,BE,imbalance_price,Short,2026-06-20T12:20:56Z
2026-06-20T12:18:09Z,2026-06-20T14:18:09+0200,4bddbab4-20af-41f1-90cc-d649ae7f214d,2026-06-02T09:30:00Z,2026-06-02T11:30:00+0200,63.56,EUR/MWh,BE,BE,imbalance_price,Long,2026-06-20T12:20:56Z
2026-06-20T12:18:09Z,2026-06-20T14:18:09+0200,4bddbab4-20af-41f1-90cc-d649ae7f214d,2026-06-02T09:30:00Z,2026-06-02T11:30:00+0200,63.56,EUR/MWh,BE,BE,imbalance_price,Short,2026-06-20T12:20:56Z
2026-06-20T12:18:09Z,2026-06-20T14:18:09+0200,4bddbab4-20af-41f1-90cc-d649ae7f214d,2026-06-02T09:45:00Z,2026-06-02T11:45:00+0200,32.1,EUR/MWh,BE,BE,imbalance_price,Long,2026-06-20T12:20:56Z
2026-06-20T12:18:09Z,2026-06-20T14:18:09+0200,4bddbab4-20af-41f1-90cc-d649ae7f214d,2026-06-02T09:45:00Z,2026-06-02T11:45:00+0200,32.1,EUR/MWh,BE,BE,imbalance_price,Short,2026-06-20T12:20:56Z
2026-06-20T12:18:09Z,2026-06-20T14:18:09+0200,4bddbab4-20af-41f1-90cc-d649ae7f214d,2026-06-02T10:00:00Z,2026-06-02T12:00:00+0200,58.25,EUR/MWh,BE,BE,imbalance_price,Long,2026-06-20T12:20:56Z
2026-06-20T12:18:09Z,2026-06-20T14:18:09+0200,4bddbab4-20af-41f1-90cc-d649ae7f214d,2026-06-02T10:00:00Z,2026-06-02T12:00:00+0200,58.25,EUR/MWh,BE,BE,imbalance_price,Short,2026-06-20T12:20:56Z
2026-06-20T12:18:09Z,2026-06-20T14:18:09+0200,4bddbab4-20af-41f1-90cc-d649ae7f214d,2026-06-02T10:15:00Z,2026-06-02T12:15:00+0200,91.86,EUR/MWh,BE,BE,imbalance_price,Long,2026-06-20T12:20:56Z
2026-06-20T12:18:09Z,2026-06-20T14:18:09+0200,4bddbab4-20af-41f1-90cc-d649ae7f214d,2026-06-02T10:15:00Z,2026-06-02T12:15:00+0200,91.86,EUR/MWh,BE,BE,imbalance_price,Short,2026-06-20T12:20:56Z
2026-06-20T12:18:09Z,2026-06-20T14:18:09+0200,4bddbab4-20af-41f1-90cc-d649ae7f214d,2026-06-02T10:30:00Z,2026-06-02T12:30:00+0200,82.76,EUR/MWh,BE,BE,imbalance_price,Long,2026-06-20T12:20:56Z
2026-06-20T12:18:09Z,2026-06-20T14:18:09+0200,4bddbab4-20af-41f1-90cc-d649ae7f214d,2026-06-02T10:30:00Z,2026-06-02T12:30:00+0200,82.76,EUR/MWh,BE,BE,imbalance_price,Short,2026-06-20T12:20:56Z
2026-06-20T12:18:09Z,2026-06-20T14:18:09+0200,4bddbab4-20af-41f1-90cc-d649ae7f214d,2026-06-02T10:45:00Z,2026-06-02T12:45:00+0200,89.86,EUR/MWh,BE,BE,imbalance_price,Long,2026-06-20T12:20:56Z
2026-06-20T12:18:09Z,2026-06-20T14:18:09+0200,4bddbab4-20af-41f1-90cc-d649ae7f214d,2026-06-02T10:45:00Z,2026-06-02T12:45:00+0200,89.86,EUR/MWh,BE,BE,imbalance_price,Short,2026-06-20T12:20:56Z
2026-06-20T12:18:09Z,2026-06-20T14:18:09+0200,4bddbab4-20af-41f1-90cc-d649ae7f214d,2026-06-02T11:00:00Z,2026-06-02T13:00:00+0200,222.49,EUR/MWh,BE,BE,imbalance_price,Long,2026-06-20T12:20:56Z
2026-06-20T12:18:09Z,2026-06-20T14:18:09+0200,4bddbab4-20af-41f1-90cc-d649ae7f214d,2026-06-02T11:00:00Z,2026-06-02T13:00:00+0200,222.49,EUR/MWh,BE,BE,imbalance_price,Short,2026-06-20T12:20:56Z
2026-06-20T12:18:09Z,2026-06-20T14:18:09+0200,4bddbab4-20af-41f1-90cc-d649ae7f214d,2026-06-02T11:15:00Z,2026-06-02T13:15:00+0200,230.55,EUR/MWh,BE,BE,imbalance_price,Long,2026-06-20T12:20:56Z
2026-06-20T12:18:09Z,2026-06-20T14:18:09+0200,4bddbab4-20af-41f1-90cc-d649ae7f214d,2026-06-02T11:15:00Z,2026-06-02T13:15:00+0200,230.55,EUR/MWh,BE,BE,imbalance_price,Short,2026-06-20T12:20:56Z
2026-06-20T12:18:09Z,2026-06-20T14:18:09+0200,4bddbab4-20af-41f1-90cc-d649ae7f214d,2026-06-02T11:30:00Z,2026-06-02T13:30:00+0200,165.0,EUR/MWh,BE,BE,imbalance_price,Long,2026-06-20T12:20:56Z
2026-06-20T12:18:09Z,2026-06-20T14:18:09+0200,4bddbab4-20af-41f1-90cc-d649ae7f214d,2026-06-02T11:30:00Z,2026-06-02T13:30:00+0200,165.0,EUR/MWh,BE,BE,imbalance_price,Short,2026-06-20T12:20:56Z
2026-06-20T12:18:09Z,2026-06-20T14:18:09+0200,4bddbab4-20af-41f1-90cc-d649ae7f214d,2026-06-02T11:45:00Z,2026-06-02T13:45:00+0200,89.9,EUR/MWh,BE,BE,imbalance_price,Long,2026-06-20T12:20:56Z
2026-06-20T12:18:09Z,2026-06-20T14:18:09+0200,4bddbab4-20af-41f1-90cc-d649ae7f214d,2026-06-02T11:45:00Z,2026-06-02T13:45:00+0200,89.9,EUR/MWh,BE,BE,imbalance_price,Short,2026-06-20T12:20:56Z
2026-06-20T12:18:09Z,2026-06-20T14:18:09+0200,4bddbab4-20af-41f1-90cc-d649ae7f214d,2026-06-02T12:00:00Z,2026-06-02T14:00:00+0200,178.76,EUR/MWh,BE,BE,imbalance_price,Long,2026-06-20T12:20:56Z
2026-06-20T12:18:09Z,2026-06-20T14:18:09+0200,4bddbab4-20af-41f1-90cc-d649ae7f214d,2026-06-02T12:00:00Z,2026-06-02T14:00:00+0200,178.76,EUR/MWh,BE,BE,imbalance_price,Short,2026-06-20T12:20:56Z
2026-06-20T12:18:09Z,2026-06-20T14:18:09+0200,4bddbab4-20af-41f1-90cc-d649ae7f214d,2026-06-02T12:15:00Z,2026-06-02T14:15:00+0200,112.54,EUR/MWh,BE,BE,imbalance_price,Long,2026-06-20T12:20:56Z
2026-06-20T12:18:09Z,2026-06-20T14:18:09+0200,4bddbab4-20af-41f1-90cc-d649ae7f214d,2026-06-02T12:15:00Z,2026-06-02T14:15:00+0200,112.54,EUR/MWh,BE,BE,imbalance_price,Short,2026-06-20T12:20:56Z
2026-06-20T12:18:09Z,2026-06-20T14:18:09+0200,4bddbab4-20af-41f1-90cc-d649ae7f214d,2026-06-02T12:30:00Z,2026-06-02T14:30:00+0200,59.32,EUR/MWh,BE,BE,imbalance_price,Long,2026-06-20T12:20:56Z
2026-06-20T12:18:09Z,2026-06-20T14:18:09+0200,4bddbab4-20af-41f1-90cc-d649ae7f214d,2026-06-02T12:30:00Z,2026-06-02T14:30:00+0200,59.32,EUR/MWh,BE,BE,imbalance_price,Short,2026-06-20T12:20:56Z
2026-06-20T12:18:09Z,2026-06-20T14:18:09+0200,4bddbab4-20af-41f1-90cc-d649ae7f214d,2026-06-02T12:45:00Z,2026-06-02T14:45:00+0200,58.96,EUR/MWh,BE,BE,imbalance_price,Long,2026-06-20T12:20:56Z
2026-06-20T12:18:09Z,2026-06-20T14:18:09+0200,4bddbab4-20af-41f1-90cc-d649ae7f214d,2026-06-02T12:45:00Z,2026-06-02T14:45:00+0200,58.96,EUR/MWh,BE,BE,imbalance_price,Short,2026-06-20T12:20:56Z
2026-06-20T12:18:09Z,2026-06-20T14:18:09+0200,4bddbab4-20af-41f1-90cc-d649ae7f214d,2026-06-02T13:00:00Z,2026-06-02T15:00:00+0200,29.87,EUR/MWh,BE,BE,imbalance_price,Long,2026-06-20T12:20:56Z
2026-06-20T12:18:09Z,2026-06-20T14:18:09+0200,4bddbab4-20af-41f1-90cc-d649ae7f214d,2026-06-02T13:00:00Z,2026-06-02T15:00:00+0200,29.87,EUR/MWh,BE,BE,imbalance_price,Short,2026-06-20T12:20:56Z
2026-06-20T12:18:09Z,2026-06-20T14:18:09+0200,4bddbab4-20af-41f1-90cc-d649ae7f214d,2026-06-02T13:15:00Z,2026-06-02T15:15:00+0200,-179.28,EUR/MWh,BE,BE,imbalance_price,Long,2026-06-20T12:20:56Z
2026-06-20T12:18:09Z,2026-06-20T14:18:09+0200,4bddbab4-20af-41f1-90cc-d649ae7f214d,2026-06-02T13:15:00Z,2026-06-02T15:15:00+0200,-179.28,EUR/MWh,BE,BE,imbalance_price,Short,2026-06-20T12:20:56Z
2026-06-20T12:18:09Z,2026-06-20T14:18:09+0200,4bddbab4-20af-41f1-90cc-d649ae7f214d,2026-06-02T13:30:00Z,2026-06-02T15:30:00+0200,-198.71,EUR/MWh,BE,BE,imbalance_price,Long,2026-06-20T12:20:56Z
2026-06-20T12:18:09Z,2026-06-20T14:18:09+0200,4bddbab4-20af-41f1-90cc-d649ae7f214d,2026-06-02T13:30:00Z,2026-06-02T15:30:00+0200,-198.71,EUR/MWh,BE,BE,imbalance_price,Short,2026-06-20T12:20:56Z
2026-06-20T12:18:09Z,2026-06-20T14:18:09+0200,4bddbab4-20af-41f1-90cc-d649ae7f214d,2026-06-02T13:45:00Z,2026-06-02T15:45:00+0200,-183.21,EUR/MWh,BE,BE,imbalance_price,Long,2026-06-20T12:20:56Z
2026-06-20T12:18:09Z,2026-06-20T14:18:09+0200,4bddbab4-20af-41f1-90cc-d649ae7f214d,2026-06-02T13:45:00Z,2026-06-02T15:45:00+0200,-183.21,EUR/MWh,BE,BE,imbalance_price,Short,2026-06-20T12:20:56Z
2026-06-20T12:18:09Z,2026-06-20T14:18:09+0200,4bddbab4-20af-41f1-90cc-d649ae7f214d,2026-06-02T14:00:00Z,2026-06-02T16:00:00+0200,0.0,EUR/MWh,BE,BE,imbalance_price,Long,2026-06-20T12:20:56Z
2026-06-20T12:18:09Z,2026-06-20T14:18:09+0200,4bddbab4-20af-41f1-90cc-d649ae7f214d,2026-06-02T14:00:00Z,2026-06-02T16:00:00+0200,0.0,EUR/MWh,BE,BE,imbalance_price,Short,2026-06-20T12:20:56Z
2026-06-20T12:18:09Z,2026-06-20T14:18:09+0200,4bddbab4-20af-41f1-90cc-d649ae7f214d,2026-06-02T14:15:00Z,2026-06-02T16:15:00+0200,-10.03,EUR/MWh,BE,BE,imbalance_price,Long,2026-06-20T12:20:56Z
2026-06-20T12:18:09Z,2026-06-20T14:18:09+0200,4bddbab4-20af-41f1-90cc-d649ae7f214d,2026-06-02T14:15:00Z,2026-06-02T16:15:00+0200,-10.03,EUR/MWh,BE,BE,imbalance_price,Short,2026-06-20T12:20:56Z
2026-06-20T12:18:09Z,2026-06-20T14:18:09+0200,4bddbab4-20af-41f1-90cc-d649ae7f214d,2026-06-02T14:30:00Z,2026-06-02T16:30:00+0200,71.12,EUR/MWh,BE,BE,imbalance_price,Long,2026-06-20T12:20:56Z
2026-06-20T12:18:09Z,2026-06-20T14:18:09+0200,4bddbab4-20af-41f1-90cc-d649ae7f214d,2026-06-02T14:30:00Z,2026-06-02T16:30:00+0200,71.12,EUR/MWh,BE,BE,imbalance_price,Short,2026-06-20T12:20:56Z
2026-06-20T12:18:09Z,2026-06-20T14:18:09+0200,4bddbab4-20af-41f1-90cc-d649ae7f214d,2026-06-02T14:45:00Z,2026-06-02T16:45:00+0200,46.03,EUR/MWh,BE,BE,imbalance_price,Long,2026-06-20T12:20:56Z
2026-06-20T12:18:09Z,2026-06-20T14:18:09+0200,4bddbab4-20af-41f1-90cc-d649ae7f214d,2026-06-02T14:45:00Z,2026-06-02T16:45:00+0200,46.03,EUR/MWh,BE,BE,imbalance_price,Short,2026-06-20T12:20:56Z
2026-06-20T12:18:09Z,2026-06-20T14:18:09+0200,4bddbab4-20af-41f1-90cc-d649ae7f214d,2026-06-02T15:00:00Z,2026-06-02T17:00:00+0200,104.93,EUR/MWh,BE,BE,imbalance_price,Long,2026-06-20T12:20:56Z
2026-06-20T12:18:09Z,2026-06-20T14:18:09+0200,4bddbab4-20af-41f1-90cc-d649ae7f214d,2026-06-02T15:00:00Z,2026-06-02T17:00:00+0200,104.93,EUR/MWh,BE,BE,imbalance_price,Short,2026-06-20T12:20:56Z
2026-06-20T12:18:09Z,2026-06-20T14:18:09+0200,4bddbab4-20af-41f1-90cc-d649ae7f214d,2026-06-02T15:15:00Z,2026-06-02T17:15:00+0200,143.33,EUR/MWh,BE,BE,imbalance_price,Long,2026-06-20T12:20:56Z
2026-06-20T12:18:09Z,2026-06-20T14:18:09+0200,4bddbab4-20af-41f1-90cc-d649ae7f214d,2026-06-02T15:15:00Z,2026-06-02T17:15:00+0200,143.33,EUR/MWh,BE,BE,imbalance_price,Short,2026-06-20T12:20:56Z
2026-06-20T12:18:09Z,2026-06-20T14:18:09+0200,4bddbab4-20af-41f1-90cc-d649ae7f214d,2026-06-02T15:30:00Z,2026-06-02T17:30:00+0200,156.0,EUR/MWh,BE,BE,imbalance_price,Long,2026-06-20T12:20:56Z
2026-06-20T12:18:09Z,2026-06-20T14:18:09+0200,4bddbab4-20af-41f1-90cc-d649ae7f214d,2026-06-02T15:30:00Z,2026-06-02T17:30:00+0200,156.0,EUR/MWh,BE,BE,imbalance_price,Short,2026-06-20T12:20:56Z
2026-06-20T12:18:09Z,2026-06-20T14:18:09+0200,4bddbab4-20af-41f1-90cc-d649ae7f214d,2026-06-02T15:45:00Z,2026-06-02T17:45:00+0200,116.73,EUR/MWh,BE,BE,imbalance_price,Long,2026-06-20T12:20:56Z
2026-06-20T12:18:09Z,2026-06-20T14:18:09+0200,4bddbab4-20af-41f1-90cc-d649ae7f214d,2026-06-02T15:45:00Z,2026-06-02T17:45:00+0200,116.73,EUR/MWh,BE,BE,imbalance_price,Short,2026-06-20T12:20:56Z
2026-06-20T12:18:09Z,2026-06-20T14:18:09+0200,4bddbab4-20af-41f1-90cc-d649ae7f214d,2026-06-02T16:00:00Z,2026-06-02T18:00:00+0200,98.33,EUR/MWh,BE,BE,imbalance_price,Long,2026-06-20T12:20:56Z
2026-06-20T12:18:09Z,2026-06-20T14:18:09+0200,4bddbab4-20af-41f1-90cc-d649ae7f214d,2026-06-02T16:00:00Z,2026-06-02T18:00:00+0200,98.33,EUR/MWh,BE,BE,imbalance_price,Short,2026-06-20T12:20:56Z
2026-06-20T12:18:09Z,2026-06-20T14:18:09+0200,4bddbab4-20af-41f1-90cc-d649ae7f214d,2026-06-02T16:15:00Z,2026-06-02T18:15:00+0200,134.74,EUR/MWh,BE,BE,imbalance_price,Long,2026-06-20T12:20:56Z
2026-06-20T12:18:09Z,2026-06-20T14:18:09+0200,4bddbab4-20af-41f1-90cc-d649ae7f214d,2026-06-02T16:15:00Z,2026-06-02T18:15:00+0200,134.74,EUR/MWh,BE,BE,imbalance_price,Short,2026-06-20T12:20:56Z
2026-06-20T12:18:09Z,2026-06-20T14:18:09+0200,4bddbab4-20af-41f1-90cc-d649ae7f214d,2026-06-02T16:30:00Z,2026-06-02T18:30:00+0200,113.22,EUR/MWh,BE,BE,imbalance_price,Long,2026-06-20T12:20:56Z
2026-06-20T12:18:09Z,2026-06-20T14:18:09+0200,4bddbab4-20af-41f1-90cc-d649ae7f214d,2026-06-02T16:30:00Z,2026-06-02T18:30:00+0200,113.22,EUR/MWh,BE,BE,imbalance_price,Short,2026-06-20T12:20:56Z
2026-06-20T12:18:09Z,2026-06-20T14:18:09+0200,4bddbab4-20af-41f1-90cc-d649ae7f214d,2026-06-02T16:45:00Z,2026-06-02T18:45:00+0200,46.57,EUR/MWh,BE,BE,imbalance_price,Long,2026-06-20T12:20:56Z
2026-06-20T12:18:09Z,2026-06-20T14:18:09+0200,4bddbab4-20af-41f1-90cc-d649ae7f214d,2026-06-02T16:45:00Z,2026-06-02T18:45:00+0200,46.57,EUR/MWh,BE,BE,imbalance_price,Short,2026-06-20T12:20:56Z
2026-06-20T12:18:09Z,2026-06-20T14:18:09+0200,4bddbab4-20af-41f1-90cc-d649ae7f214d,2026-06-02T17:00:00Z,2026-06-02T19:00:00+0200,6.76,EUR/MWh,BE,BE,imbalance_price,Long,2026-06-20T12:20:56Z
2026-06-20T12:18:09Z,2026-06-20T14:18:09+0200,4bddbab4-20af-41f1-90cc-d649ae7f214d,2026-06-02T17:00:00Z,2026-06-02T19:00:00+0200,6.76,EUR/MWh,BE,BE,imbalance_price,Short,2026-06-20T12:20:56Z
2026-06-20T12:18:09Z,2026-06-20T14:18:09+0200,4bddbab4-20af-41f1-90cc-d649ae7f214d,2026-06-02T17:15:00Z,2026-06-02T19:15:00+0200,-25.31,EUR/MWh,BE,BE,imbalance_price,Long,2026-06-20T12:20:56Z
2026-06-20T12:18:09Z,2026-06-20T14:18:09+0200,4bddbab4-20af-41f1-90cc-d649ae7f214d,2026-06-02T17:15:00Z,2026-06-02T19:15:00+0200,-25.31,EUR/MWh,BE,BE,imbalance_price,Short,2026-06-20T12:20:56Z
2026-06-20T12:18:09Z,2026-06-20T14:18:09+0200,4bddbab4-20af-41f1-90cc-d649ae7f214d,2026-06-02T17:30:00Z,2026-06-02T19:30:00+0200,52.55,EUR/MWh,BE,BE,imbalance_price,Long,2026-06-20T12:20:56Z
2026-06-20T12:18:09Z,2026-06-20T14:18:09+0200,4bddbab4-20af-41f1-90cc-d649ae7f214d,2026-06-02T17:30:00Z,2026-06-02T19:30:00+0200,52.55,EUR/MWh,BE,BE,imbalance_price,Short,2026-06-20T12:20:56Z
2026-06-20T12:18:09Z,2026-06-20T14:18:09+0200,4bddbab4-20af-41f1-90cc-d649ae7f214d,2026-06-02T17:45:00Z,2026-06-02T19:45:00+0200,124.32,EUR/MWh,BE,BE,imbalance_price,Long,2026-06-20T12:20:56Z
2026-06-20T12:18:09Z,2026-06-20T14:18:09+0200,4bddbab4-20af-41f1-90cc-d649ae7f214d,2026-06-02T17:45:00Z,2026-06-02T19:45:00+0200,124.32,EUR/MWh,BE,BE,imbalance_price,Short,2026-06-20T12:20:56Z
2026-06-20T12:18:09Z,2026-06-20T14:18:09+0200,4bddbab4-20af-41f1-90cc-d649ae7f214d,2026-06-02T18:00:00Z,2026-06-02T20:00:00+0200,107.94,EUR/MWh,BE,BE,imbalance_price,Long,2026-06-20T12:20:56Z
2026-06-20T12:18:09Z,2026-06-20T14:18:09+0200,4bddbab4-20af-41f1-90cc-d649ae7f214d,2026-06-02T18:00:00Z,2026-06-02T20:00:00+0200,107.94,EUR/MWh,BE,BE,imbalance_price,Short,2026-06-20T12:20:56Z
2026-06-20T12:18:09Z,2026-06-20T14:18:09+0200,4bddbab4-20af-41f1-90cc-d649ae7f214d,2026-06-02T18:15:00Z,2026-06-02T20:15:00+0200,79.02,EUR/MWh,BE,BE,imbalance_price,Long,2026-06-20T12:20:56Z
2026-06-20T12:18:09Z,2026-06-20T14:18:09+0200,4bddbab4-20af-41f1-90cc-d649ae7f214d,2026-06-02T18:15:00Z,2026-06-02T20:15:00+0200,79.02,EUR/MWh,BE,BE,imbalance_price,Short,2026-06-20T12:20:56Z
2026-06-20T12:18:09Z,2026-06-20T14:18:09+0200,4bddbab4-20af-41f1-90cc-d649ae7f214d,2026-06-02T18:30:00Z,2026-06-02T20:30:00+0200,118.47,EUR/MWh,BE,BE,imbalance_price,Long,2026-06-20T12:20:56Z
2026-06-20T12:18:09Z,2026-06-20T14:18:09+0200,4bddbab4-20af-41f1-90cc-d649ae7f214d,2026-06-02T18:30:00Z,2026-06-02T20:30:00+0200,118.47,EUR/MWh,BE,BE,imbalance_price,Short,2026-06-20T12:20:56Z
2026-06-20T12:18:09Z,2026-06-20T14:18:09+0200,4bddbab4-20af-41f1-90cc-d649ae7f214d,2026-06-02T18:45:00Z,2026-06-02T20:45:00+0200,122.08,EUR/MWh,BE,BE,imbalance_price,Long,2026-06-20T12:20:56Z
2026-06-20T12:18:09Z,2026-06-20T14:18:09+0200,4bddbab4-20af-41f1-90cc-d649ae7f214d,2026-06-02T18:45:00Z,2026-06-02T20:45:00+0200,122.08,EUR/MWh,BE,BE,imbalance_price,Short,2026-06-20T12:20:56Z
2026-06-20T12:18:09Z,2026-06-20T14:18:09+0200,4bddbab4-20af-41f1-90cc-d649ae7f214d,2026-06-02T19:00:00Z,2026-06-02T21:00:00+0200,124.0,EUR/MWh,BE,BE,imbalance_price,Long,2026-06-20T12:20:56Z
2026-06-20T12:18:09Z,2026-06-20T14:18:09+0200,4bddbab4-20af-41f1-90cc-d649ae7f214d,2026-06-02T19:00:00Z,2026-06-02T21:00:00+0200,124.0,EUR/MWh,BE,BE,imbalance_price,Short,2026-06-20T12:20:56Z
2026-06-20T12:18:09Z,2026-06-20T14:18:09+0200,4bddbab4-20af-41f1-90cc-d649ae7f214d,2026-06-02T19:15:00Z,2026-06-02T21:15:00+0200,106.04,EUR/MWh,BE,BE,imbalance_price,Long,2026-06-20T12:20:56Z
2026-06-20T12:18:09Z,2026-06-20T14:18:09+0200,4bddbab4-20af-41f1-90cc-d649ae7f214d,2026-06-02T19:15:00Z,2026-06-02T21:15:00+0200,106.04,EUR/MWh,BE,BE,imbalance_price,Short,2026-06-20T12:20:56Z
2026-06-20T12:18:09Z,2026-06-20T14:18:09+0200,4bddbab4-20af-41f1-90cc-d649ae7f214d,2026-06-02T19:30:00Z,2026-06-02T21:30:00+0200,102.38,EUR/MWh,BE,BE,imbalance_price,Long,2026-06-20T12:20:56Z
2026-06-20T12:18:09Z,2026-06-20T14:18:09+0200,4bddbab4-20af-41f1-90cc-d649ae7f214d,2026-06-02T19:30:00Z,2026-06-02T21:30:00+0200,102.38,EUR/MWh,BE,BE,imbalance_price,Short,2026-06-20T12:20:56Z
2026-06-20T12:18:09Z,2026-06-20T14:18:09+0200,4bddbab4-20af-41f1-90cc-d649ae7f214d,2026-06-02T19:45:00Z,2026-06-02T21:45:00+0200,100.24,EUR/MWh,BE,BE,imbalance_price,Long,2026-06-20T12:20:56Z
2026-06-20T12:18:09Z,2026-06-20T14:18:09+0200,4bddbab4-20af-41f1-90cc-d649ae7f214d,2026-06-02T19:45:00Z,2026-06-02T21:45:00+0200,100.24,EUR/MWh,BE,BE,imbalance_price,Short,2026-06-20T12:20:56Z
2026-06-20T12:18:09Z,2026-06-20T14:18:09+0200,4bddbab4-20af-41f1-90cc-d649ae7f214d,2026-06-02T20:00:00Z,2026-06-02T22:00:00+0200,82.98,EUR/MWh,BE,BE,imbalance_price,Long,2026-06-20T12:20:56Z
2026-06-20T12:18:09Z,2026-06-20T14:18:09+0200,4bddbab4-20af-41f1-90cc-d649ae7f214d,2026-06-02T20:00:00Z,2026-06-02T22:00:00+0200,82.98,EUR/MWh,BE,BE,imbalance_price,Short,2026-06-20T12:20:56Z
2026-06-20T12:18:09Z,2026-06-20T14:18:09+0200,4bddbab4-20af-41f1-90cc-d649ae7f214d,2026-06-02T20:15:00Z,2026-06-02T22:15:00+0200,78.12,EUR/MWh,BE,BE,imbalance_price,Long,2026-06-20T12:20:56Z
2026-06-20T12:18:09Z,2026-06-20T14:18:09+0200,4bddbab4-20af-41f1-90cc-d649ae7f214d,2026-06-02T20:15:00Z,2026-06-02T22:15:00+0200,78.12,EUR/MWh,BE,BE,imbalance_price,Short,2026-06-20T12:20:56Z
2026-06-20T12:18:09Z,2026-06-20T14:18:09+0200,4bddbab4-20af-41f1-90cc-d649ae7f214d,2026-06-02T20:30:00Z,2026-06-02T22:30:00+0200,97.37,EUR/MWh,BE,BE,imbalance_price,Long,2026-06-20T12:20:56Z
2026-06-20T12:18:09Z,2026-06-20T14:18:09+0200,4bddbab4-20af-41f1-90cc-d649ae7f214d,2026-06-02T20:30:00Z,2026-06-02T22:30:00+0200,97.37,EUR/MWh,BE,BE,imbalance_price,Short,2026-06-20T12:20:56Z
2026-06-20T12:18:09Z,2026-06-20T14:18:09+0200,4bddbab4-20af-41f1-90cc-d649ae7f214d,2026-06-02T20:45:00Z,2026-06-02T22:45:00+0200,119.0,EUR/MWh,BE,BE,imbalance_price,Long,2026-06-20T12:20:56Z
2026-06-20T12:18:09Z,2026-06-20T14:18:09+0200,4bddbab4-20af-41f1-90cc-d649ae7f214d,2026-06-02T20:45:00Z,2026-06-02T22:45:00+0200,119.0,EUR/MWh,BE,BE,imbalance_price,Short,2026-06-20T12:20:56Z
2026-06-20T12:18:09Z,2026-06-20T14:18:09+0200,4bddbab4-20af-41f1-90cc-d649ae7f214d,2026-06-02T21:00:00Z,2026-06-02T23:00:00+0200,121.09,EUR/MWh,BE,BE,imbalance_price,Long,2026-06-20T12:20:56Z
2026-06-20T12:18:09Z,2026-06-20T14:18:09+0200,4bddbab4-20af-41f1-90cc-d649ae7f214d,2026-06-02T21:00:00Z,2026-06-02T23:00:00+0200,121.09,EUR/MWh,BE,BE,imbalance_price,Short,2026-06-20T12:20:56Z
2026-06-20T12:18:09Z,2026-06-20T14:18:09+0200,4bddbab4-20af-41f1-90cc-d649ae7f214d,2026-06-02T21:15:00Z,2026-06-02T23:15:00+0200,131.63,EUR/MWh,BE,BE,imbalance_price,Long,2026-06-20T12:20:56Z
2026-06-20T12:18:09Z,2026-06-20T14:18:09+0200,4bddbab4-20af-41f1-90cc-d649ae7f214d,2026-06-02T21:15:00Z,2026-06-02T23:15:00+0200,131.63,EUR/MWh,BE,BE,imbalance_price,Short,2026-06-20T12:20:56Z
2026-06-20T12:18:09Z,2026-06-20T14:18:09+0200,4bddbab4-20af-41f1-90cc-d649ae7f214d,2026-06-02T21:30:00Z,2026-06-02T23:30:00+0200,119.79,EUR/MWh,BE,BE,imbalance_price,Long,2026-06-20T12:20:56Z
2026-06-20T12:18:09Z,2026-06-20T14:18:09+0200,4bddbab4-20af-41f1-90cc-d649ae7f214d,2026-06-02T21:30:00Z,2026-06-02T23:30:00+0200,119.79,EUR/MWh,BE,BE,imbalance_price,Short,2026-06-20T12:20:56Z
2026-06-20T12:18:09Z,2026-06-20T14:18:09+0200,4bddbab4-20af-41f1-90cc-d649ae7f214d,2026-06-02T21:45:00Z,2026-06-02T23:45:00+0200,46.36,EUR/MWh,BE,BE,imbalance_price,Long,2026-06-20T12:20:56Z
2026-06-20T12:18:09Z,2026-06-20T14:18:09+0200,4bddbab4-20af-41f1-90cc-d649ae7f214d,2026-06-02T21:45:00Z,2026-06-02T23:45:00+0200,46.36,EUR/MWh,BE,BE,imbalance_price,Short,2026-06-20T12:20:56Z
2026-06-20T12:18:09Z,2026-06-20T14:18:09+0200,4bddbab4-20af-41f1-90cc-d649ae7f214d,2026-06-02T22:00:00Z,2026-06-03T00:00:00+0200,123.11,EUR/MWh,BE,BE,imbalance_price,Long,2026-06-20T12:20:56Z
2026-06-20T12:18:09Z,2026-06-20T14:18:09+0200,4bddbab4-20af-41f1-90cc-d649ae7f214d,2026-06-02T22:00:00Z,2026-06-03T00:00:00+0200,123.11,EUR/MWh,BE,BE,imbalance_price,Short,2026-06-20T12:20:56Z
2026-06-20T12:18:09Z,2026-06-20T14:18:09+0200,4bddbab4-20af-41f1-90cc-d649ae7f214d,2026-06-02T22:15:00Z,2026-06-03T00:15:00+0200,130.15,EUR/MWh,BE,BE,imbalance_price,Long,2026-06-20T12:20:56Z
2026-06-20T12:18:09Z,2026-06-20T14:18:09+0200,4bddbab4-20af-41f1-90cc-d649ae7f214d,2026-06-02T22:15:00Z,2026-06-03T00:15:00+0200,130.15,EUR/MWh,BE,BE,imbalance_price,Short,2026-06-20T12:20:56Z
2026-06-20T12:18:09Z,2026-06-20T14:18:09+0200,4bddbab4-20af-41f1-90cc-d649ae7f214d,2026-06-02T22:30:00Z,2026-06-03T00:30:00+0200,120.14,EUR/MWh,BE,BE,imbalance_price,Long,2026-06-20T12:20:56Z
2026-06-20T12:18:09Z,2026-06-20T14:18:09+0200,4bddbab4-20af-41f1-90cc-d649ae7f214d,2026-06-02T22:30:00Z,2026-06-03T00:30:00+0200,120.14,EUR/MWh,BE,BE,imbalance_price,Short,2026-06-20T12:20:56Z
2026-06-20T12:18:09Z,2026-06-20T14:18:09+0200,4bddbab4-20af-41f1-90cc-d649ae7f214d,2026-06-02T22:45:00Z,2026-06-03T00:45:00+0200,118.44,EUR/MWh,BE,BE,imbalance_price,Long,2026-06-20T12:20:56Z
2026-06-20T12:18:09Z,2026-06-20T14:18:09+0200,4bddbab4-20af-41f1-90cc-d649ae7f214d,2026-06-02T22:45:00Z,2026-06-03T00:45:00+0200,118.44,EUR/MWh,BE,BE,imbalance_price,Short,2026-06-20T12:20:56Z
2026-06-20T12:18:09Z,2026-06-20T14:18:09+0200,4bddbab4-20af-41f1-90cc-d649ae7f214d,2026-06-02T23:00:00Z,2026-06-03T01:00:00+0200,129.87,EUR/MWh,BE,BE,imbalance_price,Long,2026-06-20T12:20:56Z
2026-06-20T12:18:09Z,2026-06-20T14:18:09+0200,4bddbab4-20af-41f1-90cc-d649ae7f214d,2026-06-02T23:00:00Z,2026-06-03T01:00:00+0200,129.87,EUR/MWh,BE,BE,imbalance_price,Short,2026-06-20T12:20:56Z
2026-06-20T12:18:09Z,2026-06-20T14:18:09+0200,4bddbab4-20af-41f1-90cc-d649ae7f214d,2026-06-02T23:15:00Z,2026-06-03T01:15:00+0200,142.41,EUR/MWh,BE,BE,imbalance_price,Long,2026-06-20T12:20:56Z
2026-06-20T12:18:09Z,2026-06-20T14:18:09+0200,4bddbab4-20af-41f1-90cc-d649ae7f214d,2026-06-02T23:15:00Z,2026-06-03T01:15:00+0200,142.41,EUR/MWh,BE,BE,imbalance_price,Short,2026-06-20T12:20:56Z
2026-06-20T12:18:09Z,2026-06-20T14:18:09+0200,4bddbab4-20af-41f1-90cc-d649ae7f214d,2026-06-02T23:30:00Z,2026-06-03T01:30:00+0200,142.84,EUR/MWh,BE,BE,imbalance_price,Long,2026-06-20T12:20:56Z
2026-06-20T12:18:09Z,2026-06-20T14:18:09+0200,4bddbab4-20af-41f1-90cc-d649ae7f214d,2026-06-02T23:30:00Z,2026-06-03T01:30:00+0200,142.84,EUR/MWh,BE,BE,imbalance_price,Short,2026-06-20T12:20:56Z
2026-06-20T12:18:09Z,2026-06-20T14:18:09+0200,4bddbab4-20af-41f1-90cc-d649ae7f214d,2026-06-02T23:45:00Z,2026-06-03T01:45:00+0200,131.45,EUR/MWh,BE,BE,imbalance_price,Long,2026-06-20T12:20:56Z
2026-06-20T12:18:09Z,2026-06-20T14:18:09+0200,4bddbab4-20af-41f1-90cc-d649ae7f214d,2026-06-02T23:45:00Z,2026-06-03T01:45:00+0200,131.45,EUR/MWh,BE,BE,imbalance_price,Short,2026-06-20T12:20:56Z
2026-06-20T12:18:09Z,2026-06-20T14:18:09+0200,4bddbab4-20af-41f1-90cc-d649ae7f214d,2026-06-03T00:00:00Z,2026-06-03T02:00:00+0200,170.39,EUR/MWh,BE,BE,imbalance_price,Long,2026-06-20T12:20:56Z
2026-06-20T12:18:09Z,2026-06-20T14:18:09+0200,4bddbab4-20af-41f1-90cc-d649ae7f214d,2026-06-03T00:00:00Z,2026-06-03T02:00:00+0200,170.39,EUR/MWh,BE,BE,imbalance_price,Short,2026-06-20T12:20:56Z
2026-06-20T12:18:09Z,2026-06-20T14:18:09+0200,4bddbab4-20af-41f1-90cc-d649ae7f214d,2026-06-03T00:15:00Z,2026-06-03T02:15:00+0200,166.35,EUR/MWh,BE,BE,imbalance_price,Long,2026-06-20T12:20:56Z
2026-06-20T12:18:09Z,2026-06-20T14:18:09+0200,4bddbab4-20af-41f1-90cc-d649ae7f214d,2026-06-03T00:15:00Z,2026-06-03T02:15:00+0200,166.35,EUR/MWh,BE,BE,imbalance_price,Short,2026-06-20T12:20:56Z
2026-06-20T12:18:09Z,2026-06-20T14:18:09+0200,4bddbab4-20af-41f1-90cc-d649ae7f214d,2026-06-03T00:30:00Z,2026-06-03T02:30:00+0200,152.54,EUR/MWh,BE,BE,imbalance_price,Long,2026-06-20T12:20:56Z
2026-06-20T12:18:09Z,2026-06-20T14:18:09+0200,4bddbab4-20af-41f1-90cc-d649ae7f214d,2026-06-03T00:30:00Z,2026-06-03T02:30:00+0200,152.54,EUR/MWh,BE,BE,imbalance_price,Short,2026-06-20T12:20:56Z
2026-06-20T12:18:09Z,2026-06-20T14:18:09+0200,4bddbab4-20af-41f1-90cc-d649ae7f214d,2026-06-03T00:45:00Z,2026-06-03T02:45:00+0200,143.68,EUR/MWh,BE,BE,imbalance_price,Long,2026-06-20T12:20:56Z
2026-06-20T12:18:09Z,2026-06-20T14:18:09+0200,4bddbab4-20af-41f1-90cc-d649ae7f214d,2026-06-03T00:45:00Z,2026-06-03T02:45:00+0200,143.68,EUR/MWh,BE,BE,imbalance_price,Short,2026-06-20T12:20:56Z
2026-06-20T12:18:09Z,2026-06-20T14:18:09+0200,4bddbab4-20af-41f1-90cc-d649ae7f214d,2026-06-03T01:00:00Z,2026-06-03T03:00:00+0200,157.86,EUR/MWh,BE,BE,imbalance_price,Long,2026-06-20T12:20:56Z
2026-06-20T12:18:09Z,2026-06-20T14:18:09+0200,4bddbab4-20af-41f1-90cc-d649ae7f214d,2026-06-03T01:00:00Z,2026-06-03T03:00:00+0200,157.86,EUR/MWh,BE,BE,imbalance_price,Short,2026-06-20T12:20:56Z
2026-06-20T12:18:09Z,2026-06-20T14:18:09+0200,4bddbab4-20af-41f1-90cc-d649ae7f214d,2026-06-03T01:15:00Z,2026-06-03T03:15:00+0200,161.18,EUR/MWh,BE,BE,imbalance_price,Long,2026-06-20T12:20:56Z
2026-06-20T12:18:09Z,2026-06-20T14:18:09+0200,4bddbab4-20af-41f1-90cc-d649ae7f214d,2026-06-03T01:15:00Z,2026-06-03T03:15:00+0200,161.18,EUR/MWh,BE,BE,imbalance_price,Short,2026-06-20T12:20:56Z
2026-06-20T12:18:09Z,2026-06-20T14:18:09+0200,4bddbab4-20af-41f1-90cc-d649ae7f214d,2026-06-03T01:30:00Z,2026-06-03T03:30:00+0200,152.35,EUR/MWh,BE,BE,imbalance_price,Long,2026-06-20T12:20:56Z
2026-06-20T12:18:09Z,2026-06-20T14:18:09+0200,4bddbab4-20af-41f1-90cc-d649ae7f214d,2026-06-03T01:30:00Z,2026-06-03T03:30:00+0200,152.35,EUR/MWh,BE,BE,imbalance_price,Short,2026-06-20T12:20:56Z
2026-06-20T12:18:09Z,2026-06-20T14:18:09+0200,4bddbab4-20af-41f1-90cc-d649ae7f214d,2026-06-03T01:45:00Z,2026-06-03T03:45:00+0200,138.6,EUR/MWh,BE,BE,imbalance_price,Long,2026-06-20T12:20:56Z
2026-06-20T12:18:09Z,2026-06-20T14:18:09+0200,4bddbab4-20af-41f1-90cc-d649ae7f214d,2026-06-03T01:45:00Z,2026-06-03T03:45:00+0200,138.6,EUR/MWh,BE,BE,imbalance_price,Short,2026-06-20T12:20:56Z
2026-06-20T12:18:09Z,2026-06-20T14:18:09+0200,4bddbab4-20af-41f1-90cc-d649ae7f214d,2026-06-03T02:00:00Z,2026-06-03T04:00:00+0200,129.58,EUR/MWh,BE,BE,imbalance_price,Long,2026-06-20T12:20:56Z
2026-06-20T12:18:09Z,2026-06-20T14:18:09+0200,4bddbab4-20af-41f1-90cc-d649ae7f214d,2026-06-03T02:00:00Z,2026-06-03T04:00:00+0200,129.58,EUR/MWh,BE,BE,imbalance_price,Short,2026-06-20T12:20:56Z
2026-06-20T12:18:09Z,2026-06-20T14:18:09+0200,4bddbab4-20af-41f1-90cc-d649ae7f214d,2026-06-03T02:15:00Z,2026-06-03T04:15:00+0200,35.16,EUR/MWh,BE,BE,imbalance_price,Long,2026-06-20T12:20:56Z
2026-06-20T12:18:09Z,2026-06-20T14:18:09+0200,4bddbab4-20af-41f1-90cc-d649ae7f214d,2026-06-03T02:15:00Z,2026-06-03T04:15:00+0200,35.16,EUR/MWh,BE,BE,imbalance_price,Short,2026-06-20T12:20:56Z
2026-06-20T12:18:09Z,2026-06-20T14:18:09+0200,4bddbab4-20af-41f1-90cc-d649ae7f214d,2026-06-03T02:30:00Z,2026-06-03T04:30:00+0200,89.35,EUR/MWh,BE,BE,imbalance_price,Long,2026-06-20T12:20:56Z
2026-06-20T12:18:09Z,2026-06-20T14:18:09+0200,4bddbab4-20af-41f1-90cc-d649ae7f214d,2026-06-03T02:30:00Z,2026-06-03T04:30:00+0200,89.35,EUR/MWh,BE,BE,imbalance_price,Short,2026-06-20T12:20:56Z
2026-06-20T12:18:09Z,2026-06-20T14:18:09+0200,4bddbab4-20af-41f1-90cc-d649ae7f214d,2026-06-03T02:45:00Z,2026-06-03T04:45:00+0200,57.9,EUR/MWh,BE,BE,imbalance_price,Long,2026-06-20T12:20:56Z
2026-06-20T12:18:09Z,2026-06-20T14:18:09+0200,4bddbab4-20af-41f1-90cc-d649ae7f214d,2026-06-03T02:45:00Z,2026-06-03T04:45:00+0200,57.9,EUR/MWh,BE,BE,imbalance_price,Short,2026-06-20T12:20:56Z
2026-06-20T12:18:09Z,2026-06-20T14:18:09+0200,4bddbab4-20af-41f1-90cc-d649ae7f214d,2026-06-03T03:00:00Z,2026-06-03T05:00:00+0200,133.96,EUR/MWh,BE,BE,imbalance_price,Long,2026-06-20T12:20:56Z
2026-06-20T12:18:09Z,2026-06-20T14:18:09+0200,4bddbab4-20af-41f1-90cc-d649ae7f214d,2026-06-03T03:00:00Z,2026-06-03T05:00:00+0200,133.96,EUR/MWh,BE,BE,imbalance_price,Short,2026-06-20T12:20:56Z
2026-06-20T12:18:09Z,2026-06-20T14:18:09+0200,4bddbab4-20af-41f1-90cc-d649ae7f214d,2026-06-03T03:15:00Z,2026-06-03T05:15:00+0200,132.0,EUR/MWh,BE,BE,imbalance_price,Long,2026-06-20T12:20:56Z
2026-06-20T12:18:09Z,2026-06-20T14:18:09+0200,4bddbab4-20af-41f1-90cc-d649ae7f214d,2026-06-03T03:15:00Z,2026-06-03T05:15:00+0200,132.0,EUR/MWh,BE,BE,imbalance_price,Short,2026-06-20T12:20:56Z
2026-06-20T12:18:09Z,2026-06-20T14:18:09+0200,4bddbab4-20af-41f1-90cc-d649ae7f214d,2026-06-03T03:30:00Z,2026-06-03T05:30:00+0200,137.63,EUR/MWh,BE,BE,imbalance_price,Long,2026-06-20T12:20:56Z
2026-06-20T12:18:09Z,2026-06-20T14:18:09+0200,4bddbab4-20af-41f1-90cc-d649ae7f214d,2026-06-03T03:30:00Z,2026-06-03T05:30:00+0200,137.63,EUR/MWh,BE,BE,imbalance_price,Short,2026-06-20T12:20:56Z
2026-06-20T12:18:09Z,2026-06-20T14:18:09+0200,4bddbab4-20af-41f1-90cc-d649ae7f214d,2026-06-03T03:45:00Z,2026-06-03T05:45:00+0200,141.64,EUR/MWh,BE,BE,imbalance_price,Long,2026-06-20T12:20:56Z
2026-06-20T12:18:09Z,2026-06-20T14:18:09+0200,4bddbab4-20af-41f1-90cc-d649ae7f214d,2026-06-03T03:45:00Z,2026-06-03T05:45:00+0200,141.64,EUR/MWh,BE,BE,imbalance_price,Short,2026-06-20T12:20:56Z
2026-06-20T12:18:09Z,2026-06-20T14:18:09+0200,4bddbab4-20af-41f1-90cc-d649ae7f214d,2026-06-03T04:00:00Z,2026-06-03T06:00:00+0200,182.52,EUR/MWh,BE,BE,imbalance_price,Long,2026-06-20T12:20:56Z
2026-06-20T12:18:09Z,2026-06-20T14:18:09+0200,4bddbab4-20af-41f1-90cc-d649ae7f214d,2026-06-03T04:00:00Z,2026-06-03T06:00:00+0200,182.52,EUR/MWh,BE,BE,imbalance_price,Short,2026-06-20T12:20:56Z
2026-06-20T12:18:09Z,2026-06-20T14:18:09+0200,4bddbab4-20af-41f1-90cc-d649ae7f214d,2026-06-03T04:15:00Z,2026-06-03T06:15:00+0200,162.75,EUR/MWh,BE,BE,imbalance_price,Long,2026-06-20T12:20:56Z
2026-06-20T12:18:09Z,2026-06-20T14:18:09+0200,4bddbab4-20af-41f1-90cc-d649ae7f214d,2026-06-03T04:15:00Z,2026-06-03T06:15:00+0200,162.75,EUR/MWh,BE,BE,imbalance_price,Short,2026-06-20T12:20:56Z
2026-06-20T12:18:09Z,2026-06-20T14:18:09+0200,4bddbab4-20af-41f1-90cc-d649ae7f214d,2026-06-03T04:30:00Z,2026-06-03T06:30:00+0200,157.86,EUR/MWh,BE,BE,imbalance_price,Long,2026-06-20T12:20:56Z
2026-06-20T12:18:09Z,2026-06-20T14:18:09+0200,4bddbab4-20af-41f1-90cc-d649ae7f214d,2026-06-03T04:30:00Z,2026-06-03T06:30:00+0200,157.86,EUR/MWh,BE,BE,imbalance_price,Short,2026-06-20T12:20:56Z
2026-06-20T12:18:09Z,2026-06-20T14:18:09+0200,4bddbab4-20af-41f1-90cc-d649ae7f214d,2026-06-03T04:45:00Z,2026-06-03T06:45:00+0200,173.18,EUR/MWh,BE,BE,imbalance_price,Long,2026-06-20T12:20:56Z
2026-06-20T12:18:09Z,2026-06-20T14:18:09+0200,4bddbab4-20af-41f1-90cc-d649ae7f214d,2026-06-03T04:45:00Z,2026-06-03T06:45:00+0200,173.18,EUR/MWh,BE,BE,imbalance_price,Short,2026-06-20T12:20:56Z
2026-06-20T12:18:09Z,2026-06-20T14:18:09+0200,4bddbab4-20af-41f1-90cc-d649ae7f214d,2026-06-03T05:00:00Z,2026-06-03T07:00:00+0200,185.68,EUR/MWh,BE,BE,imbalance_price,Long,2026-06-20T12:20:56Z
2026-06-20T12:18:09Z,2026-06-20T14:18:09+0200,4bddbab4-20af-41f1-90cc-d649ae7f214d,2026-06-03T05:00:00Z,2026-06-03T07:00:00+0200,185.68,EUR/MWh,BE,BE,imbalance_price,Short,2026-06-20T12:20:56Z
2026-06-20T12:18:09Z,2026-06-20T14:18:09+0200,4bddbab4-20af-41f1-90cc-d649ae7f214d,2026-06-03T05:15:00Z,2026-06-03T07:15:00+0200,211.16,EUR/MWh,BE,BE,imbalance_price,Long,2026-06-20T12:20:56Z
2026-06-20T12:18:09Z,2026-06-20T14:18:09+0200,4bddbab4-20af-41f1-90cc-d649ae7f214d,2026-06-03T05:15:00Z,2026-06-03T07:15:00+0200,211.16,EUR/MWh,BE,BE,imbalance_price,Short,2026-06-20T12:20:56Z
2026-06-20T12:18:09Z,2026-06-20T14:18:09+0200,4bddbab4-20af-41f1-90cc-d649ae7f214d,2026-06-03T05:30:00Z,2026-06-03T07:30:00+0200,360.94,EUR/MWh,BE,BE,imbalance_price,Long,2026-06-20T12:20:56Z
2026-06-20T12:18:09Z,2026-06-20T14:18:09+0200,4bddbab4-20af-41f1-90cc-d649ae7f214d,2026-06-03T05:30:00Z,2026-06-03T07:30:00+0200,360.94,EUR/MWh,BE,BE,imbalance_price,Short,2026-06-20T12:20:56Z
2026-06-20T12:18:09Z,2026-06-20T14:18:09+0200,4bddbab4-20af-41f1-90cc-d649ae7f214d,2026-06-03T05:45:00Z,2026-06-03T07:45:00+0200,396.49,EUR/MWh,BE,BE,imbalance_price,Long,2026-06-20T12:20:56Z
2026-06-20T12:18:09Z,2026-06-20T14:18:09+0200,4bddbab4-20af-41f1-90cc-d649ae7f214d,2026-06-03T05:45:00Z,2026-06-03T07:45:00+0200,396.49,EUR/MWh,BE,BE,imbalance_price,Short,2026-06-20T12:20:56Z
2026-06-20T12:18:09Z,2026-06-20T14:18:09+0200,4bddbab4-20af-41f1-90cc-d649ae7f214d,2026-06-03T06:00:00Z,2026-06-03T08:00:00+0200,551.88,EUR/MWh,BE,BE,imbalance_price,Long,2026-06-20T12:20:56Z
2026-06-20T12:18:09Z,2026-06-20T14:18:09+0200,4bddbab4-20af-41f1-90cc-d649ae7f214d,2026-06-03T06:00:00Z,2026-06-03T08:00:00+0200,551.88,EUR/MWh,BE,BE,imbalance_price,Short,2026-06-20T12:20:56Z
2026-06-20T12:18:09Z,2026-06-20T14:18:09+0200,4bddbab4-20af-41f1-90cc-d649ae7f214d,2026-06-03T06:15:00Z,2026-06-03T08:15:00+0200,551.88,EUR/MWh,BE,BE,imbalance_price,Long,2026-06-20T12:20:56Z
2026-06-20T12:18:09Z,2026-06-20T14:18:09+0200,4bddbab4-20af-41f1-90cc-d649ae7f214d,2026-06-03T06:15:00Z,2026-06-03T08:15:00+0200,551.88,EUR/MWh,BE,BE,imbalance_price,Short,2026-06-20T12:20:56Z
2026-06-20T12:18:09Z,2026-06-20T14:18:09+0200,4bddbab4-20af-41f1-90cc-d649ae7f214d,2026-06-03T06:30:00Z,2026-06-03T08:30:00+0200,399.74,EUR/MWh,BE,BE,imbalance_price,Long,2026-06-20T12:20:56Z
2026-06-20T12:18:09Z,2026-06-20T14:18:09+0200,4bddbab4-20af-41f1-90cc-d649ae7f214d,2026-06-03T06:30:00Z,2026-06-03T08:30:00+0200,399.74,EUR/MWh,BE,BE,imbalance_price,Short,2026-06-20T12:20:56Z
2026-06-20T12:18:09Z,2026-06-20T14:18:09+0200,4bddbab4-20af-41f1-90cc-d649ae7f214d,2026-06-03T06:45:00Z,2026-06-03T08:45:00+0200,369.79,EUR/MWh,BE,BE,imbalance_price,Long,2026-06-20T12:20:56Z
2026-06-20T12:18:09Z,2026-06-20T14:18:09+0200,4bddbab4-20af-41f1-90cc-d649ae7f214d,2026-06-03T06:45:00Z,2026-06-03T08:45:00+0200,369.79,EUR/MWh,BE,BE,imbalance_price,Short,2026-06-20T12:20:56Z
2026-06-20T12:18:09Z,2026-06-20T14:18:09+0200,4bddbab4-20af-41f1-90cc-d649ae7f214d,2026-06-03T07:00:00Z,2026-06-03T09:00:00+0200,136.27,EUR/MWh,BE,BE,imbalance_price,Long,2026-06-20T12:20:56Z
2026-06-20T12:18:09Z,2026-06-20T14:18:09+0200,4bddbab4-20af-41f1-90cc-d649ae7f214d,2026-06-03T07:00:00Z,2026-06-03T09:00:00+0200,136.27,EUR/MWh,BE,BE,imbalance_price,Short,2026-06-20T12:20:56Z
2026-06-20T12:18:09Z,2026-06-20T14:18:09+0200,4bddbab4-20af-41f1-90cc-d649ae7f214d,2026-06-03T07:15:00Z,2026-06-03T09:15:00+0200,197.36,EUR/MWh,BE,BE,imbalance_price,Long,2026-06-20T12:20:56Z
2026-06-20T12:18:09Z,2026-06-20T14:18:09+0200,4bddbab4-20af-41f1-90cc-d649ae7f214d,2026-06-03T07:15:00Z,2026-06-03T09:15:00+0200,197.36,EUR/MWh,BE,BE,imbalance_price,Short,2026-06-20T12:20:56Z
2026-06-20T12:18:09Z,2026-06-20T14:18:09+0200,4bddbab4-20af-41f1-90cc-d649ae7f214d,2026-06-03T07:30:00Z,2026-06-03T09:30:00+0200,100.04,EUR/MWh,BE,BE,imbalance_price,Long,2026-06-20T12:20:56Z
2026-06-20T12:18:09Z,2026-06-20T14:18:09+0200,4bddbab4-20af-41f1-90cc-d649ae7f214d,2026-06-03T07:30:00Z,2026-06-03T09:30:00+0200,100.04,EUR/MWh,BE,BE,imbalance_price,Short,2026-06-20T12:20:56Z
2026-06-20T12:18:09Z,2026-06-20T14:18:09+0200,4bddbab4-20af-41f1-90cc-d649ae7f214d,2026-06-03T07:45:00Z,2026-06-03T09:45:00+0200,84.24,EUR/MWh,BE,BE,imbalance_price,Long,2026-06-20T12:20:56Z
2026-06-20T12:18:09Z,2026-06-20T14:18:09+0200,4bddbab4-20af-41f1-90cc-d649ae7f214d,2026-06-03T07:45:00Z,2026-06-03T09:45:00+0200,84.24,EUR/MWh,BE,BE,imbalance_price,Short,2026-06-20T12:20:56Z
2026-06-20T12:18:09Z,2026-06-20T14:18:09+0200,4bddbab4-20af-41f1-90cc-d649ae7f214d,2026-06-03T08:00:00Z,2026-06-03T10:00:00+0200,95.97,EUR/MWh,BE,BE,imbalance_price,Long,2026-06-20T12:20:56Z
2026-06-20T12:18:09Z,2026-06-20T14:18:09+0200,4bddbab4-20af-41f1-90cc-d649ae7f214d,2026-06-03T08:00:00Z,2026-06-03T10:00:00+0200,95.97,EUR/MWh,BE,BE,imbalance_price,Short,2026-06-20T12:20:56Z
2026-06-20T12:18:09Z,2026-06-20T14:18:09+0200,4bddbab4-20af-41f1-90cc-d649ae7f214d,2026-06-03T08:15:00Z,2026-06-03T10:15:00+0200,100.81,EUR/MWh,BE,BE,imbalance_price,Long,2026-06-20T12:20:56Z
2026-06-20T12:18:09Z,2026-06-20T14:18:09+0200,4bddbab4-20af-41f1-90cc-d649ae7f214d,2026-06-03T08:15:00Z,2026-06-03T10:15:00+0200,100.81,EUR/MWh,BE,BE,imbalance_price,Short,2026-06-20T12:20:56Z
2026-06-20T12:18:09Z,2026-06-20T14:18:09+0200,4bddbab4-20af-41f1-90cc-d649ae7f214d,2026-06-03T08:30:00Z,2026-06-03T10:30:00+0200,34.13,EUR/MWh,BE,BE,imbalance_price,Long,2026-06-20T12:20:56Z
2026-06-20T12:18:09Z,2026-06-20T14:18:09+0200,4bddbab4-20af-41f1-90cc-d649ae7f214d,2026-06-03T08:30:00Z,2026-06-03T10:30:00+0200,34.13,EUR/MWh,BE,BE,imbalance_price,Short,2026-06-20T12:20:56Z
2026-06-20T12:18:09Z,2026-06-20T14:18:09+0200,4bddbab4-20af-41f1-90cc-d649ae7f214d,2026-06-03T08:45:00Z,2026-06-03T10:45:00+0200,41.6,EUR/MWh,BE,BE,imbalance_price,Long,2026-06-20T12:20:56Z
2026-06-20T12:18:09Z,2026-06-20T14:18:09+0200,4bddbab4-20af-41f1-90cc-d649ae7f214d,2026-06-03T08:45:00Z,2026-06-03T10:45:00+0200,41.6,EUR/MWh,BE,BE,imbalance_price,Short,2026-06-20T12:20:56Z
2026-06-20T12:18:09Z,2026-06-20T14:18:09+0200,4bddbab4-20af-41f1-90cc-d649ae7f214d,2026-06-03T09:00:00Z,2026-06-03T11:00:00+0200,90.72,EUR/MWh,BE,BE,imbalance_price,Long,2026-06-20T12:20:56Z
2026-06-20T12:18:09Z,2026-06-20T14:18:09+0200,4bddbab4-20af-41f1-90cc-d649ae7f214d,2026-06-03T09:00:00Z,2026-06-03T11:00:00+0200,90.72,EUR/MWh,BE,BE,imbalance_price,Short,2026-06-20T12:20:56Z
2026-06-20T12:18:09Z,2026-06-20T14:18:09+0200,4bddbab4-20af-41f1-90cc-d649ae7f214d,2026-06-03T09:15:00Z,2026-06-03T11:15:00+0200,49.31,EUR/MWh,BE,BE,imbalance_price,Long,2026-06-20T12:20:56Z
2026-06-20T12:18:09Z,2026-06-20T14:18:09+0200,4bddbab4-20af-41f1-90cc-d649ae7f214d,2026-06-03T09:15:00Z,2026-06-03T11:15:00+0200,49.31,EUR/MWh,BE,BE,imbalance_price,Short,2026-06-20T12:20:56Z
2026-06-20T12:18:09Z,2026-06-20T14:18:09+0200,4bddbab4-20af-41f1-90cc-d649ae7f214d,2026-06-03T09:30:00Z,2026-06-03T11:30:00+0200,38.55,EUR/MWh,BE,BE,imbalance_price,Long,2026-06-20T12:20:56Z
2026-06-20T12:18:09Z,2026-06-20T14:18:09+0200,4bddbab4-20af-41f1-90cc-d649ae7f214d,2026-06-03T09:30:00Z,2026-06-03T11:30:00+0200,38.55,EUR/MWh,BE,BE,imbalance_price,Short,2026-06-20T12:20:56Z
2026-06-20T12:18:09Z,2026-06-20T14:18:09+0200,4bddbab4-20af-41f1-90cc-d649ae7f214d,2026-06-03T09:45:00Z,2026-06-03T11:45:00+0200,49.41,EUR/MWh,BE,BE,imbalance_price,Long,2026-06-20T12:20:56Z
2026-06-20T12:18:09Z,2026-06-20T14:18:09+0200,4bddbab4-20af-41f1-90cc-d649ae7f214d,2026-06-03T09:45:00Z,2026-06-03T11:45:00+0200,49.41,EUR/MWh,BE,BE,imbalance_price,Short,2026-06-20T12:20:56Z
2026-06-20T12:18:09Z,2026-06-20T14:18:09+0200,4bddbab4-20af-41f1-90cc-d649ae7f214d,2026-06-03T10:00:00Z,2026-06-03T12:00:00+0200,45.26,EUR/MWh,BE,BE,imbalance_price,Long,2026-06-20T12:20:56Z
2026-06-20T12:18:09Z,2026-06-20T14:18:09+0200,4bddbab4-20af-41f1-90cc-d649ae7f214d,2026-06-03T10:00:00Z,2026-06-03T12:00:00+0200,45.26,EUR/MWh,BE,BE,imbalance_price,Short,2026-06-20T12:20:56Z
2026-06-20T12:18:09Z,2026-06-20T14:18:09+0200,4bddbab4-20af-41f1-90cc-d649ae7f214d,2026-06-03T10:15:00Z,2026-06-03T12:15:00+0200,52.11,EUR/MWh,BE,BE,imbalance_price,Long,2026-06-20T12:20:56Z
2026-06-20T12:18:09Z,2026-06-20T14:18:09+0200,4bddbab4-20af-41f1-90cc-d649ae7f214d,2026-06-03T10:15:00Z,2026-06-03T12:15:00+0200,52.11,EUR/MWh,BE,BE,imbalance_price,Short,2026-06-20T12:20:56Z
2026-06-20T12:18:09Z,2026-06-20T14:18:09+0200,4bddbab4-20af-41f1-90cc-d649ae7f214d,2026-06-03T10:30:00Z,2026-06-03T12:30:00+0200,59.67,EUR/MWh,BE,BE,imbalance_price,Long,2026-06-20T12:20:56Z
2026-06-20T12:18:09Z,2026-06-20T14:18:09+0200,4bddbab4-20af-41f1-90cc-d649ae7f214d,2026-06-03T10:30:00Z,2026-06-03T12:30:00+0200,59.67,EUR/MWh,BE,BE,imbalance_price,Short,2026-06-20T12:20:56Z
2026-06-20T12:18:09Z,2026-06-20T14:18:09+0200,4bddbab4-20af-41f1-90cc-d649ae7f214d,2026-06-03T10:45:00Z,2026-06-03T12:45:00+0200,67.4,EUR/MWh,BE,BE,imbalance_price,Long,2026-06-20T12:20:56Z
2026-06-20T12:18:09Z,2026-06-20T14:18:09+0200,4bddbab4-20af-41f1-90cc-d649ae7f214d,2026-06-03T10:45:00Z,2026-06-03T12:45:00+0200,67.4,EUR/MWh,BE,BE,imbalance_price,Short,2026-06-20T12:20:56Z
2026-06-20T12:18:09Z,2026-06-20T14:18:09+0200,4bddbab4-20af-41f1-90cc-d649ae7f214d,2026-06-03T11:00:00Z,2026-06-03T13:00:00+0200,57.21,EUR/MWh,BE,BE,imbalance_price,Long,2026-06-20T12:20:56Z
2026-06-20T12:18:09Z,2026-06-20T14:18:09+0200,4bddbab4-20af-41f1-90cc-d649ae7f214d,2026-06-03T11:00:00Z,2026-06-03T13:00:00+0200,57.21,EUR/MWh,BE,BE,imbalance_price,Short,2026-06-20T12:20:56Z
2026-06-20T12:18:09Z,2026-06-20T14:18:09+0200,4bddbab4-20af-41f1-90cc-d649ae7f214d,2026-06-03T11:15:00Z,2026-06-03T13:15:00+0200,12.92,EUR/MWh,BE,BE,imbalance_price,Long,2026-06-20T12:20:56Z
2026-06-20T12:18:09Z,2026-06-20T14:18:09+0200,4bddbab4-20af-41f1-90cc-d649ae7f214d,2026-06-03T11:15:00Z,2026-06-03T13:15:00+0200,12.92,EUR/MWh,BE,BE,imbalance_price,Short,2026-06-20T12:20:56Z
2026-06-20T12:18:09Z,2026-06-20T14:18:09+0200,4bddbab4-20af-41f1-90cc-d649ae7f214d,2026-06-03T11:30:00Z,2026-06-03T13:30:00+0200,-25.5,EUR/MWh,BE,BE,imbalance_price,Long,2026-06-20T12:20:56Z
2026-06-20T12:18:09Z,2026-06-20T14:18:09+0200,4bddbab4-20af-41f1-90cc-d649ae7f214d,2026-06-03T11:30:00Z,2026-06-03T13:30:00+0200,-25.5,EUR/MWh,BE,BE,imbalance_price,Short,2026-06-20T12:20:56Z
2026-06-20T12:18:09Z,2026-06-20T14:18:09+0200,4bddbab4-20af-41f1-90cc-d649ae7f214d,2026-06-03T11:45:00Z,2026-06-03T13:45:00+0200,-25.99,EUR/MWh,BE,BE,imbalance_price,Long,2026-06-20T12:20:56Z
2026-06-20T12:18:09Z,2026-06-20T14:18:09+0200,4bddbab4-20af-41f1-90cc-d649ae7f214d,2026-06-03T11:45:00Z,2026-06-03T13:45:00+0200,-25.99,EUR/MWh,BE,BE,imbalance_price,Short,2026-06-20T12:20:56Z
2026-06-20T12:18:09Z,2026-06-20T14:18:09+0200,4bddbab4-20af-41f1-90cc-d649ae7f214d,2026-06-03T12:00:00Z,2026-06-03T14:00:00+0200,-9.16,EUR/MWh,BE,BE,imbalance_price,Long,2026-06-20T12:20:56Z
2026-06-20T12:18:09Z,2026-06-20T14:18:09+0200,4bddbab4-20af-41f1-90cc-d649ae7f214d,2026-06-03T12:00:00Z,2026-06-03T14:00:00+0200,-9.16,EUR/MWh,BE,BE,imbalance_price,Short,2026-06-20T12:20:56Z
2026-06-20T12:18:09Z,2026-06-20T14:18:09+0200,4bddbab4-20af-41f1-90cc-d649ae7f214d,2026-06-03T12:15:00Z,2026-06-03T14:15:00+0200,-12.18,EUR/MWh,BE,BE,imbalance_price,Long,2026-06-20T12:20:56Z
2026-06-20T12:18:09Z,2026-06-20T14:18:09+0200,4bddbab4-20af-41f1-90cc-d649ae7f214d,2026-06-03T12:15:00Z,2026-06-03T14:15:00+0200,-12.18,EUR/MWh,BE,BE,imbalance_price,Short,2026-06-20T12:20:56Z
2026-06-20T12:18:09Z,2026-06-20T14:18:09+0200,4bddbab4-20af-41f1-90cc-d649ae7f214d,2026-06-03T12:30:00Z,2026-06-03T14:30:00+0200,-7.46,EUR/MWh,BE,BE,imbalance_price,Long,2026-06-20T12:20:56Z
2026-06-20T12:18:09Z,2026-06-20T14:18:09+0200,4bddbab4-20af-41f1-90cc-d649ae7f214d,2026-06-03T12:30:00Z,2026-06-03T14:30:00+0200,-7.46,EUR/MWh,BE,BE,imbalance_price,Short,2026-06-20T12:20:56Z
2026-06-20T12:18:09Z,2026-06-20T14:18:09+0200,4bddbab4-20af-41f1-90cc-d649ae7f214d,2026-06-03T12:45:00Z,2026-06-03T14:45:00+0200,-8.3,EUR/MWh,BE,BE,imbalance_price,Long,2026-06-20T12:20:56Z
2026-06-20T12:18:09Z,2026-06-20T14:18:09+0200,4bddbab4-20af-41f1-90cc-d649ae7f214d,2026-06-03T12:45:00Z,2026-06-03T14:45:00+0200,-8.3,EUR/MWh,BE,BE,imbalance_price,Short,2026-06-20T12:20:56Z
2026-06-20T12:18:09Z,2026-06-20T14:18:09+0200,4bddbab4-20af-41f1-90cc-d649ae7f214d,2026-06-03T13:00:00Z,2026-06-03T15:00:00+0200,-4.54,EUR/MWh,BE,BE,imbalance_price,Long,2026-06-20T12:20:56Z
2026-06-20T12:18:09Z,2026-06-20T14:18:09+0200,4bddbab4-20af-41f1-90cc-d649ae7f214d,2026-06-03T13:00:00Z,2026-06-03T15:00:00+0200,-4.54,EUR/MWh,BE,BE,imbalance_price,Short,2026-06-20T12:20:56Z
2026-06-20T12:18:09Z,2026-06-20T14:18:09+0200,4bddbab4-20af-41f1-90cc-d649ae7f214d,2026-06-03T13:15:00Z,2026-06-03T15:15:00+0200,-1.51,EUR/MWh,BE,BE,imbalance_price,Long,2026-06-20T12:20:56Z
2026-06-20T12:18:09Z,2026-06-20T14:18:09+0200,4bddbab4-20af-41f1-90cc-d649ae7f214d,2026-06-03T13:15:00Z,2026-06-03T15:15:00+0200,-1.51,EUR/MWh,BE,BE,imbalance_price,Short,2026-06-20T12:20:56Z
2026-06-20T12:18:09Z,2026-06-20T14:18:09+0200,4bddbab4-20af-41f1-90cc-d649ae7f214d,2026-06-03T13:30:00Z,2026-06-03T15:30:00+0200,75.64,EUR/MWh,BE,BE,imbalance_price,Long,2026-06-20T12:20:56Z
2026-06-20T12:18:09Z,2026-06-20T14:18:09+0200,4bddbab4-20af-41f1-90cc-d649ae7f214d,2026-06-03T13:30:00Z,2026-06-03T15:30:00+0200,75.64,EUR/MWh,BE,BE,imbalance_price,Short,2026-06-20T12:20:56Z
2026-06-20T12:18:09Z,2026-06-20T14:18:09+0200,4bddbab4-20af-41f1-90cc-d649ae7f214d,2026-06-03T13:45:00Z,2026-06-03T15:45:00+0200,76.52,EUR/MWh,BE,BE,imbalance_price,Long,2026-06-20T12:20:56Z
2026-06-20T12:18:09Z,2026-06-20T14:18:09+0200,4bddbab4-20af-41f1-90cc-d649ae7f214d,2026-06-03T13:45:00Z,2026-06-03T15:45:00+0200,76.52,EUR/MWh,BE,BE,imbalance_price,Short,2026-06-20T12:20:56Z
2026-06-20T12:18:09Z,2026-06-20T14:18:09+0200,4bddbab4-20af-41f1-90cc-d649ae7f214d,2026-06-03T14:00:00Z,2026-06-03T16:00:00+0200,152.64,EUR/MWh,BE,BE,imbalance_price,Long,2026-06-20T12:20:56Z
2026-06-20T12:18:09Z,2026-06-20T14:18:09+0200,4bddbab4-20af-41f1-90cc-d649ae7f214d,2026-06-03T14:00:00Z,2026-06-03T16:00:00+0200,152.64,EUR/MWh,BE,BE,imbalance_price,Short,2026-06-20T12:20:56Z
2026-06-20T12:18:09Z,2026-06-20T14:18:09+0200,4bddbab4-20af-41f1-90cc-d649ae7f214d,2026-06-03T14:15:00Z,2026-06-03T16:15:00+0200,188.5,EUR/MWh,BE,BE,imbalance_price,Long,2026-06-20T12:20:56Z
2026-06-20T12:18:09Z,2026-06-20T14:18:09+0200,4bddbab4-20af-41f1-90cc-d649ae7f214d,2026-06-03T14:15:00Z,2026-06-03T16:15:00+0200,188.5,EUR/MWh,BE,BE,imbalance_price,Short,2026-06-20T12:20:56Z
2026-06-20T12:18:09Z,2026-06-20T14:18:09+0200,4bddbab4-20af-41f1-90cc-d649ae7f214d,2026-06-03T14:30:00Z,2026-06-03T16:30:00+0200,159.0,EUR/MWh,BE,BE,imbalance_price,Long,2026-06-20T12:20:56Z
2026-06-20T12:18:09Z,2026-06-20T14:18:09+0200,4bddbab4-20af-41f1-90cc-d649ae7f214d,2026-06-03T14:30:00Z,2026-06-03T16:30:00+0200,159.0,EUR/MWh,BE,BE,imbalance_price,Short,2026-06-20T12:20:56Z
2026-06-20T12:18:09Z,2026-06-20T14:18:09+0200,4bddbab4-20af-41f1-90cc-d649ae7f214d,2026-06-03T14:45:00Z,2026-06-03T16:45:00+0200,60.38,EUR/MWh,BE,BE,imbalance_price,Long,2026-06-20T12:20:56Z
2026-06-20T12:18:09Z,2026-06-20T14:18:09+0200,4bddbab4-20af-41f1-90cc-d649ae7f214d,2026-06-03T14:45:00Z,2026-06-03T16:45:00+0200,60.38,EUR/MWh,BE,BE,imbalance_price,Short,2026-06-20T12:20:56Z
2026-06-20T12:18:09Z,2026-06-20T14:18:09+0200,4bddbab4-20af-41f1-90cc-d649ae7f214d,2026-06-03T15:00:00Z,2026-06-03T17:00:00+0200,141.94,EUR/MWh,BE,BE,imbalance_price,Long,2026-06-20T12:20:56Z
2026-06-20T12:18:09Z,2026-06-20T14:18:09+0200,4bddbab4-20af-41f1-90cc-d649ae7f214d,2026-06-03T15:00:00Z,2026-06-03T17:00:00+0200,141.94,EUR/MWh,BE,BE,imbalance_price,Short,2026-06-20T12:20:56Z
2026-06-20T12:18:09Z,2026-06-20T14:18:09+0200,4bddbab4-20af-41f1-90cc-d649ae7f214d,2026-06-03T15:15:00Z,2026-06-03T17:15:00+0200,169.24,EUR/MWh,BE,BE,imbalance_price,Long,2026-06-20T12:20:56Z
2026-06-20T12:18:09Z,2026-06-20T14:18:09+0200,4bddbab4-20af-41f1-90cc-d649ae7f214d,2026-06-03T15:15:00Z,2026-06-03T17:15:00+0200,169.24,EUR/MWh,BE,BE,imbalance_price,Short,2026-06-20T12:20:56Z
2026-06-20T12:18:09Z,2026-06-20T14:18:09+0200,4bddbab4-20af-41f1-90cc-d649ae7f214d,2026-06-03T15:30:00Z,2026-06-03T17:30:00+0200,101.63,EUR/MWh,BE,BE,imbalance_price,Long,2026-06-20T12:20:56Z
2026-06-20T12:18:09Z,2026-06-20T14:18:09+0200,4bddbab4-20af-41f1-90cc-d649ae7f214d,2026-06-03T15:30:00Z,2026-06-03T17:30:00+0200,101.63,EUR/MWh,BE,BE,imbalance_price,Short,2026-06-20T12:20:56Z
2026-06-20T12:18:09Z,2026-06-20T14:18:09+0200,4bddbab4-20af-41f1-90cc-d649ae7f214d,2026-06-03T15:45:00Z,2026-06-03T17:45:00+0200,102.66,EUR/MWh,BE,BE,imbalance_price,Long,2026-06-20T12:20:56Z
2026-06-20T12:18:09Z,2026-06-20T14:18:09+0200,4bddbab4-20af-41f1-90cc-d649ae7f214d,2026-06-03T15:45:00Z,2026-06-03T17:45:00+0200,102.66,EUR/MWh,BE,BE,imbalance_price,Short,2026-06-20T12:20:56Z
2026-06-20T12:18:09Z,2026-06-20T14:18:09+0200,4bddbab4-20af-41f1-90cc-d649ae7f214d,2026-06-03T16:00:00Z,2026-06-03T18:00:00+0200,139.44,EUR/MWh,BE,BE,imbalance_price,Long,2026-06-20T12:20:56Z
2026-06-20T12:18:09Z,2026-06-20T14:18:09+0200,4bddbab4-20af-41f1-90cc-d649ae7f214d,2026-06-03T16:00:00Z,2026-06-03T18:00:00+0200,139.44,EUR/MWh,BE,BE,imbalance_price,Short,2026-06-20T12:20:56Z
2026-06-20T12:18:09Z,2026-06-20T14:18:09+0200,4bddbab4-20af-41f1-90cc-d649ae7f214d,2026-06-03T16:15:00Z,2026-06-03T18:15:00+0200,173.29,EUR/MWh,BE,BE,imbalance_price,Long,2026-06-20T12:20:56Z
2026-06-20T12:18:09Z,2026-06-20T14:18:09+0200,4bddbab4-20af-41f1-90cc-d649ae7f214d,2026-06-03T16:15:00Z,2026-06-03T18:15:00+0200,173.29,EUR/MWh,BE,BE,imbalance_price,Short,2026-06-20T12:20:56Z
2026-06-20T12:18:09Z,2026-06-20T14:18:09+0200,4bddbab4-20af-41f1-90cc-d649ae7f214d,2026-06-03T16:30:00Z,2026-06-03T18:30:00+0200,129.85,EUR/MWh,BE,BE,imbalance_price,Long,2026-06-20T12:20:56Z
2026-06-20T12:18:09Z,2026-06-20T14:18:09+0200,4bddbab4-20af-41f1-90cc-d649ae7f214d,2026-06-03T16:30:00Z,2026-06-03T18:30:00+0200,129.85,EUR/MWh,BE,BE,imbalance_price,Short,2026-06-20T12:20:56Z
2026-06-20T12:18:09Z,2026-06-20T14:18:09+0200,4bddbab4-20af-41f1-90cc-d649ae7f214d,2026-06-03T16:45:00Z,2026-06-03T18:45:00+0200,182.0,EUR/MWh,BE,BE,imbalance_price,Long,2026-06-20T12:20:56Z
2026-06-20T12:18:09Z,2026-06-20T14:18:09+0200,4bddbab4-20af-41f1-90cc-d649ae7f214d,2026-06-03T16:45:00Z,2026-06-03T18:45:00+0200,182.0,EUR/MWh,BE,BE,imbalance_price,Short,2026-06-20T12:20:56Z
2026-06-20T12:18:09Z,2026-06-20T14:18:09+0200,4bddbab4-20af-41f1-90cc-d649ae7f214d,2026-06-03T17:00:00Z,2026-06-03T19:00:00+0200,134.53,EUR/MWh,BE,BE,imbalance_price,Long,2026-06-20T12:20:56Z
2026-06-20T12:18:09Z,2026-06-20T14:18:09+0200,4bddbab4-20af-41f1-90cc-d649ae7f214d,2026-06-03T17:00:00Z,2026-06-03T19:00:00+0200,134.53,EUR/MWh,BE,BE,imbalance_price,Short,2026-06-20T12:20:56Z
2026-06-20T12:18:09Z,2026-06-20T14:18:09+0200,4bddbab4-20af-41f1-90cc-d649ae7f214d,2026-06-03T17:15:00Z,2026-06-03T19:15:00+0200,176.48,EUR/MWh,BE,BE,imbalance_price,Long,2026-06-20T12:20:56Z
2026-06-20T12:18:09Z,2026-06-20T14:18:09+0200,4bddbab4-20af-41f1-90cc-d649ae7f214d,2026-06-03T17:15:00Z,2026-06-03T19:15:00+0200,176.48,EUR/MWh,BE,BE,imbalance_price,Short,2026-06-20T12:20:56Z
2026-06-20T12:18:09Z,2026-06-20T14:18:09+0200,4bddbab4-20af-41f1-90cc-d649ae7f214d,2026-06-03T17:30:00Z,2026-06-03T19:30:00+0200,146.1,EUR/MWh,BE,BE,imbalance_price,Long,2026-06-20T12:20:56Z
2026-06-20T12:18:09Z,2026-06-20T14:18:09+0200,4bddbab4-20af-41f1-90cc-d649ae7f214d,2026-06-03T17:30:00Z,2026-06-03T19:30:00+0200,146.1,EUR/MWh,BE,BE,imbalance_price,Short,2026-06-20T12:20:56Z
2026-06-20T12:18:09Z,2026-06-20T14:18:09+0200,4bddbab4-20af-41f1-90cc-d649ae7f214d,2026-06-03T17:45:00Z,2026-06-03T19:45:00+0200,120.12,EUR/MWh,BE,BE,imbalance_price,Long,2026-06-20T12:20:56Z
2026-06-20T12:18:09Z,2026-06-20T14:18:09+0200,4bddbab4-20af-41f1-90cc-d649ae7f214d,2026-06-03T17:45:00Z,2026-06-03T19:45:00+0200,120.12,EUR/MWh,BE,BE,imbalance_price,Short,2026-06-20T12:20:56Z
2026-06-20T12:18:09Z,2026-06-20T14:18:09+0200,4bddbab4-20af-41f1-90cc-d649ae7f214d,2026-06-03T18:00:00Z,2026-06-03T20:00:00+0200,122.63,EUR/MWh,BE,BE,imbalance_price,Long,2026-06-20T12:20:56Z
2026-06-20T12:18:09Z,2026-06-20T14:18:09+0200,4bddbab4-20af-41f1-90cc-d649ae7f214d,2026-06-03T18:00:00Z,2026-06-03T20:00:00+0200,122.63,EUR/MWh,BE,BE,imbalance_price,Short,2026-06-20T12:20:56Z
2026-06-20T12:18:09Z,2026-06-20T14:18:09+0200,4bddbab4-20af-41f1-90cc-d649ae7f214d,2026-06-03T18:15:00Z,2026-06-03T20:15:00+0200,123.6,EUR/MWh,BE,BE,imbalance_price,Long,2026-06-20T12:20:56Z
2026-06-20T12:18:09Z,2026-06-20T14:18:09+0200,4bddbab4-20af-41f1-90cc-d649ae7f214d,2026-06-03T18:15:00Z,2026-06-03T20:15:00+0200,123.6,EUR/MWh,BE,BE,imbalance_price,Short,2026-06-20T12:20:56Z
2026-06-20T12:18:09Z,2026-06-20T14:18:09+0200,4bddbab4-20af-41f1-90cc-d649ae7f214d,2026-06-03T18:30:00Z,2026-06-03T20:30:00+0200,131.46,EUR/MWh,BE,BE,imbalance_price,Long,2026-06-20T12:20:56Z
2026-06-20T12:18:09Z,2026-06-20T14:18:09+0200,4bddbab4-20af-41f1-90cc-d649ae7f214d,2026-06-03T18:30:00Z,2026-06-03T20:30:00+0200,131.46,EUR/MWh,BE,BE,imbalance_price,Short,2026-06-20T12:20:56Z
2026-06-20T12:18:09Z,2026-06-20T14:18:09+0200,4bddbab4-20af-41f1-90cc-d649ae7f214d,2026-06-03T18:45:00Z,2026-06-03T20:45:00+0200,125.7,EUR/MWh,BE,BE,imbalance_price,Long,2026-06-20T12:20:56Z
2026-06-20T12:18:09Z,2026-06-20T14:18:09+0200,4bddbab4-20af-41f1-90cc-d649ae7f214d,2026-06-03T18:45:00Z,2026-06-03T20:45:00+0200,125.7,EUR/MWh,BE,BE,imbalance_price,Short,2026-06-20T12:20:56Z
2026-06-20T12:18:09Z,2026-06-20T14:18:09+0200,4bddbab4-20af-41f1-90cc-d649ae7f214d,2026-06-03T19:00:00Z,2026-06-03T21:00:00+0200,139.84,EUR/MWh,BE,BE,imbalance_price,Long,2026-06-20T12:20:56Z
2026-06-20T12:18:09Z,2026-06-20T14:18:09+0200,4bddbab4-20af-41f1-90cc-d649ae7f214d,2026-06-03T19:00:00Z,2026-06-03T21:00:00+0200,139.84,EUR/MWh,BE,BE,imbalance_price,Short,2026-06-20T12:20:56Z
2026-06-20T12:18:09Z,2026-06-20T14:18:09+0200,4bddbab4-20af-41f1-90cc-d649ae7f214d,2026-06-03T19:15:00Z,2026-06-03T21:15:00+0200,115.78,EUR/MWh,BE,BE,imbalance_price,Long,2026-06-20T12:20:56Z
2026-06-20T12:18:09Z,2026-06-20T14:18:09+0200,4bddbab4-20af-41f1-90cc-d649ae7f214d,2026-06-03T19:15:00Z,2026-06-03T21:15:00+0200,115.78,EUR/MWh,BE,BE,imbalance_price,Short,2026-06-20T12:20:56Z
2026-06-20T12:18:09Z,2026-06-20T14:18:09+0200,4bddbab4-20af-41f1-90cc-d649ae7f214d,2026-06-03T19:30:00Z,2026-06-03T21:30:00+0200,104.46,EUR/MWh,BE,BE,imbalance_price,Long,2026-06-20T12:20:56Z
2026-06-20T12:18:09Z,2026-06-20T14:18:09+0200,4bddbab4-20af-41f1-90cc-d649ae7f214d,2026-06-03T19:30:00Z,2026-06-03T21:30:00+0200,104.46,EUR/MWh,BE,BE,imbalance_price,Short,2026-06-20T12:20:56Z
2026-06-20T12:18:09Z,2026-06-20T14:18:09+0200,4bddbab4-20af-41f1-90cc-d649ae7f214d,2026-06-03T19:45:00Z,2026-06-03T21:45:00+0200,103.08,EUR/MWh,BE,BE,imbalance_price,Long,2026-06-20T12:20:56Z
2026-06-20T12:18:09Z,2026-06-20T14:18:09+0200,4bddbab4-20af-41f1-90cc-d649ae7f214d,2026-06-03T19:45:00Z,2026-06-03T21:45:00+0200,103.08,EUR/MWh,BE,BE,imbalance_price,Short,2026-06-20T12:20:56Z
2026-06-20T12:18:09Z,2026-06-20T14:18:09+0200,4bddbab4-20af-41f1-90cc-d649ae7f214d,2026-06-03T20:00:00Z,2026-06-03T22:00:00+0200,144.05,EUR/MWh,BE,BE,imbalance_price,Long,2026-06-20T12:20:56Z
2026-06-20T12:18:09Z,2026-06-20T14:18:09+0200,4bddbab4-20af-41f1-90cc-d649ae7f214d,2026-06-03T20:00:00Z,2026-06-03T22:00:00+0200,144.05,EUR/MWh,BE,BE,imbalance_price,Short,2026-06-20T12:20:56Z
2026-06-20T12:18:09Z,2026-06-20T14:18:09+0200,4bddbab4-20af-41f1-90cc-d649ae7f214d,2026-06-03T20:15:00Z,2026-06-03T22:15:00+0200,115.87,EUR/MWh,BE,BE,imbalance_price,Long,2026-06-20T12:20:56Z
2026-06-20T12:18:09Z,2026-06-20T14:18:09+0200,4bddbab4-20af-41f1-90cc-d649ae7f214d,2026-06-03T20:15:00Z,2026-06-03T22:15:00+0200,115.87,EUR/MWh,BE,BE,imbalance_price,Short,2026-06-20T12:20:56Z
2026-06-20T12:18:09Z,2026-06-20T14:18:09+0200,4bddbab4-20af-41f1-90cc-d649ae7f214d,2026-06-03T20:30:00Z,2026-06-03T22:30:00+0200,118.18,EUR/MWh,BE,BE,imbalance_price,Long,2026-06-20T12:20:56Z
2026-06-20T12:18:09Z,2026-06-20T14:18:09+0200,4bddbab4-20af-41f1-90cc-d649ae7f214d,2026-06-03T20:30:00Z,2026-06-03T22:30:00+0200,118.18,EUR/MWh,BE,BE,imbalance_price,Short,2026-06-20T12:20:56Z
2026-06-20T12:18:09Z,2026-06-20T14:18:09+0200,4bddbab4-20af-41f1-90cc-d649ae7f214d,2026-06-03T20:45:00Z,2026-06-03T22:45:00+0200,115.6,EUR/MWh,BE,BE,imbalance_price,Long,2026-06-20T12:20:56Z
2026-06-20T12:18:09Z,2026-06-20T14:18:09+0200,4bddbab4-20af-41f1-90cc-d649ae7f214d,2026-06-03T20:45:00Z,2026-06-03T22:45:00+0200,115.6,EUR/MWh,BE,BE,imbalance_price,Short,2026-06-20T12:20:56Z
2026-06-20T12:18:09Z,2026-06-20T14:18:09+0200,4bddbab4-20af-41f1-90cc-d649ae7f214d,2026-06-03T21:00:00Z,2026-06-03T23:00:00+0200,385.7,EUR/MWh,BE,BE,imbalance_price,Long,2026-06-20T12:20:56Z
2026-06-20T12:18:09Z,2026-06-20T14:18:09+0200,4bddbab4-20af-41f1-90cc-d649ae7f214d,2026-06-03T21:00:00Z,2026-06-03T23:00:00+0200,385.7,EUR/MWh,BE,BE,imbalance_price,Short,2026-06-20T12:20:56Z
2026-06-20T12:18:09Z,2026-06-20T14:18:09+0200,4bddbab4-20af-41f1-90cc-d649ae7f214d,2026-06-03T21:15:00Z,2026-06-03T23:15:00+0200,126.45,EUR/MWh,BE,BE,imbalance_price,Long,2026-06-20T12:20:56Z
2026-06-20T12:18:09Z,2026-06-20T14:18:09+0200,4bddbab4-20af-41f1-90cc-d649ae7f214d,2026-06-03T21:15:00Z,2026-06-03T23:15:00+0200,126.45,EUR/MWh,BE,BE,imbalance_price,Short,2026-06-20T12:20:56Z
2026-06-20T12:18:09Z,2026-06-20T14:18:09+0200,4bddbab4-20af-41f1-90cc-d649ae7f214d,2026-06-03T21:30:00Z,2026-06-03T23:30:00+0200,82.29,EUR/MWh,BE,BE,imbalance_price,Long,2026-06-20T12:20:56Z
2026-06-20T12:18:09Z,2026-06-20T14:18:09+0200,4bddbab4-20af-41f1-90cc-d649ae7f214d,2026-06-03T21:30:00Z,2026-06-03T23:30:00+0200,82.29,EUR/MWh,BE,BE,imbalance_price,Short,2026-06-20T12:20:56Z
2026-06-20T12:18:09Z,2026-06-20T14:18:09+0200,4bddbab4-20af-41f1-90cc-d649ae7f214d,2026-06-03T21:45:00Z,2026-06-03T23:45:00+0200,93.41,EUR/MWh,BE,BE,imbalance_price,Long,2026-06-20T12:20:56Z
2026-06-20T12:18:09Z,2026-06-20T14:18:09+0200,4bddbab4-20af-41f1-90cc-d649ae7f214d,2026-06-03T21:45:00Z,2026-06-03T23:45:00+0200,93.41,EUR/MWh,BE,BE,imbalance_price,Short,2026-06-20T12:20:56Z
2026-06-20T12:18:09Z,2026-06-20T14:18:09+0200,4bddbab4-20af-41f1-90cc-d649ae7f214d,2026-06-03T22:00:00Z,2026-06-04T00:00:00+0200,53.42,EUR/MWh,BE,BE,imbalance_price,Long,2026-06-20T12:20:56Z
2026-06-20T12:18:09Z,2026-06-20T14:18:09+0200,4bddbab4-20af-41f1-90cc-d649ae7f214d,2026-06-03T22:00:00Z,2026-06-04T00:00:00+0200,53.42,EUR/MWh,BE,BE,imbalance_price,Short,2026-06-20T12:20:56Z
2026-06-20T12:18:09Z,2026-06-20T14:18:09+0200,4bddbab4-20af-41f1-90cc-d649ae7f214d,2026-06-03T22:15:00Z,2026-06-04T00:15:00+0200,52.3,EUR/MWh,BE,BE,imbalance_price,Long,2026-06-20T12:20:56Z
2026-06-20T12:18:09Z,2026-06-20T14:18:09+0200,4bddbab4-20af-41f1-90cc-d649ae7f214d,2026-06-03T22:15:00Z,2026-06-04T00:15:00+0200,52.3,EUR/MWh,BE,BE,imbalance_price,Short,2026-06-20T12:20:56Z
2026-06-20T12:18:09Z,2026-06-20T14:18:09+0200,4bddbab4-20af-41f1-90cc-d649ae7f214d,2026-06-03T22:30:00Z,2026-06-04T00:30:00+0200,50.12,EUR/MWh,BE,BE,imbalance_price,Long,2026-06-20T12:20:56Z
2026-06-20T12:18:09Z,2026-06-20T14:18:09+0200,4bddbab4-20af-41f1-90cc-d649ae7f214d,2026-06-03T22:30:00Z,2026-06-04T00:30:00+0200,50.12,EUR/MWh,BE,BE,imbalance_price,Short,2026-06-20T12:20:56Z
2026-06-20T12:18:09Z,2026-06-20T14:18:09+0200,4bddbab4-20af-41f1-90cc-d649ae7f214d,2026-06-03T22:45:00Z,2026-06-04T00:45:00+0200,55.0,EUR/MWh,BE,BE,imbalance_price,Long,2026-06-20T12:20:56Z
2026-06-20T12:18:09Z,2026-06-20T14:18:09+0200,4bddbab4-20af-41f1-90cc-d649ae7f214d,2026-06-03T22:45:00Z,2026-06-04T00:45:00+0200,55.0,EUR/MWh,BE,BE,imbalance_price,Short,2026-06-20T12:20:56Z
2026-06-20T12:18:09Z,2026-06-20T14:18:09+0200,4bddbab4-20af-41f1-90cc-d649ae7f214d,2026-06-03T23:00:00Z,2026-06-04T01:00:00+0200,39.98,EUR/MWh,BE,BE,imbalance_price,Long,2026-06-20T12:20:56Z
2026-06-20T12:18:09Z,2026-06-20T14:18:09+0200,4bddbab4-20af-41f1-90cc-d649ae7f214d,2026-06-03T23:00:00Z,2026-06-04T01:00:00+0200,39.98,EUR/MWh,BE,BE,imbalance_price,Short,2026-06-20T12:20:56Z
2026-06-20T12:18:09Z,2026-06-20T14:18:09+0200,4bddbab4-20af-41f1-90cc-d649ae7f214d,2026-06-03T23:15:00Z,2026-06-04T01:15:00+0200,57.99,EUR/MWh,BE,BE,imbalance_price,Long,2026-06-20T12:20:56Z
2026-06-20T12:18:09Z,2026-06-20T14:18:09+0200,4bddbab4-20af-41f1-90cc-d649ae7f214d,2026-06-03T23:15:00Z,2026-06-04T01:15:00+0200,57.99,EUR/MWh,BE,BE,imbalance_price,Short,2026-06-20T12:20:56Z
2026-06-20T12:18:09Z,2026-06-20T14:18:09+0200,4bddbab4-20af-41f1-90cc-d649ae7f214d,2026-06-03T23:30:00Z,2026-06-04T01:30:00+0200,53.28,EUR/MWh,BE,BE,imbalance_price,Long,2026-06-20T12:20:56Z
2026-06-20T12:18:09Z,2026-06-20T14:18:09+0200,4bddbab4-20af-41f1-90cc-d649ae7f214d,2026-06-03T23:30:00Z,2026-06-04T01:30:00+0200,53.28,EUR/MWh,BE,BE,imbalance_price,Short,2026-06-20T12:20:56Z
2026-06-20T12:18:09Z,2026-06-20T14:18:09+0200,4bddbab4-20af-41f1-90cc-d649ae7f214d,2026-06-03T23:45:00Z,2026-06-04T01:45:00+0200,47.83,EUR/MWh,BE,BE,imbalance_price,Long,2026-06-20T12:20:56Z
2026-06-20T12:18:09Z,2026-06-20T14:18:09+0200,4bddbab4-20af-41f1-90cc-d649ae7f214d,2026-06-03T23:45:00Z,2026-06-04T01:45:00+0200,47.83,EUR/MWh,BE,BE,imbalance_price,Short,2026-06-20T12:20:56Z
2026-06-20T12:18:09Z,2026-06-20T14:18:09+0200,4bddbab4-20af-41f1-90cc-d649ae7f214d,2026-06-04T00:00:00Z,2026-06-04T02:00:00+0200,70.48,EUR/MWh,BE,BE,imbalance_price,Long,2026-06-20T12:20:56Z
2026-06-20T12:18:09Z,2026-06-20T14:18:09+0200,4bddbab4-20af-41f1-90cc-d649ae7f214d,2026-06-04T00:00:00Z,2026-06-04T02:00:00+0200,70.48,EUR/MWh,BE,BE,imbalance_price,Short,2026-06-20T12:20:56Z
2026-06-20T12:18:09Z,2026-06-20T14:18:09+0200,4bddbab4-20af-41f1-90cc-d649ae7f214d,2026-06-04T00:15:00Z,2026-06-04T02:15:00+0200,81.27,EUR/MWh,BE,BE,imbalance_price,Long,2026-06-20T12:20:56Z
2026-06-20T12:18:09Z,2026-06-20T14:18:09+0200,4bddbab4-20af-41f1-90cc-d649ae7f214d,2026-06-04T00:15:00Z,2026-06-04T02:15:00+0200,81.27,EUR/MWh,BE,BE,imbalance_price,Short,2026-06-20T12:20:56Z
2026-06-20T12:18:09Z,2026-06-20T14:18:09+0200,4bddbab4-20af-41f1-90cc-d649ae7f214d,2026-06-04T00:30:00Z,2026-06-04T02:30:00+0200,53.54,EUR/MWh,BE,BE,imbalance_price,Long,2026-06-20T12:20:56Z
2026-06-20T12:18:09Z,2026-06-20T14:18:09+0200,4bddbab4-20af-41f1-90cc-d649ae7f214d,2026-06-04T00:30:00Z,2026-06-04T02:30:00+0200,53.54,EUR/MWh,BE,BE,imbalance_price,Short,2026-06-20T12:20:56Z
2026-06-20T12:18:09Z,2026-06-20T14:18:09+0200,4bddbab4-20af-41f1-90cc-d649ae7f214d,2026-06-04T00:45:00Z,2026-06-04T02:45:00+0200,71.88,EUR/MWh,BE,BE,imbalance_price,Long,2026-06-20T12:20:56Z
2026-06-20T12:18:09Z,2026-06-20T14:18:09+0200,4bddbab4-20af-41f1-90cc-d649ae7f214d,2026-06-04T00:45:00Z,2026-06-04T02:45:00+0200,71.88,EUR/MWh,BE,BE,imbalance_price,Short,2026-06-20T12:20:56Z
2026-06-20T12:18:09Z,2026-06-20T14:18:09+0200,4bddbab4-20af-41f1-90cc-d649ae7f214d,2026-06-04T01:00:00Z,2026-06-04T03:00:00+0200,23.37,EUR/MWh,BE,BE,imbalance_price,Long,2026-06-20T12:20:56Z
2026-06-20T12:18:09Z,2026-06-20T14:18:09+0200,4bddbab4-20af-41f1-90cc-d649ae7f214d,2026-06-04T01:00:00Z,2026-06-04T03:00:00+0200,23.37,EUR/MWh,BE,BE,imbalance_price,Short,2026-06-20T12:20:56Z
2026-06-20T12:18:09Z,2026-06-20T14:18:09+0200,4bddbab4-20af-41f1-90cc-d649ae7f214d,2026-06-04T01:15:00Z,2026-06-04T03:15:00+0200,15.96,EUR/MWh,BE,BE,imbalance_price,Long,2026-06-20T12:20:56Z
2026-06-20T12:18:09Z,2026-06-20T14:18:09+0200,4bddbab4-20af-41f1-90cc-d649ae7f214d,2026-06-04T01:15:00Z,2026-06-04T03:15:00+0200,15.96,EUR/MWh,BE,BE,imbalance_price,Short,2026-06-20T12:20:56Z
2026-06-20T12:18:09Z,2026-06-20T14:18:09+0200,4bddbab4-20af-41f1-90cc-d649ae7f214d,2026-06-04T01:30:00Z,2026-06-04T03:30:00+0200,42.98,EUR/MWh,BE,BE,imbalance_price,Long,2026-06-20T12:20:56Z
2026-06-20T12:18:09Z,2026-06-20T14:18:09+0200,4bddbab4-20af-41f1-90cc-d649ae7f214d,2026-06-04T01:30:00Z,2026-06-04T03:30:00+0200,42.98,EUR/MWh,BE,BE,imbalance_price,Short,2026-06-20T12:20:56Z
2026-06-20T12:18:09Z,2026-06-20T14:18:09+0200,4bddbab4-20af-41f1-90cc-d649ae7f214d,2026-06-04T01:45:00Z,2026-06-04T03:45:00+0200,43.98,EUR/MWh,BE,BE,imbalance_price,Long,2026-06-20T12:20:56Z
2026-06-20T12:18:09Z,2026-06-20T14:18:09+0200,4bddbab4-20af-41f1-90cc-d649ae7f214d,2026-06-04T01:45:00Z,2026-06-04T03:45:00+0200,43.98,EUR/MWh,BE,BE,imbalance_price,Short,2026-06-20T12:20:56Z
2026-06-20T12:18:09Z,2026-06-20T14:18:09+0200,4bddbab4-20af-41f1-90cc-d649ae7f214d,2026-06-04T02:00:00Z,2026-06-04T04:00:00+0200,8.44,EUR/MWh,BE,BE,imbalance_price,Long,2026-06-20T12:20:56Z
2026-06-20T12:18:09Z,2026-06-20T14:18:09+0200,4bddbab4-20af-41f1-90cc-d649ae7f214d,2026-06-04T02:00:00Z,2026-06-04T04:00:00+0200,8.44,EUR/MWh,BE,BE,imbalance_price,Short,2026-06-20T12:20:56Z
2026-06-20T12:18:09Z,2026-06-20T14:18:09+0200,4bddbab4-20af-41f1-90cc-d649ae7f214d,2026-06-04T02:15:00Z,2026-06-04T04:15:00+0200,-4.03,EUR/MWh,BE,BE,imbalance_price,Long,2026-06-20T12:20:56Z
2026-06-20T12:18:09Z,2026-06-20T14:18:09+0200,4bddbab4-20af-41f1-90cc-d649ae7f214d,2026-06-04T02:15:00Z,2026-06-04T04:15:00+0200,-4.03,EUR/MWh,BE,BE,imbalance_price,Short,2026-06-20T12:20:56Z
2026-06-20T12:18:09Z,2026-06-20T14:18:09+0200,4bddbab4-20af-41f1-90cc-d649ae7f214d,2026-06-04T02:30:00Z,2026-06-04T04:30:00+0200,-13.81,EUR/MWh,BE,BE,imbalance_price,Long,2026-06-20T12:20:56Z
2026-06-20T12:18:09Z,2026-06-20T14:18:09+0200,4bddbab4-20af-41f1-90cc-d649ae7f214d,2026-06-04T02:30:00Z,2026-06-04T04:30:00+0200,-13.81,EUR/MWh,BE,BE,imbalance_price,Short,2026-06-20T12:20:56Z
2026-06-20T12:18:09Z,2026-06-20T14:18:09+0200,4bddbab4-20af-41f1-90cc-d649ae7f214d,2026-06-04T02:45:00Z,2026-06-04T04:45:00+0200,-10.32,EUR/MWh,BE,BE,imbalance_price,Long,2026-06-20T12:20:56Z
2026-06-20T12:18:09Z,2026-06-20T14:18:09+0200,4bddbab4-20af-41f1-90cc-d649ae7f214d,2026-06-04T02:45:00Z,2026-06-04T04:45:00+0200,-10.32,EUR/MWh,BE,BE,imbalance_price,Short,2026-06-20T12:20:56Z
2026-06-20T12:18:09Z,2026-06-20T14:18:09+0200,4bddbab4-20af-41f1-90cc-d649ae7f214d,2026-06-04T03:00:00Z,2026-06-04T05:00:00+0200,11.0,EUR/MWh,BE,BE,imbalance_price,Long,2026-06-20T12:20:56Z
2026-06-20T12:18:09Z,2026-06-20T14:18:09+0200,4bddbab4-20af-41f1-90cc-d649ae7f214d,2026-06-04T03:00:00Z,2026-06-04T05:00:00+0200,11.0,EUR/MWh,BE,BE,imbalance_price,Short,2026-06-20T12:20:56Z
2026-06-20T12:18:09Z,2026-06-20T14:18:09+0200,4bddbab4-20af-41f1-90cc-d649ae7f214d,2026-06-04T03:15:00Z,2026-06-04T05:15:00+0200,0.96,EUR/MWh,BE,BE,imbalance_price,Long,2026-06-20T12:20:56Z
2026-06-20T12:18:09Z,2026-06-20T14:18:09+0200,4bddbab4-20af-41f1-90cc-d649ae7f214d,2026-06-04T03:15:00Z,2026-06-04T05:15:00+0200,0.96,EUR/MWh,BE,BE,imbalance_price,Short,2026-06-20T12:20:56Z
2026-06-20T12:18:09Z,2026-06-20T14:18:09+0200,4bddbab4-20af-41f1-90cc-d649ae7f214d,2026-06-04T03:30:00Z,2026-06-04T05:30:00+0200,24.5,EUR/MWh,BE,BE,imbalance_price,Long,2026-06-20T12:20:56Z
2026-06-20T12:18:09Z,2026-06-20T14:18:09+0200,4bddbab4-20af-41f1-90cc-d649ae7f214d,2026-06-04T03:30:00Z,2026-06-04T05:30:00+0200,24.5,EUR/MWh,BE,BE,imbalance_price,Short,2026-06-20T12:20:56Z
2026-06-20T12:18:09Z,2026-06-20T14:18:09+0200,4bddbab4-20af-41f1-90cc-d649ae7f214d,2026-06-04T03:45:00Z,2026-06-04T05:45:00+0200,24.5,EUR/MWh,BE,BE,imbalance_price,Long,2026-06-20T12:20:56Z
2026-06-20T12:18:09Z,2026-06-20T14:18:09+0200,4bddbab4-20af-41f1-90cc-d649ae7f214d,2026-06-04T03:45:00Z,2026-06-04T05:45:00+0200,24.5,EUR/MWh,BE,BE,imbalance_price,Short,2026-06-20T12:20:56Z
2026-06-20T12:18:09Z,2026-06-20T14:18:09+0200,4bddbab4-20af-41f1-90cc-d649ae7f214d,2026-06-04T04:00:00Z,2026-06-04T06:00:00+0200,24.5,EUR/MWh,BE,BE,imbalance_price,Long,2026-06-20T12:20:56Z
2026-06-20T12:18:09Z,2026-06-20T14:18:09+0200,4bddbab4-20af-41f1-90cc-d649ae7f214d,2026-06-04T04:00:00Z,2026-06-04T06:00:00+0200,24.5,EUR/MWh,BE,BE,imbalance_price,Short,2026-06-20T12:20:56Z
2026-06-20T12:18:09Z,2026-06-20T14:18:09+0200,4bddbab4-20af-41f1-90cc-d649ae7f214d,2026-06-04T04:15:00Z,2026-06-04T06:15:00+0200,126.77,EUR/MWh,BE,BE,imbalance_price,Long,2026-06-20T12:20:56Z
2026-06-20T12:18:09Z,2026-06-20T14:18:09+0200,4bddbab4-20af-41f1-90cc-d649ae7f214d,2026-06-04T04:15:00Z,2026-06-04T06:15:00+0200,126.77,EUR/MWh,BE,BE,imbalance_price,Short,2026-06-20T12:20:56Z
2026-06-20T12:18:09Z,2026-06-20T14:18:09+0200,4bddbab4-20af-41f1-90cc-d649ae7f214d,2026-06-04T04:30:00Z,2026-06-04T06:30:00+0200,136.24,EUR/MWh,BE,BE,imbalance_price,Long,2026-06-20T12:20:56Z
2026-06-20T12:18:09Z,2026-06-20T14:18:09+0200,4bddbab4-20af-41f1-90cc-d649ae7f214d,2026-06-04T04:30:00Z,2026-06-04T06:30:00+0200,136.24,EUR/MWh,BE,BE,imbalance_price,Short,2026-06-20T12:20:56Z
2026-06-20T12:18:09Z,2026-06-20T14:18:09+0200,4bddbab4-20af-41f1-90cc-d649ae7f214d,2026-06-04T04:45:00Z,2026-06-04T06:45:00+0200,168.08,EUR/MWh,BE,BE,imbalance_price,Long,2026-06-20T12:20:56Z
2026-06-20T12:18:09Z,2026-06-20T14:18:09+0200,4bddbab4-20af-41f1-90cc-d649ae7f214d,2026-06-04T04:45:00Z,2026-06-04T06:45:00+0200,168.08,EUR/MWh,BE,BE,imbalance_price,Short,2026-06-20T12:20:56Z
2026-06-20T12:18:09Z,2026-06-20T14:18:09+0200,4bddbab4-20af-41f1-90cc-d649ae7f214d,2026-06-04T05:00:00Z,2026-06-04T07:00:00+0200,163.49,EUR/MWh,BE,BE,imbalance_price,Long,2026-06-20T12:20:56Z
2026-06-20T12:18:09Z,2026-06-20T14:18:09+0200,4bddbab4-20af-41f1-90cc-d649ae7f214d,2026-06-04T05:00:00Z,2026-06-04T07:00:00+0200,163.49,EUR/MWh,BE,BE,imbalance_price,Short,2026-06-20T12:20:56Z
2026-06-20T12:18:09Z,2026-06-20T14:18:09+0200,4bddbab4-20af-41f1-90cc-d649ae7f214d,2026-06-04T05:15:00Z,2026-06-04T07:15:00+0200,138.96,EUR/MWh,BE,BE,imbalance_price,Long,2026-06-20T12:20:56Z
2026-06-20T12:18:09Z,2026-06-20T14:18:09+0200,4bddbab4-20af-41f1-90cc-d649ae7f214d,2026-06-04T05:15:00Z,2026-06-04T07:15:00+0200,138.96,EUR/MWh,BE,BE,imbalance_price,Short,2026-06-20T12:20:56Z
2026-06-20T12:18:09Z,2026-06-20T14:18:09+0200,4bddbab4-20af-41f1-90cc-d649ae7f214d,2026-06-04T05:30:00Z,2026-06-04T07:30:00+0200,57.85,EUR/MWh,BE,BE,imbalance_price,Long,2026-06-20T12:20:56Z
2026-06-20T12:18:09Z,2026-06-20T14:18:09+0200,4bddbab4-20af-41f1-90cc-d649ae7f214d,2026-06-04T05:30:00Z,2026-06-04T07:30:00+0200,57.85,EUR/MWh,BE,BE,imbalance_price,Short,2026-06-20T12:20:56Z
2026-06-20T12:18:09Z,2026-06-20T14:18:09+0200,4bddbab4-20af-41f1-90cc-d649ae7f214d,2026-06-04T05:45:00Z,2026-06-04T07:45:00+0200,-65.0,EUR/MWh,BE,BE,imbalance_price,Long,2026-06-20T12:20:56Z
2026-06-20T12:18:09Z,2026-06-20T14:18:09+0200,4bddbab4-20af-41f1-90cc-d649ae7f214d,2026-06-04T05:45:00Z,2026-06-04T07:45:00+0200,-65.0,EUR/MWh,BE,BE,imbalance_price,Short,2026-06-20T12:20:56Z
2026-06-20T12:18:09Z,2026-06-20T14:18:09+0200,4bddbab4-20af-41f1-90cc-d649ae7f214d,2026-06-04T06:00:00Z,2026-06-04T08:00:00+0200,43.76,EUR/MWh,BE,BE,imbalance_price,Long,2026-06-20T12:20:56Z
2026-06-20T12:18:09Z,2026-06-20T14:18:09+0200,4bddbab4-20af-41f1-90cc-d649ae7f214d,2026-06-04T06:00:00Z,2026-06-04T08:00:00+0200,43.76,EUR/MWh,BE,BE,imbalance_price,Short,2026-06-20T12:20:56Z
2026-06-20T12:18:09Z,2026-06-20T14:18:09+0200,4bddbab4-20af-41f1-90cc-d649ae7f214d,2026-06-04T06:15:00Z,2026-06-04T08:15:00+0200,15.98,EUR/MWh,BE,BE,imbalance_price,Long,2026-06-20T12:20:56Z
2026-06-20T12:18:09Z,2026-06-20T14:18:09+0200,4bddbab4-20af-41f1-90cc-d649ae7f214d,2026-06-04T06:15:00Z,2026-06-04T08:15:00+0200,15.98,EUR/MWh,BE,BE,imbalance_price,Short,2026-06-20T12:20:56Z
2026-06-20T12:18:09Z,2026-06-20T14:18:09+0200,4bddbab4-20af-41f1-90cc-d649ae7f214d,2026-06-04T06:30:00Z,2026-06-04T08:30:00+0200,16.07,EUR/MWh,BE,BE,imbalance_price,Long,2026-06-20T12:20:56Z
2026-06-20T12:18:09Z,2026-06-20T14:18:09+0200,4bddbab4-20af-41f1-90cc-d649ae7f214d,2026-06-04T06:30:00Z,2026-06-04T08:30:00+0200,16.07,EUR/MWh,BE,BE,imbalance_price,Short,2026-06-20T12:20:56Z
2026-06-20T12:18:09Z,2026-06-20T14:18:09+0200,4bddbab4-20af-41f1-90cc-d649ae7f214d,2026-06-04T06:45:00Z,2026-06-04T08:45:00+0200,11.33,EUR/MWh,BE,BE,imbalance_price,Long,2026-06-20T12:20:56Z
2026-06-20T12:18:09Z,2026-06-20T14:18:09+0200,4bddbab4-20af-41f1-90cc-d649ae7f214d,2026-06-04T06:45:00Z,2026-06-04T08:45:00+0200,11.33,EUR/MWh,BE,BE,imbalance_price,Short,2026-06-20T12:20:56Z
2026-06-20T12:18:09Z,2026-06-20T14:18:09+0200,4bddbab4-20af-41f1-90cc-d649ae7f214d,2026-06-04T07:00:00Z,2026-06-04T09:00:00+0200,1.1,EUR/MWh,BE,BE,imbalance_price,Long,2026-06-20T12:20:56Z
2026-06-20T12:18:09Z,2026-06-20T14:18:09+0200,4bddbab4-20af-41f1-90cc-d649ae7f214d,2026-06-04T07:00:00Z,2026-06-04T09:00:00+0200,1.1,EUR/MWh,BE,BE,imbalance_price,Short,2026-06-20T12:20:56Z
2026-06-20T12:18:09Z,2026-06-20T14:18:09+0200,4bddbab4-20af-41f1-90cc-d649ae7f214d,2026-06-04T07:15:00Z,2026-06-04T09:15:00+0200,-2.54,EUR/MWh,BE,BE,imbalance_price,Long,2026-06-20T12:20:56Z
2026-06-20T12:18:09Z,2026-06-20T14:18:09+0200,4bddbab4-20af-41f1-90cc-d649ae7f214d,2026-06-04T07:15:00Z,2026-06-04T09:15:00+0200,-2.54,EUR/MWh,BE,BE,imbalance_price,Short,2026-06-20T12:20:56Z
2026-06-20T12:18:09Z,2026-06-20T14:18:09+0200,4bddbab4-20af-41f1-90cc-d649ae7f214d,2026-06-04T07:30:00Z,2026-06-04T09:30:00+0200,44.93,EUR/MWh,BE,BE,imbalance_price,Long,2026-06-20T12:20:56Z
2026-06-20T12:18:09Z,2026-06-20T14:18:09+0200,4bddbab4-20af-41f1-90cc-d649ae7f214d,2026-06-04T07:30:00Z,2026-06-04T09:30:00+0200,44.93,EUR/MWh,BE,BE,imbalance_price,Short,2026-06-20T12:20:56Z
2026-06-20T12:18:09Z,2026-06-20T14:18:09+0200,4bddbab4-20af-41f1-90cc-d649ae7f214d,2026-06-04T07:45:00Z,2026-06-04T09:45:00+0200,7.09,EUR/MWh,BE,BE,imbalance_price,Long,2026-06-20T12:20:56Z
2026-06-20T12:18:09Z,2026-06-20T14:18:09+0200,4bddbab4-20af-41f1-90cc-d649ae7f214d,2026-06-04T07:45:00Z,2026-06-04T09:45:00+0200,7.09,EUR/MWh,BE,BE,imbalance_price,Short,2026-06-20T12:20:56Z
2026-06-20T12:18:09Z,2026-06-20T14:18:09+0200,4bddbab4-20af-41f1-90cc-d649ae7f214d,2026-06-04T08:00:00Z,2026-06-04T10:00:00+0200,53.1,EUR/MWh,BE,BE,imbalance_price,Long,2026-06-20T12:20:56Z
2026-06-20T12:18:09Z,2026-06-20T14:18:09+0200,4bddbab4-20af-41f1-90cc-d649ae7f214d,2026-06-04T08:00:00Z,2026-06-04T10:00:00+0200,53.1,EUR/MWh,BE,BE,imbalance_price,Short,2026-06-20T12:20:56Z
2026-06-20T12:18:09Z,2026-06-20T14:18:09+0200,4bddbab4-20af-41f1-90cc-d649ae7f214d,2026-06-04T08:15:00Z,2026-06-04T10:15:00+0200,58.08,EUR/MWh,BE,BE,imbalance_price,Long,2026-06-20T12:20:56Z
2026-06-20T12:18:09Z,2026-06-20T14:18:09+0200,4bddbab4-20af-41f1-90cc-d649ae7f214d,2026-06-04T08:15:00Z,2026-06-04T10:15:00+0200,58.08,EUR/MWh,BE,BE,imbalance_price,Short,2026-06-20T12:20:56Z
2026-06-20T12:18:09Z,2026-06-20T14:18:09+0200,4bddbab4-20af-41f1-90cc-d649ae7f214d,2026-06-04T08:30:00Z,2026-06-04T10:30:00+0200,53.64,EUR/MWh,BE,BE,imbalance_price,Long,2026-06-20T12:20:56Z
2026-06-20T12:18:09Z,2026-06-20T14:18:09+0200,4bddbab4-20af-41f1-90cc-d649ae7f214d,2026-06-04T08:30:00Z,2026-06-04T10:30:00+0200,53.64,EUR/MWh,BE,BE,imbalance_price,Short,2026-06-20T12:20:56Z
2026-06-20T12:18:09Z,2026-06-20T14:18:09+0200,4bddbab4-20af-41f1-90cc-d649ae7f214d,2026-06-04T08:45:00Z,2026-06-04T10:45:00+0200,63.62,EUR/MWh,BE,BE,imbalance_price,Long,2026-06-20T12:20:56Z
2026-06-20T12:18:09Z,2026-06-20T14:18:09+0200,4bddbab4-20af-41f1-90cc-d649ae7f214d,2026-06-04T08:45:00Z,2026-06-04T10:45:00+0200,63.62,EUR/MWh,BE,BE,imbalance_price,Short,2026-06-20T12:20:56Z
2026-06-20T12:18:09Z,2026-06-20T14:18:09+0200,4bddbab4-20af-41f1-90cc-d649ae7f214d,2026-06-04T09:00:00Z,2026-06-04T11:00:00+0200,161.0,EUR/MWh,BE,BE,imbalance_price,Long,2026-06-20T12:20:56Z
2026-06-20T12:18:09Z,2026-06-20T14:18:09+0200,4bddbab4-20af-41f1-90cc-d649ae7f214d,2026-06-04T09:00:00Z,2026-06-04T11:00:00+0200,161.0,EUR/MWh,BE,BE,imbalance_price,Short,2026-06-20T12:20:56Z
2026-06-20T12:18:09Z,2026-06-20T14:18:09+0200,4bddbab4-20af-41f1-90cc-d649ae7f214d,2026-06-04T09:15:00Z,2026-06-04T11:15:00+0200,1.83,EUR/MWh,BE,BE,imbalance_price,Long,2026-06-20T12:20:56Z
2026-06-20T12:18:09Z,2026-06-20T14:18:09+0200,4bddbab4-20af-41f1-90cc-d649ae7f214d,2026-06-04T09:15:00Z,2026-06-04T11:15:00+0200,1.83,EUR/MWh,BE,BE,imbalance_price,Short,2026-06-20T12:20:56Z
2026-06-20T12:18:09Z,2026-06-20T14:18:09+0200,4bddbab4-20af-41f1-90cc-d649ae7f214d,2026-06-04T09:30:00Z,2026-06-04T11:30:00+0200,6.62,EUR/MWh,BE,BE,imbalance_price,Long,2026-06-20T12:20:56Z
2026-06-20T12:18:09Z,2026-06-20T14:18:09+0200,4bddbab4-20af-41f1-90cc-d649ae7f214d,2026-06-04T09:30:00Z,2026-06-04T11:30:00+0200,6.62,EUR/MWh,BE,BE,imbalance_price,Short,2026-06-20T12:20:56Z
2026-06-20T12:18:09Z,2026-06-20T14:18:09+0200,4bddbab4-20af-41f1-90cc-d649ae7f214d,2026-06-04T09:45:00Z,2026-06-04T11:45:00+0200,-4.48,EUR/MWh,BE,BE,imbalance_price,Long,2026-06-20T12:20:56Z
2026-06-20T12:18:09Z,2026-06-20T14:18:09+0200,4bddbab4-20af-41f1-90cc-d649ae7f214d,2026-06-04T09:45:00Z,2026-06-04T11:45:00+0200,-4.48,EUR/MWh,BE,BE,imbalance_price,Short,2026-06-20T12:20:56Z
2026-06-20T12:18:09Z,2026-06-20T14:18:09+0200,4bddbab4-20af-41f1-90cc-d649ae7f214d,2026-06-04T10:00:00Z,2026-06-04T12:00:00+0200,-25.8,EUR/MWh,BE,BE,imbalance_price,Long,2026-06-20T12:20:56Z
2026-06-20T12:18:09Z,2026-06-20T14:18:09+0200,4bddbab4-20af-41f1-90cc-d649ae7f214d,2026-06-04T10:00:00Z,2026-06-04T12:00:00+0200,-25.8,EUR/MWh,BE,BE,imbalance_price,Short,2026-06-20T12:20:56Z
2026-06-20T12:18:09Z,2026-06-20T14:18:09+0200,4bddbab4-20af-41f1-90cc-d649ae7f214d,2026-06-04T10:15:00Z,2026-06-04T12:15:00+0200,0.09,EUR/MWh,BE,BE,imbalance_price,Long,2026-06-20T12:20:56Z
2026-06-20T12:18:09Z,2026-06-20T14:18:09+0200,4bddbab4-20af-41f1-90cc-d649ae7f214d,2026-06-04T10:15:00Z,2026-06-04T12:15:00+0200,0.09,EUR/MWh,BE,BE,imbalance_price,Short,2026-06-20T12:20:56Z
2026-06-20T12:18:09Z,2026-06-20T14:18:09+0200,4bddbab4-20af-41f1-90cc-d649ae7f214d,2026-06-04T10:30:00Z,2026-06-04T12:30:00+0200,76.49,EUR/MWh,BE,BE,imbalance_price,Long,2026-06-20T12:20:56Z
2026-06-20T12:18:09Z,2026-06-20T14:18:09+0200,4bddbab4-20af-41f1-90cc-d649ae7f214d,2026-06-04T10:30:00Z,2026-06-04T12:30:00+0200,76.49,EUR/MWh,BE,BE,imbalance_price,Short,2026-06-20T12:20:56Z
2026-06-20T12:18:09Z,2026-06-20T14:18:09+0200,4bddbab4-20af-41f1-90cc-d649ae7f214d,2026-06-04T10:45:00Z,2026-06-04T12:45:00+0200,50.0,EUR/MWh,BE,BE,imbalance_price,Long,2026-06-20T12:20:56Z
2026-06-20T12:18:09Z,2026-06-20T14:18:09+0200,4bddbab4-20af-41f1-90cc-d649ae7f214d,2026-06-04T10:45:00Z,2026-06-04T12:45:00+0200,50.0,EUR/MWh,BE,BE,imbalance_price,Short,2026-06-20T12:20:56Z
2026-06-20T12:18:09Z,2026-06-20T14:18:09+0200,4bddbab4-20af-41f1-90cc-d649ae7f214d,2026-06-04T11:00:00Z,2026-06-04T13:00:00+0200,55.9,EUR/MWh,BE,BE,imbalance_price,Long,2026-06-20T12:20:56Z
2026-06-20T12:18:09Z,2026-06-20T14:18:09+0200,4bddbab4-20af-41f1-90cc-d649ae7f214d,2026-06-04T11:00:00Z,2026-06-04T13:00:00+0200,55.9,EUR/MWh,BE,BE,imbalance_price,Short,2026-06-20T12:20:56Z
2026-06-20T12:18:09Z,2026-06-20T14:18:09+0200,4bddbab4-20af-41f1-90cc-d649ae7f214d,2026-06-04T11:15:00Z,2026-06-04T13:15:00+0200,50.0,EUR/MWh,BE,BE,imbalance_price,Long,2026-06-20T12:20:56Z
2026-06-20T12:18:09Z,2026-06-20T14:18:09+0200,4bddbab4-20af-41f1-90cc-d649ae7f214d,2026-06-04T11:15:00Z,2026-06-04T13:15:00+0200,50.0,EUR/MWh,BE,BE,imbalance_price,Short,2026-06-20T12:20:56Z
2026-06-20T12:18:09Z,2026-06-20T14:18:09+0200,4bddbab4-20af-41f1-90cc-d649ae7f214d,2026-06-04T11:30:00Z,2026-06-04T13:30:00+0200,50.0,EUR/MWh,BE,BE,imbalance_price,Long,2026-06-20T12:20:56Z
2026-06-20T12:18:09Z,2026-06-20T14:18:09+0200,4bddbab4-20af-41f1-90cc-d649ae7f214d,2026-06-04T11:30:00Z,2026-06-04T13:30:00+0200,50.0,EUR/MWh,BE,BE,imbalance_price,Short,2026-06-20T12:20:56Z
2026-06-20T12:18:09Z,2026-06-20T14:18:09+0200,4bddbab4-20af-41f1-90cc-d649ae7f214d,2026-06-04T11:45:00Z,2026-06-04T13:45:00+0200,29.2,EUR/MWh,BE,BE,imbalance_price,Long,2026-06-20T12:20:56Z
2026-06-20T12:18:09Z,2026-06-20T14:18:09+0200,4bddbab4-20af-41f1-90cc-d649ae7f214d,2026-06-04T11:45:00Z,2026-06-04T13:45:00+0200,29.2,EUR/MWh,BE,BE,imbalance_price,Short,2026-06-20T12:20:56Z
2026-06-20T12:18:09Z,2026-06-20T14:18:09+0200,4bddbab4-20af-41f1-90cc-d649ae7f214d,2026-06-04T12:00:00Z,2026-06-04T14:00:00+0200,50.0,EUR/MWh,BE,BE,imbalance_price,Long,2026-06-20T12:20:56Z
2026-06-20T12:18:09Z,2026-06-20T14:18:09+0200,4bddbab4-20af-41f1-90cc-d649ae7f214d,2026-06-04T12:00:00Z,2026-06-04T14:00:00+0200,50.0,EUR/MWh,BE,BE,imbalance_price,Short,2026-06-20T12:20:56Z
2026-06-20T12:18:09Z,2026-06-20T14:18:09+0200,4bddbab4-20af-41f1-90cc-d649ae7f214d,2026-06-04T12:15:00Z,2026-06-04T14:15:00+0200,71.2,EUR/MWh,BE,BE,imbalance_price,Long,2026-06-20T12:20:56Z
2026-06-20T12:18:09Z,2026-06-20T14:18:09+0200,4bddbab4-20af-41f1-90cc-d649ae7f214d,2026-06-04T12:15:00Z,2026-06-04T14:15:00+0200,71.2,EUR/MWh,BE,BE,imbalance_price,Short,2026-06-20T12:20:56Z
2026-06-20T12:18:09Z,2026-06-20T14:18:09+0200,4bddbab4-20af-41f1-90cc-d649ae7f214d,2026-06-04T12:30:00Z,2026-06-04T14:30:00+0200,-3.75,EUR/MWh,BE,BE,imbalance_price,Long,2026-06-20T12:20:56Z
2026-06-20T12:18:09Z,2026-06-20T14:18:09+0200,4bddbab4-20af-41f1-90cc-d649ae7f214d,2026-06-04T12:30:00Z,2026-06-04T14:30:00+0200,-3.75,EUR/MWh,BE,BE,imbalance_price,Short,2026-06-20T12:20:56Z
2026-06-20T12:18:09Z,2026-06-20T14:18:09+0200,4bddbab4-20af-41f1-90cc-d649ae7f214d,2026-06-04T12:45:00Z,2026-06-04T14:45:00+0200,-61.61,EUR/MWh,BE,BE,imbalance_price,Long,2026-06-20T12:20:56Z
2026-06-20T12:18:09Z,2026-06-20T14:18:09+0200,4bddbab4-20af-41f1-90cc-d649ae7f214d,2026-06-04T12:45:00Z,2026-06-04T14:45:00+0200,-61.61,EUR/MWh,BE,BE,imbalance_price,Short,2026-06-20T12:20:56Z
2026-06-20T12:18:09Z,2026-06-20T14:18:09+0200,4bddbab4-20af-41f1-90cc-d649ae7f214d,2026-06-04T13:00:00Z,2026-06-04T15:00:00+0200,-31.17,EUR/MWh,BE,BE,imbalance_price,Long,2026-06-20T12:20:56Z
2026-06-20T12:18:09Z,2026-06-20T14:18:09+0200,4bddbab4-20af-41f1-90cc-d649ae7f214d,2026-06-04T13:00:00Z,2026-06-04T15:00:00+0200,-31.17,EUR/MWh,BE,BE,imbalance_price,Short,2026-06-20T12:20:56Z
2026-06-20T12:18:09Z,2026-06-20T14:18:09+0200,4bddbab4-20af-41f1-90cc-d649ae7f214d,2026-06-04T13:15:00Z,2026-06-04T15:15:00+0200,-11.94,EUR/MWh,BE,BE,imbalance_price,Long,2026-06-20T12:20:56Z
2026-06-20T12:18:09Z,2026-06-20T14:18:09+0200,4bddbab4-20af-41f1-90cc-d649ae7f214d,2026-06-04T13:15:00Z,2026-06-04T15:15:00+0200,-11.94,EUR/MWh,BE,BE,imbalance_price,Short,2026-06-20T12:20:56Z
2026-06-20T12:18:09Z,2026-06-20T14:18:09+0200,4bddbab4-20af-41f1-90cc-d649ae7f214d,2026-06-04T13:30:00Z,2026-06-04T15:30:00+0200,-10.26,EUR/MWh,BE,BE,imbalance_price,Long,2026-06-20T12:20:56Z
2026-06-20T12:18:09Z,2026-06-20T14:18:09+0200,4bddbab4-20af-41f1-90cc-d649ae7f214d,2026-06-04T13:30:00Z,2026-06-04T15:30:00+0200,-10.26,EUR/MWh,BE,BE,imbalance_price,Short,2026-06-20T12:20:56Z
2026-06-20T12:18:09Z,2026-06-20T14:18:09+0200,4bddbab4-20af-41f1-90cc-d649ae7f214d,2026-06-04T13:45:00Z,2026-06-04T15:45:00+0200,-2.24,EUR/MWh,BE,BE,imbalance_price,Long,2026-06-20T12:20:56Z
2026-06-20T12:18:09Z,2026-06-20T14:18:09+0200,4bddbab4-20af-41f1-90cc-d649ae7f214d,2026-06-04T13:45:00Z,2026-06-04T15:45:00+0200,-2.24,EUR/MWh,BE,BE,imbalance_price,Short,2026-06-20T12:20:56Z
2026-06-20T12:18:09Z,2026-06-20T14:18:09+0200,4bddbab4-20af-41f1-90cc-d649ae7f214d,2026-06-04T14:00:00Z,2026-06-04T16:00:00+0200,15.1,EUR/MWh,BE,BE,imbalance_price,Long,2026-06-20T12:20:56Z
2026-06-20T12:18:09Z,2026-06-20T14:18:09+0200,4bddbab4-20af-41f1-90cc-d649ae7f214d,2026-06-04T14:00:00Z,2026-06-04T16:00:00+0200,15.1,EUR/MWh,BE,BE,imbalance_price,Short,2026-06-20T12:20:56Z
2026-06-20T12:18:09Z,2026-06-20T14:18:09+0200,4bddbab4-20af-41f1-90cc-d649ae7f214d,2026-06-04T14:15:00Z,2026-06-04T16:15:00+0200,32.35,EUR/MWh,BE,BE,imbalance_price,Long,2026-06-20T12:20:56Z
2026-06-20T12:18:09Z,2026-06-20T14:18:09+0200,4bddbab4-20af-41f1-90cc-d649ae7f214d,2026-06-04T14:15:00Z,2026-06-04T16:15:00+0200,32.35,EUR/MWh,BE,BE,imbalance_price,Short,2026-06-20T12:20:56Z
2026-06-20T12:18:09Z,2026-06-20T14:18:09+0200,4bddbab4-20af-41f1-90cc-d649ae7f214d,2026-06-04T14:30:00Z,2026-06-04T16:30:00+0200,-0.21,EUR/MWh,BE,BE,imbalance_price,Long,2026-06-20T12:20:56Z
2026-06-20T12:18:09Z,2026-06-20T14:18:09+0200,4bddbab4-20af-41f1-90cc-d649ae7f214d,2026-06-04T14:30:00Z,2026-06-04T16:30:00+0200,-0.21,EUR/MWh,BE,BE,imbalance_price,Short,2026-06-20T12:20:56Z
2026-06-20T12:18:09Z,2026-06-20T14:18:09+0200,4bddbab4-20af-41f1-90cc-d649ae7f214d,2026-06-04T14:45:00Z,2026-06-04T16:45:00+0200,-19.09,EUR/MWh,BE,BE,imbalance_price,Long,2026-06-20T12:20:56Z
2026-06-20T12:18:09Z,2026-06-20T14:18:09+0200,4bddbab4-20af-41f1-90cc-d649ae7f214d,2026-06-04T14:45:00Z,2026-06-04T16:45:00+0200,-19.09,EUR/MWh,BE,BE,imbalance_price,Short,2026-06-20T12:20:56Z
2026-06-20T12:18:09Z,2026-06-20T14:18:09+0200,4bddbab4-20af-41f1-90cc-d649ae7f214d,2026-06-04T15:00:00Z,2026-06-04T17:00:00+0200,-48.77,EUR/MWh,BE,BE,imbalance_price,Long,2026-06-20T12:20:56Z
2026-06-20T12:18:09Z,2026-06-20T14:18:09+0200,4bddbab4-20af-41f1-90cc-d649ae7f214d,2026-06-04T15:00:00Z,2026-06-04T17:00:00+0200,-48.77,EUR/MWh,BE,BE,imbalance_price,Short,2026-06-20T12:20:56Z
2026-06-20T12:18:09Z,2026-06-20T14:18:09+0200,4bddbab4-20af-41f1-90cc-d649ae7f214d,2026-06-04T15:15:00Z,2026-06-04T17:15:00+0200,-62.71,EUR/MWh,BE,BE,imbalance_price,Long,2026-06-20T12:20:56Z
2026-06-20T12:18:09Z,2026-06-20T14:18:09+0200,4bddbab4-20af-41f1-90cc-d649ae7f214d,2026-06-04T15:15:00Z,2026-06-04T17:15:00+0200,-62.71,EUR/MWh,BE,BE,imbalance_price,Short,2026-06-20T12:20:56Z
2026-06-20T12:18:09Z,2026-06-20T14:18:09+0200,4bddbab4-20af-41f1-90cc-d649ae7f214d,2026-06-04T15:30:00Z,2026-06-04T17:30:00+0200,-25.39,EUR/MWh,BE,BE,imbalance_price,Long,2026-06-20T12:20:56Z
2026-06-20T12:18:09Z,2026-06-20T14:18:09+0200,4bddbab4-20af-41f1-90cc-d649ae7f214d,2026-06-04T15:30:00Z,2026-06-04T17:30:00+0200,-25.39,EUR/MWh,BE,BE,imbalance_price,Short,2026-06-20T12:20:56Z
2026-06-20T12:18:09Z,2026-06-20T14:18:09+0200,4bddbab4-20af-41f1-90cc-d649ae7f214d,2026-06-04T15:45:00Z,2026-06-04T17:45:00+0200,-36.84,EUR/MWh,BE,BE,imbalance_price,Long,2026-06-20T12:20:56Z
2026-06-20T12:18:09Z,2026-06-20T14:18:09+0200,4bddbab4-20af-41f1-90cc-d649ae7f214d,2026-06-04T15:45:00Z,2026-06-04T17:45:00+0200,-36.84,EUR/MWh,BE,BE,imbalance_price,Short,2026-06-20T12:20:56Z
2026-06-20T12:18:09Z,2026-06-20T14:18:09+0200,4bddbab4-20af-41f1-90cc-d649ae7f214d,2026-06-04T16:00:00Z,2026-06-04T18:00:00+0200,-2.7,EUR/MWh,BE,BE,imbalance_price,Long,2026-06-20T12:20:56Z
2026-06-20T12:18:09Z,2026-06-20T14:18:09+0200,4bddbab4-20af-41f1-90cc-d649ae7f214d,2026-06-04T16:00:00Z,2026-06-04T18:00:00+0200,-2.7,EUR/MWh,BE,BE,imbalance_price,Short,2026-06-20T12:20:56Z
2026-06-20T12:18:09Z,2026-06-20T14:18:09+0200,4bddbab4-20af-41f1-90cc-d649ae7f214d,2026-06-04T16:15:00Z,2026-06-04T18:15:00+0200,-40.58,EUR/MWh,BE,BE,imbalance_price,Long,2026-06-20T12:20:56Z
2026-06-20T12:18:09Z,2026-06-20T14:18:09+0200,4bddbab4-20af-41f1-90cc-d649ae7f214d,2026-06-04T16:15:00Z,2026-06-04T18:15:00+0200,-40.58,EUR/MWh,BE,BE,imbalance_price,Short,2026-06-20T12:20:56Z
2026-06-20T12:18:09Z,2026-06-20T14:18:09+0200,4bddbab4-20af-41f1-90cc-d649ae7f214d,2026-06-04T16:30:00Z,2026-06-04T18:30:00+0200,-5.04,EUR/MWh,BE,BE,imbalance_price,Long,2026-06-20T12:20:56Z
2026-06-20T12:18:09Z,2026-06-20T14:18:09+0200,4bddbab4-20af-41f1-90cc-d649ae7f214d,2026-06-04T16:30:00Z,2026-06-04T18:30:00+0200,-5.04,EUR/MWh,BE,BE,imbalance_price,Short,2026-06-20T12:20:56Z
2026-06-20T12:18:09Z,2026-06-20T14:18:09+0200,4bddbab4-20af-41f1-90cc-d649ae7f214d,2026-06-04T16:45:00Z,2026-06-04T18:45:00+0200,-6.25,EUR/MWh,BE,BE,imbalance_price,Long,2026-06-20T12:20:56Z
2026-06-20T12:18:09Z,2026-06-20T14:18:09+0200,4bddbab4-20af-41f1-90cc-d649ae7f214d,2026-06-04T16:45:00Z,2026-06-04T18:45:00+0200,-6.25,EUR/MWh,BE,BE,imbalance_price,Short,2026-06-20T12:20:56Z
2026-06-20T12:18:09Z,2026-06-20T14:18:09+0200,4bddbab4-20af-41f1-90cc-d649ae7f214d,2026-06-04T17:00:00Z,2026-06-04T19:00:00+0200,84.59,EUR/MWh,BE,BE,imbalance_price,Long,2026-06-20T12:20:56Z
2026-06-20T12:18:09Z,2026-06-20T14:18:09+0200,4bddbab4-20af-41f1-90cc-d649ae7f214d,2026-06-04T17:00:00Z,2026-06-04T19:00:00+0200,84.59,EUR/MWh,BE,BE,imbalance_price,Short,2026-06-20T12:20:56Z
2026-06-20T12:18:09Z,2026-06-20T14:18:09+0200,4bddbab4-20af-41f1-90cc-d649ae7f214d,2026-06-04T17:15:00Z,2026-06-04T19:15:00+0200,88.24,EUR/MWh,BE,BE,imbalance_price,Long,2026-06-20T12:20:56Z
2026-06-20T12:18:09Z,2026-06-20T14:18:09+0200,4bddbab4-20af-41f1-90cc-d649ae7f214d,2026-06-04T17:15:00Z,2026-06-04T19:15:00+0200,88.24,EUR/MWh,BE,BE,imbalance_price,Short,2026-06-20T12:20:56Z
2026-06-20T12:18:09Z,2026-06-20T14:18:09+0200,4bddbab4-20af-41f1-90cc-d649ae7f214d,2026-06-04T17:30:00Z,2026-06-04T19:30:00+0200,94.61,EUR/MWh,BE,BE,imbalance_price,Long,2026-06-20T12:20:56Z
2026-06-20T12:18:09Z,2026-06-20T14:18:09+0200,4bddbab4-20af-41f1-90cc-d649ae7f214d,2026-06-04T17:30:00Z,2026-06-04T19:30:00+0200,94.61,EUR/MWh,BE,BE,imbalance_price,Short,2026-06-20T12:20:56Z
2026-06-20T12:18:09Z,2026-06-20T14:18:09+0200,4bddbab4-20af-41f1-90cc-d649ae7f214d,2026-06-04T17:45:00Z,2026-06-04T19:45:00+0200,127.97,EUR/MWh,BE,BE,imbalance_price,Long,2026-06-20T12:20:56Z
2026-06-20T12:18:09Z,2026-06-20T14:18:09+0200,4bddbab4-20af-41f1-90cc-d649ae7f214d,2026-06-04T17:45:00Z,2026-06-04T19:45:00+0200,127.97,EUR/MWh,BE,BE,imbalance_price,Short,2026-06-20T12:20:56Z
2026-06-20T12:18:09Z,2026-06-20T14:18:09+0200,4bddbab4-20af-41f1-90cc-d649ae7f214d,2026-06-04T18:00:00Z,2026-06-04T20:00:00+0200,141.54,EUR/MWh,BE,BE,imbalance_price,Long,2026-06-20T12:20:56Z
2026-06-20T12:18:09Z,2026-06-20T14:18:09+0200,4bddbab4-20af-41f1-90cc-d649ae7f214d,2026-06-04T18:00:00Z,2026-06-04T20:00:00+0200,141.54,EUR/MWh,BE,BE,imbalance_price,Short,2026-06-20T12:20:56Z
2026-06-20T12:18:09Z,2026-06-20T14:18:09+0200,4bddbab4-20af-41f1-90cc-d649ae7f214d,2026-06-04T18:15:00Z,2026-06-04T20:15:00+0200,122.5,EUR/MWh,BE,BE,imbalance_price,Long,2026-06-20T12:20:56Z
2026-06-20T12:18:09Z,2026-06-20T14:18:09+0200,4bddbab4-20af-41f1-90cc-d649ae7f214d,2026-06-04T18:15:00Z,2026-06-04T20:15:00+0200,122.5,EUR/MWh,BE,BE,imbalance_price,Short,2026-06-20T12:20:56Z
2026-06-20T12:18:09Z,2026-06-20T14:18:09+0200,4bddbab4-20af-41f1-90cc-d649ae7f214d,2026-06-04T18:30:00Z,2026-06-04T20:30:00+0200,119.23,EUR/MWh,BE,BE,imbalance_price,Long,2026-06-20T12:20:56Z
2026-06-20T12:18:09Z,2026-06-20T14:18:09+0200,4bddbab4-20af-41f1-90cc-d649ae7f214d,2026-06-04T18:30:00Z,2026-06-04T20:30:00+0200,119.23,EUR/MWh,BE,BE,imbalance_price,Short,2026-06-20T12:20:56Z
2026-06-20T12:18:09Z,2026-06-20T14:18:09+0200,4bddbab4-20af-41f1-90cc-d649ae7f214d,2026-06-04T18:45:00Z,2026-06-04T20:45:00+0200,129.61,EUR/MWh,BE,BE,imbalance_price,Long,2026-06-20T12:20:56Z
2026-06-20T12:18:09Z,2026-06-20T14:18:09+0200,4bddbab4-20af-41f1-90cc-d649ae7f214d,2026-06-04T18:45:00Z,2026-06-04T20:45:00+0200,129.61,EUR/MWh,BE,BE,imbalance_price,Short,2026-06-20T12:20:56Z
2026-06-20T12:18:09Z,2026-06-20T14:18:09+0200,4bddbab4-20af-41f1-90cc-d649ae7f214d,2026-06-04T19:00:00Z,2026-06-04T21:00:00+0200,108.23,EUR/MWh,BE,BE,imbalance_price,Long,2026-06-20T12:20:56Z
2026-06-20T12:18:09Z,2026-06-20T14:18:09+0200,4bddbab4-20af-41f1-90cc-d649ae7f214d,2026-06-04T19:00:00Z,2026-06-04T21:00:00+0200,108.23,EUR/MWh,BE,BE,imbalance_price,Short,2026-06-20T12:20:56Z
2026-06-20T12:18:09Z,2026-06-20T14:18:09+0200,4bddbab4-20af-41f1-90cc-d649ae7f214d,2026-06-04T19:15:00Z,2026-06-04T21:15:00+0200,34.69,EUR/MWh,BE,BE,imbalance_price,Long,2026-06-20T12:20:56Z
2026-06-20T12:18:09Z,2026-06-20T14:18:09+0200,4bddbab4-20af-41f1-90cc-d649ae7f214d,2026-06-04T19:15:00Z,2026-06-04T21:15:00+0200,34.69,EUR/MWh,BE,BE,imbalance_price,Short,2026-06-20T12:20:56Z
2026-06-20T12:18:09Z,2026-06-20T14:18:09+0200,4bddbab4-20af-41f1-90cc-d649ae7f214d,2026-06-04T19:30:00Z,2026-06-04T21:30:00+0200,104.71,EUR/MWh,BE,BE,imbalance_price,Long,2026-06-20T12:20:56Z
2026-06-20T12:18:09Z,2026-06-20T14:18:09+0200,4bddbab4-20af-41f1-90cc-d649ae7f214d,2026-06-04T19:30:00Z,2026-06-04T21:30:00+0200,104.71,EUR/MWh,BE,BE,imbalance_price,Short,2026-06-20T12:20:56Z
2026-06-20T12:18:09Z,2026-06-20T14:18:09+0200,4bddbab4-20af-41f1-90cc-d649ae7f214d,2026-06-04T19:45:00Z,2026-06-04T21:45:00+0200,39.67,EUR/MWh,BE,BE,imbalance_price,Long,2026-06-20T12:20:56Z
2026-06-20T12:18:09Z,2026-06-20T14:18:09+0200,4bddbab4-20af-41f1-90cc-d649ae7f214d,2026-06-04T19:45:00Z,2026-06-04T21:45:00+0200,39.67,EUR/MWh,BE,BE,imbalance_price,Short,2026-06-20T12:20:56Z
2026-06-20T12:18:09Z,2026-06-20T14:18:09+0200,4bddbab4-20af-41f1-90cc-d649ae7f214d,2026-06-04T20:00:00Z,2026-06-04T22:00:00+0200,62.33,EUR/MWh,BE,BE,imbalance_price,Long,2026-06-20T12:20:56Z
2026-06-20T12:18:09Z,2026-06-20T14:18:09+0200,4bddbab4-20af-41f1-90cc-d649ae7f214d,2026-06-04T20:00:00Z,2026-06-04T22:00:00+0200,62.33,EUR/MWh,BE,BE,imbalance_price,Short,2026-06-20T12:20:56Z
2026-06-20T12:18:09Z,2026-06-20T14:18:09+0200,4bddbab4-20af-41f1-90cc-d649ae7f214d,2026-06-04T20:15:00Z,2026-06-04T22:15:00+0200,68.6,EUR/MWh,BE,BE,imbalance_price,Long,2026-06-20T12:20:56Z
2026-06-20T12:18:09Z,2026-06-20T14:18:09+0200,4bddbab4-20af-41f1-90cc-d649ae7f214d,2026-06-04T20:15:00Z,2026-06-04T22:15:00+0200,68.6,EUR/MWh,BE,BE,imbalance_price,Short,2026-06-20T12:20:56Z
2026-06-20T12:18:09Z,2026-06-20T14:18:09+0200,4bddbab4-20af-41f1-90cc-d649ae7f214d,2026-06-04T20:30:00Z,2026-06-04T22:30:00+0200,57.35,EUR/MWh,BE,BE,imbalance_price,Long,2026-06-20T12:20:56Z
2026-06-20T12:18:09Z,2026-06-20T14:18:09+0200,4bddbab4-20af-41f1-90cc-d649ae7f214d,2026-06-04T20:30:00Z,2026-06-04T22:30:00+0200,57.35,EUR/MWh,BE,BE,imbalance_price,Short,2026-06-20T12:20:56Z
2026-06-20T12:18:09Z,2026-06-20T14:18:09+0200,4bddbab4-20af-41f1-90cc-d649ae7f214d,2026-06-04T20:45:00Z,2026-06-04T22:45:00+0200,45.44,EUR/MWh,BE,BE,imbalance_price,Long,2026-06-20T12:20:56Z
2026-06-20T12:18:09Z,2026-06-20T14:18:09+0200,4bddbab4-20af-41f1-90cc-d649ae7f214d,2026-06-04T20:45:00Z,2026-06-04T22:45:00+0200,45.44,EUR/MWh,BE,BE,imbalance_price,Short,2026-06-20T12:20:56Z
2026-06-20T12:18:09Z,2026-06-20T14:18:09+0200,4bddbab4-20af-41f1-90cc-d649ae7f214d,2026-06-04T21:00:00Z,2026-06-04T23:00:00+0200,42.15,EUR/MWh,BE,BE,imbalance_price,Long,2026-06-20T12:20:56Z
2026-06-20T12:18:09Z,2026-06-20T14:18:09+0200,4bddbab4-20af-41f1-90cc-d649ae7f214d,2026-06-04T21:00:00Z,2026-06-04T23:00:00+0200,42.15,EUR/MWh,BE,BE,imbalance_price,Short,2026-06-20T12:20:56Z
2026-06-20T12:18:09Z,2026-06-20T14:18:09+0200,4bddbab4-20af-41f1-90cc-d649ae7f214d,2026-06-04T21:15:00Z,2026-06-04T23:15:00+0200,16.32,EUR/MWh,BE,BE,imbalance_price,Long,2026-06-20T12:20:56Z
2026-06-20T12:18:09Z,2026-06-20T14:18:09+0200,4bddbab4-20af-41f1-90cc-d649ae7f214d,2026-06-04T21:15:00Z,2026-06-04T23:15:00+0200,16.32,EUR/MWh,BE,BE,imbalance_price,Short,2026-06-20T12:20:56Z
2026-06-20T12:18:09Z,2026-06-20T14:18:09+0200,4bddbab4-20af-41f1-90cc-d649ae7f214d,2026-06-04T21:30:00Z,2026-06-04T23:30:00+0200,105.19,EUR/MWh,BE,BE,imbalance_price,Long,2026-06-20T12:20:56Z
2026-06-20T12:18:09Z,2026-06-20T14:18:09+0200,4bddbab4-20af-41f1-90cc-d649ae7f214d,2026-06-04T21:30:00Z,2026-06-04T23:30:00+0200,105.19,EUR/MWh,BE,BE,imbalance_price,Short,2026-06-20T12:20:56Z
2026-06-20T12:18:09Z,2026-06-20T14:18:09+0200,4bddbab4-20af-41f1-90cc-d649ae7f214d,2026-06-04T21:45:00Z,2026-06-04T23:45:00+0200,36.51,EUR/MWh,BE,BE,imbalance_price,Long,2026-06-20T12:20:56Z
2026-06-20T12:18:09Z,2026-06-20T14:18:09+0200,4bddbab4-20af-41f1-90cc-d649ae7f214d,2026-06-04T21:45:00Z,2026-06-04T23:45:00+0200,36.51,EUR/MWh,BE,BE,imbalance_price,Short,2026-06-20T12:20:56Z
2026-06-20T12:18:09Z,2026-06-20T14:18:09+0200,4bddbab4-20af-41f1-90cc-d649ae7f214d,2026-06-04T22:00:00Z,2026-06-05T00:00:00+0200,142.49,EUR/MWh,BE,BE,imbalance_price,Long,2026-06-20T12:20:56Z
2026-06-20T12:18:09Z,2026-06-20T14:18:09+0200,4bddbab4-20af-41f1-90cc-d649ae7f214d,2026-06-04T22:00:00Z,2026-06-05T00:00:00+0200,142.49,EUR/MWh,BE,BE,imbalance_price,Short,2026-06-20T12:20:56Z
2026-06-20T12:18:09Z,2026-06-20T14:18:09+0200,4bddbab4-20af-41f1-90cc-d649ae7f214d,2026-06-04T22:15:00Z,2026-06-05T00:15:00+0200,119.87,EUR/MWh,BE,BE,imbalance_price,Long,2026-06-20T12:20:56Z
2026-06-20T12:18:09Z,2026-06-20T14:18:09+0200,4bddbab4-20af-41f1-90cc-d649ae7f214d,2026-06-04T22:15:00Z,2026-06-05T00:15:00+0200,119.87,EUR/MWh,BE,BE,imbalance_price,Short,2026-06-20T12:20:56Z
2026-06-20T12:18:09Z,2026-06-20T14:18:09+0200,4bddbab4-20af-41f1-90cc-d649ae7f214d,2026-06-04T22:30:00Z,2026-06-05T00:30:00+0200,111.83,EUR/MWh,BE,BE,imbalance_price,Long,2026-06-20T12:20:56Z
2026-06-20T12:18:09Z,2026-06-20T14:18:09+0200,4bddbab4-20af-41f1-90cc-d649ae7f214d,2026-06-04T22:30:00Z,2026-06-05T00:30:00+0200,111.83,EUR/MWh,BE,BE,imbalance_price,Short,2026-06-20T12:20:56Z
2026-06-20T12:18:09Z,2026-06-20T14:18:09+0200,4bddbab4-20af-41f1-90cc-d649ae7f214d,2026-06-04T22:45:00Z,2026-06-05T00:45:00+0200,204.0,EUR/MWh,BE,BE,imbalance_price,Long,2026-06-20T12:20:56Z
2026-06-20T12:18:09Z,2026-06-20T14:18:09+0200,4bddbab4-20af-41f1-90cc-d649ae7f214d,2026-06-04T22:45:00Z,2026-06-05T00:45:00+0200,204.0,EUR/MWh,BE,BE,imbalance_price,Short,2026-06-20T12:20:56Z
2026-06-20T12:18:09Z,2026-06-20T14:18:09+0200,4bddbab4-20af-41f1-90cc-d649ae7f214d,2026-06-04T23:00:00Z,2026-06-05T01:00:00+0200,184.52,EUR/MWh,BE,BE,imbalance_price,Long,2026-06-20T12:20:56Z
2026-06-20T12:18:09Z,2026-06-20T14:18:09+0200,4bddbab4-20af-41f1-90cc-d649ae7f214d,2026-06-04T23:00:00Z,2026-06-05T01:00:00+0200,184.52,EUR/MWh,BE,BE,imbalance_price,Short,2026-06-20T12:20:56Z
2026-06-20T12:18:09Z,2026-06-20T14:18:09+0200,4bddbab4-20af-41f1-90cc-d649ae7f214d,2026-06-04T23:15:00Z,2026-06-05T01:15:00+0200,183.09,EUR/MWh,BE,BE,imbalance_price,Long,2026-06-20T12:20:56Z
2026-06-20T12:18:09Z,2026-06-20T14:18:09+0200,4bddbab4-20af-41f1-90cc-d649ae7f214d,2026-06-04T23:15:00Z,2026-06-05T01:15:00+0200,183.09,EUR/MWh,BE,BE,imbalance_price,Short,2026-06-20T12:20:56Z
2026-06-20T12:18:09Z,2026-06-20T14:18:09+0200,4bddbab4-20af-41f1-90cc-d649ae7f214d,2026-06-04T23:30:00Z,2026-06-05T01:30:00+0200,53.78,EUR/MWh,BE,BE,imbalance_price,Long,2026-06-20T12:20:56Z
2026-06-20T12:18:09Z,2026-06-20T14:18:09+0200,4bddbab4-20af-41f1-90cc-d649ae7f214d,2026-06-04T23:30:00Z,2026-06-05T01:30:00+0200,53.78,EUR/MWh,BE,BE,imbalance_price,Short,2026-06-20T12:20:56Z
2026-06-20T12:18:09Z,2026-06-20T14:18:09+0200,4bddbab4-20af-41f1-90cc-d649ae7f214d,2026-06-04T23:45:00Z,2026-06-05T01:45:00+0200,121.35,EUR/MWh,BE,BE,imbalance_price,Long,2026-06-20T12:20:56Z
2026-06-20T12:18:09Z,2026-06-20T14:18:09+0200,4bddbab4-20af-41f1-90cc-d649ae7f214d,2026-06-04T23:45:00Z,2026-06-05T01:45:00+0200,121.35,EUR/MWh,BE,BE,imbalance_price,Short,2026-06-20T12:20:56Z
2026-06-20T12:18:09Z,2026-06-20T14:18:09+0200,4bddbab4-20af-41f1-90cc-d649ae7f214d,2026-06-05T00:00:00Z,2026-06-05T02:00:00+0200,111.68,EUR/MWh,BE,BE,imbalance_price,Long,2026-06-20T12:20:56Z
2026-06-20T12:18:09Z,2026-06-20T14:18:09+0200,4bddbab4-20af-41f1-90cc-d649ae7f214d,2026-06-05T00:00:00Z,2026-06-05T02:00:00+0200,111.68,EUR/MWh,BE,BE,imbalance_price,Short,2026-06-20T12:20:56Z
2026-06-20T12:18:09Z,2026-06-20T14:18:09+0200,4bddbab4-20af-41f1-90cc-d649ae7f214d,2026-06-05T00:15:00Z,2026-06-05T02:15:00+0200,122.3,EUR/MWh,BE,BE,imbalance_price,Long,2026-06-20T12:20:56Z
2026-06-20T12:18:09Z,2026-06-20T14:18:09+0200,4bddbab4-20af-41f1-90cc-d649ae7f214d,2026-06-05T00:15:00Z,2026-06-05T02:15:00+0200,122.3,EUR/MWh,BE,BE,imbalance_price,Short,2026-06-20T12:20:56Z
2026-06-20T12:18:09Z,2026-06-20T14:18:09+0200,4bddbab4-20af-41f1-90cc-d649ae7f214d,2026-06-05T00:30:00Z,2026-06-05T02:30:00+0200,119.84,EUR/MWh,BE,BE,imbalance_price,Long,2026-06-20T12:20:56Z
2026-06-20T12:18:09Z,2026-06-20T14:18:09+0200,4bddbab4-20af-41f1-90cc-d649ae7f214d,2026-06-05T00:30:00Z,2026-06-05T02:30:00+0200,119.84,EUR/MWh,BE,BE,imbalance_price,Short,2026-06-20T12:20:56Z
2026-06-20T12:18:09Z,2026-06-20T14:18:09+0200,4bddbab4-20af-41f1-90cc-d649ae7f214d,2026-06-05T00:45:00Z,2026-06-05T02:45:00+0200,117.69,EUR/MWh,BE,BE,imbalance_price,Long,2026-06-20T12:20:56Z
2026-06-20T12:18:09Z,2026-06-20T14:18:09+0200,4bddbab4-20af-41f1-90cc-d649ae7f214d,2026-06-05T00:45:00Z,2026-06-05T02:45:00+0200,117.69,EUR/MWh,BE,BE,imbalance_price,Short,2026-06-20T12:20:56Z
2026-06-20T12:18:09Z,2026-06-20T14:18:09+0200,4bddbab4-20af-41f1-90cc-d649ae7f214d,2026-06-05T01:00:00Z,2026-06-05T03:00:00+0200,131.86,EUR/MWh,BE,BE,imbalance_price,Long,2026-06-20T12:20:56Z
2026-06-20T12:18:09Z,2026-06-20T14:18:09+0200,4bddbab4-20af-41f1-90cc-d649ae7f214d,2026-06-05T01:00:00Z,2026-06-05T03:00:00+0200,131.86,EUR/MWh,BE,BE,imbalance_price,Short,2026-06-20T12:20:56Z
2026-06-20T12:18:09Z,2026-06-20T14:18:09+0200,4bddbab4-20af-41f1-90cc-d649ae7f214d,2026-06-05T01:15:00Z,2026-06-05T03:15:00+0200,122.3,EUR/MWh,BE,BE,imbalance_price,Long,2026-06-20T12:20:56Z
2026-06-20T12:18:09Z,2026-06-20T14:18:09+0200,4bddbab4-20af-41f1-90cc-d649ae7f214d,2026-06-05T01:15:00Z,2026-06-05T03:15:00+0200,122.3,EUR/MWh,BE,BE,imbalance_price,Short,2026-06-20T12:20:56Z
2026-06-20T12:18:09Z,2026-06-20T14:18:09+0200,4bddbab4-20af-41f1-90cc-d649ae7f214d,2026-06-05T01:30:00Z,2026-06-05T03:30:00+0200,116.74,EUR/MWh,BE,BE,imbalance_price,Long,2026-06-20T12:20:56Z
2026-06-20T12:18:09Z,2026-06-20T14:18:09+0200,4bddbab4-20af-41f1-90cc-d649ae7f214d,2026-06-05T01:30:00Z,2026-06-05T03:30:00+0200,116.74,EUR/MWh,BE,BE,imbalance_price,Short,2026-06-20T12:20:56Z
2026-06-20T12:18:09Z,2026-06-20T14:18:09+0200,4bddbab4-20af-41f1-90cc-d649ae7f214d,2026-06-05T01:45:00Z,2026-06-05T03:45:00+0200,119.55,EUR/MWh,BE,BE,imbalance_price,Long,2026-06-20T12:20:56Z
2026-06-20T12:18:09Z,2026-06-20T14:18:09+0200,4bddbab4-20af-41f1-90cc-d649ae7f214d,2026-06-05T01:45:00Z,2026-06-05T03:45:00+0200,119.55,EUR/MWh,BE,BE,imbalance_price,Short,2026-06-20T12:20:56Z
2026-06-20T12:18:09Z,2026-06-20T14:18:09+0200,4bddbab4-20af-41f1-90cc-d649ae7f214d,2026-06-05T02:00:00Z,2026-06-05T04:00:00+0200,54.83,EUR/MWh,BE,BE,imbalance_price,Long,2026-06-20T12:20:56Z
2026-06-20T12:18:09Z,2026-06-20T14:18:09+0200,4bddbab4-20af-41f1-90cc-d649ae7f214d,2026-06-05T02:00:00Z,2026-06-05T04:00:00+0200,54.83,EUR/MWh,BE,BE,imbalance_price,Short,2026-06-20T12:20:56Z
2026-06-20T12:18:09Z,2026-06-20T14:18:09+0200,4bddbab4-20af-41f1-90cc-d649ae7f214d,2026-06-05T02:15:00Z,2026-06-05T04:15:00+0200,83.38,EUR/MWh,BE,BE,imbalance_price,Long,2026-06-20T12:20:56Z
2026-06-20T12:18:09Z,2026-06-20T14:18:09+0200,4bddbab4-20af-41f1-90cc-d649ae7f214d,2026-06-05T02:15:00Z,2026-06-05T04:15:00+0200,83.38,EUR/MWh,BE,BE,imbalance_price,Short,2026-06-20T12:20:56Z
2026-06-20T12:18:09Z,2026-06-20T14:18:09+0200,4bddbab4-20af-41f1-90cc-d649ae7f214d,2026-06-05T02:30:00Z,2026-06-05T04:30:00+0200,124.94,EUR/MWh,BE,BE,imbalance_price,Long,2026-06-20T12:20:56Z
2026-06-20T12:18:09Z,2026-06-20T14:18:09+0200,4bddbab4-20af-41f1-90cc-d649ae7f214d,2026-06-05T02:30:00Z,2026-06-05T04:30:00+0200,124.94,EUR/MWh,BE,BE,imbalance_price,Short,2026-06-20T12:20:56Z
2026-06-20T12:18:09Z,2026-06-20T14:18:09+0200,4bddbab4-20af-41f1-90cc-d649ae7f214d,2026-06-05T02:45:00Z,2026-06-05T04:45:00+0200,190.64,EUR/MWh,BE,BE,imbalance_price,Long,2026-06-20T12:20:56Z
2026-06-20T12:18:09Z,2026-06-20T14:18:09+0200,4bddbab4-20af-41f1-90cc-d649ae7f214d,2026-06-05T02:45:00Z,2026-06-05T04:45:00+0200,190.64,EUR/MWh,BE,BE,imbalance_price,Short,2026-06-20T12:20:56Z
2026-06-20T12:18:09Z,2026-06-20T14:18:09+0200,4bddbab4-20af-41f1-90cc-d649ae7f214d,2026-06-05T03:00:00Z,2026-06-05T05:00:00+0200,96.96,EUR/MWh,BE,BE,imbalance_price,Long,2026-06-20T12:20:56Z
2026-06-20T12:18:09Z,2026-06-20T14:18:09+0200,4bddbab4-20af-41f1-90cc-d649ae7f214d,2026-06-05T03:00:00Z,2026-06-05T05:00:00+0200,96.96,EUR/MWh,BE,BE,imbalance_price,Short,2026-06-20T12:20:56Z
2026-06-20T12:18:09Z,2026-06-20T14:18:09+0200,4bddbab4-20af-41f1-90cc-d649ae7f214d,2026-06-05T03:15:00Z,2026-06-05T05:15:00+0200,104.66,EUR/MWh,BE,BE,imbalance_price,Long,2026-06-20T12:20:56Z
2026-06-20T12:18:09Z,2026-06-20T14:18:09+0200,4bddbab4-20af-41f1-90cc-d649ae7f214d,2026-06-05T03:15:00Z,2026-06-05T05:15:00+0200,104.66,EUR/MWh,BE,BE,imbalance_price,Short,2026-06-20T12:20:56Z
2026-06-20T12:18:09Z,2026-06-20T14:18:09+0200,4bddbab4-20af-41f1-90cc-d649ae7f214d,2026-06-05T03:30:00Z,2026-06-05T05:30:00+0200,108.89,EUR/MWh,BE,BE,imbalance_price,Long,2026-06-20T12:20:56Z
2026-06-20T12:18:09Z,2026-06-20T14:18:09+0200,4bddbab4-20af-41f1-90cc-d649ae7f214d,2026-06-05T03:30:00Z,2026-06-05T05:30:00+0200,108.89,EUR/MWh,BE,BE,imbalance_price,Short,2026-06-20T12:20:56Z
2026-06-20T12:18:09Z,2026-06-20T14:18:09+0200,4bddbab4-20af-41f1-90cc-d649ae7f214d,2026-06-05T03:45:00Z,2026-06-05T05:45:00+0200,124.25,EUR/MWh,BE,BE,imbalance_price,Long,2026-06-20T12:20:56Z
2026-06-20T12:18:09Z,2026-06-20T14:18:09+0200,4bddbab4-20af-41f1-90cc-d649ae7f214d,2026-06-05T03:45:00Z,2026-06-05T05:45:00+0200,124.25,EUR/MWh,BE,BE,imbalance_price,Short,2026-06-20T12:20:56Z
2026-06-20T12:18:09Z,2026-06-20T14:18:09+0200,4bddbab4-20af-41f1-90cc-d649ae7f214d,2026-06-05T04:00:00Z,2026-06-05T06:00:00+0200,119.54,EUR/MWh,BE,BE,imbalance_price,Long,2026-06-20T12:20:56Z
2026-06-20T12:18:09Z,2026-06-20T14:18:09+0200,4bddbab4-20af-41f1-90cc-d649ae7f214d,2026-06-05T04:00:00Z,2026-06-05T06:00:00+0200,119.54,EUR/MWh,BE,BE,imbalance_price,Short,2026-06-20T12:20:56Z
2026-06-20T12:18:09Z,2026-06-20T14:18:09+0200,4bddbab4-20af-41f1-90cc-d649ae7f214d,2026-06-05T04:15:00Z,2026-06-05T06:15:00+0200,122.06,EUR/MWh,BE,BE,imbalance_price,Long,2026-06-20T12:20:56Z
2026-06-20T12:18:09Z,2026-06-20T14:18:09+0200,4bddbab4-20af-41f1-90cc-d649ae7f214d,2026-06-05T04:15:00Z,2026-06-05T06:15:00+0200,122.06,EUR/MWh,BE,BE,imbalance_price,Short,2026-06-20T12:20:56Z
2026-06-20T12:18:09Z,2026-06-20T14:18:09+0200,4bddbab4-20af-41f1-90cc-d649ae7f214d,2026-06-05T04:30:00Z,2026-06-05T06:30:00+0200,130.49,EUR/MWh,BE,BE,imbalance_price,Long,2026-06-20T12:20:56Z
2026-06-20T12:18:09Z,2026-06-20T14:18:09+0200,4bddbab4-20af-41f1-90cc-d649ae7f214d,2026-06-05T04:30:00Z,2026-06-05T06:30:00+0200,130.49,EUR/MWh,BE,BE,imbalance_price,Short,2026-06-20T12:20:56Z
2026-06-20T12:18:09Z,2026-06-20T14:18:09+0200,4bddbab4-20af-41f1-90cc-d649ae7f214d,2026-06-05T04:45:00Z,2026-06-05T06:45:00+0200,124.38,EUR/MWh,BE,BE,imbalance_price,Long,2026-06-20T12:20:56Z
2026-06-20T12:18:09Z,2026-06-20T14:18:09+0200,4bddbab4-20af-41f1-90cc-d649ae7f214d,2026-06-05T04:45:00Z,2026-06-05T06:45:00+0200,124.38,EUR/MWh,BE,BE,imbalance_price,Short,2026-06-20T12:20:56Z
2026-06-20T12:18:09Z,2026-06-20T14:18:09+0200,4bddbab4-20af-41f1-90cc-d649ae7f214d,2026-06-05T05:00:00Z,2026-06-05T07:00:00+0200,103.4,EUR/MWh,BE,BE,imbalance_price,Long,2026-06-20T12:20:56Z
2026-06-20T12:18:09Z,2026-06-20T14:18:09+0200,4bddbab4-20af-41f1-90cc-d649ae7f214d,2026-06-05T05:00:00Z,2026-06-05T07:00:00+0200,103.4,EUR/MWh,BE,BE,imbalance_price,Short,2026-06-20T12:20:56Z
2026-06-20T12:18:09Z,2026-06-20T14:18:09+0200,4bddbab4-20af-41f1-90cc-d649ae7f214d,2026-06-05T05:15:00Z,2026-06-05T07:15:00+0200,86.06,EUR/MWh,BE,BE,imbalance_price,Long,2026-06-20T12:20:56Z
2026-06-20T12:18:09Z,2026-06-20T14:18:09+0200,4bddbab4-20af-41f1-90cc-d649ae7f214d,2026-06-05T05:15:00Z,2026-06-05T07:15:00+0200,86.06,EUR/MWh,BE,BE,imbalance_price,Short,2026-06-20T12:20:56Z
2026-06-20T12:18:09Z,2026-06-20T14:18:09+0200,4bddbab4-20af-41f1-90cc-d649ae7f214d,2026-06-05T05:30:00Z,2026-06-05T07:30:00+0200,112.27,EUR/MWh,BE,BE,imbalance_price,Long,2026-06-20T12:20:56Z
2026-06-20T12:18:09Z,2026-06-20T14:18:09+0200,4bddbab4-20af-41f1-90cc-d649ae7f214d,2026-06-05T05:30:00Z,2026-06-05T07:30:00+0200,112.27,EUR/MWh,BE,BE,imbalance_price,Short,2026-06-20T12:20:56Z
2026-06-20T12:18:09Z,2026-06-20T14:18:09+0200,4bddbab4-20af-41f1-90cc-d649ae7f214d,2026-06-05T05:45:00Z,2026-06-05T07:45:00+0200,100.22,EUR/MWh,BE,BE,imbalance_price,Long,2026-06-20T12:20:56Z
2026-06-20T12:18:09Z,2026-06-20T14:18:09+0200,4bddbab4-20af-41f1-90cc-d649ae7f214d,2026-06-05T05:45:00Z,2026-06-05T07:45:00+0200,100.22,EUR/MWh,BE,BE,imbalance_price,Short,2026-06-20T12:20:56Z
2026-06-20T12:18:09Z,2026-06-20T14:18:09+0200,4bddbab4-20af-41f1-90cc-d649ae7f214d,2026-06-05T06:00:00Z,2026-06-05T08:00:00+0200,119.31,EUR/MWh,BE,BE,imbalance_price,Long,2026-06-20T12:20:56Z
2026-06-20T12:18:09Z,2026-06-20T14:18:09+0200,4bddbab4-20af-41f1-90cc-d649ae7f214d,2026-06-05T06:00:00Z,2026-06-05T08:00:00+0200,119.31,EUR/MWh,BE,BE,imbalance_price,Short,2026-06-20T12:20:56Z
2026-06-20T12:18:09Z,2026-06-20T14:18:09+0200,4bddbab4-20af-41f1-90cc-d649ae7f214d,2026-06-05T06:15:00Z,2026-06-05T08:15:00+0200,123.71,EUR/MWh,BE,BE,imbalance_price,Long,2026-06-20T12:20:56Z
2026-06-20T12:18:09Z,2026-06-20T14:18:09+0200,4bddbab4-20af-41f1-90cc-d649ae7f214d,2026-06-05T06:15:00Z,2026-06-05T08:15:00+0200,123.71,EUR/MWh,BE,BE,imbalance_price,Short,2026-06-20T12:20:56Z
2026-06-20T12:18:09Z,2026-06-20T14:18:09+0200,4bddbab4-20af-41f1-90cc-d649ae7f214d,2026-06-05T06:30:00Z,2026-06-05T08:30:00+0200,148.8,EUR/MWh,BE,BE,imbalance_price,Long,2026-06-20T12:20:56Z
2026-06-20T12:18:09Z,2026-06-20T14:18:09+0200,4bddbab4-20af-41f1-90cc-d649ae7f214d,2026-06-05T06:30:00Z,2026-06-05T08:30:00+0200,148.8,EUR/MWh,BE,BE,imbalance_price,Short,2026-06-20T12:20:56Z
2026-06-20T12:18:09Z,2026-06-20T14:18:09+0200,4bddbab4-20af-41f1-90cc-d649ae7f214d,2026-06-05T06:45:00Z,2026-06-05T08:45:00+0200,122.89,EUR/MWh,BE,BE,imbalance_price,Long,2026-06-20T12:20:56Z
2026-06-20T12:18:09Z,2026-06-20T14:18:09+0200,4bddbab4-20af-41f1-90cc-d649ae7f214d,2026-06-05T06:45:00Z,2026-06-05T08:45:00+0200,122.89,EUR/MWh,BE,BE,imbalance_price,Short,2026-06-20T12:20:56Z
2026-06-20T12:18:09Z,2026-06-20T14:18:09+0200,4bddbab4-20af-41f1-90cc-d649ae7f214d,2026-06-05T07:00:00Z,2026-06-05T09:00:00+0200,148.45,EUR/MWh,BE,BE,imbalance_price,Long,2026-06-20T12:20:56Z
2026-06-20T12:18:09Z,2026-06-20T14:18:09+0200,4bddbab4-20af-41f1-90cc-d649ae7f214d,2026-06-05T07:00:00Z,2026-06-05T09:00:00+0200,148.45,EUR/MWh,BE,BE,imbalance_price,Short,2026-06-20T12:20:56Z
2026-06-20T12:18:09Z,2026-06-20T14:18:09+0200,4bddbab4-20af-41f1-90cc-d649ae7f214d,2026-06-05T07:15:00Z,2026-06-05T09:15:00+0200,104.7,EUR/MWh,BE,BE,imbalance_price,Long,2026-06-20T12:20:56Z
2026-06-20T12:18:09Z,2026-06-20T14:18:09+0200,4bddbab4-20af-41f1-90cc-d649ae7f214d,2026-06-05T07:15:00Z,2026-06-05T09:15:00+0200,104.7,EUR/MWh,BE,BE,imbalance_price,Short,2026-06-20T12:20:56Z
2026-06-20T12:18:09Z,2026-06-20T14:18:09+0200,4bddbab4-20af-41f1-90cc-d649ae7f214d,2026-06-05T07:30:00Z,2026-06-05T09:30:00+0200,86.06,EUR/MWh,BE,BE,imbalance_price,Long,2026-06-20T12:20:56Z
2026-06-20T12:18:09Z,2026-06-20T14:18:09+0200,4bddbab4-20af-41f1-90cc-d649ae7f214d,2026-06-05T07:30:00Z,2026-06-05T09:30:00+0200,86.06,EUR/MWh,BE,BE,imbalance_price,Short,2026-06-20T12:20:56Z
2026-06-20T12:18:09Z,2026-06-20T14:18:09+0200,4bddbab4-20af-41f1-90cc-d649ae7f214d,2026-06-05T07:45:00Z,2026-06-05T09:45:00+0200,86.06,EUR/MWh,BE,BE,imbalance_price,Long,2026-06-20T12:20:56Z
2026-06-20T12:18:09Z,2026-06-20T14:18:09+0200,4bddbab4-20af-41f1-90cc-d649ae7f214d,2026-06-05T07:45:00Z,2026-06-05T09:45:00+0200,86.06,EUR/MWh,BE,BE,imbalance_price,Short,2026-06-20T12:20:56Z
2026-06-20T12:18:09Z,2026-06-20T14:18:09+0200,4bddbab4-20af-41f1-90cc-d649ae7f214d,2026-06-05T08:00:00Z,2026-06-05T10:00:00+0200,101.82,EUR/MWh,BE,BE,imbalance_price,Long,2026-06-20T12:20:56Z
2026-06-20T12:18:09Z,2026-06-20T14:18:09+0200,4bddbab4-20af-41f1-90cc-d649ae7f214d,2026-06-05T08:00:00Z,2026-06-05T10:00:00+0200,101.82,EUR/MWh,BE,BE,imbalance_price,Short,2026-06-20T12:20:56Z
2026-06-20T12:18:09Z,2026-06-20T14:18:09+0200,4bddbab4-20af-41f1-90cc-d649ae7f214d,2026-06-05T08:15:00Z,2026-06-05T10:15:00+0200,84.59,EUR/MWh,BE,BE,imbalance_price,Long,2026-06-20T12:20:56Z
2026-06-20T12:18:09Z,2026-06-20T14:18:09+0200,4bddbab4-20af-41f1-90cc-d649ae7f214d,2026-06-05T08:15:00Z,2026-06-05T10:15:00+0200,84.59,EUR/MWh,BE,BE,imbalance_price,Short,2026-06-20T12:20:56Z
2026-06-20T12:18:09Z,2026-06-20T14:18:09+0200,4bddbab4-20af-41f1-90cc-d649ae7f214d,2026-06-05T08:30:00Z,2026-06-05T10:30:00+0200,54.94,EUR/MWh,BE,BE,imbalance_price,Long,2026-06-20T12:20:56Z
2026-06-20T12:18:09Z,2026-06-20T14:18:09+0200,4bddbab4-20af-41f1-90cc-d649ae7f214d,2026-06-05T08:30:00Z,2026-06-05T10:30:00+0200,54.94,EUR/MWh,BE,BE,imbalance_price,Short,2026-06-20T12:20:56Z
2026-06-20T12:18:09Z,2026-06-20T14:18:09+0200,4bddbab4-20af-41f1-90cc-d649ae7f214d,2026-06-05T08:45:00Z,2026-06-05T10:45:00+0200,55.75,EUR/MWh,BE,BE,imbalance_price,Long,2026-06-20T12:20:56Z
2026-06-20T12:18:09Z,2026-06-20T14:18:09+0200,4bddbab4-20af-41f1-90cc-d649ae7f214d,2026-06-05T08:45:00Z,2026-06-05T10:45:00+0200,55.75,EUR/MWh,BE,BE,imbalance_price,Short,2026-06-20T12:20:56Z
2026-06-20T12:18:09Z,2026-06-20T14:18:09+0200,4bddbab4-20af-41f1-90cc-d649ae7f214d,2026-06-05T09:00:00Z,2026-06-05T11:00:00+0200,44.86,EUR/MWh,BE,BE,imbalance_price,Long,2026-06-20T12:20:56Z
2026-06-20T12:18:09Z,2026-06-20T14:18:09+0200,4bddbab4-20af-41f1-90cc-d649ae7f214d,2026-06-05T09:00:00Z,2026-06-05T11:00:00+0200,44.86,EUR/MWh,BE,BE,imbalance_price,Short,2026-06-20T12:20:56Z
2026-06-20T12:18:09Z,2026-06-20T14:18:09+0200,4bddbab4-20af-41f1-90cc-d649ae7f214d,2026-06-05T09:15:00Z,2026-06-05T11:15:00+0200,53.88,EUR/MWh,BE,BE,imbalance_price,Long,2026-06-20T12:20:56Z
2026-06-20T12:18:09Z,2026-06-20T14:18:09+0200,4bddbab4-20af-41f1-90cc-d649ae7f214d,2026-06-05T09:15:00Z,2026-06-05T11:15:00+0200,53.88,EUR/MWh,BE,BE,imbalance_price,Short,2026-06-20T12:20:56Z
2026-06-20T12:18:09Z,2026-06-20T14:18:09+0200,4bddbab4-20af-41f1-90cc-d649ae7f214d,2026-06-05T09:30:00Z,2026-06-05T11:30:00+0200,63.41,EUR/MWh,BE,BE,imbalance_price,Long,2026-06-20T12:20:56Z
2026-06-20T12:18:09Z,2026-06-20T14:18:09+0200,4bddbab4-20af-41f1-90cc-d649ae7f214d,2026-06-05T09:30:00Z,2026-06-05T11:30:00+0200,63.41,EUR/MWh,BE,BE,imbalance_price,Short,2026-06-20T12:20:56Z
2026-06-20T12:18:09Z,2026-06-20T14:18:09+0200,4bddbab4-20af-41f1-90cc-d649ae7f214d,2026-06-05T09:45:00Z,2026-06-05T11:45:00+0200,62.61,EUR/MWh,BE,BE,imbalance_price,Long,2026-06-20T12:20:56Z
2026-06-20T12:18:09Z,2026-06-20T14:18:09+0200,4bddbab4-20af-41f1-90cc-d649ae7f214d,2026-06-05T09:45:00Z,2026-06-05T11:45:00+0200,62.61,EUR/MWh,BE,BE,imbalance_price,Short,2026-06-20T12:20:56Z
2026-06-20T12:18:09Z,2026-06-20T14:18:09+0200,4bddbab4-20af-41f1-90cc-d649ae7f214d,2026-06-05T10:00:00Z,2026-06-05T12:00:00+0200,10.7,EUR/MWh,BE,BE,imbalance_price,Long,2026-06-20T12:20:56Z
2026-06-20T12:18:09Z,2026-06-20T14:18:09+0200,4bddbab4-20af-41f1-90cc-d649ae7f214d,2026-06-05T10:00:00Z,2026-06-05T12:00:00+0200,10.7,EUR/MWh,BE,BE,imbalance_price,Short,2026-06-20T12:20:56Z
2026-06-20T12:18:09Z,2026-06-20T14:18:09+0200,4bddbab4-20af-41f1-90cc-d649ae7f214d,2026-06-05T10:15:00Z,2026-06-05T12:15:00+0200,6.18,EUR/MWh,BE,BE,imbalance_price,Long,2026-06-20T12:20:56Z
2026-06-20T12:18:09Z,2026-06-20T14:18:09+0200,4bddbab4-20af-41f1-90cc-d649ae7f214d,2026-06-05T10:15:00Z,2026-06-05T12:15:00+0200,6.18,EUR/MWh,BE,BE,imbalance_price,Short,2026-06-20T12:20:56Z
2026-06-20T12:18:09Z,2026-06-20T14:18:09+0200,4bddbab4-20af-41f1-90cc-d649ae7f214d,2026-06-05T10:30:00Z,2026-06-05T12:30:00+0200,-51.56,EUR/MWh,BE,BE,imbalance_price,Long,2026-06-20T12:20:56Z
2026-06-20T12:18:09Z,2026-06-20T14:18:09+0200,4bddbab4-20af-41f1-90cc-d649ae7f214d,2026-06-05T10:30:00Z,2026-06-05T12:30:00+0200,-51.56,EUR/MWh,BE,BE,imbalance_price,Short,2026-06-20T12:20:56Z
2026-06-20T12:18:09Z,2026-06-20T14:18:09+0200,4bddbab4-20af-41f1-90cc-d649ae7f214d,2026-06-05T10:45:00Z,2026-06-05T12:45:00+0200,-111.0,EUR/MWh,BE,BE,imbalance_price,Long,2026-06-20T12:20:56Z
2026-06-20T12:18:09Z,2026-06-20T14:18:09+0200,4bddbab4-20af-41f1-90cc-d649ae7f214d,2026-06-05T10:45:00Z,2026-06-05T12:45:00+0200,-111.0,EUR/MWh,BE,BE,imbalance_price,Short,2026-06-20T12:20:56Z
2026-06-20T12:18:09Z,2026-06-20T14:18:09+0200,4bddbab4-20af-41f1-90cc-d649ae7f214d,2026-06-05T11:00:00Z,2026-06-05T13:00:00+0200,-9.07,EUR/MWh,BE,BE,imbalance_price,Long,2026-06-20T12:20:56Z
2026-06-20T12:18:09Z,2026-06-20T14:18:09+0200,4bddbab4-20af-41f1-90cc-d649ae7f214d,2026-06-05T11:00:00Z,2026-06-05T13:00:00+0200,-9.07,EUR/MWh,BE,BE,imbalance_price,Short,2026-06-20T12:20:56Z
2026-06-20T12:18:09Z,2026-06-20T14:18:09+0200,4bddbab4-20af-41f1-90cc-d649ae7f214d,2026-06-05T11:15:00Z,2026-06-05T13:15:00+0200,30.49,EUR/MWh,BE,BE,imbalance_price,Long,2026-06-20T12:20:56Z
2026-06-20T12:18:09Z,2026-06-20T14:18:09+0200,4bddbab4-20af-41f1-90cc-d649ae7f214d,2026-06-05T11:15:00Z,2026-06-05T13:15:00+0200,30.49,EUR/MWh,BE,BE,imbalance_price,Short,2026-06-20T12:20:56Z
2026-06-20T12:18:09Z,2026-06-20T14:18:09+0200,4bddbab4-20af-41f1-90cc-d649ae7f214d,2026-06-05T11:30:00Z,2026-06-05T13:30:00+0200,16.16,EUR/MWh,BE,BE,imbalance_price,Long,2026-06-20T12:20:56Z
2026-06-20T12:18:09Z,2026-06-20T14:18:09+0200,4bddbab4-20af-41f1-90cc-d649ae7f214d,2026-06-05T11:30:00Z,2026-06-05T13:30:00+0200,16.16,EUR/MWh,BE,BE,imbalance_price,Short,2026-06-20T12:20:56Z
2026-06-20T12:18:09Z,2026-06-20T14:18:09+0200,4bddbab4-20af-41f1-90cc-d649ae7f214d,2026-06-05T11:45:00Z,2026-06-05T13:45:00+0200,34.6,EUR/MWh,BE,BE,imbalance_price,Long,2026-06-20T12:20:56Z
2026-06-20T12:18:09Z,2026-06-20T14:18:09+0200,4bddbab4-20af-41f1-90cc-d649ae7f214d,2026-06-05T11:45:00Z,2026-06-05T13:45:00+0200,34.6,EUR/MWh,BE,BE,imbalance_price,Short,2026-06-20T12:20:56Z
2026-06-20T12:18:09Z,2026-06-20T14:18:09+0200,4bddbab4-20af-41f1-90cc-d649ae7f214d,2026-06-05T12:00:00Z,2026-06-05T14:00:00+0200,129.65,EUR/MWh,BE,BE,imbalance_price,Long,2026-06-20T12:20:56Z
2026-06-20T12:18:09Z,2026-06-20T14:18:09+0200,4bddbab4-20af-41f1-90cc-d649ae7f214d,2026-06-05T12:00:00Z,2026-06-05T14:00:00+0200,129.65,EUR/MWh,BE,BE,imbalance_price,Short,2026-06-20T12:20:56Z
2026-06-20T12:18:09Z,2026-06-20T14:18:09+0200,4bddbab4-20af-41f1-90cc-d649ae7f214d,2026-06-05T12:15:00Z,2026-06-05T14:15:00+0200,127.23,EUR/MWh,BE,BE,imbalance_price,Long,2026-06-20T12:20:56Z
2026-06-20T12:18:09Z,2026-06-20T14:18:09+0200,4bddbab4-20af-41f1-90cc-d649ae7f214d,2026-06-05T12:15:00Z,2026-06-05T14:15:00+0200,127.23,EUR/MWh,BE,BE,imbalance_price,Short,2026-06-20T12:20:56Z
2026-06-20T12:18:09Z,2026-06-20T14:18:09+0200,4bddbab4-20af-41f1-90cc-d649ae7f214d,2026-06-05T12:30:00Z,2026-06-05T14:30:00+0200,102.67,EUR/MWh,BE,BE,imbalance_price,Long,2026-06-20T12:20:56Z
2026-06-20T12:18:09Z,2026-06-20T14:18:09+0200,4bddbab4-20af-41f1-90cc-d649ae7f214d,2026-06-05T12:30:00Z,2026-06-05T14:30:00+0200,102.67,EUR/MWh,BE,BE,imbalance_price,Short,2026-06-20T12:20:56Z
2026-06-20T12:18:09Z,2026-06-20T14:18:09+0200,4bddbab4-20af-41f1-90cc-d649ae7f214d,2026-06-05T12:45:00Z,2026-06-05T14:45:00+0200,87.46,EUR/MWh,BE,BE,imbalance_price,Long,2026-06-20T12:20:56Z
2026-06-20T12:18:09Z,2026-06-20T14:18:09+0200,4bddbab4-20af-41f1-90cc-d649ae7f214d,2026-06-05T12:45:00Z,2026-06-05T14:45:00+0200,87.46,EUR/MWh,BE,BE,imbalance_price,Short,2026-06-20T12:20:56Z
2026-06-20T12:18:09Z,2026-06-20T14:18:09+0200,4bddbab4-20af-41f1-90cc-d649ae7f214d,2026-06-05T13:00:00Z,2026-06-05T15:00:00+0200,106.58,EUR/MWh,BE,BE,imbalance_price,Long,2026-06-20T12:20:56Z
2026-06-20T12:18:09Z,2026-06-20T14:18:09+0200,4bddbab4-20af-41f1-90cc-d649ae7f214d,2026-06-05T13:00:00Z,2026-06-05T15:00:00+0200,106.58,EUR/MWh,BE,BE,imbalance_price,Short,2026-06-20T12:20:56Z
2026-06-20T12:18:09Z,2026-06-20T14:18:09+0200,4bddbab4-20af-41f1-90cc-d649ae7f214d,2026-06-05T13:15:00Z,2026-06-05T15:15:00+0200,89.28,EUR/MWh,BE,BE,imbalance_price,Long,2026-06-20T12:20:56Z
2026-06-20T12:18:09Z,2026-06-20T14:18:09+0200,4bddbab4-20af-41f1-90cc-d649ae7f214d,2026-06-05T13:15:00Z,2026-06-05T15:15:00+0200,89.28,EUR/MWh,BE,BE,imbalance_price,Short,2026-06-20T12:20:56Z
2026-06-20T12:18:09Z,2026-06-20T14:18:09+0200,4bddbab4-20af-41f1-90cc-d649ae7f214d,2026-06-05T13:30:00Z,2026-06-05T15:30:00+0200,138.46,EUR/MWh,BE,BE,imbalance_price,Long,2026-06-20T12:20:56Z
2026-06-20T12:18:09Z,2026-06-20T14:18:09+0200,4bddbab4-20af-41f1-90cc-d649ae7f214d,2026-06-05T13:30:00Z,2026-06-05T15:30:00+0200,138.46,EUR/MWh,BE,BE,imbalance_price,Short,2026-06-20T12:20:56Z
2026-06-20T12:18:09Z,2026-06-20T14:18:09+0200,4bddbab4-20af-41f1-90cc-d649ae7f214d,2026-06-05T13:45:00Z,2026-06-05T15:45:00+0200,150.63,EUR/MWh,BE,BE,imbalance_price,Long,2026-06-20T12:20:56Z
2026-06-20T12:18:09Z,2026-06-20T14:18:09+0200,4bddbab4-20af-41f1-90cc-d649ae7f214d,2026-06-05T13:45:00Z,2026-06-05T15:45:00+0200,150.63,EUR/MWh,BE,BE,imbalance_price,Short,2026-06-20T12:20:56Z
2026-06-20T12:18:09Z,2026-06-20T14:18:09+0200,4bddbab4-20af-41f1-90cc-d649ae7f214d,2026-06-05T14:00:00Z,2026-06-05T16:00:00+0200,95.45,EUR/MWh,BE,BE,imbalance_price,Long,2026-06-20T12:20:56Z
2026-06-20T12:18:09Z,2026-06-20T14:18:09+0200,4bddbab4-20af-41f1-90cc-d649ae7f214d,2026-06-05T14:00:00Z,2026-06-05T16:00:00+0200,95.45,EUR/MWh,BE,BE,imbalance_price,Short,2026-06-20T12:20:56Z
2026-06-20T12:18:09Z,2026-06-20T14:18:09+0200,4bddbab4-20af-41f1-90cc-d649ae7f214d,2026-06-05T14:15:00Z,2026-06-05T16:15:00+0200,132.16,EUR/MWh,BE,BE,imbalance_price,Long,2026-06-20T12:20:56Z
2026-06-20T12:18:09Z,2026-06-20T14:18:09+0200,4bddbab4-20af-41f1-90cc-d649ae7f214d,2026-06-05T14:15:00Z,2026-06-05T16:15:00+0200,132.16,EUR/MWh,BE,BE,imbalance_price,Short,2026-06-20T12:20:56Z
2026-06-20T12:18:09Z,2026-06-20T14:18:09+0200,4bddbab4-20af-41f1-90cc-d649ae7f214d,2026-06-05T14:30:00Z,2026-06-05T16:30:00+0200,113.89,EUR/MWh,BE,BE,imbalance_price,Long,2026-06-20T12:20:56Z
2026-06-20T12:18:09Z,2026-06-20T14:18:09+0200,4bddbab4-20af-41f1-90cc-d649ae7f214d,2026-06-05T14:30:00Z,2026-06-05T16:30:00+0200,113.89,EUR/MWh,BE,BE,imbalance_price,Short,2026-06-20T12:20:56Z
2026-06-20T12:18:09Z,2026-06-20T14:18:09+0200,4bddbab4-20af-41f1-90cc-d649ae7f214d,2026-06-05T14:45:00Z,2026-06-05T16:45:00+0200,122.69,EUR/MWh,BE,BE,imbalance_price,Long,2026-06-20T12:20:56Z
2026-06-20T12:18:09Z,2026-06-20T14:18:09+0200,4bddbab4-20af-41f1-90cc-d649ae7f214d,2026-06-05T14:45:00Z,2026-06-05T16:45:00+0200,122.69,EUR/MWh,BE,BE,imbalance_price,Short,2026-06-20T12:20:56Z
2026-06-20T12:18:09Z,2026-06-20T14:18:09+0200,4bddbab4-20af-41f1-90cc-d649ae7f214d,2026-06-05T15:00:00Z,2026-06-05T17:00:00+0200,74.51,EUR/MWh,BE,BE,imbalance_price,Long,2026-06-20T12:20:56Z
2026-06-20T12:18:09Z,2026-06-20T14:18:09+0200,4bddbab4-20af-41f1-90cc-d649ae7f214d,2026-06-05T15:00:00Z,2026-06-05T17:00:00+0200,74.51,EUR/MWh,BE,BE,imbalance_price,Short,2026-06-20T12:20:56Z
2026-06-20T12:18:09Z,2026-06-20T14:18:09+0200,4bddbab4-20af-41f1-90cc-d649ae7f214d,2026-06-05T15:15:00Z,2026-06-05T17:15:00+0200,125.12,EUR/MWh,BE,BE,imbalance_price,Long,2026-06-20T12:20:56Z
2026-06-20T12:18:09Z,2026-06-20T14:18:09+0200,4bddbab4-20af-41f1-90cc-d649ae7f214d,2026-06-05T15:15:00Z,2026-06-05T17:15:00+0200,125.12,EUR/MWh,BE,BE,imbalance_price,Short,2026-06-20T12:20:56Z
2026-06-20T12:18:09Z,2026-06-20T14:18:09+0200,4bddbab4-20af-41f1-90cc-d649ae7f214d,2026-06-05T15:30:00Z,2026-06-05T17:30:00+0200,122.66,EUR/MWh,BE,BE,imbalance_price,Long,2026-06-20T12:20:56Z
2026-06-20T12:18:09Z,2026-06-20T14:18:09+0200,4bddbab4-20af-41f1-90cc-d649ae7f214d,2026-06-05T15:30:00Z,2026-06-05T17:30:00+0200,122.66,EUR/MWh,BE,BE,imbalance_price,Short,2026-06-20T12:20:56Z
2026-06-20T12:18:09Z,2026-06-20T14:18:09+0200,4bddbab4-20af-41f1-90cc-d649ae7f214d,2026-06-05T15:45:00Z,2026-06-05T17:45:00+0200,172.89,EUR/MWh,BE,BE,imbalance_price,Long,2026-06-20T12:20:56Z
2026-06-20T12:18:09Z,2026-06-20T14:18:09+0200,4bddbab4-20af-41f1-90cc-d649ae7f214d,2026-06-05T15:45:00Z,2026-06-05T17:45:00+0200,172.89,EUR/MWh,BE,BE,imbalance_price,Short,2026-06-20T12:20:56Z
2026-06-20T12:18:09Z,2026-06-20T14:18:09+0200,4bddbab4-20af-41f1-90cc-d649ae7f214d,2026-06-05T16:00:00Z,2026-06-05T18:00:00+0200,128.1,EUR/MWh,BE,BE,imbalance_price,Long,2026-06-20T12:20:56Z
2026-06-20T12:18:09Z,2026-06-20T14:18:09+0200,4bddbab4-20af-41f1-90cc-d649ae7f214d,2026-06-05T16:00:00Z,2026-06-05T18:00:00+0200,128.1,EUR/MWh,BE,BE,imbalance_price,Short,2026-06-20T12:20:56Z
2026-06-20T12:18:09Z,2026-06-20T14:18:09+0200,4bddbab4-20af-41f1-90cc-d649ae7f214d,2026-06-05T16:15:00Z,2026-06-05T18:15:00+0200,139.17,EUR/MWh,BE,BE,imbalance_price,Long,2026-06-20T12:20:56Z
2026-06-20T12:18:09Z,2026-06-20T14:18:09+0200,4bddbab4-20af-41f1-90cc-d649ae7f214d,2026-06-05T16:15:00Z,2026-06-05T18:15:00+0200,139.17,EUR/MWh,BE,BE,imbalance_price,Short,2026-06-20T12:20:56Z
2026-06-20T12:18:09Z,2026-06-20T14:18:09+0200,4bddbab4-20af-41f1-90cc-d649ae7f214d,2026-06-05T16:30:00Z,2026-06-05T18:30:00+0200,179.38,EUR/MWh,BE,BE,imbalance_price,Long,2026-06-20T12:20:56Z
2026-06-20T12:18:09Z,2026-06-20T14:18:09+0200,4bddbab4-20af-41f1-90cc-d649ae7f214d,2026-06-05T16:30:00Z,2026-06-05T18:30:00+0200,179.38,EUR/MWh,BE,BE,imbalance_price,Short,2026-06-20T12:20:56Z
2026-06-20T12:18:09Z,2026-06-20T14:18:09+0200,4bddbab4-20af-41f1-90cc-d649ae7f214d,2026-06-05T16:45:00Z,2026-06-05T18:45:00+0200,153.16,EUR/MWh,BE,BE,imbalance_price,Long,2026-06-20T12:20:56Z
2026-06-20T12:18:09Z,2026-06-20T14:18:09+0200,4bddbab4-20af-41f1-90cc-d649ae7f214d,2026-06-05T16:45:00Z,2026-06-05T18:45:00+0200,153.16,EUR/MWh,BE,BE,imbalance_price,Short,2026-06-20T12:20:56Z
2026-06-20T12:18:09Z,2026-06-20T14:18:09+0200,4bddbab4-20af-41f1-90cc-d649ae7f214d,2026-06-05T17:00:00Z,2026-06-05T19:00:00+0200,115.51,EUR/MWh,BE,BE,imbalance_price,Long,2026-06-20T12:20:56Z
2026-06-20T12:18:09Z,2026-06-20T14:18:09+0200,4bddbab4-20af-41f1-90cc-d649ae7f214d,2026-06-05T17:00:00Z,2026-06-05T19:00:00+0200,115.51,EUR/MWh,BE,BE,imbalance_price,Short,2026-06-20T12:20:56Z
2026-06-20T12:18:09Z,2026-06-20T14:18:09+0200,4bddbab4-20af-41f1-90cc-d649ae7f214d,2026-06-05T17:15:00Z,2026-06-05T19:15:00+0200,140.54,EUR/MWh,BE,BE,imbalance_price,Long,2026-06-20T12:20:56Z
2026-06-20T12:18:09Z,2026-06-20T14:18:09+0200,4bddbab4-20af-41f1-90cc-d649ae7f214d,2026-06-05T17:15:00Z,2026-06-05T19:15:00+0200,140.54,EUR/MWh,BE,BE,imbalance_price,Short,2026-06-20T12:20:56Z
2026-06-20T12:18:09Z,2026-06-20T14:18:09+0200,4bddbab4-20af-41f1-90cc-d649ae7f214d,2026-06-05T17:30:00Z,2026-06-05T19:30:00+0200,153.8,EUR/MWh,BE,BE,imbalance_price,Long,2026-06-20T12:20:56Z
2026-06-20T12:18:09Z,2026-06-20T14:18:09+0200,4bddbab4-20af-41f1-90cc-d649ae7f214d,2026-06-05T17:30:00Z,2026-06-05T19:30:00+0200,153.8,EUR/MWh,BE,BE,imbalance_price,Short,2026-06-20T12:20:56Z
2026-06-20T12:18:09Z,2026-06-20T14:18:09+0200,4bddbab4-20af-41f1-90cc-d649ae7f214d,2026-06-05T17:45:00Z,2026-06-05T19:45:00+0200,79.76,EUR/MWh,BE,BE,imbalance_price,Long,2026-06-20T12:20:56Z
2026-06-20T12:18:09Z,2026-06-20T14:18:09+0200,4bddbab4-20af-41f1-90cc-d649ae7f214d,2026-06-05T17:45:00Z,2026-06-05T19:45:00+0200,79.76,EUR/MWh,BE,BE,imbalance_price,Short,2026-06-20T12:20:56Z
2026-06-20T12:18:09Z,2026-06-20T14:18:09+0200,4bddbab4-20af-41f1-90cc-d649ae7f214d,2026-06-05T18:00:00Z,2026-06-05T20:00:00+0200,106.36,EUR/MWh,BE,BE,imbalance_price,Long,2026-06-20T12:20:56Z
2026-06-20T12:18:09Z,2026-06-20T14:18:09+0200,4bddbab4-20af-41f1-90cc-d649ae7f214d,2026-06-05T18:00:00Z,2026-06-05T20:00:00+0200,106.36,EUR/MWh,BE,BE,imbalance_price,Short,2026-06-20T12:20:56Z
2026-06-20T12:18:09Z,2026-06-20T14:18:09+0200,4bddbab4-20af-41f1-90cc-d649ae7f214d,2026-06-05T18:15:00Z,2026-06-05T20:15:00+0200,89.83,EUR/MWh,BE,BE,imbalance_price,Long,2026-06-20T12:20:56Z
2026-06-20T12:18:09Z,2026-06-20T14:18:09+0200,4bddbab4-20af-41f1-90cc-d649ae7f214d,2026-06-05T18:15:00Z,2026-06-05T20:15:00+0200,89.83,EUR/MWh,BE,BE,imbalance_price,Short,2026-06-20T12:20:56Z
2026-06-20T12:18:09Z,2026-06-20T14:18:09+0200,4bddbab4-20af-41f1-90cc-d649ae7f214d,2026-06-05T18:30:00Z,2026-06-05T20:30:00+0200,81.57,EUR/MWh,BE,BE,imbalance_price,Long,2026-06-20T12:20:56Z
2026-06-20T12:18:09Z,2026-06-20T14:18:09+0200,4bddbab4-20af-41f1-90cc-d649ae7f214d,2026-06-05T18:30:00Z,2026-06-05T20:30:00+0200,81.57,EUR/MWh,BE,BE,imbalance_price,Short,2026-06-20T12:20:56Z
2026-06-20T12:18:09Z,2026-06-20T14:18:09+0200,4bddbab4-20af-41f1-90cc-d649ae7f214d,2026-06-05T18:45:00Z,2026-06-05T20:45:00+0200,57.86,EUR/MWh,BE,BE,imbalance_price,Long,2026-06-20T12:20:56Z
2026-06-20T12:18:09Z,2026-06-20T14:18:09+0200,4bddbab4-20af-41f1-90cc-d649ae7f214d,2026-06-05T18:45:00Z,2026-06-05T20:45:00+0200,57.86,EUR/MWh,BE,BE,imbalance_price,Short,2026-06-20T12:20:56Z
2026-06-20T12:18:09Z,2026-06-20T14:18:09+0200,4bddbab4-20af-41f1-90cc-d649ae7f214d,2026-06-05T19:00:00Z,2026-06-05T21:00:00+0200,93.23,EUR/MWh,BE,BE,imbalance_price,Long,2026-06-20T12:20:56Z
2026-06-20T12:18:09Z,2026-06-20T14:18:09+0200,4bddbab4-20af-41f1-90cc-d649ae7f214d,2026-06-05T19:00:00Z,2026-06-05T21:00:00+0200,93.23,EUR/MWh,BE,BE,imbalance_price,Short,2026-06-20T12:20:56Z
2026-06-20T12:18:09Z,2026-06-20T14:18:09+0200,4bddbab4-20af-41f1-90cc-d649ae7f214d,2026-06-05T19:15:00Z,2026-06-05T21:15:00+0200,141.18,EUR/MWh,BE,BE,imbalance_price,Long,2026-06-20T12:20:56Z
2026-06-20T12:18:09Z,2026-06-20T14:18:09+0200,4bddbab4-20af-41f1-90cc-d649ae7f214d,2026-06-05T19:15:00Z,2026-06-05T21:15:00+0200,141.18,EUR/MWh,BE,BE,imbalance_price,Short,2026-06-20T12:20:56Z
2026-06-20T12:18:09Z,2026-06-20T14:18:09+0200,4bddbab4-20af-41f1-90cc-d649ae7f214d,2026-06-05T19:30:00Z,2026-06-05T21:30:00+0200,140.14,EUR/MWh,BE,BE,imbalance_price,Long,2026-06-20T12:20:56Z
2026-06-20T12:18:09Z,2026-06-20T14:18:09+0200,4bddbab4-20af-41f1-90cc-d649ae7f214d,2026-06-05T19:30:00Z,2026-06-05T21:30:00+0200,140.14,EUR/MWh,BE,BE,imbalance_price,Short,2026-06-20T12:20:56Z
2026-06-20T12:18:09Z,2026-06-20T14:18:09+0200,4bddbab4-20af-41f1-90cc-d649ae7f214d,2026-06-05T19:45:00Z,2026-06-05T21:45:00+0200,140.77,EUR/MWh,BE,BE,imbalance_price,Long,2026-06-20T12:20:56Z
2026-06-20T12:18:09Z,2026-06-20T14:18:09+0200,4bddbab4-20af-41f1-90cc-d649ae7f214d,2026-06-05T19:45:00Z,2026-06-05T21:45:00+0200,140.77,EUR/MWh,BE,BE,imbalance_price,Short,2026-06-20T12:20:56Z
2026-06-20T12:18:09Z,2026-06-20T14:18:09+0200,4bddbab4-20af-41f1-90cc-d649ae7f214d,2026-06-05T20:00:00Z,2026-06-05T22:00:00+0200,162.15,EUR/MWh,BE,BE,imbalance_price,Long,2026-06-20T12:20:56Z
2026-06-20T12:18:09Z,2026-06-20T14:18:09+0200,4bddbab4-20af-41f1-90cc-d649ae7f214d,2026-06-05T20:00:00Z,2026-06-05T22:00:00+0200,162.15,EUR/MWh,BE,BE,imbalance_price,Short,2026-06-20T12:20:56Z
2026-06-20T12:18:09Z,2026-06-20T14:18:09+0200,4bddbab4-20af-41f1-90cc-d649ae7f214d,2026-06-05T20:15:00Z,2026-06-05T22:15:00+0200,171.23,EUR/MWh,BE,BE,imbalance_price,Long,2026-06-20T12:20:56Z
2026-06-20T12:18:09Z,2026-06-20T14:18:09+0200,4bddbab4-20af-41f1-90cc-d649ae7f214d,2026-06-05T20:15:00Z,2026-06-05T22:15:00+0200,171.23,EUR/MWh,BE,BE,imbalance_price,Short,2026-06-20T12:20:56Z
2026-06-20T12:18:09Z,2026-06-20T14:18:09+0200,4bddbab4-20af-41f1-90cc-d649ae7f214d,2026-06-05T20:30:00Z,2026-06-05T22:30:00+0200,261.5,EUR/MWh,BE,BE,imbalance_price,Long,2026-06-20T12:20:56Z
2026-06-20T12:18:09Z,2026-06-20T14:18:09+0200,4bddbab4-20af-41f1-90cc-d649ae7f214d,2026-06-05T20:30:00Z,2026-06-05T22:30:00+0200,261.5,EUR/MWh,BE,BE,imbalance_price,Short,2026-06-20T12:20:56Z
2026-06-20T12:18:09Z,2026-06-20T14:18:09+0200,4bddbab4-20af-41f1-90cc-d649ae7f214d,2026-06-05T20:45:00Z,2026-06-05T22:45:00+0200,263.0,EUR/MWh,BE,BE,imbalance_price,Long,2026-06-20T12:20:56Z
2026-06-20T12:18:09Z,2026-06-20T14:18:09+0200,4bddbab4-20af-41f1-90cc-d649ae7f214d,2026-06-05T20:45:00Z,2026-06-05T22:45:00+0200,263.0,EUR/MWh,BE,BE,imbalance_price,Short,2026-06-20T12:20:56Z
2026-06-20T12:18:09Z,2026-06-20T14:18:09+0200,4bddbab4-20af-41f1-90cc-d649ae7f214d,2026-06-05T21:00:00Z,2026-06-05T23:00:00+0200,108.93,EUR/MWh,BE,BE,imbalance_price,Long,2026-06-20T12:20:56Z
2026-06-20T12:18:09Z,2026-06-20T14:18:09+0200,4bddbab4-20af-41f1-90cc-d649ae7f214d,2026-06-05T21:00:00Z,2026-06-05T23:00:00+0200,108.93,EUR/MWh,BE,BE,imbalance_price,Short,2026-06-20T12:20:56Z
2026-06-20T12:18:09Z,2026-06-20T14:18:09+0200,4bddbab4-20af-41f1-90cc-d649ae7f214d,2026-06-05T21:15:00Z,2026-06-05T23:15:00+0200,108.53,EUR/MWh,BE,BE,imbalance_price,Long,2026-06-20T12:20:56Z
2026-06-20T12:18:09Z,2026-06-20T14:18:09+0200,4bddbab4-20af-41f1-90cc-d649ae7f214d,2026-06-05T21:15:00Z,2026-06-05T23:15:00+0200,108.53,EUR/MWh,BE,BE,imbalance_price,Short,2026-06-20T12:20:56Z
2026-06-20T12:18:09Z,2026-06-20T14:18:09+0200,4bddbab4-20af-41f1-90cc-d649ae7f214d,2026-06-05T21:30:00Z,2026-06-05T23:30:00+0200,125.14,EUR/MWh,BE,BE,imbalance_price,Long,2026-06-20T12:20:56Z
2026-06-20T12:18:09Z,2026-06-20T14:18:09+0200,4bddbab4-20af-41f1-90cc-d649ae7f214d,2026-06-05T21:30:00Z,2026-06-05T23:30:00+0200,125.14,EUR/MWh,BE,BE,imbalance_price,Short,2026-06-20T12:20:56Z
2026-06-20T12:18:09Z,2026-06-20T14:18:09+0200,4bddbab4-20af-41f1-90cc-d649ae7f214d,2026-06-05T21:45:00Z,2026-06-05T23:45:00+0200,122.07,EUR/MWh,BE,BE,imbalance_price,Long,2026-06-20T12:20:56Z
2026-06-20T12:18:09Z,2026-06-20T14:18:09+0200,4bddbab4-20af-41f1-90cc-d649ae7f214d,2026-06-05T21:45:00Z,2026-06-05T23:45:00+0200,122.07,EUR/MWh,BE,BE,imbalance_price,Short,2026-06-20T12:20:56Z
2026-06-20T12:18:09Z,2026-06-20T14:18:09+0200,4bddbab4-20af-41f1-90cc-d649ae7f214d,2026-06-05T22:00:00Z,2026-06-06T00:00:00+0200,129.32,EUR/MWh,BE,BE,imbalance_price,Long,2026-06-20T12:20:56Z
2026-06-20T12:18:09Z,2026-06-20T14:18:09+0200,4bddbab4-20af-41f1-90cc-d649ae7f214d,2026-06-05T22:00:00Z,2026-06-06T00:00:00+0200,129.32,EUR/MWh,BE,BE,imbalance_price,Short,2026-06-20T12:20:56Z
2026-06-20T12:18:09Z,2026-06-20T14:18:09+0200,4bddbab4-20af-41f1-90cc-d649ae7f214d,2026-06-05T22:15:00Z,2026-06-06T00:15:00+0200,76.98,EUR/MWh,BE,BE,imbalance_price,Long,2026-06-20T12:20:56Z
2026-06-20T12:18:09Z,2026-06-20T14:18:09+0200,4bddbab4-20af-41f1-90cc-d649ae7f214d,2026-06-05T22:15:00Z,2026-06-06T00:15:00+0200,76.98,EUR/MWh,BE,BE,imbalance_price,Short,2026-06-20T12:20:56Z
2026-06-20T12:18:09Z,2026-06-20T14:18:09+0200,4bddbab4-20af-41f1-90cc-d649ae7f214d,2026-06-05T22:30:00Z,2026-06-06T00:30:00+0200,78.78,EUR/MWh,BE,BE,imbalance_price,Long,2026-06-20T12:20:56Z
2026-06-20T12:18:09Z,2026-06-20T14:18:09+0200,4bddbab4-20af-41f1-90cc-d649ae7f214d,2026-06-05T22:30:00Z,2026-06-06T00:30:00+0200,78.78,EUR/MWh,BE,BE,imbalance_price,Short,2026-06-20T12:20:56Z
2026-06-20T12:18:09Z,2026-06-20T14:18:09+0200,4bddbab4-20af-41f1-90cc-d649ae7f214d,2026-06-05T22:45:00Z,2026-06-06T00:45:00+0200,75.63,EUR/MWh,BE,BE,imbalance_price,Long,2026-06-20T12:20:56Z
2026-06-20T12:18:09Z,2026-06-20T14:18:09+0200,4bddbab4-20af-41f1-90cc-d649ae7f214d,2026-06-05T22:45:00Z,2026-06-06T00:45:00+0200,75.63,EUR/MWh,BE,BE,imbalance_price,Short,2026-06-20T12:20:56Z
2026-06-20T12:18:09Z,2026-06-20T14:18:09+0200,4bddbab4-20af-41f1-90cc-d649ae7f214d,2026-06-05T23:00:00Z,2026-06-06T01:00:00+0200,120.19,EUR/MWh,BE,BE,imbalance_price,Long,2026-06-20T12:20:56Z
2026-06-20T12:18:09Z,2026-06-20T14:18:09+0200,4bddbab4-20af-41f1-90cc-d649ae7f214d,2026-06-05T23:00:00Z,2026-06-06T01:00:00+0200,120.19,EUR/MWh,BE,BE,imbalance_price,Short,2026-06-20T12:20:56Z
2026-06-20T12:18:09Z,2026-06-20T14:18:09+0200,4bddbab4-20af-41f1-90cc-d649ae7f214d,2026-06-05T23:15:00Z,2026-06-06T01:15:00+0200,94.12,EUR/MWh,BE,BE,imbalance_price,Long,2026-06-20T12:20:56Z
2026-06-20T12:18:09Z,2026-06-20T14:18:09+0200,4bddbab4-20af-41f1-90cc-d649ae7f214d,2026-06-05T23:15:00Z,2026-06-06T01:15:00+0200,94.12,EUR/MWh,BE,BE,imbalance_price,Short,2026-06-20T12:20:56Z
2026-06-20T12:18:09Z,2026-06-20T14:18:09+0200,4bddbab4-20af-41f1-90cc-d649ae7f214d,2026-06-05T23:30:00Z,2026-06-06T01:30:00+0200,84.0,EUR/MWh,BE,BE,imbalance_price,Long,2026-06-20T12:20:56Z
2026-06-20T12:18:09Z,2026-06-20T14:18:09+0200,4bddbab4-20af-41f1-90cc-d649ae7f214d,2026-06-05T23:30:00Z,2026-06-06T01:30:00+0200,84.0,EUR/MWh,BE,BE,imbalance_price,Short,2026-06-20T12:20:56Z
2026-06-20T12:18:09Z,2026-06-20T14:18:09+0200,4bddbab4-20af-41f1-90cc-d649ae7f214d,2026-06-05T23:45:00Z,2026-06-06T01:45:00+0200,36.06,EUR/MWh,BE,BE,imbalance_price,Long,2026-06-20T12:20:56Z
2026-06-20T12:18:09Z,2026-06-20T14:18:09+0200,4bddbab4-20af-41f1-90cc-d649ae7f214d,2026-06-05T23:45:00Z,2026-06-06T01:45:00+0200,36.06,EUR/MWh,BE,BE,imbalance_price,Short,2026-06-20T12:20:56Z
2026-06-20T12:18:09Z,2026-06-20T14:18:09+0200,4bddbab4-20af-41f1-90cc-d649ae7f214d,2026-06-06T00:00:00Z,2026-06-06T02:00:00+0200,105.92,EUR/MWh,BE,BE,imbalance_price,Long,2026-06-20T12:20:56Z
2026-06-20T12:18:09Z,2026-06-20T14:18:09+0200,4bddbab4-20af-41f1-90cc-d649ae7f214d,2026-06-06T00:00:00Z,2026-06-06T02:00:00+0200,105.92,EUR/MWh,BE,BE,imbalance_price,Short,2026-06-20T12:20:56Z
2026-06-20T12:18:09Z,2026-06-20T14:18:09+0200,4bddbab4-20af-41f1-90cc-d649ae7f214d,2026-06-06T00:15:00Z,2026-06-06T02:15:00+0200,110.2,EUR/MWh,BE,BE,imbalance_price,Long,2026-06-20T12:20:56Z
2026-06-20T12:18:09Z,2026-06-20T14:18:09+0200,4bddbab4-20af-41f1-90cc-d649ae7f214d,2026-06-06T00:15:00Z,2026-06-06T02:15:00+0200,110.2,EUR/MWh,BE,BE,imbalance_price,Short,2026-06-20T12:20:56Z
2026-06-20T12:18:09Z,2026-06-20T14:18:09+0200,4bddbab4-20af-41f1-90cc-d649ae7f214d,2026-06-06T00:30:00Z,2026-06-06T02:30:00+0200,126.15,EUR/MWh,BE,BE,imbalance_price,Long,2026-06-20T12:20:56Z
2026-06-20T12:18:09Z,2026-06-20T14:18:09+0200,4bddbab4-20af-41f1-90cc-d649ae7f214d,2026-06-06T00:30:00Z,2026-06-06T02:30:00+0200,126.15,EUR/MWh,BE,BE,imbalance_price,Short,2026-06-20T12:20:56Z
2026-06-20T12:18:09Z,2026-06-20T14:18:09+0200,4bddbab4-20af-41f1-90cc-d649ae7f214d,2026-06-06T00:45:00Z,2026-06-06T02:45:00+0200,13.46,EUR/MWh,BE,BE,imbalance_price,Long,2026-06-20T12:20:56Z
2026-06-20T12:18:09Z,2026-06-20T14:18:09+0200,4bddbab4-20af-41f1-90cc-d649ae7f214d,2026-06-06T00:45:00Z,2026-06-06T02:45:00+0200,13.46,EUR/MWh,BE,BE,imbalance_price,Short,2026-06-20T12:20:56Z
2026-06-20T12:18:09Z,2026-06-20T14:18:09+0200,4bddbab4-20af-41f1-90cc-d649ae7f214d,2026-06-06T01:00:00Z,2026-06-06T03:00:00+0200,108.37,EUR/MWh,BE,BE,imbalance_price,Long,2026-06-20T12:20:56Z
2026-06-20T12:18:09Z,2026-06-20T14:18:09+0200,4bddbab4-20af-41f1-90cc-d649ae7f214d,2026-06-06T01:00:00Z,2026-06-06T03:00:00+0200,108.37,EUR/MWh,BE,BE,imbalance_price,Short,2026-06-20T12:20:56Z
2026-06-20T12:18:09Z,2026-06-20T14:18:09+0200,4bddbab4-20af-41f1-90cc-d649ae7f214d,2026-06-06T01:15:00Z,2026-06-06T03:15:00+0200,102.36,EUR/MWh,BE,BE,imbalance_price,Long,2026-06-20T12:20:56Z
2026-06-20T12:18:09Z,2026-06-20T14:18:09+0200,4bddbab4-20af-41f1-90cc-d649ae7f214d,2026-06-06T01:15:00Z,2026-06-06T03:15:00+0200,102.36,EUR/MWh,BE,BE,imbalance_price,Short,2026-06-20T12:20:56Z
2026-06-20T12:18:09Z,2026-06-20T14:18:09+0200,4bddbab4-20af-41f1-90cc-d649ae7f214d,2026-06-06T01:30:00Z,2026-06-06T03:30:00+0200,67.34,EUR/MWh,BE,BE,imbalance_price,Long,2026-06-20T12:20:56Z
2026-06-20T12:18:09Z,2026-06-20T14:18:09+0200,4bddbab4-20af-41f1-90cc-d649ae7f214d,2026-06-06T01:30:00Z,2026-06-06T03:30:00+0200,67.34,EUR/MWh,BE,BE,imbalance_price,Short,2026-06-20T12:20:56Z
2026-06-20T12:18:09Z,2026-06-20T14:18:09+0200,4bddbab4-20af-41f1-90cc-d649ae7f214d,2026-06-06T01:45:00Z,2026-06-06T03:45:00+0200,-39.1,EUR/MWh,BE,BE,imbalance_price,Long,2026-06-20T12:20:56Z
2026-06-20T12:18:09Z,2026-06-20T14:18:09+0200,4bddbab4-20af-41f1-90cc-d649ae7f214d,2026-06-06T01:45:00Z,2026-06-06T03:45:00+0200,-39.1,EUR/MWh,BE,BE,imbalance_price,Short,2026-06-20T12:20:56Z
2026-06-20T12:18:09Z,2026-06-20T14:18:09+0200,4bddbab4-20af-41f1-90cc-d649ae7f214d,2026-06-06T02:00:00Z,2026-06-06T04:00:00+0200,116.2,EUR/MWh,BE,BE,imbalance_price,Long,2026-06-20T12:20:56Z
2026-06-20T12:18:09Z,2026-06-20T14:18:09+0200,4bddbab4-20af-41f1-90cc-d649ae7f214d,2026-06-06T02:00:00Z,2026-06-06T04:00:00+0200,116.2,EUR/MWh,BE,BE,imbalance_price,Short,2026-06-20T12:20:56Z
2026-06-20T12:18:09Z,2026-06-20T14:18:09+0200,4bddbab4-20af-41f1-90cc-d649ae7f214d,2026-06-06T02:15:00Z,2026-06-06T04:15:00+0200,108.23,EUR/MWh,BE,BE,imbalance_price,Long,2026-06-20T12:20:56Z
2026-06-20T12:18:09Z,2026-06-20T14:18:09+0200,4bddbab4-20af-41f1-90cc-d649ae7f214d,2026-06-06T02:15:00Z,2026-06-06T04:15:00+0200,108.23,EUR/MWh,BE,BE,imbalance_price,Short,2026-06-20T12:20:56Z
2026-06-20T12:18:09Z,2026-06-20T14:18:09+0200,4bddbab4-20af-41f1-90cc-d649ae7f214d,2026-06-06T02:30:00Z,2026-06-06T04:30:00+0200,109.13,EUR/MWh,BE,BE,imbalance_price,Long,2026-06-20T12:20:56Z
2026-06-20T12:18:09Z,2026-06-20T14:18:09+0200,4bddbab4-20af-41f1-90cc-d649ae7f214d,2026-06-06T02:30:00Z,2026-06-06T04:30:00+0200,109.13,EUR/MWh,BE,BE,imbalance_price,Short,2026-06-20T12:20:56Z
2026-06-20T12:18:09Z,2026-06-20T14:18:09+0200,4bddbab4-20af-41f1-90cc-d649ae7f214d,2026-06-06T02:45:00Z,2026-06-06T04:45:00+0200,109.53,EUR/MWh,BE,BE,imbalance_price,Long,2026-06-20T12:20:56Z
2026-06-20T12:18:09Z,2026-06-20T14:18:09+0200,4bddbab4-20af-41f1-90cc-d649ae7f214d,2026-06-06T02:45:00Z,2026-06-06T04:45:00+0200,109.53,EUR/MWh,BE,BE,imbalance_price,Short,2026-06-20T12:20:56Z
2026-06-20T12:18:09Z,2026-06-20T14:18:09+0200,4bddbab4-20af-41f1-90cc-d649ae7f214d,2026-06-06T03:00:00Z,2026-06-06T05:00:00+0200,96.34,EUR/MWh,BE,BE,imbalance_price,Long,2026-06-20T12:20:56Z
2026-06-20T12:18:09Z,2026-06-20T14:18:09+0200,4bddbab4-20af-41f1-90cc-d649ae7f214d,2026-06-06T03:00:00Z,2026-06-06T05:00:00+0200,96.34,EUR/MWh,BE,BE,imbalance_price,Short,2026-06-20T12:20:56Z
2026-06-20T12:18:09Z,2026-06-20T14:18:09+0200,4bddbab4-20af-41f1-90cc-d649ae7f214d,2026-06-06T03:15:00Z,2026-06-06T05:15:00+0200,59.07,EUR/MWh,BE,BE,imbalance_price,Long,2026-06-20T12:20:56Z
2026-06-20T12:18:09Z,2026-06-20T14:18:09+0200,4bddbab4-20af-41f1-90cc-d649ae7f214d,2026-06-06T03:15:00Z,2026-06-06T05:15:00+0200,59.07,EUR/MWh,BE,BE,imbalance_price,Short,2026-06-20T12:20:56Z
2026-06-20T12:18:09Z,2026-06-20T14:18:09+0200,4bddbab4-20af-41f1-90cc-d649ae7f214d,2026-06-06T03:30:00Z,2026-06-06T05:30:00+0200,42.42,EUR/MWh,BE,BE,imbalance_price,Long,2026-06-20T12:20:56Z
2026-06-20T12:18:09Z,2026-06-20T14:18:09+0200,4bddbab4-20af-41f1-90cc-d649ae7f214d,2026-06-06T03:30:00Z,2026-06-06T05:30:00+0200,42.42,EUR/MWh,BE,BE,imbalance_price,Short,2026-06-20T12:20:56Z
2026-06-20T12:18:09Z,2026-06-20T14:18:09+0200,4bddbab4-20af-41f1-90cc-d649ae7f214d,2026-06-06T03:45:00Z,2026-06-06T05:45:00+0200,41.65,EUR/MWh,BE,BE,imbalance_price,Long,2026-06-20T12:20:56Z
2026-06-20T12:18:09Z,2026-06-20T14:18:09+0200,4bddbab4-20af-41f1-90cc-d649ae7f214d,2026-06-06T03:45:00Z,2026-06-06T05:45:00+0200,41.65,EUR/MWh,BE,BE,imbalance_price,Short,2026-06-20T12:20:56Z
2026-06-20T12:18:09Z,2026-06-20T14:18:09+0200,4bddbab4-20af-41f1-90cc-d649ae7f214d,2026-06-06T04:00:00Z,2026-06-06T06:00:00+0200,97.75,EUR/MWh,BE,BE,imbalance_price,Long,2026-06-20T12:20:56Z
2026-06-20T12:18:09Z,2026-06-20T14:18:09+0200,4bddbab4-20af-41f1-90cc-d649ae7f214d,2026-06-06T04:00:00Z,2026-06-06T06:00:00+0200,97.75,EUR/MWh,BE,BE,imbalance_price,Short,2026-06-20T12:20:56Z
2026-06-20T12:18:09Z,2026-06-20T14:18:09+0200,4bddbab4-20af-41f1-90cc-d649ae7f214d,2026-06-06T04:15:00Z,2026-06-06T06:15:00+0200,54.7,EUR/MWh,BE,BE,imbalance_price,Long,2026-06-20T12:20:56Z
2026-06-20T12:18:09Z,2026-06-20T14:18:09+0200,4bddbab4-20af-41f1-90cc-d649ae7f214d,2026-06-06T04:15:00Z,2026-06-06T06:15:00+0200,54.7,EUR/MWh,BE,BE,imbalance_price,Short,2026-06-20T12:20:56Z
2026-06-20T12:18:09Z,2026-06-20T14:18:09+0200,4bddbab4-20af-41f1-90cc-d649ae7f214d,2026-06-06T04:30:00Z,2026-06-06T06:30:00+0200,88.47,EUR/MWh,BE,BE,imbalance_price,Long,2026-06-20T12:20:56Z
2026-06-20T12:18:09Z,2026-06-20T14:18:09+0200,4bddbab4-20af-41f1-90cc-d649ae7f214d,2026-06-06T04:30:00Z,2026-06-06T06:30:00+0200,88.47,EUR/MWh,BE,BE,imbalance_price,Short,2026-06-20T12:20:56Z
2026-06-20T12:18:09Z,2026-06-20T14:18:09+0200,4bddbab4-20af-41f1-90cc-d649ae7f214d,2026-06-06T04:45:00Z,2026-06-06T06:45:00+0200,40.37,EUR/MWh,BE,BE,imbalance_price,Long,2026-06-20T12:20:56Z
2026-06-20T12:18:09Z,2026-06-20T14:18:09+0200,4bddbab4-20af-41f1-90cc-d649ae7f214d,2026-06-06T04:45:00Z,2026-06-06T06:45:00+0200,40.37,EUR/MWh,BE,BE,imbalance_price,Short,2026-06-20T12:20:56Z
2026-06-20T12:18:09Z,2026-06-20T14:18:09+0200,4bddbab4-20af-41f1-90cc-d649ae7f214d,2026-06-06T05:00:00Z,2026-06-06T07:00:00+0200,79.45,EUR/MWh,BE,BE,imbalance_price,Long,2026-06-20T12:20:56Z
2026-06-20T12:18:09Z,2026-06-20T14:18:09+0200,4bddbab4-20af-41f1-90cc-d649ae7f214d,2026-06-06T05:00:00Z,2026-06-06T07:00:00+0200,79.45,EUR/MWh,BE,BE,imbalance_price,Short,2026-06-20T12:20:56Z
2026-06-20T12:18:09Z,2026-06-20T14:18:09+0200,4bddbab4-20af-41f1-90cc-d649ae7f214d,2026-06-06T05:15:00Z,2026-06-06T07:15:00+0200,71.17,EUR/MWh,BE,BE,imbalance_price,Long,2026-06-20T12:20:56Z
2026-06-20T12:18:09Z,2026-06-20T14:18:09+0200,4bddbab4-20af-41f1-90cc-d649ae7f214d,2026-06-06T05:15:00Z,2026-06-06T07:15:00+0200,71.17,EUR/MWh,BE,BE,imbalance_price,Short,2026-06-20T12:20:56Z
2026-06-20T12:18:09Z,2026-06-20T14:18:09+0200,4bddbab4-20af-41f1-90cc-d649ae7f214d,2026-06-06T05:30:00Z,2026-06-06T07:30:00+0200,79.95,EUR/MWh,BE,BE,imbalance_price,Long,2026-06-20T12:20:56Z
2026-06-20T12:18:09Z,2026-06-20T14:18:09+0200,4bddbab4-20af-41f1-90cc-d649ae7f214d,2026-06-06T05:30:00Z,2026-06-06T07:30:00+0200,79.95,EUR/MWh,BE,BE,imbalance_price,Short,2026-06-20T12:20:56Z
2026-06-20T12:18:09Z,2026-06-20T14:18:09+0200,4bddbab4-20af-41f1-90cc-d649ae7f214d,2026-06-06T05:45:00Z,2026-06-06T07:45:00+0200,73.1,EUR/MWh,BE,BE,imbalance_price,Long,2026-06-20T12:20:56Z
2026-06-20T12:18:09Z,2026-06-20T14:18:09+0200,4bddbab4-20af-41f1-90cc-d649ae7f214d,2026-06-06T05:45:00Z,2026-06-06T07:45:00+0200,73.1,EUR/MWh,BE,BE,imbalance_price,Short,2026-06-20T12:20:56Z
2026-06-20T12:18:09Z,2026-06-20T14:18:09+0200,4bddbab4-20af-41f1-90cc-d649ae7f214d,2026-06-06T06:00:00Z,2026-06-06T08:00:00+0200,70.14,EUR/MWh,BE,BE,imbalance_price,Long,2026-06-20T12:20:56Z
2026-06-20T12:18:09Z,2026-06-20T14:18:09+0200,4bddbab4-20af-41f1-90cc-d649ae7f214d,2026-06-06T06:00:00Z,2026-06-06T08:00:00+0200,70.14,EUR/MWh,BE,BE,imbalance_price,Short,2026-06-20T12:20:56Z
2026-06-20T12:18:09Z,2026-06-20T14:18:09+0200,4bddbab4-20af-41f1-90cc-d649ae7f214d,2026-06-06T06:15:00Z,2026-06-06T08:15:00+0200,50.0,EUR/MWh,BE,BE,imbalance_price,Long,2026-06-20T12:20:56Z
2026-06-20T12:18:09Z,2026-06-20T14:18:09+0200,4bddbab4-20af-41f1-90cc-d649ae7f214d,2026-06-06T06:15:00Z,2026-06-06T08:15:00+0200,50.0,EUR/MWh,BE,BE,imbalance_price,Short,2026-06-20T12:20:56Z
2026-06-20T12:18:09Z,2026-06-20T14:18:09+0200,4bddbab4-20af-41f1-90cc-d649ae7f214d,2026-06-06T06:30:00Z,2026-06-06T08:30:00+0200,47.99,EUR/MWh,BE,BE,imbalance_price,Long,2026-06-20T12:20:56Z
2026-06-20T12:18:09Z,2026-06-20T14:18:09+0200,4bddbab4-20af-41f1-90cc-d649ae7f214d,2026-06-06T06:30:00Z,2026-06-06T08:30:00+0200,47.99,EUR/MWh,BE,BE,imbalance_price,Short,2026-06-20T12:20:56Z
2026-06-20T12:18:09Z,2026-06-20T14:18:09+0200,4bddbab4-20af-41f1-90cc-d649ae7f214d,2026-06-06T06:45:00Z,2026-06-06T08:45:00+0200,-39.72,EUR/MWh,BE,BE,imbalance_price,Long,2026-06-20T12:20:56Z
2026-06-20T12:18:09Z,2026-06-20T14:18:09+0200,4bddbab4-20af-41f1-90cc-d649ae7f214d,2026-06-06T06:45:00Z,2026-06-06T08:45:00+0200,-39.72,EUR/MWh,BE,BE,imbalance_price,Short,2026-06-20T12:20:56Z
2026-06-20T12:18:09Z,2026-06-20T14:18:09+0200,4bddbab4-20af-41f1-90cc-d649ae7f214d,2026-06-06T07:00:00Z,2026-06-06T09:00:00+0200,-131.39,EUR/MWh,BE,BE,imbalance_price,Long,2026-06-20T12:20:56Z
2026-06-20T12:18:09Z,2026-06-20T14:18:09+0200,4bddbab4-20af-41f1-90cc-d649ae7f214d,2026-06-06T07:00:00Z,2026-06-06T09:00:00+0200,-131.39,EUR/MWh,BE,BE,imbalance_price,Short,2026-06-20T12:20:56Z
2026-06-20T12:18:09Z,2026-06-20T14:18:09+0200,4bddbab4-20af-41f1-90cc-d649ae7f214d,2026-06-06T07:15:00Z,2026-06-06T09:15:00+0200,-103.53,EUR/MWh,BE,BE,imbalance_price,Long,2026-06-20T12:20:56Z
2026-06-20T12:18:09Z,2026-06-20T14:18:09+0200,4bddbab4-20af-41f1-90cc-d649ae7f214d,2026-06-06T07:15:00Z,2026-06-06T09:15:00+0200,-103.53,EUR/MWh,BE,BE,imbalance_price,Short,2026-06-20T12:20:56Z
2026-06-20T12:18:09Z,2026-06-20T14:18:09+0200,4bddbab4-20af-41f1-90cc-d649ae7f214d,2026-06-06T07:30:00Z,2026-06-06T09:30:00+0200,-168.33,EUR/MWh,BE,BE,imbalance_price,Long,2026-06-20T12:20:56Z
2026-06-20T12:18:09Z,2026-06-20T14:18:09+0200,4bddbab4-20af-41f1-90cc-d649ae7f214d,2026-06-06T07:30:00Z,2026-06-06T09:30:00+0200,-168.33,EUR/MWh,BE,BE,imbalance_price,Short,2026-06-20T12:20:56Z
2026-06-20T12:18:09Z,2026-06-20T14:18:09+0200,4bddbab4-20af-41f1-90cc-d649ae7f214d,2026-06-06T07:45:00Z,2026-06-06T09:45:00+0200,-135.9,EUR/MWh,BE,BE,imbalance_price,Long,2026-06-20T12:20:56Z
2026-06-20T12:18:09Z,2026-06-20T14:18:09+0200,4bddbab4-20af-41f1-90cc-d649ae7f214d,2026-06-06T07:45:00Z,2026-06-06T09:45:00+0200,-135.9,EUR/MWh,BE,BE,imbalance_price,Short,2026-06-20T12:20:56Z
2026-06-20T12:18:09Z,2026-06-20T14:18:09+0200,4bddbab4-20af-41f1-90cc-d649ae7f214d,2026-06-06T08:00:00Z,2026-06-06T10:00:00+0200,-13.75,EUR/MWh,BE,BE,imbalance_price,Long,2026-06-20T12:20:56Z
2026-06-20T12:18:09Z,2026-06-20T14:18:09+0200,4bddbab4-20af-41f1-90cc-d649ae7f214d,2026-06-06T08:00:00Z,2026-06-06T10:00:00+0200,-13.75,EUR/MWh,BE,BE,imbalance_price,Short,2026-06-20T12:20:56Z
2026-06-20T12:18:09Z,2026-06-20T14:18:09+0200,4bddbab4-20af-41f1-90cc-d649ae7f214d,2026-06-06T08:15:00Z,2026-06-06T10:15:00+0200,-34.24,EUR/MWh,BE,BE,imbalance_price,Long,2026-06-20T12:20:56Z
2026-06-20T12:18:09Z,2026-06-20T14:18:09+0200,4bddbab4-20af-41f1-90cc-d649ae7f214d,2026-06-06T08:15:00Z,2026-06-06T10:15:00+0200,-34.24,EUR/MWh,BE,BE,imbalance_price,Short,2026-06-20T12:20:56Z
2026-06-20T12:18:09Z,2026-06-20T14:18:09+0200,4bddbab4-20af-41f1-90cc-d649ae7f214d,2026-06-06T08:30:00Z,2026-06-06T10:30:00+0200,-34.34,EUR/MWh,BE,BE,imbalance_price,Long,2026-06-20T12:20:56Z
2026-06-20T12:18:09Z,2026-06-20T14:18:09+0200,4bddbab4-20af-41f1-90cc-d649ae7f214d,2026-06-06T08:30:00Z,2026-06-06T10:30:00+0200,-34.34,EUR/MWh,BE,BE,imbalance_price,Short,2026-06-20T12:20:56Z
2026-06-20T12:18:09Z,2026-06-20T14:18:09+0200,4bddbab4-20af-41f1-90cc-d649ae7f214d,2026-06-06T08:45:00Z,2026-06-06T10:45:00+0200,-19.73,EUR/MWh,BE,BE,imbalance_price,Long,2026-06-20T12:20:56Z
2026-06-20T12:18:09Z,2026-06-20T14:18:09+0200,4bddbab4-20af-41f1-90cc-d649ae7f214d,2026-06-06T08:45:00Z,2026-06-06T10:45:00+0200,-19.73,EUR/MWh,BE,BE,imbalance_price,Short,2026-06-20T12:20:56Z
2026-06-20T12:18:09Z,2026-06-20T14:18:09+0200,4bddbab4-20af-41f1-90cc-d649ae7f214d,2026-06-06T09:00:00Z,2026-06-06T11:00:00+0200,-12.72,EUR/MWh,BE,BE,imbalance_price,Long,2026-06-20T12:20:56Z
2026-06-20T12:18:09Z,2026-06-20T14:18:09+0200,4bddbab4-20af-41f1-90cc-d649ae7f214d,2026-06-06T09:00:00Z,2026-06-06T11:00:00+0200,-12.72,EUR/MWh,BE,BE,imbalance_price,Short,2026-06-20T12:20:56Z
2026-06-20T12:18:09Z,2026-06-20T14:18:09+0200,4bddbab4-20af-41f1-90cc-d649ae7f214d,2026-06-06T09:15:00Z,2026-06-06T11:15:00+0200,-8.51,EUR/MWh,BE,BE,imbalance_price,Long,2026-06-20T12:20:56Z
2026-06-20T12:18:09Z,2026-06-20T14:18:09+0200,4bddbab4-20af-41f1-90cc-d649ae7f214d,2026-06-06T09:15:00Z,2026-06-06T11:15:00+0200,-8.51,EUR/MWh,BE,BE,imbalance_price,Short,2026-06-20T12:20:56Z
2026-06-20T12:18:09Z,2026-06-20T14:18:09+0200,4bddbab4-20af-41f1-90cc-d649ae7f214d,2026-06-06T09:30:00Z,2026-06-06T11:30:00+0200,-1.97,EUR/MWh,BE,BE,imbalance_price,Long,2026-06-20T12:20:56Z
2026-06-20T12:18:09Z,2026-06-20T14:18:09+0200,4bddbab4-20af-41f1-90cc-d649ae7f214d,2026-06-06T09:30:00Z,2026-06-06T11:30:00+0200,-1.97,EUR/MWh,BE,BE,imbalance_price,Short,2026-06-20T12:20:56Z
2026-06-20T12:18:09Z,2026-06-20T14:18:09+0200,4bddbab4-20af-41f1-90cc-d649ae7f214d,2026-06-06T09:45:00Z,2026-06-06T11:45:00+0200,-1.0,EUR/MWh,BE,BE,imbalance_price,Long,2026-06-20T12:20:56Z
2026-06-20T12:18:09Z,2026-06-20T14:18:09+0200,4bddbab4-20af-41f1-90cc-d649ae7f214d,2026-06-06T09:45:00Z,2026-06-06T11:45:00+0200,-1.0,EUR/MWh,BE,BE,imbalance_price,Short,2026-06-20T12:20:56Z
2026-06-20T12:18:09Z,2026-06-20T14:18:09+0200,4bddbab4-20af-41f1-90cc-d649ae7f214d,2026-06-06T10:00:00Z,2026-06-06T12:00:00+0200,24.5,EUR/MWh,BE,BE,imbalance_price,Long,2026-06-20T12:20:56Z
2026-06-20T12:18:09Z,2026-06-20T14:18:09+0200,4bddbab4-20af-41f1-90cc-d649ae7f214d,2026-06-06T10:00:00Z,2026-06-06T12:00:00+0200,24.5,EUR/MWh,BE,BE,imbalance_price,Short,2026-06-20T12:20:56Z
2026-06-20T12:18:09Z,2026-06-20T14:18:09+0200,4bddbab4-20af-41f1-90cc-d649ae7f214d,2026-06-06T10:15:00Z,2026-06-06T12:15:00+0200,-16.17,EUR/MWh,BE,BE,imbalance_price,Long,2026-06-20T12:20:56Z
2026-06-20T12:18:09Z,2026-06-20T14:18:09+0200,4bddbab4-20af-41f1-90cc-d649ae7f214d,2026-06-06T10:15:00Z,2026-06-06T12:15:00+0200,-16.17,EUR/MWh,BE,BE,imbalance_price,Short,2026-06-20T12:20:56Z
2026-06-20T12:18:09Z,2026-06-20T14:18:09+0200,4bddbab4-20af-41f1-90cc-d649ae7f214d,2026-06-06T10:30:00Z,2026-06-06T12:30:00+0200,24.5,EUR/MWh,BE,BE,imbalance_price,Long,2026-06-20T12:20:56Z
2026-06-20T12:18:09Z,2026-06-20T14:18:09+0200,4bddbab4-20af-41f1-90cc-d649ae7f214d,2026-06-06T10:30:00Z,2026-06-06T12:30:00+0200,24.5,EUR/MWh,BE,BE,imbalance_price,Short,2026-06-20T12:20:56Z
2026-06-20T12:18:09Z,2026-06-20T14:18:09+0200,4bddbab4-20af-41f1-90cc-d649ae7f214d,2026-06-06T10:45:00Z,2026-06-06T12:45:00+0200,-8.48,EUR/MWh,BE,BE,imbalance_price,Long,2026-06-20T12:20:56Z
2026-06-20T12:18:09Z,2026-06-20T14:18:09+0200,4bddbab4-20af-41f1-90cc-d649ae7f214d,2026-06-06T10:45:00Z,2026-06-06T12:45:00+0200,-8.48,EUR/MWh,BE,BE,imbalance_price,Short,2026-06-20T12:20:56Z
2026-06-20T12:18:09Z,2026-06-20T14:18:09+0200,4bddbab4-20af-41f1-90cc-d649ae7f214d,2026-06-06T11:00:00Z,2026-06-06T13:00:00+0200,-27.31,EUR/MWh,BE,BE,imbalance_price,Long,2026-06-20T12:20:56Z
2026-06-20T12:18:09Z,2026-06-20T14:18:09+0200,4bddbab4-20af-41f1-90cc-d649ae7f214d,2026-06-06T11:00:00Z,2026-06-06T13:00:00+0200,-27.31,EUR/MWh,BE,BE,imbalance_price,Short,2026-06-20T12:20:56Z
2026-06-20T12:18:09Z,2026-06-20T14:18:09+0200,4bddbab4-20af-41f1-90cc-d649ae7f214d,2026-06-06T11:15:00Z,2026-06-06T13:15:00+0200,-71.82,EUR/MWh,BE,BE,imbalance_price,Long,2026-06-20T12:20:56Z
2026-06-20T12:18:09Z,2026-06-20T14:18:09+0200,4bddbab4-20af-41f1-90cc-d649ae7f214d,2026-06-06T11:15:00Z,2026-06-06T13:15:00+0200,-71.82,EUR/MWh,BE,BE,imbalance_price,Short,2026-06-20T12:20:56Z
2026-06-20T12:18:09Z,2026-06-20T14:18:09+0200,4bddbab4-20af-41f1-90cc-d649ae7f214d,2026-06-06T11:30:00Z,2026-06-06T13:30:00+0200,-144.53,EUR/MWh,BE,BE,imbalance_price,Long,2026-06-20T12:20:56Z
2026-06-20T12:18:09Z,2026-06-20T14:18:09+0200,4bddbab4-20af-41f1-90cc-d649ae7f214d,2026-06-06T11:30:00Z,2026-06-06T13:30:00+0200,-144.53,EUR/MWh,BE,BE,imbalance_price,Short,2026-06-20T12:20:56Z
2026-06-20T12:18:09Z,2026-06-20T14:18:09+0200,4bddbab4-20af-41f1-90cc-d649ae7f214d,2026-06-06T11:45:00Z,2026-06-06T13:45:00+0200,-99.59,EUR/MWh,BE,BE,imbalance_price,Long,2026-06-20T12:20:56Z
2026-06-20T12:18:09Z,2026-06-20T14:18:09+0200,4bddbab4-20af-41f1-90cc-d649ae7f214d,2026-06-06T11:45:00Z,2026-06-06T13:45:00+0200,-99.59,EUR/MWh,BE,BE,imbalance_price,Short,2026-06-20T12:20:56Z
2026-06-20T12:18:09Z,2026-06-20T14:18:09+0200,4bddbab4-20af-41f1-90cc-d649ae7f214d,2026-06-06T12:00:00Z,2026-06-06T14:00:00+0200,-63.13,EUR/MWh,BE,BE,imbalance_price,Long,2026-06-20T12:20:56Z
2026-06-20T12:18:09Z,2026-06-20T14:18:09+0200,4bddbab4-20af-41f1-90cc-d649ae7f214d,2026-06-06T12:00:00Z,2026-06-06T14:00:00+0200,-63.13,EUR/MWh,BE,BE,imbalance_price,Short,2026-06-20T12:20:56Z
2026-06-20T12:18:09Z,2026-06-20T14:18:09+0200,4bddbab4-20af-41f1-90cc-d649ae7f214d,2026-06-06T12:15:00Z,2026-06-06T14:15:00+0200,-61.88,EUR/MWh,BE,BE,imbalance_price,Long,2026-06-20T12:20:56Z
2026-06-20T12:18:09Z,2026-06-20T14:18:09+0200,4bddbab4-20af-41f1-90cc-d649ae7f214d,2026-06-06T12:15:00Z,2026-06-06T14:15:00+0200,-61.88,EUR/MWh,BE,BE,imbalance_price,Short,2026-06-20T12:20:56Z
2026-06-20T12:18:09Z,2026-06-20T14:18:09+0200,4bddbab4-20af-41f1-90cc-d649ae7f214d,2026-06-06T12:30:00Z,2026-06-06T14:30:00+0200,-35.34,EUR/MWh,BE,BE,imbalance_price,Long,2026-06-20T12:20:56Z
2026-06-20T12:18:09Z,2026-06-20T14:18:09+0200,4bddbab4-20af-41f1-90cc-d649ae7f214d,2026-06-06T12:30:00Z,2026-06-06T14:30:00+0200,-35.34,EUR/MWh,BE,BE,imbalance_price,Short,2026-06-20T12:20:56Z
2026-06-20T12:18:09Z,2026-06-20T14:18:09+0200,4bddbab4-20af-41f1-90cc-d649ae7f214d,2026-06-06T12:45:00Z,2026-06-06T14:45:00+0200,-1.14,EUR/MWh,BE,BE,imbalance_price,Long,2026-06-20T12:20:56Z
2026-06-20T12:18:09Z,2026-06-20T14:18:09+0200,4bddbab4-20af-41f1-90cc-d649ae7f214d,2026-06-06T12:45:00Z,2026-06-06T14:45:00+0200,-1.14,EUR/MWh,BE,BE,imbalance_price,Short,2026-06-20T12:20:56Z
2026-06-20T12:18:09Z,2026-06-20T14:18:09+0200,4bddbab4-20af-41f1-90cc-d649ae7f214d,2026-06-06T13:00:00Z,2026-06-06T15:00:00+0200,36.3,EUR/MWh,BE,BE,imbalance_price,Long,2026-06-20T12:20:56Z
2026-06-20T12:18:09Z,2026-06-20T14:18:09+0200,4bddbab4-20af-41f1-90cc-d649ae7f214d,2026-06-06T13:00:00Z,2026-06-06T15:00:00+0200,36.3,EUR/MWh,BE,BE,imbalance_price,Short,2026-06-20T12:20:56Z
2026-06-20T12:18:09Z,2026-06-20T14:18:09+0200,4bddbab4-20af-41f1-90cc-d649ae7f214d,2026-06-06T13:15:00Z,2026-06-06T15:15:00+0200,24.5,EUR/MWh,BE,BE,imbalance_price,Long,2026-06-20T12:20:56Z
2026-06-20T12:18:09Z,2026-06-20T14:18:09+0200,4bddbab4-20af-41f1-90cc-d649ae7f214d,2026-06-06T13:15:00Z,2026-06-06T15:15:00+0200,24.5,EUR/MWh,BE,BE,imbalance_price,Short,2026-06-20T12:20:56Z
2026-06-20T12:18:09Z,2026-06-20T14:18:09+0200,4bddbab4-20af-41f1-90cc-d649ae7f214d,2026-06-06T13:30:00Z,2026-06-06T15:30:00+0200,-1.0,EUR/MWh,BE,BE,imbalance_price,Long,2026-06-20T12:20:56Z
2026-06-20T12:18:09Z,2026-06-20T14:18:09+0200,4bddbab4-20af-41f1-90cc-d649ae7f214d,2026-06-06T13:30:00Z,2026-06-06T15:30:00+0200,-1.0,EUR/MWh,BE,BE,imbalance_price,Short,2026-06-20T12:20:56Z
2026-06-20T12:18:09Z,2026-06-20T14:18:09+0200,4bddbab4-20af-41f1-90cc-d649ae7f214d,2026-06-06T13:45:00Z,2026-06-06T15:45:00+0200,-1.89,EUR/MWh,BE,BE,imbalance_price,Long,2026-06-20T12:20:56Z
2026-06-20T12:18:09Z,2026-06-20T14:18:09+0200,4bddbab4-20af-41f1-90cc-d649ae7f214d,2026-06-06T13:45:00Z,2026-06-06T15:45:00+0200,-1.89,EUR/MWh,BE,BE,imbalance_price,Short,2026-06-20T12:20:56Z
2026-06-20T12:18:09Z,2026-06-20T14:18:09+0200,4bddbab4-20af-41f1-90cc-d649ae7f214d,2026-06-06T14:00:00Z,2026-06-06T16:00:00+0200,-1.0,EUR/MWh,BE,BE,imbalance_price,Long,2026-06-20T12:20:56Z
2026-06-20T12:18:09Z,2026-06-20T14:18:09+0200,4bddbab4-20af-41f1-90cc-d649ae7f214d,2026-06-06T14:00:00Z,2026-06-06T16:00:00+0200,-1.0,EUR/MWh,BE,BE,imbalance_price,Short,2026-06-20T12:20:56Z
2026-06-20T12:18:09Z,2026-06-20T14:18:09+0200,4bddbab4-20af-41f1-90cc-d649ae7f214d,2026-06-06T14:15:00Z,2026-06-06T16:15:00+0200,32.5,EUR/MWh,BE,BE,imbalance_price,Long,2026-06-20T12:20:56Z
2026-06-20T12:18:09Z,2026-06-20T14:18:09+0200,4bddbab4-20af-41f1-90cc-d649ae7f214d,2026-06-06T14:15:00Z,2026-06-06T16:15:00+0200,32.5,EUR/MWh,BE,BE,imbalance_price,Short,2026-06-20T12:20:56Z
2026-06-20T12:18:09Z,2026-06-20T14:18:09+0200,4bddbab4-20af-41f1-90cc-d649ae7f214d,2026-06-06T14:30:00Z,2026-06-06T16:30:00+0200,39.36,EUR/MWh,BE,BE,imbalance_price,Long,2026-06-20T12:20:56Z
2026-06-20T12:18:09Z,2026-06-20T14:18:09+0200,4bddbab4-20af-41f1-90cc-d649ae7f214d,2026-06-06T14:30:00Z,2026-06-06T16:30:00+0200,39.36,EUR/MWh,BE,BE,imbalance_price,Short,2026-06-20T12:20:56Z
2026-06-20T12:18:09Z,2026-06-20T14:18:09+0200,4bddbab4-20af-41f1-90cc-d649ae7f214d,2026-06-06T14:45:00Z,2026-06-06T16:45:00+0200,53.58,EUR/MWh,BE,BE,imbalance_price,Long,2026-06-20T12:20:56Z
2026-06-20T12:18:09Z,2026-06-20T14:18:09+0200,4bddbab4-20af-41f1-90cc-d649ae7f214d,2026-06-06T14:45:00Z,2026-06-06T16:45:00+0200,53.58,EUR/MWh,BE,BE,imbalance_price,Short,2026-06-20T12:20:56Z
2026-06-20T12:18:09Z,2026-06-20T14:18:09+0200,4bddbab4-20af-41f1-90cc-d649ae7f214d,2026-06-06T15:00:00Z,2026-06-06T17:00:00+0200,82.27,EUR/MWh,BE,BE,imbalance_price,Long,2026-06-20T12:20:56Z
2026-06-20T12:18:09Z,2026-06-20T14:18:09+0200,4bddbab4-20af-41f1-90cc-d649ae7f214d,2026-06-06T15:00:00Z,2026-06-06T17:00:00+0200,82.27,EUR/MWh,BE,BE,imbalance_price,Short,2026-06-20T12:20:56Z
2026-06-20T12:18:09Z,2026-06-20T14:18:09+0200,4bddbab4-20af-41f1-90cc-d649ae7f214d,2026-06-06T15:15:00Z,2026-06-06T17:15:00+0200,121.08,EUR/MWh,BE,BE,imbalance_price,Long,2026-06-20T12:20:56Z
2026-06-20T12:18:09Z,2026-06-20T14:18:09+0200,4bddbab4-20af-41f1-90cc-d649ae7f214d,2026-06-06T15:15:00Z,2026-06-06T17:15:00+0200,121.08,EUR/MWh,BE,BE,imbalance_price,Short,2026-06-20T12:20:56Z
2026-06-20T12:18:09Z,2026-06-20T14:18:09+0200,4bddbab4-20af-41f1-90cc-d649ae7f214d,2026-06-06T15:30:00Z,2026-06-06T17:30:00+0200,103.08,EUR/MWh,BE,BE,imbalance_price,Long,2026-06-20T12:20:56Z
2026-06-20T12:18:09Z,2026-06-20T14:18:09+0200,4bddbab4-20af-41f1-90cc-d649ae7f214d,2026-06-06T15:30:00Z,2026-06-06T17:30:00+0200,103.08,EUR/MWh,BE,BE,imbalance_price,Short,2026-06-20T12:20:56Z
2026-06-20T12:18:09Z,2026-06-20T14:18:09+0200,4bddbab4-20af-41f1-90cc-d649ae7f214d,2026-06-06T15:45:00Z,2026-06-06T17:45:00+0200,110.13,EUR/MWh,BE,BE,imbalance_price,Long,2026-06-20T12:20:56Z
2026-06-20T12:18:09Z,2026-06-20T14:18:09+0200,4bddbab4-20af-41f1-90cc-d649ae7f214d,2026-06-06T15:45:00Z,2026-06-06T17:45:00+0200,110.13,EUR/MWh,BE,BE,imbalance_price,Short,2026-06-20T12:20:56Z
2026-06-20T12:18:09Z,2026-06-20T14:18:09+0200,4bddbab4-20af-41f1-90cc-d649ae7f214d,2026-06-06T16:00:00Z,2026-06-06T18:00:00+0200,100.0,EUR/MWh,BE,BE,imbalance_price,Long,2026-06-20T12:20:56Z
2026-06-20T12:18:09Z,2026-06-20T14:18:09+0200,4bddbab4-20af-41f1-90cc-d649ae7f214d,2026-06-06T16:00:00Z,2026-06-06T18:00:00+0200,100.0,EUR/MWh,BE,BE,imbalance_price,Short,2026-06-20T12:20:56Z
2026-06-20T12:18:09Z,2026-06-20T14:18:09+0200,4bddbab4-20af-41f1-90cc-d649ae7f214d,2026-06-06T16:15:00Z,2026-06-06T18:15:00+0200,116.91,EUR/MWh,BE,BE,imbalance_price,Long,2026-06-20T12:20:56Z
2026-06-20T12:18:09Z,2026-06-20T14:18:09+0200,4bddbab4-20af-41f1-90cc-d649ae7f214d,2026-06-06T16:15:00Z,2026-06-06T18:15:00+0200,116.91,EUR/MWh,BE,BE,imbalance_price,Short,2026-06-20T12:20:56Z
2026-06-20T12:18:09Z,2026-06-20T14:18:09+0200,4bddbab4-20af-41f1-90cc-d649ae7f214d,2026-06-06T16:30:00Z,2026-06-06T18:30:00+0200,112.59,EUR/MWh,BE,BE,imbalance_price,Long,2026-06-20T12:20:56Z
2026-06-20T12:18:09Z,2026-06-20T14:18:09+0200,4bddbab4-20af-41f1-90cc-d649ae7f214d,2026-06-06T16:30:00Z,2026-06-06T18:30:00+0200,112.59,EUR/MWh,BE,BE,imbalance_price,Short,2026-06-20T12:20:56Z
2026-06-20T12:18:09Z,2026-06-20T14:18:09+0200,4bddbab4-20af-41f1-90cc-d649ae7f214d,2026-06-06T16:45:00Z,2026-06-06T18:45:00+0200,100.0,EUR/MWh,BE,BE,imbalance_price,Long,2026-06-20T12:20:56Z
2026-06-20T12:18:09Z,2026-06-20T14:18:09+0200,4bddbab4-20af-41f1-90cc-d649ae7f214d,2026-06-06T16:45:00Z,2026-06-06T18:45:00+0200,100.0,EUR/MWh,BE,BE,imbalance_price,Short,2026-06-20T12:20:56Z
2026-06-20T12:18:09Z,2026-06-20T14:18:09+0200,4bddbab4-20af-41f1-90cc-d649ae7f214d,2026-06-06T17:00:00Z,2026-06-06T19:00:00+0200,87.44,EUR/MWh,BE,BE,imbalance_price,Long,2026-06-20T12:20:56Z
2026-06-20T12:18:09Z,2026-06-20T14:18:09+0200,4bddbab4-20af-41f1-90cc-d649ae7f214d,2026-06-06T17:00:00Z,2026-06-06T19:00:00+0200,87.44,EUR/MWh,BE,BE,imbalance_price,Short,2026-06-20T12:20:56Z
2026-06-20T12:18:09Z,2026-06-20T14:18:09+0200,4bddbab4-20af-41f1-90cc-d649ae7f214d,2026-06-06T17:15:00Z,2026-06-06T19:15:00+0200,52.11,EUR/MWh,BE,BE,imbalance_price,Long,2026-06-20T12:20:56Z
2026-06-20T12:18:09Z,2026-06-20T14:18:09+0200,4bddbab4-20af-41f1-90cc-d649ae7f214d,2026-06-06T17:15:00Z,2026-06-06T19:15:00+0200,52.11,EUR/MWh,BE,BE,imbalance_price,Short,2026-06-20T12:20:56Z
2026-06-20T12:18:09Z,2026-06-20T14:18:09+0200,4bddbab4-20af-41f1-90cc-d649ae7f214d,2026-06-06T17:30:00Z,2026-06-06T19:30:00+0200,77.69,EUR/MWh,BE,BE,imbalance_price,Long,2026-06-20T12:20:56Z
2026-06-20T12:18:09Z,2026-06-20T14:18:09+0200,4bddbab4-20af-41f1-90cc-d649ae7f214d,2026-06-06T17:30:00Z,2026-06-06T19:30:00+0200,77.69,EUR/MWh,BE,BE,imbalance_price,Short,2026-06-20T12:20:56Z
2026-06-20T12:18:09Z,2026-06-20T14:18:09+0200,4bddbab4-20af-41f1-90cc-d649ae7f214d,2026-06-06T17:45:00Z,2026-06-06T19:45:00+0200,110.0,EUR/MWh,BE,BE,imbalance_price,Long,2026-06-20T12:20:56Z
2026-06-20T12:18:09Z,2026-06-20T14:18:09+0200,4bddbab4-20af-41f1-90cc-d649ae7f214d,2026-06-06T17:45:00Z,2026-06-06T19:45:00+0200,110.0,EUR/MWh,BE,BE,imbalance_price,Short,2026-06-20T12:20:56Z
2026-06-20T12:18:09Z,2026-06-20T14:18:09+0200,4bddbab4-20af-41f1-90cc-d649ae7f214d,2026-06-06T18:00:00Z,2026-06-06T20:00:00+0200,108.33,EUR/MWh,BE,BE,imbalance_price,Long,2026-06-20T12:20:56Z
2026-06-20T12:18:09Z,2026-06-20T14:18:09+0200,4bddbab4-20af-41f1-90cc-d649ae7f214d,2026-06-06T18:00:00Z,2026-06-06T20:00:00+0200,108.33,EUR/MWh,BE,BE,imbalance_price,Short,2026-06-20T12:20:56Z
2026-06-20T12:18:09Z,2026-06-20T14:18:09+0200,4bddbab4-20af-41f1-90cc-d649ae7f214d,2026-06-06T18:15:00Z,2026-06-06T20:15:00+0200,132.51,EUR/MWh,BE,BE,imbalance_price,Long,2026-06-20T12:20:56Z
2026-06-20T12:18:09Z,2026-06-20T14:18:09+0200,4bddbab4-20af-41f1-90cc-d649ae7f214d,2026-06-06T18:15:00Z,2026-06-06T20:15:00+0200,132.51,EUR/MWh,BE,BE,imbalance_price,Short,2026-06-20T12:20:56Z
2026-06-20T12:18:09Z,2026-06-20T14:18:09+0200,4bddbab4-20af-41f1-90cc-d649ae7f214d,2026-06-06T18:30:00Z,2026-06-06T20:30:00+0200,126.39,EUR/MWh,BE,BE,imbalance_price,Long,2026-06-20T12:20:56Z
2026-06-20T12:18:09Z,2026-06-20T14:18:09+0200,4bddbab4-20af-41f1-90cc-d649ae7f214d,2026-06-06T18:30:00Z,2026-06-06T20:30:00+0200,126.39,EUR/MWh,BE,BE,imbalance_price,Short,2026-06-20T12:20:56Z
2026-06-20T12:18:09Z,2026-06-20T14:18:09+0200,4bddbab4-20af-41f1-90cc-d649ae7f214d,2026-06-06T18:45:00Z,2026-06-06T20:45:00+0200,130.0,EUR/MWh,BE,BE,imbalance_price,Long,2026-06-20T12:20:56Z
2026-06-20T12:18:09Z,2026-06-20T14:18:09+0200,4bddbab4-20af-41f1-90cc-d649ae7f214d,2026-06-06T18:45:00Z,2026-06-06T20:45:00+0200,130.0,EUR/MWh,BE,BE,imbalance_price,Short,2026-06-20T12:20:56Z
2026-06-20T12:18:09Z,2026-06-20T14:18:09+0200,4bddbab4-20af-41f1-90cc-d649ae7f214d,2026-06-06T19:00:00Z,2026-06-06T21:00:00+0200,122.47,EUR/MWh,BE,BE,imbalance_price,Long,2026-06-20T12:20:56Z
2026-06-20T12:18:09Z,2026-06-20T14:18:09+0200,4bddbab4-20af-41f1-90cc-d649ae7f214d,2026-06-06T19:00:00Z,2026-06-06T21:00:00+0200,122.47,EUR/MWh,BE,BE,imbalance_price,Short,2026-06-20T12:20:56Z
2026-06-20T12:18:09Z,2026-06-20T14:18:09+0200,4bddbab4-20af-41f1-90cc-d649ae7f214d,2026-06-06T19:15:00Z,2026-06-06T21:15:00+0200,101.65,EUR/MWh,BE,BE,imbalance_price,Long,2026-06-20T12:20:56Z
2026-06-20T12:18:09Z,2026-06-20T14:18:09+0200,4bddbab4-20af-41f1-90cc-d649ae7f214d,2026-06-06T19:15:00Z,2026-06-06T21:15:00+0200,101.65,EUR/MWh,BE,BE,imbalance_price,Short,2026-06-20T12:20:56Z
2026-06-20T12:18:09Z,2026-06-20T14:18:09+0200,4bddbab4-20af-41f1-90cc-d649ae7f214d,2026-06-06T19:30:00Z,2026-06-06T21:30:00+0200,64.95,EUR/MWh,BE,BE,imbalance_price,Long,2026-06-20T12:20:56Z
2026-06-20T12:18:09Z,2026-06-20T14:18:09+0200,4bddbab4-20af-41f1-90cc-d649ae7f214d,2026-06-06T19:30:00Z,2026-06-06T21:30:00+0200,64.95,EUR/MWh,BE,BE,imbalance_price,Short,2026-06-20T12:20:56Z
2026-06-20T12:18:09Z,2026-06-20T14:18:09+0200,4bddbab4-20af-41f1-90cc-d649ae7f214d,2026-06-06T19:45:00Z,2026-06-06T21:45:00+0200,100.6,EUR/MWh,BE,BE,imbalance_price,Long,2026-06-20T12:20:56Z
2026-06-20T12:18:09Z,2026-06-20T14:18:09+0200,4bddbab4-20af-41f1-90cc-d649ae7f214d,2026-06-06T19:45:00Z,2026-06-06T21:45:00+0200,100.6,EUR/MWh,BE,BE,imbalance_price,Short,2026-06-20T12:20:56Z
2026-06-20T12:18:09Z,2026-06-20T14:18:09+0200,4bddbab4-20af-41f1-90cc-d649ae7f214d,2026-06-06T20:00:00Z,2026-06-06T22:00:00+0200,106.1,EUR/MWh,BE,BE,imbalance_price,Long,2026-06-20T12:20:56Z
2026-06-20T12:18:09Z,2026-06-20T14:18:09+0200,4bddbab4-20af-41f1-90cc-d649ae7f214d,2026-06-06T20:00:00Z,2026-06-06T22:00:00+0200,106.1,EUR/MWh,BE,BE,imbalance_price,Short,2026-06-20T12:20:56Z
2026-06-20T12:18:09Z,2026-06-20T14:18:09+0200,4bddbab4-20af-41f1-90cc-d649ae7f214d,2026-06-06T20:15:00Z,2026-06-06T22:15:00+0200,96.13,EUR/MWh,BE,BE,imbalance_price,Long,2026-06-20T12:20:56Z
2026-06-20T12:18:09Z,2026-06-20T14:18:09+0200,4bddbab4-20af-41f1-90cc-d649ae7f214d,2026-06-06T20:15:00Z,2026-06-06T22:15:00+0200,96.13,EUR/MWh,BE,BE,imbalance_price,Short,2026-06-20T12:20:56Z
2026-06-20T12:18:09Z,2026-06-20T14:18:09+0200,4bddbab4-20af-41f1-90cc-d649ae7f214d,2026-06-06T20:30:00Z,2026-06-06T22:30:00+0200,83.0,EUR/MWh,BE,BE,imbalance_price,Long,2026-06-20T12:20:56Z
2026-06-20T12:18:09Z,2026-06-20T14:18:09+0200,4bddbab4-20af-41f1-90cc-d649ae7f214d,2026-06-06T20:30:00Z,2026-06-06T22:30:00+0200,83.0,EUR/MWh,BE,BE,imbalance_price,Short,2026-06-20T12:20:56Z
2026-06-20T12:18:09Z,2026-06-20T14:18:09+0200,4bddbab4-20af-41f1-90cc-d649ae7f214d,2026-06-06T20:45:00Z,2026-06-06T22:45:00+0200,96.1,EUR/MWh,BE,BE,imbalance_price,Long,2026-06-20T12:20:56Z
2026-06-20T12:18:09Z,2026-06-20T14:18:09+0200,4bddbab4-20af-41f1-90cc-d649ae7f214d,2026-06-06T20:45:00Z,2026-06-06T22:45:00+0200,96.1,EUR/MWh,BE,BE,imbalance_price,Short,2026-06-20T12:20:56Z
2026-06-20T12:18:09Z,2026-06-20T14:18:09+0200,4bddbab4-20af-41f1-90cc-d649ae7f214d,2026-06-06T21:00:00Z,2026-06-06T23:00:00+0200,115.77,EUR/MWh,BE,BE,imbalance_price,Long,2026-06-20T12:20:56Z
2026-06-20T12:18:09Z,2026-06-20T14:18:09+0200,4bddbab4-20af-41f1-90cc-d649ae7f214d,2026-06-06T21:00:00Z,2026-06-06T23:00:00+0200,115.77,EUR/MWh,BE,BE,imbalance_price,Short,2026-06-20T12:20:56Z
2026-06-20T12:18:09Z,2026-06-20T14:18:09+0200,4bddbab4-20af-41f1-90cc-d649ae7f214d,2026-06-06T21:15:00Z,2026-06-06T23:15:00+0200,100.19,EUR/MWh,BE,BE,imbalance_price,Long,2026-06-20T12:20:56Z
2026-06-20T12:18:09Z,2026-06-20T14:18:09+0200,4bddbab4-20af-41f1-90cc-d649ae7f214d,2026-06-06T21:15:00Z,2026-06-06T23:15:00+0200,100.19,EUR/MWh,BE,BE,imbalance_price,Short,2026-06-20T12:20:56Z
2026-06-20T12:18:09Z,2026-06-20T14:18:09+0200,4bddbab4-20af-41f1-90cc-d649ae7f214d,2026-06-06T21:30:00Z,2026-06-06T23:30:00+0200,100.18,EUR/MWh,BE,BE,imbalance_price,Long,2026-06-20T12:20:56Z
2026-06-20T12:18:09Z,2026-06-20T14:18:09+0200,4bddbab4-20af-41f1-90cc-d649ae7f214d,2026-06-06T21:30:00Z,2026-06-06T23:30:00+0200,100.18,EUR/MWh,BE,BE,imbalance_price,Short,2026-06-20T12:20:56Z
2026-06-20T12:18:09Z,2026-06-20T14:18:09+0200,4bddbab4-20af-41f1-90cc-d649ae7f214d,2026-06-06T21:45:00Z,2026-06-06T23:45:00+0200,116.43,EUR/MWh,BE,BE,imbalance_price,Long,2026-06-20T12:20:56Z
2026-06-20T12:18:09Z,2026-06-20T14:18:09+0200,4bddbab4-20af-41f1-90cc-d649ae7f214d,2026-06-06T21:45:00Z,2026-06-06T23:45:00+0200,116.43,EUR/MWh,BE,BE,imbalance_price,Short,2026-06-20T12:20:56Z
2026-06-20T12:18:09Z,2026-06-20T14:18:09+0200,4bddbab4-20af-41f1-90cc-d649ae7f214d,2026-06-06T22:00:00Z,2026-06-07T00:00:00+0200,73.9,EUR/MWh,BE,BE,imbalance_price,Long,2026-06-20T12:20:56Z
2026-06-20T12:18:09Z,2026-06-20T14:18:09+0200,4bddbab4-20af-41f1-90cc-d649ae7f214d,2026-06-06T22:00:00Z,2026-06-07T00:00:00+0200,73.9,EUR/MWh,BE,BE,imbalance_price,Short,2026-06-20T12:20:56Z
2026-06-20T12:18:09Z,2026-06-20T14:18:09+0200,4bddbab4-20af-41f1-90cc-d649ae7f214d,2026-06-06T22:15:00Z,2026-06-07T00:15:00+0200,69.13,EUR/MWh,BE,BE,imbalance_price,Long,2026-06-20T12:20:56Z
2026-06-20T12:18:09Z,2026-06-20T14:18:09+0200,4bddbab4-20af-41f1-90cc-d649ae7f214d,2026-06-06T22:15:00Z,2026-06-07T00:15:00+0200,69.13,EUR/MWh,BE,BE,imbalance_price,Short,2026-06-20T12:20:56Z
2026-06-20T12:18:09Z,2026-06-20T14:18:09+0200,4bddbab4-20af-41f1-90cc-d649ae7f214d,2026-06-06T22:30:00Z,2026-06-07T00:30:00+0200,64.97,EUR/MWh,BE,BE,imbalance_price,Long,2026-06-20T12:20:56Z
2026-06-20T12:18:09Z,2026-06-20T14:18:09+0200,4bddbab4-20af-41f1-90cc-d649ae7f214d,2026-06-06T22:30:00Z,2026-06-07T00:30:00+0200,64.97,EUR/MWh,BE,BE,imbalance_price,Short,2026-06-20T12:20:56Z
2026-06-20T12:18:09Z,2026-06-20T14:18:09+0200,4bddbab4-20af-41f1-90cc-d649ae7f214d,2026-06-06T22:45:00Z,2026-06-07T00:45:00+0200,82.99,EUR/MWh,BE,BE,imbalance_price,Long,2026-06-20T12:20:56Z
2026-06-20T12:18:09Z,2026-06-20T14:18:09+0200,4bddbab4-20af-41f1-90cc-d649ae7f214d,2026-06-06T22:45:00Z,2026-06-07T00:45:00+0200,82.99,EUR/MWh,BE,BE,imbalance_price,Short,2026-06-20T12:20:56Z
2026-06-20T12:18:09Z,2026-06-20T14:18:09+0200,4bddbab4-20af-41f1-90cc-d649ae7f214d,2026-06-06T23:00:00Z,2026-06-07T01:00:00+0200,82.99,EUR/MWh,BE,BE,imbalance_price,Long,2026-06-20T12:20:56Z
2026-06-20T12:18:09Z,2026-06-20T14:18:09+0200,4bddbab4-20af-41f1-90cc-d649ae7f214d,2026-06-06T23:00:00Z,2026-06-07T01:00:00+0200,82.99,EUR/MWh,BE,BE,imbalance_price,Short,2026-06-20T12:20:56Z
2026-06-20T12:18:09Z,2026-06-20T14:18:09+0200,4bddbab4-20af-41f1-90cc-d649ae7f214d,2026-06-06T23:15:00Z,2026-06-07T01:15:00+0200,78.02,EUR/MWh,BE,BE,imbalance_price,Long,2026-06-20T12:20:56Z
2026-06-20T12:18:09Z,2026-06-20T14:18:09+0200,4bddbab4-20af-41f1-90cc-d649ae7f214d,2026-06-06T23:15:00Z,2026-06-07T01:15:00+0200,78.02,EUR/MWh,BE,BE,imbalance_price,Short,2026-06-20T12:20:56Z
2026-06-20T12:18:09Z,2026-06-20T14:18:09+0200,4bddbab4-20af-41f1-90cc-d649ae7f214d,2026-06-06T23:30:00Z,2026-06-07T01:30:00+0200,72.97,EUR/MWh,BE,BE,imbalance_price,Long,2026-06-20T12:20:56Z
2026-06-20T12:18:09Z,2026-06-20T14:18:09+0200,4bddbab4-20af-41f1-90cc-d649ae7f214d,2026-06-06T23:30:00Z,2026-06-07T01:30:00+0200,72.97,EUR/MWh,BE,BE,imbalance_price,Short,2026-06-20T12:20:56Z
2026-06-20T12:18:09Z,2026-06-20T14:18:09+0200,4bddbab4-20af-41f1-90cc-d649ae7f214d,2026-06-06T23:45:00Z,2026-06-07T01:45:00+0200,72.01,EUR/MWh,BE,BE,imbalance_price,Long,2026-06-20T12:20:56Z
2026-06-20T12:18:09Z,2026-06-20T14:18:09+0200,4bddbab4-20af-41f1-90cc-d649ae7f214d,2026-06-06T23:45:00Z,2026-06-07T01:45:00+0200,72.01,EUR/MWh,BE,BE,imbalance_price,Short,2026-06-20T12:20:56Z
2026-06-20T12:18:09Z,2026-06-20T14:18:09+0200,4bddbab4-20af-41f1-90cc-d649ae7f214d,2026-06-07T00:00:00Z,2026-06-07T02:00:00+0200,76.62,EUR/MWh,BE,BE,imbalance_price,Long,2026-06-20T12:20:56Z
2026-06-20T12:18:09Z,2026-06-20T14:18:09+0200,4bddbab4-20af-41f1-90cc-d649ae7f214d,2026-06-07T00:00:00Z,2026-06-07T02:00:00+0200,76.62,EUR/MWh,BE,BE,imbalance_price,Short,2026-06-20T12:20:56Z
2026-06-20T12:18:09Z,2026-06-20T14:18:09+0200,4bddbab4-20af-41f1-90cc-d649ae7f214d,2026-06-07T00:15:00Z,2026-06-07T02:15:00+0200,64.97,EUR/MWh,BE,BE,imbalance_price,Long,2026-06-20T12:20:56Z
2026-06-20T12:18:09Z,2026-06-20T14:18:09+0200,4bddbab4-20af-41f1-90cc-d649ae7f214d,2026-06-07T00:15:00Z,2026-06-07T02:15:00+0200,64.97,EUR/MWh,BE,BE,imbalance_price,Short,2026-06-20T12:20:56Z
2026-06-20T12:18:09Z,2026-06-20T14:18:09+0200,4bddbab4-20af-41f1-90cc-d649ae7f214d,2026-06-07T00:30:00Z,2026-06-07T02:30:00+0200,57.49,EUR/MWh,BE,BE,imbalance_price,Long,2026-06-20T12:20:56Z
2026-06-20T12:18:09Z,2026-06-20T14:18:09+0200,4bddbab4-20af-41f1-90cc-d649ae7f214d,2026-06-07T00:30:00Z,2026-06-07T02:30:00+0200,57.49,EUR/MWh,BE,BE,imbalance_price,Short,2026-06-20T12:20:56Z
2026-06-20T12:18:09Z,2026-06-20T14:18:09+0200,4bddbab4-20af-41f1-90cc-d649ae7f214d,2026-06-07T00:45:00Z,2026-06-07T02:45:00+0200,28.64,EUR/MWh,BE,BE,imbalance_price,Long,2026-06-20T12:20:56Z
2026-06-20T12:18:09Z,2026-06-20T14:18:09+0200,4bddbab4-20af-41f1-90cc-d649ae7f214d,2026-06-07T00:45:00Z,2026-06-07T02:45:00+0200,28.64,EUR/MWh,BE,BE,imbalance_price,Short,2026-06-20T12:20:56Z
2026-06-20T12:18:09Z,2026-06-20T14:18:09+0200,4bddbab4-20af-41f1-90cc-d649ae7f214d,2026-06-07T01:00:00Z,2026-06-07T03:00:00+0200,44.88,EUR/MWh,BE,BE,imbalance_price,Long,2026-06-20T12:20:56Z
2026-06-20T12:18:09Z,2026-06-20T14:18:09+0200,4bddbab4-20af-41f1-90cc-d649ae7f214d,2026-06-07T01:00:00Z,2026-06-07T03:00:00+0200,44.88,EUR/MWh,BE,BE,imbalance_price,Short,2026-06-20T12:20:56Z
2026-06-20T12:18:09Z,2026-06-20T14:18:09+0200,4bddbab4-20af-41f1-90cc-d649ae7f214d,2026-06-07T01:15:00Z,2026-06-07T03:15:00+0200,35.63,EUR/MWh,BE,BE,imbalance_price,Long,2026-06-20T12:20:56Z
2026-06-20T12:18:09Z,2026-06-20T14:18:09+0200,4bddbab4-20af-41f1-90cc-d649ae7f214d,2026-06-07T01:15:00Z,2026-06-07T03:15:00+0200,35.63,EUR/MWh,BE,BE,imbalance_price,Short,2026-06-20T12:20:56Z
2026-06-20T12:18:09Z,2026-06-20T14:18:09+0200,4bddbab4-20af-41f1-90cc-d649ae7f214d,2026-06-07T01:30:00Z,2026-06-07T03:30:00+0200,4.57,EUR/MWh,BE,BE,imbalance_price,Long,2026-06-20T12:20:56Z
2026-06-20T12:18:09Z,2026-06-20T14:18:09+0200,4bddbab4-20af-41f1-90cc-d649ae7f214d,2026-06-07T01:30:00Z,2026-06-07T03:30:00+0200,4.57,EUR/MWh,BE,BE,imbalance_price,Short,2026-06-20T12:20:56Z
2026-06-20T12:18:09Z,2026-06-20T14:18:09+0200,4bddbab4-20af-41f1-90cc-d649ae7f214d,2026-06-07T01:45:00Z,2026-06-07T03:45:00+0200,30.63,EUR/MWh,BE,BE,imbalance_price,Long,2026-06-20T12:20:56Z
2026-06-20T12:18:09Z,2026-06-20T14:18:09+0200,4bddbab4-20af-41f1-90cc-d649ae7f214d,2026-06-07T01:45:00Z,2026-06-07T03:45:00+0200,30.63,EUR/MWh,BE,BE,imbalance_price,Short,2026-06-20T12:20:56Z
2026-06-20T12:18:09Z,2026-06-20T14:18:09+0200,4bddbab4-20af-41f1-90cc-d649ae7f214d,2026-06-07T02:00:00Z,2026-06-07T04:00:00+0200,9.41,EUR/MWh,BE,BE,imbalance_price,Long,2026-06-20T12:20:56Z
2026-06-20T12:18:09Z,2026-06-20T14:18:09+0200,4bddbab4-20af-41f1-90cc-d649ae7f214d,2026-06-07T02:00:00Z,2026-06-07T04:00:00+0200,9.41,EUR/MWh,BE,BE,imbalance_price,Short,2026-06-20T12:20:56Z
2026-06-20T12:18:09Z,2026-06-20T14:18:09+0200,4bddbab4-20af-41f1-90cc-d649ae7f214d,2026-06-07T02:15:00Z,2026-06-07T04:15:00+0200,8.63,EUR/MWh,BE,BE,imbalance_price,Long,2026-06-20T12:20:56Z
2026-06-20T12:18:09Z,2026-06-20T14:18:09+0200,4bddbab4-20af-41f1-90cc-d649ae7f214d,2026-06-07T02:15:00Z,2026-06-07T04:15:00+0200,8.63,EUR/MWh,BE,BE,imbalance_price,Short,2026-06-20T12:20:56Z
2026-06-20T12:18:09Z,2026-06-20T14:18:09+0200,4bddbab4-20af-41f1-90cc-d649ae7f214d,2026-06-07T02:30:00Z,2026-06-07T04:30:00+0200,-2.1,EUR/MWh,BE,BE,imbalance_price,Long,2026-06-20T12:20:56Z
2026-06-20T12:18:09Z,2026-06-20T14:18:09+0200,4bddbab4-20af-41f1-90cc-d649ae7f214d,2026-06-07T02:30:00Z,2026-06-07T04:30:00+0200,-2.1,EUR/MWh,BE,BE,imbalance_price,Short,2026-06-20T12:20:56Z
2026-06-20T12:18:09Z,2026-06-20T14:18:09+0200,4bddbab4-20af-41f1-90cc-d649ae7f214d,2026-06-07T02:45:00Z,2026-06-07T04:45:00+0200,1.01,EUR/MWh,BE,BE,imbalance_price,Long,2026-06-20T12:20:56Z
2026-06-20T12:18:09Z,2026-06-20T14:18:09+0200,4bddbab4-20af-41f1-90cc-d649ae7f214d,2026-06-07T02:45:00Z,2026-06-07T04:45:00+0200,1.01,EUR/MWh,BE,BE,imbalance_price,Short,2026-06-20T12:20:56Z
2026-06-20T12:18:09Z,2026-06-20T14:18:09+0200,4bddbab4-20af-41f1-90cc-d649ae7f214d,2026-06-07T03:00:00Z,2026-06-07T05:00:00+0200,4.91,EUR/MWh,BE,BE,imbalance_price,Long,2026-06-20T12:20:56Z
2026-06-20T12:18:09Z,2026-06-20T14:18:09+0200,4bddbab4-20af-41f1-90cc-d649ae7f214d,2026-06-07T03:00:00Z,2026-06-07T05:00:00+0200,4.91,EUR/MWh,BE,BE,imbalance_price,Short,2026-06-20T12:20:56Z
2026-06-20T12:18:09Z,2026-06-20T14:18:09+0200,4bddbab4-20af-41f1-90cc-d649ae7f214d,2026-06-07T03:15:00Z,2026-06-07T05:15:00+0200,6.89,EUR/MWh,BE,BE,imbalance_price,Long,2026-06-20T12:20:56Z
2026-06-20T12:18:09Z,2026-06-20T14:18:09+0200,4bddbab4-20af-41f1-90cc-d649ae7f214d,2026-06-07T03:15:00Z,2026-06-07T05:15:00+0200,6.89,EUR/MWh,BE,BE,imbalance_price,Short,2026-06-20T12:20:56Z
2026-06-20T12:18:09Z,2026-06-20T14:18:09+0200,4bddbab4-20af-41f1-90cc-d649ae7f214d,2026-06-07T03:30:00Z,2026-06-07T05:30:00+0200,-2.46,EUR/MWh,BE,BE,imbalance_price,Long,2026-06-20T12:20:56Z
2026-06-20T12:18:09Z,2026-06-20T14:18:09+0200,4bddbab4-20af-41f1-90cc-d649ae7f214d,2026-06-07T03:30:00Z,2026-06-07T05:30:00+0200,-2.46,EUR/MWh,BE,BE,imbalance_price,Short,2026-06-20T12:20:56Z
2026-06-20T12:18:09Z,2026-06-20T14:18:09+0200,4bddbab4-20af-41f1-90cc-d649ae7f214d,2026-06-07T03:45:00Z,2026-06-07T05:45:00+0200,24.5,EUR/MWh,BE,BE,imbalance_price,Long,2026-06-20T12:20:56Z
2026-06-20T12:18:09Z,2026-06-20T14:18:09+0200,4bddbab4-20af-41f1-90cc-d649ae7f214d,2026-06-07T03:45:00Z,2026-06-07T05:45:00+0200,24.5,EUR/MWh,BE,BE,imbalance_price,Short,2026-06-20T12:20:56Z
2026-06-20T12:18:09Z,2026-06-20T14:18:09+0200,4bddbab4-20af-41f1-90cc-d649ae7f214d,2026-06-07T04:00:00Z,2026-06-07T06:00:00+0200,-6.1,EUR/MWh,BE,BE,imbalance_price,Long,2026-06-20T12:20:56Z
2026-06-20T12:18:09Z,2026-06-20T14:18:09+0200,4bddbab4-20af-41f1-90cc-d649ae7f214d,2026-06-07T04:00:00Z,2026-06-07T06:00:00+0200,-6.1,EUR/MWh,BE,BE,imbalance_price,Short,2026-06-20T12:20:56Z
2026-06-20T12:18:09Z,2026-06-20T14:18:09+0200,4bddbab4-20af-41f1-90cc-d649ae7f214d,2026-06-07T04:15:00Z,2026-06-07T06:15:00+0200,-1.8,EUR/MWh,BE,BE,imbalance_price,Long,2026-06-20T12:20:56Z
2026-06-20T12:18:09Z,2026-06-20T14:18:09+0200,4bddbab4-20af-41f1-90cc-d649ae7f214d,2026-06-07T04:15:00Z,2026-06-07T06:15:00+0200,-1.8,EUR/MWh,BE,BE,imbalance_price,Short,2026-06-20T12:20:56Z
2026-06-20T12:18:09Z,2026-06-20T14:18:09+0200,4bddbab4-20af-41f1-90cc-d649ae7f214d,2026-06-07T04:30:00Z,2026-06-07T06:30:00+0200,-2.48,EUR/MWh,BE,BE,imbalance_price,Long,2026-06-20T12:20:56Z
2026-06-20T12:18:09Z,2026-06-20T14:18:09+0200,4bddbab4-20af-41f1-90cc-d649ae7f214d,2026-06-07T04:30:00Z,2026-06-07T06:30:00+0200,-2.48,EUR/MWh,BE,BE,imbalance_price,Short,2026-06-20T12:20:56Z
2026-06-20T12:18:09Z,2026-06-20T14:18:09+0200,4bddbab4-20af-41f1-90cc-d649ae7f214d,2026-06-07T04:45:00Z,2026-06-07T06:45:00+0200,24.5,EUR/MWh,BE,BE,imbalance_price,Long,2026-06-20T12:20:56Z
2026-06-20T12:18:09Z,2026-06-20T14:18:09+0200,4bddbab4-20af-41f1-90cc-d649ae7f214d,2026-06-07T04:45:00Z,2026-06-07T06:45:00+0200,24.5,EUR/MWh,BE,BE,imbalance_price,Short,2026-06-20T12:20:56Z
2026-06-20T12:18:09Z,2026-06-20T14:18:09+0200,4bddbab4-20af-41f1-90cc-d649ae7f214d,2026-06-07T05:00:00Z,2026-06-07T07:00:00+0200,24.93,EUR/MWh,BE,BE,imbalance_price,Long,2026-06-20T12:20:56Z
2026-06-20T12:18:09Z,2026-06-20T14:18:09+0200,4bddbab4-20af-41f1-90cc-d649ae7f214d,2026-06-07T05:00:00Z,2026-06-07T07:00:00+0200,24.93,EUR/MWh,BE,BE,imbalance_price,Short,2026-06-20T12:20:56Z
2026-06-20T12:18:09Z,2026-06-20T14:18:09+0200,4bddbab4-20af-41f1-90cc-d649ae7f214d,2026-06-07T05:15:00Z,2026-06-07T07:15:00+0200,25.8,EUR/MWh,BE,BE,imbalance_price,Long,2026-06-20T12:20:56Z
2026-06-20T12:18:09Z,2026-06-20T14:18:09+0200,4bddbab4-20af-41f1-90cc-d649ae7f214d,2026-06-07T05:15:00Z,2026-06-07T07:15:00+0200,25.8,EUR/MWh,BE,BE,imbalance_price,Short,2026-06-20T12:20:56Z
2026-06-20T12:18:09Z,2026-06-20T14:18:09+0200,4bddbab4-20af-41f1-90cc-d649ae7f214d,2026-06-07T05:30:00Z,2026-06-07T07:30:00+0200,3.6,EUR/MWh,BE,BE,imbalance_price,Long,2026-06-20T12:20:56Z
2026-06-20T12:18:09Z,2026-06-20T14:18:09+0200,4bddbab4-20af-41f1-90cc-d649ae7f214d,2026-06-07T05:30:00Z,2026-06-07T07:30:00+0200,3.6,EUR/MWh,BE,BE,imbalance_price,Short,2026-06-20T12:20:56Z
2026-06-20T12:18:09Z,2026-06-20T14:18:09+0200,4bddbab4-20af-41f1-90cc-d649ae7f214d,2026-06-07T05:45:00Z,2026-06-07T07:45:00+0200,50.0,EUR/MWh,BE,BE,imbalance_price,Long,2026-06-20T12:20:56Z
2026-06-20T12:18:09Z,2026-06-20T14:18:09+0200,4bddbab4-20af-41f1-90cc-d649ae7f214d,2026-06-07T05:45:00Z,2026-06-07T07:45:00+0200,50.0,EUR/MWh,BE,BE,imbalance_price,Short,2026-06-20T12:20:56Z
2026-06-20T12:18:09Z,2026-06-20T14:18:09+0200,4bddbab4-20af-41f1-90cc-d649ae7f214d,2026-06-07T06:00:00Z,2026-06-07T08:00:00+0200,15.63,EUR/MWh,BE,BE,imbalance_price,Long,2026-06-20T12:20:56Z
2026-06-20T12:18:09Z,2026-06-20T14:18:09+0200,4bddbab4-20af-41f1-90cc-d649ae7f214d,2026-06-07T06:00:00Z,2026-06-07T08:00:00+0200,15.63,EUR/MWh,BE,BE,imbalance_price,Short,2026-06-20T12:20:56Z
2026-06-20T12:18:09Z,2026-06-20T14:18:09+0200,4bddbab4-20af-41f1-90cc-d649ae7f214d,2026-06-07T06:15:00Z,2026-06-07T08:15:00+0200,20.58,EUR/MWh,BE,BE,imbalance_price,Long,2026-06-20T12:20:56Z
2026-06-20T12:18:09Z,2026-06-20T14:18:09+0200,4bddbab4-20af-41f1-90cc-d649ae7f214d,2026-06-07T06:15:00Z,2026-06-07T08:15:00+0200,20.58,EUR/MWh,BE,BE,imbalance_price,Short,2026-06-20T12:20:56Z
2026-06-20T12:18:09Z,2026-06-20T14:18:09+0200,4bddbab4-20af-41f1-90cc-d649ae7f214d,2026-06-07T06:30:00Z,2026-06-07T08:30:00+0200,26.89,EUR/MWh,BE,BE,imbalance_price,Long,2026-06-20T12:20:56Z
2026-06-20T12:18:09Z,2026-06-20T14:18:09+0200,4bddbab4-20af-41f1-90cc-d649ae7f214d,2026-06-07T06:30:00Z,2026-06-07T08:30:00+0200,26.89,EUR/MWh,BE,BE,imbalance_price,Short,2026-06-20T12:20:56Z
2026-06-20T12:18:09Z,2026-06-20T14:18:09+0200,4bddbab4-20af-41f1-90cc-d649ae7f214d,2026-06-07T06:45:00Z,2026-06-07T08:45:00+0200,12.97,EUR/MWh,BE,BE,imbalance_price,Long,2026-06-20T12:20:56Z
2026-06-20T12:18:09Z,2026-06-20T14:18:09+0200,4bddbab4-20af-41f1-90cc-d649ae7f214d,2026-06-07T06:45:00Z,2026-06-07T08:45:00+0200,12.97,EUR/MWh,BE,BE,imbalance_price,Short,2026-06-20T12:20:56Z
2026-06-20T12:18:09Z,2026-06-20T14:18:09+0200,4bddbab4-20af-41f1-90cc-d649ae7f214d,2026-06-07T07:00:00Z,2026-06-07T09:00:00+0200,31.21,EUR/MWh,BE,BE,imbalance_price,Long,2026-06-20T12:20:56Z
2026-06-20T12:18:09Z,2026-06-20T14:18:09+0200,4bddbab4-20af-41f1-90cc-d649ae7f214d,2026-06-07T07:00:00Z,2026-06-07T09:00:00+0200,31.21,EUR/MWh,BE,BE,imbalance_price,Short,2026-06-20T12:20:56Z
2026-06-20T12:18:09Z,2026-06-20T14:18:09+0200,4bddbab4-20af-41f1-90cc-d649ae7f214d,2026-06-07T07:15:00Z,2026-06-07T09:15:00+0200,7.45,EUR/MWh,BE,BE,imbalance_price,Long,2026-06-20T12:20:56Z
2026-06-20T12:18:09Z,2026-06-20T14:18:09+0200,4bddbab4-20af-41f1-90cc-d649ae7f214d,2026-06-07T07:15:00Z,2026-06-07T09:15:00+0200,7.45,EUR/MWh,BE,BE,imbalance_price,Short,2026-06-20T12:20:56Z
2026-06-20T12:18:09Z,2026-06-20T14:18:09+0200,4bddbab4-20af-41f1-90cc-d649ae7f214d,2026-06-07T07:30:00Z,2026-06-07T09:30:00+0200,32.47,EUR/MWh,BE,BE,imbalance_price,Long,2026-06-20T12:20:56Z
2026-06-20T12:18:09Z,2026-06-20T14:18:09+0200,4bddbab4-20af-41f1-90cc-d649ae7f214d,2026-06-07T07:30:00Z,2026-06-07T09:30:00+0200,32.47,EUR/MWh,BE,BE,imbalance_price,Short,2026-06-20T12:20:56Z
2026-06-20T12:18:09Z,2026-06-20T14:18:09+0200,4bddbab4-20af-41f1-90cc-d649ae7f214d,2026-06-07T07:45:00Z,2026-06-07T09:45:00+0200,11.95,EUR/MWh,BE,BE,imbalance_price,Long,2026-06-20T12:20:56Z
2026-06-20T12:18:09Z,2026-06-20T14:18:09+0200,4bddbab4-20af-41f1-90cc-d649ae7f214d,2026-06-07T07:45:00Z,2026-06-07T09:45:00+0200,11.95,EUR/MWh,BE,BE,imbalance_price,Short,2026-06-20T12:20:56Z
2026-06-20T12:18:09Z,2026-06-20T14:18:09+0200,4bddbab4-20af-41f1-90cc-d649ae7f214d,2026-06-07T08:00:00Z,2026-06-07T10:00:00+0200,16.31,EUR/MWh,BE,BE,imbalance_price,Long,2026-06-20T12:20:56Z
2026-06-20T12:18:09Z,2026-06-20T14:18:09+0200,4bddbab4-20af-41f1-90cc-d649ae7f214d,2026-06-07T08:00:00Z,2026-06-07T10:00:00+0200,16.31,EUR/MWh,BE,BE,imbalance_price,Short,2026-06-20T12:20:56Z
2026-06-20T12:18:09Z,2026-06-20T14:18:09+0200,4bddbab4-20af-41f1-90cc-d649ae7f214d,2026-06-07T08:15:00Z,2026-06-07T10:15:00+0200,41.52,EUR/MWh,BE,BE,imbalance_price,Long,2026-06-20T12:20:56Z
2026-06-20T12:18:09Z,2026-06-20T14:18:09+0200,4bddbab4-20af-41f1-90cc-d649ae7f214d,2026-06-07T08:15:00Z,2026-06-07T10:15:00+0200,41.52,EUR/MWh,BE,BE,imbalance_price,Short,2026-06-20T12:20:56Z
2026-06-20T12:18:09Z,2026-06-20T14:18:09+0200,4bddbab4-20af-41f1-90cc-d649ae7f214d,2026-06-07T08:30:00Z,2026-06-07T10:30:00+0200,65.55,EUR/MWh,BE,BE,imbalance_price,Long,2026-06-20T12:20:56Z
2026-06-20T12:18:09Z,2026-06-20T14:18:09+0200,4bddbab4-20af-41f1-90cc-d649ae7f214d,2026-06-07T08:30:00Z,2026-06-07T10:30:00+0200,65.55,EUR/MWh,BE,BE,imbalance_price,Short,2026-06-20T12:20:56Z
2026-06-20T12:18:09Z,2026-06-20T14:18:09+0200,4bddbab4-20af-41f1-90cc-d649ae7f214d,2026-06-07T08:45:00Z,2026-06-07T10:45:00+0200,81.1,EUR/MWh,BE,BE,imbalance_price,Long,2026-06-20T12:20:56Z
2026-06-20T12:18:09Z,2026-06-20T14:18:09+0200,4bddbab4-20af-41f1-90cc-d649ae7f214d,2026-06-07T08:45:00Z,2026-06-07T10:45:00+0200,81.1,EUR/MWh,BE,BE,imbalance_price,Short,2026-06-20T12:20:56Z
2026-06-20T12:18:09Z,2026-06-20T14:18:09+0200,4bddbab4-20af-41f1-90cc-d649ae7f214d,2026-06-07T09:00:00Z,2026-06-07T11:00:00+0200,81.1,EUR/MWh,BE,BE,imbalance_price,Long,2026-06-20T12:20:56Z
2026-06-20T12:18:09Z,2026-06-20T14:18:09+0200,4bddbab4-20af-41f1-90cc-d649ae7f214d,2026-06-07T09:00:00Z,2026-06-07T11:00:00+0200,81.1,EUR/MWh,BE,BE,imbalance_price,Short,2026-06-20T12:20:56Z
2026-06-20T12:18:09Z,2026-06-20T14:18:09+0200,4bddbab4-20af-41f1-90cc-d649ae7f214d,2026-06-07T09:15:00Z,2026-06-07T11:15:00+0200,81.1,EUR/MWh,BE,BE,imbalance_price,Long,2026-06-20T12:20:56Z
2026-06-20T12:18:09Z,2026-06-20T14:18:09+0200,4bddbab4-20af-41f1-90cc-d649ae7f214d,2026-06-07T09:15:00Z,2026-06-07T11:15:00+0200,81.1,EUR/MWh,BE,BE,imbalance_price,Short,2026-06-20T12:20:56Z
2026-06-20T12:18:09Z,2026-06-20T14:18:09+0200,4bddbab4-20af-41f1-90cc-d649ae7f214d,2026-06-07T09:30:00Z,2026-06-07T11:30:00+0200,65.55,EUR/MWh,BE,BE,imbalance_price,Long,2026-06-20T12:20:56Z
2026-06-20T12:18:09Z,2026-06-20T14:18:09+0200,4bddbab4-20af-41f1-90cc-d649ae7f214d,2026-06-07T09:30:00Z,2026-06-07T11:30:00+0200,65.55,EUR/MWh,BE,BE,imbalance_price,Short,2026-06-20T12:20:56Z
2026-06-20T12:18:09Z,2026-06-20T14:18:09+0200,4bddbab4-20af-41f1-90cc-d649ae7f214d,2026-06-07T09:45:00Z,2026-06-07T11:45:00+0200,23.86,EUR/MWh,BE,BE,imbalance_price,Long,2026-06-20T12:20:56Z
2026-06-20T12:18:09Z,2026-06-20T14:18:09+0200,4bddbab4-20af-41f1-90cc-d649ae7f214d,2026-06-07T09:45:00Z,2026-06-07T11:45:00+0200,23.86,EUR/MWh,BE,BE,imbalance_price,Short,2026-06-20T12:20:56Z
2026-06-20T12:18:09Z,2026-06-20T14:18:09+0200,4bddbab4-20af-41f1-90cc-d649ae7f214d,2026-06-07T10:00:00Z,2026-06-07T12:00:00+0200,9.66,EUR/MWh,BE,BE,imbalance_price,Long,2026-06-20T12:20:56Z
2026-06-20T12:18:09Z,2026-06-20T14:18:09+0200,4bddbab4-20af-41f1-90cc-d649ae7f214d,2026-06-07T10:00:00Z,2026-06-07T12:00:00+0200,9.66,EUR/MWh,BE,BE,imbalance_price,Short,2026-06-20T12:20:56Z
2026-06-20T12:18:09Z,2026-06-20T14:18:09+0200,4bddbab4-20af-41f1-90cc-d649ae7f214d,2026-06-07T10:15:00Z,2026-06-07T12:15:00+0200,-4.47,EUR/MWh,BE,BE,imbalance_price,Long,2026-06-20T12:20:56Z
2026-06-20T12:18:09Z,2026-06-20T14:18:09+0200,4bddbab4-20af-41f1-90cc-d649ae7f214d,2026-06-07T10:15:00Z,2026-06-07T12:15:00+0200,-4.47,EUR/MWh,BE,BE,imbalance_price,Short,2026-06-20T12:20:56Z
2026-06-20T12:18:09Z,2026-06-20T14:18:09+0200,4bddbab4-20af-41f1-90cc-d649ae7f214d,2026-06-07T10:30:00Z,2026-06-07T12:30:00+0200,-21.23,EUR/MWh,BE,BE,imbalance_price,Long,2026-06-20T12:20:56Z
2026-06-20T12:18:09Z,2026-06-20T14:18:09+0200,4bddbab4-20af-41f1-90cc-d649ae7f214d,2026-06-07T10:30:00Z,2026-06-07T12:30:00+0200,-21.23,EUR/MWh,BE,BE,imbalance_price,Short,2026-06-20T12:20:56Z
2026-06-20T12:18:09Z,2026-06-20T14:18:09+0200,4bddbab4-20af-41f1-90cc-d649ae7f214d,2026-06-07T10:45:00Z,2026-06-07T12:45:00+0200,-6.71,EUR/MWh,BE,BE,imbalance_price,Long,2026-06-20T12:20:56Z
2026-06-20T12:18:09Z,2026-06-20T14:18:09+0200,4bddbab4-20af-41f1-90cc-d649ae7f214d,2026-06-07T10:45:00Z,2026-06-07T12:45:00+0200,-6.71,EUR/MWh,BE,BE,imbalance_price,Short,2026-06-20T12:20:56Z
2026-06-20T12:18:09Z,2026-06-20T14:18:09+0200,4bddbab4-20af-41f1-90cc-d649ae7f214d,2026-06-07T11:00:00Z,2026-06-07T13:00:00+0200,-14.55,EUR/MWh,BE,BE,imbalance_price,Long,2026-06-20T12:20:56Z
2026-06-20T12:18:09Z,2026-06-20T14:18:09+0200,4bddbab4-20af-41f1-90cc-d649ae7f214d,2026-06-07T11:00:00Z,2026-06-07T13:00:00+0200,-14.55,EUR/MWh,BE,BE,imbalance_price,Short,2026-06-20T12:20:56Z
2026-06-20T12:18:09Z,2026-06-20T14:18:09+0200,4bddbab4-20af-41f1-90cc-d649ae7f214d,2026-06-07T11:15:00Z,2026-06-07T13:15:00+0200,-10.42,EUR/MWh,BE,BE,imbalance_price,Long,2026-06-20T12:20:56Z
2026-06-20T12:18:09Z,2026-06-20T14:18:09+0200,4bddbab4-20af-41f1-90cc-d649ae7f214d,2026-06-07T11:15:00Z,2026-06-07T13:15:00+0200,-10.42,EUR/MWh,BE,BE,imbalance_price,Short,2026-06-20T12:20:56Z
2026-06-20T12:18:09Z,2026-06-20T14:18:09+0200,4bddbab4-20af-41f1-90cc-d649ae7f214d,2026-06-07T11:30:00Z,2026-06-07T13:30:00+0200,-9.56,EUR/MWh,BE,BE,imbalance_price,Long,2026-06-20T12:20:56Z
2026-06-20T12:18:09Z,2026-06-20T14:18:09+0200,4bddbab4-20af-41f1-90cc-d649ae7f214d,2026-06-07T11:30:00Z,2026-06-07T13:30:00+0200,-9.56,EUR/MWh,BE,BE,imbalance_price,Short,2026-06-20T12:20:56Z
2026-06-20T12:18:09Z,2026-06-20T14:18:09+0200,4bddbab4-20af-41f1-90cc-d649ae7f214d,2026-06-07T11:45:00Z,2026-06-07T13:45:00+0200,-11.32,EUR/MWh,BE,BE,imbalance_price,Long,2026-06-20T12:20:56Z
2026-06-20T12:18:09Z,2026-06-20T14:18:09+0200,4bddbab4-20af-41f1-90cc-d649ae7f214d,2026-06-07T11:45:00Z,2026-06-07T13:45:00+0200,-11.32,EUR/MWh,BE,BE,imbalance_price,Short,2026-06-20T12:20:56Z
2026-06-20T12:18:09Z,2026-06-20T14:18:09+0200,4bddbab4-20af-41f1-90cc-d649ae7f214d,2026-06-07T12:00:00Z,2026-06-07T14:00:00+0200,-7.79,EUR/MWh,BE,BE,imbalance_price,Long,2026-06-20T12:20:56Z
2026-06-20T12:18:09Z,2026-06-20T14:18:09+0200,4bddbab4-20af-41f1-90cc-d649ae7f214d,2026-06-07T12:00:00Z,2026-06-07T14:00:00+0200,-7.79,EUR/MWh,BE,BE,imbalance_price,Short,2026-06-20T12:20:56Z
2026-06-20T12:18:09Z,2026-06-20T14:18:09+0200,4bddbab4-20af-41f1-90cc-d649ae7f214d,2026-06-07T12:15:00Z,2026-06-07T14:15:00+0200,-1.0,EUR/MWh,BE,BE,imbalance_price,Long,2026-06-20T12:20:56Z
2026-06-20T12:18:09Z,2026-06-20T14:18:09+0200,4bddbab4-20af-41f1-90cc-d649ae7f214d,2026-06-07T12:15:00Z,2026-06-07T14:15:00+0200,-1.0,EUR/MWh,BE,BE,imbalance_price,Short,2026-06-20T12:20:56Z
2026-06-20T12:18:09Z,2026-06-20T14:18:09+0200,4bddbab4-20af-41f1-90cc-d649ae7f214d,2026-06-07T12:30:00Z,2026-06-07T14:30:00+0200,-1.0,EUR/MWh,BE,BE,imbalance_price,Long,2026-06-20T12:20:56Z
2026-06-20T12:18:09Z,2026-06-20T14:18:09+0200,4bddbab4-20af-41f1-90cc-d649ae7f214d,2026-06-07T12:30:00Z,2026-06-07T14:30:00+0200,-1.0,EUR/MWh,BE,BE,imbalance_price,Short,2026-06-20T12:20:56Z
2026-06-20T12:18:09Z,2026-06-20T14:18:09+0200,4bddbab4-20af-41f1-90cc-d649ae7f214d,2026-06-07T12:45:00Z,2026-06-07T14:45:00+0200,-2.3,EUR/MWh,BE,BE,imbalance_price,Long,2026-06-20T12:20:56Z
2026-06-20T12:18:09Z,2026-06-20T14:18:09+0200,4bddbab4-20af-41f1-90cc-d649ae7f214d,2026-06-07T12:45:00Z,2026-06-07T14:45:00+0200,-2.3,EUR/MWh,BE,BE,imbalance_price,Short,2026-06-20T12:20:56Z
2026-06-20T12:18:09Z,2026-06-20T14:18:09+0200,4bddbab4-20af-41f1-90cc-d649ae7f214d,2026-06-07T13:00:00Z,2026-06-07T15:00:00+0200,24.5,EUR/MWh,BE,BE,imbalance_price,Long,2026-06-20T12:20:56Z
2026-06-20T12:18:09Z,2026-06-20T14:18:09+0200,4bddbab4-20af-41f1-90cc-d649ae7f214d,2026-06-07T13:00:00Z,2026-06-07T15:00:00+0200,24.5,EUR/MWh,BE,BE,imbalance_price,Short,2026-06-20T12:20:56Z
2026-06-20T12:18:09Z,2026-06-20T14:18:09+0200,4bddbab4-20af-41f1-90cc-d649ae7f214d,2026-06-07T13:15:00Z,2026-06-07T15:15:00+0200,24.5,EUR/MWh,BE,BE,imbalance_price,Long,2026-06-20T12:20:56Z
2026-06-20T12:18:09Z,2026-06-20T14:18:09+0200,4bddbab4-20af-41f1-90cc-d649ae7f214d,2026-06-07T13:15:00Z,2026-06-07T15:15:00+0200,24.5,EUR/MWh,BE,BE,imbalance_price,Short,2026-06-20T12:20:56Z
2026-06-20T12:18:09Z,2026-06-20T14:18:09+0200,4bddbab4-20af-41f1-90cc-d649ae7f214d,2026-06-07T13:30:00Z,2026-06-07T15:30:00+0200,50.0,EUR/MWh,BE,BE,imbalance_price,Long,2026-06-20T12:20:56Z
2026-06-20T12:18:09Z,2026-06-20T14:18:09+0200,4bddbab4-20af-41f1-90cc-d649ae7f214d,2026-06-07T13:30:00Z,2026-06-07T15:30:00+0200,50.0,EUR/MWh,BE,BE,imbalance_price,Short,2026-06-20T12:20:56Z
2026-06-20T12:18:09Z,2026-06-20T14:18:09+0200,4bddbab4-20af-41f1-90cc-d649ae7f214d,2026-06-07T13:45:00Z,2026-06-07T15:45:00+0200,24.5,EUR/MWh,BE,BE,imbalance_price,Long,2026-06-20T12:20:56Z
2026-06-20T12:18:09Z,2026-06-20T14:18:09+0200,4bddbab4-20af-41f1-90cc-d649ae7f214d,2026-06-07T13:45:00Z,2026-06-07T15:45:00+0200,24.5,EUR/MWh,BE,BE,imbalance_price,Short,2026-06-20T12:20:56Z
2026-06-20T12:18:09Z,2026-06-20T14:18:09+0200,4bddbab4-20af-41f1-90cc-d649ae7f214d,2026-06-07T14:00:00Z,2026-06-07T16:00:00+0200,50.0,EUR/MWh,BE,BE,imbalance_price,Long,2026-06-20T12:20:56Z
2026-06-20T12:18:09Z,2026-06-20T14:18:09+0200,4bddbab4-20af-41f1-90cc-d649ae7f214d,2026-06-07T14:00:00Z,2026-06-07T16:00:00+0200,50.0,EUR/MWh,BE,BE,imbalance_price,Short,2026-06-20T12:20:56Z
2026-06-20T12:18:09Z,2026-06-20T14:18:09+0200,4bddbab4-20af-41f1-90cc-d649ae7f214d,2026-06-07T14:15:00Z,2026-06-07T16:15:00+0200,25.0,EUR/MWh,BE,BE,imbalance_price,Long,2026-06-20T12:20:56Z
2026-06-20T12:18:09Z,2026-06-20T14:18:09+0200,4bddbab4-20af-41f1-90cc-d649ae7f214d,2026-06-07T14:15:00Z,2026-06-07T16:15:00+0200,25.0,EUR/MWh,BE,BE,imbalance_price,Short,2026-06-20T12:20:56Z
2026-06-20T12:18:09Z,2026-06-20T14:18:09+0200,4bddbab4-20af-41f1-90cc-d649ae7f214d,2026-06-07T14:30:00Z,2026-06-07T16:30:00+0200,0.0,EUR/MWh,BE,BE,imbalance_price,Long,2026-06-20T12:20:56Z
2026-06-20T12:18:09Z,2026-06-20T14:18:09+0200,4bddbab4-20af-41f1-90cc-d649ae7f214d,2026-06-07T14:30:00Z,2026-06-07T16:30:00+0200,0.0,EUR/MWh,BE,BE,imbalance_price,Short,2026-06-20T12:20:56Z
2026-06-20T12:18:09Z,2026-06-20T14:18:09+0200,4bddbab4-20af-41f1-90cc-d649ae7f214d,2026-06-07T14:45:00Z,2026-06-07T16:45:00+0200,-1.52,EUR/MWh,BE,BE,imbalance_price,Long,2026-06-20T12:20:56Z
2026-06-20T12:18:09Z,2026-06-20T14:18:09+0200,4bddbab4-20af-41f1-90cc-d649ae7f214d,2026-06-07T14:45:00Z,2026-06-07T16:45:00+0200,-1.52,EUR/MWh,BE,BE,imbalance_price,Short,2026-06-20T12:20:56Z
2026-06-20T12:18:09Z,2026-06-20T14:18:09+0200,4bddbab4-20af-41f1-90cc-d649ae7f214d,2026-06-07T15:00:00Z,2026-06-07T17:00:00+0200,-11.76,EUR/MWh,BE,BE,imbalance_price,Long,2026-06-20T12:20:56Z
2026-06-20T12:18:09Z,2026-06-20T14:18:09+0200,4bddbab4-20af-41f1-90cc-d649ae7f214d,2026-06-07T15:00:00Z,2026-06-07T17:00:00+0200,-11.76,EUR/MWh,BE,BE,imbalance_price,Short,2026-06-20T12:20:56Z
2026-06-20T12:18:09Z,2026-06-20T14:18:09+0200,4bddbab4-20af-41f1-90cc-d649ae7f214d,2026-06-07T15:15:00Z,2026-06-07T17:15:00+0200,-45.15,EUR/MWh,BE,BE,imbalance_price,Long,2026-06-20T12:20:56Z
2026-06-20T12:18:09Z,2026-06-20T14:18:09+0200,4bddbab4-20af-41f1-90cc-d649ae7f214d,2026-06-07T15:15:00Z,2026-06-07T17:15:00+0200,-45.15,EUR/MWh,BE,BE,imbalance_price,Short,2026-06-20T12:20:56Z
2026-06-20T12:18:09Z,2026-06-20T14:18:09+0200,4bddbab4-20af-41f1-90cc-d649ae7f214d,2026-06-07T15:30:00Z,2026-06-07T17:30:00+0200,30.59,EUR/MWh,BE,BE,imbalance_price,Long,2026-06-20T12:20:56Z
2026-06-20T12:18:09Z,2026-06-20T14:18:09+0200,4bddbab4-20af-41f1-90cc-d649ae7f214d,2026-06-07T15:30:00Z,2026-06-07T17:30:00+0200,30.59,EUR/MWh,BE,BE,imbalance_price,Short,2026-06-20T12:20:56Z
2026-06-20T12:18:09Z,2026-06-20T14:18:09+0200,4bddbab4-20af-41f1-90cc-d649ae7f214d,2026-06-07T15:45:00Z,2026-06-07T17:45:00+0200,11.5,EUR/MWh,BE,BE,imbalance_price,Long,2026-06-20T12:20:56Z
2026-06-20T12:18:09Z,2026-06-20T14:18:09+0200,4bddbab4-20af-41f1-90cc-d649ae7f214d,2026-06-07T15:45:00Z,2026-06-07T17:45:00+0200,11.5,EUR/MWh,BE,BE,imbalance_price,Short,2026-06-20T12:20:56Z
2026-06-20T12:18:09Z,2026-06-20T14:18:09+0200,4bddbab4-20af-41f1-90cc-d649ae7f214d,2026-06-07T16:00:00Z,2026-06-07T18:00:00+0200,84.53,EUR/MWh,BE,BE,imbalance_price,Long,2026-06-20T12:20:56Z
2026-06-20T12:18:09Z,2026-06-20T14:18:09+0200,4bddbab4-20af-41f1-90cc-d649ae7f214d,2026-06-07T16:00:00Z,2026-06-07T18:00:00+0200,84.53,EUR/MWh,BE,BE,imbalance_price,Short,2026-06-20T12:20:56Z
2026-06-20T12:18:09Z,2026-06-20T14:18:09+0200,4bddbab4-20af-41f1-90cc-d649ae7f214d,2026-06-07T16:15:00Z,2026-06-07T18:15:00+0200,102.83,EUR/MWh,BE,BE,imbalance_price,Long,2026-06-20T12:20:56Z
2026-06-20T12:18:09Z,2026-06-20T14:18:09+0200,4bddbab4-20af-41f1-90cc-d649ae7f214d,2026-06-07T16:15:00Z,2026-06-07T18:15:00+0200,102.83,EUR/MWh,BE,BE,imbalance_price,Short,2026-06-20T12:20:56Z
2026-06-20T12:18:09Z,2026-06-20T14:18:09+0200,4bddbab4-20af-41f1-90cc-d649ae7f214d,2026-06-07T16:30:00Z,2026-06-07T18:30:00+0200,127.7,EUR/MWh,BE,BE,imbalance_price,Long,2026-06-20T12:20:56Z
2026-06-20T12:18:09Z,2026-06-20T14:18:09+0200,4bddbab4-20af-41f1-90cc-d649ae7f214d,2026-06-07T16:30:00Z,2026-06-07T18:30:00+0200,127.7,EUR/MWh,BE,BE,imbalance_price,Short,2026-06-20T12:20:56Z
2026-06-20T12:18:09Z,2026-06-20T14:18:09+0200,4bddbab4-20af-41f1-90cc-d649ae7f214d,2026-06-07T16:45:00Z,2026-06-07T18:45:00+0200,247.18,EUR/MWh,BE,BE,imbalance_price,Long,2026-06-20T12:20:56Z
2026-06-20T12:18:09Z,2026-06-20T14:18:09+0200,4bddbab4-20af-41f1-90cc-d649ae7f214d,2026-06-07T16:45:00Z,2026-06-07T18:45:00+0200,247.18,EUR/MWh,BE,BE,imbalance_price,Short,2026-06-20T12:20:56Z
2026-06-20T12:18:09Z,2026-06-20T14:18:09+0200,4bddbab4-20af-41f1-90cc-d649ae7f214d,2026-06-07T17:00:00Z,2026-06-07T19:00:00+0200,210.95,EUR/MWh,BE,BE,imbalance_price,Long,2026-06-20T12:20:56Z
2026-06-20T12:18:09Z,2026-06-20T14:18:09+0200,4bddbab4-20af-41f1-90cc-d649ae7f214d,2026-06-07T17:00:00Z,2026-06-07T19:00:00+0200,210.95,EUR/MWh,BE,BE,imbalance_price,Short,2026-06-20T12:20:56Z
2026-06-20T12:18:09Z,2026-06-20T14:18:09+0200,4bddbab4-20af-41f1-90cc-d649ae7f214d,2026-06-07T17:15:00Z,2026-06-07T19:15:00+0200,147.69,EUR/MWh,BE,BE,imbalance_price,Long,2026-06-20T12:20:56Z
2026-06-20T12:18:09Z,2026-06-20T14:18:09+0200,4bddbab4-20af-41f1-90cc-d649ae7f214d,2026-06-07T17:15:00Z,2026-06-07T19:15:00+0200,147.69,EUR/MWh,BE,BE,imbalance_price,Short,2026-06-20T12:20:56Z
2026-06-20T12:18:09Z,2026-06-20T14:18:09+0200,4bddbab4-20af-41f1-90cc-d649ae7f214d,2026-06-07T17:30:00Z,2026-06-07T19:30:00+0200,327.24,EUR/MWh,BE,BE,imbalance_price,Long,2026-06-20T12:20:56Z
2026-06-20T12:18:09Z,2026-06-20T14:18:09+0200,4bddbab4-20af-41f1-90cc-d649ae7f214d,2026-06-07T17:30:00Z,2026-06-07T19:30:00+0200,327.24,EUR/MWh,BE,BE,imbalance_price,Short,2026-06-20T12:20:56Z
2026-06-20T12:18:09Z,2026-06-20T14:18:09+0200,4bddbab4-20af-41f1-90cc-d649ae7f214d,2026-06-07T17:45:00Z,2026-06-07T19:45:00+0200,323.31,EUR/MWh,BE,BE,imbalance_price,Long,2026-06-20T12:20:56Z
2026-06-20T12:18:09Z,2026-06-20T14:18:09+0200,4bddbab4-20af-41f1-90cc-d649ae7f214d,2026-06-07T17:45:00Z,2026-06-07T19:45:00+0200,323.31,EUR/MWh,BE,BE,imbalance_price,Short,2026-06-20T12:20:56Z
2026-06-20T12:18:09Z,2026-06-20T14:18:09+0200,4bddbab4-20af-41f1-90cc-d649ae7f214d,2026-06-07T18:00:00Z,2026-06-07T20:00:00+0200,121.03,EUR/MWh,BE,BE,imbalance_price,Long,2026-06-20T12:20:56Z
2026-06-20T12:18:09Z,2026-06-20T14:18:09+0200,4bddbab4-20af-41f1-90cc-d649ae7f214d,2026-06-07T18:00:00Z,2026-06-07T20:00:00+0200,121.03,EUR/MWh,BE,BE,imbalance_price,Short,2026-06-20T12:20:56Z
2026-06-20T12:18:09Z,2026-06-20T14:18:09+0200,4bddbab4-20af-41f1-90cc-d649ae7f214d,2026-06-07T18:15:00Z,2026-06-07T20:15:00+0200,123.26,EUR/MWh,BE,BE,imbalance_price,Long,2026-06-20T12:20:56Z
2026-06-20T12:18:09Z,2026-06-20T14:18:09+0200,4bddbab4-20af-41f1-90cc-d649ae7f214d,2026-06-07T18:15:00Z,2026-06-07T20:15:00+0200,123.26,EUR/MWh,BE,BE,imbalance_price,Short,2026-06-20T12:20:56Z
2026-06-20T12:18:09Z,2026-06-20T14:18:09+0200,4bddbab4-20af-41f1-90cc-d649ae7f214d,2026-06-07T18:30:00Z,2026-06-07T20:30:00+0200,128.85,EUR/MWh,BE,BE,imbalance_price,Long,2026-06-20T12:20:56Z
2026-06-20T12:18:09Z,2026-06-20T14:18:09+0200,4bddbab4-20af-41f1-90cc-d649ae7f214d,2026-06-07T18:30:00Z,2026-06-07T20:30:00+0200,128.85,EUR/MWh,BE,BE,imbalance_price,Short,2026-06-20T12:20:56Z
2026-06-20T12:18:09Z,2026-06-20T14:18:09+0200,4bddbab4-20af-41f1-90cc-d649ae7f214d,2026-06-07T18:45:00Z,2026-06-07T20:45:00+0200,108.37,EUR/MWh,BE,BE,imbalance_price,Long,2026-06-20T12:20:56Z
2026-06-20T12:18:09Z,2026-06-20T14:18:09+0200,4bddbab4-20af-41f1-90cc-d649ae7f214d,2026-06-07T18:45:00Z,2026-06-07T20:45:00+0200,108.37,EUR/MWh,BE,BE,imbalance_price,Short,2026-06-20T12:20:56Z
2026-06-20T12:18:09Z,2026-06-20T14:18:09+0200,4bddbab4-20af-41f1-90cc-d649ae7f214d,2026-06-07T19:00:00Z,2026-06-07T21:00:00+0200,100.21,EUR/MWh,BE,BE,imbalance_price,Long,2026-06-20T12:20:56Z
2026-06-20T12:18:09Z,2026-06-20T14:18:09+0200,4bddbab4-20af-41f1-90cc-d649ae7f214d,2026-06-07T19:00:00Z,2026-06-07T21:00:00+0200,100.21,EUR/MWh,BE,BE,imbalance_price,Short,2026-06-20T12:20:56Z
2026-06-20T12:18:09Z,2026-06-20T14:18:09+0200,4bddbab4-20af-41f1-90cc-d649ae7f214d,2026-06-07T19:15:00Z,2026-06-07T21:15:00+0200,121.69,EUR/MWh,BE,BE,imbalance_price,Long,2026-06-20T12:20:56Z
2026-06-20T12:18:09Z,2026-06-20T14:18:09+0200,4bddbab4-20af-41f1-90cc-d649ae7f214d,2026-06-07T19:15:00Z,2026-06-07T21:15:00+0200,121.69,EUR/MWh,BE,BE,imbalance_price,Short,2026-06-20T12:20:56Z
2026-06-20T12:18:09Z,2026-06-20T14:18:09+0200,4bddbab4-20af-41f1-90cc-d649ae7f214d,2026-06-07T19:30:00Z,2026-06-07T21:30:00+0200,124.48,EUR/MWh,BE,BE,imbalance_price,Long,2026-06-20T12:20:56Z
2026-06-20T12:18:09Z,2026-06-20T14:18:09+0200,4bddbab4-20af-41f1-90cc-d649ae7f214d,2026-06-07T19:30:00Z,2026-06-07T21:30:00+0200,124.48,EUR/MWh,BE,BE,imbalance_price,Short,2026-06-20T12:20:56Z
2026-06-20T12:18:09Z,2026-06-20T14:18:09+0200,4bddbab4-20af-41f1-90cc-d649ae7f214d,2026-06-07T19:45:00Z,2026-06-07T21:45:00+0200,126.9,EUR/MWh,BE,BE,imbalance_price,Long,2026-06-20T12:20:56Z
2026-06-20T12:18:09Z,2026-06-20T14:18:09+0200,4bddbab4-20af-41f1-90cc-d649ae7f214d,2026-06-07T19:45:00Z,2026-06-07T21:45:00+0200,126.9,EUR/MWh,BE,BE,imbalance_price,Short,2026-06-20T12:20:56Z
2026-06-20T12:18:09Z,2026-06-20T14:18:09+0200,4bddbab4-20af-41f1-90cc-d649ae7f214d,2026-06-07T20:00:00Z,2026-06-07T22:00:00+0200,141.2,EUR/MWh,BE,BE,imbalance_price,Long,2026-06-20T12:20:56Z
2026-06-20T12:18:09Z,2026-06-20T14:18:09+0200,4bddbab4-20af-41f1-90cc-d649ae7f214d,2026-06-07T20:00:00Z,2026-06-07T22:00:00+0200,141.2,EUR/MWh,BE,BE,imbalance_price,Short,2026-06-20T12:20:56Z
2026-06-20T12:18:09Z,2026-06-20T14:18:09+0200,4bddbab4-20af-41f1-90cc-d649ae7f214d,2026-06-07T20:15:00Z,2026-06-07T22:15:00+0200,139.57,EUR/MWh,BE,BE,imbalance_price,Long,2026-06-20T12:20:56Z
2026-06-20T12:18:09Z,2026-06-20T14:18:09+0200,4bddbab4-20af-41f1-90cc-d649ae7f214d,2026-06-07T20:15:00Z,2026-06-07T22:15:00+0200,139.57,EUR/MWh,BE,BE,imbalance_price,Short,2026-06-20T12:20:56Z
2026-06-20T12:18:09Z,2026-06-20T14:18:09+0200,4bddbab4-20af-41f1-90cc-d649ae7f214d,2026-06-07T20:30:00Z,2026-06-07T22:30:00+0200,106.26,EUR/MWh,BE,BE,imbalance_price,Long,2026-06-20T12:20:56Z
2026-06-20T12:18:09Z,2026-06-20T14:18:09+0200,4bddbab4-20af-41f1-90cc-d649ae7f214d,2026-06-07T20:30:00Z,2026-06-07T22:30:00+0200,106.26,EUR/MWh,BE,BE,imbalance_price,Short,2026-06-20T12:20:56Z
2026-06-20T12:18:09Z,2026-06-20T14:18:09+0200,4bddbab4-20af-41f1-90cc-d649ae7f214d,2026-06-07T20:45:00Z,2026-06-07T22:45:00+0200,98.2,EUR/MWh,BE,BE,imbalance_price,Long,2026-06-20T12:20:56Z
2026-06-20T12:18:09Z,2026-06-20T14:18:09+0200,4bddbab4-20af-41f1-90cc-d649ae7f214d,2026-06-07T20:45:00Z,2026-06-07T22:45:00+0200,98.2,EUR/MWh,BE,BE,imbalance_price,Short,2026-06-20T12:20:56Z
2026-06-20T12:18:09Z,2026-06-20T14:18:09+0200,4bddbab4-20af-41f1-90cc-d649ae7f214d,2026-06-07T21:00:00Z,2026-06-07T23:00:00+0200,121.61,EUR/MWh,BE,BE,imbalance_price,Long,2026-06-20T12:20:56Z
2026-06-20T12:18:09Z,2026-06-20T14:18:09+0200,4bddbab4-20af-41f1-90cc-d649ae7f214d,2026-06-07T21:00:00Z,2026-06-07T23:00:00+0200,121.61,EUR/MWh,BE,BE,imbalance_price,Short,2026-06-20T12:20:56Z
2026-06-20T12:18:09Z,2026-06-20T14:18:09+0200,4bddbab4-20af-41f1-90cc-d649ae7f214d,2026-06-07T21:15:00Z,2026-06-07T23:15:00+0200,90.59,EUR/MWh,BE,BE,imbalance_price,Long,2026-06-20T12:20:56Z
2026-06-20T12:18:09Z,2026-06-20T14:18:09+0200,4bddbab4-20af-41f1-90cc-d649ae7f214d,2026-06-07T21:15:00Z,2026-06-07T23:15:00+0200,90.59,EUR/MWh,BE,BE,imbalance_price,Short,2026-06-20T12:20:56Z
2026-06-20T12:18:09Z,2026-06-20T14:18:09+0200,4bddbab4-20af-41f1-90cc-d649ae7f214d,2026-06-07T21:30:00Z,2026-06-07T23:30:00+0200,99.33,EUR/MWh,BE,BE,imbalance_price,Long,2026-06-20T12:20:56Z
2026-06-20T12:18:09Z,2026-06-20T14:18:09+0200,4bddbab4-20af-41f1-90cc-d649ae7f214d,2026-06-07T21:30:00Z,2026-06-07T23:30:00+0200,99.33,EUR/MWh,BE,BE,imbalance_price,Short,2026-06-20T12:20:56Z
2026-06-20T12:18:09Z,2026-06-20T14:18:09+0200,4bddbab4-20af-41f1-90cc-d649ae7f214d,2026-06-07T21:45:00Z,2026-06-07T23:45:00+0200,104.51,EUR/MWh,BE,BE,imbalance_price,Long,2026-06-20T12:20:56Z
2026-06-20T12:18:09Z,2026-06-20T14:18:09+0200,4bddbab4-20af-41f1-90cc-d649ae7f214d,2026-06-07T21:45:00Z,2026-06-07T23:45:00+0200,104.51,EUR/MWh,BE,BE,imbalance_price,Short,2026-06-20T12:20:56Z
2026-06-20T12:18:09Z,2026-06-20T14:18:09+0200,4bddbab4-20af-41f1-90cc-d649ae7f214d,2026-06-07T22:00:00Z,2026-06-08T00:00:00+0200,119.83,EUR/MWh,BE,BE,imbalance_price,Long,2026-06-20T12:20:56Z
2026-06-20T12:18:09Z,2026-06-20T14:18:09+0200,4bddbab4-20af-41f1-90cc-d649ae7f214d,2026-06-07T22:00:00Z,2026-06-08T00:00:00+0200,119.83,EUR/MWh,BE,BE,imbalance_price,Short,2026-06-20T12:20:56Z
2026-06-20T12:18:09Z,2026-06-20T14:18:09+0200,4bddbab4-20af-41f1-90cc-d649ae7f214d,2026-06-07T22:15:00Z,2026-06-08T00:15:00+0200,118.77,EUR/MWh,BE,BE,imbalance_price,Long,2026-06-20T12:20:56Z
2026-06-20T12:18:09Z,2026-06-20T14:18:09+0200,4bddbab4-20af-41f1-90cc-d649ae7f214d,2026-06-07T22:15:00Z,2026-06-08T00:15:00+0200,118.77,EUR/MWh,BE,BE,imbalance_price,Short,2026-06-20T12:20:56Z
2026-06-20T12:18:09Z,2026-06-20T14:18:09+0200,4bddbab4-20af-41f1-90cc-d649ae7f214d,2026-06-07T22:30:00Z,2026-06-08T00:30:00+0200,121.61,EUR/MWh,BE,BE,imbalance_price,Long,2026-06-20T12:20:56Z
2026-06-20T12:18:09Z,2026-06-20T14:18:09+0200,4bddbab4-20af-41f1-90cc-d649ae7f214d,2026-06-07T22:30:00Z,2026-06-08T00:30:00+0200,121.61,EUR/MWh,BE,BE,imbalance_price,Short,2026-06-20T12:20:56Z
2026-06-20T12:18:09Z,2026-06-20T14:18:09+0200,4bddbab4-20af-41f1-90cc-d649ae7f214d,2026-06-07T22:45:00Z,2026-06-08T00:45:00+0200,118.65,EUR/MWh,BE,BE,imbalance_price,Long,2026-06-20T12:20:56Z
2026-06-20T12:18:09Z,2026-06-20T14:18:09+0200,4bddbab4-20af-41f1-90cc-d649ae7f214d,2026-06-07T22:45:00Z,2026-06-08T00:45:00+0200,118.65,EUR/MWh,BE,BE,imbalance_price,Short,2026-06-20T12:20:56Z
2026-06-20T12:18:09Z,2026-06-20T14:18:09+0200,4bddbab4-20af-41f1-90cc-d649ae7f214d,2026-06-07T23:00:00Z,2026-06-08T01:00:00+0200,139.12,EUR/MWh,BE,BE,imbalance_price,Long,2026-06-20T12:20:56Z
2026-06-20T12:18:09Z,2026-06-20T14:18:09+0200,4bddbab4-20af-41f1-90cc-d649ae7f214d,2026-06-07T23:00:00Z,2026-06-08T01:00:00+0200,139.12,EUR/MWh,BE,BE,imbalance_price,Short,2026-06-20T12:20:56Z
2026-06-20T12:18:09Z,2026-06-20T14:18:09+0200,4bddbab4-20af-41f1-90cc-d649ae7f214d,2026-06-07T23:15:00Z,2026-06-08T01:15:00+0200,130.17,EUR/MWh,BE,BE,imbalance_price,Long,2026-06-20T12:20:56Z
2026-06-20T12:18:09Z,2026-06-20T14:18:09+0200,4bddbab4-20af-41f1-90cc-d649ae7f214d,2026-06-07T23:15:00Z,2026-06-08T01:15:00+0200,130.17,EUR/MWh,BE,BE,imbalance_price,Short,2026-06-20T12:20:56Z
2026-06-20T12:18:09Z,2026-06-20T14:18:09+0200,4bddbab4-20af-41f1-90cc-d649ae7f214d,2026-06-07T23:30:00Z,2026-06-08T01:30:00+0200,121.11,EUR/MWh,BE,BE,imbalance_price,Long,2026-06-20T12:20:56Z
2026-06-20T12:18:09Z,2026-06-20T14:18:09+0200,4bddbab4-20af-41f1-90cc-d649ae7f214d,2026-06-07T23:30:00Z,2026-06-08T01:30:00+0200,121.11,EUR/MWh,BE,BE,imbalance_price,Short,2026-06-20T12:20:56Z
2026-06-20T12:18:09Z,2026-06-20T14:18:09+0200,4bddbab4-20af-41f1-90cc-d649ae7f214d,2026-06-07T23:45:00Z,2026-06-08T01:45:00+0200,114.96,EUR/MWh,BE,BE,imbalance_price,Long,2026-06-20T12:20:56Z
2026-06-20T12:18:09Z,2026-06-20T14:18:09+0200,4bddbab4-20af-41f1-90cc-d649ae7f214d,2026-06-07T23:45:00Z,2026-06-08T01:45:00+0200,114.96,EUR/MWh,BE,BE,imbalance_price,Short,2026-06-20T12:20:56Z
2026-06-20T12:18:09Z,2026-06-20T14:18:09+0200,4bddbab4-20af-41f1-90cc-d649ae7f214d,2026-06-08T00:00:00Z,2026-06-08T02:00:00+0200,124.27,EUR/MWh,BE,BE,imbalance_price,Long,2026-06-20T12:20:56Z
2026-06-20T12:18:09Z,2026-06-20T14:18:09+0200,4bddbab4-20af-41f1-90cc-d649ae7f214d,2026-06-08T00:00:00Z,2026-06-08T02:00:00+0200,124.27,EUR/MWh,BE,BE,imbalance_price,Short,2026-06-20T12:20:56Z
2026-06-20T12:18:09Z,2026-06-20T14:18:09+0200,4bddbab4-20af-41f1-90cc-d649ae7f214d,2026-06-08T00:15:00Z,2026-06-08T02:15:00+0200,113.78,EUR/MWh,BE,BE,imbalance_price,Long,2026-06-20T12:20:56Z
2026-06-20T12:18:09Z,2026-06-20T14:18:09+0200,4bddbab4-20af-41f1-90cc-d649ae7f214d,2026-06-08T00:15:00Z,2026-06-08T02:15:00+0200,113.78,EUR/MWh,BE,BE,imbalance_price,Short,2026-06-20T12:20:56Z
2026-06-20T12:18:09Z,2026-06-20T14:18:09+0200,4bddbab4-20af-41f1-90cc-d649ae7f214d,2026-06-08T00:30:00Z,2026-06-08T02:30:00+0200,113.29,EUR/MWh,BE,BE,imbalance_price,Long,2026-06-20T12:20:56Z
2026-06-20T12:18:09Z,2026-06-20T14:18:09+0200,4bddbab4-20af-41f1-90cc-d649ae7f214d,2026-06-08T00:30:00Z,2026-06-08T02:30:00+0200,113.29,EUR/MWh,BE,BE,imbalance_price,Short,2026-06-20T12:20:56Z
2026-06-20T12:18:09Z,2026-06-20T14:18:09+0200,4bddbab4-20af-41f1-90cc-d649ae7f214d,2026-06-08T00:45:00Z,2026-06-08T02:45:00+0200,114.3,EUR/MWh,BE,BE,imbalance_price,Long,2026-06-20T12:20:56Z
2026-06-20T12:18:09Z,2026-06-20T14:18:09+0200,4bddbab4-20af-41f1-90cc-d649ae7f214d,2026-06-08T00:45:00Z,2026-06-08T02:45:00+0200,114.3,EUR/MWh,BE,BE,imbalance_price,Short,2026-06-20T12:20:56Z
2026-06-20T12:18:09Z,2026-06-20T14:18:09+0200,4bddbab4-20af-41f1-90cc-d649ae7f214d,2026-06-08T01:00:00Z,2026-06-08T03:00:00+0200,110.86,EUR/MWh,BE,BE,imbalance_price,Long,2026-06-20T12:20:56Z
2026-06-20T12:18:09Z,2026-06-20T14:18:09+0200,4bddbab4-20af-41f1-90cc-d649ae7f214d,2026-06-08T01:00:00Z,2026-06-08T03:00:00+0200,110.86,EUR/MWh,BE,BE,imbalance_price,Short,2026-06-20T12:20:56Z
2026-06-20T12:18:09Z,2026-06-20T14:18:09+0200,4bddbab4-20af-41f1-90cc-d649ae7f214d,2026-06-08T01:15:00Z,2026-06-08T03:15:00+0200,110.5,EUR/MWh,BE,BE,imbalance_price,Long,2026-06-20T12:20:56Z
2026-06-20T12:18:09Z,2026-06-20T14:18:09+0200,4bddbab4-20af-41f1-90cc-d649ae7f214d,2026-06-08T01:15:00Z,2026-06-08T03:15:00+0200,110.5,EUR/MWh,BE,BE,imbalance_price,Short,2026-06-20T12:20:56Z
2026-06-20T12:18:09Z,2026-06-20T14:18:09+0200,4bddbab4-20af-41f1-90cc-d649ae7f214d,2026-06-08T01:30:00Z,2026-06-08T03:30:00+0200,108.35,EUR/MWh,BE,BE,imbalance_price,Long,2026-06-20T12:20:56Z
2026-06-20T12:18:09Z,2026-06-20T14:18:09+0200,4bddbab4-20af-41f1-90cc-d649ae7f214d,2026-06-08T01:30:00Z,2026-06-08T03:30:00+0200,108.35,EUR/MWh,BE,BE,imbalance_price,Short,2026-06-20T12:20:56Z
2026-06-20T12:18:09Z,2026-06-20T14:18:09+0200,4bddbab4-20af-41f1-90cc-d649ae7f214d,2026-06-08T01:45:00Z,2026-06-08T03:45:00+0200,114.12,EUR/MWh,BE,BE,imbalance_price,Long,2026-06-20T12:20:56Z
2026-06-20T12:18:09Z,2026-06-20T14:18:09+0200,4bddbab4-20af-41f1-90cc-d649ae7f214d,2026-06-08T01:45:00Z,2026-06-08T03:45:00+0200,114.12,EUR/MWh,BE,BE,imbalance_price,Short,2026-06-20T12:20:56Z
2026-06-20T12:18:09Z,2026-06-20T14:18:09+0200,4bddbab4-20af-41f1-90cc-d649ae7f214d,2026-06-08T02:00:00Z,2026-06-08T04:00:00+0200,113.18,EUR/MWh,BE,BE,imbalance_price,Long,2026-06-20T12:20:56Z
2026-06-20T12:18:09Z,2026-06-20T14:18:09+0200,4bddbab4-20af-41f1-90cc-d649ae7f214d,2026-06-08T02:00:00Z,2026-06-08T04:00:00+0200,113.18,EUR/MWh,BE,BE,imbalance_price,Short,2026-06-20T12:20:56Z
2026-06-20T12:18:09Z,2026-06-20T14:18:09+0200,4bddbab4-20af-41f1-90cc-d649ae7f214d,2026-06-08T02:15:00Z,2026-06-08T04:15:00+0200,101.11,EUR/MWh,BE,BE,imbalance_price,Long,2026-06-20T12:20:56Z
2026-06-20T12:18:09Z,2026-06-20T14:18:09+0200,4bddbab4-20af-41f1-90cc-d649ae7f214d,2026-06-08T02:15:00Z,2026-06-08T04:15:00+0200,101.11,EUR/MWh,BE,BE,imbalance_price,Short,2026-06-20T12:20:56Z
2026-06-20T12:18:09Z,2026-06-20T14:18:09+0200,4bddbab4-20af-41f1-90cc-d649ae7f214d,2026-06-08T02:30:00Z,2026-06-08T04:30:00+0200,100.49,EUR/MWh,BE,BE,imbalance_price,Long,2026-06-20T12:20:56Z
2026-06-20T12:18:09Z,2026-06-20T14:18:09+0200,4bddbab4-20af-41f1-90cc-d649ae7f214d,2026-06-08T02:30:00Z,2026-06-08T04:30:00+0200,100.49,EUR/MWh,BE,BE,imbalance_price,Short,2026-06-20T12:20:56Z
2026-06-20T12:18:09Z,2026-06-20T14:18:09+0200,4bddbab4-20af-41f1-90cc-d649ae7f214d,2026-06-08T02:45:00Z,2026-06-08T04:45:00+0200,90.75,EUR/MWh,BE,BE,imbalance_price,Long,2026-06-20T12:20:56Z
2026-06-20T12:18:09Z,2026-06-20T14:18:09+0200,4bddbab4-20af-41f1-90cc-d649ae7f214d,2026-06-08T02:45:00Z,2026-06-08T04:45:00+0200,90.75,EUR/MWh,BE,BE,imbalance_price,Short,2026-06-20T12:20:56Z
2026-06-20T12:18:09Z,2026-06-20T14:18:09+0200,4bddbab4-20af-41f1-90cc-d649ae7f214d,2026-06-08T03:00:00Z,2026-06-08T05:00:00+0200,87.71,EUR/MWh,BE,BE,imbalance_price,Long,2026-06-20T12:20:56Z
2026-06-20T12:18:09Z,2026-06-20T14:18:09+0200,4bddbab4-20af-41f1-90cc-d649ae7f214d,2026-06-08T03:00:00Z,2026-06-08T05:00:00+0200,87.71,EUR/MWh,BE,BE,imbalance_price,Short,2026-06-20T12:20:56Z
2026-06-20T12:18:09Z,2026-06-20T14:18:09+0200,4bddbab4-20af-41f1-90cc-d649ae7f214d,2026-06-08T03:15:00Z,2026-06-08T05:15:00+0200,76.41,EUR/MWh,BE,BE,imbalance_price,Long,2026-06-20T12:20:56Z
2026-06-20T12:18:09Z,2026-06-20T14:18:09+0200,4bddbab4-20af-41f1-90cc-d649ae7f214d,2026-06-08T03:15:00Z,2026-06-08T05:15:00+0200,76.41,EUR/MWh,BE,BE,imbalance_price,Short,2026-06-20T12:20:56Z
2026-06-20T12:18:09Z,2026-06-20T14:18:09+0200,4bddbab4-20af-41f1-90cc-d649ae7f214d,2026-06-08T03:30:00Z,2026-06-08T05:30:00+0200,75.13,EUR/MWh,BE,BE,imbalance_price,Long,2026-06-20T12:20:56Z
2026-06-20T12:18:09Z,2026-06-20T14:18:09+0200,4bddbab4-20af-41f1-90cc-d649ae7f214d,2026-06-08T03:30:00Z,2026-06-08T05:30:00+0200,75.13,EUR/MWh,BE,BE,imbalance_price,Short,2026-06-20T12:20:56Z
2026-06-20T12:18:09Z,2026-06-20T14:18:09+0200,4bddbab4-20af-41f1-90cc-d649ae7f214d,2026-06-08T03:45:00Z,2026-06-08T05:45:00+0200,94.52,EUR/MWh,BE,BE,imbalance_price,Long,2026-06-20T12:20:56Z
2026-06-20T12:18:09Z,2026-06-20T14:18:09+0200,4bddbab4-20af-41f1-90cc-d649ae7f214d,2026-06-08T03:45:00Z,2026-06-08T05:45:00+0200,94.52,EUR/MWh,BE,BE,imbalance_price,Short,2026-06-20T12:20:56Z
2026-06-20T12:18:09Z,2026-06-20T14:18:09+0200,4bddbab4-20af-41f1-90cc-d649ae7f214d,2026-06-08T04:00:00Z,2026-06-08T06:00:00+0200,91.75,EUR/MWh,BE,BE,imbalance_price,Long,2026-06-20T12:20:56Z
2026-06-20T12:18:09Z,2026-06-20T14:18:09+0200,4bddbab4-20af-41f1-90cc-d649ae7f214d,2026-06-08T04:00:00Z,2026-06-08T06:00:00+0200,91.75,EUR/MWh,BE,BE,imbalance_price,Short,2026-06-20T12:20:56Z
2026-06-20T12:18:09Z,2026-06-20T14:18:09+0200,4bddbab4-20af-41f1-90cc-d649ae7f214d,2026-06-08T04:15:00Z,2026-06-08T06:15:00+0200,111.55,EUR/MWh,BE,BE,imbalance_price,Long,2026-06-20T12:20:56Z
2026-06-20T12:18:09Z,2026-06-20T14:18:09+0200,4bddbab4-20af-41f1-90cc-d649ae7f214d,2026-06-08T04:15:00Z,2026-06-08T06:15:00+0200,111.55,EUR/MWh,BE,BE,imbalance_price,Short,2026-06-20T12:20:56Z
2026-06-20T12:18:09Z,2026-06-20T14:18:09+0200,4bddbab4-20af-41f1-90cc-d649ae7f214d,2026-06-08T04:30:00Z,2026-06-08T06:30:00+0200,115.66,EUR/MWh,BE,BE,imbalance_price,Long,2026-06-20T12:20:56Z
2026-06-20T12:18:09Z,2026-06-20T14:18:09+0200,4bddbab4-20af-41f1-90cc-d649ae7f214d,2026-06-08T04:30:00Z,2026-06-08T06:30:00+0200,115.66,EUR/MWh,BE,BE,imbalance_price,Short,2026-06-20T12:20:56Z
2026-06-20T12:18:09Z,2026-06-20T14:18:09+0200,4bddbab4-20af-41f1-90cc-d649ae7f214d,2026-06-08T04:45:00Z,2026-06-08T06:45:00+0200,109.92,EUR/MWh,BE,BE,imbalance_price,Long,2026-06-20T12:20:56Z
2026-06-20T12:18:09Z,2026-06-20T14:18:09+0200,4bddbab4-20af-41f1-90cc-d649ae7f214d,2026-06-08T04:45:00Z,2026-06-08T06:45:00+0200,109.92,EUR/MWh,BE,BE,imbalance_price,Short,2026-06-20T12:20:56Z
2026-06-20T12:18:09Z,2026-06-20T14:18:09+0200,4bddbab4-20af-41f1-90cc-d649ae7f214d,2026-06-08T05:00:00Z,2026-06-08T07:00:00+0200,115.9,EUR/MWh,BE,BE,imbalance_price,Long,2026-06-20T12:20:56Z
2026-06-20T12:18:09Z,2026-06-20T14:18:09+0200,4bddbab4-20af-41f1-90cc-d649ae7f214d,2026-06-08T05:00:00Z,2026-06-08T07:00:00+0200,115.9,EUR/MWh,BE,BE,imbalance_price,Short,2026-06-20T12:20:56Z
2026-06-20T12:18:09Z,2026-06-20T14:18:09+0200,4bddbab4-20af-41f1-90cc-d649ae7f214d,2026-06-08T05:15:00Z,2026-06-08T07:15:00+0200,120.1,EUR/MWh,BE,BE,imbalance_price,Long,2026-06-20T12:20:56Z
2026-06-20T12:18:09Z,2026-06-20T14:18:09+0200,4bddbab4-20af-41f1-90cc-d649ae7f214d,2026-06-08T05:15:00Z,2026-06-08T07:15:00+0200,120.1,EUR/MWh,BE,BE,imbalance_price,Short,2026-06-20T12:20:56Z
2026-06-20T12:18:09Z,2026-06-20T14:18:09+0200,4bddbab4-20af-41f1-90cc-d649ae7f214d,2026-06-08T05:30:00Z,2026-06-08T07:30:00+0200,101.96,EUR/MWh,BE,BE,imbalance_price,Long,2026-06-20T12:20:56Z
2026-06-20T12:18:09Z,2026-06-20T14:18:09+0200,4bddbab4-20af-41f1-90cc-d649ae7f214d,2026-06-08T05:30:00Z,2026-06-08T07:30:00+0200,101.96,EUR/MWh,BE,BE,imbalance_price,Short,2026-06-20T12:20:56Z
2026-06-20T12:18:09Z,2026-06-20T14:18:09+0200,4bddbab4-20af-41f1-90cc-d649ae7f214d,2026-06-08T05:45:00Z,2026-06-08T07:45:00+0200,114.63,EUR/MWh,BE,BE,imbalance_price,Long,2026-06-20T12:20:56Z
2026-06-20T12:18:09Z,2026-06-20T14:18:09+0200,4bddbab4-20af-41f1-90cc-d649ae7f214d,2026-06-08T05:45:00Z,2026-06-08T07:45:00+0200,114.63,EUR/MWh,BE,BE,imbalance_price,Short,2026-06-20T12:20:56Z
2026-06-20T12:18:09Z,2026-06-20T14:18:09+0200,4bddbab4-20af-41f1-90cc-d649ae7f214d,2026-06-08T06:00:00Z,2026-06-08T08:00:00+0200,100.1,EUR/MWh,BE,BE,imbalance_price,Long,2026-06-20T12:20:56Z
2026-06-20T12:18:09Z,2026-06-20T14:18:09+0200,4bddbab4-20af-41f1-90cc-d649ae7f214d,2026-06-08T06:00:00Z,2026-06-08T08:00:00+0200,100.1,EUR/MWh,BE,BE,imbalance_price,Short,2026-06-20T12:20:56Z
2026-06-20T12:18:09Z,2026-06-20T14:18:09+0200,4bddbab4-20af-41f1-90cc-d649ae7f214d,2026-06-08T06:15:00Z,2026-06-08T08:15:00+0200,100.0,EUR/MWh,BE,BE,imbalance_price,Long,2026-06-20T12:20:56Z
2026-06-20T12:18:09Z,2026-06-20T14:18:09+0200,4bddbab4-20af-41f1-90cc-d649ae7f214d,2026-06-08T06:15:00Z,2026-06-08T08:15:00+0200,100.0,EUR/MWh,BE,BE,imbalance_price,Short,2026-06-20T12:20:56Z
2026-06-20T12:18:09Z,2026-06-20T14:18:09+0200,4bddbab4-20af-41f1-90cc-d649ae7f214d,2026-06-08T06:30:00Z,2026-06-08T08:30:00+0200,130.55,EUR/MWh,BE,BE,imbalance_price,Long,2026-06-20T12:20:56Z
2026-06-20T12:18:09Z,2026-06-20T14:18:09+0200,4bddbab4-20af-41f1-90cc-d649ae7f214d,2026-06-08T06:30:00Z,2026-06-08T08:30:00+0200,130.55,EUR/MWh,BE,BE,imbalance_price,Short,2026-06-20T12:20:56Z
2026-06-20T12:18:09Z,2026-06-20T14:18:09+0200,4bddbab4-20af-41f1-90cc-d649ae7f214d,2026-06-08T06:45:00Z,2026-06-08T08:45:00+0200,132.43,EUR/MWh,BE,BE,imbalance_price,Long,2026-06-20T12:20:56Z
2026-06-20T12:18:09Z,2026-06-20T14:18:09+0200,4bddbab4-20af-41f1-90cc-d649ae7f214d,2026-06-08T06:45:00Z,2026-06-08T08:45:00+0200,132.43,EUR/MWh,BE,BE,imbalance_price,Short,2026-06-20T12:20:56Z
2026-06-20T12:18:09Z,2026-06-20T14:18:09+0200,4bddbab4-20af-41f1-90cc-d649ae7f214d,2026-06-08T07:00:00Z,2026-06-08T09:00:00+0200,119.49,EUR/MWh,BE,BE,imbalance_price,Long,2026-06-20T12:20:56Z
2026-06-20T12:18:09Z,2026-06-20T14:18:09+0200,4bddbab4-20af-41f1-90cc-d649ae7f214d,2026-06-08T07:00:00Z,2026-06-08T09:00:00+0200,119.49,EUR/MWh,BE,BE,imbalance_price,Short,2026-06-20T12:20:56Z
2026-06-20T12:18:09Z,2026-06-20T14:18:09+0200,4bddbab4-20af-41f1-90cc-d649ae7f214d,2026-06-08T07:15:00Z,2026-06-08T09:15:00+0200,153.14,EUR/MWh,BE,BE,imbalance_price,Long,2026-06-20T12:20:56Z
2026-06-20T12:18:09Z,2026-06-20T14:18:09+0200,4bddbab4-20af-41f1-90cc-d649ae7f214d,2026-06-08T07:15:00Z,2026-06-08T09:15:00+0200,153.14,EUR/MWh,BE,BE,imbalance_price,Short,2026-06-20T12:20:56Z
2026-06-20T12:18:09Z,2026-06-20T14:18:09+0200,4bddbab4-20af-41f1-90cc-d649ae7f214d,2026-06-08T07:30:00Z,2026-06-08T09:30:00+0200,120.37,EUR/MWh,BE,BE,imbalance_price,Long,2026-06-20T12:20:56Z
2026-06-20T12:18:09Z,2026-06-20T14:18:09+0200,4bddbab4-20af-41f1-90cc-d649ae7f214d,2026-06-08T07:30:00Z,2026-06-08T09:30:00+0200,120.37,EUR/MWh,BE,BE,imbalance_price,Short,2026-06-20T12:20:56Z
2026-06-20T12:18:09Z,2026-06-20T14:18:09+0200,4bddbab4-20af-41f1-90cc-d649ae7f214d,2026-06-08T07:45:00Z,2026-06-08T09:45:00+0200,102.04,EUR/MWh,BE,BE,imbalance_price,Long,2026-06-20T12:20:56Z
2026-06-20T12:18:09Z,2026-06-20T14:18:09+0200,4bddbab4-20af-41f1-90cc-d649ae7f214d,2026-06-08T07:45:00Z,2026-06-08T09:45:00+0200,102.04,EUR/MWh,BE,BE,imbalance_price,Short,2026-06-20T12:20:56Z
2026-06-20T12:18:09Z,2026-06-20T14:18:09+0200,4bddbab4-20af-41f1-90cc-d649ae7f214d,2026-06-08T08:00:00Z,2026-06-08T10:00:00+0200,84.0,EUR/MWh,BE,BE,imbalance_price,Long,2026-06-20T12:20:56Z
2026-06-20T12:18:09Z,2026-06-20T14:18:09+0200,4bddbab4-20af-41f1-90cc-d649ae7f214d,2026-06-08T08:00:00Z,2026-06-08T10:00:00+0200,84.0,EUR/MWh,BE,BE,imbalance_price,Short,2026-06-20T12:20:56Z
2026-06-20T12:18:09Z,2026-06-20T14:18:09+0200,4bddbab4-20af-41f1-90cc-d649ae7f214d,2026-06-08T08:15:00Z,2026-06-08T10:15:00+0200,100.0,EUR/MWh,BE,BE,imbalance_price,Long,2026-06-20T12:20:56Z
2026-06-20T12:18:09Z,2026-06-20T14:18:09+0200,4bddbab4-20af-41f1-90cc-d649ae7f214d,2026-06-08T08:15:00Z,2026-06-08T10:15:00+0200,100.0,EUR/MWh,BE,BE,imbalance_price,Short,2026-06-20T12:20:56Z
2026-06-20T12:18:09Z,2026-06-20T14:18:09+0200,4bddbab4-20af-41f1-90cc-d649ae7f214d,2026-06-08T08:30:00Z,2026-06-08T10:30:00+0200,93.7,EUR/MWh,BE,BE,imbalance_price,Long,2026-06-20T12:20:56Z
2026-06-20T12:18:09Z,2026-06-20T14:18:09+0200,4bddbab4-20af-41f1-90cc-d649ae7f214d,2026-06-08T08:30:00Z,2026-06-08T10:30:00+0200,93.7,EUR/MWh,BE,BE,imbalance_price,Short,2026-06-20T12:20:56Z
2026-06-20T12:18:09Z,2026-06-20T14:18:09+0200,4bddbab4-20af-41f1-90cc-d649ae7f214d,2026-06-08T08:45:00Z,2026-06-08T10:45:00+0200,139.57,EUR/MWh,BE,BE,imbalance_price,Long,2026-06-20T12:20:56Z
2026-06-20T12:18:09Z,2026-06-20T14:18:09+0200,4bddbab4-20af-41f1-90cc-d649ae7f214d,2026-06-08T08:45:00Z,2026-06-08T10:45:00+0200,139.57,EUR/MWh,BE,BE,imbalance_price,Short,2026-06-20T12:20:56Z
2026-06-20T12:18:09Z,2026-06-20T14:18:09+0200,4bddbab4-20af-41f1-90cc-d649ae7f214d,2026-06-08T09:00:00Z,2026-06-08T11:00:00+0200,134.4,EUR/MWh,BE,BE,imbalance_price,Long,2026-06-20T12:20:56Z
2026-06-20T12:18:09Z,2026-06-20T14:18:09+0200,4bddbab4-20af-41f1-90cc-d649ae7f214d,2026-06-08T09:00:00Z,2026-06-08T11:00:00+0200,134.4,EUR/MWh,BE,BE,imbalance_price,Short,2026-06-20T12:20:56Z
2026-06-20T12:18:09Z,2026-06-20T14:18:09+0200,4bddbab4-20af-41f1-90cc-d649ae7f214d,2026-06-08T09:15:00Z,2026-06-08T11:15:00+0200,124.44,EUR/MWh,BE,BE,imbalance_price,Long,2026-06-20T12:20:56Z
2026-06-20T12:18:09Z,2026-06-20T14:18:09+0200,4bddbab4-20af-41f1-90cc-d649ae7f214d,2026-06-08T09:15:00Z,2026-06-08T11:15:00+0200,124.44,EUR/MWh,BE,BE,imbalance_price,Short,2026-06-20T12:20:56Z
2026-06-20T12:18:09Z,2026-06-20T14:18:09+0200,4bddbab4-20af-41f1-90cc-d649ae7f214d,2026-06-08T09:30:00Z,2026-06-08T11:30:00+0200,135.65,EUR/MWh,BE,BE,imbalance_price,Long,2026-06-20T12:20:56Z
2026-06-20T12:18:09Z,2026-06-20T14:18:09+0200,4bddbab4-20af-41f1-90cc-d649ae7f214d,2026-06-08T09:30:00Z,2026-06-08T11:30:00+0200,135.65,EUR/MWh,BE,BE,imbalance_price,Short,2026-06-20T12:20:56Z
2026-06-20T12:18:09Z,2026-06-20T14:18:09+0200,4bddbab4-20af-41f1-90cc-d649ae7f214d,2026-06-08T09:45:00Z,2026-06-08T11:45:00+0200,101.11,EUR/MWh,BE,BE,imbalance_price,Long,2026-06-20T12:20:56Z
2026-06-20T12:18:09Z,2026-06-20T14:18:09+0200,4bddbab4-20af-41f1-90cc-d649ae7f214d,2026-06-08T09:45:00Z,2026-06-08T11:45:00+0200,101.11,EUR/MWh,BE,BE,imbalance_price,Short,2026-06-20T12:20:56Z
2026-06-20T12:18:09Z,2026-06-20T14:18:09+0200,4bddbab4-20af-41f1-90cc-d649ae7f214d,2026-06-08T10:00:00Z,2026-06-08T12:00:00+0200,126.79,EUR/MWh,BE,BE,imbalance_price,Long,2026-06-20T12:20:56Z
2026-06-20T12:18:09Z,2026-06-20T14:18:09+0200,4bddbab4-20af-41f1-90cc-d649ae7f214d,2026-06-08T10:00:00Z,2026-06-08T12:00:00+0200,126.79,EUR/MWh,BE,BE,imbalance_price,Short,2026-06-20T12:20:56Z
2026-06-20T12:18:09Z,2026-06-20T14:18:09+0200,4bddbab4-20af-41f1-90cc-d649ae7f214d,2026-06-08T10:15:00Z,2026-06-08T12:15:00+0200,102.52,EUR/MWh,BE,BE,imbalance_price,Long,2026-06-20T12:20:56Z
2026-06-20T12:18:09Z,2026-06-20T14:18:09+0200,4bddbab4-20af-41f1-90cc-d649ae7f214d,2026-06-08T10:15:00Z,2026-06-08T12:15:00+0200,102.52,EUR/MWh,BE,BE,imbalance_price,Short,2026-06-20T12:20:56Z
2026-06-20T12:18:09Z,2026-06-20T14:18:09+0200,4bddbab4-20af-41f1-90cc-d649ae7f214d,2026-06-08T10:30:00Z,2026-06-08T12:30:00+0200,103.68,EUR/MWh,BE,BE,imbalance_price,Long,2026-06-20T12:20:56Z
2026-06-20T12:18:09Z,2026-06-20T14:18:09+0200,4bddbab4-20af-41f1-90cc-d649ae7f214d,2026-06-08T10:30:00Z,2026-06-08T12:30:00+0200,103.68,EUR/MWh,BE,BE,imbalance_price,Short,2026-06-20T12:20:56Z
2026-06-20T12:18:09Z,2026-06-20T14:18:09+0200,4bddbab4-20af-41f1-90cc-d649ae7f214d,2026-06-08T10:45:00Z,2026-06-08T12:45:00+0200,111.73,EUR/MWh,BE,BE,imbalance_price,Long,2026-06-20T12:20:56Z
2026-06-20T12:18:09Z,2026-06-20T14:18:09+0200,4bddbab4-20af-41f1-90cc-d649ae7f214d,2026-06-08T10:45:00Z,2026-06-08T12:45:00+0200,111.73,EUR/MWh,BE,BE,imbalance_price,Short,2026-06-20T12:20:56Z
2026-06-20T12:18:09Z,2026-06-20T14:18:09+0200,4bddbab4-20af-41f1-90cc-d649ae7f214d,2026-06-08T11:00:00Z,2026-06-08T13:00:00+0200,56.09,EUR/MWh,BE,BE,imbalance_price,Long,2026-06-20T12:20:56Z
2026-06-20T12:18:09Z,2026-06-20T14:18:09+0200,4bddbab4-20af-41f1-90cc-d649ae7f214d,2026-06-08T11:00:00Z,2026-06-08T13:00:00+0200,56.09,EUR/MWh,BE,BE,imbalance_price,Short,2026-06-20T12:20:56Z
2026-06-20T12:18:09Z,2026-06-20T14:18:09+0200,4bddbab4-20af-41f1-90cc-d649ae7f214d,2026-06-08T11:15:00Z,2026-06-08T13:15:00+0200,79.17,EUR/MWh,BE,BE,imbalance_price,Long,2026-06-20T12:20:56Z
2026-06-20T12:18:09Z,2026-06-20T14:18:09+0200,4bddbab4-20af-41f1-90cc-d649ae7f214d,2026-06-08T11:15:00Z,2026-06-08T13:15:00+0200,79.17,EUR/MWh,BE,BE,imbalance_price,Short,2026-06-20T12:20:56Z
2026-06-20T12:18:09Z,2026-06-20T14:18:09+0200,4bddbab4-20af-41f1-90cc-d649ae7f214d,2026-06-08T11:30:00Z,2026-06-08T13:30:00+0200,63.39,EUR/MWh,BE,BE,imbalance_price,Long,2026-06-20T12:20:56Z
2026-06-20T12:18:09Z,2026-06-20T14:18:09+0200,4bddbab4-20af-41f1-90cc-d649ae7f214d,2026-06-08T11:30:00Z,2026-06-08T13:30:00+0200,63.39,EUR/MWh,BE,BE,imbalance_price,Short,2026-06-20T12:20:56Z
2026-06-20T12:18:09Z,2026-06-20T14:18:09+0200,4bddbab4-20af-41f1-90cc-d649ae7f214d,2026-06-08T11:45:00Z,2026-06-08T13:45:00+0200,62.8,EUR/MWh,BE,BE,imbalance_price,Long,2026-06-20T12:20:56Z
2026-06-20T12:18:09Z,2026-06-20T14:18:09+0200,4bddbab4-20af-41f1-90cc-d649ae7f214d,2026-06-08T11:45:00Z,2026-06-08T13:45:00+0200,62.8,EUR/MWh,BE,BE,imbalance_price,Short,2026-06-20T12:20:56Z
2026-06-20T12:18:09Z,2026-06-20T14:18:09+0200,4bddbab4-20af-41f1-90cc-d649ae7f214d,2026-06-08T12:00:00Z,2026-06-08T14:00:00+0200,95.35,EUR/MWh,BE,BE,imbalance_price,Long,2026-06-20T12:20:56Z
2026-06-20T12:18:09Z,2026-06-20T14:18:09+0200,4bddbab4-20af-41f1-90cc-d649ae7f214d,2026-06-08T12:00:00Z,2026-06-08T14:00:00+0200,95.35,EUR/MWh,BE,BE,imbalance_price,Short,2026-06-20T12:20:56Z
2026-06-20T12:18:09Z,2026-06-20T14:18:09+0200,4bddbab4-20af-41f1-90cc-d649ae7f214d,2026-06-08T12:15:00Z,2026-06-08T14:15:00+0200,61.02,EUR/MWh,BE,BE,imbalance_price,Long,2026-06-20T12:20:56Z
2026-06-20T12:18:09Z,2026-06-20T14:18:09+0200,4bddbab4-20af-41f1-90cc-d649ae7f214d,2026-06-08T12:15:00Z,2026-06-08T14:15:00+0200,61.02,EUR/MWh,BE,BE,imbalance_price,Short,2026-06-20T12:20:56Z
2026-06-20T12:18:09Z,2026-06-20T14:18:09+0200,4bddbab4-20af-41f1-90cc-d649ae7f214d,2026-06-08T12:30:00Z,2026-06-08T14:30:00+0200,50.26,EUR/MWh,BE,BE,imbalance_price,Long,2026-06-20T12:20:56Z
2026-06-20T12:18:09Z,2026-06-20T14:18:09+0200,4bddbab4-20af-41f1-90cc-d649ae7f214d,2026-06-08T12:30:00Z,2026-06-08T14:30:00+0200,50.26,EUR/MWh,BE,BE,imbalance_price,Short,2026-06-20T12:20:56Z
2026-06-20T12:18:09Z,2026-06-20T14:18:09+0200,4bddbab4-20af-41f1-90cc-d649ae7f214d,2026-06-08T12:45:00Z,2026-06-08T14:45:00+0200,82.13,EUR/MWh,BE,BE,imbalance_price,Long,2026-06-20T12:20:56Z
2026-06-20T12:18:09Z,2026-06-20T14:18:09+0200,4bddbab4-20af-41f1-90cc-d649ae7f214d,2026-06-08T12:45:00Z,2026-06-08T14:45:00+0200,82.13,EUR/MWh,BE,BE,imbalance_price,Short,2026-06-20T12:20:56Z
2026-06-20T12:18:09Z,2026-06-20T14:18:09+0200,4bddbab4-20af-41f1-90cc-d649ae7f214d,2026-06-08T13:00:00Z,2026-06-08T15:00:00+0200,84.97,EUR/MWh,BE,BE,imbalance_price,Long,2026-06-20T12:20:56Z
2026-06-20T12:18:09Z,2026-06-20T14:18:09+0200,4bddbab4-20af-41f1-90cc-d649ae7f214d,2026-06-08T13:00:00Z,2026-06-08T15:00:00+0200,84.97,EUR/MWh,BE,BE,imbalance_price,Short,2026-06-20T12:20:56Z
2026-06-20T12:18:09Z,2026-06-20T14:18:09+0200,4bddbab4-20af-41f1-90cc-d649ae7f214d,2026-06-08T13:15:00Z,2026-06-08T15:15:00+0200,80.04,EUR/MWh,BE,BE,imbalance_price,Long,2026-06-20T12:20:56Z
2026-06-20T12:18:09Z,2026-06-20T14:18:09+0200,4bddbab4-20af-41f1-90cc-d649ae7f214d,2026-06-08T13:15:00Z,2026-06-08T15:15:00+0200,80.04,EUR/MWh,BE,BE,imbalance_price,Short,2026-06-20T12:20:56Z
2026-06-20T12:18:09Z,2026-06-20T14:18:09+0200,4bddbab4-20af-41f1-90cc-d649ae7f214d,2026-06-08T13:30:00Z,2026-06-08T15:30:00+0200,70.12,EUR/MWh,BE,BE,imbalance_price,Long,2026-06-20T12:20:56Z
2026-06-20T12:18:09Z,2026-06-20T14:18:09+0200,4bddbab4-20af-41f1-90cc-d649ae7f214d,2026-06-08T13:30:00Z,2026-06-08T15:30:00+0200,70.12,EUR/MWh,BE,BE,imbalance_price,Short,2026-06-20T12:20:56Z
2026-06-20T12:18:09Z,2026-06-20T14:18:09+0200,4bddbab4-20af-41f1-90cc-d649ae7f214d,2026-06-08T13:45:00Z,2026-06-08T15:45:00+0200,79.58,EUR/MWh,BE,BE,imbalance_price,Long,2026-06-20T12:20:56Z
2026-06-20T12:18:09Z,2026-06-20T14:18:09+0200,4bddbab4-20af-41f1-90cc-d649ae7f214d,2026-06-08T13:45:00Z,2026-06-08T15:45:00+0200,79.58,EUR/MWh,BE,BE,imbalance_price,Short,2026-06-20T12:20:56Z
2026-06-20T12:18:09Z,2026-06-20T14:18:09+0200,4bddbab4-20af-41f1-90cc-d649ae7f214d,2026-06-08T14:00:00Z,2026-06-08T16:00:00+0200,49.86,EUR/MWh,BE,BE,imbalance_price,Long,2026-06-20T12:20:56Z
2026-06-20T12:18:09Z,2026-06-20T14:18:09+0200,4bddbab4-20af-41f1-90cc-d649ae7f214d,2026-06-08T14:00:00Z,2026-06-08T16:00:00+0200,49.86,EUR/MWh,BE,BE,imbalance_price,Short,2026-06-20T12:20:56Z
2026-06-20T12:18:09Z,2026-06-20T14:18:09+0200,4bddbab4-20af-41f1-90cc-d649ae7f214d,2026-06-08T14:15:00Z,2026-06-08T16:15:00+0200,20.54,EUR/MWh,BE,BE,imbalance_price,Long,2026-06-20T12:20:56Z
2026-06-20T12:18:09Z,2026-06-20T14:18:09+0200,4bddbab4-20af-41f1-90cc-d649ae7f214d,2026-06-08T14:15:00Z,2026-06-08T16:15:00+0200,20.54,EUR/MWh,BE,BE,imbalance_price,Short,2026-06-20T12:20:56Z
2026-06-20T12:18:09Z,2026-06-20T14:18:09+0200,4bddbab4-20af-41f1-90cc-d649ae7f214d,2026-06-08T14:30:00Z,2026-06-08T16:30:00+0200,122.9,EUR/MWh,BE,BE,imbalance_price,Long,2026-06-20T12:20:56Z
2026-06-20T12:18:09Z,2026-06-20T14:18:09+0200,4bddbab4-20af-41f1-90cc-d649ae7f214d,2026-06-08T14:30:00Z,2026-06-08T16:30:00+0200,122.9,EUR/MWh,BE,BE,imbalance_price,Short,2026-06-20T12:20:56Z
2026-06-20T12:18:09Z,2026-06-20T14:18:09+0200,4bddbab4-20af-41f1-90cc-d649ae7f214d,2026-06-08T14:45:00Z,2026-06-08T16:45:00+0200,123.51,EUR/MWh,BE,BE,imbalance_price,Long,2026-06-20T12:20:56Z
2026-06-20T12:18:09Z,2026-06-20T14:18:09+0200,4bddbab4-20af-41f1-90cc-d649ae7f214d,2026-06-08T14:45:00Z,2026-06-08T16:45:00+0200,123.51,EUR/MWh,BE,BE,imbalance_price,Short,2026-06-20T12:20:56Z
2026-06-20T12:18:09Z,2026-06-20T14:18:09+0200,4bddbab4-20af-41f1-90cc-d649ae7f214d,2026-06-08T15:00:00Z,2026-06-08T17:00:00+0200,161.44,EUR/MWh,BE,BE,imbalance_price,Long,2026-06-20T12:20:56Z
2026-06-20T12:18:09Z,2026-06-20T14:18:09+0200,4bddbab4-20af-41f1-90cc-d649ae7f214d,2026-06-08T15:00:00Z,2026-06-08T17:00:00+0200,161.44,EUR/MWh,BE,BE,imbalance_price,Short,2026-06-20T12:20:56Z
2026-06-20T12:18:09Z,2026-06-20T14:18:09+0200,4bddbab4-20af-41f1-90cc-d649ae7f214d,2026-06-08T15:15:00Z,2026-06-08T17:15:00+0200,238.98,EUR/MWh,BE,BE,imbalance_price,Long,2026-06-20T12:20:56Z
2026-06-20T12:18:09Z,2026-06-20T14:18:09+0200,4bddbab4-20af-41f1-90cc-d649ae7f214d,2026-06-08T15:15:00Z,2026-06-08T17:15:00+0200,238.98,EUR/MWh,BE,BE,imbalance_price,Short,2026-06-20T12:20:56Z
2026-06-20T12:18:09Z,2026-06-20T14:18:09+0200,4bddbab4-20af-41f1-90cc-d649ae7f214d,2026-06-08T15:30:00Z,2026-06-08T17:30:00+0200,244.72,EUR/MWh,BE,BE,imbalance_price,Long,2026-06-20T12:20:56Z
2026-06-20T12:18:09Z,2026-06-20T14:18:09+0200,4bddbab4-20af-41f1-90cc-d649ae7f214d,2026-06-08T15:30:00Z,2026-06-08T17:30:00+0200,244.72,EUR/MWh,BE,BE,imbalance_price,Short,2026-06-20T12:20:56Z
2026-06-20T12:18:09Z,2026-06-20T14:18:09+0200,4bddbab4-20af-41f1-90cc-d649ae7f214d,2026-06-08T15:45:00Z,2026-06-08T17:45:00+0200,179.6,EUR/MWh,BE,BE,imbalance_price,Long,2026-06-20T12:20:56Z
2026-06-20T12:18:09Z,2026-06-20T14:18:09+0200,4bddbab4-20af-41f1-90cc-d649ae7f214d,2026-06-08T15:45:00Z,2026-06-08T17:45:00+0200,179.6,EUR/MWh,BE,BE,imbalance_price,Short,2026-06-20T12:20:56Z
2026-06-20T12:18:09Z,2026-06-20T14:18:09+0200,4bddbab4-20af-41f1-90cc-d649ae7f214d,2026-06-08T16:00:00Z,2026-06-08T18:00:00+0200,122.9,EUR/MWh,BE,BE,imbalance_price,Long,2026-06-20T12:20:56Z
2026-06-20T12:18:09Z,2026-06-20T14:18:09+0200,4bddbab4-20af-41f1-90cc-d649ae7f214d,2026-06-08T16:00:00Z,2026-06-08T18:00:00+0200,122.9,EUR/MWh,BE,BE,imbalance_price,Short,2026-06-20T12:20:56Z
2026-06-20T12:18:09Z,2026-06-20T14:18:09+0200,4bddbab4-20af-41f1-90cc-d649ae7f214d,2026-06-08T16:15:00Z,2026-06-08T18:15:00+0200,151.28,EUR/MWh,BE,BE,imbalance_price,Long,2026-06-20T12:20:56Z
2026-06-20T12:18:09Z,2026-06-20T14:18:09+0200,4bddbab4-20af-41f1-90cc-d649ae7f214d,2026-06-08T16:15:00Z,2026-06-08T18:15:00+0200,151.28,EUR/MWh,BE,BE,imbalance_price,Short,2026-06-20T12:20:56Z
2026-06-20T12:18:09Z,2026-06-20T14:18:09+0200,4bddbab4-20af-41f1-90cc-d649ae7f214d,2026-06-08T16:30:00Z,2026-06-08T18:30:00+0200,100.06,EUR/MWh,BE,BE,imbalance_price,Long,2026-06-20T12:20:56Z
2026-06-20T12:18:09Z,2026-06-20T14:18:09+0200,4bddbab4-20af-41f1-90cc-d649ae7f214d,2026-06-08T16:30:00Z,2026-06-08T18:30:00+0200,100.06,EUR/MWh,BE,BE,imbalance_price,Short,2026-06-20T12:20:56Z
2026-06-20T12:18:09Z,2026-06-20T14:18:09+0200,4bddbab4-20af-41f1-90cc-d649ae7f214d,2026-06-08T16:45:00Z,2026-06-08T18:45:00+0200,137.1,EUR/MWh,BE,BE,imbalance_price,Long,2026-06-20T12:20:56Z
2026-06-20T12:18:09Z,2026-06-20T14:18:09+0200,4bddbab4-20af-41f1-90cc-d649ae7f214d,2026-06-08T16:45:00Z,2026-06-08T18:45:00+0200,137.1,EUR/MWh,BE,BE,imbalance_price,Short,2026-06-20T12:20:56Z
2026-06-20T12:18:09Z,2026-06-20T14:18:09+0200,4bddbab4-20af-41f1-90cc-d649ae7f214d,2026-06-08T17:00:00Z,2026-06-08T19:00:00+0200,134.14,EUR/MWh,BE,BE,imbalance_price,Long,2026-06-20T12:20:56Z
2026-06-20T12:18:09Z,2026-06-20T14:18:09+0200,4bddbab4-20af-41f1-90cc-d649ae7f214d,2026-06-08T17:00:00Z,2026-06-08T19:00:00+0200,134.14,EUR/MWh,BE,BE,imbalance_price,Short,2026-06-20T12:20:56Z
2026-06-20T12:18:09Z,2026-06-20T14:18:09+0200,4bddbab4-20af-41f1-90cc-d649ae7f214d,2026-06-08T17:15:00Z,2026-06-08T19:15:00+0200,20.71,EUR/MWh,BE,BE,imbalance_price,Long,2026-06-20T12:20:56Z
2026-06-20T12:18:09Z,2026-06-20T14:18:09+0200,4bddbab4-20af-41f1-90cc-d649ae7f214d,2026-06-08T17:15:00Z,2026-06-08T19:15:00+0200,20.71,EUR/MWh,BE,BE,imbalance_price,Short,2026-06-20T12:20:56Z
2026-06-20T12:18:09Z,2026-06-20T14:18:09+0200,4bddbab4-20af-41f1-90cc-d649ae7f214d,2026-06-08T17:30:00Z,2026-06-08T19:30:00+0200,135.47,EUR/MWh,BE,BE,imbalance_price,Long,2026-06-20T12:20:56Z
2026-06-20T12:18:09Z,2026-06-20T14:18:09+0200,4bddbab4-20af-41f1-90cc-d649ae7f214d,2026-06-08T17:30:00Z,2026-06-08T19:30:00+0200,135.47,EUR/MWh,BE,BE,imbalance_price,Short,2026-06-20T12:20:56Z
2026-06-20T12:18:09Z,2026-06-20T14:18:09+0200,4bddbab4-20af-41f1-90cc-d649ae7f214d,2026-06-08T17:45:00Z,2026-06-08T19:45:00+0200,140.88,EUR/MWh,BE,BE,imbalance_price,Long,2026-06-20T12:20:56Z
2026-06-20T12:18:09Z,2026-06-20T14:18:09+0200,4bddbab4-20af-41f1-90cc-d649ae7f214d,2026-06-08T17:45:00Z,2026-06-08T19:45:00+0200,140.88,EUR/MWh,BE,BE,imbalance_price,Short,2026-06-20T12:20:56Z
2026-06-20T12:18:09Z,2026-06-20T14:18:09+0200,4bddbab4-20af-41f1-90cc-d649ae7f214d,2026-06-08T18:00:00Z,2026-06-08T20:00:00+0200,135.11,EUR/MWh,BE,BE,imbalance_price,Long,2026-06-20T12:20:56Z
2026-06-20T12:18:09Z,2026-06-20T14:18:09+0200,4bddbab4-20af-41f1-90cc-d649ae7f214d,2026-06-08T18:00:00Z,2026-06-08T20:00:00+0200,135.11,EUR/MWh,BE,BE,imbalance_price,Short,2026-06-20T12:20:56Z
2026-06-20T12:18:09Z,2026-06-20T14:18:09+0200,4bddbab4-20af-41f1-90cc-d649ae7f214d,2026-06-08T18:15:00Z,2026-06-08T20:15:00+0200,140.54,EUR/MWh,BE,BE,imbalance_price,Long,2026-06-20T12:20:56Z
2026-06-20T12:18:09Z,2026-06-20T14:18:09+0200,4bddbab4-20af-41f1-90cc-d649ae7f214d,2026-06-08T18:15:00Z,2026-06-08T20:15:00+0200,140.54,EUR/MWh,BE,BE,imbalance_price,Short,2026-06-20T12:20:56Z
2026-06-20T12:18:09Z,2026-06-20T14:18:09+0200,4bddbab4-20af-41f1-90cc-d649ae7f214d,2026-06-08T18:30:00Z,2026-06-08T20:30:00+0200,125.53,EUR/MWh,BE,BE,imbalance_price,Long,2026-06-20T12:20:56Z
2026-06-20T12:18:09Z,2026-06-20T14:18:09+0200,4bddbab4-20af-41f1-90cc-d649ae7f214d,2026-06-08T18:30:00Z,2026-06-08T20:30:00+0200,125.53,EUR/MWh,BE,BE,imbalance_price,Short,2026-06-20T12:20:56Z
2026-06-20T12:18:09Z,2026-06-20T14:18:09+0200,4bddbab4-20af-41f1-90cc-d649ae7f214d,2026-06-08T18:45:00Z,2026-06-08T20:45:00+0200,78.83,EUR/MWh,BE,BE,imbalance_price,Long,2026-06-20T12:20:56Z
2026-06-20T12:18:09Z,2026-06-20T14:18:09+0200,4bddbab4-20af-41f1-90cc-d649ae7f214d,2026-06-08T18:45:00Z,2026-06-08T20:45:00+0200,78.83,EUR/MWh,BE,BE,imbalance_price,Short,2026-06-20T12:20:56Z
2026-06-20T12:18:09Z,2026-06-20T14:18:09+0200,4bddbab4-20af-41f1-90cc-d649ae7f214d,2026-06-08T19:00:00Z,2026-06-08T21:00:00+0200,140.59,EUR/MWh,BE,BE,imbalance_price,Long,2026-06-20T12:20:56Z
2026-06-20T12:18:09Z,2026-06-20T14:18:09+0200,4bddbab4-20af-41f1-90cc-d649ae7f214d,2026-06-08T19:00:00Z,2026-06-08T21:00:00+0200,140.59,EUR/MWh,BE,BE,imbalance_price,Short,2026-06-20T12:20:56Z
2026-06-20T12:18:09Z,2026-06-20T14:18:09+0200,4bddbab4-20af-41f1-90cc-d649ae7f214d,2026-06-08T19:15:00Z,2026-06-08T21:15:00+0200,140.54,EUR/MWh,BE,BE,imbalance_price,Long,2026-06-20T12:20:56Z
2026-06-20T12:18:09Z,2026-06-20T14:18:09+0200,4bddbab4-20af-41f1-90cc-d649ae7f214d,2026-06-08T19:15:00Z,2026-06-08T21:15:00+0200,140.54,EUR/MWh,BE,BE,imbalance_price,Short,2026-06-20T12:20:56Z
2026-06-20T12:18:09Z,2026-06-20T14:18:09+0200,4bddbab4-20af-41f1-90cc-d649ae7f214d,2026-06-08T19:30:00Z,2026-06-08T21:30:00+0200,146.98,EUR/MWh,BE,BE,imbalance_price,Long,2026-06-20T12:20:56Z
2026-06-20T12:18:09Z,2026-06-20T14:18:09+0200,4bddbab4-20af-41f1-90cc-d649ae7f214d,2026-06-08T19:30:00Z,2026-06-08T21:30:00+0200,146.98,EUR/MWh,BE,BE,imbalance_price,Short,2026-06-20T12:20:56Z
2026-06-20T12:18:09Z,2026-06-20T14:18:09+0200,4bddbab4-20af-41f1-90cc-d649ae7f214d,2026-06-08T19:45:00Z,2026-06-08T21:45:00+0200,179.03,EUR/MWh,BE,BE,imbalance_price,Long,2026-06-20T12:20:56Z
2026-06-20T12:18:09Z,2026-06-20T14:18:09+0200,4bddbab4-20af-41f1-90cc-d649ae7f214d,2026-06-08T19:45:00Z,2026-06-08T21:45:00+0200,179.03,EUR/MWh,BE,BE,imbalance_price,Short,2026-06-20T12:20:56Z
2026-06-20T12:18:09Z,2026-06-20T14:18:09+0200,4bddbab4-20af-41f1-90cc-d649ae7f214d,2026-06-08T20:00:00Z,2026-06-08T22:00:00+0200,343.82,EUR/MWh,BE,BE,imbalance_price,Long,2026-06-20T12:20:56Z
2026-06-20T12:18:09Z,2026-06-20T14:18:09+0200,4bddbab4-20af-41f1-90cc-d649ae7f214d,2026-06-08T20:00:00Z,2026-06-08T22:00:00+0200,343.82,EUR/MWh,BE,BE,imbalance_price,Short,2026-06-20T12:20:56Z
2026-06-20T12:18:09Z,2026-06-20T14:18:09+0200,4bddbab4-20af-41f1-90cc-d649ae7f214d,2026-06-08T20:15:00Z,2026-06-08T22:15:00+0200,316.04,EUR/MWh,BE,BE,imbalance_price,Long,2026-06-20T12:20:56Z
2026-06-20T12:18:09Z,2026-06-20T14:18:09+0200,4bddbab4-20af-41f1-90cc-d649ae7f214d,2026-06-08T20:15:00Z,2026-06-08T22:15:00+0200,316.04,EUR/MWh,BE,BE,imbalance_price,Short,2026-06-20T12:20:56Z
2026-06-20T12:18:09Z,2026-06-20T14:18:09+0200,4bddbab4-20af-41f1-90cc-d649ae7f214d,2026-06-08T20:30:00Z,2026-06-08T22:30:00+0200,297.1,EUR/MWh,BE,BE,imbalance_price,Long,2026-06-20T12:20:56Z
2026-06-20T12:18:09Z,2026-06-20T14:18:09+0200,4bddbab4-20af-41f1-90cc-d649ae7f214d,2026-06-08T20:30:00Z,2026-06-08T22:30:00+0200,297.1,EUR/MWh,BE,BE,imbalance_price,Short,2026-06-20T12:20:56Z
2026-06-20T12:18:09Z,2026-06-20T14:18:09+0200,4bddbab4-20af-41f1-90cc-d649ae7f214d,2026-06-08T20:45:00Z,2026-06-08T22:45:00+0200,81.45,EUR/MWh,BE,BE,imbalance_price,Long,2026-06-20T12:20:56Z
2026-06-20T12:18:09Z,2026-06-20T14:18:09+0200,4bddbab4-20af-41f1-90cc-d649ae7f214d,2026-06-08T20:45:00Z,2026-06-08T22:45:00+0200,81.45,EUR/MWh,BE,BE,imbalance_price,Short,2026-06-20T12:20:56Z
2026-06-20T12:18:09Z,2026-06-20T14:18:09+0200,4bddbab4-20af-41f1-90cc-d649ae7f214d,2026-06-08T21:00:00Z,2026-06-08T23:00:00+0200,84.8,EUR/MWh,BE,BE,imbalance_price,Long,2026-06-20T12:20:56Z
2026-06-20T12:18:09Z,2026-06-20T14:18:09+0200,4bddbab4-20af-41f1-90cc-d649ae7f214d,2026-06-08T21:00:00Z,2026-06-08T23:00:00+0200,84.8,EUR/MWh,BE,BE,imbalance_price,Short,2026-06-20T12:20:56Z
2026-06-20T12:18:09Z,2026-06-20T14:18:09+0200,4bddbab4-20af-41f1-90cc-d649ae7f214d,2026-06-08T21:15:00Z,2026-06-08T23:15:00+0200,66.44,EUR/MWh,BE,BE,imbalance_price,Long,2026-06-20T12:20:56Z
2026-06-20T12:18:09Z,2026-06-20T14:18:09+0200,4bddbab4-20af-41f1-90cc-d649ae7f214d,2026-06-08T21:15:00Z,2026-06-08T23:15:00+0200,66.44,EUR/MWh,BE,BE,imbalance_price,Short,2026-06-20T12:20:56Z
2026-06-20T12:18:09Z,2026-06-20T14:18:09+0200,4bddbab4-20af-41f1-90cc-d649ae7f214d,2026-06-08T21:30:00Z,2026-06-08T23:30:00+0200,80.32,EUR/MWh,BE,BE,imbalance_price,Long,2026-06-20T12:20:56Z
2026-06-20T12:18:09Z,2026-06-20T14:18:09+0200,4bddbab4-20af-41f1-90cc-d649ae7f214d,2026-06-08T21:30:00Z,2026-06-08T23:30:00+0200,80.32,EUR/MWh,BE,BE,imbalance_price,Short,2026-06-20T12:20:56Z
2026-06-20T12:18:09Z,2026-06-20T14:18:09+0200,4bddbab4-20af-41f1-90cc-d649ae7f214d,2026-06-08T21:45:00Z,2026-06-08T23:45:00+0200,90.72,EUR/MWh,BE,BE,imbalance_price,Long,2026-06-20T12:20:56Z
2026-06-20T12:18:09Z,2026-06-20T14:18:09+0200,4bddbab4-20af-41f1-90cc-d649ae7f214d,2026-06-08T21:45:00Z,2026-06-08T23:45:00+0200,90.72,EUR/MWh,BE,BE,imbalance_price,Short,2026-06-20T12:20:56Z
2026-06-20T12:18:09Z,2026-06-20T14:18:09+0200,4bddbab4-20af-41f1-90cc-d649ae7f214d,2026-06-08T22:00:00Z,2026-06-09T00:00:00+0200,101.15,EUR/MWh,BE,BE,imbalance_price,Long,2026-06-20T12:20:56Z
2026-06-20T12:18:09Z,2026-06-20T14:18:09+0200,4bddbab4-20af-41f1-90cc-d649ae7f214d,2026-06-08T22:00:00Z,2026-06-09T00:00:00+0200,101.15,EUR/MWh,BE,BE,imbalance_price,Short,2026-06-20T12:20:56Z
2026-06-20T12:18:09Z,2026-06-20T14:18:09+0200,4bddbab4-20af-41f1-90cc-d649ae7f214d,2026-06-08T22:15:00Z,2026-06-09T00:15:00+0200,106.69,EUR/MWh,BE,BE,imbalance_price,Long,2026-06-20T12:20:56Z
2026-06-20T12:18:09Z,2026-06-20T14:18:09+0200,4bddbab4-20af-41f1-90cc-d649ae7f214d,2026-06-08T22:15:00Z,2026-06-09T00:15:00+0200,106.69,EUR/MWh,BE,BE,imbalance_price,Short,2026-06-20T12:20:56Z
2026-06-20T12:18:09Z,2026-06-20T14:18:09+0200,4bddbab4-20af-41f1-90cc-d649ae7f214d,2026-06-08T22:30:00Z,2026-06-09T00:30:00+0200,104.51,EUR/MWh,BE,BE,imbalance_price,Long,2026-06-20T12:20:56Z
2026-06-20T12:18:09Z,2026-06-20T14:18:09+0200,4bddbab4-20af-41f1-90cc-d649ae7f214d,2026-06-08T22:30:00Z,2026-06-09T00:30:00+0200,104.51,EUR/MWh,BE,BE,imbalance_price,Short,2026-06-20T12:20:56Z
2026-06-20T12:18:09Z,2026-06-20T14:18:09+0200,4bddbab4-20af-41f1-90cc-d649ae7f214d,2026-06-08T22:45:00Z,2026-06-09T00:45:00+0200,121.07,EUR/MWh,BE,BE,imbalance_price,Long,2026-06-20T12:20:56Z
2026-06-20T12:18:09Z,2026-06-20T14:18:09+0200,4bddbab4-20af-41f1-90cc-d649ae7f214d,2026-06-08T22:45:00Z,2026-06-09T00:45:00+0200,121.07,EUR/MWh,BE,BE,imbalance_price,Short,2026-06-20T12:20:56Z
2026-06-20T12:18:09Z,2026-06-20T14:18:09+0200,4bddbab4-20af-41f1-90cc-d649ae7f214d,2026-06-08T23:00:00Z,2026-06-09T01:00:00+0200,120.83,EUR/MWh,BE,BE,imbalance_price,Long,2026-06-20T12:20:56Z
2026-06-20T12:18:09Z,2026-06-20T14:18:09+0200,4bddbab4-20af-41f1-90cc-d649ae7f214d,2026-06-08T23:00:00Z,2026-06-09T01:00:00+0200,120.83,EUR/MWh,BE,BE,imbalance_price,Short,2026-06-20T12:20:56Z
2026-06-20T12:18:09Z,2026-06-20T14:18:09+0200,4bddbab4-20af-41f1-90cc-d649ae7f214d,2026-06-08T23:15:00Z,2026-06-09T01:15:00+0200,111.99,EUR/MWh,BE,BE,imbalance_price,Long,2026-06-20T12:20:56Z
2026-06-20T12:18:09Z,2026-06-20T14:18:09+0200,4bddbab4-20af-41f1-90cc-d649ae7f214d,2026-06-08T23:15:00Z,2026-06-09T01:15:00+0200,111.99,EUR/MWh,BE,BE,imbalance_price,Short,2026-06-20T12:20:56Z
2026-06-20T12:18:09Z,2026-06-20T14:18:09+0200,4bddbab4-20af-41f1-90cc-d649ae7f214d,2026-06-08T23:30:00Z,2026-06-09T01:30:00+0200,62.9,EUR/MWh,BE,BE,imbalance_price,Long,2026-06-20T12:20:56Z
2026-06-20T12:18:09Z,2026-06-20T14:18:09+0200,4bddbab4-20af-41f1-90cc-d649ae7f214d,2026-06-08T23:30:00Z,2026-06-09T01:30:00+0200,62.9,EUR/MWh,BE,BE,imbalance_price,Short,2026-06-20T12:20:56Z
2026-06-20T12:18:09Z,2026-06-20T14:18:09+0200,4bddbab4-20af-41f1-90cc-d649ae7f214d,2026-06-08T23:45:00Z,2026-06-09T01:45:00+0200,95.9,EUR/MWh,BE,BE,imbalance_price,Long,2026-06-20T12:20:56Z
2026-06-20T12:18:09Z,2026-06-20T14:18:09+0200,4bddbab4-20af-41f1-90cc-d649ae7f214d,2026-06-08T23:45:00Z,2026-06-09T01:45:00+0200,95.9,EUR/MWh,BE,BE,imbalance_price,Short,2026-06-20T12:20:56Z
2026-06-20T12:18:09Z,2026-06-20T14:18:09+0200,4bddbab4-20af-41f1-90cc-d649ae7f214d,2026-06-09T00:00:00Z,2026-06-09T02:00:00+0200,98.42,EUR/MWh,BE,BE,imbalance_price,Long,2026-06-20T12:20:56Z
2026-06-20T12:18:09Z,2026-06-20T14:18:09+0200,4bddbab4-20af-41f1-90cc-d649ae7f214d,2026-06-09T00:00:00Z,2026-06-09T02:00:00+0200,98.42,EUR/MWh,BE,BE,imbalance_price,Short,2026-06-20T12:20:56Z
2026-06-20T12:18:09Z,2026-06-20T14:18:09+0200,4bddbab4-20af-41f1-90cc-d649ae7f214d,2026-06-09T00:15:00Z,2026-06-09T02:15:00+0200,109.75,EUR/MWh,BE,BE,imbalance_price,Long,2026-06-20T12:20:56Z
2026-06-20T12:18:09Z,2026-06-20T14:18:09+0200,4bddbab4-20af-41f1-90cc-d649ae7f214d,2026-06-09T00:15:00Z,2026-06-09T02:15:00+0200,109.75,EUR/MWh,BE,BE,imbalance_price,Short,2026-06-20T12:20:56Z
2026-06-20T12:18:09Z,2026-06-20T14:18:09+0200,4bddbab4-20af-41f1-90cc-d649ae7f214d,2026-06-09T00:30:00Z,2026-06-09T02:30:00+0200,108.43,EUR/MWh,BE,BE,imbalance_price,Long,2026-06-20T12:20:56Z
2026-06-20T12:18:09Z,2026-06-20T14:18:09+0200,4bddbab4-20af-41f1-90cc-d649ae7f214d,2026-06-09T00:30:00Z,2026-06-09T02:30:00+0200,108.43,EUR/MWh,BE,BE,imbalance_price,Short,2026-06-20T12:20:56Z
2026-06-20T12:18:09Z,2026-06-20T14:18:09+0200,4bddbab4-20af-41f1-90cc-d649ae7f214d,2026-06-09T00:45:00Z,2026-06-09T02:45:00+0200,116.36,EUR/MWh,BE,BE,imbalance_price,Long,2026-06-20T12:20:56Z
2026-06-20T12:18:09Z,2026-06-20T14:18:09+0200,4bddbab4-20af-41f1-90cc-d649ae7f214d,2026-06-09T00:45:00Z,2026-06-09T02:45:00+0200,116.36,EUR/MWh,BE,BE,imbalance_price,Short,2026-06-20T12:20:56Z
2026-06-20T12:18:09Z,2026-06-20T14:18:09+0200,4bddbab4-20af-41f1-90cc-d649ae7f214d,2026-06-09T01:00:00Z,2026-06-09T03:00:00+0200,115.12,EUR/MWh,BE,BE,imbalance_price,Long,2026-06-20T12:20:56Z
2026-06-20T12:18:09Z,2026-06-20T14:18:09+0200,4bddbab4-20af-41f1-90cc-d649ae7f214d,2026-06-09T01:00:00Z,2026-06-09T03:00:00+0200,115.12,EUR/MWh,BE,BE,imbalance_price,Short,2026-06-20T12:20:56Z
2026-06-20T12:18:09Z,2026-06-20T14:18:09+0200,4bddbab4-20af-41f1-90cc-d649ae7f214d,2026-06-09T01:15:00Z,2026-06-09T03:15:00+0200,121.86,EUR/MWh,BE,BE,imbalance_price,Long,2026-06-20T12:20:56Z
2026-06-20T12:18:09Z,2026-06-20T14:18:09+0200,4bddbab4-20af-41f1-90cc-d649ae7f214d,2026-06-09T01:15:00Z,2026-06-09T03:15:00+0200,121.86,EUR/MWh,BE,BE,imbalance_price,Short,2026-06-20T12:20:56Z
2026-06-20T12:18:09Z,2026-06-20T14:18:09+0200,4bddbab4-20af-41f1-90cc-d649ae7f214d,2026-06-09T01:30:00Z,2026-06-09T03:30:00+0200,95.23,EUR/MWh,BE,BE,imbalance_price,Long,2026-06-20T12:20:56Z
2026-06-20T12:18:09Z,2026-06-20T14:18:09+0200,4bddbab4-20af-41f1-90cc-d649ae7f214d,2026-06-09T01:30:00Z,2026-06-09T03:30:00+0200,95.23,EUR/MWh,BE,BE,imbalance_price,Short,2026-06-20T12:20:56Z
2026-06-20T12:18:09Z,2026-06-20T14:18:09+0200,4bddbab4-20af-41f1-90cc-d649ae7f214d,2026-06-09T01:45:00Z,2026-06-09T03:45:00+0200,75.87,EUR/MWh,BE,BE,imbalance_price,Long,2026-06-20T12:20:56Z
2026-06-20T12:18:09Z,2026-06-20T14:18:09+0200,4bddbab4-20af-41f1-90cc-d649ae7f214d,2026-06-09T01:45:00Z,2026-06-09T03:45:00+0200,75.87,EUR/MWh,BE,BE,imbalance_price,Short,2026-06-20T12:20:56Z
2026-06-20T12:18:09Z,2026-06-20T14:18:09+0200,4bddbab4-20af-41f1-90cc-d649ae7f214d,2026-06-09T02:00:00Z,2026-06-09T04:00:00+0200,94.76,EUR/MWh,BE,BE,imbalance_price,Long,2026-06-20T12:20:56Z
2026-06-20T12:18:09Z,2026-06-20T14:18:09+0200,4bddbab4-20af-41f1-90cc-d649ae7f214d,2026-06-09T02:00:00Z,2026-06-09T04:00:00+0200,94.76,EUR/MWh,BE,BE,imbalance_price,Short,2026-06-20T12:20:56Z
2026-06-20T12:18:09Z,2026-06-20T14:18:09+0200,4bddbab4-20af-41f1-90cc-d649ae7f214d,2026-06-09T02:15:00Z,2026-06-09T04:15:00+0200,103.1,EUR/MWh,BE,BE,imbalance_price,Long,2026-06-20T12:20:56Z
2026-06-20T12:18:09Z,2026-06-20T14:18:09+0200,4bddbab4-20af-41f1-90cc-d649ae7f214d,2026-06-09T02:15:00Z,2026-06-09T04:15:00+0200,103.1,EUR/MWh,BE,BE,imbalance_price,Short,2026-06-20T12:20:56Z
2026-06-20T12:18:09Z,2026-06-20T14:18:09+0200,4bddbab4-20af-41f1-90cc-d649ae7f214d,2026-06-09T02:30:00Z,2026-06-09T04:30:00+0200,96.32,EUR/MWh,BE,BE,imbalance_price,Long,2026-06-20T12:20:56Z
2026-06-20T12:18:09Z,2026-06-20T14:18:09+0200,4bddbab4-20af-41f1-90cc-d649ae7f214d,2026-06-09T02:30:00Z,2026-06-09T04:30:00+0200,96.32,EUR/MWh,BE,BE,imbalance_price,Short,2026-06-20T12:20:56Z
2026-06-20T12:18:09Z,2026-06-20T14:18:09+0200,4bddbab4-20af-41f1-90cc-d649ae7f214d,2026-06-09T02:45:00Z,2026-06-09T04:45:00+0200,76.44,EUR/MWh,BE,BE,imbalance_price,Long,2026-06-20T12:20:56Z
2026-06-20T12:18:09Z,2026-06-20T14:18:09+0200,4bddbab4-20af-41f1-90cc-d649ae7f214d,2026-06-09T02:45:00Z,2026-06-09T04:45:00+0200,76.44,EUR/MWh,BE,BE,imbalance_price,Short,2026-06-20T12:20:56Z
2026-06-20T12:18:09Z,2026-06-20T14:18:09+0200,4bddbab4-20af-41f1-90cc-d649ae7f214d,2026-06-09T03:00:00Z,2026-06-09T05:00:00+0200,67.98,EUR/MWh,BE,BE,imbalance_price,Long,2026-06-20T12:20:56Z
2026-06-20T12:18:09Z,2026-06-20T14:18:09+0200,4bddbab4-20af-41f1-90cc-d649ae7f214d,2026-06-09T03:00:00Z,2026-06-09T05:00:00+0200,67.98,EUR/MWh,BE,BE,imbalance_price,Short,2026-06-20T12:20:56Z
2026-06-20T12:18:09Z,2026-06-20T14:18:09+0200,4bddbab4-20af-41f1-90cc-d649ae7f214d,2026-06-09T03:15:00Z,2026-06-09T05:15:00+0200,37.7,EUR/MWh,BE,BE,imbalance_price,Long,2026-06-20T12:20:56Z
2026-06-20T12:18:09Z,2026-06-20T14:18:09+0200,4bddbab4-20af-41f1-90cc-d649ae7f214d,2026-06-09T03:15:00Z,2026-06-09T05:15:00+0200,37.7,EUR/MWh,BE,BE,imbalance_price,Short,2026-06-20T12:20:56Z
2026-06-20T12:18:09Z,2026-06-20T14:18:09+0200,4bddbab4-20af-41f1-90cc-d649ae7f214d,2026-06-09T03:30:00Z,2026-06-09T05:30:00+0200,44.39,EUR/MWh,BE,BE,imbalance_price,Long,2026-06-20T12:20:56Z
2026-06-20T12:18:09Z,2026-06-20T14:18:09+0200,4bddbab4-20af-41f1-90cc-d649ae7f214d,2026-06-09T03:30:00Z,2026-06-09T05:30:00+0200,44.39,EUR/MWh,BE,BE,imbalance_price,Short,2026-06-20T12:20:56Z
2026-06-20T12:18:09Z,2026-06-20T14:18:09+0200,4bddbab4-20af-41f1-90cc-d649ae7f214d,2026-06-09T03:45:00Z,2026-06-09T05:45:00+0200,90.36,EUR/MWh,BE,BE,imbalance_price,Long,2026-06-20T12:20:56Z
2026-06-20T12:18:09Z,2026-06-20T14:18:09+0200,4bddbab4-20af-41f1-90cc-d649ae7f214d,2026-06-09T03:45:00Z,2026-06-09T05:45:00+0200,90.36,EUR/MWh,BE,BE,imbalance_price,Short,2026-06-20T12:20:56Z
2026-06-20T12:18:09Z,2026-06-20T14:18:09+0200,4bddbab4-20af-41f1-90cc-d649ae7f214d,2026-06-09T04:00:00Z,2026-06-09T06:00:00+0200,89.03,EUR/MWh,BE,BE,imbalance_price,Long,2026-06-20T12:20:56Z
2026-06-20T12:18:09Z,2026-06-20T14:18:09+0200,4bddbab4-20af-41f1-90cc-d649ae7f214d,2026-06-09T04:00:00Z,2026-06-09T06:00:00+0200,89.03,EUR/MWh,BE,BE,imbalance_price,Short,2026-06-20T12:20:56Z
2026-06-20T12:18:09Z,2026-06-20T14:18:09+0200,4bddbab4-20af-41f1-90cc-d649ae7f214d,2026-06-09T04:15:00Z,2026-06-09T06:15:00+0200,88.73,EUR/MWh,BE,BE,imbalance_price,Long,2026-06-20T12:20:56Z
2026-06-20T12:18:09Z,2026-06-20T14:18:09+0200,4bddbab4-20af-41f1-90cc-d649ae7f214d,2026-06-09T04:15:00Z,2026-06-09T06:15:00+0200,88.73,EUR/MWh,BE,BE,imbalance_price,Short,2026-06-20T12:20:56Z
2026-06-20T12:18:09Z,2026-06-20T14:18:09+0200,4bddbab4-20af-41f1-90cc-d649ae7f214d,2026-06-09T04:30:00Z,2026-06-09T06:30:00+0200,68.16,EUR/MWh,BE,BE,imbalance_price,Long,2026-06-20T12:20:56Z
2026-06-20T12:18:09Z,2026-06-20T14:18:09+0200,4bddbab4-20af-41f1-90cc-d649ae7f214d,2026-06-09T04:30:00Z,2026-06-09T06:30:00+0200,68.16,EUR/MWh,BE,BE,imbalance_price,Short,2026-06-20T12:20:56Z
2026-06-20T12:18:09Z,2026-06-20T14:18:09+0200,4bddbab4-20af-41f1-90cc-d649ae7f214d,2026-06-09T04:45:00Z,2026-06-09T06:45:00+0200,109.28,EUR/MWh,BE,BE,imbalance_price,Long,2026-06-20T12:20:56Z
2026-06-20T12:18:09Z,2026-06-20T14:18:09+0200,4bddbab4-20af-41f1-90cc-d649ae7f214d,2026-06-09T04:45:00Z,2026-06-09T06:45:00+0200,109.28,EUR/MWh,BE,BE,imbalance_price,Short,2026-06-20T12:20:56Z
2026-06-20T12:18:09Z,2026-06-20T14:18:09+0200,4bddbab4-20af-41f1-90cc-d649ae7f214d,2026-06-09T05:00:00Z,2026-06-09T07:00:00+0200,88.55,EUR/MWh,BE,BE,imbalance_price,Long,2026-06-20T12:20:56Z
2026-06-20T12:18:09Z,2026-06-20T14:18:09+0200,4bddbab4-20af-41f1-90cc-d649ae7f214d,2026-06-09T05:00:00Z,2026-06-09T07:00:00+0200,88.55,EUR/MWh,BE,BE,imbalance_price,Short,2026-06-20T12:20:56Z
2026-06-20T12:18:09Z,2026-06-20T14:18:09+0200,4bddbab4-20af-41f1-90cc-d649ae7f214d,2026-06-09T05:15:00Z,2026-06-09T07:15:00+0200,71.47,EUR/MWh,BE,BE,imbalance_price,Long,2026-06-20T12:20:56Z
2026-06-20T12:18:09Z,2026-06-20T14:18:09+0200,4bddbab4-20af-41f1-90cc-d649ae7f214d,2026-06-09T05:15:00Z,2026-06-09T07:15:00+0200,71.47,EUR/MWh,BE,BE,imbalance_price,Short,2026-06-20T12:20:56Z
2026-06-20T12:18:09Z,2026-06-20T14:18:09+0200,4bddbab4-20af-41f1-90cc-d649ae7f214d,2026-06-09T05:30:00Z,2026-06-09T07:30:00+0200,77.57,EUR/MWh,BE,BE,imbalance_price,Long,2026-06-20T12:20:56Z
2026-06-20T12:18:09Z,2026-06-20T14:18:09+0200,4bddbab4-20af-41f1-90cc-d649ae7f214d,2026-06-09T05:30:00Z,2026-06-09T07:30:00+0200,77.57,EUR/MWh,BE,BE,imbalance_price,Short,2026-06-20T12:20:56Z
2026-06-20T12:18:09Z,2026-06-20T14:18:09+0200,4bddbab4-20af-41f1-90cc-d649ae7f214d,2026-06-09T05:45:00Z,2026-06-09T07:45:00+0200,76.91,EUR/MWh,BE,BE,imbalance_price,Long,2026-06-20T12:20:56Z
2026-06-20T12:18:09Z,2026-06-20T14:18:09+0200,4bddbab4-20af-41f1-90cc-d649ae7f214d,2026-06-09T05:45:00Z,2026-06-09T07:45:00+0200,76.91,EUR/MWh,BE,BE,imbalance_price,Short,2026-06-20T12:20:56Z
2026-06-20T12:18:09Z,2026-06-20T14:18:09+0200,4bddbab4-20af-41f1-90cc-d649ae7f214d,2026-06-09T06:00:00Z,2026-06-09T08:00:00+0200,85.96,EUR/MWh,BE,BE,imbalance_price,Long,2026-06-20T12:20:56Z
2026-06-20T12:18:09Z,2026-06-20T14:18:09+0200,4bddbab4-20af-41f1-90cc-d649ae7f214d,2026-06-09T06:00:00Z,2026-06-09T08:00:00+0200,85.96,EUR/MWh,BE,BE,imbalance_price,Short,2026-06-20T12:20:56Z
2026-06-20T12:18:09Z,2026-06-20T14:18:09+0200,4bddbab4-20af-41f1-90cc-d649ae7f214d,2026-06-09T06:15:00Z,2026-06-09T08:15:00+0200,73.95,EUR/MWh,BE,BE,imbalance_price,Long,2026-06-20T12:20:56Z
2026-06-20T12:18:09Z,2026-06-20T14:18:09+0200,4bddbab4-20af-41f1-90cc-d649ae7f214d,2026-06-09T06:15:00Z,2026-06-09T08:15:00+0200,73.95,EUR/MWh,BE,BE,imbalance_price,Short,2026-06-20T12:20:56Z
2026-06-20T12:18:09Z,2026-06-20T14:18:09+0200,4bddbab4-20af-41f1-90cc-d649ae7f214d,2026-06-09T06:30:00Z,2026-06-09T08:30:00+0200,72.34,EUR/MWh,BE,BE,imbalance_price,Long,2026-06-20T12:20:56Z
2026-06-20T12:18:09Z,2026-06-20T14:18:09+0200,4bddbab4-20af-41f1-90cc-d649ae7f214d,2026-06-09T06:30:00Z,2026-06-09T08:30:00+0200,72.34,EUR/MWh,BE,BE,imbalance_price,Short,2026-06-20T12:20:56Z
2026-06-20T12:18:09Z,2026-06-20T14:18:09+0200,4bddbab4-20af-41f1-90cc-d649ae7f214d,2026-06-09T06:45:00Z,2026-06-09T08:45:00+0200,95.99,EUR/MWh,BE,BE,imbalance_price,Long,2026-06-20T12:20:56Z
2026-06-20T12:18:09Z,2026-06-20T14:18:09+0200,4bddbab4-20af-41f1-90cc-d649ae7f214d,2026-06-09T06:45:00Z,2026-06-09T08:45:00+0200,95.99,EUR/MWh,BE,BE,imbalance_price,Short,2026-06-20T12:20:56Z
2026-06-20T12:18:09Z,2026-06-20T14:18:09+0200,4bddbab4-20af-41f1-90cc-d649ae7f214d,2026-06-09T07:00:00Z,2026-06-09T09:00:00+0200,126.34,EUR/MWh,BE,BE,imbalance_price,Long,2026-06-20T12:20:56Z
2026-06-20T12:18:09Z,2026-06-20T14:18:09+0200,4bddbab4-20af-41f1-90cc-d649ae7f214d,2026-06-09T07:00:00Z,2026-06-09T09:00:00+0200,126.34,EUR/MWh,BE,BE,imbalance_price,Short,2026-06-20T12:20:56Z
2026-06-20T12:18:09Z,2026-06-20T14:18:09+0200,4bddbab4-20af-41f1-90cc-d649ae7f214d,2026-06-09T07:15:00Z,2026-06-09T09:15:00+0200,89.94,EUR/MWh,BE,BE,imbalance_price,Long,2026-06-20T12:20:56Z
2026-06-20T12:18:09Z,2026-06-20T14:18:09+0200,4bddbab4-20af-41f1-90cc-d649ae7f214d,2026-06-09T07:15:00Z,2026-06-09T09:15:00+0200,89.94,EUR/MWh,BE,BE,imbalance_price,Short,2026-06-20T12:20:56Z
2026-06-20T12:18:09Z,2026-06-20T14:18:09+0200,4bddbab4-20af-41f1-90cc-d649ae7f214d,2026-06-09T07:30:00Z,2026-06-09T09:30:00+0200,93.04,EUR/MWh,BE,BE,imbalance_price,Long,2026-06-20T12:20:56Z
2026-06-20T12:18:09Z,2026-06-20T14:18:09+0200,4bddbab4-20af-41f1-90cc-d649ae7f214d,2026-06-09T07:30:00Z,2026-06-09T09:30:00+0200,93.04,EUR/MWh,BE,BE,imbalance_price,Short,2026-06-20T12:20:56Z
2026-06-20T12:18:09Z,2026-06-20T14:18:09+0200,4bddbab4-20af-41f1-90cc-d649ae7f214d,2026-06-09T07:45:00Z,2026-06-09T09:45:00+0200,110.88,EUR/MWh,BE,BE,imbalance_price,Long,2026-06-20T12:20:56Z
2026-06-20T12:18:09Z,2026-06-20T14:18:09+0200,4bddbab4-20af-41f1-90cc-d649ae7f214d,2026-06-09T07:45:00Z,2026-06-09T09:45:00+0200,110.88,EUR/MWh,BE,BE,imbalance_price,Short,2026-06-20T12:20:56Z
2026-06-20T12:18:09Z,2026-06-20T14:18:09+0200,4bddbab4-20af-41f1-90cc-d649ae7f214d,2026-06-09T08:00:00Z,2026-06-09T10:00:00+0200,117.78,EUR/MWh,BE,BE,imbalance_price,Long,2026-06-20T12:20:56Z
2026-06-20T12:18:09Z,2026-06-20T14:18:09+0200,4bddbab4-20af-41f1-90cc-d649ae7f214d,2026-06-09T08:00:00Z,2026-06-09T10:00:00+0200,117.78,EUR/MWh,BE,BE,imbalance_price,Short,2026-06-20T12:20:56Z
2026-06-20T12:18:09Z,2026-06-20T14:18:09+0200,4bddbab4-20af-41f1-90cc-d649ae7f214d,2026-06-09T08:15:00Z,2026-06-09T10:15:00+0200,99.36,EUR/MWh,BE,BE,imbalance_price,Long,2026-06-20T12:20:56Z
2026-06-20T12:18:09Z,2026-06-20T14:18:09+0200,4bddbab4-20af-41f1-90cc-d649ae7f214d,2026-06-09T08:15:00Z,2026-06-09T10:15:00+0200,99.36,EUR/MWh,BE,BE,imbalance_price,Short,2026-06-20T12:20:56Z
2026-06-20T12:18:09Z,2026-06-20T14:18:09+0200,4bddbab4-20af-41f1-90cc-d649ae7f214d,2026-06-09T08:30:00Z,2026-06-09T10:30:00+0200,94.48,EUR/MWh,BE,BE,imbalance_price,Long,2026-06-20T12:20:56Z
2026-06-20T12:18:09Z,2026-06-20T14:18:09+0200,4bddbab4-20af-41f1-90cc-d649ae7f214d,2026-06-09T08:30:00Z,2026-06-09T10:30:00+0200,94.48,EUR/MWh,BE,BE,imbalance_price,Short,2026-06-20T12:20:56Z
2026-06-20T12:18:09Z,2026-06-20T14:18:09+0200,4bddbab4-20af-41f1-90cc-d649ae7f214d,2026-06-09T08:45:00Z,2026-06-09T10:45:00+0200,48.53,EUR/MWh,BE,BE,imbalance_price,Long,2026-06-20T12:20:56Z
2026-06-20T12:18:09Z,2026-06-20T14:18:09+0200,4bddbab4-20af-41f1-90cc-d649ae7f214d,2026-06-09T08:45:00Z,2026-06-09T10:45:00+0200,48.53,EUR/MWh,BE,BE,imbalance_price,Short,2026-06-20T12:20:56Z
2026-06-20T12:18:09Z,2026-06-20T14:18:09+0200,4bddbab4-20af-41f1-90cc-d649ae7f214d,2026-06-09T09:00:00Z,2026-06-09T11:00:00+0200,-2.03,EUR/MWh,BE,BE,imbalance_price,Long,2026-06-20T12:20:56Z
2026-06-20T12:18:09Z,2026-06-20T14:18:09+0200,4bddbab4-20af-41f1-90cc-d649ae7f214d,2026-06-09T09:00:00Z,2026-06-09T11:00:00+0200,-2.03,EUR/MWh,BE,BE,imbalance_price,Short,2026-06-20T12:20:56Z
2026-06-20T12:18:09Z,2026-06-20T14:18:09+0200,4bddbab4-20af-41f1-90cc-d649ae7f214d,2026-06-09T09:15:00Z,2026-06-09T11:15:00+0200,3.96,EUR/MWh,BE,BE,imbalance_price,Long,2026-06-20T12:20:56Z
2026-06-20T12:18:09Z,2026-06-20T14:18:09+0200,4bddbab4-20af-41f1-90cc-d649ae7f214d,2026-06-09T09:15:00Z,2026-06-09T11:15:00+0200,3.96,EUR/MWh,BE,BE,imbalance_price,Short,2026-06-20T12:20:56Z
2026-06-20T12:18:09Z,2026-06-20T14:18:09+0200,4bddbab4-20af-41f1-90cc-d649ae7f214d,2026-06-09T09:30:00Z,2026-06-09T11:30:00+0200,-4.9,EUR/MWh,BE,BE,imbalance_price,Long,2026-06-20T12:20:56Z
2026-06-20T12:18:09Z,2026-06-20T14:18:09+0200,4bddbab4-20af-41f1-90cc-d649ae7f214d,2026-06-09T09:30:00Z,2026-06-09T11:30:00+0200,-4.9,EUR/MWh,BE,BE,imbalance_price,Short,2026-06-20T12:20:56Z
2026-06-20T12:18:09Z,2026-06-20T14:18:09+0200,4bddbab4-20af-41f1-90cc-d649ae7f214d,2026-06-09T09:45:00Z,2026-06-09T11:45:00+0200,3.02,EUR/MWh,BE,BE,imbalance_price,Long,2026-06-20T12:20:56Z
2026-06-20T12:18:09Z,2026-06-20T14:18:09+0200,4bddbab4-20af-41f1-90cc-d649ae7f214d,2026-06-09T09:45:00Z,2026-06-09T11:45:00+0200,3.02,EUR/MWh,BE,BE,imbalance_price,Short,2026-06-20T12:20:56Z
2026-06-20T12:18:09Z,2026-06-20T14:18:09+0200,4bddbab4-20af-41f1-90cc-d649ae7f214d,2026-06-09T10:00:00Z,2026-06-09T12:00:00+0200,2.97,EUR/MWh,BE,BE,imbalance_price,Long,2026-06-20T12:20:56Z
2026-06-20T12:18:09Z,2026-06-20T14:18:09+0200,4bddbab4-20af-41f1-90cc-d649ae7f214d,2026-06-09T10:00:00Z,2026-06-09T12:00:00+0200,2.97,EUR/MWh,BE,BE,imbalance_price,Short,2026-06-20T12:20:56Z
2026-06-20T12:18:09Z,2026-06-20T14:18:09+0200,4bddbab4-20af-41f1-90cc-d649ae7f214d,2026-06-09T10:15:00Z,2026-06-09T12:15:00+0200,28.26,EUR/MWh,BE,BE,imbalance_price,Long,2026-06-20T12:20:56Z
2026-06-20T12:18:09Z,2026-06-20T14:18:09+0200,4bddbab4-20af-41f1-90cc-d649ae7f214d,2026-06-09T10:15:00Z,2026-06-09T12:15:00+0200,28.26,EUR/MWh,BE,BE,imbalance_price,Short,2026-06-20T12:20:56Z
2026-06-20T12:18:09Z,2026-06-20T14:18:09+0200,4bddbab4-20af-41f1-90cc-d649ae7f214d,2026-06-09T10:30:00Z,2026-06-09T12:30:00+0200,50.0,EUR/MWh,BE,BE,imbalance_price,Long,2026-06-20T12:20:56Z
2026-06-20T12:18:09Z,2026-06-20T14:18:09+0200,4bddbab4-20af-41f1-90cc-d649ae7f214d,2026-06-09T10:30:00Z,2026-06-09T12:30:00+0200,50.0,EUR/MWh,BE,BE,imbalance_price,Short,2026-06-20T12:20:56Z
2026-06-20T12:18:09Z,2026-06-20T14:18:09+0200,4bddbab4-20af-41f1-90cc-d649ae7f214d,2026-06-09T10:45:00Z,2026-06-09T12:45:00+0200,26.97,EUR/MWh,BE,BE,imbalance_price,Long,2026-06-20T12:20:56Z
2026-06-20T12:18:09Z,2026-06-20T14:18:09+0200,4bddbab4-20af-41f1-90cc-d649ae7f214d,2026-06-09T10:45:00Z,2026-06-09T12:45:00+0200,26.97,EUR/MWh,BE,BE,imbalance_price,Short,2026-06-20T12:20:56Z
2026-06-20T12:18:09Z,2026-06-20T14:18:09+0200,4bddbab4-20af-41f1-90cc-d649ae7f214d,2026-06-09T11:00:00Z,2026-06-09T13:00:00+0200,26.85,EUR/MWh,BE,BE,imbalance_price,Long,2026-06-20T12:20:56Z
2026-06-20T12:18:09Z,2026-06-20T14:18:09+0200,4bddbab4-20af-41f1-90cc-d649ae7f214d,2026-06-09T11:00:00Z,2026-06-09T13:00:00+0200,26.85,EUR/MWh,BE,BE,imbalance_price,Short,2026-06-20T12:20:56Z
2026-06-20T12:18:09Z,2026-06-20T14:18:09+0200,4bddbab4-20af-41f1-90cc-d649ae7f214d,2026-06-09T11:15:00Z,2026-06-09T13:15:00+0200,1.6,EUR/MWh,BE,BE,imbalance_price,Long,2026-06-20T12:20:56Z
2026-06-20T12:18:09Z,2026-06-20T14:18:09+0200,4bddbab4-20af-41f1-90cc-d649ae7f214d,2026-06-09T11:15:00Z,2026-06-09T13:15:00+0200,1.6,EUR/MWh,BE,BE,imbalance_price,Short,2026-06-20T12:20:56Z
2026-06-20T12:18:09Z,2026-06-20T14:18:09+0200,4bddbab4-20af-41f1-90cc-d649ae7f214d,2026-06-09T11:30:00Z,2026-06-09T13:30:00+0200,-2.56,EUR/MWh,BE,BE,imbalance_price,Long,2026-06-20T12:20:56Z
2026-06-20T12:18:09Z,2026-06-20T14:18:09+0200,4bddbab4-20af-41f1-90cc-d649ae7f214d,2026-06-09T11:30:00Z,2026-06-09T13:30:00+0200,-2.56,EUR/MWh,BE,BE,imbalance_price,Short,2026-06-20T12:20:56Z
2026-06-20T12:18:09Z,2026-06-20T14:18:09+0200,4bddbab4-20af-41f1-90cc-d649ae7f214d,2026-06-09T11:45:00Z,2026-06-09T13:45:00+0200,-10.76,EUR/MWh,BE,BE,imbalance_price,Long,2026-06-20T12:20:56Z
2026-06-20T12:18:09Z,2026-06-20T14:18:09+0200,4bddbab4-20af-41f1-90cc-d649ae7f214d,2026-06-09T11:45:00Z,2026-06-09T13:45:00+0200,-10.76,EUR/MWh,BE,BE,imbalance_price,Short,2026-06-20T12:20:56Z
2026-06-20T12:18:09Z,2026-06-20T14:18:09+0200,4bddbab4-20af-41f1-90cc-d649ae7f214d,2026-06-09T12:00:00Z,2026-06-09T14:00:00+0200,-4.89,EUR/MWh,BE,BE,imbalance_price,Long,2026-06-20T12:20:56Z
2026-06-20T12:18:09Z,2026-06-20T14:18:09+0200,4bddbab4-20af-41f1-90cc-d649ae7f214d,2026-06-09T12:00:00Z,2026-06-09T14:00:00+0200,-4.89,EUR/MWh,BE,BE,imbalance_price,Short,2026-06-20T12:20:56Z
2026-06-20T12:18:09Z,2026-06-20T14:18:09+0200,4bddbab4-20af-41f1-90cc-d649ae7f214d,2026-06-09T12:15:00Z,2026-06-09T14:15:00+0200,-15.47,EUR/MWh,BE,BE,imbalance_price,Long,2026-06-20T12:20:56Z
2026-06-20T12:18:09Z,2026-06-20T14:18:09+0200,4bddbab4-20af-41f1-90cc-d649ae7f214d,2026-06-09T12:15:00Z,2026-06-09T14:15:00+0200,-15.47,EUR/MWh,BE,BE,imbalance_price,Short,2026-06-20T12:20:56Z
2026-06-20T12:18:09Z,2026-06-20T14:18:09+0200,4bddbab4-20af-41f1-90cc-d649ae7f214d,2026-06-09T12:30:00Z,2026-06-09T14:30:00+0200,-16.21,EUR/MWh,BE,BE,imbalance_price,Long,2026-06-20T12:20:56Z
2026-06-20T12:18:09Z,2026-06-20T14:18:09+0200,4bddbab4-20af-41f1-90cc-d649ae7f214d,2026-06-09T12:30:00Z,2026-06-09T14:30:00+0200,-16.21,EUR/MWh,BE,BE,imbalance_price,Short,2026-06-20T12:20:56Z
2026-06-20T12:18:09Z,2026-06-20T14:18:09+0200,4bddbab4-20af-41f1-90cc-d649ae7f214d,2026-06-09T12:45:00Z,2026-06-09T14:45:00+0200,-21.5,EUR/MWh,BE,BE,imbalance_price,Long,2026-06-20T12:20:56Z
2026-06-20T12:18:09Z,2026-06-20T14:18:09+0200,4bddbab4-20af-41f1-90cc-d649ae7f214d,2026-06-09T12:45:00Z,2026-06-09T14:45:00+0200,-21.5,EUR/MWh,BE,BE,imbalance_price,Short,2026-06-20T12:20:56Z
2026-06-20T12:18:09Z,2026-06-20T14:18:09+0200,4bddbab4-20af-41f1-90cc-d649ae7f214d,2026-06-09T13:00:00Z,2026-06-09T15:00:00+0200,-19.01,EUR/MWh,BE,BE,imbalance_price,Long,2026-06-20T12:20:56Z
2026-06-20T12:18:09Z,2026-06-20T14:18:09+0200,4bddbab4-20af-41f1-90cc-d649ae7f214d,2026-06-09T13:00:00Z,2026-06-09T15:00:00+0200,-19.01,EUR/MWh,BE,BE,imbalance_price,Short,2026-06-20T12:20:56Z
2026-06-20T12:18:09Z,2026-06-20T14:18:09+0200,4bddbab4-20af-41f1-90cc-d649ae7f214d,2026-06-09T13:15:00Z,2026-06-09T15:15:00+0200,-12.29,EUR/MWh,BE,BE,imbalance_price,Long,2026-06-20T12:20:56Z
2026-06-20T12:18:09Z,2026-06-20T14:18:09+0200,4bddbab4-20af-41f1-90cc-d649ae7f214d,2026-06-09T13:15:00Z,2026-06-09T15:15:00+0200,-12.29,EUR/MWh,BE,BE,imbalance_price,Short,2026-06-20T12:20:56Z
2026-06-20T12:18:09Z,2026-06-20T14:18:09+0200,4bddbab4-20af-41f1-90cc-d649ae7f214d,2026-06-09T13:30:00Z,2026-06-09T15:30:00+0200,-5.32,EUR/MWh,BE,BE,imbalance_price,Long,2026-06-20T12:20:56Z
2026-06-20T12:18:09Z,2026-06-20T14:18:09+0200,4bddbab4-20af-41f1-90cc-d649ae7f214d,2026-06-09T13:30:00Z,2026-06-09T15:30:00+0200,-5.32,EUR/MWh,BE,BE,imbalance_price,Short,2026-06-20T12:20:56Z
2026-06-20T12:18:09Z,2026-06-20T14:18:09+0200,4bddbab4-20af-41f1-90cc-d649ae7f214d,2026-06-09T13:45:00Z,2026-06-09T15:45:00+0200,31.15,EUR/MWh,BE,BE,imbalance_price,Long,2026-06-20T12:20:56Z
2026-06-20T12:18:09Z,2026-06-20T14:18:09+0200,4bddbab4-20af-41f1-90cc-d649ae7f214d,2026-06-09T13:45:00Z,2026-06-09T15:45:00+0200,31.15,EUR/MWh,BE,BE,imbalance_price,Short,2026-06-20T12:20:56Z
2026-06-20T12:18:09Z,2026-06-20T14:18:09+0200,4bddbab4-20af-41f1-90cc-d649ae7f214d,2026-06-09T14:00:00Z,2026-06-09T16:00:00+0200,28.09,EUR/MWh,BE,BE,imbalance_price,Long,2026-06-20T12:20:56Z
2026-06-20T12:18:09Z,2026-06-20T14:18:09+0200,4bddbab4-20af-41f1-90cc-d649ae7f214d,2026-06-09T14:00:00Z,2026-06-09T16:00:00+0200,28.09,EUR/MWh,BE,BE,imbalance_price,Short,2026-06-20T12:20:56Z
2026-06-20T12:18:09Z,2026-06-20T14:18:09+0200,4bddbab4-20af-41f1-90cc-d649ae7f214d,2026-06-09T14:15:00Z,2026-06-09T16:15:00+0200,51.5,EUR/MWh,BE,BE,imbalance_price,Long,2026-06-20T12:20:56Z
2026-06-20T12:18:09Z,2026-06-20T14:18:09+0200,4bddbab4-20af-41f1-90cc-d649ae7f214d,2026-06-09T14:15:00Z,2026-06-09T16:15:00+0200,51.5,EUR/MWh,BE,BE,imbalance_price,Short,2026-06-20T12:20:56Z
2026-06-20T12:18:09Z,2026-06-20T14:18:09+0200,4bddbab4-20af-41f1-90cc-d649ae7f214d,2026-06-09T14:30:00Z,2026-06-09T16:30:00+0200,74.17,EUR/MWh,BE,BE,imbalance_price,Long,2026-06-20T12:20:56Z
2026-06-20T12:18:09Z,2026-06-20T14:18:09+0200,4bddbab4-20af-41f1-90cc-d649ae7f214d,2026-06-09T14:30:00Z,2026-06-09T16:30:00+0200,74.17,EUR/MWh,BE,BE,imbalance_price,Short,2026-06-20T12:20:56Z
2026-06-20T12:18:09Z,2026-06-20T14:18:09+0200,4bddbab4-20af-41f1-90cc-d649ae7f214d,2026-06-09T14:45:00Z,2026-06-09T16:45:00+0200,68.44,EUR/MWh,BE,BE,imbalance_price,Long,2026-06-20T12:20:56Z
2026-06-20T12:18:09Z,2026-06-20T14:18:09+0200,4bddbab4-20af-41f1-90cc-d649ae7f214d,2026-06-09T14:45:00Z,2026-06-09T16:45:00+0200,68.44,EUR/MWh,BE,BE,imbalance_price,Short,2026-06-20T12:20:56Z
2026-06-20T12:18:09Z,2026-06-20T14:18:09+0200,4bddbab4-20af-41f1-90cc-d649ae7f214d,2026-06-09T15:00:00Z,2026-06-09T17:00:00+0200,62.79,EUR/MWh,BE,BE,imbalance_price,Long,2026-06-20T12:20:56Z
2026-06-20T12:18:09Z,2026-06-20T14:18:09+0200,4bddbab4-20af-41f1-90cc-d649ae7f214d,2026-06-09T15:00:00Z,2026-06-09T17:00:00+0200,62.79,EUR/MWh,BE,BE,imbalance_price,Short,2026-06-20T12:20:56Z
2026-06-20T12:18:09Z,2026-06-20T14:18:09+0200,4bddbab4-20af-41f1-90cc-d649ae7f214d,2026-06-09T15:15:00Z,2026-06-09T17:15:00+0200,33.95,EUR/MWh,BE,BE,imbalance_price,Long,2026-06-20T12:20:56Z
2026-06-20T12:18:09Z,2026-06-20T14:18:09+0200,4bddbab4-20af-41f1-90cc-d649ae7f214d,2026-06-09T15:15:00Z,2026-06-09T17:15:00+0200,33.95,EUR/MWh,BE,BE,imbalance_price,Short,2026-06-20T12:20:56Z
2026-06-20T12:18:09Z,2026-06-20T14:18:09+0200,4bddbab4-20af-41f1-90cc-d649ae7f214d,2026-06-09T15:30:00Z,2026-06-09T17:30:00+0200,24.49,EUR/MWh,BE,BE,imbalance_price,Long,2026-06-20T12:20:56Z
2026-06-20T12:18:09Z,2026-06-20T14:18:09+0200,4bddbab4-20af-41f1-90cc-d649ae7f214d,2026-06-09T15:30:00Z,2026-06-09T17:30:00+0200,24.49,EUR/MWh,BE,BE,imbalance_price,Short,2026-06-20T12:20:56Z
2026-06-20T12:18:09Z,2026-06-20T14:18:09+0200,4bddbab4-20af-41f1-90cc-d649ae7f214d,2026-06-09T15:45:00Z,2026-06-09T17:45:00+0200,-12.25,EUR/MWh,BE,BE,imbalance_price,Long,2026-06-20T12:20:56Z
2026-06-20T12:18:09Z,2026-06-20T14:18:09+0200,4bddbab4-20af-41f1-90cc-d649ae7f214d,2026-06-09T15:45:00Z,2026-06-09T17:45:00+0200,-12.25,EUR/MWh,BE,BE,imbalance_price,Short,2026-06-20T12:20:56Z
2026-06-20T12:18:09Z,2026-06-20T14:18:09+0200,4bddbab4-20af-41f1-90cc-d649ae7f214d,2026-06-09T16:00:00Z,2026-06-09T18:00:00+0200,-21.7,EUR/MWh,BE,BE,imbalance_price,Long,2026-06-20T12:20:56Z
2026-06-20T12:18:09Z,2026-06-20T14:18:09+0200,4bddbab4-20af-41f1-90cc-d649ae7f214d,2026-06-09T16:00:00Z,2026-06-09T18:00:00+0200,-21.7,EUR/MWh,BE,BE,imbalance_price,Short,2026-06-20T12:20:56Z
2026-06-20T12:18:09Z,2026-06-20T14:18:09+0200,4bddbab4-20af-41f1-90cc-d649ae7f214d,2026-06-09T16:15:00Z,2026-06-09T18:15:00+0200,27.84,EUR/MWh,BE,BE,imbalance_price,Long,2026-06-20T12:20:56Z
2026-06-20T12:18:09Z,2026-06-20T14:18:09+0200,4bddbab4-20af-41f1-90cc-d649ae7f214d,2026-06-09T16:15:00Z,2026-06-09T18:15:00+0200,27.84,EUR/MWh,BE,BE,imbalance_price,Short,2026-06-20T12:20:56Z
2026-06-20T12:18:09Z,2026-06-20T14:18:09+0200,4bddbab4-20af-41f1-90cc-d649ae7f214d,2026-06-09T16:30:00Z,2026-06-09T18:30:00+0200,90.62,EUR/MWh,BE,BE,imbalance_price,Long,2026-06-20T12:20:56Z
2026-06-20T12:18:09Z,2026-06-20T14:18:09+0200,4bddbab4-20af-41f1-90cc-d649ae7f214d,2026-06-09T16:30:00Z,2026-06-09T18:30:00+0200,90.62,EUR/MWh,BE,BE,imbalance_price,Short,2026-06-20T12:20:56Z
2026-06-20T12:18:09Z,2026-06-20T14:18:09+0200,4bddbab4-20af-41f1-90cc-d649ae7f214d,2026-06-09T16:45:00Z,2026-06-09T18:45:00+0200,21.24,EUR/MWh,BE,BE,imbalance_price,Long,2026-06-20T12:20:56Z
2026-06-20T12:18:09Z,2026-06-20T14:18:09+0200,4bddbab4-20af-41f1-90cc-d649ae7f214d,2026-06-09T16:45:00Z,2026-06-09T18:45:00+0200,21.24,EUR/MWh,BE,BE,imbalance_price,Short,2026-06-20T12:20:56Z
2026-06-20T12:18:09Z,2026-06-20T14:18:09+0200,4bddbab4-20af-41f1-90cc-d649ae7f214d,2026-06-09T17:00:00Z,2026-06-09T19:00:00+0200,44.55,EUR/MWh,BE,BE,imbalance_price,Long,2026-06-20T12:20:56Z
2026-06-20T12:18:09Z,2026-06-20T14:18:09+0200,4bddbab4-20af-41f1-90cc-d649ae7f214d,2026-06-09T17:00:00Z,2026-06-09T19:00:00+0200,44.55,EUR/MWh,BE,BE,imbalance_price,Short,2026-06-20T12:20:56Z
2026-06-20T12:18:09Z,2026-06-20T14:18:09+0200,4bddbab4-20af-41f1-90cc-d649ae7f214d,2026-06-09T17:15:00Z,2026-06-09T19:15:00+0200,43.62,EUR/MWh,BE,BE,imbalance_price,Long,2026-06-20T12:20:56Z
2026-06-20T12:18:09Z,2026-06-20T14:18:09+0200,4bddbab4-20af-41f1-90cc-d649ae7f214d,2026-06-09T17:15:00Z,2026-06-09T19:15:00+0200,43.62,EUR/MWh,BE,BE,imbalance_price,Short,2026-06-20T12:20:56Z
2026-06-20T12:18:09Z,2026-06-20T14:18:09+0200,4bddbab4-20af-41f1-90cc-d649ae7f214d,2026-06-09T17:30:00Z,2026-06-09T19:30:00+0200,63.58,EUR/MWh,BE,BE,imbalance_price,Long,2026-06-20T12:20:56Z
2026-06-20T12:18:09Z,2026-06-20T14:18:09+0200,4bddbab4-20af-41f1-90cc-d649ae7f214d,2026-06-09T17:30:00Z,2026-06-09T19:30:00+0200,63.58,EUR/MWh,BE,BE,imbalance_price,Short,2026-06-20T12:20:56Z
2026-06-20T12:18:09Z,2026-06-20T14:18:09+0200,4bddbab4-20af-41f1-90cc-d649ae7f214d,2026-06-09T17:45:00Z,2026-06-09T19:45:00+0200,42.83,EUR/MWh,BE,BE,imbalance_price,Long,2026-06-20T12:20:56Z
2026-06-20T12:18:09Z,2026-06-20T14:18:09+0200,4bddbab4-20af-41f1-90cc-d649ae7f214d,2026-06-09T17:45:00Z,2026-06-09T19:45:00+0200,42.83,EUR/MWh,BE,BE,imbalance_price,Short,2026-06-20T12:20:56Z
2026-06-20T12:18:09Z,2026-06-20T14:18:09+0200,4bddbab4-20af-41f1-90cc-d649ae7f214d,2026-06-09T18:00:00Z,2026-06-09T20:00:00+0200,18.17,EUR/MWh,BE,BE,imbalance_price,Long,2026-06-20T12:20:56Z
2026-06-20T12:18:09Z,2026-06-20T14:18:09+0200,4bddbab4-20af-41f1-90cc-d649ae7f214d,2026-06-09T18:00:00Z,2026-06-09T20:00:00+0200,18.17,EUR/MWh,BE,BE,imbalance_price,Short,2026-06-20T12:20:56Z
2026-06-20T12:18:09Z,2026-06-20T14:18:09+0200,4bddbab4-20af-41f1-90cc-d649ae7f214d,2026-06-09T18:15:00Z,2026-06-09T20:15:00+0200,47.49,EUR/MWh,BE,BE,imbalance_price,Long,2026-06-20T12:20:56Z
2026-06-20T12:18:09Z,2026-06-20T14:18:09+0200,4bddbab4-20af-41f1-90cc-d649ae7f214d,2026-06-09T18:15:00Z,2026-06-09T20:15:00+0200,47.49,EUR/MWh,BE,BE,imbalance_price,Short,2026-06-20T12:20:56Z
2026-06-20T12:18:09Z,2026-06-20T14:18:09+0200,4bddbab4-20af-41f1-90cc-d649ae7f214d,2026-06-09T18:30:00Z,2026-06-09T20:30:00+0200,85.57,EUR/MWh,BE,BE,imbalance_price,Long,2026-06-20T12:20:56Z
2026-06-20T12:18:09Z,2026-06-20T14:18:09+0200,4bddbab4-20af-41f1-90cc-d649ae7f214d,2026-06-09T18:30:00Z,2026-06-09T20:30:00+0200,85.57,EUR/MWh,BE,BE,imbalance_price,Short,2026-06-20T12:20:56Z
2026-06-20T12:18:09Z,2026-06-20T14:18:09+0200,4bddbab4-20af-41f1-90cc-d649ae7f214d,2026-06-09T18:45:00Z,2026-06-09T20:45:00+0200,120.71,EUR/MWh,BE,BE,imbalance_price,Long,2026-06-20T12:20:56Z
2026-06-20T12:18:09Z,2026-06-20T14:18:09+0200,4bddbab4-20af-41f1-90cc-d649ae7f214d,2026-06-09T18:45:00Z,2026-06-09T20:45:00+0200,120.71,EUR/MWh,BE,BE,imbalance_price,Short,2026-06-20T12:20:56Z
2026-06-20T12:18:09Z,2026-06-20T14:18:09+0200,4bddbab4-20af-41f1-90cc-d649ae7f214d,2026-06-09T19:00:00Z,2026-06-09T21:00:00+0200,106.08,EUR/MWh,BE,BE,imbalance_price,Long,2026-06-20T12:20:56Z
2026-06-20T12:18:09Z,2026-06-20T14:18:09+0200,4bddbab4-20af-41f1-90cc-d649ae7f214d,2026-06-09T19:00:00Z,2026-06-09T21:00:00+0200,106.08,EUR/MWh,BE,BE,imbalance_price,Short,2026-06-20T12:20:56Z
2026-06-20T12:18:09Z,2026-06-20T14:18:09+0200,4bddbab4-20af-41f1-90cc-d649ae7f214d,2026-06-09T19:15:00Z,2026-06-09T21:15:00+0200,95.35,EUR/MWh,BE,BE,imbalance_price,Long,2026-06-20T12:20:56Z
2026-06-20T12:18:09Z,2026-06-20T14:18:09+0200,4bddbab4-20af-41f1-90cc-d649ae7f214d,2026-06-09T19:15:00Z,2026-06-09T21:15:00+0200,95.35,EUR/MWh,BE,BE,imbalance_price,Short,2026-06-20T12:20:56Z
2026-06-20T12:18:09Z,2026-06-20T14:18:09+0200,4bddbab4-20af-41f1-90cc-d649ae7f214d,2026-06-09T19:30:00Z,2026-06-09T21:30:00+0200,99.41,EUR/MWh,BE,BE,imbalance_price,Long,2026-06-20T12:20:56Z
2026-06-20T12:18:09Z,2026-06-20T14:18:09+0200,4bddbab4-20af-41f1-90cc-d649ae7f214d,2026-06-09T19:30:00Z,2026-06-09T21:30:00+0200,99.41,EUR/MWh,BE,BE,imbalance_price,Short,2026-06-20T12:20:56Z
2026-06-20T12:18:09Z,2026-06-20T14:18:09+0200,4bddbab4-20af-41f1-90cc-d649ae7f214d,2026-06-09T19:45:00Z,2026-06-09T21:45:00+0200,90.42,EUR/MWh,BE,BE,imbalance_price,Long,2026-06-20T12:20:56Z
2026-06-20T12:18:09Z,2026-06-20T14:18:09+0200,4bddbab4-20af-41f1-90cc-d649ae7f214d,2026-06-09T19:45:00Z,2026-06-09T21:45:00+0200,90.42,EUR/MWh,BE,BE,imbalance_price,Short,2026-06-20T12:20:56Z
2026-06-20T12:18:09Z,2026-06-20T14:18:09+0200,4bddbab4-20af-41f1-90cc-d649ae7f214d,2026-06-09T20:00:00Z,2026-06-09T22:00:00+0200,92.89,EUR/MWh,BE,BE,imbalance_price,Long,2026-06-20T12:20:56Z
2026-06-20T12:18:09Z,2026-06-20T14:18:09+0200,4bddbab4-20af-41f1-90cc-d649ae7f214d,2026-06-09T20:00:00Z,2026-06-09T22:00:00+0200,92.89,EUR/MWh,BE,BE,imbalance_price,Short,2026-06-20T12:20:56Z
2026-06-20T12:18:09Z,2026-06-20T14:18:09+0200,4bddbab4-20af-41f1-90cc-d649ae7f214d,2026-06-09T20:15:00Z,2026-06-09T22:15:00+0200,89.97,EUR/MWh,BE,BE,imbalance_price,Long,2026-06-20T12:20:56Z
2026-06-20T12:18:09Z,2026-06-20T14:18:09+0200,4bddbab4-20af-41f1-90cc-d649ae7f214d,2026-06-09T20:15:00Z,2026-06-09T22:15:00+0200,89.97,EUR/MWh,BE,BE,imbalance_price,Short,2026-06-20T12:20:56Z
2026-06-20T12:18:09Z,2026-06-20T14:18:09+0200,4bddbab4-20af-41f1-90cc-d649ae7f214d,2026-06-09T20:30:00Z,2026-06-09T22:30:00+0200,80.98,EUR/MWh,BE,BE,imbalance_price,Long,2026-06-20T12:20:56Z
2026-06-20T12:18:09Z,2026-06-20T14:18:09+0200,4bddbab4-20af-41f1-90cc-d649ae7f214d,2026-06-09T20:30:00Z,2026-06-09T22:30:00+0200,80.98,EUR/MWh,BE,BE,imbalance_price,Short,2026-06-20T12:20:56Z
2026-06-20T12:18:09Z,2026-06-20T14:18:09+0200,4bddbab4-20af-41f1-90cc-d649ae7f214d,2026-06-09T20:45:00Z,2026-06-09T22:45:00+0200,62.64,EUR/MWh,BE,BE,imbalance_price,Long,2026-06-20T12:20:56Z
2026-06-20T12:18:09Z,2026-06-20T14:18:09+0200,4bddbab4-20af-41f1-90cc-d649ae7f214d,2026-06-09T20:45:00Z,2026-06-09T22:45:00+0200,62.64,EUR/MWh,BE,BE,imbalance_price,Short,2026-06-20T12:20:56Z
2026-06-20T12:18:09Z,2026-06-20T14:18:09+0200,4bddbab4-20af-41f1-90cc-d649ae7f214d,2026-06-09T21:00:00Z,2026-06-09T23:00:00+0200,88.96,EUR/MWh,BE,BE,imbalance_price,Long,2026-06-20T12:20:56Z
2026-06-20T12:18:09Z,2026-06-20T14:18:09+0200,4bddbab4-20af-41f1-90cc-d649ae7f214d,2026-06-09T21:00:00Z,2026-06-09T23:00:00+0200,88.96,EUR/MWh,BE,BE,imbalance_price,Short,2026-06-20T12:20:56Z
2026-06-20T12:18:09Z,2026-06-20T14:18:09+0200,4bddbab4-20af-41f1-90cc-d649ae7f214d,2026-06-09T21:15:00Z,2026-06-09T23:15:00+0200,84.96,EUR/MWh,BE,BE,imbalance_price,Long,2026-06-20T12:20:56Z
2026-06-20T12:18:09Z,2026-06-20T14:18:09+0200,4bddbab4-20af-41f1-90cc-d649ae7f214d,2026-06-09T21:15:00Z,2026-06-09T23:15:00+0200,84.96,EUR/MWh,BE,BE,imbalance_price,Short,2026-06-20T12:20:56Z
2026-06-20T12:18:09Z,2026-06-20T14:18:09+0200,4bddbab4-20af-41f1-90cc-d649ae7f214d,2026-06-09T21:30:00Z,2026-06-09T23:30:00+0200,72.72,EUR/MWh,BE,BE,imbalance_price,Long,2026-06-20T12:20:56Z
2026-06-20T12:18:09Z,2026-06-20T14:18:09+0200,4bddbab4-20af-41f1-90cc-d649ae7f214d,2026-06-09T21:30:00Z,2026-06-09T23:30:00+0200,72.72,EUR/MWh,BE,BE,imbalance_price,Short,2026-06-20T12:20:56Z
2026-06-20T12:18:09Z,2026-06-20T14:18:09+0200,4bddbab4-20af-41f1-90cc-d649ae7f214d,2026-06-09T21:45:00Z,2026-06-09T23:45:00+0200,8.0,EUR/MWh,BE,BE,imbalance_price,Long,2026-06-20T12:20:56Z
2026-06-20T12:18:09Z,2026-06-20T14:18:09+0200,4bddbab4-20af-41f1-90cc-d649ae7f214d,2026-06-09T21:45:00Z,2026-06-09T23:45:00+0200,8.0,EUR/MWh,BE,BE,imbalance_price,Short,2026-06-20T12:20:56Z
2026-06-20T12:18:09Z,2026-06-20T14:18:09+0200,4bddbab4-20af-41f1-90cc-d649ae7f214d,2026-06-09T22:00:00Z,2026-06-10T00:00:00+0200,106.96,EUR/MWh,BE,BE,imbalance_price,Long,2026-06-20T12:20:56Z
2026-06-20T12:18:09Z,2026-06-20T14:18:09+0200,4bddbab4-20af-41f1-90cc-d649ae7f214d,2026-06-09T22:00:00Z,2026-06-10T00:00:00+0200,106.96,EUR/MWh,BE,BE,imbalance_price,Short,2026-06-20T12:20:56Z
2026-06-20T12:18:09Z,2026-06-20T14:18:09+0200,4bddbab4-20af-41f1-90cc-d649ae7f214d,2026-06-09T22:15:00Z,2026-06-10T00:15:00+0200,106.03,EUR/MWh,BE,BE,imbalance_price,Long,2026-06-20T12:20:56Z
2026-06-20T12:18:09Z,2026-06-20T14:18:09+0200,4bddbab4-20af-41f1-90cc-d649ae7f214d,2026-06-09T22:15:00Z,2026-06-10T00:15:00+0200,106.03,EUR/MWh,BE,BE,imbalance_price,Short,2026-06-20T12:20:56Z
2026-06-20T12:18:09Z,2026-06-20T14:18:09+0200,4bddbab4-20af-41f1-90cc-d649ae7f214d,2026-06-09T22:30:00Z,2026-06-10T00:30:00+0200,91.89,EUR/MWh,BE,BE,imbalance_price,Long,2026-06-20T12:20:56Z
2026-06-20T12:18:09Z,2026-06-20T14:18:09+0200,4bddbab4-20af-41f1-90cc-d649ae7f214d,2026-06-09T22:30:00Z,2026-06-10T00:30:00+0200,91.89,EUR/MWh,BE,BE,imbalance_price,Short,2026-06-20T12:20:56Z
2026-06-20T12:18:09Z,2026-06-20T14:18:09+0200,4bddbab4-20af-41f1-90cc-d649ae7f214d,2026-06-09T22:45:00Z,2026-06-10T00:45:00+0200,84.98,EUR/MWh,BE,BE,imbalance_price,Long,2026-06-20T12:20:56Z
2026-06-20T12:18:09Z,2026-06-20T14:18:09+0200,4bddbab4-20af-41f1-90cc-d649ae7f214d,2026-06-09T22:45:00Z,2026-06-10T00:45:00+0200,84.98,EUR/MWh,BE,BE,imbalance_price,Short,2026-06-20T12:20:56Z
2026-06-20T12:18:09Z,2026-06-20T14:18:09+0200,4bddbab4-20af-41f1-90cc-d649ae7f214d,2026-06-09T23:00:00Z,2026-06-10T01:00:00+0200,10.0,EUR/MWh,BE,BE,imbalance_price,Long,2026-06-20T12:20:56Z
2026-06-20T12:18:09Z,2026-06-20T14:18:09+0200,4bddbab4-20af-41f1-90cc-d649ae7f214d,2026-06-09T23:00:00Z,2026-06-10T01:00:00+0200,10.0,EUR/MWh,BE,BE,imbalance_price,Short,2026-06-20T12:20:56Z
2026-06-20T12:18:09Z,2026-06-20T14:18:09+0200,4bddbab4-20af-41f1-90cc-d649ae7f214d,2026-06-09T23:15:00Z,2026-06-10T01:15:00+0200,7.0,EUR/MWh,BE,BE,imbalance_price,Long,2026-06-20T12:20:56Z
2026-06-20T12:18:09Z,2026-06-20T14:18:09+0200,4bddbab4-20af-41f1-90cc-d649ae7f214d,2026-06-09T23:15:00Z,2026-06-10T01:15:00+0200,7.0,EUR/MWh,BE,BE,imbalance_price,Short,2026-06-20T12:20:56Z
2026-06-20T12:18:09Z,2026-06-20T14:18:09+0200,4bddbab4-20af-41f1-90cc-d649ae7f214d,2026-06-09T23:30:00Z,2026-06-10T01:30:00+0200,103.41,EUR/MWh,BE,BE,imbalance_price,Long,2026-06-20T12:20:56Z
2026-06-20T12:18:09Z,2026-06-20T14:18:09+0200,4bddbab4-20af-41f1-90cc-d649ae7f214d,2026-06-09T23:30:00Z,2026-06-10T01:30:00+0200,103.41,EUR/MWh,BE,BE,imbalance_price,Short,2026-06-20T12:20:56Z
2026-06-20T12:18:09Z,2026-06-20T14:18:09+0200,4bddbab4-20af-41f1-90cc-d649ae7f214d,2026-06-09T23:45:00Z,2026-06-10T01:45:00+0200,101.45,EUR/MWh,BE,BE,imbalance_price,Long,2026-06-20T12:20:56Z
2026-06-20T12:18:09Z,2026-06-20T14:18:09+0200,4bddbab4-20af-41f1-90cc-d649ae7f214d,2026-06-09T23:45:00Z,2026-06-10T01:45:00+0200,101.45,EUR/MWh,BE,BE,imbalance_price,Short,2026-06-20T12:20:56Z
2026-06-20T12:18:09Z,2026-06-20T14:18:09+0200,4bddbab4-20af-41f1-90cc-d649ae7f214d,2026-06-10T00:00:00Z,2026-06-10T02:00:00+0200,124.01,EUR/MWh,BE,BE,imbalance_price,Long,2026-06-20T12:20:56Z
2026-06-20T12:18:09Z,2026-06-20T14:18:09+0200,4bddbab4-20af-41f1-90cc-d649ae7f214d,2026-06-10T00:00:00Z,2026-06-10T02:00:00+0200,124.01,EUR/MWh,BE,BE,imbalance_price,Short,2026-06-20T12:20:56Z
2026-06-20T12:18:09Z,2026-06-20T14:18:09+0200,4bddbab4-20af-41f1-90cc-d649ae7f214d,2026-06-10T00:15:00Z,2026-06-10T02:15:00+0200,109.13,EUR/MWh,BE,BE,imbalance_price,Long,2026-06-20T12:20:56Z
2026-06-20T12:18:09Z,2026-06-20T14:18:09+0200,4bddbab4-20af-41f1-90cc-d649ae7f214d,2026-06-10T00:15:00Z,2026-06-10T02:15:00+0200,109.13,EUR/MWh,BE,BE,imbalance_price,Short,2026-06-20T12:20:56Z
2026-06-20T12:18:09Z,2026-06-20T14:18:09+0200,4bddbab4-20af-41f1-90cc-d649ae7f214d,2026-06-10T00:30:00Z,2026-06-10T02:30:00+0200,131.1,EUR/MWh,BE,BE,imbalance_price,Long,2026-06-20T12:20:56Z
2026-06-20T12:18:09Z,2026-06-20T14:18:09+0200,4bddbab4-20af-41f1-90cc-d649ae7f214d,2026-06-10T00:30:00Z,2026-06-10T02:30:00+0200,131.1,EUR/MWh,BE,BE,imbalance_price,Short,2026-06-20T12:20:56Z
2026-06-20T12:18:09Z,2026-06-20T14:18:09+0200,4bddbab4-20af-41f1-90cc-d649ae7f214d,2026-06-10T00:45:00Z,2026-06-10T02:45:00+0200,211.0,EUR/MWh,BE,BE,imbalance_price,Long,2026-06-20T12:20:56Z
2026-06-20T12:18:09Z,2026-06-20T14:18:09+0200,4bddbab4-20af-41f1-90cc-d649ae7f214d,2026-06-10T00:45:00Z,2026-06-10T02:45:00+0200,211.0,EUR/MWh,BE,BE,imbalance_price,Short,2026-06-20T12:20:56Z
2026-06-20T12:18:09Z,2026-06-20T14:18:09+0200,4bddbab4-20af-41f1-90cc-d649ae7f214d,2026-06-10T01:00:00Z,2026-06-10T03:00:00+0200,164.58,EUR/MWh,BE,BE,imbalance_price,Long,2026-06-20T12:20:56Z
2026-06-20T12:18:09Z,2026-06-20T14:18:09+0200,4bddbab4-20af-41f1-90cc-d649ae7f214d,2026-06-10T01:00:00Z,2026-06-10T03:00:00+0200,164.58,EUR/MWh,BE,BE,imbalance_price,Short,2026-06-20T12:20:56Z
2026-06-20T12:18:09Z,2026-06-20T14:18:09+0200,4bddbab4-20af-41f1-90cc-d649ae7f214d,2026-06-10T01:15:00Z,2026-06-10T03:15:00+0200,211.0,EUR/MWh,BE,BE,imbalance_price,Long,2026-06-20T12:20:56Z
2026-06-20T12:18:09Z,2026-06-20T14:18:09+0200,4bddbab4-20af-41f1-90cc-d649ae7f214d,2026-06-10T01:15:00Z,2026-06-10T03:15:00+0200,211.0,EUR/MWh,BE,BE,imbalance_price,Short,2026-06-20T12:20:56Z
2026-06-20T12:18:09Z,2026-06-20T14:18:09+0200,4bddbab4-20af-41f1-90cc-d649ae7f214d,2026-06-10T01:30:00Z,2026-06-10T03:30:00+0200,180.3,EUR/MWh,BE,BE,imbalance_price,Long,2026-06-20T12:20:56Z
2026-06-20T12:18:09Z,2026-06-20T14:18:09+0200,4bddbab4-20af-41f1-90cc-d649ae7f214d,2026-06-10T01:30:00Z,2026-06-10T03:30:00+0200,180.3,EUR/MWh,BE,BE,imbalance_price,Short,2026-06-20T12:20:56Z
2026-06-20T12:18:09Z,2026-06-20T14:18:09+0200,4bddbab4-20af-41f1-90cc-d649ae7f214d,2026-06-10T01:45:00Z,2026-06-10T03:45:00+0200,156.11,EUR/MWh,BE,BE,imbalance_price,Long,2026-06-20T12:20:56Z
2026-06-20T12:18:09Z,2026-06-20T14:18:09+0200,4bddbab4-20af-41f1-90cc-d649ae7f214d,2026-06-10T01:45:00Z,2026-06-10T03:45:00+0200,156.11,EUR/MWh,BE,BE,imbalance_price,Short,2026-06-20T12:20:56Z
2026-06-20T12:18:09Z,2026-06-20T14:18:09+0200,4bddbab4-20af-41f1-90cc-d649ae7f214d,2026-06-10T02:00:00Z,2026-06-10T04:00:00+0200,111.19,EUR/MWh,BE,BE,imbalance_price,Long,2026-06-20T12:20:56Z
2026-06-20T12:18:09Z,2026-06-20T14:18:09+0200,4bddbab4-20af-41f1-90cc-d649ae7f214d,2026-06-10T02:00:00Z,2026-06-10T04:00:00+0200,111.19,EUR/MWh,BE,BE,imbalance_price,Short,2026-06-20T12:20:56Z
2026-06-20T12:18:09Z,2026-06-20T14:18:09+0200,4bddbab4-20af-41f1-90cc-d649ae7f214d,2026-06-10T02:15:00Z,2026-06-10T04:15:00+0200,123.55,EUR/MWh,BE,BE,imbalance_price,Long,2026-06-20T12:20:56Z
2026-06-20T12:18:09Z,2026-06-20T14:18:09+0200,4bddbab4-20af-41f1-90cc-d649ae7f214d,2026-06-10T02:15:00Z,2026-06-10T04:15:00+0200,123.55,EUR/MWh,BE,BE,imbalance_price,Short,2026-06-20T12:20:56Z
2026-06-20T12:18:09Z,2026-06-20T14:18:09+0200,4bddbab4-20af-41f1-90cc-d649ae7f214d,2026-06-10T02:30:00Z,2026-06-10T04:30:00+0200,127.82,EUR/MWh,BE,BE,imbalance_price,Long,2026-06-20T12:20:56Z
2026-06-20T12:18:09Z,2026-06-20T14:18:09+0200,4bddbab4-20af-41f1-90cc-d649ae7f214d,2026-06-10T02:30:00Z,2026-06-10T04:30:00+0200,127.82,EUR/MWh,BE,BE,imbalance_price,Short,2026-06-20T12:20:56Z
2026-06-20T12:18:09Z,2026-06-20T14:18:09+0200,4bddbab4-20af-41f1-90cc-d649ae7f214d,2026-06-10T02:45:00Z,2026-06-10T04:45:00+0200,140.0,EUR/MWh,BE,BE,imbalance_price,Long,2026-06-20T12:20:56Z
2026-06-20T12:18:09Z,2026-06-20T14:18:09+0200,4bddbab4-20af-41f1-90cc-d649ae7f214d,2026-06-10T02:45:00Z,2026-06-10T04:45:00+0200,140.0,EUR/MWh,BE,BE,imbalance_price,Short,2026-06-20T12:20:56Z
2026-06-20T12:18:09Z,2026-06-20T14:18:09+0200,4bddbab4-20af-41f1-90cc-d649ae7f214d,2026-06-10T03:00:00Z,2026-06-10T05:00:00+0200,126.83,EUR/MWh,BE,BE,imbalance_price,Long,2026-06-20T12:20:56Z
2026-06-20T12:18:09Z,2026-06-20T14:18:09+0200,4bddbab4-20af-41f1-90cc-d649ae7f214d,2026-06-10T03:00:00Z,2026-06-10T05:00:00+0200,126.83,EUR/MWh,BE,BE,imbalance_price,Short,2026-06-20T12:20:56Z
2026-06-20T12:18:09Z,2026-06-20T14:18:09+0200,4bddbab4-20af-41f1-90cc-d649ae7f214d,2026-06-10T03:15:00Z,2026-06-10T05:15:00+0200,131.4,EUR/MWh,BE,BE,imbalance_price,Long,2026-06-20T12:20:56Z
2026-06-20T12:18:09Z,2026-06-20T14:18:09+0200,4bddbab4-20af-41f1-90cc-d649ae7f214d,2026-06-10T03:15:00Z,2026-06-10T05:15:00+0200,131.4,EUR/MWh,BE,BE,imbalance_price,Short,2026-06-20T12:20:56Z
2026-06-20T12:18:09Z,2026-06-20T14:18:09+0200,4bddbab4-20af-41f1-90cc-d649ae7f214d,2026-06-10T03:30:00Z,2026-06-10T05:30:00+0200,132.61,EUR/MWh,BE,BE,imbalance_price,Long,2026-06-20T12:20:56Z
2026-06-20T12:18:09Z,2026-06-20T14:18:09+0200,4bddbab4-20af-41f1-90cc-d649ae7f214d,2026-06-10T03:30:00Z,2026-06-10T05:30:00+0200,132.61,EUR/MWh,BE,BE,imbalance_price,Short,2026-06-20T12:20:56Z
2026-06-20T12:18:09Z,2026-06-20T14:18:09+0200,4bddbab4-20af-41f1-90cc-d649ae7f214d,2026-06-10T03:45:00Z,2026-06-10T05:45:00+0200,137.24,EUR/MWh,BE,BE,imbalance_price,Long,2026-06-20T12:20:56Z
2026-06-20T12:18:09Z,2026-06-20T14:18:09+0200,4bddbab4-20af-41f1-90cc-d649ae7f214d,2026-06-10T03:45:00Z,2026-06-10T05:45:00+0200,137.24,EUR/MWh,BE,BE,imbalance_price,Short,2026-06-20T12:20:56Z
2026-06-20T12:18:09Z,2026-06-20T14:18:09+0200,4bddbab4-20af-41f1-90cc-d649ae7f214d,2026-06-10T04:00:00Z,2026-06-10T06:00:00+0200,144.44,EUR/MWh,BE,BE,imbalance_price,Long,2026-06-20T12:20:56Z
2026-06-20T12:18:09Z,2026-06-20T14:18:09+0200,4bddbab4-20af-41f1-90cc-d649ae7f214d,2026-06-10T04:00:00Z,2026-06-10T06:00:00+0200,144.44,EUR/MWh,BE,BE,imbalance_price,Short,2026-06-20T12:20:56Z
2026-06-20T12:18:09Z,2026-06-20T14:18:09+0200,4bddbab4-20af-41f1-90cc-d649ae7f214d,2026-06-10T04:15:00Z,2026-06-10T06:15:00+0200,115.23,EUR/MWh,BE,BE,imbalance_price,Long,2026-06-20T12:20:56Z
2026-06-20T12:18:09Z,2026-06-20T14:18:09+0200,4bddbab4-20af-41f1-90cc-d649ae7f214d,2026-06-10T04:15:00Z,2026-06-10T06:15:00+0200,115.23,EUR/MWh,BE,BE,imbalance_price,Short,2026-06-20T12:20:56Z
2026-06-20T12:18:09Z,2026-06-20T14:18:09+0200,4bddbab4-20af-41f1-90cc-d649ae7f214d,2026-06-10T04:30:00Z,2026-06-10T06:30:00+0200,120.68,EUR/MWh,BE,BE,imbalance_price,Long,2026-06-20T12:20:56Z
2026-06-20T12:18:09Z,2026-06-20T14:18:09+0200,4bddbab4-20af-41f1-90cc-d649ae7f214d,2026-06-10T04:30:00Z,2026-06-10T06:30:00+0200,120.68,EUR/MWh,BE,BE,imbalance_price,Short,2026-06-20T12:20:56Z
2026-06-20T12:18:09Z,2026-06-20T14:18:09+0200,4bddbab4-20af-41f1-90cc-d649ae7f214d,2026-06-10T04:45:00Z,2026-06-10T06:45:00+0200,126.06,EUR/MWh,BE,BE,imbalance_price,Long,2026-06-20T12:20:56Z
2026-06-20T12:18:09Z,2026-06-20T14:18:09+0200,4bddbab4-20af-41f1-90cc-d649ae7f214d,2026-06-10T04:45:00Z,2026-06-10T06:45:00+0200,126.06,EUR/MWh,BE,BE,imbalance_price,Short,2026-06-20T12:20:56Z
2026-06-20T12:18:09Z,2026-06-20T14:18:09+0200,4bddbab4-20af-41f1-90cc-d649ae7f214d,2026-06-10T05:00:00Z,2026-06-10T07:00:00+0200,140.88,EUR/MWh,BE,BE,imbalance_price,Long,2026-06-20T12:20:56Z
2026-06-20T12:18:09Z,2026-06-20T14:18:09+0200,4bddbab4-20af-41f1-90cc-d649ae7f214d,2026-06-10T05:00:00Z,2026-06-10T07:00:00+0200,140.88,EUR/MWh,BE,BE,imbalance_price,Short,2026-06-20T12:20:56Z
2026-06-20T12:18:09Z,2026-06-20T14:18:09+0200,4bddbab4-20af-41f1-90cc-d649ae7f214d,2026-06-10T05:15:00Z,2026-06-10T07:15:00+0200,131.55,EUR/MWh,BE,BE,imbalance_price,Long,2026-06-20T12:20:56Z
2026-06-20T12:18:09Z,2026-06-20T14:18:09+0200,4bddbab4-20af-41f1-90cc-d649ae7f214d,2026-06-10T05:15:00Z,2026-06-10T07:15:00+0200,131.55,EUR/MWh,BE,BE,imbalance_price,Short,2026-06-20T12:20:56Z
2026-06-20T12:18:09Z,2026-06-20T14:18:09+0200,4bddbab4-20af-41f1-90cc-d649ae7f214d,2026-06-10T05:30:00Z,2026-06-10T07:30:00+0200,137.34,EUR/MWh,BE,BE,imbalance_price,Long,2026-06-20T12:20:56Z
2026-06-20T12:18:09Z,2026-06-20T14:18:09+0200,4bddbab4-20af-41f1-90cc-d649ae7f214d,2026-06-10T05:30:00Z,2026-06-10T07:30:00+0200,137.34,EUR/MWh,BE,BE,imbalance_price,Short,2026-06-20T12:20:56Z
2026-06-20T12:18:09Z,2026-06-20T14:18:09+0200,4bddbab4-20af-41f1-90cc-d649ae7f214d,2026-06-10T05:45:00Z,2026-06-10T07:45:00+0200,130.25,EUR/MWh,BE,BE,imbalance_price,Long,2026-06-20T12:20:56Z
2026-06-20T12:18:09Z,2026-06-20T14:18:09+0200,4bddbab4-20af-41f1-90cc-d649ae7f214d,2026-06-10T05:45:00Z,2026-06-10T07:45:00+0200,130.25,EUR/MWh,BE,BE,imbalance_price,Short,2026-06-20T12:20:56Z
2026-06-20T12:18:09Z,2026-06-20T14:18:09+0200,4bddbab4-20af-41f1-90cc-d649ae7f214d,2026-06-10T06:00:00Z,2026-06-10T08:00:00+0200,123.48,EUR/MWh,BE,BE,imbalance_price,Long,2026-06-20T12:20:56Z
2026-06-20T12:18:09Z,2026-06-20T14:18:09+0200,4bddbab4-20af-41f1-90cc-d649ae7f214d,2026-06-10T06:00:00Z,2026-06-10T08:00:00+0200,123.48,EUR/MWh,BE,BE,imbalance_price,Short,2026-06-20T12:20:56Z
2026-06-20T12:18:09Z,2026-06-20T14:18:09+0200,4bddbab4-20af-41f1-90cc-d649ae7f214d,2026-06-10T06:15:00Z,2026-06-10T08:15:00+0200,118.68,EUR/MWh,BE,BE,imbalance_price,Long,2026-06-20T12:20:56Z
2026-06-20T12:18:09Z,2026-06-20T14:18:09+0200,4bddbab4-20af-41f1-90cc-d649ae7f214d,2026-06-10T06:15:00Z,2026-06-10T08:15:00+0200,118.68,EUR/MWh,BE,BE,imbalance_price,Short,2026-06-20T12:20:56Z
2026-06-20T12:18:09Z,2026-06-20T14:18:09+0200,4bddbab4-20af-41f1-90cc-d649ae7f214d,2026-06-10T06:30:00Z,2026-06-10T08:30:00+0200,113.19,EUR/MWh,BE,BE,imbalance_price,Long,2026-06-20T12:20:56Z
2026-06-20T12:18:09Z,2026-06-20T14:18:09+0200,4bddbab4-20af-41f1-90cc-d649ae7f214d,2026-06-10T06:30:00Z,2026-06-10T08:30:00+0200,113.19,EUR/MWh,BE,BE,imbalance_price,Short,2026-06-20T12:20:56Z
2026-06-20T12:18:09Z,2026-06-20T14:18:09+0200,4bddbab4-20af-41f1-90cc-d649ae7f214d,2026-06-10T06:45:00Z,2026-06-10T08:45:00+0200,109.76,EUR/MWh,BE,BE,imbalance_price,Long,2026-06-20T12:20:56Z
2026-06-20T12:18:09Z,2026-06-20T14:18:09+0200,4bddbab4-20af-41f1-90cc-d649ae7f214d,2026-06-10T06:45:00Z,2026-06-10T08:45:00+0200,109.76,EUR/MWh,BE,BE,imbalance_price,Short,2026-06-20T12:20:56Z
2026-06-20T12:18:09Z,2026-06-20T14:18:09+0200,4bddbab4-20af-41f1-90cc-d649ae7f214d,2026-06-10T07:00:00Z,2026-06-10T09:00:00+0200,99.4,EUR/MWh,BE,BE,imbalance_price,Long,2026-06-20T12:20:56Z
2026-06-20T12:18:09Z,2026-06-20T14:18:09+0200,4bddbab4-20af-41f1-90cc-d649ae7f214d,2026-06-10T07:00:00Z,2026-06-10T09:00:00+0200,99.4,EUR/MWh,BE,BE,imbalance_price,Short,2026-06-20T12:20:56Z
2026-06-20T12:18:09Z,2026-06-20T14:18:09+0200,4bddbab4-20af-41f1-90cc-d649ae7f214d,2026-06-10T07:15:00Z,2026-06-10T09:15:00+0200,96.38,EUR/MWh,BE,BE,imbalance_price,Long,2026-06-20T12:20:56Z
2026-06-20T12:18:09Z,2026-06-20T14:18:09+0200,4bddbab4-20af-41f1-90cc-d649ae7f214d,2026-06-10T07:15:00Z,2026-06-10T09:15:00+0200,96.38,EUR/MWh,BE,BE,imbalance_price,Short,2026-06-20T12:20:56Z
2026-06-20T12:18:09Z,2026-06-20T14:18:09+0200,4bddbab4-20af-41f1-90cc-d649ae7f214d,2026-06-10T07:30:00Z,2026-06-10T09:30:00+0200,92.78,EUR/MWh,BE,BE,imbalance_price,Long,2026-06-20T12:20:56Z
2026-06-20T12:18:09Z,2026-06-20T14:18:09+0200,4bddbab4-20af-41f1-90cc-d649ae7f214d,2026-06-10T07:30:00Z,2026-06-10T09:30:00+0200,92.78,EUR/MWh,BE,BE,imbalance_price,Short,2026-06-20T12:20:56Z
2026-06-20T12:18:09Z,2026-06-20T14:18:09+0200,4bddbab4-20af-41f1-90cc-d649ae7f214d,2026-06-10T07:45:00Z,2026-06-10T09:45:00+0200,103.81,EUR/MWh,BE,BE,imbalance_price,Long,2026-06-20T12:20:56Z
2026-06-20T12:18:09Z,2026-06-20T14:18:09+0200,4bddbab4-20af-41f1-90cc-d649ae7f214d,2026-06-10T07:45:00Z,2026-06-10T09:45:00+0200,103.81,EUR/MWh,BE,BE,imbalance_price,Short,2026-06-20T12:20:56Z
2026-06-20T12:18:09Z,2026-06-20T14:18:09+0200,4bddbab4-20af-41f1-90cc-d649ae7f214d,2026-06-10T08:00:00Z,2026-06-10T10:00:00+0200,96.6,EUR/MWh,BE,BE,imbalance_price,Long,2026-06-20T12:20:56Z
2026-06-20T12:18:09Z,2026-06-20T14:18:09+0200,4bddbab4-20af-41f1-90cc-d649ae7f214d,2026-06-10T08:00:00Z,2026-06-10T10:00:00+0200,96.6,EUR/MWh,BE,BE,imbalance_price,Short,2026-06-20T12:20:56Z
2026-06-20T12:18:09Z,2026-06-20T14:18:09+0200,4bddbab4-20af-41f1-90cc-d649ae7f214d,2026-06-10T08:15:00Z,2026-06-10T10:15:00+0200,38.32,EUR/MWh,BE,BE,imbalance_price,Long,2026-06-20T12:20:56Z
2026-06-20T12:18:09Z,2026-06-20T14:18:09+0200,4bddbab4-20af-41f1-90cc-d649ae7f214d,2026-06-10T08:15:00Z,2026-06-10T10:15:00+0200,38.32,EUR/MWh,BE,BE,imbalance_price,Short,2026-06-20T12:20:56Z
2026-06-20T12:18:09Z,2026-06-20T14:18:09+0200,4bddbab4-20af-41f1-90cc-d649ae7f214d,2026-06-10T08:30:00Z,2026-06-10T10:30:00+0200,176.04,EUR/MWh,BE,BE,imbalance_price,Long,2026-06-20T12:20:56Z
2026-06-20T12:18:09Z,2026-06-20T14:18:09+0200,4bddbab4-20af-41f1-90cc-d649ae7f214d,2026-06-10T08:30:00Z,2026-06-10T10:30:00+0200,176.04,EUR/MWh,BE,BE,imbalance_price,Short,2026-06-20T12:20:56Z
2026-06-20T12:18:09Z,2026-06-20T14:18:09+0200,4bddbab4-20af-41f1-90cc-d649ae7f214d,2026-06-10T08:45:00Z,2026-06-10T10:45:00+0200,69.67,EUR/MWh,BE,BE,imbalance_price,Long,2026-06-20T12:20:56Z
2026-06-20T12:18:09Z,2026-06-20T14:18:09+0200,4bddbab4-20af-41f1-90cc-d649ae7f214d,2026-06-10T08:45:00Z,2026-06-10T10:45:00+0200,69.67,EUR/MWh,BE,BE,imbalance_price,Short,2026-06-20T12:20:56Z
2026-06-20T12:18:09Z,2026-06-20T14:18:09+0200,4bddbab4-20af-41f1-90cc-d649ae7f214d,2026-06-10T09:00:00Z,2026-06-10T11:00:00+0200,80.66,EUR/MWh,BE,BE,imbalance_price,Long,2026-06-20T12:20:56Z
2026-06-20T12:18:09Z,2026-06-20T14:18:09+0200,4bddbab4-20af-41f1-90cc-d649ae7f214d,2026-06-10T09:00:00Z,2026-06-10T11:00:00+0200,80.66,EUR/MWh,BE,BE,imbalance_price,Short,2026-06-20T12:20:56Z
2026-06-20T12:18:09Z,2026-06-20T14:18:09+0200,4bddbab4-20af-41f1-90cc-d649ae7f214d,2026-06-10T09:15:00Z,2026-06-10T11:15:00+0200,64.52,EUR/MWh,BE,BE,imbalance_price,Long,2026-06-20T12:20:56Z
2026-06-20T12:18:09Z,2026-06-20T14:18:09+0200,4bddbab4-20af-41f1-90cc-d649ae7f214d,2026-06-10T09:15:00Z,2026-06-10T11:15:00+0200,64.52,EUR/MWh,BE,BE,imbalance_price,Short,2026-06-20T12:20:56Z
2026-06-20T12:18:09Z,2026-06-20T14:18:09+0200,4bddbab4-20af-41f1-90cc-d649ae7f214d,2026-06-10T09:30:00Z,2026-06-10T11:30:00+0200,61.33,EUR/MWh,BE,BE,imbalance_price,Long,2026-06-20T12:20:56Z
2026-06-20T12:18:09Z,2026-06-20T14:18:09+0200,4bddbab4-20af-41f1-90cc-d649ae7f214d,2026-06-10T09:30:00Z,2026-06-10T11:30:00+0200,61.33,EUR/MWh,BE,BE,imbalance_price,Short,2026-06-20T12:20:56Z
2026-06-20T12:18:09Z,2026-06-20T14:18:09+0200,4bddbab4-20af-41f1-90cc-d649ae7f214d,2026-06-10T09:45:00Z,2026-06-10T11:45:00+0200,-0.43,EUR/MWh,BE,BE,imbalance_price,Long,2026-06-20T12:20:56Z
2026-06-20T12:18:09Z,2026-06-20T14:18:09+0200,4bddbab4-20af-41f1-90cc-d649ae7f214d,2026-06-10T09:45:00Z,2026-06-10T11:45:00+0200,-0.43,EUR/MWh,BE,BE,imbalance_price,Short,2026-06-20T12:20:56Z
2026-06-20T12:18:09Z,2026-06-20T14:18:09+0200,4bddbab4-20af-41f1-90cc-d649ae7f214d,2026-06-10T10:00:00Z,2026-06-10T12:00:00+0200,4.36,EUR/MWh,BE,BE,imbalance_price,Long,2026-06-20T12:20:56Z
2026-06-20T12:18:09Z,2026-06-20T14:18:09+0200,4bddbab4-20af-41f1-90cc-d649ae7f214d,2026-06-10T10:00:00Z,2026-06-10T12:00:00+0200,4.36,EUR/MWh,BE,BE,imbalance_price,Short,2026-06-20T12:20:56Z
2026-06-20T12:18:09Z,2026-06-20T14:18:09+0200,4bddbab4-20af-41f1-90cc-d649ae7f214d,2026-06-10T10:15:00Z,2026-06-10T12:15:00+0200,23.18,EUR/MWh,BE,BE,imbalance_price,Long,2026-06-20T12:20:56Z
2026-06-20T12:18:09Z,2026-06-20T14:18:09+0200,4bddbab4-20af-41f1-90cc-d649ae7f214d,2026-06-10T10:15:00Z,2026-06-10T12:15:00+0200,23.18,EUR/MWh,BE,BE,imbalance_price,Short,2026-06-20T12:20:56Z
2026-06-20T12:18:09Z,2026-06-20T14:18:09+0200,4bddbab4-20af-41f1-90cc-d649ae7f214d,2026-06-10T10:30:00Z,2026-06-10T12:30:00+0200,82.67,EUR/MWh,BE,BE,imbalance_price,Long,2026-06-20T12:20:56Z
2026-06-20T12:18:09Z,2026-06-20T14:18:09+0200,4bddbab4-20af-41f1-90cc-d649ae7f214d,2026-06-10T10:30:00Z,2026-06-10T12:30:00+0200,82.67,EUR/MWh,BE,BE,imbalance_price,Short,2026-06-20T12:20:56Z
2026-06-20T12:18:09Z,2026-06-20T14:18:09+0200,4bddbab4-20af-41f1-90cc-d649ae7f214d,2026-06-10T10:45:00Z,2026-06-10T12:45:00+0200,87.24,EUR/MWh,BE,BE,imbalance_price,Long,2026-06-20T12:20:56Z
2026-06-20T12:18:09Z,2026-06-20T14:18:09+0200,4bddbab4-20af-41f1-90cc-d649ae7f214d,2026-06-10T10:45:00Z,2026-06-10T12:45:00+0200,87.24,EUR/MWh,BE,BE,imbalance_price,Short,2026-06-20T12:20:56Z
2026-06-20T12:18:09Z,2026-06-20T14:18:09+0200,4bddbab4-20af-41f1-90cc-d649ae7f214d,2026-06-10T11:00:00Z,2026-06-10T13:00:00+0200,64.2,EUR/MWh,BE,BE,imbalance_price,Long,2026-06-20T12:20:56Z
2026-06-20T12:18:09Z,2026-06-20T14:18:09+0200,4bddbab4-20af-41f1-90cc-d649ae7f214d,2026-06-10T11:00:00Z,2026-06-10T13:00:00+0200,64.2,EUR/MWh,BE,BE,imbalance_price,Short,2026-06-20T12:20:56Z
2026-06-20T12:18:09Z,2026-06-20T14:18:09+0200,4bddbab4-20af-41f1-90cc-d649ae7f214d,2026-06-10T11:15:00Z,2026-06-10T13:15:00+0200,79.6,EUR/MWh,BE,BE,imbalance_price,Long,2026-06-20T12:20:56Z
2026-06-20T12:18:09Z,2026-06-20T14:18:09+0200,4bddbab4-20af-41f1-90cc-d649ae7f214d,2026-06-10T11:15:00Z,2026-06-10T13:15:00+0200,79.6,EUR/MWh,BE,BE,imbalance_price,Short,2026-06-20T12:20:56Z
2026-06-20T12:18:09Z,2026-06-20T14:18:09+0200,4bddbab4-20af-41f1-90cc-d649ae7f214d,2026-06-10T11:30:00Z,2026-06-10T13:30:00+0200,105.69,EUR/MWh,BE,BE,imbalance_price,Long,2026-06-20T12:20:56Z
2026-06-20T12:18:09Z,2026-06-20T14:18:09+0200,4bddbab4-20af-41f1-90cc-d649ae7f214d,2026-06-10T11:30:00Z,2026-06-10T13:30:00+0200,105.69,EUR/MWh,BE,BE,imbalance_price,Short,2026-06-20T12:20:56Z
2026-06-20T12:18:09Z,2026-06-20T14:18:09+0200,4bddbab4-20af-41f1-90cc-d649ae7f214d,2026-06-10T11:45:00Z,2026-06-10T13:45:00+0200,-57.69,EUR/MWh,BE,BE,imbalance_price,Long,2026-06-20T12:20:56Z
2026-06-20T12:18:09Z,2026-06-20T14:18:09+0200,4bddbab4-20af-41f1-90cc-d649ae7f214d,2026-06-10T11:45:00Z,2026-06-10T13:45:00+0200,-57.69,EUR/MWh,BE,BE,imbalance_price,Short,2026-06-20T12:20:56Z
2026-06-20T12:18:09Z,2026-06-20T14:18:09+0200,4bddbab4-20af-41f1-90cc-d649ae7f214d,2026-06-10T12:00:00Z,2026-06-10T14:00:00+0200,-59.51,EUR/MWh,BE,BE,imbalance_price,Long,2026-06-20T12:20:56Z
2026-06-20T12:18:09Z,2026-06-20T14:18:09+0200,4bddbab4-20af-41f1-90cc-d649ae7f214d,2026-06-10T12:00:00Z,2026-06-10T14:00:00+0200,-59.51,EUR/MWh,BE,BE,imbalance_price,Short,2026-06-20T12:20:56Z
2026-06-20T12:18:09Z,2026-06-20T14:18:09+0200,4bddbab4-20af-41f1-90cc-d649ae7f214d,2026-06-10T12:15:00Z,2026-06-10T14:15:00+0200,-23.9,EUR/MWh,BE,BE,imbalance_price,Long,2026-06-20T12:20:56Z
2026-06-20T12:18:09Z,2026-06-20T14:18:09+0200,4bddbab4-20af-41f1-90cc-d649ae7f214d,2026-06-10T12:15:00Z,2026-06-10T14:15:00+0200,-23.9,EUR/MWh,BE,BE,imbalance_price,Short,2026-06-20T12:20:56Z
2026-06-20T12:18:09Z,2026-06-20T14:18:09+0200,4bddbab4-20af-41f1-90cc-d649ae7f214d,2026-06-10T12:30:00Z,2026-06-10T14:30:00+0200,-18.46,EUR/MWh,BE,BE,imbalance_price,Long,2026-06-20T12:20:56Z
2026-06-20T12:18:09Z,2026-06-20T14:18:09+0200,4bddbab4-20af-41f1-90cc-d649ae7f214d,2026-06-10T12:30:00Z,2026-06-10T14:30:00+0200,-18.46,EUR/MWh,BE,BE,imbalance_price,Short,2026-06-20T12:20:56Z
2026-06-20T12:18:09Z,2026-06-20T14:18:09+0200,4bddbab4-20af-41f1-90cc-d649ae7f214d,2026-06-10T12:45:00Z,2026-06-10T14:45:00+0200,-70.55,EUR/MWh,BE,BE,imbalance_price,Long,2026-06-20T12:20:56Z
2026-06-20T12:18:09Z,2026-06-20T14:18:09+0200,4bddbab4-20af-41f1-90cc-d649ae7f214d,2026-06-10T12:45:00Z,2026-06-10T14:45:00+0200,-70.55,EUR/MWh,BE,BE,imbalance_price,Short,2026-06-20T12:20:56Z
2026-06-20T12:18:09Z,2026-06-20T14:18:09+0200,4bddbab4-20af-41f1-90cc-d649ae7f214d,2026-06-10T13:00:00Z,2026-06-10T15:00:00+0200,-35.33,EUR/MWh,BE,BE,imbalance_price,Long,2026-06-20T12:20:56Z
2026-06-20T12:18:09Z,2026-06-20T14:18:09+0200,4bddbab4-20af-41f1-90cc-d649ae7f214d,2026-06-10T13:00:00Z,2026-06-10T15:00:00+0200,-35.33,EUR/MWh,BE,BE,imbalance_price,Short,2026-06-20T12:20:56Z
2026-06-20T12:18:09Z,2026-06-20T14:18:09+0200,4bddbab4-20af-41f1-90cc-d649ae7f214d,2026-06-10T13:15:00Z,2026-06-10T15:15:00+0200,55.62,EUR/MWh,BE,BE,imbalance_price,Long,2026-06-20T12:20:56Z
2026-06-20T12:18:09Z,2026-06-20T14:18:09+0200,4bddbab4-20af-41f1-90cc-d649ae7f214d,2026-06-10T13:15:00Z,2026-06-10T15:15:00+0200,55.62,EUR/MWh,BE,BE,imbalance_price,Short,2026-06-20T12:20:56Z
2026-06-20T12:18:09Z,2026-06-20T14:18:09+0200,4bddbab4-20af-41f1-90cc-d649ae7f214d,2026-06-10T13:30:00Z,2026-06-10T15:30:00+0200,91.93,EUR/MWh,BE,BE,imbalance_price,Long,2026-06-20T12:20:56Z
2026-06-20T12:18:09Z,2026-06-20T14:18:09+0200,4bddbab4-20af-41f1-90cc-d649ae7f214d,2026-06-10T13:30:00Z,2026-06-10T15:30:00+0200,91.93,EUR/MWh,BE,BE,imbalance_price,Short,2026-06-20T12:20:56Z
2026-06-20T12:18:09Z,2026-06-20T14:18:09+0200,4bddbab4-20af-41f1-90cc-d649ae7f214d,2026-06-10T13:45:00Z,2026-06-10T15:45:00+0200,37.39,EUR/MWh,BE,BE,imbalance_price,Long,2026-06-20T12:20:56Z
2026-06-20T12:18:09Z,2026-06-20T14:18:09+0200,4bddbab4-20af-41f1-90cc-d649ae7f214d,2026-06-10T13:45:00Z,2026-06-10T15:45:00+0200,37.39,EUR/MWh,BE,BE,imbalance_price,Short,2026-06-20T12:20:56Z
2026-06-20T12:18:09Z,2026-06-20T14:18:09+0200,4bddbab4-20af-41f1-90cc-d649ae7f214d,2026-06-10T14:00:00Z,2026-06-10T16:00:00+0200,-9.99,EUR/MWh,BE,BE,imbalance_price,Long,2026-06-20T12:20:56Z
2026-06-20T12:18:09Z,2026-06-20T14:18:09+0200,4bddbab4-20af-41f1-90cc-d649ae7f214d,2026-06-10T14:00:00Z,2026-06-10T16:00:00+0200,-9.99,EUR/MWh,BE,BE,imbalance_price,Short,2026-06-20T12:20:56Z
2026-06-20T12:18:09Z,2026-06-20T14:18:09+0200,4bddbab4-20af-41f1-90cc-d649ae7f214d,2026-06-10T14:15:00Z,2026-06-10T16:15:00+0200,-29.13,EUR/MWh,BE,BE,imbalance_price,Long,2026-06-20T12:20:56Z
2026-06-20T12:18:09Z,2026-06-20T14:18:09+0200,4bddbab4-20af-41f1-90cc-d649ae7f214d,2026-06-10T14:15:00Z,2026-06-10T16:15:00+0200,-29.13,EUR/MWh,BE,BE,imbalance_price,Short,2026-06-20T12:20:56Z
2026-06-20T12:18:09Z,2026-06-20T14:18:09+0200,4bddbab4-20af-41f1-90cc-d649ae7f214d,2026-06-10T14:30:00Z,2026-06-10T16:30:00+0200,13.51,EUR/MWh,BE,BE,imbalance_price,Long,2026-06-20T12:20:56Z
2026-06-20T12:18:09Z,2026-06-20T14:18:09+0200,4bddbab4-20af-41f1-90cc-d649ae7f214d,2026-06-10T14:30:00Z,2026-06-10T16:30:00+0200,13.51,EUR/MWh,BE,BE,imbalance_price,Short,2026-06-20T12:20:56Z
2026-06-20T12:18:09Z,2026-06-20T14:18:09+0200,4bddbab4-20af-41f1-90cc-d649ae7f214d,2026-06-10T14:45:00Z,2026-06-10T16:45:00+0200,120.2,EUR/MWh,BE,BE,imbalance_price,Long,2026-06-20T12:20:56Z
2026-06-20T12:18:09Z,2026-06-20T14:18:09+0200,4bddbab4-20af-41f1-90cc-d649ae7f214d,2026-06-10T14:45:00Z,2026-06-10T16:45:00+0200,120.2,EUR/MWh,BE,BE,imbalance_price,Short,2026-06-20T12:20:56Z
2026-06-20T12:18:09Z,2026-06-20T14:18:09+0200,4bddbab4-20af-41f1-90cc-d649ae7f214d,2026-06-10T15:00:00Z,2026-06-10T17:00:00+0200,106.65,EUR/MWh,BE,BE,imbalance_price,Long,2026-06-20T12:20:56Z
2026-06-20T12:18:09Z,2026-06-20T14:18:09+0200,4bddbab4-20af-41f1-90cc-d649ae7f214d,2026-06-10T15:00:00Z,2026-06-10T17:00:00+0200,106.65,EUR/MWh,BE,BE,imbalance_price,Short,2026-06-20T12:20:56Z
2026-06-20T12:18:09Z,2026-06-20T14:18:09+0200,4bddbab4-20af-41f1-90cc-d649ae7f214d,2026-06-10T15:15:00Z,2026-06-10T17:15:00+0200,81.93,EUR/MWh,BE,BE,imbalance_price,Long,2026-06-20T12:20:56Z
2026-06-20T12:18:09Z,2026-06-20T14:18:09+0200,4bddbab4-20af-41f1-90cc-d649ae7f214d,2026-06-10T15:15:00Z,2026-06-10T17:15:00+0200,81.93,EUR/MWh,BE,BE,imbalance_price,Short,2026-06-20T12:20:56Z
2026-06-20T12:18:09Z,2026-06-20T14:18:09+0200,4bddbab4-20af-41f1-90cc-d649ae7f214d,2026-06-10T15:30:00Z,2026-06-10T17:30:00+0200,120.0,EUR/MWh,BE,BE,imbalance_price,Long,2026-06-20T12:20:56Z
2026-06-20T12:18:09Z,2026-06-20T14:18:09+0200,4bddbab4-20af-41f1-90cc-d649ae7f214d,2026-06-10T15:30:00Z,2026-06-10T17:30:00+0200,120.0,EUR/MWh,BE,BE,imbalance_price,Short,2026-06-20T12:20:56Z
2026-06-20T12:18:09Z,2026-06-20T14:18:09+0200,4bddbab4-20af-41f1-90cc-d649ae7f214d,2026-06-10T15:45:00Z,2026-06-10T17:45:00+0200,123.66,EUR/MWh,BE,BE,imbalance_price,Long,2026-06-20T12:20:56Z
2026-06-20T12:18:09Z,2026-06-20T14:18:09+0200,4bddbab4-20af-41f1-90cc-d649ae7f214d,2026-06-10T15:45:00Z,2026-06-10T17:45:00+0200,123.66,EUR/MWh,BE,BE,imbalance_price,Short,2026-06-20T12:20:56Z
2026-06-20T12:18:09Z,2026-06-20T14:18:09+0200,4bddbab4-20af-41f1-90cc-d649ae7f214d,2026-06-10T16:00:00Z,2026-06-10T18:00:00+0200,143.81,EUR/MWh,BE,BE,imbalance_price,Long,2026-06-20T12:20:56Z
2026-06-20T12:18:09Z,2026-06-20T14:18:09+0200,4bddbab4-20af-41f1-90cc-d649ae7f214d,2026-06-10T16:00:00Z,2026-06-10T18:00:00+0200,143.81,EUR/MWh,BE,BE,imbalance_price,Short,2026-06-20T12:20:56Z
2026-06-20T12:18:09Z,2026-06-20T14:18:09+0200,4bddbab4-20af-41f1-90cc-d649ae7f214d,2026-06-10T16:15:00Z,2026-06-10T18:15:00+0200,112.75,EUR/MWh,BE,BE,imbalance_price,Long,2026-06-20T12:20:56Z
2026-06-20T12:18:09Z,2026-06-20T14:18:09+0200,4bddbab4-20af-41f1-90cc-d649ae7f214d,2026-06-10T16:15:00Z,2026-06-10T18:15:00+0200,112.75,EUR/MWh,BE,BE,imbalance_price,Short,2026-06-20T12:20:56Z
2026-06-20T12:18:09Z,2026-06-20T14:18:09+0200,4bddbab4-20af-41f1-90cc-d649ae7f214d,2026-06-10T16:30:00Z,2026-06-10T18:30:00+0200,204.79,EUR/MWh,BE,BE,imbalance_price,Long,2026-06-20T12:20:56Z
2026-06-20T12:18:09Z,2026-06-20T14:18:09+0200,4bddbab4-20af-41f1-90cc-d649ae7f214d,2026-06-10T16:30:00Z,2026-06-10T18:30:00+0200,204.79,EUR/MWh,BE,BE,imbalance_price,Short,2026-06-20T12:20:56Z
2026-06-20T12:18:09Z,2026-06-20T14:18:09+0200,4bddbab4-20af-41f1-90cc-d649ae7f214d,2026-06-10T16:45:00Z,2026-06-10T18:45:00+0200,169.52,EUR/MWh,BE,BE,imbalance_price,Long,2026-06-20T12:20:56Z
2026-06-20T12:18:09Z,2026-06-20T14:18:09+0200,4bddbab4-20af-41f1-90cc-d649ae7f214d,2026-06-10T16:45:00Z,2026-06-10T18:45:00+0200,169.52,EUR/MWh,BE,BE,imbalance_price,Short,2026-06-20T12:20:56Z
2026-06-20T12:18:09Z,2026-06-20T14:18:09+0200,4bddbab4-20af-41f1-90cc-d649ae7f214d,2026-06-10T17:00:00Z,2026-06-10T19:00:00+0200,147.68,EUR/MWh,BE,BE,imbalance_price,Long,2026-06-20T12:20:56Z
2026-06-20T12:18:09Z,2026-06-20T14:18:09+0200,4bddbab4-20af-41f1-90cc-d649ae7f214d,2026-06-10T17:00:00Z,2026-06-10T19:00:00+0200,147.68,EUR/MWh,BE,BE,imbalance_price,Short,2026-06-20T12:20:56Z
2026-06-20T12:18:09Z,2026-06-20T14:18:09+0200,4bddbab4-20af-41f1-90cc-d649ae7f214d,2026-06-10T17:15:00Z,2026-06-10T19:15:00+0200,152.49,EUR/MWh,BE,BE,imbalance_price,Long,2026-06-20T12:20:56Z
2026-06-20T12:18:09Z,2026-06-20T14:18:09+0200,4bddbab4-20af-41f1-90cc-d649ae7f214d,2026-06-10T17:15:00Z,2026-06-10T19:15:00+0200,152.49,EUR/MWh,BE,BE,imbalance_price,Short,2026-06-20T12:20:56Z
2026-06-20T12:18:09Z,2026-06-20T14:18:09+0200,4bddbab4-20af-41f1-90cc-d649ae7f214d,2026-06-10T17:30:00Z,2026-06-10T19:30:00+0200,149.97,EUR/MWh,BE,BE,imbalance_price,Long,2026-06-20T12:20:56Z
2026-06-20T12:18:09Z,2026-06-20T14:18:09+0200,4bddbab4-20af-41f1-90cc-d649ae7f214d,2026-06-10T17:30:00Z,2026-06-10T19:30:00+0200,149.97,EUR/MWh,BE,BE,imbalance_price,Short,2026-06-20T12:20:56Z
2026-06-20T12:18:09Z,2026-06-20T14:18:09+0200,4bddbab4-20af-41f1-90cc-d649ae7f214d,2026-06-10T17:45:00Z,2026-06-10T19:45:00+0200,168.03,EUR/MWh,BE,BE,imbalance_price,Long,2026-06-20T12:20:56Z
2026-06-20T12:18:09Z,2026-06-20T14:18:09+0200,4bddbab4-20af-41f1-90cc-d649ae7f214d,2026-06-10T17:45:00Z,2026-06-10T19:45:00+0200,168.03,EUR/MWh,BE,BE,imbalance_price,Short,2026-06-20T12:20:56Z
2026-06-20T12:18:09Z,2026-06-20T14:18:09+0200,4bddbab4-20af-41f1-90cc-d649ae7f214d,2026-06-10T18:00:00Z,2026-06-10T20:00:00+0200,150.17,EUR/MWh,BE,BE,imbalance_price,Long,2026-06-20T12:20:56Z
2026-06-20T12:18:09Z,2026-06-20T14:18:09+0200,4bddbab4-20af-41f1-90cc-d649ae7f214d,2026-06-10T18:00:00Z,2026-06-10T20:00:00+0200,150.17,EUR/MWh,BE,BE,imbalance_price,Short,2026-06-20T12:20:56Z
2026-06-20T12:18:09Z,2026-06-20T14:18:09+0200,4bddbab4-20af-41f1-90cc-d649ae7f214d,2026-06-10T18:15:00Z,2026-06-10T20:15:00+0200,155.48,EUR/MWh,BE,BE,imbalance_price,Long,2026-06-20T12:20:56Z
2026-06-20T12:18:09Z,2026-06-20T14:18:09+0200,4bddbab4-20af-41f1-90cc-d649ae7f214d,2026-06-10T18:15:00Z,2026-06-10T20:15:00+0200,155.48,EUR/MWh,BE,BE,imbalance_price,Short,2026-06-20T12:20:56Z
2026-06-20T12:18:09Z,2026-06-20T14:18:09+0200,4bddbab4-20af-41f1-90cc-d649ae7f214d,2026-06-10T18:30:00Z,2026-06-10T20:30:00+0200,160.12,EUR/MWh,BE,BE,imbalance_price,Long,2026-06-20T12:20:56Z
2026-06-20T12:18:09Z,2026-06-20T14:18:09+0200,4bddbab4-20af-41f1-90cc-d649ae7f214d,2026-06-10T18:30:00Z,2026-06-10T20:30:00+0200,160.12,EUR/MWh,BE,BE,imbalance_price,Short,2026-06-20T12:20:56Z
2026-06-20T12:18:09Z,2026-06-20T14:18:09+0200,4bddbab4-20af-41f1-90cc-d649ae7f214d,2026-06-10T18:45:00Z,2026-06-10T20:45:00+0200,124.03,EUR/MWh,BE,BE,imbalance_price,Long,2026-06-20T12:20:56Z
2026-06-20T12:18:09Z,2026-06-20T14:18:09+0200,4bddbab4-20af-41f1-90cc-d649ae7f214d,2026-06-10T18:45:00Z,2026-06-10T20:45:00+0200,124.03,EUR/MWh,BE,BE,imbalance_price,Short,2026-06-20T12:20:56Z
2026-06-20T12:18:09Z,2026-06-20T14:18:09+0200,4bddbab4-20af-41f1-90cc-d649ae7f214d,2026-06-10T19:00:00Z,2026-06-10T21:00:00+0200,140.14,EUR/MWh,BE,BE,imbalance_price,Long,2026-06-20T12:20:56Z
2026-06-20T12:18:09Z,2026-06-20T14:18:09+0200,4bddbab4-20af-41f1-90cc-d649ae7f214d,2026-06-10T19:00:00Z,2026-06-10T21:00:00+0200,140.14,EUR/MWh,BE,BE,imbalance_price,Short,2026-06-20T12:20:56Z
2026-06-20T12:18:09Z,2026-06-20T14:18:09+0200,4bddbab4-20af-41f1-90cc-d649ae7f214d,2026-06-10T19:15:00Z,2026-06-10T21:15:00+0200,28.52,EUR/MWh,BE,BE,imbalance_price,Long,2026-06-20T12:20:56Z
2026-06-20T12:18:09Z,2026-06-20T14:18:09+0200,4bddbab4-20af-41f1-90cc-d649ae7f214d,2026-06-10T19:15:00Z,2026-06-10T21:15:00+0200,28.52,EUR/MWh,BE,BE,imbalance_price,Short,2026-06-20T12:20:56Z
2026-06-20T12:18:09Z,2026-06-20T14:18:09+0200,4bddbab4-20af-41f1-90cc-d649ae7f214d,2026-06-10T19:30:00Z,2026-06-10T21:30:00+0200,-25.27,EUR/MWh,BE,BE,imbalance_price,Long,2026-06-20T12:20:56Z
2026-06-20T12:18:09Z,2026-06-20T14:18:09+0200,4bddbab4-20af-41f1-90cc-d649ae7f214d,2026-06-10T19:30:00Z,2026-06-10T21:30:00+0200,-25.27,EUR/MWh,BE,BE,imbalance_price,Short,2026-06-20T12:20:56Z
2026-06-20T12:18:09Z,2026-06-20T14:18:09+0200,4bddbab4-20af-41f1-90cc-d649ae7f214d,2026-06-10T19:45:00Z,2026-06-10T21:45:00+0200,109.95,EUR/MWh,BE,BE,imbalance_price,Long,2026-06-20T12:20:56Z
2026-06-20T12:18:09Z,2026-06-20T14:18:09+0200,4bddbab4-20af-41f1-90cc-d649ae7f214d,2026-06-10T19:45:00Z,2026-06-10T21:45:00+0200,109.95,EUR/MWh,BE,BE,imbalance_price,Short,2026-06-20T12:20:56Z
2026-06-20T12:18:09Z,2026-06-20T14:18:09+0200,4bddbab4-20af-41f1-90cc-d649ae7f214d,2026-06-10T20:00:00Z,2026-06-10T22:00:00+0200,137.85,EUR/MWh,BE,BE,imbalance_price,Long,2026-06-20T12:20:56Z
2026-06-20T12:18:09Z,2026-06-20T14:18:09+0200,4bddbab4-20af-41f1-90cc-d649ae7f214d,2026-06-10T20:00:00Z,2026-06-10T22:00:00+0200,137.85,EUR/MWh,BE,BE,imbalance_price,Short,2026-06-20T12:20:56Z
2026-06-20T12:18:09Z,2026-06-20T14:18:09+0200,4bddbab4-20af-41f1-90cc-d649ae7f214d,2026-06-10T20:15:00Z,2026-06-10T22:15:00+0200,148.52,EUR/MWh,BE,BE,imbalance_price,Long,2026-06-20T12:20:56Z
2026-06-20T12:18:09Z,2026-06-20T14:18:09+0200,4bddbab4-20af-41f1-90cc-d649ae7f214d,2026-06-10T20:15:00Z,2026-06-10T22:15:00+0200,148.52,EUR/MWh,BE,BE,imbalance_price,Short,2026-06-20T12:20:56Z
2026-06-20T12:18:09Z,2026-06-20T14:18:09+0200,4bddbab4-20af-41f1-90cc-d649ae7f214d,2026-06-10T20:30:00Z,2026-06-10T22:30:00+0200,133.51,EUR/MWh,BE,BE,imbalance_price,Long,2026-06-20T12:20:56Z
2026-06-20T12:18:09Z,2026-06-20T14:18:09+0200,4bddbab4-20af-41f1-90cc-d649ae7f214d,2026-06-10T20:30:00Z,2026-06-10T22:30:00+0200,133.51,EUR/MWh,BE,BE,imbalance_price,Short,2026-06-20T12:20:56Z
2026-06-20T12:18:09Z,2026-06-20T14:18:09+0200,4bddbab4-20af-41f1-90cc-d649ae7f214d,2026-06-10T20:45:00Z,2026-06-10T22:45:00+0200,244.67,EUR/MWh,BE,BE,imbalance_price,Long,2026-06-20T12:20:56Z
2026-06-20T12:18:09Z,2026-06-20T14:18:09+0200,4bddbab4-20af-41f1-90cc-d649ae7f214d,2026-06-10T20:45:00Z,2026-06-10T22:45:00+0200,244.67,EUR/MWh,BE,BE,imbalance_price,Short,2026-06-20T12:20:56Z
2026-06-20T12:18:09Z,2026-06-20T14:18:09+0200,4bddbab4-20af-41f1-90cc-d649ae7f214d,2026-06-10T21:00:00Z,2026-06-10T23:00:00+0200,228.0,EUR/MWh,BE,BE,imbalance_price,Long,2026-06-20T12:20:56Z
2026-06-20T12:18:09Z,2026-06-20T14:18:09+0200,4bddbab4-20af-41f1-90cc-d649ae7f214d,2026-06-10T21:00:00Z,2026-06-10T23:00:00+0200,228.0,EUR/MWh,BE,BE,imbalance_price,Short,2026-06-20T12:20:56Z
2026-06-20T12:18:09Z,2026-06-20T14:18:09+0200,4bddbab4-20af-41f1-90cc-d649ae7f214d,2026-06-10T21:15:00Z,2026-06-10T23:15:00+0200,228.0,EUR/MWh,BE,BE,imbalance_price,Long,2026-06-20T12:20:56Z
2026-06-20T12:18:09Z,2026-06-20T14:18:09+0200,4bddbab4-20af-41f1-90cc-d649ae7f214d,2026-06-10T21:15:00Z,2026-06-10T23:15:00+0200,228.0,EUR/MWh,BE,BE,imbalance_price,Short,2026-06-20T12:20:56Z
2026-06-20T12:18:09Z,2026-06-20T14:18:09+0200,4bddbab4-20af-41f1-90cc-d649ae7f214d,2026-06-10T21:30:00Z,2026-06-10T23:30:00+0200,119.53,EUR/MWh,BE,BE,imbalance_price,Long,2026-06-20T12:20:56Z
2026-06-20T12:18:09Z,2026-06-20T14:18:09+0200,4bddbab4-20af-41f1-90cc-d649ae7f214d,2026-06-10T21:30:00Z,2026-06-10T23:30:00+0200,119.53,EUR/MWh,BE,BE,imbalance_price,Short,2026-06-20T12:20:56Z
2026-06-20T12:18:09Z,2026-06-20T14:18:09+0200,4bddbab4-20af-41f1-90cc-d649ae7f214d,2026-06-10T21:45:00Z,2026-06-10T23:45:00+0200,113.11,EUR/MWh,BE,BE,imbalance_price,Long,2026-06-20T12:20:56Z
2026-06-20T12:18:09Z,2026-06-20T14:18:09+0200,4bddbab4-20af-41f1-90cc-d649ae7f214d,2026-06-10T21:45:00Z,2026-06-10T23:45:00+0200,113.11,EUR/MWh,BE,BE,imbalance_price,Short,2026-06-20T12:20:56Z
2026-06-20T12:18:09Z,2026-06-20T14:18:09+0200,4bddbab4-20af-41f1-90cc-d649ae7f214d,2026-06-10T22:00:00Z,2026-06-11T00:00:00+0200,98.43,EUR/MWh,BE,BE,imbalance_price,Long,2026-06-20T12:20:56Z
2026-06-20T12:18:09Z,2026-06-20T14:18:09+0200,4bddbab4-20af-41f1-90cc-d649ae7f214d,2026-06-10T22:00:00Z,2026-06-11T00:00:00+0200,98.43,EUR/MWh,BE,BE,imbalance_price,Short,2026-06-20T12:20:56Z
2026-06-20T12:18:09Z,2026-06-20T14:18:09+0200,4bddbab4-20af-41f1-90cc-d649ae7f214d,2026-06-10T22:15:00Z,2026-06-11T00:15:00+0200,129.64,EUR/MWh,BE,BE,imbalance_price,Long,2026-06-20T12:20:56Z
2026-06-20T12:18:09Z,2026-06-20T14:18:09+0200,4bddbab4-20af-41f1-90cc-d649ae7f214d,2026-06-10T22:15:00Z,2026-06-11T00:15:00+0200,129.64,EUR/MWh,BE,BE,imbalance_price,Short,2026-06-20T12:20:56Z
2026-06-20T12:18:09Z,2026-06-20T14:18:09+0200,4bddbab4-20af-41f1-90cc-d649ae7f214d,2026-06-10T22:30:00Z,2026-06-11T00:30:00+0200,122.01,EUR/MWh,BE,BE,imbalance_price,Long,2026-06-20T12:20:56Z
2026-06-20T12:18:09Z,2026-06-20T14:18:09+0200,4bddbab4-20af-41f1-90cc-d649ae7f214d,2026-06-10T22:30:00Z,2026-06-11T00:30:00+0200,122.01,EUR/MWh,BE,BE,imbalance_price,Short,2026-06-20T12:20:56Z
2026-06-20T12:18:09Z,2026-06-20T14:18:09+0200,4bddbab4-20af-41f1-90cc-d649ae7f214d,2026-06-10T22:45:00Z,2026-06-11T00:45:00+0200,97.61,EUR/MWh,BE,BE,imbalance_price,Long,2026-06-20T12:20:56Z
2026-06-20T12:18:09Z,2026-06-20T14:18:09+0200,4bddbab4-20af-41f1-90cc-d649ae7f214d,2026-06-10T22:45:00Z,2026-06-11T00:45:00+0200,97.61,EUR/MWh,BE,BE,imbalance_price,Short,2026-06-20T12:20:56Z
2026-06-20T12:18:09Z,2026-06-20T14:18:09+0200,4bddbab4-20af-41f1-90cc-d649ae7f214d,2026-06-10T23:00:00Z,2026-06-11T01:00:00+0200,95.51,EUR/MWh,BE,BE,imbalance_price,Long,2026-06-20T12:20:56Z
2026-06-20T12:18:09Z,2026-06-20T14:18:09+0200,4bddbab4-20af-41f1-90cc-d649ae7f214d,2026-06-10T23:00:00Z,2026-06-11T01:00:00+0200,95.51,EUR/MWh,BE,BE,imbalance_price,Short,2026-06-20T12:20:56Z
2026-06-20T12:18:09Z,2026-06-20T14:18:09+0200,4bddbab4-20af-41f1-90cc-d649ae7f214d,2026-06-10T23:15:00Z,2026-06-11T01:15:00+0200,98.37,EUR/MWh,BE,BE,imbalance_price,Long,2026-06-20T12:20:56Z
2026-06-20T12:18:09Z,2026-06-20T14:18:09+0200,4bddbab4-20af-41f1-90cc-d649ae7f214d,2026-06-10T23:15:00Z,2026-06-11T01:15:00+0200,98.37,EUR/MWh,BE,BE,imbalance_price,Short,2026-06-20T12:20:56Z
2026-06-20T12:18:09Z,2026-06-20T14:18:09+0200,4bddbab4-20af-41f1-90cc-d649ae7f214d,2026-06-10T23:30:00Z,2026-06-11T01:30:00+0200,90.26,EUR/MWh,BE,BE,imbalance_price,Long,2026-06-20T12:20:56Z
2026-06-20T12:18:09Z,2026-06-20T14:18:09+0200,4bddbab4-20af-41f1-90cc-d649ae7f214d,2026-06-10T23:30:00Z,2026-06-11T01:30:00+0200,90.26,EUR/MWh,BE,BE,imbalance_price,Short,2026-06-20T12:20:56Z
2026-06-20T12:18:09Z,2026-06-20T14:18:09+0200,4bddbab4-20af-41f1-90cc-d649ae7f214d,2026-06-10T23:45:00Z,2026-06-11T01:45:00+0200,86.9,EUR/MWh,BE,BE,imbalance_price,Long,2026-06-20T12:20:56Z
2026-06-20T12:18:09Z,2026-06-20T14:18:09+0200,4bddbab4-20af-41f1-90cc-d649ae7f214d,2026-06-10T23:45:00Z,2026-06-11T01:45:00+0200,86.9,EUR/MWh,BE,BE,imbalance_price,Short,2026-06-20T12:20:56Z
2026-06-20T12:18:09Z,2026-06-20T14:18:09+0200,4bddbab4-20af-41f1-90cc-d649ae7f214d,2026-06-11T00:00:00Z,2026-06-11T02:00:00+0200,91.73,EUR/MWh,BE,BE,imbalance_price,Long,2026-06-20T12:20:56Z
2026-06-20T12:18:09Z,2026-06-20T14:18:09+0200,4bddbab4-20af-41f1-90cc-d649ae7f214d,2026-06-11T00:00:00Z,2026-06-11T02:00:00+0200,91.73,EUR/MWh,BE,BE,imbalance_price,Short,2026-06-20T12:20:56Z
2026-06-20T12:18:09Z,2026-06-20T14:18:09+0200,4bddbab4-20af-41f1-90cc-d649ae7f214d,2026-06-11T00:15:00Z,2026-06-11T02:15:00+0200,100.88,EUR/MWh,BE,BE,imbalance_price,Long,2026-06-20T12:20:56Z
2026-06-20T12:18:09Z,2026-06-20T14:18:09+0200,4bddbab4-20af-41f1-90cc-d649ae7f214d,2026-06-11T00:15:00Z,2026-06-11T02:15:00+0200,100.88,EUR/MWh,BE,BE,imbalance_price,Short,2026-06-20T12:20:56Z
2026-06-20T12:18:09Z,2026-06-20T14:18:09+0200,4bddbab4-20af-41f1-90cc-d649ae7f214d,2026-06-11T00:30:00Z,2026-06-11T02:30:00+0200,120.53,EUR/MWh,BE,BE,imbalance_price,Long,2026-06-20T12:20:56Z
2026-06-20T12:18:09Z,2026-06-20T14:18:09+0200,4bddbab4-20af-41f1-90cc-d649ae7f214d,2026-06-11T00:30:00Z,2026-06-11T02:30:00+0200,120.53,EUR/MWh,BE,BE,imbalance_price,Short,2026-06-20T12:20:56Z
2026-06-20T12:18:09Z,2026-06-20T14:18:09+0200,4bddbab4-20af-41f1-90cc-d649ae7f214d,2026-06-11T00:45:00Z,2026-06-11T02:45:00+0200,123.61,EUR/MWh,BE,BE,imbalance_price,Long,2026-06-20T12:20:56Z
2026-06-20T12:18:09Z,2026-06-20T14:18:09+0200,4bddbab4-20af-41f1-90cc-d649ae7f214d,2026-06-11T00:45:00Z,2026-06-11T02:45:00+0200,123.61,EUR/MWh,BE,BE,imbalance_price,Short,2026-06-20T12:20:56Z
2026-06-20T12:18:09Z,2026-06-20T14:18:09+0200,4bddbab4-20af-41f1-90cc-d649ae7f214d,2026-06-11T01:00:00Z,2026-06-11T03:00:00+0200,123.73,EUR/MWh,BE,BE,imbalance_price,Long,2026-06-20T12:20:56Z
2026-06-20T12:18:09Z,2026-06-20T14:18:09+0200,4bddbab4-20af-41f1-90cc-d649ae7f214d,2026-06-11T01:00:00Z,2026-06-11T03:00:00+0200,123.73,EUR/MWh,BE,BE,imbalance_price,Short,2026-06-20T12:20:56Z
2026-06-20T12:18:09Z,2026-06-20T14:18:09+0200,4bddbab4-20af-41f1-90cc-d649ae7f214d,2026-06-11T01:15:00Z,2026-06-11T03:15:00+0200,121.68,EUR/MWh,BE,BE,imbalance_price,Long,2026-06-20T12:20:56Z
2026-06-20T12:18:09Z,2026-06-20T14:18:09+0200,4bddbab4-20af-41f1-90cc-d649ae7f214d,2026-06-11T01:15:00Z,2026-06-11T03:15:00+0200,121.68,EUR/MWh,BE,BE,imbalance_price,Short,2026-06-20T12:20:56Z
2026-06-20T12:18:09Z,2026-06-20T14:18:09+0200,4bddbab4-20af-41f1-90cc-d649ae7f214d,2026-06-11T01:30:00Z,2026-06-11T03:30:00+0200,118.2,EUR/MWh,BE,BE,imbalance_price,Long,2026-06-20T12:20:56Z
2026-06-20T12:18:09Z,2026-06-20T14:18:09+0200,4bddbab4-20af-41f1-90cc-d649ae7f214d,2026-06-11T01:30:00Z,2026-06-11T03:30:00+0200,118.2,EUR/MWh,BE,BE,imbalance_price,Short,2026-06-20T12:20:56Z
2026-06-20T12:18:09Z,2026-06-20T14:18:09+0200,4bddbab4-20af-41f1-90cc-d649ae7f214d,2026-06-11T01:45:00Z,2026-06-11T03:45:00+0200,115.79,EUR/MWh,BE,BE,imbalance_price,Long,2026-06-20T12:20:56Z
2026-06-20T12:18:09Z,2026-06-20T14:18:09+0200,4bddbab4-20af-41f1-90cc-d649ae7f214d,2026-06-11T01:45:00Z,2026-06-11T03:45:00+0200,115.79,EUR/MWh,BE,BE,imbalance_price,Short,2026-06-20T12:20:56Z
2026-06-20T12:18:09Z,2026-06-20T14:18:09+0200,4bddbab4-20af-41f1-90cc-d649ae7f214d,2026-06-11T02:00:00Z,2026-06-11T04:00:00+0200,97.84,EUR/MWh,BE,BE,imbalance_price,Long,2026-06-20T12:20:56Z
2026-06-20T12:18:09Z,2026-06-20T14:18:09+0200,4bddbab4-20af-41f1-90cc-d649ae7f214d,2026-06-11T02:00:00Z,2026-06-11T04:00:00+0200,97.84,EUR/MWh,BE,BE,imbalance_price,Short,2026-06-20T12:20:56Z
2026-06-20T12:18:09Z,2026-06-20T14:18:09+0200,4bddbab4-20af-41f1-90cc-d649ae7f214d,2026-06-11T02:15:00Z,2026-06-11T04:15:00+0200,93.64,EUR/MWh,BE,BE,imbalance_price,Long,2026-06-20T12:20:56Z
2026-06-20T12:18:09Z,2026-06-20T14:18:09+0200,4bddbab4-20af-41f1-90cc-d649ae7f214d,2026-06-11T02:15:00Z,2026-06-11T04:15:00+0200,93.64,EUR/MWh,BE,BE,imbalance_price,Short,2026-06-20T12:20:56Z
2026-06-20T12:18:09Z,2026-06-20T14:18:09+0200,4bddbab4-20af-41f1-90cc-d649ae7f214d,2026-06-11T02:30:00Z,2026-06-11T04:30:00+0200,94.49,EUR/MWh,BE,BE,imbalance_price,Long,2026-06-20T12:20:56Z
2026-06-20T12:18:09Z,2026-06-20T14:18:09+0200,4bddbab4-20af-41f1-90cc-d649ae7f214d,2026-06-11T02:30:00Z,2026-06-11T04:30:00+0200,94.49,EUR/MWh,BE,BE,imbalance_price,Short,2026-06-20T12:20:56Z
2026-06-20T12:18:09Z,2026-06-20T14:18:09+0200,4bddbab4-20af-41f1-90cc-d649ae7f214d,2026-06-11T02:45:00Z,2026-06-11T04:45:00+0200,113.03,EUR/MWh,BE,BE,imbalance_price,Long,2026-06-20T12:20:56Z
2026-06-20T12:18:09Z,2026-06-20T14:18:09+0200,4bddbab4-20af-41f1-90cc-d649ae7f214d,2026-06-11T02:45:00Z,2026-06-11T04:45:00+0200,113.03,EUR/MWh,BE,BE,imbalance_price,Short,2026-06-20T12:20:56Z
2026-06-20T12:18:09Z,2026-06-20T14:18:09+0200,4bddbab4-20af-41f1-90cc-d649ae7f214d,2026-06-11T03:00:00Z,2026-06-11T05:00:00+0200,95.34,EUR/MWh,BE,BE,imbalance_price,Long,2026-06-20T12:20:56Z
2026-06-20T12:18:09Z,2026-06-20T14:18:09+0200,4bddbab4-20af-41f1-90cc-d649ae7f214d,2026-06-11T03:00:00Z,2026-06-11T05:00:00+0200,95.34,EUR/MWh,BE,BE,imbalance_price,Short,2026-06-20T12:20:56Z
2026-06-20T12:18:09Z,2026-06-20T14:18:09+0200,4bddbab4-20af-41f1-90cc-d649ae7f214d,2026-06-11T03:15:00Z,2026-06-11T05:15:00+0200,101.26,EUR/MWh,BE,BE,imbalance_price,Long,2026-06-20T12:20:56Z
2026-06-20T12:18:09Z,2026-06-20T14:18:09+0200,4bddbab4-20af-41f1-90cc-d649ae7f214d,2026-06-11T03:15:00Z,2026-06-11T05:15:00+0200,101.26,EUR/MWh,BE,BE,imbalance_price,Short,2026-06-20T12:20:56Z
2026-06-20T12:18:09Z,2026-06-20T14:18:09+0200,4bddbab4-20af-41f1-90cc-d649ae7f214d,2026-06-11T03:30:00Z,2026-06-11T05:30:00+0200,97.79,EUR/MWh,BE,BE,imbalance_price,Long,2026-06-20T12:20:56Z
2026-06-20T12:18:09Z,2026-06-20T14:18:09+0200,4bddbab4-20af-41f1-90cc-d649ae7f214d,2026-06-11T03:30:00Z,2026-06-11T05:30:00+0200,97.79,EUR/MWh,BE,BE,imbalance_price,Short,2026-06-20T12:20:56Z
2026-06-20T12:18:09Z,2026-06-20T14:18:09+0200,4bddbab4-20af-41f1-90cc-d649ae7f214d,2026-06-11T03:45:00Z,2026-06-11T05:45:00+0200,118.21,EUR/MWh,BE,BE,imbalance_price,Long,2026-06-20T12:20:56Z
2026-06-20T12:18:09Z,2026-06-20T14:18:09+0200,4bddbab4-20af-41f1-90cc-d649ae7f214d,2026-06-11T03:45:00Z,2026-06-11T05:45:00+0200,118.21,EUR/MWh,BE,BE,imbalance_price,Short,2026-06-20T12:20:56Z
2026-06-20T12:18:09Z,2026-06-20T14:18:09+0200,4bddbab4-20af-41f1-90cc-d649ae7f214d,2026-06-11T04:00:00Z,2026-06-11T06:00:00+0200,128.99,EUR/MWh,BE,BE,imbalance_price,Long,2026-06-20T12:20:56Z
2026-06-20T12:18:09Z,2026-06-20T14:18:09+0200,4bddbab4-20af-41f1-90cc-d649ae7f214d,2026-06-11T04:00:00Z,2026-06-11T06:00:00+0200,128.99,EUR/MWh,BE,BE,imbalance_price,Short,2026-06-20T12:20:56Z
2026-06-20T12:18:09Z,2026-06-20T14:18:09+0200,4bddbab4-20af-41f1-90cc-d649ae7f214d,2026-06-11T04:15:00Z,2026-06-11T06:15:00+0200,127.45,EUR/MWh,BE,BE,imbalance_price,Long,2026-06-20T12:20:56Z
2026-06-20T12:18:09Z,2026-06-20T14:18:09+0200,4bddbab4-20af-41f1-90cc-d649ae7f214d,2026-06-11T04:15:00Z,2026-06-11T06:15:00+0200,127.45,EUR/MWh,BE,BE,imbalance_price,Short,2026-06-20T12:20:56Z
2026-06-20T12:18:09Z,2026-06-20T14:18:09+0200,4bddbab4-20af-41f1-90cc-d649ae7f214d,2026-06-11T04:30:00Z,2026-06-11T06:30:00+0200,135.5,EUR/MWh,BE,BE,imbalance_price,Long,2026-06-20T12:20:56Z
2026-06-20T12:18:09Z,2026-06-20T14:18:09+0200,4bddbab4-20af-41f1-90cc-d649ae7f214d,2026-06-11T04:30:00Z,2026-06-11T06:30:00+0200,135.5,EUR/MWh,BE,BE,imbalance_price,Short,2026-06-20T12:20:56Z
2026-06-20T12:18:09Z,2026-06-20T14:18:09+0200,4bddbab4-20af-41f1-90cc-d649ae7f214d,2026-06-11T04:45:00Z,2026-06-11T06:45:00+0200,128.39,EUR/MWh,BE,BE,imbalance_price,Long,2026-06-20T12:20:56Z
2026-06-20T12:18:09Z,2026-06-20T14:18:09+0200,4bddbab4-20af-41f1-90cc-d649ae7f214d,2026-06-11T04:45:00Z,2026-06-11T06:45:00+0200,128.39,EUR/MWh,BE,BE,imbalance_price,Short,2026-06-20T12:20:56Z
2026-06-20T12:18:09Z,2026-06-20T14:18:09+0200,4bddbab4-20af-41f1-90cc-d649ae7f214d,2026-06-11T05:00:00Z,2026-06-11T07:00:00+0200,145.62,EUR/MWh,BE,BE,imbalance_price,Long,2026-06-20T12:20:56Z
2026-06-20T12:18:09Z,2026-06-20T14:18:09+0200,4bddbab4-20af-41f1-90cc-d649ae7f214d,2026-06-11T05:00:00Z,2026-06-11T07:00:00+0200,145.62,EUR/MWh,BE,BE,imbalance_price,Short,2026-06-20T12:20:56Z
2026-06-20T12:18:09Z,2026-06-20T14:18:09+0200,4bddbab4-20af-41f1-90cc-d649ae7f214d,2026-06-11T05:15:00Z,2026-06-11T07:15:00+0200,146.17,EUR/MWh,BE,BE,imbalance_price,Long,2026-06-20T12:20:56Z
2026-06-20T12:18:09Z,2026-06-20T14:18:09+0200,4bddbab4-20af-41f1-90cc-d649ae7f214d,2026-06-11T05:15:00Z,2026-06-11T07:15:00+0200,146.17,EUR/MWh,BE,BE,imbalance_price,Short,2026-06-20T12:20:56Z
2026-06-20T12:18:09Z,2026-06-20T14:18:09+0200,4bddbab4-20af-41f1-90cc-d649ae7f214d,2026-06-11T05:30:00Z,2026-06-11T07:30:00+0200,141.49,EUR/MWh,BE,BE,imbalance_price,Long,2026-06-20T12:20:56Z
2026-06-20T12:18:09Z,2026-06-20T14:18:09+0200,4bddbab4-20af-41f1-90cc-d649ae7f214d,2026-06-11T05:30:00Z,2026-06-11T07:30:00+0200,141.49,EUR/MWh,BE,BE,imbalance_price,Short,2026-06-20T12:20:56Z
2026-06-20T12:18:09Z,2026-06-20T14:18:09+0200,4bddbab4-20af-41f1-90cc-d649ae7f214d,2026-06-11T05:45:00Z,2026-06-11T07:45:00+0200,126.38,EUR/MWh,BE,BE,imbalance_price,Long,2026-06-20T12:20:56Z
2026-06-20T12:18:09Z,2026-06-20T14:18:09+0200,4bddbab4-20af-41f1-90cc-d649ae7f214d,2026-06-11T05:45:00Z,2026-06-11T07:45:00+0200,126.38,EUR/MWh,BE,BE,imbalance_price,Short,2026-06-20T12:20:56Z
2026-06-20T12:18:09Z,2026-06-20T14:18:09+0200,4bddbab4-20af-41f1-90cc-d649ae7f214d,2026-06-11T06:00:00Z,2026-06-11T08:00:00+0200,100.26,EUR/MWh,BE,BE,imbalance_price,Long,2026-06-20T12:20:56Z
2026-06-20T12:18:09Z,2026-06-20T14:18:09+0200,4bddbab4-20af-41f1-90cc-d649ae7f214d,2026-06-11T06:00:00Z,2026-06-11T08:00:00+0200,100.26,EUR/MWh,BE,BE,imbalance_price,Short,2026-06-20T12:20:56Z
2026-06-20T12:18:09Z,2026-06-20T14:18:09+0200,4bddbab4-20af-41f1-90cc-d649ae7f214d,2026-06-11T06:15:00Z,2026-06-11T08:15:00+0200,98.62,EUR/MWh,BE,BE,imbalance_price,Long,2026-06-20T12:20:56Z
2026-06-20T12:18:09Z,2026-06-20T14:18:09+0200,4bddbab4-20af-41f1-90cc-d649ae7f214d,2026-06-11T06:15:00Z,2026-06-11T08:15:00+0200,98.62,EUR/MWh,BE,BE,imbalance_price,Short,2026-06-20T12:20:56Z
2026-06-20T12:18:09Z,2026-06-20T14:18:09+0200,4bddbab4-20af-41f1-90cc-d649ae7f214d,2026-06-11T06:30:00Z,2026-06-11T08:30:00+0200,94.9,EUR/MWh,BE,BE,imbalance_price,Long,2026-06-20T12:20:56Z
2026-06-20T12:18:09Z,2026-06-20T14:18:09+0200,4bddbab4-20af-41f1-90cc-d649ae7f214d,2026-06-11T06:30:00Z,2026-06-11T08:30:00+0200,94.9,EUR/MWh,BE,BE,imbalance_price,Short,2026-06-20T12:20:56Z
2026-06-20T12:18:09Z,2026-06-20T14:18:09+0200,4bddbab4-20af-41f1-90cc-d649ae7f214d,2026-06-11T06:45:00Z,2026-06-11T08:45:00+0200,78.26,EUR/MWh,BE,BE,imbalance_price,Long,2026-06-20T12:20:56Z
2026-06-20T12:18:09Z,2026-06-20T14:18:09+0200,4bddbab4-20af-41f1-90cc-d649ae7f214d,2026-06-11T06:45:00Z,2026-06-11T08:45:00+0200,78.26,EUR/MWh,BE,BE,imbalance_price,Short,2026-06-20T12:20:56Z
2026-06-20T12:18:09Z,2026-06-20T14:18:09+0200,4bddbab4-20af-41f1-90cc-d649ae7f214d,2026-06-11T07:00:00Z,2026-06-11T09:00:00+0200,62.31,EUR/MWh,BE,BE,imbalance_price,Long,2026-06-20T12:20:56Z
2026-06-20T12:18:09Z,2026-06-20T14:18:09+0200,4bddbab4-20af-41f1-90cc-d649ae7f214d,2026-06-11T07:00:00Z,2026-06-11T09:00:00+0200,62.31,EUR/MWh,BE,BE,imbalance_price,Short,2026-06-20T12:20:56Z
2026-06-20T12:18:09Z,2026-06-20T14:18:09+0200,4bddbab4-20af-41f1-90cc-d649ae7f214d,2026-06-11T07:15:00Z,2026-06-11T09:15:00+0200,99.09,EUR/MWh,BE,BE,imbalance_price,Long,2026-06-20T12:20:56Z
2026-06-20T12:18:09Z,2026-06-20T14:18:09+0200,4bddbab4-20af-41f1-90cc-d649ae7f214d,2026-06-11T07:15:00Z,2026-06-11T09:15:00+0200,99.09,EUR/MWh,BE,BE,imbalance_price,Short,2026-06-20T12:20:56Z
2026-06-20T12:18:09Z,2026-06-20T14:18:09+0200,4bddbab4-20af-41f1-90cc-d649ae7f214d,2026-06-11T07:30:00Z,2026-06-11T09:30:00+0200,136.3,EUR/MWh,BE,BE,imbalance_price,Long,2026-06-20T12:20:56Z
2026-06-20T12:18:09Z,2026-06-20T14:18:09+0200,4bddbab4-20af-41f1-90cc-d649ae7f214d,2026-06-11T07:30:00Z,2026-06-11T09:30:00+0200,136.3,EUR/MWh,BE,BE,imbalance_price,Short,2026-06-20T12:20:56Z
2026-06-20T12:18:09Z,2026-06-20T14:18:09+0200,4bddbab4-20af-41f1-90cc-d649ae7f214d,2026-06-11T07:45:00Z,2026-06-11T09:45:00+0200,101.13,EUR/MWh,BE,BE,imbalance_price,Long,2026-06-20T12:20:56Z
2026-06-20T12:18:09Z,2026-06-20T14:18:09+0200,4bddbab4-20af-41f1-90cc-d649ae7f214d,2026-06-11T07:45:00Z,2026-06-11T09:45:00+0200,101.13,EUR/MWh,BE,BE,imbalance_price,Short,2026-06-20T12:20:56Z
2026-06-20T12:18:09Z,2026-06-20T14:18:09+0200,4bddbab4-20af-41f1-90cc-d649ae7f214d,2026-06-11T08:00:00Z,2026-06-11T10:00:00+0200,99.09,EUR/MWh,BE,BE,imbalance_price,Long,2026-06-20T12:20:56Z
2026-06-20T12:18:09Z,2026-06-20T14:18:09+0200,4bddbab4-20af-41f1-90cc-d649ae7f214d,2026-06-11T08:00:00Z,2026-06-11T10:00:00+0200,99.09,EUR/MWh,BE,BE,imbalance_price,Short,2026-06-20T12:20:56Z
2026-06-20T12:18:09Z,2026-06-20T14:18:09+0200,4bddbab4-20af-41f1-90cc-d649ae7f214d,2026-06-11T08:15:00Z,2026-06-11T10:15:00+0200,67.03,EUR/MWh,BE,BE,imbalance_price,Long,2026-06-20T12:20:56Z
2026-06-20T12:18:09Z,2026-06-20T14:18:09+0200,4bddbab4-20af-41f1-90cc-d649ae7f214d,2026-06-11T08:15:00Z,2026-06-11T10:15:00+0200,67.03,EUR/MWh,BE,BE,imbalance_price,Short,2026-06-20T12:20:56Z
2026-06-20T12:18:09Z,2026-06-20T14:18:09+0200,4bddbab4-20af-41f1-90cc-d649ae7f214d,2026-06-11T08:30:00Z,2026-06-11T10:30:00+0200,55.58,EUR/MWh,BE,BE,imbalance_price,Long,2026-06-20T12:20:56Z
2026-06-20T12:18:09Z,2026-06-20T14:18:09+0200,4bddbab4-20af-41f1-90cc-d649ae7f214d,2026-06-11T08:30:00Z,2026-06-11T10:30:00+0200,55.58,EUR/MWh,BE,BE,imbalance_price,Short,2026-06-20T12:20:56Z
2026-06-20T12:18:09Z,2026-06-20T14:18:09+0200,4bddbab4-20af-41f1-90cc-d649ae7f214d,2026-06-11T08:45:00Z,2026-06-11T10:45:00+0200,87.32,EUR/MWh,BE,BE,imbalance_price,Long,2026-06-20T12:20:56Z
2026-06-20T12:18:09Z,2026-06-20T14:18:09+0200,4bddbab4-20af-41f1-90cc-d649ae7f214d,2026-06-11T08:45:00Z,2026-06-11T10:45:00+0200,87.32,EUR/MWh,BE,BE,imbalance_price,Short,2026-06-20T12:20:56Z
2026-06-20T12:18:09Z,2026-06-20T14:18:09+0200,4bddbab4-20af-41f1-90cc-d649ae7f214d,2026-06-11T09:00:00Z,2026-06-11T11:00:00+0200,48.32,EUR/MWh,BE,BE,imbalance_price,Long,2026-06-20T12:20:56Z
2026-06-20T12:18:09Z,2026-06-20T14:18:09+0200,4bddbab4-20af-41f1-90cc-d649ae7f214d,2026-06-11T09:00:00Z,2026-06-11T11:00:00+0200,48.32,EUR/MWh,BE,BE,imbalance_price,Short,2026-06-20T12:20:56Z
2026-06-20T12:18:09Z,2026-06-20T14:18:09+0200,4bddbab4-20af-41f1-90cc-d649ae7f214d,2026-06-11T09:15:00Z,2026-06-11T11:15:00+0200,40.64,EUR/MWh,BE,BE,imbalance_price,Long,2026-06-20T12:20:56Z
2026-06-20T12:18:09Z,2026-06-20T14:18:09+0200,4bddbab4-20af-41f1-90cc-d649ae7f214d,2026-06-11T09:15:00Z,2026-06-11T11:15:00+0200,40.64,EUR/MWh,BE,BE,imbalance_price,Short,2026-06-20T12:20:56Z
2026-06-20T12:18:09Z,2026-06-20T14:18:09+0200,4bddbab4-20af-41f1-90cc-d649ae7f214d,2026-06-11T09:30:00Z,2026-06-11T11:30:00+0200,44.41,EUR/MWh,BE,BE,imbalance_price,Long,2026-06-20T12:20:56Z
2026-06-20T12:18:09Z,2026-06-20T14:18:09+0200,4bddbab4-20af-41f1-90cc-d649ae7f214d,2026-06-11T09:30:00Z,2026-06-11T11:30:00+0200,44.41,EUR/MWh,BE,BE,imbalance_price,Short,2026-06-20T12:20:56Z
2026-06-20T12:18:09Z,2026-06-20T14:18:09+0200,4bddbab4-20af-41f1-90cc-d649ae7f214d,2026-06-11T09:45:00Z,2026-06-11T11:45:00+0200,25.22,EUR/MWh,BE,BE,imbalance_price,Long,2026-06-20T12:20:56Z
2026-06-20T12:18:09Z,2026-06-20T14:18:09+0200,4bddbab4-20af-41f1-90cc-d649ae7f214d,2026-06-11T09:45:00Z,2026-06-11T11:45:00+0200,25.22,EUR/MWh,BE,BE,imbalance_price,Short,2026-06-20T12:20:56Z
2026-06-20T12:18:09Z,2026-06-20T14:18:09+0200,4bddbab4-20af-41f1-90cc-d649ae7f214d,2026-06-11T10:00:00Z,2026-06-11T12:00:00+0200,-29.44,EUR/MWh,BE,BE,imbalance_price,Long,2026-06-20T12:20:56Z
2026-06-20T12:18:09Z,2026-06-20T14:18:09+0200,4bddbab4-20af-41f1-90cc-d649ae7f214d,2026-06-11T10:00:00Z,2026-06-11T12:00:00+0200,-29.44,EUR/MWh,BE,BE,imbalance_price,Short,2026-06-20T12:20:56Z
2026-06-20T12:18:09Z,2026-06-20T14:18:09+0200,4bddbab4-20af-41f1-90cc-d649ae7f214d,2026-06-11T10:15:00Z,2026-06-11T12:15:00+0200,-74.32,EUR/MWh,BE,BE,imbalance_price,Long,2026-06-20T12:20:56Z
2026-06-20T12:18:09Z,2026-06-20T14:18:09+0200,4bddbab4-20af-41f1-90cc-d649ae7f214d,2026-06-11T10:15:00Z,2026-06-11T12:15:00+0200,-74.32,EUR/MWh,BE,BE,imbalance_price,Short,2026-06-20T12:20:56Z
2026-06-20T12:18:09Z,2026-06-20T14:18:09+0200,4bddbab4-20af-41f1-90cc-d649ae7f214d,2026-06-11T10:30:00Z,2026-06-11T12:30:00+0200,85.74,EUR/MWh,BE,BE,imbalance_price,Long,2026-06-20T12:20:56Z
2026-06-20T12:18:09Z,2026-06-20T14:18:09+0200,4bddbab4-20af-41f1-90cc-d649ae7f214d,2026-06-11T10:30:00Z,2026-06-11T12:30:00+0200,85.74,EUR/MWh,BE,BE,imbalance_price,Short,2026-06-20T12:20:56Z
2026-06-20T12:18:09Z,2026-06-20T14:18:09+0200,4bddbab4-20af-41f1-90cc-d649ae7f214d,2026-06-11T10:45:00Z,2026-06-11T12:45:00+0200,74.88,EUR/MWh,BE,BE,imbalance_price,Long,2026-06-20T12:20:56Z
2026-06-20T12:18:09Z,2026-06-20T14:18:09+0200,4bddbab4-20af-41f1-90cc-d649ae7f214d,2026-06-11T10:45:00Z,2026-06-11T12:45:00+0200,74.88,EUR/MWh,BE,BE,imbalance_price,Short,2026-06-20T12:20:56Z
2026-06-20T12:18:09Z,2026-06-20T14:18:09+0200,4bddbab4-20af-41f1-90cc-d649ae7f214d,2026-06-11T11:00:00Z,2026-06-11T13:00:00+0200,-21.74,EUR/MWh,BE,BE,imbalance_price,Long,2026-06-20T12:20:56Z
2026-06-20T12:18:09Z,2026-06-20T14:18:09+0200,4bddbab4-20af-41f1-90cc-d649ae7f214d,2026-06-11T11:00:00Z,2026-06-11T13:00:00+0200,-21.74,EUR/MWh,BE,BE,imbalance_price,Short,2026-06-20T12:20:56Z
2026-06-20T12:18:09Z,2026-06-20T14:18:09+0200,4bddbab4-20af-41f1-90cc-d649ae7f214d,2026-06-11T11:15:00Z,2026-06-11T13:15:00+0200,72.01,EUR/MWh,BE,BE,imbalance_price,Long,2026-06-20T12:20:56Z
2026-06-20T12:18:09Z,2026-06-20T14:18:09+0200,4bddbab4-20af-41f1-90cc-d649ae7f214d,2026-06-11T11:15:00Z,2026-06-11T13:15:00+0200,72.01,EUR/MWh,BE,BE,imbalance_price,Short,2026-06-20T12:20:56Z
2026-06-20T12:18:09Z,2026-06-20T14:18:09+0200,4bddbab4-20af-41f1-90cc-d649ae7f214d,2026-06-11T11:30:00Z,2026-06-11T13:30:00+0200,72.59,EUR/MWh,BE,BE,imbalance_price,Long,2026-06-20T12:20:56Z
2026-06-20T12:18:09Z,2026-06-20T14:18:09+0200,4bddbab4-20af-41f1-90cc-d649ae7f214d,2026-06-11T11:30:00Z,2026-06-11T13:30:00+0200,72.59,EUR/MWh,BE,BE,imbalance_price,Short,2026-06-20T12:20:56Z
2026-06-20T12:18:09Z,2026-06-20T14:18:09+0200,4bddbab4-20af-41f1-90cc-d649ae7f214d,2026-06-11T11:45:00Z,2026-06-11T13:45:00+0200,79.46,EUR/MWh,BE,BE,imbalance_price,Long,2026-06-20T12:20:56Z
2026-06-20T12:18:09Z,2026-06-20T14:18:09+0200,4bddbab4-20af-41f1-90cc-d649ae7f214d,2026-06-11T11:45:00Z,2026-06-11T13:45:00+0200,79.46,EUR/MWh,BE,BE,imbalance_price,Short,2026-06-20T12:20:56Z
2026-06-20T12:18:09Z,2026-06-20T14:18:09+0200,4bddbab4-20af-41f1-90cc-d649ae7f214d,2026-06-11T12:00:00Z,2026-06-11T14:00:00+0200,86.88,EUR/MWh,BE,BE,imbalance_price,Long,2026-06-20T12:20:56Z
2026-06-20T12:18:09Z,2026-06-20T14:18:09+0200,4bddbab4-20af-41f1-90cc-d649ae7f214d,2026-06-11T12:00:00Z,2026-06-11T14:00:00+0200,86.88,EUR/MWh,BE,BE,imbalance_price,Short,2026-06-20T12:20:56Z
2026-06-20T12:18:09Z,2026-06-20T14:18:09+0200,4bddbab4-20af-41f1-90cc-d649ae7f214d,2026-06-11T12:15:00Z,2026-06-11T14:15:00+0200,99.28,EUR/MWh,BE,BE,imbalance_price,Long,2026-06-20T12:20:56Z
2026-06-20T12:18:09Z,2026-06-20T14:18:09+0200,4bddbab4-20af-41f1-90cc-d649ae7f214d,2026-06-11T12:15:00Z,2026-06-11T14:15:00+0200,99.28,EUR/MWh,BE,BE,imbalance_price,Short,2026-06-20T12:20:56Z
2026-06-20T12:18:09Z,2026-06-20T14:18:09+0200,4bddbab4-20af-41f1-90cc-d649ae7f214d,2026-06-11T12:30:00Z,2026-06-11T14:30:00+0200,254.25,EUR/MWh,BE,BE,imbalance_price,Long,2026-06-20T12:20:56Z
2026-06-20T12:18:09Z,2026-06-20T14:18:09+0200,4bddbab4-20af-41f1-90cc-d649ae7f214d,2026-06-11T12:30:00Z,2026-06-11T14:30:00+0200,254.25,EUR/MWh,BE,BE,imbalance_price,Short,2026-06-20T12:20:56Z
2026-06-20T12:18:09Z,2026-06-20T14:18:09+0200,4bddbab4-20af-41f1-90cc-d649ae7f214d,2026-06-11T12:45:00Z,2026-06-11T14:45:00+0200,67.43,EUR/MWh,BE,BE,imbalance_price,Long,2026-06-20T12:20:56Z
2026-06-20T12:18:09Z,2026-06-20T14:18:09+0200,4bddbab4-20af-41f1-90cc-d649ae7f214d,2026-06-11T12:45:00Z,2026-06-11T14:45:00+0200,67.43,EUR/MWh,BE,BE,imbalance_price,Short,2026-06-20T12:20:56Z
2026-06-20T12:18:09Z,2026-06-20T14:18:09+0200,4bddbab4-20af-41f1-90cc-d649ae7f214d,2026-06-11T13:00:00Z,2026-06-11T15:00:00+0200,10.02,EUR/MWh,BE,BE,imbalance_price,Long,2026-06-20T12:20:56Z
2026-06-20T12:18:09Z,2026-06-20T14:18:09+0200,4bddbab4-20af-41f1-90cc-d649ae7f214d,2026-06-11T13:00:00Z,2026-06-11T15:00:00+0200,10.02,EUR/MWh,BE,BE,imbalance_price,Short,2026-06-20T12:20:56Z
2026-06-20T12:18:09Z,2026-06-20T14:18:09+0200,4bddbab4-20af-41f1-90cc-d649ae7f214d,2026-06-11T13:15:00Z,2026-06-11T15:15:00+0200,86.93,EUR/MWh,BE,BE,imbalance_price,Long,2026-06-20T12:20:56Z
2026-06-20T12:18:09Z,2026-06-20T14:18:09+0200,4bddbab4-20af-41f1-90cc-d649ae7f214d,2026-06-11T13:15:00Z,2026-06-11T15:15:00+0200,86.93,EUR/MWh,BE,BE,imbalance_price,Short,2026-06-20T12:20:56Z
2026-06-20T12:18:09Z,2026-06-20T14:18:09+0200,4bddbab4-20af-41f1-90cc-d649ae7f214d,2026-06-11T13:30:00Z,2026-06-11T15:30:00+0200,50.8,EUR/MWh,BE,BE,imbalance_price,Long,2026-06-20T12:20:56Z
2026-06-20T12:18:09Z,2026-06-20T14:18:09+0200,4bddbab4-20af-41f1-90cc-d649ae7f214d,2026-06-11T13:30:00Z,2026-06-11T15:30:00+0200,50.8,EUR/MWh,BE,BE,imbalance_price,Short,2026-06-20T12:20:56Z
2026-06-20T12:18:09Z,2026-06-20T14:18:09+0200,4bddbab4-20af-41f1-90cc-d649ae7f214d,2026-06-11T13:45:00Z,2026-06-11T15:45:00+0200,89.4,EUR/MWh,BE,BE,imbalance_price,Long,2026-06-20T12:20:56Z
2026-06-20T12:18:09Z,2026-06-20T14:18:09+0200,4bddbab4-20af-41f1-90cc-d649ae7f214d,2026-06-11T13:45:00Z,2026-06-11T15:45:00+0200,89.4,EUR/MWh,BE,BE,imbalance_price,Short,2026-06-20T12:20:56Z
2026-06-20T12:18:09Z,2026-06-20T14:18:09+0200,4bddbab4-20af-41f1-90cc-d649ae7f214d,2026-06-11T14:00:00Z,2026-06-11T16:00:00+0200,28.34,EUR/MWh,BE,BE,imbalance_price,Long,2026-06-20T12:20:56Z
2026-06-20T12:18:09Z,2026-06-20T14:18:09+0200,4bddbab4-20af-41f1-90cc-d649ae7f214d,2026-06-11T14:00:00Z,2026-06-11T16:00:00+0200,28.34,EUR/MWh,BE,BE,imbalance_price,Short,2026-06-20T12:20:56Z
2026-06-20T12:18:09Z,2026-06-20T14:18:09+0200,4bddbab4-20af-41f1-90cc-d649ae7f214d,2026-06-11T14:15:00Z,2026-06-11T16:15:00+0200,63.04,EUR/MWh,BE,BE,imbalance_price,Long,2026-06-20T12:20:56Z
2026-06-20T12:18:09Z,2026-06-20T14:18:09+0200,4bddbab4-20af-41f1-90cc-d649ae7f214d,2026-06-11T14:15:00Z,2026-06-11T16:15:00+0200,63.04,EUR/MWh,BE,BE,imbalance_price,Short,2026-06-20T12:20:56Z
2026-06-20T12:18:09Z,2026-06-20T14:18:09+0200,4bddbab4-20af-41f1-90cc-d649ae7f214d,2026-06-11T14:30:00Z,2026-06-11T16:30:00+0200,62.88,EUR/MWh,BE,BE,imbalance_price,Long,2026-06-20T12:20:56Z
2026-06-20T12:18:09Z,2026-06-20T14:18:09+0200,4bddbab4-20af-41f1-90cc-d649ae7f214d,2026-06-11T14:30:00Z,2026-06-11T16:30:00+0200,62.88,EUR/MWh,BE,BE,imbalance_price,Short,2026-06-20T12:20:56Z
2026-06-20T12:18:09Z,2026-06-20T14:18:09+0200,4bddbab4-20af-41f1-90cc-d649ae7f214d,2026-06-11T14:45:00Z,2026-06-11T16:45:00+0200,88.38,EUR/MWh,BE,BE,imbalance_price,Long,2026-06-20T12:20:56Z
2026-06-20T12:18:09Z,2026-06-20T14:18:09+0200,4bddbab4-20af-41f1-90cc-d649ae7f214d,2026-06-11T14:45:00Z,2026-06-11T16:45:00+0200,88.38,EUR/MWh,BE,BE,imbalance_price,Short,2026-06-20T12:20:56Z
2026-06-20T12:18:09Z,2026-06-20T14:18:09+0200,4bddbab4-20af-41f1-90cc-d649ae7f214d,2026-06-11T15:00:00Z,2026-06-11T17:00:00+0200,105.3,EUR/MWh,BE,BE,imbalance_price,Long,2026-06-20T12:20:56Z
2026-06-20T12:18:09Z,2026-06-20T14:18:09+0200,4bddbab4-20af-41f1-90cc-d649ae7f214d,2026-06-11T15:00:00Z,2026-06-11T17:00:00+0200,105.3,EUR/MWh,BE,BE,imbalance_price,Short,2026-06-20T12:20:56Z
2026-06-20T12:18:09Z,2026-06-20T14:18:09+0200,4bddbab4-20af-41f1-90cc-d649ae7f214d,2026-06-11T15:15:00Z,2026-06-11T17:15:00+0200,149.84,EUR/MWh,BE,BE,imbalance_price,Long,2026-06-20T12:20:56Z
2026-06-20T12:18:09Z,2026-06-20T14:18:09+0200,4bddbab4-20af-41f1-90cc-d649ae7f214d,2026-06-11T15:15:00Z,2026-06-11T17:15:00+0200,149.84,EUR/MWh,BE,BE,imbalance_price,Short,2026-06-20T12:20:56Z
2026-06-20T12:18:09Z,2026-06-20T14:18:09+0200,4bddbab4-20af-41f1-90cc-d649ae7f214d,2026-06-11T15:30:00Z,2026-06-11T17:30:00+0200,154.86,EUR/MWh,BE,BE,imbalance_price,Long,2026-06-20T12:20:56Z
2026-06-20T12:18:09Z,2026-06-20T14:18:09+0200,4bddbab4-20af-41f1-90cc-d649ae7f214d,2026-06-11T15:30:00Z,2026-06-11T17:30:00+0200,154.86,EUR/MWh,BE,BE,imbalance_price,Short,2026-06-20T12:20:56Z
2026-06-20T12:18:09Z,2026-06-20T14:18:09+0200,4bddbab4-20af-41f1-90cc-d649ae7f214d,2026-06-11T15:45:00Z,2026-06-11T17:45:00+0200,159.4,EUR/MWh,BE,BE,imbalance_price,Long,2026-06-20T12:20:56Z
2026-06-20T12:18:09Z,2026-06-20T14:18:09+0200,4bddbab4-20af-41f1-90cc-d649ae7f214d,2026-06-11T15:45:00Z,2026-06-11T17:45:00+0200,159.4,EUR/MWh,BE,BE,imbalance_price,Short,2026-06-20T12:20:56Z
2026-06-20T12:18:09Z,2026-06-20T14:18:09+0200,4bddbab4-20af-41f1-90cc-d649ae7f214d,2026-06-11T16:00:00Z,2026-06-11T18:00:00+0200,132.55,EUR/MWh,BE,BE,imbalance_price,Long,2026-06-20T12:20:56Z
2026-06-20T12:18:09Z,2026-06-20T14:18:09+0200,4bddbab4-20af-41f1-90cc-d649ae7f214d,2026-06-11T16:00:00Z,2026-06-11T18:00:00+0200,132.55,EUR/MWh,BE,BE,imbalance_price,Short,2026-06-20T12:20:56Z
2026-06-20T12:18:09Z,2026-06-20T14:18:09+0200,4bddbab4-20af-41f1-90cc-d649ae7f214d,2026-06-11T16:15:00Z,2026-06-11T18:15:00+0200,148.87,EUR/MWh,BE,BE,imbalance_price,Long,2026-06-20T12:20:56Z
2026-06-20T12:18:09Z,2026-06-20T14:18:09+0200,4bddbab4-20af-41f1-90cc-d649ae7f214d,2026-06-11T16:15:00Z,2026-06-11T18:15:00+0200,148.87,EUR/MWh,BE,BE,imbalance_price,Short,2026-06-20T12:20:56Z
2026-06-20T12:18:09Z,2026-06-20T14:18:09+0200,4bddbab4-20af-41f1-90cc-d649ae7f214d,2026-06-11T16:30:00Z,2026-06-11T18:30:00+0200,146.32,EUR/MWh,BE,BE,imbalance_price,Long,2026-06-20T12:20:56Z
2026-06-20T12:18:09Z,2026-06-20T14:18:09+0200,4bddbab4-20af-41f1-90cc-d649ae7f214d,2026-06-11T16:30:00Z,2026-06-11T18:30:00+0200,146.32,EUR/MWh,BE,BE,imbalance_price,Short,2026-06-20T12:20:56Z
2026-06-20T12:18:09Z,2026-06-20T14:18:09+0200,4bddbab4-20af-41f1-90cc-d649ae7f214d,2026-06-11T16:45:00Z,2026-06-11T18:45:00+0200,144.25,EUR/MWh,BE,BE,imbalance_price,Long,2026-06-20T12:20:56Z
2026-06-20T12:18:09Z,2026-06-20T14:18:09+0200,4bddbab4-20af-41f1-90cc-d649ae7f214d,2026-06-11T16:45:00Z,2026-06-11T18:45:00+0200,144.25,EUR/MWh,BE,BE,imbalance_price,Short,2026-06-20T12:20:56Z
2026-06-20T12:18:09Z,2026-06-20T14:18:09+0200,4bddbab4-20af-41f1-90cc-d649ae7f214d,2026-06-11T17:00:00Z,2026-06-11T19:00:00+0200,204.56,EUR/MWh,BE,BE,imbalance_price,Long,2026-06-20T12:20:56Z
2026-06-20T12:18:09Z,2026-06-20T14:18:09+0200,4bddbab4-20af-41f1-90cc-d649ae7f214d,2026-06-11T17:00:00Z,2026-06-11T19:00:00+0200,204.56,EUR/MWh,BE,BE,imbalance_price,Short,2026-06-20T12:20:56Z
2026-06-20T12:18:09Z,2026-06-20T14:18:09+0200,4bddbab4-20af-41f1-90cc-d649ae7f214d,2026-06-11T17:15:00Z,2026-06-11T19:15:00+0200,176.53,EUR/MWh,BE,BE,imbalance_price,Long,2026-06-20T12:20:56Z
2026-06-20T12:18:09Z,2026-06-20T14:18:09+0200,4bddbab4-20af-41f1-90cc-d649ae7f214d,2026-06-11T17:15:00Z,2026-06-11T19:15:00+0200,176.53,EUR/MWh,BE,BE,imbalance_price,Short,2026-06-20T12:20:56Z
2026-06-20T12:18:09Z,2026-06-20T14:18:09+0200,4bddbab4-20af-41f1-90cc-d649ae7f214d,2026-06-11T17:30:00Z,2026-06-11T19:30:00+0200,233.72,EUR/MWh,BE,BE,imbalance_price,Long,2026-06-20T12:20:56Z
2026-06-20T12:18:09Z,2026-06-20T14:18:09+0200,4bddbab4-20af-41f1-90cc-d649ae7f214d,2026-06-11T17:30:00Z,2026-06-11T19:30:00+0200,233.72,EUR/MWh,BE,BE,imbalance_price,Short,2026-06-20T12:20:56Z
2026-06-20T12:18:09Z,2026-06-20T14:18:09+0200,4bddbab4-20af-41f1-90cc-d649ae7f214d,2026-06-11T17:45:00Z,2026-06-11T19:45:00+0200,166.96,EUR/MWh,BE,BE,imbalance_price,Long,2026-06-20T12:20:56Z
2026-06-20T12:18:09Z,2026-06-20T14:18:09+0200,4bddbab4-20af-41f1-90cc-d649ae7f214d,2026-06-11T17:45:00Z,2026-06-11T19:45:00+0200,166.96,EUR/MWh,BE,BE,imbalance_price,Short,2026-06-20T12:20:56Z
2026-06-20T12:18:09Z,2026-06-20T14:18:09+0200,4bddbab4-20af-41f1-90cc-d649ae7f214d,2026-06-11T18:00:00Z,2026-06-11T20:00:00+0200,164.19,EUR/MWh,BE,BE,imbalance_price,Long,2026-06-20T12:20:56Z
2026-06-20T12:18:09Z,2026-06-20T14:18:09+0200,4bddbab4-20af-41f1-90cc-d649ae7f214d,2026-06-11T18:00:00Z,2026-06-11T20:00:00+0200,164.19,EUR/MWh,BE,BE,imbalance_price,Short,2026-06-20T12:20:56Z
2026-06-20T12:18:09Z,2026-06-20T14:18:09+0200,4bddbab4-20af-41f1-90cc-d649ae7f214d,2026-06-11T18:15:00Z,2026-06-11T20:15:00+0200,163.96,EUR/MWh,BE,BE,imbalance_price,Long,2026-06-20T12:20:56Z
2026-06-20T12:18:09Z,2026-06-20T14:18:09+0200,4bddbab4-20af-41f1-90cc-d649ae7f214d,2026-06-11T18:15:00Z,2026-06-11T20:15:00+0200,163.96,EUR/MWh,BE,BE,imbalance_price,Short,2026-06-20T12:20:56Z
2026-06-20T12:18:09Z,2026-06-20T14:18:09+0200,4bddbab4-20af-41f1-90cc-d649ae7f214d,2026-06-11T18:30:00Z,2026-06-11T20:30:00+0200,149.0,EUR/MWh,BE,BE,imbalance_price,Long,2026-06-20T12:20:56Z
2026-06-20T12:18:09Z,2026-06-20T14:18:09+0200,4bddbab4-20af-41f1-90cc-d649ae7f214d,2026-06-11T18:30:00Z,2026-06-11T20:30:00+0200,149.0,EUR/MWh,BE,BE,imbalance_price,Short,2026-06-20T12:20:56Z
2026-06-20T12:18:09Z,2026-06-20T14:18:09+0200,4bddbab4-20af-41f1-90cc-d649ae7f214d,2026-06-11T18:45:00Z,2026-06-11T20:45:00+0200,140.13,EUR/MWh,BE,BE,imbalance_price,Long,2026-06-20T12:20:56Z
2026-06-20T12:18:09Z,2026-06-20T14:18:09+0200,4bddbab4-20af-41f1-90cc-d649ae7f214d,2026-06-11T18:45:00Z,2026-06-11T20:45:00+0200,140.13,EUR/MWh,BE,BE,imbalance_price,Short,2026-06-20T12:20:56Z
2026-06-20T12:18:09Z,2026-06-20T14:18:09+0200,4bddbab4-20af-41f1-90cc-d649ae7f214d,2026-06-11T19:00:00Z,2026-06-11T21:00:00+0200,120.13,EUR/MWh,BE,BE,imbalance_price,Long,2026-06-20T12:20:56Z
2026-06-20T12:18:09Z,2026-06-20T14:18:09+0200,4bddbab4-20af-41f1-90cc-d649ae7f214d,2026-06-11T19:00:00Z,2026-06-11T21:00:00+0200,120.13,EUR/MWh,BE,BE,imbalance_price,Short,2026-06-20T12:20:56Z
2026-06-20T12:18:09Z,2026-06-20T14:18:09+0200,4bddbab4-20af-41f1-90cc-d649ae7f214d,2026-06-11T19:15:00Z,2026-06-11T21:15:00+0200,135.2,EUR/MWh,BE,BE,imbalance_price,Long,2026-06-20T12:20:56Z
2026-06-20T12:18:09Z,2026-06-20T14:18:09+0200,4bddbab4-20af-41f1-90cc-d649ae7f214d,2026-06-11T19:15:00Z,2026-06-11T21:15:00+0200,135.2,EUR/MWh,BE,BE,imbalance_price,Short,2026-06-20T12:20:56Z
2026-06-20T12:18:09Z,2026-06-20T14:18:09+0200,4bddbab4-20af-41f1-90cc-d649ae7f214d,2026-06-11T19:30:00Z,2026-06-11T21:30:00+0200,133.19,EUR/MWh,BE,BE,imbalance_price,Long,2026-06-20T12:20:56Z
2026-06-20T12:18:09Z,2026-06-20T14:18:09+0200,4bddbab4-20af-41f1-90cc-d649ae7f214d,2026-06-11T19:30:00Z,2026-06-11T21:30:00+0200,133.19,EUR/MWh,BE,BE,imbalance_price,Short,2026-06-20T12:20:56Z
2026-06-20T12:18:09Z,2026-06-20T14:18:09+0200,4bddbab4-20af-41f1-90cc-d649ae7f214d,2026-06-11T19:45:00Z,2026-06-11T21:45:00+0200,100.63,EUR/MWh,BE,BE,imbalance_price,Long,2026-06-20T12:20:56Z
2026-06-20T12:18:09Z,2026-06-20T14:18:09+0200,4bddbab4-20af-41f1-90cc-d649ae7f214d,2026-06-11T19:45:00Z,2026-06-11T21:45:00+0200,100.63,EUR/MWh,BE,BE,imbalance_price,Short,2026-06-20T12:20:56Z
2026-06-20T12:18:09Z,2026-06-20T14:18:09+0200,4bddbab4-20af-41f1-90cc-d649ae7f214d,2026-06-11T20:00:00Z,2026-06-11T22:00:00+0200,94.1,EUR/MWh,BE,BE,imbalance_price,Long,2026-06-20T12:20:56Z
2026-06-20T12:18:09Z,2026-06-20T14:18:09+0200,4bddbab4-20af-41f1-90cc-d649ae7f214d,2026-06-11T20:00:00Z,2026-06-11T22:00:00+0200,94.1,EUR/MWh,BE,BE,imbalance_price,Short,2026-06-20T12:20:56Z
2026-06-20T12:18:09Z,2026-06-20T14:18:09+0200,4bddbab4-20af-41f1-90cc-d649ae7f214d,2026-06-11T20:15:00Z,2026-06-11T22:15:00+0200,94.51,EUR/MWh,BE,BE,imbalance_price,Long,2026-06-20T12:20:56Z
2026-06-20T12:18:09Z,2026-06-20T14:18:09+0200,4bddbab4-20af-41f1-90cc-d649ae7f214d,2026-06-11T20:15:00Z,2026-06-11T22:15:00+0200,94.51,EUR/MWh,BE,BE,imbalance_price,Short,2026-06-20T12:20:56Z
2026-06-20T12:18:09Z,2026-06-20T14:18:09+0200,4bddbab4-20af-41f1-90cc-d649ae7f214d,2026-06-11T20:30:00Z,2026-06-11T22:30:00+0200,95.76,EUR/MWh,BE,BE,imbalance_price,Long,2026-06-20T12:20:56Z
2026-06-20T12:18:09Z,2026-06-20T14:18:09+0200,4bddbab4-20af-41f1-90cc-d649ae7f214d,2026-06-11T20:30:00Z,2026-06-11T22:30:00+0200,95.76,EUR/MWh,BE,BE,imbalance_price,Short,2026-06-20T12:20:56Z
2026-06-20T12:18:09Z,2026-06-20T14:18:09+0200,4bddbab4-20af-41f1-90cc-d649ae7f214d,2026-06-11T20:45:00Z,2026-06-11T22:45:00+0200,88.38,EUR/MWh,BE,BE,imbalance_price,Long,2026-06-20T12:20:56Z
2026-06-20T12:18:09Z,2026-06-20T14:18:09+0200,4bddbab4-20af-41f1-90cc-d649ae7f214d,2026-06-11T20:45:00Z,2026-06-11T22:45:00+0200,88.38,EUR/MWh,BE,BE,imbalance_price,Short,2026-06-20T12:20:56Z
2026-06-20T12:18:09Z,2026-06-20T14:18:09+0200,4bddbab4-20af-41f1-90cc-d649ae7f214d,2026-06-11T21:00:00Z,2026-06-11T23:00:00+0200,93.83,EUR/MWh,BE,BE,imbalance_price,Long,2026-06-20T12:20:56Z
2026-06-20T12:18:09Z,2026-06-20T14:18:09+0200,4bddbab4-20af-41f1-90cc-d649ae7f214d,2026-06-11T21:00:00Z,2026-06-11T23:00:00+0200,93.83,EUR/MWh,BE,BE,imbalance_price,Short,2026-06-20T12:20:56Z
2026-06-20T12:18:09Z,2026-06-20T14:18:09+0200,4bddbab4-20af-41f1-90cc-d649ae7f214d,2026-06-11T21:15:00Z,2026-06-11T23:15:00+0200,94.09,EUR/MWh,BE,BE,imbalance_price,Long,2026-06-20T12:20:56Z
2026-06-20T12:18:09Z,2026-06-20T14:18:09+0200,4bddbab4-20af-41f1-90cc-d649ae7f214d,2026-06-11T21:15:00Z,2026-06-11T23:15:00+0200,94.09,EUR/MWh,BE,BE,imbalance_price,Short,2026-06-20T12:20:56Z
2026-06-20T12:18:09Z,2026-06-20T14:18:09+0200,4bddbab4-20af-41f1-90cc-d649ae7f214d,2026-06-11T21:30:00Z,2026-06-11T23:30:00+0200,91.81,EUR/MWh,BE,BE,imbalance_price,Long,2026-06-20T12:20:56Z
2026-06-20T12:18:09Z,2026-06-20T14:18:09+0200,4bddbab4-20af-41f1-90cc-d649ae7f214d,2026-06-11T21:30:00Z,2026-06-11T23:30:00+0200,91.81,EUR/MWh,BE,BE,imbalance_price,Short,2026-06-20T12:20:56Z
2026-06-20T12:18:09Z,2026-06-20T14:18:09+0200,4bddbab4-20af-41f1-90cc-d649ae7f214d,2026-06-11T21:45:00Z,2026-06-11T23:45:00+0200,87.19,EUR/MWh,BE,BE,imbalance_price,Long,2026-06-20T12:20:56Z
2026-06-20T12:18:09Z,2026-06-20T14:18:09+0200,4bddbab4-20af-41f1-90cc-d649ae7f214d,2026-06-11T21:45:00Z,2026-06-11T23:45:00+0200,87.19,EUR/MWh,BE,BE,imbalance_price,Short,2026-06-20T12:20:56Z
2026-06-20T12:18:09Z,2026-06-20T14:18:09+0200,4bddbab4-20af-41f1-90cc-d649ae7f214d,2026-06-11T22:00:00Z,2026-06-12T00:00:00+0200,99.42,EUR/MWh,BE,BE,imbalance_price,Long,2026-06-20T12:20:56Z
2026-06-20T12:18:09Z,2026-06-20T14:18:09+0200,4bddbab4-20af-41f1-90cc-d649ae7f214d,2026-06-11T22:00:00Z,2026-06-12T00:00:00+0200,99.42,EUR/MWh,BE,BE,imbalance_price,Short,2026-06-20T12:20:56Z
2026-06-20T12:18:09Z,2026-06-20T14:18:09+0200,4bddbab4-20af-41f1-90cc-d649ae7f214d,2026-06-11T22:15:00Z,2026-06-12T00:15:00+0200,91.5,EUR/MWh,BE,BE,imbalance_price,Long,2026-06-20T12:20:56Z
2026-06-20T12:18:09Z,2026-06-20T14:18:09+0200,4bddbab4-20af-41f1-90cc-d649ae7f214d,2026-06-11T22:15:00Z,2026-06-12T00:15:00+0200,91.5,EUR/MWh,BE,BE,imbalance_price,Short,2026-06-20T12:20:56Z
2026-06-20T12:18:09Z,2026-06-20T14:18:09+0200,4bddbab4-20af-41f1-90cc-d649ae7f214d,2026-06-11T22:30:00Z,2026-06-12T00:30:00+0200,100.9,EUR/MWh,BE,BE,imbalance_price,Long,2026-06-20T12:20:56Z
2026-06-20T12:18:09Z,2026-06-20T14:18:09+0200,4bddbab4-20af-41f1-90cc-d649ae7f214d,2026-06-11T22:30:00Z,2026-06-12T00:30:00+0200,100.9,EUR/MWh,BE,BE,imbalance_price,Short,2026-06-20T12:20:56Z
2026-06-20T12:18:09Z,2026-06-20T14:18:09+0200,4bddbab4-20af-41f1-90cc-d649ae7f214d,2026-06-11T22:45:00Z,2026-06-12T00:45:00+0200,113.48,EUR/MWh,BE,BE,imbalance_price,Long,2026-06-20T12:20:56Z
2026-06-20T12:18:09Z,2026-06-20T14:18:09+0200,4bddbab4-20af-41f1-90cc-d649ae7f214d,2026-06-11T22:45:00Z,2026-06-12T00:45:00+0200,113.48,EUR/MWh,BE,BE,imbalance_price,Short,2026-06-20T12:20:56Z
2026-06-20T12:18:09Z,2026-06-20T14:18:09+0200,4bddbab4-20af-41f1-90cc-d649ae7f214d,2026-06-11T23:00:00Z,2026-06-12T01:00:00+0200,78.63,EUR/MWh,BE,BE,imbalance_price,Long,2026-06-20T12:20:56Z
2026-06-20T12:18:09Z,2026-06-20T14:18:09+0200,4bddbab4-20af-41f1-90cc-d649ae7f214d,2026-06-11T23:00:00Z,2026-06-12T01:00:00+0200,78.63,EUR/MWh,BE,BE,imbalance_price,Short,2026-06-20T12:20:56Z
2026-06-20T12:18:09Z,2026-06-20T14:18:09+0200,4bddbab4-20af-41f1-90cc-d649ae7f214d,2026-06-11T23:15:00Z,2026-06-12T01:15:00+0200,101.16,EUR/MWh,BE,BE,imbalance_price,Long,2026-06-20T12:20:56Z
2026-06-20T12:18:09Z,2026-06-20T14:18:09+0200,4bddbab4-20af-41f1-90cc-d649ae7f214d,2026-06-11T23:15:00Z,2026-06-12T01:15:00+0200,101.16,EUR/MWh,BE,BE,imbalance_price,Short,2026-06-20T12:20:56Z
2026-06-20T12:18:09Z,2026-06-20T14:18:09+0200,4bddbab4-20af-41f1-90cc-d649ae7f214d,2026-06-11T23:30:00Z,2026-06-12T01:30:00+0200,89.9,EUR/MWh,BE,BE,imbalance_price,Long,2026-06-20T12:20:56Z
2026-06-20T12:18:09Z,2026-06-20T14:18:09+0200,4bddbab4-20af-41f1-90cc-d649ae7f214d,2026-06-11T23:30:00Z,2026-06-12T01:30:00+0200,89.9,EUR/MWh,BE,BE,imbalance_price,Short,2026-06-20T12:20:56Z
2026-06-20T12:18:09Z,2026-06-20T14:18:09+0200,4bddbab4-20af-41f1-90cc-d649ae7f214d,2026-06-11T23:45:00Z,2026-06-12T01:45:00+0200,78.63,EUR/MWh,BE,BE,imbalance_price,Long,2026-06-20T12:20:56Z
2026-06-20T12:18:09Z,2026-06-20T14:18:09+0200,4bddbab4-20af-41f1-90cc-d649ae7f214d,2026-06-11T23:45:00Z,2026-06-12T01:45:00+0200,78.63,EUR/MWh,BE,BE,imbalance_price,Short,2026-06-20T12:20:56Z
2026-06-20T12:18:09Z,2026-06-20T14:18:09+0200,4bddbab4-20af-41f1-90cc-d649ae7f214d,2026-06-12T00:00:00Z,2026-06-12T02:00:00+0200,86.22,EUR/MWh,BE,BE,imbalance_price,Long,2026-06-20T12:20:56Z
2026-06-20T12:18:09Z,2026-06-20T14:18:09+0200,4bddbab4-20af-41f1-90cc-d649ae7f214d,2026-06-12T00:00:00Z,2026-06-12T02:00:00+0200,86.22,EUR/MWh,BE,BE,imbalance_price,Short,2026-06-20T12:20:56Z
2026-06-20T12:18:09Z,2026-06-20T14:18:09+0200,4bddbab4-20af-41f1-90cc-d649ae7f214d,2026-06-12T00:15:00Z,2026-06-12T02:15:00+0200,93.72,EUR/MWh,BE,BE,imbalance_price,Long,2026-06-20T12:20:56Z
2026-06-20T12:18:09Z,2026-06-20T14:18:09+0200,4bddbab4-20af-41f1-90cc-d649ae7f214d,2026-06-12T00:15:00Z,2026-06-12T02:15:00+0200,93.72,EUR/MWh,BE,BE,imbalance_price,Short,2026-06-20T12:20:56Z
2026-06-20T12:18:09Z,2026-06-20T14:18:09+0200,4bddbab4-20af-41f1-90cc-d649ae7f214d,2026-06-12T00:30:00Z,2026-06-12T02:30:00+0200,100.47,EUR/MWh,BE,BE,imbalance_price,Long,2026-06-20T12:20:56Z
2026-06-20T12:18:09Z,2026-06-20T14:18:09+0200,4bddbab4-20af-41f1-90cc-d649ae7f214d,2026-06-12T00:30:00Z,2026-06-12T02:30:00+0200,100.47,EUR/MWh,BE,BE,imbalance_price,Short,2026-06-20T12:20:56Z
2026-06-20T12:18:09Z,2026-06-20T14:18:09+0200,4bddbab4-20af-41f1-90cc-d649ae7f214d,2026-06-12T00:45:00Z,2026-06-12T02:45:00+0200,85.03,EUR/MWh,BE,BE,imbalance_price,Long,2026-06-20T12:20:56Z
2026-06-20T12:18:09Z,2026-06-20T14:18:09+0200,4bddbab4-20af-41f1-90cc-d649ae7f214d,2026-06-12T00:45:00Z,2026-06-12T02:45:00+0200,85.03,EUR/MWh,BE,BE,imbalance_price,Short,2026-06-20T12:20:56Z
2026-06-20T12:18:09Z,2026-06-20T14:18:09+0200,4bddbab4-20af-41f1-90cc-d649ae7f214d,2026-06-12T01:00:00Z,2026-06-12T03:00:00+0200,37.25,EUR/MWh,BE,BE,imbalance_price,Long,2026-06-20T12:20:56Z
2026-06-20T12:18:09Z,2026-06-20T14:18:09+0200,4bddbab4-20af-41f1-90cc-d649ae7f214d,2026-06-12T01:00:00Z,2026-06-12T03:00:00+0200,37.25,EUR/MWh,BE,BE,imbalance_price,Short,2026-06-20T12:20:56Z
2026-06-20T12:18:09Z,2026-06-20T14:18:09+0200,4bddbab4-20af-41f1-90cc-d649ae7f214d,2026-06-12T01:15:00Z,2026-06-12T03:15:00+0200,59.89,EUR/MWh,BE,BE,imbalance_price,Long,2026-06-20T12:20:56Z
2026-06-20T12:18:09Z,2026-06-20T14:18:09+0200,4bddbab4-20af-41f1-90cc-d649ae7f214d,2026-06-12T01:15:00Z,2026-06-12T03:15:00+0200,59.89,EUR/MWh,BE,BE,imbalance_price,Short,2026-06-20T12:20:56Z
2026-06-20T12:18:09Z,2026-06-20T14:18:09+0200,4bddbab4-20af-41f1-90cc-d649ae7f214d,2026-06-12T01:30:00Z,2026-06-12T03:30:00+0200,45.57,EUR/MWh,BE,BE,imbalance_price,Long,2026-06-20T12:20:56Z
2026-06-20T12:18:09Z,2026-06-20T14:18:09+0200,4bddbab4-20af-41f1-90cc-d649ae7f214d,2026-06-12T01:30:00Z,2026-06-12T03:30:00+0200,45.57,EUR/MWh,BE,BE,imbalance_price,Short,2026-06-20T12:20:56Z
2026-06-20T12:18:09Z,2026-06-20T14:18:09+0200,4bddbab4-20af-41f1-90cc-d649ae7f214d,2026-06-12T01:45:00Z,2026-06-12T03:45:00+0200,20.54,EUR/MWh,BE,BE,imbalance_price,Long,2026-06-20T12:20:56Z
2026-06-20T12:18:09Z,2026-06-20T14:18:09+0200,4bddbab4-20af-41f1-90cc-d649ae7f214d,2026-06-12T01:45:00Z,2026-06-12T03:45:00+0200,20.54,EUR/MWh,BE,BE,imbalance_price,Short,2026-06-20T12:20:56Z
2026-06-20T12:18:09Z,2026-06-20T14:18:09+0200,4bddbab4-20af-41f1-90cc-d649ae7f214d,2026-06-12T02:00:00Z,2026-06-12T04:00:00+0200,81.98,EUR/MWh,BE,BE,imbalance_price,Long,2026-06-20T12:20:56Z
2026-06-20T12:18:09Z,2026-06-20T14:18:09+0200,4bddbab4-20af-41f1-90cc-d649ae7f214d,2026-06-12T02:00:00Z,2026-06-12T04:00:00+0200,81.98,EUR/MWh,BE,BE,imbalance_price,Short,2026-06-20T12:20:56Z
2026-06-20T12:18:09Z,2026-06-20T14:18:09+0200,4bddbab4-20af-41f1-90cc-d649ae7f214d,2026-06-12T02:15:00Z,2026-06-12T04:15:00+0200,71.99,EUR/MWh,BE,BE,imbalance_price,Long,2026-06-20T12:20:56Z
2026-06-20T12:18:09Z,2026-06-20T14:18:09+0200,4bddbab4-20af-41f1-90cc-d649ae7f214d,2026-06-12T02:15:00Z,2026-06-12T04:15:00+0200,71.99,EUR/MWh,BE,BE,imbalance_price,Short,2026-06-20T12:20:56Z
2026-06-20T12:18:09Z,2026-06-20T14:18:09+0200,4bddbab4-20af-41f1-90cc-d649ae7f214d,2026-06-12T02:30:00Z,2026-06-12T04:30:00+0200,57.53,EUR/MWh,BE,BE,imbalance_price,Long,2026-06-20T12:20:56Z
2026-06-20T12:18:09Z,2026-06-20T14:18:09+0200,4bddbab4-20af-41f1-90cc-d649ae7f214d,2026-06-12T02:30:00Z,2026-06-12T04:30:00+0200,57.53,EUR/MWh,BE,BE,imbalance_price,Short,2026-06-20T12:20:56Z
2026-06-20T12:18:09Z,2026-06-20T14:18:09+0200,4bddbab4-20af-41f1-90cc-d649ae7f214d,2026-06-12T02:45:00Z,2026-06-12T04:45:00+0200,71.06,EUR/MWh,BE,BE,imbalance_price,Long,2026-06-20T12:20:56Z
2026-06-20T12:18:09Z,2026-06-20T14:18:09+0200,4bddbab4-20af-41f1-90cc-d649ae7f214d,2026-06-12T02:45:00Z,2026-06-12T04:45:00+0200,71.06,EUR/MWh,BE,BE,imbalance_price,Short,2026-06-20T12:20:56Z
2026-06-20T12:18:09Z,2026-06-20T14:18:09+0200,4bddbab4-20af-41f1-90cc-d649ae7f214d,2026-06-12T03:00:00Z,2026-06-12T05:00:00+0200,71.3,EUR/MWh,BE,BE,imbalance_price,Long,2026-06-20T12:20:56Z
2026-06-20T12:18:09Z,2026-06-20T14:18:09+0200,4bddbab4-20af-41f1-90cc-d649ae7f214d,2026-06-12T03:00:00Z,2026-06-12T05:00:00+0200,71.3,EUR/MWh,BE,BE,imbalance_price,Short,2026-06-20T12:20:56Z
2026-06-20T12:18:09Z,2026-06-20T14:18:09+0200,4bddbab4-20af-41f1-90cc-d649ae7f214d,2026-06-12T03:15:00Z,2026-06-12T05:15:00+0200,59.23,EUR/MWh,BE,BE,imbalance_price,Long,2026-06-20T12:20:56Z
2026-06-20T12:18:09Z,2026-06-20T14:18:09+0200,4bddbab4-20af-41f1-90cc-d649ae7f214d,2026-06-12T03:15:00Z,2026-06-12T05:15:00+0200,59.23,EUR/MWh,BE,BE,imbalance_price,Short,2026-06-20T12:20:56Z
2026-06-20T12:18:09Z,2026-06-20T14:18:09+0200,4bddbab4-20af-41f1-90cc-d649ae7f214d,2026-06-12T03:30:00Z,2026-06-12T05:30:00+0200,91.6,EUR/MWh,BE,BE,imbalance_price,Long,2026-06-20T12:20:56Z
2026-06-20T12:18:09Z,2026-06-20T14:18:09+0200,4bddbab4-20af-41f1-90cc-d649ae7f214d,2026-06-12T03:30:00Z,2026-06-12T05:30:00+0200,91.6,EUR/MWh,BE,BE,imbalance_price,Short,2026-06-20T12:20:56Z
2026-06-20T12:18:09Z,2026-06-20T14:18:09+0200,4bddbab4-20af-41f1-90cc-d649ae7f214d,2026-06-12T03:45:00Z,2026-06-12T05:45:00+0200,91.6,EUR/MWh,BE,BE,imbalance_price,Long,2026-06-20T12:20:56Z
2026-06-20T12:18:09Z,2026-06-20T14:18:09+0200,4bddbab4-20af-41f1-90cc-d649ae7f214d,2026-06-12T03:45:00Z,2026-06-12T05:45:00+0200,91.6,EUR/MWh,BE,BE,imbalance_price,Short,2026-06-20T12:20:56Z
2026-06-20T12:18:09Z,2026-06-20T14:18:09+0200,4bddbab4-20af-41f1-90cc-d649ae7f214d,2026-06-12T04:00:00Z,2026-06-12T06:00:00+0200,90.93,EUR/MWh,BE,BE,imbalance_price,Long,2026-06-20T12:20:56Z
2026-06-20T12:18:09Z,2026-06-20T14:18:09+0200,4bddbab4-20af-41f1-90cc-d649ae7f214d,2026-06-12T04:00:00Z,2026-06-12T06:00:00+0200,90.93,EUR/MWh,BE,BE,imbalance_price,Short,2026-06-20T12:20:56Z
2026-06-20T12:18:09Z,2026-06-20T14:18:09+0200,4bddbab4-20af-41f1-90cc-d649ae7f214d,2026-06-12T04:15:00Z,2026-06-12T06:15:00+0200,126.89,EUR/MWh,BE,BE,imbalance_price,Long,2026-06-20T12:20:56Z
2026-06-20T12:18:09Z,2026-06-20T14:18:09+0200,4bddbab4-20af-41f1-90cc-d649ae7f214d,2026-06-12T04:15:00Z,2026-06-12T06:15:00+0200,126.89,EUR/MWh,BE,BE,imbalance_price,Short,2026-06-20T12:20:56Z
2026-06-20T12:18:09Z,2026-06-20T14:18:09+0200,4bddbab4-20af-41f1-90cc-d649ae7f214d,2026-06-12T04:30:00Z,2026-06-12T06:30:00+0200,120.13,EUR/MWh,BE,BE,imbalance_price,Long,2026-06-20T12:20:56Z
2026-06-20T12:18:09Z,2026-06-20T14:18:09+0200,4bddbab4-20af-41f1-90cc-d649ae7f214d,2026-06-12T04:30:00Z,2026-06-12T06:30:00+0200,120.13,EUR/MWh,BE,BE,imbalance_price,Short,2026-06-20T12:20:56Z
2026-06-20T12:18:09Z,2026-06-20T14:18:09+0200,4bddbab4-20af-41f1-90cc-d649ae7f214d,2026-06-12T04:45:00Z,2026-06-12T06:45:00+0200,116.89,EUR/MWh,BE,BE,imbalance_price,Long,2026-06-20T12:20:56Z
2026-06-20T12:18:09Z,2026-06-20T14:18:09+0200,4bddbab4-20af-41f1-90cc-d649ae7f214d,2026-06-12T04:45:00Z,2026-06-12T06:45:00+0200,116.89,EUR/MWh,BE,BE,imbalance_price,Short,2026-06-20T12:20:56Z
2026-06-20T12:18:09Z,2026-06-20T14:18:09+0200,4bddbab4-20af-41f1-90cc-d649ae7f214d,2026-06-12T05:00:00Z,2026-06-12T07:00:00+0200,154.39,EUR/MWh,BE,BE,imbalance_price,Long,2026-06-20T12:20:56Z
2026-06-20T12:18:09Z,2026-06-20T14:18:09+0200,4bddbab4-20af-41f1-90cc-d649ae7f214d,2026-06-12T05:00:00Z,2026-06-12T07:00:00+0200,154.39,EUR/MWh,BE,BE,imbalance_price,Short,2026-06-20T12:20:56Z
2026-06-20T12:18:09Z,2026-06-20T14:18:09+0200,4bddbab4-20af-41f1-90cc-d649ae7f214d,2026-06-12T05:15:00Z,2026-06-12T07:15:00+0200,140.54,EUR/MWh,BE,BE,imbalance_price,Long,2026-06-20T12:20:56Z
2026-06-20T12:18:09Z,2026-06-20T14:18:09+0200,4bddbab4-20af-41f1-90cc-d649ae7f214d,2026-06-12T05:15:00Z,2026-06-12T07:15:00+0200,140.54,EUR/MWh,BE,BE,imbalance_price,Short,2026-06-20T12:20:56Z
2026-06-20T12:18:09Z,2026-06-20T14:18:09+0200,4bddbab4-20af-41f1-90cc-d649ae7f214d,2026-06-12T05:30:00Z,2026-06-12T07:30:00+0200,133.22,EUR/MWh,BE,BE,imbalance_price,Long,2026-06-20T12:20:56Z
2026-06-20T12:18:09Z,2026-06-20T14:18:09+0200,4bddbab4-20af-41f1-90cc-d649ae7f214d,2026-06-12T05:30:00Z,2026-06-12T07:30:00+0200,133.22,EUR/MWh,BE,BE,imbalance_price,Short,2026-06-20T12:20:56Z
2026-06-20T12:18:09Z,2026-06-20T14:18:09+0200,4bddbab4-20af-41f1-90cc-d649ae7f214d,2026-06-12T05:45:00Z,2026-06-12T07:45:00+0200,112.37,EUR/MWh,BE,BE,imbalance_price,Long,2026-06-20T12:20:56Z
2026-06-20T12:18:09Z,2026-06-20T14:18:09+0200,4bddbab4-20af-41f1-90cc-d649ae7f214d,2026-06-12T05:45:00Z,2026-06-12T07:45:00+0200,112.37,EUR/MWh,BE,BE,imbalance_price,Short,2026-06-20T12:20:56Z
2026-06-20T12:18:09Z,2026-06-20T14:18:09+0200,4bddbab4-20af-41f1-90cc-d649ae7f214d,2026-06-12T06:00:00Z,2026-06-12T08:00:00+0200,106.55,EUR/MWh,BE,BE,imbalance_price,Long,2026-06-20T12:20:56Z
2026-06-20T12:18:09Z,2026-06-20T14:18:09+0200,4bddbab4-20af-41f1-90cc-d649ae7f214d,2026-06-12T06:00:00Z,2026-06-12T08:00:00+0200,106.55,EUR/MWh,BE,BE,imbalance_price,Short,2026-06-20T12:20:56Z
2026-06-20T12:18:09Z,2026-06-20T14:18:09+0200,4bddbab4-20af-41f1-90cc-d649ae7f214d,2026-06-12T06:15:00Z,2026-06-12T08:15:00+0200,123.82,EUR/MWh,BE,BE,imbalance_price,Long,2026-06-20T12:20:56Z
2026-06-20T12:18:09Z,2026-06-20T14:18:09+0200,4bddbab4-20af-41f1-90cc-d649ae7f214d,2026-06-12T06:15:00Z,2026-06-12T08:15:00+0200,123.82,EUR/MWh,BE,BE,imbalance_price,Short,2026-06-20T12:20:56Z
2026-06-20T12:18:09Z,2026-06-20T14:18:09+0200,4bddbab4-20af-41f1-90cc-d649ae7f214d,2026-06-12T06:30:00Z,2026-06-12T08:30:00+0200,97.27,EUR/MWh,BE,BE,imbalance_price,Long,2026-06-20T12:20:56Z
2026-06-20T12:18:09Z,2026-06-20T14:18:09+0200,4bddbab4-20af-41f1-90cc-d649ae7f214d,2026-06-12T06:30:00Z,2026-06-12T08:30:00+0200,97.27,EUR/MWh,BE,BE,imbalance_price,Short,2026-06-20T12:20:56Z
2026-06-20T12:18:09Z,2026-06-20T14:18:09+0200,4bddbab4-20af-41f1-90cc-d649ae7f214d,2026-06-12T06:45:00Z,2026-06-12T08:45:00+0200,97.06,EUR/MWh,BE,BE,imbalance_price,Long,2026-06-20T12:20:56Z
2026-06-20T12:18:09Z,2026-06-20T14:18:09+0200,4bddbab4-20af-41f1-90cc-d649ae7f214d,2026-06-12T06:45:00Z,2026-06-12T08:45:00+0200,97.06,EUR/MWh,BE,BE,imbalance_price,Short,2026-06-20T12:20:56Z
2026-06-20T12:18:09Z,2026-06-20T14:18:09+0200,4bddbab4-20af-41f1-90cc-d649ae7f214d,2026-06-12T07:00:00Z,2026-06-12T09:00:00+0200,159.48,EUR/MWh,BE,BE,imbalance_price,Long,2026-06-20T12:20:56Z
2026-06-20T12:18:09Z,2026-06-20T14:18:09+0200,4bddbab4-20af-41f1-90cc-d649ae7f214d,2026-06-12T07:00:00Z,2026-06-12T09:00:00+0200,159.48,EUR/MWh,BE,BE,imbalance_price,Short,2026-06-20T12:20:56Z
2026-06-20T12:18:09Z,2026-06-20T14:18:09+0200,4bddbab4-20af-41f1-90cc-d649ae7f214d,2026-06-12T07:15:00Z,2026-06-12T09:15:00+0200,142.46,EUR/MWh,BE,BE,imbalance_price,Long,2026-06-20T12:20:56Z
2026-06-20T12:18:09Z,2026-06-20T14:18:09+0200,4bddbab4-20af-41f1-90cc-d649ae7f214d,2026-06-12T07:15:00Z,2026-06-12T09:15:00+0200,142.46,EUR/MWh,BE,BE,imbalance_price,Short,2026-06-20T12:20:56Z
2026-06-20T12:18:09Z,2026-06-20T14:18:09+0200,4bddbab4-20af-41f1-90cc-d649ae7f214d,2026-06-12T07:30:00Z,2026-06-12T09:30:00+0200,123.89,EUR/MWh,BE,BE,imbalance_price,Long,2026-06-20T12:20:56Z
2026-06-20T12:18:09Z,2026-06-20T14:18:09+0200,4bddbab4-20af-41f1-90cc-d649ae7f214d,2026-06-12T07:30:00Z,2026-06-12T09:30:00+0200,123.89,EUR/MWh,BE,BE,imbalance_price,Short,2026-06-20T12:20:56Z
2026-06-20T12:18:09Z,2026-06-20T14:18:09+0200,4bddbab4-20af-41f1-90cc-d649ae7f214d,2026-06-12T07:45:00Z,2026-06-12T09:45:00+0200,124.06,EUR/MWh,BE,BE,imbalance_price,Long,2026-06-20T12:20:56Z
2026-06-20T12:18:09Z,2026-06-20T14:18:09+0200,4bddbab4-20af-41f1-90cc-d649ae7f214d,2026-06-12T07:45:00Z,2026-06-12T09:45:00+0200,124.06,EUR/MWh,BE,BE,imbalance_price,Short,2026-06-20T12:20:56Z
2026-06-20T12:18:09Z,2026-06-20T14:18:09+0200,4bddbab4-20af-41f1-90cc-d649ae7f214d,2026-06-12T08:00:00Z,2026-06-12T10:00:00+0200,102.26,EUR/MWh,BE,BE,imbalance_price,Long,2026-06-20T12:20:56Z
2026-06-20T12:18:09Z,2026-06-20T14:18:09+0200,4bddbab4-20af-41f1-90cc-d649ae7f214d,2026-06-12T08:00:00Z,2026-06-12T10:00:00+0200,102.26,EUR/MWh,BE,BE,imbalance_price,Short,2026-06-20T12:20:56Z
2026-06-20T12:18:09Z,2026-06-20T14:18:09+0200,4bddbab4-20af-41f1-90cc-d649ae7f214d,2026-06-12T08:15:00Z,2026-06-12T10:15:00+0200,77.0,EUR/MWh,BE,BE,imbalance_price,Long,2026-06-20T12:20:56Z
2026-06-20T12:18:09Z,2026-06-20T14:18:09+0200,4bddbab4-20af-41f1-90cc-d649ae7f214d,2026-06-12T08:15:00Z,2026-06-12T10:15:00+0200,77.0,EUR/MWh,BE,BE,imbalance_price,Short,2026-06-20T12:20:56Z
2026-06-20T12:18:09Z,2026-06-20T14:18:09+0200,4bddbab4-20af-41f1-90cc-d649ae7f214d,2026-06-12T08:30:00Z,2026-06-12T10:30:00+0200,101.71,EUR/MWh,BE,BE,imbalance_price,Long,2026-06-20T12:20:56Z
2026-06-20T12:18:09Z,2026-06-20T14:18:09+0200,4bddbab4-20af-41f1-90cc-d649ae7f214d,2026-06-12T08:30:00Z,2026-06-12T10:30:00+0200,101.71,EUR/MWh,BE,BE,imbalance_price,Short,2026-06-20T12:20:56Z
2026-06-20T12:18:09Z,2026-06-20T14:18:09+0200,4bddbab4-20af-41f1-90cc-d649ae7f214d,2026-06-12T08:45:00Z,2026-06-12T10:45:00+0200,77.0,EUR/MWh,BE,BE,imbalance_price,Long,2026-06-20T12:20:56Z
2026-06-20T12:18:09Z,2026-06-20T14:18:09+0200,4bddbab4-20af-41f1-90cc-d649ae7f214d,2026-06-12T08:45:00Z,2026-06-12T10:45:00+0200,77.0,EUR/MWh,BE,BE,imbalance_price,Short,2026-06-20T12:20:56Z
2026-06-20T12:18:09Z,2026-06-20T14:18:09+0200,4bddbab4-20af-41f1-90cc-d649ae7f214d,2026-06-12T09:00:00Z,2026-06-12T11:00:00+0200,102.0,EUR/MWh,BE,BE,imbalance_price,Long,2026-06-20T12:20:56Z
2026-06-20T12:18:09Z,2026-06-20T14:18:09+0200,4bddbab4-20af-41f1-90cc-d649ae7f214d,2026-06-12T09:00:00Z,2026-06-12T11:00:00+0200,102.0,EUR/MWh,BE,BE,imbalance_price,Short,2026-06-20T12:20:56Z
2026-06-20T12:18:09Z,2026-06-20T14:18:09+0200,4bddbab4-20af-41f1-90cc-d649ae7f214d,2026-06-12T09:15:00Z,2026-06-12T11:15:00+0200,78.47,EUR/MWh,BE,BE,imbalance_price,Long,2026-06-20T12:20:56Z
2026-06-20T12:18:09Z,2026-06-20T14:18:09+0200,4bddbab4-20af-41f1-90cc-d649ae7f214d,2026-06-12T09:15:00Z,2026-06-12T11:15:00+0200,78.47,EUR/MWh,BE,BE,imbalance_price,Short,2026-06-20T12:20:56Z
2026-06-20T12:18:09Z,2026-06-20T14:18:09+0200,4bddbab4-20af-41f1-90cc-d649ae7f214d,2026-06-12T09:30:00Z,2026-06-12T11:30:00+0200,93.67,EUR/MWh,BE,BE,imbalance_price,Long,2026-06-20T12:20:56Z
2026-06-20T12:18:09Z,2026-06-20T14:18:09+0200,4bddbab4-20af-41f1-90cc-d649ae7f214d,2026-06-12T09:30:00Z,2026-06-12T11:30:00+0200,93.67,EUR/MWh,BE,BE,imbalance_price,Short,2026-06-20T12:20:56Z
2026-06-20T12:18:09Z,2026-06-20T14:18:09+0200,4bddbab4-20af-41f1-90cc-d649ae7f214d,2026-06-12T09:45:00Z,2026-06-12T11:45:00+0200,96.16,EUR/MWh,BE,BE,imbalance_price,Long,2026-06-20T12:20:56Z
2026-06-20T12:18:09Z,2026-06-20T14:18:09+0200,4bddbab4-20af-41f1-90cc-d649ae7f214d,2026-06-12T09:45:00Z,2026-06-12T11:45:00+0200,96.16,EUR/MWh,BE,BE,imbalance_price,Short,2026-06-20T12:20:56Z
2026-06-20T12:18:09Z,2026-06-20T14:18:09+0200,4bddbab4-20af-41f1-90cc-d649ae7f214d,2026-06-12T10:00:00Z,2026-06-12T12:00:00+0200,132.91,EUR/MWh,BE,BE,imbalance_price,Long,2026-06-20T12:20:56Z
2026-06-20T12:18:09Z,2026-06-20T14:18:09+0200,4bddbab4-20af-41f1-90cc-d649ae7f214d,2026-06-12T10:00:00Z,2026-06-12T12:00:00+0200,132.91,EUR/MWh,BE,BE,imbalance_price,Short,2026-06-20T12:20:56Z
2026-06-20T12:18:09Z,2026-06-20T14:18:09+0200,4bddbab4-20af-41f1-90cc-d649ae7f214d,2026-06-12T10:15:00Z,2026-06-12T12:15:00+0200,89.74,EUR/MWh,BE,BE,imbalance_price,Long,2026-06-20T12:20:56Z
2026-06-20T12:18:09Z,2026-06-20T14:18:09+0200,4bddbab4-20af-41f1-90cc-d649ae7f214d,2026-06-12T10:15:00Z,2026-06-12T12:15:00+0200,89.74,EUR/MWh,BE,BE,imbalance_price,Short,2026-06-20T12:20:56Z
2026-06-20T12:18:09Z,2026-06-20T14:18:09+0200,4bddbab4-20af-41f1-90cc-d649ae7f214d,2026-06-12T10:30:00Z,2026-06-12T12:30:00+0200,98.63,EUR/MWh,BE,BE,imbalance_price,Long,2026-06-20T12:20:56Z
2026-06-20T12:18:09Z,2026-06-20T14:18:09+0200,4bddbab4-20af-41f1-90cc-d649ae7f214d,2026-06-12T10:30:00Z,2026-06-12T12:30:00+0200,98.63,EUR/MWh,BE,BE,imbalance_price,Short,2026-06-20T12:20:56Z
2026-06-20T12:18:09Z,2026-06-20T14:18:09+0200,4bddbab4-20af-41f1-90cc-d649ae7f214d,2026-06-12T10:45:00Z,2026-06-12T12:45:00+0200,76.93,EUR/MWh,BE,BE,imbalance_price,Long,2026-06-20T12:20:56Z
2026-06-20T12:18:09Z,2026-06-20T14:18:09+0200,4bddbab4-20af-41f1-90cc-d649ae7f214d,2026-06-12T10:45:00Z,2026-06-12T12:45:00+0200,76.93,EUR/MWh,BE,BE,imbalance_price,Short,2026-06-20T12:20:56Z
2026-06-20T12:18:09Z,2026-06-20T14:18:09+0200,4bddbab4-20af-41f1-90cc-d649ae7f214d,2026-06-12T11:00:00Z,2026-06-12T13:00:00+0200,63.13,EUR/MWh,BE,BE,imbalance_price,Long,2026-06-20T12:20:56Z
2026-06-20T12:18:09Z,2026-06-20T14:18:09+0200,4bddbab4-20af-41f1-90cc-d649ae7f214d,2026-06-12T11:00:00Z,2026-06-12T13:00:00+0200,63.13,EUR/MWh,BE,BE,imbalance_price,Short,2026-06-20T12:20:56Z
2026-06-20T12:18:09Z,2026-06-20T14:18:09+0200,4bddbab4-20af-41f1-90cc-d649ae7f214d,2026-06-12T11:15:00Z,2026-06-12T13:15:00+0200,41.15,EUR/MWh,BE,BE,imbalance_price,Long,2026-06-20T12:20:56Z
2026-06-20T12:18:09Z,2026-06-20T14:18:09+0200,4bddbab4-20af-41f1-90cc-d649ae7f214d,2026-06-12T11:15:00Z,2026-06-12T13:15:00+0200,41.15,EUR/MWh,BE,BE,imbalance_price,Short,2026-06-20T12:20:56Z
2026-06-20T12:18:09Z,2026-06-20T14:18:09+0200,4bddbab4-20af-41f1-90cc-d649ae7f214d,2026-06-12T11:30:00Z,2026-06-12T13:30:00+0200,40.06,EUR/MWh,BE,BE,imbalance_price,Long,2026-06-20T12:20:56Z
2026-06-20T12:18:09Z,2026-06-20T14:18:09+0200,4bddbab4-20af-41f1-90cc-d649ae7f214d,2026-06-12T11:30:00Z,2026-06-12T13:30:00+0200,40.06,EUR/MWh,BE,BE,imbalance_price,Short,2026-06-20T12:20:56Z
2026-06-20T12:18:09Z,2026-06-20T14:18:09+0200,4bddbab4-20af-41f1-90cc-d649ae7f214d,2026-06-12T11:45:00Z,2026-06-12T13:45:00+0200,-23.96,EUR/MWh,BE,BE,imbalance_price,Long,2026-06-20T12:20:56Z
2026-06-20T12:18:09Z,2026-06-20T14:18:09+0200,4bddbab4-20af-41f1-90cc-d649ae7f214d,2026-06-12T11:45:00Z,2026-06-12T13:45:00+0200,-23.96,EUR/MWh,BE,BE,imbalance_price,Short,2026-06-20T12:20:56Z
2026-06-20T12:18:09Z,2026-06-20T14:18:09+0200,4bddbab4-20af-41f1-90cc-d649ae7f214d,2026-06-12T12:00:00Z,2026-06-12T14:00:00+0200,-35.82,EUR/MWh,BE,BE,imbalance_price,Long,2026-06-20T12:20:56Z
2026-06-20T12:18:09Z,2026-06-20T14:18:09+0200,4bddbab4-20af-41f1-90cc-d649ae7f214d,2026-06-12T12:00:00Z,2026-06-12T14:00:00+0200,-35.82,EUR/MWh,BE,BE,imbalance_price,Short,2026-06-20T12:20:56Z
2026-06-20T12:18:09Z,2026-06-20T14:18:09+0200,4bddbab4-20af-41f1-90cc-d649ae7f214d,2026-06-12T12:15:00Z,2026-06-12T14:15:00+0200,-43.88,EUR/MWh,BE,BE,imbalance_price,Long,2026-06-20T12:20:56Z
2026-06-20T12:18:09Z,2026-06-20T14:18:09+0200,4bddbab4-20af-41f1-90cc-d649ae7f214d,2026-06-12T12:15:00Z,2026-06-12T14:15:00+0200,-43.88,EUR/MWh,BE,BE,imbalance_price,Short,2026-06-20T12:20:56Z
2026-06-20T12:18:09Z,2026-06-20T14:18:09+0200,4bddbab4-20af-41f1-90cc-d649ae7f214d,2026-06-12T12:30:00Z,2026-06-12T14:30:00+0200,-23.23,EUR/MWh,BE,BE,imbalance_price,Long,2026-06-20T12:20:56Z
2026-06-20T12:18:09Z,2026-06-20T14:18:09+0200,4bddbab4-20af-41f1-90cc-d649ae7f214d,2026-06-12T12:30:00Z,2026-06-12T14:30:00+0200,-23.23,EUR/MWh,BE,BE,imbalance_price,Short,2026-06-20T12:20:56Z
2026-06-20T12:18:09Z,2026-06-20T14:18:09+0200,4bddbab4-20af-41f1-90cc-d649ae7f214d,2026-06-12T12:45:00Z,2026-06-12T14:45:00+0200,8.16,EUR/MWh,BE,BE,imbalance_price,Long,2026-06-20T12:20:56Z
2026-06-20T12:18:09Z,2026-06-20T14:18:09+0200,4bddbab4-20af-41f1-90cc-d649ae7f214d,2026-06-12T12:45:00Z,2026-06-12T14:45:00+0200,8.16,EUR/MWh,BE,BE,imbalance_price,Short,2026-06-20T12:20:56Z
2026-06-20T12:18:09Z,2026-06-20T14:18:09+0200,4bddbab4-20af-41f1-90cc-d649ae7f214d,2026-06-12T13:00:00Z,2026-06-12T15:00:00+0200,33.64,EUR/MWh,BE,BE,imbalance_price,Long,2026-06-20T12:20:56Z
2026-06-20T12:18:09Z,2026-06-20T14:18:09+0200,4bddbab4-20af-41f1-90cc-d649ae7f214d,2026-06-12T13:00:00Z,2026-06-12T15:00:00+0200,33.64,EUR/MWh,BE,BE,imbalance_price,Short,2026-06-20T12:20:56Z
2026-06-20T12:18:09Z,2026-06-20T14:18:09+0200,4bddbab4-20af-41f1-90cc-d649ae7f214d,2026-06-12T13:15:00Z,2026-06-12T15:15:00+0200,90.88,EUR/MWh,BE,BE,imbalance_price,Long,2026-06-20T12:20:56Z
2026-06-20T12:18:09Z,2026-06-20T14:18:09+0200,4bddbab4-20af-41f1-90cc-d649ae7f214d,2026-06-12T13:15:00Z,2026-06-12T15:15:00+0200,90.88,EUR/MWh,BE,BE,imbalance_price,Short,2026-06-20T12:20:56Z
2026-06-20T12:18:09Z,2026-06-20T14:18:09+0200,4bddbab4-20af-41f1-90cc-d649ae7f214d,2026-06-12T13:30:00Z,2026-06-12T15:30:00+0200,92.12,EUR/MWh,BE,BE,imbalance_price,Long,2026-06-20T12:20:56Z
2026-06-20T12:18:09Z,2026-06-20T14:18:09+0200,4bddbab4-20af-41f1-90cc-d649ae7f214d,2026-06-12T13:30:00Z,2026-06-12T15:30:00+0200,92.12,EUR/MWh,BE,BE,imbalance_price,Short,2026-06-20T12:20:56Z
2026-06-20T12:18:09Z,2026-06-20T14:18:09+0200,4bddbab4-20af-41f1-90cc-d649ae7f214d,2026-06-12T13:45:00Z,2026-06-12T15:45:00+0200,140.07,EUR/MWh,BE,BE,imbalance_price,Long,2026-06-20T12:20:56Z
2026-06-20T12:18:09Z,2026-06-20T14:18:09+0200,4bddbab4-20af-41f1-90cc-d649ae7f214d,2026-06-12T13:45:00Z,2026-06-12T15:45:00+0200,140.07,EUR/MWh,BE,BE,imbalance_price,Short,2026-06-20T12:20:56Z
2026-06-20T12:18:09Z,2026-06-20T14:18:09+0200,4bddbab4-20af-41f1-90cc-d649ae7f214d,2026-06-12T14:00:00Z,2026-06-12T16:00:00+0200,97.22,EUR/MWh,BE,BE,imbalance_price,Long,2026-06-20T12:20:56Z
2026-06-20T12:18:09Z,2026-06-20T14:18:09+0200,4bddbab4-20af-41f1-90cc-d649ae7f214d,2026-06-12T14:00:00Z,2026-06-12T16:00:00+0200,97.22,EUR/MWh,BE,BE,imbalance_price,Short,2026-06-20T12:20:56Z
2026-06-20T12:18:09Z,2026-06-20T14:18:09+0200,4bddbab4-20af-41f1-90cc-d649ae7f214d,2026-06-12T14:15:00Z,2026-06-12T16:15:00+0200,153.08,EUR/MWh,BE,BE,imbalance_price,Long,2026-06-20T12:20:56Z
2026-06-20T12:18:09Z,2026-06-20T14:18:09+0200,4bddbab4-20af-41f1-90cc-d649ae7f214d,2026-06-12T14:15:00Z,2026-06-12T16:15:00+0200,153.08,EUR/MWh,BE,BE,imbalance_price,Short,2026-06-20T12:20:56Z
2026-06-20T12:18:09Z,2026-06-20T14:18:09+0200,4bddbab4-20af-41f1-90cc-d649ae7f214d,2026-06-12T14:30:00Z,2026-06-12T16:30:00+0200,117.95,EUR/MWh,BE,BE,imbalance_price,Long,2026-06-20T12:20:56Z
2026-06-20T12:18:09Z,2026-06-20T14:18:09+0200,4bddbab4-20af-41f1-90cc-d649ae7f214d,2026-06-12T14:30:00Z,2026-06-12T16:30:00+0200,117.95,EUR/MWh,BE,BE,imbalance_price,Short,2026-06-20T12:20:56Z
2026-06-20T12:18:09Z,2026-06-20T14:18:09+0200,4bddbab4-20af-41f1-90cc-d649ae7f214d,2026-06-12T14:45:00Z,2026-06-12T16:45:00+0200,56.2,EUR/MWh,BE,BE,imbalance_price,Long,2026-06-20T12:20:56Z
2026-06-20T12:18:09Z,2026-06-20T14:18:09+0200,4bddbab4-20af-41f1-90cc-d649ae7f214d,2026-06-12T14:45:00Z,2026-06-12T16:45:00+0200,56.2,EUR/MWh,BE,BE,imbalance_price,Short,2026-06-20T12:20:56Z
2026-06-20T12:18:09Z,2026-06-20T14:18:09+0200,4bddbab4-20af-41f1-90cc-d649ae7f214d,2026-06-12T15:00:00Z,2026-06-12T17:00:00+0200,59.3,EUR/MWh,BE,BE,imbalance_price,Long,2026-06-20T12:20:56Z
2026-06-20T12:18:09Z,2026-06-20T14:18:09+0200,4bddbab4-20af-41f1-90cc-d649ae7f214d,2026-06-12T15:00:00Z,2026-06-12T17:00:00+0200,59.3,EUR/MWh,BE,BE,imbalance_price,Short,2026-06-20T12:20:56Z
2026-06-20T12:18:09Z,2026-06-20T14:18:09+0200,4bddbab4-20af-41f1-90cc-d649ae7f214d,2026-06-12T15:15:00Z,2026-06-12T17:15:00+0200,104.76,EUR/MWh,BE,BE,imbalance_price,Long,2026-06-20T12:20:56Z
2026-06-20T12:18:09Z,2026-06-20T14:18:09+0200,4bddbab4-20af-41f1-90cc-d649ae7f214d,2026-06-12T15:15:00Z,2026-06-12T17:15:00+0200,104.76,EUR/MWh,BE,BE,imbalance_price,Short,2026-06-20T12:20:56Z
2026-06-20T12:18:09Z,2026-06-20T14:18:09+0200,4bddbab4-20af-41f1-90cc-d649ae7f214d,2026-06-12T15:30:00Z,2026-06-12T17:30:00+0200,156.46,EUR/MWh,BE,BE,imbalance_price,Long,2026-06-20T12:20:56Z
2026-06-20T12:18:09Z,2026-06-20T14:18:09+0200,4bddbab4-20af-41f1-90cc-d649ae7f214d,2026-06-12T15:30:00Z,2026-06-12T17:30:00+0200,156.46,EUR/MWh,BE,BE,imbalance_price,Short,2026-06-20T12:20:56Z
2026-06-20T12:18:09Z,2026-06-20T14:18:09+0200,4bddbab4-20af-41f1-90cc-d649ae7f214d,2026-06-12T15:45:00Z,2026-06-12T17:45:00+0200,122.62,EUR/MWh,BE,BE,imbalance_price,Long,2026-06-20T12:20:56Z
2026-06-20T12:18:09Z,2026-06-20T14:18:09+0200,4bddbab4-20af-41f1-90cc-d649ae7f214d,2026-06-12T15:45:00Z,2026-06-12T17:45:00+0200,122.62,EUR/MWh,BE,BE,imbalance_price,Short,2026-06-20T12:20:56Z
2026-06-20T12:18:09Z,2026-06-20T14:18:09+0200,4bddbab4-20af-41f1-90cc-d649ae7f214d,2026-06-12T16:00:00Z,2026-06-12T18:00:00+0200,76.51,EUR/MWh,BE,BE,imbalance_price,Long,2026-06-20T12:20:56Z
2026-06-20T12:18:09Z,2026-06-20T14:18:09+0200,4bddbab4-20af-41f1-90cc-d649ae7f214d,2026-06-12T16:00:00Z,2026-06-12T18:00:00+0200,76.51,EUR/MWh,BE,BE,imbalance_price,Short,2026-06-20T12:20:56Z
2026-06-20T12:18:09Z,2026-06-20T14:18:09+0200,4bddbab4-20af-41f1-90cc-d649ae7f214d,2026-06-12T16:15:00Z,2026-06-12T18:15:00+0200,70.78,EUR/MWh,BE,BE,imbalance_price,Long,2026-06-20T12:20:56Z
2026-06-20T12:18:09Z,2026-06-20T14:18:09+0200,4bddbab4-20af-41f1-90cc-d649ae7f214d,2026-06-12T16:15:00Z,2026-06-12T18:15:00+0200,70.78,EUR/MWh,BE,BE,imbalance_price,Short,2026-06-20T12:20:56Z
2026-06-20T12:18:09Z,2026-06-20T14:18:09+0200,4bddbab4-20af-41f1-90cc-d649ae7f214d,2026-06-12T16:30:00Z,2026-06-12T18:30:00+0200,76.0,EUR/MWh,BE,BE,imbalance_price,Long,2026-06-20T12:20:56Z
2026-06-20T12:18:09Z,2026-06-20T14:18:09+0200,4bddbab4-20af-41f1-90cc-d649ae7f214d,2026-06-12T16:30:00Z,2026-06-12T18:30:00+0200,76.0,EUR/MWh,BE,BE,imbalance_price,Short,2026-06-20T12:20:56Z
2026-06-20T12:18:09Z,2026-06-20T14:18:09+0200,4bddbab4-20af-41f1-90cc-d649ae7f214d,2026-06-12T16:45:00Z,2026-06-12T18:45:00+0200,76.0,EUR/MWh,BE,BE,imbalance_price,Long,2026-06-20T12:20:56Z
2026-06-20T12:18:09Z,2026-06-20T14:18:09+0200,4bddbab4-20af-41f1-90cc-d649ae7f214d,2026-06-12T16:45:00Z,2026-06-12T18:45:00+0200,76.0,EUR/MWh,BE,BE,imbalance_price,Short,2026-06-20T12:20:56Z
2026-06-20T12:18:09Z,2026-06-20T14:18:09+0200,4bddbab4-20af-41f1-90cc-d649ae7f214d,2026-06-12T17:00:00Z,2026-06-12T19:00:00+0200,92.06,EUR/MWh,BE,BE,imbalance_price,Long,2026-06-20T12:20:56Z
2026-06-20T12:18:09Z,2026-06-20T14:18:09+0200,4bddbab4-20af-41f1-90cc-d649ae7f214d,2026-06-12T17:00:00Z,2026-06-12T19:00:00+0200,92.06,EUR/MWh,BE,BE,imbalance_price,Short,2026-06-20T12:20:56Z
2026-06-20T12:18:09Z,2026-06-20T14:18:09+0200,4bddbab4-20af-41f1-90cc-d649ae7f214d,2026-06-12T17:15:00Z,2026-06-12T19:15:00+0200,108.44,EUR/MWh,BE,BE,imbalance_price,Long,2026-06-20T12:20:56Z
2026-06-20T12:18:09Z,2026-06-20T14:18:09+0200,4bddbab4-20af-41f1-90cc-d649ae7f214d,2026-06-12T17:15:00Z,2026-06-12T19:15:00+0200,108.44,EUR/MWh,BE,BE,imbalance_price,Short,2026-06-20T12:20:56Z
2026-06-20T12:18:09Z,2026-06-20T14:18:09+0200,4bddbab4-20af-41f1-90cc-d649ae7f214d,2026-06-12T17:30:00Z,2026-06-12T19:30:00+0200,94.19,EUR/MWh,BE,BE,imbalance_price,Long,2026-06-20T12:20:56Z
2026-06-20T12:18:09Z,2026-06-20T14:18:09+0200,4bddbab4-20af-41f1-90cc-d649ae7f214d,2026-06-12T17:30:00Z,2026-06-12T19:30:00+0200,94.19,EUR/MWh,BE,BE,imbalance_price,Short,2026-06-20T12:20:56Z
2026-06-20T12:18:09Z,2026-06-20T14:18:09+0200,4bddbab4-20af-41f1-90cc-d649ae7f214d,2026-06-12T17:45:00Z,2026-06-12T19:45:00+0200,87.63,EUR/MWh,BE,BE,imbalance_price,Long,2026-06-20T12:20:56Z
2026-06-20T12:18:09Z,2026-06-20T14:18:09+0200,4bddbab4-20af-41f1-90cc-d649ae7f214d,2026-06-12T17:45:00Z,2026-06-12T19:45:00+0200,87.63,EUR/MWh,BE,BE,imbalance_price,Short,2026-06-20T12:20:56Z
2026-06-20T12:18:09Z,2026-06-20T14:18:09+0200,4bddbab4-20af-41f1-90cc-d649ae7f214d,2026-06-12T18:00:00Z,2026-06-12T20:00:00+0200,118.89,EUR/MWh,BE,BE,imbalance_price,Long,2026-06-20T12:20:56Z
2026-06-20T12:18:09Z,2026-06-20T14:18:09+0200,4bddbab4-20af-41f1-90cc-d649ae7f214d,2026-06-12T18:00:00Z,2026-06-12T20:00:00+0200,118.89,EUR/MWh,BE,BE,imbalance_price,Short,2026-06-20T12:20:56Z
2026-06-20T12:18:09Z,2026-06-20T14:18:09+0200,4bddbab4-20af-41f1-90cc-d649ae7f214d,2026-06-12T18:15:00Z,2026-06-12T20:15:00+0200,115.59,EUR/MWh,BE,BE,imbalance_price,Long,2026-06-20T12:20:56Z
2026-06-20T12:18:09Z,2026-06-20T14:18:09+0200,4bddbab4-20af-41f1-90cc-d649ae7f214d,2026-06-12T18:15:00Z,2026-06-12T20:15:00+0200,115.59,EUR/MWh,BE,BE,imbalance_price,Short,2026-06-20T12:20:56Z
2026-06-20T12:18:09Z,2026-06-20T14:18:09+0200,4bddbab4-20af-41f1-90cc-d649ae7f214d,2026-06-12T18:30:00Z,2026-06-12T20:30:00+0200,119.88,EUR/MWh,BE,BE,imbalance_price,Long,2026-06-20T12:20:56Z
2026-06-20T12:18:09Z,2026-06-20T14:18:09+0200,4bddbab4-20af-41f1-90cc-d649ae7f214d,2026-06-12T18:30:00Z,2026-06-12T20:30:00+0200,119.88,EUR/MWh,BE,BE,imbalance_price,Short,2026-06-20T12:20:56Z
2026-06-20T12:18:09Z,2026-06-20T14:18:09+0200,4bddbab4-20af-41f1-90cc-d649ae7f214d,2026-06-12T18:45:00Z,2026-06-12T20:45:00+0200,120.29,EUR/MWh,BE,BE,imbalance_price,Long,2026-06-20T12:20:56Z
2026-06-20T12:18:09Z,2026-06-20T14:18:09+0200,4bddbab4-20af-41f1-90cc-d649ae7f214d,2026-06-12T18:45:00Z,2026-06-12T20:45:00+0200,120.29,EUR/MWh,BE,BE,imbalance_price,Short,2026-06-20T12:20:56Z
2026-06-20T12:18:09Z,2026-06-20T14:18:09+0200,4bddbab4-20af-41f1-90cc-d649ae7f214d,2026-06-12T19:00:00Z,2026-06-12T21:00:00+0200,96.05,EUR/MWh,BE,BE,imbalance_price,Long,2026-06-20T12:20:56Z
2026-06-20T12:18:09Z,2026-06-20T14:18:09+0200,4bddbab4-20af-41f1-90cc-d649ae7f214d,2026-06-12T19:00:00Z,2026-06-12T21:00:00+0200,96.05,EUR/MWh,BE,BE,imbalance_price,Short,2026-06-20T12:20:56Z
2026-06-20T12:18:09Z,2026-06-20T14:18:09+0200,4bddbab4-20af-41f1-90cc-d649ae7f214d,2026-06-12T19:15:00Z,2026-06-12T21:15:00+0200,103.56,EUR/MWh,BE,BE,imbalance_price,Long,2026-06-20T12:20:56Z
2026-06-20T12:18:09Z,2026-06-20T14:18:09+0200,4bddbab4-20af-41f1-90cc-d649ae7f214d,2026-06-12T19:15:00Z,2026-06-12T21:15:00+0200,103.56,EUR/MWh,BE,BE,imbalance_price,Short,2026-06-20T12:20:56Z
2026-06-20T12:18:09Z,2026-06-20T14:18:09+0200,4bddbab4-20af-41f1-90cc-d649ae7f214d,2026-06-12T19:30:00Z,2026-06-12T21:30:00+0200,95.09,EUR/MWh,BE,BE,imbalance_price,Long,2026-06-20T12:20:56Z
2026-06-20T12:18:09Z,2026-06-20T14:18:09+0200,4bddbab4-20af-41f1-90cc-d649ae7f214d,2026-06-12T19:30:00Z,2026-06-12T21:30:00+0200,95.09,EUR/MWh,BE,BE,imbalance_price,Short,2026-06-20T12:20:56Z
2026-06-20T12:18:09Z,2026-06-20T14:18:09+0200,4bddbab4-20af-41f1-90cc-d649ae7f214d,2026-06-12T19:45:00Z,2026-06-12T21:45:00+0200,64.79,EUR/MWh,BE,BE,imbalance_price,Long,2026-06-20T12:20:56Z
2026-06-20T12:18:09Z,2026-06-20T14:18:09+0200,4bddbab4-20af-41f1-90cc-d649ae7f214d,2026-06-12T19:45:00Z,2026-06-12T21:45:00+0200,64.79,EUR/MWh,BE,BE,imbalance_price,Short,2026-06-20T12:20:56Z
2026-06-20T12:18:09Z,2026-06-20T14:18:09+0200,4bddbab4-20af-41f1-90cc-d649ae7f214d,2026-06-12T20:00:00Z,2026-06-12T22:00:00+0200,91.12,EUR/MWh,BE,BE,imbalance_price,Long,2026-06-20T12:20:56Z
2026-06-20T12:18:09Z,2026-06-20T14:18:09+0200,4bddbab4-20af-41f1-90cc-d649ae7f214d,2026-06-12T20:00:00Z,2026-06-12T22:00:00+0200,91.12,EUR/MWh,BE,BE,imbalance_price,Short,2026-06-20T12:20:56Z
2026-06-20T12:18:09Z,2026-06-20T14:18:09+0200,4bddbab4-20af-41f1-90cc-d649ae7f214d,2026-06-12T20:15:00Z,2026-06-12T22:15:00+0200,102.6,EUR/MWh,BE,BE,imbalance_price,Long,2026-06-20T12:20:56Z
2026-06-20T12:18:09Z,2026-06-20T14:18:09+0200,4bddbab4-20af-41f1-90cc-d649ae7f214d,2026-06-12T20:15:00Z,2026-06-12T22:15:00+0200,102.6,EUR/MWh,BE,BE,imbalance_price,Short,2026-06-20T12:20:56Z
2026-06-20T12:18:09Z,2026-06-20T14:18:09+0200,4bddbab4-20af-41f1-90cc-d649ae7f214d,2026-06-12T20:30:00Z,2026-06-12T22:30:00+0200,102.51,EUR/MWh,BE,BE,imbalance_price,Long,2026-06-20T12:20:56Z
2026-06-20T12:18:09Z,2026-06-20T14:18:09+0200,4bddbab4-20af-41f1-90cc-d649ae7f214d,2026-06-12T20:30:00Z,2026-06-12T22:30:00+0200,102.51,EUR/MWh,BE,BE,imbalance_price,Short,2026-06-20T12:20:56Z
2026-06-20T12:18:09Z,2026-06-20T14:18:09+0200,4bddbab4-20af-41f1-90cc-d649ae7f214d,2026-06-12T20:45:00Z,2026-06-12T22:45:00+0200,100.01,EUR/MWh,BE,BE,imbalance_price,Long,2026-06-20T12:20:56Z
2026-06-20T12:18:09Z,2026-06-20T14:18:09+0200,4bddbab4-20af-41f1-90cc-d649ae7f214d,2026-06-12T20:45:00Z,2026-06-12T22:45:00+0200,100.01,EUR/MWh,BE,BE,imbalance_price,Short,2026-06-20T12:20:56Z
2026-06-20T12:18:09Z,2026-06-20T14:18:09+0200,4bddbab4-20af-41f1-90cc-d649ae7f214d,2026-06-12T21:00:00Z,2026-06-12T23:00:00+0200,114.84,EUR/MWh,BE,BE,imbalance_price,Long,2026-06-20T12:20:56Z
2026-06-20T12:18:09Z,2026-06-20T14:18:09+0200,4bddbab4-20af-41f1-90cc-d649ae7f214d,2026-06-12T21:00:00Z,2026-06-12T23:00:00+0200,114.84,EUR/MWh,BE,BE,imbalance_price,Short,2026-06-20T12:20:56Z
2026-06-20T12:18:09Z,2026-06-20T14:18:09+0200,4bddbab4-20af-41f1-90cc-d649ae7f214d,2026-06-12T21:15:00Z,2026-06-12T23:15:00+0200,84.91,EUR/MWh,BE,BE,imbalance_price,Long,2026-06-20T12:20:56Z
2026-06-20T12:18:09Z,2026-06-20T14:18:09+0200,4bddbab4-20af-41f1-90cc-d649ae7f214d,2026-06-12T21:15:00Z,2026-06-12T23:15:00+0200,84.91,EUR/MWh,BE,BE,imbalance_price,Short,2026-06-20T12:20:56Z
2026-06-20T12:18:09Z,2026-06-20T14:18:09+0200,4bddbab4-20af-41f1-90cc-d649ae7f214d,2026-06-12T21:30:00Z,2026-06-12T23:30:00+0200,78.65,EUR/MWh,BE,BE,imbalance_price,Long,2026-06-20T12:20:56Z
2026-06-20T12:18:09Z,2026-06-20T14:18:09+0200,4bddbab4-20af-41f1-90cc-d649ae7f214d,2026-06-12T21:30:00Z,2026-06-12T23:30:00+0200,78.65,EUR/MWh,BE,BE,imbalance_price,Short,2026-06-20T12:20:56Z
2026-06-20T12:18:09Z,2026-06-20T14:18:09+0200,4bddbab4-20af-41f1-90cc-d649ae7f214d,2026-06-12T21:45:00Z,2026-06-12T23:45:00+0200,96.57,EUR/MWh,BE,BE,imbalance_price,Long,2026-06-20T12:20:56Z
2026-06-20T12:18:09Z,2026-06-20T14:18:09+0200,4bddbab4-20af-41f1-90cc-d649ae7f214d,2026-06-12T21:45:00Z,2026-06-12T23:45:00+0200,96.57,EUR/MWh,BE,BE,imbalance_price,Short,2026-06-20T12:20:56Z
2026-06-20T12:18:09Z,2026-06-20T14:18:09+0200,4bddbab4-20af-41f1-90cc-d649ae7f214d,2026-06-12T22:00:00Z,2026-06-13T00:00:00+0200,87.09,EUR/MWh,BE,BE,imbalance_price,Long,2026-06-20T12:20:56Z
2026-06-20T12:18:09Z,2026-06-20T14:18:09+0200,4bddbab4-20af-41f1-90cc-d649ae7f214d,2026-06-12T22:00:00Z,2026-06-13T00:00:00+0200,87.09,EUR/MWh,BE,BE,imbalance_price,Short,2026-06-20T12:20:56Z
2026-06-20T12:18:09Z,2026-06-20T14:18:09+0200,4bddbab4-20af-41f1-90cc-d649ae7f214d,2026-06-12T22:15:00Z,2026-06-13T00:15:00+0200,70.28,EUR/MWh,BE,BE,imbalance_price,Long,2026-06-20T12:20:56Z
2026-06-20T12:18:09Z,2026-06-20T14:18:09+0200,4bddbab4-20af-41f1-90cc-d649ae7f214d,2026-06-12T22:15:00Z,2026-06-13T00:15:00+0200,70.28,EUR/MWh,BE,BE,imbalance_price,Short,2026-06-20T12:20:56Z
2026-06-20T12:18:09Z,2026-06-20T14:18:09+0200,4bddbab4-20af-41f1-90cc-d649ae7f214d,2026-06-12T22:30:00Z,2026-06-13T00:30:00+0200,87.09,EUR/MWh,BE,BE,imbalance_price,Long,2026-06-20T12:20:56Z
2026-06-20T12:18:09Z,2026-06-20T14:18:09+0200,4bddbab4-20af-41f1-90cc-d649ae7f214d,2026-06-12T22:30:00Z,2026-06-13T00:30:00+0200,87.09,EUR/MWh,BE,BE,imbalance_price,Short,2026-06-20T12:20:56Z
2026-06-20T12:18:09Z,2026-06-20T14:18:09+0200,4bddbab4-20af-41f1-90cc-d649ae7f214d,2026-06-12T22:45:00Z,2026-06-13T00:45:00+0200,87.09,EUR/MWh,BE,BE,imbalance_price,Long,2026-06-20T12:20:56Z
2026-06-20T12:18:09Z,2026-06-20T14:18:09+0200,4bddbab4-20af-41f1-90cc-d649ae7f214d,2026-06-12T22:45:00Z,2026-06-13T00:45:00+0200,87.09,EUR/MWh,BE,BE,imbalance_price,Short,2026-06-20T12:20:56Z
2026-06-20T12:18:09Z,2026-06-20T14:18:09+0200,4bddbab4-20af-41f1-90cc-d649ae7f214d,2026-06-12T23:00:00Z,2026-06-13T01:00:00+0200,104.11,EUR/MWh,BE,BE,imbalance_price,Long,2026-06-20T12:20:56Z
2026-06-20T12:18:09Z,2026-06-20T14:18:09+0200,4bddbab4-20af-41f1-90cc-d649ae7f214d,2026-06-12T23:00:00Z,2026-06-13T01:00:00+0200,104.11,EUR/MWh,BE,BE,imbalance_price,Short,2026-06-20T12:20:56Z
2026-06-20T12:18:09Z,2026-06-20T14:18:09+0200,4bddbab4-20af-41f1-90cc-d649ae7f214d,2026-06-12T23:15:00Z,2026-06-13T01:15:00+0200,122.88,EUR/MWh,BE,BE,imbalance_price,Long,2026-06-20T12:20:56Z
2026-06-20T12:18:09Z,2026-06-20T14:18:09+0200,4bddbab4-20af-41f1-90cc-d649ae7f214d,2026-06-12T23:15:00Z,2026-06-13T01:15:00+0200,122.88,EUR/MWh,BE,BE,imbalance_price,Short,2026-06-20T12:20:56Z
2026-06-20T12:18:09Z,2026-06-20T14:18:09+0200,4bddbab4-20af-41f1-90cc-d649ae7f214d,2026-06-12T23:30:00Z,2026-06-13T01:30:00+0200,99.28,EUR/MWh,BE,BE,imbalance_price,Long,2026-06-20T12:20:56Z
2026-06-20T12:18:09Z,2026-06-20T14:18:09+0200,4bddbab4-20af-41f1-90cc-d649ae7f214d,2026-06-12T23:30:00Z,2026-06-13T01:30:00+0200,99.28,EUR/MWh,BE,BE,imbalance_price,Short,2026-06-20T12:20:56Z
2026-06-20T12:18:09Z,2026-06-20T14:18:09+0200,4bddbab4-20af-41f1-90cc-d649ae7f214d,2026-06-12T23:45:00Z,2026-06-13T01:45:00+0200,146.01,EUR/MWh,BE,BE,imbalance_price,Long,2026-06-20T12:20:56Z
2026-06-20T12:18:09Z,2026-06-20T14:18:09+0200,4bddbab4-20af-41f1-90cc-d649ae7f214d,2026-06-12T23:45:00Z,2026-06-13T01:45:00+0200,146.01,EUR/MWh,BE,BE,imbalance_price,Short,2026-06-20T12:20:56Z
2026-06-20T12:18:09Z,2026-06-20T14:18:09+0200,4bddbab4-20af-41f1-90cc-d649ae7f214d,2026-06-13T00:00:00Z,2026-06-13T02:00:00+0200,102.09,EUR/MWh,BE,BE,imbalance_price,Long,2026-06-20T12:20:56Z
2026-06-20T12:18:09Z,2026-06-20T14:18:09+0200,4bddbab4-20af-41f1-90cc-d649ae7f214d,2026-06-13T00:00:00Z,2026-06-13T02:00:00+0200,102.09,EUR/MWh,BE,BE,imbalance_price,Short,2026-06-20T12:20:56Z
2026-06-20T12:18:09Z,2026-06-20T14:18:09+0200,4bddbab4-20af-41f1-90cc-d649ae7f214d,2026-06-13T00:15:00Z,2026-06-13T02:15:00+0200,107.36,EUR/MWh,BE,BE,imbalance_price,Long,2026-06-20T12:20:56Z
2026-06-20T12:18:09Z,2026-06-20T14:18:09+0200,4bddbab4-20af-41f1-90cc-d649ae7f214d,2026-06-13T00:15:00Z,2026-06-13T02:15:00+0200,107.36,EUR/MWh,BE,BE,imbalance_price,Short,2026-06-20T12:20:56Z
2026-06-20T12:18:09Z,2026-06-20T14:18:09+0200,4bddbab4-20af-41f1-90cc-d649ae7f214d,2026-06-13T00:30:00Z,2026-06-13T02:30:00+0200,113.43,EUR/MWh,BE,BE,imbalance_price,Long,2026-06-20T12:20:56Z
2026-06-20T12:18:09Z,2026-06-20T14:18:09+0200,4bddbab4-20af-41f1-90cc-d649ae7f214d,2026-06-13T00:30:00Z,2026-06-13T02:30:00+0200,113.43,EUR/MWh,BE,BE,imbalance_price,Short,2026-06-20T12:20:56Z
2026-06-20T12:18:09Z,2026-06-20T14:18:09+0200,4bddbab4-20af-41f1-90cc-d649ae7f214d,2026-06-13T00:45:00Z,2026-06-13T02:45:00+0200,109.78,EUR/MWh,BE,BE,imbalance_price,Long,2026-06-20T12:20:56Z
2026-06-20T12:18:09Z,2026-06-20T14:18:09+0200,4bddbab4-20af-41f1-90cc-d649ae7f214d,2026-06-13T00:45:00Z,2026-06-13T02:45:00+0200,109.78,EUR/MWh,BE,BE,imbalance_price,Short,2026-06-20T12:20:56Z
2026-06-20T12:18:09Z,2026-06-20T14:18:09+0200,4bddbab4-20af-41f1-90cc-d649ae7f214d,2026-06-13T01:00:00Z,2026-06-13T03:00:00+0200,96.14,EUR/MWh,BE,BE,imbalance_price,Long,2026-06-20T12:20:56Z
2026-06-20T12:18:09Z,2026-06-20T14:18:09+0200,4bddbab4-20af-41f1-90cc-d649ae7f214d,2026-06-13T01:00:00Z,2026-06-13T03:00:00+0200,96.14,EUR/MWh,BE,BE,imbalance_price,Short,2026-06-20T12:20:56Z
2026-06-20T12:18:09Z,2026-06-20T14:18:09+0200,4bddbab4-20af-41f1-90cc-d649ae7f214d,2026-06-13T01:15:00Z,2026-06-13T03:15:00+0200,119.54,EUR/MWh,BE,BE,imbalance_price,Long,2026-06-20T12:20:56Z
2026-06-20T12:18:09Z,2026-06-20T14:18:09+0200,4bddbab4-20af-41f1-90cc-d649ae7f214d,2026-06-13T01:15:00Z,2026-06-13T03:15:00+0200,119.54,EUR/MWh,BE,BE,imbalance_price,Short,2026-06-20T12:20:56Z
2026-06-20T12:18:09Z,2026-06-20T14:18:09+0200,4bddbab4-20af-41f1-90cc-d649ae7f214d,2026-06-13T01:30:00Z,2026-06-13T03:30:00+0200,120.19,EUR/MWh,BE,BE,imbalance_price,Long,2026-06-20T12:20:56Z
2026-06-20T12:18:09Z,2026-06-20T14:18:09+0200,4bddbab4-20af-41f1-90cc-d649ae7f214d,2026-06-13T01:30:00Z,2026-06-13T03:30:00+0200,120.19,EUR/MWh,BE,BE,imbalance_price,Short,2026-06-20T12:20:56Z
2026-06-20T12:18:09Z,2026-06-20T14:18:09+0200,4bddbab4-20af-41f1-90cc-d649ae7f214d,2026-06-13T01:45:00Z,2026-06-13T03:45:00+0200,124.14,EUR/MWh,BE,BE,imbalance_price,Long,2026-06-20T12:20:56Z
2026-06-20T12:18:09Z,2026-06-20T14:18:09+0200,4bddbab4-20af-41f1-90cc-d649ae7f214d,2026-06-13T01:45:00Z,2026-06-13T03:45:00+0200,124.14,EUR/MWh,BE,BE,imbalance_price,Short,2026-06-20T12:20:56Z
2026-06-20T12:18:09Z,2026-06-20T14:18:09+0200,4bddbab4-20af-41f1-90cc-d649ae7f214d,2026-06-13T02:00:00Z,2026-06-13T04:00:00+0200,134.26,EUR/MWh,BE,BE,imbalance_price,Long,2026-06-20T12:20:56Z
2026-06-20T12:18:09Z,2026-06-20T14:18:09+0200,4bddbab4-20af-41f1-90cc-d649ae7f214d,2026-06-13T02:00:00Z,2026-06-13T04:00:00+0200,134.26,EUR/MWh,BE,BE,imbalance_price,Short,2026-06-20T12:20:56Z
2026-06-20T12:18:09Z,2026-06-20T14:18:09+0200,4bddbab4-20af-41f1-90cc-d649ae7f214d,2026-06-13T02:15:00Z,2026-06-13T04:15:00+0200,117.75,EUR/MWh,BE,BE,imbalance_price,Long,2026-06-20T12:20:56Z
2026-06-20T12:18:09Z,2026-06-20T14:18:09+0200,4bddbab4-20af-41f1-90cc-d649ae7f214d,2026-06-13T02:15:00Z,2026-06-13T04:15:00+0200,117.75,EUR/MWh,BE,BE,imbalance_price,Short,2026-06-20T12:20:56Z
2026-06-20T12:18:09Z,2026-06-20T14:18:09+0200,4bddbab4-20af-41f1-90cc-d649ae7f214d,2026-06-13T02:30:00Z,2026-06-13T04:30:00+0200,110.25,EUR/MWh,BE,BE,imbalance_price,Long,2026-06-20T12:20:56Z
2026-06-20T12:18:09Z,2026-06-20T14:18:09+0200,4bddbab4-20af-41f1-90cc-d649ae7f214d,2026-06-13T02:30:00Z,2026-06-13T04:30:00+0200,110.25,EUR/MWh,BE,BE,imbalance_price,Short,2026-06-20T12:20:56Z
2026-06-20T12:18:09Z,2026-06-20T14:18:09+0200,4bddbab4-20af-41f1-90cc-d649ae7f214d,2026-06-13T02:45:00Z,2026-06-13T04:45:00+0200,115.97,EUR/MWh,BE,BE,imbalance_price,Long,2026-06-20T12:20:56Z
2026-06-20T12:18:09Z,2026-06-20T14:18:09+0200,4bddbab4-20af-41f1-90cc-d649ae7f214d,2026-06-13T02:45:00Z,2026-06-13T04:45:00+0200,115.97,EUR/MWh,BE,BE,imbalance_price,Short,2026-06-20T12:20:56Z
2026-06-20T12:18:09Z,2026-06-20T14:18:09+0200,4bddbab4-20af-41f1-90cc-d649ae7f214d,2026-06-13T03:00:00Z,2026-06-13T05:00:00+0200,62.92,EUR/MWh,BE,BE,imbalance_price,Long,2026-06-20T12:20:56Z
2026-06-20T12:18:09Z,2026-06-20T14:18:09+0200,4bddbab4-20af-41f1-90cc-d649ae7f214d,2026-06-13T03:00:00Z,2026-06-13T05:00:00+0200,62.92,EUR/MWh,BE,BE,imbalance_price,Short,2026-06-20T12:20:56Z
2026-06-20T12:18:09Z,2026-06-20T14:18:09+0200,4bddbab4-20af-41f1-90cc-d649ae7f214d,2026-06-13T03:15:00Z,2026-06-13T05:15:00+0200,67.97,EUR/MWh,BE,BE,imbalance_price,Long,2026-06-20T12:20:56Z
2026-06-20T12:18:09Z,2026-06-20T14:18:09+0200,4bddbab4-20af-41f1-90cc-d649ae7f214d,2026-06-13T03:15:00Z,2026-06-13T05:15:00+0200,67.97,EUR/MWh,BE,BE,imbalance_price,Short,2026-06-20T12:20:56Z
2026-06-20T12:18:09Z,2026-06-20T14:18:09+0200,4bddbab4-20af-41f1-90cc-d649ae7f214d,2026-06-13T03:30:00Z,2026-06-13T05:30:00+0200,54.62,EUR/MWh,BE,BE,imbalance_price,Long,2026-06-20T12:20:56Z
2026-06-20T12:18:09Z,2026-06-20T14:18:09+0200,4bddbab4-20af-41f1-90cc-d649ae7f214d,2026-06-13T03:30:00Z,2026-06-13T05:30:00+0200,54.62,EUR/MWh,BE,BE,imbalance_price,Short,2026-06-20T12:20:56Z
2026-06-20T12:18:09Z,2026-06-20T14:18:09+0200,4bddbab4-20af-41f1-90cc-d649ae7f214d,2026-06-13T03:45:00Z,2026-06-13T05:45:00+0200,35.01,EUR/MWh,BE,BE,imbalance_price,Long,2026-06-20T12:20:56Z
2026-06-20T12:18:09Z,2026-06-20T14:18:09+0200,4bddbab4-20af-41f1-90cc-d649ae7f214d,2026-06-13T03:45:00Z,2026-06-13T05:45:00+0200,35.01,EUR/MWh,BE,BE,imbalance_price,Short,2026-06-20T12:20:56Z
2026-06-20T12:18:09Z,2026-06-20T14:18:09+0200,4bddbab4-20af-41f1-90cc-d649ae7f214d,2026-06-13T04:00:00Z,2026-06-13T06:00:00+0200,26.45,EUR/MWh,BE,BE,imbalance_price,Long,2026-06-20T12:20:56Z
2026-06-20T12:18:09Z,2026-06-20T14:18:09+0200,4bddbab4-20af-41f1-90cc-d649ae7f214d,2026-06-13T04:00:00Z,2026-06-13T06:00:00+0200,26.45,EUR/MWh,BE,BE,imbalance_price,Short,2026-06-20T12:20:56Z
2026-06-20T12:18:09Z,2026-06-20T14:18:09+0200,4bddbab4-20af-41f1-90cc-d649ae7f214d,2026-06-13T04:15:00Z,2026-06-13T06:15:00+0200,27.96,EUR/MWh,BE,BE,imbalance_price,Long,2026-06-20T12:20:56Z
2026-06-20T12:18:09Z,2026-06-20T14:18:09+0200,4bddbab4-20af-41f1-90cc-d649ae7f214d,2026-06-13T04:15:00Z,2026-06-13T06:15:00+0200,27.96,EUR/MWh,BE,BE,imbalance_price,Short,2026-06-20T12:20:56Z
2026-06-20T12:18:09Z,2026-06-20T14:18:09+0200,4bddbab4-20af-41f1-90cc-d649ae7f214d,2026-06-13T04:30:00Z,2026-06-13T06:30:00+0200,26.73,EUR/MWh,BE,BE,imbalance_price,Long,2026-06-20T12:20:56Z
2026-06-20T12:18:09Z,2026-06-20T14:18:09+0200,4bddbab4-20af-41f1-90cc-d649ae7f214d,2026-06-13T04:30:00Z,2026-06-13T06:30:00+0200,26.73,EUR/MWh,BE,BE,imbalance_price,Short,2026-06-20T12:20:56Z
2026-06-20T12:18:09Z,2026-06-20T14:18:09+0200,4bddbab4-20af-41f1-90cc-d649ae7f214d,2026-06-13T04:45:00Z,2026-06-13T06:45:00+0200,80.69,EUR/MWh,BE,BE,imbalance_price,Long,2026-06-20T12:20:56Z
2026-06-20T12:18:09Z,2026-06-20T14:18:09+0200,4bddbab4-20af-41f1-90cc-d649ae7f214d,2026-06-13T04:45:00Z,2026-06-13T06:45:00+0200,80.69,EUR/MWh,BE,BE,imbalance_price,Short,2026-06-20T12:20:56Z
2026-06-20T12:18:09Z,2026-06-20T14:18:09+0200,4bddbab4-20af-41f1-90cc-d649ae7f214d,2026-06-13T05:00:00Z,2026-06-13T07:00:00+0200,51.79,EUR/MWh,BE,BE,imbalance_price,Long,2026-06-20T12:20:56Z
2026-06-20T12:18:09Z,2026-06-20T14:18:09+0200,4bddbab4-20af-41f1-90cc-d649ae7f214d,2026-06-13T05:00:00Z,2026-06-13T07:00:00+0200,51.79,EUR/MWh,BE,BE,imbalance_price,Short,2026-06-20T12:20:56Z
2026-06-20T12:18:09Z,2026-06-20T14:18:09+0200,4bddbab4-20af-41f1-90cc-d649ae7f214d,2026-06-13T05:15:00Z,2026-06-13T07:15:00+0200,82.66,EUR/MWh,BE,BE,imbalance_price,Long,2026-06-20T12:20:56Z
2026-06-20T12:18:09Z,2026-06-20T14:18:09+0200,4bddbab4-20af-41f1-90cc-d649ae7f214d,2026-06-13T05:15:00Z,2026-06-13T07:15:00+0200,82.66,EUR/MWh,BE,BE,imbalance_price,Short,2026-06-20T12:20:56Z
2026-06-20T12:18:09Z,2026-06-20T14:18:09+0200,4bddbab4-20af-41f1-90cc-d649ae7f214d,2026-06-13T05:30:00Z,2026-06-13T07:30:00+0200,75.74,EUR/MWh,BE,BE,imbalance_price,Long,2026-06-20T12:20:56Z
2026-06-20T12:18:09Z,2026-06-20T14:18:09+0200,4bddbab4-20af-41f1-90cc-d649ae7f214d,2026-06-13T05:30:00Z,2026-06-13T07:30:00+0200,75.74,EUR/MWh,BE,BE,imbalance_price,Short,2026-06-20T12:20:56Z
2026-06-20T12:18:09Z,2026-06-20T14:18:09+0200,4bddbab4-20af-41f1-90cc-d649ae7f214d,2026-06-13T05:45:00Z,2026-06-13T07:45:00+0200,56.11,EUR/MWh,BE,BE,imbalance_price,Long,2026-06-20T12:20:56Z
2026-06-20T12:18:09Z,2026-06-20T14:18:09+0200,4bddbab4-20af-41f1-90cc-d649ae7f214d,2026-06-13T05:45:00Z,2026-06-13T07:45:00+0200,56.11,EUR/MWh,BE,BE,imbalance_price,Short,2026-06-20T12:20:56Z
2026-06-20T12:18:09Z,2026-06-20T14:18:09+0200,4bddbab4-20af-41f1-90cc-d649ae7f214d,2026-06-13T06:00:00Z,2026-06-13T08:00:00+0200,55.62,EUR/MWh,BE,BE,imbalance_price,Long,2026-06-20T12:20:56Z
2026-06-20T12:18:09Z,2026-06-20T14:18:09+0200,4bddbab4-20af-41f1-90cc-d649ae7f214d,2026-06-13T06:00:00Z,2026-06-13T08:00:00+0200,55.62,EUR/MWh,BE,BE,imbalance_price,Short,2026-06-20T12:20:56Z
2026-06-20T12:18:09Z,2026-06-20T14:18:09+0200,4bddbab4-20af-41f1-90cc-d649ae7f214d,2026-06-13T06:15:00Z,2026-06-13T08:15:00+0200,50.0,EUR/MWh,BE,BE,imbalance_price,Long,2026-06-20T12:20:56Z
2026-06-20T12:18:09Z,2026-06-20T14:18:09+0200,4bddbab4-20af-41f1-90cc-d649ae7f214d,2026-06-13T06:15:00Z,2026-06-13T08:15:00+0200,50.0,EUR/MWh,BE,BE,imbalance_price,Short,2026-06-20T12:20:56Z
2026-06-20T12:18:09Z,2026-06-20T14:18:09+0200,4bddbab4-20af-41f1-90cc-d649ae7f214d,2026-06-13T06:30:00Z,2026-06-13T08:30:00+0200,11.0,EUR/MWh,BE,BE,imbalance_price,Long,2026-06-20T12:20:56Z
2026-06-20T12:18:09Z,2026-06-20T14:18:09+0200,4bddbab4-20af-41f1-90cc-d649ae7f214d,2026-06-13T06:30:00Z,2026-06-13T08:30:00+0200,11.0,EUR/MWh,BE,BE,imbalance_price,Short,2026-06-20T12:20:56Z
2026-06-20T12:18:09Z,2026-06-20T14:18:09+0200,4bddbab4-20af-41f1-90cc-d649ae7f214d,2026-06-13T06:45:00Z,2026-06-13T08:45:00+0200,50.0,EUR/MWh,BE,BE,imbalance_price,Long,2026-06-20T12:20:56Z
2026-06-20T12:18:09Z,2026-06-20T14:18:09+0200,4bddbab4-20af-41f1-90cc-d649ae7f214d,2026-06-13T06:45:00Z,2026-06-13T08:45:00+0200,50.0,EUR/MWh,BE,BE,imbalance_price,Short,2026-06-20T12:20:56Z
2026-06-20T12:18:09Z,2026-06-20T14:18:09+0200,4bddbab4-20af-41f1-90cc-d649ae7f214d,2026-06-13T07:00:00Z,2026-06-13T09:00:00+0200,11.0,EUR/MWh,BE,BE,imbalance_price,Long,2026-06-20T12:20:56Z
2026-06-20T12:18:09Z,2026-06-20T14:18:09+0200,4bddbab4-20af-41f1-90cc-d649ae7f214d,2026-06-13T07:00:00Z,2026-06-13T09:00:00+0200,11.0,EUR/MWh,BE,BE,imbalance_price,Short,2026-06-20T12:20:56Z
2026-06-20T12:18:09Z,2026-06-20T14:18:09+0200,4bddbab4-20af-41f1-90cc-d649ae7f214d,2026-06-13T07:15:00Z,2026-06-13T09:15:00+0200,8.64,EUR/MWh,BE,BE,imbalance_price,Long,2026-06-20T12:20:56Z
2026-06-20T12:18:09Z,2026-06-20T14:18:09+0200,4bddbab4-20af-41f1-90cc-d649ae7f214d,2026-06-13T07:15:00Z,2026-06-13T09:15:00+0200,8.64,EUR/MWh,BE,BE,imbalance_price,Short,2026-06-20T12:20:56Z
2026-06-20T12:18:09Z,2026-06-20T14:18:09+0200,4bddbab4-20af-41f1-90cc-d649ae7f214d,2026-06-13T07:30:00Z,2026-06-13T09:30:00+0200,-7.0,EUR/MWh,BE,BE,imbalance_price,Long,2026-06-20T12:20:56Z
2026-06-20T12:18:09Z,2026-06-20T14:18:09+0200,4bddbab4-20af-41f1-90cc-d649ae7f214d,2026-06-13T07:30:00Z,2026-06-13T09:30:00+0200,-7.0,EUR/MWh,BE,BE,imbalance_price,Short,2026-06-20T12:20:56Z
2026-06-20T12:18:09Z,2026-06-20T14:18:09+0200,4bddbab4-20af-41f1-90cc-d649ae7f214d,2026-06-13T07:45:00Z,2026-06-13T09:45:00+0200,-19.94,EUR/MWh,BE,BE,imbalance_price,Long,2026-06-20T12:20:56Z
2026-06-20T12:18:09Z,2026-06-20T14:18:09+0200,4bddbab4-20af-41f1-90cc-d649ae7f214d,2026-06-13T07:45:00Z,2026-06-13T09:45:00+0200,-19.94,EUR/MWh,BE,BE,imbalance_price,Short,2026-06-20T12:20:56Z
2026-06-20T12:18:09Z,2026-06-20T14:18:09+0200,4bddbab4-20af-41f1-90cc-d649ae7f214d,2026-06-13T08:00:00Z,2026-06-13T10:00:00+0200,-26.93,EUR/MWh,BE,BE,imbalance_price,Long,2026-06-20T12:20:56Z
2026-06-20T12:18:09Z,2026-06-20T14:18:09+0200,4bddbab4-20af-41f1-90cc-d649ae7f214d,2026-06-13T08:00:00Z,2026-06-13T10:00:00+0200,-26.93,EUR/MWh,BE,BE,imbalance_price,Short,2026-06-20T12:20:56Z
2026-06-20T12:18:09Z,2026-06-20T14:18:09+0200,4bddbab4-20af-41f1-90cc-d649ae7f214d,2026-06-13T08:15:00Z,2026-06-13T10:15:00+0200,-43.81,EUR/MWh,BE,BE,imbalance_price,Long,2026-06-20T12:20:56Z
2026-06-20T12:18:09Z,2026-06-20T14:18:09+0200,4bddbab4-20af-41f1-90cc-d649ae7f214d,2026-06-13T08:15:00Z,2026-06-13T10:15:00+0200,-43.81,EUR/MWh,BE,BE,imbalance_price,Short,2026-06-20T12:20:56Z
2026-06-20T12:18:09Z,2026-06-20T14:18:09+0200,4bddbab4-20af-41f1-90cc-d649ae7f214d,2026-06-13T08:30:00Z,2026-06-13T10:30:00+0200,-31.89,EUR/MWh,BE,BE,imbalance_price,Long,2026-06-20T12:20:56Z
2026-06-20T12:18:09Z,2026-06-20T14:18:09+0200,4bddbab4-20af-41f1-90cc-d649ae7f214d,2026-06-13T08:30:00Z,2026-06-13T10:30:00+0200,-31.89,EUR/MWh,BE,BE,imbalance_price,Short,2026-06-20T12:20:56Z
2026-06-20T12:18:09Z,2026-06-20T14:18:09+0200,4bddbab4-20af-41f1-90cc-d649ae7f214d,2026-06-13T08:45:00Z,2026-06-13T10:45:00+0200,-27.31,EUR/MWh,BE,BE,imbalance_price,Long,2026-06-20T12:20:56Z
2026-06-20T12:18:09Z,2026-06-20T14:18:09+0200,4bddbab4-20af-41f1-90cc-d649ae7f214d,2026-06-13T08:45:00Z,2026-06-13T10:45:00+0200,-27.31,EUR/MWh,BE,BE,imbalance_price,Short,2026-06-20T12:20:56Z
2026-06-20T12:18:09Z,2026-06-20T14:18:09+0200,4bddbab4-20af-41f1-90cc-d649ae7f214d,2026-06-13T09:00:00Z,2026-06-13T11:00:00+0200,-10.68,EUR/MWh,BE,BE,imbalance_price,Long,2026-06-20T12:20:56Z
2026-06-20T12:18:09Z,2026-06-20T14:18:09+0200,4bddbab4-20af-41f1-90cc-d649ae7f214d,2026-06-13T09:00:00Z,2026-06-13T11:00:00+0200,-10.68,EUR/MWh,BE,BE,imbalance_price,Short,2026-06-20T12:20:56Z
2026-06-20T12:18:09Z,2026-06-20T14:18:09+0200,4bddbab4-20af-41f1-90cc-d649ae7f214d,2026-06-13T09:15:00Z,2026-06-13T11:15:00+0200,-10.5,EUR/MWh,BE,BE,imbalance_price,Long,2026-06-20T12:20:56Z
2026-06-20T12:18:09Z,2026-06-20T14:18:09+0200,4bddbab4-20af-41f1-90cc-d649ae7f214d,2026-06-13T09:15:00Z,2026-06-13T11:15:00+0200,-10.5,EUR/MWh,BE,BE,imbalance_price,Short,2026-06-20T12:20:56Z
2026-06-20T12:18:09Z,2026-06-20T14:18:09+0200,4bddbab4-20af-41f1-90cc-d649ae7f214d,2026-06-13T09:30:00Z,2026-06-13T11:30:00+0200,-11.55,EUR/MWh,BE,BE,imbalance_price,Long,2026-06-20T12:20:56Z
2026-06-20T12:18:09Z,2026-06-20T14:18:09+0200,4bddbab4-20af-41f1-90cc-d649ae7f214d,2026-06-13T09:30:00Z,2026-06-13T11:30:00+0200,-11.55,EUR/MWh,BE,BE,imbalance_price,Short,2026-06-20T12:20:56Z
2026-06-20T12:18:09Z,2026-06-20T14:18:09+0200,4bddbab4-20af-41f1-90cc-d649ae7f214d,2026-06-13T09:45:00Z,2026-06-13T11:45:00+0200,50.0,EUR/MWh,BE,BE,imbalance_price,Long,2026-06-20T12:20:56Z
2026-06-20T12:18:09Z,2026-06-20T14:18:09+0200,4bddbab4-20af-41f1-90cc-d649ae7f214d,2026-06-13T09:45:00Z,2026-06-13T11:45:00+0200,50.0,EUR/MWh,BE,BE,imbalance_price,Short,2026-06-20T12:20:56Z
2026-06-20T12:18:09Z,2026-06-20T14:18:09+0200,4bddbab4-20af-41f1-90cc-d649ae7f214d,2026-06-13T10:00:00Z,2026-06-13T12:00:00+0200,50.0,EUR/MWh,BE,BE,imbalance_price,Long,2026-06-20T12:20:56Z
2026-06-20T12:18:09Z,2026-06-20T14:18:09+0200,4bddbab4-20af-41f1-90cc-d649ae7f214d,2026-06-13T10:00:00Z,2026-06-13T12:00:00+0200,50.0,EUR/MWh,BE,BE,imbalance_price,Short,2026-06-20T12:20:56Z
2026-06-20T12:18:09Z,2026-06-20T14:18:09+0200,4bddbab4-20af-41f1-90cc-d649ae7f214d,2026-06-13T10:15:00Z,2026-06-13T12:15:00+0200,10.48,EUR/MWh,BE,BE,imbalance_price,Long,2026-06-20T12:20:56Z
2026-06-20T12:18:09Z,2026-06-20T14:18:09+0200,4bddbab4-20af-41f1-90cc-d649ae7f214d,2026-06-13T10:15:00Z,2026-06-13T12:15:00+0200,10.48,EUR/MWh,BE,BE,imbalance_price,Short,2026-06-20T12:20:56Z
2026-06-20T12:18:09Z,2026-06-20T14:18:09+0200,4bddbab4-20af-41f1-90cc-d649ae7f214d,2026-06-13T10:30:00Z,2026-06-13T12:30:00+0200,3.52,EUR/MWh,BE,BE,imbalance_price,Long,2026-06-20T12:20:56Z
2026-06-20T12:18:09Z,2026-06-20T14:18:09+0200,4bddbab4-20af-41f1-90cc-d649ae7f214d,2026-06-13T10:30:00Z,2026-06-13T12:30:00+0200,3.52,EUR/MWh,BE,BE,imbalance_price,Short,2026-06-20T12:20:56Z
2026-06-20T12:18:09Z,2026-06-20T14:18:09+0200,4bddbab4-20af-41f1-90cc-d649ae7f214d,2026-06-13T10:45:00Z,2026-06-13T12:45:00+0200,6.13,EUR/MWh,BE,BE,imbalance_price,Long,2026-06-20T12:20:56Z
2026-06-20T12:18:09Z,2026-06-20T14:18:09+0200,4bddbab4-20af-41f1-90cc-d649ae7f214d,2026-06-13T10:45:00Z,2026-06-13T12:45:00+0200,6.13,EUR/MWh,BE,BE,imbalance_price,Short,2026-06-20T12:20:56Z
2026-06-20T12:18:09Z,2026-06-20T14:18:09+0200,4bddbab4-20af-41f1-90cc-d649ae7f214d,2026-06-13T11:00:00Z,2026-06-13T13:00:00+0200,2.15,EUR/MWh,BE,BE,imbalance_price,Long,2026-06-20T12:20:56Z
2026-06-20T12:18:09Z,2026-06-20T14:18:09+0200,4bddbab4-20af-41f1-90cc-d649ae7f214d,2026-06-13T11:00:00Z,2026-06-13T13:00:00+0200,2.15,EUR/MWh,BE,BE,imbalance_price,Short,2026-06-20T12:20:56Z
2026-06-20T12:18:09Z,2026-06-20T14:18:09+0200,4bddbab4-20af-41f1-90cc-d649ae7f214d,2026-06-13T11:15:00Z,2026-06-13T13:15:00+0200,-11.28,EUR/MWh,BE,BE,imbalance_price,Long,2026-06-20T12:20:56Z
2026-06-20T12:18:09Z,2026-06-20T14:18:09+0200,4bddbab4-20af-41f1-90cc-d649ae7f214d,2026-06-13T11:15:00Z,2026-06-13T13:15:00+0200,-11.28,EUR/MWh,BE,BE,imbalance_price,Short,2026-06-20T12:20:56Z
2026-06-20T12:18:09Z,2026-06-20T14:18:09+0200,4bddbab4-20af-41f1-90cc-d649ae7f214d,2026-06-13T11:30:00Z,2026-06-13T13:30:00+0200,-22.46,EUR/MWh,BE,BE,imbalance_price,Long,2026-06-20T12:20:56Z
2026-06-20T12:18:09Z,2026-06-20T14:18:09+0200,4bddbab4-20af-41f1-90cc-d649ae7f214d,2026-06-13T11:30:00Z,2026-06-13T13:30:00+0200,-22.46,EUR/MWh,BE,BE,imbalance_price,Short,2026-06-20T12:20:56Z
2026-06-20T12:18:09Z,2026-06-20T14:18:09+0200,4bddbab4-20af-41f1-90cc-d649ae7f214d,2026-06-13T11:45:00Z,2026-06-13T13:45:00+0200,-8.25,EUR/MWh,BE,BE,imbalance_price,Long,2026-06-20T12:20:56Z
2026-06-20T12:18:09Z,2026-06-20T14:18:09+0200,4bddbab4-20af-41f1-90cc-d649ae7f214d,2026-06-13T11:45:00Z,2026-06-13T13:45:00+0200,-8.25,EUR/MWh,BE,BE,imbalance_price,Short,2026-06-20T12:20:56Z
2026-06-20T12:18:09Z,2026-06-20T14:18:09+0200,4bddbab4-20af-41f1-90cc-d649ae7f214d,2026-06-13T12:00:00Z,2026-06-13T14:00:00+0200,0.64,EUR/MWh,BE,BE,imbalance_price,Long,2026-06-20T12:20:56Z
2026-06-20T12:18:09Z,2026-06-20T14:18:09+0200,4bddbab4-20af-41f1-90cc-d649ae7f214d,2026-06-13T12:00:00Z,2026-06-13T14:00:00+0200,0.64,EUR/MWh,BE,BE,imbalance_price,Short,2026-06-20T12:20:56Z
2026-06-20T12:18:09Z,2026-06-20T14:18:09+0200,4bddbab4-20af-41f1-90cc-d649ae7f214d,2026-06-13T12:15:00Z,2026-06-13T14:15:00+0200,2.23,EUR/MWh,BE,BE,imbalance_price,Long,2026-06-20T12:20:56Z
2026-06-20T12:18:09Z,2026-06-20T14:18:09+0200,4bddbab4-20af-41f1-90cc-d649ae7f214d,2026-06-13T12:15:00Z,2026-06-13T14:15:00+0200,2.23,EUR/MWh,BE,BE,imbalance_price,Short,2026-06-20T12:20:56Z
2026-06-20T12:18:09Z,2026-06-20T14:18:09+0200,4bddbab4-20af-41f1-90cc-d649ae7f214d,2026-06-13T12:30:00Z,2026-06-13T14:30:00+0200,4.92,EUR/MWh,BE,BE,imbalance_price,Long,2026-06-20T12:20:56Z
2026-06-20T12:18:09Z,2026-06-20T14:18:09+0200,4bddbab4-20af-41f1-90cc-d649ae7f214d,2026-06-13T12:30:00Z,2026-06-13T14:30:00+0200,4.92,EUR/MWh,BE,BE,imbalance_price,Short,2026-06-20T12:20:56Z
2026-06-20T12:18:09Z,2026-06-20T14:18:09+0200,4bddbab4-20af-41f1-90cc-d649ae7f214d,2026-06-13T12:45:00Z,2026-06-13T14:45:00+0200,24.47,EUR/MWh,BE,BE,imbalance_price,Long,2026-06-20T12:20:56Z
2026-06-20T12:18:09Z,2026-06-20T14:18:09+0200,4bddbab4-20af-41f1-90cc-d649ae7f214d,2026-06-13T12:45:00Z,2026-06-13T14:45:00+0200,24.47,EUR/MWh,BE,BE,imbalance_price,Short,2026-06-20T12:20:56Z
2026-06-20T12:18:09Z,2026-06-20T14:18:09+0200,4bddbab4-20af-41f1-90cc-d649ae7f214d,2026-06-13T13:00:00Z,2026-06-13T15:00:00+0200,4.64,EUR/MWh,BE,BE,imbalance_price,Long,2026-06-20T12:20:56Z
2026-06-20T12:18:09Z,2026-06-20T14:18:09+0200,4bddbab4-20af-41f1-90cc-d649ae7f214d,2026-06-13T13:00:00Z,2026-06-13T15:00:00+0200,4.64,EUR/MWh,BE,BE,imbalance_price,Short,2026-06-20T12:20:56Z
2026-06-20T12:18:09Z,2026-06-20T14:18:09+0200,4bddbab4-20af-41f1-90cc-d649ae7f214d,2026-06-13T13:15:00Z,2026-06-13T15:15:00+0200,4.67,EUR/MWh,BE,BE,imbalance_price,Long,2026-06-20T12:20:56Z
2026-06-20T12:18:09Z,2026-06-20T14:18:09+0200,4bddbab4-20af-41f1-90cc-d649ae7f214d,2026-06-13T13:15:00Z,2026-06-13T15:15:00+0200,4.67,EUR/MWh,BE,BE,imbalance_price,Short,2026-06-20T12:20:56Z
2026-06-20T12:18:09Z,2026-06-20T14:18:09+0200,4bddbab4-20af-41f1-90cc-d649ae7f214d,2026-06-13T13:30:00Z,2026-06-13T15:30:00+0200,4.69,EUR/MWh,BE,BE,imbalance_price,Long,2026-06-20T12:20:56Z
2026-06-20T12:18:09Z,2026-06-20T14:18:09+0200,4bddbab4-20af-41f1-90cc-d649ae7f214d,2026-06-13T13:30:00Z,2026-06-13T15:30:00+0200,4.69,EUR/MWh,BE,BE,imbalance_price,Short,2026-06-20T12:20:56Z
2026-06-20T12:18:09Z,2026-06-20T14:18:09+0200,4bddbab4-20af-41f1-90cc-d649ae7f214d,2026-06-13T13:45:00Z,2026-06-13T15:45:00+0200,-1.54,EUR/MWh,BE,BE,imbalance_price,Long,2026-06-20T12:20:56Z
2026-06-20T12:18:09Z,2026-06-20T14:18:09+0200,4bddbab4-20af-41f1-90cc-d649ae7f214d,2026-06-13T13:45:00Z,2026-06-13T15:45:00+0200,-1.54,EUR/MWh,BE,BE,imbalance_price,Short,2026-06-20T12:20:56Z
2026-06-20T12:18:09Z,2026-06-20T14:18:09+0200,4bddbab4-20af-41f1-90cc-d649ae7f214d,2026-06-13T14:00:00Z,2026-06-13T16:00:00+0200,-7.98,EUR/MWh,BE,BE,imbalance_price,Long,2026-06-20T12:20:56Z
2026-06-20T12:18:09Z,2026-06-20T14:18:09+0200,4bddbab4-20af-41f1-90cc-d649ae7f214d,2026-06-13T14:00:00Z,2026-06-13T16:00:00+0200,-7.98,EUR/MWh,BE,BE,imbalance_price,Short,2026-06-20T12:20:56Z
2026-06-20T12:18:09Z,2026-06-20T14:18:09+0200,4bddbab4-20af-41f1-90cc-d649ae7f214d,2026-06-13T14:15:00Z,2026-06-13T16:15:00+0200,-13.11,EUR/MWh,BE,BE,imbalance_price,Long,2026-06-20T12:20:56Z
2026-06-20T12:18:09Z,2026-06-20T14:18:09+0200,4bddbab4-20af-41f1-90cc-d649ae7f214d,2026-06-13T14:15:00Z,2026-06-13T16:15:00+0200,-13.11,EUR/MWh,BE,BE,imbalance_price,Short,2026-06-20T12:20:56Z
2026-06-20T12:18:09Z,2026-06-20T14:18:09+0200,4bddbab4-20af-41f1-90cc-d649ae7f214d,2026-06-13T14:30:00Z,2026-06-13T16:30:00+0200,-35.96,EUR/MWh,BE,BE,imbalance_price,Long,2026-06-20T12:20:56Z
2026-06-20T12:18:09Z,2026-06-20T14:18:09+0200,4bddbab4-20af-41f1-90cc-d649ae7f214d,2026-06-13T14:30:00Z,2026-06-13T16:30:00+0200,-35.96,EUR/MWh,BE,BE,imbalance_price,Short,2026-06-20T12:20:56Z
2026-06-20T12:18:09Z,2026-06-20T14:18:09+0200,4bddbab4-20af-41f1-90cc-d649ae7f214d,2026-06-13T14:45:00Z,2026-06-13T16:45:00+0200,-51.03,EUR/MWh,BE,BE,imbalance_price,Long,2026-06-20T12:20:56Z
2026-06-20T12:18:09Z,2026-06-20T14:18:09+0200,4bddbab4-20af-41f1-90cc-d649ae7f214d,2026-06-13T14:45:00Z,2026-06-13T16:45:00+0200,-51.03,EUR/MWh,BE,BE,imbalance_price,Short,2026-06-20T12:20:56Z
2026-06-20T12:18:09Z,2026-06-20T14:18:09+0200,4bddbab4-20af-41f1-90cc-d649ae7f214d,2026-06-13T15:00:00Z,2026-06-13T17:00:00+0200,-37.41,EUR/MWh,BE,BE,imbalance_price,Long,2026-06-20T12:20:56Z
2026-06-20T12:18:09Z,2026-06-20T14:18:09+0200,4bddbab4-20af-41f1-90cc-d649ae7f214d,2026-06-13T15:00:00Z,2026-06-13T17:00:00+0200,-37.41,EUR/MWh,BE,BE,imbalance_price,Short,2026-06-20T12:20:56Z
2026-06-20T12:18:09Z,2026-06-20T14:18:09+0200,4bddbab4-20af-41f1-90cc-d649ae7f214d,2026-06-13T15:15:00Z,2026-06-13T17:15:00+0200,-26.75,EUR/MWh,BE,BE,imbalance_price,Long,2026-06-20T12:20:56Z
2026-06-20T12:18:09Z,2026-06-20T14:18:09+0200,4bddbab4-20af-41f1-90cc-d649ae7f214d,2026-06-13T15:15:00Z,2026-06-13T17:15:00+0200,-26.75,EUR/MWh,BE,BE,imbalance_price,Short,2026-06-20T12:20:56Z
2026-06-20T12:18:09Z,2026-06-20T14:18:09+0200,4bddbab4-20af-41f1-90cc-d649ae7f214d,2026-06-13T15:30:00Z,2026-06-13T17:30:00+0200,-43.33,EUR/MWh,BE,BE,imbalance_price,Long,2026-06-20T12:20:56Z
2026-06-20T12:18:09Z,2026-06-20T14:18:09+0200,4bddbab4-20af-41f1-90cc-d649ae7f214d,2026-06-13T15:30:00Z,2026-06-13T17:30:00+0200,-43.33,EUR/MWh,BE,BE,imbalance_price,Short,2026-06-20T12:20:56Z
2026-06-20T12:18:09Z,2026-06-20T14:18:09+0200,4bddbab4-20af-41f1-90cc-d649ae7f214d,2026-06-13T15:45:00Z,2026-06-13T17:45:00+0200,-18.04,EUR/MWh,BE,BE,imbalance_price,Long,2026-06-20T12:20:56Z
2026-06-20T12:18:09Z,2026-06-20T14:18:09+0200,4bddbab4-20af-41f1-90cc-d649ae7f214d,2026-06-13T15:45:00Z,2026-06-13T17:45:00+0200,-18.04,EUR/MWh,BE,BE,imbalance_price,Short,2026-06-20T12:20:56Z
2026-06-20T12:18:09Z,2026-06-20T14:18:09+0200,4bddbab4-20af-41f1-90cc-d649ae7f214d,2026-06-13T16:00:00Z,2026-06-13T18:00:00+0200,-26.92,EUR/MWh,BE,BE,imbalance_price,Long,2026-06-20T12:20:56Z
2026-06-20T12:18:09Z,2026-06-20T14:18:09+0200,4bddbab4-20af-41f1-90cc-d649ae7f214d,2026-06-13T16:00:00Z,2026-06-13T18:00:00+0200,-26.92,EUR/MWh,BE,BE,imbalance_price,Short,2026-06-20T12:20:56Z
2026-06-20T12:18:09Z,2026-06-20T14:18:09+0200,4bddbab4-20af-41f1-90cc-d649ae7f214d,2026-06-13T16:15:00Z,2026-06-13T18:15:00+0200,-3.74,EUR/MWh,BE,BE,imbalance_price,Long,2026-06-20T12:20:56Z
2026-06-20T12:18:09Z,2026-06-20T14:18:09+0200,4bddbab4-20af-41f1-90cc-d649ae7f214d,2026-06-13T16:15:00Z,2026-06-13T18:15:00+0200,-3.74,EUR/MWh,BE,BE,imbalance_price,Short,2026-06-20T12:20:56Z
2026-06-20T12:18:09Z,2026-06-20T14:18:09+0200,4bddbab4-20af-41f1-90cc-d649ae7f214d,2026-06-13T16:30:00Z,2026-06-13T18:30:00+0200,5.8,EUR/MWh,BE,BE,imbalance_price,Long,2026-06-20T12:20:56Z
2026-06-20T12:18:09Z,2026-06-20T14:18:09+0200,4bddbab4-20af-41f1-90cc-d649ae7f214d,2026-06-13T16:30:00Z,2026-06-13T18:30:00+0200,5.8,EUR/MWh,BE,BE,imbalance_price,Short,2026-06-20T12:20:56Z
2026-06-20T12:18:09Z,2026-06-20T14:18:09+0200,4bddbab4-20af-41f1-90cc-d649ae7f214d,2026-06-13T16:45:00Z,2026-06-13T18:45:00+0200,-11.89,EUR/MWh,BE,BE,imbalance_price,Long,2026-06-20T12:20:56Z
2026-06-20T12:18:09Z,2026-06-20T14:18:09+0200,4bddbab4-20af-41f1-90cc-d649ae7f214d,2026-06-13T16:45:00Z,2026-06-13T18:45:00+0200,-11.89,EUR/MWh,BE,BE,imbalance_price,Short,2026-06-20T12:20:56Z
2026-06-20T12:18:09Z,2026-06-20T14:18:09+0200,4bddbab4-20af-41f1-90cc-d649ae7f214d,2026-06-13T17:00:00Z,2026-06-13T19:00:00+0200,-25.46,EUR/MWh,BE,BE,imbalance_price,Long,2026-06-20T12:20:56Z
2026-06-20T12:18:09Z,2026-06-20T14:18:09+0200,4bddbab4-20af-41f1-90cc-d649ae7f214d,2026-06-13T17:00:00Z,2026-06-13T19:00:00+0200,-25.46,EUR/MWh,BE,BE,imbalance_price,Short,2026-06-20T12:20:56Z
2026-06-20T12:18:09Z,2026-06-20T14:18:09+0200,4bddbab4-20af-41f1-90cc-d649ae7f214d,2026-06-13T17:15:00Z,2026-06-13T19:15:00+0200,34.61,EUR/MWh,BE,BE,imbalance_price,Long,2026-06-20T12:20:56Z
2026-06-20T12:18:09Z,2026-06-20T14:18:09+0200,4bddbab4-20af-41f1-90cc-d649ae7f214d,2026-06-13T17:15:00Z,2026-06-13T19:15:00+0200,34.61,EUR/MWh,BE,BE,imbalance_price,Short,2026-06-20T12:20:56Z
2026-06-20T12:18:09Z,2026-06-20T14:18:09+0200,4bddbab4-20af-41f1-90cc-d649ae7f214d,2026-06-13T17:30:00Z,2026-06-13T19:30:00+0200,-8.16,EUR/MWh,BE,BE,imbalance_price,Long,2026-06-20T12:20:56Z
2026-06-20T12:18:09Z,2026-06-20T14:18:09+0200,4bddbab4-20af-41f1-90cc-d649ae7f214d,2026-06-13T17:30:00Z,2026-06-13T19:30:00+0200,-8.16,EUR/MWh,BE,BE,imbalance_price,Short,2026-06-20T12:20:56Z
2026-06-20T12:18:09Z,2026-06-20T14:18:09+0200,4bddbab4-20af-41f1-90cc-d649ae7f214d,2026-06-13T17:45:00Z,2026-06-13T19:45:00+0200,23.33,EUR/MWh,BE,BE,imbalance_price,Long,2026-06-20T12:20:56Z
2026-06-20T12:18:09Z,2026-06-20T14:18:09+0200,4bddbab4-20af-41f1-90cc-d649ae7f214d,2026-06-13T17:45:00Z,2026-06-13T19:45:00+0200,23.33,EUR/MWh,BE,BE,imbalance_price,Short,2026-06-20T12:20:56Z
2026-06-20T12:18:09Z,2026-06-20T14:18:09+0200,4bddbab4-20af-41f1-90cc-d649ae7f214d,2026-06-13T18:00:00Z,2026-06-13T20:00:00+0200,20.72,EUR/MWh,BE,BE,imbalance_price,Long,2026-06-20T12:20:56Z
2026-06-20T12:18:09Z,2026-06-20T14:18:09+0200,4bddbab4-20af-41f1-90cc-d649ae7f214d,2026-06-13T18:00:00Z,2026-06-13T20:00:00+0200,20.72,EUR/MWh,BE,BE,imbalance_price,Short,2026-06-20T12:20:56Z
2026-06-20T12:18:09Z,2026-06-20T14:18:09+0200,4bddbab4-20af-41f1-90cc-d649ae7f214d,2026-06-13T18:15:00Z,2026-06-13T20:15:00+0200,73.07,EUR/MWh,BE,BE,imbalance_price,Long,2026-06-20T12:20:56Z
2026-06-20T12:18:09Z,2026-06-20T14:18:09+0200,4bddbab4-20af-41f1-90cc-d649ae7f214d,2026-06-13T18:15:00Z,2026-06-13T20:15:00+0200,73.07,EUR/MWh,BE,BE,imbalance_price,Short,2026-06-20T12:20:56Z
2026-06-20T12:18:09Z,2026-06-20T14:18:09+0200,4bddbab4-20af-41f1-90cc-d649ae7f214d,2026-06-13T18:30:00Z,2026-06-13T20:30:00+0200,41.38,EUR/MWh,BE,BE,imbalance_price,Long,2026-06-20T12:20:56Z
2026-06-20T12:18:09Z,2026-06-20T14:18:09+0200,4bddbab4-20af-41f1-90cc-d649ae7f214d,2026-06-13T18:30:00Z,2026-06-13T20:30:00+0200,41.38,EUR/MWh,BE,BE,imbalance_price,Short,2026-06-20T12:20:56Z
2026-06-20T12:18:09Z,2026-06-20T14:18:09+0200,4bddbab4-20af-41f1-90cc-d649ae7f214d,2026-06-13T18:45:00Z,2026-06-13T20:45:00+0200,82.19,EUR/MWh,BE,BE,imbalance_price,Long,2026-06-20T12:20:56Z
2026-06-20T12:18:09Z,2026-06-20T14:18:09+0200,4bddbab4-20af-41f1-90cc-d649ae7f214d,2026-06-13T18:45:00Z,2026-06-13T20:45:00+0200,82.19,EUR/MWh,BE,BE,imbalance_price,Short,2026-06-20T12:20:56Z
2026-06-20T12:18:09Z,2026-06-20T14:18:09+0200,4bddbab4-20af-41f1-90cc-d649ae7f214d,2026-06-13T19:00:00Z,2026-06-13T21:00:00+0200,67.09,EUR/MWh,BE,BE,imbalance_price,Long,2026-06-20T12:20:56Z
2026-06-20T12:18:09Z,2026-06-20T14:18:09+0200,4bddbab4-20af-41f1-90cc-d649ae7f214d,2026-06-13T19:00:00Z,2026-06-13T21:00:00+0200,67.09,EUR/MWh,BE,BE,imbalance_price,Short,2026-06-20T12:20:56Z
2026-06-20T12:18:09Z,2026-06-20T14:18:09+0200,4bddbab4-20af-41f1-90cc-d649ae7f214d,2026-06-13T19:15:00Z,2026-06-13T21:15:00+0200,67.09,EUR/MWh,BE,BE,imbalance_price,Long,2026-06-20T12:20:56Z
2026-06-20T12:18:09Z,2026-06-20T14:18:09+0200,4bddbab4-20af-41f1-90cc-d649ae7f214d,2026-06-13T19:15:00Z,2026-06-13T21:15:00+0200,67.09,EUR/MWh,BE,BE,imbalance_price,Short,2026-06-20T12:20:56Z
2026-06-20T12:18:09Z,2026-06-20T14:18:09+0200,4bddbab4-20af-41f1-90cc-d649ae7f214d,2026-06-13T19:30:00Z,2026-06-13T21:30:00+0200,67.09,EUR/MWh,BE,BE,imbalance_price,Long,2026-06-20T12:20:56Z
2026-06-20T12:18:09Z,2026-06-20T14:18:09+0200,4bddbab4-20af-41f1-90cc-d649ae7f214d,2026-06-13T19:30:00Z,2026-06-13T21:30:00+0200,67.09,EUR/MWh,BE,BE,imbalance_price,Short,2026-06-20T12:20:56Z
2026-06-20T12:18:09Z,2026-06-20T14:18:09+0200,4bddbab4-20af-41f1-90cc-d649ae7f214d,2026-06-13T19:45:00Z,2026-06-13T21:45:00+0200,76.61,EUR/MWh,BE,BE,imbalance_price,Long,2026-06-20T12:20:56Z
2026-06-20T12:18:09Z,2026-06-20T14:18:09+0200,4bddbab4-20af-41f1-90cc-d649ae7f214d,2026-06-13T19:45:00Z,2026-06-13T21:45:00+0200,76.61,EUR/MWh,BE,BE,imbalance_price,Short,2026-06-20T12:20:56Z
2026-06-20T12:18:09Z,2026-06-20T14:18:09+0200,4bddbab4-20af-41f1-90cc-d649ae7f214d,2026-06-13T20:00:00Z,2026-06-13T22:00:00+0200,132.52,EUR/MWh,BE,BE,imbalance_price,Long,2026-06-20T12:20:56Z
2026-06-20T12:18:09Z,2026-06-20T14:18:09+0200,4bddbab4-20af-41f1-90cc-d649ae7f214d,2026-06-13T20:00:00Z,2026-06-13T22:00:00+0200,132.52,EUR/MWh,BE,BE,imbalance_price,Short,2026-06-20T12:20:56Z
2026-06-20T12:18:09Z,2026-06-20T14:18:09+0200,4bddbab4-20af-41f1-90cc-d649ae7f214d,2026-06-13T20:15:00Z,2026-06-13T22:15:00+0200,120.65,EUR/MWh,BE,BE,imbalance_price,Long,2026-06-20T12:20:56Z
2026-06-20T12:18:09Z,2026-06-20T14:18:09+0200,4bddbab4-20af-41f1-90cc-d649ae7f214d,2026-06-13T20:15:00Z,2026-06-13T22:15:00+0200,120.65,EUR/MWh,BE,BE,imbalance_price,Short,2026-06-20T12:20:56Z
2026-06-20T12:18:09Z,2026-06-20T14:18:09+0200,4bddbab4-20af-41f1-90cc-d649ae7f214d,2026-06-13T20:30:00Z,2026-06-13T22:30:00+0200,104.21,EUR/MWh,BE,BE,imbalance_price,Long,2026-06-20T12:20:56Z
2026-06-20T12:18:09Z,2026-06-20T14:18:09+0200,4bddbab4-20af-41f1-90cc-d649ae7f214d,2026-06-13T20:30:00Z,2026-06-13T22:30:00+0200,104.21,EUR/MWh,BE,BE,imbalance_price,Short,2026-06-20T12:20:56Z
2026-06-20T12:18:09Z,2026-06-20T14:18:09+0200,4bddbab4-20af-41f1-90cc-d649ae7f214d,2026-06-13T20:45:00Z,2026-06-13T22:45:00+0200,71.81,EUR/MWh,BE,BE,imbalance_price,Long,2026-06-20T12:20:56Z
2026-06-20T12:18:09Z,2026-06-20T14:18:09+0200,4bddbab4-20af-41f1-90cc-d649ae7f214d,2026-06-13T20:45:00Z,2026-06-13T22:45:00+0200,71.81,EUR/MWh,BE,BE,imbalance_price,Short,2026-06-20T12:20:56Z
2026-06-20T12:18:09Z,2026-06-20T14:18:09+0200,4bddbab4-20af-41f1-90cc-d649ae7f214d,2026-06-13T21:00:00Z,2026-06-13T23:00:00+0200,155.33,EUR/MWh,BE,BE,imbalance_price,Long,2026-06-20T12:20:56Z
2026-06-20T12:18:09Z,2026-06-20T14:18:09+0200,4bddbab4-20af-41f1-90cc-d649ae7f214d,2026-06-13T21:00:00Z,2026-06-13T23:00:00+0200,155.33,EUR/MWh,BE,BE,imbalance_price,Short,2026-06-20T12:20:56Z
2026-06-20T12:18:09Z,2026-06-20T14:18:09+0200,4bddbab4-20af-41f1-90cc-d649ae7f214d,2026-06-13T21:15:00Z,2026-06-13T23:15:00+0200,70.37,EUR/MWh,BE,BE,imbalance_price,Long,2026-06-20T12:20:56Z
2026-06-20T12:18:09Z,2026-06-20T14:18:09+0200,4bddbab4-20af-41f1-90cc-d649ae7f214d,2026-06-13T21:15:00Z,2026-06-13T23:15:00+0200,70.37,EUR/MWh,BE,BE,imbalance_price,Short,2026-06-20T12:20:56Z
2026-06-20T12:18:09Z,2026-06-20T14:18:09+0200,4bddbab4-20af-41f1-90cc-d649ae7f214d,2026-06-13T21:30:00Z,2026-06-13T23:30:00+0200,58.55,EUR/MWh,BE,BE,imbalance_price,Long,2026-06-20T12:20:56Z
2026-06-20T12:18:09Z,2026-06-20T14:18:09+0200,4bddbab4-20af-41f1-90cc-d649ae7f214d,2026-06-13T21:30:00Z,2026-06-13T23:30:00+0200,58.55,EUR/MWh,BE,BE,imbalance_price,Short,2026-06-20T12:20:56Z
2026-06-20T12:18:09Z,2026-06-20T14:18:09+0200,4bddbab4-20af-41f1-90cc-d649ae7f214d,2026-06-13T21:45:00Z,2026-06-13T23:45:00+0200,58.55,EUR/MWh,BE,BE,imbalance_price,Long,2026-06-20T12:20:56Z
2026-06-20T12:18:09Z,2026-06-20T14:18:09+0200,4bddbab4-20af-41f1-90cc-d649ae7f214d,2026-06-13T21:45:00Z,2026-06-13T23:45:00+0200,58.55,EUR/MWh,BE,BE,imbalance_price,Short,2026-06-20T12:20:56Z
2026-06-20T12:18:09Z,2026-06-20T14:18:09+0200,4bddbab4-20af-41f1-90cc-d649ae7f214d,2026-06-13T22:00:00Z,2026-06-14T00:00:00+0200,56.86,EUR/MWh,BE,BE,imbalance_price,Long,2026-06-20T12:20:56Z
2026-06-20T12:18:09Z,2026-06-20T14:18:09+0200,4bddbab4-20af-41f1-90cc-d649ae7f214d,2026-06-13T22:00:00Z,2026-06-14T00:00:00+0200,56.86,EUR/MWh,BE,BE,imbalance_price,Short,2026-06-20T12:20:56Z
2026-06-20T12:18:09Z,2026-06-20T14:18:09+0200,4bddbab4-20af-41f1-90cc-d649ae7f214d,2026-06-13T22:15:00Z,2026-06-14T00:15:00+0200,69.77,EUR/MWh,BE,BE,imbalance_price,Long,2026-06-20T12:20:56Z
2026-06-20T12:18:09Z,2026-06-20T14:18:09+0200,4bddbab4-20af-41f1-90cc-d649ae7f214d,2026-06-13T22:15:00Z,2026-06-14T00:15:00+0200,69.77,EUR/MWh,BE,BE,imbalance_price,Short,2026-06-20T12:20:56Z
2026-06-20T12:18:09Z,2026-06-20T14:18:09+0200,4bddbab4-20af-41f1-90cc-d649ae7f214d,2026-06-13T22:30:00Z,2026-06-14T00:30:00+0200,26.33,EUR/MWh,BE,BE,imbalance_price,Long,2026-06-20T12:20:56Z
2026-06-20T12:18:09Z,2026-06-20T14:18:09+0200,4bddbab4-20af-41f1-90cc-d649ae7f214d,2026-06-13T22:30:00Z,2026-06-14T00:30:00+0200,26.33,EUR/MWh,BE,BE,imbalance_price,Short,2026-06-20T12:20:56Z
2026-06-20T12:18:09Z,2026-06-20T14:18:09+0200,4bddbab4-20af-41f1-90cc-d649ae7f214d,2026-06-13T22:45:00Z,2026-06-14T00:45:00+0200,36.52,EUR/MWh,BE,BE,imbalance_price,Long,2026-06-20T12:20:56Z
2026-06-20T12:18:09Z,2026-06-20T14:18:09+0200,4bddbab4-20af-41f1-90cc-d649ae7f214d,2026-06-13T22:45:00Z,2026-06-14T00:45:00+0200,36.52,EUR/MWh,BE,BE,imbalance_price,Short,2026-06-20T12:20:56Z
2026-06-20T12:18:09Z,2026-06-20T14:18:09+0200,4bddbab4-20af-41f1-90cc-d649ae7f214d,2026-06-13T23:00:00Z,2026-06-14T01:00:00+0200,37.13,EUR/MWh,BE,BE,imbalance_price,Long,2026-06-20T12:20:56Z
2026-06-20T12:18:09Z,2026-06-20T14:18:09+0200,4bddbab4-20af-41f1-90cc-d649ae7f214d,2026-06-13T23:00:00Z,2026-06-14T01:00:00+0200,37.13,EUR/MWh,BE,BE,imbalance_price,Short,2026-06-20T12:20:56Z
2026-06-20T12:18:09Z,2026-06-20T14:18:09+0200,4bddbab4-20af-41f1-90cc-d649ae7f214d,2026-06-13T23:15:00Z,2026-06-14T01:15:00+0200,50.0,EUR/MWh,BE,BE,imbalance_price,Long,2026-06-20T12:20:56Z
2026-06-20T12:18:09Z,2026-06-20T14:18:09+0200,4bddbab4-20af-41f1-90cc-d649ae7f214d,2026-06-13T23:15:00Z,2026-06-14T01:15:00+0200,50.0,EUR/MWh,BE,BE,imbalance_price,Short,2026-06-20T12:20:56Z
2026-06-20T12:18:09Z,2026-06-20T14:18:09+0200,4bddbab4-20af-41f1-90cc-d649ae7f214d,2026-06-13T23:30:00Z,2026-06-14T01:30:00+0200,42.37,EUR/MWh,BE,BE,imbalance_price,Long,2026-06-20T12:20:56Z
2026-06-20T12:18:09Z,2026-06-20T14:18:09+0200,4bddbab4-20af-41f1-90cc-d649ae7f214d,2026-06-13T23:30:00Z,2026-06-14T01:30:00+0200,42.37,EUR/MWh,BE,BE,imbalance_price,Short,2026-06-20T12:20:56Z
2026-06-20T12:18:09Z,2026-06-20T14:18:09+0200,4bddbab4-20af-41f1-90cc-d649ae7f214d,2026-06-13T23:45:00Z,2026-06-14T01:45:00+0200,43.02,EUR/MWh,BE,BE,imbalance_price,Long,2026-06-20T12:20:56Z
2026-06-20T12:18:09Z,2026-06-20T14:18:09+0200,4bddbab4-20af-41f1-90cc-d649ae7f214d,2026-06-13T23:45:00Z,2026-06-14T01:45:00+0200,43.02,EUR/MWh,BE,BE,imbalance_price,Short,2026-06-20T12:20:56Z
2026-06-20T12:18:09Z,2026-06-20T14:18:09+0200,4bddbab4-20af-41f1-90cc-d649ae7f214d,2026-06-14T00:00:00Z,2026-06-14T02:00:00+0200,40.0,EUR/MWh,BE,BE,imbalance_price,Long,2026-06-20T12:20:56Z
2026-06-20T12:18:09Z,2026-06-20T14:18:09+0200,4bddbab4-20af-41f1-90cc-d649ae7f214d,2026-06-14T00:00:00Z,2026-06-14T02:00:00+0200,40.0,EUR/MWh,BE,BE,imbalance_price,Short,2026-06-20T12:20:56Z
2026-06-20T12:18:09Z,2026-06-20T14:18:09+0200,4bddbab4-20af-41f1-90cc-d649ae7f214d,2026-06-14T00:15:00Z,2026-06-14T02:15:00+0200,47.01,EUR/MWh,BE,BE,imbalance_price,Long,2026-06-20T12:20:56Z
2026-06-20T12:18:09Z,2026-06-20T14:18:09+0200,4bddbab4-20af-41f1-90cc-d649ae7f214d,2026-06-14T00:15:00Z,2026-06-14T02:15:00+0200,47.01,EUR/MWh,BE,BE,imbalance_price,Short,2026-06-20T12:20:56Z
2026-06-20T12:18:09Z,2026-06-20T14:18:09+0200,4bddbab4-20af-41f1-90cc-d649ae7f214d,2026-06-14T00:30:00Z,2026-06-14T02:30:00+0200,20.41,EUR/MWh,BE,BE,imbalance_price,Long,2026-06-20T12:20:56Z
2026-06-20T12:18:09Z,2026-06-20T14:18:09+0200,4bddbab4-20af-41f1-90cc-d649ae7f214d,2026-06-14T00:30:00Z,2026-06-14T02:30:00+0200,20.41,EUR/MWh,BE,BE,imbalance_price,Short,2026-06-20T12:20:56Z
2026-06-20T12:18:09Z,2026-06-20T14:18:09+0200,4bddbab4-20af-41f1-90cc-d649ae7f214d,2026-06-14T00:45:00Z,2026-06-14T02:45:00+0200,28.78,EUR/MWh,BE,BE,imbalance_price,Long,2026-06-20T12:20:56Z
2026-06-20T12:18:09Z,2026-06-20T14:18:09+0200,4bddbab4-20af-41f1-90cc-d649ae7f214d,2026-06-14T00:45:00Z,2026-06-14T02:45:00+0200,28.78,EUR/MWh,BE,BE,imbalance_price,Short,2026-06-20T12:20:56Z
2026-06-20T12:18:09Z,2026-06-20T14:18:09+0200,4bddbab4-20af-41f1-90cc-d649ae7f214d,2026-06-14T01:00:00Z,2026-06-14T03:00:00+0200,-11.39,EUR/MWh,BE,BE,imbalance_price,Long,2026-06-20T12:20:56Z
2026-06-20T12:18:09Z,2026-06-20T14:18:09+0200,4bddbab4-20af-41f1-90cc-d649ae7f214d,2026-06-14T01:00:00Z,2026-06-14T03:00:00+0200,-11.39,EUR/MWh,BE,BE,imbalance_price,Short,2026-06-20T12:20:56Z
2026-06-20T12:18:09Z,2026-06-20T14:18:09+0200,4bddbab4-20af-41f1-90cc-d649ae7f214d,2026-06-14T01:15:00Z,2026-06-14T03:15:00+0200,-9.67,EUR/MWh,BE,BE,imbalance_price,Long,2026-06-20T12:20:56Z
2026-06-20T12:18:09Z,2026-06-20T14:18:09+0200,4bddbab4-20af-41f1-90cc-d649ae7f214d,2026-06-14T01:15:00Z,2026-06-14T03:15:00+0200,-9.67,EUR/MWh,BE,BE,imbalance_price,Short,2026-06-20T12:20:56Z
2026-06-20T12:18:09Z,2026-06-20T14:18:09+0200,4bddbab4-20af-41f1-90cc-d649ae7f214d,2026-06-14T01:30:00Z,2026-06-14T03:30:00+0200,0.21,EUR/MWh,BE,BE,imbalance_price,Long,2026-06-20T12:20:56Z
2026-06-20T12:18:09Z,2026-06-20T14:18:09+0200,4bddbab4-20af-41f1-90cc-d649ae7f214d,2026-06-14T01:30:00Z,2026-06-14T03:30:00+0200,0.21,EUR/MWh,BE,BE,imbalance_price,Short,2026-06-20T12:20:56Z
2026-06-20T12:18:09Z,2026-06-20T14:18:09+0200,4bddbab4-20af-41f1-90cc-d649ae7f214d,2026-06-14T01:45:00Z,2026-06-14T03:45:00+0200,-4.4,EUR/MWh,BE,BE,imbalance_price,Long,2026-06-20T12:20:56Z
2026-06-20T12:18:09Z,2026-06-20T14:18:09+0200,4bddbab4-20af-41f1-90cc-d649ae7f214d,2026-06-14T01:45:00Z,2026-06-14T03:45:00+0200,-4.4,EUR/MWh,BE,BE,imbalance_price,Short,2026-06-20T12:20:56Z
2026-06-20T12:18:09Z,2026-06-20T14:18:09+0200,4bddbab4-20af-41f1-90cc-d649ae7f214d,2026-06-14T02:00:00Z,2026-06-14T04:00:00+0200,-9.85,EUR/MWh,BE,BE,imbalance_price,Long,2026-06-20T12:20:56Z
2026-06-20T12:18:09Z,2026-06-20T14:18:09+0200,4bddbab4-20af-41f1-90cc-d649ae7f214d,2026-06-14T02:00:00Z,2026-06-14T04:00:00+0200,-9.85,EUR/MWh,BE,BE,imbalance_price,Short,2026-06-20T12:20:56Z
2026-06-20T12:18:09Z,2026-06-20T14:18:09+0200,4bddbab4-20af-41f1-90cc-d649ae7f214d,2026-06-14T02:15:00Z,2026-06-14T04:15:00+0200,-1.79,EUR/MWh,BE,BE,imbalance_price,Long,2026-06-20T12:20:56Z
2026-06-20T12:18:09Z,2026-06-20T14:18:09+0200,4bddbab4-20af-41f1-90cc-d649ae7f214d,2026-06-14T02:15:00Z,2026-06-14T04:15:00+0200,-1.79,EUR/MWh,BE,BE,imbalance_price,Short,2026-06-20T12:20:56Z
2026-06-20T12:18:09Z,2026-06-20T14:18:09+0200,4bddbab4-20af-41f1-90cc-d649ae7f214d,2026-06-14T02:30:00Z,2026-06-14T04:30:00+0200,0.09,EUR/MWh,BE,BE,imbalance_price,Long,2026-06-20T12:20:56Z
2026-06-20T12:18:09Z,2026-06-20T14:18:09+0200,4bddbab4-20af-41f1-90cc-d649ae7f214d,2026-06-14T02:30:00Z,2026-06-14T04:30:00+0200,0.09,EUR/MWh,BE,BE,imbalance_price,Short,2026-06-20T12:20:56Z
2026-06-20T12:18:09Z,2026-06-20T14:18:09+0200,4bddbab4-20af-41f1-90cc-d649ae7f214d,2026-06-14T02:45:00Z,2026-06-14T04:45:00+0200,-4.49,EUR/MWh,BE,BE,imbalance_price,Long,2026-06-20T12:20:56Z
2026-06-20T12:18:09Z,2026-06-20T14:18:09+0200,4bddbab4-20af-41f1-90cc-d649ae7f214d,2026-06-14T02:45:00Z,2026-06-14T04:45:00+0200,-4.49,EUR/MWh,BE,BE,imbalance_price,Short,2026-06-20T12:20:56Z
2026-06-20T12:18:09Z,2026-06-20T14:18:09+0200,4bddbab4-20af-41f1-90cc-d649ae7f214d,2026-06-14T03:00:00Z,2026-06-14T05:00:00+0200,3.96,EUR/MWh,BE,BE,imbalance_price,Long,2026-06-20T12:20:56Z
2026-06-20T12:18:09Z,2026-06-20T14:18:09+0200,4bddbab4-20af-41f1-90cc-d649ae7f214d,2026-06-14T03:00:00Z,2026-06-14T05:00:00+0200,3.96,EUR/MWh,BE,BE,imbalance_price,Short,2026-06-20T12:20:56Z
2026-06-20T12:18:09Z,2026-06-20T14:18:09+0200,4bddbab4-20af-41f1-90cc-d649ae7f214d,2026-06-14T03:15:00Z,2026-06-14T05:15:00+0200,7.1,EUR/MWh,BE,BE,imbalance_price,Long,2026-06-20T12:20:56Z
2026-06-20T12:18:09Z,2026-06-20T14:18:09+0200,4bddbab4-20af-41f1-90cc-d649ae7f214d,2026-06-14T03:15:00Z,2026-06-14T05:15:00+0200,7.1,EUR/MWh,BE,BE,imbalance_price,Short,2026-06-20T12:20:56Z
2026-06-20T12:18:09Z,2026-06-20T14:18:09+0200,4bddbab4-20af-41f1-90cc-d649ae7f214d,2026-06-14T03:30:00Z,2026-06-14T05:30:00+0200,1.33,EUR/MWh,BE,BE,imbalance_price,Long,2026-06-20T12:20:56Z
2026-06-20T12:18:09Z,2026-06-20T14:18:09+0200,4bddbab4-20af-41f1-90cc-d649ae7f214d,2026-06-14T03:30:00Z,2026-06-14T05:30:00+0200,1.33,EUR/MWh,BE,BE,imbalance_price,Short,2026-06-20T12:20:56Z
2026-06-20T12:18:09Z,2026-06-20T14:18:09+0200,4bddbab4-20af-41f1-90cc-d649ae7f214d,2026-06-14T03:45:00Z,2026-06-14T05:45:00+0200,1.85,EUR/MWh,BE,BE,imbalance_price,Long,2026-06-20T12:20:56Z
2026-06-20T12:18:09Z,2026-06-20T14:18:09+0200,4bddbab4-20af-41f1-90cc-d649ae7f214d,2026-06-14T03:45:00Z,2026-06-14T05:45:00+0200,1.85,EUR/MWh,BE,BE,imbalance_price,Short,2026-06-20T12:20:56Z
2026-06-20T12:18:09Z,2026-06-20T14:18:09+0200,4bddbab4-20af-41f1-90cc-d649ae7f214d,2026-06-14T04:00:00Z,2026-06-14T06:00:00+0200,-11.51,EUR/MWh,BE,BE,imbalance_price,Long,2026-06-20T12:20:56Z
2026-06-20T12:18:09Z,2026-06-20T14:18:09+0200,4bddbab4-20af-41f1-90cc-d649ae7f214d,2026-06-14T04:00:00Z,2026-06-14T06:00:00+0200,-11.51,EUR/MWh,BE,BE,imbalance_price,Short,2026-06-20T12:20:56Z
2026-06-20T12:18:09Z,2026-06-20T14:18:09+0200,4bddbab4-20af-41f1-90cc-d649ae7f214d,2026-06-14T04:15:00Z,2026-06-14T06:15:00+0200,-11.59,EUR/MWh,BE,BE,imbalance_price,Long,2026-06-20T12:20:56Z
2026-06-20T12:18:09Z,2026-06-20T14:18:09+0200,4bddbab4-20af-41f1-90cc-d649ae7f214d,2026-06-14T04:15:00Z,2026-06-14T06:15:00+0200,-11.59,EUR/MWh,BE,BE,imbalance_price,Short,2026-06-20T12:20:56Z
2026-06-20T12:18:09Z,2026-06-20T14:18:09+0200,4bddbab4-20af-41f1-90cc-d649ae7f214d,2026-06-14T04:30:00Z,2026-06-14T06:30:00+0200,-15.86,EUR/MWh,BE,BE,imbalance_price,Long,2026-06-20T12:20:56Z
2026-06-20T12:18:09Z,2026-06-20T14:18:09+0200,4bddbab4-20af-41f1-90cc-d649ae7f214d,2026-06-14T04:30:00Z,2026-06-14T06:30:00+0200,-15.86,EUR/MWh,BE,BE,imbalance_price,Short,2026-06-20T12:20:56Z
2026-06-20T12:18:09Z,2026-06-20T14:18:09+0200,4bddbab4-20af-41f1-90cc-d649ae7f214d,2026-06-14T04:45:00Z,2026-06-14T06:45:00+0200,-15.77,EUR/MWh,BE,BE,imbalance_price,Long,2026-06-20T12:20:56Z
2026-06-20T12:18:09Z,2026-06-20T14:18:09+0200,4bddbab4-20af-41f1-90cc-d649ae7f214d,2026-06-14T04:45:00Z,2026-06-14T06:45:00+0200,-15.77,EUR/MWh,BE,BE,imbalance_price,Short,2026-06-20T12:20:56Z
2026-06-20T12:18:09Z,2026-06-20T14:18:09+0200,4bddbab4-20af-41f1-90cc-d649ae7f214d,2026-06-14T05:00:00Z,2026-06-14T07:00:00+0200,-7.67,EUR/MWh,BE,BE,imbalance_price,Long,2026-06-20T12:20:56Z
2026-06-20T12:18:09Z,2026-06-20T14:18:09+0200,4bddbab4-20af-41f1-90cc-d649ae7f214d,2026-06-14T05:00:00Z,2026-06-14T07:00:00+0200,-7.67,EUR/MWh,BE,BE,imbalance_price,Short,2026-06-20T12:20:56Z
2026-06-20T12:18:09Z,2026-06-20T14:18:09+0200,4bddbab4-20af-41f1-90cc-d649ae7f214d,2026-06-14T05:15:00Z,2026-06-14T07:15:00+0200,-4.51,EUR/MWh,BE,BE,imbalance_price,Long,2026-06-20T12:20:56Z
2026-06-20T12:18:09Z,2026-06-20T14:18:09+0200,4bddbab4-20af-41f1-90cc-d649ae7f214d,2026-06-14T05:15:00Z,2026-06-14T07:15:00+0200,-4.51,EUR/MWh,BE,BE,imbalance_price,Short,2026-06-20T12:20:56Z
2026-06-20T12:18:09Z,2026-06-20T14:18:09+0200,4bddbab4-20af-41f1-90cc-d649ae7f214d,2026-06-14T05:30:00Z,2026-06-14T07:30:00+0200,-6.39,EUR/MWh,BE,BE,imbalance_price,Long,2026-06-20T12:20:56Z
2026-06-20T12:18:09Z,2026-06-20T14:18:09+0200,4bddbab4-20af-41f1-90cc-d649ae7f214d,2026-06-14T05:30:00Z,2026-06-14T07:30:00+0200,-6.39,EUR/MWh,BE,BE,imbalance_price,Short,2026-06-20T12:20:56Z
2026-06-20T12:18:09Z,2026-06-20T14:18:09+0200,4bddbab4-20af-41f1-90cc-d649ae7f214d,2026-06-14T05:45:00Z,2026-06-14T07:45:00+0200,-9.29,EUR/MWh,BE,BE,imbalance_price,Long,2026-06-20T12:20:56Z
2026-06-20T12:18:09Z,2026-06-20T14:18:09+0200,4bddbab4-20af-41f1-90cc-d649ae7f214d,2026-06-14T05:45:00Z,2026-06-14T07:45:00+0200,-9.29,EUR/MWh,BE,BE,imbalance_price,Short,2026-06-20T12:20:56Z
2026-06-20T12:18:09Z,2026-06-20T14:18:09+0200,4bddbab4-20af-41f1-90cc-d649ae7f214d,2026-06-14T06:00:00Z,2026-06-14T08:00:00+0200,-1.0,EUR/MWh,BE,BE,imbalance_price,Long,2026-06-20T12:20:56Z
2026-06-20T12:18:09Z,2026-06-20T14:18:09+0200,4bddbab4-20af-41f1-90cc-d649ae7f214d,2026-06-14T06:00:00Z,2026-06-14T08:00:00+0200,-1.0,EUR/MWh,BE,BE,imbalance_price,Short,2026-06-20T12:20:56Z
2026-06-20T12:18:09Z,2026-06-20T14:18:09+0200,4bddbab4-20af-41f1-90cc-d649ae7f214d,2026-06-14T06:15:00Z,2026-06-14T08:15:00+0200,-1.0,EUR/MWh,BE,BE,imbalance_price,Long,2026-06-20T12:20:56Z
2026-06-20T12:18:09Z,2026-06-20T14:18:09+0200,4bddbab4-20af-41f1-90cc-d649ae7f214d,2026-06-14T06:15:00Z,2026-06-14T08:15:00+0200,-1.0,EUR/MWh,BE,BE,imbalance_price,Short,2026-06-20T12:20:56Z
2026-06-20T12:18:09Z,2026-06-20T14:18:09+0200,4bddbab4-20af-41f1-90cc-d649ae7f214d,2026-06-14T06:30:00Z,2026-06-14T08:30:00+0200,-0.77,EUR/MWh,BE,BE,imbalance_price,Long,2026-06-20T12:20:56Z
2026-06-20T12:18:09Z,2026-06-20T14:18:09+0200,4bddbab4-20af-41f1-90cc-d649ae7f214d,2026-06-14T06:30:00Z,2026-06-14T08:30:00+0200,-0.77,EUR/MWh,BE,BE,imbalance_price,Short,2026-06-20T12:20:56Z
2026-06-20T12:18:09Z,2026-06-20T14:18:09+0200,4bddbab4-20af-41f1-90cc-d649ae7f214d,2026-06-14T06:45:00Z,2026-06-14T08:45:00+0200,3.18,EUR/MWh,BE,BE,imbalance_price,Long,2026-06-20T12:20:56Z
2026-06-20T12:18:09Z,2026-06-20T14:18:09+0200,4bddbab4-20af-41f1-90cc-d649ae7f214d,2026-06-14T06:45:00Z,2026-06-14T08:45:00+0200,3.18,EUR/MWh,BE,BE,imbalance_price,Short,2026-06-20T12:20:56Z
2026-06-20T12:18:09Z,2026-06-20T14:18:09+0200,4bddbab4-20af-41f1-90cc-d649ae7f214d,2026-06-14T07:00:00Z,2026-06-14T09:00:00+0200,-1.0,EUR/MWh,BE,BE,imbalance_price,Long,2026-06-20T12:20:56Z
2026-06-20T12:18:09Z,2026-06-20T14:18:09+0200,4bddbab4-20af-41f1-90cc-d649ae7f214d,2026-06-14T07:00:00Z,2026-06-14T09:00:00+0200,-1.0,EUR/MWh,BE,BE,imbalance_price,Short,2026-06-20T12:20:56Z
2026-06-20T12:18:09Z,2026-06-20T14:18:09+0200,4bddbab4-20af-41f1-90cc-d649ae7f214d,2026-06-14T07:15:00Z,2026-06-14T09:15:00+0200,8.0,EUR/MWh,BE,BE,imbalance_price,Long,2026-06-20T12:20:56Z
2026-06-20T12:18:09Z,2026-06-20T14:18:09+0200,4bddbab4-20af-41f1-90cc-d649ae7f214d,2026-06-14T07:15:00Z,2026-06-14T09:15:00+0200,8.0,EUR/MWh,BE,BE,imbalance_price,Short,2026-06-20T12:20:56Z
2026-06-20T12:18:09Z,2026-06-20T14:18:09+0200,4bddbab4-20af-41f1-90cc-d649ae7f214d,2026-06-14T07:30:00Z,2026-06-14T09:30:00+0200,-0.71,EUR/MWh,BE,BE,imbalance_price,Long,2026-06-20T12:20:56Z
2026-06-20T12:18:09Z,2026-06-20T14:18:09+0200,4bddbab4-20af-41f1-90cc-d649ae7f214d,2026-06-14T07:30:00Z,2026-06-14T09:30:00+0200,-0.71,EUR/MWh,BE,BE,imbalance_price,Short,2026-06-20T12:20:56Z
2026-06-20T12:18:09Z,2026-06-20T14:18:09+0200,4bddbab4-20af-41f1-90cc-d649ae7f214d,2026-06-14T07:45:00Z,2026-06-14T09:45:00+0200,1.58,EUR/MWh,BE,BE,imbalance_price,Long,2026-06-20T12:20:56Z
2026-06-20T12:18:09Z,2026-06-20T14:18:09+0200,4bddbab4-20af-41f1-90cc-d649ae7f214d,2026-06-14T07:45:00Z,2026-06-14T09:45:00+0200,1.58,EUR/MWh,BE,BE,imbalance_price,Short,2026-06-20T12:20:56Z
2026-06-20T12:18:09Z,2026-06-20T14:18:09+0200,4bddbab4-20af-41f1-90cc-d649ae7f214d,2026-06-14T08:00:00Z,2026-06-14T10:00:00+0200,-2.33,EUR/MWh,BE,BE,imbalance_price,Long,2026-06-20T12:20:56Z
2026-06-20T12:18:09Z,2026-06-20T14:18:09+0200,4bddbab4-20af-41f1-90cc-d649ae7f214d,2026-06-14T08:00:00Z,2026-06-14T10:00:00+0200,-2.33,EUR/MWh,BE,BE,imbalance_price,Short,2026-06-20T12:20:56Z
2026-06-20T12:18:09Z,2026-06-20T14:18:09+0200,4bddbab4-20af-41f1-90cc-d649ae7f214d,2026-06-14T08:15:00Z,2026-06-14T10:15:00+0200,-6.32,EUR/MWh,BE,BE,imbalance_price,Long,2026-06-20T12:20:56Z
2026-06-20T12:18:09Z,2026-06-20T14:18:09+0200,4bddbab4-20af-41f1-90cc-d649ae7f214d,2026-06-14T08:15:00Z,2026-06-14T10:15:00+0200,-6.32,EUR/MWh,BE,BE,imbalance_price,Short,2026-06-20T12:20:56Z
2026-06-20T12:18:09Z,2026-06-20T14:18:09+0200,4bddbab4-20af-41f1-90cc-d649ae7f214d,2026-06-14T08:30:00Z,2026-06-14T10:30:00+0200,0.58,EUR/MWh,BE,BE,imbalance_price,Long,2026-06-20T12:20:56Z
2026-06-20T12:18:09Z,2026-06-20T14:18:09+0200,4bddbab4-20af-41f1-90cc-d649ae7f214d,2026-06-14T08:30:00Z,2026-06-14T10:30:00+0200,0.58,EUR/MWh,BE,BE,imbalance_price,Short,2026-06-20T12:20:56Z
2026-06-20T12:18:09Z,2026-06-20T14:18:09+0200,4bddbab4-20af-41f1-90cc-d649ae7f214d,2026-06-14T08:45:00Z,2026-06-14T10:45:00+0200,-9.54,EUR/MWh,BE,BE,imbalance_price,Long,2026-06-20T12:20:56Z
2026-06-20T12:18:09Z,2026-06-20T14:18:09+0200,4bddbab4-20af-41f1-90cc-d649ae7f214d,2026-06-14T08:45:00Z,2026-06-14T10:45:00+0200,-9.54,EUR/MWh,BE,BE,imbalance_price,Short,2026-06-20T12:20:56Z
2026-06-20T12:18:09Z,2026-06-20T14:18:09+0200,4bddbab4-20af-41f1-90cc-d649ae7f214d,2026-06-14T09:00:00Z,2026-06-14T11:00:00+0200,-1.0,EUR/MWh,BE,BE,imbalance_price,Long,2026-06-20T12:20:56Z
2026-06-20T12:18:09Z,2026-06-20T14:18:09+0200,4bddbab4-20af-41f1-90cc-d649ae7f214d,2026-06-14T09:00:00Z,2026-06-14T11:00:00+0200,-1.0,EUR/MWh,BE,BE,imbalance_price,Short,2026-06-20T12:20:56Z
2026-06-20T12:18:09Z,2026-06-20T14:18:09+0200,4bddbab4-20af-41f1-90cc-d649ae7f214d,2026-06-14T09:15:00Z,2026-06-14T11:15:00+0200,4.5,EUR/MWh,BE,BE,imbalance_price,Long,2026-06-20T12:20:56Z
2026-06-20T12:18:09Z,2026-06-20T14:18:09+0200,4bddbab4-20af-41f1-90cc-d649ae7f214d,2026-06-14T09:15:00Z,2026-06-14T11:15:00+0200,4.5,EUR/MWh,BE,BE,imbalance_price,Short,2026-06-20T12:20:56Z
2026-06-20T12:18:09Z,2026-06-20T14:18:09+0200,4bddbab4-20af-41f1-90cc-d649ae7f214d,2026-06-14T09:30:00Z,2026-06-14T11:30:00+0200,-1.0,EUR/MWh,BE,BE,imbalance_price,Long,2026-06-20T12:20:56Z
2026-06-20T12:18:09Z,2026-06-20T14:18:09+0200,4bddbab4-20af-41f1-90cc-d649ae7f214d,2026-06-14T09:30:00Z,2026-06-14T11:30:00+0200,-1.0,EUR/MWh,BE,BE,imbalance_price,Short,2026-06-20T12:20:56Z
2026-06-20T12:18:09Z,2026-06-20T14:18:09+0200,4bddbab4-20af-41f1-90cc-d649ae7f214d,2026-06-14T09:45:00Z,2026-06-14T11:45:00+0200,-1.0,EUR/MWh,BE,BE,imbalance_price,Long,2026-06-20T12:20:56Z
2026-06-20T12:18:09Z,2026-06-20T14:18:09+0200,4bddbab4-20af-41f1-90cc-d649ae7f214d,2026-06-14T09:45:00Z,2026-06-14T11:45:00+0200,-1.0,EUR/MWh,BE,BE,imbalance_price,Short,2026-06-20T12:20:56Z
2026-06-20T12:18:09Z,2026-06-20T14:18:09+0200,4bddbab4-20af-41f1-90cc-d649ae7f214d,2026-06-14T10:00:00Z,2026-06-14T12:00:00+0200,-1.0,EUR/MWh,BE,BE,imbalance_price,Long,2026-06-20T12:20:56Z
2026-06-20T12:18:09Z,2026-06-20T14:18:09+0200,4bddbab4-20af-41f1-90cc-d649ae7f214d,2026-06-14T10:00:00Z,2026-06-14T12:00:00+0200,-1.0,EUR/MWh,BE,BE,imbalance_price,Short,2026-06-20T12:20:56Z
2026-06-20T12:18:09Z,2026-06-20T14:18:09+0200,4bddbab4-20af-41f1-90cc-d649ae7f214d,2026-06-14T10:15:00Z,2026-06-14T12:15:00+0200,-1.0,EUR/MWh,BE,BE,imbalance_price,Long,2026-06-20T12:20:56Z
2026-06-20T12:18:09Z,2026-06-20T14:18:09+0200,4bddbab4-20af-41f1-90cc-d649ae7f214d,2026-06-14T10:15:00Z,2026-06-14T12:15:00+0200,-1.0,EUR/MWh,BE,BE,imbalance_price,Short,2026-06-20T12:20:56Z
2026-06-20T12:18:09Z,2026-06-20T14:18:09+0200,4bddbab4-20af-41f1-90cc-d649ae7f214d,2026-06-14T10:30:00Z,2026-06-14T12:30:00+0200,-10.18,EUR/MWh,BE,BE,imbalance_price,Long,2026-06-20T12:20:56Z
2026-06-20T12:18:09Z,2026-06-20T14:18:09+0200,4bddbab4-20af-41f1-90cc-d649ae7f214d,2026-06-14T10:30:00Z,2026-06-14T12:30:00+0200,-10.18,EUR/MWh,BE,BE,imbalance_price,Short,2026-06-20T12:20:56Z
2026-06-20T12:18:09Z,2026-06-20T14:18:09+0200,4bddbab4-20af-41f1-90cc-d649ae7f214d,2026-06-14T10:45:00Z,2026-06-14T12:45:00+0200,-28.58,EUR/MWh,BE,BE,imbalance_price,Long,2026-06-20T12:20:56Z
2026-06-20T12:18:09Z,2026-06-20T14:18:09+0200,4bddbab4-20af-41f1-90cc-d649ae7f214d,2026-06-14T10:45:00Z,2026-06-14T12:45:00+0200,-28.58,EUR/MWh,BE,BE,imbalance_price,Short,2026-06-20T12:20:56Z
2026-06-20T12:18:09Z,2026-06-20T14:18:09+0200,4bddbab4-20af-41f1-90cc-d649ae7f214d,2026-06-14T11:00:00Z,2026-06-14T13:00:00+0200,-24.27,EUR/MWh,BE,BE,imbalance_price,Long,2026-06-20T12:20:56Z
2026-06-20T12:18:09Z,2026-06-20T14:18:09+0200,4bddbab4-20af-41f1-90cc-d649ae7f214d,2026-06-14T11:00:00Z,2026-06-14T13:00:00+0200,-24.27,EUR/MWh,BE,BE,imbalance_price,Short,2026-06-20T12:20:56Z
2026-06-20T12:18:09Z,2026-06-20T14:18:09+0200,4bddbab4-20af-41f1-90cc-d649ae7f214d,2026-06-14T11:15:00Z,2026-06-14T13:15:00+0200,-18.68,EUR/MWh,BE,BE,imbalance_price,Long,2026-06-20T12:20:56Z
2026-06-20T12:18:09Z,2026-06-20T14:18:09+0200,4bddbab4-20af-41f1-90cc-d649ae7f214d,2026-06-14T11:15:00Z,2026-06-14T13:15:00+0200,-18.68,EUR/MWh,BE,BE,imbalance_price,Short,2026-06-20T12:20:56Z
2026-06-20T12:18:09Z,2026-06-20T14:18:09+0200,4bddbab4-20af-41f1-90cc-d649ae7f214d,2026-06-14T11:30:00Z,2026-06-14T13:30:00+0200,-1.0,EUR/MWh,BE,BE,imbalance_price,Long,2026-06-20T12:20:56Z
2026-06-20T12:18:09Z,2026-06-20T14:18:09+0200,4bddbab4-20af-41f1-90cc-d649ae7f214d,2026-06-14T11:30:00Z,2026-06-14T13:30:00+0200,-1.0,EUR/MWh,BE,BE,imbalance_price,Short,2026-06-20T12:20:56Z
2026-06-20T12:18:09Z,2026-06-20T14:18:09+0200,4bddbab4-20af-41f1-90cc-d649ae7f214d,2026-06-14T11:45:00Z,2026-06-14T13:45:00+0200,0.67,EUR/MWh,BE,BE,imbalance_price,Long,2026-06-20T12:20:56Z
2026-06-20T12:18:09Z,2026-06-20T14:18:09+0200,4bddbab4-20af-41f1-90cc-d649ae7f214d,2026-06-14T11:45:00Z,2026-06-14T13:45:00+0200,0.67,EUR/MWh,BE,BE,imbalance_price,Short,2026-06-20T12:20:56Z
2026-06-20T12:18:09Z,2026-06-20T14:18:09+0200,4bddbab4-20af-41f1-90cc-d649ae7f214d,2026-06-14T12:00:00Z,2026-06-14T14:00:00+0200,12.87,EUR/MWh,BE,BE,imbalance_price,Long,2026-06-20T12:20:56Z
2026-06-20T12:18:09Z,2026-06-20T14:18:09+0200,4bddbab4-20af-41f1-90cc-d649ae7f214d,2026-06-14T12:00:00Z,2026-06-14T14:00:00+0200,12.87,EUR/MWh,BE,BE,imbalance_price,Short,2026-06-20T12:20:56Z
2026-06-20T12:18:09Z,2026-06-20T14:18:09+0200,4bddbab4-20af-41f1-90cc-d649ae7f214d,2026-06-14T12:15:00Z,2026-06-14T14:15:00+0200,12.7,EUR/MWh,BE,BE,imbalance_price,Long,2026-06-20T12:20:56Z
2026-06-20T12:18:09Z,2026-06-20T14:18:09+0200,4bddbab4-20af-41f1-90cc-d649ae7f214d,2026-06-14T12:15:00Z,2026-06-14T14:15:00+0200,12.7,EUR/MWh,BE,BE,imbalance_price,Short,2026-06-20T12:20:56Z
2026-06-20T12:18:09Z,2026-06-20T14:18:09+0200,4bddbab4-20af-41f1-90cc-d649ae7f214d,2026-06-14T12:30:00Z,2026-06-14T14:30:00+0200,46.95,EUR/MWh,BE,BE,imbalance_price,Long,2026-06-20T12:20:56Z
2026-06-20T12:18:09Z,2026-06-20T14:18:09+0200,4bddbab4-20af-41f1-90cc-d649ae7f214d,2026-06-14T12:30:00Z,2026-06-14T14:30:00+0200,46.95,EUR/MWh,BE,BE,imbalance_price,Short,2026-06-20T12:20:56Z
2026-06-20T12:18:09Z,2026-06-20T14:18:09+0200,4bddbab4-20af-41f1-90cc-d649ae7f214d,2026-06-14T12:45:00Z,2026-06-14T14:45:00+0200,31.38,EUR/MWh,BE,BE,imbalance_price,Long,2026-06-20T12:20:56Z
2026-06-20T12:18:09Z,2026-06-20T14:18:09+0200,4bddbab4-20af-41f1-90cc-d649ae7f214d,2026-06-14T12:45:00Z,2026-06-14T14:45:00+0200,31.38,EUR/MWh,BE,BE,imbalance_price,Short,2026-06-20T12:20:56Z
2026-06-20T12:18:09Z,2026-06-20T14:18:09+0200,4bddbab4-20af-41f1-90cc-d649ae7f214d,2026-06-14T13:00:00Z,2026-06-14T15:00:00+0200,-12.51,EUR/MWh,BE,BE,imbalance_price,Long,2026-06-20T12:20:56Z
2026-06-20T12:18:09Z,2026-06-20T14:18:09+0200,4bddbab4-20af-41f1-90cc-d649ae7f214d,2026-06-14T13:00:00Z,2026-06-14T15:00:00+0200,-12.51,EUR/MWh,BE,BE,imbalance_price,Short,2026-06-20T12:20:56Z
2026-06-20T12:18:09Z,2026-06-20T14:18:09+0200,4bddbab4-20af-41f1-90cc-d649ae7f214d,2026-06-14T13:15:00Z,2026-06-14T15:15:00+0200,-2.29,EUR/MWh,BE,BE,imbalance_price,Long,2026-06-20T12:20:56Z
2026-06-20T12:18:09Z,2026-06-20T14:18:09+0200,4bddbab4-20af-41f1-90cc-d649ae7f214d,2026-06-14T13:15:00Z,2026-06-14T15:15:00+0200,-2.29,EUR/MWh,BE,BE,imbalance_price,Short,2026-06-20T12:20:56Z
2026-06-20T12:18:09Z,2026-06-20T14:18:09+0200,4bddbab4-20af-41f1-90cc-d649ae7f214d,2026-06-14T13:30:00Z,2026-06-14T15:30:00+0200,-18.92,EUR/MWh,BE,BE,imbalance_price,Long,2026-06-20T12:20:56Z
2026-06-20T12:18:09Z,2026-06-20T14:18:09+0200,4bddbab4-20af-41f1-90cc-d649ae7f214d,2026-06-14T13:30:00Z,2026-06-14T15:30:00+0200,-18.92,EUR/MWh,BE,BE,imbalance_price,Short,2026-06-20T12:20:56Z
2026-06-20T12:18:09Z,2026-06-20T14:18:09+0200,4bddbab4-20af-41f1-90cc-d649ae7f214d,2026-06-14T13:45:00Z,2026-06-14T15:45:00+0200,-11.42,EUR/MWh,BE,BE,imbalance_price,Long,2026-06-20T12:20:56Z
2026-06-20T12:18:09Z,2026-06-20T14:18:09+0200,4bddbab4-20af-41f1-90cc-d649ae7f214d,2026-06-14T13:45:00Z,2026-06-14T15:45:00+0200,-11.42,EUR/MWh,BE,BE,imbalance_price,Short,2026-06-20T12:20:56Z
2026-06-20T12:18:09Z,2026-06-20T14:18:09+0200,4bddbab4-20af-41f1-90cc-d649ae7f214d,2026-06-14T14:00:00Z,2026-06-14T16:00:00+0200,-25.53,EUR/MWh,BE,BE,imbalance_price,Long,2026-06-20T12:20:56Z
2026-06-20T12:18:09Z,2026-06-20T14:18:09+0200,4bddbab4-20af-41f1-90cc-d649ae7f214d,2026-06-14T14:00:00Z,2026-06-14T16:00:00+0200,-25.53,EUR/MWh,BE,BE,imbalance_price,Short,2026-06-20T12:20:56Z
2026-06-20T12:18:09Z,2026-06-20T14:18:09+0200,4bddbab4-20af-41f1-90cc-d649ae7f214d,2026-06-14T14:15:00Z,2026-06-14T16:15:00+0200,-5.38,EUR/MWh,BE,BE,imbalance_price,Long,2026-06-20T12:20:56Z
2026-06-20T12:18:09Z,2026-06-20T14:18:09+0200,4bddbab4-20af-41f1-90cc-d649ae7f214d,2026-06-14T14:15:00Z,2026-06-14T16:15:00+0200,-5.38,EUR/MWh,BE,BE,imbalance_price,Short,2026-06-20T12:20:56Z
2026-06-20T12:18:09Z,2026-06-20T14:18:09+0200,4bddbab4-20af-41f1-90cc-d649ae7f214d,2026-06-14T14:30:00Z,2026-06-14T16:30:00+0200,-8.76,EUR/MWh,BE,BE,imbalance_price,Long,2026-06-20T12:20:56Z
2026-06-20T12:18:09Z,2026-06-20T14:18:09+0200,4bddbab4-20af-41f1-90cc-d649ae7f214d,2026-06-14T14:30:00Z,2026-06-14T16:30:00+0200,-8.76,EUR/MWh,BE,BE,imbalance_price,Short,2026-06-20T12:20:56Z
2026-06-20T12:18:09Z,2026-06-20T14:18:09+0200,4bddbab4-20af-41f1-90cc-d649ae7f214d,2026-06-14T14:45:00Z,2026-06-14T16:45:00+0200,-23.69,EUR/MWh,BE,BE,imbalance_price,Long,2026-06-20T12:20:56Z
2026-06-20T12:18:09Z,2026-06-20T14:18:09+0200,4bddbab4-20af-41f1-90cc-d649ae7f214d,2026-06-14T14:45:00Z,2026-06-14T16:45:00+0200,-23.69,EUR/MWh,BE,BE,imbalance_price,Short,2026-06-20T12:20:56Z
2026-06-20T12:18:09Z,2026-06-20T14:18:09+0200,4bddbab4-20af-41f1-90cc-d649ae7f214d,2026-06-14T15:00:00Z,2026-06-14T17:00:00+0200,-51.86,EUR/MWh,BE,BE,imbalance_price,Long,2026-06-20T12:20:56Z
2026-06-20T12:18:09Z,2026-06-20T14:18:09+0200,4bddbab4-20af-41f1-90cc-d649ae7f214d,2026-06-14T15:00:00Z,2026-06-14T17:00:00+0200,-51.86,EUR/MWh,BE,BE,imbalance_price,Short,2026-06-20T12:20:56Z
2026-06-20T12:18:09Z,2026-06-20T14:18:09+0200,4bddbab4-20af-41f1-90cc-d649ae7f214d,2026-06-14T15:15:00Z,2026-06-14T17:15:00+0200,-127.04,EUR/MWh,BE,BE,imbalance_price,Long,2026-06-20T12:20:56Z
2026-06-20T12:18:09Z,2026-06-20T14:18:09+0200,4bddbab4-20af-41f1-90cc-d649ae7f214d,2026-06-14T15:15:00Z,2026-06-14T17:15:00+0200,-127.04,EUR/MWh,BE,BE,imbalance_price,Short,2026-06-20T12:20:56Z
2026-06-20T12:18:09Z,2026-06-20T14:18:09+0200,4bddbab4-20af-41f1-90cc-d649ae7f214d,2026-06-14T15:30:00Z,2026-06-14T17:30:00+0200,-43.34,EUR/MWh,BE,BE,imbalance_price,Long,2026-06-20T12:20:56Z
2026-06-20T12:18:09Z,2026-06-20T14:18:09+0200,4bddbab4-20af-41f1-90cc-d649ae7f214d,2026-06-14T15:30:00Z,2026-06-14T17:30:00+0200,-43.34,EUR/MWh,BE,BE,imbalance_price,Short,2026-06-20T12:20:56Z
2026-06-20T12:18:09Z,2026-06-20T14:18:09+0200,4bddbab4-20af-41f1-90cc-d649ae7f214d,2026-06-14T15:45:00Z,2026-06-14T17:45:00+0200,-41.06,EUR/MWh,BE,BE,imbalance_price,Long,2026-06-20T12:20:56Z
2026-06-20T12:18:09Z,2026-06-20T14:18:09+0200,4bddbab4-20af-41f1-90cc-d649ae7f214d,2026-06-14T15:45:00Z,2026-06-14T17:45:00+0200,-41.06,EUR/MWh,BE,BE,imbalance_price,Short,2026-06-20T12:20:56Z
2026-06-20T12:18:09Z,2026-06-20T14:18:09+0200,4bddbab4-20af-41f1-90cc-d649ae7f214d,2026-06-14T16:00:00Z,2026-06-14T18:00:00+0200,-11.71,EUR/MWh,BE,BE,imbalance_price,Long,2026-06-20T12:20:56Z
2026-06-20T12:18:09Z,2026-06-20T14:18:09+0200,4bddbab4-20af-41f1-90cc-d649ae7f214d,2026-06-14T16:00:00Z,2026-06-14T18:00:00+0200,-11.71,EUR/MWh,BE,BE,imbalance_price,Short,2026-06-20T12:20:56Z
2026-06-20T12:18:09Z,2026-06-20T14:18:09+0200,4bddbab4-20af-41f1-90cc-d649ae7f214d,2026-06-14T16:15:00Z,2026-06-14T18:15:00+0200,-53.1,EUR/MWh,BE,BE,imbalance_price,Long,2026-06-20T12:20:56Z
2026-06-20T12:18:09Z,2026-06-20T14:18:09+0200,4bddbab4-20af-41f1-90cc-d649ae7f214d,2026-06-14T16:15:00Z,2026-06-14T18:15:00+0200,-53.1,EUR/MWh,BE,BE,imbalance_price,Short,2026-06-20T12:20:56Z
2026-06-20T12:18:09Z,2026-06-20T14:18:09+0200,4bddbab4-20af-41f1-90cc-d649ae7f214d,2026-06-14T16:30:00Z,2026-06-14T18:30:00+0200,-12.47,EUR/MWh,BE,BE,imbalance_price,Long,2026-06-20T12:20:56Z
2026-06-20T12:18:09Z,2026-06-20T14:18:09+0200,4bddbab4-20af-41f1-90cc-d649ae7f214d,2026-06-14T16:30:00Z,2026-06-14T18:30:00+0200,-12.47,EUR/MWh,BE,BE,imbalance_price,Short,2026-06-20T12:20:56Z
2026-06-20T12:18:09Z,2026-06-20T14:18:09+0200,4bddbab4-20af-41f1-90cc-d649ae7f214d,2026-06-14T16:45:00Z,2026-06-14T18:45:00+0200,20.26,EUR/MWh,BE,BE,imbalance_price,Long,2026-06-20T12:20:56Z
2026-06-20T12:18:09Z,2026-06-20T14:18:09+0200,4bddbab4-20af-41f1-90cc-d649ae7f214d,2026-06-14T16:45:00Z,2026-06-14T18:45:00+0200,20.26,EUR/MWh,BE,BE,imbalance_price,Short,2026-06-20T12:20:56Z
2026-06-20T12:18:09Z,2026-06-20T14:18:09+0200,4bddbab4-20af-41f1-90cc-d649ae7f214d,2026-06-14T17:00:00Z,2026-06-14T19:00:00+0200,-31.33,EUR/MWh,BE,BE,imbalance_price,Long,2026-06-20T12:20:56Z
2026-06-20T12:18:09Z,2026-06-20T14:18:09+0200,4bddbab4-20af-41f1-90cc-d649ae7f214d,2026-06-14T17:00:00Z,2026-06-14T19:00:00+0200,-31.33,EUR/MWh,BE,BE,imbalance_price,Short,2026-06-20T12:20:56Z
2026-06-20T12:18:09Z,2026-06-20T14:18:09+0200,4bddbab4-20af-41f1-90cc-d649ae7f214d,2026-06-14T17:15:00Z,2026-06-14T19:15:00+0200,38.64,EUR/MWh,BE,BE,imbalance_price,Long,2026-06-20T12:20:56Z
2026-06-20T12:18:09Z,2026-06-20T14:18:09+0200,4bddbab4-20af-41f1-90cc-d649ae7f214d,2026-06-14T17:15:00Z,2026-06-14T19:15:00+0200,38.64,EUR/MWh,BE,BE,imbalance_price,Short,2026-06-20T12:20:56Z
2026-06-20T12:18:09Z,2026-06-20T14:18:09+0200,4bddbab4-20af-41f1-90cc-d649ae7f214d,2026-06-14T17:30:00Z,2026-06-14T19:30:00+0200,70.92,EUR/MWh,BE,BE,imbalance_price,Long,2026-06-20T12:20:56Z
2026-06-20T12:18:09Z,2026-06-20T14:18:09+0200,4bddbab4-20af-41f1-90cc-d649ae7f214d,2026-06-14T17:30:00Z,2026-06-14T19:30:00+0200,70.92,EUR/MWh,BE,BE,imbalance_price,Short,2026-06-20T12:20:56Z
2026-06-20T12:18:09Z,2026-06-20T14:18:09+0200,4bddbab4-20af-41f1-90cc-d649ae7f214d,2026-06-14T17:45:00Z,2026-06-14T19:45:00+0200,71.87,EUR/MWh,BE,BE,imbalance_price,Long,2026-06-20T12:20:56Z
2026-06-20T12:18:09Z,2026-06-20T14:18:09+0200,4bddbab4-20af-41f1-90cc-d649ae7f214d,2026-06-14T17:45:00Z,2026-06-14T19:45:00+0200,71.87,EUR/MWh,BE,BE,imbalance_price,Short,2026-06-20T12:20:56Z
2026-06-20T12:18:09Z,2026-06-20T14:18:09+0200,4bddbab4-20af-41f1-90cc-d649ae7f214d,2026-06-14T18:00:00Z,2026-06-14T20:00:00+0200,69.23,EUR/MWh,BE,BE,imbalance_price,Long,2026-06-20T12:20:56Z
2026-06-20T12:18:09Z,2026-06-20T14:18:09+0200,4bddbab4-20af-41f1-90cc-d649ae7f214d,2026-06-14T18:00:00Z,2026-06-14T20:00:00+0200,69.23,EUR/MWh,BE,BE,imbalance_price,Short,2026-06-20T12:20:56Z
2026-06-20T12:18:09Z,2026-06-20T14:18:09+0200,4bddbab4-20af-41f1-90cc-d649ae7f214d,2026-06-14T18:15:00Z,2026-06-14T20:15:00+0200,77.72,EUR/MWh,BE,BE,imbalance_price,Long,2026-06-20T12:20:56Z
2026-06-20T12:18:09Z,2026-06-20T14:18:09+0200,4bddbab4-20af-41f1-90cc-d649ae7f214d,2026-06-14T18:15:00Z,2026-06-14T20:15:00+0200,77.72,EUR/MWh,BE,BE,imbalance_price,Short,2026-06-20T12:20:56Z
2026-06-20T12:18:09Z,2026-06-20T14:18:09+0200,4bddbab4-20af-41f1-90cc-d649ae7f214d,2026-06-14T18:30:00Z,2026-06-14T20:30:00+0200,110.47,EUR/MWh,BE,BE,imbalance_price,Long,2026-06-20T12:20:56Z
2026-06-20T12:18:09Z,2026-06-20T14:18:09+0200,4bddbab4-20af-41f1-90cc-d649ae7f214d,2026-06-14T18:30:00Z,2026-06-14T20:30:00+0200,110.47,EUR/MWh,BE,BE,imbalance_price,Short,2026-06-20T12:20:56Z
2026-06-20T12:18:09Z,2026-06-20T14:18:09+0200,4bddbab4-20af-41f1-90cc-d649ae7f214d,2026-06-14T18:45:00Z,2026-06-14T20:45:00+0200,79.58,EUR/MWh,BE,BE,imbalance_price,Long,2026-06-20T12:20:56Z
2026-06-20T12:18:09Z,2026-06-20T14:18:09+0200,4bddbab4-20af-41f1-90cc-d649ae7f214d,2026-06-14T18:45:00Z,2026-06-14T20:45:00+0200,79.58,EUR/MWh,BE,BE,imbalance_price,Short,2026-06-20T12:20:56Z
2026-06-20T12:18:09Z,2026-06-20T14:18:09+0200,4bddbab4-20af-41f1-90cc-d649ae7f214d,2026-06-14T19:00:00Z,2026-06-14T21:00:00+0200,89.3,EUR/MWh,BE,BE,imbalance_price,Long,2026-06-20T12:20:56Z
2026-06-20T12:18:09Z,2026-06-20T14:18:09+0200,4bddbab4-20af-41f1-90cc-d649ae7f214d,2026-06-14T19:00:00Z,2026-06-14T21:00:00+0200,89.3,EUR/MWh,BE,BE,imbalance_price,Short,2026-06-20T12:20:56Z
2026-06-20T12:18:09Z,2026-06-20T14:18:09+0200,4bddbab4-20af-41f1-90cc-d649ae7f214d,2026-06-14T19:15:00Z,2026-06-14T21:15:00+0200,81.83,EUR/MWh,BE,BE,imbalance_price,Long,2026-06-20T12:20:56Z
2026-06-20T12:18:09Z,2026-06-20T14:18:09+0200,4bddbab4-20af-41f1-90cc-d649ae7f214d,2026-06-14T19:15:00Z,2026-06-14T21:15:00+0200,81.83,EUR/MWh,BE,BE,imbalance_price,Short,2026-06-20T12:20:56Z
2026-06-20T12:18:09Z,2026-06-20T14:18:09+0200,4bddbab4-20af-41f1-90cc-d649ae7f214d,2026-06-14T19:30:00Z,2026-06-14T21:30:00+0200,94.67,EUR/MWh,BE,BE,imbalance_price,Long,2026-06-20T12:20:56Z
2026-06-20T12:18:09Z,2026-06-20T14:18:09+0200,4bddbab4-20af-41f1-90cc-d649ae7f214d,2026-06-14T19:30:00Z,2026-06-14T21:30:00+0200,94.67,EUR/MWh,BE,BE,imbalance_price,Short,2026-06-20T12:20:56Z
2026-06-20T12:18:09Z,2026-06-20T14:18:09+0200,4bddbab4-20af-41f1-90cc-d649ae7f214d,2026-06-14T19:45:00Z,2026-06-14T21:45:00+0200,95.68,EUR/MWh,BE,BE,imbalance_price,Long,2026-06-20T12:20:56Z
2026-06-20T12:18:09Z,2026-06-20T14:18:09+0200,4bddbab4-20af-41f1-90cc-d649ae7f214d,2026-06-14T19:45:00Z,2026-06-14T21:45:00+0200,95.68,EUR/MWh,BE,BE,imbalance_price,Short,2026-06-20T12:20:56Z
2026-06-20T12:18:09Z,2026-06-20T14:18:09+0200,4bddbab4-20af-41f1-90cc-d649ae7f214d,2026-06-14T20:00:00Z,2026-06-14T22:00:00+0200,94.42,EUR/MWh,BE,BE,imbalance_price,Long,2026-06-20T12:20:56Z
2026-06-20T12:18:09Z,2026-06-20T14:18:09+0200,4bddbab4-20af-41f1-90cc-d649ae7f214d,2026-06-14T20:00:00Z,2026-06-14T22:00:00+0200,94.42,EUR/MWh,BE,BE,imbalance_price,Short,2026-06-20T12:20:56Z
2026-06-20T12:18:09Z,2026-06-20T14:18:09+0200,4bddbab4-20af-41f1-90cc-d649ae7f214d,2026-06-14T20:15:00Z,2026-06-14T22:15:00+0200,124.62,EUR/MWh,BE,BE,imbalance_price,Long,2026-06-20T12:20:56Z
2026-06-20T12:18:09Z,2026-06-20T14:18:09+0200,4bddbab4-20af-41f1-90cc-d649ae7f214d,2026-06-14T20:15:00Z,2026-06-14T22:15:00+0200,124.62,EUR/MWh,BE,BE,imbalance_price,Short,2026-06-20T12:20:56Z
2026-06-20T12:18:09Z,2026-06-20T14:18:09+0200,4bddbab4-20af-41f1-90cc-d649ae7f214d,2026-06-14T20:30:00Z,2026-06-14T22:30:00+0200,94.67,EUR/MWh,BE,BE,imbalance_price,Long,2026-06-20T12:20:56Z
2026-06-20T12:18:09Z,2026-06-20T14:18:09+0200,4bddbab4-20af-41f1-90cc-d649ae7f214d,2026-06-14T20:30:00Z,2026-06-14T22:30:00+0200,94.67,EUR/MWh,BE,BE,imbalance_price,Short,2026-06-20T12:20:56Z
2026-06-20T12:18:09Z,2026-06-20T14:18:09+0200,4bddbab4-20af-41f1-90cc-d649ae7f214d,2026-06-14T20:45:00Z,2026-06-14T22:45:00+0200,95.85,EUR/MWh,BE,BE,imbalance_price,Long,2026-06-20T12:20:56Z
2026-06-20T12:18:09Z,2026-06-20T14:18:09+0200,4bddbab4-20af-41f1-90cc-d649ae7f214d,2026-06-14T20:45:00Z,2026-06-14T22:45:00+0200,95.85,EUR/MWh,BE,BE,imbalance_price,Short,2026-06-20T12:20:56Z
2026-06-20T12:18:09Z,2026-06-20T14:18:09+0200,4bddbab4-20af-41f1-90cc-d649ae7f214d,2026-06-14T21:00:00Z,2026-06-14T23:00:00+0200,98.23,EUR/MWh,BE,BE,imbalance_price,Long,2026-06-20T12:20:56Z
2026-06-20T12:18:09Z,2026-06-20T14:18:09+0200,4bddbab4-20af-41f1-90cc-d649ae7f214d,2026-06-14T21:00:00Z,2026-06-14T23:00:00+0200,98.23,EUR/MWh,BE,BE,imbalance_price,Short,2026-06-20T12:20:56Z
2026-06-20T12:18:09Z,2026-06-20T14:18:09+0200,4bddbab4-20af-41f1-90cc-d649ae7f214d,2026-06-14T21:15:00Z,2026-06-14T23:15:00+0200,89.76,EUR/MWh,BE,BE,imbalance_price,Long,2026-06-20T12:20:56Z
2026-06-20T12:18:09Z,2026-06-20T14:18:09+0200,4bddbab4-20af-41f1-90cc-d649ae7f214d,2026-06-14T21:15:00Z,2026-06-14T23:15:00+0200,89.76,EUR/MWh,BE,BE,imbalance_price,Short,2026-06-20T12:20:56Z
2026-06-20T12:18:09Z,2026-06-20T14:18:09+0200,4bddbab4-20af-41f1-90cc-d649ae7f214d,2026-06-14T21:30:00Z,2026-06-14T23:30:00+0200,86.06,EUR/MWh,BE,BE,imbalance_price,Long,2026-06-20T12:20:56Z
2026-06-20T12:18:09Z,2026-06-20T14:18:09+0200,4bddbab4-20af-41f1-90cc-d649ae7f214d,2026-06-14T21:30:00Z,2026-06-14T23:30:00+0200,86.06,EUR/MWh,BE,BE,imbalance_price,Short,2026-06-20T12:20:56Z
2026-06-20T12:18:09Z,2026-06-20T14:18:09+0200,4bddbab4-20af-41f1-90cc-d649ae7f214d,2026-06-14T21:45:00Z,2026-06-14T23:45:00+0200,82.31,EUR/MWh,BE,BE,imbalance_price,Long,2026-06-20T12:20:56Z
2026-06-20T12:18:09Z,2026-06-20T14:18:09+0200,4bddbab4-20af-41f1-90cc-d649ae7f214d,2026-06-14T21:45:00Z,2026-06-14T23:45:00+0200,82.31,EUR/MWh,BE,BE,imbalance_price,Short,2026-06-20T12:20:56Z
2026-06-20T12:18:09Z,2026-06-20T14:18:09+0200,4bddbab4-20af-41f1-90cc-d649ae7f214d,2026-06-14T22:00:00Z,2026-06-15T00:00:00+0200,95.67,EUR/MWh,BE,BE,imbalance_price,Long,2026-06-20T12:20:56Z
2026-06-20T12:18:09Z,2026-06-20T14:18:09+0200,4bddbab4-20af-41f1-90cc-d649ae7f214d,2026-06-14T22:00:00Z,2026-06-15T00:00:00+0200,95.67,EUR/MWh,BE,BE,imbalance_price,Short,2026-06-20T12:20:56Z
2026-06-20T12:18:09Z,2026-06-20T14:18:09+0200,4bddbab4-20af-41f1-90cc-d649ae7f214d,2026-06-14T22:15:00Z,2026-06-15T00:15:00+0200,107.63,EUR/MWh,BE,BE,imbalance_price,Long,2026-06-20T12:20:56Z
2026-06-20T12:18:09Z,2026-06-20T14:18:09+0200,4bddbab4-20af-41f1-90cc-d649ae7f214d,2026-06-14T22:15:00Z,2026-06-15T00:15:00+0200,107.63,EUR/MWh,BE,BE,imbalance_price,Short,2026-06-20T12:20:56Z
2026-06-20T12:18:09Z,2026-06-20T14:18:09+0200,4bddbab4-20af-41f1-90cc-d649ae7f214d,2026-06-14T22:30:00Z,2026-06-15T00:30:00+0200,87.67,EUR/MWh,BE,BE,imbalance_price,Long,2026-06-20T12:20:56Z
2026-06-20T12:18:09Z,2026-06-20T14:18:09+0200,4bddbab4-20af-41f1-90cc-d649ae7f214d,2026-06-14T22:30:00Z,2026-06-15T00:30:00+0200,87.67,EUR/MWh,BE,BE,imbalance_price,Short,2026-06-20T12:20:56Z
2026-06-20T12:18:09Z,2026-06-20T14:18:09+0200,4bddbab4-20af-41f1-90cc-d649ae7f214d,2026-06-14T22:45:00Z,2026-06-15T00:45:00+0200,94.79,EUR/MWh,BE,BE,imbalance_price,Long,2026-06-20T12:20:56Z
2026-06-20T12:18:09Z,2026-06-20T14:18:09+0200,4bddbab4-20af-41f1-90cc-d649ae7f214d,2026-06-14T22:45:00Z,2026-06-15T00:45:00+0200,94.79,EUR/MWh,BE,BE,imbalance_price,Short,2026-06-20T12:20:56Z
2026-06-20T12:18:09Z,2026-06-20T14:18:09+0200,4bddbab4-20af-41f1-90cc-d649ae7f214d,2026-06-14T23:00:00Z,2026-06-15T01:00:00+0200,107.54,EUR/MWh,BE,BE,imbalance_price,Long,2026-06-20T12:20:56Z
2026-06-20T12:18:09Z,2026-06-20T14:18:09+0200,4bddbab4-20af-41f1-90cc-d649ae7f214d,2026-06-14T23:00:00Z,2026-06-15T01:00:00+0200,107.54,EUR/MWh,BE,BE,imbalance_price,Short,2026-06-20T12:20:56Z
2026-06-20T12:18:09Z,2026-06-20T14:18:09+0200,4bddbab4-20af-41f1-90cc-d649ae7f214d,2026-06-14T23:15:00Z,2026-06-15T01:15:00+0200,98.82,EUR/MWh,BE,BE,imbalance_price,Long,2026-06-20T12:20:56Z
2026-06-20T12:18:09Z,2026-06-20T14:18:09+0200,4bddbab4-20af-41f1-90cc-d649ae7f214d,2026-06-14T23:15:00Z,2026-06-15T01:15:00+0200,98.82,EUR/MWh,BE,BE,imbalance_price,Short,2026-06-20T12:20:56Z
2026-06-20T12:18:09Z,2026-06-20T14:18:09+0200,4bddbab4-20af-41f1-90cc-d649ae7f214d,2026-06-14T23:30:00Z,2026-06-15T01:30:00+0200,88.73,EUR/MWh,BE,BE,imbalance_price,Long,2026-06-20T12:20:56Z
2026-06-20T12:18:09Z,2026-06-20T14:18:09+0200,4bddbab4-20af-41f1-90cc-d649ae7f214d,2026-06-14T23:30:00Z,2026-06-15T01:30:00+0200,88.73,EUR/MWh,BE,BE,imbalance_price,Short,2026-06-20T12:20:56Z
2026-06-20T12:18:09Z,2026-06-20T14:18:09+0200,4bddbab4-20af-41f1-90cc-d649ae7f214d,2026-06-14T23:45:00Z,2026-06-15T01:45:00+0200,96.48,EUR/MWh,BE,BE,imbalance_price,Long,2026-06-20T12:20:56Z
2026-06-20T12:18:09Z,2026-06-20T14:18:09+0200,4bddbab4-20af-41f1-90cc-d649ae7f214d,2026-06-14T23:45:00Z,2026-06-15T01:45:00+0200,96.48,EUR/MWh,BE,BE,imbalance_price,Short,2026-06-20T12:20:56Z
2026-06-20T12:18:09Z,2026-06-20T14:18:09+0200,4bddbab4-20af-41f1-90cc-d649ae7f214d,2026-06-15T00:00:00Z,2026-06-15T02:00:00+0200,98.46,EUR/MWh,BE,BE,imbalance_price,Long,2026-06-20T12:20:56Z
2026-06-20T12:18:09Z,2026-06-20T14:18:09+0200,4bddbab4-20af-41f1-90cc-d649ae7f214d,2026-06-15T00:00:00Z,2026-06-15T02:00:00+0200,98.46,EUR/MWh,BE,BE,imbalance_price,Short,2026-06-20T12:20:56Z
2026-06-20T12:18:09Z,2026-06-20T14:18:09+0200,4bddbab4-20af-41f1-90cc-d649ae7f214d,2026-06-15T00:15:00Z,2026-06-15T02:15:00+0200,87.28,EUR/MWh,BE,BE,imbalance_price,Long,2026-06-20T12:20:56Z
2026-06-20T12:18:09Z,2026-06-20T14:18:09+0200,4bddbab4-20af-41f1-90cc-d649ae7f214d,2026-06-15T00:15:00Z,2026-06-15T02:15:00+0200,87.28,EUR/MWh,BE,BE,imbalance_price,Short,2026-06-20T12:20:56Z
2026-06-20T12:18:09Z,2026-06-20T14:18:09+0200,4bddbab4-20af-41f1-90cc-d649ae7f214d,2026-06-15T00:30:00Z,2026-06-15T02:30:00+0200,87.72,EUR/MWh,BE,BE,imbalance_price,Long,2026-06-20T12:20:56Z
2026-06-20T12:18:09Z,2026-06-20T14:18:09+0200,4bddbab4-20af-41f1-90cc-d649ae7f214d,2026-06-15T00:30:00Z,2026-06-15T02:30:00+0200,87.72,EUR/MWh,BE,BE,imbalance_price,Short,2026-06-20T12:20:56Z
2026-06-20T12:18:09Z,2026-06-20T14:18:09+0200,4bddbab4-20af-41f1-90cc-d649ae7f214d,2026-06-15T00:45:00Z,2026-06-15T02:45:00+0200,100.18,EUR/MWh,BE,BE,imbalance_price,Long,2026-06-20T12:20:56Z
2026-06-20T12:18:09Z,2026-06-20T14:18:09+0200,4bddbab4-20af-41f1-90cc-d649ae7f214d,2026-06-15T00:45:00Z,2026-06-15T02:45:00+0200,100.18,EUR/MWh,BE,BE,imbalance_price,Short,2026-06-20T12:20:56Z
2026-06-20T12:18:09Z,2026-06-20T14:18:09+0200,4bddbab4-20af-41f1-90cc-d649ae7f214d,2026-06-15T01:00:00Z,2026-06-15T03:00:00+0200,92.66,EUR/MWh,BE,BE,imbalance_price,Long,2026-06-20T12:20:56Z
2026-06-20T12:18:09Z,2026-06-20T14:18:09+0200,4bddbab4-20af-41f1-90cc-d649ae7f214d,2026-06-15T01:00:00Z,2026-06-15T03:00:00+0200,92.66,EUR/MWh,BE,BE,imbalance_price,Short,2026-06-20T12:20:56Z
2026-06-20T12:18:09Z,2026-06-20T14:18:09+0200,4bddbab4-20af-41f1-90cc-d649ae7f214d,2026-06-15T01:15:00Z,2026-06-15T03:15:00+0200,123.0,EUR/MWh,BE,BE,imbalance_price,Long,2026-06-20T12:20:56Z
2026-06-20T12:18:09Z,2026-06-20T14:18:09+0200,4bddbab4-20af-41f1-90cc-d649ae7f214d,2026-06-15T01:15:00Z,2026-06-15T03:15:00+0200,123.0,EUR/MWh,BE,BE,imbalance_price,Short,2026-06-20T12:20:56Z
2026-06-20T12:18:09Z,2026-06-20T14:18:09+0200,4bddbab4-20af-41f1-90cc-d649ae7f214d,2026-06-15T01:30:00Z,2026-06-15T03:30:00+0200,99.52,EUR/MWh,BE,BE,imbalance_price,Long,2026-06-20T12:20:56Z
2026-06-20T12:18:09Z,2026-06-20T14:18:09+0200,4bddbab4-20af-41f1-90cc-d649ae7f214d,2026-06-15T01:30:00Z,2026-06-15T03:30:00+0200,99.52,EUR/MWh,BE,BE,imbalance_price,Short,2026-06-20T12:20:56Z
2026-06-20T12:18:09Z,2026-06-20T14:18:09+0200,4bddbab4-20af-41f1-90cc-d649ae7f214d,2026-06-15T01:45:00Z,2026-06-15T03:45:00+0200,90.9,EUR/MWh,BE,BE,imbalance_price,Long,2026-06-20T12:20:56Z
2026-06-20T12:18:09Z,2026-06-20T14:18:09+0200,4bddbab4-20af-41f1-90cc-d649ae7f214d,2026-06-15T01:45:00Z,2026-06-15T03:45:00+0200,90.9,EUR/MWh,BE,BE,imbalance_price,Short,2026-06-20T12:20:56Z
2026-06-20T12:18:09Z,2026-06-20T14:18:09+0200,4bddbab4-20af-41f1-90cc-d649ae7f214d,2026-06-15T02:00:00Z,2026-06-15T04:00:00+0200,99.85,EUR/MWh,BE,BE,imbalance_price,Long,2026-06-20T12:20:56Z
2026-06-20T12:18:09Z,2026-06-20T14:18:09+0200,4bddbab4-20af-41f1-90cc-d649ae7f214d,2026-06-15T02:00:00Z,2026-06-15T04:00:00+0200,99.85,EUR/MWh,BE,BE,imbalance_price,Short,2026-06-20T12:20:56Z
2026-06-20T12:18:09Z,2026-06-20T14:18:09+0200,4bddbab4-20af-41f1-90cc-d649ae7f214d,2026-06-15T02:15:00Z,2026-06-15T04:15:00+0200,97.15,EUR/MWh,BE,BE,imbalance_price,Long,2026-06-20T12:20:56Z
2026-06-20T12:18:09Z,2026-06-20T14:18:09+0200,4bddbab4-20af-41f1-90cc-d649ae7f214d,2026-06-15T02:15:00Z,2026-06-15T04:15:00+0200,97.15,EUR/MWh,BE,BE,imbalance_price,Short,2026-06-20T12:20:56Z
2026-06-20T12:18:09Z,2026-06-20T14:18:09+0200,4bddbab4-20af-41f1-90cc-d649ae7f214d,2026-06-15T02:30:00Z,2026-06-15T04:30:00+0200,95.58,EUR/MWh,BE,BE,imbalance_price,Long,2026-06-20T12:20:56Z
2026-06-20T12:18:09Z,2026-06-20T14:18:09+0200,4bddbab4-20af-41f1-90cc-d649ae7f214d,2026-06-15T02:30:00Z,2026-06-15T04:30:00+0200,95.58,EUR/MWh,BE,BE,imbalance_price,Short,2026-06-20T12:20:56Z
2026-06-20T12:18:09Z,2026-06-20T14:18:09+0200,4bddbab4-20af-41f1-90cc-d649ae7f214d,2026-06-15T02:45:00Z,2026-06-15T04:45:00+0200,92.67,EUR/MWh,BE,BE,imbalance_price,Long,2026-06-20T12:20:56Z
2026-06-20T12:18:09Z,2026-06-20T14:18:09+0200,4bddbab4-20af-41f1-90cc-d649ae7f214d,2026-06-15T02:45:00Z,2026-06-15T04:45:00+0200,92.67,EUR/MWh,BE,BE,imbalance_price,Short,2026-06-20T12:20:56Z
2026-06-20T12:18:09Z,2026-06-20T14:18:09+0200,4bddbab4-20af-41f1-90cc-d649ae7f214d,2026-06-15T03:00:00Z,2026-06-15T05:00:00+0200,106.2,EUR/MWh,BE,BE,imbalance_price,Long,2026-06-20T12:20:56Z
2026-06-20T12:18:09Z,2026-06-20T14:18:09+0200,4bddbab4-20af-41f1-90cc-d649ae7f214d,2026-06-15T03:00:00Z,2026-06-15T05:00:00+0200,106.2,EUR/MWh,BE,BE,imbalance_price,Short,2026-06-20T12:20:56Z
2026-06-20T12:18:09Z,2026-06-20T14:18:09+0200,4bddbab4-20af-41f1-90cc-d649ae7f214d,2026-06-15T03:15:00Z,2026-06-15T05:15:00+0200,107.49,EUR/MWh,BE,BE,imbalance_price,Long,2026-06-20T12:20:56Z
2026-06-20T12:18:09Z,2026-06-20T14:18:09+0200,4bddbab4-20af-41f1-90cc-d649ae7f214d,2026-06-15T03:15:00Z,2026-06-15T05:15:00+0200,107.49,EUR/MWh,BE,BE,imbalance_price,Short,2026-06-20T12:20:56Z
2026-06-20T12:18:09Z,2026-06-20T14:18:09+0200,4bddbab4-20af-41f1-90cc-d649ae7f214d,2026-06-15T03:30:00Z,2026-06-15T05:30:00+0200,122.83,EUR/MWh,BE,BE,imbalance_price,Long,2026-06-20T12:20:56Z
2026-06-20T12:18:09Z,2026-06-20T14:18:09+0200,4bddbab4-20af-41f1-90cc-d649ae7f214d,2026-06-15T03:30:00Z,2026-06-15T05:30:00+0200,122.83,EUR/MWh,BE,BE,imbalance_price,Short,2026-06-20T12:20:56Z
2026-06-20T12:18:09Z,2026-06-20T14:18:09+0200,4bddbab4-20af-41f1-90cc-d649ae7f214d,2026-06-15T03:45:00Z,2026-06-15T05:45:00+0200,143.19,EUR/MWh,BE,BE,imbalance_price,Long,2026-06-20T12:20:56Z
2026-06-20T12:18:09Z,2026-06-20T14:18:09+0200,4bddbab4-20af-41f1-90cc-d649ae7f214d,2026-06-15T03:45:00Z,2026-06-15T05:45:00+0200,143.19,EUR/MWh,BE,BE,imbalance_price,Short,2026-06-20T12:20:56Z
2026-06-20T12:18:09Z,2026-06-20T14:18:09+0200,4bddbab4-20af-41f1-90cc-d649ae7f214d,2026-06-15T04:00:00Z,2026-06-15T06:00:00+0200,117.56,EUR/MWh,BE,BE,imbalance_price,Long,2026-06-20T12:20:56Z
2026-06-20T12:18:09Z,2026-06-20T14:18:09+0200,4bddbab4-20af-41f1-90cc-d649ae7f214d,2026-06-15T04:00:00Z,2026-06-15T06:00:00+0200,117.56,EUR/MWh,BE,BE,imbalance_price,Short,2026-06-20T12:20:56Z
2026-06-20T12:18:09Z,2026-06-20T14:18:09+0200,4bddbab4-20af-41f1-90cc-d649ae7f214d,2026-06-15T04:15:00Z,2026-06-15T06:15:00+0200,105.77,EUR/MWh,BE,BE,imbalance_price,Long,2026-06-20T12:20:56Z
2026-06-20T12:18:09Z,2026-06-20T14:18:09+0200,4bddbab4-20af-41f1-90cc-d649ae7f214d,2026-06-15T04:15:00Z,2026-06-15T06:15:00+0200,105.77,EUR/MWh,BE,BE,imbalance_price,Short,2026-06-20T12:20:56Z
2026-06-20T12:18:09Z,2026-06-20T14:18:09+0200,4bddbab4-20af-41f1-90cc-d649ae7f214d,2026-06-15T04:30:00Z,2026-06-15T06:30:00+0200,130.17,EUR/MWh,BE,BE,imbalance_price,Long,2026-06-20T12:20:56Z
2026-06-20T12:18:09Z,2026-06-20T14:18:09+0200,4bddbab4-20af-41f1-90cc-d649ae7f214d,2026-06-15T04:30:00Z,2026-06-15T06:30:00+0200,130.17,EUR/MWh,BE,BE,imbalance_price,Short,2026-06-20T12:20:56Z
2026-06-20T12:18:09Z,2026-06-20T14:18:09+0200,4bddbab4-20af-41f1-90cc-d649ae7f214d,2026-06-15T04:45:00Z,2026-06-15T06:45:00+0200,99.59,EUR/MWh,BE,BE,imbalance_price,Long,2026-06-20T12:20:56Z
2026-06-20T12:18:09Z,2026-06-20T14:18:09+0200,4bddbab4-20af-41f1-90cc-d649ae7f214d,2026-06-15T04:45:00Z,2026-06-15T06:45:00+0200,99.59,EUR/MWh,BE,BE,imbalance_price,Short,2026-06-20T12:20:56Z
2026-06-20T12:18:09Z,2026-06-20T14:18:09+0200,4bddbab4-20af-41f1-90cc-d649ae7f214d,2026-06-15T05:00:00Z,2026-06-15T07:00:00+0200,102.04,EUR/MWh,BE,BE,imbalance_price,Long,2026-06-20T12:20:56Z
2026-06-20T12:18:09Z,2026-06-20T14:18:09+0200,4bddbab4-20af-41f1-90cc-d649ae7f214d,2026-06-15T05:00:00Z,2026-06-15T07:00:00+0200,102.04,EUR/MWh,BE,BE,imbalance_price,Short,2026-06-20T12:20:56Z
2026-06-20T12:18:09Z,2026-06-20T14:18:09+0200,4bddbab4-20af-41f1-90cc-d649ae7f214d,2026-06-15T05:15:00Z,2026-06-15T07:15:00+0200,116.38,EUR/MWh,BE,BE,imbalance_price,Long,2026-06-20T12:20:56Z
2026-06-20T12:18:09Z,2026-06-20T14:18:09+0200,4bddbab4-20af-41f1-90cc-d649ae7f214d,2026-06-15T05:15:00Z,2026-06-15T07:15:00+0200,116.38,EUR/MWh,BE,BE,imbalance_price,Short,2026-06-20T12:20:56Z
2026-06-20T12:18:09Z,2026-06-20T14:18:09+0200,4bddbab4-20af-41f1-90cc-d649ae7f214d,2026-06-15T05:30:00Z,2026-06-15T07:30:00+0200,117.34,EUR/MWh,BE,BE,imbalance_price,Long,2026-06-20T12:20:56Z
2026-06-20T12:18:09Z,2026-06-20T14:18:09+0200,4bddbab4-20af-41f1-90cc-d649ae7f214d,2026-06-15T05:30:00Z,2026-06-15T07:30:00+0200,117.34,EUR/MWh,BE,BE,imbalance_price,Short,2026-06-20T12:20:56Z
2026-06-20T12:18:09Z,2026-06-20T14:18:09+0200,4bddbab4-20af-41f1-90cc-d649ae7f214d,2026-06-15T05:45:00Z,2026-06-15T07:45:00+0200,122.68,EUR/MWh,BE,BE,imbalance_price,Long,2026-06-20T12:20:56Z
2026-06-20T12:18:09Z,2026-06-20T14:18:09+0200,4bddbab4-20af-41f1-90cc-d649ae7f214d,2026-06-15T05:45:00Z,2026-06-15T07:45:00+0200,122.68,EUR/MWh,BE,BE,imbalance_price,Short,2026-06-20T12:20:56Z
2026-06-20T12:18:09Z,2026-06-20T14:18:09+0200,4bddbab4-20af-41f1-90cc-d649ae7f214d,2026-06-15T06:00:00Z,2026-06-15T08:00:00+0200,96.83,EUR/MWh,BE,BE,imbalance_price,Long,2026-06-20T12:20:56Z
2026-06-20T12:18:09Z,2026-06-20T14:18:09+0200,4bddbab4-20af-41f1-90cc-d649ae7f214d,2026-06-15T06:00:00Z,2026-06-15T08:00:00+0200,96.83,EUR/MWh,BE,BE,imbalance_price,Short,2026-06-20T12:20:56Z
2026-06-20T12:18:09Z,2026-06-20T14:18:09+0200,4bddbab4-20af-41f1-90cc-d649ae7f214d,2026-06-15T06:15:00Z,2026-06-15T08:15:00+0200,93.69,EUR/MWh,BE,BE,imbalance_price,Long,2026-06-20T12:20:56Z
2026-06-20T12:18:09Z,2026-06-20T14:18:09+0200,4bddbab4-20af-41f1-90cc-d649ae7f214d,2026-06-15T06:15:00Z,2026-06-15T08:15:00+0200,93.69,EUR/MWh,BE,BE,imbalance_price,Short,2026-06-20T12:20:56Z
2026-06-20T12:18:09Z,2026-06-20T14:18:09+0200,4bddbab4-20af-41f1-90cc-d649ae7f214d,2026-06-15T06:30:00Z,2026-06-15T08:30:00+0200,398.58,EUR/MWh,BE,BE,imbalance_price,Long,2026-06-20T12:20:56Z
2026-06-20T12:18:09Z,2026-06-20T14:18:09+0200,4bddbab4-20af-41f1-90cc-d649ae7f214d,2026-06-15T06:30:00Z,2026-06-15T08:30:00+0200,398.58,EUR/MWh,BE,BE,imbalance_price,Short,2026-06-20T12:20:56Z
2026-06-20T12:18:09Z,2026-06-20T14:18:09+0200,4bddbab4-20af-41f1-90cc-d649ae7f214d,2026-06-15T06:45:00Z,2026-06-15T08:45:00+0200,320.54,EUR/MWh,BE,BE,imbalance_price,Long,2026-06-20T12:20:56Z
2026-06-20T12:18:09Z,2026-06-20T14:18:09+0200,4bddbab4-20af-41f1-90cc-d649ae7f214d,2026-06-15T06:45:00Z,2026-06-15T08:45:00+0200,320.54,EUR/MWh,BE,BE,imbalance_price,Short,2026-06-20T12:20:56Z
2026-06-20T12:18:09Z,2026-06-20T14:18:09+0200,4bddbab4-20af-41f1-90cc-d649ae7f214d,2026-06-15T07:00:00Z,2026-06-15T09:00:00+0200,411.91,EUR/MWh,BE,BE,imbalance_price,Long,2026-06-20T12:20:56Z
2026-06-20T12:18:09Z,2026-06-20T14:18:09+0200,4bddbab4-20af-41f1-90cc-d649ae7f214d,2026-06-15T07:00:00Z,2026-06-15T09:00:00+0200,411.91,EUR/MWh,BE,BE,imbalance_price,Short,2026-06-20T12:20:56Z
2026-06-20T12:18:09Z,2026-06-20T14:18:09+0200,4bddbab4-20af-41f1-90cc-d649ae7f214d,2026-06-15T07:15:00Z,2026-06-15T09:15:00+0200,546.13,EUR/MWh,BE,BE,imbalance_price,Long,2026-06-20T12:20:56Z
2026-06-20T12:18:09Z,2026-06-20T14:18:09+0200,4bddbab4-20af-41f1-90cc-d649ae7f214d,2026-06-15T07:15:00Z,2026-06-15T09:15:00+0200,546.13,EUR/MWh,BE,BE,imbalance_price,Short,2026-06-20T12:20:56Z
2026-06-20T12:18:09Z,2026-06-20T14:18:09+0200,4bddbab4-20af-41f1-90cc-d649ae7f214d,2026-06-15T07:30:00Z,2026-06-15T09:30:00+0200,307.24,EUR/MWh,BE,BE,imbalance_price,Long,2026-06-20T12:20:56Z
2026-06-20T12:18:09Z,2026-06-20T14:18:09+0200,4bddbab4-20af-41f1-90cc-d649ae7f214d,2026-06-15T07:30:00Z,2026-06-15T09:30:00+0200,307.24,EUR/MWh,BE,BE,imbalance_price,Short,2026-06-20T12:20:56Z
2026-06-20T12:18:09Z,2026-06-20T14:18:09+0200,4bddbab4-20af-41f1-90cc-d649ae7f214d,2026-06-15T07:45:00Z,2026-06-15T09:45:00+0200,93.45,EUR/MWh,BE,BE,imbalance_price,Long,2026-06-20T12:20:56Z
2026-06-20T12:18:09Z,2026-06-20T14:18:09+0200,4bddbab4-20af-41f1-90cc-d649ae7f214d,2026-06-15T07:45:00Z,2026-06-15T09:45:00+0200,93.45,EUR/MWh,BE,BE,imbalance_price,Short,2026-06-20T12:20:56Z
2026-06-20T12:18:09Z,2026-06-20T14:18:09+0200,4bddbab4-20af-41f1-90cc-d649ae7f214d,2026-06-15T08:00:00Z,2026-06-15T10:00:00+0200,315.12,EUR/MWh,BE,BE,imbalance_price,Long,2026-06-20T12:20:56Z
2026-06-20T12:18:09Z,2026-06-20T14:18:09+0200,4bddbab4-20af-41f1-90cc-d649ae7f214d,2026-06-15T08:00:00Z,2026-06-15T10:00:00+0200,315.12,EUR/MWh,BE,BE,imbalance_price,Short,2026-06-20T12:20:56Z
2026-06-20T12:18:09Z,2026-06-20T14:18:09+0200,4bddbab4-20af-41f1-90cc-d649ae7f214d,2026-06-15T08:15:00Z,2026-06-15T10:15:00+0200,82.35,EUR/MWh,BE,BE,imbalance_price,Long,2026-06-20T12:20:56Z
2026-06-20T12:18:09Z,2026-06-20T14:18:09+0200,4bddbab4-20af-41f1-90cc-d649ae7f214d,2026-06-15T08:15:00Z,2026-06-15T10:15:00+0200,82.35,EUR/MWh,BE,BE,imbalance_price,Short,2026-06-20T12:20:56Z
2026-06-20T12:18:09Z,2026-06-20T14:18:09+0200,4bddbab4-20af-41f1-90cc-d649ae7f214d,2026-06-15T08:30:00Z,2026-06-15T10:30:00+0200,94.56,EUR/MWh,BE,BE,imbalance_price,Long,2026-06-20T12:20:56Z
2026-06-20T12:18:09Z,2026-06-20T14:18:09+0200,4bddbab4-20af-41f1-90cc-d649ae7f214d,2026-06-15T08:30:00Z,2026-06-15T10:30:00+0200,94.56,EUR/MWh,BE,BE,imbalance_price,Short,2026-06-20T12:20:56Z
2026-06-20T12:18:09Z,2026-06-20T14:18:09+0200,4bddbab4-20af-41f1-90cc-d649ae7f214d,2026-06-15T08:45:00Z,2026-06-15T10:45:00+0200,88.74,EUR/MWh,BE,BE,imbalance_price,Long,2026-06-20T12:20:56Z
2026-06-20T12:18:09Z,2026-06-20T14:18:09+0200,4bddbab4-20af-41f1-90cc-d649ae7f214d,2026-06-15T08:45:00Z,2026-06-15T10:45:00+0200,88.74,EUR/MWh,BE,BE,imbalance_price,Short,2026-06-20T12:20:56Z
2026-06-20T12:18:09Z,2026-06-20T14:18:09+0200,4bddbab4-20af-41f1-90cc-d649ae7f214d,2026-06-15T09:00:00Z,2026-06-15T11:00:00+0200,68.86,EUR/MWh,BE,BE,imbalance_price,Long,2026-06-20T12:20:56Z
2026-06-20T12:18:09Z,2026-06-20T14:18:09+0200,4bddbab4-20af-41f1-90cc-d649ae7f214d,2026-06-15T09:00:00Z,2026-06-15T11:00:00+0200,68.86,EUR/MWh,BE,BE,imbalance_price,Short,2026-06-20T12:20:56Z
2026-06-20T12:18:09Z,2026-06-20T14:18:09+0200,4bddbab4-20af-41f1-90cc-d649ae7f214d,2026-06-15T09:15:00Z,2026-06-15T11:15:00+0200,91.92,EUR/MWh,BE,BE,imbalance_price,Long,2026-06-20T12:20:56Z
2026-06-20T12:18:09Z,2026-06-20T14:18:09+0200,4bddbab4-20af-41f1-90cc-d649ae7f214d,2026-06-15T09:15:00Z,2026-06-15T11:15:00+0200,91.92,EUR/MWh,BE,BE,imbalance_price,Short,2026-06-20T12:20:56Z
2026-06-20T12:18:09Z,2026-06-20T14:18:09+0200,4bddbab4-20af-41f1-90cc-d649ae7f214d,2026-06-15T09:30:00Z,2026-06-15T11:30:00+0200,69.88,EUR/MWh,BE,BE,imbalance_price,Long,2026-06-20T12:20:56Z
2026-06-20T12:18:09Z,2026-06-20T14:18:09+0200,4bddbab4-20af-41f1-90cc-d649ae7f214d,2026-06-15T09:30:00Z,2026-06-15T11:30:00+0200,69.88,EUR/MWh,BE,BE,imbalance_price,Short,2026-06-20T12:20:56Z
2026-06-20T12:18:09Z,2026-06-20T14:18:09+0200,4bddbab4-20af-41f1-90cc-d649ae7f214d,2026-06-15T09:45:00Z,2026-06-15T11:45:00+0200,73.29,EUR/MWh,BE,BE,imbalance_price,Long,2026-06-20T12:20:56Z
2026-06-20T12:18:09Z,2026-06-20T14:18:09+0200,4bddbab4-20af-41f1-90cc-d649ae7f214d,2026-06-15T09:45:00Z,2026-06-15T11:45:00+0200,73.29,EUR/MWh,BE,BE,imbalance_price,Short,2026-06-20T12:20:56Z
2026-06-20T12:18:09Z,2026-06-20T14:18:09+0200,4bddbab4-20af-41f1-90cc-d649ae7f214d,2026-06-15T10:00:00Z,2026-06-15T12:00:00+0200,82.35,EUR/MWh,BE,BE,imbalance_price,Long,2026-06-20T12:20:56Z
2026-06-20T12:18:09Z,2026-06-20T14:18:09+0200,4bddbab4-20af-41f1-90cc-d649ae7f214d,2026-06-15T10:00:00Z,2026-06-15T12:00:00+0200,82.35,EUR/MWh,BE,BE,imbalance_price,Short,2026-06-20T12:20:56Z
2026-06-20T12:18:09Z,2026-06-20T14:18:09+0200,4bddbab4-20af-41f1-90cc-d649ae7f214d,2026-06-15T10:15:00Z,2026-06-15T12:15:00+0200,78.1,EUR/MWh,BE,BE,imbalance_price,Long,2026-06-20T12:20:56Z
2026-06-20T12:18:09Z,2026-06-20T14:18:09+0200,4bddbab4-20af-41f1-90cc-d649ae7f214d,2026-06-15T10:15:00Z,2026-06-15T12:15:00+0200,78.1,EUR/MWh,BE,BE,imbalance_price,Short,2026-06-20T12:20:56Z
2026-06-20T12:18:09Z,2026-06-20T14:18:09+0200,4bddbab4-20af-41f1-90cc-d649ae7f214d,2026-06-15T10:30:00Z,2026-06-15T12:30:00+0200,60.36,EUR/MWh,BE,BE,imbalance_price,Long,2026-06-20T12:20:56Z
2026-06-20T12:18:09Z,2026-06-20T14:18:09+0200,4bddbab4-20af-41f1-90cc-d649ae7f214d,2026-06-15T10:30:00Z,2026-06-15T12:30:00+0200,60.36,EUR/MWh,BE,BE,imbalance_price,Short,2026-06-20T12:20:56Z
2026-06-20T12:18:09Z,2026-06-20T14:18:09+0200,4bddbab4-20af-41f1-90cc-d649ae7f214d,2026-06-15T10:45:00Z,2026-06-15T12:45:00+0200,31.21,EUR/MWh,BE,BE,imbalance_price,Long,2026-06-20T12:20:56Z
2026-06-20T12:18:09Z,2026-06-20T14:18:09+0200,4bddbab4-20af-41f1-90cc-d649ae7f214d,2026-06-15T10:45:00Z,2026-06-15T12:45:00+0200,31.21,EUR/MWh,BE,BE,imbalance_price,Short,2026-06-20T12:20:56Z
2026-06-20T12:18:09Z,2026-06-20T14:18:09+0200,4bddbab4-20af-41f1-90cc-d649ae7f214d,2026-06-15T11:00:00Z,2026-06-15T13:00:00+0200,11.48,EUR/MWh,BE,BE,imbalance_price,Long,2026-06-20T12:20:56Z
2026-06-20T12:18:09Z,2026-06-20T14:18:09+0200,4bddbab4-20af-41f1-90cc-d649ae7f214d,2026-06-15T11:00:00Z,2026-06-15T13:00:00+0200,11.48,EUR/MWh,BE,BE,imbalance_price,Short,2026-06-20T12:20:56Z
2026-06-20T12:18:09Z,2026-06-20T14:18:09+0200,4bddbab4-20af-41f1-90cc-d649ae7f214d,2026-06-15T11:15:00Z,2026-06-15T13:15:00+0200,-15.99,EUR/MWh,BE,BE,imbalance_price,Long,2026-06-20T12:20:56Z
2026-06-20T12:18:09Z,2026-06-20T14:18:09+0200,4bddbab4-20af-41f1-90cc-d649ae7f214d,2026-06-15T11:15:00Z,2026-06-15T13:15:00+0200,-15.99,EUR/MWh,BE,BE,imbalance_price,Short,2026-06-20T12:20:56Z
2026-06-20T12:18:09Z,2026-06-20T14:18:09+0200,4bddbab4-20af-41f1-90cc-d649ae7f214d,2026-06-15T11:30:00Z,2026-06-15T13:30:00+0200,-7.14,EUR/MWh,BE,BE,imbalance_price,Long,2026-06-20T12:20:56Z
2026-06-20T12:18:09Z,2026-06-20T14:18:09+0200,4bddbab4-20af-41f1-90cc-d649ae7f214d,2026-06-15T11:30:00Z,2026-06-15T13:30:00+0200,-7.14,EUR/MWh,BE,BE,imbalance_price,Short,2026-06-20T12:20:56Z
2026-06-20T12:18:09Z,2026-06-20T14:18:09+0200,4bddbab4-20af-41f1-90cc-d649ae7f214d,2026-06-15T11:45:00Z,2026-06-15T13:45:00+0200,-4.37,EUR/MWh,BE,BE,imbalance_price,Long,2026-06-20T12:20:56Z
2026-06-20T12:18:09Z,2026-06-20T14:18:09+0200,4bddbab4-20af-41f1-90cc-d649ae7f214d,2026-06-15T11:45:00Z,2026-06-15T13:45:00+0200,-4.37,EUR/MWh,BE,BE,imbalance_price,Short,2026-06-20T12:20:56Z
2026-06-20T12:18:09Z,2026-06-20T14:18:09+0200,4bddbab4-20af-41f1-90cc-d649ae7f214d,2026-06-15T12:00:00Z,2026-06-15T14:00:00+0200,42.05,EUR/MWh,BE,BE,imbalance_price,Long,2026-06-20T12:20:56Z
2026-06-20T12:18:09Z,2026-06-20T14:18:09+0200,4bddbab4-20af-41f1-90cc-d649ae7f214d,2026-06-15T12:00:00Z,2026-06-15T14:00:00+0200,42.05,EUR/MWh,BE,BE,imbalance_price,Short,2026-06-20T12:20:56Z
2026-06-20T12:18:09Z,2026-06-20T14:18:09+0200,4bddbab4-20af-41f1-90cc-d649ae7f214d,2026-06-15T12:15:00Z,2026-06-15T14:15:00+0200,31.97,EUR/MWh,BE,BE,imbalance_price,Long,2026-06-20T12:20:56Z
2026-06-20T12:18:09Z,2026-06-20T14:18:09+0200,4bddbab4-20af-41f1-90cc-d649ae7f214d,2026-06-15T12:15:00Z,2026-06-15T14:15:00+0200,31.97,EUR/MWh,BE,BE,imbalance_price,Short,2026-06-20T12:20:56Z
2026-06-20T12:18:09Z,2026-06-20T14:18:09+0200,4bddbab4-20af-41f1-90cc-d649ae7f214d,2026-06-15T12:30:00Z,2026-06-15T14:30:00+0200,22.2,EUR/MWh,BE,BE,imbalance_price,Long,2026-06-20T12:20:56Z
2026-06-20T12:18:09Z,2026-06-20T14:18:09+0200,4bddbab4-20af-41f1-90cc-d649ae7f214d,2026-06-15T12:30:00Z,2026-06-15T14:30:00+0200,22.2,EUR/MWh,BE,BE,imbalance_price,Short,2026-06-20T12:20:56Z
2026-06-20T12:18:09Z,2026-06-20T14:18:09+0200,4bddbab4-20af-41f1-90cc-d649ae7f214d,2026-06-15T12:45:00Z,2026-06-15T14:45:00+0200,84.39,EUR/MWh,BE,BE,imbalance_price,Long,2026-06-20T12:20:56Z
2026-06-20T12:18:09Z,2026-06-20T14:18:09+0200,4bddbab4-20af-41f1-90cc-d649ae7f214d,2026-06-15T12:45:00Z,2026-06-15T14:45:00+0200,84.39,EUR/MWh,BE,BE,imbalance_price,Short,2026-06-20T12:20:56Z
2026-06-20T12:18:09Z,2026-06-20T14:18:09+0200,4bddbab4-20af-41f1-90cc-d649ae7f214d,2026-06-15T13:00:00Z,2026-06-15T15:00:00+0200,78.04,EUR/MWh,BE,BE,imbalance_price,Long,2026-06-20T12:20:56Z
2026-06-20T12:18:09Z,2026-06-20T14:18:09+0200,4bddbab4-20af-41f1-90cc-d649ae7f214d,2026-06-15T13:00:00Z,2026-06-15T15:00:00+0200,78.04,EUR/MWh,BE,BE,imbalance_price,Short,2026-06-20T12:20:56Z
2026-06-20T12:18:09Z,2026-06-20T14:18:09+0200,4bddbab4-20af-41f1-90cc-d649ae7f214d,2026-06-15T13:15:00Z,2026-06-15T15:15:00+0200,38.97,EUR/MWh,BE,BE,imbalance_price,Long,2026-06-20T12:20:56Z
2026-06-20T12:18:09Z,2026-06-20T14:18:09+0200,4bddbab4-20af-41f1-90cc-d649ae7f214d,2026-06-15T13:15:00Z,2026-06-15T15:15:00+0200,38.97,EUR/MWh,BE,BE,imbalance_price,Short,2026-06-20T12:20:56Z
2026-06-20T12:18:09Z,2026-06-20T14:18:09+0200,4bddbab4-20af-41f1-90cc-d649ae7f214d,2026-06-15T13:30:00Z,2026-06-15T15:30:00+0200,38.69,EUR/MWh,BE,BE,imbalance_price,Long,2026-06-20T12:20:56Z
2026-06-20T12:18:09Z,2026-06-20T14:18:09+0200,4bddbab4-20af-41f1-90cc-d649ae7f214d,2026-06-15T13:30:00Z,2026-06-15T15:30:00+0200,38.69,EUR/MWh,BE,BE,imbalance_price,Short,2026-06-20T12:20:56Z
2026-06-20T12:18:09Z,2026-06-20T14:18:09+0200,4bddbab4-20af-41f1-90cc-d649ae7f214d,2026-06-15T13:45:00Z,2026-06-15T15:45:00+0200,82.35,EUR/MWh,BE,BE,imbalance_price,Long,2026-06-20T12:20:56Z
2026-06-20T12:18:09Z,2026-06-20T14:18:09+0200,4bddbab4-20af-41f1-90cc-d649ae7f214d,2026-06-15T13:45:00Z,2026-06-15T15:45:00+0200,82.35,EUR/MWh,BE,BE,imbalance_price,Short,2026-06-20T12:20:56Z
2026-06-20T12:18:09Z,2026-06-20T14:18:09+0200,4bddbab4-20af-41f1-90cc-d649ae7f214d,2026-06-15T14:00:00Z,2026-06-15T16:00:00+0200,47.0,EUR/MWh,BE,BE,imbalance_price,Long,2026-06-20T12:20:56Z
2026-06-20T12:18:09Z,2026-06-20T14:18:09+0200,4bddbab4-20af-41f1-90cc-d649ae7f214d,2026-06-15T14:00:00Z,2026-06-15T16:00:00+0200,47.0,EUR/MWh,BE,BE,imbalance_price,Short,2026-06-20T12:20:56Z
2026-06-20T12:18:09Z,2026-06-20T14:18:09+0200,4bddbab4-20af-41f1-90cc-d649ae7f214d,2026-06-15T14:15:00Z,2026-06-15T16:15:00+0200,144.89,EUR/MWh,BE,BE,imbalance_price,Long,2026-06-20T12:20:56Z
2026-06-20T12:18:09Z,2026-06-20T14:18:09+0200,4bddbab4-20af-41f1-90cc-d649ae7f214d,2026-06-15T14:15:00Z,2026-06-15T16:15:00+0200,144.89,EUR/MWh,BE,BE,imbalance_price,Short,2026-06-20T12:20:56Z
2026-06-20T12:18:09Z,2026-06-20T14:18:09+0200,4bddbab4-20af-41f1-90cc-d649ae7f214d,2026-06-15T14:30:00Z,2026-06-15T16:30:00+0200,127.38,EUR/MWh,BE,BE,imbalance_price,Long,2026-06-20T12:20:56Z
2026-06-20T12:18:09Z,2026-06-20T14:18:09+0200,4bddbab4-20af-41f1-90cc-d649ae7f214d,2026-06-15T14:30:00Z,2026-06-15T16:30:00+0200,127.38,EUR/MWh,BE,BE,imbalance_price,Short,2026-06-20T12:20:56Z
2026-06-20T12:18:09Z,2026-06-20T14:18:09+0200,4bddbab4-20af-41f1-90cc-d649ae7f214d,2026-06-15T14:45:00Z,2026-06-15T16:45:00+0200,192.97,EUR/MWh,BE,BE,imbalance_price,Long,2026-06-20T12:20:56Z
2026-06-20T12:18:09Z,2026-06-20T14:18:09+0200,4bddbab4-20af-41f1-90cc-d649ae7f214d,2026-06-15T14:45:00Z,2026-06-15T16:45:00+0200,192.97,EUR/MWh,BE,BE,imbalance_price,Short,2026-06-20T12:20:56Z
2026-06-20T12:18:09Z,2026-06-20T14:18:09+0200,4bddbab4-20af-41f1-90cc-d649ae7f214d,2026-06-15T15:00:00Z,2026-06-15T17:00:00+0200,151.92,EUR/MWh,BE,BE,imbalance_price,Long,2026-06-20T12:20:56Z
2026-06-20T12:18:09Z,2026-06-20T14:18:09+0200,4bddbab4-20af-41f1-90cc-d649ae7f214d,2026-06-15T15:00:00Z,2026-06-15T17:00:00+0200,151.92,EUR/MWh,BE,BE,imbalance_price,Short,2026-06-20T12:20:56Z
2026-06-20T12:18:09Z,2026-06-20T14:18:09+0200,4bddbab4-20af-41f1-90cc-d649ae7f214d,2026-06-15T15:15:00Z,2026-06-15T17:15:00+0200,141.03,EUR/MWh,BE,BE,imbalance_price,Long,2026-06-20T12:20:56Z
2026-06-20T12:18:09Z,2026-06-20T14:18:09+0200,4bddbab4-20af-41f1-90cc-d649ae7f214d,2026-06-15T15:15:00Z,2026-06-15T17:15:00+0200,141.03,EUR/MWh,BE,BE,imbalance_price,Short,2026-06-20T12:20:56Z
2026-06-20T12:18:09Z,2026-06-20T14:18:09+0200,4bddbab4-20af-41f1-90cc-d649ae7f214d,2026-06-15T15:30:00Z,2026-06-15T17:30:00+0200,168.85,EUR/MWh,BE,BE,imbalance_price,Long,2026-06-20T12:20:56Z
2026-06-20T12:18:09Z,2026-06-20T14:18:09+0200,4bddbab4-20af-41f1-90cc-d649ae7f214d,2026-06-15T15:30:00Z,2026-06-15T17:30:00+0200,168.85,EUR/MWh,BE,BE,imbalance_price,Short,2026-06-20T12:20:56Z
2026-06-20T12:18:09Z,2026-06-20T14:18:09+0200,4bddbab4-20af-41f1-90cc-d649ae7f214d,2026-06-15T15:45:00Z,2026-06-15T17:45:00+0200,180.57,EUR/MWh,BE,BE,imbalance_price,Long,2026-06-20T12:20:56Z
2026-06-20T12:18:09Z,2026-06-20T14:18:09+0200,4bddbab4-20af-41f1-90cc-d649ae7f214d,2026-06-15T15:45:00Z,2026-06-15T17:45:00+0200,180.57,EUR/MWh,BE,BE,imbalance_price,Short,2026-06-20T12:20:56Z
2026-06-20T12:18:09Z,2026-06-20T14:18:09+0200,4bddbab4-20af-41f1-90cc-d649ae7f214d,2026-06-15T16:00:00Z,2026-06-15T18:00:00+0200,67.92,EUR/MWh,BE,BE,imbalance_price,Long,2026-06-20T12:20:56Z
2026-06-20T12:18:09Z,2026-06-20T14:18:09+0200,4bddbab4-20af-41f1-90cc-d649ae7f214d,2026-06-15T16:00:00Z,2026-06-15T18:00:00+0200,67.92,EUR/MWh,BE,BE,imbalance_price,Short,2026-06-20T12:20:56Z
2026-06-20T12:18:09Z,2026-06-20T14:18:09+0200,4bddbab4-20af-41f1-90cc-d649ae7f214d,2026-06-15T16:15:00Z,2026-06-15T18:15:00+0200,81.64,EUR/MWh,BE,BE,imbalance_price,Long,2026-06-20T12:20:56Z
2026-06-20T12:18:09Z,2026-06-20T14:18:09+0200,4bddbab4-20af-41f1-90cc-d649ae7f214d,2026-06-15T16:15:00Z,2026-06-15T18:15:00+0200,81.64,EUR/MWh,BE,BE,imbalance_price,Short,2026-06-20T12:20:56Z
2026-06-20T12:18:09Z,2026-06-20T14:18:09+0200,4bddbab4-20af-41f1-90cc-d649ae7f214d,2026-06-15T16:30:00Z,2026-06-15T18:30:00+0200,100.44,EUR/MWh,BE,BE,imbalance_price,Long,2026-06-20T12:20:56Z
2026-06-20T12:18:09Z,2026-06-20T14:18:09+0200,4bddbab4-20af-41f1-90cc-d649ae7f214d,2026-06-15T16:30:00Z,2026-06-15T18:30:00+0200,100.44,EUR/MWh,BE,BE,imbalance_price,Short,2026-06-20T12:20:56Z
2026-06-20T12:18:09Z,2026-06-20T14:18:09+0200,4bddbab4-20af-41f1-90cc-d649ae7f214d,2026-06-15T16:45:00Z,2026-06-15T18:45:00+0200,127.37,EUR/MWh,BE,BE,imbalance_price,Long,2026-06-20T12:20:56Z
2026-06-20T12:18:09Z,2026-06-20T14:18:09+0200,4bddbab4-20af-41f1-90cc-d649ae7f214d,2026-06-15T16:45:00Z,2026-06-15T18:45:00+0200,127.37,EUR/MWh,BE,BE,imbalance_price,Short,2026-06-20T12:20:56Z
2026-06-20T12:18:09Z,2026-06-20T14:18:09+0200,4bddbab4-20af-41f1-90cc-d649ae7f214d,2026-06-15T17:00:00Z,2026-06-15T19:00:00+0200,164.64,EUR/MWh,BE,BE,imbalance_price,Long,2026-06-20T12:20:56Z
2026-06-20T12:18:09Z,2026-06-20T14:18:09+0200,4bddbab4-20af-41f1-90cc-d649ae7f214d,2026-06-15T17:00:00Z,2026-06-15T19:00:00+0200,164.64,EUR/MWh,BE,BE,imbalance_price,Short,2026-06-20T12:20:56Z
2026-06-20T12:18:09Z,2026-06-20T14:18:09+0200,4bddbab4-20af-41f1-90cc-d649ae7f214d,2026-06-15T17:15:00Z,2026-06-15T19:15:00+0200,145.01,EUR/MWh,BE,BE,imbalance_price,Long,2026-06-20T12:20:56Z
2026-06-20T12:18:09Z,2026-06-20T14:18:09+0200,4bddbab4-20af-41f1-90cc-d649ae7f214d,2026-06-15T17:15:00Z,2026-06-15T19:15:00+0200,145.01,EUR/MWh,BE,BE,imbalance_price,Short,2026-06-20T12:20:56Z
2026-06-20T12:18:09Z,2026-06-20T14:18:09+0200,4bddbab4-20af-41f1-90cc-d649ae7f214d,2026-06-15T17:30:00Z,2026-06-15T19:30:00+0200,152.08,EUR/MWh,BE,BE,imbalance_price,Long,2026-06-20T12:20:56Z
2026-06-20T12:18:09Z,2026-06-20T14:18:09+0200,4bddbab4-20af-41f1-90cc-d649ae7f214d,2026-06-15T17:30:00Z,2026-06-15T19:30:00+0200,152.08,EUR/MWh,BE,BE,imbalance_price,Short,2026-06-20T12:20:56Z
2026-06-20T12:18:09Z,2026-06-20T14:18:09+0200,4bddbab4-20af-41f1-90cc-d649ae7f214d,2026-06-15T17:45:00Z,2026-06-15T19:45:00+0200,151.71,EUR/MWh,BE,BE,imbalance_price,Long,2026-06-20T12:20:56Z
2026-06-20T12:18:09Z,2026-06-20T14:18:09+0200,4bddbab4-20af-41f1-90cc-d649ae7f214d,2026-06-15T17:45:00Z,2026-06-15T19:45:00+0200,151.71,EUR/MWh,BE,BE,imbalance_price,Short,2026-06-20T12:20:56Z
2026-06-20T12:18:09Z,2026-06-20T14:18:09+0200,4bddbab4-20af-41f1-90cc-d649ae7f214d,2026-06-15T18:00:00Z,2026-06-15T20:00:00+0200,145.52,EUR/MWh,BE,BE,imbalance_price,Long,2026-06-20T12:20:56Z
2026-06-20T12:18:09Z,2026-06-20T14:18:09+0200,4bddbab4-20af-41f1-90cc-d649ae7f214d,2026-06-15T18:00:00Z,2026-06-15T20:00:00+0200,145.52,EUR/MWh,BE,BE,imbalance_price,Short,2026-06-20T12:20:56Z
2026-06-20T12:18:09Z,2026-06-20T14:18:09+0200,4bddbab4-20af-41f1-90cc-d649ae7f214d,2026-06-15T18:15:00Z,2026-06-15T20:15:00+0200,159.55,EUR/MWh,BE,BE,imbalance_price,Long,2026-06-20T12:20:56Z
2026-06-20T12:18:09Z,2026-06-20T14:18:09+0200,4bddbab4-20af-41f1-90cc-d649ae7f214d,2026-06-15T18:15:00Z,2026-06-15T20:15:00+0200,159.55,EUR/MWh,BE,BE,imbalance_price,Short,2026-06-20T12:20:56Z
2026-06-20T12:18:09Z,2026-06-20T14:18:09+0200,4bddbab4-20af-41f1-90cc-d649ae7f214d,2026-06-15T18:30:00Z,2026-06-15T20:30:00+0200,148.21,EUR/MWh,BE,BE,imbalance_price,Long,2026-06-20T12:20:56Z
2026-06-20T12:18:09Z,2026-06-20T14:18:09+0200,4bddbab4-20af-41f1-90cc-d649ae7f214d,2026-06-15T18:30:00Z,2026-06-15T20:30:00+0200,148.21,EUR/MWh,BE,BE,imbalance_price,Short,2026-06-20T12:20:56Z
2026-06-20T12:18:09Z,2026-06-20T14:18:09+0200,4bddbab4-20af-41f1-90cc-d649ae7f214d,2026-06-15T18:45:00Z,2026-06-15T20:45:00+0200,147.45,EUR/MWh,BE,BE,imbalance_price,Long,2026-06-20T12:20:56Z
2026-06-20T12:18:09Z,2026-06-20T14:18:09+0200,4bddbab4-20af-41f1-90cc-d649ae7f214d,2026-06-15T18:45:00Z,2026-06-15T20:45:00+0200,147.45,EUR/MWh,BE,BE,imbalance_price,Short,2026-06-20T12:20:56Z
2026-06-20T12:18:09Z,2026-06-20T14:18:09+0200,4bddbab4-20af-41f1-90cc-d649ae7f214d,2026-06-15T19:00:00Z,2026-06-15T21:00:00+0200,136.31,EUR/MWh,BE,BE,imbalance_price,Long,2026-06-20T12:20:56Z
2026-06-20T12:18:09Z,2026-06-20T14:18:09+0200,4bddbab4-20af-41f1-90cc-d649ae7f214d,2026-06-15T19:00:00Z,2026-06-15T21:00:00+0200,136.31,EUR/MWh,BE,BE,imbalance_price,Short,2026-06-20T12:20:56Z
2026-06-20T12:18:09Z,2026-06-20T14:18:09+0200,4bddbab4-20af-41f1-90cc-d649ae7f214d,2026-06-15T19:15:00Z,2026-06-15T21:15:00+0200,141.27,EUR/MWh,BE,BE,imbalance_price,Long,2026-06-20T12:20:56Z
2026-06-20T12:18:09Z,2026-06-20T14:18:09+0200,4bddbab4-20af-41f1-90cc-d649ae7f214d,2026-06-15T19:15:00Z,2026-06-15T21:15:00+0200,141.27,EUR/MWh,BE,BE,imbalance_price,Short,2026-06-20T12:20:56Z
2026-06-20T12:18:09Z,2026-06-20T14:18:09+0200,4bddbab4-20af-41f1-90cc-d649ae7f214d,2026-06-15T19:30:00Z,2026-06-15T21:30:00+0200,111.89,EUR/MWh,BE,BE,imbalance_price,Long,2026-06-20T12:20:56Z
2026-06-20T12:18:09Z,2026-06-20T14:18:09+0200,4bddbab4-20af-41f1-90cc-d649ae7f214d,2026-06-15T19:30:00Z,2026-06-15T21:30:00+0200,111.89,EUR/MWh,BE,BE,imbalance_price,Short,2026-06-20T12:20:56Z
2026-06-20T12:18:09Z,2026-06-20T14:18:09+0200,4bddbab4-20af-41f1-90cc-d649ae7f214d,2026-06-15T19:45:00Z,2026-06-15T21:45:00+0200,140.03,EUR/MWh,BE,BE,imbalance_price,Long,2026-06-20T12:20:56Z
2026-06-20T12:18:09Z,2026-06-20T14:18:09+0200,4bddbab4-20af-41f1-90cc-d649ae7f214d,2026-06-15T19:45:00Z,2026-06-15T21:45:00+0200,140.03,EUR/MWh,BE,BE,imbalance_price,Short,2026-06-20T12:20:56Z
2026-06-20T12:18:09Z,2026-06-20T14:18:09+0200,4bddbab4-20af-41f1-90cc-d649ae7f214d,2026-06-15T20:00:00Z,2026-06-15T22:00:00+0200,147.93,EUR/MWh,BE,BE,imbalance_price,Long,2026-06-20T12:20:56Z
2026-06-20T12:18:09Z,2026-06-20T14:18:09+0200,4bddbab4-20af-41f1-90cc-d649ae7f214d,2026-06-15T20:00:00Z,2026-06-15T22:00:00+0200,147.93,EUR/MWh,BE,BE,imbalance_price,Short,2026-06-20T12:20:56Z
2026-06-20T12:18:09Z,2026-06-20T14:18:09+0200,4bddbab4-20af-41f1-90cc-d649ae7f214d,2026-06-15T20:15:00Z,2026-06-15T22:15:00+0200,109.59,EUR/MWh,BE,BE,imbalance_price,Long,2026-06-20T12:20:56Z
2026-06-20T12:18:09Z,2026-06-20T14:18:09+0200,4bddbab4-20af-41f1-90cc-d649ae7f214d,2026-06-15T20:15:00Z,2026-06-15T22:15:00+0200,109.59,EUR/MWh,BE,BE,imbalance_price,Short,2026-06-20T12:20:56Z
2026-06-20T12:18:09Z,2026-06-20T14:18:09+0200,4bddbab4-20af-41f1-90cc-d649ae7f214d,2026-06-15T20:30:00Z,2026-06-15T22:30:00+0200,141.22,EUR/MWh,BE,BE,imbalance_price,Long,2026-06-20T12:20:56Z
2026-06-20T12:18:09Z,2026-06-20T14:18:09+0200,4bddbab4-20af-41f1-90cc-d649ae7f214d,2026-06-15T20:30:00Z,2026-06-15T22:30:00+0200,141.22,EUR/MWh,BE,BE,imbalance_price,Short,2026-06-20T12:20:56Z
2026-06-20T12:18:09Z,2026-06-20T14:18:09+0200,4bddbab4-20af-41f1-90cc-d649ae7f214d,2026-06-15T20:45:00Z,2026-06-15T22:45:00+0200,141.99,EUR/MWh,BE,BE,imbalance_price,Long,2026-06-20T12:20:56Z
2026-06-20T12:18:09Z,2026-06-20T14:18:09+0200,4bddbab4-20af-41f1-90cc-d649ae7f214d,2026-06-15T20:45:00Z,2026-06-15T22:45:00+0200,141.99,EUR/MWh,BE,BE,imbalance_price,Short,2026-06-20T12:20:56Z
2026-06-20T12:18:09Z,2026-06-20T14:18:09+0200,4bddbab4-20af-41f1-90cc-d649ae7f214d,2026-06-15T21:00:00Z,2026-06-15T23:00:00+0200,141.08,EUR/MWh,BE,BE,imbalance_price,Long,2026-06-20T12:20:56Z
2026-06-20T12:18:09Z,2026-06-20T14:18:09+0200,4bddbab4-20af-41f1-90cc-d649ae7f214d,2026-06-15T21:00:00Z,2026-06-15T23:00:00+0200,141.08,EUR/MWh,BE,BE,imbalance_price,Short,2026-06-20T12:20:56Z
2026-06-20T12:18:09Z,2026-06-20T14:18:09+0200,4bddbab4-20af-41f1-90cc-d649ae7f214d,2026-06-15T21:15:00Z,2026-06-15T23:15:00+0200,122.94,EUR/MWh,BE,BE,imbalance_price,Long,2026-06-20T12:20:56Z
2026-06-20T12:18:09Z,2026-06-20T14:18:09+0200,4bddbab4-20af-41f1-90cc-d649ae7f214d,2026-06-15T21:15:00Z,2026-06-15T23:15:00+0200,122.94,EUR/MWh,BE,BE,imbalance_price,Short,2026-06-20T12:20:56Z
2026-06-20T12:18:09Z,2026-06-20T14:18:09+0200,4bddbab4-20af-41f1-90cc-d649ae7f214d,2026-06-15T21:30:00Z,2026-06-15T23:30:00+0200,103.78,EUR/MWh,BE,BE,imbalance_price,Long,2026-06-20T12:20:56Z
2026-06-20T12:18:09Z,2026-06-20T14:18:09+0200,4bddbab4-20af-41f1-90cc-d649ae7f214d,2026-06-15T21:30:00Z,2026-06-15T23:30:00+0200,103.78,EUR/MWh,BE,BE,imbalance_price,Short,2026-06-20T12:20:56Z
2026-06-20T12:18:09Z,2026-06-20T14:18:09+0200,4bddbab4-20af-41f1-90cc-d649ae7f214d,2026-06-15T21:45:00Z,2026-06-15T23:45:00+0200,127.79,EUR/MWh,BE,BE,imbalance_price,Long,2026-06-20T12:20:56Z
2026-06-20T12:18:09Z,2026-06-20T14:18:09+0200,4bddbab4-20af-41f1-90cc-d649ae7f214d,2026-06-15T21:45:00Z,2026-06-15T23:45:00+0200,127.79,EUR/MWh,BE,BE,imbalance_price,Short,2026-06-20T12:20:56Z
2026-06-20T12:18:09Z,2026-06-20T14:18:09+0200,4bddbab4-20af-41f1-90cc-d649ae7f214d,2026-06-15T22:00:00Z,2026-06-16T00:00:00+0200,124.69,EUR/MWh,BE,BE,imbalance_price,Long,2026-06-20T12:20:56Z
2026-06-20T12:18:09Z,2026-06-20T14:18:09+0200,4bddbab4-20af-41f1-90cc-d649ae7f214d,2026-06-15T22:00:00Z,2026-06-16T00:00:00+0200,124.69,EUR/MWh,BE,BE,imbalance_price,Short,2026-06-20T12:20:56Z
2026-06-20T12:18:09Z,2026-06-20T14:18:09+0200,4bddbab4-20af-41f1-90cc-d649ae7f214d,2026-06-15T22:15:00Z,2026-06-16T00:15:00+0200,98.68,EUR/MWh,BE,BE,imbalance_price,Long,2026-06-20T12:20:56Z
2026-06-20T12:18:09Z,2026-06-20T14:18:09+0200,4bddbab4-20af-41f1-90cc-d649ae7f214d,2026-06-15T22:15:00Z,2026-06-16T00:15:00+0200,98.68,EUR/MWh,BE,BE,imbalance_price,Short,2026-06-20T12:20:56Z
2026-06-20T12:18:09Z,2026-06-20T14:18:09+0200,4bddbab4-20af-41f1-90cc-d649ae7f214d,2026-06-15T22:30:00Z,2026-06-16T00:30:00+0200,107.32,EUR/MWh,BE,BE,imbalance_price,Long,2026-06-20T12:20:56Z
2026-06-20T12:18:09Z,2026-06-20T14:18:09+0200,4bddbab4-20af-41f1-90cc-d649ae7f214d,2026-06-15T22:30:00Z,2026-06-16T00:30:00+0200,107.32,EUR/MWh,BE,BE,imbalance_price,Short,2026-06-20T12:20:56Z
2026-06-20T12:18:09Z,2026-06-20T14:18:09+0200,4bddbab4-20af-41f1-90cc-d649ae7f214d,2026-06-15T22:45:00Z,2026-06-16T00:45:00+0200,103.75,EUR/MWh,BE,BE,imbalance_price,Long,2026-06-20T12:20:56Z
2026-06-20T12:18:09Z,2026-06-20T14:18:09+0200,4bddbab4-20af-41f1-90cc-d649ae7f214d,2026-06-15T22:45:00Z,2026-06-16T00:45:00+0200,103.75,EUR/MWh,BE,BE,imbalance_price,Short,2026-06-20T12:20:56Z
2026-06-20T12:18:09Z,2026-06-20T14:18:09+0200,4bddbab4-20af-41f1-90cc-d649ae7f214d,2026-06-15T23:00:00Z,2026-06-16T01:00:00+0200,92.26,EUR/MWh,BE,BE,imbalance_price,Long,2026-06-20T12:20:56Z
2026-06-20T12:18:09Z,2026-06-20T14:18:09+0200,4bddbab4-20af-41f1-90cc-d649ae7f214d,2026-06-15T23:00:00Z,2026-06-16T01:00:00+0200,92.26,EUR/MWh,BE,BE,imbalance_price,Short,2026-06-20T12:20:56Z
2026-06-20T12:18:09Z,2026-06-20T14:18:09+0200,4bddbab4-20af-41f1-90cc-d649ae7f214d,2026-06-15T23:15:00Z,2026-06-16T01:15:00+0200,99.73,EUR/MWh,BE,BE,imbalance_price,Long,2026-06-20T12:20:56Z
2026-06-20T12:18:09Z,2026-06-20T14:18:09+0200,4bddbab4-20af-41f1-90cc-d649ae7f214d,2026-06-15T23:15:00Z,2026-06-16T01:15:00+0200,99.73,EUR/MWh,BE,BE,imbalance_price,Short,2026-06-20T12:20:56Z
2026-06-20T12:18:09Z,2026-06-20T14:18:09+0200,4bddbab4-20af-41f1-90cc-d649ae7f214d,2026-06-15T23:30:00Z,2026-06-16T01:30:00+0200,97.05,EUR/MWh,BE,BE,imbalance_price,Long,2026-06-20T12:20:56Z
2026-06-20T12:18:09Z,2026-06-20T14:18:09+0200,4bddbab4-20af-41f1-90cc-d649ae7f214d,2026-06-15T23:30:00Z,2026-06-16T01:30:00+0200,97.05,EUR/MWh,BE,BE,imbalance_price,Short,2026-06-20T12:20:56Z
2026-06-20T12:18:09Z,2026-06-20T14:18:09+0200,4bddbab4-20af-41f1-90cc-d649ae7f214d,2026-06-15T23:45:00Z,2026-06-16T01:45:00+0200,95.81,EUR/MWh,BE,BE,imbalance_price,Long,2026-06-20T12:20:56Z
2026-06-20T12:18:09Z,2026-06-20T14:18:09+0200,4bddbab4-20af-41f1-90cc-d649ae7f214d,2026-06-15T23:45:00Z,2026-06-16T01:45:00+0200,95.81,EUR/MWh,BE,BE,imbalance_price,Short,2026-06-20T12:20:56Z
2026-06-20T12:18:09Z,2026-06-20T14:18:09+0200,4bddbab4-20af-41f1-90cc-d649ae7f214d,2026-06-16T00:00:00Z,2026-06-16T02:00:00+0200,104.47,EUR/MWh,BE,BE,imbalance_price,Long,2026-06-20T12:20:56Z
2026-06-20T12:18:09Z,2026-06-20T14:18:09+0200,4bddbab4-20af-41f1-90cc-d649ae7f214d,2026-06-16T00:00:00Z,2026-06-16T02:00:00+0200,104.47,EUR/MWh,BE,BE,imbalance_price,Short,2026-06-20T12:20:56Z
2026-06-20T12:18:09Z,2026-06-20T14:18:09+0200,4bddbab4-20af-41f1-90cc-d649ae7f214d,2026-06-16T00:15:00Z,2026-06-16T02:15:00+0200,109.94,EUR/MWh,BE,BE,imbalance_price,Long,2026-06-20T12:20:56Z
2026-06-20T12:18:09Z,2026-06-20T14:18:09+0200,4bddbab4-20af-41f1-90cc-d649ae7f214d,2026-06-16T00:15:00Z,2026-06-16T02:15:00+0200,109.94,EUR/MWh,BE,BE,imbalance_price,Short,2026-06-20T12:20:56Z
2026-06-20T12:18:09Z,2026-06-20T14:18:09+0200,4bddbab4-20af-41f1-90cc-d649ae7f214d,2026-06-16T00:30:00Z,2026-06-16T02:30:00+0200,113.36,EUR/MWh,BE,BE,imbalance_price,Long,2026-06-20T12:20:56Z
2026-06-20T12:18:09Z,2026-06-20T14:18:09+0200,4bddbab4-20af-41f1-90cc-d649ae7f214d,2026-06-16T00:30:00Z,2026-06-16T02:30:00+0200,113.36,EUR/MWh,BE,BE,imbalance_price,Short,2026-06-20T12:20:56Z
2026-06-20T12:18:09Z,2026-06-20T14:18:09+0200,4bddbab4-20af-41f1-90cc-d649ae7f214d,2026-06-16T00:45:00Z,2026-06-16T02:45:00+0200,111.99,EUR/MWh,BE,BE,imbalance_price,Long,2026-06-20T12:20:56Z
2026-06-20T12:18:09Z,2026-06-20T14:18:09+0200,4bddbab4-20af-41f1-90cc-d649ae7f214d,2026-06-16T00:45:00Z,2026-06-16T02:45:00+0200,111.99,EUR/MWh,BE,BE,imbalance_price,Short,2026-06-20T12:20:56Z
2026-06-20T12:18:09Z,2026-06-20T14:18:09+0200,4bddbab4-20af-41f1-90cc-d649ae7f214d,2026-06-16T01:00:00Z,2026-06-16T03:00:00+0200,105.26,EUR/MWh,BE,BE,imbalance_price,Long,2026-06-20T12:20:56Z
2026-06-20T12:18:09Z,2026-06-20T14:18:09+0200,4bddbab4-20af-41f1-90cc-d649ae7f214d,2026-06-16T01:00:00Z,2026-06-16T03:00:00+0200,105.26,EUR/MWh,BE,BE,imbalance_price,Short,2026-06-20T12:20:56Z
2026-06-20T12:18:09Z,2026-06-20T14:18:09+0200,4bddbab4-20af-41f1-90cc-d649ae7f214d,2026-06-16T01:15:00Z,2026-06-16T03:15:00+0200,56.21,EUR/MWh,BE,BE,imbalance_price,Long,2026-06-20T12:20:56Z
2026-06-20T12:18:09Z,2026-06-20T14:18:09+0200,4bddbab4-20af-41f1-90cc-d649ae7f214d,2026-06-16T01:15:00Z,2026-06-16T03:15:00+0200,56.21,EUR/MWh,BE,BE,imbalance_price,Short,2026-06-20T12:20:56Z
2026-06-20T12:18:09Z,2026-06-20T14:18:09+0200,4bddbab4-20af-41f1-90cc-d649ae7f214d,2026-06-16T01:30:00Z,2026-06-16T03:30:00+0200,106.0,EUR/MWh,BE,BE,imbalance_price,Long,2026-06-20T12:20:56Z
2026-06-20T12:18:09Z,2026-06-20T14:18:09+0200,4bddbab4-20af-41f1-90cc-d649ae7f214d,2026-06-16T01:30:00Z,2026-06-16T03:30:00+0200,106.0,EUR/MWh,BE,BE,imbalance_price,Short,2026-06-20T12:20:56Z
2026-06-20T12:18:09Z,2026-06-20T14:18:09+0200,4bddbab4-20af-41f1-90cc-d649ae7f214d,2026-06-16T01:45:00Z,2026-06-16T03:45:00+0200,112.98,EUR/MWh,BE,BE,imbalance_price,Long,2026-06-20T12:20:56Z
2026-06-20T12:18:09Z,2026-06-20T14:18:09+0200,4bddbab4-20af-41f1-90cc-d649ae7f214d,2026-06-16T01:45:00Z,2026-06-16T03:45:00+0200,112.98,EUR/MWh,BE,BE,imbalance_price,Short,2026-06-20T12:20:56Z
2026-06-20T12:18:09Z,2026-06-20T14:18:09+0200,4bddbab4-20af-41f1-90cc-d649ae7f214d,2026-06-16T02:00:00Z,2026-06-16T04:00:00+0200,132.65,EUR/MWh,BE,BE,imbalance_price,Long,2026-06-20T12:20:56Z
2026-06-20T12:18:09Z,2026-06-20T14:18:09+0200,4bddbab4-20af-41f1-90cc-d649ae7f214d,2026-06-16T02:00:00Z,2026-06-16T04:00:00+0200,132.65,EUR/MWh,BE,BE,imbalance_price,Short,2026-06-20T12:20:56Z
2026-06-20T12:18:09Z,2026-06-20T14:18:09+0200,4bddbab4-20af-41f1-90cc-d649ae7f214d,2026-06-16T02:15:00Z,2026-06-16T04:15:00+0200,149.62,EUR/MWh,BE,BE,imbalance_price,Long,2026-06-20T12:20:56Z
2026-06-20T12:18:09Z,2026-06-20T14:18:09+0200,4bddbab4-20af-41f1-90cc-d649ae7f214d,2026-06-16T02:15:00Z,2026-06-16T04:15:00+0200,149.62,EUR/MWh,BE,BE,imbalance_price,Short,2026-06-20T12:20:56Z
2026-06-20T12:18:09Z,2026-06-20T14:18:09+0200,4bddbab4-20af-41f1-90cc-d649ae7f214d,2026-06-16T02:30:00Z,2026-06-16T04:30:00+0200,148.91,EUR/MWh,BE,BE,imbalance_price,Long,2026-06-20T12:20:56Z
2026-06-20T12:18:09Z,2026-06-20T14:18:09+0200,4bddbab4-20af-41f1-90cc-d649ae7f214d,2026-06-16T02:30:00Z,2026-06-16T04:30:00+0200,148.91,EUR/MWh,BE,BE,imbalance_price,Short,2026-06-20T12:20:56Z
2026-06-20T12:18:09Z,2026-06-20T14:18:09+0200,4bddbab4-20af-41f1-90cc-d649ae7f214d,2026-06-16T02:45:00Z,2026-06-16T04:45:00+0200,114.04,EUR/MWh,BE,BE,imbalance_price,Long,2026-06-20T12:20:56Z
2026-06-20T12:18:09Z,2026-06-20T14:18:09+0200,4bddbab4-20af-41f1-90cc-d649ae7f214d,2026-06-16T02:45:00Z,2026-06-16T04:45:00+0200,114.04,EUR/MWh,BE,BE,imbalance_price,Short,2026-06-20T12:20:56Z
2026-06-20T12:18:09Z,2026-06-20T14:18:09+0200,4bddbab4-20af-41f1-90cc-d649ae7f214d,2026-06-16T03:00:00Z,2026-06-16T05:00:00+0200,108.74,EUR/MWh,BE,BE,imbalance_price,Long,2026-06-20T12:20:56Z
2026-06-20T12:18:09Z,2026-06-20T14:18:09+0200,4bddbab4-20af-41f1-90cc-d649ae7f214d,2026-06-16T03:00:00Z,2026-06-16T05:00:00+0200,108.74,EUR/MWh,BE,BE,imbalance_price,Short,2026-06-20T12:20:56Z
2026-06-20T12:18:09Z,2026-06-20T14:18:09+0200,4bddbab4-20af-41f1-90cc-d649ae7f214d,2026-06-16T03:15:00Z,2026-06-16T05:15:00+0200,100.52,EUR/MWh,BE,BE,imbalance_price,Long,2026-06-20T12:20:56Z
2026-06-20T12:18:09Z,2026-06-20T14:18:09+0200,4bddbab4-20af-41f1-90cc-d649ae7f214d,2026-06-16T03:15:00Z,2026-06-16T05:15:00+0200,100.52,EUR/MWh,BE,BE,imbalance_price,Short,2026-06-20T12:20:56Z
2026-06-20T12:18:09Z,2026-06-20T14:18:09+0200,4bddbab4-20af-41f1-90cc-d649ae7f214d,2026-06-16T03:30:00Z,2026-06-16T05:30:00+0200,110.72,EUR/MWh,BE,BE,imbalance_price,Long,2026-06-20T12:20:56Z
2026-06-20T12:18:09Z,2026-06-20T14:18:09+0200,4bddbab4-20af-41f1-90cc-d649ae7f214d,2026-06-16T03:30:00Z,2026-06-16T05:30:00+0200,110.72,EUR/MWh,BE,BE,imbalance_price,Short,2026-06-20T12:20:56Z
2026-06-20T12:18:09Z,2026-06-20T14:18:09+0200,4bddbab4-20af-41f1-90cc-d649ae7f214d,2026-06-16T03:45:00Z,2026-06-16T05:45:00+0200,125.1,EUR/MWh,BE,BE,imbalance_price,Long,2026-06-20T12:20:56Z
2026-06-20T12:18:09Z,2026-06-20T14:18:09+0200,4bddbab4-20af-41f1-90cc-d649ae7f214d,2026-06-16T03:45:00Z,2026-06-16T05:45:00+0200,125.1,EUR/MWh,BE,BE,imbalance_price,Short,2026-06-20T12:20:56Z
2026-06-20T12:18:09Z,2026-06-20T14:18:09+0200,4bddbab4-20af-41f1-90cc-d649ae7f214d,2026-06-16T04:00:00Z,2026-06-16T06:00:00+0200,135.02,EUR/MWh,BE,BE,imbalance_price,Long,2026-06-20T12:20:56Z
2026-06-20T12:18:09Z,2026-06-20T14:18:09+0200,4bddbab4-20af-41f1-90cc-d649ae7f214d,2026-06-16T04:00:00Z,2026-06-16T06:00:00+0200,135.02,EUR/MWh,BE,BE,imbalance_price,Short,2026-06-20T12:20:56Z
2026-06-20T12:18:09Z,2026-06-20T14:18:09+0200,4bddbab4-20af-41f1-90cc-d649ae7f214d,2026-06-16T04:15:00Z,2026-06-16T06:15:00+0200,137.04,EUR/MWh,BE,BE,imbalance_price,Long,2026-06-20T12:20:56Z
2026-06-20T12:18:09Z,2026-06-20T14:18:09+0200,4bddbab4-20af-41f1-90cc-d649ae7f214d,2026-06-16T04:15:00Z,2026-06-16T06:15:00+0200,137.04,EUR/MWh,BE,BE,imbalance_price,Short,2026-06-20T12:20:56Z
2026-06-20T12:18:09Z,2026-06-20T14:18:09+0200,4bddbab4-20af-41f1-90cc-d649ae7f214d,2026-06-16T04:30:00Z,2026-06-16T06:30:00+0200,135.67,EUR/MWh,BE,BE,imbalance_price,Long,2026-06-20T12:20:56Z
2026-06-20T12:18:09Z,2026-06-20T14:18:09+0200,4bddbab4-20af-41f1-90cc-d649ae7f214d,2026-06-16T04:30:00Z,2026-06-16T06:30:00+0200,135.67,EUR/MWh,BE,BE,imbalance_price,Short,2026-06-20T12:20:56Z
2026-06-20T12:18:09Z,2026-06-20T14:18:09+0200,4bddbab4-20af-41f1-90cc-d649ae7f214d,2026-06-16T04:45:00Z,2026-06-16T06:45:00+0200,127.77,EUR/MWh,BE,BE,imbalance_price,Long,2026-06-20T12:20:56Z
2026-06-20T12:18:09Z,2026-06-20T14:18:09+0200,4bddbab4-20af-41f1-90cc-d649ae7f214d,2026-06-16T04:45:00Z,2026-06-16T06:45:00+0200,127.77,EUR/MWh,BE,BE,imbalance_price,Short,2026-06-20T12:20:56Z
2026-06-20T12:18:09Z,2026-06-20T14:18:09+0200,4bddbab4-20af-41f1-90cc-d649ae7f214d,2026-06-16T05:00:00Z,2026-06-16T07:00:00+0200,139.7,EUR/MWh,BE,BE,imbalance_price,Long,2026-06-20T12:20:56Z
2026-06-20T12:18:09Z,2026-06-20T14:18:09+0200,4bddbab4-20af-41f1-90cc-d649ae7f214d,2026-06-16T05:00:00Z,2026-06-16T07:00:00+0200,139.7,EUR/MWh,BE,BE,imbalance_price,Short,2026-06-20T12:20:56Z
2026-06-20T12:18:09Z,2026-06-20T14:18:09+0200,4bddbab4-20af-41f1-90cc-d649ae7f214d,2026-06-16T05:15:00Z,2026-06-16T07:15:00+0200,140.29,EUR/MWh,BE,BE,imbalance_price,Long,2026-06-20T12:20:56Z
2026-06-20T12:18:09Z,2026-06-20T14:18:09+0200,4bddbab4-20af-41f1-90cc-d649ae7f214d,2026-06-16T05:15:00Z,2026-06-16T07:15:00+0200,140.29,EUR/MWh,BE,BE,imbalance_price,Short,2026-06-20T12:20:56Z
2026-06-20T12:18:09Z,2026-06-20T14:18:09+0200,4bddbab4-20af-41f1-90cc-d649ae7f214d,2026-06-16T05:30:00Z,2026-06-16T07:30:00+0200,142.23,EUR/MWh,BE,BE,imbalance_price,Long,2026-06-20T12:20:56Z
2026-06-20T12:18:09Z,2026-06-20T14:18:09+0200,4bddbab4-20af-41f1-90cc-d649ae7f214d,2026-06-16T05:30:00Z,2026-06-16T07:30:00+0200,142.23,EUR/MWh,BE,BE,imbalance_price,Short,2026-06-20T12:20:56Z
2026-06-20T12:18:09Z,2026-06-20T14:18:09+0200,4bddbab4-20af-41f1-90cc-d649ae7f214d,2026-06-16T05:45:00Z,2026-06-16T07:45:00+0200,151.88,EUR/MWh,BE,BE,imbalance_price,Long,2026-06-20T12:20:56Z
2026-06-20T12:18:09Z,2026-06-20T14:18:09+0200,4bddbab4-20af-41f1-90cc-d649ae7f214d,2026-06-16T05:45:00Z,2026-06-16T07:45:00+0200,151.88,EUR/MWh,BE,BE,imbalance_price,Short,2026-06-20T12:20:56Z
2026-06-20T12:18:09Z,2026-06-20T14:18:09+0200,4bddbab4-20af-41f1-90cc-d649ae7f214d,2026-06-16T06:00:00Z,2026-06-16T08:00:00+0200,224.07,EUR/MWh,BE,BE,imbalance_price,Long,2026-06-20T12:20:56Z
2026-06-20T12:18:09Z,2026-06-20T14:18:09+0200,4bddbab4-20af-41f1-90cc-d649ae7f214d,2026-06-16T06:00:00Z,2026-06-16T08:00:00+0200,224.07,EUR/MWh,BE,BE,imbalance_price,Short,2026-06-20T12:20:56Z
2026-06-20T12:18:09Z,2026-06-20T14:18:09+0200,4bddbab4-20af-41f1-90cc-d649ae7f214d,2026-06-16T06:15:00Z,2026-06-16T08:15:00+0200,394.0,EUR/MWh,BE,BE,imbalance_price,Long,2026-06-20T12:20:56Z
2026-06-20T12:18:09Z,2026-06-20T14:18:09+0200,4bddbab4-20af-41f1-90cc-d649ae7f214d,2026-06-16T06:15:00Z,2026-06-16T08:15:00+0200,394.0,EUR/MWh,BE,BE,imbalance_price,Short,2026-06-20T12:20:56Z
2026-06-20T12:18:09Z,2026-06-20T14:18:09+0200,4bddbab4-20af-41f1-90cc-d649ae7f214d,2026-06-16T06:30:00Z,2026-06-16T08:30:00+0200,113.51,EUR/MWh,BE,BE,imbalance_price,Long,2026-06-20T12:20:56Z
2026-06-20T12:18:09Z,2026-06-20T14:18:09+0200,4bddbab4-20af-41f1-90cc-d649ae7f214d,2026-06-16T06:30:00Z,2026-06-16T08:30:00+0200,113.51,EUR/MWh,BE,BE,imbalance_price,Short,2026-06-20T12:20:56Z
2026-06-20T12:18:09Z,2026-06-20T14:18:09+0200,4bddbab4-20af-41f1-90cc-d649ae7f214d,2026-06-16T06:45:00Z,2026-06-16T08:45:00+0200,124.19,EUR/MWh,BE,BE,imbalance_price,Long,2026-06-20T12:20:56Z
2026-06-20T12:18:09Z,2026-06-20T14:18:09+0200,4bddbab4-20af-41f1-90cc-d649ae7f214d,2026-06-16T06:45:00Z,2026-06-16T08:45:00+0200,124.19,EUR/MWh,BE,BE,imbalance_price,Short,2026-06-20T12:20:56Z
2026-06-20T12:18:09Z,2026-06-20T14:18:09+0200,4bddbab4-20af-41f1-90cc-d649ae7f214d,2026-06-16T07:00:00Z,2026-06-16T09:00:00+0200,75.56,EUR/MWh,BE,BE,imbalance_price,Long,2026-06-20T12:20:56Z
2026-06-20T12:18:09Z,2026-06-20T14:18:09+0200,4bddbab4-20af-41f1-90cc-d649ae7f214d,2026-06-16T07:00:00Z,2026-06-16T09:00:00+0200,75.56,EUR/MWh,BE,BE,imbalance_price,Short,2026-06-20T12:20:56Z
2026-06-20T12:18:09Z,2026-06-20T14:18:09+0200,4bddbab4-20af-41f1-90cc-d649ae7f214d,2026-06-16T07:15:00Z,2026-06-16T09:15:00+0200,69.44,EUR/MWh,BE,BE,imbalance_price,Long,2026-06-20T12:20:56Z
2026-06-20T12:18:09Z,2026-06-20T14:18:09+0200,4bddbab4-20af-41f1-90cc-d649ae7f214d,2026-06-16T07:15:00Z,2026-06-16T09:15:00+0200,69.44,EUR/MWh,BE,BE,imbalance_price,Short,2026-06-20T12:20:56Z
2026-06-20T12:18:09Z,2026-06-20T14:18:09+0200,4bddbab4-20af-41f1-90cc-d649ae7f214d,2026-06-16T07:30:00Z,2026-06-16T09:30:00+0200,86.05,EUR/MWh,BE,BE,imbalance_price,Long,2026-06-20T12:20:56Z
2026-06-20T12:18:09Z,2026-06-20T14:18:09+0200,4bddbab4-20af-41f1-90cc-d649ae7f214d,2026-06-16T07:30:00Z,2026-06-16T09:30:00+0200,86.05,EUR/MWh,BE,BE,imbalance_price,Short,2026-06-20T12:20:56Z
2026-06-20T12:18:09Z,2026-06-20T14:18:09+0200,4bddbab4-20af-41f1-90cc-d649ae7f214d,2026-06-16T07:45:00Z,2026-06-16T09:45:00+0200,84.47,EUR/MWh,BE,BE,imbalance_price,Long,2026-06-20T12:20:56Z
2026-06-20T12:18:09Z,2026-06-20T14:18:09+0200,4bddbab4-20af-41f1-90cc-d649ae7f214d,2026-06-16T07:45:00Z,2026-06-16T09:45:00+0200,84.47,EUR/MWh,BE,BE,imbalance_price,Short,2026-06-20T12:20:56Z
2026-06-20T12:18:09Z,2026-06-20T14:18:09+0200,4bddbab4-20af-41f1-90cc-d649ae7f214d,2026-06-16T08:00:00Z,2026-06-16T10:00:00+0200,105.56,EUR/MWh,BE,BE,imbalance_price,Long,2026-06-20T12:20:56Z
2026-06-20T12:18:09Z,2026-06-20T14:18:09+0200,4bddbab4-20af-41f1-90cc-d649ae7f214d,2026-06-16T08:00:00Z,2026-06-16T10:00:00+0200,105.56,EUR/MWh,BE,BE,imbalance_price,Short,2026-06-20T12:20:56Z
2026-06-20T12:18:09Z,2026-06-20T14:18:09+0200,4bddbab4-20af-41f1-90cc-d649ae7f214d,2026-06-16T08:15:00Z,2026-06-16T10:15:00+0200,180.68,EUR/MWh,BE,BE,imbalance_price,Long,2026-06-20T12:20:56Z
2026-06-20T12:18:09Z,2026-06-20T14:18:09+0200,4bddbab4-20af-41f1-90cc-d649ae7f214d,2026-06-16T08:15:00Z,2026-06-16T10:15:00+0200,180.68,EUR/MWh,BE,BE,imbalance_price,Short,2026-06-20T12:20:56Z
2026-06-20T12:18:09Z,2026-06-20T14:18:09+0200,4bddbab4-20af-41f1-90cc-d649ae7f214d,2026-06-16T08:30:00Z,2026-06-16T10:30:00+0200,110.83,EUR/MWh,BE,BE,imbalance_price,Long,2026-06-20T12:20:56Z
2026-06-20T12:18:09Z,2026-06-20T14:18:09+0200,4bddbab4-20af-41f1-90cc-d649ae7f214d,2026-06-16T08:30:00Z,2026-06-16T10:30:00+0200,110.83,EUR/MWh,BE,BE,imbalance_price,Short,2026-06-20T12:20:56Z
2026-06-20T12:18:09Z,2026-06-20T14:18:09+0200,4bddbab4-20af-41f1-90cc-d649ae7f214d,2026-06-16T08:45:00Z,2026-06-16T10:45:00+0200,76.9,EUR/MWh,BE,BE,imbalance_price,Long,2026-06-20T12:20:56Z
2026-06-20T12:18:09Z,2026-06-20T14:18:09+0200,4bddbab4-20af-41f1-90cc-d649ae7f214d,2026-06-16T08:45:00Z,2026-06-16T10:45:00+0200,76.9,EUR/MWh,BE,BE,imbalance_price,Short,2026-06-20T12:20:56Z
2026-06-20T12:18:09Z,2026-06-20T14:18:09+0200,4bddbab4-20af-41f1-90cc-d649ae7f214d,2026-06-16T09:00:00Z,2026-06-16T11:00:00+0200,99.79,EUR/MWh,BE,BE,imbalance_price,Long,2026-06-20T12:20:56Z
2026-06-20T12:18:09Z,2026-06-20T14:18:09+0200,4bddbab4-20af-41f1-90cc-d649ae7f214d,2026-06-16T09:00:00Z,2026-06-16T11:00:00+0200,99.79,EUR/MWh,BE,BE,imbalance_price,Short,2026-06-20T12:20:56Z
2026-06-20T12:18:09Z,2026-06-20T14:18:09+0200,4bddbab4-20af-41f1-90cc-d649ae7f214d,2026-06-16T09:15:00Z,2026-06-16T11:15:00+0200,71.72,EUR/MWh,BE,BE,imbalance_price,Long,2026-06-20T12:20:56Z
2026-06-20T12:18:09Z,2026-06-20T14:18:09+0200,4bddbab4-20af-41f1-90cc-d649ae7f214d,2026-06-16T09:15:00Z,2026-06-16T11:15:00+0200,71.72,EUR/MWh,BE,BE,imbalance_price,Short,2026-06-20T12:20:56Z
2026-06-20T12:18:09Z,2026-06-20T14:18:09+0200,4bddbab4-20af-41f1-90cc-d649ae7f214d,2026-06-16T09:30:00Z,2026-06-16T11:30:00+0200,70.1,EUR/MWh,BE,BE,imbalance_price,Long,2026-06-20T12:20:56Z
2026-06-20T12:18:09Z,2026-06-20T14:18:09+0200,4bddbab4-20af-41f1-90cc-d649ae7f214d,2026-06-16T09:30:00Z,2026-06-16T11:30:00+0200,70.1,EUR/MWh,BE,BE,imbalance_price,Short,2026-06-20T12:20:56Z
2026-06-20T12:18:09Z,2026-06-20T14:18:09+0200,4bddbab4-20af-41f1-90cc-d649ae7f214d,2026-06-16T09:45:00Z,2026-06-16T11:45:00+0200,-14.8,EUR/MWh,BE,BE,imbalance_price,Long,2026-06-20T12:20:56Z
2026-06-20T12:18:09Z,2026-06-20T14:18:09+0200,4bddbab4-20af-41f1-90cc-d649ae7f214d,2026-06-16T09:45:00Z,2026-06-16T11:45:00+0200,-14.8,EUR/MWh,BE,BE,imbalance_price,Short,2026-06-20T12:20:56Z
2026-06-20T12:18:09Z,2026-06-20T14:18:09+0200,4bddbab4-20af-41f1-90cc-d649ae7f214d,2026-06-16T10:00:00Z,2026-06-16T12:00:00+0200,-30.48,EUR/MWh,BE,BE,imbalance_price,Long,2026-06-20T12:20:56Z
2026-06-20T12:18:09Z,2026-06-20T14:18:09+0200,4bddbab4-20af-41f1-90cc-d649ae7f214d,2026-06-16T10:00:00Z,2026-06-16T12:00:00+0200,-30.48,EUR/MWh,BE,BE,imbalance_price,Short,2026-06-20T12:20:56Z
2026-06-20T12:18:09Z,2026-06-20T14:18:09+0200,4bddbab4-20af-41f1-90cc-d649ae7f214d,2026-06-16T10:15:00Z,2026-06-16T12:15:00+0200,-30.57,EUR/MWh,BE,BE,imbalance_price,Long,2026-06-20T12:20:56Z
2026-06-20T12:18:09Z,2026-06-20T14:18:09+0200,4bddbab4-20af-41f1-90cc-d649ae7f214d,2026-06-16T10:15:00Z,2026-06-16T12:15:00+0200,-30.57,EUR/MWh,BE,BE,imbalance_price,Short,2026-06-20T12:20:56Z
2026-06-20T12:18:09Z,2026-06-20T14:18:09+0200,4bddbab4-20af-41f1-90cc-d649ae7f214d,2026-06-16T10:30:00Z,2026-06-16T12:30:00+0200,-12.24,EUR/MWh,BE,BE,imbalance_price,Long,2026-06-20T12:20:56Z
2026-06-20T12:18:09Z,2026-06-20T14:18:09+0200,4bddbab4-20af-41f1-90cc-d649ae7f214d,2026-06-16T10:30:00Z,2026-06-16T12:30:00+0200,-12.24,EUR/MWh,BE,BE,imbalance_price,Short,2026-06-20T12:20:56Z
2026-06-20T12:18:09Z,2026-06-20T14:18:09+0200,4bddbab4-20af-41f1-90cc-d649ae7f214d,2026-06-16T10:45:00Z,2026-06-16T12:45:00+0200,-0.94,EUR/MWh,BE,BE,imbalance_price,Long,2026-06-20T12:20:56Z
2026-06-20T12:18:09Z,2026-06-20T14:18:09+0200,4bddbab4-20af-41f1-90cc-d649ae7f214d,2026-06-16T10:45:00Z,2026-06-16T12:45:00+0200,-0.94,EUR/MWh,BE,BE,imbalance_price,Short,2026-06-20T12:20:56Z
2026-06-20T12:18:09Z,2026-06-20T14:18:09+0200,4bddbab4-20af-41f1-90cc-d649ae7f214d,2026-06-16T11:00:00Z,2026-06-16T13:00:00+0200,-3.07,EUR/MWh,BE,BE,imbalance_price,Long,2026-06-20T12:20:56Z
2026-06-20T12:18:09Z,2026-06-20T14:18:09+0200,4bddbab4-20af-41f1-90cc-d649ae7f214d,2026-06-16T11:00:00Z,2026-06-16T13:00:00+0200,-3.07,EUR/MWh,BE,BE,imbalance_price,Short,2026-06-20T12:20:56Z
2026-06-20T12:18:09Z,2026-06-20T14:18:09+0200,4bddbab4-20af-41f1-90cc-d649ae7f214d,2026-06-16T11:15:00Z,2026-06-16T13:15:00+0200,-7.64,EUR/MWh,BE,BE,imbalance_price,Long,2026-06-20T12:20:56Z
2026-06-20T12:18:09Z,2026-06-20T14:18:09+0200,4bddbab4-20af-41f1-90cc-d649ae7f214d,2026-06-16T11:15:00Z,2026-06-16T13:15:00+0200,-7.64,EUR/MWh,BE,BE,imbalance_price,Short,2026-06-20T12:20:56Z
2026-06-20T12:18:09Z,2026-06-20T14:18:09+0200,4bddbab4-20af-41f1-90cc-d649ae7f214d,2026-06-16T11:30:00Z,2026-06-16T13:30:00+0200,21.52,EUR/MWh,BE,BE,imbalance_price,Long,2026-06-20T12:20:56Z
2026-06-20T12:18:09Z,2026-06-20T14:18:09+0200,4bddbab4-20af-41f1-90cc-d649ae7f214d,2026-06-16T11:30:00Z,2026-06-16T13:30:00+0200,21.52,EUR/MWh,BE,BE,imbalance_price,Short,2026-06-20T12:20:56Z
2026-06-20T12:18:09Z,2026-06-20T14:18:09+0200,4bddbab4-20af-41f1-90cc-d649ae7f214d,2026-06-16T11:45:00Z,2026-06-16T13:45:00+0200,-2.31,EUR/MWh,BE,BE,imbalance_price,Long,2026-06-20T12:20:56Z
2026-06-20T12:18:09Z,2026-06-20T14:18:09+0200,4bddbab4-20af-41f1-90cc-d649ae7f214d,2026-06-16T11:45:00Z,2026-06-16T13:45:00+0200,-2.31,EUR/MWh,BE,BE,imbalance_price,Short,2026-06-20T12:20:56Z
2026-06-20T12:18:09Z,2026-06-20T14:18:09+0200,4bddbab4-20af-41f1-90cc-d649ae7f214d,2026-06-16T12:00:00Z,2026-06-16T14:00:00+0200,3.15,EUR/MWh,BE,BE,imbalance_price,Long,2026-06-20T12:20:56Z
2026-06-20T12:18:09Z,2026-06-20T14:18:09+0200,4bddbab4-20af-41f1-90cc-d649ae7f214d,2026-06-16T12:00:00Z,2026-06-16T14:00:00+0200,3.15,EUR/MWh,BE,BE,imbalance_price,Short,2026-06-20T12:20:56Z
2026-06-20T12:18:09Z,2026-06-20T14:18:09+0200,4bddbab4-20af-41f1-90cc-d649ae7f214d,2026-06-16T12:15:00Z,2026-06-16T14:15:00+0200,-9.89,EUR/MWh,BE,BE,imbalance_price,Long,2026-06-20T12:20:56Z
2026-06-20T12:18:09Z,2026-06-20T14:18:09+0200,4bddbab4-20af-41f1-90cc-d649ae7f214d,2026-06-16T12:15:00Z,2026-06-16T14:15:00+0200,-9.89,EUR/MWh,BE,BE,imbalance_price,Short,2026-06-20T12:20:56Z
2026-06-20T12:18:09Z,2026-06-20T14:18:09+0200,4bddbab4-20af-41f1-90cc-d649ae7f214d,2026-06-16T12:30:00Z,2026-06-16T14:30:00+0200,-6.77,EUR/MWh,BE,BE,imbalance_price,Long,2026-06-20T12:20:56Z
2026-06-20T12:18:09Z,2026-06-20T14:18:09+0200,4bddbab4-20af-41f1-90cc-d649ae7f214d,2026-06-16T12:30:00Z,2026-06-16T14:30:00+0200,-6.77,EUR/MWh,BE,BE,imbalance_price,Short,2026-06-20T12:20:56Z
2026-06-20T12:18:09Z,2026-06-20T14:18:09+0200,4bddbab4-20af-41f1-90cc-d649ae7f214d,2026-06-16T12:45:00Z,2026-06-16T14:45:00+0200,32.37,EUR/MWh,BE,BE,imbalance_price,Long,2026-06-20T12:20:56Z
2026-06-20T12:18:09Z,2026-06-20T14:18:09+0200,4bddbab4-20af-41f1-90cc-d649ae7f214d,2026-06-16T12:45:00Z,2026-06-16T14:45:00+0200,32.37,EUR/MWh,BE,BE,imbalance_price,Short,2026-06-20T12:20:56Z
2026-06-20T12:18:09Z,2026-06-20T14:18:09+0200,4bddbab4-20af-41f1-90cc-d649ae7f214d,2026-06-16T13:00:00Z,2026-06-16T15:00:00+0200,34.18,EUR/MWh,BE,BE,imbalance_price,Long,2026-06-20T12:20:56Z
2026-06-20T12:18:09Z,2026-06-20T14:18:09+0200,4bddbab4-20af-41f1-90cc-d649ae7f214d,2026-06-16T13:00:00Z,2026-06-16T15:00:00+0200,34.18,EUR/MWh,BE,BE,imbalance_price,Short,2026-06-20T12:20:56Z
2026-06-20T12:18:09Z,2026-06-20T14:18:09+0200,4bddbab4-20af-41f1-90cc-d649ae7f214d,2026-06-16T13:15:00Z,2026-06-16T15:15:00+0200,38.33,EUR/MWh,BE,BE,imbalance_price,Long,2026-06-20T12:20:56Z
2026-06-20T12:18:09Z,2026-06-20T14:18:09+0200,4bddbab4-20af-41f1-90cc-d649ae7f214d,2026-06-16T13:15:00Z,2026-06-16T15:15:00+0200,38.33,EUR/MWh,BE,BE,imbalance_price,Short,2026-06-20T12:20:56Z
2026-06-20T12:18:09Z,2026-06-20T14:18:09+0200,4bddbab4-20af-41f1-90cc-d649ae7f214d,2026-06-16T13:30:00Z,2026-06-16T15:30:00+0200,40.21,EUR/MWh,BE,BE,imbalance_price,Long,2026-06-20T12:20:56Z
2026-06-20T12:18:09Z,2026-06-20T14:18:09+0200,4bddbab4-20af-41f1-90cc-d649ae7f214d,2026-06-16T13:30:00Z,2026-06-16T15:30:00+0200,40.21,EUR/MWh,BE,BE,imbalance_price,Short,2026-06-20T12:20:56Z
2026-06-20T12:18:09Z,2026-06-20T14:18:09+0200,4bddbab4-20af-41f1-90cc-d649ae7f214d,2026-06-16T13:45:00Z,2026-06-16T15:45:00+0200,54.14,EUR/MWh,BE,BE,imbalance_price,Long,2026-06-20T12:20:56Z
2026-06-20T12:18:09Z,2026-06-20T14:18:09+0200,4bddbab4-20af-41f1-90cc-d649ae7f214d,2026-06-16T13:45:00Z,2026-06-16T15:45:00+0200,54.14,EUR/MWh,BE,BE,imbalance_price,Short,2026-06-20T12:20:56Z
2026-06-20T12:18:09Z,2026-06-20T14:18:09+0200,4bddbab4-20af-41f1-90cc-d649ae7f214d,2026-06-16T14:00:00Z,2026-06-16T16:00:00+0200,86.5,EUR/MWh,BE,BE,imbalance_price,Long,2026-06-20T12:20:56Z
2026-06-20T12:18:09Z,2026-06-20T14:18:09+0200,4bddbab4-20af-41f1-90cc-d649ae7f214d,2026-06-16T14:00:00Z,2026-06-16T16:00:00+0200,86.5,EUR/MWh,BE,BE,imbalance_price,Short,2026-06-20T12:20:56Z
2026-06-20T12:18:09Z,2026-06-20T14:18:09+0200,4bddbab4-20af-41f1-90cc-d649ae7f214d,2026-06-16T14:15:00Z,2026-06-16T16:15:00+0200,84.8,EUR/MWh,BE,BE,imbalance_price,Long,2026-06-20T12:20:56Z
2026-06-20T12:18:09Z,2026-06-20T14:18:09+0200,4bddbab4-20af-41f1-90cc-d649ae7f214d,2026-06-16T14:15:00Z,2026-06-16T16:15:00+0200,84.8,EUR/MWh,BE,BE,imbalance_price,Short,2026-06-20T12:20:56Z
2026-06-20T12:18:09Z,2026-06-20T14:18:09+0200,4bddbab4-20af-41f1-90cc-d649ae7f214d,2026-06-16T14:30:00Z,2026-06-16T16:30:00+0200,105.21,EUR/MWh,BE,BE,imbalance_price,Long,2026-06-20T12:20:56Z
2026-06-20T12:18:09Z,2026-06-20T14:18:09+0200,4bddbab4-20af-41f1-90cc-d649ae7f214d,2026-06-16T14:30:00Z,2026-06-16T16:30:00+0200,105.21,EUR/MWh,BE,BE,imbalance_price,Short,2026-06-20T12:20:56Z
2026-06-20T12:18:09Z,2026-06-20T14:18:09+0200,4bddbab4-20af-41f1-90cc-d649ae7f214d,2026-06-16T14:45:00Z,2026-06-16T16:45:00+0200,113.11,EUR/MWh,BE,BE,imbalance_price,Long,2026-06-20T12:20:56Z
2026-06-20T12:18:09Z,2026-06-20T14:18:09+0200,4bddbab4-20af-41f1-90cc-d649ae7f214d,2026-06-16T14:45:00Z,2026-06-16T16:45:00+0200,113.11,EUR/MWh,BE,BE,imbalance_price,Short,2026-06-20T12:20:56Z
2026-06-20T12:18:09Z,2026-06-20T14:18:09+0200,4bddbab4-20af-41f1-90cc-d649ae7f214d,2026-06-16T15:00:00Z,2026-06-16T17:00:00+0200,90.0,EUR/MWh,BE,BE,imbalance_price,Long,2026-06-20T12:20:56Z
2026-06-20T12:18:09Z,2026-06-20T14:18:09+0200,4bddbab4-20af-41f1-90cc-d649ae7f214d,2026-06-16T15:00:00Z,2026-06-16T17:00:00+0200,90.0,EUR/MWh,BE,BE,imbalance_price,Short,2026-06-20T12:20:56Z
2026-06-20T12:18:09Z,2026-06-20T14:18:09+0200,4bddbab4-20af-41f1-90cc-d649ae7f214d,2026-06-16T15:15:00Z,2026-06-16T17:15:00+0200,90.0,EUR/MWh,BE,BE,imbalance_price,Long,2026-06-20T12:20:56Z
2026-06-20T12:18:09Z,2026-06-20T14:18:09+0200,4bddbab4-20af-41f1-90cc-d649ae7f214d,2026-06-16T15:15:00Z,2026-06-16T17:15:00+0200,90.0,EUR/MWh,BE,BE,imbalance_price,Short,2026-06-20T12:20:56Z
2026-06-20T12:18:09Z,2026-06-20T14:18:09+0200,4bddbab4-20af-41f1-90cc-d649ae7f214d,2026-06-16T15:30:00Z,2026-06-16T17:30:00+0200,90.0,EUR/MWh,BE,BE,imbalance_price,Long,2026-06-20T12:20:56Z
2026-06-20T12:18:09Z,2026-06-20T14:18:09+0200,4bddbab4-20af-41f1-90cc-d649ae7f214d,2026-06-16T15:30:00Z,2026-06-16T17:30:00+0200,90.0,EUR/MWh,BE,BE,imbalance_price,Short,2026-06-20T12:20:56Z
2026-06-20T12:18:09Z,2026-06-20T14:18:09+0200,4bddbab4-20af-41f1-90cc-d649ae7f214d,2026-06-16T15:45:00Z,2026-06-16T17:45:00+0200,78.56,EUR/MWh,BE,BE,imbalance_price,Long,2026-06-20T12:20:56Z
2026-06-20T12:18:09Z,2026-06-20T14:18:09+0200,4bddbab4-20af-41f1-90cc-d649ae7f214d,2026-06-16T15:45:00Z,2026-06-16T17:45:00+0200,78.56,EUR/MWh,BE,BE,imbalance_price,Short,2026-06-20T12:20:56Z
2026-06-20T12:18:09Z,2026-06-20T14:18:09+0200,4bddbab4-20af-41f1-90cc-d649ae7f214d,2026-06-16T16:00:00Z,2026-06-16T18:00:00+0200,52.57,EUR/MWh,BE,BE,imbalance_price,Long,2026-06-20T12:20:56Z
2026-06-20T12:18:09Z,2026-06-20T14:18:09+0200,4bddbab4-20af-41f1-90cc-d649ae7f214d,2026-06-16T16:00:00Z,2026-06-16T18:00:00+0200,52.57,EUR/MWh,BE,BE,imbalance_price,Short,2026-06-20T12:20:56Z
2026-06-20T12:18:09Z,2026-06-20T14:18:09+0200,4bddbab4-20af-41f1-90cc-d649ae7f214d,2026-06-16T16:15:00Z,2026-06-16T18:15:00+0200,140.14,EUR/MWh,BE,BE,imbalance_price,Long,2026-06-20T12:20:56Z
2026-06-20T12:18:09Z,2026-06-20T14:18:09+0200,4bddbab4-20af-41f1-90cc-d649ae7f214d,2026-06-16T16:15:00Z,2026-06-16T18:15:00+0200,140.14,EUR/MWh,BE,BE,imbalance_price,Short,2026-06-20T12:20:56Z
2026-06-20T12:18:09Z,2026-06-20T14:18:09+0200,4bddbab4-20af-41f1-90cc-d649ae7f214d,2026-06-16T16:30:00Z,2026-06-16T18:30:00+0200,109.9,EUR/MWh,BE,BE,imbalance_price,Long,2026-06-20T12:20:56Z
2026-06-20T12:18:09Z,2026-06-20T14:18:09+0200,4bddbab4-20af-41f1-90cc-d649ae7f214d,2026-06-16T16:30:00Z,2026-06-16T18:30:00+0200,109.9,EUR/MWh,BE,BE,imbalance_price,Short,2026-06-20T12:20:56Z
2026-06-20T12:18:09Z,2026-06-20T14:18:09+0200,4bddbab4-20af-41f1-90cc-d649ae7f214d,2026-06-16T16:45:00Z,2026-06-16T18:45:00+0200,164.77,EUR/MWh,BE,BE,imbalance_price,Long,2026-06-20T12:20:56Z
2026-06-20T12:18:09Z,2026-06-20T14:18:09+0200,4bddbab4-20af-41f1-90cc-d649ae7f214d,2026-06-16T16:45:00Z,2026-06-16T18:45:00+0200,164.77,EUR/MWh,BE,BE,imbalance_price,Short,2026-06-20T12:20:56Z
2026-06-20T12:18:09Z,2026-06-20T14:18:09+0200,4bddbab4-20af-41f1-90cc-d649ae7f214d,2026-06-16T17:00:00Z,2026-06-16T19:00:00+0200,143.83,EUR/MWh,BE,BE,imbalance_price,Long,2026-06-20T12:20:56Z
2026-06-20T12:18:09Z,2026-06-20T14:18:09+0200,4bddbab4-20af-41f1-90cc-d649ae7f214d,2026-06-16T17:00:00Z,2026-06-16T19:00:00+0200,143.83,EUR/MWh,BE,BE,imbalance_price,Short,2026-06-20T12:20:56Z
2026-06-20T12:18:09Z,2026-06-20T14:18:09+0200,4bddbab4-20af-41f1-90cc-d649ae7f214d,2026-06-16T17:15:00Z,2026-06-16T19:15:00+0200,154.73,EUR/MWh,BE,BE,imbalance_price,Long,2026-06-20T12:20:56Z
2026-06-20T12:18:09Z,2026-06-20T14:18:09+0200,4bddbab4-20af-41f1-90cc-d649ae7f214d,2026-06-16T17:15:00Z,2026-06-16T19:15:00+0200,154.73,EUR/MWh,BE,BE,imbalance_price,Short,2026-06-20T12:20:56Z
2026-06-20T12:18:09Z,2026-06-20T14:18:09+0200,4bddbab4-20af-41f1-90cc-d649ae7f214d,2026-06-16T17:30:00Z,2026-06-16T19:30:00+0200,167.33,EUR/MWh,BE,BE,imbalance_price,Long,2026-06-20T12:20:56Z
2026-06-20T12:18:09Z,2026-06-20T14:18:09+0200,4bddbab4-20af-41f1-90cc-d649ae7f214d,2026-06-16T17:30:00Z,2026-06-16T19:30:00+0200,167.33,EUR/MWh,BE,BE,imbalance_price,Short,2026-06-20T12:20:56Z
2026-06-20T12:18:09Z,2026-06-20T14:18:09+0200,4bddbab4-20af-41f1-90cc-d649ae7f214d,2026-06-16T17:45:00Z,2026-06-16T19:45:00+0200,187.0,EUR/MWh,BE,BE,imbalance_price,Long,2026-06-20T12:20:56Z
2026-06-20T12:18:09Z,2026-06-20T14:18:09+0200,4bddbab4-20af-41f1-90cc-d649ae7f214d,2026-06-16T17:45:00Z,2026-06-16T19:45:00+0200,187.0,EUR/MWh,BE,BE,imbalance_price,Short,2026-06-20T12:20:56Z
2026-06-20T12:18:09Z,2026-06-20T14:18:09+0200,4bddbab4-20af-41f1-90cc-d649ae7f214d,2026-06-16T18:00:00Z,2026-06-16T20:00:00+0200,133.35,EUR/MWh,BE,BE,imbalance_price,Long,2026-06-20T12:20:56Z
2026-06-20T12:18:09Z,2026-06-20T14:18:09+0200,4bddbab4-20af-41f1-90cc-d649ae7f214d,2026-06-16T18:00:00Z,2026-06-16T20:00:00+0200,133.35,EUR/MWh,BE,BE,imbalance_price,Short,2026-06-20T12:20:56Z
2026-06-20T12:18:09Z,2026-06-20T14:18:09+0200,4bddbab4-20af-41f1-90cc-d649ae7f214d,2026-06-16T18:15:00Z,2026-06-16T20:15:00+0200,178.42,EUR/MWh,BE,BE,imbalance_price,Long,2026-06-20T12:20:56Z
2026-06-20T12:18:09Z,2026-06-20T14:18:09+0200,4bddbab4-20af-41f1-90cc-d649ae7f214d,2026-06-16T18:15:00Z,2026-06-16T20:15:00+0200,178.42,EUR/MWh,BE,BE,imbalance_price,Short,2026-06-20T12:20:56Z
2026-06-20T12:18:09Z,2026-06-20T14:18:09+0200,4bddbab4-20af-41f1-90cc-d649ae7f214d,2026-06-16T18:30:00Z,2026-06-16T20:30:00+0200,179.3,EUR/MWh,BE,BE,imbalance_price,Long,2026-06-20T12:20:56Z
2026-06-20T12:18:09Z,2026-06-20T14:18:09+0200,4bddbab4-20af-41f1-90cc-d649ae7f214d,2026-06-16T18:30:00Z,2026-06-16T20:30:00+0200,179.3,EUR/MWh,BE,BE,imbalance_price,Short,2026-06-20T12:20:56Z
2026-06-20T12:18:09Z,2026-06-20T14:18:09+0200,4bddbab4-20af-41f1-90cc-d649ae7f214d,2026-06-16T18:45:00Z,2026-06-16T20:45:00+0200,323.89,EUR/MWh,BE,BE,imbalance_price,Long,2026-06-20T12:20:56Z
2026-06-20T12:18:09Z,2026-06-20T14:18:09+0200,4bddbab4-20af-41f1-90cc-d649ae7f214d,2026-06-16T18:45:00Z,2026-06-16T20:45:00+0200,323.89,EUR/MWh,BE,BE,imbalance_price,Short,2026-06-20T12:20:56Z
2026-06-20T12:18:09Z,2026-06-20T14:18:09+0200,4bddbab4-20af-41f1-90cc-d649ae7f214d,2026-06-16T19:00:00Z,2026-06-16T21:00:00+0200,190.46,EUR/MWh,BE,BE,imbalance_price,Long,2026-06-20T12:20:56Z
2026-06-20T12:18:09Z,2026-06-20T14:18:09+0200,4bddbab4-20af-41f1-90cc-d649ae7f214d,2026-06-16T19:00:00Z,2026-06-16T21:00:00+0200,190.46,EUR/MWh,BE,BE,imbalance_price,Short,2026-06-20T12:20:56Z
2026-06-20T12:18:09Z,2026-06-20T14:18:09+0200,4bddbab4-20af-41f1-90cc-d649ae7f214d,2026-06-16T19:15:00Z,2026-06-16T21:15:00+0200,199.45,EUR/MWh,BE,BE,imbalance_price,Long,2026-06-20T12:20:56Z
2026-06-20T12:18:09Z,2026-06-20T14:18:09+0200,4bddbab4-20af-41f1-90cc-d649ae7f214d,2026-06-16T19:15:00Z,2026-06-16T21:15:00+0200,199.45,EUR/MWh,BE,BE,imbalance_price,Short,2026-06-20T12:20:56Z
2026-06-20T12:18:09Z,2026-06-20T14:18:09+0200,4bddbab4-20af-41f1-90cc-d649ae7f214d,2026-06-16T19:30:00Z,2026-06-16T21:30:00+0200,203.45,EUR/MWh,BE,BE,imbalance_price,Long,2026-06-20T12:20:56Z
2026-06-20T12:18:09Z,2026-06-20T14:18:09+0200,4bddbab4-20af-41f1-90cc-d649ae7f214d,2026-06-16T19:30:00Z,2026-06-16T21:30:00+0200,203.45,EUR/MWh,BE,BE,imbalance_price,Short,2026-06-20T12:20:56Z
2026-06-20T12:18:09Z,2026-06-20T14:18:09+0200,4bddbab4-20af-41f1-90cc-d649ae7f214d,2026-06-16T19:45:00Z,2026-06-16T21:45:00+0200,175.04,EUR/MWh,BE,BE,imbalance_price,Long,2026-06-20T12:20:56Z
2026-06-20T12:18:09Z,2026-06-20T14:18:09+0200,4bddbab4-20af-41f1-90cc-d649ae7f214d,2026-06-16T19:45:00Z,2026-06-16T21:45:00+0200,175.04,EUR/MWh,BE,BE,imbalance_price,Short,2026-06-20T12:20:56Z
2026-06-20T12:18:09Z,2026-06-20T14:18:09+0200,4bddbab4-20af-41f1-90cc-d649ae7f214d,2026-06-16T20:00:00Z,2026-06-16T22:00:00+0200,191.03,EUR/MWh,BE,BE,imbalance_price,Long,2026-06-20T12:20:56Z
2026-06-20T12:18:09Z,2026-06-20T14:18:09+0200,4bddbab4-20af-41f1-90cc-d649ae7f214d,2026-06-16T20:00:00Z,2026-06-16T22:00:00+0200,191.03,EUR/MWh,BE,BE,imbalance_price,Short,2026-06-20T12:20:56Z
2026-06-20T12:18:09Z,2026-06-20T14:18:09+0200,4bddbab4-20af-41f1-90cc-d649ae7f214d,2026-06-16T20:15:00Z,2026-06-16T22:15:00+0200,256.28,EUR/MWh,BE,BE,imbalance_price,Long,2026-06-20T12:20:56Z
2026-06-20T12:18:09Z,2026-06-20T14:18:09+0200,4bddbab4-20af-41f1-90cc-d649ae7f214d,2026-06-16T20:15:00Z,2026-06-16T22:15:00+0200,256.28,EUR/MWh,BE,BE,imbalance_price,Short,2026-06-20T12:20:56Z
2026-06-20T12:18:09Z,2026-06-20T14:18:09+0200,4bddbab4-20af-41f1-90cc-d649ae7f214d,2026-06-16T20:30:00Z,2026-06-16T22:30:00+0200,210.8,EUR/MWh,BE,BE,imbalance_price,Long,2026-06-20T12:20:56Z
2026-06-20T12:18:09Z,2026-06-20T14:18:09+0200,4bddbab4-20af-41f1-90cc-d649ae7f214d,2026-06-16T20:30:00Z,2026-06-16T22:30:00+0200,210.8,EUR/MWh,BE,BE,imbalance_price,Short,2026-06-20T12:20:56Z
2026-06-20T12:18:09Z,2026-06-20T14:18:09+0200,4bddbab4-20af-41f1-90cc-d649ae7f214d,2026-06-16T20:45:00Z,2026-06-16T22:45:00+0200,168.54,EUR/MWh,BE,BE,imbalance_price,Long,2026-06-20T12:20:56Z
2026-06-20T12:18:09Z,2026-06-20T14:18:09+0200,4bddbab4-20af-41f1-90cc-d649ae7f214d,2026-06-16T20:45:00Z,2026-06-16T22:45:00+0200,168.54,EUR/MWh,BE,BE,imbalance_price,Short,2026-06-20T12:20:56Z
2026-06-20T12:18:09Z,2026-06-20T14:18:09+0200,4bddbab4-20af-41f1-90cc-d649ae7f214d,2026-06-16T21:00:00Z,2026-06-16T23:00:00+0200,159.01,EUR/MWh,BE,BE,imbalance_price,Long,2026-06-20T12:20:56Z
2026-06-20T12:18:09Z,2026-06-20T14:18:09+0200,4bddbab4-20af-41f1-90cc-d649ae7f214d,2026-06-16T21:00:00Z,2026-06-16T23:00:00+0200,159.01,EUR/MWh,BE,BE,imbalance_price,Short,2026-06-20T12:20:56Z
2026-06-20T12:18:09Z,2026-06-20T14:18:09+0200,4bddbab4-20af-41f1-90cc-d649ae7f214d,2026-06-16T21:15:00Z,2026-06-16T23:15:00+0200,154.69,EUR/MWh,BE,BE,imbalance_price,Long,2026-06-20T12:20:56Z
2026-06-20T12:18:09Z,2026-06-20T14:18:09+0200,4bddbab4-20af-41f1-90cc-d649ae7f214d,2026-06-16T21:15:00Z,2026-06-16T23:15:00+0200,154.69,EUR/MWh,BE,BE,imbalance_price,Short,2026-06-20T12:20:56Z
2026-06-20T12:18:09Z,2026-06-20T14:18:09+0200,4bddbab4-20af-41f1-90cc-d649ae7f214d,2026-06-16T21:30:00Z,2026-06-16T23:30:00+0200,154.46,EUR/MWh,BE,BE,imbalance_price,Long,2026-06-20T12:20:56Z
2026-06-20T12:18:09Z,2026-06-20T14:18:09+0200,4bddbab4-20af-41f1-90cc-d649ae7f214d,2026-06-16T21:30:00Z,2026-06-16T23:30:00+0200,154.46,EUR/MWh,BE,BE,imbalance_price,Short,2026-06-20T12:20:56Z
2026-06-20T12:18:09Z,2026-06-20T14:18:09+0200,4bddbab4-20af-41f1-90cc-d649ae7f214d,2026-06-16T21:45:00Z,2026-06-16T23:45:00+0200,144.37,EUR/MWh,BE,BE,imbalance_price,Long,2026-06-20T12:20:56Z
2026-06-20T12:18:09Z,2026-06-20T14:18:09+0200,4bddbab4-20af-41f1-90cc-d649ae7f214d,2026-06-16T21:45:00Z,2026-06-16T23:45:00+0200,144.37,EUR/MWh,BE,BE,imbalance_price,Short,2026-06-20T12:20:56Z
2026-06-20T12:18:09Z,2026-06-20T14:18:09+0200,4bddbab4-20af-41f1-90cc-d649ae7f214d,2026-06-16T22:00:00Z,2026-06-17T00:00:00+0200,136.46,EUR/MWh,BE,BE,imbalance_price,Long,2026-06-20T12:20:56Z
2026-06-20T12:18:09Z,2026-06-20T14:18:09+0200,4bddbab4-20af-41f1-90cc-d649ae7f214d,2026-06-16T22:00:00Z,2026-06-17T00:00:00+0200,136.46,EUR/MWh,BE,BE,imbalance_price,Short,2026-06-20T12:20:56Z
2026-06-20T12:18:09Z,2026-06-20T14:18:09+0200,4bddbab4-20af-41f1-90cc-d649ae7f214d,2026-06-16T22:15:00Z,2026-06-17T00:15:00+0200,141.97,EUR/MWh,BE,BE,imbalance_price,Long,2026-06-20T12:20:56Z
2026-06-20T12:18:09Z,2026-06-20T14:18:09+0200,4bddbab4-20af-41f1-90cc-d649ae7f214d,2026-06-16T22:15:00Z,2026-06-17T00:15:00+0200,141.97,EUR/MWh,BE,BE,imbalance_price,Short,2026-06-20T12:20:56Z
2026-06-20T12:18:09Z,2026-06-20T14:18:09+0200,4bddbab4-20af-41f1-90cc-d649ae7f214d,2026-06-16T22:30:00Z,2026-06-17T00:30:00+0200,143.11,EUR/MWh,BE,BE,imbalance_price,Long,2026-06-20T12:20:56Z
2026-06-20T12:18:09Z,2026-06-20T14:18:09+0200,4bddbab4-20af-41f1-90cc-d649ae7f214d,2026-06-16T22:30:00Z,2026-06-17T00:30:00+0200,143.11,EUR/MWh,BE,BE,imbalance_price,Short,2026-06-20T12:20:56Z
2026-06-20T12:18:09Z,2026-06-20T14:18:09+0200,4bddbab4-20af-41f1-90cc-d649ae7f214d,2026-06-16T22:45:00Z,2026-06-17T00:45:00+0200,134.22,EUR/MWh,BE,BE,imbalance_price,Long,2026-06-20T12:20:56Z
2026-06-20T12:18:09Z,2026-06-20T14:18:09+0200,4bddbab4-20af-41f1-90cc-d649ae7f214d,2026-06-16T22:45:00Z,2026-06-17T00:45:00+0200,134.22,EUR/MWh,BE,BE,imbalance_price,Short,2026-06-20T12:20:56Z
2026-06-20T12:18:09Z,2026-06-20T14:18:09+0200,4bddbab4-20af-41f1-90cc-d649ae7f214d,2026-06-16T23:00:00Z,2026-06-17T01:00:00+0200,157.21,EUR/MWh,BE,BE,imbalance_price,Long,2026-06-20T12:20:56Z
2026-06-20T12:18:09Z,2026-06-20T14:18:09+0200,4bddbab4-20af-41f1-90cc-d649ae7f214d,2026-06-16T23:00:00Z,2026-06-17T01:00:00+0200,157.21,EUR/MWh,BE,BE,imbalance_price,Short,2026-06-20T12:20:56Z
2026-06-20T12:18:09Z,2026-06-20T14:18:09+0200,4bddbab4-20af-41f1-90cc-d649ae7f214d,2026-06-16T23:15:00Z,2026-06-17T01:15:00+0200,171.38,EUR/MWh,BE,BE,imbalance_price,Long,2026-06-20T12:20:56Z
2026-06-20T12:18:09Z,2026-06-20T14:18:09+0200,4bddbab4-20af-41f1-90cc-d649ae7f214d,2026-06-16T23:15:00Z,2026-06-17T01:15:00+0200,171.38,EUR/MWh,BE,BE,imbalance_price,Short,2026-06-20T12:20:56Z
2026-06-20T12:18:09Z,2026-06-20T14:18:09+0200,4bddbab4-20af-41f1-90cc-d649ae7f214d,2026-06-16T23:30:00Z,2026-06-17T01:30:00+0200,162.74,EUR/MWh,BE,BE,imbalance_price,Long,2026-06-20T12:20:56Z
2026-06-20T12:18:09Z,2026-06-20T14:18:09+0200,4bddbab4-20af-41f1-90cc-d649ae7f214d,2026-06-16T23:30:00Z,2026-06-17T01:30:00+0200,162.74,EUR/MWh,BE,BE,imbalance_price,Short,2026-06-20T12:20:56Z
2026-06-20T12:18:09Z,2026-06-20T14:18:09+0200,4bddbab4-20af-41f1-90cc-d649ae7f214d,2026-06-16T23:45:00Z,2026-06-17T01:45:00+0200,160.88,EUR/MWh,BE,BE,imbalance_price,Long,2026-06-20T12:20:56Z
2026-06-20T12:18:09Z,2026-06-20T14:18:09+0200,4bddbab4-20af-41f1-90cc-d649ae7f214d,2026-06-16T23:45:00Z,2026-06-17T01:45:00+0200,160.88,EUR/MWh,BE,BE,imbalance_price,Short,2026-06-20T12:20:56Z
2026-06-20T12:18:09Z,2026-06-20T14:18:09+0200,4bddbab4-20af-41f1-90cc-d649ae7f214d,2026-06-17T00:00:00Z,2026-06-17T02:00:00+0200,193.85,EUR/MWh,BE,BE,imbalance_price,Long,2026-06-20T12:20:56Z
2026-06-20T12:18:09Z,2026-06-20T14:18:09+0200,4bddbab4-20af-41f1-90cc-d649ae7f214d,2026-06-17T00:00:00Z,2026-06-17T02:00:00+0200,193.85,EUR/MWh,BE,BE,imbalance_price,Short,2026-06-20T12:20:56Z
2026-06-20T12:18:09Z,2026-06-20T14:18:09+0200,4bddbab4-20af-41f1-90cc-d649ae7f214d,2026-06-17T00:15:00Z,2026-06-17T02:15:00+0200,206.45,EUR/MWh,BE,BE,imbalance_price,Long,2026-06-20T12:20:56Z
2026-06-20T12:18:09Z,2026-06-20T14:18:09+0200,4bddbab4-20af-41f1-90cc-d649ae7f214d,2026-06-17T00:15:00Z,2026-06-17T02:15:00+0200,206.45,EUR/MWh,BE,BE,imbalance_price,Short,2026-06-20T12:20:56Z
2026-06-20T12:18:09Z,2026-06-20T14:18:09+0200,4bddbab4-20af-41f1-90cc-d649ae7f214d,2026-06-17T00:30:00Z,2026-06-17T02:30:00+0200,161.32,EUR/MWh,BE,BE,imbalance_price,Long,2026-06-20T12:20:56Z
2026-06-20T12:18:09Z,2026-06-20T14:18:09+0200,4bddbab4-20af-41f1-90cc-d649ae7f214d,2026-06-17T00:30:00Z,2026-06-17T02:30:00+0200,161.32,EUR/MWh,BE,BE,imbalance_price,Short,2026-06-20T12:20:56Z
2026-06-20T12:18:09Z,2026-06-20T14:18:09+0200,4bddbab4-20af-41f1-90cc-d649ae7f214d,2026-06-17T00:45:00Z,2026-06-17T02:45:00+0200,135.23,EUR/MWh,BE,BE,imbalance_price,Long,2026-06-20T12:20:56Z
2026-06-20T12:18:09Z,2026-06-20T14:18:09+0200,4bddbab4-20af-41f1-90cc-d649ae7f214d,2026-06-17T00:45:00Z,2026-06-17T02:45:00+0200,135.23,EUR/MWh,BE,BE,imbalance_price,Short,2026-06-20T12:20:56Z
2026-06-20T12:18:09Z,2026-06-20T14:18:09+0200,4bddbab4-20af-41f1-90cc-d649ae7f214d,2026-06-17T01:00:00Z,2026-06-17T03:00:00+0200,145.26,EUR/MWh,BE,BE,imbalance_price,Long,2026-06-20T12:20:56Z
2026-06-20T12:18:09Z,2026-06-20T14:18:09+0200,4bddbab4-20af-41f1-90cc-d649ae7f214d,2026-06-17T01:00:00Z,2026-06-17T03:00:00+0200,145.26,EUR/MWh,BE,BE,imbalance_price,Short,2026-06-20T12:20:56Z
2026-06-20T12:18:09Z,2026-06-20T14:18:09+0200,4bddbab4-20af-41f1-90cc-d649ae7f214d,2026-06-17T01:15:00Z,2026-06-17T03:15:00+0200,145.64,EUR/MWh,BE,BE,imbalance_price,Long,2026-06-20T12:20:56Z
2026-06-20T12:18:09Z,2026-06-20T14:18:09+0200,4bddbab4-20af-41f1-90cc-d649ae7f214d,2026-06-17T01:15:00Z,2026-06-17T03:15:00+0200,145.64,EUR/MWh,BE,BE,imbalance_price,Short,2026-06-20T12:20:56Z
2026-06-20T12:18:09Z,2026-06-20T14:18:09+0200,4bddbab4-20af-41f1-90cc-d649ae7f214d,2026-06-17T01:30:00Z,2026-06-17T03:30:00+0200,147.73,EUR/MWh,BE,BE,imbalance_price,Long,2026-06-20T12:20:56Z
2026-06-20T12:18:09Z,2026-06-20T14:18:09+0200,4bddbab4-20af-41f1-90cc-d649ae7f214d,2026-06-17T01:30:00Z,2026-06-17T03:30:00+0200,147.73,EUR/MWh,BE,BE,imbalance_price,Short,2026-06-20T12:20:56Z
2026-06-20T12:18:09Z,2026-06-20T14:18:09+0200,4bddbab4-20af-41f1-90cc-d649ae7f214d,2026-06-17T01:45:00Z,2026-06-17T03:45:00+0200,161.41,EUR/MWh,BE,BE,imbalance_price,Long,2026-06-20T12:20:56Z
2026-06-20T12:18:09Z,2026-06-20T14:18:09+0200,4bddbab4-20af-41f1-90cc-d649ae7f214d,2026-06-17T01:45:00Z,2026-06-17T03:45:00+0200,161.41,EUR/MWh,BE,BE,imbalance_price,Short,2026-06-20T12:20:56Z
2026-06-20T12:18:09Z,2026-06-20T14:18:09+0200,4bddbab4-20af-41f1-90cc-d649ae7f214d,2026-06-17T02:00:00Z,2026-06-17T04:00:00+0200,162.26,EUR/MWh,BE,BE,imbalance_price,Long,2026-06-20T12:20:56Z
2026-06-20T12:18:09Z,2026-06-20T14:18:09+0200,4bddbab4-20af-41f1-90cc-d649ae7f214d,2026-06-17T02:00:00Z,2026-06-17T04:00:00+0200,162.26,EUR/MWh,BE,BE,imbalance_price,Short,2026-06-20T12:20:56Z
2026-06-20T12:18:09Z,2026-06-20T14:18:09+0200,4bddbab4-20af-41f1-90cc-d649ae7f214d,2026-06-17T02:15:00Z,2026-06-17T04:15:00+0200,143.65,EUR/MWh,BE,BE,imbalance_price,Long,2026-06-20T12:20:56Z
2026-06-20T12:18:09Z,2026-06-20T14:18:09+0200,4bddbab4-20af-41f1-90cc-d649ae7f214d,2026-06-17T02:15:00Z,2026-06-17T04:15:00+0200,143.65,EUR/MWh,BE,BE,imbalance_price,Short,2026-06-20T12:20:56Z
2026-06-20T12:18:09Z,2026-06-20T14:18:09+0200,4bddbab4-20af-41f1-90cc-d649ae7f214d,2026-06-17T02:30:00Z,2026-06-17T04:30:00+0200,109.13,EUR/MWh,BE,BE,imbalance_price,Long,2026-06-20T12:20:56Z
2026-06-20T12:18:09Z,2026-06-20T14:18:09+0200,4bddbab4-20af-41f1-90cc-d649ae7f214d,2026-06-17T02:30:00Z,2026-06-17T04:30:00+0200,109.13,EUR/MWh,BE,BE,imbalance_price,Short,2026-06-20T12:20:56Z
2026-06-20T12:18:09Z,2026-06-20T14:18:09+0200,4bddbab4-20af-41f1-90cc-d649ae7f214d,2026-06-17T02:45:00Z,2026-06-17T04:45:00+0200,115.33,EUR/MWh,BE,BE,imbalance_price,Long,2026-06-20T12:20:56Z
2026-06-20T12:18:09Z,2026-06-20T14:18:09+0200,4bddbab4-20af-41f1-90cc-d649ae7f214d,2026-06-17T02:45:00Z,2026-06-17T04:45:00+0200,115.33,EUR/MWh,BE,BE,imbalance_price,Short,2026-06-20T12:20:56Z
2026-06-20T12:18:09Z,2026-06-20T14:18:09+0200,4bddbab4-20af-41f1-90cc-d649ae7f214d,2026-06-17T03:00:00Z,2026-06-17T05:00:00+0200,116.17,EUR/MWh,BE,BE,imbalance_price,Long,2026-06-20T12:20:56Z
2026-06-20T12:18:09Z,2026-06-20T14:18:09+0200,4bddbab4-20af-41f1-90cc-d649ae7f214d,2026-06-17T03:00:00Z,2026-06-17T05:00:00+0200,116.17,EUR/MWh,BE,BE,imbalance_price,Short,2026-06-20T12:20:56Z
2026-06-20T12:18:09Z,2026-06-20T14:18:09+0200,4bddbab4-20af-41f1-90cc-d649ae7f214d,2026-06-17T03:15:00Z,2026-06-17T05:15:00+0200,101.35,EUR/MWh,BE,BE,imbalance_price,Long,2026-06-20T12:20:56Z
2026-06-20T12:18:09Z,2026-06-20T14:18:09+0200,4bddbab4-20af-41f1-90cc-d649ae7f214d,2026-06-17T03:15:00Z,2026-06-17T05:15:00+0200,101.35,EUR/MWh,BE,BE,imbalance_price,Short,2026-06-20T12:20:56Z
2026-06-20T12:18:09Z,2026-06-20T14:18:09+0200,4bddbab4-20af-41f1-90cc-d649ae7f214d,2026-06-17T03:30:00Z,2026-06-17T05:30:00+0200,109.11,EUR/MWh,BE,BE,imbalance_price,Long,2026-06-20T12:20:56Z
2026-06-20T12:18:09Z,2026-06-20T14:18:09+0200,4bddbab4-20af-41f1-90cc-d649ae7f214d,2026-06-17T03:30:00Z,2026-06-17T05:30:00+0200,109.11,EUR/MWh,BE,BE,imbalance_price,Short,2026-06-20T12:20:56Z
2026-06-20T12:18:09Z,2026-06-20T14:18:09+0200,4bddbab4-20af-41f1-90cc-d649ae7f214d,2026-06-17T03:45:00Z,2026-06-17T05:45:00+0200,120.0,EUR/MWh,BE,BE,imbalance_price,Long,2026-06-20T12:20:56Z
2026-06-20T12:18:09Z,2026-06-20T14:18:09+0200,4bddbab4-20af-41f1-90cc-d649ae7f214d,2026-06-17T03:45:00Z,2026-06-17T05:45:00+0200,120.0,EUR/MWh,BE,BE,imbalance_price,Short,2026-06-20T12:20:56Z
2026-06-20T12:18:09Z,2026-06-20T14:18:09+0200,4bddbab4-20af-41f1-90cc-d649ae7f214d,2026-06-17T04:00:00Z,2026-06-17T06:00:00+0200,169.19,EUR/MWh,BE,BE,imbalance_price,Long,2026-06-20T12:20:56Z
2026-06-20T12:18:09Z,2026-06-20T14:18:09+0200,4bddbab4-20af-41f1-90cc-d649ae7f214d,2026-06-17T04:00:00Z,2026-06-17T06:00:00+0200,169.19,EUR/MWh,BE,BE,imbalance_price,Short,2026-06-20T12:20:56Z
2026-06-20T12:18:09Z,2026-06-20T14:18:09+0200,4bddbab4-20af-41f1-90cc-d649ae7f214d,2026-06-17T04:15:00Z,2026-06-17T06:15:00+0200,172.53,EUR/MWh,BE,BE,imbalance_price,Long,2026-06-20T12:20:56Z
2026-06-20T12:18:09Z,2026-06-20T14:18:09+0200,4bddbab4-20af-41f1-90cc-d649ae7f214d,2026-06-17T04:15:00Z,2026-06-17T06:15:00+0200,172.53,EUR/MWh,BE,BE,imbalance_price,Short,2026-06-20T12:20:56Z
2026-06-20T12:18:09Z,2026-06-20T14:18:09+0200,4bddbab4-20af-41f1-90cc-d649ae7f214d,2026-06-17T04:30:00Z,2026-06-17T06:30:00+0200,265.89,EUR/MWh,BE,BE,imbalance_price,Long,2026-06-20T12:20:56Z
2026-06-20T12:18:09Z,2026-06-20T14:18:09+0200,4bddbab4-20af-41f1-90cc-d649ae7f214d,2026-06-17T04:30:00Z,2026-06-17T06:30:00+0200,265.89,EUR/MWh,BE,BE,imbalance_price,Short,2026-06-20T12:20:56Z
2026-06-20T12:18:09Z,2026-06-20T14:18:09+0200,4bddbab4-20af-41f1-90cc-d649ae7f214d,2026-06-17T04:45:00Z,2026-06-17T06:45:00+0200,327.98,EUR/MWh,BE,BE,imbalance_price,Long,2026-06-20T12:20:56Z
2026-06-20T12:18:09Z,2026-06-20T14:18:09+0200,4bddbab4-20af-41f1-90cc-d649ae7f214d,2026-06-17T04:45:00Z,2026-06-17T06:45:00+0200,327.98,EUR/MWh,BE,BE,imbalance_price,Short,2026-06-20T12:20:56Z
2026-06-20T12:18:09Z,2026-06-20T14:18:09+0200,4bddbab4-20af-41f1-90cc-d649ae7f214d,2026-06-17T05:00:00Z,2026-06-17T07:00:00+0200,354.66,EUR/MWh,BE,BE,imbalance_price,Long,2026-06-20T12:20:56Z
2026-06-20T12:18:09Z,2026-06-20T14:18:09+0200,4bddbab4-20af-41f1-90cc-d649ae7f214d,2026-06-17T05:00:00Z,2026-06-17T07:00:00+0200,354.66,EUR/MWh,BE,BE,imbalance_price,Short,2026-06-20T12:20:56Z
2026-06-20T12:18:09Z,2026-06-20T14:18:09+0200,4bddbab4-20af-41f1-90cc-d649ae7f214d,2026-06-17T05:15:00Z,2026-06-17T07:15:00+0200,281.2,EUR/MWh,BE,BE,imbalance_price,Long,2026-06-20T12:20:56Z
2026-06-20T12:18:09Z,2026-06-20T14:18:09+0200,4bddbab4-20af-41f1-90cc-d649ae7f214d,2026-06-17T05:15:00Z,2026-06-17T07:15:00+0200,281.2,EUR/MWh,BE,BE,imbalance_price,Short,2026-06-20T12:20:56Z
2026-06-20T12:18:09Z,2026-06-20T14:18:09+0200,4bddbab4-20af-41f1-90cc-d649ae7f214d,2026-06-17T05:30:00Z,2026-06-17T07:30:00+0200,110.68,EUR/MWh,BE,BE,imbalance_price,Long,2026-06-20T12:20:56Z
2026-06-20T12:18:09Z,2026-06-20T14:18:09+0200,4bddbab4-20af-41f1-90cc-d649ae7f214d,2026-06-17T05:30:00Z,2026-06-17T07:30:00+0200,110.68,EUR/MWh,BE,BE,imbalance_price,Short,2026-06-20T12:20:56Z
2026-06-20T12:18:09Z,2026-06-20T14:18:09+0200,4bddbab4-20af-41f1-90cc-d649ae7f214d,2026-06-17T05:45:00Z,2026-06-17T07:45:00+0200,126.03,EUR/MWh,BE,BE,imbalance_price,Long,2026-06-20T12:20:56Z
2026-06-20T12:18:09Z,2026-06-20T14:18:09+0200,4bddbab4-20af-41f1-90cc-d649ae7f214d,2026-06-17T05:45:00Z,2026-06-17T07:45:00+0200,126.03,EUR/MWh,BE,BE,imbalance_price,Short,2026-06-20T12:20:56Z
2026-06-20T12:18:09Z,2026-06-20T14:18:09+0200,4bddbab4-20af-41f1-90cc-d649ae7f214d,2026-06-17T06:00:00Z,2026-06-17T08:00:00+0200,112.71,EUR/MWh,BE,BE,imbalance_price,Long,2026-06-20T12:20:56Z
2026-06-20T12:18:09Z,2026-06-20T14:18:09+0200,4bddbab4-20af-41f1-90cc-d649ae7f214d,2026-06-17T06:00:00Z,2026-06-17T08:00:00+0200,112.71,EUR/MWh,BE,BE,imbalance_price,Short,2026-06-20T12:20:56Z
2026-06-20T12:18:09Z,2026-06-20T14:18:09+0200,4bddbab4-20af-41f1-90cc-d649ae7f214d,2026-06-17T06:15:00Z,2026-06-17T08:15:00+0200,98.93,EUR/MWh,BE,BE,imbalance_price,Long,2026-06-20T12:20:56Z
2026-06-20T12:18:09Z,2026-06-20T14:18:09+0200,4bddbab4-20af-41f1-90cc-d649ae7f214d,2026-06-17T06:15:00Z,2026-06-17T08:15:00+0200,98.93,EUR/MWh,BE,BE,imbalance_price,Short,2026-06-20T12:20:56Z
2026-06-20T12:18:09Z,2026-06-20T14:18:09+0200,4bddbab4-20af-41f1-90cc-d649ae7f214d,2026-06-17T06:30:00Z,2026-06-17T08:30:00+0200,72.16,EUR/MWh,BE,BE,imbalance_price,Long,2026-06-20T12:20:56Z
2026-06-20T12:18:09Z,2026-06-20T14:18:09+0200,4bddbab4-20af-41f1-90cc-d649ae7f214d,2026-06-17T06:30:00Z,2026-06-17T08:30:00+0200,72.16,EUR/MWh,BE,BE,imbalance_price,Short,2026-06-20T12:20:56Z
2026-06-20T12:18:09Z,2026-06-20T14:18:09+0200,4bddbab4-20af-41f1-90cc-d649ae7f214d,2026-06-17T06:45:00Z,2026-06-17T08:45:00+0200,47.87,EUR/MWh,BE,BE,imbalance_price,Long,2026-06-20T12:20:56Z
2026-06-20T12:18:09Z,2026-06-20T14:18:09+0200,4bddbab4-20af-41f1-90cc-d649ae7f214d,2026-06-17T06:45:00Z,2026-06-17T08:45:00+0200,47.87,EUR/MWh,BE,BE,imbalance_price,Short,2026-06-20T12:20:56Z
2026-06-20T12:18:09Z,2026-06-20T14:18:09+0200,4bddbab4-20af-41f1-90cc-d649ae7f214d,2026-06-17T07:00:00Z,2026-06-17T09:00:00+0200,61.09,EUR/MWh,BE,BE,imbalance_price,Long,2026-06-20T12:20:56Z
2026-06-20T12:18:09Z,2026-06-20T14:18:09+0200,4bddbab4-20af-41f1-90cc-d649ae7f214d,2026-06-17T07:00:00Z,2026-06-17T09:00:00+0200,61.09,EUR/MWh,BE,BE,imbalance_price,Short,2026-06-20T12:20:56Z
2026-06-20T12:18:09Z,2026-06-20T14:18:09+0200,4bddbab4-20af-41f1-90cc-d649ae7f214d,2026-06-17T07:15:00Z,2026-06-17T09:15:00+0200,60.54,EUR/MWh,BE,BE,imbalance_price,Long,2026-06-20T12:20:56Z
2026-06-20T12:18:09Z,2026-06-20T14:18:09+0200,4bddbab4-20af-41f1-90cc-d649ae7f214d,2026-06-17T07:15:00Z,2026-06-17T09:15:00+0200,60.54,EUR/MWh,BE,BE,imbalance_price,Short,2026-06-20T12:20:56Z
2026-06-20T12:18:09Z,2026-06-20T14:18:09+0200,4bddbab4-20af-41f1-90cc-d649ae7f214d,2026-06-17T07:30:00Z,2026-06-17T09:30:00+0200,50.76,EUR/MWh,BE,BE,imbalance_price,Long,2026-06-20T12:20:56Z
2026-06-20T12:18:09Z,2026-06-20T14:18:09+0200,4bddbab4-20af-41f1-90cc-d649ae7f214d,2026-06-17T07:30:00Z,2026-06-17T09:30:00+0200,50.76,EUR/MWh,BE,BE,imbalance_price,Short,2026-06-20T12:20:56Z
2026-06-20T12:18:09Z,2026-06-20T14:18:09+0200,4bddbab4-20af-41f1-90cc-d649ae7f214d,2026-06-17T07:45:00Z,2026-06-17T09:45:00+0200,27.75,EUR/MWh,BE,BE,imbalance_price,Long,2026-06-20T12:20:56Z
2026-06-20T12:18:09Z,2026-06-20T14:18:09+0200,4bddbab4-20af-41f1-90cc-d649ae7f214d,2026-06-17T07:45:00Z,2026-06-17T09:45:00+0200,27.75,EUR/MWh,BE,BE,imbalance_price,Short,2026-06-20T12:20:56Z
2026-06-20T12:18:09Z,2026-06-20T14:18:09+0200,4bddbab4-20af-41f1-90cc-d649ae7f214d,2026-06-17T08:00:00Z,2026-06-17T10:00:00+0200,53.74,EUR/MWh,BE,BE,imbalance_price,Long,2026-06-20T12:20:56Z
2026-06-20T12:18:09Z,2026-06-20T14:18:09+0200,4bddbab4-20af-41f1-90cc-d649ae7f214d,2026-06-17T08:00:00Z,2026-06-17T10:00:00+0200,53.74,EUR/MWh,BE,BE,imbalance_price,Short,2026-06-20T12:20:56Z
2026-06-20T12:18:09Z,2026-06-20T14:18:09+0200,4bddbab4-20af-41f1-90cc-d649ae7f214d,2026-06-17T08:15:00Z,2026-06-17T10:15:00+0200,134.58,EUR/MWh,BE,BE,imbalance_price,Long,2026-06-20T12:20:56Z
2026-06-20T12:18:09Z,2026-06-20T14:18:09+0200,4bddbab4-20af-41f1-90cc-d649ae7f214d,2026-06-17T08:15:00Z,2026-06-17T10:15:00+0200,134.58,EUR/MWh,BE,BE,imbalance_price,Short,2026-06-20T12:20:56Z
2026-06-20T12:18:09Z,2026-06-20T14:18:09+0200,4bddbab4-20af-41f1-90cc-d649ae7f214d,2026-06-17T08:30:00Z,2026-06-17T10:30:00+0200,159.73,EUR/MWh,BE,BE,imbalance_price,Long,2026-06-20T12:20:56Z
2026-06-20T12:18:09Z,2026-06-20T14:18:09+0200,4bddbab4-20af-41f1-90cc-d649ae7f214d,2026-06-17T08:30:00Z,2026-06-17T10:30:00+0200,159.73,EUR/MWh,BE,BE,imbalance_price,Short,2026-06-20T12:20:56Z
2026-06-20T12:18:09Z,2026-06-20T14:18:09+0200,4bddbab4-20af-41f1-90cc-d649ae7f214d,2026-06-17T08:45:00Z,2026-06-17T10:45:00+0200,187.22,EUR/MWh,BE,BE,imbalance_price,Long,2026-06-20T12:20:56Z
2026-06-20T12:18:09Z,2026-06-20T14:18:09+0200,4bddbab4-20af-41f1-90cc-d649ae7f214d,2026-06-17T08:45:00Z,2026-06-17T10:45:00+0200,187.22,EUR/MWh,BE,BE,imbalance_price,Short,2026-06-20T12:20:56Z
2026-06-20T12:18:09Z,2026-06-20T14:18:09+0200,4bddbab4-20af-41f1-90cc-d649ae7f214d,2026-06-17T09:00:00Z,2026-06-17T11:00:00+0200,330.81,EUR/MWh,BE,BE,imbalance_price,Long,2026-06-20T12:20:56Z
2026-06-20T12:18:09Z,2026-06-20T14:18:09+0200,4bddbab4-20af-41f1-90cc-d649ae7f214d,2026-06-17T09:00:00Z,2026-06-17T11:00:00+0200,330.81,EUR/MWh,BE,BE,imbalance_price,Short,2026-06-20T12:20:56Z
2026-06-20T12:18:09Z,2026-06-20T14:18:09+0200,4bddbab4-20af-41f1-90cc-d649ae7f214d,2026-06-17T09:15:00Z,2026-06-17T11:15:00+0200,223.53,EUR/MWh,BE,BE,imbalance_price,Long,2026-06-20T12:20:56Z
2026-06-20T12:18:09Z,2026-06-20T14:18:09+0200,4bddbab4-20af-41f1-90cc-d649ae7f214d,2026-06-17T09:15:00Z,2026-06-17T11:15:00+0200,223.53,EUR/MWh,BE,BE,imbalance_price,Short,2026-06-20T12:20:56Z
2026-06-20T12:18:09Z,2026-06-20T14:18:09+0200,4bddbab4-20af-41f1-90cc-d649ae7f214d,2026-06-17T09:30:00Z,2026-06-17T11:30:00+0200,162.47,EUR/MWh,BE,BE,imbalance_price,Long,2026-06-20T12:20:56Z
2026-06-20T12:18:09Z,2026-06-20T14:18:09+0200,4bddbab4-20af-41f1-90cc-d649ae7f214d,2026-06-17T09:30:00Z,2026-06-17T11:30:00+0200,162.47,EUR/MWh,BE,BE,imbalance_price,Short,2026-06-20T12:20:56Z
2026-06-20T12:18:09Z,2026-06-20T14:18:09+0200,4bddbab4-20af-41f1-90cc-d649ae7f214d,2026-06-17T09:45:00Z,2026-06-17T11:45:00+0200,138.66,EUR/MWh,BE,BE,imbalance_price,Long,2026-06-20T12:20:56Z
2026-06-20T12:18:09Z,2026-06-20T14:18:09+0200,4bddbab4-20af-41f1-90cc-d649ae7f214d,2026-06-17T09:45:00Z,2026-06-17T11:45:00+0200,138.66,EUR/MWh,BE,BE,imbalance_price,Short,2026-06-20T12:20:56Z
2026-06-20T12:18:09Z,2026-06-20T14:18:09+0200,4bddbab4-20af-41f1-90cc-d649ae7f214d,2026-06-17T10:00:00Z,2026-06-17T12:00:00+0200,134.0,EUR/MWh,BE,BE,imbalance_price,Long,2026-06-20T12:20:56Z
2026-06-20T12:18:09Z,2026-06-20T14:18:09+0200,4bddbab4-20af-41f1-90cc-d649ae7f214d,2026-06-17T10:00:00Z,2026-06-17T12:00:00+0200,134.0,EUR/MWh,BE,BE,imbalance_price,Short,2026-06-20T12:20:56Z
2026-06-20T12:18:09Z,2026-06-20T14:18:09+0200,4bddbab4-20af-41f1-90cc-d649ae7f214d,2026-06-17T10:15:00Z,2026-06-17T12:15:00+0200,31.94,EUR/MWh,BE,BE,imbalance_price,Long,2026-06-20T12:20:56Z
2026-06-20T12:18:09Z,2026-06-20T14:18:09+0200,4bddbab4-20af-41f1-90cc-d649ae7f214d,2026-06-17T10:15:00Z,2026-06-17T12:15:00+0200,31.94,EUR/MWh,BE,BE,imbalance_price,Short,2026-06-20T12:20:56Z
2026-06-20T12:18:09Z,2026-06-20T14:18:09+0200,4bddbab4-20af-41f1-90cc-d649ae7f214d,2026-06-17T10:30:00Z,2026-06-17T12:30:00+0200,56.45,EUR/MWh,BE,BE,imbalance_price,Long,2026-06-20T12:20:56Z
2026-06-20T12:18:09Z,2026-06-20T14:18:09+0200,4bddbab4-20af-41f1-90cc-d649ae7f214d,2026-06-17T10:30:00Z,2026-06-17T12:30:00+0200,56.45,EUR/MWh,BE,BE,imbalance_price,Short,2026-06-20T12:20:56Z
2026-06-20T12:18:09Z,2026-06-20T14:18:09+0200,4bddbab4-20af-41f1-90cc-d649ae7f214d,2026-06-17T10:45:00Z,2026-06-17T12:45:00+0200,23.79,EUR/MWh,BE,BE,imbalance_price,Long,2026-06-20T12:20:56Z
2026-06-20T12:18:09Z,2026-06-20T14:18:09+0200,4bddbab4-20af-41f1-90cc-d649ae7f214d,2026-06-17T10:45:00Z,2026-06-17T12:45:00+0200,23.79,EUR/MWh,BE,BE,imbalance_price,Short,2026-06-20T12:20:56Z
2026-06-20T12:18:09Z,2026-06-20T14:18:09+0200,4bddbab4-20af-41f1-90cc-d649ae7f214d,2026-06-17T11:00:00Z,2026-06-17T13:00:00+0200,-10.54,EUR/MWh,BE,BE,imbalance_price,Long,2026-06-20T12:20:56Z
2026-06-20T12:18:09Z,2026-06-20T14:18:09+0200,4bddbab4-20af-41f1-90cc-d649ae7f214d,2026-06-17T11:00:00Z,2026-06-17T13:00:00+0200,-10.54,EUR/MWh,BE,BE,imbalance_price,Short,2026-06-20T12:20:56Z
2026-06-20T12:18:09Z,2026-06-20T14:18:09+0200,4bddbab4-20af-41f1-90cc-d649ae7f214d,2026-06-17T11:15:00Z,2026-06-17T13:15:00+0200,-2.18,EUR/MWh,BE,BE,imbalance_price,Long,2026-06-20T12:20:56Z
2026-06-20T12:18:09Z,2026-06-20T14:18:09+0200,4bddbab4-20af-41f1-90cc-d649ae7f214d,2026-06-17T11:15:00Z,2026-06-17T13:15:00+0200,-2.18,EUR/MWh,BE,BE,imbalance_price,Short,2026-06-20T12:20:56Z
2026-06-20T12:18:09Z,2026-06-20T14:18:09+0200,4bddbab4-20af-41f1-90cc-d649ae7f214d,2026-06-17T11:30:00Z,2026-06-17T13:30:00+0200,-4.0,EUR/MWh,BE,BE,imbalance_price,Long,2026-06-20T12:20:56Z
2026-06-20T12:18:09Z,2026-06-20T14:18:09+0200,4bddbab4-20af-41f1-90cc-d649ae7f214d,2026-06-17T11:30:00Z,2026-06-17T13:30:00+0200,-4.0,EUR/MWh,BE,BE,imbalance_price,Short,2026-06-20T12:20:56Z
2026-06-20T12:18:09Z,2026-06-20T14:18:09+0200,4bddbab4-20af-41f1-90cc-d649ae7f214d,2026-06-17T11:45:00Z,2026-06-17T13:45:00+0200,-17.91,EUR/MWh,BE,BE,imbalance_price,Long,2026-06-20T12:20:56Z
2026-06-20T12:18:09Z,2026-06-20T14:18:09+0200,4bddbab4-20af-41f1-90cc-d649ae7f214d,2026-06-17T11:45:00Z,2026-06-17T13:45:00+0200,-17.91,EUR/MWh,BE,BE,imbalance_price,Short,2026-06-20T12:20:56Z
2026-06-20T12:18:09Z,2026-06-20T14:18:09+0200,4bddbab4-20af-41f1-90cc-d649ae7f214d,2026-06-17T12:00:00Z,2026-06-17T14:00:00+0200,11.48,EUR/MWh,BE,BE,imbalance_price,Long,2026-06-20T12:20:56Z
2026-06-20T12:18:09Z,2026-06-20T14:18:09+0200,4bddbab4-20af-41f1-90cc-d649ae7f214d,2026-06-17T12:00:00Z,2026-06-17T14:00:00+0200,11.48,EUR/MWh,BE,BE,imbalance_price,Short,2026-06-20T12:20:56Z
2026-06-20T12:18:09Z,2026-06-20T14:18:09+0200,4bddbab4-20af-41f1-90cc-d649ae7f214d,2026-06-17T12:15:00Z,2026-06-17T14:15:00+0200,6.73,EUR/MWh,BE,BE,imbalance_price,Long,2026-06-20T12:20:56Z
2026-06-20T12:18:09Z,2026-06-20T14:18:09+0200,4bddbab4-20af-41f1-90cc-d649ae7f214d,2026-06-17T12:15:00Z,2026-06-17T14:15:00+0200,6.73,EUR/MWh,BE,BE,imbalance_price,Short,2026-06-20T12:20:56Z
2026-06-20T12:18:09Z,2026-06-20T14:18:09+0200,4bddbab4-20af-41f1-90cc-d649ae7f214d,2026-06-17T12:30:00Z,2026-06-17T14:30:00+0200,2.4,EUR/MWh,BE,BE,imbalance_price,Long,2026-06-20T12:20:56Z
2026-06-20T12:18:09Z,2026-06-20T14:18:09+0200,4bddbab4-20af-41f1-90cc-d649ae7f214d,2026-06-17T12:30:00Z,2026-06-17T14:30:00+0200,2.4,EUR/MWh,BE,BE,imbalance_price,Short,2026-06-20T12:20:56Z
2026-06-20T12:18:09Z,2026-06-20T14:18:09+0200,4bddbab4-20af-41f1-90cc-d649ae7f214d,2026-06-17T12:45:00Z,2026-06-17T14:45:00+0200,-36.59,EUR/MWh,BE,BE,imbalance_price,Long,2026-06-20T12:20:56Z
2026-06-20T12:18:09Z,2026-06-20T14:18:09+0200,4bddbab4-20af-41f1-90cc-d649ae7f214d,2026-06-17T12:45:00Z,2026-06-17T14:45:00+0200,-36.59,EUR/MWh,BE,BE,imbalance_price,Short,2026-06-20T12:20:56Z
2026-06-20T12:18:09Z,2026-06-20T14:18:09+0200,4bddbab4-20af-41f1-90cc-d649ae7f214d,2026-06-17T13:00:00Z,2026-06-17T15:00:00+0200,-28.55,EUR/MWh,BE,BE,imbalance_price,Long,2026-06-20T12:20:56Z
2026-06-20T12:18:09Z,2026-06-20T14:18:09+0200,4bddbab4-20af-41f1-90cc-d649ae7f214d,2026-06-17T13:00:00Z,2026-06-17T15:00:00+0200,-28.55,EUR/MWh,BE,BE,imbalance_price,Short,2026-06-20T12:20:56Z
2026-06-20T12:18:09Z,2026-06-20T14:18:09+0200,4bddbab4-20af-41f1-90cc-d649ae7f214d,2026-06-17T13:15:00Z,2026-06-17T15:15:00+0200,15.87,EUR/MWh,BE,BE,imbalance_price,Long,2026-06-20T12:20:56Z
2026-06-20T12:18:09Z,2026-06-20T14:18:09+0200,4bddbab4-20af-41f1-90cc-d649ae7f214d,2026-06-17T13:15:00Z,2026-06-17T15:15:00+0200,15.87,EUR/MWh,BE,BE,imbalance_price,Short,2026-06-20T12:20:56Z
2026-06-20T12:18:09Z,2026-06-20T14:18:09+0200,4bddbab4-20af-41f1-90cc-d649ae7f214d,2026-06-17T13:30:00Z,2026-06-17T15:30:00+0200,45.74,EUR/MWh,BE,BE,imbalance_price,Long,2026-06-20T12:20:56Z
2026-06-20T12:18:09Z,2026-06-20T14:18:09+0200,4bddbab4-20af-41f1-90cc-d649ae7f214d,2026-06-17T13:30:00Z,2026-06-17T15:30:00+0200,45.74,EUR/MWh,BE,BE,imbalance_price,Short,2026-06-20T12:20:56Z
2026-06-20T12:18:09Z,2026-06-20T14:18:09+0200,4bddbab4-20af-41f1-90cc-d649ae7f214d,2026-06-17T13:45:00Z,2026-06-17T15:45:00+0200,70.37,EUR/MWh,BE,BE,imbalance_price,Long,2026-06-20T12:20:56Z
2026-06-20T12:18:09Z,2026-06-20T14:18:09+0200,4bddbab4-20af-41f1-90cc-d649ae7f214d,2026-06-17T13:45:00Z,2026-06-17T15:45:00+0200,70.37,EUR/MWh,BE,BE,imbalance_price,Short,2026-06-20T12:20:56Z
2026-06-20T12:18:09Z,2026-06-20T14:18:09+0200,4bddbab4-20af-41f1-90cc-d649ae7f214d,2026-06-17T14:00:00Z,2026-06-17T16:00:00+0200,118.4,EUR/MWh,BE,BE,imbalance_price,Long,2026-06-20T12:20:56Z
2026-06-20T12:18:09Z,2026-06-20T14:18:09+0200,4bddbab4-20af-41f1-90cc-d649ae7f214d,2026-06-17T14:00:00Z,2026-06-17T16:00:00+0200,118.4,EUR/MWh,BE,BE,imbalance_price,Short,2026-06-20T12:20:56Z
2026-06-20T12:18:09Z,2026-06-20T14:18:09+0200,4bddbab4-20af-41f1-90cc-d649ae7f214d,2026-06-17T14:15:00Z,2026-06-17T16:15:00+0200,125.14,EUR/MWh,BE,BE,imbalance_price,Long,2026-06-20T12:20:56Z
2026-06-20T12:18:09Z,2026-06-20T14:18:09+0200,4bddbab4-20af-41f1-90cc-d649ae7f214d,2026-06-17T14:15:00Z,2026-06-17T16:15:00+0200,125.14,EUR/MWh,BE,BE,imbalance_price,Short,2026-06-20T12:20:56Z
2026-06-20T12:18:09Z,2026-06-20T14:18:09+0200,4bddbab4-20af-41f1-90cc-d649ae7f214d,2026-06-17T14:30:00Z,2026-06-17T16:30:00+0200,99.36,EUR/MWh,BE,BE,imbalance_price,Long,2026-06-20T12:20:56Z
2026-06-20T12:18:09Z,2026-06-20T14:18:09+0200,4bddbab4-20af-41f1-90cc-d649ae7f214d,2026-06-17T14:30:00Z,2026-06-17T16:30:00+0200,99.36,EUR/MWh,BE,BE,imbalance_price,Short,2026-06-20T12:20:56Z
2026-06-20T12:18:09Z,2026-06-20T14:18:09+0200,4bddbab4-20af-41f1-90cc-d649ae7f214d,2026-06-17T14:45:00Z,2026-06-17T16:45:00+0200,90.8,EUR/MWh,BE,BE,imbalance_price,Long,2026-06-20T12:20:56Z
2026-06-20T12:18:09Z,2026-06-20T14:18:09+0200,4bddbab4-20af-41f1-90cc-d649ae7f214d,2026-06-17T14:45:00Z,2026-06-17T16:45:00+0200,90.8,EUR/MWh,BE,BE,imbalance_price,Short,2026-06-20T12:20:56Z
2026-06-20T12:18:09Z,2026-06-20T14:18:09+0200,4bddbab4-20af-41f1-90cc-d649ae7f214d,2026-06-17T15:00:00Z,2026-06-17T17:00:00+0200,73.31,EUR/MWh,BE,BE,imbalance_price,Long,2026-06-20T12:20:56Z
2026-06-20T12:18:09Z,2026-06-20T14:18:09+0200,4bddbab4-20af-41f1-90cc-d649ae7f214d,2026-06-17T15:00:00Z,2026-06-17T17:00:00+0200,73.31,EUR/MWh,BE,BE,imbalance_price,Short,2026-06-20T12:20:56Z
2026-06-20T12:18:09Z,2026-06-20T14:18:09+0200,4bddbab4-20af-41f1-90cc-d649ae7f214d,2026-06-17T15:15:00Z,2026-06-17T17:15:00+0200,55.39,EUR/MWh,BE,BE,imbalance_price,Long,2026-06-20T12:20:56Z
2026-06-20T12:18:09Z,2026-06-20T14:18:09+0200,4bddbab4-20af-41f1-90cc-d649ae7f214d,2026-06-17T15:15:00Z,2026-06-17T17:15:00+0200,55.39,EUR/MWh,BE,BE,imbalance_price,Short,2026-06-20T12:20:56Z
2026-06-20T12:18:09Z,2026-06-20T14:18:09+0200,4bddbab4-20af-41f1-90cc-d649ae7f214d,2026-06-17T15:30:00Z,2026-06-17T17:30:00+0200,62.17,EUR/MWh,BE,BE,imbalance_price,Long,2026-06-20T12:20:56Z
2026-06-20T12:18:09Z,2026-06-20T14:18:09+0200,4bddbab4-20af-41f1-90cc-d649ae7f214d,2026-06-17T15:30:00Z,2026-06-17T17:30:00+0200,62.17,EUR/MWh,BE,BE,imbalance_price,Short,2026-06-20T12:20:56Z
2026-06-20T12:18:09Z,2026-06-20T14:18:09+0200,4bddbab4-20af-41f1-90cc-d649ae7f214d,2026-06-17T15:45:00Z,2026-06-17T17:45:00+0200,114.32,EUR/MWh,BE,BE,imbalance_price,Long,2026-06-20T12:20:56Z
2026-06-20T12:18:09Z,2026-06-20T14:18:09+0200,4bddbab4-20af-41f1-90cc-d649ae7f214d,2026-06-17T15:45:00Z,2026-06-17T17:45:00+0200,114.32,EUR/MWh,BE,BE,imbalance_price,Short,2026-06-20T12:20:56Z
2026-06-20T12:18:09Z,2026-06-20T14:18:09+0200,4bddbab4-20af-41f1-90cc-d649ae7f214d,2026-06-17T16:00:00Z,2026-06-17T18:00:00+0200,93.01,EUR/MWh,BE,BE,imbalance_price,Long,2026-06-20T12:20:56Z
2026-06-20T12:18:09Z,2026-06-20T14:18:09+0200,4bddbab4-20af-41f1-90cc-d649ae7f214d,2026-06-17T16:00:00Z,2026-06-17T18:00:00+0200,93.01,EUR/MWh,BE,BE,imbalance_price,Short,2026-06-20T12:20:56Z
2026-06-20T12:18:09Z,2026-06-20T14:18:09+0200,4bddbab4-20af-41f1-90cc-d649ae7f214d,2026-06-17T16:15:00Z,2026-06-17T18:15:00+0200,94.37,EUR/MWh,BE,BE,imbalance_price,Long,2026-06-20T12:20:56Z
2026-06-20T12:18:09Z,2026-06-20T14:18:09+0200,4bddbab4-20af-41f1-90cc-d649ae7f214d,2026-06-17T16:15:00Z,2026-06-17T18:15:00+0200,94.37,EUR/MWh,BE,BE,imbalance_price,Short,2026-06-20T12:20:56Z
2026-06-20T12:18:09Z,2026-06-20T14:18:09+0200,4bddbab4-20af-41f1-90cc-d649ae7f214d,2026-06-17T16:30:00Z,2026-06-17T18:30:00+0200,130.0,EUR/MWh,BE,BE,imbalance_price,Long,2026-06-20T12:20:56Z
2026-06-20T12:18:09Z,2026-06-20T14:18:09+0200,4bddbab4-20af-41f1-90cc-d649ae7f214d,2026-06-17T16:30:00Z,2026-06-17T18:30:00+0200,130.0,EUR/MWh,BE,BE,imbalance_price,Short,2026-06-20T12:20:56Z
2026-06-20T12:18:09Z,2026-06-20T14:18:09+0200,4bddbab4-20af-41f1-90cc-d649ae7f214d,2026-06-17T16:45:00Z,2026-06-17T18:45:00+0200,130.0,EUR/MWh,BE,BE,imbalance_price,Long,2026-06-20T12:20:56Z
2026-06-20T12:18:09Z,2026-06-20T14:18:09+0200,4bddbab4-20af-41f1-90cc-d649ae7f214d,2026-06-17T16:45:00Z,2026-06-17T18:45:00+0200,130.0,EUR/MWh,BE,BE,imbalance_price,Short,2026-06-20T12:20:56Z
2026-06-20T12:18:09Z,2026-06-20T14:18:09+0200,4bddbab4-20af-41f1-90cc-d649ae7f214d,2026-06-17T17:00:00Z,2026-06-17T19:00:00+0200,95.92,EUR/MWh,BE,BE,imbalance_price,Long,2026-06-20T12:20:56Z
2026-06-20T12:18:09Z,2026-06-20T14:18:09+0200,4bddbab4-20af-41f1-90cc-d649ae7f214d,2026-06-17T17:00:00Z,2026-06-17T19:00:00+0200,95.92,EUR/MWh,BE,BE,imbalance_price,Short,2026-06-20T12:20:56Z
2026-06-20T12:18:09Z,2026-06-20T14:18:09+0200,4bddbab4-20af-41f1-90cc-d649ae7f214d,2026-06-17T17:15:00Z,2026-06-17T19:15:00+0200,76.61,EUR/MWh,BE,BE,imbalance_price,Long,2026-06-20T12:20:56Z
2026-06-20T12:18:09Z,2026-06-20T14:18:09+0200,4bddbab4-20af-41f1-90cc-d649ae7f214d,2026-06-17T17:15:00Z,2026-06-17T19:15:00+0200,76.61,EUR/MWh,BE,BE,imbalance_price,Short,2026-06-20T12:20:56Z
2026-06-20T12:18:09Z,2026-06-20T14:18:09+0200,4bddbab4-20af-41f1-90cc-d649ae7f214d,2026-06-17T17:30:00Z,2026-06-17T19:30:00+0200,159.53,EUR/MWh,BE,BE,imbalance_price,Long,2026-06-20T12:20:56Z
2026-06-20T12:18:09Z,2026-06-20T14:18:09+0200,4bddbab4-20af-41f1-90cc-d649ae7f214d,2026-06-17T17:30:00Z,2026-06-17T19:30:00+0200,159.53,EUR/MWh,BE,BE,imbalance_price,Short,2026-06-20T12:20:56Z
2026-06-20T12:18:09Z,2026-06-20T14:18:09+0200,4bddbab4-20af-41f1-90cc-d649ae7f214d,2026-06-17T17:45:00Z,2026-06-17T19:45:00+0200,157.21,EUR/MWh,BE,BE,imbalance_price,Long,2026-06-20T12:20:56Z
2026-06-20T12:18:09Z,2026-06-20T14:18:09+0200,4bddbab4-20af-41f1-90cc-d649ae7f214d,2026-06-17T17:45:00Z,2026-06-17T19:45:00+0200,157.21,EUR/MWh,BE,BE,imbalance_price,Short,2026-06-20T12:20:56Z
2026-06-20T12:18:09Z,2026-06-20T14:18:09+0200,4bddbab4-20af-41f1-90cc-d649ae7f214d,2026-06-17T18:00:00Z,2026-06-17T20:00:00+0200,140.02,EUR/MWh,BE,BE,imbalance_price,Long,2026-06-20T12:20:56Z
2026-06-20T12:18:09Z,2026-06-20T14:18:09+0200,4bddbab4-20af-41f1-90cc-d649ae7f214d,2026-06-17T18:00:00Z,2026-06-17T20:00:00+0200,140.02,EUR/MWh,BE,BE,imbalance_price,Short,2026-06-20T12:20:56Z
2026-06-20T12:18:09Z,2026-06-20T14:18:09+0200,4bddbab4-20af-41f1-90cc-d649ae7f214d,2026-06-17T18:15:00Z,2026-06-17T20:15:00+0200,142.0,EUR/MWh,BE,BE,imbalance_price,Long,2026-06-20T12:20:56Z
2026-06-20T12:18:09Z,2026-06-20T14:18:09+0200,4bddbab4-20af-41f1-90cc-d649ae7f214d,2026-06-17T18:15:00Z,2026-06-17T20:15:00+0200,142.0,EUR/MWh,BE,BE,imbalance_price,Short,2026-06-20T12:20:56Z
2026-06-20T12:18:09Z,2026-06-20T14:18:09+0200,4bddbab4-20af-41f1-90cc-d649ae7f214d,2026-06-17T18:30:00Z,2026-06-17T20:30:00+0200,142.0,EUR/MWh,BE,BE,imbalance_price,Long,2026-06-20T12:20:56Z
2026-06-20T12:18:09Z,2026-06-20T14:18:09+0200,4bddbab4-20af-41f1-90cc-d649ae7f214d,2026-06-17T18:30:00Z,2026-06-17T20:30:00+0200,142.0,EUR/MWh,BE,BE,imbalance_price,Short,2026-06-20T12:20:56Z
2026-06-20T12:18:09Z,2026-06-20T14:18:09+0200,4bddbab4-20af-41f1-90cc-d649ae7f214d,2026-06-17T18:45:00Z,2026-06-17T20:45:00+0200,146.16,EUR/MWh,BE,BE,imbalance_price,Long,2026-06-20T12:20:56Z
2026-06-20T12:18:09Z,2026-06-20T14:18:09+0200,4bddbab4-20af-41f1-90cc-d649ae7f214d,2026-06-17T18:45:00Z,2026-06-17T20:45:00+0200,146.16,EUR/MWh,BE,BE,imbalance_price,Short,2026-06-20T12:20:56Z
2026-06-20T12:18:09Z,2026-06-20T14:18:09+0200,4bddbab4-20af-41f1-90cc-d649ae7f214d,2026-06-17T19:00:00Z,2026-06-17T21:00:00+0200,131.0,EUR/MWh,BE,BE,imbalance_price,Long,2026-06-20T12:20:56Z
2026-06-20T12:18:09Z,2026-06-20T14:18:09+0200,4bddbab4-20af-41f1-90cc-d649ae7f214d,2026-06-17T19:00:00Z,2026-06-17T21:00:00+0200,131.0,EUR/MWh,BE,BE,imbalance_price,Short,2026-06-20T12:20:56Z
2026-06-20T12:18:09Z,2026-06-20T14:18:09+0200,4bddbab4-20af-41f1-90cc-d649ae7f214d,2026-06-17T19:15:00Z,2026-06-17T21:15:00+0200,179.77,EUR/MWh,BE,BE,imbalance_price,Long,2026-06-20T12:20:56Z
2026-06-20T12:18:09Z,2026-06-20T14:18:09+0200,4bddbab4-20af-41f1-90cc-d649ae7f214d,2026-06-17T19:15:00Z,2026-06-17T21:15:00+0200,179.77,EUR/MWh,BE,BE,imbalance_price,Short,2026-06-20T12:20:56Z
2026-06-20T12:18:09Z,2026-06-20T14:18:09+0200,4bddbab4-20af-41f1-90cc-d649ae7f214d,2026-06-17T19:30:00Z,2026-06-17T21:30:00+0200,185.12,EUR/MWh,BE,BE,imbalance_price,Long,2026-06-20T12:20:56Z
2026-06-20T12:18:09Z,2026-06-20T14:18:09+0200,4bddbab4-20af-41f1-90cc-d649ae7f214d,2026-06-17T19:30:00Z,2026-06-17T21:30:00+0200,185.12,EUR/MWh,BE,BE,imbalance_price,Short,2026-06-20T12:20:56Z
2026-06-20T12:18:09Z,2026-06-20T14:18:09+0200,4bddbab4-20af-41f1-90cc-d649ae7f214d,2026-06-17T19:45:00Z,2026-06-17T21:45:00+0200,183.14,EUR/MWh,BE,BE,imbalance_price,Long,2026-06-20T12:20:56Z
2026-06-20T12:18:09Z,2026-06-20T14:18:09+0200,4bddbab4-20af-41f1-90cc-d649ae7f214d,2026-06-17T19:45:00Z,2026-06-17T21:45:00+0200,183.14,EUR/MWh,BE,BE,imbalance_price,Short,2026-06-20T12:20:56Z
2026-06-20T12:18:09Z,2026-06-20T14:18:09+0200,4bddbab4-20af-41f1-90cc-d649ae7f214d,2026-06-17T20:00:00Z,2026-06-17T22:00:00+0200,185.54,EUR/MWh,BE,BE,imbalance_price,Long,2026-06-20T12:20:56Z
2026-06-20T12:18:09Z,2026-06-20T14:18:09+0200,4bddbab4-20af-41f1-90cc-d649ae7f214d,2026-06-17T20:00:00Z,2026-06-17T22:00:00+0200,185.54,EUR/MWh,BE,BE,imbalance_price,Short,2026-06-20T12:20:56Z
2026-06-20T12:18:09Z,2026-06-20T14:18:09+0200,4bddbab4-20af-41f1-90cc-d649ae7f214d,2026-06-17T20:15:00Z,2026-06-17T22:15:00+0200,194.39,EUR/MWh,BE,BE,imbalance_price,Long,2026-06-20T12:20:56Z
2026-06-20T12:18:09Z,2026-06-20T14:18:09+0200,4bddbab4-20af-41f1-90cc-d649ae7f214d,2026-06-17T20:15:00Z,2026-06-17T22:15:00+0200,194.39,EUR/MWh,BE,BE,imbalance_price,Short,2026-06-20T12:20:56Z
2026-06-20T12:18:09Z,2026-06-20T14:18:09+0200,4bddbab4-20af-41f1-90cc-d649ae7f214d,2026-06-17T20:30:00Z,2026-06-17T22:30:00+0200,193.99,EUR/MWh,BE,BE,imbalance_price,Long,2026-06-20T12:20:56Z
2026-06-20T12:18:09Z,2026-06-20T14:18:09+0200,4bddbab4-20af-41f1-90cc-d649ae7f214d,2026-06-17T20:30:00Z,2026-06-17T22:30:00+0200,193.99,EUR/MWh,BE,BE,imbalance_price,Short,2026-06-20T12:20:56Z
2026-06-20T12:18:09Z,2026-06-20T14:18:09+0200,4bddbab4-20af-41f1-90cc-d649ae7f214d,2026-06-17T20:45:00Z,2026-06-17T22:45:00+0200,200.67,EUR/MWh,BE,BE,imbalance_price,Long,2026-06-20T12:20:56Z
2026-06-20T12:18:09Z,2026-06-20T14:18:09+0200,4bddbab4-20af-41f1-90cc-d649ae7f214d,2026-06-17T20:45:00Z,2026-06-17T22:45:00+0200,200.67,EUR/MWh,BE,BE,imbalance_price,Short,2026-06-20T12:20:56Z
2026-06-20T12:18:09Z,2026-06-20T14:18:09+0200,4bddbab4-20af-41f1-90cc-d649ae7f214d,2026-06-17T21:00:00Z,2026-06-17T23:00:00+0200,197.12,EUR/MWh,BE,BE,imbalance_price,Long,2026-06-20T12:20:56Z
2026-06-20T12:18:09Z,2026-06-20T14:18:09+0200,4bddbab4-20af-41f1-90cc-d649ae7f214d,2026-06-17T21:00:00Z,2026-06-17T23:00:00+0200,197.12,EUR/MWh,BE,BE,imbalance_price,Short,2026-06-20T12:20:56Z
2026-06-20T12:18:09Z,2026-06-20T14:18:09+0200,4bddbab4-20af-41f1-90cc-d649ae7f214d,2026-06-17T21:15:00Z,2026-06-17T23:15:00+0200,197.59,EUR/MWh,BE,BE,imbalance_price,Long,2026-06-20T12:20:56Z
2026-06-20T12:18:09Z,2026-06-20T14:18:09+0200,4bddbab4-20af-41f1-90cc-d649ae7f214d,2026-06-17T21:15:00Z,2026-06-17T23:15:00+0200,197.59,EUR/MWh,BE,BE,imbalance_price,Short,2026-06-20T12:20:56Z
2026-06-20T12:18:09Z,2026-06-20T14:18:09+0200,4bddbab4-20af-41f1-90cc-d649ae7f214d,2026-06-17T21:30:00Z,2026-06-17T23:30:00+0200,203.42,EUR/MWh,BE,BE,imbalance_price,Long,2026-06-20T12:20:56Z
2026-06-20T12:18:09Z,2026-06-20T14:18:09+0200,4bddbab4-20af-41f1-90cc-d649ae7f214d,2026-06-17T21:30:00Z,2026-06-17T23:30:00+0200,203.42,EUR/MWh,BE,BE,imbalance_price,Short,2026-06-20T12:20:56Z
2026-06-20T12:18:09Z,2026-06-20T14:18:09+0200,4bddbab4-20af-41f1-90cc-d649ae7f214d,2026-06-17T21:45:00Z,2026-06-17T23:45:00+0200,224.05,EUR/MWh,BE,BE,imbalance_price,Long,2026-06-20T12:20:56Z
2026-06-20T12:18:09Z,2026-06-20T14:18:09+0200,4bddbab4-20af-41f1-90cc-d649ae7f214d,2026-06-17T21:45:00Z,2026-06-17T23:45:00+0200,224.05,EUR/MWh,BE,BE,imbalance_price,Short,2026-06-20T12:20:56Z
2026-06-20T12:18:09Z,2026-06-20T14:18:09+0200,4bddbab4-20af-41f1-90cc-d649ae7f214d,2026-06-17T22:00:00Z,2026-06-18T00:00:00+0200,219.5,EUR/MWh,BE,BE,imbalance_price,Long,2026-06-20T12:20:56Z
2026-06-20T12:18:09Z,2026-06-20T14:18:09+0200,4bddbab4-20af-41f1-90cc-d649ae7f214d,2026-06-17T22:00:00Z,2026-06-18T00:00:00+0200,219.5,EUR/MWh,BE,BE,imbalance_price,Short,2026-06-20T12:20:56Z
2026-06-20T12:18:09Z,2026-06-20T14:18:09+0200,4bddbab4-20af-41f1-90cc-d649ae7f214d,2026-06-17T22:15:00Z,2026-06-18T00:15:00+0200,283.88,EUR/MWh,BE,BE,imbalance_price,Long,2026-06-20T12:20:56Z
2026-06-20T12:18:09Z,2026-06-20T14:18:09+0200,4bddbab4-20af-41f1-90cc-d649ae7f214d,2026-06-17T22:15:00Z,2026-06-18T00:15:00+0200,283.88,EUR/MWh,BE,BE,imbalance_price,Short,2026-06-20T12:20:56Z
2026-06-20T12:18:09Z,2026-06-20T14:18:09+0200,4bddbab4-20af-41f1-90cc-d649ae7f214d,2026-06-17T22:30:00Z,2026-06-18T00:30:00+0200,146.89,EUR/MWh,BE,BE,imbalance_price,Long,2026-06-20T12:20:56Z
2026-06-20T12:18:09Z,2026-06-20T14:18:09+0200,4bddbab4-20af-41f1-90cc-d649ae7f214d,2026-06-17T22:30:00Z,2026-06-18T00:30:00+0200,146.89,EUR/MWh,BE,BE,imbalance_price,Short,2026-06-20T12:20:56Z
2026-06-20T12:18:09Z,2026-06-20T14:18:09+0200,4bddbab4-20af-41f1-90cc-d649ae7f214d,2026-06-17T22:45:00Z,2026-06-18T00:45:00+0200,141.8,EUR/MWh,BE,BE,imbalance_price,Long,2026-06-20T12:20:56Z
2026-06-20T12:18:09Z,2026-06-20T14:18:09+0200,4bddbab4-20af-41f1-90cc-d649ae7f214d,2026-06-17T22:45:00Z,2026-06-18T00:45:00+0200,141.8,EUR/MWh,BE,BE,imbalance_price,Short,2026-06-20T12:20:56Z
2026-06-20T12:18:09Z,2026-06-20T14:18:09+0200,4bddbab4-20af-41f1-90cc-d649ae7f214d,2026-06-17T23:00:00Z,2026-06-18T01:00:00+0200,134.07,EUR/MWh,BE,BE,imbalance_price,Long,2026-06-20T12:20:56Z
2026-06-20T12:18:09Z,2026-06-20T14:18:09+0200,4bddbab4-20af-41f1-90cc-d649ae7f214d,2026-06-17T23:00:00Z,2026-06-18T01:00:00+0200,134.07,EUR/MWh,BE,BE,imbalance_price,Short,2026-06-20T12:20:56Z
2026-06-20T12:18:09Z,2026-06-20T14:18:09+0200,4bddbab4-20af-41f1-90cc-d649ae7f214d,2026-06-17T23:15:00Z,2026-06-18T01:15:00+0200,130.49,EUR/MWh,BE,BE,imbalance_price,Long,2026-06-20T12:20:56Z
2026-06-20T12:18:09Z,2026-06-20T14:18:09+0200,4bddbab4-20af-41f1-90cc-d649ae7f214d,2026-06-17T23:15:00Z,2026-06-18T01:15:00+0200,130.49,EUR/MWh,BE,BE,imbalance_price,Short,2026-06-20T12:20:56Z
2026-06-20T12:18:09Z,2026-06-20T14:18:09+0200,4bddbab4-20af-41f1-90cc-d649ae7f214d,2026-06-17T23:30:00Z,2026-06-18T01:30:00+0200,120.14,EUR/MWh,BE,BE,imbalance_price,Long,2026-06-20T12:20:56Z
2026-06-20T12:18:09Z,2026-06-20T14:18:09+0200,4bddbab4-20af-41f1-90cc-d649ae7f214d,2026-06-17T23:30:00Z,2026-06-18T01:30:00+0200,120.14,EUR/MWh,BE,BE,imbalance_price,Short,2026-06-20T12:20:56Z
2026-06-20T12:18:09Z,2026-06-20T14:18:09+0200,4bddbab4-20af-41f1-90cc-d649ae7f214d,2026-06-17T23:45:00Z,2026-06-18T01:45:00+0200,118.71,EUR/MWh,BE,BE,imbalance_price,Long,2026-06-20T12:20:56Z
2026-06-20T12:18:09Z,2026-06-20T14:18:09+0200,4bddbab4-20af-41f1-90cc-d649ae7f214d,2026-06-17T23:45:00Z,2026-06-18T01:45:00+0200,118.71,EUR/MWh,BE,BE,imbalance_price,Short,2026-06-20T12:20:56Z
2026-06-20T12:18:09Z,2026-06-20T14:18:09+0200,4bddbab4-20af-41f1-90cc-d649ae7f214d,2026-06-18T00:00:00Z,2026-06-18T02:00:00+0200,114.17,EUR/MWh,BE,BE,imbalance_price,Long,2026-06-20T12:20:56Z
2026-06-20T12:18:09Z,2026-06-20T14:18:09+0200,4bddbab4-20af-41f1-90cc-d649ae7f214d,2026-06-18T00:00:00Z,2026-06-18T02:00:00+0200,114.17,EUR/MWh,BE,BE,imbalance_price,Short,2026-06-20T12:20:56Z
2026-06-20T12:18:09Z,2026-06-20T14:18:09+0200,4bddbab4-20af-41f1-90cc-d649ae7f214d,2026-06-18T00:15:00Z,2026-06-18T02:15:00+0200,117.14,EUR/MWh,BE,BE,imbalance_price,Long,2026-06-20T12:20:56Z
2026-06-20T12:18:09Z,2026-06-20T14:18:09+0200,4bddbab4-20af-41f1-90cc-d649ae7f214d,2026-06-18T00:15:00Z,2026-06-18T02:15:00+0200,117.14,EUR/MWh,BE,BE,imbalance_price,Short,2026-06-20T12:20:56Z
2026-06-20T12:18:09Z,2026-06-20T14:18:09+0200,4bddbab4-20af-41f1-90cc-d649ae7f214d,2026-06-18T00:30:00Z,2026-06-18T02:30:00+0200,120.53,EUR/MWh,BE,BE,imbalance_price,Long,2026-06-20T12:20:56Z
2026-06-20T12:18:09Z,2026-06-20T14:18:09+0200,4bddbab4-20af-41f1-90cc-d649ae7f214d,2026-06-18T00:30:00Z,2026-06-18T02:30:00+0200,120.53,EUR/MWh,BE,BE,imbalance_price,Short,2026-06-20T12:20:56Z
2026-06-20T12:18:09Z,2026-06-20T14:18:09+0200,4bddbab4-20af-41f1-90cc-d649ae7f214d,2026-06-18T00:45:00Z,2026-06-18T02:45:00+0200,121.76,EUR/MWh,BE,BE,imbalance_price,Long,2026-06-20T12:20:56Z
2026-06-20T12:18:09Z,2026-06-20T14:18:09+0200,4bddbab4-20af-41f1-90cc-d649ae7f214d,2026-06-18T00:45:00Z,2026-06-18T02:45:00+0200,121.76,EUR/MWh,BE,BE,imbalance_price,Short,2026-06-20T12:20:56Z
2026-06-20T12:18:09Z,2026-06-20T14:18:09+0200,4bddbab4-20af-41f1-90cc-d649ae7f214d,2026-06-18T01:00:00Z,2026-06-18T03:00:00+0200,118.85,EUR/MWh,BE,BE,imbalance_price,Long,2026-06-20T12:20:56Z
2026-06-20T12:18:09Z,2026-06-20T14:18:09+0200,4bddbab4-20af-41f1-90cc-d649ae7f214d,2026-06-18T01:00:00Z,2026-06-18T03:00:00+0200,118.85,EUR/MWh,BE,BE,imbalance_price,Short,2026-06-20T12:20:56Z
2026-06-20T12:18:09Z,2026-06-20T14:18:09+0200,4bddbab4-20af-41f1-90cc-d649ae7f214d,2026-06-18T01:15:00Z,2026-06-18T03:15:00+0200,118.22,EUR/MWh,BE,BE,imbalance_price,Long,2026-06-20T12:20:56Z
2026-06-20T12:18:09Z,2026-06-20T14:18:09+0200,4bddbab4-20af-41f1-90cc-d649ae7f214d,2026-06-18T01:15:00Z,2026-06-18T03:15:00+0200,118.22,EUR/MWh,BE,BE,imbalance_price,Short,2026-06-20T12:20:56Z
2026-06-20T12:18:09Z,2026-06-20T14:18:09+0200,4bddbab4-20af-41f1-90cc-d649ae7f214d,2026-06-18T01:30:00Z,2026-06-18T03:30:00+0200,120.71,EUR/MWh,BE,BE,imbalance_price,Long,2026-06-20T12:20:56Z
2026-06-20T12:18:09Z,2026-06-20T14:18:09+0200,4bddbab4-20af-41f1-90cc-d649ae7f214d,2026-06-18T01:30:00Z,2026-06-18T03:30:00+0200,120.71,EUR/MWh,BE,BE,imbalance_price,Short,2026-06-20T12:20:56Z
2026-06-20T12:18:09Z,2026-06-20T14:18:09+0200,4bddbab4-20af-41f1-90cc-d649ae7f214d,2026-06-18T01:45:00Z,2026-06-18T03:45:00+0200,118.57,EUR/MWh,BE,BE,imbalance_price,Long,2026-06-20T12:20:56Z
2026-06-20T12:18:09Z,2026-06-20T14:18:09+0200,4bddbab4-20af-41f1-90cc-d649ae7f214d,2026-06-18T01:45:00Z,2026-06-18T03:45:00+0200,118.57,EUR/MWh,BE,BE,imbalance_price,Short,2026-06-20T12:20:56Z
2026-06-20T12:18:09Z,2026-06-20T14:18:09+0200,4bddbab4-20af-41f1-90cc-d649ae7f214d,2026-06-18T02:00:00Z,2026-06-18T04:00:00+0200,127.22,EUR/MWh,BE,BE,imbalance_price,Long,2026-06-20T12:20:56Z
2026-06-20T12:18:09Z,2026-06-20T14:18:09+0200,4bddbab4-20af-41f1-90cc-d649ae7f214d,2026-06-18T02:00:00Z,2026-06-18T04:00:00+0200,127.22,EUR/MWh,BE,BE,imbalance_price,Short,2026-06-20T12:20:56Z
2026-06-20T12:18:09Z,2026-06-20T14:18:09+0200,4bddbab4-20af-41f1-90cc-d649ae7f214d,2026-06-18T02:15:00Z,2026-06-18T04:15:00+0200,119.56,EUR/MWh,BE,BE,imbalance_price,Long,2026-06-20T12:20:56Z
2026-06-20T12:18:09Z,2026-06-20T14:18:09+0200,4bddbab4-20af-41f1-90cc-d649ae7f214d,2026-06-18T02:15:00Z,2026-06-18T04:15:00+0200,119.56,EUR/MWh,BE,BE,imbalance_price,Short,2026-06-20T12:20:56Z
2026-06-20T12:18:09Z,2026-06-20T14:18:09+0200,4bddbab4-20af-41f1-90cc-d649ae7f214d,2026-06-18T02:30:00Z,2026-06-18T04:30:00+0200,117.12,EUR/MWh,BE,BE,imbalance_price,Long,2026-06-20T12:20:56Z
2026-06-20T12:18:09Z,2026-06-20T14:18:09+0200,4bddbab4-20af-41f1-90cc-d649ae7f214d,2026-06-18T02:30:00Z,2026-06-18T04:30:00+0200,117.12,EUR/MWh,BE,BE,imbalance_price,Short,2026-06-20T12:20:56Z
2026-06-20T12:18:09Z,2026-06-20T14:18:09+0200,4bddbab4-20af-41f1-90cc-d649ae7f214d,2026-06-18T02:45:00Z,2026-06-18T04:45:00+0200,142.66,EUR/MWh,BE,BE,imbalance_price,Long,2026-06-20T12:20:56Z
2026-06-20T12:18:09Z,2026-06-20T14:18:09+0200,4bddbab4-20af-41f1-90cc-d649ae7f214d,2026-06-18T02:45:00Z,2026-06-18T04:45:00+0200,142.66,EUR/MWh,BE,BE,imbalance_price,Short,2026-06-20T12:20:56Z
2026-06-20T12:18:09Z,2026-06-20T14:18:09+0200,4bddbab4-20af-41f1-90cc-d649ae7f214d,2026-06-18T03:00:00Z,2026-06-18T05:00:00+0200,148.84,EUR/MWh,BE,BE,imbalance_price,Long,2026-06-20T12:20:56Z
2026-06-20T12:18:09Z,2026-06-20T14:18:09+0200,4bddbab4-20af-41f1-90cc-d649ae7f214d,2026-06-18T03:00:00Z,2026-06-18T05:00:00+0200,148.84,EUR/MWh,BE,BE,imbalance_price,Short,2026-06-20T12:20:56Z
2026-06-20T12:18:09Z,2026-06-20T14:18:09+0200,4bddbab4-20af-41f1-90cc-d649ae7f214d,2026-06-18T03:15:00Z,2026-06-18T05:15:00+0200,124.91,EUR/MWh,BE,BE,imbalance_price,Long,2026-06-20T12:20:56Z
2026-06-20T12:18:09Z,2026-06-20T14:18:09+0200,4bddbab4-20af-41f1-90cc-d649ae7f214d,2026-06-18T03:15:00Z,2026-06-18T05:15:00+0200,124.91,EUR/MWh,BE,BE,imbalance_price,Short,2026-06-20T12:20:56Z
2026-06-20T12:18:09Z,2026-06-20T14:18:09+0200,4bddbab4-20af-41f1-90cc-d649ae7f214d,2026-06-18T03:30:00Z,2026-06-18T05:30:00+0200,113.0,EUR/MWh,BE,BE,imbalance_price,Long,2026-06-20T12:20:56Z
2026-06-20T12:18:09Z,2026-06-20T14:18:09+0200,4bddbab4-20af-41f1-90cc-d649ae7f214d,2026-06-18T03:30:00Z,2026-06-18T05:30:00+0200,113.0,EUR/MWh,BE,BE,imbalance_price,Short,2026-06-20T12:20:56Z
2026-06-20T12:18:09Z,2026-06-20T14:18:09+0200,4bddbab4-20af-41f1-90cc-d649ae7f214d,2026-06-18T03:45:00Z,2026-06-18T05:45:00+0200,145.93,EUR/MWh,BE,BE,imbalance_price,Long,2026-06-20T12:20:56Z
2026-06-20T12:18:09Z,2026-06-20T14:18:09+0200,4bddbab4-20af-41f1-90cc-d649ae7f214d,2026-06-18T03:45:00Z,2026-06-18T05:45:00+0200,145.93,EUR/MWh,BE,BE,imbalance_price,Short,2026-06-20T12:20:56Z
2026-06-20T12:18:09Z,2026-06-20T14:18:09+0200,4bddbab4-20af-41f1-90cc-d649ae7f214d,2026-06-18T04:00:00Z,2026-06-18T06:00:00+0200,149.23,EUR/MWh,BE,BE,imbalance_price,Long,2026-06-20T12:20:56Z
2026-06-20T12:18:09Z,2026-06-20T14:18:09+0200,4bddbab4-20af-41f1-90cc-d649ae7f214d,2026-06-18T04:00:00Z,2026-06-18T06:00:00+0200,149.23,EUR/MWh,BE,BE,imbalance_price,Short,2026-06-20T12:20:56Z
2026-06-20T12:18:09Z,2026-06-20T14:18:09+0200,4bddbab4-20af-41f1-90cc-d649ae7f214d,2026-06-18T04:15:00Z,2026-06-18T06:15:00+0200,163.97,EUR/MWh,BE,BE,imbalance_price,Long,2026-06-20T12:20:56Z
2026-06-20T12:18:09Z,2026-06-20T14:18:09+0200,4bddbab4-20af-41f1-90cc-d649ae7f214d,2026-06-18T04:15:00Z,2026-06-18T06:15:00+0200,163.97,EUR/MWh,BE,BE,imbalance_price,Short,2026-06-20T12:20:56Z
2026-06-20T12:18:09Z,2026-06-20T14:18:09+0200,4bddbab4-20af-41f1-90cc-d649ae7f214d,2026-06-18T04:30:00Z,2026-06-18T06:30:00+0200,151.89,EUR/MWh,BE,BE,imbalance_price,Long,2026-06-20T12:20:56Z
2026-06-20T12:18:09Z,2026-06-20T14:18:09+0200,4bddbab4-20af-41f1-90cc-d649ae7f214d,2026-06-18T04:30:00Z,2026-06-18T06:30:00+0200,151.89,EUR/MWh,BE,BE,imbalance_price,Short,2026-06-20T12:20:56Z
2026-06-20T12:18:09Z,2026-06-20T14:18:09+0200,4bddbab4-20af-41f1-90cc-d649ae7f214d,2026-06-18T04:45:00Z,2026-06-18T06:45:00+0200,145.92,EUR/MWh,BE,BE,imbalance_price,Long,2026-06-20T12:20:56Z
2026-06-20T12:18:09Z,2026-06-20T14:18:09+0200,4bddbab4-20af-41f1-90cc-d649ae7f214d,2026-06-18T04:45:00Z,2026-06-18T06:45:00+0200,145.92,EUR/MWh,BE,BE,imbalance_price,Short,2026-06-20T12:20:56Z
2026-06-20T12:18:09Z,2026-06-20T14:18:09+0200,4bddbab4-20af-41f1-90cc-d649ae7f214d,2026-06-18T05:00:00Z,2026-06-18T07:00:00+0200,142.79,EUR/MWh,BE,BE,imbalance_price,Long,2026-06-20T12:20:56Z
2026-06-20T12:18:09Z,2026-06-20T14:18:09+0200,4bddbab4-20af-41f1-90cc-d649ae7f214d,2026-06-18T05:00:00Z,2026-06-18T07:00:00+0200,142.79,EUR/MWh,BE,BE,imbalance_price,Short,2026-06-20T12:20:56Z
2026-06-20T12:18:09Z,2026-06-20T14:18:09+0200,4bddbab4-20af-41f1-90cc-d649ae7f214d,2026-06-18T05:15:00Z,2026-06-18T07:15:00+0200,113.0,EUR/MWh,BE,BE,imbalance_price,Long,2026-06-20T12:20:56Z
2026-06-20T12:18:09Z,2026-06-20T14:18:09+0200,4bddbab4-20af-41f1-90cc-d649ae7f214d,2026-06-18T05:15:00Z,2026-06-18T07:15:00+0200,113.0,EUR/MWh,BE,BE,imbalance_price,Short,2026-06-20T12:20:56Z
2026-06-20T12:18:09Z,2026-06-20T14:18:09+0200,4bddbab4-20af-41f1-90cc-d649ae7f214d,2026-06-18T05:30:00Z,2026-06-18T07:30:00+0200,124.03,EUR/MWh,BE,BE,imbalance_price,Long,2026-06-20T12:20:56Z
2026-06-20T12:18:09Z,2026-06-20T14:18:09+0200,4bddbab4-20af-41f1-90cc-d649ae7f214d,2026-06-18T05:30:00Z,2026-06-18T07:30:00+0200,124.03,EUR/MWh,BE,BE,imbalance_price,Short,2026-06-20T12:20:56Z
2026-06-20T12:18:09Z,2026-06-20T14:18:09+0200,4bddbab4-20af-41f1-90cc-d649ae7f214d,2026-06-18T05:45:00Z,2026-06-18T07:45:00+0200,113.0,EUR/MWh,BE,BE,imbalance_price,Long,2026-06-20T12:20:56Z
2026-06-20T12:18:09Z,2026-06-20T14:18:09+0200,4bddbab4-20af-41f1-90cc-d649ae7f214d,2026-06-18T05:45:00Z,2026-06-18T07:45:00+0200,113.0,EUR/MWh,BE,BE,imbalance_price,Short,2026-06-20T12:20:56Z
2026-06-20T12:18:09Z,2026-06-20T14:18:09+0200,4bddbab4-20af-41f1-90cc-d649ae7f214d,2026-06-18T06:00:00Z,2026-06-18T08:00:00+0200,111.47,EUR/MWh,BE,BE,imbalance_price,Long,2026-06-20T12:20:56Z
2026-06-20T12:18:09Z,2026-06-20T14:18:09+0200,4bddbab4-20af-41f1-90cc-d649ae7f214d,2026-06-18T06:00:00Z,2026-06-18T08:00:00+0200,111.47,EUR/MWh,BE,BE,imbalance_price,Short,2026-06-20T12:20:56Z
2026-06-20T12:18:09Z,2026-06-20T14:18:09+0200,4bddbab4-20af-41f1-90cc-d649ae7f214d,2026-06-18T06:15:00Z,2026-06-18T08:15:00+0200,107.83,EUR/MWh,BE,BE,imbalance_price,Long,2026-06-20T12:20:56Z
2026-06-20T12:18:09Z,2026-06-20T14:18:09+0200,4bddbab4-20af-41f1-90cc-d649ae7f214d,2026-06-18T06:15:00Z,2026-06-18T08:15:00+0200,107.83,EUR/MWh,BE,BE,imbalance_price,Short,2026-06-20T12:20:56Z
2026-06-20T12:18:09Z,2026-06-20T14:18:09+0200,4bddbab4-20af-41f1-90cc-d649ae7f214d,2026-06-18T06:30:00Z,2026-06-18T08:30:00+0200,92.27,EUR/MWh,BE,BE,imbalance_price,Long,2026-06-20T12:20:56Z
2026-06-20T12:18:09Z,2026-06-20T14:18:09+0200,4bddbab4-20af-41f1-90cc-d649ae7f214d,2026-06-18T06:30:00Z,2026-06-18T08:30:00+0200,92.27,EUR/MWh,BE,BE,imbalance_price,Short,2026-06-20T12:20:56Z
2026-06-20T12:18:09Z,2026-06-20T14:18:09+0200,4bddbab4-20af-41f1-90cc-d649ae7f214d,2026-06-18T06:45:00Z,2026-06-18T08:45:00+0200,104.64,EUR/MWh,BE,BE,imbalance_price,Long,2026-06-20T12:20:56Z
2026-06-20T12:18:09Z,2026-06-20T14:18:09+0200,4bddbab4-20af-41f1-90cc-d649ae7f214d,2026-06-18T06:45:00Z,2026-06-18T08:45:00+0200,104.64,EUR/MWh,BE,BE,imbalance_price,Short,2026-06-20T12:20:56Z
2026-06-20T12:18:09Z,2026-06-20T14:18:09+0200,4bddbab4-20af-41f1-90cc-d649ae7f214d,2026-06-18T07:00:00Z,2026-06-18T09:00:00+0200,105.62,EUR/MWh,BE,BE,imbalance_price,Long,2026-06-20T12:20:56Z
2026-06-20T12:18:09Z,2026-06-20T14:18:09+0200,4bddbab4-20af-41f1-90cc-d649ae7f214d,2026-06-18T07:00:00Z,2026-06-18T09:00:00+0200,105.62,EUR/MWh,BE,BE,imbalance_price,Short,2026-06-20T12:20:56Z
2026-06-20T12:18:09Z,2026-06-20T14:18:09+0200,4bddbab4-20af-41f1-90cc-d649ae7f214d,2026-06-18T07:15:00Z,2026-06-18T09:15:00+0200,101.41,EUR/MWh,BE,BE,imbalance_price,Long,2026-06-20T12:20:56Z
2026-06-20T12:18:09Z,2026-06-20T14:18:09+0200,4bddbab4-20af-41f1-90cc-d649ae7f214d,2026-06-18T07:15:00Z,2026-06-18T09:15:00+0200,101.41,EUR/MWh,BE,BE,imbalance_price,Short,2026-06-20T12:20:56Z
2026-06-20T12:18:09Z,2026-06-20T14:18:09+0200,4bddbab4-20af-41f1-90cc-d649ae7f214d,2026-06-18T07:30:00Z,2026-06-18T09:30:00+0200,99.0,EUR/MWh,BE,BE,imbalance_price,Long,2026-06-20T12:20:56Z
2026-06-20T12:18:09Z,2026-06-20T14:18:09+0200,4bddbab4-20af-41f1-90cc-d649ae7f214d,2026-06-18T07:30:00Z,2026-06-18T09:30:00+0200,99.0,EUR/MWh,BE,BE,imbalance_price,Short,2026-06-20T12:20:56Z
2026-06-20T12:18:09Z,2026-06-20T14:18:09+0200,4bddbab4-20af-41f1-90cc-d649ae7f214d,2026-06-18T07:45:00Z,2026-06-18T09:45:00+0200,84.82,EUR/MWh,BE,BE,imbalance_price,Long,2026-06-20T12:20:56Z
2026-06-20T12:18:09Z,2026-06-20T14:18:09+0200,4bddbab4-20af-41f1-90cc-d649ae7f214d,2026-06-18T07:45:00Z,2026-06-18T09:45:00+0200,84.82,EUR/MWh,BE,BE,imbalance_price,Short,2026-06-20T12:20:56Z
2026-06-20T12:18:09Z,2026-06-20T14:18:09+0200,4bddbab4-20af-41f1-90cc-d649ae7f214d,2026-06-18T08:00:00Z,2026-06-18T10:00:00+0200,74.71,EUR/MWh,BE,BE,imbalance_price,Long,2026-06-20T12:20:56Z
2026-06-20T12:18:09Z,2026-06-20T14:18:09+0200,4bddbab4-20af-41f1-90cc-d649ae7f214d,2026-06-18T08:00:00Z,2026-06-18T10:00:00+0200,74.71,EUR/MWh,BE,BE,imbalance_price,Short,2026-06-20T12:20:56Z
2026-06-20T12:18:09Z,2026-06-20T14:18:09+0200,4bddbab4-20af-41f1-90cc-d649ae7f214d,2026-06-18T08:15:00Z,2026-06-18T10:15:00+0200,77.39,EUR/MWh,BE,BE,imbalance_price,Long,2026-06-20T12:20:56Z
2026-06-20T12:18:09Z,2026-06-20T14:18:09+0200,4bddbab4-20af-41f1-90cc-d649ae7f214d,2026-06-18T08:15:00Z,2026-06-18T10:15:00+0200,77.39,EUR/MWh,BE,BE,imbalance_price,Short,2026-06-20T12:20:56Z
2026-06-20T12:18:09Z,2026-06-20T14:18:09+0200,4bddbab4-20af-41f1-90cc-d649ae7f214d,2026-06-18T08:30:00Z,2026-06-18T10:30:00+0200,96.54,EUR/MWh,BE,BE,imbalance_price,Long,2026-06-20T12:20:56Z
2026-06-20T12:18:09Z,2026-06-20T14:18:09+0200,4bddbab4-20af-41f1-90cc-d649ae7f214d,2026-06-18T08:30:00Z,2026-06-18T10:30:00+0200,96.54,EUR/MWh,BE,BE,imbalance_price,Short,2026-06-20T12:20:56Z
2026-06-20T12:18:09Z,2026-06-20T14:18:09+0200,4bddbab4-20af-41f1-90cc-d649ae7f214d,2026-06-18T08:45:00Z,2026-06-18T10:45:00+0200,56.03,EUR/MWh,BE,BE,imbalance_price,Long,2026-06-20T12:20:56Z
2026-06-20T12:18:09Z,2026-06-20T14:18:09+0200,4bddbab4-20af-41f1-90cc-d649ae7f214d,2026-06-18T08:45:00Z,2026-06-18T10:45:00+0200,56.03,EUR/MWh,BE,BE,imbalance_price,Short,2026-06-20T12:20:56Z
2026-06-20T12:18:09Z,2026-06-20T14:18:09+0200,4bddbab4-20af-41f1-90cc-d649ae7f214d,2026-06-18T09:00:00Z,2026-06-18T11:00:00+0200,43.68,EUR/MWh,BE,BE,imbalance_price,Long,2026-06-20T12:20:56Z
2026-06-20T12:18:09Z,2026-06-20T14:18:09+0200,4bddbab4-20af-41f1-90cc-d649ae7f214d,2026-06-18T09:00:00Z,2026-06-18T11:00:00+0200,43.68,EUR/MWh,BE,BE,imbalance_price,Short,2026-06-20T12:20:56Z
2026-06-20T12:18:09Z,2026-06-20T14:18:09+0200,4bddbab4-20af-41f1-90cc-d649ae7f214d,2026-06-18T09:15:00Z,2026-06-18T11:15:00+0200,41.1,EUR/MWh,BE,BE,imbalance_price,Long,2026-06-20T12:20:56Z
2026-06-20T12:18:09Z,2026-06-20T14:18:09+0200,4bddbab4-20af-41f1-90cc-d649ae7f214d,2026-06-18T09:15:00Z,2026-06-18T11:15:00+0200,41.1,EUR/MWh,BE,BE,imbalance_price,Short,2026-06-20T12:20:56Z
2026-06-20T12:18:09Z,2026-06-20T14:18:09+0200,4bddbab4-20af-41f1-90cc-d649ae7f214d,2026-06-18T09:30:00Z,2026-06-18T11:30:00+0200,37.08,EUR/MWh,BE,BE,imbalance_price,Long,2026-06-20T12:20:56Z
2026-06-20T12:18:09Z,2026-06-20T14:18:09+0200,4bddbab4-20af-41f1-90cc-d649ae7f214d,2026-06-18T09:30:00Z,2026-06-18T11:30:00+0200,37.08,EUR/MWh,BE,BE,imbalance_price,Short,2026-06-20T12:20:56Z
2026-06-20T12:18:09Z,2026-06-20T14:18:09+0200,4bddbab4-20af-41f1-90cc-d649ae7f214d,2026-06-18T09:45:00Z,2026-06-18T11:45:00+0200,18.02,EUR/MWh,BE,BE,imbalance_price,Long,2026-06-20T12:20:56Z
2026-06-20T12:18:09Z,2026-06-20T14:18:09+0200,4bddbab4-20af-41f1-90cc-d649ae7f214d,2026-06-18T09:45:00Z,2026-06-18T11:45:00+0200,18.02,EUR/MWh,BE,BE,imbalance_price,Short,2026-06-20T12:20:56Z
2026-06-20T12:18:09Z,2026-06-20T14:18:09+0200,4bddbab4-20af-41f1-90cc-d649ae7f214d,2026-06-18T10:00:00Z,2026-06-18T12:00:00+0200,21.58,EUR/MWh,BE,BE,imbalance_price,Long,2026-06-20T12:20:56Z
2026-06-20T12:18:09Z,2026-06-20T14:18:09+0200,4bddbab4-20af-41f1-90cc-d649ae7f214d,2026-06-18T10:00:00Z,2026-06-18T12:00:00+0200,21.58,EUR/MWh,BE,BE,imbalance_price,Short,2026-06-20T12:20:56Z
2026-06-20T12:18:09Z,2026-06-20T14:18:09+0200,4bddbab4-20af-41f1-90cc-d649ae7f214d,2026-06-18T10:15:00Z,2026-06-18T12:15:00+0200,17.81,EUR/MWh,BE,BE,imbalance_price,Long,2026-06-20T12:20:56Z
2026-06-20T12:18:09Z,2026-06-20T14:18:09+0200,4bddbab4-20af-41f1-90cc-d649ae7f214d,2026-06-18T10:15:00Z,2026-06-18T12:15:00+0200,17.81,EUR/MWh,BE,BE,imbalance_price,Short,2026-06-20T12:20:56Z
2026-06-20T12:18:09Z,2026-06-20T14:18:09+0200,4bddbab4-20af-41f1-90cc-d649ae7f214d,2026-06-18T10:30:00Z,2026-06-18T12:30:00+0200,15.99,EUR/MWh,BE,BE,imbalance_price,Long,2026-06-20T12:20:56Z
2026-06-20T12:18:09Z,2026-06-20T14:18:09+0200,4bddbab4-20af-41f1-90cc-d649ae7f214d,2026-06-18T10:30:00Z,2026-06-18T12:30:00+0200,15.99,EUR/MWh,BE,BE,imbalance_price,Short,2026-06-20T12:20:56Z
2026-06-20T12:18:09Z,2026-06-20T14:18:09+0200,4bddbab4-20af-41f1-90cc-d649ae7f214d,2026-06-18T10:45:00Z,2026-06-18T12:45:00+0200,17.26,EUR/MWh,BE,BE,imbalance_price,Long,2026-06-20T12:20:56Z
2026-06-20T12:18:09Z,2026-06-20T14:18:09+0200,4bddbab4-20af-41f1-90cc-d649ae7f214d,2026-06-18T10:45:00Z,2026-06-18T12:45:00+0200,17.26,EUR/MWh,BE,BE,imbalance_price,Short,2026-06-20T12:20:56Z
2026-06-20T12:18:09Z,2026-06-20T14:18:09+0200,4bddbab4-20af-41f1-90cc-d649ae7f214d,2026-06-18T11:00:00Z,2026-06-18T13:00:00+0200,33.0,EUR/MWh,BE,BE,imbalance_price,Long,2026-06-20T12:20:56Z
2026-06-20T12:18:09Z,2026-06-20T14:18:09+0200,4bddbab4-20af-41f1-90cc-d649ae7f214d,2026-06-18T11:00:00Z,2026-06-18T13:00:00+0200,33.0,EUR/MWh,BE,BE,imbalance_price,Short,2026-06-20T12:20:56Z
2026-06-20T12:18:09Z,2026-06-20T14:18:09+0200,4bddbab4-20af-41f1-90cc-d649ae7f214d,2026-06-18T11:15:00Z,2026-06-18T13:15:00+0200,67.63,EUR/MWh,BE,BE,imbalance_price,Long,2026-06-20T12:20:56Z
2026-06-20T12:18:09Z,2026-06-20T14:18:09+0200,4bddbab4-20af-41f1-90cc-d649ae7f214d,2026-06-18T11:15:00Z,2026-06-18T13:15:00+0200,67.63,EUR/MWh,BE,BE,imbalance_price,Short,2026-06-20T12:20:56Z
2026-06-20T12:18:09Z,2026-06-20T14:18:09+0200,4bddbab4-20af-41f1-90cc-d649ae7f214d,2026-06-18T11:30:00Z,2026-06-18T13:30:00+0200,67.65,EUR/MWh,BE,BE,imbalance_price,Long,2026-06-20T12:20:56Z
2026-06-20T12:18:09Z,2026-06-20T14:18:09+0200,4bddbab4-20af-41f1-90cc-d649ae7f214d,2026-06-18T11:30:00Z,2026-06-18T13:30:00+0200,67.65,EUR/MWh,BE,BE,imbalance_price,Short,2026-06-20T12:20:56Z
2026-06-20T12:18:09Z,2026-06-20T14:18:09+0200,4bddbab4-20af-41f1-90cc-d649ae7f214d,2026-06-18T11:45:00Z,2026-06-18T13:45:00+0200,72.98,EUR/MWh,BE,BE,imbalance_price,Long,2026-06-20T12:20:56Z
2026-06-20T12:18:09Z,2026-06-20T14:18:09+0200,4bddbab4-20af-41f1-90cc-d649ae7f214d,2026-06-18T11:45:00Z,2026-06-18T13:45:00+0200,72.98,EUR/MWh,BE,BE,imbalance_price,Short,2026-06-20T12:20:56Z
2026-06-20T12:18:09Z,2026-06-20T14:18:09+0200,4bddbab4-20af-41f1-90cc-d649ae7f214d,2026-06-18T12:00:00Z,2026-06-18T14:00:00+0200,73.75,EUR/MWh,BE,BE,imbalance_price,Long,2026-06-20T12:20:56Z
2026-06-20T12:18:09Z,2026-06-20T14:18:09+0200,4bddbab4-20af-41f1-90cc-d649ae7f214d,2026-06-18T12:00:00Z,2026-06-18T14:00:00+0200,73.75,EUR/MWh,BE,BE,imbalance_price,Short,2026-06-20T12:20:56Z
2026-06-20T12:18:09Z,2026-06-20T14:18:09+0200,4bddbab4-20af-41f1-90cc-d649ae7f214d,2026-06-18T12:15:00Z,2026-06-18T14:15:00+0200,66.74,EUR/MWh,BE,BE,imbalance_price,Long,2026-06-20T12:20:56Z
2026-06-20T12:18:09Z,2026-06-20T14:18:09+0200,4bddbab4-20af-41f1-90cc-d649ae7f214d,2026-06-18T12:15:00Z,2026-06-18T14:15:00+0200,66.74,EUR/MWh,BE,BE,imbalance_price,Short,2026-06-20T12:20:56Z
2026-06-20T12:18:09Z,2026-06-20T14:18:09+0200,4bddbab4-20af-41f1-90cc-d649ae7f214d,2026-06-18T12:30:00Z,2026-06-18T14:30:00+0200,61.42,EUR/MWh,BE,BE,imbalance_price,Long,2026-06-20T12:20:56Z
2026-06-20T12:18:09Z,2026-06-20T14:18:09+0200,4bddbab4-20af-41f1-90cc-d649ae7f214d,2026-06-18T12:30:00Z,2026-06-18T14:30:00+0200,61.42,EUR/MWh,BE,BE,imbalance_price,Short,2026-06-20T12:20:56Z
2026-06-20T12:18:09Z,2026-06-20T14:18:09+0200,4bddbab4-20af-41f1-90cc-d649ae7f214d,2026-06-18T12:45:00Z,2026-06-18T14:45:00+0200,60.78,EUR/MWh,BE,BE,imbalance_price,Long,2026-06-20T12:20:56Z
2026-06-20T12:18:09Z,2026-06-20T14:18:09+0200,4bddbab4-20af-41f1-90cc-d649ae7f214d,2026-06-18T12:45:00Z,2026-06-18T14:45:00+0200,60.78,EUR/MWh,BE,BE,imbalance_price,Short,2026-06-20T12:20:56Z
2026-06-20T12:18:09Z,2026-06-20T14:18:09+0200,4bddbab4-20af-41f1-90cc-d649ae7f214d,2026-06-18T13:00:00Z,2026-06-18T15:00:00+0200,24.75,EUR/MWh,BE,BE,imbalance_price,Long,2026-06-20T12:20:56Z
2026-06-20T12:18:09Z,2026-06-20T14:18:09+0200,4bddbab4-20af-41f1-90cc-d649ae7f214d,2026-06-18T13:00:00Z,2026-06-18T15:00:00+0200,24.75,EUR/MWh,BE,BE,imbalance_price,Short,2026-06-20T12:20:56Z
2026-06-20T12:18:09Z,2026-06-20T14:18:09+0200,4bddbab4-20af-41f1-90cc-d649ae7f214d,2026-06-18T13:15:00Z,2026-06-18T15:15:00+0200,23.07,EUR/MWh,BE,BE,imbalance_price,Long,2026-06-20T12:20:56Z
2026-06-20T12:18:09Z,2026-06-20T14:18:09+0200,4bddbab4-20af-41f1-90cc-d649ae7f214d,2026-06-18T13:15:00Z,2026-06-18T15:15:00+0200,23.07,EUR/MWh,BE,BE,imbalance_price,Short,2026-06-20T12:20:56Z
2026-06-20T12:18:09Z,2026-06-20T14:18:09+0200,4bddbab4-20af-41f1-90cc-d649ae7f214d,2026-06-18T13:30:00Z,2026-06-18T15:30:00+0200,44.65,EUR/MWh,BE,BE,imbalance_price,Long,2026-06-20T12:20:56Z
2026-06-20T12:18:09Z,2026-06-20T14:18:09+0200,4bddbab4-20af-41f1-90cc-d649ae7f214d,2026-06-18T13:30:00Z,2026-06-18T15:30:00+0200,44.65,EUR/MWh,BE,BE,imbalance_price,Short,2026-06-20T12:20:56Z
2026-06-20T12:18:09Z,2026-06-20T14:18:09+0200,4bddbab4-20af-41f1-90cc-d649ae7f214d,2026-06-18T13:45:00Z,2026-06-18T15:45:00+0200,26.42,EUR/MWh,BE,BE,imbalance_price,Long,2026-06-20T12:20:56Z
2026-06-20T12:18:09Z,2026-06-20T14:18:09+0200,4bddbab4-20af-41f1-90cc-d649ae7f214d,2026-06-18T13:45:00Z,2026-06-18T15:45:00+0200,26.42,EUR/MWh,BE,BE,imbalance_price,Short,2026-06-20T12:20:56Z
2026-06-20T12:18:09Z,2026-06-20T14:18:09+0200,4bddbab4-20af-41f1-90cc-d649ae7f214d,2026-06-18T14:00:00Z,2026-06-18T16:00:00+0200,39.62,EUR/MWh,BE,BE,imbalance_price,Long,2026-06-20T12:20:56Z
2026-06-20T12:18:09Z,2026-06-20T14:18:09+0200,4bddbab4-20af-41f1-90cc-d649ae7f214d,2026-06-18T14:00:00Z,2026-06-18T16:00:00+0200,39.62,EUR/MWh,BE,BE,imbalance_price,Short,2026-06-20T12:20:56Z
2026-06-20T12:18:09Z,2026-06-20T14:18:09+0200,4bddbab4-20af-41f1-90cc-d649ae7f214d,2026-06-18T14:15:00Z,2026-06-18T16:15:00+0200,70.34,EUR/MWh,BE,BE,imbalance_price,Long,2026-06-20T12:20:56Z
2026-06-20T12:18:09Z,2026-06-20T14:18:09+0200,4bddbab4-20af-41f1-90cc-d649ae7f214d,2026-06-18T14:15:00Z,2026-06-18T16:15:00+0200,70.34,EUR/MWh,BE,BE,imbalance_price,Short,2026-06-20T12:20:56Z
2026-06-20T12:18:09Z,2026-06-20T14:18:09+0200,4bddbab4-20af-41f1-90cc-d649ae7f214d,2026-06-18T14:30:00Z,2026-06-18T16:30:00+0200,111.88,EUR/MWh,BE,BE,imbalance_price,Long,2026-06-20T12:20:56Z
2026-06-20T12:18:09Z,2026-06-20T14:18:09+0200,4bddbab4-20af-41f1-90cc-d649ae7f214d,2026-06-18T14:30:00Z,2026-06-18T16:30:00+0200,111.88,EUR/MWh,BE,BE,imbalance_price,Short,2026-06-20T12:20:56Z
2026-06-20T12:18:09Z,2026-06-20T14:18:09+0200,4bddbab4-20af-41f1-90cc-d649ae7f214d,2026-06-18T14:45:00Z,2026-06-18T16:45:00+0200,93.17,EUR/MWh,BE,BE,imbalance_price,Long,2026-06-20T12:20:56Z
2026-06-20T12:18:09Z,2026-06-20T14:18:09+0200,4bddbab4-20af-41f1-90cc-d649ae7f214d,2026-06-18T14:45:00Z,2026-06-18T16:45:00+0200,93.17,EUR/MWh,BE,BE,imbalance_price,Short,2026-06-20T12:20:56Z
2026-06-20T12:18:09Z,2026-06-20T14:18:09+0200,4bddbab4-20af-41f1-90cc-d649ae7f214d,2026-06-18T15:00:00Z,2026-06-18T17:00:00+0200,124.88,EUR/MWh,BE,BE,imbalance_price,Long,2026-06-20T12:20:56Z
2026-06-20T12:18:09Z,2026-06-20T14:18:09+0200,4bddbab4-20af-41f1-90cc-d649ae7f214d,2026-06-18T15:00:00Z,2026-06-18T17:00:00+0200,124.88,EUR/MWh,BE,BE,imbalance_price,Short,2026-06-20T12:20:56Z
2026-06-20T12:18:09Z,2026-06-20T14:18:09+0200,4bddbab4-20af-41f1-90cc-d649ae7f214d,2026-06-18T15:15:00Z,2026-06-18T17:15:00+0200,142.65,EUR/MWh,BE,BE,imbalance_price,Long,2026-06-20T12:20:56Z
2026-06-20T12:18:09Z,2026-06-20T14:18:09+0200,4bddbab4-20af-41f1-90cc-d649ae7f214d,2026-06-18T15:15:00Z,2026-06-18T17:15:00+0200,142.65,EUR/MWh,BE,BE,imbalance_price,Short,2026-06-20T12:20:56Z
2026-06-20T12:18:09Z,2026-06-20T14:18:09+0200,4bddbab4-20af-41f1-90cc-d649ae7f214d,2026-06-18T15:30:00Z,2026-06-18T17:30:00+0200,300.15,EUR/MWh,BE,BE,imbalance_price,Long,2026-06-20T12:20:56Z
2026-06-20T12:18:09Z,2026-06-20T14:18:09+0200,4bddbab4-20af-41f1-90cc-d649ae7f214d,2026-06-18T15:30:00Z,2026-06-18T17:30:00+0200,300.15,EUR/MWh,BE,BE,imbalance_price,Short,2026-06-20T12:20:56Z
2026-06-20T12:18:09Z,2026-06-20T14:18:09+0200,4bddbab4-20af-41f1-90cc-d649ae7f214d,2026-06-18T15:45:00Z,2026-06-18T17:45:00+0200,231.33,EUR/MWh,BE,BE,imbalance_price,Long,2026-06-20T12:20:56Z
2026-06-20T12:18:09Z,2026-06-20T14:18:09+0200,4bddbab4-20af-41f1-90cc-d649ae7f214d,2026-06-18T15:45:00Z,2026-06-18T17:45:00+0200,231.33,EUR/MWh,BE,BE,imbalance_price,Short,2026-06-20T12:20:56Z
2026-06-20T12:18:09Z,2026-06-20T14:18:09+0200,4bddbab4-20af-41f1-90cc-d649ae7f214d,2026-06-18T16:00:00Z,2026-06-18T18:00:00+0200,171.74,EUR/MWh,BE,BE,imbalance_price,Long,2026-06-20T12:20:56Z
2026-06-20T12:18:09Z,2026-06-20T14:18:09+0200,4bddbab4-20af-41f1-90cc-d649ae7f214d,2026-06-18T16:00:00Z,2026-06-18T18:00:00+0200,171.74,EUR/MWh,BE,BE,imbalance_price,Short,2026-06-20T12:20:56Z
2026-06-20T12:18:09Z,2026-06-20T14:18:09+0200,4bddbab4-20af-41f1-90cc-d649ae7f214d,2026-06-18T16:15:00Z,2026-06-18T18:15:00+0200,100.09,EUR/MWh,BE,BE,imbalance_price,Long,2026-06-20T12:20:56Z
2026-06-20T12:18:09Z,2026-06-20T14:18:09+0200,4bddbab4-20af-41f1-90cc-d649ae7f214d,2026-06-18T16:15:00Z,2026-06-18T18:15:00+0200,100.09,EUR/MWh,BE,BE,imbalance_price,Short,2026-06-20T12:20:56Z
2026-06-20T12:18:09Z,2026-06-20T14:18:09+0200,4bddbab4-20af-41f1-90cc-d649ae7f214d,2026-06-18T16:30:00Z,2026-06-18T18:30:00+0200,156.0,EUR/MWh,BE,BE,imbalance_price,Long,2026-06-20T12:20:56Z
2026-06-20T12:18:09Z,2026-06-20T14:18:09+0200,4bddbab4-20af-41f1-90cc-d649ae7f214d,2026-06-18T16:30:00Z,2026-06-18T18:30:00+0200,156.0,EUR/MWh,BE,BE,imbalance_price,Short,2026-06-20T12:20:56Z
2026-06-20T12:18:09Z,2026-06-20T14:18:09+0200,4bddbab4-20af-41f1-90cc-d649ae7f214d,2026-06-18T16:45:00Z,2026-06-18T18:45:00+0200,223.0,EUR/MWh,BE,BE,imbalance_price,Long,2026-06-20T12:20:56Z
2026-06-20T12:18:09Z,2026-06-20T14:18:09+0200,4bddbab4-20af-41f1-90cc-d649ae7f214d,2026-06-18T16:45:00Z,2026-06-18T18:45:00+0200,223.0,EUR/MWh,BE,BE,imbalance_price,Short,2026-06-20T12:20:56Z
2026-06-20T12:18:09Z,2026-06-20T14:18:09+0200,4bddbab4-20af-41f1-90cc-d649ae7f214d,2026-06-18T17:00:00Z,2026-06-18T19:00:00+0200,290.35,EUR/MWh,BE,BE,imbalance_price,Long,2026-06-20T12:20:56Z
2026-06-20T12:18:09Z,2026-06-20T14:18:09+0200,4bddbab4-20af-41f1-90cc-d649ae7f214d,2026-06-18T17:00:00Z,2026-06-18T19:00:00+0200,290.35,EUR/MWh,BE,BE,imbalance_price,Short,2026-06-20T12:20:56Z
2026-06-20T12:18:09Z,2026-06-20T14:18:09+0200,4bddbab4-20af-41f1-90cc-d649ae7f214d,2026-06-18T17:15:00Z,2026-06-18T19:15:00+0200,428.12,EUR/MWh,BE,BE,imbalance_price,Long,2026-06-20T12:20:56Z
2026-06-20T12:18:09Z,2026-06-20T14:18:09+0200,4bddbab4-20af-41f1-90cc-d649ae7f214d,2026-06-18T17:15:00Z,2026-06-18T19:15:00+0200,428.12,EUR/MWh,BE,BE,imbalance_price,Short,2026-06-20T12:20:56Z
2026-06-20T12:18:09Z,2026-06-20T14:18:09+0200,4bddbab4-20af-41f1-90cc-d649ae7f214d,2026-06-18T17:30:00Z,2026-06-18T19:30:00+0200,509.49,EUR/MWh,BE,BE,imbalance_price,Long,2026-06-20T12:20:56Z
2026-06-20T12:18:09Z,2026-06-20T14:18:09+0200,4bddbab4-20af-41f1-90cc-d649ae7f214d,2026-06-18T17:30:00Z,2026-06-18T19:30:00+0200,509.49,EUR/MWh,BE,BE,imbalance_price,Short,2026-06-20T12:20:56Z
2026-06-20T12:18:09Z,2026-06-20T14:18:09+0200,4bddbab4-20af-41f1-90cc-d649ae7f214d,2026-06-18T17:45:00Z,2026-06-18T19:45:00+0200,545.4,EUR/MWh,BE,BE,imbalance_price,Long,2026-06-20T12:20:56Z
2026-06-20T12:18:09Z,2026-06-20T14:18:09+0200,4bddbab4-20af-41f1-90cc-d649ae7f214d,2026-06-18T17:45:00Z,2026-06-18T19:45:00+0200,545.4,EUR/MWh,BE,BE,imbalance_price,Short,2026-06-20T12:20:56Z
2026-06-20T12:18:09Z,2026-06-20T14:18:09+0200,4bddbab4-20af-41f1-90cc-d649ae7f214d,2026-06-18T18:00:00Z,2026-06-18T20:00:00+0200,720.46,EUR/MWh,BE,BE,imbalance_price,Long,2026-06-20T12:20:56Z
2026-06-20T12:18:09Z,2026-06-20T14:18:09+0200,4bddbab4-20af-41f1-90cc-d649ae7f214d,2026-06-18T18:00:00Z,2026-06-18T20:00:00+0200,720.46,EUR/MWh,BE,BE,imbalance_price,Short,2026-06-20T12:20:56Z
2026-06-20T12:18:09Z,2026-06-20T14:18:09+0200,4bddbab4-20af-41f1-90cc-d649ae7f214d,2026-06-18T18:15:00Z,2026-06-18T20:15:00+0200,864.68,EUR/MWh,BE,BE,imbalance_price,Long,2026-06-20T12:20:56Z
2026-06-20T12:18:09Z,2026-06-20T14:18:09+0200,4bddbab4-20af-41f1-90cc-d649ae7f214d,2026-06-18T18:15:00Z,2026-06-18T20:15:00+0200,864.68,EUR/MWh,BE,BE,imbalance_price,Short,2026-06-20T12:20:56Z
2026-06-20T12:18:09Z,2026-06-20T14:18:09+0200,4bddbab4-20af-41f1-90cc-d649ae7f214d,2026-06-18T18:30:00Z,2026-06-18T20:30:00+0200,1141.15,EUR/MWh,BE,BE,imbalance_price,Long,2026-06-20T12:20:56Z
2026-06-20T12:18:09Z,2026-06-20T14:18:09+0200,4bddbab4-20af-41f1-90cc-d649ae7f214d,2026-06-18T18:30:00Z,2026-06-18T20:30:00+0200,1141.15,EUR/MWh,BE,BE,imbalance_price,Short,2026-06-20T12:20:56Z
2026-06-20T12:18:09Z,2026-06-20T14:18:09+0200,4bddbab4-20af-41f1-90cc-d649ae7f214d,2026-06-18T18:45:00Z,2026-06-18T20:45:00+0200,743.45,EUR/MWh,BE,BE,imbalance_price,Long,2026-06-20T12:20:56Z
2026-06-20T12:18:09Z,2026-06-20T14:18:09+0200,4bddbab4-20af-41f1-90cc-d649ae7f214d,2026-06-18T18:45:00Z,2026-06-18T20:45:00+0200,743.45,EUR/MWh,BE,BE,imbalance_price,Short,2026-06-20T12:20:56Z
2026-06-20T12:18:09Z,2026-06-20T14:18:09+0200,4bddbab4-20af-41f1-90cc-d649ae7f214d,2026-06-18T19:00:00Z,2026-06-18T21:00:00+0200,861.0,EUR/MWh,BE,BE,imbalance_price,Long,2026-06-20T12:20:56Z
2026-06-20T12:18:09Z,2026-06-20T14:18:09+0200,4bddbab4-20af-41f1-90cc-d649ae7f214d,2026-06-18T19:00:00Z,2026-06-18T21:00:00+0200,861.0,EUR/MWh,BE,BE,imbalance_price,Short,2026-06-20T12:20:56Z
2026-06-20T12:18:09Z,2026-06-20T14:18:09+0200,4bddbab4-20af-41f1-90cc-d649ae7f214d,2026-06-18T19:15:00Z,2026-06-18T21:15:00+0200,982.57,EUR/MWh,BE,BE,imbalance_price,Long,2026-06-20T12:20:56Z
2026-06-20T12:18:09Z,2026-06-20T14:18:09+0200,4bddbab4-20af-41f1-90cc-d649ae7f214d,2026-06-18T19:15:00Z,2026-06-18T21:15:00+0200,982.57,EUR/MWh,BE,BE,imbalance_price,Short,2026-06-20T12:20:56Z
2026-06-20T12:18:09Z,2026-06-20T14:18:09+0200,4bddbab4-20af-41f1-90cc-d649ae7f214d,2026-06-18T19:30:00Z,2026-06-18T21:30:00+0200,530.49,EUR/MWh,BE,BE,imbalance_price,Long,2026-06-20T12:20:56Z
2026-06-20T12:18:09Z,2026-06-20T14:18:09+0200,4bddbab4-20af-41f1-90cc-d649ae7f214d,2026-06-18T19:30:00Z,2026-06-18T21:30:00+0200,530.49,EUR/MWh,BE,BE,imbalance_price,Short,2026-06-20T12:20:56Z
2026-06-20T12:18:09Z,2026-06-20T14:18:09+0200,4bddbab4-20af-41f1-90cc-d649ae7f214d,2026-06-18T19:45:00Z,2026-06-18T21:45:00+0200,609.5,EUR/MWh,BE,BE,imbalance_price,Long,2026-06-20T12:20:56Z
2026-06-20T12:18:09Z,2026-06-20T14:18:09+0200,4bddbab4-20af-41f1-90cc-d649ae7f214d,2026-06-18T19:45:00Z,2026-06-18T21:45:00+0200,609.5,EUR/MWh,BE,BE,imbalance_price,Short,2026-06-20T12:20:56Z
2026-06-20T12:18:09Z,2026-06-20T14:18:09+0200,4bddbab4-20af-41f1-90cc-d649ae7f214d,2026-06-18T20:00:00Z,2026-06-18T22:00:00+0200,458.0,EUR/MWh,BE,BE,imbalance_price,Long,2026-06-20T12:20:56Z
2026-06-20T12:18:09Z,2026-06-20T14:18:09+0200,4bddbab4-20af-41f1-90cc-d649ae7f214d,2026-06-18T20:00:00Z,2026-06-18T22:00:00+0200,458.0,EUR/MWh,BE,BE,imbalance_price,Short,2026-06-20T12:20:56Z
2026-06-20T12:18:09Z,2026-06-20T14:18:09+0200,4bddbab4-20af-41f1-90cc-d649ae7f214d,2026-06-18T20:15:00Z,2026-06-18T22:15:00+0200,117.0,EUR/MWh,BE,BE,imbalance_price,Long,2026-06-20T12:20:56Z
2026-06-20T12:18:09Z,2026-06-20T14:18:09+0200,4bddbab4-20af-41f1-90cc-d649ae7f214d,2026-06-18T20:15:00Z,2026-06-18T22:15:00+0200,117.0,EUR/MWh,BE,BE,imbalance_price,Short,2026-06-20T12:20:56Z
2026-06-20T12:18:09Z,2026-06-20T14:18:09+0200,4bddbab4-20af-41f1-90cc-d649ae7f214d,2026-06-18T20:30:00Z,2026-06-18T22:30:00+0200,115.84,EUR/MWh,BE,BE,imbalance_price,Long,2026-06-20T12:20:56Z
2026-06-20T12:18:09Z,2026-06-20T14:18:09+0200,4bddbab4-20af-41f1-90cc-d649ae7f214d,2026-06-18T20:30:00Z,2026-06-18T22:30:00+0200,115.84,EUR/MWh,BE,BE,imbalance_price,Short,2026-06-20T12:20:56Z
2026-06-20T12:18:09Z,2026-06-20T14:18:09+0200,4bddbab4-20af-41f1-90cc-d649ae7f214d,2026-06-18T20:45:00Z,2026-06-18T22:45:00+0200,117.0,EUR/MWh,BE,BE,imbalance_price,Long,2026-06-20T12:20:56Z
2026-06-20T12:18:09Z,2026-06-20T14:18:09+0200,4bddbab4-20af-41f1-90cc-d649ae7f214d,2026-06-18T20:45:00Z,2026-06-18T22:45:00+0200,117.0,EUR/MWh,BE,BE,imbalance_price,Short,2026-06-20T12:20:56Z
2026-06-20T12:18:09Z,2026-06-20T14:18:09+0200,4bddbab4-20af-41f1-90cc-d649ae7f214d,2026-06-18T21:00:00Z,2026-06-18T23:00:00+0200,288.5,EUR/MWh,BE,BE,imbalance_price,Long,2026-06-20T12:20:56Z
2026-06-20T12:18:09Z,2026-06-20T14:18:09+0200,4bddbab4-20af-41f1-90cc-d649ae7f214d,2026-06-18T21:00:00Z,2026-06-18T23:00:00+0200,288.5,EUR/MWh,BE,BE,imbalance_price,Short,2026-06-20T12:20:56Z
2026-06-20T12:18:09Z,2026-06-20T14:18:09+0200,4bddbab4-20af-41f1-90cc-d649ae7f214d,2026-06-18T21:15:00Z,2026-06-18T23:15:00+0200,118.0,EUR/MWh,BE,BE,imbalance_price,Long,2026-06-20T12:20:56Z
2026-06-20T12:18:09Z,2026-06-20T14:18:09+0200,4bddbab4-20af-41f1-90cc-d649ae7f214d,2026-06-18T21:15:00Z,2026-06-18T23:15:00+0200,118.0,EUR/MWh,BE,BE,imbalance_price,Short,2026-06-20T12:20:56Z
2026-06-20T12:18:09Z,2026-06-20T14:18:09+0200,4bddbab4-20af-41f1-90cc-d649ae7f214d,2026-06-18T21:30:00Z,2026-06-18T23:30:00+0200,118.0,EUR/MWh,BE,BE,imbalance_price,Long,2026-06-20T12:20:56Z
2026-06-20T12:18:09Z,2026-06-20T14:18:09+0200,4bddbab4-20af-41f1-90cc-d649ae7f214d,2026-06-18T21:30:00Z,2026-06-18T23:30:00+0200,118.0,EUR/MWh,BE,BE,imbalance_price,Short,2026-06-20T12:20:56Z
2026-06-20T12:18:09Z,2026-06-20T14:18:09+0200,4bddbab4-20af-41f1-90cc-d649ae7f214d,2026-06-18T21:45:00Z,2026-06-18T23:45:00+0200,117.07,EUR/MWh,BE,BE,imbalance_price,Long,2026-06-20T12:20:56Z
2026-06-20T12:18:09Z,2026-06-20T14:18:09+0200,4bddbab4-20af-41f1-90cc-d649ae7f214d,2026-06-18T21:45:00Z,2026-06-18T23:45:00+0200,117.07,EUR/MWh,BE,BE,imbalance_price,Short,2026-06-20T12:20:56Z
2026-06-20T12:18:09Z,2026-06-20T14:18:09+0200,4bddbab4-20af-41f1-90cc-d649ae7f214d,2026-06-18T22:00:00Z,2026-06-19T00:00:00+0200,85.85,EUR/MWh,BE,BE,imbalance_price,Long,2026-06-20T12:20:56Z
2026-06-20T12:18:09Z,2026-06-20T14:18:09+0200,4bddbab4-20af-41f1-90cc-d649ae7f214d,2026-06-18T22:00:00Z,2026-06-19T00:00:00+0200,85.85,EUR/MWh,BE,BE,imbalance_price,Short,2026-06-20T12:20:56Z
2026-06-20T12:18:09Z,2026-06-20T14:18:09+0200,4bddbab4-20af-41f1-90cc-d649ae7f214d,2026-06-18T22:15:00Z,2026-06-19T00:15:00+0200,14.13,EUR/MWh,BE,BE,imbalance_price,Long,2026-06-20T12:20:56Z
2026-06-20T12:18:09Z,2026-06-20T14:18:09+0200,4bddbab4-20af-41f1-90cc-d649ae7f214d,2026-06-18T22:15:00Z,2026-06-19T00:15:00+0200,14.13,EUR/MWh,BE,BE,imbalance_price,Short,2026-06-20T12:20:56Z
2026-06-20T12:18:09Z,2026-06-20T14:18:09+0200,4bddbab4-20af-41f1-90cc-d649ae7f214d,2026-06-18T22:30:00Z,2026-06-19T00:30:00+0200,87.54,EUR/MWh,BE,BE,imbalance_price,Long,2026-06-20T12:20:56Z
2026-06-20T12:18:09Z,2026-06-20T14:18:09+0200,4bddbab4-20af-41f1-90cc-d649ae7f214d,2026-06-18T22:30:00Z,2026-06-19T00:30:00+0200,87.54,EUR/MWh,BE,BE,imbalance_price,Short,2026-06-20T12:20:56Z
2026-06-20T12:18:09Z,2026-06-20T14:18:09+0200,4bddbab4-20af-41f1-90cc-d649ae7f214d,2026-06-18T22:45:00Z,2026-06-19T00:45:00+0200,88.67,EUR/MWh,BE,BE,imbalance_price,Long,2026-06-20T12:20:56Z
2026-06-20T12:18:09Z,2026-06-20T14:18:09+0200,4bddbab4-20af-41f1-90cc-d649ae7f214d,2026-06-18T22:45:00Z,2026-06-19T00:45:00+0200,88.67,EUR/MWh,BE,BE,imbalance_price,Short,2026-06-20T12:20:56Z
2026-06-20T12:18:09Z,2026-06-20T14:18:09+0200,4bddbab4-20af-41f1-90cc-d649ae7f214d,2026-06-18T23:00:00Z,2026-06-19T01:00:00+0200,101.92,EUR/MWh,BE,BE,imbalance_price,Long,2026-06-20T12:20:56Z
2026-06-20T12:18:09Z,2026-06-20T14:18:09+0200,4bddbab4-20af-41f1-90cc-d649ae7f214d,2026-06-18T23:00:00Z,2026-06-19T01:00:00+0200,101.92,EUR/MWh,BE,BE,imbalance_price,Short,2026-06-20T12:20:56Z
2026-06-20T12:18:09Z,2026-06-20T14:18:09+0200,4bddbab4-20af-41f1-90cc-d649ae7f214d,2026-06-18T23:15:00Z,2026-06-19T01:15:00+0200,85.96,EUR/MWh,BE,BE,imbalance_price,Long,2026-06-20T12:20:56Z
2026-06-20T12:18:09Z,2026-06-20T14:18:09+0200,4bddbab4-20af-41f1-90cc-d649ae7f214d,2026-06-18T23:15:00Z,2026-06-19T01:15:00+0200,85.96,EUR/MWh,BE,BE,imbalance_price,Short,2026-06-20T12:20:56Z
2026-06-20T12:18:09Z,2026-06-20T14:18:09+0200,4bddbab4-20af-41f1-90cc-d649ae7f214d,2026-06-18T23:30:00Z,2026-06-19T01:30:00+0200,79.9,EUR/MWh,BE,BE,imbalance_price,Long,2026-06-20T12:20:56Z
2026-06-20T12:18:09Z,2026-06-20T14:18:09+0200,4bddbab4-20af-41f1-90cc-d649ae7f214d,2026-06-18T23:30:00Z,2026-06-19T01:30:00+0200,79.9,EUR/MWh,BE,BE,imbalance_price,Short,2026-06-20T12:20:56Z
2026-06-20T12:18:09Z,2026-06-20T14:18:09+0200,4bddbab4-20af-41f1-90cc-d649ae7f214d,2026-06-18T23:45:00Z,2026-06-19T01:45:00+0200,78.31,EUR/MWh,BE,BE,imbalance_price,Long,2026-06-20T12:20:56Z
2026-06-20T12:18:09Z,2026-06-20T14:18:09+0200,4bddbab4-20af-41f1-90cc-d649ae7f214d,2026-06-18T23:45:00Z,2026-06-19T01:45:00+0200,78.31,EUR/MWh,BE,BE,imbalance_price,Short,2026-06-20T12:20:56Z
2026-06-20T12:18:09Z,2026-06-20T14:18:09+0200,4bddbab4-20af-41f1-90cc-d649ae7f214d,2026-06-19T00:00:00Z,2026-06-19T02:00:00+0200,79.54,EUR/MWh,BE,BE,imbalance_price,Long,2026-06-20T12:20:56Z
2026-06-20T12:18:09Z,2026-06-20T14:18:09+0200,4bddbab4-20af-41f1-90cc-d649ae7f214d,2026-06-19T00:00:00Z,2026-06-19T02:00:00+0200,79.54,EUR/MWh,BE,BE,imbalance_price,Short,2026-06-20T12:20:56Z
2026-06-20T12:18:09Z,2026-06-20T14:18:09+0200,4bddbab4-20af-41f1-90cc-d649ae7f214d,2026-06-19T00:15:00Z,2026-06-19T02:15:00+0200,78.27,EUR/MWh,BE,BE,imbalance_price,Long,2026-06-20T12:20:56Z
2026-06-20T12:18:09Z,2026-06-20T14:18:09+0200,4bddbab4-20af-41f1-90cc-d649ae7f214d,2026-06-19T00:15:00Z,2026-06-19T02:15:00+0200,78.27,EUR/MWh,BE,BE,imbalance_price,Short,2026-06-20T12:20:56Z
2026-06-20T12:18:09Z,2026-06-20T14:18:09+0200,4bddbab4-20af-41f1-90cc-d649ae7f214d,2026-06-19T00:30:00Z,2026-06-19T02:30:00+0200,89.62,EUR/MWh,BE,BE,imbalance_price,Long,2026-06-20T12:20:56Z
2026-06-20T12:18:09Z,2026-06-20T14:18:09+0200,4bddbab4-20af-41f1-90cc-d649ae7f214d,2026-06-19T00:30:00Z,2026-06-19T02:30:00+0200,89.62,EUR/MWh,BE,BE,imbalance_price,Short,2026-06-20T12:20:56Z
2026-06-20T12:18:09Z,2026-06-20T14:18:09+0200,4bddbab4-20af-41f1-90cc-d649ae7f214d,2026-06-19T00:45:00Z,2026-06-19T02:45:00+0200,69.77,EUR/MWh,BE,BE,imbalance_price,Long,2026-06-20T12:20:56Z
2026-06-20T12:18:09Z,2026-06-20T14:18:09+0200,4bddbab4-20af-41f1-90cc-d649ae7f214d,2026-06-19T00:45:00Z,2026-06-19T02:45:00+0200,69.77,EUR/MWh,BE,BE,imbalance_price,Short,2026-06-20T12:20:56Z
2026-06-20T12:18:09Z,2026-06-20T14:18:09+0200,4bddbab4-20af-41f1-90cc-d649ae7f214d,2026-06-19T01:00:00Z,2026-06-19T03:00:00+0200,70.22,EUR/MWh,BE,BE,imbalance_price,Long,2026-06-20T12:20:56Z
2026-06-20T12:18:09Z,2026-06-20T14:18:09+0200,4bddbab4-20af-41f1-90cc-d649ae7f214d,2026-06-19T01:00:00Z,2026-06-19T03:00:00+0200,70.22,EUR/MWh,BE,BE,imbalance_price,Short,2026-06-20T12:20:56Z
2026-06-20T12:18:09Z,2026-06-20T14:18:09+0200,4bddbab4-20af-41f1-90cc-d649ae7f214d,2026-06-19T01:15:00Z,2026-06-19T03:15:00+0200,70.4,EUR/MWh,BE,BE,imbalance_price,Long,2026-06-20T12:20:56Z
2026-06-20T12:18:09Z,2026-06-20T14:18:09+0200,4bddbab4-20af-41f1-90cc-d649ae7f214d,2026-06-19T01:15:00Z,2026-06-19T03:15:00+0200,70.4,EUR/MWh,BE,BE,imbalance_price,Short,2026-06-20T12:20:56Z
2026-06-20T12:18:09Z,2026-06-20T14:18:09+0200,4bddbab4-20af-41f1-90cc-d649ae7f214d,2026-06-19T01:30:00Z,2026-06-19T03:30:00+0200,77.15,EUR/MWh,BE,BE,imbalance_price,Long,2026-06-20T12:20:56Z
2026-06-20T12:18:09Z,2026-06-20T14:18:09+0200,4bddbab4-20af-41f1-90cc-d649ae7f214d,2026-06-19T01:30:00Z,2026-06-19T03:30:00+0200,77.15,EUR/MWh,BE,BE,imbalance_price,Short,2026-06-20T12:20:56Z
2026-06-20T12:18:09Z,2026-06-20T14:18:09+0200,4bddbab4-20af-41f1-90cc-d649ae7f214d,2026-06-19T01:45:00Z,2026-06-19T03:45:00+0200,80.93,EUR/MWh,BE,BE,imbalance_price,Long,2026-06-20T12:20:56Z
2026-06-20T12:18:09Z,2026-06-20T14:18:09+0200,4bddbab4-20af-41f1-90cc-d649ae7f214d,2026-06-19T01:45:00Z,2026-06-19T03:45:00+0200,80.93,EUR/MWh,BE,BE,imbalance_price,Short,2026-06-20T12:20:56Z
2026-06-20T12:18:09Z,2026-06-20T14:18:09+0200,4bddbab4-20af-41f1-90cc-d649ae7f214d,2026-06-19T02:00:00Z,2026-06-19T04:00:00+0200,75.64,EUR/MWh,BE,BE,imbalance_price,Long,2026-06-20T12:20:56Z
2026-06-20T12:18:09Z,2026-06-20T14:18:09+0200,4bddbab4-20af-41f1-90cc-d649ae7f214d,2026-06-19T02:00:00Z,2026-06-19T04:00:00+0200,75.64,EUR/MWh,BE,BE,imbalance_price,Short,2026-06-20T12:20:56Z
2026-06-20T12:18:09Z,2026-06-20T14:18:09+0200,4bddbab4-20af-41f1-90cc-d649ae7f214d,2026-06-19T02:15:00Z,2026-06-19T04:15:00+0200,60.33,EUR/MWh,BE,BE,imbalance_price,Long,2026-06-20T12:20:56Z
2026-06-20T12:18:09Z,2026-06-20T14:18:09+0200,4bddbab4-20af-41f1-90cc-d649ae7f214d,2026-06-19T02:15:00Z,2026-06-19T04:15:00+0200,60.33,EUR/MWh,BE,BE,imbalance_price,Short,2026-06-20T12:20:56Z
2026-06-20T12:18:09Z,2026-06-20T14:18:09+0200,4bddbab4-20af-41f1-90cc-d649ae7f214d,2026-06-19T02:30:00Z,2026-06-19T04:30:00+0200,75.92,EUR/MWh,BE,BE,imbalance_price,Long,2026-06-20T12:20:56Z
2026-06-20T12:18:09Z,2026-06-20T14:18:09+0200,4bddbab4-20af-41f1-90cc-d649ae7f214d,2026-06-19T02:30:00Z,2026-06-19T04:30:00+0200,75.92,EUR/MWh,BE,BE,imbalance_price,Short,2026-06-20T12:20:56Z
2026-06-20T12:18:09Z,2026-06-20T14:18:09+0200,4bddbab4-20af-41f1-90cc-d649ae7f214d,2026-06-19T02:45:00Z,2026-06-19T04:45:00+0200,85.05,EUR/MWh,BE,BE,imbalance_price,Long,2026-06-20T12:20:56Z
2026-06-20T12:18:09Z,2026-06-20T14:18:09+0200,4bddbab4-20af-41f1-90cc-d649ae7f214d,2026-06-19T02:45:00Z,2026-06-19T04:45:00+0200,85.05,EUR/MWh,BE,BE,imbalance_price,Short,2026-06-20T12:20:56Z
2026-06-20T12:18:09Z,2026-06-20T14:18:09+0200,4bddbab4-20af-41f1-90cc-d649ae7f214d,2026-06-19T03:00:00Z,2026-06-19T05:00:00+0200,93.85,EUR/MWh,BE,BE,imbalance_price,Long,2026-06-20T12:20:56Z
2026-06-20T12:18:09Z,2026-06-20T14:18:09+0200,4bddbab4-20af-41f1-90cc-d649ae7f214d,2026-06-19T03:00:00Z,2026-06-19T05:00:00+0200,93.85,EUR/MWh,BE,BE,imbalance_price,Short,2026-06-20T12:20:56Z
2026-06-20T12:18:09Z,2026-06-20T14:18:09+0200,4bddbab4-20af-41f1-90cc-d649ae7f214d,2026-06-19T03:15:00Z,2026-06-19T05:15:00+0200,65.06,EUR/MWh,BE,BE,imbalance_price,Long,2026-06-20T12:20:56Z
2026-06-20T12:18:09Z,2026-06-20T14:18:09+0200,4bddbab4-20af-41f1-90cc-d649ae7f214d,2026-06-19T03:15:00Z,2026-06-19T05:15:00+0200,65.06,EUR/MWh,BE,BE,imbalance_price,Short,2026-06-20T12:20:56Z
2026-06-20T12:18:09Z,2026-06-20T14:18:09+0200,4bddbab4-20af-41f1-90cc-d649ae7f214d,2026-06-19T03:30:00Z,2026-06-19T05:30:00+0200,86.63,EUR/MWh,BE,BE,imbalance_price,Long,2026-06-20T12:20:56Z
2026-06-20T12:18:09Z,2026-06-20T14:18:09+0200,4bddbab4-20af-41f1-90cc-d649ae7f214d,2026-06-19T03:30:00Z,2026-06-19T05:30:00+0200,86.63,EUR/MWh,BE,BE,imbalance_price,Short,2026-06-20T12:20:56Z
2026-06-20T12:18:09Z,2026-06-20T14:18:09+0200,4bddbab4-20af-41f1-90cc-d649ae7f214d,2026-06-19T03:45:00Z,2026-06-19T05:45:00+0200,115.31,EUR/MWh,BE,BE,imbalance_price,Long,2026-06-20T12:20:56Z
2026-06-20T12:18:09Z,2026-06-20T14:18:09+0200,4bddbab4-20af-41f1-90cc-d649ae7f214d,2026-06-19T03:45:00Z,2026-06-19T05:45:00+0200,115.31,EUR/MWh,BE,BE,imbalance_price,Short,2026-06-20T12:20:56Z
2026-06-20T12:18:09Z,2026-06-20T14:18:09+0200,4bddbab4-20af-41f1-90cc-d649ae7f214d,2026-06-19T04:00:00Z,2026-06-19T06:00:00+0200,117.5,EUR/MWh,BE,BE,imbalance_price,Long,2026-06-20T12:20:56Z
2026-06-20T12:18:09Z,2026-06-20T14:18:09+0200,4bddbab4-20af-41f1-90cc-d649ae7f214d,2026-06-19T04:00:00Z,2026-06-19T06:00:00+0200,117.5,EUR/MWh,BE,BE,imbalance_price,Short,2026-06-20T12:20:56Z
2026-06-20T12:18:09Z,2026-06-20T14:18:09+0200,4bddbab4-20af-41f1-90cc-d649ae7f214d,2026-06-19T04:15:00Z,2026-06-19T06:15:00+0200,96.97,EUR/MWh,BE,BE,imbalance_price,Long,2026-06-20T12:20:56Z
2026-06-20T12:18:09Z,2026-06-20T14:18:09+0200,4bddbab4-20af-41f1-90cc-d649ae7f214d,2026-06-19T04:15:00Z,2026-06-19T06:15:00+0200,96.97,EUR/MWh,BE,BE,imbalance_price,Short,2026-06-20T12:20:56Z
2026-06-20T12:18:09Z,2026-06-20T14:18:09+0200,4bddbab4-20af-41f1-90cc-d649ae7f214d,2026-06-19T04:30:00Z,2026-06-19T06:30:00+0200,106.18,EUR/MWh,BE,BE,imbalance_price,Long,2026-06-20T12:20:56Z
2026-06-20T12:18:09Z,2026-06-20T14:18:09+0200,4bddbab4-20af-41f1-90cc-d649ae7f214d,2026-06-19T04:30:00Z,2026-06-19T06:30:00+0200,106.18,EUR/MWh,BE,BE,imbalance_price,Short,2026-06-20T12:20:56Z
2026-06-20T12:18:09Z,2026-06-20T14:18:09+0200,4bddbab4-20af-41f1-90cc-d649ae7f214d,2026-06-19T04:45:00Z,2026-06-19T06:45:00+0200,96.26,EUR/MWh,BE,BE,imbalance_price,Long,2026-06-20T12:20:56Z
2026-06-20T12:18:09Z,2026-06-20T14:18:09+0200,4bddbab4-20af-41f1-90cc-d649ae7f214d,2026-06-19T04:45:00Z,2026-06-19T06:45:00+0200,96.26,EUR/MWh,BE,BE,imbalance_price,Short,2026-06-20T12:20:56Z
2026-06-20T12:18:09Z,2026-06-20T14:18:09+0200,4bddbab4-20af-41f1-90cc-d649ae7f214d,2026-06-19T05:00:00Z,2026-06-19T07:00:00+0200,87.41,EUR/MWh,BE,BE,imbalance_price,Long,2026-06-20T12:20:56Z
2026-06-20T12:18:09Z,2026-06-20T14:18:09+0200,4bddbab4-20af-41f1-90cc-d649ae7f214d,2026-06-19T05:00:00Z,2026-06-19T07:00:00+0200,87.41,EUR/MWh,BE,BE,imbalance_price,Short,2026-06-20T12:20:56Z
2026-06-20T12:18:09Z,2026-06-20T14:18:09+0200,4bddbab4-20af-41f1-90cc-d649ae7f214d,2026-06-19T05:15:00Z,2026-06-19T07:15:00+0200,94.94,EUR/MWh,BE,BE,imbalance_price,Long,2026-06-20T12:20:56Z
2026-06-20T12:18:09Z,2026-06-20T14:18:09+0200,4bddbab4-20af-41f1-90cc-d649ae7f214d,2026-06-19T05:15:00Z,2026-06-19T07:15:00+0200,94.94,EUR/MWh,BE,BE,imbalance_price,Short,2026-06-20T12:20:56Z
2026-06-20T12:18:09Z,2026-06-20T14:18:09+0200,4bddbab4-20af-41f1-90cc-d649ae7f214d,2026-06-19T05:30:00Z,2026-06-19T07:30:00+0200,81.93,EUR/MWh,BE,BE,imbalance_price,Long,2026-06-20T12:20:56Z
2026-06-20T12:18:09Z,2026-06-20T14:18:09+0200,4bddbab4-20af-41f1-90cc-d649ae7f214d,2026-06-19T05:30:00Z,2026-06-19T07:30:00+0200,81.93,EUR/MWh,BE,BE,imbalance_price,Short,2026-06-20T12:20:56Z
2026-06-20T12:18:09Z,2026-06-20T14:18:09+0200,4bddbab4-20af-41f1-90cc-d649ae7f214d,2026-06-19T05:45:00Z,2026-06-19T07:45:00+0200,83.58,EUR/MWh,BE,BE,imbalance_price,Long,2026-06-20T12:20:56Z
2026-06-20T12:18:09Z,2026-06-20T14:18:09+0200,4bddbab4-20af-41f1-90cc-d649ae7f214d,2026-06-19T05:45:00Z,2026-06-19T07:45:00+0200,83.58,EUR/MWh,BE,BE,imbalance_price,Short,2026-06-20T12:20:56Z
2026-06-20T12:18:09Z,2026-06-20T14:18:09+0200,4bddbab4-20af-41f1-90cc-d649ae7f214d,2026-06-19T06:00:00Z,2026-06-19T08:00:00+0200,80.83,EUR/MWh,BE,BE,imbalance_price,Long,2026-06-20T12:20:56Z
2026-06-20T12:18:09Z,2026-06-20T14:18:09+0200,4bddbab4-20af-41f1-90cc-d649ae7f214d,2026-06-19T06:00:00Z,2026-06-19T08:00:00+0200,80.83,EUR/MWh,BE,BE,imbalance_price,Short,2026-06-20T12:20:56Z
2026-06-20T12:18:09Z,2026-06-20T14:18:09+0200,4bddbab4-20af-41f1-90cc-d649ae7f214d,2026-06-19T06:15:00Z,2026-06-19T08:15:00+0200,88.0,EUR/MWh,BE,BE,imbalance_price,Long,2026-06-20T12:20:56Z
2026-06-20T12:18:09Z,2026-06-20T14:18:09+0200,4bddbab4-20af-41f1-90cc-d649ae7f214d,2026-06-19T06:15:00Z,2026-06-19T08:15:00+0200,88.0,EUR/MWh,BE,BE,imbalance_price,Short,2026-06-20T12:20:56Z
2026-06-20T12:18:09Z,2026-06-20T14:18:09+0200,4bddbab4-20af-41f1-90cc-d649ae7f214d,2026-06-19T06:30:00Z,2026-06-19T08:30:00+0200,79.37,EUR/MWh,BE,BE,imbalance_price,Long,2026-06-20T12:20:56Z
2026-06-20T12:18:09Z,2026-06-20T14:18:09+0200,4bddbab4-20af-41f1-90cc-d649ae7f214d,2026-06-19T06:30:00Z,2026-06-19T08:30:00+0200,79.37,EUR/MWh,BE,BE,imbalance_price,Short,2026-06-20T12:20:56Z
2026-06-20T12:18:09Z,2026-06-20T14:18:09+0200,4bddbab4-20af-41f1-90cc-d649ae7f214d,2026-06-19T06:45:00Z,2026-06-19T08:45:00+0200,80.0,EUR/MWh,BE,BE,imbalance_price,Long,2026-06-20T12:20:56Z
2026-06-20T12:18:09Z,2026-06-20T14:18:09+0200,4bddbab4-20af-41f1-90cc-d649ae7f214d,2026-06-19T06:45:00Z,2026-06-19T08:45:00+0200,80.0,EUR/MWh,BE,BE,imbalance_price,Short,2026-06-20T12:20:56Z
2026-06-20T12:18:09Z,2026-06-20T14:18:09+0200,4bddbab4-20af-41f1-90cc-d649ae7f214d,2026-06-19T07:00:00Z,2026-06-19T09:00:00+0200,94.46,EUR/MWh,BE,BE,imbalance_price,Long,2026-06-20T12:20:56Z
2026-06-20T12:18:09Z,2026-06-20T14:18:09+0200,4bddbab4-20af-41f1-90cc-d649ae7f214d,2026-06-19T07:00:00Z,2026-06-19T09:00:00+0200,94.46,EUR/MWh,BE,BE,imbalance_price,Short,2026-06-20T12:20:56Z
2026-06-20T12:18:09Z,2026-06-20T14:18:09+0200,4bddbab4-20af-41f1-90cc-d649ae7f214d,2026-06-19T07:15:00Z,2026-06-19T09:15:00+0200,71.66,EUR/MWh,BE,BE,imbalance_price,Long,2026-06-20T12:20:56Z
2026-06-20T12:18:09Z,2026-06-20T14:18:09+0200,4bddbab4-20af-41f1-90cc-d649ae7f214d,2026-06-19T07:15:00Z,2026-06-19T09:15:00+0200,71.66,EUR/MWh,BE,BE,imbalance_price,Short,2026-06-20T12:20:56Z
2026-06-20T12:18:09Z,2026-06-20T14:18:09+0200,4bddbab4-20af-41f1-90cc-d649ae7f214d,2026-06-19T07:30:00Z,2026-06-19T09:30:00+0200,34.1,EUR/MWh,BE,BE,imbalance_price,Long,2026-06-20T12:20:56Z
2026-06-20T12:18:09Z,2026-06-20T14:18:09+0200,4bddbab4-20af-41f1-90cc-d649ae7f214d,2026-06-19T07:30:00Z,2026-06-19T09:30:00+0200,34.1,EUR/MWh,BE,BE,imbalance_price,Short,2026-06-20T12:20:56Z
2026-06-20T12:18:09Z,2026-06-20T14:18:09+0200,4bddbab4-20af-41f1-90cc-d649ae7f214d,2026-06-19T07:45:00Z,2026-06-19T09:45:00+0200,38.7,EUR/MWh,BE,BE,imbalance_price,Long,2026-06-20T12:20:56Z
2026-06-20T12:18:09Z,2026-06-20T14:18:09+0200,4bddbab4-20af-41f1-90cc-d649ae7f214d,2026-06-19T07:45:00Z,2026-06-19T09:45:00+0200,38.7,EUR/MWh,BE,BE,imbalance_price,Short,2026-06-20T12:20:56Z
2026-06-20T12:18:09Z,2026-06-20T14:18:09+0200,4bddbab4-20af-41f1-90cc-d649ae7f214d,2026-06-19T08:00:00Z,2026-06-19T10:00:00+0200,59.5,EUR/MWh,BE,BE,imbalance_price,Long,2026-06-20T12:20:56Z
2026-06-20T12:18:09Z,2026-06-20T14:18:09+0200,4bddbab4-20af-41f1-90cc-d649ae7f214d,2026-06-19T08:00:00Z,2026-06-19T10:00:00+0200,59.5,EUR/MWh,BE,BE,imbalance_price,Short,2026-06-20T12:20:56Z
2026-06-20T12:18:09Z,2026-06-20T14:18:09+0200,4bddbab4-20af-41f1-90cc-d649ae7f214d,2026-06-19T08:15:00Z,2026-06-19T10:15:00+0200,2.85,EUR/MWh,BE,BE,imbalance_price,Long,2026-06-20T12:20:56Z
2026-06-20T12:18:09Z,2026-06-20T14:18:09+0200,4bddbab4-20af-41f1-90cc-d649ae7f214d,2026-06-19T08:15:00Z,2026-06-19T10:15:00+0200,2.85,EUR/MWh,BE,BE,imbalance_price,Short,2026-06-20T12:20:56Z
2026-06-20T12:18:09Z,2026-06-20T14:18:09+0200,4bddbab4-20af-41f1-90cc-d649ae7f214d,2026-06-19T08:30:00Z,2026-06-19T10:30:00+0200,-162.6,EUR/MWh,BE,BE,imbalance_price,Long,2026-06-20T12:20:56Z
2026-06-20T12:18:09Z,2026-06-20T14:18:09+0200,4bddbab4-20af-41f1-90cc-d649ae7f214d,2026-06-19T08:30:00Z,2026-06-19T10:30:00+0200,-162.6,EUR/MWh,BE,BE,imbalance_price,Short,2026-06-20T12:20:56Z
2026-06-20T12:18:09Z,2026-06-20T14:18:09+0200,4bddbab4-20af-41f1-90cc-d649ae7f214d,2026-06-19T08:45:00Z,2026-06-19T10:45:00+0200,-26.39,EUR/MWh,BE,BE,imbalance_price,Long,2026-06-20T12:20:56Z
2026-06-20T12:18:09Z,2026-06-20T14:18:09+0200,4bddbab4-20af-41f1-90cc-d649ae7f214d,2026-06-19T08:45:00Z,2026-06-19T10:45:00+0200,-26.39,EUR/MWh,BE,BE,imbalance_price,Short,2026-06-20T12:20:56Z
2026-06-20T12:18:09Z,2026-06-20T14:18:09+0200,4bddbab4-20af-41f1-90cc-d649ae7f214d,2026-06-19T09:00:00Z,2026-06-19T11:00:00+0200,-0.49,EUR/MWh,BE,BE,imbalance_price,Long,2026-06-20T12:20:56Z
2026-06-20T12:18:09Z,2026-06-20T14:18:09+0200,4bddbab4-20af-41f1-90cc-d649ae7f214d,2026-06-19T09:00:00Z,2026-06-19T11:00:00+0200,-0.49,EUR/MWh,BE,BE,imbalance_price,Short,2026-06-20T12:20:56Z
2026-06-20T12:18:09Z,2026-06-20T14:18:09+0200,4bddbab4-20af-41f1-90cc-d649ae7f214d,2026-06-19T09:15:00Z,2026-06-19T11:15:00+0200,-3.57,EUR/MWh,BE,BE,imbalance_price,Long,2026-06-20T12:20:56Z
2026-06-20T12:18:09Z,2026-06-20T14:18:09+0200,4bddbab4-20af-41f1-90cc-d649ae7f214d,2026-06-19T09:15:00Z,2026-06-19T11:15:00+0200,-3.57,EUR/MWh,BE,BE,imbalance_price,Short,2026-06-20T12:20:56Z
2026-06-20T12:18:09Z,2026-06-20T14:18:09+0200,4bddbab4-20af-41f1-90cc-d649ae7f214d,2026-06-19T09:30:00Z,2026-06-19T11:30:00+0200,-5.7,EUR/MWh,BE,BE,imbalance_price,Long,2026-06-20T12:20:56Z
2026-06-20T12:18:09Z,2026-06-20T14:18:09+0200,4bddbab4-20af-41f1-90cc-d649ae7f214d,2026-06-19T09:30:00Z,2026-06-19T11:30:00+0200,-5.7,EUR/MWh,BE,BE,imbalance_price,Short,2026-06-20T12:20:56Z
2026-06-20T12:18:09Z,2026-06-20T14:18:09+0200,4bddbab4-20af-41f1-90cc-d649ae7f214d,2026-06-19T09:45:00Z,2026-06-19T11:45:00+0200,-11.11,EUR/MWh,BE,BE,imbalance_price,Long,2026-06-20T12:20:56Z
2026-06-20T12:18:09Z,2026-06-20T14:18:09+0200,4bddbab4-20af-41f1-90cc-d649ae7f214d,2026-06-19T09:45:00Z,2026-06-19T11:45:00+0200,-11.11,EUR/MWh,BE,BE,imbalance_price,Short,2026-06-20T12:20:56Z
2026-06-20T12:18:09Z,2026-06-20T14:18:09+0200,4bddbab4-20af-41f1-90cc-d649ae7f214d,2026-06-19T10:00:00Z,2026-06-19T12:00:00+0200,25.93,EUR/MWh,BE,BE,imbalance_price,Long,2026-06-20T12:20:56Z
2026-06-20T12:18:09Z,2026-06-20T14:18:09+0200,4bddbab4-20af-41f1-90cc-d649ae7f214d,2026-06-19T10:00:00Z,2026-06-19T12:00:00+0200,25.93,EUR/MWh,BE,BE,imbalance_price,Short,2026-06-20T12:20:56Z
2026-06-20T12:18:09Z,2026-06-20T14:18:09+0200,4bddbab4-20af-41f1-90cc-d649ae7f214d,2026-06-19T10:15:00Z,2026-06-19T12:15:00+0200,30.12,EUR/MWh,BE,BE,imbalance_price,Long,2026-06-20T12:20:56Z
2026-06-20T12:18:09Z,2026-06-20T14:18:09+0200,4bddbab4-20af-41f1-90cc-d649ae7f214d,2026-06-19T10:15:00Z,2026-06-19T12:15:00+0200,30.12,EUR/MWh,BE,BE,imbalance_price,Short,2026-06-20T12:20:56Z
2026-06-20T12:18:09Z,2026-06-20T14:18:09+0200,4bddbab4-20af-41f1-90cc-d649ae7f214d,2026-06-19T10:30:00Z,2026-06-19T12:30:00+0200,39.58,EUR/MWh,BE,BE,imbalance_price,Long,2026-06-20T12:20:56Z
2026-06-20T12:18:09Z,2026-06-20T14:18:09+0200,4bddbab4-20af-41f1-90cc-d649ae7f214d,2026-06-19T10:30:00Z,2026-06-19T12:30:00+0200,39.58,EUR/MWh,BE,BE,imbalance_price,Short,2026-06-20T12:20:56Z
2026-06-20T12:18:09Z,2026-06-20T14:18:09+0200,4bddbab4-20af-41f1-90cc-d649ae7f214d,2026-06-19T10:45:00Z,2026-06-19T12:45:00+0200,156.26,EUR/MWh,BE,BE,imbalance_price,Long,2026-06-20T12:20:56Z
2026-06-20T12:18:09Z,2026-06-20T14:18:09+0200,4bddbab4-20af-41f1-90cc-d649ae7f214d,2026-06-19T10:45:00Z,2026-06-19T12:45:00+0200,156.26,EUR/MWh,BE,BE,imbalance_price,Short,2026-06-20T12:20:56Z
2026-06-20T12:18:09Z,2026-06-20T14:18:09+0200,4bddbab4-20af-41f1-90cc-d649ae7f214d,2026-06-19T11:00:00Z,2026-06-19T13:00:00+0200,97.0,EUR/MWh,BE,BE,imbalance_price,Long,2026-06-20T12:20:56Z
2026-06-20T12:18:09Z,2026-06-20T14:18:09+0200,4bddbab4-20af-41f1-90cc-d649ae7f214d,2026-06-19T11:00:00Z,2026-06-19T13:00:00+0200,97.0,EUR/MWh,BE,BE,imbalance_price,Short,2026-06-20T12:20:56Z
2026-06-20T12:18:09Z,2026-06-20T14:18:09+0200,4bddbab4-20af-41f1-90cc-d649ae7f214d,2026-06-19T11:15:00Z,2026-06-19T13:15:00+0200,88.45,EUR/MWh,BE,BE,imbalance_price,Long,2026-06-20T12:20:56Z
2026-06-20T12:18:09Z,2026-06-20T14:18:09+0200,4bddbab4-20af-41f1-90cc-d649ae7f214d,2026-06-19T11:15:00Z,2026-06-19T13:15:00+0200,88.45,EUR/MWh,BE,BE,imbalance_price,Short,2026-06-20T12:20:56Z
2026-06-20T12:18:09Z,2026-06-20T14:18:09+0200,4bddbab4-20af-41f1-90cc-d649ae7f214d,2026-06-19T11:30:00Z,2026-06-19T13:30:00+0200,180.71,EUR/MWh,BE,BE,imbalance_price,Long,2026-06-20T12:20:56Z
2026-06-20T12:18:09Z,2026-06-20T14:18:09+0200,4bddbab4-20af-41f1-90cc-d649ae7f214d,2026-06-19T11:30:00Z,2026-06-19T13:30:00+0200,180.71,EUR/MWh,BE,BE,imbalance_price,Short,2026-06-20T12:20:56Z
2026-06-20T12:18:09Z,2026-06-20T14:18:09+0200,4bddbab4-20af-41f1-90cc-d649ae7f214d,2026-06-19T11:45:00Z,2026-06-19T13:45:00+0200,147.93,EUR/MWh,BE,BE,imbalance_price,Long,2026-06-20T12:20:56Z
2026-06-20T12:18:09Z,2026-06-20T14:18:09+0200,4bddbab4-20af-41f1-90cc-d649ae7f214d,2026-06-19T11:45:00Z,2026-06-19T13:45:00+0200,147.93,EUR/MWh,BE,BE,imbalance_price,Short,2026-06-20T12:20:56Z
2026-06-20T12:18:09Z,2026-06-20T14:18:09+0200,4bddbab4-20af-41f1-90cc-d649ae7f214d,2026-06-19T12:00:00Z,2026-06-19T14:00:00+0200,138.95,EUR/MWh,BE,BE,imbalance_price,Long,2026-06-20T12:20:56Z
2026-06-20T12:18:09Z,2026-06-20T14:18:09+0200,4bddbab4-20af-41f1-90cc-d649ae7f214d,2026-06-19T12:00:00Z,2026-06-19T14:00:00+0200,138.95,EUR/MWh,BE,BE,imbalance_price,Short,2026-06-20T12:20:56Z
2026-06-20T12:18:09Z,2026-06-20T14:18:09+0200,4bddbab4-20af-41f1-90cc-d649ae7f214d,2026-06-19T12:15:00Z,2026-06-19T14:15:00+0200,142.56,EUR/MWh,BE,BE,imbalance_price,Long,2026-06-20T12:20:56Z
2026-06-20T12:18:09Z,2026-06-20T14:18:09+0200,4bddbab4-20af-41f1-90cc-d649ae7f214d,2026-06-19T12:15:00Z,2026-06-19T14:15:00+0200,142.56,EUR/MWh,BE,BE,imbalance_price,Short,2026-06-20T12:20:56Z
2026-06-20T12:18:09Z,2026-06-20T14:18:09+0200,4bddbab4-20af-41f1-90cc-d649ae7f214d,2026-06-19T12:30:00Z,2026-06-19T14:30:00+0200,123.59,EUR/MWh,BE,BE,imbalance_price,Long,2026-06-20T12:20:56Z
2026-06-20T12:18:09Z,2026-06-20T14:18:09+0200,4bddbab4-20af-41f1-90cc-d649ae7f214d,2026-06-19T12:30:00Z,2026-06-19T14:30:00+0200,123.59,EUR/MWh,BE,BE,imbalance_price,Short,2026-06-20T12:20:56Z
2026-06-20T12:18:09Z,2026-06-20T14:18:09+0200,4bddbab4-20af-41f1-90cc-d649ae7f214d,2026-06-19T12:45:00Z,2026-06-19T14:45:00+0200,118.39,EUR/MWh,BE,BE,imbalance_price,Long,2026-06-20T12:20:56Z
2026-06-20T12:18:09Z,2026-06-20T14:18:09+0200,4bddbab4-20af-41f1-90cc-d649ae7f214d,2026-06-19T12:45:00Z,2026-06-19T14:45:00+0200,118.39,EUR/MWh,BE,BE,imbalance_price,Short,2026-06-20T12:20:56Z
2026-06-20T12:18:09Z,2026-06-20T14:18:09+0200,4bddbab4-20af-41f1-90cc-d649ae7f214d,2026-06-19T13:00:00Z,2026-06-19T15:00:00+0200,64.63,EUR/MWh,BE,BE,imbalance_price,Long,2026-06-20T12:20:56Z
2026-06-20T12:18:09Z,2026-06-20T14:18:09+0200,4bddbab4-20af-41f1-90cc-d649ae7f214d,2026-06-19T13:00:00Z,2026-06-19T15:00:00+0200,64.63,EUR/MWh,BE,BE,imbalance_price,Short,2026-06-20T12:20:56Z
2026-06-20T12:18:09Z,2026-06-20T14:18:09+0200,4bddbab4-20af-41f1-90cc-d649ae7f214d,2026-06-19T13:15:00Z,2026-06-19T15:15:00+0200,63.94,EUR/MWh,BE,BE,imbalance_price,Long,2026-06-20T12:20:56Z
2026-06-20T12:18:09Z,2026-06-20T14:18:09+0200,4bddbab4-20af-41f1-90cc-d649ae7f214d,2026-06-19T13:15:00Z,2026-06-19T15:15:00+0200,63.94,EUR/MWh,BE,BE,imbalance_price,Short,2026-06-20T12:20:56Z
2026-06-20T12:18:09Z,2026-06-20T14:18:09+0200,4bddbab4-20af-41f1-90cc-d649ae7f214d,2026-06-19T13:30:00Z,2026-06-19T15:30:00+0200,47.41,EUR/MWh,BE,BE,imbalance_price,Long,2026-06-20T12:20:56Z
2026-06-20T12:18:09Z,2026-06-20T14:18:09+0200,4bddbab4-20af-41f1-90cc-d649ae7f214d,2026-06-19T13:30:00Z,2026-06-19T15:30:00+0200,47.41,EUR/MWh,BE,BE,imbalance_price,Short,2026-06-20T12:20:56Z
2026-06-20T12:18:09Z,2026-06-20T14:18:09+0200,4bddbab4-20af-41f1-90cc-d649ae7f214d,2026-06-19T13:45:00Z,2026-06-19T15:45:00+0200,12.07,EUR/MWh,BE,BE,imbalance_price,Long,2026-06-20T12:20:56Z
2026-06-20T12:18:09Z,2026-06-20T14:18:09+0200,4bddbab4-20af-41f1-90cc-d649ae7f214d,2026-06-19T13:45:00Z,2026-06-19T15:45:00+0200,12.07,EUR/MWh,BE,BE,imbalance_price,Short,2026-06-20T12:20:56Z
2026-06-20T12:18:09Z,2026-06-20T14:18:09+0200,4bddbab4-20af-41f1-90cc-d649ae7f214d,2026-06-19T14:00:00Z,2026-06-19T16:00:00+0200,32.85,EUR/MWh,BE,BE,imbalance_price,Long,2026-06-20T12:20:56Z
2026-06-20T12:18:09Z,2026-06-20T14:18:09+0200,4bddbab4-20af-41f1-90cc-d649ae7f214d,2026-06-19T14:00:00Z,2026-06-19T16:00:00+0200,32.85,EUR/MWh,BE,BE,imbalance_price,Short,2026-06-20T12:20:56Z
2026-06-20T12:18:09Z,2026-06-20T14:18:09+0200,4bddbab4-20af-41f1-90cc-d649ae7f214d,2026-06-19T14:15:00Z,2026-06-19T16:15:00+0200,80.88,EUR/MWh,BE,BE,imbalance_price,Long,2026-06-20T12:20:56Z
2026-06-20T12:18:09Z,2026-06-20T14:18:09+0200,4bddbab4-20af-41f1-90cc-d649ae7f214d,2026-06-19T14:15:00Z,2026-06-19T16:15:00+0200,80.88,EUR/MWh,BE,BE,imbalance_price,Short,2026-06-20T12:20:56Z
2026-06-20T12:18:09Z,2026-06-20T14:18:09+0200,4bddbab4-20af-41f1-90cc-d649ae7f214d,2026-06-19T14:30:00Z,2026-06-19T16:30:00+0200,38.14,EUR/MWh,BE,BE,imbalance_price,Long,2026-06-20T12:20:56Z
2026-06-20T12:18:09Z,2026-06-20T14:18:09+0200,4bddbab4-20af-41f1-90cc-d649ae7f214d,2026-06-19T14:30:00Z,2026-06-19T16:30:00+0200,38.14,EUR/MWh,BE,BE,imbalance_price,Short,2026-06-20T12:20:56Z
2026-06-20T12:18:09Z,2026-06-20T14:18:09+0200,4bddbab4-20af-41f1-90cc-d649ae7f214d,2026-06-19T14:45:00Z,2026-06-19T16:45:00+0200,50.41,EUR/MWh,BE,BE,imbalance_price,Long,2026-06-20T12:20:56Z
2026-06-20T12:18:09Z,2026-06-20T14:18:09+0200,4bddbab4-20af-41f1-90cc-d649ae7f214d,2026-06-19T14:45:00Z,2026-06-19T16:45:00+0200,50.41,EUR/MWh,BE,BE,imbalance_price,Short,2026-06-20T12:20:56Z
2026-06-20T12:18:09Z,2026-06-20T14:18:09+0200,4bddbab4-20af-41f1-90cc-d649ae7f214d,2026-06-19T15:00:00Z,2026-06-19T17:00:00+0200,103.62,EUR/MWh,BE,BE,imbalance_price,Long,2026-06-20T12:20:56Z
2026-06-20T12:18:09Z,2026-06-20T14:18:09+0200,4bddbab4-20af-41f1-90cc-d649ae7f214d,2026-06-19T15:00:00Z,2026-06-19T17:00:00+0200,103.62,EUR/MWh,BE,BE,imbalance_price,Short,2026-06-20T12:20:56Z
2026-06-20T12:18:09Z,2026-06-20T14:18:09+0200,4bddbab4-20af-41f1-90cc-d649ae7f214d,2026-06-19T15:15:00Z,2026-06-19T17:15:00+0200,108.18,EUR/MWh,BE,BE,imbalance_price,Long,2026-06-20T12:20:56Z
2026-06-20T12:18:09Z,2026-06-20T14:18:09+0200,4bddbab4-20af-41f1-90cc-d649ae7f214d,2026-06-19T15:15:00Z,2026-06-19T17:15:00+0200,108.18,EUR/MWh,BE,BE,imbalance_price,Short,2026-06-20T12:20:56Z
2026-06-20T12:18:09Z,2026-06-20T14:18:09+0200,4bddbab4-20af-41f1-90cc-d649ae7f214d,2026-06-19T15:30:00Z,2026-06-19T17:30:00+0200,89.77,EUR/MWh,BE,BE,imbalance_price,Long,2026-06-20T12:20:56Z
2026-06-20T12:18:09Z,2026-06-20T14:18:09+0200,4bddbab4-20af-41f1-90cc-d649ae7f214d,2026-06-19T15:30:00Z,2026-06-19T17:30:00+0200,89.77,EUR/MWh,BE,BE,imbalance_price,Short,2026-06-20T12:20:56Z
2026-06-20T12:18:09Z,2026-06-20T14:18:09+0200,4bddbab4-20af-41f1-90cc-d649ae7f214d,2026-06-19T15:45:00Z,2026-06-19T17:45:00+0200,109.51,EUR/MWh,BE,BE,imbalance_price,Long,2026-06-20T12:20:56Z
2026-06-20T12:18:09Z,2026-06-20T14:18:09+0200,4bddbab4-20af-41f1-90cc-d649ae7f214d,2026-06-19T15:45:00Z,2026-06-19T17:45:00+0200,109.51,EUR/MWh,BE,BE,imbalance_price,Short,2026-06-20T12:20:56Z
2026-06-20T12:18:09Z,2026-06-20T14:18:09+0200,4bddbab4-20af-41f1-90cc-d649ae7f214d,2026-06-19T16:00:00Z,2026-06-19T18:00:00+0200,56.96,EUR/MWh,BE,BE,imbalance_price,Long,2026-06-20T12:20:56Z
2026-06-20T12:18:09Z,2026-06-20T14:18:09+0200,4bddbab4-20af-41f1-90cc-d649ae7f214d,2026-06-19T16:00:00Z,2026-06-19T18:00:00+0200,56.96,EUR/MWh,BE,BE,imbalance_price,Short,2026-06-20T12:20:56Z
2026-06-20T12:18:09Z,2026-06-20T14:18:09+0200,4bddbab4-20af-41f1-90cc-d649ae7f214d,2026-06-19T16:15:00Z,2026-06-19T18:15:00+0200,79.0,EUR/MWh,BE,BE,imbalance_price,Long,2026-06-20T12:20:56Z
2026-06-20T12:18:09Z,2026-06-20T14:18:09+0200,4bddbab4-20af-41f1-90cc-d649ae7f214d,2026-06-19T16:15:00Z,2026-06-19T18:15:00+0200,79.0,EUR/MWh,BE,BE,imbalance_price,Short,2026-06-20T12:20:56Z
2026-06-20T12:18:09Z,2026-06-20T14:18:09+0200,4bddbab4-20af-41f1-90cc-d649ae7f214d,2026-06-19T16:30:00Z,2026-06-19T18:30:00+0200,158.65,EUR/MWh,BE,BE,imbalance_price,Long,2026-06-20T12:20:56Z
2026-06-20T12:18:09Z,2026-06-20T14:18:09+0200,4bddbab4-20af-41f1-90cc-d649ae7f214d,2026-06-19T16:30:00Z,2026-06-19T18:30:00+0200,158.65,EUR/MWh,BE,BE,imbalance_price,Short,2026-06-20T12:20:56Z
2026-06-20T12:18:09Z,2026-06-20T14:18:09+0200,4bddbab4-20af-41f1-90cc-d649ae7f214d,2026-06-19T16:45:00Z,2026-06-19T18:45:00+0200,165.72,EUR/MWh,BE,BE,imbalance_price,Long,2026-06-20T12:20:56Z
2026-06-20T12:18:09Z,2026-06-20T14:18:09+0200,4bddbab4-20af-41f1-90cc-d649ae7f214d,2026-06-19T16:45:00Z,2026-06-19T18:45:00+0200,165.72,EUR/MWh,BE,BE,imbalance_price,Short,2026-06-20T12:20:56Z
2026-06-20T12:18:09Z,2026-06-20T14:18:09+0200,4bddbab4-20af-41f1-90cc-d649ae7f214d,2026-06-19T17:00:00Z,2026-06-19T19:00:00+0200,153.4,EUR/MWh,BE,BE,imbalance_price,Long,2026-06-20T12:20:56Z
2026-06-20T12:18:09Z,2026-06-20T14:18:09+0200,4bddbab4-20af-41f1-90cc-d649ae7f214d,2026-06-19T17:00:00Z,2026-06-19T19:00:00+0200,153.4,EUR/MWh,BE,BE,imbalance_price,Short,2026-06-20T12:20:56Z
2026-06-20T12:18:09Z,2026-06-20T14:18:09+0200,4bddbab4-20af-41f1-90cc-d649ae7f214d,2026-06-19T17:15:00Z,2026-06-19T19:15:00+0200,162.18,EUR/MWh,BE,BE,imbalance_price,Long,2026-06-20T12:20:56Z
2026-06-20T12:18:09Z,2026-06-20T14:18:09+0200,4bddbab4-20af-41f1-90cc-d649ae7f214d,2026-06-19T17:15:00Z,2026-06-19T19:15:00+0200,162.18,EUR/MWh,BE,BE,imbalance_price,Short,2026-06-20T12:20:56Z
2026-06-20T12:18:09Z,2026-06-20T14:18:09+0200,4bddbab4-20af-41f1-90cc-d649ae7f214d,2026-06-19T17:30:00Z,2026-06-19T19:30:00+0200,194.28,EUR/MWh,BE,BE,imbalance_price,Long,2026-06-20T12:20:56Z
2026-06-20T12:18:09Z,2026-06-20T14:18:09+0200,4bddbab4-20af-41f1-90cc-d649ae7f214d,2026-06-19T17:30:00Z,2026-06-19T19:30:00+0200,194.28,EUR/MWh,BE,BE,imbalance_price,Short,2026-06-20T12:20:56Z
2026-06-20T12:18:09Z,2026-06-20T14:18:09+0200,4bddbab4-20af-41f1-90cc-d649ae7f214d,2026-06-19T17:45:00Z,2026-06-19T19:45:00+0200,206.34,EUR/MWh,BE,BE,imbalance_price,Long,2026-06-20T12:20:56Z
2026-06-20T12:18:09Z,2026-06-20T14:18:09+0200,4bddbab4-20af-41f1-90cc-d649ae7f214d,2026-06-19T17:45:00Z,2026-06-19T19:45:00+0200,206.34,EUR/MWh,BE,BE,imbalance_price,Short,2026-06-20T12:20:56Z
2026-06-20T12:18:09Z,2026-06-20T14:18:09+0200,4bddbab4-20af-41f1-90cc-d649ae7f214d,2026-06-19T18:00:00Z,2026-06-19T20:00:00+0200,212.63,EUR/MWh,BE,BE,imbalance_price,Long,2026-06-20T12:20:56Z
2026-06-20T12:18:09Z,2026-06-20T14:18:09+0200,4bddbab4-20af-41f1-90cc-d649ae7f214d,2026-06-19T18:00:00Z,2026-06-19T20:00:00+0200,212.63,EUR/MWh,BE,BE,imbalance_price,Short,2026-06-20T12:20:56Z
2026-06-20T12:18:09Z,2026-06-20T14:18:09+0200,4bddbab4-20af-41f1-90cc-d649ae7f214d,2026-06-19T18:15:00Z,2026-06-19T20:15:00+0200,144.33,EUR/MWh,BE,BE,imbalance_price,Long,2026-06-20T12:20:56Z
2026-06-20T12:18:09Z,2026-06-20T14:18:09+0200,4bddbab4-20af-41f1-90cc-d649ae7f214d,2026-06-19T18:15:00Z,2026-06-19T20:15:00+0200,144.33,EUR/MWh,BE,BE,imbalance_price,Short,2026-06-20T12:20:56Z
2026-06-20T12:18:09Z,2026-06-20T14:18:09+0200,4bddbab4-20af-41f1-90cc-d649ae7f214d,2026-06-19T18:30:00Z,2026-06-19T20:30:00+0200,143.0,EUR/MWh,BE,BE,imbalance_price,Long,2026-06-20T12:20:56Z
2026-06-20T12:18:09Z,2026-06-20T14:18:09+0200,4bddbab4-20af-41f1-90cc-d649ae7f214d,2026-06-19T18:30:00Z,2026-06-19T20:30:00+0200,143.0,EUR/MWh,BE,BE,imbalance_price,Short,2026-06-20T12:20:56Z
2026-06-20T12:18:09Z,2026-06-20T14:18:09+0200,4bddbab4-20af-41f1-90cc-d649ae7f214d,2026-06-19T18:45:00Z,2026-06-19T20:45:00+0200,88.33,EUR/MWh,BE,BE,imbalance_price,Long,2026-06-20T12:20:56Z
2026-06-20T12:18:09Z,2026-06-20T14:18:09+0200,4bddbab4-20af-41f1-90cc-d649ae7f214d,2026-06-19T18:45:00Z,2026-06-19T20:45:00+0200,88.33,EUR/MWh,BE,BE,imbalance_price,Short,2026-06-20T12:20:56Z
2026-06-20T12:18:09Z,2026-06-20T14:18:09+0200,4bddbab4-20af-41f1-90cc-d649ae7f214d,2026-06-19T19:00:00Z,2026-06-19T21:00:00+0200,135.22,EUR/MWh,BE,BE,imbalance_price,Long,2026-06-20T12:20:56Z
2026-06-20T12:18:09Z,2026-06-20T14:18:09+0200,4bddbab4-20af-41f1-90cc-d649ae7f214d,2026-06-19T19:00:00Z,2026-06-19T21:00:00+0200,135.22,EUR/MWh,BE,BE,imbalance_price,Short,2026-06-20T12:20:56Z
2026-06-20T12:18:09Z,2026-06-20T14:18:09+0200,4bddbab4-20af-41f1-90cc-d649ae7f214d,2026-06-19T19:15:00Z,2026-06-19T21:15:00+0200,137.2,EUR/MWh,BE,BE,imbalance_price,Long,2026-06-20T12:20:56Z
2026-06-20T12:18:09Z,2026-06-20T14:18:09+0200,4bddbab4-20af-41f1-90cc-d649ae7f214d,2026-06-19T19:15:00Z,2026-06-19T21:15:00+0200,137.2,EUR/MWh,BE,BE,imbalance_price,Short,2026-06-20T12:20:56Z
2026-06-20T12:18:09Z,2026-06-20T14:18:09+0200,4bddbab4-20af-41f1-90cc-d649ae7f214d,2026-06-19T19:30:00Z,2026-06-19T21:30:00+0200,164.6,EUR/MWh,BE,BE,imbalance_price,Long,2026-06-20T12:20:56Z
2026-06-20T12:18:09Z,2026-06-20T14:18:09+0200,4bddbab4-20af-41f1-90cc-d649ae7f214d,2026-06-19T19:30:00Z,2026-06-19T21:30:00+0200,164.6,EUR/MWh,BE,BE,imbalance_price,Short,2026-06-20T12:20:56Z
2026-06-20T12:18:09Z,2026-06-20T14:18:09+0200,4bddbab4-20af-41f1-90cc-d649ae7f214d,2026-06-19T19:45:00Z,2026-06-19T21:45:00+0200,141.91,EUR/MWh,BE,BE,imbalance_price,Long,2026-06-20T12:20:56Z
2026-06-20T12:18:09Z,2026-06-20T14:18:09+0200,4bddbab4-20af-41f1-90cc-d649ae7f214d,2026-06-19T19:45:00Z,2026-06-19T21:45:00+0200,141.91,EUR/MWh,BE,BE,imbalance_price,Short,2026-06-20T12:20:56Z
2026-06-20T12:18:09Z,2026-06-20T14:18:09+0200,4bddbab4-20af-41f1-90cc-d649ae7f214d,2026-06-19T20:00:00Z,2026-06-19T22:00:00+0200,146.99,EUR/MWh,BE,BE,imbalance_price,Long,2026-06-20T12:20:56Z
2026-06-20T12:18:09Z,2026-06-20T14:18:09+0200,4bddbab4-20af-41f1-90cc-d649ae7f214d,2026-06-19T20:00:00Z,2026-06-19T22:00:00+0200,146.99,EUR/MWh,BE,BE,imbalance_price,Short,2026-06-20T12:20:56Z
2026-06-20T12:18:09Z,2026-06-20T14:18:09+0200,4bddbab4-20af-41f1-90cc-d649ae7f214d,2026-06-19T20:15:00Z,2026-06-19T22:15:00+0200,130.79,EUR/MWh,BE,BE,imbalance_price,Long,2026-06-20T12:20:56Z
2026-06-20T12:18:09Z,2026-06-20T14:18:09+0200,4bddbab4-20af-41f1-90cc-d649ae7f214d,2026-06-19T20:15:00Z,2026-06-19T22:15:00+0200,130.79,EUR/MWh,BE,BE,imbalance_price,Short,2026-06-20T12:20:56Z
2026-06-20T12:18:09Z,2026-06-20T14:18:09+0200,4bddbab4-20af-41f1-90cc-d649ae7f214d,2026-06-19T20:30:00Z,2026-06-19T22:30:00+0200,111.0,EUR/MWh,BE,BE,imbalance_price,Long,2026-06-20T12:20:56Z
2026-06-20T12:18:09Z,2026-06-20T14:18:09+0200,4bddbab4-20af-41f1-90cc-d649ae7f214d,2026-06-19T20:30:00Z,2026-06-19T22:30:00+0200,111.0,EUR/MWh,BE,BE,imbalance_price,Short,2026-06-20T12:20:56Z
2026-06-20T12:18:09Z,2026-06-20T14:18:09+0200,4bddbab4-20af-41f1-90cc-d649ae7f214d,2026-06-19T20:45:00Z,2026-06-19T22:45:00+0200,96.92,EUR/MWh,BE,BE,imbalance_price,Long,2026-06-20T12:20:56Z
2026-06-20T12:18:09Z,2026-06-20T14:18:09+0200,4bddbab4-20af-41f1-90cc-d649ae7f214d,2026-06-19T20:45:00Z,2026-06-19T22:45:00+0200,96.92,EUR/MWh,BE,BE,imbalance_price,Short,2026-06-20T12:20:56Z
2026-06-20T12:18:09Z,2026-06-20T14:18:09+0200,4bddbab4-20af-41f1-90cc-d649ae7f214d,2026-06-19T21:00:00Z,2026-06-19T23:00:00+0200,89.49,EUR/MWh,BE,BE,imbalance_price,Long,2026-06-20T12:20:56Z
2026-06-20T12:18:09Z,2026-06-20T14:18:09+0200,4bddbab4-20af-41f1-90cc-d649ae7f214d,2026-06-19T21:00:00Z,2026-06-19T23:00:00+0200,89.49,EUR/MWh,BE,BE,imbalance_price,Short,2026-06-20T12:20:56Z
2026-06-20T12:18:09Z,2026-06-20T14:18:09+0200,4bddbab4-20af-41f1-90cc-d649ae7f214d,2026-06-19T21:15:00Z,2026-06-19T23:15:00+0200,95.49,EUR/MWh,BE,BE,imbalance_price,Long,2026-06-20T12:20:56Z
2026-06-20T12:18:09Z,2026-06-20T14:18:09+0200,4bddbab4-20af-41f1-90cc-d649ae7f214d,2026-06-19T21:15:00Z,2026-06-19T23:15:00+0200,95.49,EUR/MWh,BE,BE,imbalance_price,Short,2026-06-20T12:20:56Z
2026-06-20T12:18:09Z,2026-06-20T14:18:09+0200,4bddbab4-20af-41f1-90cc-d649ae7f214d,2026-06-19T21:30:00Z,2026-06-19T23:30:00+0200,94.75,EUR/MWh,BE,BE,imbalance_price,Long,2026-06-20T12:20:56Z
2026-06-20T12:18:09Z,2026-06-20T14:18:09+0200,4bddbab4-20af-41f1-90cc-d649ae7f214d,2026-06-19T21:30:00Z,2026-06-19T23:30:00+0200,94.75,EUR/MWh,BE,BE,imbalance_price,Short,2026-06-20T12:20:56Z
2026-06-20T12:18:09Z,2026-06-20T14:18:09+0200,4bddbab4-20af-41f1-90cc-d649ae7f214d,2026-06-19T21:45:00Z,2026-06-19T23:45:00+0200,101.58,EUR/MWh,BE,BE,imbalance_price,Long,2026-06-20T12:20:56Z
2026-06-20T12:18:09Z,2026-06-20T14:18:09+0200,4bddbab4-20af-41f1-90cc-d649ae7f214d,2026-06-19T21:45:00Z,2026-06-19T23:45:00+0200,101.58,EUR/MWh,BE,BE,imbalance_price,Short,2026-06-20T12:20:56Z
2026-06-20T12:18:09Z,2026-06-20T14:18:09+0200,4bddbab4-20af-41f1-90cc-d649ae7f214d,2026-06-19T22:00:00Z,2026-06-20T00:00:00+0200,113.61,EUR/MWh,BE,BE,imbalance_price,Long,2026-06-20T12:20:56Z
2026-06-20T12:18:09Z,2026-06-20T14:18:09+0200,4bddbab4-20af-41f1-90cc-d649ae7f214d,2026-06-19T22:00:00Z,2026-06-20T00:00:00+0200,113.61,EUR/MWh,BE,BE,imbalance_price,Short,2026-06-20T12:20:56Z
2026-06-20T12:18:09Z,2026-06-20T14:18:09+0200,4bddbab4-20af-41f1-90cc-d649ae7f214d,2026-06-19T22:15:00Z,2026-06-20T00:15:00+0200,104.2,EUR/MWh,BE,BE,imbalance_price,Long,2026-06-20T12:20:56Z
2026-06-20T12:18:09Z,2026-06-20T14:18:09+0200,4bddbab4-20af-41f1-90cc-d649ae7f214d,2026-06-19T22:15:00Z,2026-06-20T00:15:00+0200,104.2,EUR/MWh,BE,BE,imbalance_price,Short,2026-06-20T12:20:56Z
2026-06-20T12:18:09Z,2026-06-20T14:18:09+0200,4bddbab4-20af-41f1-90cc-d649ae7f214d,2026-06-19T22:30:00Z,2026-06-20T00:30:00+0200,110.54,EUR/MWh,BE,BE,imbalance_price,Long,2026-06-20T12:20:56Z
2026-06-20T12:18:09Z,2026-06-20T14:18:09+0200,4bddbab4-20af-41f1-90cc-d649ae7f214d,2026-06-19T22:30:00Z,2026-06-20T00:30:00+0200,110.54,EUR/MWh,BE,BE,imbalance_price,Short,2026-06-20T12:20:56Z
2026-06-20T12:18:09Z,2026-06-20T14:18:09+0200,4bddbab4-20af-41f1-90cc-d649ae7f214d,2026-06-19T22:45:00Z,2026-06-20T00:45:00+0200,113.38,EUR/MWh,BE,BE,imbalance_price,Long,2026-06-20T12:20:56Z
2026-06-20T12:18:09Z,2026-06-20T14:18:09+0200,4bddbab4-20af-41f1-90cc-d649ae7f214d,2026-06-19T22:45:00Z,2026-06-20T00:45:00+0200,113.38,EUR/MWh,BE,BE,imbalance_price,Short,2026-06-20T12:20:56Z
2026-06-20T12:18:09Z,2026-06-20T14:18:09+0200,4bddbab4-20af-41f1-90cc-d649ae7f214d,2026-06-19T23:00:00Z,2026-06-20T01:00:00+0200,117.77,EUR/MWh,BE,BE,imbalance_price,Long,2026-06-20T12:20:56Z
2026-06-20T12:18:09Z,2026-06-20T14:18:09+0200,4bddbab4-20af-41f1-90cc-d649ae7f214d,2026-06-19T23:00:00Z,2026-06-20T01:00:00+0200,117.77,EUR/MWh,BE,BE,imbalance_price,Short,2026-06-20T12:20:56Z
2026-06-20T12:18:09Z,2026-06-20T14:18:09+0200,4bddbab4-20af-41f1-90cc-d649ae7f214d,2026-06-19T23:15:00Z,2026-06-20T01:15:00+0200,100.2,EUR/MWh,BE,BE,imbalance_price,Long,2026-06-20T12:20:56Z
2026-06-20T12:18:09Z,2026-06-20T14:18:09+0200,4bddbab4-20af-41f1-90cc-d649ae7f214d,2026-06-19T23:15:00Z,2026-06-20T01:15:00+0200,100.2,EUR/MWh,BE,BE,imbalance_price,Short,2026-06-20T12:20:56Z
2026-06-20T12:18:09Z,2026-06-20T14:18:09+0200,4bddbab4-20af-41f1-90cc-d649ae7f214d,2026-06-19T23:30:00Z,2026-06-20T01:30:00+0200,108.46,EUR/MWh,BE,BE,imbalance_price,Long,2026-06-20T12:20:56Z
2026-06-20T12:18:09Z,2026-06-20T14:18:09+0200,4bddbab4-20af-41f1-90cc-d649ae7f214d,2026-06-19T23:30:00Z,2026-06-20T01:30:00+0200,108.46,EUR/MWh,BE,BE,imbalance_price,Short,2026-06-20T12:20:56Z
2026-06-20T12:18:09Z,2026-06-20T14:18:09+0200,4bddbab4-20af-41f1-90cc-d649ae7f214d,2026-06-19T23:45:00Z,2026-06-20T01:45:00+0200,96.79,EUR/MWh,BE,BE,imbalance_price,Long,2026-06-20T12:20:56Z
2026-06-20T12:18:09Z,2026-06-20T14:18:09+0200,4bddbab4-20af-41f1-90cc-d649ae7f214d,2026-06-19T23:45:00Z,2026-06-20T01:45:00+0200,96.79,EUR/MWh,BE,BE,imbalance_price,Short,2026-06-20T12:20:56Z
2026-06-20T12:18:09Z,2026-06-20T14:18:09+0200,4bddbab4-20af-41f1-90cc-d649ae7f214d,2026-06-20T00:00:00Z,2026-06-20T02:00:00+0200,111.12,EUR/MWh,BE,BE,imbalance_price,Long,2026-06-20T12:20:56Z
2026-06-20T12:18:09Z,2026-06-20T14:18:09+0200,4bddbab4-20af-41f1-90cc-d649ae7f214d,2026-06-20T00:00:00Z,2026-06-20T02:00:00+0200,111.12,EUR/MWh,BE,BE,imbalance_price,Short,2026-06-20T12:20:56Z
2026-06-20T12:18:09Z,2026-06-20T14:18:09+0200,4bddbab4-20af-41f1-90cc-d649ae7f214d,2026-06-20T00:15:00Z,2026-06-20T02:15:00+0200,120.48,EUR/MWh,BE,BE,imbalance_price,Long,2026-06-20T12:20:56Z
2026-06-20T12:18:09Z,2026-06-20T14:18:09+0200,4bddbab4-20af-41f1-90cc-d649ae7f214d,2026-06-20T00:15:00Z,2026-06-20T02:15:00+0200,120.48,EUR/MWh,BE,BE,imbalance_price,Short,2026-06-20T12:20:56Z
2026-06-20T12:18:09Z,2026-06-20T14:18:09+0200,4bddbab4-20af-41f1-90cc-d649ae7f214d,2026-06-20T00:30:00Z,2026-06-20T02:30:00+0200,120.07,EUR/MWh,BE,BE,imbalance_price,Long,2026-06-20T12:20:56Z
2026-06-20T12:18:09Z,2026-06-20T14:18:09+0200,4bddbab4-20af-41f1-90cc-d649ae7f214d,2026-06-20T00:30:00Z,2026-06-20T02:30:00+0200,120.07,EUR/MWh,BE,BE,imbalance_price,Short,2026-06-20T12:20:56Z
2026-06-20T12:18:09Z,2026-06-20T14:18:09+0200,4bddbab4-20af-41f1-90cc-d649ae7f214d,2026-06-20T00:45:00Z,2026-06-20T02:45:00+0200,120.9,EUR/MWh,BE,BE,imbalance_price,Long,2026-06-20T12:20:56Z
2026-06-20T12:18:09Z,2026-06-20T14:18:09+0200,4bddbab4-20af-41f1-90cc-d649ae7f214d,2026-06-20T00:45:00Z,2026-06-20T02:45:00+0200,120.9,EUR/MWh,BE,BE,imbalance_price,Short,2026-06-20T12:20:56Z
2026-06-20T12:18:09Z,2026-06-20T14:18:09+0200,4bddbab4-20af-41f1-90cc-d649ae7f214d,2026-06-20T01:00:00Z,2026-06-20T03:00:00+0200,152.98,EUR/MWh,BE,BE,imbalance_price,Long,2026-06-20T12:20:56Z
2026-06-20T12:18:09Z,2026-06-20T14:18:09+0200,4bddbab4-20af-41f1-90cc-d649ae7f214d,2026-06-20T01:00:00Z,2026-06-20T03:00:00+0200,152.98,EUR/MWh,BE,BE,imbalance_price,Short,2026-06-20T12:20:56Z
2026-06-20T12:18:09Z,2026-06-20T14:18:09+0200,4bddbab4-20af-41f1-90cc-d649ae7f214d,2026-06-20T01:15:00Z,2026-06-20T03:15:00+0200,152.25,EUR/MWh,BE,BE,imbalance_price,Long,2026-06-20T12:20:56Z
2026-06-20T12:18:09Z,2026-06-20T14:18:09+0200,4bddbab4-20af-41f1-90cc-d649ae7f214d,2026-06-20T01:15:00Z,2026-06-20T03:15:00+0200,152.25,EUR/MWh,BE,BE,imbalance_price,Short,2026-06-20T12:20:56Z
2026-06-20T12:18:09Z,2026-06-20T14:18:09+0200,4bddbab4-20af-41f1-90cc-d649ae7f214d,2026-06-20T01:30:00Z,2026-06-20T03:30:00+0200,157.54,EUR/MWh,BE,BE,imbalance_price,Long,2026-06-20T12:20:56Z
2026-06-20T12:18:09Z,2026-06-20T14:18:09+0200,4bddbab4-20af-41f1-90cc-d649ae7f214d,2026-06-20T01:30:00Z,2026-06-20T03:30:00+0200,157.54,EUR/MWh,BE,BE,imbalance_price,Short,2026-06-20T12:20:56Z
2026-06-20T12:18:09Z,2026-06-20T14:18:09+0200,4bddbab4-20af-41f1-90cc-d649ae7f214d,2026-06-20T01:45:00Z,2026-06-20T03:45:00+0200,173.17,EUR/MWh,BE,BE,imbalance_price,Long,2026-06-20T12:20:56Z
2026-06-20T12:18:09Z,2026-06-20T14:18:09+0200,4bddbab4-20af-41f1-90cc-d649ae7f214d,2026-06-20T01:45:00Z,2026-06-20T03:45:00+0200,173.17,EUR/MWh,BE,BE,imbalance_price,Short,2026-06-20T12:20:56Z
2026-06-20T12:18:09Z,2026-06-20T14:18:09+0200,4bddbab4-20af-41f1-90cc-d649ae7f214d,2026-06-20T02:00:00Z,2026-06-20T04:00:00+0200,178.69,EUR/MWh,BE,BE,imbalance_price,Long,2026-06-20T12:20:56Z
2026-06-20T12:18:09Z,2026-06-20T14:18:09+0200,4bddbab4-20af-41f1-90cc-d649ae7f214d,2026-06-20T02:00:00Z,2026-06-20T04:00:00+0200,178.69,EUR/MWh,BE,BE,imbalance_price,Short,2026-06-20T12:20:56Z
2026-06-20T12:18:09Z,2026-06-20T14:18:09+0200,4bddbab4-20af-41f1-90cc-d649ae7f214d,2026-06-20T02:15:00Z,2026-06-20T04:15:00+0200,165.13,EUR/MWh,BE,BE,imbalance_price,Long,2026-06-20T12:20:56Z
2026-06-20T12:18:09Z,2026-06-20T14:18:09+0200,4bddbab4-20af-41f1-90cc-d649ae7f214d,2026-06-20T02:15:00Z,2026-06-20T04:15:00+0200,165.13,EUR/MWh,BE,BE,imbalance_price,Short,2026-06-20T12:20:56Z
2026-06-20T12:18:09Z,2026-06-20T14:18:09+0200,4bddbab4-20af-41f1-90cc-d649ae7f214d,2026-06-20T02:30:00Z,2026-06-20T04:30:00+0200,254.55,EUR/MWh,BE,BE,imbalance_price,Long,2026-06-20T12:20:56Z
2026-06-20T12:18:09Z,2026-06-20T14:18:09+0200,4bddbab4-20af-41f1-90cc-d649ae7f214d,2026-06-20T02:30:00Z,2026-06-20T04:30:00+0200,254.55,EUR/MWh,BE,BE,imbalance_price,Short,2026-06-20T12:20:56Z
2026-06-20T12:18:09Z,2026-06-20T14:18:09+0200,4bddbab4-20af-41f1-90cc-d649ae7f214d,2026-06-20T02:45:00Z,2026-06-20T04:45:00+0200,193.49,EUR/MWh,BE,BE,imbalance_price,Long,2026-06-20T12:20:56Z
2026-06-20T12:18:09Z,2026-06-20T14:18:09+0200,4bddbab4-20af-41f1-90cc-d649ae7f214d,2026-06-20T02:45:00Z,2026-06-20T04:45:00+0200,193.49,EUR/MWh,BE,BE,imbalance_price,Short,2026-06-20T12:20:56Z
2026-06-20T12:18:09Z,2026-06-20T14:18:09+0200,4bddbab4-20af-41f1-90cc-d649ae7f214d,2026-06-20T03:00:00Z,2026-06-20T05:00:00+0200,183.88,EUR/MWh,BE,BE,imbalance_price,Long,2026-06-20T12:20:56Z
2026-06-20T12:18:09Z,2026-06-20T14:18:09+0200,4bddbab4-20af-41f1-90cc-d649ae7f214d,2026-06-20T03:00:00Z,2026-06-20T05:00:00+0200,183.88,EUR/MWh,BE,BE,imbalance_price,Short,2026-06-20T12:20:56Z
2026-06-20T12:18:09Z,2026-06-20T14:18:09+0200,4bddbab4-20af-41f1-90cc-d649ae7f214d,2026-06-20T03:15:00Z,2026-06-20T05:15:00+0200,168.4,EUR/MWh,BE,BE,imbalance_price,Long,2026-06-20T12:20:56Z
2026-06-20T12:18:09Z,2026-06-20T14:18:09+0200,4bddbab4-20af-41f1-90cc-d649ae7f214d,2026-06-20T03:15:00Z,2026-06-20T05:15:00+0200,168.4,EUR/MWh,BE,BE,imbalance_price,Short,2026-06-20T12:20:56Z
2026-06-20T12:18:09Z,2026-06-20T14:18:09+0200,4bddbab4-20af-41f1-90cc-d649ae7f214d,2026-06-20T03:30:00Z,2026-06-20T05:30:00+0200,177.28,EUR/MWh,BE,BE,imbalance_price,Long,2026-06-20T12:20:56Z
2026-06-20T12:18:09Z,2026-06-20T14:18:09+0200,4bddbab4-20af-41f1-90cc-d649ae7f214d,2026-06-20T03:30:00Z,2026-06-20T05:30:00+0200,177.28,EUR/MWh,BE,BE,imbalance_price,Short,2026-06-20T12:20:56Z
2026-06-20T12:18:09Z,2026-06-20T14:18:09+0200,4bddbab4-20af-41f1-90cc-d649ae7f214d,2026-06-20T03:45:00Z,2026-06-20T05:45:00+0200,141.0,EUR/MWh,BE,BE,imbalance_price,Long,2026-06-20T12:20:56Z
2026-06-20T12:18:09Z,2026-06-20T14:18:09+0200,4bddbab4-20af-41f1-90cc-d649ae7f214d,2026-06-20T03:45:00Z,2026-06-20T05:45:00+0200,141.0,EUR/MWh,BE,BE,imbalance_price,Short,2026-06-20T12:20:56Z
2026-06-20T12:18:09Z,2026-06-20T14:18:09+0200,4bddbab4-20af-41f1-90cc-d649ae7f214d,2026-06-20T04:00:00Z,2026-06-20T06:00:00+0200,390.03,EUR/MWh,BE,BE,imbalance_price,Long,2026-06-20T12:20:56Z
2026-06-20T12:18:09Z,2026-06-20T14:18:09+0200,4bddbab4-20af-41f1-90cc-d649ae7f214d,2026-06-20T04:00:00Z,2026-06-20T06:00:00+0200,390.03,EUR/MWh,BE,BE,imbalance_price,Short,2026-06-20T12:20:56Z
2026-06-20T12:18:09Z,2026-06-20T14:18:09+0200,4bddbab4-20af-41f1-90cc-d649ae7f214d,2026-06-20T04:15:00Z,2026-06-20T06:15:00+0200,153.57,EUR/MWh,BE,BE,imbalance_price,Long,2026-06-20T12:20:56Z
2026-06-20T12:18:09Z,2026-06-20T14:18:09+0200,4bddbab4-20af-41f1-90cc-d649ae7f214d,2026-06-20T04:15:00Z,2026-06-20T06:15:00+0200,153.57,EUR/MWh,BE,BE,imbalance_price,Short,2026-06-20T12:20:56Z
2026-06-20T12:18:09Z,2026-06-20T14:18:09+0200,4bddbab4-20af-41f1-90cc-d649ae7f214d,2026-06-20T04:30:00Z,2026-06-20T06:30:00+0200,93.01,EUR/MWh,BE,BE,imbalance_price,Long,2026-06-20T12:20:56Z
2026-06-20T12:18:09Z,2026-06-20T14:18:09+0200,4bddbab4-20af-41f1-90cc-d649ae7f214d,2026-06-20T04:30:00Z,2026-06-20T06:30:00+0200,93.01,EUR/MWh,BE,BE,imbalance_price,Short,2026-06-20T12:20:56Z
2026-06-20T12:18:09Z,2026-06-20T14:18:09+0200,4bddbab4-20af-41f1-90cc-d649ae7f214d,2026-06-20T04:45:00Z,2026-06-20T06:45:00+0200,118.3,EUR/MWh,BE,BE,imbalance_price,Long,2026-06-20T12:20:56Z
2026-06-20T12:18:09Z,2026-06-20T14:18:09+0200,4bddbab4-20af-41f1-90cc-d649ae7f214d,2026-06-20T04:45:00Z,2026-06-20T06:45:00+0200,118.3,EUR/MWh,BE,BE,imbalance_price,Short,2026-06-20T12:20:56Z
2026-06-20T12:18:09Z,2026-06-20T14:18:09+0200,4bddbab4-20af-41f1-90cc-d649ae7f214d,2026-06-20T05:00:00Z,2026-06-20T07:00:00+0200,112.62,EUR/MWh,BE,BE,imbalance_price,Long,2026-06-20T12:20:56Z
2026-06-20T12:18:09Z,2026-06-20T14:18:09+0200,4bddbab4-20af-41f1-90cc-d649ae7f214d,2026-06-20T05:00:00Z,2026-06-20T07:00:00+0200,112.62,EUR/MWh,BE,BE,imbalance_price,Short,2026-06-20T12:20:56Z
2026-06-20T12:18:09Z,2026-06-20T14:18:09+0200,4bddbab4-20af-41f1-90cc-d649ae7f214d,2026-06-20T05:15:00Z,2026-06-20T07:15:00+0200,95.6,EUR/MWh,BE,BE,imbalance_price,Long,2026-06-20T12:20:56Z
2026-06-20T12:18:09Z,2026-06-20T14:18:09+0200,4bddbab4-20af-41f1-90cc-d649ae7f214d,2026-06-20T05:15:00Z,2026-06-20T07:15:00+0200,95.6,EUR/MWh,BE,BE,imbalance_price,Short,2026-06-20T12:20:56Z
2026-06-20T12:18:09Z,2026-06-20T14:18:09+0200,4bddbab4-20af-41f1-90cc-d649ae7f214d,2026-06-20T05:30:00Z,2026-06-20T07:30:00+0200,81.23,EUR/MWh,BE,BE,imbalance_price,Long,2026-06-20T12:20:56Z
2026-06-20T12:18:09Z,2026-06-20T14:18:09+0200,4bddbab4-20af-41f1-90cc-d649ae7f214d,2026-06-20T05:30:00Z,2026-06-20T07:30:00+0200,81.23,EUR/MWh,BE,BE,imbalance_price,Short,2026-06-20T12:20:56Z
2026-06-20T12:18:09Z,2026-06-20T14:18:09+0200,4bddbab4-20af-41f1-90cc-d649ae7f214d,2026-06-20T05:45:00Z,2026-06-20T07:45:00+0200,54.82,EUR/MWh,BE,BE,imbalance_price,Long,2026-06-20T12:20:56Z
2026-06-20T12:18:09Z,2026-06-20T14:18:09+0200,4bddbab4-20af-41f1-90cc-d649ae7f214d,2026-06-20T05:45:00Z,2026-06-20T07:45:00+0200,54.82,EUR/MWh,BE,BE,imbalance_price,Short,2026-06-20T12:20:56Z
2026-06-20T12:18:09Z,2026-06-20T14:18:09+0200,4bddbab4-20af-41f1-90cc-d649ae7f214d,2026-06-20T06:00:00Z,2026-06-20T08:00:00+0200,77.03,EUR/MWh,BE,BE,imbalance_price,Long,2026-06-20T12:20:56Z
2026-06-20T12:18:09Z,2026-06-20T14:18:09+0200,4bddbab4-20af-41f1-90cc-d649ae7f214d,2026-06-20T06:00:00Z,2026-06-20T08:00:00+0200,77.03,EUR/MWh,BE,BE,imbalance_price,Short,2026-06-20T12:20:56Z
2026-06-20T12:18:09Z,2026-06-20T14:18:09+0200,4bddbab4-20af-41f1-90cc-d649ae7f214d,2026-06-20T06:15:00Z,2026-06-20T08:15:00+0200,76.32,EUR/MWh,BE,BE,imbalance_price,Long,2026-06-20T12:20:56Z
2026-06-20T12:18:09Z,2026-06-20T14:18:09+0200,4bddbab4-20af-41f1-90cc-d649ae7f214d,2026-06-20T06:15:00Z,2026-06-20T08:15:00+0200,76.32,EUR/MWh,BE,BE,imbalance_price,Short,2026-06-20T12:20:56Z
2026-06-20T12:18:09Z,2026-06-20T14:18:09+0200,4bddbab4-20af-41f1-90cc-d649ae7f214d,2026-06-20T06:30:00Z,2026-06-20T08:30:00+0200,65.52,EUR/MWh,BE,BE,imbalance_price,Long,2026-06-20T12:20:56Z
2026-06-20T12:18:09Z,2026-06-20T14:18:09+0200,4bddbab4-20af-41f1-90cc-d649ae7f214d,2026-06-20T06:30:00Z,2026-06-20T08:30:00+0200,65.52,EUR/MWh,BE,BE,imbalance_price,Short,2026-06-20T12:20:56Z
2026-06-20T12:18:09Z,2026-06-20T14:18:09+0200,4bddbab4-20af-41f1-90cc-d649ae7f214d,2026-06-20T06:45:00Z,2026-06-20T08:45:00+0200,140.02,EUR/MWh,BE,BE,imbalance_price,Long,2026-06-20T12:20:56Z
2026-06-20T12:18:09Z,2026-06-20T14:18:09+0200,4bddbab4-20af-41f1-90cc-d649ae7f214d,2026-06-20T06:45:00Z,2026-06-20T08:45:00+0200,140.02,EUR/MWh,BE,BE,imbalance_price,Short,2026-06-20T12:20:56Z
2026-06-20T12:18:09Z,2026-06-20T14:18:09+0200,4bddbab4-20af-41f1-90cc-d649ae7f214d,2026-06-20T07:00:00Z,2026-06-20T09:00:00+0200,159.57,EUR/MWh,BE,BE,imbalance_price,Long,2026-06-20T12:20:56Z
2026-06-20T12:18:09Z,2026-06-20T14:18:09+0200,4bddbab4-20af-41f1-90cc-d649ae7f214d,2026-06-20T07:00:00Z,2026-06-20T09:00:00+0200,159.57,EUR/MWh,BE,BE,imbalance_price,Short,2026-06-20T12:20:56Z
2026-06-20T12:18:09Z,2026-06-20T14:18:09+0200,4bddbab4-20af-41f1-90cc-d649ae7f214d,2026-06-20T07:15:00Z,2026-06-20T09:15:00+0200,59.06,EUR/MWh,BE,BE,imbalance_price,Long,2026-06-20T12:20:56Z
2026-06-20T12:18:09Z,2026-06-20T14:18:09+0200,4bddbab4-20af-41f1-90cc-d649ae7f214d,2026-06-20T07:15:00Z,2026-06-20T09:15:00+0200,59.06,EUR/MWh,BE,BE,imbalance_price,Short,2026-06-20T12:20:56Z
2026-06-20T12:18:09Z,2026-06-20T14:18:09+0200,4bddbab4-20af-41f1-90cc-d649ae7f214d,2026-06-20T07:30:00Z,2026-06-20T09:30:00+0200,50.0,EUR/MWh,BE,BE,imbalance_price,Long,2026-06-20T12:20:56Z
2026-06-20T12:18:09Z,2026-06-20T14:18:09+0200,4bddbab4-20af-41f1-90cc-d649ae7f214d,2026-06-20T07:30:00Z,2026-06-20T09:30:00+0200,50.0,EUR/MWh,BE,BE,imbalance_price,Short,2026-06-20T12:20:56Z
2026-06-20T12:18:09Z,2026-06-20T14:18:09+0200,4bddbab4-20af-41f1-90cc-d649ae7f214d,2026-06-20T07:45:00Z,2026-06-20T09:45:00+0200,6.56,EUR/MWh,BE,BE,imbalance_price,Long,2026-06-20T12:20:56Z
2026-06-20T12:18:09Z,2026-06-20T14:18:09+0200,4bddbab4-20af-41f1-90cc-d649ae7f214d,2026-06-20T07:45:00Z,2026-06-20T09:45:00+0200,6.56,EUR/MWh,BE,BE,imbalance_price,Short,2026-06-20T12:20:56Z
2026-06-20T12:18:09Z,2026-06-20T14:18:09+0200,4bddbab4-20af-41f1-90cc-d649ae7f214d,2026-06-20T08:00:00Z,2026-06-20T10:00:00+0200,-7.16,EUR/MWh,BE,BE,imbalance_price,Long,2026-06-20T12:20:56Z
2026-06-20T12:18:09Z,2026-06-20T14:18:09+0200,4bddbab4-20af-41f1-90cc-d649ae7f214d,2026-06-20T08:00:00Z,2026-06-20T10:00:00+0200,-7.16,EUR/MWh,BE,BE,imbalance_price,Short,2026-06-20T12:20:56Z
2026-06-20T12:18:09Z,2026-06-20T14:18:09+0200,4bddbab4-20af-41f1-90cc-d649ae7f214d,2026-06-20T08:15:00Z,2026-06-20T10:15:00+0200,-4.0,EUR/MWh,BE,BE,imbalance_price,Long,2026-06-20T12:20:56Z
2026-06-20T12:18:09Z,2026-06-20T14:18:09+0200,4bddbab4-20af-41f1-90cc-d649ae7f214d,2026-06-20T08:15:00Z,2026-06-20T10:15:00+0200,-4.0,EUR/MWh,BE,BE,imbalance_price,Short,2026-06-20T12:20:56Z
2026-06-20T12:18:09Z,2026-06-20T14:18:09+0200,4bddbab4-20af-41f1-90cc-d649ae7f214d,2026-06-20T08:30:00Z,2026-06-20T10:30:00+0200,-3.0,EUR/MWh,BE,BE,imbalance_price,Long,2026-06-20T12:20:56Z
2026-06-20T12:18:09Z,2026-06-20T14:18:09+0200,4bddbab4-20af-41f1-90cc-d649ae7f214d,2026-06-20T08:30:00Z,2026-06-20T10:30:00+0200,-3.0,EUR/MWh,BE,BE,imbalance_price,Short,2026-06-20T12:20:56Z
2026-06-20T12:18:09Z,2026-06-20T14:18:09+0200,4bddbab4-20af-41f1-90cc-d649ae7f214d,2026-06-20T08:45:00Z,2026-06-20T10:45:00+0200,-7.88,EUR/MWh,BE,BE,imbalance_price,Long,2026-06-20T12:20:56Z
2026-06-20T12:18:09Z,2026-06-20T14:18:09+0200,4bddbab4-20af-41f1-90cc-d649ae7f214d,2026-06-20T08:45:00Z,2026-06-20T10:45:00+0200,-7.88,EUR/MWh,BE,BE,imbalance_price,Short,2026-06-20T12:20:56Z
2026-06-20T12:18:09Z,2026-06-20T14:18:09+0200,4bddbab4-20af-41f1-90cc-d649ae7f214d,2026-06-20T09:00:00Z,2026-06-20T11:00:00+0200,-2.07,EUR/MWh,BE,BE,imbalance_price,Long,2026-06-20T12:20:56Z
2026-06-20T12:18:09Z,2026-06-20T14:18:09+0200,4bddbab4-20af-41f1-90cc-d649ae7f214d,2026-06-20T09:00:00Z,2026-06-20T11:00:00+0200,-2.07,EUR/MWh,BE,BE,imbalance_price,Short,2026-06-20T12:20:56Z
2026-06-20T12:18:09Z,2026-06-20T14:18:09+0200,4bddbab4-20af-41f1-90cc-d649ae7f214d,2026-06-20T09:15:00Z,2026-06-20T11:15:00+0200,0.0,EUR/MWh,BE,BE,imbalance_price,Long,2026-06-20T12:20:56Z
2026-06-20T12:18:09Z,2026-06-20T14:18:09+0200,4bddbab4-20af-41f1-90cc-d649ae7f214d,2026-06-20T09:15:00Z,2026-06-20T11:15:00+0200,0.0,EUR/MWh,BE,BE,imbalance_price,Short,2026-06-20T12:20:56Z
2026-06-20T12:18:09Z,2026-06-20T14:18:09+0200,4bddbab4-20af-41f1-90cc-d649ae7f214d,2026-06-20T09:30:00Z,2026-06-20T11:30:00+0200,0.0,EUR/MWh,BE,BE,imbalance_price,Long,2026-06-20T12:20:56Z
2026-06-20T12:18:09Z,2026-06-20T14:18:09+0200,4bddbab4-20af-41f1-90cc-d649ae7f214d,2026-06-20T09:30:00Z,2026-06-20T11:30:00+0200,0.0,EUR/MWh,BE,BE,imbalance_price,Short,2026-06-20T12:20:56Z
2026-06-20T12:18:09Z,2026-06-20T14:18:09+0200,4bddbab4-20af-41f1-90cc-d649ae7f214d,2026-06-20T09:45:00Z,2026-06-20T11:45:00+0200,0.0,EUR/MWh,BE,BE,imbalance_price,Long,2026-06-20T12:20:56Z
2026-06-20T12:18:09Z,2026-06-20T14:18:09+0200,4bddbab4-20af-41f1-90cc-d649ae7f214d,2026-06-20T09:45:00Z,2026-06-20T11:45:00+0200,0.0,EUR/MWh,BE,BE,imbalance_price,Short,2026-06-20T12:20:56Z
2026-06-20T12:18:09Z,2026-06-20T14:18:09+0200,4bddbab4-20af-41f1-90cc-d649ae7f214d,2026-06-20T10:00:00Z,2026-06-20T12:00:00+0200,3.06,EUR/MWh,BE,BE,imbalance_price,Long,2026-06-20T12:20:56Z
2026-06-20T12:18:09Z,2026-06-20T14:18:09+0200,4bddbab4-20af-41f1-90cc-d649ae7f214d,2026-06-20T10:00:00Z,2026-06-20T12:00:00+0200,3.06,EUR/MWh,BE,BE,imbalance_price,Short,2026-06-20T12:20:56Z
2026-06-20T12:18:09Z,2026-06-20T14:18:09+0200,4bddbab4-20af-41f1-90cc-d649ae7f214d,2026-06-20T10:15:00Z,2026-06-20T12:15:00+0200,1.05,EUR/MWh,BE,BE,imbalance_price,Long,2026-06-20T12:20:56Z
2026-06-20T12:18:09Z,2026-06-20T14:18:09+0200,4bddbab4-20af-41f1-90cc-d649ae7f214d,2026-06-20T10:15:00Z,2026-06-20T12:15:00+0200,1.05,EUR/MWh,BE,BE,imbalance_price,Short,2026-06-20T12:20:56Z
2026-06-20T12:18:09Z,2026-06-20T14:18:09+0200,4bddbab4-20af-41f1-90cc-d649ae7f214d,2026-06-20T10:30:00Z,2026-06-20T12:30:00+0200,0.35,EUR/MWh,BE,BE,imbalance_price,Long,2026-06-20T12:20:56Z
2026-06-20T12:18:09Z,2026-06-20T14:18:09+0200,4bddbab4-20af-41f1-90cc-d649ae7f214d,2026-06-20T10:30:00Z,2026-06-20T12:30:00+0200,0.35,EUR/MWh,BE,BE,imbalance_price,Short,2026-06-20T12:20:56Z
2026-06-20T12:18:09Z,2026-06-20T14:18:09+0200,4bddbab4-20af-41f1-90cc-d649ae7f214d,2026-06-20T10:45:00Z,2026-06-20T12:45:00+0200,1.82,EUR/MWh,BE,BE,imbalance_price,Long,2026-06-20T12:20:56Z
2026-06-20T12:18:09Z,2026-06-20T14:18:09+0200,4bddbab4-20af-41f1-90cc-d649ae7f214d,2026-06-20T10:45:00Z,2026-06-20T12:45:00+0200,1.82,EUR/MWh,BE,BE,imbalance_price,Short,2026-06-20T12:20:56Z
2026-06-20T12:18:09Z,2026-06-20T14:18:09+0200,4bddbab4-20af-41f1-90cc-d649ae7f214d,2026-06-20T11:00:00Z,2026-06-20T13:00:00+0200,-3.99,EUR/MWh,BE,BE,imbalance_price,Long,2026-06-20T12:20:56Z
2026-06-20T12:18:09Z,2026-06-20T14:18:09+0200,4bddbab4-20af-41f1-90cc-d649ae7f214d,2026-06-20T11:00:00Z,2026-06-20T13:00:00+0200,-3.99,EUR/MWh,BE,BE,imbalance_price,Short,2026-06-20T12:20:56Z
2026-06-20T12:18:09Z,2026-06-20T14:18:09+0200,4bddbab4-20af-41f1-90cc-d649ae7f214d,2026-06-20T11:15:00Z,2026-06-20T13:15:00+0200,-4.59,EUR/MWh,BE,BE,imbalance_price,Long,2026-06-20T12:20:56Z
2026-06-20T12:18:09Z,2026-06-20T14:18:09+0200,4bddbab4-20af-41f1-90cc-d649ae7f214d,2026-06-20T11:15:00Z,2026-06-20T13:15:00+0200,-4.59,EUR/MWh,BE,BE,imbalance_price,Short,2026-06-20T12:20:56Z
2026-06-20T12:18:09Z,2026-06-20T14:18:09+0200,4bddbab4-20af-41f1-90cc-d649ae7f214d,2026-06-20T11:30:00Z,2026-06-20T13:30:00+0200,1.03,EUR/MWh,BE,BE,imbalance_price,Long,2026-06-20T12:20:56Z
2026-06-20T12:18:09Z,2026-06-20T14:18:09+0200,4bddbab4-20af-41f1-90cc-d649ae7f214d,2026-06-20T11:30:00Z,2026-06-20T13:30:00+0200,1.03,EUR/MWh,BE,BE,imbalance_price,Short,2026-06-20T12:20:56Z
2026-06-20T12:18:09Z,2026-06-20T14:18:09+0200,4bddbab4-20af-41f1-90cc-d649ae7f214d,2026-06-20T11:45:00Z,2026-06-20T13:45:00+0200,-1.0,EUR/MWh,BE,BE,imbalance_price,Long,2026-06-20T12:20:56Z
2026-06-20T12:18:09Z,2026-06-20T14:18:09+0200,4bddbab4-20af-41f1-90cc-d649ae7f214d,2026-06-20T11:45:00Z,2026-06-20T13:45:00+0200,-1.0,EUR/MWh,BE,BE,imbalance_price,Short,2026-06-20T12:20:56Z
