collection_time_utc,collection_time_local,run_id,timestamp_utc,timestamp_local,value,unit,country,entsoe_area,variable,source,updated_at_utc
2026-06-08T19:45:40Z,2026-06-08T21:45:40+0200,2c10495a-697a-4f81-9dc4-3022854a0ce3,2026-05-08T20:00:00Z,2026-05-08T22:00:00+0200,9145.52,MW,BE,BE,actual_load,Actual Load,2026-06-08T19:45:53Z
2026-06-08T19:45:40Z,2026-06-08T21:45:40+0200,2c10495a-697a-4f81-9dc4-3022854a0ce3,2026-05-08T20:15:00Z,2026-05-08T22:15:00+0200,9106.46,MW,BE,BE,actual_load,Actual Load,2026-06-08T19:45:53Z
2026-06-08T19:45:40Z,2026-06-08T21:45:40+0200,2c10495a-697a-4f81-9dc4-3022854a0ce3,2026-05-08T20:30:00Z,2026-05-08T22:30:00+0200,9056.65,MW,BE,BE,actual_load,Actual Load,2026-06-08T19:45:53Z
2026-06-08T19:45:40Z,2026-06-08T21:45:40+0200,2c10495a-697a-4f81-9dc4-3022854a0ce3,2026-05-08T20:45:00Z,2026-05-08T22:45:00+0200,8947.89,MW,BE,BE,actual_load,Actual Load,2026-06-08T19:45:53Z
2026-06-08T19:45:40Z,2026-06-08T21:45:40+0200,2c10495a-697a-4f81-9dc4-3022854a0ce3,2026-05-08T21:00:00Z,2026-05-08T23:00:00+0200,8961.94,MW,BE,BE,actual_load,Actual Load,2026-06-08T19:45:53Z
2026-06-08T19:45:40Z,2026-06-08T21:45:40+0200,2c10495a-697a-4f81-9dc4-3022854a0ce3,2026-05-08T21:15:00Z,2026-05-08T23:15:00+0200,8874.79,MW,BE,BE,actual_load,Actual Load,2026-06-08T19:45:53Z
2026-06-08T19:45:40Z,2026-06-08T21:45:40+0200,2c10495a-697a-4f81-9dc4-3022854a0ce3,2026-05-08T21:30:00Z,2026-05-08T23:30:00+0200,8793.67,MW,BE,BE,actual_load,Actual Load,2026-06-08T19:45:53Z
2026-06-08T19:45:40Z,2026-06-08T21:45:40+0200,2c10495a-697a-4f81-9dc4-3022854a0ce3,2026-05-08T21:45:00Z,2026-05-08T23:45:00+0200,8610.34,MW,BE,BE,actual_load,Actual Load,2026-06-08T19:45:53Z
2026-06-08T19:45:40Z,2026-06-08T21:45:40+0200,2c10495a-697a-4f81-9dc4-3022854a0ce3,2026-05-08T22:00:00Z,2026-05-09T00:00:00+0200,8348.09,MW,BE,BE,actual_load,Actual Load,2026-06-08T19:45:53Z
2026-06-08T19:45:40Z,2026-06-08T21:45:40+0200,2c10495a-697a-4f81-9dc4-3022854a0ce3,2026-05-08T22:15:00Z,2026-05-09T00:15:00+0200,8189.55,MW,BE,BE,actual_load,Actual Load,2026-06-08T19:45:53Z
2026-06-08T19:45:40Z,2026-06-08T21:45:40+0200,2c10495a-697a-4f81-9dc4-3022854a0ce3,2026-05-08T22:30:00Z,2026-05-09T00:30:00+0200,8044.81,MW,BE,BE,actual_load,Actual Load,2026-06-08T19:45:53Z
2026-06-08T19:45:40Z,2026-06-08T21:45:40+0200,2c10495a-697a-4f81-9dc4-3022854a0ce3,2026-05-08T22:45:00Z,2026-05-09T00:45:00+0200,7963.3,MW,BE,BE,actual_load,Actual Load,2026-06-08T19:45:53Z
2026-06-08T19:45:40Z,2026-06-08T21:45:40+0200,2c10495a-697a-4f81-9dc4-3022854a0ce3,2026-05-08T23:00:00Z,2026-05-09T01:00:00+0200,7879.85,MW,BE,BE,actual_load,Actual Load,2026-06-08T19:45:53Z
2026-06-08T19:45:40Z,2026-06-08T21:45:40+0200,2c10495a-697a-4f81-9dc4-3022854a0ce3,2026-05-08T23:15:00Z,2026-05-09T01:15:00+0200,7846.5,MW,BE,BE,actual_load,Actual Load,2026-06-08T19:45:53Z
2026-06-08T19:45:40Z,2026-06-08T21:45:40+0200,2c10495a-697a-4f81-9dc4-3022854a0ce3,2026-05-08T23:30:00Z,2026-05-09T01:30:00+0200,7752.44,MW,BE,BE,actual_load,Actual Load,2026-06-08T19:45:53Z
2026-06-08T19:45:40Z,2026-06-08T21:45:40+0200,2c10495a-697a-4f81-9dc4-3022854a0ce3,2026-05-08T23:45:00Z,2026-05-09T01:45:00+0200,7691.6,MW,BE,BE,actual_load,Actual Load,2026-06-08T19:45:53Z
2026-06-08T19:45:40Z,2026-06-08T21:45:40+0200,2c10495a-697a-4f81-9dc4-3022854a0ce3,2026-05-09T00:00:00Z,2026-05-09T02:00:00+0200,7590.4,MW,BE,BE,actual_load,Actual Load,2026-06-08T19:45:53Z
2026-06-08T19:45:40Z,2026-06-08T21:45:40+0200,2c10495a-697a-4f81-9dc4-3022854a0ce3,2026-05-09T00:15:00Z,2026-05-09T02:15:00+0200,7566.33,MW,BE,BE,actual_load,Actual Load,2026-06-08T19:45:53Z
2026-06-08T19:45:40Z,2026-06-08T21:45:40+0200,2c10495a-697a-4f81-9dc4-3022854a0ce3,2026-05-09T00:30:00Z,2026-05-09T02:30:00+0200,7539.18,MW,BE,BE,actual_load,Actual Load,2026-06-08T19:45:53Z
2026-06-08T19:45:40Z,2026-06-08T21:45:40+0200,2c10495a-697a-4f81-9dc4-3022854a0ce3,2026-05-09T00:45:00Z,2026-05-09T02:45:00+0200,7462.06,MW,BE,BE,actual_load,Actual Load,2026-06-08T19:45:53Z
2026-06-08T19:45:40Z,2026-06-08T21:45:40+0200,2c10495a-697a-4f81-9dc4-3022854a0ce3,2026-05-09T01:00:00Z,2026-05-09T03:00:00+0200,7498.77,MW,BE,BE,actual_load,Actual Load,2026-06-08T19:45:53Z
2026-06-08T19:45:40Z,2026-06-08T21:45:40+0200,2c10495a-697a-4f81-9dc4-3022854a0ce3,2026-05-09T01:15:00Z,2026-05-09T03:15:00+0200,7477.02,MW,BE,BE,actual_load,Actual Load,2026-06-08T19:45:53Z
2026-06-08T19:45:40Z,2026-06-08T21:45:40+0200,2c10495a-697a-4f81-9dc4-3022854a0ce3,2026-05-09T01:30:00Z,2026-05-09T03:30:00+0200,7428.96,MW,BE,BE,actual_load,Actual Load,2026-06-08T19:45:53Z
2026-06-08T19:45:40Z,2026-06-08T21:45:40+0200,2c10495a-697a-4f81-9dc4-3022854a0ce3,2026-05-09T01:45:00Z,2026-05-09T03:45:00+0200,7366.71,MW,BE,BE,actual_load,Actual Load,2026-06-08T19:45:53Z
2026-06-08T19:45:40Z,2026-06-08T21:45:40+0200,2c10495a-697a-4f81-9dc4-3022854a0ce3,2026-05-09T02:00:00Z,2026-05-09T04:00:00+0200,7363.59,MW,BE,BE,actual_load,Actual Load,2026-06-08T19:45:53Z
2026-06-08T19:45:40Z,2026-06-08T21:45:40+0200,2c10495a-697a-4f81-9dc4-3022854a0ce3,2026-05-09T02:15:00Z,2026-05-09T04:15:00+0200,7381.62,MW,BE,BE,actual_load,Actual Load,2026-06-08T19:45:53Z
2026-06-08T19:45:40Z,2026-06-08T21:45:40+0200,2c10495a-697a-4f81-9dc4-3022854a0ce3,2026-05-09T02:30:00Z,2026-05-09T04:30:00+0200,7391.24,MW,BE,BE,actual_load,Actual Load,2026-06-08T19:45:53Z
2026-06-08T19:45:40Z,2026-06-08T21:45:40+0200,2c10495a-697a-4f81-9dc4-3022854a0ce3,2026-05-09T02:45:00Z,2026-05-09T04:45:00+0200,7381.69,MW,BE,BE,actual_load,Actual Load,2026-06-08T19:45:53Z
2026-06-08T19:45:40Z,2026-06-08T21:45:40+0200,2c10495a-697a-4f81-9dc4-3022854a0ce3,2026-05-09T03:00:00Z,2026-05-09T05:00:00+0200,7335.57,MW,BE,BE,actual_load,Actual Load,2026-06-08T19:45:53Z
2026-06-08T19:45:40Z,2026-06-08T21:45:40+0200,2c10495a-697a-4f81-9dc4-3022854a0ce3,2026-05-09T03:15:00Z,2026-05-09T05:15:00+0200,7373.73,MW,BE,BE,actual_load,Actual Load,2026-06-08T19:45:53Z
2026-06-08T19:45:40Z,2026-06-08T21:45:40+0200,2c10495a-697a-4f81-9dc4-3022854a0ce3,2026-05-09T03:30:00Z,2026-05-09T05:30:00+0200,7339.74,MW,BE,BE,actual_load,Actual Load,2026-06-08T19:45:53Z
2026-06-08T19:45:40Z,2026-06-08T21:45:40+0200,2c10495a-697a-4f81-9dc4-3022854a0ce3,2026-05-09T03:45:00Z,2026-05-09T05:45:00+0200,7379.29,MW,BE,BE,actual_load,Actual Load,2026-06-08T19:45:53Z
2026-06-08T19:45:40Z,2026-06-08T21:45:40+0200,2c10495a-697a-4f81-9dc4-3022854a0ce3,2026-05-09T04:00:00Z,2026-05-09T06:00:00+0200,7368.67,MW,BE,BE,actual_load,Actual Load,2026-06-08T19:45:53Z
2026-06-08T19:45:40Z,2026-06-08T21:45:40+0200,2c10495a-697a-4f81-9dc4-3022854a0ce3,2026-05-09T04:15:00Z,2026-05-09T06:15:00+0200,7456.39,MW,BE,BE,actual_load,Actual Load,2026-06-08T19:45:53Z
2026-06-08T19:45:40Z,2026-06-08T21:45:40+0200,2c10495a-697a-4f81-9dc4-3022854a0ce3,2026-05-09T04:30:00Z,2026-05-09T06:30:00+0200,7570.9,MW,BE,BE,actual_load,Actual Load,2026-06-08T19:45:53Z
2026-06-08T19:45:40Z,2026-06-08T21:45:40+0200,2c10495a-697a-4f81-9dc4-3022854a0ce3,2026-05-09T04:45:00Z,2026-05-09T06:45:00+0200,7650.98,MW,BE,BE,actual_load,Actual Load,2026-06-08T19:45:53Z
2026-06-08T19:45:40Z,2026-06-08T21:45:40+0200,2c10495a-697a-4f81-9dc4-3022854a0ce3,2026-05-09T05:00:00Z,2026-05-09T07:00:00+0200,7743.71,MW,BE,BE,actual_load,Actual Load,2026-06-08T19:45:53Z
2026-06-08T19:45:40Z,2026-06-08T21:45:40+0200,2c10495a-697a-4f81-9dc4-3022854a0ce3,2026-05-09T05:15:00Z,2026-05-09T07:15:00+0200,7793.25,MW,BE,BE,actual_load,Actual Load,2026-06-08T19:45:53Z
2026-06-08T19:45:40Z,2026-06-08T21:45:40+0200,2c10495a-697a-4f81-9dc4-3022854a0ce3,2026-05-09T05:30:00Z,2026-05-09T07:30:00+0200,7922.22,MW,BE,BE,actual_load,Actual Load,2026-06-08T19:45:53Z
2026-06-08T19:45:40Z,2026-06-08T21:45:40+0200,2c10495a-697a-4f81-9dc4-3022854a0ce3,2026-05-09T05:45:00Z,2026-05-09T07:45:00+0200,8045.08,MW,BE,BE,actual_load,Actual Load,2026-06-08T19:45:53Z
2026-06-08T19:45:40Z,2026-06-08T21:45:40+0200,2c10495a-697a-4f81-9dc4-3022854a0ce3,2026-05-09T06:00:00Z,2026-05-09T08:00:00+0200,8140.67,MW,BE,BE,actual_load,Actual Load,2026-06-08T19:45:53Z
2026-06-08T19:45:40Z,2026-06-08T21:45:40+0200,2c10495a-697a-4f81-9dc4-3022854a0ce3,2026-05-09T06:15:00Z,2026-05-09T08:15:00+0200,8220.92,MW,BE,BE,actual_load,Actual Load,2026-06-08T19:45:53Z
2026-06-08T19:45:40Z,2026-06-08T21:45:40+0200,2c10495a-697a-4f81-9dc4-3022854a0ce3,2026-05-09T06:30:00Z,2026-05-09T08:30:00+0200,8211.83,MW,BE,BE,actual_load,Actual Load,2026-06-08T19:45:53Z
2026-06-08T19:45:40Z,2026-06-08T21:45:40+0200,2c10495a-697a-4f81-9dc4-3022854a0ce3,2026-05-09T06:45:00Z,2026-05-09T08:45:00+0200,8326.88,MW,BE,BE,actual_load,Actual Load,2026-06-08T19:45:53Z
2026-06-08T19:45:40Z,2026-06-08T21:45:40+0200,2c10495a-697a-4f81-9dc4-3022854a0ce3,2026-05-09T07:00:00Z,2026-05-09T09:00:00+0200,8512.86,MW,BE,BE,actual_load,Actual Load,2026-06-08T19:45:53Z
2026-06-08T19:45:40Z,2026-06-08T21:45:40+0200,2c10495a-697a-4f81-9dc4-3022854a0ce3,2026-05-09T07:15:00Z,2026-05-09T09:15:00+0200,8720.28,MW,BE,BE,actual_load,Actual Load,2026-06-08T19:45:53Z
2026-06-08T19:45:40Z,2026-06-08T21:45:40+0200,2c10495a-697a-4f81-9dc4-3022854a0ce3,2026-05-09T07:30:00Z,2026-05-09T09:30:00+0200,9022.55,MW,BE,BE,actual_load,Actual Load,2026-06-08T19:45:53Z
2026-06-08T19:45:40Z,2026-06-08T21:45:40+0200,2c10495a-697a-4f81-9dc4-3022854a0ce3,2026-05-09T07:45:00Z,2026-05-09T09:45:00+0200,9189.89,MW,BE,BE,actual_load,Actual Load,2026-06-08T19:45:53Z
2026-06-08T19:45:40Z,2026-06-08T21:45:40+0200,2c10495a-697a-4f81-9dc4-3022854a0ce3,2026-05-09T08:00:00Z,2026-05-09T10:00:00+0200,9296.72,MW,BE,BE,actual_load,Actual Load,2026-06-08T19:45:53Z
2026-06-08T19:45:40Z,2026-06-08T21:45:40+0200,2c10495a-697a-4f81-9dc4-3022854a0ce3,2026-05-09T08:15:00Z,2026-05-09T10:15:00+0200,9350.51,MW,BE,BE,actual_load,Actual Load,2026-06-08T19:45:53Z
2026-06-08T19:45:40Z,2026-06-08T21:45:40+0200,2c10495a-697a-4f81-9dc4-3022854a0ce3,2026-05-09T08:30:00Z,2026-05-09T10:30:00+0200,9427.63,MW,BE,BE,actual_load,Actual Load,2026-06-08T19:45:53Z
2026-06-08T19:45:40Z,2026-06-08T21:45:40+0200,2c10495a-697a-4f81-9dc4-3022854a0ce3,2026-05-09T08:45:00Z,2026-05-09T10:45:00+0200,9646.07,MW,BE,BE,actual_load,Actual Load,2026-06-08T19:45:53Z
2026-06-08T19:45:40Z,2026-06-08T21:45:40+0200,2c10495a-697a-4f81-9dc4-3022854a0ce3,2026-05-09T09:00:00Z,2026-05-09T11:00:00+0200,9673.26,MW,BE,BE,actual_load,Actual Load,2026-06-08T19:45:53Z
2026-06-08T19:45:40Z,2026-06-08T21:45:40+0200,2c10495a-697a-4f81-9dc4-3022854a0ce3,2026-05-09T09:15:00Z,2026-05-09T11:15:00+0200,9725.58,MW,BE,BE,actual_load,Actual Load,2026-06-08T19:45:53Z
2026-06-08T19:45:40Z,2026-06-08T21:45:40+0200,2c10495a-697a-4f81-9dc4-3022854a0ce3,2026-05-09T09:30:00Z,2026-05-09T11:30:00+0200,9771.76,MW,BE,BE,actual_load,Actual Load,2026-06-08T19:45:53Z
2026-06-08T19:45:40Z,2026-06-08T21:45:40+0200,2c10495a-697a-4f81-9dc4-3022854a0ce3,2026-05-09T09:45:00Z,2026-05-09T11:45:00+0200,9851.24,MW,BE,BE,actual_load,Actual Load,2026-06-08T19:45:53Z
2026-06-08T19:45:40Z,2026-06-08T21:45:40+0200,2c10495a-697a-4f81-9dc4-3022854a0ce3,2026-05-09T10:00:00Z,2026-05-09T12:00:00+0200,9863.77,MW,BE,BE,actual_load,Actual Load,2026-06-08T19:45:53Z
2026-06-08T19:45:40Z,2026-06-08T21:45:40+0200,2c10495a-697a-4f81-9dc4-3022854a0ce3,2026-05-09T10:15:00Z,2026-05-09T12:15:00+0200,9931.07,MW,BE,BE,actual_load,Actual Load,2026-06-08T19:45:53Z
2026-06-08T19:45:40Z,2026-06-08T21:45:40+0200,2c10495a-697a-4f81-9dc4-3022854a0ce3,2026-05-09T10:30:00Z,2026-05-09T12:30:00+0200,9856.25,MW,BE,BE,actual_load,Actual Load,2026-06-08T19:45:53Z
2026-06-08T19:45:40Z,2026-06-08T21:45:40+0200,2c10495a-697a-4f81-9dc4-3022854a0ce3,2026-05-09T10:45:00Z,2026-05-09T12:45:00+0200,9833.75,MW,BE,BE,actual_load,Actual Load,2026-06-08T19:45:53Z
2026-06-08T19:45:40Z,2026-06-08T21:45:40+0200,2c10495a-697a-4f81-9dc4-3022854a0ce3,2026-05-09T11:00:00Z,2026-05-09T13:00:00+0200,9828.65,MW,BE,BE,actual_load,Actual Load,2026-06-08T19:45:53Z
2026-06-08T19:45:40Z,2026-06-08T21:45:40+0200,2c10495a-697a-4f81-9dc4-3022854a0ce3,2026-05-09T11:15:00Z,2026-05-09T13:15:00+0200,9691.37,MW,BE,BE,actual_load,Actual Load,2026-06-08T19:45:53Z
2026-06-08T19:45:40Z,2026-06-08T21:45:40+0200,2c10495a-697a-4f81-9dc4-3022854a0ce3,2026-05-09T11:30:00Z,2026-05-09T13:30:00+0200,9583.64,MW,BE,BE,actual_load,Actual Load,2026-06-08T19:45:53Z
2026-06-08T19:45:40Z,2026-06-08T21:45:40+0200,2c10495a-697a-4f81-9dc4-3022854a0ce3,2026-05-09T11:45:00Z,2026-05-09T13:45:00+0200,9419.01,MW,BE,BE,actual_load,Actual Load,2026-06-08T19:45:53Z
2026-06-08T19:45:40Z,2026-06-08T21:45:40+0200,2c10495a-697a-4f81-9dc4-3022854a0ce3,2026-05-09T12:00:00Z,2026-05-09T14:00:00+0200,9368.81,MW,BE,BE,actual_load,Actual Load,2026-06-08T19:45:53Z
2026-06-08T19:45:40Z,2026-06-08T21:45:40+0200,2c10495a-697a-4f81-9dc4-3022854a0ce3,2026-05-09T12:15:00Z,2026-05-09T14:15:00+0200,9299.72,MW,BE,BE,actual_load,Actual Load,2026-06-08T19:45:53Z
2026-06-08T19:45:40Z,2026-06-08T21:45:40+0200,2c10495a-697a-4f81-9dc4-3022854a0ce3,2026-05-09T12:30:00Z,2026-05-09T14:30:00+0200,9189.49,MW,BE,BE,actual_load,Actual Load,2026-06-08T19:45:53Z
2026-06-08T19:45:40Z,2026-06-08T21:45:40+0200,2c10495a-697a-4f81-9dc4-3022854a0ce3,2026-05-09T12:45:00Z,2026-05-09T14:45:00+0200,9123.89,MW,BE,BE,actual_load,Actual Load,2026-06-08T19:45:53Z
2026-06-08T19:45:40Z,2026-06-08T21:45:40+0200,2c10495a-697a-4f81-9dc4-3022854a0ce3,2026-05-09T13:00:00Z,2026-05-09T15:00:00+0200,9163.55,MW,BE,BE,actual_load,Actual Load,2026-06-08T19:45:53Z
2026-06-08T19:45:40Z,2026-06-08T21:45:40+0200,2c10495a-697a-4f81-9dc4-3022854a0ce3,2026-05-09T13:15:00Z,2026-05-09T15:15:00+0200,9051.02,MW,BE,BE,actual_load,Actual Load,2026-06-08T19:45:53Z
2026-06-08T19:45:40Z,2026-06-08T21:45:40+0200,2c10495a-697a-4f81-9dc4-3022854a0ce3,2026-05-09T13:30:00Z,2026-05-09T15:30:00+0200,8929.05,MW,BE,BE,actual_load,Actual Load,2026-06-08T19:45:53Z
2026-06-08T19:45:40Z,2026-06-08T21:45:40+0200,2c10495a-697a-4f81-9dc4-3022854a0ce3,2026-05-09T13:45:00Z,2026-05-09T15:45:00+0200,8721.09,MW,BE,BE,actual_load,Actual Load,2026-06-08T19:45:53Z
2026-06-08T19:45:40Z,2026-06-08T21:45:40+0200,2c10495a-697a-4f81-9dc4-3022854a0ce3,2026-05-09T14:00:00Z,2026-05-09T16:00:00+0200,8765.95,MW,BE,BE,actual_load,Actual Load,2026-06-08T19:45:53Z
2026-06-08T19:45:40Z,2026-06-08T21:45:40+0200,2c10495a-697a-4f81-9dc4-3022854a0ce3,2026-05-09T14:15:00Z,2026-05-09T16:15:00+0200,8615.65,MW,BE,BE,actual_load,Actual Load,2026-06-08T19:45:53Z
2026-06-08T19:45:40Z,2026-06-08T21:45:40+0200,2c10495a-697a-4f81-9dc4-3022854a0ce3,2026-05-09T14:30:00Z,2026-05-09T16:30:00+0200,8542.75,MW,BE,BE,actual_load,Actual Load,2026-06-08T19:45:53Z
2026-06-08T19:45:40Z,2026-06-08T21:45:40+0200,2c10495a-697a-4f81-9dc4-3022854a0ce3,2026-05-09T14:45:00Z,2026-05-09T16:45:00+0200,8424.53,MW,BE,BE,actual_load,Actual Load,2026-06-08T19:45:53Z
2026-06-08T19:45:40Z,2026-06-08T21:45:40+0200,2c10495a-697a-4f81-9dc4-3022854a0ce3,2026-05-09T15:00:00Z,2026-05-09T17:00:00+0200,8504.96,MW,BE,BE,actual_load,Actual Load,2026-06-08T19:45:53Z
2026-06-08T19:45:40Z,2026-06-08T21:45:40+0200,2c10495a-697a-4f81-9dc4-3022854a0ce3,2026-05-09T15:15:00Z,2026-05-09T17:15:00+0200,8458.67,MW,BE,BE,actual_load,Actual Load,2026-06-08T19:45:53Z
2026-06-08T19:45:40Z,2026-06-08T21:45:40+0200,2c10495a-697a-4f81-9dc4-3022854a0ce3,2026-05-09T15:30:00Z,2026-05-09T17:30:00+0200,8432.77,MW,BE,BE,actual_load,Actual Load,2026-06-08T19:45:53Z
2026-06-08T19:45:40Z,2026-06-08T21:45:40+0200,2c10495a-697a-4f81-9dc4-3022854a0ce3,2026-05-09T15:45:00Z,2026-05-09T17:45:00+0200,8343.69,MW,BE,BE,actual_load,Actual Load,2026-06-08T19:45:53Z
2026-06-08T19:45:40Z,2026-06-08T21:45:40+0200,2c10495a-697a-4f81-9dc4-3022854a0ce3,2026-05-09T16:00:00Z,2026-05-09T18:00:00+0200,8374.17,MW,BE,BE,actual_load,Actual Load,2026-06-08T19:45:53Z
2026-06-08T19:45:40Z,2026-06-08T21:45:40+0200,2c10495a-697a-4f81-9dc4-3022854a0ce3,2026-05-09T16:15:00Z,2026-05-09T18:15:00+0200,8438.89,MW,BE,BE,actual_load,Actual Load,2026-06-08T19:45:53Z
2026-06-08T19:45:40Z,2026-06-08T21:45:40+0200,2c10495a-697a-4f81-9dc4-3022854a0ce3,2026-05-09T16:30:00Z,2026-05-09T18:30:00+0200,8436.87,MW,BE,BE,actual_load,Actual Load,2026-06-08T19:45:53Z
2026-06-08T19:45:40Z,2026-06-08T21:45:40+0200,2c10495a-697a-4f81-9dc4-3022854a0ce3,2026-05-09T16:45:00Z,2026-05-09T18:45:00+0200,8464.38,MW,BE,BE,actual_load,Actual Load,2026-06-08T19:45:53Z
2026-06-08T19:45:40Z,2026-06-08T21:45:40+0200,2c10495a-697a-4f81-9dc4-3022854a0ce3,2026-05-09T17:00:00Z,2026-05-09T19:00:00+0200,8526.89,MW,BE,BE,actual_load,Actual Load,2026-06-08T19:45:53Z
2026-06-08T19:45:40Z,2026-06-08T21:45:40+0200,2c10495a-697a-4f81-9dc4-3022854a0ce3,2026-05-09T17:15:00Z,2026-05-09T19:15:00+0200,8475.19,MW,BE,BE,actual_load,Actual Load,2026-06-08T19:45:53Z
2026-06-08T19:45:40Z,2026-06-08T21:45:40+0200,2c10495a-697a-4f81-9dc4-3022854a0ce3,2026-05-09T17:30:00Z,2026-05-09T19:30:00+0200,8477.72,MW,BE,BE,actual_load,Actual Load,2026-06-08T19:45:53Z
2026-06-08T19:45:40Z,2026-06-08T21:45:40+0200,2c10495a-697a-4f81-9dc4-3022854a0ce3,2026-05-09T17:45:00Z,2026-05-09T19:45:00+0200,8503.71,MW,BE,BE,actual_load,Actual Load,2026-06-08T19:45:53Z
2026-06-08T19:45:40Z,2026-06-08T21:45:40+0200,2c10495a-697a-4f81-9dc4-3022854a0ce3,2026-05-09T18:00:00Z,2026-05-09T20:00:00+0200,8471.84,MW,BE,BE,actual_load,Actual Load,2026-06-08T19:45:53Z
2026-06-08T19:45:40Z,2026-06-08T21:45:40+0200,2c10495a-697a-4f81-9dc4-3022854a0ce3,2026-05-09T18:15:00Z,2026-05-09T20:15:00+0200,8446.2,MW,BE,BE,actual_load,Actual Load,2026-06-08T19:45:53Z
2026-06-08T19:45:40Z,2026-06-08T21:45:40+0200,2c10495a-697a-4f81-9dc4-3022854a0ce3,2026-05-09T18:30:00Z,2026-05-09T20:30:00+0200,8340.34,MW,BE,BE,actual_load,Actual Load,2026-06-08T19:45:53Z
2026-06-08T19:45:40Z,2026-06-08T21:45:40+0200,2c10495a-697a-4f81-9dc4-3022854a0ce3,2026-05-09T18:45:00Z,2026-05-09T20:45:00+0200,8299.02,MW,BE,BE,actual_load,Actual Load,2026-06-08T19:45:53Z
2026-06-08T19:45:40Z,2026-06-08T21:45:40+0200,2c10495a-697a-4f81-9dc4-3022854a0ce3,2026-05-09T19:00:00Z,2026-05-09T21:00:00+0200,8286.84,MW,BE,BE,actual_load,Actual Load,2026-06-08T19:45:53Z
2026-06-08T19:45:40Z,2026-06-08T21:45:40+0200,2c10495a-697a-4f81-9dc4-3022854a0ce3,2026-05-09T19:15:00Z,2026-05-09T21:15:00+0200,8439.68,MW,BE,BE,actual_load,Actual Load,2026-06-08T19:45:53Z
2026-06-08T19:45:40Z,2026-06-08T21:45:40+0200,2c10495a-697a-4f81-9dc4-3022854a0ce3,2026-05-09T19:30:00Z,2026-05-09T21:30:00+0200,8523.66,MW,BE,BE,actual_load,Actual Load,2026-06-08T19:45:53Z
2026-06-08T19:45:40Z,2026-06-08T21:45:40+0200,2c10495a-697a-4f81-9dc4-3022854a0ce3,2026-05-09T19:45:00Z,2026-05-09T21:45:00+0200,8476.89,MW,BE,BE,actual_load,Actual Load,2026-06-08T19:45:53Z
2026-06-08T19:45:40Z,2026-06-08T21:45:40+0200,2c10495a-697a-4f81-9dc4-3022854a0ce3,2026-05-09T20:00:00Z,2026-05-09T22:00:00+0200,8405.16,MW,BE,BE,actual_load,Actual Load,2026-06-08T19:45:53Z
2026-06-08T19:45:40Z,2026-06-08T21:45:40+0200,2c10495a-697a-4f81-9dc4-3022854a0ce3,2026-05-09T20:15:00Z,2026-05-09T22:15:00+0200,8373.81,MW,BE,BE,actual_load,Actual Load,2026-06-08T19:45:53Z
2026-06-08T19:45:40Z,2026-06-08T21:45:40+0200,2c10495a-697a-4f81-9dc4-3022854a0ce3,2026-05-09T20:30:00Z,2026-05-09T22:30:00+0200,8328.03,MW,BE,BE,actual_load,Actual Load,2026-06-08T19:45:53Z
2026-06-08T19:45:40Z,2026-06-08T21:45:40+0200,2c10495a-697a-4f81-9dc4-3022854a0ce3,2026-05-09T20:45:00Z,2026-05-09T22:45:00+0200,8321.04,MW,BE,BE,actual_load,Actual Load,2026-06-08T19:45:53Z
2026-06-08T19:45:40Z,2026-06-08T21:45:40+0200,2c10495a-697a-4f81-9dc4-3022854a0ce3,2026-05-09T21:00:00Z,2026-05-09T23:00:00+0200,8240.5,MW,BE,BE,actual_load,Actual Load,2026-06-08T19:45:53Z
2026-06-08T19:45:40Z,2026-06-08T21:45:40+0200,2c10495a-697a-4f81-9dc4-3022854a0ce3,2026-05-09T21:15:00Z,2026-05-09T23:15:00+0200,8137.35,MW,BE,BE,actual_load,Actual Load,2026-06-08T19:45:53Z
2026-06-08T19:45:40Z,2026-06-08T21:45:40+0200,2c10495a-697a-4f81-9dc4-3022854a0ce3,2026-05-09T21:30:00Z,2026-05-09T23:30:00+0200,8080.65,MW,BE,BE,actual_load,Actual Load,2026-06-08T19:45:53Z
2026-06-08T19:45:40Z,2026-06-08T21:45:40+0200,2c10495a-697a-4f81-9dc4-3022854a0ce3,2026-05-09T21:45:00Z,2026-05-09T23:45:00+0200,7941.45,MW,BE,BE,actual_load,Actual Load,2026-06-08T19:45:53Z
2026-06-08T19:45:40Z,2026-06-08T21:45:40+0200,2c10495a-697a-4f81-9dc4-3022854a0ce3,2026-05-09T22:00:00Z,2026-05-10T00:00:00+0200,7934.0,MW,BE,BE,actual_load,Actual Load,2026-06-08T19:45:53Z
2026-06-08T19:45:40Z,2026-06-08T21:45:40+0200,2c10495a-697a-4f81-9dc4-3022854a0ce3,2026-05-09T22:15:00Z,2026-05-10T00:15:00+0200,7780.64,MW,BE,BE,actual_load,Actual Load,2026-06-08T19:45:53Z
2026-06-08T19:45:40Z,2026-06-08T21:45:40+0200,2c10495a-697a-4f81-9dc4-3022854a0ce3,2026-05-09T22:30:00Z,2026-05-10T00:30:00+0200,7700.6,MW,BE,BE,actual_load,Actual Load,2026-06-08T19:45:53Z
2026-06-08T19:45:40Z,2026-06-08T21:45:40+0200,2c10495a-697a-4f81-9dc4-3022854a0ce3,2026-05-09T22:45:00Z,2026-05-10T00:45:00+0200,7552.37,MW,BE,BE,actual_load,Actual Load,2026-06-08T19:45:53Z
2026-06-08T19:45:40Z,2026-06-08T21:45:40+0200,2c10495a-697a-4f81-9dc4-3022854a0ce3,2026-05-09T23:00:00Z,2026-05-10T01:00:00+0200,7495.62,MW,BE,BE,actual_load,Actual Load,2026-06-08T19:45:53Z
2026-06-08T19:45:40Z,2026-06-08T21:45:40+0200,2c10495a-697a-4f81-9dc4-3022854a0ce3,2026-05-09T23:15:00Z,2026-05-10T01:15:00+0200,7407.84,MW,BE,BE,actual_load,Actual Load,2026-06-08T19:45:53Z
2026-06-08T19:45:40Z,2026-06-08T21:45:40+0200,2c10495a-697a-4f81-9dc4-3022854a0ce3,2026-05-09T23:30:00Z,2026-05-10T01:30:00+0200,7367.46,MW,BE,BE,actual_load,Actual Load,2026-06-08T19:45:53Z
2026-06-08T19:45:40Z,2026-06-08T21:45:40+0200,2c10495a-697a-4f81-9dc4-3022854a0ce3,2026-05-09T23:45:00Z,2026-05-10T01:45:00+0200,7274.45,MW,BE,BE,actual_load,Actual Load,2026-06-08T19:45:53Z
2026-06-08T19:45:40Z,2026-06-08T21:45:40+0200,2c10495a-697a-4f81-9dc4-3022854a0ce3,2026-05-10T00:00:00Z,2026-05-10T02:00:00+0200,7304.08,MW,BE,BE,actual_load,Actual Load,2026-06-08T19:45:53Z
2026-06-08T19:45:40Z,2026-06-08T21:45:40+0200,2c10495a-697a-4f81-9dc4-3022854a0ce3,2026-05-10T00:15:00Z,2026-05-10T02:15:00+0200,7182.88,MW,BE,BE,actual_load,Actual Load,2026-06-08T19:45:53Z
2026-06-08T19:45:40Z,2026-06-08T21:45:40+0200,2c10495a-697a-4f81-9dc4-3022854a0ce3,2026-05-10T00:30:00Z,2026-05-10T02:30:00+0200,7093.35,MW,BE,BE,actual_load,Actual Load,2026-06-08T19:45:53Z
2026-06-08T19:45:40Z,2026-06-08T21:45:40+0200,2c10495a-697a-4f81-9dc4-3022854a0ce3,2026-05-10T00:45:00Z,2026-05-10T02:45:00+0200,6963.47,MW,BE,BE,actual_load,Actual Load,2026-06-08T19:45:53Z
2026-06-08T19:45:40Z,2026-06-08T21:45:40+0200,2c10495a-697a-4f81-9dc4-3022854a0ce3,2026-05-10T01:00:00Z,2026-05-10T03:00:00+0200,6961.91,MW,BE,BE,actual_load,Actual Load,2026-06-08T19:45:53Z
2026-06-08T19:45:40Z,2026-06-08T21:45:40+0200,2c10495a-697a-4f81-9dc4-3022854a0ce3,2026-05-10T01:15:00Z,2026-05-10T03:15:00+0200,6954.41,MW,BE,BE,actual_load,Actual Load,2026-06-08T19:45:53Z
2026-06-08T19:45:40Z,2026-06-08T21:45:40+0200,2c10495a-697a-4f81-9dc4-3022854a0ce3,2026-05-10T01:30:00Z,2026-05-10T03:30:00+0200,6987.2,MW,BE,BE,actual_load,Actual Load,2026-06-08T19:45:53Z
2026-06-08T19:45:40Z,2026-06-08T21:45:40+0200,2c10495a-697a-4f81-9dc4-3022854a0ce3,2026-05-10T01:45:00Z,2026-05-10T03:45:00+0200,6927.76,MW,BE,BE,actual_load,Actual Load,2026-06-08T19:45:53Z
2026-06-08T19:45:40Z,2026-06-08T21:45:40+0200,2c10495a-697a-4f81-9dc4-3022854a0ce3,2026-05-10T02:00:00Z,2026-05-10T04:00:00+0200,7064.12,MW,BE,BE,actual_load,Actual Load,2026-06-08T19:45:53Z
2026-06-08T19:45:40Z,2026-06-08T21:45:40+0200,2c10495a-697a-4f81-9dc4-3022854a0ce3,2026-05-10T02:15:00Z,2026-05-10T04:15:00+0200,6966.18,MW,BE,BE,actual_load,Actual Load,2026-06-08T19:45:53Z
2026-06-08T19:45:40Z,2026-06-08T21:45:40+0200,2c10495a-697a-4f81-9dc4-3022854a0ce3,2026-05-10T02:30:00Z,2026-05-10T04:30:00+0200,6954.93,MW,BE,BE,actual_load,Actual Load,2026-06-08T19:45:53Z
2026-06-08T19:45:40Z,2026-06-08T21:45:40+0200,2c10495a-697a-4f81-9dc4-3022854a0ce3,2026-05-10T02:45:00Z,2026-05-10T04:45:00+0200,6998.45,MW,BE,BE,actual_load,Actual Load,2026-06-08T19:45:53Z
2026-06-08T19:45:40Z,2026-06-08T21:45:40+0200,2c10495a-697a-4f81-9dc4-3022854a0ce3,2026-05-10T03:00:00Z,2026-05-10T05:00:00+0200,7075.93,MW,BE,BE,actual_load,Actual Load,2026-06-08T19:45:53Z
2026-06-08T19:45:40Z,2026-06-08T21:45:40+0200,2c10495a-697a-4f81-9dc4-3022854a0ce3,2026-05-10T03:15:00Z,2026-05-10T05:15:00+0200,7157.33,MW,BE,BE,actual_load,Actual Load,2026-06-08T19:45:53Z
2026-06-08T19:45:40Z,2026-06-08T21:45:40+0200,2c10495a-697a-4f81-9dc4-3022854a0ce3,2026-05-10T03:30:00Z,2026-05-10T05:30:00+0200,7128.69,MW,BE,BE,actual_load,Actual Load,2026-06-08T19:45:53Z
2026-06-08T19:45:40Z,2026-06-08T21:45:40+0200,2c10495a-697a-4f81-9dc4-3022854a0ce3,2026-05-10T03:45:00Z,2026-05-10T05:45:00+0200,7042.39,MW,BE,BE,actual_load,Actual Load,2026-06-08T19:45:53Z
2026-06-08T19:45:40Z,2026-06-08T21:45:40+0200,2c10495a-697a-4f81-9dc4-3022854a0ce3,2026-05-10T04:00:00Z,2026-05-10T06:00:00+0200,7098.6,MW,BE,BE,actual_load,Actual Load,2026-06-08T19:45:53Z
2026-06-08T19:45:40Z,2026-06-08T21:45:40+0200,2c10495a-697a-4f81-9dc4-3022854a0ce3,2026-05-10T04:15:00Z,2026-05-10T06:15:00+0200,7125.74,MW,BE,BE,actual_load,Actual Load,2026-06-08T19:45:53Z
2026-06-08T19:45:40Z,2026-06-08T21:45:40+0200,2c10495a-697a-4f81-9dc4-3022854a0ce3,2026-05-10T04:30:00Z,2026-05-10T06:30:00+0200,7223.05,MW,BE,BE,actual_load,Actual Load,2026-06-08T19:45:53Z
2026-06-08T19:45:40Z,2026-06-08T21:45:40+0200,2c10495a-697a-4f81-9dc4-3022854a0ce3,2026-05-10T04:45:00Z,2026-05-10T06:45:00+0200,7314.24,MW,BE,BE,actual_load,Actual Load,2026-06-08T19:45:53Z
2026-06-08T19:45:40Z,2026-06-08T21:45:40+0200,2c10495a-697a-4f81-9dc4-3022854a0ce3,2026-05-10T05:00:00Z,2026-05-10T07:00:00+0200,7367.05,MW,BE,BE,actual_load,Actual Load,2026-06-08T19:45:53Z
2026-06-08T19:45:40Z,2026-06-08T21:45:40+0200,2c10495a-697a-4f81-9dc4-3022854a0ce3,2026-05-10T05:15:00Z,2026-05-10T07:15:00+0200,7432.55,MW,BE,BE,actual_load,Actual Load,2026-06-08T19:45:53Z
2026-06-08T19:45:40Z,2026-06-08T21:45:40+0200,2c10495a-697a-4f81-9dc4-3022854a0ce3,2026-05-10T05:30:00Z,2026-05-10T07:30:00+0200,7530.48,MW,BE,BE,actual_load,Actual Load,2026-06-08T19:45:53Z
2026-06-08T19:45:40Z,2026-06-08T21:45:40+0200,2c10495a-697a-4f81-9dc4-3022854a0ce3,2026-05-10T05:45:00Z,2026-05-10T07:45:00+0200,7679.7,MW,BE,BE,actual_load,Actual Load,2026-06-08T19:45:53Z
2026-06-08T19:45:40Z,2026-06-08T21:45:40+0200,2c10495a-697a-4f81-9dc4-3022854a0ce3,2026-05-10T06:00:00Z,2026-05-10T08:00:00+0200,7752.72,MW,BE,BE,actual_load,Actual Load,2026-06-08T19:45:53Z
2026-06-08T19:45:40Z,2026-06-08T21:45:40+0200,2c10495a-697a-4f81-9dc4-3022854a0ce3,2026-05-10T06:15:00Z,2026-05-10T08:15:00+0200,7895.29,MW,BE,BE,actual_load,Actual Load,2026-06-08T19:45:53Z
2026-06-08T19:45:40Z,2026-06-08T21:45:40+0200,2c10495a-697a-4f81-9dc4-3022854a0ce3,2026-05-10T06:30:00Z,2026-05-10T08:30:00+0200,8104.08,MW,BE,BE,actual_load,Actual Load,2026-06-08T19:45:53Z
2026-06-08T19:45:40Z,2026-06-08T21:45:40+0200,2c10495a-697a-4f81-9dc4-3022854a0ce3,2026-05-10T06:45:00Z,2026-05-10T08:45:00+0200,8112.89,MW,BE,BE,actual_load,Actual Load,2026-06-08T19:45:53Z
2026-06-08T19:45:40Z,2026-06-08T21:45:40+0200,2c10495a-697a-4f81-9dc4-3022854a0ce3,2026-05-10T07:00:00Z,2026-05-10T09:00:00+0200,8131.43,MW,BE,BE,actual_load,Actual Load,2026-06-08T19:45:53Z
2026-06-08T19:45:40Z,2026-06-08T21:45:40+0200,2c10495a-697a-4f81-9dc4-3022854a0ce3,2026-05-10T07:15:00Z,2026-05-10T09:15:00+0200,8252.61,MW,BE,BE,actual_load,Actual Load,2026-06-08T19:45:53Z
2026-06-08T19:45:40Z,2026-06-08T21:45:40+0200,2c10495a-697a-4f81-9dc4-3022854a0ce3,2026-05-10T07:30:00Z,2026-05-10T09:30:00+0200,8523.64,MW,BE,BE,actual_load,Actual Load,2026-06-08T19:45:53Z
2026-06-08T19:45:40Z,2026-06-08T21:45:40+0200,2c10495a-697a-4f81-9dc4-3022854a0ce3,2026-05-10T07:45:00Z,2026-05-10T09:45:00+0200,8680.87,MW,BE,BE,actual_load,Actual Load,2026-06-08T19:45:53Z
2026-06-08T19:45:40Z,2026-06-08T21:45:40+0200,2c10495a-697a-4f81-9dc4-3022854a0ce3,2026-05-10T08:00:00Z,2026-05-10T10:00:00+0200,8806.46,MW,BE,BE,actual_load,Actual Load,2026-06-08T19:45:53Z
2026-06-08T19:45:40Z,2026-06-08T21:45:40+0200,2c10495a-697a-4f81-9dc4-3022854a0ce3,2026-05-10T08:15:00Z,2026-05-10T10:15:00+0200,8904.3,MW,BE,BE,actual_load,Actual Load,2026-06-08T19:45:53Z
2026-06-08T19:45:40Z,2026-06-08T21:45:40+0200,2c10495a-697a-4f81-9dc4-3022854a0ce3,2026-05-10T08:30:00Z,2026-05-10T10:30:00+0200,8896.18,MW,BE,BE,actual_load,Actual Load,2026-06-08T19:45:53Z
2026-06-08T19:45:40Z,2026-06-08T21:45:40+0200,2c10495a-697a-4f81-9dc4-3022854a0ce3,2026-05-10T08:45:00Z,2026-05-10T10:45:00+0200,9051.49,MW,BE,BE,actual_load,Actual Load,2026-06-08T19:45:53Z
2026-06-08T19:45:40Z,2026-06-08T21:45:40+0200,2c10495a-697a-4f81-9dc4-3022854a0ce3,2026-05-10T09:00:00Z,2026-05-10T11:00:00+0200,9076.2,MW,BE,BE,actual_load,Actual Load,2026-06-08T19:45:53Z
2026-06-08T19:45:40Z,2026-06-08T21:45:40+0200,2c10495a-697a-4f81-9dc4-3022854a0ce3,2026-05-10T09:15:00Z,2026-05-10T11:15:00+0200,9234.67,MW,BE,BE,actual_load,Actual Load,2026-06-08T19:45:53Z
2026-06-08T19:45:40Z,2026-06-08T21:45:40+0200,2c10495a-697a-4f81-9dc4-3022854a0ce3,2026-05-10T09:30:00Z,2026-05-10T11:30:00+0200,9374.36,MW,BE,BE,actual_load,Actual Load,2026-06-08T19:45:53Z
2026-06-08T19:45:40Z,2026-06-08T21:45:40+0200,2c10495a-697a-4f81-9dc4-3022854a0ce3,2026-05-10T09:45:00Z,2026-05-10T11:45:00+0200,9311.1,MW,BE,BE,actual_load,Actual Load,2026-06-08T19:45:53Z
2026-06-08T19:45:40Z,2026-06-08T21:45:40+0200,2c10495a-697a-4f81-9dc4-3022854a0ce3,2026-05-10T10:00:00Z,2026-05-10T12:00:00+0200,9361.76,MW,BE,BE,actual_load,Actual Load,2026-06-08T19:45:53Z
2026-06-08T19:45:40Z,2026-06-08T21:45:40+0200,2c10495a-697a-4f81-9dc4-3022854a0ce3,2026-05-10T10:15:00Z,2026-05-10T12:15:00+0200,9362.49,MW,BE,BE,actual_load,Actual Load,2026-06-08T19:45:53Z
2026-06-08T19:45:40Z,2026-06-08T21:45:40+0200,2c10495a-697a-4f81-9dc4-3022854a0ce3,2026-05-10T10:30:00Z,2026-05-10T12:30:00+0200,9315.9,MW,BE,BE,actual_load,Actual Load,2026-06-08T19:45:53Z
2026-06-08T19:45:40Z,2026-06-08T21:45:40+0200,2c10495a-697a-4f81-9dc4-3022854a0ce3,2026-05-10T10:45:00Z,2026-05-10T12:45:00+0200,9182.88,MW,BE,BE,actual_load,Actual Load,2026-06-08T19:45:53Z
2026-06-08T19:45:40Z,2026-06-08T21:45:40+0200,2c10495a-697a-4f81-9dc4-3022854a0ce3,2026-05-10T11:00:00Z,2026-05-10T13:00:00+0200,9071.05,MW,BE,BE,actual_load,Actual Load,2026-06-08T19:45:53Z
2026-06-08T19:45:40Z,2026-06-08T21:45:40+0200,2c10495a-697a-4f81-9dc4-3022854a0ce3,2026-05-10T11:15:00Z,2026-05-10T13:15:00+0200,9080.81,MW,BE,BE,actual_load,Actual Load,2026-06-08T19:45:53Z
2026-06-08T19:45:40Z,2026-06-08T21:45:40+0200,2c10495a-697a-4f81-9dc4-3022854a0ce3,2026-05-10T11:30:00Z,2026-05-10T13:30:00+0200,9210.26,MW,BE,BE,actual_load,Actual Load,2026-06-08T19:45:53Z
2026-06-08T19:45:40Z,2026-06-08T21:45:40+0200,2c10495a-697a-4f81-9dc4-3022854a0ce3,2026-05-10T11:45:00Z,2026-05-10T13:45:00+0200,9114.14,MW,BE,BE,actual_load,Actual Load,2026-06-08T19:45:53Z
2026-06-08T19:45:40Z,2026-06-08T21:45:40+0200,2c10495a-697a-4f81-9dc4-3022854a0ce3,2026-05-10T12:00:00Z,2026-05-10T14:00:00+0200,9070.87,MW,BE,BE,actual_load,Actual Load,2026-06-08T19:45:53Z
2026-06-08T19:45:40Z,2026-06-08T21:45:40+0200,2c10495a-697a-4f81-9dc4-3022854a0ce3,2026-05-10T12:15:00Z,2026-05-10T14:15:00+0200,8892.09,MW,BE,BE,actual_load,Actual Load,2026-06-08T19:45:53Z
2026-06-08T19:45:40Z,2026-06-08T21:45:40+0200,2c10495a-697a-4f81-9dc4-3022854a0ce3,2026-05-10T12:30:00Z,2026-05-10T14:30:00+0200,8776.37,MW,BE,BE,actual_load,Actual Load,2026-06-08T19:45:53Z
2026-06-08T19:45:40Z,2026-06-08T21:45:40+0200,2c10495a-697a-4f81-9dc4-3022854a0ce3,2026-05-10T12:45:00Z,2026-05-10T14:45:00+0200,8722.1,MW,BE,BE,actual_load,Actual Load,2026-06-08T19:45:53Z
2026-06-08T19:45:40Z,2026-06-08T21:45:40+0200,2c10495a-697a-4f81-9dc4-3022854a0ce3,2026-05-10T13:00:00Z,2026-05-10T15:00:00+0200,8681.67,MW,BE,BE,actual_load,Actual Load,2026-06-08T19:45:53Z
2026-06-08T19:45:40Z,2026-06-08T21:45:40+0200,2c10495a-697a-4f81-9dc4-3022854a0ce3,2026-05-10T13:15:00Z,2026-05-10T15:15:00+0200,8580.22,MW,BE,BE,actual_load,Actual Load,2026-06-08T19:45:53Z
2026-06-08T19:45:40Z,2026-06-08T21:45:40+0200,2c10495a-697a-4f81-9dc4-3022854a0ce3,2026-05-10T13:30:00Z,2026-05-10T15:30:00+0200,8495.66,MW,BE,BE,actual_load,Actual Load,2026-06-08T19:45:53Z
2026-06-08T19:45:40Z,2026-06-08T21:45:40+0200,2c10495a-697a-4f81-9dc4-3022854a0ce3,2026-05-10T13:45:00Z,2026-05-10T15:45:00+0200,8251.1,MW,BE,BE,actual_load,Actual Load,2026-06-08T19:45:53Z
2026-06-08T19:45:40Z,2026-06-08T21:45:40+0200,2c10495a-697a-4f81-9dc4-3022854a0ce3,2026-05-10T14:00:00Z,2026-05-10T16:00:00+0200,8253.43,MW,BE,BE,actual_load,Actual Load,2026-06-08T19:45:53Z
2026-06-08T19:45:40Z,2026-06-08T21:45:40+0200,2c10495a-697a-4f81-9dc4-3022854a0ce3,2026-05-10T14:15:00Z,2026-05-10T16:15:00+0200,8102.23,MW,BE,BE,actual_load,Actual Load,2026-06-08T19:45:53Z
2026-06-08T19:45:40Z,2026-06-08T21:45:40+0200,2c10495a-697a-4f81-9dc4-3022854a0ce3,2026-05-10T14:30:00Z,2026-05-10T16:30:00+0200,8011.67,MW,BE,BE,actual_load,Actual Load,2026-06-08T19:45:53Z
2026-06-08T19:45:40Z,2026-06-08T21:45:40+0200,2c10495a-697a-4f81-9dc4-3022854a0ce3,2026-05-10T14:45:00Z,2026-05-10T16:45:00+0200,8000.79,MW,BE,BE,actual_load,Actual Load,2026-06-08T19:45:53Z
2026-06-08T19:45:40Z,2026-06-08T21:45:40+0200,2c10495a-697a-4f81-9dc4-3022854a0ce3,2026-05-10T15:00:00Z,2026-05-10T17:00:00+0200,8061.61,MW,BE,BE,actual_load,Actual Load,2026-06-08T19:45:53Z
2026-06-08T19:45:40Z,2026-06-08T21:45:40+0200,2c10495a-697a-4f81-9dc4-3022854a0ce3,2026-05-10T15:15:00Z,2026-05-10T17:15:00+0200,8142.18,MW,BE,BE,actual_load,Actual Load,2026-06-08T19:45:53Z
2026-06-08T19:45:40Z,2026-06-08T21:45:40+0200,2c10495a-697a-4f81-9dc4-3022854a0ce3,2026-05-10T15:30:00Z,2026-05-10T17:30:00+0200,8266.78,MW,BE,BE,actual_load,Actual Load,2026-06-08T19:45:53Z
2026-06-08T19:45:40Z,2026-06-08T21:45:40+0200,2c10495a-697a-4f81-9dc4-3022854a0ce3,2026-05-10T15:45:00Z,2026-05-10T17:45:00+0200,8266.72,MW,BE,BE,actual_load,Actual Load,2026-06-08T19:45:53Z
2026-06-08T19:45:40Z,2026-06-08T21:45:40+0200,2c10495a-697a-4f81-9dc4-3022854a0ce3,2026-05-10T16:00:00Z,2026-05-10T18:00:00+0200,8382.09,MW,BE,BE,actual_load,Actual Load,2026-06-08T19:45:53Z
2026-06-08T19:45:40Z,2026-06-08T21:45:40+0200,2c10495a-697a-4f81-9dc4-3022854a0ce3,2026-05-10T16:15:00Z,2026-05-10T18:15:00+0200,8498.62,MW,BE,BE,actual_load,Actual Load,2026-06-08T19:45:53Z
2026-06-08T19:45:40Z,2026-06-08T21:45:40+0200,2c10495a-697a-4f81-9dc4-3022854a0ce3,2026-05-10T16:30:00Z,2026-05-10T18:30:00+0200,8693.19,MW,BE,BE,actual_load,Actual Load,2026-06-08T19:45:53Z
2026-06-08T19:45:40Z,2026-06-08T21:45:40+0200,2c10495a-697a-4f81-9dc4-3022854a0ce3,2026-05-10T16:45:00Z,2026-05-10T18:45:00+0200,8890.22,MW,BE,BE,actual_load,Actual Load,2026-06-08T19:45:53Z
2026-06-08T19:45:40Z,2026-06-08T21:45:40+0200,2c10495a-697a-4f81-9dc4-3022854a0ce3,2026-05-10T17:00:00Z,2026-05-10T19:00:00+0200,8996.05,MW,BE,BE,actual_load,Actual Load,2026-06-08T19:45:53Z
2026-06-08T19:45:40Z,2026-06-08T21:45:40+0200,2c10495a-697a-4f81-9dc4-3022854a0ce3,2026-05-10T17:15:00Z,2026-05-10T19:15:00+0200,8913.91,MW,BE,BE,actual_load,Actual Load,2026-06-08T19:45:53Z
2026-06-08T19:45:40Z,2026-06-08T21:45:40+0200,2c10495a-697a-4f81-9dc4-3022854a0ce3,2026-05-10T17:30:00Z,2026-05-10T19:30:00+0200,8906.18,MW,BE,BE,actual_load,Actual Load,2026-06-08T19:45:53Z
2026-06-08T19:45:40Z,2026-06-08T21:45:40+0200,2c10495a-697a-4f81-9dc4-3022854a0ce3,2026-05-10T17:45:00Z,2026-05-10T19:45:00+0200,8831.73,MW,BE,BE,actual_load,Actual Load,2026-06-08T19:45:53Z
2026-06-08T19:45:40Z,2026-06-08T21:45:40+0200,2c10495a-697a-4f81-9dc4-3022854a0ce3,2026-05-10T18:00:00Z,2026-05-10T20:00:00+0200,8840.51,MW,BE,BE,actual_load,Actual Load,2026-06-08T19:45:53Z
2026-06-08T19:45:40Z,2026-06-08T21:45:40+0200,2c10495a-697a-4f81-9dc4-3022854a0ce3,2026-05-10T18:15:00Z,2026-05-10T20:15:00+0200,8852.35,MW,BE,BE,actual_load,Actual Load,2026-06-08T19:45:53Z
2026-06-08T19:45:40Z,2026-06-08T21:45:40+0200,2c10495a-697a-4f81-9dc4-3022854a0ce3,2026-05-10T18:30:00Z,2026-05-10T20:30:00+0200,8824.31,MW,BE,BE,actual_load,Actual Load,2026-06-08T19:45:53Z
2026-06-08T19:45:40Z,2026-06-08T21:45:40+0200,2c10495a-697a-4f81-9dc4-3022854a0ce3,2026-05-10T18:45:00Z,2026-05-10T20:45:00+0200,8855.26,MW,BE,BE,actual_load,Actual Load,2026-06-08T19:45:53Z
2026-06-08T19:45:40Z,2026-06-08T21:45:40+0200,2c10495a-697a-4f81-9dc4-3022854a0ce3,2026-05-10T19:00:00Z,2026-05-10T21:00:00+0200,8842.15,MW,BE,BE,actual_load,Actual Load,2026-06-08T19:45:53Z
2026-06-08T19:45:40Z,2026-06-08T21:45:40+0200,2c10495a-697a-4f81-9dc4-3022854a0ce3,2026-05-10T19:15:00Z,2026-05-10T21:15:00+0200,8880.91,MW,BE,BE,actual_load,Actual Load,2026-06-08T19:45:53Z
2026-06-08T19:45:40Z,2026-06-08T21:45:40+0200,2c10495a-697a-4f81-9dc4-3022854a0ce3,2026-05-10T19:30:00Z,2026-05-10T21:30:00+0200,8917.26,MW,BE,BE,actual_load,Actual Load,2026-06-08T19:45:53Z
2026-06-08T19:45:40Z,2026-06-08T21:45:40+0200,2c10495a-697a-4f81-9dc4-3022854a0ce3,2026-05-10T19:45:00Z,2026-05-10T21:45:00+0200,8764.48,MW,BE,BE,actual_load,Actual Load,2026-06-08T19:45:53Z
2026-06-08T19:45:40Z,2026-06-08T21:45:40+0200,2c10495a-697a-4f81-9dc4-3022854a0ce3,2026-05-10T20:00:00Z,2026-05-10T22:00:00+0200,8761.34,MW,BE,BE,actual_load,Actual Load,2026-06-08T19:45:53Z
2026-06-08T19:45:40Z,2026-06-08T21:45:40+0200,2c10495a-697a-4f81-9dc4-3022854a0ce3,2026-05-10T20:15:00Z,2026-05-10T22:15:00+0200,8612.46,MW,BE,BE,actual_load,Actual Load,2026-06-08T19:45:53Z
2026-06-08T19:45:40Z,2026-06-08T21:45:40+0200,2c10495a-697a-4f81-9dc4-3022854a0ce3,2026-05-10T20:30:00Z,2026-05-10T22:30:00+0200,8479.51,MW,BE,BE,actual_load,Actual Load,2026-06-08T19:45:53Z
2026-06-08T19:45:40Z,2026-06-08T21:45:40+0200,2c10495a-697a-4f81-9dc4-3022854a0ce3,2026-05-10T20:45:00Z,2026-05-10T22:45:00+0200,8498.39,MW,BE,BE,actual_load,Actual Load,2026-06-08T19:45:53Z
2026-06-08T19:45:40Z,2026-06-08T21:45:40+0200,2c10495a-697a-4f81-9dc4-3022854a0ce3,2026-05-10T21:00:00Z,2026-05-10T23:00:00+0200,8347.16,MW,BE,BE,actual_load,Actual Load,2026-06-08T19:45:53Z
2026-06-08T19:45:40Z,2026-06-08T21:45:40+0200,2c10495a-697a-4f81-9dc4-3022854a0ce3,2026-05-10T21:15:00Z,2026-05-10T23:15:00+0200,8202.95,MW,BE,BE,actual_load,Actual Load,2026-06-08T19:45:53Z
2026-06-08T19:45:40Z,2026-06-08T21:45:40+0200,2c10495a-697a-4f81-9dc4-3022854a0ce3,2026-05-10T21:30:00Z,2026-05-10T23:30:00+0200,8003.95,MW,BE,BE,actual_load,Actual Load,2026-06-08T19:45:53Z
2026-06-08T19:45:40Z,2026-06-08T21:45:40+0200,2c10495a-697a-4f81-9dc4-3022854a0ce3,2026-05-10T21:45:00Z,2026-05-10T23:45:00+0200,7932.31,MW,BE,BE,actual_load,Actual Load,2026-06-08T19:45:53Z
2026-06-08T19:45:40Z,2026-06-08T21:45:40+0200,2c10495a-697a-4f81-9dc4-3022854a0ce3,2026-05-10T22:00:00Z,2026-05-11T00:00:00+0200,7906.81,MW,BE,BE,actual_load,Actual Load,2026-06-08T19:45:53Z
2026-06-08T19:45:40Z,2026-06-08T21:45:40+0200,2c10495a-697a-4f81-9dc4-3022854a0ce3,2026-05-10T22:15:00Z,2026-05-11T00:15:00+0200,7918.69,MW,BE,BE,actual_load,Actual Load,2026-06-08T19:45:53Z
2026-06-08T19:45:40Z,2026-06-08T21:45:40+0200,2c10495a-697a-4f81-9dc4-3022854a0ce3,2026-05-10T22:30:00Z,2026-05-11T00:30:00+0200,7889.48,MW,BE,BE,actual_load,Actual Load,2026-06-08T19:45:53Z
2026-06-08T19:45:40Z,2026-06-08T21:45:40+0200,2c10495a-697a-4f81-9dc4-3022854a0ce3,2026-05-10T22:45:00Z,2026-05-11T00:45:00+0200,7868.19,MW,BE,BE,actual_load,Actual Load,2026-06-08T19:45:53Z
2026-06-08T19:45:40Z,2026-06-08T21:45:40+0200,2c10495a-697a-4f81-9dc4-3022854a0ce3,2026-05-10T23:00:00Z,2026-05-11T01:00:00+0200,7869.17,MW,BE,BE,actual_load,Actual Load,2026-06-08T19:45:53Z
2026-06-08T19:45:40Z,2026-06-08T21:45:40+0200,2c10495a-697a-4f81-9dc4-3022854a0ce3,2026-05-10T23:15:00Z,2026-05-11T01:15:00+0200,7893.91,MW,BE,BE,actual_load,Actual Load,2026-06-08T19:45:53Z
2026-06-08T19:45:40Z,2026-06-08T21:45:40+0200,2c10495a-697a-4f81-9dc4-3022854a0ce3,2026-05-10T23:30:00Z,2026-05-11T01:30:00+0200,7753.73,MW,BE,BE,actual_load,Actual Load,2026-06-08T19:45:53Z
2026-06-08T19:45:40Z,2026-06-08T21:45:40+0200,2c10495a-697a-4f81-9dc4-3022854a0ce3,2026-05-10T23:45:00Z,2026-05-11T01:45:00+0200,7700.87,MW,BE,BE,actual_load,Actual Load,2026-06-08T19:45:53Z
2026-06-08T19:45:40Z,2026-06-08T21:45:40+0200,2c10495a-697a-4f81-9dc4-3022854a0ce3,2026-05-11T00:00:00Z,2026-05-11T02:00:00+0200,7642.23,MW,BE,BE,actual_load,Actual Load,2026-06-08T19:45:53Z
2026-06-08T19:45:40Z,2026-06-08T21:45:40+0200,2c10495a-697a-4f81-9dc4-3022854a0ce3,2026-05-11T00:15:00Z,2026-05-11T02:15:00+0200,7533.55,MW,BE,BE,actual_load,Actual Load,2026-06-08T19:45:53Z
2026-06-08T19:45:40Z,2026-06-08T21:45:40+0200,2c10495a-697a-4f81-9dc4-3022854a0ce3,2026-05-11T00:30:00Z,2026-05-11T02:30:00+0200,7517.01,MW,BE,BE,actual_load,Actual Load,2026-06-08T19:45:53Z
2026-06-08T19:45:40Z,2026-06-08T21:45:40+0200,2c10495a-697a-4f81-9dc4-3022854a0ce3,2026-05-11T00:45:00Z,2026-05-11T02:45:00+0200,7507.84,MW,BE,BE,actual_load,Actual Load,2026-06-08T19:45:53Z
2026-06-08T19:45:40Z,2026-06-08T21:45:40+0200,2c10495a-697a-4f81-9dc4-3022854a0ce3,2026-05-11T01:00:00Z,2026-05-11T03:00:00+0200,7479.35,MW,BE,BE,actual_load,Actual Load,2026-06-08T19:45:53Z
2026-06-08T19:45:40Z,2026-06-08T21:45:40+0200,2c10495a-697a-4f81-9dc4-3022854a0ce3,2026-05-11T01:15:00Z,2026-05-11T03:15:00+0200,7434.07,MW,BE,BE,actual_load,Actual Load,2026-06-08T19:45:53Z
2026-06-08T19:45:40Z,2026-06-08T21:45:40+0200,2c10495a-697a-4f81-9dc4-3022854a0ce3,2026-05-11T01:30:00Z,2026-05-11T03:30:00+0200,7467.99,MW,BE,BE,actual_load,Actual Load,2026-06-08T19:45:53Z
2026-06-08T19:45:40Z,2026-06-08T21:45:40+0200,2c10495a-697a-4f81-9dc4-3022854a0ce3,2026-05-11T01:45:00Z,2026-05-11T03:45:00+0200,7467.5,MW,BE,BE,actual_load,Actual Load,2026-06-08T19:45:53Z
2026-06-08T19:45:40Z,2026-06-08T21:45:40+0200,2c10495a-697a-4f81-9dc4-3022854a0ce3,2026-05-11T02:00:00Z,2026-05-11T04:00:00+0200,7428.35,MW,BE,BE,actual_load,Actual Load,2026-06-08T19:45:53Z
2026-06-08T19:45:40Z,2026-06-08T21:45:40+0200,2c10495a-697a-4f81-9dc4-3022854a0ce3,2026-05-11T02:15:00Z,2026-05-11T04:15:00+0200,7383.76,MW,BE,BE,actual_load,Actual Load,2026-06-08T19:45:53Z
2026-06-08T19:45:40Z,2026-06-08T21:45:40+0200,2c10495a-697a-4f81-9dc4-3022854a0ce3,2026-05-11T02:30:00Z,2026-05-11T04:30:00+0200,7437.34,MW,BE,BE,actual_load,Actual Load,2026-06-08T19:45:53Z
2026-06-08T19:45:40Z,2026-06-08T21:45:40+0200,2c10495a-697a-4f81-9dc4-3022854a0ce3,2026-05-11T02:45:00Z,2026-05-11T04:45:00+0200,7563.88,MW,BE,BE,actual_load,Actual Load,2026-06-08T19:45:53Z
2026-06-08T19:45:40Z,2026-06-08T21:45:40+0200,2c10495a-697a-4f81-9dc4-3022854a0ce3,2026-05-11T03:00:00Z,2026-05-11T05:00:00+0200,7669.96,MW,BE,BE,actual_load,Actual Load,2026-06-08T19:45:53Z
2026-06-08T19:45:40Z,2026-06-08T21:45:40+0200,2c10495a-697a-4f81-9dc4-3022854a0ce3,2026-05-11T03:15:00Z,2026-05-11T05:15:00+0200,7875.71,MW,BE,BE,actual_load,Actual Load,2026-06-08T19:45:53Z
2026-06-08T19:45:40Z,2026-06-08T21:45:40+0200,2c10495a-697a-4f81-9dc4-3022854a0ce3,2026-05-11T03:30:00Z,2026-05-11T05:30:00+0200,7946.55,MW,BE,BE,actual_load,Actual Load,2026-06-08T19:45:53Z
2026-06-08T19:45:40Z,2026-06-08T21:45:40+0200,2c10495a-697a-4f81-9dc4-3022854a0ce3,2026-05-11T03:45:00Z,2026-05-11T05:45:00+0200,8094.09,MW,BE,BE,actual_load,Actual Load,2026-06-08T19:45:53Z
2026-06-08T19:45:40Z,2026-06-08T21:45:40+0200,2c10495a-697a-4f81-9dc4-3022854a0ce3,2026-05-11T04:00:00Z,2026-05-11T06:00:00+0200,8358.99,MW,BE,BE,actual_load,Actual Load,2026-06-08T19:45:53Z
2026-06-08T19:45:40Z,2026-06-08T21:45:40+0200,2c10495a-697a-4f81-9dc4-3022854a0ce3,2026-05-11T04:15:00Z,2026-05-11T06:15:00+0200,8573.82,MW,BE,BE,actual_load,Actual Load,2026-06-08T19:45:53Z
2026-06-08T19:45:40Z,2026-06-08T21:45:40+0200,2c10495a-697a-4f81-9dc4-3022854a0ce3,2026-05-11T04:30:00Z,2026-05-11T06:30:00+0200,8797.78,MW,BE,BE,actual_load,Actual Load,2026-06-08T19:45:53Z
2026-06-08T19:45:40Z,2026-06-08T21:45:40+0200,2c10495a-697a-4f81-9dc4-3022854a0ce3,2026-05-11T04:45:00Z,2026-05-11T06:45:00+0200,9058.84,MW,BE,BE,actual_load,Actual Load,2026-06-08T19:45:53Z
2026-06-08T19:45:40Z,2026-06-08T21:45:40+0200,2c10495a-697a-4f81-9dc4-3022854a0ce3,2026-05-11T05:00:00Z,2026-05-11T07:00:00+0200,9270.74,MW,BE,BE,actual_load,Actual Load,2026-06-08T19:45:53Z
2026-06-08T19:45:40Z,2026-06-08T21:45:40+0200,2c10495a-697a-4f81-9dc4-3022854a0ce3,2026-05-11T05:15:00Z,2026-05-11T07:15:00+0200,9465.88,MW,BE,BE,actual_load,Actual Load,2026-06-08T19:45:53Z
2026-06-08T19:45:40Z,2026-06-08T21:45:40+0200,2c10495a-697a-4f81-9dc4-3022854a0ce3,2026-05-11T05:30:00Z,2026-05-11T07:30:00+0200,9602.72,MW,BE,BE,actual_load,Actual Load,2026-06-08T19:45:53Z
2026-06-08T19:45:40Z,2026-06-08T21:45:40+0200,2c10495a-697a-4f81-9dc4-3022854a0ce3,2026-05-11T05:45:00Z,2026-05-11T07:45:00+0200,9778.21,MW,BE,BE,actual_load,Actual Load,2026-06-08T19:45:53Z
2026-06-08T19:45:40Z,2026-06-08T21:45:40+0200,2c10495a-697a-4f81-9dc4-3022854a0ce3,2026-05-11T06:00:00Z,2026-05-11T08:00:00+0200,10060.3,MW,BE,BE,actual_load,Actual Load,2026-06-08T19:45:53Z
2026-06-08T19:45:40Z,2026-06-08T21:45:40+0200,2c10495a-697a-4f81-9dc4-3022854a0ce3,2026-05-11T06:15:00Z,2026-05-11T08:15:00+0200,10350.27,MW,BE,BE,actual_load,Actual Load,2026-06-08T19:45:53Z
2026-06-08T19:45:40Z,2026-06-08T21:45:40+0200,2c10495a-697a-4f81-9dc4-3022854a0ce3,2026-05-11T06:30:00Z,2026-05-11T08:30:00+0200,10502.68,MW,BE,BE,actual_load,Actual Load,2026-06-08T19:45:53Z
2026-06-08T19:45:40Z,2026-06-08T21:45:40+0200,2c10495a-697a-4f81-9dc4-3022854a0ce3,2026-05-11T06:45:00Z,2026-05-11T08:45:00+0200,10697.89,MW,BE,BE,actual_load,Actual Load,2026-06-08T19:45:53Z
2026-06-08T19:45:40Z,2026-06-08T21:45:40+0200,2c10495a-697a-4f81-9dc4-3022854a0ce3,2026-05-11T07:00:00Z,2026-05-11T09:00:00+0200,10696.09,MW,BE,BE,actual_load,Actual Load,2026-06-08T19:45:53Z
2026-06-08T19:45:40Z,2026-06-08T21:45:40+0200,2c10495a-697a-4f81-9dc4-3022854a0ce3,2026-05-11T07:15:00Z,2026-05-11T09:15:00+0200,10712.11,MW,BE,BE,actual_load,Actual Load,2026-06-08T19:45:53Z
2026-06-08T19:45:40Z,2026-06-08T21:45:40+0200,2c10495a-697a-4f81-9dc4-3022854a0ce3,2026-05-11T07:30:00Z,2026-05-11T09:30:00+0200,10602.0,MW,BE,BE,actual_load,Actual Load,2026-06-08T19:45:53Z
2026-06-08T19:45:40Z,2026-06-08T21:45:40+0200,2c10495a-697a-4f81-9dc4-3022854a0ce3,2026-05-11T07:45:00Z,2026-05-11T09:45:00+0200,10725.49,MW,BE,BE,actual_load,Actual Load,2026-06-08T19:45:53Z
2026-06-08T19:45:40Z,2026-06-08T21:45:40+0200,2c10495a-697a-4f81-9dc4-3022854a0ce3,2026-05-11T08:00:00Z,2026-05-11T10:00:00+0200,10803.29,MW,BE,BE,actual_load,Actual Load,2026-06-08T19:45:53Z
2026-06-08T19:45:40Z,2026-06-08T21:45:40+0200,2c10495a-697a-4f81-9dc4-3022854a0ce3,2026-05-11T08:15:00Z,2026-05-11T10:15:00+0200,10904.69,MW,BE,BE,actual_load,Actual Load,2026-06-08T19:45:53Z
2026-06-08T19:45:40Z,2026-06-08T21:45:40+0200,2c10495a-697a-4f81-9dc4-3022854a0ce3,2026-05-11T08:30:00Z,2026-05-11T10:30:00+0200,10859.87,MW,BE,BE,actual_load,Actual Load,2026-06-08T19:45:53Z
2026-06-08T19:45:40Z,2026-06-08T21:45:40+0200,2c10495a-697a-4f81-9dc4-3022854a0ce3,2026-05-11T08:45:00Z,2026-05-11T10:45:00+0200,10858.32,MW,BE,BE,actual_load,Actual Load,2026-06-08T19:45:53Z
2026-06-08T19:45:40Z,2026-06-08T21:45:40+0200,2c10495a-697a-4f81-9dc4-3022854a0ce3,2026-05-11T09:00:00Z,2026-05-11T11:00:00+0200,10832.59,MW,BE,BE,actual_load,Actual Load,2026-06-08T19:45:53Z
2026-06-08T19:45:40Z,2026-06-08T21:45:40+0200,2c10495a-697a-4f81-9dc4-3022854a0ce3,2026-05-11T09:15:00Z,2026-05-11T11:15:00+0200,10985.78,MW,BE,BE,actual_load,Actual Load,2026-06-08T19:45:53Z
2026-06-08T19:45:40Z,2026-06-08T21:45:40+0200,2c10495a-697a-4f81-9dc4-3022854a0ce3,2026-05-11T09:30:00Z,2026-05-11T11:30:00+0200,10956.55,MW,BE,BE,actual_load,Actual Load,2026-06-08T19:45:53Z
2026-06-08T19:45:40Z,2026-06-08T21:45:40+0200,2c10495a-697a-4f81-9dc4-3022854a0ce3,2026-05-11T09:45:00Z,2026-05-11T11:45:00+0200,11002.73,MW,BE,BE,actual_load,Actual Load,2026-06-08T19:45:53Z
2026-06-08T19:45:40Z,2026-06-08T21:45:40+0200,2c10495a-697a-4f81-9dc4-3022854a0ce3,2026-05-11T10:00:00Z,2026-05-11T12:00:00+0200,11100.17,MW,BE,BE,actual_load,Actual Load,2026-06-08T19:45:53Z
2026-06-08T19:45:40Z,2026-06-08T21:45:40+0200,2c10495a-697a-4f81-9dc4-3022854a0ce3,2026-05-11T10:15:00Z,2026-05-11T12:15:00+0200,10974.9,MW,BE,BE,actual_load,Actual Load,2026-06-08T19:45:53Z
2026-06-08T19:45:40Z,2026-06-08T21:45:40+0200,2c10495a-697a-4f81-9dc4-3022854a0ce3,2026-05-11T10:30:00Z,2026-05-11T12:30:00+0200,10725.32,MW,BE,BE,actual_load,Actual Load,2026-06-08T19:45:53Z
2026-06-08T19:45:40Z,2026-06-08T21:45:40+0200,2c10495a-697a-4f81-9dc4-3022854a0ce3,2026-05-11T10:45:00Z,2026-05-11T12:45:00+0200,10695.73,MW,BE,BE,actual_load,Actual Load,2026-06-08T19:45:53Z
2026-06-08T19:45:40Z,2026-06-08T21:45:40+0200,2c10495a-697a-4f81-9dc4-3022854a0ce3,2026-05-11T11:00:00Z,2026-05-11T13:00:00+0200,10550.83,MW,BE,BE,actual_load,Actual Load,2026-06-08T19:45:53Z
2026-06-08T19:45:40Z,2026-06-08T21:45:40+0200,2c10495a-697a-4f81-9dc4-3022854a0ce3,2026-05-11T11:15:00Z,2026-05-11T13:15:00+0200,10247.52,MW,BE,BE,actual_load,Actual Load,2026-06-08T19:45:53Z
2026-06-08T19:45:40Z,2026-06-08T21:45:40+0200,2c10495a-697a-4f81-9dc4-3022854a0ce3,2026-05-11T11:30:00Z,2026-05-11T13:30:00+0200,9961.69,MW,BE,BE,actual_load,Actual Load,2026-06-08T19:45:53Z
2026-06-08T19:45:40Z,2026-06-08T21:45:40+0200,2c10495a-697a-4f81-9dc4-3022854a0ce3,2026-05-11T11:45:00Z,2026-05-11T13:45:00+0200,9606.7,MW,BE,BE,actual_load,Actual Load,2026-06-08T19:45:53Z
2026-06-08T19:45:40Z,2026-06-08T21:45:40+0200,2c10495a-697a-4f81-9dc4-3022854a0ce3,2026-05-11T12:00:00Z,2026-05-11T14:00:00+0200,9785.7,MW,BE,BE,actual_load,Actual Load,2026-06-08T19:45:53Z
2026-06-08T19:45:40Z,2026-06-08T21:45:40+0200,2c10495a-697a-4f81-9dc4-3022854a0ce3,2026-05-11T12:15:00Z,2026-05-11T14:15:00+0200,10013.25,MW,BE,BE,actual_load,Actual Load,2026-06-08T19:45:53Z
2026-06-08T19:45:40Z,2026-06-08T21:45:40+0200,2c10495a-697a-4f81-9dc4-3022854a0ce3,2026-05-11T12:30:00Z,2026-05-11T14:30:00+0200,9649.42,MW,BE,BE,actual_load,Actual Load,2026-06-08T19:45:53Z
2026-06-08T19:45:40Z,2026-06-08T21:45:40+0200,2c10495a-697a-4f81-9dc4-3022854a0ce3,2026-05-11T12:45:00Z,2026-05-11T14:45:00+0200,9676.11,MW,BE,BE,actual_load,Actual Load,2026-06-08T19:45:53Z
2026-06-08T19:45:40Z,2026-06-08T21:45:40+0200,2c10495a-697a-4f81-9dc4-3022854a0ce3,2026-05-11T13:00:00Z,2026-05-11T15:00:00+0200,10019.19,MW,BE,BE,actual_load,Actual Load,2026-06-08T19:45:53Z
2026-06-08T19:45:40Z,2026-06-08T21:45:40+0200,2c10495a-697a-4f81-9dc4-3022854a0ce3,2026-05-11T13:15:00Z,2026-05-11T15:15:00+0200,9972.1,MW,BE,BE,actual_load,Actual Load,2026-06-08T19:45:53Z
2026-06-08T19:45:40Z,2026-06-08T21:45:40+0200,2c10495a-697a-4f81-9dc4-3022854a0ce3,2026-05-11T13:30:00Z,2026-05-11T15:30:00+0200,10044.05,MW,BE,BE,actual_load,Actual Load,2026-06-08T19:45:53Z
2026-06-08T19:45:40Z,2026-06-08T21:45:40+0200,2c10495a-697a-4f81-9dc4-3022854a0ce3,2026-05-11T13:45:00Z,2026-05-11T15:45:00+0200,10098.87,MW,BE,BE,actual_load,Actual Load,2026-06-08T19:45:53Z
2026-06-08T19:45:40Z,2026-06-08T21:45:40+0200,2c10495a-697a-4f81-9dc4-3022854a0ce3,2026-05-11T14:00:00Z,2026-05-11T16:00:00+0200,10199.17,MW,BE,BE,actual_load,Actual Load,2026-06-08T19:45:53Z
2026-06-08T19:45:40Z,2026-06-08T21:45:40+0200,2c10495a-697a-4f81-9dc4-3022854a0ce3,2026-05-11T14:15:00Z,2026-05-11T16:15:00+0200,10076.39,MW,BE,BE,actual_load,Actual Load,2026-06-08T19:45:53Z
2026-06-08T19:45:40Z,2026-06-08T21:45:40+0200,2c10495a-697a-4f81-9dc4-3022854a0ce3,2026-05-11T14:30:00Z,2026-05-11T16:30:00+0200,10210.81,MW,BE,BE,actual_load,Actual Load,2026-06-08T19:45:53Z
2026-06-08T19:45:40Z,2026-06-08T21:45:40+0200,2c10495a-697a-4f81-9dc4-3022854a0ce3,2026-05-11T14:45:00Z,2026-05-11T16:45:00+0200,10146.29,MW,BE,BE,actual_load,Actual Load,2026-06-08T19:45:53Z
2026-06-08T19:45:40Z,2026-06-08T21:45:40+0200,2c10495a-697a-4f81-9dc4-3022854a0ce3,2026-05-11T15:00:00Z,2026-05-11T17:00:00+0200,10120.17,MW,BE,BE,actual_load,Actual Load,2026-06-08T19:45:53Z
2026-06-08T19:45:40Z,2026-06-08T21:45:40+0200,2c10495a-697a-4f81-9dc4-3022854a0ce3,2026-05-11T15:15:00Z,2026-05-11T17:15:00+0200,10142.01,MW,BE,BE,actual_load,Actual Load,2026-06-08T19:45:53Z
2026-06-08T19:45:40Z,2026-06-08T21:45:40+0200,2c10495a-697a-4f81-9dc4-3022854a0ce3,2026-05-11T15:30:00Z,2026-05-11T17:30:00+0200,10098.12,MW,BE,BE,actual_load,Actual Load,2026-06-08T19:45:53Z
2026-06-08T19:45:40Z,2026-06-08T21:45:40+0200,2c10495a-697a-4f81-9dc4-3022854a0ce3,2026-05-11T15:45:00Z,2026-05-11T17:45:00+0200,10092.08,MW,BE,BE,actual_load,Actual Load,2026-06-08T19:45:53Z
2026-06-08T19:45:40Z,2026-06-08T21:45:40+0200,2c10495a-697a-4f81-9dc4-3022854a0ce3,2026-05-11T16:00:00Z,2026-05-11T18:00:00+0200,10253.16,MW,BE,BE,actual_load,Actual Load,2026-06-08T19:45:53Z
2026-06-08T19:45:40Z,2026-06-08T21:45:40+0200,2c10495a-697a-4f81-9dc4-3022854a0ce3,2026-05-11T16:15:00Z,2026-05-11T18:15:00+0200,10170.6,MW,BE,BE,actual_load,Actual Load,2026-06-08T19:45:53Z
2026-06-08T19:45:40Z,2026-06-08T21:45:40+0200,2c10495a-697a-4f81-9dc4-3022854a0ce3,2026-05-11T16:30:00Z,2026-05-11T18:30:00+0200,10113.7,MW,BE,BE,actual_load,Actual Load,2026-06-08T19:45:53Z
2026-06-08T19:45:40Z,2026-06-08T21:45:40+0200,2c10495a-697a-4f81-9dc4-3022854a0ce3,2026-05-11T16:45:00Z,2026-05-11T18:45:00+0200,10154.02,MW,BE,BE,actual_load,Actual Load,2026-06-08T19:45:53Z
2026-06-08T19:45:40Z,2026-06-08T21:45:40+0200,2c10495a-697a-4f81-9dc4-3022854a0ce3,2026-05-11T17:00:00Z,2026-05-11T19:00:00+0200,10256.84,MW,BE,BE,actual_load,Actual Load,2026-06-08T19:45:53Z
2026-06-08T19:45:40Z,2026-06-08T21:45:40+0200,2c10495a-697a-4f81-9dc4-3022854a0ce3,2026-05-11T17:15:00Z,2026-05-11T19:15:00+0200,10211.69,MW,BE,BE,actual_load,Actual Load,2026-06-08T19:45:53Z
2026-06-08T19:45:40Z,2026-06-08T21:45:40+0200,2c10495a-697a-4f81-9dc4-3022854a0ce3,2026-05-11T17:30:00Z,2026-05-11T19:30:00+0200,10128.91,MW,BE,BE,actual_load,Actual Load,2026-06-08T19:45:53Z
2026-06-08T19:45:40Z,2026-06-08T21:45:40+0200,2c10495a-697a-4f81-9dc4-3022854a0ce3,2026-05-11T17:45:00Z,2026-05-11T19:45:00+0200,9845.82,MW,BE,BE,actual_load,Actual Load,2026-06-08T19:45:53Z
2026-06-08T19:45:40Z,2026-06-08T21:45:40+0200,2c10495a-697a-4f81-9dc4-3022854a0ce3,2026-05-11T18:00:00Z,2026-05-11T20:00:00+0200,9771.33,MW,BE,BE,actual_load,Actual Load,2026-06-08T19:45:53Z
2026-06-08T19:45:40Z,2026-06-08T21:45:40+0200,2c10495a-697a-4f81-9dc4-3022854a0ce3,2026-05-11T18:15:00Z,2026-05-11T20:15:00+0200,9659.62,MW,BE,BE,actual_load,Actual Load,2026-06-08T19:45:53Z
2026-06-08T19:45:40Z,2026-06-08T21:45:40+0200,2c10495a-697a-4f81-9dc4-3022854a0ce3,2026-05-11T18:30:00Z,2026-05-11T20:30:00+0200,9637.18,MW,BE,BE,actual_load,Actual Load,2026-06-08T19:45:53Z
2026-06-08T19:45:40Z,2026-06-08T21:45:40+0200,2c10495a-697a-4f81-9dc4-3022854a0ce3,2026-05-11T18:45:00Z,2026-05-11T20:45:00+0200,9519.4,MW,BE,BE,actual_load,Actual Load,2026-06-08T19:45:53Z
2026-06-08T19:45:40Z,2026-06-08T21:45:40+0200,2c10495a-697a-4f81-9dc4-3022854a0ce3,2026-05-11T19:00:00Z,2026-05-11T21:00:00+0200,9331.99,MW,BE,BE,actual_load,Actual Load,2026-06-08T19:45:53Z
2026-06-08T19:45:40Z,2026-06-08T21:45:40+0200,2c10495a-697a-4f81-9dc4-3022854a0ce3,2026-05-11T19:15:00Z,2026-05-11T21:15:00+0200,9374.13,MW,BE,BE,actual_load,Actual Load,2026-06-08T19:45:53Z
2026-06-08T19:45:40Z,2026-06-08T21:45:40+0200,2c10495a-697a-4f81-9dc4-3022854a0ce3,2026-05-11T19:30:00Z,2026-05-11T21:30:00+0200,9381.46,MW,BE,BE,actual_load,Actual Load,2026-06-08T19:45:53Z
2026-06-08T19:45:40Z,2026-06-08T21:45:40+0200,2c10495a-697a-4f81-9dc4-3022854a0ce3,2026-05-11T19:45:00Z,2026-05-11T21:45:00+0200,9282.99,MW,BE,BE,actual_load,Actual Load,2026-06-08T19:45:53Z
2026-06-08T19:45:40Z,2026-06-08T21:45:40+0200,2c10495a-697a-4f81-9dc4-3022854a0ce3,2026-05-11T20:00:00Z,2026-05-11T22:00:00+0200,9300.17,MW,BE,BE,actual_load,Actual Load,2026-06-08T19:45:53Z
2026-06-08T19:45:40Z,2026-06-08T21:45:40+0200,2c10495a-697a-4f81-9dc4-3022854a0ce3,2026-05-11T20:15:00Z,2026-05-11T22:15:00+0200,9425.75,MW,BE,BE,actual_load,Actual Load,2026-06-08T19:45:53Z
2026-06-08T19:45:40Z,2026-06-08T21:45:40+0200,2c10495a-697a-4f81-9dc4-3022854a0ce3,2026-05-11T20:30:00Z,2026-05-11T22:30:00+0200,9402.83,MW,BE,BE,actual_load,Actual Load,2026-06-08T19:45:53Z
2026-06-08T19:45:40Z,2026-06-08T21:45:40+0200,2c10495a-697a-4f81-9dc4-3022854a0ce3,2026-05-11T20:45:00Z,2026-05-11T22:45:00+0200,9145.53,MW,BE,BE,actual_load,Actual Load,2026-06-08T19:45:53Z
2026-06-08T19:45:40Z,2026-06-08T21:45:40+0200,2c10495a-697a-4f81-9dc4-3022854a0ce3,2026-05-11T21:00:00Z,2026-05-11T23:00:00+0200,8994.67,MW,BE,BE,actual_load,Actual Load,2026-06-08T19:45:53Z
2026-06-08T19:45:40Z,2026-06-08T21:45:40+0200,2c10495a-697a-4f81-9dc4-3022854a0ce3,2026-05-11T21:15:00Z,2026-05-11T23:15:00+0200,8825.98,MW,BE,BE,actual_load,Actual Load,2026-06-08T19:45:53Z
2026-06-08T19:45:40Z,2026-06-08T21:45:40+0200,2c10495a-697a-4f81-9dc4-3022854a0ce3,2026-05-11T21:30:00Z,2026-05-11T23:30:00+0200,8697.47,MW,BE,BE,actual_load,Actual Load,2026-06-08T19:45:53Z
2026-06-08T19:45:40Z,2026-06-08T21:45:40+0200,2c10495a-697a-4f81-9dc4-3022854a0ce3,2026-05-11T21:45:00Z,2026-05-11T23:45:00+0200,8625.28,MW,BE,BE,actual_load,Actual Load,2026-06-08T19:45:53Z
2026-06-08T19:45:40Z,2026-06-08T21:45:40+0200,2c10495a-697a-4f81-9dc4-3022854a0ce3,2026-05-11T22:00:00Z,2026-05-12T00:00:00+0200,8541.35,MW,BE,BE,actual_load,Actual Load,2026-06-08T19:45:53Z
2026-06-08T19:45:40Z,2026-06-08T21:45:40+0200,2c10495a-697a-4f81-9dc4-3022854a0ce3,2026-05-11T22:15:00Z,2026-05-12T00:15:00+0200,8288.62,MW,BE,BE,actual_load,Actual Load,2026-06-08T19:45:53Z
2026-06-08T19:45:40Z,2026-06-08T21:45:40+0200,2c10495a-697a-4f81-9dc4-3022854a0ce3,2026-05-11T22:30:00Z,2026-05-12T00:30:00+0200,8194.27,MW,BE,BE,actual_load,Actual Load,2026-06-08T19:45:53Z
2026-06-08T19:45:40Z,2026-06-08T21:45:40+0200,2c10495a-697a-4f81-9dc4-3022854a0ce3,2026-05-11T22:45:00Z,2026-05-12T00:45:00+0200,8127.44,MW,BE,BE,actual_load,Actual Load,2026-06-08T19:45:53Z
2026-06-08T19:45:40Z,2026-06-08T21:45:40+0200,2c10495a-697a-4f81-9dc4-3022854a0ce3,2026-05-11T23:00:00Z,2026-05-12T01:00:00+0200,8004.41,MW,BE,BE,actual_load,Actual Load,2026-06-08T19:45:53Z
2026-06-08T19:45:40Z,2026-06-08T21:45:40+0200,2c10495a-697a-4f81-9dc4-3022854a0ce3,2026-05-11T23:15:00Z,2026-05-12T01:15:00+0200,7870.0,MW,BE,BE,actual_load,Actual Load,2026-06-08T19:45:53Z
2026-06-08T19:45:40Z,2026-06-08T21:45:40+0200,2c10495a-697a-4f81-9dc4-3022854a0ce3,2026-05-11T23:30:00Z,2026-05-12T01:30:00+0200,7702.08,MW,BE,BE,actual_load,Actual Load,2026-06-08T19:45:53Z
2026-06-08T19:45:40Z,2026-06-08T21:45:40+0200,2c10495a-697a-4f81-9dc4-3022854a0ce3,2026-05-11T23:45:00Z,2026-05-12T01:45:00+0200,7785.52,MW,BE,BE,actual_load,Actual Load,2026-06-08T19:45:53Z
2026-06-08T19:45:40Z,2026-06-08T21:45:40+0200,2c10495a-697a-4f81-9dc4-3022854a0ce3,2026-05-12T00:00:00Z,2026-05-12T02:00:00+0200,7782.75,MW,BE,BE,actual_load,Actual Load,2026-06-08T19:45:53Z
2026-06-08T19:45:40Z,2026-06-08T21:45:40+0200,2c10495a-697a-4f81-9dc4-3022854a0ce3,2026-05-12T00:15:00Z,2026-05-12T02:15:00+0200,7706.55,MW,BE,BE,actual_load,Actual Load,2026-06-08T19:45:53Z
2026-06-08T19:45:40Z,2026-06-08T21:45:40+0200,2c10495a-697a-4f81-9dc4-3022854a0ce3,2026-05-12T00:30:00Z,2026-05-12T02:30:00+0200,7708.47,MW,BE,BE,actual_load,Actual Load,2026-06-08T19:45:53Z
2026-06-08T19:45:40Z,2026-06-08T21:45:40+0200,2c10495a-697a-4f81-9dc4-3022854a0ce3,2026-05-12T00:45:00Z,2026-05-12T02:45:00+0200,7635.85,MW,BE,BE,actual_load,Actual Load,2026-06-08T19:45:53Z
2026-06-08T19:45:40Z,2026-06-08T21:45:40+0200,2c10495a-697a-4f81-9dc4-3022854a0ce3,2026-05-12T01:00:00Z,2026-05-12T03:00:00+0200,7587.65,MW,BE,BE,actual_load,Actual Load,2026-06-08T19:45:53Z
2026-06-08T19:45:40Z,2026-06-08T21:45:40+0200,2c10495a-697a-4f81-9dc4-3022854a0ce3,2026-05-12T01:15:00Z,2026-05-12T03:15:00+0200,7515.47,MW,BE,BE,actual_load,Actual Load,2026-06-08T19:45:53Z
2026-06-08T19:45:40Z,2026-06-08T21:45:40+0200,2c10495a-697a-4f81-9dc4-3022854a0ce3,2026-05-12T01:30:00Z,2026-05-12T03:30:00+0200,7442.02,MW,BE,BE,actual_load,Actual Load,2026-06-08T19:45:53Z
2026-06-08T19:45:40Z,2026-06-08T21:45:40+0200,2c10495a-697a-4f81-9dc4-3022854a0ce3,2026-05-12T01:45:00Z,2026-05-12T03:45:00+0200,7454.49,MW,BE,BE,actual_load,Actual Load,2026-06-08T19:45:53Z
2026-06-08T19:45:40Z,2026-06-08T21:45:40+0200,2c10495a-697a-4f81-9dc4-3022854a0ce3,2026-05-12T02:00:00Z,2026-05-12T04:00:00+0200,7584.88,MW,BE,BE,actual_load,Actual Load,2026-06-08T19:45:53Z
2026-06-08T19:45:40Z,2026-06-08T21:45:40+0200,2c10495a-697a-4f81-9dc4-3022854a0ce3,2026-05-12T02:15:00Z,2026-05-12T04:15:00+0200,7696.65,MW,BE,BE,actual_load,Actual Load,2026-06-08T19:45:53Z
2026-06-08T19:45:40Z,2026-06-08T21:45:40+0200,2c10495a-697a-4f81-9dc4-3022854a0ce3,2026-05-12T02:30:00Z,2026-05-12T04:30:00+0200,7634.23,MW,BE,BE,actual_load,Actual Load,2026-06-08T19:45:53Z
2026-06-08T19:45:40Z,2026-06-08T21:45:40+0200,2c10495a-697a-4f81-9dc4-3022854a0ce3,2026-05-12T02:45:00Z,2026-05-12T04:45:00+0200,7698.02,MW,BE,BE,actual_load,Actual Load,2026-06-08T19:45:53Z
2026-06-08T19:45:40Z,2026-06-08T21:45:40+0200,2c10495a-697a-4f81-9dc4-3022854a0ce3,2026-05-12T03:00:00Z,2026-05-12T05:00:00+0200,7858.92,MW,BE,BE,actual_load,Actual Load,2026-06-08T19:45:53Z
2026-06-08T19:45:40Z,2026-06-08T21:45:40+0200,2c10495a-697a-4f81-9dc4-3022854a0ce3,2026-05-12T03:15:00Z,2026-05-12T05:15:00+0200,7913.46,MW,BE,BE,actual_load,Actual Load,2026-06-08T19:45:53Z
2026-06-08T19:45:40Z,2026-06-08T21:45:40+0200,2c10495a-697a-4f81-9dc4-3022854a0ce3,2026-05-12T03:30:00Z,2026-05-12T05:30:00+0200,8136.1,MW,BE,BE,actual_load,Actual Load,2026-06-08T19:45:53Z
2026-06-08T19:45:40Z,2026-06-08T21:45:40+0200,2c10495a-697a-4f81-9dc4-3022854a0ce3,2026-05-12T03:45:00Z,2026-05-12T05:45:00+0200,8166.41,MW,BE,BE,actual_load,Actual Load,2026-06-08T19:45:53Z
2026-06-08T19:45:40Z,2026-06-08T21:45:40+0200,2c10495a-697a-4f81-9dc4-3022854a0ce3,2026-05-12T04:00:00Z,2026-05-12T06:00:00+0200,8435.37,MW,BE,BE,actual_load,Actual Load,2026-06-08T19:45:53Z
2026-06-08T19:45:40Z,2026-06-08T21:45:40+0200,2c10495a-697a-4f81-9dc4-3022854a0ce3,2026-05-12T04:15:00Z,2026-05-12T06:15:00+0200,8559.79,MW,BE,BE,actual_load,Actual Load,2026-06-08T19:45:53Z
2026-06-08T19:45:40Z,2026-06-08T21:45:40+0200,2c10495a-697a-4f81-9dc4-3022854a0ce3,2026-05-12T04:30:00Z,2026-05-12T06:30:00+0200,8723.29,MW,BE,BE,actual_load,Actual Load,2026-06-08T19:45:53Z
2026-06-08T19:45:40Z,2026-06-08T21:45:40+0200,2c10495a-697a-4f81-9dc4-3022854a0ce3,2026-05-12T04:45:00Z,2026-05-12T06:45:00+0200,8967.1,MW,BE,BE,actual_load,Actual Load,2026-06-08T19:45:53Z
2026-06-08T19:45:40Z,2026-06-08T21:45:40+0200,2c10495a-697a-4f81-9dc4-3022854a0ce3,2026-05-12T05:00:00Z,2026-05-12T07:00:00+0200,9211.14,MW,BE,BE,actual_load,Actual Load,2026-06-08T19:45:53Z
2026-06-08T19:45:40Z,2026-06-08T21:45:40+0200,2c10495a-697a-4f81-9dc4-3022854a0ce3,2026-05-12T05:15:00Z,2026-05-12T07:15:00+0200,9431.07,MW,BE,BE,actual_load,Actual Load,2026-06-08T19:45:53Z
2026-06-08T19:45:40Z,2026-06-08T21:45:40+0200,2c10495a-697a-4f81-9dc4-3022854a0ce3,2026-05-12T05:30:00Z,2026-05-12T07:30:00+0200,9637.75,MW,BE,BE,actual_load,Actual Load,2026-06-08T19:45:53Z
2026-06-08T19:45:40Z,2026-06-08T21:45:40+0200,2c10495a-697a-4f81-9dc4-3022854a0ce3,2026-05-12T05:45:00Z,2026-05-12T07:45:00+0200,9743.76,MW,BE,BE,actual_load,Actual Load,2026-06-08T19:45:53Z
2026-06-08T19:45:40Z,2026-06-08T21:45:40+0200,2c10495a-697a-4f81-9dc4-3022854a0ce3,2026-05-12T06:00:00Z,2026-05-12T08:00:00+0200,9913.01,MW,BE,BE,actual_load,Actual Load,2026-06-08T19:45:53Z
2026-06-08T19:45:40Z,2026-06-08T21:45:40+0200,2c10495a-697a-4f81-9dc4-3022854a0ce3,2026-05-12T06:15:00Z,2026-05-12T08:15:00+0200,9999.72,MW,BE,BE,actual_load,Actual Load,2026-06-08T19:45:53Z
2026-06-08T19:45:40Z,2026-06-08T21:45:40+0200,2c10495a-697a-4f81-9dc4-3022854a0ce3,2026-05-12T06:30:00Z,2026-05-12T08:30:00+0200,10210.66,MW,BE,BE,actual_load,Actual Load,2026-06-08T19:45:53Z
2026-06-08T19:45:40Z,2026-06-08T21:45:40+0200,2c10495a-697a-4f81-9dc4-3022854a0ce3,2026-05-12T06:45:00Z,2026-05-12T08:45:00+0200,10402.21,MW,BE,BE,actual_load,Actual Load,2026-06-08T19:45:53Z
2026-06-08T19:45:40Z,2026-06-08T21:45:40+0200,2c10495a-697a-4f81-9dc4-3022854a0ce3,2026-05-12T07:00:00Z,2026-05-12T09:00:00+0200,10485.89,MW,BE,BE,actual_load,Actual Load,2026-06-08T19:45:53Z
2026-06-08T19:45:40Z,2026-06-08T21:45:40+0200,2c10495a-697a-4f81-9dc4-3022854a0ce3,2026-05-12T07:15:00Z,2026-05-12T09:15:00+0200,10497.75,MW,BE,BE,actual_load,Actual Load,2026-06-08T19:45:53Z
2026-06-08T19:45:40Z,2026-06-08T21:45:40+0200,2c10495a-697a-4f81-9dc4-3022854a0ce3,2026-05-12T07:30:00Z,2026-05-12T09:30:00+0200,10504.61,MW,BE,BE,actual_load,Actual Load,2026-06-08T19:45:53Z
2026-06-08T19:45:40Z,2026-06-08T21:45:40+0200,2c10495a-697a-4f81-9dc4-3022854a0ce3,2026-05-12T07:45:00Z,2026-05-12T09:45:00+0200,10395.05,MW,BE,BE,actual_load,Actual Load,2026-06-08T19:45:53Z
2026-06-08T19:45:40Z,2026-06-08T21:45:40+0200,2c10495a-697a-4f81-9dc4-3022854a0ce3,2026-05-12T08:00:00Z,2026-05-12T10:00:00+0200,10353.64,MW,BE,BE,actual_load,Actual Load,2026-06-08T19:45:53Z
2026-06-08T19:45:40Z,2026-06-08T21:45:40+0200,2c10495a-697a-4f81-9dc4-3022854a0ce3,2026-05-12T08:15:00Z,2026-05-12T10:15:00+0200,10382.25,MW,BE,BE,actual_load,Actual Load,2026-06-08T19:45:53Z
2026-06-08T19:45:40Z,2026-06-08T21:45:40+0200,2c10495a-697a-4f81-9dc4-3022854a0ce3,2026-05-12T08:30:00Z,2026-05-12T10:30:00+0200,10470.75,MW,BE,BE,actual_load,Actual Load,2026-06-08T19:45:53Z
2026-06-08T19:45:40Z,2026-06-08T21:45:40+0200,2c10495a-697a-4f81-9dc4-3022854a0ce3,2026-05-12T08:45:00Z,2026-05-12T10:45:00+0200,10481.65,MW,BE,BE,actual_load,Actual Load,2026-06-08T19:45:53Z
2026-06-08T19:45:40Z,2026-06-08T21:45:40+0200,2c10495a-697a-4f81-9dc4-3022854a0ce3,2026-05-12T09:00:00Z,2026-05-12T11:00:00+0200,10204.7,MW,BE,BE,actual_load,Actual Load,2026-06-08T19:45:53Z
2026-06-08T19:45:40Z,2026-06-08T21:45:40+0200,2c10495a-697a-4f81-9dc4-3022854a0ce3,2026-05-12T09:15:00Z,2026-05-12T11:15:00+0200,10317.83,MW,BE,BE,actual_load,Actual Load,2026-06-08T19:45:53Z
2026-06-08T19:45:40Z,2026-06-08T21:45:40+0200,2c10495a-697a-4f81-9dc4-3022854a0ce3,2026-05-12T09:30:00Z,2026-05-12T11:30:00+0200,10374.44,MW,BE,BE,actual_load,Actual Load,2026-06-08T19:45:53Z
2026-06-08T19:45:40Z,2026-06-08T21:45:40+0200,2c10495a-697a-4f81-9dc4-3022854a0ce3,2026-05-12T09:45:00Z,2026-05-12T11:45:00+0200,10419.96,MW,BE,BE,actual_load,Actual Load,2026-06-08T19:45:53Z
2026-06-08T19:45:40Z,2026-06-08T21:45:40+0200,2c10495a-697a-4f81-9dc4-3022854a0ce3,2026-05-12T10:00:00Z,2026-05-12T12:00:00+0200,10349.14,MW,BE,BE,actual_load,Actual Load,2026-06-08T19:45:53Z
2026-06-08T19:45:40Z,2026-06-08T21:45:40+0200,2c10495a-697a-4f81-9dc4-3022854a0ce3,2026-05-12T10:15:00Z,2026-05-12T12:15:00+0200,10278.54,MW,BE,BE,actual_load,Actual Load,2026-06-08T19:45:53Z
2026-06-08T19:45:40Z,2026-06-08T21:45:40+0200,2c10495a-697a-4f81-9dc4-3022854a0ce3,2026-05-12T10:30:00Z,2026-05-12T12:30:00+0200,10326.2,MW,BE,BE,actual_load,Actual Load,2026-06-08T19:45:53Z
2026-06-08T19:45:40Z,2026-06-08T21:45:40+0200,2c10495a-697a-4f81-9dc4-3022854a0ce3,2026-05-12T10:45:00Z,2026-05-12T12:45:00+0200,10415.79,MW,BE,BE,actual_load,Actual Load,2026-06-08T19:45:53Z
2026-06-08T19:45:40Z,2026-06-08T21:45:40+0200,2c10495a-697a-4f81-9dc4-3022854a0ce3,2026-05-12T11:00:00Z,2026-05-12T13:00:00+0200,10420.28,MW,BE,BE,actual_load,Actual Load,2026-06-08T19:45:53Z
2026-06-08T19:45:40Z,2026-06-08T21:45:40+0200,2c10495a-697a-4f81-9dc4-3022854a0ce3,2026-05-12T11:15:00Z,2026-05-12T13:15:00+0200,10477.6,MW,BE,BE,actual_load,Actual Load,2026-06-08T19:45:53Z
2026-06-08T19:45:40Z,2026-06-08T21:45:40+0200,2c10495a-697a-4f81-9dc4-3022854a0ce3,2026-05-12T11:30:00Z,2026-05-12T13:30:00+0200,10450.19,MW,BE,BE,actual_load,Actual Load,2026-06-08T19:45:53Z
2026-06-08T19:45:40Z,2026-06-08T21:45:40+0200,2c10495a-697a-4f81-9dc4-3022854a0ce3,2026-05-12T11:45:00Z,2026-05-12T13:45:00+0200,10456.47,MW,BE,BE,actual_load,Actual Load,2026-06-08T19:45:53Z
2026-06-08T19:45:40Z,2026-06-08T21:45:40+0200,2c10495a-697a-4f81-9dc4-3022854a0ce3,2026-05-12T12:00:00Z,2026-05-12T14:00:00+0200,10316.92,MW,BE,BE,actual_load,Actual Load,2026-06-08T19:45:53Z
2026-06-08T19:45:40Z,2026-06-08T21:45:40+0200,2c10495a-697a-4f81-9dc4-3022854a0ce3,2026-05-12T12:15:00Z,2026-05-12T14:15:00+0200,10195.27,MW,BE,BE,actual_load,Actual Load,2026-06-08T19:45:53Z
2026-06-08T19:45:40Z,2026-06-08T21:45:40+0200,2c10495a-697a-4f81-9dc4-3022854a0ce3,2026-05-12T12:30:00Z,2026-05-12T14:30:00+0200,10127.74,MW,BE,BE,actual_load,Actual Load,2026-06-08T19:45:53Z
2026-06-08T19:45:40Z,2026-06-08T21:45:40+0200,2c10495a-697a-4f81-9dc4-3022854a0ce3,2026-05-12T12:45:00Z,2026-05-12T14:45:00+0200,10038.63,MW,BE,BE,actual_load,Actual Load,2026-06-08T19:45:53Z
2026-06-08T19:45:40Z,2026-06-08T21:45:40+0200,2c10495a-697a-4f81-9dc4-3022854a0ce3,2026-05-12T13:00:00Z,2026-05-12T15:00:00+0200,9980.62,MW,BE,BE,actual_load,Actual Load,2026-06-08T19:45:53Z
2026-06-08T19:45:40Z,2026-06-08T21:45:40+0200,2c10495a-697a-4f81-9dc4-3022854a0ce3,2026-05-12T13:15:00Z,2026-05-12T15:15:00+0200,9718.76,MW,BE,BE,actual_load,Actual Load,2026-06-08T19:45:53Z
2026-06-08T19:45:40Z,2026-06-08T21:45:40+0200,2c10495a-697a-4f81-9dc4-3022854a0ce3,2026-05-12T13:30:00Z,2026-05-12T15:30:00+0200,9777.49,MW,BE,BE,actual_load,Actual Load,2026-06-08T19:45:53Z
2026-06-08T19:45:40Z,2026-06-08T21:45:40+0200,2c10495a-697a-4f81-9dc4-3022854a0ce3,2026-05-12T13:45:00Z,2026-05-12T15:45:00+0200,9639.65,MW,BE,BE,actual_load,Actual Load,2026-06-08T19:45:53Z
2026-06-08T19:45:40Z,2026-06-08T21:45:40+0200,2c10495a-697a-4f81-9dc4-3022854a0ce3,2026-05-12T14:00:00Z,2026-05-12T16:00:00+0200,9665.96,MW,BE,BE,actual_load,Actual Load,2026-06-08T19:45:53Z
2026-06-08T19:45:40Z,2026-06-08T21:45:40+0200,2c10495a-697a-4f81-9dc4-3022854a0ce3,2026-05-12T14:15:00Z,2026-05-12T16:15:00+0200,9665.4,MW,BE,BE,actual_load,Actual Load,2026-06-08T19:45:53Z
2026-06-08T19:45:40Z,2026-06-08T21:45:40+0200,2c10495a-697a-4f81-9dc4-3022854a0ce3,2026-05-12T14:30:00Z,2026-05-12T16:30:00+0200,9637.02,MW,BE,BE,actual_load,Actual Load,2026-06-08T19:45:53Z
2026-06-08T19:45:40Z,2026-06-08T21:45:40+0200,2c10495a-697a-4f81-9dc4-3022854a0ce3,2026-05-12T14:45:00Z,2026-05-12T16:45:00+0200,9507.43,MW,BE,BE,actual_load,Actual Load,2026-06-08T19:45:53Z
2026-06-08T19:45:40Z,2026-06-08T21:45:40+0200,2c10495a-697a-4f81-9dc4-3022854a0ce3,2026-05-12T15:00:00Z,2026-05-12T17:00:00+0200,9602.53,MW,BE,BE,actual_load,Actual Load,2026-06-08T19:45:53Z
2026-06-08T19:45:40Z,2026-06-08T21:45:40+0200,2c10495a-697a-4f81-9dc4-3022854a0ce3,2026-05-12T15:15:00Z,2026-05-12T17:15:00+0200,9516.37,MW,BE,BE,actual_load,Actual Load,2026-06-08T19:45:53Z
2026-06-08T19:45:40Z,2026-06-08T21:45:40+0200,2c10495a-697a-4f81-9dc4-3022854a0ce3,2026-05-12T15:30:00Z,2026-05-12T17:30:00+0200,9726.43,MW,BE,BE,actual_load,Actual Load,2026-06-08T19:45:53Z
2026-06-08T19:45:40Z,2026-06-08T21:45:40+0200,2c10495a-697a-4f81-9dc4-3022854a0ce3,2026-05-12T15:45:00Z,2026-05-12T17:45:00+0200,9763.47,MW,BE,BE,actual_load,Actual Load,2026-06-08T19:45:53Z
2026-06-08T19:45:40Z,2026-06-08T21:45:40+0200,2c10495a-697a-4f81-9dc4-3022854a0ce3,2026-05-12T16:00:00Z,2026-05-12T18:00:00+0200,9758.63,MW,BE,BE,actual_load,Actual Load,2026-06-08T19:45:53Z
2026-06-08T19:45:40Z,2026-06-08T21:45:40+0200,2c10495a-697a-4f81-9dc4-3022854a0ce3,2026-05-12T16:15:00Z,2026-05-12T18:15:00+0200,9815.86,MW,BE,BE,actual_load,Actual Load,2026-06-08T19:45:53Z
2026-06-08T19:45:40Z,2026-06-08T21:45:40+0200,2c10495a-697a-4f81-9dc4-3022854a0ce3,2026-05-12T16:30:00Z,2026-05-12T18:30:00+0200,9927.03,MW,BE,BE,actual_load,Actual Load,2026-06-08T19:45:53Z
2026-06-08T19:45:40Z,2026-06-08T21:45:40+0200,2c10495a-697a-4f81-9dc4-3022854a0ce3,2026-05-12T16:45:00Z,2026-05-12T18:45:00+0200,9988.58,MW,BE,BE,actual_load,Actual Load,2026-06-08T19:45:53Z
2026-06-08T19:45:40Z,2026-06-08T21:45:40+0200,2c10495a-697a-4f81-9dc4-3022854a0ce3,2026-05-12T17:00:00Z,2026-05-12T19:00:00+0200,9994.14,MW,BE,BE,actual_load,Actual Load,2026-06-08T19:45:53Z
2026-06-08T19:45:40Z,2026-06-08T21:45:40+0200,2c10495a-697a-4f81-9dc4-3022854a0ce3,2026-05-12T17:15:00Z,2026-05-12T19:15:00+0200,9915.25,MW,BE,BE,actual_load,Actual Load,2026-06-08T19:45:53Z
2026-06-08T19:45:40Z,2026-06-08T21:45:40+0200,2c10495a-697a-4f81-9dc4-3022854a0ce3,2026-05-12T17:30:00Z,2026-05-12T19:30:00+0200,9828.4,MW,BE,BE,actual_load,Actual Load,2026-06-08T19:45:53Z
2026-06-08T19:45:40Z,2026-06-08T21:45:40+0200,2c10495a-697a-4f81-9dc4-3022854a0ce3,2026-05-12T17:45:00Z,2026-05-12T19:45:00+0200,9684.2,MW,BE,BE,actual_load,Actual Load,2026-06-08T19:45:53Z
2026-06-08T19:45:40Z,2026-06-08T21:45:40+0200,2c10495a-697a-4f81-9dc4-3022854a0ce3,2026-05-12T18:00:00Z,2026-05-12T20:00:00+0200,9635.1,MW,BE,BE,actual_load,Actual Load,2026-06-08T19:45:53Z
2026-06-08T19:45:40Z,2026-06-08T21:45:40+0200,2c10495a-697a-4f81-9dc4-3022854a0ce3,2026-05-12T18:15:00Z,2026-05-12T20:15:00+0200,9503.56,MW,BE,BE,actual_load,Actual Load,2026-06-08T19:45:53Z
2026-06-08T19:45:40Z,2026-06-08T21:45:40+0200,2c10495a-697a-4f81-9dc4-3022854a0ce3,2026-05-12T18:30:00Z,2026-05-12T20:30:00+0200,9379.85,MW,BE,BE,actual_load,Actual Load,2026-06-08T19:45:53Z
2026-06-08T19:45:40Z,2026-06-08T21:45:40+0200,2c10495a-697a-4f81-9dc4-3022854a0ce3,2026-05-12T18:45:00Z,2026-05-12T20:45:00+0200,9350.01,MW,BE,BE,actual_load,Actual Load,2026-06-08T19:45:53Z
2026-06-08T19:45:40Z,2026-06-08T21:45:40+0200,2c10495a-697a-4f81-9dc4-3022854a0ce3,2026-05-12T19:00:00Z,2026-05-12T21:00:00+0200,9362.56,MW,BE,BE,actual_load,Actual Load,2026-06-08T19:45:53Z
2026-06-08T19:45:40Z,2026-06-08T21:45:40+0200,2c10495a-697a-4f81-9dc4-3022854a0ce3,2026-05-12T19:15:00Z,2026-05-12T21:15:00+0200,9360.77,MW,BE,BE,actual_load,Actual Load,2026-06-08T19:45:53Z
2026-06-08T19:45:40Z,2026-06-08T21:45:40+0200,2c10495a-697a-4f81-9dc4-3022854a0ce3,2026-05-12T19:30:00Z,2026-05-12T21:30:00+0200,9220.45,MW,BE,BE,actual_load,Actual Load,2026-06-08T19:45:53Z
2026-06-08T19:45:40Z,2026-06-08T21:45:40+0200,2c10495a-697a-4f81-9dc4-3022854a0ce3,2026-05-12T19:45:00Z,2026-05-12T21:45:00+0200,9054.2,MW,BE,BE,actual_load,Actual Load,2026-06-08T19:45:53Z
2026-06-08T19:45:40Z,2026-06-08T21:45:40+0200,2c10495a-697a-4f81-9dc4-3022854a0ce3,2026-05-12T20:00:00Z,2026-05-12T22:00:00+0200,9112.81,MW,BE,BE,actual_load,Actual Load,2026-06-08T19:45:53Z
2026-06-08T19:45:40Z,2026-06-08T21:45:40+0200,2c10495a-697a-4f81-9dc4-3022854a0ce3,2026-05-12T20:15:00Z,2026-05-12T22:15:00+0200,9157.49,MW,BE,BE,actual_load,Actual Load,2026-06-08T19:45:53Z
2026-06-08T19:45:40Z,2026-06-08T21:45:40+0200,2c10495a-697a-4f81-9dc4-3022854a0ce3,2026-05-12T20:30:00Z,2026-05-12T22:30:00+0200,9062.44,MW,BE,BE,actual_load,Actual Load,2026-06-08T19:45:53Z
2026-06-08T19:45:40Z,2026-06-08T21:45:40+0200,2c10495a-697a-4f81-9dc4-3022854a0ce3,2026-05-12T20:45:00Z,2026-05-12T22:45:00+0200,8989.54,MW,BE,BE,actual_load,Actual Load,2026-06-08T19:45:53Z
2026-06-08T19:45:40Z,2026-06-08T21:45:40+0200,2c10495a-697a-4f81-9dc4-3022854a0ce3,2026-05-12T21:00:00Z,2026-05-12T23:00:00+0200,8951.07,MW,BE,BE,actual_load,Actual Load,2026-06-08T19:45:53Z
2026-06-08T19:45:40Z,2026-06-08T21:45:40+0200,2c10495a-697a-4f81-9dc4-3022854a0ce3,2026-05-12T21:15:00Z,2026-05-12T23:15:00+0200,8835.43,MW,BE,BE,actual_load,Actual Load,2026-06-08T19:45:53Z
2026-06-08T19:45:40Z,2026-06-08T21:45:40+0200,2c10495a-697a-4f81-9dc4-3022854a0ce3,2026-05-12T21:30:00Z,2026-05-12T23:30:00+0200,8732.27,MW,BE,BE,actual_load,Actual Load,2026-06-08T19:45:53Z
2026-06-08T19:45:40Z,2026-06-08T21:45:40+0200,2c10495a-697a-4f81-9dc4-3022854a0ce3,2026-05-12T21:45:00Z,2026-05-12T23:45:00+0200,8630.54,MW,BE,BE,actual_load,Actual Load,2026-06-08T19:45:53Z
2026-06-08T19:45:40Z,2026-06-08T21:45:40+0200,2c10495a-697a-4f81-9dc4-3022854a0ce3,2026-05-12T22:00:00Z,2026-05-13T00:00:00+0200,8451.78,MW,BE,BE,actual_load,Actual Load,2026-06-08T19:45:53Z
2026-06-08T19:45:40Z,2026-06-08T21:45:40+0200,2c10495a-697a-4f81-9dc4-3022854a0ce3,2026-05-12T22:15:00Z,2026-05-13T00:15:00+0200,8276.22,MW,BE,BE,actual_load,Actual Load,2026-06-08T19:45:53Z
2026-06-08T19:45:40Z,2026-06-08T21:45:40+0200,2c10495a-697a-4f81-9dc4-3022854a0ce3,2026-05-12T22:30:00Z,2026-05-13T00:30:00+0200,8153.24,MW,BE,BE,actual_load,Actual Load,2026-06-08T19:45:53Z
2026-06-08T19:45:40Z,2026-06-08T21:45:40+0200,2c10495a-697a-4f81-9dc4-3022854a0ce3,2026-05-12T22:45:00Z,2026-05-13T00:45:00+0200,8095.55,MW,BE,BE,actual_load,Actual Load,2026-06-08T19:45:53Z
2026-06-08T19:45:40Z,2026-06-08T21:45:40+0200,2c10495a-697a-4f81-9dc4-3022854a0ce3,2026-05-12T23:00:00Z,2026-05-13T01:00:00+0200,8035.41,MW,BE,BE,actual_load,Actual Load,2026-06-08T19:45:53Z
2026-06-08T19:45:40Z,2026-06-08T21:45:40+0200,2c10495a-697a-4f81-9dc4-3022854a0ce3,2026-05-12T23:15:00Z,2026-05-13T01:15:00+0200,8092.13,MW,BE,BE,actual_load,Actual Load,2026-06-08T19:45:53Z
2026-06-08T19:45:40Z,2026-06-08T21:45:40+0200,2c10495a-697a-4f81-9dc4-3022854a0ce3,2026-05-12T23:30:00Z,2026-05-13T01:30:00+0200,8015.52,MW,BE,BE,actual_load,Actual Load,2026-06-08T19:45:53Z
2026-06-08T19:45:40Z,2026-06-08T21:45:40+0200,2c10495a-697a-4f81-9dc4-3022854a0ce3,2026-05-12T23:45:00Z,2026-05-13T01:45:00+0200,7955.57,MW,BE,BE,actual_load,Actual Load,2026-06-08T19:45:53Z
2026-06-08T19:45:40Z,2026-06-08T21:45:40+0200,2c10495a-697a-4f81-9dc4-3022854a0ce3,2026-05-13T00:00:00Z,2026-05-13T02:00:00+0200,7971.11,MW,BE,BE,actual_load,Actual Load,2026-06-08T19:45:53Z
2026-06-08T19:45:40Z,2026-06-08T21:45:40+0200,2c10495a-697a-4f81-9dc4-3022854a0ce3,2026-05-13T00:15:00Z,2026-05-13T02:15:00+0200,7909.39,MW,BE,BE,actual_load,Actual Load,2026-06-08T19:45:53Z
2026-06-08T19:45:40Z,2026-06-08T21:45:40+0200,2c10495a-697a-4f81-9dc4-3022854a0ce3,2026-05-13T00:30:00Z,2026-05-13T02:30:00+0200,7892.79,MW,BE,BE,actual_load,Actual Load,2026-06-08T19:45:53Z
2026-06-08T19:45:40Z,2026-06-08T21:45:40+0200,2c10495a-697a-4f81-9dc4-3022854a0ce3,2026-05-13T00:45:00Z,2026-05-13T02:45:00+0200,7878.89,MW,BE,BE,actual_load,Actual Load,2026-06-08T19:45:53Z
2026-06-08T19:45:40Z,2026-06-08T21:45:40+0200,2c10495a-697a-4f81-9dc4-3022854a0ce3,2026-05-13T01:00:00Z,2026-05-13T03:00:00+0200,7713.73,MW,BE,BE,actual_load,Actual Load,2026-06-08T19:45:53Z
2026-06-08T19:45:40Z,2026-06-08T21:45:40+0200,2c10495a-697a-4f81-9dc4-3022854a0ce3,2026-05-13T01:15:00Z,2026-05-13T03:15:00+0200,7627.32,MW,BE,BE,actual_load,Actual Load,2026-06-08T19:45:53Z
2026-06-08T19:45:40Z,2026-06-08T21:45:40+0200,2c10495a-697a-4f81-9dc4-3022854a0ce3,2026-05-13T01:30:00Z,2026-05-13T03:30:00+0200,7602.48,MW,BE,BE,actual_load,Actual Load,2026-06-08T19:45:53Z
2026-06-08T19:45:40Z,2026-06-08T21:45:40+0200,2c10495a-697a-4f81-9dc4-3022854a0ce3,2026-05-13T01:45:00Z,2026-05-13T03:45:00+0200,7590.17,MW,BE,BE,actual_load,Actual Load,2026-06-08T19:45:53Z
2026-06-08T19:45:40Z,2026-06-08T21:45:40+0200,2c10495a-697a-4f81-9dc4-3022854a0ce3,2026-05-13T02:00:00Z,2026-05-13T04:00:00+0200,7494.9,MW,BE,BE,actual_load,Actual Load,2026-06-08T19:45:53Z
2026-06-08T19:45:40Z,2026-06-08T21:45:40+0200,2c10495a-697a-4f81-9dc4-3022854a0ce3,2026-05-13T02:15:00Z,2026-05-13T04:15:00+0200,7479.54,MW,BE,BE,actual_load,Actual Load,2026-06-08T19:45:53Z
2026-06-08T19:45:40Z,2026-06-08T21:45:40+0200,2c10495a-697a-4f81-9dc4-3022854a0ce3,2026-05-13T02:30:00Z,2026-05-13T04:30:00+0200,7365.57,MW,BE,BE,actual_load,Actual Load,2026-06-08T19:45:53Z
2026-06-08T19:45:40Z,2026-06-08T21:45:40+0200,2c10495a-697a-4f81-9dc4-3022854a0ce3,2026-05-13T02:45:00Z,2026-05-13T04:45:00+0200,7390.34,MW,BE,BE,actual_load,Actual Load,2026-06-08T19:45:53Z
2026-06-08T19:45:40Z,2026-06-08T21:45:40+0200,2c10495a-697a-4f81-9dc4-3022854a0ce3,2026-05-13T03:00:00Z,2026-05-13T05:00:00+0200,7560.95,MW,BE,BE,actual_load,Actual Load,2026-06-08T19:45:53Z
2026-06-08T19:45:40Z,2026-06-08T21:45:40+0200,2c10495a-697a-4f81-9dc4-3022854a0ce3,2026-05-13T03:15:00Z,2026-05-13T05:15:00+0200,7719.06,MW,BE,BE,actual_load,Actual Load,2026-06-08T19:45:53Z
2026-06-08T19:45:40Z,2026-06-08T21:45:40+0200,2c10495a-697a-4f81-9dc4-3022854a0ce3,2026-05-13T03:30:00Z,2026-05-13T05:30:00+0200,7797.65,MW,BE,BE,actual_load,Actual Load,2026-06-08T19:45:53Z
2026-06-08T19:45:40Z,2026-06-08T21:45:40+0200,2c10495a-697a-4f81-9dc4-3022854a0ce3,2026-05-13T03:45:00Z,2026-05-13T05:45:00+0200,7930.84,MW,BE,BE,actual_load,Actual Load,2026-06-08T19:45:53Z
2026-06-08T19:45:40Z,2026-06-08T21:45:40+0200,2c10495a-697a-4f81-9dc4-3022854a0ce3,2026-05-13T04:00:00Z,2026-05-13T06:00:00+0200,8271.63,MW,BE,BE,actual_load,Actual Load,2026-06-08T19:45:53Z
2026-06-08T19:45:40Z,2026-06-08T21:45:40+0200,2c10495a-697a-4f81-9dc4-3022854a0ce3,2026-05-13T04:15:00Z,2026-05-13T06:15:00+0200,8593.08,MW,BE,BE,actual_load,Actual Load,2026-06-08T19:45:53Z
2026-06-08T19:45:40Z,2026-06-08T21:45:40+0200,2c10495a-697a-4f81-9dc4-3022854a0ce3,2026-05-13T04:30:00Z,2026-05-13T06:30:00+0200,8808.66,MW,BE,BE,actual_load,Actual Load,2026-06-08T19:45:53Z
2026-06-08T19:45:40Z,2026-06-08T21:45:40+0200,2c10495a-697a-4f81-9dc4-3022854a0ce3,2026-05-13T04:45:00Z,2026-05-13T06:45:00+0200,8866.6,MW,BE,BE,actual_load,Actual Load,2026-06-08T19:45:53Z
2026-06-08T19:45:40Z,2026-06-08T21:45:40+0200,2c10495a-697a-4f81-9dc4-3022854a0ce3,2026-05-13T05:00:00Z,2026-05-13T07:00:00+0200,8976.95,MW,BE,BE,actual_load,Actual Load,2026-06-08T19:45:53Z
2026-06-08T19:45:40Z,2026-06-08T21:45:40+0200,2c10495a-697a-4f81-9dc4-3022854a0ce3,2026-05-13T05:15:00Z,2026-05-13T07:15:00+0200,9299.12,MW,BE,BE,actual_load,Actual Load,2026-06-08T19:45:53Z
2026-06-08T19:45:40Z,2026-06-08T21:45:40+0200,2c10495a-697a-4f81-9dc4-3022854a0ce3,2026-05-13T05:30:00Z,2026-05-13T07:30:00+0200,9609.34,MW,BE,BE,actual_load,Actual Load,2026-06-08T19:45:53Z
2026-06-08T19:45:40Z,2026-06-08T21:45:40+0200,2c10495a-697a-4f81-9dc4-3022854a0ce3,2026-05-13T05:45:00Z,2026-05-13T07:45:00+0200,9868.44,MW,BE,BE,actual_load,Actual Load,2026-06-08T19:45:53Z
2026-06-08T19:45:40Z,2026-06-08T21:45:40+0200,2c10495a-697a-4f81-9dc4-3022854a0ce3,2026-05-13T06:00:00Z,2026-05-13T08:00:00+0200,10079.84,MW,BE,BE,actual_load,Actual Load,2026-06-08T19:45:53Z
2026-06-08T19:45:40Z,2026-06-08T21:45:40+0200,2c10495a-697a-4f81-9dc4-3022854a0ce3,2026-05-13T06:15:00Z,2026-05-13T08:15:00+0200,10116.75,MW,BE,BE,actual_load,Actual Load,2026-06-08T19:45:53Z
2026-06-08T19:45:40Z,2026-06-08T21:45:40+0200,2c10495a-697a-4f81-9dc4-3022854a0ce3,2026-05-13T06:30:00Z,2026-05-13T08:30:00+0200,10176.96,MW,BE,BE,actual_load,Actual Load,2026-06-08T19:45:53Z
2026-06-08T19:45:40Z,2026-06-08T21:45:40+0200,2c10495a-697a-4f81-9dc4-3022854a0ce3,2026-05-13T06:45:00Z,2026-05-13T08:45:00+0200,10448.48,MW,BE,BE,actual_load,Actual Load,2026-06-08T19:45:53Z
2026-06-08T19:45:40Z,2026-06-08T21:45:40+0200,2c10495a-697a-4f81-9dc4-3022854a0ce3,2026-05-13T07:00:00Z,2026-05-13T09:00:00+0200,10426.49,MW,BE,BE,actual_load,Actual Load,2026-06-08T19:45:53Z
2026-06-08T19:45:40Z,2026-06-08T21:45:40+0200,2c10495a-697a-4f81-9dc4-3022854a0ce3,2026-05-13T07:15:00Z,2026-05-13T09:15:00+0200,10440.11,MW,BE,BE,actual_load,Actual Load,2026-06-08T19:45:53Z
2026-06-08T19:45:40Z,2026-06-08T21:45:40+0200,2c10495a-697a-4f81-9dc4-3022854a0ce3,2026-05-13T07:30:00Z,2026-05-13T09:30:00+0200,10515.27,MW,BE,BE,actual_load,Actual Load,2026-06-08T19:45:53Z
2026-06-08T19:45:40Z,2026-06-08T21:45:40+0200,2c10495a-697a-4f81-9dc4-3022854a0ce3,2026-05-13T07:45:00Z,2026-05-13T09:45:00+0200,10475.33,MW,BE,BE,actual_load,Actual Load,2026-06-08T19:45:53Z
2026-06-08T19:45:40Z,2026-06-08T21:45:40+0200,2c10495a-697a-4f81-9dc4-3022854a0ce3,2026-05-13T08:00:00Z,2026-05-13T10:00:00+0200,10536.52,MW,BE,BE,actual_load,Actual Load,2026-06-08T19:45:53Z
2026-06-08T19:45:40Z,2026-06-08T21:45:40+0200,2c10495a-697a-4f81-9dc4-3022854a0ce3,2026-05-13T08:15:00Z,2026-05-13T10:15:00+0200,10419.66,MW,BE,BE,actual_load,Actual Load,2026-06-08T19:45:53Z
2026-06-08T19:45:40Z,2026-06-08T21:45:40+0200,2c10495a-697a-4f81-9dc4-3022854a0ce3,2026-05-13T08:30:00Z,2026-05-13T10:30:00+0200,10521.47,MW,BE,BE,actual_load,Actual Load,2026-06-08T19:45:53Z
2026-06-08T19:45:40Z,2026-06-08T21:45:40+0200,2c10495a-697a-4f81-9dc4-3022854a0ce3,2026-05-13T08:45:00Z,2026-05-13T10:45:00+0200,10382.57,MW,BE,BE,actual_load,Actual Load,2026-06-08T19:45:53Z
2026-06-08T19:45:40Z,2026-06-08T21:45:40+0200,2c10495a-697a-4f81-9dc4-3022854a0ce3,2026-05-13T09:00:00Z,2026-05-13T11:00:00+0200,10465.14,MW,BE,BE,actual_load,Actual Load,2026-06-08T19:45:53Z
2026-06-08T19:45:40Z,2026-06-08T21:45:40+0200,2c10495a-697a-4f81-9dc4-3022854a0ce3,2026-05-13T09:15:00Z,2026-05-13T11:15:00+0200,10466.9,MW,BE,BE,actual_load,Actual Load,2026-06-08T19:45:53Z
2026-06-08T19:45:40Z,2026-06-08T21:45:40+0200,2c10495a-697a-4f81-9dc4-3022854a0ce3,2026-05-13T09:30:00Z,2026-05-13T11:30:00+0200,10464.18,MW,BE,BE,actual_load,Actual Load,2026-06-08T19:45:53Z
2026-06-08T19:45:40Z,2026-06-08T21:45:40+0200,2c10495a-697a-4f81-9dc4-3022854a0ce3,2026-05-13T09:45:00Z,2026-05-13T11:45:00+0200,10468.3,MW,BE,BE,actual_load,Actual Load,2026-06-08T19:45:53Z
2026-06-08T19:45:40Z,2026-06-08T21:45:40+0200,2c10495a-697a-4f81-9dc4-3022854a0ce3,2026-05-13T10:00:00Z,2026-05-13T12:00:00+0200,10315.76,MW,BE,BE,actual_load,Actual Load,2026-06-08T19:45:53Z
2026-06-08T19:45:40Z,2026-06-08T21:45:40+0200,2c10495a-697a-4f81-9dc4-3022854a0ce3,2026-05-13T10:15:00Z,2026-05-13T12:15:00+0200,10328.12,MW,BE,BE,actual_load,Actual Load,2026-06-08T19:45:53Z
2026-06-08T19:45:40Z,2026-06-08T21:45:40+0200,2c10495a-697a-4f81-9dc4-3022854a0ce3,2026-05-13T10:30:00Z,2026-05-13T12:30:00+0200,10146.6,MW,BE,BE,actual_load,Actual Load,2026-06-08T19:45:53Z
2026-06-08T19:45:40Z,2026-06-08T21:45:40+0200,2c10495a-697a-4f81-9dc4-3022854a0ce3,2026-05-13T10:45:00Z,2026-05-13T12:45:00+0200,10386.39,MW,BE,BE,actual_load,Actual Load,2026-06-08T19:45:53Z
2026-06-08T19:45:40Z,2026-06-08T21:45:40+0200,2c10495a-697a-4f81-9dc4-3022854a0ce3,2026-05-13T11:00:00Z,2026-05-13T13:00:00+0200,10461.72,MW,BE,BE,actual_load,Actual Load,2026-06-08T19:45:53Z
2026-06-08T19:45:40Z,2026-06-08T21:45:40+0200,2c10495a-697a-4f81-9dc4-3022854a0ce3,2026-05-13T11:15:00Z,2026-05-13T13:15:00+0200,10531.46,MW,BE,BE,actual_load,Actual Load,2026-06-08T19:45:53Z
2026-06-08T19:45:40Z,2026-06-08T21:45:40+0200,2c10495a-697a-4f81-9dc4-3022854a0ce3,2026-05-13T11:30:00Z,2026-05-13T13:30:00+0200,10408.66,MW,BE,BE,actual_load,Actual Load,2026-06-08T19:45:53Z
2026-06-08T19:45:40Z,2026-06-08T21:45:40+0200,2c10495a-697a-4f81-9dc4-3022854a0ce3,2026-05-13T11:45:00Z,2026-05-13T13:45:00+0200,10487.95,MW,BE,BE,actual_load,Actual Load,2026-06-08T19:45:53Z
2026-06-08T19:45:40Z,2026-06-08T21:45:40+0200,2c10495a-697a-4f81-9dc4-3022854a0ce3,2026-05-13T12:00:00Z,2026-05-13T14:00:00+0200,10601.89,MW,BE,BE,actual_load,Actual Load,2026-06-08T19:45:53Z
2026-06-08T19:45:40Z,2026-06-08T21:45:40+0200,2c10495a-697a-4f81-9dc4-3022854a0ce3,2026-05-13T12:15:00Z,2026-05-13T14:15:00+0200,10573.38,MW,BE,BE,actual_load,Actual Load,2026-06-08T19:45:53Z
2026-06-08T19:45:40Z,2026-06-08T21:45:40+0200,2c10495a-697a-4f81-9dc4-3022854a0ce3,2026-05-13T12:30:00Z,2026-05-13T14:30:00+0200,10597.43,MW,BE,BE,actual_load,Actual Load,2026-06-08T19:45:53Z
2026-06-08T19:45:40Z,2026-06-08T21:45:40+0200,2c10495a-697a-4f81-9dc4-3022854a0ce3,2026-05-13T12:45:00Z,2026-05-13T14:45:00+0200,10555.86,MW,BE,BE,actual_load,Actual Load,2026-06-08T19:45:53Z
2026-06-08T19:45:40Z,2026-06-08T21:45:40+0200,2c10495a-697a-4f81-9dc4-3022854a0ce3,2026-05-13T13:00:00Z,2026-05-13T15:00:00+0200,10386.76,MW,BE,BE,actual_load,Actual Load,2026-06-08T19:45:53Z
2026-06-08T19:45:40Z,2026-06-08T21:45:40+0200,2c10495a-697a-4f81-9dc4-3022854a0ce3,2026-05-13T13:15:00Z,2026-05-13T15:15:00+0200,10232.99,MW,BE,BE,actual_load,Actual Load,2026-06-08T19:45:53Z
2026-06-08T19:45:40Z,2026-06-08T21:45:40+0200,2c10495a-697a-4f81-9dc4-3022854a0ce3,2026-05-13T13:30:00Z,2026-05-13T15:30:00+0200,10159.17,MW,BE,BE,actual_load,Actual Load,2026-06-08T19:45:53Z
2026-06-08T19:45:40Z,2026-06-08T21:45:40+0200,2c10495a-697a-4f81-9dc4-3022854a0ce3,2026-05-13T13:45:00Z,2026-05-13T15:45:00+0200,9927.37,MW,BE,BE,actual_load,Actual Load,2026-06-08T19:45:53Z
2026-06-08T19:45:40Z,2026-06-08T21:45:40+0200,2c10495a-697a-4f81-9dc4-3022854a0ce3,2026-05-13T14:00:00Z,2026-05-13T16:00:00+0200,9660.7,MW,BE,BE,actual_load,Actual Load,2026-06-08T19:45:53Z
2026-06-08T19:45:40Z,2026-06-08T21:45:40+0200,2c10495a-697a-4f81-9dc4-3022854a0ce3,2026-05-13T14:15:00Z,2026-05-13T16:15:00+0200,9662.89,MW,BE,BE,actual_load,Actual Load,2026-06-08T19:45:53Z
2026-06-08T19:45:40Z,2026-06-08T21:45:40+0200,2c10495a-697a-4f81-9dc4-3022854a0ce3,2026-05-13T14:30:00Z,2026-05-13T16:30:00+0200,9737.69,MW,BE,BE,actual_load,Actual Load,2026-06-08T19:45:53Z
2026-06-08T19:45:40Z,2026-06-08T21:45:40+0200,2c10495a-697a-4f81-9dc4-3022854a0ce3,2026-05-13T14:45:00Z,2026-05-13T16:45:00+0200,9735.1,MW,BE,BE,actual_load,Actual Load,2026-06-08T19:45:53Z
2026-06-08T19:45:40Z,2026-06-08T21:45:40+0200,2c10495a-697a-4f81-9dc4-3022854a0ce3,2026-05-13T15:00:00Z,2026-05-13T17:00:00+0200,9685.11,MW,BE,BE,actual_load,Actual Load,2026-06-08T19:45:53Z
2026-06-08T19:45:40Z,2026-06-08T21:45:40+0200,2c10495a-697a-4f81-9dc4-3022854a0ce3,2026-05-13T15:15:00Z,2026-05-13T17:15:00+0200,9450.87,MW,BE,BE,actual_load,Actual Load,2026-06-08T19:45:53Z
2026-06-08T19:45:40Z,2026-06-08T21:45:40+0200,2c10495a-697a-4f81-9dc4-3022854a0ce3,2026-05-13T15:30:00Z,2026-05-13T17:30:00+0200,9555.91,MW,BE,BE,actual_load,Actual Load,2026-06-08T19:45:53Z
2026-06-08T19:45:40Z,2026-06-08T21:45:40+0200,2c10495a-697a-4f81-9dc4-3022854a0ce3,2026-05-13T15:45:00Z,2026-05-13T17:45:00+0200,9542.8,MW,BE,BE,actual_load,Actual Load,2026-06-08T19:45:53Z
2026-06-08T19:45:40Z,2026-06-08T21:45:40+0200,2c10495a-697a-4f81-9dc4-3022854a0ce3,2026-05-13T16:00:00Z,2026-05-13T18:00:00+0200,9558.45,MW,BE,BE,actual_load,Actual Load,2026-06-08T19:45:53Z
2026-06-08T19:45:40Z,2026-06-08T21:45:40+0200,2c10495a-697a-4f81-9dc4-3022854a0ce3,2026-05-13T16:15:00Z,2026-05-13T18:15:00+0200,9697.54,MW,BE,BE,actual_load,Actual Load,2026-06-08T19:45:53Z
2026-06-08T19:45:40Z,2026-06-08T21:45:40+0200,2c10495a-697a-4f81-9dc4-3022854a0ce3,2026-05-13T16:30:00Z,2026-05-13T18:30:00+0200,9809.23,MW,BE,BE,actual_load,Actual Load,2026-06-08T19:45:53Z
2026-06-08T19:45:40Z,2026-06-08T21:45:40+0200,2c10495a-697a-4f81-9dc4-3022854a0ce3,2026-05-13T16:45:00Z,2026-05-13T18:45:00+0200,9896.93,MW,BE,BE,actual_load,Actual Load,2026-06-08T19:45:53Z
2026-06-08T19:45:40Z,2026-06-08T21:45:40+0200,2c10495a-697a-4f81-9dc4-3022854a0ce3,2026-05-13T17:00:00Z,2026-05-13T19:00:00+0200,10057.44,MW,BE,BE,actual_load,Actual Load,2026-06-08T19:45:53Z
2026-06-08T19:45:40Z,2026-06-08T21:45:40+0200,2c10495a-697a-4f81-9dc4-3022854a0ce3,2026-05-13T17:15:00Z,2026-05-13T19:15:00+0200,10022.11,MW,BE,BE,actual_load,Actual Load,2026-06-08T19:45:53Z
2026-06-08T19:45:40Z,2026-06-08T21:45:40+0200,2c10495a-697a-4f81-9dc4-3022854a0ce3,2026-05-13T17:30:00Z,2026-05-13T19:30:00+0200,10079.67,MW,BE,BE,actual_load,Actual Load,2026-06-08T19:45:53Z
2026-06-08T19:45:40Z,2026-06-08T21:45:40+0200,2c10495a-697a-4f81-9dc4-3022854a0ce3,2026-05-13T17:45:00Z,2026-05-13T19:45:00+0200,10052.08,MW,BE,BE,actual_load,Actual Load,2026-06-08T19:45:53Z
2026-06-08T19:45:40Z,2026-06-08T21:45:40+0200,2c10495a-697a-4f81-9dc4-3022854a0ce3,2026-05-13T18:00:00Z,2026-05-13T20:00:00+0200,9771.64,MW,BE,BE,actual_load,Actual Load,2026-06-08T19:45:53Z
2026-06-08T19:45:40Z,2026-06-08T21:45:40+0200,2c10495a-697a-4f81-9dc4-3022854a0ce3,2026-05-13T18:15:00Z,2026-05-13T20:15:00+0200,9852.44,MW,BE,BE,actual_load,Actual Load,2026-06-08T19:45:53Z
2026-06-08T19:45:40Z,2026-06-08T21:45:40+0200,2c10495a-697a-4f81-9dc4-3022854a0ce3,2026-05-13T18:30:00Z,2026-05-13T20:30:00+0200,9708.78,MW,BE,BE,actual_load,Actual Load,2026-06-08T19:45:53Z
2026-06-08T19:45:40Z,2026-06-08T21:45:40+0200,2c10495a-697a-4f81-9dc4-3022854a0ce3,2026-05-13T18:45:00Z,2026-05-13T20:45:00+0200,9485.72,MW,BE,BE,actual_load,Actual Load,2026-06-08T19:45:53Z
2026-06-08T19:45:40Z,2026-06-08T21:45:40+0200,2c10495a-697a-4f81-9dc4-3022854a0ce3,2026-05-13T19:00:00Z,2026-05-13T21:00:00+0200,9269.35,MW,BE,BE,actual_load,Actual Load,2026-06-08T19:45:53Z
2026-06-08T19:45:40Z,2026-06-08T21:45:40+0200,2c10495a-697a-4f81-9dc4-3022854a0ce3,2026-05-13T19:15:00Z,2026-05-13T21:15:00+0200,9119.91,MW,BE,BE,actual_load,Actual Load,2026-06-08T19:45:53Z
2026-06-08T19:45:40Z,2026-06-08T21:45:40+0200,2c10495a-697a-4f81-9dc4-3022854a0ce3,2026-05-13T19:30:00Z,2026-05-13T21:30:00+0200,9162.18,MW,BE,BE,actual_load,Actual Load,2026-06-08T19:45:53Z
2026-06-08T19:45:40Z,2026-06-08T21:45:40+0200,2c10495a-697a-4f81-9dc4-3022854a0ce3,2026-05-13T19:45:00Z,2026-05-13T21:45:00+0200,9108.65,MW,BE,BE,actual_load,Actual Load,2026-06-08T19:45:53Z
2026-06-08T19:45:40Z,2026-06-08T21:45:40+0200,2c10495a-697a-4f81-9dc4-3022854a0ce3,2026-05-13T20:00:00Z,2026-05-13T22:00:00+0200,9046.52,MW,BE,BE,actual_load,Actual Load,2026-06-08T19:45:53Z
2026-06-08T19:45:40Z,2026-06-08T21:45:40+0200,2c10495a-697a-4f81-9dc4-3022854a0ce3,2026-05-13T20:15:00Z,2026-05-13T22:15:00+0200,9134.72,MW,BE,BE,actual_load,Actual Load,2026-06-08T19:45:53Z
2026-06-08T19:45:40Z,2026-06-08T21:45:40+0200,2c10495a-697a-4f81-9dc4-3022854a0ce3,2026-05-13T20:30:00Z,2026-05-13T22:30:00+0200,9030.21,MW,BE,BE,actual_load,Actual Load,2026-06-08T19:45:53Z
2026-06-08T19:45:40Z,2026-06-08T21:45:40+0200,2c10495a-697a-4f81-9dc4-3022854a0ce3,2026-05-13T20:45:00Z,2026-05-13T22:45:00+0200,8951.11,MW,BE,BE,actual_load,Actual Load,2026-06-08T19:45:53Z
2026-06-08T19:45:40Z,2026-06-08T21:45:40+0200,2c10495a-697a-4f81-9dc4-3022854a0ce3,2026-05-13T21:00:00Z,2026-05-13T23:00:00+0200,8970.45,MW,BE,BE,actual_load,Actual Load,2026-06-08T19:45:53Z
2026-06-08T19:45:40Z,2026-06-08T21:45:40+0200,2c10495a-697a-4f81-9dc4-3022854a0ce3,2026-05-13T21:15:00Z,2026-05-13T23:15:00+0200,8922.95,MW,BE,BE,actual_load,Actual Load,2026-06-08T19:45:53Z
2026-06-08T19:45:40Z,2026-06-08T21:45:40+0200,2c10495a-697a-4f81-9dc4-3022854a0ce3,2026-05-13T21:30:00Z,2026-05-13T23:30:00+0200,8839.78,MW,BE,BE,actual_load,Actual Load,2026-06-08T19:45:53Z
2026-06-08T19:45:40Z,2026-06-08T21:45:40+0200,2c10495a-697a-4f81-9dc4-3022854a0ce3,2026-05-13T21:45:00Z,2026-05-13T23:45:00+0200,8718.95,MW,BE,BE,actual_load,Actual Load,2026-06-08T19:45:53Z
2026-06-08T19:45:40Z,2026-06-08T21:45:40+0200,2c10495a-697a-4f81-9dc4-3022854a0ce3,2026-05-13T22:00:00Z,2026-05-14T00:00:00+0200,8462.1,MW,BE,BE,actual_load,Actual Load,2026-06-08T19:45:53Z
2026-06-08T19:45:40Z,2026-06-08T21:45:40+0200,2c10495a-697a-4f81-9dc4-3022854a0ce3,2026-05-13T22:15:00Z,2026-05-14T00:15:00+0200,8183.82,MW,BE,BE,actual_load,Actual Load,2026-06-08T19:45:53Z
2026-06-08T19:45:40Z,2026-06-08T21:45:40+0200,2c10495a-697a-4f81-9dc4-3022854a0ce3,2026-05-13T22:30:00Z,2026-05-14T00:30:00+0200,8160.94,MW,BE,BE,actual_load,Actual Load,2026-06-08T19:45:53Z
2026-06-08T19:45:40Z,2026-06-08T21:45:40+0200,2c10495a-697a-4f81-9dc4-3022854a0ce3,2026-05-13T22:45:00Z,2026-05-14T00:45:00+0200,8022.5,MW,BE,BE,actual_load,Actual Load,2026-06-08T19:45:53Z
2026-06-08T19:45:40Z,2026-06-08T21:45:40+0200,2c10495a-697a-4f81-9dc4-3022854a0ce3,2026-05-13T23:00:00Z,2026-05-14T01:00:00+0200,8130.39,MW,BE,BE,actual_load,Actual Load,2026-06-08T19:45:53Z
2026-06-08T19:45:40Z,2026-06-08T21:45:40+0200,2c10495a-697a-4f81-9dc4-3022854a0ce3,2026-05-13T23:15:00Z,2026-05-14T01:15:00+0200,8043.33,MW,BE,BE,actual_load,Actual Load,2026-06-08T19:45:53Z
2026-06-08T19:45:40Z,2026-06-08T21:45:40+0200,2c10495a-697a-4f81-9dc4-3022854a0ce3,2026-05-13T23:30:00Z,2026-05-14T01:30:00+0200,7956.23,MW,BE,BE,actual_load,Actual Load,2026-06-08T19:45:53Z
2026-06-08T19:45:40Z,2026-06-08T21:45:40+0200,2c10495a-697a-4f81-9dc4-3022854a0ce3,2026-05-13T23:45:00Z,2026-05-14T01:45:00+0200,7993.29,MW,BE,BE,actual_load,Actual Load,2026-06-08T19:45:53Z
2026-06-08T19:45:40Z,2026-06-08T21:45:40+0200,2c10495a-697a-4f81-9dc4-3022854a0ce3,2026-05-14T00:00:00Z,2026-05-14T02:00:00+0200,7857.88,MW,BE,BE,actual_load,Actual Load,2026-06-08T19:45:53Z
2026-06-08T19:45:40Z,2026-06-08T21:45:40+0200,2c10495a-697a-4f81-9dc4-3022854a0ce3,2026-05-14T00:15:00Z,2026-05-14T02:15:00+0200,7781.76,MW,BE,BE,actual_load,Actual Load,2026-06-08T19:45:53Z
2026-06-08T19:45:40Z,2026-06-08T21:45:40+0200,2c10495a-697a-4f81-9dc4-3022854a0ce3,2026-05-14T00:30:00Z,2026-05-14T02:30:00+0200,7786.19,MW,BE,BE,actual_load,Actual Load,2026-06-08T19:45:53Z
2026-06-08T19:45:40Z,2026-06-08T21:45:40+0200,2c10495a-697a-4f81-9dc4-3022854a0ce3,2026-05-14T00:45:00Z,2026-05-14T02:45:00+0200,7715.43,MW,BE,BE,actual_load,Actual Load,2026-06-08T19:45:53Z
2026-06-08T19:45:40Z,2026-06-08T21:45:40+0200,2c10495a-697a-4f81-9dc4-3022854a0ce3,2026-05-14T01:00:00Z,2026-05-14T03:00:00+0200,7632.06,MW,BE,BE,actual_load,Actual Load,2026-06-08T19:45:53Z
2026-06-08T19:45:40Z,2026-06-08T21:45:40+0200,2c10495a-697a-4f81-9dc4-3022854a0ce3,2026-05-14T01:15:00Z,2026-05-14T03:15:00+0200,7667.01,MW,BE,BE,actual_load,Actual Load,2026-06-08T19:45:53Z
2026-06-08T19:45:40Z,2026-06-08T21:45:40+0200,2c10495a-697a-4f81-9dc4-3022854a0ce3,2026-05-14T01:30:00Z,2026-05-14T03:30:00+0200,7664.7,MW,BE,BE,actual_load,Actual Load,2026-06-08T19:45:53Z
2026-06-08T19:45:40Z,2026-06-08T21:45:40+0200,2c10495a-697a-4f81-9dc4-3022854a0ce3,2026-05-14T01:45:00Z,2026-05-14T03:45:00+0200,7607.39,MW,BE,BE,actual_load,Actual Load,2026-06-08T19:45:53Z
2026-06-08T19:45:40Z,2026-06-08T21:45:40+0200,2c10495a-697a-4f81-9dc4-3022854a0ce3,2026-05-14T02:00:00Z,2026-05-14T04:00:00+0200,7640.96,MW,BE,BE,actual_load,Actual Load,2026-06-08T19:45:53Z
2026-06-08T19:45:40Z,2026-06-08T21:45:40+0200,2c10495a-697a-4f81-9dc4-3022854a0ce3,2026-05-14T02:15:00Z,2026-05-14T04:15:00+0200,7592.93,MW,BE,BE,actual_load,Actual Load,2026-06-08T19:45:53Z
2026-06-08T19:45:40Z,2026-06-08T21:45:40+0200,2c10495a-697a-4f81-9dc4-3022854a0ce3,2026-05-14T02:30:00Z,2026-05-14T04:30:00+0200,7558.33,MW,BE,BE,actual_load,Actual Load,2026-06-08T19:45:53Z
2026-06-08T19:45:40Z,2026-06-08T21:45:40+0200,2c10495a-697a-4f81-9dc4-3022854a0ce3,2026-05-14T02:45:00Z,2026-05-14T04:45:00+0200,7557.86,MW,BE,BE,actual_load,Actual Load,2026-06-08T19:45:53Z
2026-06-08T19:45:40Z,2026-06-08T21:45:40+0200,2c10495a-697a-4f81-9dc4-3022854a0ce3,2026-05-14T03:00:00Z,2026-05-14T05:00:00+0200,7575.45,MW,BE,BE,actual_load,Actual Load,2026-06-08T19:45:53Z
2026-06-08T19:45:40Z,2026-06-08T21:45:40+0200,2c10495a-697a-4f81-9dc4-3022854a0ce3,2026-05-14T03:15:00Z,2026-05-14T05:15:00+0200,7679.45,MW,BE,BE,actual_load,Actual Load,2026-06-08T19:45:53Z
2026-06-08T19:45:40Z,2026-06-08T21:45:40+0200,2c10495a-697a-4f81-9dc4-3022854a0ce3,2026-05-14T03:30:00Z,2026-05-14T05:30:00+0200,7679.62,MW,BE,BE,actual_load,Actual Load,2026-06-08T19:45:53Z
2026-06-08T19:45:40Z,2026-06-08T21:45:40+0200,2c10495a-697a-4f81-9dc4-3022854a0ce3,2026-05-14T03:45:00Z,2026-05-14T05:45:00+0200,7583.1,MW,BE,BE,actual_load,Actual Load,2026-06-08T19:45:53Z
2026-06-08T19:45:40Z,2026-06-08T21:45:40+0200,2c10495a-697a-4f81-9dc4-3022854a0ce3,2026-05-14T04:00:00Z,2026-05-14T06:00:00+0200,7629.28,MW,BE,BE,actual_load,Actual Load,2026-06-08T19:45:53Z
2026-06-08T19:45:40Z,2026-06-08T21:45:40+0200,2c10495a-697a-4f81-9dc4-3022854a0ce3,2026-05-14T04:15:00Z,2026-05-14T06:15:00+0200,7724.11,MW,BE,BE,actual_load,Actual Load,2026-06-08T19:45:53Z
2026-06-08T19:45:40Z,2026-06-08T21:45:40+0200,2c10495a-697a-4f81-9dc4-3022854a0ce3,2026-05-14T04:30:00Z,2026-05-14T06:30:00+0200,7796.9,MW,BE,BE,actual_load,Actual Load,2026-06-08T19:45:53Z
2026-06-08T19:45:40Z,2026-06-08T21:45:40+0200,2c10495a-697a-4f81-9dc4-3022854a0ce3,2026-05-14T04:45:00Z,2026-05-14T06:45:00+0200,7811.55,MW,BE,BE,actual_load,Actual Load,2026-06-08T19:45:53Z
2026-06-08T19:45:40Z,2026-06-08T21:45:40+0200,2c10495a-697a-4f81-9dc4-3022854a0ce3,2026-05-14T05:00:00Z,2026-05-14T07:00:00+0200,7626.02,MW,BE,BE,actual_load,Actual Load,2026-06-08T19:45:53Z
2026-06-08T19:45:40Z,2026-06-08T21:45:40+0200,2c10495a-697a-4f81-9dc4-3022854a0ce3,2026-05-14T05:15:00Z,2026-05-14T07:15:00+0200,7543.61,MW,BE,BE,actual_load,Actual Load,2026-06-08T19:45:53Z
2026-06-08T19:45:40Z,2026-06-08T21:45:40+0200,2c10495a-697a-4f81-9dc4-3022854a0ce3,2026-05-14T05:30:00Z,2026-05-14T07:30:00+0200,7707.31,MW,BE,BE,actual_load,Actual Load,2026-06-08T19:45:53Z
2026-06-08T19:45:40Z,2026-06-08T21:45:40+0200,2c10495a-697a-4f81-9dc4-3022854a0ce3,2026-05-14T05:45:00Z,2026-05-14T07:45:00+0200,7885.98,MW,BE,BE,actual_load,Actual Load,2026-06-08T19:45:53Z
2026-06-08T19:45:40Z,2026-06-08T21:45:40+0200,2c10495a-697a-4f81-9dc4-3022854a0ce3,2026-05-14T06:00:00Z,2026-05-14T08:00:00+0200,7963.0,MW,BE,BE,actual_load,Actual Load,2026-06-08T19:45:53Z
2026-06-08T19:45:40Z,2026-06-08T21:45:40+0200,2c10495a-697a-4f81-9dc4-3022854a0ce3,2026-05-14T06:15:00Z,2026-05-14T08:15:00+0200,8097.08,MW,BE,BE,actual_load,Actual Load,2026-06-08T19:45:53Z
2026-06-08T19:45:40Z,2026-06-08T21:45:40+0200,2c10495a-697a-4f81-9dc4-3022854a0ce3,2026-05-14T06:30:00Z,2026-05-14T08:30:00+0200,8097.4,MW,BE,BE,actual_load,Actual Load,2026-06-08T19:45:53Z
2026-06-08T19:45:40Z,2026-06-08T21:45:40+0200,2c10495a-697a-4f81-9dc4-3022854a0ce3,2026-05-14T06:45:00Z,2026-05-14T08:45:00+0200,8200.47,MW,BE,BE,actual_load,Actual Load,2026-06-08T19:45:53Z
2026-06-08T19:45:40Z,2026-06-08T21:45:40+0200,2c10495a-697a-4f81-9dc4-3022854a0ce3,2026-05-14T07:00:00Z,2026-05-14T09:00:00+0200,8345.12,MW,BE,BE,actual_load,Actual Load,2026-06-08T19:45:53Z
2026-06-08T19:45:40Z,2026-06-08T21:45:40+0200,2c10495a-697a-4f81-9dc4-3022854a0ce3,2026-05-14T07:15:00Z,2026-05-14T09:15:00+0200,8464.27,MW,BE,BE,actual_load,Actual Load,2026-06-08T19:45:53Z
2026-06-08T19:45:40Z,2026-06-08T21:45:40+0200,2c10495a-697a-4f81-9dc4-3022854a0ce3,2026-05-14T07:30:00Z,2026-05-14T09:30:00+0200,8578.08,MW,BE,BE,actual_load,Actual Load,2026-06-08T19:45:53Z
2026-06-08T19:45:40Z,2026-06-08T21:45:40+0200,2c10495a-697a-4f81-9dc4-3022854a0ce3,2026-05-14T07:45:00Z,2026-05-14T09:45:00+0200,8847.17,MW,BE,BE,actual_load,Actual Load,2026-06-08T19:45:53Z
2026-06-08T19:45:40Z,2026-06-08T21:45:40+0200,2c10495a-697a-4f81-9dc4-3022854a0ce3,2026-05-14T08:00:00Z,2026-05-14T10:00:00+0200,8859.93,MW,BE,BE,actual_load,Actual Load,2026-06-08T19:45:53Z
2026-06-08T19:45:40Z,2026-06-08T21:45:40+0200,2c10495a-697a-4f81-9dc4-3022854a0ce3,2026-05-14T08:15:00Z,2026-05-14T10:15:00+0200,9009.15,MW,BE,BE,actual_load,Actual Load,2026-06-08T19:45:53Z
2026-06-08T19:45:40Z,2026-06-08T21:45:40+0200,2c10495a-697a-4f81-9dc4-3022854a0ce3,2026-05-14T08:30:00Z,2026-05-14T10:30:00+0200,9044.3,MW,BE,BE,actual_load,Actual Load,2026-06-08T19:45:53Z
2026-06-08T19:45:40Z,2026-06-08T21:45:40+0200,2c10495a-697a-4f81-9dc4-3022854a0ce3,2026-05-14T08:45:00Z,2026-05-14T10:45:00+0200,8986.22,MW,BE,BE,actual_load,Actual Load,2026-06-08T19:45:53Z
2026-06-08T19:45:40Z,2026-06-08T21:45:40+0200,2c10495a-697a-4f81-9dc4-3022854a0ce3,2026-05-14T09:00:00Z,2026-05-14T11:00:00+0200,9080.8,MW,BE,BE,actual_load,Actual Load,2026-06-08T19:45:53Z
2026-06-08T19:45:40Z,2026-06-08T21:45:40+0200,2c10495a-697a-4f81-9dc4-3022854a0ce3,2026-05-14T09:15:00Z,2026-05-14T11:15:00+0200,9232.7,MW,BE,BE,actual_load,Actual Load,2026-06-08T19:45:53Z
2026-06-08T19:45:40Z,2026-06-08T21:45:40+0200,2c10495a-697a-4f81-9dc4-3022854a0ce3,2026-05-14T09:30:00Z,2026-05-14T11:30:00+0200,9395.74,MW,BE,BE,actual_load,Actual Load,2026-06-08T19:45:53Z
2026-06-08T19:45:40Z,2026-06-08T21:45:40+0200,2c10495a-697a-4f81-9dc4-3022854a0ce3,2026-05-14T09:45:00Z,2026-05-14T11:45:00+0200,9318.44,MW,BE,BE,actual_load,Actual Load,2026-06-08T19:45:53Z
2026-06-08T19:45:40Z,2026-06-08T21:45:40+0200,2c10495a-697a-4f81-9dc4-3022854a0ce3,2026-05-14T10:00:00Z,2026-05-14T12:00:00+0200,9299.77,MW,BE,BE,actual_load,Actual Load,2026-06-08T19:45:53Z
2026-06-08T19:45:40Z,2026-06-08T21:45:40+0200,2c10495a-697a-4f81-9dc4-3022854a0ce3,2026-05-14T10:15:00Z,2026-05-14T12:15:00+0200,9288.63,MW,BE,BE,actual_load,Actual Load,2026-06-08T19:45:53Z
2026-06-08T19:45:40Z,2026-06-08T21:45:40+0200,2c10495a-697a-4f81-9dc4-3022854a0ce3,2026-05-14T10:30:00Z,2026-05-14T12:30:00+0200,9258.81,MW,BE,BE,actual_load,Actual Load,2026-06-08T19:45:53Z
2026-06-08T19:45:40Z,2026-06-08T21:45:40+0200,2c10495a-697a-4f81-9dc4-3022854a0ce3,2026-05-14T10:45:00Z,2026-05-14T12:45:00+0200,9202.4,MW,BE,BE,actual_load,Actual Load,2026-06-08T19:45:53Z
2026-06-08T19:45:40Z,2026-06-08T21:45:40+0200,2c10495a-697a-4f81-9dc4-3022854a0ce3,2026-05-14T11:00:00Z,2026-05-14T13:00:00+0200,9106.45,MW,BE,BE,actual_load,Actual Load,2026-06-08T19:45:53Z
2026-06-08T19:45:40Z,2026-06-08T21:45:40+0200,2c10495a-697a-4f81-9dc4-3022854a0ce3,2026-05-14T11:15:00Z,2026-05-14T13:15:00+0200,9129.66,MW,BE,BE,actual_load,Actual Load,2026-06-08T19:45:53Z
2026-06-08T19:45:40Z,2026-06-08T21:45:40+0200,2c10495a-697a-4f81-9dc4-3022854a0ce3,2026-05-14T11:30:00Z,2026-05-14T13:30:00+0200,9168.09,MW,BE,BE,actual_load,Actual Load,2026-06-08T19:45:53Z
2026-06-08T19:45:40Z,2026-06-08T21:45:40+0200,2c10495a-697a-4f81-9dc4-3022854a0ce3,2026-05-14T11:45:00Z,2026-05-14T13:45:00+0200,9153.52,MW,BE,BE,actual_load,Actual Load,2026-06-08T19:45:53Z
2026-06-08T19:45:40Z,2026-06-08T21:45:40+0200,2c10495a-697a-4f81-9dc4-3022854a0ce3,2026-05-14T12:00:00Z,2026-05-14T14:00:00+0200,9052.73,MW,BE,BE,actual_load,Actual Load,2026-06-08T19:45:53Z
2026-06-08T19:45:40Z,2026-06-08T21:45:40+0200,2c10495a-697a-4f81-9dc4-3022854a0ce3,2026-05-14T12:15:00Z,2026-05-14T14:15:00+0200,9041.63,MW,BE,BE,actual_load,Actual Load,2026-06-08T19:45:53Z
2026-06-08T19:45:40Z,2026-06-08T21:45:40+0200,2c10495a-697a-4f81-9dc4-3022854a0ce3,2026-05-14T12:30:00Z,2026-05-14T14:30:00+0200,9271.42,MW,BE,BE,actual_load,Actual Load,2026-06-08T19:45:53Z
2026-06-08T19:45:40Z,2026-06-08T21:45:40+0200,2c10495a-697a-4f81-9dc4-3022854a0ce3,2026-05-14T12:45:00Z,2026-05-14T14:45:00+0200,9248.89,MW,BE,BE,actual_load,Actual Load,2026-06-08T19:45:53Z
2026-06-08T19:45:40Z,2026-06-08T21:45:40+0200,2c10495a-697a-4f81-9dc4-3022854a0ce3,2026-05-14T13:00:00Z,2026-05-14T15:00:00+0200,9237.62,MW,BE,BE,actual_load,Actual Load,2026-06-08T19:45:53Z
2026-06-08T19:45:40Z,2026-06-08T21:45:40+0200,2c10495a-697a-4f81-9dc4-3022854a0ce3,2026-05-14T13:15:00Z,2026-05-14T15:15:00+0200,8889.92,MW,BE,BE,actual_load,Actual Load,2026-06-08T19:45:53Z
2026-06-08T19:45:40Z,2026-06-08T21:45:40+0200,2c10495a-697a-4f81-9dc4-3022854a0ce3,2026-05-14T13:30:00Z,2026-05-14T15:30:00+0200,8656.48,MW,BE,BE,actual_load,Actual Load,2026-06-08T19:45:53Z
2026-06-08T19:45:40Z,2026-06-08T21:45:40+0200,2c10495a-697a-4f81-9dc4-3022854a0ce3,2026-05-14T13:45:00Z,2026-05-14T15:45:00+0200,8397.6,MW,BE,BE,actual_load,Actual Load,2026-06-08T19:45:53Z
2026-06-08T19:45:40Z,2026-06-08T21:45:40+0200,2c10495a-697a-4f81-9dc4-3022854a0ce3,2026-05-14T14:00:00Z,2026-05-14T16:00:00+0200,8380.53,MW,BE,BE,actual_load,Actual Load,2026-06-08T19:45:53Z
2026-06-08T19:45:40Z,2026-06-08T21:45:40+0200,2c10495a-697a-4f81-9dc4-3022854a0ce3,2026-05-14T14:15:00Z,2026-05-14T16:15:00+0200,8253.75,MW,BE,BE,actual_load,Actual Load,2026-06-08T19:45:53Z
2026-06-08T19:45:40Z,2026-06-08T21:45:40+0200,2c10495a-697a-4f81-9dc4-3022854a0ce3,2026-05-14T14:30:00Z,2026-05-14T16:30:00+0200,8224.86,MW,BE,BE,actual_load,Actual Load,2026-06-08T19:45:53Z
2026-06-08T19:45:40Z,2026-06-08T21:45:40+0200,2c10495a-697a-4f81-9dc4-3022854a0ce3,2026-05-14T14:45:00Z,2026-05-14T16:45:00+0200,8199.72,MW,BE,BE,actual_load,Actual Load,2026-06-08T19:45:53Z
2026-06-08T19:45:40Z,2026-06-08T21:45:40+0200,2c10495a-697a-4f81-9dc4-3022854a0ce3,2026-05-14T15:00:00Z,2026-05-14T17:00:00+0200,8289.91,MW,BE,BE,actual_load,Actual Load,2026-06-08T19:45:53Z
2026-06-08T19:45:40Z,2026-06-08T21:45:40+0200,2c10495a-697a-4f81-9dc4-3022854a0ce3,2026-05-14T15:15:00Z,2026-05-14T17:15:00+0200,8274.96,MW,BE,BE,actual_load,Actual Load,2026-06-08T19:45:53Z
2026-06-08T19:45:40Z,2026-06-08T21:45:40+0200,2c10495a-697a-4f81-9dc4-3022854a0ce3,2026-05-14T15:30:00Z,2026-05-14T17:30:00+0200,8439.5,MW,BE,BE,actual_load,Actual Load,2026-06-08T19:45:53Z
2026-06-08T19:45:40Z,2026-06-08T21:45:40+0200,2c10495a-697a-4f81-9dc4-3022854a0ce3,2026-05-14T15:45:00Z,2026-05-14T17:45:00+0200,8463.1,MW,BE,BE,actual_load,Actual Load,2026-06-08T19:45:53Z
2026-06-08T19:45:40Z,2026-06-08T21:45:40+0200,2c10495a-697a-4f81-9dc4-3022854a0ce3,2026-05-14T16:00:00Z,2026-05-14T18:00:00+0200,8518.07,MW,BE,BE,actual_load,Actual Load,2026-06-08T19:45:53Z
2026-06-08T19:45:40Z,2026-06-08T21:45:40+0200,2c10495a-697a-4f81-9dc4-3022854a0ce3,2026-05-14T16:15:00Z,2026-05-14T18:15:00+0200,8578.45,MW,BE,BE,actual_load,Actual Load,2026-06-08T19:45:53Z
2026-06-08T19:45:40Z,2026-06-08T21:45:40+0200,2c10495a-697a-4f81-9dc4-3022854a0ce3,2026-05-14T16:30:00Z,2026-05-14T18:30:00+0200,8627.29,MW,BE,BE,actual_load,Actual Load,2026-06-08T19:45:53Z
2026-06-08T19:45:40Z,2026-06-08T21:45:40+0200,2c10495a-697a-4f81-9dc4-3022854a0ce3,2026-05-14T16:45:00Z,2026-05-14T18:45:00+0200,8622.62,MW,BE,BE,actual_load,Actual Load,2026-06-08T19:45:53Z
2026-06-08T19:45:40Z,2026-06-08T21:45:40+0200,2c10495a-697a-4f81-9dc4-3022854a0ce3,2026-05-14T17:00:00Z,2026-05-14T19:00:00+0200,8661.17,MW,BE,BE,actual_load,Actual Load,2026-06-08T19:45:53Z
2026-06-08T19:45:40Z,2026-06-08T21:45:40+0200,2c10495a-697a-4f81-9dc4-3022854a0ce3,2026-05-14T17:15:00Z,2026-05-14T19:15:00+0200,8717.97,MW,BE,BE,actual_load,Actual Load,2026-06-08T19:45:53Z
2026-06-08T19:45:40Z,2026-06-08T21:45:40+0200,2c10495a-697a-4f81-9dc4-3022854a0ce3,2026-05-14T17:30:00Z,2026-05-14T19:30:00+0200,8709.05,MW,BE,BE,actual_load,Actual Load,2026-06-08T19:45:53Z
2026-06-08T19:45:40Z,2026-06-08T21:45:40+0200,2c10495a-697a-4f81-9dc4-3022854a0ce3,2026-05-14T17:45:00Z,2026-05-14T19:45:00+0200,8718.25,MW,BE,BE,actual_load,Actual Load,2026-06-08T19:45:53Z
2026-06-08T19:45:40Z,2026-06-08T21:45:40+0200,2c10495a-697a-4f81-9dc4-3022854a0ce3,2026-05-14T18:00:00Z,2026-05-14T20:00:00+0200,8710.94,MW,BE,BE,actual_load,Actual Load,2026-06-08T19:45:53Z
2026-06-08T19:45:40Z,2026-06-08T21:45:40+0200,2c10495a-697a-4f81-9dc4-3022854a0ce3,2026-05-14T18:15:00Z,2026-05-14T20:15:00+0200,8640.22,MW,BE,BE,actual_load,Actual Load,2026-06-08T19:45:53Z
2026-06-08T19:45:40Z,2026-06-08T21:45:40+0200,2c10495a-697a-4f81-9dc4-3022854a0ce3,2026-05-14T18:30:00Z,2026-05-14T20:30:00+0200,8667.45,MW,BE,BE,actual_load,Actual Load,2026-06-08T19:45:53Z
2026-06-08T19:45:40Z,2026-06-08T21:45:40+0200,2c10495a-697a-4f81-9dc4-3022854a0ce3,2026-05-14T18:45:00Z,2026-05-14T20:45:00+0200,8595.16,MW,BE,BE,actual_load,Actual Load,2026-06-08T19:45:53Z
2026-06-08T19:45:40Z,2026-06-08T21:45:40+0200,2c10495a-697a-4f81-9dc4-3022854a0ce3,2026-05-14T19:00:00Z,2026-05-14T21:00:00+0200,8674.9,MW,BE,BE,actual_load,Actual Load,2026-06-08T19:45:53Z
2026-06-08T19:45:40Z,2026-06-08T21:45:40+0200,2c10495a-697a-4f81-9dc4-3022854a0ce3,2026-05-14T19:15:00Z,2026-05-14T21:15:00+0200,8637.15,MW,BE,BE,actual_load,Actual Load,2026-06-08T19:45:53Z
2026-06-08T19:45:40Z,2026-06-08T21:45:40+0200,2c10495a-697a-4f81-9dc4-3022854a0ce3,2026-05-14T19:30:00Z,2026-05-14T21:30:00+0200,8686.16,MW,BE,BE,actual_load,Actual Load,2026-06-08T19:45:53Z
2026-06-08T19:45:40Z,2026-06-08T21:45:40+0200,2c10495a-697a-4f81-9dc4-3022854a0ce3,2026-05-14T19:45:00Z,2026-05-14T21:45:00+0200,8705.27,MW,BE,BE,actual_load,Actual Load,2026-06-08T19:45:53Z
2026-06-08T19:45:40Z,2026-06-08T21:45:40+0200,2c10495a-697a-4f81-9dc4-3022854a0ce3,2026-05-14T20:00:00Z,2026-05-14T22:00:00+0200,8735.97,MW,BE,BE,actual_load,Actual Load,2026-06-08T19:45:53Z
2026-06-08T19:45:40Z,2026-06-08T21:45:40+0200,2c10495a-697a-4f81-9dc4-3022854a0ce3,2026-05-14T20:15:00Z,2026-05-14T22:15:00+0200,8702.04,MW,BE,BE,actual_load,Actual Load,2026-06-08T19:45:53Z
2026-06-08T19:45:40Z,2026-06-08T21:45:40+0200,2c10495a-697a-4f81-9dc4-3022854a0ce3,2026-05-14T20:30:00Z,2026-05-14T22:30:00+0200,8689.8,MW,BE,BE,actual_load,Actual Load,2026-06-08T19:45:53Z
2026-06-08T19:45:40Z,2026-06-08T21:45:40+0200,2c10495a-697a-4f81-9dc4-3022854a0ce3,2026-05-14T20:45:00Z,2026-05-14T22:45:00+0200,8626.83,MW,BE,BE,actual_load,Actual Load,2026-06-08T19:45:53Z
2026-06-08T19:45:40Z,2026-06-08T21:45:40+0200,2c10495a-697a-4f81-9dc4-3022854a0ce3,2026-05-14T21:00:00Z,2026-05-14T23:00:00+0200,8555.12,MW,BE,BE,actual_load,Actual Load,2026-06-08T19:45:53Z
2026-06-08T19:45:40Z,2026-06-08T21:45:40+0200,2c10495a-697a-4f81-9dc4-3022854a0ce3,2026-05-14T21:15:00Z,2026-05-14T23:15:00+0200,8418.14,MW,BE,BE,actual_load,Actual Load,2026-06-08T19:45:53Z
2026-06-08T19:45:40Z,2026-06-08T21:45:40+0200,2c10495a-697a-4f81-9dc4-3022854a0ce3,2026-05-14T21:30:00Z,2026-05-14T23:30:00+0200,8321.45,MW,BE,BE,actual_load,Actual Load,2026-06-08T19:45:53Z
2026-06-08T19:45:40Z,2026-06-08T21:45:40+0200,2c10495a-697a-4f81-9dc4-3022854a0ce3,2026-05-14T21:45:00Z,2026-05-14T23:45:00+0200,8200.73,MW,BE,BE,actual_load,Actual Load,2026-06-08T19:45:53Z
2026-06-08T19:45:40Z,2026-06-08T21:45:40+0200,2c10495a-697a-4f81-9dc4-3022854a0ce3,2026-05-14T22:00:00Z,2026-05-15T00:00:00+0200,8051.06,MW,BE,BE,actual_load,Actual Load,2026-06-08T19:45:53Z
2026-06-08T19:45:40Z,2026-06-08T21:45:40+0200,2c10495a-697a-4f81-9dc4-3022854a0ce3,2026-05-14T22:15:00Z,2026-05-15T00:15:00+0200,7907.33,MW,BE,BE,actual_load,Actual Load,2026-06-08T19:45:53Z
2026-06-08T19:45:40Z,2026-06-08T21:45:40+0200,2c10495a-697a-4f81-9dc4-3022854a0ce3,2026-05-14T22:30:00Z,2026-05-15T00:30:00+0200,7771.72,MW,BE,BE,actual_load,Actual Load,2026-06-08T19:45:53Z
2026-06-08T19:45:40Z,2026-06-08T21:45:40+0200,2c10495a-697a-4f81-9dc4-3022854a0ce3,2026-05-14T22:45:00Z,2026-05-15T00:45:00+0200,7760.29,MW,BE,BE,actual_load,Actual Load,2026-06-08T19:45:53Z
2026-06-08T19:45:40Z,2026-06-08T21:45:40+0200,2c10495a-697a-4f81-9dc4-3022854a0ce3,2026-05-14T23:00:00Z,2026-05-15T01:00:00+0200,7632.92,MW,BE,BE,actual_load,Actual Load,2026-06-08T19:45:53Z
2026-06-08T19:45:40Z,2026-06-08T21:45:40+0200,2c10495a-697a-4f81-9dc4-3022854a0ce3,2026-05-14T23:15:00Z,2026-05-15T01:15:00+0200,7640.54,MW,BE,BE,actual_load,Actual Load,2026-06-08T19:45:53Z
2026-06-08T19:45:40Z,2026-06-08T21:45:40+0200,2c10495a-697a-4f81-9dc4-3022854a0ce3,2026-05-14T23:30:00Z,2026-05-15T01:30:00+0200,7502.37,MW,BE,BE,actual_load,Actual Load,2026-06-08T19:45:53Z
2026-06-08T19:45:40Z,2026-06-08T21:45:40+0200,2c10495a-697a-4f81-9dc4-3022854a0ce3,2026-05-14T23:45:00Z,2026-05-15T01:45:00+0200,7467.18,MW,BE,BE,actual_load,Actual Load,2026-06-08T19:45:53Z
2026-06-08T19:45:40Z,2026-06-08T21:45:40+0200,2c10495a-697a-4f81-9dc4-3022854a0ce3,2026-05-15T00:00:00Z,2026-05-15T02:00:00+0200,7361.87,MW,BE,BE,actual_load,Actual Load,2026-06-08T19:45:53Z
2026-06-08T19:45:40Z,2026-06-08T21:45:40+0200,2c10495a-697a-4f81-9dc4-3022854a0ce3,2026-05-15T00:15:00Z,2026-05-15T02:15:00+0200,7275.84,MW,BE,BE,actual_load,Actual Load,2026-06-08T19:45:53Z
2026-06-08T19:45:40Z,2026-06-08T21:45:40+0200,2c10495a-697a-4f81-9dc4-3022854a0ce3,2026-05-15T00:30:00Z,2026-05-15T02:30:00+0200,7279.28,MW,BE,BE,actual_load,Actual Load,2026-06-08T19:45:53Z
2026-06-08T19:45:40Z,2026-06-08T21:45:40+0200,2c10495a-697a-4f81-9dc4-3022854a0ce3,2026-05-15T00:45:00Z,2026-05-15T02:45:00+0200,7234.35,MW,BE,BE,actual_load,Actual Load,2026-06-08T19:45:53Z
2026-06-08T19:45:40Z,2026-06-08T21:45:40+0200,2c10495a-697a-4f81-9dc4-3022854a0ce3,2026-05-15T01:00:00Z,2026-05-15T03:00:00+0200,7159.26,MW,BE,BE,actual_load,Actual Load,2026-06-08T19:45:53Z
2026-06-08T19:45:40Z,2026-06-08T21:45:40+0200,2c10495a-697a-4f81-9dc4-3022854a0ce3,2026-05-15T01:15:00Z,2026-05-15T03:15:00+0200,7203.45,MW,BE,BE,actual_load,Actual Load,2026-06-08T19:45:53Z
2026-06-08T19:45:40Z,2026-06-08T21:45:40+0200,2c10495a-697a-4f81-9dc4-3022854a0ce3,2026-05-15T01:30:00Z,2026-05-15T03:30:00+0200,7231.78,MW,BE,BE,actual_load,Actual Load,2026-06-08T19:45:53Z
2026-06-08T19:45:40Z,2026-06-08T21:45:40+0200,2c10495a-697a-4f81-9dc4-3022854a0ce3,2026-05-15T01:45:00Z,2026-05-15T03:45:00+0200,7167.91,MW,BE,BE,actual_load,Actual Load,2026-06-08T19:45:53Z
2026-06-08T19:45:40Z,2026-06-08T21:45:40+0200,2c10495a-697a-4f81-9dc4-3022854a0ce3,2026-05-15T02:00:00Z,2026-05-15T04:00:00+0200,7269.39,MW,BE,BE,actual_load,Actual Load,2026-06-08T19:45:53Z
2026-06-08T19:45:40Z,2026-06-08T21:45:40+0200,2c10495a-697a-4f81-9dc4-3022854a0ce3,2026-05-15T02:15:00Z,2026-05-15T04:15:00+0200,7221.06,MW,BE,BE,actual_load,Actual Load,2026-06-08T19:45:53Z
2026-06-08T19:45:40Z,2026-06-08T21:45:40+0200,2c10495a-697a-4f81-9dc4-3022854a0ce3,2026-05-15T02:30:00Z,2026-05-15T04:30:00+0200,7346.02,MW,BE,BE,actual_load,Actual Load,2026-06-08T19:45:53Z
2026-06-08T19:45:40Z,2026-06-08T21:45:40+0200,2c10495a-697a-4f81-9dc4-3022854a0ce3,2026-05-15T02:45:00Z,2026-05-15T04:45:00+0200,7375.06,MW,BE,BE,actual_load,Actual Load,2026-06-08T19:45:53Z
2026-06-08T19:45:40Z,2026-06-08T21:45:40+0200,2c10495a-697a-4f81-9dc4-3022854a0ce3,2026-05-15T03:00:00Z,2026-05-15T05:00:00+0200,7511.36,MW,BE,BE,actual_load,Actual Load,2026-06-08T19:45:53Z
2026-06-08T19:45:40Z,2026-06-08T21:45:40+0200,2c10495a-697a-4f81-9dc4-3022854a0ce3,2026-05-15T03:15:00Z,2026-05-15T05:15:00+0200,7541.12,MW,BE,BE,actual_load,Actual Load,2026-06-08T19:45:53Z
2026-06-08T19:45:40Z,2026-06-08T21:45:40+0200,2c10495a-697a-4f81-9dc4-3022854a0ce3,2026-05-15T03:30:00Z,2026-05-15T05:30:00+0200,7481.5,MW,BE,BE,actual_load,Actual Load,2026-06-08T19:45:53Z
2026-06-08T19:45:40Z,2026-06-08T21:45:40+0200,2c10495a-697a-4f81-9dc4-3022854a0ce3,2026-05-15T03:45:00Z,2026-05-15T05:45:00+0200,7523.26,MW,BE,BE,actual_load,Actual Load,2026-06-08T19:45:53Z
2026-06-08T19:45:40Z,2026-06-08T21:45:40+0200,2c10495a-697a-4f81-9dc4-3022854a0ce3,2026-05-15T04:00:00Z,2026-05-15T06:00:00+0200,7745.67,MW,BE,BE,actual_load,Actual Load,2026-06-08T19:45:53Z
2026-06-08T19:45:40Z,2026-06-08T21:45:40+0200,2c10495a-697a-4f81-9dc4-3022854a0ce3,2026-05-15T04:15:00Z,2026-05-15T06:15:00+0200,7852.97,MW,BE,BE,actual_load,Actual Load,2026-06-08T19:45:53Z
2026-06-08T19:45:40Z,2026-06-08T21:45:40+0200,2c10495a-697a-4f81-9dc4-3022854a0ce3,2026-05-15T04:30:00Z,2026-05-15T06:30:00+0200,8059.28,MW,BE,BE,actual_load,Actual Load,2026-06-08T19:45:53Z
2026-06-08T19:45:40Z,2026-06-08T21:45:40+0200,2c10495a-697a-4f81-9dc4-3022854a0ce3,2026-05-15T04:45:00Z,2026-05-15T06:45:00+0200,8157.06,MW,BE,BE,actual_load,Actual Load,2026-06-08T19:45:53Z
2026-06-08T19:45:40Z,2026-06-08T21:45:40+0200,2c10495a-697a-4f81-9dc4-3022854a0ce3,2026-05-15T05:00:00Z,2026-05-15T07:00:00+0200,8350.67,MW,BE,BE,actual_load,Actual Load,2026-06-08T19:45:53Z
2026-06-08T19:45:40Z,2026-06-08T21:45:40+0200,2c10495a-697a-4f81-9dc4-3022854a0ce3,2026-05-15T05:15:00Z,2026-05-15T07:15:00+0200,8465.98,MW,BE,BE,actual_load,Actual Load,2026-06-08T19:45:53Z
2026-06-08T19:45:40Z,2026-06-08T21:45:40+0200,2c10495a-697a-4f81-9dc4-3022854a0ce3,2026-05-15T05:30:00Z,2026-05-15T07:30:00+0200,8541.02,MW,BE,BE,actual_load,Actual Load,2026-06-08T19:45:53Z
2026-06-08T19:45:40Z,2026-06-08T21:45:40+0200,2c10495a-697a-4f81-9dc4-3022854a0ce3,2026-05-15T05:45:00Z,2026-05-15T07:45:00+0200,8606.86,MW,BE,BE,actual_load,Actual Load,2026-06-08T19:45:53Z
2026-06-08T19:45:40Z,2026-06-08T21:45:40+0200,2c10495a-697a-4f81-9dc4-3022854a0ce3,2026-05-15T06:00:00Z,2026-05-15T08:00:00+0200,8672.17,MW,BE,BE,actual_load,Actual Load,2026-06-08T19:45:53Z
2026-06-08T19:45:40Z,2026-06-08T21:45:40+0200,2c10495a-697a-4f81-9dc4-3022854a0ce3,2026-05-15T06:15:00Z,2026-05-15T08:15:00+0200,8788.98,MW,BE,BE,actual_load,Actual Load,2026-06-08T19:45:53Z
2026-06-08T19:45:40Z,2026-06-08T21:45:40+0200,2c10495a-697a-4f81-9dc4-3022854a0ce3,2026-05-15T06:30:00Z,2026-05-15T08:30:00+0200,9153.62,MW,BE,BE,actual_load,Actual Load,2026-06-08T19:45:53Z
2026-06-08T19:45:40Z,2026-06-08T21:45:40+0200,2c10495a-697a-4f81-9dc4-3022854a0ce3,2026-05-15T06:45:00Z,2026-05-15T08:45:00+0200,9305.16,MW,BE,BE,actual_load,Actual Load,2026-06-08T19:45:53Z
2026-06-08T19:45:40Z,2026-06-08T21:45:40+0200,2c10495a-697a-4f81-9dc4-3022854a0ce3,2026-05-15T07:00:00Z,2026-05-15T09:00:00+0200,9353.52,MW,BE,BE,actual_load,Actual Load,2026-06-08T19:45:53Z
2026-06-08T19:45:40Z,2026-06-08T21:45:40+0200,2c10495a-697a-4f81-9dc4-3022854a0ce3,2026-05-15T07:15:00Z,2026-05-15T09:15:00+0200,9236.38,MW,BE,BE,actual_load,Actual Load,2026-06-08T19:45:53Z
2026-06-08T19:45:40Z,2026-06-08T21:45:40+0200,2c10495a-697a-4f81-9dc4-3022854a0ce3,2026-05-15T07:30:00Z,2026-05-15T09:30:00+0200,9285.06,MW,BE,BE,actual_load,Actual Load,2026-06-08T19:45:53Z
2026-06-08T19:45:40Z,2026-06-08T21:45:40+0200,2c10495a-697a-4f81-9dc4-3022854a0ce3,2026-05-15T07:45:00Z,2026-05-15T09:45:00+0200,9321.76,MW,BE,BE,actual_load,Actual Load,2026-06-08T19:45:53Z
2026-06-08T19:45:40Z,2026-06-08T21:45:40+0200,2c10495a-697a-4f81-9dc4-3022854a0ce3,2026-05-15T08:00:00Z,2026-05-15T10:00:00+0200,9151.35,MW,BE,BE,actual_load,Actual Load,2026-06-08T19:45:53Z
2026-06-08T19:45:40Z,2026-06-08T21:45:40+0200,2c10495a-697a-4f81-9dc4-3022854a0ce3,2026-05-15T08:15:00Z,2026-05-15T10:15:00+0200,9219.96,MW,BE,BE,actual_load,Actual Load,2026-06-08T19:45:53Z
2026-06-08T19:45:40Z,2026-06-08T21:45:40+0200,2c10495a-697a-4f81-9dc4-3022854a0ce3,2026-05-15T08:30:00Z,2026-05-15T10:30:00+0200,9174.48,MW,BE,BE,actual_load,Actual Load,2026-06-08T19:45:53Z
2026-06-08T19:45:40Z,2026-06-08T21:45:40+0200,2c10495a-697a-4f81-9dc4-3022854a0ce3,2026-05-15T08:45:00Z,2026-05-15T10:45:00+0200,9244.37,MW,BE,BE,actual_load,Actual Load,2026-06-08T19:45:53Z
2026-06-08T19:45:40Z,2026-06-08T21:45:40+0200,2c10495a-697a-4f81-9dc4-3022854a0ce3,2026-05-15T09:00:00Z,2026-05-15T11:00:00+0200,9643.77,MW,BE,BE,actual_load,Actual Load,2026-06-08T19:45:53Z
2026-06-08T19:45:40Z,2026-06-08T21:45:40+0200,2c10495a-697a-4f81-9dc4-3022854a0ce3,2026-05-15T09:15:00Z,2026-05-15T11:15:00+0200,9717.01,MW,BE,BE,actual_load,Actual Load,2026-06-08T19:45:53Z
2026-06-08T19:45:40Z,2026-06-08T21:45:40+0200,2c10495a-697a-4f81-9dc4-3022854a0ce3,2026-05-15T09:30:00Z,2026-05-15T11:30:00+0200,9626.33,MW,BE,BE,actual_load,Actual Load,2026-06-08T19:45:53Z
2026-06-08T19:45:40Z,2026-06-08T21:45:40+0200,2c10495a-697a-4f81-9dc4-3022854a0ce3,2026-05-15T09:45:00Z,2026-05-15T11:45:00+0200,9983.34,MW,BE,BE,actual_load,Actual Load,2026-06-08T19:45:53Z
2026-06-08T19:45:40Z,2026-06-08T21:45:40+0200,2c10495a-697a-4f81-9dc4-3022854a0ce3,2026-05-15T10:00:00Z,2026-05-15T12:00:00+0200,10349.6,MW,BE,BE,actual_load,Actual Load,2026-06-08T19:45:53Z
2026-06-08T19:45:40Z,2026-06-08T21:45:40+0200,2c10495a-697a-4f81-9dc4-3022854a0ce3,2026-05-15T10:15:00Z,2026-05-15T12:15:00+0200,10335.96,MW,BE,BE,actual_load,Actual Load,2026-06-08T19:45:53Z
2026-06-08T19:45:40Z,2026-06-08T21:45:40+0200,2c10495a-697a-4f81-9dc4-3022854a0ce3,2026-05-15T10:30:00Z,2026-05-15T12:30:00+0200,10438.53,MW,BE,BE,actual_load,Actual Load,2026-06-08T19:45:53Z
2026-06-08T19:45:40Z,2026-06-08T21:45:40+0200,2c10495a-697a-4f81-9dc4-3022854a0ce3,2026-05-15T10:45:00Z,2026-05-15T12:45:00+0200,10324.34,MW,BE,BE,actual_load,Actual Load,2026-06-08T19:45:53Z
2026-06-08T19:45:40Z,2026-06-08T21:45:40+0200,2c10495a-697a-4f81-9dc4-3022854a0ce3,2026-05-15T11:00:00Z,2026-05-15T13:00:00+0200,10351.37,MW,BE,BE,actual_load,Actual Load,2026-06-08T19:45:53Z
2026-06-08T19:45:40Z,2026-06-08T21:45:40+0200,2c10495a-697a-4f81-9dc4-3022854a0ce3,2026-05-15T11:15:00Z,2026-05-15T13:15:00+0200,10272.08,MW,BE,BE,actual_load,Actual Load,2026-06-08T19:45:53Z
2026-06-08T19:45:40Z,2026-06-08T21:45:40+0200,2c10495a-697a-4f81-9dc4-3022854a0ce3,2026-05-15T11:30:00Z,2026-05-15T13:30:00+0200,10186.55,MW,BE,BE,actual_load,Actual Load,2026-06-08T19:45:53Z
2026-06-08T19:45:40Z,2026-06-08T21:45:40+0200,2c10495a-697a-4f81-9dc4-3022854a0ce3,2026-05-15T11:45:00Z,2026-05-15T13:45:00+0200,10294.51,MW,BE,BE,actual_load,Actual Load,2026-06-08T19:45:53Z
2026-06-08T19:45:40Z,2026-06-08T21:45:40+0200,2c10495a-697a-4f81-9dc4-3022854a0ce3,2026-05-15T12:00:00Z,2026-05-15T14:00:00+0200,9930.21,MW,BE,BE,actual_load,Actual Load,2026-06-08T19:45:53Z
2026-06-08T19:45:40Z,2026-06-08T21:45:40+0200,2c10495a-697a-4f81-9dc4-3022854a0ce3,2026-05-15T12:15:00Z,2026-05-15T14:15:00+0200,9689.75,MW,BE,BE,actual_load,Actual Load,2026-06-08T19:45:53Z
2026-06-08T19:45:40Z,2026-06-08T21:45:40+0200,2c10495a-697a-4f81-9dc4-3022854a0ce3,2026-05-15T12:30:00Z,2026-05-15T14:30:00+0200,9397.21,MW,BE,BE,actual_load,Actual Load,2026-06-08T19:45:53Z
2026-06-08T19:45:40Z,2026-06-08T21:45:40+0200,2c10495a-697a-4f81-9dc4-3022854a0ce3,2026-05-15T12:45:00Z,2026-05-15T14:45:00+0200,9082.09,MW,BE,BE,actual_load,Actual Load,2026-06-08T19:45:53Z
2026-06-08T19:45:40Z,2026-06-08T21:45:40+0200,2c10495a-697a-4f81-9dc4-3022854a0ce3,2026-05-15T13:00:00Z,2026-05-15T15:00:00+0200,9086.36,MW,BE,BE,actual_load,Actual Load,2026-06-08T19:45:53Z
2026-06-08T19:45:40Z,2026-06-08T21:45:40+0200,2c10495a-697a-4f81-9dc4-3022854a0ce3,2026-05-15T13:15:00Z,2026-05-15T15:15:00+0200,8899.8,MW,BE,BE,actual_load,Actual Load,2026-06-08T19:45:53Z
2026-06-08T19:45:40Z,2026-06-08T21:45:40+0200,2c10495a-697a-4f81-9dc4-3022854a0ce3,2026-05-15T13:30:00Z,2026-05-15T15:30:00+0200,8870.57,MW,BE,BE,actual_load,Actual Load,2026-06-08T19:45:53Z
2026-06-08T19:45:40Z,2026-06-08T21:45:40+0200,2c10495a-697a-4f81-9dc4-3022854a0ce3,2026-05-15T13:45:00Z,2026-05-15T15:45:00+0200,8852.88,MW,BE,BE,actual_load,Actual Load,2026-06-08T19:45:53Z
2026-06-08T19:45:40Z,2026-06-08T21:45:40+0200,2c10495a-697a-4f81-9dc4-3022854a0ce3,2026-05-15T14:00:00Z,2026-05-15T16:00:00+0200,8808.51,MW,BE,BE,actual_load,Actual Load,2026-06-08T19:45:53Z
2026-06-08T19:45:40Z,2026-06-08T21:45:40+0200,2c10495a-697a-4f81-9dc4-3022854a0ce3,2026-05-15T14:15:00Z,2026-05-15T16:15:00+0200,8834.91,MW,BE,BE,actual_load,Actual Load,2026-06-08T19:45:53Z
2026-06-08T19:45:40Z,2026-06-08T21:45:40+0200,2c10495a-697a-4f81-9dc4-3022854a0ce3,2026-05-15T14:30:00Z,2026-05-15T16:30:00+0200,8789.83,MW,BE,BE,actual_load,Actual Load,2026-06-08T19:45:53Z
2026-06-08T19:45:40Z,2026-06-08T21:45:40+0200,2c10495a-697a-4f81-9dc4-3022854a0ce3,2026-05-15T14:45:00Z,2026-05-15T16:45:00+0200,8885.91,MW,BE,BE,actual_load,Actual Load,2026-06-08T19:45:53Z
2026-06-08T19:45:40Z,2026-06-08T21:45:40+0200,2c10495a-697a-4f81-9dc4-3022854a0ce3,2026-05-15T15:00:00Z,2026-05-15T17:00:00+0200,8811.55,MW,BE,BE,actual_load,Actual Load,2026-06-08T19:45:53Z
2026-06-08T19:45:40Z,2026-06-08T21:45:40+0200,2c10495a-697a-4f81-9dc4-3022854a0ce3,2026-05-15T15:15:00Z,2026-05-15T17:15:00+0200,8794.46,MW,BE,BE,actual_load,Actual Load,2026-06-08T19:45:53Z
2026-06-08T19:45:40Z,2026-06-08T21:45:40+0200,2c10495a-697a-4f81-9dc4-3022854a0ce3,2026-05-15T15:30:00Z,2026-05-15T17:30:00+0200,8934.22,MW,BE,BE,actual_load,Actual Load,2026-06-08T19:45:53Z
2026-06-08T19:45:40Z,2026-06-08T21:45:40+0200,2c10495a-697a-4f81-9dc4-3022854a0ce3,2026-05-15T15:45:00Z,2026-05-15T17:45:00+0200,9070.9,MW,BE,BE,actual_load,Actual Load,2026-06-08T19:45:53Z
2026-06-08T19:45:40Z,2026-06-08T21:45:40+0200,2c10495a-697a-4f81-9dc4-3022854a0ce3,2026-05-15T16:00:00Z,2026-05-15T18:00:00+0200,9191.53,MW,BE,BE,actual_load,Actual Load,2026-06-08T19:45:53Z
2026-06-08T19:45:40Z,2026-06-08T21:45:40+0200,2c10495a-697a-4f81-9dc4-3022854a0ce3,2026-05-15T16:15:00Z,2026-05-15T18:15:00+0200,9216.84,MW,BE,BE,actual_load,Actual Load,2026-06-08T19:45:53Z
2026-06-08T19:45:40Z,2026-06-08T21:45:40+0200,2c10495a-697a-4f81-9dc4-3022854a0ce3,2026-05-15T16:30:00Z,2026-05-15T18:30:00+0200,9170.25,MW,BE,BE,actual_load,Actual Load,2026-06-08T19:45:53Z
2026-06-08T19:45:40Z,2026-06-08T21:45:40+0200,2c10495a-697a-4f81-9dc4-3022854a0ce3,2026-05-15T16:45:00Z,2026-05-15T18:45:00+0200,9207.89,MW,BE,BE,actual_load,Actual Load,2026-06-08T19:45:53Z
2026-06-08T19:45:40Z,2026-06-08T21:45:40+0200,2c10495a-697a-4f81-9dc4-3022854a0ce3,2026-05-15T17:00:00Z,2026-05-15T19:00:00+0200,9219.35,MW,BE,BE,actual_load,Actual Load,2026-06-08T19:45:53Z
2026-06-08T19:45:40Z,2026-06-08T21:45:40+0200,2c10495a-697a-4f81-9dc4-3022854a0ce3,2026-05-15T17:15:00Z,2026-05-15T19:15:00+0200,9088.9,MW,BE,BE,actual_load,Actual Load,2026-06-08T19:45:53Z
2026-06-08T19:45:40Z,2026-06-08T21:45:40+0200,2c10495a-697a-4f81-9dc4-3022854a0ce3,2026-05-15T17:30:00Z,2026-05-15T19:30:00+0200,9138.58,MW,BE,BE,actual_load,Actual Load,2026-06-08T19:45:53Z
2026-06-08T19:45:40Z,2026-06-08T21:45:40+0200,2c10495a-697a-4f81-9dc4-3022854a0ce3,2026-05-15T17:45:00Z,2026-05-15T19:45:00+0200,9042.74,MW,BE,BE,actual_load,Actual Load,2026-06-08T19:45:53Z
2026-06-08T19:45:40Z,2026-06-08T21:45:40+0200,2c10495a-697a-4f81-9dc4-3022854a0ce3,2026-05-15T18:00:00Z,2026-05-15T20:00:00+0200,8837.15,MW,BE,BE,actual_load,Actual Load,2026-06-08T19:45:53Z
2026-06-08T19:45:40Z,2026-06-08T21:45:40+0200,2c10495a-697a-4f81-9dc4-3022854a0ce3,2026-05-15T18:15:00Z,2026-05-15T20:15:00+0200,8790.73,MW,BE,BE,actual_load,Actual Load,2026-06-08T19:45:53Z
2026-06-08T19:45:40Z,2026-06-08T21:45:40+0200,2c10495a-697a-4f81-9dc4-3022854a0ce3,2026-05-15T18:30:00Z,2026-05-15T20:30:00+0200,8753.95,MW,BE,BE,actual_load,Actual Load,2026-06-08T19:45:53Z
2026-06-08T19:45:40Z,2026-06-08T21:45:40+0200,2c10495a-697a-4f81-9dc4-3022854a0ce3,2026-05-15T18:45:00Z,2026-05-15T20:45:00+0200,8688.85,MW,BE,BE,actual_load,Actual Load,2026-06-08T19:45:53Z
2026-06-08T19:45:40Z,2026-06-08T21:45:40+0200,2c10495a-697a-4f81-9dc4-3022854a0ce3,2026-05-15T19:00:00Z,2026-05-15T21:00:00+0200,8713.38,MW,BE,BE,actual_load,Actual Load,2026-06-08T19:45:53Z
2026-06-08T19:45:40Z,2026-06-08T21:45:40+0200,2c10495a-697a-4f81-9dc4-3022854a0ce3,2026-05-15T19:15:00Z,2026-05-15T21:15:00+0200,8742.29,MW,BE,BE,actual_load,Actual Load,2026-06-08T19:45:53Z
2026-06-08T19:45:40Z,2026-06-08T21:45:40+0200,2c10495a-697a-4f81-9dc4-3022854a0ce3,2026-05-15T19:30:00Z,2026-05-15T21:30:00+0200,8753.1,MW,BE,BE,actual_load,Actual Load,2026-06-08T19:45:53Z
2026-06-08T19:45:40Z,2026-06-08T21:45:40+0200,2c10495a-697a-4f81-9dc4-3022854a0ce3,2026-05-15T19:45:00Z,2026-05-15T21:45:00+0200,8740.12,MW,BE,BE,actual_load,Actual Load,2026-06-08T19:45:53Z
2026-06-08T19:45:40Z,2026-06-08T21:45:40+0200,2c10495a-697a-4f81-9dc4-3022854a0ce3,2026-05-15T20:00:00Z,2026-05-15T22:00:00+0200,8678.42,MW,BE,BE,actual_load,Actual Load,2026-06-08T19:45:53Z
2026-06-08T19:45:40Z,2026-06-08T21:45:40+0200,2c10495a-697a-4f81-9dc4-3022854a0ce3,2026-05-15T20:15:00Z,2026-05-15T22:15:00+0200,8703.83,MW,BE,BE,actual_load,Actual Load,2026-06-08T19:45:53Z
2026-06-08T19:45:40Z,2026-06-08T21:45:40+0200,2c10495a-697a-4f81-9dc4-3022854a0ce3,2026-05-15T20:30:00Z,2026-05-15T22:30:00+0200,8699.24,MW,BE,BE,actual_load,Actual Load,2026-06-08T19:45:53Z
2026-06-08T19:45:40Z,2026-06-08T21:45:40+0200,2c10495a-697a-4f81-9dc4-3022854a0ce3,2026-05-15T20:45:00Z,2026-05-15T22:45:00+0200,8573.04,MW,BE,BE,actual_load,Actual Load,2026-06-08T19:45:53Z
2026-06-08T19:45:40Z,2026-06-08T21:45:40+0200,2c10495a-697a-4f81-9dc4-3022854a0ce3,2026-05-15T21:00:00Z,2026-05-15T23:00:00+0200,8508.89,MW,BE,BE,actual_load,Actual Load,2026-06-08T19:45:53Z
2026-06-08T19:45:40Z,2026-06-08T21:45:40+0200,2c10495a-697a-4f81-9dc4-3022854a0ce3,2026-05-15T21:15:00Z,2026-05-15T23:15:00+0200,8367.15,MW,BE,BE,actual_load,Actual Load,2026-06-08T19:45:53Z
2026-06-08T19:45:40Z,2026-06-08T21:45:40+0200,2c10495a-697a-4f81-9dc4-3022854a0ce3,2026-05-15T21:30:00Z,2026-05-15T23:30:00+0200,8304.79,MW,BE,BE,actual_load,Actual Load,2026-06-08T19:45:53Z
2026-06-08T19:45:40Z,2026-06-08T21:45:40+0200,2c10495a-697a-4f81-9dc4-3022854a0ce3,2026-05-15T21:45:00Z,2026-05-15T23:45:00+0200,8167.78,MW,BE,BE,actual_load,Actual Load,2026-06-08T19:45:53Z
2026-06-08T19:45:40Z,2026-06-08T21:45:40+0200,2c10495a-697a-4f81-9dc4-3022854a0ce3,2026-05-15T22:00:00Z,2026-05-16T00:00:00+0200,8081.58,MW,BE,BE,actual_load,Actual Load,2026-06-08T19:45:53Z
2026-06-08T19:45:40Z,2026-06-08T21:45:40+0200,2c10495a-697a-4f81-9dc4-3022854a0ce3,2026-05-15T22:15:00Z,2026-05-16T00:15:00+0200,7996.35,MW,BE,BE,actual_load,Actual Load,2026-06-08T19:45:53Z
2026-06-08T19:45:40Z,2026-06-08T21:45:40+0200,2c10495a-697a-4f81-9dc4-3022854a0ce3,2026-05-15T22:30:00Z,2026-05-16T00:30:00+0200,7851.92,MW,BE,BE,actual_load,Actual Load,2026-06-08T19:45:53Z
2026-06-08T19:45:40Z,2026-06-08T21:45:40+0200,2c10495a-697a-4f81-9dc4-3022854a0ce3,2026-05-15T22:45:00Z,2026-05-16T00:45:00+0200,7785.07,MW,BE,BE,actual_load,Actual Load,2026-06-08T19:45:53Z
2026-06-08T19:45:40Z,2026-06-08T21:45:40+0200,2c10495a-697a-4f81-9dc4-3022854a0ce3,2026-05-15T23:00:00Z,2026-05-16T01:00:00+0200,7704.67,MW,BE,BE,actual_load,Actual Load,2026-06-08T19:45:53Z
2026-06-08T19:45:40Z,2026-06-08T21:45:40+0200,2c10495a-697a-4f81-9dc4-3022854a0ce3,2026-05-15T23:15:00Z,2026-05-16T01:15:00+0200,7619.71,MW,BE,BE,actual_load,Actual Load,2026-06-08T19:45:53Z
2026-06-08T19:45:40Z,2026-06-08T21:45:40+0200,2c10495a-697a-4f81-9dc4-3022854a0ce3,2026-05-15T23:30:00Z,2026-05-16T01:30:00+0200,7551.47,MW,BE,BE,actual_load,Actual Load,2026-06-08T19:45:53Z
2026-06-08T19:45:40Z,2026-06-08T21:45:40+0200,2c10495a-697a-4f81-9dc4-3022854a0ce3,2026-05-15T23:45:00Z,2026-05-16T01:45:00+0200,7488.82,MW,BE,BE,actual_load,Actual Load,2026-06-08T19:45:53Z
2026-06-08T19:45:40Z,2026-06-08T21:45:40+0200,2c10495a-697a-4f81-9dc4-3022854a0ce3,2026-05-16T00:00:00Z,2026-05-16T02:00:00+0200,7524.43,MW,BE,BE,actual_load,Actual Load,2026-06-08T19:45:53Z
2026-06-08T19:45:40Z,2026-06-08T21:45:40+0200,2c10495a-697a-4f81-9dc4-3022854a0ce3,2026-05-16T00:15:00Z,2026-05-16T02:15:00+0200,7412.46,MW,BE,BE,actual_load,Actual Load,2026-06-08T19:45:53Z
2026-06-08T19:45:40Z,2026-06-08T21:45:40+0200,2c10495a-697a-4f81-9dc4-3022854a0ce3,2026-05-16T00:30:00Z,2026-05-16T02:30:00+0200,7429.84,MW,BE,BE,actual_load,Actual Load,2026-06-08T19:45:53Z
2026-06-08T19:45:40Z,2026-06-08T21:45:40+0200,2c10495a-697a-4f81-9dc4-3022854a0ce3,2026-05-16T00:45:00Z,2026-05-16T02:45:00+0200,7426.3,MW,BE,BE,actual_load,Actual Load,2026-06-08T19:45:53Z
2026-06-08T19:45:40Z,2026-06-08T21:45:40+0200,2c10495a-697a-4f81-9dc4-3022854a0ce3,2026-05-16T01:00:00Z,2026-05-16T03:00:00+0200,7353.67,MW,BE,BE,actual_load,Actual Load,2026-06-08T19:45:53Z
2026-06-08T19:45:40Z,2026-06-08T21:45:40+0200,2c10495a-697a-4f81-9dc4-3022854a0ce3,2026-05-16T01:15:00Z,2026-05-16T03:15:00+0200,7322.35,MW,BE,BE,actual_load,Actual Load,2026-06-08T19:45:53Z
2026-06-08T19:45:40Z,2026-06-08T21:45:40+0200,2c10495a-697a-4f81-9dc4-3022854a0ce3,2026-05-16T01:30:00Z,2026-05-16T03:30:00+0200,7311.19,MW,BE,BE,actual_load,Actual Load,2026-06-08T19:45:53Z
2026-06-08T19:45:40Z,2026-06-08T21:45:40+0200,2c10495a-697a-4f81-9dc4-3022854a0ce3,2026-05-16T01:45:00Z,2026-05-16T03:45:00+0200,7290.03,MW,BE,BE,actual_load,Actual Load,2026-06-08T19:45:53Z
2026-06-08T19:45:40Z,2026-06-08T21:45:40+0200,2c10495a-697a-4f81-9dc4-3022854a0ce3,2026-05-16T02:00:00Z,2026-05-16T04:00:00+0200,7352.03,MW,BE,BE,actual_load,Actual Load,2026-06-08T19:45:53Z
2026-06-08T19:45:40Z,2026-06-08T21:45:40+0200,2c10495a-697a-4f81-9dc4-3022854a0ce3,2026-05-16T02:15:00Z,2026-05-16T04:15:00+0200,7366.03,MW,BE,BE,actual_load,Actual Load,2026-06-08T19:45:53Z
2026-06-08T19:45:40Z,2026-06-08T21:45:40+0200,2c10495a-697a-4f81-9dc4-3022854a0ce3,2026-05-16T02:30:00Z,2026-05-16T04:30:00+0200,7338.86,MW,BE,BE,actual_load,Actual Load,2026-06-08T19:45:53Z
2026-06-08T19:45:40Z,2026-06-08T21:45:40+0200,2c10495a-697a-4f81-9dc4-3022854a0ce3,2026-05-16T02:45:00Z,2026-05-16T04:45:00+0200,7415.58,MW,BE,BE,actual_load,Actual Load,2026-06-08T19:45:53Z
2026-06-08T19:45:40Z,2026-06-08T21:45:40+0200,2c10495a-697a-4f81-9dc4-3022854a0ce3,2026-05-16T03:00:00Z,2026-05-16T05:00:00+0200,7439.91,MW,BE,BE,actual_load,Actual Load,2026-06-08T19:45:53Z
2026-06-08T19:45:40Z,2026-06-08T21:45:40+0200,2c10495a-697a-4f81-9dc4-3022854a0ce3,2026-05-16T03:15:00Z,2026-05-16T05:15:00+0200,7494.97,MW,BE,BE,actual_load,Actual Load,2026-06-08T19:45:53Z
2026-06-08T19:45:40Z,2026-06-08T21:45:40+0200,2c10495a-697a-4f81-9dc4-3022854a0ce3,2026-05-16T03:30:00Z,2026-05-16T05:30:00+0200,7536.51,MW,BE,BE,actual_load,Actual Load,2026-06-08T19:45:53Z
2026-06-08T19:45:40Z,2026-06-08T21:45:40+0200,2c10495a-697a-4f81-9dc4-3022854a0ce3,2026-05-16T03:45:00Z,2026-05-16T05:45:00+0200,7456.38,MW,BE,BE,actual_load,Actual Load,2026-06-08T19:45:53Z
2026-06-08T19:45:40Z,2026-06-08T21:45:40+0200,2c10495a-697a-4f81-9dc4-3022854a0ce3,2026-05-16T04:00:00Z,2026-05-16T06:00:00+0200,7637.95,MW,BE,BE,actual_load,Actual Load,2026-06-08T19:45:53Z
2026-06-08T19:45:40Z,2026-06-08T21:45:40+0200,2c10495a-697a-4f81-9dc4-3022854a0ce3,2026-05-16T04:15:00Z,2026-05-16T06:15:00+0200,7715.49,MW,BE,BE,actual_load,Actual Load,2026-06-08T19:45:53Z
2026-06-08T19:45:40Z,2026-06-08T21:45:40+0200,2c10495a-697a-4f81-9dc4-3022854a0ce3,2026-05-16T04:30:00Z,2026-05-16T06:30:00+0200,7761.28,MW,BE,BE,actual_load,Actual Load,2026-06-08T19:45:53Z
2026-06-08T19:45:40Z,2026-06-08T21:45:40+0200,2c10495a-697a-4f81-9dc4-3022854a0ce3,2026-05-16T04:45:00Z,2026-05-16T06:45:00+0200,7805.42,MW,BE,BE,actual_load,Actual Load,2026-06-08T19:45:53Z
2026-06-08T19:45:40Z,2026-06-08T21:45:40+0200,2c10495a-697a-4f81-9dc4-3022854a0ce3,2026-05-16T05:00:00Z,2026-05-16T07:00:00+0200,7901.45,MW,BE,BE,actual_load,Actual Load,2026-06-08T19:45:53Z
2026-06-08T19:45:40Z,2026-06-08T21:45:40+0200,2c10495a-697a-4f81-9dc4-3022854a0ce3,2026-05-16T05:15:00Z,2026-05-16T07:15:00+0200,8081.11,MW,BE,BE,actual_load,Actual Load,2026-06-08T19:45:53Z
2026-06-08T19:45:40Z,2026-06-08T21:45:40+0200,2c10495a-697a-4f81-9dc4-3022854a0ce3,2026-05-16T05:30:00Z,2026-05-16T07:30:00+0200,8340.84,MW,BE,BE,actual_load,Actual Load,2026-06-08T19:45:53Z
2026-06-08T19:45:40Z,2026-06-08T21:45:40+0200,2c10495a-697a-4f81-9dc4-3022854a0ce3,2026-05-16T05:45:00Z,2026-05-16T07:45:00+0200,8412.5,MW,BE,BE,actual_load,Actual Load,2026-06-08T19:45:53Z
2026-06-08T19:45:40Z,2026-06-08T21:45:40+0200,2c10495a-697a-4f81-9dc4-3022854a0ce3,2026-05-16T06:00:00Z,2026-05-16T08:00:00+0200,8316.47,MW,BE,BE,actual_load,Actual Load,2026-06-08T19:45:53Z
2026-06-08T19:45:40Z,2026-06-08T21:45:40+0200,2c10495a-697a-4f81-9dc4-3022854a0ce3,2026-05-16T06:15:00Z,2026-05-16T08:15:00+0200,8462.34,MW,BE,BE,actual_load,Actual Load,2026-06-08T19:45:53Z
2026-06-08T19:45:40Z,2026-06-08T21:45:40+0200,2c10495a-697a-4f81-9dc4-3022854a0ce3,2026-05-16T06:30:00Z,2026-05-16T08:30:00+0200,8618.81,MW,BE,BE,actual_load,Actual Load,2026-06-08T19:45:53Z
2026-06-08T19:45:40Z,2026-06-08T21:45:40+0200,2c10495a-697a-4f81-9dc4-3022854a0ce3,2026-05-16T06:45:00Z,2026-05-16T08:45:00+0200,8737.34,MW,BE,BE,actual_load,Actual Load,2026-06-08T19:45:53Z
2026-06-08T19:45:40Z,2026-06-08T21:45:40+0200,2c10495a-697a-4f81-9dc4-3022854a0ce3,2026-05-16T07:00:00Z,2026-05-16T09:00:00+0200,8905.44,MW,BE,BE,actual_load,Actual Load,2026-06-08T19:45:53Z
2026-06-08T19:45:40Z,2026-06-08T21:45:40+0200,2c10495a-697a-4f81-9dc4-3022854a0ce3,2026-05-16T07:15:00Z,2026-05-16T09:15:00+0200,8980.76,MW,BE,BE,actual_load,Actual Load,2026-06-08T19:45:53Z
2026-06-08T19:45:40Z,2026-06-08T21:45:40+0200,2c10495a-697a-4f81-9dc4-3022854a0ce3,2026-05-16T07:30:00Z,2026-05-16T09:30:00+0200,9199.8,MW,BE,BE,actual_load,Actual Load,2026-06-08T19:45:53Z
2026-06-08T19:45:40Z,2026-06-08T21:45:40+0200,2c10495a-697a-4f81-9dc4-3022854a0ce3,2026-05-16T07:45:00Z,2026-05-16T09:45:00+0200,9202.81,MW,BE,BE,actual_load,Actual Load,2026-06-08T19:45:53Z
2026-06-08T19:45:40Z,2026-06-08T21:45:40+0200,2c10495a-697a-4f81-9dc4-3022854a0ce3,2026-05-16T08:00:00Z,2026-05-16T10:00:00+0200,9231.24,MW,BE,BE,actual_load,Actual Load,2026-06-08T19:45:53Z
2026-06-08T19:45:40Z,2026-06-08T21:45:40+0200,2c10495a-697a-4f81-9dc4-3022854a0ce3,2026-05-16T08:15:00Z,2026-05-16T10:15:00+0200,9489.34,MW,BE,BE,actual_load,Actual Load,2026-06-08T19:45:53Z
2026-06-08T19:45:40Z,2026-06-08T21:45:40+0200,2c10495a-697a-4f81-9dc4-3022854a0ce3,2026-05-16T08:30:00Z,2026-05-16T10:30:00+0200,9523.18,MW,BE,BE,actual_load,Actual Load,2026-06-08T19:45:53Z
2026-06-08T19:45:40Z,2026-06-08T21:45:40+0200,2c10495a-697a-4f81-9dc4-3022854a0ce3,2026-05-16T08:45:00Z,2026-05-16T10:45:00+0200,9324.43,MW,BE,BE,actual_load,Actual Load,2026-06-08T19:45:53Z
2026-06-08T19:45:40Z,2026-06-08T21:45:40+0200,2c10495a-697a-4f81-9dc4-3022854a0ce3,2026-05-16T09:00:00Z,2026-05-16T11:00:00+0200,9278.64,MW,BE,BE,actual_load,Actual Load,2026-06-08T19:45:53Z
2026-06-08T19:45:40Z,2026-06-08T21:45:40+0200,2c10495a-697a-4f81-9dc4-3022854a0ce3,2026-05-16T09:15:00Z,2026-05-16T11:15:00+0200,9336.5,MW,BE,BE,actual_load,Actual Load,2026-06-08T19:45:53Z
2026-06-08T19:45:40Z,2026-06-08T21:45:40+0200,2c10495a-697a-4f81-9dc4-3022854a0ce3,2026-05-16T09:30:00Z,2026-05-16T11:30:00+0200,9234.28,MW,BE,BE,actual_load,Actual Load,2026-06-08T19:45:53Z
2026-06-08T19:45:40Z,2026-06-08T21:45:40+0200,2c10495a-697a-4f81-9dc4-3022854a0ce3,2026-05-16T09:45:00Z,2026-05-16T11:45:00+0200,8922.23,MW,BE,BE,actual_load,Actual Load,2026-06-08T19:45:53Z
2026-06-08T19:45:40Z,2026-06-08T21:45:40+0200,2c10495a-697a-4f81-9dc4-3022854a0ce3,2026-05-16T10:00:00Z,2026-05-16T12:00:00+0200,8915.43,MW,BE,BE,actual_load,Actual Load,2026-06-08T19:45:53Z
2026-06-08T19:45:40Z,2026-06-08T21:45:40+0200,2c10495a-697a-4f81-9dc4-3022854a0ce3,2026-05-16T10:15:00Z,2026-05-16T12:15:00+0200,8651.57,MW,BE,BE,actual_load,Actual Load,2026-06-08T19:45:53Z
2026-06-08T19:45:40Z,2026-06-08T21:45:40+0200,2c10495a-697a-4f81-9dc4-3022854a0ce3,2026-05-16T10:30:00Z,2026-05-16T12:30:00+0200,8561.7,MW,BE,BE,actual_load,Actual Load,2026-06-08T19:45:53Z
2026-06-08T19:45:40Z,2026-06-08T21:45:40+0200,2c10495a-697a-4f81-9dc4-3022854a0ce3,2026-05-16T10:45:00Z,2026-05-16T12:45:00+0200,8603.96,MW,BE,BE,actual_load,Actual Load,2026-06-08T19:45:53Z
2026-06-08T19:45:40Z,2026-06-08T21:45:40+0200,2c10495a-697a-4f81-9dc4-3022854a0ce3,2026-05-16T11:00:00Z,2026-05-16T13:00:00+0200,8522.98,MW,BE,BE,actual_load,Actual Load,2026-06-08T19:45:53Z
2026-06-08T19:45:40Z,2026-06-08T21:45:40+0200,2c10495a-697a-4f81-9dc4-3022854a0ce3,2026-05-16T11:15:00Z,2026-05-16T13:15:00+0200,8712.73,MW,BE,BE,actual_load,Actual Load,2026-06-08T19:45:53Z
2026-06-08T19:45:40Z,2026-06-08T21:45:40+0200,2c10495a-697a-4f81-9dc4-3022854a0ce3,2026-05-16T11:30:00Z,2026-05-16T13:30:00+0200,8736.8,MW,BE,BE,actual_load,Actual Load,2026-06-08T19:45:53Z
2026-06-08T19:45:40Z,2026-06-08T21:45:40+0200,2c10495a-697a-4f81-9dc4-3022854a0ce3,2026-05-16T11:45:00Z,2026-05-16T13:45:00+0200,8641.87,MW,BE,BE,actual_load,Actual Load,2026-06-08T19:45:53Z
2026-06-08T19:45:40Z,2026-06-08T21:45:40+0200,2c10495a-697a-4f81-9dc4-3022854a0ce3,2026-05-16T12:00:00Z,2026-05-16T14:00:00+0200,8564.88,MW,BE,BE,actual_load,Actual Load,2026-06-08T19:45:53Z
2026-06-08T19:45:40Z,2026-06-08T21:45:40+0200,2c10495a-697a-4f81-9dc4-3022854a0ce3,2026-05-16T12:15:00Z,2026-05-16T14:15:00+0200,8545.74,MW,BE,BE,actual_load,Actual Load,2026-06-08T19:45:53Z
2026-06-08T19:45:40Z,2026-06-08T21:45:40+0200,2c10495a-697a-4f81-9dc4-3022854a0ce3,2026-05-16T12:30:00Z,2026-05-16T14:30:00+0200,8440.13,MW,BE,BE,actual_load,Actual Load,2026-06-08T19:45:53Z
2026-06-08T19:45:40Z,2026-06-08T21:45:40+0200,2c10495a-697a-4f81-9dc4-3022854a0ce3,2026-05-16T12:45:00Z,2026-05-16T14:45:00+0200,8510.24,MW,BE,BE,actual_load,Actual Load,2026-06-08T19:45:53Z
2026-06-08T19:45:40Z,2026-06-08T21:45:40+0200,2c10495a-697a-4f81-9dc4-3022854a0ce3,2026-05-16T13:00:00Z,2026-05-16T15:00:00+0200,8746.18,MW,BE,BE,actual_load,Actual Load,2026-06-08T19:45:53Z
2026-06-08T19:45:40Z,2026-06-08T21:45:40+0200,2c10495a-697a-4f81-9dc4-3022854a0ce3,2026-05-16T13:15:00Z,2026-05-16T15:15:00+0200,8766.05,MW,BE,BE,actual_load,Actual Load,2026-06-08T19:45:53Z
2026-06-08T19:45:40Z,2026-06-08T21:45:40+0200,2c10495a-697a-4f81-9dc4-3022854a0ce3,2026-05-16T13:30:00Z,2026-05-16T15:30:00+0200,8761.65,MW,BE,BE,actual_load,Actual Load,2026-06-08T19:45:53Z
2026-06-08T19:45:40Z,2026-06-08T21:45:40+0200,2c10495a-697a-4f81-9dc4-3022854a0ce3,2026-05-16T13:45:00Z,2026-05-16T15:45:00+0200,8576.52,MW,BE,BE,actual_load,Actual Load,2026-06-08T19:45:53Z
2026-06-08T19:45:40Z,2026-06-08T21:45:40+0200,2c10495a-697a-4f81-9dc4-3022854a0ce3,2026-05-16T14:00:00Z,2026-05-16T16:00:00+0200,8782.86,MW,BE,BE,actual_load,Actual Load,2026-06-08T19:45:53Z
2026-06-08T19:45:40Z,2026-06-08T21:45:40+0200,2c10495a-697a-4f81-9dc4-3022854a0ce3,2026-05-16T14:15:00Z,2026-05-16T16:15:00+0200,8743.87,MW,BE,BE,actual_load,Actual Load,2026-06-08T19:45:53Z
2026-06-08T19:45:40Z,2026-06-08T21:45:40+0200,2c10495a-697a-4f81-9dc4-3022854a0ce3,2026-05-16T14:30:00Z,2026-05-16T16:30:00+0200,8557.73,MW,BE,BE,actual_load,Actual Load,2026-06-08T19:45:53Z
2026-06-08T19:45:40Z,2026-06-08T21:45:40+0200,2c10495a-697a-4f81-9dc4-3022854a0ce3,2026-05-16T14:45:00Z,2026-05-16T16:45:00+0200,8497.59,MW,BE,BE,actual_load,Actual Load,2026-06-08T19:45:53Z
2026-06-08T19:45:40Z,2026-06-08T21:45:40+0200,2c10495a-697a-4f81-9dc4-3022854a0ce3,2026-05-16T15:00:00Z,2026-05-16T17:00:00+0200,8585.32,MW,BE,BE,actual_load,Actual Load,2026-06-08T19:45:53Z
2026-06-08T19:45:40Z,2026-06-08T21:45:40+0200,2c10495a-697a-4f81-9dc4-3022854a0ce3,2026-05-16T15:15:00Z,2026-05-16T17:15:00+0200,8597.29,MW,BE,BE,actual_load,Actual Load,2026-06-08T19:45:53Z
2026-06-08T19:45:40Z,2026-06-08T21:45:40+0200,2c10495a-697a-4f81-9dc4-3022854a0ce3,2026-05-16T15:30:00Z,2026-05-16T17:30:00+0200,8741.0,MW,BE,BE,actual_load,Actual Load,2026-06-08T19:45:53Z
2026-06-08T19:45:40Z,2026-06-08T21:45:40+0200,2c10495a-697a-4f81-9dc4-3022854a0ce3,2026-05-16T15:45:00Z,2026-05-16T17:45:00+0200,8836.8,MW,BE,BE,actual_load,Actual Load,2026-06-08T19:45:53Z
2026-06-08T19:45:40Z,2026-06-08T21:45:40+0200,2c10495a-697a-4f81-9dc4-3022854a0ce3,2026-05-16T16:00:00Z,2026-05-16T18:00:00+0200,8839.16,MW,BE,BE,actual_load,Actual Load,2026-06-08T19:45:53Z
2026-06-08T19:45:40Z,2026-06-08T21:45:40+0200,2c10495a-697a-4f81-9dc4-3022854a0ce3,2026-05-16T16:15:00Z,2026-05-16T18:15:00+0200,8753.27,MW,BE,BE,actual_load,Actual Load,2026-06-08T19:45:53Z
2026-06-08T19:45:40Z,2026-06-08T21:45:40+0200,2c10495a-697a-4f81-9dc4-3022854a0ce3,2026-05-16T16:30:00Z,2026-05-16T18:30:00+0200,8774.54,MW,BE,BE,actual_load,Actual Load,2026-06-08T19:45:53Z
2026-06-08T19:45:40Z,2026-06-08T21:45:40+0200,2c10495a-697a-4f81-9dc4-3022854a0ce3,2026-05-16T16:45:00Z,2026-05-16T18:45:00+0200,8843.48,MW,BE,BE,actual_load,Actual Load,2026-06-08T19:45:53Z
2026-06-08T19:45:40Z,2026-06-08T21:45:40+0200,2c10495a-697a-4f81-9dc4-3022854a0ce3,2026-05-16T17:00:00Z,2026-05-16T19:00:00+0200,8994.09,MW,BE,BE,actual_load,Actual Load,2026-06-08T19:45:53Z
2026-06-08T19:45:40Z,2026-06-08T21:45:40+0200,2c10495a-697a-4f81-9dc4-3022854a0ce3,2026-05-16T17:15:00Z,2026-05-16T19:15:00+0200,8942.04,MW,BE,BE,actual_load,Actual Load,2026-06-08T19:45:53Z
2026-06-08T19:45:40Z,2026-06-08T21:45:40+0200,2c10495a-697a-4f81-9dc4-3022854a0ce3,2026-05-16T17:30:00Z,2026-05-16T19:30:00+0200,8781.11,MW,BE,BE,actual_load,Actual Load,2026-06-08T19:45:53Z
2026-06-08T19:45:40Z,2026-06-08T21:45:40+0200,2c10495a-697a-4f81-9dc4-3022854a0ce3,2026-05-16T17:45:00Z,2026-05-16T19:45:00+0200,8617.4,MW,BE,BE,actual_load,Actual Load,2026-06-08T19:45:53Z
2026-06-08T19:45:40Z,2026-06-08T21:45:40+0200,2c10495a-697a-4f81-9dc4-3022854a0ce3,2026-05-16T18:00:00Z,2026-05-16T20:00:00+0200,8560.94,MW,BE,BE,actual_load,Actual Load,2026-06-08T19:45:53Z
2026-06-08T19:45:40Z,2026-06-08T21:45:40+0200,2c10495a-697a-4f81-9dc4-3022854a0ce3,2026-05-16T18:15:00Z,2026-05-16T20:15:00+0200,8424.07,MW,BE,BE,actual_load,Actual Load,2026-06-08T19:45:53Z
2026-06-08T19:45:40Z,2026-06-08T21:45:40+0200,2c10495a-697a-4f81-9dc4-3022854a0ce3,2026-05-16T18:30:00Z,2026-05-16T20:30:00+0200,8293.76,MW,BE,BE,actual_load,Actual Load,2026-06-08T19:45:53Z
2026-06-08T19:45:40Z,2026-06-08T21:45:40+0200,2c10495a-697a-4f81-9dc4-3022854a0ce3,2026-05-16T18:45:00Z,2026-05-16T20:45:00+0200,8254.27,MW,BE,BE,actual_load,Actual Load,2026-06-08T19:45:53Z
2026-06-08T19:45:40Z,2026-06-08T21:45:40+0200,2c10495a-697a-4f81-9dc4-3022854a0ce3,2026-05-16T19:00:00Z,2026-05-16T21:00:00+0200,8226.32,MW,BE,BE,actual_load,Actual Load,2026-06-08T19:45:53Z
2026-06-08T19:45:40Z,2026-06-08T21:45:40+0200,2c10495a-697a-4f81-9dc4-3022854a0ce3,2026-05-16T19:15:00Z,2026-05-16T21:15:00+0200,8234.8,MW,BE,BE,actual_load,Actual Load,2026-06-08T19:45:53Z
2026-06-08T19:45:40Z,2026-06-08T21:45:40+0200,2c10495a-697a-4f81-9dc4-3022854a0ce3,2026-05-16T19:30:00Z,2026-05-16T21:30:00+0200,8345.74,MW,BE,BE,actual_load,Actual Load,2026-06-08T19:45:53Z
2026-06-08T19:45:40Z,2026-06-08T21:45:40+0200,2c10495a-697a-4f81-9dc4-3022854a0ce3,2026-05-16T19:45:00Z,2026-05-16T21:45:00+0200,8404.0,MW,BE,BE,actual_load,Actual Load,2026-06-08T19:45:53Z
2026-06-08T19:45:40Z,2026-06-08T21:45:40+0200,2c10495a-697a-4f81-9dc4-3022854a0ce3,2026-05-16T20:00:00Z,2026-05-16T22:00:00+0200,8406.63,MW,BE,BE,actual_load,Actual Load,2026-06-08T19:45:53Z
2026-06-08T19:45:40Z,2026-06-08T21:45:40+0200,2c10495a-697a-4f81-9dc4-3022854a0ce3,2026-05-16T20:15:00Z,2026-05-16T22:15:00+0200,8410.31,MW,BE,BE,actual_load,Actual Load,2026-06-08T19:45:53Z
2026-06-08T19:45:40Z,2026-06-08T21:45:40+0200,2c10495a-697a-4f81-9dc4-3022854a0ce3,2026-05-16T20:30:00Z,2026-05-16T22:30:00+0200,8458.23,MW,BE,BE,actual_load,Actual Load,2026-06-08T19:45:53Z
2026-06-08T19:45:40Z,2026-06-08T21:45:40+0200,2c10495a-697a-4f81-9dc4-3022854a0ce3,2026-05-16T20:45:00Z,2026-05-16T22:45:00+0200,8356.87,MW,BE,BE,actual_load,Actual Load,2026-06-08T19:45:53Z
2026-06-08T19:45:40Z,2026-06-08T21:45:40+0200,2c10495a-697a-4f81-9dc4-3022854a0ce3,2026-05-16T21:00:00Z,2026-05-16T23:00:00+0200,8281.33,MW,BE,BE,actual_load,Actual Load,2026-06-08T19:45:53Z
2026-06-08T19:45:40Z,2026-06-08T21:45:40+0200,2c10495a-697a-4f81-9dc4-3022854a0ce3,2026-05-16T21:15:00Z,2026-05-16T23:15:00+0200,8219.24,MW,BE,BE,actual_load,Actual Load,2026-06-08T19:45:53Z
2026-06-08T19:45:40Z,2026-06-08T21:45:40+0200,2c10495a-697a-4f81-9dc4-3022854a0ce3,2026-05-16T21:30:00Z,2026-05-16T23:30:00+0200,8058.48,MW,BE,BE,actual_load,Actual Load,2026-06-08T19:45:53Z
2026-06-08T19:45:40Z,2026-06-08T21:45:40+0200,2c10495a-697a-4f81-9dc4-3022854a0ce3,2026-05-16T21:45:00Z,2026-05-16T23:45:00+0200,7959.05,MW,BE,BE,actual_load,Actual Load,2026-06-08T19:45:53Z
2026-06-08T19:45:40Z,2026-06-08T21:45:40+0200,2c10495a-697a-4f81-9dc4-3022854a0ce3,2026-05-16T22:00:00Z,2026-05-17T00:00:00+0200,7610.62,MW,BE,BE,actual_load,Actual Load,2026-06-08T19:45:53Z
2026-06-08T19:45:40Z,2026-06-08T21:45:40+0200,2c10495a-697a-4f81-9dc4-3022854a0ce3,2026-05-16T22:15:00Z,2026-05-17T00:15:00+0200,7456.09,MW,BE,BE,actual_load,Actual Load,2026-06-08T19:45:53Z
2026-06-08T19:45:40Z,2026-06-08T21:45:40+0200,2c10495a-697a-4f81-9dc4-3022854a0ce3,2026-05-16T22:30:00Z,2026-05-17T00:30:00+0200,7329.1,MW,BE,BE,actual_load,Actual Load,2026-06-08T19:45:53Z
2026-06-08T19:45:40Z,2026-06-08T21:45:40+0200,2c10495a-697a-4f81-9dc4-3022854a0ce3,2026-05-16T22:45:00Z,2026-05-17T00:45:00+0200,7289.97,MW,BE,BE,actual_load,Actual Load,2026-06-08T19:45:53Z
2026-06-08T19:45:40Z,2026-06-08T21:45:40+0200,2c10495a-697a-4f81-9dc4-3022854a0ce3,2026-05-16T23:00:00Z,2026-05-17T01:00:00+0200,7274.91,MW,BE,BE,actual_load,Actual Load,2026-06-08T19:45:53Z
2026-06-08T19:45:40Z,2026-06-08T21:45:40+0200,2c10495a-697a-4f81-9dc4-3022854a0ce3,2026-05-16T23:15:00Z,2026-05-17T01:15:00+0200,7240.14,MW,BE,BE,actual_load,Actual Load,2026-06-08T19:45:53Z
2026-06-08T19:45:40Z,2026-06-08T21:45:40+0200,2c10495a-697a-4f81-9dc4-3022854a0ce3,2026-05-16T23:30:00Z,2026-05-17T01:30:00+0200,7176.81,MW,BE,BE,actual_load,Actual Load,2026-06-08T19:45:53Z
2026-06-08T19:45:40Z,2026-06-08T21:45:40+0200,2c10495a-697a-4f81-9dc4-3022854a0ce3,2026-05-16T23:45:00Z,2026-05-17T01:45:00+0200,7185.95,MW,BE,BE,actual_load,Actual Load,2026-06-08T19:45:53Z
2026-06-08T19:45:40Z,2026-06-08T21:45:40+0200,2c10495a-697a-4f81-9dc4-3022854a0ce3,2026-05-17T00:00:00Z,2026-05-17T02:00:00+0200,7133.52,MW,BE,BE,actual_load,Actual Load,2026-06-08T19:45:53Z
2026-06-08T19:45:40Z,2026-06-08T21:45:40+0200,2c10495a-697a-4f81-9dc4-3022854a0ce3,2026-05-17T00:15:00Z,2026-05-17T02:15:00+0200,7068.44,MW,BE,BE,actual_load,Actual Load,2026-06-08T19:45:53Z
2026-06-08T19:45:40Z,2026-06-08T21:45:40+0200,2c10495a-697a-4f81-9dc4-3022854a0ce3,2026-05-17T00:30:00Z,2026-05-17T02:30:00+0200,7027.86,MW,BE,BE,actual_load,Actual Load,2026-06-08T19:45:53Z
2026-06-08T19:45:40Z,2026-06-08T21:45:40+0200,2c10495a-697a-4f81-9dc4-3022854a0ce3,2026-05-17T00:45:00Z,2026-05-17T02:45:00+0200,7016.03,MW,BE,BE,actual_load,Actual Load,2026-06-08T19:45:53Z
2026-06-08T19:45:40Z,2026-06-08T21:45:40+0200,2c10495a-697a-4f81-9dc4-3022854a0ce3,2026-05-17T01:00:00Z,2026-05-17T03:00:00+0200,7011.8,MW,BE,BE,actual_load,Actual Load,2026-06-08T19:45:53Z
2026-06-08T19:45:40Z,2026-06-08T21:45:40+0200,2c10495a-697a-4f81-9dc4-3022854a0ce3,2026-05-17T01:15:00Z,2026-05-17T03:15:00+0200,6889.88,MW,BE,BE,actual_load,Actual Load,2026-06-08T19:45:53Z
2026-06-08T19:45:40Z,2026-06-08T21:45:40+0200,2c10495a-697a-4f81-9dc4-3022854a0ce3,2026-05-17T01:30:00Z,2026-05-17T03:30:00+0200,6914.4,MW,BE,BE,actual_load,Actual Load,2026-06-08T19:45:53Z
2026-06-08T19:45:40Z,2026-06-08T21:45:40+0200,2c10495a-697a-4f81-9dc4-3022854a0ce3,2026-05-17T01:45:00Z,2026-05-17T03:45:00+0200,6756.3,MW,BE,BE,actual_load,Actual Load,2026-06-08T19:45:53Z
2026-06-08T19:45:40Z,2026-06-08T21:45:40+0200,2c10495a-697a-4f81-9dc4-3022854a0ce3,2026-05-17T02:00:00Z,2026-05-17T04:00:00+0200,6769.67,MW,BE,BE,actual_load,Actual Load,2026-06-08T19:45:53Z
2026-06-08T19:45:40Z,2026-06-08T21:45:40+0200,2c10495a-697a-4f81-9dc4-3022854a0ce3,2026-05-17T02:15:00Z,2026-05-17T04:15:00+0200,6829.08,MW,BE,BE,actual_load,Actual Load,2026-06-08T19:45:53Z
2026-06-08T19:45:40Z,2026-06-08T21:45:40+0200,2c10495a-697a-4f81-9dc4-3022854a0ce3,2026-05-17T02:30:00Z,2026-05-17T04:30:00+0200,6751.82,MW,BE,BE,actual_load,Actual Load,2026-06-08T19:45:53Z
2026-06-08T19:45:40Z,2026-06-08T21:45:40+0200,2c10495a-697a-4f81-9dc4-3022854a0ce3,2026-05-17T02:45:00Z,2026-05-17T04:45:00+0200,6762.16,MW,BE,BE,actual_load,Actual Load,2026-06-08T19:45:53Z
2026-06-08T19:45:40Z,2026-06-08T21:45:40+0200,2c10495a-697a-4f81-9dc4-3022854a0ce3,2026-05-17T03:00:00Z,2026-05-17T05:00:00+0200,6881.32,MW,BE,BE,actual_load,Actual Load,2026-06-08T19:45:53Z
2026-06-08T19:45:40Z,2026-06-08T21:45:40+0200,2c10495a-697a-4f81-9dc4-3022854a0ce3,2026-05-17T03:15:00Z,2026-05-17T05:15:00+0200,6874.72,MW,BE,BE,actual_load,Actual Load,2026-06-08T19:45:53Z
2026-06-08T19:45:40Z,2026-06-08T21:45:40+0200,2c10495a-697a-4f81-9dc4-3022854a0ce3,2026-05-17T03:30:00Z,2026-05-17T05:30:00+0200,6948.13,MW,BE,BE,actual_load,Actual Load,2026-06-08T19:45:53Z
2026-06-08T19:45:40Z,2026-06-08T21:45:40+0200,2c10495a-697a-4f81-9dc4-3022854a0ce3,2026-05-17T03:45:00Z,2026-05-17T05:45:00+0200,6917.08,MW,BE,BE,actual_load,Actual Load,2026-06-08T19:45:53Z
2026-06-08T19:45:40Z,2026-06-08T21:45:40+0200,2c10495a-697a-4f81-9dc4-3022854a0ce3,2026-05-17T04:00:00Z,2026-05-17T06:00:00+0200,6981.63,MW,BE,BE,actual_load,Actual Load,2026-06-08T19:45:53Z
2026-06-08T19:45:40Z,2026-06-08T21:45:40+0200,2c10495a-697a-4f81-9dc4-3022854a0ce3,2026-05-17T04:15:00Z,2026-05-17T06:15:00+0200,6983.39,MW,BE,BE,actual_load,Actual Load,2026-06-08T19:45:53Z
2026-06-08T19:45:40Z,2026-06-08T21:45:40+0200,2c10495a-697a-4f81-9dc4-3022854a0ce3,2026-05-17T04:30:00Z,2026-05-17T06:30:00+0200,7006.32,MW,BE,BE,actual_load,Actual Load,2026-06-08T19:45:53Z
2026-06-08T19:45:40Z,2026-06-08T21:45:40+0200,2c10495a-697a-4f81-9dc4-3022854a0ce3,2026-05-17T04:45:00Z,2026-05-17T06:45:00+0200,7159.72,MW,BE,BE,actual_load,Actual Load,2026-06-08T19:45:53Z
2026-06-08T19:45:40Z,2026-06-08T21:45:40+0200,2c10495a-697a-4f81-9dc4-3022854a0ce3,2026-05-17T05:00:00Z,2026-05-17T07:00:00+0200,7238.07,MW,BE,BE,actual_load,Actual Load,2026-06-08T19:45:53Z
2026-06-08T19:45:40Z,2026-06-08T21:45:40+0200,2c10495a-697a-4f81-9dc4-3022854a0ce3,2026-05-17T05:15:00Z,2026-05-17T07:15:00+0200,7346.37,MW,BE,BE,actual_load,Actual Load,2026-06-08T19:45:53Z
2026-06-08T19:45:40Z,2026-06-08T21:45:40+0200,2c10495a-697a-4f81-9dc4-3022854a0ce3,2026-05-17T05:30:00Z,2026-05-17T07:30:00+0200,7424.4,MW,BE,BE,actual_load,Actual Load,2026-06-08T19:45:53Z
2026-06-08T19:45:40Z,2026-06-08T21:45:40+0200,2c10495a-697a-4f81-9dc4-3022854a0ce3,2026-05-17T05:45:00Z,2026-05-17T07:45:00+0200,7511.32,MW,BE,BE,actual_load,Actual Load,2026-06-08T19:45:53Z
2026-06-08T19:45:40Z,2026-06-08T21:45:40+0200,2c10495a-697a-4f81-9dc4-3022854a0ce3,2026-05-17T06:00:00Z,2026-05-17T08:00:00+0200,7624.38,MW,BE,BE,actual_load,Actual Load,2026-06-08T19:45:53Z
2026-06-08T19:45:40Z,2026-06-08T21:45:40+0200,2c10495a-697a-4f81-9dc4-3022854a0ce3,2026-05-17T06:15:00Z,2026-05-17T08:15:00+0200,7689.08,MW,BE,BE,actual_load,Actual Load,2026-06-08T19:45:53Z
2026-06-08T19:45:40Z,2026-06-08T21:45:40+0200,2c10495a-697a-4f81-9dc4-3022854a0ce3,2026-05-17T06:30:00Z,2026-05-17T08:30:00+0200,7863.64,MW,BE,BE,actual_load,Actual Load,2026-06-08T19:45:53Z
2026-06-08T19:45:40Z,2026-06-08T21:45:40+0200,2c10495a-697a-4f81-9dc4-3022854a0ce3,2026-05-17T06:45:00Z,2026-05-17T08:45:00+0200,7986.92,MW,BE,BE,actual_load,Actual Load,2026-06-08T19:45:53Z
2026-06-08T19:45:40Z,2026-06-08T21:45:40+0200,2c10495a-697a-4f81-9dc4-3022854a0ce3,2026-05-17T07:00:00Z,2026-05-17T09:00:00+0200,7924.89,MW,BE,BE,actual_load,Actual Load,2026-06-08T19:45:53Z
2026-06-08T19:45:40Z,2026-06-08T21:45:40+0200,2c10495a-697a-4f81-9dc4-3022854a0ce3,2026-05-17T07:15:00Z,2026-05-17T09:15:00+0200,8201.99,MW,BE,BE,actual_load,Actual Load,2026-06-08T19:45:53Z
2026-06-08T19:45:40Z,2026-06-08T21:45:40+0200,2c10495a-697a-4f81-9dc4-3022854a0ce3,2026-05-17T07:30:00Z,2026-05-17T09:30:00+0200,8349.71,MW,BE,BE,actual_load,Actual Load,2026-06-08T19:45:53Z
2026-06-08T19:45:40Z,2026-06-08T21:45:40+0200,2c10495a-697a-4f81-9dc4-3022854a0ce3,2026-05-17T07:45:00Z,2026-05-17T09:45:00+0200,8460.86,MW,BE,BE,actual_load,Actual Load,2026-06-08T19:45:53Z
2026-06-08T19:45:40Z,2026-06-08T21:45:40+0200,2c10495a-697a-4f81-9dc4-3022854a0ce3,2026-05-17T08:00:00Z,2026-05-17T10:00:00+0200,8578.92,MW,BE,BE,actual_load,Actual Load,2026-06-08T19:45:53Z
2026-06-08T19:45:40Z,2026-06-08T21:45:40+0200,2c10495a-697a-4f81-9dc4-3022854a0ce3,2026-05-17T08:15:00Z,2026-05-17T10:15:00+0200,8822.35,MW,BE,BE,actual_load,Actual Load,2026-06-08T19:45:53Z
2026-06-08T19:45:40Z,2026-06-08T21:45:40+0200,2c10495a-697a-4f81-9dc4-3022854a0ce3,2026-05-17T08:30:00Z,2026-05-17T10:30:00+0200,8843.87,MW,BE,BE,actual_load,Actual Load,2026-06-08T19:45:53Z
2026-06-08T19:45:40Z,2026-06-08T21:45:40+0200,2c10495a-697a-4f81-9dc4-3022854a0ce3,2026-05-17T08:45:00Z,2026-05-17T10:45:00+0200,9020.96,MW,BE,BE,actual_load,Actual Load,2026-06-08T19:45:53Z
2026-06-08T19:45:40Z,2026-06-08T21:45:40+0200,2c10495a-697a-4f81-9dc4-3022854a0ce3,2026-05-17T09:00:00Z,2026-05-17T11:00:00+0200,9072.48,MW,BE,BE,actual_load,Actual Load,2026-06-08T19:45:53Z
2026-06-08T19:45:40Z,2026-06-08T21:45:40+0200,2c10495a-697a-4f81-9dc4-3022854a0ce3,2026-05-17T09:15:00Z,2026-05-17T11:15:00+0200,9232.3,MW,BE,BE,actual_load,Actual Load,2026-06-08T19:45:53Z
2026-06-08T19:45:40Z,2026-06-08T21:45:40+0200,2c10495a-697a-4f81-9dc4-3022854a0ce3,2026-05-17T09:30:00Z,2026-05-17T11:30:00+0200,9163.83,MW,BE,BE,actual_load,Actual Load,2026-06-08T19:45:53Z
2026-06-08T19:45:40Z,2026-06-08T21:45:40+0200,2c10495a-697a-4f81-9dc4-3022854a0ce3,2026-05-17T09:45:00Z,2026-05-17T11:45:00+0200,9177.81,MW,BE,BE,actual_load,Actual Load,2026-06-08T19:45:53Z
2026-06-08T19:45:40Z,2026-06-08T21:45:40+0200,2c10495a-697a-4f81-9dc4-3022854a0ce3,2026-05-17T10:00:00Z,2026-05-17T12:00:00+0200,9145.07,MW,BE,BE,actual_load,Actual Load,2026-06-08T19:45:53Z
2026-06-08T19:45:40Z,2026-06-08T21:45:40+0200,2c10495a-697a-4f81-9dc4-3022854a0ce3,2026-05-17T10:15:00Z,2026-05-17T12:15:00+0200,9096.42,MW,BE,BE,actual_load,Actual Load,2026-06-08T19:45:53Z
2026-06-08T19:45:40Z,2026-06-08T21:45:40+0200,2c10495a-697a-4f81-9dc4-3022854a0ce3,2026-05-17T10:30:00Z,2026-05-17T12:30:00+0200,9046.69,MW,BE,BE,actual_load,Actual Load,2026-06-08T19:45:53Z
2026-06-08T19:45:40Z,2026-06-08T21:45:40+0200,2c10495a-697a-4f81-9dc4-3022854a0ce3,2026-05-17T10:45:00Z,2026-05-17T12:45:00+0200,9022.26,MW,BE,BE,actual_load,Actual Load,2026-06-08T19:45:53Z
2026-06-08T19:45:40Z,2026-06-08T21:45:40+0200,2c10495a-697a-4f81-9dc4-3022854a0ce3,2026-05-17T11:00:00Z,2026-05-17T13:00:00+0200,8996.17,MW,BE,BE,actual_load,Actual Load,2026-06-08T19:45:53Z
2026-06-08T19:45:40Z,2026-06-08T21:45:40+0200,2c10495a-697a-4f81-9dc4-3022854a0ce3,2026-05-17T11:15:00Z,2026-05-17T13:15:00+0200,9011.24,MW,BE,BE,actual_load,Actual Load,2026-06-08T19:45:53Z
2026-06-08T19:45:40Z,2026-06-08T21:45:40+0200,2c10495a-697a-4f81-9dc4-3022854a0ce3,2026-05-17T11:30:00Z,2026-05-17T13:30:00+0200,9102.78,MW,BE,BE,actual_load,Actual Load,2026-06-08T19:45:53Z
2026-06-08T19:45:40Z,2026-06-08T21:45:40+0200,2c10495a-697a-4f81-9dc4-3022854a0ce3,2026-05-17T11:45:00Z,2026-05-17T13:45:00+0200,9004.57,MW,BE,BE,actual_load,Actual Load,2026-06-08T19:45:53Z
2026-06-08T19:45:40Z,2026-06-08T21:45:40+0200,2c10495a-697a-4f81-9dc4-3022854a0ce3,2026-05-17T12:00:00Z,2026-05-17T14:00:00+0200,8831.08,MW,BE,BE,actual_load,Actual Load,2026-06-08T19:45:53Z
2026-06-08T19:45:40Z,2026-06-08T21:45:40+0200,2c10495a-697a-4f81-9dc4-3022854a0ce3,2026-05-17T12:15:00Z,2026-05-17T14:15:00+0200,8654.05,MW,BE,BE,actual_load,Actual Load,2026-06-08T19:45:53Z
2026-06-08T19:45:40Z,2026-06-08T21:45:40+0200,2c10495a-697a-4f81-9dc4-3022854a0ce3,2026-05-17T12:30:00Z,2026-05-17T14:30:00+0200,8558.75,MW,BE,BE,actual_load,Actual Load,2026-06-08T19:45:53Z
2026-06-08T19:45:40Z,2026-06-08T21:45:40+0200,2c10495a-697a-4f81-9dc4-3022854a0ce3,2026-05-17T12:45:00Z,2026-05-17T14:45:00+0200,8420.74,MW,BE,BE,actual_load,Actual Load,2026-06-08T19:45:53Z
2026-06-08T19:45:40Z,2026-06-08T21:45:40+0200,2c10495a-697a-4f81-9dc4-3022854a0ce3,2026-05-17T13:00:00Z,2026-05-17T15:00:00+0200,8324.96,MW,BE,BE,actual_load,Actual Load,2026-06-08T19:45:53Z
2026-06-08T19:45:40Z,2026-06-08T21:45:40+0200,2c10495a-697a-4f81-9dc4-3022854a0ce3,2026-05-17T13:15:00Z,2026-05-17T15:15:00+0200,8324.87,MW,BE,BE,actual_load,Actual Load,2026-06-08T19:45:53Z
2026-06-08T19:45:40Z,2026-06-08T21:45:40+0200,2c10495a-697a-4f81-9dc4-3022854a0ce3,2026-05-17T13:30:00Z,2026-05-17T15:30:00+0200,8415.39,MW,BE,BE,actual_load,Actual Load,2026-06-08T19:45:53Z
2026-06-08T19:45:40Z,2026-06-08T21:45:40+0200,2c10495a-697a-4f81-9dc4-3022854a0ce3,2026-05-17T13:45:00Z,2026-05-17T15:45:00+0200,8386.27,MW,BE,BE,actual_load,Actual Load,2026-06-08T19:45:53Z
2026-06-08T19:45:40Z,2026-06-08T21:45:40+0200,2c10495a-697a-4f81-9dc4-3022854a0ce3,2026-05-17T14:00:00Z,2026-05-17T16:00:00+0200,8403.0,MW,BE,BE,actual_load,Actual Load,2026-06-08T19:45:53Z
2026-06-08T19:45:40Z,2026-06-08T21:45:40+0200,2c10495a-697a-4f81-9dc4-3022854a0ce3,2026-05-17T14:15:00Z,2026-05-17T16:15:00+0200,8512.06,MW,BE,BE,actual_load,Actual Load,2026-06-08T19:45:53Z
2026-06-08T19:45:40Z,2026-06-08T21:45:40+0200,2c10495a-697a-4f81-9dc4-3022854a0ce3,2026-05-17T14:30:00Z,2026-05-17T16:30:00+0200,8439.94,MW,BE,BE,actual_load,Actual Load,2026-06-08T19:45:53Z
2026-06-08T19:45:40Z,2026-06-08T21:45:40+0200,2c10495a-697a-4f81-9dc4-3022854a0ce3,2026-05-17T14:45:00Z,2026-05-17T16:45:00+0200,8473.24,MW,BE,BE,actual_load,Actual Load,2026-06-08T19:45:53Z
2026-06-08T19:45:40Z,2026-06-08T21:45:40+0200,2c10495a-697a-4f81-9dc4-3022854a0ce3,2026-05-17T15:00:00Z,2026-05-17T17:00:00+0200,8381.27,MW,BE,BE,actual_load,Actual Load,2026-06-08T19:45:53Z
2026-06-08T19:45:40Z,2026-06-08T21:45:40+0200,2c10495a-697a-4f81-9dc4-3022854a0ce3,2026-05-17T15:15:00Z,2026-05-17T17:15:00+0200,8251.17,MW,BE,BE,actual_load,Actual Load,2026-06-08T19:45:53Z
2026-06-08T19:45:40Z,2026-06-08T21:45:40+0200,2c10495a-697a-4f81-9dc4-3022854a0ce3,2026-05-17T15:30:00Z,2026-05-17T17:30:00+0200,8229.16,MW,BE,BE,actual_load,Actual Load,2026-06-08T19:45:53Z
2026-06-08T19:45:40Z,2026-06-08T21:45:40+0200,2c10495a-697a-4f81-9dc4-3022854a0ce3,2026-05-17T15:45:00Z,2026-05-17T17:45:00+0200,8251.77,MW,BE,BE,actual_load,Actual Load,2026-06-08T19:45:53Z
2026-06-08T19:45:40Z,2026-06-08T21:45:40+0200,2c10495a-697a-4f81-9dc4-3022854a0ce3,2026-05-17T16:00:00Z,2026-05-17T18:00:00+0200,8377.97,MW,BE,BE,actual_load,Actual Load,2026-06-08T19:45:53Z
2026-06-08T19:45:40Z,2026-06-08T21:45:40+0200,2c10495a-697a-4f81-9dc4-3022854a0ce3,2026-05-17T16:15:00Z,2026-05-17T18:15:00+0200,8442.36,MW,BE,BE,actual_load,Actual Load,2026-06-08T19:45:53Z
2026-06-08T19:45:40Z,2026-06-08T21:45:40+0200,2c10495a-697a-4f81-9dc4-3022854a0ce3,2026-05-17T16:30:00Z,2026-05-17T18:30:00+0200,8428.52,MW,BE,BE,actual_load,Actual Load,2026-06-08T19:45:53Z
2026-06-08T19:45:40Z,2026-06-08T21:45:40+0200,2c10495a-697a-4f81-9dc4-3022854a0ce3,2026-05-17T16:45:00Z,2026-05-17T18:45:00+0200,8500.74,MW,BE,BE,actual_load,Actual Load,2026-06-08T19:45:53Z
2026-06-08T19:45:40Z,2026-06-08T21:45:40+0200,2c10495a-697a-4f81-9dc4-3022854a0ce3,2026-05-17T17:00:00Z,2026-05-17T19:00:00+0200,8655.67,MW,BE,BE,actual_load,Actual Load,2026-06-08T19:45:53Z
2026-06-08T19:45:40Z,2026-06-08T21:45:40+0200,2c10495a-697a-4f81-9dc4-3022854a0ce3,2026-05-17T17:15:00Z,2026-05-17T19:15:00+0200,8694.17,MW,BE,BE,actual_load,Actual Load,2026-06-08T19:45:53Z
2026-06-08T19:45:40Z,2026-06-08T21:45:40+0200,2c10495a-697a-4f81-9dc4-3022854a0ce3,2026-05-17T17:30:00Z,2026-05-17T19:30:00+0200,8675.27,MW,BE,BE,actual_load,Actual Load,2026-06-08T19:45:53Z
2026-06-08T19:45:40Z,2026-06-08T21:45:40+0200,2c10495a-697a-4f81-9dc4-3022854a0ce3,2026-05-17T17:45:00Z,2026-05-17T19:45:00+0200,8483.35,MW,BE,BE,actual_load,Actual Load,2026-06-08T19:45:53Z
2026-06-08T19:45:40Z,2026-06-08T21:45:40+0200,2c10495a-697a-4f81-9dc4-3022854a0ce3,2026-05-17T18:00:00Z,2026-05-17T20:00:00+0200,8661.85,MW,BE,BE,actual_load,Actual Load,2026-06-08T19:45:53Z
2026-06-08T19:45:40Z,2026-06-08T21:45:40+0200,2c10495a-697a-4f81-9dc4-3022854a0ce3,2026-05-17T18:15:00Z,2026-05-17T20:15:00+0200,8507.94,MW,BE,BE,actual_load,Actual Load,2026-06-08T19:45:53Z
2026-06-08T19:45:40Z,2026-06-08T21:45:40+0200,2c10495a-697a-4f81-9dc4-3022854a0ce3,2026-05-17T18:30:00Z,2026-05-17T20:30:00+0200,8510.04,MW,BE,BE,actual_load,Actual Load,2026-06-08T19:45:53Z
2026-06-08T19:45:40Z,2026-06-08T21:45:40+0200,2c10495a-697a-4f81-9dc4-3022854a0ce3,2026-05-17T18:45:00Z,2026-05-17T20:45:00+0200,8413.44,MW,BE,BE,actual_load,Actual Load,2026-06-08T19:45:53Z
2026-06-08T19:45:40Z,2026-06-08T21:45:40+0200,2c10495a-697a-4f81-9dc4-3022854a0ce3,2026-05-17T19:00:00Z,2026-05-17T21:00:00+0200,8440.29,MW,BE,BE,actual_load,Actual Load,2026-06-08T19:45:53Z
2026-06-08T19:45:40Z,2026-06-08T21:45:40+0200,2c10495a-697a-4f81-9dc4-3022854a0ce3,2026-05-17T19:15:00Z,2026-05-17T21:15:00+0200,8424.31,MW,BE,BE,actual_load,Actual Load,2026-06-08T19:45:53Z
2026-06-08T19:45:40Z,2026-06-08T21:45:40+0200,2c10495a-697a-4f81-9dc4-3022854a0ce3,2026-05-17T19:30:00Z,2026-05-17T21:30:00+0200,8440.28,MW,BE,BE,actual_load,Actual Load,2026-06-08T19:45:53Z
2026-06-08T19:45:40Z,2026-06-08T21:45:40+0200,2c10495a-697a-4f81-9dc4-3022854a0ce3,2026-05-17T19:45:00Z,2026-05-17T21:45:00+0200,8375.26,MW,BE,BE,actual_load,Actual Load,2026-06-08T19:45:53Z
2026-06-08T19:45:40Z,2026-06-08T21:45:40+0200,2c10495a-697a-4f81-9dc4-3022854a0ce3,2026-05-17T20:00:00Z,2026-05-17T22:00:00+0200,8456.81,MW,BE,BE,actual_load,Actual Load,2026-06-08T19:45:53Z
2026-06-08T19:45:40Z,2026-06-08T21:45:40+0200,2c10495a-697a-4f81-9dc4-3022854a0ce3,2026-05-17T20:15:00Z,2026-05-17T22:15:00+0200,8473.77,MW,BE,BE,actual_load,Actual Load,2026-06-08T19:45:53Z
2026-06-08T19:45:40Z,2026-06-08T21:45:40+0200,2c10495a-697a-4f81-9dc4-3022854a0ce3,2026-05-17T20:30:00Z,2026-05-17T22:30:00+0200,8360.61,MW,BE,BE,actual_load,Actual Load,2026-06-08T19:45:53Z
2026-06-08T19:45:40Z,2026-06-08T21:45:40+0200,2c10495a-697a-4f81-9dc4-3022854a0ce3,2026-05-17T20:45:00Z,2026-05-17T22:45:00+0200,8261.32,MW,BE,BE,actual_load,Actual Load,2026-06-08T19:45:53Z
2026-06-08T19:45:40Z,2026-06-08T21:45:40+0200,2c10495a-697a-4f81-9dc4-3022854a0ce3,2026-05-17T21:00:00Z,2026-05-17T23:00:00+0200,8135.45,MW,BE,BE,actual_load,Actual Load,2026-06-08T19:45:53Z
2026-06-08T19:45:40Z,2026-06-08T21:45:40+0200,2c10495a-697a-4f81-9dc4-3022854a0ce3,2026-05-17T21:15:00Z,2026-05-17T23:15:00+0200,7969.51,MW,BE,BE,actual_load,Actual Load,2026-06-08T19:45:53Z
2026-06-08T19:45:40Z,2026-06-08T21:45:40+0200,2c10495a-697a-4f81-9dc4-3022854a0ce3,2026-05-17T21:30:00Z,2026-05-17T23:30:00+0200,7869.75,MW,BE,BE,actual_load,Actual Load,2026-06-08T19:45:53Z
2026-06-08T19:45:40Z,2026-06-08T21:45:40+0200,2c10495a-697a-4f81-9dc4-3022854a0ce3,2026-05-17T21:45:00Z,2026-05-17T23:45:00+0200,7695.55,MW,BE,BE,actual_load,Actual Load,2026-06-08T19:45:53Z
2026-06-08T19:45:40Z,2026-06-08T21:45:40+0200,2c10495a-697a-4f81-9dc4-3022854a0ce3,2026-05-17T22:00:00Z,2026-05-18T00:00:00+0200,7613.66,MW,BE,BE,actual_load,Actual Load,2026-06-08T19:45:53Z
2026-06-08T19:45:40Z,2026-06-08T21:45:40+0200,2c10495a-697a-4f81-9dc4-3022854a0ce3,2026-05-17T22:15:00Z,2026-05-18T00:15:00+0200,7517.2,MW,BE,BE,actual_load,Actual Load,2026-06-08T19:45:53Z
2026-06-08T19:45:40Z,2026-06-08T21:45:40+0200,2c10495a-697a-4f81-9dc4-3022854a0ce3,2026-05-17T22:30:00Z,2026-05-18T00:30:00+0200,7522.81,MW,BE,BE,actual_load,Actual Load,2026-06-08T19:45:53Z
2026-06-08T19:45:40Z,2026-06-08T21:45:40+0200,2c10495a-697a-4f81-9dc4-3022854a0ce3,2026-05-17T22:45:00Z,2026-05-18T00:45:00+0200,7466.89,MW,BE,BE,actual_load,Actual Load,2026-06-08T19:45:53Z
2026-06-08T19:45:40Z,2026-06-08T21:45:40+0200,2c10495a-697a-4f81-9dc4-3022854a0ce3,2026-05-17T23:00:00Z,2026-05-18T01:00:00+0200,7359.7,MW,BE,BE,actual_load,Actual Load,2026-06-08T19:45:53Z
2026-06-08T19:45:40Z,2026-06-08T21:45:40+0200,2c10495a-697a-4f81-9dc4-3022854a0ce3,2026-05-17T23:15:00Z,2026-05-18T01:15:00+0200,7309.55,MW,BE,BE,actual_load,Actual Load,2026-06-08T19:45:53Z
2026-06-08T19:45:40Z,2026-06-08T21:45:40+0200,2c10495a-697a-4f81-9dc4-3022854a0ce3,2026-05-17T23:30:00Z,2026-05-18T01:30:00+0200,7284.62,MW,BE,BE,actual_load,Actual Load,2026-06-08T19:45:53Z
2026-06-08T19:45:40Z,2026-06-08T21:45:40+0200,2c10495a-697a-4f81-9dc4-3022854a0ce3,2026-05-17T23:45:00Z,2026-05-18T01:45:00+0200,7289.35,MW,BE,BE,actual_load,Actual Load,2026-06-08T19:45:53Z
2026-06-08T19:45:40Z,2026-06-08T21:45:40+0200,2c10495a-697a-4f81-9dc4-3022854a0ce3,2026-05-18T00:00:00Z,2026-05-18T02:00:00+0200,7252.14,MW,BE,BE,actual_load,Actual Load,2026-06-08T19:45:53Z
2026-06-08T19:45:40Z,2026-06-08T21:45:40+0200,2c10495a-697a-4f81-9dc4-3022854a0ce3,2026-05-18T00:15:00Z,2026-05-18T02:15:00+0200,7207.35,MW,BE,BE,actual_load,Actual Load,2026-06-08T19:45:53Z
2026-06-08T19:45:40Z,2026-06-08T21:45:40+0200,2c10495a-697a-4f81-9dc4-3022854a0ce3,2026-05-18T00:30:00Z,2026-05-18T02:30:00+0200,7223.27,MW,BE,BE,actual_load,Actual Load,2026-06-08T19:45:53Z
2026-06-08T19:45:40Z,2026-06-08T21:45:40+0200,2c10495a-697a-4f81-9dc4-3022854a0ce3,2026-05-18T00:45:00Z,2026-05-18T02:45:00+0200,7191.7,MW,BE,BE,actual_load,Actual Load,2026-06-08T19:45:53Z
2026-06-08T19:45:40Z,2026-06-08T21:45:40+0200,2c10495a-697a-4f81-9dc4-3022854a0ce3,2026-05-18T01:00:00Z,2026-05-18T03:00:00+0200,7204.92,MW,BE,BE,actual_load,Actual Load,2026-06-08T19:45:53Z
2026-06-08T19:45:40Z,2026-06-08T21:45:40+0200,2c10495a-697a-4f81-9dc4-3022854a0ce3,2026-05-18T01:15:00Z,2026-05-18T03:15:00+0200,7279.24,MW,BE,BE,actual_load,Actual Load,2026-06-08T19:45:53Z
2026-06-08T19:45:40Z,2026-06-08T21:45:40+0200,2c10495a-697a-4f81-9dc4-3022854a0ce3,2026-05-18T01:30:00Z,2026-05-18T03:30:00+0200,7282.09,MW,BE,BE,actual_load,Actual Load,2026-06-08T19:45:53Z
2026-06-08T19:45:40Z,2026-06-08T21:45:40+0200,2c10495a-697a-4f81-9dc4-3022854a0ce3,2026-05-18T01:45:00Z,2026-05-18T03:45:00+0200,7272.21,MW,BE,BE,actual_load,Actual Load,2026-06-08T19:45:53Z
2026-06-08T19:45:40Z,2026-06-08T21:45:40+0200,2c10495a-697a-4f81-9dc4-3022854a0ce3,2026-05-18T02:00:00Z,2026-05-18T04:00:00+0200,7226.45,MW,BE,BE,actual_load,Actual Load,2026-06-08T19:45:53Z
2026-06-08T19:45:40Z,2026-06-08T21:45:40+0200,2c10495a-697a-4f81-9dc4-3022854a0ce3,2026-05-18T02:15:00Z,2026-05-18T04:15:00+0200,7204.58,MW,BE,BE,actual_load,Actual Load,2026-06-08T19:45:53Z
2026-06-08T19:45:40Z,2026-06-08T21:45:40+0200,2c10495a-697a-4f81-9dc4-3022854a0ce3,2026-05-18T02:30:00Z,2026-05-18T04:30:00+0200,7209.29,MW,BE,BE,actual_load,Actual Load,2026-06-08T19:45:53Z
2026-06-08T19:45:40Z,2026-06-08T21:45:40+0200,2c10495a-697a-4f81-9dc4-3022854a0ce3,2026-05-18T02:45:00Z,2026-05-18T04:45:00+0200,7249.66,MW,BE,BE,actual_load,Actual Load,2026-06-08T19:45:53Z
2026-06-08T19:45:40Z,2026-06-08T21:45:40+0200,2c10495a-697a-4f81-9dc4-3022854a0ce3,2026-05-18T03:00:00Z,2026-05-18T05:00:00+0200,7415.96,MW,BE,BE,actual_load,Actual Load,2026-06-08T19:45:53Z
2026-06-08T19:45:40Z,2026-06-08T21:45:40+0200,2c10495a-697a-4f81-9dc4-3022854a0ce3,2026-05-18T03:15:00Z,2026-05-18T05:15:00+0200,7558.2,MW,BE,BE,actual_load,Actual Load,2026-06-08T19:45:53Z
2026-06-08T19:45:40Z,2026-06-08T21:45:40+0200,2c10495a-697a-4f81-9dc4-3022854a0ce3,2026-05-18T03:30:00Z,2026-05-18T05:30:00+0200,7670.61,MW,BE,BE,actual_load,Actual Load,2026-06-08T19:45:53Z
2026-06-08T19:45:40Z,2026-06-08T21:45:40+0200,2c10495a-697a-4f81-9dc4-3022854a0ce3,2026-05-18T03:45:00Z,2026-05-18T05:45:00+0200,7768.34,MW,BE,BE,actual_load,Actual Load,2026-06-08T19:45:53Z
2026-06-08T19:45:40Z,2026-06-08T21:45:40+0200,2c10495a-697a-4f81-9dc4-3022854a0ce3,2026-05-18T04:00:00Z,2026-05-18T06:00:00+0200,8140.27,MW,BE,BE,actual_load,Actual Load,2026-06-08T19:45:53Z
2026-06-08T19:45:40Z,2026-06-08T21:45:40+0200,2c10495a-697a-4f81-9dc4-3022854a0ce3,2026-05-18T04:15:00Z,2026-05-18T06:15:00+0200,8426.21,MW,BE,BE,actual_load,Actual Load,2026-06-08T19:45:53Z
2026-06-08T19:45:40Z,2026-06-08T21:45:40+0200,2c10495a-697a-4f81-9dc4-3022854a0ce3,2026-05-18T04:30:00Z,2026-05-18T06:30:00+0200,8563.2,MW,BE,BE,actual_load,Actual Load,2026-06-08T19:45:53Z
2026-06-08T19:45:40Z,2026-06-08T21:45:40+0200,2c10495a-697a-4f81-9dc4-3022854a0ce3,2026-05-18T04:45:00Z,2026-05-18T06:45:00+0200,8794.36,MW,BE,BE,actual_load,Actual Load,2026-06-08T19:45:53Z
2026-06-08T19:45:40Z,2026-06-08T21:45:40+0200,2c10495a-697a-4f81-9dc4-3022854a0ce3,2026-05-18T05:00:00Z,2026-05-18T07:00:00+0200,8973.59,MW,BE,BE,actual_load,Actual Load,2026-06-08T19:45:53Z
2026-06-08T19:45:40Z,2026-06-08T21:45:40+0200,2c10495a-697a-4f81-9dc4-3022854a0ce3,2026-05-18T05:15:00Z,2026-05-18T07:15:00+0200,9272.82,MW,BE,BE,actual_load,Actual Load,2026-06-08T19:45:53Z
2026-06-08T19:45:40Z,2026-06-08T21:45:40+0200,2c10495a-697a-4f81-9dc4-3022854a0ce3,2026-05-18T05:30:00Z,2026-05-18T07:30:00+0200,9495.25,MW,BE,BE,actual_load,Actual Load,2026-06-08T19:45:53Z
2026-06-08T19:45:40Z,2026-06-08T21:45:40+0200,2c10495a-697a-4f81-9dc4-3022854a0ce3,2026-05-18T05:45:00Z,2026-05-18T07:45:00+0200,9692.66,MW,BE,BE,actual_load,Actual Load,2026-06-08T19:45:53Z
2026-06-08T19:45:40Z,2026-06-08T21:45:40+0200,2c10495a-697a-4f81-9dc4-3022854a0ce3,2026-05-18T06:00:00Z,2026-05-18T08:00:00+0200,9939.24,MW,BE,BE,actual_load,Actual Load,2026-06-08T19:45:53Z
2026-06-08T19:45:40Z,2026-06-08T21:45:40+0200,2c10495a-697a-4f81-9dc4-3022854a0ce3,2026-05-18T06:15:00Z,2026-05-18T08:15:00+0200,10171.5,MW,BE,BE,actual_load,Actual Load,2026-06-08T19:45:53Z
2026-06-08T19:45:40Z,2026-06-08T21:45:40+0200,2c10495a-697a-4f81-9dc4-3022854a0ce3,2026-05-18T06:30:00Z,2026-05-18T08:30:00+0200,10377.79,MW,BE,BE,actual_load,Actual Load,2026-06-08T19:45:53Z
2026-06-08T19:45:40Z,2026-06-08T21:45:40+0200,2c10495a-697a-4f81-9dc4-3022854a0ce3,2026-05-18T06:45:00Z,2026-05-18T08:45:00+0200,10498.25,MW,BE,BE,actual_load,Actual Load,2026-06-08T19:45:53Z
2026-06-08T19:45:40Z,2026-06-08T21:45:40+0200,2c10495a-697a-4f81-9dc4-3022854a0ce3,2026-05-18T07:00:00Z,2026-05-18T09:00:00+0200,10516.36,MW,BE,BE,actual_load,Actual Load,2026-06-08T19:45:53Z
2026-06-08T19:45:40Z,2026-06-08T21:45:40+0200,2c10495a-697a-4f81-9dc4-3022854a0ce3,2026-05-18T07:15:00Z,2026-05-18T09:15:00+0200,10549.48,MW,BE,BE,actual_load,Actual Load,2026-06-08T19:45:53Z
2026-06-08T19:45:40Z,2026-06-08T21:45:40+0200,2c10495a-697a-4f81-9dc4-3022854a0ce3,2026-05-18T07:30:00Z,2026-05-18T09:30:00+0200,10835.31,MW,BE,BE,actual_load,Actual Load,2026-06-08T19:45:53Z
2026-06-08T19:45:40Z,2026-06-08T21:45:40+0200,2c10495a-697a-4f81-9dc4-3022854a0ce3,2026-05-18T07:45:00Z,2026-05-18T09:45:00+0200,10831.65,MW,BE,BE,actual_load,Actual Load,2026-06-08T19:45:53Z
2026-06-08T19:45:40Z,2026-06-08T21:45:40+0200,2c10495a-697a-4f81-9dc4-3022854a0ce3,2026-05-18T08:00:00Z,2026-05-18T10:00:00+0200,10682.59,MW,BE,BE,actual_load,Actual Load,2026-06-08T19:45:53Z
2026-06-08T19:45:40Z,2026-06-08T21:45:40+0200,2c10495a-697a-4f81-9dc4-3022854a0ce3,2026-05-18T08:15:00Z,2026-05-18T10:15:00+0200,10739.85,MW,BE,BE,actual_load,Actual Load,2026-06-08T19:45:53Z
2026-06-08T19:45:40Z,2026-06-08T21:45:40+0200,2c10495a-697a-4f81-9dc4-3022854a0ce3,2026-05-18T08:30:00Z,2026-05-18T10:30:00+0200,10662.5,MW,BE,BE,actual_load,Actual Load,2026-06-08T19:45:53Z
2026-06-08T19:45:40Z,2026-06-08T21:45:40+0200,2c10495a-697a-4f81-9dc4-3022854a0ce3,2026-05-18T08:45:00Z,2026-05-18T10:45:00+0200,10614.95,MW,BE,BE,actual_load,Actual Load,2026-06-08T19:45:53Z
2026-06-08T19:45:40Z,2026-06-08T21:45:40+0200,2c10495a-697a-4f81-9dc4-3022854a0ce3,2026-05-18T09:00:00Z,2026-05-18T11:00:00+0200,10810.42,MW,BE,BE,actual_load,Actual Load,2026-06-08T19:45:53Z
2026-06-08T19:45:40Z,2026-06-08T21:45:40+0200,2c10495a-697a-4f81-9dc4-3022854a0ce3,2026-05-18T09:15:00Z,2026-05-18T11:15:00+0200,10967.23,MW,BE,BE,actual_load,Actual Load,2026-06-08T19:45:53Z
2026-06-08T19:45:40Z,2026-06-08T21:45:40+0200,2c10495a-697a-4f81-9dc4-3022854a0ce3,2026-05-18T09:30:00Z,2026-05-18T11:30:00+0200,10878.2,MW,BE,BE,actual_load,Actual Load,2026-06-08T19:45:53Z
2026-06-08T19:45:40Z,2026-06-08T21:45:40+0200,2c10495a-697a-4f81-9dc4-3022854a0ce3,2026-05-18T09:45:00Z,2026-05-18T11:45:00+0200,11003.8,MW,BE,BE,actual_load,Actual Load,2026-06-08T19:45:53Z
2026-06-08T19:45:40Z,2026-06-08T21:45:40+0200,2c10495a-697a-4f81-9dc4-3022854a0ce3,2026-05-18T10:00:00Z,2026-05-18T12:00:00+0200,10658.41,MW,BE,BE,actual_load,Actual Load,2026-06-08T19:45:53Z
2026-06-08T19:45:40Z,2026-06-08T21:45:40+0200,2c10495a-697a-4f81-9dc4-3022854a0ce3,2026-05-18T10:15:00Z,2026-05-18T12:15:00+0200,10572.92,MW,BE,BE,actual_load,Actual Load,2026-06-08T19:45:53Z
2026-06-08T19:45:40Z,2026-06-08T21:45:40+0200,2c10495a-697a-4f81-9dc4-3022854a0ce3,2026-05-18T10:30:00Z,2026-05-18T12:30:00+0200,10537.98,MW,BE,BE,actual_load,Actual Load,2026-06-08T19:45:53Z
2026-06-08T19:45:40Z,2026-06-08T21:45:40+0200,2c10495a-697a-4f81-9dc4-3022854a0ce3,2026-05-18T10:45:00Z,2026-05-18T12:45:00+0200,10556.31,MW,BE,BE,actual_load,Actual Load,2026-06-08T19:45:53Z
2026-06-08T19:45:40Z,2026-06-08T21:45:40+0200,2c10495a-697a-4f81-9dc4-3022854a0ce3,2026-05-18T11:00:00Z,2026-05-18T13:00:00+0200,10471.78,MW,BE,BE,actual_load,Actual Load,2026-06-08T19:45:53Z
2026-06-08T19:45:40Z,2026-06-08T21:45:40+0200,2c10495a-697a-4f81-9dc4-3022854a0ce3,2026-05-18T11:15:00Z,2026-05-18T13:15:00+0200,10558.0,MW,BE,BE,actual_load,Actual Load,2026-06-08T19:45:53Z
2026-06-08T19:45:40Z,2026-06-08T21:45:40+0200,2c10495a-697a-4f81-9dc4-3022854a0ce3,2026-05-18T11:30:00Z,2026-05-18T13:30:00+0200,10613.16,MW,BE,BE,actual_load,Actual Load,2026-06-08T19:45:53Z
2026-06-08T19:45:40Z,2026-06-08T21:45:40+0200,2c10495a-697a-4f81-9dc4-3022854a0ce3,2026-05-18T11:45:00Z,2026-05-18T13:45:00+0200,10622.0,MW,BE,BE,actual_load,Actual Load,2026-06-08T19:45:53Z
2026-06-08T19:45:40Z,2026-06-08T21:45:40+0200,2c10495a-697a-4f81-9dc4-3022854a0ce3,2026-05-18T12:00:00Z,2026-05-18T14:00:00+0200,10479.86,MW,BE,BE,actual_load,Actual Load,2026-06-08T19:45:53Z
2026-06-08T19:45:40Z,2026-06-08T21:45:40+0200,2c10495a-697a-4f81-9dc4-3022854a0ce3,2026-05-18T12:15:00Z,2026-05-18T14:15:00+0200,10293.96,MW,BE,BE,actual_load,Actual Load,2026-06-08T19:45:53Z
2026-06-08T19:45:40Z,2026-06-08T21:45:40+0200,2c10495a-697a-4f81-9dc4-3022854a0ce3,2026-05-18T12:30:00Z,2026-05-18T14:30:00+0200,10136.64,MW,BE,BE,actual_load,Actual Load,2026-06-08T19:45:53Z
2026-06-08T19:45:40Z,2026-06-08T21:45:40+0200,2c10495a-697a-4f81-9dc4-3022854a0ce3,2026-05-18T12:45:00Z,2026-05-18T14:45:00+0200,10184.34,MW,BE,BE,actual_load,Actual Load,2026-06-08T19:45:53Z
2026-06-08T19:45:40Z,2026-06-08T21:45:40+0200,2c10495a-697a-4f81-9dc4-3022854a0ce3,2026-05-18T13:00:00Z,2026-05-18T15:00:00+0200,10112.77,MW,BE,BE,actual_load,Actual Load,2026-06-08T19:45:53Z
2026-06-08T19:45:40Z,2026-06-08T21:45:40+0200,2c10495a-697a-4f81-9dc4-3022854a0ce3,2026-05-18T13:15:00Z,2026-05-18T15:15:00+0200,10011.29,MW,BE,BE,actual_load,Actual Load,2026-06-08T19:45:53Z
2026-06-08T19:45:40Z,2026-06-08T21:45:40+0200,2c10495a-697a-4f81-9dc4-3022854a0ce3,2026-05-18T13:30:00Z,2026-05-18T15:30:00+0200,9824.02,MW,BE,BE,actual_load,Actual Load,2026-06-08T19:45:53Z
2026-06-08T19:45:40Z,2026-06-08T21:45:40+0200,2c10495a-697a-4f81-9dc4-3022854a0ce3,2026-05-18T13:45:00Z,2026-05-18T15:45:00+0200,9695.48,MW,BE,BE,actual_load,Actual Load,2026-06-08T19:45:53Z
2026-06-08T19:45:40Z,2026-06-08T21:45:40+0200,2c10495a-697a-4f81-9dc4-3022854a0ce3,2026-05-18T14:00:00Z,2026-05-18T16:00:00+0200,9424.76,MW,BE,BE,actual_load,Actual Load,2026-06-08T19:45:53Z
2026-06-08T19:45:40Z,2026-06-08T21:45:40+0200,2c10495a-697a-4f81-9dc4-3022854a0ce3,2026-05-18T14:15:00Z,2026-05-18T16:15:00+0200,9381.12,MW,BE,BE,actual_load,Actual Load,2026-06-08T19:45:53Z
2026-06-08T19:45:40Z,2026-06-08T21:45:40+0200,2c10495a-697a-4f81-9dc4-3022854a0ce3,2026-05-18T14:30:00Z,2026-05-18T16:30:00+0200,9514.04,MW,BE,BE,actual_load,Actual Load,2026-06-08T19:45:53Z
2026-06-08T19:45:40Z,2026-06-08T21:45:40+0200,2c10495a-697a-4f81-9dc4-3022854a0ce3,2026-05-18T14:45:00Z,2026-05-18T16:45:00+0200,9517.27,MW,BE,BE,actual_load,Actual Load,2026-06-08T19:45:53Z
2026-06-08T19:45:40Z,2026-06-08T21:45:40+0200,2c10495a-697a-4f81-9dc4-3022854a0ce3,2026-05-18T15:00:00Z,2026-05-18T17:00:00+0200,9761.11,MW,BE,BE,actual_load,Actual Load,2026-06-08T19:45:53Z
2026-06-08T19:45:40Z,2026-06-08T21:45:40+0200,2c10495a-697a-4f81-9dc4-3022854a0ce3,2026-05-18T15:15:00Z,2026-05-18T17:15:00+0200,9946.84,MW,BE,BE,actual_load,Actual Load,2026-06-08T19:45:53Z
2026-06-08T19:45:40Z,2026-06-08T21:45:40+0200,2c10495a-697a-4f81-9dc4-3022854a0ce3,2026-05-18T15:30:00Z,2026-05-18T17:30:00+0200,10017.84,MW,BE,BE,actual_load,Actual Load,2026-06-08T19:45:53Z
2026-06-08T19:45:40Z,2026-06-08T21:45:40+0200,2c10495a-697a-4f81-9dc4-3022854a0ce3,2026-05-18T15:45:00Z,2026-05-18T17:45:00+0200,10031.82,MW,BE,BE,actual_load,Actual Load,2026-06-08T19:45:53Z
2026-06-08T19:45:40Z,2026-06-08T21:45:40+0200,2c10495a-697a-4f81-9dc4-3022854a0ce3,2026-05-18T16:00:00Z,2026-05-18T18:00:00+0200,9992.54,MW,BE,BE,actual_load,Actual Load,2026-06-08T19:45:53Z
2026-06-08T19:45:40Z,2026-06-08T21:45:40+0200,2c10495a-697a-4f81-9dc4-3022854a0ce3,2026-05-18T16:15:00Z,2026-05-18T18:15:00+0200,9902.94,MW,BE,BE,actual_load,Actual Load,2026-06-08T19:45:53Z
2026-06-08T19:45:40Z,2026-06-08T21:45:40+0200,2c10495a-697a-4f81-9dc4-3022854a0ce3,2026-05-18T16:30:00Z,2026-05-18T18:30:00+0200,9890.14,MW,BE,BE,actual_load,Actual Load,2026-06-08T19:45:53Z
2026-06-08T19:45:40Z,2026-06-08T21:45:40+0200,2c10495a-697a-4f81-9dc4-3022854a0ce3,2026-05-18T16:45:00Z,2026-05-18T18:45:00+0200,9900.71,MW,BE,BE,actual_load,Actual Load,2026-06-08T19:45:53Z
2026-06-08T19:45:40Z,2026-06-08T21:45:40+0200,2c10495a-697a-4f81-9dc4-3022854a0ce3,2026-05-18T17:00:00Z,2026-05-18T19:00:00+0200,9923.23,MW,BE,BE,actual_load,Actual Load,2026-06-08T19:45:53Z
2026-06-08T19:45:40Z,2026-06-08T21:45:40+0200,2c10495a-697a-4f81-9dc4-3022854a0ce3,2026-05-18T17:15:00Z,2026-05-18T19:15:00+0200,9899.19,MW,BE,BE,actual_load,Actual Load,2026-06-08T19:45:53Z
2026-06-08T19:45:40Z,2026-06-08T21:45:40+0200,2c10495a-697a-4f81-9dc4-3022854a0ce3,2026-05-18T17:30:00Z,2026-05-18T19:30:00+0200,9815.42,MW,BE,BE,actual_load,Actual Load,2026-06-08T19:45:53Z
2026-06-08T19:45:40Z,2026-06-08T21:45:40+0200,2c10495a-697a-4f81-9dc4-3022854a0ce3,2026-05-18T17:45:00Z,2026-05-18T19:45:00+0200,9639.2,MW,BE,BE,actual_load,Actual Load,2026-06-08T19:45:53Z
2026-06-08T19:45:40Z,2026-06-08T21:45:40+0200,2c10495a-697a-4f81-9dc4-3022854a0ce3,2026-05-18T18:00:00Z,2026-05-18T20:00:00+0200,9568.13,MW,BE,BE,actual_load,Actual Load,2026-06-08T19:45:53Z
2026-06-08T19:45:40Z,2026-06-08T21:45:40+0200,2c10495a-697a-4f81-9dc4-3022854a0ce3,2026-05-18T18:15:00Z,2026-05-18T20:15:00+0200,9438.48,MW,BE,BE,actual_load,Actual Load,2026-06-08T19:45:53Z
2026-06-08T19:45:40Z,2026-06-08T21:45:40+0200,2c10495a-697a-4f81-9dc4-3022854a0ce3,2026-05-18T18:30:00Z,2026-05-18T20:30:00+0200,9390.54,MW,BE,BE,actual_load,Actual Load,2026-06-08T19:45:53Z
2026-06-08T19:45:40Z,2026-06-08T21:45:40+0200,2c10495a-697a-4f81-9dc4-3022854a0ce3,2026-05-18T18:45:00Z,2026-05-18T20:45:00+0200,9204.03,MW,BE,BE,actual_load,Actual Load,2026-06-08T19:45:53Z
2026-06-08T19:45:40Z,2026-06-08T21:45:40+0200,2c10495a-697a-4f81-9dc4-3022854a0ce3,2026-05-18T19:00:00Z,2026-05-18T21:00:00+0200,9158.82,MW,BE,BE,actual_load,Actual Load,2026-06-08T19:45:53Z
2026-06-08T19:45:40Z,2026-06-08T21:45:40+0200,2c10495a-697a-4f81-9dc4-3022854a0ce3,2026-05-18T19:15:00Z,2026-05-18T21:15:00+0200,9178.41,MW,BE,BE,actual_load,Actual Load,2026-06-08T19:45:53Z
2026-06-08T19:45:40Z,2026-06-08T21:45:40+0200,2c10495a-697a-4f81-9dc4-3022854a0ce3,2026-05-18T19:30:00Z,2026-05-18T21:30:00+0200,9244.21,MW,BE,BE,actual_load,Actual Load,2026-06-08T19:45:53Z
2026-06-08T19:45:40Z,2026-06-08T21:45:40+0200,2c10495a-697a-4f81-9dc4-3022854a0ce3,2026-05-18T19:45:00Z,2026-05-18T21:45:00+0200,9186.59,MW,BE,BE,actual_load,Actual Load,2026-06-08T19:45:53Z
2026-06-08T19:45:40Z,2026-06-08T21:45:40+0200,2c10495a-697a-4f81-9dc4-3022854a0ce3,2026-05-18T20:00:00Z,2026-05-18T22:00:00+0200,9179.14,MW,BE,BE,actual_load,Actual Load,2026-06-08T19:45:53Z
2026-06-08T19:45:40Z,2026-06-08T21:45:40+0200,2c10495a-697a-4f81-9dc4-3022854a0ce3,2026-05-18T20:15:00Z,2026-05-18T22:15:00+0200,9214.46,MW,BE,BE,actual_load,Actual Load,2026-06-08T19:45:53Z
2026-06-08T19:45:40Z,2026-06-08T21:45:40+0200,2c10495a-697a-4f81-9dc4-3022854a0ce3,2026-05-18T20:30:00Z,2026-05-18T22:30:00+0200,9128.35,MW,BE,BE,actual_load,Actual Load,2026-06-08T19:45:53Z
2026-06-08T19:45:40Z,2026-06-08T21:45:40+0200,2c10495a-697a-4f81-9dc4-3022854a0ce3,2026-05-18T20:45:00Z,2026-05-18T22:45:00+0200,9023.85,MW,BE,BE,actual_load,Actual Load,2026-06-08T19:45:53Z
2026-06-08T19:45:40Z,2026-06-08T21:45:40+0200,2c10495a-697a-4f81-9dc4-3022854a0ce3,2026-05-18T21:00:00Z,2026-05-18T23:00:00+0200,8989.73,MW,BE,BE,actual_load,Actual Load,2026-06-08T19:45:53Z
2026-06-08T19:45:40Z,2026-06-08T21:45:40+0200,2c10495a-697a-4f81-9dc4-3022854a0ce3,2026-05-18T21:15:00Z,2026-05-18T23:15:00+0200,8842.11,MW,BE,BE,actual_load,Actual Load,2026-06-08T19:45:53Z
2026-06-08T19:45:40Z,2026-06-08T21:45:40+0200,2c10495a-697a-4f81-9dc4-3022854a0ce3,2026-05-18T21:30:00Z,2026-05-18T23:30:00+0200,8616.2,MW,BE,BE,actual_load,Actual Load,2026-06-08T19:45:53Z
2026-06-08T19:45:40Z,2026-06-08T21:45:40+0200,2c10495a-697a-4f81-9dc4-3022854a0ce3,2026-05-18T21:45:00Z,2026-05-18T23:45:00+0200,8485.38,MW,BE,BE,actual_load,Actual Load,2026-06-08T19:45:53Z
2026-06-08T19:45:40Z,2026-06-08T21:45:40+0200,2c10495a-697a-4f81-9dc4-3022854a0ce3,2026-05-18T22:00:00Z,2026-05-19T00:00:00+0200,8290.37,MW,BE,BE,actual_load,Actual Load,2026-06-08T19:45:53Z
2026-06-08T19:45:40Z,2026-06-08T21:45:40+0200,2c10495a-697a-4f81-9dc4-3022854a0ce3,2026-05-18T22:15:00Z,2026-05-19T00:15:00+0200,8175.24,MW,BE,BE,actual_load,Actual Load,2026-06-08T19:45:53Z
2026-06-08T19:45:40Z,2026-06-08T21:45:40+0200,2c10495a-697a-4f81-9dc4-3022854a0ce3,2026-05-18T22:30:00Z,2026-05-19T00:30:00+0200,8067.53,MW,BE,BE,actual_load,Actual Load,2026-06-08T19:45:53Z
2026-06-08T19:45:40Z,2026-06-08T21:45:40+0200,2c10495a-697a-4f81-9dc4-3022854a0ce3,2026-05-18T22:45:00Z,2026-05-19T00:45:00+0200,7888.93,MW,BE,BE,actual_load,Actual Load,2026-06-08T19:45:53Z
2026-06-08T19:45:40Z,2026-06-08T21:45:40+0200,2c10495a-697a-4f81-9dc4-3022854a0ce3,2026-05-18T23:00:00Z,2026-05-19T01:00:00+0200,7815.89,MW,BE,BE,actual_load,Actual Load,2026-06-08T19:45:53Z
2026-06-08T19:45:40Z,2026-06-08T21:45:40+0200,2c10495a-697a-4f81-9dc4-3022854a0ce3,2026-05-18T23:15:00Z,2026-05-19T01:15:00+0200,7737.73,MW,BE,BE,actual_load,Actual Load,2026-06-08T19:45:53Z
2026-06-08T19:45:40Z,2026-06-08T21:45:40+0200,2c10495a-697a-4f81-9dc4-3022854a0ce3,2026-05-18T23:30:00Z,2026-05-19T01:30:00+0200,7785.94,MW,BE,BE,actual_load,Actual Load,2026-06-08T19:45:53Z
2026-06-08T19:45:40Z,2026-06-08T21:45:40+0200,2c10495a-697a-4f81-9dc4-3022854a0ce3,2026-05-18T23:45:00Z,2026-05-19T01:45:00+0200,7718.53,MW,BE,BE,actual_load,Actual Load,2026-06-08T19:45:53Z
2026-06-08T19:45:40Z,2026-06-08T21:45:40+0200,2c10495a-697a-4f81-9dc4-3022854a0ce3,2026-05-19T00:00:00Z,2026-05-19T02:00:00+0200,7578.01,MW,BE,BE,actual_load,Actual Load,2026-06-08T19:45:53Z
2026-06-08T19:45:40Z,2026-06-08T21:45:40+0200,2c10495a-697a-4f81-9dc4-3022854a0ce3,2026-05-19T00:15:00Z,2026-05-19T02:15:00+0200,7491.62,MW,BE,BE,actual_load,Actual Load,2026-06-08T19:45:53Z
2026-06-08T19:45:40Z,2026-06-08T21:45:40+0200,2c10495a-697a-4f81-9dc4-3022854a0ce3,2026-05-19T00:30:00Z,2026-05-19T02:30:00+0200,7362.58,MW,BE,BE,actual_load,Actual Load,2026-06-08T19:45:53Z
2026-06-08T19:45:40Z,2026-06-08T21:45:40+0200,2c10495a-697a-4f81-9dc4-3022854a0ce3,2026-05-19T00:45:00Z,2026-05-19T02:45:00+0200,7382.14,MW,BE,BE,actual_load,Actual Load,2026-06-08T19:45:53Z
2026-06-08T19:45:40Z,2026-06-08T21:45:40+0200,2c10495a-697a-4f81-9dc4-3022854a0ce3,2026-05-19T01:00:00Z,2026-05-19T03:00:00+0200,7449.84,MW,BE,BE,actual_load,Actual Load,2026-06-08T19:45:53Z
2026-06-08T19:45:40Z,2026-06-08T21:45:40+0200,2c10495a-697a-4f81-9dc4-3022854a0ce3,2026-05-19T01:15:00Z,2026-05-19T03:15:00+0200,7390.16,MW,BE,BE,actual_load,Actual Load,2026-06-08T19:45:53Z
2026-06-08T19:45:40Z,2026-06-08T21:45:40+0200,2c10495a-697a-4f81-9dc4-3022854a0ce3,2026-05-19T01:30:00Z,2026-05-19T03:30:00+0200,7431.49,MW,BE,BE,actual_load,Actual Load,2026-06-08T19:45:53Z
2026-06-08T19:45:40Z,2026-06-08T21:45:40+0200,2c10495a-697a-4f81-9dc4-3022854a0ce3,2026-05-19T01:45:00Z,2026-05-19T03:45:00+0200,7423.1,MW,BE,BE,actual_load,Actual Load,2026-06-08T19:45:53Z
2026-06-08T19:45:40Z,2026-06-08T21:45:40+0200,2c10495a-697a-4f81-9dc4-3022854a0ce3,2026-05-19T02:00:00Z,2026-05-19T04:00:00+0200,7439.74,MW,BE,BE,actual_load,Actual Load,2026-06-08T19:45:53Z
2026-06-08T19:45:40Z,2026-06-08T21:45:40+0200,2c10495a-697a-4f81-9dc4-3022854a0ce3,2026-05-19T02:15:00Z,2026-05-19T04:15:00+0200,7464.03,MW,BE,BE,actual_load,Actual Load,2026-06-08T19:45:53Z
2026-06-08T19:45:40Z,2026-06-08T21:45:40+0200,2c10495a-697a-4f81-9dc4-3022854a0ce3,2026-05-19T02:30:00Z,2026-05-19T04:30:00+0200,7501.79,MW,BE,BE,actual_load,Actual Load,2026-06-08T19:45:53Z
2026-06-08T19:45:40Z,2026-06-08T21:45:40+0200,2c10495a-697a-4f81-9dc4-3022854a0ce3,2026-05-19T02:45:00Z,2026-05-19T04:45:00+0200,7642.98,MW,BE,BE,actual_load,Actual Load,2026-06-08T19:45:53Z
2026-06-08T19:45:40Z,2026-06-08T21:45:40+0200,2c10495a-697a-4f81-9dc4-3022854a0ce3,2026-05-19T03:00:00Z,2026-05-19T05:00:00+0200,7865.49,MW,BE,BE,actual_load,Actual Load,2026-06-08T19:45:53Z
2026-06-08T19:45:40Z,2026-06-08T21:45:40+0200,2c10495a-697a-4f81-9dc4-3022854a0ce3,2026-05-19T03:15:00Z,2026-05-19T05:15:00+0200,7917.27,MW,BE,BE,actual_load,Actual Load,2026-06-08T19:45:53Z
2026-06-08T19:45:40Z,2026-06-08T21:45:40+0200,2c10495a-697a-4f81-9dc4-3022854a0ce3,2026-05-19T03:30:00Z,2026-05-19T05:30:00+0200,7975.53,MW,BE,BE,actual_load,Actual Load,2026-06-08T19:45:53Z
2026-06-08T19:45:40Z,2026-06-08T21:45:40+0200,2c10495a-697a-4f81-9dc4-3022854a0ce3,2026-05-19T03:45:00Z,2026-05-19T05:45:00+0200,7982.04,MW,BE,BE,actual_load,Actual Load,2026-06-08T19:45:53Z
2026-06-08T19:45:40Z,2026-06-08T21:45:40+0200,2c10495a-697a-4f81-9dc4-3022854a0ce3,2026-05-19T04:00:00Z,2026-05-19T06:00:00+0200,8212.97,MW,BE,BE,actual_load,Actual Load,2026-06-08T19:45:53Z
2026-06-08T19:45:40Z,2026-06-08T21:45:40+0200,2c10495a-697a-4f81-9dc4-3022854a0ce3,2026-05-19T04:15:00Z,2026-05-19T06:15:00+0200,8376.88,MW,BE,BE,actual_load,Actual Load,2026-06-08T19:45:53Z
2026-06-08T19:45:40Z,2026-06-08T21:45:40+0200,2c10495a-697a-4f81-9dc4-3022854a0ce3,2026-05-19T04:30:00Z,2026-05-19T06:30:00+0200,8602.51,MW,BE,BE,actual_load,Actual Load,2026-06-08T19:45:53Z
2026-06-08T19:45:40Z,2026-06-08T21:45:40+0200,2c10495a-697a-4f81-9dc4-3022854a0ce3,2026-05-19T04:45:00Z,2026-05-19T06:45:00+0200,8909.0,MW,BE,BE,actual_load,Actual Load,2026-06-08T19:45:53Z
2026-06-08T19:45:40Z,2026-06-08T21:45:40+0200,2c10495a-697a-4f81-9dc4-3022854a0ce3,2026-05-19T05:00:00Z,2026-05-19T07:00:00+0200,9297.95,MW,BE,BE,actual_load,Actual Load,2026-06-08T19:45:53Z
2026-06-08T19:45:40Z,2026-06-08T21:45:40+0200,2c10495a-697a-4f81-9dc4-3022854a0ce3,2026-05-19T05:15:00Z,2026-05-19T07:15:00+0200,9533.68,MW,BE,BE,actual_load,Actual Load,2026-06-08T19:45:53Z
2026-06-08T19:45:40Z,2026-06-08T21:45:40+0200,2c10495a-697a-4f81-9dc4-3022854a0ce3,2026-05-19T05:30:00Z,2026-05-19T07:30:00+0200,9756.88,MW,BE,BE,actual_load,Actual Load,2026-06-08T19:45:53Z
2026-06-08T19:45:40Z,2026-06-08T21:45:40+0200,2c10495a-697a-4f81-9dc4-3022854a0ce3,2026-05-19T05:45:00Z,2026-05-19T07:45:00+0200,9991.45,MW,BE,BE,actual_load,Actual Load,2026-06-08T19:45:53Z
2026-06-08T19:45:40Z,2026-06-08T21:45:40+0200,2c10495a-697a-4f81-9dc4-3022854a0ce3,2026-05-19T06:00:00Z,2026-05-19T08:00:00+0200,10061.94,MW,BE,BE,actual_load,Actual Load,2026-06-08T19:45:53Z
2026-06-08T19:45:40Z,2026-06-08T21:45:40+0200,2c10495a-697a-4f81-9dc4-3022854a0ce3,2026-05-19T06:15:00Z,2026-05-19T08:15:00+0200,10205.89,MW,BE,BE,actual_load,Actual Load,2026-06-08T19:45:53Z
2026-06-08T19:45:40Z,2026-06-08T21:45:40+0200,2c10495a-697a-4f81-9dc4-3022854a0ce3,2026-05-19T06:30:00Z,2026-05-19T08:30:00+0200,10417.95,MW,BE,BE,actual_load,Actual Load,2026-06-08T19:45:53Z
2026-06-08T19:45:40Z,2026-06-08T21:45:40+0200,2c10495a-697a-4f81-9dc4-3022854a0ce3,2026-05-19T06:45:00Z,2026-05-19T08:45:00+0200,10534.09,MW,BE,BE,actual_load,Actual Load,2026-06-08T19:45:53Z
2026-06-08T19:45:40Z,2026-06-08T21:45:40+0200,2c10495a-697a-4f81-9dc4-3022854a0ce3,2026-05-19T07:00:00Z,2026-05-19T09:00:00+0200,10564.77,MW,BE,BE,actual_load,Actual Load,2026-06-08T19:45:53Z
2026-06-08T19:45:40Z,2026-06-08T21:45:40+0200,2c10495a-697a-4f81-9dc4-3022854a0ce3,2026-05-19T07:15:00Z,2026-05-19T09:15:00+0200,10669.75,MW,BE,BE,actual_load,Actual Load,2026-06-08T19:45:53Z
2026-06-08T19:45:40Z,2026-06-08T21:45:40+0200,2c10495a-697a-4f81-9dc4-3022854a0ce3,2026-05-19T07:30:00Z,2026-05-19T09:30:00+0200,10793.54,MW,BE,BE,actual_load,Actual Load,2026-06-08T19:45:53Z
2026-06-08T19:45:40Z,2026-06-08T21:45:40+0200,2c10495a-697a-4f81-9dc4-3022854a0ce3,2026-05-19T07:45:00Z,2026-05-19T09:45:00+0200,10773.51,MW,BE,BE,actual_load,Actual Load,2026-06-08T19:45:53Z
2026-06-08T19:45:40Z,2026-06-08T21:45:40+0200,2c10495a-697a-4f81-9dc4-3022854a0ce3,2026-05-19T08:00:00Z,2026-05-19T10:00:00+0200,10736.62,MW,BE,BE,actual_load,Actual Load,2026-06-08T19:45:53Z
2026-06-08T19:45:40Z,2026-06-08T21:45:40+0200,2c10495a-697a-4f81-9dc4-3022854a0ce3,2026-05-19T08:15:00Z,2026-05-19T10:15:00+0200,10722.64,MW,BE,BE,actual_load,Actual Load,2026-06-08T19:45:53Z
2026-06-08T19:45:40Z,2026-06-08T21:45:40+0200,2c10495a-697a-4f81-9dc4-3022854a0ce3,2026-05-19T08:30:00Z,2026-05-19T10:30:00+0200,10658.41,MW,BE,BE,actual_load,Actual Load,2026-06-08T19:45:53Z
2026-06-08T19:45:40Z,2026-06-08T21:45:40+0200,2c10495a-697a-4f81-9dc4-3022854a0ce3,2026-05-19T08:45:00Z,2026-05-19T10:45:00+0200,10662.97,MW,BE,BE,actual_load,Actual Load,2026-06-08T19:45:53Z
2026-06-08T19:45:40Z,2026-06-08T21:45:40+0200,2c10495a-697a-4f81-9dc4-3022854a0ce3,2026-05-19T09:00:00Z,2026-05-19T11:00:00+0200,10863.21,MW,BE,BE,actual_load,Actual Load,2026-06-08T19:45:53Z
2026-06-08T19:45:40Z,2026-06-08T21:45:40+0200,2c10495a-697a-4f81-9dc4-3022854a0ce3,2026-05-19T09:15:00Z,2026-05-19T11:15:00+0200,10984.88,MW,BE,BE,actual_load,Actual Load,2026-06-08T19:45:53Z
2026-06-08T19:45:40Z,2026-06-08T21:45:40+0200,2c10495a-697a-4f81-9dc4-3022854a0ce3,2026-05-19T09:30:00Z,2026-05-19T11:30:00+0200,11034.94,MW,BE,BE,actual_load,Actual Load,2026-06-08T19:45:53Z
2026-06-08T19:45:40Z,2026-06-08T21:45:40+0200,2c10495a-697a-4f81-9dc4-3022854a0ce3,2026-05-19T09:45:00Z,2026-05-19T11:45:00+0200,11047.12,MW,BE,BE,actual_load,Actual Load,2026-06-08T19:45:53Z
2026-06-08T19:45:40Z,2026-06-08T21:45:40+0200,2c10495a-697a-4f81-9dc4-3022854a0ce3,2026-05-19T10:00:00Z,2026-05-19T12:00:00+0200,10867.27,MW,BE,BE,actual_load,Actual Load,2026-06-08T19:45:53Z
2026-06-08T19:45:40Z,2026-06-08T21:45:40+0200,2c10495a-697a-4f81-9dc4-3022854a0ce3,2026-05-19T10:15:00Z,2026-05-19T12:15:00+0200,10712.55,MW,BE,BE,actual_load,Actual Load,2026-06-08T19:45:53Z
2026-06-08T19:45:40Z,2026-06-08T21:45:40+0200,2c10495a-697a-4f81-9dc4-3022854a0ce3,2026-05-19T10:30:00Z,2026-05-19T12:30:00+0200,10655.52,MW,BE,BE,actual_load,Actual Load,2026-06-08T19:45:53Z
2026-06-08T19:45:40Z,2026-06-08T21:45:40+0200,2c10495a-697a-4f81-9dc4-3022854a0ce3,2026-05-19T10:45:00Z,2026-05-19T12:45:00+0200,10490.91,MW,BE,BE,actual_load,Actual Load,2026-06-08T19:45:53Z
2026-06-08T19:45:40Z,2026-06-08T21:45:40+0200,2c10495a-697a-4f81-9dc4-3022854a0ce3,2026-05-19T11:00:00Z,2026-05-19T13:00:00+0200,10494.5,MW,BE,BE,actual_load,Actual Load,2026-06-08T19:45:53Z
2026-06-08T19:45:40Z,2026-06-08T21:45:40+0200,2c10495a-697a-4f81-9dc4-3022854a0ce3,2026-05-19T11:15:00Z,2026-05-19T13:15:00+0200,10332.44,MW,BE,BE,actual_load,Actual Load,2026-06-08T19:45:53Z
2026-06-08T19:45:40Z,2026-06-08T21:45:40+0200,2c10495a-697a-4f81-9dc4-3022854a0ce3,2026-05-19T11:30:00Z,2026-05-19T13:30:00+0200,10312.73,MW,BE,BE,actual_load,Actual Load,2026-06-08T19:45:53Z
2026-06-08T19:45:40Z,2026-06-08T21:45:40+0200,2c10495a-697a-4f81-9dc4-3022854a0ce3,2026-05-19T11:45:00Z,2026-05-19T13:45:00+0200,10227.3,MW,BE,BE,actual_load,Actual Load,2026-06-08T19:45:53Z
2026-06-08T19:45:40Z,2026-06-08T21:45:40+0200,2c10495a-697a-4f81-9dc4-3022854a0ce3,2026-05-19T12:00:00Z,2026-05-19T14:00:00+0200,10259.54,MW,BE,BE,actual_load,Actual Load,2026-06-08T19:45:53Z
2026-06-08T19:45:40Z,2026-06-08T21:45:40+0200,2c10495a-697a-4f81-9dc4-3022854a0ce3,2026-05-19T12:15:00Z,2026-05-19T14:15:00+0200,10069.64,MW,BE,BE,actual_load,Actual Load,2026-06-08T19:45:53Z
2026-06-08T19:45:40Z,2026-06-08T21:45:40+0200,2c10495a-697a-4f81-9dc4-3022854a0ce3,2026-05-19T12:30:00Z,2026-05-19T14:30:00+0200,10110.31,MW,BE,BE,actual_load,Actual Load,2026-06-08T19:45:53Z
2026-06-08T19:45:40Z,2026-06-08T21:45:40+0200,2c10495a-697a-4f81-9dc4-3022854a0ce3,2026-05-19T12:45:00Z,2026-05-19T14:45:00+0200,10095.24,MW,BE,BE,actual_load,Actual Load,2026-06-08T19:45:53Z
2026-06-08T19:45:40Z,2026-06-08T21:45:40+0200,2c10495a-697a-4f81-9dc4-3022854a0ce3,2026-05-19T13:00:00Z,2026-05-19T15:00:00+0200,10083.37,MW,BE,BE,actual_load,Actual Load,2026-06-08T19:45:53Z
2026-06-08T19:45:40Z,2026-06-08T21:45:40+0200,2c10495a-697a-4f81-9dc4-3022854a0ce3,2026-05-19T13:15:00Z,2026-05-19T15:15:00+0200,9907.99,MW,BE,BE,actual_load,Actual Load,2026-06-08T19:45:53Z
2026-06-08T19:45:40Z,2026-06-08T21:45:40+0200,2c10495a-697a-4f81-9dc4-3022854a0ce3,2026-05-19T13:30:00Z,2026-05-19T15:30:00+0200,9825.71,MW,BE,BE,actual_load,Actual Load,2026-06-08T19:45:53Z
2026-06-08T19:45:40Z,2026-06-08T21:45:40+0200,2c10495a-697a-4f81-9dc4-3022854a0ce3,2026-05-19T13:45:00Z,2026-05-19T15:45:00+0200,9890.05,MW,BE,BE,actual_load,Actual Load,2026-06-08T19:45:53Z
2026-06-08T19:45:40Z,2026-06-08T21:45:40+0200,2c10495a-697a-4f81-9dc4-3022854a0ce3,2026-05-19T14:00:00Z,2026-05-19T16:00:00+0200,10451.27,MW,BE,BE,actual_load,Actual Load,2026-06-08T19:45:53Z
2026-06-08T19:45:40Z,2026-06-08T21:45:40+0200,2c10495a-697a-4f81-9dc4-3022854a0ce3,2026-05-19T14:15:00Z,2026-05-19T16:15:00+0200,10329.27,MW,BE,BE,actual_load,Actual Load,2026-06-08T19:45:53Z
2026-06-08T19:45:40Z,2026-06-08T21:45:40+0200,2c10495a-697a-4f81-9dc4-3022854a0ce3,2026-05-19T14:30:00Z,2026-05-19T16:30:00+0200,10217.14,MW,BE,BE,actual_load,Actual Load,2026-06-08T19:45:53Z
2026-06-08T19:45:40Z,2026-06-08T21:45:40+0200,2c10495a-697a-4f81-9dc4-3022854a0ce3,2026-05-19T14:45:00Z,2026-05-19T16:45:00+0200,10141.66,MW,BE,BE,actual_load,Actual Load,2026-06-08T19:45:53Z
2026-06-08T19:45:40Z,2026-06-08T21:45:40+0200,2c10495a-697a-4f81-9dc4-3022854a0ce3,2026-05-19T15:00:00Z,2026-05-19T17:00:00+0200,10284.89,MW,BE,BE,actual_load,Actual Load,2026-06-08T19:45:53Z
2026-06-08T19:45:40Z,2026-06-08T21:45:40+0200,2c10495a-697a-4f81-9dc4-3022854a0ce3,2026-05-19T15:15:00Z,2026-05-19T17:15:00+0200,10308.27,MW,BE,BE,actual_load,Actual Load,2026-06-08T19:45:53Z
2026-06-08T19:45:40Z,2026-06-08T21:45:40+0200,2c10495a-697a-4f81-9dc4-3022854a0ce3,2026-05-19T15:30:00Z,2026-05-19T17:30:00+0200,10335.12,MW,BE,BE,actual_load,Actual Load,2026-06-08T19:45:53Z
2026-06-08T19:45:40Z,2026-06-08T21:45:40+0200,2c10495a-697a-4f81-9dc4-3022854a0ce3,2026-05-19T15:45:00Z,2026-05-19T17:45:00+0200,10559.06,MW,BE,BE,actual_load,Actual Load,2026-06-08T19:45:53Z
2026-06-08T19:45:40Z,2026-06-08T21:45:40+0200,2c10495a-697a-4f81-9dc4-3022854a0ce3,2026-05-19T16:00:00Z,2026-05-19T18:00:00+0200,10514.03,MW,BE,BE,actual_load,Actual Load,2026-06-08T19:45:53Z
2026-06-08T19:45:40Z,2026-06-08T21:45:40+0200,2c10495a-697a-4f81-9dc4-3022854a0ce3,2026-05-19T16:15:00Z,2026-05-19T18:15:00+0200,10557.6,MW,BE,BE,actual_load,Actual Load,2026-06-08T19:45:53Z
2026-06-08T19:45:40Z,2026-06-08T21:45:40+0200,2c10495a-697a-4f81-9dc4-3022854a0ce3,2026-05-19T16:30:00Z,2026-05-19T18:30:00+0200,10491.39,MW,BE,BE,actual_load,Actual Load,2026-06-08T19:45:53Z
2026-06-08T19:45:40Z,2026-06-08T21:45:40+0200,2c10495a-697a-4f81-9dc4-3022854a0ce3,2026-05-19T16:45:00Z,2026-05-19T18:45:00+0200,10366.8,MW,BE,BE,actual_load,Actual Load,2026-06-08T19:45:53Z
2026-06-08T19:45:40Z,2026-06-08T21:45:40+0200,2c10495a-697a-4f81-9dc4-3022854a0ce3,2026-05-19T17:00:00Z,2026-05-19T19:00:00+0200,10349.51,MW,BE,BE,actual_load,Actual Load,2026-06-08T19:45:53Z
2026-06-08T19:45:40Z,2026-06-08T21:45:40+0200,2c10495a-697a-4f81-9dc4-3022854a0ce3,2026-05-19T17:15:00Z,2026-05-19T19:15:00+0200,10238.93,MW,BE,BE,actual_load,Actual Load,2026-06-08T19:45:53Z
2026-06-08T19:45:40Z,2026-06-08T21:45:40+0200,2c10495a-697a-4f81-9dc4-3022854a0ce3,2026-05-19T17:30:00Z,2026-05-19T19:30:00+0200,10096.61,MW,BE,BE,actual_load,Actual Load,2026-06-08T19:45:53Z
2026-06-08T19:45:40Z,2026-06-08T21:45:40+0200,2c10495a-697a-4f81-9dc4-3022854a0ce3,2026-05-19T17:45:00Z,2026-05-19T19:45:00+0200,9932.64,MW,BE,BE,actual_load,Actual Load,2026-06-08T19:45:53Z
2026-06-08T19:45:40Z,2026-06-08T21:45:40+0200,2c10495a-697a-4f81-9dc4-3022854a0ce3,2026-05-19T18:00:00Z,2026-05-19T20:00:00+0200,9856.25,MW,BE,BE,actual_load,Actual Load,2026-06-08T19:45:53Z
2026-06-08T19:45:40Z,2026-06-08T21:45:40+0200,2c10495a-697a-4f81-9dc4-3022854a0ce3,2026-05-19T18:15:00Z,2026-05-19T20:15:00+0200,9695.04,MW,BE,BE,actual_load,Actual Load,2026-06-08T19:45:53Z
2026-06-08T19:45:40Z,2026-06-08T21:45:40+0200,2c10495a-697a-4f81-9dc4-3022854a0ce3,2026-05-19T18:30:00Z,2026-05-19T20:30:00+0200,9631.21,MW,BE,BE,actual_load,Actual Load,2026-06-08T19:45:53Z
2026-06-08T19:45:40Z,2026-06-08T21:45:40+0200,2c10495a-697a-4f81-9dc4-3022854a0ce3,2026-05-19T18:45:00Z,2026-05-19T20:45:00+0200,9498.51,MW,BE,BE,actual_load,Actual Load,2026-06-08T19:45:53Z
2026-06-08T19:45:40Z,2026-06-08T21:45:40+0200,2c10495a-697a-4f81-9dc4-3022854a0ce3,2026-05-19T19:00:00Z,2026-05-19T21:00:00+0200,9312.73,MW,BE,BE,actual_load,Actual Load,2026-06-08T19:45:53Z
2026-06-08T19:45:40Z,2026-06-08T21:45:40+0200,2c10495a-697a-4f81-9dc4-3022854a0ce3,2026-05-19T19:15:00Z,2026-05-19T21:15:00+0200,9302.61,MW,BE,BE,actual_load,Actual Load,2026-06-08T19:45:53Z
2026-06-08T19:45:40Z,2026-06-08T21:45:40+0200,2c10495a-697a-4f81-9dc4-3022854a0ce3,2026-05-19T19:30:00Z,2026-05-19T21:30:00+0200,9436.7,MW,BE,BE,actual_load,Actual Load,2026-06-08T19:45:53Z
2026-06-08T19:45:40Z,2026-06-08T21:45:40+0200,2c10495a-697a-4f81-9dc4-3022854a0ce3,2026-05-19T19:45:00Z,2026-05-19T21:45:00+0200,9498.11,MW,BE,BE,actual_load,Actual Load,2026-06-08T19:45:53Z
2026-06-08T19:45:40Z,2026-06-08T21:45:40+0200,2c10495a-697a-4f81-9dc4-3022854a0ce3,2026-05-19T20:00:00Z,2026-05-19T22:00:00+0200,9410.05,MW,BE,BE,actual_load,Actual Load,2026-06-08T19:45:53Z
2026-06-08T19:45:40Z,2026-06-08T21:45:40+0200,2c10495a-697a-4f81-9dc4-3022854a0ce3,2026-05-19T20:15:00Z,2026-05-19T22:15:00+0200,9401.16,MW,BE,BE,actual_load,Actual Load,2026-06-08T19:45:53Z
2026-06-08T19:45:40Z,2026-06-08T21:45:40+0200,2c10495a-697a-4f81-9dc4-3022854a0ce3,2026-05-19T20:30:00Z,2026-05-19T22:30:00+0200,9251.67,MW,BE,BE,actual_load,Actual Load,2026-06-08T19:45:53Z
2026-06-08T19:45:40Z,2026-06-08T21:45:40+0200,2c10495a-697a-4f81-9dc4-3022854a0ce3,2026-05-19T20:45:00Z,2026-05-19T22:45:00+0200,9081.93,MW,BE,BE,actual_load,Actual Load,2026-06-08T19:45:53Z
2026-06-08T19:45:40Z,2026-06-08T21:45:40+0200,2c10495a-697a-4f81-9dc4-3022854a0ce3,2026-05-19T21:00:00Z,2026-05-19T23:00:00+0200,8959.11,MW,BE,BE,actual_load,Actual Load,2026-06-08T19:45:53Z
2026-06-08T19:45:40Z,2026-06-08T21:45:40+0200,2c10495a-697a-4f81-9dc4-3022854a0ce3,2026-05-19T21:15:00Z,2026-05-19T23:15:00+0200,8851.49,MW,BE,BE,actual_load,Actual Load,2026-06-08T19:45:53Z
2026-06-08T19:45:40Z,2026-06-08T21:45:40+0200,2c10495a-697a-4f81-9dc4-3022854a0ce3,2026-05-19T21:30:00Z,2026-05-19T23:30:00+0200,8734.74,MW,BE,BE,actual_load,Actual Load,2026-06-08T19:45:53Z
2026-06-08T19:45:40Z,2026-06-08T21:45:40+0200,2c10495a-697a-4f81-9dc4-3022854a0ce3,2026-05-19T21:45:00Z,2026-05-19T23:45:00+0200,8638.46,MW,BE,BE,actual_load,Actual Load,2026-06-08T19:45:53Z
2026-06-08T19:45:40Z,2026-06-08T21:45:40+0200,2c10495a-697a-4f81-9dc4-3022854a0ce3,2026-05-19T22:00:00Z,2026-05-20T00:00:00+0200,8534.33,MW,BE,BE,actual_load,Actual Load,2026-06-08T19:45:53Z
2026-06-08T19:45:40Z,2026-06-08T21:45:40+0200,2c10495a-697a-4f81-9dc4-3022854a0ce3,2026-05-19T22:15:00Z,2026-05-20T00:15:00+0200,8450.56,MW,BE,BE,actual_load,Actual Load,2026-06-08T19:45:53Z
2026-06-08T19:45:40Z,2026-06-08T21:45:40+0200,2c10495a-697a-4f81-9dc4-3022854a0ce3,2026-05-19T22:30:00Z,2026-05-20T00:30:00+0200,8321.92,MW,BE,BE,actual_load,Actual Load,2026-06-08T19:45:53Z
2026-06-08T19:45:40Z,2026-06-08T21:45:40+0200,2c10495a-697a-4f81-9dc4-3022854a0ce3,2026-05-19T22:45:00Z,2026-05-20T00:45:00+0200,8271.67,MW,BE,BE,actual_load,Actual Load,2026-06-08T19:45:53Z
2026-06-08T19:45:40Z,2026-06-08T21:45:40+0200,2c10495a-697a-4f81-9dc4-3022854a0ce3,2026-05-19T23:00:00Z,2026-05-20T01:00:00+0200,8069.61,MW,BE,BE,actual_load,Actual Load,2026-06-08T19:45:53Z
2026-06-08T19:45:40Z,2026-06-08T21:45:40+0200,2c10495a-697a-4f81-9dc4-3022854a0ce3,2026-05-19T23:15:00Z,2026-05-20T01:15:00+0200,8033.52,MW,BE,BE,actual_load,Actual Load,2026-06-08T19:45:53Z
2026-06-08T19:45:40Z,2026-06-08T21:45:40+0200,2c10495a-697a-4f81-9dc4-3022854a0ce3,2026-05-19T23:30:00Z,2026-05-20T01:30:00+0200,7972.14,MW,BE,BE,actual_load,Actual Load,2026-06-08T19:45:53Z
2026-06-08T19:45:40Z,2026-06-08T21:45:40+0200,2c10495a-697a-4f81-9dc4-3022854a0ce3,2026-05-19T23:45:00Z,2026-05-20T01:45:00+0200,7905.35,MW,BE,BE,actual_load,Actual Load,2026-06-08T19:45:53Z
2026-06-08T19:45:40Z,2026-06-08T21:45:40+0200,2c10495a-697a-4f81-9dc4-3022854a0ce3,2026-05-20T00:00:00Z,2026-05-20T02:00:00+0200,7890.98,MW,BE,BE,actual_load,Actual Load,2026-06-08T19:45:53Z
2026-06-08T19:45:40Z,2026-06-08T21:45:40+0200,2c10495a-697a-4f81-9dc4-3022854a0ce3,2026-05-20T00:15:00Z,2026-05-20T02:15:00+0200,7967.17,MW,BE,BE,actual_load,Actual Load,2026-06-08T19:45:53Z
2026-06-08T19:45:40Z,2026-06-08T21:45:40+0200,2c10495a-697a-4f81-9dc4-3022854a0ce3,2026-05-20T00:30:00Z,2026-05-20T02:30:00+0200,7912.32,MW,BE,BE,actual_load,Actual Load,2026-06-08T19:45:53Z
2026-06-08T19:45:40Z,2026-06-08T21:45:40+0200,2c10495a-697a-4f81-9dc4-3022854a0ce3,2026-05-20T00:45:00Z,2026-05-20T02:45:00+0200,7886.9,MW,BE,BE,actual_load,Actual Load,2026-06-08T19:45:53Z
2026-06-08T19:45:40Z,2026-06-08T21:45:40+0200,2c10495a-697a-4f81-9dc4-3022854a0ce3,2026-05-20T01:00:00Z,2026-05-20T03:00:00+0200,7838.46,MW,BE,BE,actual_load,Actual Load,2026-06-08T19:45:53Z
2026-06-08T19:45:40Z,2026-06-08T21:45:40+0200,2c10495a-697a-4f81-9dc4-3022854a0ce3,2026-05-20T01:15:00Z,2026-05-20T03:15:00+0200,7847.28,MW,BE,BE,actual_load,Actual Load,2026-06-08T19:45:53Z
2026-06-08T19:45:40Z,2026-06-08T21:45:40+0200,2c10495a-697a-4f81-9dc4-3022854a0ce3,2026-05-20T01:30:00Z,2026-05-20T03:30:00+0200,7830.2,MW,BE,BE,actual_load,Actual Load,2026-06-08T19:45:53Z
2026-06-08T19:45:40Z,2026-06-08T21:45:40+0200,2c10495a-697a-4f81-9dc4-3022854a0ce3,2026-05-20T01:45:00Z,2026-05-20T03:45:00+0200,7856.05,MW,BE,BE,actual_load,Actual Load,2026-06-08T19:45:53Z
2026-06-08T19:45:40Z,2026-06-08T21:45:40+0200,2c10495a-697a-4f81-9dc4-3022854a0ce3,2026-05-20T02:00:00Z,2026-05-20T04:00:00+0200,7928.67,MW,BE,BE,actual_load,Actual Load,2026-06-08T19:45:53Z
2026-06-08T19:45:40Z,2026-06-08T21:45:40+0200,2c10495a-697a-4f81-9dc4-3022854a0ce3,2026-05-20T02:15:00Z,2026-05-20T04:15:00+0200,7996.25,MW,BE,BE,actual_load,Actual Load,2026-06-08T19:45:53Z
2026-06-08T19:45:40Z,2026-06-08T21:45:40+0200,2c10495a-697a-4f81-9dc4-3022854a0ce3,2026-05-20T02:30:00Z,2026-05-20T04:30:00+0200,7982.83,MW,BE,BE,actual_load,Actual Load,2026-06-08T19:45:53Z
2026-06-08T19:45:40Z,2026-06-08T21:45:40+0200,2c10495a-697a-4f81-9dc4-3022854a0ce3,2026-05-20T02:45:00Z,2026-05-20T04:45:00+0200,8102.96,MW,BE,BE,actual_load,Actual Load,2026-06-08T19:45:53Z
2026-06-08T19:45:40Z,2026-06-08T21:45:40+0200,2c10495a-697a-4f81-9dc4-3022854a0ce3,2026-05-20T03:00:00Z,2026-05-20T05:00:00+0200,8215.37,MW,BE,BE,actual_load,Actual Load,2026-06-08T19:45:53Z
2026-06-08T19:45:40Z,2026-06-08T21:45:40+0200,2c10495a-697a-4f81-9dc4-3022854a0ce3,2026-05-20T03:15:00Z,2026-05-20T05:15:00+0200,8309.13,MW,BE,BE,actual_load,Actual Load,2026-06-08T19:45:53Z
2026-06-08T19:45:40Z,2026-06-08T21:45:40+0200,2c10495a-697a-4f81-9dc4-3022854a0ce3,2026-05-20T03:30:00Z,2026-05-20T05:30:00+0200,8394.48,MW,BE,BE,actual_load,Actual Load,2026-06-08T19:45:53Z
2026-06-08T19:45:40Z,2026-06-08T21:45:40+0200,2c10495a-697a-4f81-9dc4-3022854a0ce3,2026-05-20T03:45:00Z,2026-05-20T05:45:00+0200,8445.28,MW,BE,BE,actual_load,Actual Load,2026-06-08T19:45:53Z
2026-06-08T19:45:40Z,2026-06-08T21:45:40+0200,2c10495a-697a-4f81-9dc4-3022854a0ce3,2026-05-20T04:00:00Z,2026-05-20T06:00:00+0200,8737.45,MW,BE,BE,actual_load,Actual Load,2026-06-08T19:45:53Z
2026-06-08T19:45:40Z,2026-06-08T21:45:40+0200,2c10495a-697a-4f81-9dc4-3022854a0ce3,2026-05-20T04:15:00Z,2026-05-20T06:15:00+0200,8930.2,MW,BE,BE,actual_load,Actual Load,2026-06-08T19:45:53Z
2026-06-08T19:45:40Z,2026-06-08T21:45:40+0200,2c10495a-697a-4f81-9dc4-3022854a0ce3,2026-05-20T04:30:00Z,2026-05-20T06:30:00+0200,9088.69,MW,BE,BE,actual_load,Actual Load,2026-06-08T19:45:53Z
2026-06-08T19:45:40Z,2026-06-08T21:45:40+0200,2c10495a-697a-4f81-9dc4-3022854a0ce3,2026-05-20T04:45:00Z,2026-05-20T06:45:00+0200,9301.97,MW,BE,BE,actual_load,Actual Load,2026-06-08T19:45:53Z
2026-06-08T19:45:40Z,2026-06-08T21:45:40+0200,2c10495a-697a-4f81-9dc4-3022854a0ce3,2026-05-20T05:00:00Z,2026-05-20T07:00:00+0200,9581.0,MW,BE,BE,actual_load,Actual Load,2026-06-08T19:45:53Z
2026-06-08T19:45:40Z,2026-06-08T21:45:40+0200,2c10495a-697a-4f81-9dc4-3022854a0ce3,2026-05-20T05:15:00Z,2026-05-20T07:15:00+0200,9839.64,MW,BE,BE,actual_load,Actual Load,2026-06-08T19:45:53Z
2026-06-08T19:45:40Z,2026-06-08T21:45:40+0200,2c10495a-697a-4f81-9dc4-3022854a0ce3,2026-05-20T05:30:00Z,2026-05-20T07:30:00+0200,9967.72,MW,BE,BE,actual_load,Actual Load,2026-06-08T19:45:53Z
2026-06-08T19:45:40Z,2026-06-08T21:45:40+0200,2c10495a-697a-4f81-9dc4-3022854a0ce3,2026-05-20T05:45:00Z,2026-05-20T07:45:00+0200,10153.15,MW,BE,BE,actual_load,Actual Load,2026-06-08T19:45:53Z
2026-06-08T19:45:40Z,2026-06-08T21:45:40+0200,2c10495a-697a-4f81-9dc4-3022854a0ce3,2026-05-20T06:00:00Z,2026-05-20T08:00:00+0200,10203.27,MW,BE,BE,actual_load,Actual Load,2026-06-08T19:45:53Z
2026-06-08T19:45:40Z,2026-06-08T21:45:40+0200,2c10495a-697a-4f81-9dc4-3022854a0ce3,2026-05-20T06:15:00Z,2026-05-20T08:15:00+0200,10274.33,MW,BE,BE,actual_load,Actual Load,2026-06-08T19:45:53Z
2026-06-08T19:45:40Z,2026-06-08T21:45:40+0200,2c10495a-697a-4f81-9dc4-3022854a0ce3,2026-05-20T06:30:00Z,2026-05-20T08:30:00+0200,10454.45,MW,BE,BE,actual_load,Actual Load,2026-06-08T19:45:53Z
2026-06-08T19:45:40Z,2026-06-08T21:45:40+0200,2c10495a-697a-4f81-9dc4-3022854a0ce3,2026-05-20T06:45:00Z,2026-05-20T08:45:00+0200,10513.19,MW,BE,BE,actual_load,Actual Load,2026-06-08T19:45:53Z
2026-06-08T19:45:40Z,2026-06-08T21:45:40+0200,2c10495a-697a-4f81-9dc4-3022854a0ce3,2026-05-20T07:00:00Z,2026-05-20T09:00:00+0200,10511.84,MW,BE,BE,actual_load,Actual Load,2026-06-08T19:45:53Z
2026-06-08T19:45:40Z,2026-06-08T21:45:40+0200,2c10495a-697a-4f81-9dc4-3022854a0ce3,2026-05-20T07:15:00Z,2026-05-20T09:15:00+0200,10592.46,MW,BE,BE,actual_load,Actual Load,2026-06-08T19:45:53Z
2026-06-08T19:45:40Z,2026-06-08T21:45:40+0200,2c10495a-697a-4f81-9dc4-3022854a0ce3,2026-05-20T07:30:00Z,2026-05-20T09:30:00+0200,10557.0,MW,BE,BE,actual_load,Actual Load,2026-06-08T19:45:53Z
2026-06-08T19:45:40Z,2026-06-08T21:45:40+0200,2c10495a-697a-4f81-9dc4-3022854a0ce3,2026-05-20T07:45:00Z,2026-05-20T09:45:00+0200,10459.4,MW,BE,BE,actual_load,Actual Load,2026-06-08T19:45:53Z
2026-06-08T19:45:40Z,2026-06-08T21:45:40+0200,2c10495a-697a-4f81-9dc4-3022854a0ce3,2026-05-20T08:00:00Z,2026-05-20T10:00:00+0200,10547.43,MW,BE,BE,actual_load,Actual Load,2026-06-08T19:45:53Z
2026-06-08T19:45:40Z,2026-06-08T21:45:40+0200,2c10495a-697a-4f81-9dc4-3022854a0ce3,2026-05-20T08:15:00Z,2026-05-20T10:15:00+0200,10578.52,MW,BE,BE,actual_load,Actual Load,2026-06-08T19:45:53Z
2026-06-08T19:45:40Z,2026-06-08T21:45:40+0200,2c10495a-697a-4f81-9dc4-3022854a0ce3,2026-05-20T08:30:00Z,2026-05-20T10:30:00+0200,10737.54,MW,BE,BE,actual_load,Actual Load,2026-06-08T19:45:53Z
2026-06-08T19:45:40Z,2026-06-08T21:45:40+0200,2c10495a-697a-4f81-9dc4-3022854a0ce3,2026-05-20T08:45:00Z,2026-05-20T10:45:00+0200,10889.18,MW,BE,BE,actual_load,Actual Load,2026-06-08T19:45:53Z
2026-06-08T19:45:40Z,2026-06-08T21:45:40+0200,2c10495a-697a-4f81-9dc4-3022854a0ce3,2026-05-20T09:00:00Z,2026-05-20T11:00:00+0200,10959.3,MW,BE,BE,actual_load,Actual Load,2026-06-08T19:45:53Z
2026-06-08T19:45:40Z,2026-06-08T21:45:40+0200,2c10495a-697a-4f81-9dc4-3022854a0ce3,2026-05-20T09:15:00Z,2026-05-20T11:15:00+0200,11013.42,MW,BE,BE,actual_load,Actual Load,2026-06-08T19:45:53Z
2026-06-08T19:45:40Z,2026-06-08T21:45:40+0200,2c10495a-697a-4f81-9dc4-3022854a0ce3,2026-05-20T09:30:00Z,2026-05-20T11:30:00+0200,11177.26,MW,BE,BE,actual_load,Actual Load,2026-06-08T19:45:53Z
2026-06-08T19:45:40Z,2026-06-08T21:45:40+0200,2c10495a-697a-4f81-9dc4-3022854a0ce3,2026-05-20T09:45:00Z,2026-05-20T11:45:00+0200,11241.48,MW,BE,BE,actual_load,Actual Load,2026-06-08T19:45:53Z
2026-06-08T19:45:40Z,2026-06-08T21:45:40+0200,2c10495a-697a-4f81-9dc4-3022854a0ce3,2026-05-20T10:00:00Z,2026-05-20T12:00:00+0200,11123.47,MW,BE,BE,actual_load,Actual Load,2026-06-08T19:45:53Z
2026-06-08T19:45:40Z,2026-06-08T21:45:40+0200,2c10495a-697a-4f81-9dc4-3022854a0ce3,2026-05-20T10:15:00Z,2026-05-20T12:15:00+0200,11029.4,MW,BE,BE,actual_load,Actual Load,2026-06-08T19:45:53Z
2026-06-08T19:45:40Z,2026-06-08T21:45:40+0200,2c10495a-697a-4f81-9dc4-3022854a0ce3,2026-05-20T10:30:00Z,2026-05-20T12:30:00+0200,10915.57,MW,BE,BE,actual_load,Actual Load,2026-06-08T19:45:53Z
2026-06-08T19:45:40Z,2026-06-08T21:45:40+0200,2c10495a-697a-4f81-9dc4-3022854a0ce3,2026-05-20T10:45:00Z,2026-05-20T12:45:00+0200,10749.31,MW,BE,BE,actual_load,Actual Load,2026-06-08T19:45:53Z
2026-06-08T19:45:40Z,2026-06-08T21:45:40+0200,2c10495a-697a-4f81-9dc4-3022854a0ce3,2026-05-20T11:00:00Z,2026-05-20T13:00:00+0200,10810.55,MW,BE,BE,actual_load,Actual Load,2026-06-08T19:45:53Z
2026-06-08T19:45:40Z,2026-06-08T21:45:40+0200,2c10495a-697a-4f81-9dc4-3022854a0ce3,2026-05-20T11:15:00Z,2026-05-20T13:15:00+0200,10988.44,MW,BE,BE,actual_load,Actual Load,2026-06-08T19:45:53Z
2026-06-08T19:45:40Z,2026-06-08T21:45:40+0200,2c10495a-697a-4f81-9dc4-3022854a0ce3,2026-05-20T11:30:00Z,2026-05-20T13:30:00+0200,10683.28,MW,BE,BE,actual_load,Actual Load,2026-06-08T19:45:53Z
2026-06-08T19:45:40Z,2026-06-08T21:45:40+0200,2c10495a-697a-4f81-9dc4-3022854a0ce3,2026-05-20T11:45:00Z,2026-05-20T13:45:00+0200,10650.36,MW,BE,BE,actual_load,Actual Load,2026-06-08T19:45:53Z
2026-06-08T19:45:40Z,2026-06-08T21:45:40+0200,2c10495a-697a-4f81-9dc4-3022854a0ce3,2026-05-20T12:00:00Z,2026-05-20T14:00:00+0200,10667.95,MW,BE,BE,actual_load,Actual Load,2026-06-08T19:45:53Z
2026-06-08T19:45:40Z,2026-06-08T21:45:40+0200,2c10495a-697a-4f81-9dc4-3022854a0ce3,2026-05-20T12:15:00Z,2026-05-20T14:15:00+0200,10490.95,MW,BE,BE,actual_load,Actual Load,2026-06-08T19:45:53Z
2026-06-08T19:45:40Z,2026-06-08T21:45:40+0200,2c10495a-697a-4f81-9dc4-3022854a0ce3,2026-05-20T12:30:00Z,2026-05-20T14:30:00+0200,10387.9,MW,BE,BE,actual_load,Actual Load,2026-06-08T19:45:53Z
2026-06-08T19:45:40Z,2026-06-08T21:45:40+0200,2c10495a-697a-4f81-9dc4-3022854a0ce3,2026-05-20T12:45:00Z,2026-05-20T14:45:00+0200,10427.1,MW,BE,BE,actual_load,Actual Load,2026-06-08T19:45:53Z
2026-06-08T19:45:40Z,2026-06-08T21:45:40+0200,2c10495a-697a-4f81-9dc4-3022854a0ce3,2026-05-20T13:00:00Z,2026-05-20T15:00:00+0200,10332.97,MW,BE,BE,actual_load,Actual Load,2026-06-08T19:45:53Z
2026-06-08T19:45:40Z,2026-06-08T21:45:40+0200,2c10495a-697a-4f81-9dc4-3022854a0ce3,2026-05-20T13:15:00Z,2026-05-20T15:15:00+0200,10159.01,MW,BE,BE,actual_load,Actual Load,2026-06-08T19:45:53Z
2026-06-08T19:45:40Z,2026-06-08T21:45:40+0200,2c10495a-697a-4f81-9dc4-3022854a0ce3,2026-05-20T13:30:00Z,2026-05-20T15:30:00+0200,10112.35,MW,BE,BE,actual_load,Actual Load,2026-06-08T19:45:53Z
2026-06-08T19:45:40Z,2026-06-08T21:45:40+0200,2c10495a-697a-4f81-9dc4-3022854a0ce3,2026-05-20T13:45:00Z,2026-05-20T15:45:00+0200,10071.75,MW,BE,BE,actual_load,Actual Load,2026-06-08T19:45:53Z
2026-06-08T19:45:40Z,2026-06-08T21:45:40+0200,2c10495a-697a-4f81-9dc4-3022854a0ce3,2026-05-20T14:00:00Z,2026-05-20T16:00:00+0200,10200.66,MW,BE,BE,actual_load,Actual Load,2026-06-08T19:45:53Z
2026-06-08T19:45:40Z,2026-06-08T21:45:40+0200,2c10495a-697a-4f81-9dc4-3022854a0ce3,2026-05-20T14:15:00Z,2026-05-20T16:15:00+0200,9879.65,MW,BE,BE,actual_load,Actual Load,2026-06-08T19:45:53Z
2026-06-08T19:45:40Z,2026-06-08T21:45:40+0200,2c10495a-697a-4f81-9dc4-3022854a0ce3,2026-05-20T14:30:00Z,2026-05-20T16:30:00+0200,9729.16,MW,BE,BE,actual_load,Actual Load,2026-06-08T19:45:53Z
2026-06-08T19:45:40Z,2026-06-08T21:45:40+0200,2c10495a-697a-4f81-9dc4-3022854a0ce3,2026-05-20T14:45:00Z,2026-05-20T16:45:00+0200,9627.19,MW,BE,BE,actual_load,Actual Load,2026-06-08T19:45:53Z
2026-06-08T19:45:40Z,2026-06-08T21:45:40+0200,2c10495a-697a-4f81-9dc4-3022854a0ce3,2026-05-20T15:00:00Z,2026-05-20T17:00:00+0200,9670.41,MW,BE,BE,actual_load,Actual Load,2026-06-08T19:45:53Z
2026-06-08T19:45:40Z,2026-06-08T21:45:40+0200,2c10495a-697a-4f81-9dc4-3022854a0ce3,2026-05-20T15:15:00Z,2026-05-20T17:15:00+0200,9869.17,MW,BE,BE,actual_load,Actual Load,2026-06-08T19:45:53Z
2026-06-08T19:45:40Z,2026-06-08T21:45:40+0200,2c10495a-697a-4f81-9dc4-3022854a0ce3,2026-05-20T15:30:00Z,2026-05-20T17:30:00+0200,10055.29,MW,BE,BE,actual_load,Actual Load,2026-06-08T19:45:53Z
2026-06-08T19:45:40Z,2026-06-08T21:45:40+0200,2c10495a-697a-4f81-9dc4-3022854a0ce3,2026-05-20T15:45:00Z,2026-05-20T17:45:00+0200,9873.77,MW,BE,BE,actual_load,Actual Load,2026-06-08T19:45:53Z
2026-06-08T19:45:40Z,2026-06-08T21:45:40+0200,2c10495a-697a-4f81-9dc4-3022854a0ce3,2026-05-20T16:00:00Z,2026-05-20T18:00:00+0200,9880.44,MW,BE,BE,actual_load,Actual Load,2026-06-08T19:45:53Z
2026-06-08T19:45:40Z,2026-06-08T21:45:40+0200,2c10495a-697a-4f81-9dc4-3022854a0ce3,2026-05-20T16:15:00Z,2026-05-20T18:15:00+0200,9881.26,MW,BE,BE,actual_load,Actual Load,2026-06-08T19:45:53Z
2026-06-08T19:45:40Z,2026-06-08T21:45:40+0200,2c10495a-697a-4f81-9dc4-3022854a0ce3,2026-05-20T16:30:00Z,2026-05-20T18:30:00+0200,9838.74,MW,BE,BE,actual_load,Actual Load,2026-06-08T19:45:53Z
2026-06-08T19:45:40Z,2026-06-08T21:45:40+0200,2c10495a-697a-4f81-9dc4-3022854a0ce3,2026-05-20T16:45:00Z,2026-05-20T18:45:00+0200,9860.78,MW,BE,BE,actual_load,Actual Load,2026-06-08T19:45:53Z
2026-06-08T19:45:40Z,2026-06-08T21:45:40+0200,2c10495a-697a-4f81-9dc4-3022854a0ce3,2026-05-20T17:00:00Z,2026-05-20T19:00:00+0200,10060.59,MW,BE,BE,actual_load,Actual Load,2026-06-08T19:45:53Z
2026-06-08T19:45:40Z,2026-06-08T21:45:40+0200,2c10495a-697a-4f81-9dc4-3022854a0ce3,2026-05-20T17:15:00Z,2026-05-20T19:15:00+0200,10027.49,MW,BE,BE,actual_load,Actual Load,2026-06-08T19:45:53Z
2026-06-08T19:45:40Z,2026-06-08T21:45:40+0200,2c10495a-697a-4f81-9dc4-3022854a0ce3,2026-05-20T17:30:00Z,2026-05-20T19:30:00+0200,9988.08,MW,BE,BE,actual_load,Actual Load,2026-06-08T19:45:53Z
2026-06-08T19:45:40Z,2026-06-08T21:45:40+0200,2c10495a-697a-4f81-9dc4-3022854a0ce3,2026-05-20T17:45:00Z,2026-05-20T19:45:00+0200,9891.16,MW,BE,BE,actual_load,Actual Load,2026-06-08T19:45:53Z
2026-06-08T19:45:40Z,2026-06-08T21:45:40+0200,2c10495a-697a-4f81-9dc4-3022854a0ce3,2026-05-20T18:00:00Z,2026-05-20T20:00:00+0200,9818.66,MW,BE,BE,actual_load,Actual Load,2026-06-08T19:45:53Z
2026-06-08T19:45:40Z,2026-06-08T21:45:40+0200,2c10495a-697a-4f81-9dc4-3022854a0ce3,2026-05-20T18:15:00Z,2026-05-20T20:15:00+0200,9708.56,MW,BE,BE,actual_load,Actual Load,2026-06-08T19:45:53Z
2026-06-08T19:45:40Z,2026-06-08T21:45:40+0200,2c10495a-697a-4f81-9dc4-3022854a0ce3,2026-05-20T18:30:00Z,2026-05-20T20:30:00+0200,9622.1,MW,BE,BE,actual_load,Actual Load,2026-06-08T19:45:53Z
2026-06-08T19:45:40Z,2026-06-08T21:45:40+0200,2c10495a-697a-4f81-9dc4-3022854a0ce3,2026-05-20T18:45:00Z,2026-05-20T20:45:00+0200,9552.79,MW,BE,BE,actual_load,Actual Load,2026-06-08T19:45:53Z
2026-06-08T19:45:40Z,2026-06-08T21:45:40+0200,2c10495a-697a-4f81-9dc4-3022854a0ce3,2026-05-20T19:00:00Z,2026-05-20T21:00:00+0200,9610.6,MW,BE,BE,actual_load,Actual Load,2026-06-08T19:45:53Z
2026-06-08T19:45:40Z,2026-06-08T21:45:40+0200,2c10495a-697a-4f81-9dc4-3022854a0ce3,2026-05-20T19:15:00Z,2026-05-20T21:15:00+0200,9475.91,MW,BE,BE,actual_load,Actual Load,2026-06-08T19:45:53Z
2026-06-08T19:45:40Z,2026-06-08T21:45:40+0200,2c10495a-697a-4f81-9dc4-3022854a0ce3,2026-05-20T19:30:00Z,2026-05-20T21:30:00+0200,9513.16,MW,BE,BE,actual_load,Actual Load,2026-06-08T19:45:53Z
2026-06-08T19:45:40Z,2026-06-08T21:45:40+0200,2c10495a-697a-4f81-9dc4-3022854a0ce3,2026-05-20T19:45:00Z,2026-05-20T21:45:00+0200,9519.48,MW,BE,BE,actual_load,Actual Load,2026-06-08T19:45:53Z
2026-06-08T19:45:40Z,2026-06-08T21:45:40+0200,2c10495a-697a-4f81-9dc4-3022854a0ce3,2026-05-20T20:00:00Z,2026-05-20T22:00:00+0200,9447.3,MW,BE,BE,actual_load,Actual Load,2026-06-08T19:45:53Z
2026-06-08T19:45:40Z,2026-06-08T21:45:40+0200,2c10495a-697a-4f81-9dc4-3022854a0ce3,2026-05-20T20:15:00Z,2026-05-20T22:15:00+0200,9540.61,MW,BE,BE,actual_load,Actual Load,2026-06-08T19:45:53Z
2026-06-08T19:45:40Z,2026-06-08T21:45:40+0200,2c10495a-697a-4f81-9dc4-3022854a0ce3,2026-05-20T20:30:00Z,2026-05-20T22:30:00+0200,9413.02,MW,BE,BE,actual_load,Actual Load,2026-06-08T19:45:53Z
2026-06-08T19:45:40Z,2026-06-08T21:45:40+0200,2c10495a-697a-4f81-9dc4-3022854a0ce3,2026-05-20T20:45:00Z,2026-05-20T22:45:00+0200,9362.7,MW,BE,BE,actual_load,Actual Load,2026-06-08T19:45:53Z
2026-06-08T19:45:40Z,2026-06-08T21:45:40+0200,2c10495a-697a-4f81-9dc4-3022854a0ce3,2026-05-20T21:00:00Z,2026-05-20T23:00:00+0200,9236.12,MW,BE,BE,actual_load,Actual Load,2026-06-08T19:45:53Z
2026-06-08T19:45:40Z,2026-06-08T21:45:40+0200,2c10495a-697a-4f81-9dc4-3022854a0ce3,2026-05-20T21:15:00Z,2026-05-20T23:15:00+0200,8985.4,MW,BE,BE,actual_load,Actual Load,2026-06-08T19:45:53Z
2026-06-08T19:45:40Z,2026-06-08T21:45:40+0200,2c10495a-697a-4f81-9dc4-3022854a0ce3,2026-05-20T21:30:00Z,2026-05-20T23:30:00+0200,8983.12,MW,BE,BE,actual_load,Actual Load,2026-06-08T19:45:53Z
2026-06-08T19:45:40Z,2026-06-08T21:45:40+0200,2c10495a-697a-4f81-9dc4-3022854a0ce3,2026-05-20T21:45:00Z,2026-05-20T23:45:00+0200,8789.51,MW,BE,BE,actual_load,Actual Load,2026-06-08T19:45:53Z
2026-06-08T19:45:40Z,2026-06-08T21:45:40+0200,2c10495a-697a-4f81-9dc4-3022854a0ce3,2026-05-20T22:00:00Z,2026-05-21T00:00:00+0200,8754.37,MW,BE,BE,actual_load,Actual Load,2026-06-08T19:45:53Z
2026-06-08T19:45:40Z,2026-06-08T21:45:40+0200,2c10495a-697a-4f81-9dc4-3022854a0ce3,2026-05-20T22:15:00Z,2026-05-21T00:15:00+0200,8645.0,MW,BE,BE,actual_load,Actual Load,2026-06-08T19:45:53Z
2026-06-08T19:45:40Z,2026-06-08T21:45:40+0200,2c10495a-697a-4f81-9dc4-3022854a0ce3,2026-05-20T22:30:00Z,2026-05-21T00:30:00+0200,8554.05,MW,BE,BE,actual_load,Actual Load,2026-06-08T19:45:53Z
2026-06-08T19:45:40Z,2026-06-08T21:45:40+0200,2c10495a-697a-4f81-9dc4-3022854a0ce3,2026-05-20T22:45:00Z,2026-05-21T00:45:00+0200,8467.26,MW,BE,BE,actual_load,Actual Load,2026-06-08T19:45:53Z
2026-06-08T19:45:40Z,2026-06-08T21:45:40+0200,2c10495a-697a-4f81-9dc4-3022854a0ce3,2026-05-20T23:00:00Z,2026-05-21T01:00:00+0200,8400.58,MW,BE,BE,actual_load,Actual Load,2026-06-08T19:45:53Z
2026-06-08T19:45:40Z,2026-06-08T21:45:40+0200,2c10495a-697a-4f81-9dc4-3022854a0ce3,2026-05-20T23:15:00Z,2026-05-21T01:15:00+0200,8235.41,MW,BE,BE,actual_load,Actual Load,2026-06-08T19:45:53Z
2026-06-08T19:45:40Z,2026-06-08T21:45:40+0200,2c10495a-697a-4f81-9dc4-3022854a0ce3,2026-05-20T23:30:00Z,2026-05-21T01:30:00+0200,8154.29,MW,BE,BE,actual_load,Actual Load,2026-06-08T19:45:53Z
2026-06-08T19:45:40Z,2026-06-08T21:45:40+0200,2c10495a-697a-4f81-9dc4-3022854a0ce3,2026-05-20T23:45:00Z,2026-05-21T01:45:00+0200,8045.47,MW,BE,BE,actual_load,Actual Load,2026-06-08T19:45:53Z
2026-06-08T19:45:40Z,2026-06-08T21:45:40+0200,2c10495a-697a-4f81-9dc4-3022854a0ce3,2026-05-21T00:00:00Z,2026-05-21T02:00:00+0200,8107.57,MW,BE,BE,actual_load,Actual Load,2026-06-08T19:45:53Z
2026-06-08T19:45:40Z,2026-06-08T21:45:40+0200,2c10495a-697a-4f81-9dc4-3022854a0ce3,2026-05-21T00:15:00Z,2026-05-21T02:15:00+0200,8111.71,MW,BE,BE,actual_load,Actual Load,2026-06-08T19:45:53Z
2026-06-08T19:45:40Z,2026-06-08T21:45:40+0200,2c10495a-697a-4f81-9dc4-3022854a0ce3,2026-05-21T00:30:00Z,2026-05-21T02:30:00+0200,8022.0,MW,BE,BE,actual_load,Actual Load,2026-06-08T19:45:53Z
2026-06-08T19:45:40Z,2026-06-08T21:45:40+0200,2c10495a-697a-4f81-9dc4-3022854a0ce3,2026-05-21T00:45:00Z,2026-05-21T02:45:00+0200,7977.85,MW,BE,BE,actual_load,Actual Load,2026-06-08T19:45:53Z
2026-06-08T19:45:40Z,2026-06-08T21:45:40+0200,2c10495a-697a-4f81-9dc4-3022854a0ce3,2026-05-21T01:00:00Z,2026-05-21T03:00:00+0200,7848.14,MW,BE,BE,actual_load,Actual Load,2026-06-08T19:45:53Z
2026-06-08T19:45:40Z,2026-06-08T21:45:40+0200,2c10495a-697a-4f81-9dc4-3022854a0ce3,2026-05-21T01:15:00Z,2026-05-21T03:15:00+0200,7832.66,MW,BE,BE,actual_load,Actual Load,2026-06-08T19:45:53Z
2026-06-08T19:45:40Z,2026-06-08T21:45:40+0200,2c10495a-697a-4f81-9dc4-3022854a0ce3,2026-05-21T01:30:00Z,2026-05-21T03:30:00+0200,7909.26,MW,BE,BE,actual_load,Actual Load,2026-06-08T19:45:53Z
2026-06-08T19:45:40Z,2026-06-08T21:45:40+0200,2c10495a-697a-4f81-9dc4-3022854a0ce3,2026-05-21T01:45:00Z,2026-05-21T03:45:00+0200,7846.46,MW,BE,BE,actual_load,Actual Load,2026-06-08T19:45:53Z
2026-06-08T19:45:40Z,2026-06-08T21:45:40+0200,2c10495a-697a-4f81-9dc4-3022854a0ce3,2026-05-21T02:00:00Z,2026-05-21T04:00:00+0200,7818.38,MW,BE,BE,actual_load,Actual Load,2026-06-08T19:45:53Z
2026-06-08T19:45:40Z,2026-06-08T21:45:40+0200,2c10495a-697a-4f81-9dc4-3022854a0ce3,2026-05-21T02:15:00Z,2026-05-21T04:15:00+0200,7811.36,MW,BE,BE,actual_load,Actual Load,2026-06-08T19:45:53Z
2026-06-08T19:45:40Z,2026-06-08T21:45:40+0200,2c10495a-697a-4f81-9dc4-3022854a0ce3,2026-05-21T02:30:00Z,2026-05-21T04:30:00+0200,7777.56,MW,BE,BE,actual_load,Actual Load,2026-06-08T19:45:53Z
2026-06-08T19:45:40Z,2026-06-08T21:45:40+0200,2c10495a-697a-4f81-9dc4-3022854a0ce3,2026-05-21T02:45:00Z,2026-05-21T04:45:00+0200,7912.18,MW,BE,BE,actual_load,Actual Load,2026-06-08T19:45:53Z
2026-06-08T19:45:40Z,2026-06-08T21:45:40+0200,2c10495a-697a-4f81-9dc4-3022854a0ce3,2026-05-21T03:00:00Z,2026-05-21T05:00:00+0200,8100.02,MW,BE,BE,actual_load,Actual Load,2026-06-08T19:45:53Z
2026-06-08T19:45:40Z,2026-06-08T21:45:40+0200,2c10495a-697a-4f81-9dc4-3022854a0ce3,2026-05-21T03:15:00Z,2026-05-21T05:15:00+0200,8186.03,MW,BE,BE,actual_load,Actual Load,2026-06-08T19:45:53Z
2026-06-08T19:45:40Z,2026-06-08T21:45:40+0200,2c10495a-697a-4f81-9dc4-3022854a0ce3,2026-05-21T03:30:00Z,2026-05-21T05:30:00+0200,8148.87,MW,BE,BE,actual_load,Actual Load,2026-06-08T19:45:53Z
2026-06-08T19:45:40Z,2026-06-08T21:45:40+0200,2c10495a-697a-4f81-9dc4-3022854a0ce3,2026-05-21T03:45:00Z,2026-05-21T05:45:00+0200,8195.33,MW,BE,BE,actual_load,Actual Load,2026-06-08T19:45:53Z
2026-06-08T19:45:40Z,2026-06-08T21:45:40+0200,2c10495a-697a-4f81-9dc4-3022854a0ce3,2026-05-21T04:00:00Z,2026-05-21T06:00:00+0200,8594.3,MW,BE,BE,actual_load,Actual Load,2026-06-08T19:45:53Z
2026-06-08T19:45:40Z,2026-06-08T21:45:40+0200,2c10495a-697a-4f81-9dc4-3022854a0ce3,2026-05-21T04:15:00Z,2026-05-21T06:15:00+0200,8795.89,MW,BE,BE,actual_load,Actual Load,2026-06-08T19:45:53Z
2026-06-08T19:45:40Z,2026-06-08T21:45:40+0200,2c10495a-697a-4f81-9dc4-3022854a0ce3,2026-05-21T04:30:00Z,2026-05-21T06:30:00+0200,9038.62,MW,BE,BE,actual_load,Actual Load,2026-06-08T19:45:53Z
2026-06-08T19:45:40Z,2026-06-08T21:45:40+0200,2c10495a-697a-4f81-9dc4-3022854a0ce3,2026-05-21T04:45:00Z,2026-05-21T06:45:00+0200,9271.32,MW,BE,BE,actual_load,Actual Load,2026-06-08T19:45:53Z
2026-06-08T19:45:40Z,2026-06-08T21:45:40+0200,2c10495a-697a-4f81-9dc4-3022854a0ce3,2026-05-21T05:00:00Z,2026-05-21T07:00:00+0200,9398.66,MW,BE,BE,actual_load,Actual Load,2026-06-08T19:45:53Z
2026-06-08T19:45:40Z,2026-06-08T21:45:40+0200,2c10495a-697a-4f81-9dc4-3022854a0ce3,2026-05-21T05:15:00Z,2026-05-21T07:15:00+0200,9673.79,MW,BE,BE,actual_load,Actual Load,2026-06-08T19:45:53Z
2026-06-08T19:45:40Z,2026-06-08T21:45:40+0200,2c10495a-697a-4f81-9dc4-3022854a0ce3,2026-05-21T05:30:00Z,2026-05-21T07:30:00+0200,9929.43,MW,BE,BE,actual_load,Actual Load,2026-06-08T19:45:53Z
2026-06-08T19:45:40Z,2026-06-08T21:45:40+0200,2c10495a-697a-4f81-9dc4-3022854a0ce3,2026-05-21T05:45:00Z,2026-05-21T07:45:00+0200,10070.59,MW,BE,BE,actual_load,Actual Load,2026-06-08T19:45:53Z
2026-06-08T19:45:40Z,2026-06-08T21:45:40+0200,2c10495a-697a-4f81-9dc4-3022854a0ce3,2026-05-21T06:00:00Z,2026-05-21T08:00:00+0200,10000.42,MW,BE,BE,actual_load,Actual Load,2026-06-08T19:45:53Z
2026-06-08T19:45:40Z,2026-06-08T21:45:40+0200,2c10495a-697a-4f81-9dc4-3022854a0ce3,2026-05-21T06:15:00Z,2026-05-21T08:15:00+0200,10106.54,MW,BE,BE,actual_load,Actual Load,2026-06-08T19:45:53Z
2026-06-08T19:45:40Z,2026-06-08T21:45:40+0200,2c10495a-697a-4f81-9dc4-3022854a0ce3,2026-05-21T06:30:00Z,2026-05-21T08:30:00+0200,10339.19,MW,BE,BE,actual_load,Actual Load,2026-06-08T19:45:53Z
2026-06-08T19:45:40Z,2026-06-08T21:45:40+0200,2c10495a-697a-4f81-9dc4-3022854a0ce3,2026-05-21T06:45:00Z,2026-05-21T08:45:00+0200,10660.84,MW,BE,BE,actual_load,Actual Load,2026-06-08T19:45:53Z
2026-06-08T19:45:40Z,2026-06-08T21:45:40+0200,2c10495a-697a-4f81-9dc4-3022854a0ce3,2026-05-21T07:00:00Z,2026-05-21T09:00:00+0200,10689.92,MW,BE,BE,actual_load,Actual Load,2026-06-08T19:45:53Z
2026-06-08T19:45:40Z,2026-06-08T21:45:40+0200,2c10495a-697a-4f81-9dc4-3022854a0ce3,2026-05-21T07:15:00Z,2026-05-21T09:15:00+0200,10831.95,MW,BE,BE,actual_load,Actual Load,2026-06-08T19:45:53Z
2026-06-08T19:45:40Z,2026-06-08T21:45:40+0200,2c10495a-697a-4f81-9dc4-3022854a0ce3,2026-05-21T07:30:00Z,2026-05-21T09:30:00+0200,10801.11,MW,BE,BE,actual_load,Actual Load,2026-06-08T19:45:53Z
2026-06-08T19:45:40Z,2026-06-08T21:45:40+0200,2c10495a-697a-4f81-9dc4-3022854a0ce3,2026-05-21T07:45:00Z,2026-05-21T09:45:00+0200,10850.26,MW,BE,BE,actual_load,Actual Load,2026-06-08T19:45:53Z
2026-06-08T19:45:40Z,2026-06-08T21:45:40+0200,2c10495a-697a-4f81-9dc4-3022854a0ce3,2026-05-21T08:00:00Z,2026-05-21T10:00:00+0200,10857.56,MW,BE,BE,actual_load,Actual Load,2026-06-08T19:45:53Z
2026-06-08T19:45:40Z,2026-06-08T21:45:40+0200,2c10495a-697a-4f81-9dc4-3022854a0ce3,2026-05-21T08:15:00Z,2026-05-21T10:15:00+0200,10989.44,MW,BE,BE,actual_load,Actual Load,2026-06-08T19:45:53Z
2026-06-08T19:45:40Z,2026-06-08T21:45:40+0200,2c10495a-697a-4f81-9dc4-3022854a0ce3,2026-05-21T08:30:00Z,2026-05-21T10:30:00+0200,11011.85,MW,BE,BE,actual_load,Actual Load,2026-06-08T19:45:53Z
2026-06-08T19:45:40Z,2026-06-08T21:45:40+0200,2c10495a-697a-4f81-9dc4-3022854a0ce3,2026-05-21T08:45:00Z,2026-05-21T10:45:00+0200,10872.1,MW,BE,BE,actual_load,Actual Load,2026-06-08T19:45:53Z
2026-06-08T19:45:40Z,2026-06-08T21:45:40+0200,2c10495a-697a-4f81-9dc4-3022854a0ce3,2026-05-21T09:00:00Z,2026-05-21T11:00:00+0200,10826.5,MW,BE,BE,actual_load,Actual Load,2026-06-08T19:45:53Z
2026-06-08T19:45:40Z,2026-06-08T21:45:40+0200,2c10495a-697a-4f81-9dc4-3022854a0ce3,2026-05-21T09:15:00Z,2026-05-21T11:15:00+0200,10712.51,MW,BE,BE,actual_load,Actual Load,2026-06-08T19:45:53Z
2026-06-08T19:45:40Z,2026-06-08T21:45:40+0200,2c10495a-697a-4f81-9dc4-3022854a0ce3,2026-05-21T09:30:00Z,2026-05-21T11:30:00+0200,10515.49,MW,BE,BE,actual_load,Actual Load,2026-06-08T19:45:53Z
2026-06-08T19:45:40Z,2026-06-08T21:45:40+0200,2c10495a-697a-4f81-9dc4-3022854a0ce3,2026-05-21T09:45:00Z,2026-05-21T11:45:00+0200,10588.67,MW,BE,BE,actual_load,Actual Load,2026-06-08T19:45:53Z
2026-06-08T19:45:40Z,2026-06-08T21:45:40+0200,2c10495a-697a-4f81-9dc4-3022854a0ce3,2026-05-21T10:00:00Z,2026-05-21T12:00:00+0200,10558.09,MW,BE,BE,actual_load,Actual Load,2026-06-08T19:45:53Z
2026-06-08T19:45:40Z,2026-06-08T21:45:40+0200,2c10495a-697a-4f81-9dc4-3022854a0ce3,2026-05-21T10:15:00Z,2026-05-21T12:15:00+0200,10615.43,MW,BE,BE,actual_load,Actual Load,2026-06-08T19:45:53Z
2026-06-08T19:45:40Z,2026-06-08T21:45:40+0200,2c10495a-697a-4f81-9dc4-3022854a0ce3,2026-05-21T10:30:00Z,2026-05-21T12:30:00+0200,10583.62,MW,BE,BE,actual_load,Actual Load,2026-06-08T19:45:53Z
2026-06-08T19:45:40Z,2026-06-08T21:45:40+0200,2c10495a-697a-4f81-9dc4-3022854a0ce3,2026-05-21T10:45:00Z,2026-05-21T12:45:00+0200,10602.0,MW,BE,BE,actual_load,Actual Load,2026-06-08T19:45:53Z
2026-06-08T19:45:40Z,2026-06-08T21:45:40+0200,2c10495a-697a-4f81-9dc4-3022854a0ce3,2026-05-21T11:00:00Z,2026-05-21T13:00:00+0200,10593.36,MW,BE,BE,actual_load,Actual Load,2026-06-08T19:45:53Z
2026-06-08T19:45:40Z,2026-06-08T21:45:40+0200,2c10495a-697a-4f81-9dc4-3022854a0ce3,2026-05-21T11:15:00Z,2026-05-21T13:15:00+0200,10549.97,MW,BE,BE,actual_load,Actual Load,2026-06-08T19:45:53Z
2026-06-08T19:45:40Z,2026-06-08T21:45:40+0200,2c10495a-697a-4f81-9dc4-3022854a0ce3,2026-05-21T11:30:00Z,2026-05-21T13:30:00+0200,10596.19,MW,BE,BE,actual_load,Actual Load,2026-06-08T19:45:53Z
2026-06-08T19:45:40Z,2026-06-08T21:45:40+0200,2c10495a-697a-4f81-9dc4-3022854a0ce3,2026-05-21T11:45:00Z,2026-05-21T13:45:00+0200,10496.1,MW,BE,BE,actual_load,Actual Load,2026-06-08T19:45:53Z
2026-06-08T19:45:40Z,2026-06-08T21:45:40+0200,2c10495a-697a-4f81-9dc4-3022854a0ce3,2026-05-21T12:00:00Z,2026-05-21T14:00:00+0200,10470.26,MW,BE,BE,actual_load,Actual Load,2026-06-08T19:45:53Z
2026-06-08T19:45:40Z,2026-06-08T21:45:40+0200,2c10495a-697a-4f81-9dc4-3022854a0ce3,2026-05-21T12:15:00Z,2026-05-21T14:15:00+0200,10367.22,MW,BE,BE,actual_load,Actual Load,2026-06-08T19:45:53Z
2026-06-08T19:45:40Z,2026-06-08T21:45:40+0200,2c10495a-697a-4f81-9dc4-3022854a0ce3,2026-05-21T12:30:00Z,2026-05-21T14:30:00+0200,10484.1,MW,BE,BE,actual_load,Actual Load,2026-06-08T19:45:53Z
2026-06-08T19:45:40Z,2026-06-08T21:45:40+0200,2c10495a-697a-4f81-9dc4-3022854a0ce3,2026-05-21T12:45:00Z,2026-05-21T14:45:00+0200,10400.48,MW,BE,BE,actual_load,Actual Load,2026-06-08T19:45:53Z
2026-06-08T19:45:40Z,2026-06-08T21:45:40+0200,2c10495a-697a-4f81-9dc4-3022854a0ce3,2026-05-21T13:00:00Z,2026-05-21T15:00:00+0200,10345.86,MW,BE,BE,actual_load,Actual Load,2026-06-08T19:45:53Z
2026-06-08T19:45:40Z,2026-06-08T21:45:40+0200,2c10495a-697a-4f81-9dc4-3022854a0ce3,2026-05-21T13:15:00Z,2026-05-21T15:15:00+0200,9918.81,MW,BE,BE,actual_load,Actual Load,2026-06-08T19:45:53Z
2026-06-08T19:45:40Z,2026-06-08T21:45:40+0200,2c10495a-697a-4f81-9dc4-3022854a0ce3,2026-05-21T13:30:00Z,2026-05-21T15:30:00+0200,9652.11,MW,BE,BE,actual_load,Actual Load,2026-06-08T19:45:53Z
2026-06-08T19:45:40Z,2026-06-08T21:45:40+0200,2c10495a-697a-4f81-9dc4-3022854a0ce3,2026-05-21T13:45:00Z,2026-05-21T15:45:00+0200,9779.48,MW,BE,BE,actual_load,Actual Load,2026-06-08T19:45:53Z
2026-06-08T19:45:40Z,2026-06-08T21:45:40+0200,2c10495a-697a-4f81-9dc4-3022854a0ce3,2026-05-21T14:00:00Z,2026-05-21T16:00:00+0200,10047.18,MW,BE,BE,actual_load,Actual Load,2026-06-08T19:45:53Z
2026-06-08T19:45:40Z,2026-06-08T21:45:40+0200,2c10495a-697a-4f81-9dc4-3022854a0ce3,2026-05-21T14:15:00Z,2026-05-21T16:15:00+0200,10098.7,MW,BE,BE,actual_load,Actual Load,2026-06-08T19:45:53Z
2026-06-08T19:45:40Z,2026-06-08T21:45:40+0200,2c10495a-697a-4f81-9dc4-3022854a0ce3,2026-05-21T14:30:00Z,2026-05-21T16:30:00+0200,10342.81,MW,BE,BE,actual_load,Actual Load,2026-06-08T19:45:53Z
2026-06-08T19:45:40Z,2026-06-08T21:45:40+0200,2c10495a-697a-4f81-9dc4-3022854a0ce3,2026-05-21T14:45:00Z,2026-05-21T16:45:00+0200,10337.3,MW,BE,BE,actual_load,Actual Load,2026-06-08T19:45:53Z
2026-06-08T19:45:40Z,2026-06-08T21:45:40+0200,2c10495a-697a-4f81-9dc4-3022854a0ce3,2026-05-21T15:00:00Z,2026-05-21T17:00:00+0200,9967.51,MW,BE,BE,actual_load,Actual Load,2026-06-08T19:45:53Z
2026-06-08T19:45:40Z,2026-06-08T21:45:40+0200,2c10495a-697a-4f81-9dc4-3022854a0ce3,2026-05-21T15:15:00Z,2026-05-21T17:15:00+0200,9968.9,MW,BE,BE,actual_load,Actual Load,2026-06-08T19:45:53Z
2026-06-08T19:45:40Z,2026-06-08T21:45:40+0200,2c10495a-697a-4f81-9dc4-3022854a0ce3,2026-05-21T15:30:00Z,2026-05-21T17:30:00+0200,10034.11,MW,BE,BE,actual_load,Actual Load,2026-06-08T19:45:53Z
2026-06-08T19:45:40Z,2026-06-08T21:45:40+0200,2c10495a-697a-4f81-9dc4-3022854a0ce3,2026-05-21T15:45:00Z,2026-05-21T17:45:00+0200,10093.93,MW,BE,BE,actual_load,Actual Load,2026-06-08T19:45:53Z
2026-06-08T19:45:40Z,2026-06-08T21:45:40+0200,2c10495a-697a-4f81-9dc4-3022854a0ce3,2026-05-21T16:00:00Z,2026-05-21T18:00:00+0200,10170.73,MW,BE,BE,actual_load,Actual Load,2026-06-08T19:45:53Z
2026-06-08T19:45:40Z,2026-06-08T21:45:40+0200,2c10495a-697a-4f81-9dc4-3022854a0ce3,2026-05-21T16:15:00Z,2026-05-21T18:15:00+0200,10147.91,MW,BE,BE,actual_load,Actual Load,2026-06-08T19:45:53Z
2026-06-08T19:45:40Z,2026-06-08T21:45:40+0200,2c10495a-697a-4f81-9dc4-3022854a0ce3,2026-05-21T16:30:00Z,2026-05-21T18:30:00+0200,10122.51,MW,BE,BE,actual_load,Actual Load,2026-06-08T19:45:53Z
2026-06-08T19:45:40Z,2026-06-08T21:45:40+0200,2c10495a-697a-4f81-9dc4-3022854a0ce3,2026-05-21T16:45:00Z,2026-05-21T18:45:00+0200,10082.87,MW,BE,BE,actual_load,Actual Load,2026-06-08T19:45:53Z
2026-06-08T19:45:40Z,2026-06-08T21:45:40+0200,2c10495a-697a-4f81-9dc4-3022854a0ce3,2026-05-21T17:00:00Z,2026-05-21T19:00:00+0200,9978.11,MW,BE,BE,actual_load,Actual Load,2026-06-08T19:45:53Z
2026-06-08T19:45:40Z,2026-06-08T21:45:40+0200,2c10495a-697a-4f81-9dc4-3022854a0ce3,2026-05-21T17:15:00Z,2026-05-21T19:15:00+0200,9791.74,MW,BE,BE,actual_load,Actual Load,2026-06-08T19:45:53Z
2026-06-08T19:45:40Z,2026-06-08T21:45:40+0200,2c10495a-697a-4f81-9dc4-3022854a0ce3,2026-05-21T17:30:00Z,2026-05-21T19:30:00+0200,9826.42,MW,BE,BE,actual_load,Actual Load,2026-06-08T19:45:53Z
2026-06-08T19:45:40Z,2026-06-08T21:45:40+0200,2c10495a-697a-4f81-9dc4-3022854a0ce3,2026-05-21T17:45:00Z,2026-05-21T19:45:00+0200,9782.93,MW,BE,BE,actual_load,Actual Load,2026-06-08T19:45:53Z
2026-06-08T19:45:40Z,2026-06-08T21:45:40+0200,2c10495a-697a-4f81-9dc4-3022854a0ce3,2026-05-21T18:00:00Z,2026-05-21T20:00:00+0200,9711.68,MW,BE,BE,actual_load,Actual Load,2026-06-08T19:45:53Z
2026-06-08T19:45:40Z,2026-06-08T21:45:40+0200,2c10495a-697a-4f81-9dc4-3022854a0ce3,2026-05-21T18:15:00Z,2026-05-21T20:15:00+0200,9549.08,MW,BE,BE,actual_load,Actual Load,2026-06-08T19:45:53Z
2026-06-08T19:45:40Z,2026-06-08T21:45:40+0200,2c10495a-697a-4f81-9dc4-3022854a0ce3,2026-05-21T18:30:00Z,2026-05-21T20:30:00+0200,9329.46,MW,BE,BE,actual_load,Actual Load,2026-06-08T19:45:53Z
2026-06-08T19:45:40Z,2026-06-08T21:45:40+0200,2c10495a-697a-4f81-9dc4-3022854a0ce3,2026-05-21T18:45:00Z,2026-05-21T20:45:00+0200,9291.3,MW,BE,BE,actual_load,Actual Load,2026-06-08T19:45:53Z
2026-06-08T19:45:40Z,2026-06-08T21:45:40+0200,2c10495a-697a-4f81-9dc4-3022854a0ce3,2026-05-21T19:00:00Z,2026-05-21T21:00:00+0200,9281.62,MW,BE,BE,actual_load,Actual Load,2026-06-08T19:45:53Z
2026-06-08T19:45:40Z,2026-06-08T21:45:40+0200,2c10495a-697a-4f81-9dc4-3022854a0ce3,2026-05-21T19:15:00Z,2026-05-21T21:15:00+0200,9160.5,MW,BE,BE,actual_load,Actual Load,2026-06-08T19:45:53Z
2026-06-08T19:45:40Z,2026-06-08T21:45:40+0200,2c10495a-697a-4f81-9dc4-3022854a0ce3,2026-05-21T19:30:00Z,2026-05-21T21:30:00+0200,9127.73,MW,BE,BE,actual_load,Actual Load,2026-06-08T19:45:53Z
2026-06-08T19:45:40Z,2026-06-08T21:45:40+0200,2c10495a-697a-4f81-9dc4-3022854a0ce3,2026-05-21T19:45:00Z,2026-05-21T21:45:00+0200,9319.22,MW,BE,BE,actual_load,Actual Load,2026-06-08T19:45:53Z
2026-06-08T19:45:40Z,2026-06-08T21:45:40+0200,2c10495a-697a-4f81-9dc4-3022854a0ce3,2026-05-21T20:00:00Z,2026-05-21T22:00:00+0200,9261.4,MW,BE,BE,actual_load,Actual Load,2026-06-08T19:45:53Z
2026-06-08T19:45:40Z,2026-06-08T21:45:40+0200,2c10495a-697a-4f81-9dc4-3022854a0ce3,2026-05-21T20:15:00Z,2026-05-21T22:15:00+0200,9317.23,MW,BE,BE,actual_load,Actual Load,2026-06-08T19:45:53Z
2026-06-08T19:45:40Z,2026-06-08T21:45:40+0200,2c10495a-697a-4f81-9dc4-3022854a0ce3,2026-05-21T20:30:00Z,2026-05-21T22:30:00+0200,9314.93,MW,BE,BE,actual_load,Actual Load,2026-06-08T19:45:53Z
2026-06-08T19:45:40Z,2026-06-08T21:45:40+0200,2c10495a-697a-4f81-9dc4-3022854a0ce3,2026-05-21T20:45:00Z,2026-05-21T22:45:00+0200,9163.0,MW,BE,BE,actual_load,Actual Load,2026-06-08T19:45:53Z
2026-06-08T19:45:40Z,2026-06-08T21:45:40+0200,2c10495a-697a-4f81-9dc4-3022854a0ce3,2026-05-21T21:00:00Z,2026-05-21T23:00:00+0200,8921.72,MW,BE,BE,actual_load,Actual Load,2026-06-08T19:45:53Z
2026-06-08T19:45:40Z,2026-06-08T21:45:40+0200,2c10495a-697a-4f81-9dc4-3022854a0ce3,2026-05-21T21:15:00Z,2026-05-21T23:15:00+0200,8883.49,MW,BE,BE,actual_load,Actual Load,2026-06-08T19:45:53Z
2026-06-08T19:45:40Z,2026-06-08T21:45:40+0200,2c10495a-697a-4f81-9dc4-3022854a0ce3,2026-05-21T21:30:00Z,2026-05-21T23:30:00+0200,8723.02,MW,BE,BE,actual_load,Actual Load,2026-06-08T19:45:53Z
2026-06-08T19:45:40Z,2026-06-08T21:45:40+0200,2c10495a-697a-4f81-9dc4-3022854a0ce3,2026-05-21T21:45:00Z,2026-05-21T23:45:00+0200,8633.74,MW,BE,BE,actual_load,Actual Load,2026-06-08T19:45:53Z
2026-06-08T19:45:40Z,2026-06-08T21:45:40+0200,2c10495a-697a-4f81-9dc4-3022854a0ce3,2026-05-21T22:00:00Z,2026-05-22T00:00:00+0200,8583.3,MW,BE,BE,actual_load,Actual Load,2026-06-08T19:45:53Z
2026-06-08T19:45:40Z,2026-06-08T21:45:40+0200,2c10495a-697a-4f81-9dc4-3022854a0ce3,2026-05-21T22:15:00Z,2026-05-22T00:15:00+0200,8441.4,MW,BE,BE,actual_load,Actual Load,2026-06-08T19:45:53Z
2026-06-08T19:45:40Z,2026-06-08T21:45:40+0200,2c10495a-697a-4f81-9dc4-3022854a0ce3,2026-05-21T22:30:00Z,2026-05-22T00:30:00+0200,8353.27,MW,BE,BE,actual_load,Actual Load,2026-06-08T19:45:53Z
2026-06-08T19:45:40Z,2026-06-08T21:45:40+0200,2c10495a-697a-4f81-9dc4-3022854a0ce3,2026-05-21T22:45:00Z,2026-05-22T00:45:00+0200,8310.07,MW,BE,BE,actual_load,Actual Load,2026-06-08T19:45:53Z
2026-06-08T19:45:40Z,2026-06-08T21:45:40+0200,2c10495a-697a-4f81-9dc4-3022854a0ce3,2026-05-21T23:00:00Z,2026-05-22T01:00:00+0200,8275.64,MW,BE,BE,actual_load,Actual Load,2026-06-08T19:45:53Z
2026-06-08T19:45:40Z,2026-06-08T21:45:40+0200,2c10495a-697a-4f81-9dc4-3022854a0ce3,2026-05-21T23:15:00Z,2026-05-22T01:15:00+0200,8120.9,MW,BE,BE,actual_load,Actual Load,2026-06-08T19:45:53Z
2026-06-08T19:45:40Z,2026-06-08T21:45:40+0200,2c10495a-697a-4f81-9dc4-3022854a0ce3,2026-05-21T23:30:00Z,2026-05-22T01:30:00+0200,8184.36,MW,BE,BE,actual_load,Actual Load,2026-06-08T19:45:53Z
2026-06-08T19:45:40Z,2026-06-08T21:45:40+0200,2c10495a-697a-4f81-9dc4-3022854a0ce3,2026-05-21T23:45:00Z,2026-05-22T01:45:00+0200,8105.37,MW,BE,BE,actual_load,Actual Load,2026-06-08T19:45:53Z
2026-06-08T19:45:40Z,2026-06-08T21:45:40+0200,2c10495a-697a-4f81-9dc4-3022854a0ce3,2026-05-22T00:00:00Z,2026-05-22T02:00:00+0200,7976.58,MW,BE,BE,actual_load,Actual Load,2026-06-08T19:45:53Z
2026-06-08T19:45:40Z,2026-06-08T21:45:40+0200,2c10495a-697a-4f81-9dc4-3022854a0ce3,2026-05-22T00:15:00Z,2026-05-22T02:15:00+0200,7935.06,MW,BE,BE,actual_load,Actual Load,2026-06-08T19:45:53Z
2026-06-08T19:45:40Z,2026-06-08T21:45:40+0200,2c10495a-697a-4f81-9dc4-3022854a0ce3,2026-05-22T00:30:00Z,2026-05-22T02:30:00+0200,7909.59,MW,BE,BE,actual_load,Actual Load,2026-06-08T19:45:53Z
2026-06-08T19:45:40Z,2026-06-08T21:45:40+0200,2c10495a-697a-4f81-9dc4-3022854a0ce3,2026-05-22T00:45:00Z,2026-05-22T02:45:00+0200,7938.48,MW,BE,BE,actual_load,Actual Load,2026-06-08T19:45:53Z
2026-06-08T19:45:40Z,2026-06-08T21:45:40+0200,2c10495a-697a-4f81-9dc4-3022854a0ce3,2026-05-22T01:00:00Z,2026-05-22T03:00:00+0200,7846.34,MW,BE,BE,actual_load,Actual Load,2026-06-08T19:45:53Z
2026-06-08T19:45:40Z,2026-06-08T21:45:40+0200,2c10495a-697a-4f81-9dc4-3022854a0ce3,2026-05-22T01:15:00Z,2026-05-22T03:15:00+0200,7822.94,MW,BE,BE,actual_load,Actual Load,2026-06-08T19:45:53Z
2026-06-08T19:45:40Z,2026-06-08T21:45:40+0200,2c10495a-697a-4f81-9dc4-3022854a0ce3,2026-05-22T01:30:00Z,2026-05-22T03:30:00+0200,7825.2,MW,BE,BE,actual_load,Actual Load,2026-06-08T19:45:53Z
2026-06-08T19:45:40Z,2026-06-08T21:45:40+0200,2c10495a-697a-4f81-9dc4-3022854a0ce3,2026-05-22T01:45:00Z,2026-05-22T03:45:00+0200,7750.63,MW,BE,BE,actual_load,Actual Load,2026-06-08T19:45:53Z
2026-06-08T19:45:40Z,2026-06-08T21:45:40+0200,2c10495a-697a-4f81-9dc4-3022854a0ce3,2026-05-22T02:00:00Z,2026-05-22T04:00:00+0200,7818.98,MW,BE,BE,actual_load,Actual Load,2026-06-08T19:45:53Z
2026-06-08T19:45:40Z,2026-06-08T21:45:40+0200,2c10495a-697a-4f81-9dc4-3022854a0ce3,2026-05-22T02:15:00Z,2026-05-22T04:15:00+0200,7838.26,MW,BE,BE,actual_load,Actual Load,2026-06-08T19:45:53Z
2026-06-08T19:45:40Z,2026-06-08T21:45:40+0200,2c10495a-697a-4f81-9dc4-3022854a0ce3,2026-05-22T02:30:00Z,2026-05-22T04:30:00+0200,7914.62,MW,BE,BE,actual_load,Actual Load,2026-06-08T19:45:53Z
2026-06-08T19:45:40Z,2026-06-08T21:45:40+0200,2c10495a-697a-4f81-9dc4-3022854a0ce3,2026-05-22T02:45:00Z,2026-05-22T04:45:00+0200,7915.41,MW,BE,BE,actual_load,Actual Load,2026-06-08T19:45:53Z
2026-06-08T19:45:40Z,2026-06-08T21:45:40+0200,2c10495a-697a-4f81-9dc4-3022854a0ce3,2026-05-22T03:00:00Z,2026-05-22T05:00:00+0200,8023.01,MW,BE,BE,actual_load,Actual Load,2026-06-08T19:45:53Z
2026-06-08T19:45:40Z,2026-06-08T21:45:40+0200,2c10495a-697a-4f81-9dc4-3022854a0ce3,2026-05-22T03:15:00Z,2026-05-22T05:15:00+0200,8027.59,MW,BE,BE,actual_load,Actual Load,2026-06-08T19:45:53Z
2026-06-08T19:45:40Z,2026-06-08T21:45:40+0200,2c10495a-697a-4f81-9dc4-3022854a0ce3,2026-05-22T03:30:00Z,2026-05-22T05:30:00+0200,8106.51,MW,BE,BE,actual_load,Actual Load,2026-06-08T19:45:53Z
2026-06-08T19:45:40Z,2026-06-08T21:45:40+0200,2c10495a-697a-4f81-9dc4-3022854a0ce3,2026-05-22T03:45:00Z,2026-05-22T05:45:00+0200,8207.47,MW,BE,BE,actual_load,Actual Load,2026-06-08T19:45:53Z
2026-06-08T19:45:40Z,2026-06-08T21:45:40+0200,2c10495a-697a-4f81-9dc4-3022854a0ce3,2026-05-22T04:00:00Z,2026-05-22T06:00:00+0200,8446.43,MW,BE,BE,actual_load,Actual Load,2026-06-08T19:45:53Z
2026-06-08T19:45:40Z,2026-06-08T21:45:40+0200,2c10495a-697a-4f81-9dc4-3022854a0ce3,2026-05-22T04:15:00Z,2026-05-22T06:15:00+0200,8642.79,MW,BE,BE,actual_load,Actual Load,2026-06-08T19:45:53Z
2026-06-08T19:45:40Z,2026-06-08T21:45:40+0200,2c10495a-697a-4f81-9dc4-3022854a0ce3,2026-05-22T04:30:00Z,2026-05-22T06:30:00+0200,8944.72,MW,BE,BE,actual_load,Actual Load,2026-06-08T19:45:53Z
2026-06-08T19:45:40Z,2026-06-08T21:45:40+0200,2c10495a-697a-4f81-9dc4-3022854a0ce3,2026-05-22T04:45:00Z,2026-05-22T06:45:00+0200,9110.33,MW,BE,BE,actual_load,Actual Load,2026-06-08T19:45:53Z
2026-06-08T19:45:40Z,2026-06-08T21:45:40+0200,2c10495a-697a-4f81-9dc4-3022854a0ce3,2026-05-22T05:00:00Z,2026-05-22T07:00:00+0200,9210.59,MW,BE,BE,actual_load,Actual Load,2026-06-08T19:45:53Z
2026-06-08T19:45:40Z,2026-06-08T21:45:40+0200,2c10495a-697a-4f81-9dc4-3022854a0ce3,2026-05-22T05:15:00Z,2026-05-22T07:15:00+0200,9391.52,MW,BE,BE,actual_load,Actual Load,2026-06-08T19:45:53Z
2026-06-08T19:45:40Z,2026-06-08T21:45:40+0200,2c10495a-697a-4f81-9dc4-3022854a0ce3,2026-05-22T05:30:00Z,2026-05-22T07:30:00+0200,9663.53,MW,BE,BE,actual_load,Actual Load,2026-06-08T19:45:53Z
2026-06-08T19:45:40Z,2026-06-08T21:45:40+0200,2c10495a-697a-4f81-9dc4-3022854a0ce3,2026-05-22T05:45:00Z,2026-05-22T07:45:00+0200,9746.05,MW,BE,BE,actual_load,Actual Load,2026-06-08T19:45:53Z
2026-06-08T19:45:40Z,2026-06-08T21:45:40+0200,2c10495a-697a-4f81-9dc4-3022854a0ce3,2026-05-22T06:00:00Z,2026-05-22T08:00:00+0200,10011.8,MW,BE,BE,actual_load,Actual Load,2026-06-08T19:45:53Z
2026-06-08T19:45:40Z,2026-06-08T21:45:40+0200,2c10495a-697a-4f81-9dc4-3022854a0ce3,2026-05-22T06:15:00Z,2026-05-22T08:15:00+0200,10120.11,MW,BE,BE,actual_load,Actual Load,2026-06-08T19:45:53Z
2026-06-08T19:45:40Z,2026-06-08T21:45:40+0200,2c10495a-697a-4f81-9dc4-3022854a0ce3,2026-05-22T06:30:00Z,2026-05-22T08:30:00+0200,10265.09,MW,BE,BE,actual_load,Actual Load,2026-06-08T19:45:53Z
2026-06-08T19:45:40Z,2026-06-08T21:45:40+0200,2c10495a-697a-4f81-9dc4-3022854a0ce3,2026-05-22T06:45:00Z,2026-05-22T08:45:00+0200,10486.17,MW,BE,BE,actual_load,Actual Load,2026-06-08T19:45:53Z
2026-06-08T19:45:40Z,2026-06-08T21:45:40+0200,2c10495a-697a-4f81-9dc4-3022854a0ce3,2026-05-22T07:00:00Z,2026-05-22T09:00:00+0200,10513.56,MW,BE,BE,actual_load,Actual Load,2026-06-08T19:45:53Z
2026-06-08T19:45:40Z,2026-06-08T21:45:40+0200,2c10495a-697a-4f81-9dc4-3022854a0ce3,2026-05-22T07:15:00Z,2026-05-22T09:15:00+0200,10669.28,MW,BE,BE,actual_load,Actual Load,2026-06-08T19:45:53Z
2026-06-08T19:45:40Z,2026-06-08T21:45:40+0200,2c10495a-697a-4f81-9dc4-3022854a0ce3,2026-05-22T07:30:00Z,2026-05-22T09:30:00+0200,10931.7,MW,BE,BE,actual_load,Actual Load,2026-06-08T19:45:53Z
2026-06-08T19:45:40Z,2026-06-08T21:45:40+0200,2c10495a-697a-4f81-9dc4-3022854a0ce3,2026-05-22T07:45:00Z,2026-05-22T09:45:00+0200,10794.29,MW,BE,BE,actual_load,Actual Load,2026-06-08T19:45:53Z
2026-06-08T19:45:40Z,2026-06-08T21:45:40+0200,2c10495a-697a-4f81-9dc4-3022854a0ce3,2026-05-22T08:00:00Z,2026-05-22T10:00:00+0200,10683.29,MW,BE,BE,actual_load,Actual Load,2026-06-08T19:45:53Z
2026-06-08T19:45:40Z,2026-06-08T21:45:40+0200,2c10495a-697a-4f81-9dc4-3022854a0ce3,2026-05-22T08:15:00Z,2026-05-22T10:15:00+0200,10751.2,MW,BE,BE,actual_load,Actual Load,2026-06-08T19:45:53Z
2026-06-08T19:45:40Z,2026-06-08T21:45:40+0200,2c10495a-697a-4f81-9dc4-3022854a0ce3,2026-05-22T08:30:00Z,2026-05-22T10:30:00+0200,10876.16,MW,BE,BE,actual_load,Actual Load,2026-06-08T19:45:53Z
2026-06-08T19:45:40Z,2026-06-08T21:45:40+0200,2c10495a-697a-4f81-9dc4-3022854a0ce3,2026-05-22T08:45:00Z,2026-05-22T10:45:00+0200,11160.73,MW,BE,BE,actual_load,Actual Load,2026-06-08T19:45:53Z
2026-06-08T19:45:40Z,2026-06-08T21:45:40+0200,2c10495a-697a-4f81-9dc4-3022854a0ce3,2026-05-22T09:00:00Z,2026-05-22T11:00:00+0200,11128.4,MW,BE,BE,actual_load,Actual Load,2026-06-08T19:45:53Z
2026-06-08T19:45:40Z,2026-06-08T21:45:40+0200,2c10495a-697a-4f81-9dc4-3022854a0ce3,2026-05-22T09:15:00Z,2026-05-22T11:15:00+0200,11390.82,MW,BE,BE,actual_load,Actual Load,2026-06-08T19:45:53Z
2026-06-08T19:45:40Z,2026-06-08T21:45:40+0200,2c10495a-697a-4f81-9dc4-3022854a0ce3,2026-05-22T09:30:00Z,2026-05-22T11:30:00+0200,11422.88,MW,BE,BE,actual_load,Actual Load,2026-06-08T19:45:53Z
2026-06-08T19:45:40Z,2026-06-08T21:45:40+0200,2c10495a-697a-4f81-9dc4-3022854a0ce3,2026-05-22T09:45:00Z,2026-05-22T11:45:00+0200,11389.06,MW,BE,BE,actual_load,Actual Load,2026-06-08T19:45:53Z
2026-06-08T19:45:40Z,2026-06-08T21:45:40+0200,2c10495a-697a-4f81-9dc4-3022854a0ce3,2026-05-22T10:00:00Z,2026-05-22T12:00:00+0200,11238.59,MW,BE,BE,actual_load,Actual Load,2026-06-08T19:45:53Z
2026-06-08T19:45:40Z,2026-06-08T21:45:40+0200,2c10495a-697a-4f81-9dc4-3022854a0ce3,2026-05-22T10:15:00Z,2026-05-22T12:15:00+0200,11289.68,MW,BE,BE,actual_load,Actual Load,2026-06-08T19:45:53Z
2026-06-08T19:45:40Z,2026-06-08T21:45:40+0200,2c10495a-697a-4f81-9dc4-3022854a0ce3,2026-05-22T10:30:00Z,2026-05-22T12:30:00+0200,11239.01,MW,BE,BE,actual_load,Actual Load,2026-06-08T19:45:53Z
2026-06-08T19:45:40Z,2026-06-08T21:45:40+0200,2c10495a-697a-4f81-9dc4-3022854a0ce3,2026-05-22T10:45:00Z,2026-05-22T12:45:00+0200,11322.71,MW,BE,BE,actual_load,Actual Load,2026-06-08T19:45:53Z
2026-06-08T19:45:40Z,2026-06-08T21:45:40+0200,2c10495a-697a-4f81-9dc4-3022854a0ce3,2026-05-22T11:00:00Z,2026-05-22T13:00:00+0200,11369.31,MW,BE,BE,actual_load,Actual Load,2026-06-08T19:45:53Z
2026-06-08T19:45:40Z,2026-06-08T21:45:40+0200,2c10495a-697a-4f81-9dc4-3022854a0ce3,2026-05-22T11:15:00Z,2026-05-22T13:15:00+0200,11402.35,MW,BE,BE,actual_load,Actual Load,2026-06-08T19:45:53Z
2026-06-08T19:45:40Z,2026-06-08T21:45:40+0200,2c10495a-697a-4f81-9dc4-3022854a0ce3,2026-05-22T11:30:00Z,2026-05-22T13:30:00+0200,11313.17,MW,BE,BE,actual_load,Actual Load,2026-06-08T19:45:53Z
2026-06-08T19:45:40Z,2026-06-08T21:45:40+0200,2c10495a-697a-4f81-9dc4-3022854a0ce3,2026-05-22T11:45:00Z,2026-05-22T13:45:00+0200,11383.39,MW,BE,BE,actual_load,Actual Load,2026-06-08T19:45:53Z
2026-06-08T19:45:40Z,2026-06-08T21:45:40+0200,2c10495a-697a-4f81-9dc4-3022854a0ce3,2026-05-22T12:00:00Z,2026-05-22T14:00:00+0200,11454.13,MW,BE,BE,actual_load,Actual Load,2026-06-08T19:45:53Z
2026-06-08T19:45:40Z,2026-06-08T21:45:40+0200,2c10495a-697a-4f81-9dc4-3022854a0ce3,2026-05-22T12:15:00Z,2026-05-22T14:15:00+0200,11374.09,MW,BE,BE,actual_load,Actual Load,2026-06-08T19:45:53Z
2026-06-08T19:45:40Z,2026-06-08T21:45:40+0200,2c10495a-697a-4f81-9dc4-3022854a0ce3,2026-05-22T12:30:00Z,2026-05-22T14:30:00+0200,11248.99,MW,BE,BE,actual_load,Actual Load,2026-06-08T19:45:53Z
2026-06-08T19:45:40Z,2026-06-08T21:45:40+0200,2c10495a-697a-4f81-9dc4-3022854a0ce3,2026-05-22T12:45:00Z,2026-05-22T14:45:00+0200,11045.98,MW,BE,BE,actual_load,Actual Load,2026-06-08T19:45:53Z
2026-06-08T19:45:40Z,2026-06-08T21:45:40+0200,2c10495a-697a-4f81-9dc4-3022854a0ce3,2026-05-22T13:00:00Z,2026-05-22T15:00:00+0200,10902.82,MW,BE,BE,actual_load,Actual Load,2026-06-08T19:45:53Z
2026-06-08T19:45:40Z,2026-06-08T21:45:40+0200,2c10495a-697a-4f81-9dc4-3022854a0ce3,2026-05-22T13:15:00Z,2026-05-22T15:15:00+0200,11033.54,MW,BE,BE,actual_load,Actual Load,2026-06-08T19:45:53Z
2026-06-08T19:45:40Z,2026-06-08T21:45:40+0200,2c10495a-697a-4f81-9dc4-3022854a0ce3,2026-05-22T13:30:00Z,2026-05-22T15:30:00+0200,10767.03,MW,BE,BE,actual_load,Actual Load,2026-06-08T19:45:53Z
2026-06-08T19:45:40Z,2026-06-08T21:45:40+0200,2c10495a-697a-4f81-9dc4-3022854a0ce3,2026-05-22T13:45:00Z,2026-05-22T15:45:00+0200,10449.48,MW,BE,BE,actual_load,Actual Load,2026-06-08T19:45:53Z
2026-06-08T19:45:40Z,2026-06-08T21:45:40+0200,2c10495a-697a-4f81-9dc4-3022854a0ce3,2026-05-22T14:00:00Z,2026-05-22T16:00:00+0200,10169.06,MW,BE,BE,actual_load,Actual Load,2026-06-08T19:45:53Z
2026-06-08T19:45:40Z,2026-06-08T21:45:40+0200,2c10495a-697a-4f81-9dc4-3022854a0ce3,2026-05-22T14:15:00Z,2026-05-22T16:15:00+0200,10166.71,MW,BE,BE,actual_load,Actual Load,2026-06-08T19:45:53Z
2026-06-08T19:45:40Z,2026-06-08T21:45:40+0200,2c10495a-697a-4f81-9dc4-3022854a0ce3,2026-05-22T14:30:00Z,2026-05-22T16:30:00+0200,10138.39,MW,BE,BE,actual_load,Actual Load,2026-06-08T19:45:53Z
2026-06-08T19:45:40Z,2026-06-08T21:45:40+0200,2c10495a-697a-4f81-9dc4-3022854a0ce3,2026-05-22T14:45:00Z,2026-05-22T16:45:00+0200,10218.41,MW,BE,BE,actual_load,Actual Load,2026-06-08T19:45:53Z
2026-06-08T19:45:40Z,2026-06-08T21:45:40+0200,2c10495a-697a-4f81-9dc4-3022854a0ce3,2026-05-22T15:00:00Z,2026-05-22T17:00:00+0200,10198.06,MW,BE,BE,actual_load,Actual Load,2026-06-08T19:45:53Z
2026-06-08T19:45:40Z,2026-06-08T21:45:40+0200,2c10495a-697a-4f81-9dc4-3022854a0ce3,2026-05-22T15:15:00Z,2026-05-22T17:15:00+0200,10107.27,MW,BE,BE,actual_load,Actual Load,2026-06-08T19:45:53Z
2026-06-08T19:45:40Z,2026-06-08T21:45:40+0200,2c10495a-697a-4f81-9dc4-3022854a0ce3,2026-05-22T15:30:00Z,2026-05-22T17:30:00+0200,10044.72,MW,BE,BE,actual_load,Actual Load,2026-06-08T19:45:53Z
2026-06-08T19:45:40Z,2026-06-08T21:45:40+0200,2c10495a-697a-4f81-9dc4-3022854a0ce3,2026-05-22T15:45:00Z,2026-05-22T17:45:00+0200,9974.87,MW,BE,BE,actual_load,Actual Load,2026-06-08T19:45:53Z
2026-06-08T19:45:40Z,2026-06-08T21:45:40+0200,2c10495a-697a-4f81-9dc4-3022854a0ce3,2026-05-22T16:00:00Z,2026-05-22T18:00:00+0200,9792.61,MW,BE,BE,actual_load,Actual Load,2026-06-08T19:45:53Z
2026-06-08T19:45:40Z,2026-06-08T21:45:40+0200,2c10495a-697a-4f81-9dc4-3022854a0ce3,2026-05-22T16:15:00Z,2026-05-22T18:15:00+0200,9867.13,MW,BE,BE,actual_load,Actual Load,2026-06-08T19:45:53Z
2026-06-08T19:45:40Z,2026-06-08T21:45:40+0200,2c10495a-697a-4f81-9dc4-3022854a0ce3,2026-05-22T16:30:00Z,2026-05-22T18:30:00+0200,9782.61,MW,BE,BE,actual_load,Actual Load,2026-06-08T19:45:53Z
2026-06-08T19:45:40Z,2026-06-08T21:45:40+0200,2c10495a-697a-4f81-9dc4-3022854a0ce3,2026-05-22T16:45:00Z,2026-05-22T18:45:00+0200,9749.99,MW,BE,BE,actual_load,Actual Load,2026-06-08T19:45:53Z
2026-06-08T19:45:40Z,2026-06-08T21:45:40+0200,2c10495a-697a-4f81-9dc4-3022854a0ce3,2026-05-22T17:00:00Z,2026-05-22T19:00:00+0200,9649.98,MW,BE,BE,actual_load,Actual Load,2026-06-08T19:45:53Z
2026-06-08T19:45:40Z,2026-06-08T21:45:40+0200,2c10495a-697a-4f81-9dc4-3022854a0ce3,2026-05-22T17:15:00Z,2026-05-22T19:15:00+0200,9616.82,MW,BE,BE,actual_load,Actual Load,2026-06-08T19:45:53Z
2026-06-08T19:45:40Z,2026-06-08T21:45:40+0200,2c10495a-697a-4f81-9dc4-3022854a0ce3,2026-05-22T17:30:00Z,2026-05-22T19:30:00+0200,9625.68,MW,BE,BE,actual_load,Actual Load,2026-06-08T19:45:53Z
2026-06-08T19:45:40Z,2026-06-08T21:45:40+0200,2c10495a-697a-4f81-9dc4-3022854a0ce3,2026-05-22T17:45:00Z,2026-05-22T19:45:00+0200,9500.88,MW,BE,BE,actual_load,Actual Load,2026-06-08T19:45:53Z
2026-06-08T19:45:40Z,2026-06-08T21:45:40+0200,2c10495a-697a-4f81-9dc4-3022854a0ce3,2026-05-22T18:00:00Z,2026-05-22T20:00:00+0200,9497.28,MW,BE,BE,actual_load,Actual Load,2026-06-08T19:45:53Z
2026-06-08T19:45:40Z,2026-06-08T21:45:40+0200,2c10495a-697a-4f81-9dc4-3022854a0ce3,2026-05-22T18:15:00Z,2026-05-22T20:15:00+0200,9289.74,MW,BE,BE,actual_load,Actual Load,2026-06-08T19:45:53Z
2026-06-08T19:45:40Z,2026-06-08T21:45:40+0200,2c10495a-697a-4f81-9dc4-3022854a0ce3,2026-05-22T18:30:00Z,2026-05-22T20:30:00+0200,9212.0,MW,BE,BE,actual_load,Actual Load,2026-06-08T19:45:53Z
2026-06-08T19:45:40Z,2026-06-08T21:45:40+0200,2c10495a-697a-4f81-9dc4-3022854a0ce3,2026-05-22T18:45:00Z,2026-05-22T20:45:00+0200,9132.01,MW,BE,BE,actual_load,Actual Load,2026-06-08T19:45:53Z
2026-06-08T19:45:40Z,2026-06-08T21:45:40+0200,2c10495a-697a-4f81-9dc4-3022854a0ce3,2026-05-22T19:00:00Z,2026-05-22T21:00:00+0200,9044.86,MW,BE,BE,actual_load,Actual Load,2026-06-08T19:45:53Z
2026-06-08T19:45:40Z,2026-06-08T21:45:40+0200,2c10495a-697a-4f81-9dc4-3022854a0ce3,2026-05-22T19:15:00Z,2026-05-22T21:15:00+0200,9004.43,MW,BE,BE,actual_load,Actual Load,2026-06-08T19:45:53Z
2026-06-08T19:45:40Z,2026-06-08T21:45:40+0200,2c10495a-697a-4f81-9dc4-3022854a0ce3,2026-05-22T19:30:00Z,2026-05-22T21:30:00+0200,8971.97,MW,BE,BE,actual_load,Actual Load,2026-06-08T19:45:53Z
2026-06-08T19:45:40Z,2026-06-08T21:45:40+0200,2c10495a-697a-4f81-9dc4-3022854a0ce3,2026-05-22T19:45:00Z,2026-05-22T21:45:00+0200,9092.81,MW,BE,BE,actual_load,Actual Load,2026-06-08T19:45:53Z
2026-06-08T19:45:40Z,2026-06-08T21:45:40+0200,2c10495a-697a-4f81-9dc4-3022854a0ce3,2026-05-22T20:00:00Z,2026-05-22T22:00:00+0200,8968.0,MW,BE,BE,actual_load,Actual Load,2026-06-08T19:45:53Z
2026-06-08T19:45:40Z,2026-06-08T21:45:40+0200,2c10495a-697a-4f81-9dc4-3022854a0ce3,2026-05-22T20:15:00Z,2026-05-22T22:15:00+0200,9092.28,MW,BE,BE,actual_load,Actual Load,2026-06-08T19:45:53Z
2026-06-08T19:45:40Z,2026-06-08T21:45:40+0200,2c10495a-697a-4f81-9dc4-3022854a0ce3,2026-05-22T20:30:00Z,2026-05-22T22:30:00+0200,9076.77,MW,BE,BE,actual_load,Actual Load,2026-06-08T19:45:53Z
2026-06-08T19:45:40Z,2026-06-08T21:45:40+0200,2c10495a-697a-4f81-9dc4-3022854a0ce3,2026-05-22T20:45:00Z,2026-05-22T22:45:00+0200,9046.66,MW,BE,BE,actual_load,Actual Load,2026-06-08T19:45:53Z
2026-06-08T19:45:40Z,2026-06-08T21:45:40+0200,2c10495a-697a-4f81-9dc4-3022854a0ce3,2026-05-22T21:00:00Z,2026-05-22T23:00:00+0200,8961.51,MW,BE,BE,actual_load,Actual Load,2026-06-08T19:45:53Z
2026-06-08T19:45:40Z,2026-06-08T21:45:40+0200,2c10495a-697a-4f81-9dc4-3022854a0ce3,2026-05-22T21:15:00Z,2026-05-22T23:15:00+0200,8833.44,MW,BE,BE,actual_load,Actual Load,2026-06-08T19:45:53Z
2026-06-08T19:45:40Z,2026-06-08T21:45:40+0200,2c10495a-697a-4f81-9dc4-3022854a0ce3,2026-05-22T21:30:00Z,2026-05-22T23:30:00+0200,8784.72,MW,BE,BE,actual_load,Actual Load,2026-06-08T19:45:53Z
2026-06-08T19:45:40Z,2026-06-08T21:45:40+0200,2c10495a-697a-4f81-9dc4-3022854a0ce3,2026-05-22T21:45:00Z,2026-05-22T23:45:00+0200,8615.95,MW,BE,BE,actual_load,Actual Load,2026-06-08T19:45:53Z
2026-06-08T19:45:40Z,2026-06-08T21:45:40+0200,2c10495a-697a-4f81-9dc4-3022854a0ce3,2026-05-22T22:00:00Z,2026-05-23T00:00:00+0200,8436.17,MW,BE,BE,actual_load,Actual Load,2026-06-08T19:45:53Z
2026-06-08T19:45:40Z,2026-06-08T21:45:40+0200,2c10495a-697a-4f81-9dc4-3022854a0ce3,2026-05-22T22:15:00Z,2026-05-23T00:15:00+0200,8252.13,MW,BE,BE,actual_load,Actual Load,2026-06-08T19:45:53Z
2026-06-08T19:45:40Z,2026-06-08T21:45:40+0200,2c10495a-697a-4f81-9dc4-3022854a0ce3,2026-05-22T22:30:00Z,2026-05-23T00:30:00+0200,8175.77,MW,BE,BE,actual_load,Actual Load,2026-06-08T19:45:53Z
2026-06-08T19:45:40Z,2026-06-08T21:45:40+0200,2c10495a-697a-4f81-9dc4-3022854a0ce3,2026-05-22T22:45:00Z,2026-05-23T00:45:00+0200,8059.75,MW,BE,BE,actual_load,Actual Load,2026-06-08T19:45:53Z
2026-06-08T19:45:40Z,2026-06-08T21:45:40+0200,2c10495a-697a-4f81-9dc4-3022854a0ce3,2026-05-22T23:00:00Z,2026-05-23T01:00:00+0200,8012.16,MW,BE,BE,actual_load,Actual Load,2026-06-08T19:45:53Z
2026-06-08T19:45:40Z,2026-06-08T21:45:40+0200,2c10495a-697a-4f81-9dc4-3022854a0ce3,2026-05-22T23:15:00Z,2026-05-23T01:15:00+0200,8004.35,MW,BE,BE,actual_load,Actual Load,2026-06-08T19:45:53Z
2026-06-08T19:45:40Z,2026-06-08T21:45:40+0200,2c10495a-697a-4f81-9dc4-3022854a0ce3,2026-05-22T23:30:00Z,2026-05-23T01:30:00+0200,7923.22,MW,BE,BE,actual_load,Actual Load,2026-06-08T19:45:53Z
2026-06-08T19:45:40Z,2026-06-08T21:45:40+0200,2c10495a-697a-4f81-9dc4-3022854a0ce3,2026-05-22T23:45:00Z,2026-05-23T01:45:00+0200,7871.95,MW,BE,BE,actual_load,Actual Load,2026-06-08T19:45:53Z
2026-06-08T19:45:40Z,2026-06-08T21:45:40+0200,2c10495a-697a-4f81-9dc4-3022854a0ce3,2026-05-23T00:00:00Z,2026-05-23T02:00:00+0200,7901.29,MW,BE,BE,actual_load,Actual Load,2026-06-08T19:45:53Z
2026-06-08T19:45:40Z,2026-06-08T21:45:40+0200,2c10495a-697a-4f81-9dc4-3022854a0ce3,2026-05-23T00:15:00Z,2026-05-23T02:15:00+0200,7680.5,MW,BE,BE,actual_load,Actual Load,2026-06-08T19:45:53Z
2026-06-08T19:45:40Z,2026-06-08T21:45:40+0200,2c10495a-697a-4f81-9dc4-3022854a0ce3,2026-05-23T00:30:00Z,2026-05-23T02:30:00+0200,7539.66,MW,BE,BE,actual_load,Actual Load,2026-06-08T19:45:53Z
2026-06-08T19:45:40Z,2026-06-08T21:45:40+0200,2c10495a-697a-4f81-9dc4-3022854a0ce3,2026-05-23T00:45:00Z,2026-05-23T02:45:00+0200,7517.53,MW,BE,BE,actual_load,Actual Load,2026-06-08T19:45:53Z
2026-06-08T19:45:40Z,2026-06-08T21:45:40+0200,2c10495a-697a-4f81-9dc4-3022854a0ce3,2026-05-23T01:00:00Z,2026-05-23T03:00:00+0200,7440.94,MW,BE,BE,actual_load,Actual Load,2026-06-08T19:45:53Z
2026-06-08T19:45:40Z,2026-06-08T21:45:40+0200,2c10495a-697a-4f81-9dc4-3022854a0ce3,2026-05-23T01:15:00Z,2026-05-23T03:15:00+0200,7420.09,MW,BE,BE,actual_load,Actual Load,2026-06-08T19:45:53Z
2026-06-08T19:45:40Z,2026-06-08T21:45:40+0200,2c10495a-697a-4f81-9dc4-3022854a0ce3,2026-05-23T01:30:00Z,2026-05-23T03:30:00+0200,7439.63,MW,BE,BE,actual_load,Actual Load,2026-06-08T19:45:53Z
2026-06-08T19:45:40Z,2026-06-08T21:45:40+0200,2c10495a-697a-4f81-9dc4-3022854a0ce3,2026-05-23T01:45:00Z,2026-05-23T03:45:00+0200,7452.26,MW,BE,BE,actual_load,Actual Load,2026-06-08T19:45:53Z
2026-06-08T19:45:40Z,2026-06-08T21:45:40+0200,2c10495a-697a-4f81-9dc4-3022854a0ce3,2026-05-23T02:00:00Z,2026-05-23T04:00:00+0200,7432.83,MW,BE,BE,actual_load,Actual Load,2026-06-08T19:45:53Z
2026-06-08T19:45:40Z,2026-06-08T21:45:40+0200,2c10495a-697a-4f81-9dc4-3022854a0ce3,2026-05-23T02:15:00Z,2026-05-23T04:15:00+0200,7356.95,MW,BE,BE,actual_load,Actual Load,2026-06-08T19:45:53Z
2026-06-08T19:45:40Z,2026-06-08T21:45:40+0200,2c10495a-697a-4f81-9dc4-3022854a0ce3,2026-05-23T02:30:00Z,2026-05-23T04:30:00+0200,7348.27,MW,BE,BE,actual_load,Actual Load,2026-06-08T19:45:53Z
2026-06-08T19:45:40Z,2026-06-08T21:45:40+0200,2c10495a-697a-4f81-9dc4-3022854a0ce3,2026-05-23T02:45:00Z,2026-05-23T04:45:00+0200,7380.54,MW,BE,BE,actual_load,Actual Load,2026-06-08T19:45:53Z
2026-06-08T19:45:40Z,2026-06-08T21:45:40+0200,2c10495a-697a-4f81-9dc4-3022854a0ce3,2026-05-23T03:00:00Z,2026-05-23T05:00:00+0200,7344.09,MW,BE,BE,actual_load,Actual Load,2026-06-08T19:45:53Z
2026-06-08T19:45:40Z,2026-06-08T21:45:40+0200,2c10495a-697a-4f81-9dc4-3022854a0ce3,2026-05-23T03:15:00Z,2026-05-23T05:15:00+0200,7375.17,MW,BE,BE,actual_load,Actual Load,2026-06-08T19:45:53Z
2026-06-08T19:45:40Z,2026-06-08T21:45:40+0200,2c10495a-697a-4f81-9dc4-3022854a0ce3,2026-05-23T03:30:00Z,2026-05-23T05:30:00+0200,7375.69,MW,BE,BE,actual_load,Actual Load,2026-06-08T19:45:53Z
2026-06-08T19:45:40Z,2026-06-08T21:45:40+0200,2c10495a-697a-4f81-9dc4-3022854a0ce3,2026-05-23T03:45:00Z,2026-05-23T05:45:00+0200,7324.42,MW,BE,BE,actual_load,Actual Load,2026-06-08T19:45:53Z
2026-06-08T19:45:40Z,2026-06-08T21:45:40+0200,2c10495a-697a-4f81-9dc4-3022854a0ce3,2026-05-23T04:00:00Z,2026-05-23T06:00:00+0200,7419.51,MW,BE,BE,actual_load,Actual Load,2026-06-08T19:45:53Z
2026-06-08T19:45:40Z,2026-06-08T21:45:40+0200,2c10495a-697a-4f81-9dc4-3022854a0ce3,2026-05-23T04:15:00Z,2026-05-23T06:15:00+0200,7553.85,MW,BE,BE,actual_load,Actual Load,2026-06-08T19:45:53Z
2026-06-08T19:45:40Z,2026-06-08T21:45:40+0200,2c10495a-697a-4f81-9dc4-3022854a0ce3,2026-05-23T04:30:00Z,2026-05-23T06:30:00+0200,7646.86,MW,BE,BE,actual_load,Actual Load,2026-06-08T19:45:53Z
2026-06-08T19:45:40Z,2026-06-08T21:45:40+0200,2c10495a-697a-4f81-9dc4-3022854a0ce3,2026-05-23T04:45:00Z,2026-05-23T06:45:00+0200,7737.61,MW,BE,BE,actual_load,Actual Load,2026-06-08T19:45:53Z
2026-06-08T19:45:40Z,2026-06-08T21:45:40+0200,2c10495a-697a-4f81-9dc4-3022854a0ce3,2026-05-23T05:00:00Z,2026-05-23T07:00:00+0200,7800.65,MW,BE,BE,actual_load,Actual Load,2026-06-08T19:45:53Z
2026-06-08T19:45:40Z,2026-06-08T21:45:40+0200,2c10495a-697a-4f81-9dc4-3022854a0ce3,2026-05-23T05:15:00Z,2026-05-23T07:15:00+0200,7927.24,MW,BE,BE,actual_load,Actual Load,2026-06-08T19:45:53Z
2026-06-08T19:45:40Z,2026-06-08T21:45:40+0200,2c10495a-697a-4f81-9dc4-3022854a0ce3,2026-05-23T05:30:00Z,2026-05-23T07:30:00+0200,7961.66,MW,BE,BE,actual_load,Actual Load,2026-06-08T19:45:53Z
2026-06-08T19:45:40Z,2026-06-08T21:45:40+0200,2c10495a-697a-4f81-9dc4-3022854a0ce3,2026-05-23T05:45:00Z,2026-05-23T07:45:00+0200,8108.99,MW,BE,BE,actual_load,Actual Load,2026-06-08T19:45:53Z
2026-06-08T19:45:40Z,2026-06-08T21:45:40+0200,2c10495a-697a-4f81-9dc4-3022854a0ce3,2026-05-23T06:00:00Z,2026-05-23T08:00:00+0200,8240.86,MW,BE,BE,actual_load,Actual Load,2026-06-08T19:45:53Z
2026-06-08T19:45:40Z,2026-06-08T21:45:40+0200,2c10495a-697a-4f81-9dc4-3022854a0ce3,2026-05-23T06:15:00Z,2026-05-23T08:15:00+0200,8456.27,MW,BE,BE,actual_load,Actual Load,2026-06-08T19:45:53Z
2026-06-08T19:45:40Z,2026-06-08T21:45:40+0200,2c10495a-697a-4f81-9dc4-3022854a0ce3,2026-05-23T06:30:00Z,2026-05-23T08:30:00+0200,8617.06,MW,BE,BE,actual_load,Actual Load,2026-06-08T19:45:53Z
2026-06-08T19:45:40Z,2026-06-08T21:45:40+0200,2c10495a-697a-4f81-9dc4-3022854a0ce3,2026-05-23T06:45:00Z,2026-05-23T08:45:00+0200,8789.3,MW,BE,BE,actual_load,Actual Load,2026-06-08T19:45:53Z
2026-06-08T19:45:40Z,2026-06-08T21:45:40+0200,2c10495a-697a-4f81-9dc4-3022854a0ce3,2026-05-23T07:00:00Z,2026-05-23T09:00:00+0200,8800.41,MW,BE,BE,actual_load,Actual Load,2026-06-08T19:45:53Z
2026-06-08T19:45:40Z,2026-06-08T21:45:40+0200,2c10495a-697a-4f81-9dc4-3022854a0ce3,2026-05-23T07:15:00Z,2026-05-23T09:15:00+0200,8990.03,MW,BE,BE,actual_load,Actual Load,2026-06-08T19:45:53Z
2026-06-08T19:45:40Z,2026-06-08T21:45:40+0200,2c10495a-697a-4f81-9dc4-3022854a0ce3,2026-05-23T07:30:00Z,2026-05-23T09:30:00+0200,9155.06,MW,BE,BE,actual_load,Actual Load,2026-06-08T19:45:53Z
2026-06-08T19:45:40Z,2026-06-08T21:45:40+0200,2c10495a-697a-4f81-9dc4-3022854a0ce3,2026-05-23T07:45:00Z,2026-05-23T09:45:00+0200,9347.87,MW,BE,BE,actual_load,Actual Load,2026-06-08T19:45:53Z
2026-06-08T19:45:40Z,2026-06-08T21:45:40+0200,2c10495a-697a-4f81-9dc4-3022854a0ce3,2026-05-23T08:00:00Z,2026-05-23T10:00:00+0200,9316.39,MW,BE,BE,actual_load,Actual Load,2026-06-08T19:45:53Z
2026-06-08T19:45:40Z,2026-06-08T21:45:40+0200,2c10495a-697a-4f81-9dc4-3022854a0ce3,2026-05-23T08:15:00Z,2026-05-23T10:15:00+0200,9403.44,MW,BE,BE,actual_load,Actual Load,2026-06-08T19:45:53Z
2026-06-08T19:45:40Z,2026-06-08T21:45:40+0200,2c10495a-697a-4f81-9dc4-3022854a0ce3,2026-05-23T08:30:00Z,2026-05-23T10:30:00+0200,9530.54,MW,BE,BE,actual_load,Actual Load,2026-06-08T19:45:53Z
2026-06-08T19:45:40Z,2026-06-08T21:45:40+0200,2c10495a-697a-4f81-9dc4-3022854a0ce3,2026-05-23T08:45:00Z,2026-05-23T10:45:00+0200,9675.19,MW,BE,BE,actual_load,Actual Load,2026-06-08T19:45:53Z
2026-06-08T19:45:40Z,2026-06-08T21:45:40+0200,2c10495a-697a-4f81-9dc4-3022854a0ce3,2026-05-23T09:00:00Z,2026-05-23T11:00:00+0200,9843.63,MW,BE,BE,actual_load,Actual Load,2026-06-08T19:45:53Z
2026-06-08T19:45:40Z,2026-06-08T21:45:40+0200,2c10495a-697a-4f81-9dc4-3022854a0ce3,2026-05-23T09:15:00Z,2026-05-23T11:15:00+0200,10002.75,MW,BE,BE,actual_load,Actual Load,2026-06-08T19:45:53Z
2026-06-08T19:45:40Z,2026-06-08T21:45:40+0200,2c10495a-697a-4f81-9dc4-3022854a0ce3,2026-05-23T09:30:00Z,2026-05-23T11:30:00+0200,10237.64,MW,BE,BE,actual_load,Actual Load,2026-06-08T19:45:53Z
2026-06-08T19:45:40Z,2026-06-08T21:45:40+0200,2c10495a-697a-4f81-9dc4-3022854a0ce3,2026-05-23T09:45:00Z,2026-05-23T11:45:00+0200,10267.83,MW,BE,BE,actual_load,Actual Load,2026-06-08T19:45:53Z
2026-06-08T19:45:40Z,2026-06-08T21:45:40+0200,2c10495a-697a-4f81-9dc4-3022854a0ce3,2026-05-23T10:00:00Z,2026-05-23T12:00:00+0200,10413.95,MW,BE,BE,actual_load,Actual Load,2026-06-08T19:45:53Z
2026-06-08T19:45:40Z,2026-06-08T21:45:40+0200,2c10495a-697a-4f81-9dc4-3022854a0ce3,2026-05-23T10:15:00Z,2026-05-23T12:15:00+0200,10429.1,MW,BE,BE,actual_load,Actual Load,2026-06-08T19:45:53Z
2026-06-08T19:45:40Z,2026-06-08T21:45:40+0200,2c10495a-697a-4f81-9dc4-3022854a0ce3,2026-05-23T10:30:00Z,2026-05-23T12:30:00+0200,10457.84,MW,BE,BE,actual_load,Actual Load,2026-06-08T19:45:53Z
2026-06-08T19:45:40Z,2026-06-08T21:45:40+0200,2c10495a-697a-4f81-9dc4-3022854a0ce3,2026-05-23T10:45:00Z,2026-05-23T12:45:00+0200,10482.98,MW,BE,BE,actual_load,Actual Load,2026-06-08T19:45:53Z
2026-06-08T19:45:40Z,2026-06-08T21:45:40+0200,2c10495a-697a-4f81-9dc4-3022854a0ce3,2026-05-23T11:00:00Z,2026-05-23T13:00:00+0200,10472.0,MW,BE,BE,actual_load,Actual Load,2026-06-08T19:45:53Z
2026-06-08T19:45:40Z,2026-06-08T21:45:40+0200,2c10495a-697a-4f81-9dc4-3022854a0ce3,2026-05-23T11:15:00Z,2026-05-23T13:15:00+0200,10542.66,MW,BE,BE,actual_load,Actual Load,2026-06-08T19:45:53Z
2026-06-08T19:45:40Z,2026-06-08T21:45:40+0200,2c10495a-697a-4f81-9dc4-3022854a0ce3,2026-05-23T11:30:00Z,2026-05-23T13:30:00+0200,10534.87,MW,BE,BE,actual_load,Actual Load,2026-06-08T19:45:53Z
2026-06-08T19:45:40Z,2026-06-08T21:45:40+0200,2c10495a-697a-4f81-9dc4-3022854a0ce3,2026-05-23T11:45:00Z,2026-05-23T13:45:00+0200,10407.35,MW,BE,BE,actual_load,Actual Load,2026-06-08T19:45:53Z
2026-06-08T19:45:40Z,2026-06-08T21:45:40+0200,2c10495a-697a-4f81-9dc4-3022854a0ce3,2026-05-23T12:00:00Z,2026-05-23T14:00:00+0200,10242.67,MW,BE,BE,actual_load,Actual Load,2026-06-08T19:45:53Z
2026-06-08T19:45:40Z,2026-06-08T21:45:40+0200,2c10495a-697a-4f81-9dc4-3022854a0ce3,2026-05-23T12:15:00Z,2026-05-23T14:15:00+0200,10202.73,MW,BE,BE,actual_load,Actual Load,2026-06-08T19:45:53Z
2026-06-08T19:45:40Z,2026-06-08T21:45:40+0200,2c10495a-697a-4f81-9dc4-3022854a0ce3,2026-05-23T12:30:00Z,2026-05-23T14:30:00+0200,10168.14,MW,BE,BE,actual_load,Actual Load,2026-06-08T19:45:53Z
2026-06-08T19:45:40Z,2026-06-08T21:45:40+0200,2c10495a-697a-4f81-9dc4-3022854a0ce3,2026-05-23T12:45:00Z,2026-05-23T14:45:00+0200,10067.84,MW,BE,BE,actual_load,Actual Load,2026-06-08T19:45:53Z
2026-06-08T19:45:40Z,2026-06-08T21:45:40+0200,2c10495a-697a-4f81-9dc4-3022854a0ce3,2026-05-23T13:00:00Z,2026-05-23T15:00:00+0200,9940.93,MW,BE,BE,actual_load,Actual Load,2026-06-08T19:45:53Z
2026-06-08T19:45:40Z,2026-06-08T21:45:40+0200,2c10495a-697a-4f81-9dc4-3022854a0ce3,2026-05-23T13:15:00Z,2026-05-23T15:15:00+0200,9879.31,MW,BE,BE,actual_load,Actual Load,2026-06-08T19:45:53Z
2026-06-08T19:45:40Z,2026-06-08T21:45:40+0200,2c10495a-697a-4f81-9dc4-3022854a0ce3,2026-05-23T13:30:00Z,2026-05-23T15:30:00+0200,9748.1,MW,BE,BE,actual_load,Actual Load,2026-06-08T19:45:53Z
2026-06-08T19:45:40Z,2026-06-08T21:45:40+0200,2c10495a-697a-4f81-9dc4-3022854a0ce3,2026-05-23T13:45:00Z,2026-05-23T15:45:00+0200,9685.88,MW,BE,BE,actual_load,Actual Load,2026-06-08T19:45:53Z
2026-06-08T19:45:40Z,2026-06-08T21:45:40+0200,2c10495a-697a-4f81-9dc4-3022854a0ce3,2026-05-23T14:00:00Z,2026-05-23T16:00:00+0200,9607.74,MW,BE,BE,actual_load,Actual Load,2026-06-08T19:45:53Z
2026-06-08T19:45:40Z,2026-06-08T21:45:40+0200,2c10495a-697a-4f81-9dc4-3022854a0ce3,2026-05-23T14:15:00Z,2026-05-23T16:15:00+0200,9345.67,MW,BE,BE,actual_load,Actual Load,2026-06-08T19:45:53Z
2026-06-08T19:45:40Z,2026-06-08T21:45:40+0200,2c10495a-697a-4f81-9dc4-3022854a0ce3,2026-05-23T14:30:00Z,2026-05-23T16:30:00+0200,9130.35,MW,BE,BE,actual_load,Actual Load,2026-06-08T19:45:53Z
2026-06-08T19:45:40Z,2026-06-08T21:45:40+0200,2c10495a-697a-4f81-9dc4-3022854a0ce3,2026-05-23T14:45:00Z,2026-05-23T16:45:00+0200,9058.08,MW,BE,BE,actual_load,Actual Load,2026-06-08T19:45:53Z
2026-06-08T19:45:40Z,2026-06-08T21:45:40+0200,2c10495a-697a-4f81-9dc4-3022854a0ce3,2026-05-23T15:00:00Z,2026-05-23T17:00:00+0200,9100.76,MW,BE,BE,actual_load,Actual Load,2026-06-08T19:45:53Z
2026-06-08T19:45:40Z,2026-06-08T21:45:40+0200,2c10495a-697a-4f81-9dc4-3022854a0ce3,2026-05-23T15:15:00Z,2026-05-23T17:15:00+0200,9205.18,MW,BE,BE,actual_load,Actual Load,2026-06-08T19:45:53Z
2026-06-08T19:45:40Z,2026-06-08T21:45:40+0200,2c10495a-697a-4f81-9dc4-3022854a0ce3,2026-05-23T15:30:00Z,2026-05-23T17:30:00+0200,9051.71,MW,BE,BE,actual_load,Actual Load,2026-06-08T19:45:53Z
2026-06-08T19:45:40Z,2026-06-08T21:45:40+0200,2c10495a-697a-4f81-9dc4-3022854a0ce3,2026-05-23T15:45:00Z,2026-05-23T17:45:00+0200,9052.97,MW,BE,BE,actual_load,Actual Load,2026-06-08T19:45:53Z
2026-06-08T19:45:40Z,2026-06-08T21:45:40+0200,2c10495a-697a-4f81-9dc4-3022854a0ce3,2026-05-23T16:00:00Z,2026-05-23T18:00:00+0200,8918.03,MW,BE,BE,actual_load,Actual Load,2026-06-08T19:45:53Z
2026-06-08T19:45:40Z,2026-06-08T21:45:40+0200,2c10495a-697a-4f81-9dc4-3022854a0ce3,2026-05-23T16:15:00Z,2026-05-23T18:15:00+0200,8757.22,MW,BE,BE,actual_load,Actual Load,2026-06-08T19:45:53Z
2026-06-08T19:45:40Z,2026-06-08T21:45:40+0200,2c10495a-697a-4f81-9dc4-3022854a0ce3,2026-05-23T16:30:00Z,2026-05-23T18:30:00+0200,8831.14,MW,BE,BE,actual_load,Actual Load,2026-06-08T19:45:53Z
2026-06-08T19:45:40Z,2026-06-08T21:45:40+0200,2c10495a-697a-4f81-9dc4-3022854a0ce3,2026-05-23T16:45:00Z,2026-05-23T18:45:00+0200,8871.39,MW,BE,BE,actual_load,Actual Load,2026-06-08T19:45:53Z
2026-06-08T19:45:40Z,2026-06-08T21:45:40+0200,2c10495a-697a-4f81-9dc4-3022854a0ce3,2026-05-23T17:00:00Z,2026-05-23T19:00:00+0200,8870.9,MW,BE,BE,actual_load,Actual Load,2026-06-08T19:45:53Z
2026-06-08T19:45:40Z,2026-06-08T21:45:40+0200,2c10495a-697a-4f81-9dc4-3022854a0ce3,2026-05-23T17:15:00Z,2026-05-23T19:15:00+0200,8821.12,MW,BE,BE,actual_load,Actual Load,2026-06-08T19:45:53Z
2026-06-08T19:45:40Z,2026-06-08T21:45:40+0200,2c10495a-697a-4f81-9dc4-3022854a0ce3,2026-05-23T17:30:00Z,2026-05-23T19:30:00+0200,8738.05,MW,BE,BE,actual_load,Actual Load,2026-06-08T19:45:53Z
2026-06-08T19:45:40Z,2026-06-08T21:45:40+0200,2c10495a-697a-4f81-9dc4-3022854a0ce3,2026-05-23T17:45:00Z,2026-05-23T19:45:00+0200,8520.43,MW,BE,BE,actual_load,Actual Load,2026-06-08T19:45:53Z
2026-06-08T19:45:40Z,2026-06-08T21:45:40+0200,2c10495a-697a-4f81-9dc4-3022854a0ce3,2026-05-23T18:00:00Z,2026-05-23T20:00:00+0200,8636.18,MW,BE,BE,actual_load,Actual Load,2026-06-08T19:45:53Z
2026-06-08T19:45:40Z,2026-06-08T21:45:40+0200,2c10495a-697a-4f81-9dc4-3022854a0ce3,2026-05-23T18:15:00Z,2026-05-23T20:15:00+0200,8561.7,MW,BE,BE,actual_load,Actual Load,2026-06-08T19:45:53Z
2026-06-08T19:45:40Z,2026-06-08T21:45:40+0200,2c10495a-697a-4f81-9dc4-3022854a0ce3,2026-05-23T18:30:00Z,2026-05-23T20:30:00+0200,8530.39,MW,BE,BE,actual_load,Actual Load,2026-06-08T19:45:53Z
2026-06-08T19:45:40Z,2026-06-08T21:45:40+0200,2c10495a-697a-4f81-9dc4-3022854a0ce3,2026-05-23T18:45:00Z,2026-05-23T20:45:00+0200,8427.53,MW,BE,BE,actual_load,Actual Load,2026-06-08T19:45:53Z
2026-06-08T19:45:40Z,2026-06-08T21:45:40+0200,2c10495a-697a-4f81-9dc4-3022854a0ce3,2026-05-23T19:00:00Z,2026-05-23T21:00:00+0200,8557.08,MW,BE,BE,actual_load,Actual Load,2026-06-08T19:45:53Z
2026-06-08T19:45:40Z,2026-06-08T21:45:40+0200,2c10495a-697a-4f81-9dc4-3022854a0ce3,2026-05-23T19:15:00Z,2026-05-23T21:15:00+0200,8559.62,MW,BE,BE,actual_load,Actual Load,2026-06-08T19:45:53Z
2026-06-08T19:45:40Z,2026-06-08T21:45:40+0200,2c10495a-697a-4f81-9dc4-3022854a0ce3,2026-05-23T19:30:00Z,2026-05-23T21:30:00+0200,8537.02,MW,BE,BE,actual_load,Actual Load,2026-06-08T19:45:53Z
2026-06-08T19:45:40Z,2026-06-08T21:45:40+0200,2c10495a-697a-4f81-9dc4-3022854a0ce3,2026-05-23T19:45:00Z,2026-05-23T21:45:00+0200,8554.65,MW,BE,BE,actual_load,Actual Load,2026-06-08T19:45:53Z
2026-06-08T19:45:40Z,2026-06-08T21:45:40+0200,2c10495a-697a-4f81-9dc4-3022854a0ce3,2026-05-23T20:00:00Z,2026-05-23T22:00:00+0200,8550.18,MW,BE,BE,actual_load,Actual Load,2026-06-08T19:45:53Z
2026-06-08T19:45:40Z,2026-06-08T21:45:40+0200,2c10495a-697a-4f81-9dc4-3022854a0ce3,2026-05-23T20:15:00Z,2026-05-23T22:15:00+0200,8659.34,MW,BE,BE,actual_load,Actual Load,2026-06-08T19:45:53Z
2026-06-08T19:45:40Z,2026-06-08T21:45:40+0200,2c10495a-697a-4f81-9dc4-3022854a0ce3,2026-05-23T20:30:00Z,2026-05-23T22:30:00+0200,8501.34,MW,BE,BE,actual_load,Actual Load,2026-06-08T19:45:53Z
2026-06-08T19:45:40Z,2026-06-08T21:45:40+0200,2c10495a-697a-4f81-9dc4-3022854a0ce3,2026-05-23T20:45:00Z,2026-05-23T22:45:00+0200,8424.25,MW,BE,BE,actual_load,Actual Load,2026-06-08T19:45:53Z
2026-06-08T19:45:40Z,2026-06-08T21:45:40+0200,2c10495a-697a-4f81-9dc4-3022854a0ce3,2026-05-23T21:00:00Z,2026-05-23T23:00:00+0200,8442.5,MW,BE,BE,actual_load,Actual Load,2026-06-08T19:45:53Z
2026-06-08T19:45:40Z,2026-06-08T21:45:40+0200,2c10495a-697a-4f81-9dc4-3022854a0ce3,2026-05-23T21:15:00Z,2026-05-23T23:15:00+0200,8517.98,MW,BE,BE,actual_load,Actual Load,2026-06-08T19:45:53Z
2026-06-08T19:45:40Z,2026-06-08T21:45:40+0200,2c10495a-697a-4f81-9dc4-3022854a0ce3,2026-05-23T21:30:00Z,2026-05-23T23:30:00+0200,8428.64,MW,BE,BE,actual_load,Actual Load,2026-06-08T19:45:53Z
2026-06-08T19:45:40Z,2026-06-08T21:45:40+0200,2c10495a-697a-4f81-9dc4-3022854a0ce3,2026-05-23T21:45:00Z,2026-05-23T23:45:00+0200,8253.48,MW,BE,BE,actual_load,Actual Load,2026-06-08T19:45:53Z
2026-06-08T19:45:40Z,2026-06-08T21:45:40+0200,2c10495a-697a-4f81-9dc4-3022854a0ce3,2026-05-23T22:00:00Z,2026-05-24T00:00:00+0200,8021.09,MW,BE,BE,actual_load,Actual Load,2026-06-08T19:45:53Z
2026-06-08T19:45:40Z,2026-06-08T21:45:40+0200,2c10495a-697a-4f81-9dc4-3022854a0ce3,2026-05-23T22:15:00Z,2026-05-24T00:15:00+0200,7940.47,MW,BE,BE,actual_load,Actual Load,2026-06-08T19:45:53Z
2026-06-08T19:45:40Z,2026-06-08T21:45:40+0200,2c10495a-697a-4f81-9dc4-3022854a0ce3,2026-05-23T22:30:00Z,2026-05-24T00:30:00+0200,7957.11,MW,BE,BE,actual_load,Actual Load,2026-06-08T19:45:53Z
2026-06-08T19:45:40Z,2026-06-08T21:45:40+0200,2c10495a-697a-4f81-9dc4-3022854a0ce3,2026-05-23T22:45:00Z,2026-05-24T00:45:00+0200,7835.01,MW,BE,BE,actual_load,Actual Load,2026-06-08T19:45:53Z
2026-06-08T19:45:40Z,2026-06-08T21:45:40+0200,2c10495a-697a-4f81-9dc4-3022854a0ce3,2026-05-23T23:00:00Z,2026-05-24T01:00:00+0200,7679.12,MW,BE,BE,actual_load,Actual Load,2026-06-08T19:45:53Z
2026-06-08T19:45:40Z,2026-06-08T21:45:40+0200,2c10495a-697a-4f81-9dc4-3022854a0ce3,2026-05-23T23:15:00Z,2026-05-24T01:15:00+0200,7513.85,MW,BE,BE,actual_load,Actual Load,2026-06-08T19:45:53Z
2026-06-08T19:45:40Z,2026-06-08T21:45:40+0200,2c10495a-697a-4f81-9dc4-3022854a0ce3,2026-05-23T23:30:00Z,2026-05-24T01:30:00+0200,7406.39,MW,BE,BE,actual_load,Actual Load,2026-06-08T19:45:53Z
2026-06-08T19:45:40Z,2026-06-08T21:45:40+0200,2c10495a-697a-4f81-9dc4-3022854a0ce3,2026-05-23T23:45:00Z,2026-05-24T01:45:00+0200,7368.16,MW,BE,BE,actual_load,Actual Load,2026-06-08T19:45:53Z
2026-06-08T19:45:40Z,2026-06-08T21:45:40+0200,2c10495a-697a-4f81-9dc4-3022854a0ce3,2026-05-24T00:00:00Z,2026-05-24T02:00:00+0200,7430.51,MW,BE,BE,actual_load,Actual Load,2026-06-08T19:45:53Z
2026-06-08T19:45:40Z,2026-06-08T21:45:40+0200,2c10495a-697a-4f81-9dc4-3022854a0ce3,2026-05-24T00:15:00Z,2026-05-24T02:15:00+0200,7339.97,MW,BE,BE,actual_load,Actual Load,2026-06-08T19:45:53Z
2026-06-08T19:45:40Z,2026-06-08T21:45:40+0200,2c10495a-697a-4f81-9dc4-3022854a0ce3,2026-05-24T00:30:00Z,2026-05-24T02:30:00+0200,7372.69,MW,BE,BE,actual_load,Actual Load,2026-06-08T19:45:53Z
2026-06-08T19:45:40Z,2026-06-08T21:45:40+0200,2c10495a-697a-4f81-9dc4-3022854a0ce3,2026-05-24T00:45:00Z,2026-05-24T02:45:00+0200,7304.73,MW,BE,BE,actual_load,Actual Load,2026-06-08T19:45:53Z
2026-06-08T19:45:40Z,2026-06-08T21:45:40+0200,2c10495a-697a-4f81-9dc4-3022854a0ce3,2026-05-24T01:00:00Z,2026-05-24T03:00:00+0200,7121.06,MW,BE,BE,actual_load,Actual Load,2026-06-08T19:45:53Z
2026-06-08T19:45:40Z,2026-06-08T21:45:40+0200,2c10495a-697a-4f81-9dc4-3022854a0ce3,2026-05-24T01:15:00Z,2026-05-24T03:15:00+0200,7247.29,MW,BE,BE,actual_load,Actual Load,2026-06-08T19:45:53Z
2026-06-08T19:45:40Z,2026-06-08T21:45:40+0200,2c10495a-697a-4f81-9dc4-3022854a0ce3,2026-05-24T01:30:00Z,2026-05-24T03:30:00+0200,7156.02,MW,BE,BE,actual_load,Actual Load,2026-06-08T19:45:53Z
2026-06-08T19:45:40Z,2026-06-08T21:45:40+0200,2c10495a-697a-4f81-9dc4-3022854a0ce3,2026-05-24T01:45:00Z,2026-05-24T03:45:00+0200,7126.01,MW,BE,BE,actual_load,Actual Load,2026-06-08T19:45:53Z
2026-06-08T19:45:40Z,2026-06-08T21:45:40+0200,2c10495a-697a-4f81-9dc4-3022854a0ce3,2026-05-24T02:00:00Z,2026-05-24T04:00:00+0200,7143.57,MW,BE,BE,actual_load,Actual Load,2026-06-08T19:45:53Z
2026-06-08T19:45:40Z,2026-06-08T21:45:40+0200,2c10495a-697a-4f81-9dc4-3022854a0ce3,2026-05-24T02:15:00Z,2026-05-24T04:15:00+0200,7107.16,MW,BE,BE,actual_load,Actual Load,2026-06-08T19:45:53Z
2026-06-08T19:45:40Z,2026-06-08T21:45:40+0200,2c10495a-697a-4f81-9dc4-3022854a0ce3,2026-05-24T02:30:00Z,2026-05-24T04:30:00+0200,7138.28,MW,BE,BE,actual_load,Actual Load,2026-06-08T19:45:53Z
2026-06-08T19:45:40Z,2026-06-08T21:45:40+0200,2c10495a-697a-4f81-9dc4-3022854a0ce3,2026-05-24T02:45:00Z,2026-05-24T04:45:00+0200,7140.65,MW,BE,BE,actual_load,Actual Load,2026-06-08T19:45:53Z
2026-06-08T19:45:40Z,2026-06-08T21:45:40+0200,2c10495a-697a-4f81-9dc4-3022854a0ce3,2026-05-24T03:00:00Z,2026-05-24T05:00:00+0200,7230.11,MW,BE,BE,actual_load,Actual Load,2026-06-08T19:45:53Z
2026-06-08T19:45:40Z,2026-06-08T21:45:40+0200,2c10495a-697a-4f81-9dc4-3022854a0ce3,2026-05-24T03:15:00Z,2026-05-24T05:15:00+0200,7173.79,MW,BE,BE,actual_load,Actual Load,2026-06-08T19:45:53Z
2026-06-08T19:45:40Z,2026-06-08T21:45:40+0200,2c10495a-697a-4f81-9dc4-3022854a0ce3,2026-05-24T03:30:00Z,2026-05-24T05:30:00+0200,7007.6,MW,BE,BE,actual_load,Actual Load,2026-06-08T19:45:53Z
2026-06-08T19:45:40Z,2026-06-08T21:45:40+0200,2c10495a-697a-4f81-9dc4-3022854a0ce3,2026-05-24T03:45:00Z,2026-05-24T05:45:00+0200,6931.99,MW,BE,BE,actual_load,Actual Load,2026-06-08T19:45:53Z
2026-06-08T19:45:40Z,2026-06-08T21:45:40+0200,2c10495a-697a-4f81-9dc4-3022854a0ce3,2026-05-24T04:00:00Z,2026-05-24T06:00:00+0200,7062.54,MW,BE,BE,actual_load,Actual Load,2026-06-08T19:45:53Z
2026-06-08T19:45:40Z,2026-06-08T21:45:40+0200,2c10495a-697a-4f81-9dc4-3022854a0ce3,2026-05-24T04:15:00Z,2026-05-24T06:15:00+0200,7068.53,MW,BE,BE,actual_load,Actual Load,2026-06-08T19:45:53Z
2026-06-08T19:45:40Z,2026-06-08T21:45:40+0200,2c10495a-697a-4f81-9dc4-3022854a0ce3,2026-05-24T04:30:00Z,2026-05-24T06:30:00+0200,7100.66,MW,BE,BE,actual_load,Actual Load,2026-06-08T19:45:53Z
2026-06-08T19:45:40Z,2026-06-08T21:45:40+0200,2c10495a-697a-4f81-9dc4-3022854a0ce3,2026-05-24T04:45:00Z,2026-05-24T06:45:00+0200,7122.71,MW,BE,BE,actual_load,Actual Load,2026-06-08T19:45:53Z
2026-06-08T19:45:40Z,2026-06-08T21:45:40+0200,2c10495a-697a-4f81-9dc4-3022854a0ce3,2026-05-24T05:00:00Z,2026-05-24T07:00:00+0200,7190.4,MW,BE,BE,actual_load,Actual Load,2026-06-08T19:45:53Z
2026-06-08T19:45:40Z,2026-06-08T21:45:40+0200,2c10495a-697a-4f81-9dc4-3022854a0ce3,2026-05-24T05:15:00Z,2026-05-24T07:15:00+0200,7347.13,MW,BE,BE,actual_load,Actual Load,2026-06-08T19:45:53Z
2026-06-08T19:45:40Z,2026-06-08T21:45:40+0200,2c10495a-697a-4f81-9dc4-3022854a0ce3,2026-05-24T05:30:00Z,2026-05-24T07:30:00+0200,7478.2,MW,BE,BE,actual_load,Actual Load,2026-06-08T19:45:53Z
2026-06-08T19:45:40Z,2026-06-08T21:45:40+0200,2c10495a-697a-4f81-9dc4-3022854a0ce3,2026-05-24T05:45:00Z,2026-05-24T07:45:00+0200,7660.96,MW,BE,BE,actual_load,Actual Load,2026-06-08T19:45:53Z
2026-06-08T19:45:40Z,2026-06-08T21:45:40+0200,2c10495a-697a-4f81-9dc4-3022854a0ce3,2026-05-24T06:00:00Z,2026-05-24T08:00:00+0200,7692.91,MW,BE,BE,actual_load,Actual Load,2026-06-08T19:45:53Z
2026-06-08T19:45:40Z,2026-06-08T21:45:40+0200,2c10495a-697a-4f81-9dc4-3022854a0ce3,2026-05-24T06:15:00Z,2026-05-24T08:15:00+0200,7950.98,MW,BE,BE,actual_load,Actual Load,2026-06-08T19:45:53Z
2026-06-08T19:45:40Z,2026-06-08T21:45:40+0200,2c10495a-697a-4f81-9dc4-3022854a0ce3,2026-05-24T06:30:00Z,2026-05-24T08:30:00+0200,8127.05,MW,BE,BE,actual_load,Actual Load,2026-06-08T19:45:53Z
2026-06-08T19:45:40Z,2026-06-08T21:45:40+0200,2c10495a-697a-4f81-9dc4-3022854a0ce3,2026-05-24T06:45:00Z,2026-05-24T08:45:00+0200,8221.41,MW,BE,BE,actual_load,Actual Load,2026-06-08T19:45:53Z
2026-06-08T19:45:40Z,2026-06-08T21:45:40+0200,2c10495a-697a-4f81-9dc4-3022854a0ce3,2026-05-24T07:00:00Z,2026-05-24T09:00:00+0200,8389.46,MW,BE,BE,actual_load,Actual Load,2026-06-08T19:45:53Z
2026-06-08T19:45:40Z,2026-06-08T21:45:40+0200,2c10495a-697a-4f81-9dc4-3022854a0ce3,2026-05-24T07:15:00Z,2026-05-24T09:15:00+0200,8391.28,MW,BE,BE,actual_load,Actual Load,2026-06-08T19:45:53Z
2026-06-08T19:45:40Z,2026-06-08T21:45:40+0200,2c10495a-697a-4f81-9dc4-3022854a0ce3,2026-05-24T07:30:00Z,2026-05-24T09:30:00+0200,8294.43,MW,BE,BE,actual_load,Actual Load,2026-06-08T19:45:53Z
2026-06-08T19:45:40Z,2026-06-08T21:45:40+0200,2c10495a-697a-4f81-9dc4-3022854a0ce3,2026-05-24T07:45:00Z,2026-05-24T09:45:00+0200,8571.35,MW,BE,BE,actual_load,Actual Load,2026-06-08T19:45:53Z
2026-06-08T19:45:40Z,2026-06-08T21:45:40+0200,2c10495a-697a-4f81-9dc4-3022854a0ce3,2026-05-24T08:00:00Z,2026-05-24T10:00:00+0200,8682.66,MW,BE,BE,actual_load,Actual Load,2026-06-08T19:45:53Z
2026-06-08T19:45:40Z,2026-06-08T21:45:40+0200,2c10495a-697a-4f81-9dc4-3022854a0ce3,2026-05-24T08:15:00Z,2026-05-24T10:15:00+0200,8837.79,MW,BE,BE,actual_load,Actual Load,2026-06-08T19:45:53Z
2026-06-08T19:45:40Z,2026-06-08T21:45:40+0200,2c10495a-697a-4f81-9dc4-3022854a0ce3,2026-05-24T08:30:00Z,2026-05-24T10:30:00+0200,8919.08,MW,BE,BE,actual_load,Actual Load,2026-06-08T19:45:53Z
2026-06-08T19:45:40Z,2026-06-08T21:45:40+0200,2c10495a-697a-4f81-9dc4-3022854a0ce3,2026-05-24T08:45:00Z,2026-05-24T10:45:00+0200,9167.68,MW,BE,BE,actual_load,Actual Load,2026-06-08T19:45:53Z
2026-06-08T19:45:40Z,2026-06-08T21:45:40+0200,2c10495a-697a-4f81-9dc4-3022854a0ce3,2026-05-24T09:00:00Z,2026-05-24T11:00:00+0200,9110.13,MW,BE,BE,actual_load,Actual Load,2026-06-08T19:45:53Z
2026-06-08T19:45:40Z,2026-06-08T21:45:40+0200,2c10495a-697a-4f81-9dc4-3022854a0ce3,2026-05-24T09:15:00Z,2026-05-24T11:15:00+0200,9316.18,MW,BE,BE,actual_load,Actual Load,2026-06-08T19:45:53Z
2026-06-08T19:45:40Z,2026-06-08T21:45:40+0200,2c10495a-697a-4f81-9dc4-3022854a0ce3,2026-05-24T09:30:00Z,2026-05-24T11:30:00+0200,9549.26,MW,BE,BE,actual_load,Actual Load,2026-06-08T19:45:53Z
2026-06-08T19:45:40Z,2026-06-08T21:45:40+0200,2c10495a-697a-4f81-9dc4-3022854a0ce3,2026-05-24T09:45:00Z,2026-05-24T11:45:00+0200,9622.98,MW,BE,BE,actual_load,Actual Load,2026-06-08T19:45:53Z
2026-06-08T19:45:40Z,2026-06-08T21:45:40+0200,2c10495a-697a-4f81-9dc4-3022854a0ce3,2026-05-24T10:00:00Z,2026-05-24T12:00:00+0200,9840.64,MW,BE,BE,actual_load,Actual Load,2026-06-08T19:45:53Z
2026-06-08T19:45:40Z,2026-06-08T21:45:40+0200,2c10495a-697a-4f81-9dc4-3022854a0ce3,2026-05-24T10:15:00Z,2026-05-24T12:15:00+0200,9923.6,MW,BE,BE,actual_load,Actual Load,2026-06-08T19:45:53Z
2026-06-08T19:45:40Z,2026-06-08T21:45:40+0200,2c10495a-697a-4f81-9dc4-3022854a0ce3,2026-05-24T10:30:00Z,2026-05-24T12:30:00+0200,9989.39,MW,BE,BE,actual_load,Actual Load,2026-06-08T19:45:53Z
2026-06-08T19:45:40Z,2026-06-08T21:45:40+0200,2c10495a-697a-4f81-9dc4-3022854a0ce3,2026-05-24T10:45:00Z,2026-05-24T12:45:00+0200,9987.06,MW,BE,BE,actual_load,Actual Load,2026-06-08T19:45:53Z
2026-06-08T19:45:40Z,2026-06-08T21:45:40+0200,2c10495a-697a-4f81-9dc4-3022854a0ce3,2026-05-24T11:00:00Z,2026-05-24T13:00:00+0200,9992.52,MW,BE,BE,actual_load,Actual Load,2026-06-08T19:45:53Z
2026-06-08T19:45:40Z,2026-06-08T21:45:40+0200,2c10495a-697a-4f81-9dc4-3022854a0ce3,2026-05-24T11:15:00Z,2026-05-24T13:15:00+0200,10032.89,MW,BE,BE,actual_load,Actual Load,2026-06-08T19:45:53Z
2026-06-08T19:45:40Z,2026-06-08T21:45:40+0200,2c10495a-697a-4f81-9dc4-3022854a0ce3,2026-05-24T11:30:00Z,2026-05-24T13:30:00+0200,10106.23,MW,BE,BE,actual_load,Actual Load,2026-06-08T19:45:53Z
2026-06-08T19:45:40Z,2026-06-08T21:45:40+0200,2c10495a-697a-4f81-9dc4-3022854a0ce3,2026-05-24T11:45:00Z,2026-05-24T13:45:00+0200,9996.77,MW,BE,BE,actual_load,Actual Load,2026-06-08T19:45:53Z
2026-06-08T19:45:40Z,2026-06-08T21:45:40+0200,2c10495a-697a-4f81-9dc4-3022854a0ce3,2026-05-24T12:00:00Z,2026-05-24T14:00:00+0200,9905.4,MW,BE,BE,actual_load,Actual Load,2026-06-08T19:45:53Z
2026-06-08T19:45:40Z,2026-06-08T21:45:40+0200,2c10495a-697a-4f81-9dc4-3022854a0ce3,2026-05-24T12:15:00Z,2026-05-24T14:15:00+0200,9837.39,MW,BE,BE,actual_load,Actual Load,2026-06-08T19:45:53Z
2026-06-08T19:45:40Z,2026-06-08T21:45:40+0200,2c10495a-697a-4f81-9dc4-3022854a0ce3,2026-05-24T12:30:00Z,2026-05-24T14:30:00+0200,9758.68,MW,BE,BE,actual_load,Actual Load,2026-06-08T19:45:53Z
2026-06-08T19:45:40Z,2026-06-08T21:45:40+0200,2c10495a-697a-4f81-9dc4-3022854a0ce3,2026-05-24T12:45:00Z,2026-05-24T14:45:00+0200,9645.78,MW,BE,BE,actual_load,Actual Load,2026-06-08T19:45:53Z
2026-06-08T19:45:40Z,2026-06-08T21:45:40+0200,2c10495a-697a-4f81-9dc4-3022854a0ce3,2026-05-24T13:00:00Z,2026-05-24T15:00:00+0200,9501.47,MW,BE,BE,actual_load,Actual Load,2026-06-08T19:45:53Z
2026-06-08T19:45:40Z,2026-06-08T21:45:40+0200,2c10495a-697a-4f81-9dc4-3022854a0ce3,2026-05-24T13:15:00Z,2026-05-24T15:15:00+0200,9363.73,MW,BE,BE,actual_load,Actual Load,2026-06-08T19:45:53Z
2026-06-08T19:45:40Z,2026-06-08T21:45:40+0200,2c10495a-697a-4f81-9dc4-3022854a0ce3,2026-05-24T13:30:00Z,2026-05-24T15:30:00+0200,9247.3,MW,BE,BE,actual_load,Actual Load,2026-06-08T19:45:53Z
2026-06-08T19:45:40Z,2026-06-08T21:45:40+0200,2c10495a-697a-4f81-9dc4-3022854a0ce3,2026-05-24T13:45:00Z,2026-05-24T15:45:00+0200,9186.95,MW,BE,BE,actual_load,Actual Load,2026-06-08T19:45:53Z
2026-06-08T19:45:40Z,2026-06-08T21:45:40+0200,2c10495a-697a-4f81-9dc4-3022854a0ce3,2026-05-24T14:00:00Z,2026-05-24T16:00:00+0200,9113.25,MW,BE,BE,actual_load,Actual Load,2026-06-08T19:45:53Z
2026-06-08T19:45:40Z,2026-06-08T21:45:40+0200,2c10495a-697a-4f81-9dc4-3022854a0ce3,2026-05-24T14:15:00Z,2026-05-24T16:15:00+0200,9042.86,MW,BE,BE,actual_load,Actual Load,2026-06-08T19:45:53Z
2026-06-08T19:45:40Z,2026-06-08T21:45:40+0200,2c10495a-697a-4f81-9dc4-3022854a0ce3,2026-05-24T14:30:00Z,2026-05-24T16:30:00+0200,8915.47,MW,BE,BE,actual_load,Actual Load,2026-06-08T19:45:53Z
2026-06-08T19:45:40Z,2026-06-08T21:45:40+0200,2c10495a-697a-4f81-9dc4-3022854a0ce3,2026-05-24T14:45:00Z,2026-05-24T16:45:00+0200,8692.61,MW,BE,BE,actual_load,Actual Load,2026-06-08T19:45:53Z
2026-06-08T19:45:40Z,2026-06-08T21:45:40+0200,2c10495a-697a-4f81-9dc4-3022854a0ce3,2026-05-24T15:00:00Z,2026-05-24T17:00:00+0200,8896.93,MW,BE,BE,actual_load,Actual Load,2026-06-08T19:45:53Z
2026-06-08T19:45:40Z,2026-06-08T21:45:40+0200,2c10495a-697a-4f81-9dc4-3022854a0ce3,2026-05-24T15:15:00Z,2026-05-24T17:15:00+0200,8987.74,MW,BE,BE,actual_load,Actual Load,2026-06-08T19:45:53Z
2026-06-08T19:45:40Z,2026-06-08T21:45:40+0200,2c10495a-697a-4f81-9dc4-3022854a0ce3,2026-05-24T15:30:00Z,2026-05-24T17:30:00+0200,9037.68,MW,BE,BE,actual_load,Actual Load,2026-06-08T19:45:53Z
2026-06-08T19:45:40Z,2026-06-08T21:45:40+0200,2c10495a-697a-4f81-9dc4-3022854a0ce3,2026-05-24T15:45:00Z,2026-05-24T17:45:00+0200,9034.99,MW,BE,BE,actual_load,Actual Load,2026-06-08T19:45:53Z
2026-06-08T19:45:40Z,2026-06-08T21:45:40+0200,2c10495a-697a-4f81-9dc4-3022854a0ce3,2026-05-24T16:00:00Z,2026-05-24T18:00:00+0200,9004.28,MW,BE,BE,actual_load,Actual Load,2026-06-08T19:45:53Z
2026-06-08T19:45:40Z,2026-06-08T21:45:40+0200,2c10495a-697a-4f81-9dc4-3022854a0ce3,2026-05-24T16:15:00Z,2026-05-24T18:15:00+0200,8931.48,MW,BE,BE,actual_load,Actual Load,2026-06-08T19:45:53Z
2026-06-08T19:45:40Z,2026-06-08T21:45:40+0200,2c10495a-697a-4f81-9dc4-3022854a0ce3,2026-05-24T16:30:00Z,2026-05-24T18:30:00+0200,8824.9,MW,BE,BE,actual_load,Actual Load,2026-06-08T19:45:53Z
2026-06-08T19:45:40Z,2026-06-08T21:45:40+0200,2c10495a-697a-4f81-9dc4-3022854a0ce3,2026-05-24T16:45:00Z,2026-05-24T18:45:00+0200,8954.68,MW,BE,BE,actual_load,Actual Load,2026-06-08T19:45:53Z
2026-06-08T19:45:40Z,2026-06-08T21:45:40+0200,2c10495a-697a-4f81-9dc4-3022854a0ce3,2026-05-24T17:00:00Z,2026-05-24T19:00:00+0200,8836.27,MW,BE,BE,actual_load,Actual Load,2026-06-08T19:45:53Z
2026-06-08T19:45:40Z,2026-06-08T21:45:40+0200,2c10495a-697a-4f81-9dc4-3022854a0ce3,2026-05-24T17:15:00Z,2026-05-24T19:15:00+0200,8788.44,MW,BE,BE,actual_load,Actual Load,2026-06-08T19:45:53Z
2026-06-08T19:45:40Z,2026-06-08T21:45:40+0200,2c10495a-697a-4f81-9dc4-3022854a0ce3,2026-05-24T17:30:00Z,2026-05-24T19:30:00+0200,8832.77,MW,BE,BE,actual_load,Actual Load,2026-06-08T19:45:53Z
2026-06-08T19:45:40Z,2026-06-08T21:45:40+0200,2c10495a-697a-4f81-9dc4-3022854a0ce3,2026-05-24T17:45:00Z,2026-05-24T19:45:00+0200,8771.96,MW,BE,BE,actual_load,Actual Load,2026-06-08T19:45:53Z
2026-06-08T19:45:40Z,2026-06-08T21:45:40+0200,2c10495a-697a-4f81-9dc4-3022854a0ce3,2026-05-24T18:00:00Z,2026-05-24T20:00:00+0200,8729.55,MW,BE,BE,actual_load,Actual Load,2026-06-08T19:45:53Z
2026-06-08T19:45:40Z,2026-06-08T21:45:40+0200,2c10495a-697a-4f81-9dc4-3022854a0ce3,2026-05-24T18:15:00Z,2026-05-24T20:15:00+0200,8693.76,MW,BE,BE,actual_load,Actual Load,2026-06-08T19:45:53Z
2026-06-08T19:45:40Z,2026-06-08T21:45:40+0200,2c10495a-697a-4f81-9dc4-3022854a0ce3,2026-05-24T18:30:00Z,2026-05-24T20:30:00+0200,8695.13,MW,BE,BE,actual_load,Actual Load,2026-06-08T19:45:53Z
2026-06-08T19:45:40Z,2026-06-08T21:45:40+0200,2c10495a-697a-4f81-9dc4-3022854a0ce3,2026-05-24T18:45:00Z,2026-05-24T20:45:00+0200,8648.3,MW,BE,BE,actual_load,Actual Load,2026-06-08T19:45:53Z
2026-06-08T19:45:40Z,2026-06-08T21:45:40+0200,2c10495a-697a-4f81-9dc4-3022854a0ce3,2026-05-24T19:00:00Z,2026-05-24T21:00:00+0200,8612.7,MW,BE,BE,actual_load,Actual Load,2026-06-08T19:45:53Z
2026-06-08T19:45:40Z,2026-06-08T21:45:40+0200,2c10495a-697a-4f81-9dc4-3022854a0ce3,2026-05-24T19:15:00Z,2026-05-24T21:15:00+0200,8558.87,MW,BE,BE,actual_load,Actual Load,2026-06-08T19:45:53Z
2026-06-08T19:45:40Z,2026-06-08T21:45:40+0200,2c10495a-697a-4f81-9dc4-3022854a0ce3,2026-05-24T19:30:00Z,2026-05-24T21:30:00+0200,8504.47,MW,BE,BE,actual_load,Actual Load,2026-06-08T19:45:53Z
2026-06-08T19:45:40Z,2026-06-08T21:45:40+0200,2c10495a-697a-4f81-9dc4-3022854a0ce3,2026-05-24T19:45:00Z,2026-05-24T21:45:00+0200,8594.54,MW,BE,BE,actual_load,Actual Load,2026-06-08T19:45:53Z
2026-06-08T19:45:40Z,2026-06-08T21:45:40+0200,2c10495a-697a-4f81-9dc4-3022854a0ce3,2026-05-24T20:00:00Z,2026-05-24T22:00:00+0200,8495.58,MW,BE,BE,actual_load,Actual Load,2026-06-08T19:45:53Z
2026-06-08T19:45:40Z,2026-06-08T21:45:40+0200,2c10495a-697a-4f81-9dc4-3022854a0ce3,2026-05-24T20:15:00Z,2026-05-24T22:15:00+0200,8579.08,MW,BE,BE,actual_load,Actual Load,2026-06-08T19:45:53Z
2026-06-08T19:45:40Z,2026-06-08T21:45:40+0200,2c10495a-697a-4f81-9dc4-3022854a0ce3,2026-05-24T20:30:00Z,2026-05-24T22:30:00+0200,8557.62,MW,BE,BE,actual_load,Actual Load,2026-06-08T19:45:53Z
2026-06-08T19:45:40Z,2026-06-08T21:45:40+0200,2c10495a-697a-4f81-9dc4-3022854a0ce3,2026-05-24T20:45:00Z,2026-05-24T22:45:00+0200,8493.0,MW,BE,BE,actual_load,Actual Load,2026-06-08T19:45:53Z
2026-06-08T19:45:40Z,2026-06-08T21:45:40+0200,2c10495a-697a-4f81-9dc4-3022854a0ce3,2026-05-24T21:00:00Z,2026-05-24T23:00:00+0200,8459.87,MW,BE,BE,actual_load,Actual Load,2026-06-08T19:45:53Z
2026-06-08T19:45:40Z,2026-06-08T21:45:40+0200,2c10495a-697a-4f81-9dc4-3022854a0ce3,2026-05-24T21:15:00Z,2026-05-24T23:15:00+0200,8343.34,MW,BE,BE,actual_load,Actual Load,2026-06-08T19:45:53Z
2026-06-08T19:45:40Z,2026-06-08T21:45:40+0200,2c10495a-697a-4f81-9dc4-3022854a0ce3,2026-05-24T21:30:00Z,2026-05-24T23:30:00+0200,8319.16,MW,BE,BE,actual_load,Actual Load,2026-06-08T19:45:53Z
2026-06-08T19:45:40Z,2026-06-08T21:45:40+0200,2c10495a-697a-4f81-9dc4-3022854a0ce3,2026-05-24T21:45:00Z,2026-05-24T23:45:00+0200,8229.99,MW,BE,BE,actual_load,Actual Load,2026-06-08T19:45:53Z
2026-06-08T19:45:40Z,2026-06-08T21:45:40+0200,2c10495a-697a-4f81-9dc4-3022854a0ce3,2026-05-24T22:00:00Z,2026-05-25T00:00:00+0200,8183.91,MW,BE,BE,actual_load,Actual Load,2026-06-08T19:45:53Z
2026-06-08T19:45:40Z,2026-06-08T21:45:40+0200,2c10495a-697a-4f81-9dc4-3022854a0ce3,2026-05-24T22:15:00Z,2026-05-25T00:15:00+0200,8017.3,MW,BE,BE,actual_load,Actual Load,2026-06-08T19:45:53Z
2026-06-08T19:45:40Z,2026-06-08T21:45:40+0200,2c10495a-697a-4f81-9dc4-3022854a0ce3,2026-05-24T22:30:00Z,2026-05-25T00:30:00+0200,7985.97,MW,BE,BE,actual_load,Actual Load,2026-06-08T19:45:53Z
2026-06-08T19:45:40Z,2026-06-08T21:45:40+0200,2c10495a-697a-4f81-9dc4-3022854a0ce3,2026-05-24T22:45:00Z,2026-05-25T00:45:00+0200,7841.51,MW,BE,BE,actual_load,Actual Load,2026-06-08T19:45:53Z
2026-06-08T19:45:40Z,2026-06-08T21:45:40+0200,2c10495a-697a-4f81-9dc4-3022854a0ce3,2026-05-24T23:00:00Z,2026-05-25T01:00:00+0200,7805.56,MW,BE,BE,actual_load,Actual Load,2026-06-08T19:45:53Z
2026-06-08T19:45:40Z,2026-06-08T21:45:40+0200,2c10495a-697a-4f81-9dc4-3022854a0ce3,2026-05-24T23:15:00Z,2026-05-25T01:15:00+0200,7672.86,MW,BE,BE,actual_load,Actual Load,2026-06-08T19:45:53Z
2026-06-08T19:45:40Z,2026-06-08T21:45:40+0200,2c10495a-697a-4f81-9dc4-3022854a0ce3,2026-05-24T23:30:00Z,2026-05-25T01:30:00+0200,7698.81,MW,BE,BE,actual_load,Actual Load,2026-06-08T19:45:53Z
2026-06-08T19:45:40Z,2026-06-08T21:45:40+0200,2c10495a-697a-4f81-9dc4-3022854a0ce3,2026-05-24T23:45:00Z,2026-05-25T01:45:00+0200,7558.07,MW,BE,BE,actual_load,Actual Load,2026-06-08T19:45:53Z
2026-06-08T19:45:40Z,2026-06-08T21:45:40+0200,2c10495a-697a-4f81-9dc4-3022854a0ce3,2026-05-25T00:00:00Z,2026-05-25T02:00:00+0200,7611.08,MW,BE,BE,actual_load,Actual Load,2026-06-08T19:45:53Z
2026-06-08T19:45:40Z,2026-06-08T21:45:40+0200,2c10495a-697a-4f81-9dc4-3022854a0ce3,2026-05-25T00:15:00Z,2026-05-25T02:15:00+0200,7434.89,MW,BE,BE,actual_load,Actual Load,2026-06-08T19:45:53Z
2026-06-08T19:45:40Z,2026-06-08T21:45:40+0200,2c10495a-697a-4f81-9dc4-3022854a0ce3,2026-05-25T00:30:00Z,2026-05-25T02:30:00+0200,7407.32,MW,BE,BE,actual_load,Actual Load,2026-06-08T19:45:53Z
2026-06-08T19:45:40Z,2026-06-08T21:45:40+0200,2c10495a-697a-4f81-9dc4-3022854a0ce3,2026-05-25T00:45:00Z,2026-05-25T02:45:00+0200,7355.23,MW,BE,BE,actual_load,Actual Load,2026-06-08T19:45:53Z
2026-06-08T19:45:40Z,2026-06-08T21:45:40+0200,2c10495a-697a-4f81-9dc4-3022854a0ce3,2026-05-25T01:00:00Z,2026-05-25T03:00:00+0200,7402.9,MW,BE,BE,actual_load,Actual Load,2026-06-08T19:45:53Z
2026-06-08T19:45:40Z,2026-06-08T21:45:40+0200,2c10495a-697a-4f81-9dc4-3022854a0ce3,2026-05-25T01:15:00Z,2026-05-25T03:15:00+0200,7363.92,MW,BE,BE,actual_load,Actual Load,2026-06-08T19:45:53Z
2026-06-08T19:45:40Z,2026-06-08T21:45:40+0200,2c10495a-697a-4f81-9dc4-3022854a0ce3,2026-05-25T01:30:00Z,2026-05-25T03:30:00+0200,7300.23,MW,BE,BE,actual_load,Actual Load,2026-06-08T19:45:53Z
2026-06-08T19:45:40Z,2026-06-08T21:45:40+0200,2c10495a-697a-4f81-9dc4-3022854a0ce3,2026-05-25T01:45:00Z,2026-05-25T03:45:00+0200,7333.18,MW,BE,BE,actual_load,Actual Load,2026-06-08T19:45:53Z
2026-06-08T19:45:40Z,2026-06-08T21:45:40+0200,2c10495a-697a-4f81-9dc4-3022854a0ce3,2026-05-25T02:00:00Z,2026-05-25T04:00:00+0200,7336.85,MW,BE,BE,actual_load,Actual Load,2026-06-08T19:45:53Z
2026-06-08T19:45:40Z,2026-06-08T21:45:40+0200,2c10495a-697a-4f81-9dc4-3022854a0ce3,2026-05-25T02:15:00Z,2026-05-25T04:15:00+0200,7251.93,MW,BE,BE,actual_load,Actual Load,2026-06-08T19:45:53Z
2026-06-08T19:45:40Z,2026-06-08T21:45:40+0200,2c10495a-697a-4f81-9dc4-3022854a0ce3,2026-05-25T02:30:00Z,2026-05-25T04:30:00+0200,7253.22,MW,BE,BE,actual_load,Actual Load,2026-06-08T19:45:53Z
2026-06-08T19:45:40Z,2026-06-08T21:45:40+0200,2c10495a-697a-4f81-9dc4-3022854a0ce3,2026-05-25T02:45:00Z,2026-05-25T04:45:00+0200,7318.17,MW,BE,BE,actual_load,Actual Load,2026-06-08T19:45:53Z
2026-06-08T19:45:40Z,2026-06-08T21:45:40+0200,2c10495a-697a-4f81-9dc4-3022854a0ce3,2026-05-25T03:00:00Z,2026-05-25T05:00:00+0200,7206.67,MW,BE,BE,actual_load,Actual Load,2026-06-08T19:45:53Z
2026-06-08T19:45:40Z,2026-06-08T21:45:40+0200,2c10495a-697a-4f81-9dc4-3022854a0ce3,2026-05-25T03:15:00Z,2026-05-25T05:15:00+0200,7196.58,MW,BE,BE,actual_load,Actual Load,2026-06-08T19:45:53Z
2026-06-08T19:45:40Z,2026-06-08T21:45:40+0200,2c10495a-697a-4f81-9dc4-3022854a0ce3,2026-05-25T03:30:00Z,2026-05-25T05:30:00+0200,7120.57,MW,BE,BE,actual_load,Actual Load,2026-06-08T19:45:53Z
2026-06-08T19:45:40Z,2026-06-08T21:45:40+0200,2c10495a-697a-4f81-9dc4-3022854a0ce3,2026-05-25T03:45:00Z,2026-05-25T05:45:00+0200,7067.57,MW,BE,BE,actual_load,Actual Load,2026-06-08T19:45:53Z
2026-06-08T19:45:40Z,2026-06-08T21:45:40+0200,2c10495a-697a-4f81-9dc4-3022854a0ce3,2026-05-25T04:00:00Z,2026-05-25T06:00:00+0200,7161.2,MW,BE,BE,actual_load,Actual Load,2026-06-08T19:45:53Z
2026-06-08T19:45:40Z,2026-06-08T21:45:40+0200,2c10495a-697a-4f81-9dc4-3022854a0ce3,2026-05-25T04:15:00Z,2026-05-25T06:15:00+0200,7325.04,MW,BE,BE,actual_load,Actual Load,2026-06-08T19:45:53Z
2026-06-08T19:45:40Z,2026-06-08T21:45:40+0200,2c10495a-697a-4f81-9dc4-3022854a0ce3,2026-05-25T04:30:00Z,2026-05-25T06:30:00+0200,7427.24,MW,BE,BE,actual_load,Actual Load,2026-06-08T19:45:53Z
2026-06-08T19:45:40Z,2026-06-08T21:45:40+0200,2c10495a-697a-4f81-9dc4-3022854a0ce3,2026-05-25T04:45:00Z,2026-05-25T06:45:00+0200,7478.83,MW,BE,BE,actual_load,Actual Load,2026-06-08T19:45:53Z
2026-06-08T19:45:40Z,2026-06-08T21:45:40+0200,2c10495a-697a-4f81-9dc4-3022854a0ce3,2026-05-25T05:00:00Z,2026-05-25T07:00:00+0200,7567.62,MW,BE,BE,actual_load,Actual Load,2026-06-08T19:45:53Z
2026-06-08T19:45:40Z,2026-06-08T21:45:40+0200,2c10495a-697a-4f81-9dc4-3022854a0ce3,2026-05-25T05:15:00Z,2026-05-25T07:15:00+0200,7600.42,MW,BE,BE,actual_load,Actual Load,2026-06-08T19:45:53Z
2026-06-08T19:45:40Z,2026-06-08T21:45:40+0200,2c10495a-697a-4f81-9dc4-3022854a0ce3,2026-05-25T05:30:00Z,2026-05-25T07:30:00+0200,7736.12,MW,BE,BE,actual_load,Actual Load,2026-06-08T19:45:53Z
2026-06-08T19:45:40Z,2026-06-08T21:45:40+0200,2c10495a-697a-4f81-9dc4-3022854a0ce3,2026-05-25T05:45:00Z,2026-05-25T07:45:00+0200,7794.67,MW,BE,BE,actual_load,Actual Load,2026-06-08T19:45:53Z
2026-06-08T19:45:40Z,2026-06-08T21:45:40+0200,2c10495a-697a-4f81-9dc4-3022854a0ce3,2026-05-25T06:00:00Z,2026-05-25T08:00:00+0200,7802.82,MW,BE,BE,actual_load,Actual Load,2026-06-08T19:45:53Z
2026-06-08T19:45:40Z,2026-06-08T21:45:40+0200,2c10495a-697a-4f81-9dc4-3022854a0ce3,2026-05-25T06:15:00Z,2026-05-25T08:15:00+0200,7859.52,MW,BE,BE,actual_load,Actual Load,2026-06-08T19:45:53Z
2026-06-08T19:45:40Z,2026-06-08T21:45:40+0200,2c10495a-697a-4f81-9dc4-3022854a0ce3,2026-05-25T06:30:00Z,2026-05-25T08:30:00+0200,7883.59,MW,BE,BE,actual_load,Actual Load,2026-06-08T19:45:53Z
2026-06-08T19:45:40Z,2026-06-08T21:45:40+0200,2c10495a-697a-4f81-9dc4-3022854a0ce3,2026-05-25T06:45:00Z,2026-05-25T08:45:00+0200,8215.61,MW,BE,BE,actual_load,Actual Load,2026-06-08T19:45:53Z
2026-06-08T19:45:40Z,2026-06-08T21:45:40+0200,2c10495a-697a-4f81-9dc4-3022854a0ce3,2026-05-25T07:00:00Z,2026-05-25T09:00:00+0200,8386.84,MW,BE,BE,actual_load,Actual Load,2026-06-08T19:45:53Z
2026-06-08T19:45:40Z,2026-06-08T21:45:40+0200,2c10495a-697a-4f81-9dc4-3022854a0ce3,2026-05-25T07:15:00Z,2026-05-25T09:15:00+0200,8439.93,MW,BE,BE,actual_load,Actual Load,2026-06-08T19:45:53Z
2026-06-08T19:45:40Z,2026-06-08T21:45:40+0200,2c10495a-697a-4f81-9dc4-3022854a0ce3,2026-05-25T07:30:00Z,2026-05-25T09:30:00+0200,8612.51,MW,BE,BE,actual_load,Actual Load,2026-06-08T19:45:53Z
2026-06-08T19:45:40Z,2026-06-08T21:45:40+0200,2c10495a-697a-4f81-9dc4-3022854a0ce3,2026-05-25T07:45:00Z,2026-05-25T09:45:00+0200,8682.38,MW,BE,BE,actual_load,Actual Load,2026-06-08T19:45:53Z
2026-06-08T19:45:40Z,2026-06-08T21:45:40+0200,2c10495a-697a-4f81-9dc4-3022854a0ce3,2026-05-25T08:00:00Z,2026-05-25T10:00:00+0200,8740.14,MW,BE,BE,actual_load,Actual Load,2026-06-08T19:45:53Z
2026-06-08T19:45:40Z,2026-06-08T21:45:40+0200,2c10495a-697a-4f81-9dc4-3022854a0ce3,2026-05-25T08:15:00Z,2026-05-25T10:15:00+0200,8886.26,MW,BE,BE,actual_load,Actual Load,2026-06-08T19:45:53Z
2026-06-08T19:45:40Z,2026-06-08T21:45:40+0200,2c10495a-697a-4f81-9dc4-3022854a0ce3,2026-05-25T08:30:00Z,2026-05-25T10:30:00+0200,9011.0,MW,BE,BE,actual_load,Actual Load,2026-06-08T19:45:53Z
2026-06-08T19:45:40Z,2026-06-08T21:45:40+0200,2c10495a-697a-4f81-9dc4-3022854a0ce3,2026-05-25T08:45:00Z,2026-05-25T10:45:00+0200,9173.73,MW,BE,BE,actual_load,Actual Load,2026-06-08T19:45:53Z
2026-06-08T19:45:40Z,2026-06-08T21:45:40+0200,2c10495a-697a-4f81-9dc4-3022854a0ce3,2026-05-25T09:00:00Z,2026-05-25T11:00:00+0200,9530.99,MW,BE,BE,actual_load,Actual Load,2026-06-08T19:45:53Z
2026-06-08T19:45:40Z,2026-06-08T21:45:40+0200,2c10495a-697a-4f81-9dc4-3022854a0ce3,2026-05-25T09:15:00Z,2026-05-25T11:15:00+0200,9632.56,MW,BE,BE,actual_load,Actual Load,2026-06-08T19:45:53Z
2026-06-08T19:45:40Z,2026-06-08T21:45:40+0200,2c10495a-697a-4f81-9dc4-3022854a0ce3,2026-05-25T09:30:00Z,2026-05-25T11:30:00+0200,9706.79,MW,BE,BE,actual_load,Actual Load,2026-06-08T19:45:53Z
2026-06-08T19:45:40Z,2026-06-08T21:45:40+0200,2c10495a-697a-4f81-9dc4-3022854a0ce3,2026-05-25T09:45:00Z,2026-05-25T11:45:00+0200,9851.4,MW,BE,BE,actual_load,Actual Load,2026-06-08T19:45:53Z
2026-06-08T19:45:40Z,2026-06-08T21:45:40+0200,2c10495a-697a-4f81-9dc4-3022854a0ce3,2026-05-25T10:00:00Z,2026-05-25T12:00:00+0200,9786.63,MW,BE,BE,actual_load,Actual Load,2026-06-08T19:45:53Z
2026-06-08T19:45:40Z,2026-06-08T21:45:40+0200,2c10495a-697a-4f81-9dc4-3022854a0ce3,2026-05-25T10:15:00Z,2026-05-25T12:15:00+0200,9796.47,MW,BE,BE,actual_load,Actual Load,2026-06-08T19:45:53Z
2026-06-08T19:45:40Z,2026-06-08T21:45:40+0200,2c10495a-697a-4f81-9dc4-3022854a0ce3,2026-05-25T10:30:00Z,2026-05-25T12:30:00+0200,9831.37,MW,BE,BE,actual_load,Actual Load,2026-06-08T19:45:53Z
2026-06-08T19:45:40Z,2026-06-08T21:45:40+0200,2c10495a-697a-4f81-9dc4-3022854a0ce3,2026-05-25T10:45:00Z,2026-05-25T12:45:00+0200,9880.99,MW,BE,BE,actual_load,Actual Load,2026-06-08T19:45:53Z
2026-06-08T19:45:40Z,2026-06-08T21:45:40+0200,2c10495a-697a-4f81-9dc4-3022854a0ce3,2026-05-25T11:00:00Z,2026-05-25T13:00:00+0200,9956.74,MW,BE,BE,actual_load,Actual Load,2026-06-08T19:45:53Z
2026-06-08T19:45:40Z,2026-06-08T21:45:40+0200,2c10495a-697a-4f81-9dc4-3022854a0ce3,2026-05-25T11:15:00Z,2026-05-25T13:15:00+0200,10122.34,MW,BE,BE,actual_load,Actual Load,2026-06-08T19:45:53Z
2026-06-08T19:45:40Z,2026-06-08T21:45:40+0200,2c10495a-697a-4f81-9dc4-3022854a0ce3,2026-05-25T11:30:00Z,2026-05-25T13:30:00+0200,10036.26,MW,BE,BE,actual_load,Actual Load,2026-06-08T19:45:53Z
2026-06-08T19:45:40Z,2026-06-08T21:45:40+0200,2c10495a-697a-4f81-9dc4-3022854a0ce3,2026-05-25T11:45:00Z,2026-05-25T13:45:00+0200,10043.74,MW,BE,BE,actual_load,Actual Load,2026-06-08T19:45:53Z
2026-06-08T19:45:40Z,2026-06-08T21:45:40+0200,2c10495a-697a-4f81-9dc4-3022854a0ce3,2026-05-25T12:00:00Z,2026-05-25T14:00:00+0200,9876.1,MW,BE,BE,actual_load,Actual Load,2026-06-08T19:45:53Z
2026-06-08T19:45:40Z,2026-06-08T21:45:40+0200,2c10495a-697a-4f81-9dc4-3022854a0ce3,2026-05-25T12:15:00Z,2026-05-25T14:15:00+0200,9686.94,MW,BE,BE,actual_load,Actual Load,2026-06-08T19:45:53Z
2026-06-08T19:45:40Z,2026-06-08T21:45:40+0200,2c10495a-697a-4f81-9dc4-3022854a0ce3,2026-05-25T12:30:00Z,2026-05-25T14:30:00+0200,9623.13,MW,BE,BE,actual_load,Actual Load,2026-06-08T19:45:53Z
2026-06-08T19:45:40Z,2026-06-08T21:45:40+0200,2c10495a-697a-4f81-9dc4-3022854a0ce3,2026-05-25T12:45:00Z,2026-05-25T14:45:00+0200,9567.53,MW,BE,BE,actual_load,Actual Load,2026-06-08T19:45:53Z
2026-06-08T19:45:40Z,2026-06-08T21:45:40+0200,2c10495a-697a-4f81-9dc4-3022854a0ce3,2026-05-25T13:00:00Z,2026-05-25T15:00:00+0200,9423.66,MW,BE,BE,actual_load,Actual Load,2026-06-08T19:45:53Z
2026-06-08T19:45:40Z,2026-06-08T21:45:40+0200,2c10495a-697a-4f81-9dc4-3022854a0ce3,2026-05-25T13:15:00Z,2026-05-25T15:15:00+0200,9432.37,MW,BE,BE,actual_load,Actual Load,2026-06-08T19:45:53Z
2026-06-08T19:45:40Z,2026-06-08T21:45:40+0200,2c10495a-697a-4f81-9dc4-3022854a0ce3,2026-05-25T13:30:00Z,2026-05-25T15:30:00+0200,9338.21,MW,BE,BE,actual_load,Actual Load,2026-06-08T19:45:53Z
2026-06-08T19:45:40Z,2026-06-08T21:45:40+0200,2c10495a-697a-4f81-9dc4-3022854a0ce3,2026-05-25T13:45:00Z,2026-05-25T15:45:00+0200,9231.53,MW,BE,BE,actual_load,Actual Load,2026-06-08T19:45:53Z
2026-06-08T19:45:40Z,2026-06-08T21:45:40+0200,2c10495a-697a-4f81-9dc4-3022854a0ce3,2026-05-25T14:00:00Z,2026-05-25T16:00:00+0200,9180.69,MW,BE,BE,actual_load,Actual Load,2026-06-08T19:45:53Z
2026-06-08T19:45:40Z,2026-06-08T21:45:40+0200,2c10495a-697a-4f81-9dc4-3022854a0ce3,2026-05-25T14:15:00Z,2026-05-25T16:15:00+0200,9126.95,MW,BE,BE,actual_load,Actual Load,2026-06-08T19:45:53Z
2026-06-08T19:45:40Z,2026-06-08T21:45:40+0200,2c10495a-697a-4f81-9dc4-3022854a0ce3,2026-05-25T14:30:00Z,2026-05-25T16:30:00+0200,8999.74,MW,BE,BE,actual_load,Actual Load,2026-06-08T19:45:53Z
2026-06-08T19:45:40Z,2026-06-08T21:45:40+0200,2c10495a-697a-4f81-9dc4-3022854a0ce3,2026-05-25T14:45:00Z,2026-05-25T16:45:00+0200,8972.9,MW,BE,BE,actual_load,Actual Load,2026-06-08T19:45:53Z
2026-06-08T19:45:40Z,2026-06-08T21:45:40+0200,2c10495a-697a-4f81-9dc4-3022854a0ce3,2026-05-25T15:00:00Z,2026-05-25T17:00:00+0200,8776.69,MW,BE,BE,actual_load,Actual Load,2026-06-08T19:45:53Z
2026-06-08T19:45:40Z,2026-06-08T21:45:40+0200,2c10495a-697a-4f81-9dc4-3022854a0ce3,2026-05-25T15:15:00Z,2026-05-25T17:15:00+0200,8773.17,MW,BE,BE,actual_load,Actual Load,2026-06-08T19:45:53Z
2026-06-08T19:45:40Z,2026-06-08T21:45:40+0200,2c10495a-697a-4f81-9dc4-3022854a0ce3,2026-05-25T15:30:00Z,2026-05-25T17:30:00+0200,8816.25,MW,BE,BE,actual_load,Actual Load,2026-06-08T19:45:53Z
2026-06-08T19:45:40Z,2026-06-08T21:45:40+0200,2c10495a-697a-4f81-9dc4-3022854a0ce3,2026-05-25T15:45:00Z,2026-05-25T17:45:00+0200,8704.0,MW,BE,BE,actual_load,Actual Load,2026-06-08T19:45:53Z
2026-06-08T19:45:40Z,2026-06-08T21:45:40+0200,2c10495a-697a-4f81-9dc4-3022854a0ce3,2026-05-25T16:00:00Z,2026-05-25T18:00:00+0200,8879.06,MW,BE,BE,actual_load,Actual Load,2026-06-08T19:45:53Z
2026-06-08T19:45:40Z,2026-06-08T21:45:40+0200,2c10495a-697a-4f81-9dc4-3022854a0ce3,2026-05-25T16:15:00Z,2026-05-25T18:15:00+0200,8759.72,MW,BE,BE,actual_load,Actual Load,2026-06-08T19:45:53Z
2026-06-08T19:45:40Z,2026-06-08T21:45:40+0200,2c10495a-697a-4f81-9dc4-3022854a0ce3,2026-05-25T16:30:00Z,2026-05-25T18:30:00+0200,8673.54,MW,BE,BE,actual_load,Actual Load,2026-06-08T19:45:53Z
2026-06-08T19:45:40Z,2026-06-08T21:45:40+0200,2c10495a-697a-4f81-9dc4-3022854a0ce3,2026-05-25T16:45:00Z,2026-05-25T18:45:00+0200,8683.07,MW,BE,BE,actual_load,Actual Load,2026-06-08T19:45:53Z
2026-06-08T19:45:40Z,2026-06-08T21:45:40+0200,2c10495a-697a-4f81-9dc4-3022854a0ce3,2026-05-25T17:00:00Z,2026-05-25T19:00:00+0200,8767.69,MW,BE,BE,actual_load,Actual Load,2026-06-08T19:45:53Z
2026-06-08T19:45:40Z,2026-06-08T21:45:40+0200,2c10495a-697a-4f81-9dc4-3022854a0ce3,2026-05-25T17:15:00Z,2026-05-25T19:15:00+0200,8871.86,MW,BE,BE,actual_load,Actual Load,2026-06-08T19:45:53Z
2026-06-08T19:45:40Z,2026-06-08T21:45:40+0200,2c10495a-697a-4f81-9dc4-3022854a0ce3,2026-05-25T17:30:00Z,2026-05-25T19:30:00+0200,8942.05,MW,BE,BE,actual_load,Actual Load,2026-06-08T19:45:53Z
2026-06-08T19:45:40Z,2026-06-08T21:45:40+0200,2c10495a-697a-4f81-9dc4-3022854a0ce3,2026-05-25T17:45:00Z,2026-05-25T19:45:00+0200,8814.0,MW,BE,BE,actual_load,Actual Load,2026-06-08T19:45:53Z
2026-06-08T19:45:40Z,2026-06-08T21:45:40+0200,2c10495a-697a-4f81-9dc4-3022854a0ce3,2026-05-25T18:00:00Z,2026-05-25T20:00:00+0200,8795.97,MW,BE,BE,actual_load,Actual Load,2026-06-08T19:45:53Z
2026-06-08T19:45:40Z,2026-06-08T21:45:40+0200,2c10495a-697a-4f81-9dc4-3022854a0ce3,2026-05-25T18:15:00Z,2026-05-25T20:15:00+0200,8680.34,MW,BE,BE,actual_load,Actual Load,2026-06-08T19:45:53Z
2026-06-08T19:45:40Z,2026-06-08T21:45:40+0200,2c10495a-697a-4f81-9dc4-3022854a0ce3,2026-05-25T18:30:00Z,2026-05-25T20:30:00+0200,8509.43,MW,BE,BE,actual_load,Actual Load,2026-06-08T19:45:53Z
2026-06-08T19:45:40Z,2026-06-08T21:45:40+0200,2c10495a-697a-4f81-9dc4-3022854a0ce3,2026-05-25T18:45:00Z,2026-05-25T20:45:00+0200,8465.28,MW,BE,BE,actual_load,Actual Load,2026-06-08T19:45:53Z
2026-06-08T19:45:40Z,2026-06-08T21:45:40+0200,2c10495a-697a-4f81-9dc4-3022854a0ce3,2026-05-25T19:00:00Z,2026-05-25T21:00:00+0200,8322.35,MW,BE,BE,actual_load,Actual Load,2026-06-08T19:45:53Z
2026-06-08T19:45:40Z,2026-06-08T21:45:40+0200,2c10495a-697a-4f81-9dc4-3022854a0ce3,2026-05-25T19:15:00Z,2026-05-25T21:15:00+0200,8307.82,MW,BE,BE,actual_load,Actual Load,2026-06-08T19:45:53Z
2026-06-08T19:45:40Z,2026-06-08T21:45:40+0200,2c10495a-697a-4f81-9dc4-3022854a0ce3,2026-05-25T19:30:00Z,2026-05-25T21:30:00+0200,8323.49,MW,BE,BE,actual_load,Actual Load,2026-06-08T19:45:53Z
2026-06-08T19:45:40Z,2026-06-08T21:45:40+0200,2c10495a-697a-4f81-9dc4-3022854a0ce3,2026-05-25T19:45:00Z,2026-05-25T21:45:00+0200,8488.61,MW,BE,BE,actual_load,Actual Load,2026-06-08T19:45:53Z
2026-06-08T19:45:40Z,2026-06-08T21:45:40+0200,2c10495a-697a-4f81-9dc4-3022854a0ce3,2026-05-25T20:00:00Z,2026-05-25T22:00:00+0200,8444.29,MW,BE,BE,actual_load,Actual Load,2026-06-08T19:45:53Z
2026-06-08T19:45:40Z,2026-06-08T21:45:40+0200,2c10495a-697a-4f81-9dc4-3022854a0ce3,2026-05-25T20:15:00Z,2026-05-25T22:15:00+0200,8671.47,MW,BE,BE,actual_load,Actual Load,2026-06-08T19:45:53Z
2026-06-08T19:45:40Z,2026-06-08T21:45:40+0200,2c10495a-697a-4f81-9dc4-3022854a0ce3,2026-05-25T20:30:00Z,2026-05-25T22:30:00+0200,8705.88,MW,BE,BE,actual_load,Actual Load,2026-06-08T19:45:53Z
2026-06-08T19:45:40Z,2026-06-08T21:45:40+0200,2c10495a-697a-4f81-9dc4-3022854a0ce3,2026-05-25T20:45:00Z,2026-05-25T22:45:00+0200,8494.88,MW,BE,BE,actual_load,Actual Load,2026-06-08T19:45:53Z
2026-06-08T19:45:40Z,2026-06-08T21:45:40+0200,2c10495a-697a-4f81-9dc4-3022854a0ce3,2026-05-25T21:00:00Z,2026-05-25T23:00:00+0200,8515.85,MW,BE,BE,actual_load,Actual Load,2026-06-08T19:45:53Z
2026-06-08T19:45:40Z,2026-06-08T21:45:40+0200,2c10495a-697a-4f81-9dc4-3022854a0ce3,2026-05-25T21:15:00Z,2026-05-25T23:15:00+0200,8488.02,MW,BE,BE,actual_load,Actual Load,2026-06-08T19:45:53Z
2026-06-08T19:45:40Z,2026-06-08T21:45:40+0200,2c10495a-697a-4f81-9dc4-3022854a0ce3,2026-05-25T21:30:00Z,2026-05-25T23:30:00+0200,8407.7,MW,BE,BE,actual_load,Actual Load,2026-06-08T19:45:53Z
2026-06-08T19:45:40Z,2026-06-08T21:45:40+0200,2c10495a-697a-4f81-9dc4-3022854a0ce3,2026-05-25T21:45:00Z,2026-05-25T23:45:00+0200,8283.42,MW,BE,BE,actual_load,Actual Load,2026-06-08T19:45:53Z
2026-06-08T19:45:40Z,2026-06-08T21:45:40+0200,2c10495a-697a-4f81-9dc4-3022854a0ce3,2026-05-25T22:00:00Z,2026-05-26T00:00:00+0200,8142.34,MW,BE,BE,actual_load,Actual Load,2026-06-08T19:45:53Z
2026-06-08T19:45:40Z,2026-06-08T21:45:40+0200,2c10495a-697a-4f81-9dc4-3022854a0ce3,2026-05-25T22:15:00Z,2026-05-26T00:15:00+0200,8049.37,MW,BE,BE,actual_load,Actual Load,2026-06-08T19:45:53Z
2026-06-08T19:45:40Z,2026-06-08T21:45:40+0200,2c10495a-697a-4f81-9dc4-3022854a0ce3,2026-05-25T22:30:00Z,2026-05-26T00:30:00+0200,7872.71,MW,BE,BE,actual_load,Actual Load,2026-06-08T19:45:53Z
2026-06-08T19:45:40Z,2026-06-08T21:45:40+0200,2c10495a-697a-4f81-9dc4-3022854a0ce3,2026-05-25T22:45:00Z,2026-05-26T00:45:00+0200,7843.43,MW,BE,BE,actual_load,Actual Load,2026-06-08T19:45:53Z
2026-06-08T19:45:40Z,2026-06-08T21:45:40+0200,2c10495a-697a-4f81-9dc4-3022854a0ce3,2026-05-25T23:00:00Z,2026-05-26T01:00:00+0200,7842.96,MW,BE,BE,actual_load,Actual Load,2026-06-08T19:45:53Z
2026-06-08T19:45:40Z,2026-06-08T21:45:40+0200,2c10495a-697a-4f81-9dc4-3022854a0ce3,2026-05-25T23:15:00Z,2026-05-26T01:15:00+0200,7800.76,MW,BE,BE,actual_load,Actual Load,2026-06-08T19:45:53Z
2026-06-08T19:45:40Z,2026-06-08T21:45:40+0200,2c10495a-697a-4f81-9dc4-3022854a0ce3,2026-05-25T23:30:00Z,2026-05-26T01:30:00+0200,7826.12,MW,BE,BE,actual_load,Actual Load,2026-06-08T19:45:53Z
2026-06-08T19:45:40Z,2026-06-08T21:45:40+0200,2c10495a-697a-4f81-9dc4-3022854a0ce3,2026-05-25T23:45:00Z,2026-05-26T01:45:00+0200,7807.58,MW,BE,BE,actual_load,Actual Load,2026-06-08T19:45:53Z
2026-06-08T19:45:40Z,2026-06-08T21:45:40+0200,2c10495a-697a-4f81-9dc4-3022854a0ce3,2026-05-26T00:00:00Z,2026-05-26T02:00:00+0200,7665.06,MW,BE,BE,actual_load,Actual Load,2026-06-08T19:45:53Z
2026-06-08T19:45:40Z,2026-06-08T21:45:40+0200,2c10495a-697a-4f81-9dc4-3022854a0ce3,2026-05-26T00:15:00Z,2026-05-26T02:15:00+0200,7617.99,MW,BE,BE,actual_load,Actual Load,2026-06-08T19:45:53Z
2026-06-08T19:45:40Z,2026-06-08T21:45:40+0200,2c10495a-697a-4f81-9dc4-3022854a0ce3,2026-05-26T00:30:00Z,2026-05-26T02:30:00+0200,7619.52,MW,BE,BE,actual_load,Actual Load,2026-06-08T19:45:53Z
2026-06-08T19:45:40Z,2026-06-08T21:45:40+0200,2c10495a-697a-4f81-9dc4-3022854a0ce3,2026-05-26T00:45:00Z,2026-05-26T02:45:00+0200,7599.21,MW,BE,BE,actual_load,Actual Load,2026-06-08T19:45:53Z
2026-06-08T19:45:40Z,2026-06-08T21:45:40+0200,2c10495a-697a-4f81-9dc4-3022854a0ce3,2026-05-26T01:00:00Z,2026-05-26T03:00:00+0200,7569.36,MW,BE,BE,actual_load,Actual Load,2026-06-08T19:45:53Z
2026-06-08T19:45:40Z,2026-06-08T21:45:40+0200,2c10495a-697a-4f81-9dc4-3022854a0ce3,2026-05-26T01:15:00Z,2026-05-26T03:15:00+0200,7519.44,MW,BE,BE,actual_load,Actual Load,2026-06-08T19:45:53Z
2026-06-08T19:45:40Z,2026-06-08T21:45:40+0200,2c10495a-697a-4f81-9dc4-3022854a0ce3,2026-05-26T01:30:00Z,2026-05-26T03:30:00+0200,7470.92,MW,BE,BE,actual_load,Actual Load,2026-06-08T19:45:53Z
2026-06-08T19:45:40Z,2026-06-08T21:45:40+0200,2c10495a-697a-4f81-9dc4-3022854a0ce3,2026-05-26T01:45:00Z,2026-05-26T03:45:00+0200,7457.58,MW,BE,BE,actual_load,Actual Load,2026-06-08T19:45:53Z
2026-06-08T19:45:40Z,2026-06-08T21:45:40+0200,2c10495a-697a-4f81-9dc4-3022854a0ce3,2026-05-26T02:00:00Z,2026-05-26T04:00:00+0200,7457.96,MW,BE,BE,actual_load,Actual Load,2026-06-08T19:45:53Z
2026-06-08T19:45:40Z,2026-06-08T21:45:40+0200,2c10495a-697a-4f81-9dc4-3022854a0ce3,2026-05-26T02:15:00Z,2026-05-26T04:15:00+0200,7457.65,MW,BE,BE,actual_load,Actual Load,2026-06-08T19:45:53Z
2026-06-08T19:45:40Z,2026-06-08T21:45:40+0200,2c10495a-697a-4f81-9dc4-3022854a0ce3,2026-05-26T02:30:00Z,2026-05-26T04:30:00+0200,7508.07,MW,BE,BE,actual_load,Actual Load,2026-06-08T19:45:53Z
2026-06-08T19:45:40Z,2026-06-08T21:45:40+0200,2c10495a-697a-4f81-9dc4-3022854a0ce3,2026-05-26T02:45:00Z,2026-05-26T04:45:00+0200,7539.27,MW,BE,BE,actual_load,Actual Load,2026-06-08T19:45:53Z
2026-06-08T19:45:40Z,2026-06-08T21:45:40+0200,2c10495a-697a-4f81-9dc4-3022854a0ce3,2026-05-26T03:00:00Z,2026-05-26T05:00:00+0200,7654.47,MW,BE,BE,actual_load,Actual Load,2026-06-08T19:45:53Z
2026-06-08T19:45:40Z,2026-06-08T21:45:40+0200,2c10495a-697a-4f81-9dc4-3022854a0ce3,2026-05-26T03:15:00Z,2026-05-26T05:15:00+0200,7662.38,MW,BE,BE,actual_load,Actual Load,2026-06-08T19:45:53Z
2026-06-08T19:45:40Z,2026-06-08T21:45:40+0200,2c10495a-697a-4f81-9dc4-3022854a0ce3,2026-05-26T03:30:00Z,2026-05-26T05:30:00+0200,7713.28,MW,BE,BE,actual_load,Actual Load,2026-06-08T19:45:53Z
2026-06-08T19:45:40Z,2026-06-08T21:45:40+0200,2c10495a-697a-4f81-9dc4-3022854a0ce3,2026-05-26T03:45:00Z,2026-05-26T05:45:00+0200,7819.83,MW,BE,BE,actual_load,Actual Load,2026-06-08T19:45:53Z
2026-06-08T19:45:40Z,2026-06-08T21:45:40+0200,2c10495a-697a-4f81-9dc4-3022854a0ce3,2026-05-26T04:00:00Z,2026-05-26T06:00:00+0200,8128.38,MW,BE,BE,actual_load,Actual Load,2026-06-08T19:45:53Z
2026-06-08T19:45:40Z,2026-06-08T21:45:40+0200,2c10495a-697a-4f81-9dc4-3022854a0ce3,2026-05-26T04:15:00Z,2026-05-26T06:15:00+0200,8340.91,MW,BE,BE,actual_load,Actual Load,2026-06-08T19:45:53Z
2026-06-08T19:45:40Z,2026-06-08T21:45:40+0200,2c10495a-697a-4f81-9dc4-3022854a0ce3,2026-05-26T04:30:00Z,2026-05-26T06:30:00+0200,8551.81,MW,BE,BE,actual_load,Actual Load,2026-06-08T19:45:53Z
2026-06-08T19:45:40Z,2026-06-08T21:45:40+0200,2c10495a-697a-4f81-9dc4-3022854a0ce3,2026-05-26T04:45:00Z,2026-05-26T06:45:00+0200,8826.28,MW,BE,BE,actual_load,Actual Load,2026-06-08T19:45:53Z
2026-06-08T19:45:40Z,2026-06-08T21:45:40+0200,2c10495a-697a-4f81-9dc4-3022854a0ce3,2026-05-26T05:00:00Z,2026-05-26T07:00:00+0200,8998.37,MW,BE,BE,actual_load,Actual Load,2026-06-08T19:45:53Z
2026-06-08T19:45:40Z,2026-06-08T21:45:40+0200,2c10495a-697a-4f81-9dc4-3022854a0ce3,2026-05-26T05:15:00Z,2026-05-26T07:15:00+0200,9298.68,MW,BE,BE,actual_load,Actual Load,2026-06-08T19:45:53Z
2026-06-08T19:45:40Z,2026-06-08T21:45:40+0200,2c10495a-697a-4f81-9dc4-3022854a0ce3,2026-05-26T05:30:00Z,2026-05-26T07:30:00+0200,9491.71,MW,BE,BE,actual_load,Actual Load,2026-06-08T19:45:53Z
2026-06-08T19:45:40Z,2026-06-08T21:45:40+0200,2c10495a-697a-4f81-9dc4-3022854a0ce3,2026-05-26T05:45:00Z,2026-05-26T07:45:00+0200,9711.54,MW,BE,BE,actual_load,Actual Load,2026-06-08T19:45:53Z
2026-06-08T19:45:40Z,2026-06-08T21:45:40+0200,2c10495a-697a-4f81-9dc4-3022854a0ce3,2026-05-26T06:00:00Z,2026-05-26T08:00:00+0200,9871.89,MW,BE,BE,actual_load,Actual Load,2026-06-08T19:45:53Z
2026-06-08T19:45:40Z,2026-06-08T21:45:40+0200,2c10495a-697a-4f81-9dc4-3022854a0ce3,2026-05-26T06:15:00Z,2026-05-26T08:15:00+0200,9955.82,MW,BE,BE,actual_load,Actual Load,2026-06-08T19:45:53Z
2026-06-08T19:45:40Z,2026-06-08T21:45:40+0200,2c10495a-697a-4f81-9dc4-3022854a0ce3,2026-05-26T06:30:00Z,2026-05-26T08:30:00+0200,10117.59,MW,BE,BE,actual_load,Actual Load,2026-06-08T19:45:53Z
2026-06-08T19:45:40Z,2026-06-08T21:45:40+0200,2c10495a-697a-4f81-9dc4-3022854a0ce3,2026-05-26T06:45:00Z,2026-05-26T08:45:00+0200,10304.49,MW,BE,BE,actual_load,Actual Load,2026-06-08T19:45:53Z
2026-06-08T19:45:40Z,2026-06-08T21:45:40+0200,2c10495a-697a-4f81-9dc4-3022854a0ce3,2026-05-26T07:00:00Z,2026-05-26T09:00:00+0200,10353.05,MW,BE,BE,actual_load,Actual Load,2026-06-08T19:45:53Z
2026-06-08T19:45:40Z,2026-06-08T21:45:40+0200,2c10495a-697a-4f81-9dc4-3022854a0ce3,2026-05-26T07:15:00Z,2026-05-26T09:15:00+0200,10637.4,MW,BE,BE,actual_load,Actual Load,2026-06-08T19:45:53Z
2026-06-08T19:45:40Z,2026-06-08T21:45:40+0200,2c10495a-697a-4f81-9dc4-3022854a0ce3,2026-05-26T07:30:00Z,2026-05-26T09:30:00+0200,10829.34,MW,BE,BE,actual_load,Actual Load,2026-06-08T19:45:53Z
2026-06-08T19:45:40Z,2026-06-08T21:45:40+0200,2c10495a-697a-4f81-9dc4-3022854a0ce3,2026-05-26T07:45:00Z,2026-05-26T09:45:00+0200,10956.67,MW,BE,BE,actual_load,Actual Load,2026-06-08T19:45:53Z
2026-06-08T19:45:40Z,2026-06-08T21:45:40+0200,2c10495a-697a-4f81-9dc4-3022854a0ce3,2026-05-26T08:00:00Z,2026-05-26T10:00:00+0200,11076.62,MW,BE,BE,actual_load,Actual Load,2026-06-08T19:45:53Z
2026-06-08T19:45:40Z,2026-06-08T21:45:40+0200,2c10495a-697a-4f81-9dc4-3022854a0ce3,2026-05-26T08:15:00Z,2026-05-26T10:15:00+0200,11232.39,MW,BE,BE,actual_load,Actual Load,2026-06-08T19:45:53Z
2026-06-08T19:45:40Z,2026-06-08T21:45:40+0200,2c10495a-697a-4f81-9dc4-3022854a0ce3,2026-05-26T08:30:00Z,2026-05-26T10:30:00+0200,11414.43,MW,BE,BE,actual_load,Actual Load,2026-06-08T19:45:53Z
2026-06-08T19:45:40Z,2026-06-08T21:45:40+0200,2c10495a-697a-4f81-9dc4-3022854a0ce3,2026-05-26T08:45:00Z,2026-05-26T10:45:00+0200,11540.84,MW,BE,BE,actual_load,Actual Load,2026-06-08T19:45:53Z
2026-06-08T19:45:40Z,2026-06-08T21:45:40+0200,2c10495a-697a-4f81-9dc4-3022854a0ce3,2026-05-26T09:00:00Z,2026-05-26T11:00:00+0200,11787.37,MW,BE,BE,actual_load,Actual Load,2026-06-08T19:45:53Z
2026-06-08T19:45:40Z,2026-06-08T21:45:40+0200,2c10495a-697a-4f81-9dc4-3022854a0ce3,2026-05-26T09:15:00Z,2026-05-26T11:15:00+0200,11733.57,MW,BE,BE,actual_load,Actual Load,2026-06-08T19:45:53Z
2026-06-08T19:45:40Z,2026-06-08T21:45:40+0200,2c10495a-697a-4f81-9dc4-3022854a0ce3,2026-05-26T09:30:00Z,2026-05-26T11:30:00+0200,11562.42,MW,BE,BE,actual_load,Actual Load,2026-06-08T19:45:53Z
2026-06-08T19:45:40Z,2026-06-08T21:45:40+0200,2c10495a-697a-4f81-9dc4-3022854a0ce3,2026-05-26T09:45:00Z,2026-05-26T11:45:00+0200,11613.44,MW,BE,BE,actual_load,Actual Load,2026-06-08T19:45:53Z
2026-06-08T19:45:40Z,2026-06-08T21:45:40+0200,2c10495a-697a-4f81-9dc4-3022854a0ce3,2026-05-26T10:00:00Z,2026-05-26T12:00:00+0200,11360.19,MW,BE,BE,actual_load,Actual Load,2026-06-08T19:45:53Z
2026-06-08T19:45:40Z,2026-06-08T21:45:40+0200,2c10495a-697a-4f81-9dc4-3022854a0ce3,2026-05-26T10:15:00Z,2026-05-26T12:15:00+0200,11295.49,MW,BE,BE,actual_load,Actual Load,2026-06-08T19:45:53Z
2026-06-08T19:45:40Z,2026-06-08T21:45:40+0200,2c10495a-697a-4f81-9dc4-3022854a0ce3,2026-05-26T10:30:00Z,2026-05-26T12:30:00+0200,11369.24,MW,BE,BE,actual_load,Actual Load,2026-06-08T19:45:53Z
2026-06-08T19:45:40Z,2026-06-08T21:45:40+0200,2c10495a-697a-4f81-9dc4-3022854a0ce3,2026-05-26T10:45:00Z,2026-05-26T12:45:00+0200,11424.08,MW,BE,BE,actual_load,Actual Load,2026-06-08T19:45:53Z
2026-06-08T19:45:40Z,2026-06-08T21:45:40+0200,2c10495a-697a-4f81-9dc4-3022854a0ce3,2026-05-26T11:00:00Z,2026-05-26T13:00:00+0200,11579.81,MW,BE,BE,actual_load,Actual Load,2026-06-08T19:45:53Z
2026-06-08T19:45:40Z,2026-06-08T21:45:40+0200,2c10495a-697a-4f81-9dc4-3022854a0ce3,2026-05-26T11:15:00Z,2026-05-26T13:15:00+0200,11518.85,MW,BE,BE,actual_load,Actual Load,2026-06-08T19:45:53Z
2026-06-08T19:45:40Z,2026-06-08T21:45:40+0200,2c10495a-697a-4f81-9dc4-3022854a0ce3,2026-05-26T11:30:00Z,2026-05-26T13:30:00+0200,11458.05,MW,BE,BE,actual_load,Actual Load,2026-06-08T19:45:53Z
2026-06-08T19:45:40Z,2026-06-08T21:45:40+0200,2c10495a-697a-4f81-9dc4-3022854a0ce3,2026-05-26T11:45:00Z,2026-05-26T13:45:00+0200,11390.61,MW,BE,BE,actual_load,Actual Load,2026-06-08T19:45:53Z
2026-06-08T19:45:40Z,2026-06-08T21:45:40+0200,2c10495a-697a-4f81-9dc4-3022854a0ce3,2026-05-26T12:00:00Z,2026-05-26T14:00:00+0200,11274.66,MW,BE,BE,actual_load,Actual Load,2026-06-08T19:45:53Z
2026-06-08T19:45:40Z,2026-06-08T21:45:40+0200,2c10495a-697a-4f81-9dc4-3022854a0ce3,2026-05-26T12:15:00Z,2026-05-26T14:15:00+0200,11203.64,MW,BE,BE,actual_load,Actual Load,2026-06-08T19:45:53Z
2026-06-08T19:45:40Z,2026-06-08T21:45:40+0200,2c10495a-697a-4f81-9dc4-3022854a0ce3,2026-05-26T12:30:00Z,2026-05-26T14:30:00+0200,11149.78,MW,BE,BE,actual_load,Actual Load,2026-06-08T19:45:53Z
2026-06-08T19:45:40Z,2026-06-08T21:45:40+0200,2c10495a-697a-4f81-9dc4-3022854a0ce3,2026-05-26T12:45:00Z,2026-05-26T14:45:00+0200,11134.08,MW,BE,BE,actual_load,Actual Load,2026-06-08T19:45:53Z
2026-06-08T19:45:40Z,2026-06-08T21:45:40+0200,2c10495a-697a-4f81-9dc4-3022854a0ce3,2026-05-26T13:00:00Z,2026-05-26T15:00:00+0200,11113.0,MW,BE,BE,actual_load,Actual Load,2026-06-08T19:45:53Z
2026-06-08T19:45:40Z,2026-06-08T21:45:40+0200,2c10495a-697a-4f81-9dc4-3022854a0ce3,2026-05-26T13:15:00Z,2026-05-26T15:15:00+0200,11063.96,MW,BE,BE,actual_load,Actual Load,2026-06-08T19:45:53Z
2026-06-08T19:45:40Z,2026-06-08T21:45:40+0200,2c10495a-697a-4f81-9dc4-3022854a0ce3,2026-05-26T13:30:00Z,2026-05-26T15:30:00+0200,10917.56,MW,BE,BE,actual_load,Actual Load,2026-06-08T19:45:53Z
2026-06-08T19:45:40Z,2026-06-08T21:45:40+0200,2c10495a-697a-4f81-9dc4-3022854a0ce3,2026-05-26T13:45:00Z,2026-05-26T15:45:00+0200,10761.15,MW,BE,BE,actual_load,Actual Load,2026-06-08T19:45:53Z
2026-06-08T19:45:40Z,2026-06-08T21:45:40+0200,2c10495a-697a-4f81-9dc4-3022854a0ce3,2026-05-26T14:00:00Z,2026-05-26T16:00:00+0200,10640.76,MW,BE,BE,actual_load,Actual Load,2026-06-08T19:45:53Z
2026-06-08T19:45:40Z,2026-06-08T21:45:40+0200,2c10495a-697a-4f81-9dc4-3022854a0ce3,2026-05-26T14:15:00Z,2026-05-26T16:15:00+0200,10499.08,MW,BE,BE,actual_load,Actual Load,2026-06-08T19:45:53Z
2026-06-08T19:45:40Z,2026-06-08T21:45:40+0200,2c10495a-697a-4f81-9dc4-3022854a0ce3,2026-05-26T14:30:00Z,2026-05-26T16:30:00+0200,10480.92,MW,BE,BE,actual_load,Actual Load,2026-06-08T19:45:53Z
2026-06-08T19:45:40Z,2026-06-08T21:45:40+0200,2c10495a-697a-4f81-9dc4-3022854a0ce3,2026-05-26T14:45:00Z,2026-05-26T16:45:00+0200,10433.59,MW,BE,BE,actual_load,Actual Load,2026-06-08T19:45:53Z
2026-06-08T19:45:40Z,2026-06-08T21:45:40+0200,2c10495a-697a-4f81-9dc4-3022854a0ce3,2026-05-26T15:00:00Z,2026-05-26T17:00:00+0200,10302.6,MW,BE,BE,actual_load,Actual Load,2026-06-08T19:45:53Z
2026-06-08T19:45:40Z,2026-06-08T21:45:40+0200,2c10495a-697a-4f81-9dc4-3022854a0ce3,2026-05-26T15:15:00Z,2026-05-26T17:15:00+0200,10236.03,MW,BE,BE,actual_load,Actual Load,2026-06-08T19:45:53Z
2026-06-08T19:45:40Z,2026-06-08T21:45:40+0200,2c10495a-697a-4f81-9dc4-3022854a0ce3,2026-05-26T15:30:00Z,2026-05-26T17:30:00+0200,10144.55,MW,BE,BE,actual_load,Actual Load,2026-06-08T19:45:53Z
2026-06-08T19:45:40Z,2026-06-08T21:45:40+0200,2c10495a-697a-4f81-9dc4-3022854a0ce3,2026-05-26T15:45:00Z,2026-05-26T17:45:00+0200,10119.98,MW,BE,BE,actual_load,Actual Load,2026-06-08T19:45:53Z
2026-06-08T19:45:40Z,2026-06-08T21:45:40+0200,2c10495a-697a-4f81-9dc4-3022854a0ce3,2026-05-26T16:00:00Z,2026-05-26T18:00:00+0200,10272.49,MW,BE,BE,actual_load,Actual Load,2026-06-08T19:45:53Z
2026-06-08T19:45:40Z,2026-06-08T21:45:40+0200,2c10495a-697a-4f81-9dc4-3022854a0ce3,2026-05-26T16:15:00Z,2026-05-26T18:15:00+0200,10299.46,MW,BE,BE,actual_load,Actual Load,2026-06-08T19:45:53Z
2026-06-08T19:45:40Z,2026-06-08T21:45:40+0200,2c10495a-697a-4f81-9dc4-3022854a0ce3,2026-05-26T16:30:00Z,2026-05-26T18:30:00+0200,10252.36,MW,BE,BE,actual_load,Actual Load,2026-06-08T19:45:53Z
2026-06-08T19:45:40Z,2026-06-08T21:45:40+0200,2c10495a-697a-4f81-9dc4-3022854a0ce3,2026-05-26T16:45:00Z,2026-05-26T18:45:00+0200,10095.53,MW,BE,BE,actual_load,Actual Load,2026-06-08T19:45:53Z
2026-06-08T19:45:40Z,2026-06-08T21:45:40+0200,2c10495a-697a-4f81-9dc4-3022854a0ce3,2026-05-26T17:00:00Z,2026-05-26T19:00:00+0200,10185.4,MW,BE,BE,actual_load,Actual Load,2026-06-08T19:45:53Z
2026-06-08T19:45:40Z,2026-06-08T21:45:40+0200,2c10495a-697a-4f81-9dc4-3022854a0ce3,2026-05-26T17:15:00Z,2026-05-26T19:15:00+0200,10121.89,MW,BE,BE,actual_load,Actual Load,2026-06-08T19:45:53Z
2026-06-08T19:45:40Z,2026-06-08T21:45:40+0200,2c10495a-697a-4f81-9dc4-3022854a0ce3,2026-05-26T17:30:00Z,2026-05-26T19:30:00+0200,10036.56,MW,BE,BE,actual_load,Actual Load,2026-06-08T19:45:53Z
2026-06-08T19:45:40Z,2026-06-08T21:45:40+0200,2c10495a-697a-4f81-9dc4-3022854a0ce3,2026-05-26T17:45:00Z,2026-05-26T19:45:00+0200,9885.33,MW,BE,BE,actual_load,Actual Load,2026-06-08T19:45:53Z
2026-06-08T19:45:40Z,2026-06-08T21:45:40+0200,2c10495a-697a-4f81-9dc4-3022854a0ce3,2026-05-26T18:00:00Z,2026-05-26T20:00:00+0200,9910.12,MW,BE,BE,actual_load,Actual Load,2026-06-08T19:45:53Z
2026-06-08T19:45:40Z,2026-06-08T21:45:40+0200,2c10495a-697a-4f81-9dc4-3022854a0ce3,2026-05-26T18:15:00Z,2026-05-26T20:15:00+0200,9699.5,MW,BE,BE,actual_load,Actual Load,2026-06-08T19:45:53Z
2026-06-08T19:45:40Z,2026-06-08T21:45:40+0200,2c10495a-697a-4f81-9dc4-3022854a0ce3,2026-05-26T18:30:00Z,2026-05-26T20:30:00+0200,9602.47,MW,BE,BE,actual_load,Actual Load,2026-06-08T19:45:53Z
2026-06-08T19:45:40Z,2026-06-08T21:45:40+0200,2c10495a-697a-4f81-9dc4-3022854a0ce3,2026-05-26T18:45:00Z,2026-05-26T20:45:00+0200,9541.37,MW,BE,BE,actual_load,Actual Load,2026-06-08T19:45:53Z
2026-06-08T19:45:40Z,2026-06-08T21:45:40+0200,2c10495a-697a-4f81-9dc4-3022854a0ce3,2026-05-26T19:00:00Z,2026-05-26T21:00:00+0200,9455.89,MW,BE,BE,actual_load,Actual Load,2026-06-08T19:45:53Z
2026-06-08T19:45:40Z,2026-06-08T21:45:40+0200,2c10495a-697a-4f81-9dc4-3022854a0ce3,2026-05-26T19:15:00Z,2026-05-26T21:15:00+0200,9528.36,MW,BE,BE,actual_load,Actual Load,2026-06-08T19:45:53Z
2026-06-08T19:45:40Z,2026-06-08T21:45:40+0200,2c10495a-697a-4f81-9dc4-3022854a0ce3,2026-05-26T19:30:00Z,2026-05-26T21:30:00+0200,9622.74,MW,BE,BE,actual_load,Actual Load,2026-06-08T19:45:53Z
2026-06-08T19:45:40Z,2026-06-08T21:45:40+0200,2c10495a-697a-4f81-9dc4-3022854a0ce3,2026-05-26T19:45:00Z,2026-05-26T21:45:00+0200,9597.1,MW,BE,BE,actual_load,Actual Load,2026-06-08T19:45:53Z
2026-06-08T19:45:40Z,2026-06-08T21:45:40+0200,2c10495a-697a-4f81-9dc4-3022854a0ce3,2026-05-26T20:00:00Z,2026-05-26T22:00:00+0200,9683.73,MW,BE,BE,actual_load,Actual Load,2026-06-08T19:45:53Z
2026-06-08T19:45:40Z,2026-06-08T21:45:40+0200,2c10495a-697a-4f81-9dc4-3022854a0ce3,2026-05-26T20:15:00Z,2026-05-26T22:15:00+0200,9703.9,MW,BE,BE,actual_load,Actual Load,2026-06-08T19:45:53Z
2026-06-08T19:45:40Z,2026-06-08T21:45:40+0200,2c10495a-697a-4f81-9dc4-3022854a0ce3,2026-05-26T20:30:00Z,2026-05-26T22:30:00+0200,9655.87,MW,BE,BE,actual_load,Actual Load,2026-06-08T19:45:53Z
2026-06-08T19:45:40Z,2026-06-08T21:45:40+0200,2c10495a-697a-4f81-9dc4-3022854a0ce3,2026-05-26T20:45:00Z,2026-05-26T22:45:00+0200,9517.33,MW,BE,BE,actual_load,Actual Load,2026-06-08T19:45:53Z
2026-06-08T19:45:40Z,2026-06-08T21:45:40+0200,2c10495a-697a-4f81-9dc4-3022854a0ce3,2026-05-26T21:00:00Z,2026-05-26T23:00:00+0200,9365.53,MW,BE,BE,actual_load,Actual Load,2026-06-08T19:45:53Z
2026-06-08T19:45:40Z,2026-06-08T21:45:40+0200,2c10495a-697a-4f81-9dc4-3022854a0ce3,2026-05-26T21:15:00Z,2026-05-26T23:15:00+0200,9205.84,MW,BE,BE,actual_load,Actual Load,2026-06-08T19:45:53Z
2026-06-08T19:45:40Z,2026-06-08T21:45:40+0200,2c10495a-697a-4f81-9dc4-3022854a0ce3,2026-05-26T21:30:00Z,2026-05-26T23:30:00+0200,9180.74,MW,BE,BE,actual_load,Actual Load,2026-06-08T19:45:53Z
2026-06-08T19:45:40Z,2026-06-08T21:45:40+0200,2c10495a-697a-4f81-9dc4-3022854a0ce3,2026-05-26T21:45:00Z,2026-05-26T23:45:00+0200,9058.22,MW,BE,BE,actual_load,Actual Load,2026-06-08T19:45:53Z
2026-06-08T19:45:40Z,2026-06-08T21:45:40+0200,2c10495a-697a-4f81-9dc4-3022854a0ce3,2026-05-26T22:00:00Z,2026-05-27T00:00:00+0200,8870.33,MW,BE,BE,actual_load,Actual Load,2026-06-08T19:45:53Z
2026-06-08T19:45:40Z,2026-06-08T21:45:40+0200,2c10495a-697a-4f81-9dc4-3022854a0ce3,2026-05-26T22:15:00Z,2026-05-27T00:15:00+0200,8607.36,MW,BE,BE,actual_load,Actual Load,2026-06-08T19:45:53Z
2026-06-08T19:45:40Z,2026-06-08T21:45:40+0200,2c10495a-697a-4f81-9dc4-3022854a0ce3,2026-05-26T22:30:00Z,2026-05-27T00:30:00+0200,8514.12,MW,BE,BE,actual_load,Actual Load,2026-06-08T19:45:53Z
2026-06-08T19:45:40Z,2026-06-08T21:45:40+0200,2c10495a-697a-4f81-9dc4-3022854a0ce3,2026-05-26T22:45:00Z,2026-05-27T00:45:00+0200,8371.57,MW,BE,BE,actual_load,Actual Load,2026-06-08T19:45:53Z
2026-06-08T19:45:40Z,2026-06-08T21:45:40+0200,2c10495a-697a-4f81-9dc4-3022854a0ce3,2026-05-26T23:00:00Z,2026-05-27T01:00:00+0200,8345.89,MW,BE,BE,actual_load,Actual Load,2026-06-08T19:45:53Z
2026-06-08T19:45:40Z,2026-06-08T21:45:40+0200,2c10495a-697a-4f81-9dc4-3022854a0ce3,2026-05-26T23:15:00Z,2026-05-27T01:15:00+0200,8283.99,MW,BE,BE,actual_load,Actual Load,2026-06-08T19:45:53Z
2026-06-08T19:45:40Z,2026-06-08T21:45:40+0200,2c10495a-697a-4f81-9dc4-3022854a0ce3,2026-05-26T23:30:00Z,2026-05-27T01:30:00+0200,8236.11,MW,BE,BE,actual_load,Actual Load,2026-06-08T19:45:53Z
2026-06-08T19:45:40Z,2026-06-08T21:45:40+0200,2c10495a-697a-4f81-9dc4-3022854a0ce3,2026-05-26T23:45:00Z,2026-05-27T01:45:00+0200,8135.27,MW,BE,BE,actual_load,Actual Load,2026-06-08T19:45:53Z
2026-06-08T19:45:40Z,2026-06-08T21:45:40+0200,2c10495a-697a-4f81-9dc4-3022854a0ce3,2026-05-27T00:00:00Z,2026-05-27T02:00:00+0200,8099.65,MW,BE,BE,actual_load,Actual Load,2026-06-08T19:45:53Z
2026-06-08T19:45:40Z,2026-06-08T21:45:40+0200,2c10495a-697a-4f81-9dc4-3022854a0ce3,2026-05-27T00:15:00Z,2026-05-27T02:15:00+0200,8050.93,MW,BE,BE,actual_load,Actual Load,2026-06-08T19:45:53Z
2026-06-08T19:45:40Z,2026-06-08T21:45:40+0200,2c10495a-697a-4f81-9dc4-3022854a0ce3,2026-05-27T00:30:00Z,2026-05-27T02:30:00+0200,7972.37,MW,BE,BE,actual_load,Actual Load,2026-06-08T19:45:53Z
2026-06-08T19:45:40Z,2026-06-08T21:45:40+0200,2c10495a-697a-4f81-9dc4-3022854a0ce3,2026-05-27T00:45:00Z,2026-05-27T02:45:00+0200,7934.92,MW,BE,BE,actual_load,Actual Load,2026-06-08T19:45:53Z
2026-06-08T19:45:40Z,2026-06-08T21:45:40+0200,2c10495a-697a-4f81-9dc4-3022854a0ce3,2026-05-27T01:00:00Z,2026-05-27T03:00:00+0200,7894.49,MW,BE,BE,actual_load,Actual Load,2026-06-08T19:45:53Z
2026-06-08T19:45:40Z,2026-06-08T21:45:40+0200,2c10495a-697a-4f81-9dc4-3022854a0ce3,2026-05-27T01:15:00Z,2026-05-27T03:15:00+0200,7855.21,MW,BE,BE,actual_load,Actual Load,2026-06-08T19:45:53Z
2026-06-08T19:45:40Z,2026-06-08T21:45:40+0200,2c10495a-697a-4f81-9dc4-3022854a0ce3,2026-05-27T01:30:00Z,2026-05-27T03:30:00+0200,7801.72,MW,BE,BE,actual_load,Actual Load,2026-06-08T19:45:53Z
2026-06-08T19:45:40Z,2026-06-08T21:45:40+0200,2c10495a-697a-4f81-9dc4-3022854a0ce3,2026-05-27T01:45:00Z,2026-05-27T03:45:00+0200,7795.08,MW,BE,BE,actual_load,Actual Load,2026-06-08T19:45:53Z
2026-06-08T19:45:40Z,2026-06-08T21:45:40+0200,2c10495a-697a-4f81-9dc4-3022854a0ce3,2026-05-27T02:00:00Z,2026-05-27T04:00:00+0200,7846.82,MW,BE,BE,actual_load,Actual Load,2026-06-08T19:45:53Z
2026-06-08T19:45:40Z,2026-06-08T21:45:40+0200,2c10495a-697a-4f81-9dc4-3022854a0ce3,2026-05-27T02:15:00Z,2026-05-27T04:15:00+0200,7859.79,MW,BE,BE,actual_load,Actual Load,2026-06-08T19:45:53Z
2026-06-08T19:45:40Z,2026-06-08T21:45:40+0200,2c10495a-697a-4f81-9dc4-3022854a0ce3,2026-05-27T02:30:00Z,2026-05-27T04:30:00+0200,7903.65,MW,BE,BE,actual_load,Actual Load,2026-06-08T19:45:53Z
2026-06-08T19:45:40Z,2026-06-08T21:45:40+0200,2c10495a-697a-4f81-9dc4-3022854a0ce3,2026-05-27T02:45:00Z,2026-05-27T04:45:00+0200,7934.06,MW,BE,BE,actual_load,Actual Load,2026-06-08T19:45:53Z
2026-06-08T19:45:40Z,2026-06-08T21:45:40+0200,2c10495a-697a-4f81-9dc4-3022854a0ce3,2026-05-27T03:00:00Z,2026-05-27T05:00:00+0200,8099.21,MW,BE,BE,actual_load,Actual Load,2026-06-08T19:45:53Z
2026-06-08T19:45:40Z,2026-06-08T21:45:40+0200,2c10495a-697a-4f81-9dc4-3022854a0ce3,2026-05-27T03:15:00Z,2026-05-27T05:15:00+0200,8091.45,MW,BE,BE,actual_load,Actual Load,2026-06-08T19:45:53Z
2026-06-08T19:45:40Z,2026-06-08T21:45:40+0200,2c10495a-697a-4f81-9dc4-3022854a0ce3,2026-05-27T03:30:00Z,2026-05-27T05:30:00+0200,8152.8,MW,BE,BE,actual_load,Actual Load,2026-06-08T19:45:53Z
2026-06-08T19:45:40Z,2026-06-08T21:45:40+0200,2c10495a-697a-4f81-9dc4-3022854a0ce3,2026-05-27T03:45:00Z,2026-05-27T05:45:00+0200,8182.46,MW,BE,BE,actual_load,Actual Load,2026-06-08T19:45:53Z
2026-06-08T19:45:40Z,2026-06-08T21:45:40+0200,2c10495a-697a-4f81-9dc4-3022854a0ce3,2026-05-27T04:00:00Z,2026-05-27T06:00:00+0200,8377.27,MW,BE,BE,actual_load,Actual Load,2026-06-08T19:45:53Z
2026-06-08T19:45:40Z,2026-06-08T21:45:40+0200,2c10495a-697a-4f81-9dc4-3022854a0ce3,2026-05-27T04:15:00Z,2026-05-27T06:15:00+0200,8617.49,MW,BE,BE,actual_load,Actual Load,2026-06-08T19:45:53Z
2026-06-08T19:45:40Z,2026-06-08T21:45:40+0200,2c10495a-697a-4f81-9dc4-3022854a0ce3,2026-05-27T04:30:00Z,2026-05-27T06:30:00+0200,8869.63,MW,BE,BE,actual_load,Actual Load,2026-06-08T19:45:53Z
2026-06-08T19:45:40Z,2026-06-08T21:45:40+0200,2c10495a-697a-4f81-9dc4-3022854a0ce3,2026-05-27T04:45:00Z,2026-05-27T06:45:00+0200,9053.94,MW,BE,BE,actual_load,Actual Load,2026-06-08T19:45:53Z
2026-06-08T19:45:40Z,2026-06-08T21:45:40+0200,2c10495a-697a-4f81-9dc4-3022854a0ce3,2026-05-27T05:00:00Z,2026-05-27T07:00:00+0200,9213.18,MW,BE,BE,actual_load,Actual Load,2026-06-08T19:45:53Z
2026-06-08T19:45:40Z,2026-06-08T21:45:40+0200,2c10495a-697a-4f81-9dc4-3022854a0ce3,2026-05-27T05:15:00Z,2026-05-27T07:15:00+0200,9489.31,MW,BE,BE,actual_load,Actual Load,2026-06-08T19:45:53Z
2026-06-08T19:45:40Z,2026-06-08T21:45:40+0200,2c10495a-697a-4f81-9dc4-3022854a0ce3,2026-05-27T05:30:00Z,2026-05-27T07:30:00+0200,9693.52,MW,BE,BE,actual_load,Actual Load,2026-06-08T19:45:53Z
2026-06-08T19:45:40Z,2026-06-08T21:45:40+0200,2c10495a-697a-4f81-9dc4-3022854a0ce3,2026-05-27T05:45:00Z,2026-05-27T07:45:00+0200,9867.98,MW,BE,BE,actual_load,Actual Load,2026-06-08T19:45:53Z
2026-06-08T19:45:40Z,2026-06-08T21:45:40+0200,2c10495a-697a-4f81-9dc4-3022854a0ce3,2026-05-27T06:00:00Z,2026-05-27T08:00:00+0200,10055.23,MW,BE,BE,actual_load,Actual Load,2026-06-08T19:45:53Z
2026-06-08T19:45:40Z,2026-06-08T21:45:40+0200,2c10495a-697a-4f81-9dc4-3022854a0ce3,2026-05-27T06:15:00Z,2026-05-27T08:15:00+0200,10178.75,MW,BE,BE,actual_load,Actual Load,2026-06-08T19:45:53Z
2026-06-08T19:45:40Z,2026-06-08T21:45:40+0200,2c10495a-697a-4f81-9dc4-3022854a0ce3,2026-05-27T06:30:00Z,2026-05-27T08:30:00+0200,10249.36,MW,BE,BE,actual_load,Actual Load,2026-06-08T19:45:53Z
2026-06-08T19:45:40Z,2026-06-08T21:45:40+0200,2c10495a-697a-4f81-9dc4-3022854a0ce3,2026-05-27T06:45:00Z,2026-05-27T08:45:00+0200,10293.39,MW,BE,BE,actual_load,Actual Load,2026-06-08T19:45:53Z
2026-06-08T19:45:40Z,2026-06-08T21:45:40+0200,2c10495a-697a-4f81-9dc4-3022854a0ce3,2026-05-27T07:00:00Z,2026-05-27T09:00:00+0200,10209.26,MW,BE,BE,actual_load,Actual Load,2026-06-08T19:45:53Z
2026-06-08T19:45:40Z,2026-06-08T21:45:40+0200,2c10495a-697a-4f81-9dc4-3022854a0ce3,2026-05-27T07:15:00Z,2026-05-27T09:15:00+0200,10410.72,MW,BE,BE,actual_load,Actual Load,2026-06-08T19:45:53Z
2026-06-08T19:45:40Z,2026-06-08T21:45:40+0200,2c10495a-697a-4f81-9dc4-3022854a0ce3,2026-05-27T07:30:00Z,2026-05-27T09:30:00+0200,10700.74,MW,BE,BE,actual_load,Actual Load,2026-06-08T19:45:53Z
2026-06-08T19:45:40Z,2026-06-08T21:45:40+0200,2c10495a-697a-4f81-9dc4-3022854a0ce3,2026-05-27T07:45:00Z,2026-05-27T09:45:00+0200,10847.23,MW,BE,BE,actual_load,Actual Load,2026-06-08T19:45:53Z
2026-06-08T19:45:40Z,2026-06-08T21:45:40+0200,2c10495a-697a-4f81-9dc4-3022854a0ce3,2026-05-27T08:00:00Z,2026-05-27T10:00:00+0200,11076.44,MW,BE,BE,actual_load,Actual Load,2026-06-08T19:45:53Z
2026-06-08T19:45:40Z,2026-06-08T21:45:40+0200,2c10495a-697a-4f81-9dc4-3022854a0ce3,2026-05-27T08:15:00Z,2026-05-27T10:15:00+0200,11165.24,MW,BE,BE,actual_load,Actual Load,2026-06-08T19:45:53Z
2026-06-08T19:45:40Z,2026-06-08T21:45:40+0200,2c10495a-697a-4f81-9dc4-3022854a0ce3,2026-05-27T08:30:00Z,2026-05-27T10:30:00+0200,11277.46,MW,BE,BE,actual_load,Actual Load,2026-06-08T19:45:53Z
2026-06-08T19:45:40Z,2026-06-08T21:45:40+0200,2c10495a-697a-4f81-9dc4-3022854a0ce3,2026-05-27T08:45:00Z,2026-05-27T10:45:00+0200,11274.74,MW,BE,BE,actual_load,Actual Load,2026-06-08T19:45:53Z
2026-06-08T19:45:40Z,2026-06-08T21:45:40+0200,2c10495a-697a-4f81-9dc4-3022854a0ce3,2026-05-27T09:00:00Z,2026-05-27T11:00:00+0200,11435.91,MW,BE,BE,actual_load,Actual Load,2026-06-08T19:45:53Z
2026-06-08T19:45:40Z,2026-06-08T21:45:40+0200,2c10495a-697a-4f81-9dc4-3022854a0ce3,2026-05-27T09:15:00Z,2026-05-27T11:15:00+0200,11580.74,MW,BE,BE,actual_load,Actual Load,2026-06-08T19:45:53Z
2026-06-08T19:45:40Z,2026-06-08T21:45:40+0200,2c10495a-697a-4f81-9dc4-3022854a0ce3,2026-05-27T09:30:00Z,2026-05-27T11:30:00+0200,11693.58,MW,BE,BE,actual_load,Actual Load,2026-06-08T19:45:53Z
2026-06-08T19:45:40Z,2026-06-08T21:45:40+0200,2c10495a-697a-4f81-9dc4-3022854a0ce3,2026-05-27T09:45:00Z,2026-05-27T11:45:00+0200,11790.65,MW,BE,BE,actual_load,Actual Load,2026-06-08T19:45:53Z
2026-06-08T19:45:40Z,2026-06-08T21:45:40+0200,2c10495a-697a-4f81-9dc4-3022854a0ce3,2026-05-27T10:00:00Z,2026-05-27T12:00:00+0200,11666.85,MW,BE,BE,actual_load,Actual Load,2026-06-08T19:45:53Z
2026-06-08T19:45:40Z,2026-06-08T21:45:40+0200,2c10495a-697a-4f81-9dc4-3022854a0ce3,2026-05-27T10:15:00Z,2026-05-27T12:15:00+0200,11563.41,MW,BE,BE,actual_load,Actual Load,2026-06-08T19:45:53Z
2026-06-08T19:45:40Z,2026-06-08T21:45:40+0200,2c10495a-697a-4f81-9dc4-3022854a0ce3,2026-05-27T10:30:00Z,2026-05-27T12:30:00+0200,11610.23,MW,BE,BE,actual_load,Actual Load,2026-06-08T19:45:53Z
2026-06-08T19:45:40Z,2026-06-08T21:45:40+0200,2c10495a-697a-4f81-9dc4-3022854a0ce3,2026-05-27T10:45:00Z,2026-05-27T12:45:00+0200,11590.83,MW,BE,BE,actual_load,Actual Load,2026-06-08T19:45:53Z
2026-06-08T19:45:40Z,2026-06-08T21:45:40+0200,2c10495a-697a-4f81-9dc4-3022854a0ce3,2026-05-27T11:00:00Z,2026-05-27T13:00:00+0200,11704.31,MW,BE,BE,actual_load,Actual Load,2026-06-08T19:45:53Z
2026-06-08T19:45:40Z,2026-06-08T21:45:40+0200,2c10495a-697a-4f81-9dc4-3022854a0ce3,2026-05-27T11:15:00Z,2026-05-27T13:15:00+0200,11674.39,MW,BE,BE,actual_load,Actual Load,2026-06-08T19:45:53Z
2026-06-08T19:45:40Z,2026-06-08T21:45:40+0200,2c10495a-697a-4f81-9dc4-3022854a0ce3,2026-05-27T11:30:00Z,2026-05-27T13:30:00+0200,11594.54,MW,BE,BE,actual_load,Actual Load,2026-06-08T19:45:53Z
2026-06-08T19:45:40Z,2026-06-08T21:45:40+0200,2c10495a-697a-4f81-9dc4-3022854a0ce3,2026-05-27T11:45:00Z,2026-05-27T13:45:00+0200,11546.93,MW,BE,BE,actual_load,Actual Load,2026-06-08T19:45:53Z
2026-06-08T19:45:40Z,2026-06-08T21:45:40+0200,2c10495a-697a-4f81-9dc4-3022854a0ce3,2026-05-27T12:00:00Z,2026-05-27T14:00:00+0200,11481.69,MW,BE,BE,actual_load,Actual Load,2026-06-08T19:45:53Z
2026-06-08T19:45:40Z,2026-06-08T21:45:40+0200,2c10495a-697a-4f81-9dc4-3022854a0ce3,2026-05-27T12:15:00Z,2026-05-27T14:15:00+0200,11412.9,MW,BE,BE,actual_load,Actual Load,2026-06-08T19:45:53Z
2026-06-08T19:45:40Z,2026-06-08T21:45:40+0200,2c10495a-697a-4f81-9dc4-3022854a0ce3,2026-05-27T12:30:00Z,2026-05-27T14:30:00+0200,11205.84,MW,BE,BE,actual_load,Actual Load,2026-06-08T19:45:53Z
2026-06-08T19:45:40Z,2026-06-08T21:45:40+0200,2c10495a-697a-4f81-9dc4-3022854a0ce3,2026-05-27T12:45:00Z,2026-05-27T14:45:00+0200,11173.97,MW,BE,BE,actual_load,Actual Load,2026-06-08T19:45:53Z
2026-06-08T19:45:40Z,2026-06-08T21:45:40+0200,2c10495a-697a-4f81-9dc4-3022854a0ce3,2026-05-27T13:00:00Z,2026-05-27T15:00:00+0200,11196.32,MW,BE,BE,actual_load,Actual Load,2026-06-08T19:45:53Z
2026-06-08T19:45:40Z,2026-06-08T21:45:40+0200,2c10495a-697a-4f81-9dc4-3022854a0ce3,2026-05-27T13:15:00Z,2026-05-27T15:15:00+0200,11161.98,MW,BE,BE,actual_load,Actual Load,2026-06-08T19:45:53Z
2026-06-08T19:45:40Z,2026-06-08T21:45:40+0200,2c10495a-697a-4f81-9dc4-3022854a0ce3,2026-05-27T13:30:00Z,2026-05-27T15:30:00+0200,11074.29,MW,BE,BE,actual_load,Actual Load,2026-06-08T19:45:53Z
2026-06-08T19:45:40Z,2026-06-08T21:45:40+0200,2c10495a-697a-4f81-9dc4-3022854a0ce3,2026-05-27T13:45:00Z,2026-05-27T15:45:00+0200,10878.79,MW,BE,BE,actual_load,Actual Load,2026-06-08T19:45:53Z
2026-06-08T19:45:40Z,2026-06-08T21:45:40+0200,2c10495a-697a-4f81-9dc4-3022854a0ce3,2026-05-27T14:00:00Z,2026-05-27T16:00:00+0200,10764.67,MW,BE,BE,actual_load,Actual Load,2026-06-08T19:45:53Z
2026-06-08T19:45:40Z,2026-06-08T21:45:40+0200,2c10495a-697a-4f81-9dc4-3022854a0ce3,2026-05-27T14:15:00Z,2026-05-27T16:15:00+0200,10531.12,MW,BE,BE,actual_load,Actual Load,2026-06-08T19:45:53Z
2026-06-08T19:45:40Z,2026-06-08T21:45:40+0200,2c10495a-697a-4f81-9dc4-3022854a0ce3,2026-05-27T14:30:00Z,2026-05-27T16:30:00+0200,10341.28,MW,BE,BE,actual_load,Actual Load,2026-06-08T19:45:53Z
2026-06-08T19:45:40Z,2026-06-08T21:45:40+0200,2c10495a-697a-4f81-9dc4-3022854a0ce3,2026-05-27T14:45:00Z,2026-05-27T16:45:00+0200,10490.07,MW,BE,BE,actual_load,Actual Load,2026-06-08T19:45:53Z
2026-06-08T19:45:40Z,2026-06-08T21:45:40+0200,2c10495a-697a-4f81-9dc4-3022854a0ce3,2026-05-27T15:00:00Z,2026-05-27T17:00:00+0200,10411.75,MW,BE,BE,actual_load,Actual Load,2026-06-08T19:45:53Z
2026-06-08T19:45:40Z,2026-06-08T21:45:40+0200,2c10495a-697a-4f81-9dc4-3022854a0ce3,2026-05-27T15:15:00Z,2026-05-27T17:15:00+0200,10377.93,MW,BE,BE,actual_load,Actual Load,2026-06-08T19:45:53Z
2026-06-08T19:45:40Z,2026-06-08T21:45:40+0200,2c10495a-697a-4f81-9dc4-3022854a0ce3,2026-05-27T15:30:00Z,2026-05-27T17:30:00+0200,10277.85,MW,BE,BE,actual_load,Actual Load,2026-06-08T19:45:53Z
2026-06-08T19:45:40Z,2026-06-08T21:45:40+0200,2c10495a-697a-4f81-9dc4-3022854a0ce3,2026-05-27T15:45:00Z,2026-05-27T17:45:00+0200,10120.51,MW,BE,BE,actual_load,Actual Load,2026-06-08T19:45:53Z
2026-06-08T19:45:40Z,2026-06-08T21:45:40+0200,2c10495a-697a-4f81-9dc4-3022854a0ce3,2026-05-27T16:00:00Z,2026-05-27T18:00:00+0200,10108.95,MW,BE,BE,actual_load,Actual Load,2026-06-08T19:45:53Z
2026-06-08T19:45:40Z,2026-06-08T21:45:40+0200,2c10495a-697a-4f81-9dc4-3022854a0ce3,2026-05-27T16:15:00Z,2026-05-27T18:15:00+0200,10082.47,MW,BE,BE,actual_load,Actual Load,2026-06-08T19:45:53Z
2026-06-08T19:45:40Z,2026-06-08T21:45:40+0200,2c10495a-697a-4f81-9dc4-3022854a0ce3,2026-05-27T16:30:00Z,2026-05-27T18:30:00+0200,10038.59,MW,BE,BE,actual_load,Actual Load,2026-06-08T19:45:53Z
2026-06-08T19:45:40Z,2026-06-08T21:45:40+0200,2c10495a-697a-4f81-9dc4-3022854a0ce3,2026-05-27T16:45:00Z,2026-05-27T18:45:00+0200,10072.85,MW,BE,BE,actual_load,Actual Load,2026-06-08T19:45:53Z
2026-06-08T19:45:40Z,2026-06-08T21:45:40+0200,2c10495a-697a-4f81-9dc4-3022854a0ce3,2026-05-27T17:00:00Z,2026-05-27T19:00:00+0200,10031.72,MW,BE,BE,actual_load,Actual Load,2026-06-08T19:45:53Z
2026-06-08T19:45:40Z,2026-06-08T21:45:40+0200,2c10495a-697a-4f81-9dc4-3022854a0ce3,2026-05-27T17:15:00Z,2026-05-27T19:15:00+0200,9910.17,MW,BE,BE,actual_load,Actual Load,2026-06-08T19:45:53Z
2026-06-08T19:45:40Z,2026-06-08T21:45:40+0200,2c10495a-697a-4f81-9dc4-3022854a0ce3,2026-05-27T17:30:00Z,2026-05-27T19:30:00+0200,9866.4,MW,BE,BE,actual_load,Actual Load,2026-06-08T19:45:53Z
2026-06-08T19:45:40Z,2026-06-08T21:45:40+0200,2c10495a-697a-4f81-9dc4-3022854a0ce3,2026-05-27T17:45:00Z,2026-05-27T19:45:00+0200,9804.06,MW,BE,BE,actual_load,Actual Load,2026-06-08T19:45:53Z
2026-06-08T19:45:40Z,2026-06-08T21:45:40+0200,2c10495a-697a-4f81-9dc4-3022854a0ce3,2026-05-27T18:00:00Z,2026-05-27T20:00:00+0200,9770.09,MW,BE,BE,actual_load,Actual Load,2026-06-08T19:45:53Z
2026-06-08T19:45:40Z,2026-06-08T21:45:40+0200,2c10495a-697a-4f81-9dc4-3022854a0ce3,2026-05-27T18:15:00Z,2026-05-27T20:15:00+0200,9777.23,MW,BE,BE,actual_load,Actual Load,2026-06-08T19:45:53Z
2026-06-08T19:45:40Z,2026-06-08T21:45:40+0200,2c10495a-697a-4f81-9dc4-3022854a0ce3,2026-05-27T18:30:00Z,2026-05-27T20:30:00+0200,9589.59,MW,BE,BE,actual_load,Actual Load,2026-06-08T19:45:53Z
2026-06-08T19:45:40Z,2026-06-08T21:45:40+0200,2c10495a-697a-4f81-9dc4-3022854a0ce3,2026-05-27T18:45:00Z,2026-05-27T20:45:00+0200,9464.65,MW,BE,BE,actual_load,Actual Load,2026-06-08T19:45:53Z
2026-06-08T19:45:40Z,2026-06-08T21:45:40+0200,2c10495a-697a-4f81-9dc4-3022854a0ce3,2026-05-27T19:00:00Z,2026-05-27T21:00:00+0200,9391.52,MW,BE,BE,actual_load,Actual Load,2026-06-08T19:45:53Z
2026-06-08T19:45:40Z,2026-06-08T21:45:40+0200,2c10495a-697a-4f81-9dc4-3022854a0ce3,2026-05-27T19:15:00Z,2026-05-27T21:15:00+0200,9429.08,MW,BE,BE,actual_load,Actual Load,2026-06-08T19:45:53Z
2026-06-08T19:45:40Z,2026-06-08T21:45:40+0200,2c10495a-697a-4f81-9dc4-3022854a0ce3,2026-05-27T19:30:00Z,2026-05-27T21:30:00+0200,9496.9,MW,BE,BE,actual_load,Actual Load,2026-06-08T19:45:53Z
2026-06-08T19:45:40Z,2026-06-08T21:45:40+0200,2c10495a-697a-4f81-9dc4-3022854a0ce3,2026-05-27T19:45:00Z,2026-05-27T21:45:00+0200,9539.34,MW,BE,BE,actual_load,Actual Load,2026-06-08T19:45:53Z
2026-06-08T19:45:40Z,2026-06-08T21:45:40+0200,2c10495a-697a-4f81-9dc4-3022854a0ce3,2026-05-27T20:00:00Z,2026-05-27T22:00:00+0200,9760.55,MW,BE,BE,actual_load,Actual Load,2026-06-08T19:45:53Z
2026-06-08T19:45:40Z,2026-06-08T21:45:40+0200,2c10495a-697a-4f81-9dc4-3022854a0ce3,2026-05-27T20:15:00Z,2026-05-27T22:15:00+0200,9775.53,MW,BE,BE,actual_load,Actual Load,2026-06-08T19:45:53Z
2026-06-08T19:45:40Z,2026-06-08T21:45:40+0200,2c10495a-697a-4f81-9dc4-3022854a0ce3,2026-05-27T20:30:00Z,2026-05-27T22:30:00+0200,9611.28,MW,BE,BE,actual_load,Actual Load,2026-06-08T19:45:53Z
2026-06-08T19:45:40Z,2026-06-08T21:45:40+0200,2c10495a-697a-4f81-9dc4-3022854a0ce3,2026-05-27T20:45:00Z,2026-05-27T22:45:00+0200,9438.23,MW,BE,BE,actual_load,Actual Load,2026-06-08T19:45:53Z
2026-06-08T19:45:40Z,2026-06-08T21:45:40+0200,2c10495a-697a-4f81-9dc4-3022854a0ce3,2026-05-27T21:00:00Z,2026-05-27T23:00:00+0200,9283.09,MW,BE,BE,actual_load,Actual Load,2026-06-08T19:45:53Z
2026-06-08T19:45:40Z,2026-06-08T21:45:40+0200,2c10495a-697a-4f81-9dc4-3022854a0ce3,2026-05-27T21:15:00Z,2026-05-27T23:15:00+0200,9127.43,MW,BE,BE,actual_load,Actual Load,2026-06-08T19:45:53Z
2026-06-08T19:45:40Z,2026-06-08T21:45:40+0200,2c10495a-697a-4f81-9dc4-3022854a0ce3,2026-05-27T21:30:00Z,2026-05-27T23:30:00+0200,9055.36,MW,BE,BE,actual_load,Actual Load,2026-06-08T19:45:53Z
2026-06-08T19:45:40Z,2026-06-08T21:45:40+0200,2c10495a-697a-4f81-9dc4-3022854a0ce3,2026-05-27T21:45:00Z,2026-05-27T23:45:00+0200,8887.7,MW,BE,BE,actual_load,Actual Load,2026-06-08T19:45:53Z
2026-06-08T19:45:40Z,2026-06-08T21:45:40+0200,2c10495a-697a-4f81-9dc4-3022854a0ce3,2026-05-27T22:00:00Z,2026-05-28T00:00:00+0200,8801.04,MW,BE,BE,actual_load,Actual Load,2026-06-08T19:45:53Z
2026-06-08T19:45:40Z,2026-06-08T21:45:40+0200,2c10495a-697a-4f81-9dc4-3022854a0ce3,2026-05-27T22:15:00Z,2026-05-28T00:15:00+0200,8730.06,MW,BE,BE,actual_load,Actual Load,2026-06-08T19:45:53Z
2026-06-08T19:45:40Z,2026-06-08T21:45:40+0200,2c10495a-697a-4f81-9dc4-3022854a0ce3,2026-05-27T22:30:00Z,2026-05-28T00:30:00+0200,8550.87,MW,BE,BE,actual_load,Actual Load,2026-06-08T19:45:53Z
2026-06-08T19:45:40Z,2026-06-08T21:45:40+0200,2c10495a-697a-4f81-9dc4-3022854a0ce3,2026-05-27T22:45:00Z,2026-05-28T00:45:00+0200,8390.26,MW,BE,BE,actual_load,Actual Load,2026-06-08T19:45:53Z
2026-06-08T19:45:40Z,2026-06-08T21:45:40+0200,2c10495a-697a-4f81-9dc4-3022854a0ce3,2026-05-27T23:00:00Z,2026-05-28T01:00:00+0200,8267.34,MW,BE,BE,actual_load,Actual Load,2026-06-08T19:45:53Z
2026-06-08T19:45:40Z,2026-06-08T21:45:40+0200,2c10495a-697a-4f81-9dc4-3022854a0ce3,2026-05-27T23:15:00Z,2026-05-28T01:15:00+0200,8249.87,MW,BE,BE,actual_load,Actual Load,2026-06-08T19:45:53Z
2026-06-08T19:45:40Z,2026-06-08T21:45:40+0200,2c10495a-697a-4f81-9dc4-3022854a0ce3,2026-05-27T23:30:00Z,2026-05-28T01:30:00+0200,8158.59,MW,BE,BE,actual_load,Actual Load,2026-06-08T19:45:53Z
2026-06-08T19:45:40Z,2026-06-08T21:45:40+0200,2c10495a-697a-4f81-9dc4-3022854a0ce3,2026-05-27T23:45:00Z,2026-05-28T01:45:00+0200,8049.83,MW,BE,BE,actual_load,Actual Load,2026-06-08T19:45:53Z
2026-06-08T19:45:40Z,2026-06-08T21:45:40+0200,2c10495a-697a-4f81-9dc4-3022854a0ce3,2026-05-28T00:00:00Z,2026-05-28T02:00:00+0200,8007.33,MW,BE,BE,actual_load,Actual Load,2026-06-08T19:45:53Z
2026-06-08T19:45:40Z,2026-06-08T21:45:40+0200,2c10495a-697a-4f81-9dc4-3022854a0ce3,2026-05-28T00:15:00Z,2026-05-28T02:15:00+0200,7944.58,MW,BE,BE,actual_load,Actual Load,2026-06-08T19:45:53Z
2026-06-08T19:45:40Z,2026-06-08T21:45:40+0200,2c10495a-697a-4f81-9dc4-3022854a0ce3,2026-05-28T00:30:00Z,2026-05-28T02:30:00+0200,7944.73,MW,BE,BE,actual_load,Actual Load,2026-06-08T19:45:53Z
2026-06-08T19:45:40Z,2026-06-08T21:45:40+0200,2c10495a-697a-4f81-9dc4-3022854a0ce3,2026-05-28T00:45:00Z,2026-05-28T02:45:00+0200,7907.98,MW,BE,BE,actual_load,Actual Load,2026-06-08T19:45:53Z
2026-06-08T19:45:40Z,2026-06-08T21:45:40+0200,2c10495a-697a-4f81-9dc4-3022854a0ce3,2026-05-28T01:00:00Z,2026-05-28T03:00:00+0200,7920.75,MW,BE,BE,actual_load,Actual Load,2026-06-08T19:45:53Z
2026-06-08T19:45:40Z,2026-06-08T21:45:40+0200,2c10495a-697a-4f81-9dc4-3022854a0ce3,2026-05-28T01:15:00Z,2026-05-28T03:15:00+0200,7860.4,MW,BE,BE,actual_load,Actual Load,2026-06-08T19:45:53Z
2026-06-08T19:45:40Z,2026-06-08T21:45:40+0200,2c10495a-697a-4f81-9dc4-3022854a0ce3,2026-05-28T01:30:00Z,2026-05-28T03:30:00+0200,7871.7,MW,BE,BE,actual_load,Actual Load,2026-06-08T19:45:53Z
2026-06-08T19:45:40Z,2026-06-08T21:45:40+0200,2c10495a-697a-4f81-9dc4-3022854a0ce3,2026-05-28T01:45:00Z,2026-05-28T03:45:00+0200,7822.82,MW,BE,BE,actual_load,Actual Load,2026-06-08T19:45:53Z
2026-06-08T19:45:40Z,2026-06-08T21:45:40+0200,2c10495a-697a-4f81-9dc4-3022854a0ce3,2026-05-28T02:00:00Z,2026-05-28T04:00:00+0200,7833.99,MW,BE,BE,actual_load,Actual Load,2026-06-08T19:45:53Z
2026-06-08T19:45:40Z,2026-06-08T21:45:40+0200,2c10495a-697a-4f81-9dc4-3022854a0ce3,2026-05-28T02:15:00Z,2026-05-28T04:15:00+0200,7825.58,MW,BE,BE,actual_load,Actual Load,2026-06-08T19:45:53Z
2026-06-08T19:45:40Z,2026-06-08T21:45:40+0200,2c10495a-697a-4f81-9dc4-3022854a0ce3,2026-05-28T02:30:00Z,2026-05-28T04:30:00+0200,7860.56,MW,BE,BE,actual_load,Actual Load,2026-06-08T19:45:53Z
2026-06-08T19:45:40Z,2026-06-08T21:45:40+0200,2c10495a-697a-4f81-9dc4-3022854a0ce3,2026-05-28T02:45:00Z,2026-05-28T04:45:00+0200,7870.98,MW,BE,BE,actual_load,Actual Load,2026-06-08T19:45:53Z
2026-06-08T19:45:40Z,2026-06-08T21:45:40+0200,2c10495a-697a-4f81-9dc4-3022854a0ce3,2026-05-28T03:00:00Z,2026-05-28T05:00:00+0200,7936.6,MW,BE,BE,actual_load,Actual Load,2026-06-08T19:45:53Z
2026-06-08T19:45:40Z,2026-06-08T21:45:40+0200,2c10495a-697a-4f81-9dc4-3022854a0ce3,2026-05-28T03:15:00Z,2026-05-28T05:15:00+0200,7992.25,MW,BE,BE,actual_load,Actual Load,2026-06-08T19:45:53Z
2026-06-08T19:45:40Z,2026-06-08T21:45:40+0200,2c10495a-697a-4f81-9dc4-3022854a0ce3,2026-05-28T03:30:00Z,2026-05-28T05:30:00+0200,8039.01,MW,BE,BE,actual_load,Actual Load,2026-06-08T19:45:53Z
2026-06-08T19:45:40Z,2026-06-08T21:45:40+0200,2c10495a-697a-4f81-9dc4-3022854a0ce3,2026-05-28T03:45:00Z,2026-05-28T05:45:00+0200,8119.23,MW,BE,BE,actual_load,Actual Load,2026-06-08T19:45:53Z
2026-06-08T19:45:40Z,2026-06-08T21:45:40+0200,2c10495a-697a-4f81-9dc4-3022854a0ce3,2026-05-28T04:00:00Z,2026-05-28T06:00:00+0200,8367.48,MW,BE,BE,actual_load,Actual Load,2026-06-08T19:45:53Z
2026-06-08T19:45:40Z,2026-06-08T21:45:40+0200,2c10495a-697a-4f81-9dc4-3022854a0ce3,2026-05-28T04:15:00Z,2026-05-28T06:15:00+0200,8522.33,MW,BE,BE,actual_load,Actual Load,2026-06-08T19:45:53Z
2026-06-08T19:45:40Z,2026-06-08T21:45:40+0200,2c10495a-697a-4f81-9dc4-3022854a0ce3,2026-05-28T04:30:00Z,2026-05-28T06:30:00+0200,8734.87,MW,BE,BE,actual_load,Actual Load,2026-06-08T19:45:53Z
2026-06-08T19:45:40Z,2026-06-08T21:45:40+0200,2c10495a-697a-4f81-9dc4-3022854a0ce3,2026-05-28T04:45:00Z,2026-05-28T06:45:00+0200,9017.61,MW,BE,BE,actual_load,Actual Load,2026-06-08T19:45:53Z
2026-06-08T19:45:40Z,2026-06-08T21:45:40+0200,2c10495a-697a-4f81-9dc4-3022854a0ce3,2026-05-28T05:00:00Z,2026-05-28T07:00:00+0200,9188.99,MW,BE,BE,actual_load,Actual Load,2026-06-08T19:45:53Z
2026-06-08T19:45:40Z,2026-06-08T21:45:40+0200,2c10495a-697a-4f81-9dc4-3022854a0ce3,2026-05-28T05:15:00Z,2026-05-28T07:15:00+0200,9406.91,MW,BE,BE,actual_load,Actual Load,2026-06-08T19:45:53Z
2026-06-08T19:45:40Z,2026-06-08T21:45:40+0200,2c10495a-697a-4f81-9dc4-3022854a0ce3,2026-05-28T05:30:00Z,2026-05-28T07:30:00+0200,9524.54,MW,BE,BE,actual_load,Actual Load,2026-06-08T19:45:53Z
2026-06-08T19:45:40Z,2026-06-08T21:45:40+0200,2c10495a-697a-4f81-9dc4-3022854a0ce3,2026-05-28T05:45:00Z,2026-05-28T07:45:00+0200,9670.67,MW,BE,BE,actual_load,Actual Load,2026-06-08T19:45:53Z
2026-06-08T19:45:40Z,2026-06-08T21:45:40+0200,2c10495a-697a-4f81-9dc4-3022854a0ce3,2026-05-28T06:00:00Z,2026-05-28T08:00:00+0200,9710.03,MW,BE,BE,actual_load,Actual Load,2026-06-08T19:45:53Z
2026-06-08T19:45:40Z,2026-06-08T21:45:40+0200,2c10495a-697a-4f81-9dc4-3022854a0ce3,2026-05-28T06:15:00Z,2026-05-28T08:15:00+0200,9767.04,MW,BE,BE,actual_load,Actual Load,2026-06-08T19:45:53Z
2026-06-08T19:45:40Z,2026-06-08T21:45:40+0200,2c10495a-697a-4f81-9dc4-3022854a0ce3,2026-05-28T06:30:00Z,2026-05-28T08:30:00+0200,10133.31,MW,BE,BE,actual_load,Actual Load,2026-06-08T19:45:53Z
2026-06-08T19:45:40Z,2026-06-08T21:45:40+0200,2c10495a-697a-4f81-9dc4-3022854a0ce3,2026-05-28T06:45:00Z,2026-05-28T08:45:00+0200,10391.96,MW,BE,BE,actual_load,Actual Load,2026-06-08T19:45:53Z
2026-06-08T19:45:40Z,2026-06-08T21:45:40+0200,2c10495a-697a-4f81-9dc4-3022854a0ce3,2026-05-28T07:00:00Z,2026-05-28T09:00:00+0200,10346.09,MW,BE,BE,actual_load,Actual Load,2026-06-08T19:45:53Z
2026-06-08T19:45:40Z,2026-06-08T21:45:40+0200,2c10495a-697a-4f81-9dc4-3022854a0ce3,2026-05-28T07:15:00Z,2026-05-28T09:15:00+0200,10441.83,MW,BE,BE,actual_load,Actual Load,2026-06-08T19:45:53Z
2026-06-08T19:45:40Z,2026-06-08T21:45:40+0200,2c10495a-697a-4f81-9dc4-3022854a0ce3,2026-05-28T07:30:00Z,2026-05-28T09:30:00+0200,10725.68,MW,BE,BE,actual_load,Actual Load,2026-06-08T19:45:53Z
2026-06-08T19:45:40Z,2026-06-08T21:45:40+0200,2c10495a-697a-4f81-9dc4-3022854a0ce3,2026-05-28T07:45:00Z,2026-05-28T09:45:00+0200,10861.2,MW,BE,BE,actual_load,Actual Load,2026-06-08T19:45:53Z
2026-06-08T19:45:40Z,2026-06-08T21:45:40+0200,2c10495a-697a-4f81-9dc4-3022854a0ce3,2026-05-28T08:00:00Z,2026-05-28T10:00:00+0200,10828.98,MW,BE,BE,actual_load,Actual Load,2026-06-08T19:45:53Z
2026-06-08T19:45:40Z,2026-06-08T21:45:40+0200,2c10495a-697a-4f81-9dc4-3022854a0ce3,2026-05-28T08:15:00Z,2026-05-28T10:15:00+0200,10847.86,MW,BE,BE,actual_load,Actual Load,2026-06-08T19:45:53Z
2026-06-08T19:45:40Z,2026-06-08T21:45:40+0200,2c10495a-697a-4f81-9dc4-3022854a0ce3,2026-05-28T08:30:00Z,2026-05-28T10:30:00+0200,10990.85,MW,BE,BE,actual_load,Actual Load,2026-06-08T19:45:53Z
2026-06-08T19:45:40Z,2026-06-08T21:45:40+0200,2c10495a-697a-4f81-9dc4-3022854a0ce3,2026-05-28T08:45:00Z,2026-05-28T10:45:00+0200,10990.23,MW,BE,BE,actual_load,Actual Load,2026-06-08T19:45:53Z
2026-06-08T19:45:40Z,2026-06-08T21:45:40+0200,2c10495a-697a-4f81-9dc4-3022854a0ce3,2026-05-28T09:00:00Z,2026-05-28T11:00:00+0200,11056.09,MW,BE,BE,actual_load,Actual Load,2026-06-08T19:45:53Z
2026-06-08T19:45:40Z,2026-06-08T21:45:40+0200,2c10495a-697a-4f81-9dc4-3022854a0ce3,2026-05-28T09:15:00Z,2026-05-28T11:15:00+0200,11257.77,MW,BE,BE,actual_load,Actual Load,2026-06-08T19:45:53Z
2026-06-08T19:45:40Z,2026-06-08T21:45:40+0200,2c10495a-697a-4f81-9dc4-3022854a0ce3,2026-05-28T09:30:00Z,2026-05-28T11:30:00+0200,11382.19,MW,BE,BE,actual_load,Actual Load,2026-06-08T19:45:53Z
2026-06-08T19:45:40Z,2026-06-08T21:45:40+0200,2c10495a-697a-4f81-9dc4-3022854a0ce3,2026-05-28T09:45:00Z,2026-05-28T11:45:00+0200,11399.14,MW,BE,BE,actual_load,Actual Load,2026-06-08T19:45:53Z
2026-06-08T19:45:40Z,2026-06-08T21:45:40+0200,2c10495a-697a-4f81-9dc4-3022854a0ce3,2026-05-28T10:00:00Z,2026-05-28T12:00:00+0200,11397.9,MW,BE,BE,actual_load,Actual Load,2026-06-08T19:45:53Z
2026-06-08T19:45:40Z,2026-06-08T21:45:40+0200,2c10495a-697a-4f81-9dc4-3022854a0ce3,2026-05-28T10:15:00Z,2026-05-28T12:15:00+0200,11541.02,MW,BE,BE,actual_load,Actual Load,2026-06-08T19:45:53Z
2026-06-08T19:45:40Z,2026-06-08T21:45:40+0200,2c10495a-697a-4f81-9dc4-3022854a0ce3,2026-05-28T10:30:00Z,2026-05-28T12:30:00+0200,11564.61,MW,BE,BE,actual_load,Actual Load,2026-06-08T19:45:53Z
2026-06-08T19:45:40Z,2026-06-08T21:45:40+0200,2c10495a-697a-4f81-9dc4-3022854a0ce3,2026-05-28T10:45:00Z,2026-05-28T12:45:00+0200,11597.32,MW,BE,BE,actual_load,Actual Load,2026-06-08T19:45:53Z
2026-06-08T19:45:40Z,2026-06-08T21:45:40+0200,2c10495a-697a-4f81-9dc4-3022854a0ce3,2026-05-28T11:00:00Z,2026-05-28T13:00:00+0200,11644.95,MW,BE,BE,actual_load,Actual Load,2026-06-08T19:45:53Z
2026-06-08T19:45:40Z,2026-06-08T21:45:40+0200,2c10495a-697a-4f81-9dc4-3022854a0ce3,2026-05-28T11:15:00Z,2026-05-28T13:15:00+0200,11605.0,MW,BE,BE,actual_load,Actual Load,2026-06-08T19:45:53Z
2026-06-08T19:45:40Z,2026-06-08T21:45:40+0200,2c10495a-697a-4f81-9dc4-3022854a0ce3,2026-05-28T11:30:00Z,2026-05-28T13:30:00+0200,11614.45,MW,BE,BE,actual_load,Actual Load,2026-06-08T19:45:53Z
2026-06-08T19:45:40Z,2026-06-08T21:45:40+0200,2c10495a-697a-4f81-9dc4-3022854a0ce3,2026-05-28T11:45:00Z,2026-05-28T13:45:00+0200,11585.7,MW,BE,BE,actual_load,Actual Load,2026-06-08T19:45:53Z
2026-06-08T19:45:40Z,2026-06-08T21:45:40+0200,2c10495a-697a-4f81-9dc4-3022854a0ce3,2026-05-28T12:00:00Z,2026-05-28T14:00:00+0200,11580.68,MW,BE,BE,actual_load,Actual Load,2026-06-08T19:45:53Z
2026-06-08T19:45:40Z,2026-06-08T21:45:40+0200,2c10495a-697a-4f81-9dc4-3022854a0ce3,2026-05-28T12:15:00Z,2026-05-28T14:15:00+0200,11543.05,MW,BE,BE,actual_load,Actual Load,2026-06-08T19:45:53Z
2026-06-08T19:45:40Z,2026-06-08T21:45:40+0200,2c10495a-697a-4f81-9dc4-3022854a0ce3,2026-05-28T12:30:00Z,2026-05-28T14:30:00+0200,11320.3,MW,BE,BE,actual_load,Actual Load,2026-06-08T19:45:53Z
2026-06-08T19:45:40Z,2026-06-08T21:45:40+0200,2c10495a-697a-4f81-9dc4-3022854a0ce3,2026-05-28T12:45:00Z,2026-05-28T14:45:00+0200,11297.32,MW,BE,BE,actual_load,Actual Load,2026-06-08T19:45:53Z
2026-06-08T19:45:40Z,2026-06-08T21:45:40+0200,2c10495a-697a-4f81-9dc4-3022854a0ce3,2026-05-28T13:00:00Z,2026-05-28T15:00:00+0200,11337.93,MW,BE,BE,actual_load,Actual Load,2026-06-08T19:45:53Z
2026-06-08T19:45:40Z,2026-06-08T21:45:40+0200,2c10495a-697a-4f81-9dc4-3022854a0ce3,2026-05-28T13:15:00Z,2026-05-28T15:15:00+0200,11194.94,MW,BE,BE,actual_load,Actual Load,2026-06-08T19:45:53Z
2026-06-08T19:45:40Z,2026-06-08T21:45:40+0200,2c10495a-697a-4f81-9dc4-3022854a0ce3,2026-05-28T13:30:00Z,2026-05-28T15:30:00+0200,11062.42,MW,BE,BE,actual_load,Actual Load,2026-06-08T19:45:53Z
2026-06-08T19:45:40Z,2026-06-08T21:45:40+0200,2c10495a-697a-4f81-9dc4-3022854a0ce3,2026-05-28T13:45:00Z,2026-05-28T15:45:00+0200,10962.67,MW,BE,BE,actual_load,Actual Load,2026-06-08T19:45:53Z
2026-06-08T19:45:40Z,2026-06-08T21:45:40+0200,2c10495a-697a-4f81-9dc4-3022854a0ce3,2026-05-28T14:00:00Z,2026-05-28T16:00:00+0200,10915.81,MW,BE,BE,actual_load,Actual Load,2026-06-08T19:45:53Z
2026-06-08T19:45:40Z,2026-06-08T21:45:40+0200,2c10495a-697a-4f81-9dc4-3022854a0ce3,2026-05-28T14:15:00Z,2026-05-28T16:15:00+0200,10816.32,MW,BE,BE,actual_load,Actual Load,2026-06-08T19:45:53Z
2026-06-08T19:45:40Z,2026-06-08T21:45:40+0200,2c10495a-697a-4f81-9dc4-3022854a0ce3,2026-05-28T14:30:00Z,2026-05-28T16:30:00+0200,10482.08,MW,BE,BE,actual_load,Actual Load,2026-06-08T19:45:53Z
2026-06-08T19:45:40Z,2026-06-08T21:45:40+0200,2c10495a-697a-4f81-9dc4-3022854a0ce3,2026-05-28T14:45:00Z,2026-05-28T16:45:00+0200,10206.55,MW,BE,BE,actual_load,Actual Load,2026-06-08T19:45:53Z
2026-06-08T19:45:40Z,2026-06-08T21:45:40+0200,2c10495a-697a-4f81-9dc4-3022854a0ce3,2026-05-28T15:00:00Z,2026-05-28T17:00:00+0200,10218.97,MW,BE,BE,actual_load,Actual Load,2026-06-08T19:45:53Z
2026-06-08T19:45:40Z,2026-06-08T21:45:40+0200,2c10495a-697a-4f81-9dc4-3022854a0ce3,2026-05-28T15:15:00Z,2026-05-28T17:15:00+0200,10216.81,MW,BE,BE,actual_load,Actual Load,2026-06-08T19:45:53Z
2026-06-08T19:45:40Z,2026-06-08T21:45:40+0200,2c10495a-697a-4f81-9dc4-3022854a0ce3,2026-05-28T15:30:00Z,2026-05-28T17:30:00+0200,10275.1,MW,BE,BE,actual_load,Actual Load,2026-06-08T19:45:53Z
2026-06-08T19:45:40Z,2026-06-08T21:45:40+0200,2c10495a-697a-4f81-9dc4-3022854a0ce3,2026-05-28T15:45:00Z,2026-05-28T17:45:00+0200,10206.81,MW,BE,BE,actual_load,Actual Load,2026-06-08T19:45:53Z
2026-06-08T19:45:40Z,2026-06-08T21:45:40+0200,2c10495a-697a-4f81-9dc4-3022854a0ce3,2026-05-28T16:00:00Z,2026-05-28T18:00:00+0200,10072.16,MW,BE,BE,actual_load,Actual Load,2026-06-08T19:45:53Z
2026-06-08T19:45:40Z,2026-06-08T21:45:40+0200,2c10495a-697a-4f81-9dc4-3022854a0ce3,2026-05-28T16:15:00Z,2026-05-28T18:15:00+0200,9902.85,MW,BE,BE,actual_load,Actual Load,2026-06-08T19:45:53Z
2026-06-08T19:45:40Z,2026-06-08T21:45:40+0200,2c10495a-697a-4f81-9dc4-3022854a0ce3,2026-05-28T16:30:00Z,2026-05-28T18:30:00+0200,9871.55,MW,BE,BE,actual_load,Actual Load,2026-06-08T19:45:53Z
2026-06-08T19:45:40Z,2026-06-08T21:45:40+0200,2c10495a-697a-4f81-9dc4-3022854a0ce3,2026-05-28T16:45:00Z,2026-05-28T18:45:00+0200,9901.69,MW,BE,BE,actual_load,Actual Load,2026-06-08T19:45:53Z
2026-06-08T19:45:40Z,2026-06-08T21:45:40+0200,2c10495a-697a-4f81-9dc4-3022854a0ce3,2026-05-28T17:00:00Z,2026-05-28T19:00:00+0200,10032.67,MW,BE,BE,actual_load,Actual Load,2026-06-08T19:45:53Z
2026-06-08T19:45:40Z,2026-06-08T21:45:40+0200,2c10495a-697a-4f81-9dc4-3022854a0ce3,2026-05-28T17:15:00Z,2026-05-28T19:15:00+0200,9957.19,MW,BE,BE,actual_load,Actual Load,2026-06-08T19:45:53Z
2026-06-08T19:45:40Z,2026-06-08T21:45:40+0200,2c10495a-697a-4f81-9dc4-3022854a0ce3,2026-05-28T17:30:00Z,2026-05-28T19:30:00+0200,9807.33,MW,BE,BE,actual_load,Actual Load,2026-06-08T19:45:53Z
2026-06-08T19:45:40Z,2026-06-08T21:45:40+0200,2c10495a-697a-4f81-9dc4-3022854a0ce3,2026-05-28T17:45:00Z,2026-05-28T19:45:00+0200,9726.16,MW,BE,BE,actual_load,Actual Load,2026-06-08T19:45:53Z
2026-06-08T19:45:40Z,2026-06-08T21:45:40+0200,2c10495a-697a-4f81-9dc4-3022854a0ce3,2026-05-28T18:00:00Z,2026-05-28T20:00:00+0200,9673.96,MW,BE,BE,actual_load,Actual Load,2026-06-08T19:45:53Z
2026-06-08T19:45:40Z,2026-06-08T21:45:40+0200,2c10495a-697a-4f81-9dc4-3022854a0ce3,2026-05-28T18:15:00Z,2026-05-28T20:15:00+0200,9561.21,MW,BE,BE,actual_load,Actual Load,2026-06-08T19:45:53Z
2026-06-08T19:45:40Z,2026-06-08T21:45:40+0200,2c10495a-697a-4f81-9dc4-3022854a0ce3,2026-05-28T18:30:00Z,2026-05-28T20:30:00+0200,9447.87,MW,BE,BE,actual_load,Actual Load,2026-06-08T19:45:53Z
2026-06-08T19:45:40Z,2026-06-08T21:45:40+0200,2c10495a-697a-4f81-9dc4-3022854a0ce3,2026-05-28T18:45:00Z,2026-05-28T20:45:00+0200,9311.84,MW,BE,BE,actual_load,Actual Load,2026-06-08T19:45:53Z
2026-06-08T19:45:40Z,2026-06-08T21:45:40+0200,2c10495a-697a-4f81-9dc4-3022854a0ce3,2026-05-28T19:00:00Z,2026-05-28T21:00:00+0200,9293.39,MW,BE,BE,actual_load,Actual Load,2026-06-08T19:45:53Z
2026-06-08T19:45:40Z,2026-06-08T21:45:40+0200,2c10495a-697a-4f81-9dc4-3022854a0ce3,2026-05-28T19:15:00Z,2026-05-28T21:15:00+0200,9224.74,MW,BE,BE,actual_load,Actual Load,2026-06-08T19:45:53Z
2026-06-08T19:45:40Z,2026-06-08T21:45:40+0200,2c10495a-697a-4f81-9dc4-3022854a0ce3,2026-05-28T19:30:00Z,2026-05-28T21:30:00+0200,9162.15,MW,BE,BE,actual_load,Actual Load,2026-06-08T19:45:53Z
2026-06-08T19:45:40Z,2026-06-08T21:45:40+0200,2c10495a-697a-4f81-9dc4-3022854a0ce3,2026-05-28T19:45:00Z,2026-05-28T21:45:00+0200,9270.97,MW,BE,BE,actual_load,Actual Load,2026-06-08T19:45:53Z
2026-06-08T19:45:40Z,2026-06-08T21:45:40+0200,2c10495a-697a-4f81-9dc4-3022854a0ce3,2026-05-28T20:00:00Z,2026-05-28T22:00:00+0200,9356.25,MW,BE,BE,actual_load,Actual Load,2026-06-08T19:45:53Z
2026-06-08T19:45:40Z,2026-06-08T21:45:40+0200,2c10495a-697a-4f81-9dc4-3022854a0ce3,2026-05-28T20:15:00Z,2026-05-28T22:15:00+0200,9312.27,MW,BE,BE,actual_load,Actual Load,2026-06-08T19:45:53Z
2026-06-08T19:45:40Z,2026-06-08T21:45:40+0200,2c10495a-697a-4f81-9dc4-3022854a0ce3,2026-05-28T20:30:00Z,2026-05-28T22:30:00+0200,9350.71,MW,BE,BE,actual_load,Actual Load,2026-06-08T19:45:53Z
2026-06-08T19:45:40Z,2026-06-08T21:45:40+0200,2c10495a-697a-4f81-9dc4-3022854a0ce3,2026-05-28T20:45:00Z,2026-05-28T22:45:00+0200,9296.51,MW,BE,BE,actual_load,Actual Load,2026-06-08T19:45:53Z
2026-06-08T19:45:40Z,2026-06-08T21:45:40+0200,2c10495a-697a-4f81-9dc4-3022854a0ce3,2026-05-28T21:00:00Z,2026-05-28T23:00:00+0200,9366.19,MW,BE,BE,actual_load,Actual Load,2026-06-08T19:45:53Z
2026-06-08T19:45:40Z,2026-06-08T21:45:40+0200,2c10495a-697a-4f81-9dc4-3022854a0ce3,2026-05-28T21:15:00Z,2026-05-28T23:15:00+0200,9150.9,MW,BE,BE,actual_load,Actual Load,2026-06-08T19:45:53Z
2026-06-08T19:45:40Z,2026-06-08T21:45:40+0200,2c10495a-697a-4f81-9dc4-3022854a0ce3,2026-05-28T21:30:00Z,2026-05-28T23:30:00+0200,9052.22,MW,BE,BE,actual_load,Actual Load,2026-06-08T19:45:53Z
2026-06-08T19:45:40Z,2026-06-08T21:45:40+0200,2c10495a-697a-4f81-9dc4-3022854a0ce3,2026-05-28T21:45:00Z,2026-05-28T23:45:00+0200,8953.82,MW,BE,BE,actual_load,Actual Load,2026-06-08T19:45:53Z
2026-06-08T19:45:40Z,2026-06-08T21:45:40+0200,2c10495a-697a-4f81-9dc4-3022854a0ce3,2026-05-28T22:00:00Z,2026-05-29T00:00:00+0200,8799.46,MW,BE,BE,actual_load,Actual Load,2026-06-08T19:45:53Z
2026-06-08T19:45:40Z,2026-06-08T21:45:40+0200,2c10495a-697a-4f81-9dc4-3022854a0ce3,2026-05-28T22:15:00Z,2026-05-29T00:15:00+0200,8646.45,MW,BE,BE,actual_load,Actual Load,2026-06-08T19:45:53Z
2026-06-08T19:45:40Z,2026-06-08T21:45:40+0200,2c10495a-697a-4f81-9dc4-3022854a0ce3,2026-05-28T22:30:00Z,2026-05-29T00:30:00+0200,8554.06,MW,BE,BE,actual_load,Actual Load,2026-06-08T19:45:53Z
2026-06-08T19:45:40Z,2026-06-08T21:45:40+0200,2c10495a-697a-4f81-9dc4-3022854a0ce3,2026-05-28T22:45:00Z,2026-05-29T00:45:00+0200,8448.52,MW,BE,BE,actual_load,Actual Load,2026-06-08T19:45:53Z
2026-06-08T19:45:40Z,2026-06-08T21:45:40+0200,2c10495a-697a-4f81-9dc4-3022854a0ce3,2026-05-28T23:00:00Z,2026-05-29T01:00:00+0200,8395.88,MW,BE,BE,actual_load,Actual Load,2026-06-08T19:45:53Z
2026-06-08T19:45:40Z,2026-06-08T21:45:40+0200,2c10495a-697a-4f81-9dc4-3022854a0ce3,2026-05-28T23:15:00Z,2026-05-29T01:15:00+0200,8358.14,MW,BE,BE,actual_load,Actual Load,2026-06-08T19:45:53Z
2026-06-08T19:45:40Z,2026-06-08T21:45:40+0200,2c10495a-697a-4f81-9dc4-3022854a0ce3,2026-05-28T23:30:00Z,2026-05-29T01:30:00+0200,8303.74,MW,BE,BE,actual_load,Actual Load,2026-06-08T19:45:53Z
2026-06-08T19:45:40Z,2026-06-08T21:45:40+0200,2c10495a-697a-4f81-9dc4-3022854a0ce3,2026-05-28T23:45:00Z,2026-05-29T01:45:00+0200,8257.35,MW,BE,BE,actual_load,Actual Load,2026-06-08T19:45:53Z
2026-06-08T19:45:40Z,2026-06-08T21:45:40+0200,2c10495a-697a-4f81-9dc4-3022854a0ce3,2026-05-29T00:00:00Z,2026-05-29T02:00:00+0200,8235.64,MW,BE,BE,actual_load,Actual Load,2026-06-08T19:45:53Z
2026-06-08T19:45:40Z,2026-06-08T21:45:40+0200,2c10495a-697a-4f81-9dc4-3022854a0ce3,2026-05-29T00:15:00Z,2026-05-29T02:15:00+0200,8116.96,MW,BE,BE,actual_load,Actual Load,2026-06-08T19:45:53Z
2026-06-08T19:45:40Z,2026-06-08T21:45:40+0200,2c10495a-697a-4f81-9dc4-3022854a0ce3,2026-05-29T00:30:00Z,2026-05-29T02:30:00+0200,8109.06,MW,BE,BE,actual_load,Actual Load,2026-06-08T19:45:53Z
2026-06-08T19:45:40Z,2026-06-08T21:45:40+0200,2c10495a-697a-4f81-9dc4-3022854a0ce3,2026-05-29T00:45:00Z,2026-05-29T02:45:00+0200,8100.68,MW,BE,BE,actual_load,Actual Load,2026-06-08T19:45:53Z
2026-06-08T19:45:40Z,2026-06-08T21:45:40+0200,2c10495a-697a-4f81-9dc4-3022854a0ce3,2026-05-29T01:00:00Z,2026-05-29T03:00:00+0200,8053.03,MW,BE,BE,actual_load,Actual Load,2026-06-08T19:45:53Z
2026-06-08T19:45:40Z,2026-06-08T21:45:40+0200,2c10495a-697a-4f81-9dc4-3022854a0ce3,2026-05-29T01:15:00Z,2026-05-29T03:15:00+0200,7963.89,MW,BE,BE,actual_load,Actual Load,2026-06-08T19:45:53Z
2026-06-08T19:45:40Z,2026-06-08T21:45:40+0200,2c10495a-697a-4f81-9dc4-3022854a0ce3,2026-05-29T01:30:00Z,2026-05-29T03:30:00+0200,7887.36,MW,BE,BE,actual_load,Actual Load,2026-06-08T19:45:53Z
2026-06-08T19:45:40Z,2026-06-08T21:45:40+0200,2c10495a-697a-4f81-9dc4-3022854a0ce3,2026-05-29T01:45:00Z,2026-05-29T03:45:00+0200,7860.69,MW,BE,BE,actual_load,Actual Load,2026-06-08T19:45:53Z
2026-06-08T19:45:40Z,2026-06-08T21:45:40+0200,2c10495a-697a-4f81-9dc4-3022854a0ce3,2026-05-29T02:00:00Z,2026-05-29T04:00:00+0200,7902.78,MW,BE,BE,actual_load,Actual Load,2026-06-08T19:45:53Z
2026-06-08T19:45:40Z,2026-06-08T21:45:40+0200,2c10495a-697a-4f81-9dc4-3022854a0ce3,2026-05-29T02:15:00Z,2026-05-29T04:15:00+0200,7911.99,MW,BE,BE,actual_load,Actual Load,2026-06-08T19:45:53Z
2026-06-08T19:45:40Z,2026-06-08T21:45:40+0200,2c10495a-697a-4f81-9dc4-3022854a0ce3,2026-05-29T02:30:00Z,2026-05-29T04:30:00+0200,7943.52,MW,BE,BE,actual_load,Actual Load,2026-06-08T19:45:53Z
2026-06-08T19:45:40Z,2026-06-08T21:45:40+0200,2c10495a-697a-4f81-9dc4-3022854a0ce3,2026-05-29T02:45:00Z,2026-05-29T04:45:00+0200,8010.98,MW,BE,BE,actual_load,Actual Load,2026-06-08T19:45:53Z
2026-06-08T19:45:40Z,2026-06-08T21:45:40+0200,2c10495a-697a-4f81-9dc4-3022854a0ce3,2026-05-29T03:00:00Z,2026-05-29T05:00:00+0200,8233.92,MW,BE,BE,actual_load,Actual Load,2026-06-08T19:45:53Z
2026-06-08T19:45:40Z,2026-06-08T21:45:40+0200,2c10495a-697a-4f81-9dc4-3022854a0ce3,2026-05-29T03:15:00Z,2026-05-29T05:15:00+0200,8218.7,MW,BE,BE,actual_load,Actual Load,2026-06-08T19:45:53Z
2026-06-08T19:45:40Z,2026-06-08T21:45:40+0200,2c10495a-697a-4f81-9dc4-3022854a0ce3,2026-05-29T03:30:00Z,2026-05-29T05:30:00+0200,8248.78,MW,BE,BE,actual_load,Actual Load,2026-06-08T19:45:53Z
2026-06-08T19:45:40Z,2026-06-08T21:45:40+0200,2c10495a-697a-4f81-9dc4-3022854a0ce3,2026-05-29T03:45:00Z,2026-05-29T05:45:00+0200,8320.88,MW,BE,BE,actual_load,Actual Load,2026-06-08T19:45:53Z
2026-06-08T19:45:40Z,2026-06-08T21:45:40+0200,2c10495a-697a-4f81-9dc4-3022854a0ce3,2026-05-29T04:00:00Z,2026-05-29T06:00:00+0200,8437.67,MW,BE,BE,actual_load,Actual Load,2026-06-08T19:45:53Z
2026-06-08T19:45:40Z,2026-06-08T21:45:40+0200,2c10495a-697a-4f81-9dc4-3022854a0ce3,2026-05-29T04:15:00Z,2026-05-29T06:15:00+0200,8581.23,MW,BE,BE,actual_load,Actual Load,2026-06-08T19:45:53Z
2026-06-08T19:45:40Z,2026-06-08T21:45:40+0200,2c10495a-697a-4f81-9dc4-3022854a0ce3,2026-05-29T04:30:00Z,2026-05-29T06:30:00+0200,8852.09,MW,BE,BE,actual_load,Actual Load,2026-06-08T19:45:53Z
2026-06-08T19:45:40Z,2026-06-08T21:45:40+0200,2c10495a-697a-4f81-9dc4-3022854a0ce3,2026-05-29T04:45:00Z,2026-05-29T06:45:00+0200,8955.78,MW,BE,BE,actual_load,Actual Load,2026-06-08T19:45:53Z
2026-06-08T19:45:40Z,2026-06-08T21:45:40+0200,2c10495a-697a-4f81-9dc4-3022854a0ce3,2026-05-29T05:00:00Z,2026-05-29T07:00:00+0200,9235.83,MW,BE,BE,actual_load,Actual Load,2026-06-08T19:45:53Z
2026-06-08T19:45:40Z,2026-06-08T21:45:40+0200,2c10495a-697a-4f81-9dc4-3022854a0ce3,2026-05-29T05:15:00Z,2026-05-29T07:15:00+0200,9616.98,MW,BE,BE,actual_load,Actual Load,2026-06-08T19:45:53Z
2026-06-08T19:45:40Z,2026-06-08T21:45:40+0200,2c10495a-697a-4f81-9dc4-3022854a0ce3,2026-05-29T05:30:00Z,2026-05-29T07:30:00+0200,9806.66,MW,BE,BE,actual_load,Actual Load,2026-06-08T19:45:53Z
2026-06-08T19:45:40Z,2026-06-08T21:45:40+0200,2c10495a-697a-4f81-9dc4-3022854a0ce3,2026-05-29T05:45:00Z,2026-05-29T07:45:00+0200,9870.48,MW,BE,BE,actual_load,Actual Load,2026-06-08T19:45:53Z
2026-06-08T19:45:40Z,2026-06-08T21:45:40+0200,2c10495a-697a-4f81-9dc4-3022854a0ce3,2026-05-29T06:00:00Z,2026-05-29T08:00:00+0200,10095.4,MW,BE,BE,actual_load,Actual Load,2026-06-08T19:45:53Z
2026-06-08T19:45:40Z,2026-06-08T21:45:40+0200,2c10495a-697a-4f81-9dc4-3022854a0ce3,2026-05-29T06:15:00Z,2026-05-29T08:15:00+0200,10361.3,MW,BE,BE,actual_load,Actual Load,2026-06-08T19:45:53Z
2026-06-08T19:45:40Z,2026-06-08T21:45:40+0200,2c10495a-697a-4f81-9dc4-3022854a0ce3,2026-05-29T06:30:00Z,2026-05-29T08:30:00+0200,10618.4,MW,BE,BE,actual_load,Actual Load,2026-06-08T19:45:53Z
2026-06-08T19:45:40Z,2026-06-08T21:45:40+0200,2c10495a-697a-4f81-9dc4-3022854a0ce3,2026-05-29T06:45:00Z,2026-05-29T08:45:00+0200,10726.06,MW,BE,BE,actual_load,Actual Load,2026-06-08T19:45:53Z
2026-06-08T19:45:40Z,2026-06-08T21:45:40+0200,2c10495a-697a-4f81-9dc4-3022854a0ce3,2026-05-29T07:00:00Z,2026-05-29T09:00:00+0200,10914.24,MW,BE,BE,actual_load,Actual Load,2026-06-08T19:45:53Z
2026-06-08T19:45:40Z,2026-06-08T21:45:40+0200,2c10495a-697a-4f81-9dc4-3022854a0ce3,2026-05-29T07:15:00Z,2026-05-29T09:15:00+0200,11104.33,MW,BE,BE,actual_load,Actual Load,2026-06-08T19:45:53Z
2026-06-08T19:45:40Z,2026-06-08T21:45:40+0200,2c10495a-697a-4f81-9dc4-3022854a0ce3,2026-05-29T07:30:00Z,2026-05-29T09:30:00+0200,11043.35,MW,BE,BE,actual_load,Actual Load,2026-06-08T19:45:53Z
2026-06-08T19:45:40Z,2026-06-08T21:45:40+0200,2c10495a-697a-4f81-9dc4-3022854a0ce3,2026-05-29T07:45:00Z,2026-05-29T09:45:00+0200,11062.42,MW,BE,BE,actual_load,Actual Load,2026-06-08T19:45:53Z
2026-06-08T19:45:40Z,2026-06-08T21:45:40+0200,2c10495a-697a-4f81-9dc4-3022854a0ce3,2026-05-29T08:00:00Z,2026-05-29T10:00:00+0200,11192.66,MW,BE,BE,actual_load,Actual Load,2026-06-08T19:45:53Z
2026-06-08T19:45:40Z,2026-06-08T21:45:40+0200,2c10495a-697a-4f81-9dc4-3022854a0ce3,2026-05-29T08:15:00Z,2026-05-29T10:15:00+0200,11310.48,MW,BE,BE,actual_load,Actual Load,2026-06-08T19:45:53Z
2026-06-08T19:45:40Z,2026-06-08T21:45:40+0200,2c10495a-697a-4f81-9dc4-3022854a0ce3,2026-05-29T08:30:00Z,2026-05-29T10:30:00+0200,11476.76,MW,BE,BE,actual_load,Actual Load,2026-06-08T19:45:53Z
2026-06-08T19:45:40Z,2026-06-08T21:45:40+0200,2c10495a-697a-4f81-9dc4-3022854a0ce3,2026-05-29T08:45:00Z,2026-05-29T10:45:00+0200,11556.4,MW,BE,BE,actual_load,Actual Load,2026-06-08T19:45:53Z
2026-06-08T19:45:40Z,2026-06-08T21:45:40+0200,2c10495a-697a-4f81-9dc4-3022854a0ce3,2026-05-29T09:00:00Z,2026-05-29T11:00:00+0200,11552.17,MW,BE,BE,actual_load,Actual Load,2026-06-08T19:45:53Z
2026-06-08T19:45:40Z,2026-06-08T21:45:40+0200,2c10495a-697a-4f81-9dc4-3022854a0ce3,2026-05-29T09:15:00Z,2026-05-29T11:15:00+0200,11675.84,MW,BE,BE,actual_load,Actual Load,2026-06-08T19:45:53Z
2026-06-08T19:45:40Z,2026-06-08T21:45:40+0200,2c10495a-697a-4f81-9dc4-3022854a0ce3,2026-05-29T09:30:00Z,2026-05-29T11:30:00+0200,11635.31,MW,BE,BE,actual_load,Actual Load,2026-06-08T19:45:53Z
2026-06-08T19:45:40Z,2026-06-08T21:45:40+0200,2c10495a-697a-4f81-9dc4-3022854a0ce3,2026-05-29T09:45:00Z,2026-05-29T11:45:00+0200,11600.02,MW,BE,BE,actual_load,Actual Load,2026-06-08T19:45:53Z
2026-06-08T19:45:40Z,2026-06-08T21:45:40+0200,2c10495a-697a-4f81-9dc4-3022854a0ce3,2026-05-29T10:00:00Z,2026-05-29T12:00:00+0200,11688.81,MW,BE,BE,actual_load,Actual Load,2026-06-08T19:45:53Z
2026-06-08T19:45:40Z,2026-06-08T21:45:40+0200,2c10495a-697a-4f81-9dc4-3022854a0ce3,2026-05-29T10:15:00Z,2026-05-29T12:15:00+0200,11537.86,MW,BE,BE,actual_load,Actual Load,2026-06-08T19:45:53Z
2026-06-08T19:45:40Z,2026-06-08T21:45:40+0200,2c10495a-697a-4f81-9dc4-3022854a0ce3,2026-05-29T10:30:00Z,2026-05-29T12:30:00+0200,11497.27,MW,BE,BE,actual_load,Actual Load,2026-06-08T19:45:53Z
2026-06-08T19:45:40Z,2026-06-08T21:45:40+0200,2c10495a-697a-4f81-9dc4-3022854a0ce3,2026-05-29T10:45:00Z,2026-05-29T12:45:00+0200,11705.48,MW,BE,BE,actual_load,Actual Load,2026-06-08T19:45:53Z
2026-06-08T19:45:40Z,2026-06-08T21:45:40+0200,2c10495a-697a-4f81-9dc4-3022854a0ce3,2026-05-29T11:00:00Z,2026-05-29T13:00:00+0200,11716.51,MW,BE,BE,actual_load,Actual Load,2026-06-08T19:45:53Z
2026-06-08T19:45:40Z,2026-06-08T21:45:40+0200,2c10495a-697a-4f81-9dc4-3022854a0ce3,2026-05-29T11:15:00Z,2026-05-29T13:15:00+0200,11913.37,MW,BE,BE,actual_load,Actual Load,2026-06-08T19:45:53Z
2026-06-08T19:45:40Z,2026-06-08T21:45:40+0200,2c10495a-697a-4f81-9dc4-3022854a0ce3,2026-05-29T11:30:00Z,2026-05-29T13:30:00+0200,11634.04,MW,BE,BE,actual_load,Actual Load,2026-06-08T19:45:53Z
2026-06-08T19:45:40Z,2026-06-08T21:45:40+0200,2c10495a-697a-4f81-9dc4-3022854a0ce3,2026-05-29T11:45:00Z,2026-05-29T13:45:00+0200,11570.9,MW,BE,BE,actual_load,Actual Load,2026-06-08T19:45:53Z
2026-06-08T19:45:40Z,2026-06-08T21:45:40+0200,2c10495a-697a-4f81-9dc4-3022854a0ce3,2026-05-29T12:00:00Z,2026-05-29T14:00:00+0200,11505.99,MW,BE,BE,actual_load,Actual Load,2026-06-08T19:45:53Z
2026-06-08T19:45:40Z,2026-06-08T21:45:40+0200,2c10495a-697a-4f81-9dc4-3022854a0ce3,2026-05-29T12:15:00Z,2026-05-29T14:15:00+0200,11387.91,MW,BE,BE,actual_load,Actual Load,2026-06-08T19:45:53Z
2026-06-08T19:45:40Z,2026-06-08T21:45:40+0200,2c10495a-697a-4f81-9dc4-3022854a0ce3,2026-05-29T12:30:00Z,2026-05-29T14:30:00+0200,11325.52,MW,BE,BE,actual_load,Actual Load,2026-06-08T19:45:53Z
2026-06-08T19:45:40Z,2026-06-08T21:45:40+0200,2c10495a-697a-4f81-9dc4-3022854a0ce3,2026-05-29T12:45:00Z,2026-05-29T14:45:00+0200,11151.14,MW,BE,BE,actual_load,Actual Load,2026-06-08T19:45:53Z
2026-06-08T19:45:40Z,2026-06-08T21:45:40+0200,2c10495a-697a-4f81-9dc4-3022854a0ce3,2026-05-29T13:00:00Z,2026-05-29T15:00:00+0200,10944.79,MW,BE,BE,actual_load,Actual Load,2026-06-08T19:45:53Z
2026-06-08T19:45:40Z,2026-06-08T21:45:40+0200,2c10495a-697a-4f81-9dc4-3022854a0ce3,2026-05-29T13:15:00Z,2026-05-29T15:15:00+0200,10892.61,MW,BE,BE,actual_load,Actual Load,2026-06-08T19:45:53Z
2026-06-08T19:45:40Z,2026-06-08T21:45:40+0200,2c10495a-697a-4f81-9dc4-3022854a0ce3,2026-05-29T13:30:00Z,2026-05-29T15:30:00+0200,10630.04,MW,BE,BE,actual_load,Actual Load,2026-06-08T19:45:53Z
2026-06-08T19:45:40Z,2026-06-08T21:45:40+0200,2c10495a-697a-4f81-9dc4-3022854a0ce3,2026-05-29T13:45:00Z,2026-05-29T15:45:00+0200,10543.7,MW,BE,BE,actual_load,Actual Load,2026-06-08T19:45:53Z
2026-06-08T19:45:40Z,2026-06-08T21:45:40+0200,2c10495a-697a-4f81-9dc4-3022854a0ce3,2026-05-29T14:00:00Z,2026-05-29T16:00:00+0200,10713.05,MW,BE,BE,actual_load,Actual Load,2026-06-08T19:45:53Z
2026-06-08T19:45:40Z,2026-06-08T21:45:40+0200,2c10495a-697a-4f81-9dc4-3022854a0ce3,2026-05-29T14:15:00Z,2026-05-29T16:15:00+0200,10737.03,MW,BE,BE,actual_load,Actual Load,2026-06-08T19:45:53Z
2026-06-08T19:45:40Z,2026-06-08T21:45:40+0200,2c10495a-697a-4f81-9dc4-3022854a0ce3,2026-05-29T14:30:00Z,2026-05-29T16:30:00+0200,10556.02,MW,BE,BE,actual_load,Actual Load,2026-06-08T19:45:53Z
2026-06-08T19:45:40Z,2026-06-08T21:45:40+0200,2c10495a-697a-4f81-9dc4-3022854a0ce3,2026-05-29T14:45:00Z,2026-05-29T16:45:00+0200,10466.43,MW,BE,BE,actual_load,Actual Load,2026-06-08T19:45:53Z
2026-06-08T19:45:40Z,2026-06-08T21:45:40+0200,2c10495a-697a-4f81-9dc4-3022854a0ce3,2026-05-29T15:00:00Z,2026-05-29T17:00:00+0200,10525.2,MW,BE,BE,actual_load,Actual Load,2026-06-08T19:45:53Z
2026-06-08T19:45:40Z,2026-06-08T21:45:40+0200,2c10495a-697a-4f81-9dc4-3022854a0ce3,2026-05-29T15:15:00Z,2026-05-29T17:15:00+0200,10340.41,MW,BE,BE,actual_load,Actual Load,2026-06-08T19:45:53Z
2026-06-08T19:45:40Z,2026-06-08T21:45:40+0200,2c10495a-697a-4f81-9dc4-3022854a0ce3,2026-05-29T15:30:00Z,2026-05-29T17:30:00+0200,10288.47,MW,BE,BE,actual_load,Actual Load,2026-06-08T19:45:53Z
2026-06-08T19:45:40Z,2026-06-08T21:45:40+0200,2c10495a-697a-4f81-9dc4-3022854a0ce3,2026-05-29T15:45:00Z,2026-05-29T17:45:00+0200,10260.17,MW,BE,BE,actual_load,Actual Load,2026-06-08T19:45:53Z
2026-06-08T19:45:40Z,2026-06-08T21:45:40+0200,2c10495a-697a-4f81-9dc4-3022854a0ce3,2026-05-29T16:00:00Z,2026-05-29T18:00:00+0200,10157.52,MW,BE,BE,actual_load,Actual Load,2026-06-08T19:45:53Z
2026-06-08T19:45:40Z,2026-06-08T21:45:40+0200,2c10495a-697a-4f81-9dc4-3022854a0ce3,2026-05-29T16:15:00Z,2026-05-29T18:15:00+0200,10043.04,MW,BE,BE,actual_load,Actual Load,2026-06-08T19:45:53Z
2026-06-08T19:45:40Z,2026-06-08T21:45:40+0200,2c10495a-697a-4f81-9dc4-3022854a0ce3,2026-05-29T16:30:00Z,2026-05-29T18:30:00+0200,10043.64,MW,BE,BE,actual_load,Actual Load,2026-06-08T19:45:53Z
2026-06-08T19:45:40Z,2026-06-08T21:45:40+0200,2c10495a-697a-4f81-9dc4-3022854a0ce3,2026-05-29T16:45:00Z,2026-05-29T18:45:00+0200,9908.52,MW,BE,BE,actual_load,Actual Load,2026-06-08T19:45:53Z
2026-06-08T19:45:40Z,2026-06-08T21:45:40+0200,2c10495a-697a-4f81-9dc4-3022854a0ce3,2026-05-29T17:00:00Z,2026-05-29T19:00:00+0200,10137.1,MW,BE,BE,actual_load,Actual Load,2026-06-08T19:45:53Z
2026-06-08T19:45:40Z,2026-06-08T21:45:40+0200,2c10495a-697a-4f81-9dc4-3022854a0ce3,2026-05-29T17:15:00Z,2026-05-29T19:15:00+0200,10073.09,MW,BE,BE,actual_load,Actual Load,2026-06-08T19:45:53Z
2026-06-08T19:45:40Z,2026-06-08T21:45:40+0200,2c10495a-697a-4f81-9dc4-3022854a0ce3,2026-05-29T17:30:00Z,2026-05-29T19:30:00+0200,9965.81,MW,BE,BE,actual_load,Actual Load,2026-06-08T19:45:53Z
2026-06-08T19:45:40Z,2026-06-08T21:45:40+0200,2c10495a-697a-4f81-9dc4-3022854a0ce3,2026-05-29T17:45:00Z,2026-05-29T19:45:00+0200,9889.77,MW,BE,BE,actual_load,Actual Load,2026-06-08T19:45:53Z
2026-06-08T19:45:40Z,2026-06-08T21:45:40+0200,2c10495a-697a-4f81-9dc4-3022854a0ce3,2026-05-29T18:00:00Z,2026-05-29T20:00:00+0200,9742.87,MW,BE,BE,actual_load,Actual Load,2026-06-08T19:45:53Z
2026-06-08T19:45:40Z,2026-06-08T21:45:40+0200,2c10495a-697a-4f81-9dc4-3022854a0ce3,2026-05-29T18:15:00Z,2026-05-29T20:15:00+0200,9700.17,MW,BE,BE,actual_load,Actual Load,2026-06-08T19:45:53Z
2026-06-08T19:45:40Z,2026-06-08T21:45:40+0200,2c10495a-697a-4f81-9dc4-3022854a0ce3,2026-05-29T18:30:00Z,2026-05-29T20:30:00+0200,9544.51,MW,BE,BE,actual_load,Actual Load,2026-06-08T19:45:53Z
2026-06-08T19:45:40Z,2026-06-08T21:45:40+0200,2c10495a-697a-4f81-9dc4-3022854a0ce3,2026-05-29T18:45:00Z,2026-05-29T20:45:00+0200,9489.4,MW,BE,BE,actual_load,Actual Load,2026-06-08T19:45:53Z
2026-06-08T19:45:40Z,2026-06-08T21:45:40+0200,2c10495a-697a-4f81-9dc4-3022854a0ce3,2026-05-29T19:00:00Z,2026-05-29T21:00:00+0200,9430.75,MW,BE,BE,actual_load,Actual Load,2026-06-08T19:45:53Z
2026-06-08T19:45:40Z,2026-06-08T21:45:40+0200,2c10495a-697a-4f81-9dc4-3022854a0ce3,2026-05-29T19:15:00Z,2026-05-29T21:15:00+0200,9238.35,MW,BE,BE,actual_load,Actual Load,2026-06-08T19:45:53Z
2026-06-08T19:45:40Z,2026-06-08T21:45:40+0200,2c10495a-697a-4f81-9dc4-3022854a0ce3,2026-05-29T19:30:00Z,2026-05-29T21:30:00+0200,9194.37,MW,BE,BE,actual_load,Actual Load,2026-06-08T19:45:53Z
2026-06-08T19:45:40Z,2026-06-08T21:45:40+0200,2c10495a-697a-4f81-9dc4-3022854a0ce3,2026-05-29T19:45:00Z,2026-05-29T21:45:00+0200,9259.52,MW,BE,BE,actual_load,Actual Load,2026-06-08T19:45:53Z
2026-06-08T19:45:40Z,2026-06-08T21:45:40+0200,2c10495a-697a-4f81-9dc4-3022854a0ce3,2026-05-29T20:00:00Z,2026-05-29T22:00:00+0200,9299.11,MW,BE,BE,actual_load,Actual Load,2026-06-08T19:45:53Z
2026-06-08T19:45:40Z,2026-06-08T21:45:40+0200,2c10495a-697a-4f81-9dc4-3022854a0ce3,2026-05-29T20:15:00Z,2026-05-29T22:15:00+0200,9442.12,MW,BE,BE,actual_load,Actual Load,2026-06-08T19:45:53Z
2026-06-08T19:45:40Z,2026-06-08T21:45:40+0200,2c10495a-697a-4f81-9dc4-3022854a0ce3,2026-05-29T20:30:00Z,2026-05-29T22:30:00+0200,9382.67,MW,BE,BE,actual_load,Actual Load,2026-06-08T19:45:53Z
2026-06-08T19:45:40Z,2026-06-08T21:45:40+0200,2c10495a-697a-4f81-9dc4-3022854a0ce3,2026-05-29T20:45:00Z,2026-05-29T22:45:00+0200,9169.18,MW,BE,BE,actual_load,Actual Load,2026-06-08T19:45:53Z
2026-06-08T19:45:40Z,2026-06-08T21:45:40+0200,2c10495a-697a-4f81-9dc4-3022854a0ce3,2026-05-29T21:00:00Z,2026-05-29T23:00:00+0200,9048.55,MW,BE,BE,actual_load,Actual Load,2026-06-08T19:45:53Z
2026-06-08T19:45:40Z,2026-06-08T21:45:40+0200,2c10495a-697a-4f81-9dc4-3022854a0ce3,2026-05-29T21:15:00Z,2026-05-29T23:15:00+0200,8912.11,MW,BE,BE,actual_load,Actual Load,2026-06-08T19:45:53Z
2026-06-08T19:45:40Z,2026-06-08T21:45:40+0200,2c10495a-697a-4f81-9dc4-3022854a0ce3,2026-05-29T21:30:00Z,2026-05-29T23:30:00+0200,8767.8,MW,BE,BE,actual_load,Actual Load,2026-06-08T19:45:53Z
2026-06-08T19:45:40Z,2026-06-08T21:45:40+0200,2c10495a-697a-4f81-9dc4-3022854a0ce3,2026-05-29T21:45:00Z,2026-05-29T23:45:00+0200,8735.1,MW,BE,BE,actual_load,Actual Load,2026-06-08T19:45:53Z
2026-06-08T19:45:40Z,2026-06-08T21:45:40+0200,2c10495a-697a-4f81-9dc4-3022854a0ce3,2026-05-29T22:00:00Z,2026-05-30T00:00:00+0200,8833.38,MW,BE,BE,actual_load,Actual Load,2026-06-08T19:45:53Z
2026-06-08T19:45:40Z,2026-06-08T21:45:40+0200,2c10495a-697a-4f81-9dc4-3022854a0ce3,2026-05-29T22:15:00Z,2026-05-30T00:15:00+0200,8778.55,MW,BE,BE,actual_load,Actual Load,2026-06-08T19:45:53Z
2026-06-08T19:45:40Z,2026-06-08T21:45:40+0200,2c10495a-697a-4f81-9dc4-3022854a0ce3,2026-05-29T22:30:00Z,2026-05-30T00:30:00+0200,8698.5,MW,BE,BE,actual_load,Actual Load,2026-06-08T19:45:53Z
2026-06-08T19:45:40Z,2026-06-08T21:45:40+0200,2c10495a-697a-4f81-9dc4-3022854a0ce3,2026-05-29T22:45:00Z,2026-05-30T00:45:00+0200,8500.56,MW,BE,BE,actual_load,Actual Load,2026-06-08T19:45:53Z
2026-06-08T19:45:40Z,2026-06-08T21:45:40+0200,2c10495a-697a-4f81-9dc4-3022854a0ce3,2026-05-29T23:00:00Z,2026-05-30T01:00:00+0200,8387.33,MW,BE,BE,actual_load,Actual Load,2026-06-08T19:45:53Z
2026-06-08T19:45:40Z,2026-06-08T21:45:40+0200,2c10495a-697a-4f81-9dc4-3022854a0ce3,2026-05-29T23:15:00Z,2026-05-30T01:15:00+0200,8394.0,MW,BE,BE,actual_load,Actual Load,2026-06-08T19:45:53Z
2026-06-08T19:45:40Z,2026-06-08T21:45:40+0200,2c10495a-697a-4f81-9dc4-3022854a0ce3,2026-05-29T23:30:00Z,2026-05-30T01:30:00+0200,8271.74,MW,BE,BE,actual_load,Actual Load,2026-06-08T19:45:53Z
2026-06-08T19:45:40Z,2026-06-08T21:45:40+0200,2c10495a-697a-4f81-9dc4-3022854a0ce3,2026-05-29T23:45:00Z,2026-05-30T01:45:00+0200,8224.24,MW,BE,BE,actual_load,Actual Load,2026-06-08T19:45:53Z
2026-06-08T19:45:40Z,2026-06-08T21:45:40+0200,2c10495a-697a-4f81-9dc4-3022854a0ce3,2026-05-30T00:00:00Z,2026-05-30T02:00:00+0200,8125.0,MW,BE,BE,actual_load,Actual Load,2026-06-08T19:45:53Z
2026-06-08T19:45:40Z,2026-06-08T21:45:40+0200,2c10495a-697a-4f81-9dc4-3022854a0ce3,2026-05-30T00:15:00Z,2026-05-30T02:15:00+0200,7989.3,MW,BE,BE,actual_load,Actual Load,2026-06-08T19:45:53Z
2026-06-08T19:45:40Z,2026-06-08T21:45:40+0200,2c10495a-697a-4f81-9dc4-3022854a0ce3,2026-05-30T00:30:00Z,2026-05-30T02:30:00+0200,8012.51,MW,BE,BE,actual_load,Actual Load,2026-06-08T19:45:53Z
2026-06-08T19:45:40Z,2026-06-08T21:45:40+0200,2c10495a-697a-4f81-9dc4-3022854a0ce3,2026-05-30T00:45:00Z,2026-05-30T02:45:00+0200,7989.24,MW,BE,BE,actual_load,Actual Load,2026-06-08T19:45:53Z
2026-06-08T19:45:40Z,2026-06-08T21:45:40+0200,2c10495a-697a-4f81-9dc4-3022854a0ce3,2026-05-30T01:00:00Z,2026-05-30T03:00:00+0200,7821.05,MW,BE,BE,actual_load,Actual Load,2026-06-08T19:45:53Z
2026-06-08T19:45:40Z,2026-06-08T21:45:40+0200,2c10495a-697a-4f81-9dc4-3022854a0ce3,2026-05-30T01:15:00Z,2026-05-30T03:15:00+0200,7812.32,MW,BE,BE,actual_load,Actual Load,2026-06-08T19:45:53Z
2026-06-08T19:45:40Z,2026-06-08T21:45:40+0200,2c10495a-697a-4f81-9dc4-3022854a0ce3,2026-05-30T01:30:00Z,2026-05-30T03:30:00+0200,7689.82,MW,BE,BE,actual_load,Actual Load,2026-06-08T19:45:53Z
2026-06-08T19:45:40Z,2026-06-08T21:45:40+0200,2c10495a-697a-4f81-9dc4-3022854a0ce3,2026-05-30T01:45:00Z,2026-05-30T03:45:00+0200,7661.35,MW,BE,BE,actual_load,Actual Load,2026-06-08T19:45:53Z
2026-06-08T19:45:40Z,2026-06-08T21:45:40+0200,2c10495a-697a-4f81-9dc4-3022854a0ce3,2026-05-30T02:00:00Z,2026-05-30T04:00:00+0200,7657.85,MW,BE,BE,actual_load,Actual Load,2026-06-08T19:45:53Z
2026-06-08T19:45:40Z,2026-06-08T21:45:40+0200,2c10495a-697a-4f81-9dc4-3022854a0ce3,2026-05-30T02:15:00Z,2026-05-30T04:15:00+0200,7683.43,MW,BE,BE,actual_load,Actual Load,2026-06-08T19:45:53Z
2026-06-08T19:45:40Z,2026-06-08T21:45:40+0200,2c10495a-697a-4f81-9dc4-3022854a0ce3,2026-05-30T02:30:00Z,2026-05-30T04:30:00+0200,7672.56,MW,BE,BE,actual_load,Actual Load,2026-06-08T19:45:53Z
2026-06-08T19:45:40Z,2026-06-08T21:45:40+0200,2c10495a-697a-4f81-9dc4-3022854a0ce3,2026-05-30T02:45:00Z,2026-05-30T04:45:00+0200,7637.2,MW,BE,BE,actual_load,Actual Load,2026-06-08T19:45:53Z
2026-06-08T19:45:40Z,2026-06-08T21:45:40+0200,2c10495a-697a-4f81-9dc4-3022854a0ce3,2026-05-30T03:00:00Z,2026-05-30T05:00:00+0200,7587.33,MW,BE,BE,actual_load,Actual Load,2026-06-08T19:45:53Z
2026-06-08T19:45:40Z,2026-06-08T21:45:40+0200,2c10495a-697a-4f81-9dc4-3022854a0ce3,2026-05-30T03:15:00Z,2026-05-30T05:15:00+0200,7624.77,MW,BE,BE,actual_load,Actual Load,2026-06-08T19:45:53Z
2026-06-08T19:45:40Z,2026-06-08T21:45:40+0200,2c10495a-697a-4f81-9dc4-3022854a0ce3,2026-05-30T03:30:00Z,2026-05-30T05:30:00+0200,7623.82,MW,BE,BE,actual_load,Actual Load,2026-06-08T19:45:53Z
2026-06-08T19:45:40Z,2026-06-08T21:45:40+0200,2c10495a-697a-4f81-9dc4-3022854a0ce3,2026-05-30T03:45:00Z,2026-05-30T05:45:00+0200,7581.53,MW,BE,BE,actual_load,Actual Load,2026-06-08T19:45:53Z
2026-06-08T19:45:40Z,2026-06-08T21:45:40+0200,2c10495a-697a-4f81-9dc4-3022854a0ce3,2026-05-30T04:00:00Z,2026-05-30T06:00:00+0200,7615.7,MW,BE,BE,actual_load,Actual Load,2026-06-08T19:45:53Z
2026-06-08T19:45:40Z,2026-06-08T21:45:40+0200,2c10495a-697a-4f81-9dc4-3022854a0ce3,2026-05-30T04:15:00Z,2026-05-30T06:15:00+0200,7661.61,MW,BE,BE,actual_load,Actual Load,2026-06-08T19:45:53Z
2026-06-08T19:45:40Z,2026-06-08T21:45:40+0200,2c10495a-697a-4f81-9dc4-3022854a0ce3,2026-05-30T04:30:00Z,2026-05-30T06:30:00+0200,7758.56,MW,BE,BE,actual_load,Actual Load,2026-06-08T19:45:53Z
2026-06-08T19:45:40Z,2026-06-08T21:45:40+0200,2c10495a-697a-4f81-9dc4-3022854a0ce3,2026-05-30T04:45:00Z,2026-05-30T06:45:00+0200,7713.13,MW,BE,BE,actual_load,Actual Load,2026-06-08T19:45:53Z
2026-06-08T19:45:40Z,2026-06-08T21:45:40+0200,2c10495a-697a-4f81-9dc4-3022854a0ce3,2026-05-30T05:00:00Z,2026-05-30T07:00:00+0200,7702.32,MW,BE,BE,actual_load,Actual Load,2026-06-08T19:45:53Z
2026-06-08T19:45:40Z,2026-06-08T21:45:40+0200,2c10495a-697a-4f81-9dc4-3022854a0ce3,2026-05-30T05:15:00Z,2026-05-30T07:15:00+0200,7874.95,MW,BE,BE,actual_load,Actual Load,2026-06-08T19:45:53Z
2026-06-08T19:45:40Z,2026-06-08T21:45:40+0200,2c10495a-697a-4f81-9dc4-3022854a0ce3,2026-05-30T05:30:00Z,2026-05-30T07:30:00+0200,7915.77,MW,BE,BE,actual_load,Actual Load,2026-06-08T19:45:53Z
2026-06-08T19:45:40Z,2026-06-08T21:45:40+0200,2c10495a-697a-4f81-9dc4-3022854a0ce3,2026-05-30T05:45:00Z,2026-05-30T07:45:00+0200,7984.85,MW,BE,BE,actual_load,Actual Load,2026-06-08T19:45:53Z
2026-06-08T19:45:40Z,2026-06-08T21:45:40+0200,2c10495a-697a-4f81-9dc4-3022854a0ce3,2026-05-30T06:00:00Z,2026-05-30T08:00:00+0200,8061.95,MW,BE,BE,actual_load,Actual Load,2026-06-08T19:45:53Z
2026-06-08T19:45:40Z,2026-06-08T21:45:40+0200,2c10495a-697a-4f81-9dc4-3022854a0ce3,2026-05-30T06:15:00Z,2026-05-30T08:15:00+0200,8179.08,MW,BE,BE,actual_load,Actual Load,2026-06-08T19:45:53Z
2026-06-08T19:45:40Z,2026-06-08T21:45:40+0200,2c10495a-697a-4f81-9dc4-3022854a0ce3,2026-05-30T06:30:00Z,2026-05-30T08:30:00+0200,8196.72,MW,BE,BE,actual_load,Actual Load,2026-06-08T19:45:53Z
2026-06-08T19:45:40Z,2026-06-08T21:45:40+0200,2c10495a-697a-4f81-9dc4-3022854a0ce3,2026-05-30T06:45:00Z,2026-05-30T08:45:00+0200,8269.79,MW,BE,BE,actual_load,Actual Load,2026-06-08T19:45:53Z
2026-06-08T19:45:40Z,2026-06-08T21:45:40+0200,2c10495a-697a-4f81-9dc4-3022854a0ce3,2026-05-30T07:00:00Z,2026-05-30T09:00:00+0200,8471.54,MW,BE,BE,actual_load,Actual Load,2026-06-08T19:45:53Z
2026-06-08T19:45:40Z,2026-06-08T21:45:40+0200,2c10495a-697a-4f81-9dc4-3022854a0ce3,2026-05-30T07:15:00Z,2026-05-30T09:15:00+0200,8700.25,MW,BE,BE,actual_load,Actual Load,2026-06-08T19:45:53Z
2026-06-08T19:45:40Z,2026-06-08T21:45:40+0200,2c10495a-697a-4f81-9dc4-3022854a0ce3,2026-05-30T07:30:00Z,2026-05-30T09:30:00+0200,8918.38,MW,BE,BE,actual_load,Actual Load,2026-06-08T19:45:53Z
2026-06-08T19:45:40Z,2026-06-08T21:45:40+0200,2c10495a-697a-4f81-9dc4-3022854a0ce3,2026-05-30T07:45:00Z,2026-05-30T09:45:00+0200,9091.97,MW,BE,BE,actual_load,Actual Load,2026-06-08T19:45:53Z
2026-06-08T19:45:40Z,2026-06-08T21:45:40+0200,2c10495a-697a-4f81-9dc4-3022854a0ce3,2026-05-30T08:00:00Z,2026-05-30T10:00:00+0200,9173.33,MW,BE,BE,actual_load,Actual Load,2026-06-08T19:45:53Z
2026-06-08T19:45:40Z,2026-06-08T21:45:40+0200,2c10495a-697a-4f81-9dc4-3022854a0ce3,2026-05-30T08:15:00Z,2026-05-30T10:15:00+0200,9152.43,MW,BE,BE,actual_load,Actual Load,2026-06-08T19:45:53Z
2026-06-08T19:45:40Z,2026-06-08T21:45:40+0200,2c10495a-697a-4f81-9dc4-3022854a0ce3,2026-05-30T08:30:00Z,2026-05-30T10:30:00+0200,9380.57,MW,BE,BE,actual_load,Actual Load,2026-06-08T19:45:53Z
2026-06-08T19:45:40Z,2026-06-08T21:45:40+0200,2c10495a-697a-4f81-9dc4-3022854a0ce3,2026-05-30T08:45:00Z,2026-05-30T10:45:00+0200,9665.57,MW,BE,BE,actual_load,Actual Load,2026-06-08T19:45:53Z
2026-06-08T19:45:40Z,2026-06-08T21:45:40+0200,2c10495a-697a-4f81-9dc4-3022854a0ce3,2026-05-30T09:00:00Z,2026-05-30T11:00:00+0200,10034.49,MW,BE,BE,actual_load,Actual Load,2026-06-08T19:45:53Z
2026-06-08T19:45:40Z,2026-06-08T21:45:40+0200,2c10495a-697a-4f81-9dc4-3022854a0ce3,2026-05-30T09:15:00Z,2026-05-30T11:15:00+0200,10224.02,MW,BE,BE,actual_load,Actual Load,2026-06-08T19:45:53Z
2026-06-08T19:45:40Z,2026-06-08T21:45:40+0200,2c10495a-697a-4f81-9dc4-3022854a0ce3,2026-05-30T09:30:00Z,2026-05-30T11:30:00+0200,10313.23,MW,BE,BE,actual_load,Actual Load,2026-06-08T19:45:53Z
2026-06-08T19:45:40Z,2026-06-08T21:45:40+0200,2c10495a-697a-4f81-9dc4-3022854a0ce3,2026-05-30T09:45:00Z,2026-05-30T11:45:00+0200,10320.56,MW,BE,BE,actual_load,Actual Load,2026-06-08T19:45:53Z
2026-06-08T19:45:40Z,2026-06-08T21:45:40+0200,2c10495a-697a-4f81-9dc4-3022854a0ce3,2026-05-30T10:00:00Z,2026-05-30T12:00:00+0200,10525.79,MW,BE,BE,actual_load,Actual Load,2026-06-08T19:45:53Z
2026-06-08T19:45:40Z,2026-06-08T21:45:40+0200,2c10495a-697a-4f81-9dc4-3022854a0ce3,2026-05-30T10:15:00Z,2026-05-30T12:15:00+0200,10550.58,MW,BE,BE,actual_load,Actual Load,2026-06-08T19:45:53Z
2026-06-08T19:45:40Z,2026-06-08T21:45:40+0200,2c10495a-697a-4f81-9dc4-3022854a0ce3,2026-05-30T10:30:00Z,2026-05-30T12:30:00+0200,10705.31,MW,BE,BE,actual_load,Actual Load,2026-06-08T19:45:53Z
2026-06-08T19:45:40Z,2026-06-08T21:45:40+0200,2c10495a-697a-4f81-9dc4-3022854a0ce3,2026-05-30T10:45:00Z,2026-05-30T12:45:00+0200,10649.64,MW,BE,BE,actual_load,Actual Load,2026-06-08T19:45:53Z
2026-06-08T19:45:40Z,2026-06-08T21:45:40+0200,2c10495a-697a-4f81-9dc4-3022854a0ce3,2026-05-30T11:00:00Z,2026-05-30T13:00:00+0200,10504.56,MW,BE,BE,actual_load,Actual Load,2026-06-08T19:45:53Z
2026-06-08T19:45:40Z,2026-06-08T21:45:40+0200,2c10495a-697a-4f81-9dc4-3022854a0ce3,2026-05-30T11:15:00Z,2026-05-30T13:15:00+0200,10288.35,MW,BE,BE,actual_load,Actual Load,2026-06-08T19:45:53Z
2026-06-08T19:45:40Z,2026-06-08T21:45:40+0200,2c10495a-697a-4f81-9dc4-3022854a0ce3,2026-05-30T11:30:00Z,2026-05-30T13:30:00+0200,10403.79,MW,BE,BE,actual_load,Actual Load,2026-06-08T19:45:53Z
2026-06-08T19:45:40Z,2026-06-08T21:45:40+0200,2c10495a-697a-4f81-9dc4-3022854a0ce3,2026-05-30T11:45:00Z,2026-05-30T13:45:00+0200,10149.63,MW,BE,BE,actual_load,Actual Load,2026-06-08T19:45:53Z
2026-06-08T19:45:40Z,2026-06-08T21:45:40+0200,2c10495a-697a-4f81-9dc4-3022854a0ce3,2026-05-30T12:00:00Z,2026-05-30T14:00:00+0200,9934.78,MW,BE,BE,actual_load,Actual Load,2026-06-08T19:45:53Z
2026-06-08T19:45:40Z,2026-06-08T21:45:40+0200,2c10495a-697a-4f81-9dc4-3022854a0ce3,2026-05-30T12:15:00Z,2026-05-30T14:15:00+0200,9926.77,MW,BE,BE,actual_load,Actual Load,2026-06-08T19:45:53Z
2026-06-08T19:45:40Z,2026-06-08T21:45:40+0200,2c10495a-697a-4f81-9dc4-3022854a0ce3,2026-05-30T12:30:00Z,2026-05-30T14:30:00+0200,9812.2,MW,BE,BE,actual_load,Actual Load,2026-06-08T19:45:53Z
2026-06-08T19:45:40Z,2026-06-08T21:45:40+0200,2c10495a-697a-4f81-9dc4-3022854a0ce3,2026-05-30T12:45:00Z,2026-05-30T14:45:00+0200,9707.54,MW,BE,BE,actual_load,Actual Load,2026-06-08T19:45:53Z
2026-06-08T19:45:40Z,2026-06-08T21:45:40+0200,2c10495a-697a-4f81-9dc4-3022854a0ce3,2026-05-30T13:00:00Z,2026-05-30T15:00:00+0200,9727.56,MW,BE,BE,actual_load,Actual Load,2026-06-08T19:45:53Z
2026-06-08T19:45:40Z,2026-06-08T21:45:40+0200,2c10495a-697a-4f81-9dc4-3022854a0ce3,2026-05-30T13:15:00Z,2026-05-30T15:15:00+0200,9805.74,MW,BE,BE,actual_load,Actual Load,2026-06-08T19:45:53Z
2026-06-08T19:45:40Z,2026-06-08T21:45:40+0200,2c10495a-697a-4f81-9dc4-3022854a0ce3,2026-05-30T13:30:00Z,2026-05-30T15:30:00+0200,9571.09,MW,BE,BE,actual_load,Actual Load,2026-06-08T19:45:53Z
2026-06-08T19:45:40Z,2026-06-08T21:45:40+0200,2c10495a-697a-4f81-9dc4-3022854a0ce3,2026-05-30T13:45:00Z,2026-05-30T15:45:00+0200,9571.57,MW,BE,BE,actual_load,Actual Load,2026-06-08T19:45:53Z
2026-06-08T19:45:40Z,2026-06-08T21:45:40+0200,2c10495a-697a-4f81-9dc4-3022854a0ce3,2026-05-30T14:00:00Z,2026-05-30T16:00:00+0200,9497.05,MW,BE,BE,actual_load,Actual Load,2026-06-08T19:45:53Z
2026-06-08T19:45:40Z,2026-06-08T21:45:40+0200,2c10495a-697a-4f81-9dc4-3022854a0ce3,2026-05-30T14:15:00Z,2026-05-30T16:15:00+0200,9511.48,MW,BE,BE,actual_load,Actual Load,2026-06-08T19:45:53Z
2026-06-08T19:45:40Z,2026-06-08T21:45:40+0200,2c10495a-697a-4f81-9dc4-3022854a0ce3,2026-05-30T14:30:00Z,2026-05-30T16:30:00+0200,9607.6,MW,BE,BE,actual_load,Actual Load,2026-06-08T19:45:53Z
2026-06-08T19:45:40Z,2026-06-08T21:45:40+0200,2c10495a-697a-4f81-9dc4-3022854a0ce3,2026-05-30T14:45:00Z,2026-05-30T16:45:00+0200,9368.17,MW,BE,BE,actual_load,Actual Load,2026-06-08T19:45:53Z
2026-06-08T19:45:40Z,2026-06-08T21:45:40+0200,2c10495a-697a-4f81-9dc4-3022854a0ce3,2026-05-30T15:00:00Z,2026-05-30T17:00:00+0200,9240.43,MW,BE,BE,actual_load,Actual Load,2026-06-08T19:45:53Z
2026-06-08T19:45:40Z,2026-06-08T21:45:40+0200,2c10495a-697a-4f81-9dc4-3022854a0ce3,2026-05-30T15:15:00Z,2026-05-30T17:15:00+0200,8989.61,MW,BE,BE,actual_load,Actual Load,2026-06-08T19:45:53Z
2026-06-08T19:45:40Z,2026-06-08T21:45:40+0200,2c10495a-697a-4f81-9dc4-3022854a0ce3,2026-05-30T15:30:00Z,2026-05-30T17:30:00+0200,9034.36,MW,BE,BE,actual_load,Actual Load,2026-06-08T19:45:53Z
2026-06-08T19:45:40Z,2026-06-08T21:45:40+0200,2c10495a-697a-4f81-9dc4-3022854a0ce3,2026-05-30T15:45:00Z,2026-05-30T17:45:00+0200,9224.74,MW,BE,BE,actual_load,Actual Load,2026-06-08T19:45:53Z
2026-06-08T19:45:40Z,2026-06-08T21:45:40+0200,2c10495a-697a-4f81-9dc4-3022854a0ce3,2026-05-30T16:00:00Z,2026-05-30T18:00:00+0200,9287.55,MW,BE,BE,actual_load,Actual Load,2026-06-08T19:45:53Z
2026-06-08T19:45:40Z,2026-06-08T21:45:40+0200,2c10495a-697a-4f81-9dc4-3022854a0ce3,2026-05-30T16:15:00Z,2026-05-30T18:15:00+0200,9335.64,MW,BE,BE,actual_load,Actual Load,2026-06-08T19:45:53Z
2026-06-08T19:45:40Z,2026-06-08T21:45:40+0200,2c10495a-697a-4f81-9dc4-3022854a0ce3,2026-05-30T16:30:00Z,2026-05-30T18:30:00+0200,9381.45,MW,BE,BE,actual_load,Actual Load,2026-06-08T19:45:53Z
2026-06-08T19:45:40Z,2026-06-08T21:45:40+0200,2c10495a-697a-4f81-9dc4-3022854a0ce3,2026-05-30T16:45:00Z,2026-05-30T18:45:00+0200,9318.33,MW,BE,BE,actual_load,Actual Load,2026-06-08T19:45:53Z
2026-06-08T19:45:40Z,2026-06-08T21:45:40+0200,2c10495a-697a-4f81-9dc4-3022854a0ce3,2026-05-30T17:00:00Z,2026-05-30T19:00:00+0200,9148.97,MW,BE,BE,actual_load,Actual Load,2026-06-08T19:45:53Z
2026-06-08T19:45:40Z,2026-06-08T21:45:40+0200,2c10495a-697a-4f81-9dc4-3022854a0ce3,2026-05-30T17:15:00Z,2026-05-30T19:15:00+0200,9076.08,MW,BE,BE,actual_load,Actual Load,2026-06-08T19:45:53Z
2026-06-08T19:45:40Z,2026-06-08T21:45:40+0200,2c10495a-697a-4f81-9dc4-3022854a0ce3,2026-05-30T17:30:00Z,2026-05-30T19:30:00+0200,9053.79,MW,BE,BE,actual_load,Actual Load,2026-06-08T19:45:53Z
2026-06-08T19:45:40Z,2026-06-08T21:45:40+0200,2c10495a-697a-4f81-9dc4-3022854a0ce3,2026-05-30T17:45:00Z,2026-05-30T19:45:00+0200,8936.49,MW,BE,BE,actual_load,Actual Load,2026-06-08T19:45:53Z
2026-06-08T19:45:40Z,2026-06-08T21:45:40+0200,2c10495a-697a-4f81-9dc4-3022854a0ce3,2026-05-30T18:00:00Z,2026-05-30T20:00:00+0200,8923.54,MW,BE,BE,actual_load,Actual Load,2026-06-08T19:45:53Z
2026-06-08T19:45:40Z,2026-06-08T21:45:40+0200,2c10495a-697a-4f81-9dc4-3022854a0ce3,2026-05-30T18:15:00Z,2026-05-30T20:15:00+0200,8906.81,MW,BE,BE,actual_load,Actual Load,2026-06-08T19:45:53Z
2026-06-08T19:45:40Z,2026-06-08T21:45:40+0200,2c10495a-697a-4f81-9dc4-3022854a0ce3,2026-05-30T18:30:00Z,2026-05-30T20:30:00+0200,8887.06,MW,BE,BE,actual_load,Actual Load,2026-06-08T19:45:53Z
2026-06-08T19:45:40Z,2026-06-08T21:45:40+0200,2c10495a-697a-4f81-9dc4-3022854a0ce3,2026-05-30T18:45:00Z,2026-05-30T20:45:00+0200,8873.35,MW,BE,BE,actual_load,Actual Load,2026-06-08T19:45:53Z
2026-06-08T19:45:40Z,2026-06-08T21:45:40+0200,2c10495a-697a-4f81-9dc4-3022854a0ce3,2026-05-30T19:00:00Z,2026-05-30T21:00:00+0200,8996.3,MW,BE,BE,actual_load,Actual Load,2026-06-08T19:45:53Z
2026-06-08T19:45:40Z,2026-06-08T21:45:40+0200,2c10495a-697a-4f81-9dc4-3022854a0ce3,2026-05-30T19:15:00Z,2026-05-30T21:15:00+0200,8844.69,MW,BE,BE,actual_load,Actual Load,2026-06-08T19:45:53Z
2026-06-08T19:45:40Z,2026-06-08T21:45:40+0200,2c10495a-697a-4f81-9dc4-3022854a0ce3,2026-05-30T19:30:00Z,2026-05-30T21:30:00+0200,8763.52,MW,BE,BE,actual_load,Actual Load,2026-06-08T19:45:53Z
2026-06-08T19:45:40Z,2026-06-08T21:45:40+0200,2c10495a-697a-4f81-9dc4-3022854a0ce3,2026-05-30T19:45:00Z,2026-05-30T21:45:00+0200,8768.29,MW,BE,BE,actual_load,Actual Load,2026-06-08T19:45:53Z
2026-06-08T19:45:40Z,2026-06-08T21:45:40+0200,2c10495a-697a-4f81-9dc4-3022854a0ce3,2026-05-30T20:00:00Z,2026-05-30T22:00:00+0200,8666.11,MW,BE,BE,actual_load,Actual Load,2026-06-08T19:45:53Z
2026-06-08T19:45:40Z,2026-06-08T21:45:40+0200,2c10495a-697a-4f81-9dc4-3022854a0ce3,2026-05-30T20:15:00Z,2026-05-30T22:15:00+0200,8651.31,MW,BE,BE,actual_load,Actual Load,2026-06-08T19:45:53Z
2026-06-08T19:45:40Z,2026-06-08T21:45:40+0200,2c10495a-697a-4f81-9dc4-3022854a0ce3,2026-05-30T20:30:00Z,2026-05-30T22:30:00+0200,8494.44,MW,BE,BE,actual_load,Actual Load,2026-06-08T19:45:53Z
2026-06-08T19:45:40Z,2026-06-08T21:45:40+0200,2c10495a-697a-4f81-9dc4-3022854a0ce3,2026-05-30T20:45:00Z,2026-05-30T22:45:00+0200,8562.12,MW,BE,BE,actual_load,Actual Load,2026-06-08T19:45:53Z
2026-06-08T19:45:40Z,2026-06-08T21:45:40+0200,2c10495a-697a-4f81-9dc4-3022854a0ce3,2026-05-30T21:00:00Z,2026-05-30T23:00:00+0200,8469.84,MW,BE,BE,actual_load,Actual Load,2026-06-08T19:45:53Z
2026-06-08T19:45:40Z,2026-06-08T21:45:40+0200,2c10495a-697a-4f81-9dc4-3022854a0ce3,2026-05-30T21:15:00Z,2026-05-30T23:15:00+0200,8369.07,MW,BE,BE,actual_load,Actual Load,2026-06-08T19:45:53Z
2026-06-08T19:45:40Z,2026-06-08T21:45:40+0200,2c10495a-697a-4f81-9dc4-3022854a0ce3,2026-05-30T21:30:00Z,2026-05-30T23:30:00+0200,8314.14,MW,BE,BE,actual_load,Actual Load,2026-06-08T19:45:53Z
2026-06-08T19:45:40Z,2026-06-08T21:45:40+0200,2c10495a-697a-4f81-9dc4-3022854a0ce3,2026-05-30T21:45:00Z,2026-05-30T23:45:00+0200,8122.02,MW,BE,BE,actual_load,Actual Load,2026-06-08T19:45:53Z
2026-06-08T19:45:40Z,2026-06-08T21:45:40+0200,2c10495a-697a-4f81-9dc4-3022854a0ce3,2026-05-30T22:00:00Z,2026-05-31T00:00:00+0200,8038.91,MW,BE,BE,actual_load,Actual Load,2026-06-08T19:45:53Z
2026-06-08T19:45:40Z,2026-06-08T21:45:40+0200,2c10495a-697a-4f81-9dc4-3022854a0ce3,2026-05-30T22:15:00Z,2026-05-31T00:15:00+0200,8024.92,MW,BE,BE,actual_load,Actual Load,2026-06-08T19:45:53Z
2026-06-08T19:45:40Z,2026-06-08T21:45:40+0200,2c10495a-697a-4f81-9dc4-3022854a0ce3,2026-05-30T22:30:00Z,2026-05-31T00:30:00+0200,8010.29,MW,BE,BE,actual_load,Actual Load,2026-06-08T19:45:53Z
2026-06-08T19:45:40Z,2026-06-08T21:45:40+0200,2c10495a-697a-4f81-9dc4-3022854a0ce3,2026-05-30T22:45:00Z,2026-05-31T00:45:00+0200,7963.85,MW,BE,BE,actual_load,Actual Load,2026-06-08T19:45:53Z
2026-06-08T19:45:40Z,2026-06-08T21:45:40+0200,2c10495a-697a-4f81-9dc4-3022854a0ce3,2026-05-30T23:00:00Z,2026-05-31T01:00:00+0200,7845.96,MW,BE,BE,actual_load,Actual Load,2026-06-08T19:45:53Z
2026-06-08T19:45:40Z,2026-06-08T21:45:40+0200,2c10495a-697a-4f81-9dc4-3022854a0ce3,2026-05-30T23:15:00Z,2026-05-31T01:15:00+0200,7734.56,MW,BE,BE,actual_load,Actual Load,2026-06-08T19:45:53Z
2026-06-08T19:45:40Z,2026-06-08T21:45:40+0200,2c10495a-697a-4f81-9dc4-3022854a0ce3,2026-05-30T23:30:00Z,2026-05-31T01:30:00+0200,7760.25,MW,BE,BE,actual_load,Actual Load,2026-06-08T19:45:53Z
2026-06-08T19:45:40Z,2026-06-08T21:45:40+0200,2c10495a-697a-4f81-9dc4-3022854a0ce3,2026-05-30T23:45:00Z,2026-05-31T01:45:00+0200,7734.96,MW,BE,BE,actual_load,Actual Load,2026-06-08T19:45:53Z
2026-06-08T19:45:40Z,2026-06-08T21:45:40+0200,2c10495a-697a-4f81-9dc4-3022854a0ce3,2026-05-31T00:00:00Z,2026-05-31T02:00:00+0200,7581.58,MW,BE,BE,actual_load,Actual Load,2026-06-08T19:45:53Z
2026-06-08T19:45:40Z,2026-06-08T21:45:40+0200,2c10495a-697a-4f81-9dc4-3022854a0ce3,2026-05-31T00:15:00Z,2026-05-31T02:15:00+0200,7468.97,MW,BE,BE,actual_load,Actual Load,2026-06-08T19:45:53Z
2026-06-08T19:45:40Z,2026-06-08T21:45:40+0200,2c10495a-697a-4f81-9dc4-3022854a0ce3,2026-05-31T00:30:00Z,2026-05-31T02:30:00+0200,7525.88,MW,BE,BE,actual_load,Actual Load,2026-06-08T19:45:53Z
2026-06-08T19:45:40Z,2026-06-08T21:45:40+0200,2c10495a-697a-4f81-9dc4-3022854a0ce3,2026-05-31T00:45:00Z,2026-05-31T02:45:00+0200,7486.97,MW,BE,BE,actual_load,Actual Load,2026-06-08T19:45:53Z
2026-06-08T19:45:40Z,2026-06-08T21:45:40+0200,2c10495a-697a-4f81-9dc4-3022854a0ce3,2026-05-31T01:00:00Z,2026-05-31T03:00:00+0200,7322.98,MW,BE,BE,actual_load,Actual Load,2026-06-08T19:45:53Z
2026-06-08T19:45:40Z,2026-06-08T21:45:40+0200,2c10495a-697a-4f81-9dc4-3022854a0ce3,2026-05-31T01:15:00Z,2026-05-31T03:15:00+0200,7265.05,MW,BE,BE,actual_load,Actual Load,2026-06-08T19:45:53Z
2026-06-08T19:45:40Z,2026-06-08T21:45:40+0200,2c10495a-697a-4f81-9dc4-3022854a0ce3,2026-05-31T01:30:00Z,2026-05-31T03:30:00+0200,7238.18,MW,BE,BE,actual_load,Actual Load,2026-06-08T19:45:53Z
2026-06-08T19:45:40Z,2026-06-08T21:45:40+0200,2c10495a-697a-4f81-9dc4-3022854a0ce3,2026-05-31T01:45:00Z,2026-05-31T03:45:00+0200,7185.91,MW,BE,BE,actual_load,Actual Load,2026-06-08T19:45:53Z
2026-06-08T19:45:40Z,2026-06-08T21:45:40+0200,2c10495a-697a-4f81-9dc4-3022854a0ce3,2026-05-31T02:00:00Z,2026-05-31T04:00:00+0200,7267.85,MW,BE,BE,actual_load,Actual Load,2026-06-08T19:45:53Z
2026-06-08T19:45:40Z,2026-06-08T21:45:40+0200,2c10495a-697a-4f81-9dc4-3022854a0ce3,2026-05-31T02:15:00Z,2026-05-31T04:15:00+0200,7301.76,MW,BE,BE,actual_load,Actual Load,2026-06-08T19:45:53Z
2026-06-08T19:45:40Z,2026-06-08T21:45:40+0200,2c10495a-697a-4f81-9dc4-3022854a0ce3,2026-05-31T02:30:00Z,2026-05-31T04:30:00+0200,7242.11,MW,BE,BE,actual_load,Actual Load,2026-06-08T19:45:53Z
2026-06-08T19:45:40Z,2026-06-08T21:45:40+0200,2c10495a-697a-4f81-9dc4-3022854a0ce3,2026-05-31T02:45:00Z,2026-05-31T04:45:00+0200,7189.48,MW,BE,BE,actual_load,Actual Load,2026-06-08T19:45:53Z
2026-06-08T19:45:40Z,2026-06-08T21:45:40+0200,2c10495a-697a-4f81-9dc4-3022854a0ce3,2026-05-31T03:00:00Z,2026-05-31T05:00:00+0200,7283.48,MW,BE,BE,actual_load,Actual Load,2026-06-08T19:45:53Z
2026-06-08T19:45:40Z,2026-06-08T21:45:40+0200,2c10495a-697a-4f81-9dc4-3022854a0ce3,2026-05-31T03:15:00Z,2026-05-31T05:15:00+0200,7342.24,MW,BE,BE,actual_load,Actual Load,2026-06-08T19:45:53Z
2026-06-08T19:45:40Z,2026-06-08T21:45:40+0200,2c10495a-697a-4f81-9dc4-3022854a0ce3,2026-05-31T03:30:00Z,2026-05-31T05:30:00+0200,7343.95,MW,BE,BE,actual_load,Actual Load,2026-06-08T19:45:53Z
2026-06-08T19:45:40Z,2026-06-08T21:45:40+0200,2c10495a-697a-4f81-9dc4-3022854a0ce3,2026-05-31T03:45:00Z,2026-05-31T05:45:00+0200,7343.74,MW,BE,BE,actual_load,Actual Load,2026-06-08T19:45:53Z
2026-06-08T19:45:40Z,2026-06-08T21:45:40+0200,2c10495a-697a-4f81-9dc4-3022854a0ce3,2026-05-31T04:00:00Z,2026-05-31T06:00:00+0200,7328.35,MW,BE,BE,actual_load,Actual Load,2026-06-08T19:45:53Z
2026-06-08T19:45:40Z,2026-06-08T21:45:40+0200,2c10495a-697a-4f81-9dc4-3022854a0ce3,2026-05-31T04:15:00Z,2026-05-31T06:15:00+0200,7196.59,MW,BE,BE,actual_load,Actual Load,2026-06-08T19:45:53Z
2026-06-08T19:45:40Z,2026-06-08T21:45:40+0200,2c10495a-697a-4f81-9dc4-3022854a0ce3,2026-05-31T04:30:00Z,2026-05-31T06:30:00+0200,7274.21,MW,BE,BE,actual_load,Actual Load,2026-06-08T19:45:53Z
2026-06-08T19:45:40Z,2026-06-08T21:45:40+0200,2c10495a-697a-4f81-9dc4-3022854a0ce3,2026-05-31T04:45:00Z,2026-05-31T06:45:00+0200,7371.38,MW,BE,BE,actual_load,Actual Load,2026-06-08T19:45:53Z
2026-06-08T19:45:40Z,2026-06-08T21:45:40+0200,2c10495a-697a-4f81-9dc4-3022854a0ce3,2026-05-31T05:00:00Z,2026-05-31T07:00:00+0200,7437.19,MW,BE,BE,actual_load,Actual Load,2026-06-08T19:45:53Z
2026-06-08T19:45:40Z,2026-06-08T21:45:40+0200,2c10495a-697a-4f81-9dc4-3022854a0ce3,2026-05-31T05:15:00Z,2026-05-31T07:15:00+0200,7428.26,MW,BE,BE,actual_load,Actual Load,2026-06-08T19:45:53Z
2026-06-08T19:45:40Z,2026-06-08T21:45:40+0200,2c10495a-697a-4f81-9dc4-3022854a0ce3,2026-05-31T05:30:00Z,2026-05-31T07:30:00+0200,7483.87,MW,BE,BE,actual_load,Actual Load,2026-06-08T19:45:53Z
2026-06-08T19:45:40Z,2026-06-08T21:45:40+0200,2c10495a-697a-4f81-9dc4-3022854a0ce3,2026-05-31T05:45:00Z,2026-05-31T07:45:00+0200,7492.91,MW,BE,BE,actual_load,Actual Load,2026-06-08T19:45:53Z
2026-06-08T19:45:40Z,2026-06-08T21:45:40+0200,2c10495a-697a-4f81-9dc4-3022854a0ce3,2026-05-31T06:00:00Z,2026-05-31T08:00:00+0200,7546.73,MW,BE,BE,actual_load,Actual Load,2026-06-08T19:45:53Z
2026-06-08T19:45:40Z,2026-06-08T21:45:40+0200,2c10495a-697a-4f81-9dc4-3022854a0ce3,2026-05-31T06:15:00Z,2026-05-31T08:15:00+0200,7621.97,MW,BE,BE,actual_load,Actual Load,2026-06-08T19:45:53Z
2026-06-08T19:45:40Z,2026-06-08T21:45:40+0200,2c10495a-697a-4f81-9dc4-3022854a0ce3,2026-05-31T06:30:00Z,2026-05-31T08:30:00+0200,7643.08,MW,BE,BE,actual_load,Actual Load,2026-06-08T19:45:53Z
2026-06-08T19:45:40Z,2026-06-08T21:45:40+0200,2c10495a-697a-4f81-9dc4-3022854a0ce3,2026-05-31T06:45:00Z,2026-05-31T08:45:00+0200,7694.43,MW,BE,BE,actual_load,Actual Load,2026-06-08T19:45:53Z
2026-06-08T19:45:40Z,2026-06-08T21:45:40+0200,2c10495a-697a-4f81-9dc4-3022854a0ce3,2026-05-31T07:00:00Z,2026-05-31T09:00:00+0200,7852.71,MW,BE,BE,actual_load,Actual Load,2026-06-08T19:45:53Z
2026-06-08T19:45:40Z,2026-06-08T21:45:40+0200,2c10495a-697a-4f81-9dc4-3022854a0ce3,2026-05-31T07:15:00Z,2026-05-31T09:15:00+0200,7826.69,MW,BE,BE,actual_load,Actual Load,2026-06-08T19:45:53Z
2026-06-08T19:45:40Z,2026-06-08T21:45:40+0200,2c10495a-697a-4f81-9dc4-3022854a0ce3,2026-05-31T07:30:00Z,2026-05-31T09:30:00+0200,8032.81,MW,BE,BE,actual_load,Actual Load,2026-06-08T19:45:53Z
2026-06-08T19:45:40Z,2026-06-08T21:45:40+0200,2c10495a-697a-4f81-9dc4-3022854a0ce3,2026-05-31T07:45:00Z,2026-05-31T09:45:00+0200,8139.53,MW,BE,BE,actual_load,Actual Load,2026-06-08T19:45:53Z
2026-06-08T19:45:40Z,2026-06-08T21:45:40+0200,2c10495a-697a-4f81-9dc4-3022854a0ce3,2026-05-31T08:00:00Z,2026-05-31T10:00:00+0200,8160.73,MW,BE,BE,actual_load,Actual Load,2026-06-08T19:45:53Z
2026-06-08T19:45:40Z,2026-06-08T21:45:40+0200,2c10495a-697a-4f81-9dc4-3022854a0ce3,2026-05-31T08:15:00Z,2026-05-31T10:15:00+0200,8388.6,MW,BE,BE,actual_load,Actual Load,2026-06-08T19:45:53Z
2026-06-08T19:45:40Z,2026-06-08T21:45:40+0200,2c10495a-697a-4f81-9dc4-3022854a0ce3,2026-05-31T08:30:00Z,2026-05-31T10:30:00+0200,8471.41,MW,BE,BE,actual_load,Actual Load,2026-06-08T19:45:53Z
2026-06-08T19:45:40Z,2026-06-08T21:45:40+0200,2c10495a-697a-4f81-9dc4-3022854a0ce3,2026-05-31T08:45:00Z,2026-05-31T10:45:00+0200,8747.5,MW,BE,BE,actual_load,Actual Load,2026-06-08T19:45:53Z
2026-06-08T19:45:40Z,2026-06-08T21:45:40+0200,2c10495a-697a-4f81-9dc4-3022854a0ce3,2026-05-31T09:00:00Z,2026-05-31T11:00:00+0200,8980.44,MW,BE,BE,actual_load,Actual Load,2026-06-08T19:45:53Z
2026-06-08T19:45:40Z,2026-06-08T21:45:40+0200,2c10495a-697a-4f81-9dc4-3022854a0ce3,2026-05-31T09:15:00Z,2026-05-31T11:15:00+0200,9222.31,MW,BE,BE,actual_load,Actual Load,2026-06-08T19:45:53Z
2026-06-08T19:45:40Z,2026-06-08T21:45:40+0200,2c10495a-697a-4f81-9dc4-3022854a0ce3,2026-05-31T09:30:00Z,2026-05-31T11:30:00+0200,9423.02,MW,BE,BE,actual_load,Actual Load,2026-06-08T19:45:53Z
2026-06-08T19:45:40Z,2026-06-08T21:45:40+0200,2c10495a-697a-4f81-9dc4-3022854a0ce3,2026-05-31T09:45:00Z,2026-05-31T11:45:00+0200,9469.97,MW,BE,BE,actual_load,Actual Load,2026-06-08T19:45:53Z
2026-06-08T19:45:40Z,2026-06-08T21:45:40+0200,2c10495a-697a-4f81-9dc4-3022854a0ce3,2026-05-31T10:00:00Z,2026-05-31T12:00:00+0200,9468.46,MW,BE,BE,actual_load,Actual Load,2026-06-08T19:45:53Z
2026-06-08T19:45:40Z,2026-06-08T21:45:40+0200,2c10495a-697a-4f81-9dc4-3022854a0ce3,2026-05-31T10:15:00Z,2026-05-31T12:15:00+0200,9421.21,MW,BE,BE,actual_load,Actual Load,2026-06-08T19:45:53Z
2026-06-08T19:45:40Z,2026-06-08T21:45:40+0200,2c10495a-697a-4f81-9dc4-3022854a0ce3,2026-05-31T10:30:00Z,2026-05-31T12:30:00+0200,9214.52,MW,BE,BE,actual_load,Actual Load,2026-06-08T19:45:53Z
2026-06-08T19:45:40Z,2026-06-08T21:45:40+0200,2c10495a-697a-4f81-9dc4-3022854a0ce3,2026-05-31T10:45:00Z,2026-05-31T12:45:00+0200,9100.39,MW,BE,BE,actual_load,Actual Load,2026-06-08T19:45:53Z
2026-06-08T19:45:40Z,2026-06-08T21:45:40+0200,2c10495a-697a-4f81-9dc4-3022854a0ce3,2026-05-31T11:00:00Z,2026-05-31T13:00:00+0200,9226.87,MW,BE,BE,actual_load,Actual Load,2026-06-08T19:45:53Z
2026-06-08T19:45:40Z,2026-06-08T21:45:40+0200,2c10495a-697a-4f81-9dc4-3022854a0ce3,2026-05-31T11:15:00Z,2026-05-31T13:15:00+0200,9120.22,MW,BE,BE,actual_load,Actual Load,2026-06-08T19:45:53Z
2026-06-08T19:45:40Z,2026-06-08T21:45:40+0200,2c10495a-697a-4f81-9dc4-3022854a0ce3,2026-05-31T11:30:00Z,2026-05-31T13:30:00+0200,9089.9,MW,BE,BE,actual_load,Actual Load,2026-06-08T19:45:53Z
2026-06-08T19:45:40Z,2026-06-08T21:45:40+0200,2c10495a-697a-4f81-9dc4-3022854a0ce3,2026-05-31T11:45:00Z,2026-05-31T13:45:00+0200,8992.5,MW,BE,BE,actual_load,Actual Load,2026-06-08T19:45:53Z
2026-06-08T19:45:40Z,2026-06-08T21:45:40+0200,2c10495a-697a-4f81-9dc4-3022854a0ce3,2026-05-31T12:00:00Z,2026-05-31T14:00:00+0200,9010.98,MW,BE,BE,actual_load,Actual Load,2026-06-08T19:45:53Z
2026-06-08T19:45:40Z,2026-06-08T21:45:40+0200,2c10495a-697a-4f81-9dc4-3022854a0ce3,2026-05-31T12:15:00Z,2026-05-31T14:15:00+0200,9018.31,MW,BE,BE,actual_load,Actual Load,2026-06-08T19:45:53Z
2026-06-08T19:45:40Z,2026-06-08T21:45:40+0200,2c10495a-697a-4f81-9dc4-3022854a0ce3,2026-05-31T12:30:00Z,2026-05-31T14:30:00+0200,8912.26,MW,BE,BE,actual_load,Actual Load,2026-06-08T19:45:53Z
2026-06-08T19:45:40Z,2026-06-08T21:45:40+0200,2c10495a-697a-4f81-9dc4-3022854a0ce3,2026-05-31T12:45:00Z,2026-05-31T14:45:00+0200,8901.71,MW,BE,BE,actual_load,Actual Load,2026-06-08T19:45:53Z
2026-06-08T19:45:40Z,2026-06-08T21:45:40+0200,2c10495a-697a-4f81-9dc4-3022854a0ce3,2026-05-31T13:00:00Z,2026-05-31T15:00:00+0200,8686.03,MW,BE,BE,actual_load,Actual Load,2026-06-08T19:45:53Z
2026-06-08T19:45:40Z,2026-06-08T21:45:40+0200,2c10495a-697a-4f81-9dc4-3022854a0ce3,2026-05-31T13:15:00Z,2026-05-31T15:15:00+0200,8837.06,MW,BE,BE,actual_load,Actual Load,2026-06-08T19:45:53Z
2026-06-08T19:45:40Z,2026-06-08T21:45:40+0200,2c10495a-697a-4f81-9dc4-3022854a0ce3,2026-05-31T13:30:00Z,2026-05-31T15:30:00+0200,8760.28,MW,BE,BE,actual_load,Actual Load,2026-06-08T19:45:53Z
2026-06-08T19:45:40Z,2026-06-08T21:45:40+0200,2c10495a-697a-4f81-9dc4-3022854a0ce3,2026-05-31T13:45:00Z,2026-05-31T15:45:00+0200,8465.15,MW,BE,BE,actual_load,Actual Load,2026-06-08T19:45:53Z
2026-06-08T19:45:40Z,2026-06-08T21:45:40+0200,2c10495a-697a-4f81-9dc4-3022854a0ce3,2026-05-31T14:00:00Z,2026-05-31T16:00:00+0200,8364.24,MW,BE,BE,actual_load,Actual Load,2026-06-08T19:45:53Z
2026-06-08T19:45:40Z,2026-06-08T21:45:40+0200,2c10495a-697a-4f81-9dc4-3022854a0ce3,2026-05-31T14:15:00Z,2026-05-31T16:15:00+0200,8255.45,MW,BE,BE,actual_load,Actual Load,2026-06-08T19:45:53Z
2026-06-08T19:45:40Z,2026-06-08T21:45:40+0200,2c10495a-697a-4f81-9dc4-3022854a0ce3,2026-05-31T14:30:00Z,2026-05-31T16:30:00+0200,8179.72,MW,BE,BE,actual_load,Actual Load,2026-06-08T19:45:53Z
2026-06-08T19:45:40Z,2026-06-08T21:45:40+0200,2c10495a-697a-4f81-9dc4-3022854a0ce3,2026-05-31T14:45:00Z,2026-05-31T16:45:00+0200,8088.0,MW,BE,BE,actual_load,Actual Load,2026-06-08T19:45:53Z
2026-06-08T19:45:40Z,2026-06-08T21:45:40+0200,2c10495a-697a-4f81-9dc4-3022854a0ce3,2026-05-31T15:00:00Z,2026-05-31T17:00:00+0200,8066.13,MW,BE,BE,actual_load,Actual Load,2026-06-08T19:45:53Z
2026-06-08T19:45:40Z,2026-06-08T21:45:40+0200,2c10495a-697a-4f81-9dc4-3022854a0ce3,2026-05-31T15:15:00Z,2026-05-31T17:15:00+0200,8155.8,MW,BE,BE,actual_load,Actual Load,2026-06-08T19:45:53Z
2026-06-08T19:45:40Z,2026-06-08T21:45:40+0200,2c10495a-697a-4f81-9dc4-3022854a0ce3,2026-05-31T15:30:00Z,2026-05-31T17:30:00+0200,8240.73,MW,BE,BE,actual_load,Actual Load,2026-06-08T19:45:53Z
2026-06-08T19:45:40Z,2026-06-08T21:45:40+0200,2c10495a-697a-4f81-9dc4-3022854a0ce3,2026-05-31T15:45:00Z,2026-05-31T17:45:00+0200,8282.27,MW,BE,BE,actual_load,Actual Load,2026-06-08T19:45:53Z
2026-06-08T19:45:40Z,2026-06-08T21:45:40+0200,2c10495a-697a-4f81-9dc4-3022854a0ce3,2026-05-31T16:00:00Z,2026-05-31T18:00:00+0200,8471.25,MW,BE,BE,actual_load,Actual Load,2026-06-08T19:45:53Z
2026-06-08T19:45:40Z,2026-06-08T21:45:40+0200,2c10495a-697a-4f81-9dc4-3022854a0ce3,2026-05-31T16:15:00Z,2026-05-31T18:15:00+0200,8646.17,MW,BE,BE,actual_load,Actual Load,2026-06-08T19:45:53Z
2026-06-08T19:45:40Z,2026-06-08T21:45:40+0200,2c10495a-697a-4f81-9dc4-3022854a0ce3,2026-05-31T16:30:00Z,2026-05-31T18:30:00+0200,8696.41,MW,BE,BE,actual_load,Actual Load,2026-06-08T19:45:53Z
2026-06-08T19:45:40Z,2026-06-08T21:45:40+0200,2c10495a-697a-4f81-9dc4-3022854a0ce3,2026-05-31T16:45:00Z,2026-05-31T18:45:00+0200,8736.36,MW,BE,BE,actual_load,Actual Load,2026-06-08T19:45:53Z
2026-06-08T19:45:40Z,2026-06-08T21:45:40+0200,2c10495a-697a-4f81-9dc4-3022854a0ce3,2026-05-31T17:00:00Z,2026-05-31T19:00:00+0200,8721.18,MW,BE,BE,actual_load,Actual Load,2026-06-08T19:45:53Z
2026-06-08T19:45:40Z,2026-06-08T21:45:40+0200,2c10495a-697a-4f81-9dc4-3022854a0ce3,2026-05-31T17:15:00Z,2026-05-31T19:15:00+0200,8684.19,MW,BE,BE,actual_load,Actual Load,2026-06-08T19:45:53Z
2026-06-08T19:45:40Z,2026-06-08T21:45:40+0200,2c10495a-697a-4f81-9dc4-3022854a0ce3,2026-05-31T17:30:00Z,2026-05-31T19:30:00+0200,8698.05,MW,BE,BE,actual_load,Actual Load,2026-06-08T19:45:53Z
2026-06-08T19:45:40Z,2026-06-08T21:45:40+0200,2c10495a-697a-4f81-9dc4-3022854a0ce3,2026-05-31T17:45:00Z,2026-05-31T19:45:00+0200,8672.6,MW,BE,BE,actual_load,Actual Load,2026-06-08T19:45:53Z
2026-06-08T19:45:40Z,2026-06-08T21:45:40+0200,2c10495a-697a-4f81-9dc4-3022854a0ce3,2026-05-31T18:00:00Z,2026-05-31T20:00:00+0200,8691.82,MW,BE,BE,actual_load,Actual Load,2026-06-08T19:45:53Z
2026-06-08T19:45:40Z,2026-06-08T21:45:40+0200,2c10495a-697a-4f81-9dc4-3022854a0ce3,2026-05-31T18:15:00Z,2026-05-31T20:15:00+0200,8670.04,MW,BE,BE,actual_load,Actual Load,2026-06-08T19:45:53Z
2026-06-08T19:45:40Z,2026-06-08T21:45:40+0200,2c10495a-697a-4f81-9dc4-3022854a0ce3,2026-05-31T18:30:00Z,2026-05-31T20:30:00+0200,8662.89,MW,BE,BE,actual_load,Actual Load,2026-06-08T19:45:53Z
2026-06-08T19:45:40Z,2026-06-08T21:45:40+0200,2c10495a-697a-4f81-9dc4-3022854a0ce3,2026-05-31T18:45:00Z,2026-05-31T20:45:00+0200,8554.29,MW,BE,BE,actual_load,Actual Load,2026-06-08T19:45:53Z
2026-06-08T19:45:40Z,2026-06-08T21:45:40+0200,2c10495a-697a-4f81-9dc4-3022854a0ce3,2026-05-31T19:00:00Z,2026-05-31T21:00:00+0200,8461.85,MW,BE,BE,actual_load,Actual Load,2026-06-08T19:45:53Z
2026-06-08T19:45:40Z,2026-06-08T21:45:40+0200,2c10495a-697a-4f81-9dc4-3022854a0ce3,2026-05-31T19:15:00Z,2026-05-31T21:15:00+0200,8413.22,MW,BE,BE,actual_load,Actual Load,2026-06-08T19:45:53Z
2026-06-08T19:45:40Z,2026-06-08T21:45:40+0200,2c10495a-697a-4f81-9dc4-3022854a0ce3,2026-05-31T19:30:00Z,2026-05-31T21:30:00+0200,8375.37,MW,BE,BE,actual_load,Actual Load,2026-06-08T19:45:53Z
2026-06-08T19:45:40Z,2026-06-08T21:45:40+0200,2c10495a-697a-4f81-9dc4-3022854a0ce3,2026-05-31T19:45:00Z,2026-05-31T21:45:00+0200,8249.92,MW,BE,BE,actual_load,Actual Load,2026-06-08T19:45:53Z
2026-06-08T19:45:40Z,2026-06-08T21:45:40+0200,2c10495a-697a-4f81-9dc4-3022854a0ce3,2026-05-31T20:00:00Z,2026-05-31T22:00:00+0200,8254.88,MW,BE,BE,actual_load,Actual Load,2026-06-08T19:45:53Z
2026-06-08T19:45:40Z,2026-06-08T21:45:40+0200,2c10495a-697a-4f81-9dc4-3022854a0ce3,2026-05-31T20:15:00Z,2026-05-31T22:15:00+0200,8288.18,MW,BE,BE,actual_load,Actual Load,2026-06-08T19:45:53Z
2026-06-08T19:45:40Z,2026-06-08T21:45:40+0200,2c10495a-697a-4f81-9dc4-3022854a0ce3,2026-05-31T20:30:00Z,2026-05-31T22:30:00+0200,8259.4,MW,BE,BE,actual_load,Actual Load,2026-06-08T19:45:53Z
2026-06-08T19:45:40Z,2026-06-08T21:45:40+0200,2c10495a-697a-4f81-9dc4-3022854a0ce3,2026-05-31T20:45:00Z,2026-05-31T22:45:00+0200,8145.87,MW,BE,BE,actual_load,Actual Load,2026-06-08T19:45:53Z
2026-06-08T19:45:40Z,2026-06-08T21:45:40+0200,2c10495a-697a-4f81-9dc4-3022854a0ce3,2026-05-31T21:00:00Z,2026-05-31T23:00:00+0200,8033.8,MW,BE,BE,actual_load,Actual Load,2026-06-08T19:45:53Z
2026-06-08T19:45:40Z,2026-06-08T21:45:40+0200,2c10495a-697a-4f81-9dc4-3022854a0ce3,2026-05-31T21:15:00Z,2026-05-31T23:15:00+0200,7843.62,MW,BE,BE,actual_load,Actual Load,2026-06-08T19:45:53Z
2026-06-08T19:45:40Z,2026-06-08T21:45:40+0200,2c10495a-697a-4f81-9dc4-3022854a0ce3,2026-05-31T21:30:00Z,2026-05-31T23:30:00+0200,7768.18,MW,BE,BE,actual_load,Actual Load,2026-06-08T19:45:53Z
2026-06-08T19:45:40Z,2026-06-08T21:45:40+0200,2c10495a-697a-4f81-9dc4-3022854a0ce3,2026-05-31T21:45:00Z,2026-05-31T23:45:00+0200,7678.34,MW,BE,BE,actual_load,Actual Load,2026-06-08T19:45:53Z
2026-06-08T19:45:40Z,2026-06-08T21:45:40+0200,2c10495a-697a-4f81-9dc4-3022854a0ce3,2026-05-31T22:00:00Z,2026-06-01T00:00:00+0200,7627.67,MW,BE,BE,actual_load,Actual Load,2026-06-08T19:45:53Z
2026-06-08T19:45:40Z,2026-06-08T21:45:40+0200,2c10495a-697a-4f81-9dc4-3022854a0ce3,2026-05-31T22:15:00Z,2026-06-01T00:15:00+0200,7463.59,MW,BE,BE,actual_load,Actual Load,2026-06-08T19:45:53Z
2026-06-08T19:45:40Z,2026-06-08T21:45:40+0200,2c10495a-697a-4f81-9dc4-3022854a0ce3,2026-05-31T22:30:00Z,2026-06-01T00:30:00+0200,7439.42,MW,BE,BE,actual_load,Actual Load,2026-06-08T19:45:53Z
2026-06-08T19:45:40Z,2026-06-08T21:45:40+0200,2c10495a-697a-4f81-9dc4-3022854a0ce3,2026-05-31T22:45:00Z,2026-06-01T00:45:00+0200,7390.54,MW,BE,BE,actual_load,Actual Load,2026-06-08T19:45:53Z
2026-06-08T19:45:40Z,2026-06-08T21:45:40+0200,2c10495a-697a-4f81-9dc4-3022854a0ce3,2026-05-31T23:00:00Z,2026-06-01T01:00:00+0200,7321.2,MW,BE,BE,actual_load,Actual Load,2026-06-08T19:45:53Z
2026-06-08T19:45:40Z,2026-06-08T21:45:40+0200,2c10495a-697a-4f81-9dc4-3022854a0ce3,2026-05-31T23:15:00Z,2026-06-01T01:15:00+0200,7293.34,MW,BE,BE,actual_load,Actual Load,2026-06-08T19:45:53Z
2026-06-08T19:45:40Z,2026-06-08T21:45:40+0200,2c10495a-697a-4f81-9dc4-3022854a0ce3,2026-05-31T23:30:00Z,2026-06-01T01:30:00+0200,7254.07,MW,BE,BE,actual_load,Actual Load,2026-06-08T19:45:53Z
2026-06-08T19:45:40Z,2026-06-08T21:45:40+0200,2c10495a-697a-4f81-9dc4-3022854a0ce3,2026-05-31T23:45:00Z,2026-06-01T01:45:00+0200,7161.22,MW,BE,BE,actual_load,Actual Load,2026-06-08T19:45:53Z
2026-06-08T19:45:40Z,2026-06-08T21:45:40+0200,2c10495a-697a-4f81-9dc4-3022854a0ce3,2026-06-01T00:00:00Z,2026-06-01T02:00:00+0200,7033.52,MW,BE,BE,actual_load,Actual Load,2026-06-08T19:45:53Z
2026-06-08T19:45:40Z,2026-06-08T21:45:40+0200,2c10495a-697a-4f81-9dc4-3022854a0ce3,2026-06-01T00:15:00Z,2026-06-01T02:15:00+0200,7074.75,MW,BE,BE,actual_load,Actual Load,2026-06-08T19:45:53Z
2026-06-08T19:45:40Z,2026-06-08T21:45:40+0200,2c10495a-697a-4f81-9dc4-3022854a0ce3,2026-06-01T00:30:00Z,2026-06-01T02:30:00+0200,7066.47,MW,BE,BE,actual_load,Actual Load,2026-06-08T19:45:53Z
2026-06-08T19:45:40Z,2026-06-08T21:45:40+0200,2c10495a-697a-4f81-9dc4-3022854a0ce3,2026-06-01T00:45:00Z,2026-06-01T02:45:00+0200,7093.83,MW,BE,BE,actual_load,Actual Load,2026-06-08T19:45:53Z
2026-06-08T19:45:40Z,2026-06-08T21:45:40+0200,2c10495a-697a-4f81-9dc4-3022854a0ce3,2026-06-01T01:00:00Z,2026-06-01T03:00:00+0200,7028.26,MW,BE,BE,actual_load,Actual Load,2026-06-08T19:45:53Z
2026-06-08T19:45:40Z,2026-06-08T21:45:40+0200,2c10495a-697a-4f81-9dc4-3022854a0ce3,2026-06-01T01:15:00Z,2026-06-01T03:15:00+0200,7004.44,MW,BE,BE,actual_load,Actual Load,2026-06-08T19:45:53Z
2026-06-08T19:45:40Z,2026-06-08T21:45:40+0200,2c10495a-697a-4f81-9dc4-3022854a0ce3,2026-06-01T01:30:00Z,2026-06-01T03:30:00+0200,7039.18,MW,BE,BE,actual_load,Actual Load,2026-06-08T19:45:53Z
2026-06-08T19:45:40Z,2026-06-08T21:45:40+0200,2c10495a-697a-4f81-9dc4-3022854a0ce3,2026-06-01T01:45:00Z,2026-06-01T03:45:00+0200,7045.3,MW,BE,BE,actual_load,Actual Load,2026-06-08T19:45:53Z
2026-06-08T19:45:40Z,2026-06-08T21:45:40+0200,2c10495a-697a-4f81-9dc4-3022854a0ce3,2026-06-01T02:00:00Z,2026-06-01T04:00:00+0200,7085.86,MW,BE,BE,actual_load,Actual Load,2026-06-08T19:45:53Z
2026-06-08T19:45:40Z,2026-06-08T21:45:40+0200,2c10495a-697a-4f81-9dc4-3022854a0ce3,2026-06-01T02:15:00Z,2026-06-01T04:15:00+0200,7126.85,MW,BE,BE,actual_load,Actual Load,2026-06-08T19:45:53Z
2026-06-08T19:45:40Z,2026-06-08T21:45:40+0200,2c10495a-697a-4f81-9dc4-3022854a0ce3,2026-06-01T02:30:00Z,2026-06-01T04:30:00+0200,7141.11,MW,BE,BE,actual_load,Actual Load,2026-06-08T19:45:53Z
2026-06-08T19:45:40Z,2026-06-08T21:45:40+0200,2c10495a-697a-4f81-9dc4-3022854a0ce3,2026-06-01T02:45:00Z,2026-06-01T04:45:00+0200,7197.9,MW,BE,BE,actual_load,Actual Load,2026-06-08T19:45:53Z
2026-06-08T19:45:40Z,2026-06-08T21:45:40+0200,2c10495a-697a-4f81-9dc4-3022854a0ce3,2026-06-01T03:00:00Z,2026-06-01T05:00:00+0200,7327.6,MW,BE,BE,actual_load,Actual Load,2026-06-08T19:45:53Z
2026-06-08T19:45:40Z,2026-06-08T21:45:40+0200,2c10495a-697a-4f81-9dc4-3022854a0ce3,2026-06-01T03:15:00Z,2026-06-01T05:15:00+0200,7290.99,MW,BE,BE,actual_load,Actual Load,2026-06-08T19:45:53Z
2026-06-08T19:45:40Z,2026-06-08T21:45:40+0200,2c10495a-697a-4f81-9dc4-3022854a0ce3,2026-06-01T03:30:00Z,2026-06-01T05:30:00+0200,7371.2,MW,BE,BE,actual_load,Actual Load,2026-06-08T19:45:53Z
2026-06-08T19:45:40Z,2026-06-08T21:45:40+0200,2c10495a-697a-4f81-9dc4-3022854a0ce3,2026-06-01T03:45:00Z,2026-06-01T05:45:00+0200,7496.29,MW,BE,BE,actual_load,Actual Load,2026-06-08T19:45:53Z
2026-06-08T19:45:40Z,2026-06-08T21:45:40+0200,2c10495a-697a-4f81-9dc4-3022854a0ce3,2026-06-01T04:00:00Z,2026-06-01T06:00:00+0200,7781.39,MW,BE,BE,actual_load,Actual Load,2026-06-08T19:45:53Z
2026-06-08T19:45:40Z,2026-06-08T21:45:40+0200,2c10495a-697a-4f81-9dc4-3022854a0ce3,2026-06-01T04:15:00Z,2026-06-01T06:15:00+0200,8030.73,MW,BE,BE,actual_load,Actual Load,2026-06-08T19:45:53Z
2026-06-08T19:45:40Z,2026-06-08T21:45:40+0200,2c10495a-697a-4f81-9dc4-3022854a0ce3,2026-06-01T04:30:00Z,2026-06-01T06:30:00+0200,8185.1,MW,BE,BE,actual_load,Actual Load,2026-06-08T19:45:53Z
2026-06-08T19:45:40Z,2026-06-08T21:45:40+0200,2c10495a-697a-4f81-9dc4-3022854a0ce3,2026-06-01T04:45:00Z,2026-06-01T06:45:00+0200,8409.16,MW,BE,BE,actual_load,Actual Load,2026-06-08T19:45:53Z
2026-06-08T19:45:40Z,2026-06-08T21:45:40+0200,2c10495a-697a-4f81-9dc4-3022854a0ce3,2026-06-01T05:00:00Z,2026-06-01T07:00:00+0200,8585.07,MW,BE,BE,actual_load,Actual Load,2026-06-08T19:45:53Z
2026-06-08T19:45:40Z,2026-06-08T21:45:40+0200,2c10495a-697a-4f81-9dc4-3022854a0ce3,2026-06-01T05:15:00Z,2026-06-01T07:15:00+0200,8792.88,MW,BE,BE,actual_load,Actual Load,2026-06-08T19:45:53Z
2026-06-08T19:45:40Z,2026-06-08T21:45:40+0200,2c10495a-697a-4f81-9dc4-3022854a0ce3,2026-06-01T05:30:00Z,2026-06-01T07:30:00+0200,8928.22,MW,BE,BE,actual_load,Actual Load,2026-06-08T19:45:53Z
2026-06-08T19:45:40Z,2026-06-08T21:45:40+0200,2c10495a-697a-4f81-9dc4-3022854a0ce3,2026-06-01T05:45:00Z,2026-06-01T07:45:00+0200,9082.59,MW,BE,BE,actual_load,Actual Load,2026-06-08T19:45:53Z
2026-06-08T19:45:40Z,2026-06-08T21:45:40+0200,2c10495a-697a-4f81-9dc4-3022854a0ce3,2026-06-01T06:00:00Z,2026-06-01T08:00:00+0200,9173.64,MW,BE,BE,actual_load,Actual Load,2026-06-08T19:45:53Z
2026-06-08T19:45:40Z,2026-06-08T21:45:40+0200,2c10495a-697a-4f81-9dc4-3022854a0ce3,2026-06-01T06:15:00Z,2026-06-01T08:15:00+0200,9494.52,MW,BE,BE,actual_load,Actual Load,2026-06-08T19:45:53Z
2026-06-08T19:45:40Z,2026-06-08T21:45:40+0200,2c10495a-697a-4f81-9dc4-3022854a0ce3,2026-06-01T06:30:00Z,2026-06-01T08:30:00+0200,9727.84,MW,BE,BE,actual_load,Actual Load,2026-06-08T19:45:53Z
2026-06-08T19:45:40Z,2026-06-08T21:45:40+0200,2c10495a-697a-4f81-9dc4-3022854a0ce3,2026-06-01T06:45:00Z,2026-06-01T08:45:00+0200,9925.88,MW,BE,BE,actual_load,Actual Load,2026-06-08T19:45:53Z
2026-06-08T19:45:40Z,2026-06-08T21:45:40+0200,2c10495a-697a-4f81-9dc4-3022854a0ce3,2026-06-01T07:00:00Z,2026-06-01T09:00:00+0200,9910.03,MW,BE,BE,actual_load,Actual Load,2026-06-08T19:45:53Z
2026-06-08T19:45:40Z,2026-06-08T21:45:40+0200,2c10495a-697a-4f81-9dc4-3022854a0ce3,2026-06-01T07:15:00Z,2026-06-01T09:15:00+0200,10053.25,MW,BE,BE,actual_load,Actual Load,2026-06-08T19:45:53Z
2026-06-08T19:45:40Z,2026-06-08T21:45:40+0200,2c10495a-697a-4f81-9dc4-3022854a0ce3,2026-06-01T07:30:00Z,2026-06-01T09:30:00+0200,10133.68,MW,BE,BE,actual_load,Actual Load,2026-06-08T19:45:53Z
2026-06-08T19:45:40Z,2026-06-08T21:45:40+0200,2c10495a-697a-4f81-9dc4-3022854a0ce3,2026-06-01T07:45:00Z,2026-06-01T09:45:00+0200,10180.42,MW,BE,BE,actual_load,Actual Load,2026-06-08T19:45:53Z
2026-06-08T19:45:40Z,2026-06-08T21:45:40+0200,2c10495a-697a-4f81-9dc4-3022854a0ce3,2026-06-01T08:00:00Z,2026-06-01T10:00:00+0200,10184.14,MW,BE,BE,actual_load,Actual Load,2026-06-08T19:45:53Z
2026-06-08T19:45:40Z,2026-06-08T21:45:40+0200,2c10495a-697a-4f81-9dc4-3022854a0ce3,2026-06-01T08:15:00Z,2026-06-01T10:15:00+0200,10093.97,MW,BE,BE,actual_load,Actual Load,2026-06-08T19:45:53Z
2026-06-08T19:45:40Z,2026-06-08T21:45:40+0200,2c10495a-697a-4f81-9dc4-3022854a0ce3,2026-06-01T08:30:00Z,2026-06-01T10:30:00+0200,9994.07,MW,BE,BE,actual_load,Actual Load,2026-06-08T19:45:53Z
2026-06-08T19:45:40Z,2026-06-08T21:45:40+0200,2c10495a-697a-4f81-9dc4-3022854a0ce3,2026-06-01T08:45:00Z,2026-06-01T10:45:00+0200,10018.2,MW,BE,BE,actual_load,Actual Load,2026-06-08T19:45:53Z
2026-06-08T19:45:40Z,2026-06-08T21:45:40+0200,2c10495a-697a-4f81-9dc4-3022854a0ce3,2026-06-01T09:00:00Z,2026-06-01T11:00:00+0200,10566.57,MW,BE,BE,actual_load,Actual Load,2026-06-08T19:45:53Z
2026-06-08T19:45:40Z,2026-06-08T21:45:40+0200,2c10495a-697a-4f81-9dc4-3022854a0ce3,2026-06-01T09:15:00Z,2026-06-01T11:15:00+0200,10625.12,MW,BE,BE,actual_load,Actual Load,2026-06-08T19:45:53Z
2026-06-08T19:45:40Z,2026-06-08T21:45:40+0200,2c10495a-697a-4f81-9dc4-3022854a0ce3,2026-06-01T09:30:00Z,2026-06-01T11:30:00+0200,10744.07,MW,BE,BE,actual_load,Actual Load,2026-06-08T19:45:53Z
2026-06-08T19:45:40Z,2026-06-08T21:45:40+0200,2c10495a-697a-4f81-9dc4-3022854a0ce3,2026-06-01T09:45:00Z,2026-06-01T11:45:00+0200,10722.5,MW,BE,BE,actual_load,Actual Load,2026-06-08T19:45:53Z
2026-06-08T19:45:40Z,2026-06-08T21:45:40+0200,2c10495a-697a-4f81-9dc4-3022854a0ce3,2026-06-01T10:00:00Z,2026-06-01T12:00:00+0200,10821.1,MW,BE,BE,actual_load,Actual Load,2026-06-08T19:45:53Z
2026-06-08T19:45:40Z,2026-06-08T21:45:40+0200,2c10495a-697a-4f81-9dc4-3022854a0ce3,2026-06-01T10:15:00Z,2026-06-01T12:15:00+0200,10677.25,MW,BE,BE,actual_load,Actual Load,2026-06-08T19:45:53Z
2026-06-08T19:45:40Z,2026-06-08T21:45:40+0200,2c10495a-697a-4f81-9dc4-3022854a0ce3,2026-06-01T10:30:00Z,2026-06-01T12:30:00+0200,10630.36,MW,BE,BE,actual_load,Actual Load,2026-06-08T19:45:53Z
2026-06-08T19:45:40Z,2026-06-08T21:45:40+0200,2c10495a-697a-4f81-9dc4-3022854a0ce3,2026-06-01T10:45:00Z,2026-06-01T12:45:00+0200,10591.65,MW,BE,BE,actual_load,Actual Load,2026-06-08T19:45:53Z
2026-06-08T19:45:40Z,2026-06-08T21:45:40+0200,2c10495a-697a-4f81-9dc4-3022854a0ce3,2026-06-01T11:00:00Z,2026-06-01T13:00:00+0200,10705.54,MW,BE,BE,actual_load,Actual Load,2026-06-08T19:45:53Z
2026-06-08T19:45:40Z,2026-06-08T21:45:40+0200,2c10495a-697a-4f81-9dc4-3022854a0ce3,2026-06-01T11:15:00Z,2026-06-01T13:15:00+0200,10641.38,MW,BE,BE,actual_load,Actual Load,2026-06-08T19:45:53Z
2026-06-08T19:45:40Z,2026-06-08T21:45:40+0200,2c10495a-697a-4f81-9dc4-3022854a0ce3,2026-06-01T11:30:00Z,2026-06-01T13:30:00+0200,10587.66,MW,BE,BE,actual_load,Actual Load,2026-06-08T19:45:53Z
2026-06-08T19:45:40Z,2026-06-08T21:45:40+0200,2c10495a-697a-4f81-9dc4-3022854a0ce3,2026-06-01T11:45:00Z,2026-06-01T13:45:00+0200,10660.56,MW,BE,BE,actual_load,Actual Load,2026-06-08T19:45:53Z
2026-06-08T19:45:40Z,2026-06-08T21:45:40+0200,2c10495a-697a-4f81-9dc4-3022854a0ce3,2026-06-01T12:00:00Z,2026-06-01T14:00:00+0200,10660.88,MW,BE,BE,actual_load,Actual Load,2026-06-08T19:45:53Z
2026-06-08T19:45:40Z,2026-06-08T21:45:40+0200,2c10495a-697a-4f81-9dc4-3022854a0ce3,2026-06-01T12:15:00Z,2026-06-01T14:15:00+0200,10675.31,MW,BE,BE,actual_load,Actual Load,2026-06-08T19:45:53Z
2026-06-08T19:45:40Z,2026-06-08T21:45:40+0200,2c10495a-697a-4f81-9dc4-3022854a0ce3,2026-06-01T12:30:00Z,2026-06-01T14:30:00+0200,10588.41,MW,BE,BE,actual_load,Actual Load,2026-06-08T19:45:53Z
2026-06-08T19:45:40Z,2026-06-08T21:45:40+0200,2c10495a-697a-4f81-9dc4-3022854a0ce3,2026-06-01T12:45:00Z,2026-06-01T14:45:00+0200,10299.89,MW,BE,BE,actual_load,Actual Load,2026-06-08T19:45:53Z
2026-06-08T19:45:40Z,2026-06-08T21:45:40+0200,2c10495a-697a-4f81-9dc4-3022854a0ce3,2026-06-01T13:00:00Z,2026-06-01T15:00:00+0200,10005.16,MW,BE,BE,actual_load,Actual Load,2026-06-08T19:45:53Z
2026-06-08T19:45:40Z,2026-06-08T21:45:40+0200,2c10495a-697a-4f81-9dc4-3022854a0ce3,2026-06-01T13:15:00Z,2026-06-01T15:15:00+0200,9678.82,MW,BE,BE,actual_load,Actual Load,2026-06-08T19:45:53Z
2026-06-08T19:45:40Z,2026-06-08T21:45:40+0200,2c10495a-697a-4f81-9dc4-3022854a0ce3,2026-06-01T13:30:00Z,2026-06-01T15:30:00+0200,9715.59,MW,BE,BE,actual_load,Actual Load,2026-06-08T19:45:53Z
2026-06-08T19:45:40Z,2026-06-08T21:45:40+0200,2c10495a-697a-4f81-9dc4-3022854a0ce3,2026-06-01T13:45:00Z,2026-06-01T15:45:00+0200,9904.46,MW,BE,BE,actual_load,Actual Load,2026-06-08T19:45:53Z
2026-06-08T19:45:40Z,2026-06-08T21:45:40+0200,2c10495a-697a-4f81-9dc4-3022854a0ce3,2026-06-01T14:00:00Z,2026-06-01T16:00:00+0200,9861.61,MW,BE,BE,actual_load,Actual Load,2026-06-08T19:45:53Z
2026-06-08T19:45:40Z,2026-06-08T21:45:40+0200,2c10495a-697a-4f81-9dc4-3022854a0ce3,2026-06-01T14:15:00Z,2026-06-01T16:15:00+0200,9762.16,MW,BE,BE,actual_load,Actual Load,2026-06-08T19:45:53Z
2026-06-08T19:45:40Z,2026-06-08T21:45:40+0200,2c10495a-697a-4f81-9dc4-3022854a0ce3,2026-06-01T14:30:00Z,2026-06-01T16:30:00+0200,9612.46,MW,BE,BE,actual_load,Actual Load,2026-06-08T19:45:53Z
2026-06-08T19:45:40Z,2026-06-08T21:45:40+0200,2c10495a-697a-4f81-9dc4-3022854a0ce3,2026-06-01T14:45:00Z,2026-06-01T16:45:00+0200,9465.36,MW,BE,BE,actual_load,Actual Load,2026-06-08T19:45:53Z
2026-06-08T19:45:40Z,2026-06-08T21:45:40+0200,2c10495a-697a-4f81-9dc4-3022854a0ce3,2026-06-01T15:00:00Z,2026-06-01T17:00:00+0200,9494.45,MW,BE,BE,actual_load,Actual Load,2026-06-08T19:45:53Z
2026-06-08T19:45:40Z,2026-06-08T21:45:40+0200,2c10495a-697a-4f81-9dc4-3022854a0ce3,2026-06-01T15:15:00Z,2026-06-01T17:15:00+0200,9584.38,MW,BE,BE,actual_load,Actual Load,2026-06-08T19:45:53Z
2026-06-08T19:45:40Z,2026-06-08T21:45:40+0200,2c10495a-697a-4f81-9dc4-3022854a0ce3,2026-06-01T15:30:00Z,2026-06-01T17:30:00+0200,9626.91,MW,BE,BE,actual_load,Actual Load,2026-06-08T19:45:53Z
2026-06-08T19:45:40Z,2026-06-08T21:45:40+0200,2c10495a-697a-4f81-9dc4-3022854a0ce3,2026-06-01T15:45:00Z,2026-06-01T17:45:00+0200,9700.72,MW,BE,BE,actual_load,Actual Load,2026-06-08T19:45:53Z
2026-06-08T19:45:40Z,2026-06-08T21:45:40+0200,2c10495a-697a-4f81-9dc4-3022854a0ce3,2026-06-01T16:00:00Z,2026-06-01T18:00:00+0200,9761.64,MW,BE,BE,actual_load,Actual Load,2026-06-08T19:45:53Z
2026-06-08T19:45:40Z,2026-06-08T21:45:40+0200,2c10495a-697a-4f81-9dc4-3022854a0ce3,2026-06-01T16:15:00Z,2026-06-01T18:15:00+0200,9705.99,MW,BE,BE,actual_load,Actual Load,2026-06-08T19:45:53Z
2026-06-08T19:45:40Z,2026-06-08T21:45:40+0200,2c10495a-697a-4f81-9dc4-3022854a0ce3,2026-06-01T16:30:00Z,2026-06-01T18:30:00+0200,9774.84,MW,BE,BE,actual_load,Actual Load,2026-06-08T19:45:53Z
2026-06-08T19:45:40Z,2026-06-08T21:45:40+0200,2c10495a-697a-4f81-9dc4-3022854a0ce3,2026-06-01T16:45:00Z,2026-06-01T18:45:00+0200,9809.84,MW,BE,BE,actual_load,Actual Load,2026-06-08T19:45:53Z
2026-06-08T19:45:40Z,2026-06-08T21:45:40+0200,2c10495a-697a-4f81-9dc4-3022854a0ce3,2026-06-01T17:00:00Z,2026-06-01T19:00:00+0200,9837.88,MW,BE,BE,actual_load,Actual Load,2026-06-08T19:45:53Z
2026-06-08T19:45:40Z,2026-06-08T21:45:40+0200,2c10495a-697a-4f81-9dc4-3022854a0ce3,2026-06-01T17:15:00Z,2026-06-01T19:15:00+0200,9802.92,MW,BE,BE,actual_load,Actual Load,2026-06-08T19:45:53Z
2026-06-08T19:45:40Z,2026-06-08T21:45:40+0200,2c10495a-697a-4f81-9dc4-3022854a0ce3,2026-06-01T17:30:00Z,2026-06-01T19:30:00+0200,9638.5,MW,BE,BE,actual_load,Actual Load,2026-06-08T19:45:53Z
2026-06-08T19:45:40Z,2026-06-08T21:45:40+0200,2c10495a-697a-4f81-9dc4-3022854a0ce3,2026-06-01T17:45:00Z,2026-06-01T19:45:00+0200,9471.2,MW,BE,BE,actual_load,Actual Load,2026-06-08T19:45:53Z
2026-06-08T19:45:40Z,2026-06-08T21:45:40+0200,2c10495a-697a-4f81-9dc4-3022854a0ce3,2026-06-01T18:00:00Z,2026-06-01T20:00:00+0200,9517.58,MW,BE,BE,actual_load,Actual Load,2026-06-08T19:45:53Z
2026-06-08T19:45:40Z,2026-06-08T21:45:40+0200,2c10495a-697a-4f81-9dc4-3022854a0ce3,2026-06-01T18:15:00Z,2026-06-01T20:15:00+0200,9376.93,MW,BE,BE,actual_load,Actual Load,2026-06-08T19:45:53Z
2026-06-08T19:45:40Z,2026-06-08T21:45:40+0200,2c10495a-697a-4f81-9dc4-3022854a0ce3,2026-06-01T18:30:00Z,2026-06-01T20:30:00+0200,9311.02,MW,BE,BE,actual_load,Actual Load,2026-06-08T19:45:53Z
2026-06-08T19:45:40Z,2026-06-08T21:45:40+0200,2c10495a-697a-4f81-9dc4-3022854a0ce3,2026-06-01T18:45:00Z,2026-06-01T20:45:00+0200,9202.2,MW,BE,BE,actual_load,Actual Load,2026-06-08T19:45:53Z
2026-06-08T19:45:40Z,2026-06-08T21:45:40+0200,2c10495a-697a-4f81-9dc4-3022854a0ce3,2026-06-01T19:00:00Z,2026-06-01T21:00:00+0200,9026.04,MW,BE,BE,actual_load,Actual Load,2026-06-08T19:45:53Z
2026-06-08T19:45:40Z,2026-06-08T21:45:40+0200,2c10495a-697a-4f81-9dc4-3022854a0ce3,2026-06-01T19:15:00Z,2026-06-01T21:15:00+0200,8903.42,MW,BE,BE,actual_load,Actual Load,2026-06-08T19:45:53Z
2026-06-08T19:45:40Z,2026-06-08T21:45:40+0200,2c10495a-697a-4f81-9dc4-3022854a0ce3,2026-06-01T19:30:00Z,2026-06-01T21:30:00+0200,8839.81,MW,BE,BE,actual_load,Actual Load,2026-06-08T19:45:53Z
2026-06-08T19:45:40Z,2026-06-08T21:45:40+0200,2c10495a-697a-4f81-9dc4-3022854a0ce3,2026-06-01T19:45:00Z,2026-06-01T21:45:00+0200,8784.54,MW,BE,BE,actual_load,Actual Load,2026-06-08T19:45:53Z
2026-06-08T19:45:40Z,2026-06-08T21:45:40+0200,2c10495a-697a-4f81-9dc4-3022854a0ce3,2026-06-01T20:00:00Z,2026-06-01T22:00:00+0200,8773.39,MW,BE,BE,actual_load,Actual Load,2026-06-08T19:45:53Z
2026-06-08T19:45:40Z,2026-06-08T21:45:40+0200,2c10495a-697a-4f81-9dc4-3022854a0ce3,2026-06-01T20:15:00Z,2026-06-01T22:15:00+0200,8859.91,MW,BE,BE,actual_load,Actual Load,2026-06-08T19:45:53Z
2026-06-08T19:45:40Z,2026-06-08T21:45:40+0200,2c10495a-697a-4f81-9dc4-3022854a0ce3,2026-06-01T20:30:00Z,2026-06-01T22:30:00+0200,8805.48,MW,BE,BE,actual_load,Actual Load,2026-06-08T19:45:53Z
2026-06-08T19:45:40Z,2026-06-08T21:45:40+0200,2c10495a-697a-4f81-9dc4-3022854a0ce3,2026-06-01T20:45:00Z,2026-06-01T22:45:00+0200,8703.43,MW,BE,BE,actual_load,Actual Load,2026-06-08T19:45:53Z
2026-06-08T19:45:40Z,2026-06-08T21:45:40+0200,2c10495a-697a-4f81-9dc4-3022854a0ce3,2026-06-01T21:00:00Z,2026-06-01T23:00:00+0200,8598.32,MW,BE,BE,actual_load,Actual Load,2026-06-08T19:45:53Z
2026-06-08T19:45:40Z,2026-06-08T21:45:40+0200,2c10495a-697a-4f81-9dc4-3022854a0ce3,2026-06-01T21:15:00Z,2026-06-01T23:15:00+0200,8479.16,MW,BE,BE,actual_load,Actual Load,2026-06-08T19:45:53Z
2026-06-08T19:45:40Z,2026-06-08T21:45:40+0200,2c10495a-697a-4f81-9dc4-3022854a0ce3,2026-06-01T21:30:00Z,2026-06-01T23:30:00+0200,8338.3,MW,BE,BE,actual_load,Actual Load,2026-06-08T19:45:53Z
2026-06-08T19:45:40Z,2026-06-08T21:45:40+0200,2c10495a-697a-4f81-9dc4-3022854a0ce3,2026-06-01T21:45:00Z,2026-06-01T23:45:00+0200,8195.46,MW,BE,BE,actual_load,Actual Load,2026-06-08T19:45:53Z
2026-06-08T19:45:40Z,2026-06-08T21:45:40+0200,2c10495a-697a-4f81-9dc4-3022854a0ce3,2026-06-01T22:00:00Z,2026-06-02T00:00:00+0200,7977.6,MW,BE,BE,actual_load,Actual Load,2026-06-08T19:45:53Z
2026-06-08T19:45:40Z,2026-06-08T21:45:40+0200,2c10495a-697a-4f81-9dc4-3022854a0ce3,2026-06-01T22:15:00Z,2026-06-02T00:15:00+0200,7848.68,MW,BE,BE,actual_load,Actual Load,2026-06-08T19:45:53Z
2026-06-08T19:45:40Z,2026-06-08T21:45:40+0200,2c10495a-697a-4f81-9dc4-3022854a0ce3,2026-06-01T22:30:00Z,2026-06-02T00:30:00+0200,7788.69,MW,BE,BE,actual_load,Actual Load,2026-06-08T19:45:53Z
2026-06-08T19:45:40Z,2026-06-08T21:45:40+0200,2c10495a-697a-4f81-9dc4-3022854a0ce3,2026-06-01T22:45:00Z,2026-06-02T00:45:00+0200,7784.22,MW,BE,BE,actual_load,Actual Load,2026-06-08T19:45:53Z
2026-06-08T19:45:40Z,2026-06-08T21:45:40+0200,2c10495a-697a-4f81-9dc4-3022854a0ce3,2026-06-01T23:00:00Z,2026-06-02T01:00:00+0200,7619.8,MW,BE,BE,actual_load,Actual Load,2026-06-08T19:45:53Z
2026-06-08T19:45:40Z,2026-06-08T21:45:40+0200,2c10495a-697a-4f81-9dc4-3022854a0ce3,2026-06-01T23:15:00Z,2026-06-02T01:15:00+0200,7535.16,MW,BE,BE,actual_load,Actual Load,2026-06-08T19:45:53Z
2026-06-08T19:45:40Z,2026-06-08T21:45:40+0200,2c10495a-697a-4f81-9dc4-3022854a0ce3,2026-06-01T23:30:00Z,2026-06-02T01:30:00+0200,7510.79,MW,BE,BE,actual_load,Actual Load,2026-06-08T19:45:53Z
2026-06-08T19:45:40Z,2026-06-08T21:45:40+0200,2c10495a-697a-4f81-9dc4-3022854a0ce3,2026-06-01T23:45:00Z,2026-06-02T01:45:00+0200,7373.72,MW,BE,BE,actual_load,Actual Load,2026-06-08T19:45:53Z
2026-06-08T19:45:40Z,2026-06-08T21:45:40+0200,2c10495a-697a-4f81-9dc4-3022854a0ce3,2026-06-02T00:00:00Z,2026-06-02T02:00:00+0200,7297.51,MW,BE,BE,actual_load,Actual Load,2026-06-08T19:45:53Z
2026-06-08T19:45:40Z,2026-06-08T21:45:40+0200,2c10495a-697a-4f81-9dc4-3022854a0ce3,2026-06-02T00:15:00Z,2026-06-02T02:15:00+0200,7289.16,MW,BE,BE,actual_load,Actual Load,2026-06-08T19:45:53Z
2026-06-08T19:45:40Z,2026-06-08T21:45:40+0200,2c10495a-697a-4f81-9dc4-3022854a0ce3,2026-06-02T00:30:00Z,2026-06-02T02:30:00+0200,7352.5,MW,BE,BE,actual_load,Actual Load,2026-06-08T19:45:53Z
2026-06-08T19:45:40Z,2026-06-08T21:45:40+0200,2c10495a-697a-4f81-9dc4-3022854a0ce3,2026-06-02T00:45:00Z,2026-06-02T02:45:00+0200,7279.89,MW,BE,BE,actual_load,Actual Load,2026-06-08T19:45:53Z
2026-06-08T19:45:40Z,2026-06-08T21:45:40+0200,2c10495a-697a-4f81-9dc4-3022854a0ce3,2026-06-02T01:00:00Z,2026-06-02T03:00:00+0200,7276.5,MW,BE,BE,actual_load,Actual Load,2026-06-08T19:45:53Z
2026-06-08T19:45:40Z,2026-06-08T21:45:40+0200,2c10495a-697a-4f81-9dc4-3022854a0ce3,2026-06-02T01:15:00Z,2026-06-02T03:15:00+0200,7303.0,MW,BE,BE,actual_load,Actual Load,2026-06-08T19:45:53Z
2026-06-08T19:45:40Z,2026-06-08T21:45:40+0200,2c10495a-697a-4f81-9dc4-3022854a0ce3,2026-06-02T01:30:00Z,2026-06-02T03:30:00+0200,7264.4,MW,BE,BE,actual_load,Actual Load,2026-06-08T19:45:53Z
2026-06-08T19:45:40Z,2026-06-08T21:45:40+0200,2c10495a-697a-4f81-9dc4-3022854a0ce3,2026-06-02T01:45:00Z,2026-06-02T03:45:00+0200,7330.29,MW,BE,BE,actual_load,Actual Load,2026-06-08T19:45:53Z
2026-06-08T19:45:40Z,2026-06-08T21:45:40+0200,2c10495a-697a-4f81-9dc4-3022854a0ce3,2026-06-02T02:00:00Z,2026-06-02T04:00:00+0200,7353.46,MW,BE,BE,actual_load,Actual Load,2026-06-08T19:45:53Z
2026-06-08T19:45:40Z,2026-06-08T21:45:40+0200,2c10495a-697a-4f81-9dc4-3022854a0ce3,2026-06-02T02:15:00Z,2026-06-02T04:15:00+0200,7396.4,MW,BE,BE,actual_load,Actual Load,2026-06-08T19:45:53Z
2026-06-08T19:45:40Z,2026-06-08T21:45:40+0200,2c10495a-697a-4f81-9dc4-3022854a0ce3,2026-06-02T02:30:00Z,2026-06-02T04:30:00+0200,7427.12,MW,BE,BE,actual_load,Actual Load,2026-06-08T19:45:53Z
2026-06-08T19:45:40Z,2026-06-08T21:45:40+0200,2c10495a-697a-4f81-9dc4-3022854a0ce3,2026-06-02T02:45:00Z,2026-06-02T04:45:00+0200,7453.88,MW,BE,BE,actual_load,Actual Load,2026-06-08T19:45:53Z
2026-06-08T19:45:40Z,2026-06-08T21:45:40+0200,2c10495a-697a-4f81-9dc4-3022854a0ce3,2026-06-02T03:00:00Z,2026-06-02T05:00:00+0200,7667.82,MW,BE,BE,actual_load,Actual Load,2026-06-08T19:45:53Z
2026-06-08T19:45:40Z,2026-06-08T21:45:40+0200,2c10495a-697a-4f81-9dc4-3022854a0ce3,2026-06-02T03:15:00Z,2026-06-02T05:15:00+0200,7597.77,MW,BE,BE,actual_load,Actual Load,2026-06-08T19:45:53Z
2026-06-08T19:45:40Z,2026-06-08T21:45:40+0200,2c10495a-697a-4f81-9dc4-3022854a0ce3,2026-06-02T03:30:00Z,2026-06-02T05:30:00+0200,7708.02,MW,BE,BE,actual_load,Actual Load,2026-06-08T19:45:53Z
2026-06-08T19:45:40Z,2026-06-08T21:45:40+0200,2c10495a-697a-4f81-9dc4-3022854a0ce3,2026-06-02T03:45:00Z,2026-06-02T05:45:00+0200,7769.66,MW,BE,BE,actual_load,Actual Load,2026-06-08T19:45:53Z
2026-06-08T19:45:40Z,2026-06-08T21:45:40+0200,2c10495a-697a-4f81-9dc4-3022854a0ce3,2026-06-02T04:00:00Z,2026-06-02T06:00:00+0200,8061.68,MW,BE,BE,actual_load,Actual Load,2026-06-08T19:45:53Z
2026-06-08T19:45:40Z,2026-06-08T21:45:40+0200,2c10495a-697a-4f81-9dc4-3022854a0ce3,2026-06-02T04:15:00Z,2026-06-02T06:15:00+0200,8289.5,MW,BE,BE,actual_load,Actual Load,2026-06-08T19:45:53Z
2026-06-08T19:45:40Z,2026-06-08T21:45:40+0200,2c10495a-697a-4f81-9dc4-3022854a0ce3,2026-06-02T04:30:00Z,2026-06-02T06:30:00+0200,8554.82,MW,BE,BE,actual_load,Actual Load,2026-06-08T19:45:53Z
2026-06-08T19:45:40Z,2026-06-08T21:45:40+0200,2c10495a-697a-4f81-9dc4-3022854a0ce3,2026-06-02T04:45:00Z,2026-06-02T06:45:00+0200,8815.06,MW,BE,BE,actual_load,Actual Load,2026-06-08T19:45:53Z
2026-06-08T19:45:40Z,2026-06-08T21:45:40+0200,2c10495a-697a-4f81-9dc4-3022854a0ce3,2026-06-02T05:00:00Z,2026-06-02T07:00:00+0200,9058.6,MW,BE,BE,actual_load,Actual Load,2026-06-08T19:45:53Z
2026-06-08T19:45:40Z,2026-06-08T21:45:40+0200,2c10495a-697a-4f81-9dc4-3022854a0ce3,2026-06-02T05:15:00Z,2026-06-02T07:15:00+0200,9320.98,MW,BE,BE,actual_load,Actual Load,2026-06-08T19:45:53Z
2026-06-08T19:45:40Z,2026-06-08T21:45:40+0200,2c10495a-697a-4f81-9dc4-3022854a0ce3,2026-06-02T05:30:00Z,2026-06-02T07:30:00+0200,9353.39,MW,BE,BE,actual_load,Actual Load,2026-06-08T19:45:53Z
2026-06-08T19:45:40Z,2026-06-08T21:45:40+0200,2c10495a-697a-4f81-9dc4-3022854a0ce3,2026-06-02T05:45:00Z,2026-06-02T07:45:00+0200,9639.38,MW,BE,BE,actual_load,Actual Load,2026-06-08T19:45:53Z
2026-06-08T19:45:40Z,2026-06-08T21:45:40+0200,2c10495a-697a-4f81-9dc4-3022854a0ce3,2026-06-02T06:00:00Z,2026-06-02T08:00:00+0200,9848.16,MW,BE,BE,actual_load,Actual Load,2026-06-08T19:45:53Z
2026-06-08T19:45:40Z,2026-06-08T21:45:40+0200,2c10495a-697a-4f81-9dc4-3022854a0ce3,2026-06-02T06:15:00Z,2026-06-02T08:15:00+0200,9873.71,MW,BE,BE,actual_load,Actual Load,2026-06-08T19:45:53Z
2026-06-08T19:45:40Z,2026-06-08T21:45:40+0200,2c10495a-697a-4f81-9dc4-3022854a0ce3,2026-06-02T06:30:00Z,2026-06-02T08:30:00+0200,10049.12,MW,BE,BE,actual_load,Actual Load,2026-06-08T19:45:53Z
2026-06-08T19:45:40Z,2026-06-08T21:45:40+0200,2c10495a-697a-4f81-9dc4-3022854a0ce3,2026-06-02T06:45:00Z,2026-06-02T08:45:00+0200,10115.4,MW,BE,BE,actual_load,Actual Load,2026-06-08T19:45:53Z
2026-06-08T19:45:40Z,2026-06-08T21:45:40+0200,2c10495a-697a-4f81-9dc4-3022854a0ce3,2026-06-02T07:00:00Z,2026-06-02T09:00:00+0200,9932.16,MW,BE,BE,actual_load,Actual Load,2026-06-08T19:45:53Z
2026-06-08T19:45:40Z,2026-06-08T21:45:40+0200,2c10495a-697a-4f81-9dc4-3022854a0ce3,2026-06-02T07:15:00Z,2026-06-02T09:15:00+0200,9900.12,MW,BE,BE,actual_load,Actual Load,2026-06-08T19:45:53Z
2026-06-08T19:45:40Z,2026-06-08T21:45:40+0200,2c10495a-697a-4f81-9dc4-3022854a0ce3,2026-06-02T07:30:00Z,2026-06-02T09:30:00+0200,9819.01,MW,BE,BE,actual_load,Actual Load,2026-06-08T19:45:53Z
2026-06-08T19:45:40Z,2026-06-08T21:45:40+0200,2c10495a-697a-4f81-9dc4-3022854a0ce3,2026-06-02T07:45:00Z,2026-06-02T09:45:00+0200,9918.71,MW,BE,BE,actual_load,Actual Load,2026-06-08T19:45:53Z
2026-06-08T19:45:40Z,2026-06-08T21:45:40+0200,2c10495a-697a-4f81-9dc4-3022854a0ce3,2026-06-02T08:00:00Z,2026-06-02T10:00:00+0200,10050.97,MW,BE,BE,actual_load,Actual Load,2026-06-08T19:45:53Z
2026-06-08T19:45:40Z,2026-06-08T21:45:40+0200,2c10495a-697a-4f81-9dc4-3022854a0ce3,2026-06-02T08:15:00Z,2026-06-02T10:15:00+0200,10122.87,MW,BE,BE,actual_load,Actual Load,2026-06-08T19:45:53Z
2026-06-08T19:45:40Z,2026-06-08T21:45:40+0200,2c10495a-697a-4f81-9dc4-3022854a0ce3,2026-06-02T08:30:00Z,2026-06-02T10:30:00+0200,10123.7,MW,BE,BE,actual_load,Actual Load,2026-06-08T19:45:53Z
2026-06-08T19:45:40Z,2026-06-08T21:45:40+0200,2c10495a-697a-4f81-9dc4-3022854a0ce3,2026-06-02T08:45:00Z,2026-06-02T10:45:00+0200,10121.94,MW,BE,BE,actual_load,Actual Load,2026-06-08T19:45:53Z
2026-06-08T19:45:40Z,2026-06-08T21:45:40+0200,2c10495a-697a-4f81-9dc4-3022854a0ce3,2026-06-02T09:00:00Z,2026-06-02T11:00:00+0200,10442.06,MW,BE,BE,actual_load,Actual Load,2026-06-08T19:45:53Z
2026-06-08T19:45:40Z,2026-06-08T21:45:40+0200,2c10495a-697a-4f81-9dc4-3022854a0ce3,2026-06-02T09:15:00Z,2026-06-02T11:15:00+0200,10828.53,MW,BE,BE,actual_load,Actual Load,2026-06-08T19:45:53Z
2026-06-08T19:45:40Z,2026-06-08T21:45:40+0200,2c10495a-697a-4f81-9dc4-3022854a0ce3,2026-06-02T09:30:00Z,2026-06-02T11:30:00+0200,10907.03,MW,BE,BE,actual_load,Actual Load,2026-06-08T19:45:53Z
2026-06-08T19:45:40Z,2026-06-08T21:45:40+0200,2c10495a-697a-4f81-9dc4-3022854a0ce3,2026-06-02T09:45:00Z,2026-06-02T11:45:00+0200,10938.57,MW,BE,BE,actual_load,Actual Load,2026-06-08T19:45:53Z
2026-06-08T19:45:40Z,2026-06-08T21:45:40+0200,2c10495a-697a-4f81-9dc4-3022854a0ce3,2026-06-02T10:00:00Z,2026-06-02T12:00:00+0200,10710.59,MW,BE,BE,actual_load,Actual Load,2026-06-08T19:45:53Z
2026-06-08T19:45:40Z,2026-06-08T21:45:40+0200,2c10495a-697a-4f81-9dc4-3022854a0ce3,2026-06-02T10:15:00Z,2026-06-02T12:15:00+0200,10578.35,MW,BE,BE,actual_load,Actual Load,2026-06-08T19:45:53Z
2026-06-08T19:45:40Z,2026-06-08T21:45:40+0200,2c10495a-697a-4f81-9dc4-3022854a0ce3,2026-06-02T10:30:00Z,2026-06-02T12:30:00+0200,10723.42,MW,BE,BE,actual_load,Actual Load,2026-06-08T19:45:53Z
2026-06-08T19:45:40Z,2026-06-08T21:45:40+0200,2c10495a-697a-4f81-9dc4-3022854a0ce3,2026-06-02T10:45:00Z,2026-06-02T12:45:00+0200,10667.89,MW,BE,BE,actual_load,Actual Load,2026-06-08T19:45:53Z
2026-06-08T19:45:40Z,2026-06-08T21:45:40+0200,2c10495a-697a-4f81-9dc4-3022854a0ce3,2026-06-02T11:00:00Z,2026-06-02T13:00:00+0200,10486.27,MW,BE,BE,actual_load,Actual Load,2026-06-08T19:45:53Z
2026-06-08T19:45:40Z,2026-06-08T21:45:40+0200,2c10495a-697a-4f81-9dc4-3022854a0ce3,2026-06-02T11:15:00Z,2026-06-02T13:15:00+0200,10373.18,MW,BE,BE,actual_load,Actual Load,2026-06-08T19:45:53Z
2026-06-08T19:45:40Z,2026-06-08T21:45:40+0200,2c10495a-697a-4f81-9dc4-3022854a0ce3,2026-06-02T11:30:00Z,2026-06-02T13:30:00+0200,10325.34,MW,BE,BE,actual_load,Actual Load,2026-06-08T19:45:53Z
2026-06-08T19:45:40Z,2026-06-08T21:45:40+0200,2c10495a-697a-4f81-9dc4-3022854a0ce3,2026-06-02T11:45:00Z,2026-06-02T13:45:00+0200,10178.68,MW,BE,BE,actual_load,Actual Load,2026-06-08T19:45:53Z
2026-06-08T19:45:40Z,2026-06-08T21:45:40+0200,2c10495a-697a-4f81-9dc4-3022854a0ce3,2026-06-02T12:00:00Z,2026-06-02T14:00:00+0200,10030.02,MW,BE,BE,actual_load,Actual Load,2026-06-08T19:45:53Z
2026-06-08T19:45:40Z,2026-06-08T21:45:40+0200,2c10495a-697a-4f81-9dc4-3022854a0ce3,2026-06-02T12:15:00Z,2026-06-02T14:15:00+0200,9972.37,MW,BE,BE,actual_load,Actual Load,2026-06-08T19:45:53Z
2026-06-08T19:45:40Z,2026-06-08T21:45:40+0200,2c10495a-697a-4f81-9dc4-3022854a0ce3,2026-06-02T12:30:00Z,2026-06-02T14:30:00+0200,9915.53,MW,BE,BE,actual_load,Actual Load,2026-06-08T19:45:53Z
2026-06-08T19:45:40Z,2026-06-08T21:45:40+0200,2c10495a-697a-4f81-9dc4-3022854a0ce3,2026-06-02T12:45:00Z,2026-06-02T14:45:00+0200,10096.43,MW,BE,BE,actual_load,Actual Load,2026-06-08T19:45:53Z
2026-06-08T19:45:40Z,2026-06-08T21:45:40+0200,2c10495a-697a-4f81-9dc4-3022854a0ce3,2026-06-02T13:00:00Z,2026-06-02T15:00:00+0200,10258.13,MW,BE,BE,actual_load,Actual Load,2026-06-08T19:45:53Z
2026-06-08T19:45:40Z,2026-06-08T21:45:40+0200,2c10495a-697a-4f81-9dc4-3022854a0ce3,2026-06-02T13:15:00Z,2026-06-02T15:15:00+0200,10488.31,MW,BE,BE,actual_load,Actual Load,2026-06-08T19:45:53Z
2026-06-08T19:45:40Z,2026-06-08T21:45:40+0200,2c10495a-697a-4f81-9dc4-3022854a0ce3,2026-06-02T13:30:00Z,2026-06-02T15:30:00+0200,10399.65,MW,BE,BE,actual_load,Actual Load,2026-06-08T19:45:53Z
2026-06-08T19:45:40Z,2026-06-08T21:45:40+0200,2c10495a-697a-4f81-9dc4-3022854a0ce3,2026-06-02T13:45:00Z,2026-06-02T15:45:00+0200,10168.81,MW,BE,BE,actual_load,Actual Load,2026-06-08T19:45:53Z
2026-06-08T19:45:40Z,2026-06-08T21:45:40+0200,2c10495a-697a-4f81-9dc4-3022854a0ce3,2026-06-02T14:00:00Z,2026-06-02T16:00:00+0200,10249.48,MW,BE,BE,actual_load,Actual Load,2026-06-08T19:45:53Z
2026-06-08T19:45:40Z,2026-06-08T21:45:40+0200,2c10495a-697a-4f81-9dc4-3022854a0ce3,2026-06-02T14:15:00Z,2026-06-02T16:15:00+0200,10197.57,MW,BE,BE,actual_load,Actual Load,2026-06-08T19:45:53Z
2026-06-08T19:45:40Z,2026-06-08T21:45:40+0200,2c10495a-697a-4f81-9dc4-3022854a0ce3,2026-06-02T14:30:00Z,2026-06-02T16:30:00+0200,9938.33,MW,BE,BE,actual_load,Actual Load,2026-06-08T19:45:53Z
2026-06-08T19:45:40Z,2026-06-08T21:45:40+0200,2c10495a-697a-4f81-9dc4-3022854a0ce3,2026-06-02T14:45:00Z,2026-06-02T16:45:00+0200,9605.27,MW,BE,BE,actual_load,Actual Load,2026-06-08T19:45:53Z
2026-06-08T19:45:40Z,2026-06-08T21:45:40+0200,2c10495a-697a-4f81-9dc4-3022854a0ce3,2026-06-02T15:00:00Z,2026-06-02T17:00:00+0200,9542.12,MW,BE,BE,actual_load,Actual Load,2026-06-08T19:45:53Z
2026-06-08T19:45:40Z,2026-06-08T21:45:40+0200,2c10495a-697a-4f81-9dc4-3022854a0ce3,2026-06-02T15:15:00Z,2026-06-02T17:15:00+0200,9551.24,MW,BE,BE,actual_load,Actual Load,2026-06-08T19:45:53Z
2026-06-08T19:45:40Z,2026-06-08T21:45:40+0200,2c10495a-697a-4f81-9dc4-3022854a0ce3,2026-06-02T15:30:00Z,2026-06-02T17:30:00+0200,9633.3,MW,BE,BE,actual_load,Actual Load,2026-06-08T19:45:53Z
2026-06-08T19:45:40Z,2026-06-08T21:45:40+0200,2c10495a-697a-4f81-9dc4-3022854a0ce3,2026-06-02T15:45:00Z,2026-06-02T17:45:00+0200,9856.05,MW,BE,BE,actual_load,Actual Load,2026-06-08T19:45:53Z
2026-06-08T19:45:40Z,2026-06-08T21:45:40+0200,2c10495a-697a-4f81-9dc4-3022854a0ce3,2026-06-02T16:00:00Z,2026-06-02T18:00:00+0200,10044.84,MW,BE,BE,actual_load,Actual Load,2026-06-08T19:45:53Z
2026-06-08T19:45:40Z,2026-06-08T21:45:40+0200,2c10495a-697a-4f81-9dc4-3022854a0ce3,2026-06-02T16:15:00Z,2026-06-02T18:15:00+0200,9995.02,MW,BE,BE,actual_load,Actual Load,2026-06-08T19:45:53Z
2026-06-08T19:45:40Z,2026-06-08T21:45:40+0200,2c10495a-697a-4f81-9dc4-3022854a0ce3,2026-06-02T16:30:00Z,2026-06-02T18:30:00+0200,9955.01,MW,BE,BE,actual_load,Actual Load,2026-06-08T19:45:53Z
2026-06-08T19:45:40Z,2026-06-08T21:45:40+0200,2c10495a-697a-4f81-9dc4-3022854a0ce3,2026-06-02T16:45:00Z,2026-06-02T18:45:00+0200,9903.15,MW,BE,BE,actual_load,Actual Load,2026-06-08T19:45:53Z
2026-06-08T19:45:40Z,2026-06-08T21:45:40+0200,2c10495a-697a-4f81-9dc4-3022854a0ce3,2026-06-02T17:00:00Z,2026-06-02T19:00:00+0200,9855.31,MW,BE,BE,actual_load,Actual Load,2026-06-08T19:45:53Z
2026-06-08T19:45:40Z,2026-06-08T21:45:40+0200,2c10495a-697a-4f81-9dc4-3022854a0ce3,2026-06-02T17:15:00Z,2026-06-02T19:15:00+0200,9750.63,MW,BE,BE,actual_load,Actual Load,2026-06-08T19:45:53Z
2026-06-08T19:45:40Z,2026-06-08T21:45:40+0200,2c10495a-697a-4f81-9dc4-3022854a0ce3,2026-06-02T17:30:00Z,2026-06-02T19:30:00+0200,9632.89,MW,BE,BE,actual_load,Actual Load,2026-06-08T19:45:53Z
2026-06-08T19:45:40Z,2026-06-08T21:45:40+0200,2c10495a-697a-4f81-9dc4-3022854a0ce3,2026-06-02T17:45:00Z,2026-06-02T19:45:00+0200,9577.99,MW,BE,BE,actual_load,Actual Load,2026-06-08T19:45:53Z
2026-06-08T19:45:40Z,2026-06-08T21:45:40+0200,2c10495a-697a-4f81-9dc4-3022854a0ce3,2026-06-02T18:00:00Z,2026-06-02T20:00:00+0200,9354.59,MW,BE,BE,actual_load,Actual Load,2026-06-08T19:45:53Z
2026-06-08T19:45:40Z,2026-06-08T21:45:40+0200,2c10495a-697a-4f81-9dc4-3022854a0ce3,2026-06-02T18:15:00Z,2026-06-02T20:15:00+0200,9208.5,MW,BE,BE,actual_load,Actual Load,2026-06-08T19:45:53Z
2026-06-08T19:45:40Z,2026-06-08T21:45:40+0200,2c10495a-697a-4f81-9dc4-3022854a0ce3,2026-06-02T18:30:00Z,2026-06-02T20:30:00+0200,9075.22,MW,BE,BE,actual_load,Actual Load,2026-06-08T19:45:53Z
2026-06-08T19:45:40Z,2026-06-08T21:45:40+0200,2c10495a-697a-4f81-9dc4-3022854a0ce3,2026-06-02T18:45:00Z,2026-06-02T20:45:00+0200,9074.37,MW,BE,BE,actual_load,Actual Load,2026-06-08T19:45:53Z
2026-06-08T19:45:40Z,2026-06-08T21:45:40+0200,2c10495a-697a-4f81-9dc4-3022854a0ce3,2026-06-02T19:00:00Z,2026-06-02T21:00:00+0200,9157.09,MW,BE,BE,actual_load,Actual Load,2026-06-08T19:45:53Z
2026-06-08T19:45:40Z,2026-06-08T21:45:40+0200,2c10495a-697a-4f81-9dc4-3022854a0ce3,2026-06-02T19:15:00Z,2026-06-02T21:15:00+0200,9010.72,MW,BE,BE,actual_load,Actual Load,2026-06-08T19:45:53Z
2026-06-08T19:45:40Z,2026-06-08T21:45:40+0200,2c10495a-697a-4f81-9dc4-3022854a0ce3,2026-06-02T19:30:00Z,2026-06-02T21:30:00+0200,8970.58,MW,BE,BE,actual_load,Actual Load,2026-06-08T19:45:53Z
2026-06-08T19:45:40Z,2026-06-08T21:45:40+0200,2c10495a-697a-4f81-9dc4-3022854a0ce3,2026-06-02T19:45:00Z,2026-06-02T21:45:00+0200,8966.69,MW,BE,BE,actual_load,Actual Load,2026-06-08T19:45:53Z
2026-06-08T19:45:40Z,2026-06-08T21:45:40+0200,2c10495a-697a-4f81-9dc4-3022854a0ce3,2026-06-02T20:00:00Z,2026-06-02T22:00:00+0200,9071.18,MW,BE,BE,actual_load,Actual Load,2026-06-08T19:45:53Z
2026-06-08T19:45:40Z,2026-06-08T21:45:40+0200,2c10495a-697a-4f81-9dc4-3022854a0ce3,2026-06-02T20:15:00Z,2026-06-02T22:15:00+0200,9192.89,MW,BE,BE,actual_load,Actual Load,2026-06-08T19:45:53Z
2026-06-08T19:45:40Z,2026-06-08T21:45:40+0200,2c10495a-697a-4f81-9dc4-3022854a0ce3,2026-06-02T20:30:00Z,2026-06-02T22:30:00+0200,9194.59,MW,BE,BE,actual_load,Actual Load,2026-06-08T19:45:53Z
2026-06-08T19:45:40Z,2026-06-08T21:45:40+0200,2c10495a-697a-4f81-9dc4-3022854a0ce3,2026-06-02T20:45:00Z,2026-06-02T22:45:00+0200,8978.24,MW,BE,BE,actual_load,Actual Load,2026-06-08T19:45:53Z
2026-06-08T19:45:40Z,2026-06-08T21:45:40+0200,2c10495a-697a-4f81-9dc4-3022854a0ce3,2026-06-02T21:00:00Z,2026-06-02T23:00:00+0200,8779.54,MW,BE,BE,actual_load,Actual Load,2026-06-08T19:45:53Z
2026-06-08T19:45:40Z,2026-06-08T21:45:40+0200,2c10495a-697a-4f81-9dc4-3022854a0ce3,2026-06-02T21:15:00Z,2026-06-02T23:15:00+0200,8596.9,MW,BE,BE,actual_load,Actual Load,2026-06-08T19:45:53Z
2026-06-08T19:45:40Z,2026-06-08T21:45:40+0200,2c10495a-697a-4f81-9dc4-3022854a0ce3,2026-06-02T21:30:00Z,2026-06-02T23:30:00+0200,8414.55,MW,BE,BE,actual_load,Actual Load,2026-06-08T19:45:53Z
2026-06-08T19:45:40Z,2026-06-08T21:45:40+0200,2c10495a-697a-4f81-9dc4-3022854a0ce3,2026-06-02T21:45:00Z,2026-06-02T23:45:00+0200,8301.74,MW,BE,BE,actual_load,Actual Load,2026-06-08T19:45:53Z
2026-06-08T19:45:40Z,2026-06-08T21:45:40+0200,2c10495a-697a-4f81-9dc4-3022854a0ce3,2026-06-02T22:00:00Z,2026-06-03T00:00:00+0200,8292.6,MW,BE,BE,actual_load,Actual Load,2026-06-08T19:45:53Z
2026-06-08T19:45:40Z,2026-06-08T21:45:40+0200,2c10495a-697a-4f81-9dc4-3022854a0ce3,2026-06-02T22:15:00Z,2026-06-03T00:15:00+0200,8223.71,MW,BE,BE,actual_load,Actual Load,2026-06-08T19:45:53Z
2026-06-08T19:45:40Z,2026-06-08T21:45:40+0200,2c10495a-697a-4f81-9dc4-3022854a0ce3,2026-06-02T22:30:00Z,2026-06-03T00:30:00+0200,8112.07,MW,BE,BE,actual_load,Actual Load,2026-06-08T19:45:53Z
2026-06-08T19:45:40Z,2026-06-08T21:45:40+0200,2c10495a-697a-4f81-9dc4-3022854a0ce3,2026-06-02T22:45:00Z,2026-06-03T00:45:00+0200,7963.68,MW,BE,BE,actual_load,Actual Load,2026-06-08T19:45:53Z
2026-06-08T19:45:40Z,2026-06-08T21:45:40+0200,2c10495a-697a-4f81-9dc4-3022854a0ce3,2026-06-02T23:00:00Z,2026-06-03T01:00:00+0200,7899.56,MW,BE,BE,actual_load,Actual Load,2026-06-08T19:45:53Z
2026-06-08T19:45:40Z,2026-06-08T21:45:40+0200,2c10495a-697a-4f81-9dc4-3022854a0ce3,2026-06-02T23:15:00Z,2026-06-03T01:15:00+0200,7802.93,MW,BE,BE,actual_load,Actual Load,2026-06-08T19:45:53Z
2026-06-08T19:45:40Z,2026-06-08T21:45:40+0200,2c10495a-697a-4f81-9dc4-3022854a0ce3,2026-06-02T23:30:00Z,2026-06-03T01:30:00+0200,7621.72,MW,BE,BE,actual_load,Actual Load,2026-06-08T19:45:53Z
2026-06-08T19:45:40Z,2026-06-08T21:45:40+0200,2c10495a-697a-4f81-9dc4-3022854a0ce3,2026-06-02T23:45:00Z,2026-06-03T01:45:00+0200,7661.66,MW,BE,BE,actual_load,Actual Load,2026-06-08T19:45:53Z
2026-06-08T19:45:40Z,2026-06-08T21:45:40+0200,2c10495a-697a-4f81-9dc4-3022854a0ce3,2026-06-03T00:00:00Z,2026-06-03T02:00:00+0200,7510.05,MW,BE,BE,actual_load,Actual Load,2026-06-08T19:45:53Z
2026-06-08T19:45:40Z,2026-06-08T21:45:40+0200,2c10495a-697a-4f81-9dc4-3022854a0ce3,2026-06-03T00:15:00Z,2026-06-03T02:15:00+0200,7381.41,MW,BE,BE,actual_load,Actual Load,2026-06-08T19:45:53Z
2026-06-08T19:45:40Z,2026-06-08T21:45:40+0200,2c10495a-697a-4f81-9dc4-3022854a0ce3,2026-06-03T00:30:00Z,2026-06-03T02:30:00+0200,7465.83,MW,BE,BE,actual_load,Actual Load,2026-06-08T19:45:53Z
2026-06-08T19:45:40Z,2026-06-08T21:45:40+0200,2c10495a-697a-4f81-9dc4-3022854a0ce3,2026-06-03T00:45:00Z,2026-06-03T02:45:00+0200,7421.45,MW,BE,BE,actual_load,Actual Load,2026-06-08T19:45:53Z
2026-06-08T19:45:40Z,2026-06-08T21:45:40+0200,2c10495a-697a-4f81-9dc4-3022854a0ce3,2026-06-03T01:00:00Z,2026-06-03T03:00:00+0200,7250.43,MW,BE,BE,actual_load,Actual Load,2026-06-08T19:45:53Z
2026-06-08T19:45:40Z,2026-06-08T21:45:40+0200,2c10495a-697a-4f81-9dc4-3022854a0ce3,2026-06-03T01:15:00Z,2026-06-03T03:15:00+0200,7172.44,MW,BE,BE,actual_load,Actual Load,2026-06-08T19:45:53Z
2026-06-08T19:45:40Z,2026-06-08T21:45:40+0200,2c10495a-697a-4f81-9dc4-3022854a0ce3,2026-06-03T01:30:00Z,2026-06-03T03:30:00+0200,7118.21,MW,BE,BE,actual_load,Actual Load,2026-06-08T19:45:53Z
2026-06-08T19:45:40Z,2026-06-08T21:45:40+0200,2c10495a-697a-4f81-9dc4-3022854a0ce3,2026-06-03T01:45:00Z,2026-06-03T03:45:00+0200,7184.77,MW,BE,BE,actual_load,Actual Load,2026-06-08T19:45:53Z
2026-06-08T19:45:40Z,2026-06-08T21:45:40+0200,2c10495a-697a-4f81-9dc4-3022854a0ce3,2026-06-03T02:00:00Z,2026-06-03T04:00:00+0200,7231.87,MW,BE,BE,actual_load,Actual Load,2026-06-08T19:45:53Z
2026-06-08T19:45:40Z,2026-06-08T21:45:40+0200,2c10495a-697a-4f81-9dc4-3022854a0ce3,2026-06-03T02:15:00Z,2026-06-03T04:15:00+0200,7334.31,MW,BE,BE,actual_load,Actual Load,2026-06-08T19:45:53Z
2026-06-08T19:45:40Z,2026-06-08T21:45:40+0200,2c10495a-697a-4f81-9dc4-3022854a0ce3,2026-06-03T02:30:00Z,2026-06-03T04:30:00+0200,7404.5,MW,BE,BE,actual_load,Actual Load,2026-06-08T19:45:53Z
2026-06-08T19:45:40Z,2026-06-08T21:45:40+0200,2c10495a-697a-4f81-9dc4-3022854a0ce3,2026-06-03T02:45:00Z,2026-06-03T04:45:00+0200,7461.6,MW,BE,BE,actual_load,Actual Load,2026-06-08T19:45:53Z
2026-06-08T19:45:40Z,2026-06-08T21:45:40+0200,2c10495a-697a-4f81-9dc4-3022854a0ce3,2026-06-03T03:00:00Z,2026-06-03T05:00:00+0200,7635.41,MW,BE,BE,actual_load,Actual Load,2026-06-08T19:45:53Z
2026-06-08T19:45:40Z,2026-06-08T21:45:40+0200,2c10495a-697a-4f81-9dc4-3022854a0ce3,2026-06-03T03:15:00Z,2026-06-03T05:15:00+0200,7669.89,MW,BE,BE,actual_load,Actual Load,2026-06-08T19:45:53Z
2026-06-08T19:45:40Z,2026-06-08T21:45:40+0200,2c10495a-697a-4f81-9dc4-3022854a0ce3,2026-06-03T03:30:00Z,2026-06-03T05:30:00+0200,7621.99,MW,BE,BE,actual_load,Actual Load,2026-06-08T19:45:53Z
2026-06-08T19:45:40Z,2026-06-08T21:45:40+0200,2c10495a-697a-4f81-9dc4-3022854a0ce3,2026-06-03T03:45:00Z,2026-06-03T05:45:00+0200,7689.68,MW,BE,BE,actual_load,Actual Load,2026-06-08T19:45:53Z
2026-06-08T19:45:40Z,2026-06-08T21:45:40+0200,2c10495a-697a-4f81-9dc4-3022854a0ce3,2026-06-03T04:00:00Z,2026-06-03T06:00:00+0200,7862.66,MW,BE,BE,actual_load,Actual Load,2026-06-08T19:45:53Z
2026-06-08T19:45:40Z,2026-06-08T21:45:40+0200,2c10495a-697a-4f81-9dc4-3022854a0ce3,2026-06-03T04:15:00Z,2026-06-03T06:15:00+0200,8050.65,MW,BE,BE,actual_load,Actual Load,2026-06-08T19:45:53Z
2026-06-08T19:45:40Z,2026-06-08T21:45:40+0200,2c10495a-697a-4f81-9dc4-3022854a0ce3,2026-06-03T04:30:00Z,2026-06-03T06:30:00+0200,8320.62,MW,BE,BE,actual_load,Actual Load,2026-06-08T19:45:53Z
2026-06-08T19:45:40Z,2026-06-08T21:45:40+0200,2c10495a-697a-4f81-9dc4-3022854a0ce3,2026-06-03T04:45:00Z,2026-06-03T06:45:00+0200,8445.7,MW,BE,BE,actual_load,Actual Load,2026-06-08T19:45:53Z
2026-06-08T19:45:40Z,2026-06-08T21:45:40+0200,2c10495a-697a-4f81-9dc4-3022854a0ce3,2026-06-03T05:00:00Z,2026-06-03T07:00:00+0200,8748.87,MW,BE,BE,actual_load,Actual Load,2026-06-08T19:45:53Z
2026-06-08T19:45:40Z,2026-06-08T21:45:40+0200,2c10495a-697a-4f81-9dc4-3022854a0ce3,2026-06-03T05:15:00Z,2026-06-03T07:15:00+0200,8995.97,MW,BE,BE,actual_load,Actual Load,2026-06-08T19:45:53Z
2026-06-08T19:45:40Z,2026-06-08T21:45:40+0200,2c10495a-697a-4f81-9dc4-3022854a0ce3,2026-06-03T05:30:00Z,2026-06-03T07:30:00+0200,9248.84,MW,BE,BE,actual_load,Actual Load,2026-06-08T19:45:53Z
2026-06-08T19:45:40Z,2026-06-08T21:45:40+0200,2c10495a-697a-4f81-9dc4-3022854a0ce3,2026-06-03T05:45:00Z,2026-06-03T07:45:00+0200,9287.04,MW,BE,BE,actual_load,Actual Load,2026-06-08T19:45:53Z
2026-06-08T19:45:40Z,2026-06-08T21:45:40+0200,2c10495a-697a-4f81-9dc4-3022854a0ce3,2026-06-03T06:00:00Z,2026-06-03T08:00:00+0200,9456.23,MW,BE,BE,actual_load,Actual Load,2026-06-08T19:45:53Z
2026-06-08T19:45:40Z,2026-06-08T21:45:40+0200,2c10495a-697a-4f81-9dc4-3022854a0ce3,2026-06-03T06:15:00Z,2026-06-03T08:15:00+0200,9574.44,MW,BE,BE,actual_load,Actual Load,2026-06-08T19:45:53Z
2026-06-08T19:45:40Z,2026-06-08T21:45:40+0200,2c10495a-697a-4f81-9dc4-3022854a0ce3,2026-06-03T06:30:00Z,2026-06-03T08:30:00+0200,9826.53,MW,BE,BE,actual_load,Actual Load,2026-06-08T19:45:53Z
2026-06-08T19:45:40Z,2026-06-08T21:45:40+0200,2c10495a-697a-4f81-9dc4-3022854a0ce3,2026-06-03T06:45:00Z,2026-06-03T08:45:00+0200,9936.87,MW,BE,BE,actual_load,Actual Load,2026-06-08T19:45:53Z
2026-06-08T19:45:40Z,2026-06-08T21:45:40+0200,2c10495a-697a-4f81-9dc4-3022854a0ce3,2026-06-03T07:00:00Z,2026-06-03T09:00:00+0200,10247.83,MW,BE,BE,actual_load,Actual Load,2026-06-08T19:45:53Z
2026-06-08T19:45:40Z,2026-06-08T21:45:40+0200,2c10495a-697a-4f81-9dc4-3022854a0ce3,2026-06-03T07:15:00Z,2026-06-03T09:15:00+0200,10207.52,MW,BE,BE,actual_load,Actual Load,2026-06-08T19:45:53Z
2026-06-08T19:45:40Z,2026-06-08T21:45:40+0200,2c10495a-697a-4f81-9dc4-3022854a0ce3,2026-06-03T07:30:00Z,2026-06-03T09:30:00+0200,10303.43,MW,BE,BE,actual_load,Actual Load,2026-06-08T19:45:53Z
2026-06-08T19:45:40Z,2026-06-08T21:45:40+0200,2c10495a-697a-4f81-9dc4-3022854a0ce3,2026-06-03T07:45:00Z,2026-06-03T09:45:00+0200,10318.61,MW,BE,BE,actual_load,Actual Load,2026-06-08T19:45:53Z
2026-06-08T19:45:40Z,2026-06-08T21:45:40+0200,2c10495a-697a-4f81-9dc4-3022854a0ce3,2026-06-03T08:00:00Z,2026-06-03T10:00:00+0200,10368.29,MW,BE,BE,actual_load,Actual Load,2026-06-08T19:45:53Z
2026-06-08T19:45:40Z,2026-06-08T21:45:40+0200,2c10495a-697a-4f81-9dc4-3022854a0ce3,2026-06-03T08:15:00Z,2026-06-03T10:15:00+0200,10470.71,MW,BE,BE,actual_load,Actual Load,2026-06-08T19:45:53Z
2026-06-08T19:45:40Z,2026-06-08T21:45:40+0200,2c10495a-697a-4f81-9dc4-3022854a0ce3,2026-06-03T08:30:00Z,2026-06-03T10:30:00+0200,10512.48,MW,BE,BE,actual_load,Actual Load,2026-06-08T19:45:53Z
2026-06-08T19:45:40Z,2026-06-08T21:45:40+0200,2c10495a-697a-4f81-9dc4-3022854a0ce3,2026-06-03T08:45:00Z,2026-06-03T10:45:00+0200,10762.93,MW,BE,BE,actual_load,Actual Load,2026-06-08T19:45:53Z
2026-06-08T19:45:40Z,2026-06-08T21:45:40+0200,2c10495a-697a-4f81-9dc4-3022854a0ce3,2026-06-03T09:00:00Z,2026-06-03T11:00:00+0200,10640.99,MW,BE,BE,actual_load,Actual Load,2026-06-08T19:45:53Z
2026-06-08T19:45:40Z,2026-06-08T21:45:40+0200,2c10495a-697a-4f81-9dc4-3022854a0ce3,2026-06-03T09:15:00Z,2026-06-03T11:15:00+0200,10658.72,MW,BE,BE,actual_load,Actual Load,2026-06-08T19:45:53Z
2026-06-08T19:45:40Z,2026-06-08T21:45:40+0200,2c10495a-697a-4f81-9dc4-3022854a0ce3,2026-06-03T09:30:00Z,2026-06-03T11:30:00+0200,10583.28,MW,BE,BE,actual_load,Actual Load,2026-06-08T19:45:53Z
2026-06-08T19:45:40Z,2026-06-08T21:45:40+0200,2c10495a-697a-4f81-9dc4-3022854a0ce3,2026-06-03T09:45:00Z,2026-06-03T11:45:00+0200,10526.85,MW,BE,BE,actual_load,Actual Load,2026-06-08T19:45:53Z
2026-06-08T19:45:40Z,2026-06-08T21:45:40+0200,2c10495a-697a-4f81-9dc4-3022854a0ce3,2026-06-03T10:00:00Z,2026-06-03T12:00:00+0200,10495.75,MW,BE,BE,actual_load,Actual Load,2026-06-08T19:45:53Z
2026-06-08T19:45:40Z,2026-06-08T21:45:40+0200,2c10495a-697a-4f81-9dc4-3022854a0ce3,2026-06-03T10:15:00Z,2026-06-03T12:15:00+0200,10258.46,MW,BE,BE,actual_load,Actual Load,2026-06-08T19:45:53Z
2026-06-08T19:45:40Z,2026-06-08T21:45:40+0200,2c10495a-697a-4f81-9dc4-3022854a0ce3,2026-06-03T10:30:00Z,2026-06-03T12:30:00+0200,10159.12,MW,BE,BE,actual_load,Actual Load,2026-06-08T19:45:53Z
2026-06-08T19:45:40Z,2026-06-08T21:45:40+0200,2c10495a-697a-4f81-9dc4-3022854a0ce3,2026-06-03T10:45:00Z,2026-06-03T12:45:00+0200,10200.19,MW,BE,BE,actual_load,Actual Load,2026-06-08T19:45:53Z
2026-06-08T19:45:40Z,2026-06-08T21:45:40+0200,2c10495a-697a-4f81-9dc4-3022854a0ce3,2026-06-03T11:00:00Z,2026-06-03T13:00:00+0200,10397.06,MW,BE,BE,actual_load,Actual Load,2026-06-08T19:45:53Z
2026-06-08T19:45:40Z,2026-06-08T21:45:40+0200,2c10495a-697a-4f81-9dc4-3022854a0ce3,2026-06-03T11:15:00Z,2026-06-03T13:15:00+0200,10310.64,MW,BE,BE,actual_load,Actual Load,2026-06-08T19:45:53Z
2026-06-08T19:45:40Z,2026-06-08T21:45:40+0200,2c10495a-697a-4f81-9dc4-3022854a0ce3,2026-06-03T11:30:00Z,2026-06-03T13:30:00+0200,10520.12,MW,BE,BE,actual_load,Actual Load,2026-06-08T19:45:53Z
2026-06-08T19:45:40Z,2026-06-08T21:45:40+0200,2c10495a-697a-4f81-9dc4-3022854a0ce3,2026-06-03T11:45:00Z,2026-06-03T13:45:00+0200,10603.29,MW,BE,BE,actual_load,Actual Load,2026-06-08T19:45:53Z
2026-06-08T19:45:40Z,2026-06-08T21:45:40+0200,2c10495a-697a-4f81-9dc4-3022854a0ce3,2026-06-03T12:00:00Z,2026-06-03T14:00:00+0200,10740.61,MW,BE,BE,actual_load,Actual Load,2026-06-08T19:45:53Z
2026-06-08T19:45:40Z,2026-06-08T21:45:40+0200,2c10495a-697a-4f81-9dc4-3022854a0ce3,2026-06-03T12:15:00Z,2026-06-03T14:15:00+0200,10555.08,MW,BE,BE,actual_load,Actual Load,2026-06-08T19:45:53Z
2026-06-08T19:45:40Z,2026-06-08T21:45:40+0200,2c10495a-697a-4f81-9dc4-3022854a0ce3,2026-06-03T12:30:00Z,2026-06-03T14:30:00+0200,10023.76,MW,BE,BE,actual_load,Actual Load,2026-06-08T19:45:53Z
2026-06-08T19:45:40Z,2026-06-08T21:45:40+0200,2c10495a-697a-4f81-9dc4-3022854a0ce3,2026-06-03T12:45:00Z,2026-06-03T14:45:00+0200,9944.6,MW,BE,BE,actual_load,Actual Load,2026-06-08T19:45:53Z
2026-06-08T19:45:40Z,2026-06-08T21:45:40+0200,2c10495a-697a-4f81-9dc4-3022854a0ce3,2026-06-03T13:00:00Z,2026-06-03T15:00:00+0200,10008.22,MW,BE,BE,actual_load,Actual Load,2026-06-08T19:45:53Z
2026-06-08T19:45:40Z,2026-06-08T21:45:40+0200,2c10495a-697a-4f81-9dc4-3022854a0ce3,2026-06-03T13:15:00Z,2026-06-03T15:15:00+0200,9946.79,MW,BE,BE,actual_load,Actual Load,2026-06-08T19:45:53Z
2026-06-08T19:45:40Z,2026-06-08T21:45:40+0200,2c10495a-697a-4f81-9dc4-3022854a0ce3,2026-06-03T13:30:00Z,2026-06-03T15:30:00+0200,9662.92,MW,BE,BE,actual_load,Actual Load,2026-06-08T19:45:53Z
2026-06-08T19:45:40Z,2026-06-08T21:45:40+0200,2c10495a-697a-4f81-9dc4-3022854a0ce3,2026-06-03T13:45:00Z,2026-06-03T15:45:00+0200,9625.47,MW,BE,BE,actual_load,Actual Load,2026-06-08T19:45:53Z
2026-06-08T19:45:40Z,2026-06-08T21:45:40+0200,2c10495a-697a-4f81-9dc4-3022854a0ce3,2026-06-03T14:00:00Z,2026-06-03T16:00:00+0200,9717.16,MW,BE,BE,actual_load,Actual Load,2026-06-08T19:45:53Z
2026-06-08T19:45:40Z,2026-06-08T21:45:40+0200,2c10495a-697a-4f81-9dc4-3022854a0ce3,2026-06-03T14:15:00Z,2026-06-03T16:15:00+0200,9506.68,MW,BE,BE,actual_load,Actual Load,2026-06-08T19:45:53Z
2026-06-08T19:45:40Z,2026-06-08T21:45:40+0200,2c10495a-697a-4f81-9dc4-3022854a0ce3,2026-06-03T14:30:00Z,2026-06-03T16:30:00+0200,9347.41,MW,BE,BE,actual_load,Actual Load,2026-06-08T19:45:53Z
2026-06-08T19:45:40Z,2026-06-08T21:45:40+0200,2c10495a-697a-4f81-9dc4-3022854a0ce3,2026-06-03T14:45:00Z,2026-06-03T16:45:00+0200,9466.6,MW,BE,BE,actual_load,Actual Load,2026-06-08T19:45:53Z
2026-06-08T19:45:40Z,2026-06-08T21:45:40+0200,2c10495a-697a-4f81-9dc4-3022854a0ce3,2026-06-03T15:00:00Z,2026-06-03T17:00:00+0200,9730.88,MW,BE,BE,actual_load,Actual Load,2026-06-08T19:45:53Z
2026-06-08T19:45:40Z,2026-06-08T21:45:40+0200,2c10495a-697a-4f81-9dc4-3022854a0ce3,2026-06-03T15:15:00Z,2026-06-03T17:15:00+0200,9625.58,MW,BE,BE,actual_load,Actual Load,2026-06-08T19:45:53Z
2026-06-08T19:45:40Z,2026-06-08T21:45:40+0200,2c10495a-697a-4f81-9dc4-3022854a0ce3,2026-06-03T15:30:00Z,2026-06-03T17:30:00+0200,9914.37,MW,BE,BE,actual_load,Actual Load,2026-06-08T19:45:53Z
2026-06-08T19:45:40Z,2026-06-08T21:45:40+0200,2c10495a-697a-4f81-9dc4-3022854a0ce3,2026-06-03T15:45:00Z,2026-06-03T17:45:00+0200,9969.55,MW,BE,BE,actual_load,Actual Load,2026-06-08T19:45:53Z
2026-06-08T19:45:40Z,2026-06-08T21:45:40+0200,2c10495a-697a-4f81-9dc4-3022854a0ce3,2026-06-03T16:00:00Z,2026-06-03T18:00:00+0200,9969.01,MW,BE,BE,actual_load,Actual Load,2026-06-08T19:45:53Z
2026-06-08T19:45:40Z,2026-06-08T21:45:40+0200,2c10495a-697a-4f81-9dc4-3022854a0ce3,2026-06-03T16:15:00Z,2026-06-03T18:15:00+0200,9928.37,MW,BE,BE,actual_load,Actual Load,2026-06-08T19:45:53Z
2026-06-08T19:45:40Z,2026-06-08T21:45:40+0200,2c10495a-697a-4f81-9dc4-3022854a0ce3,2026-06-03T16:30:00Z,2026-06-03T18:30:00+0200,9897.49,MW,BE,BE,actual_load,Actual Load,2026-06-08T19:45:53Z
2026-06-08T19:45:40Z,2026-06-08T21:45:40+0200,2c10495a-697a-4f81-9dc4-3022854a0ce3,2026-06-03T16:45:00Z,2026-06-03T18:45:00+0200,9743.93,MW,BE,BE,actual_load,Actual Load,2026-06-08T19:45:53Z
2026-06-08T19:45:40Z,2026-06-08T21:45:40+0200,2c10495a-697a-4f81-9dc4-3022854a0ce3,2026-06-03T17:00:00Z,2026-06-03T19:00:00+0200,9707.66,MW,BE,BE,actual_load,Actual Load,2026-06-08T19:45:53Z
2026-06-08T19:45:40Z,2026-06-08T21:45:40+0200,2c10495a-697a-4f81-9dc4-3022854a0ce3,2026-06-03T17:15:00Z,2026-06-03T19:15:00+0200,9512.3,MW,BE,BE,actual_load,Actual Load,2026-06-08T19:45:53Z
2026-06-08T19:45:40Z,2026-06-08T21:45:40+0200,2c10495a-697a-4f81-9dc4-3022854a0ce3,2026-06-03T17:30:00Z,2026-06-03T19:30:00+0200,9520.87,MW,BE,BE,actual_load,Actual Load,2026-06-08T19:45:53Z
2026-06-08T19:45:40Z,2026-06-08T21:45:40+0200,2c10495a-697a-4f81-9dc4-3022854a0ce3,2026-06-03T17:45:00Z,2026-06-03T19:45:00+0200,9450.76,MW,BE,BE,actual_load,Actual Load,2026-06-08T19:45:53Z
2026-06-08T19:45:40Z,2026-06-08T21:45:40+0200,2c10495a-697a-4f81-9dc4-3022854a0ce3,2026-06-03T18:00:00Z,2026-06-03T20:00:00+0200,9596.96,MW,BE,BE,actual_load,Actual Load,2026-06-08T19:45:53Z
2026-06-08T19:45:40Z,2026-06-08T21:45:40+0200,2c10495a-697a-4f81-9dc4-3022854a0ce3,2026-06-03T18:15:00Z,2026-06-03T20:15:00+0200,9455.75,MW,BE,BE,actual_load,Actual Load,2026-06-08T19:45:53Z
2026-06-08T19:45:40Z,2026-06-08T21:45:40+0200,2c10495a-697a-4f81-9dc4-3022854a0ce3,2026-06-03T18:30:00Z,2026-06-03T20:30:00+0200,9398.69,MW,BE,BE,actual_load,Actual Load,2026-06-08T19:45:53Z
2026-06-08T19:45:40Z,2026-06-08T21:45:40+0200,2c10495a-697a-4f81-9dc4-3022854a0ce3,2026-06-03T18:45:00Z,2026-06-03T20:45:00+0200,9394.74,MW,BE,BE,actual_load,Actual Load,2026-06-08T19:45:53Z
2026-06-08T19:45:40Z,2026-06-08T21:45:40+0200,2c10495a-697a-4f81-9dc4-3022854a0ce3,2026-06-03T19:00:00Z,2026-06-03T21:00:00+0200,9277.39,MW,BE,BE,actual_load,Actual Load,2026-06-08T19:45:53Z
2026-06-08T19:45:40Z,2026-06-08T21:45:40+0200,2c10495a-697a-4f81-9dc4-3022854a0ce3,2026-06-03T19:15:00Z,2026-06-03T21:15:00+0200,9057.94,MW,BE,BE,actual_load,Actual Load,2026-06-08T19:45:53Z
2026-06-08T19:45:40Z,2026-06-08T21:45:40+0200,2c10495a-697a-4f81-9dc4-3022854a0ce3,2026-06-03T19:30:00Z,2026-06-03T21:30:00+0200,9135.33,MW,BE,BE,actual_load,Actual Load,2026-06-08T19:45:53Z
2026-06-08T19:45:40Z,2026-06-08T21:45:40+0200,2c10495a-697a-4f81-9dc4-3022854a0ce3,2026-06-03T19:45:00Z,2026-06-03T21:45:00+0200,9155.63,MW,BE,BE,actual_load,Actual Load,2026-06-08T19:45:53Z
2026-06-08T19:45:40Z,2026-06-08T21:45:40+0200,2c10495a-697a-4f81-9dc4-3022854a0ce3,2026-06-03T20:00:00Z,2026-06-03T22:00:00+0200,9162.44,MW,BE,BE,actual_load,Actual Load,2026-06-08T19:45:53Z
2026-06-08T19:45:40Z,2026-06-08T21:45:40+0200,2c10495a-697a-4f81-9dc4-3022854a0ce3,2026-06-03T20:15:00Z,2026-06-03T22:15:00+0200,9149.92,MW,BE,BE,actual_load,Actual Load,2026-06-08T19:45:53Z
2026-06-08T19:45:40Z,2026-06-08T21:45:40+0200,2c10495a-697a-4f81-9dc4-3022854a0ce3,2026-06-03T20:30:00Z,2026-06-03T22:30:00+0200,8958.1,MW,BE,BE,actual_load,Actual Load,2026-06-08T19:45:53Z
2026-06-08T19:45:40Z,2026-06-08T21:45:40+0200,2c10495a-697a-4f81-9dc4-3022854a0ce3,2026-06-03T20:45:00Z,2026-06-03T22:45:00+0200,8825.56,MW,BE,BE,actual_load,Actual Load,2026-06-08T19:45:53Z
2026-06-08T19:45:40Z,2026-06-08T21:45:40+0200,2c10495a-697a-4f81-9dc4-3022854a0ce3,2026-06-03T21:00:00Z,2026-06-03T23:00:00+0200,8651.65,MW,BE,BE,actual_load,Actual Load,2026-06-08T19:45:53Z
2026-06-08T19:45:40Z,2026-06-08T21:45:40+0200,2c10495a-697a-4f81-9dc4-3022854a0ce3,2026-06-03T21:15:00Z,2026-06-03T23:15:00+0200,8595.05,MW,BE,BE,actual_load,Actual Load,2026-06-08T19:45:53Z
2026-06-08T19:45:40Z,2026-06-08T21:45:40+0200,2c10495a-697a-4f81-9dc4-3022854a0ce3,2026-06-03T21:30:00Z,2026-06-03T23:30:00+0200,8370.43,MW,BE,BE,actual_load,Actual Load,2026-06-08T19:45:53Z
2026-06-08T19:45:40Z,2026-06-08T21:45:40+0200,2c10495a-697a-4f81-9dc4-3022854a0ce3,2026-06-03T21:45:00Z,2026-06-03T23:45:00+0200,8391.46,MW,BE,BE,actual_load,Actual Load,2026-06-08T19:45:53Z
2026-06-08T19:45:40Z,2026-06-08T21:45:40+0200,2c10495a-697a-4f81-9dc4-3022854a0ce3,2026-06-03T22:00:00Z,2026-06-04T00:00:00+0200,8397.91,MW,BE,BE,actual_load,Actual Load,2026-06-08T19:45:53Z
2026-06-08T19:45:40Z,2026-06-08T21:45:40+0200,2c10495a-697a-4f81-9dc4-3022854a0ce3,2026-06-03T22:15:00Z,2026-06-04T00:15:00+0200,8324.43,MW,BE,BE,actual_load,Actual Load,2026-06-08T19:45:53Z
2026-06-08T19:45:40Z,2026-06-08T21:45:40+0200,2c10495a-697a-4f81-9dc4-3022854a0ce3,2026-06-03T22:30:00Z,2026-06-04T00:30:00+0200,8198.55,MW,BE,BE,actual_load,Actual Load,2026-06-08T19:45:53Z
2026-06-08T19:45:40Z,2026-06-08T21:45:40+0200,2c10495a-697a-4f81-9dc4-3022854a0ce3,2026-06-03T22:45:00Z,2026-06-04T00:45:00+0200,8199.29,MW,BE,BE,actual_load,Actual Load,2026-06-08T19:45:53Z
2026-06-08T19:45:40Z,2026-06-08T21:45:40+0200,2c10495a-697a-4f81-9dc4-3022854a0ce3,2026-06-03T23:00:00Z,2026-06-04T01:00:00+0200,8145.32,MW,BE,BE,actual_load,Actual Load,2026-06-08T19:45:53Z
2026-06-08T19:45:40Z,2026-06-08T21:45:40+0200,2c10495a-697a-4f81-9dc4-3022854a0ce3,2026-06-03T23:15:00Z,2026-06-04T01:15:00+0200,8126.96,MW,BE,BE,actual_load,Actual Load,2026-06-08T19:45:53Z
2026-06-08T19:45:40Z,2026-06-08T21:45:40+0200,2c10495a-697a-4f81-9dc4-3022854a0ce3,2026-06-03T23:30:00Z,2026-06-04T01:30:00+0200,8026.46,MW,BE,BE,actual_load,Actual Load,2026-06-08T19:45:53Z
2026-06-08T19:45:40Z,2026-06-08T21:45:40+0200,2c10495a-697a-4f81-9dc4-3022854a0ce3,2026-06-03T23:45:00Z,2026-06-04T01:45:00+0200,7850.14,MW,BE,BE,actual_load,Actual Load,2026-06-08T19:45:53Z
2026-06-08T19:45:40Z,2026-06-08T21:45:40+0200,2c10495a-697a-4f81-9dc4-3022854a0ce3,2026-06-04T00:00:00Z,2026-06-04T02:00:00+0200,7779.72,MW,BE,BE,actual_load,Actual Load,2026-06-08T19:45:53Z
2026-06-08T19:45:40Z,2026-06-08T21:45:40+0200,2c10495a-697a-4f81-9dc4-3022854a0ce3,2026-06-04T00:15:00Z,2026-06-04T02:15:00+0200,7827.38,MW,BE,BE,actual_load,Actual Load,2026-06-08T19:45:53Z
2026-06-08T19:45:40Z,2026-06-08T21:45:40+0200,2c10495a-697a-4f81-9dc4-3022854a0ce3,2026-06-04T00:30:00Z,2026-06-04T02:30:00+0200,7765.88,MW,BE,BE,actual_load,Actual Load,2026-06-08T19:45:53Z
2026-06-08T19:45:40Z,2026-06-08T21:45:40+0200,2c10495a-697a-4f81-9dc4-3022854a0ce3,2026-06-04T00:45:00Z,2026-06-04T02:45:00+0200,7777.79,MW,BE,BE,actual_load,Actual Load,2026-06-08T19:45:53Z
2026-06-08T19:45:40Z,2026-06-08T21:45:40+0200,2c10495a-697a-4f81-9dc4-3022854a0ce3,2026-06-04T01:00:00Z,2026-06-04T03:00:00+0200,7764.69,MW,BE,BE,actual_load,Actual Load,2026-06-08T19:45:53Z
2026-06-08T19:45:40Z,2026-06-08T21:45:40+0200,2c10495a-697a-4f81-9dc4-3022854a0ce3,2026-06-04T01:15:00Z,2026-06-04T03:15:00+0200,7740.2,MW,BE,BE,actual_load,Actual Load,2026-06-08T19:45:53Z
2026-06-08T19:45:40Z,2026-06-08T21:45:40+0200,2c10495a-697a-4f81-9dc4-3022854a0ce3,2026-06-04T01:30:00Z,2026-06-04T03:30:00+0200,7685.22,MW,BE,BE,actual_load,Actual Load,2026-06-08T19:45:53Z
2026-06-08T19:45:40Z,2026-06-08T21:45:40+0200,2c10495a-697a-4f81-9dc4-3022854a0ce3,2026-06-04T01:45:00Z,2026-06-04T03:45:00+0200,7652.38,MW,BE,BE,actual_load,Actual Load,2026-06-08T19:45:53Z
2026-06-08T19:45:40Z,2026-06-08T21:45:40+0200,2c10495a-697a-4f81-9dc4-3022854a0ce3,2026-06-04T02:00:00Z,2026-06-04T04:00:00+0200,7816.67,MW,BE,BE,actual_load,Actual Load,2026-06-08T19:45:53Z
2026-06-08T19:45:40Z,2026-06-08T21:45:40+0200,2c10495a-697a-4f81-9dc4-3022854a0ce3,2026-06-04T02:15:00Z,2026-06-04T04:15:00+0200,7815.1,MW,BE,BE,actual_load,Actual Load,2026-06-08T19:45:53Z
2026-06-08T19:45:40Z,2026-06-08T21:45:40+0200,2c10495a-697a-4f81-9dc4-3022854a0ce3,2026-06-04T02:30:00Z,2026-06-04T04:30:00+0200,7805.04,MW,BE,BE,actual_load,Actual Load,2026-06-08T19:45:53Z
2026-06-08T19:45:40Z,2026-06-08T21:45:40+0200,2c10495a-697a-4f81-9dc4-3022854a0ce3,2026-06-04T02:45:00Z,2026-06-04T04:45:00+0200,7800.48,MW,BE,BE,actual_load,Actual Load,2026-06-08T19:45:53Z
2026-06-08T19:45:40Z,2026-06-08T21:45:40+0200,2c10495a-697a-4f81-9dc4-3022854a0ce3,2026-06-04T03:00:00Z,2026-06-04T05:00:00+0200,7969.13,MW,BE,BE,actual_load,Actual Load,2026-06-08T19:45:53Z
2026-06-08T19:45:40Z,2026-06-08T21:45:40+0200,2c10495a-697a-4f81-9dc4-3022854a0ce3,2026-06-04T03:15:00Z,2026-06-04T05:15:00+0200,7957.16,MW,BE,BE,actual_load,Actual Load,2026-06-08T19:45:53Z
2026-06-08T19:45:40Z,2026-06-08T21:45:40+0200,2c10495a-697a-4f81-9dc4-3022854a0ce3,2026-06-04T03:30:00Z,2026-06-04T05:30:00+0200,8022.59,MW,BE,BE,actual_load,Actual Load,2026-06-08T19:45:53Z
2026-06-08T19:45:40Z,2026-06-08T21:45:40+0200,2c10495a-697a-4f81-9dc4-3022854a0ce3,2026-06-04T03:45:00Z,2026-06-04T05:45:00+0200,7974.05,MW,BE,BE,actual_load,Actual Load,2026-06-08T19:45:53Z
2026-06-08T19:45:40Z,2026-06-08T21:45:40+0200,2c10495a-697a-4f81-9dc4-3022854a0ce3,2026-06-04T04:00:00Z,2026-06-04T06:00:00+0200,8316.73,MW,BE,BE,actual_load,Actual Load,2026-06-08T19:45:53Z
2026-06-08T19:45:40Z,2026-06-08T21:45:40+0200,2c10495a-697a-4f81-9dc4-3022854a0ce3,2026-06-04T04:15:00Z,2026-06-04T06:15:00+0200,8496.14,MW,BE,BE,actual_load,Actual Load,2026-06-08T19:45:53Z
2026-06-08T19:45:40Z,2026-06-08T21:45:40+0200,2c10495a-697a-4f81-9dc4-3022854a0ce3,2026-06-04T04:30:00Z,2026-06-04T06:30:00+0200,8578.24,MW,BE,BE,actual_load,Actual Load,2026-06-08T19:45:53Z
2026-06-08T19:45:40Z,2026-06-08T21:45:40+0200,2c10495a-697a-4f81-9dc4-3022854a0ce3,2026-06-04T04:45:00Z,2026-06-04T06:45:00+0200,8660.91,MW,BE,BE,actual_load,Actual Load,2026-06-08T19:45:53Z
2026-06-08T19:45:40Z,2026-06-08T21:45:40+0200,2c10495a-697a-4f81-9dc4-3022854a0ce3,2026-06-04T05:00:00Z,2026-06-04T07:00:00+0200,9024.72,MW,BE,BE,actual_load,Actual Load,2026-06-08T19:45:53Z
2026-06-08T19:45:40Z,2026-06-08T21:45:40+0200,2c10495a-697a-4f81-9dc4-3022854a0ce3,2026-06-04T05:15:00Z,2026-06-04T07:15:00+0200,9178.94,MW,BE,BE,actual_load,Actual Load,2026-06-08T19:45:53Z
2026-06-08T19:45:40Z,2026-06-08T21:45:40+0200,2c10495a-697a-4f81-9dc4-3022854a0ce3,2026-06-04T05:30:00Z,2026-06-04T07:30:00+0200,9631.41,MW,BE,BE,actual_load,Actual Load,2026-06-08T19:45:53Z
2026-06-08T19:45:40Z,2026-06-08T21:45:40+0200,2c10495a-697a-4f81-9dc4-3022854a0ce3,2026-06-04T05:45:00Z,2026-06-04T07:45:00+0200,9852.86,MW,BE,BE,actual_load,Actual Load,2026-06-08T19:45:53Z
2026-06-08T19:45:40Z,2026-06-08T21:45:40+0200,2c10495a-697a-4f81-9dc4-3022854a0ce3,2026-06-04T06:00:00Z,2026-06-04T08:00:00+0200,9993.89,MW,BE,BE,actual_load,Actual Load,2026-06-08T19:45:53Z
2026-06-08T19:45:40Z,2026-06-08T21:45:40+0200,2c10495a-697a-4f81-9dc4-3022854a0ce3,2026-06-04T06:15:00Z,2026-06-04T08:15:00+0200,10184.83,MW,BE,BE,actual_load,Actual Load,2026-06-08T19:45:53Z
2026-06-08T19:45:40Z,2026-06-08T21:45:40+0200,2c10495a-697a-4f81-9dc4-3022854a0ce3,2026-06-04T06:30:00Z,2026-06-04T08:30:00+0200,10409.15,MW,BE,BE,actual_load,Actual Load,2026-06-08T19:45:53Z
2026-06-08T19:45:40Z,2026-06-08T21:45:40+0200,2c10495a-697a-4f81-9dc4-3022854a0ce3,2026-06-04T06:45:00Z,2026-06-04T08:45:00+0200,10673.38,MW,BE,BE,actual_load,Actual Load,2026-06-08T19:45:53Z
2026-06-08T19:45:40Z,2026-06-08T21:45:40+0200,2c10495a-697a-4f81-9dc4-3022854a0ce3,2026-06-04T07:00:00Z,2026-06-04T09:00:00+0200,10744.56,MW,BE,BE,actual_load,Actual Load,2026-06-08T19:45:53Z
2026-06-08T19:45:40Z,2026-06-08T21:45:40+0200,2c10495a-697a-4f81-9dc4-3022854a0ce3,2026-06-04T07:15:00Z,2026-06-04T09:15:00+0200,10857.89,MW,BE,BE,actual_load,Actual Load,2026-06-08T19:45:53Z
2026-06-08T19:45:40Z,2026-06-08T21:45:40+0200,2c10495a-697a-4f81-9dc4-3022854a0ce3,2026-06-04T07:30:00Z,2026-06-04T09:30:00+0200,10700.51,MW,BE,BE,actual_load,Actual Load,2026-06-08T19:45:53Z
2026-06-08T19:45:40Z,2026-06-08T21:45:40+0200,2c10495a-697a-4f81-9dc4-3022854a0ce3,2026-06-04T07:45:00Z,2026-06-04T09:45:00+0200,10652.31,MW,BE,BE,actual_load,Actual Load,2026-06-08T19:45:53Z
2026-06-08T19:45:40Z,2026-06-08T21:45:40+0200,2c10495a-697a-4f81-9dc4-3022854a0ce3,2026-06-04T08:00:00Z,2026-06-04T10:00:00+0200,10588.84,MW,BE,BE,actual_load,Actual Load,2026-06-08T19:45:53Z
2026-06-08T19:45:40Z,2026-06-08T21:45:40+0200,2c10495a-697a-4f81-9dc4-3022854a0ce3,2026-06-04T08:15:00Z,2026-06-04T10:15:00+0200,10419.52,MW,BE,BE,actual_load,Actual Load,2026-06-08T19:45:53Z
2026-06-08T19:45:40Z,2026-06-08T21:45:40+0200,2c10495a-697a-4f81-9dc4-3022854a0ce3,2026-06-04T08:30:00Z,2026-06-04T10:30:00+0200,10593.98,MW,BE,BE,actual_load,Actual Load,2026-06-08T19:45:53Z
2026-06-08T19:45:40Z,2026-06-08T21:45:40+0200,2c10495a-697a-4f81-9dc4-3022854a0ce3,2026-06-04T08:45:00Z,2026-06-04T10:45:00+0200,10694.4,MW,BE,BE,actual_load,Actual Load,2026-06-08T19:45:53Z
2026-06-08T19:45:40Z,2026-06-08T21:45:40+0200,2c10495a-697a-4f81-9dc4-3022854a0ce3,2026-06-04T09:00:00Z,2026-06-04T11:00:00+0200,10613.18,MW,BE,BE,actual_load,Actual Load,2026-06-08T19:45:53Z
2026-06-08T19:45:40Z,2026-06-08T21:45:40+0200,2c10495a-697a-4f81-9dc4-3022854a0ce3,2026-06-04T09:15:00Z,2026-06-04T11:15:00+0200,10810.0,MW,BE,BE,actual_load,Actual Load,2026-06-08T19:45:53Z
2026-06-08T19:45:40Z,2026-06-08T21:45:40+0200,2c10495a-697a-4f81-9dc4-3022854a0ce3,2026-06-04T09:30:00Z,2026-06-04T11:30:00+0200,10958.45,MW,BE,BE,actual_load,Actual Load,2026-06-08T19:45:53Z
2026-06-08T19:45:40Z,2026-06-08T21:45:40+0200,2c10495a-697a-4f81-9dc4-3022854a0ce3,2026-06-04T09:45:00Z,2026-06-04T11:45:00+0200,10888.73,MW,BE,BE,actual_load,Actual Load,2026-06-08T19:45:53Z
2026-06-08T19:45:40Z,2026-06-08T21:45:40+0200,2c10495a-697a-4f81-9dc4-3022854a0ce3,2026-06-04T10:00:00Z,2026-06-04T12:00:00+0200,10737.9,MW,BE,BE,actual_load,Actual Load,2026-06-08T19:45:53Z
2026-06-08T19:45:40Z,2026-06-08T21:45:40+0200,2c10495a-697a-4f81-9dc4-3022854a0ce3,2026-06-04T10:15:00Z,2026-06-04T12:15:00+0200,10528.24,MW,BE,BE,actual_load,Actual Load,2026-06-08T19:45:53Z
2026-06-08T19:45:40Z,2026-06-08T21:45:40+0200,2c10495a-697a-4f81-9dc4-3022854a0ce3,2026-06-04T10:30:00Z,2026-06-04T12:30:00+0200,10260.91,MW,BE,BE,actual_load,Actual Load,2026-06-08T19:45:53Z
2026-06-08T19:45:40Z,2026-06-08T21:45:40+0200,2c10495a-697a-4f81-9dc4-3022854a0ce3,2026-06-04T10:45:00Z,2026-06-04T12:45:00+0200,10216.25,MW,BE,BE,actual_load,Actual Load,2026-06-08T19:45:53Z
2026-06-08T19:45:40Z,2026-06-08T21:45:40+0200,2c10495a-697a-4f81-9dc4-3022854a0ce3,2026-06-04T11:00:00Z,2026-06-04T13:00:00+0200,10431.94,MW,BE,BE,actual_load,Actual Load,2026-06-08T19:45:53Z
2026-06-08T19:45:40Z,2026-06-08T21:45:40+0200,2c10495a-697a-4f81-9dc4-3022854a0ce3,2026-06-04T11:15:00Z,2026-06-04T13:15:00+0200,10207.51,MW,BE,BE,actual_load,Actual Load,2026-06-08T19:45:53Z
2026-06-08T19:45:40Z,2026-06-08T21:45:40+0200,2c10495a-697a-4f81-9dc4-3022854a0ce3,2026-06-04T11:30:00Z,2026-06-04T13:30:00+0200,10463.68,MW,BE,BE,actual_load,Actual Load,2026-06-08T19:45:53Z
2026-06-08T19:45:40Z,2026-06-08T21:45:40+0200,2c10495a-697a-4f81-9dc4-3022854a0ce3,2026-06-04T11:45:00Z,2026-06-04T13:45:00+0200,10318.4,MW,BE,BE,actual_load,Actual Load,2026-06-08T19:45:53Z
2026-06-08T19:45:40Z,2026-06-08T21:45:40+0200,2c10495a-697a-4f81-9dc4-3022854a0ce3,2026-06-04T12:00:00Z,2026-06-04T14:00:00+0200,10255.0,MW,BE,BE,actual_load,Actual Load,2026-06-08T19:45:53Z
2026-06-08T19:45:40Z,2026-06-08T21:45:40+0200,2c10495a-697a-4f81-9dc4-3022854a0ce3,2026-06-04T12:15:00Z,2026-06-04T14:15:00+0200,10495.69,MW,BE,BE,actual_load,Actual Load,2026-06-08T19:45:53Z
2026-06-08T19:45:40Z,2026-06-08T21:45:40+0200,2c10495a-697a-4f81-9dc4-3022854a0ce3,2026-06-04T12:30:00Z,2026-06-04T14:30:00+0200,10713.25,MW,BE,BE,actual_load,Actual Load,2026-06-08T19:45:53Z
2026-06-08T19:45:40Z,2026-06-08T21:45:40+0200,2c10495a-697a-4f81-9dc4-3022854a0ce3,2026-06-04T12:45:00Z,2026-06-04T14:45:00+0200,10598.1,MW,BE,BE,actual_load,Actual Load,2026-06-08T19:45:53Z
2026-06-08T19:45:40Z,2026-06-08T21:45:40+0200,2c10495a-697a-4f81-9dc4-3022854a0ce3,2026-06-04T13:00:00Z,2026-06-04T15:00:00+0200,10038.45,MW,BE,BE,actual_load,Actual Load,2026-06-08T19:45:53Z
2026-06-08T19:45:40Z,2026-06-08T21:45:40+0200,2c10495a-697a-4f81-9dc4-3022854a0ce3,2026-06-04T13:15:00Z,2026-06-04T15:15:00+0200,9878.08,MW,BE,BE,actual_load,Actual Load,2026-06-08T19:45:53Z
2026-06-08T19:45:40Z,2026-06-08T21:45:40+0200,2c10495a-697a-4f81-9dc4-3022854a0ce3,2026-06-04T13:30:00Z,2026-06-04T15:30:00+0200,9920.39,MW,BE,BE,actual_load,Actual Load,2026-06-08T19:45:53Z
2026-06-08T19:45:40Z,2026-06-08T21:45:40+0200,2c10495a-697a-4f81-9dc4-3022854a0ce3,2026-06-04T13:45:00Z,2026-06-04T15:45:00+0200,9898.71,MW,BE,BE,actual_load,Actual Load,2026-06-08T19:45:53Z
2026-06-08T19:45:40Z,2026-06-08T21:45:40+0200,2c10495a-697a-4f81-9dc4-3022854a0ce3,2026-06-04T14:00:00Z,2026-06-04T16:00:00+0200,9855.16,MW,BE,BE,actual_load,Actual Load,2026-06-08T19:45:53Z
2026-06-08T19:45:40Z,2026-06-08T21:45:40+0200,2c10495a-697a-4f81-9dc4-3022854a0ce3,2026-06-04T14:15:00Z,2026-06-04T16:15:00+0200,9658.35,MW,BE,BE,actual_load,Actual Load,2026-06-08T19:45:53Z
2026-06-08T19:45:40Z,2026-06-08T21:45:40+0200,2c10495a-697a-4f81-9dc4-3022854a0ce3,2026-06-04T14:30:00Z,2026-06-04T16:30:00+0200,9851.56,MW,BE,BE,actual_load,Actual Load,2026-06-08T19:45:53Z
2026-06-08T19:45:40Z,2026-06-08T21:45:40+0200,2c10495a-697a-4f81-9dc4-3022854a0ce3,2026-06-04T14:45:00Z,2026-06-04T16:45:00+0200,10096.76,MW,BE,BE,actual_load,Actual Load,2026-06-08T19:45:53Z
2026-06-08T19:45:40Z,2026-06-08T21:45:40+0200,2c10495a-697a-4f81-9dc4-3022854a0ce3,2026-06-04T15:00:00Z,2026-06-04T17:00:00+0200,10207.1,MW,BE,BE,actual_load,Actual Load,2026-06-08T19:45:53Z
2026-06-08T19:45:40Z,2026-06-08T21:45:40+0200,2c10495a-697a-4f81-9dc4-3022854a0ce3,2026-06-04T15:15:00Z,2026-06-04T17:15:00+0200,9841.42,MW,BE,BE,actual_load,Actual Load,2026-06-08T19:45:53Z
2026-06-08T19:45:40Z,2026-06-08T21:45:40+0200,2c10495a-697a-4f81-9dc4-3022854a0ce3,2026-06-04T15:30:00Z,2026-06-04T17:30:00+0200,9817.73,MW,BE,BE,actual_load,Actual Load,2026-06-08T19:45:53Z
2026-06-08T19:45:40Z,2026-06-08T21:45:40+0200,2c10495a-697a-4f81-9dc4-3022854a0ce3,2026-06-04T15:45:00Z,2026-06-04T17:45:00+0200,9787.08,MW,BE,BE,actual_load,Actual Load,2026-06-08T19:45:53Z
2026-06-08T19:45:40Z,2026-06-08T21:45:40+0200,2c10495a-697a-4f81-9dc4-3022854a0ce3,2026-06-04T16:00:00Z,2026-06-04T18:00:00+0200,9751.05,MW,BE,BE,actual_load,Actual Load,2026-06-08T19:45:53Z
2026-06-08T19:45:40Z,2026-06-08T21:45:40+0200,2c10495a-697a-4f81-9dc4-3022854a0ce3,2026-06-04T16:15:00Z,2026-06-04T18:15:00+0200,9744.76,MW,BE,BE,actual_load,Actual Load,2026-06-08T19:45:53Z
2026-06-08T19:45:40Z,2026-06-08T21:45:40+0200,2c10495a-697a-4f81-9dc4-3022854a0ce3,2026-06-04T16:30:00Z,2026-06-04T18:30:00+0200,9884.79,MW,BE,BE,actual_load,Actual Load,2026-06-08T19:45:53Z
2026-06-08T19:45:40Z,2026-06-08T21:45:40+0200,2c10495a-697a-4f81-9dc4-3022854a0ce3,2026-06-04T16:45:00Z,2026-06-04T18:45:00+0200,9842.35,MW,BE,BE,actual_load,Actual Load,2026-06-08T19:45:53Z
2026-06-08T19:45:40Z,2026-06-08T21:45:40+0200,2c10495a-697a-4f81-9dc4-3022854a0ce3,2026-06-04T17:00:00Z,2026-06-04T19:00:00+0200,9796.36,MW,BE,BE,actual_load,Actual Load,2026-06-08T19:45:53Z
2026-06-08T19:45:40Z,2026-06-08T21:45:40+0200,2c10495a-697a-4f81-9dc4-3022854a0ce3,2026-06-04T17:15:00Z,2026-06-04T19:15:00+0200,9557.87,MW,BE,BE,actual_load,Actual Load,2026-06-08T19:45:53Z
2026-06-08T19:45:40Z,2026-06-08T21:45:40+0200,2c10495a-697a-4f81-9dc4-3022854a0ce3,2026-06-04T17:30:00Z,2026-06-04T19:30:00+0200,9505.85,MW,BE,BE,actual_load,Actual Load,2026-06-08T19:45:53Z
2026-06-08T19:45:40Z,2026-06-08T21:45:40+0200,2c10495a-697a-4f81-9dc4-3022854a0ce3,2026-06-04T17:45:00Z,2026-06-04T19:45:00+0200,9524.9,MW,BE,BE,actual_load,Actual Load,2026-06-08T19:45:53Z
2026-06-08T19:45:40Z,2026-06-08T21:45:40+0200,2c10495a-697a-4f81-9dc4-3022854a0ce3,2026-06-04T18:00:00Z,2026-06-04T20:00:00+0200,9519.57,MW,BE,BE,actual_load,Actual Load,2026-06-08T19:45:53Z
2026-06-08T19:45:40Z,2026-06-08T21:45:40+0200,2c10495a-697a-4f81-9dc4-3022854a0ce3,2026-06-04T18:15:00Z,2026-06-04T20:15:00+0200,9495.47,MW,BE,BE,actual_load,Actual Load,2026-06-08T19:45:53Z
2026-06-08T19:45:40Z,2026-06-08T21:45:40+0200,2c10495a-697a-4f81-9dc4-3022854a0ce3,2026-06-04T18:30:00Z,2026-06-04T20:30:00+0200,9337.0,MW,BE,BE,actual_load,Actual Load,2026-06-08T19:45:53Z
2026-06-08T19:45:40Z,2026-06-08T21:45:40+0200,2c10495a-697a-4f81-9dc4-3022854a0ce3,2026-06-04T18:45:00Z,2026-06-04T20:45:00+0200,9278.64,MW,BE,BE,actual_load,Actual Load,2026-06-08T19:45:53Z
2026-06-08T19:45:40Z,2026-06-08T21:45:40+0200,2c10495a-697a-4f81-9dc4-3022854a0ce3,2026-06-04T19:00:00Z,2026-06-04T21:00:00+0200,9258.21,MW,BE,BE,actual_load,Actual Load,2026-06-08T19:45:53Z
2026-06-08T19:45:40Z,2026-06-08T21:45:40+0200,2c10495a-697a-4f81-9dc4-3022854a0ce3,2026-06-04T19:15:00Z,2026-06-04T21:15:00+0200,9199.48,MW,BE,BE,actual_load,Actual Load,2026-06-08T19:45:53Z
2026-06-08T19:45:40Z,2026-06-08T21:45:40+0200,2c10495a-697a-4f81-9dc4-3022854a0ce3,2026-06-04T19:30:00Z,2026-06-04T21:30:00+0200,9166.61,MW,BE,BE,actual_load,Actual Load,2026-06-08T19:45:53Z
2026-06-08T19:45:40Z,2026-06-08T21:45:40+0200,2c10495a-697a-4f81-9dc4-3022854a0ce3,2026-06-04T19:45:00Z,2026-06-04T21:45:00+0200,9182.87,MW,BE,BE,actual_load,Actual Load,2026-06-08T19:45:53Z
2026-06-08T19:45:40Z,2026-06-08T21:45:40+0200,2c10495a-697a-4f81-9dc4-3022854a0ce3,2026-06-04T20:00:00Z,2026-06-04T22:00:00+0200,9197.36,MW,BE,BE,actual_load,Actual Load,2026-06-08T19:45:53Z
2026-06-08T19:45:40Z,2026-06-08T21:45:40+0200,2c10495a-697a-4f81-9dc4-3022854a0ce3,2026-06-04T20:15:00Z,2026-06-04T22:15:00+0200,9196.52,MW,BE,BE,actual_load,Actual Load,2026-06-08T19:45:53Z
2026-06-08T19:45:40Z,2026-06-08T21:45:40+0200,2c10495a-697a-4f81-9dc4-3022854a0ce3,2026-06-04T20:30:00Z,2026-06-04T22:30:00+0200,9205.28,MW,BE,BE,actual_load,Actual Load,2026-06-08T19:45:53Z
2026-06-08T19:45:40Z,2026-06-08T21:45:40+0200,2c10495a-697a-4f81-9dc4-3022854a0ce3,2026-06-04T20:45:00Z,2026-06-04T22:45:00+0200,9110.57,MW,BE,BE,actual_load,Actual Load,2026-06-08T19:45:53Z
2026-06-08T19:45:40Z,2026-06-08T21:45:40+0200,2c10495a-697a-4f81-9dc4-3022854a0ce3,2026-06-04T21:00:00Z,2026-06-04T23:00:00+0200,9014.55,MW,BE,BE,actual_load,Actual Load,2026-06-08T19:45:53Z
2026-06-08T19:45:40Z,2026-06-08T21:45:40+0200,2c10495a-697a-4f81-9dc4-3022854a0ce3,2026-06-04T21:15:00Z,2026-06-04T23:15:00+0200,8951.91,MW,BE,BE,actual_load,Actual Load,2026-06-08T19:45:53Z
2026-06-08T19:45:40Z,2026-06-08T21:45:40+0200,2c10495a-697a-4f81-9dc4-3022854a0ce3,2026-06-04T21:30:00Z,2026-06-04T23:30:00+0200,8743.72,MW,BE,BE,actual_load,Actual Load,2026-06-08T19:45:53Z
2026-06-08T19:45:40Z,2026-06-08T21:45:40+0200,2c10495a-697a-4f81-9dc4-3022854a0ce3,2026-06-04T21:45:00Z,2026-06-04T23:45:00+0200,8573.44,MW,BE,BE,actual_load,Actual Load,2026-06-08T19:45:53Z
2026-06-08T19:45:40Z,2026-06-08T21:45:40+0200,2c10495a-697a-4f81-9dc4-3022854a0ce3,2026-06-04T22:00:00Z,2026-06-05T00:00:00+0200,8393.27,MW,BE,BE,actual_load,Actual Load,2026-06-08T19:45:53Z
2026-06-08T19:45:40Z,2026-06-08T21:45:40+0200,2c10495a-697a-4f81-9dc4-3022854a0ce3,2026-06-04T22:15:00Z,2026-06-05T00:15:00+0200,8255.66,MW,BE,BE,actual_load,Actual Load,2026-06-08T19:45:53Z
2026-06-08T19:45:40Z,2026-06-08T21:45:40+0200,2c10495a-697a-4f81-9dc4-3022854a0ce3,2026-06-04T22:30:00Z,2026-06-05T00:30:00+0200,8121.51,MW,BE,BE,actual_load,Actual Load,2026-06-08T19:45:53Z
2026-06-08T19:45:40Z,2026-06-08T21:45:40+0200,2c10495a-697a-4f81-9dc4-3022854a0ce3,2026-06-04T22:45:00Z,2026-06-05T00:45:00+0200,8027.44,MW,BE,BE,actual_load,Actual Load,2026-06-08T19:45:53Z
2026-06-08T19:45:40Z,2026-06-08T21:45:40+0200,2c10495a-697a-4f81-9dc4-3022854a0ce3,2026-06-04T23:00:00Z,2026-06-05T01:00:00+0200,7885.54,MW,BE,BE,actual_load,Actual Load,2026-06-08T19:45:53Z
2026-06-08T19:45:40Z,2026-06-08T21:45:40+0200,2c10495a-697a-4f81-9dc4-3022854a0ce3,2026-06-04T23:15:00Z,2026-06-05T01:15:00+0200,7747.27,MW,BE,BE,actual_load,Actual Load,2026-06-08T19:45:53Z
2026-06-08T19:45:40Z,2026-06-08T21:45:40+0200,2c10495a-697a-4f81-9dc4-3022854a0ce3,2026-06-04T23:30:00Z,2026-06-05T01:30:00+0200,7717.91,MW,BE,BE,actual_load,Actual Load,2026-06-08T19:45:53Z
2026-06-08T19:45:40Z,2026-06-08T21:45:40+0200,2c10495a-697a-4f81-9dc4-3022854a0ce3,2026-06-04T23:45:00Z,2026-06-05T01:45:00+0200,7664.08,MW,BE,BE,actual_load,Actual Load,2026-06-08T19:45:53Z
2026-06-08T19:45:40Z,2026-06-08T21:45:40+0200,2c10495a-697a-4f81-9dc4-3022854a0ce3,2026-06-05T00:00:00Z,2026-06-05T02:00:00+0200,7646.09,MW,BE,BE,actual_load,Actual Load,2026-06-08T19:45:53Z
2026-06-08T19:45:40Z,2026-06-08T21:45:40+0200,2c10495a-697a-4f81-9dc4-3022854a0ce3,2026-06-05T00:15:00Z,2026-06-05T02:15:00+0200,7648.64,MW,BE,BE,actual_load,Actual Load,2026-06-08T19:45:53Z
2026-06-08T19:45:40Z,2026-06-08T21:45:40+0200,2c10495a-697a-4f81-9dc4-3022854a0ce3,2026-06-05T00:30:00Z,2026-06-05T02:30:00+0200,7614.72,MW,BE,BE,actual_load,Actual Load,2026-06-08T19:45:53Z
2026-06-08T19:45:40Z,2026-06-08T21:45:40+0200,2c10495a-697a-4f81-9dc4-3022854a0ce3,2026-06-05T00:45:00Z,2026-06-05T02:45:00+0200,7607.94,MW,BE,BE,actual_load,Actual Load,2026-06-08T19:45:53Z
2026-06-08T19:45:40Z,2026-06-08T21:45:40+0200,2c10495a-697a-4f81-9dc4-3022854a0ce3,2026-06-05T01:00:00Z,2026-06-05T03:00:00+0200,7570.65,MW,BE,BE,actual_load,Actual Load,2026-06-08T19:45:53Z
2026-06-08T19:45:40Z,2026-06-08T21:45:40+0200,2c10495a-697a-4f81-9dc4-3022854a0ce3,2026-06-05T01:15:00Z,2026-06-05T03:15:00+0200,7562.83,MW,BE,BE,actual_load,Actual Load,2026-06-08T19:45:53Z
2026-06-08T19:45:40Z,2026-06-08T21:45:40+0200,2c10495a-697a-4f81-9dc4-3022854a0ce3,2026-06-05T01:30:00Z,2026-06-05T03:30:00+0200,7609.25,MW,BE,BE,actual_load,Actual Load,2026-06-08T19:45:53Z
2026-06-08T19:45:40Z,2026-06-08T21:45:40+0200,2c10495a-697a-4f81-9dc4-3022854a0ce3,2026-06-05T01:45:00Z,2026-06-05T03:45:00+0200,7552.64,MW,BE,BE,actual_load,Actual Load,2026-06-08T19:45:53Z
2026-06-08T19:45:40Z,2026-06-08T21:45:40+0200,2c10495a-697a-4f81-9dc4-3022854a0ce3,2026-06-05T02:00:00Z,2026-06-05T04:00:00+0200,7544.8,MW,BE,BE,actual_load,Actual Load,2026-06-08T19:45:53Z
2026-06-08T19:45:40Z,2026-06-08T21:45:40+0200,2c10495a-697a-4f81-9dc4-3022854a0ce3,2026-06-05T02:15:00Z,2026-06-05T04:15:00+0200,7528.22,MW,BE,BE,actual_load,Actual Load,2026-06-08T19:45:53Z
2026-06-08T19:45:40Z,2026-06-08T21:45:40+0200,2c10495a-697a-4f81-9dc4-3022854a0ce3,2026-06-05T02:30:00Z,2026-06-05T04:30:00+0200,7491.9,MW,BE,BE,actual_load,Actual Load,2026-06-08T19:45:53Z
2026-06-08T19:45:40Z,2026-06-08T21:45:40+0200,2c10495a-697a-4f81-9dc4-3022854a0ce3,2026-06-05T02:45:00Z,2026-06-05T04:45:00+0200,7545.72,MW,BE,BE,actual_load,Actual Load,2026-06-08T19:45:53Z
2026-06-08T19:45:40Z,2026-06-08T21:45:40+0200,2c10495a-697a-4f81-9dc4-3022854a0ce3,2026-06-05T03:00:00Z,2026-06-05T05:00:00+0200,7683.07,MW,BE,BE,actual_load,Actual Load,2026-06-08T19:45:53Z
2026-06-08T19:45:40Z,2026-06-08T21:45:40+0200,2c10495a-697a-4f81-9dc4-3022854a0ce3,2026-06-05T03:15:00Z,2026-06-05T05:15:00+0200,7760.48,MW,BE,BE,actual_load,Actual Load,2026-06-08T19:45:53Z
2026-06-08T19:45:40Z,2026-06-08T21:45:40+0200,2c10495a-697a-4f81-9dc4-3022854a0ce3,2026-06-05T03:30:00Z,2026-06-05T05:30:00+0200,7730.68,MW,BE,BE,actual_load,Actual Load,2026-06-08T19:45:53Z
2026-06-08T19:45:40Z,2026-06-08T21:45:40+0200,2c10495a-697a-4f81-9dc4-3022854a0ce3,2026-06-05T03:45:00Z,2026-06-05T05:45:00+0200,7787.14,MW,BE,BE,actual_load,Actual Load,2026-06-08T19:45:53Z
2026-06-08T19:45:40Z,2026-06-08T21:45:40+0200,2c10495a-697a-4f81-9dc4-3022854a0ce3,2026-06-05T04:00:00Z,2026-06-05T06:00:00+0200,8050.48,MW,BE,BE,actual_load,Actual Load,2026-06-08T19:45:53Z
2026-06-08T19:45:40Z,2026-06-08T21:45:40+0200,2c10495a-697a-4f81-9dc4-3022854a0ce3,2026-06-05T04:15:00Z,2026-06-05T06:15:00+0200,8253.13,MW,BE,BE,actual_load,Actual Load,2026-06-08T19:45:53Z
2026-06-08T19:45:40Z,2026-06-08T21:45:40+0200,2c10495a-697a-4f81-9dc4-3022854a0ce3,2026-06-05T04:30:00Z,2026-06-05T06:30:00+0200,8628.31,MW,BE,BE,actual_load,Actual Load,2026-06-08T19:45:53Z
2026-06-08T19:45:40Z,2026-06-08T21:45:40+0200,2c10495a-697a-4f81-9dc4-3022854a0ce3,2026-06-05T04:45:00Z,2026-06-05T06:45:00+0200,8828.09,MW,BE,BE,actual_load,Actual Load,2026-06-08T19:45:53Z
2026-06-08T19:45:40Z,2026-06-08T21:45:40+0200,2c10495a-697a-4f81-9dc4-3022854a0ce3,2026-06-05T05:00:00Z,2026-06-05T07:00:00+0200,9033.12,MW,BE,BE,actual_load,Actual Load,2026-06-08T19:45:53Z
2026-06-08T19:45:40Z,2026-06-08T21:45:40+0200,2c10495a-697a-4f81-9dc4-3022854a0ce3,2026-06-05T05:15:00Z,2026-06-05T07:15:00+0200,9252.86,MW,BE,BE,actual_load,Actual Load,2026-06-08T19:45:53Z
2026-06-08T19:45:40Z,2026-06-08T21:45:40+0200,2c10495a-697a-4f81-9dc4-3022854a0ce3,2026-06-05T05:30:00Z,2026-06-05T07:30:00+0200,9359.16,MW,BE,BE,actual_load,Actual Load,2026-06-08T19:45:53Z
2026-06-08T19:45:40Z,2026-06-08T21:45:40+0200,2c10495a-697a-4f81-9dc4-3022854a0ce3,2026-06-05T05:45:00Z,2026-06-05T07:45:00+0200,9545.54,MW,BE,BE,actual_load,Actual Load,2026-06-08T19:45:53Z
2026-06-08T19:45:40Z,2026-06-08T21:45:40+0200,2c10495a-697a-4f81-9dc4-3022854a0ce3,2026-06-05T06:00:00Z,2026-06-05T08:00:00+0200,9628.6,MW,BE,BE,actual_load,Actual Load,2026-06-08T19:45:53Z
2026-06-08T19:45:40Z,2026-06-08T21:45:40+0200,2c10495a-697a-4f81-9dc4-3022854a0ce3,2026-06-05T06:15:00Z,2026-06-05T08:15:00+0200,9822.82,MW,BE,BE,actual_load,Actual Load,2026-06-08T19:45:53Z
2026-06-08T19:45:40Z,2026-06-08T21:45:40+0200,2c10495a-697a-4f81-9dc4-3022854a0ce3,2026-06-05T06:30:00Z,2026-06-05T08:30:00+0200,9855.52,MW,BE,BE,actual_load,Actual Load,2026-06-08T19:45:53Z
2026-06-08T19:45:40Z,2026-06-08T21:45:40+0200,2c10495a-697a-4f81-9dc4-3022854a0ce3,2026-06-05T06:45:00Z,2026-06-05T08:45:00+0200,10050.18,MW,BE,BE,actual_load,Actual Load,2026-06-08T19:45:53Z
2026-06-08T19:45:40Z,2026-06-08T21:45:40+0200,2c10495a-697a-4f81-9dc4-3022854a0ce3,2026-06-05T07:00:00Z,2026-06-05T09:00:00+0200,10156.96,MW,BE,BE,actual_load,Actual Load,2026-06-08T19:45:53Z
2026-06-08T19:45:40Z,2026-06-08T21:45:40+0200,2c10495a-697a-4f81-9dc4-3022854a0ce3,2026-06-05T07:15:00Z,2026-06-05T09:15:00+0200,10316.49,MW,BE,BE,actual_load,Actual Load,2026-06-08T19:45:53Z
2026-06-08T19:45:40Z,2026-06-08T21:45:40+0200,2c10495a-697a-4f81-9dc4-3022854a0ce3,2026-06-05T07:30:00Z,2026-06-05T09:30:00+0200,10366.95,MW,BE,BE,actual_load,Actual Load,2026-06-08T19:45:53Z
2026-06-08T19:45:40Z,2026-06-08T21:45:40+0200,2c10495a-697a-4f81-9dc4-3022854a0ce3,2026-06-05T07:45:00Z,2026-06-05T09:45:00+0200,10440.73,MW,BE,BE,actual_load,Actual Load,2026-06-08T19:45:53Z
2026-06-08T19:45:40Z,2026-06-08T21:45:40+0200,2c10495a-697a-4f81-9dc4-3022854a0ce3,2026-06-05T08:00:00Z,2026-06-05T10:00:00+0200,10466.56,MW,BE,BE,actual_load,Actual Load,2026-06-08T19:45:53Z
2026-06-08T19:45:40Z,2026-06-08T21:45:40+0200,2c10495a-697a-4f81-9dc4-3022854a0ce3,2026-06-05T08:15:00Z,2026-06-05T10:15:00+0200,10557.29,MW,BE,BE,actual_load,Actual Load,2026-06-08T19:45:53Z
2026-06-08T19:45:40Z,2026-06-08T21:45:40+0200,2c10495a-697a-4f81-9dc4-3022854a0ce3,2026-06-05T08:30:00Z,2026-06-05T10:30:00+0200,10595.02,MW,BE,BE,actual_load,Actual Load,2026-06-08T19:45:53Z
2026-06-08T19:45:40Z,2026-06-08T21:45:40+0200,2c10495a-697a-4f81-9dc4-3022854a0ce3,2026-06-05T08:45:00Z,2026-06-05T10:45:00+0200,10544.0,MW,BE,BE,actual_load,Actual Load,2026-06-08T19:45:53Z
2026-06-08T19:45:40Z,2026-06-08T21:45:40+0200,2c10495a-697a-4f81-9dc4-3022854a0ce3,2026-06-05T09:00:00Z,2026-06-05T11:00:00+0200,10625.49,MW,BE,BE,actual_load,Actual Load,2026-06-08T19:45:53Z
2026-06-08T19:45:40Z,2026-06-08T21:45:40+0200,2c10495a-697a-4f81-9dc4-3022854a0ce3,2026-06-05T09:15:00Z,2026-06-05T11:15:00+0200,10711.18,MW,BE,BE,actual_load,Actual Load,2026-06-08T19:45:53Z
2026-06-08T19:45:40Z,2026-06-08T21:45:40+0200,2c10495a-697a-4f81-9dc4-3022854a0ce3,2026-06-05T09:30:00Z,2026-06-05T11:30:00+0200,10707.55,MW,BE,BE,actual_load,Actual Load,2026-06-08T19:45:53Z
2026-06-08T19:45:40Z,2026-06-08T21:45:40+0200,2c10495a-697a-4f81-9dc4-3022854a0ce3,2026-06-05T09:45:00Z,2026-06-05T11:45:00+0200,10654.24,MW,BE,BE,actual_load,Actual Load,2026-06-08T19:45:53Z
2026-06-08T19:45:40Z,2026-06-08T21:45:40+0200,2c10495a-697a-4f81-9dc4-3022854a0ce3,2026-06-05T10:00:00Z,2026-06-05T12:00:00+0200,10751.45,MW,BE,BE,actual_load,Actual Load,2026-06-08T19:45:53Z
2026-06-08T19:45:40Z,2026-06-08T21:45:40+0200,2c10495a-697a-4f81-9dc4-3022854a0ce3,2026-06-05T10:15:00Z,2026-06-05T12:15:00+0200,10667.47,MW,BE,BE,actual_load,Actual Load,2026-06-08T19:45:53Z
2026-06-08T19:45:40Z,2026-06-08T21:45:40+0200,2c10495a-697a-4f81-9dc4-3022854a0ce3,2026-06-05T10:30:00Z,2026-06-05T12:30:00+0200,10725.53,MW,BE,BE,actual_load,Actual Load,2026-06-08T19:45:53Z
2026-06-08T19:45:40Z,2026-06-08T21:45:40+0200,2c10495a-697a-4f81-9dc4-3022854a0ce3,2026-06-05T10:45:00Z,2026-06-05T12:45:00+0200,10756.51,MW,BE,BE,actual_load,Actual Load,2026-06-08T19:45:53Z
2026-06-08T19:45:40Z,2026-06-08T21:45:40+0200,2c10495a-697a-4f81-9dc4-3022854a0ce3,2026-06-05T11:00:00Z,2026-06-05T13:00:00+0200,10867.39,MW,BE,BE,actual_load,Actual Load,2026-06-08T19:45:53Z
2026-06-08T19:45:40Z,2026-06-08T21:45:40+0200,2c10495a-697a-4f81-9dc4-3022854a0ce3,2026-06-05T11:15:00Z,2026-06-05T13:15:00+0200,10638.21,MW,BE,BE,actual_load,Actual Load,2026-06-08T19:45:53Z
2026-06-08T19:45:40Z,2026-06-08T21:45:40+0200,2c10495a-697a-4f81-9dc4-3022854a0ce3,2026-06-05T11:30:00Z,2026-06-05T13:30:00+0200,10605.58,MW,BE,BE,actual_load,Actual Load,2026-06-08T19:45:53Z
2026-06-08T19:45:40Z,2026-06-08T21:45:40+0200,2c10495a-697a-4f81-9dc4-3022854a0ce3,2026-06-05T11:45:00Z,2026-06-05T13:45:00+0200,10552.72,MW,BE,BE,actual_load,Actual Load,2026-06-08T19:45:53Z
2026-06-08T19:45:40Z,2026-06-08T21:45:40+0200,2c10495a-697a-4f81-9dc4-3022854a0ce3,2026-06-05T12:00:00Z,2026-06-05T14:00:00+0200,10366.83,MW,BE,BE,actual_load,Actual Load,2026-06-08T19:45:53Z
2026-06-08T19:45:40Z,2026-06-08T21:45:40+0200,2c10495a-697a-4f81-9dc4-3022854a0ce3,2026-06-05T12:15:00Z,2026-06-05T14:15:00+0200,10091.31,MW,BE,BE,actual_load,Actual Load,2026-06-08T19:45:53Z
2026-06-08T19:45:40Z,2026-06-08T21:45:40+0200,2c10495a-697a-4f81-9dc4-3022854a0ce3,2026-06-05T12:30:00Z,2026-06-05T14:30:00+0200,9628.66,MW,BE,BE,actual_load,Actual Load,2026-06-08T19:45:53Z
2026-06-08T19:45:40Z,2026-06-08T21:45:40+0200,2c10495a-697a-4f81-9dc4-3022854a0ce3,2026-06-05T12:45:00Z,2026-06-05T14:45:00+0200,9375.11,MW,BE,BE,actual_load,Actual Load,2026-06-08T19:45:53Z
2026-06-08T19:45:40Z,2026-06-08T21:45:40+0200,2c10495a-697a-4f81-9dc4-3022854a0ce3,2026-06-05T13:00:00Z,2026-06-05T15:00:00+0200,9399.83,MW,BE,BE,actual_load,Actual Load,2026-06-08T19:45:53Z
2026-06-08T19:45:40Z,2026-06-08T21:45:40+0200,2c10495a-697a-4f81-9dc4-3022854a0ce3,2026-06-05T13:15:00Z,2026-06-05T15:15:00+0200,9397.57,MW,BE,BE,actual_load,Actual Load,2026-06-08T19:45:53Z
2026-06-08T19:45:40Z,2026-06-08T21:45:40+0200,2c10495a-697a-4f81-9dc4-3022854a0ce3,2026-06-05T13:30:00Z,2026-06-05T15:30:00+0200,9414.75,MW,BE,BE,actual_load,Actual Load,2026-06-08T19:45:53Z
2026-06-08T19:45:40Z,2026-06-08T21:45:40+0200,2c10495a-697a-4f81-9dc4-3022854a0ce3,2026-06-05T13:45:00Z,2026-06-05T15:45:00+0200,9391.72,MW,BE,BE,actual_load,Actual Load,2026-06-08T19:45:53Z
2026-06-08T19:45:40Z,2026-06-08T21:45:40+0200,2c10495a-697a-4f81-9dc4-3022854a0ce3,2026-06-05T14:00:00Z,2026-06-05T16:00:00+0200,9436.71,MW,BE,BE,actual_load,Actual Load,2026-06-08T19:45:53Z
2026-06-08T19:45:40Z,2026-06-08T21:45:40+0200,2c10495a-697a-4f81-9dc4-3022854a0ce3,2026-06-05T14:15:00Z,2026-06-05T16:15:00+0200,9402.93,MW,BE,BE,actual_load,Actual Load,2026-06-08T19:45:53Z
2026-06-08T19:45:40Z,2026-06-08T21:45:40+0200,2c10495a-697a-4f81-9dc4-3022854a0ce3,2026-06-05T14:30:00Z,2026-06-05T16:30:00+0200,9306.04,MW,BE,BE,actual_load,Actual Load,2026-06-08T19:45:53Z
2026-06-08T19:45:40Z,2026-06-08T21:45:40+0200,2c10495a-697a-4f81-9dc4-3022854a0ce3,2026-06-05T14:45:00Z,2026-06-05T16:45:00+0200,9270.54,MW,BE,BE,actual_load,Actual Load,2026-06-08T19:45:53Z
2026-06-08T19:45:40Z,2026-06-08T21:45:40+0200,2c10495a-697a-4f81-9dc4-3022854a0ce3,2026-06-05T15:00:00Z,2026-06-05T17:00:00+0200,9170.6,MW,BE,BE,actual_load,Actual Load,2026-06-08T19:45:53Z
2026-06-08T19:45:40Z,2026-06-08T21:45:40+0200,2c10495a-697a-4f81-9dc4-3022854a0ce3,2026-06-05T15:15:00Z,2026-06-05T17:15:00+0200,9099.45,MW,BE,BE,actual_load,Actual Load,2026-06-08T19:45:53Z
2026-06-08T19:45:40Z,2026-06-08T21:45:40+0200,2c10495a-697a-4f81-9dc4-3022854a0ce3,2026-06-05T15:30:00Z,2026-06-05T17:30:00+0200,9079.84,MW,BE,BE,actual_load,Actual Load,2026-06-08T19:45:53Z
2026-06-08T19:45:40Z,2026-06-08T21:45:40+0200,2c10495a-697a-4f81-9dc4-3022854a0ce3,2026-06-05T15:45:00Z,2026-06-05T17:45:00+0200,9094.75,MW,BE,BE,actual_load,Actual Load,2026-06-08T19:45:53Z
2026-06-08T19:45:40Z,2026-06-08T21:45:40+0200,2c10495a-697a-4f81-9dc4-3022854a0ce3,2026-06-05T16:00:00Z,2026-06-05T18:00:00+0200,9132.26,MW,BE,BE,actual_load,Actual Load,2026-06-08T19:45:53Z
2026-06-08T19:45:40Z,2026-06-08T21:45:40+0200,2c10495a-697a-4f81-9dc4-3022854a0ce3,2026-06-05T16:15:00Z,2026-06-05T18:15:00+0200,9123.75,MW,BE,BE,actual_load,Actual Load,2026-06-08T19:45:53Z
2026-06-08T19:45:40Z,2026-06-08T21:45:40+0200,2c10495a-697a-4f81-9dc4-3022854a0ce3,2026-06-05T16:30:00Z,2026-06-05T18:30:00+0200,9022.64,MW,BE,BE,actual_load,Actual Load,2026-06-08T19:45:53Z
2026-06-08T19:45:40Z,2026-06-08T21:45:40+0200,2c10495a-697a-4f81-9dc4-3022854a0ce3,2026-06-05T16:45:00Z,2026-06-05T18:45:00+0200,9051.9,MW,BE,BE,actual_load,Actual Load,2026-06-08T19:45:53Z
2026-06-08T19:45:40Z,2026-06-08T21:45:40+0200,2c10495a-697a-4f81-9dc4-3022854a0ce3,2026-06-05T17:00:00Z,2026-06-05T19:00:00+0200,9050.89,MW,BE,BE,actual_load,Actual Load,2026-06-08T19:45:53Z
2026-06-08T19:45:40Z,2026-06-08T21:45:40+0200,2c10495a-697a-4f81-9dc4-3022854a0ce3,2026-06-05T17:15:00Z,2026-06-05T19:15:00+0200,8936.06,MW,BE,BE,actual_load,Actual Load,2026-06-08T19:45:53Z
2026-06-08T19:45:40Z,2026-06-08T21:45:40+0200,2c10495a-697a-4f81-9dc4-3022854a0ce3,2026-06-05T17:30:00Z,2026-06-05T19:30:00+0200,8868.12,MW,BE,BE,actual_load,Actual Load,2026-06-08T19:45:53Z
2026-06-08T19:45:40Z,2026-06-08T21:45:40+0200,2c10495a-697a-4f81-9dc4-3022854a0ce3,2026-06-05T17:45:00Z,2026-06-05T19:45:00+0200,8894.24,MW,BE,BE,actual_load,Actual Load,2026-06-08T19:45:53Z
2026-06-08T19:45:40Z,2026-06-08T21:45:40+0200,2c10495a-697a-4f81-9dc4-3022854a0ce3,2026-06-05T18:00:00Z,2026-06-05T20:00:00+0200,8826.4,MW,BE,BE,actual_load,Actual Load,2026-06-08T19:45:53Z
2026-06-08T19:45:40Z,2026-06-08T21:45:40+0200,2c10495a-697a-4f81-9dc4-3022854a0ce3,2026-06-05T18:15:00Z,2026-06-05T20:15:00+0200,9019.73,MW,BE,BE,actual_load,Actual Load,2026-06-08T19:45:53Z
2026-06-08T19:45:40Z,2026-06-08T21:45:40+0200,2c10495a-697a-4f81-9dc4-3022854a0ce3,2026-06-05T18:30:00Z,2026-06-05T20:30:00+0200,9205.74,MW,BE,BE,actual_load,Actual Load,2026-06-08T19:45:53Z
2026-06-08T19:45:40Z,2026-06-08T21:45:40+0200,2c10495a-697a-4f81-9dc4-3022854a0ce3,2026-06-05T18:45:00Z,2026-06-05T20:45:00+0200,9013.22,MW,BE,BE,actual_load,Actual Load,2026-06-08T19:45:53Z
2026-06-08T19:45:40Z,2026-06-08T21:45:40+0200,2c10495a-697a-4f81-9dc4-3022854a0ce3,2026-06-05T19:00:00Z,2026-06-05T21:00:00+0200,8790.63,MW,BE,BE,actual_load,Actual Load,2026-06-08T19:45:53Z
2026-06-08T19:45:40Z,2026-06-08T21:45:40+0200,2c10495a-697a-4f81-9dc4-3022854a0ce3,2026-06-05T19:15:00Z,2026-06-05T21:15:00+0200,8774.65,MW,BE,BE,actual_load,Actual Load,2026-06-08T19:45:53Z
2026-06-08T19:45:40Z,2026-06-08T21:45:40+0200,2c10495a-697a-4f81-9dc4-3022854a0ce3,2026-06-05T19:30:00Z,2026-06-05T21:30:00+0200,8660.72,MW,BE,BE,actual_load,Actual Load,2026-06-08T19:45:53Z
2026-06-08T19:45:40Z,2026-06-08T21:45:40+0200,2c10495a-697a-4f81-9dc4-3022854a0ce3,2026-06-05T19:45:00Z,2026-06-05T21:45:00+0200,8518.49,MW,BE,BE,actual_load,Actual Load,2026-06-08T19:45:53Z
2026-06-08T19:45:40Z,2026-06-08T21:45:40+0200,2c10495a-697a-4f81-9dc4-3022854a0ce3,2026-06-05T20:00:00Z,2026-06-05T22:00:00+0200,8503.89,MW,BE,BE,actual_load,Actual Load,2026-06-08T19:45:53Z
2026-06-08T19:45:40Z,2026-06-08T21:45:40+0200,2c10495a-697a-4f81-9dc4-3022854a0ce3,2026-06-05T20:15:00Z,2026-06-05T22:15:00+0200,8399.99,MW,BE,BE,actual_load,Actual Load,2026-06-08T19:45:53Z
2026-06-08T19:45:40Z,2026-06-08T21:45:40+0200,2c10495a-697a-4f81-9dc4-3022854a0ce3,2026-06-05T20:30:00Z,2026-06-05T22:30:00+0200,8300.99,MW,BE,BE,actual_load,Actual Load,2026-06-08T19:45:53Z
2026-06-08T19:45:40Z,2026-06-08T21:45:40+0200,2c10495a-697a-4f81-9dc4-3022854a0ce3,2026-06-05T20:45:00Z,2026-06-05T22:45:00+0200,8190.28,MW,BE,BE,actual_load,Actual Load,2026-06-08T19:45:53Z
2026-06-08T19:45:40Z,2026-06-08T21:45:40+0200,2c10495a-697a-4f81-9dc4-3022854a0ce3,2026-06-05T21:00:00Z,2026-06-05T23:00:00+0200,8090.17,MW,BE,BE,actual_load,Actual Load,2026-06-08T19:45:53Z
2026-06-08T19:45:40Z,2026-06-08T21:45:40+0200,2c10495a-697a-4f81-9dc4-3022854a0ce3,2026-06-05T21:15:00Z,2026-06-05T23:15:00+0200,8107.21,MW,BE,BE,actual_load,Actual Load,2026-06-08T19:45:53Z
2026-06-08T19:45:40Z,2026-06-08T21:45:40+0200,2c10495a-697a-4f81-9dc4-3022854a0ce3,2026-06-05T21:30:00Z,2026-06-05T23:30:00+0200,8110.88,MW,BE,BE,actual_load,Actual Load,2026-06-08T19:45:53Z
2026-06-08T19:45:40Z,2026-06-08T21:45:40+0200,2c10495a-697a-4f81-9dc4-3022854a0ce3,2026-06-05T21:45:00Z,2026-06-05T23:45:00+0200,7944.92,MW,BE,BE,actual_load,Actual Load,2026-06-08T19:45:53Z
2026-06-08T19:45:40Z,2026-06-08T21:45:40+0200,2c10495a-697a-4f81-9dc4-3022854a0ce3,2026-06-05T22:00:00Z,2026-06-06T00:00:00+0200,8126.86,MW,BE,BE,actual_load,Actual Load,2026-06-08T19:45:53Z
2026-06-08T19:45:40Z,2026-06-08T21:45:40+0200,2c10495a-697a-4f81-9dc4-3022854a0ce3,2026-06-05T22:15:00Z,2026-06-06T00:15:00+0200,8034.27,MW,BE,BE,actual_load,Actual Load,2026-06-08T19:45:53Z
2026-06-08T19:45:40Z,2026-06-08T21:45:40+0200,2c10495a-697a-4f81-9dc4-3022854a0ce3,2026-06-05T22:30:00Z,2026-06-06T00:30:00+0200,8023.67,MW,BE,BE,actual_load,Actual Load,2026-06-08T19:45:53Z
2026-06-08T19:45:40Z,2026-06-08T21:45:40+0200,2c10495a-697a-4f81-9dc4-3022854a0ce3,2026-06-05T22:45:00Z,2026-06-06T00:45:00+0200,7981.03,MW,BE,BE,actual_load,Actual Load,2026-06-08T19:45:53Z
2026-06-08T19:45:40Z,2026-06-08T21:45:40+0200,2c10495a-697a-4f81-9dc4-3022854a0ce3,2026-06-05T23:00:00Z,2026-06-06T01:00:00+0200,7976.41,MW,BE,BE,actual_load,Actual Load,2026-06-08T19:45:53Z
2026-06-08T19:45:40Z,2026-06-08T21:45:40+0200,2c10495a-697a-4f81-9dc4-3022854a0ce3,2026-06-05T23:15:00Z,2026-06-06T01:15:00+0200,7864.99,MW,BE,BE,actual_load,Actual Load,2026-06-08T19:45:53Z
2026-06-08T19:45:40Z,2026-06-08T21:45:40+0200,2c10495a-697a-4f81-9dc4-3022854a0ce3,2026-06-05T23:30:00Z,2026-06-06T01:30:00+0200,7738.58,MW,BE,BE,actual_load,Actual Load,2026-06-08T19:45:53Z
2026-06-08T19:45:40Z,2026-06-08T21:45:40+0200,2c10495a-697a-4f81-9dc4-3022854a0ce3,2026-06-05T23:45:00Z,2026-06-06T01:45:00+0200,7672.01,MW,BE,BE,actual_load,Actual Load,2026-06-08T19:45:53Z
2026-06-08T19:45:40Z,2026-06-08T21:45:40+0200,2c10495a-697a-4f81-9dc4-3022854a0ce3,2026-06-06T00:00:00Z,2026-06-06T02:00:00+0200,7617.02,MW,BE,BE,actual_load,Actual Load,2026-06-08T19:45:53Z
2026-06-08T19:45:40Z,2026-06-08T21:45:40+0200,2c10495a-697a-4f81-9dc4-3022854a0ce3,2026-06-06T00:15:00Z,2026-06-06T02:15:00+0200,7605.35,MW,BE,BE,actual_load,Actual Load,2026-06-08T19:45:53Z
2026-06-08T19:45:40Z,2026-06-08T21:45:40+0200,2c10495a-697a-4f81-9dc4-3022854a0ce3,2026-06-06T00:30:00Z,2026-06-06T02:30:00+0200,7462.05,MW,BE,BE,actual_load,Actual Load,2026-06-08T19:45:53Z
2026-06-08T19:45:40Z,2026-06-08T21:45:40+0200,2c10495a-697a-4f81-9dc4-3022854a0ce3,2026-06-06T00:45:00Z,2026-06-06T02:45:00+0200,7522.36,MW,BE,BE,actual_load,Actual Load,2026-06-08T19:45:53Z
2026-06-08T19:45:40Z,2026-06-08T21:45:40+0200,2c10495a-697a-4f81-9dc4-3022854a0ce3,2026-06-06T01:00:00Z,2026-06-06T03:00:00+0200,7220.02,MW,BE,BE,actual_load,Actual Load,2026-06-08T19:45:53Z
2026-06-08T19:45:40Z,2026-06-08T21:45:40+0200,2c10495a-697a-4f81-9dc4-3022854a0ce3,2026-06-06T01:15:00Z,2026-06-06T03:15:00+0200,7292.04,MW,BE,BE,actual_load,Actual Load,2026-06-08T19:45:53Z
2026-06-08T19:45:40Z,2026-06-08T21:45:40+0200,2c10495a-697a-4f81-9dc4-3022854a0ce3,2026-06-06T01:30:00Z,2026-06-06T03:30:00+0200,7281.57,MW,BE,BE,actual_load,Actual Load,2026-06-08T19:45:53Z
2026-06-08T19:45:40Z,2026-06-08T21:45:40+0200,2c10495a-697a-4f81-9dc4-3022854a0ce3,2026-06-06T01:45:00Z,2026-06-06T03:45:00+0200,7264.37,MW,BE,BE,actual_load,Actual Load,2026-06-08T19:45:53Z
2026-06-08T19:45:40Z,2026-06-08T21:45:40+0200,2c10495a-697a-4f81-9dc4-3022854a0ce3,2026-06-06T02:00:00Z,2026-06-06T04:00:00+0200,7283.26,MW,BE,BE,actual_load,Actual Load,2026-06-08T19:45:53Z
2026-06-08T19:45:40Z,2026-06-08T21:45:40+0200,2c10495a-697a-4f81-9dc4-3022854a0ce3,2026-06-06T02:15:00Z,2026-06-06T04:15:00+0200,7292.61,MW,BE,BE,actual_load,Actual Load,2026-06-08T19:45:53Z
2026-06-08T19:45:40Z,2026-06-08T21:45:40+0200,2c10495a-697a-4f81-9dc4-3022854a0ce3,2026-06-06T02:30:00Z,2026-06-06T04:30:00+0200,7254.19,MW,BE,BE,actual_load,Actual Load,2026-06-08T19:45:53Z
2026-06-08T19:45:40Z,2026-06-08T21:45:40+0200,2c10495a-697a-4f81-9dc4-3022854a0ce3,2026-06-06T02:45:00Z,2026-06-06T04:45:00+0200,7214.98,MW,BE,BE,actual_load,Actual Load,2026-06-08T19:45:53Z
2026-06-08T19:45:40Z,2026-06-08T21:45:40+0200,2c10495a-697a-4f81-9dc4-3022854a0ce3,2026-06-06T03:00:00Z,2026-06-06T05:00:00+0200,7219.41,MW,BE,BE,actual_load,Actual Load,2026-06-08T19:45:53Z
2026-06-08T19:45:40Z,2026-06-08T21:45:40+0200,2c10495a-697a-4f81-9dc4-3022854a0ce3,2026-06-06T03:15:00Z,2026-06-06T05:15:00+0200,7226.95,MW,BE,BE,actual_load,Actual Load,2026-06-08T19:45:53Z
2026-06-08T19:45:40Z,2026-06-08T21:45:40+0200,2c10495a-697a-4f81-9dc4-3022854a0ce3,2026-06-06T03:30:00Z,2026-06-06T05:30:00+0200,7227.04,MW,BE,BE,actual_load,Actual Load,2026-06-08T19:45:53Z
2026-06-08T19:45:40Z,2026-06-08T21:45:40+0200,2c10495a-697a-4f81-9dc4-3022854a0ce3,2026-06-06T03:45:00Z,2026-06-06T05:45:00+0200,7361.32,MW,BE,BE,actual_load,Actual Load,2026-06-08T19:45:53Z
2026-06-08T19:45:40Z,2026-06-08T21:45:40+0200,2c10495a-697a-4f81-9dc4-3022854a0ce3,2026-06-06T04:00:00Z,2026-06-06T06:00:00+0200,7417.23,MW,BE,BE,actual_load,Actual Load,2026-06-08T19:45:53Z
2026-06-08T19:45:40Z,2026-06-08T21:45:40+0200,2c10495a-697a-4f81-9dc4-3022854a0ce3,2026-06-06T04:15:00Z,2026-06-06T06:15:00+0200,7397.35,MW,BE,BE,actual_load,Actual Load,2026-06-08T19:45:53Z
2026-06-08T19:45:40Z,2026-06-08T21:45:40+0200,2c10495a-697a-4f81-9dc4-3022854a0ce3,2026-06-06T04:30:00Z,2026-06-06T06:30:00+0200,7384.74,MW,BE,BE,actual_load,Actual Load,2026-06-08T19:45:53Z
2026-06-08T19:45:40Z,2026-06-08T21:45:40+0200,2c10495a-697a-4f81-9dc4-3022854a0ce3,2026-06-06T04:45:00Z,2026-06-06T06:45:00+0200,7464.62,MW,BE,BE,actual_load,Actual Load,2026-06-08T19:45:53Z
2026-06-08T19:45:40Z,2026-06-08T21:45:40+0200,2c10495a-697a-4f81-9dc4-3022854a0ce3,2026-06-06T05:00:00Z,2026-06-06T07:00:00+0200,7523.5,MW,BE,BE,actual_load,Actual Load,2026-06-08T19:45:53Z
2026-06-08T19:45:40Z,2026-06-08T21:45:40+0200,2c10495a-697a-4f81-9dc4-3022854a0ce3,2026-06-06T05:15:00Z,2026-06-06T07:15:00+0200,7676.06,MW,BE,BE,actual_load,Actual Load,2026-06-08T19:45:53Z
2026-06-08T19:45:40Z,2026-06-08T21:45:40+0200,2c10495a-697a-4f81-9dc4-3022854a0ce3,2026-06-06T05:30:00Z,2026-06-06T07:30:00+0200,7790.58,MW,BE,BE,actual_load,Actual Load,2026-06-08T19:45:53Z
2026-06-08T19:45:40Z,2026-06-08T21:45:40+0200,2c10495a-697a-4f81-9dc4-3022854a0ce3,2026-06-06T05:45:00Z,2026-06-06T07:45:00+0200,7867.37,MW,BE,BE,actual_load,Actual Load,2026-06-08T19:45:53Z
2026-06-08T19:45:40Z,2026-06-08T21:45:40+0200,2c10495a-697a-4f81-9dc4-3022854a0ce3,2026-06-06T06:00:00Z,2026-06-06T08:00:00+0200,8023.06,MW,BE,BE,actual_load,Actual Load,2026-06-08T19:45:53Z
2026-06-08T19:45:40Z,2026-06-08T21:45:40+0200,2c10495a-697a-4f81-9dc4-3022854a0ce3,2026-06-06T06:15:00Z,2026-06-06T08:15:00+0200,8169.77,MW,BE,BE,actual_load,Actual Load,2026-06-08T19:45:53Z
2026-06-08T19:45:40Z,2026-06-08T21:45:40+0200,2c10495a-697a-4f81-9dc4-3022854a0ce3,2026-06-06T06:30:00Z,2026-06-06T08:30:00+0200,8314.2,MW,BE,BE,actual_load,Actual Load,2026-06-08T19:45:53Z
2026-06-08T19:45:40Z,2026-06-08T21:45:40+0200,2c10495a-697a-4f81-9dc4-3022854a0ce3,2026-06-06T06:45:00Z,2026-06-06T08:45:00+0200,8582.46,MW,BE,BE,actual_load,Actual Load,2026-06-08T19:45:53Z
2026-06-08T19:45:40Z,2026-06-08T21:45:40+0200,2c10495a-697a-4f81-9dc4-3022854a0ce3,2026-06-06T07:00:00Z,2026-06-06T09:00:00+0200,8632.13,MW,BE,BE,actual_load,Actual Load,2026-06-08T19:45:53Z
2026-06-08T19:45:40Z,2026-06-08T21:45:40+0200,2c10495a-697a-4f81-9dc4-3022854a0ce3,2026-06-06T07:15:00Z,2026-06-06T09:15:00+0200,8756.29,MW,BE,BE,actual_load,Actual Load,2026-06-08T19:45:53Z
2026-06-08T19:45:40Z,2026-06-08T21:45:40+0200,2c10495a-697a-4f81-9dc4-3022854a0ce3,2026-06-06T07:30:00Z,2026-06-06T09:30:00+0200,8956.32,MW,BE,BE,actual_load,Actual Load,2026-06-08T19:45:53Z
2026-06-08T19:45:40Z,2026-06-08T21:45:40+0200,2c10495a-697a-4f81-9dc4-3022854a0ce3,2026-06-06T07:45:00Z,2026-06-06T09:45:00+0200,9018.79,MW,BE,BE,actual_load,Actual Load,2026-06-08T19:45:53Z
2026-06-08T19:45:40Z,2026-06-08T21:45:40+0200,2c10495a-697a-4f81-9dc4-3022854a0ce3,2026-06-06T08:00:00Z,2026-06-06T10:00:00+0200,8854.28,MW,BE,BE,actual_load,Actual Load,2026-06-08T19:45:53Z
2026-06-08T19:45:40Z,2026-06-08T21:45:40+0200,2c10495a-697a-4f81-9dc4-3022854a0ce3,2026-06-06T08:15:00Z,2026-06-06T10:15:00+0200,9011.93,MW,BE,BE,actual_load,Actual Load,2026-06-08T19:45:53Z
2026-06-08T19:45:40Z,2026-06-08T21:45:40+0200,2c10495a-697a-4f81-9dc4-3022854a0ce3,2026-06-06T08:30:00Z,2026-06-06T10:30:00+0200,8980.07,MW,BE,BE,actual_load,Actual Load,2026-06-08T19:45:53Z
2026-06-08T19:45:40Z,2026-06-08T21:45:40+0200,2c10495a-697a-4f81-9dc4-3022854a0ce3,2026-06-06T08:45:00Z,2026-06-06T10:45:00+0200,9070.6,MW,BE,BE,actual_load,Actual Load,2026-06-08T19:45:53Z
2026-06-08T19:45:40Z,2026-06-08T21:45:40+0200,2c10495a-697a-4f81-9dc4-3022854a0ce3,2026-06-06T09:00:00Z,2026-06-06T11:00:00+0200,9241.0,MW,BE,BE,actual_load,Actual Load,2026-06-08T19:45:53Z
2026-06-08T19:45:40Z,2026-06-08T21:45:40+0200,2c10495a-697a-4f81-9dc4-3022854a0ce3,2026-06-06T09:15:00Z,2026-06-06T11:15:00+0200,9234.9,MW,BE,BE,actual_load,Actual Load,2026-06-08T19:45:53Z
2026-06-08T19:45:40Z,2026-06-08T21:45:40+0200,2c10495a-697a-4f81-9dc4-3022854a0ce3,2026-06-06T09:30:00Z,2026-06-06T11:30:00+0200,9301.75,MW,BE,BE,actual_load,Actual Load,2026-06-08T19:45:53Z
2026-06-08T19:45:40Z,2026-06-08T21:45:40+0200,2c10495a-697a-4f81-9dc4-3022854a0ce3,2026-06-06T09:45:00Z,2026-06-06T11:45:00+0200,9347.35,MW,BE,BE,actual_load,Actual Load,2026-06-08T19:45:53Z
2026-06-08T19:45:40Z,2026-06-08T21:45:40+0200,2c10495a-697a-4f81-9dc4-3022854a0ce3,2026-06-06T10:00:00Z,2026-06-06T12:00:00+0200,9455.51,MW,BE,BE,actual_load,Actual Load,2026-06-08T19:45:53Z
2026-06-08T19:45:40Z,2026-06-08T21:45:40+0200,2c10495a-697a-4f81-9dc4-3022854a0ce3,2026-06-06T10:15:00Z,2026-06-06T12:15:00+0200,9472.85,MW,BE,BE,actual_load,Actual Load,2026-06-08T19:45:53Z
2026-06-08T19:45:40Z,2026-06-08T21:45:40+0200,2c10495a-697a-4f81-9dc4-3022854a0ce3,2026-06-06T10:30:00Z,2026-06-06T12:30:00+0200,9420.28,MW,BE,BE,actual_load,Actual Load,2026-06-08T19:45:53Z
2026-06-08T19:45:40Z,2026-06-08T21:45:40+0200,2c10495a-697a-4f81-9dc4-3022854a0ce3,2026-06-06T10:45:00Z,2026-06-06T12:45:00+0200,9455.67,MW,BE,BE,actual_load,Actual Load,2026-06-08T19:45:53Z
2026-06-08T19:45:40Z,2026-06-08T21:45:40+0200,2c10495a-697a-4f81-9dc4-3022854a0ce3,2026-06-06T11:00:00Z,2026-06-06T13:00:00+0200,9534.97,MW,BE,BE,actual_load,Actual Load,2026-06-08T19:45:53Z
2026-06-08T19:45:40Z,2026-06-08T21:45:40+0200,2c10495a-697a-4f81-9dc4-3022854a0ce3,2026-06-06T11:15:00Z,2026-06-06T13:15:00+0200,9515.93,MW,BE,BE,actual_load,Actual Load,2026-06-08T19:45:53Z
2026-06-08T19:45:40Z,2026-06-08T21:45:40+0200,2c10495a-697a-4f81-9dc4-3022854a0ce3,2026-06-06T11:30:00Z,2026-06-06T13:30:00+0200,9431.34,MW,BE,BE,actual_load,Actual Load,2026-06-08T19:45:53Z
2026-06-08T19:45:40Z,2026-06-08T21:45:40+0200,2c10495a-697a-4f81-9dc4-3022854a0ce3,2026-06-06T11:45:00Z,2026-06-06T13:45:00+0200,9303.72,MW,BE,BE,actual_load,Actual Load,2026-06-08T19:45:53Z
2026-06-08T19:45:40Z,2026-06-08T21:45:40+0200,2c10495a-697a-4f81-9dc4-3022854a0ce3,2026-06-06T12:00:00Z,2026-06-06T14:00:00+0200,9249.02,MW,BE,BE,actual_load,Actual Load,2026-06-08T19:45:53Z
2026-06-08T19:45:40Z,2026-06-08T21:45:40+0200,2c10495a-697a-4f81-9dc4-3022854a0ce3,2026-06-06T12:15:00Z,2026-06-06T14:15:00+0200,9231.59,MW,BE,BE,actual_load,Actual Load,2026-06-08T19:45:53Z
2026-06-08T19:45:40Z,2026-06-08T21:45:40+0200,2c10495a-697a-4f81-9dc4-3022854a0ce3,2026-06-06T12:30:00Z,2026-06-06T14:30:00+0200,8915.05,MW,BE,BE,actual_load,Actual Load,2026-06-08T19:45:53Z
2026-06-08T19:45:40Z,2026-06-08T21:45:40+0200,2c10495a-697a-4f81-9dc4-3022854a0ce3,2026-06-06T12:45:00Z,2026-06-06T14:45:00+0200,8853.61,MW,BE,BE,actual_load,Actual Load,2026-06-08T19:45:53Z
2026-06-08T19:45:40Z,2026-06-08T21:45:40+0200,2c10495a-697a-4f81-9dc4-3022854a0ce3,2026-06-06T13:00:00Z,2026-06-06T15:00:00+0200,8757.97,MW,BE,BE,actual_load,Actual Load,2026-06-08T19:45:53Z
2026-06-08T19:45:40Z,2026-06-08T21:45:40+0200,2c10495a-697a-4f81-9dc4-3022854a0ce3,2026-06-06T13:15:00Z,2026-06-06T15:15:00+0200,8729.23,MW,BE,BE,actual_load,Actual Load,2026-06-08T19:45:53Z
2026-06-08T19:45:40Z,2026-06-08T21:45:40+0200,2c10495a-697a-4f81-9dc4-3022854a0ce3,2026-06-06T13:30:00Z,2026-06-06T15:30:00+0200,8747.6,MW,BE,BE,actual_load,Actual Load,2026-06-08T19:45:53Z
2026-06-08T19:45:40Z,2026-06-08T21:45:40+0200,2c10495a-697a-4f81-9dc4-3022854a0ce3,2026-06-06T13:45:00Z,2026-06-06T15:45:00+0200,8841.1,MW,BE,BE,actual_load,Actual Load,2026-06-08T19:45:53Z
2026-06-08T19:45:40Z,2026-06-08T21:45:40+0200,2c10495a-697a-4f81-9dc4-3022854a0ce3,2026-06-06T14:00:00Z,2026-06-06T16:00:00+0200,8830.78,MW,BE,BE,actual_load,Actual Load,2026-06-08T19:45:53Z
2026-06-08T19:45:40Z,2026-06-08T21:45:40+0200,2c10495a-697a-4f81-9dc4-3022854a0ce3,2026-06-06T14:15:00Z,2026-06-06T16:15:00+0200,8669.83,MW,BE,BE,actual_load,Actual Load,2026-06-08T19:45:53Z
2026-06-08T19:45:40Z,2026-06-08T21:45:40+0200,2c10495a-697a-4f81-9dc4-3022854a0ce3,2026-06-06T14:30:00Z,2026-06-06T16:30:00+0200,8695.81,MW,BE,BE,actual_load,Actual Load,2026-06-08T19:45:53Z
2026-06-08T19:45:40Z,2026-06-08T21:45:40+0200,2c10495a-697a-4f81-9dc4-3022854a0ce3,2026-06-06T14:45:00Z,2026-06-06T16:45:00+0200,8527.5,MW,BE,BE,actual_load,Actual Load,2026-06-08T19:45:53Z
2026-06-08T19:45:40Z,2026-06-08T21:45:40+0200,2c10495a-697a-4f81-9dc4-3022854a0ce3,2026-06-06T15:00:00Z,2026-06-06T17:00:00+0200,8641.35,MW,BE,BE,actual_load,Actual Load,2026-06-08T19:45:53Z
2026-06-08T19:45:40Z,2026-06-08T21:45:40+0200,2c10495a-697a-4f81-9dc4-3022854a0ce3,2026-06-06T15:15:00Z,2026-06-06T17:15:00+0200,8589.7,MW,BE,BE,actual_load,Actual Load,2026-06-08T19:45:53Z
2026-06-08T19:45:40Z,2026-06-08T21:45:40+0200,2c10495a-697a-4f81-9dc4-3022854a0ce3,2026-06-06T15:30:00Z,2026-06-06T17:30:00+0200,8736.31,MW,BE,BE,actual_load,Actual Load,2026-06-08T19:45:53Z
2026-06-08T19:45:40Z,2026-06-08T21:45:40+0200,2c10495a-697a-4f81-9dc4-3022854a0ce3,2026-06-06T15:45:00Z,2026-06-06T17:45:00+0200,8734.61,MW,BE,BE,actual_load,Actual Load,2026-06-08T19:45:53Z
2026-06-08T19:45:40Z,2026-06-08T21:45:40+0200,2c10495a-697a-4f81-9dc4-3022854a0ce3,2026-06-06T16:00:00Z,2026-06-06T18:00:00+0200,8794.72,MW,BE,BE,actual_load,Actual Load,2026-06-08T19:45:53Z
2026-06-08T19:45:40Z,2026-06-08T21:45:40+0200,2c10495a-697a-4f81-9dc4-3022854a0ce3,2026-06-06T16:15:00Z,2026-06-06T18:15:00+0200,8772.38,MW,BE,BE,actual_load,Actual Load,2026-06-08T19:45:53Z
2026-06-08T19:45:40Z,2026-06-08T21:45:40+0200,2c10495a-697a-4f81-9dc4-3022854a0ce3,2026-06-06T16:30:00Z,2026-06-06T18:30:00+0200,8859.97,MW,BE,BE,actual_load,Actual Load,2026-06-08T19:45:53Z
2026-06-08T19:45:40Z,2026-06-08T21:45:40+0200,2c10495a-697a-4f81-9dc4-3022854a0ce3,2026-06-06T16:45:00Z,2026-06-06T18:45:00+0200,8829.19,MW,BE,BE,actual_load,Actual Load,2026-06-08T19:45:53Z
2026-06-08T19:45:40Z,2026-06-08T21:45:40+0200,2c10495a-697a-4f81-9dc4-3022854a0ce3,2026-06-06T17:00:00Z,2026-06-06T19:00:00+0200,8666.3,MW,BE,BE,actual_load,Actual Load,2026-06-08T19:45:53Z
2026-06-08T19:45:40Z,2026-06-08T21:45:40+0200,2c10495a-697a-4f81-9dc4-3022854a0ce3,2026-06-06T17:15:00Z,2026-06-06T19:15:00+0200,8705.34,MW,BE,BE,actual_load,Actual Load,2026-06-08T19:45:53Z
2026-06-08T19:45:40Z,2026-06-08T21:45:40+0200,2c10495a-697a-4f81-9dc4-3022854a0ce3,2026-06-06T17:30:00Z,2026-06-06T19:30:00+0200,8605.63,MW,BE,BE,actual_load,Actual Load,2026-06-08T19:45:53Z
2026-06-08T19:45:40Z,2026-06-08T21:45:40+0200,2c10495a-697a-4f81-9dc4-3022854a0ce3,2026-06-06T17:45:00Z,2026-06-06T19:45:00+0200,8545.17,MW,BE,BE,actual_load,Actual Load,2026-06-08T19:45:53Z
2026-06-08T19:45:40Z,2026-06-08T21:45:40+0200,2c10495a-697a-4f81-9dc4-3022854a0ce3,2026-06-06T18:00:00Z,2026-06-06T20:00:00+0200,8447.89,MW,BE,BE,actual_load,Actual Load,2026-06-08T19:45:53Z
2026-06-08T19:45:40Z,2026-06-08T21:45:40+0200,2c10495a-697a-4f81-9dc4-3022854a0ce3,2026-06-06T18:15:00Z,2026-06-06T20:15:00+0200,8425.5,MW,BE,BE,actual_load,Actual Load,2026-06-08T19:45:53Z
2026-06-08T19:45:40Z,2026-06-08T21:45:40+0200,2c10495a-697a-4f81-9dc4-3022854a0ce3,2026-06-06T18:30:00Z,2026-06-06T20:30:00+0200,8392.17,MW,BE,BE,actual_load,Actual Load,2026-06-08T19:45:53Z
2026-06-08T19:45:40Z,2026-06-08T21:45:40+0200,2c10495a-697a-4f81-9dc4-3022854a0ce3,2026-06-06T18:45:00Z,2026-06-06T20:45:00+0200,8439.46,MW,BE,BE,actual_load,Actual Load,2026-06-08T19:45:53Z
2026-06-08T19:45:40Z,2026-06-08T21:45:40+0200,2c10495a-697a-4f81-9dc4-3022854a0ce3,2026-06-06T19:00:00Z,2026-06-06T21:00:00+0200,8385.93,MW,BE,BE,actual_load,Actual Load,2026-06-08T19:45:53Z
2026-06-08T19:45:40Z,2026-06-08T21:45:40+0200,2c10495a-697a-4f81-9dc4-3022854a0ce3,2026-06-06T19:15:00Z,2026-06-06T21:15:00+0200,8340.93,MW,BE,BE,actual_load,Actual Load,2026-06-08T19:45:53Z
2026-06-08T19:45:40Z,2026-06-08T21:45:40+0200,2c10495a-697a-4f81-9dc4-3022854a0ce3,2026-06-06T19:30:00Z,2026-06-06T21:30:00+0200,8260.47,MW,BE,BE,actual_load,Actual Load,2026-06-08T19:45:53Z
2026-06-08T19:45:40Z,2026-06-08T21:45:40+0200,2c10495a-697a-4f81-9dc4-3022854a0ce3,2026-06-06T19:45:00Z,2026-06-06T21:45:00+0200,8268.3,MW,BE,BE,actual_load,Actual Load,2026-06-08T19:45:53Z
2026-06-08T19:45:40Z,2026-06-08T21:45:40+0200,2c10495a-697a-4f81-9dc4-3022854a0ce3,2026-06-06T20:00:00Z,2026-06-06T22:00:00+0200,8524.16,MW,BE,BE,actual_load,Actual Load,2026-06-08T19:45:53Z
2026-06-08T19:45:40Z,2026-06-08T21:45:40+0200,2c10495a-697a-4f81-9dc4-3022854a0ce3,2026-06-06T20:15:00Z,2026-06-06T22:15:00+0200,8465.46,MW,BE,BE,actual_load,Actual Load,2026-06-08T19:45:53Z
2026-06-08T19:45:40Z,2026-06-08T21:45:40+0200,2c10495a-697a-4f81-9dc4-3022854a0ce3,2026-06-06T20:30:00Z,2026-06-06T22:30:00+0200,8279.43,MW,BE,BE,actual_load,Actual Load,2026-06-08T19:45:53Z
2026-06-08T19:45:40Z,2026-06-08T21:45:40+0200,2c10495a-697a-4f81-9dc4-3022854a0ce3,2026-06-06T20:45:00Z,2026-06-06T22:45:00+0200,8264.22,MW,BE,BE,actual_load,Actual Load,2026-06-08T19:45:53Z
2026-06-08T19:45:40Z,2026-06-08T21:45:40+0200,2c10495a-697a-4f81-9dc4-3022854a0ce3,2026-06-06T21:00:00Z,2026-06-06T23:00:00+0200,8243.87,MW,BE,BE,actual_load,Actual Load,2026-06-08T19:45:53Z
2026-06-08T19:45:40Z,2026-06-08T21:45:40+0200,2c10495a-697a-4f81-9dc4-3022854a0ce3,2026-06-06T21:15:00Z,2026-06-06T23:15:00+0200,8082.64,MW,BE,BE,actual_load,Actual Load,2026-06-08T19:45:53Z
2026-06-08T19:45:40Z,2026-06-08T21:45:40+0200,2c10495a-697a-4f81-9dc4-3022854a0ce3,2026-06-06T21:30:00Z,2026-06-06T23:30:00+0200,8005.27,MW,BE,BE,actual_load,Actual Load,2026-06-08T19:45:53Z
2026-06-08T19:45:40Z,2026-06-08T21:45:40+0200,2c10495a-697a-4f81-9dc4-3022854a0ce3,2026-06-06T21:45:00Z,2026-06-06T23:45:00+0200,7870.76,MW,BE,BE,actual_load,Actual Load,2026-06-08T19:45:53Z
2026-06-08T19:45:40Z,2026-06-08T21:45:40+0200,2c10495a-697a-4f81-9dc4-3022854a0ce3,2026-06-06T22:00:00Z,2026-06-07T00:00:00+0200,7757.05,MW,BE,BE,actual_load,Actual Load,2026-06-08T19:45:53Z
2026-06-08T19:45:40Z,2026-06-08T21:45:40+0200,2c10495a-697a-4f81-9dc4-3022854a0ce3,2026-06-06T22:15:00Z,2026-06-07T00:15:00+0200,7744.29,MW,BE,BE,actual_load,Actual Load,2026-06-08T19:45:53Z
2026-06-08T19:45:40Z,2026-06-08T21:45:40+0200,2c10495a-697a-4f81-9dc4-3022854a0ce3,2026-06-06T22:30:00Z,2026-06-07T00:30:00+0200,7770.49,MW,BE,BE,actual_load,Actual Load,2026-06-08T19:45:53Z
2026-06-08T19:45:40Z,2026-06-08T21:45:40+0200,2c10495a-697a-4f81-9dc4-3022854a0ce3,2026-06-06T22:45:00Z,2026-06-07T00:45:00+0200,7713.04,MW,BE,BE,actual_load,Actual Load,2026-06-08T19:45:53Z
2026-06-08T19:45:40Z,2026-06-08T21:45:40+0200,2c10495a-697a-4f81-9dc4-3022854a0ce3,2026-06-06T23:00:00Z,2026-06-07T01:00:00+0200,7640.25,MW,BE,BE,actual_load,Actual Load,2026-06-08T19:45:53Z
2026-06-08T19:45:40Z,2026-06-08T21:45:40+0200,2c10495a-697a-4f81-9dc4-3022854a0ce3,2026-06-06T23:15:00Z,2026-06-07T01:15:00+0200,7546.54,MW,BE,BE,actual_load,Actual Load,2026-06-08T19:45:53Z
2026-06-08T19:45:40Z,2026-06-08T21:45:40+0200,2c10495a-697a-4f81-9dc4-3022854a0ce3,2026-06-06T23:30:00Z,2026-06-07T01:30:00+0200,7429.87,MW,BE,BE,actual_load,Actual Load,2026-06-08T19:45:53Z
2026-06-08T19:45:40Z,2026-06-08T21:45:40+0200,2c10495a-697a-4f81-9dc4-3022854a0ce3,2026-06-06T23:45:00Z,2026-06-07T01:45:00+0200,7346.87,MW,BE,BE,actual_load,Actual Load,2026-06-08T19:45:53Z
2026-06-08T19:45:40Z,2026-06-08T21:45:40+0200,2c10495a-697a-4f81-9dc4-3022854a0ce3,2026-06-07T00:00:00Z,2026-06-07T02:00:00+0200,7415.35,MW,BE,BE,actual_load,Actual Load,2026-06-08T19:45:53Z
2026-06-08T19:45:40Z,2026-06-08T21:45:40+0200,2c10495a-697a-4f81-9dc4-3022854a0ce3,2026-06-07T00:15:00Z,2026-06-07T02:15:00+0200,7378.7,MW,BE,BE,actual_load,Actual Load,2026-06-08T19:45:53Z
2026-06-08T19:45:40Z,2026-06-08T21:45:40+0200,2c10495a-697a-4f81-9dc4-3022854a0ce3,2026-06-07T00:30:00Z,2026-06-07T02:30:00+0200,7313.03,MW,BE,BE,actual_load,Actual Load,2026-06-08T19:45:53Z
2026-06-08T19:45:40Z,2026-06-08T21:45:40+0200,2c10495a-697a-4f81-9dc4-3022854a0ce3,2026-06-07T00:45:00Z,2026-06-07T02:45:00+0200,7319.89,MW,BE,BE,actual_load,Actual Load,2026-06-08T19:45:53Z
2026-06-08T19:45:40Z,2026-06-08T21:45:40+0200,2c10495a-697a-4f81-9dc4-3022854a0ce3,2026-06-07T01:00:00Z,2026-06-07T03:00:00+0200,7426.65,MW,BE,BE,actual_load,Actual Load,2026-06-08T19:45:53Z
2026-06-08T19:45:40Z,2026-06-08T21:45:40+0200,2c10495a-697a-4f81-9dc4-3022854a0ce3,2026-06-07T01:15:00Z,2026-06-07T03:15:00+0200,7379.2,MW,BE,BE,actual_load,Actual Load,2026-06-08T19:45:53Z
2026-06-08T19:45:40Z,2026-06-08T21:45:40+0200,2c10495a-697a-4f81-9dc4-3022854a0ce3,2026-06-07T01:30:00Z,2026-06-07T03:30:00+0200,7312.79,MW,BE,BE,actual_load,Actual Load,2026-06-08T19:45:53Z
2026-06-08T19:45:40Z,2026-06-08T21:45:40+0200,2c10495a-697a-4f81-9dc4-3022854a0ce3,2026-06-07T01:45:00Z,2026-06-07T03:45:00+0200,7364.92,MW,BE,BE,actual_load,Actual Load,2026-06-08T19:45:53Z
2026-06-08T19:45:40Z,2026-06-08T21:45:40+0200,2c10495a-697a-4f81-9dc4-3022854a0ce3,2026-06-07T02:00:00Z,2026-06-07T04:00:00+0200,7379.64,MW,BE,BE,actual_load,Actual Load,2026-06-08T19:45:53Z
2026-06-08T19:45:40Z,2026-06-08T21:45:40+0200,2c10495a-697a-4f81-9dc4-3022854a0ce3,2026-06-07T02:15:00Z,2026-06-07T04:15:00+0200,7276.17,MW,BE,BE,actual_load,Actual Load,2026-06-08T19:45:53Z
2026-06-08T19:45:40Z,2026-06-08T21:45:40+0200,2c10495a-697a-4f81-9dc4-3022854a0ce3,2026-06-07T02:30:00Z,2026-06-07T04:30:00+0200,7283.14,MW,BE,BE,actual_load,Actual Load,2026-06-08T19:45:53Z
2026-06-08T19:45:40Z,2026-06-08T21:45:40+0200,2c10495a-697a-4f81-9dc4-3022854a0ce3,2026-06-07T02:45:00Z,2026-06-07T04:45:00+0200,7259.05,MW,BE,BE,actual_load,Actual Load,2026-06-08T19:45:53Z
2026-06-08T19:45:40Z,2026-06-08T21:45:40+0200,2c10495a-697a-4f81-9dc4-3022854a0ce3,2026-06-07T03:00:00Z,2026-06-07T05:00:00+0200,7164.34,MW,BE,BE,actual_load,Actual Load,2026-06-08T19:45:53Z
2026-06-08T19:45:40Z,2026-06-08T21:45:40+0200,2c10495a-697a-4f81-9dc4-3022854a0ce3,2026-06-07T03:15:00Z,2026-06-07T05:15:00+0200,7258.46,MW,BE,BE,actual_load,Actual Load,2026-06-08T19:45:53Z
2026-06-08T19:45:40Z,2026-06-08T21:45:40+0200,2c10495a-697a-4f81-9dc4-3022854a0ce3,2026-06-07T03:30:00Z,2026-06-07T05:30:00+0200,7227.0,MW,BE,BE,actual_load,Actual Load,2026-06-08T19:45:53Z
2026-06-08T19:45:40Z,2026-06-08T21:45:40+0200,2c10495a-697a-4f81-9dc4-3022854a0ce3,2026-06-07T03:45:00Z,2026-06-07T05:45:00+0200,7346.92,MW,BE,BE,actual_load,Actual Load,2026-06-08T19:45:53Z
2026-06-08T19:45:40Z,2026-06-08T21:45:40+0200,2c10495a-697a-4f81-9dc4-3022854a0ce3,2026-06-07T04:00:00Z,2026-06-07T06:00:00+0200,7431.06,MW,BE,BE,actual_load,Actual Load,2026-06-08T19:45:53Z
2026-06-08T19:45:40Z,2026-06-08T21:45:40+0200,2c10495a-697a-4f81-9dc4-3022854a0ce3,2026-06-07T04:15:00Z,2026-06-07T06:15:00+0200,7348.95,MW,BE,BE,actual_load,Actual Load,2026-06-08T19:45:53Z
2026-06-08T19:45:40Z,2026-06-08T21:45:40+0200,2c10495a-697a-4f81-9dc4-3022854a0ce3,2026-06-07T04:30:00Z,2026-06-07T06:30:00+0200,7405.38,MW,BE,BE,actual_load,Actual Load,2026-06-08T19:45:53Z
2026-06-08T19:45:40Z,2026-06-08T21:45:40+0200,2c10495a-697a-4f81-9dc4-3022854a0ce3,2026-06-07T04:45:00Z,2026-06-07T06:45:00+0200,7496.66,MW,BE,BE,actual_load,Actual Load,2026-06-08T19:45:53Z
2026-06-08T19:45:40Z,2026-06-08T21:45:40+0200,2c10495a-697a-4f81-9dc4-3022854a0ce3,2026-06-07T05:00:00Z,2026-06-07T07:00:00+0200,7534.04,MW,BE,BE,actual_load,Actual Load,2026-06-08T19:45:53Z
2026-06-08T19:45:40Z,2026-06-08T21:45:40+0200,2c10495a-697a-4f81-9dc4-3022854a0ce3,2026-06-07T05:15:00Z,2026-06-07T07:15:00+0200,7514.45,MW,BE,BE,actual_load,Actual Load,2026-06-08T19:45:53Z
2026-06-08T19:45:40Z,2026-06-08T21:45:40+0200,2c10495a-697a-4f81-9dc4-3022854a0ce3,2026-06-07T05:30:00Z,2026-06-07T07:30:00+0200,7547.14,MW,BE,BE,actual_load,Actual Load,2026-06-08T19:45:53Z
2026-06-08T19:45:40Z,2026-06-08T21:45:40+0200,2c10495a-697a-4f81-9dc4-3022854a0ce3,2026-06-07T05:45:00Z,2026-06-07T07:45:00+0200,7547.81,MW,BE,BE,actual_load,Actual Load,2026-06-08T19:45:53Z
2026-06-08T19:45:40Z,2026-06-08T21:45:40+0200,2c10495a-697a-4f81-9dc4-3022854a0ce3,2026-06-07T06:00:00Z,2026-06-07T08:00:00+0200,7519.47,MW,BE,BE,actual_load,Actual Load,2026-06-08T19:45:53Z
2026-06-08T19:45:40Z,2026-06-08T21:45:40+0200,2c10495a-697a-4f81-9dc4-3022854a0ce3,2026-06-07T06:15:00Z,2026-06-07T08:15:00+0200,7599.1,MW,BE,BE,actual_load,Actual Load,2026-06-08T19:45:53Z
2026-06-08T19:45:40Z,2026-06-08T21:45:40+0200,2c10495a-697a-4f81-9dc4-3022854a0ce3,2026-06-07T06:30:00Z,2026-06-07T08:30:00+0200,7811.13,MW,BE,BE,actual_load,Actual Load,2026-06-08T19:45:53Z
2026-06-08T19:45:40Z,2026-06-08T21:45:40+0200,2c10495a-697a-4f81-9dc4-3022854a0ce3,2026-06-07T06:45:00Z,2026-06-07T08:45:00+0200,7886.06,MW,BE,BE,actual_load,Actual Load,2026-06-08T19:45:53Z
2026-06-08T19:45:40Z,2026-06-08T21:45:40+0200,2c10495a-697a-4f81-9dc4-3022854a0ce3,2026-06-07T07:00:00Z,2026-06-07T09:00:00+0200,8193.79,MW,BE,BE,actual_load,Actual Load,2026-06-08T19:45:53Z
2026-06-08T19:45:40Z,2026-06-08T21:45:40+0200,2c10495a-697a-4f81-9dc4-3022854a0ce3,2026-06-07T07:15:00Z,2026-06-07T09:15:00+0200,8317.65,MW,BE,BE,actual_load,Actual Load,2026-06-08T19:45:53Z
2026-06-08T19:45:40Z,2026-06-08T21:45:40+0200,2c10495a-697a-4f81-9dc4-3022854a0ce3,2026-06-07T07:30:00Z,2026-06-07T09:30:00+0200,8235.87,MW,BE,BE,actual_load,Actual Load,2026-06-08T19:45:53Z
2026-06-08T19:45:40Z,2026-06-08T21:45:40+0200,2c10495a-697a-4f81-9dc4-3022854a0ce3,2026-06-07T07:45:00Z,2026-06-07T09:45:00+0200,8213.75,MW,BE,BE,actual_load,Actual Load,2026-06-08T19:45:53Z
2026-06-08T19:45:40Z,2026-06-08T21:45:40+0200,2c10495a-697a-4f81-9dc4-3022854a0ce3,2026-06-07T08:00:00Z,2026-06-07T10:00:00+0200,8305.73,MW,BE,BE,actual_load,Actual Load,2026-06-08T19:45:53Z
2026-06-08T19:45:40Z,2026-06-08T21:45:40+0200,2c10495a-697a-4f81-9dc4-3022854a0ce3,2026-06-07T08:15:00Z,2026-06-07T10:15:00+0200,8230.71,MW,BE,BE,actual_load,Actual Load,2026-06-08T19:45:53Z
2026-06-08T19:45:40Z,2026-06-08T21:45:40+0200,2c10495a-697a-4f81-9dc4-3022854a0ce3,2026-06-07T08:30:00Z,2026-06-07T10:30:00+0200,8311.26,MW,BE,BE,actual_load,Actual Load,2026-06-08T19:45:53Z
2026-06-08T19:45:40Z,2026-06-08T21:45:40+0200,2c10495a-697a-4f81-9dc4-3022854a0ce3,2026-06-07T08:45:00Z,2026-06-07T10:45:00+0200,8521.11,MW,BE,BE,actual_load,Actual Load,2026-06-08T19:45:53Z
2026-06-08T19:45:40Z,2026-06-08T21:45:40+0200,2c10495a-697a-4f81-9dc4-3022854a0ce3,2026-06-07T09:00:00Z,2026-06-07T11:00:00+0200,8775.4,MW,BE,BE,actual_load,Actual Load,2026-06-08T19:45:53Z
2026-06-08T19:45:40Z,2026-06-08T21:45:40+0200,2c10495a-697a-4f81-9dc4-3022854a0ce3,2026-06-07T09:15:00Z,2026-06-07T11:15:00+0200,8783.58,MW,BE,BE,actual_load,Actual Load,2026-06-08T19:45:53Z
2026-06-08T19:45:40Z,2026-06-08T21:45:40+0200,2c10495a-697a-4f81-9dc4-3022854a0ce3,2026-06-07T09:30:00Z,2026-06-07T11:30:00+0200,8866.67,MW,BE,BE,actual_load,Actual Load,2026-06-08T19:45:53Z
2026-06-08T19:45:40Z,2026-06-08T21:45:40+0200,2c10495a-697a-4f81-9dc4-3022854a0ce3,2026-06-07T09:45:00Z,2026-06-07T11:45:00+0200,9057.69,MW,BE,BE,actual_load,Actual Load,2026-06-08T19:45:53Z
2026-06-08T19:45:40Z,2026-06-08T21:45:40+0200,2c10495a-697a-4f81-9dc4-3022854a0ce3,2026-06-07T10:00:00Z,2026-06-07T12:00:00+0200,9215.06,MW,BE,BE,actual_load,Actual Load,2026-06-08T19:45:53Z
2026-06-08T19:45:40Z,2026-06-08T21:45:40+0200,2c10495a-697a-4f81-9dc4-3022854a0ce3,2026-06-07T10:15:00Z,2026-06-07T12:15:00+0200,9280.78,MW,BE,BE,actual_load,Actual Load,2026-06-08T19:45:53Z
2026-06-08T19:45:40Z,2026-06-08T21:45:40+0200,2c10495a-697a-4f81-9dc4-3022854a0ce3,2026-06-07T10:30:00Z,2026-06-07T12:30:00+0200,9304.22,MW,BE,BE,actual_load,Actual Load,2026-06-08T19:45:53Z
2026-06-08T19:45:40Z,2026-06-08T21:45:40+0200,2c10495a-697a-4f81-9dc4-3022854a0ce3,2026-06-07T10:45:00Z,2026-06-07T12:45:00+0200,9254.57,MW,BE,BE,actual_load,Actual Load,2026-06-08T19:45:53Z
2026-06-08T19:45:40Z,2026-06-08T21:45:40+0200,2c10495a-697a-4f81-9dc4-3022854a0ce3,2026-06-07T11:00:00Z,2026-06-07T13:00:00+0200,9315.53,MW,BE,BE,actual_load,Actual Load,2026-06-08T19:45:53Z
2026-06-08T19:45:40Z,2026-06-08T21:45:40+0200,2c10495a-697a-4f81-9dc4-3022854a0ce3,2026-06-07T11:15:00Z,2026-06-07T13:15:00+0200,9319.0,MW,BE,BE,actual_load,Actual Load,2026-06-08T19:45:53Z
2026-06-08T19:45:40Z,2026-06-08T21:45:40+0200,2c10495a-697a-4f81-9dc4-3022854a0ce3,2026-06-07T11:30:00Z,2026-06-07T13:30:00+0200,9261.42,MW,BE,BE,actual_load,Actual Load,2026-06-08T19:45:53Z
2026-06-08T19:45:40Z,2026-06-08T21:45:40+0200,2c10495a-697a-4f81-9dc4-3022854a0ce3,2026-06-07T11:45:00Z,2026-06-07T13:45:00+0200,9159.7,MW,BE,BE,actual_load,Actual Load,2026-06-08T19:45:53Z
2026-06-08T19:45:40Z,2026-06-08T21:45:40+0200,2c10495a-697a-4f81-9dc4-3022854a0ce3,2026-06-07T12:00:00Z,2026-06-07T14:00:00+0200,9004.66,MW,BE,BE,actual_load,Actual Load,2026-06-08T19:45:53Z
2026-06-08T19:45:40Z,2026-06-08T21:45:40+0200,2c10495a-697a-4f81-9dc4-3022854a0ce3,2026-06-07T12:15:00Z,2026-06-07T14:15:00+0200,8880.22,MW,BE,BE,actual_load,Actual Load,2026-06-08T19:45:53Z
2026-06-08T19:45:40Z,2026-06-08T21:45:40+0200,2c10495a-697a-4f81-9dc4-3022854a0ce3,2026-06-07T12:30:00Z,2026-06-07T14:30:00+0200,8790.11,MW,BE,BE,actual_load,Actual Load,2026-06-08T19:45:53Z
2026-06-08T19:45:40Z,2026-06-08T21:45:40+0200,2c10495a-697a-4f81-9dc4-3022854a0ce3,2026-06-07T12:45:00Z,2026-06-07T14:45:00+0200,8659.41,MW,BE,BE,actual_load,Actual Load,2026-06-08T19:45:53Z
2026-06-08T19:45:40Z,2026-06-08T21:45:40+0200,2c10495a-697a-4f81-9dc4-3022854a0ce3,2026-06-07T13:00:00Z,2026-06-07T15:00:00+0200,8597.36,MW,BE,BE,actual_load,Actual Load,2026-06-08T19:45:53Z
2026-06-08T19:45:40Z,2026-06-08T21:45:40+0200,2c10495a-697a-4f81-9dc4-3022854a0ce3,2026-06-07T13:15:00Z,2026-06-07T15:15:00+0200,8418.68,MW,BE,BE,actual_load,Actual Load,2026-06-08T19:45:53Z
2026-06-08T19:45:40Z,2026-06-08T21:45:40+0200,2c10495a-697a-4f81-9dc4-3022854a0ce3,2026-06-07T13:30:00Z,2026-06-07T15:30:00+0200,8376.36,MW,BE,BE,actual_load,Actual Load,2026-06-08T19:45:53Z
2026-06-08T19:45:40Z,2026-06-08T21:45:40+0200,2c10495a-697a-4f81-9dc4-3022854a0ce3,2026-06-07T13:45:00Z,2026-06-07T15:45:00+0200,8348.41,MW,BE,BE,actual_load,Actual Load,2026-06-08T19:45:53Z
2026-06-08T19:45:40Z,2026-06-08T21:45:40+0200,2c10495a-697a-4f81-9dc4-3022854a0ce3,2026-06-07T14:00:00Z,2026-06-07T16:00:00+0200,8294.13,MW,BE,BE,actual_load,Actual Load,2026-06-08T19:45:53Z
2026-06-08T19:45:40Z,2026-06-08T21:45:40+0200,2c10495a-697a-4f81-9dc4-3022854a0ce3,2026-06-07T14:15:00Z,2026-06-07T16:15:00+0200,8211.46,MW,BE,BE,actual_load,Actual Load,2026-06-08T19:45:53Z
2026-06-08T19:45:40Z,2026-06-08T21:45:40+0200,2c10495a-697a-4f81-9dc4-3022854a0ce3,2026-06-07T14:30:00Z,2026-06-07T16:30:00+0200,8272.72,MW,BE,BE,actual_load,Actual Load,2026-06-08T19:45:53Z
2026-06-08T19:45:40Z,2026-06-08T21:45:40+0200,2c10495a-697a-4f81-9dc4-3022854a0ce3,2026-06-07T14:45:00Z,2026-06-07T16:45:00+0200,8272.74,MW,BE,BE,actual_load,Actual Load,2026-06-08T19:45:53Z
2026-06-08T19:45:40Z,2026-06-08T21:45:40+0200,2c10495a-697a-4f81-9dc4-3022854a0ce3,2026-06-07T15:00:00Z,2026-06-07T17:00:00+0200,8271.87,MW,BE,BE,actual_load,Actual Load,2026-06-08T19:45:53Z
2026-06-08T19:45:40Z,2026-06-08T21:45:40+0200,2c10495a-697a-4f81-9dc4-3022854a0ce3,2026-06-07T15:15:00Z,2026-06-07T17:15:00+0200,8479.66,MW,BE,BE,actual_load,Actual Load,2026-06-08T19:45:53Z
2026-06-08T19:45:40Z,2026-06-08T21:45:40+0200,2c10495a-697a-4f81-9dc4-3022854a0ce3,2026-06-07T15:30:00Z,2026-06-07T17:30:00+0200,8547.92,MW,BE,BE,actual_load,Actual Load,2026-06-08T19:45:53Z
2026-06-08T19:45:40Z,2026-06-08T21:45:40+0200,2c10495a-697a-4f81-9dc4-3022854a0ce3,2026-06-07T15:45:00Z,2026-06-07T17:45:00+0200,8703.27,MW,BE,BE,actual_load,Actual Load,2026-06-08T19:45:53Z
2026-06-08T19:45:40Z,2026-06-08T21:45:40+0200,2c10495a-697a-4f81-9dc4-3022854a0ce3,2026-06-07T16:00:00Z,2026-06-07T18:00:00+0200,8717.52,MW,BE,BE,actual_load,Actual Load,2026-06-08T19:45:53Z
2026-06-08T19:45:40Z,2026-06-08T21:45:40+0200,2c10495a-697a-4f81-9dc4-3022854a0ce3,2026-06-07T16:15:00Z,2026-06-07T18:15:00+0200,8675.93,MW,BE,BE,actual_load,Actual Load,2026-06-08T19:45:53Z
2026-06-08T19:45:40Z,2026-06-08T21:45:40+0200,2c10495a-697a-4f81-9dc4-3022854a0ce3,2026-06-07T16:30:00Z,2026-06-07T18:30:00+0200,8763.12,MW,BE,BE,actual_load,Actual Load,2026-06-08T19:45:53Z
2026-06-08T19:45:40Z,2026-06-08T21:45:40+0200,2c10495a-697a-4f81-9dc4-3022854a0ce3,2026-06-07T16:45:00Z,2026-06-07T18:45:00+0200,8468.42,MW,BE,BE,actual_load,Actual Load,2026-06-08T19:45:53Z
2026-06-08T19:45:40Z,2026-06-08T21:45:40+0200,2c10495a-697a-4f81-9dc4-3022854a0ce3,2026-06-07T17:00:00Z,2026-06-07T19:00:00+0200,8463.1,MW,BE,BE,actual_load,Actual Load,2026-06-08T19:45:53Z
2026-06-08T19:45:40Z,2026-06-08T21:45:40+0200,2c10495a-697a-4f81-9dc4-3022854a0ce3,2026-06-07T17:15:00Z,2026-06-07T19:15:00+0200,8492.35,MW,BE,BE,actual_load,Actual Load,2026-06-08T19:45:53Z
2026-06-08T19:45:40Z,2026-06-08T21:45:40+0200,2c10495a-697a-4f81-9dc4-3022854a0ce3,2026-06-07T17:30:00Z,2026-06-07T19:30:00+0200,8347.53,MW,BE,BE,actual_load,Actual Load,2026-06-08T19:45:53Z
2026-06-08T19:45:40Z,2026-06-08T21:45:40+0200,2c10495a-697a-4f81-9dc4-3022854a0ce3,2026-06-07T17:45:00Z,2026-06-07T19:45:00+0200,8340.17,MW,BE,BE,actual_load,Actual Load,2026-06-08T19:45:53Z
2026-06-08T19:45:40Z,2026-06-08T21:45:40+0200,2c10495a-697a-4f81-9dc4-3022854a0ce3,2026-06-07T18:00:00Z,2026-06-07T20:00:00+0200,8398.99,MW,BE,BE,actual_load,Actual Load,2026-06-08T19:45:53Z
2026-06-08T19:45:40Z,2026-06-08T21:45:40+0200,2c10495a-697a-4f81-9dc4-3022854a0ce3,2026-06-07T18:15:00Z,2026-06-07T20:15:00+0200,8348.64,MW,BE,BE,actual_load,Actual Load,2026-06-08T19:45:53Z
2026-06-08T19:45:40Z,2026-06-08T21:45:40+0200,2c10495a-697a-4f81-9dc4-3022854a0ce3,2026-06-07T18:30:00Z,2026-06-07T20:30:00+0200,8381.8,MW,BE,BE,actual_load,Actual Load,2026-06-08T19:45:53Z
2026-06-08T19:45:40Z,2026-06-08T21:45:40+0200,2c10495a-697a-4f81-9dc4-3022854a0ce3,2026-06-07T18:45:00Z,2026-06-07T20:45:00+0200,8318.31,MW,BE,BE,actual_load,Actual Load,2026-06-08T19:45:53Z
2026-06-08T19:45:40Z,2026-06-08T21:45:40+0200,2c10495a-697a-4f81-9dc4-3022854a0ce3,2026-06-07T19:00:00Z,2026-06-07T21:00:00+0200,8294.86,MW,BE,BE,actual_load,Actual Load,2026-06-08T19:45:53Z
2026-06-08T19:45:40Z,2026-06-08T21:45:40+0200,2c10495a-697a-4f81-9dc4-3022854a0ce3,2026-06-07T19:15:00Z,2026-06-07T21:15:00+0200,8303.52,MW,BE,BE,actual_load,Actual Load,2026-06-08T19:45:53Z
2026-06-08T19:45:40Z,2026-06-08T21:45:40+0200,2c10495a-697a-4f81-9dc4-3022854a0ce3,2026-06-07T19:30:00Z,2026-06-07T21:30:00+0200,8234.78,MW,BE,BE,actual_load,Actual Load,2026-06-08T19:45:53Z
2026-06-08T19:45:40Z,2026-06-08T21:45:40+0200,2c10495a-697a-4f81-9dc4-3022854a0ce3,2026-06-07T19:45:00Z,2026-06-07T21:45:00+0200,8222.43,MW,BE,BE,actual_load,Actual Load,2026-06-08T19:45:53Z
2026-06-08T19:45:40Z,2026-06-08T21:45:40+0200,2c10495a-697a-4f81-9dc4-3022854a0ce3,2026-06-07T20:00:00Z,2026-06-07T22:00:00+0200,8448.94,MW,BE,BE,actual_load,Actual Load,2026-06-08T19:45:53Z
2026-06-08T19:45:40Z,2026-06-08T21:45:40+0200,2c10495a-697a-4f81-9dc4-3022854a0ce3,2026-06-07T20:15:00Z,2026-06-07T22:15:00+0200,8493.65,MW,BE,BE,actual_load,Actual Load,2026-06-08T19:45:53Z
2026-06-08T19:45:40Z,2026-06-08T21:45:40+0200,2c10495a-697a-4f81-9dc4-3022854a0ce3,2026-06-07T20:30:00Z,2026-06-07T22:30:00+0200,8463.94,MW,BE,BE,actual_load,Actual Load,2026-06-08T19:45:53Z
2026-06-08T19:45:40Z,2026-06-08T21:45:40+0200,2c10495a-697a-4f81-9dc4-3022854a0ce3,2026-06-07T20:45:00Z,2026-06-07T22:45:00+0200,8332.62,MW,BE,BE,actual_load,Actual Load,2026-06-08T19:45:53Z
2026-06-08T19:45:40Z,2026-06-08T21:45:40+0200,2c10495a-697a-4f81-9dc4-3022854a0ce3,2026-06-07T21:00:00Z,2026-06-07T23:00:00+0200,8171.07,MW,BE,BE,actual_load,Actual Load,2026-06-08T19:45:53Z
2026-06-08T19:45:40Z,2026-06-08T21:45:40+0200,2c10495a-697a-4f81-9dc4-3022854a0ce3,2026-06-07T21:15:00Z,2026-06-07T23:15:00+0200,8062.15,MW,BE,BE,actual_load,Actual Load,2026-06-08T19:45:53Z
2026-06-08T19:45:40Z,2026-06-08T21:45:40+0200,2c10495a-697a-4f81-9dc4-3022854a0ce3,2026-06-07T21:30:00Z,2026-06-07T23:30:00+0200,7923.96,MW,BE,BE,actual_load,Actual Load,2026-06-08T19:45:53Z
2026-06-08T19:45:40Z,2026-06-08T21:45:40+0200,2c10495a-697a-4f81-9dc4-3022854a0ce3,2026-06-07T21:45:00Z,2026-06-07T23:45:00+0200,7814.53,MW,BE,BE,actual_load,Actual Load,2026-06-08T19:45:53Z
2026-06-08T19:45:40Z,2026-06-08T21:45:40+0200,2c10495a-697a-4f81-9dc4-3022854a0ce3,2026-06-07T22:00:00Z,2026-06-08T00:00:00+0200,7549.39,MW,BE,BE,actual_load,Actual Load,2026-06-08T19:45:53Z
2026-06-08T19:45:40Z,2026-06-08T21:45:40+0200,2c10495a-697a-4f81-9dc4-3022854a0ce3,2026-06-07T22:15:00Z,2026-06-08T00:15:00+0200,7466.15,MW,BE,BE,actual_load,Actual Load,2026-06-08T19:45:53Z
2026-06-08T19:45:40Z,2026-06-08T21:45:40+0200,2c10495a-697a-4f81-9dc4-3022854a0ce3,2026-06-07T22:30:00Z,2026-06-08T00:30:00+0200,7367.08,MW,BE,BE,actual_load,Actual Load,2026-06-08T19:45:53Z
2026-06-08T19:45:40Z,2026-06-08T21:45:40+0200,2c10495a-697a-4f81-9dc4-3022854a0ce3,2026-06-07T22:45:00Z,2026-06-08T00:45:00+0200,7367.07,MW,BE,BE,actual_load,Actual Load,2026-06-08T19:45:53Z
2026-06-08T19:45:40Z,2026-06-08T21:45:40+0200,2c10495a-697a-4f81-9dc4-3022854a0ce3,2026-06-07T23:00:00Z,2026-06-08T01:00:00+0200,7240.01,MW,BE,BE,actual_load,Actual Load,2026-06-08T19:45:53Z
2026-06-08T19:45:40Z,2026-06-08T21:45:40+0200,2c10495a-697a-4f81-9dc4-3022854a0ce3,2026-06-07T23:15:00Z,2026-06-08T01:15:00+0200,7151.25,MW,BE,BE,actual_load,Actual Load,2026-06-08T19:45:53Z
2026-06-08T19:45:40Z,2026-06-08T21:45:40+0200,2c10495a-697a-4f81-9dc4-3022854a0ce3,2026-06-07T23:30:00Z,2026-06-08T01:30:00+0200,7206.6,MW,BE,BE,actual_load,Actual Load,2026-06-08T19:45:53Z
2026-06-08T19:45:40Z,2026-06-08T21:45:40+0200,2c10495a-697a-4f81-9dc4-3022854a0ce3,2026-06-07T23:45:00Z,2026-06-08T01:45:00+0200,7132.02,MW,BE,BE,actual_load,Actual Load,2026-06-08T19:45:53Z
2026-06-08T19:45:40Z,2026-06-08T21:45:40+0200,2c10495a-697a-4f81-9dc4-3022854a0ce3,2026-06-08T00:00:00Z,2026-06-08T02:00:00+0200,7109.76,MW,BE,BE,actual_load,Actual Load,2026-06-08T19:45:53Z
2026-06-08T19:45:40Z,2026-06-08T21:45:40+0200,2c10495a-697a-4f81-9dc4-3022854a0ce3,2026-06-08T00:15:00Z,2026-06-08T02:15:00+0200,7088.76,MW,BE,BE,actual_load,Actual Load,2026-06-08T19:45:53Z
2026-06-08T19:45:40Z,2026-06-08T21:45:40+0200,2c10495a-697a-4f81-9dc4-3022854a0ce3,2026-06-08T00:30:00Z,2026-06-08T02:30:00+0200,7057.22,MW,BE,BE,actual_load,Actual Load,2026-06-08T19:45:53Z
2026-06-08T19:45:40Z,2026-06-08T21:45:40+0200,2c10495a-697a-4f81-9dc4-3022854a0ce3,2026-06-08T00:45:00Z,2026-06-08T02:45:00+0200,6992.02,MW,BE,BE,actual_load,Actual Load,2026-06-08T19:45:53Z
2026-06-08T19:45:40Z,2026-06-08T21:45:40+0200,2c10495a-697a-4f81-9dc4-3022854a0ce3,2026-06-08T01:00:00Z,2026-06-08T03:00:00+0200,7039.3,MW,BE,BE,actual_load,Actual Load,2026-06-08T19:45:53Z
2026-06-08T19:45:40Z,2026-06-08T21:45:40+0200,2c10495a-697a-4f81-9dc4-3022854a0ce3,2026-06-08T01:15:00Z,2026-06-08T03:15:00+0200,7040.16,MW,BE,BE,actual_load,Actual Load,2026-06-08T19:45:53Z
2026-06-08T19:45:40Z,2026-06-08T21:45:40+0200,2c10495a-697a-4f81-9dc4-3022854a0ce3,2026-06-08T01:30:00Z,2026-06-08T03:30:00+0200,6984.06,MW,BE,BE,actual_load,Actual Load,2026-06-08T19:45:53Z
2026-06-08T19:45:40Z,2026-06-08T21:45:40+0200,2c10495a-697a-4f81-9dc4-3022854a0ce3,2026-06-08T01:45:00Z,2026-06-08T03:45:00+0200,7044.9,MW,BE,BE,actual_load,Actual Load,2026-06-08T19:45:53Z
2026-06-08T19:45:40Z,2026-06-08T21:45:40+0200,2c10495a-697a-4f81-9dc4-3022854a0ce3,2026-06-08T02:00:00Z,2026-06-08T04:00:00+0200,7008.94,MW,BE,BE,actual_load,Actual Load,2026-06-08T19:45:53Z
2026-06-08T19:45:40Z,2026-06-08T21:45:40+0200,2c10495a-697a-4f81-9dc4-3022854a0ce3,2026-06-08T02:15:00Z,2026-06-08T04:15:00+0200,6965.98,MW,BE,BE,actual_load,Actual Load,2026-06-08T19:45:53Z
2026-06-08T19:45:40Z,2026-06-08T21:45:40+0200,2c10495a-697a-4f81-9dc4-3022854a0ce3,2026-06-08T02:30:00Z,2026-06-08T04:30:00+0200,6995.02,MW,BE,BE,actual_load,Actual Load,2026-06-08T19:45:53Z
2026-06-08T19:45:40Z,2026-06-08T21:45:40+0200,2c10495a-697a-4f81-9dc4-3022854a0ce3,2026-06-08T02:45:00Z,2026-06-08T04:45:00+0200,7094.18,MW,BE,BE,actual_load,Actual Load,2026-06-08T19:45:53Z
2026-06-08T19:45:40Z,2026-06-08T21:45:40+0200,2c10495a-697a-4f81-9dc4-3022854a0ce3,2026-06-08T03:00:00Z,2026-06-08T05:00:00+0200,7216.7,MW,BE,BE,actual_load,Actual Load,2026-06-08T19:45:53Z
2026-06-08T19:45:40Z,2026-06-08T21:45:40+0200,2c10495a-697a-4f81-9dc4-3022854a0ce3,2026-06-08T03:15:00Z,2026-06-08T05:15:00+0200,7383.19,MW,BE,BE,actual_load,Actual Load,2026-06-08T19:45:53Z
2026-06-08T19:45:40Z,2026-06-08T21:45:40+0200,2c10495a-697a-4f81-9dc4-3022854a0ce3,2026-06-08T03:30:00Z,2026-06-08T05:30:00+0200,7444.39,MW,BE,BE,actual_load,Actual Load,2026-06-08T19:45:53Z
2026-06-08T19:45:40Z,2026-06-08T21:45:40+0200,2c10495a-697a-4f81-9dc4-3022854a0ce3,2026-06-08T03:45:00Z,2026-06-08T05:45:00+0200,7625.8,MW,BE,BE,actual_load,Actual Load,2026-06-08T19:45:53Z
2026-06-08T19:45:40Z,2026-06-08T21:45:40+0200,2c10495a-697a-4f81-9dc4-3022854a0ce3,2026-06-08T04:00:00Z,2026-06-08T06:00:00+0200,8093.43,MW,BE,BE,actual_load,Actual Load,2026-06-08T19:45:53Z
2026-06-08T19:45:40Z,2026-06-08T21:45:40+0200,2c10495a-697a-4f81-9dc4-3022854a0ce3,2026-06-08T04:15:00Z,2026-06-08T06:15:00+0200,8269.2,MW,BE,BE,actual_load,Actual Load,2026-06-08T19:45:53Z
2026-06-08T19:45:40Z,2026-06-08T21:45:40+0200,2c10495a-697a-4f81-9dc4-3022854a0ce3,2026-06-08T04:30:00Z,2026-06-08T06:30:00+0200,8424.37,MW,BE,BE,actual_load,Actual Load,2026-06-08T19:45:53Z
2026-06-08T19:45:40Z,2026-06-08T21:45:40+0200,2c10495a-697a-4f81-9dc4-3022854a0ce3,2026-06-08T04:45:00Z,2026-06-08T06:45:00+0200,8623.43,MW,BE,BE,actual_load,Actual Load,2026-06-08T19:45:53Z
2026-06-08T19:45:40Z,2026-06-08T21:45:40+0200,2c10495a-697a-4f81-9dc4-3022854a0ce3,2026-06-08T05:00:00Z,2026-06-08T07:00:00+0200,8817.92,MW,BE,BE,actual_load,Actual Load,2026-06-08T19:45:53Z
2026-06-08T19:45:40Z,2026-06-08T21:45:40+0200,2c10495a-697a-4f81-9dc4-3022854a0ce3,2026-06-08T05:15:00Z,2026-06-08T07:15:00+0200,9158.38,MW,BE,BE,actual_load,Actual Load,2026-06-08T19:45:53Z
2026-06-08T19:45:40Z,2026-06-08T21:45:40+0200,2c10495a-697a-4f81-9dc4-3022854a0ce3,2026-06-08T05:30:00Z,2026-06-08T07:30:00+0200,9364.84,MW,BE,BE,actual_load,Actual Load,2026-06-08T19:45:53Z
2026-06-08T19:45:40Z,2026-06-08T21:45:40+0200,2c10495a-697a-4f81-9dc4-3022854a0ce3,2026-06-08T05:45:00Z,2026-06-08T07:45:00+0200,9649.75,MW,BE,BE,actual_load,Actual Load,2026-06-08T19:45:53Z
2026-06-08T19:45:40Z,2026-06-08T21:45:40+0200,2c10495a-697a-4f81-9dc4-3022854a0ce3,2026-06-08T06:00:00Z,2026-06-08T08:00:00+0200,9842.67,MW,BE,BE,actual_load,Actual Load,2026-06-08T19:45:53Z
2026-06-08T19:45:40Z,2026-06-08T21:45:40+0200,2c10495a-697a-4f81-9dc4-3022854a0ce3,2026-06-08T06:15:00Z,2026-06-08T08:15:00+0200,10020.99,MW,BE,BE,actual_load,Actual Load,2026-06-08T19:45:53Z
2026-06-08T19:45:40Z,2026-06-08T21:45:40+0200,2c10495a-697a-4f81-9dc4-3022854a0ce3,2026-06-08T06:30:00Z,2026-06-08T08:30:00+0200,10123.95,MW,BE,BE,actual_load,Actual Load,2026-06-08T19:45:53Z
2026-06-08T19:45:40Z,2026-06-08T21:45:40+0200,2c10495a-697a-4f81-9dc4-3022854a0ce3,2026-06-08T06:45:00Z,2026-06-08T08:45:00+0200,10155.55,MW,BE,BE,actual_load,Actual Load,2026-06-08T19:45:53Z
2026-06-08T19:45:40Z,2026-06-08T21:45:40+0200,2c10495a-697a-4f81-9dc4-3022854a0ce3,2026-06-08T07:00:00Z,2026-06-08T09:00:00+0200,10273.71,MW,BE,BE,actual_load,Actual Load,2026-06-08T19:45:53Z
2026-06-08T19:45:40Z,2026-06-08T21:45:40+0200,2c10495a-697a-4f81-9dc4-3022854a0ce3,2026-06-08T07:15:00Z,2026-06-08T09:15:00+0200,10426.51,MW,BE,BE,actual_load,Actual Load,2026-06-08T19:45:53Z
2026-06-08T19:45:40Z,2026-06-08T21:45:40+0200,2c10495a-697a-4f81-9dc4-3022854a0ce3,2026-06-08T07:30:00Z,2026-06-08T09:30:00+0200,10480.37,MW,BE,BE,actual_load,Actual Load,2026-06-08T19:45:53Z
2026-06-08T19:45:40Z,2026-06-08T21:45:40+0200,2c10495a-697a-4f81-9dc4-3022854a0ce3,2026-06-08T07:45:00Z,2026-06-08T09:45:00+0200,10518.53,MW,BE,BE,actual_load,Actual Load,2026-06-08T19:45:53Z
2026-06-08T19:45:40Z,2026-06-08T21:45:40+0200,2c10495a-697a-4f81-9dc4-3022854a0ce3,2026-06-08T08:00:00Z,2026-06-08T10:00:00+0200,10380.66,MW,BE,BE,actual_load,Actual Load,2026-06-08T19:45:53Z
2026-06-08T19:45:40Z,2026-06-08T21:45:40+0200,2c10495a-697a-4f81-9dc4-3022854a0ce3,2026-06-08T08:15:00Z,2026-06-08T10:15:00+0200,10307.98,MW,BE,BE,actual_load,Actual Load,2026-06-08T19:45:53Z
2026-06-08T19:45:40Z,2026-06-08T21:45:40+0200,2c10495a-697a-4f81-9dc4-3022854a0ce3,2026-06-08T08:30:00Z,2026-06-08T10:30:00+0200,10314.71,MW,BE,BE,actual_load,Actual Load,2026-06-08T19:45:53Z
2026-06-08T19:45:40Z,2026-06-08T21:45:40+0200,2c10495a-697a-4f81-9dc4-3022854a0ce3,2026-06-08T08:45:00Z,2026-06-08T10:45:00+0200,10359.44,MW,BE,BE,actual_load,Actual Load,2026-06-08T19:45:53Z
2026-06-08T19:45:40Z,2026-06-08T21:45:40+0200,2c10495a-697a-4f81-9dc4-3022854a0ce3,2026-06-08T09:00:00Z,2026-06-08T11:00:00+0200,10255.47,MW,BE,BE,actual_load,Actual Load,2026-06-08T19:45:53Z
2026-06-08T19:45:40Z,2026-06-08T21:45:40+0200,2c10495a-697a-4f81-9dc4-3022854a0ce3,2026-06-08T09:15:00Z,2026-06-08T11:15:00+0200,10341.38,MW,BE,BE,actual_load,Actual Load,2026-06-08T19:45:53Z
2026-06-08T19:45:40Z,2026-06-08T21:45:40+0200,2c10495a-697a-4f81-9dc4-3022854a0ce3,2026-06-08T09:30:00Z,2026-06-08T11:30:00+0200,10340.02,MW,BE,BE,actual_load,Actual Load,2026-06-08T19:45:53Z
2026-06-08T19:45:40Z,2026-06-08T21:45:40+0200,2c10495a-697a-4f81-9dc4-3022854a0ce3,2026-06-08T09:45:00Z,2026-06-08T11:45:00+0200,10216.96,MW,BE,BE,actual_load,Actual Load,2026-06-08T19:45:53Z
2026-06-08T19:45:40Z,2026-06-08T21:45:40+0200,2c10495a-697a-4f81-9dc4-3022854a0ce3,2026-06-08T10:00:00Z,2026-06-08T12:00:00+0200,10132.42,MW,BE,BE,actual_load,Actual Load,2026-06-08T19:45:53Z
2026-06-08T19:45:40Z,2026-06-08T21:45:40+0200,2c10495a-697a-4f81-9dc4-3022854a0ce3,2026-06-08T10:15:00Z,2026-06-08T12:15:00+0200,10070.32,MW,BE,BE,actual_load,Actual Load,2026-06-08T19:45:53Z
2026-06-08T19:45:40Z,2026-06-08T21:45:40+0200,2c10495a-697a-4f81-9dc4-3022854a0ce3,2026-06-08T10:30:00Z,2026-06-08T12:30:00+0200,10229.89,MW,BE,BE,actual_load,Actual Load,2026-06-08T19:45:53Z
2026-06-08T19:45:40Z,2026-06-08T21:45:40+0200,2c10495a-697a-4f81-9dc4-3022854a0ce3,2026-06-08T10:45:00Z,2026-06-08T12:45:00+0200,10323.6,MW,BE,BE,actual_load,Actual Load,2026-06-08T19:45:53Z
2026-06-08T19:45:40Z,2026-06-08T21:45:40+0200,2c10495a-697a-4f81-9dc4-3022854a0ce3,2026-06-08T11:00:00Z,2026-06-08T13:00:00+0200,10490.94,MW,BE,BE,actual_load,Actual Load,2026-06-08T19:45:53Z
2026-06-08T19:45:40Z,2026-06-08T21:45:40+0200,2c10495a-697a-4f81-9dc4-3022854a0ce3,2026-06-08T11:15:00Z,2026-06-08T13:15:00+0200,10499.47,MW,BE,BE,actual_load,Actual Load,2026-06-08T19:45:53Z
2026-06-08T19:45:40Z,2026-06-08T21:45:40+0200,2c10495a-697a-4f81-9dc4-3022854a0ce3,2026-06-08T11:30:00Z,2026-06-08T13:30:00+0200,10490.95,MW,BE,BE,actual_load,Actual Load,2026-06-08T19:45:53Z
2026-06-08T19:45:40Z,2026-06-08T21:45:40+0200,2c10495a-697a-4f81-9dc4-3022854a0ce3,2026-06-08T11:45:00Z,2026-06-08T13:45:00+0200,10404.48,MW,BE,BE,actual_load,Actual Load,2026-06-08T19:45:53Z
2026-06-08T19:45:40Z,2026-06-08T21:45:40+0200,2c10495a-697a-4f81-9dc4-3022854a0ce3,2026-06-08T12:00:00Z,2026-06-08T14:00:00+0200,10422.29,MW,BE,BE,actual_load,Actual Load,2026-06-08T19:45:53Z
2026-06-08T19:45:40Z,2026-06-08T21:45:40+0200,2c10495a-697a-4f81-9dc4-3022854a0ce3,2026-06-08T12:15:00Z,2026-06-08T14:15:00+0200,10230.2,MW,BE,BE,actual_load,Actual Load,2026-06-08T19:45:53Z
2026-06-08T19:45:40Z,2026-06-08T21:45:40+0200,2c10495a-697a-4f81-9dc4-3022854a0ce3,2026-06-08T12:30:00Z,2026-06-08T14:30:00+0200,10235.85,MW,BE,BE,actual_load,Actual Load,2026-06-08T19:45:53Z
2026-06-08T19:45:40Z,2026-06-08T21:45:40+0200,2c10495a-697a-4f81-9dc4-3022854a0ce3,2026-06-08T12:45:00Z,2026-06-08T14:45:00+0200,10180.83,MW,BE,BE,actual_load,Actual Load,2026-06-08T19:45:53Z
2026-06-08T19:45:40Z,2026-06-08T21:45:40+0200,2c10495a-697a-4f81-9dc4-3022854a0ce3,2026-06-08T13:00:00Z,2026-06-08T15:00:00+0200,10103.0,MW,BE,BE,actual_load,Actual Load,2026-06-08T19:45:53Z
2026-06-08T19:45:40Z,2026-06-08T21:45:40+0200,2c10495a-697a-4f81-9dc4-3022854a0ce3,2026-06-08T13:15:00Z,2026-06-08T15:15:00+0200,9974.92,MW,BE,BE,actual_load,Actual Load,2026-06-08T19:45:53Z
2026-06-08T19:45:40Z,2026-06-08T21:45:40+0200,2c10495a-697a-4f81-9dc4-3022854a0ce3,2026-06-08T13:30:00Z,2026-06-08T15:30:00+0200,9754.85,MW,BE,BE,actual_load,Actual Load,2026-06-08T19:45:53Z
2026-06-08T19:45:40Z,2026-06-08T21:45:40+0200,2c10495a-697a-4f81-9dc4-3022854a0ce3,2026-06-08T13:45:00Z,2026-06-08T15:45:00+0200,9802.79,MW,BE,BE,actual_load,Actual Load,2026-06-08T19:45:53Z
2026-06-08T19:45:40Z,2026-06-08T21:45:40+0200,2c10495a-697a-4f81-9dc4-3022854a0ce3,2026-06-08T14:00:00Z,2026-06-08T16:00:00+0200,9768.55,MW,BE,BE,actual_load,Actual Load,2026-06-08T19:45:53Z
2026-06-08T19:45:40Z,2026-06-08T21:45:40+0200,2c10495a-697a-4f81-9dc4-3022854a0ce3,2026-06-08T14:15:00Z,2026-06-08T16:15:00+0200,9598.03,MW,BE,BE,actual_load,Actual Load,2026-06-08T19:45:53Z
2026-06-08T19:45:40Z,2026-06-08T21:45:40+0200,2c10495a-697a-4f81-9dc4-3022854a0ce3,2026-06-08T14:30:00Z,2026-06-08T16:30:00+0200,9530.66,MW,BE,BE,actual_load,Actual Load,2026-06-08T19:45:53Z
2026-06-08T19:45:40Z,2026-06-08T21:45:40+0200,2c10495a-697a-4f81-9dc4-3022854a0ce3,2026-06-08T14:45:00Z,2026-06-08T16:45:00+0200,9717.89,MW,BE,BE,actual_load,Actual Load,2026-06-08T19:45:53Z
2026-06-08T19:45:40Z,2026-06-08T21:45:40+0200,2c10495a-697a-4f81-9dc4-3022854a0ce3,2026-06-08T15:00:00Z,2026-06-08T17:00:00+0200,9584.37,MW,BE,BE,actual_load,Actual Load,2026-06-08T19:45:53Z
2026-06-08T19:45:40Z,2026-06-08T21:45:40+0200,2c10495a-697a-4f81-9dc4-3022854a0ce3,2026-06-08T15:15:00Z,2026-06-08T17:15:00+0200,9488.15,MW,BE,BE,actual_load,Actual Load,2026-06-08T19:45:53Z
2026-06-08T19:45:40Z,2026-06-08T21:45:40+0200,2c10495a-697a-4f81-9dc4-3022854a0ce3,2026-06-08T15:30:00Z,2026-06-08T17:30:00+0200,9520.71,MW,BE,BE,actual_load,Actual Load,2026-06-08T19:45:53Z
2026-06-08T19:45:40Z,2026-06-08T21:45:40+0200,2c10495a-697a-4f81-9dc4-3022854a0ce3,2026-06-08T15:45:00Z,2026-06-08T17:45:00+0200,9650.49,MW,BE,BE,actual_load,Actual Load,2026-06-08T19:45:53Z
2026-06-08T19:45:40Z,2026-06-08T21:45:40+0200,2c10495a-697a-4f81-9dc4-3022854a0ce3,2026-06-08T16:00:00Z,2026-06-08T18:00:00+0200,9955.52,MW,BE,BE,actual_load,Actual Load,2026-06-08T19:45:53Z
2026-06-08T19:45:40Z,2026-06-08T21:45:40+0200,2c10495a-697a-4f81-9dc4-3022854a0ce3,2026-06-08T16:15:00Z,2026-06-08T18:15:00+0200,10116.8,MW,BE,BE,actual_load,Actual Load,2026-06-08T19:45:53Z
2026-06-08T19:45:40Z,2026-06-08T21:45:40+0200,2c10495a-697a-4f81-9dc4-3022854a0ce3,2026-06-08T16:30:00Z,2026-06-08T18:30:00+0200,10110.29,MW,BE,BE,actual_load,Actual Load,2026-06-08T19:45:53Z
2026-06-08T19:45:40Z,2026-06-08T21:45:40+0200,2c10495a-697a-4f81-9dc4-3022854a0ce3,2026-06-08T16:45:00Z,2026-06-08T18:45:00+0200,10044.93,MW,BE,BE,actual_load,Actual Load,2026-06-08T19:45:53Z
2026-06-08T19:45:40Z,2026-06-08T21:45:40+0200,2c10495a-697a-4f81-9dc4-3022854a0ce3,2026-06-08T17:00:00Z,2026-06-08T19:00:00+0200,9923.56,MW,BE,BE,actual_load,Actual Load,2026-06-08T19:45:53Z
2026-06-08T19:45:40Z,2026-06-08T21:45:40+0200,2c10495a-697a-4f81-9dc4-3022854a0ce3,2026-06-08T17:15:00Z,2026-06-08T19:15:00+0200,9877.9,MW,BE,BE,actual_load,Actual Load,2026-06-08T19:45:53Z
2026-06-08T19:45:40Z,2026-06-08T21:45:40+0200,2c10495a-697a-4f81-9dc4-3022854a0ce3,2026-06-08T17:30:00Z,2026-06-08T19:30:00+0200,9878.76,MW,BE,BE,actual_load,Actual Load,2026-06-08T19:45:53Z
2026-06-08T19:45:40Z,2026-06-08T21:45:40+0200,2c10495a-697a-4f81-9dc4-3022854a0ce3,2026-06-08T17:45:00Z,2026-06-08T19:45:00+0200,9646.7,MW,BE,BE,actual_load,Actual Load,2026-06-08T19:45:53Z
2026-06-08T19:45:40Z,2026-06-08T21:45:40+0200,2c10495a-697a-4f81-9dc4-3022854a0ce3,2026-06-08T18:00:00Z,2026-06-08T20:00:00+0200,9437.77,MW,BE,BE,actual_load,Actual Load,2026-06-08T19:45:53Z
2026-06-08T19:45:40Z,2026-06-08T21:45:40+0200,2c10495a-697a-4f81-9dc4-3022854a0ce3,2026-06-08T18:15:00Z,2026-06-08T20:15:00+0200,9183.54,MW,BE,BE,actual_load,Actual Load,2026-06-08T19:45:53Z
2026-06-08T19:45:40Z,2026-06-08T21:45:40+0200,2c10495a-697a-4f81-9dc4-3022854a0ce3,2026-06-08T18:30:00Z,2026-06-08T20:30:00+0200,9093.18,MW,BE,BE,actual_load,Actual Load,2026-06-08T19:45:53Z
2026-06-08T19:45:40Z,2026-06-08T21:45:40+0200,2c10495a-697a-4f81-9dc4-3022854a0ce3,2026-06-08T18:45:00Z,2026-06-08T20:45:00+0200,8972.52,MW,BE,BE,actual_load,Actual Load,2026-06-08T19:45:53Z
2026-06-08T19:45:40Z,2026-06-08T21:45:40+0200,2c10495a-697a-4f81-9dc4-3022854a0ce3,2026-06-08T19:00:00Z,2026-06-08T21:00:00+0200,8744.23,MW,BE,BE,actual_load,Actual Load,2026-06-08T19:45:53Z
