collection_time_utc,collection_time_local,run_id,timestamp_utc,timestamp_local,value,unit,country,entsoe_area,variable,source,updated_at_utc
2026-08-17T17:12:16Z,2026-08-17T19:12:16+0200,f372a1fc-a0b6-48c3-b979-dc927b00239d,2026-07-17T18:00:00Z,2026-07-17T20:00:00+0200,1092.489,MW,NL,NL,actual_offshore_wind_generation,Wind Offshore | Actual Aggregated,2026-08-17T17:16:10Z
2026-08-17T17:12:16Z,2026-08-17T19:12:16+0200,f372a1fc-a0b6-48c3-b979-dc927b00239d,2026-07-17T18:00:00Z,2026-07-17T20:00:00+0200,0.0,MW,NL,NL,actual_offshore_wind_generation,Wind Offshore | Actual Consumption,2026-08-17T17:16:10Z
2026-08-17T17:12:16Z,2026-08-17T19:12:16+0200,f372a1fc-a0b6-48c3-b979-dc927b00239d,2026-07-17T18:15:00Z,2026-07-17T20:15:00+0200,1096.217,MW,NL,NL,actual_offshore_wind_generation,Wind Offshore | Actual Aggregated,2026-08-17T17:16:10Z
2026-08-17T17:12:16Z,2026-08-17T19:12:16+0200,f372a1fc-a0b6-48c3-b979-dc927b00239d,2026-07-17T18:15:00Z,2026-07-17T20:15:00+0200,0.0,MW,NL,NL,actual_offshore_wind_generation,Wind Offshore | Actual Consumption,2026-08-17T17:16:10Z
2026-08-17T17:12:16Z,2026-08-17T19:12:16+0200,f372a1fc-a0b6-48c3-b979-dc927b00239d,2026-07-17T18:30:00Z,2026-07-17T20:30:00+0200,965.558,MW,NL,NL,actual_offshore_wind_generation,Wind Offshore | Actual Aggregated,2026-08-17T17:16:10Z
2026-08-17T17:12:16Z,2026-08-17T19:12:16+0200,f372a1fc-a0b6-48c3-b979-dc927b00239d,2026-07-17T18:30:00Z,2026-07-17T20:30:00+0200,0.0,MW,NL,NL,actual_offshore_wind_generation,Wind Offshore | Actual Consumption,2026-08-17T17:16:10Z
2026-08-17T17:12:16Z,2026-08-17T19:12:16+0200,f372a1fc-a0b6-48c3-b979-dc927b00239d,2026-07-17T18:45:00Z,2026-07-17T20:45:00+0200,815.456,MW,NL,NL,actual_offshore_wind_generation,Wind Offshore | Actual Aggregated,2026-08-17T17:16:10Z
2026-08-17T17:12:16Z,2026-08-17T19:12:16+0200,f372a1fc-a0b6-48c3-b979-dc927b00239d,2026-07-17T18:45:00Z,2026-07-17T20:45:00+0200,0.0,MW,NL,NL,actual_offshore_wind_generation,Wind Offshore | Actual Consumption,2026-08-17T17:16:10Z
2026-08-17T17:12:16Z,2026-08-17T19:12:16+0200,f372a1fc-a0b6-48c3-b979-dc927b00239d,2026-07-17T19:00:00Z,2026-07-17T21:00:00+0200,740.362,MW,NL,NL,actual_offshore_wind_generation,Wind Offshore | Actual Aggregated,2026-08-17T17:16:10Z
2026-08-17T17:12:16Z,2026-08-17T19:12:16+0200,f372a1fc-a0b6-48c3-b979-dc927b00239d,2026-07-17T19:00:00Z,2026-07-17T21:00:00+0200,0.0,MW,NL,NL,actual_offshore_wind_generation,Wind Offshore | Actual Consumption,2026-08-17T17:16:10Z
2026-08-17T17:12:16Z,2026-08-17T19:12:16+0200,f372a1fc-a0b6-48c3-b979-dc927b00239d,2026-07-17T19:15:00Z,2026-07-17T21:15:00+0200,696.221,MW,NL,NL,actual_offshore_wind_generation,Wind Offshore | Actual Aggregated,2026-08-17T17:16:10Z
2026-08-17T17:12:16Z,2026-08-17T19:12:16+0200,f372a1fc-a0b6-48c3-b979-dc927b00239d,2026-07-17T19:15:00Z,2026-07-17T21:15:00+0200,0.0,MW,NL,NL,actual_offshore_wind_generation,Wind Offshore | Actual Consumption,2026-08-17T17:16:10Z
2026-08-17T17:12:16Z,2026-08-17T19:12:16+0200,f372a1fc-a0b6-48c3-b979-dc927b00239d,2026-07-17T19:30:00Z,2026-07-17T21:30:00+0200,659.217,MW,NL,NL,actual_offshore_wind_generation,Wind Offshore | Actual Aggregated,2026-08-17T17:16:10Z
2026-08-17T17:12:16Z,2026-08-17T19:12:16+0200,f372a1fc-a0b6-48c3-b979-dc927b00239d,2026-07-17T19:30:00Z,2026-07-17T21:30:00+0200,0.0,MW,NL,NL,actual_offshore_wind_generation,Wind Offshore | Actual Consumption,2026-08-17T17:16:10Z
2026-08-17T17:12:16Z,2026-08-17T19:12:16+0200,f372a1fc-a0b6-48c3-b979-dc927b00239d,2026-07-17T19:45:00Z,2026-07-17T21:45:00+0200,576.009,MW,NL,NL,actual_offshore_wind_generation,Wind Offshore | Actual Aggregated,2026-08-17T17:16:10Z
2026-08-17T17:12:16Z,2026-08-17T19:12:16+0200,f372a1fc-a0b6-48c3-b979-dc927b00239d,2026-07-17T19:45:00Z,2026-07-17T21:45:00+0200,0.0,MW,NL,NL,actual_offshore_wind_generation,Wind Offshore | Actual Consumption,2026-08-17T17:16:10Z
2026-08-17T17:12:16Z,2026-08-17T19:12:16+0200,f372a1fc-a0b6-48c3-b979-dc927b00239d,2026-07-17T20:00:00Z,2026-07-17T22:00:00+0200,526.106,MW,NL,NL,actual_offshore_wind_generation,Wind Offshore | Actual Aggregated,2026-08-17T17:16:10Z
2026-08-17T17:12:16Z,2026-08-17T19:12:16+0200,f372a1fc-a0b6-48c3-b979-dc927b00239d,2026-07-17T20:00:00Z,2026-07-17T22:00:00+0200,0.0,MW,NL,NL,actual_offshore_wind_generation,Wind Offshore | Actual Consumption,2026-08-17T17:16:10Z
2026-08-17T17:12:16Z,2026-08-17T19:12:16+0200,f372a1fc-a0b6-48c3-b979-dc927b00239d,2026-07-17T20:15:00Z,2026-07-17T22:15:00+0200,463.624,MW,NL,NL,actual_offshore_wind_generation,Wind Offshore | Actual Aggregated,2026-08-17T17:16:10Z
2026-08-17T17:12:16Z,2026-08-17T19:12:16+0200,f372a1fc-a0b6-48c3-b979-dc927b00239d,2026-07-17T20:15:00Z,2026-07-17T22:15:00+0200,0.115,MW,NL,NL,actual_offshore_wind_generation,Wind Offshore | Actual Consumption,2026-08-17T17:16:10Z
2026-08-17T17:12:16Z,2026-08-17T19:12:16+0200,f372a1fc-a0b6-48c3-b979-dc927b00239d,2026-07-17T20:30:00Z,2026-07-17T22:30:00+0200,435.053,MW,NL,NL,actual_offshore_wind_generation,Wind Offshore | Actual Aggregated,2026-08-17T17:16:10Z
2026-08-17T17:12:16Z,2026-08-17T19:12:16+0200,f372a1fc-a0b6-48c3-b979-dc927b00239d,2026-07-17T20:30:00Z,2026-07-17T22:30:00+0200,1.248,MW,NL,NL,actual_offshore_wind_generation,Wind Offshore | Actual Consumption,2026-08-17T17:16:10Z
2026-08-17T17:12:16Z,2026-08-17T19:12:16+0200,f372a1fc-a0b6-48c3-b979-dc927b00239d,2026-07-17T20:45:00Z,2026-07-17T22:45:00+0200,403.166,MW,NL,NL,actual_offshore_wind_generation,Wind Offshore | Actual Aggregated,2026-08-17T17:16:10Z
2026-08-17T17:12:16Z,2026-08-17T19:12:16+0200,f372a1fc-a0b6-48c3-b979-dc927b00239d,2026-07-17T20:45:00Z,2026-07-17T22:45:00+0200,4.853,MW,NL,NL,actual_offshore_wind_generation,Wind Offshore | Actual Consumption,2026-08-17T17:16:10Z
2026-08-17T17:12:16Z,2026-08-17T19:12:16+0200,f372a1fc-a0b6-48c3-b979-dc927b00239d,2026-07-17T21:00:00Z,2026-07-17T23:00:00+0200,428.567,MW,NL,NL,actual_offshore_wind_generation,Wind Offshore | Actual Aggregated,2026-08-17T17:16:10Z
2026-08-17T17:12:16Z,2026-08-17T19:12:16+0200,f372a1fc-a0b6-48c3-b979-dc927b00239d,2026-07-17T21:00:00Z,2026-07-17T23:00:00+0200,6.969,MW,NL,NL,actual_offshore_wind_generation,Wind Offshore | Actual Consumption,2026-08-17T17:16:10Z
2026-08-17T17:12:16Z,2026-08-17T19:12:16+0200,f372a1fc-a0b6-48c3-b979-dc927b00239d,2026-07-17T21:15:00Z,2026-07-17T23:15:00+0200,490.284,MW,NL,NL,actual_offshore_wind_generation,Wind Offshore | Actual Aggregated,2026-08-17T17:16:10Z
2026-08-17T17:12:16Z,2026-08-17T19:12:16+0200,f372a1fc-a0b6-48c3-b979-dc927b00239d,2026-07-17T21:15:00Z,2026-07-17T23:15:00+0200,6.795,MW,NL,NL,actual_offshore_wind_generation,Wind Offshore | Actual Consumption,2026-08-17T17:16:10Z
2026-08-17T17:12:16Z,2026-08-17T19:12:16+0200,f372a1fc-a0b6-48c3-b979-dc927b00239d,2026-07-17T21:30:00Z,2026-07-17T23:30:00+0200,517.704,MW,NL,NL,actual_offshore_wind_generation,Wind Offshore | Actual Aggregated,2026-08-17T17:16:10Z
2026-08-17T17:12:16Z,2026-08-17T19:12:16+0200,f372a1fc-a0b6-48c3-b979-dc927b00239d,2026-07-17T21:30:00Z,2026-07-17T23:30:00+0200,6.221,MW,NL,NL,actual_offshore_wind_generation,Wind Offshore | Actual Consumption,2026-08-17T17:16:10Z
2026-08-17T17:12:16Z,2026-08-17T19:12:16+0200,f372a1fc-a0b6-48c3-b979-dc927b00239d,2026-07-17T21:45:00Z,2026-07-17T23:45:00+0200,547.689,MW,NL,NL,actual_offshore_wind_generation,Wind Offshore | Actual Aggregated,2026-08-17T17:16:10Z
2026-08-17T17:12:16Z,2026-08-17T19:12:16+0200,f372a1fc-a0b6-48c3-b979-dc927b00239d,2026-07-17T21:45:00Z,2026-07-17T23:45:00+0200,2.366,MW,NL,NL,actual_offshore_wind_generation,Wind Offshore | Actual Consumption,2026-08-17T17:16:10Z
2026-08-17T17:12:16Z,2026-08-17T19:12:16+0200,f372a1fc-a0b6-48c3-b979-dc927b00239d,2026-07-17T22:00:00Z,2026-07-18T00:00:00+0200,641.274,MW,NL,NL,actual_offshore_wind_generation,Wind Offshore | Actual Aggregated,2026-08-17T17:16:10Z
2026-08-17T17:12:16Z,2026-08-17T19:12:16+0200,f372a1fc-a0b6-48c3-b979-dc927b00239d,2026-07-17T22:00:00Z,2026-07-18T00:00:00+0200,0.031,MW,NL,NL,actual_offshore_wind_generation,Wind Offshore | Actual Consumption,2026-08-17T17:16:10Z
2026-08-17T17:12:16Z,2026-08-17T19:12:16+0200,f372a1fc-a0b6-48c3-b979-dc927b00239d,2026-07-17T22:15:00Z,2026-07-18T00:15:00+0200,720.606,MW,NL,NL,actual_offshore_wind_generation,Wind Offshore | Actual Aggregated,2026-08-17T17:16:10Z
2026-08-17T17:12:16Z,2026-08-17T19:12:16+0200,f372a1fc-a0b6-48c3-b979-dc927b00239d,2026-07-17T22:15:00Z,2026-07-18T00:15:00+0200,0.007,MW,NL,NL,actual_offshore_wind_generation,Wind Offshore | Actual Consumption,2026-08-17T17:16:10Z
2026-08-17T17:12:16Z,2026-08-17T19:12:16+0200,f372a1fc-a0b6-48c3-b979-dc927b00239d,2026-07-17T22:30:00Z,2026-07-18T00:30:00+0200,783.322,MW,NL,NL,actual_offshore_wind_generation,Wind Offshore | Actual Aggregated,2026-08-17T17:16:10Z
2026-08-17T17:12:16Z,2026-08-17T19:12:16+0200,f372a1fc-a0b6-48c3-b979-dc927b00239d,2026-07-17T22:30:00Z,2026-07-18T00:30:00+0200,0.031,MW,NL,NL,actual_offshore_wind_generation,Wind Offshore | Actual Consumption,2026-08-17T17:16:10Z
2026-08-17T17:12:16Z,2026-08-17T19:12:16+0200,f372a1fc-a0b6-48c3-b979-dc927b00239d,2026-07-17T22:45:00Z,2026-07-18T00:45:00+0200,801.071,MW,NL,NL,actual_offshore_wind_generation,Wind Offshore | Actual Aggregated,2026-08-17T17:16:10Z
2026-08-17T17:12:16Z,2026-08-17T19:12:16+0200,f372a1fc-a0b6-48c3-b979-dc927b00239d,2026-07-17T22:45:00Z,2026-07-18T00:45:00+0200,0.0,MW,NL,NL,actual_offshore_wind_generation,Wind Offshore | Actual Consumption,2026-08-17T17:16:10Z
2026-08-17T17:12:16Z,2026-08-17T19:12:16+0200,f372a1fc-a0b6-48c3-b979-dc927b00239d,2026-07-17T23:00:00Z,2026-07-18T01:00:00+0200,837.351,MW,NL,NL,actual_offshore_wind_generation,Wind Offshore | Actual Aggregated,2026-08-17T17:16:10Z
2026-08-17T17:12:16Z,2026-08-17T19:12:16+0200,f372a1fc-a0b6-48c3-b979-dc927b00239d,2026-07-17T23:00:00Z,2026-07-18T01:00:00+0200,0.0,MW,NL,NL,actual_offshore_wind_generation,Wind Offshore | Actual Consumption,2026-08-17T17:16:10Z
2026-08-17T17:12:16Z,2026-08-17T19:12:16+0200,f372a1fc-a0b6-48c3-b979-dc927b00239d,2026-07-17T23:15:00Z,2026-07-18T01:15:00+0200,891.002,MW,NL,NL,actual_offshore_wind_generation,Wind Offshore | Actual Aggregated,2026-08-17T17:16:10Z
2026-08-17T17:12:16Z,2026-08-17T19:12:16+0200,f372a1fc-a0b6-48c3-b979-dc927b00239d,2026-07-17T23:15:00Z,2026-07-18T01:15:00+0200,0.0,MW,NL,NL,actual_offshore_wind_generation,Wind Offshore | Actual Consumption,2026-08-17T17:16:10Z
2026-08-17T17:12:16Z,2026-08-17T19:12:16+0200,f372a1fc-a0b6-48c3-b979-dc927b00239d,2026-07-17T23:30:00Z,2026-07-18T01:30:00+0200,959.452,MW,NL,NL,actual_offshore_wind_generation,Wind Offshore | Actual Aggregated,2026-08-17T17:16:10Z
2026-08-17T17:12:16Z,2026-08-17T19:12:16+0200,f372a1fc-a0b6-48c3-b979-dc927b00239d,2026-07-17T23:30:00Z,2026-07-18T01:30:00+0200,0.0,MW,NL,NL,actual_offshore_wind_generation,Wind Offshore | Actual Consumption,2026-08-17T17:16:10Z
2026-08-17T17:12:16Z,2026-08-17T19:12:16+0200,f372a1fc-a0b6-48c3-b979-dc927b00239d,2026-07-17T23:45:00Z,2026-07-18T01:45:00+0200,1043.114,MW,NL,NL,actual_offshore_wind_generation,Wind Offshore | Actual Aggregated,2026-08-17T17:16:10Z
2026-08-17T17:12:16Z,2026-08-17T19:12:16+0200,f372a1fc-a0b6-48c3-b979-dc927b00239d,2026-07-17T23:45:00Z,2026-07-18T01:45:00+0200,0.0,MW,NL,NL,actual_offshore_wind_generation,Wind Offshore | Actual Consumption,2026-08-17T17:16:10Z
2026-08-17T17:12:16Z,2026-08-17T19:12:16+0200,f372a1fc-a0b6-48c3-b979-dc927b00239d,2026-07-18T00:00:00Z,2026-07-18T02:00:00+0200,1077.631,MW,NL,NL,actual_offshore_wind_generation,Wind Offshore | Actual Aggregated,2026-08-17T17:16:10Z
2026-08-17T17:12:16Z,2026-08-17T19:12:16+0200,f372a1fc-a0b6-48c3-b979-dc927b00239d,2026-07-18T00:00:00Z,2026-07-18T02:00:00+0200,0.0,MW,NL,NL,actual_offshore_wind_generation,Wind Offshore | Actual Consumption,2026-08-17T17:16:10Z
2026-08-17T17:12:16Z,2026-08-17T19:12:16+0200,f372a1fc-a0b6-48c3-b979-dc927b00239d,2026-07-18T00:15:00Z,2026-07-18T02:15:00+0200,1050.649,MW,NL,NL,actual_offshore_wind_generation,Wind Offshore | Actual Aggregated,2026-08-17T17:16:10Z
2026-08-17T17:12:16Z,2026-08-17T19:12:16+0200,f372a1fc-a0b6-48c3-b979-dc927b00239d,2026-07-18T00:15:00Z,2026-07-18T02:15:00+0200,0.0,MW,NL,NL,actual_offshore_wind_generation,Wind Offshore | Actual Consumption,2026-08-17T17:16:10Z
2026-08-17T17:12:16Z,2026-08-17T19:12:16+0200,f372a1fc-a0b6-48c3-b979-dc927b00239d,2026-07-18T00:30:00Z,2026-07-18T02:30:00+0200,1078.243,MW,NL,NL,actual_offshore_wind_generation,Wind Offshore | Actual Aggregated,2026-08-17T17:16:10Z
2026-08-17T17:12:16Z,2026-08-17T19:12:16+0200,f372a1fc-a0b6-48c3-b979-dc927b00239d,2026-07-18T00:30:00Z,2026-07-18T02:30:00+0200,0.0,MW,NL,NL,actual_offshore_wind_generation,Wind Offshore | Actual Consumption,2026-08-17T17:16:10Z
2026-08-17T17:12:16Z,2026-08-17T19:12:16+0200,f372a1fc-a0b6-48c3-b979-dc927b00239d,2026-07-18T00:45:00Z,2026-07-18T02:45:00+0200,1072.302,MW,NL,NL,actual_offshore_wind_generation,Wind Offshore | Actual Aggregated,2026-08-17T17:16:10Z
2026-08-17T17:12:16Z,2026-08-17T19:12:16+0200,f372a1fc-a0b6-48c3-b979-dc927b00239d,2026-07-18T00:45:00Z,2026-07-18T02:45:00+0200,0.0,MW,NL,NL,actual_offshore_wind_generation,Wind Offshore | Actual Consumption,2026-08-17T17:16:10Z
2026-08-17T17:12:16Z,2026-08-17T19:12:16+0200,f372a1fc-a0b6-48c3-b979-dc927b00239d,2026-07-18T01:00:00Z,2026-07-18T03:00:00+0200,1085.646,MW,NL,NL,actual_offshore_wind_generation,Wind Offshore | Actual Aggregated,2026-08-17T17:16:10Z
2026-08-17T17:12:16Z,2026-08-17T19:12:16+0200,f372a1fc-a0b6-48c3-b979-dc927b00239d,2026-07-18T01:00:00Z,2026-07-18T03:00:00+0200,0.0,MW,NL,NL,actual_offshore_wind_generation,Wind Offshore | Actual Consumption,2026-08-17T17:16:10Z
2026-08-17T17:12:16Z,2026-08-17T19:12:16+0200,f372a1fc-a0b6-48c3-b979-dc927b00239d,2026-07-18T01:15:00Z,2026-07-18T03:15:00+0200,1129.853,MW,NL,NL,actual_offshore_wind_generation,Wind Offshore | Actual Aggregated,2026-08-17T17:16:10Z
2026-08-17T17:12:16Z,2026-08-17T19:12:16+0200,f372a1fc-a0b6-48c3-b979-dc927b00239d,2026-07-18T01:15:00Z,2026-07-18T03:15:00+0200,0.0,MW,NL,NL,actual_offshore_wind_generation,Wind Offshore | Actual Consumption,2026-08-17T17:16:10Z
2026-08-17T17:12:16Z,2026-08-17T19:12:16+0200,f372a1fc-a0b6-48c3-b979-dc927b00239d,2026-07-18T01:30:00Z,2026-07-18T03:30:00+0200,1182.65,MW,NL,NL,actual_offshore_wind_generation,Wind Offshore | Actual Aggregated,2026-08-17T17:16:10Z
2026-08-17T17:12:16Z,2026-08-17T19:12:16+0200,f372a1fc-a0b6-48c3-b979-dc927b00239d,2026-07-18T01:30:00Z,2026-07-18T03:30:00+0200,0.0,MW,NL,NL,actual_offshore_wind_generation,Wind Offshore | Actual Consumption,2026-08-17T17:16:10Z
2026-08-17T17:12:16Z,2026-08-17T19:12:16+0200,f372a1fc-a0b6-48c3-b979-dc927b00239d,2026-07-18T01:45:00Z,2026-07-18T03:45:00+0200,1174.87,MW,NL,NL,actual_offshore_wind_generation,Wind Offshore | Actual Aggregated,2026-08-17T17:16:10Z
2026-08-17T17:12:16Z,2026-08-17T19:12:16+0200,f372a1fc-a0b6-48c3-b979-dc927b00239d,2026-07-18T01:45:00Z,2026-07-18T03:45:00+0200,0.0,MW,NL,NL,actual_offshore_wind_generation,Wind Offshore | Actual Consumption,2026-08-17T17:16:10Z
2026-08-17T17:12:16Z,2026-08-17T19:12:16+0200,f372a1fc-a0b6-48c3-b979-dc927b00239d,2026-07-18T02:00:00Z,2026-07-18T04:00:00+0200,1122.794,MW,NL,NL,actual_offshore_wind_generation,Wind Offshore | Actual Aggregated,2026-08-17T17:16:10Z
2026-08-17T17:12:16Z,2026-08-17T19:12:16+0200,f372a1fc-a0b6-48c3-b979-dc927b00239d,2026-07-18T02:00:00Z,2026-07-18T04:00:00+0200,0.0,MW,NL,NL,actual_offshore_wind_generation,Wind Offshore | Actual Consumption,2026-08-17T17:16:10Z
2026-08-17T17:12:16Z,2026-08-17T19:12:16+0200,f372a1fc-a0b6-48c3-b979-dc927b00239d,2026-07-18T02:15:00Z,2026-07-18T04:15:00+0200,1094.219,MW,NL,NL,actual_offshore_wind_generation,Wind Offshore | Actual Aggregated,2026-08-17T17:16:10Z
2026-08-17T17:12:16Z,2026-08-17T19:12:16+0200,f372a1fc-a0b6-48c3-b979-dc927b00239d,2026-07-18T02:15:00Z,2026-07-18T04:15:00+0200,0.0,MW,NL,NL,actual_offshore_wind_generation,Wind Offshore | Actual Consumption,2026-08-17T17:16:10Z
2026-08-17T17:12:16Z,2026-08-17T19:12:16+0200,f372a1fc-a0b6-48c3-b979-dc927b00239d,2026-07-18T02:30:00Z,2026-07-18T04:30:00+0200,1131.445,MW,NL,NL,actual_offshore_wind_generation,Wind Offshore | Actual Aggregated,2026-08-17T17:16:10Z
2026-08-17T17:12:16Z,2026-08-17T19:12:16+0200,f372a1fc-a0b6-48c3-b979-dc927b00239d,2026-07-18T02:30:00Z,2026-07-18T04:30:00+0200,0.0,MW,NL,NL,actual_offshore_wind_generation,Wind Offshore | Actual Consumption,2026-08-17T17:16:10Z
2026-08-17T17:12:16Z,2026-08-17T19:12:16+0200,f372a1fc-a0b6-48c3-b979-dc927b00239d,2026-07-18T02:45:00Z,2026-07-18T04:45:00+0200,1164.506,MW,NL,NL,actual_offshore_wind_generation,Wind Offshore | Actual Aggregated,2026-08-17T17:16:10Z
2026-08-17T17:12:16Z,2026-08-17T19:12:16+0200,f372a1fc-a0b6-48c3-b979-dc927b00239d,2026-07-18T02:45:00Z,2026-07-18T04:45:00+0200,0.0,MW,NL,NL,actual_offshore_wind_generation,Wind Offshore | Actual Consumption,2026-08-17T17:16:10Z
2026-08-17T17:12:16Z,2026-08-17T19:12:16+0200,f372a1fc-a0b6-48c3-b979-dc927b00239d,2026-07-18T03:00:00Z,2026-07-18T05:00:00+0200,1109.595,MW,NL,NL,actual_offshore_wind_generation,Wind Offshore | Actual Aggregated,2026-08-17T17:16:10Z
2026-08-17T17:12:16Z,2026-08-17T19:12:16+0200,f372a1fc-a0b6-48c3-b979-dc927b00239d,2026-07-18T03:00:00Z,2026-07-18T05:00:00+0200,0.0,MW,NL,NL,actual_offshore_wind_generation,Wind Offshore | Actual Consumption,2026-08-17T17:16:10Z
2026-08-17T17:12:16Z,2026-08-17T19:12:16+0200,f372a1fc-a0b6-48c3-b979-dc927b00239d,2026-07-18T03:15:00Z,2026-07-18T05:15:00+0200,1219.903,MW,NL,NL,actual_offshore_wind_generation,Wind Offshore | Actual Aggregated,2026-08-17T17:16:10Z
2026-08-17T17:12:16Z,2026-08-17T19:12:16+0200,f372a1fc-a0b6-48c3-b979-dc927b00239d,2026-07-18T03:15:00Z,2026-07-18T05:15:00+0200,0.0,MW,NL,NL,actual_offshore_wind_generation,Wind Offshore | Actual Consumption,2026-08-17T17:16:10Z
2026-08-17T17:12:16Z,2026-08-17T19:12:16+0200,f372a1fc-a0b6-48c3-b979-dc927b00239d,2026-07-18T03:30:00Z,2026-07-18T05:30:00+0200,1319.008,MW,NL,NL,actual_offshore_wind_generation,Wind Offshore | Actual Aggregated,2026-08-17T17:16:10Z
2026-08-17T17:12:16Z,2026-08-17T19:12:16+0200,f372a1fc-a0b6-48c3-b979-dc927b00239d,2026-07-18T03:30:00Z,2026-07-18T05:30:00+0200,0.0,MW,NL,NL,actual_offshore_wind_generation,Wind Offshore | Actual Consumption,2026-08-17T17:16:10Z
2026-08-17T17:12:16Z,2026-08-17T19:12:16+0200,f372a1fc-a0b6-48c3-b979-dc927b00239d,2026-07-18T03:45:00Z,2026-07-18T05:45:00+0200,1294.543,MW,NL,NL,actual_offshore_wind_generation,Wind Offshore | Actual Aggregated,2026-08-17T17:16:10Z
2026-08-17T17:12:16Z,2026-08-17T19:12:16+0200,f372a1fc-a0b6-48c3-b979-dc927b00239d,2026-07-18T03:45:00Z,2026-07-18T05:45:00+0200,0.0,MW,NL,NL,actual_offshore_wind_generation,Wind Offshore | Actual Consumption,2026-08-17T17:16:10Z
2026-08-17T17:12:16Z,2026-08-17T19:12:16+0200,f372a1fc-a0b6-48c3-b979-dc927b00239d,2026-07-18T04:00:00Z,2026-07-18T06:00:00+0200,1252.677,MW,NL,NL,actual_offshore_wind_generation,Wind Offshore | Actual Aggregated,2026-08-17T17:16:10Z
2026-08-17T17:12:16Z,2026-08-17T19:12:16+0200,f372a1fc-a0b6-48c3-b979-dc927b00239d,2026-07-18T04:00:00Z,2026-07-18T06:00:00+0200,0.0,MW,NL,NL,actual_offshore_wind_generation,Wind Offshore | Actual Consumption,2026-08-17T17:16:10Z
2026-08-17T17:12:16Z,2026-08-17T19:12:16+0200,f372a1fc-a0b6-48c3-b979-dc927b00239d,2026-07-18T04:15:00Z,2026-07-18T06:15:00+0200,1372.868,MW,NL,NL,actual_offshore_wind_generation,Wind Offshore | Actual Aggregated,2026-08-17T17:16:10Z
2026-08-17T17:12:16Z,2026-08-17T19:12:16+0200,f372a1fc-a0b6-48c3-b979-dc927b00239d,2026-07-18T04:15:00Z,2026-07-18T06:15:00+0200,0.0,MW,NL,NL,actual_offshore_wind_generation,Wind Offshore | Actual Consumption,2026-08-17T17:16:10Z
2026-08-17T17:12:16Z,2026-08-17T19:12:16+0200,f372a1fc-a0b6-48c3-b979-dc927b00239d,2026-07-18T04:30:00Z,2026-07-18T06:30:00+0200,1429.892,MW,NL,NL,actual_offshore_wind_generation,Wind Offshore | Actual Aggregated,2026-08-17T17:16:10Z
2026-08-17T17:12:16Z,2026-08-17T19:12:16+0200,f372a1fc-a0b6-48c3-b979-dc927b00239d,2026-07-18T04:30:00Z,2026-07-18T06:30:00+0200,0.0,MW,NL,NL,actual_offshore_wind_generation,Wind Offshore | Actual Consumption,2026-08-17T17:16:10Z
2026-08-17T17:12:16Z,2026-08-17T19:12:16+0200,f372a1fc-a0b6-48c3-b979-dc927b00239d,2026-07-18T04:45:00Z,2026-07-18T06:45:00+0200,1440.025,MW,NL,NL,actual_offshore_wind_generation,Wind Offshore | Actual Aggregated,2026-08-17T17:16:10Z
2026-08-17T17:12:16Z,2026-08-17T19:12:16+0200,f372a1fc-a0b6-48c3-b979-dc927b00239d,2026-07-18T04:45:00Z,2026-07-18T06:45:00+0200,0.0,MW,NL,NL,actual_offshore_wind_generation,Wind Offshore | Actual Consumption,2026-08-17T17:16:10Z
2026-08-17T17:12:16Z,2026-08-17T19:12:16+0200,f372a1fc-a0b6-48c3-b979-dc927b00239d,2026-07-18T05:00:00Z,2026-07-18T07:00:00+0200,1470.769,MW,NL,NL,actual_offshore_wind_generation,Wind Offshore | Actual Aggregated,2026-08-17T17:16:10Z
2026-08-17T17:12:16Z,2026-08-17T19:12:16+0200,f372a1fc-a0b6-48c3-b979-dc927b00239d,2026-07-18T05:00:00Z,2026-07-18T07:00:00+0200,0.0,MW,NL,NL,actual_offshore_wind_generation,Wind Offshore | Actual Consumption,2026-08-17T17:16:10Z
2026-08-17T17:12:16Z,2026-08-17T19:12:16+0200,f372a1fc-a0b6-48c3-b979-dc927b00239d,2026-07-18T05:15:00Z,2026-07-18T07:15:00+0200,1500.265,MW,NL,NL,actual_offshore_wind_generation,Wind Offshore | Actual Aggregated,2026-08-17T17:16:10Z
2026-08-17T17:12:16Z,2026-08-17T19:12:16+0200,f372a1fc-a0b6-48c3-b979-dc927b00239d,2026-07-18T05:15:00Z,2026-07-18T07:15:00+0200,0.0,MW,NL,NL,actual_offshore_wind_generation,Wind Offshore | Actual Consumption,2026-08-17T17:16:10Z
2026-08-17T17:12:16Z,2026-08-17T19:12:16+0200,f372a1fc-a0b6-48c3-b979-dc927b00239d,2026-07-18T05:30:00Z,2026-07-18T07:30:00+0200,1477.082,MW,NL,NL,actual_offshore_wind_generation,Wind Offshore | Actual Aggregated,2026-08-17T17:16:10Z
2026-08-17T17:12:16Z,2026-08-17T19:12:16+0200,f372a1fc-a0b6-48c3-b979-dc927b00239d,2026-07-18T05:30:00Z,2026-07-18T07:30:00+0200,0.0,MW,NL,NL,actual_offshore_wind_generation,Wind Offshore | Actual Consumption,2026-08-17T17:16:10Z
2026-08-17T17:12:16Z,2026-08-17T19:12:16+0200,f372a1fc-a0b6-48c3-b979-dc927b00239d,2026-07-18T05:45:00Z,2026-07-18T07:45:00+0200,1401.85,MW,NL,NL,actual_offshore_wind_generation,Wind Offshore | Actual Aggregated,2026-08-17T17:16:10Z
2026-08-17T17:12:16Z,2026-08-17T19:12:16+0200,f372a1fc-a0b6-48c3-b979-dc927b00239d,2026-07-18T05:45:00Z,2026-07-18T07:45:00+0200,0.0,MW,NL,NL,actual_offshore_wind_generation,Wind Offshore | Actual Consumption,2026-08-17T17:16:10Z
2026-08-17T17:12:16Z,2026-08-17T19:12:16+0200,f372a1fc-a0b6-48c3-b979-dc927b00239d,2026-07-18T06:00:00Z,2026-07-18T08:00:00+0200,1269.162,MW,NL,NL,actual_offshore_wind_generation,Wind Offshore | Actual Aggregated,2026-08-17T17:16:10Z
2026-08-17T17:12:16Z,2026-08-17T19:12:16+0200,f372a1fc-a0b6-48c3-b979-dc927b00239d,2026-07-18T06:00:00Z,2026-07-18T08:00:00+0200,0.0,MW,NL,NL,actual_offshore_wind_generation,Wind Offshore | Actual Consumption,2026-08-17T17:16:10Z
2026-08-17T17:12:16Z,2026-08-17T19:12:16+0200,f372a1fc-a0b6-48c3-b979-dc927b00239d,2026-07-18T06:15:00Z,2026-07-18T08:15:00+0200,1264.318,MW,NL,NL,actual_offshore_wind_generation,Wind Offshore | Actual Aggregated,2026-08-17T17:16:10Z
2026-08-17T17:12:16Z,2026-08-17T19:12:16+0200,f372a1fc-a0b6-48c3-b979-dc927b00239d,2026-07-18T06:15:00Z,2026-07-18T08:15:00+0200,0.0,MW,NL,NL,actual_offshore_wind_generation,Wind Offshore | Actual Consumption,2026-08-17T17:16:10Z
2026-08-17T17:12:16Z,2026-08-17T19:12:16+0200,f372a1fc-a0b6-48c3-b979-dc927b00239d,2026-07-18T06:30:00Z,2026-07-18T08:30:00+0200,1349.236,MW,NL,NL,actual_offshore_wind_generation,Wind Offshore | Actual Aggregated,2026-08-17T17:16:10Z
2026-08-17T17:12:16Z,2026-08-17T19:12:16+0200,f372a1fc-a0b6-48c3-b979-dc927b00239d,2026-07-18T06:30:00Z,2026-07-18T08:30:00+0200,0.0,MW,NL,NL,actual_offshore_wind_generation,Wind Offshore | Actual Consumption,2026-08-17T17:16:10Z
2026-08-17T17:12:16Z,2026-08-17T19:12:16+0200,f372a1fc-a0b6-48c3-b979-dc927b00239d,2026-07-18T06:45:00Z,2026-07-18T08:45:00+0200,1478.814,MW,NL,NL,actual_offshore_wind_generation,Wind Offshore | Actual Aggregated,2026-08-17T17:16:10Z
2026-08-17T17:12:16Z,2026-08-17T19:12:16+0200,f372a1fc-a0b6-48c3-b979-dc927b00239d,2026-07-18T06:45:00Z,2026-07-18T08:45:00+0200,0.0,MW,NL,NL,actual_offshore_wind_generation,Wind Offshore | Actual Consumption,2026-08-17T17:16:10Z
2026-08-17T17:12:16Z,2026-08-17T19:12:16+0200,f372a1fc-a0b6-48c3-b979-dc927b00239d,2026-07-18T07:00:00Z,2026-07-18T09:00:00+0200,1486.603,MW,NL,NL,actual_offshore_wind_generation,Wind Offshore | Actual Aggregated,2026-08-17T17:16:10Z
2026-08-17T17:12:16Z,2026-08-17T19:12:16+0200,f372a1fc-a0b6-48c3-b979-dc927b00239d,2026-07-18T07:00:00Z,2026-07-18T09:00:00+0200,0.0,MW,NL,NL,actual_offshore_wind_generation,Wind Offshore | Actual Consumption,2026-08-17T17:16:10Z
2026-08-17T17:12:16Z,2026-08-17T19:12:16+0200,f372a1fc-a0b6-48c3-b979-dc927b00239d,2026-07-18T07:15:00Z,2026-07-18T09:15:00+0200,1476.46,MW,NL,NL,actual_offshore_wind_generation,Wind Offshore | Actual Aggregated,2026-08-17T17:16:10Z
2026-08-17T17:12:16Z,2026-08-17T19:12:16+0200,f372a1fc-a0b6-48c3-b979-dc927b00239d,2026-07-18T07:15:00Z,2026-07-18T09:15:00+0200,0.0,MW,NL,NL,actual_offshore_wind_generation,Wind Offshore | Actual Consumption,2026-08-17T17:16:10Z
2026-08-17T17:12:16Z,2026-08-17T19:12:16+0200,f372a1fc-a0b6-48c3-b979-dc927b00239d,2026-07-18T07:30:00Z,2026-07-18T09:30:00+0200,1504.631,MW,NL,NL,actual_offshore_wind_generation,Wind Offshore | Actual Aggregated,2026-08-17T17:16:10Z
2026-08-17T17:12:16Z,2026-08-17T19:12:16+0200,f372a1fc-a0b6-48c3-b979-dc927b00239d,2026-07-18T07:30:00Z,2026-07-18T09:30:00+0200,0.0,MW,NL,NL,actual_offshore_wind_generation,Wind Offshore | Actual Consumption,2026-08-17T17:16:10Z
2026-08-17T17:12:16Z,2026-08-17T19:12:16+0200,f372a1fc-a0b6-48c3-b979-dc927b00239d,2026-07-18T07:45:00Z,2026-07-18T09:45:00+0200,1558.109,MW,NL,NL,actual_offshore_wind_generation,Wind Offshore | Actual Aggregated,2026-08-17T17:16:10Z
2026-08-17T17:12:16Z,2026-08-17T19:12:16+0200,f372a1fc-a0b6-48c3-b979-dc927b00239d,2026-07-18T07:45:00Z,2026-07-18T09:45:00+0200,0.0,MW,NL,NL,actual_offshore_wind_generation,Wind Offshore | Actual Consumption,2026-08-17T17:16:10Z
2026-08-17T17:12:16Z,2026-08-17T19:12:16+0200,f372a1fc-a0b6-48c3-b979-dc927b00239d,2026-07-18T08:00:00Z,2026-07-18T10:00:00+0200,1506.568,MW,NL,NL,actual_offshore_wind_generation,Wind Offshore | Actual Aggregated,2026-08-17T17:16:10Z
2026-08-17T17:12:16Z,2026-08-17T19:12:16+0200,f372a1fc-a0b6-48c3-b979-dc927b00239d,2026-07-18T08:00:00Z,2026-07-18T10:00:00+0200,0.0,MW,NL,NL,actual_offshore_wind_generation,Wind Offshore | Actual Consumption,2026-08-17T17:16:10Z
2026-08-17T17:12:16Z,2026-08-17T19:12:16+0200,f372a1fc-a0b6-48c3-b979-dc927b00239d,2026-07-18T08:15:00Z,2026-07-18T10:15:00+0200,1442.412,MW,NL,NL,actual_offshore_wind_generation,Wind Offshore | Actual Aggregated,2026-08-17T17:16:10Z
2026-08-17T17:12:16Z,2026-08-17T19:12:16+0200,f372a1fc-a0b6-48c3-b979-dc927b00239d,2026-07-18T08:15:00Z,2026-07-18T10:15:00+0200,0.0,MW,NL,NL,actual_offshore_wind_generation,Wind Offshore | Actual Consumption,2026-08-17T17:16:10Z
2026-08-17T17:12:16Z,2026-08-17T19:12:16+0200,f372a1fc-a0b6-48c3-b979-dc927b00239d,2026-07-18T08:30:00Z,2026-07-18T10:30:00+0200,1442.399,MW,NL,NL,actual_offshore_wind_generation,Wind Offshore | Actual Aggregated,2026-08-17T17:16:10Z
2026-08-17T17:12:16Z,2026-08-17T19:12:16+0200,f372a1fc-a0b6-48c3-b979-dc927b00239d,2026-07-18T08:30:00Z,2026-07-18T10:30:00+0200,0.0,MW,NL,NL,actual_offshore_wind_generation,Wind Offshore | Actual Consumption,2026-08-17T17:16:10Z
2026-08-17T17:12:16Z,2026-08-17T19:12:16+0200,f372a1fc-a0b6-48c3-b979-dc927b00239d,2026-07-18T08:45:00Z,2026-07-18T10:45:00+0200,1454.193,MW,NL,NL,actual_offshore_wind_generation,Wind Offshore | Actual Aggregated,2026-08-17T17:16:10Z
2026-08-17T17:12:16Z,2026-08-17T19:12:16+0200,f372a1fc-a0b6-48c3-b979-dc927b00239d,2026-07-18T08:45:00Z,2026-07-18T10:45:00+0200,0.0,MW,NL,NL,actual_offshore_wind_generation,Wind Offshore | Actual Consumption,2026-08-17T17:16:10Z
2026-08-17T17:12:16Z,2026-08-17T19:12:16+0200,f372a1fc-a0b6-48c3-b979-dc927b00239d,2026-07-18T09:00:00Z,2026-07-18T11:00:00+0200,1349.463,MW,NL,NL,actual_offshore_wind_generation,Wind Offshore | Actual Aggregated,2026-08-17T17:16:10Z
2026-08-17T17:12:16Z,2026-08-17T19:12:16+0200,f372a1fc-a0b6-48c3-b979-dc927b00239d,2026-07-18T09:00:00Z,2026-07-18T11:00:00+0200,0.0,MW,NL,NL,actual_offshore_wind_generation,Wind Offshore | Actual Consumption,2026-08-17T17:16:10Z
2026-08-17T17:12:16Z,2026-08-17T19:12:16+0200,f372a1fc-a0b6-48c3-b979-dc927b00239d,2026-07-18T09:15:00Z,2026-07-18T11:15:00+0200,1253.376,MW,NL,NL,actual_offshore_wind_generation,Wind Offshore | Actual Aggregated,2026-08-17T17:16:10Z
2026-08-17T17:12:16Z,2026-08-17T19:12:16+0200,f372a1fc-a0b6-48c3-b979-dc927b00239d,2026-07-18T09:15:00Z,2026-07-18T11:15:00+0200,0.0,MW,NL,NL,actual_offshore_wind_generation,Wind Offshore | Actual Consumption,2026-08-17T17:16:10Z
2026-08-17T17:12:16Z,2026-08-17T19:12:16+0200,f372a1fc-a0b6-48c3-b979-dc927b00239d,2026-07-18T09:30:00Z,2026-07-18T11:30:00+0200,1191.047,MW,NL,NL,actual_offshore_wind_generation,Wind Offshore | Actual Aggregated,2026-08-17T17:16:10Z
2026-08-17T17:12:16Z,2026-08-17T19:12:16+0200,f372a1fc-a0b6-48c3-b979-dc927b00239d,2026-07-18T09:30:00Z,2026-07-18T11:30:00+0200,0.0,MW,NL,NL,actual_offshore_wind_generation,Wind Offshore | Actual Consumption,2026-08-17T17:16:10Z
2026-08-17T17:12:16Z,2026-08-17T19:12:16+0200,f372a1fc-a0b6-48c3-b979-dc927b00239d,2026-07-18T09:45:00Z,2026-07-18T11:45:00+0200,1175.499,MW,NL,NL,actual_offshore_wind_generation,Wind Offshore | Actual Aggregated,2026-08-17T17:16:10Z
2026-08-17T17:12:16Z,2026-08-17T19:12:16+0200,f372a1fc-a0b6-48c3-b979-dc927b00239d,2026-07-18T09:45:00Z,2026-07-18T11:45:00+0200,0.0,MW,NL,NL,actual_offshore_wind_generation,Wind Offshore | Actual Consumption,2026-08-17T17:16:10Z
2026-08-17T17:12:16Z,2026-08-17T19:12:16+0200,f372a1fc-a0b6-48c3-b979-dc927b00239d,2026-07-18T10:00:00Z,2026-07-18T12:00:00+0200,1117.095,MW,NL,NL,actual_offshore_wind_generation,Wind Offshore | Actual Aggregated,2026-08-17T17:16:10Z
2026-08-17T17:12:16Z,2026-08-17T19:12:16+0200,f372a1fc-a0b6-48c3-b979-dc927b00239d,2026-07-18T10:00:00Z,2026-07-18T12:00:00+0200,0.0,MW,NL,NL,actual_offshore_wind_generation,Wind Offshore | Actual Consumption,2026-08-17T17:16:10Z
2026-08-17T17:12:16Z,2026-08-17T19:12:16+0200,f372a1fc-a0b6-48c3-b979-dc927b00239d,2026-07-18T10:15:00Z,2026-07-18T12:15:00+0200,1167.495,MW,NL,NL,actual_offshore_wind_generation,Wind Offshore | Actual Aggregated,2026-08-17T17:16:10Z
2026-08-17T17:12:16Z,2026-08-17T19:12:16+0200,f372a1fc-a0b6-48c3-b979-dc927b00239d,2026-07-18T10:15:00Z,2026-07-18T12:15:00+0200,0.0,MW,NL,NL,actual_offshore_wind_generation,Wind Offshore | Actual Consumption,2026-08-17T17:16:10Z
2026-08-17T17:12:16Z,2026-08-17T19:12:16+0200,f372a1fc-a0b6-48c3-b979-dc927b00239d,2026-07-18T10:30:00Z,2026-07-18T12:30:00+0200,1078.758,MW,NL,NL,actual_offshore_wind_generation,Wind Offshore | Actual Aggregated,2026-08-17T17:16:10Z
2026-08-17T17:12:16Z,2026-08-17T19:12:16+0200,f372a1fc-a0b6-48c3-b979-dc927b00239d,2026-07-18T10:30:00Z,2026-07-18T12:30:00+0200,0.0,MW,NL,NL,actual_offshore_wind_generation,Wind Offshore | Actual Consumption,2026-08-17T17:16:10Z
2026-08-17T17:12:16Z,2026-08-17T19:12:16+0200,f372a1fc-a0b6-48c3-b979-dc927b00239d,2026-07-18T10:45:00Z,2026-07-18T12:45:00+0200,1108.07,MW,NL,NL,actual_offshore_wind_generation,Wind Offshore | Actual Aggregated,2026-08-17T17:16:10Z
2026-08-17T17:12:16Z,2026-08-17T19:12:16+0200,f372a1fc-a0b6-48c3-b979-dc927b00239d,2026-07-18T10:45:00Z,2026-07-18T12:45:00+0200,0.0,MW,NL,NL,actual_offshore_wind_generation,Wind Offshore | Actual Consumption,2026-08-17T17:16:10Z
2026-08-17T17:12:16Z,2026-08-17T19:12:16+0200,f372a1fc-a0b6-48c3-b979-dc927b00239d,2026-07-18T11:00:00Z,2026-07-18T13:00:00+0200,1042.805,MW,NL,NL,actual_offshore_wind_generation,Wind Offshore | Actual Aggregated,2026-08-17T17:16:10Z
2026-08-17T17:12:16Z,2026-08-17T19:12:16+0200,f372a1fc-a0b6-48c3-b979-dc927b00239d,2026-07-18T11:00:00Z,2026-07-18T13:00:00+0200,0.0,MW,NL,NL,actual_offshore_wind_generation,Wind Offshore | Actual Consumption,2026-08-17T17:16:10Z
2026-08-17T17:12:16Z,2026-08-17T19:12:16+0200,f372a1fc-a0b6-48c3-b979-dc927b00239d,2026-07-18T11:15:00Z,2026-07-18T13:15:00+0200,843.218,MW,NL,NL,actual_offshore_wind_generation,Wind Offshore | Actual Aggregated,2026-08-17T17:16:10Z
2026-08-17T17:12:16Z,2026-08-17T19:12:16+0200,f372a1fc-a0b6-48c3-b979-dc927b00239d,2026-07-18T11:15:00Z,2026-07-18T13:15:00+0200,0.144,MW,NL,NL,actual_offshore_wind_generation,Wind Offshore | Actual Consumption,2026-08-17T17:16:10Z
2026-08-17T17:12:16Z,2026-08-17T19:12:16+0200,f372a1fc-a0b6-48c3-b979-dc927b00239d,2026-07-18T11:30:00Z,2026-07-18T13:30:00+0200,932.682,MW,NL,NL,actual_offshore_wind_generation,Wind Offshore | Actual Aggregated,2026-08-17T17:16:10Z
2026-08-17T17:12:16Z,2026-08-17T19:12:16+0200,f372a1fc-a0b6-48c3-b979-dc927b00239d,2026-07-18T11:30:00Z,2026-07-18T13:30:00+0200,0.0,MW,NL,NL,actual_offshore_wind_generation,Wind Offshore | Actual Consumption,2026-08-17T17:16:10Z
2026-08-17T17:12:16Z,2026-08-17T19:12:16+0200,f372a1fc-a0b6-48c3-b979-dc927b00239d,2026-07-18T11:45:00Z,2026-07-18T13:45:00+0200,913.26,MW,NL,NL,actual_offshore_wind_generation,Wind Offshore | Actual Aggregated,2026-08-17T17:16:10Z
2026-08-17T17:12:16Z,2026-08-17T19:12:16+0200,f372a1fc-a0b6-48c3-b979-dc927b00239d,2026-07-18T11:45:00Z,2026-07-18T13:45:00+0200,0.0,MW,NL,NL,actual_offshore_wind_generation,Wind Offshore | Actual Consumption,2026-08-17T17:16:10Z
2026-08-17T17:12:16Z,2026-08-17T19:12:16+0200,f372a1fc-a0b6-48c3-b979-dc927b00239d,2026-07-18T12:00:00Z,2026-07-18T14:00:00+0200,1324.477,MW,NL,NL,actual_offshore_wind_generation,Wind Offshore | Actual Aggregated,2026-08-17T17:16:10Z
2026-08-17T17:12:16Z,2026-08-17T19:12:16+0200,f372a1fc-a0b6-48c3-b979-dc927b00239d,2026-07-18T12:00:00Z,2026-07-18T14:00:00+0200,0.0,MW,NL,NL,actual_offshore_wind_generation,Wind Offshore | Actual Consumption,2026-08-17T17:16:10Z
2026-08-17T17:12:16Z,2026-08-17T19:12:16+0200,f372a1fc-a0b6-48c3-b979-dc927b00239d,2026-07-18T12:15:00Z,2026-07-18T14:15:00+0200,1372.7,MW,NL,NL,actual_offshore_wind_generation,Wind Offshore | Actual Aggregated,2026-08-17T17:16:10Z
2026-08-17T17:12:16Z,2026-08-17T19:12:16+0200,f372a1fc-a0b6-48c3-b979-dc927b00239d,2026-07-18T12:15:00Z,2026-07-18T14:15:00+0200,0.0,MW,NL,NL,actual_offshore_wind_generation,Wind Offshore | Actual Consumption,2026-08-17T17:16:10Z
2026-08-17T17:12:16Z,2026-08-17T19:12:16+0200,f372a1fc-a0b6-48c3-b979-dc927b00239d,2026-07-18T12:30:00Z,2026-07-18T14:30:00+0200,1120.696,MW,NL,NL,actual_offshore_wind_generation,Wind Offshore | Actual Aggregated,2026-08-17T17:16:10Z
2026-08-17T17:12:16Z,2026-08-17T19:12:16+0200,f372a1fc-a0b6-48c3-b979-dc927b00239d,2026-07-18T12:30:00Z,2026-07-18T14:30:00+0200,0.432,MW,NL,NL,actual_offshore_wind_generation,Wind Offshore | Actual Consumption,2026-08-17T17:16:10Z
2026-08-17T17:12:16Z,2026-08-17T19:12:16+0200,f372a1fc-a0b6-48c3-b979-dc927b00239d,2026-07-18T12:45:00Z,2026-07-18T14:45:00+0200,1084.455,MW,NL,NL,actual_offshore_wind_generation,Wind Offshore | Actual Aggregated,2026-08-17T17:16:10Z
2026-08-17T17:12:16Z,2026-08-17T19:12:16+0200,f372a1fc-a0b6-48c3-b979-dc927b00239d,2026-07-18T12:45:00Z,2026-07-18T14:45:00+0200,0.144,MW,NL,NL,actual_offshore_wind_generation,Wind Offshore | Actual Consumption,2026-08-17T17:16:10Z
2026-08-17T17:12:16Z,2026-08-17T19:12:16+0200,f372a1fc-a0b6-48c3-b979-dc927b00239d,2026-07-18T13:00:00Z,2026-07-18T15:00:00+0200,1075.932,MW,NL,NL,actual_offshore_wind_generation,Wind Offshore | Actual Aggregated,2026-08-17T17:16:10Z
2026-08-17T17:12:16Z,2026-08-17T19:12:16+0200,f372a1fc-a0b6-48c3-b979-dc927b00239d,2026-07-18T13:00:00Z,2026-07-18T15:00:00+0200,0.144,MW,NL,NL,actual_offshore_wind_generation,Wind Offshore | Actual Consumption,2026-08-17T17:16:10Z
2026-08-17T17:12:16Z,2026-08-17T19:12:16+0200,f372a1fc-a0b6-48c3-b979-dc927b00239d,2026-07-18T13:15:00Z,2026-07-18T15:15:00+0200,1290.74,MW,NL,NL,actual_offshore_wind_generation,Wind Offshore | Actual Aggregated,2026-08-17T17:16:10Z
2026-08-17T17:12:16Z,2026-08-17T19:12:16+0200,f372a1fc-a0b6-48c3-b979-dc927b00239d,2026-07-18T13:15:00Z,2026-07-18T15:15:00+0200,0.0,MW,NL,NL,actual_offshore_wind_generation,Wind Offshore | Actual Consumption,2026-08-17T17:16:10Z
2026-08-17T17:12:16Z,2026-08-17T19:12:16+0200,f372a1fc-a0b6-48c3-b979-dc927b00239d,2026-07-18T13:30:00Z,2026-07-18T15:30:00+0200,1206.183,MW,NL,NL,actual_offshore_wind_generation,Wind Offshore | Actual Aggregated,2026-08-17T17:16:10Z
2026-08-17T17:12:16Z,2026-08-17T19:12:16+0200,f372a1fc-a0b6-48c3-b979-dc927b00239d,2026-07-18T13:30:00Z,2026-07-18T15:30:00+0200,0.0,MW,NL,NL,actual_offshore_wind_generation,Wind Offshore | Actual Consumption,2026-08-17T17:16:10Z
2026-08-17T17:12:16Z,2026-08-17T19:12:16+0200,f372a1fc-a0b6-48c3-b979-dc927b00239d,2026-07-18T13:45:00Z,2026-07-18T15:45:00+0200,1377.356,MW,NL,NL,actual_offshore_wind_generation,Wind Offshore | Actual Aggregated,2026-08-17T17:16:10Z
2026-08-17T17:12:16Z,2026-08-17T19:12:16+0200,f372a1fc-a0b6-48c3-b979-dc927b00239d,2026-07-18T13:45:00Z,2026-07-18T15:45:00+0200,0.0,MW,NL,NL,actual_offshore_wind_generation,Wind Offshore | Actual Consumption,2026-08-17T17:16:10Z
2026-08-17T17:12:16Z,2026-08-17T19:12:16+0200,f372a1fc-a0b6-48c3-b979-dc927b00239d,2026-07-18T14:00:00Z,2026-07-18T16:00:00+0200,1592.268,MW,NL,NL,actual_offshore_wind_generation,Wind Offshore | Actual Aggregated,2026-08-17T17:16:10Z
2026-08-17T17:12:16Z,2026-08-17T19:12:16+0200,f372a1fc-a0b6-48c3-b979-dc927b00239d,2026-07-18T14:00:00Z,2026-07-18T16:00:00+0200,0.0,MW,NL,NL,actual_offshore_wind_generation,Wind Offshore | Actual Consumption,2026-08-17T17:16:10Z
2026-08-17T17:12:16Z,2026-08-17T19:12:16+0200,f372a1fc-a0b6-48c3-b979-dc927b00239d,2026-07-18T14:15:00Z,2026-07-18T16:15:00+0200,1813.226,MW,NL,NL,actual_offshore_wind_generation,Wind Offshore | Actual Aggregated,2026-08-17T17:16:10Z
2026-08-17T17:12:16Z,2026-08-17T19:12:16+0200,f372a1fc-a0b6-48c3-b979-dc927b00239d,2026-07-18T14:15:00Z,2026-07-18T16:15:00+0200,0.0,MW,NL,NL,actual_offshore_wind_generation,Wind Offshore | Actual Consumption,2026-08-17T17:16:10Z
2026-08-17T17:12:16Z,2026-08-17T19:12:16+0200,f372a1fc-a0b6-48c3-b979-dc927b00239d,2026-07-18T14:30:00Z,2026-07-18T16:30:00+0200,1678.105,MW,NL,NL,actual_offshore_wind_generation,Wind Offshore | Actual Aggregated,2026-08-17T17:16:10Z
2026-08-17T17:12:16Z,2026-08-17T19:12:16+0200,f372a1fc-a0b6-48c3-b979-dc927b00239d,2026-07-18T14:30:00Z,2026-07-18T16:30:00+0200,0.0,MW,NL,NL,actual_offshore_wind_generation,Wind Offshore | Actual Consumption,2026-08-17T17:16:10Z
2026-08-17T17:12:16Z,2026-08-17T19:12:16+0200,f372a1fc-a0b6-48c3-b979-dc927b00239d,2026-07-18T14:45:00Z,2026-07-18T16:45:00+0200,1770.327,MW,NL,NL,actual_offshore_wind_generation,Wind Offshore | Actual Aggregated,2026-08-17T17:16:10Z
2026-08-17T17:12:16Z,2026-08-17T19:12:16+0200,f372a1fc-a0b6-48c3-b979-dc927b00239d,2026-07-18T14:45:00Z,2026-07-18T16:45:00+0200,0.0,MW,NL,NL,actual_offshore_wind_generation,Wind Offshore | Actual Consumption,2026-08-17T17:16:10Z
2026-08-17T17:12:16Z,2026-08-17T19:12:16+0200,f372a1fc-a0b6-48c3-b979-dc927b00239d,2026-07-18T15:00:00Z,2026-07-18T17:00:00+0200,1702.805,MW,NL,NL,actual_offshore_wind_generation,Wind Offshore | Actual Aggregated,2026-08-17T17:16:10Z
2026-08-17T17:12:16Z,2026-08-17T19:12:16+0200,f372a1fc-a0b6-48c3-b979-dc927b00239d,2026-07-18T15:00:00Z,2026-07-18T17:00:00+0200,0.0,MW,NL,NL,actual_offshore_wind_generation,Wind Offshore | Actual Consumption,2026-08-17T17:16:10Z
2026-08-17T17:12:16Z,2026-08-17T19:12:16+0200,f372a1fc-a0b6-48c3-b979-dc927b00239d,2026-07-18T15:15:00Z,2026-07-18T17:15:00+0200,1944.807,MW,NL,NL,actual_offshore_wind_generation,Wind Offshore | Actual Aggregated,2026-08-17T17:16:10Z
2026-08-17T17:12:16Z,2026-08-17T19:12:16+0200,f372a1fc-a0b6-48c3-b979-dc927b00239d,2026-07-18T15:15:00Z,2026-07-18T17:15:00+0200,0.0,MW,NL,NL,actual_offshore_wind_generation,Wind Offshore | Actual Consumption,2026-08-17T17:16:10Z
2026-08-17T17:12:16Z,2026-08-17T19:12:16+0200,f372a1fc-a0b6-48c3-b979-dc927b00239d,2026-07-18T15:30:00Z,2026-07-18T17:30:00+0200,1978.306,MW,NL,NL,actual_offshore_wind_generation,Wind Offshore | Actual Aggregated,2026-08-17T17:16:10Z
2026-08-17T17:12:16Z,2026-08-17T19:12:16+0200,f372a1fc-a0b6-48c3-b979-dc927b00239d,2026-07-18T15:30:00Z,2026-07-18T17:30:00+0200,0.0,MW,NL,NL,actual_offshore_wind_generation,Wind Offshore | Actual Consumption,2026-08-17T17:16:10Z
2026-08-17T17:12:16Z,2026-08-17T19:12:16+0200,f372a1fc-a0b6-48c3-b979-dc927b00239d,2026-07-18T15:45:00Z,2026-07-18T17:45:00+0200,2023.356,MW,NL,NL,actual_offshore_wind_generation,Wind Offshore | Actual Aggregated,2026-08-17T17:16:10Z
2026-08-17T17:12:16Z,2026-08-17T19:12:16+0200,f372a1fc-a0b6-48c3-b979-dc927b00239d,2026-07-18T15:45:00Z,2026-07-18T17:45:00+0200,0.0,MW,NL,NL,actual_offshore_wind_generation,Wind Offshore | Actual Consumption,2026-08-17T17:16:10Z
2026-08-17T17:12:16Z,2026-08-17T19:12:16+0200,f372a1fc-a0b6-48c3-b979-dc927b00239d,2026-07-18T16:00:00Z,2026-07-18T18:00:00+0200,2118.054,MW,NL,NL,actual_offshore_wind_generation,Wind Offshore | Actual Aggregated,2026-08-17T17:16:10Z
2026-08-17T17:12:16Z,2026-08-17T19:12:16+0200,f372a1fc-a0b6-48c3-b979-dc927b00239d,2026-07-18T16:00:00Z,2026-07-18T18:00:00+0200,0.0,MW,NL,NL,actual_offshore_wind_generation,Wind Offshore | Actual Consumption,2026-08-17T17:16:10Z
2026-08-17T17:12:16Z,2026-08-17T19:12:16+0200,f372a1fc-a0b6-48c3-b979-dc927b00239d,2026-07-18T16:15:00Z,2026-07-18T18:15:00+0200,2241.971,MW,NL,NL,actual_offshore_wind_generation,Wind Offshore | Actual Aggregated,2026-08-17T17:16:10Z
2026-08-17T17:12:16Z,2026-08-17T19:12:16+0200,f372a1fc-a0b6-48c3-b979-dc927b00239d,2026-07-18T16:15:00Z,2026-07-18T18:15:00+0200,0.0,MW,NL,NL,actual_offshore_wind_generation,Wind Offshore | Actual Consumption,2026-08-17T17:16:10Z
2026-08-17T17:12:16Z,2026-08-17T19:12:16+0200,f372a1fc-a0b6-48c3-b979-dc927b00239d,2026-07-18T16:30:00Z,2026-07-18T18:30:00+0200,2322.297,MW,NL,NL,actual_offshore_wind_generation,Wind Offshore | Actual Aggregated,2026-08-17T17:16:10Z
2026-08-17T17:12:16Z,2026-08-17T19:12:16+0200,f372a1fc-a0b6-48c3-b979-dc927b00239d,2026-07-18T16:30:00Z,2026-07-18T18:30:00+0200,0.0,MW,NL,NL,actual_offshore_wind_generation,Wind Offshore | Actual Consumption,2026-08-17T17:16:10Z
2026-08-17T17:12:16Z,2026-08-17T19:12:16+0200,f372a1fc-a0b6-48c3-b979-dc927b00239d,2026-07-18T16:45:00Z,2026-07-18T18:45:00+0200,2341.476,MW,NL,NL,actual_offshore_wind_generation,Wind Offshore | Actual Aggregated,2026-08-17T17:16:10Z
2026-08-17T17:12:16Z,2026-08-17T19:12:16+0200,f372a1fc-a0b6-48c3-b979-dc927b00239d,2026-07-18T16:45:00Z,2026-07-18T18:45:00+0200,0.0,MW,NL,NL,actual_offshore_wind_generation,Wind Offshore | Actual Consumption,2026-08-17T17:16:10Z
2026-08-17T17:12:16Z,2026-08-17T19:12:16+0200,f372a1fc-a0b6-48c3-b979-dc927b00239d,2026-07-18T17:00:00Z,2026-07-18T19:00:00+0200,2324.924,MW,NL,NL,actual_offshore_wind_generation,Wind Offshore | Actual Aggregated,2026-08-17T17:16:10Z
2026-08-17T17:12:16Z,2026-08-17T19:12:16+0200,f372a1fc-a0b6-48c3-b979-dc927b00239d,2026-07-18T17:00:00Z,2026-07-18T19:00:00+0200,0.0,MW,NL,NL,actual_offshore_wind_generation,Wind Offshore | Actual Consumption,2026-08-17T17:16:10Z
2026-08-17T17:12:16Z,2026-08-17T19:12:16+0200,f372a1fc-a0b6-48c3-b979-dc927b00239d,2026-07-18T17:15:00Z,2026-07-18T19:15:00+0200,2293.241,MW,NL,NL,actual_offshore_wind_generation,Wind Offshore | Actual Aggregated,2026-08-17T17:16:10Z
2026-08-17T17:12:16Z,2026-08-17T19:12:16+0200,f372a1fc-a0b6-48c3-b979-dc927b00239d,2026-07-18T17:15:00Z,2026-07-18T19:15:00+0200,0.0,MW,NL,NL,actual_offshore_wind_generation,Wind Offshore | Actual Consumption,2026-08-17T17:16:10Z
2026-08-17T17:12:16Z,2026-08-17T19:12:16+0200,f372a1fc-a0b6-48c3-b979-dc927b00239d,2026-07-18T17:30:00Z,2026-07-18T19:30:00+0200,2272.584,MW,NL,NL,actual_offshore_wind_generation,Wind Offshore | Actual Aggregated,2026-08-17T17:16:10Z
2026-08-17T17:12:16Z,2026-08-17T19:12:16+0200,f372a1fc-a0b6-48c3-b979-dc927b00239d,2026-07-18T17:30:00Z,2026-07-18T19:30:00+0200,0.0,MW,NL,NL,actual_offshore_wind_generation,Wind Offshore | Actual Consumption,2026-08-17T17:16:10Z
2026-08-17T17:12:16Z,2026-08-17T19:12:16+0200,f372a1fc-a0b6-48c3-b979-dc927b00239d,2026-07-18T17:45:00Z,2026-07-18T19:45:00+0200,2278.901,MW,NL,NL,actual_offshore_wind_generation,Wind Offshore | Actual Aggregated,2026-08-17T17:16:10Z
2026-08-17T17:12:16Z,2026-08-17T19:12:16+0200,f372a1fc-a0b6-48c3-b979-dc927b00239d,2026-07-18T17:45:00Z,2026-07-18T19:45:00+0200,0.0,MW,NL,NL,actual_offshore_wind_generation,Wind Offshore | Actual Consumption,2026-08-17T17:16:10Z
2026-08-17T17:12:16Z,2026-08-17T19:12:16+0200,f372a1fc-a0b6-48c3-b979-dc927b00239d,2026-07-18T18:00:00Z,2026-07-18T20:00:00+0200,2292.969,MW,NL,NL,actual_offshore_wind_generation,Wind Offshore | Actual Aggregated,2026-08-17T17:16:10Z
2026-08-17T17:12:16Z,2026-08-17T19:12:16+0200,f372a1fc-a0b6-48c3-b979-dc927b00239d,2026-07-18T18:00:00Z,2026-07-18T20:00:00+0200,0.0,MW,NL,NL,actual_offshore_wind_generation,Wind Offshore | Actual Consumption,2026-08-17T17:16:10Z
2026-08-17T17:12:16Z,2026-08-17T19:12:16+0200,f372a1fc-a0b6-48c3-b979-dc927b00239d,2026-07-18T18:15:00Z,2026-07-18T20:15:00+0200,2433.102,MW,NL,NL,actual_offshore_wind_generation,Wind Offshore | Actual Aggregated,2026-08-17T17:16:10Z
2026-08-17T17:12:16Z,2026-08-17T19:12:16+0200,f372a1fc-a0b6-48c3-b979-dc927b00239d,2026-07-18T18:15:00Z,2026-07-18T20:15:00+0200,0.0,MW,NL,NL,actual_offshore_wind_generation,Wind Offshore | Actual Consumption,2026-08-17T17:16:10Z
2026-08-17T17:12:16Z,2026-08-17T19:12:16+0200,f372a1fc-a0b6-48c3-b979-dc927b00239d,2026-07-18T18:30:00Z,2026-07-18T20:30:00+0200,2668.47,MW,NL,NL,actual_offshore_wind_generation,Wind Offshore | Actual Aggregated,2026-08-17T17:16:10Z
2026-08-17T17:12:16Z,2026-08-17T19:12:16+0200,f372a1fc-a0b6-48c3-b979-dc927b00239d,2026-07-18T18:30:00Z,2026-07-18T20:30:00+0200,0.0,MW,NL,NL,actual_offshore_wind_generation,Wind Offshore | Actual Consumption,2026-08-17T17:16:10Z
2026-08-17T17:12:16Z,2026-08-17T19:12:16+0200,f372a1fc-a0b6-48c3-b979-dc927b00239d,2026-07-18T18:45:00Z,2026-07-18T20:45:00+0200,2742.836,MW,NL,NL,actual_offshore_wind_generation,Wind Offshore | Actual Aggregated,2026-08-17T17:16:10Z
2026-08-17T17:12:16Z,2026-08-17T19:12:16+0200,f372a1fc-a0b6-48c3-b979-dc927b00239d,2026-07-18T18:45:00Z,2026-07-18T20:45:00+0200,0.0,MW,NL,NL,actual_offshore_wind_generation,Wind Offshore | Actual Consumption,2026-08-17T17:16:10Z
2026-08-17T17:12:16Z,2026-08-17T19:12:16+0200,f372a1fc-a0b6-48c3-b979-dc927b00239d,2026-07-18T19:00:00Z,2026-07-18T21:00:00+0200,2718.028,MW,NL,NL,actual_offshore_wind_generation,Wind Offshore | Actual Aggregated,2026-08-17T17:16:10Z
2026-08-17T17:12:16Z,2026-08-17T19:12:16+0200,f372a1fc-a0b6-48c3-b979-dc927b00239d,2026-07-18T19:00:00Z,2026-07-18T21:00:00+0200,0.0,MW,NL,NL,actual_offshore_wind_generation,Wind Offshore | Actual Consumption,2026-08-17T17:16:10Z
2026-08-17T17:12:16Z,2026-08-17T19:12:16+0200,f372a1fc-a0b6-48c3-b979-dc927b00239d,2026-07-18T19:15:00Z,2026-07-18T21:15:00+0200,2681.543,MW,NL,NL,actual_offshore_wind_generation,Wind Offshore | Actual Aggregated,2026-08-17T17:16:10Z
2026-08-17T17:12:16Z,2026-08-17T19:12:16+0200,f372a1fc-a0b6-48c3-b979-dc927b00239d,2026-07-18T19:15:00Z,2026-07-18T21:15:00+0200,0.0,MW,NL,NL,actual_offshore_wind_generation,Wind Offshore | Actual Consumption,2026-08-17T17:16:10Z
2026-08-17T17:12:16Z,2026-08-17T19:12:16+0200,f372a1fc-a0b6-48c3-b979-dc927b00239d,2026-07-18T19:30:00Z,2026-07-18T21:30:00+0200,2732.301,MW,NL,NL,actual_offshore_wind_generation,Wind Offshore | Actual Aggregated,2026-08-17T17:16:10Z
2026-08-17T17:12:16Z,2026-08-17T19:12:16+0200,f372a1fc-a0b6-48c3-b979-dc927b00239d,2026-07-18T19:30:00Z,2026-07-18T21:30:00+0200,0.0,MW,NL,NL,actual_offshore_wind_generation,Wind Offshore | Actual Consumption,2026-08-17T17:16:10Z
2026-08-17T17:12:16Z,2026-08-17T19:12:16+0200,f372a1fc-a0b6-48c3-b979-dc927b00239d,2026-07-18T19:45:00Z,2026-07-18T21:45:00+0200,2653.01,MW,NL,NL,actual_offshore_wind_generation,Wind Offshore | Actual Aggregated,2026-08-17T17:16:10Z
2026-08-17T17:12:16Z,2026-08-17T19:12:16+0200,f372a1fc-a0b6-48c3-b979-dc927b00239d,2026-07-18T19:45:00Z,2026-07-18T21:45:00+0200,0.0,MW,NL,NL,actual_offshore_wind_generation,Wind Offshore | Actual Consumption,2026-08-17T17:16:10Z
2026-08-17T17:12:16Z,2026-08-17T19:12:16+0200,f372a1fc-a0b6-48c3-b979-dc927b00239d,2026-07-18T20:00:00Z,2026-07-18T22:00:00+0200,2358.516,MW,NL,NL,actual_offshore_wind_generation,Wind Offshore | Actual Aggregated,2026-08-17T17:16:10Z
2026-08-17T17:12:16Z,2026-08-17T19:12:16+0200,f372a1fc-a0b6-48c3-b979-dc927b00239d,2026-07-18T20:00:00Z,2026-07-18T22:00:00+0200,0.0,MW,NL,NL,actual_offshore_wind_generation,Wind Offshore | Actual Consumption,2026-08-17T17:16:10Z
2026-08-17T17:12:16Z,2026-08-17T19:12:16+0200,f372a1fc-a0b6-48c3-b979-dc927b00239d,2026-07-18T20:15:00Z,2026-07-18T22:15:00+0200,2296.705,MW,NL,NL,actual_offshore_wind_generation,Wind Offshore | Actual Aggregated,2026-08-17T17:16:10Z
2026-08-17T17:12:16Z,2026-08-17T19:12:16+0200,f372a1fc-a0b6-48c3-b979-dc927b00239d,2026-07-18T20:15:00Z,2026-07-18T22:15:00+0200,0.0,MW,NL,NL,actual_offshore_wind_generation,Wind Offshore | Actual Consumption,2026-08-17T17:16:10Z
2026-08-17T17:12:16Z,2026-08-17T19:12:16+0200,f372a1fc-a0b6-48c3-b979-dc927b00239d,2026-07-18T20:30:00Z,2026-07-18T22:30:00+0200,2330.933,MW,NL,NL,actual_offshore_wind_generation,Wind Offshore | Actual Aggregated,2026-08-17T17:16:10Z
2026-08-17T17:12:16Z,2026-08-17T19:12:16+0200,f372a1fc-a0b6-48c3-b979-dc927b00239d,2026-07-18T20:30:00Z,2026-07-18T22:30:00+0200,0.0,MW,NL,NL,actual_offshore_wind_generation,Wind Offshore | Actual Consumption,2026-08-17T17:16:10Z
2026-08-17T17:12:16Z,2026-08-17T19:12:16+0200,f372a1fc-a0b6-48c3-b979-dc927b00239d,2026-07-18T20:45:00Z,2026-07-18T22:45:00+0200,2549.15,MW,NL,NL,actual_offshore_wind_generation,Wind Offshore | Actual Aggregated,2026-08-17T17:16:10Z
2026-08-17T17:12:16Z,2026-08-17T19:12:16+0200,f372a1fc-a0b6-48c3-b979-dc927b00239d,2026-07-18T20:45:00Z,2026-07-18T22:45:00+0200,0.0,MW,NL,NL,actual_offshore_wind_generation,Wind Offshore | Actual Consumption,2026-08-17T17:16:10Z
2026-08-17T17:12:16Z,2026-08-17T19:12:16+0200,f372a1fc-a0b6-48c3-b979-dc927b00239d,2026-07-18T21:00:00Z,2026-07-18T23:00:00+0200,2679.201,MW,NL,NL,actual_offshore_wind_generation,Wind Offshore | Actual Aggregated,2026-08-17T17:16:10Z
2026-08-17T17:12:16Z,2026-08-17T19:12:16+0200,f372a1fc-a0b6-48c3-b979-dc927b00239d,2026-07-18T21:00:00Z,2026-07-18T23:00:00+0200,0.0,MW,NL,NL,actual_offshore_wind_generation,Wind Offshore | Actual Consumption,2026-08-17T17:16:10Z
2026-08-17T17:12:16Z,2026-08-17T19:12:16+0200,f372a1fc-a0b6-48c3-b979-dc927b00239d,2026-07-18T21:15:00Z,2026-07-18T23:15:00+0200,2771.436,MW,NL,NL,actual_offshore_wind_generation,Wind Offshore | Actual Aggregated,2026-08-17T17:16:10Z
2026-08-17T17:12:16Z,2026-08-17T19:12:16+0200,f372a1fc-a0b6-48c3-b979-dc927b00239d,2026-07-18T21:15:00Z,2026-07-18T23:15:00+0200,0.0,MW,NL,NL,actual_offshore_wind_generation,Wind Offshore | Actual Consumption,2026-08-17T17:16:10Z
2026-08-17T17:12:16Z,2026-08-17T19:12:16+0200,f372a1fc-a0b6-48c3-b979-dc927b00239d,2026-07-18T21:30:00Z,2026-07-18T23:30:00+0200,2804.557,MW,NL,NL,actual_offshore_wind_generation,Wind Offshore | Actual Aggregated,2026-08-17T17:16:10Z
2026-08-17T17:12:16Z,2026-08-17T19:12:16+0200,f372a1fc-a0b6-48c3-b979-dc927b00239d,2026-07-18T21:30:00Z,2026-07-18T23:30:00+0200,0.0,MW,NL,NL,actual_offshore_wind_generation,Wind Offshore | Actual Consumption,2026-08-17T17:16:10Z
2026-08-17T17:12:16Z,2026-08-17T19:12:16+0200,f372a1fc-a0b6-48c3-b979-dc927b00239d,2026-07-18T21:45:00Z,2026-07-18T23:45:00+0200,2975.03,MW,NL,NL,actual_offshore_wind_generation,Wind Offshore | Actual Aggregated,2026-08-17T17:16:10Z
2026-08-17T17:12:16Z,2026-08-17T19:12:16+0200,f372a1fc-a0b6-48c3-b979-dc927b00239d,2026-07-18T21:45:00Z,2026-07-18T23:45:00+0200,0.0,MW,NL,NL,actual_offshore_wind_generation,Wind Offshore | Actual Consumption,2026-08-17T17:16:10Z
2026-08-17T17:12:16Z,2026-08-17T19:12:16+0200,f372a1fc-a0b6-48c3-b979-dc927b00239d,2026-07-18T22:00:00Z,2026-07-19T00:00:00+0200,3068.515,MW,NL,NL,actual_offshore_wind_generation,Wind Offshore | Actual Aggregated,2026-08-17T17:16:10Z
2026-08-17T17:12:16Z,2026-08-17T19:12:16+0200,f372a1fc-a0b6-48c3-b979-dc927b00239d,2026-07-18T22:00:00Z,2026-07-19T00:00:00+0200,0.0,MW,NL,NL,actual_offshore_wind_generation,Wind Offshore | Actual Consumption,2026-08-17T17:16:10Z
2026-08-17T17:12:16Z,2026-08-17T19:12:16+0200,f372a1fc-a0b6-48c3-b979-dc927b00239d,2026-07-18T22:15:00Z,2026-07-19T00:15:00+0200,3039.67,MW,NL,NL,actual_offshore_wind_generation,Wind Offshore | Actual Aggregated,2026-08-17T17:16:10Z
2026-08-17T17:12:16Z,2026-08-17T19:12:16+0200,f372a1fc-a0b6-48c3-b979-dc927b00239d,2026-07-18T22:15:00Z,2026-07-19T00:15:00+0200,0.0,MW,NL,NL,actual_offshore_wind_generation,Wind Offshore | Actual Consumption,2026-08-17T17:16:10Z
2026-08-17T17:12:16Z,2026-08-17T19:12:16+0200,f372a1fc-a0b6-48c3-b979-dc927b00239d,2026-07-18T22:30:00Z,2026-07-19T00:30:00+0200,3045.794,MW,NL,NL,actual_offshore_wind_generation,Wind Offshore | Actual Aggregated,2026-08-17T17:16:10Z
2026-08-17T17:12:16Z,2026-08-17T19:12:16+0200,f372a1fc-a0b6-48c3-b979-dc927b00239d,2026-07-18T22:30:00Z,2026-07-19T00:30:00+0200,0.0,MW,NL,NL,actual_offshore_wind_generation,Wind Offshore | Actual Consumption,2026-08-17T17:16:10Z
2026-08-17T17:12:16Z,2026-08-17T19:12:16+0200,f372a1fc-a0b6-48c3-b979-dc927b00239d,2026-07-18T22:45:00Z,2026-07-19T00:45:00+0200,3004.018,MW,NL,NL,actual_offshore_wind_generation,Wind Offshore | Actual Aggregated,2026-08-17T17:16:10Z
2026-08-17T17:12:16Z,2026-08-17T19:12:16+0200,f372a1fc-a0b6-48c3-b979-dc927b00239d,2026-07-18T22:45:00Z,2026-07-19T00:45:00+0200,0.0,MW,NL,NL,actual_offshore_wind_generation,Wind Offshore | Actual Consumption,2026-08-17T17:16:10Z
2026-08-17T17:12:16Z,2026-08-17T19:12:16+0200,f372a1fc-a0b6-48c3-b979-dc927b00239d,2026-07-18T23:00:00Z,2026-07-19T01:00:00+0200,3041.131,MW,NL,NL,actual_offshore_wind_generation,Wind Offshore | Actual Aggregated,2026-08-17T17:16:10Z
2026-08-17T17:12:16Z,2026-08-17T19:12:16+0200,f372a1fc-a0b6-48c3-b979-dc927b00239d,2026-07-18T23:00:00Z,2026-07-19T01:00:00+0200,0.0,MW,NL,NL,actual_offshore_wind_generation,Wind Offshore | Actual Consumption,2026-08-17T17:16:10Z
2026-08-17T17:12:16Z,2026-08-17T19:12:16+0200,f372a1fc-a0b6-48c3-b979-dc927b00239d,2026-07-18T23:15:00Z,2026-07-19T01:15:00+0200,2979.564,MW,NL,NL,actual_offshore_wind_generation,Wind Offshore | Actual Aggregated,2026-08-17T17:16:10Z
2026-08-17T17:12:16Z,2026-08-17T19:12:16+0200,f372a1fc-a0b6-48c3-b979-dc927b00239d,2026-07-18T23:15:00Z,2026-07-19T01:15:00+0200,0.0,MW,NL,NL,actual_offshore_wind_generation,Wind Offshore | Actual Consumption,2026-08-17T17:16:10Z
2026-08-17T17:12:16Z,2026-08-17T19:12:16+0200,f372a1fc-a0b6-48c3-b979-dc927b00239d,2026-07-18T23:30:00Z,2026-07-19T01:30:00+0200,2960.485,MW,NL,NL,actual_offshore_wind_generation,Wind Offshore | Actual Aggregated,2026-08-17T17:16:10Z
2026-08-17T17:12:16Z,2026-08-17T19:12:16+0200,f372a1fc-a0b6-48c3-b979-dc927b00239d,2026-07-18T23:30:00Z,2026-07-19T01:30:00+0200,0.0,MW,NL,NL,actual_offshore_wind_generation,Wind Offshore | Actual Consumption,2026-08-17T17:16:10Z
2026-08-17T17:12:16Z,2026-08-17T19:12:16+0200,f372a1fc-a0b6-48c3-b979-dc927b00239d,2026-07-18T23:45:00Z,2026-07-19T01:45:00+0200,3096.251,MW,NL,NL,actual_offshore_wind_generation,Wind Offshore | Actual Aggregated,2026-08-17T17:16:10Z
2026-08-17T17:12:16Z,2026-08-17T19:12:16+0200,f372a1fc-a0b6-48c3-b979-dc927b00239d,2026-07-18T23:45:00Z,2026-07-19T01:45:00+0200,0.0,MW,NL,NL,actual_offshore_wind_generation,Wind Offshore | Actual Consumption,2026-08-17T17:16:10Z
2026-08-17T17:12:16Z,2026-08-17T19:12:16+0200,f372a1fc-a0b6-48c3-b979-dc927b00239d,2026-07-19T00:00:00Z,2026-07-19T02:00:00+0200,3055.218,MW,NL,NL,actual_offshore_wind_generation,Wind Offshore | Actual Aggregated,2026-08-17T17:16:10Z
2026-08-17T17:12:16Z,2026-08-17T19:12:16+0200,f372a1fc-a0b6-48c3-b979-dc927b00239d,2026-07-19T00:00:00Z,2026-07-19T02:00:00+0200,0.0,MW,NL,NL,actual_offshore_wind_generation,Wind Offshore | Actual Consumption,2026-08-17T17:16:10Z
2026-08-17T17:12:16Z,2026-08-17T19:12:16+0200,f372a1fc-a0b6-48c3-b979-dc927b00239d,2026-07-19T00:15:00Z,2026-07-19T02:15:00+0200,3137.398,MW,NL,NL,actual_offshore_wind_generation,Wind Offshore | Actual Aggregated,2026-08-17T17:16:10Z
2026-08-17T17:12:16Z,2026-08-17T19:12:16+0200,f372a1fc-a0b6-48c3-b979-dc927b00239d,2026-07-19T00:15:00Z,2026-07-19T02:15:00+0200,0.0,MW,NL,NL,actual_offshore_wind_generation,Wind Offshore | Actual Consumption,2026-08-17T17:16:10Z
2026-08-17T17:12:16Z,2026-08-17T19:12:16+0200,f372a1fc-a0b6-48c3-b979-dc927b00239d,2026-07-19T00:30:00Z,2026-07-19T02:30:00+0200,2953.607,MW,NL,NL,actual_offshore_wind_generation,Wind Offshore | Actual Aggregated,2026-08-17T17:16:10Z
2026-08-17T17:12:16Z,2026-08-17T19:12:16+0200,f372a1fc-a0b6-48c3-b979-dc927b00239d,2026-07-19T00:30:00Z,2026-07-19T02:30:00+0200,0.0,MW,NL,NL,actual_offshore_wind_generation,Wind Offshore | Actual Consumption,2026-08-17T17:16:10Z
2026-08-17T17:12:16Z,2026-08-17T19:12:16+0200,f372a1fc-a0b6-48c3-b979-dc927b00239d,2026-07-19T00:45:00Z,2026-07-19T02:45:00+0200,2833.712,MW,NL,NL,actual_offshore_wind_generation,Wind Offshore | Actual Aggregated,2026-08-17T17:16:10Z
2026-08-17T17:12:16Z,2026-08-17T19:12:16+0200,f372a1fc-a0b6-48c3-b979-dc927b00239d,2026-07-19T00:45:00Z,2026-07-19T02:45:00+0200,0.0,MW,NL,NL,actual_offshore_wind_generation,Wind Offshore | Actual Consumption,2026-08-17T17:16:10Z
2026-08-17T17:12:16Z,2026-08-17T19:12:16+0200,f372a1fc-a0b6-48c3-b979-dc927b00239d,2026-07-19T01:00:00Z,2026-07-19T03:00:00+0200,2880.525,MW,NL,NL,actual_offshore_wind_generation,Wind Offshore | Actual Aggregated,2026-08-17T17:16:10Z
2026-08-17T17:12:16Z,2026-08-17T19:12:16+0200,f372a1fc-a0b6-48c3-b979-dc927b00239d,2026-07-19T01:00:00Z,2026-07-19T03:00:00+0200,0.0,MW,NL,NL,actual_offshore_wind_generation,Wind Offshore | Actual Consumption,2026-08-17T17:16:10Z
2026-08-17T17:12:16Z,2026-08-17T19:12:16+0200,f372a1fc-a0b6-48c3-b979-dc927b00239d,2026-07-19T01:15:00Z,2026-07-19T03:15:00+0200,2889.927,MW,NL,NL,actual_offshore_wind_generation,Wind Offshore | Actual Aggregated,2026-08-17T17:16:10Z
2026-08-17T17:12:16Z,2026-08-17T19:12:16+0200,f372a1fc-a0b6-48c3-b979-dc927b00239d,2026-07-19T01:15:00Z,2026-07-19T03:15:00+0200,0.0,MW,NL,NL,actual_offshore_wind_generation,Wind Offshore | Actual Consumption,2026-08-17T17:16:10Z
2026-08-17T17:12:16Z,2026-08-17T19:12:16+0200,f372a1fc-a0b6-48c3-b979-dc927b00239d,2026-07-19T01:30:00Z,2026-07-19T03:30:00+0200,2836.329,MW,NL,NL,actual_offshore_wind_generation,Wind Offshore | Actual Aggregated,2026-08-17T17:16:10Z
2026-08-17T17:12:16Z,2026-08-17T19:12:16+0200,f372a1fc-a0b6-48c3-b979-dc927b00239d,2026-07-19T01:30:00Z,2026-07-19T03:30:00+0200,0.0,MW,NL,NL,actual_offshore_wind_generation,Wind Offshore | Actual Consumption,2026-08-17T17:16:10Z
2026-08-17T17:12:16Z,2026-08-17T19:12:16+0200,f372a1fc-a0b6-48c3-b979-dc927b00239d,2026-07-19T01:45:00Z,2026-07-19T03:45:00+0200,2907.708,MW,NL,NL,actual_offshore_wind_generation,Wind Offshore | Actual Aggregated,2026-08-17T17:16:10Z
2026-08-17T17:12:16Z,2026-08-17T19:12:16+0200,f372a1fc-a0b6-48c3-b979-dc927b00239d,2026-07-19T01:45:00Z,2026-07-19T03:45:00+0200,0.0,MW,NL,NL,actual_offshore_wind_generation,Wind Offshore | Actual Consumption,2026-08-17T17:16:10Z
2026-08-17T17:12:16Z,2026-08-17T19:12:16+0200,f372a1fc-a0b6-48c3-b979-dc927b00239d,2026-07-19T02:00:00Z,2026-07-19T04:00:00+0200,2713.99,MW,NL,NL,actual_offshore_wind_generation,Wind Offshore | Actual Aggregated,2026-08-17T17:16:10Z
2026-08-17T17:12:16Z,2026-08-17T19:12:16+0200,f372a1fc-a0b6-48c3-b979-dc927b00239d,2026-07-19T02:00:00Z,2026-07-19T04:00:00+0200,0.0,MW,NL,NL,actual_offshore_wind_generation,Wind Offshore | Actual Consumption,2026-08-17T17:16:10Z
2026-08-17T17:12:16Z,2026-08-17T19:12:16+0200,f372a1fc-a0b6-48c3-b979-dc927b00239d,2026-07-19T02:15:00Z,2026-07-19T04:15:00+0200,2778.067,MW,NL,NL,actual_offshore_wind_generation,Wind Offshore | Actual Aggregated,2026-08-17T17:16:10Z
2026-08-17T17:12:16Z,2026-08-17T19:12:16+0200,f372a1fc-a0b6-48c3-b979-dc927b00239d,2026-07-19T02:15:00Z,2026-07-19T04:15:00+0200,0.0,MW,NL,NL,actual_offshore_wind_generation,Wind Offshore | Actual Consumption,2026-08-17T17:16:10Z
2026-08-17T17:12:16Z,2026-08-17T19:12:16+0200,f372a1fc-a0b6-48c3-b979-dc927b00239d,2026-07-19T02:30:00Z,2026-07-19T04:30:00+0200,2856.786,MW,NL,NL,actual_offshore_wind_generation,Wind Offshore | Actual Aggregated,2026-08-17T17:16:10Z
2026-08-17T17:12:16Z,2026-08-17T19:12:16+0200,f372a1fc-a0b6-48c3-b979-dc927b00239d,2026-07-19T02:30:00Z,2026-07-19T04:30:00+0200,0.0,MW,NL,NL,actual_offshore_wind_generation,Wind Offshore | Actual Consumption,2026-08-17T17:16:10Z
2026-08-17T17:12:16Z,2026-08-17T19:12:16+0200,f372a1fc-a0b6-48c3-b979-dc927b00239d,2026-07-19T02:45:00Z,2026-07-19T04:45:00+0200,2825.307,MW,NL,NL,actual_offshore_wind_generation,Wind Offshore | Actual Aggregated,2026-08-17T17:16:10Z
2026-08-17T17:12:16Z,2026-08-17T19:12:16+0200,f372a1fc-a0b6-48c3-b979-dc927b00239d,2026-07-19T02:45:00Z,2026-07-19T04:45:00+0200,0.0,MW,NL,NL,actual_offshore_wind_generation,Wind Offshore | Actual Consumption,2026-08-17T17:16:10Z
2026-08-17T17:12:16Z,2026-08-17T19:12:16+0200,f372a1fc-a0b6-48c3-b979-dc927b00239d,2026-07-19T03:00:00Z,2026-07-19T05:00:00+0200,2800.17,MW,NL,NL,actual_offshore_wind_generation,Wind Offshore | Actual Aggregated,2026-08-17T17:16:10Z
2026-08-17T17:12:16Z,2026-08-17T19:12:16+0200,f372a1fc-a0b6-48c3-b979-dc927b00239d,2026-07-19T03:00:00Z,2026-07-19T05:00:00+0200,0.0,MW,NL,NL,actual_offshore_wind_generation,Wind Offshore | Actual Consumption,2026-08-17T17:16:10Z
2026-08-17T17:12:16Z,2026-08-17T19:12:16+0200,f372a1fc-a0b6-48c3-b979-dc927b00239d,2026-07-19T03:15:00Z,2026-07-19T05:15:00+0200,2763.224,MW,NL,NL,actual_offshore_wind_generation,Wind Offshore | Actual Aggregated,2026-08-17T17:16:10Z
2026-08-17T17:12:16Z,2026-08-17T19:12:16+0200,f372a1fc-a0b6-48c3-b979-dc927b00239d,2026-07-19T03:15:00Z,2026-07-19T05:15:00+0200,0.0,MW,NL,NL,actual_offshore_wind_generation,Wind Offshore | Actual Consumption,2026-08-17T17:16:10Z
2026-08-17T17:12:16Z,2026-08-17T19:12:16+0200,f372a1fc-a0b6-48c3-b979-dc927b00239d,2026-07-19T03:30:00Z,2026-07-19T05:30:00+0200,2759.278,MW,NL,NL,actual_offshore_wind_generation,Wind Offshore | Actual Aggregated,2026-08-17T17:16:10Z
2026-08-17T17:12:16Z,2026-08-17T19:12:16+0200,f372a1fc-a0b6-48c3-b979-dc927b00239d,2026-07-19T03:30:00Z,2026-07-19T05:30:00+0200,0.0,MW,NL,NL,actual_offshore_wind_generation,Wind Offshore | Actual Consumption,2026-08-17T17:16:10Z
2026-08-17T17:12:16Z,2026-08-17T19:12:16+0200,f372a1fc-a0b6-48c3-b979-dc927b00239d,2026-07-19T03:45:00Z,2026-07-19T05:45:00+0200,2764.606,MW,NL,NL,actual_offshore_wind_generation,Wind Offshore | Actual Aggregated,2026-08-17T17:16:10Z
2026-08-17T17:12:16Z,2026-08-17T19:12:16+0200,f372a1fc-a0b6-48c3-b979-dc927b00239d,2026-07-19T03:45:00Z,2026-07-19T05:45:00+0200,0.0,MW,NL,NL,actual_offshore_wind_generation,Wind Offshore | Actual Consumption,2026-08-17T17:16:10Z
2026-08-17T17:12:16Z,2026-08-17T19:12:16+0200,f372a1fc-a0b6-48c3-b979-dc927b00239d,2026-07-19T04:00:00Z,2026-07-19T06:00:00+0200,2962.636,MW,NL,NL,actual_offshore_wind_generation,Wind Offshore | Actual Aggregated,2026-08-17T17:16:10Z
2026-08-17T17:12:16Z,2026-08-17T19:12:16+0200,f372a1fc-a0b6-48c3-b979-dc927b00239d,2026-07-19T04:00:00Z,2026-07-19T06:00:00+0200,0.0,MW,NL,NL,actual_offshore_wind_generation,Wind Offshore | Actual Consumption,2026-08-17T17:16:10Z
2026-08-17T17:12:16Z,2026-08-17T19:12:16+0200,f372a1fc-a0b6-48c3-b979-dc927b00239d,2026-07-19T04:15:00Z,2026-07-19T06:15:00+0200,3196.256,MW,NL,NL,actual_offshore_wind_generation,Wind Offshore | Actual Aggregated,2026-08-17T17:16:10Z
2026-08-17T17:12:16Z,2026-08-17T19:12:16+0200,f372a1fc-a0b6-48c3-b979-dc927b00239d,2026-07-19T04:15:00Z,2026-07-19T06:15:00+0200,0.0,MW,NL,NL,actual_offshore_wind_generation,Wind Offshore | Actual Consumption,2026-08-17T17:16:10Z
2026-08-17T17:12:16Z,2026-08-17T19:12:16+0200,f372a1fc-a0b6-48c3-b979-dc927b00239d,2026-07-19T04:30:00Z,2026-07-19T06:30:00+0200,3105.632,MW,NL,NL,actual_offshore_wind_generation,Wind Offshore | Actual Aggregated,2026-08-17T17:16:10Z
2026-08-17T17:12:16Z,2026-08-17T19:12:16+0200,f372a1fc-a0b6-48c3-b979-dc927b00239d,2026-07-19T04:30:00Z,2026-07-19T06:30:00+0200,0.0,MW,NL,NL,actual_offshore_wind_generation,Wind Offshore | Actual Consumption,2026-08-17T17:16:10Z
2026-08-17T17:12:16Z,2026-08-17T19:12:16+0200,f372a1fc-a0b6-48c3-b979-dc927b00239d,2026-07-19T04:45:00Z,2026-07-19T06:45:00+0200,2800.896,MW,NL,NL,actual_offshore_wind_generation,Wind Offshore | Actual Aggregated,2026-08-17T17:16:10Z
2026-08-17T17:12:16Z,2026-08-17T19:12:16+0200,f372a1fc-a0b6-48c3-b979-dc927b00239d,2026-07-19T04:45:00Z,2026-07-19T06:45:00+0200,0.0,MW,NL,NL,actual_offshore_wind_generation,Wind Offshore | Actual Consumption,2026-08-17T17:16:10Z
2026-08-17T17:12:16Z,2026-08-17T19:12:16+0200,f372a1fc-a0b6-48c3-b979-dc927b00239d,2026-07-19T05:00:00Z,2026-07-19T07:00:00+0200,2786.048,MW,NL,NL,actual_offshore_wind_generation,Wind Offshore | Actual Aggregated,2026-08-17T17:16:10Z
2026-08-17T17:12:16Z,2026-08-17T19:12:16+0200,f372a1fc-a0b6-48c3-b979-dc927b00239d,2026-07-19T05:00:00Z,2026-07-19T07:00:00+0200,0.0,MW,NL,NL,actual_offshore_wind_generation,Wind Offshore | Actual Consumption,2026-08-17T17:16:10Z
2026-08-17T17:12:16Z,2026-08-17T19:12:16+0200,f372a1fc-a0b6-48c3-b979-dc927b00239d,2026-07-19T05:15:00Z,2026-07-19T07:15:00+0200,2825.902,MW,NL,NL,actual_offshore_wind_generation,Wind Offshore | Actual Aggregated,2026-08-17T17:16:10Z
2026-08-17T17:12:16Z,2026-08-17T19:12:16+0200,f372a1fc-a0b6-48c3-b979-dc927b00239d,2026-07-19T05:15:00Z,2026-07-19T07:15:00+0200,0.0,MW,NL,NL,actual_offshore_wind_generation,Wind Offshore | Actual Consumption,2026-08-17T17:16:10Z
2026-08-17T17:12:16Z,2026-08-17T19:12:16+0200,f372a1fc-a0b6-48c3-b979-dc927b00239d,2026-07-19T05:30:00Z,2026-07-19T07:30:00+0200,2746.719,MW,NL,NL,actual_offshore_wind_generation,Wind Offshore | Actual Aggregated,2026-08-17T17:16:10Z
2026-08-17T17:12:16Z,2026-08-17T19:12:16+0200,f372a1fc-a0b6-48c3-b979-dc927b00239d,2026-07-19T05:30:00Z,2026-07-19T07:30:00+0200,0.0,MW,NL,NL,actual_offshore_wind_generation,Wind Offshore | Actual Consumption,2026-08-17T17:16:10Z
2026-08-17T17:12:16Z,2026-08-17T19:12:16+0200,f372a1fc-a0b6-48c3-b979-dc927b00239d,2026-07-19T05:45:00Z,2026-07-19T07:45:00+0200,2418.797,MW,NL,NL,actual_offshore_wind_generation,Wind Offshore | Actual Aggregated,2026-08-17T17:16:10Z
2026-08-17T17:12:16Z,2026-08-17T19:12:16+0200,f372a1fc-a0b6-48c3-b979-dc927b00239d,2026-07-19T05:45:00Z,2026-07-19T07:45:00+0200,0.0,MW,NL,NL,actual_offshore_wind_generation,Wind Offshore | Actual Consumption,2026-08-17T17:16:10Z
2026-08-17T17:12:16Z,2026-08-17T19:12:16+0200,f372a1fc-a0b6-48c3-b979-dc927b00239d,2026-07-19T06:00:00Z,2026-07-19T08:00:00+0200,2420.394,MW,NL,NL,actual_offshore_wind_generation,Wind Offshore | Actual Aggregated,2026-08-17T17:16:10Z
2026-08-17T17:12:16Z,2026-08-17T19:12:16+0200,f372a1fc-a0b6-48c3-b979-dc927b00239d,2026-07-19T06:00:00Z,2026-07-19T08:00:00+0200,0.0,MW,NL,NL,actual_offshore_wind_generation,Wind Offshore | Actual Consumption,2026-08-17T17:16:10Z
2026-08-17T17:12:16Z,2026-08-17T19:12:16+0200,f372a1fc-a0b6-48c3-b979-dc927b00239d,2026-07-19T06:15:00Z,2026-07-19T08:15:00+0200,2322.839,MW,NL,NL,actual_offshore_wind_generation,Wind Offshore | Actual Aggregated,2026-08-17T17:16:10Z
2026-08-17T17:12:16Z,2026-08-17T19:12:16+0200,f372a1fc-a0b6-48c3-b979-dc927b00239d,2026-07-19T06:15:00Z,2026-07-19T08:15:00+0200,0.0,MW,NL,NL,actual_offshore_wind_generation,Wind Offshore | Actual Consumption,2026-08-17T17:16:10Z
2026-08-17T17:12:16Z,2026-08-17T19:12:16+0200,f372a1fc-a0b6-48c3-b979-dc927b00239d,2026-07-19T06:30:00Z,2026-07-19T08:30:00+0200,2267.297,MW,NL,NL,actual_offshore_wind_generation,Wind Offshore | Actual Aggregated,2026-08-17T17:16:10Z
2026-08-17T17:12:16Z,2026-08-17T19:12:16+0200,f372a1fc-a0b6-48c3-b979-dc927b00239d,2026-07-19T06:30:00Z,2026-07-19T08:30:00+0200,0.0,MW,NL,NL,actual_offshore_wind_generation,Wind Offshore | Actual Consumption,2026-08-17T17:16:10Z
2026-08-17T17:12:16Z,2026-08-17T19:12:16+0200,f372a1fc-a0b6-48c3-b979-dc927b00239d,2026-07-19T06:45:00Z,2026-07-19T08:45:00+0200,2142.238,MW,NL,NL,actual_offshore_wind_generation,Wind Offshore | Actual Aggregated,2026-08-17T17:16:10Z
2026-08-17T17:12:16Z,2026-08-17T19:12:16+0200,f372a1fc-a0b6-48c3-b979-dc927b00239d,2026-07-19T06:45:00Z,2026-07-19T08:45:00+0200,0.0,MW,NL,NL,actual_offshore_wind_generation,Wind Offshore | Actual Consumption,2026-08-17T17:16:10Z
2026-08-17T17:12:16Z,2026-08-17T19:12:16+0200,f372a1fc-a0b6-48c3-b979-dc927b00239d,2026-07-19T07:00:00Z,2026-07-19T09:00:00+0200,2111.027,MW,NL,NL,actual_offshore_wind_generation,Wind Offshore | Actual Aggregated,2026-08-17T17:16:10Z
2026-08-17T17:12:16Z,2026-08-17T19:12:16+0200,f372a1fc-a0b6-48c3-b979-dc927b00239d,2026-07-19T07:00:00Z,2026-07-19T09:00:00+0200,0.0,MW,NL,NL,actual_offshore_wind_generation,Wind Offshore | Actual Consumption,2026-08-17T17:16:10Z
2026-08-17T17:12:16Z,2026-08-17T19:12:16+0200,f372a1fc-a0b6-48c3-b979-dc927b00239d,2026-07-19T07:15:00Z,2026-07-19T09:15:00+0200,2216.866,MW,NL,NL,actual_offshore_wind_generation,Wind Offshore | Actual Aggregated,2026-08-17T17:16:10Z
2026-08-17T17:12:16Z,2026-08-17T19:12:16+0200,f372a1fc-a0b6-48c3-b979-dc927b00239d,2026-07-19T07:15:00Z,2026-07-19T09:15:00+0200,0.0,MW,NL,NL,actual_offshore_wind_generation,Wind Offshore | Actual Consumption,2026-08-17T17:16:10Z
2026-08-17T17:12:16Z,2026-08-17T19:12:16+0200,f372a1fc-a0b6-48c3-b979-dc927b00239d,2026-07-19T07:30:00Z,2026-07-19T09:30:00+0200,2295.909,MW,NL,NL,actual_offshore_wind_generation,Wind Offshore | Actual Aggregated,2026-08-17T17:16:10Z
2026-08-17T17:12:16Z,2026-08-17T19:12:16+0200,f372a1fc-a0b6-48c3-b979-dc927b00239d,2026-07-19T07:30:00Z,2026-07-19T09:30:00+0200,0.0,MW,NL,NL,actual_offshore_wind_generation,Wind Offshore | Actual Consumption,2026-08-17T17:16:10Z
2026-08-17T17:12:16Z,2026-08-17T19:12:16+0200,f372a1fc-a0b6-48c3-b979-dc927b00239d,2026-07-19T07:45:00Z,2026-07-19T09:45:00+0200,2239.95,MW,NL,NL,actual_offshore_wind_generation,Wind Offshore | Actual Aggregated,2026-08-17T17:16:10Z
2026-08-17T17:12:16Z,2026-08-17T19:12:16+0200,f372a1fc-a0b6-48c3-b979-dc927b00239d,2026-07-19T07:45:00Z,2026-07-19T09:45:00+0200,0.0,MW,NL,NL,actual_offshore_wind_generation,Wind Offshore | Actual Consumption,2026-08-17T17:16:10Z
2026-08-17T17:12:16Z,2026-08-17T19:12:16+0200,f372a1fc-a0b6-48c3-b979-dc927b00239d,2026-07-19T08:00:00Z,2026-07-19T10:00:00+0200,2121.215,MW,NL,NL,actual_offshore_wind_generation,Wind Offshore | Actual Aggregated,2026-08-17T17:16:10Z
2026-08-17T17:12:16Z,2026-08-17T19:12:16+0200,f372a1fc-a0b6-48c3-b979-dc927b00239d,2026-07-19T08:00:00Z,2026-07-19T10:00:00+0200,0.0,MW,NL,NL,actual_offshore_wind_generation,Wind Offshore | Actual Consumption,2026-08-17T17:16:10Z
2026-08-17T17:12:16Z,2026-08-17T19:12:16+0200,f372a1fc-a0b6-48c3-b979-dc927b00239d,2026-07-19T08:15:00Z,2026-07-19T10:15:00+0200,2025.121,MW,NL,NL,actual_offshore_wind_generation,Wind Offshore | Actual Aggregated,2026-08-17T17:16:10Z
2026-08-17T17:12:16Z,2026-08-17T19:12:16+0200,f372a1fc-a0b6-48c3-b979-dc927b00239d,2026-07-19T08:15:00Z,2026-07-19T10:15:00+0200,0.0,MW,NL,NL,actual_offshore_wind_generation,Wind Offshore | Actual Consumption,2026-08-17T17:16:10Z
2026-08-17T17:12:16Z,2026-08-17T19:12:16+0200,f372a1fc-a0b6-48c3-b979-dc927b00239d,2026-07-19T08:30:00Z,2026-07-19T10:30:00+0200,1510.521,MW,NL,NL,actual_offshore_wind_generation,Wind Offshore | Actual Aggregated,2026-08-17T17:16:10Z
2026-08-17T17:12:16Z,2026-08-17T19:12:16+0200,f372a1fc-a0b6-48c3-b979-dc927b00239d,2026-07-19T08:30:00Z,2026-07-19T10:30:00+0200,0.0,MW,NL,NL,actual_offshore_wind_generation,Wind Offshore | Actual Consumption,2026-08-17T17:16:10Z
2026-08-17T17:12:16Z,2026-08-17T19:12:16+0200,f372a1fc-a0b6-48c3-b979-dc927b00239d,2026-07-19T08:45:00Z,2026-07-19T10:45:00+0200,1558.379,MW,NL,NL,actual_offshore_wind_generation,Wind Offshore | Actual Aggregated,2026-08-17T17:16:10Z
2026-08-17T17:12:16Z,2026-08-17T19:12:16+0200,f372a1fc-a0b6-48c3-b979-dc927b00239d,2026-07-19T08:45:00Z,2026-07-19T10:45:00+0200,0.0,MW,NL,NL,actual_offshore_wind_generation,Wind Offshore | Actual Consumption,2026-08-17T17:16:10Z
2026-08-17T17:12:16Z,2026-08-17T19:12:16+0200,f372a1fc-a0b6-48c3-b979-dc927b00239d,2026-07-19T09:00:00Z,2026-07-19T11:00:00+0200,2069.718,MW,NL,NL,actual_offshore_wind_generation,Wind Offshore | Actual Aggregated,2026-08-17T17:16:10Z
2026-08-17T17:12:16Z,2026-08-17T19:12:16+0200,f372a1fc-a0b6-48c3-b979-dc927b00239d,2026-07-19T09:00:00Z,2026-07-19T11:00:00+0200,0.0,MW,NL,NL,actual_offshore_wind_generation,Wind Offshore | Actual Consumption,2026-08-17T17:16:10Z
2026-08-17T17:12:16Z,2026-08-17T19:12:16+0200,f372a1fc-a0b6-48c3-b979-dc927b00239d,2026-07-19T09:15:00Z,2026-07-19T11:15:00+0200,2060.443,MW,NL,NL,actual_offshore_wind_generation,Wind Offshore | Actual Aggregated,2026-08-17T17:16:10Z
2026-08-17T17:12:16Z,2026-08-17T19:12:16+0200,f372a1fc-a0b6-48c3-b979-dc927b00239d,2026-07-19T09:15:00Z,2026-07-19T11:15:00+0200,0.0,MW,NL,NL,actual_offshore_wind_generation,Wind Offshore | Actual Consumption,2026-08-17T17:16:10Z
2026-08-17T17:12:16Z,2026-08-17T19:12:16+0200,f372a1fc-a0b6-48c3-b979-dc927b00239d,2026-07-19T09:30:00Z,2026-07-19T11:30:00+0200,2045.863,MW,NL,NL,actual_offshore_wind_generation,Wind Offshore | Actual Aggregated,2026-08-17T17:16:10Z
2026-08-17T17:12:16Z,2026-08-17T19:12:16+0200,f372a1fc-a0b6-48c3-b979-dc927b00239d,2026-07-19T09:30:00Z,2026-07-19T11:30:00+0200,0.0,MW,NL,NL,actual_offshore_wind_generation,Wind Offshore | Actual Consumption,2026-08-17T17:16:10Z
2026-08-17T17:12:16Z,2026-08-17T19:12:16+0200,f372a1fc-a0b6-48c3-b979-dc927b00239d,2026-07-19T09:45:00Z,2026-07-19T11:45:00+0200,2029.921,MW,NL,NL,actual_offshore_wind_generation,Wind Offshore | Actual Aggregated,2026-08-17T17:16:10Z
2026-08-17T17:12:16Z,2026-08-17T19:12:16+0200,f372a1fc-a0b6-48c3-b979-dc927b00239d,2026-07-19T09:45:00Z,2026-07-19T11:45:00+0200,0.0,MW,NL,NL,actual_offshore_wind_generation,Wind Offshore | Actual Consumption,2026-08-17T17:16:10Z
2026-08-17T17:12:16Z,2026-08-17T19:12:16+0200,f372a1fc-a0b6-48c3-b979-dc927b00239d,2026-07-19T10:00:00Z,2026-07-19T12:00:00+0200,1992.189,MW,NL,NL,actual_offshore_wind_generation,Wind Offshore | Actual Aggregated,2026-08-17T17:16:10Z
2026-08-17T17:12:16Z,2026-08-17T19:12:16+0200,f372a1fc-a0b6-48c3-b979-dc927b00239d,2026-07-19T10:00:00Z,2026-07-19T12:00:00+0200,0.0,MW,NL,NL,actual_offshore_wind_generation,Wind Offshore | Actual Consumption,2026-08-17T17:16:10Z
2026-08-17T17:12:16Z,2026-08-17T19:12:16+0200,f372a1fc-a0b6-48c3-b979-dc927b00239d,2026-07-19T10:15:00Z,2026-07-19T12:15:00+0200,2011.003,MW,NL,NL,actual_offshore_wind_generation,Wind Offshore | Actual Aggregated,2026-08-17T17:16:10Z
2026-08-17T17:12:16Z,2026-08-17T19:12:16+0200,f372a1fc-a0b6-48c3-b979-dc927b00239d,2026-07-19T10:15:00Z,2026-07-19T12:15:00+0200,0.0,MW,NL,NL,actual_offshore_wind_generation,Wind Offshore | Actual Consumption,2026-08-17T17:16:10Z
2026-08-17T17:12:16Z,2026-08-17T19:12:16+0200,f372a1fc-a0b6-48c3-b979-dc927b00239d,2026-07-19T10:30:00Z,2026-07-19T12:30:00+0200,1910.221,MW,NL,NL,actual_offshore_wind_generation,Wind Offshore | Actual Aggregated,2026-08-17T17:16:10Z
2026-08-17T17:12:16Z,2026-08-17T19:12:16+0200,f372a1fc-a0b6-48c3-b979-dc927b00239d,2026-07-19T10:30:00Z,2026-07-19T12:30:00+0200,0.0,MW,NL,NL,actual_offshore_wind_generation,Wind Offshore | Actual Consumption,2026-08-17T17:16:10Z
2026-08-17T17:12:16Z,2026-08-17T19:12:16+0200,f372a1fc-a0b6-48c3-b979-dc927b00239d,2026-07-19T10:45:00Z,2026-07-19T12:45:00+0200,1875.577,MW,NL,NL,actual_offshore_wind_generation,Wind Offshore | Actual Aggregated,2026-08-17T17:16:10Z
2026-08-17T17:12:16Z,2026-08-17T19:12:16+0200,f372a1fc-a0b6-48c3-b979-dc927b00239d,2026-07-19T10:45:00Z,2026-07-19T12:45:00+0200,0.0,MW,NL,NL,actual_offshore_wind_generation,Wind Offshore | Actual Consumption,2026-08-17T17:16:10Z
2026-08-17T17:12:16Z,2026-08-17T19:12:16+0200,f372a1fc-a0b6-48c3-b979-dc927b00239d,2026-07-19T11:00:00Z,2026-07-19T13:00:00+0200,1682.397,MW,NL,NL,actual_offshore_wind_generation,Wind Offshore | Actual Aggregated,2026-08-17T17:16:10Z
2026-08-17T17:12:16Z,2026-08-17T19:12:16+0200,f372a1fc-a0b6-48c3-b979-dc927b00239d,2026-07-19T11:00:00Z,2026-07-19T13:00:00+0200,0.0,MW,NL,NL,actual_offshore_wind_generation,Wind Offshore | Actual Consumption,2026-08-17T17:16:10Z
2026-08-17T17:12:16Z,2026-08-17T19:12:16+0200,f372a1fc-a0b6-48c3-b979-dc927b00239d,2026-07-19T11:15:00Z,2026-07-19T13:15:00+0200,1722.497,MW,NL,NL,actual_offshore_wind_generation,Wind Offshore | Actual Aggregated,2026-08-17T17:16:10Z
2026-08-17T17:12:16Z,2026-08-17T19:12:16+0200,f372a1fc-a0b6-48c3-b979-dc927b00239d,2026-07-19T11:15:00Z,2026-07-19T13:15:00+0200,0.0,MW,NL,NL,actual_offshore_wind_generation,Wind Offshore | Actual Consumption,2026-08-17T17:16:10Z
2026-08-17T17:12:16Z,2026-08-17T19:12:16+0200,f372a1fc-a0b6-48c3-b979-dc927b00239d,2026-07-19T11:30:00Z,2026-07-19T13:30:00+0200,1711.064,MW,NL,NL,actual_offshore_wind_generation,Wind Offshore | Actual Aggregated,2026-08-17T17:16:10Z
2026-08-17T17:12:16Z,2026-08-17T19:12:16+0200,f372a1fc-a0b6-48c3-b979-dc927b00239d,2026-07-19T11:30:00Z,2026-07-19T13:30:00+0200,0.0,MW,NL,NL,actual_offshore_wind_generation,Wind Offshore | Actual Consumption,2026-08-17T17:16:10Z
2026-08-17T17:12:16Z,2026-08-17T19:12:16+0200,f372a1fc-a0b6-48c3-b979-dc927b00239d,2026-07-19T11:45:00Z,2026-07-19T13:45:00+0200,1505.307,MW,NL,NL,actual_offshore_wind_generation,Wind Offshore | Actual Aggregated,2026-08-17T17:16:10Z
2026-08-17T17:12:16Z,2026-08-17T19:12:16+0200,f372a1fc-a0b6-48c3-b979-dc927b00239d,2026-07-19T11:45:00Z,2026-07-19T13:45:00+0200,0.0,MW,NL,NL,actual_offshore_wind_generation,Wind Offshore | Actual Consumption,2026-08-17T17:16:10Z
2026-08-17T17:12:16Z,2026-08-17T19:12:16+0200,f372a1fc-a0b6-48c3-b979-dc927b00239d,2026-07-19T12:00:00Z,2026-07-19T14:00:00+0200,1302.635,MW,NL,NL,actual_offshore_wind_generation,Wind Offshore | Actual Aggregated,2026-08-17T17:16:10Z
2026-08-17T17:12:16Z,2026-08-17T19:12:16+0200,f372a1fc-a0b6-48c3-b979-dc927b00239d,2026-07-19T12:00:00Z,2026-07-19T14:00:00+0200,0.0,MW,NL,NL,actual_offshore_wind_generation,Wind Offshore | Actual Consumption,2026-08-17T17:16:10Z
2026-08-17T17:12:16Z,2026-08-17T19:12:16+0200,f372a1fc-a0b6-48c3-b979-dc927b00239d,2026-07-19T12:15:00Z,2026-07-19T14:15:00+0200,1136.453,MW,NL,NL,actual_offshore_wind_generation,Wind Offshore | Actual Aggregated,2026-08-17T17:16:10Z
2026-08-17T17:12:16Z,2026-08-17T19:12:16+0200,f372a1fc-a0b6-48c3-b979-dc927b00239d,2026-07-19T12:15:00Z,2026-07-19T14:15:00+0200,0.0,MW,NL,NL,actual_offshore_wind_generation,Wind Offshore | Actual Consumption,2026-08-17T17:16:10Z
2026-08-17T17:12:16Z,2026-08-17T19:12:16+0200,f372a1fc-a0b6-48c3-b979-dc927b00239d,2026-07-19T12:30:00Z,2026-07-19T14:30:00+0200,880.566,MW,NL,NL,actual_offshore_wind_generation,Wind Offshore | Actual Aggregated,2026-08-17T17:16:10Z
2026-08-17T17:12:16Z,2026-08-17T19:12:16+0200,f372a1fc-a0b6-48c3-b979-dc927b00239d,2026-07-19T12:30:00Z,2026-07-19T14:30:00+0200,0.144,MW,NL,NL,actual_offshore_wind_generation,Wind Offshore | Actual Consumption,2026-08-17T17:16:10Z
2026-08-17T17:12:16Z,2026-08-17T19:12:16+0200,f372a1fc-a0b6-48c3-b979-dc927b00239d,2026-07-19T12:45:00Z,2026-07-19T14:45:00+0200,871.755,MW,NL,NL,actual_offshore_wind_generation,Wind Offshore | Actual Aggregated,2026-08-17T17:16:10Z
2026-08-17T17:12:16Z,2026-08-17T19:12:16+0200,f372a1fc-a0b6-48c3-b979-dc927b00239d,2026-07-19T12:45:00Z,2026-07-19T14:45:00+0200,0.144,MW,NL,NL,actual_offshore_wind_generation,Wind Offshore | Actual Consumption,2026-08-17T17:16:10Z
2026-08-17T17:12:16Z,2026-08-17T19:12:16+0200,f372a1fc-a0b6-48c3-b979-dc927b00239d,2026-07-19T13:00:00Z,2026-07-19T15:00:00+0200,835.377,MW,NL,NL,actual_offshore_wind_generation,Wind Offshore | Actual Aggregated,2026-08-17T17:16:10Z
2026-08-17T17:12:16Z,2026-08-17T19:12:16+0200,f372a1fc-a0b6-48c3-b979-dc927b00239d,2026-07-19T13:00:00Z,2026-07-19T15:00:00+0200,0.0,MW,NL,NL,actual_offshore_wind_generation,Wind Offshore | Actual Consumption,2026-08-17T17:16:10Z
2026-08-17T17:12:16Z,2026-08-17T19:12:16+0200,f372a1fc-a0b6-48c3-b979-dc927b00239d,2026-07-19T13:15:00Z,2026-07-19T15:15:00+0200,700.774,MW,NL,NL,actual_offshore_wind_generation,Wind Offshore | Actual Aggregated,2026-08-17T17:16:10Z
2026-08-17T17:12:16Z,2026-08-17T19:12:16+0200,f372a1fc-a0b6-48c3-b979-dc927b00239d,2026-07-19T13:15:00Z,2026-07-19T15:15:00+0200,0.0,MW,NL,NL,actual_offshore_wind_generation,Wind Offshore | Actual Consumption,2026-08-17T17:16:10Z
2026-08-17T17:12:16Z,2026-08-17T19:12:16+0200,f372a1fc-a0b6-48c3-b979-dc927b00239d,2026-07-19T13:30:00Z,2026-07-19T15:30:00+0200,688.93,MW,NL,NL,actual_offshore_wind_generation,Wind Offshore | Actual Aggregated,2026-08-17T17:16:10Z
2026-08-17T17:12:16Z,2026-08-17T19:12:16+0200,f372a1fc-a0b6-48c3-b979-dc927b00239d,2026-07-19T13:30:00Z,2026-07-19T15:30:00+0200,0.0,MW,NL,NL,actual_offshore_wind_generation,Wind Offshore | Actual Consumption,2026-08-17T17:16:10Z
2026-08-17T17:12:16Z,2026-08-17T19:12:16+0200,f372a1fc-a0b6-48c3-b979-dc927b00239d,2026-07-19T13:45:00Z,2026-07-19T15:45:00+0200,942.751,MW,NL,NL,actual_offshore_wind_generation,Wind Offshore | Actual Aggregated,2026-08-17T17:16:10Z
2026-08-17T17:12:16Z,2026-08-17T19:12:16+0200,f372a1fc-a0b6-48c3-b979-dc927b00239d,2026-07-19T13:45:00Z,2026-07-19T15:45:00+0200,0.144,MW,NL,NL,actual_offshore_wind_generation,Wind Offshore | Actual Consumption,2026-08-17T17:16:10Z
2026-08-17T17:12:16Z,2026-08-17T19:12:16+0200,f372a1fc-a0b6-48c3-b979-dc927b00239d,2026-07-19T14:00:00Z,2026-07-19T16:00:00+0200,1167.464,MW,NL,NL,actual_offshore_wind_generation,Wind Offshore | Actual Aggregated,2026-08-17T17:16:10Z
2026-08-17T17:12:16Z,2026-08-17T19:12:16+0200,f372a1fc-a0b6-48c3-b979-dc927b00239d,2026-07-19T14:00:00Z,2026-07-19T16:00:00+0200,0.0,MW,NL,NL,actual_offshore_wind_generation,Wind Offshore | Actual Consumption,2026-08-17T17:16:10Z
2026-08-17T17:12:16Z,2026-08-17T19:12:16+0200,f372a1fc-a0b6-48c3-b979-dc927b00239d,2026-07-19T14:15:00Z,2026-07-19T16:15:00+0200,1104.038,MW,NL,NL,actual_offshore_wind_generation,Wind Offshore | Actual Aggregated,2026-08-17T17:16:10Z
2026-08-17T17:12:16Z,2026-08-17T19:12:16+0200,f372a1fc-a0b6-48c3-b979-dc927b00239d,2026-07-19T14:15:00Z,2026-07-19T16:15:00+0200,0.0,MW,NL,NL,actual_offshore_wind_generation,Wind Offshore | Actual Consumption,2026-08-17T17:16:10Z
2026-08-17T17:12:16Z,2026-08-17T19:12:16+0200,f372a1fc-a0b6-48c3-b979-dc927b00239d,2026-07-19T14:30:00Z,2026-07-19T16:30:00+0200,1047.213,MW,NL,NL,actual_offshore_wind_generation,Wind Offshore | Actual Aggregated,2026-08-17T17:16:10Z
2026-08-17T17:12:16Z,2026-08-17T19:12:16+0200,f372a1fc-a0b6-48c3-b979-dc927b00239d,2026-07-19T14:30:00Z,2026-07-19T16:30:00+0200,0.288,MW,NL,NL,actual_offshore_wind_generation,Wind Offshore | Actual Consumption,2026-08-17T17:16:10Z
2026-08-17T17:12:16Z,2026-08-17T19:12:16+0200,f372a1fc-a0b6-48c3-b979-dc927b00239d,2026-07-19T14:45:00Z,2026-07-19T16:45:00+0200,1329.808,MW,NL,NL,actual_offshore_wind_generation,Wind Offshore | Actual Aggregated,2026-08-17T17:16:10Z
2026-08-17T17:12:16Z,2026-08-17T19:12:16+0200,f372a1fc-a0b6-48c3-b979-dc927b00239d,2026-07-19T14:45:00Z,2026-07-19T16:45:00+0200,0.0,MW,NL,NL,actual_offshore_wind_generation,Wind Offshore | Actual Consumption,2026-08-17T17:16:10Z
2026-08-17T17:12:16Z,2026-08-17T19:12:16+0200,f372a1fc-a0b6-48c3-b979-dc927b00239d,2026-07-19T15:00:00Z,2026-07-19T17:00:00+0200,1089.942,MW,NL,NL,actual_offshore_wind_generation,Wind Offshore | Actual Aggregated,2026-08-17T17:16:10Z
2026-08-17T17:12:16Z,2026-08-17T19:12:16+0200,f372a1fc-a0b6-48c3-b979-dc927b00239d,2026-07-19T15:00:00Z,2026-07-19T17:00:00+0200,0.288,MW,NL,NL,actual_offshore_wind_generation,Wind Offshore | Actual Consumption,2026-08-17T17:16:10Z
2026-08-17T17:12:16Z,2026-08-17T19:12:16+0200,f372a1fc-a0b6-48c3-b979-dc927b00239d,2026-07-19T15:15:00Z,2026-07-19T17:15:00+0200,1155.768,MW,NL,NL,actual_offshore_wind_generation,Wind Offshore | Actual Aggregated,2026-08-17T17:16:10Z
2026-08-17T17:12:16Z,2026-08-17T19:12:16+0200,f372a1fc-a0b6-48c3-b979-dc927b00239d,2026-07-19T15:15:00Z,2026-07-19T17:15:00+0200,0.0,MW,NL,NL,actual_offshore_wind_generation,Wind Offshore | Actual Consumption,2026-08-17T17:16:10Z
2026-08-17T17:12:16Z,2026-08-17T19:12:16+0200,f372a1fc-a0b6-48c3-b979-dc927b00239d,2026-07-19T15:30:00Z,2026-07-19T17:30:00+0200,1685.025,MW,NL,NL,actual_offshore_wind_generation,Wind Offshore | Actual Aggregated,2026-08-17T17:16:10Z
2026-08-17T17:12:16Z,2026-08-17T19:12:16+0200,f372a1fc-a0b6-48c3-b979-dc927b00239d,2026-07-19T15:30:00Z,2026-07-19T17:30:00+0200,0.0,MW,NL,NL,actual_offshore_wind_generation,Wind Offshore | Actual Consumption,2026-08-17T17:16:10Z
2026-08-17T17:12:16Z,2026-08-17T19:12:16+0200,f372a1fc-a0b6-48c3-b979-dc927b00239d,2026-07-19T15:45:00Z,2026-07-19T17:45:00+0200,1348.581,MW,NL,NL,actual_offshore_wind_generation,Wind Offshore | Actual Aggregated,2026-08-17T17:16:10Z
2026-08-17T17:12:16Z,2026-08-17T19:12:16+0200,f372a1fc-a0b6-48c3-b979-dc927b00239d,2026-07-19T15:45:00Z,2026-07-19T17:45:00+0200,0.288,MW,NL,NL,actual_offshore_wind_generation,Wind Offshore | Actual Consumption,2026-08-17T17:16:10Z
2026-08-17T17:12:16Z,2026-08-17T19:12:16+0200,f372a1fc-a0b6-48c3-b979-dc927b00239d,2026-07-19T16:00:00Z,2026-07-19T18:00:00+0200,2061.026,MW,NL,NL,actual_offshore_wind_generation,Wind Offshore | Actual Aggregated,2026-08-17T17:16:10Z
2026-08-17T17:12:16Z,2026-08-17T19:12:16+0200,f372a1fc-a0b6-48c3-b979-dc927b00239d,2026-07-19T16:00:00Z,2026-07-19T18:00:00+0200,0.0,MW,NL,NL,actual_offshore_wind_generation,Wind Offshore | Actual Consumption,2026-08-17T17:16:10Z
2026-08-17T17:12:16Z,2026-08-17T19:12:16+0200,f372a1fc-a0b6-48c3-b979-dc927b00239d,2026-07-19T16:15:00Z,2026-07-19T18:15:00+0200,2235.4,MW,NL,NL,actual_offshore_wind_generation,Wind Offshore | Actual Aggregated,2026-08-17T17:16:10Z
2026-08-17T17:12:16Z,2026-08-17T19:12:16+0200,f372a1fc-a0b6-48c3-b979-dc927b00239d,2026-07-19T16:15:00Z,2026-07-19T18:15:00+0200,0.0,MW,NL,NL,actual_offshore_wind_generation,Wind Offshore | Actual Consumption,2026-08-17T17:16:10Z
2026-08-17T17:12:16Z,2026-08-17T19:12:16+0200,f372a1fc-a0b6-48c3-b979-dc927b00239d,2026-07-19T16:30:00Z,2026-07-19T18:30:00+0200,2276.482,MW,NL,NL,actual_offshore_wind_generation,Wind Offshore | Actual Aggregated,2026-08-17T17:16:10Z
2026-08-17T17:12:16Z,2026-08-17T19:12:16+0200,f372a1fc-a0b6-48c3-b979-dc927b00239d,2026-07-19T16:30:00Z,2026-07-19T18:30:00+0200,0.0,MW,NL,NL,actual_offshore_wind_generation,Wind Offshore | Actual Consumption,2026-08-17T17:16:10Z
2026-08-17T17:12:16Z,2026-08-17T19:12:16+0200,f372a1fc-a0b6-48c3-b979-dc927b00239d,2026-07-19T16:45:00Z,2026-07-19T18:45:00+0200,2246.741,MW,NL,NL,actual_offshore_wind_generation,Wind Offshore | Actual Aggregated,2026-08-17T17:16:10Z
2026-08-17T17:12:16Z,2026-08-17T19:12:16+0200,f372a1fc-a0b6-48c3-b979-dc927b00239d,2026-07-19T16:45:00Z,2026-07-19T18:45:00+0200,0.0,MW,NL,NL,actual_offshore_wind_generation,Wind Offshore | Actual Consumption,2026-08-17T17:16:10Z
2026-08-17T17:12:16Z,2026-08-17T19:12:16+0200,f372a1fc-a0b6-48c3-b979-dc927b00239d,2026-07-19T17:00:00Z,2026-07-19T19:00:00+0200,2177.031,MW,NL,NL,actual_offshore_wind_generation,Wind Offshore | Actual Aggregated,2026-08-17T17:16:10Z
2026-08-17T17:12:16Z,2026-08-17T19:12:16+0200,f372a1fc-a0b6-48c3-b979-dc927b00239d,2026-07-19T17:00:00Z,2026-07-19T19:00:00+0200,0.0,MW,NL,NL,actual_offshore_wind_generation,Wind Offshore | Actual Consumption,2026-08-17T17:16:10Z
2026-08-17T17:12:16Z,2026-08-17T19:12:16+0200,f372a1fc-a0b6-48c3-b979-dc927b00239d,2026-07-19T17:15:00Z,2026-07-19T19:15:00+0200,2129.661,MW,NL,NL,actual_offshore_wind_generation,Wind Offshore | Actual Aggregated,2026-08-17T17:16:10Z
2026-08-17T17:12:16Z,2026-08-17T19:12:16+0200,f372a1fc-a0b6-48c3-b979-dc927b00239d,2026-07-19T17:15:00Z,2026-07-19T19:15:00+0200,0.0,MW,NL,NL,actual_offshore_wind_generation,Wind Offshore | Actual Consumption,2026-08-17T17:16:10Z
2026-08-17T17:12:16Z,2026-08-17T19:12:16+0200,f372a1fc-a0b6-48c3-b979-dc927b00239d,2026-07-19T17:30:00Z,2026-07-19T19:30:00+0200,2156.811,MW,NL,NL,actual_offshore_wind_generation,Wind Offshore | Actual Aggregated,2026-08-17T17:16:10Z
2026-08-17T17:12:16Z,2026-08-17T19:12:16+0200,f372a1fc-a0b6-48c3-b979-dc927b00239d,2026-07-19T17:30:00Z,2026-07-19T19:30:00+0200,0.0,MW,NL,NL,actual_offshore_wind_generation,Wind Offshore | Actual Consumption,2026-08-17T17:16:10Z
2026-08-17T17:12:16Z,2026-08-17T19:12:16+0200,f372a1fc-a0b6-48c3-b979-dc927b00239d,2026-07-19T17:45:00Z,2026-07-19T19:45:00+0200,2323.528,MW,NL,NL,actual_offshore_wind_generation,Wind Offshore | Actual Aggregated,2026-08-17T17:16:10Z
2026-08-17T17:12:16Z,2026-08-17T19:12:16+0200,f372a1fc-a0b6-48c3-b979-dc927b00239d,2026-07-19T17:45:00Z,2026-07-19T19:45:00+0200,0.0,MW,NL,NL,actual_offshore_wind_generation,Wind Offshore | Actual Consumption,2026-08-17T17:16:10Z
2026-08-17T17:12:16Z,2026-08-17T19:12:16+0200,f372a1fc-a0b6-48c3-b979-dc927b00239d,2026-07-19T18:00:00Z,2026-07-19T20:00:00+0200,2442.522,MW,NL,NL,actual_offshore_wind_generation,Wind Offshore | Actual Aggregated,2026-08-17T17:16:10Z
2026-08-17T17:12:16Z,2026-08-17T19:12:16+0200,f372a1fc-a0b6-48c3-b979-dc927b00239d,2026-07-19T18:00:00Z,2026-07-19T20:00:00+0200,0.0,MW,NL,NL,actual_offshore_wind_generation,Wind Offshore | Actual Consumption,2026-08-17T17:16:10Z
2026-08-17T17:12:16Z,2026-08-17T19:12:16+0200,f372a1fc-a0b6-48c3-b979-dc927b00239d,2026-07-19T18:15:00Z,2026-07-19T20:15:00+0200,2419.428,MW,NL,NL,actual_offshore_wind_generation,Wind Offshore | Actual Aggregated,2026-08-17T17:16:10Z
2026-08-17T17:12:16Z,2026-08-17T19:12:16+0200,f372a1fc-a0b6-48c3-b979-dc927b00239d,2026-07-19T18:15:00Z,2026-07-19T20:15:00+0200,0.0,MW,NL,NL,actual_offshore_wind_generation,Wind Offshore | Actual Consumption,2026-08-17T17:16:10Z
2026-08-17T17:12:16Z,2026-08-17T19:12:16+0200,f372a1fc-a0b6-48c3-b979-dc927b00239d,2026-07-19T18:30:00Z,2026-07-19T20:30:00+0200,2169.046,MW,NL,NL,actual_offshore_wind_generation,Wind Offshore | Actual Aggregated,2026-08-17T17:16:10Z
2026-08-17T17:12:16Z,2026-08-17T19:12:16+0200,f372a1fc-a0b6-48c3-b979-dc927b00239d,2026-07-19T18:30:00Z,2026-07-19T20:30:00+0200,0.0,MW,NL,NL,actual_offshore_wind_generation,Wind Offshore | Actual Consumption,2026-08-17T17:16:10Z
2026-08-17T17:12:16Z,2026-08-17T19:12:16+0200,f372a1fc-a0b6-48c3-b979-dc927b00239d,2026-07-19T18:45:00Z,2026-07-19T20:45:00+0200,1953.224,MW,NL,NL,actual_offshore_wind_generation,Wind Offshore | Actual Aggregated,2026-08-17T17:16:10Z
2026-08-17T17:12:16Z,2026-08-17T19:12:16+0200,f372a1fc-a0b6-48c3-b979-dc927b00239d,2026-07-19T18:45:00Z,2026-07-19T20:45:00+0200,0.0,MW,NL,NL,actual_offshore_wind_generation,Wind Offshore | Actual Consumption,2026-08-17T17:16:10Z
2026-08-17T17:12:16Z,2026-08-17T19:12:16+0200,f372a1fc-a0b6-48c3-b979-dc927b00239d,2026-07-19T19:00:00Z,2026-07-19T21:00:00+0200,1981.937,MW,NL,NL,actual_offshore_wind_generation,Wind Offshore | Actual Aggregated,2026-08-17T17:16:10Z
2026-08-17T17:12:16Z,2026-08-17T19:12:16+0200,f372a1fc-a0b6-48c3-b979-dc927b00239d,2026-07-19T19:00:00Z,2026-07-19T21:00:00+0200,0.0,MW,NL,NL,actual_offshore_wind_generation,Wind Offshore | Actual Consumption,2026-08-17T17:16:10Z
2026-08-17T17:12:16Z,2026-08-17T19:12:16+0200,f372a1fc-a0b6-48c3-b979-dc927b00239d,2026-07-19T19:15:00Z,2026-07-19T21:15:00+0200,2023.215,MW,NL,NL,actual_offshore_wind_generation,Wind Offshore | Actual Aggregated,2026-08-17T17:16:10Z
2026-08-17T17:12:16Z,2026-08-17T19:12:16+0200,f372a1fc-a0b6-48c3-b979-dc927b00239d,2026-07-19T19:15:00Z,2026-07-19T21:15:00+0200,0.0,MW,NL,NL,actual_offshore_wind_generation,Wind Offshore | Actual Consumption,2026-08-17T17:16:10Z
2026-08-17T17:12:16Z,2026-08-17T19:12:16+0200,f372a1fc-a0b6-48c3-b979-dc927b00239d,2026-07-19T19:30:00Z,2026-07-19T21:30:00+0200,1932.74,MW,NL,NL,actual_offshore_wind_generation,Wind Offshore | Actual Aggregated,2026-08-17T17:16:10Z
2026-08-17T17:12:16Z,2026-08-17T19:12:16+0200,f372a1fc-a0b6-48c3-b979-dc927b00239d,2026-07-19T19:30:00Z,2026-07-19T21:30:00+0200,0.0,MW,NL,NL,actual_offshore_wind_generation,Wind Offshore | Actual Consumption,2026-08-17T17:16:10Z
2026-08-17T17:12:16Z,2026-08-17T19:12:16+0200,f372a1fc-a0b6-48c3-b979-dc927b00239d,2026-07-19T19:45:00Z,2026-07-19T21:45:00+0200,1768.061,MW,NL,NL,actual_offshore_wind_generation,Wind Offshore | Actual Aggregated,2026-08-17T17:16:10Z
2026-08-17T17:12:16Z,2026-08-17T19:12:16+0200,f372a1fc-a0b6-48c3-b979-dc927b00239d,2026-07-19T19:45:00Z,2026-07-19T21:45:00+0200,0.0,MW,NL,NL,actual_offshore_wind_generation,Wind Offshore | Actual Consumption,2026-08-17T17:16:10Z
2026-08-17T17:12:16Z,2026-08-17T19:12:16+0200,f372a1fc-a0b6-48c3-b979-dc927b00239d,2026-07-19T20:00:00Z,2026-07-19T22:00:00+0200,1675.714,MW,NL,NL,actual_offshore_wind_generation,Wind Offshore | Actual Aggregated,2026-08-17T17:16:10Z
2026-08-17T17:12:16Z,2026-08-17T19:12:16+0200,f372a1fc-a0b6-48c3-b979-dc927b00239d,2026-07-19T20:00:00Z,2026-07-19T22:00:00+0200,0.0,MW,NL,NL,actual_offshore_wind_generation,Wind Offshore | Actual Consumption,2026-08-17T17:16:10Z
2026-08-17T17:12:16Z,2026-08-17T19:12:16+0200,f372a1fc-a0b6-48c3-b979-dc927b00239d,2026-07-19T20:15:00Z,2026-07-19T22:15:00+0200,1657.127,MW,NL,NL,actual_offshore_wind_generation,Wind Offshore | Actual Aggregated,2026-08-17T17:16:10Z
2026-08-17T17:12:16Z,2026-08-17T19:12:16+0200,f372a1fc-a0b6-48c3-b979-dc927b00239d,2026-07-19T20:15:00Z,2026-07-19T22:15:00+0200,0.0,MW,NL,NL,actual_offshore_wind_generation,Wind Offshore | Actual Consumption,2026-08-17T17:16:10Z
2026-08-17T17:12:16Z,2026-08-17T19:12:16+0200,f372a1fc-a0b6-48c3-b979-dc927b00239d,2026-07-19T20:30:00Z,2026-07-19T22:30:00+0200,1721.813,MW,NL,NL,actual_offshore_wind_generation,Wind Offshore | Actual Aggregated,2026-08-17T17:16:10Z
2026-08-17T17:12:16Z,2026-08-17T19:12:16+0200,f372a1fc-a0b6-48c3-b979-dc927b00239d,2026-07-19T20:30:00Z,2026-07-19T22:30:00+0200,0.0,MW,NL,NL,actual_offshore_wind_generation,Wind Offshore | Actual Consumption,2026-08-17T17:16:10Z
2026-08-17T17:12:16Z,2026-08-17T19:12:16+0200,f372a1fc-a0b6-48c3-b979-dc927b00239d,2026-07-19T20:45:00Z,2026-07-19T22:45:00+0200,1798.57,MW,NL,NL,actual_offshore_wind_generation,Wind Offshore | Actual Aggregated,2026-08-17T17:16:10Z
2026-08-17T17:12:16Z,2026-08-17T19:12:16+0200,f372a1fc-a0b6-48c3-b979-dc927b00239d,2026-07-19T20:45:00Z,2026-07-19T22:45:00+0200,0.0,MW,NL,NL,actual_offshore_wind_generation,Wind Offshore | Actual Consumption,2026-08-17T17:16:10Z
2026-08-17T17:12:16Z,2026-08-17T19:12:16+0200,f372a1fc-a0b6-48c3-b979-dc927b00239d,2026-07-19T21:00:00Z,2026-07-19T23:00:00+0200,2087.143,MW,NL,NL,actual_offshore_wind_generation,Wind Offshore | Actual Aggregated,2026-08-17T17:16:10Z
2026-08-17T17:12:16Z,2026-08-17T19:12:16+0200,f372a1fc-a0b6-48c3-b979-dc927b00239d,2026-07-19T21:00:00Z,2026-07-19T23:00:00+0200,0.0,MW,NL,NL,actual_offshore_wind_generation,Wind Offshore | Actual Consumption,2026-08-17T17:16:10Z
2026-08-17T17:12:16Z,2026-08-17T19:12:16+0200,f372a1fc-a0b6-48c3-b979-dc927b00239d,2026-07-19T21:15:00Z,2026-07-19T23:15:00+0200,1873.824,MW,NL,NL,actual_offshore_wind_generation,Wind Offshore | Actual Aggregated,2026-08-17T17:16:10Z
2026-08-17T17:12:16Z,2026-08-17T19:12:16+0200,f372a1fc-a0b6-48c3-b979-dc927b00239d,2026-07-19T21:15:00Z,2026-07-19T23:15:00+0200,0.0,MW,NL,NL,actual_offshore_wind_generation,Wind Offshore | Actual Consumption,2026-08-17T17:16:10Z
2026-08-17T17:12:16Z,2026-08-17T19:12:16+0200,f372a1fc-a0b6-48c3-b979-dc927b00239d,2026-07-19T21:30:00Z,2026-07-19T23:30:00+0200,1975.625,MW,NL,NL,actual_offshore_wind_generation,Wind Offshore | Actual Aggregated,2026-08-17T17:16:10Z
2026-08-17T17:12:16Z,2026-08-17T19:12:16+0200,f372a1fc-a0b6-48c3-b979-dc927b00239d,2026-07-19T21:30:00Z,2026-07-19T23:30:00+0200,0.0,MW,NL,NL,actual_offshore_wind_generation,Wind Offshore | Actual Consumption,2026-08-17T17:16:10Z
2026-08-17T17:12:16Z,2026-08-17T19:12:16+0200,f372a1fc-a0b6-48c3-b979-dc927b00239d,2026-07-19T21:45:00Z,2026-07-19T23:45:00+0200,2089.925,MW,NL,NL,actual_offshore_wind_generation,Wind Offshore | Actual Aggregated,2026-08-17T17:16:10Z
2026-08-17T17:12:16Z,2026-08-17T19:12:16+0200,f372a1fc-a0b6-48c3-b979-dc927b00239d,2026-07-19T21:45:00Z,2026-07-19T23:45:00+0200,0.0,MW,NL,NL,actual_offshore_wind_generation,Wind Offshore | Actual Consumption,2026-08-17T17:16:10Z
2026-08-17T17:12:16Z,2026-08-17T19:12:16+0200,f372a1fc-a0b6-48c3-b979-dc927b00239d,2026-07-19T22:00:00Z,2026-07-20T00:00:00+0200,2179.989,MW,NL,NL,actual_offshore_wind_generation,Wind Offshore | Actual Aggregated,2026-08-17T17:16:10Z
2026-08-17T17:12:16Z,2026-08-17T19:12:16+0200,f372a1fc-a0b6-48c3-b979-dc927b00239d,2026-07-19T22:00:00Z,2026-07-20T00:00:00+0200,0.0,MW,NL,NL,actual_offshore_wind_generation,Wind Offshore | Actual Consumption,2026-08-17T17:16:10Z
2026-08-17T17:12:16Z,2026-08-17T19:12:16+0200,f372a1fc-a0b6-48c3-b979-dc927b00239d,2026-07-19T22:15:00Z,2026-07-20T00:15:00+0200,2353.023,MW,NL,NL,actual_offshore_wind_generation,Wind Offshore | Actual Aggregated,2026-08-17T17:16:10Z
2026-08-17T17:12:16Z,2026-08-17T19:12:16+0200,f372a1fc-a0b6-48c3-b979-dc927b00239d,2026-07-19T22:15:00Z,2026-07-20T00:15:00+0200,0.0,MW,NL,NL,actual_offshore_wind_generation,Wind Offshore | Actual Consumption,2026-08-17T17:16:10Z
2026-08-17T17:12:16Z,2026-08-17T19:12:16+0200,f372a1fc-a0b6-48c3-b979-dc927b00239d,2026-07-19T22:30:00Z,2026-07-20T00:30:00+0200,2494.636,MW,NL,NL,actual_offshore_wind_generation,Wind Offshore | Actual Aggregated,2026-08-17T17:16:10Z
2026-08-17T17:12:16Z,2026-08-17T19:12:16+0200,f372a1fc-a0b6-48c3-b979-dc927b00239d,2026-07-19T22:30:00Z,2026-07-20T00:30:00+0200,0.0,MW,NL,NL,actual_offshore_wind_generation,Wind Offshore | Actual Consumption,2026-08-17T17:16:10Z
2026-08-17T17:12:16Z,2026-08-17T19:12:16+0200,f372a1fc-a0b6-48c3-b979-dc927b00239d,2026-07-19T22:45:00Z,2026-07-20T00:45:00+0200,2663.097,MW,NL,NL,actual_offshore_wind_generation,Wind Offshore | Actual Aggregated,2026-08-17T17:16:10Z
2026-08-17T17:12:16Z,2026-08-17T19:12:16+0200,f372a1fc-a0b6-48c3-b979-dc927b00239d,2026-07-19T22:45:00Z,2026-07-20T00:45:00+0200,0.0,MW,NL,NL,actual_offshore_wind_generation,Wind Offshore | Actual Consumption,2026-08-17T17:16:10Z
2026-08-17T17:12:16Z,2026-08-17T19:12:16+0200,f372a1fc-a0b6-48c3-b979-dc927b00239d,2026-07-19T23:00:00Z,2026-07-20T01:00:00+0200,2665.833,MW,NL,NL,actual_offshore_wind_generation,Wind Offshore | Actual Aggregated,2026-08-17T17:16:10Z
2026-08-17T17:12:16Z,2026-08-17T19:12:16+0200,f372a1fc-a0b6-48c3-b979-dc927b00239d,2026-07-19T23:00:00Z,2026-07-20T01:00:00+0200,0.0,MW,NL,NL,actual_offshore_wind_generation,Wind Offshore | Actual Consumption,2026-08-17T17:16:10Z
2026-08-17T17:12:16Z,2026-08-17T19:12:16+0200,f372a1fc-a0b6-48c3-b979-dc927b00239d,2026-07-19T23:15:00Z,2026-07-20T01:15:00+0200,2545.222,MW,NL,NL,actual_offshore_wind_generation,Wind Offshore | Actual Aggregated,2026-08-17T17:16:10Z
2026-08-17T17:12:16Z,2026-08-17T19:12:16+0200,f372a1fc-a0b6-48c3-b979-dc927b00239d,2026-07-19T23:15:00Z,2026-07-20T01:15:00+0200,0.0,MW,NL,NL,actual_offshore_wind_generation,Wind Offshore | Actual Consumption,2026-08-17T17:16:10Z
2026-08-17T17:12:16Z,2026-08-17T19:12:16+0200,f372a1fc-a0b6-48c3-b979-dc927b00239d,2026-07-19T23:30:00Z,2026-07-20T01:30:00+0200,2436.699,MW,NL,NL,actual_offshore_wind_generation,Wind Offshore | Actual Aggregated,2026-08-17T17:16:10Z
2026-08-17T17:12:16Z,2026-08-17T19:12:16+0200,f372a1fc-a0b6-48c3-b979-dc927b00239d,2026-07-19T23:30:00Z,2026-07-20T01:30:00+0200,0.0,MW,NL,NL,actual_offshore_wind_generation,Wind Offshore | Actual Consumption,2026-08-17T17:16:10Z
2026-08-17T17:12:16Z,2026-08-17T19:12:16+0200,f372a1fc-a0b6-48c3-b979-dc927b00239d,2026-07-19T23:45:00Z,2026-07-20T01:45:00+0200,2338.735,MW,NL,NL,actual_offshore_wind_generation,Wind Offshore | Actual Aggregated,2026-08-17T17:16:10Z
2026-08-17T17:12:16Z,2026-08-17T19:12:16+0200,f372a1fc-a0b6-48c3-b979-dc927b00239d,2026-07-19T23:45:00Z,2026-07-20T01:45:00+0200,0.0,MW,NL,NL,actual_offshore_wind_generation,Wind Offshore | Actual Consumption,2026-08-17T17:16:10Z
2026-08-17T17:12:16Z,2026-08-17T19:12:16+0200,f372a1fc-a0b6-48c3-b979-dc927b00239d,2026-07-20T00:00:00Z,2026-07-20T02:00:00+0200,2353.772,MW,NL,NL,actual_offshore_wind_generation,Wind Offshore | Actual Aggregated,2026-08-17T17:16:10Z
2026-08-17T17:12:16Z,2026-08-17T19:12:16+0200,f372a1fc-a0b6-48c3-b979-dc927b00239d,2026-07-20T00:00:00Z,2026-07-20T02:00:00+0200,0.0,MW,NL,NL,actual_offshore_wind_generation,Wind Offshore | Actual Consumption,2026-08-17T17:16:10Z
2026-08-17T17:12:16Z,2026-08-17T19:12:16+0200,f372a1fc-a0b6-48c3-b979-dc927b00239d,2026-07-20T00:15:00Z,2026-07-20T02:15:00+0200,2378.729,MW,NL,NL,actual_offshore_wind_generation,Wind Offshore | Actual Aggregated,2026-08-17T17:16:10Z
2026-08-17T17:12:16Z,2026-08-17T19:12:16+0200,f372a1fc-a0b6-48c3-b979-dc927b00239d,2026-07-20T00:15:00Z,2026-07-20T02:15:00+0200,0.0,MW,NL,NL,actual_offshore_wind_generation,Wind Offshore | Actual Consumption,2026-08-17T17:16:10Z
2026-08-17T17:12:16Z,2026-08-17T19:12:16+0200,f372a1fc-a0b6-48c3-b979-dc927b00239d,2026-07-20T00:30:00Z,2026-07-20T02:30:00+0200,2286.122,MW,NL,NL,actual_offshore_wind_generation,Wind Offshore | Actual Aggregated,2026-08-17T17:16:10Z
2026-08-17T17:12:16Z,2026-08-17T19:12:16+0200,f372a1fc-a0b6-48c3-b979-dc927b00239d,2026-07-20T00:30:00Z,2026-07-20T02:30:00+0200,0.0,MW,NL,NL,actual_offshore_wind_generation,Wind Offshore | Actual Consumption,2026-08-17T17:16:10Z
2026-08-17T17:12:16Z,2026-08-17T19:12:16+0200,f372a1fc-a0b6-48c3-b979-dc927b00239d,2026-07-20T00:45:00Z,2026-07-20T02:45:00+0200,2118.27,MW,NL,NL,actual_offshore_wind_generation,Wind Offshore | Actual Aggregated,2026-08-17T17:16:10Z
2026-08-17T17:12:16Z,2026-08-17T19:12:16+0200,f372a1fc-a0b6-48c3-b979-dc927b00239d,2026-07-20T00:45:00Z,2026-07-20T02:45:00+0200,0.0,MW,NL,NL,actual_offshore_wind_generation,Wind Offshore | Actual Consumption,2026-08-17T17:16:10Z
2026-08-17T17:12:16Z,2026-08-17T19:12:16+0200,f372a1fc-a0b6-48c3-b979-dc927b00239d,2026-07-20T01:00:00Z,2026-07-20T03:00:00+0200,2185.79,MW,NL,NL,actual_offshore_wind_generation,Wind Offshore | Actual Aggregated,2026-08-17T17:16:10Z
2026-08-17T17:12:16Z,2026-08-17T19:12:16+0200,f372a1fc-a0b6-48c3-b979-dc927b00239d,2026-07-20T01:00:00Z,2026-07-20T03:00:00+0200,0.0,MW,NL,NL,actual_offshore_wind_generation,Wind Offshore | Actual Consumption,2026-08-17T17:16:10Z
2026-08-17T17:12:16Z,2026-08-17T19:12:16+0200,f372a1fc-a0b6-48c3-b979-dc927b00239d,2026-07-20T01:15:00Z,2026-07-20T03:15:00+0200,2305.167,MW,NL,NL,actual_offshore_wind_generation,Wind Offshore | Actual Aggregated,2026-08-17T17:16:10Z
2026-08-17T17:12:16Z,2026-08-17T19:12:16+0200,f372a1fc-a0b6-48c3-b979-dc927b00239d,2026-07-20T01:15:00Z,2026-07-20T03:15:00+0200,0.0,MW,NL,NL,actual_offshore_wind_generation,Wind Offshore | Actual Consumption,2026-08-17T17:16:10Z
2026-08-17T17:12:16Z,2026-08-17T19:12:16+0200,f372a1fc-a0b6-48c3-b979-dc927b00239d,2026-07-20T01:30:00Z,2026-07-20T03:30:00+0200,2247.7,MW,NL,NL,actual_offshore_wind_generation,Wind Offshore | Actual Aggregated,2026-08-17T17:16:10Z
2026-08-17T17:12:16Z,2026-08-17T19:12:16+0200,f372a1fc-a0b6-48c3-b979-dc927b00239d,2026-07-20T01:30:00Z,2026-07-20T03:30:00+0200,0.0,MW,NL,NL,actual_offshore_wind_generation,Wind Offshore | Actual Consumption,2026-08-17T17:16:10Z
2026-08-17T17:12:16Z,2026-08-17T19:12:16+0200,f372a1fc-a0b6-48c3-b979-dc927b00239d,2026-07-20T01:45:00Z,2026-07-20T03:45:00+0200,2182.453,MW,NL,NL,actual_offshore_wind_generation,Wind Offshore | Actual Aggregated,2026-08-17T17:16:10Z
2026-08-17T17:12:16Z,2026-08-17T19:12:16+0200,f372a1fc-a0b6-48c3-b979-dc927b00239d,2026-07-20T01:45:00Z,2026-07-20T03:45:00+0200,0.0,MW,NL,NL,actual_offshore_wind_generation,Wind Offshore | Actual Consumption,2026-08-17T17:16:10Z
2026-08-17T17:12:16Z,2026-08-17T19:12:16+0200,f372a1fc-a0b6-48c3-b979-dc927b00239d,2026-07-20T02:00:00Z,2026-07-20T04:00:00+0200,2040.181,MW,NL,NL,actual_offshore_wind_generation,Wind Offshore | Actual Aggregated,2026-08-17T17:16:10Z
2026-08-17T17:12:16Z,2026-08-17T19:12:16+0200,f372a1fc-a0b6-48c3-b979-dc927b00239d,2026-07-20T02:00:00Z,2026-07-20T04:00:00+0200,0.0,MW,NL,NL,actual_offshore_wind_generation,Wind Offshore | Actual Consumption,2026-08-17T17:16:10Z
2026-08-17T17:12:16Z,2026-08-17T19:12:16+0200,f372a1fc-a0b6-48c3-b979-dc927b00239d,2026-07-20T02:15:00Z,2026-07-20T04:15:00+0200,2139.387,MW,NL,NL,actual_offshore_wind_generation,Wind Offshore | Actual Aggregated,2026-08-17T17:16:10Z
2026-08-17T17:12:16Z,2026-08-17T19:12:16+0200,f372a1fc-a0b6-48c3-b979-dc927b00239d,2026-07-20T02:15:00Z,2026-07-20T04:15:00+0200,0.0,MW,NL,NL,actual_offshore_wind_generation,Wind Offshore | Actual Consumption,2026-08-17T17:16:10Z
2026-08-17T17:12:16Z,2026-08-17T19:12:16+0200,f372a1fc-a0b6-48c3-b979-dc927b00239d,2026-07-20T02:30:00Z,2026-07-20T04:30:00+0200,2155.728,MW,NL,NL,actual_offshore_wind_generation,Wind Offshore | Actual Aggregated,2026-08-17T17:16:10Z
2026-08-17T17:12:16Z,2026-08-17T19:12:16+0200,f372a1fc-a0b6-48c3-b979-dc927b00239d,2026-07-20T02:30:00Z,2026-07-20T04:30:00+0200,0.0,MW,NL,NL,actual_offshore_wind_generation,Wind Offshore | Actual Consumption,2026-08-17T17:16:10Z
2026-08-17T17:12:16Z,2026-08-17T19:12:16+0200,f372a1fc-a0b6-48c3-b979-dc927b00239d,2026-07-20T02:45:00Z,2026-07-20T04:45:00+0200,2070.465,MW,NL,NL,actual_offshore_wind_generation,Wind Offshore | Actual Aggregated,2026-08-17T17:16:10Z
2026-08-17T17:12:16Z,2026-08-17T19:12:16+0200,f372a1fc-a0b6-48c3-b979-dc927b00239d,2026-07-20T02:45:00Z,2026-07-20T04:45:00+0200,0.0,MW,NL,NL,actual_offshore_wind_generation,Wind Offshore | Actual Consumption,2026-08-17T17:16:10Z
2026-08-17T17:12:16Z,2026-08-17T19:12:16+0200,f372a1fc-a0b6-48c3-b979-dc927b00239d,2026-07-20T03:00:00Z,2026-07-20T05:00:00+0200,1984.69,MW,NL,NL,actual_offshore_wind_generation,Wind Offshore | Actual Aggregated,2026-08-17T17:16:10Z
2026-08-17T17:12:16Z,2026-08-17T19:12:16+0200,f372a1fc-a0b6-48c3-b979-dc927b00239d,2026-07-20T03:00:00Z,2026-07-20T05:00:00+0200,0.0,MW,NL,NL,actual_offshore_wind_generation,Wind Offshore | Actual Consumption,2026-08-17T17:16:10Z
2026-08-17T17:12:16Z,2026-08-17T19:12:16+0200,f372a1fc-a0b6-48c3-b979-dc927b00239d,2026-07-20T03:15:00Z,2026-07-20T05:15:00+0200,2000.449,MW,NL,NL,actual_offshore_wind_generation,Wind Offshore | Actual Aggregated,2026-08-17T17:16:10Z
2026-08-17T17:12:16Z,2026-08-17T19:12:16+0200,f372a1fc-a0b6-48c3-b979-dc927b00239d,2026-07-20T03:15:00Z,2026-07-20T05:15:00+0200,0.0,MW,NL,NL,actual_offshore_wind_generation,Wind Offshore | Actual Consumption,2026-08-17T17:16:10Z
2026-08-17T17:12:16Z,2026-08-17T19:12:16+0200,f372a1fc-a0b6-48c3-b979-dc927b00239d,2026-07-20T03:30:00Z,2026-07-20T05:30:00+0200,2033.033,MW,NL,NL,actual_offshore_wind_generation,Wind Offshore | Actual Aggregated,2026-08-17T17:16:10Z
2026-08-17T17:12:16Z,2026-08-17T19:12:16+0200,f372a1fc-a0b6-48c3-b979-dc927b00239d,2026-07-20T03:30:00Z,2026-07-20T05:30:00+0200,0.0,MW,NL,NL,actual_offshore_wind_generation,Wind Offshore | Actual Consumption,2026-08-17T17:16:10Z
2026-08-17T17:12:16Z,2026-08-17T19:12:16+0200,f372a1fc-a0b6-48c3-b979-dc927b00239d,2026-07-20T03:45:00Z,2026-07-20T05:45:00+0200,1911.066,MW,NL,NL,actual_offshore_wind_generation,Wind Offshore | Actual Aggregated,2026-08-17T17:16:10Z
2026-08-17T17:12:16Z,2026-08-17T19:12:16+0200,f372a1fc-a0b6-48c3-b979-dc927b00239d,2026-07-20T03:45:00Z,2026-07-20T05:45:00+0200,0.0,MW,NL,NL,actual_offshore_wind_generation,Wind Offshore | Actual Consumption,2026-08-17T17:16:10Z
2026-08-17T17:12:16Z,2026-08-17T19:12:16+0200,f372a1fc-a0b6-48c3-b979-dc927b00239d,2026-07-20T04:00:00Z,2026-07-20T06:00:00+0200,1804.173,MW,NL,NL,actual_offshore_wind_generation,Wind Offshore | Actual Aggregated,2026-08-17T17:16:10Z
2026-08-17T17:12:16Z,2026-08-17T19:12:16+0200,f372a1fc-a0b6-48c3-b979-dc927b00239d,2026-07-20T04:00:00Z,2026-07-20T06:00:00+0200,0.0,MW,NL,NL,actual_offshore_wind_generation,Wind Offshore | Actual Consumption,2026-08-17T17:16:10Z
2026-08-17T17:12:16Z,2026-08-17T19:12:16+0200,f372a1fc-a0b6-48c3-b979-dc927b00239d,2026-07-20T04:15:00Z,2026-07-20T06:15:00+0200,1803.413,MW,NL,NL,actual_offshore_wind_generation,Wind Offshore | Actual Aggregated,2026-08-17T17:16:10Z
2026-08-17T17:12:16Z,2026-08-17T19:12:16+0200,f372a1fc-a0b6-48c3-b979-dc927b00239d,2026-07-20T04:15:00Z,2026-07-20T06:15:00+0200,0.0,MW,NL,NL,actual_offshore_wind_generation,Wind Offshore | Actual Consumption,2026-08-17T17:16:10Z
2026-08-17T17:12:16Z,2026-08-17T19:12:16+0200,f372a1fc-a0b6-48c3-b979-dc927b00239d,2026-07-20T04:30:00Z,2026-07-20T06:30:00+0200,1841.613,MW,NL,NL,actual_offshore_wind_generation,Wind Offshore | Actual Aggregated,2026-08-17T17:16:10Z
2026-08-17T17:12:16Z,2026-08-17T19:12:16+0200,f372a1fc-a0b6-48c3-b979-dc927b00239d,2026-07-20T04:30:00Z,2026-07-20T06:30:00+0200,0.0,MW,NL,NL,actual_offshore_wind_generation,Wind Offshore | Actual Consumption,2026-08-17T17:16:10Z
2026-08-17T17:12:16Z,2026-08-17T19:12:16+0200,f372a1fc-a0b6-48c3-b979-dc927b00239d,2026-07-20T04:45:00Z,2026-07-20T06:45:00+0200,1826.371,MW,NL,NL,actual_offshore_wind_generation,Wind Offshore | Actual Aggregated,2026-08-17T17:16:10Z
2026-08-17T17:12:16Z,2026-08-17T19:12:16+0200,f372a1fc-a0b6-48c3-b979-dc927b00239d,2026-07-20T04:45:00Z,2026-07-20T06:45:00+0200,0.0,MW,NL,NL,actual_offshore_wind_generation,Wind Offshore | Actual Consumption,2026-08-17T17:16:10Z
2026-08-17T17:12:16Z,2026-08-17T19:12:16+0200,f372a1fc-a0b6-48c3-b979-dc927b00239d,2026-07-20T05:00:00Z,2026-07-20T07:00:00+0200,1737.463,MW,NL,NL,actual_offshore_wind_generation,Wind Offshore | Actual Aggregated,2026-08-17T17:16:10Z
2026-08-17T17:12:16Z,2026-08-17T19:12:16+0200,f372a1fc-a0b6-48c3-b979-dc927b00239d,2026-07-20T05:00:00Z,2026-07-20T07:00:00+0200,0.0,MW,NL,NL,actual_offshore_wind_generation,Wind Offshore | Actual Consumption,2026-08-17T17:16:10Z
2026-08-17T17:12:16Z,2026-08-17T19:12:16+0200,f372a1fc-a0b6-48c3-b979-dc927b00239d,2026-07-20T05:15:00Z,2026-07-20T07:15:00+0200,1740.407,MW,NL,NL,actual_offshore_wind_generation,Wind Offshore | Actual Aggregated,2026-08-17T17:16:10Z
2026-08-17T17:12:16Z,2026-08-17T19:12:16+0200,f372a1fc-a0b6-48c3-b979-dc927b00239d,2026-07-20T05:15:00Z,2026-07-20T07:15:00+0200,0.0,MW,NL,NL,actual_offshore_wind_generation,Wind Offshore | Actual Consumption,2026-08-17T17:16:10Z
2026-08-17T17:12:16Z,2026-08-17T19:12:16+0200,f372a1fc-a0b6-48c3-b979-dc927b00239d,2026-07-20T05:30:00Z,2026-07-20T07:30:00+0200,1712.415,MW,NL,NL,actual_offshore_wind_generation,Wind Offshore | Actual Aggregated,2026-08-17T17:16:10Z
2026-08-17T17:12:16Z,2026-08-17T19:12:16+0200,f372a1fc-a0b6-48c3-b979-dc927b00239d,2026-07-20T05:30:00Z,2026-07-20T07:30:00+0200,0.0,MW,NL,NL,actual_offshore_wind_generation,Wind Offshore | Actual Consumption,2026-08-17T17:16:10Z
2026-08-17T17:12:16Z,2026-08-17T19:12:16+0200,f372a1fc-a0b6-48c3-b979-dc927b00239d,2026-07-20T05:45:00Z,2026-07-20T07:45:00+0200,1716.546,MW,NL,NL,actual_offshore_wind_generation,Wind Offshore | Actual Aggregated,2026-08-17T17:16:10Z
2026-08-17T17:12:16Z,2026-08-17T19:12:16+0200,f372a1fc-a0b6-48c3-b979-dc927b00239d,2026-07-20T05:45:00Z,2026-07-20T07:45:00+0200,0.0,MW,NL,NL,actual_offshore_wind_generation,Wind Offshore | Actual Consumption,2026-08-17T17:16:10Z
2026-08-17T17:12:16Z,2026-08-17T19:12:16+0200,f372a1fc-a0b6-48c3-b979-dc927b00239d,2026-07-20T06:00:00Z,2026-07-20T08:00:00+0200,1756.705,MW,NL,NL,actual_offshore_wind_generation,Wind Offshore | Actual Aggregated,2026-08-17T17:16:10Z
2026-08-17T17:12:16Z,2026-08-17T19:12:16+0200,f372a1fc-a0b6-48c3-b979-dc927b00239d,2026-07-20T06:00:00Z,2026-07-20T08:00:00+0200,0.0,MW,NL,NL,actual_offshore_wind_generation,Wind Offshore | Actual Consumption,2026-08-17T17:16:10Z
2026-08-17T17:12:16Z,2026-08-17T19:12:16+0200,f372a1fc-a0b6-48c3-b979-dc927b00239d,2026-07-20T06:15:00Z,2026-07-20T08:15:00+0200,1819.148,MW,NL,NL,actual_offshore_wind_generation,Wind Offshore | Actual Aggregated,2026-08-17T17:16:10Z
2026-08-17T17:12:16Z,2026-08-17T19:12:16+0200,f372a1fc-a0b6-48c3-b979-dc927b00239d,2026-07-20T06:15:00Z,2026-07-20T08:15:00+0200,0.0,MW,NL,NL,actual_offshore_wind_generation,Wind Offshore | Actual Consumption,2026-08-17T17:16:10Z
2026-08-17T17:12:16Z,2026-08-17T19:12:16+0200,f372a1fc-a0b6-48c3-b979-dc927b00239d,2026-07-20T06:30:00Z,2026-07-20T08:30:00+0200,1753.764,MW,NL,NL,actual_offshore_wind_generation,Wind Offshore | Actual Aggregated,2026-08-17T17:16:10Z
2026-08-17T17:12:16Z,2026-08-17T19:12:16+0200,f372a1fc-a0b6-48c3-b979-dc927b00239d,2026-07-20T06:30:00Z,2026-07-20T08:30:00+0200,0.0,MW,NL,NL,actual_offshore_wind_generation,Wind Offshore | Actual Consumption,2026-08-17T17:16:10Z
2026-08-17T17:12:16Z,2026-08-17T19:12:16+0200,f372a1fc-a0b6-48c3-b979-dc927b00239d,2026-07-20T06:45:00Z,2026-07-20T08:45:00+0200,1625.13,MW,NL,NL,actual_offshore_wind_generation,Wind Offshore | Actual Aggregated,2026-08-17T17:16:10Z
2026-08-17T17:12:16Z,2026-08-17T19:12:16+0200,f372a1fc-a0b6-48c3-b979-dc927b00239d,2026-07-20T06:45:00Z,2026-07-20T08:45:00+0200,0.0,MW,NL,NL,actual_offshore_wind_generation,Wind Offshore | Actual Consumption,2026-08-17T17:16:10Z
2026-08-17T17:12:16Z,2026-08-17T19:12:16+0200,f372a1fc-a0b6-48c3-b979-dc927b00239d,2026-07-20T07:00:00Z,2026-07-20T09:00:00+0200,1569.026,MW,NL,NL,actual_offshore_wind_generation,Wind Offshore | Actual Aggregated,2026-08-17T17:16:10Z
2026-08-17T17:12:16Z,2026-08-17T19:12:16+0200,f372a1fc-a0b6-48c3-b979-dc927b00239d,2026-07-20T07:00:00Z,2026-07-20T09:00:00+0200,0.0,MW,NL,NL,actual_offshore_wind_generation,Wind Offshore | Actual Consumption,2026-08-17T17:16:10Z
2026-08-17T17:12:16Z,2026-08-17T19:12:16+0200,f372a1fc-a0b6-48c3-b979-dc927b00239d,2026-07-20T07:15:00Z,2026-07-20T09:15:00+0200,1536.177,MW,NL,NL,actual_offshore_wind_generation,Wind Offshore | Actual Aggregated,2026-08-17T17:16:10Z
2026-08-17T17:12:16Z,2026-08-17T19:12:16+0200,f372a1fc-a0b6-48c3-b979-dc927b00239d,2026-07-20T07:15:00Z,2026-07-20T09:15:00+0200,0.0,MW,NL,NL,actual_offshore_wind_generation,Wind Offshore | Actual Consumption,2026-08-17T17:16:10Z
2026-08-17T17:12:16Z,2026-08-17T19:12:16+0200,f372a1fc-a0b6-48c3-b979-dc927b00239d,2026-07-20T07:30:00Z,2026-07-20T09:30:00+0200,1612.857,MW,NL,NL,actual_offshore_wind_generation,Wind Offshore | Actual Aggregated,2026-08-17T17:16:10Z
2026-08-17T17:12:16Z,2026-08-17T19:12:16+0200,f372a1fc-a0b6-48c3-b979-dc927b00239d,2026-07-20T07:30:00Z,2026-07-20T09:30:00+0200,0.0,MW,NL,NL,actual_offshore_wind_generation,Wind Offshore | Actual Consumption,2026-08-17T17:16:10Z
2026-08-17T17:12:16Z,2026-08-17T19:12:16+0200,f372a1fc-a0b6-48c3-b979-dc927b00239d,2026-07-20T07:45:00Z,2026-07-20T09:45:00+0200,1542.451,MW,NL,NL,actual_offshore_wind_generation,Wind Offshore | Actual Aggregated,2026-08-17T17:16:10Z
2026-08-17T17:12:16Z,2026-08-17T19:12:16+0200,f372a1fc-a0b6-48c3-b979-dc927b00239d,2026-07-20T07:45:00Z,2026-07-20T09:45:00+0200,0.0,MW,NL,NL,actual_offshore_wind_generation,Wind Offshore | Actual Consumption,2026-08-17T17:16:10Z
2026-08-17T17:12:16Z,2026-08-17T19:12:16+0200,f372a1fc-a0b6-48c3-b979-dc927b00239d,2026-07-20T08:00:00Z,2026-07-20T10:00:00+0200,1475.789,MW,NL,NL,actual_offshore_wind_generation,Wind Offshore | Actual Aggregated,2026-08-17T17:16:10Z
2026-08-17T17:12:16Z,2026-08-17T19:12:16+0200,f372a1fc-a0b6-48c3-b979-dc927b00239d,2026-07-20T08:00:00Z,2026-07-20T10:00:00+0200,0.0,MW,NL,NL,actual_offshore_wind_generation,Wind Offshore | Actual Consumption,2026-08-17T17:16:10Z
2026-08-17T17:12:16Z,2026-08-17T19:12:16+0200,f372a1fc-a0b6-48c3-b979-dc927b00239d,2026-07-20T08:15:00Z,2026-07-20T10:15:00+0200,1370.031,MW,NL,NL,actual_offshore_wind_generation,Wind Offshore | Actual Aggregated,2026-08-17T17:16:10Z
2026-08-17T17:12:16Z,2026-08-17T19:12:16+0200,f372a1fc-a0b6-48c3-b979-dc927b00239d,2026-07-20T08:15:00Z,2026-07-20T10:15:00+0200,0.0,MW,NL,NL,actual_offshore_wind_generation,Wind Offshore | Actual Consumption,2026-08-17T17:16:10Z
2026-08-17T17:12:16Z,2026-08-17T19:12:16+0200,f372a1fc-a0b6-48c3-b979-dc927b00239d,2026-07-20T08:30:00Z,2026-07-20T10:30:00+0200,1411.778,MW,NL,NL,actual_offshore_wind_generation,Wind Offshore | Actual Aggregated,2026-08-17T17:16:10Z
2026-08-17T17:12:16Z,2026-08-17T19:12:16+0200,f372a1fc-a0b6-48c3-b979-dc927b00239d,2026-07-20T08:30:00Z,2026-07-20T10:30:00+0200,0.0,MW,NL,NL,actual_offshore_wind_generation,Wind Offshore | Actual Consumption,2026-08-17T17:16:10Z
2026-08-17T17:12:16Z,2026-08-17T19:12:16+0200,f372a1fc-a0b6-48c3-b979-dc927b00239d,2026-07-20T08:45:00Z,2026-07-20T10:45:00+0200,1381.583,MW,NL,NL,actual_offshore_wind_generation,Wind Offshore | Actual Aggregated,2026-08-17T17:16:10Z
2026-08-17T17:12:16Z,2026-08-17T19:12:16+0200,f372a1fc-a0b6-48c3-b979-dc927b00239d,2026-07-20T08:45:00Z,2026-07-20T10:45:00+0200,0.0,MW,NL,NL,actual_offshore_wind_generation,Wind Offshore | Actual Consumption,2026-08-17T17:16:10Z
2026-08-17T17:12:16Z,2026-08-17T19:12:16+0200,f372a1fc-a0b6-48c3-b979-dc927b00239d,2026-07-20T09:00:00Z,2026-07-20T11:00:00+0200,1154.368,MW,NL,NL,actual_offshore_wind_generation,Wind Offshore | Actual Aggregated,2026-08-17T17:16:10Z
2026-08-17T17:12:16Z,2026-08-17T19:12:16+0200,f372a1fc-a0b6-48c3-b979-dc927b00239d,2026-07-20T09:00:00Z,2026-07-20T11:00:00+0200,0.0,MW,NL,NL,actual_offshore_wind_generation,Wind Offshore | Actual Consumption,2026-08-17T17:16:10Z
2026-08-17T17:12:16Z,2026-08-17T19:12:16+0200,f372a1fc-a0b6-48c3-b979-dc927b00239d,2026-07-20T09:15:00Z,2026-07-20T11:15:00+0200,925.488,MW,NL,NL,actual_offshore_wind_generation,Wind Offshore | Actual Aggregated,2026-08-17T17:16:10Z
2026-08-17T17:12:16Z,2026-08-17T19:12:16+0200,f372a1fc-a0b6-48c3-b979-dc927b00239d,2026-07-20T09:15:00Z,2026-07-20T11:15:00+0200,0.144,MW,NL,NL,actual_offshore_wind_generation,Wind Offshore | Actual Consumption,2026-08-17T17:16:10Z
2026-08-17T17:12:16Z,2026-08-17T19:12:16+0200,f372a1fc-a0b6-48c3-b979-dc927b00239d,2026-07-20T09:30:00Z,2026-07-20T11:30:00+0200,922.417,MW,NL,NL,actual_offshore_wind_generation,Wind Offshore | Actual Aggregated,2026-08-17T17:16:10Z
2026-08-17T17:12:16Z,2026-08-17T19:12:16+0200,f372a1fc-a0b6-48c3-b979-dc927b00239d,2026-07-20T09:30:00Z,2026-07-20T11:30:00+0200,0.144,MW,NL,NL,actual_offshore_wind_generation,Wind Offshore | Actual Consumption,2026-08-17T17:16:10Z
2026-08-17T17:12:16Z,2026-08-17T19:12:16+0200,f372a1fc-a0b6-48c3-b979-dc927b00239d,2026-07-20T09:45:00Z,2026-07-20T11:45:00+0200,1057.006,MW,NL,NL,actual_offshore_wind_generation,Wind Offshore | Actual Aggregated,2026-08-17T17:16:10Z
2026-08-17T17:12:16Z,2026-08-17T19:12:16+0200,f372a1fc-a0b6-48c3-b979-dc927b00239d,2026-07-20T09:45:00Z,2026-07-20T11:45:00+0200,0.0,MW,NL,NL,actual_offshore_wind_generation,Wind Offshore | Actual Consumption,2026-08-17T17:16:10Z
2026-08-17T17:12:16Z,2026-08-17T19:12:16+0200,f372a1fc-a0b6-48c3-b979-dc927b00239d,2026-07-20T10:00:00Z,2026-07-20T12:00:00+0200,1378.778,MW,NL,NL,actual_offshore_wind_generation,Wind Offshore | Actual Aggregated,2026-08-17T17:16:10Z
2026-08-17T17:12:16Z,2026-08-17T19:12:16+0200,f372a1fc-a0b6-48c3-b979-dc927b00239d,2026-07-20T10:00:00Z,2026-07-20T12:00:00+0200,0.0,MW,NL,NL,actual_offshore_wind_generation,Wind Offshore | Actual Consumption,2026-08-17T17:16:10Z
2026-08-17T17:12:16Z,2026-08-17T19:12:16+0200,f372a1fc-a0b6-48c3-b979-dc927b00239d,2026-07-20T10:15:00Z,2026-07-20T12:15:00+0200,1428.781,MW,NL,NL,actual_offshore_wind_generation,Wind Offshore | Actual Aggregated,2026-08-17T17:16:10Z
2026-08-17T17:12:16Z,2026-08-17T19:12:16+0200,f372a1fc-a0b6-48c3-b979-dc927b00239d,2026-07-20T10:15:00Z,2026-07-20T12:15:00+0200,0.0,MW,NL,NL,actual_offshore_wind_generation,Wind Offshore | Actual Consumption,2026-08-17T17:16:10Z
2026-08-17T17:12:16Z,2026-08-17T19:12:16+0200,f372a1fc-a0b6-48c3-b979-dc927b00239d,2026-07-20T10:30:00Z,2026-07-20T12:30:00+0200,1376.83,MW,NL,NL,actual_offshore_wind_generation,Wind Offshore | Actual Aggregated,2026-08-17T17:16:10Z
2026-08-17T17:12:16Z,2026-08-17T19:12:16+0200,f372a1fc-a0b6-48c3-b979-dc927b00239d,2026-07-20T10:30:00Z,2026-07-20T12:30:00+0200,0.0,MW,NL,NL,actual_offshore_wind_generation,Wind Offshore | Actual Consumption,2026-08-17T17:16:10Z
2026-08-17T17:12:16Z,2026-08-17T19:12:16+0200,f372a1fc-a0b6-48c3-b979-dc927b00239d,2026-07-20T10:45:00Z,2026-07-20T12:45:00+0200,1232.653,MW,NL,NL,actual_offshore_wind_generation,Wind Offshore | Actual Aggregated,2026-08-17T17:16:10Z
2026-08-17T17:12:16Z,2026-08-17T19:12:16+0200,f372a1fc-a0b6-48c3-b979-dc927b00239d,2026-07-20T10:45:00Z,2026-07-20T12:45:00+0200,0.0,MW,NL,NL,actual_offshore_wind_generation,Wind Offshore | Actual Consumption,2026-08-17T17:16:10Z
2026-08-17T17:12:16Z,2026-08-17T19:12:16+0200,f372a1fc-a0b6-48c3-b979-dc927b00239d,2026-07-20T11:00:00Z,2026-07-20T13:00:00+0200,886.725,MW,NL,NL,actual_offshore_wind_generation,Wind Offshore | Actual Aggregated,2026-08-17T17:16:10Z
2026-08-17T17:12:16Z,2026-08-17T19:12:16+0200,f372a1fc-a0b6-48c3-b979-dc927b00239d,2026-07-20T11:00:00Z,2026-07-20T13:00:00+0200,0.0,MW,NL,NL,actual_offshore_wind_generation,Wind Offshore | Actual Consumption,2026-08-17T17:16:10Z
2026-08-17T17:12:16Z,2026-08-17T19:12:16+0200,f372a1fc-a0b6-48c3-b979-dc927b00239d,2026-07-20T11:15:00Z,2026-07-20T13:15:00+0200,767.695,MW,NL,NL,actual_offshore_wind_generation,Wind Offshore | Actual Aggregated,2026-08-17T17:16:10Z
2026-08-17T17:12:16Z,2026-08-17T19:12:16+0200,f372a1fc-a0b6-48c3-b979-dc927b00239d,2026-07-20T11:15:00Z,2026-07-20T13:15:00+0200,0.0,MW,NL,NL,actual_offshore_wind_generation,Wind Offshore | Actual Consumption,2026-08-17T17:16:10Z
2026-08-17T17:12:16Z,2026-08-17T19:12:16+0200,f372a1fc-a0b6-48c3-b979-dc927b00239d,2026-07-20T11:30:00Z,2026-07-20T13:30:00+0200,618.514,MW,NL,NL,actual_offshore_wind_generation,Wind Offshore | Actual Aggregated,2026-08-17T17:16:10Z
2026-08-17T17:12:16Z,2026-08-17T19:12:16+0200,f372a1fc-a0b6-48c3-b979-dc927b00239d,2026-07-20T11:30:00Z,2026-07-20T13:30:00+0200,0.144,MW,NL,NL,actual_offshore_wind_generation,Wind Offshore | Actual Consumption,2026-08-17T17:16:10Z
2026-08-17T17:12:16Z,2026-08-17T19:12:16+0200,f372a1fc-a0b6-48c3-b979-dc927b00239d,2026-07-20T11:45:00Z,2026-07-20T13:45:00+0200,605.58,MW,NL,NL,actual_offshore_wind_generation,Wind Offshore | Actual Aggregated,2026-08-17T17:16:10Z
2026-08-17T17:12:16Z,2026-08-17T19:12:16+0200,f372a1fc-a0b6-48c3-b979-dc927b00239d,2026-07-20T11:45:00Z,2026-07-20T13:45:00+0200,0.144,MW,NL,NL,actual_offshore_wind_generation,Wind Offshore | Actual Consumption,2026-08-17T17:16:10Z
2026-08-17T17:12:16Z,2026-08-17T19:12:16+0200,f372a1fc-a0b6-48c3-b979-dc927b00239d,2026-07-20T12:00:00Z,2026-07-20T14:00:00+0200,598.233,MW,NL,NL,actual_offshore_wind_generation,Wind Offshore | Actual Aggregated,2026-08-17T17:16:10Z
2026-08-17T17:12:16Z,2026-08-17T19:12:16+0200,f372a1fc-a0b6-48c3-b979-dc927b00239d,2026-07-20T12:00:00Z,2026-07-20T14:00:00+0200,0.432,MW,NL,NL,actual_offshore_wind_generation,Wind Offshore | Actual Consumption,2026-08-17T17:16:10Z
2026-08-17T17:12:16Z,2026-08-17T19:12:16+0200,f372a1fc-a0b6-48c3-b979-dc927b00239d,2026-07-20T12:15:00Z,2026-07-20T14:15:00+0200,638.062,MW,NL,NL,actual_offshore_wind_generation,Wind Offshore | Actual Aggregated,2026-08-17T17:16:10Z
2026-08-17T17:12:16Z,2026-08-17T19:12:16+0200,f372a1fc-a0b6-48c3-b979-dc927b00239d,2026-07-20T12:15:00Z,2026-07-20T14:15:00+0200,0.432,MW,NL,NL,actual_offshore_wind_generation,Wind Offshore | Actual Consumption,2026-08-17T17:16:10Z
2026-08-17T17:12:16Z,2026-08-17T19:12:16+0200,f372a1fc-a0b6-48c3-b979-dc927b00239d,2026-07-20T12:30:00Z,2026-07-20T14:30:00+0200,820.737,MW,NL,NL,actual_offshore_wind_generation,Wind Offshore | Actual Aggregated,2026-08-17T17:16:10Z
2026-08-17T17:12:16Z,2026-08-17T19:12:16+0200,f372a1fc-a0b6-48c3-b979-dc927b00239d,2026-07-20T12:30:00Z,2026-07-20T14:30:00+0200,0.0,MW,NL,NL,actual_offshore_wind_generation,Wind Offshore | Actual Consumption,2026-08-17T17:16:10Z
2026-08-17T17:12:16Z,2026-08-17T19:12:16+0200,f372a1fc-a0b6-48c3-b979-dc927b00239d,2026-07-20T12:45:00Z,2026-07-20T14:45:00+0200,705.855,MW,NL,NL,actual_offshore_wind_generation,Wind Offshore | Actual Aggregated,2026-08-17T17:16:10Z
2026-08-17T17:12:16Z,2026-08-17T19:12:16+0200,f372a1fc-a0b6-48c3-b979-dc927b00239d,2026-07-20T12:45:00Z,2026-07-20T14:45:00+0200,0.0,MW,NL,NL,actual_offshore_wind_generation,Wind Offshore | Actual Consumption,2026-08-17T17:16:10Z
2026-08-17T17:12:16Z,2026-08-17T19:12:16+0200,f372a1fc-a0b6-48c3-b979-dc927b00239d,2026-07-20T13:00:00Z,2026-07-20T15:00:00+0200,496.227,MW,NL,NL,actual_offshore_wind_generation,Wind Offshore | Actual Aggregated,2026-08-17T17:16:10Z
2026-08-17T17:12:16Z,2026-08-17T19:12:16+0200,f372a1fc-a0b6-48c3-b979-dc927b00239d,2026-07-20T13:00:00Z,2026-07-20T15:00:00+0200,0.288,MW,NL,NL,actual_offshore_wind_generation,Wind Offshore | Actual Consumption,2026-08-17T17:16:10Z
2026-08-17T17:12:16Z,2026-08-17T19:12:16+0200,f372a1fc-a0b6-48c3-b979-dc927b00239d,2026-07-20T13:15:00Z,2026-07-20T15:15:00+0200,449.219,MW,NL,NL,actual_offshore_wind_generation,Wind Offshore | Actual Aggregated,2026-08-17T17:16:10Z
2026-08-17T17:12:16Z,2026-08-17T19:12:16+0200,f372a1fc-a0b6-48c3-b979-dc927b00239d,2026-07-20T13:15:00Z,2026-07-20T15:15:00+0200,0.288,MW,NL,NL,actual_offshore_wind_generation,Wind Offshore | Actual Consumption,2026-08-17T17:16:10Z
2026-08-17T17:12:16Z,2026-08-17T19:12:16+0200,f372a1fc-a0b6-48c3-b979-dc927b00239d,2026-07-20T13:30:00Z,2026-07-20T15:30:00+0200,556.904,MW,NL,NL,actual_offshore_wind_generation,Wind Offshore | Actual Aggregated,2026-08-17T17:16:10Z
2026-08-17T17:12:16Z,2026-08-17T19:12:16+0200,f372a1fc-a0b6-48c3-b979-dc927b00239d,2026-07-20T13:30:00Z,2026-07-20T15:30:00+0200,0.144,MW,NL,NL,actual_offshore_wind_generation,Wind Offshore | Actual Consumption,2026-08-17T17:16:10Z
2026-08-17T17:12:16Z,2026-08-17T19:12:16+0200,f372a1fc-a0b6-48c3-b979-dc927b00239d,2026-07-20T13:45:00Z,2026-07-20T15:45:00+0200,472.65,MW,NL,NL,actual_offshore_wind_generation,Wind Offshore | Actual Aggregated,2026-08-17T17:16:10Z
2026-08-17T17:12:16Z,2026-08-17T19:12:16+0200,f372a1fc-a0b6-48c3-b979-dc927b00239d,2026-07-20T13:45:00Z,2026-07-20T15:45:00+0200,0.432,MW,NL,NL,actual_offshore_wind_generation,Wind Offshore | Actual Consumption,2026-08-17T17:16:10Z
2026-08-17T17:12:16Z,2026-08-17T19:12:16+0200,f372a1fc-a0b6-48c3-b979-dc927b00239d,2026-07-20T14:00:00Z,2026-07-20T16:00:00+0200,641.082,MW,NL,NL,actual_offshore_wind_generation,Wind Offshore | Actual Aggregated,2026-08-17T17:16:10Z
2026-08-17T17:12:16Z,2026-08-17T19:12:16+0200,f372a1fc-a0b6-48c3-b979-dc927b00239d,2026-07-20T14:00:00Z,2026-07-20T16:00:00+0200,0.0,MW,NL,NL,actual_offshore_wind_generation,Wind Offshore | Actual Consumption,2026-08-17T17:16:10Z
2026-08-17T17:12:16Z,2026-08-17T19:12:16+0200,f372a1fc-a0b6-48c3-b979-dc927b00239d,2026-07-20T14:15:00Z,2026-07-20T16:15:00+0200,589.738,MW,NL,NL,actual_offshore_wind_generation,Wind Offshore | Actual Aggregated,2026-08-17T17:16:10Z
2026-08-17T17:12:16Z,2026-08-17T19:12:16+0200,f372a1fc-a0b6-48c3-b979-dc927b00239d,2026-07-20T14:15:00Z,2026-07-20T16:15:00+0200,0.0,MW,NL,NL,actual_offshore_wind_generation,Wind Offshore | Actual Consumption,2026-08-17T17:16:10Z
2026-08-17T17:12:16Z,2026-08-17T19:12:16+0200,f372a1fc-a0b6-48c3-b979-dc927b00239d,2026-07-20T14:30:00Z,2026-07-20T16:30:00+0200,522.425,MW,NL,NL,actual_offshore_wind_generation,Wind Offshore | Actual Aggregated,2026-08-17T17:16:10Z
2026-08-17T17:12:16Z,2026-08-17T19:12:16+0200,f372a1fc-a0b6-48c3-b979-dc927b00239d,2026-07-20T14:30:00Z,2026-07-20T16:30:00+0200,0.288,MW,NL,NL,actual_offshore_wind_generation,Wind Offshore | Actual Consumption,2026-08-17T17:16:10Z
2026-08-17T17:12:16Z,2026-08-17T19:12:16+0200,f372a1fc-a0b6-48c3-b979-dc927b00239d,2026-07-20T14:45:00Z,2026-07-20T16:45:00+0200,829.931,MW,NL,NL,actual_offshore_wind_generation,Wind Offshore | Actual Aggregated,2026-08-17T17:16:10Z
2026-08-17T17:12:16Z,2026-08-17T19:12:16+0200,f372a1fc-a0b6-48c3-b979-dc927b00239d,2026-07-20T14:45:00Z,2026-07-20T16:45:00+0200,0.0,MW,NL,NL,actual_offshore_wind_generation,Wind Offshore | Actual Consumption,2026-08-17T17:16:10Z
2026-08-17T17:12:16Z,2026-08-17T19:12:16+0200,f372a1fc-a0b6-48c3-b979-dc927b00239d,2026-07-20T15:00:00Z,2026-07-20T17:00:00+0200,594.441,MW,NL,NL,actual_offshore_wind_generation,Wind Offshore | Actual Aggregated,2026-08-17T17:16:10Z
2026-08-17T17:12:16Z,2026-08-17T19:12:16+0200,f372a1fc-a0b6-48c3-b979-dc927b00239d,2026-07-20T15:00:00Z,2026-07-20T17:00:00+0200,0.144,MW,NL,NL,actual_offshore_wind_generation,Wind Offshore | Actual Consumption,2026-08-17T17:16:10Z
2026-08-17T17:12:16Z,2026-08-17T19:12:16+0200,f372a1fc-a0b6-48c3-b979-dc927b00239d,2026-07-20T15:15:00Z,2026-07-20T17:15:00+0200,712.996,MW,NL,NL,actual_offshore_wind_generation,Wind Offshore | Actual Aggregated,2026-08-17T17:16:10Z
2026-08-17T17:12:16Z,2026-08-17T19:12:16+0200,f372a1fc-a0b6-48c3-b979-dc927b00239d,2026-07-20T15:15:00Z,2026-07-20T17:15:00+0200,0.0,MW,NL,NL,actual_offshore_wind_generation,Wind Offshore | Actual Consumption,2026-08-17T17:16:10Z
2026-08-17T17:12:16Z,2026-08-17T19:12:16+0200,f372a1fc-a0b6-48c3-b979-dc927b00239d,2026-07-20T15:30:00Z,2026-07-20T17:30:00+0200,910.966,MW,NL,NL,actual_offshore_wind_generation,Wind Offshore | Actual Aggregated,2026-08-17T17:16:10Z
2026-08-17T17:12:16Z,2026-08-17T19:12:16+0200,f372a1fc-a0b6-48c3-b979-dc927b00239d,2026-07-20T15:30:00Z,2026-07-20T17:30:00+0200,0.0,MW,NL,NL,actual_offshore_wind_generation,Wind Offshore | Actual Consumption,2026-08-17T17:16:10Z
2026-08-17T17:12:16Z,2026-08-17T19:12:16+0200,f372a1fc-a0b6-48c3-b979-dc927b00239d,2026-07-20T15:45:00Z,2026-07-20T17:45:00+0200,944.16,MW,NL,NL,actual_offshore_wind_generation,Wind Offshore | Actual Aggregated,2026-08-17T17:16:10Z
2026-08-17T17:12:16Z,2026-08-17T19:12:16+0200,f372a1fc-a0b6-48c3-b979-dc927b00239d,2026-07-20T15:45:00Z,2026-07-20T17:45:00+0200,0.0,MW,NL,NL,actual_offshore_wind_generation,Wind Offshore | Actual Consumption,2026-08-17T17:16:10Z
2026-08-17T17:12:16Z,2026-08-17T19:12:16+0200,f372a1fc-a0b6-48c3-b979-dc927b00239d,2026-07-20T16:00:00Z,2026-07-20T18:00:00+0200,972.413,MW,NL,NL,actual_offshore_wind_generation,Wind Offshore | Actual Aggregated,2026-08-17T17:16:10Z
2026-08-17T17:12:16Z,2026-08-17T19:12:16+0200,f372a1fc-a0b6-48c3-b979-dc927b00239d,2026-07-20T16:00:00Z,2026-07-20T18:00:00+0200,0.0,MW,NL,NL,actual_offshore_wind_generation,Wind Offshore | Actual Consumption,2026-08-17T17:16:10Z
2026-08-17T17:12:16Z,2026-08-17T19:12:16+0200,f372a1fc-a0b6-48c3-b979-dc927b00239d,2026-07-20T16:15:00Z,2026-07-20T18:15:00+0200,1023.262,MW,NL,NL,actual_offshore_wind_generation,Wind Offshore | Actual Aggregated,2026-08-17T17:16:10Z
2026-08-17T17:12:16Z,2026-08-17T19:12:16+0200,f372a1fc-a0b6-48c3-b979-dc927b00239d,2026-07-20T16:15:00Z,2026-07-20T18:15:00+0200,0.0,MW,NL,NL,actual_offshore_wind_generation,Wind Offshore | Actual Consumption,2026-08-17T17:16:10Z
2026-08-17T17:12:16Z,2026-08-17T19:12:16+0200,f372a1fc-a0b6-48c3-b979-dc927b00239d,2026-07-20T16:30:00Z,2026-07-20T18:30:00+0200,1143.556,MW,NL,NL,actual_offshore_wind_generation,Wind Offshore | Actual Aggregated,2026-08-17T17:16:10Z
2026-08-17T17:12:16Z,2026-08-17T19:12:16+0200,f372a1fc-a0b6-48c3-b979-dc927b00239d,2026-07-20T16:30:00Z,2026-07-20T18:30:00+0200,3.389,MW,NL,NL,actual_offshore_wind_generation,Wind Offshore | Actual Consumption,2026-08-17T17:16:10Z
2026-08-17T17:12:16Z,2026-08-17T19:12:16+0200,f372a1fc-a0b6-48c3-b979-dc927b00239d,2026-07-20T16:45:00Z,2026-07-20T18:45:00+0200,1217.252,MW,NL,NL,actual_offshore_wind_generation,Wind Offshore | Actual Aggregated,2026-08-17T17:16:10Z
2026-08-17T17:12:16Z,2026-08-17T19:12:16+0200,f372a1fc-a0b6-48c3-b979-dc927b00239d,2026-07-20T16:45:00Z,2026-07-20T18:45:00+0200,3.9,MW,NL,NL,actual_offshore_wind_generation,Wind Offshore | Actual Consumption,2026-08-17T17:16:10Z
2026-08-17T17:12:16Z,2026-08-17T19:12:16+0200,f372a1fc-a0b6-48c3-b979-dc927b00239d,2026-07-20T17:00:00Z,2026-07-20T19:00:00+0200,1249.731,MW,NL,NL,actual_offshore_wind_generation,Wind Offshore | Actual Aggregated,2026-08-17T17:16:10Z
2026-08-17T17:12:16Z,2026-08-17T19:12:16+0200,f372a1fc-a0b6-48c3-b979-dc927b00239d,2026-07-20T17:00:00Z,2026-07-20T19:00:00+0200,3.583,MW,NL,NL,actual_offshore_wind_generation,Wind Offshore | Actual Consumption,2026-08-17T17:16:10Z
2026-08-17T17:12:16Z,2026-08-17T19:12:16+0200,f372a1fc-a0b6-48c3-b979-dc927b00239d,2026-07-20T17:15:00Z,2026-07-20T19:15:00+0200,1282.736,MW,NL,NL,actual_offshore_wind_generation,Wind Offshore | Actual Aggregated,2026-08-17T17:16:10Z
2026-08-17T17:12:16Z,2026-08-17T19:12:16+0200,f372a1fc-a0b6-48c3-b979-dc927b00239d,2026-07-20T17:15:00Z,2026-07-20T19:15:00+0200,3.575,MW,NL,NL,actual_offshore_wind_generation,Wind Offshore | Actual Consumption,2026-08-17T17:16:10Z
2026-08-17T17:12:16Z,2026-08-17T19:12:16+0200,f372a1fc-a0b6-48c3-b979-dc927b00239d,2026-07-20T17:30:00Z,2026-07-20T19:30:00+0200,1278.245,MW,NL,NL,actual_offshore_wind_generation,Wind Offshore | Actual Aggregated,2026-08-17T17:16:10Z
2026-08-17T17:12:16Z,2026-08-17T19:12:16+0200,f372a1fc-a0b6-48c3-b979-dc927b00239d,2026-07-20T17:30:00Z,2026-07-20T19:30:00+0200,3.803,MW,NL,NL,actual_offshore_wind_generation,Wind Offshore | Actual Consumption,2026-08-17T17:16:10Z
2026-08-17T17:12:16Z,2026-08-17T19:12:16+0200,f372a1fc-a0b6-48c3-b979-dc927b00239d,2026-07-20T17:45:00Z,2026-07-20T19:45:00+0200,1285.445,MW,NL,NL,actual_offshore_wind_generation,Wind Offshore | Actual Aggregated,2026-08-17T17:16:10Z
2026-08-17T17:12:16Z,2026-08-17T19:12:16+0200,f372a1fc-a0b6-48c3-b979-dc927b00239d,2026-07-20T17:45:00Z,2026-07-20T19:45:00+0200,3.668,MW,NL,NL,actual_offshore_wind_generation,Wind Offshore | Actual Consumption,2026-08-17T17:16:10Z
2026-08-17T17:12:16Z,2026-08-17T19:12:16+0200,f372a1fc-a0b6-48c3-b979-dc927b00239d,2026-07-20T18:00:00Z,2026-07-20T20:00:00+0200,1271.72,MW,NL,NL,actual_offshore_wind_generation,Wind Offshore | Actual Aggregated,2026-08-17T17:16:10Z
2026-08-17T17:12:16Z,2026-08-17T19:12:16+0200,f372a1fc-a0b6-48c3-b979-dc927b00239d,2026-07-20T18:00:00Z,2026-07-20T20:00:00+0200,4.539,MW,NL,NL,actual_offshore_wind_generation,Wind Offshore | Actual Consumption,2026-08-17T17:16:10Z
2026-08-17T17:12:16Z,2026-08-17T19:12:16+0200,f372a1fc-a0b6-48c3-b979-dc927b00239d,2026-07-20T18:15:00Z,2026-07-20T20:15:00+0200,1256.521,MW,NL,NL,actual_offshore_wind_generation,Wind Offshore | Actual Aggregated,2026-08-17T17:16:10Z
2026-08-17T17:12:16Z,2026-08-17T19:12:16+0200,f372a1fc-a0b6-48c3-b979-dc927b00239d,2026-07-20T18:15:00Z,2026-07-20T20:15:00+0200,4.366,MW,NL,NL,actual_offshore_wind_generation,Wind Offshore | Actual Consumption,2026-08-17T17:16:10Z
2026-08-17T17:12:16Z,2026-08-17T19:12:16+0200,f372a1fc-a0b6-48c3-b979-dc927b00239d,2026-07-20T18:30:00Z,2026-07-20T20:30:00+0200,1214.652,MW,NL,NL,actual_offshore_wind_generation,Wind Offshore | Actual Aggregated,2026-08-17T17:16:10Z
2026-08-17T17:12:16Z,2026-08-17T19:12:16+0200,f372a1fc-a0b6-48c3-b979-dc927b00239d,2026-07-20T18:30:00Z,2026-07-20T20:30:00+0200,4.377,MW,NL,NL,actual_offshore_wind_generation,Wind Offshore | Actual Consumption,2026-08-17T17:16:10Z
2026-08-17T17:12:16Z,2026-08-17T19:12:16+0200,f372a1fc-a0b6-48c3-b979-dc927b00239d,2026-07-20T18:45:00Z,2026-07-20T20:45:00+0200,1187.912,MW,NL,NL,actual_offshore_wind_generation,Wind Offshore | Actual Aggregated,2026-08-17T17:16:10Z
2026-08-17T17:12:16Z,2026-08-17T19:12:16+0200,f372a1fc-a0b6-48c3-b979-dc927b00239d,2026-07-20T18:45:00Z,2026-07-20T20:45:00+0200,4.057,MW,NL,NL,actual_offshore_wind_generation,Wind Offshore | Actual Consumption,2026-08-17T17:16:10Z
2026-08-17T17:12:16Z,2026-08-17T19:12:16+0200,f372a1fc-a0b6-48c3-b979-dc927b00239d,2026-07-20T19:00:00Z,2026-07-20T21:00:00+0200,1163.228,MW,NL,NL,actual_offshore_wind_generation,Wind Offshore | Actual Aggregated,2026-08-17T17:16:10Z
2026-08-17T17:12:16Z,2026-08-17T19:12:16+0200,f372a1fc-a0b6-48c3-b979-dc927b00239d,2026-07-20T19:00:00Z,2026-07-20T21:00:00+0200,4.176,MW,NL,NL,actual_offshore_wind_generation,Wind Offshore | Actual Consumption,2026-08-17T17:16:10Z
2026-08-17T17:12:16Z,2026-08-17T19:12:16+0200,f372a1fc-a0b6-48c3-b979-dc927b00239d,2026-07-20T19:15:00Z,2026-07-20T21:15:00+0200,1109.85,MW,NL,NL,actual_offshore_wind_generation,Wind Offshore | Actual Aggregated,2026-08-17T17:16:10Z
2026-08-17T17:12:16Z,2026-08-17T19:12:16+0200,f372a1fc-a0b6-48c3-b979-dc927b00239d,2026-07-20T19:15:00Z,2026-07-20T21:15:00+0200,3.577,MW,NL,NL,actual_offshore_wind_generation,Wind Offshore | Actual Consumption,2026-08-17T17:16:10Z
2026-08-17T17:12:16Z,2026-08-17T19:12:16+0200,f372a1fc-a0b6-48c3-b979-dc927b00239d,2026-07-20T19:30:00Z,2026-07-20T21:30:00+0200,1087.658,MW,NL,NL,actual_offshore_wind_generation,Wind Offshore | Actual Aggregated,2026-08-17T17:16:10Z
2026-08-17T17:12:16Z,2026-08-17T19:12:16+0200,f372a1fc-a0b6-48c3-b979-dc927b00239d,2026-07-20T19:30:00Z,2026-07-20T21:30:00+0200,3.595,MW,NL,NL,actual_offshore_wind_generation,Wind Offshore | Actual Consumption,2026-08-17T17:16:10Z
2026-08-17T17:12:16Z,2026-08-17T19:12:16+0200,f372a1fc-a0b6-48c3-b979-dc927b00239d,2026-07-20T19:45:00Z,2026-07-20T21:45:00+0200,1051.239,MW,NL,NL,actual_offshore_wind_generation,Wind Offshore | Actual Aggregated,2026-08-17T17:16:10Z
2026-08-17T17:12:16Z,2026-08-17T19:12:16+0200,f372a1fc-a0b6-48c3-b979-dc927b00239d,2026-07-20T19:45:00Z,2026-07-20T21:45:00+0200,3.988,MW,NL,NL,actual_offshore_wind_generation,Wind Offshore | Actual Consumption,2026-08-17T17:16:10Z
2026-08-17T17:12:16Z,2026-08-17T19:12:16+0200,f372a1fc-a0b6-48c3-b979-dc927b00239d,2026-07-20T20:00:00Z,2026-07-20T22:00:00+0200,1046.201,MW,NL,NL,actual_offshore_wind_generation,Wind Offshore | Actual Aggregated,2026-08-17T17:16:10Z
2026-08-17T17:12:16Z,2026-08-17T19:12:16+0200,f372a1fc-a0b6-48c3-b979-dc927b00239d,2026-07-20T20:00:00Z,2026-07-20T22:00:00+0200,2.92,MW,NL,NL,actual_offshore_wind_generation,Wind Offshore | Actual Consumption,2026-08-17T17:16:10Z
2026-08-17T17:12:16Z,2026-08-17T19:12:16+0200,f372a1fc-a0b6-48c3-b979-dc927b00239d,2026-07-20T20:15:00Z,2026-07-20T22:15:00+0200,1028.326,MW,NL,NL,actual_offshore_wind_generation,Wind Offshore | Actual Aggregated,2026-08-17T17:16:10Z
2026-08-17T17:12:16Z,2026-08-17T19:12:16+0200,f372a1fc-a0b6-48c3-b979-dc927b00239d,2026-07-20T20:15:00Z,2026-07-20T22:15:00+0200,2.684,MW,NL,NL,actual_offshore_wind_generation,Wind Offshore | Actual Consumption,2026-08-17T17:16:10Z
2026-08-17T17:12:16Z,2026-08-17T19:12:16+0200,f372a1fc-a0b6-48c3-b979-dc927b00239d,2026-07-20T20:30:00Z,2026-07-20T22:30:00+0200,1029.264,MW,NL,NL,actual_offshore_wind_generation,Wind Offshore | Actual Aggregated,2026-08-17T17:16:10Z
2026-08-17T17:12:16Z,2026-08-17T19:12:16+0200,f372a1fc-a0b6-48c3-b979-dc927b00239d,2026-07-20T20:30:00Z,2026-07-20T22:30:00+0200,3.359,MW,NL,NL,actual_offshore_wind_generation,Wind Offshore | Actual Consumption,2026-08-17T17:16:10Z
2026-08-17T17:12:16Z,2026-08-17T19:12:16+0200,f372a1fc-a0b6-48c3-b979-dc927b00239d,2026-07-20T20:45:00Z,2026-07-20T22:45:00+0200,1011.796,MW,NL,NL,actual_offshore_wind_generation,Wind Offshore | Actual Aggregated,2026-08-17T17:16:10Z
2026-08-17T17:12:16Z,2026-08-17T19:12:16+0200,f372a1fc-a0b6-48c3-b979-dc927b00239d,2026-07-20T20:45:00Z,2026-07-20T22:45:00+0200,3.195,MW,NL,NL,actual_offshore_wind_generation,Wind Offshore | Actual Consumption,2026-08-17T17:16:10Z
2026-08-17T17:12:16Z,2026-08-17T19:12:16+0200,f372a1fc-a0b6-48c3-b979-dc927b00239d,2026-07-20T21:00:00Z,2026-07-20T23:00:00+0200,1014.937,MW,NL,NL,actual_offshore_wind_generation,Wind Offshore | Actual Aggregated,2026-08-17T17:16:10Z
2026-08-17T17:12:16Z,2026-08-17T19:12:16+0200,f372a1fc-a0b6-48c3-b979-dc927b00239d,2026-07-20T21:00:00Z,2026-07-20T23:00:00+0200,4.889,MW,NL,NL,actual_offshore_wind_generation,Wind Offshore | Actual Consumption,2026-08-17T17:16:10Z
2026-08-17T17:12:16Z,2026-08-17T19:12:16+0200,f372a1fc-a0b6-48c3-b979-dc927b00239d,2026-07-20T21:15:00Z,2026-07-20T23:15:00+0200,984.813,MW,NL,NL,actual_offshore_wind_generation,Wind Offshore | Actual Aggregated,2026-08-17T17:16:10Z
2026-08-17T17:12:16Z,2026-08-17T19:12:16+0200,f372a1fc-a0b6-48c3-b979-dc927b00239d,2026-07-20T21:15:00Z,2026-07-20T23:15:00+0200,4.108,MW,NL,NL,actual_offshore_wind_generation,Wind Offshore | Actual Consumption,2026-08-17T17:16:10Z
2026-08-17T17:12:16Z,2026-08-17T19:12:16+0200,f372a1fc-a0b6-48c3-b979-dc927b00239d,2026-07-20T21:30:00Z,2026-07-20T23:30:00+0200,950.896,MW,NL,NL,actual_offshore_wind_generation,Wind Offshore | Actual Aggregated,2026-08-17T17:16:10Z
2026-08-17T17:12:16Z,2026-08-17T19:12:16+0200,f372a1fc-a0b6-48c3-b979-dc927b00239d,2026-07-20T21:30:00Z,2026-07-20T23:30:00+0200,3.699,MW,NL,NL,actual_offshore_wind_generation,Wind Offshore | Actual Consumption,2026-08-17T17:16:10Z
2026-08-17T17:12:16Z,2026-08-17T19:12:16+0200,f372a1fc-a0b6-48c3-b979-dc927b00239d,2026-07-20T21:45:00Z,2026-07-20T23:45:00+0200,911.712,MW,NL,NL,actual_offshore_wind_generation,Wind Offshore | Actual Aggregated,2026-08-17T17:16:10Z
2026-08-17T17:12:16Z,2026-08-17T19:12:16+0200,f372a1fc-a0b6-48c3-b979-dc927b00239d,2026-07-20T21:45:00Z,2026-07-20T23:45:00+0200,3.176,MW,NL,NL,actual_offshore_wind_generation,Wind Offshore | Actual Consumption,2026-08-17T17:16:10Z
2026-08-17T17:12:16Z,2026-08-17T19:12:16+0200,f372a1fc-a0b6-48c3-b979-dc927b00239d,2026-07-20T22:00:00Z,2026-07-21T00:00:00+0200,891.784,MW,NL,NL,actual_offshore_wind_generation,Wind Offshore | Actual Aggregated,2026-08-17T17:16:10Z
2026-08-17T17:12:16Z,2026-08-17T19:12:16+0200,f372a1fc-a0b6-48c3-b979-dc927b00239d,2026-07-20T22:00:00Z,2026-07-21T00:00:00+0200,3.77,MW,NL,NL,actual_offshore_wind_generation,Wind Offshore | Actual Consumption,2026-08-17T17:16:10Z
2026-08-17T17:12:16Z,2026-08-17T19:12:16+0200,f372a1fc-a0b6-48c3-b979-dc927b00239d,2026-07-20T22:15:00Z,2026-07-21T00:15:00+0200,891.881,MW,NL,NL,actual_offshore_wind_generation,Wind Offshore | Actual Aggregated,2026-08-17T17:16:10Z
2026-08-17T17:12:16Z,2026-08-17T19:12:16+0200,f372a1fc-a0b6-48c3-b979-dc927b00239d,2026-07-20T22:15:00Z,2026-07-21T00:15:00+0200,4.881,MW,NL,NL,actual_offshore_wind_generation,Wind Offshore | Actual Consumption,2026-08-17T17:16:10Z
2026-08-17T17:12:16Z,2026-08-17T19:12:16+0200,f372a1fc-a0b6-48c3-b979-dc927b00239d,2026-07-20T22:30:00Z,2026-07-21T00:30:00+0200,864.384,MW,NL,NL,actual_offshore_wind_generation,Wind Offshore | Actual Aggregated,2026-08-17T17:16:10Z
2026-08-17T17:12:16Z,2026-08-17T19:12:16+0200,f372a1fc-a0b6-48c3-b979-dc927b00239d,2026-07-20T22:30:00Z,2026-07-21T00:30:00+0200,3.446,MW,NL,NL,actual_offshore_wind_generation,Wind Offshore | Actual Consumption,2026-08-17T17:16:10Z
2026-08-17T17:12:16Z,2026-08-17T19:12:16+0200,f372a1fc-a0b6-48c3-b979-dc927b00239d,2026-07-20T22:45:00Z,2026-07-21T00:45:00+0200,814.961,MW,NL,NL,actual_offshore_wind_generation,Wind Offshore | Actual Aggregated,2026-08-17T17:16:10Z
2026-08-17T17:12:16Z,2026-08-17T19:12:16+0200,f372a1fc-a0b6-48c3-b979-dc927b00239d,2026-07-20T22:45:00Z,2026-07-21T00:45:00+0200,3.893,MW,NL,NL,actual_offshore_wind_generation,Wind Offshore | Actual Consumption,2026-08-17T17:16:10Z
2026-08-17T17:12:16Z,2026-08-17T19:12:16+0200,f372a1fc-a0b6-48c3-b979-dc927b00239d,2026-07-20T23:00:00Z,2026-07-21T01:00:00+0200,757.004,MW,NL,NL,actual_offshore_wind_generation,Wind Offshore | Actual Aggregated,2026-08-17T17:16:10Z
2026-08-17T17:12:16Z,2026-08-17T19:12:16+0200,f372a1fc-a0b6-48c3-b979-dc927b00239d,2026-07-20T23:00:00Z,2026-07-21T01:00:00+0200,2.832,MW,NL,NL,actual_offshore_wind_generation,Wind Offshore | Actual Consumption,2026-08-17T17:16:10Z
2026-08-17T17:12:16Z,2026-08-17T19:12:16+0200,f372a1fc-a0b6-48c3-b979-dc927b00239d,2026-07-20T23:15:00Z,2026-07-21T01:15:00+0200,729.058,MW,NL,NL,actual_offshore_wind_generation,Wind Offshore | Actual Aggregated,2026-08-17T17:16:10Z
2026-08-17T17:12:16Z,2026-08-17T19:12:16+0200,f372a1fc-a0b6-48c3-b979-dc927b00239d,2026-07-20T23:15:00Z,2026-07-21T01:15:00+0200,2.159,MW,NL,NL,actual_offshore_wind_generation,Wind Offshore | Actual Consumption,2026-08-17T17:16:10Z
2026-08-17T17:12:16Z,2026-08-17T19:12:16+0200,f372a1fc-a0b6-48c3-b979-dc927b00239d,2026-07-20T23:30:00Z,2026-07-21T01:30:00+0200,670.303,MW,NL,NL,actual_offshore_wind_generation,Wind Offshore | Actual Aggregated,2026-08-17T17:16:10Z
2026-08-17T17:12:16Z,2026-08-17T19:12:16+0200,f372a1fc-a0b6-48c3-b979-dc927b00239d,2026-07-20T23:30:00Z,2026-07-21T01:30:00+0200,3.417,MW,NL,NL,actual_offshore_wind_generation,Wind Offshore | Actual Consumption,2026-08-17T17:16:10Z
2026-08-17T17:12:16Z,2026-08-17T19:12:16+0200,f372a1fc-a0b6-48c3-b979-dc927b00239d,2026-07-20T23:45:00Z,2026-07-21T01:45:00+0200,650.592,MW,NL,NL,actual_offshore_wind_generation,Wind Offshore | Actual Aggregated,2026-08-17T17:16:10Z
2026-08-17T17:12:16Z,2026-08-17T19:12:16+0200,f372a1fc-a0b6-48c3-b979-dc927b00239d,2026-07-20T23:45:00Z,2026-07-21T01:45:00+0200,3.813,MW,NL,NL,actual_offshore_wind_generation,Wind Offshore | Actual Consumption,2026-08-17T17:16:10Z
2026-08-17T17:12:16Z,2026-08-17T19:12:16+0200,f372a1fc-a0b6-48c3-b979-dc927b00239d,2026-07-21T00:00:00Z,2026-07-21T02:00:00+0200,591.557,MW,NL,NL,actual_offshore_wind_generation,Wind Offshore | Actual Aggregated,2026-08-17T17:16:10Z
2026-08-17T17:12:16Z,2026-08-17T19:12:16+0200,f372a1fc-a0b6-48c3-b979-dc927b00239d,2026-07-21T00:00:00Z,2026-07-21T02:00:00+0200,3.247,MW,NL,NL,actual_offshore_wind_generation,Wind Offshore | Actual Consumption,2026-08-17T17:16:10Z
2026-08-17T17:12:16Z,2026-08-17T19:12:16+0200,f372a1fc-a0b6-48c3-b979-dc927b00239d,2026-07-21T00:15:00Z,2026-07-21T02:15:00+0200,547.575,MW,NL,NL,actual_offshore_wind_generation,Wind Offshore | Actual Aggregated,2026-08-17T17:16:10Z
2026-08-17T17:12:16Z,2026-08-17T19:12:16+0200,f372a1fc-a0b6-48c3-b979-dc927b00239d,2026-07-21T00:15:00Z,2026-07-21T02:15:00+0200,3.277,MW,NL,NL,actual_offshore_wind_generation,Wind Offshore | Actual Consumption,2026-08-17T17:16:10Z
2026-08-17T17:12:16Z,2026-08-17T19:12:16+0200,f372a1fc-a0b6-48c3-b979-dc927b00239d,2026-07-21T00:30:00Z,2026-07-21T02:30:00+0200,516.463,MW,NL,NL,actual_offshore_wind_generation,Wind Offshore | Actual Aggregated,2026-08-17T17:16:10Z
2026-08-17T17:12:16Z,2026-08-17T19:12:16+0200,f372a1fc-a0b6-48c3-b979-dc927b00239d,2026-07-21T00:30:00Z,2026-07-21T02:30:00+0200,2.406,MW,NL,NL,actual_offshore_wind_generation,Wind Offshore | Actual Consumption,2026-08-17T17:16:10Z
2026-08-17T17:12:16Z,2026-08-17T19:12:16+0200,f372a1fc-a0b6-48c3-b979-dc927b00239d,2026-07-21T00:45:00Z,2026-07-21T02:45:00+0200,474.028,MW,NL,NL,actual_offshore_wind_generation,Wind Offshore | Actual Aggregated,2026-08-17T17:16:10Z
2026-08-17T17:12:16Z,2026-08-17T19:12:16+0200,f372a1fc-a0b6-48c3-b979-dc927b00239d,2026-07-21T00:45:00Z,2026-07-21T02:45:00+0200,2.589,MW,NL,NL,actual_offshore_wind_generation,Wind Offshore | Actual Consumption,2026-08-17T17:16:10Z
2026-08-17T17:12:16Z,2026-08-17T19:12:16+0200,f372a1fc-a0b6-48c3-b979-dc927b00239d,2026-07-21T01:00:00Z,2026-07-21T03:00:00+0200,476.335,MW,NL,NL,actual_offshore_wind_generation,Wind Offshore | Actual Aggregated,2026-08-17T17:16:10Z
2026-08-17T17:12:16Z,2026-08-17T19:12:16+0200,f372a1fc-a0b6-48c3-b979-dc927b00239d,2026-07-21T01:00:00Z,2026-07-21T03:00:00+0200,2.24,MW,NL,NL,actual_offshore_wind_generation,Wind Offshore | Actual Consumption,2026-08-17T17:16:10Z
2026-08-17T17:12:16Z,2026-08-17T19:12:16+0200,f372a1fc-a0b6-48c3-b979-dc927b00239d,2026-07-21T01:15:00Z,2026-07-21T03:15:00+0200,471.448,MW,NL,NL,actual_offshore_wind_generation,Wind Offshore | Actual Aggregated,2026-08-17T17:16:10Z
2026-08-17T17:12:16Z,2026-08-17T19:12:16+0200,f372a1fc-a0b6-48c3-b979-dc927b00239d,2026-07-21T01:15:00Z,2026-07-21T03:15:00+0200,2.41,MW,NL,NL,actual_offshore_wind_generation,Wind Offshore | Actual Consumption,2026-08-17T17:16:10Z
2026-08-17T17:12:16Z,2026-08-17T19:12:16+0200,f372a1fc-a0b6-48c3-b979-dc927b00239d,2026-07-21T01:30:00Z,2026-07-21T03:30:00+0200,439.311,MW,NL,NL,actual_offshore_wind_generation,Wind Offshore | Actual Aggregated,2026-08-17T17:16:10Z
2026-08-17T17:12:16Z,2026-08-17T19:12:16+0200,f372a1fc-a0b6-48c3-b979-dc927b00239d,2026-07-21T01:30:00Z,2026-07-21T03:30:00+0200,1.636,MW,NL,NL,actual_offshore_wind_generation,Wind Offshore | Actual Consumption,2026-08-17T17:16:10Z
2026-08-17T17:12:16Z,2026-08-17T19:12:16+0200,f372a1fc-a0b6-48c3-b979-dc927b00239d,2026-07-21T01:45:00Z,2026-07-21T03:45:00+0200,455.224,MW,NL,NL,actual_offshore_wind_generation,Wind Offshore | Actual Aggregated,2026-08-17T17:16:10Z
2026-08-17T17:12:16Z,2026-08-17T19:12:16+0200,f372a1fc-a0b6-48c3-b979-dc927b00239d,2026-07-21T01:45:00Z,2026-07-21T03:45:00+0200,2.257,MW,NL,NL,actual_offshore_wind_generation,Wind Offshore | Actual Consumption,2026-08-17T17:16:10Z
2026-08-17T17:12:16Z,2026-08-17T19:12:16+0200,f372a1fc-a0b6-48c3-b979-dc927b00239d,2026-07-21T02:00:00Z,2026-07-21T04:00:00+0200,484.738,MW,NL,NL,actual_offshore_wind_generation,Wind Offshore | Actual Aggregated,2026-08-17T17:16:10Z
2026-08-17T17:12:16Z,2026-08-17T19:12:16+0200,f372a1fc-a0b6-48c3-b979-dc927b00239d,2026-07-21T02:00:00Z,2026-07-21T04:00:00+0200,2.367,MW,NL,NL,actual_offshore_wind_generation,Wind Offshore | Actual Consumption,2026-08-17T17:16:10Z
2026-08-17T17:12:16Z,2026-08-17T19:12:16+0200,f372a1fc-a0b6-48c3-b979-dc927b00239d,2026-07-21T02:15:00Z,2026-07-21T04:15:00+0200,502.736,MW,NL,NL,actual_offshore_wind_generation,Wind Offshore | Actual Aggregated,2026-08-17T17:16:10Z
2026-08-17T17:12:16Z,2026-08-17T19:12:16+0200,f372a1fc-a0b6-48c3-b979-dc927b00239d,2026-07-21T02:15:00Z,2026-07-21T04:15:00+0200,2.093,MW,NL,NL,actual_offshore_wind_generation,Wind Offshore | Actual Consumption,2026-08-17T17:16:10Z
2026-08-17T17:12:16Z,2026-08-17T19:12:16+0200,f372a1fc-a0b6-48c3-b979-dc927b00239d,2026-07-21T02:30:00Z,2026-07-21T04:30:00+0200,500.311,MW,NL,NL,actual_offshore_wind_generation,Wind Offshore | Actual Aggregated,2026-08-17T17:16:10Z
2026-08-17T17:12:16Z,2026-08-17T19:12:16+0200,f372a1fc-a0b6-48c3-b979-dc927b00239d,2026-07-21T02:30:00Z,2026-07-21T04:30:00+0200,2.851,MW,NL,NL,actual_offshore_wind_generation,Wind Offshore | Actual Consumption,2026-08-17T17:16:10Z
2026-08-17T17:12:16Z,2026-08-17T19:12:16+0200,f372a1fc-a0b6-48c3-b979-dc927b00239d,2026-07-21T02:45:00Z,2026-07-21T04:45:00+0200,500.561,MW,NL,NL,actual_offshore_wind_generation,Wind Offshore | Actual Aggregated,2026-08-17T17:16:10Z
2026-08-17T17:12:16Z,2026-08-17T19:12:16+0200,f372a1fc-a0b6-48c3-b979-dc927b00239d,2026-07-21T02:45:00Z,2026-07-21T04:45:00+0200,2.322,MW,NL,NL,actual_offshore_wind_generation,Wind Offshore | Actual Consumption,2026-08-17T17:16:10Z
2026-08-17T17:12:16Z,2026-08-17T19:12:16+0200,f372a1fc-a0b6-48c3-b979-dc927b00239d,2026-07-21T03:00:00Z,2026-07-21T05:00:00+0200,491.276,MW,NL,NL,actual_offshore_wind_generation,Wind Offshore | Actual Aggregated,2026-08-17T17:16:10Z
2026-08-17T17:12:16Z,2026-08-17T19:12:16+0200,f372a1fc-a0b6-48c3-b979-dc927b00239d,2026-07-21T03:00:00Z,2026-07-21T05:00:00+0200,1.899,MW,NL,NL,actual_offshore_wind_generation,Wind Offshore | Actual Consumption,2026-08-17T17:16:10Z
2026-08-17T17:12:16Z,2026-08-17T19:12:16+0200,f372a1fc-a0b6-48c3-b979-dc927b00239d,2026-07-21T03:15:00Z,2026-07-21T05:15:00+0200,488.893,MW,NL,NL,actual_offshore_wind_generation,Wind Offshore | Actual Aggregated,2026-08-17T17:16:10Z
2026-08-17T17:12:16Z,2026-08-17T19:12:16+0200,f372a1fc-a0b6-48c3-b979-dc927b00239d,2026-07-21T03:15:00Z,2026-07-21T05:15:00+0200,1.95,MW,NL,NL,actual_offshore_wind_generation,Wind Offshore | Actual Consumption,2026-08-17T17:16:10Z
2026-08-17T17:12:16Z,2026-08-17T19:12:16+0200,f372a1fc-a0b6-48c3-b979-dc927b00239d,2026-07-21T03:30:00Z,2026-07-21T05:30:00+0200,469.796,MW,NL,NL,actual_offshore_wind_generation,Wind Offshore | Actual Aggregated,2026-08-17T17:16:10Z
2026-08-17T17:12:16Z,2026-08-17T19:12:16+0200,f372a1fc-a0b6-48c3-b979-dc927b00239d,2026-07-21T03:30:00Z,2026-07-21T05:30:00+0200,2.024,MW,NL,NL,actual_offshore_wind_generation,Wind Offshore | Actual Consumption,2026-08-17T17:16:10Z
2026-08-17T17:12:16Z,2026-08-17T19:12:16+0200,f372a1fc-a0b6-48c3-b979-dc927b00239d,2026-07-21T03:45:00Z,2026-07-21T05:45:00+0200,461.155,MW,NL,NL,actual_offshore_wind_generation,Wind Offshore | Actual Aggregated,2026-08-17T17:16:10Z
2026-08-17T17:12:16Z,2026-08-17T19:12:16+0200,f372a1fc-a0b6-48c3-b979-dc927b00239d,2026-07-21T03:45:00Z,2026-07-21T05:45:00+0200,2.463,MW,NL,NL,actual_offshore_wind_generation,Wind Offshore | Actual Consumption,2026-08-17T17:16:10Z
2026-08-17T17:12:16Z,2026-08-17T19:12:16+0200,f372a1fc-a0b6-48c3-b979-dc927b00239d,2026-07-21T04:00:00Z,2026-07-21T06:00:00+0200,432.162,MW,NL,NL,actual_offshore_wind_generation,Wind Offshore | Actual Aggregated,2026-08-17T17:16:10Z
2026-08-17T17:12:16Z,2026-08-17T19:12:16+0200,f372a1fc-a0b6-48c3-b979-dc927b00239d,2026-07-21T04:00:00Z,2026-07-21T06:00:00+0200,2.705,MW,NL,NL,actual_offshore_wind_generation,Wind Offshore | Actual Consumption,2026-08-17T17:16:10Z
2026-08-17T17:12:16Z,2026-08-17T19:12:16+0200,f372a1fc-a0b6-48c3-b979-dc927b00239d,2026-07-21T04:15:00Z,2026-07-21T06:15:00+0200,439.744,MW,NL,NL,actual_offshore_wind_generation,Wind Offshore | Actual Aggregated,2026-08-17T17:16:10Z
2026-08-17T17:12:16Z,2026-08-17T19:12:16+0200,f372a1fc-a0b6-48c3-b979-dc927b00239d,2026-07-21T04:15:00Z,2026-07-21T06:15:00+0200,8.257,MW,NL,NL,actual_offshore_wind_generation,Wind Offshore | Actual Consumption,2026-08-17T17:16:10Z
2026-08-17T17:12:16Z,2026-08-17T19:12:16+0200,f372a1fc-a0b6-48c3-b979-dc927b00239d,2026-07-21T04:30:00Z,2026-07-21T06:30:00+0200,407.573,MW,NL,NL,actual_offshore_wind_generation,Wind Offshore | Actual Aggregated,2026-08-17T17:16:10Z
2026-08-17T17:12:16Z,2026-08-17T19:12:16+0200,f372a1fc-a0b6-48c3-b979-dc927b00239d,2026-07-21T04:30:00Z,2026-07-21T06:30:00+0200,7.18,MW,NL,NL,actual_offshore_wind_generation,Wind Offshore | Actual Consumption,2026-08-17T17:16:10Z
2026-08-17T17:12:16Z,2026-08-17T19:12:16+0200,f372a1fc-a0b6-48c3-b979-dc927b00239d,2026-07-21T04:45:00Z,2026-07-21T06:45:00+0200,403.375,MW,NL,NL,actual_offshore_wind_generation,Wind Offshore | Actual Aggregated,2026-08-17T17:16:10Z
2026-08-17T17:12:16Z,2026-08-17T19:12:16+0200,f372a1fc-a0b6-48c3-b979-dc927b00239d,2026-07-21T04:45:00Z,2026-07-21T06:45:00+0200,7.346,MW,NL,NL,actual_offshore_wind_generation,Wind Offshore | Actual Consumption,2026-08-17T17:16:10Z
2026-08-17T17:12:16Z,2026-08-17T19:12:16+0200,f372a1fc-a0b6-48c3-b979-dc927b00239d,2026-07-21T05:00:00Z,2026-07-21T07:00:00+0200,469.824,MW,NL,NL,actual_offshore_wind_generation,Wind Offshore | Actual Aggregated,2026-08-17T17:16:10Z
2026-08-17T17:12:16Z,2026-08-17T19:12:16+0200,f372a1fc-a0b6-48c3-b979-dc927b00239d,2026-07-21T05:00:00Z,2026-07-21T07:00:00+0200,2.997,MW,NL,NL,actual_offshore_wind_generation,Wind Offshore | Actual Consumption,2026-08-17T17:16:10Z
2026-08-17T17:12:16Z,2026-08-17T19:12:16+0200,f372a1fc-a0b6-48c3-b979-dc927b00239d,2026-07-21T05:15:00Z,2026-07-21T07:15:00+0200,458.682,MW,NL,NL,actual_offshore_wind_generation,Wind Offshore | Actual Aggregated,2026-08-17T17:16:10Z
2026-08-17T17:12:16Z,2026-08-17T19:12:16+0200,f372a1fc-a0b6-48c3-b979-dc927b00239d,2026-07-21T05:15:00Z,2026-07-21T07:15:00+0200,2.317,MW,NL,NL,actual_offshore_wind_generation,Wind Offshore | Actual Consumption,2026-08-17T17:16:10Z
2026-08-17T17:12:16Z,2026-08-17T19:12:16+0200,f372a1fc-a0b6-48c3-b979-dc927b00239d,2026-07-21T05:30:00Z,2026-07-21T07:30:00+0200,415.996,MW,NL,NL,actual_offshore_wind_generation,Wind Offshore | Actual Aggregated,2026-08-17T17:16:10Z
2026-08-17T17:12:16Z,2026-08-17T19:12:16+0200,f372a1fc-a0b6-48c3-b979-dc927b00239d,2026-07-21T05:30:00Z,2026-07-21T07:30:00+0200,1.729,MW,NL,NL,actual_offshore_wind_generation,Wind Offshore | Actual Consumption,2026-08-17T17:16:10Z
2026-08-17T17:12:16Z,2026-08-17T19:12:16+0200,f372a1fc-a0b6-48c3-b979-dc927b00239d,2026-07-21T05:45:00Z,2026-07-21T07:45:00+0200,375.525,MW,NL,NL,actual_offshore_wind_generation,Wind Offshore | Actual Aggregated,2026-08-17T17:16:10Z
2026-08-17T17:12:16Z,2026-08-17T19:12:16+0200,f372a1fc-a0b6-48c3-b979-dc927b00239d,2026-07-21T05:45:00Z,2026-07-21T07:45:00+0200,1.605,MW,NL,NL,actual_offshore_wind_generation,Wind Offshore | Actual Consumption,2026-08-17T17:16:10Z
2026-08-17T17:12:16Z,2026-08-17T19:12:16+0200,f372a1fc-a0b6-48c3-b979-dc927b00239d,2026-07-21T06:00:00Z,2026-07-21T08:00:00+0200,360.734,MW,NL,NL,actual_offshore_wind_generation,Wind Offshore | Actual Aggregated,2026-08-17T17:16:10Z
2026-08-17T17:12:16Z,2026-08-17T19:12:16+0200,f372a1fc-a0b6-48c3-b979-dc927b00239d,2026-07-21T06:00:00Z,2026-07-21T08:00:00+0200,1.935,MW,NL,NL,actual_offshore_wind_generation,Wind Offshore | Actual Consumption,2026-08-17T17:16:10Z
2026-08-17T17:12:16Z,2026-08-17T19:12:16+0200,f372a1fc-a0b6-48c3-b979-dc927b00239d,2026-07-21T06:15:00Z,2026-07-21T08:15:00+0200,336.049,MW,NL,NL,actual_offshore_wind_generation,Wind Offshore | Actual Aggregated,2026-08-17T17:16:10Z
2026-08-17T17:12:16Z,2026-08-17T19:12:16+0200,f372a1fc-a0b6-48c3-b979-dc927b00239d,2026-07-21T06:15:00Z,2026-07-21T08:15:00+0200,1.692,MW,NL,NL,actual_offshore_wind_generation,Wind Offshore | Actual Consumption,2026-08-17T17:16:10Z
2026-08-17T17:12:16Z,2026-08-17T19:12:16+0200,f372a1fc-a0b6-48c3-b979-dc927b00239d,2026-07-21T06:30:00Z,2026-07-21T08:30:00+0200,320.703,MW,NL,NL,actual_offshore_wind_generation,Wind Offshore | Actual Aggregated,2026-08-17T17:16:10Z
2026-08-17T17:12:16Z,2026-08-17T19:12:16+0200,f372a1fc-a0b6-48c3-b979-dc927b00239d,2026-07-21T06:30:00Z,2026-07-21T08:30:00+0200,2.11,MW,NL,NL,actual_offshore_wind_generation,Wind Offshore | Actual Consumption,2026-08-17T17:16:10Z
2026-08-17T17:12:16Z,2026-08-17T19:12:16+0200,f372a1fc-a0b6-48c3-b979-dc927b00239d,2026-07-21T06:45:00Z,2026-07-21T08:45:00+0200,307.969,MW,NL,NL,actual_offshore_wind_generation,Wind Offshore | Actual Aggregated,2026-08-17T17:16:10Z
2026-08-17T17:12:16Z,2026-08-17T19:12:16+0200,f372a1fc-a0b6-48c3-b979-dc927b00239d,2026-07-21T06:45:00Z,2026-07-21T08:45:00+0200,1.807,MW,NL,NL,actual_offshore_wind_generation,Wind Offshore | Actual Consumption,2026-08-17T17:16:10Z
2026-08-17T17:12:16Z,2026-08-17T19:12:16+0200,f372a1fc-a0b6-48c3-b979-dc927b00239d,2026-07-21T07:00:00Z,2026-07-21T09:00:00+0200,273.838,MW,NL,NL,actual_offshore_wind_generation,Wind Offshore | Actual Aggregated,2026-08-17T17:16:10Z
2026-08-17T17:12:16Z,2026-08-17T19:12:16+0200,f372a1fc-a0b6-48c3-b979-dc927b00239d,2026-07-21T07:00:00Z,2026-07-21T09:00:00+0200,1.74,MW,NL,NL,actual_offshore_wind_generation,Wind Offshore | Actual Consumption,2026-08-17T17:16:10Z
2026-08-17T17:12:16Z,2026-08-17T19:12:16+0200,f372a1fc-a0b6-48c3-b979-dc927b00239d,2026-07-21T07:15:00Z,2026-07-21T09:15:00+0200,263.78,MW,NL,NL,actual_offshore_wind_generation,Wind Offshore | Actual Aggregated,2026-08-17T17:16:10Z
2026-08-17T17:12:16Z,2026-08-17T19:12:16+0200,f372a1fc-a0b6-48c3-b979-dc927b00239d,2026-07-21T07:15:00Z,2026-07-21T09:15:00+0200,1.157,MW,NL,NL,actual_offshore_wind_generation,Wind Offshore | Actual Consumption,2026-08-17T17:16:10Z
2026-08-17T17:12:16Z,2026-08-17T19:12:16+0200,f372a1fc-a0b6-48c3-b979-dc927b00239d,2026-07-21T07:30:00Z,2026-07-21T09:30:00+0200,252.818,MW,NL,NL,actual_offshore_wind_generation,Wind Offshore | Actual Aggregated,2026-08-17T17:16:10Z
2026-08-17T17:12:16Z,2026-08-17T19:12:16+0200,f372a1fc-a0b6-48c3-b979-dc927b00239d,2026-07-21T07:30:00Z,2026-07-21T09:30:00+0200,1.396,MW,NL,NL,actual_offshore_wind_generation,Wind Offshore | Actual Consumption,2026-08-17T17:16:10Z
2026-08-17T17:12:16Z,2026-08-17T19:12:16+0200,f372a1fc-a0b6-48c3-b979-dc927b00239d,2026-07-21T07:45:00Z,2026-07-21T09:45:00+0200,224.218,MW,NL,NL,actual_offshore_wind_generation,Wind Offshore | Actual Aggregated,2026-08-17T17:16:10Z
2026-08-17T17:12:16Z,2026-08-17T19:12:16+0200,f372a1fc-a0b6-48c3-b979-dc927b00239d,2026-07-21T07:45:00Z,2026-07-21T09:45:00+0200,1.459,MW,NL,NL,actual_offshore_wind_generation,Wind Offshore | Actual Consumption,2026-08-17T17:16:10Z
2026-08-17T17:12:16Z,2026-08-17T19:12:16+0200,f372a1fc-a0b6-48c3-b979-dc927b00239d,2026-07-21T08:00:00Z,2026-07-21T10:00:00+0200,192.954,MW,NL,NL,actual_offshore_wind_generation,Wind Offshore | Actual Aggregated,2026-08-17T17:16:10Z
2026-08-17T17:12:16Z,2026-08-17T19:12:16+0200,f372a1fc-a0b6-48c3-b979-dc927b00239d,2026-07-21T08:00:00Z,2026-07-21T10:00:00+0200,0.759,MW,NL,NL,actual_offshore_wind_generation,Wind Offshore | Actual Consumption,2026-08-17T17:16:10Z
2026-08-17T17:12:16Z,2026-08-17T19:12:16+0200,f372a1fc-a0b6-48c3-b979-dc927b00239d,2026-07-21T08:15:00Z,2026-07-21T10:15:00+0200,171.288,MW,NL,NL,actual_offshore_wind_generation,Wind Offshore | Actual Aggregated,2026-08-17T17:16:10Z
2026-08-17T17:12:16Z,2026-08-17T19:12:16+0200,f372a1fc-a0b6-48c3-b979-dc927b00239d,2026-07-21T08:15:00Z,2026-07-21T10:15:00+0200,1.44,MW,NL,NL,actual_offshore_wind_generation,Wind Offshore | Actual Consumption,2026-08-17T17:16:10Z
2026-08-17T17:12:16Z,2026-08-17T19:12:16+0200,f372a1fc-a0b6-48c3-b979-dc927b00239d,2026-07-21T08:30:00Z,2026-07-21T10:30:00+0200,160.281,MW,NL,NL,actual_offshore_wind_generation,Wind Offshore | Actual Aggregated,2026-08-17T17:16:10Z
2026-08-17T17:12:16Z,2026-08-17T19:12:16+0200,f372a1fc-a0b6-48c3-b979-dc927b00239d,2026-07-21T08:30:00Z,2026-07-21T10:30:00+0200,1.67,MW,NL,NL,actual_offshore_wind_generation,Wind Offshore | Actual Consumption,2026-08-17T17:16:10Z
2026-08-17T17:12:16Z,2026-08-17T19:12:16+0200,f372a1fc-a0b6-48c3-b979-dc927b00239d,2026-07-21T08:45:00Z,2026-07-21T10:45:00+0200,137.275,MW,NL,NL,actual_offshore_wind_generation,Wind Offshore | Actual Aggregated,2026-08-17T17:16:10Z
2026-08-17T17:12:16Z,2026-08-17T19:12:16+0200,f372a1fc-a0b6-48c3-b979-dc927b00239d,2026-07-21T08:45:00Z,2026-07-21T10:45:00+0200,2.363,MW,NL,NL,actual_offshore_wind_generation,Wind Offshore | Actual Consumption,2026-08-17T17:16:10Z
2026-08-17T17:12:16Z,2026-08-17T19:12:16+0200,f372a1fc-a0b6-48c3-b979-dc927b00239d,2026-07-21T09:00:00Z,2026-07-21T11:00:00+0200,87.86,MW,NL,NL,actual_offshore_wind_generation,Wind Offshore | Actual Aggregated,2026-08-17T17:16:10Z
2026-08-17T17:12:16Z,2026-08-17T19:12:16+0200,f372a1fc-a0b6-48c3-b979-dc927b00239d,2026-07-21T09:00:00Z,2026-07-21T11:00:00+0200,3.161,MW,NL,NL,actual_offshore_wind_generation,Wind Offshore | Actual Consumption,2026-08-17T17:16:10Z
2026-08-17T17:12:16Z,2026-08-17T19:12:16+0200,f372a1fc-a0b6-48c3-b979-dc927b00239d,2026-07-21T09:15:00Z,2026-07-21T11:15:00+0200,70.852,MW,NL,NL,actual_offshore_wind_generation,Wind Offshore | Actual Aggregated,2026-08-17T17:16:10Z
2026-08-17T17:12:16Z,2026-08-17T19:12:16+0200,f372a1fc-a0b6-48c3-b979-dc927b00239d,2026-07-21T09:15:00Z,2026-07-21T11:15:00+0200,7.224,MW,NL,NL,actual_offshore_wind_generation,Wind Offshore | Actual Consumption,2026-08-17T17:16:10Z
2026-08-17T17:12:16Z,2026-08-17T19:12:16+0200,f372a1fc-a0b6-48c3-b979-dc927b00239d,2026-07-21T09:30:00Z,2026-07-21T11:30:00+0200,49.929,MW,NL,NL,actual_offshore_wind_generation,Wind Offshore | Actual Aggregated,2026-08-17T17:16:10Z
2026-08-17T17:12:16Z,2026-08-17T19:12:16+0200,f372a1fc-a0b6-48c3-b979-dc927b00239d,2026-07-21T09:30:00Z,2026-07-21T11:30:00+0200,9.866,MW,NL,NL,actual_offshore_wind_generation,Wind Offshore | Actual Consumption,2026-08-17T17:16:10Z
2026-08-17T17:12:16Z,2026-08-17T19:12:16+0200,f372a1fc-a0b6-48c3-b979-dc927b00239d,2026-07-21T09:45:00Z,2026-07-21T11:45:00+0200,54.254,MW,NL,NL,actual_offshore_wind_generation,Wind Offshore | Actual Aggregated,2026-08-17T17:16:10Z
2026-08-17T17:12:16Z,2026-08-17T19:12:16+0200,f372a1fc-a0b6-48c3-b979-dc927b00239d,2026-07-21T09:45:00Z,2026-07-21T11:45:00+0200,11.067,MW,NL,NL,actual_offshore_wind_generation,Wind Offshore | Actual Consumption,2026-08-17T17:16:10Z
2026-08-17T17:12:16Z,2026-08-17T19:12:16+0200,f372a1fc-a0b6-48c3-b979-dc927b00239d,2026-07-21T10:00:00Z,2026-07-21T12:00:00+0200,39.272,MW,NL,NL,actual_offshore_wind_generation,Wind Offshore | Actual Aggregated,2026-08-17T17:16:10Z
2026-08-17T17:12:16Z,2026-08-17T19:12:16+0200,f372a1fc-a0b6-48c3-b979-dc927b00239d,2026-07-21T10:00:00Z,2026-07-21T12:00:00+0200,10.834,MW,NL,NL,actual_offshore_wind_generation,Wind Offshore | Actual Consumption,2026-08-17T17:16:10Z
2026-08-17T17:12:16Z,2026-08-17T19:12:16+0200,f372a1fc-a0b6-48c3-b979-dc927b00239d,2026-07-21T10:15:00Z,2026-07-21T12:15:00+0200,50.509,MW,NL,NL,actual_offshore_wind_generation,Wind Offshore | Actual Aggregated,2026-08-17T17:16:10Z
2026-08-17T17:12:16Z,2026-08-17T19:12:16+0200,f372a1fc-a0b6-48c3-b979-dc927b00239d,2026-07-21T10:15:00Z,2026-07-21T12:15:00+0200,11.174,MW,NL,NL,actual_offshore_wind_generation,Wind Offshore | Actual Consumption,2026-08-17T17:16:10Z
2026-08-17T17:12:16Z,2026-08-17T19:12:16+0200,f372a1fc-a0b6-48c3-b979-dc927b00239d,2026-07-21T10:30:00Z,2026-07-21T12:30:00+0200,44.008,MW,NL,NL,actual_offshore_wind_generation,Wind Offshore | Actual Aggregated,2026-08-17T17:16:10Z
2026-08-17T17:12:16Z,2026-08-17T19:12:16+0200,f372a1fc-a0b6-48c3-b979-dc927b00239d,2026-07-21T10:30:00Z,2026-07-21T12:30:00+0200,6.518,MW,NL,NL,actual_offshore_wind_generation,Wind Offshore | Actual Consumption,2026-08-17T17:16:10Z
2026-08-17T17:12:16Z,2026-08-17T19:12:16+0200,f372a1fc-a0b6-48c3-b979-dc927b00239d,2026-07-21T10:45:00Z,2026-07-21T12:45:00+0200,33.807,MW,NL,NL,actual_offshore_wind_generation,Wind Offshore | Actual Aggregated,2026-08-17T17:16:10Z
2026-08-17T17:12:16Z,2026-08-17T19:12:16+0200,f372a1fc-a0b6-48c3-b979-dc927b00239d,2026-07-21T10:45:00Z,2026-07-21T12:45:00+0200,6.324,MW,NL,NL,actual_offshore_wind_generation,Wind Offshore | Actual Consumption,2026-08-17T17:16:10Z
2026-08-17T17:12:16Z,2026-08-17T19:12:16+0200,f372a1fc-a0b6-48c3-b979-dc927b00239d,2026-07-21T11:00:00Z,2026-07-21T13:00:00+0200,44.466,MW,NL,NL,actual_offshore_wind_generation,Wind Offshore | Actual Aggregated,2026-08-17T17:16:10Z
2026-08-17T17:12:16Z,2026-08-17T19:12:16+0200,f372a1fc-a0b6-48c3-b979-dc927b00239d,2026-07-21T11:00:00Z,2026-07-21T13:00:00+0200,7.565,MW,NL,NL,actual_offshore_wind_generation,Wind Offshore | Actual Consumption,2026-08-17T17:16:10Z
2026-08-17T17:12:16Z,2026-08-17T19:12:16+0200,f372a1fc-a0b6-48c3-b979-dc927b00239d,2026-07-21T11:15:00Z,2026-07-21T13:15:00+0200,49.413,MW,NL,NL,actual_offshore_wind_generation,Wind Offshore | Actual Aggregated,2026-08-17T17:16:10Z
2026-08-17T17:12:16Z,2026-08-17T19:12:16+0200,f372a1fc-a0b6-48c3-b979-dc927b00239d,2026-07-21T11:15:00Z,2026-07-21T13:15:00+0200,7.957,MW,NL,NL,actual_offshore_wind_generation,Wind Offshore | Actual Consumption,2026-08-17T17:16:10Z
2026-08-17T17:12:16Z,2026-08-17T19:12:16+0200,f372a1fc-a0b6-48c3-b979-dc927b00239d,2026-07-21T11:30:00Z,2026-07-21T13:30:00+0200,24.039,MW,NL,NL,actual_offshore_wind_generation,Wind Offshore | Actual Aggregated,2026-08-17T17:16:10Z
2026-08-17T17:12:16Z,2026-08-17T19:12:16+0200,f372a1fc-a0b6-48c3-b979-dc927b00239d,2026-07-21T11:30:00Z,2026-07-21T13:30:00+0200,10.063,MW,NL,NL,actual_offshore_wind_generation,Wind Offshore | Actual Consumption,2026-08-17T17:16:10Z
2026-08-17T17:12:16Z,2026-08-17T19:12:16+0200,f372a1fc-a0b6-48c3-b979-dc927b00239d,2026-07-21T11:45:00Z,2026-07-21T13:45:00+0200,54.881,MW,NL,NL,actual_offshore_wind_generation,Wind Offshore | Actual Aggregated,2026-08-17T17:16:10Z
2026-08-17T17:12:16Z,2026-08-17T19:12:16+0200,f372a1fc-a0b6-48c3-b979-dc927b00239d,2026-07-21T11:45:00Z,2026-07-21T13:45:00+0200,14.457,MW,NL,NL,actual_offshore_wind_generation,Wind Offshore | Actual Consumption,2026-08-17T17:16:10Z
2026-08-17T17:12:16Z,2026-08-17T19:12:16+0200,f372a1fc-a0b6-48c3-b979-dc927b00239d,2026-07-21T12:00:00Z,2026-07-21T14:00:00+0200,64.928,MW,NL,NL,actual_offshore_wind_generation,Wind Offshore | Actual Aggregated,2026-08-17T17:16:10Z
2026-08-17T17:12:16Z,2026-08-17T19:12:16+0200,f372a1fc-a0b6-48c3-b979-dc927b00239d,2026-07-21T12:00:00Z,2026-07-21T14:00:00+0200,8.954,MW,NL,NL,actual_offshore_wind_generation,Wind Offshore | Actual Consumption,2026-08-17T17:16:10Z
2026-08-17T17:12:16Z,2026-08-17T19:12:16+0200,f372a1fc-a0b6-48c3-b979-dc927b00239d,2026-07-21T12:15:00Z,2026-07-21T14:15:00+0200,78.265,MW,NL,NL,actual_offshore_wind_generation,Wind Offshore | Actual Aggregated,2026-08-17T17:16:10Z
2026-08-17T17:12:16Z,2026-08-17T19:12:16+0200,f372a1fc-a0b6-48c3-b979-dc927b00239d,2026-07-21T12:15:00Z,2026-07-21T14:15:00+0200,2.707,MW,NL,NL,actual_offshore_wind_generation,Wind Offshore | Actual Consumption,2026-08-17T17:16:10Z
2026-08-17T17:12:16Z,2026-08-17T19:12:16+0200,f372a1fc-a0b6-48c3-b979-dc927b00239d,2026-07-21T12:30:00Z,2026-07-21T14:30:00+0200,107.867,MW,NL,NL,actual_offshore_wind_generation,Wind Offshore | Actual Aggregated,2026-08-17T17:16:10Z
2026-08-17T17:12:16Z,2026-08-17T19:12:16+0200,f372a1fc-a0b6-48c3-b979-dc927b00239d,2026-07-21T12:30:00Z,2026-07-21T14:30:00+0200,3.305,MW,NL,NL,actual_offshore_wind_generation,Wind Offshore | Actual Consumption,2026-08-17T17:16:10Z
2026-08-17T17:12:16Z,2026-08-17T19:12:16+0200,f372a1fc-a0b6-48c3-b979-dc927b00239d,2026-07-21T12:45:00Z,2026-07-21T14:45:00+0200,165.484,MW,NL,NL,actual_offshore_wind_generation,Wind Offshore | Actual Aggregated,2026-08-17T17:16:10Z
2026-08-17T17:12:16Z,2026-08-17T19:12:16+0200,f372a1fc-a0b6-48c3-b979-dc927b00239d,2026-07-21T12:45:00Z,2026-07-21T14:45:00+0200,2.069,MW,NL,NL,actual_offshore_wind_generation,Wind Offshore | Actual Consumption,2026-08-17T17:16:10Z
2026-08-17T17:12:16Z,2026-08-17T19:12:16+0200,f372a1fc-a0b6-48c3-b979-dc927b00239d,2026-07-21T13:00:00Z,2026-07-21T15:00:00+0200,223.895,MW,NL,NL,actual_offshore_wind_generation,Wind Offshore | Actual Aggregated,2026-08-17T17:16:10Z
2026-08-17T17:12:16Z,2026-08-17T19:12:16+0200,f372a1fc-a0b6-48c3-b979-dc927b00239d,2026-07-21T13:00:00Z,2026-07-21T15:00:00+0200,1.017,MW,NL,NL,actual_offshore_wind_generation,Wind Offshore | Actual Consumption,2026-08-17T17:16:10Z
2026-08-17T17:12:16Z,2026-08-17T19:12:16+0200,f372a1fc-a0b6-48c3-b979-dc927b00239d,2026-07-21T13:15:00Z,2026-07-21T15:15:00+0200,303.006,MW,NL,NL,actual_offshore_wind_generation,Wind Offshore | Actual Aggregated,2026-08-17T17:16:10Z
2026-08-17T17:12:16Z,2026-08-17T19:12:16+0200,f372a1fc-a0b6-48c3-b979-dc927b00239d,2026-07-21T13:15:00Z,2026-07-21T15:15:00+0200,2.255,MW,NL,NL,actual_offshore_wind_generation,Wind Offshore | Actual Consumption,2026-08-17T17:16:10Z
2026-08-17T17:12:16Z,2026-08-17T19:12:16+0200,f372a1fc-a0b6-48c3-b979-dc927b00239d,2026-07-21T13:30:00Z,2026-07-21T15:30:00+0200,339.203,MW,NL,NL,actual_offshore_wind_generation,Wind Offshore | Actual Aggregated,2026-08-17T17:16:10Z
2026-08-17T17:12:16Z,2026-08-17T19:12:16+0200,f372a1fc-a0b6-48c3-b979-dc927b00239d,2026-07-21T13:30:00Z,2026-07-21T15:30:00+0200,3.011,MW,NL,NL,actual_offshore_wind_generation,Wind Offshore | Actual Consumption,2026-08-17T17:16:10Z
2026-08-17T17:12:16Z,2026-08-17T19:12:16+0200,f372a1fc-a0b6-48c3-b979-dc927b00239d,2026-07-21T13:45:00Z,2026-07-21T15:45:00+0200,245.858,MW,NL,NL,actual_offshore_wind_generation,Wind Offshore | Actual Aggregated,2026-08-17T17:16:10Z
2026-08-17T17:12:16Z,2026-08-17T19:12:16+0200,f372a1fc-a0b6-48c3-b979-dc927b00239d,2026-07-21T13:45:00Z,2026-07-21T15:45:00+0200,2.953,MW,NL,NL,actual_offshore_wind_generation,Wind Offshore | Actual Consumption,2026-08-17T17:16:10Z
2026-08-17T17:12:16Z,2026-08-17T19:12:16+0200,f372a1fc-a0b6-48c3-b979-dc927b00239d,2026-07-21T14:00:00Z,2026-07-21T16:00:00+0200,180.183,MW,NL,NL,actual_offshore_wind_generation,Wind Offshore | Actual Aggregated,2026-08-17T17:16:10Z
2026-08-17T17:12:16Z,2026-08-17T19:12:16+0200,f372a1fc-a0b6-48c3-b979-dc927b00239d,2026-07-21T14:00:00Z,2026-07-21T16:00:00+0200,3.392,MW,NL,NL,actual_offshore_wind_generation,Wind Offshore | Actual Consumption,2026-08-17T17:16:10Z
2026-08-17T17:12:16Z,2026-08-17T19:12:16+0200,f372a1fc-a0b6-48c3-b979-dc927b00239d,2026-07-21T14:15:00Z,2026-07-21T16:15:00+0200,393.607,MW,NL,NL,actual_offshore_wind_generation,Wind Offshore | Actual Aggregated,2026-08-17T17:16:10Z
2026-08-17T17:12:16Z,2026-08-17T19:12:16+0200,f372a1fc-a0b6-48c3-b979-dc927b00239d,2026-07-21T14:15:00Z,2026-07-21T16:15:00+0200,3.382,MW,NL,NL,actual_offshore_wind_generation,Wind Offshore | Actual Consumption,2026-08-17T17:16:10Z
2026-08-17T17:12:16Z,2026-08-17T19:12:16+0200,f372a1fc-a0b6-48c3-b979-dc927b00239d,2026-07-21T14:30:00Z,2026-07-21T16:30:00+0200,370.394,MW,NL,NL,actual_offshore_wind_generation,Wind Offshore | Actual Aggregated,2026-08-17T17:16:10Z
2026-08-17T17:12:16Z,2026-08-17T19:12:16+0200,f372a1fc-a0b6-48c3-b979-dc927b00239d,2026-07-21T14:30:00Z,2026-07-21T16:30:00+0200,3.338,MW,NL,NL,actual_offshore_wind_generation,Wind Offshore | Actual Consumption,2026-08-17T17:16:10Z
2026-08-17T17:12:16Z,2026-08-17T19:12:16+0200,f372a1fc-a0b6-48c3-b979-dc927b00239d,2026-07-21T14:45:00Z,2026-07-21T16:45:00+0200,243.644,MW,NL,NL,actual_offshore_wind_generation,Wind Offshore | Actual Aggregated,2026-08-17T17:16:10Z
2026-08-17T17:12:16Z,2026-08-17T19:12:16+0200,f372a1fc-a0b6-48c3-b979-dc927b00239d,2026-07-21T14:45:00Z,2026-07-21T16:45:00+0200,2.786,MW,NL,NL,actual_offshore_wind_generation,Wind Offshore | Actual Consumption,2026-08-17T17:16:10Z
2026-08-17T17:12:16Z,2026-08-17T19:12:16+0200,f372a1fc-a0b6-48c3-b979-dc927b00239d,2026-07-21T15:00:00Z,2026-07-21T17:00:00+0200,380.646,MW,NL,NL,actual_offshore_wind_generation,Wind Offshore | Actual Aggregated,2026-08-17T17:16:10Z
2026-08-17T17:12:16Z,2026-08-17T19:12:16+0200,f372a1fc-a0b6-48c3-b979-dc927b00239d,2026-07-21T15:00:00Z,2026-07-21T17:00:00+0200,2.211,MW,NL,NL,actual_offshore_wind_generation,Wind Offshore | Actual Consumption,2026-08-17T17:16:10Z
2026-08-17T17:12:16Z,2026-08-17T19:12:16+0200,f372a1fc-a0b6-48c3-b979-dc927b00239d,2026-07-21T15:15:00Z,2026-07-21T17:15:00+0200,488.675,MW,NL,NL,actual_offshore_wind_generation,Wind Offshore | Actual Aggregated,2026-08-17T17:16:10Z
2026-08-17T17:12:16Z,2026-08-17T19:12:16+0200,f372a1fc-a0b6-48c3-b979-dc927b00239d,2026-07-21T15:15:00Z,2026-07-21T17:15:00+0200,2.154,MW,NL,NL,actual_offshore_wind_generation,Wind Offshore | Actual Consumption,2026-08-17T17:16:10Z
2026-08-17T17:12:16Z,2026-08-17T19:12:16+0200,f372a1fc-a0b6-48c3-b979-dc927b00239d,2026-07-21T15:30:00Z,2026-07-21T17:30:00+0200,525.259,MW,NL,NL,actual_offshore_wind_generation,Wind Offshore | Actual Aggregated,2026-08-17T17:16:10Z
2026-08-17T17:12:16Z,2026-08-17T19:12:16+0200,f372a1fc-a0b6-48c3-b979-dc927b00239d,2026-07-21T15:30:00Z,2026-07-21T17:30:00+0200,2.13,MW,NL,NL,actual_offshore_wind_generation,Wind Offshore | Actual Consumption,2026-08-17T17:16:10Z
2026-08-17T17:12:16Z,2026-08-17T19:12:16+0200,f372a1fc-a0b6-48c3-b979-dc927b00239d,2026-07-21T15:45:00Z,2026-07-21T17:45:00+0200,629.378,MW,NL,NL,actual_offshore_wind_generation,Wind Offshore | Actual Aggregated,2026-08-17T17:16:10Z
2026-08-17T17:12:16Z,2026-08-17T19:12:16+0200,f372a1fc-a0b6-48c3-b979-dc927b00239d,2026-07-21T15:45:00Z,2026-07-21T17:45:00+0200,2.197,MW,NL,NL,actual_offshore_wind_generation,Wind Offshore | Actual Consumption,2026-08-17T17:16:10Z
2026-08-17T17:12:16Z,2026-08-17T19:12:16+0200,f372a1fc-a0b6-48c3-b979-dc927b00239d,2026-07-21T16:00:00Z,2026-07-21T18:00:00+0200,620.734,MW,NL,NL,actual_offshore_wind_generation,Wind Offshore | Actual Aggregated,2026-08-17T17:16:10Z
2026-08-17T17:12:16Z,2026-08-17T19:12:16+0200,f372a1fc-a0b6-48c3-b979-dc927b00239d,2026-07-21T16:00:00Z,2026-07-21T18:00:00+0200,2.314,MW,NL,NL,actual_offshore_wind_generation,Wind Offshore | Actual Consumption,2026-08-17T17:16:10Z
2026-08-17T17:12:16Z,2026-08-17T19:12:16+0200,f372a1fc-a0b6-48c3-b979-dc927b00239d,2026-07-21T16:15:00Z,2026-07-21T18:15:00+0200,634.069,MW,NL,NL,actual_offshore_wind_generation,Wind Offshore | Actual Aggregated,2026-08-17T17:16:10Z
2026-08-17T17:12:16Z,2026-08-17T19:12:16+0200,f372a1fc-a0b6-48c3-b979-dc927b00239d,2026-07-21T16:15:00Z,2026-07-21T18:15:00+0200,2.082,MW,NL,NL,actual_offshore_wind_generation,Wind Offshore | Actual Consumption,2026-08-17T17:16:10Z
2026-08-17T17:12:16Z,2026-08-17T19:12:16+0200,f372a1fc-a0b6-48c3-b979-dc927b00239d,2026-07-21T16:30:00Z,2026-07-21T18:30:00+0200,656.394,MW,NL,NL,actual_offshore_wind_generation,Wind Offshore | Actual Aggregated,2026-08-17T17:16:10Z
2026-08-17T17:12:16Z,2026-08-17T19:12:16+0200,f372a1fc-a0b6-48c3-b979-dc927b00239d,2026-07-21T16:30:00Z,2026-07-21T18:30:00+0200,2.137,MW,NL,NL,actual_offshore_wind_generation,Wind Offshore | Actual Consumption,2026-08-17T17:16:10Z
2026-08-17T17:12:16Z,2026-08-17T19:12:16+0200,f372a1fc-a0b6-48c3-b979-dc927b00239d,2026-07-21T16:45:00Z,2026-07-21T18:45:00+0200,698.297,MW,NL,NL,actual_offshore_wind_generation,Wind Offshore | Actual Aggregated,2026-08-17T17:16:10Z
2026-08-17T17:12:16Z,2026-08-17T19:12:16+0200,f372a1fc-a0b6-48c3-b979-dc927b00239d,2026-07-21T16:45:00Z,2026-07-21T18:45:00+0200,1.832,MW,NL,NL,actual_offshore_wind_generation,Wind Offshore | Actual Consumption,2026-08-17T17:16:10Z
2026-08-17T17:12:16Z,2026-08-17T19:12:16+0200,f372a1fc-a0b6-48c3-b979-dc927b00239d,2026-07-21T17:00:00Z,2026-07-21T19:00:00+0200,812.83,MW,NL,NL,actual_offshore_wind_generation,Wind Offshore | Actual Aggregated,2026-08-17T17:16:10Z
2026-08-17T17:12:16Z,2026-08-17T19:12:16+0200,f372a1fc-a0b6-48c3-b979-dc927b00239d,2026-07-21T17:00:00Z,2026-07-21T19:00:00+0200,2.012,MW,NL,NL,actual_offshore_wind_generation,Wind Offshore | Actual Consumption,2026-08-17T17:16:10Z
2026-08-17T17:12:16Z,2026-08-17T19:12:16+0200,f372a1fc-a0b6-48c3-b979-dc927b00239d,2026-07-21T17:15:00Z,2026-07-21T19:15:00+0200,872.855,MW,NL,NL,actual_offshore_wind_generation,Wind Offshore | Actual Aggregated,2026-08-17T17:16:10Z
2026-08-17T17:12:16Z,2026-08-17T19:12:16+0200,f372a1fc-a0b6-48c3-b979-dc927b00239d,2026-07-21T17:15:00Z,2026-07-21T19:15:00+0200,1.826,MW,NL,NL,actual_offshore_wind_generation,Wind Offshore | Actual Consumption,2026-08-17T17:16:10Z
2026-08-17T17:12:16Z,2026-08-17T19:12:16+0200,f372a1fc-a0b6-48c3-b979-dc927b00239d,2026-07-21T17:30:00Z,2026-07-21T19:30:00+0200,849.505,MW,NL,NL,actual_offshore_wind_generation,Wind Offshore | Actual Aggregated,2026-08-17T17:16:10Z
2026-08-17T17:12:16Z,2026-08-17T19:12:16+0200,f372a1fc-a0b6-48c3-b979-dc927b00239d,2026-07-21T17:30:00Z,2026-07-21T19:30:00+0200,2.381,MW,NL,NL,actual_offshore_wind_generation,Wind Offshore | Actual Consumption,2026-08-17T17:16:10Z
2026-08-17T17:12:16Z,2026-08-17T19:12:16+0200,f372a1fc-a0b6-48c3-b979-dc927b00239d,2026-07-21T17:45:00Z,2026-07-21T19:45:00+0200,885.105,MW,NL,NL,actual_offshore_wind_generation,Wind Offshore | Actual Aggregated,2026-08-17T17:16:10Z
2026-08-17T17:12:16Z,2026-08-17T19:12:16+0200,f372a1fc-a0b6-48c3-b979-dc927b00239d,2026-07-21T17:45:00Z,2026-07-21T19:45:00+0200,2.993,MW,NL,NL,actual_offshore_wind_generation,Wind Offshore | Actual Consumption,2026-08-17T17:16:10Z
2026-08-17T17:12:16Z,2026-08-17T19:12:16+0200,f372a1fc-a0b6-48c3-b979-dc927b00239d,2026-07-21T18:00:00Z,2026-07-21T20:00:00+0200,957.617,MW,NL,NL,actual_offshore_wind_generation,Wind Offshore | Actual Aggregated,2026-08-17T17:16:10Z
2026-08-17T17:12:16Z,2026-08-17T19:12:16+0200,f372a1fc-a0b6-48c3-b979-dc927b00239d,2026-07-21T18:00:00Z,2026-07-21T20:00:00+0200,2.686,MW,NL,NL,actual_offshore_wind_generation,Wind Offshore | Actual Consumption,2026-08-17T17:16:10Z
2026-08-17T17:12:16Z,2026-08-17T19:12:16+0200,f372a1fc-a0b6-48c3-b979-dc927b00239d,2026-07-21T18:15:00Z,2026-07-21T20:15:00+0200,831.859,MW,NL,NL,actual_offshore_wind_generation,Wind Offshore | Actual Aggregated,2026-08-17T17:16:10Z
2026-08-17T17:12:16Z,2026-08-17T19:12:16+0200,f372a1fc-a0b6-48c3-b979-dc927b00239d,2026-07-21T18:15:00Z,2026-07-21T20:15:00+0200,2.315,MW,NL,NL,actual_offshore_wind_generation,Wind Offshore | Actual Consumption,2026-08-17T17:16:10Z
2026-08-17T17:12:16Z,2026-08-17T19:12:16+0200,f372a1fc-a0b6-48c3-b979-dc927b00239d,2026-07-21T18:30:00Z,2026-07-21T20:30:00+0200,712.042,MW,NL,NL,actual_offshore_wind_generation,Wind Offshore | Actual Aggregated,2026-08-17T17:16:10Z
2026-08-17T17:12:16Z,2026-08-17T19:12:16+0200,f372a1fc-a0b6-48c3-b979-dc927b00239d,2026-07-21T18:30:00Z,2026-07-21T20:30:00+0200,1.761,MW,NL,NL,actual_offshore_wind_generation,Wind Offshore | Actual Consumption,2026-08-17T17:16:10Z
2026-08-17T17:12:16Z,2026-08-17T19:12:16+0200,f372a1fc-a0b6-48c3-b979-dc927b00239d,2026-07-21T18:45:00Z,2026-07-21T20:45:00+0200,766.271,MW,NL,NL,actual_offshore_wind_generation,Wind Offshore | Actual Aggregated,2026-08-17T17:16:10Z
2026-08-17T17:12:16Z,2026-08-17T19:12:16+0200,f372a1fc-a0b6-48c3-b979-dc927b00239d,2026-07-21T18:45:00Z,2026-07-21T20:45:00+0200,2.031,MW,NL,NL,actual_offshore_wind_generation,Wind Offshore | Actual Consumption,2026-08-17T17:16:10Z
2026-08-17T17:12:16Z,2026-08-17T19:12:16+0200,f372a1fc-a0b6-48c3-b979-dc927b00239d,2026-07-21T19:00:00Z,2026-07-21T21:00:00+0200,814.668,MW,NL,NL,actual_offshore_wind_generation,Wind Offshore | Actual Aggregated,2026-08-17T17:16:10Z
2026-08-17T17:12:16Z,2026-08-17T19:12:16+0200,f372a1fc-a0b6-48c3-b979-dc927b00239d,2026-07-21T19:00:00Z,2026-07-21T21:00:00+0200,4.166,MW,NL,NL,actual_offshore_wind_generation,Wind Offshore | Actual Consumption,2026-08-17T17:16:10Z
2026-08-17T17:12:16Z,2026-08-17T19:12:16+0200,f372a1fc-a0b6-48c3-b979-dc927b00239d,2026-07-21T19:15:00Z,2026-07-21T21:15:00+0200,780.743,MW,NL,NL,actual_offshore_wind_generation,Wind Offshore | Actual Aggregated,2026-08-17T17:16:10Z
2026-08-17T17:12:16Z,2026-08-17T19:12:16+0200,f372a1fc-a0b6-48c3-b979-dc927b00239d,2026-07-21T19:15:00Z,2026-07-21T21:15:00+0200,3.83,MW,NL,NL,actual_offshore_wind_generation,Wind Offshore | Actual Consumption,2026-08-17T17:16:10Z
2026-08-17T17:12:16Z,2026-08-17T19:12:16+0200,f372a1fc-a0b6-48c3-b979-dc927b00239d,2026-07-21T19:30:00Z,2026-07-21T21:30:00+0200,858.208,MW,NL,NL,actual_offshore_wind_generation,Wind Offshore | Actual Aggregated,2026-08-17T17:16:10Z
2026-08-17T17:12:16Z,2026-08-17T19:12:16+0200,f372a1fc-a0b6-48c3-b979-dc927b00239d,2026-07-21T19:30:00Z,2026-07-21T21:30:00+0200,2.914,MW,NL,NL,actual_offshore_wind_generation,Wind Offshore | Actual Consumption,2026-08-17T17:16:10Z
2026-08-17T17:12:16Z,2026-08-17T19:12:16+0200,f372a1fc-a0b6-48c3-b979-dc927b00239d,2026-07-21T19:45:00Z,2026-07-21T21:45:00+0200,1027.241,MW,NL,NL,actual_offshore_wind_generation,Wind Offshore | Actual Aggregated,2026-08-17T17:16:10Z
2026-08-17T17:12:16Z,2026-08-17T19:12:16+0200,f372a1fc-a0b6-48c3-b979-dc927b00239d,2026-07-21T19:45:00Z,2026-07-21T21:45:00+0200,2.782,MW,NL,NL,actual_offshore_wind_generation,Wind Offshore | Actual Consumption,2026-08-17T17:16:10Z
2026-08-17T17:12:16Z,2026-08-17T19:12:16+0200,f372a1fc-a0b6-48c3-b979-dc927b00239d,2026-07-21T20:00:00Z,2026-07-21T22:00:00+0200,1056.714,MW,NL,NL,actual_offshore_wind_generation,Wind Offshore | Actual Aggregated,2026-08-17T17:16:10Z
2026-08-17T17:12:16Z,2026-08-17T19:12:16+0200,f372a1fc-a0b6-48c3-b979-dc927b00239d,2026-07-21T20:00:00Z,2026-07-21T22:00:00+0200,3.384,MW,NL,NL,actual_offshore_wind_generation,Wind Offshore | Actual Consumption,2026-08-17T17:16:10Z
2026-08-17T17:12:16Z,2026-08-17T19:12:16+0200,f372a1fc-a0b6-48c3-b979-dc927b00239d,2026-07-21T20:15:00Z,2026-07-21T22:15:00+0200,1091.285,MW,NL,NL,actual_offshore_wind_generation,Wind Offshore | Actual Aggregated,2026-08-17T17:16:10Z
2026-08-17T17:12:16Z,2026-08-17T19:12:16+0200,f372a1fc-a0b6-48c3-b979-dc927b00239d,2026-07-21T20:15:00Z,2026-07-21T22:15:00+0200,3.63,MW,NL,NL,actual_offshore_wind_generation,Wind Offshore | Actual Consumption,2026-08-17T17:16:10Z
2026-08-17T17:12:16Z,2026-08-17T19:12:16+0200,f372a1fc-a0b6-48c3-b979-dc927b00239d,2026-07-21T20:30:00Z,2026-07-21T22:30:00+0200,1124.797,MW,NL,NL,actual_offshore_wind_generation,Wind Offshore | Actual Aggregated,2026-08-17T17:16:10Z
2026-08-17T17:12:16Z,2026-08-17T19:12:16+0200,f372a1fc-a0b6-48c3-b979-dc927b00239d,2026-07-21T20:30:00Z,2026-07-21T22:30:00+0200,4.604,MW,NL,NL,actual_offshore_wind_generation,Wind Offshore | Actual Consumption,2026-08-17T17:16:10Z
2026-08-17T17:12:16Z,2026-08-17T19:12:16+0200,f372a1fc-a0b6-48c3-b979-dc927b00239d,2026-07-21T20:45:00Z,2026-07-21T22:45:00+0200,1081.5,MW,NL,NL,actual_offshore_wind_generation,Wind Offshore | Actual Aggregated,2026-08-17T17:16:10Z
2026-08-17T17:12:16Z,2026-08-17T19:12:16+0200,f372a1fc-a0b6-48c3-b979-dc927b00239d,2026-07-21T20:45:00Z,2026-07-21T22:45:00+0200,2.153,MW,NL,NL,actual_offshore_wind_generation,Wind Offshore | Actual Consumption,2026-08-17T17:16:10Z
2026-08-17T17:12:16Z,2026-08-17T19:12:16+0200,f372a1fc-a0b6-48c3-b979-dc927b00239d,2026-07-21T21:00:00Z,2026-07-21T23:00:00+0200,1030.923,MW,NL,NL,actual_offshore_wind_generation,Wind Offshore | Actual Aggregated,2026-08-17T17:16:10Z
2026-08-17T17:12:16Z,2026-08-17T19:12:16+0200,f372a1fc-a0b6-48c3-b979-dc927b00239d,2026-07-21T21:00:00Z,2026-07-21T23:00:00+0200,2.069,MW,NL,NL,actual_offshore_wind_generation,Wind Offshore | Actual Consumption,2026-08-17T17:16:10Z
2026-08-17T17:12:16Z,2026-08-17T19:12:16+0200,f372a1fc-a0b6-48c3-b979-dc927b00239d,2026-07-21T21:15:00Z,2026-07-21T23:15:00+0200,926.689,MW,NL,NL,actual_offshore_wind_generation,Wind Offshore | Actual Aggregated,2026-08-17T17:16:10Z
2026-08-17T17:12:16Z,2026-08-17T19:12:16+0200,f372a1fc-a0b6-48c3-b979-dc927b00239d,2026-07-21T21:15:00Z,2026-07-21T23:15:00+0200,2.319,MW,NL,NL,actual_offshore_wind_generation,Wind Offshore | Actual Consumption,2026-08-17T17:16:10Z
2026-08-17T17:12:16Z,2026-08-17T19:12:16+0200,f372a1fc-a0b6-48c3-b979-dc927b00239d,2026-07-21T21:30:00Z,2026-07-21T23:30:00+0200,824.88,MW,NL,NL,actual_offshore_wind_generation,Wind Offshore | Actual Aggregated,2026-08-17T17:16:10Z
2026-08-17T17:12:16Z,2026-08-17T19:12:16+0200,f372a1fc-a0b6-48c3-b979-dc927b00239d,2026-07-21T21:30:00Z,2026-07-21T23:30:00+0200,3.403,MW,NL,NL,actual_offshore_wind_generation,Wind Offshore | Actual Consumption,2026-08-17T17:16:10Z
2026-08-17T17:12:16Z,2026-08-17T19:12:16+0200,f372a1fc-a0b6-48c3-b979-dc927b00239d,2026-07-21T21:45:00Z,2026-07-21T23:45:00+0200,874.982,MW,NL,NL,actual_offshore_wind_generation,Wind Offshore | Actual Aggregated,2026-08-17T17:16:10Z
2026-08-17T17:12:16Z,2026-08-17T19:12:16+0200,f372a1fc-a0b6-48c3-b979-dc927b00239d,2026-07-21T21:45:00Z,2026-07-21T23:45:00+0200,2.678,MW,NL,NL,actual_offshore_wind_generation,Wind Offshore | Actual Consumption,2026-08-17T17:16:10Z
2026-08-17T17:12:16Z,2026-08-17T19:12:16+0200,f372a1fc-a0b6-48c3-b979-dc927b00239d,2026-07-21T22:00:00Z,2026-07-22T00:00:00+0200,986.778,MW,NL,NL,actual_offshore_wind_generation,Wind Offshore | Actual Aggregated,2026-08-17T17:16:10Z
2026-08-17T17:12:16Z,2026-08-17T19:12:16+0200,f372a1fc-a0b6-48c3-b979-dc927b00239d,2026-07-21T22:00:00Z,2026-07-22T00:00:00+0200,3.26,MW,NL,NL,actual_offshore_wind_generation,Wind Offshore | Actual Consumption,2026-08-17T17:16:10Z
2026-08-17T17:12:16Z,2026-08-17T19:12:16+0200,f372a1fc-a0b6-48c3-b979-dc927b00239d,2026-07-21T22:15:00Z,2026-07-22T00:15:00+0200,894.93,MW,NL,NL,actual_offshore_wind_generation,Wind Offshore | Actual Aggregated,2026-08-17T17:16:10Z
2026-08-17T17:12:16Z,2026-08-17T19:12:16+0200,f372a1fc-a0b6-48c3-b979-dc927b00239d,2026-07-21T22:15:00Z,2026-07-22T00:15:00+0200,2.531,MW,NL,NL,actual_offshore_wind_generation,Wind Offshore | Actual Consumption,2026-08-17T17:16:10Z
2026-08-17T17:12:16Z,2026-08-17T19:12:16+0200,f372a1fc-a0b6-48c3-b979-dc927b00239d,2026-07-21T22:30:00Z,2026-07-22T00:30:00+0200,789.342,MW,NL,NL,actual_offshore_wind_generation,Wind Offshore | Actual Aggregated,2026-08-17T17:16:10Z
2026-08-17T17:12:16Z,2026-08-17T19:12:16+0200,f372a1fc-a0b6-48c3-b979-dc927b00239d,2026-07-21T22:30:00Z,2026-07-22T00:30:00+0200,2.251,MW,NL,NL,actual_offshore_wind_generation,Wind Offshore | Actual Consumption,2026-08-17T17:16:10Z
2026-08-17T17:12:16Z,2026-08-17T19:12:16+0200,f372a1fc-a0b6-48c3-b979-dc927b00239d,2026-07-21T22:45:00Z,2026-07-22T00:45:00+0200,798.521,MW,NL,NL,actual_offshore_wind_generation,Wind Offshore | Actual Aggregated,2026-08-17T17:16:10Z
2026-08-17T17:12:16Z,2026-08-17T19:12:16+0200,f372a1fc-a0b6-48c3-b979-dc927b00239d,2026-07-21T22:45:00Z,2026-07-22T00:45:00+0200,1.603,MW,NL,NL,actual_offshore_wind_generation,Wind Offshore | Actual Consumption,2026-08-17T17:16:10Z
2026-08-17T17:12:16Z,2026-08-17T19:12:16+0200,f372a1fc-a0b6-48c3-b979-dc927b00239d,2026-07-21T23:00:00Z,2026-07-22T01:00:00+0200,793.566,MW,NL,NL,actual_offshore_wind_generation,Wind Offshore | Actual Aggregated,2026-08-17T17:16:10Z
2026-08-17T17:12:16Z,2026-08-17T19:12:16+0200,f372a1fc-a0b6-48c3-b979-dc927b00239d,2026-07-21T23:00:00Z,2026-07-22T01:00:00+0200,0.884,MW,NL,NL,actual_offshore_wind_generation,Wind Offshore | Actual Consumption,2026-08-17T17:16:10Z
2026-08-17T17:12:16Z,2026-08-17T19:12:16+0200,f372a1fc-a0b6-48c3-b979-dc927b00239d,2026-07-21T23:15:00Z,2026-07-22T01:15:00+0200,770.39,MW,NL,NL,actual_offshore_wind_generation,Wind Offshore | Actual Aggregated,2026-08-17T17:16:10Z
2026-08-17T17:12:16Z,2026-08-17T19:12:16+0200,f372a1fc-a0b6-48c3-b979-dc927b00239d,2026-07-21T23:15:00Z,2026-07-22T01:15:00+0200,4.111,MW,NL,NL,actual_offshore_wind_generation,Wind Offshore | Actual Consumption,2026-08-17T17:16:10Z
2026-08-17T17:12:16Z,2026-08-17T19:12:16+0200,f372a1fc-a0b6-48c3-b979-dc927b00239d,2026-07-21T23:30:00Z,2026-07-22T01:30:00+0200,893.255,MW,NL,NL,actual_offshore_wind_generation,Wind Offshore | Actual Aggregated,2026-08-17T17:16:10Z
2026-08-17T17:12:16Z,2026-08-17T19:12:16+0200,f372a1fc-a0b6-48c3-b979-dc927b00239d,2026-07-21T23:30:00Z,2026-07-22T01:30:00+0200,3.261,MW,NL,NL,actual_offshore_wind_generation,Wind Offshore | Actual Consumption,2026-08-17T17:16:10Z
2026-08-17T17:12:16Z,2026-08-17T19:12:16+0200,f372a1fc-a0b6-48c3-b979-dc927b00239d,2026-07-21T23:45:00Z,2026-07-22T01:45:00+0200,831.971,MW,NL,NL,actual_offshore_wind_generation,Wind Offshore | Actual Aggregated,2026-08-17T17:16:10Z
2026-08-17T17:12:16Z,2026-08-17T19:12:16+0200,f372a1fc-a0b6-48c3-b979-dc927b00239d,2026-07-21T23:45:00Z,2026-07-22T01:45:00+0200,1.623,MW,NL,NL,actual_offshore_wind_generation,Wind Offshore | Actual Consumption,2026-08-17T17:16:10Z
2026-08-17T17:12:16Z,2026-08-17T19:12:16+0200,f372a1fc-a0b6-48c3-b979-dc927b00239d,2026-07-22T00:00:00Z,2026-07-22T02:00:00+0200,928.891,MW,NL,NL,actual_offshore_wind_generation,Wind Offshore | Actual Aggregated,2026-08-17T17:16:10Z
2026-08-17T17:12:16Z,2026-08-17T19:12:16+0200,f372a1fc-a0b6-48c3-b979-dc927b00239d,2026-07-22T00:00:00Z,2026-07-22T02:00:00+0200,0.997,MW,NL,NL,actual_offshore_wind_generation,Wind Offshore | Actual Consumption,2026-08-17T17:16:10Z
2026-08-17T17:12:16Z,2026-08-17T19:12:16+0200,f372a1fc-a0b6-48c3-b979-dc927b00239d,2026-07-22T00:15:00Z,2026-07-22T02:15:00+0200,900.57,MW,NL,NL,actual_offshore_wind_generation,Wind Offshore | Actual Aggregated,2026-08-17T17:16:10Z
2026-08-17T17:12:16Z,2026-08-17T19:12:16+0200,f372a1fc-a0b6-48c3-b979-dc927b00239d,2026-07-22T00:15:00Z,2026-07-22T02:15:00+0200,2.181,MW,NL,NL,actual_offshore_wind_generation,Wind Offshore | Actual Consumption,2026-08-17T17:16:10Z
2026-08-17T17:12:16Z,2026-08-17T19:12:16+0200,f372a1fc-a0b6-48c3-b979-dc927b00239d,2026-07-22T00:30:00Z,2026-07-22T02:30:00+0200,935.63,MW,NL,NL,actual_offshore_wind_generation,Wind Offshore | Actual Aggregated,2026-08-17T17:16:10Z
2026-08-17T17:12:16Z,2026-08-17T19:12:16+0200,f372a1fc-a0b6-48c3-b979-dc927b00239d,2026-07-22T00:30:00Z,2026-07-22T02:30:00+0200,2.23,MW,NL,NL,actual_offshore_wind_generation,Wind Offshore | Actual Consumption,2026-08-17T17:16:10Z
2026-08-17T17:12:16Z,2026-08-17T19:12:16+0200,f372a1fc-a0b6-48c3-b979-dc927b00239d,2026-07-22T00:45:00Z,2026-07-22T02:45:00+0200,1087.168,MW,NL,NL,actual_offshore_wind_generation,Wind Offshore | Actual Aggregated,2026-08-17T17:16:10Z
2026-08-17T17:12:16Z,2026-08-17T19:12:16+0200,f372a1fc-a0b6-48c3-b979-dc927b00239d,2026-07-22T00:45:00Z,2026-07-22T02:45:00+0200,0.945,MW,NL,NL,actual_offshore_wind_generation,Wind Offshore | Actual Consumption,2026-08-17T17:16:10Z
2026-08-17T17:12:16Z,2026-08-17T19:12:16+0200,f372a1fc-a0b6-48c3-b979-dc927b00239d,2026-07-22T01:00:00Z,2026-07-22T03:00:00+0200,1188.251,MW,NL,NL,actual_offshore_wind_generation,Wind Offshore | Actual Aggregated,2026-08-17T17:16:10Z
2026-08-17T17:12:16Z,2026-08-17T19:12:16+0200,f372a1fc-a0b6-48c3-b979-dc927b00239d,2026-07-22T01:00:00Z,2026-07-22T03:00:00+0200,0.0,MW,NL,NL,actual_offshore_wind_generation,Wind Offshore | Actual Consumption,2026-08-17T17:16:10Z
2026-08-17T17:12:16Z,2026-08-17T19:12:16+0200,f372a1fc-a0b6-48c3-b979-dc927b00239d,2026-07-22T01:15:00Z,2026-07-22T03:15:00+0200,963.269,MW,NL,NL,actual_offshore_wind_generation,Wind Offshore | Actual Aggregated,2026-08-17T17:16:10Z
2026-08-17T17:12:16Z,2026-08-17T19:12:16+0200,f372a1fc-a0b6-48c3-b979-dc927b00239d,2026-07-22T01:15:00Z,2026-07-22T03:15:00+0200,1.081,MW,NL,NL,actual_offshore_wind_generation,Wind Offshore | Actual Consumption,2026-08-17T17:16:10Z
2026-08-17T17:12:16Z,2026-08-17T19:12:16+0200,f372a1fc-a0b6-48c3-b979-dc927b00239d,2026-07-22T01:30:00Z,2026-07-22T03:30:00+0200,913.123,MW,NL,NL,actual_offshore_wind_generation,Wind Offshore | Actual Aggregated,2026-08-17T17:16:10Z
2026-08-17T17:12:16Z,2026-08-17T19:12:16+0200,f372a1fc-a0b6-48c3-b979-dc927b00239d,2026-07-22T01:30:00Z,2026-07-22T03:30:00+0200,2.326,MW,NL,NL,actual_offshore_wind_generation,Wind Offshore | Actual Consumption,2026-08-17T17:16:10Z
2026-08-17T17:12:16Z,2026-08-17T19:12:16+0200,f372a1fc-a0b6-48c3-b979-dc927b00239d,2026-07-22T01:45:00Z,2026-07-22T03:45:00+0200,1113.058,MW,NL,NL,actual_offshore_wind_generation,Wind Offshore | Actual Aggregated,2026-08-17T17:16:10Z
2026-08-17T17:12:16Z,2026-08-17T19:12:16+0200,f372a1fc-a0b6-48c3-b979-dc927b00239d,2026-07-22T01:45:00Z,2026-07-22T03:45:00+0200,3.153,MW,NL,NL,actual_offshore_wind_generation,Wind Offshore | Actual Consumption,2026-08-17T17:16:10Z
2026-08-17T17:12:16Z,2026-08-17T19:12:16+0200,f372a1fc-a0b6-48c3-b979-dc927b00239d,2026-07-22T02:00:00Z,2026-07-22T04:00:00+0200,1116.088,MW,NL,NL,actual_offshore_wind_generation,Wind Offshore | Actual Aggregated,2026-08-17T17:16:10Z
2026-08-17T17:12:16Z,2026-08-17T19:12:16+0200,f372a1fc-a0b6-48c3-b979-dc927b00239d,2026-07-22T02:00:00Z,2026-07-22T04:00:00+0200,1.855,MW,NL,NL,actual_offshore_wind_generation,Wind Offshore | Actual Consumption,2026-08-17T17:16:10Z
2026-08-17T17:12:16Z,2026-08-17T19:12:16+0200,f372a1fc-a0b6-48c3-b979-dc927b00239d,2026-07-22T02:15:00Z,2026-07-22T04:15:00+0200,1092.34,MW,NL,NL,actual_offshore_wind_generation,Wind Offshore | Actual Aggregated,2026-08-17T17:16:10Z
2026-08-17T17:12:16Z,2026-08-17T19:12:16+0200,f372a1fc-a0b6-48c3-b979-dc927b00239d,2026-07-22T02:15:00Z,2026-07-22T04:15:00+0200,0.988,MW,NL,NL,actual_offshore_wind_generation,Wind Offshore | Actual Consumption,2026-08-17T17:16:10Z
2026-08-17T17:12:16Z,2026-08-17T19:12:16+0200,f372a1fc-a0b6-48c3-b979-dc927b00239d,2026-07-22T02:30:00Z,2026-07-22T04:30:00+0200,1074.051,MW,NL,NL,actual_offshore_wind_generation,Wind Offshore | Actual Aggregated,2026-08-17T17:16:10Z
2026-08-17T17:12:16Z,2026-08-17T19:12:16+0200,f372a1fc-a0b6-48c3-b979-dc927b00239d,2026-07-22T02:30:00Z,2026-07-22T04:30:00+0200,1.34,MW,NL,NL,actual_offshore_wind_generation,Wind Offshore | Actual Consumption,2026-08-17T17:16:10Z
2026-08-17T17:12:16Z,2026-08-17T19:12:16+0200,f372a1fc-a0b6-48c3-b979-dc927b00239d,2026-07-22T02:45:00Z,2026-07-22T04:45:00+0200,1066.464,MW,NL,NL,actual_offshore_wind_generation,Wind Offshore | Actual Aggregated,2026-08-17T17:16:10Z
2026-08-17T17:12:16Z,2026-08-17T19:12:16+0200,f372a1fc-a0b6-48c3-b979-dc927b00239d,2026-07-22T02:45:00Z,2026-07-22T04:45:00+0200,1.727,MW,NL,NL,actual_offshore_wind_generation,Wind Offshore | Actual Consumption,2026-08-17T17:16:10Z
2026-08-17T17:12:16Z,2026-08-17T19:12:16+0200,f372a1fc-a0b6-48c3-b979-dc927b00239d,2026-07-22T03:00:00Z,2026-07-22T05:00:00+0200,1107.992,MW,NL,NL,actual_offshore_wind_generation,Wind Offshore | Actual Aggregated,2026-08-17T17:16:10Z
2026-08-17T17:12:16Z,2026-08-17T19:12:16+0200,f372a1fc-a0b6-48c3-b979-dc927b00239d,2026-07-22T03:00:00Z,2026-07-22T05:00:00+0200,1.813,MW,NL,NL,actual_offshore_wind_generation,Wind Offshore | Actual Consumption,2026-08-17T17:16:10Z
2026-08-17T17:12:16Z,2026-08-17T19:12:16+0200,f372a1fc-a0b6-48c3-b979-dc927b00239d,2026-07-22T03:15:00Z,2026-07-22T05:15:00+0200,1139.149,MW,NL,NL,actual_offshore_wind_generation,Wind Offshore | Actual Aggregated,2026-08-17T17:16:10Z
2026-08-17T17:12:16Z,2026-08-17T19:12:16+0200,f372a1fc-a0b6-48c3-b979-dc927b00239d,2026-07-22T03:15:00Z,2026-07-22T05:15:00+0200,4.019,MW,NL,NL,actual_offshore_wind_generation,Wind Offshore | Actual Consumption,2026-08-17T17:16:10Z
2026-08-17T17:12:16Z,2026-08-17T19:12:16+0200,f372a1fc-a0b6-48c3-b979-dc927b00239d,2026-07-22T03:30:00Z,2026-07-22T05:30:00+0200,1152.504,MW,NL,NL,actual_offshore_wind_generation,Wind Offshore | Actual Aggregated,2026-08-17T17:16:10Z
2026-08-17T17:12:16Z,2026-08-17T19:12:16+0200,f372a1fc-a0b6-48c3-b979-dc927b00239d,2026-07-22T03:30:00Z,2026-07-22T05:30:00+0200,4.446,MW,NL,NL,actual_offshore_wind_generation,Wind Offshore | Actual Consumption,2026-08-17T17:16:10Z
2026-08-17T17:12:16Z,2026-08-17T19:12:16+0200,f372a1fc-a0b6-48c3-b979-dc927b00239d,2026-07-22T03:45:00Z,2026-07-22T05:45:00+0200,1259.884,MW,NL,NL,actual_offshore_wind_generation,Wind Offshore | Actual Aggregated,2026-08-17T17:16:10Z
2026-08-17T17:12:16Z,2026-08-17T19:12:16+0200,f372a1fc-a0b6-48c3-b979-dc927b00239d,2026-07-22T03:45:00Z,2026-07-22T05:45:00+0200,2.716,MW,NL,NL,actual_offshore_wind_generation,Wind Offshore | Actual Consumption,2026-08-17T17:16:10Z
2026-08-17T17:12:16Z,2026-08-17T19:12:16+0200,f372a1fc-a0b6-48c3-b979-dc927b00239d,2026-07-22T04:00:00Z,2026-07-22T06:00:00+0200,1141.455,MW,NL,NL,actual_offshore_wind_generation,Wind Offshore | Actual Aggregated,2026-08-17T17:16:10Z
2026-08-17T17:12:16Z,2026-08-17T19:12:16+0200,f372a1fc-a0b6-48c3-b979-dc927b00239d,2026-07-22T04:00:00Z,2026-07-22T06:00:00+0200,2.811,MW,NL,NL,actual_offshore_wind_generation,Wind Offshore | Actual Consumption,2026-08-17T17:16:10Z
2026-08-17T17:12:16Z,2026-08-17T19:12:16+0200,f372a1fc-a0b6-48c3-b979-dc927b00239d,2026-07-22T04:15:00Z,2026-07-22T06:15:00+0200,1016.023,MW,NL,NL,actual_offshore_wind_generation,Wind Offshore | Actual Aggregated,2026-08-17T17:16:10Z
2026-08-17T17:12:16Z,2026-08-17T19:12:16+0200,f372a1fc-a0b6-48c3-b979-dc927b00239d,2026-07-22T04:15:00Z,2026-07-22T06:15:00+0200,3.207,MW,NL,NL,actual_offshore_wind_generation,Wind Offshore | Actual Consumption,2026-08-17T17:16:10Z
2026-08-17T17:12:16Z,2026-08-17T19:12:16+0200,f372a1fc-a0b6-48c3-b979-dc927b00239d,2026-07-22T04:30:00Z,2026-07-22T06:30:00+0200,997.626,MW,NL,NL,actual_offshore_wind_generation,Wind Offshore | Actual Aggregated,2026-08-17T17:16:10Z
2026-08-17T17:12:16Z,2026-08-17T19:12:16+0200,f372a1fc-a0b6-48c3-b979-dc927b00239d,2026-07-22T04:30:00Z,2026-07-22T06:30:00+0200,3.668,MW,NL,NL,actual_offshore_wind_generation,Wind Offshore | Actual Consumption,2026-08-17T17:16:10Z
2026-08-17T17:12:16Z,2026-08-17T19:12:16+0200,f372a1fc-a0b6-48c3-b979-dc927b00239d,2026-07-22T04:45:00Z,2026-07-22T06:45:00+0200,957.777,MW,NL,NL,actual_offshore_wind_generation,Wind Offshore | Actual Aggregated,2026-08-17T17:16:10Z
2026-08-17T17:12:16Z,2026-08-17T19:12:16+0200,f372a1fc-a0b6-48c3-b979-dc927b00239d,2026-07-22T04:45:00Z,2026-07-22T06:45:00+0200,2.865,MW,NL,NL,actual_offshore_wind_generation,Wind Offshore | Actual Consumption,2026-08-17T17:16:10Z
2026-08-17T17:12:16Z,2026-08-17T19:12:16+0200,f372a1fc-a0b6-48c3-b979-dc927b00239d,2026-07-22T05:00:00Z,2026-07-22T07:00:00+0200,941.967,MW,NL,NL,actual_offshore_wind_generation,Wind Offshore | Actual Aggregated,2026-08-17T17:16:10Z
2026-08-17T17:12:16Z,2026-08-17T19:12:16+0200,f372a1fc-a0b6-48c3-b979-dc927b00239d,2026-07-22T05:00:00Z,2026-07-22T07:00:00+0200,3.35,MW,NL,NL,actual_offshore_wind_generation,Wind Offshore | Actual Consumption,2026-08-17T17:16:10Z
2026-08-17T17:12:16Z,2026-08-17T19:12:16+0200,f372a1fc-a0b6-48c3-b979-dc927b00239d,2026-07-22T05:15:00Z,2026-07-22T07:15:00+0200,976.37,MW,NL,NL,actual_offshore_wind_generation,Wind Offshore | Actual Aggregated,2026-08-17T17:16:10Z
2026-08-17T17:12:16Z,2026-08-17T19:12:16+0200,f372a1fc-a0b6-48c3-b979-dc927b00239d,2026-07-22T05:15:00Z,2026-07-22T07:15:00+0200,2.415,MW,NL,NL,actual_offshore_wind_generation,Wind Offshore | Actual Consumption,2026-08-17T17:16:10Z
2026-08-17T17:12:16Z,2026-08-17T19:12:16+0200,f372a1fc-a0b6-48c3-b979-dc927b00239d,2026-07-22T05:30:00Z,2026-07-22T07:30:00+0200,1137.509,MW,NL,NL,actual_offshore_wind_generation,Wind Offshore | Actual Aggregated,2026-08-17T17:16:10Z
2026-08-17T17:12:16Z,2026-08-17T19:12:16+0200,f372a1fc-a0b6-48c3-b979-dc927b00239d,2026-07-22T05:30:00Z,2026-07-22T07:30:00+0200,1.847,MW,NL,NL,actual_offshore_wind_generation,Wind Offshore | Actual Consumption,2026-08-17T17:16:10Z
2026-08-17T17:12:16Z,2026-08-17T19:12:16+0200,f372a1fc-a0b6-48c3-b979-dc927b00239d,2026-07-22T05:45:00Z,2026-07-22T07:45:00+0200,1169.273,MW,NL,NL,actual_offshore_wind_generation,Wind Offshore | Actual Aggregated,2026-08-17T17:16:10Z
2026-08-17T17:12:16Z,2026-08-17T19:12:16+0200,f372a1fc-a0b6-48c3-b979-dc927b00239d,2026-07-22T05:45:00Z,2026-07-22T07:45:00+0200,1.701,MW,NL,NL,actual_offshore_wind_generation,Wind Offshore | Actual Consumption,2026-08-17T17:16:10Z
2026-08-17T17:12:16Z,2026-08-17T19:12:16+0200,f372a1fc-a0b6-48c3-b979-dc927b00239d,2026-07-22T06:00:00Z,2026-07-22T08:00:00+0200,1231.771,MW,NL,NL,actual_offshore_wind_generation,Wind Offshore | Actual Aggregated,2026-08-17T17:16:10Z
2026-08-17T17:12:16Z,2026-08-17T19:12:16+0200,f372a1fc-a0b6-48c3-b979-dc927b00239d,2026-07-22T06:00:00Z,2026-07-22T08:00:00+0200,2.161,MW,NL,NL,actual_offshore_wind_generation,Wind Offshore | Actual Consumption,2026-08-17T17:16:10Z
2026-08-17T17:12:16Z,2026-08-17T19:12:16+0200,f372a1fc-a0b6-48c3-b979-dc927b00239d,2026-07-22T06:15:00Z,2026-07-22T08:15:00+0200,1228.198,MW,NL,NL,actual_offshore_wind_generation,Wind Offshore | Actual Aggregated,2026-08-17T17:16:10Z
2026-08-17T17:12:16Z,2026-08-17T19:12:16+0200,f372a1fc-a0b6-48c3-b979-dc927b00239d,2026-07-22T06:15:00Z,2026-07-22T08:15:00+0200,3.473,MW,NL,NL,actual_offshore_wind_generation,Wind Offshore | Actual Consumption,2026-08-17T17:16:10Z
2026-08-17T17:12:16Z,2026-08-17T19:12:16+0200,f372a1fc-a0b6-48c3-b979-dc927b00239d,2026-07-22T06:30:00Z,2026-07-22T08:30:00+0200,1240.832,MW,NL,NL,actual_offshore_wind_generation,Wind Offshore | Actual Aggregated,2026-08-17T17:16:10Z
2026-08-17T17:12:16Z,2026-08-17T19:12:16+0200,f372a1fc-a0b6-48c3-b979-dc927b00239d,2026-07-22T06:30:00Z,2026-07-22T08:30:00+0200,3.537,MW,NL,NL,actual_offshore_wind_generation,Wind Offshore | Actual Consumption,2026-08-17T17:16:10Z
2026-08-17T17:12:16Z,2026-08-17T19:12:16+0200,f372a1fc-a0b6-48c3-b979-dc927b00239d,2026-07-22T06:45:00Z,2026-07-22T08:45:00+0200,1244.369,MW,NL,NL,actual_offshore_wind_generation,Wind Offshore | Actual Aggregated,2026-08-17T17:16:10Z
2026-08-17T17:12:16Z,2026-08-17T19:12:16+0200,f372a1fc-a0b6-48c3-b979-dc927b00239d,2026-07-22T06:45:00Z,2026-07-22T08:45:00+0200,3.107,MW,NL,NL,actual_offshore_wind_generation,Wind Offshore | Actual Consumption,2026-08-17T17:16:10Z
2026-08-17T17:12:16Z,2026-08-17T19:12:16+0200,f372a1fc-a0b6-48c3-b979-dc927b00239d,2026-07-22T07:00:00Z,2026-07-22T09:00:00+0200,1416.958,MW,NL,NL,actual_offshore_wind_generation,Wind Offshore | Actual Aggregated,2026-08-17T17:16:10Z
2026-08-17T17:12:16Z,2026-08-17T19:12:16+0200,f372a1fc-a0b6-48c3-b979-dc927b00239d,2026-07-22T07:00:00Z,2026-07-22T09:00:00+0200,3.142,MW,NL,NL,actual_offshore_wind_generation,Wind Offshore | Actual Consumption,2026-08-17T17:16:10Z
2026-08-17T17:12:16Z,2026-08-17T19:12:16+0200,f372a1fc-a0b6-48c3-b979-dc927b00239d,2026-07-22T07:15:00Z,2026-07-22T09:15:00+0200,1640.996,MW,NL,NL,actual_offshore_wind_generation,Wind Offshore | Actual Aggregated,2026-08-17T17:16:10Z
2026-08-17T17:12:16Z,2026-08-17T19:12:16+0200,f372a1fc-a0b6-48c3-b979-dc927b00239d,2026-07-22T07:15:00Z,2026-07-22T09:15:00+0200,2.883,MW,NL,NL,actual_offshore_wind_generation,Wind Offshore | Actual Consumption,2026-08-17T17:16:10Z
2026-08-17T17:12:16Z,2026-08-17T19:12:16+0200,f372a1fc-a0b6-48c3-b979-dc927b00239d,2026-07-22T07:30:00Z,2026-07-22T09:30:00+0200,1611.679,MW,NL,NL,actual_offshore_wind_generation,Wind Offshore | Actual Aggregated,2026-08-17T17:16:10Z
2026-08-17T17:12:16Z,2026-08-17T19:12:16+0200,f372a1fc-a0b6-48c3-b979-dc927b00239d,2026-07-22T07:30:00Z,2026-07-22T09:30:00+0200,2.91,MW,NL,NL,actual_offshore_wind_generation,Wind Offshore | Actual Consumption,2026-08-17T17:16:10Z
2026-08-17T17:12:16Z,2026-08-17T19:12:16+0200,f372a1fc-a0b6-48c3-b979-dc927b00239d,2026-07-22T07:45:00Z,2026-07-22T09:45:00+0200,1489.232,MW,NL,NL,actual_offshore_wind_generation,Wind Offshore | Actual Aggregated,2026-08-17T17:16:10Z
2026-08-17T17:12:16Z,2026-08-17T19:12:16+0200,f372a1fc-a0b6-48c3-b979-dc927b00239d,2026-07-22T07:45:00Z,2026-07-22T09:45:00+0200,3.831,MW,NL,NL,actual_offshore_wind_generation,Wind Offshore | Actual Consumption,2026-08-17T17:16:10Z
2026-08-17T17:12:16Z,2026-08-17T19:12:16+0200,f372a1fc-a0b6-48c3-b979-dc927b00239d,2026-07-22T08:00:00Z,2026-07-22T10:00:00+0200,1449.141,MW,NL,NL,actual_offshore_wind_generation,Wind Offshore | Actual Aggregated,2026-08-17T17:16:10Z
2026-08-17T17:12:16Z,2026-08-17T19:12:16+0200,f372a1fc-a0b6-48c3-b979-dc927b00239d,2026-07-22T08:00:00Z,2026-07-22T10:00:00+0200,4.686,MW,NL,NL,actual_offshore_wind_generation,Wind Offshore | Actual Consumption,2026-08-17T17:16:10Z
2026-08-17T17:12:16Z,2026-08-17T19:12:16+0200,f372a1fc-a0b6-48c3-b979-dc927b00239d,2026-07-22T08:15:00Z,2026-07-22T10:15:00+0200,1436.758,MW,NL,NL,actual_offshore_wind_generation,Wind Offshore | Actual Aggregated,2026-08-17T17:16:10Z
2026-08-17T17:12:16Z,2026-08-17T19:12:16+0200,f372a1fc-a0b6-48c3-b979-dc927b00239d,2026-07-22T08:15:00Z,2026-07-22T10:15:00+0200,4.04,MW,NL,NL,actual_offshore_wind_generation,Wind Offshore | Actual Consumption,2026-08-17T17:16:10Z
2026-08-17T17:12:16Z,2026-08-17T19:12:16+0200,f372a1fc-a0b6-48c3-b979-dc927b00239d,2026-07-22T08:30:00Z,2026-07-22T10:30:00+0200,1685.193,MW,NL,NL,actual_offshore_wind_generation,Wind Offshore | Actual Aggregated,2026-08-17T17:16:10Z
2026-08-17T17:12:16Z,2026-08-17T19:12:16+0200,f372a1fc-a0b6-48c3-b979-dc927b00239d,2026-07-22T08:30:00Z,2026-07-22T10:30:00+0200,3.462,MW,NL,NL,actual_offshore_wind_generation,Wind Offshore | Actual Consumption,2026-08-17T17:16:10Z
2026-08-17T17:12:16Z,2026-08-17T19:12:16+0200,f372a1fc-a0b6-48c3-b979-dc927b00239d,2026-07-22T08:45:00Z,2026-07-22T10:45:00+0200,1489.856,MW,NL,NL,actual_offshore_wind_generation,Wind Offshore | Actual Aggregated,2026-08-17T17:16:10Z
2026-08-17T17:12:16Z,2026-08-17T19:12:16+0200,f372a1fc-a0b6-48c3-b979-dc927b00239d,2026-07-22T08:45:00Z,2026-07-22T10:45:00+0200,3.081,MW,NL,NL,actual_offshore_wind_generation,Wind Offshore | Actual Consumption,2026-08-17T17:16:10Z
2026-08-17T17:12:16Z,2026-08-17T19:12:16+0200,f372a1fc-a0b6-48c3-b979-dc927b00239d,2026-07-22T09:00:00Z,2026-07-22T11:00:00+0200,1319.136,MW,NL,NL,actual_offshore_wind_generation,Wind Offshore | Actual Aggregated,2026-08-17T17:16:10Z
2026-08-17T17:12:16Z,2026-08-17T19:12:16+0200,f372a1fc-a0b6-48c3-b979-dc927b00239d,2026-07-22T09:00:00Z,2026-07-22T11:00:00+0200,4.437,MW,NL,NL,actual_offshore_wind_generation,Wind Offshore | Actual Consumption,2026-08-17T17:16:10Z
2026-08-17T17:12:16Z,2026-08-17T19:12:16+0200,f372a1fc-a0b6-48c3-b979-dc927b00239d,2026-07-22T09:15:00Z,2026-07-22T11:15:00+0200,1300.479,MW,NL,NL,actual_offshore_wind_generation,Wind Offshore | Actual Aggregated,2026-08-17T17:16:10Z
2026-08-17T17:12:16Z,2026-08-17T19:12:16+0200,f372a1fc-a0b6-48c3-b979-dc927b00239d,2026-07-22T09:15:00Z,2026-07-22T11:15:00+0200,3.573,MW,NL,NL,actual_offshore_wind_generation,Wind Offshore | Actual Consumption,2026-08-17T17:16:10Z
2026-08-17T17:12:16Z,2026-08-17T19:12:16+0200,f372a1fc-a0b6-48c3-b979-dc927b00239d,2026-07-22T09:30:00Z,2026-07-22T11:30:00+0200,1340.136,MW,NL,NL,actual_offshore_wind_generation,Wind Offshore | Actual Aggregated,2026-08-17T17:16:10Z
2026-08-17T17:12:16Z,2026-08-17T19:12:16+0200,f372a1fc-a0b6-48c3-b979-dc927b00239d,2026-07-22T09:30:00Z,2026-07-22T11:30:00+0200,3.424,MW,NL,NL,actual_offshore_wind_generation,Wind Offshore | Actual Consumption,2026-08-17T17:16:10Z
2026-08-17T17:12:16Z,2026-08-17T19:12:16+0200,f372a1fc-a0b6-48c3-b979-dc927b00239d,2026-07-22T09:45:00Z,2026-07-22T11:45:00+0200,1333.451,MW,NL,NL,actual_offshore_wind_generation,Wind Offshore | Actual Aggregated,2026-08-17T17:16:10Z
2026-08-17T17:12:16Z,2026-08-17T19:12:16+0200,f372a1fc-a0b6-48c3-b979-dc927b00239d,2026-07-22T09:45:00Z,2026-07-22T11:45:00+0200,4.381,MW,NL,NL,actual_offshore_wind_generation,Wind Offshore | Actual Consumption,2026-08-17T17:16:10Z
2026-08-17T17:12:16Z,2026-08-17T19:12:16+0200,f372a1fc-a0b6-48c3-b979-dc927b00239d,2026-07-22T10:00:00Z,2026-07-22T12:00:00+0200,1378.297,MW,NL,NL,actual_offshore_wind_generation,Wind Offshore | Actual Aggregated,2026-08-17T17:16:10Z
2026-08-17T17:12:16Z,2026-08-17T19:12:16+0200,f372a1fc-a0b6-48c3-b979-dc927b00239d,2026-07-22T10:00:00Z,2026-07-22T12:00:00+0200,3.495,MW,NL,NL,actual_offshore_wind_generation,Wind Offshore | Actual Consumption,2026-08-17T17:16:10Z
2026-08-17T17:12:16Z,2026-08-17T19:12:16+0200,f372a1fc-a0b6-48c3-b979-dc927b00239d,2026-07-22T10:15:00Z,2026-07-22T12:15:00+0200,1509.736,MW,NL,NL,actual_offshore_wind_generation,Wind Offshore | Actual Aggregated,2026-08-17T17:16:10Z
2026-08-17T17:12:16Z,2026-08-17T19:12:16+0200,f372a1fc-a0b6-48c3-b979-dc927b00239d,2026-07-22T10:15:00Z,2026-07-22T12:15:00+0200,2.711,MW,NL,NL,actual_offshore_wind_generation,Wind Offshore | Actual Consumption,2026-08-17T17:16:10Z
2026-08-17T17:12:16Z,2026-08-17T19:12:16+0200,f372a1fc-a0b6-48c3-b979-dc927b00239d,2026-07-22T10:30:00Z,2026-07-22T12:30:00+0200,1285.588,MW,NL,NL,actual_offshore_wind_generation,Wind Offshore | Actual Aggregated,2026-08-17T17:16:10Z
2026-08-17T17:12:16Z,2026-08-17T19:12:16+0200,f372a1fc-a0b6-48c3-b979-dc927b00239d,2026-07-22T10:30:00Z,2026-07-22T12:30:00+0200,3.486,MW,NL,NL,actual_offshore_wind_generation,Wind Offshore | Actual Consumption,2026-08-17T17:16:10Z
2026-08-17T17:12:16Z,2026-08-17T19:12:16+0200,f372a1fc-a0b6-48c3-b979-dc927b00239d,2026-07-22T10:45:00Z,2026-07-22T12:45:00+0200,1598.995,MW,NL,NL,actual_offshore_wind_generation,Wind Offshore | Actual Aggregated,2026-08-17T17:16:10Z
2026-08-17T17:12:16Z,2026-08-17T19:12:16+0200,f372a1fc-a0b6-48c3-b979-dc927b00239d,2026-07-22T10:45:00Z,2026-07-22T12:45:00+0200,2.657,MW,NL,NL,actual_offshore_wind_generation,Wind Offshore | Actual Consumption,2026-08-17T17:16:10Z
2026-08-17T17:12:16Z,2026-08-17T19:12:16+0200,f372a1fc-a0b6-48c3-b979-dc927b00239d,2026-07-22T11:00:00Z,2026-07-22T13:00:00+0200,1159.627,MW,NL,NL,actual_offshore_wind_generation,Wind Offshore | Actual Aggregated,2026-08-17T17:16:10Z
2026-08-17T17:12:16Z,2026-08-17T19:12:16+0200,f372a1fc-a0b6-48c3-b979-dc927b00239d,2026-07-22T11:00:00Z,2026-07-22T13:00:00+0200,3.813,MW,NL,NL,actual_offshore_wind_generation,Wind Offshore | Actual Consumption,2026-08-17T17:16:10Z
2026-08-17T17:12:16Z,2026-08-17T19:12:16+0200,f372a1fc-a0b6-48c3-b979-dc927b00239d,2026-07-22T11:15:00Z,2026-07-22T13:15:00+0200,1032.965,MW,NL,NL,actual_offshore_wind_generation,Wind Offshore | Actual Aggregated,2026-08-17T17:16:10Z
2026-08-17T17:12:16Z,2026-08-17T19:12:16+0200,f372a1fc-a0b6-48c3-b979-dc927b00239d,2026-07-22T11:15:00Z,2026-07-22T13:15:00+0200,3.361,MW,NL,NL,actual_offshore_wind_generation,Wind Offshore | Actual Consumption,2026-08-17T17:16:10Z
2026-08-17T17:12:16Z,2026-08-17T19:12:16+0200,f372a1fc-a0b6-48c3-b979-dc927b00239d,2026-07-22T11:30:00Z,2026-07-22T13:30:00+0200,1074.551,MW,NL,NL,actual_offshore_wind_generation,Wind Offshore | Actual Aggregated,2026-08-17T17:16:10Z
2026-08-17T17:12:16Z,2026-08-17T19:12:16+0200,f372a1fc-a0b6-48c3-b979-dc927b00239d,2026-07-22T11:30:00Z,2026-07-22T13:30:00+0200,3.553,MW,NL,NL,actual_offshore_wind_generation,Wind Offshore | Actual Consumption,2026-08-17T17:16:10Z
2026-08-17T17:12:16Z,2026-08-17T19:12:16+0200,f372a1fc-a0b6-48c3-b979-dc927b00239d,2026-07-22T11:45:00Z,2026-07-22T13:45:00+0200,1034.13,MW,NL,NL,actual_offshore_wind_generation,Wind Offshore | Actual Aggregated,2026-08-17T17:16:10Z
2026-08-17T17:12:16Z,2026-08-17T19:12:16+0200,f372a1fc-a0b6-48c3-b979-dc927b00239d,2026-07-22T11:45:00Z,2026-07-22T13:45:00+0200,4.986,MW,NL,NL,actual_offshore_wind_generation,Wind Offshore | Actual Consumption,2026-08-17T17:16:10Z
2026-08-17T17:12:16Z,2026-08-17T19:12:16+0200,f372a1fc-a0b6-48c3-b979-dc927b00239d,2026-07-22T12:00:00Z,2026-07-22T14:00:00+0200,1148.331,MW,NL,NL,actual_offshore_wind_generation,Wind Offshore | Actual Aggregated,2026-08-17T17:16:10Z
2026-08-17T17:12:16Z,2026-08-17T19:12:16+0200,f372a1fc-a0b6-48c3-b979-dc927b00239d,2026-07-22T12:00:00Z,2026-07-22T14:00:00+0200,5.984,MW,NL,NL,actual_offshore_wind_generation,Wind Offshore | Actual Consumption,2026-08-17T17:16:10Z
2026-08-17T17:12:16Z,2026-08-17T19:12:16+0200,f372a1fc-a0b6-48c3-b979-dc927b00239d,2026-07-22T12:15:00Z,2026-07-22T14:15:00+0200,1170.819,MW,NL,NL,actual_offshore_wind_generation,Wind Offshore | Actual Aggregated,2026-08-17T17:16:10Z
2026-08-17T17:12:16Z,2026-08-17T19:12:16+0200,f372a1fc-a0b6-48c3-b979-dc927b00239d,2026-07-22T12:15:00Z,2026-07-22T14:15:00+0200,5.759,MW,NL,NL,actual_offshore_wind_generation,Wind Offshore | Actual Consumption,2026-08-17T17:16:10Z
2026-08-17T17:12:16Z,2026-08-17T19:12:16+0200,f372a1fc-a0b6-48c3-b979-dc927b00239d,2026-07-22T12:30:00Z,2026-07-22T14:30:00+0200,1142.186,MW,NL,NL,actual_offshore_wind_generation,Wind Offshore | Actual Aggregated,2026-08-17T17:16:10Z
2026-08-17T17:12:16Z,2026-08-17T19:12:16+0200,f372a1fc-a0b6-48c3-b979-dc927b00239d,2026-07-22T12:30:00Z,2026-07-22T14:30:00+0200,5.494,MW,NL,NL,actual_offshore_wind_generation,Wind Offshore | Actual Consumption,2026-08-17T17:16:10Z
2026-08-17T17:12:16Z,2026-08-17T19:12:16+0200,f372a1fc-a0b6-48c3-b979-dc927b00239d,2026-07-22T12:45:00Z,2026-07-22T14:45:00+0200,1084.377,MW,NL,NL,actual_offshore_wind_generation,Wind Offshore | Actual Aggregated,2026-08-17T17:16:10Z
2026-08-17T17:12:16Z,2026-08-17T19:12:16+0200,f372a1fc-a0b6-48c3-b979-dc927b00239d,2026-07-22T12:45:00Z,2026-07-22T14:45:00+0200,3.442,MW,NL,NL,actual_offshore_wind_generation,Wind Offshore | Actual Consumption,2026-08-17T17:16:10Z
2026-08-17T17:12:16Z,2026-08-17T19:12:16+0200,f372a1fc-a0b6-48c3-b979-dc927b00239d,2026-07-22T13:00:00Z,2026-07-22T15:00:00+0200,1025.252,MW,NL,NL,actual_offshore_wind_generation,Wind Offshore | Actual Aggregated,2026-08-17T17:16:10Z
2026-08-17T17:12:16Z,2026-08-17T19:12:16+0200,f372a1fc-a0b6-48c3-b979-dc927b00239d,2026-07-22T13:00:00Z,2026-07-22T15:00:00+0200,4.901,MW,NL,NL,actual_offshore_wind_generation,Wind Offshore | Actual Consumption,2026-08-17T17:16:10Z
2026-08-17T17:12:16Z,2026-08-17T19:12:16+0200,f372a1fc-a0b6-48c3-b979-dc927b00239d,2026-07-22T13:15:00Z,2026-07-22T15:15:00+0200,1023.249,MW,NL,NL,actual_offshore_wind_generation,Wind Offshore | Actual Aggregated,2026-08-17T17:16:10Z
2026-08-17T17:12:16Z,2026-08-17T19:12:16+0200,f372a1fc-a0b6-48c3-b979-dc927b00239d,2026-07-22T13:15:00Z,2026-07-22T15:15:00+0200,3.499,MW,NL,NL,actual_offshore_wind_generation,Wind Offshore | Actual Consumption,2026-08-17T17:16:10Z
2026-08-17T17:12:16Z,2026-08-17T19:12:16+0200,f372a1fc-a0b6-48c3-b979-dc927b00239d,2026-07-22T13:30:00Z,2026-07-22T15:30:00+0200,939.65,MW,NL,NL,actual_offshore_wind_generation,Wind Offshore | Actual Aggregated,2026-08-17T17:16:10Z
2026-08-17T17:12:16Z,2026-08-17T19:12:16+0200,f372a1fc-a0b6-48c3-b979-dc927b00239d,2026-07-22T13:30:00Z,2026-07-22T15:30:00+0200,3.514,MW,NL,NL,actual_offshore_wind_generation,Wind Offshore | Actual Consumption,2026-08-17T17:16:10Z
2026-08-17T17:12:16Z,2026-08-17T19:12:16+0200,f372a1fc-a0b6-48c3-b979-dc927b00239d,2026-07-22T13:45:00Z,2026-07-22T15:45:00+0200,958.956,MW,NL,NL,actual_offshore_wind_generation,Wind Offshore | Actual Aggregated,2026-08-17T17:16:10Z
2026-08-17T17:12:16Z,2026-08-17T19:12:16+0200,f372a1fc-a0b6-48c3-b979-dc927b00239d,2026-07-22T13:45:00Z,2026-07-22T15:45:00+0200,4.384,MW,NL,NL,actual_offshore_wind_generation,Wind Offshore | Actual Consumption,2026-08-17T17:16:10Z
2026-08-17T17:12:16Z,2026-08-17T19:12:16+0200,f372a1fc-a0b6-48c3-b979-dc927b00239d,2026-07-22T14:00:00Z,2026-07-22T16:00:00+0200,1039.971,MW,NL,NL,actual_offshore_wind_generation,Wind Offshore | Actual Aggregated,2026-08-17T17:16:10Z
2026-08-17T17:12:16Z,2026-08-17T19:12:16+0200,f372a1fc-a0b6-48c3-b979-dc927b00239d,2026-07-22T14:00:00Z,2026-07-22T16:00:00+0200,5.405,MW,NL,NL,actual_offshore_wind_generation,Wind Offshore | Actual Consumption,2026-08-17T17:16:10Z
2026-08-17T17:12:16Z,2026-08-17T19:12:16+0200,f372a1fc-a0b6-48c3-b979-dc927b00239d,2026-07-22T14:15:00Z,2026-07-22T16:15:00+0200,1448.446,MW,NL,NL,actual_offshore_wind_generation,Wind Offshore | Actual Aggregated,2026-08-17T17:16:10Z
2026-08-17T17:12:16Z,2026-08-17T19:12:16+0200,f372a1fc-a0b6-48c3-b979-dc927b00239d,2026-07-22T14:15:00Z,2026-07-22T16:15:00+0200,3.991,MW,NL,NL,actual_offshore_wind_generation,Wind Offshore | Actual Consumption,2026-08-17T17:16:10Z
2026-08-17T17:12:16Z,2026-08-17T19:12:16+0200,f372a1fc-a0b6-48c3-b979-dc927b00239d,2026-07-22T14:30:00Z,2026-07-22T16:30:00+0200,1798.596,MW,NL,NL,actual_offshore_wind_generation,Wind Offshore | Actual Aggregated,2026-08-17T17:16:10Z
2026-08-17T17:12:16Z,2026-08-17T19:12:16+0200,f372a1fc-a0b6-48c3-b979-dc927b00239d,2026-07-22T14:30:00Z,2026-07-22T16:30:00+0200,3.167,MW,NL,NL,actual_offshore_wind_generation,Wind Offshore | Actual Consumption,2026-08-17T17:16:10Z
2026-08-17T17:12:16Z,2026-08-17T19:12:16+0200,f372a1fc-a0b6-48c3-b979-dc927b00239d,2026-07-22T14:45:00Z,2026-07-22T16:45:00+0200,1896.272,MW,NL,NL,actual_offshore_wind_generation,Wind Offshore | Actual Aggregated,2026-08-17T17:16:10Z
2026-08-17T17:12:16Z,2026-08-17T19:12:16+0200,f372a1fc-a0b6-48c3-b979-dc927b00239d,2026-07-22T14:45:00Z,2026-07-22T16:45:00+0200,4.455,MW,NL,NL,actual_offshore_wind_generation,Wind Offshore | Actual Consumption,2026-08-17T17:16:10Z
2026-08-17T17:12:16Z,2026-08-17T19:12:16+0200,f372a1fc-a0b6-48c3-b979-dc927b00239d,2026-07-22T15:00:00Z,2026-07-22T17:00:00+0200,1630.844,MW,NL,NL,actual_offshore_wind_generation,Wind Offshore | Actual Aggregated,2026-08-17T17:16:10Z
2026-08-17T17:12:16Z,2026-08-17T19:12:16+0200,f372a1fc-a0b6-48c3-b979-dc927b00239d,2026-07-22T15:00:00Z,2026-07-22T17:00:00+0200,3.724,MW,NL,NL,actual_offshore_wind_generation,Wind Offshore | Actual Consumption,2026-08-17T17:16:10Z
2026-08-17T17:12:16Z,2026-08-17T19:12:16+0200,f372a1fc-a0b6-48c3-b979-dc927b00239d,2026-07-22T15:15:00Z,2026-07-22T17:15:00+0200,1707.771,MW,NL,NL,actual_offshore_wind_generation,Wind Offshore | Actual Aggregated,2026-08-17T17:16:10Z
2026-08-17T17:12:16Z,2026-08-17T19:12:16+0200,f372a1fc-a0b6-48c3-b979-dc927b00239d,2026-07-22T15:15:00Z,2026-07-22T17:15:00+0200,3.235,MW,NL,NL,actual_offshore_wind_generation,Wind Offshore | Actual Consumption,2026-08-17T17:16:10Z
2026-08-17T17:12:16Z,2026-08-17T19:12:16+0200,f372a1fc-a0b6-48c3-b979-dc927b00239d,2026-07-22T15:30:00Z,2026-07-22T17:30:00+0200,1986.014,MW,NL,NL,actual_offshore_wind_generation,Wind Offshore | Actual Aggregated,2026-08-17T17:16:10Z
2026-08-17T17:12:16Z,2026-08-17T19:12:16+0200,f372a1fc-a0b6-48c3-b979-dc927b00239d,2026-07-22T15:30:00Z,2026-07-22T17:30:00+0200,4.204,MW,NL,NL,actual_offshore_wind_generation,Wind Offshore | Actual Consumption,2026-08-17T17:16:10Z
2026-08-17T17:12:16Z,2026-08-17T19:12:16+0200,f372a1fc-a0b6-48c3-b979-dc927b00239d,2026-07-22T15:45:00Z,2026-07-22T17:45:00+0200,2117.511,MW,NL,NL,actual_offshore_wind_generation,Wind Offshore | Actual Aggregated,2026-08-17T17:16:10Z
2026-08-17T17:12:16Z,2026-08-17T19:12:16+0200,f372a1fc-a0b6-48c3-b979-dc927b00239d,2026-07-22T15:45:00Z,2026-07-22T17:45:00+0200,4.563,MW,NL,NL,actual_offshore_wind_generation,Wind Offshore | Actual Consumption,2026-08-17T17:16:10Z
2026-08-17T17:12:16Z,2026-08-17T19:12:16+0200,f372a1fc-a0b6-48c3-b979-dc927b00239d,2026-07-22T16:00:00Z,2026-07-22T18:00:00+0200,1934.059,MW,NL,NL,actual_offshore_wind_generation,Wind Offshore | Actual Aggregated,2026-08-17T17:16:10Z
2026-08-17T17:12:16Z,2026-08-17T19:12:16+0200,f372a1fc-a0b6-48c3-b979-dc927b00239d,2026-07-22T16:00:00Z,2026-07-22T18:00:00+0200,4.911,MW,NL,NL,actual_offshore_wind_generation,Wind Offshore | Actual Consumption,2026-08-17T17:16:10Z
2026-08-17T17:12:16Z,2026-08-17T19:12:16+0200,f372a1fc-a0b6-48c3-b979-dc927b00239d,2026-07-22T16:15:00Z,2026-07-22T18:15:00+0200,2125.543,MW,NL,NL,actual_offshore_wind_generation,Wind Offshore | Actual Aggregated,2026-08-17T17:16:10Z
2026-08-17T17:12:16Z,2026-08-17T19:12:16+0200,f372a1fc-a0b6-48c3-b979-dc927b00239d,2026-07-22T16:15:00Z,2026-07-22T18:15:00+0200,3.986,MW,NL,NL,actual_offshore_wind_generation,Wind Offshore | Actual Consumption,2026-08-17T17:16:10Z
2026-08-17T17:12:16Z,2026-08-17T19:12:16+0200,f372a1fc-a0b6-48c3-b979-dc927b00239d,2026-07-22T16:30:00Z,2026-07-22T18:30:00+0200,2032.655,MW,NL,NL,actual_offshore_wind_generation,Wind Offshore | Actual Aggregated,2026-08-17T17:16:10Z
2026-08-17T17:12:16Z,2026-08-17T19:12:16+0200,f372a1fc-a0b6-48c3-b979-dc927b00239d,2026-07-22T16:30:00Z,2026-07-22T18:30:00+0200,3.028,MW,NL,NL,actual_offshore_wind_generation,Wind Offshore | Actual Consumption,2026-08-17T17:16:10Z
2026-08-17T17:12:16Z,2026-08-17T19:12:16+0200,f372a1fc-a0b6-48c3-b979-dc927b00239d,2026-07-22T16:45:00Z,2026-07-22T18:45:00+0200,1995.049,MW,NL,NL,actual_offshore_wind_generation,Wind Offshore | Actual Aggregated,2026-08-17T17:16:10Z
2026-08-17T17:12:16Z,2026-08-17T19:12:16+0200,f372a1fc-a0b6-48c3-b979-dc927b00239d,2026-07-22T16:45:00Z,2026-07-22T18:45:00+0200,2.908,MW,NL,NL,actual_offshore_wind_generation,Wind Offshore | Actual Consumption,2026-08-17T17:16:10Z
2026-08-17T17:12:16Z,2026-08-17T19:12:16+0200,f372a1fc-a0b6-48c3-b979-dc927b00239d,2026-07-22T17:00:00Z,2026-07-22T19:00:00+0200,2104.271,MW,NL,NL,actual_offshore_wind_generation,Wind Offshore | Actual Aggregated,2026-08-17T17:16:10Z
2026-08-17T17:12:16Z,2026-08-17T19:12:16+0200,f372a1fc-a0b6-48c3-b979-dc927b00239d,2026-07-22T17:00:00Z,2026-07-22T19:00:00+0200,3.733,MW,NL,NL,actual_offshore_wind_generation,Wind Offshore | Actual Consumption,2026-08-17T17:16:10Z
2026-08-17T17:12:16Z,2026-08-17T19:12:16+0200,f372a1fc-a0b6-48c3-b979-dc927b00239d,2026-07-22T17:15:00Z,2026-07-22T19:15:00+0200,2149.065,MW,NL,NL,actual_offshore_wind_generation,Wind Offshore | Actual Aggregated,2026-08-17T17:16:10Z
2026-08-17T17:12:16Z,2026-08-17T19:12:16+0200,f372a1fc-a0b6-48c3-b979-dc927b00239d,2026-07-22T17:15:00Z,2026-07-22T19:15:00+0200,2.793,MW,NL,NL,actual_offshore_wind_generation,Wind Offshore | Actual Consumption,2026-08-17T17:16:10Z
2026-08-17T17:12:16Z,2026-08-17T19:12:16+0200,f372a1fc-a0b6-48c3-b979-dc927b00239d,2026-07-22T17:30:00Z,2026-07-22T19:30:00+0200,2085.686,MW,NL,NL,actual_offshore_wind_generation,Wind Offshore | Actual Aggregated,2026-08-17T17:16:10Z
2026-08-17T17:12:16Z,2026-08-17T19:12:16+0200,f372a1fc-a0b6-48c3-b979-dc927b00239d,2026-07-22T17:30:00Z,2026-07-22T19:30:00+0200,3.847,MW,NL,NL,actual_offshore_wind_generation,Wind Offshore | Actual Consumption,2026-08-17T17:16:10Z
2026-08-17T17:12:16Z,2026-08-17T19:12:16+0200,f372a1fc-a0b6-48c3-b979-dc927b00239d,2026-07-22T17:45:00Z,2026-07-22T19:45:00+0200,2011.918,MW,NL,NL,actual_offshore_wind_generation,Wind Offshore | Actual Aggregated,2026-08-17T17:16:10Z
2026-08-17T17:12:16Z,2026-08-17T19:12:16+0200,f372a1fc-a0b6-48c3-b979-dc927b00239d,2026-07-22T17:45:00Z,2026-07-22T19:45:00+0200,3.063,MW,NL,NL,actual_offshore_wind_generation,Wind Offshore | Actual Consumption,2026-08-17T17:16:10Z
2026-08-17T17:12:16Z,2026-08-17T19:12:16+0200,f372a1fc-a0b6-48c3-b979-dc927b00239d,2026-07-22T18:00:00Z,2026-07-22T20:00:00+0200,2067.036,MW,NL,NL,actual_offshore_wind_generation,Wind Offshore | Actual Aggregated,2026-08-17T17:16:10Z
2026-08-17T17:12:16Z,2026-08-17T19:12:16+0200,f372a1fc-a0b6-48c3-b979-dc927b00239d,2026-07-22T18:00:00Z,2026-07-22T20:00:00+0200,3.084,MW,NL,NL,actual_offshore_wind_generation,Wind Offshore | Actual Consumption,2026-08-17T17:16:10Z
2026-08-17T17:12:16Z,2026-08-17T19:12:16+0200,f372a1fc-a0b6-48c3-b979-dc927b00239d,2026-07-22T18:15:00Z,2026-07-22T20:15:00+0200,1838.636,MW,NL,NL,actual_offshore_wind_generation,Wind Offshore | Actual Aggregated,2026-08-17T17:16:10Z
2026-08-17T17:12:16Z,2026-08-17T19:12:16+0200,f372a1fc-a0b6-48c3-b979-dc927b00239d,2026-07-22T18:15:00Z,2026-07-22T20:15:00+0200,2.777,MW,NL,NL,actual_offshore_wind_generation,Wind Offshore | Actual Consumption,2026-08-17T17:16:10Z
2026-08-17T17:12:16Z,2026-08-17T19:12:16+0200,f372a1fc-a0b6-48c3-b979-dc927b00239d,2026-07-22T18:30:00Z,2026-07-22T20:30:00+0200,1711.2,MW,NL,NL,actual_offshore_wind_generation,Wind Offshore | Actual Aggregated,2026-08-17T17:16:10Z
2026-08-17T17:12:16Z,2026-08-17T19:12:16+0200,f372a1fc-a0b6-48c3-b979-dc927b00239d,2026-07-22T18:30:00Z,2026-07-22T20:30:00+0200,3.287,MW,NL,NL,actual_offshore_wind_generation,Wind Offshore | Actual Consumption,2026-08-17T17:16:10Z
2026-08-17T17:12:16Z,2026-08-17T19:12:16+0200,f372a1fc-a0b6-48c3-b979-dc927b00239d,2026-07-22T18:45:00Z,2026-07-22T20:45:00+0200,1645.666,MW,NL,NL,actual_offshore_wind_generation,Wind Offshore | Actual Aggregated,2026-08-17T17:16:10Z
2026-08-17T17:12:16Z,2026-08-17T19:12:16+0200,f372a1fc-a0b6-48c3-b979-dc927b00239d,2026-07-22T18:45:00Z,2026-07-22T20:45:00+0200,2.766,MW,NL,NL,actual_offshore_wind_generation,Wind Offshore | Actual Consumption,2026-08-17T17:16:10Z
2026-08-17T17:12:16Z,2026-08-17T19:12:16+0200,f372a1fc-a0b6-48c3-b979-dc927b00239d,2026-07-22T19:00:00Z,2026-07-22T21:00:00+0200,1554.676,MW,NL,NL,actual_offshore_wind_generation,Wind Offshore | Actual Aggregated,2026-08-17T17:16:10Z
2026-08-17T17:12:16Z,2026-08-17T19:12:16+0200,f372a1fc-a0b6-48c3-b979-dc927b00239d,2026-07-22T19:00:00Z,2026-07-22T21:00:00+0200,3.388,MW,NL,NL,actual_offshore_wind_generation,Wind Offshore | Actual Consumption,2026-08-17T17:16:10Z
2026-08-17T17:12:16Z,2026-08-17T19:12:16+0200,f372a1fc-a0b6-48c3-b979-dc927b00239d,2026-07-22T19:15:00Z,2026-07-22T21:15:00+0200,1451.32,MW,NL,NL,actual_offshore_wind_generation,Wind Offshore | Actual Aggregated,2026-08-17T17:16:10Z
2026-08-17T17:12:16Z,2026-08-17T19:12:16+0200,f372a1fc-a0b6-48c3-b979-dc927b00239d,2026-07-22T19:15:00Z,2026-07-22T21:15:00+0200,4.433,MW,NL,NL,actual_offshore_wind_generation,Wind Offshore | Actual Consumption,2026-08-17T17:16:10Z
2026-08-17T17:12:16Z,2026-08-17T19:12:16+0200,f372a1fc-a0b6-48c3-b979-dc927b00239d,2026-07-22T19:30:00Z,2026-07-22T21:30:00+0200,1490.07,MW,NL,NL,actual_offshore_wind_generation,Wind Offshore | Actual Aggregated,2026-08-17T17:16:10Z
2026-08-17T17:12:16Z,2026-08-17T19:12:16+0200,f372a1fc-a0b6-48c3-b979-dc927b00239d,2026-07-22T19:30:00Z,2026-07-22T21:30:00+0200,4.663,MW,NL,NL,actual_offshore_wind_generation,Wind Offshore | Actual Consumption,2026-08-17T17:16:10Z
2026-08-17T17:12:16Z,2026-08-17T19:12:16+0200,f372a1fc-a0b6-48c3-b979-dc927b00239d,2026-07-22T19:45:00Z,2026-07-22T21:45:00+0200,1541.085,MW,NL,NL,actual_offshore_wind_generation,Wind Offshore | Actual Aggregated,2026-08-17T17:16:10Z
2026-08-17T17:12:16Z,2026-08-17T19:12:16+0200,f372a1fc-a0b6-48c3-b979-dc927b00239d,2026-07-22T19:45:00Z,2026-07-22T21:45:00+0200,4.543,MW,NL,NL,actual_offshore_wind_generation,Wind Offshore | Actual Consumption,2026-08-17T17:16:10Z
2026-08-17T17:12:16Z,2026-08-17T19:12:16+0200,f372a1fc-a0b6-48c3-b979-dc927b00239d,2026-07-22T20:00:00Z,2026-07-22T22:00:00+0200,1589.303,MW,NL,NL,actual_offshore_wind_generation,Wind Offshore | Actual Aggregated,2026-08-17T17:16:10Z
2026-08-17T17:12:16Z,2026-08-17T19:12:16+0200,f372a1fc-a0b6-48c3-b979-dc927b00239d,2026-07-22T20:00:00Z,2026-07-22T22:00:00+0200,4.345,MW,NL,NL,actual_offshore_wind_generation,Wind Offshore | Actual Consumption,2026-08-17T17:16:10Z
2026-08-17T17:12:16Z,2026-08-17T19:12:16+0200,f372a1fc-a0b6-48c3-b979-dc927b00239d,2026-07-22T20:15:00Z,2026-07-22T22:15:00+0200,1497.144,MW,NL,NL,actual_offshore_wind_generation,Wind Offshore | Actual Aggregated,2026-08-17T17:16:10Z
2026-08-17T17:12:16Z,2026-08-17T19:12:16+0200,f372a1fc-a0b6-48c3-b979-dc927b00239d,2026-07-22T20:15:00Z,2026-07-22T22:15:00+0200,3.933,MW,NL,NL,actual_offshore_wind_generation,Wind Offshore | Actual Consumption,2026-08-17T17:16:10Z
2026-08-17T17:12:16Z,2026-08-17T19:12:16+0200,f372a1fc-a0b6-48c3-b979-dc927b00239d,2026-07-22T20:30:00Z,2026-07-22T22:30:00+0200,1402.07,MW,NL,NL,actual_offshore_wind_generation,Wind Offshore | Actual Aggregated,2026-08-17T17:16:10Z
2026-08-17T17:12:16Z,2026-08-17T19:12:16+0200,f372a1fc-a0b6-48c3-b979-dc927b00239d,2026-07-22T20:30:00Z,2026-07-22T22:30:00+0200,3.074,MW,NL,NL,actual_offshore_wind_generation,Wind Offshore | Actual Consumption,2026-08-17T17:16:10Z
2026-08-17T17:12:16Z,2026-08-17T19:12:16+0200,f372a1fc-a0b6-48c3-b979-dc927b00239d,2026-07-22T20:45:00Z,2026-07-22T22:45:00+0200,1453.717,MW,NL,NL,actual_offshore_wind_generation,Wind Offshore | Actual Aggregated,2026-08-17T17:16:10Z
2026-08-17T17:12:16Z,2026-08-17T19:12:16+0200,f372a1fc-a0b6-48c3-b979-dc927b00239d,2026-07-22T20:45:00Z,2026-07-22T22:45:00+0200,1.87,MW,NL,NL,actual_offshore_wind_generation,Wind Offshore | Actual Consumption,2026-08-17T17:16:10Z
2026-08-17T17:12:16Z,2026-08-17T19:12:16+0200,f372a1fc-a0b6-48c3-b979-dc927b00239d,2026-07-22T21:00:00Z,2026-07-22T23:00:00+0200,1444.159,MW,NL,NL,actual_offshore_wind_generation,Wind Offshore | Actual Aggregated,2026-08-17T17:16:10Z
2026-08-17T17:12:16Z,2026-08-17T19:12:16+0200,f372a1fc-a0b6-48c3-b979-dc927b00239d,2026-07-22T21:00:00Z,2026-07-22T23:00:00+0200,2.013,MW,NL,NL,actual_offshore_wind_generation,Wind Offshore | Actual Consumption,2026-08-17T17:16:10Z
2026-08-17T17:12:16Z,2026-08-17T19:12:16+0200,f372a1fc-a0b6-48c3-b979-dc927b00239d,2026-07-22T21:15:00Z,2026-07-22T23:15:00+0200,1433.511,MW,NL,NL,actual_offshore_wind_generation,Wind Offshore | Actual Aggregated,2026-08-17T17:16:10Z
2026-08-17T17:12:16Z,2026-08-17T19:12:16+0200,f372a1fc-a0b6-48c3-b979-dc927b00239d,2026-07-22T21:15:00Z,2026-07-22T23:15:00+0200,2.161,MW,NL,NL,actual_offshore_wind_generation,Wind Offshore | Actual Consumption,2026-08-17T17:16:10Z
2026-08-17T17:12:16Z,2026-08-17T19:12:16+0200,f372a1fc-a0b6-48c3-b979-dc927b00239d,2026-07-22T21:30:00Z,2026-07-22T23:30:00+0200,1354.34,MW,NL,NL,actual_offshore_wind_generation,Wind Offshore | Actual Aggregated,2026-08-17T17:16:10Z
2026-08-17T17:12:16Z,2026-08-17T19:12:16+0200,f372a1fc-a0b6-48c3-b979-dc927b00239d,2026-07-22T21:30:00Z,2026-07-22T23:30:00+0200,2.854,MW,NL,NL,actual_offshore_wind_generation,Wind Offshore | Actual Consumption,2026-08-17T17:16:10Z
2026-08-17T17:12:16Z,2026-08-17T19:12:16+0200,f372a1fc-a0b6-48c3-b979-dc927b00239d,2026-07-22T21:45:00Z,2026-07-22T23:45:00+0200,1265.078,MW,NL,NL,actual_offshore_wind_generation,Wind Offshore | Actual Aggregated,2026-08-17T17:16:10Z
2026-08-17T17:12:16Z,2026-08-17T19:12:16+0200,f372a1fc-a0b6-48c3-b979-dc927b00239d,2026-07-22T21:45:00Z,2026-07-22T23:45:00+0200,2.732,MW,NL,NL,actual_offshore_wind_generation,Wind Offshore | Actual Consumption,2026-08-17T17:16:10Z
2026-08-17T17:12:16Z,2026-08-17T19:12:16+0200,f372a1fc-a0b6-48c3-b979-dc927b00239d,2026-07-22T22:00:00Z,2026-07-23T00:00:00+0200,1175.133,MW,NL,NL,actual_offshore_wind_generation,Wind Offshore | Actual Aggregated,2026-08-17T17:16:10Z
2026-08-17T17:12:16Z,2026-08-17T19:12:16+0200,f372a1fc-a0b6-48c3-b979-dc927b00239d,2026-07-22T22:00:00Z,2026-07-23T00:00:00+0200,3.346,MW,NL,NL,actual_offshore_wind_generation,Wind Offshore | Actual Consumption,2026-08-17T17:16:10Z
2026-08-17T17:12:16Z,2026-08-17T19:12:16+0200,f372a1fc-a0b6-48c3-b979-dc927b00239d,2026-07-22T22:15:00Z,2026-07-23T00:15:00+0200,1272.485,MW,NL,NL,actual_offshore_wind_generation,Wind Offshore | Actual Aggregated,2026-08-17T17:16:10Z
2026-08-17T17:12:16Z,2026-08-17T19:12:16+0200,f372a1fc-a0b6-48c3-b979-dc927b00239d,2026-07-22T22:15:00Z,2026-07-23T00:15:00+0200,2.319,MW,NL,NL,actual_offshore_wind_generation,Wind Offshore | Actual Consumption,2026-08-17T17:16:10Z
2026-08-17T17:12:16Z,2026-08-17T19:12:16+0200,f372a1fc-a0b6-48c3-b979-dc927b00239d,2026-07-22T22:30:00Z,2026-07-23T00:30:00+0200,1320.751,MW,NL,NL,actual_offshore_wind_generation,Wind Offshore | Actual Aggregated,2026-08-17T17:16:10Z
2026-08-17T17:12:16Z,2026-08-17T19:12:16+0200,f372a1fc-a0b6-48c3-b979-dc927b00239d,2026-07-22T22:30:00Z,2026-07-23T00:30:00+0200,1.609,MW,NL,NL,actual_offshore_wind_generation,Wind Offshore | Actual Consumption,2026-08-17T17:16:10Z
2026-08-17T17:12:16Z,2026-08-17T19:12:16+0200,f372a1fc-a0b6-48c3-b979-dc927b00239d,2026-07-22T22:45:00Z,2026-07-23T00:45:00+0200,1214.903,MW,NL,NL,actual_offshore_wind_generation,Wind Offshore | Actual Aggregated,2026-08-17T17:16:10Z
2026-08-17T17:12:16Z,2026-08-17T19:12:16+0200,f372a1fc-a0b6-48c3-b979-dc927b00239d,2026-07-22T22:45:00Z,2026-07-23T00:45:00+0200,1.959,MW,NL,NL,actual_offshore_wind_generation,Wind Offshore | Actual Consumption,2026-08-17T17:16:10Z
2026-08-17T17:12:16Z,2026-08-17T19:12:16+0200,f372a1fc-a0b6-48c3-b979-dc927b00239d,2026-07-22T23:00:00Z,2026-07-23T01:00:00+0200,1191.976,MW,NL,NL,actual_offshore_wind_generation,Wind Offshore | Actual Aggregated,2026-08-17T17:16:10Z
2026-08-17T17:12:16Z,2026-08-17T19:12:16+0200,f372a1fc-a0b6-48c3-b979-dc927b00239d,2026-07-22T23:00:00Z,2026-07-23T01:00:00+0200,1.475,MW,NL,NL,actual_offshore_wind_generation,Wind Offshore | Actual Consumption,2026-08-17T17:16:10Z
2026-08-17T17:12:16Z,2026-08-17T19:12:16+0200,f372a1fc-a0b6-48c3-b979-dc927b00239d,2026-07-22T23:15:00Z,2026-07-23T01:15:00+0200,1291.282,MW,NL,NL,actual_offshore_wind_generation,Wind Offshore | Actual Aggregated,2026-08-17T17:16:10Z
2026-08-17T17:12:16Z,2026-08-17T19:12:16+0200,f372a1fc-a0b6-48c3-b979-dc927b00239d,2026-07-22T23:15:00Z,2026-07-23T01:15:00+0200,1.395,MW,NL,NL,actual_offshore_wind_generation,Wind Offshore | Actual Consumption,2026-08-17T17:16:10Z
2026-08-17T17:12:16Z,2026-08-17T19:12:16+0200,f372a1fc-a0b6-48c3-b979-dc927b00239d,2026-07-22T23:30:00Z,2026-07-23T01:30:00+0200,1357.218,MW,NL,NL,actual_offshore_wind_generation,Wind Offshore | Actual Aggregated,2026-08-17T17:16:10Z
2026-08-17T17:12:16Z,2026-08-17T19:12:16+0200,f372a1fc-a0b6-48c3-b979-dc927b00239d,2026-07-22T23:30:00Z,2026-07-23T01:30:00+0200,1.992,MW,NL,NL,actual_offshore_wind_generation,Wind Offshore | Actual Consumption,2026-08-17T17:16:10Z
2026-08-17T17:12:16Z,2026-08-17T19:12:16+0200,f372a1fc-a0b6-48c3-b979-dc927b00239d,2026-07-22T23:45:00Z,2026-07-23T01:45:00+0200,1203.895,MW,NL,NL,actual_offshore_wind_generation,Wind Offshore | Actual Aggregated,2026-08-17T17:16:10Z
2026-08-17T17:12:16Z,2026-08-17T19:12:16+0200,f372a1fc-a0b6-48c3-b979-dc927b00239d,2026-07-22T23:45:00Z,2026-07-23T01:45:00+0200,2.984,MW,NL,NL,actual_offshore_wind_generation,Wind Offshore | Actual Consumption,2026-08-17T17:16:10Z
2026-08-17T17:12:16Z,2026-08-17T19:12:16+0200,f372a1fc-a0b6-48c3-b979-dc927b00239d,2026-07-23T00:00:00Z,2026-07-23T02:00:00+0200,1110.151,MW,NL,NL,actual_offshore_wind_generation,Wind Offshore | Actual Aggregated,2026-08-17T17:16:10Z
2026-08-17T17:12:16Z,2026-08-17T19:12:16+0200,f372a1fc-a0b6-48c3-b979-dc927b00239d,2026-07-23T00:00:00Z,2026-07-23T02:00:00+0200,3.599,MW,NL,NL,actual_offshore_wind_generation,Wind Offshore | Actual Consumption,2026-08-17T17:16:10Z
2026-08-17T17:12:16Z,2026-08-17T19:12:16+0200,f372a1fc-a0b6-48c3-b979-dc927b00239d,2026-07-23T00:15:00Z,2026-07-23T02:15:00+0200,1074.671,MW,NL,NL,actual_offshore_wind_generation,Wind Offshore | Actual Aggregated,2026-08-17T17:16:10Z
2026-08-17T17:12:16Z,2026-08-17T19:12:16+0200,f372a1fc-a0b6-48c3-b979-dc927b00239d,2026-07-23T00:15:00Z,2026-07-23T02:15:00+0200,3.3,MW,NL,NL,actual_offshore_wind_generation,Wind Offshore | Actual Consumption,2026-08-17T17:16:10Z
2026-08-17T17:12:16Z,2026-08-17T19:12:16+0200,f372a1fc-a0b6-48c3-b979-dc927b00239d,2026-07-23T00:30:00Z,2026-07-23T02:30:00+0200,1075.178,MW,NL,NL,actual_offshore_wind_generation,Wind Offshore | Actual Aggregated,2026-08-17T17:16:10Z
2026-08-17T17:12:16Z,2026-08-17T19:12:16+0200,f372a1fc-a0b6-48c3-b979-dc927b00239d,2026-07-23T00:30:00Z,2026-07-23T02:30:00+0200,1.786,MW,NL,NL,actual_offshore_wind_generation,Wind Offshore | Actual Consumption,2026-08-17T17:16:10Z
2026-08-17T17:12:16Z,2026-08-17T19:12:16+0200,f372a1fc-a0b6-48c3-b979-dc927b00239d,2026-07-23T00:45:00Z,2026-07-23T02:45:00+0200,1110.018,MW,NL,NL,actual_offshore_wind_generation,Wind Offshore | Actual Aggregated,2026-08-17T17:16:10Z
2026-08-17T17:12:16Z,2026-08-17T19:12:16+0200,f372a1fc-a0b6-48c3-b979-dc927b00239d,2026-07-23T00:45:00Z,2026-07-23T02:45:00+0200,2.93,MW,NL,NL,actual_offshore_wind_generation,Wind Offshore | Actual Consumption,2026-08-17T17:16:10Z
2026-08-17T17:12:16Z,2026-08-17T19:12:16+0200,f372a1fc-a0b6-48c3-b979-dc927b00239d,2026-07-23T01:00:00Z,2026-07-23T03:00:00+0200,1094.566,MW,NL,NL,actual_offshore_wind_generation,Wind Offshore | Actual Aggregated,2026-08-17T17:16:10Z
2026-08-17T17:12:16Z,2026-08-17T19:12:16+0200,f372a1fc-a0b6-48c3-b979-dc927b00239d,2026-07-23T01:00:00Z,2026-07-23T03:00:00+0200,2.555,MW,NL,NL,actual_offshore_wind_generation,Wind Offshore | Actual Consumption,2026-08-17T17:16:10Z
2026-08-17T17:12:16Z,2026-08-17T19:12:16+0200,f372a1fc-a0b6-48c3-b979-dc927b00239d,2026-07-23T01:15:00Z,2026-07-23T03:15:00+0200,1090.964,MW,NL,NL,actual_offshore_wind_generation,Wind Offshore | Actual Aggregated,2026-08-17T17:16:10Z
2026-08-17T17:12:16Z,2026-08-17T19:12:16+0200,f372a1fc-a0b6-48c3-b979-dc927b00239d,2026-07-23T01:15:00Z,2026-07-23T03:15:00+0200,2.376,MW,NL,NL,actual_offshore_wind_generation,Wind Offshore | Actual Consumption,2026-08-17T17:16:10Z
2026-08-17T17:12:16Z,2026-08-17T19:12:16+0200,f372a1fc-a0b6-48c3-b979-dc927b00239d,2026-07-23T01:30:00Z,2026-07-23T03:30:00+0200,1211.962,MW,NL,NL,actual_offshore_wind_generation,Wind Offshore | Actual Aggregated,2026-08-17T17:16:10Z
2026-08-17T17:12:16Z,2026-08-17T19:12:16+0200,f372a1fc-a0b6-48c3-b979-dc927b00239d,2026-07-23T01:30:00Z,2026-07-23T03:30:00+0200,1.897,MW,NL,NL,actual_offshore_wind_generation,Wind Offshore | Actual Consumption,2026-08-17T17:16:10Z
2026-08-17T17:12:16Z,2026-08-17T19:12:16+0200,f372a1fc-a0b6-48c3-b979-dc927b00239d,2026-07-23T01:45:00Z,2026-07-23T03:45:00+0200,1343.955,MW,NL,NL,actual_offshore_wind_generation,Wind Offshore | Actual Aggregated,2026-08-17T17:16:10Z
2026-08-17T17:12:16Z,2026-08-17T19:12:16+0200,f372a1fc-a0b6-48c3-b979-dc927b00239d,2026-07-23T01:45:00Z,2026-07-23T03:45:00+0200,2.445,MW,NL,NL,actual_offshore_wind_generation,Wind Offshore | Actual Consumption,2026-08-17T17:16:10Z
2026-08-17T17:12:16Z,2026-08-17T19:12:16+0200,f372a1fc-a0b6-48c3-b979-dc927b00239d,2026-07-23T02:00:00Z,2026-07-23T04:00:00+0200,1475.555,MW,NL,NL,actual_offshore_wind_generation,Wind Offshore | Actual Aggregated,2026-08-17T17:16:10Z
2026-08-17T17:12:16Z,2026-08-17T19:12:16+0200,f372a1fc-a0b6-48c3-b979-dc927b00239d,2026-07-23T02:00:00Z,2026-07-23T04:00:00+0200,3.331,MW,NL,NL,actual_offshore_wind_generation,Wind Offshore | Actual Consumption,2026-08-17T17:16:10Z
2026-08-17T17:12:16Z,2026-08-17T19:12:16+0200,f372a1fc-a0b6-48c3-b979-dc927b00239d,2026-07-23T02:15:00Z,2026-07-23T04:15:00+0200,1686.315,MW,NL,NL,actual_offshore_wind_generation,Wind Offshore | Actual Aggregated,2026-08-17T17:16:10Z
2026-08-17T17:12:16Z,2026-08-17T19:12:16+0200,f372a1fc-a0b6-48c3-b979-dc927b00239d,2026-07-23T02:15:00Z,2026-07-23T04:15:00+0200,3.315,MW,NL,NL,actual_offshore_wind_generation,Wind Offshore | Actual Consumption,2026-08-17T17:16:10Z
2026-08-17T17:12:16Z,2026-08-17T19:12:16+0200,f372a1fc-a0b6-48c3-b979-dc927b00239d,2026-07-23T02:30:00Z,2026-07-23T04:30:00+0200,1636.812,MW,NL,NL,actual_offshore_wind_generation,Wind Offshore | Actual Aggregated,2026-08-17T17:16:10Z
2026-08-17T17:12:16Z,2026-08-17T19:12:16+0200,f372a1fc-a0b6-48c3-b979-dc927b00239d,2026-07-23T02:30:00Z,2026-07-23T04:30:00+0200,3.548,MW,NL,NL,actual_offshore_wind_generation,Wind Offshore | Actual Consumption,2026-08-17T17:16:10Z
2026-08-17T17:12:16Z,2026-08-17T19:12:16+0200,f372a1fc-a0b6-48c3-b979-dc927b00239d,2026-07-23T02:45:00Z,2026-07-23T04:45:00+0200,1661.569,MW,NL,NL,actual_offshore_wind_generation,Wind Offshore | Actual Aggregated,2026-08-17T17:16:10Z
2026-08-17T17:12:16Z,2026-08-17T19:12:16+0200,f372a1fc-a0b6-48c3-b979-dc927b00239d,2026-07-23T02:45:00Z,2026-07-23T04:45:00+0200,3.153,MW,NL,NL,actual_offshore_wind_generation,Wind Offshore | Actual Consumption,2026-08-17T17:16:10Z
2026-08-17T17:12:16Z,2026-08-17T19:12:16+0200,f372a1fc-a0b6-48c3-b979-dc927b00239d,2026-07-23T03:00:00Z,2026-07-23T05:00:00+0200,1562.681,MW,NL,NL,actual_offshore_wind_generation,Wind Offshore | Actual Aggregated,2026-08-17T17:16:10Z
2026-08-17T17:12:16Z,2026-08-17T19:12:16+0200,f372a1fc-a0b6-48c3-b979-dc927b00239d,2026-07-23T03:00:00Z,2026-07-23T05:00:00+0200,3.64,MW,NL,NL,actual_offshore_wind_generation,Wind Offshore | Actual Consumption,2026-08-17T17:16:10Z
2026-08-17T17:12:16Z,2026-08-17T19:12:16+0200,f372a1fc-a0b6-48c3-b979-dc927b00239d,2026-07-23T03:15:00Z,2026-07-23T05:15:00+0200,1536.365,MW,NL,NL,actual_offshore_wind_generation,Wind Offshore | Actual Aggregated,2026-08-17T17:16:10Z
2026-08-17T17:12:16Z,2026-08-17T19:12:16+0200,f372a1fc-a0b6-48c3-b979-dc927b00239d,2026-07-23T03:15:00Z,2026-07-23T05:15:00+0200,2.831,MW,NL,NL,actual_offshore_wind_generation,Wind Offshore | Actual Consumption,2026-08-17T17:16:10Z
2026-08-17T17:12:16Z,2026-08-17T19:12:16+0200,f372a1fc-a0b6-48c3-b979-dc927b00239d,2026-07-23T03:30:00Z,2026-07-23T05:30:00+0200,1377.072,MW,NL,NL,actual_offshore_wind_generation,Wind Offshore | Actual Aggregated,2026-08-17T17:16:10Z
2026-08-17T17:12:16Z,2026-08-17T19:12:16+0200,f372a1fc-a0b6-48c3-b979-dc927b00239d,2026-07-23T03:30:00Z,2026-07-23T05:30:00+0200,3.503,MW,NL,NL,actual_offshore_wind_generation,Wind Offshore | Actual Consumption,2026-08-17T17:16:10Z
2026-08-17T17:12:16Z,2026-08-17T19:12:16+0200,f372a1fc-a0b6-48c3-b979-dc927b00239d,2026-07-23T03:45:00Z,2026-07-23T05:45:00+0200,1273.29,MW,NL,NL,actual_offshore_wind_generation,Wind Offshore | Actual Aggregated,2026-08-17T17:16:10Z
2026-08-17T17:12:16Z,2026-08-17T19:12:16+0200,f372a1fc-a0b6-48c3-b979-dc927b00239d,2026-07-23T03:45:00Z,2026-07-23T05:45:00+0200,2.957,MW,NL,NL,actual_offshore_wind_generation,Wind Offshore | Actual Consumption,2026-08-17T17:16:10Z
2026-08-17T17:12:16Z,2026-08-17T19:12:16+0200,f372a1fc-a0b6-48c3-b979-dc927b00239d,2026-07-23T04:00:00Z,2026-07-23T06:00:00+0200,1262.205,MW,NL,NL,actual_offshore_wind_generation,Wind Offshore | Actual Aggregated,2026-08-17T17:16:10Z
2026-08-17T17:12:16Z,2026-08-17T19:12:16+0200,f372a1fc-a0b6-48c3-b979-dc927b00239d,2026-07-23T04:00:00Z,2026-07-23T06:00:00+0200,3.254,MW,NL,NL,actual_offshore_wind_generation,Wind Offshore | Actual Consumption,2026-08-17T17:16:10Z
2026-08-17T17:12:16Z,2026-08-17T19:12:16+0200,f372a1fc-a0b6-48c3-b979-dc927b00239d,2026-07-23T04:15:00Z,2026-07-23T06:15:00+0200,1399.871,MW,NL,NL,actual_offshore_wind_generation,Wind Offshore | Actual Aggregated,2026-08-17T17:16:10Z
2026-08-17T17:12:16Z,2026-08-17T19:12:16+0200,f372a1fc-a0b6-48c3-b979-dc927b00239d,2026-07-23T04:15:00Z,2026-07-23T06:15:00+0200,3.487,MW,NL,NL,actual_offshore_wind_generation,Wind Offshore | Actual Consumption,2026-08-17T17:16:10Z
2026-08-17T17:12:16Z,2026-08-17T19:12:16+0200,f372a1fc-a0b6-48c3-b979-dc927b00239d,2026-07-23T04:30:00Z,2026-07-23T06:30:00+0200,1485.576,MW,NL,NL,actual_offshore_wind_generation,Wind Offshore | Actual Aggregated,2026-08-17T17:16:10Z
2026-08-17T17:12:16Z,2026-08-17T19:12:16+0200,f372a1fc-a0b6-48c3-b979-dc927b00239d,2026-07-23T04:30:00Z,2026-07-23T06:30:00+0200,4.029,MW,NL,NL,actual_offshore_wind_generation,Wind Offshore | Actual Consumption,2026-08-17T17:16:10Z
2026-08-17T17:12:16Z,2026-08-17T19:12:16+0200,f372a1fc-a0b6-48c3-b979-dc927b00239d,2026-07-23T04:45:00Z,2026-07-23T06:45:00+0200,1424.516,MW,NL,NL,actual_offshore_wind_generation,Wind Offshore | Actual Aggregated,2026-08-17T17:16:10Z
2026-08-17T17:12:16Z,2026-08-17T19:12:16+0200,f372a1fc-a0b6-48c3-b979-dc927b00239d,2026-07-23T04:45:00Z,2026-07-23T06:45:00+0200,3.764,MW,NL,NL,actual_offshore_wind_generation,Wind Offshore | Actual Consumption,2026-08-17T17:16:10Z
2026-08-17T17:12:16Z,2026-08-17T19:12:16+0200,f372a1fc-a0b6-48c3-b979-dc927b00239d,2026-07-23T05:00:00Z,2026-07-23T07:00:00+0200,1502.653,MW,NL,NL,actual_offshore_wind_generation,Wind Offshore | Actual Aggregated,2026-08-17T17:16:10Z
2026-08-17T17:12:16Z,2026-08-17T19:12:16+0200,f372a1fc-a0b6-48c3-b979-dc927b00239d,2026-07-23T05:00:00Z,2026-07-23T07:00:00+0200,4.488,MW,NL,NL,actual_offshore_wind_generation,Wind Offshore | Actual Consumption,2026-08-17T17:16:10Z
2026-08-17T17:12:16Z,2026-08-17T19:12:16+0200,f372a1fc-a0b6-48c3-b979-dc927b00239d,2026-07-23T05:15:00Z,2026-07-23T07:15:00+0200,1514.601,MW,NL,NL,actual_offshore_wind_generation,Wind Offshore | Actual Aggregated,2026-08-17T17:16:10Z
2026-08-17T17:12:16Z,2026-08-17T19:12:16+0200,f372a1fc-a0b6-48c3-b979-dc927b00239d,2026-07-23T05:15:00Z,2026-07-23T07:15:00+0200,4.894,MW,NL,NL,actual_offshore_wind_generation,Wind Offshore | Actual Consumption,2026-08-17T17:16:10Z
2026-08-17T17:12:16Z,2026-08-17T19:12:16+0200,f372a1fc-a0b6-48c3-b979-dc927b00239d,2026-07-23T05:30:00Z,2026-07-23T07:30:00+0200,1530.66,MW,NL,NL,actual_offshore_wind_generation,Wind Offshore | Actual Aggregated,2026-08-17T17:16:10Z
2026-08-17T17:12:16Z,2026-08-17T19:12:16+0200,f372a1fc-a0b6-48c3-b979-dc927b00239d,2026-07-23T05:30:00Z,2026-07-23T07:30:00+0200,4.168,MW,NL,NL,actual_offshore_wind_generation,Wind Offshore | Actual Consumption,2026-08-17T17:16:10Z
2026-08-17T17:12:16Z,2026-08-17T19:12:16+0200,f372a1fc-a0b6-48c3-b979-dc927b00239d,2026-07-23T05:45:00Z,2026-07-23T07:45:00+0200,1668.69,MW,NL,NL,actual_offshore_wind_generation,Wind Offshore | Actual Aggregated,2026-08-17T17:16:10Z
2026-08-17T17:12:16Z,2026-08-17T19:12:16+0200,f372a1fc-a0b6-48c3-b979-dc927b00239d,2026-07-23T05:45:00Z,2026-07-23T07:45:00+0200,4.748,MW,NL,NL,actual_offshore_wind_generation,Wind Offshore | Actual Consumption,2026-08-17T17:16:10Z
2026-08-17T17:12:16Z,2026-08-17T19:12:16+0200,f372a1fc-a0b6-48c3-b979-dc927b00239d,2026-07-23T06:00:00Z,2026-07-23T08:00:00+0200,1694.329,MW,NL,NL,actual_offshore_wind_generation,Wind Offshore | Actual Aggregated,2026-08-17T17:16:10Z
2026-08-17T17:12:16Z,2026-08-17T19:12:16+0200,f372a1fc-a0b6-48c3-b979-dc927b00239d,2026-07-23T06:00:00Z,2026-07-23T08:00:00+0200,4.392,MW,NL,NL,actual_offshore_wind_generation,Wind Offshore | Actual Consumption,2026-08-17T17:16:10Z
2026-08-17T17:12:16Z,2026-08-17T19:12:16+0200,f372a1fc-a0b6-48c3-b979-dc927b00239d,2026-07-23T06:15:00Z,2026-07-23T08:15:00+0200,1560.264,MW,NL,NL,actual_offshore_wind_generation,Wind Offshore | Actual Aggregated,2026-08-17T17:16:10Z
2026-08-17T17:12:16Z,2026-08-17T19:12:16+0200,f372a1fc-a0b6-48c3-b979-dc927b00239d,2026-07-23T06:15:00Z,2026-07-23T08:15:00+0200,4.682,MW,NL,NL,actual_offshore_wind_generation,Wind Offshore | Actual Consumption,2026-08-17T17:16:10Z
2026-08-17T17:12:16Z,2026-08-17T19:12:16+0200,f372a1fc-a0b6-48c3-b979-dc927b00239d,2026-07-23T06:30:00Z,2026-07-23T08:30:00+0200,1474.437,MW,NL,NL,actual_offshore_wind_generation,Wind Offshore | Actual Aggregated,2026-08-17T17:16:10Z
2026-08-17T17:12:16Z,2026-08-17T19:12:16+0200,f372a1fc-a0b6-48c3-b979-dc927b00239d,2026-07-23T06:30:00Z,2026-07-23T08:30:00+0200,4.518,MW,NL,NL,actual_offshore_wind_generation,Wind Offshore | Actual Consumption,2026-08-17T17:16:10Z
2026-08-17T17:12:16Z,2026-08-17T19:12:16+0200,f372a1fc-a0b6-48c3-b979-dc927b00239d,2026-07-23T06:45:00Z,2026-07-23T08:45:00+0200,1494.094,MW,NL,NL,actual_offshore_wind_generation,Wind Offshore | Actual Aggregated,2026-08-17T17:16:10Z
2026-08-17T17:12:16Z,2026-08-17T19:12:16+0200,f372a1fc-a0b6-48c3-b979-dc927b00239d,2026-07-23T06:45:00Z,2026-07-23T08:45:00+0200,3.901,MW,NL,NL,actual_offshore_wind_generation,Wind Offshore | Actual Consumption,2026-08-17T17:16:10Z
2026-08-17T17:12:16Z,2026-08-17T19:12:16+0200,f372a1fc-a0b6-48c3-b979-dc927b00239d,2026-07-23T07:00:00Z,2026-07-23T09:00:00+0200,1358.327,MW,NL,NL,actual_offshore_wind_generation,Wind Offshore | Actual Aggregated,2026-08-17T17:16:10Z
2026-08-17T17:12:16Z,2026-08-17T19:12:16+0200,f372a1fc-a0b6-48c3-b979-dc927b00239d,2026-07-23T07:00:00Z,2026-07-23T09:00:00+0200,4.7,MW,NL,NL,actual_offshore_wind_generation,Wind Offshore | Actual Consumption,2026-08-17T17:16:10Z
2026-08-17T17:12:16Z,2026-08-17T19:12:16+0200,f372a1fc-a0b6-48c3-b979-dc927b00239d,2026-07-23T07:15:00Z,2026-07-23T09:15:00+0200,1257.273,MW,NL,NL,actual_offshore_wind_generation,Wind Offshore | Actual Aggregated,2026-08-17T17:16:10Z
2026-08-17T17:12:16Z,2026-08-17T19:12:16+0200,f372a1fc-a0b6-48c3-b979-dc927b00239d,2026-07-23T07:15:00Z,2026-07-23T09:15:00+0200,7.838,MW,NL,NL,actual_offshore_wind_generation,Wind Offshore | Actual Consumption,2026-08-17T17:16:10Z
2026-08-17T17:12:16Z,2026-08-17T19:12:16+0200,f372a1fc-a0b6-48c3-b979-dc927b00239d,2026-07-23T07:30:00Z,2026-07-23T09:30:00+0200,1137.209,MW,NL,NL,actual_offshore_wind_generation,Wind Offshore | Actual Aggregated,2026-08-17T17:16:10Z
2026-08-17T17:12:16Z,2026-08-17T19:12:16+0200,f372a1fc-a0b6-48c3-b979-dc927b00239d,2026-07-23T07:30:00Z,2026-07-23T09:30:00+0200,6.606,MW,NL,NL,actual_offshore_wind_generation,Wind Offshore | Actual Consumption,2026-08-17T17:16:10Z
2026-08-17T17:12:16Z,2026-08-17T19:12:16+0200,f372a1fc-a0b6-48c3-b979-dc927b00239d,2026-07-23T07:45:00Z,2026-07-23T09:45:00+0200,1144.189,MW,NL,NL,actual_offshore_wind_generation,Wind Offshore | Actual Aggregated,2026-08-17T17:16:10Z
2026-08-17T17:12:16Z,2026-08-17T19:12:16+0200,f372a1fc-a0b6-48c3-b979-dc927b00239d,2026-07-23T07:45:00Z,2026-07-23T09:45:00+0200,7.242,MW,NL,NL,actual_offshore_wind_generation,Wind Offshore | Actual Consumption,2026-08-17T17:16:10Z
2026-08-17T17:12:16Z,2026-08-17T19:12:16+0200,f372a1fc-a0b6-48c3-b979-dc927b00239d,2026-07-23T08:00:00Z,2026-07-23T10:00:00+0200,1090.11,MW,NL,NL,actual_offshore_wind_generation,Wind Offshore | Actual Aggregated,2026-08-17T17:16:10Z
2026-08-17T17:12:16Z,2026-08-17T19:12:16+0200,f372a1fc-a0b6-48c3-b979-dc927b00239d,2026-07-23T08:00:00Z,2026-07-23T10:00:00+0200,4.117,MW,NL,NL,actual_offshore_wind_generation,Wind Offshore | Actual Consumption,2026-08-17T17:16:10Z
2026-08-17T17:12:16Z,2026-08-17T19:12:16+0200,f372a1fc-a0b6-48c3-b979-dc927b00239d,2026-07-23T08:15:00Z,2026-07-23T10:15:00+0200,979.399,MW,NL,NL,actual_offshore_wind_generation,Wind Offshore | Actual Aggregated,2026-08-17T17:16:10Z
2026-08-17T17:12:16Z,2026-08-17T19:12:16+0200,f372a1fc-a0b6-48c3-b979-dc927b00239d,2026-07-23T08:15:00Z,2026-07-23T10:15:00+0200,4.521,MW,NL,NL,actual_offshore_wind_generation,Wind Offshore | Actual Consumption,2026-08-17T17:16:10Z
2026-08-17T17:12:16Z,2026-08-17T19:12:16+0200,f372a1fc-a0b6-48c3-b979-dc927b00239d,2026-07-23T08:30:00Z,2026-07-23T10:30:00+0200,945.018,MW,NL,NL,actual_offshore_wind_generation,Wind Offshore | Actual Aggregated,2026-08-17T17:16:10Z
2026-08-17T17:12:16Z,2026-08-17T19:12:16+0200,f372a1fc-a0b6-48c3-b979-dc927b00239d,2026-07-23T08:30:00Z,2026-07-23T10:30:00+0200,3.204,MW,NL,NL,actual_offshore_wind_generation,Wind Offshore | Actual Consumption,2026-08-17T17:16:10Z
2026-08-17T17:12:16Z,2026-08-17T19:12:16+0200,f372a1fc-a0b6-48c3-b979-dc927b00239d,2026-07-23T08:45:00Z,2026-07-23T10:45:00+0200,972.696,MW,NL,NL,actual_offshore_wind_generation,Wind Offshore | Actual Aggregated,2026-08-17T17:16:10Z
2026-08-17T17:12:16Z,2026-08-17T19:12:16+0200,f372a1fc-a0b6-48c3-b979-dc927b00239d,2026-07-23T08:45:00Z,2026-07-23T10:45:00+0200,3.145,MW,NL,NL,actual_offshore_wind_generation,Wind Offshore | Actual Consumption,2026-08-17T17:16:10Z
2026-08-17T17:12:16Z,2026-08-17T19:12:16+0200,f372a1fc-a0b6-48c3-b979-dc927b00239d,2026-07-23T09:00:00Z,2026-07-23T11:00:00+0200,1109.497,MW,NL,NL,actual_offshore_wind_generation,Wind Offshore | Actual Aggregated,2026-08-17T17:16:10Z
2026-08-17T17:12:16Z,2026-08-17T19:12:16+0200,f372a1fc-a0b6-48c3-b979-dc927b00239d,2026-07-23T09:00:00Z,2026-07-23T11:00:00+0200,2.951,MW,NL,NL,actual_offshore_wind_generation,Wind Offshore | Actual Consumption,2026-08-17T17:16:10Z
2026-08-17T17:12:16Z,2026-08-17T19:12:16+0200,f372a1fc-a0b6-48c3-b979-dc927b00239d,2026-07-23T09:15:00Z,2026-07-23T11:15:00+0200,1082.772,MW,NL,NL,actual_offshore_wind_generation,Wind Offshore | Actual Aggregated,2026-08-17T17:16:10Z
2026-08-17T17:12:16Z,2026-08-17T19:12:16+0200,f372a1fc-a0b6-48c3-b979-dc927b00239d,2026-07-23T09:15:00Z,2026-07-23T11:15:00+0200,3.067,MW,NL,NL,actual_offshore_wind_generation,Wind Offshore | Actual Consumption,2026-08-17T17:16:10Z
2026-08-17T17:12:16Z,2026-08-17T19:12:16+0200,f372a1fc-a0b6-48c3-b979-dc927b00239d,2026-07-23T09:30:00Z,2026-07-23T11:30:00+0200,1051.649,MW,NL,NL,actual_offshore_wind_generation,Wind Offshore | Actual Aggregated,2026-08-17T17:16:10Z
2026-08-17T17:12:16Z,2026-08-17T19:12:16+0200,f372a1fc-a0b6-48c3-b979-dc927b00239d,2026-07-23T09:30:00Z,2026-07-23T11:30:00+0200,2.914,MW,NL,NL,actual_offshore_wind_generation,Wind Offshore | Actual Consumption,2026-08-17T17:16:10Z
2026-08-17T17:12:16Z,2026-08-17T19:12:16+0200,f372a1fc-a0b6-48c3-b979-dc927b00239d,2026-07-23T09:45:00Z,2026-07-23T11:45:00+0200,1010.886,MW,NL,NL,actual_offshore_wind_generation,Wind Offshore | Actual Aggregated,2026-08-17T17:16:10Z
2026-08-17T17:12:16Z,2026-08-17T19:12:16+0200,f372a1fc-a0b6-48c3-b979-dc927b00239d,2026-07-23T09:45:00Z,2026-07-23T11:45:00+0200,2.46,MW,NL,NL,actual_offshore_wind_generation,Wind Offshore | Actual Consumption,2026-08-17T17:16:10Z
2026-08-17T17:12:16Z,2026-08-17T19:12:16+0200,f372a1fc-a0b6-48c3-b979-dc927b00239d,2026-07-23T10:00:00Z,2026-07-23T12:00:00+0200,959.823,MW,NL,NL,actual_offshore_wind_generation,Wind Offshore | Actual Aggregated,2026-08-17T17:16:10Z
2026-08-17T17:12:16Z,2026-08-17T19:12:16+0200,f372a1fc-a0b6-48c3-b979-dc927b00239d,2026-07-23T10:00:00Z,2026-07-23T12:00:00+0200,3.133,MW,NL,NL,actual_offshore_wind_generation,Wind Offshore | Actual Consumption,2026-08-17T17:16:10Z
2026-08-17T17:12:16Z,2026-08-17T19:12:16+0200,f372a1fc-a0b6-48c3-b979-dc927b00239d,2026-07-23T10:15:00Z,2026-07-23T12:15:00+0200,997.152,MW,NL,NL,actual_offshore_wind_generation,Wind Offshore | Actual Aggregated,2026-08-17T17:16:10Z
2026-08-17T17:12:16Z,2026-08-17T19:12:16+0200,f372a1fc-a0b6-48c3-b979-dc927b00239d,2026-07-23T10:15:00Z,2026-07-23T12:15:00+0200,2.851,MW,NL,NL,actual_offshore_wind_generation,Wind Offshore | Actual Consumption,2026-08-17T17:16:10Z
2026-08-17T17:12:16Z,2026-08-17T19:12:16+0200,f372a1fc-a0b6-48c3-b979-dc927b00239d,2026-07-23T10:30:00Z,2026-07-23T12:30:00+0200,1084.052,MW,NL,NL,actual_offshore_wind_generation,Wind Offshore | Actual Aggregated,2026-08-17T17:16:10Z
2026-08-17T17:12:16Z,2026-08-17T19:12:16+0200,f372a1fc-a0b6-48c3-b979-dc927b00239d,2026-07-23T10:30:00Z,2026-07-23T12:30:00+0200,3.342,MW,NL,NL,actual_offshore_wind_generation,Wind Offshore | Actual Consumption,2026-08-17T17:16:10Z
2026-08-17T17:12:16Z,2026-08-17T19:12:16+0200,f372a1fc-a0b6-48c3-b979-dc927b00239d,2026-07-23T10:45:00Z,2026-07-23T12:45:00+0200,1049.075,MW,NL,NL,actual_offshore_wind_generation,Wind Offshore | Actual Aggregated,2026-08-17T17:16:10Z
2026-08-17T17:12:16Z,2026-08-17T19:12:16+0200,f372a1fc-a0b6-48c3-b979-dc927b00239d,2026-07-23T10:45:00Z,2026-07-23T12:45:00+0200,2.717,MW,NL,NL,actual_offshore_wind_generation,Wind Offshore | Actual Consumption,2026-08-17T17:16:10Z
2026-08-17T17:12:16Z,2026-08-17T19:12:16+0200,f372a1fc-a0b6-48c3-b979-dc927b00239d,2026-07-23T11:00:00Z,2026-07-23T13:00:00+0200,968.681,MW,NL,NL,actual_offshore_wind_generation,Wind Offshore | Actual Aggregated,2026-08-17T17:16:10Z
2026-08-17T17:12:16Z,2026-08-17T19:12:16+0200,f372a1fc-a0b6-48c3-b979-dc927b00239d,2026-07-23T11:00:00Z,2026-07-23T13:00:00+0200,1.989,MW,NL,NL,actual_offshore_wind_generation,Wind Offshore | Actual Consumption,2026-08-17T17:16:10Z
2026-08-17T17:12:16Z,2026-08-17T19:12:16+0200,f372a1fc-a0b6-48c3-b979-dc927b00239d,2026-07-23T11:15:00Z,2026-07-23T13:15:00+0200,934.137,MW,NL,NL,actual_offshore_wind_generation,Wind Offshore | Actual Aggregated,2026-08-17T17:16:10Z
2026-08-17T17:12:16Z,2026-08-17T19:12:16+0200,f372a1fc-a0b6-48c3-b979-dc927b00239d,2026-07-23T11:15:00Z,2026-07-23T13:15:00+0200,1.989,MW,NL,NL,actual_offshore_wind_generation,Wind Offshore | Actual Consumption,2026-08-17T17:16:10Z
2026-08-17T17:12:16Z,2026-08-17T19:12:16+0200,f372a1fc-a0b6-48c3-b979-dc927b00239d,2026-07-23T11:30:00Z,2026-07-23T13:30:00+0200,810.935,MW,NL,NL,actual_offshore_wind_generation,Wind Offshore | Actual Aggregated,2026-08-17T17:16:10Z
2026-08-17T17:12:16Z,2026-08-17T19:12:16+0200,f372a1fc-a0b6-48c3-b979-dc927b00239d,2026-07-23T11:30:00Z,2026-07-23T13:30:00+0200,2.568,MW,NL,NL,actual_offshore_wind_generation,Wind Offshore | Actual Consumption,2026-08-17T17:16:10Z
2026-08-17T17:12:16Z,2026-08-17T19:12:16+0200,f372a1fc-a0b6-48c3-b979-dc927b00239d,2026-07-23T11:45:00Z,2026-07-23T13:45:00+0200,748.973,MW,NL,NL,actual_offshore_wind_generation,Wind Offshore | Actual Aggregated,2026-08-17T17:16:10Z
2026-08-17T17:12:16Z,2026-08-17T19:12:16+0200,f372a1fc-a0b6-48c3-b979-dc927b00239d,2026-07-23T11:45:00Z,2026-07-23T13:45:00+0200,2.127,MW,NL,NL,actual_offshore_wind_generation,Wind Offshore | Actual Consumption,2026-08-17T17:16:10Z
2026-08-17T17:12:16Z,2026-08-17T19:12:16+0200,f372a1fc-a0b6-48c3-b979-dc927b00239d,2026-07-23T12:00:00Z,2026-07-23T14:00:00+0200,793.149,MW,NL,NL,actual_offshore_wind_generation,Wind Offshore | Actual Aggregated,2026-08-17T17:16:10Z
2026-08-17T17:12:16Z,2026-08-17T19:12:16+0200,f372a1fc-a0b6-48c3-b979-dc927b00239d,2026-07-23T12:00:00Z,2026-07-23T14:00:00+0200,1.997,MW,NL,NL,actual_offshore_wind_generation,Wind Offshore | Actual Consumption,2026-08-17T17:16:10Z
2026-08-17T17:12:16Z,2026-08-17T19:12:16+0200,f372a1fc-a0b6-48c3-b979-dc927b00239d,2026-07-23T12:15:00Z,2026-07-23T14:15:00+0200,751.322,MW,NL,NL,actual_offshore_wind_generation,Wind Offshore | Actual Aggregated,2026-08-17T17:16:10Z
2026-08-17T17:12:16Z,2026-08-17T19:12:16+0200,f372a1fc-a0b6-48c3-b979-dc927b00239d,2026-07-23T12:15:00Z,2026-07-23T14:15:00+0200,2.005,MW,NL,NL,actual_offshore_wind_generation,Wind Offshore | Actual Consumption,2026-08-17T17:16:10Z
2026-08-17T17:12:16Z,2026-08-17T19:12:16+0200,f372a1fc-a0b6-48c3-b979-dc927b00239d,2026-07-23T12:30:00Z,2026-07-23T14:30:00+0200,758.22,MW,NL,NL,actual_offshore_wind_generation,Wind Offshore | Actual Aggregated,2026-08-17T17:16:10Z
2026-08-17T17:12:16Z,2026-08-17T19:12:16+0200,f372a1fc-a0b6-48c3-b979-dc927b00239d,2026-07-23T12:30:00Z,2026-07-23T14:30:00+0200,2.441,MW,NL,NL,actual_offshore_wind_generation,Wind Offshore | Actual Consumption,2026-08-17T17:16:10Z
2026-08-17T17:12:16Z,2026-08-17T19:12:16+0200,f372a1fc-a0b6-48c3-b979-dc927b00239d,2026-07-23T12:45:00Z,2026-07-23T14:45:00+0200,768.036,MW,NL,NL,actual_offshore_wind_generation,Wind Offshore | Actual Aggregated,2026-08-17T17:16:10Z
2026-08-17T17:12:16Z,2026-08-17T19:12:16+0200,f372a1fc-a0b6-48c3-b979-dc927b00239d,2026-07-23T12:45:00Z,2026-07-23T14:45:00+0200,2.003,MW,NL,NL,actual_offshore_wind_generation,Wind Offshore | Actual Consumption,2026-08-17T17:16:10Z
2026-08-17T17:12:16Z,2026-08-17T19:12:16+0200,f372a1fc-a0b6-48c3-b979-dc927b00239d,2026-07-23T13:00:00Z,2026-07-23T15:00:00+0200,752.116,MW,NL,NL,actual_offshore_wind_generation,Wind Offshore | Actual Aggregated,2026-08-17T17:16:10Z
2026-08-17T17:12:16Z,2026-08-17T19:12:16+0200,f372a1fc-a0b6-48c3-b979-dc927b00239d,2026-07-23T13:00:00Z,2026-07-23T15:00:00+0200,1.822,MW,NL,NL,actual_offshore_wind_generation,Wind Offshore | Actual Consumption,2026-08-17T17:16:10Z
2026-08-17T17:12:16Z,2026-08-17T19:12:16+0200,f372a1fc-a0b6-48c3-b979-dc927b00239d,2026-07-23T13:15:00Z,2026-07-23T15:15:00+0200,407.267,MW,NL,NL,actual_offshore_wind_generation,Wind Offshore | Actual Aggregated,2026-08-17T17:16:10Z
2026-08-17T17:12:16Z,2026-08-17T19:12:16+0200,f372a1fc-a0b6-48c3-b979-dc927b00239d,2026-07-23T13:15:00Z,2026-07-23T15:15:00+0200,1.94,MW,NL,NL,actual_offshore_wind_generation,Wind Offshore | Actual Consumption,2026-08-17T17:16:10Z
2026-08-17T17:12:16Z,2026-08-17T19:12:16+0200,f372a1fc-a0b6-48c3-b979-dc927b00239d,2026-07-23T13:30:00Z,2026-07-23T15:30:00+0200,534.803,MW,NL,NL,actual_offshore_wind_generation,Wind Offshore | Actual Aggregated,2026-08-17T17:16:10Z
2026-08-17T17:12:16Z,2026-08-17T19:12:16+0200,f372a1fc-a0b6-48c3-b979-dc927b00239d,2026-07-23T13:30:00Z,2026-07-23T15:30:00+0200,1.71,MW,NL,NL,actual_offshore_wind_generation,Wind Offshore | Actual Consumption,2026-08-17T17:16:10Z
2026-08-17T17:12:16Z,2026-08-17T19:12:16+0200,f372a1fc-a0b6-48c3-b979-dc927b00239d,2026-07-23T13:45:00Z,2026-07-23T15:45:00+0200,480.583,MW,NL,NL,actual_offshore_wind_generation,Wind Offshore | Actual Aggregated,2026-08-17T17:16:10Z
2026-08-17T17:12:16Z,2026-08-17T19:12:16+0200,f372a1fc-a0b6-48c3-b979-dc927b00239d,2026-07-23T13:45:00Z,2026-07-23T15:45:00+0200,1.737,MW,NL,NL,actual_offshore_wind_generation,Wind Offshore | Actual Consumption,2026-08-17T17:16:10Z
2026-08-17T17:12:16Z,2026-08-17T19:12:16+0200,f372a1fc-a0b6-48c3-b979-dc927b00239d,2026-07-23T14:00:00Z,2026-07-23T16:00:00+0200,590.053,MW,NL,NL,actual_offshore_wind_generation,Wind Offshore | Actual Aggregated,2026-08-17T17:16:10Z
2026-08-17T17:12:16Z,2026-08-17T19:12:16+0200,f372a1fc-a0b6-48c3-b979-dc927b00239d,2026-07-23T14:00:00Z,2026-07-23T16:00:00+0200,2.095,MW,NL,NL,actual_offshore_wind_generation,Wind Offshore | Actual Consumption,2026-08-17T17:16:10Z
2026-08-17T17:12:16Z,2026-08-17T19:12:16+0200,f372a1fc-a0b6-48c3-b979-dc927b00239d,2026-07-23T14:15:00Z,2026-07-23T16:15:00+0200,549.65,MW,NL,NL,actual_offshore_wind_generation,Wind Offshore | Actual Aggregated,2026-08-17T17:16:10Z
2026-08-17T17:12:16Z,2026-08-17T19:12:16+0200,f372a1fc-a0b6-48c3-b979-dc927b00239d,2026-07-23T14:15:00Z,2026-07-23T16:15:00+0200,2.379,MW,NL,NL,actual_offshore_wind_generation,Wind Offshore | Actual Consumption,2026-08-17T17:16:10Z
2026-08-17T17:12:16Z,2026-08-17T19:12:16+0200,f372a1fc-a0b6-48c3-b979-dc927b00239d,2026-07-23T14:30:00Z,2026-07-23T16:30:00+0200,537.566,MW,NL,NL,actual_offshore_wind_generation,Wind Offshore | Actual Aggregated,2026-08-17T17:16:10Z
2026-08-17T17:12:16Z,2026-08-17T19:12:16+0200,f372a1fc-a0b6-48c3-b979-dc927b00239d,2026-07-23T14:30:00Z,2026-07-23T16:30:00+0200,3.552,MW,NL,NL,actual_offshore_wind_generation,Wind Offshore | Actual Consumption,2026-08-17T17:16:10Z
2026-08-17T17:12:16Z,2026-08-17T19:12:16+0200,f372a1fc-a0b6-48c3-b979-dc927b00239d,2026-07-23T14:45:00Z,2026-07-23T16:45:00+0200,540.507,MW,NL,NL,actual_offshore_wind_generation,Wind Offshore | Actual Aggregated,2026-08-17T17:16:10Z
2026-08-17T17:12:16Z,2026-08-17T19:12:16+0200,f372a1fc-a0b6-48c3-b979-dc927b00239d,2026-07-23T14:45:00Z,2026-07-23T16:45:00+0200,6.453,MW,NL,NL,actual_offshore_wind_generation,Wind Offshore | Actual Consumption,2026-08-17T17:16:10Z
2026-08-17T17:12:16Z,2026-08-17T19:12:16+0200,f372a1fc-a0b6-48c3-b979-dc927b00239d,2026-07-23T15:00:00Z,2026-07-23T17:00:00+0200,538.211,MW,NL,NL,actual_offshore_wind_generation,Wind Offshore | Actual Aggregated,2026-08-17T17:16:10Z
2026-08-17T17:12:16Z,2026-08-17T19:12:16+0200,f372a1fc-a0b6-48c3-b979-dc927b00239d,2026-07-23T15:00:00Z,2026-07-23T17:00:00+0200,6.986,MW,NL,NL,actual_offshore_wind_generation,Wind Offshore | Actual Consumption,2026-08-17T17:16:10Z
2026-08-17T17:12:16Z,2026-08-17T19:12:16+0200,f372a1fc-a0b6-48c3-b979-dc927b00239d,2026-07-23T15:15:00Z,2026-07-23T17:15:00+0200,511.496,MW,NL,NL,actual_offshore_wind_generation,Wind Offshore | Actual Aggregated,2026-08-17T17:16:10Z
2026-08-17T17:12:16Z,2026-08-17T19:12:16+0200,f372a1fc-a0b6-48c3-b979-dc927b00239d,2026-07-23T15:15:00Z,2026-07-23T17:15:00+0200,8.166,MW,NL,NL,actual_offshore_wind_generation,Wind Offshore | Actual Consumption,2026-08-17T17:16:10Z
2026-08-17T17:12:16Z,2026-08-17T19:12:16+0200,f372a1fc-a0b6-48c3-b979-dc927b00239d,2026-07-23T15:30:00Z,2026-07-23T17:30:00+0200,533.827,MW,NL,NL,actual_offshore_wind_generation,Wind Offshore | Actual Aggregated,2026-08-17T17:16:10Z
2026-08-17T17:12:16Z,2026-08-17T19:12:16+0200,f372a1fc-a0b6-48c3-b979-dc927b00239d,2026-07-23T15:30:00Z,2026-07-23T17:30:00+0200,9.946,MW,NL,NL,actual_offshore_wind_generation,Wind Offshore | Actual Consumption,2026-08-17T17:16:10Z
2026-08-17T17:12:16Z,2026-08-17T19:12:16+0200,f372a1fc-a0b6-48c3-b979-dc927b00239d,2026-07-23T15:45:00Z,2026-07-23T17:45:00+0200,527.73,MW,NL,NL,actual_offshore_wind_generation,Wind Offshore | Actual Aggregated,2026-08-17T17:16:10Z
2026-08-17T17:12:16Z,2026-08-17T19:12:16+0200,f372a1fc-a0b6-48c3-b979-dc927b00239d,2026-07-23T15:45:00Z,2026-07-23T17:45:00+0200,11.482,MW,NL,NL,actual_offshore_wind_generation,Wind Offshore | Actual Consumption,2026-08-17T17:16:10Z
2026-08-17T17:12:16Z,2026-08-17T19:12:16+0200,f372a1fc-a0b6-48c3-b979-dc927b00239d,2026-07-23T16:00:00Z,2026-07-23T18:00:00+0200,495.113,MW,NL,NL,actual_offshore_wind_generation,Wind Offshore | Actual Aggregated,2026-08-17T17:16:10Z
2026-08-17T17:12:16Z,2026-08-17T19:12:16+0200,f372a1fc-a0b6-48c3-b979-dc927b00239d,2026-07-23T16:00:00Z,2026-07-23T18:00:00+0200,10.926,MW,NL,NL,actual_offshore_wind_generation,Wind Offshore | Actual Consumption,2026-08-17T17:16:10Z
2026-08-17T17:12:16Z,2026-08-17T19:12:16+0200,f372a1fc-a0b6-48c3-b979-dc927b00239d,2026-07-23T16:15:00Z,2026-07-23T18:15:00+0200,449.123,MW,NL,NL,actual_offshore_wind_generation,Wind Offshore | Actual Aggregated,2026-08-17T17:16:10Z
2026-08-17T17:12:16Z,2026-08-17T19:12:16+0200,f372a1fc-a0b6-48c3-b979-dc927b00239d,2026-07-23T16:15:00Z,2026-07-23T18:15:00+0200,10.527,MW,NL,NL,actual_offshore_wind_generation,Wind Offshore | Actual Consumption,2026-08-17T17:16:10Z
2026-08-17T17:12:16Z,2026-08-17T19:12:16+0200,f372a1fc-a0b6-48c3-b979-dc927b00239d,2026-07-23T16:30:00Z,2026-07-23T18:30:00+0200,398.202,MW,NL,NL,actual_offshore_wind_generation,Wind Offshore | Actual Aggregated,2026-08-17T17:16:10Z
2026-08-17T17:12:16Z,2026-08-17T19:12:16+0200,f372a1fc-a0b6-48c3-b979-dc927b00239d,2026-07-23T16:30:00Z,2026-07-23T18:30:00+0200,10.814,MW,NL,NL,actual_offshore_wind_generation,Wind Offshore | Actual Consumption,2026-08-17T17:16:10Z
2026-08-17T17:12:16Z,2026-08-17T19:12:16+0200,f372a1fc-a0b6-48c3-b979-dc927b00239d,2026-07-23T16:45:00Z,2026-07-23T18:45:00+0200,395.786,MW,NL,NL,actual_offshore_wind_generation,Wind Offshore | Actual Aggregated,2026-08-17T17:16:10Z
2026-08-17T17:12:16Z,2026-08-17T19:12:16+0200,f372a1fc-a0b6-48c3-b979-dc927b00239d,2026-07-23T16:45:00Z,2026-07-23T18:45:00+0200,9.739,MW,NL,NL,actual_offshore_wind_generation,Wind Offshore | Actual Consumption,2026-08-17T17:16:10Z
2026-08-17T17:12:16Z,2026-08-17T19:12:16+0200,f372a1fc-a0b6-48c3-b979-dc927b00239d,2026-07-23T17:00:00Z,2026-07-23T19:00:00+0200,360.252,MW,NL,NL,actual_offshore_wind_generation,Wind Offshore | Actual Aggregated,2026-08-17T17:16:10Z
2026-08-17T17:12:16Z,2026-08-17T19:12:16+0200,f372a1fc-a0b6-48c3-b979-dc927b00239d,2026-07-23T17:00:00Z,2026-07-23T19:00:00+0200,10.191,MW,NL,NL,actual_offshore_wind_generation,Wind Offshore | Actual Consumption,2026-08-17T17:16:10Z
2026-08-17T17:12:16Z,2026-08-17T19:12:16+0200,f372a1fc-a0b6-48c3-b979-dc927b00239d,2026-07-23T17:15:00Z,2026-07-23T19:15:00+0200,323.229,MW,NL,NL,actual_offshore_wind_generation,Wind Offshore | Actual Aggregated,2026-08-17T17:16:10Z
2026-08-17T17:12:16Z,2026-08-17T19:12:16+0200,f372a1fc-a0b6-48c3-b979-dc927b00239d,2026-07-23T17:15:00Z,2026-07-23T19:15:00+0200,10.614,MW,NL,NL,actual_offshore_wind_generation,Wind Offshore | Actual Consumption,2026-08-17T17:16:10Z
2026-08-17T17:12:16Z,2026-08-17T19:12:16+0200,f372a1fc-a0b6-48c3-b979-dc927b00239d,2026-07-23T17:30:00Z,2026-07-23T19:30:00+0200,320.153,MW,NL,NL,actual_offshore_wind_generation,Wind Offshore | Actual Aggregated,2026-08-17T17:16:10Z
2026-08-17T17:12:16Z,2026-08-17T19:12:16+0200,f372a1fc-a0b6-48c3-b979-dc927b00239d,2026-07-23T17:30:00Z,2026-07-23T19:30:00+0200,10.551,MW,NL,NL,actual_offshore_wind_generation,Wind Offshore | Actual Consumption,2026-08-17T17:16:10Z
2026-08-17T17:12:16Z,2026-08-17T19:12:16+0200,f372a1fc-a0b6-48c3-b979-dc927b00239d,2026-07-23T17:45:00Z,2026-07-23T19:45:00+0200,295.412,MW,NL,NL,actual_offshore_wind_generation,Wind Offshore | Actual Aggregated,2026-08-17T17:16:10Z
2026-08-17T17:12:16Z,2026-08-17T19:12:16+0200,f372a1fc-a0b6-48c3-b979-dc927b00239d,2026-07-23T17:45:00Z,2026-07-23T19:45:00+0200,10.931,MW,NL,NL,actual_offshore_wind_generation,Wind Offshore | Actual Consumption,2026-08-17T17:16:10Z
2026-08-17T17:12:16Z,2026-08-17T19:12:16+0200,f372a1fc-a0b6-48c3-b979-dc927b00239d,2026-07-23T18:00:00Z,2026-07-23T20:00:00+0200,263.661,MW,NL,NL,actual_offshore_wind_generation,Wind Offshore | Actual Aggregated,2026-08-17T17:16:10Z
2026-08-17T17:12:16Z,2026-08-17T19:12:16+0200,f372a1fc-a0b6-48c3-b979-dc927b00239d,2026-07-23T18:00:00Z,2026-07-23T20:00:00+0200,11.272,MW,NL,NL,actual_offshore_wind_generation,Wind Offshore | Actual Consumption,2026-08-17T17:16:10Z
2026-08-17T17:12:16Z,2026-08-17T19:12:16+0200,f372a1fc-a0b6-48c3-b979-dc927b00239d,2026-07-23T18:15:00Z,2026-07-23T20:15:00+0200,235.935,MW,NL,NL,actual_offshore_wind_generation,Wind Offshore | Actual Aggregated,2026-08-17T17:16:10Z
2026-08-17T17:12:16Z,2026-08-17T19:12:16+0200,f372a1fc-a0b6-48c3-b979-dc927b00239d,2026-07-23T18:15:00Z,2026-07-23T20:15:00+0200,11.156,MW,NL,NL,actual_offshore_wind_generation,Wind Offshore | Actual Consumption,2026-08-17T17:16:10Z
2026-08-17T17:12:16Z,2026-08-17T19:12:16+0200,f372a1fc-a0b6-48c3-b979-dc927b00239d,2026-07-23T18:30:00Z,2026-07-23T20:30:00+0200,214.443,MW,NL,NL,actual_offshore_wind_generation,Wind Offshore | Actual Aggregated,2026-08-17T17:16:10Z
2026-08-17T17:12:16Z,2026-08-17T19:12:16+0200,f372a1fc-a0b6-48c3-b979-dc927b00239d,2026-07-23T18:30:00Z,2026-07-23T20:30:00+0200,11.4,MW,NL,NL,actual_offshore_wind_generation,Wind Offshore | Actual Consumption,2026-08-17T17:16:10Z
2026-08-17T17:12:16Z,2026-08-17T19:12:16+0200,f372a1fc-a0b6-48c3-b979-dc927b00239d,2026-07-23T18:45:00Z,2026-07-23T20:45:00+0200,217.798,MW,NL,NL,actual_offshore_wind_generation,Wind Offshore | Actual Aggregated,2026-08-17T17:16:10Z
2026-08-17T17:12:16Z,2026-08-17T19:12:16+0200,f372a1fc-a0b6-48c3-b979-dc927b00239d,2026-07-23T18:45:00Z,2026-07-23T20:45:00+0200,11.682,MW,NL,NL,actual_offshore_wind_generation,Wind Offshore | Actual Consumption,2026-08-17T17:16:10Z
2026-08-17T17:12:16Z,2026-08-17T19:12:16+0200,f372a1fc-a0b6-48c3-b979-dc927b00239d,2026-07-23T19:00:00Z,2026-07-23T21:00:00+0200,246.285,MW,NL,NL,actual_offshore_wind_generation,Wind Offshore | Actual Aggregated,2026-08-17T17:16:10Z
2026-08-17T17:12:16Z,2026-08-17T19:12:16+0200,f372a1fc-a0b6-48c3-b979-dc927b00239d,2026-07-23T19:00:00Z,2026-07-23T21:00:00+0200,11.509,MW,NL,NL,actual_offshore_wind_generation,Wind Offshore | Actual Consumption,2026-08-17T17:16:10Z
2026-08-17T17:12:16Z,2026-08-17T19:12:16+0200,f372a1fc-a0b6-48c3-b979-dc927b00239d,2026-07-23T19:15:00Z,2026-07-23T21:15:00+0200,238.306,MW,NL,NL,actual_offshore_wind_generation,Wind Offshore | Actual Aggregated,2026-08-17T17:16:10Z
2026-08-17T17:12:16Z,2026-08-17T19:12:16+0200,f372a1fc-a0b6-48c3-b979-dc927b00239d,2026-07-23T19:15:00Z,2026-07-23T21:15:00+0200,14.058,MW,NL,NL,actual_offshore_wind_generation,Wind Offshore | Actual Consumption,2026-08-17T17:16:10Z
2026-08-17T17:12:16Z,2026-08-17T19:12:16+0200,f372a1fc-a0b6-48c3-b979-dc927b00239d,2026-07-23T19:30:00Z,2026-07-23T21:30:00+0200,249.456,MW,NL,NL,actual_offshore_wind_generation,Wind Offshore | Actual Aggregated,2026-08-17T17:16:10Z
2026-08-17T17:12:16Z,2026-08-17T19:12:16+0200,f372a1fc-a0b6-48c3-b979-dc927b00239d,2026-07-23T19:30:00Z,2026-07-23T21:30:00+0200,14.849,MW,NL,NL,actual_offshore_wind_generation,Wind Offshore | Actual Consumption,2026-08-17T17:16:10Z
2026-08-17T17:12:16Z,2026-08-17T19:12:16+0200,f372a1fc-a0b6-48c3-b979-dc927b00239d,2026-07-23T19:45:00Z,2026-07-23T21:45:00+0200,247.051,MW,NL,NL,actual_offshore_wind_generation,Wind Offshore | Actual Aggregated,2026-08-17T17:16:10Z
2026-08-17T17:12:16Z,2026-08-17T19:12:16+0200,f372a1fc-a0b6-48c3-b979-dc927b00239d,2026-07-23T19:45:00Z,2026-07-23T21:45:00+0200,12.713,MW,NL,NL,actual_offshore_wind_generation,Wind Offshore | Actual Consumption,2026-08-17T17:16:10Z
2026-08-17T17:12:16Z,2026-08-17T19:12:16+0200,f372a1fc-a0b6-48c3-b979-dc927b00239d,2026-07-23T20:00:00Z,2026-07-23T22:00:00+0200,205.448,MW,NL,NL,actual_offshore_wind_generation,Wind Offshore | Actual Aggregated,2026-08-17T17:16:10Z
2026-08-17T17:12:16Z,2026-08-17T19:12:16+0200,f372a1fc-a0b6-48c3-b979-dc927b00239d,2026-07-23T20:00:00Z,2026-07-23T22:00:00+0200,12.723,MW,NL,NL,actual_offshore_wind_generation,Wind Offshore | Actual Consumption,2026-08-17T17:16:10Z
2026-08-17T17:12:16Z,2026-08-17T19:12:16+0200,f372a1fc-a0b6-48c3-b979-dc927b00239d,2026-07-23T20:15:00Z,2026-07-23T22:15:00+0200,181.705,MW,NL,NL,actual_offshore_wind_generation,Wind Offshore | Actual Aggregated,2026-08-17T17:16:10Z
2026-08-17T17:12:16Z,2026-08-17T19:12:16+0200,f372a1fc-a0b6-48c3-b979-dc927b00239d,2026-07-23T20:15:00Z,2026-07-23T22:15:00+0200,12.689,MW,NL,NL,actual_offshore_wind_generation,Wind Offshore | Actual Consumption,2026-08-17T17:16:10Z
2026-08-17T17:12:16Z,2026-08-17T19:12:16+0200,f372a1fc-a0b6-48c3-b979-dc927b00239d,2026-07-23T20:30:00Z,2026-07-23T22:30:00+0200,178.9,MW,NL,NL,actual_offshore_wind_generation,Wind Offshore | Actual Aggregated,2026-08-17T17:16:10Z
2026-08-17T17:12:16Z,2026-08-17T19:12:16+0200,f372a1fc-a0b6-48c3-b979-dc927b00239d,2026-07-23T20:30:00Z,2026-07-23T22:30:00+0200,13.705,MW,NL,NL,actual_offshore_wind_generation,Wind Offshore | Actual Consumption,2026-08-17T17:16:10Z
2026-08-17T17:12:16Z,2026-08-17T19:12:16+0200,f372a1fc-a0b6-48c3-b979-dc927b00239d,2026-07-23T20:45:00Z,2026-07-23T22:45:00+0200,229.634,MW,NL,NL,actual_offshore_wind_generation,Wind Offshore | Actual Aggregated,2026-08-17T17:16:10Z
2026-08-17T17:12:16Z,2026-08-17T19:12:16+0200,f372a1fc-a0b6-48c3-b979-dc927b00239d,2026-07-23T20:45:00Z,2026-07-23T22:45:00+0200,12.581,MW,NL,NL,actual_offshore_wind_generation,Wind Offshore | Actual Consumption,2026-08-17T17:16:10Z
2026-08-17T17:12:16Z,2026-08-17T19:12:16+0200,f372a1fc-a0b6-48c3-b979-dc927b00239d,2026-07-23T21:00:00Z,2026-07-23T23:00:00+0200,265.71,MW,NL,NL,actual_offshore_wind_generation,Wind Offshore | Actual Aggregated,2026-08-17T17:16:10Z
2026-08-17T17:12:16Z,2026-08-17T19:12:16+0200,f372a1fc-a0b6-48c3-b979-dc927b00239d,2026-07-23T21:00:00Z,2026-07-23T23:00:00+0200,14.71,MW,NL,NL,actual_offshore_wind_generation,Wind Offshore | Actual Consumption,2026-08-17T17:16:10Z
2026-08-17T17:12:16Z,2026-08-17T19:12:16+0200,f372a1fc-a0b6-48c3-b979-dc927b00239d,2026-07-23T21:15:00Z,2026-07-23T23:15:00+0200,266.352,MW,NL,NL,actual_offshore_wind_generation,Wind Offshore | Actual Aggregated,2026-08-17T17:16:10Z
2026-08-17T17:12:16Z,2026-08-17T19:12:16+0200,f372a1fc-a0b6-48c3-b979-dc927b00239d,2026-07-23T21:15:00Z,2026-07-23T23:15:00+0200,13.639,MW,NL,NL,actual_offshore_wind_generation,Wind Offshore | Actual Consumption,2026-08-17T17:16:10Z
2026-08-17T17:12:16Z,2026-08-17T19:12:16+0200,f372a1fc-a0b6-48c3-b979-dc927b00239d,2026-07-23T21:30:00Z,2026-07-23T23:30:00+0200,262.747,MW,NL,NL,actual_offshore_wind_generation,Wind Offshore | Actual Aggregated,2026-08-17T17:16:10Z
2026-08-17T17:12:16Z,2026-08-17T19:12:16+0200,f372a1fc-a0b6-48c3-b979-dc927b00239d,2026-07-23T21:30:00Z,2026-07-23T23:30:00+0200,13.935,MW,NL,NL,actual_offshore_wind_generation,Wind Offshore | Actual Consumption,2026-08-17T17:16:10Z
2026-08-17T17:12:16Z,2026-08-17T19:12:16+0200,f372a1fc-a0b6-48c3-b979-dc927b00239d,2026-07-23T21:45:00Z,2026-07-23T23:45:00+0200,229.591,MW,NL,NL,actual_offshore_wind_generation,Wind Offshore | Actual Aggregated,2026-08-17T17:16:10Z
2026-08-17T17:12:16Z,2026-08-17T19:12:16+0200,f372a1fc-a0b6-48c3-b979-dc927b00239d,2026-07-23T21:45:00Z,2026-07-23T23:45:00+0200,12.794,MW,NL,NL,actual_offshore_wind_generation,Wind Offshore | Actual Consumption,2026-08-17T17:16:10Z
2026-08-17T17:12:16Z,2026-08-17T19:12:16+0200,f372a1fc-a0b6-48c3-b979-dc927b00239d,2026-07-23T22:00:00Z,2026-07-24T00:00:00+0200,191.675,MW,NL,NL,actual_offshore_wind_generation,Wind Offshore | Actual Aggregated,2026-08-17T17:16:10Z
2026-08-17T17:12:16Z,2026-08-17T19:12:16+0200,f372a1fc-a0b6-48c3-b979-dc927b00239d,2026-07-23T22:00:00Z,2026-07-24T00:00:00+0200,14.978,MW,NL,NL,actual_offshore_wind_generation,Wind Offshore | Actual Consumption,2026-08-17T17:16:10Z
2026-08-17T17:12:16Z,2026-08-17T19:12:16+0200,f372a1fc-a0b6-48c3-b979-dc927b00239d,2026-07-23T22:15:00Z,2026-07-24T00:15:00+0200,153.455,MW,NL,NL,actual_offshore_wind_generation,Wind Offshore | Actual Aggregated,2026-08-17T17:16:10Z
2026-08-17T17:12:16Z,2026-08-17T19:12:16+0200,f372a1fc-a0b6-48c3-b979-dc927b00239d,2026-07-23T22:15:00Z,2026-07-24T00:15:00+0200,14.784,MW,NL,NL,actual_offshore_wind_generation,Wind Offshore | Actual Consumption,2026-08-17T17:16:10Z
2026-08-17T17:12:16Z,2026-08-17T19:12:16+0200,f372a1fc-a0b6-48c3-b979-dc927b00239d,2026-07-23T22:30:00Z,2026-07-24T00:30:00+0200,145.48,MW,NL,NL,actual_offshore_wind_generation,Wind Offshore | Actual Aggregated,2026-08-17T17:16:10Z
2026-08-17T17:12:16Z,2026-08-17T19:12:16+0200,f372a1fc-a0b6-48c3-b979-dc927b00239d,2026-07-23T22:30:00Z,2026-07-24T00:30:00+0200,17.281,MW,NL,NL,actual_offshore_wind_generation,Wind Offshore | Actual Consumption,2026-08-17T17:16:10Z
2026-08-17T17:12:16Z,2026-08-17T19:12:16+0200,f372a1fc-a0b6-48c3-b979-dc927b00239d,2026-07-23T22:45:00Z,2026-07-24T00:45:00+0200,147.911,MW,NL,NL,actual_offshore_wind_generation,Wind Offshore | Actual Aggregated,2026-08-17T17:16:10Z
2026-08-17T17:12:16Z,2026-08-17T19:12:16+0200,f372a1fc-a0b6-48c3-b979-dc927b00239d,2026-07-23T22:45:00Z,2026-07-24T00:45:00+0200,18.554,MW,NL,NL,actual_offshore_wind_generation,Wind Offshore | Actual Consumption,2026-08-17T17:16:10Z
2026-08-17T17:12:16Z,2026-08-17T19:12:16+0200,f372a1fc-a0b6-48c3-b979-dc927b00239d,2026-07-23T23:00:00Z,2026-07-24T01:00:00+0200,152.276,MW,NL,NL,actual_offshore_wind_generation,Wind Offshore | Actual Aggregated,2026-08-17T17:16:10Z
2026-08-17T17:12:16Z,2026-08-17T19:12:16+0200,f372a1fc-a0b6-48c3-b979-dc927b00239d,2026-07-23T23:00:00Z,2026-07-24T01:00:00+0200,13.648,MW,NL,NL,actual_offshore_wind_generation,Wind Offshore | Actual Consumption,2026-08-17T17:16:10Z
2026-08-17T17:12:16Z,2026-08-17T19:12:16+0200,f372a1fc-a0b6-48c3-b979-dc927b00239d,2026-07-23T23:15:00Z,2026-07-24T01:15:00+0200,149.591,MW,NL,NL,actual_offshore_wind_generation,Wind Offshore | Actual Aggregated,2026-08-17T17:16:10Z
2026-08-17T17:12:16Z,2026-08-17T19:12:16+0200,f372a1fc-a0b6-48c3-b979-dc927b00239d,2026-07-23T23:15:00Z,2026-07-24T01:15:00+0200,11.573,MW,NL,NL,actual_offshore_wind_generation,Wind Offshore | Actual Consumption,2026-08-17T17:16:10Z
2026-08-17T17:12:16Z,2026-08-17T19:12:16+0200,f372a1fc-a0b6-48c3-b979-dc927b00239d,2026-07-23T23:30:00Z,2026-07-24T01:30:00+0200,145.02,MW,NL,NL,actual_offshore_wind_generation,Wind Offshore | Actual Aggregated,2026-08-17T17:16:10Z
2026-08-17T17:12:16Z,2026-08-17T19:12:16+0200,f372a1fc-a0b6-48c3-b979-dc927b00239d,2026-07-23T23:30:00Z,2026-07-24T01:30:00+0200,13.869,MW,NL,NL,actual_offshore_wind_generation,Wind Offshore | Actual Consumption,2026-08-17T17:16:10Z
2026-08-17T17:12:16Z,2026-08-17T19:12:16+0200,f372a1fc-a0b6-48c3-b979-dc927b00239d,2026-07-23T23:45:00Z,2026-07-24T01:45:00+0200,126.856,MW,NL,NL,actual_offshore_wind_generation,Wind Offshore | Actual Aggregated,2026-08-17T17:16:10Z
2026-08-17T17:12:16Z,2026-08-17T19:12:16+0200,f372a1fc-a0b6-48c3-b979-dc927b00239d,2026-07-23T23:45:00Z,2026-07-24T01:45:00+0200,13.868,MW,NL,NL,actual_offshore_wind_generation,Wind Offshore | Actual Consumption,2026-08-17T17:16:10Z
2026-08-17T17:12:16Z,2026-08-17T19:12:16+0200,f372a1fc-a0b6-48c3-b979-dc927b00239d,2026-07-24T00:00:00Z,2026-07-24T02:00:00+0200,106.024,MW,NL,NL,actual_offshore_wind_generation,Wind Offshore | Actual Aggregated,2026-08-17T17:16:10Z
2026-08-17T17:12:16Z,2026-08-17T19:12:16+0200,f372a1fc-a0b6-48c3-b979-dc927b00239d,2026-07-24T00:00:00Z,2026-07-24T02:00:00+0200,12.555,MW,NL,NL,actual_offshore_wind_generation,Wind Offshore | Actual Consumption,2026-08-17T17:16:10Z
2026-08-17T17:12:16Z,2026-08-17T19:12:16+0200,f372a1fc-a0b6-48c3-b979-dc927b00239d,2026-07-24T00:15:00Z,2026-07-24T02:15:00+0200,118.692,MW,NL,NL,actual_offshore_wind_generation,Wind Offshore | Actual Aggregated,2026-08-17T17:16:10Z
2026-08-17T17:12:16Z,2026-08-17T19:12:16+0200,f372a1fc-a0b6-48c3-b979-dc927b00239d,2026-07-24T00:15:00Z,2026-07-24T02:15:00+0200,13.435,MW,NL,NL,actual_offshore_wind_generation,Wind Offshore | Actual Consumption,2026-08-17T17:16:10Z
2026-08-17T17:12:16Z,2026-08-17T19:12:16+0200,f372a1fc-a0b6-48c3-b979-dc927b00239d,2026-07-24T00:30:00Z,2026-07-24T02:30:00+0200,137.022,MW,NL,NL,actual_offshore_wind_generation,Wind Offshore | Actual Aggregated,2026-08-17T17:16:10Z
2026-08-17T17:12:16Z,2026-08-17T19:12:16+0200,f372a1fc-a0b6-48c3-b979-dc927b00239d,2026-07-24T00:30:00Z,2026-07-24T02:30:00+0200,11.561,MW,NL,NL,actual_offshore_wind_generation,Wind Offshore | Actual Consumption,2026-08-17T17:16:10Z
2026-08-17T17:12:16Z,2026-08-17T19:12:16+0200,f372a1fc-a0b6-48c3-b979-dc927b00239d,2026-07-24T00:45:00Z,2026-07-24T02:45:00+0200,153.815,MW,NL,NL,actual_offshore_wind_generation,Wind Offshore | Actual Aggregated,2026-08-17T17:16:10Z
2026-08-17T17:12:16Z,2026-08-17T19:12:16+0200,f372a1fc-a0b6-48c3-b979-dc927b00239d,2026-07-24T00:45:00Z,2026-07-24T02:45:00+0200,12.254,MW,NL,NL,actual_offshore_wind_generation,Wind Offshore | Actual Consumption,2026-08-17T17:16:10Z
2026-08-17T17:12:16Z,2026-08-17T19:12:16+0200,f372a1fc-a0b6-48c3-b979-dc927b00239d,2026-07-24T01:00:00Z,2026-07-24T03:00:00+0200,159.923,MW,NL,NL,actual_offshore_wind_generation,Wind Offshore | Actual Aggregated,2026-08-17T17:16:10Z
2026-08-17T17:12:16Z,2026-08-17T19:12:16+0200,f372a1fc-a0b6-48c3-b979-dc927b00239d,2026-07-24T01:00:00Z,2026-07-24T03:00:00+0200,12.1,MW,NL,NL,actual_offshore_wind_generation,Wind Offshore | Actual Consumption,2026-08-17T17:16:10Z
2026-08-17T17:12:16Z,2026-08-17T19:12:16+0200,f372a1fc-a0b6-48c3-b979-dc927b00239d,2026-07-24T01:15:00Z,2026-07-24T03:15:00+0200,169.154,MW,NL,NL,actual_offshore_wind_generation,Wind Offshore | Actual Aggregated,2026-08-17T17:16:10Z
2026-08-17T17:12:16Z,2026-08-17T19:12:16+0200,f372a1fc-a0b6-48c3-b979-dc927b00239d,2026-07-24T01:15:00Z,2026-07-24T03:15:00+0200,13.189,MW,NL,NL,actual_offshore_wind_generation,Wind Offshore | Actual Consumption,2026-08-17T17:16:10Z
2026-08-17T17:12:16Z,2026-08-17T19:12:16+0200,f372a1fc-a0b6-48c3-b979-dc927b00239d,2026-07-24T01:30:00Z,2026-07-24T03:30:00+0200,199.882,MW,NL,NL,actual_offshore_wind_generation,Wind Offshore | Actual Aggregated,2026-08-17T17:16:10Z
2026-08-17T17:12:16Z,2026-08-17T19:12:16+0200,f372a1fc-a0b6-48c3-b979-dc927b00239d,2026-07-24T01:30:00Z,2026-07-24T03:30:00+0200,13.129,MW,NL,NL,actual_offshore_wind_generation,Wind Offshore | Actual Consumption,2026-08-17T17:16:10Z
2026-08-17T17:12:16Z,2026-08-17T19:12:16+0200,f372a1fc-a0b6-48c3-b979-dc927b00239d,2026-07-24T01:45:00Z,2026-07-24T03:45:00+0200,212.81,MW,NL,NL,actual_offshore_wind_generation,Wind Offshore | Actual Aggregated,2026-08-17T17:16:10Z
2026-08-17T17:12:16Z,2026-08-17T19:12:16+0200,f372a1fc-a0b6-48c3-b979-dc927b00239d,2026-07-24T01:45:00Z,2026-07-24T03:45:00+0200,14.469,MW,NL,NL,actual_offshore_wind_generation,Wind Offshore | Actual Consumption,2026-08-17T17:16:10Z
2026-08-17T17:12:16Z,2026-08-17T19:12:16+0200,f372a1fc-a0b6-48c3-b979-dc927b00239d,2026-07-24T02:00:00Z,2026-07-24T04:00:00+0200,181.611,MW,NL,NL,actual_offshore_wind_generation,Wind Offshore | Actual Aggregated,2026-08-17T17:16:10Z
2026-08-17T17:12:16Z,2026-08-17T19:12:16+0200,f372a1fc-a0b6-48c3-b979-dc927b00239d,2026-07-24T02:00:00Z,2026-07-24T04:00:00+0200,16.324,MW,NL,NL,actual_offshore_wind_generation,Wind Offshore | Actual Consumption,2026-08-17T17:16:10Z
2026-08-17T17:12:16Z,2026-08-17T19:12:16+0200,f372a1fc-a0b6-48c3-b979-dc927b00239d,2026-07-24T02:15:00Z,2026-07-24T04:15:00+0200,167.365,MW,NL,NL,actual_offshore_wind_generation,Wind Offshore | Actual Aggregated,2026-08-17T17:16:10Z
2026-08-17T17:12:16Z,2026-08-17T19:12:16+0200,f372a1fc-a0b6-48c3-b979-dc927b00239d,2026-07-24T02:15:00Z,2026-07-24T04:15:00+0200,16.228,MW,NL,NL,actual_offshore_wind_generation,Wind Offshore | Actual Consumption,2026-08-17T17:16:10Z
2026-08-17T17:12:16Z,2026-08-17T19:12:16+0200,f372a1fc-a0b6-48c3-b979-dc927b00239d,2026-07-24T02:30:00Z,2026-07-24T04:30:00+0200,159.656,MW,NL,NL,actual_offshore_wind_generation,Wind Offshore | Actual Aggregated,2026-08-17T17:16:10Z
2026-08-17T17:12:16Z,2026-08-17T19:12:16+0200,f372a1fc-a0b6-48c3-b979-dc927b00239d,2026-07-24T02:30:00Z,2026-07-24T04:30:00+0200,16.275,MW,NL,NL,actual_offshore_wind_generation,Wind Offshore | Actual Consumption,2026-08-17T17:16:10Z
2026-08-17T17:12:16Z,2026-08-17T19:12:16+0200,f372a1fc-a0b6-48c3-b979-dc927b00239d,2026-07-24T02:45:00Z,2026-07-24T04:45:00+0200,139.014,MW,NL,NL,actual_offshore_wind_generation,Wind Offshore | Actual Aggregated,2026-08-17T17:16:10Z
2026-08-17T17:12:16Z,2026-08-17T19:12:16+0200,f372a1fc-a0b6-48c3-b979-dc927b00239d,2026-07-24T02:45:00Z,2026-07-24T04:45:00+0200,13.088,MW,NL,NL,actual_offshore_wind_generation,Wind Offshore | Actual Consumption,2026-08-17T17:16:10Z
2026-08-17T17:12:16Z,2026-08-17T19:12:16+0200,f372a1fc-a0b6-48c3-b979-dc927b00239d,2026-07-24T03:00:00Z,2026-07-24T05:00:00+0200,108.992,MW,NL,NL,actual_offshore_wind_generation,Wind Offshore | Actual Aggregated,2026-08-17T17:16:10Z
2026-08-17T17:12:16Z,2026-08-17T19:12:16+0200,f372a1fc-a0b6-48c3-b979-dc927b00239d,2026-07-24T03:00:00Z,2026-07-24T05:00:00+0200,13.133,MW,NL,NL,actual_offshore_wind_generation,Wind Offshore | Actual Consumption,2026-08-17T17:16:10Z
2026-08-17T17:12:16Z,2026-08-17T19:12:16+0200,f372a1fc-a0b6-48c3-b979-dc927b00239d,2026-07-24T03:15:00Z,2026-07-24T05:15:00+0200,102.302,MW,NL,NL,actual_offshore_wind_generation,Wind Offshore | Actual Aggregated,2026-08-17T17:16:10Z
2026-08-17T17:12:16Z,2026-08-17T19:12:16+0200,f372a1fc-a0b6-48c3-b979-dc927b00239d,2026-07-24T03:15:00Z,2026-07-24T05:15:00+0200,10.843,MW,NL,NL,actual_offshore_wind_generation,Wind Offshore | Actual Consumption,2026-08-17T17:16:10Z
2026-08-17T17:12:16Z,2026-08-17T19:12:16+0200,f372a1fc-a0b6-48c3-b979-dc927b00239d,2026-07-24T03:30:00Z,2026-07-24T05:30:00+0200,100.821,MW,NL,NL,actual_offshore_wind_generation,Wind Offshore | Actual Aggregated,2026-08-17T17:16:10Z
2026-08-17T17:12:16Z,2026-08-17T19:12:16+0200,f372a1fc-a0b6-48c3-b979-dc927b00239d,2026-07-24T03:30:00Z,2026-07-24T05:30:00+0200,10.861,MW,NL,NL,actual_offshore_wind_generation,Wind Offshore | Actual Consumption,2026-08-17T17:16:10Z
2026-08-17T17:12:16Z,2026-08-17T19:12:16+0200,f372a1fc-a0b6-48c3-b979-dc927b00239d,2026-07-24T03:45:00Z,2026-07-24T05:45:00+0200,115.364,MW,NL,NL,actual_offshore_wind_generation,Wind Offshore | Actual Aggregated,2026-08-17T17:16:10Z
2026-08-17T17:12:16Z,2026-08-17T19:12:16+0200,f372a1fc-a0b6-48c3-b979-dc927b00239d,2026-07-24T03:45:00Z,2026-07-24T05:45:00+0200,12.89,MW,NL,NL,actual_offshore_wind_generation,Wind Offshore | Actual Consumption,2026-08-17T17:16:10Z
2026-08-17T17:12:16Z,2026-08-17T19:12:16+0200,f372a1fc-a0b6-48c3-b979-dc927b00239d,2026-07-24T04:00:00Z,2026-07-24T06:00:00+0200,99.331,MW,NL,NL,actual_offshore_wind_generation,Wind Offshore | Actual Aggregated,2026-08-17T17:16:10Z
2026-08-17T17:12:16Z,2026-08-17T19:12:16+0200,f372a1fc-a0b6-48c3-b979-dc927b00239d,2026-07-24T04:00:00Z,2026-07-24T06:00:00+0200,14.596,MW,NL,NL,actual_offshore_wind_generation,Wind Offshore | Actual Consumption,2026-08-17T17:16:10Z
2026-08-17T17:12:16Z,2026-08-17T19:12:16+0200,f372a1fc-a0b6-48c3-b979-dc927b00239d,2026-07-24T04:15:00Z,2026-07-24T06:15:00+0200,77.336,MW,NL,NL,actual_offshore_wind_generation,Wind Offshore | Actual Aggregated,2026-08-17T17:16:10Z
2026-08-17T17:12:16Z,2026-08-17T19:12:16+0200,f372a1fc-a0b6-48c3-b979-dc927b00239d,2026-07-24T04:15:00Z,2026-07-24T06:15:00+0200,15.032,MW,NL,NL,actual_offshore_wind_generation,Wind Offshore | Actual Consumption,2026-08-17T17:16:10Z
2026-08-17T17:12:16Z,2026-08-17T19:12:16+0200,f372a1fc-a0b6-48c3-b979-dc927b00239d,2026-07-24T04:30:00Z,2026-07-24T06:30:00+0200,73.998,MW,NL,NL,actual_offshore_wind_generation,Wind Offshore | Actual Aggregated,2026-08-17T17:16:10Z
2026-08-17T17:12:16Z,2026-08-17T19:12:16+0200,f372a1fc-a0b6-48c3-b979-dc927b00239d,2026-07-24T04:30:00Z,2026-07-24T06:30:00+0200,15.494,MW,NL,NL,actual_offshore_wind_generation,Wind Offshore | Actual Consumption,2026-08-17T17:16:10Z
2026-08-17T17:12:16Z,2026-08-17T19:12:16+0200,f372a1fc-a0b6-48c3-b979-dc927b00239d,2026-07-24T04:45:00Z,2026-07-24T06:45:00+0200,74.326,MW,NL,NL,actual_offshore_wind_generation,Wind Offshore | Actual Aggregated,2026-08-17T17:16:10Z
2026-08-17T17:12:16Z,2026-08-17T19:12:16+0200,f372a1fc-a0b6-48c3-b979-dc927b00239d,2026-07-24T04:45:00Z,2026-07-24T06:45:00+0200,14.548,MW,NL,NL,actual_offshore_wind_generation,Wind Offshore | Actual Consumption,2026-08-17T17:16:10Z
2026-08-17T17:12:16Z,2026-08-17T19:12:16+0200,f372a1fc-a0b6-48c3-b979-dc927b00239d,2026-07-24T05:00:00Z,2026-07-24T07:00:00+0200,66.598,MW,NL,NL,actual_offshore_wind_generation,Wind Offshore | Actual Aggregated,2026-08-17T17:16:10Z
2026-08-17T17:12:16Z,2026-08-17T19:12:16+0200,f372a1fc-a0b6-48c3-b979-dc927b00239d,2026-07-24T05:00:00Z,2026-07-24T07:00:00+0200,14.623,MW,NL,NL,actual_offshore_wind_generation,Wind Offshore | Actual Consumption,2026-08-17T17:16:10Z
2026-08-17T17:12:16Z,2026-08-17T19:12:16+0200,f372a1fc-a0b6-48c3-b979-dc927b00239d,2026-07-24T05:15:00Z,2026-07-24T07:15:00+0200,71.618,MW,NL,NL,actual_offshore_wind_generation,Wind Offshore | Actual Aggregated,2026-08-17T17:16:10Z
2026-08-17T17:12:16Z,2026-08-17T19:12:16+0200,f372a1fc-a0b6-48c3-b979-dc927b00239d,2026-07-24T05:15:00Z,2026-07-24T07:15:00+0200,16.412,MW,NL,NL,actual_offshore_wind_generation,Wind Offshore | Actual Consumption,2026-08-17T17:16:10Z
2026-08-17T17:12:16Z,2026-08-17T19:12:16+0200,f372a1fc-a0b6-48c3-b979-dc927b00239d,2026-07-24T05:30:00Z,2026-07-24T07:30:00+0200,78.433,MW,NL,NL,actual_offshore_wind_generation,Wind Offshore | Actual Aggregated,2026-08-17T17:16:10Z
2026-08-17T17:12:16Z,2026-08-17T19:12:16+0200,f372a1fc-a0b6-48c3-b979-dc927b00239d,2026-07-24T05:30:00Z,2026-07-24T07:30:00+0200,16.549,MW,NL,NL,actual_offshore_wind_generation,Wind Offshore | Actual Consumption,2026-08-17T17:16:10Z
2026-08-17T17:12:16Z,2026-08-17T19:12:16+0200,f372a1fc-a0b6-48c3-b979-dc927b00239d,2026-07-24T05:45:00Z,2026-07-24T07:45:00+0200,90.701,MW,NL,NL,actual_offshore_wind_generation,Wind Offshore | Actual Aggregated,2026-08-17T17:16:10Z
2026-08-17T17:12:16Z,2026-08-17T19:12:16+0200,f372a1fc-a0b6-48c3-b979-dc927b00239d,2026-07-24T05:45:00Z,2026-07-24T07:45:00+0200,14.216,MW,NL,NL,actual_offshore_wind_generation,Wind Offshore | Actual Consumption,2026-08-17T17:16:10Z
2026-08-17T17:12:16Z,2026-08-17T19:12:16+0200,f372a1fc-a0b6-48c3-b979-dc927b00239d,2026-07-24T06:00:00Z,2026-07-24T08:00:00+0200,98.441,MW,NL,NL,actual_offshore_wind_generation,Wind Offshore | Actual Aggregated,2026-08-17T17:16:10Z
2026-08-17T17:12:16Z,2026-08-17T19:12:16+0200,f372a1fc-a0b6-48c3-b979-dc927b00239d,2026-07-24T06:00:00Z,2026-07-24T08:00:00+0200,13.528,MW,NL,NL,actual_offshore_wind_generation,Wind Offshore | Actual Consumption,2026-08-17T17:16:10Z
2026-08-17T17:12:16Z,2026-08-17T19:12:16+0200,f372a1fc-a0b6-48c3-b979-dc927b00239d,2026-07-24T06:15:00Z,2026-07-24T08:15:00+0200,89.425,MW,NL,NL,actual_offshore_wind_generation,Wind Offshore | Actual Aggregated,2026-08-17T17:16:10Z
2026-08-17T17:12:16Z,2026-08-17T19:12:16+0200,f372a1fc-a0b6-48c3-b979-dc927b00239d,2026-07-24T06:15:00Z,2026-07-24T08:15:00+0200,9.483,MW,NL,NL,actual_offshore_wind_generation,Wind Offshore | Actual Consumption,2026-08-17T17:16:10Z
2026-08-17T17:12:16Z,2026-08-17T19:12:16+0200,f372a1fc-a0b6-48c3-b979-dc927b00239d,2026-07-24T06:30:00Z,2026-07-24T08:30:00+0200,64.969,MW,NL,NL,actual_offshore_wind_generation,Wind Offshore | Actual Aggregated,2026-08-17T17:16:10Z
2026-08-17T17:12:16Z,2026-08-17T19:12:16+0200,f372a1fc-a0b6-48c3-b979-dc927b00239d,2026-07-24T06:30:00Z,2026-07-24T08:30:00+0200,13.12,MW,NL,NL,actual_offshore_wind_generation,Wind Offshore | Actual Consumption,2026-08-17T17:16:10Z
2026-08-17T17:12:16Z,2026-08-17T19:12:16+0200,f372a1fc-a0b6-48c3-b979-dc927b00239d,2026-07-24T06:45:00Z,2026-07-24T08:45:00+0200,52.15,MW,NL,NL,actual_offshore_wind_generation,Wind Offshore | Actual Aggregated,2026-08-17T17:16:10Z
2026-08-17T17:12:16Z,2026-08-17T19:12:16+0200,f372a1fc-a0b6-48c3-b979-dc927b00239d,2026-07-24T06:45:00Z,2026-07-24T08:45:00+0200,16.371,MW,NL,NL,actual_offshore_wind_generation,Wind Offshore | Actual Consumption,2026-08-17T17:16:10Z
2026-08-17T17:12:16Z,2026-08-17T19:12:16+0200,f372a1fc-a0b6-48c3-b979-dc927b00239d,2026-07-24T07:00:00Z,2026-07-24T09:00:00+0200,39.797,MW,NL,NL,actual_offshore_wind_generation,Wind Offshore | Actual Aggregated,2026-08-17T17:16:10Z
2026-08-17T17:12:16Z,2026-08-17T19:12:16+0200,f372a1fc-a0b6-48c3-b979-dc927b00239d,2026-07-24T07:00:00Z,2026-07-24T09:00:00+0200,21.743,MW,NL,NL,actual_offshore_wind_generation,Wind Offshore | Actual Consumption,2026-08-17T17:16:10Z
2026-08-17T17:12:16Z,2026-08-17T19:12:16+0200,f372a1fc-a0b6-48c3-b979-dc927b00239d,2026-07-24T07:15:00Z,2026-07-24T09:15:00+0200,31.697,MW,NL,NL,actual_offshore_wind_generation,Wind Offshore | Actual Aggregated,2026-08-17T17:16:10Z
2026-08-17T17:12:16Z,2026-08-17T19:12:16+0200,f372a1fc-a0b6-48c3-b979-dc927b00239d,2026-07-24T07:15:00Z,2026-07-24T09:15:00+0200,21.825,MW,NL,NL,actual_offshore_wind_generation,Wind Offshore | Actual Consumption,2026-08-17T17:16:10Z
2026-08-17T17:12:16Z,2026-08-17T19:12:16+0200,f372a1fc-a0b6-48c3-b979-dc927b00239d,2026-07-24T07:30:00Z,2026-07-24T09:30:00+0200,24.415,MW,NL,NL,actual_offshore_wind_generation,Wind Offshore | Actual Aggregated,2026-08-17T17:16:10Z
2026-08-17T17:12:16Z,2026-08-17T19:12:16+0200,f372a1fc-a0b6-48c3-b979-dc927b00239d,2026-07-24T07:30:00Z,2026-07-24T09:30:00+0200,22.005,MW,NL,NL,actual_offshore_wind_generation,Wind Offshore | Actual Consumption,2026-08-17T17:16:10Z
2026-08-17T17:12:16Z,2026-08-17T19:12:16+0200,f372a1fc-a0b6-48c3-b979-dc927b00239d,2026-07-24T07:45:00Z,2026-07-24T09:45:00+0200,18.217,MW,NL,NL,actual_offshore_wind_generation,Wind Offshore | Actual Aggregated,2026-08-17T17:16:10Z
2026-08-17T17:12:16Z,2026-08-17T19:12:16+0200,f372a1fc-a0b6-48c3-b979-dc927b00239d,2026-07-24T07:45:00Z,2026-07-24T09:45:00+0200,22.403,MW,NL,NL,actual_offshore_wind_generation,Wind Offshore | Actual Consumption,2026-08-17T17:16:10Z
2026-08-17T17:12:16Z,2026-08-17T19:12:16+0200,f372a1fc-a0b6-48c3-b979-dc927b00239d,2026-07-24T08:00:00Z,2026-07-24T10:00:00+0200,28.16,MW,NL,NL,actual_offshore_wind_generation,Wind Offshore | Actual Aggregated,2026-08-17T17:16:10Z
2026-08-17T17:12:16Z,2026-08-17T19:12:16+0200,f372a1fc-a0b6-48c3-b979-dc927b00239d,2026-07-24T08:00:00Z,2026-07-24T10:00:00+0200,20.436,MW,NL,NL,actual_offshore_wind_generation,Wind Offshore | Actual Consumption,2026-08-17T17:16:10Z
2026-08-17T17:12:16Z,2026-08-17T19:12:16+0200,f372a1fc-a0b6-48c3-b979-dc927b00239d,2026-07-24T08:15:00Z,2026-07-24T10:15:00+0200,33.539,MW,NL,NL,actual_offshore_wind_generation,Wind Offshore | Actual Aggregated,2026-08-17T17:16:10Z
2026-08-17T17:12:16Z,2026-08-17T19:12:16+0200,f372a1fc-a0b6-48c3-b979-dc927b00239d,2026-07-24T08:15:00Z,2026-07-24T10:15:00+0200,18.013,MW,NL,NL,actual_offshore_wind_generation,Wind Offshore | Actual Consumption,2026-08-17T17:16:10Z
2026-08-17T17:12:16Z,2026-08-17T19:12:16+0200,f372a1fc-a0b6-48c3-b979-dc927b00239d,2026-07-24T08:30:00Z,2026-07-24T10:30:00+0200,37.469,MW,NL,NL,actual_offshore_wind_generation,Wind Offshore | Actual Aggregated,2026-08-17T17:16:10Z
2026-08-17T17:12:16Z,2026-08-17T19:12:16+0200,f372a1fc-a0b6-48c3-b979-dc927b00239d,2026-07-24T08:30:00Z,2026-07-24T10:30:00+0200,16.866,MW,NL,NL,actual_offshore_wind_generation,Wind Offshore | Actual Consumption,2026-08-17T17:16:10Z
2026-08-17T17:12:16Z,2026-08-17T19:12:16+0200,f372a1fc-a0b6-48c3-b979-dc927b00239d,2026-07-24T08:45:00Z,2026-07-24T10:45:00+0200,35.55,MW,NL,NL,actual_offshore_wind_generation,Wind Offshore | Actual Aggregated,2026-08-17T17:16:10Z
2026-08-17T17:12:16Z,2026-08-17T19:12:16+0200,f372a1fc-a0b6-48c3-b979-dc927b00239d,2026-07-24T08:45:00Z,2026-07-24T10:45:00+0200,14.59,MW,NL,NL,actual_offshore_wind_generation,Wind Offshore | Actual Consumption,2026-08-17T17:16:10Z
2026-08-17T17:12:16Z,2026-08-17T19:12:16+0200,f372a1fc-a0b6-48c3-b979-dc927b00239d,2026-07-24T09:00:00Z,2026-07-24T11:00:00+0200,39.521,MW,NL,NL,actual_offshore_wind_generation,Wind Offshore | Actual Aggregated,2026-08-17T17:16:10Z
2026-08-17T17:12:16Z,2026-08-17T19:12:16+0200,f372a1fc-a0b6-48c3-b979-dc927b00239d,2026-07-24T09:00:00Z,2026-07-24T11:00:00+0200,13.639,MW,NL,NL,actual_offshore_wind_generation,Wind Offshore | Actual Consumption,2026-08-17T17:16:10Z
2026-08-17T17:12:16Z,2026-08-17T19:12:16+0200,f372a1fc-a0b6-48c3-b979-dc927b00239d,2026-07-24T09:15:00Z,2026-07-24T11:15:00+0200,47.759,MW,NL,NL,actual_offshore_wind_generation,Wind Offshore | Actual Aggregated,2026-08-17T17:16:10Z
2026-08-17T17:12:16Z,2026-08-17T19:12:16+0200,f372a1fc-a0b6-48c3-b979-dc927b00239d,2026-07-24T09:15:00Z,2026-07-24T11:15:00+0200,10.026,MW,NL,NL,actual_offshore_wind_generation,Wind Offshore | Actual Consumption,2026-08-17T17:16:10Z
2026-08-17T17:12:16Z,2026-08-17T19:12:16+0200,f372a1fc-a0b6-48c3-b979-dc927b00239d,2026-07-24T09:30:00Z,2026-07-24T11:30:00+0200,54.22,MW,NL,NL,actual_offshore_wind_generation,Wind Offshore | Actual Aggregated,2026-08-17T17:16:10Z
2026-08-17T17:12:16Z,2026-08-17T19:12:16+0200,f372a1fc-a0b6-48c3-b979-dc927b00239d,2026-07-24T09:30:00Z,2026-07-24T11:30:00+0200,7.933,MW,NL,NL,actual_offshore_wind_generation,Wind Offshore | Actual Consumption,2026-08-17T17:16:10Z
2026-08-17T17:12:16Z,2026-08-17T19:12:16+0200,f372a1fc-a0b6-48c3-b979-dc927b00239d,2026-07-24T09:45:00Z,2026-07-24T11:45:00+0200,70.914,MW,NL,NL,actual_offshore_wind_generation,Wind Offshore | Actual Aggregated,2026-08-17T17:16:10Z
2026-08-17T17:12:16Z,2026-08-17T19:12:16+0200,f372a1fc-a0b6-48c3-b979-dc927b00239d,2026-07-24T09:45:00Z,2026-07-24T11:45:00+0200,8.539,MW,NL,NL,actual_offshore_wind_generation,Wind Offshore | Actual Consumption,2026-08-17T17:16:10Z
2026-08-17T17:12:16Z,2026-08-17T19:12:16+0200,f372a1fc-a0b6-48c3-b979-dc927b00239d,2026-07-24T10:00:00Z,2026-07-24T12:00:00+0200,80.657,MW,NL,NL,actual_offshore_wind_generation,Wind Offshore | Actual Aggregated,2026-08-17T17:16:10Z
2026-08-17T17:12:16Z,2026-08-17T19:12:16+0200,f372a1fc-a0b6-48c3-b979-dc927b00239d,2026-07-24T10:00:00Z,2026-07-24T12:00:00+0200,5.661,MW,NL,NL,actual_offshore_wind_generation,Wind Offshore | Actual Consumption,2026-08-17T17:16:10Z
2026-08-17T17:12:16Z,2026-08-17T19:12:16+0200,f372a1fc-a0b6-48c3-b979-dc927b00239d,2026-07-24T10:15:00Z,2026-07-24T12:15:00+0200,79.818,MW,NL,NL,actual_offshore_wind_generation,Wind Offshore | Actual Aggregated,2026-08-17T17:16:10Z
2026-08-17T17:12:16Z,2026-08-17T19:12:16+0200,f372a1fc-a0b6-48c3-b979-dc927b00239d,2026-07-24T10:15:00Z,2026-07-24T12:15:00+0200,6.051,MW,NL,NL,actual_offshore_wind_generation,Wind Offshore | Actual Consumption,2026-08-17T17:16:10Z
2026-08-17T17:12:16Z,2026-08-17T19:12:16+0200,f372a1fc-a0b6-48c3-b979-dc927b00239d,2026-07-24T10:30:00Z,2026-07-24T12:30:00+0200,87.3,MW,NL,NL,actual_offshore_wind_generation,Wind Offshore | Actual Aggregated,2026-08-17T17:16:10Z
2026-08-17T17:12:16Z,2026-08-17T19:12:16+0200,f372a1fc-a0b6-48c3-b979-dc927b00239d,2026-07-24T10:30:00Z,2026-07-24T12:30:00+0200,3.264,MW,NL,NL,actual_offshore_wind_generation,Wind Offshore | Actual Consumption,2026-08-17T17:16:10Z
2026-08-17T17:12:16Z,2026-08-17T19:12:16+0200,f372a1fc-a0b6-48c3-b979-dc927b00239d,2026-07-24T10:45:00Z,2026-07-24T12:45:00+0200,56.703,MW,NL,NL,actual_offshore_wind_generation,Wind Offshore | Actual Aggregated,2026-08-17T17:16:10Z
2026-08-17T17:12:16Z,2026-08-17T19:12:16+0200,f372a1fc-a0b6-48c3-b979-dc927b00239d,2026-07-24T10:45:00Z,2026-07-24T12:45:00+0200,1.856,MW,NL,NL,actual_offshore_wind_generation,Wind Offshore | Actual Consumption,2026-08-17T17:16:10Z
2026-08-17T17:12:16Z,2026-08-17T19:12:16+0200,f372a1fc-a0b6-48c3-b979-dc927b00239d,2026-07-24T11:00:00Z,2026-07-24T13:00:00+0200,44.044,MW,NL,NL,actual_offshore_wind_generation,Wind Offshore | Actual Aggregated,2026-08-17T17:16:10Z
2026-08-17T17:12:16Z,2026-08-17T19:12:16+0200,f372a1fc-a0b6-48c3-b979-dc927b00239d,2026-07-24T11:00:00Z,2026-07-24T13:00:00+0200,2.76,MW,NL,NL,actual_offshore_wind_generation,Wind Offshore | Actual Consumption,2026-08-17T17:16:10Z
2026-08-17T17:12:16Z,2026-08-17T19:12:16+0200,f372a1fc-a0b6-48c3-b979-dc927b00239d,2026-07-24T11:15:00Z,2026-07-24T13:15:00+0200,60.924,MW,NL,NL,actual_offshore_wind_generation,Wind Offshore | Actual Aggregated,2026-08-17T17:16:10Z
2026-08-17T17:12:16Z,2026-08-17T19:12:16+0200,f372a1fc-a0b6-48c3-b979-dc927b00239d,2026-07-24T11:15:00Z,2026-07-24T13:15:00+0200,3.973,MW,NL,NL,actual_offshore_wind_generation,Wind Offshore | Actual Consumption,2026-08-17T17:16:10Z
2026-08-17T17:12:16Z,2026-08-17T19:12:16+0200,f372a1fc-a0b6-48c3-b979-dc927b00239d,2026-07-24T11:30:00Z,2026-07-24T13:30:00+0200,54.894,MW,NL,NL,actual_offshore_wind_generation,Wind Offshore | Actual Aggregated,2026-08-17T17:16:10Z
2026-08-17T17:12:16Z,2026-08-17T19:12:16+0200,f372a1fc-a0b6-48c3-b979-dc927b00239d,2026-07-24T11:30:00Z,2026-07-24T13:30:00+0200,6.601,MW,NL,NL,actual_offshore_wind_generation,Wind Offshore | Actual Consumption,2026-08-17T17:16:10Z
2026-08-17T17:12:16Z,2026-08-17T19:12:16+0200,f372a1fc-a0b6-48c3-b979-dc927b00239d,2026-07-24T11:45:00Z,2026-07-24T13:45:00+0200,68.164,MW,NL,NL,actual_offshore_wind_generation,Wind Offshore | Actual Aggregated,2026-08-17T17:16:10Z
2026-08-17T17:12:16Z,2026-08-17T19:12:16+0200,f372a1fc-a0b6-48c3-b979-dc927b00239d,2026-07-24T11:45:00Z,2026-07-24T13:45:00+0200,6.556,MW,NL,NL,actual_offshore_wind_generation,Wind Offshore | Actual Consumption,2026-08-17T17:16:10Z
2026-08-17T17:12:16Z,2026-08-17T19:12:16+0200,f372a1fc-a0b6-48c3-b979-dc927b00239d,2026-07-24T12:00:00Z,2026-07-24T14:00:00+0200,103.577,MW,NL,NL,actual_offshore_wind_generation,Wind Offshore | Actual Aggregated,2026-08-17T17:16:10Z
2026-08-17T17:12:16Z,2026-08-17T19:12:16+0200,f372a1fc-a0b6-48c3-b979-dc927b00239d,2026-07-24T12:00:00Z,2026-07-24T14:00:00+0200,6.474,MW,NL,NL,actual_offshore_wind_generation,Wind Offshore | Actual Consumption,2026-08-17T17:16:10Z
2026-08-17T17:12:16Z,2026-08-17T19:12:16+0200,f372a1fc-a0b6-48c3-b979-dc927b00239d,2026-07-24T12:15:00Z,2026-07-24T14:15:00+0200,161.206,MW,NL,NL,actual_offshore_wind_generation,Wind Offshore | Actual Aggregated,2026-08-17T17:16:10Z
2026-08-17T17:12:16Z,2026-08-17T19:12:16+0200,f372a1fc-a0b6-48c3-b979-dc927b00239d,2026-07-24T12:15:00Z,2026-07-24T14:15:00+0200,6.272,MW,NL,NL,actual_offshore_wind_generation,Wind Offshore | Actual Consumption,2026-08-17T17:16:10Z
2026-08-17T17:12:16Z,2026-08-17T19:12:16+0200,f372a1fc-a0b6-48c3-b979-dc927b00239d,2026-07-24T12:30:00Z,2026-07-24T14:30:00+0200,162.328,MW,NL,NL,actual_offshore_wind_generation,Wind Offshore | Actual Aggregated,2026-08-17T17:16:10Z
2026-08-17T17:12:16Z,2026-08-17T19:12:16+0200,f372a1fc-a0b6-48c3-b979-dc927b00239d,2026-07-24T12:30:00Z,2026-07-24T14:30:00+0200,12.045,MW,NL,NL,actual_offshore_wind_generation,Wind Offshore | Actual Consumption,2026-08-17T17:16:10Z
2026-08-17T17:12:16Z,2026-08-17T19:12:16+0200,f372a1fc-a0b6-48c3-b979-dc927b00239d,2026-07-24T12:45:00Z,2026-07-24T14:45:00+0200,104.87,MW,NL,NL,actual_offshore_wind_generation,Wind Offshore | Actual Aggregated,2026-08-17T17:16:10Z
2026-08-17T17:12:16Z,2026-08-17T19:12:16+0200,f372a1fc-a0b6-48c3-b979-dc927b00239d,2026-07-24T12:45:00Z,2026-07-24T14:45:00+0200,15.614,MW,NL,NL,actual_offshore_wind_generation,Wind Offshore | Actual Consumption,2026-08-17T17:16:10Z
2026-08-17T17:12:16Z,2026-08-17T19:12:16+0200,f372a1fc-a0b6-48c3-b979-dc927b00239d,2026-07-24T13:00:00Z,2026-07-24T15:00:00+0200,84.22,MW,NL,NL,actual_offshore_wind_generation,Wind Offshore | Actual Aggregated,2026-08-17T17:16:10Z
2026-08-17T17:12:16Z,2026-08-17T19:12:16+0200,f372a1fc-a0b6-48c3-b979-dc927b00239d,2026-07-24T13:00:00Z,2026-07-24T15:00:00+0200,15.126,MW,NL,NL,actual_offshore_wind_generation,Wind Offshore | Actual Consumption,2026-08-17T17:16:10Z
2026-08-17T17:12:16Z,2026-08-17T19:12:16+0200,f372a1fc-a0b6-48c3-b979-dc927b00239d,2026-07-24T13:15:00Z,2026-07-24T15:15:00+0200,110.592,MW,NL,NL,actual_offshore_wind_generation,Wind Offshore | Actual Aggregated,2026-08-17T17:16:10Z
2026-08-17T17:12:16Z,2026-08-17T19:12:16+0200,f372a1fc-a0b6-48c3-b979-dc927b00239d,2026-07-24T13:15:00Z,2026-07-24T15:15:00+0200,17.826,MW,NL,NL,actual_offshore_wind_generation,Wind Offshore | Actual Consumption,2026-08-17T17:16:10Z
2026-08-17T17:12:16Z,2026-08-17T19:12:16+0200,f372a1fc-a0b6-48c3-b979-dc927b00239d,2026-07-24T13:30:00Z,2026-07-24T15:30:00+0200,147.685,MW,NL,NL,actual_offshore_wind_generation,Wind Offshore | Actual Aggregated,2026-08-17T17:16:10Z
2026-08-17T17:12:16Z,2026-08-17T19:12:16+0200,f372a1fc-a0b6-48c3-b979-dc927b00239d,2026-07-24T13:30:00Z,2026-07-24T15:30:00+0200,18.9,MW,NL,NL,actual_offshore_wind_generation,Wind Offshore | Actual Consumption,2026-08-17T17:16:10Z
2026-08-17T17:12:16Z,2026-08-17T19:12:16+0200,f372a1fc-a0b6-48c3-b979-dc927b00239d,2026-07-24T13:45:00Z,2026-07-24T15:45:00+0200,168.198,MW,NL,NL,actual_offshore_wind_generation,Wind Offshore | Actual Aggregated,2026-08-17T17:16:10Z
2026-08-17T17:12:16Z,2026-08-17T19:12:16+0200,f372a1fc-a0b6-48c3-b979-dc927b00239d,2026-07-24T13:45:00Z,2026-07-24T15:45:00+0200,25.572,MW,NL,NL,actual_offshore_wind_generation,Wind Offshore | Actual Consumption,2026-08-17T17:16:10Z
2026-08-17T17:12:16Z,2026-08-17T19:12:16+0200,f372a1fc-a0b6-48c3-b979-dc927b00239d,2026-07-24T14:00:00Z,2026-07-24T16:00:00+0200,163.431,MW,NL,NL,actual_offshore_wind_generation,Wind Offshore | Actual Aggregated,2026-08-17T17:16:10Z
2026-08-17T17:12:16Z,2026-08-17T19:12:16+0200,f372a1fc-a0b6-48c3-b979-dc927b00239d,2026-07-24T14:00:00Z,2026-07-24T16:00:00+0200,25.413,MW,NL,NL,actual_offshore_wind_generation,Wind Offshore | Actual Consumption,2026-08-17T17:16:10Z
2026-08-17T17:12:16Z,2026-08-17T19:12:16+0200,f372a1fc-a0b6-48c3-b979-dc927b00239d,2026-07-24T14:15:00Z,2026-07-24T16:15:00+0200,139.501,MW,NL,NL,actual_offshore_wind_generation,Wind Offshore | Actual Aggregated,2026-08-17T17:16:10Z
2026-08-17T17:12:16Z,2026-08-17T19:12:16+0200,f372a1fc-a0b6-48c3-b979-dc927b00239d,2026-07-24T14:15:00Z,2026-07-24T16:15:00+0200,26.022,MW,NL,NL,actual_offshore_wind_generation,Wind Offshore | Actual Consumption,2026-08-17T17:16:10Z
2026-08-17T17:12:16Z,2026-08-17T19:12:16+0200,f372a1fc-a0b6-48c3-b979-dc927b00239d,2026-07-24T14:30:00Z,2026-07-24T16:30:00+0200,130.466,MW,NL,NL,actual_offshore_wind_generation,Wind Offshore | Actual Aggregated,2026-08-17T17:16:10Z
2026-08-17T17:12:16Z,2026-08-17T19:12:16+0200,f372a1fc-a0b6-48c3-b979-dc927b00239d,2026-07-24T14:30:00Z,2026-07-24T16:30:00+0200,25.423,MW,NL,NL,actual_offshore_wind_generation,Wind Offshore | Actual Consumption,2026-08-17T17:16:10Z
2026-08-17T17:12:16Z,2026-08-17T19:12:16+0200,f372a1fc-a0b6-48c3-b979-dc927b00239d,2026-07-24T14:45:00Z,2026-07-24T16:45:00+0200,138.737,MW,NL,NL,actual_offshore_wind_generation,Wind Offshore | Actual Aggregated,2026-08-17T17:16:10Z
2026-08-17T17:12:16Z,2026-08-17T19:12:16+0200,f372a1fc-a0b6-48c3-b979-dc927b00239d,2026-07-24T14:45:00Z,2026-07-24T16:45:00+0200,25.93,MW,NL,NL,actual_offshore_wind_generation,Wind Offshore | Actual Consumption,2026-08-17T17:16:10Z
2026-08-17T17:12:16Z,2026-08-17T19:12:16+0200,f372a1fc-a0b6-48c3-b979-dc927b00239d,2026-07-24T15:00:00Z,2026-07-24T17:00:00+0200,145.196,MW,NL,NL,actual_offshore_wind_generation,Wind Offshore | Actual Aggregated,2026-08-17T17:16:10Z
2026-08-17T17:12:16Z,2026-08-17T19:12:16+0200,f372a1fc-a0b6-48c3-b979-dc927b00239d,2026-07-24T15:00:00Z,2026-07-24T17:00:00+0200,24.796,MW,NL,NL,actual_offshore_wind_generation,Wind Offshore | Actual Consumption,2026-08-17T17:16:10Z
2026-08-17T17:12:16Z,2026-08-17T19:12:16+0200,f372a1fc-a0b6-48c3-b979-dc927b00239d,2026-07-24T15:15:00Z,2026-07-24T17:15:00+0200,147.118,MW,NL,NL,actual_offshore_wind_generation,Wind Offshore | Actual Aggregated,2026-08-17T17:16:10Z
2026-08-17T17:12:16Z,2026-08-17T19:12:16+0200,f372a1fc-a0b6-48c3-b979-dc927b00239d,2026-07-24T15:15:00Z,2026-07-24T17:15:00+0200,23.87,MW,NL,NL,actual_offshore_wind_generation,Wind Offshore | Actual Consumption,2026-08-17T17:16:10Z
2026-08-17T17:12:16Z,2026-08-17T19:12:16+0200,f372a1fc-a0b6-48c3-b979-dc927b00239d,2026-07-24T15:30:00Z,2026-07-24T17:30:00+0200,138.607,MW,NL,NL,actual_offshore_wind_generation,Wind Offshore | Actual Aggregated,2026-08-17T17:16:10Z
2026-08-17T17:12:16Z,2026-08-17T19:12:16+0200,f372a1fc-a0b6-48c3-b979-dc927b00239d,2026-07-24T15:30:00Z,2026-07-24T17:30:00+0200,24.239,MW,NL,NL,actual_offshore_wind_generation,Wind Offshore | Actual Consumption,2026-08-17T17:16:10Z
2026-08-17T17:12:16Z,2026-08-17T19:12:16+0200,f372a1fc-a0b6-48c3-b979-dc927b00239d,2026-07-24T15:45:00Z,2026-07-24T17:45:00+0200,146.527,MW,NL,NL,actual_offshore_wind_generation,Wind Offshore | Actual Aggregated,2026-08-17T17:16:10Z
2026-08-17T17:12:16Z,2026-08-17T19:12:16+0200,f372a1fc-a0b6-48c3-b979-dc927b00239d,2026-07-24T15:45:00Z,2026-07-24T17:45:00+0200,25.389,MW,NL,NL,actual_offshore_wind_generation,Wind Offshore | Actual Consumption,2026-08-17T17:16:10Z
2026-08-17T17:12:16Z,2026-08-17T19:12:16+0200,f372a1fc-a0b6-48c3-b979-dc927b00239d,2026-07-24T16:00:00Z,2026-07-24T18:00:00+0200,151.422,MW,NL,NL,actual_offshore_wind_generation,Wind Offshore | Actual Aggregated,2026-08-17T17:16:10Z
2026-08-17T17:12:16Z,2026-08-17T19:12:16+0200,f372a1fc-a0b6-48c3-b979-dc927b00239d,2026-07-24T16:00:00Z,2026-07-24T18:00:00+0200,20.048,MW,NL,NL,actual_offshore_wind_generation,Wind Offshore | Actual Consumption,2026-08-17T17:16:10Z
2026-08-17T17:12:16Z,2026-08-17T19:12:16+0200,f372a1fc-a0b6-48c3-b979-dc927b00239d,2026-07-24T16:15:00Z,2026-07-24T18:15:00+0200,146.062,MW,NL,NL,actual_offshore_wind_generation,Wind Offshore | Actual Aggregated,2026-08-17T17:16:10Z
2026-08-17T17:12:16Z,2026-08-17T19:12:16+0200,f372a1fc-a0b6-48c3-b979-dc927b00239d,2026-07-24T16:15:00Z,2026-07-24T18:15:00+0200,18.785,MW,NL,NL,actual_offshore_wind_generation,Wind Offshore | Actual Consumption,2026-08-17T17:16:10Z
2026-08-17T17:12:16Z,2026-08-17T19:12:16+0200,f372a1fc-a0b6-48c3-b979-dc927b00239d,2026-07-24T16:30:00Z,2026-07-24T18:30:00+0200,136.559,MW,NL,NL,actual_offshore_wind_generation,Wind Offshore | Actual Aggregated,2026-08-17T17:16:10Z
2026-08-17T17:12:16Z,2026-08-17T19:12:16+0200,f372a1fc-a0b6-48c3-b979-dc927b00239d,2026-07-24T16:30:00Z,2026-07-24T18:30:00+0200,17.784,MW,NL,NL,actual_offshore_wind_generation,Wind Offshore | Actual Consumption,2026-08-17T17:16:10Z
2026-08-17T17:12:16Z,2026-08-17T19:12:16+0200,f372a1fc-a0b6-48c3-b979-dc927b00239d,2026-07-24T16:45:00Z,2026-07-24T18:45:00+0200,136.363,MW,NL,NL,actual_offshore_wind_generation,Wind Offshore | Actual Aggregated,2026-08-17T17:16:10Z
2026-08-17T17:12:16Z,2026-08-17T19:12:16+0200,f372a1fc-a0b6-48c3-b979-dc927b00239d,2026-07-24T16:45:00Z,2026-07-24T18:45:00+0200,17.983,MW,NL,NL,actual_offshore_wind_generation,Wind Offshore | Actual Consumption,2026-08-17T17:16:10Z
2026-08-17T17:12:16Z,2026-08-17T19:12:16+0200,f372a1fc-a0b6-48c3-b979-dc927b00239d,2026-07-24T17:00:00Z,2026-07-24T19:00:00+0200,130.389,MW,NL,NL,actual_offshore_wind_generation,Wind Offshore | Actual Aggregated,2026-08-17T17:16:10Z
2026-08-17T17:12:16Z,2026-08-17T19:12:16+0200,f372a1fc-a0b6-48c3-b979-dc927b00239d,2026-07-24T17:00:00Z,2026-07-24T19:00:00+0200,16.446,MW,NL,NL,actual_offshore_wind_generation,Wind Offshore | Actual Consumption,2026-08-17T17:16:10Z
2026-08-17T17:12:16Z,2026-08-17T19:12:16+0200,f372a1fc-a0b6-48c3-b979-dc927b00239d,2026-07-24T17:15:00Z,2026-07-24T19:15:00+0200,138.508,MW,NL,NL,actual_offshore_wind_generation,Wind Offshore | Actual Aggregated,2026-08-17T17:16:10Z
2026-08-17T17:12:16Z,2026-08-17T19:12:16+0200,f372a1fc-a0b6-48c3-b979-dc927b00239d,2026-07-24T17:15:00Z,2026-07-24T19:15:00+0200,17.728,MW,NL,NL,actual_offshore_wind_generation,Wind Offshore | Actual Consumption,2026-08-17T17:16:10Z
2026-08-17T17:12:16Z,2026-08-17T19:12:16+0200,f372a1fc-a0b6-48c3-b979-dc927b00239d,2026-07-24T17:30:00Z,2026-07-24T19:30:00+0200,144.774,MW,NL,NL,actual_offshore_wind_generation,Wind Offshore | Actual Aggregated,2026-08-17T17:16:10Z
2026-08-17T17:12:16Z,2026-08-17T19:12:16+0200,f372a1fc-a0b6-48c3-b979-dc927b00239d,2026-07-24T17:30:00Z,2026-07-24T19:30:00+0200,16.828,MW,NL,NL,actual_offshore_wind_generation,Wind Offshore | Actual Consumption,2026-08-17T17:16:10Z
2026-08-17T17:12:16Z,2026-08-17T19:12:16+0200,f372a1fc-a0b6-48c3-b979-dc927b00239d,2026-07-24T17:45:00Z,2026-07-24T19:45:00+0200,164.596,MW,NL,NL,actual_offshore_wind_generation,Wind Offshore | Actual Aggregated,2026-08-17T17:16:10Z
2026-08-17T17:12:16Z,2026-08-17T19:12:16+0200,f372a1fc-a0b6-48c3-b979-dc927b00239d,2026-07-24T17:45:00Z,2026-07-24T19:45:00+0200,15.033,MW,NL,NL,actual_offshore_wind_generation,Wind Offshore | Actual Consumption,2026-08-17T17:16:10Z
2026-08-17T17:12:16Z,2026-08-17T19:12:16+0200,f372a1fc-a0b6-48c3-b979-dc927b00239d,2026-07-24T18:00:00Z,2026-07-24T20:00:00+0200,175.572,MW,NL,NL,actual_offshore_wind_generation,Wind Offshore | Actual Aggregated,2026-08-17T17:16:10Z
2026-08-17T17:12:16Z,2026-08-17T19:12:16+0200,f372a1fc-a0b6-48c3-b979-dc927b00239d,2026-07-24T18:00:00Z,2026-07-24T20:00:00+0200,10.654,MW,NL,NL,actual_offshore_wind_generation,Wind Offshore | Actual Consumption,2026-08-17T17:16:10Z
2026-08-17T17:12:16Z,2026-08-17T19:12:16+0200,f372a1fc-a0b6-48c3-b979-dc927b00239d,2026-07-24T18:15:00Z,2026-07-24T20:15:00+0200,190.651,MW,NL,NL,actual_offshore_wind_generation,Wind Offshore | Actual Aggregated,2026-08-17T17:16:10Z
2026-08-17T17:12:16Z,2026-08-17T19:12:16+0200,f372a1fc-a0b6-48c3-b979-dc927b00239d,2026-07-24T18:15:00Z,2026-07-24T20:15:00+0200,7.031,MW,NL,NL,actual_offshore_wind_generation,Wind Offshore | Actual Consumption,2026-08-17T17:16:10Z
2026-08-17T17:12:16Z,2026-08-17T19:12:16+0200,f372a1fc-a0b6-48c3-b979-dc927b00239d,2026-07-24T18:30:00Z,2026-07-24T20:30:00+0200,189.607,MW,NL,NL,actual_offshore_wind_generation,Wind Offshore | Actual Aggregated,2026-08-17T17:16:10Z
2026-08-17T17:12:16Z,2026-08-17T19:12:16+0200,f372a1fc-a0b6-48c3-b979-dc927b00239d,2026-07-24T18:30:00Z,2026-07-24T20:30:00+0200,7.076,MW,NL,NL,actual_offshore_wind_generation,Wind Offshore | Actual Consumption,2026-08-17T17:16:10Z
2026-08-17T17:12:16Z,2026-08-17T19:12:16+0200,f372a1fc-a0b6-48c3-b979-dc927b00239d,2026-07-24T18:45:00Z,2026-07-24T20:45:00+0200,178.923,MW,NL,NL,actual_offshore_wind_generation,Wind Offshore | Actual Aggregated,2026-08-17T17:16:10Z
2026-08-17T17:12:16Z,2026-08-17T19:12:16+0200,f372a1fc-a0b6-48c3-b979-dc927b00239d,2026-07-24T18:45:00Z,2026-07-24T20:45:00+0200,10.608,MW,NL,NL,actual_offshore_wind_generation,Wind Offshore | Actual Consumption,2026-08-17T17:16:10Z
2026-08-17T17:12:16Z,2026-08-17T19:12:16+0200,f372a1fc-a0b6-48c3-b979-dc927b00239d,2026-07-24T19:00:00Z,2026-07-24T21:00:00+0200,171.851,MW,NL,NL,actual_offshore_wind_generation,Wind Offshore | Actual Aggregated,2026-08-17T17:16:10Z
2026-08-17T17:12:16Z,2026-08-17T19:12:16+0200,f372a1fc-a0b6-48c3-b979-dc927b00239d,2026-07-24T19:00:00Z,2026-07-24T21:00:00+0200,12.781,MW,NL,NL,actual_offshore_wind_generation,Wind Offshore | Actual Consumption,2026-08-17T17:16:10Z
2026-08-17T17:12:16Z,2026-08-17T19:12:16+0200,f372a1fc-a0b6-48c3-b979-dc927b00239d,2026-07-24T19:15:00Z,2026-07-24T21:15:00+0200,173.392,MW,NL,NL,actual_offshore_wind_generation,Wind Offshore | Actual Aggregated,2026-08-17T17:16:10Z
2026-08-17T17:12:16Z,2026-08-17T19:12:16+0200,f372a1fc-a0b6-48c3-b979-dc927b00239d,2026-07-24T19:15:00Z,2026-07-24T21:15:00+0200,11.962,MW,NL,NL,actual_offshore_wind_generation,Wind Offshore | Actual Consumption,2026-08-17T17:16:10Z
2026-08-17T17:12:16Z,2026-08-17T19:12:16+0200,f372a1fc-a0b6-48c3-b979-dc927b00239d,2026-07-24T19:30:00Z,2026-07-24T21:30:00+0200,208.951,MW,NL,NL,actual_offshore_wind_generation,Wind Offshore | Actual Aggregated,2026-08-17T17:16:10Z
2026-08-17T17:12:16Z,2026-08-17T19:12:16+0200,f372a1fc-a0b6-48c3-b979-dc927b00239d,2026-07-24T19:30:00Z,2026-07-24T21:30:00+0200,12.666,MW,NL,NL,actual_offshore_wind_generation,Wind Offshore | Actual Consumption,2026-08-17T17:16:10Z
2026-08-17T17:12:16Z,2026-08-17T19:12:16+0200,f372a1fc-a0b6-48c3-b979-dc927b00239d,2026-07-24T19:45:00Z,2026-07-24T21:45:00+0200,207.132,MW,NL,NL,actual_offshore_wind_generation,Wind Offshore | Actual Aggregated,2026-08-17T17:16:10Z
2026-08-17T17:12:16Z,2026-08-17T19:12:16+0200,f372a1fc-a0b6-48c3-b979-dc927b00239d,2026-07-24T19:45:00Z,2026-07-24T21:45:00+0200,12.091,MW,NL,NL,actual_offshore_wind_generation,Wind Offshore | Actual Consumption,2026-08-17T17:16:10Z
2026-08-17T17:12:16Z,2026-08-17T19:12:16+0200,f372a1fc-a0b6-48c3-b979-dc927b00239d,2026-07-24T20:00:00Z,2026-07-24T22:00:00+0200,193.588,MW,NL,NL,actual_offshore_wind_generation,Wind Offshore | Actual Aggregated,2026-08-17T17:16:10Z
2026-08-17T17:12:16Z,2026-08-17T19:12:16+0200,f372a1fc-a0b6-48c3-b979-dc927b00239d,2026-07-24T20:00:00Z,2026-07-24T22:00:00+0200,12.23,MW,NL,NL,actual_offshore_wind_generation,Wind Offshore | Actual Consumption,2026-08-17T17:16:10Z
2026-08-17T17:12:16Z,2026-08-17T19:12:16+0200,f372a1fc-a0b6-48c3-b979-dc927b00239d,2026-07-24T20:15:00Z,2026-07-24T22:15:00+0200,174.405,MW,NL,NL,actual_offshore_wind_generation,Wind Offshore | Actual Aggregated,2026-08-17T17:16:10Z
2026-08-17T17:12:16Z,2026-08-17T19:12:16+0200,f372a1fc-a0b6-48c3-b979-dc927b00239d,2026-07-24T20:15:00Z,2026-07-24T22:15:00+0200,13.077,MW,NL,NL,actual_offshore_wind_generation,Wind Offshore | Actual Consumption,2026-08-17T17:16:10Z
2026-08-17T17:12:16Z,2026-08-17T19:12:16+0200,f372a1fc-a0b6-48c3-b979-dc927b00239d,2026-07-24T20:30:00Z,2026-07-24T22:30:00+0200,168.992,MW,NL,NL,actual_offshore_wind_generation,Wind Offshore | Actual Aggregated,2026-08-17T17:16:10Z
2026-08-17T17:12:16Z,2026-08-17T19:12:16+0200,f372a1fc-a0b6-48c3-b979-dc927b00239d,2026-07-24T20:30:00Z,2026-07-24T22:30:00+0200,14.542,MW,NL,NL,actual_offshore_wind_generation,Wind Offshore | Actual Consumption,2026-08-17T17:16:10Z
2026-08-17T17:12:16Z,2026-08-17T19:12:16+0200,f372a1fc-a0b6-48c3-b979-dc927b00239d,2026-07-24T20:45:00Z,2026-07-24T22:45:00+0200,160.631,MW,NL,NL,actual_offshore_wind_generation,Wind Offshore | Actual Aggregated,2026-08-17T17:16:10Z
2026-08-17T17:12:16Z,2026-08-17T19:12:16+0200,f372a1fc-a0b6-48c3-b979-dc927b00239d,2026-07-24T20:45:00Z,2026-07-24T22:45:00+0200,17.402,MW,NL,NL,actual_offshore_wind_generation,Wind Offshore | Actual Consumption,2026-08-17T17:16:10Z
2026-08-17T17:12:16Z,2026-08-17T19:12:16+0200,f372a1fc-a0b6-48c3-b979-dc927b00239d,2026-07-24T21:00:00Z,2026-07-24T23:00:00+0200,172.381,MW,NL,NL,actual_offshore_wind_generation,Wind Offshore | Actual Aggregated,2026-08-17T17:16:10Z
2026-08-17T17:12:16Z,2026-08-17T19:12:16+0200,f372a1fc-a0b6-48c3-b979-dc927b00239d,2026-07-24T21:00:00Z,2026-07-24T23:00:00+0200,18.784,MW,NL,NL,actual_offshore_wind_generation,Wind Offshore | Actual Consumption,2026-08-17T17:16:10Z
2026-08-17T17:12:16Z,2026-08-17T19:12:16+0200,f372a1fc-a0b6-48c3-b979-dc927b00239d,2026-07-24T21:15:00Z,2026-07-24T23:15:00+0200,198.43,MW,NL,NL,actual_offshore_wind_generation,Wind Offshore | Actual Aggregated,2026-08-17T17:16:10Z
2026-08-17T17:12:16Z,2026-08-17T19:12:16+0200,f372a1fc-a0b6-48c3-b979-dc927b00239d,2026-07-24T21:15:00Z,2026-07-24T23:15:00+0200,17.334,MW,NL,NL,actual_offshore_wind_generation,Wind Offshore | Actual Consumption,2026-08-17T17:16:10Z
2026-08-17T17:12:16Z,2026-08-17T19:12:16+0200,f372a1fc-a0b6-48c3-b979-dc927b00239d,2026-07-24T21:30:00Z,2026-07-24T23:30:00+0200,195.013,MW,NL,NL,actual_offshore_wind_generation,Wind Offshore | Actual Aggregated,2026-08-17T17:16:10Z
2026-08-17T17:12:16Z,2026-08-17T19:12:16+0200,f372a1fc-a0b6-48c3-b979-dc927b00239d,2026-07-24T21:30:00Z,2026-07-24T23:30:00+0200,18.076,MW,NL,NL,actual_offshore_wind_generation,Wind Offshore | Actual Consumption,2026-08-17T17:16:10Z
2026-08-17T17:12:16Z,2026-08-17T19:12:16+0200,f372a1fc-a0b6-48c3-b979-dc927b00239d,2026-07-24T21:45:00Z,2026-07-24T23:45:00+0200,183.659,MW,NL,NL,actual_offshore_wind_generation,Wind Offshore | Actual Aggregated,2026-08-17T17:16:10Z
2026-08-17T17:12:16Z,2026-08-17T19:12:16+0200,f372a1fc-a0b6-48c3-b979-dc927b00239d,2026-07-24T21:45:00Z,2026-07-24T23:45:00+0200,17.583,MW,NL,NL,actual_offshore_wind_generation,Wind Offshore | Actual Consumption,2026-08-17T17:16:10Z
2026-08-17T17:12:16Z,2026-08-17T19:12:16+0200,f372a1fc-a0b6-48c3-b979-dc927b00239d,2026-07-24T22:00:00Z,2026-07-25T00:00:00+0200,177.874,MW,NL,NL,actual_offshore_wind_generation,Wind Offshore | Actual Aggregated,2026-08-17T17:16:10Z
2026-08-17T17:12:16Z,2026-08-17T19:12:16+0200,f372a1fc-a0b6-48c3-b979-dc927b00239d,2026-07-24T22:00:00Z,2026-07-25T00:00:00+0200,17.015,MW,NL,NL,actual_offshore_wind_generation,Wind Offshore | Actual Consumption,2026-08-17T17:16:10Z
2026-08-17T17:12:16Z,2026-08-17T19:12:16+0200,f372a1fc-a0b6-48c3-b979-dc927b00239d,2026-07-24T22:15:00Z,2026-07-25T00:15:00+0200,172.552,MW,NL,NL,actual_offshore_wind_generation,Wind Offshore | Actual Aggregated,2026-08-17T17:16:10Z
2026-08-17T17:12:16Z,2026-08-17T19:12:16+0200,f372a1fc-a0b6-48c3-b979-dc927b00239d,2026-07-24T22:15:00Z,2026-07-25T00:15:00+0200,14.972,MW,NL,NL,actual_offshore_wind_generation,Wind Offshore | Actual Consumption,2026-08-17T17:16:10Z
2026-08-17T17:12:16Z,2026-08-17T19:12:16+0200,f372a1fc-a0b6-48c3-b979-dc927b00239d,2026-07-24T22:30:00Z,2026-07-25T00:30:00+0200,168.812,MW,NL,NL,actual_offshore_wind_generation,Wind Offshore | Actual Aggregated,2026-08-17T17:16:10Z
2026-08-17T17:12:16Z,2026-08-17T19:12:16+0200,f372a1fc-a0b6-48c3-b979-dc927b00239d,2026-07-24T22:30:00Z,2026-07-25T00:30:00+0200,14.411,MW,NL,NL,actual_offshore_wind_generation,Wind Offshore | Actual Consumption,2026-08-17T17:16:10Z
2026-08-17T17:12:16Z,2026-08-17T19:12:16+0200,f372a1fc-a0b6-48c3-b979-dc927b00239d,2026-07-24T22:45:00Z,2026-07-25T00:45:00+0200,164.76,MW,NL,NL,actual_offshore_wind_generation,Wind Offshore | Actual Aggregated,2026-08-17T17:16:10Z
2026-08-17T17:12:16Z,2026-08-17T19:12:16+0200,f372a1fc-a0b6-48c3-b979-dc927b00239d,2026-07-24T22:45:00Z,2026-07-25T00:45:00+0200,13.959,MW,NL,NL,actual_offshore_wind_generation,Wind Offshore | Actual Consumption,2026-08-17T17:16:10Z
2026-08-17T17:12:16Z,2026-08-17T19:12:16+0200,f372a1fc-a0b6-48c3-b979-dc927b00239d,2026-07-24T23:00:00Z,2026-07-25T01:00:00+0200,152.895,MW,NL,NL,actual_offshore_wind_generation,Wind Offshore | Actual Aggregated,2026-08-17T17:16:10Z
2026-08-17T17:12:16Z,2026-08-17T19:12:16+0200,f372a1fc-a0b6-48c3-b979-dc927b00239d,2026-07-24T23:00:00Z,2026-07-25T01:00:00+0200,12.596,MW,NL,NL,actual_offshore_wind_generation,Wind Offshore | Actual Consumption,2026-08-17T17:16:10Z
2026-08-17T17:12:16Z,2026-08-17T19:12:16+0200,f372a1fc-a0b6-48c3-b979-dc927b00239d,2026-07-24T23:15:00Z,2026-07-25T01:15:00+0200,134.94,MW,NL,NL,actual_offshore_wind_generation,Wind Offshore | Actual Aggregated,2026-08-17T17:16:10Z
2026-08-17T17:12:16Z,2026-08-17T19:12:16+0200,f372a1fc-a0b6-48c3-b979-dc927b00239d,2026-07-24T23:15:00Z,2026-07-25T01:15:00+0200,15.044,MW,NL,NL,actual_offshore_wind_generation,Wind Offshore | Actual Consumption,2026-08-17T17:16:10Z
2026-08-17T17:12:16Z,2026-08-17T19:12:16+0200,f372a1fc-a0b6-48c3-b979-dc927b00239d,2026-07-24T23:30:00Z,2026-07-25T01:30:00+0200,126.342,MW,NL,NL,actual_offshore_wind_generation,Wind Offshore | Actual Aggregated,2026-08-17T17:16:10Z
2026-08-17T17:12:16Z,2026-08-17T19:12:16+0200,f372a1fc-a0b6-48c3-b979-dc927b00239d,2026-07-24T23:30:00Z,2026-07-25T01:30:00+0200,12.321,MW,NL,NL,actual_offshore_wind_generation,Wind Offshore | Actual Consumption,2026-08-17T17:16:10Z
2026-08-17T17:12:16Z,2026-08-17T19:12:16+0200,f372a1fc-a0b6-48c3-b979-dc927b00239d,2026-07-24T23:45:00Z,2026-07-25T01:45:00+0200,137.827,MW,NL,NL,actual_offshore_wind_generation,Wind Offshore | Actual Aggregated,2026-08-17T17:16:10Z
2026-08-17T17:12:16Z,2026-08-17T19:12:16+0200,f372a1fc-a0b6-48c3-b979-dc927b00239d,2026-07-24T23:45:00Z,2026-07-25T01:45:00+0200,9.65,MW,NL,NL,actual_offshore_wind_generation,Wind Offshore | Actual Consumption,2026-08-17T17:16:10Z
2026-08-17T17:12:16Z,2026-08-17T19:12:16+0200,f372a1fc-a0b6-48c3-b979-dc927b00239d,2026-07-25T00:00:00Z,2026-07-25T02:00:00+0200,145.017,MW,NL,NL,actual_offshore_wind_generation,Wind Offshore | Actual Aggregated,2026-08-17T17:16:10Z
2026-08-17T17:12:16Z,2026-08-17T19:12:16+0200,f372a1fc-a0b6-48c3-b979-dc927b00239d,2026-07-25T00:00:00Z,2026-07-25T02:00:00+0200,6.947,MW,NL,NL,actual_offshore_wind_generation,Wind Offshore | Actual Consumption,2026-08-17T17:16:10Z
2026-08-17T17:12:16Z,2026-08-17T19:12:16+0200,f372a1fc-a0b6-48c3-b979-dc927b00239d,2026-07-25T00:15:00Z,2026-07-25T02:15:00+0200,142.265,MW,NL,NL,actual_offshore_wind_generation,Wind Offshore | Actual Aggregated,2026-08-17T17:16:10Z
2026-08-17T17:12:16Z,2026-08-17T19:12:16+0200,f372a1fc-a0b6-48c3-b979-dc927b00239d,2026-07-25T00:15:00Z,2026-07-25T02:15:00+0200,5.567,MW,NL,NL,actual_offshore_wind_generation,Wind Offshore | Actual Consumption,2026-08-17T17:16:10Z
2026-08-17T17:12:16Z,2026-08-17T19:12:16+0200,f372a1fc-a0b6-48c3-b979-dc927b00239d,2026-07-25T00:30:00Z,2026-07-25T02:30:00+0200,162.037,MW,NL,NL,actual_offshore_wind_generation,Wind Offshore | Actual Aggregated,2026-08-17T17:16:10Z
2026-08-17T17:12:16Z,2026-08-17T19:12:16+0200,f372a1fc-a0b6-48c3-b979-dc927b00239d,2026-07-25T00:30:00Z,2026-07-25T02:30:00+0200,4.934,MW,NL,NL,actual_offshore_wind_generation,Wind Offshore | Actual Consumption,2026-08-17T17:16:10Z
2026-08-17T17:12:16Z,2026-08-17T19:12:16+0200,f372a1fc-a0b6-48c3-b979-dc927b00239d,2026-07-25T00:45:00Z,2026-07-25T02:45:00+0200,190.607,MW,NL,NL,actual_offshore_wind_generation,Wind Offshore | Actual Aggregated,2026-08-17T17:16:10Z
2026-08-17T17:12:16Z,2026-08-17T19:12:16+0200,f372a1fc-a0b6-48c3-b979-dc927b00239d,2026-07-25T00:45:00Z,2026-07-25T02:45:00+0200,1.308,MW,NL,NL,actual_offshore_wind_generation,Wind Offshore | Actual Consumption,2026-08-17T17:16:10Z
2026-08-17T17:12:16Z,2026-08-17T19:12:16+0200,f372a1fc-a0b6-48c3-b979-dc927b00239d,2026-07-25T01:00:00Z,2026-07-25T03:00:00+0200,232.89,MW,NL,NL,actual_offshore_wind_generation,Wind Offshore | Actual Aggregated,2026-08-17T17:16:10Z
2026-08-17T17:12:16Z,2026-08-17T19:12:16+0200,f372a1fc-a0b6-48c3-b979-dc927b00239d,2026-07-25T01:00:00Z,2026-07-25T03:00:00+0200,0.441,MW,NL,NL,actual_offshore_wind_generation,Wind Offshore | Actual Consumption,2026-08-17T17:16:10Z
2026-08-17T17:12:16Z,2026-08-17T19:12:16+0200,f372a1fc-a0b6-48c3-b979-dc927b00239d,2026-07-25T01:15:00Z,2026-07-25T03:15:00+0200,274.52,MW,NL,NL,actual_offshore_wind_generation,Wind Offshore | Actual Aggregated,2026-08-17T17:16:10Z
2026-08-17T17:12:16Z,2026-08-17T19:12:16+0200,f372a1fc-a0b6-48c3-b979-dc927b00239d,2026-07-25T01:15:00Z,2026-07-25T03:15:00+0200,1.01,MW,NL,NL,actual_offshore_wind_generation,Wind Offshore | Actual Consumption,2026-08-17T17:16:10Z
2026-08-17T17:12:16Z,2026-08-17T19:12:16+0200,f372a1fc-a0b6-48c3-b979-dc927b00239d,2026-07-25T01:30:00Z,2026-07-25T03:30:00+0200,324.406,MW,NL,NL,actual_offshore_wind_generation,Wind Offshore | Actual Aggregated,2026-08-17T17:16:10Z
2026-08-17T17:12:16Z,2026-08-17T19:12:16+0200,f372a1fc-a0b6-48c3-b979-dc927b00239d,2026-07-25T01:30:00Z,2026-07-25T03:30:00+0200,1.005,MW,NL,NL,actual_offshore_wind_generation,Wind Offshore | Actual Consumption,2026-08-17T17:16:10Z
2026-08-17T17:12:16Z,2026-08-17T19:12:16+0200,f372a1fc-a0b6-48c3-b979-dc927b00239d,2026-07-25T01:45:00Z,2026-07-25T03:45:00+0200,379.715,MW,NL,NL,actual_offshore_wind_generation,Wind Offshore | Actual Aggregated,2026-08-17T17:16:10Z
2026-08-17T17:12:16Z,2026-08-17T19:12:16+0200,f372a1fc-a0b6-48c3-b979-dc927b00239d,2026-07-25T01:45:00Z,2026-07-25T03:45:00+0200,0.491,MW,NL,NL,actual_offshore_wind_generation,Wind Offshore | Actual Consumption,2026-08-17T17:16:10Z
2026-08-17T17:12:16Z,2026-08-17T19:12:16+0200,f372a1fc-a0b6-48c3-b979-dc927b00239d,2026-07-25T02:00:00Z,2026-07-25T04:00:00+0200,404.513,MW,NL,NL,actual_offshore_wind_generation,Wind Offshore | Actual Aggregated,2026-08-17T17:16:10Z
2026-08-17T17:12:16Z,2026-08-17T19:12:16+0200,f372a1fc-a0b6-48c3-b979-dc927b00239d,2026-07-25T02:00:00Z,2026-07-25T04:00:00+0200,0.183,MW,NL,NL,actual_offshore_wind_generation,Wind Offshore | Actual Consumption,2026-08-17T17:16:10Z
2026-08-17T17:12:16Z,2026-08-17T19:12:16+0200,f372a1fc-a0b6-48c3-b979-dc927b00239d,2026-07-25T02:15:00Z,2026-07-25T04:15:00+0200,419.4,MW,NL,NL,actual_offshore_wind_generation,Wind Offshore | Actual Aggregated,2026-08-17T17:16:10Z
2026-08-17T17:12:16Z,2026-08-17T19:12:16+0200,f372a1fc-a0b6-48c3-b979-dc927b00239d,2026-07-25T02:15:00Z,2026-07-25T04:15:00+0200,0.877,MW,NL,NL,actual_offshore_wind_generation,Wind Offshore | Actual Consumption,2026-08-17T17:16:10Z
2026-08-17T17:12:16Z,2026-08-17T19:12:16+0200,f372a1fc-a0b6-48c3-b979-dc927b00239d,2026-07-25T02:30:00Z,2026-07-25T04:30:00+0200,435.254,MW,NL,NL,actual_offshore_wind_generation,Wind Offshore | Actual Aggregated,2026-08-17T17:16:10Z
2026-08-17T17:12:16Z,2026-08-17T19:12:16+0200,f372a1fc-a0b6-48c3-b979-dc927b00239d,2026-07-25T02:30:00Z,2026-07-25T04:30:00+0200,1.089,MW,NL,NL,actual_offshore_wind_generation,Wind Offshore | Actual Consumption,2026-08-17T17:16:10Z
2026-08-17T17:12:16Z,2026-08-17T19:12:16+0200,f372a1fc-a0b6-48c3-b979-dc927b00239d,2026-07-25T02:45:00Z,2026-07-25T04:45:00+0200,434.304,MW,NL,NL,actual_offshore_wind_generation,Wind Offshore | Actual Aggregated,2026-08-17T17:16:10Z
2026-08-17T17:12:16Z,2026-08-17T19:12:16+0200,f372a1fc-a0b6-48c3-b979-dc927b00239d,2026-07-25T02:45:00Z,2026-07-25T04:45:00+0200,1.381,MW,NL,NL,actual_offshore_wind_generation,Wind Offshore | Actual Consumption,2026-08-17T17:16:10Z
2026-08-17T17:12:16Z,2026-08-17T19:12:16+0200,f372a1fc-a0b6-48c3-b979-dc927b00239d,2026-07-25T03:00:00Z,2026-07-25T05:00:00+0200,404.811,MW,NL,NL,actual_offshore_wind_generation,Wind Offshore | Actual Aggregated,2026-08-17T17:16:10Z
2026-08-17T17:12:16Z,2026-08-17T19:12:16+0200,f372a1fc-a0b6-48c3-b979-dc927b00239d,2026-07-25T03:00:00Z,2026-07-25T05:00:00+0200,1.669,MW,NL,NL,actual_offshore_wind_generation,Wind Offshore | Actual Consumption,2026-08-17T17:16:10Z
2026-08-17T17:12:16Z,2026-08-17T19:12:16+0200,f372a1fc-a0b6-48c3-b979-dc927b00239d,2026-07-25T03:15:00Z,2026-07-25T05:15:00+0200,364.46,MW,NL,NL,actual_offshore_wind_generation,Wind Offshore | Actual Aggregated,2026-08-17T17:16:10Z
2026-08-17T17:12:16Z,2026-08-17T19:12:16+0200,f372a1fc-a0b6-48c3-b979-dc927b00239d,2026-07-25T03:15:00Z,2026-07-25T05:15:00+0200,2.826,MW,NL,NL,actual_offshore_wind_generation,Wind Offshore | Actual Consumption,2026-08-17T17:16:10Z
2026-08-17T17:12:16Z,2026-08-17T19:12:16+0200,f372a1fc-a0b6-48c3-b979-dc927b00239d,2026-07-25T03:30:00Z,2026-07-25T05:30:00+0200,320.552,MW,NL,NL,actual_offshore_wind_generation,Wind Offshore | Actual Aggregated,2026-08-17T17:16:10Z
2026-08-17T17:12:16Z,2026-08-17T19:12:16+0200,f372a1fc-a0b6-48c3-b979-dc927b00239d,2026-07-25T03:30:00Z,2026-07-25T05:30:00+0200,3.788,MW,NL,NL,actual_offshore_wind_generation,Wind Offshore | Actual Consumption,2026-08-17T17:16:10Z
2026-08-17T17:12:16Z,2026-08-17T19:12:16+0200,f372a1fc-a0b6-48c3-b979-dc927b00239d,2026-07-25T03:45:00Z,2026-07-25T05:45:00+0200,308.436,MW,NL,NL,actual_offshore_wind_generation,Wind Offshore | Actual Aggregated,2026-08-17T17:16:10Z
2026-08-17T17:12:16Z,2026-08-17T19:12:16+0200,f372a1fc-a0b6-48c3-b979-dc927b00239d,2026-07-25T03:45:00Z,2026-07-25T05:45:00+0200,5.969,MW,NL,NL,actual_offshore_wind_generation,Wind Offshore | Actual Consumption,2026-08-17T17:16:10Z
2026-08-17T17:12:16Z,2026-08-17T19:12:16+0200,f372a1fc-a0b6-48c3-b979-dc927b00239d,2026-07-25T04:00:00Z,2026-07-25T06:00:00+0200,340.579,MW,NL,NL,actual_offshore_wind_generation,Wind Offshore | Actual Aggregated,2026-08-17T17:16:10Z
2026-08-17T17:12:16Z,2026-08-17T19:12:16+0200,f372a1fc-a0b6-48c3-b979-dc927b00239d,2026-07-25T04:00:00Z,2026-07-25T06:00:00+0200,4.784,MW,NL,NL,actual_offshore_wind_generation,Wind Offshore | Actual Consumption,2026-08-17T17:16:10Z
2026-08-17T17:12:16Z,2026-08-17T19:12:16+0200,f372a1fc-a0b6-48c3-b979-dc927b00239d,2026-07-25T04:15:00Z,2026-07-25T06:15:00+0200,401.783,MW,NL,NL,actual_offshore_wind_generation,Wind Offshore | Actual Aggregated,2026-08-17T17:16:10Z
2026-08-17T17:12:16Z,2026-08-17T19:12:16+0200,f372a1fc-a0b6-48c3-b979-dc927b00239d,2026-07-25T04:15:00Z,2026-07-25T06:15:00+0200,4.342,MW,NL,NL,actual_offshore_wind_generation,Wind Offshore | Actual Consumption,2026-08-17T17:16:10Z
2026-08-17T17:12:16Z,2026-08-17T19:12:16+0200,f372a1fc-a0b6-48c3-b979-dc927b00239d,2026-07-25T04:30:00Z,2026-07-25T06:30:00+0200,444.295,MW,NL,NL,actual_offshore_wind_generation,Wind Offshore | Actual Aggregated,2026-08-17T17:16:10Z
2026-08-17T17:12:16Z,2026-08-17T19:12:16+0200,f372a1fc-a0b6-48c3-b979-dc927b00239d,2026-07-25T04:30:00Z,2026-07-25T06:30:00+0200,5.037,MW,NL,NL,actual_offshore_wind_generation,Wind Offshore | Actual Consumption,2026-08-17T17:16:10Z
2026-08-17T17:12:16Z,2026-08-17T19:12:16+0200,f372a1fc-a0b6-48c3-b979-dc927b00239d,2026-07-25T04:45:00Z,2026-07-25T06:45:00+0200,494.063,MW,NL,NL,actual_offshore_wind_generation,Wind Offshore | Actual Aggregated,2026-08-17T17:16:10Z
2026-08-17T17:12:16Z,2026-08-17T19:12:16+0200,f372a1fc-a0b6-48c3-b979-dc927b00239d,2026-07-25T04:45:00Z,2026-07-25T06:45:00+0200,6.935,MW,NL,NL,actual_offshore_wind_generation,Wind Offshore | Actual Consumption,2026-08-17T17:16:10Z
2026-08-17T17:12:16Z,2026-08-17T19:12:16+0200,f372a1fc-a0b6-48c3-b979-dc927b00239d,2026-07-25T05:00:00Z,2026-07-25T07:00:00+0200,497.078,MW,NL,NL,actual_offshore_wind_generation,Wind Offshore | Actual Aggregated,2026-08-17T17:16:10Z
2026-08-17T17:12:16Z,2026-08-17T19:12:16+0200,f372a1fc-a0b6-48c3-b979-dc927b00239d,2026-07-25T05:00:00Z,2026-07-25T07:00:00+0200,6.642,MW,NL,NL,actual_offshore_wind_generation,Wind Offshore | Actual Consumption,2026-08-17T17:16:10Z
2026-08-17T17:12:16Z,2026-08-17T19:12:16+0200,f372a1fc-a0b6-48c3-b979-dc927b00239d,2026-07-25T05:15:00Z,2026-07-25T07:15:00+0200,490.562,MW,NL,NL,actual_offshore_wind_generation,Wind Offshore | Actual Aggregated,2026-08-17T17:16:10Z
2026-08-17T17:12:16Z,2026-08-17T19:12:16+0200,f372a1fc-a0b6-48c3-b979-dc927b00239d,2026-07-25T05:15:00Z,2026-07-25T07:15:00+0200,6.037,MW,NL,NL,actual_offshore_wind_generation,Wind Offshore | Actual Consumption,2026-08-17T17:16:10Z
2026-08-17T17:12:16Z,2026-08-17T19:12:16+0200,f372a1fc-a0b6-48c3-b979-dc927b00239d,2026-07-25T05:30:00Z,2026-07-25T07:30:00+0200,523.343,MW,NL,NL,actual_offshore_wind_generation,Wind Offshore | Actual Aggregated,2026-08-17T17:16:10Z
2026-08-17T17:12:16Z,2026-08-17T19:12:16+0200,f372a1fc-a0b6-48c3-b979-dc927b00239d,2026-07-25T05:30:00Z,2026-07-25T07:30:00+0200,4.306,MW,NL,NL,actual_offshore_wind_generation,Wind Offshore | Actual Consumption,2026-08-17T17:16:10Z
2026-08-17T17:12:16Z,2026-08-17T19:12:16+0200,f372a1fc-a0b6-48c3-b979-dc927b00239d,2026-07-25T05:45:00Z,2026-07-25T07:45:00+0200,400.965,MW,NL,NL,actual_offshore_wind_generation,Wind Offshore | Actual Aggregated,2026-08-17T17:16:10Z
2026-08-17T17:12:16Z,2026-08-17T19:12:16+0200,f372a1fc-a0b6-48c3-b979-dc927b00239d,2026-07-25T05:45:00Z,2026-07-25T07:45:00+0200,1.494,MW,NL,NL,actual_offshore_wind_generation,Wind Offshore | Actual Consumption,2026-08-17T17:16:10Z
2026-08-17T17:12:16Z,2026-08-17T19:12:16+0200,f372a1fc-a0b6-48c3-b979-dc927b00239d,2026-07-25T06:00:00Z,2026-07-25T08:00:00+0200,240.986,MW,NL,NL,actual_offshore_wind_generation,Wind Offshore | Actual Aggregated,2026-08-17T17:16:10Z
2026-08-17T17:12:16Z,2026-08-17T19:12:16+0200,f372a1fc-a0b6-48c3-b979-dc927b00239d,2026-07-25T06:00:00Z,2026-07-25T08:00:00+0200,2.916,MW,NL,NL,actual_offshore_wind_generation,Wind Offshore | Actual Consumption,2026-08-17T17:16:10Z
2026-08-17T17:12:16Z,2026-08-17T19:12:16+0200,f372a1fc-a0b6-48c3-b979-dc927b00239d,2026-07-25T06:15:00Z,2026-07-25T08:15:00+0200,196.28,MW,NL,NL,actual_offshore_wind_generation,Wind Offshore | Actual Aggregated,2026-08-17T17:16:10Z
2026-08-17T17:12:16Z,2026-08-17T19:12:16+0200,f372a1fc-a0b6-48c3-b979-dc927b00239d,2026-07-25T06:15:00Z,2026-07-25T08:15:00+0200,6.252,MW,NL,NL,actual_offshore_wind_generation,Wind Offshore | Actual Consumption,2026-08-17T17:16:10Z
2026-08-17T17:12:16Z,2026-08-17T19:12:16+0200,f372a1fc-a0b6-48c3-b979-dc927b00239d,2026-07-25T06:30:00Z,2026-07-25T08:30:00+0200,190.006,MW,NL,NL,actual_offshore_wind_generation,Wind Offshore | Actual Aggregated,2026-08-17T17:16:10Z
2026-08-17T17:12:16Z,2026-08-17T19:12:16+0200,f372a1fc-a0b6-48c3-b979-dc927b00239d,2026-07-25T06:30:00Z,2026-07-25T08:30:00+0200,9.517,MW,NL,NL,actual_offshore_wind_generation,Wind Offshore | Actual Consumption,2026-08-17T17:16:10Z
2026-08-17T17:12:16Z,2026-08-17T19:12:16+0200,f372a1fc-a0b6-48c3-b979-dc927b00239d,2026-07-25T06:45:00Z,2026-07-25T08:45:00+0200,195.189,MW,NL,NL,actual_offshore_wind_generation,Wind Offshore | Actual Aggregated,2026-08-17T17:16:10Z
2026-08-17T17:12:16Z,2026-08-17T19:12:16+0200,f372a1fc-a0b6-48c3-b979-dc927b00239d,2026-07-25T06:45:00Z,2026-07-25T08:45:00+0200,9.112,MW,NL,NL,actual_offshore_wind_generation,Wind Offshore | Actual Consumption,2026-08-17T17:16:10Z
2026-08-17T17:12:16Z,2026-08-17T19:12:16+0200,f372a1fc-a0b6-48c3-b979-dc927b00239d,2026-07-25T07:00:00Z,2026-07-25T09:00:00+0200,172.246,MW,NL,NL,actual_offshore_wind_generation,Wind Offshore | Actual Aggregated,2026-08-17T17:16:10Z
2026-08-17T17:12:16Z,2026-08-17T19:12:16+0200,f372a1fc-a0b6-48c3-b979-dc927b00239d,2026-07-25T07:00:00Z,2026-07-25T09:00:00+0200,8.801,MW,NL,NL,actual_offshore_wind_generation,Wind Offshore | Actual Consumption,2026-08-17T17:16:10Z
2026-08-17T17:12:16Z,2026-08-17T19:12:16+0200,f372a1fc-a0b6-48c3-b979-dc927b00239d,2026-07-25T07:15:00Z,2026-07-25T09:15:00+0200,99.618,MW,NL,NL,actual_offshore_wind_generation,Wind Offshore | Actual Aggregated,2026-08-17T17:16:10Z
2026-08-17T17:12:16Z,2026-08-17T19:12:16+0200,f372a1fc-a0b6-48c3-b979-dc927b00239d,2026-07-25T07:15:00Z,2026-07-25T09:15:00+0200,13.875,MW,NL,NL,actual_offshore_wind_generation,Wind Offshore | Actual Consumption,2026-08-17T17:16:10Z
2026-08-17T17:12:16Z,2026-08-17T19:12:16+0200,f372a1fc-a0b6-48c3-b979-dc927b00239d,2026-07-25T07:30:00Z,2026-07-25T09:30:00+0200,89.629,MW,NL,NL,actual_offshore_wind_generation,Wind Offshore | Actual Aggregated,2026-08-17T17:16:10Z
2026-08-17T17:12:16Z,2026-08-17T19:12:16+0200,f372a1fc-a0b6-48c3-b979-dc927b00239d,2026-07-25T07:30:00Z,2026-07-25T09:30:00+0200,15.375,MW,NL,NL,actual_offshore_wind_generation,Wind Offshore | Actual Consumption,2026-08-17T17:16:10Z
2026-08-17T17:12:16Z,2026-08-17T19:12:16+0200,f372a1fc-a0b6-48c3-b979-dc927b00239d,2026-07-25T07:45:00Z,2026-07-25T09:45:00+0200,91.525,MW,NL,NL,actual_offshore_wind_generation,Wind Offshore | Actual Aggregated,2026-08-17T17:16:10Z
2026-08-17T17:12:16Z,2026-08-17T19:12:16+0200,f372a1fc-a0b6-48c3-b979-dc927b00239d,2026-07-25T07:45:00Z,2026-07-25T09:45:00+0200,13.804,MW,NL,NL,actual_offshore_wind_generation,Wind Offshore | Actual Consumption,2026-08-17T17:16:10Z
2026-08-17T17:12:16Z,2026-08-17T19:12:16+0200,f372a1fc-a0b6-48c3-b979-dc927b00239d,2026-07-25T08:00:00Z,2026-07-25T10:00:00+0200,92.484,MW,NL,NL,actual_offshore_wind_generation,Wind Offshore | Actual Aggregated,2026-08-17T17:16:10Z
2026-08-17T17:12:16Z,2026-08-17T19:12:16+0200,f372a1fc-a0b6-48c3-b979-dc927b00239d,2026-07-25T08:00:00Z,2026-07-25T10:00:00+0200,12.943,MW,NL,NL,actual_offshore_wind_generation,Wind Offshore | Actual Consumption,2026-08-17T17:16:10Z
2026-08-17T17:12:16Z,2026-08-17T19:12:16+0200,f372a1fc-a0b6-48c3-b979-dc927b00239d,2026-07-25T08:15:00Z,2026-07-25T10:15:00+0200,122.629,MW,NL,NL,actual_offshore_wind_generation,Wind Offshore | Actual Aggregated,2026-08-17T17:16:10Z
2026-08-17T17:12:16Z,2026-08-17T19:12:16+0200,f372a1fc-a0b6-48c3-b979-dc927b00239d,2026-07-25T08:15:00Z,2026-07-25T10:15:00+0200,12.231,MW,NL,NL,actual_offshore_wind_generation,Wind Offshore | Actual Consumption,2026-08-17T17:16:10Z
2026-08-17T17:12:16Z,2026-08-17T19:12:16+0200,f372a1fc-a0b6-48c3-b979-dc927b00239d,2026-07-25T08:30:00Z,2026-07-25T10:30:00+0200,262.227,MW,NL,NL,actual_offshore_wind_generation,Wind Offshore | Actual Aggregated,2026-08-17T17:16:10Z
2026-08-17T17:12:16Z,2026-08-17T19:12:16+0200,f372a1fc-a0b6-48c3-b979-dc927b00239d,2026-07-25T08:30:00Z,2026-07-25T10:30:00+0200,8.162,MW,NL,NL,actual_offshore_wind_generation,Wind Offshore | Actual Consumption,2026-08-17T17:16:10Z
2026-08-17T17:12:16Z,2026-08-17T19:12:16+0200,f372a1fc-a0b6-48c3-b979-dc927b00239d,2026-07-25T08:45:00Z,2026-07-25T10:45:00+0200,321.216,MW,NL,NL,actual_offshore_wind_generation,Wind Offshore | Actual Aggregated,2026-08-17T17:16:10Z
2026-08-17T17:12:16Z,2026-08-17T19:12:16+0200,f372a1fc-a0b6-48c3-b979-dc927b00239d,2026-07-25T08:45:00Z,2026-07-25T10:45:00+0200,5.888,MW,NL,NL,actual_offshore_wind_generation,Wind Offshore | Actual Consumption,2026-08-17T17:16:10Z
2026-08-17T17:12:16Z,2026-08-17T19:12:16+0200,f372a1fc-a0b6-48c3-b979-dc927b00239d,2026-07-25T09:00:00Z,2026-07-25T11:00:00+0200,258.957,MW,NL,NL,actual_offshore_wind_generation,Wind Offshore | Actual Aggregated,2026-08-17T17:16:10Z
2026-08-17T17:12:16Z,2026-08-17T19:12:16+0200,f372a1fc-a0b6-48c3-b979-dc927b00239d,2026-07-25T09:00:00Z,2026-07-25T11:00:00+0200,3.112,MW,NL,NL,actual_offshore_wind_generation,Wind Offshore | Actual Consumption,2026-08-17T17:16:10Z
2026-08-17T17:12:16Z,2026-08-17T19:12:16+0200,f372a1fc-a0b6-48c3-b979-dc927b00239d,2026-07-25T09:15:00Z,2026-07-25T11:15:00+0200,205.325,MW,NL,NL,actual_offshore_wind_generation,Wind Offshore | Actual Aggregated,2026-08-17T17:16:10Z
2026-08-17T17:12:16Z,2026-08-17T19:12:16+0200,f372a1fc-a0b6-48c3-b979-dc927b00239d,2026-07-25T09:15:00Z,2026-07-25T11:15:00+0200,2.907,MW,NL,NL,actual_offshore_wind_generation,Wind Offshore | Actual Consumption,2026-08-17T17:16:10Z
2026-08-17T17:12:16Z,2026-08-17T19:12:16+0200,f372a1fc-a0b6-48c3-b979-dc927b00239d,2026-07-25T09:30:00Z,2026-07-25T11:30:00+0200,219.759,MW,NL,NL,actual_offshore_wind_generation,Wind Offshore | Actual Aggregated,2026-08-17T17:16:10Z
2026-08-17T17:12:16Z,2026-08-17T19:12:16+0200,f372a1fc-a0b6-48c3-b979-dc927b00239d,2026-07-25T09:30:00Z,2026-07-25T11:30:00+0200,3.42,MW,NL,NL,actual_offshore_wind_generation,Wind Offshore | Actual Consumption,2026-08-17T17:16:10Z
2026-08-17T17:12:16Z,2026-08-17T19:12:16+0200,f372a1fc-a0b6-48c3-b979-dc927b00239d,2026-07-25T09:45:00Z,2026-07-25T11:45:00+0200,241.102,MW,NL,NL,actual_offshore_wind_generation,Wind Offshore | Actual Aggregated,2026-08-17T17:16:10Z
2026-08-17T17:12:16Z,2026-08-17T19:12:16+0200,f372a1fc-a0b6-48c3-b979-dc927b00239d,2026-07-25T09:45:00Z,2026-07-25T11:45:00+0200,8.11,MW,NL,NL,actual_offshore_wind_generation,Wind Offshore | Actual Consumption,2026-08-17T17:16:10Z
2026-08-17T17:12:16Z,2026-08-17T19:12:16+0200,f372a1fc-a0b6-48c3-b979-dc927b00239d,2026-07-25T10:00:00Z,2026-07-25T12:00:00+0200,285.956,MW,NL,NL,actual_offshore_wind_generation,Wind Offshore | Actual Aggregated,2026-08-17T17:16:10Z
2026-08-17T17:12:16Z,2026-08-17T19:12:16+0200,f372a1fc-a0b6-48c3-b979-dc927b00239d,2026-07-25T10:00:00Z,2026-07-25T12:00:00+0200,7.28,MW,NL,NL,actual_offshore_wind_generation,Wind Offshore | Actual Consumption,2026-08-17T17:16:10Z
2026-08-17T17:12:16Z,2026-08-17T19:12:16+0200,f372a1fc-a0b6-48c3-b979-dc927b00239d,2026-07-25T10:15:00Z,2026-07-25T12:15:00+0200,275.081,MW,NL,NL,actual_offshore_wind_generation,Wind Offshore | Actual Aggregated,2026-08-17T17:16:10Z
2026-08-17T17:12:16Z,2026-08-17T19:12:16+0200,f372a1fc-a0b6-48c3-b979-dc927b00239d,2026-07-25T10:15:00Z,2026-07-25T12:15:00+0200,6.923,MW,NL,NL,actual_offshore_wind_generation,Wind Offshore | Actual Consumption,2026-08-17T17:16:10Z
2026-08-17T17:12:16Z,2026-08-17T19:12:16+0200,f372a1fc-a0b6-48c3-b979-dc927b00239d,2026-07-25T10:30:00Z,2026-07-25T12:30:00+0200,265.566,MW,NL,NL,actual_offshore_wind_generation,Wind Offshore | Actual Aggregated,2026-08-17T17:16:10Z
2026-08-17T17:12:16Z,2026-08-17T19:12:16+0200,f372a1fc-a0b6-48c3-b979-dc927b00239d,2026-07-25T10:30:00Z,2026-07-25T12:30:00+0200,7.723,MW,NL,NL,actual_offshore_wind_generation,Wind Offshore | Actual Consumption,2026-08-17T17:16:10Z
2026-08-17T17:12:16Z,2026-08-17T19:12:16+0200,f372a1fc-a0b6-48c3-b979-dc927b00239d,2026-07-25T10:45:00Z,2026-07-25T12:45:00+0200,270.543,MW,NL,NL,actual_offshore_wind_generation,Wind Offshore | Actual Aggregated,2026-08-17T17:16:10Z
2026-08-17T17:12:16Z,2026-08-17T19:12:16+0200,f372a1fc-a0b6-48c3-b979-dc927b00239d,2026-07-25T10:45:00Z,2026-07-25T12:45:00+0200,8.18,MW,NL,NL,actual_offshore_wind_generation,Wind Offshore | Actual Consumption,2026-08-17T17:16:10Z
2026-08-17T17:12:16Z,2026-08-17T19:12:16+0200,f372a1fc-a0b6-48c3-b979-dc927b00239d,2026-07-25T11:00:00Z,2026-07-25T13:00:00+0200,319.623,MW,NL,NL,actual_offshore_wind_generation,Wind Offshore | Actual Aggregated,2026-08-17T17:16:10Z
2026-08-17T17:12:16Z,2026-08-17T19:12:16+0200,f372a1fc-a0b6-48c3-b979-dc927b00239d,2026-07-25T11:00:00Z,2026-07-25T13:00:00+0200,9.276,MW,NL,NL,actual_offshore_wind_generation,Wind Offshore | Actual Consumption,2026-08-17T17:16:10Z
2026-08-17T17:12:16Z,2026-08-17T19:12:16+0200,f372a1fc-a0b6-48c3-b979-dc927b00239d,2026-07-25T11:15:00Z,2026-07-25T13:15:00+0200,370.926,MW,NL,NL,actual_offshore_wind_generation,Wind Offshore | Actual Aggregated,2026-08-17T17:16:10Z
2026-08-17T17:12:16Z,2026-08-17T19:12:16+0200,f372a1fc-a0b6-48c3-b979-dc927b00239d,2026-07-25T11:15:00Z,2026-07-25T13:15:00+0200,5.755,MW,NL,NL,actual_offshore_wind_generation,Wind Offshore | Actual Consumption,2026-08-17T17:16:10Z
2026-08-17T17:12:16Z,2026-08-17T19:12:16+0200,f372a1fc-a0b6-48c3-b979-dc927b00239d,2026-07-25T11:30:00Z,2026-07-25T13:30:00+0200,371.704,MW,NL,NL,actual_offshore_wind_generation,Wind Offshore | Actual Aggregated,2026-08-17T17:16:10Z
2026-08-17T17:12:16Z,2026-08-17T19:12:16+0200,f372a1fc-a0b6-48c3-b979-dc927b00239d,2026-07-25T11:30:00Z,2026-07-25T13:30:00+0200,7.915,MW,NL,NL,actual_offshore_wind_generation,Wind Offshore | Actual Consumption,2026-08-17T17:16:10Z
2026-08-17T17:12:16Z,2026-08-17T19:12:16+0200,f372a1fc-a0b6-48c3-b979-dc927b00239d,2026-07-25T11:45:00Z,2026-07-25T13:45:00+0200,339.852,MW,NL,NL,actual_offshore_wind_generation,Wind Offshore | Actual Aggregated,2026-08-17T17:16:10Z
2026-08-17T17:12:16Z,2026-08-17T19:12:16+0200,f372a1fc-a0b6-48c3-b979-dc927b00239d,2026-07-25T11:45:00Z,2026-07-25T13:45:00+0200,8.893,MW,NL,NL,actual_offshore_wind_generation,Wind Offshore | Actual Consumption,2026-08-17T17:16:10Z
2026-08-17T17:12:16Z,2026-08-17T19:12:16+0200,f372a1fc-a0b6-48c3-b979-dc927b00239d,2026-07-25T12:00:00Z,2026-07-25T14:00:00+0200,345.569,MW,NL,NL,actual_offshore_wind_generation,Wind Offshore | Actual Aggregated,2026-08-17T17:16:10Z
2026-08-17T17:12:16Z,2026-08-17T19:12:16+0200,f372a1fc-a0b6-48c3-b979-dc927b00239d,2026-07-25T12:00:00Z,2026-07-25T14:00:00+0200,10.437,MW,NL,NL,actual_offshore_wind_generation,Wind Offshore | Actual Consumption,2026-08-17T17:16:10Z
2026-08-17T17:12:16Z,2026-08-17T19:12:16+0200,f372a1fc-a0b6-48c3-b979-dc927b00239d,2026-07-25T12:15:00Z,2026-07-25T14:15:00+0200,366.024,MW,NL,NL,actual_offshore_wind_generation,Wind Offshore | Actual Aggregated,2026-08-17T17:16:10Z
2026-08-17T17:12:16Z,2026-08-17T19:12:16+0200,f372a1fc-a0b6-48c3-b979-dc927b00239d,2026-07-25T12:15:00Z,2026-07-25T14:15:00+0200,9.172,MW,NL,NL,actual_offshore_wind_generation,Wind Offshore | Actual Consumption,2026-08-17T17:16:10Z
2026-08-17T17:12:16Z,2026-08-17T19:12:16+0200,f372a1fc-a0b6-48c3-b979-dc927b00239d,2026-07-25T12:30:00Z,2026-07-25T14:30:00+0200,394.368,MW,NL,NL,actual_offshore_wind_generation,Wind Offshore | Actual Aggregated,2026-08-17T17:16:10Z
2026-08-17T17:12:16Z,2026-08-17T19:12:16+0200,f372a1fc-a0b6-48c3-b979-dc927b00239d,2026-07-25T12:30:00Z,2026-07-25T14:30:00+0200,8.569,MW,NL,NL,actual_offshore_wind_generation,Wind Offshore | Actual Consumption,2026-08-17T17:16:10Z
2026-08-17T17:12:16Z,2026-08-17T19:12:16+0200,f372a1fc-a0b6-48c3-b979-dc927b00239d,2026-07-25T12:45:00Z,2026-07-25T14:45:00+0200,400.381,MW,NL,NL,actual_offshore_wind_generation,Wind Offshore | Actual Aggregated,2026-08-17T17:16:10Z
2026-08-17T17:12:16Z,2026-08-17T19:12:16+0200,f372a1fc-a0b6-48c3-b979-dc927b00239d,2026-07-25T12:45:00Z,2026-07-25T14:45:00+0200,7.14,MW,NL,NL,actual_offshore_wind_generation,Wind Offshore | Actual Consumption,2026-08-17T17:16:10Z
2026-08-17T17:12:16Z,2026-08-17T19:12:16+0200,f372a1fc-a0b6-48c3-b979-dc927b00239d,2026-07-25T13:00:00Z,2026-07-25T15:00:00+0200,362.06,MW,NL,NL,actual_offshore_wind_generation,Wind Offshore | Actual Aggregated,2026-08-17T17:16:10Z
2026-08-17T17:12:16Z,2026-08-17T19:12:16+0200,f372a1fc-a0b6-48c3-b979-dc927b00239d,2026-07-25T13:00:00Z,2026-07-25T15:00:00+0200,6.264,MW,NL,NL,actual_offshore_wind_generation,Wind Offshore | Actual Consumption,2026-08-17T17:16:10Z
2026-08-17T17:12:16Z,2026-08-17T19:12:16+0200,f372a1fc-a0b6-48c3-b979-dc927b00239d,2026-07-25T13:15:00Z,2026-07-25T15:15:00+0200,426.073,MW,NL,NL,actual_offshore_wind_generation,Wind Offshore | Actual Aggregated,2026-08-17T17:16:10Z
2026-08-17T17:12:16Z,2026-08-17T19:12:16+0200,f372a1fc-a0b6-48c3-b979-dc927b00239d,2026-07-25T13:15:00Z,2026-07-25T15:15:00+0200,6.214,MW,NL,NL,actual_offshore_wind_generation,Wind Offshore | Actual Consumption,2026-08-17T17:16:10Z
2026-08-17T17:12:16Z,2026-08-17T19:12:16+0200,f372a1fc-a0b6-48c3-b979-dc927b00239d,2026-07-25T13:30:00Z,2026-07-25T15:30:00+0200,445.19,MW,NL,NL,actual_offshore_wind_generation,Wind Offshore | Actual Aggregated,2026-08-17T17:16:10Z
2026-08-17T17:12:16Z,2026-08-17T19:12:16+0200,f372a1fc-a0b6-48c3-b979-dc927b00239d,2026-07-25T13:30:00Z,2026-07-25T15:30:00+0200,4.781,MW,NL,NL,actual_offshore_wind_generation,Wind Offshore | Actual Consumption,2026-08-17T17:16:10Z
2026-08-17T17:12:16Z,2026-08-17T19:12:16+0200,f372a1fc-a0b6-48c3-b979-dc927b00239d,2026-07-25T13:45:00Z,2026-07-25T15:45:00+0200,467.695,MW,NL,NL,actual_offshore_wind_generation,Wind Offshore | Actual Aggregated,2026-08-17T17:16:10Z
2026-08-17T17:12:16Z,2026-08-17T19:12:16+0200,f372a1fc-a0b6-48c3-b979-dc927b00239d,2026-07-25T13:45:00Z,2026-07-25T15:45:00+0200,3.651,MW,NL,NL,actual_offshore_wind_generation,Wind Offshore | Actual Consumption,2026-08-17T17:16:10Z
2026-08-17T17:12:16Z,2026-08-17T19:12:16+0200,f372a1fc-a0b6-48c3-b979-dc927b00239d,2026-07-25T14:00:00Z,2026-07-25T16:00:00+0200,622.055,MW,NL,NL,actual_offshore_wind_generation,Wind Offshore | Actual Aggregated,2026-08-17T17:16:10Z
2026-08-17T17:12:16Z,2026-08-17T19:12:16+0200,f372a1fc-a0b6-48c3-b979-dc927b00239d,2026-07-25T14:00:00Z,2026-07-25T16:00:00+0200,2.387,MW,NL,NL,actual_offshore_wind_generation,Wind Offshore | Actual Consumption,2026-08-17T17:16:10Z
2026-08-17T17:12:16Z,2026-08-17T19:12:16+0200,f372a1fc-a0b6-48c3-b979-dc927b00239d,2026-07-25T14:15:00Z,2026-07-25T16:15:00+0200,646.275,MW,NL,NL,actual_offshore_wind_generation,Wind Offshore | Actual Aggregated,2026-08-17T17:16:10Z
2026-08-17T17:12:16Z,2026-08-17T19:12:16+0200,f372a1fc-a0b6-48c3-b979-dc927b00239d,2026-07-25T14:15:00Z,2026-07-25T16:15:00+0200,3.35,MW,NL,NL,actual_offshore_wind_generation,Wind Offshore | Actual Consumption,2026-08-17T17:16:10Z
2026-08-17T17:12:16Z,2026-08-17T19:12:16+0200,f372a1fc-a0b6-48c3-b979-dc927b00239d,2026-07-25T14:30:00Z,2026-07-25T16:30:00+0200,653.216,MW,NL,NL,actual_offshore_wind_generation,Wind Offshore | Actual Aggregated,2026-08-17T17:16:10Z
2026-08-17T17:12:16Z,2026-08-17T19:12:16+0200,f372a1fc-a0b6-48c3-b979-dc927b00239d,2026-07-25T14:30:00Z,2026-07-25T16:30:00+0200,1.064,MW,NL,NL,actual_offshore_wind_generation,Wind Offshore | Actual Consumption,2026-08-17T17:16:10Z
2026-08-17T17:12:16Z,2026-08-17T19:12:16+0200,f372a1fc-a0b6-48c3-b979-dc927b00239d,2026-07-25T14:45:00Z,2026-07-25T16:45:00+0200,711.06,MW,NL,NL,actual_offshore_wind_generation,Wind Offshore | Actual Aggregated,2026-08-17T17:16:10Z
2026-08-17T17:12:16Z,2026-08-17T19:12:16+0200,f372a1fc-a0b6-48c3-b979-dc927b00239d,2026-07-25T14:45:00Z,2026-07-25T16:45:00+0200,1.435,MW,NL,NL,actual_offshore_wind_generation,Wind Offshore | Actual Consumption,2026-08-17T17:16:10Z
2026-08-17T17:12:16Z,2026-08-17T19:12:16+0200,f372a1fc-a0b6-48c3-b979-dc927b00239d,2026-07-25T15:00:00Z,2026-07-25T17:00:00+0200,724.003,MW,NL,NL,actual_offshore_wind_generation,Wind Offshore | Actual Aggregated,2026-08-17T17:16:10Z
2026-08-17T17:12:16Z,2026-08-17T19:12:16+0200,f372a1fc-a0b6-48c3-b979-dc927b00239d,2026-07-25T15:00:00Z,2026-07-25T17:00:00+0200,1.285,MW,NL,NL,actual_offshore_wind_generation,Wind Offshore | Actual Consumption,2026-08-17T17:16:10Z
2026-08-17T17:12:16Z,2026-08-17T19:12:16+0200,f372a1fc-a0b6-48c3-b979-dc927b00239d,2026-07-25T15:15:00Z,2026-07-25T17:15:00+0200,760.573,MW,NL,NL,actual_offshore_wind_generation,Wind Offshore | Actual Aggregated,2026-08-17T17:16:10Z
2026-08-17T17:12:16Z,2026-08-17T19:12:16+0200,f372a1fc-a0b6-48c3-b979-dc927b00239d,2026-07-25T15:15:00Z,2026-07-25T17:15:00+0200,1.294,MW,NL,NL,actual_offshore_wind_generation,Wind Offshore | Actual Consumption,2026-08-17T17:16:10Z
2026-08-17T17:12:16Z,2026-08-17T19:12:16+0200,f372a1fc-a0b6-48c3-b979-dc927b00239d,2026-07-25T15:30:00Z,2026-07-25T17:30:00+0200,866.299,MW,NL,NL,actual_offshore_wind_generation,Wind Offshore | Actual Aggregated,2026-08-17T17:16:10Z
2026-08-17T17:12:16Z,2026-08-17T19:12:16+0200,f372a1fc-a0b6-48c3-b979-dc927b00239d,2026-07-25T15:30:00Z,2026-07-25T17:30:00+0200,1.619,MW,NL,NL,actual_offshore_wind_generation,Wind Offshore | Actual Consumption,2026-08-17T17:16:10Z
2026-08-17T17:12:16Z,2026-08-17T19:12:16+0200,f372a1fc-a0b6-48c3-b979-dc927b00239d,2026-07-25T15:45:00Z,2026-07-25T17:45:00+0200,896.7,MW,NL,NL,actual_offshore_wind_generation,Wind Offshore | Actual Aggregated,2026-08-17T17:16:10Z
2026-08-17T17:12:16Z,2026-08-17T19:12:16+0200,f372a1fc-a0b6-48c3-b979-dc927b00239d,2026-07-25T15:45:00Z,2026-07-25T17:45:00+0200,2.612,MW,NL,NL,actual_offshore_wind_generation,Wind Offshore | Actual Consumption,2026-08-17T17:16:10Z
2026-08-17T17:12:16Z,2026-08-17T19:12:16+0200,f372a1fc-a0b6-48c3-b979-dc927b00239d,2026-07-25T16:00:00Z,2026-07-25T18:00:00+0200,902.373,MW,NL,NL,actual_offshore_wind_generation,Wind Offshore | Actual Aggregated,2026-08-17T17:16:10Z
2026-08-17T17:12:16Z,2026-08-17T19:12:16+0200,f372a1fc-a0b6-48c3-b979-dc927b00239d,2026-07-25T16:00:00Z,2026-07-25T18:00:00+0200,2.451,MW,NL,NL,actual_offshore_wind_generation,Wind Offshore | Actual Consumption,2026-08-17T17:16:10Z
2026-08-17T17:12:16Z,2026-08-17T19:12:16+0200,f372a1fc-a0b6-48c3-b979-dc927b00239d,2026-07-25T16:15:00Z,2026-07-25T18:15:00+0200,927.498,MW,NL,NL,actual_offshore_wind_generation,Wind Offshore | Actual Aggregated,2026-08-17T17:16:10Z
2026-08-17T17:12:16Z,2026-08-17T19:12:16+0200,f372a1fc-a0b6-48c3-b979-dc927b00239d,2026-07-25T16:15:00Z,2026-07-25T18:15:00+0200,3.562,MW,NL,NL,actual_offshore_wind_generation,Wind Offshore | Actual Consumption,2026-08-17T17:16:10Z
2026-08-17T17:12:16Z,2026-08-17T19:12:16+0200,f372a1fc-a0b6-48c3-b979-dc927b00239d,2026-07-25T16:30:00Z,2026-07-25T18:30:00+0200,1021.195,MW,NL,NL,actual_offshore_wind_generation,Wind Offshore | Actual Aggregated,2026-08-17T17:16:10Z
2026-08-17T17:12:16Z,2026-08-17T19:12:16+0200,f372a1fc-a0b6-48c3-b979-dc927b00239d,2026-07-25T16:30:00Z,2026-07-25T18:30:00+0200,4.387,MW,NL,NL,actual_offshore_wind_generation,Wind Offshore | Actual Consumption,2026-08-17T17:16:10Z
2026-08-17T17:12:16Z,2026-08-17T19:12:16+0200,f372a1fc-a0b6-48c3-b979-dc927b00239d,2026-07-25T16:45:00Z,2026-07-25T18:45:00+0200,1113.154,MW,NL,NL,actual_offshore_wind_generation,Wind Offshore | Actual Aggregated,2026-08-17T17:16:10Z
2026-08-17T17:12:16Z,2026-08-17T19:12:16+0200,f372a1fc-a0b6-48c3-b979-dc927b00239d,2026-07-25T16:45:00Z,2026-07-25T18:45:00+0200,4.448,MW,NL,NL,actual_offshore_wind_generation,Wind Offshore | Actual Consumption,2026-08-17T17:16:10Z
2026-08-17T17:12:16Z,2026-08-17T19:12:16+0200,f372a1fc-a0b6-48c3-b979-dc927b00239d,2026-07-25T17:00:00Z,2026-07-25T19:00:00+0200,1212.616,MW,NL,NL,actual_offshore_wind_generation,Wind Offshore | Actual Aggregated,2026-08-17T17:16:10Z
2026-08-17T17:12:16Z,2026-08-17T19:12:16+0200,f372a1fc-a0b6-48c3-b979-dc927b00239d,2026-07-25T17:00:00Z,2026-07-25T19:00:00+0200,7.634,MW,NL,NL,actual_offshore_wind_generation,Wind Offshore | Actual Consumption,2026-08-17T17:16:10Z
2026-08-17T17:12:16Z,2026-08-17T19:12:16+0200,f372a1fc-a0b6-48c3-b979-dc927b00239d,2026-07-25T17:15:00Z,2026-07-25T19:15:00+0200,1284.164,MW,NL,NL,actual_offshore_wind_generation,Wind Offshore | Actual Aggregated,2026-08-17T17:16:10Z
2026-08-17T17:12:16Z,2026-08-17T19:12:16+0200,f372a1fc-a0b6-48c3-b979-dc927b00239d,2026-07-25T17:15:00Z,2026-07-25T19:15:00+0200,9.085,MW,NL,NL,actual_offshore_wind_generation,Wind Offshore | Actual Consumption,2026-08-17T17:16:10Z
2026-08-17T17:12:16Z,2026-08-17T19:12:16+0200,f372a1fc-a0b6-48c3-b979-dc927b00239d,2026-07-25T17:30:00Z,2026-07-25T19:30:00+0200,1364.787,MW,NL,NL,actual_offshore_wind_generation,Wind Offshore | Actual Aggregated,2026-08-17T17:16:10Z
2026-08-17T17:12:16Z,2026-08-17T19:12:16+0200,f372a1fc-a0b6-48c3-b979-dc927b00239d,2026-07-25T17:30:00Z,2026-07-25T19:30:00+0200,8.506,MW,NL,NL,actual_offshore_wind_generation,Wind Offshore | Actual Consumption,2026-08-17T17:16:10Z
2026-08-17T17:12:16Z,2026-08-17T19:12:16+0200,f372a1fc-a0b6-48c3-b979-dc927b00239d,2026-07-25T17:45:00Z,2026-07-25T19:45:00+0200,1494.346,MW,NL,NL,actual_offshore_wind_generation,Wind Offshore | Actual Aggregated,2026-08-17T17:16:10Z
2026-08-17T17:12:16Z,2026-08-17T19:12:16+0200,f372a1fc-a0b6-48c3-b979-dc927b00239d,2026-07-25T17:45:00Z,2026-07-25T19:45:00+0200,10.946,MW,NL,NL,actual_offshore_wind_generation,Wind Offshore | Actual Consumption,2026-08-17T17:16:10Z
2026-08-17T17:12:16Z,2026-08-17T19:12:16+0200,f372a1fc-a0b6-48c3-b979-dc927b00239d,2026-07-25T18:00:00Z,2026-07-25T20:00:00+0200,1687.805,MW,NL,NL,actual_offshore_wind_generation,Wind Offshore | Actual Aggregated,2026-08-17T17:16:10Z
2026-08-17T17:12:16Z,2026-08-17T19:12:16+0200,f372a1fc-a0b6-48c3-b979-dc927b00239d,2026-07-25T18:00:00Z,2026-07-25T20:00:00+0200,11.161,MW,NL,NL,actual_offshore_wind_generation,Wind Offshore | Actual Consumption,2026-08-17T17:16:10Z
2026-08-17T17:12:16Z,2026-08-17T19:12:16+0200,f372a1fc-a0b6-48c3-b979-dc927b00239d,2026-07-25T18:15:00Z,2026-07-25T20:15:00+0200,1865.752,MW,NL,NL,actual_offshore_wind_generation,Wind Offshore | Actual Aggregated,2026-08-17T17:16:10Z
2026-08-17T17:12:16Z,2026-08-17T19:12:16+0200,f372a1fc-a0b6-48c3-b979-dc927b00239d,2026-07-25T18:15:00Z,2026-07-25T20:15:00+0200,11.245,MW,NL,NL,actual_offshore_wind_generation,Wind Offshore | Actual Consumption,2026-08-17T17:16:10Z
2026-08-17T17:12:16Z,2026-08-17T19:12:16+0200,f372a1fc-a0b6-48c3-b979-dc927b00239d,2026-07-25T18:30:00Z,2026-07-25T20:30:00+0200,2011.335,MW,NL,NL,actual_offshore_wind_generation,Wind Offshore | Actual Aggregated,2026-08-17T17:16:10Z
2026-08-17T17:12:16Z,2026-08-17T19:12:16+0200,f372a1fc-a0b6-48c3-b979-dc927b00239d,2026-07-25T18:30:00Z,2026-07-25T20:30:00+0200,14.61,MW,NL,NL,actual_offshore_wind_generation,Wind Offshore | Actual Consumption,2026-08-17T17:16:10Z
2026-08-17T17:12:16Z,2026-08-17T19:12:16+0200,f372a1fc-a0b6-48c3-b979-dc927b00239d,2026-07-25T18:45:00Z,2026-07-25T20:45:00+0200,2122.537,MW,NL,NL,actual_offshore_wind_generation,Wind Offshore | Actual Aggregated,2026-08-17T17:16:10Z
2026-08-17T17:12:16Z,2026-08-17T19:12:16+0200,f372a1fc-a0b6-48c3-b979-dc927b00239d,2026-07-25T18:45:00Z,2026-07-25T20:45:00+0200,9.972,MW,NL,NL,actual_offshore_wind_generation,Wind Offshore | Actual Consumption,2026-08-17T17:16:10Z
2026-08-17T17:12:16Z,2026-08-17T19:12:16+0200,f372a1fc-a0b6-48c3-b979-dc927b00239d,2026-07-25T19:00:00Z,2026-07-25T21:00:00+0200,2278.633,MW,NL,NL,actual_offshore_wind_generation,Wind Offshore | Actual Aggregated,2026-08-17T17:16:10Z
2026-08-17T17:12:16Z,2026-08-17T19:12:16+0200,f372a1fc-a0b6-48c3-b979-dc927b00239d,2026-07-25T19:00:00Z,2026-07-25T21:00:00+0200,8.976,MW,NL,NL,actual_offshore_wind_generation,Wind Offshore | Actual Consumption,2026-08-17T17:16:10Z
2026-08-17T17:12:16Z,2026-08-17T19:12:16+0200,f372a1fc-a0b6-48c3-b979-dc927b00239d,2026-07-25T19:15:00Z,2026-07-25T21:15:00+0200,2425.617,MW,NL,NL,actual_offshore_wind_generation,Wind Offshore | Actual Aggregated,2026-08-17T17:16:10Z
2026-08-17T17:12:16Z,2026-08-17T19:12:16+0200,f372a1fc-a0b6-48c3-b979-dc927b00239d,2026-07-25T19:15:00Z,2026-07-25T21:15:00+0200,10.059,MW,NL,NL,actual_offshore_wind_generation,Wind Offshore | Actual Consumption,2026-08-17T17:16:10Z
2026-08-17T17:12:16Z,2026-08-17T19:12:16+0200,f372a1fc-a0b6-48c3-b979-dc927b00239d,2026-07-25T19:30:00Z,2026-07-25T21:30:00+0200,2558.102,MW,NL,NL,actual_offshore_wind_generation,Wind Offshore | Actual Aggregated,2026-08-17T17:16:10Z
2026-08-17T17:12:16Z,2026-08-17T19:12:16+0200,f372a1fc-a0b6-48c3-b979-dc927b00239d,2026-07-25T19:30:00Z,2026-07-25T21:30:00+0200,10.324,MW,NL,NL,actual_offshore_wind_generation,Wind Offshore | Actual Consumption,2026-08-17T17:16:10Z
2026-08-17T17:12:16Z,2026-08-17T19:12:16+0200,f372a1fc-a0b6-48c3-b979-dc927b00239d,2026-07-25T19:45:00Z,2026-07-25T21:45:00+0200,2622.393,MW,NL,NL,actual_offshore_wind_generation,Wind Offshore | Actual Aggregated,2026-08-17T17:16:10Z
2026-08-17T17:12:16Z,2026-08-17T19:12:16+0200,f372a1fc-a0b6-48c3-b979-dc927b00239d,2026-07-25T19:45:00Z,2026-07-25T21:45:00+0200,10.336,MW,NL,NL,actual_offshore_wind_generation,Wind Offshore | Actual Consumption,2026-08-17T17:16:10Z
2026-08-17T17:12:16Z,2026-08-17T19:12:16+0200,f372a1fc-a0b6-48c3-b979-dc927b00239d,2026-07-25T20:00:00Z,2026-07-25T22:00:00+0200,2644.751,MW,NL,NL,actual_offshore_wind_generation,Wind Offshore | Actual Aggregated,2026-08-17T17:16:10Z
2026-08-17T17:12:16Z,2026-08-17T19:12:16+0200,f372a1fc-a0b6-48c3-b979-dc927b00239d,2026-07-25T20:00:00Z,2026-07-25T22:00:00+0200,11.911,MW,NL,NL,actual_offshore_wind_generation,Wind Offshore | Actual Consumption,2026-08-17T17:16:10Z
2026-08-17T17:12:16Z,2026-08-17T19:12:16+0200,f372a1fc-a0b6-48c3-b979-dc927b00239d,2026-07-25T20:15:00Z,2026-07-25T22:15:00+0200,2580.145,MW,NL,NL,actual_offshore_wind_generation,Wind Offshore | Actual Aggregated,2026-08-17T17:16:10Z
2026-08-17T17:12:16Z,2026-08-17T19:12:16+0200,f372a1fc-a0b6-48c3-b979-dc927b00239d,2026-07-25T20:15:00Z,2026-07-25T22:15:00+0200,11.939,MW,NL,NL,actual_offshore_wind_generation,Wind Offshore | Actual Consumption,2026-08-17T17:16:10Z
2026-08-17T17:12:16Z,2026-08-17T19:12:16+0200,f372a1fc-a0b6-48c3-b979-dc927b00239d,2026-07-25T20:30:00Z,2026-07-25T22:30:00+0200,2530.097,MW,NL,NL,actual_offshore_wind_generation,Wind Offshore | Actual Aggregated,2026-08-17T17:16:10Z
2026-08-17T17:12:16Z,2026-08-17T19:12:16+0200,f372a1fc-a0b6-48c3-b979-dc927b00239d,2026-07-25T20:30:00Z,2026-07-25T22:30:00+0200,13.212,MW,NL,NL,actual_offshore_wind_generation,Wind Offshore | Actual Consumption,2026-08-17T17:16:10Z
2026-08-17T17:12:16Z,2026-08-17T19:12:16+0200,f372a1fc-a0b6-48c3-b979-dc927b00239d,2026-07-25T20:45:00Z,2026-07-25T22:45:00+0200,2578.714,MW,NL,NL,actual_offshore_wind_generation,Wind Offshore | Actual Aggregated,2026-08-17T17:16:10Z
2026-08-17T17:12:16Z,2026-08-17T19:12:16+0200,f372a1fc-a0b6-48c3-b979-dc927b00239d,2026-07-25T20:45:00Z,2026-07-25T22:45:00+0200,14.421,MW,NL,NL,actual_offshore_wind_generation,Wind Offshore | Actual Consumption,2026-08-17T17:16:10Z
2026-08-17T17:12:16Z,2026-08-17T19:12:16+0200,f372a1fc-a0b6-48c3-b979-dc927b00239d,2026-07-25T21:00:00Z,2026-07-25T23:00:00+0200,2610.671,MW,NL,NL,actual_offshore_wind_generation,Wind Offshore | Actual Aggregated,2026-08-17T17:16:10Z
2026-08-17T17:12:16Z,2026-08-17T19:12:16+0200,f372a1fc-a0b6-48c3-b979-dc927b00239d,2026-07-25T21:00:00Z,2026-07-25T23:00:00+0200,12.138,MW,NL,NL,actual_offshore_wind_generation,Wind Offshore | Actual Consumption,2026-08-17T17:16:10Z
2026-08-17T17:12:16Z,2026-08-17T19:12:16+0200,f372a1fc-a0b6-48c3-b979-dc927b00239d,2026-07-25T21:15:00Z,2026-07-25T23:15:00+0200,2600.583,MW,NL,NL,actual_offshore_wind_generation,Wind Offshore | Actual Aggregated,2026-08-17T17:16:10Z
2026-08-17T17:12:16Z,2026-08-17T19:12:16+0200,f372a1fc-a0b6-48c3-b979-dc927b00239d,2026-07-25T21:15:00Z,2026-07-25T23:15:00+0200,11.55,MW,NL,NL,actual_offshore_wind_generation,Wind Offshore | Actual Consumption,2026-08-17T17:16:10Z
2026-08-17T17:12:16Z,2026-08-17T19:12:16+0200,f372a1fc-a0b6-48c3-b979-dc927b00239d,2026-07-25T21:30:00Z,2026-07-25T23:30:00+0200,2611.933,MW,NL,NL,actual_offshore_wind_generation,Wind Offshore | Actual Aggregated,2026-08-17T17:16:10Z
2026-08-17T17:12:16Z,2026-08-17T19:12:16+0200,f372a1fc-a0b6-48c3-b979-dc927b00239d,2026-07-25T21:30:00Z,2026-07-25T23:30:00+0200,9.608,MW,NL,NL,actual_offshore_wind_generation,Wind Offshore | Actual Consumption,2026-08-17T17:16:10Z
2026-08-17T17:12:16Z,2026-08-17T19:12:16+0200,f372a1fc-a0b6-48c3-b979-dc927b00239d,2026-07-25T21:45:00Z,2026-07-25T23:45:00+0200,2495.374,MW,NL,NL,actual_offshore_wind_generation,Wind Offshore | Actual Aggregated,2026-08-17T17:16:10Z
2026-08-17T17:12:16Z,2026-08-17T19:12:16+0200,f372a1fc-a0b6-48c3-b979-dc927b00239d,2026-07-25T21:45:00Z,2026-07-25T23:45:00+0200,11.848,MW,NL,NL,actual_offshore_wind_generation,Wind Offshore | Actual Consumption,2026-08-17T17:16:10Z
2026-08-17T17:12:16Z,2026-08-17T19:12:16+0200,f372a1fc-a0b6-48c3-b979-dc927b00239d,2026-07-25T22:00:00Z,2026-07-26T00:00:00+0200,2258.573,MW,NL,NL,actual_offshore_wind_generation,Wind Offshore | Actual Aggregated,2026-08-17T17:16:10Z
2026-08-17T17:12:16Z,2026-08-17T19:12:16+0200,f372a1fc-a0b6-48c3-b979-dc927b00239d,2026-07-25T22:00:00Z,2026-07-26T00:00:00+0200,9.66,MW,NL,NL,actual_offshore_wind_generation,Wind Offshore | Actual Consumption,2026-08-17T17:16:10Z
2026-08-17T17:12:16Z,2026-08-17T19:12:16+0200,f372a1fc-a0b6-48c3-b979-dc927b00239d,2026-07-25T22:15:00Z,2026-07-26T00:15:00+0200,1973.506,MW,NL,NL,actual_offshore_wind_generation,Wind Offshore | Actual Aggregated,2026-08-17T17:16:10Z
2026-08-17T17:12:16Z,2026-08-17T19:12:16+0200,f372a1fc-a0b6-48c3-b979-dc927b00239d,2026-07-25T22:15:00Z,2026-07-26T00:15:00+0200,9.178,MW,NL,NL,actual_offshore_wind_generation,Wind Offshore | Actual Consumption,2026-08-17T17:16:10Z
2026-08-17T17:12:16Z,2026-08-17T19:12:16+0200,f372a1fc-a0b6-48c3-b979-dc927b00239d,2026-07-25T22:30:00Z,2026-07-26T00:30:00+0200,1786.999,MW,NL,NL,actual_offshore_wind_generation,Wind Offshore | Actual Aggregated,2026-08-17T17:16:10Z
2026-08-17T17:12:16Z,2026-08-17T19:12:16+0200,f372a1fc-a0b6-48c3-b979-dc927b00239d,2026-07-25T22:30:00Z,2026-07-26T00:30:00+0200,14.353,MW,NL,NL,actual_offshore_wind_generation,Wind Offshore | Actual Consumption,2026-08-17T17:16:10Z
2026-08-17T17:12:16Z,2026-08-17T19:12:16+0200,f372a1fc-a0b6-48c3-b979-dc927b00239d,2026-07-25T22:45:00Z,2026-07-26T00:45:00+0200,1645.729,MW,NL,NL,actual_offshore_wind_generation,Wind Offshore | Actual Aggregated,2026-08-17T17:16:10Z
2026-08-17T17:12:16Z,2026-08-17T19:12:16+0200,f372a1fc-a0b6-48c3-b979-dc927b00239d,2026-07-25T22:45:00Z,2026-07-26T00:45:00+0200,16.711,MW,NL,NL,actual_offshore_wind_generation,Wind Offshore | Actual Consumption,2026-08-17T17:16:10Z
2026-08-17T17:12:16Z,2026-08-17T19:12:16+0200,f372a1fc-a0b6-48c3-b979-dc927b00239d,2026-07-25T23:00:00Z,2026-07-26T01:00:00+0200,1460.414,MW,NL,NL,actual_offshore_wind_generation,Wind Offshore | Actual Aggregated,2026-08-17T17:16:10Z
2026-08-17T17:12:16Z,2026-08-17T19:12:16+0200,f372a1fc-a0b6-48c3-b979-dc927b00239d,2026-07-25T23:00:00Z,2026-07-26T01:00:00+0200,10.694,MW,NL,NL,actual_offshore_wind_generation,Wind Offshore | Actual Consumption,2026-08-17T17:16:10Z
2026-08-17T17:12:16Z,2026-08-17T19:12:16+0200,f372a1fc-a0b6-48c3-b979-dc927b00239d,2026-07-25T23:15:00Z,2026-07-26T01:15:00+0200,1266.191,MW,NL,NL,actual_offshore_wind_generation,Wind Offshore | Actual Aggregated,2026-08-17T17:16:10Z
2026-08-17T17:12:16Z,2026-08-17T19:12:16+0200,f372a1fc-a0b6-48c3-b979-dc927b00239d,2026-07-25T23:15:00Z,2026-07-26T01:15:00+0200,6.695,MW,NL,NL,actual_offshore_wind_generation,Wind Offshore | Actual Consumption,2026-08-17T17:16:10Z
2026-08-17T17:12:16Z,2026-08-17T19:12:16+0200,f372a1fc-a0b6-48c3-b979-dc927b00239d,2026-07-25T23:30:00Z,2026-07-26T01:30:00+0200,1227.839,MW,NL,NL,actual_offshore_wind_generation,Wind Offshore | Actual Aggregated,2026-08-17T17:16:10Z
2026-08-17T17:12:16Z,2026-08-17T19:12:16+0200,f372a1fc-a0b6-48c3-b979-dc927b00239d,2026-07-25T23:30:00Z,2026-07-26T01:30:00+0200,9.519,MW,NL,NL,actual_offshore_wind_generation,Wind Offshore | Actual Consumption,2026-08-17T17:16:10Z
2026-08-17T17:12:16Z,2026-08-17T19:12:16+0200,f372a1fc-a0b6-48c3-b979-dc927b00239d,2026-07-25T23:45:00Z,2026-07-26T01:45:00+0200,1069.943,MW,NL,NL,actual_offshore_wind_generation,Wind Offshore | Actual Aggregated,2026-08-17T17:16:10Z
2026-08-17T17:12:16Z,2026-08-17T19:12:16+0200,f372a1fc-a0b6-48c3-b979-dc927b00239d,2026-07-25T23:45:00Z,2026-07-26T01:45:00+0200,9.439,MW,NL,NL,actual_offshore_wind_generation,Wind Offshore | Actual Consumption,2026-08-17T17:16:10Z
2026-08-17T17:12:16Z,2026-08-17T19:12:16+0200,f372a1fc-a0b6-48c3-b979-dc927b00239d,2026-07-26T00:00:00Z,2026-07-26T02:00:00+0200,802.092,MW,NL,NL,actual_offshore_wind_generation,Wind Offshore | Actual Aggregated,2026-08-17T17:16:10Z
2026-08-17T17:12:16Z,2026-08-17T19:12:16+0200,f372a1fc-a0b6-48c3-b979-dc927b00239d,2026-07-26T00:00:00Z,2026-07-26T02:00:00+0200,7.691,MW,NL,NL,actual_offshore_wind_generation,Wind Offshore | Actual Consumption,2026-08-17T17:16:10Z
2026-08-17T17:12:16Z,2026-08-17T19:12:16+0200,f372a1fc-a0b6-48c3-b979-dc927b00239d,2026-07-26T00:15:00Z,2026-07-26T02:15:00+0200,582.08,MW,NL,NL,actual_offshore_wind_generation,Wind Offshore | Actual Aggregated,2026-08-17T17:16:10Z
2026-08-17T17:12:16Z,2026-08-17T19:12:16+0200,f372a1fc-a0b6-48c3-b979-dc927b00239d,2026-07-26T00:15:00Z,2026-07-26T02:15:00+0200,5.54,MW,NL,NL,actual_offshore_wind_generation,Wind Offshore | Actual Consumption,2026-08-17T17:16:10Z
2026-08-17T17:12:16Z,2026-08-17T19:12:16+0200,f372a1fc-a0b6-48c3-b979-dc927b00239d,2026-07-26T00:30:00Z,2026-07-26T02:30:00+0200,391.102,MW,NL,NL,actual_offshore_wind_generation,Wind Offshore | Actual Aggregated,2026-08-17T17:16:10Z
2026-08-17T17:12:16Z,2026-08-17T19:12:16+0200,f372a1fc-a0b6-48c3-b979-dc927b00239d,2026-07-26T00:30:00Z,2026-07-26T02:30:00+0200,6.983,MW,NL,NL,actual_offshore_wind_generation,Wind Offshore | Actual Consumption,2026-08-17T17:16:10Z
2026-08-17T17:12:16Z,2026-08-17T19:12:16+0200,f372a1fc-a0b6-48c3-b979-dc927b00239d,2026-07-26T00:45:00Z,2026-07-26T02:45:00+0200,261.643,MW,NL,NL,actual_offshore_wind_generation,Wind Offshore | Actual Aggregated,2026-08-17T17:16:10Z
2026-08-17T17:12:16Z,2026-08-17T19:12:16+0200,f372a1fc-a0b6-48c3-b979-dc927b00239d,2026-07-26T00:45:00Z,2026-07-26T02:45:00+0200,6.138,MW,NL,NL,actual_offshore_wind_generation,Wind Offshore | Actual Consumption,2026-08-17T17:16:10Z
2026-08-17T17:12:16Z,2026-08-17T19:12:16+0200,f372a1fc-a0b6-48c3-b979-dc927b00239d,2026-07-26T01:00:00Z,2026-07-26T03:00:00+0200,213.157,MW,NL,NL,actual_offshore_wind_generation,Wind Offshore | Actual Aggregated,2026-08-17T17:16:10Z
2026-08-17T17:12:16Z,2026-08-17T19:12:16+0200,f372a1fc-a0b6-48c3-b979-dc927b00239d,2026-07-26T01:00:00Z,2026-07-26T03:00:00+0200,8.876,MW,NL,NL,actual_offshore_wind_generation,Wind Offshore | Actual Consumption,2026-08-17T17:16:10Z
2026-08-17T17:12:16Z,2026-08-17T19:12:16+0200,f372a1fc-a0b6-48c3-b979-dc927b00239d,2026-07-26T01:15:00Z,2026-07-26T03:15:00+0200,193.285,MW,NL,NL,actual_offshore_wind_generation,Wind Offshore | Actual Aggregated,2026-08-17T17:16:10Z
2026-08-17T17:12:16Z,2026-08-17T19:12:16+0200,f372a1fc-a0b6-48c3-b979-dc927b00239d,2026-07-26T01:15:00Z,2026-07-26T03:15:00+0200,11.933,MW,NL,NL,actual_offshore_wind_generation,Wind Offshore | Actual Consumption,2026-08-17T17:16:10Z
2026-08-17T17:12:16Z,2026-08-17T19:12:16+0200,f372a1fc-a0b6-48c3-b979-dc927b00239d,2026-07-26T01:30:00Z,2026-07-26T03:30:00+0200,204.206,MW,NL,NL,actual_offshore_wind_generation,Wind Offshore | Actual Aggregated,2026-08-17T17:16:10Z
2026-08-17T17:12:16Z,2026-08-17T19:12:16+0200,f372a1fc-a0b6-48c3-b979-dc927b00239d,2026-07-26T01:30:00Z,2026-07-26T03:30:00+0200,13.837,MW,NL,NL,actual_offshore_wind_generation,Wind Offshore | Actual Consumption,2026-08-17T17:16:10Z
2026-08-17T17:12:16Z,2026-08-17T19:12:16+0200,f372a1fc-a0b6-48c3-b979-dc927b00239d,2026-07-26T01:45:00Z,2026-07-26T03:45:00+0200,206.391,MW,NL,NL,actual_offshore_wind_generation,Wind Offshore | Actual Aggregated,2026-08-17T17:16:10Z
2026-08-17T17:12:16Z,2026-08-17T19:12:16+0200,f372a1fc-a0b6-48c3-b979-dc927b00239d,2026-07-26T01:45:00Z,2026-07-26T03:45:00+0200,15.496,MW,NL,NL,actual_offshore_wind_generation,Wind Offshore | Actual Consumption,2026-08-17T17:16:10Z
2026-08-17T17:12:16Z,2026-08-17T19:12:16+0200,f372a1fc-a0b6-48c3-b979-dc927b00239d,2026-07-26T02:00:00Z,2026-07-26T04:00:00+0200,261.194,MW,NL,NL,actual_offshore_wind_generation,Wind Offshore | Actual Aggregated,2026-08-17T17:16:10Z
2026-08-17T17:12:16Z,2026-08-17T19:12:16+0200,f372a1fc-a0b6-48c3-b979-dc927b00239d,2026-07-26T02:00:00Z,2026-07-26T04:00:00+0200,15.09,MW,NL,NL,actual_offshore_wind_generation,Wind Offshore | Actual Consumption,2026-08-17T17:16:10Z
2026-08-17T17:12:16Z,2026-08-17T19:12:16+0200,f372a1fc-a0b6-48c3-b979-dc927b00239d,2026-07-26T02:15:00Z,2026-07-26T04:15:00+0200,276.722,MW,NL,NL,actual_offshore_wind_generation,Wind Offshore | Actual Aggregated,2026-08-17T17:16:10Z
2026-08-17T17:12:16Z,2026-08-17T19:12:16+0200,f372a1fc-a0b6-48c3-b979-dc927b00239d,2026-07-26T02:15:00Z,2026-07-26T04:15:00+0200,13.931,MW,NL,NL,actual_offshore_wind_generation,Wind Offshore | Actual Consumption,2026-08-17T17:16:10Z
2026-08-17T17:12:16Z,2026-08-17T19:12:16+0200,f372a1fc-a0b6-48c3-b979-dc927b00239d,2026-07-26T02:30:00Z,2026-07-26T04:30:00+0200,240.887,MW,NL,NL,actual_offshore_wind_generation,Wind Offshore | Actual Aggregated,2026-08-17T17:16:10Z
2026-08-17T17:12:16Z,2026-08-17T19:12:16+0200,f372a1fc-a0b6-48c3-b979-dc927b00239d,2026-07-26T02:30:00Z,2026-07-26T04:30:00+0200,9.584,MW,NL,NL,actual_offshore_wind_generation,Wind Offshore | Actual Consumption,2026-08-17T17:16:10Z
2026-08-17T17:12:16Z,2026-08-17T19:12:16+0200,f372a1fc-a0b6-48c3-b979-dc927b00239d,2026-07-26T02:45:00Z,2026-07-26T04:45:00+0200,294.707,MW,NL,NL,actual_offshore_wind_generation,Wind Offshore | Actual Aggregated,2026-08-17T17:16:10Z
2026-08-17T17:12:16Z,2026-08-17T19:12:16+0200,f372a1fc-a0b6-48c3-b979-dc927b00239d,2026-07-26T02:45:00Z,2026-07-26T04:45:00+0200,6.02,MW,NL,NL,actual_offshore_wind_generation,Wind Offshore | Actual Consumption,2026-08-17T17:16:10Z
2026-08-17T17:12:16Z,2026-08-17T19:12:16+0200,f372a1fc-a0b6-48c3-b979-dc927b00239d,2026-07-26T03:00:00Z,2026-07-26T05:00:00+0200,366.525,MW,NL,NL,actual_offshore_wind_generation,Wind Offshore | Actual Aggregated,2026-08-17T17:16:10Z
2026-08-17T17:12:16Z,2026-08-17T19:12:16+0200,f372a1fc-a0b6-48c3-b979-dc927b00239d,2026-07-26T03:00:00Z,2026-07-26T05:00:00+0200,4.73,MW,NL,NL,actual_offshore_wind_generation,Wind Offshore | Actual Consumption,2026-08-17T17:16:10Z
2026-08-17T17:12:16Z,2026-08-17T19:12:16+0200,f372a1fc-a0b6-48c3-b979-dc927b00239d,2026-07-26T03:15:00Z,2026-07-26T05:15:00+0200,422.032,MW,NL,NL,actual_offshore_wind_generation,Wind Offshore | Actual Aggregated,2026-08-17T17:16:10Z
2026-08-17T17:12:16Z,2026-08-17T19:12:16+0200,f372a1fc-a0b6-48c3-b979-dc927b00239d,2026-07-26T03:15:00Z,2026-07-26T05:15:00+0200,5.003,MW,NL,NL,actual_offshore_wind_generation,Wind Offshore | Actual Consumption,2026-08-17T17:16:10Z
2026-08-17T17:12:16Z,2026-08-17T19:12:16+0200,f372a1fc-a0b6-48c3-b979-dc927b00239d,2026-07-26T03:30:00Z,2026-07-26T05:30:00+0200,485.899,MW,NL,NL,actual_offshore_wind_generation,Wind Offshore | Actual Aggregated,2026-08-17T17:16:10Z
2026-08-17T17:12:16Z,2026-08-17T19:12:16+0200,f372a1fc-a0b6-48c3-b979-dc927b00239d,2026-07-26T03:30:00Z,2026-07-26T05:30:00+0200,6.048,MW,NL,NL,actual_offshore_wind_generation,Wind Offshore | Actual Consumption,2026-08-17T17:16:10Z
2026-08-17T17:12:16Z,2026-08-17T19:12:16+0200,f372a1fc-a0b6-48c3-b979-dc927b00239d,2026-07-26T03:45:00Z,2026-07-26T05:45:00+0200,549.781,MW,NL,NL,actual_offshore_wind_generation,Wind Offshore | Actual Aggregated,2026-08-17T17:16:10Z
2026-08-17T17:12:16Z,2026-08-17T19:12:16+0200,f372a1fc-a0b6-48c3-b979-dc927b00239d,2026-07-26T03:45:00Z,2026-07-26T05:45:00+0200,3.81,MW,NL,NL,actual_offshore_wind_generation,Wind Offshore | Actual Consumption,2026-08-17T17:16:10Z
2026-08-17T17:12:16Z,2026-08-17T19:12:16+0200,f372a1fc-a0b6-48c3-b979-dc927b00239d,2026-07-26T04:00:00Z,2026-07-26T06:00:00+0200,527.492,MW,NL,NL,actual_offshore_wind_generation,Wind Offshore | Actual Aggregated,2026-08-17T17:16:10Z
2026-08-17T17:12:16Z,2026-08-17T19:12:16+0200,f372a1fc-a0b6-48c3-b979-dc927b00239d,2026-07-26T04:00:00Z,2026-07-26T06:00:00+0200,3.884,MW,NL,NL,actual_offshore_wind_generation,Wind Offshore | Actual Consumption,2026-08-17T17:16:10Z
2026-08-17T17:12:16Z,2026-08-17T19:12:16+0200,f372a1fc-a0b6-48c3-b979-dc927b00239d,2026-07-26T04:15:00Z,2026-07-26T06:15:00+0200,451.853,MW,NL,NL,actual_offshore_wind_generation,Wind Offshore | Actual Aggregated,2026-08-17T17:16:10Z
2026-08-17T17:12:16Z,2026-08-17T19:12:16+0200,f372a1fc-a0b6-48c3-b979-dc927b00239d,2026-07-26T04:15:00Z,2026-07-26T06:15:00+0200,2.515,MW,NL,NL,actual_offshore_wind_generation,Wind Offshore | Actual Consumption,2026-08-17T17:16:10Z
2026-08-17T17:12:16Z,2026-08-17T19:12:16+0200,f372a1fc-a0b6-48c3-b979-dc927b00239d,2026-07-26T04:30:00Z,2026-07-26T06:30:00+0200,399.714,MW,NL,NL,actual_offshore_wind_generation,Wind Offshore | Actual Aggregated,2026-08-17T17:16:10Z
2026-08-17T17:12:16Z,2026-08-17T19:12:16+0200,f372a1fc-a0b6-48c3-b979-dc927b00239d,2026-07-26T04:30:00Z,2026-07-26T06:30:00+0200,2.98,MW,NL,NL,actual_offshore_wind_generation,Wind Offshore | Actual Consumption,2026-08-17T17:16:10Z
2026-08-17T17:12:16Z,2026-08-17T19:12:16+0200,f372a1fc-a0b6-48c3-b979-dc927b00239d,2026-07-26T04:45:00Z,2026-07-26T06:45:00+0200,350.369,MW,NL,NL,actual_offshore_wind_generation,Wind Offshore | Actual Aggregated,2026-08-17T17:16:10Z
2026-08-17T17:12:16Z,2026-08-17T19:12:16+0200,f372a1fc-a0b6-48c3-b979-dc927b00239d,2026-07-26T04:45:00Z,2026-07-26T06:45:00+0200,2.009,MW,NL,NL,actual_offshore_wind_generation,Wind Offshore | Actual Consumption,2026-08-17T17:16:10Z
2026-08-17T17:12:16Z,2026-08-17T19:12:16+0200,f372a1fc-a0b6-48c3-b979-dc927b00239d,2026-07-26T05:00:00Z,2026-07-26T07:00:00+0200,362.324,MW,NL,NL,actual_offshore_wind_generation,Wind Offshore | Actual Aggregated,2026-08-17T17:16:10Z
2026-08-17T17:12:16Z,2026-08-17T19:12:16+0200,f372a1fc-a0b6-48c3-b979-dc927b00239d,2026-07-26T05:00:00Z,2026-07-26T07:00:00+0200,3.323,MW,NL,NL,actual_offshore_wind_generation,Wind Offshore | Actual Consumption,2026-08-17T17:16:10Z
2026-08-17T17:12:16Z,2026-08-17T19:12:16+0200,f372a1fc-a0b6-48c3-b979-dc927b00239d,2026-07-26T05:15:00Z,2026-07-26T07:15:00+0200,467.605,MW,NL,NL,actual_offshore_wind_generation,Wind Offshore | Actual Aggregated,2026-08-17T17:16:10Z
2026-08-17T17:12:16Z,2026-08-17T19:12:16+0200,f372a1fc-a0b6-48c3-b979-dc927b00239d,2026-07-26T05:15:00Z,2026-07-26T07:15:00+0200,2.996,MW,NL,NL,actual_offshore_wind_generation,Wind Offshore | Actual Consumption,2026-08-17T17:16:10Z
2026-08-17T17:12:16Z,2026-08-17T19:12:16+0200,f372a1fc-a0b6-48c3-b979-dc927b00239d,2026-07-26T05:30:00Z,2026-07-26T07:30:00+0200,588.319,MW,NL,NL,actual_offshore_wind_generation,Wind Offshore | Actual Aggregated,2026-08-17T17:16:10Z
2026-08-17T17:12:16Z,2026-08-17T19:12:16+0200,f372a1fc-a0b6-48c3-b979-dc927b00239d,2026-07-26T05:30:00Z,2026-07-26T07:30:00+0200,4.132,MW,NL,NL,actual_offshore_wind_generation,Wind Offshore | Actual Consumption,2026-08-17T17:16:10Z
2026-08-17T17:12:16Z,2026-08-17T19:12:16+0200,f372a1fc-a0b6-48c3-b979-dc927b00239d,2026-07-26T05:45:00Z,2026-07-26T07:45:00+0200,735.249,MW,NL,NL,actual_offshore_wind_generation,Wind Offshore | Actual Aggregated,2026-08-17T17:16:10Z
2026-08-17T17:12:16Z,2026-08-17T19:12:16+0200,f372a1fc-a0b6-48c3-b979-dc927b00239d,2026-07-26T05:45:00Z,2026-07-26T07:45:00+0200,4.31,MW,NL,NL,actual_offshore_wind_generation,Wind Offshore | Actual Consumption,2026-08-17T17:16:10Z
2026-08-17T17:12:16Z,2026-08-17T19:12:16+0200,f372a1fc-a0b6-48c3-b979-dc927b00239d,2026-07-26T06:00:00Z,2026-07-26T08:00:00+0200,911.574,MW,NL,NL,actual_offshore_wind_generation,Wind Offshore | Actual Aggregated,2026-08-17T17:16:10Z
2026-08-17T17:12:16Z,2026-08-17T19:12:16+0200,f372a1fc-a0b6-48c3-b979-dc927b00239d,2026-07-26T06:00:00Z,2026-07-26T08:00:00+0200,4.863,MW,NL,NL,actual_offshore_wind_generation,Wind Offshore | Actual Consumption,2026-08-17T17:16:10Z
2026-08-17T17:12:16Z,2026-08-17T19:12:16+0200,f372a1fc-a0b6-48c3-b979-dc927b00239d,2026-07-26T06:15:00Z,2026-07-26T08:15:00+0200,1323.158,MW,NL,NL,actual_offshore_wind_generation,Wind Offshore | Actual Aggregated,2026-08-17T17:16:10Z
2026-08-17T17:12:16Z,2026-08-17T19:12:16+0200,f372a1fc-a0b6-48c3-b979-dc927b00239d,2026-07-26T06:15:00Z,2026-07-26T08:15:00+0200,6.415,MW,NL,NL,actual_offshore_wind_generation,Wind Offshore | Actual Consumption,2026-08-17T17:16:10Z
2026-08-17T17:12:16Z,2026-08-17T19:12:16+0200,f372a1fc-a0b6-48c3-b979-dc927b00239d,2026-07-26T06:30:00Z,2026-07-26T08:30:00+0200,1497.118,MW,NL,NL,actual_offshore_wind_generation,Wind Offshore | Actual Aggregated,2026-08-17T17:16:10Z
2026-08-17T17:12:16Z,2026-08-17T19:12:16+0200,f372a1fc-a0b6-48c3-b979-dc927b00239d,2026-07-26T06:30:00Z,2026-07-26T08:30:00+0200,8.085,MW,NL,NL,actual_offshore_wind_generation,Wind Offshore | Actual Consumption,2026-08-17T17:16:10Z
2026-08-17T17:12:16Z,2026-08-17T19:12:16+0200,f372a1fc-a0b6-48c3-b979-dc927b00239d,2026-07-26T06:45:00Z,2026-07-26T08:45:00+0200,858.587,MW,NL,NL,actual_offshore_wind_generation,Wind Offshore | Actual Aggregated,2026-08-17T17:16:10Z
2026-08-17T17:12:16Z,2026-08-17T19:12:16+0200,f372a1fc-a0b6-48c3-b979-dc927b00239d,2026-07-26T06:45:00Z,2026-07-26T08:45:00+0200,8.75,MW,NL,NL,actual_offshore_wind_generation,Wind Offshore | Actual Consumption,2026-08-17T17:16:10Z
2026-08-17T17:12:16Z,2026-08-17T19:12:16+0200,f372a1fc-a0b6-48c3-b979-dc927b00239d,2026-07-26T07:00:00Z,2026-07-26T09:00:00+0200,757.096,MW,NL,NL,actual_offshore_wind_generation,Wind Offshore | Actual Aggregated,2026-08-17T17:16:10Z
2026-08-17T17:12:16Z,2026-08-17T19:12:16+0200,f372a1fc-a0b6-48c3-b979-dc927b00239d,2026-07-26T07:00:00Z,2026-07-26T09:00:00+0200,10.463,MW,NL,NL,actual_offshore_wind_generation,Wind Offshore | Actual Consumption,2026-08-17T17:16:10Z
2026-08-17T17:12:16Z,2026-08-17T19:12:16+0200,f372a1fc-a0b6-48c3-b979-dc927b00239d,2026-07-26T07:15:00Z,2026-07-26T09:15:00+0200,901.561,MW,NL,NL,actual_offshore_wind_generation,Wind Offshore | Actual Aggregated,2026-08-17T17:16:10Z
2026-08-17T17:12:16Z,2026-08-17T19:12:16+0200,f372a1fc-a0b6-48c3-b979-dc927b00239d,2026-07-26T07:15:00Z,2026-07-26T09:15:00+0200,7.65,MW,NL,NL,actual_offshore_wind_generation,Wind Offshore | Actual Consumption,2026-08-17T17:16:10Z
2026-08-17T17:12:16Z,2026-08-17T19:12:16+0200,f372a1fc-a0b6-48c3-b979-dc927b00239d,2026-07-26T07:30:00Z,2026-07-26T09:30:00+0200,868.403,MW,NL,NL,actual_offshore_wind_generation,Wind Offshore | Actual Aggregated,2026-08-17T17:16:10Z
2026-08-17T17:12:16Z,2026-08-17T19:12:16+0200,f372a1fc-a0b6-48c3-b979-dc927b00239d,2026-07-26T07:30:00Z,2026-07-26T09:30:00+0200,5.934,MW,NL,NL,actual_offshore_wind_generation,Wind Offshore | Actual Consumption,2026-08-17T17:16:10Z
2026-08-17T17:12:16Z,2026-08-17T19:12:16+0200,f372a1fc-a0b6-48c3-b979-dc927b00239d,2026-07-26T07:45:00Z,2026-07-26T09:45:00+0200,803.579,MW,NL,NL,actual_offshore_wind_generation,Wind Offshore | Actual Aggregated,2026-08-17T17:16:10Z
2026-08-17T17:12:16Z,2026-08-17T19:12:16+0200,f372a1fc-a0b6-48c3-b979-dc927b00239d,2026-07-26T07:45:00Z,2026-07-26T09:45:00+0200,2.592,MW,NL,NL,actual_offshore_wind_generation,Wind Offshore | Actual Consumption,2026-08-17T17:16:10Z
2026-08-17T17:12:16Z,2026-08-17T19:12:16+0200,f372a1fc-a0b6-48c3-b979-dc927b00239d,2026-07-26T08:00:00Z,2026-07-26T10:00:00+0200,1112.406,MW,NL,NL,actual_offshore_wind_generation,Wind Offshore | Actual Aggregated,2026-08-17T17:16:10Z
2026-08-17T17:12:16Z,2026-08-17T19:12:16+0200,f372a1fc-a0b6-48c3-b979-dc927b00239d,2026-07-26T08:00:00Z,2026-07-26T10:00:00+0200,2.859,MW,NL,NL,actual_offshore_wind_generation,Wind Offshore | Actual Consumption,2026-08-17T17:16:10Z
2026-08-17T17:12:16Z,2026-08-17T19:12:16+0200,f372a1fc-a0b6-48c3-b979-dc927b00239d,2026-07-26T08:15:00Z,2026-07-26T10:15:00+0200,1423.487,MW,NL,NL,actual_offshore_wind_generation,Wind Offshore | Actual Aggregated,2026-08-17T17:16:10Z
2026-08-17T17:12:16Z,2026-08-17T19:12:16+0200,f372a1fc-a0b6-48c3-b979-dc927b00239d,2026-07-26T08:15:00Z,2026-07-26T10:15:00+0200,2.065,MW,NL,NL,actual_offshore_wind_generation,Wind Offshore | Actual Consumption,2026-08-17T17:16:10Z
2026-08-17T17:12:16Z,2026-08-17T19:12:16+0200,f372a1fc-a0b6-48c3-b979-dc927b00239d,2026-07-26T08:30:00Z,2026-07-26T10:30:00+0200,1504.891,MW,NL,NL,actual_offshore_wind_generation,Wind Offshore | Actual Aggregated,2026-08-17T17:16:10Z
2026-08-17T17:12:16Z,2026-08-17T19:12:16+0200,f372a1fc-a0b6-48c3-b979-dc927b00239d,2026-07-26T08:30:00Z,2026-07-26T10:30:00+0200,2.058,MW,NL,NL,actual_offshore_wind_generation,Wind Offshore | Actual Consumption,2026-08-17T17:16:10Z
2026-08-17T17:12:16Z,2026-08-17T19:12:16+0200,f372a1fc-a0b6-48c3-b979-dc927b00239d,2026-07-26T08:45:00Z,2026-07-26T10:45:00+0200,1385.835,MW,NL,NL,actual_offshore_wind_generation,Wind Offshore | Actual Aggregated,2026-08-17T17:16:10Z
2026-08-17T17:12:16Z,2026-08-17T19:12:16+0200,f372a1fc-a0b6-48c3-b979-dc927b00239d,2026-07-26T08:45:00Z,2026-07-26T10:45:00+0200,2.141,MW,NL,NL,actual_offshore_wind_generation,Wind Offshore | Actual Consumption,2026-08-17T17:16:10Z
2026-08-17T17:12:16Z,2026-08-17T19:12:16+0200,f372a1fc-a0b6-48c3-b979-dc927b00239d,2026-07-26T09:00:00Z,2026-07-26T11:00:00+0200,1543.382,MW,NL,NL,actual_offshore_wind_generation,Wind Offshore | Actual Aggregated,2026-08-17T17:16:10Z
2026-08-17T17:12:16Z,2026-08-17T19:12:16+0200,f372a1fc-a0b6-48c3-b979-dc927b00239d,2026-07-26T09:00:00Z,2026-07-26T11:00:00+0200,2.046,MW,NL,NL,actual_offshore_wind_generation,Wind Offshore | Actual Consumption,2026-08-17T17:16:10Z
2026-08-17T17:12:16Z,2026-08-17T19:12:16+0200,f372a1fc-a0b6-48c3-b979-dc927b00239d,2026-07-26T09:15:00Z,2026-07-26T11:15:00+0200,1192.975,MW,NL,NL,actual_offshore_wind_generation,Wind Offshore | Actual Aggregated,2026-08-17T17:16:10Z
2026-08-17T17:12:16Z,2026-08-17T19:12:16+0200,f372a1fc-a0b6-48c3-b979-dc927b00239d,2026-07-26T09:15:00Z,2026-07-26T11:15:00+0200,2.065,MW,NL,NL,actual_offshore_wind_generation,Wind Offshore | Actual Consumption,2026-08-17T17:16:10Z
2026-08-17T17:12:16Z,2026-08-17T19:12:16+0200,f372a1fc-a0b6-48c3-b979-dc927b00239d,2026-07-26T09:30:00Z,2026-07-26T11:30:00+0200,1409.986,MW,NL,NL,actual_offshore_wind_generation,Wind Offshore | Actual Aggregated,2026-08-17T17:16:10Z
2026-08-17T17:12:16Z,2026-08-17T19:12:16+0200,f372a1fc-a0b6-48c3-b979-dc927b00239d,2026-07-26T09:30:00Z,2026-07-26T11:30:00+0200,2.032,MW,NL,NL,actual_offshore_wind_generation,Wind Offshore | Actual Consumption,2026-08-17T17:16:10Z
2026-08-17T17:12:16Z,2026-08-17T19:12:16+0200,f372a1fc-a0b6-48c3-b979-dc927b00239d,2026-07-26T09:45:00Z,2026-07-26T11:45:00+0200,1861.461,MW,NL,NL,actual_offshore_wind_generation,Wind Offshore | Actual Aggregated,2026-08-17T17:16:10Z
2026-08-17T17:12:16Z,2026-08-17T19:12:16+0200,f372a1fc-a0b6-48c3-b979-dc927b00239d,2026-07-26T09:45:00Z,2026-07-26T11:45:00+0200,2.037,MW,NL,NL,actual_offshore_wind_generation,Wind Offshore | Actual Consumption,2026-08-17T17:16:10Z
2026-08-17T17:12:16Z,2026-08-17T19:12:16+0200,f372a1fc-a0b6-48c3-b979-dc927b00239d,2026-07-26T10:00:00Z,2026-07-26T12:00:00+0200,1327.351,MW,NL,NL,actual_offshore_wind_generation,Wind Offshore | Actual Aggregated,2026-08-17T17:16:10Z
2026-08-17T17:12:16Z,2026-08-17T19:12:16+0200,f372a1fc-a0b6-48c3-b979-dc927b00239d,2026-07-26T10:00:00Z,2026-07-26T12:00:00+0200,16.884,MW,NL,NL,actual_offshore_wind_generation,Wind Offshore | Actual Consumption,2026-08-17T17:16:10Z
2026-08-17T17:12:16Z,2026-08-17T19:12:16+0200,f372a1fc-a0b6-48c3-b979-dc927b00239d,2026-07-26T10:15:00Z,2026-07-26T12:15:00+0200,1482.209,MW,NL,NL,actual_offshore_wind_generation,Wind Offshore | Actual Aggregated,2026-08-17T17:16:10Z
2026-08-17T17:12:16Z,2026-08-17T19:12:16+0200,f372a1fc-a0b6-48c3-b979-dc927b00239d,2026-07-26T10:15:00Z,2026-07-26T12:15:00+0200,18.817,MW,NL,NL,actual_offshore_wind_generation,Wind Offshore | Actual Consumption,2026-08-17T17:16:10Z
2026-08-17T17:12:16Z,2026-08-17T19:12:16+0200,f372a1fc-a0b6-48c3-b979-dc927b00239d,2026-07-26T10:30:00Z,2026-07-26T12:30:00+0200,1581.726,MW,NL,NL,actual_offshore_wind_generation,Wind Offshore | Actual Aggregated,2026-08-17T17:16:10Z
2026-08-17T17:12:16Z,2026-08-17T19:12:16+0200,f372a1fc-a0b6-48c3-b979-dc927b00239d,2026-07-26T10:30:00Z,2026-07-26T12:30:00+0200,18.037,MW,NL,NL,actual_offshore_wind_generation,Wind Offshore | Actual Consumption,2026-08-17T17:16:10Z
2026-08-17T17:12:16Z,2026-08-17T19:12:16+0200,f372a1fc-a0b6-48c3-b979-dc927b00239d,2026-07-26T10:45:00Z,2026-07-26T12:45:00+0200,1550.948,MW,NL,NL,actual_offshore_wind_generation,Wind Offshore | Actual Aggregated,2026-08-17T17:16:10Z
2026-08-17T17:12:16Z,2026-08-17T19:12:16+0200,f372a1fc-a0b6-48c3-b979-dc927b00239d,2026-07-26T10:45:00Z,2026-07-26T12:45:00+0200,18.875,MW,NL,NL,actual_offshore_wind_generation,Wind Offshore | Actual Consumption,2026-08-17T17:16:10Z
2026-08-17T17:12:16Z,2026-08-17T19:12:16+0200,f372a1fc-a0b6-48c3-b979-dc927b00239d,2026-07-26T11:00:00Z,2026-07-26T13:00:00+0200,1721.808,MW,NL,NL,actual_offshore_wind_generation,Wind Offshore | Actual Aggregated,2026-08-17T17:16:10Z
2026-08-17T17:12:16Z,2026-08-17T19:12:16+0200,f372a1fc-a0b6-48c3-b979-dc927b00239d,2026-07-26T11:00:00Z,2026-07-26T13:00:00+0200,18.874,MW,NL,NL,actual_offshore_wind_generation,Wind Offshore | Actual Consumption,2026-08-17T17:16:10Z
2026-08-17T17:12:16Z,2026-08-17T19:12:16+0200,f372a1fc-a0b6-48c3-b979-dc927b00239d,2026-07-26T11:15:00Z,2026-07-26T13:15:00+0200,1929.498,MW,NL,NL,actual_offshore_wind_generation,Wind Offshore | Actual Aggregated,2026-08-17T17:16:10Z
2026-08-17T17:12:16Z,2026-08-17T19:12:16+0200,f372a1fc-a0b6-48c3-b979-dc927b00239d,2026-07-26T11:15:00Z,2026-07-26T13:15:00+0200,18.737,MW,NL,NL,actual_offshore_wind_generation,Wind Offshore | Actual Consumption,2026-08-17T17:16:10Z
2026-08-17T17:12:16Z,2026-08-17T19:12:16+0200,f372a1fc-a0b6-48c3-b979-dc927b00239d,2026-07-26T11:30:00Z,2026-07-26T13:30:00+0200,2036.302,MW,NL,NL,actual_offshore_wind_generation,Wind Offshore | Actual Aggregated,2026-08-17T17:16:10Z
2026-08-17T17:12:16Z,2026-08-17T19:12:16+0200,f372a1fc-a0b6-48c3-b979-dc927b00239d,2026-07-26T11:30:00Z,2026-07-26T13:30:00+0200,18.745,MW,NL,NL,actual_offshore_wind_generation,Wind Offshore | Actual Consumption,2026-08-17T17:16:10Z
2026-08-17T17:12:16Z,2026-08-17T19:12:16+0200,f372a1fc-a0b6-48c3-b979-dc927b00239d,2026-07-26T11:45:00Z,2026-07-26T13:45:00+0200,1852.015,MW,NL,NL,actual_offshore_wind_generation,Wind Offshore | Actual Aggregated,2026-08-17T17:16:10Z
2026-08-17T17:12:16Z,2026-08-17T19:12:16+0200,f372a1fc-a0b6-48c3-b979-dc927b00239d,2026-07-26T11:45:00Z,2026-07-26T13:45:00+0200,18.651,MW,NL,NL,actual_offshore_wind_generation,Wind Offshore | Actual Consumption,2026-08-17T17:16:10Z
2026-08-17T17:12:16Z,2026-08-17T19:12:16+0200,f372a1fc-a0b6-48c3-b979-dc927b00239d,2026-07-26T12:00:00Z,2026-07-26T14:00:00+0200,1652.79,MW,NL,NL,actual_offshore_wind_generation,Wind Offshore | Actual Aggregated,2026-08-17T17:16:10Z
2026-08-17T17:12:16Z,2026-08-17T19:12:16+0200,f372a1fc-a0b6-48c3-b979-dc927b00239d,2026-07-26T12:00:00Z,2026-07-26T14:00:00+0200,18.738,MW,NL,NL,actual_offshore_wind_generation,Wind Offshore | Actual Consumption,2026-08-17T17:16:10Z
2026-08-17T17:12:16Z,2026-08-17T19:12:16+0200,f372a1fc-a0b6-48c3-b979-dc927b00239d,2026-07-26T12:15:00Z,2026-07-26T14:15:00+0200,1798.837,MW,NL,NL,actual_offshore_wind_generation,Wind Offshore | Actual Aggregated,2026-08-17T17:16:10Z
2026-08-17T17:12:16Z,2026-08-17T19:12:16+0200,f372a1fc-a0b6-48c3-b979-dc927b00239d,2026-07-26T12:15:00Z,2026-07-26T14:15:00+0200,18.759,MW,NL,NL,actual_offshore_wind_generation,Wind Offshore | Actual Consumption,2026-08-17T17:16:10Z
2026-08-17T17:12:16Z,2026-08-17T19:12:16+0200,f372a1fc-a0b6-48c3-b979-dc927b00239d,2026-07-26T12:30:00Z,2026-07-26T14:30:00+0200,1911.113,MW,NL,NL,actual_offshore_wind_generation,Wind Offshore | Actual Aggregated,2026-08-17T17:16:10Z
2026-08-17T17:12:16Z,2026-08-17T19:12:16+0200,f372a1fc-a0b6-48c3-b979-dc927b00239d,2026-07-26T12:30:00Z,2026-07-26T14:30:00+0200,18.927,MW,NL,NL,actual_offshore_wind_generation,Wind Offshore | Actual Consumption,2026-08-17T17:16:10Z
2026-08-17T17:12:16Z,2026-08-17T19:12:16+0200,f372a1fc-a0b6-48c3-b979-dc927b00239d,2026-07-26T12:45:00Z,2026-07-26T14:45:00+0200,1908.437,MW,NL,NL,actual_offshore_wind_generation,Wind Offshore | Actual Aggregated,2026-08-17T17:16:10Z
2026-08-17T17:12:16Z,2026-08-17T19:12:16+0200,f372a1fc-a0b6-48c3-b979-dc927b00239d,2026-07-26T12:45:00Z,2026-07-26T14:45:00+0200,18.797,MW,NL,NL,actual_offshore_wind_generation,Wind Offshore | Actual Consumption,2026-08-17T17:16:10Z
2026-08-17T17:12:16Z,2026-08-17T19:12:16+0200,f372a1fc-a0b6-48c3-b979-dc927b00239d,2026-07-26T13:00:00Z,2026-07-26T15:00:00+0200,1472.547,MW,NL,NL,actual_offshore_wind_generation,Wind Offshore | Actual Aggregated,2026-08-17T17:16:10Z
2026-08-17T17:12:16Z,2026-08-17T19:12:16+0200,f372a1fc-a0b6-48c3-b979-dc927b00239d,2026-07-26T13:00:00Z,2026-07-26T15:00:00+0200,18.849,MW,NL,NL,actual_offshore_wind_generation,Wind Offshore | Actual Consumption,2026-08-17T17:16:10Z
2026-08-17T17:12:16Z,2026-08-17T19:12:16+0200,f372a1fc-a0b6-48c3-b979-dc927b00239d,2026-07-26T13:15:00Z,2026-07-26T15:15:00+0200,1407.143,MW,NL,NL,actual_offshore_wind_generation,Wind Offshore | Actual Aggregated,2026-08-17T17:16:10Z
2026-08-17T17:12:16Z,2026-08-17T19:12:16+0200,f372a1fc-a0b6-48c3-b979-dc927b00239d,2026-07-26T13:15:00Z,2026-07-26T15:15:00+0200,17.609,MW,NL,NL,actual_offshore_wind_generation,Wind Offshore | Actual Consumption,2026-08-17T17:16:10Z
2026-08-17T17:12:16Z,2026-08-17T19:12:16+0200,f372a1fc-a0b6-48c3-b979-dc927b00239d,2026-07-26T13:30:00Z,2026-07-26T15:30:00+0200,1456.634,MW,NL,NL,actual_offshore_wind_generation,Wind Offshore | Actual Aggregated,2026-08-17T17:16:10Z
2026-08-17T17:12:16Z,2026-08-17T19:12:16+0200,f372a1fc-a0b6-48c3-b979-dc927b00239d,2026-07-26T13:30:00Z,2026-07-26T15:30:00+0200,14.867,MW,NL,NL,actual_offshore_wind_generation,Wind Offshore | Actual Consumption,2026-08-17T17:16:10Z
2026-08-17T17:12:16Z,2026-08-17T19:12:16+0200,f372a1fc-a0b6-48c3-b979-dc927b00239d,2026-07-26T13:45:00Z,2026-07-26T15:45:00+0200,1855.702,MW,NL,NL,actual_offshore_wind_generation,Wind Offshore | Actual Aggregated,2026-08-17T17:16:10Z
2026-08-17T17:12:16Z,2026-08-17T19:12:16+0200,f372a1fc-a0b6-48c3-b979-dc927b00239d,2026-07-26T13:45:00Z,2026-07-26T15:45:00+0200,10.359,MW,NL,NL,actual_offshore_wind_generation,Wind Offshore | Actual Consumption,2026-08-17T17:16:10Z
2026-08-17T17:12:16Z,2026-08-17T19:12:16+0200,f372a1fc-a0b6-48c3-b979-dc927b00239d,2026-07-26T14:00:00Z,2026-07-26T16:00:00+0200,1764.245,MW,NL,NL,actual_offshore_wind_generation,Wind Offshore | Actual Aggregated,2026-08-17T17:16:10Z
2026-08-17T17:12:16Z,2026-08-17T19:12:16+0200,f372a1fc-a0b6-48c3-b979-dc927b00239d,2026-07-26T14:00:00Z,2026-07-26T16:00:00+0200,8.68,MW,NL,NL,actual_offshore_wind_generation,Wind Offshore | Actual Consumption,2026-08-17T17:16:10Z
2026-08-17T17:12:16Z,2026-08-17T19:12:16+0200,f372a1fc-a0b6-48c3-b979-dc927b00239d,2026-07-26T14:15:00Z,2026-07-26T16:15:00+0200,1655.463,MW,NL,NL,actual_offshore_wind_generation,Wind Offshore | Actual Aggregated,2026-08-17T17:16:10Z
2026-08-17T17:12:16Z,2026-08-17T19:12:16+0200,f372a1fc-a0b6-48c3-b979-dc927b00239d,2026-07-26T14:15:00Z,2026-07-26T16:15:00+0200,4.808,MW,NL,NL,actual_offshore_wind_generation,Wind Offshore | Actual Consumption,2026-08-17T17:16:10Z
2026-08-17T17:12:16Z,2026-08-17T19:12:16+0200,f372a1fc-a0b6-48c3-b979-dc927b00239d,2026-07-26T14:30:00Z,2026-07-26T16:30:00+0200,1696.155,MW,NL,NL,actual_offshore_wind_generation,Wind Offshore | Actual Aggregated,2026-08-17T17:16:10Z
2026-08-17T17:12:16Z,2026-08-17T19:12:16+0200,f372a1fc-a0b6-48c3-b979-dc927b00239d,2026-07-26T14:30:00Z,2026-07-26T16:30:00+0200,6.583,MW,NL,NL,actual_offshore_wind_generation,Wind Offshore | Actual Consumption,2026-08-17T17:16:10Z
2026-08-17T17:12:16Z,2026-08-17T19:12:16+0200,f372a1fc-a0b6-48c3-b979-dc927b00239d,2026-07-26T14:45:00Z,2026-07-26T16:45:00+0200,1590.963,MW,NL,NL,actual_offshore_wind_generation,Wind Offshore | Actual Aggregated,2026-08-17T17:16:10Z
2026-08-17T17:12:16Z,2026-08-17T19:12:16+0200,f372a1fc-a0b6-48c3-b979-dc927b00239d,2026-07-26T14:45:00Z,2026-07-26T16:45:00+0200,3.059,MW,NL,NL,actual_offshore_wind_generation,Wind Offshore | Actual Consumption,2026-08-17T17:16:10Z
2026-08-17T17:12:16Z,2026-08-17T19:12:16+0200,f372a1fc-a0b6-48c3-b979-dc927b00239d,2026-07-26T15:00:00Z,2026-07-26T17:00:00+0200,1503.689,MW,NL,NL,actual_offshore_wind_generation,Wind Offshore | Actual Aggregated,2026-08-17T17:16:10Z
2026-08-17T17:12:16Z,2026-08-17T19:12:16+0200,f372a1fc-a0b6-48c3-b979-dc927b00239d,2026-07-26T15:00:00Z,2026-07-26T17:00:00+0200,7.989,MW,NL,NL,actual_offshore_wind_generation,Wind Offshore | Actual Consumption,2026-08-17T17:16:10Z
2026-08-17T17:12:16Z,2026-08-17T19:12:16+0200,f372a1fc-a0b6-48c3-b979-dc927b00239d,2026-07-26T15:15:00Z,2026-07-26T17:15:00+0200,1581.426,MW,NL,NL,actual_offshore_wind_generation,Wind Offshore | Actual Aggregated,2026-08-17T17:16:10Z
2026-08-17T17:12:16Z,2026-08-17T19:12:16+0200,f372a1fc-a0b6-48c3-b979-dc927b00239d,2026-07-26T15:15:00Z,2026-07-26T17:15:00+0200,4.267,MW,NL,NL,actual_offshore_wind_generation,Wind Offshore | Actual Consumption,2026-08-17T17:16:10Z
2026-08-17T17:12:16Z,2026-08-17T19:12:16+0200,f372a1fc-a0b6-48c3-b979-dc927b00239d,2026-07-26T15:30:00Z,2026-07-26T17:30:00+0200,1909.466,MW,NL,NL,actual_offshore_wind_generation,Wind Offshore | Actual Aggregated,2026-08-17T17:16:10Z
2026-08-17T17:12:16Z,2026-08-17T19:12:16+0200,f372a1fc-a0b6-48c3-b979-dc927b00239d,2026-07-26T15:30:00Z,2026-07-26T17:30:00+0200,2.382,MW,NL,NL,actual_offshore_wind_generation,Wind Offshore | Actual Consumption,2026-08-17T17:16:10Z
2026-08-17T17:12:16Z,2026-08-17T19:12:16+0200,f372a1fc-a0b6-48c3-b979-dc927b00239d,2026-07-26T15:45:00Z,2026-07-26T17:45:00+0200,2061.448,MW,NL,NL,actual_offshore_wind_generation,Wind Offshore | Actual Aggregated,2026-08-17T17:16:10Z
2026-08-17T17:12:16Z,2026-08-17T19:12:16+0200,f372a1fc-a0b6-48c3-b979-dc927b00239d,2026-07-26T15:45:00Z,2026-07-26T17:45:00+0200,3.633,MW,NL,NL,actual_offshore_wind_generation,Wind Offshore | Actual Consumption,2026-08-17T17:16:10Z
2026-08-17T17:12:16Z,2026-08-17T19:12:16+0200,f372a1fc-a0b6-48c3-b979-dc927b00239d,2026-07-26T16:00:00Z,2026-07-26T18:00:00+0200,1815.41,MW,NL,NL,actual_offshore_wind_generation,Wind Offshore | Actual Aggregated,2026-08-17T17:16:10Z
2026-08-17T17:12:16Z,2026-08-17T19:12:16+0200,f372a1fc-a0b6-48c3-b979-dc927b00239d,2026-07-26T16:00:00Z,2026-07-26T18:00:00+0200,5.726,MW,NL,NL,actual_offshore_wind_generation,Wind Offshore | Actual Consumption,2026-08-17T17:16:10Z
2026-08-17T17:12:16Z,2026-08-17T19:12:16+0200,f372a1fc-a0b6-48c3-b979-dc927b00239d,2026-07-26T16:15:00Z,2026-07-26T18:15:00+0200,1595.753,MW,NL,NL,actual_offshore_wind_generation,Wind Offshore | Actual Aggregated,2026-08-17T17:16:10Z
2026-08-17T17:12:16Z,2026-08-17T19:12:16+0200,f372a1fc-a0b6-48c3-b979-dc927b00239d,2026-07-26T16:15:00Z,2026-07-26T18:15:00+0200,3.479,MW,NL,NL,actual_offshore_wind_generation,Wind Offshore | Actual Consumption,2026-08-17T17:16:10Z
2026-08-17T17:12:16Z,2026-08-17T19:12:16+0200,f372a1fc-a0b6-48c3-b979-dc927b00239d,2026-07-26T16:30:00Z,2026-07-26T18:30:00+0200,1522.938,MW,NL,NL,actual_offshore_wind_generation,Wind Offshore | Actual Aggregated,2026-08-17T17:16:10Z
2026-08-17T17:12:16Z,2026-08-17T19:12:16+0200,f372a1fc-a0b6-48c3-b979-dc927b00239d,2026-07-26T16:30:00Z,2026-07-26T18:30:00+0200,3.827,MW,NL,NL,actual_offshore_wind_generation,Wind Offshore | Actual Consumption,2026-08-17T17:16:10Z
2026-08-17T17:12:16Z,2026-08-17T19:12:16+0200,f372a1fc-a0b6-48c3-b979-dc927b00239d,2026-07-26T16:45:00Z,2026-07-26T18:45:00+0200,1225.28,MW,NL,NL,actual_offshore_wind_generation,Wind Offshore | Actual Aggregated,2026-08-17T17:16:10Z
2026-08-17T17:12:16Z,2026-08-17T19:12:16+0200,f372a1fc-a0b6-48c3-b979-dc927b00239d,2026-07-26T16:45:00Z,2026-07-26T18:45:00+0200,3.977,MW,NL,NL,actual_offshore_wind_generation,Wind Offshore | Actual Consumption,2026-08-17T17:16:10Z
2026-08-17T17:12:16Z,2026-08-17T19:12:16+0200,f372a1fc-a0b6-48c3-b979-dc927b00239d,2026-07-26T17:00:00Z,2026-07-26T19:00:00+0200,1231.961,MW,NL,NL,actual_offshore_wind_generation,Wind Offshore | Actual Aggregated,2026-08-17T17:16:10Z
2026-08-17T17:12:16Z,2026-08-17T19:12:16+0200,f372a1fc-a0b6-48c3-b979-dc927b00239d,2026-07-26T17:00:00Z,2026-07-26T19:00:00+0200,3.675,MW,NL,NL,actual_offshore_wind_generation,Wind Offshore | Actual Consumption,2026-08-17T17:16:10Z
2026-08-17T17:12:16Z,2026-08-17T19:12:16+0200,f372a1fc-a0b6-48c3-b979-dc927b00239d,2026-07-26T17:15:00Z,2026-07-26T19:15:00+0200,1169.145,MW,NL,NL,actual_offshore_wind_generation,Wind Offshore | Actual Aggregated,2026-08-17T17:16:10Z
2026-08-17T17:12:16Z,2026-08-17T19:12:16+0200,f372a1fc-a0b6-48c3-b979-dc927b00239d,2026-07-26T17:15:00Z,2026-07-26T19:15:00+0200,2.64,MW,NL,NL,actual_offshore_wind_generation,Wind Offshore | Actual Consumption,2026-08-17T17:16:10Z
2026-08-17T17:12:16Z,2026-08-17T19:12:16+0200,f372a1fc-a0b6-48c3-b979-dc927b00239d,2026-07-26T17:30:00Z,2026-07-26T19:30:00+0200,1097.846,MW,NL,NL,actual_offshore_wind_generation,Wind Offshore | Actual Aggregated,2026-08-17T17:16:10Z
2026-08-17T17:12:16Z,2026-08-17T19:12:16+0200,f372a1fc-a0b6-48c3-b979-dc927b00239d,2026-07-26T17:30:00Z,2026-07-26T19:30:00+0200,4.561,MW,NL,NL,actual_offshore_wind_generation,Wind Offshore | Actual Consumption,2026-08-17T17:16:10Z
2026-08-17T17:12:16Z,2026-08-17T19:12:16+0200,f372a1fc-a0b6-48c3-b979-dc927b00239d,2026-07-26T17:45:00Z,2026-07-26T19:45:00+0200,996.81,MW,NL,NL,actual_offshore_wind_generation,Wind Offshore | Actual Aggregated,2026-08-17T17:16:10Z
2026-08-17T17:12:16Z,2026-08-17T19:12:16+0200,f372a1fc-a0b6-48c3-b979-dc927b00239d,2026-07-26T17:45:00Z,2026-07-26T19:45:00+0200,5.204,MW,NL,NL,actual_offshore_wind_generation,Wind Offshore | Actual Consumption,2026-08-17T17:16:10Z
2026-08-17T17:12:16Z,2026-08-17T19:12:16+0200,f372a1fc-a0b6-48c3-b979-dc927b00239d,2026-07-26T18:00:00Z,2026-07-26T20:00:00+0200,941.597,MW,NL,NL,actual_offshore_wind_generation,Wind Offshore | Actual Aggregated,2026-08-17T17:16:10Z
2026-08-17T17:12:16Z,2026-08-17T19:12:16+0200,f372a1fc-a0b6-48c3-b979-dc927b00239d,2026-07-26T18:00:00Z,2026-07-26T20:00:00+0200,4.559,MW,NL,NL,actual_offshore_wind_generation,Wind Offshore | Actual Consumption,2026-08-17T17:16:10Z
2026-08-17T17:12:16Z,2026-08-17T19:12:16+0200,f372a1fc-a0b6-48c3-b979-dc927b00239d,2026-07-26T18:15:00Z,2026-07-26T20:15:00+0200,1002.556,MW,NL,NL,actual_offshore_wind_generation,Wind Offshore | Actual Aggregated,2026-08-17T17:16:10Z
2026-08-17T17:12:16Z,2026-08-17T19:12:16+0200,f372a1fc-a0b6-48c3-b979-dc927b00239d,2026-07-26T18:15:00Z,2026-07-26T20:15:00+0200,3.002,MW,NL,NL,actual_offshore_wind_generation,Wind Offshore | Actual Consumption,2026-08-17T17:16:10Z
2026-08-17T17:12:16Z,2026-08-17T19:12:16+0200,f372a1fc-a0b6-48c3-b979-dc927b00239d,2026-07-26T18:30:00Z,2026-07-26T20:30:00+0200,1067.806,MW,NL,NL,actual_offshore_wind_generation,Wind Offshore | Actual Aggregated,2026-08-17T17:16:10Z
2026-08-17T17:12:16Z,2026-08-17T19:12:16+0200,f372a1fc-a0b6-48c3-b979-dc927b00239d,2026-07-26T18:30:00Z,2026-07-26T20:30:00+0200,1.526,MW,NL,NL,actual_offshore_wind_generation,Wind Offshore | Actual Consumption,2026-08-17T17:16:10Z
2026-08-17T17:12:16Z,2026-08-17T19:12:16+0200,f372a1fc-a0b6-48c3-b979-dc927b00239d,2026-07-26T18:45:00Z,2026-07-26T20:45:00+0200,1163.3,MW,NL,NL,actual_offshore_wind_generation,Wind Offshore | Actual Aggregated,2026-08-17T17:16:10Z
2026-08-17T17:12:16Z,2026-08-17T19:12:16+0200,f372a1fc-a0b6-48c3-b979-dc927b00239d,2026-07-26T18:45:00Z,2026-07-26T20:45:00+0200,2.882,MW,NL,NL,actual_offshore_wind_generation,Wind Offshore | Actual Consumption,2026-08-17T17:16:10Z
2026-08-17T17:12:16Z,2026-08-17T19:12:16+0200,f372a1fc-a0b6-48c3-b979-dc927b00239d,2026-07-26T19:00:00Z,2026-07-26T21:00:00+0200,1323.019,MW,NL,NL,actual_offshore_wind_generation,Wind Offshore | Actual Aggregated,2026-08-17T17:16:10Z
2026-08-17T17:12:16Z,2026-08-17T19:12:16+0200,f372a1fc-a0b6-48c3-b979-dc927b00239d,2026-07-26T19:00:00Z,2026-07-26T21:00:00+0200,2.493,MW,NL,NL,actual_offshore_wind_generation,Wind Offshore | Actual Consumption,2026-08-17T17:16:10Z
2026-08-17T17:12:16Z,2026-08-17T19:12:16+0200,f372a1fc-a0b6-48c3-b979-dc927b00239d,2026-07-26T19:15:00Z,2026-07-26T21:15:00+0200,1782.363,MW,NL,NL,actual_offshore_wind_generation,Wind Offshore | Actual Aggregated,2026-08-17T17:16:10Z
2026-08-17T17:12:16Z,2026-08-17T19:12:16+0200,f372a1fc-a0b6-48c3-b979-dc927b00239d,2026-07-26T19:15:00Z,2026-07-26T21:15:00+0200,5.98,MW,NL,NL,actual_offshore_wind_generation,Wind Offshore | Actual Consumption,2026-08-17T17:16:10Z
2026-08-17T17:12:16Z,2026-08-17T19:12:16+0200,f372a1fc-a0b6-48c3-b979-dc927b00239d,2026-07-26T19:30:00Z,2026-07-26T21:30:00+0200,2112.91,MW,NL,NL,actual_offshore_wind_generation,Wind Offshore | Actual Aggregated,2026-08-17T17:16:10Z
2026-08-17T17:12:16Z,2026-08-17T19:12:16+0200,f372a1fc-a0b6-48c3-b979-dc927b00239d,2026-07-26T19:30:00Z,2026-07-26T21:30:00+0200,6.691,MW,NL,NL,actual_offshore_wind_generation,Wind Offshore | Actual Consumption,2026-08-17T17:16:10Z
2026-08-17T17:12:16Z,2026-08-17T19:12:16+0200,f372a1fc-a0b6-48c3-b979-dc927b00239d,2026-07-26T19:45:00Z,2026-07-26T21:45:00+0200,2202.653,MW,NL,NL,actual_offshore_wind_generation,Wind Offshore | Actual Aggregated,2026-08-17T17:16:10Z
2026-08-17T17:12:16Z,2026-08-17T19:12:16+0200,f372a1fc-a0b6-48c3-b979-dc927b00239d,2026-07-26T19:45:00Z,2026-07-26T21:45:00+0200,11.249,MW,NL,NL,actual_offshore_wind_generation,Wind Offshore | Actual Consumption,2026-08-17T17:16:10Z
2026-08-17T17:12:16Z,2026-08-17T19:12:16+0200,f372a1fc-a0b6-48c3-b979-dc927b00239d,2026-07-26T20:00:00Z,2026-07-26T22:00:00+0200,2388.321,MW,NL,NL,actual_offshore_wind_generation,Wind Offshore | Actual Aggregated,2026-08-17T17:16:10Z
2026-08-17T17:12:16Z,2026-08-17T19:12:16+0200,f372a1fc-a0b6-48c3-b979-dc927b00239d,2026-07-26T20:00:00Z,2026-07-26T22:00:00+0200,9.54,MW,NL,NL,actual_offshore_wind_generation,Wind Offshore | Actual Consumption,2026-08-17T17:16:10Z
2026-08-17T17:12:16Z,2026-08-17T19:12:16+0200,f372a1fc-a0b6-48c3-b979-dc927b00239d,2026-07-26T20:15:00Z,2026-07-26T22:15:00+0200,2312.481,MW,NL,NL,actual_offshore_wind_generation,Wind Offshore | Actual Aggregated,2026-08-17T17:16:10Z
2026-08-17T17:12:16Z,2026-08-17T19:12:16+0200,f372a1fc-a0b6-48c3-b979-dc927b00239d,2026-07-26T20:15:00Z,2026-07-26T22:15:00+0200,9.551,MW,NL,NL,actual_offshore_wind_generation,Wind Offshore | Actual Consumption,2026-08-17T17:16:10Z
2026-08-17T17:12:16Z,2026-08-17T19:12:16+0200,f372a1fc-a0b6-48c3-b979-dc927b00239d,2026-07-26T20:30:00Z,2026-07-26T22:30:00+0200,2318.98,MW,NL,NL,actual_offshore_wind_generation,Wind Offshore | Actual Aggregated,2026-08-17T17:16:10Z
2026-08-17T17:12:16Z,2026-08-17T19:12:16+0200,f372a1fc-a0b6-48c3-b979-dc927b00239d,2026-07-26T20:30:00Z,2026-07-26T22:30:00+0200,10.088,MW,NL,NL,actual_offshore_wind_generation,Wind Offshore | Actual Consumption,2026-08-17T17:16:10Z
2026-08-17T17:12:16Z,2026-08-17T19:12:16+0200,f372a1fc-a0b6-48c3-b979-dc927b00239d,2026-07-26T20:45:00Z,2026-07-26T22:45:00+0200,2648.282,MW,NL,NL,actual_offshore_wind_generation,Wind Offshore | Actual Aggregated,2026-08-17T17:16:10Z
2026-08-17T17:12:16Z,2026-08-17T19:12:16+0200,f372a1fc-a0b6-48c3-b979-dc927b00239d,2026-07-26T20:45:00Z,2026-07-26T22:45:00+0200,8.077,MW,NL,NL,actual_offshore_wind_generation,Wind Offshore | Actual Consumption,2026-08-17T17:16:10Z
2026-08-17T17:12:16Z,2026-08-17T19:12:16+0200,f372a1fc-a0b6-48c3-b979-dc927b00239d,2026-07-26T21:00:00Z,2026-07-26T23:00:00+0200,2602.985,MW,NL,NL,actual_offshore_wind_generation,Wind Offshore | Actual Aggregated,2026-08-17T17:16:10Z
2026-08-17T17:12:16Z,2026-08-17T19:12:16+0200,f372a1fc-a0b6-48c3-b979-dc927b00239d,2026-07-26T21:00:00Z,2026-07-26T23:00:00+0200,8.499,MW,NL,NL,actual_offshore_wind_generation,Wind Offshore | Actual Consumption,2026-08-17T17:16:10Z
2026-08-17T17:12:16Z,2026-08-17T19:12:16+0200,f372a1fc-a0b6-48c3-b979-dc927b00239d,2026-07-26T21:15:00Z,2026-07-26T23:15:00+0200,2273.454,MW,NL,NL,actual_offshore_wind_generation,Wind Offshore | Actual Aggregated,2026-08-17T17:16:10Z
2026-08-17T17:12:16Z,2026-08-17T19:12:16+0200,f372a1fc-a0b6-48c3-b979-dc927b00239d,2026-07-26T21:15:00Z,2026-07-26T23:15:00+0200,7.21,MW,NL,NL,actual_offshore_wind_generation,Wind Offshore | Actual Consumption,2026-08-17T17:16:10Z
2026-08-17T17:12:16Z,2026-08-17T19:12:16+0200,f372a1fc-a0b6-48c3-b979-dc927b00239d,2026-07-26T21:30:00Z,2026-07-26T23:30:00+0200,2425.614,MW,NL,NL,actual_offshore_wind_generation,Wind Offshore | Actual Aggregated,2026-08-17T17:16:10Z
2026-08-17T17:12:16Z,2026-08-17T19:12:16+0200,f372a1fc-a0b6-48c3-b979-dc927b00239d,2026-07-26T21:30:00Z,2026-07-26T23:30:00+0200,8.336,MW,NL,NL,actual_offshore_wind_generation,Wind Offshore | Actual Consumption,2026-08-17T17:16:10Z
2026-08-17T17:12:16Z,2026-08-17T19:12:16+0200,f372a1fc-a0b6-48c3-b979-dc927b00239d,2026-07-26T21:45:00Z,2026-07-26T23:45:00+0200,2489.664,MW,NL,NL,actual_offshore_wind_generation,Wind Offshore | Actual Aggregated,2026-08-17T17:16:10Z
2026-08-17T17:12:16Z,2026-08-17T19:12:16+0200,f372a1fc-a0b6-48c3-b979-dc927b00239d,2026-07-26T21:45:00Z,2026-07-26T23:45:00+0200,12.32,MW,NL,NL,actual_offshore_wind_generation,Wind Offshore | Actual Consumption,2026-08-17T17:16:10Z
2026-08-17T17:12:16Z,2026-08-17T19:12:16+0200,f372a1fc-a0b6-48c3-b979-dc927b00239d,2026-07-26T22:00:00Z,2026-07-27T00:00:00+0200,2922.232,MW,NL,NL,actual_offshore_wind_generation,Wind Offshore | Actual Aggregated,2026-08-17T17:16:10Z
2026-08-17T17:12:16Z,2026-08-17T19:12:16+0200,f372a1fc-a0b6-48c3-b979-dc927b00239d,2026-07-26T22:00:00Z,2026-07-27T00:00:00+0200,14.194,MW,NL,NL,actual_offshore_wind_generation,Wind Offshore | Actual Consumption,2026-08-17T17:16:10Z
2026-08-17T17:12:16Z,2026-08-17T19:12:16+0200,f372a1fc-a0b6-48c3-b979-dc927b00239d,2026-07-26T22:15:00Z,2026-07-27T00:15:00+0200,3030.991,MW,NL,NL,actual_offshore_wind_generation,Wind Offshore | Actual Aggregated,2026-08-17T17:16:10Z
2026-08-17T17:12:16Z,2026-08-17T19:12:16+0200,f372a1fc-a0b6-48c3-b979-dc927b00239d,2026-07-26T22:15:00Z,2026-07-27T00:15:00+0200,9.98,MW,NL,NL,actual_offshore_wind_generation,Wind Offshore | Actual Consumption,2026-08-17T17:16:10Z
2026-08-17T17:12:16Z,2026-08-17T19:12:16+0200,f372a1fc-a0b6-48c3-b979-dc927b00239d,2026-07-26T22:30:00Z,2026-07-27T00:30:00+0200,2957.117,MW,NL,NL,actual_offshore_wind_generation,Wind Offshore | Actual Aggregated,2026-08-17T17:16:10Z
2026-08-17T17:12:16Z,2026-08-17T19:12:16+0200,f372a1fc-a0b6-48c3-b979-dc927b00239d,2026-07-26T22:30:00Z,2026-07-27T00:30:00+0200,3.672,MW,NL,NL,actual_offshore_wind_generation,Wind Offshore | Actual Consumption,2026-08-17T17:16:10Z
2026-08-17T17:12:16Z,2026-08-17T19:12:16+0200,f372a1fc-a0b6-48c3-b979-dc927b00239d,2026-07-26T22:45:00Z,2026-07-27T00:45:00+0200,3048.207,MW,NL,NL,actual_offshore_wind_generation,Wind Offshore | Actual Aggregated,2026-08-17T17:16:10Z
2026-08-17T17:12:16Z,2026-08-17T19:12:16+0200,f372a1fc-a0b6-48c3-b979-dc927b00239d,2026-07-26T22:45:00Z,2026-07-27T00:45:00+0200,4.69,MW,NL,NL,actual_offshore_wind_generation,Wind Offshore | Actual Consumption,2026-08-17T17:16:10Z
2026-08-17T17:12:16Z,2026-08-17T19:12:16+0200,f372a1fc-a0b6-48c3-b979-dc927b00239d,2026-07-26T23:00:00Z,2026-07-27T01:00:00+0200,3171.387,MW,NL,NL,actual_offshore_wind_generation,Wind Offshore | Actual Aggregated,2026-08-17T17:16:10Z
2026-08-17T17:12:16Z,2026-08-17T19:12:16+0200,f372a1fc-a0b6-48c3-b979-dc927b00239d,2026-07-26T23:00:00Z,2026-07-27T01:00:00+0200,6.174,MW,NL,NL,actual_offshore_wind_generation,Wind Offshore | Actual Consumption,2026-08-17T17:16:10Z
2026-08-17T17:12:16Z,2026-08-17T19:12:16+0200,f372a1fc-a0b6-48c3-b979-dc927b00239d,2026-07-26T23:15:00Z,2026-07-27T01:15:00+0200,3150.572,MW,NL,NL,actual_offshore_wind_generation,Wind Offshore | Actual Aggregated,2026-08-17T17:16:10Z
2026-08-17T17:12:16Z,2026-08-17T19:12:16+0200,f372a1fc-a0b6-48c3-b979-dc927b00239d,2026-07-26T23:15:00Z,2026-07-27T01:15:00+0200,8.913,MW,NL,NL,actual_offshore_wind_generation,Wind Offshore | Actual Consumption,2026-08-17T17:16:10Z
2026-08-17T17:12:16Z,2026-08-17T19:12:16+0200,f372a1fc-a0b6-48c3-b979-dc927b00239d,2026-07-26T23:30:00Z,2026-07-27T01:30:00+0200,3239.926,MW,NL,NL,actual_offshore_wind_generation,Wind Offshore | Actual Aggregated,2026-08-17T17:16:10Z
2026-08-17T17:12:16Z,2026-08-17T19:12:16+0200,f372a1fc-a0b6-48c3-b979-dc927b00239d,2026-07-26T23:30:00Z,2026-07-27T01:30:00+0200,13.604,MW,NL,NL,actual_offshore_wind_generation,Wind Offshore | Actual Consumption,2026-08-17T17:16:10Z
2026-08-17T17:12:16Z,2026-08-17T19:12:16+0200,f372a1fc-a0b6-48c3-b979-dc927b00239d,2026-07-26T23:45:00Z,2026-07-27T01:45:00+0200,3304.218,MW,NL,NL,actual_offshore_wind_generation,Wind Offshore | Actual Aggregated,2026-08-17T17:16:10Z
2026-08-17T17:12:16Z,2026-08-17T19:12:16+0200,f372a1fc-a0b6-48c3-b979-dc927b00239d,2026-07-26T23:45:00Z,2026-07-27T01:45:00+0200,13.789,MW,NL,NL,actual_offshore_wind_generation,Wind Offshore | Actual Consumption,2026-08-17T17:16:10Z
2026-08-17T17:12:16Z,2026-08-17T19:12:16+0200,f372a1fc-a0b6-48c3-b979-dc927b00239d,2026-07-27T00:00:00Z,2026-07-27T02:00:00+0200,3155.338,MW,NL,NL,actual_offshore_wind_generation,Wind Offshore | Actual Aggregated,2026-08-17T17:16:10Z
2026-08-17T17:12:16Z,2026-08-17T19:12:16+0200,f372a1fc-a0b6-48c3-b979-dc927b00239d,2026-07-27T00:00:00Z,2026-07-27T02:00:00+0200,18.827,MW,NL,NL,actual_offshore_wind_generation,Wind Offshore | Actual Consumption,2026-08-17T17:16:10Z
2026-08-17T17:12:16Z,2026-08-17T19:12:16+0200,f372a1fc-a0b6-48c3-b979-dc927b00239d,2026-07-27T00:15:00Z,2026-07-27T02:15:00+0200,3091.029,MW,NL,NL,actual_offshore_wind_generation,Wind Offshore | Actual Aggregated,2026-08-17T17:16:10Z
2026-08-17T17:12:16Z,2026-08-17T19:12:16+0200,f372a1fc-a0b6-48c3-b979-dc927b00239d,2026-07-27T00:15:00Z,2026-07-27T02:15:00+0200,18.471,MW,NL,NL,actual_offshore_wind_generation,Wind Offshore | Actual Consumption,2026-08-17T17:16:10Z
2026-08-17T17:12:16Z,2026-08-17T19:12:16+0200,f372a1fc-a0b6-48c3-b979-dc927b00239d,2026-07-27T00:30:00Z,2026-07-27T02:30:00+0200,3119.373,MW,NL,NL,actual_offshore_wind_generation,Wind Offshore | Actual Aggregated,2026-08-17T17:16:10Z
2026-08-17T17:12:16Z,2026-08-17T19:12:16+0200,f372a1fc-a0b6-48c3-b979-dc927b00239d,2026-07-27T00:30:00Z,2026-07-27T02:30:00+0200,16.542,MW,NL,NL,actual_offshore_wind_generation,Wind Offshore | Actual Consumption,2026-08-17T17:16:10Z
2026-08-17T17:12:16Z,2026-08-17T19:12:16+0200,f372a1fc-a0b6-48c3-b979-dc927b00239d,2026-07-27T00:45:00Z,2026-07-27T02:45:00+0200,3026.606,MW,NL,NL,actual_offshore_wind_generation,Wind Offshore | Actual Aggregated,2026-08-17T17:16:10Z
2026-08-17T17:12:16Z,2026-08-17T19:12:16+0200,f372a1fc-a0b6-48c3-b979-dc927b00239d,2026-07-27T00:45:00Z,2026-07-27T02:45:00+0200,16.436,MW,NL,NL,actual_offshore_wind_generation,Wind Offshore | Actual Consumption,2026-08-17T17:16:10Z
2026-08-17T17:12:16Z,2026-08-17T19:12:16+0200,f372a1fc-a0b6-48c3-b979-dc927b00239d,2026-07-27T01:00:00Z,2026-07-27T03:00:00+0200,3076.643,MW,NL,NL,actual_offshore_wind_generation,Wind Offshore | Actual Aggregated,2026-08-17T17:16:10Z
2026-08-17T17:12:16Z,2026-08-17T19:12:16+0200,f372a1fc-a0b6-48c3-b979-dc927b00239d,2026-07-27T01:00:00Z,2026-07-27T03:00:00+0200,13.779,MW,NL,NL,actual_offshore_wind_generation,Wind Offshore | Actual Consumption,2026-08-17T17:16:10Z
2026-08-17T17:12:16Z,2026-08-17T19:12:16+0200,f372a1fc-a0b6-48c3-b979-dc927b00239d,2026-07-27T01:15:00Z,2026-07-27T03:15:00+0200,2964.867,MW,NL,NL,actual_offshore_wind_generation,Wind Offshore | Actual Aggregated,2026-08-17T17:16:10Z
2026-08-17T17:12:16Z,2026-08-17T19:12:16+0200,f372a1fc-a0b6-48c3-b979-dc927b00239d,2026-07-27T01:15:00Z,2026-07-27T03:15:00+0200,14.073,MW,NL,NL,actual_offshore_wind_generation,Wind Offshore | Actual Consumption,2026-08-17T17:16:10Z
2026-08-17T17:12:16Z,2026-08-17T19:12:16+0200,f372a1fc-a0b6-48c3-b979-dc927b00239d,2026-07-27T01:30:00Z,2026-07-27T03:30:00+0200,2879.823,MW,NL,NL,actual_offshore_wind_generation,Wind Offshore | Actual Aggregated,2026-08-17T17:16:10Z
2026-08-17T17:12:16Z,2026-08-17T19:12:16+0200,f372a1fc-a0b6-48c3-b979-dc927b00239d,2026-07-27T01:30:00Z,2026-07-27T03:30:00+0200,17.814,MW,NL,NL,actual_offshore_wind_generation,Wind Offshore | Actual Consumption,2026-08-17T17:16:10Z
2026-08-17T17:12:16Z,2026-08-17T19:12:16+0200,f372a1fc-a0b6-48c3-b979-dc927b00239d,2026-07-27T01:45:00Z,2026-07-27T03:45:00+0200,2877.67,MW,NL,NL,actual_offshore_wind_generation,Wind Offshore | Actual Aggregated,2026-08-17T17:16:10Z
2026-08-17T17:12:16Z,2026-08-17T19:12:16+0200,f372a1fc-a0b6-48c3-b979-dc927b00239d,2026-07-27T01:45:00Z,2026-07-27T03:45:00+0200,18.014,MW,NL,NL,actual_offshore_wind_generation,Wind Offshore | Actual Consumption,2026-08-17T17:16:10Z
2026-08-17T17:12:16Z,2026-08-17T19:12:16+0200,f372a1fc-a0b6-48c3-b979-dc927b00239d,2026-07-27T02:00:00Z,2026-07-27T04:00:00+0200,2812.214,MW,NL,NL,actual_offshore_wind_generation,Wind Offshore | Actual Aggregated,2026-08-17T17:16:10Z
2026-08-17T17:12:16Z,2026-08-17T19:12:16+0200,f372a1fc-a0b6-48c3-b979-dc927b00239d,2026-07-27T02:00:00Z,2026-07-27T04:00:00+0200,16.396,MW,NL,NL,actual_offshore_wind_generation,Wind Offshore | Actual Consumption,2026-08-17T17:16:10Z
2026-08-17T17:12:16Z,2026-08-17T19:12:16+0200,f372a1fc-a0b6-48c3-b979-dc927b00239d,2026-07-27T02:15:00Z,2026-07-27T04:15:00+0200,2631.602,MW,NL,NL,actual_offshore_wind_generation,Wind Offshore | Actual Aggregated,2026-08-17T17:16:10Z
2026-08-17T17:12:16Z,2026-08-17T19:12:16+0200,f372a1fc-a0b6-48c3-b979-dc927b00239d,2026-07-27T02:15:00Z,2026-07-27T04:15:00+0200,13.381,MW,NL,NL,actual_offshore_wind_generation,Wind Offshore | Actual Consumption,2026-08-17T17:16:10Z
2026-08-17T17:12:16Z,2026-08-17T19:12:16+0200,f372a1fc-a0b6-48c3-b979-dc927b00239d,2026-07-27T02:30:00Z,2026-07-27T04:30:00+0200,2376.409,MW,NL,NL,actual_offshore_wind_generation,Wind Offshore | Actual Aggregated,2026-08-17T17:16:10Z
2026-08-17T17:12:16Z,2026-08-17T19:12:16+0200,f372a1fc-a0b6-48c3-b979-dc927b00239d,2026-07-27T02:30:00Z,2026-07-27T04:30:00+0200,12.595,MW,NL,NL,actual_offshore_wind_generation,Wind Offshore | Actual Consumption,2026-08-17T17:16:10Z
2026-08-17T17:12:16Z,2026-08-17T19:12:16+0200,f372a1fc-a0b6-48c3-b979-dc927b00239d,2026-07-27T02:45:00Z,2026-07-27T04:45:00+0200,2184.134,MW,NL,NL,actual_offshore_wind_generation,Wind Offshore | Actual Aggregated,2026-08-17T17:16:10Z
2026-08-17T17:12:16Z,2026-08-17T19:12:16+0200,f372a1fc-a0b6-48c3-b979-dc927b00239d,2026-07-27T02:45:00Z,2026-07-27T04:45:00+0200,9.996,MW,NL,NL,actual_offshore_wind_generation,Wind Offshore | Actual Consumption,2026-08-17T17:16:10Z
2026-08-17T17:12:16Z,2026-08-17T19:12:16+0200,f372a1fc-a0b6-48c3-b979-dc927b00239d,2026-07-27T03:00:00Z,2026-07-27T05:00:00+0200,2126.106,MW,NL,NL,actual_offshore_wind_generation,Wind Offshore | Actual Aggregated,2026-08-17T17:16:10Z
2026-08-17T17:12:16Z,2026-08-17T19:12:16+0200,f372a1fc-a0b6-48c3-b979-dc927b00239d,2026-07-27T03:00:00Z,2026-07-27T05:00:00+0200,12.94,MW,NL,NL,actual_offshore_wind_generation,Wind Offshore | Actual Consumption,2026-08-17T17:16:10Z
2026-08-17T17:12:16Z,2026-08-17T19:12:16+0200,f372a1fc-a0b6-48c3-b979-dc927b00239d,2026-07-27T03:15:00Z,2026-07-27T05:15:00+0200,2083.019,MW,NL,NL,actual_offshore_wind_generation,Wind Offshore | Actual Aggregated,2026-08-17T17:16:10Z
2026-08-17T17:12:16Z,2026-08-17T19:12:16+0200,f372a1fc-a0b6-48c3-b979-dc927b00239d,2026-07-27T03:15:00Z,2026-07-27T05:15:00+0200,11.138,MW,NL,NL,actual_offshore_wind_generation,Wind Offshore | Actual Consumption,2026-08-17T17:16:10Z
2026-08-17T17:12:16Z,2026-08-17T19:12:16+0200,f372a1fc-a0b6-48c3-b979-dc927b00239d,2026-07-27T03:30:00Z,2026-07-27T05:30:00+0200,2110.858,MW,NL,NL,actual_offshore_wind_generation,Wind Offshore | Actual Aggregated,2026-08-17T17:16:10Z
2026-08-17T17:12:16Z,2026-08-17T19:12:16+0200,f372a1fc-a0b6-48c3-b979-dc927b00239d,2026-07-27T03:30:00Z,2026-07-27T05:30:00+0200,8.591,MW,NL,NL,actual_offshore_wind_generation,Wind Offshore | Actual Consumption,2026-08-17T17:16:10Z
2026-08-17T17:12:16Z,2026-08-17T19:12:16+0200,f372a1fc-a0b6-48c3-b979-dc927b00239d,2026-07-27T03:45:00Z,2026-07-27T05:45:00+0200,2191.674,MW,NL,NL,actual_offshore_wind_generation,Wind Offshore | Actual Aggregated,2026-08-17T17:16:10Z
2026-08-17T17:12:16Z,2026-08-17T19:12:16+0200,f372a1fc-a0b6-48c3-b979-dc927b00239d,2026-07-27T03:45:00Z,2026-07-27T05:45:00+0200,8.044,MW,NL,NL,actual_offshore_wind_generation,Wind Offshore | Actual Consumption,2026-08-17T17:16:10Z
2026-08-17T17:12:16Z,2026-08-17T19:12:16+0200,f372a1fc-a0b6-48c3-b979-dc927b00239d,2026-07-27T04:00:00Z,2026-07-27T06:00:00+0200,2224.343,MW,NL,NL,actual_offshore_wind_generation,Wind Offshore | Actual Aggregated,2026-08-17T17:16:10Z
2026-08-17T17:12:16Z,2026-08-17T19:12:16+0200,f372a1fc-a0b6-48c3-b979-dc927b00239d,2026-07-27T04:00:00Z,2026-07-27T06:00:00+0200,7.951,MW,NL,NL,actual_offshore_wind_generation,Wind Offshore | Actual Consumption,2026-08-17T17:16:10Z
2026-08-17T17:12:16Z,2026-08-17T19:12:16+0200,f372a1fc-a0b6-48c3-b979-dc927b00239d,2026-07-27T04:15:00Z,2026-07-27T06:15:00+0200,2184.871,MW,NL,NL,actual_offshore_wind_generation,Wind Offshore | Actual Aggregated,2026-08-17T17:16:10Z
2026-08-17T17:12:16Z,2026-08-17T19:12:16+0200,f372a1fc-a0b6-48c3-b979-dc927b00239d,2026-07-27T04:15:00Z,2026-07-27T06:15:00+0200,7.441,MW,NL,NL,actual_offshore_wind_generation,Wind Offshore | Actual Consumption,2026-08-17T17:16:10Z
2026-08-17T17:12:16Z,2026-08-17T19:12:16+0200,f372a1fc-a0b6-48c3-b979-dc927b00239d,2026-07-27T04:30:00Z,2026-07-27T06:30:00+0200,2063.95,MW,NL,NL,actual_offshore_wind_generation,Wind Offshore | Actual Aggregated,2026-08-17T17:16:10Z
2026-08-17T17:12:16Z,2026-08-17T19:12:16+0200,f372a1fc-a0b6-48c3-b979-dc927b00239d,2026-07-27T04:30:00Z,2026-07-27T06:30:00+0200,10.381,MW,NL,NL,actual_offshore_wind_generation,Wind Offshore | Actual Consumption,2026-08-17T17:16:10Z
2026-08-17T17:12:16Z,2026-08-17T19:12:16+0200,f372a1fc-a0b6-48c3-b979-dc927b00239d,2026-07-27T04:45:00Z,2026-07-27T06:45:00+0200,2046.12,MW,NL,NL,actual_offshore_wind_generation,Wind Offshore | Actual Aggregated,2026-08-17T17:16:10Z
2026-08-17T17:12:16Z,2026-08-17T19:12:16+0200,f372a1fc-a0b6-48c3-b979-dc927b00239d,2026-07-27T04:45:00Z,2026-07-27T06:45:00+0200,10.109,MW,NL,NL,actual_offshore_wind_generation,Wind Offshore | Actual Consumption,2026-08-17T17:16:10Z
2026-08-17T17:12:16Z,2026-08-17T19:12:16+0200,f372a1fc-a0b6-48c3-b979-dc927b00239d,2026-07-27T05:00:00Z,2026-07-27T07:00:00+0200,1872.188,MW,NL,NL,actual_offshore_wind_generation,Wind Offshore | Actual Aggregated,2026-08-17T17:16:10Z
2026-08-17T17:12:16Z,2026-08-17T19:12:16+0200,f372a1fc-a0b6-48c3-b979-dc927b00239d,2026-07-27T05:00:00Z,2026-07-27T07:00:00+0200,9.557,MW,NL,NL,actual_offshore_wind_generation,Wind Offshore | Actual Consumption,2026-08-17T17:16:10Z
2026-08-17T17:12:16Z,2026-08-17T19:12:16+0200,f372a1fc-a0b6-48c3-b979-dc927b00239d,2026-07-27T05:15:00Z,2026-07-27T07:15:00+0200,1844.599,MW,NL,NL,actual_offshore_wind_generation,Wind Offshore | Actual Aggregated,2026-08-17T17:16:10Z
2026-08-17T17:12:16Z,2026-08-17T19:12:16+0200,f372a1fc-a0b6-48c3-b979-dc927b00239d,2026-07-27T05:15:00Z,2026-07-27T07:15:00+0200,9.432,MW,NL,NL,actual_offshore_wind_generation,Wind Offshore | Actual Consumption,2026-08-17T17:16:10Z
2026-08-17T17:12:16Z,2026-08-17T19:12:16+0200,f372a1fc-a0b6-48c3-b979-dc927b00239d,2026-07-27T05:30:00Z,2026-07-27T07:30:00+0200,1847.188,MW,NL,NL,actual_offshore_wind_generation,Wind Offshore | Actual Aggregated,2026-08-17T17:16:10Z
2026-08-17T17:12:16Z,2026-08-17T19:12:16+0200,f372a1fc-a0b6-48c3-b979-dc927b00239d,2026-07-27T05:30:00Z,2026-07-27T07:30:00+0200,10.021,MW,NL,NL,actual_offshore_wind_generation,Wind Offshore | Actual Consumption,2026-08-17T17:16:10Z
2026-08-17T17:12:16Z,2026-08-17T19:12:16+0200,f372a1fc-a0b6-48c3-b979-dc927b00239d,2026-07-27T05:45:00Z,2026-07-27T07:45:00+0200,1633.488,MW,NL,NL,actual_offshore_wind_generation,Wind Offshore | Actual Aggregated,2026-08-17T17:16:10Z
2026-08-17T17:12:16Z,2026-08-17T19:12:16+0200,f372a1fc-a0b6-48c3-b979-dc927b00239d,2026-07-27T05:45:00Z,2026-07-27T07:45:00+0200,8.923,MW,NL,NL,actual_offshore_wind_generation,Wind Offshore | Actual Consumption,2026-08-17T17:16:10Z
2026-08-17T17:12:16Z,2026-08-17T19:12:16+0200,f372a1fc-a0b6-48c3-b979-dc927b00239d,2026-07-27T06:00:00Z,2026-07-27T08:00:00+0200,1446.512,MW,NL,NL,actual_offshore_wind_generation,Wind Offshore | Actual Aggregated,2026-08-17T17:16:10Z
2026-08-17T17:12:16Z,2026-08-17T19:12:16+0200,f372a1fc-a0b6-48c3-b979-dc927b00239d,2026-07-27T06:00:00Z,2026-07-27T08:00:00+0200,7.775,MW,NL,NL,actual_offshore_wind_generation,Wind Offshore | Actual Consumption,2026-08-17T17:16:10Z
2026-08-17T17:12:16Z,2026-08-17T19:12:16+0200,f372a1fc-a0b6-48c3-b979-dc927b00239d,2026-07-27T06:15:00Z,2026-07-27T08:15:00+0200,1295.959,MW,NL,NL,actual_offshore_wind_generation,Wind Offshore | Actual Aggregated,2026-08-17T17:16:10Z
2026-08-17T17:12:16Z,2026-08-17T19:12:16+0200,f372a1fc-a0b6-48c3-b979-dc927b00239d,2026-07-27T06:15:00Z,2026-07-27T08:15:00+0200,7.587,MW,NL,NL,actual_offshore_wind_generation,Wind Offshore | Actual Consumption,2026-08-17T17:16:10Z
2026-08-17T17:12:16Z,2026-08-17T19:12:16+0200,f372a1fc-a0b6-48c3-b979-dc927b00239d,2026-07-27T06:30:00Z,2026-07-27T08:30:00+0200,1280.622,MW,NL,NL,actual_offshore_wind_generation,Wind Offshore | Actual Aggregated,2026-08-17T17:16:10Z
2026-08-17T17:12:16Z,2026-08-17T19:12:16+0200,f372a1fc-a0b6-48c3-b979-dc927b00239d,2026-07-27T06:30:00Z,2026-07-27T08:30:00+0200,4.603,MW,NL,NL,actual_offshore_wind_generation,Wind Offshore | Actual Consumption,2026-08-17T17:16:10Z
2026-08-17T17:12:16Z,2026-08-17T19:12:16+0200,f372a1fc-a0b6-48c3-b979-dc927b00239d,2026-07-27T06:45:00Z,2026-07-27T08:45:00+0200,1327.914,MW,NL,NL,actual_offshore_wind_generation,Wind Offshore | Actual Aggregated,2026-08-17T17:16:10Z
2026-08-17T17:12:16Z,2026-08-17T19:12:16+0200,f372a1fc-a0b6-48c3-b979-dc927b00239d,2026-07-27T06:45:00Z,2026-07-27T08:45:00+0200,4.51,MW,NL,NL,actual_offshore_wind_generation,Wind Offshore | Actual Consumption,2026-08-17T17:16:10Z
2026-08-17T17:12:16Z,2026-08-17T19:12:16+0200,f372a1fc-a0b6-48c3-b979-dc927b00239d,2026-07-27T07:00:00Z,2026-07-27T09:00:00+0200,1379.335,MW,NL,NL,actual_offshore_wind_generation,Wind Offshore | Actual Aggregated,2026-08-17T17:16:10Z
2026-08-17T17:12:16Z,2026-08-17T19:12:16+0200,f372a1fc-a0b6-48c3-b979-dc927b00239d,2026-07-27T07:00:00Z,2026-07-27T09:00:00+0200,3.249,MW,NL,NL,actual_offshore_wind_generation,Wind Offshore | Actual Consumption,2026-08-17T17:16:10Z
2026-08-17T17:12:16Z,2026-08-17T19:12:16+0200,f372a1fc-a0b6-48c3-b979-dc927b00239d,2026-07-27T07:15:00Z,2026-07-27T09:15:00+0200,1403.336,MW,NL,NL,actual_offshore_wind_generation,Wind Offshore | Actual Aggregated,2026-08-17T17:16:10Z
2026-08-17T17:12:16Z,2026-08-17T19:12:16+0200,f372a1fc-a0b6-48c3-b979-dc927b00239d,2026-07-27T07:15:00Z,2026-07-27T09:15:00+0200,4.057,MW,NL,NL,actual_offshore_wind_generation,Wind Offshore | Actual Consumption,2026-08-17T17:16:10Z
2026-08-17T17:12:16Z,2026-08-17T19:12:16+0200,f372a1fc-a0b6-48c3-b979-dc927b00239d,2026-07-27T07:30:00Z,2026-07-27T09:30:00+0200,1428.728,MW,NL,NL,actual_offshore_wind_generation,Wind Offshore | Actual Aggregated,2026-08-17T17:16:10Z
2026-08-17T17:12:16Z,2026-08-17T19:12:16+0200,f372a1fc-a0b6-48c3-b979-dc927b00239d,2026-07-27T07:30:00Z,2026-07-27T09:30:00+0200,3.809,MW,NL,NL,actual_offshore_wind_generation,Wind Offshore | Actual Consumption,2026-08-17T17:16:10Z
2026-08-17T17:12:16Z,2026-08-17T19:12:16+0200,f372a1fc-a0b6-48c3-b979-dc927b00239d,2026-07-27T07:45:00Z,2026-07-27T09:45:00+0200,1414.143,MW,NL,NL,actual_offshore_wind_generation,Wind Offshore | Actual Aggregated,2026-08-17T17:16:10Z
2026-08-17T17:12:16Z,2026-08-17T19:12:16+0200,f372a1fc-a0b6-48c3-b979-dc927b00239d,2026-07-27T07:45:00Z,2026-07-27T09:45:00+0200,3.306,MW,NL,NL,actual_offshore_wind_generation,Wind Offshore | Actual Consumption,2026-08-17T17:16:10Z
2026-08-17T17:12:16Z,2026-08-17T19:12:16+0200,f372a1fc-a0b6-48c3-b979-dc927b00239d,2026-07-27T08:00:00Z,2026-07-27T10:00:00+0200,1453.3,MW,NL,NL,actual_offshore_wind_generation,Wind Offshore | Actual Aggregated,2026-08-17T17:16:10Z
2026-08-17T17:12:16Z,2026-08-17T19:12:16+0200,f372a1fc-a0b6-48c3-b979-dc927b00239d,2026-07-27T08:00:00Z,2026-07-27T10:00:00+0200,3.049,MW,NL,NL,actual_offshore_wind_generation,Wind Offshore | Actual Consumption,2026-08-17T17:16:10Z
2026-08-17T17:12:16Z,2026-08-17T19:12:16+0200,f372a1fc-a0b6-48c3-b979-dc927b00239d,2026-07-27T08:15:00Z,2026-07-27T10:15:00+0200,1534.408,MW,NL,NL,actual_offshore_wind_generation,Wind Offshore | Actual Aggregated,2026-08-17T17:16:10Z
2026-08-17T17:12:16Z,2026-08-17T19:12:16+0200,f372a1fc-a0b6-48c3-b979-dc927b00239d,2026-07-27T08:15:00Z,2026-07-27T10:15:00+0200,2.22,MW,NL,NL,actual_offshore_wind_generation,Wind Offshore | Actual Consumption,2026-08-17T17:16:10Z
2026-08-17T17:12:16Z,2026-08-17T19:12:16+0200,f372a1fc-a0b6-48c3-b979-dc927b00239d,2026-07-27T08:30:00Z,2026-07-27T10:30:00+0200,1580.607,MW,NL,NL,actual_offshore_wind_generation,Wind Offshore | Actual Aggregated,2026-08-17T17:16:10Z
2026-08-17T17:12:16Z,2026-08-17T19:12:16+0200,f372a1fc-a0b6-48c3-b979-dc927b00239d,2026-07-27T08:30:00Z,2026-07-27T10:30:00+0200,2.367,MW,NL,NL,actual_offshore_wind_generation,Wind Offshore | Actual Consumption,2026-08-17T17:16:10Z
2026-08-17T17:12:16Z,2026-08-17T19:12:16+0200,f372a1fc-a0b6-48c3-b979-dc927b00239d,2026-07-27T08:45:00Z,2026-07-27T10:45:00+0200,1475.508,MW,NL,NL,actual_offshore_wind_generation,Wind Offshore | Actual Aggregated,2026-08-17T17:16:10Z
2026-08-17T17:12:16Z,2026-08-17T19:12:16+0200,f372a1fc-a0b6-48c3-b979-dc927b00239d,2026-07-27T08:45:00Z,2026-07-27T10:45:00+0200,2.855,MW,NL,NL,actual_offshore_wind_generation,Wind Offshore | Actual Consumption,2026-08-17T17:16:10Z
2026-08-17T17:12:16Z,2026-08-17T19:12:16+0200,f372a1fc-a0b6-48c3-b979-dc927b00239d,2026-07-27T09:00:00Z,2026-07-27T11:00:00+0200,1420.291,MW,NL,NL,actual_offshore_wind_generation,Wind Offshore | Actual Aggregated,2026-08-17T17:16:10Z
2026-08-17T17:12:16Z,2026-08-17T19:12:16+0200,f372a1fc-a0b6-48c3-b979-dc927b00239d,2026-07-27T09:00:00Z,2026-07-27T11:00:00+0200,3.417,MW,NL,NL,actual_offshore_wind_generation,Wind Offshore | Actual Consumption,2026-08-17T17:16:10Z
2026-08-17T17:12:16Z,2026-08-17T19:12:16+0200,f372a1fc-a0b6-48c3-b979-dc927b00239d,2026-07-27T09:15:00Z,2026-07-27T11:15:00+0200,1447.661,MW,NL,NL,actual_offshore_wind_generation,Wind Offshore | Actual Aggregated,2026-08-17T17:16:10Z
2026-08-17T17:12:16Z,2026-08-17T19:12:16+0200,f372a1fc-a0b6-48c3-b979-dc927b00239d,2026-07-27T09:15:00Z,2026-07-27T11:15:00+0200,3.499,MW,NL,NL,actual_offshore_wind_generation,Wind Offshore | Actual Consumption,2026-08-17T17:16:10Z
2026-08-17T17:12:16Z,2026-08-17T19:12:16+0200,f372a1fc-a0b6-48c3-b979-dc927b00239d,2026-07-27T09:30:00Z,2026-07-27T11:30:00+0200,1481.897,MW,NL,NL,actual_offshore_wind_generation,Wind Offshore | Actual Aggregated,2026-08-17T17:16:10Z
2026-08-17T17:12:16Z,2026-08-17T19:12:16+0200,f372a1fc-a0b6-48c3-b979-dc927b00239d,2026-07-27T09:30:00Z,2026-07-27T11:30:00+0200,3.073,MW,NL,NL,actual_offshore_wind_generation,Wind Offshore | Actual Consumption,2026-08-17T17:16:10Z
2026-08-17T17:12:16Z,2026-08-17T19:12:16+0200,f372a1fc-a0b6-48c3-b979-dc927b00239d,2026-07-27T09:45:00Z,2026-07-27T11:45:00+0200,1595.85,MW,NL,NL,actual_offshore_wind_generation,Wind Offshore | Actual Aggregated,2026-08-17T17:16:10Z
2026-08-17T17:12:16Z,2026-08-17T19:12:16+0200,f372a1fc-a0b6-48c3-b979-dc927b00239d,2026-07-27T09:45:00Z,2026-07-27T11:45:00+0200,2.457,MW,NL,NL,actual_offshore_wind_generation,Wind Offshore | Actual Consumption,2026-08-17T17:16:10Z
2026-08-17T17:12:16Z,2026-08-17T19:12:16+0200,f372a1fc-a0b6-48c3-b979-dc927b00239d,2026-07-27T10:00:00Z,2026-07-27T12:00:00+0200,1553.704,MW,NL,NL,actual_offshore_wind_generation,Wind Offshore | Actual Aggregated,2026-08-17T17:16:10Z
2026-08-17T17:12:16Z,2026-08-17T19:12:16+0200,f372a1fc-a0b6-48c3-b979-dc927b00239d,2026-07-27T10:00:00Z,2026-07-27T12:00:00+0200,3.262,MW,NL,NL,actual_offshore_wind_generation,Wind Offshore | Actual Consumption,2026-08-17T17:16:10Z
2026-08-17T17:12:16Z,2026-08-17T19:12:16+0200,f372a1fc-a0b6-48c3-b979-dc927b00239d,2026-07-27T10:15:00Z,2026-07-27T12:15:00+0200,1409.545,MW,NL,NL,actual_offshore_wind_generation,Wind Offshore | Actual Aggregated,2026-08-17T17:16:10Z
2026-08-17T17:12:16Z,2026-08-17T19:12:16+0200,f372a1fc-a0b6-48c3-b979-dc927b00239d,2026-07-27T10:15:00Z,2026-07-27T12:15:00+0200,2.329,MW,NL,NL,actual_offshore_wind_generation,Wind Offshore | Actual Consumption,2026-08-17T17:16:10Z
2026-08-17T17:12:16Z,2026-08-17T19:12:16+0200,f372a1fc-a0b6-48c3-b979-dc927b00239d,2026-07-27T10:30:00Z,2026-07-27T12:30:00+0200,1321.276,MW,NL,NL,actual_offshore_wind_generation,Wind Offshore | Actual Aggregated,2026-08-17T17:16:10Z
2026-08-17T17:12:16Z,2026-08-17T19:12:16+0200,f372a1fc-a0b6-48c3-b979-dc927b00239d,2026-07-27T10:30:00Z,2026-07-27T12:30:00+0200,2.567,MW,NL,NL,actual_offshore_wind_generation,Wind Offshore | Actual Consumption,2026-08-17T17:16:10Z
2026-08-17T17:12:16Z,2026-08-17T19:12:16+0200,f372a1fc-a0b6-48c3-b979-dc927b00239d,2026-07-27T10:45:00Z,2026-07-27T12:45:00+0200,1690.949,MW,NL,NL,actual_offshore_wind_generation,Wind Offshore | Actual Aggregated,2026-08-17T17:16:10Z
2026-08-17T17:12:16Z,2026-08-17T19:12:16+0200,f372a1fc-a0b6-48c3-b979-dc927b00239d,2026-07-27T10:45:00Z,2026-07-27T12:45:00+0200,5.38,MW,NL,NL,actual_offshore_wind_generation,Wind Offshore | Actual Consumption,2026-08-17T17:16:10Z
2026-08-17T17:12:16Z,2026-08-17T19:12:16+0200,f372a1fc-a0b6-48c3-b979-dc927b00239d,2026-07-27T11:00:00Z,2026-07-27T13:00:00+0200,1903.017,MW,NL,NL,actual_offshore_wind_generation,Wind Offshore | Actual Aggregated,2026-08-17T17:16:10Z
2026-08-17T17:12:16Z,2026-08-17T19:12:16+0200,f372a1fc-a0b6-48c3-b979-dc927b00239d,2026-07-27T11:00:00Z,2026-07-27T13:00:00+0200,5.107,MW,NL,NL,actual_offshore_wind_generation,Wind Offshore | Actual Consumption,2026-08-17T17:16:10Z
2026-08-17T17:12:16Z,2026-08-17T19:12:16+0200,f372a1fc-a0b6-48c3-b979-dc927b00239d,2026-07-27T11:15:00Z,2026-07-27T13:15:00+0200,1925.014,MW,NL,NL,actual_offshore_wind_generation,Wind Offshore | Actual Aggregated,2026-08-17T17:16:10Z
2026-08-17T17:12:16Z,2026-08-17T19:12:16+0200,f372a1fc-a0b6-48c3-b979-dc927b00239d,2026-07-27T11:15:00Z,2026-07-27T13:15:00+0200,4.219,MW,NL,NL,actual_offshore_wind_generation,Wind Offshore | Actual Consumption,2026-08-17T17:16:10Z
2026-08-17T17:12:16Z,2026-08-17T19:12:16+0200,f372a1fc-a0b6-48c3-b979-dc927b00239d,2026-07-27T11:30:00Z,2026-07-27T13:30:00+0200,1829.563,MW,NL,NL,actual_offshore_wind_generation,Wind Offshore | Actual Aggregated,2026-08-17T17:16:10Z
2026-08-17T17:12:16Z,2026-08-17T19:12:16+0200,f372a1fc-a0b6-48c3-b979-dc927b00239d,2026-07-27T11:30:00Z,2026-07-27T13:30:00+0200,3.007,MW,NL,NL,actual_offshore_wind_generation,Wind Offshore | Actual Consumption,2026-08-17T17:16:10Z
2026-08-17T17:12:16Z,2026-08-17T19:12:16+0200,f372a1fc-a0b6-48c3-b979-dc927b00239d,2026-07-27T11:45:00Z,2026-07-27T13:45:00+0200,1683.399,MW,NL,NL,actual_offshore_wind_generation,Wind Offshore | Actual Aggregated,2026-08-17T17:16:10Z
2026-08-17T17:12:16Z,2026-08-17T19:12:16+0200,f372a1fc-a0b6-48c3-b979-dc927b00239d,2026-07-27T11:45:00Z,2026-07-27T13:45:00+0200,2.724,MW,NL,NL,actual_offshore_wind_generation,Wind Offshore | Actual Consumption,2026-08-17T17:16:10Z
2026-08-17T17:12:16Z,2026-08-17T19:12:16+0200,f372a1fc-a0b6-48c3-b979-dc927b00239d,2026-07-27T12:00:00Z,2026-07-27T14:00:00+0200,1622.976,MW,NL,NL,actual_offshore_wind_generation,Wind Offshore | Actual Aggregated,2026-08-17T17:16:10Z
2026-08-17T17:12:16Z,2026-08-17T19:12:16+0200,f372a1fc-a0b6-48c3-b979-dc927b00239d,2026-07-27T12:00:00Z,2026-07-27T14:00:00+0200,2.842,MW,NL,NL,actual_offshore_wind_generation,Wind Offshore | Actual Consumption,2026-08-17T17:16:10Z
2026-08-17T17:12:16Z,2026-08-17T19:12:16+0200,f372a1fc-a0b6-48c3-b979-dc927b00239d,2026-07-27T12:15:00Z,2026-07-27T14:15:00+0200,1916.657,MW,NL,NL,actual_offshore_wind_generation,Wind Offshore | Actual Aggregated,2026-08-17T17:16:10Z
2026-08-17T17:12:16Z,2026-08-17T19:12:16+0200,f372a1fc-a0b6-48c3-b979-dc927b00239d,2026-07-27T12:15:00Z,2026-07-27T14:15:00+0200,1.682,MW,NL,NL,actual_offshore_wind_generation,Wind Offshore | Actual Consumption,2026-08-17T17:16:10Z
2026-08-17T17:12:16Z,2026-08-17T19:12:16+0200,f372a1fc-a0b6-48c3-b979-dc927b00239d,2026-07-27T12:30:00Z,2026-07-27T14:30:00+0200,1926.96,MW,NL,NL,actual_offshore_wind_generation,Wind Offshore | Actual Aggregated,2026-08-17T17:16:10Z
2026-08-17T17:12:16Z,2026-08-17T19:12:16+0200,f372a1fc-a0b6-48c3-b979-dc927b00239d,2026-07-27T12:30:00Z,2026-07-27T14:30:00+0200,2.192,MW,NL,NL,actual_offshore_wind_generation,Wind Offshore | Actual Consumption,2026-08-17T17:16:10Z
2026-08-17T17:12:16Z,2026-08-17T19:12:16+0200,f372a1fc-a0b6-48c3-b979-dc927b00239d,2026-07-27T12:45:00Z,2026-07-27T14:45:00+0200,1773.925,MW,NL,NL,actual_offshore_wind_generation,Wind Offshore | Actual Aggregated,2026-08-17T17:16:10Z
2026-08-17T17:12:16Z,2026-08-17T19:12:16+0200,f372a1fc-a0b6-48c3-b979-dc927b00239d,2026-07-27T12:45:00Z,2026-07-27T14:45:00+0200,1.821,MW,NL,NL,actual_offshore_wind_generation,Wind Offshore | Actual Consumption,2026-08-17T17:16:10Z
2026-08-17T17:12:16Z,2026-08-17T19:12:16+0200,f372a1fc-a0b6-48c3-b979-dc927b00239d,2026-07-27T13:00:00Z,2026-07-27T15:00:00+0200,1494.06,MW,NL,NL,actual_offshore_wind_generation,Wind Offshore | Actual Aggregated,2026-08-17T17:16:10Z
2026-08-17T17:12:16Z,2026-08-17T19:12:16+0200,f372a1fc-a0b6-48c3-b979-dc927b00239d,2026-07-27T13:00:00Z,2026-07-27T15:00:00+0200,1.583,MW,NL,NL,actual_offshore_wind_generation,Wind Offshore | Actual Consumption,2026-08-17T17:16:10Z
2026-08-17T17:12:16Z,2026-08-17T19:12:16+0200,f372a1fc-a0b6-48c3-b979-dc927b00239d,2026-07-27T13:15:00Z,2026-07-27T15:15:00+0200,1562.964,MW,NL,NL,actual_offshore_wind_generation,Wind Offshore | Actual Aggregated,2026-08-17T17:16:10Z
2026-08-17T17:12:16Z,2026-08-17T19:12:16+0200,f372a1fc-a0b6-48c3-b979-dc927b00239d,2026-07-27T13:15:00Z,2026-07-27T15:15:00+0200,2.371,MW,NL,NL,actual_offshore_wind_generation,Wind Offshore | Actual Consumption,2026-08-17T17:16:10Z
2026-08-17T17:12:16Z,2026-08-17T19:12:16+0200,f372a1fc-a0b6-48c3-b979-dc927b00239d,2026-07-27T13:30:00Z,2026-07-27T15:30:00+0200,1598.91,MW,NL,NL,actual_offshore_wind_generation,Wind Offshore | Actual Aggregated,2026-08-17T17:16:10Z
2026-08-17T17:12:16Z,2026-08-17T19:12:16+0200,f372a1fc-a0b6-48c3-b979-dc927b00239d,2026-07-27T13:30:00Z,2026-07-27T15:30:00+0200,1.95,MW,NL,NL,actual_offshore_wind_generation,Wind Offshore | Actual Consumption,2026-08-17T17:16:10Z
2026-08-17T17:12:16Z,2026-08-17T19:12:16+0200,f372a1fc-a0b6-48c3-b979-dc927b00239d,2026-07-27T13:45:00Z,2026-07-27T15:45:00+0200,1390.25,MW,NL,NL,actual_offshore_wind_generation,Wind Offshore | Actual Aggregated,2026-08-17T17:16:10Z
2026-08-17T17:12:16Z,2026-08-17T19:12:16+0200,f372a1fc-a0b6-48c3-b979-dc927b00239d,2026-07-27T13:45:00Z,2026-07-27T15:45:00+0200,2.223,MW,NL,NL,actual_offshore_wind_generation,Wind Offshore | Actual Consumption,2026-08-17T17:16:10Z
2026-08-17T17:12:16Z,2026-08-17T19:12:16+0200,f372a1fc-a0b6-48c3-b979-dc927b00239d,2026-07-27T14:00:00Z,2026-07-27T16:00:00+0200,1066.32,MW,NL,NL,actual_offshore_wind_generation,Wind Offshore | Actual Aggregated,2026-08-17T17:16:10Z
2026-08-17T17:12:16Z,2026-08-17T19:12:16+0200,f372a1fc-a0b6-48c3-b979-dc927b00239d,2026-07-27T14:00:00Z,2026-07-27T16:00:00+0200,1.81,MW,NL,NL,actual_offshore_wind_generation,Wind Offshore | Actual Consumption,2026-08-17T17:16:10Z
2026-08-17T17:12:16Z,2026-08-17T19:12:16+0200,f372a1fc-a0b6-48c3-b979-dc927b00239d,2026-07-27T14:15:00Z,2026-07-27T16:15:00+0200,1425.263,MW,NL,NL,actual_offshore_wind_generation,Wind Offshore | Actual Aggregated,2026-08-17T17:16:10Z
2026-08-17T17:12:16Z,2026-08-17T19:12:16+0200,f372a1fc-a0b6-48c3-b979-dc927b00239d,2026-07-27T14:15:00Z,2026-07-27T16:15:00+0200,3.331,MW,NL,NL,actual_offshore_wind_generation,Wind Offshore | Actual Consumption,2026-08-17T17:16:10Z
2026-08-17T17:12:16Z,2026-08-17T19:12:16+0200,f372a1fc-a0b6-48c3-b979-dc927b00239d,2026-07-27T14:30:00Z,2026-07-27T16:30:00+0200,1279.622,MW,NL,NL,actual_offshore_wind_generation,Wind Offshore | Actual Aggregated,2026-08-17T17:16:10Z
2026-08-17T17:12:16Z,2026-08-17T19:12:16+0200,f372a1fc-a0b6-48c3-b979-dc927b00239d,2026-07-27T14:30:00Z,2026-07-27T16:30:00+0200,2.177,MW,NL,NL,actual_offshore_wind_generation,Wind Offshore | Actual Consumption,2026-08-17T17:16:10Z
2026-08-17T17:12:16Z,2026-08-17T19:12:16+0200,f372a1fc-a0b6-48c3-b979-dc927b00239d,2026-07-27T14:45:00Z,2026-07-27T16:45:00+0200,1108.205,MW,NL,NL,actual_offshore_wind_generation,Wind Offshore | Actual Aggregated,2026-08-17T17:16:10Z
2026-08-17T17:12:16Z,2026-08-17T19:12:16+0200,f372a1fc-a0b6-48c3-b979-dc927b00239d,2026-07-27T14:45:00Z,2026-07-27T16:45:00+0200,2.081,MW,NL,NL,actual_offshore_wind_generation,Wind Offshore | Actual Consumption,2026-08-17T17:16:10Z
2026-08-17T17:12:16Z,2026-08-17T19:12:16+0200,f372a1fc-a0b6-48c3-b979-dc927b00239d,2026-07-27T15:00:00Z,2026-07-27T17:00:00+0200,846.698,MW,NL,NL,actual_offshore_wind_generation,Wind Offshore | Actual Aggregated,2026-08-17T17:16:10Z
2026-08-17T17:12:16Z,2026-08-17T19:12:16+0200,f372a1fc-a0b6-48c3-b979-dc927b00239d,2026-07-27T15:00:00Z,2026-07-27T17:00:00+0200,1.336,MW,NL,NL,actual_offshore_wind_generation,Wind Offshore | Actual Consumption,2026-08-17T17:16:10Z
2026-08-17T17:12:16Z,2026-08-17T19:12:16+0200,f372a1fc-a0b6-48c3-b979-dc927b00239d,2026-07-27T15:15:00Z,2026-07-27T17:15:00+0200,681.311,MW,NL,NL,actual_offshore_wind_generation,Wind Offshore | Actual Aggregated,2026-08-17T17:16:10Z
2026-08-17T17:12:16Z,2026-08-17T19:12:16+0200,f372a1fc-a0b6-48c3-b979-dc927b00239d,2026-07-27T15:15:00Z,2026-07-27T17:15:00+0200,0.86,MW,NL,NL,actual_offshore_wind_generation,Wind Offshore | Actual Consumption,2026-08-17T17:16:10Z
2026-08-17T17:12:16Z,2026-08-17T19:12:16+0200,f372a1fc-a0b6-48c3-b979-dc927b00239d,2026-07-27T15:30:00Z,2026-07-27T17:30:00+0200,543.76,MW,NL,NL,actual_offshore_wind_generation,Wind Offshore | Actual Aggregated,2026-08-17T17:16:10Z
2026-08-17T17:12:16Z,2026-08-17T19:12:16+0200,f372a1fc-a0b6-48c3-b979-dc927b00239d,2026-07-27T15:30:00Z,2026-07-27T17:30:00+0200,0.839,MW,NL,NL,actual_offshore_wind_generation,Wind Offshore | Actual Consumption,2026-08-17T17:16:10Z
2026-08-17T17:12:16Z,2026-08-17T19:12:16+0200,f372a1fc-a0b6-48c3-b979-dc927b00239d,2026-07-27T15:45:00Z,2026-07-27T17:45:00+0200,476.275,MW,NL,NL,actual_offshore_wind_generation,Wind Offshore | Actual Aggregated,2026-08-17T17:16:10Z
2026-08-17T17:12:16Z,2026-08-17T19:12:16+0200,f372a1fc-a0b6-48c3-b979-dc927b00239d,2026-07-27T15:45:00Z,2026-07-27T17:45:00+0200,0.388,MW,NL,NL,actual_offshore_wind_generation,Wind Offshore | Actual Consumption,2026-08-17T17:16:10Z
2026-08-17T17:12:16Z,2026-08-17T19:12:16+0200,f372a1fc-a0b6-48c3-b979-dc927b00239d,2026-07-27T16:00:00Z,2026-07-27T18:00:00+0200,508.089,MW,NL,NL,actual_offshore_wind_generation,Wind Offshore | Actual Aggregated,2026-08-17T17:16:10Z
2026-08-17T17:12:16Z,2026-08-17T19:12:16+0200,f372a1fc-a0b6-48c3-b979-dc927b00239d,2026-07-27T16:00:00Z,2026-07-27T18:00:00+0200,0.235,MW,NL,NL,actual_offshore_wind_generation,Wind Offshore | Actual Consumption,2026-08-17T17:16:10Z
2026-08-17T17:12:16Z,2026-08-17T19:12:16+0200,f372a1fc-a0b6-48c3-b979-dc927b00239d,2026-07-27T16:15:00Z,2026-07-27T18:15:00+0200,545.574,MW,NL,NL,actual_offshore_wind_generation,Wind Offshore | Actual Aggregated,2026-08-17T17:16:10Z
2026-08-17T17:12:16Z,2026-08-17T19:12:16+0200,f372a1fc-a0b6-48c3-b979-dc927b00239d,2026-07-27T16:15:00Z,2026-07-27T18:15:00+0200,1.815,MW,NL,NL,actual_offshore_wind_generation,Wind Offshore | Actual Consumption,2026-08-17T17:16:10Z
2026-08-17T17:12:16Z,2026-08-17T19:12:16+0200,f372a1fc-a0b6-48c3-b979-dc927b00239d,2026-07-27T16:30:00Z,2026-07-27T18:30:00+0200,579.044,MW,NL,NL,actual_offshore_wind_generation,Wind Offshore | Actual Aggregated,2026-08-17T17:16:10Z
2026-08-17T17:12:16Z,2026-08-17T19:12:16+0200,f372a1fc-a0b6-48c3-b979-dc927b00239d,2026-07-27T16:30:00Z,2026-07-27T18:30:00+0200,1.842,MW,NL,NL,actual_offshore_wind_generation,Wind Offshore | Actual Consumption,2026-08-17T17:16:10Z
2026-08-17T17:12:16Z,2026-08-17T19:12:16+0200,f372a1fc-a0b6-48c3-b979-dc927b00239d,2026-07-27T16:45:00Z,2026-07-27T18:45:00+0200,607.616,MW,NL,NL,actual_offshore_wind_generation,Wind Offshore | Actual Aggregated,2026-08-17T17:16:10Z
2026-08-17T17:12:16Z,2026-08-17T19:12:16+0200,f372a1fc-a0b6-48c3-b979-dc927b00239d,2026-07-27T16:45:00Z,2026-07-27T18:45:00+0200,2.303,MW,NL,NL,actual_offshore_wind_generation,Wind Offshore | Actual Consumption,2026-08-17T17:16:10Z
2026-08-17T17:12:16Z,2026-08-17T19:12:16+0200,f372a1fc-a0b6-48c3-b979-dc927b00239d,2026-07-27T17:00:00Z,2026-07-27T19:00:00+0200,652.312,MW,NL,NL,actual_offshore_wind_generation,Wind Offshore | Actual Aggregated,2026-08-17T17:16:10Z
2026-08-17T17:12:16Z,2026-08-17T19:12:16+0200,f372a1fc-a0b6-48c3-b979-dc927b00239d,2026-07-27T17:00:00Z,2026-07-27T19:00:00+0200,2.503,MW,NL,NL,actual_offshore_wind_generation,Wind Offshore | Actual Consumption,2026-08-17T17:16:10Z
2026-08-17T17:12:16Z,2026-08-17T19:12:16+0200,f372a1fc-a0b6-48c3-b979-dc927b00239d,2026-07-27T17:15:00Z,2026-07-27T19:15:00+0200,647.199,MW,NL,NL,actual_offshore_wind_generation,Wind Offshore | Actual Aggregated,2026-08-17T17:16:10Z
2026-08-17T17:12:16Z,2026-08-17T19:12:16+0200,f372a1fc-a0b6-48c3-b979-dc927b00239d,2026-07-27T17:15:00Z,2026-07-27T19:15:00+0200,1.777,MW,NL,NL,actual_offshore_wind_generation,Wind Offshore | Actual Consumption,2026-08-17T17:16:10Z
2026-08-17T17:12:16Z,2026-08-17T19:12:16+0200,f372a1fc-a0b6-48c3-b979-dc927b00239d,2026-07-27T17:30:00Z,2026-07-27T19:30:00+0200,665.009,MW,NL,NL,actual_offshore_wind_generation,Wind Offshore | Actual Aggregated,2026-08-17T17:16:10Z
2026-08-17T17:12:16Z,2026-08-17T19:12:16+0200,f372a1fc-a0b6-48c3-b979-dc927b00239d,2026-07-27T17:30:00Z,2026-07-27T19:30:00+0200,4.557,MW,NL,NL,actual_offshore_wind_generation,Wind Offshore | Actual Consumption,2026-08-17T17:16:10Z
2026-08-17T17:12:16Z,2026-08-17T19:12:16+0200,f372a1fc-a0b6-48c3-b979-dc927b00239d,2026-07-27T17:45:00Z,2026-07-27T19:45:00+0200,669.915,MW,NL,NL,actual_offshore_wind_generation,Wind Offshore | Actual Aggregated,2026-08-17T17:16:10Z
2026-08-17T17:12:16Z,2026-08-17T19:12:16+0200,f372a1fc-a0b6-48c3-b979-dc927b00239d,2026-07-27T17:45:00Z,2026-07-27T19:45:00+0200,9.805,MW,NL,NL,actual_offshore_wind_generation,Wind Offshore | Actual Consumption,2026-08-17T17:16:10Z
2026-08-17T17:12:16Z,2026-08-17T19:12:16+0200,f372a1fc-a0b6-48c3-b979-dc927b00239d,2026-07-27T18:00:00Z,2026-07-27T20:00:00+0200,629.345,MW,NL,NL,actual_offshore_wind_generation,Wind Offshore | Actual Aggregated,2026-08-17T17:16:10Z
2026-08-17T17:12:16Z,2026-08-17T19:12:16+0200,f372a1fc-a0b6-48c3-b979-dc927b00239d,2026-07-27T18:00:00Z,2026-07-27T20:00:00+0200,9.327,MW,NL,NL,actual_offshore_wind_generation,Wind Offshore | Actual Consumption,2026-08-17T17:16:10Z
2026-08-17T17:12:16Z,2026-08-17T19:12:16+0200,f372a1fc-a0b6-48c3-b979-dc927b00239d,2026-07-27T18:15:00Z,2026-07-27T20:15:00+0200,615.151,MW,NL,NL,actual_offshore_wind_generation,Wind Offshore | Actual Aggregated,2026-08-17T17:16:10Z
2026-08-17T17:12:16Z,2026-08-17T19:12:16+0200,f372a1fc-a0b6-48c3-b979-dc927b00239d,2026-07-27T18:15:00Z,2026-07-27T20:15:00+0200,8.848,MW,NL,NL,actual_offshore_wind_generation,Wind Offshore | Actual Consumption,2026-08-17T17:16:10Z
2026-08-17T17:12:16Z,2026-08-17T19:12:16+0200,f372a1fc-a0b6-48c3-b979-dc927b00239d,2026-07-27T18:30:00Z,2026-07-27T20:30:00+0200,615.806,MW,NL,NL,actual_offshore_wind_generation,Wind Offshore | Actual Aggregated,2026-08-17T17:16:10Z
2026-08-17T17:12:16Z,2026-08-17T19:12:16+0200,f372a1fc-a0b6-48c3-b979-dc927b00239d,2026-07-27T18:30:00Z,2026-07-27T20:30:00+0200,9.079,MW,NL,NL,actual_offshore_wind_generation,Wind Offshore | Actual Consumption,2026-08-17T17:16:10Z
2026-08-17T17:12:16Z,2026-08-17T19:12:16+0200,f372a1fc-a0b6-48c3-b979-dc927b00239d,2026-07-27T18:45:00Z,2026-07-27T20:45:00+0200,622.767,MW,NL,NL,actual_offshore_wind_generation,Wind Offshore | Actual Aggregated,2026-08-17T17:16:10Z
2026-08-17T17:12:16Z,2026-08-17T19:12:16+0200,f372a1fc-a0b6-48c3-b979-dc927b00239d,2026-07-27T18:45:00Z,2026-07-27T20:45:00+0200,12.665,MW,NL,NL,actual_offshore_wind_generation,Wind Offshore | Actual Consumption,2026-08-17T17:16:10Z
2026-08-17T17:12:16Z,2026-08-17T19:12:16+0200,f372a1fc-a0b6-48c3-b979-dc927b00239d,2026-07-27T19:00:00Z,2026-07-27T21:00:00+0200,631.462,MW,NL,NL,actual_offshore_wind_generation,Wind Offshore | Actual Aggregated,2026-08-17T17:16:10Z
2026-08-17T17:12:16Z,2026-08-17T19:12:16+0200,f372a1fc-a0b6-48c3-b979-dc927b00239d,2026-07-27T19:00:00Z,2026-07-27T21:00:00+0200,10.247,MW,NL,NL,actual_offshore_wind_generation,Wind Offshore | Actual Consumption,2026-08-17T17:16:10Z
2026-08-17T17:12:16Z,2026-08-17T19:12:16+0200,f372a1fc-a0b6-48c3-b979-dc927b00239d,2026-07-27T19:15:00Z,2026-07-27T21:15:00+0200,622.404,MW,NL,NL,actual_offshore_wind_generation,Wind Offshore | Actual Aggregated,2026-08-17T17:16:10Z
2026-08-17T17:12:16Z,2026-08-17T19:12:16+0200,f372a1fc-a0b6-48c3-b979-dc927b00239d,2026-07-27T19:15:00Z,2026-07-27T21:15:00+0200,9.657,MW,NL,NL,actual_offshore_wind_generation,Wind Offshore | Actual Consumption,2026-08-17T17:16:10Z
2026-08-17T17:12:16Z,2026-08-17T19:12:16+0200,f372a1fc-a0b6-48c3-b979-dc927b00239d,2026-07-27T19:30:00Z,2026-07-27T21:30:00+0200,628.722,MW,NL,NL,actual_offshore_wind_generation,Wind Offshore | Actual Aggregated,2026-08-17T17:16:10Z
2026-08-17T17:12:16Z,2026-08-17T19:12:16+0200,f372a1fc-a0b6-48c3-b979-dc927b00239d,2026-07-27T19:30:00Z,2026-07-27T21:30:00+0200,8.048,MW,NL,NL,actual_offshore_wind_generation,Wind Offshore | Actual Consumption,2026-08-17T17:16:10Z
2026-08-17T17:12:16Z,2026-08-17T19:12:16+0200,f372a1fc-a0b6-48c3-b979-dc927b00239d,2026-07-27T19:45:00Z,2026-07-27T21:45:00+0200,680.242,MW,NL,NL,actual_offshore_wind_generation,Wind Offshore | Actual Aggregated,2026-08-17T17:16:10Z
2026-08-17T17:12:16Z,2026-08-17T19:12:16+0200,f372a1fc-a0b6-48c3-b979-dc927b00239d,2026-07-27T19:45:00Z,2026-07-27T21:45:00+0200,6.755,MW,NL,NL,actual_offshore_wind_generation,Wind Offshore | Actual Consumption,2026-08-17T17:16:10Z
2026-08-17T17:12:16Z,2026-08-17T19:12:16+0200,f372a1fc-a0b6-48c3-b979-dc927b00239d,2026-07-27T20:00:00Z,2026-07-27T22:00:00+0200,751.763,MW,NL,NL,actual_offshore_wind_generation,Wind Offshore | Actual Aggregated,2026-08-17T17:16:10Z
2026-08-17T17:12:16Z,2026-08-17T19:12:16+0200,f372a1fc-a0b6-48c3-b979-dc927b00239d,2026-07-27T20:00:00Z,2026-07-27T22:00:00+0200,5.026,MW,NL,NL,actual_offshore_wind_generation,Wind Offshore | Actual Consumption,2026-08-17T17:16:10Z
2026-08-17T17:12:16Z,2026-08-17T19:12:16+0200,f372a1fc-a0b6-48c3-b979-dc927b00239d,2026-07-27T20:15:00Z,2026-07-27T22:15:00+0200,844.378,MW,NL,NL,actual_offshore_wind_generation,Wind Offshore | Actual Aggregated,2026-08-17T17:16:10Z
2026-08-17T17:12:16Z,2026-08-17T19:12:16+0200,f372a1fc-a0b6-48c3-b979-dc927b00239d,2026-07-27T20:15:00Z,2026-07-27T22:15:00+0200,4.502,MW,NL,NL,actual_offshore_wind_generation,Wind Offshore | Actual Consumption,2026-08-17T17:16:10Z
2026-08-17T17:12:16Z,2026-08-17T19:12:16+0200,f372a1fc-a0b6-48c3-b979-dc927b00239d,2026-07-27T20:30:00Z,2026-07-27T22:30:00+0200,918.973,MW,NL,NL,actual_offshore_wind_generation,Wind Offshore | Actual Aggregated,2026-08-17T17:16:10Z
2026-08-17T17:12:16Z,2026-08-17T19:12:16+0200,f372a1fc-a0b6-48c3-b979-dc927b00239d,2026-07-27T20:30:00Z,2026-07-27T22:30:00+0200,4.602,MW,NL,NL,actual_offshore_wind_generation,Wind Offshore | Actual Consumption,2026-08-17T17:16:10Z
2026-08-17T17:12:16Z,2026-08-17T19:12:16+0200,f372a1fc-a0b6-48c3-b979-dc927b00239d,2026-07-27T20:45:00Z,2026-07-27T22:45:00+0200,1019.197,MW,NL,NL,actual_offshore_wind_generation,Wind Offshore | Actual Aggregated,2026-08-17T17:16:10Z
2026-08-17T17:12:16Z,2026-08-17T19:12:16+0200,f372a1fc-a0b6-48c3-b979-dc927b00239d,2026-07-27T20:45:00Z,2026-07-27T22:45:00+0200,7.114,MW,NL,NL,actual_offshore_wind_generation,Wind Offshore | Actual Consumption,2026-08-17T17:16:10Z
2026-08-17T17:12:16Z,2026-08-17T19:12:16+0200,f372a1fc-a0b6-48c3-b979-dc927b00239d,2026-07-27T21:00:00Z,2026-07-27T23:00:00+0200,1113.326,MW,NL,NL,actual_offshore_wind_generation,Wind Offshore | Actual Aggregated,2026-08-17T17:16:10Z
2026-08-17T17:12:16Z,2026-08-17T19:12:16+0200,f372a1fc-a0b6-48c3-b979-dc927b00239d,2026-07-27T21:00:00Z,2026-07-27T23:00:00+0200,7.34,MW,NL,NL,actual_offshore_wind_generation,Wind Offshore | Actual Consumption,2026-08-17T17:16:10Z
2026-08-17T17:12:16Z,2026-08-17T19:12:16+0200,f372a1fc-a0b6-48c3-b979-dc927b00239d,2026-07-27T21:15:00Z,2026-07-27T23:15:00+0200,1131.33,MW,NL,NL,actual_offshore_wind_generation,Wind Offshore | Actual Aggregated,2026-08-17T17:16:10Z
2026-08-17T17:12:16Z,2026-08-17T19:12:16+0200,f372a1fc-a0b6-48c3-b979-dc927b00239d,2026-07-27T21:15:00Z,2026-07-27T23:15:00+0200,7.928,MW,NL,NL,actual_offshore_wind_generation,Wind Offshore | Actual Consumption,2026-08-17T17:16:10Z
2026-08-17T17:12:16Z,2026-08-17T19:12:16+0200,f372a1fc-a0b6-48c3-b979-dc927b00239d,2026-07-27T21:30:00Z,2026-07-27T23:30:00+0200,1101.271,MW,NL,NL,actual_offshore_wind_generation,Wind Offshore | Actual Aggregated,2026-08-17T17:16:10Z
2026-08-17T17:12:16Z,2026-08-17T19:12:16+0200,f372a1fc-a0b6-48c3-b979-dc927b00239d,2026-07-27T21:30:00Z,2026-07-27T23:30:00+0200,7.89,MW,NL,NL,actual_offshore_wind_generation,Wind Offshore | Actual Consumption,2026-08-17T17:16:10Z
2026-08-17T17:12:16Z,2026-08-17T19:12:16+0200,f372a1fc-a0b6-48c3-b979-dc927b00239d,2026-07-27T21:45:00Z,2026-07-27T23:45:00+0200,1051.716,MW,NL,NL,actual_offshore_wind_generation,Wind Offshore | Actual Aggregated,2026-08-17T17:16:10Z
2026-08-17T17:12:16Z,2026-08-17T19:12:16+0200,f372a1fc-a0b6-48c3-b979-dc927b00239d,2026-07-27T21:45:00Z,2026-07-27T23:45:00+0200,7.119,MW,NL,NL,actual_offshore_wind_generation,Wind Offshore | Actual Consumption,2026-08-17T17:16:10Z
2026-08-17T17:12:16Z,2026-08-17T19:12:16+0200,f372a1fc-a0b6-48c3-b979-dc927b00239d,2026-07-27T22:00:00Z,2026-07-28T00:00:00+0200,1059.896,MW,NL,NL,actual_offshore_wind_generation,Wind Offshore | Actual Aggregated,2026-08-17T17:16:10Z
2026-08-17T17:12:16Z,2026-08-17T19:12:16+0200,f372a1fc-a0b6-48c3-b979-dc927b00239d,2026-07-27T22:00:00Z,2026-07-28T00:00:00+0200,6.239,MW,NL,NL,actual_offshore_wind_generation,Wind Offshore | Actual Consumption,2026-08-17T17:16:10Z
2026-08-17T17:12:16Z,2026-08-17T19:12:16+0200,f372a1fc-a0b6-48c3-b979-dc927b00239d,2026-07-27T22:15:00Z,2026-07-28T00:15:00+0200,972.374,MW,NL,NL,actual_offshore_wind_generation,Wind Offshore | Actual Aggregated,2026-08-17T17:16:10Z
2026-08-17T17:12:16Z,2026-08-17T19:12:16+0200,f372a1fc-a0b6-48c3-b979-dc927b00239d,2026-07-27T22:15:00Z,2026-07-28T00:15:00+0200,4.551,MW,NL,NL,actual_offshore_wind_generation,Wind Offshore | Actual Consumption,2026-08-17T17:16:10Z
2026-08-17T17:12:16Z,2026-08-17T19:12:16+0200,f372a1fc-a0b6-48c3-b979-dc927b00239d,2026-07-27T22:30:00Z,2026-07-28T00:30:00+0200,949.536,MW,NL,NL,actual_offshore_wind_generation,Wind Offshore | Actual Aggregated,2026-08-17T17:16:10Z
2026-08-17T17:12:16Z,2026-08-17T19:12:16+0200,f372a1fc-a0b6-48c3-b979-dc927b00239d,2026-07-27T22:30:00Z,2026-07-28T00:30:00+0200,4.684,MW,NL,NL,actual_offshore_wind_generation,Wind Offshore | Actual Consumption,2026-08-17T17:16:10Z
2026-08-17T17:12:16Z,2026-08-17T19:12:16+0200,f372a1fc-a0b6-48c3-b979-dc927b00239d,2026-07-27T22:45:00Z,2026-07-28T00:45:00+0200,916.444,MW,NL,NL,actual_offshore_wind_generation,Wind Offshore | Actual Aggregated,2026-08-17T17:16:10Z
2026-08-17T17:12:16Z,2026-08-17T19:12:16+0200,f372a1fc-a0b6-48c3-b979-dc927b00239d,2026-07-27T22:45:00Z,2026-07-28T00:45:00+0200,5.551,MW,NL,NL,actual_offshore_wind_generation,Wind Offshore | Actual Consumption,2026-08-17T17:16:10Z
2026-08-17T17:12:16Z,2026-08-17T19:12:16+0200,f372a1fc-a0b6-48c3-b979-dc927b00239d,2026-07-27T23:00:00Z,2026-07-28T01:00:00+0200,902.941,MW,NL,NL,actual_offshore_wind_generation,Wind Offshore | Actual Aggregated,2026-08-17T17:16:10Z
2026-08-17T17:12:16Z,2026-08-17T19:12:16+0200,f372a1fc-a0b6-48c3-b979-dc927b00239d,2026-07-27T23:00:00Z,2026-07-28T01:00:00+0200,4.605,MW,NL,NL,actual_offshore_wind_generation,Wind Offshore | Actual Consumption,2026-08-17T17:16:10Z
2026-08-17T17:12:16Z,2026-08-17T19:12:16+0200,f372a1fc-a0b6-48c3-b979-dc927b00239d,2026-07-27T23:15:00Z,2026-07-28T01:15:00+0200,904.557,MW,NL,NL,actual_offshore_wind_generation,Wind Offshore | Actual Aggregated,2026-08-17T17:16:10Z
2026-08-17T17:12:16Z,2026-08-17T19:12:16+0200,f372a1fc-a0b6-48c3-b979-dc927b00239d,2026-07-27T23:15:00Z,2026-07-28T01:15:00+0200,3.965,MW,NL,NL,actual_offshore_wind_generation,Wind Offshore | Actual Consumption,2026-08-17T17:16:10Z
2026-08-17T17:12:16Z,2026-08-17T19:12:16+0200,f372a1fc-a0b6-48c3-b979-dc927b00239d,2026-07-27T23:30:00Z,2026-07-28T01:30:00+0200,901.791,MW,NL,NL,actual_offshore_wind_generation,Wind Offshore | Actual Aggregated,2026-08-17T17:16:10Z
2026-08-17T17:12:16Z,2026-08-17T19:12:16+0200,f372a1fc-a0b6-48c3-b979-dc927b00239d,2026-07-27T23:30:00Z,2026-07-28T01:30:00+0200,3.875,MW,NL,NL,actual_offshore_wind_generation,Wind Offshore | Actual Consumption,2026-08-17T17:16:10Z
2026-08-17T17:12:16Z,2026-08-17T19:12:16+0200,f372a1fc-a0b6-48c3-b979-dc927b00239d,2026-07-27T23:45:00Z,2026-07-28T01:45:00+0200,923.858,MW,NL,NL,actual_offshore_wind_generation,Wind Offshore | Actual Aggregated,2026-08-17T17:16:10Z
2026-08-17T17:12:16Z,2026-08-17T19:12:16+0200,f372a1fc-a0b6-48c3-b979-dc927b00239d,2026-07-27T23:45:00Z,2026-07-28T01:45:00+0200,3.646,MW,NL,NL,actual_offshore_wind_generation,Wind Offshore | Actual Consumption,2026-08-17T17:16:10Z
2026-08-17T17:12:16Z,2026-08-17T19:12:16+0200,f372a1fc-a0b6-48c3-b979-dc927b00239d,2026-07-28T00:00:00Z,2026-07-28T02:00:00+0200,988.114,MW,NL,NL,actual_offshore_wind_generation,Wind Offshore | Actual Aggregated,2026-08-17T17:16:10Z
2026-08-17T17:12:16Z,2026-08-17T19:12:16+0200,f372a1fc-a0b6-48c3-b979-dc927b00239d,2026-07-28T00:00:00Z,2026-07-28T02:00:00+0200,3.734,MW,NL,NL,actual_offshore_wind_generation,Wind Offshore | Actual Consumption,2026-08-17T17:16:10Z
2026-08-17T17:12:16Z,2026-08-17T19:12:16+0200,f372a1fc-a0b6-48c3-b979-dc927b00239d,2026-07-28T00:15:00Z,2026-07-28T02:15:00+0200,1041.469,MW,NL,NL,actual_offshore_wind_generation,Wind Offshore | Actual Aggregated,2026-08-17T17:16:10Z
2026-08-17T17:12:16Z,2026-08-17T19:12:16+0200,f372a1fc-a0b6-48c3-b979-dc927b00239d,2026-07-28T00:15:00Z,2026-07-28T02:15:00+0200,4.05,MW,NL,NL,actual_offshore_wind_generation,Wind Offshore | Actual Consumption,2026-08-17T17:16:10Z
2026-08-17T17:12:16Z,2026-08-17T19:12:16+0200,f372a1fc-a0b6-48c3-b979-dc927b00239d,2026-07-28T00:30:00Z,2026-07-28T02:30:00+0200,1061.568,MW,NL,NL,actual_offshore_wind_generation,Wind Offshore | Actual Aggregated,2026-08-17T17:16:10Z
2026-08-17T17:12:16Z,2026-08-17T19:12:16+0200,f372a1fc-a0b6-48c3-b979-dc927b00239d,2026-07-28T00:30:00Z,2026-07-28T02:30:00+0200,3.725,MW,NL,NL,actual_offshore_wind_generation,Wind Offshore | Actual Consumption,2026-08-17T17:16:10Z
2026-08-17T17:12:16Z,2026-08-17T19:12:16+0200,f372a1fc-a0b6-48c3-b979-dc927b00239d,2026-07-28T00:45:00Z,2026-07-28T02:45:00+0200,1125.453,MW,NL,NL,actual_offshore_wind_generation,Wind Offshore | Actual Aggregated,2026-08-17T17:16:10Z
2026-08-17T17:12:16Z,2026-08-17T19:12:16+0200,f372a1fc-a0b6-48c3-b979-dc927b00239d,2026-07-28T00:45:00Z,2026-07-28T02:45:00+0200,4.398,MW,NL,NL,actual_offshore_wind_generation,Wind Offshore | Actual Consumption,2026-08-17T17:16:10Z
2026-08-17T17:12:16Z,2026-08-17T19:12:16+0200,f372a1fc-a0b6-48c3-b979-dc927b00239d,2026-07-28T01:00:00Z,2026-07-28T03:00:00+0200,1225.024,MW,NL,NL,actual_offshore_wind_generation,Wind Offshore | Actual Aggregated,2026-08-17T17:16:10Z
2026-08-17T17:12:16Z,2026-08-17T19:12:16+0200,f372a1fc-a0b6-48c3-b979-dc927b00239d,2026-07-28T01:00:00Z,2026-07-28T03:00:00+0200,4.947,MW,NL,NL,actual_offshore_wind_generation,Wind Offshore | Actual Consumption,2026-08-17T17:16:10Z
2026-08-17T17:12:16Z,2026-08-17T19:12:16+0200,f372a1fc-a0b6-48c3-b979-dc927b00239d,2026-07-28T01:15:00Z,2026-07-28T03:15:00+0200,1295.914,MW,NL,NL,actual_offshore_wind_generation,Wind Offshore | Actual Aggregated,2026-08-17T17:16:10Z
2026-08-17T17:12:16Z,2026-08-17T19:12:16+0200,f372a1fc-a0b6-48c3-b979-dc927b00239d,2026-07-28T01:15:00Z,2026-07-28T03:15:00+0200,5.397,MW,NL,NL,actual_offshore_wind_generation,Wind Offshore | Actual Consumption,2026-08-17T17:16:10Z
2026-08-17T17:12:16Z,2026-08-17T19:12:16+0200,f372a1fc-a0b6-48c3-b979-dc927b00239d,2026-07-28T01:30:00Z,2026-07-28T03:30:00+0200,1323.418,MW,NL,NL,actual_offshore_wind_generation,Wind Offshore | Actual Aggregated,2026-08-17T17:16:10Z
2026-08-17T17:12:16Z,2026-08-17T19:12:16+0200,f372a1fc-a0b6-48c3-b979-dc927b00239d,2026-07-28T01:30:00Z,2026-07-28T03:30:00+0200,4.501,MW,NL,NL,actual_offshore_wind_generation,Wind Offshore | Actual Consumption,2026-08-17T17:16:10Z
2026-08-17T17:12:16Z,2026-08-17T19:12:16+0200,f372a1fc-a0b6-48c3-b979-dc927b00239d,2026-07-28T01:45:00Z,2026-07-28T03:45:00+0200,1399.355,MW,NL,NL,actual_offshore_wind_generation,Wind Offshore | Actual Aggregated,2026-08-17T17:16:10Z
2026-08-17T17:12:16Z,2026-08-17T19:12:16+0200,f372a1fc-a0b6-48c3-b979-dc927b00239d,2026-07-28T01:45:00Z,2026-07-28T03:45:00+0200,4.893,MW,NL,NL,actual_offshore_wind_generation,Wind Offshore | Actual Consumption,2026-08-17T17:16:10Z
2026-08-17T17:12:16Z,2026-08-17T19:12:16+0200,f372a1fc-a0b6-48c3-b979-dc927b00239d,2026-07-28T02:00:00Z,2026-07-28T04:00:00+0200,1327.784,MW,NL,NL,actual_offshore_wind_generation,Wind Offshore | Actual Aggregated,2026-08-17T17:16:10Z
2026-08-17T17:12:16Z,2026-08-17T19:12:16+0200,f372a1fc-a0b6-48c3-b979-dc927b00239d,2026-07-28T02:00:00Z,2026-07-28T04:00:00+0200,4.817,MW,NL,NL,actual_offshore_wind_generation,Wind Offshore | Actual Consumption,2026-08-17T17:16:10Z
2026-08-17T17:12:16Z,2026-08-17T19:12:16+0200,f372a1fc-a0b6-48c3-b979-dc927b00239d,2026-07-28T02:15:00Z,2026-07-28T04:15:00+0200,1234.439,MW,NL,NL,actual_offshore_wind_generation,Wind Offshore | Actual Aggregated,2026-08-17T17:16:10Z
2026-08-17T17:12:16Z,2026-08-17T19:12:16+0200,f372a1fc-a0b6-48c3-b979-dc927b00239d,2026-07-28T02:15:00Z,2026-07-28T04:15:00+0200,3.75,MW,NL,NL,actual_offshore_wind_generation,Wind Offshore | Actual Consumption,2026-08-17T17:16:10Z
2026-08-17T17:12:16Z,2026-08-17T19:12:16+0200,f372a1fc-a0b6-48c3-b979-dc927b00239d,2026-07-28T02:30:00Z,2026-07-28T04:30:00+0200,1194.222,MW,NL,NL,actual_offshore_wind_generation,Wind Offshore | Actual Aggregated,2026-08-17T17:16:10Z
2026-08-17T17:12:16Z,2026-08-17T19:12:16+0200,f372a1fc-a0b6-48c3-b979-dc927b00239d,2026-07-28T02:30:00Z,2026-07-28T04:30:00+0200,3.067,MW,NL,NL,actual_offshore_wind_generation,Wind Offshore | Actual Consumption,2026-08-17T17:16:10Z
2026-08-17T17:12:16Z,2026-08-17T19:12:16+0200,f372a1fc-a0b6-48c3-b979-dc927b00239d,2026-07-28T02:45:00Z,2026-07-28T04:45:00+0200,1148.61,MW,NL,NL,actual_offshore_wind_generation,Wind Offshore | Actual Aggregated,2026-08-17T17:16:10Z
2026-08-17T17:12:16Z,2026-08-17T19:12:16+0200,f372a1fc-a0b6-48c3-b979-dc927b00239d,2026-07-28T02:45:00Z,2026-07-28T04:45:00+0200,2.23,MW,NL,NL,actual_offshore_wind_generation,Wind Offshore | Actual Consumption,2026-08-17T17:16:10Z
2026-08-17T17:12:16Z,2026-08-17T19:12:16+0200,f372a1fc-a0b6-48c3-b979-dc927b00239d,2026-07-28T03:00:00Z,2026-07-28T05:00:00+0200,1063.503,MW,NL,NL,actual_offshore_wind_generation,Wind Offshore | Actual Aggregated,2026-08-17T17:16:10Z
2026-08-17T17:12:16Z,2026-08-17T19:12:16+0200,f372a1fc-a0b6-48c3-b979-dc927b00239d,2026-07-28T03:00:00Z,2026-07-28T05:00:00+0200,2.382,MW,NL,NL,actual_offshore_wind_generation,Wind Offshore | Actual Consumption,2026-08-17T17:16:10Z
2026-08-17T17:12:16Z,2026-08-17T19:12:16+0200,f372a1fc-a0b6-48c3-b979-dc927b00239d,2026-07-28T03:15:00Z,2026-07-28T05:15:00+0200,988.687,MW,NL,NL,actual_offshore_wind_generation,Wind Offshore | Actual Aggregated,2026-08-17T17:16:10Z
2026-08-17T17:12:16Z,2026-08-17T19:12:16+0200,f372a1fc-a0b6-48c3-b979-dc927b00239d,2026-07-28T03:15:00Z,2026-07-28T05:15:00+0200,2.192,MW,NL,NL,actual_offshore_wind_generation,Wind Offshore | Actual Consumption,2026-08-17T17:16:10Z
2026-08-17T17:12:16Z,2026-08-17T19:12:16+0200,f372a1fc-a0b6-48c3-b979-dc927b00239d,2026-07-28T03:30:00Z,2026-07-28T05:30:00+0200,900.66,MW,NL,NL,actual_offshore_wind_generation,Wind Offshore | Actual Aggregated,2026-08-17T17:16:10Z
2026-08-17T17:12:16Z,2026-08-17T19:12:16+0200,f372a1fc-a0b6-48c3-b979-dc927b00239d,2026-07-28T03:30:00Z,2026-07-28T05:30:00+0200,1.978,MW,NL,NL,actual_offshore_wind_generation,Wind Offshore | Actual Consumption,2026-08-17T17:16:10Z
2026-08-17T17:12:16Z,2026-08-17T19:12:16+0200,f372a1fc-a0b6-48c3-b979-dc927b00239d,2026-07-28T03:45:00Z,2026-07-28T05:45:00+0200,828.427,MW,NL,NL,actual_offshore_wind_generation,Wind Offshore | Actual Aggregated,2026-08-17T17:16:10Z
2026-08-17T17:12:16Z,2026-08-17T19:12:16+0200,f372a1fc-a0b6-48c3-b979-dc927b00239d,2026-07-28T03:45:00Z,2026-07-28T05:45:00+0200,1.363,MW,NL,NL,actual_offshore_wind_generation,Wind Offshore | Actual Consumption,2026-08-17T17:16:10Z
2026-08-17T17:12:16Z,2026-08-17T19:12:16+0200,f372a1fc-a0b6-48c3-b979-dc927b00239d,2026-07-28T04:00:00Z,2026-07-28T06:00:00+0200,810.406,MW,NL,NL,actual_offshore_wind_generation,Wind Offshore | Actual Aggregated,2026-08-17T17:16:10Z
2026-08-17T17:12:16Z,2026-08-17T19:12:16+0200,f372a1fc-a0b6-48c3-b979-dc927b00239d,2026-07-28T04:00:00Z,2026-07-28T06:00:00+0200,0.869,MW,NL,NL,actual_offshore_wind_generation,Wind Offshore | Actual Consumption,2026-08-17T17:16:10Z
2026-08-17T17:12:16Z,2026-08-17T19:12:16+0200,f372a1fc-a0b6-48c3-b979-dc927b00239d,2026-07-28T04:15:00Z,2026-07-28T06:15:00+0200,775.081,MW,NL,NL,actual_offshore_wind_generation,Wind Offshore | Actual Aggregated,2026-08-17T17:16:10Z
2026-08-17T17:12:16Z,2026-08-17T19:12:16+0200,f372a1fc-a0b6-48c3-b979-dc927b00239d,2026-07-28T04:15:00Z,2026-07-28T06:15:00+0200,1.348,MW,NL,NL,actual_offshore_wind_generation,Wind Offshore | Actual Consumption,2026-08-17T17:16:10Z
2026-08-17T17:12:16Z,2026-08-17T19:12:16+0200,f372a1fc-a0b6-48c3-b979-dc927b00239d,2026-07-28T04:30:00Z,2026-07-28T06:30:00+0200,704.306,MW,NL,NL,actual_offshore_wind_generation,Wind Offshore | Actual Aggregated,2026-08-17T17:16:10Z
2026-08-17T17:12:16Z,2026-08-17T19:12:16+0200,f372a1fc-a0b6-48c3-b979-dc927b00239d,2026-07-28T04:30:00Z,2026-07-28T06:30:00+0200,1.113,MW,NL,NL,actual_offshore_wind_generation,Wind Offshore | Actual Consumption,2026-08-17T17:16:10Z
2026-08-17T17:12:16Z,2026-08-17T19:12:16+0200,f372a1fc-a0b6-48c3-b979-dc927b00239d,2026-07-28T04:45:00Z,2026-07-28T06:45:00+0200,652.692,MW,NL,NL,actual_offshore_wind_generation,Wind Offshore | Actual Aggregated,2026-08-17T17:16:10Z
2026-08-17T17:12:16Z,2026-08-17T19:12:16+0200,f372a1fc-a0b6-48c3-b979-dc927b00239d,2026-07-28T04:45:00Z,2026-07-28T06:45:00+0200,1.919,MW,NL,NL,actual_offshore_wind_generation,Wind Offshore | Actual Consumption,2026-08-17T17:16:10Z
2026-08-17T17:12:16Z,2026-08-17T19:12:16+0200,f372a1fc-a0b6-48c3-b979-dc927b00239d,2026-07-28T05:00:00Z,2026-07-28T07:00:00+0200,556.048,MW,NL,NL,actual_offshore_wind_generation,Wind Offshore | Actual Aggregated,2026-08-17T17:16:10Z
2026-08-17T17:12:16Z,2026-08-17T19:12:16+0200,f372a1fc-a0b6-48c3-b979-dc927b00239d,2026-07-28T05:00:00Z,2026-07-28T07:00:00+0200,1.863,MW,NL,NL,actual_offshore_wind_generation,Wind Offshore | Actual Consumption,2026-08-17T17:16:10Z
2026-08-17T17:12:16Z,2026-08-17T19:12:16+0200,f372a1fc-a0b6-48c3-b979-dc927b00239d,2026-07-28T05:15:00Z,2026-07-28T07:15:00+0200,475.196,MW,NL,NL,actual_offshore_wind_generation,Wind Offshore | Actual Aggregated,2026-08-17T17:16:10Z
2026-08-17T17:12:16Z,2026-08-17T19:12:16+0200,f372a1fc-a0b6-48c3-b979-dc927b00239d,2026-07-28T05:15:00Z,2026-07-28T07:15:00+0200,3.57,MW,NL,NL,actual_offshore_wind_generation,Wind Offshore | Actual Consumption,2026-08-17T17:16:10Z
2026-08-17T17:12:16Z,2026-08-17T19:12:16+0200,f372a1fc-a0b6-48c3-b979-dc927b00239d,2026-07-28T05:30:00Z,2026-07-28T07:30:00+0200,392.528,MW,NL,NL,actual_offshore_wind_generation,Wind Offshore | Actual Aggregated,2026-08-17T17:16:10Z
2026-08-17T17:12:16Z,2026-08-17T19:12:16+0200,f372a1fc-a0b6-48c3-b979-dc927b00239d,2026-07-28T05:30:00Z,2026-07-28T07:30:00+0200,3.281,MW,NL,NL,actual_offshore_wind_generation,Wind Offshore | Actual Consumption,2026-08-17T17:16:10Z
2026-08-17T17:12:16Z,2026-08-17T19:12:16+0200,f372a1fc-a0b6-48c3-b979-dc927b00239d,2026-07-28T05:45:00Z,2026-07-28T07:45:00+0200,313.807,MW,NL,NL,actual_offshore_wind_generation,Wind Offshore | Actual Aggregated,2026-08-17T17:16:10Z
2026-08-17T17:12:16Z,2026-08-17T19:12:16+0200,f372a1fc-a0b6-48c3-b979-dc927b00239d,2026-07-28T05:45:00Z,2026-07-28T07:45:00+0200,6.116,MW,NL,NL,actual_offshore_wind_generation,Wind Offshore | Actual Consumption,2026-08-17T17:16:10Z
2026-08-17T17:12:16Z,2026-08-17T19:12:16+0200,f372a1fc-a0b6-48c3-b979-dc927b00239d,2026-07-28T06:00:00Z,2026-07-28T08:00:00+0200,247.381,MW,NL,NL,actual_offshore_wind_generation,Wind Offshore | Actual Aggregated,2026-08-17T17:16:10Z
2026-08-17T17:12:16Z,2026-08-17T19:12:16+0200,f372a1fc-a0b6-48c3-b979-dc927b00239d,2026-07-28T06:00:00Z,2026-07-28T08:00:00+0200,7.834,MW,NL,NL,actual_offshore_wind_generation,Wind Offshore | Actual Consumption,2026-08-17T17:16:10Z
2026-08-17T17:12:16Z,2026-08-17T19:12:16+0200,f372a1fc-a0b6-48c3-b979-dc927b00239d,2026-07-28T06:15:00Z,2026-07-28T08:15:00+0200,226.656,MW,NL,NL,actual_offshore_wind_generation,Wind Offshore | Actual Aggregated,2026-08-17T17:16:10Z
2026-08-17T17:12:16Z,2026-08-17T19:12:16+0200,f372a1fc-a0b6-48c3-b979-dc927b00239d,2026-07-28T06:15:00Z,2026-07-28T08:15:00+0200,7.186,MW,NL,NL,actual_offshore_wind_generation,Wind Offshore | Actual Consumption,2026-08-17T17:16:10Z
2026-08-17T17:12:16Z,2026-08-17T19:12:16+0200,f372a1fc-a0b6-48c3-b979-dc927b00239d,2026-07-28T06:30:00Z,2026-07-28T08:30:00+0200,207.121,MW,NL,NL,actual_offshore_wind_generation,Wind Offshore | Actual Aggregated,2026-08-17T17:16:10Z
2026-08-17T17:12:16Z,2026-08-17T19:12:16+0200,f372a1fc-a0b6-48c3-b979-dc927b00239d,2026-07-28T06:30:00Z,2026-07-28T08:30:00+0200,6.686,MW,NL,NL,actual_offshore_wind_generation,Wind Offshore | Actual Consumption,2026-08-17T17:16:10Z
2026-08-17T17:12:16Z,2026-08-17T19:12:16+0200,f372a1fc-a0b6-48c3-b979-dc927b00239d,2026-07-28T06:45:00Z,2026-07-28T08:45:00+0200,215.817,MW,NL,NL,actual_offshore_wind_generation,Wind Offshore | Actual Aggregated,2026-08-17T17:16:10Z
2026-08-17T17:12:16Z,2026-08-17T19:12:16+0200,f372a1fc-a0b6-48c3-b979-dc927b00239d,2026-07-28T06:45:00Z,2026-07-28T08:45:00+0200,1.291,MW,NL,NL,actual_offshore_wind_generation,Wind Offshore | Actual Consumption,2026-08-17T17:16:10Z
2026-08-17T17:12:16Z,2026-08-17T19:12:16+0200,f372a1fc-a0b6-48c3-b979-dc927b00239d,2026-07-28T07:00:00Z,2026-07-28T09:00:00+0200,249.683,MW,NL,NL,actual_offshore_wind_generation,Wind Offshore | Actual Aggregated,2026-08-17T17:16:10Z
2026-08-17T17:12:16Z,2026-08-17T19:12:16+0200,f372a1fc-a0b6-48c3-b979-dc927b00239d,2026-07-28T07:00:00Z,2026-07-28T09:00:00+0200,1.713,MW,NL,NL,actual_offshore_wind_generation,Wind Offshore | Actual Consumption,2026-08-17T17:16:10Z
2026-08-17T17:12:16Z,2026-08-17T19:12:16+0200,f372a1fc-a0b6-48c3-b979-dc927b00239d,2026-07-28T07:15:00Z,2026-07-28T09:15:00+0200,308.242,MW,NL,NL,actual_offshore_wind_generation,Wind Offshore | Actual Aggregated,2026-08-17T17:16:10Z
2026-08-17T17:12:16Z,2026-08-17T19:12:16+0200,f372a1fc-a0b6-48c3-b979-dc927b00239d,2026-07-28T07:15:00Z,2026-07-28T09:15:00+0200,1.496,MW,NL,NL,actual_offshore_wind_generation,Wind Offshore | Actual Consumption,2026-08-17T17:16:10Z
2026-08-17T17:12:16Z,2026-08-17T19:12:16+0200,f372a1fc-a0b6-48c3-b979-dc927b00239d,2026-07-28T07:30:00Z,2026-07-28T09:30:00+0200,373.645,MW,NL,NL,actual_offshore_wind_generation,Wind Offshore | Actual Aggregated,2026-08-17T17:16:10Z
2026-08-17T17:12:16Z,2026-08-17T19:12:16+0200,f372a1fc-a0b6-48c3-b979-dc927b00239d,2026-07-28T07:30:00Z,2026-07-28T09:30:00+0200,1.777,MW,NL,NL,actual_offshore_wind_generation,Wind Offshore | Actual Consumption,2026-08-17T17:16:10Z
2026-08-17T17:12:16Z,2026-08-17T19:12:16+0200,f372a1fc-a0b6-48c3-b979-dc927b00239d,2026-07-28T07:45:00Z,2026-07-28T09:45:00+0200,408.641,MW,NL,NL,actual_offshore_wind_generation,Wind Offshore | Actual Aggregated,2026-08-17T17:16:10Z
2026-08-17T17:12:16Z,2026-08-17T19:12:16+0200,f372a1fc-a0b6-48c3-b979-dc927b00239d,2026-07-28T07:45:00Z,2026-07-28T09:45:00+0200,1.733,MW,NL,NL,actual_offshore_wind_generation,Wind Offshore | Actual Consumption,2026-08-17T17:16:10Z
2026-08-17T17:12:16Z,2026-08-17T19:12:16+0200,f372a1fc-a0b6-48c3-b979-dc927b00239d,2026-07-28T08:00:00Z,2026-07-28T10:00:00+0200,238.013,MW,NL,NL,actual_offshore_wind_generation,Wind Offshore | Actual Aggregated,2026-08-17T17:16:10Z
2026-08-17T17:12:16Z,2026-08-17T19:12:16+0200,f372a1fc-a0b6-48c3-b979-dc927b00239d,2026-07-28T08:00:00Z,2026-07-28T10:00:00+0200,3.298,MW,NL,NL,actual_offshore_wind_generation,Wind Offshore | Actual Consumption,2026-08-17T17:16:10Z
2026-08-17T17:12:16Z,2026-08-17T19:12:16+0200,f372a1fc-a0b6-48c3-b979-dc927b00239d,2026-07-28T08:15:00Z,2026-07-28T10:15:00+0200,198.238,MW,NL,NL,actual_offshore_wind_generation,Wind Offshore | Actual Aggregated,2026-08-17T17:16:10Z
2026-08-17T17:12:16Z,2026-08-17T19:12:16+0200,f372a1fc-a0b6-48c3-b979-dc927b00239d,2026-07-28T08:15:00Z,2026-07-28T10:15:00+0200,2.418,MW,NL,NL,actual_offshore_wind_generation,Wind Offshore | Actual Consumption,2026-08-17T17:16:10Z
2026-08-17T17:12:16Z,2026-08-17T19:12:16+0200,f372a1fc-a0b6-48c3-b979-dc927b00239d,2026-07-28T08:30:00Z,2026-07-28T10:30:00+0200,224.397,MW,NL,NL,actual_offshore_wind_generation,Wind Offshore | Actual Aggregated,2026-08-17T17:16:10Z
2026-08-17T17:12:16Z,2026-08-17T19:12:16+0200,f372a1fc-a0b6-48c3-b979-dc927b00239d,2026-07-28T08:30:00Z,2026-07-28T10:30:00+0200,2.426,MW,NL,NL,actual_offshore_wind_generation,Wind Offshore | Actual Consumption,2026-08-17T17:16:10Z
2026-08-17T17:12:16Z,2026-08-17T19:12:16+0200,f372a1fc-a0b6-48c3-b979-dc927b00239d,2026-07-28T08:45:00Z,2026-07-28T10:45:00+0200,271.642,MW,NL,NL,actual_offshore_wind_generation,Wind Offshore | Actual Aggregated,2026-08-17T17:16:10Z
2026-08-17T17:12:16Z,2026-08-17T19:12:16+0200,f372a1fc-a0b6-48c3-b979-dc927b00239d,2026-07-28T08:45:00Z,2026-07-28T10:45:00+0200,2.768,MW,NL,NL,actual_offshore_wind_generation,Wind Offshore | Actual Consumption,2026-08-17T17:16:10Z
2026-08-17T17:12:16Z,2026-08-17T19:12:16+0200,f372a1fc-a0b6-48c3-b979-dc927b00239d,2026-07-28T09:00:00Z,2026-07-28T11:00:00+0200,313.363,MW,NL,NL,actual_offshore_wind_generation,Wind Offshore | Actual Aggregated,2026-08-17T17:16:10Z
2026-08-17T17:12:16Z,2026-08-17T19:12:16+0200,f372a1fc-a0b6-48c3-b979-dc927b00239d,2026-07-28T09:00:00Z,2026-07-28T11:00:00+0200,2.274,MW,NL,NL,actual_offshore_wind_generation,Wind Offshore | Actual Consumption,2026-08-17T17:16:10Z
2026-08-17T17:12:16Z,2026-08-17T19:12:16+0200,f372a1fc-a0b6-48c3-b979-dc927b00239d,2026-07-28T09:15:00Z,2026-07-28T11:15:00+0200,351.915,MW,NL,NL,actual_offshore_wind_generation,Wind Offshore | Actual Aggregated,2026-08-17T17:16:10Z
2026-08-17T17:12:16Z,2026-08-17T19:12:16+0200,f372a1fc-a0b6-48c3-b979-dc927b00239d,2026-07-28T09:15:00Z,2026-07-28T11:15:00+0200,1.905,MW,NL,NL,actual_offshore_wind_generation,Wind Offshore | Actual Consumption,2026-08-17T17:16:10Z
2026-08-17T17:12:16Z,2026-08-17T19:12:16+0200,f372a1fc-a0b6-48c3-b979-dc927b00239d,2026-07-28T09:30:00Z,2026-07-28T11:30:00+0200,339.13,MW,NL,NL,actual_offshore_wind_generation,Wind Offshore | Actual Aggregated,2026-08-17T17:16:10Z
2026-08-17T17:12:16Z,2026-08-17T19:12:16+0200,f372a1fc-a0b6-48c3-b979-dc927b00239d,2026-07-28T09:30:00Z,2026-07-28T11:30:00+0200,2.121,MW,NL,NL,actual_offshore_wind_generation,Wind Offshore | Actual Consumption,2026-08-17T17:16:10Z
2026-08-17T17:12:16Z,2026-08-17T19:12:16+0200,f372a1fc-a0b6-48c3-b979-dc927b00239d,2026-07-28T09:45:00Z,2026-07-28T11:45:00+0200,327.301,MW,NL,NL,actual_offshore_wind_generation,Wind Offshore | Actual Aggregated,2026-08-17T17:16:10Z
2026-08-17T17:12:16Z,2026-08-17T19:12:16+0200,f372a1fc-a0b6-48c3-b979-dc927b00239d,2026-07-28T09:45:00Z,2026-07-28T11:45:00+0200,2.071,MW,NL,NL,actual_offshore_wind_generation,Wind Offshore | Actual Consumption,2026-08-17T17:16:10Z
2026-08-17T17:12:16Z,2026-08-17T19:12:16+0200,f372a1fc-a0b6-48c3-b979-dc927b00239d,2026-07-28T10:00:00Z,2026-07-28T12:00:00+0200,306.323,MW,NL,NL,actual_offshore_wind_generation,Wind Offshore | Actual Aggregated,2026-08-17T17:16:10Z
2026-08-17T17:12:16Z,2026-08-17T19:12:16+0200,f372a1fc-a0b6-48c3-b979-dc927b00239d,2026-07-28T10:00:00Z,2026-07-28T12:00:00+0200,2.179,MW,NL,NL,actual_offshore_wind_generation,Wind Offshore | Actual Consumption,2026-08-17T17:16:10Z
2026-08-17T17:12:16Z,2026-08-17T19:12:16+0200,f372a1fc-a0b6-48c3-b979-dc927b00239d,2026-07-28T10:15:00Z,2026-07-28T12:15:00+0200,333.87,MW,NL,NL,actual_offshore_wind_generation,Wind Offshore | Actual Aggregated,2026-08-17T17:16:10Z
2026-08-17T17:12:16Z,2026-08-17T19:12:16+0200,f372a1fc-a0b6-48c3-b979-dc927b00239d,2026-07-28T10:15:00Z,2026-07-28T12:15:00+0200,2.364,MW,NL,NL,actual_offshore_wind_generation,Wind Offshore | Actual Consumption,2026-08-17T17:16:10Z
2026-08-17T17:12:16Z,2026-08-17T19:12:16+0200,f372a1fc-a0b6-48c3-b979-dc927b00239d,2026-07-28T10:30:00Z,2026-07-28T12:30:00+0200,332.623,MW,NL,NL,actual_offshore_wind_generation,Wind Offshore | Actual Aggregated,2026-08-17T17:16:10Z
2026-08-17T17:12:16Z,2026-08-17T19:12:16+0200,f372a1fc-a0b6-48c3-b979-dc927b00239d,2026-07-28T10:30:00Z,2026-07-28T12:30:00+0200,2.079,MW,NL,NL,actual_offshore_wind_generation,Wind Offshore | Actual Consumption,2026-08-17T17:16:10Z
2026-08-17T17:12:16Z,2026-08-17T19:12:16+0200,f372a1fc-a0b6-48c3-b979-dc927b00239d,2026-07-28T10:45:00Z,2026-07-28T12:45:00+0200,405.718,MW,NL,NL,actual_offshore_wind_generation,Wind Offshore | Actual Aggregated,2026-08-17T17:16:10Z
2026-08-17T17:12:16Z,2026-08-17T19:12:16+0200,f372a1fc-a0b6-48c3-b979-dc927b00239d,2026-07-28T10:45:00Z,2026-07-28T12:45:00+0200,1.264,MW,NL,NL,actual_offshore_wind_generation,Wind Offshore | Actual Consumption,2026-08-17T17:16:10Z
2026-08-17T17:12:16Z,2026-08-17T19:12:16+0200,f372a1fc-a0b6-48c3-b979-dc927b00239d,2026-07-28T11:00:00Z,2026-07-28T13:00:00+0200,399.345,MW,NL,NL,actual_offshore_wind_generation,Wind Offshore | Actual Aggregated,2026-08-17T17:16:10Z
2026-08-17T17:12:16Z,2026-08-17T19:12:16+0200,f372a1fc-a0b6-48c3-b979-dc927b00239d,2026-07-28T11:00:00Z,2026-07-28T13:00:00+0200,1.078,MW,NL,NL,actual_offshore_wind_generation,Wind Offshore | Actual Consumption,2026-08-17T17:16:10Z
2026-08-17T17:12:16Z,2026-08-17T19:12:16+0200,f372a1fc-a0b6-48c3-b979-dc927b00239d,2026-07-28T11:15:00Z,2026-07-28T13:15:00+0200,335.391,MW,NL,NL,actual_offshore_wind_generation,Wind Offshore | Actual Aggregated,2026-08-17T17:16:10Z
2026-08-17T17:12:16Z,2026-08-17T19:12:16+0200,f372a1fc-a0b6-48c3-b979-dc927b00239d,2026-07-28T11:15:00Z,2026-07-28T13:15:00+0200,1.033,MW,NL,NL,actual_offshore_wind_generation,Wind Offshore | Actual Consumption,2026-08-17T17:16:10Z
2026-08-17T17:12:16Z,2026-08-17T19:12:16+0200,f372a1fc-a0b6-48c3-b979-dc927b00239d,2026-07-28T11:30:00Z,2026-07-28T13:30:00+0200,280.193,MW,NL,NL,actual_offshore_wind_generation,Wind Offshore | Actual Aggregated,2026-08-17T17:16:10Z
2026-08-17T17:12:16Z,2026-08-17T19:12:16+0200,f372a1fc-a0b6-48c3-b979-dc927b00239d,2026-07-28T11:30:00Z,2026-07-28T13:30:00+0200,0.924,MW,NL,NL,actual_offshore_wind_generation,Wind Offshore | Actual Consumption,2026-08-17T17:16:10Z
2026-08-17T17:12:16Z,2026-08-17T19:12:16+0200,f372a1fc-a0b6-48c3-b979-dc927b00239d,2026-07-28T11:45:00Z,2026-07-28T13:45:00+0200,263.773,MW,NL,NL,actual_offshore_wind_generation,Wind Offshore | Actual Aggregated,2026-08-17T17:16:10Z
2026-08-17T17:12:16Z,2026-08-17T19:12:16+0200,f372a1fc-a0b6-48c3-b979-dc927b00239d,2026-07-28T11:45:00Z,2026-07-28T13:45:00+0200,1.226,MW,NL,NL,actual_offshore_wind_generation,Wind Offshore | Actual Consumption,2026-08-17T17:16:10Z
2026-08-17T17:12:16Z,2026-08-17T19:12:16+0200,f372a1fc-a0b6-48c3-b979-dc927b00239d,2026-07-28T12:00:00Z,2026-07-28T14:00:00+0200,280.803,MW,NL,NL,actual_offshore_wind_generation,Wind Offshore | Actual Aggregated,2026-08-17T17:16:10Z
2026-08-17T17:12:16Z,2026-08-17T19:12:16+0200,f372a1fc-a0b6-48c3-b979-dc927b00239d,2026-07-28T12:00:00Z,2026-07-28T14:00:00+0200,2.006,MW,NL,NL,actual_offshore_wind_generation,Wind Offshore | Actual Consumption,2026-08-17T17:16:10Z
2026-08-17T17:12:16Z,2026-08-17T19:12:16+0200,f372a1fc-a0b6-48c3-b979-dc927b00239d,2026-07-28T12:15:00Z,2026-07-28T14:15:00+0200,264.653,MW,NL,NL,actual_offshore_wind_generation,Wind Offshore | Actual Aggregated,2026-08-17T17:16:10Z
2026-08-17T17:12:16Z,2026-08-17T19:12:16+0200,f372a1fc-a0b6-48c3-b979-dc927b00239d,2026-07-28T12:15:00Z,2026-07-28T14:15:00+0200,3.994,MW,NL,NL,actual_offshore_wind_generation,Wind Offshore | Actual Consumption,2026-08-17T17:16:10Z
2026-08-17T17:12:16Z,2026-08-17T19:12:16+0200,f372a1fc-a0b6-48c3-b979-dc927b00239d,2026-07-28T12:30:00Z,2026-07-28T14:30:00+0200,253.335,MW,NL,NL,actual_offshore_wind_generation,Wind Offshore | Actual Aggregated,2026-08-17T17:16:10Z
2026-08-17T17:12:16Z,2026-08-17T19:12:16+0200,f372a1fc-a0b6-48c3-b979-dc927b00239d,2026-07-28T12:30:00Z,2026-07-28T14:30:00+0200,5.772,MW,NL,NL,actual_offshore_wind_generation,Wind Offshore | Actual Consumption,2026-08-17T17:16:10Z
2026-08-17T17:12:16Z,2026-08-17T19:12:16+0200,f372a1fc-a0b6-48c3-b979-dc927b00239d,2026-07-28T12:45:00Z,2026-07-28T14:45:00+0200,237.455,MW,NL,NL,actual_offshore_wind_generation,Wind Offshore | Actual Aggregated,2026-08-17T17:16:10Z
2026-08-17T17:12:16Z,2026-08-17T19:12:16+0200,f372a1fc-a0b6-48c3-b979-dc927b00239d,2026-07-28T12:45:00Z,2026-07-28T14:45:00+0200,6.789,MW,NL,NL,actual_offshore_wind_generation,Wind Offshore | Actual Consumption,2026-08-17T17:16:10Z
2026-08-17T17:12:16Z,2026-08-17T19:12:16+0200,f372a1fc-a0b6-48c3-b979-dc927b00239d,2026-07-28T13:00:00Z,2026-07-28T15:00:00+0200,242.082,MW,NL,NL,actual_offshore_wind_generation,Wind Offshore | Actual Aggregated,2026-08-17T17:16:10Z
2026-08-17T17:12:16Z,2026-08-17T19:12:16+0200,f372a1fc-a0b6-48c3-b979-dc927b00239d,2026-07-28T13:00:00Z,2026-07-28T15:00:00+0200,10.282,MW,NL,NL,actual_offshore_wind_generation,Wind Offshore | Actual Consumption,2026-08-17T17:16:10Z
2026-08-17T17:12:16Z,2026-08-17T19:12:16+0200,f372a1fc-a0b6-48c3-b979-dc927b00239d,2026-07-28T13:15:00Z,2026-07-28T15:15:00+0200,251.139,MW,NL,NL,actual_offshore_wind_generation,Wind Offshore | Actual Aggregated,2026-08-17T17:16:10Z
2026-08-17T17:12:16Z,2026-08-17T19:12:16+0200,f372a1fc-a0b6-48c3-b979-dc927b00239d,2026-07-28T13:15:00Z,2026-07-28T15:15:00+0200,8.86,MW,NL,NL,actual_offshore_wind_generation,Wind Offshore | Actual Consumption,2026-08-17T17:16:10Z
2026-08-17T17:12:16Z,2026-08-17T19:12:16+0200,f372a1fc-a0b6-48c3-b979-dc927b00239d,2026-07-28T13:30:00Z,2026-07-28T15:30:00+0200,250.012,MW,NL,NL,actual_offshore_wind_generation,Wind Offshore | Actual Aggregated,2026-08-17T17:16:10Z
2026-08-17T17:12:16Z,2026-08-17T19:12:16+0200,f372a1fc-a0b6-48c3-b979-dc927b00239d,2026-07-28T13:30:00Z,2026-07-28T15:30:00+0200,8.588,MW,NL,NL,actual_offshore_wind_generation,Wind Offshore | Actual Consumption,2026-08-17T17:16:10Z
2026-08-17T17:12:16Z,2026-08-17T19:12:16+0200,f372a1fc-a0b6-48c3-b979-dc927b00239d,2026-07-28T13:45:00Z,2026-07-28T15:45:00+0200,337.757,MW,NL,NL,actual_offshore_wind_generation,Wind Offshore | Actual Aggregated,2026-08-17T17:16:10Z
2026-08-17T17:12:16Z,2026-08-17T19:12:16+0200,f372a1fc-a0b6-48c3-b979-dc927b00239d,2026-07-28T13:45:00Z,2026-07-28T15:45:00+0200,7.968,MW,NL,NL,actual_offshore_wind_generation,Wind Offshore | Actual Consumption,2026-08-17T17:16:10Z
2026-08-17T17:12:16Z,2026-08-17T19:12:16+0200,f372a1fc-a0b6-48c3-b979-dc927b00239d,2026-07-28T14:00:00Z,2026-07-28T16:00:00+0200,406.01,MW,NL,NL,actual_offshore_wind_generation,Wind Offshore | Actual Aggregated,2026-08-17T17:16:10Z
2026-08-17T17:12:16Z,2026-08-17T19:12:16+0200,f372a1fc-a0b6-48c3-b979-dc927b00239d,2026-07-28T14:00:00Z,2026-07-28T16:00:00+0200,4.533,MW,NL,NL,actual_offshore_wind_generation,Wind Offshore | Actual Consumption,2026-08-17T17:16:10Z
2026-08-17T17:12:16Z,2026-08-17T19:12:16+0200,f372a1fc-a0b6-48c3-b979-dc927b00239d,2026-07-28T14:15:00Z,2026-07-28T16:15:00+0200,374.311,MW,NL,NL,actual_offshore_wind_generation,Wind Offshore | Actual Aggregated,2026-08-17T17:16:10Z
2026-08-17T17:12:16Z,2026-08-17T19:12:16+0200,f372a1fc-a0b6-48c3-b979-dc927b00239d,2026-07-28T14:15:00Z,2026-07-28T16:15:00+0200,5.867,MW,NL,NL,actual_offshore_wind_generation,Wind Offshore | Actual Consumption,2026-08-17T17:16:10Z
2026-08-17T17:12:16Z,2026-08-17T19:12:16+0200,f372a1fc-a0b6-48c3-b979-dc927b00239d,2026-07-28T14:30:00Z,2026-07-28T16:30:00+0200,386.815,MW,NL,NL,actual_offshore_wind_generation,Wind Offshore | Actual Aggregated,2026-08-17T17:16:10Z
2026-08-17T17:12:16Z,2026-08-17T19:12:16+0200,f372a1fc-a0b6-48c3-b979-dc927b00239d,2026-07-28T14:30:00Z,2026-07-28T16:30:00+0200,6.289,MW,NL,NL,actual_offshore_wind_generation,Wind Offshore | Actual Consumption,2026-08-17T17:16:10Z
2026-08-17T17:12:16Z,2026-08-17T19:12:16+0200,f372a1fc-a0b6-48c3-b979-dc927b00239d,2026-07-28T14:45:00Z,2026-07-28T16:45:00+0200,518.816,MW,NL,NL,actual_offshore_wind_generation,Wind Offshore | Actual Aggregated,2026-08-17T17:16:10Z
2026-08-17T17:12:16Z,2026-08-17T19:12:16+0200,f372a1fc-a0b6-48c3-b979-dc927b00239d,2026-07-28T14:45:00Z,2026-07-28T16:45:00+0200,8.351,MW,NL,NL,actual_offshore_wind_generation,Wind Offshore | Actual Consumption,2026-08-17T17:16:10Z
2026-08-17T17:12:16Z,2026-08-17T19:12:16+0200,f372a1fc-a0b6-48c3-b979-dc927b00239d,2026-07-28T15:00:00Z,2026-07-28T17:00:00+0200,542.603,MW,NL,NL,actual_offshore_wind_generation,Wind Offshore | Actual Aggregated,2026-08-17T17:16:10Z
2026-08-17T17:12:16Z,2026-08-17T19:12:16+0200,f372a1fc-a0b6-48c3-b979-dc927b00239d,2026-07-28T15:00:00Z,2026-07-28T17:00:00+0200,12.355,MW,NL,NL,actual_offshore_wind_generation,Wind Offshore | Actual Consumption,2026-08-17T17:16:10Z
2026-08-17T17:12:16Z,2026-08-17T19:12:16+0200,f372a1fc-a0b6-48c3-b979-dc927b00239d,2026-07-28T15:15:00Z,2026-07-28T17:15:00+0200,482.711,MW,NL,NL,actual_offshore_wind_generation,Wind Offshore | Actual Aggregated,2026-08-17T17:16:10Z
2026-08-17T17:12:16Z,2026-08-17T19:12:16+0200,f372a1fc-a0b6-48c3-b979-dc927b00239d,2026-07-28T15:15:00Z,2026-07-28T17:15:00+0200,16.249,MW,NL,NL,actual_offshore_wind_generation,Wind Offshore | Actual Consumption,2026-08-17T17:16:10Z
2026-08-17T17:12:16Z,2026-08-17T19:12:16+0200,f372a1fc-a0b6-48c3-b979-dc927b00239d,2026-07-28T15:30:00Z,2026-07-28T17:30:00+0200,449.607,MW,NL,NL,actual_offshore_wind_generation,Wind Offshore | Actual Aggregated,2026-08-17T17:16:10Z
2026-08-17T17:12:16Z,2026-08-17T19:12:16+0200,f372a1fc-a0b6-48c3-b979-dc927b00239d,2026-07-28T15:30:00Z,2026-07-28T17:30:00+0200,16.132,MW,NL,NL,actual_offshore_wind_generation,Wind Offshore | Actual Consumption,2026-08-17T17:16:10Z
2026-08-17T17:12:16Z,2026-08-17T19:12:16+0200,f372a1fc-a0b6-48c3-b979-dc927b00239d,2026-07-28T15:45:00Z,2026-07-28T17:45:00+0200,452.216,MW,NL,NL,actual_offshore_wind_generation,Wind Offshore | Actual Aggregated,2026-08-17T17:16:10Z
2026-08-17T17:12:16Z,2026-08-17T19:12:16+0200,f372a1fc-a0b6-48c3-b979-dc927b00239d,2026-07-28T15:45:00Z,2026-07-28T17:45:00+0200,18.227,MW,NL,NL,actual_offshore_wind_generation,Wind Offshore | Actual Consumption,2026-08-17T17:16:10Z
2026-08-17T17:12:16Z,2026-08-17T19:12:16+0200,f372a1fc-a0b6-48c3-b979-dc927b00239d,2026-07-28T16:00:00Z,2026-07-28T18:00:00+0200,414.439,MW,NL,NL,actual_offshore_wind_generation,Wind Offshore | Actual Aggregated,2026-08-17T17:16:10Z
2026-08-17T17:12:16Z,2026-08-17T19:12:16+0200,f372a1fc-a0b6-48c3-b979-dc927b00239d,2026-07-28T16:00:00Z,2026-07-28T18:00:00+0200,20.815,MW,NL,NL,actual_offshore_wind_generation,Wind Offshore | Actual Consumption,2026-08-17T17:16:10Z
2026-08-17T17:12:16Z,2026-08-17T19:12:16+0200,f372a1fc-a0b6-48c3-b979-dc927b00239d,2026-07-28T16:15:00Z,2026-07-28T18:15:00+0200,371.582,MW,NL,NL,actual_offshore_wind_generation,Wind Offshore | Actual Aggregated,2026-08-17T17:16:10Z
2026-08-17T17:12:16Z,2026-08-17T19:12:16+0200,f372a1fc-a0b6-48c3-b979-dc927b00239d,2026-07-28T16:15:00Z,2026-07-28T18:15:00+0200,26.021,MW,NL,NL,actual_offshore_wind_generation,Wind Offshore | Actual Consumption,2026-08-17T17:16:10Z
2026-08-17T17:12:16Z,2026-08-17T19:12:16+0200,f372a1fc-a0b6-48c3-b979-dc927b00239d,2026-07-28T16:30:00Z,2026-07-28T18:30:00+0200,349.227,MW,NL,NL,actual_offshore_wind_generation,Wind Offshore | Actual Aggregated,2026-08-17T17:16:10Z
2026-08-17T17:12:16Z,2026-08-17T19:12:16+0200,f372a1fc-a0b6-48c3-b979-dc927b00239d,2026-07-28T16:30:00Z,2026-07-28T18:30:00+0200,30.424,MW,NL,NL,actual_offshore_wind_generation,Wind Offshore | Actual Consumption,2026-08-17T17:16:10Z
2026-08-17T17:12:16Z,2026-08-17T19:12:16+0200,f372a1fc-a0b6-48c3-b979-dc927b00239d,2026-07-28T16:45:00Z,2026-07-28T18:45:00+0200,336.565,MW,NL,NL,actual_offshore_wind_generation,Wind Offshore | Actual Aggregated,2026-08-17T17:16:10Z
2026-08-17T17:12:16Z,2026-08-17T19:12:16+0200,f372a1fc-a0b6-48c3-b979-dc927b00239d,2026-07-28T16:45:00Z,2026-07-28T18:45:00+0200,30.684,MW,NL,NL,actual_offshore_wind_generation,Wind Offshore | Actual Consumption,2026-08-17T17:16:10Z
2026-08-17T17:12:16Z,2026-08-17T19:12:16+0200,f372a1fc-a0b6-48c3-b979-dc927b00239d,2026-07-28T17:00:00Z,2026-07-28T19:00:00+0200,327.889,MW,NL,NL,actual_offshore_wind_generation,Wind Offshore | Actual Aggregated,2026-08-17T17:16:10Z
2026-08-17T17:12:16Z,2026-08-17T19:12:16+0200,f372a1fc-a0b6-48c3-b979-dc927b00239d,2026-07-28T17:00:00Z,2026-07-28T19:00:00+0200,31.886,MW,NL,NL,actual_offshore_wind_generation,Wind Offshore | Actual Consumption,2026-08-17T17:16:10Z
2026-08-17T17:12:16Z,2026-08-17T19:12:16+0200,f372a1fc-a0b6-48c3-b979-dc927b00239d,2026-07-28T17:15:00Z,2026-07-28T19:15:00+0200,319.38,MW,NL,NL,actual_offshore_wind_generation,Wind Offshore | Actual Aggregated,2026-08-17T17:16:10Z
2026-08-17T17:12:16Z,2026-08-17T19:12:16+0200,f372a1fc-a0b6-48c3-b979-dc927b00239d,2026-07-28T17:15:00Z,2026-07-28T19:15:00+0200,32.073,MW,NL,NL,actual_offshore_wind_generation,Wind Offshore | Actual Consumption,2026-08-17T17:16:10Z
2026-08-17T17:12:16Z,2026-08-17T19:12:16+0200,f372a1fc-a0b6-48c3-b979-dc927b00239d,2026-07-28T17:30:00Z,2026-07-28T19:30:00+0200,306.127,MW,NL,NL,actual_offshore_wind_generation,Wind Offshore | Actual Aggregated,2026-08-17T17:16:10Z
2026-08-17T17:12:16Z,2026-08-17T19:12:16+0200,f372a1fc-a0b6-48c3-b979-dc927b00239d,2026-07-28T17:30:00Z,2026-07-28T19:30:00+0200,32.492,MW,NL,NL,actual_offshore_wind_generation,Wind Offshore | Actual Consumption,2026-08-17T17:16:10Z
2026-08-17T17:12:16Z,2026-08-17T19:12:16+0200,f372a1fc-a0b6-48c3-b979-dc927b00239d,2026-07-28T17:45:00Z,2026-07-28T19:45:00+0200,249.323,MW,NL,NL,actual_offshore_wind_generation,Wind Offshore | Actual Aggregated,2026-08-17T17:16:10Z
2026-08-17T17:12:16Z,2026-08-17T19:12:16+0200,f372a1fc-a0b6-48c3-b979-dc927b00239d,2026-07-28T17:45:00Z,2026-07-28T19:45:00+0200,32.952,MW,NL,NL,actual_offshore_wind_generation,Wind Offshore | Actual Consumption,2026-08-17T17:16:10Z
2026-08-17T17:12:16Z,2026-08-17T19:12:16+0200,f372a1fc-a0b6-48c3-b979-dc927b00239d,2026-07-28T18:00:00Z,2026-07-28T20:00:00+0200,255.056,MW,NL,NL,actual_offshore_wind_generation,Wind Offshore | Actual Aggregated,2026-08-17T17:16:10Z
2026-08-17T17:12:16Z,2026-08-17T19:12:16+0200,f372a1fc-a0b6-48c3-b979-dc927b00239d,2026-07-28T18:00:00Z,2026-07-28T20:00:00+0200,32.511,MW,NL,NL,actual_offshore_wind_generation,Wind Offshore | Actual Consumption,2026-08-17T17:16:10Z
2026-08-17T17:12:16Z,2026-08-17T19:12:16+0200,f372a1fc-a0b6-48c3-b979-dc927b00239d,2026-07-28T18:15:00Z,2026-07-28T20:15:00+0200,249.929,MW,NL,NL,actual_offshore_wind_generation,Wind Offshore | Actual Aggregated,2026-08-17T17:16:10Z
2026-08-17T17:12:16Z,2026-08-17T19:12:16+0200,f372a1fc-a0b6-48c3-b979-dc927b00239d,2026-07-28T18:15:00Z,2026-07-28T20:15:00+0200,32.915,MW,NL,NL,actual_offshore_wind_generation,Wind Offshore | Actual Consumption,2026-08-17T17:16:10Z
2026-08-17T17:12:16Z,2026-08-17T19:12:16+0200,f372a1fc-a0b6-48c3-b979-dc927b00239d,2026-07-28T18:30:00Z,2026-07-28T20:30:00+0200,216.415,MW,NL,NL,actual_offshore_wind_generation,Wind Offshore | Actual Aggregated,2026-08-17T17:16:10Z
2026-08-17T17:12:16Z,2026-08-17T19:12:16+0200,f372a1fc-a0b6-48c3-b979-dc927b00239d,2026-07-28T18:30:00Z,2026-07-28T20:30:00+0200,32.82,MW,NL,NL,actual_offshore_wind_generation,Wind Offshore | Actual Consumption,2026-08-17T17:16:10Z
2026-08-17T17:12:16Z,2026-08-17T19:12:16+0200,f372a1fc-a0b6-48c3-b979-dc927b00239d,2026-07-28T18:45:00Z,2026-07-28T20:45:00+0200,190.509,MW,NL,NL,actual_offshore_wind_generation,Wind Offshore | Actual Aggregated,2026-08-17T17:16:10Z
2026-08-17T17:12:16Z,2026-08-17T19:12:16+0200,f372a1fc-a0b6-48c3-b979-dc927b00239d,2026-07-28T18:45:00Z,2026-07-28T20:45:00+0200,32.847,MW,NL,NL,actual_offshore_wind_generation,Wind Offshore | Actual Consumption,2026-08-17T17:16:10Z
2026-08-17T17:12:16Z,2026-08-17T19:12:16+0200,f372a1fc-a0b6-48c3-b979-dc927b00239d,2026-07-28T19:00:00Z,2026-07-28T21:00:00+0200,193.093,MW,NL,NL,actual_offshore_wind_generation,Wind Offshore | Actual Aggregated,2026-08-17T17:16:10Z
2026-08-17T17:12:16Z,2026-08-17T19:12:16+0200,f372a1fc-a0b6-48c3-b979-dc927b00239d,2026-07-28T19:00:00Z,2026-07-28T21:00:00+0200,32.841,MW,NL,NL,actual_offshore_wind_generation,Wind Offshore | Actual Consumption,2026-08-17T17:16:10Z
2026-08-17T17:12:16Z,2026-08-17T19:12:16+0200,f372a1fc-a0b6-48c3-b979-dc927b00239d,2026-07-28T19:15:00Z,2026-07-28T21:15:00+0200,156.433,MW,NL,NL,actual_offshore_wind_generation,Wind Offshore | Actual Aggregated,2026-08-17T17:16:10Z
2026-08-17T17:12:16Z,2026-08-17T19:12:16+0200,f372a1fc-a0b6-48c3-b979-dc927b00239d,2026-07-28T19:15:00Z,2026-07-28T21:15:00+0200,32.819,MW,NL,NL,actual_offshore_wind_generation,Wind Offshore | Actual Consumption,2026-08-17T17:16:10Z
2026-08-17T17:12:16Z,2026-08-17T19:12:16+0200,f372a1fc-a0b6-48c3-b979-dc927b00239d,2026-07-28T19:30:00Z,2026-07-28T21:30:00+0200,133.502,MW,NL,NL,actual_offshore_wind_generation,Wind Offshore | Actual Aggregated,2026-08-17T17:16:10Z
2026-08-17T17:12:16Z,2026-08-17T19:12:16+0200,f372a1fc-a0b6-48c3-b979-dc927b00239d,2026-07-28T19:30:00Z,2026-07-28T21:30:00+0200,33.176,MW,NL,NL,actual_offshore_wind_generation,Wind Offshore | Actual Consumption,2026-08-17T17:16:10Z
2026-08-17T17:12:16Z,2026-08-17T19:12:16+0200,f372a1fc-a0b6-48c3-b979-dc927b00239d,2026-07-28T19:45:00Z,2026-07-28T21:45:00+0200,114.475,MW,NL,NL,actual_offshore_wind_generation,Wind Offshore | Actual Aggregated,2026-08-17T17:16:10Z
2026-08-17T17:12:16Z,2026-08-17T19:12:16+0200,f372a1fc-a0b6-48c3-b979-dc927b00239d,2026-07-28T19:45:00Z,2026-07-28T21:45:00+0200,34.437,MW,NL,NL,actual_offshore_wind_generation,Wind Offshore | Actual Consumption,2026-08-17T17:16:10Z
2026-08-17T17:12:16Z,2026-08-17T19:12:16+0200,f372a1fc-a0b6-48c3-b979-dc927b00239d,2026-07-28T20:00:00Z,2026-07-28T22:00:00+0200,89.048,MW,NL,NL,actual_offshore_wind_generation,Wind Offshore | Actual Aggregated,2026-08-17T17:16:10Z
2026-08-17T17:12:16Z,2026-08-17T19:12:16+0200,f372a1fc-a0b6-48c3-b979-dc927b00239d,2026-07-28T20:00:00Z,2026-07-28T22:00:00+0200,35.049,MW,NL,NL,actual_offshore_wind_generation,Wind Offshore | Actual Consumption,2026-08-17T17:16:10Z
2026-08-17T17:12:16Z,2026-08-17T19:12:16+0200,f372a1fc-a0b6-48c3-b979-dc927b00239d,2026-07-28T20:15:00Z,2026-07-28T22:15:00+0200,70.579,MW,NL,NL,actual_offshore_wind_generation,Wind Offshore | Actual Aggregated,2026-08-17T17:16:10Z
2026-08-17T17:12:16Z,2026-08-17T19:12:16+0200,f372a1fc-a0b6-48c3-b979-dc927b00239d,2026-07-28T20:15:00Z,2026-07-28T22:15:00+0200,34.648,MW,NL,NL,actual_offshore_wind_generation,Wind Offshore | Actual Consumption,2026-08-17T17:16:10Z
2026-08-17T17:12:16Z,2026-08-17T19:12:16+0200,f372a1fc-a0b6-48c3-b979-dc927b00239d,2026-07-28T20:30:00Z,2026-07-28T22:30:00+0200,105.943,MW,NL,NL,actual_offshore_wind_generation,Wind Offshore | Actual Aggregated,2026-08-17T17:16:10Z
2026-08-17T17:12:16Z,2026-08-17T19:12:16+0200,f372a1fc-a0b6-48c3-b979-dc927b00239d,2026-07-28T20:30:00Z,2026-07-28T22:30:00+0200,34.729,MW,NL,NL,actual_offshore_wind_generation,Wind Offshore | Actual Consumption,2026-08-17T17:16:10Z
2026-08-17T17:12:16Z,2026-08-17T19:12:16+0200,f372a1fc-a0b6-48c3-b979-dc927b00239d,2026-07-28T20:45:00Z,2026-07-28T22:45:00+0200,98.413,MW,NL,NL,actual_offshore_wind_generation,Wind Offshore | Actual Aggregated,2026-08-17T17:16:10Z
2026-08-17T17:12:16Z,2026-08-17T19:12:16+0200,f372a1fc-a0b6-48c3-b979-dc927b00239d,2026-07-28T20:45:00Z,2026-07-28T22:45:00+0200,29.07,MW,NL,NL,actual_offshore_wind_generation,Wind Offshore | Actual Consumption,2026-08-17T17:16:10Z
2026-08-17T17:12:16Z,2026-08-17T19:12:16+0200,f372a1fc-a0b6-48c3-b979-dc927b00239d,2026-07-28T21:00:00Z,2026-07-28T23:00:00+0200,133.008,MW,NL,NL,actual_offshore_wind_generation,Wind Offshore | Actual Aggregated,2026-08-17T17:16:10Z
2026-08-17T17:12:16Z,2026-08-17T19:12:16+0200,f372a1fc-a0b6-48c3-b979-dc927b00239d,2026-07-28T21:00:00Z,2026-07-28T23:00:00+0200,25.321,MW,NL,NL,actual_offshore_wind_generation,Wind Offshore | Actual Consumption,2026-08-17T17:16:10Z
2026-08-17T17:12:16Z,2026-08-17T19:12:16+0200,f372a1fc-a0b6-48c3-b979-dc927b00239d,2026-07-28T21:15:00Z,2026-07-28T23:15:00+0200,166.358,MW,NL,NL,actual_offshore_wind_generation,Wind Offshore | Actual Aggregated,2026-08-17T17:16:10Z
2026-08-17T17:12:16Z,2026-08-17T19:12:16+0200,f372a1fc-a0b6-48c3-b979-dc927b00239d,2026-07-28T21:15:00Z,2026-07-28T23:15:00+0200,15.121,MW,NL,NL,actual_offshore_wind_generation,Wind Offshore | Actual Consumption,2026-08-17T17:16:10Z
2026-08-17T17:12:16Z,2026-08-17T19:12:16+0200,f372a1fc-a0b6-48c3-b979-dc927b00239d,2026-07-28T21:30:00Z,2026-07-28T23:30:00+0200,185.991,MW,NL,NL,actual_offshore_wind_generation,Wind Offshore | Actual Aggregated,2026-08-17T17:16:10Z
2026-08-17T17:12:16Z,2026-08-17T19:12:16+0200,f372a1fc-a0b6-48c3-b979-dc927b00239d,2026-07-28T21:30:00Z,2026-07-28T23:30:00+0200,15.302,MW,NL,NL,actual_offshore_wind_generation,Wind Offshore | Actual Consumption,2026-08-17T17:16:10Z
2026-08-17T17:12:16Z,2026-08-17T19:12:16+0200,f372a1fc-a0b6-48c3-b979-dc927b00239d,2026-07-28T21:45:00Z,2026-07-28T23:45:00+0200,214.894,MW,NL,NL,actual_offshore_wind_generation,Wind Offshore | Actual Aggregated,2026-08-17T17:16:10Z
2026-08-17T17:12:16Z,2026-08-17T19:12:16+0200,f372a1fc-a0b6-48c3-b979-dc927b00239d,2026-07-28T21:45:00Z,2026-07-28T23:45:00+0200,15.523,MW,NL,NL,actual_offshore_wind_generation,Wind Offshore | Actual Consumption,2026-08-17T17:16:10Z
2026-08-17T17:12:16Z,2026-08-17T19:12:16+0200,f372a1fc-a0b6-48c3-b979-dc927b00239d,2026-07-28T22:00:00Z,2026-07-29T00:00:00+0200,216.861,MW,NL,NL,actual_offshore_wind_generation,Wind Offshore | Actual Aggregated,2026-08-17T17:16:10Z
2026-08-17T17:12:16Z,2026-08-17T19:12:16+0200,f372a1fc-a0b6-48c3-b979-dc927b00239d,2026-07-28T22:00:00Z,2026-07-29T00:00:00+0200,15.023,MW,NL,NL,actual_offshore_wind_generation,Wind Offshore | Actual Consumption,2026-08-17T17:16:10Z
2026-08-17T17:12:16Z,2026-08-17T19:12:16+0200,f372a1fc-a0b6-48c3-b979-dc927b00239d,2026-07-28T22:15:00Z,2026-07-29T00:15:00+0200,226.267,MW,NL,NL,actual_offshore_wind_generation,Wind Offshore | Actual Aggregated,2026-08-17T17:16:10Z
2026-08-17T17:12:16Z,2026-08-17T19:12:16+0200,f372a1fc-a0b6-48c3-b979-dc927b00239d,2026-07-28T22:15:00Z,2026-07-29T00:15:00+0200,15.918,MW,NL,NL,actual_offshore_wind_generation,Wind Offshore | Actual Consumption,2026-08-17T17:16:10Z
2026-08-17T17:12:16Z,2026-08-17T19:12:16+0200,f372a1fc-a0b6-48c3-b979-dc927b00239d,2026-07-28T22:30:00Z,2026-07-29T00:30:00+0200,259.499,MW,NL,NL,actual_offshore_wind_generation,Wind Offshore | Actual Aggregated,2026-08-17T17:16:10Z
2026-08-17T17:12:16Z,2026-08-17T19:12:16+0200,f372a1fc-a0b6-48c3-b979-dc927b00239d,2026-07-28T22:30:00Z,2026-07-29T00:30:00+0200,15.907,MW,NL,NL,actual_offshore_wind_generation,Wind Offshore | Actual Consumption,2026-08-17T17:16:10Z
2026-08-17T17:12:16Z,2026-08-17T19:12:16+0200,f372a1fc-a0b6-48c3-b979-dc927b00239d,2026-07-28T22:45:00Z,2026-07-29T00:45:00+0200,303.643,MW,NL,NL,actual_offshore_wind_generation,Wind Offshore | Actual Aggregated,2026-08-17T17:16:10Z
2026-08-17T17:12:16Z,2026-08-17T19:12:16+0200,f372a1fc-a0b6-48c3-b979-dc927b00239d,2026-07-28T22:45:00Z,2026-07-29T00:45:00+0200,15.452,MW,NL,NL,actual_offshore_wind_generation,Wind Offshore | Actual Consumption,2026-08-17T17:16:10Z
2026-08-17T17:12:16Z,2026-08-17T19:12:16+0200,f372a1fc-a0b6-48c3-b979-dc927b00239d,2026-07-28T23:00:00Z,2026-07-29T01:00:00+0200,363.473,MW,NL,NL,actual_offshore_wind_generation,Wind Offshore | Actual Aggregated,2026-08-17T17:16:10Z
2026-08-17T17:12:16Z,2026-08-17T19:12:16+0200,f372a1fc-a0b6-48c3-b979-dc927b00239d,2026-07-28T23:00:00Z,2026-07-29T01:00:00+0200,15.978,MW,NL,NL,actual_offshore_wind_generation,Wind Offshore | Actual Consumption,2026-08-17T17:16:10Z
2026-08-17T17:12:16Z,2026-08-17T19:12:16+0200,f372a1fc-a0b6-48c3-b979-dc927b00239d,2026-07-28T23:15:00Z,2026-07-29T01:15:00+0200,447.852,MW,NL,NL,actual_offshore_wind_generation,Wind Offshore | Actual Aggregated,2026-08-17T17:16:10Z
2026-08-17T17:12:16Z,2026-08-17T19:12:16+0200,f372a1fc-a0b6-48c3-b979-dc927b00239d,2026-07-28T23:15:00Z,2026-07-29T01:15:00+0200,16.191,MW,NL,NL,actual_offshore_wind_generation,Wind Offshore | Actual Consumption,2026-08-17T17:16:10Z
2026-08-17T17:12:16Z,2026-08-17T19:12:16+0200,f372a1fc-a0b6-48c3-b979-dc927b00239d,2026-07-28T23:30:00Z,2026-07-29T01:30:00+0200,533.78,MW,NL,NL,actual_offshore_wind_generation,Wind Offshore | Actual Aggregated,2026-08-17T17:16:10Z
2026-08-17T17:12:16Z,2026-08-17T19:12:16+0200,f372a1fc-a0b6-48c3-b979-dc927b00239d,2026-07-28T23:30:00Z,2026-07-29T01:30:00+0200,16.11,MW,NL,NL,actual_offshore_wind_generation,Wind Offshore | Actual Consumption,2026-08-17T17:16:10Z
2026-08-17T17:12:16Z,2026-08-17T19:12:16+0200,f372a1fc-a0b6-48c3-b979-dc927b00239d,2026-07-28T23:45:00Z,2026-07-29T01:45:00+0200,607.112,MW,NL,NL,actual_offshore_wind_generation,Wind Offshore | Actual Aggregated,2026-08-17T17:16:10Z
2026-08-17T17:12:16Z,2026-08-17T19:12:16+0200,f372a1fc-a0b6-48c3-b979-dc927b00239d,2026-07-28T23:45:00Z,2026-07-29T01:45:00+0200,16.091,MW,NL,NL,actual_offshore_wind_generation,Wind Offshore | Actual Consumption,2026-08-17T17:16:10Z
2026-08-17T17:12:16Z,2026-08-17T19:12:16+0200,f372a1fc-a0b6-48c3-b979-dc927b00239d,2026-07-29T00:00:00Z,2026-07-29T02:00:00+0200,631.349,MW,NL,NL,actual_offshore_wind_generation,Wind Offshore | Actual Aggregated,2026-08-17T17:16:10Z
2026-08-17T17:12:16Z,2026-08-17T19:12:16+0200,f372a1fc-a0b6-48c3-b979-dc927b00239d,2026-07-29T00:00:00Z,2026-07-29T02:00:00+0200,15.602,MW,NL,NL,actual_offshore_wind_generation,Wind Offshore | Actual Consumption,2026-08-17T17:16:10Z
2026-08-17T17:12:16Z,2026-08-17T19:12:16+0200,f372a1fc-a0b6-48c3-b979-dc927b00239d,2026-07-29T00:15:00Z,2026-07-29T02:15:00+0200,639.644,MW,NL,NL,actual_offshore_wind_generation,Wind Offshore | Actual Aggregated,2026-08-17T17:16:10Z
2026-08-17T17:12:16Z,2026-08-17T19:12:16+0200,f372a1fc-a0b6-48c3-b979-dc927b00239d,2026-07-29T00:15:00Z,2026-07-29T02:15:00+0200,12.478,MW,NL,NL,actual_offshore_wind_generation,Wind Offshore | Actual Consumption,2026-08-17T17:16:10Z
2026-08-17T17:12:16Z,2026-08-17T19:12:16+0200,f372a1fc-a0b6-48c3-b979-dc927b00239d,2026-07-29T00:30:00Z,2026-07-29T02:30:00+0200,631.999,MW,NL,NL,actual_offshore_wind_generation,Wind Offshore | Actual Aggregated,2026-08-17T17:16:10Z
2026-08-17T17:12:16Z,2026-08-17T19:12:16+0200,f372a1fc-a0b6-48c3-b979-dc927b00239d,2026-07-29T00:30:00Z,2026-07-29T02:30:00+0200,12.902,MW,NL,NL,actual_offshore_wind_generation,Wind Offshore | Actual Consumption,2026-08-17T17:16:10Z
2026-08-17T17:12:16Z,2026-08-17T19:12:16+0200,f372a1fc-a0b6-48c3-b979-dc927b00239d,2026-07-29T00:45:00Z,2026-07-29T02:45:00+0200,671.407,MW,NL,NL,actual_offshore_wind_generation,Wind Offshore | Actual Aggregated,2026-08-17T17:16:10Z
2026-08-17T17:12:16Z,2026-08-17T19:12:16+0200,f372a1fc-a0b6-48c3-b979-dc927b00239d,2026-07-29T00:45:00Z,2026-07-29T02:45:00+0200,13.627,MW,NL,NL,actual_offshore_wind_generation,Wind Offshore | Actual Consumption,2026-08-17T17:16:10Z
2026-08-17T17:12:16Z,2026-08-17T19:12:16+0200,f372a1fc-a0b6-48c3-b979-dc927b00239d,2026-07-29T01:00:00Z,2026-07-29T03:00:00+0200,697.401,MW,NL,NL,actual_offshore_wind_generation,Wind Offshore | Actual Aggregated,2026-08-17T17:16:10Z
2026-08-17T17:12:16Z,2026-08-17T19:12:16+0200,f372a1fc-a0b6-48c3-b979-dc927b00239d,2026-07-29T01:00:00Z,2026-07-29T03:00:00+0200,14.796,MW,NL,NL,actual_offshore_wind_generation,Wind Offshore | Actual Consumption,2026-08-17T17:16:10Z
2026-08-17T17:12:16Z,2026-08-17T19:12:16+0200,f372a1fc-a0b6-48c3-b979-dc927b00239d,2026-07-29T01:15:00Z,2026-07-29T03:15:00+0200,678.072,MW,NL,NL,actual_offshore_wind_generation,Wind Offshore | Actual Aggregated,2026-08-17T17:16:10Z
2026-08-17T17:12:16Z,2026-08-17T19:12:16+0200,f372a1fc-a0b6-48c3-b979-dc927b00239d,2026-07-29T01:15:00Z,2026-07-29T03:15:00+0200,16.014,MW,NL,NL,actual_offshore_wind_generation,Wind Offshore | Actual Consumption,2026-08-17T17:16:10Z
2026-08-17T17:12:16Z,2026-08-17T19:12:16+0200,f372a1fc-a0b6-48c3-b979-dc927b00239d,2026-07-29T01:30:00Z,2026-07-29T03:30:00+0200,686.631,MW,NL,NL,actual_offshore_wind_generation,Wind Offshore | Actual Aggregated,2026-08-17T17:16:10Z
2026-08-17T17:12:16Z,2026-08-17T19:12:16+0200,f372a1fc-a0b6-48c3-b979-dc927b00239d,2026-07-29T01:30:00Z,2026-07-29T03:30:00+0200,15.957,MW,NL,NL,actual_offshore_wind_generation,Wind Offshore | Actual Consumption,2026-08-17T17:16:10Z
2026-08-17T17:12:16Z,2026-08-17T19:12:16+0200,f372a1fc-a0b6-48c3-b979-dc927b00239d,2026-07-29T01:45:00Z,2026-07-29T03:45:00+0200,685.426,MW,NL,NL,actual_offshore_wind_generation,Wind Offshore | Actual Aggregated,2026-08-17T17:16:10Z
2026-08-17T17:12:16Z,2026-08-17T19:12:16+0200,f372a1fc-a0b6-48c3-b979-dc927b00239d,2026-07-29T01:45:00Z,2026-07-29T03:45:00+0200,15.956,MW,NL,NL,actual_offshore_wind_generation,Wind Offshore | Actual Consumption,2026-08-17T17:16:10Z
2026-08-17T17:12:16Z,2026-08-17T19:12:16+0200,f372a1fc-a0b6-48c3-b979-dc927b00239d,2026-07-29T02:00:00Z,2026-07-29T04:00:00+0200,711.28,MW,NL,NL,actual_offshore_wind_generation,Wind Offshore | Actual Aggregated,2026-08-17T17:16:10Z
2026-08-17T17:12:16Z,2026-08-17T19:12:16+0200,f372a1fc-a0b6-48c3-b979-dc927b00239d,2026-07-29T02:00:00Z,2026-07-29T04:00:00+0200,15.994,MW,NL,NL,actual_offshore_wind_generation,Wind Offshore | Actual Consumption,2026-08-17T17:16:10Z
2026-08-17T17:12:16Z,2026-08-17T19:12:16+0200,f372a1fc-a0b6-48c3-b979-dc927b00239d,2026-07-29T02:15:00Z,2026-07-29T04:15:00+0200,710.458,MW,NL,NL,actual_offshore_wind_generation,Wind Offshore | Actual Aggregated,2026-08-17T17:16:10Z
2026-08-17T17:12:16Z,2026-08-17T19:12:16+0200,f372a1fc-a0b6-48c3-b979-dc927b00239d,2026-07-29T02:15:00Z,2026-07-29T04:15:00+0200,16.003,MW,NL,NL,actual_offshore_wind_generation,Wind Offshore | Actual Consumption,2026-08-17T17:16:10Z
2026-08-17T17:12:16Z,2026-08-17T19:12:16+0200,f372a1fc-a0b6-48c3-b979-dc927b00239d,2026-07-29T02:30:00Z,2026-07-29T04:30:00+0200,669.905,MW,NL,NL,actual_offshore_wind_generation,Wind Offshore | Actual Aggregated,2026-08-17T17:16:10Z
2026-08-17T17:12:16Z,2026-08-17T19:12:16+0200,f372a1fc-a0b6-48c3-b979-dc927b00239d,2026-07-29T02:30:00Z,2026-07-29T04:30:00+0200,15.942,MW,NL,NL,actual_offshore_wind_generation,Wind Offshore | Actual Consumption,2026-08-17T17:16:10Z
2026-08-17T17:12:16Z,2026-08-17T19:12:16+0200,f372a1fc-a0b6-48c3-b979-dc927b00239d,2026-07-29T02:45:00Z,2026-07-29T04:45:00+0200,627.765,MW,NL,NL,actual_offshore_wind_generation,Wind Offshore | Actual Aggregated,2026-08-17T17:16:10Z
2026-08-17T17:12:16Z,2026-08-17T19:12:16+0200,f372a1fc-a0b6-48c3-b979-dc927b00239d,2026-07-29T02:45:00Z,2026-07-29T04:45:00+0200,15.854,MW,NL,NL,actual_offshore_wind_generation,Wind Offshore | Actual Consumption,2026-08-17T17:16:10Z
2026-08-17T17:12:16Z,2026-08-17T19:12:16+0200,f372a1fc-a0b6-48c3-b979-dc927b00239d,2026-07-29T03:00:00Z,2026-07-29T05:00:00+0200,571.416,MW,NL,NL,actual_offshore_wind_generation,Wind Offshore | Actual Aggregated,2026-08-17T17:16:10Z
2026-08-17T17:12:16Z,2026-08-17T19:12:16+0200,f372a1fc-a0b6-48c3-b979-dc927b00239d,2026-07-29T03:00:00Z,2026-07-29T05:00:00+0200,15.642,MW,NL,NL,actual_offshore_wind_generation,Wind Offshore | Actual Consumption,2026-08-17T17:16:10Z
2026-08-17T17:12:16Z,2026-08-17T19:12:16+0200,f372a1fc-a0b6-48c3-b979-dc927b00239d,2026-07-29T03:15:00Z,2026-07-29T05:15:00+0200,528.908,MW,NL,NL,actual_offshore_wind_generation,Wind Offshore | Actual Aggregated,2026-08-17T17:16:10Z
2026-08-17T17:12:16Z,2026-08-17T19:12:16+0200,f372a1fc-a0b6-48c3-b979-dc927b00239d,2026-07-29T03:15:00Z,2026-07-29T05:15:00+0200,15.581,MW,NL,NL,actual_offshore_wind_generation,Wind Offshore | Actual Consumption,2026-08-17T17:16:10Z
2026-08-17T17:12:16Z,2026-08-17T19:12:16+0200,f372a1fc-a0b6-48c3-b979-dc927b00239d,2026-07-29T03:30:00Z,2026-07-29T05:30:00+0200,469.537,MW,NL,NL,actual_offshore_wind_generation,Wind Offshore | Actual Aggregated,2026-08-17T17:16:10Z
2026-08-17T17:12:16Z,2026-08-17T19:12:16+0200,f372a1fc-a0b6-48c3-b979-dc927b00239d,2026-07-29T03:30:00Z,2026-07-29T05:30:00+0200,15.683,MW,NL,NL,actual_offshore_wind_generation,Wind Offshore | Actual Consumption,2026-08-17T17:16:10Z
2026-08-17T17:12:16Z,2026-08-17T19:12:16+0200,f372a1fc-a0b6-48c3-b979-dc927b00239d,2026-07-29T03:45:00Z,2026-07-29T05:45:00+0200,432.19,MW,NL,NL,actual_offshore_wind_generation,Wind Offshore | Actual Aggregated,2026-08-17T17:16:10Z
2026-08-17T17:12:16Z,2026-08-17T19:12:16+0200,f372a1fc-a0b6-48c3-b979-dc927b00239d,2026-07-29T03:45:00Z,2026-07-29T05:45:00+0200,16.684,MW,NL,NL,actual_offshore_wind_generation,Wind Offshore | Actual Consumption,2026-08-17T17:16:10Z
2026-08-17T17:12:16Z,2026-08-17T19:12:16+0200,f372a1fc-a0b6-48c3-b979-dc927b00239d,2026-07-29T04:00:00Z,2026-07-29T06:00:00+0200,413.058,MW,NL,NL,actual_offshore_wind_generation,Wind Offshore | Actual Aggregated,2026-08-17T17:16:10Z
2026-08-17T17:12:16Z,2026-08-17T19:12:16+0200,f372a1fc-a0b6-48c3-b979-dc927b00239d,2026-07-29T04:00:00Z,2026-07-29T06:00:00+0200,15.219,MW,NL,NL,actual_offshore_wind_generation,Wind Offshore | Actual Consumption,2026-08-17T17:16:10Z
2026-08-17T17:12:16Z,2026-08-17T19:12:16+0200,f372a1fc-a0b6-48c3-b979-dc927b00239d,2026-07-29T04:15:00Z,2026-07-29T06:15:00+0200,377.989,MW,NL,NL,actual_offshore_wind_generation,Wind Offshore | Actual Aggregated,2026-08-17T17:16:10Z
2026-08-17T17:12:16Z,2026-08-17T19:12:16+0200,f372a1fc-a0b6-48c3-b979-dc927b00239d,2026-07-29T04:15:00Z,2026-07-29T06:15:00+0200,15.873,MW,NL,NL,actual_offshore_wind_generation,Wind Offshore | Actual Consumption,2026-08-17T17:16:10Z
2026-08-17T17:12:16Z,2026-08-17T19:12:16+0200,f372a1fc-a0b6-48c3-b979-dc927b00239d,2026-07-29T04:30:00Z,2026-07-29T06:30:00+0200,328.887,MW,NL,NL,actual_offshore_wind_generation,Wind Offshore | Actual Aggregated,2026-08-17T17:16:10Z
2026-08-17T17:12:16Z,2026-08-17T19:12:16+0200,f372a1fc-a0b6-48c3-b979-dc927b00239d,2026-07-29T04:30:00Z,2026-07-29T06:30:00+0200,15.362,MW,NL,NL,actual_offshore_wind_generation,Wind Offshore | Actual Consumption,2026-08-17T17:16:10Z
2026-08-17T17:12:16Z,2026-08-17T19:12:16+0200,f372a1fc-a0b6-48c3-b979-dc927b00239d,2026-07-29T04:45:00Z,2026-07-29T06:45:00+0200,318.77,MW,NL,NL,actual_offshore_wind_generation,Wind Offshore | Actual Aggregated,2026-08-17T17:16:10Z
2026-08-17T17:12:16Z,2026-08-17T19:12:16+0200,f372a1fc-a0b6-48c3-b979-dc927b00239d,2026-07-29T04:45:00Z,2026-07-29T06:45:00+0200,14.766,MW,NL,NL,actual_offshore_wind_generation,Wind Offshore | Actual Consumption,2026-08-17T17:16:10Z
2026-08-17T17:12:16Z,2026-08-17T19:12:16+0200,f372a1fc-a0b6-48c3-b979-dc927b00239d,2026-07-29T05:00:00Z,2026-07-29T07:00:00+0200,319.783,MW,NL,NL,actual_offshore_wind_generation,Wind Offshore | Actual Aggregated,2026-08-17T17:16:10Z
2026-08-17T17:12:16Z,2026-08-17T19:12:16+0200,f372a1fc-a0b6-48c3-b979-dc927b00239d,2026-07-29T05:00:00Z,2026-07-29T07:00:00+0200,14.97,MW,NL,NL,actual_offshore_wind_generation,Wind Offshore | Actual Consumption,2026-08-17T17:16:10Z
2026-08-17T17:12:16Z,2026-08-17T19:12:16+0200,f372a1fc-a0b6-48c3-b979-dc927b00239d,2026-07-29T05:15:00Z,2026-07-29T07:15:00+0200,301.93,MW,NL,NL,actual_offshore_wind_generation,Wind Offshore | Actual Aggregated,2026-08-17T17:16:10Z
2026-08-17T17:12:16Z,2026-08-17T19:12:16+0200,f372a1fc-a0b6-48c3-b979-dc927b00239d,2026-07-29T05:15:00Z,2026-07-29T07:15:00+0200,14.207,MW,NL,NL,actual_offshore_wind_generation,Wind Offshore | Actual Consumption,2026-08-17T17:16:10Z
2026-08-17T17:12:16Z,2026-08-17T19:12:16+0200,f372a1fc-a0b6-48c3-b979-dc927b00239d,2026-07-29T05:30:00Z,2026-07-29T07:30:00+0200,285.145,MW,NL,NL,actual_offshore_wind_generation,Wind Offshore | Actual Aggregated,2026-08-17T17:16:10Z
2026-08-17T17:12:16Z,2026-08-17T19:12:16+0200,f372a1fc-a0b6-48c3-b979-dc927b00239d,2026-07-29T05:30:00Z,2026-07-29T07:30:00+0200,14.338,MW,NL,NL,actual_offshore_wind_generation,Wind Offshore | Actual Consumption,2026-08-17T17:16:10Z
2026-08-17T17:12:16Z,2026-08-17T19:12:16+0200,f372a1fc-a0b6-48c3-b979-dc927b00239d,2026-07-29T05:45:00Z,2026-07-29T07:45:00+0200,272.515,MW,NL,NL,actual_offshore_wind_generation,Wind Offshore | Actual Aggregated,2026-08-17T17:16:10Z
2026-08-17T17:12:16Z,2026-08-17T19:12:16+0200,f372a1fc-a0b6-48c3-b979-dc927b00239d,2026-07-29T05:45:00Z,2026-07-29T07:45:00+0200,15.958,MW,NL,NL,actual_offshore_wind_generation,Wind Offshore | Actual Consumption,2026-08-17T17:16:10Z
2026-08-17T17:12:16Z,2026-08-17T19:12:16+0200,f372a1fc-a0b6-48c3-b979-dc927b00239d,2026-07-29T06:00:00Z,2026-07-29T08:00:00+0200,255.972,MW,NL,NL,actual_offshore_wind_generation,Wind Offshore | Actual Aggregated,2026-08-17T17:16:10Z
2026-08-17T17:12:16Z,2026-08-17T19:12:16+0200,f372a1fc-a0b6-48c3-b979-dc927b00239d,2026-07-29T06:00:00Z,2026-07-29T08:00:00+0200,19.447,MW,NL,NL,actual_offshore_wind_generation,Wind Offshore | Actual Consumption,2026-08-17T17:16:10Z
2026-08-17T17:12:16Z,2026-08-17T19:12:16+0200,f372a1fc-a0b6-48c3-b979-dc927b00239d,2026-07-29T06:15:00Z,2026-07-29T08:15:00+0200,252.695,MW,NL,NL,actual_offshore_wind_generation,Wind Offshore | Actual Aggregated,2026-08-17T17:16:10Z
2026-08-17T17:12:16Z,2026-08-17T19:12:16+0200,f372a1fc-a0b6-48c3-b979-dc927b00239d,2026-07-29T06:15:00Z,2026-07-29T08:15:00+0200,24.063,MW,NL,NL,actual_offshore_wind_generation,Wind Offshore | Actual Consumption,2026-08-17T17:16:10Z
2026-08-17T17:12:16Z,2026-08-17T19:12:16+0200,f372a1fc-a0b6-48c3-b979-dc927b00239d,2026-07-29T06:30:00Z,2026-07-29T08:30:00+0200,240.804,MW,NL,NL,actual_offshore_wind_generation,Wind Offshore | Actual Aggregated,2026-08-17T17:16:10Z
2026-08-17T17:12:16Z,2026-08-17T19:12:16+0200,f372a1fc-a0b6-48c3-b979-dc927b00239d,2026-07-29T06:30:00Z,2026-07-29T08:30:00+0200,26.36,MW,NL,NL,actual_offshore_wind_generation,Wind Offshore | Actual Consumption,2026-08-17T17:16:10Z
2026-08-17T17:12:16Z,2026-08-17T19:12:16+0200,f372a1fc-a0b6-48c3-b979-dc927b00239d,2026-07-29T06:45:00Z,2026-07-29T08:45:00+0200,240.121,MW,NL,NL,actual_offshore_wind_generation,Wind Offshore | Actual Aggregated,2026-08-17T17:16:10Z
2026-08-17T17:12:16Z,2026-08-17T19:12:16+0200,f372a1fc-a0b6-48c3-b979-dc927b00239d,2026-07-29T06:45:00Z,2026-07-29T08:45:00+0200,28.737,MW,NL,NL,actual_offshore_wind_generation,Wind Offshore | Actual Consumption,2026-08-17T17:16:10Z
2026-08-17T17:12:16Z,2026-08-17T19:12:16+0200,f372a1fc-a0b6-48c3-b979-dc927b00239d,2026-07-29T07:00:00Z,2026-07-29T09:00:00+0200,253.138,MW,NL,NL,actual_offshore_wind_generation,Wind Offshore | Actual Aggregated,2026-08-17T17:16:10Z
2026-08-17T17:12:16Z,2026-08-17T19:12:16+0200,f372a1fc-a0b6-48c3-b979-dc927b00239d,2026-07-29T07:00:00Z,2026-07-29T09:00:00+0200,21.792,MW,NL,NL,actual_offshore_wind_generation,Wind Offshore | Actual Consumption,2026-08-17T17:16:10Z
2026-08-17T17:12:16Z,2026-08-17T19:12:16+0200,f372a1fc-a0b6-48c3-b979-dc927b00239d,2026-07-29T07:15:00Z,2026-07-29T09:15:00+0200,263.23,MW,NL,NL,actual_offshore_wind_generation,Wind Offshore | Actual Aggregated,2026-08-17T17:16:10Z
2026-08-17T17:12:16Z,2026-08-17T19:12:16+0200,f372a1fc-a0b6-48c3-b979-dc927b00239d,2026-07-29T07:15:00Z,2026-07-29T09:15:00+0200,21.671,MW,NL,NL,actual_offshore_wind_generation,Wind Offshore | Actual Consumption,2026-08-17T17:16:10Z
2026-08-17T17:12:16Z,2026-08-17T19:12:16+0200,f372a1fc-a0b6-48c3-b979-dc927b00239d,2026-07-29T07:30:00Z,2026-07-29T09:30:00+0200,261.427,MW,NL,NL,actual_offshore_wind_generation,Wind Offshore | Actual Aggregated,2026-08-17T17:16:10Z
2026-08-17T17:12:16Z,2026-08-17T19:12:16+0200,f372a1fc-a0b6-48c3-b979-dc927b00239d,2026-07-29T07:30:00Z,2026-07-29T09:30:00+0200,22.186,MW,NL,NL,actual_offshore_wind_generation,Wind Offshore | Actual Consumption,2026-08-17T17:16:10Z
2026-08-17T17:12:16Z,2026-08-17T19:12:16+0200,f372a1fc-a0b6-48c3-b979-dc927b00239d,2026-07-29T07:45:00Z,2026-07-29T09:45:00+0200,243.104,MW,NL,NL,actual_offshore_wind_generation,Wind Offshore | Actual Aggregated,2026-08-17T17:16:10Z
2026-08-17T17:12:16Z,2026-08-17T19:12:16+0200,f372a1fc-a0b6-48c3-b979-dc927b00239d,2026-07-29T07:45:00Z,2026-07-29T09:45:00+0200,24.573,MW,NL,NL,actual_offshore_wind_generation,Wind Offshore | Actual Consumption,2026-08-17T17:16:10Z
2026-08-17T17:12:16Z,2026-08-17T19:12:16+0200,f372a1fc-a0b6-48c3-b979-dc927b00239d,2026-07-29T08:00:00Z,2026-07-29T10:00:00+0200,223.929,MW,NL,NL,actual_offshore_wind_generation,Wind Offshore | Actual Aggregated,2026-08-17T17:16:10Z
2026-08-17T17:12:16Z,2026-08-17T19:12:16+0200,f372a1fc-a0b6-48c3-b979-dc927b00239d,2026-07-29T08:00:00Z,2026-07-29T10:00:00+0200,24.632,MW,NL,NL,actual_offshore_wind_generation,Wind Offshore | Actual Consumption,2026-08-17T17:16:10Z
2026-08-17T17:12:16Z,2026-08-17T19:12:16+0200,f372a1fc-a0b6-48c3-b979-dc927b00239d,2026-07-29T08:15:00Z,2026-07-29T10:15:00+0200,204.458,MW,NL,NL,actual_offshore_wind_generation,Wind Offshore | Actual Aggregated,2026-08-17T17:16:10Z
2026-08-17T17:12:16Z,2026-08-17T19:12:16+0200,f372a1fc-a0b6-48c3-b979-dc927b00239d,2026-07-29T08:15:00Z,2026-07-29T10:15:00+0200,27.085,MW,NL,NL,actual_offshore_wind_generation,Wind Offshore | Actual Consumption,2026-08-17T17:16:10Z
2026-08-17T17:12:16Z,2026-08-17T19:12:16+0200,f372a1fc-a0b6-48c3-b979-dc927b00239d,2026-07-29T08:30:00Z,2026-07-29T10:30:00+0200,187.517,MW,NL,NL,actual_offshore_wind_generation,Wind Offshore | Actual Aggregated,2026-08-17T17:16:10Z
2026-08-17T17:12:16Z,2026-08-17T19:12:16+0200,f372a1fc-a0b6-48c3-b979-dc927b00239d,2026-07-29T08:30:00Z,2026-07-29T10:30:00+0200,28.809,MW,NL,NL,actual_offshore_wind_generation,Wind Offshore | Actual Consumption,2026-08-17T17:16:10Z
2026-08-17T17:12:16Z,2026-08-17T19:12:16+0200,f372a1fc-a0b6-48c3-b979-dc927b00239d,2026-07-29T08:45:00Z,2026-07-29T10:45:00+0200,172.257,MW,NL,NL,actual_offshore_wind_generation,Wind Offshore | Actual Aggregated,2026-08-17T17:16:10Z
2026-08-17T17:12:16Z,2026-08-17T19:12:16+0200,f372a1fc-a0b6-48c3-b979-dc927b00239d,2026-07-29T08:45:00Z,2026-07-29T10:45:00+0200,29.227,MW,NL,NL,actual_offshore_wind_generation,Wind Offshore | Actual Consumption,2026-08-17T17:16:10Z
2026-08-17T17:12:16Z,2026-08-17T19:12:16+0200,f372a1fc-a0b6-48c3-b979-dc927b00239d,2026-07-29T09:00:00Z,2026-07-29T11:00:00+0200,152.552,MW,NL,NL,actual_offshore_wind_generation,Wind Offshore | Actual Aggregated,2026-08-17T17:16:10Z
2026-08-17T17:12:16Z,2026-08-17T19:12:16+0200,f372a1fc-a0b6-48c3-b979-dc927b00239d,2026-07-29T09:00:00Z,2026-07-29T11:00:00+0200,31.255,MW,NL,NL,actual_offshore_wind_generation,Wind Offshore | Actual Consumption,2026-08-17T17:16:10Z
2026-08-17T17:12:16Z,2026-08-17T19:12:16+0200,f372a1fc-a0b6-48c3-b979-dc927b00239d,2026-07-29T09:15:00Z,2026-07-29T11:15:00+0200,133.704,MW,NL,NL,actual_offshore_wind_generation,Wind Offshore | Actual Aggregated,2026-08-17T17:16:10Z
2026-08-17T17:12:16Z,2026-08-17T19:12:16+0200,f372a1fc-a0b6-48c3-b979-dc927b00239d,2026-07-29T09:15:00Z,2026-07-29T11:15:00+0200,30.51,MW,NL,NL,actual_offshore_wind_generation,Wind Offshore | Actual Consumption,2026-08-17T17:16:10Z
2026-08-17T17:12:16Z,2026-08-17T19:12:16+0200,f372a1fc-a0b6-48c3-b979-dc927b00239d,2026-07-29T09:30:00Z,2026-07-29T11:30:00+0200,100.21,MW,NL,NL,actual_offshore_wind_generation,Wind Offshore | Actual Aggregated,2026-08-17T17:16:10Z
2026-08-17T17:12:16Z,2026-08-17T19:12:16+0200,f372a1fc-a0b6-48c3-b979-dc927b00239d,2026-07-29T09:30:00Z,2026-07-29T11:30:00+0200,29.491,MW,NL,NL,actual_offshore_wind_generation,Wind Offshore | Actual Consumption,2026-08-17T17:16:10Z
2026-08-17T17:12:16Z,2026-08-17T19:12:16+0200,f372a1fc-a0b6-48c3-b979-dc927b00239d,2026-07-29T09:45:00Z,2026-07-29T11:45:00+0200,31.386,MW,NL,NL,actual_offshore_wind_generation,Wind Offshore | Actual Aggregated,2026-08-17T17:16:10Z
2026-08-17T17:12:16Z,2026-08-17T19:12:16+0200,f372a1fc-a0b6-48c3-b979-dc927b00239d,2026-07-29T09:45:00Z,2026-07-29T11:45:00+0200,26.959,MW,NL,NL,actual_offshore_wind_generation,Wind Offshore | Actual Consumption,2026-08-17T17:16:10Z
2026-08-17T17:12:16Z,2026-08-17T19:12:16+0200,f372a1fc-a0b6-48c3-b979-dc927b00239d,2026-07-29T10:00:00Z,2026-07-29T12:00:00+0200,80.243,MW,NL,NL,actual_offshore_wind_generation,Wind Offshore | Actual Aggregated,2026-08-17T17:16:10Z
2026-08-17T17:12:16Z,2026-08-17T19:12:16+0200,f372a1fc-a0b6-48c3-b979-dc927b00239d,2026-07-29T10:00:00Z,2026-07-29T12:00:00+0200,26.294,MW,NL,NL,actual_offshore_wind_generation,Wind Offshore | Actual Consumption,2026-08-17T17:16:10Z
2026-08-17T17:12:16Z,2026-08-17T19:12:16+0200,f372a1fc-a0b6-48c3-b979-dc927b00239d,2026-07-29T10:15:00Z,2026-07-29T12:15:00+0200,80.866,MW,NL,NL,actual_offshore_wind_generation,Wind Offshore | Actual Aggregated,2026-08-17T17:16:10Z
2026-08-17T17:12:16Z,2026-08-17T19:12:16+0200,f372a1fc-a0b6-48c3-b979-dc927b00239d,2026-07-29T10:15:00Z,2026-07-29T12:15:00+0200,23.552,MW,NL,NL,actual_offshore_wind_generation,Wind Offshore | Actual Consumption,2026-08-17T17:16:10Z
2026-08-17T17:12:16Z,2026-08-17T19:12:16+0200,f372a1fc-a0b6-48c3-b979-dc927b00239d,2026-07-29T10:30:00Z,2026-07-29T12:30:00+0200,61.838,MW,NL,NL,actual_offshore_wind_generation,Wind Offshore | Actual Aggregated,2026-08-17T17:16:10Z
2026-08-17T17:12:16Z,2026-08-17T19:12:16+0200,f372a1fc-a0b6-48c3-b979-dc927b00239d,2026-07-29T10:30:00Z,2026-07-29T12:30:00+0200,21.571,MW,NL,NL,actual_offshore_wind_generation,Wind Offshore | Actual Consumption,2026-08-17T17:16:10Z
2026-08-17T17:12:16Z,2026-08-17T19:12:16+0200,f372a1fc-a0b6-48c3-b979-dc927b00239d,2026-07-29T10:45:00Z,2026-07-29T12:45:00+0200,43.887,MW,NL,NL,actual_offshore_wind_generation,Wind Offshore | Actual Aggregated,2026-08-17T17:16:10Z
2026-08-17T17:12:16Z,2026-08-17T19:12:16+0200,f372a1fc-a0b6-48c3-b979-dc927b00239d,2026-07-29T10:45:00Z,2026-07-29T12:45:00+0200,19.302,MW,NL,NL,actual_offshore_wind_generation,Wind Offshore | Actual Consumption,2026-08-17T17:16:10Z
2026-08-17T17:12:16Z,2026-08-17T19:12:16+0200,f372a1fc-a0b6-48c3-b979-dc927b00239d,2026-07-29T11:00:00Z,2026-07-29T13:00:00+0200,46.311,MW,NL,NL,actual_offshore_wind_generation,Wind Offshore | Actual Aggregated,2026-08-17T17:16:10Z
2026-08-17T17:12:16Z,2026-08-17T19:12:16+0200,f372a1fc-a0b6-48c3-b979-dc927b00239d,2026-07-29T11:00:00Z,2026-07-29T13:00:00+0200,13.33,MW,NL,NL,actual_offshore_wind_generation,Wind Offshore | Actual Consumption,2026-08-17T17:16:10Z
2026-08-17T17:12:16Z,2026-08-17T19:12:16+0200,f372a1fc-a0b6-48c3-b979-dc927b00239d,2026-07-29T11:15:00Z,2026-07-29T13:15:00+0200,46.345,MW,NL,NL,actual_offshore_wind_generation,Wind Offshore | Actual Aggregated,2026-08-17T17:16:10Z
2026-08-17T17:12:16Z,2026-08-17T19:12:16+0200,f372a1fc-a0b6-48c3-b979-dc927b00239d,2026-07-29T11:15:00Z,2026-07-29T13:15:00+0200,8.979,MW,NL,NL,actual_offshore_wind_generation,Wind Offshore | Actual Consumption,2026-08-17T17:16:10Z
2026-08-17T17:12:16Z,2026-08-17T19:12:16+0200,f372a1fc-a0b6-48c3-b979-dc927b00239d,2026-07-29T11:30:00Z,2026-07-29T13:30:00+0200,56.249,MW,NL,NL,actual_offshore_wind_generation,Wind Offshore | Actual Aggregated,2026-08-17T17:16:10Z
2026-08-17T17:12:16Z,2026-08-17T19:12:16+0200,f372a1fc-a0b6-48c3-b979-dc927b00239d,2026-07-29T11:30:00Z,2026-07-29T13:30:00+0200,8.822,MW,NL,NL,actual_offshore_wind_generation,Wind Offshore | Actual Consumption,2026-08-17T17:16:10Z
2026-08-17T17:12:16Z,2026-08-17T19:12:16+0200,f372a1fc-a0b6-48c3-b979-dc927b00239d,2026-07-29T11:45:00Z,2026-07-29T13:45:00+0200,55.831,MW,NL,NL,actual_offshore_wind_generation,Wind Offshore | Actual Aggregated,2026-08-17T17:16:10Z
2026-08-17T17:12:16Z,2026-08-17T19:12:16+0200,f372a1fc-a0b6-48c3-b979-dc927b00239d,2026-07-29T11:45:00Z,2026-07-29T13:45:00+0200,9.418,MW,NL,NL,actual_offshore_wind_generation,Wind Offshore | Actual Consumption,2026-08-17T17:16:10Z
2026-08-17T17:12:16Z,2026-08-17T19:12:16+0200,f372a1fc-a0b6-48c3-b979-dc927b00239d,2026-07-29T12:00:00Z,2026-07-29T14:00:00+0200,42.129,MW,NL,NL,actual_offshore_wind_generation,Wind Offshore | Actual Aggregated,2026-08-17T17:16:10Z
2026-08-17T17:12:16Z,2026-08-17T19:12:16+0200,f372a1fc-a0b6-48c3-b979-dc927b00239d,2026-07-29T12:00:00Z,2026-07-29T14:00:00+0200,10.455,MW,NL,NL,actual_offshore_wind_generation,Wind Offshore | Actual Consumption,2026-08-17T17:16:10Z
2026-08-17T17:12:16Z,2026-08-17T19:12:16+0200,f372a1fc-a0b6-48c3-b979-dc927b00239d,2026-07-29T12:15:00Z,2026-07-29T14:15:00+0200,53.509,MW,NL,NL,actual_offshore_wind_generation,Wind Offshore | Actual Aggregated,2026-08-17T17:16:10Z
2026-08-17T17:12:16Z,2026-08-17T19:12:16+0200,f372a1fc-a0b6-48c3-b979-dc927b00239d,2026-07-29T12:15:00Z,2026-07-29T14:15:00+0200,11.12,MW,NL,NL,actual_offshore_wind_generation,Wind Offshore | Actual Consumption,2026-08-17T17:16:10Z
2026-08-17T17:12:16Z,2026-08-17T19:12:16+0200,f372a1fc-a0b6-48c3-b979-dc927b00239d,2026-07-29T12:30:00Z,2026-07-29T14:30:00+0200,79.773,MW,NL,NL,actual_offshore_wind_generation,Wind Offshore | Actual Aggregated,2026-08-17T17:16:10Z
2026-08-17T17:12:16Z,2026-08-17T19:12:16+0200,f372a1fc-a0b6-48c3-b979-dc927b00239d,2026-07-29T12:30:00Z,2026-07-29T14:30:00+0200,10.666,MW,NL,NL,actual_offshore_wind_generation,Wind Offshore | Actual Consumption,2026-08-17T17:16:10Z
2026-08-17T17:12:16Z,2026-08-17T19:12:16+0200,f372a1fc-a0b6-48c3-b979-dc927b00239d,2026-07-29T12:45:00Z,2026-07-29T14:45:00+0200,80.812,MW,NL,NL,actual_offshore_wind_generation,Wind Offshore | Actual Aggregated,2026-08-17T17:16:10Z
2026-08-17T17:12:16Z,2026-08-17T19:12:16+0200,f372a1fc-a0b6-48c3-b979-dc927b00239d,2026-07-29T12:45:00Z,2026-07-29T14:45:00+0200,12.22,MW,NL,NL,actual_offshore_wind_generation,Wind Offshore | Actual Consumption,2026-08-17T17:16:10Z
2026-08-17T17:12:16Z,2026-08-17T19:12:16+0200,f372a1fc-a0b6-48c3-b979-dc927b00239d,2026-07-29T13:00:00Z,2026-07-29T15:00:00+0200,70.631,MW,NL,NL,actual_offshore_wind_generation,Wind Offshore | Actual Aggregated,2026-08-17T17:16:10Z
2026-08-17T17:12:16Z,2026-08-17T19:12:16+0200,f372a1fc-a0b6-48c3-b979-dc927b00239d,2026-07-29T13:00:00Z,2026-07-29T15:00:00+0200,14.228,MW,NL,NL,actual_offshore_wind_generation,Wind Offshore | Actual Consumption,2026-08-17T17:16:10Z
2026-08-17T17:12:16Z,2026-08-17T19:12:16+0200,f372a1fc-a0b6-48c3-b979-dc927b00239d,2026-07-29T13:15:00Z,2026-07-29T15:15:00+0200,34.196,MW,NL,NL,actual_offshore_wind_generation,Wind Offshore | Actual Aggregated,2026-08-17T17:16:10Z
2026-08-17T17:12:16Z,2026-08-17T19:12:16+0200,f372a1fc-a0b6-48c3-b979-dc927b00239d,2026-07-29T13:15:00Z,2026-07-29T15:15:00+0200,17.178,MW,NL,NL,actual_offshore_wind_generation,Wind Offshore | Actual Consumption,2026-08-17T17:16:10Z
2026-08-17T17:12:16Z,2026-08-17T19:12:16+0200,f372a1fc-a0b6-48c3-b979-dc927b00239d,2026-07-29T13:30:00Z,2026-07-29T15:30:00+0200,47.382,MW,NL,NL,actual_offshore_wind_generation,Wind Offshore | Actual Aggregated,2026-08-17T17:16:10Z
2026-08-17T17:12:16Z,2026-08-17T19:12:16+0200,f372a1fc-a0b6-48c3-b979-dc927b00239d,2026-07-29T13:30:00Z,2026-07-29T15:30:00+0200,17.997,MW,NL,NL,actual_offshore_wind_generation,Wind Offshore | Actual Consumption,2026-08-17T17:16:10Z
2026-08-17T17:12:16Z,2026-08-17T19:12:16+0200,f372a1fc-a0b6-48c3-b979-dc927b00239d,2026-07-29T13:45:00Z,2026-07-29T15:45:00+0200,63.256,MW,NL,NL,actual_offshore_wind_generation,Wind Offshore | Actual Aggregated,2026-08-17T17:16:10Z
2026-08-17T17:12:16Z,2026-08-17T19:12:16+0200,f372a1fc-a0b6-48c3-b979-dc927b00239d,2026-07-29T13:45:00Z,2026-07-29T15:45:00+0200,18.643,MW,NL,NL,actual_offshore_wind_generation,Wind Offshore | Actual Consumption,2026-08-17T17:16:10Z
2026-08-17T17:12:16Z,2026-08-17T19:12:16+0200,f372a1fc-a0b6-48c3-b979-dc927b00239d,2026-07-29T14:00:00Z,2026-07-29T16:00:00+0200,63.889,MW,NL,NL,actual_offshore_wind_generation,Wind Offshore | Actual Aggregated,2026-08-17T17:16:10Z
2026-08-17T17:12:16Z,2026-08-17T19:12:16+0200,f372a1fc-a0b6-48c3-b979-dc927b00239d,2026-07-29T14:00:00Z,2026-07-29T16:00:00+0200,18.865,MW,NL,NL,actual_offshore_wind_generation,Wind Offshore | Actual Consumption,2026-08-17T17:16:10Z
2026-08-17T17:12:16Z,2026-08-17T19:12:16+0200,f372a1fc-a0b6-48c3-b979-dc927b00239d,2026-07-29T14:15:00Z,2026-07-29T16:15:00+0200,65.212,MW,NL,NL,actual_offshore_wind_generation,Wind Offshore | Actual Aggregated,2026-08-17T17:16:10Z
2026-08-17T17:12:16Z,2026-08-17T19:12:16+0200,f372a1fc-a0b6-48c3-b979-dc927b00239d,2026-07-29T14:15:00Z,2026-07-29T16:15:00+0200,19.499,MW,NL,NL,actual_offshore_wind_generation,Wind Offshore | Actual Consumption,2026-08-17T17:16:10Z
2026-08-17T17:12:16Z,2026-08-17T19:12:16+0200,f372a1fc-a0b6-48c3-b979-dc927b00239d,2026-07-29T14:30:00Z,2026-07-29T16:30:00+0200,65.224,MW,NL,NL,actual_offshore_wind_generation,Wind Offshore | Actual Aggregated,2026-08-17T17:16:10Z
2026-08-17T17:12:16Z,2026-08-17T19:12:16+0200,f372a1fc-a0b6-48c3-b979-dc927b00239d,2026-07-29T14:30:00Z,2026-07-29T16:30:00+0200,20.531,MW,NL,NL,actual_offshore_wind_generation,Wind Offshore | Actual Consumption,2026-08-17T17:16:10Z
2026-08-17T17:12:16Z,2026-08-17T19:12:16+0200,f372a1fc-a0b6-48c3-b979-dc927b00239d,2026-07-29T14:45:00Z,2026-07-29T16:45:00+0200,56.258,MW,NL,NL,actual_offshore_wind_generation,Wind Offshore | Actual Aggregated,2026-08-17T17:16:10Z
2026-08-17T17:12:16Z,2026-08-17T19:12:16+0200,f372a1fc-a0b6-48c3-b979-dc927b00239d,2026-07-29T14:45:00Z,2026-07-29T16:45:00+0200,22.977,MW,NL,NL,actual_offshore_wind_generation,Wind Offshore | Actual Consumption,2026-08-17T17:16:10Z
2026-08-17T17:12:16Z,2026-08-17T19:12:16+0200,f372a1fc-a0b6-48c3-b979-dc927b00239d,2026-07-29T15:00:00Z,2026-07-29T17:00:00+0200,45.142,MW,NL,NL,actual_offshore_wind_generation,Wind Offshore | Actual Aggregated,2026-08-17T17:16:10Z
2026-08-17T17:12:16Z,2026-08-17T19:12:16+0200,f372a1fc-a0b6-48c3-b979-dc927b00239d,2026-07-29T15:00:00Z,2026-07-29T17:00:00+0200,27.089,MW,NL,NL,actual_offshore_wind_generation,Wind Offshore | Actual Consumption,2026-08-17T17:16:10Z
2026-08-17T17:12:16Z,2026-08-17T19:12:16+0200,f372a1fc-a0b6-48c3-b979-dc927b00239d,2026-07-29T15:15:00Z,2026-07-29T17:15:00+0200,31.851,MW,NL,NL,actual_offshore_wind_generation,Wind Offshore | Actual Aggregated,2026-08-17T17:16:10Z
2026-08-17T17:12:16Z,2026-08-17T19:12:16+0200,f372a1fc-a0b6-48c3-b979-dc927b00239d,2026-07-29T15:15:00Z,2026-07-29T17:15:00+0200,30.413,MW,NL,NL,actual_offshore_wind_generation,Wind Offshore | Actual Consumption,2026-08-17T17:16:10Z
2026-08-17T17:12:16Z,2026-08-17T19:12:16+0200,f372a1fc-a0b6-48c3-b979-dc927b00239d,2026-07-29T15:30:00Z,2026-07-29T17:30:00+0200,18.95,MW,NL,NL,actual_offshore_wind_generation,Wind Offshore | Actual Aggregated,2026-08-17T17:16:10Z
2026-08-17T17:12:16Z,2026-08-17T19:12:16+0200,f372a1fc-a0b6-48c3-b979-dc927b00239d,2026-07-29T15:30:00Z,2026-07-29T17:30:00+0200,33.689,MW,NL,NL,actual_offshore_wind_generation,Wind Offshore | Actual Consumption,2026-08-17T17:16:10Z
2026-08-17T17:12:16Z,2026-08-17T19:12:16+0200,f372a1fc-a0b6-48c3-b979-dc927b00239d,2026-07-29T15:45:00Z,2026-07-29T17:45:00+0200,19.024,MW,NL,NL,actual_offshore_wind_generation,Wind Offshore | Actual Aggregated,2026-08-17T17:16:10Z
2026-08-17T17:12:16Z,2026-08-17T19:12:16+0200,f372a1fc-a0b6-48c3-b979-dc927b00239d,2026-07-29T15:45:00Z,2026-07-29T17:45:00+0200,32.453,MW,NL,NL,actual_offshore_wind_generation,Wind Offshore | Actual Consumption,2026-08-17T17:16:10Z
2026-08-17T17:12:16Z,2026-08-17T19:12:16+0200,f372a1fc-a0b6-48c3-b979-dc927b00239d,2026-07-29T16:00:00Z,2026-07-29T18:00:00+0200,19.879,MW,NL,NL,actual_offshore_wind_generation,Wind Offshore | Actual Aggregated,2026-08-17T17:16:10Z
2026-08-17T17:12:16Z,2026-08-17T19:12:16+0200,f372a1fc-a0b6-48c3-b979-dc927b00239d,2026-07-29T16:00:00Z,2026-07-29T18:00:00+0200,34.677,MW,NL,NL,actual_offshore_wind_generation,Wind Offshore | Actual Consumption,2026-08-17T17:16:10Z
2026-08-17T17:12:16Z,2026-08-17T19:12:16+0200,f372a1fc-a0b6-48c3-b979-dc927b00239d,2026-07-29T16:15:00Z,2026-07-29T18:15:00+0200,22.778,MW,NL,NL,actual_offshore_wind_generation,Wind Offshore | Actual Aggregated,2026-08-17T17:16:10Z
2026-08-17T17:12:16Z,2026-08-17T19:12:16+0200,f372a1fc-a0b6-48c3-b979-dc927b00239d,2026-07-29T16:15:00Z,2026-07-29T18:15:00+0200,32.076,MW,NL,NL,actual_offshore_wind_generation,Wind Offshore | Actual Consumption,2026-08-17T17:16:10Z
2026-08-17T17:12:16Z,2026-08-17T19:12:16+0200,f372a1fc-a0b6-48c3-b979-dc927b00239d,2026-07-29T16:30:00Z,2026-07-29T18:30:00+0200,22.996,MW,NL,NL,actual_offshore_wind_generation,Wind Offshore | Actual Aggregated,2026-08-17T17:16:10Z
2026-08-17T17:12:16Z,2026-08-17T19:12:16+0200,f372a1fc-a0b6-48c3-b979-dc927b00239d,2026-07-29T16:30:00Z,2026-07-29T18:30:00+0200,30.891,MW,NL,NL,actual_offshore_wind_generation,Wind Offshore | Actual Consumption,2026-08-17T17:16:10Z
2026-08-17T17:12:16Z,2026-08-17T19:12:16+0200,f372a1fc-a0b6-48c3-b979-dc927b00239d,2026-07-29T16:45:00Z,2026-07-29T18:45:00+0200,23.35,MW,NL,NL,actual_offshore_wind_generation,Wind Offshore | Actual Aggregated,2026-08-17T17:16:10Z
2026-08-17T17:12:16Z,2026-08-17T19:12:16+0200,f372a1fc-a0b6-48c3-b979-dc927b00239d,2026-07-29T16:45:00Z,2026-07-29T18:45:00+0200,31.909,MW,NL,NL,actual_offshore_wind_generation,Wind Offshore | Actual Consumption,2026-08-17T17:16:10Z
2026-08-17T17:12:16Z,2026-08-17T19:12:16+0200,f372a1fc-a0b6-48c3-b979-dc927b00239d,2026-07-29T17:00:00Z,2026-07-29T19:00:00+0200,24.474,MW,NL,NL,actual_offshore_wind_generation,Wind Offshore | Actual Aggregated,2026-08-17T17:16:10Z
2026-08-17T17:12:16Z,2026-08-17T19:12:16+0200,f372a1fc-a0b6-48c3-b979-dc927b00239d,2026-07-29T17:00:00Z,2026-07-29T19:00:00+0200,32.389,MW,NL,NL,actual_offshore_wind_generation,Wind Offshore | Actual Consumption,2026-08-17T17:16:10Z
2026-08-17T17:12:16Z,2026-08-17T19:12:16+0200,f372a1fc-a0b6-48c3-b979-dc927b00239d,2026-07-29T17:15:00Z,2026-07-29T19:15:00+0200,26.217,MW,NL,NL,actual_offshore_wind_generation,Wind Offshore | Actual Aggregated,2026-08-17T17:16:10Z
2026-08-17T17:12:16Z,2026-08-17T19:12:16+0200,f372a1fc-a0b6-48c3-b979-dc927b00239d,2026-07-29T17:15:00Z,2026-07-29T19:15:00+0200,35.328,MW,NL,NL,actual_offshore_wind_generation,Wind Offshore | Actual Consumption,2026-08-17T17:16:10Z
2026-08-17T17:12:16Z,2026-08-17T19:12:16+0200,f372a1fc-a0b6-48c3-b979-dc927b00239d,2026-07-29T17:30:00Z,2026-07-29T19:30:00+0200,36.898,MW,NL,NL,actual_offshore_wind_generation,Wind Offshore | Actual Aggregated,2026-08-17T17:16:10Z
2026-08-17T17:12:16Z,2026-08-17T19:12:16+0200,f372a1fc-a0b6-48c3-b979-dc927b00239d,2026-07-29T17:30:00Z,2026-07-29T19:30:00+0200,34.278,MW,NL,NL,actual_offshore_wind_generation,Wind Offshore | Actual Consumption,2026-08-17T17:16:10Z
2026-08-17T17:12:16Z,2026-08-17T19:12:16+0200,f372a1fc-a0b6-48c3-b979-dc927b00239d,2026-07-29T17:45:00Z,2026-07-29T19:45:00+0200,43.873,MW,NL,NL,actual_offshore_wind_generation,Wind Offshore | Actual Aggregated,2026-08-17T17:16:10Z
2026-08-17T17:12:16Z,2026-08-17T19:12:16+0200,f372a1fc-a0b6-48c3-b979-dc927b00239d,2026-07-29T17:45:00Z,2026-07-29T19:45:00+0200,31.942,MW,NL,NL,actual_offshore_wind_generation,Wind Offshore | Actual Consumption,2026-08-17T17:16:10Z
2026-08-17T17:12:16Z,2026-08-17T19:12:16+0200,f372a1fc-a0b6-48c3-b979-dc927b00239d,2026-07-29T18:00:00Z,2026-07-29T20:00:00+0200,42.684,MW,NL,NL,actual_offshore_wind_generation,Wind Offshore | Actual Aggregated,2026-08-17T17:16:10Z
2026-08-17T17:12:16Z,2026-08-17T19:12:16+0200,f372a1fc-a0b6-48c3-b979-dc927b00239d,2026-07-29T18:00:00Z,2026-07-29T20:00:00+0200,27.622,MW,NL,NL,actual_offshore_wind_generation,Wind Offshore | Actual Consumption,2026-08-17T17:16:10Z
2026-08-17T17:12:16Z,2026-08-17T19:12:16+0200,f372a1fc-a0b6-48c3-b979-dc927b00239d,2026-07-29T18:15:00Z,2026-07-29T20:15:00+0200,39.811,MW,NL,NL,actual_offshore_wind_generation,Wind Offshore | Actual Aggregated,2026-08-17T17:16:10Z
2026-08-17T17:12:16Z,2026-08-17T19:12:16+0200,f372a1fc-a0b6-48c3-b979-dc927b00239d,2026-07-29T18:15:00Z,2026-07-29T20:15:00+0200,24.038,MW,NL,NL,actual_offshore_wind_generation,Wind Offshore | Actual Consumption,2026-08-17T17:16:10Z
2026-08-17T17:12:16Z,2026-08-17T19:12:16+0200,f372a1fc-a0b6-48c3-b979-dc927b00239d,2026-07-29T18:30:00Z,2026-07-29T20:30:00+0200,47.401,MW,NL,NL,actual_offshore_wind_generation,Wind Offshore | Actual Aggregated,2026-08-17T17:16:10Z
2026-08-17T17:12:16Z,2026-08-17T19:12:16+0200,f372a1fc-a0b6-48c3-b979-dc927b00239d,2026-07-29T18:30:00Z,2026-07-29T20:30:00+0200,12.845,MW,NL,NL,actual_offshore_wind_generation,Wind Offshore | Actual Consumption,2026-08-17T17:16:10Z
2026-08-17T17:12:16Z,2026-08-17T19:12:16+0200,f372a1fc-a0b6-48c3-b979-dc927b00239d,2026-07-29T18:45:00Z,2026-07-29T20:45:00+0200,58.611,MW,NL,NL,actual_offshore_wind_generation,Wind Offshore | Actual Aggregated,2026-08-17T17:16:10Z
2026-08-17T17:12:16Z,2026-08-17T19:12:16+0200,f372a1fc-a0b6-48c3-b979-dc927b00239d,2026-07-29T18:45:00Z,2026-07-29T20:45:00+0200,9.942,MW,NL,NL,actual_offshore_wind_generation,Wind Offshore | Actual Consumption,2026-08-17T17:16:10Z
2026-08-17T17:12:16Z,2026-08-17T19:12:16+0200,f372a1fc-a0b6-48c3-b979-dc927b00239d,2026-07-29T19:00:00Z,2026-07-29T21:00:00+0200,64.813,MW,NL,NL,actual_offshore_wind_generation,Wind Offshore | Actual Aggregated,2026-08-17T17:16:10Z
2026-08-17T17:12:16Z,2026-08-17T19:12:16+0200,f372a1fc-a0b6-48c3-b979-dc927b00239d,2026-07-29T19:00:00Z,2026-07-29T21:00:00+0200,12.615,MW,NL,NL,actual_offshore_wind_generation,Wind Offshore | Actual Consumption,2026-08-17T17:16:10Z
2026-08-17T17:12:16Z,2026-08-17T19:12:16+0200,f372a1fc-a0b6-48c3-b979-dc927b00239d,2026-07-29T19:15:00Z,2026-07-29T21:15:00+0200,84.735,MW,NL,NL,actual_offshore_wind_generation,Wind Offshore | Actual Aggregated,2026-08-17T17:16:10Z
2026-08-17T17:12:16Z,2026-08-17T19:12:16+0200,f372a1fc-a0b6-48c3-b979-dc927b00239d,2026-07-29T19:15:00Z,2026-07-29T21:15:00+0200,12.994,MW,NL,NL,actual_offshore_wind_generation,Wind Offshore | Actual Consumption,2026-08-17T17:16:10Z
2026-08-17T17:12:16Z,2026-08-17T19:12:16+0200,f372a1fc-a0b6-48c3-b979-dc927b00239d,2026-07-29T19:30:00Z,2026-07-29T21:30:00+0200,96.426,MW,NL,NL,actual_offshore_wind_generation,Wind Offshore | Actual Aggregated,2026-08-17T17:16:10Z
2026-08-17T17:12:16Z,2026-08-17T19:12:16+0200,f372a1fc-a0b6-48c3-b979-dc927b00239d,2026-07-29T19:30:00Z,2026-07-29T21:30:00+0200,12.894,MW,NL,NL,actual_offshore_wind_generation,Wind Offshore | Actual Consumption,2026-08-17T17:16:10Z
2026-08-17T17:12:16Z,2026-08-17T19:12:16+0200,f372a1fc-a0b6-48c3-b979-dc927b00239d,2026-07-29T19:45:00Z,2026-07-29T21:45:00+0200,130.637,MW,NL,NL,actual_offshore_wind_generation,Wind Offshore | Actual Aggregated,2026-08-17T17:16:10Z
2026-08-17T17:12:16Z,2026-08-17T19:12:16+0200,f372a1fc-a0b6-48c3-b979-dc927b00239d,2026-07-29T19:45:00Z,2026-07-29T21:45:00+0200,7.315,MW,NL,NL,actual_offshore_wind_generation,Wind Offshore | Actual Consumption,2026-08-17T17:16:10Z
2026-08-17T17:12:16Z,2026-08-17T19:12:16+0200,f372a1fc-a0b6-48c3-b979-dc927b00239d,2026-07-29T20:00:00Z,2026-07-29T22:00:00+0200,202.895,MW,NL,NL,actual_offshore_wind_generation,Wind Offshore | Actual Aggregated,2026-08-17T17:16:10Z
2026-08-17T17:12:16Z,2026-08-17T19:12:16+0200,f372a1fc-a0b6-48c3-b979-dc927b00239d,2026-07-29T20:00:00Z,2026-07-29T22:00:00+0200,4.141,MW,NL,NL,actual_offshore_wind_generation,Wind Offshore | Actual Consumption,2026-08-17T17:16:10Z
2026-08-17T17:12:16Z,2026-08-17T19:12:16+0200,f372a1fc-a0b6-48c3-b979-dc927b00239d,2026-07-29T20:15:00Z,2026-07-29T22:15:00+0200,302.464,MW,NL,NL,actual_offshore_wind_generation,Wind Offshore | Actual Aggregated,2026-08-17T17:16:10Z
2026-08-17T17:12:16Z,2026-08-17T19:12:16+0200,f372a1fc-a0b6-48c3-b979-dc927b00239d,2026-07-29T20:15:00Z,2026-07-29T22:15:00+0200,2.35,MW,NL,NL,actual_offshore_wind_generation,Wind Offshore | Actual Consumption,2026-08-17T17:16:10Z
2026-08-17T17:12:16Z,2026-08-17T19:12:16+0200,f372a1fc-a0b6-48c3-b979-dc927b00239d,2026-07-29T20:30:00Z,2026-07-29T22:30:00+0200,389.549,MW,NL,NL,actual_offshore_wind_generation,Wind Offshore | Actual Aggregated,2026-08-17T17:16:10Z
2026-08-17T17:12:16Z,2026-08-17T19:12:16+0200,f372a1fc-a0b6-48c3-b979-dc927b00239d,2026-07-29T20:30:00Z,2026-07-29T22:30:00+0200,2.224,MW,NL,NL,actual_offshore_wind_generation,Wind Offshore | Actual Consumption,2026-08-17T17:16:10Z
2026-08-17T17:12:16Z,2026-08-17T19:12:16+0200,f372a1fc-a0b6-48c3-b979-dc927b00239d,2026-07-29T20:45:00Z,2026-07-29T22:45:00+0200,512.721,MW,NL,NL,actual_offshore_wind_generation,Wind Offshore | Actual Aggregated,2026-08-17T17:16:10Z
2026-08-17T17:12:16Z,2026-08-17T19:12:16+0200,f372a1fc-a0b6-48c3-b979-dc927b00239d,2026-07-29T20:45:00Z,2026-07-29T22:45:00+0200,2.224,MW,NL,NL,actual_offshore_wind_generation,Wind Offshore | Actual Consumption,2026-08-17T17:16:10Z
2026-08-17T17:12:16Z,2026-08-17T19:12:16+0200,f372a1fc-a0b6-48c3-b979-dc927b00239d,2026-07-29T21:00:00Z,2026-07-29T23:00:00+0200,662.877,MW,NL,NL,actual_offshore_wind_generation,Wind Offshore | Actual Aggregated,2026-08-17T17:16:10Z
2026-08-17T17:12:16Z,2026-08-17T19:12:16+0200,f372a1fc-a0b6-48c3-b979-dc927b00239d,2026-07-29T21:00:00Z,2026-07-29T23:00:00+0200,2.938,MW,NL,NL,actual_offshore_wind_generation,Wind Offshore | Actual Consumption,2026-08-17T17:16:10Z
2026-08-17T17:12:16Z,2026-08-17T19:12:16+0200,f372a1fc-a0b6-48c3-b979-dc927b00239d,2026-07-29T21:15:00Z,2026-07-29T23:15:00+0200,832.24,MW,NL,NL,actual_offshore_wind_generation,Wind Offshore | Actual Aggregated,2026-08-17T17:16:10Z
2026-08-17T17:12:16Z,2026-08-17T19:12:16+0200,f372a1fc-a0b6-48c3-b979-dc927b00239d,2026-07-29T21:15:00Z,2026-07-29T23:15:00+0200,5.273,MW,NL,NL,actual_offshore_wind_generation,Wind Offshore | Actual Consumption,2026-08-17T17:16:10Z
2026-08-17T17:12:16Z,2026-08-17T19:12:16+0200,f372a1fc-a0b6-48c3-b979-dc927b00239d,2026-07-29T21:30:00Z,2026-07-29T23:30:00+0200,975.991,MW,NL,NL,actual_offshore_wind_generation,Wind Offshore | Actual Aggregated,2026-08-17T17:16:10Z
2026-08-17T17:12:16Z,2026-08-17T19:12:16+0200,f372a1fc-a0b6-48c3-b979-dc927b00239d,2026-07-29T21:30:00Z,2026-07-29T23:30:00+0200,6.503,MW,NL,NL,actual_offshore_wind_generation,Wind Offshore | Actual Consumption,2026-08-17T17:16:10Z
2026-08-17T17:12:16Z,2026-08-17T19:12:16+0200,f372a1fc-a0b6-48c3-b979-dc927b00239d,2026-07-29T21:45:00Z,2026-07-29T23:45:00+0200,1152.474,MW,NL,NL,actual_offshore_wind_generation,Wind Offshore | Actual Aggregated,2026-08-17T17:16:10Z
2026-08-17T17:12:16Z,2026-08-17T19:12:16+0200,f372a1fc-a0b6-48c3-b979-dc927b00239d,2026-07-29T21:45:00Z,2026-07-29T23:45:00+0200,7.611,MW,NL,NL,actual_offshore_wind_generation,Wind Offshore | Actual Consumption,2026-08-17T17:16:10Z
2026-08-17T17:12:16Z,2026-08-17T19:12:16+0200,f372a1fc-a0b6-48c3-b979-dc927b00239d,2026-07-29T22:00:00Z,2026-07-30T00:00:00+0200,1260.91,MW,NL,NL,actual_offshore_wind_generation,Wind Offshore | Actual Aggregated,2026-08-17T17:16:10Z
2026-08-17T17:12:16Z,2026-08-17T19:12:16+0200,f372a1fc-a0b6-48c3-b979-dc927b00239d,2026-07-29T22:00:00Z,2026-07-30T00:00:00+0200,9.365,MW,NL,NL,actual_offshore_wind_generation,Wind Offshore | Actual Consumption,2026-08-17T17:16:10Z
2026-08-17T17:12:16Z,2026-08-17T19:12:16+0200,f372a1fc-a0b6-48c3-b979-dc927b00239d,2026-07-29T22:15:00Z,2026-07-30T00:15:00+0200,1265.971,MW,NL,NL,actual_offshore_wind_generation,Wind Offshore | Actual Aggregated,2026-08-17T17:16:10Z
2026-08-17T17:12:16Z,2026-08-17T19:12:16+0200,f372a1fc-a0b6-48c3-b979-dc927b00239d,2026-07-29T22:15:00Z,2026-07-30T00:15:00+0200,11.223,MW,NL,NL,actual_offshore_wind_generation,Wind Offshore | Actual Consumption,2026-08-17T17:16:10Z
2026-08-17T17:12:16Z,2026-08-17T19:12:16+0200,f372a1fc-a0b6-48c3-b979-dc927b00239d,2026-07-29T22:30:00Z,2026-07-30T00:30:00+0200,1250.322,MW,NL,NL,actual_offshore_wind_generation,Wind Offshore | Actual Aggregated,2026-08-17T17:16:10Z
2026-08-17T17:12:16Z,2026-08-17T19:12:16+0200,f372a1fc-a0b6-48c3-b979-dc927b00239d,2026-07-29T22:30:00Z,2026-07-30T00:30:00+0200,10.561,MW,NL,NL,actual_offshore_wind_generation,Wind Offshore | Actual Consumption,2026-08-17T17:16:10Z
2026-08-17T17:12:16Z,2026-08-17T19:12:16+0200,f372a1fc-a0b6-48c3-b979-dc927b00239d,2026-07-29T22:45:00Z,2026-07-30T00:45:00+0200,1212.47,MW,NL,NL,actual_offshore_wind_generation,Wind Offshore | Actual Aggregated,2026-08-17T17:16:10Z
2026-08-17T17:12:16Z,2026-08-17T19:12:16+0200,f372a1fc-a0b6-48c3-b979-dc927b00239d,2026-07-29T22:45:00Z,2026-07-30T00:45:00+0200,7.799,MW,NL,NL,actual_offshore_wind_generation,Wind Offshore | Actual Consumption,2026-08-17T17:16:10Z
2026-08-17T17:12:16Z,2026-08-17T19:12:16+0200,f372a1fc-a0b6-48c3-b979-dc927b00239d,2026-07-29T23:00:00Z,2026-07-30T01:00:00+0200,1291.723,MW,NL,NL,actual_offshore_wind_generation,Wind Offshore | Actual Aggregated,2026-08-17T17:16:10Z
2026-08-17T17:12:16Z,2026-08-17T19:12:16+0200,f372a1fc-a0b6-48c3-b979-dc927b00239d,2026-07-29T23:00:00Z,2026-07-30T01:00:00+0200,8.71,MW,NL,NL,actual_offshore_wind_generation,Wind Offshore | Actual Consumption,2026-08-17T17:16:10Z
2026-08-17T17:12:16Z,2026-08-17T19:12:16+0200,f372a1fc-a0b6-48c3-b979-dc927b00239d,2026-07-29T23:15:00Z,2026-07-30T01:15:00+0200,1419.993,MW,NL,NL,actual_offshore_wind_generation,Wind Offshore | Actual Aggregated,2026-08-17T17:16:10Z
2026-08-17T17:12:16Z,2026-08-17T19:12:16+0200,f372a1fc-a0b6-48c3-b979-dc927b00239d,2026-07-29T23:15:00Z,2026-07-30T01:15:00+0200,10.017,MW,NL,NL,actual_offshore_wind_generation,Wind Offshore | Actual Consumption,2026-08-17T17:16:10Z
2026-08-17T17:12:16Z,2026-08-17T19:12:16+0200,f372a1fc-a0b6-48c3-b979-dc927b00239d,2026-07-29T23:30:00Z,2026-07-30T01:30:00+0200,1487.579,MW,NL,NL,actual_offshore_wind_generation,Wind Offshore | Actual Aggregated,2026-08-17T17:16:10Z
2026-08-17T17:12:16Z,2026-08-17T19:12:16+0200,f372a1fc-a0b6-48c3-b979-dc927b00239d,2026-07-29T23:30:00Z,2026-07-30T01:30:00+0200,9.18,MW,NL,NL,actual_offshore_wind_generation,Wind Offshore | Actual Consumption,2026-08-17T17:16:10Z
2026-08-17T17:12:16Z,2026-08-17T19:12:16+0200,f372a1fc-a0b6-48c3-b979-dc927b00239d,2026-07-29T23:45:00Z,2026-07-30T01:45:00+0200,1704.251,MW,NL,NL,actual_offshore_wind_generation,Wind Offshore | Actual Aggregated,2026-08-17T17:16:10Z
2026-08-17T17:12:16Z,2026-08-17T19:12:16+0200,f372a1fc-a0b6-48c3-b979-dc927b00239d,2026-07-29T23:45:00Z,2026-07-30T01:45:00+0200,6.797,MW,NL,NL,actual_offshore_wind_generation,Wind Offshore | Actual Consumption,2026-08-17T17:16:10Z
2026-08-17T17:12:16Z,2026-08-17T19:12:16+0200,f372a1fc-a0b6-48c3-b979-dc927b00239d,2026-07-30T00:00:00Z,2026-07-30T02:00:00+0200,1884.988,MW,NL,NL,actual_offshore_wind_generation,Wind Offshore | Actual Aggregated,2026-08-17T17:16:10Z
2026-08-17T17:12:16Z,2026-08-17T19:12:16+0200,f372a1fc-a0b6-48c3-b979-dc927b00239d,2026-07-30T00:00:00Z,2026-07-30T02:00:00+0200,5.26,MW,NL,NL,actual_offshore_wind_generation,Wind Offshore | Actual Consumption,2026-08-17T17:16:10Z
2026-08-17T17:12:16Z,2026-08-17T19:12:16+0200,f372a1fc-a0b6-48c3-b979-dc927b00239d,2026-07-30T00:15:00Z,2026-07-30T02:15:00+0200,1935.394,MW,NL,NL,actual_offshore_wind_generation,Wind Offshore | Actual Aggregated,2026-08-17T17:16:10Z
2026-08-17T17:12:16Z,2026-08-17T19:12:16+0200,f372a1fc-a0b6-48c3-b979-dc927b00239d,2026-07-30T00:15:00Z,2026-07-30T02:15:00+0200,7.218,MW,NL,NL,actual_offshore_wind_generation,Wind Offshore | Actual Consumption,2026-08-17T17:16:10Z
2026-08-17T17:12:16Z,2026-08-17T19:12:16+0200,f372a1fc-a0b6-48c3-b979-dc927b00239d,2026-07-30T00:30:00Z,2026-07-30T02:30:00+0200,1913.496,MW,NL,NL,actual_offshore_wind_generation,Wind Offshore | Actual Aggregated,2026-08-17T17:16:10Z
2026-08-17T17:12:16Z,2026-08-17T19:12:16+0200,f372a1fc-a0b6-48c3-b979-dc927b00239d,2026-07-30T00:30:00Z,2026-07-30T02:30:00+0200,8.274,MW,NL,NL,actual_offshore_wind_generation,Wind Offshore | Actual Consumption,2026-08-17T17:16:10Z
2026-08-17T17:12:16Z,2026-08-17T19:12:16+0200,f372a1fc-a0b6-48c3-b979-dc927b00239d,2026-07-30T00:45:00Z,2026-07-30T02:45:00+0200,1912.343,MW,NL,NL,actual_offshore_wind_generation,Wind Offshore | Actual Aggregated,2026-08-17T17:16:10Z
2026-08-17T17:12:16Z,2026-08-17T19:12:16+0200,f372a1fc-a0b6-48c3-b979-dc927b00239d,2026-07-30T00:45:00Z,2026-07-30T02:45:00+0200,7.252,MW,NL,NL,actual_offshore_wind_generation,Wind Offshore | Actual Consumption,2026-08-17T17:16:10Z
2026-08-17T17:12:16Z,2026-08-17T19:12:16+0200,f372a1fc-a0b6-48c3-b979-dc927b00239d,2026-07-30T01:00:00Z,2026-07-30T03:00:00+0200,1705.996,MW,NL,NL,actual_offshore_wind_generation,Wind Offshore | Actual Aggregated,2026-08-17T17:16:10Z
2026-08-17T17:12:16Z,2026-08-17T19:12:16+0200,f372a1fc-a0b6-48c3-b979-dc927b00239d,2026-07-30T01:00:00Z,2026-07-30T03:00:00+0200,4.317,MW,NL,NL,actual_offshore_wind_generation,Wind Offshore | Actual Consumption,2026-08-17T17:16:10Z
2026-08-17T17:12:16Z,2026-08-17T19:12:16+0200,f372a1fc-a0b6-48c3-b979-dc927b00239d,2026-07-30T01:15:00Z,2026-07-30T03:15:00+0200,1517.034,MW,NL,NL,actual_offshore_wind_generation,Wind Offshore | Actual Aggregated,2026-08-17T17:16:10Z
2026-08-17T17:12:16Z,2026-08-17T19:12:16+0200,f372a1fc-a0b6-48c3-b979-dc927b00239d,2026-07-30T01:15:00Z,2026-07-30T03:15:00+0200,4.583,MW,NL,NL,actual_offshore_wind_generation,Wind Offshore | Actual Consumption,2026-08-17T17:16:10Z
2026-08-17T17:12:16Z,2026-08-17T19:12:16+0200,f372a1fc-a0b6-48c3-b979-dc927b00239d,2026-07-30T01:30:00Z,2026-07-30T03:30:00+0200,1465.964,MW,NL,NL,actual_offshore_wind_generation,Wind Offshore | Actual Aggregated,2026-08-17T17:16:10Z
2026-08-17T17:12:16Z,2026-08-17T19:12:16+0200,f372a1fc-a0b6-48c3-b979-dc927b00239d,2026-07-30T01:30:00Z,2026-07-30T03:30:00+0200,5.012,MW,NL,NL,actual_offshore_wind_generation,Wind Offshore | Actual Consumption,2026-08-17T17:16:10Z
2026-08-17T17:12:16Z,2026-08-17T19:12:16+0200,f372a1fc-a0b6-48c3-b979-dc927b00239d,2026-07-30T01:45:00Z,2026-07-30T03:45:00+0200,1525.849,MW,NL,NL,actual_offshore_wind_generation,Wind Offshore | Actual Aggregated,2026-08-17T17:16:10Z
2026-08-17T17:12:16Z,2026-08-17T19:12:16+0200,f372a1fc-a0b6-48c3-b979-dc927b00239d,2026-07-30T01:45:00Z,2026-07-30T03:45:00+0200,5.378,MW,NL,NL,actual_offshore_wind_generation,Wind Offshore | Actual Consumption,2026-08-17T17:16:10Z
2026-08-17T17:12:16Z,2026-08-17T19:12:16+0200,f372a1fc-a0b6-48c3-b979-dc927b00239d,2026-07-30T02:00:00Z,2026-07-30T04:00:00+0200,1552.36,MW,NL,NL,actual_offshore_wind_generation,Wind Offshore | Actual Aggregated,2026-08-17T17:16:10Z
2026-08-17T17:12:16Z,2026-08-17T19:12:16+0200,f372a1fc-a0b6-48c3-b979-dc927b00239d,2026-07-30T02:00:00Z,2026-07-30T04:00:00+0200,5.8,MW,NL,NL,actual_offshore_wind_generation,Wind Offshore | Actual Consumption,2026-08-17T17:16:10Z
2026-08-17T17:12:16Z,2026-08-17T19:12:16+0200,f372a1fc-a0b6-48c3-b979-dc927b00239d,2026-07-30T02:15:00Z,2026-07-30T04:15:00+0200,1570.043,MW,NL,NL,actual_offshore_wind_generation,Wind Offshore | Actual Aggregated,2026-08-17T17:16:10Z
2026-08-17T17:12:16Z,2026-08-17T19:12:16+0200,f372a1fc-a0b6-48c3-b979-dc927b00239d,2026-07-30T02:15:00Z,2026-07-30T04:15:00+0200,5.379,MW,NL,NL,actual_offshore_wind_generation,Wind Offshore | Actual Consumption,2026-08-17T17:16:10Z
2026-08-17T17:12:16Z,2026-08-17T19:12:16+0200,f372a1fc-a0b6-48c3-b979-dc927b00239d,2026-07-30T02:30:00Z,2026-07-30T04:30:00+0200,1608.578,MW,NL,NL,actual_offshore_wind_generation,Wind Offshore | Actual Aggregated,2026-08-17T17:16:10Z
2026-08-17T17:12:16Z,2026-08-17T19:12:16+0200,f372a1fc-a0b6-48c3-b979-dc927b00239d,2026-07-30T02:30:00Z,2026-07-30T04:30:00+0200,5.005,MW,NL,NL,actual_offshore_wind_generation,Wind Offshore | Actual Consumption,2026-08-17T17:16:10Z
2026-08-17T17:12:16Z,2026-08-17T19:12:16+0200,f372a1fc-a0b6-48c3-b979-dc927b00239d,2026-07-30T02:45:00Z,2026-07-30T04:45:00+0200,1643.177,MW,NL,NL,actual_offshore_wind_generation,Wind Offshore | Actual Aggregated,2026-08-17T17:16:10Z
2026-08-17T17:12:16Z,2026-08-17T19:12:16+0200,f372a1fc-a0b6-48c3-b979-dc927b00239d,2026-07-30T02:45:00Z,2026-07-30T04:45:00+0200,4.854,MW,NL,NL,actual_offshore_wind_generation,Wind Offshore | Actual Consumption,2026-08-17T17:16:10Z
2026-08-17T17:12:16Z,2026-08-17T19:12:16+0200,f372a1fc-a0b6-48c3-b979-dc927b00239d,2026-07-30T03:00:00Z,2026-07-30T05:00:00+0200,1753.573,MW,NL,NL,actual_offshore_wind_generation,Wind Offshore | Actual Aggregated,2026-08-17T17:16:10Z
2026-08-17T17:12:16Z,2026-08-17T19:12:16+0200,f372a1fc-a0b6-48c3-b979-dc927b00239d,2026-07-30T03:00:00Z,2026-07-30T05:00:00+0200,4.309,MW,NL,NL,actual_offshore_wind_generation,Wind Offshore | Actual Consumption,2026-08-17T17:16:10Z
2026-08-17T17:12:16Z,2026-08-17T19:12:16+0200,f372a1fc-a0b6-48c3-b979-dc927b00239d,2026-07-30T03:15:00Z,2026-07-30T05:15:00+0200,1880.981,MW,NL,NL,actual_offshore_wind_generation,Wind Offshore | Actual Aggregated,2026-08-17T17:16:10Z
2026-08-17T17:12:16Z,2026-08-17T19:12:16+0200,f372a1fc-a0b6-48c3-b979-dc927b00239d,2026-07-30T03:15:00Z,2026-07-30T05:15:00+0200,4.142,MW,NL,NL,actual_offshore_wind_generation,Wind Offshore | Actual Consumption,2026-08-17T17:16:10Z
2026-08-17T17:12:16Z,2026-08-17T19:12:16+0200,f372a1fc-a0b6-48c3-b979-dc927b00239d,2026-07-30T03:30:00Z,2026-07-30T05:30:00+0200,1979.268,MW,NL,NL,actual_offshore_wind_generation,Wind Offshore | Actual Aggregated,2026-08-17T17:16:10Z
2026-08-17T17:12:16Z,2026-08-17T19:12:16+0200,f372a1fc-a0b6-48c3-b979-dc927b00239d,2026-07-30T03:30:00Z,2026-07-30T05:30:00+0200,3.272,MW,NL,NL,actual_offshore_wind_generation,Wind Offshore | Actual Consumption,2026-08-17T17:16:10Z
2026-08-17T17:12:16Z,2026-08-17T19:12:16+0200,f372a1fc-a0b6-48c3-b979-dc927b00239d,2026-07-30T03:45:00Z,2026-07-30T05:45:00+0200,2048.962,MW,NL,NL,actual_offshore_wind_generation,Wind Offshore | Actual Aggregated,2026-08-17T17:16:10Z
2026-08-17T17:12:16Z,2026-08-17T19:12:16+0200,f372a1fc-a0b6-48c3-b979-dc927b00239d,2026-07-30T03:45:00Z,2026-07-30T05:45:00+0200,2.92,MW,NL,NL,actual_offshore_wind_generation,Wind Offshore | Actual Consumption,2026-08-17T17:16:10Z
2026-08-17T17:12:16Z,2026-08-17T19:12:16+0200,f372a1fc-a0b6-48c3-b979-dc927b00239d,2026-07-30T04:00:00Z,2026-07-30T06:00:00+0200,2020.128,MW,NL,NL,actual_offshore_wind_generation,Wind Offshore | Actual Aggregated,2026-08-17T17:16:10Z
2026-08-17T17:12:16Z,2026-08-17T19:12:16+0200,f372a1fc-a0b6-48c3-b979-dc927b00239d,2026-07-30T04:00:00Z,2026-07-30T06:00:00+0200,2.887,MW,NL,NL,actual_offshore_wind_generation,Wind Offshore | Actual Consumption,2026-08-17T17:16:10Z
2026-08-17T17:12:16Z,2026-08-17T19:12:16+0200,f372a1fc-a0b6-48c3-b979-dc927b00239d,2026-07-30T04:15:00Z,2026-07-30T06:15:00+0200,1821.68,MW,NL,NL,actual_offshore_wind_generation,Wind Offshore | Actual Aggregated,2026-08-17T17:16:10Z
2026-08-17T17:12:16Z,2026-08-17T19:12:16+0200,f372a1fc-a0b6-48c3-b979-dc927b00239d,2026-07-30T04:15:00Z,2026-07-30T06:15:00+0200,2.767,MW,NL,NL,actual_offshore_wind_generation,Wind Offshore | Actual Consumption,2026-08-17T17:16:10Z
2026-08-17T17:12:16Z,2026-08-17T19:12:16+0200,f372a1fc-a0b6-48c3-b979-dc927b00239d,2026-07-30T04:30:00Z,2026-07-30T06:30:00+0200,1635.684,MW,NL,NL,actual_offshore_wind_generation,Wind Offshore | Actual Aggregated,2026-08-17T17:16:10Z
2026-08-17T17:12:16Z,2026-08-17T19:12:16+0200,f372a1fc-a0b6-48c3-b979-dc927b00239d,2026-07-30T04:30:00Z,2026-07-30T06:30:00+0200,3.155,MW,NL,NL,actual_offshore_wind_generation,Wind Offshore | Actual Consumption,2026-08-17T17:16:10Z
2026-08-17T17:12:16Z,2026-08-17T19:12:16+0200,f372a1fc-a0b6-48c3-b979-dc927b00239d,2026-07-30T04:45:00Z,2026-07-30T06:45:00+0200,1353.882,MW,NL,NL,actual_offshore_wind_generation,Wind Offshore | Actual Aggregated,2026-08-17T17:16:10Z
2026-08-17T17:12:16Z,2026-08-17T19:12:16+0200,f372a1fc-a0b6-48c3-b979-dc927b00239d,2026-07-30T04:45:00Z,2026-07-30T06:45:00+0200,3.101,MW,NL,NL,actual_offshore_wind_generation,Wind Offshore | Actual Consumption,2026-08-17T17:16:10Z
2026-08-17T17:12:16Z,2026-08-17T19:12:16+0200,f372a1fc-a0b6-48c3-b979-dc927b00239d,2026-07-30T05:00:00Z,2026-07-30T07:00:00+0200,1020.509,MW,NL,NL,actual_offshore_wind_generation,Wind Offshore | Actual Aggregated,2026-08-17T17:16:10Z
2026-08-17T17:12:16Z,2026-08-17T19:12:16+0200,f372a1fc-a0b6-48c3-b979-dc927b00239d,2026-07-30T05:00:00Z,2026-07-30T07:00:00+0200,2.285,MW,NL,NL,actual_offshore_wind_generation,Wind Offshore | Actual Consumption,2026-08-17T17:16:10Z
2026-08-17T17:12:16Z,2026-08-17T19:12:16+0200,f372a1fc-a0b6-48c3-b979-dc927b00239d,2026-07-30T05:15:00Z,2026-07-30T07:15:00+0200,783.753,MW,NL,NL,actual_offshore_wind_generation,Wind Offshore | Actual Aggregated,2026-08-17T17:16:10Z
2026-08-17T17:12:16Z,2026-08-17T19:12:16+0200,f372a1fc-a0b6-48c3-b979-dc927b00239d,2026-07-30T05:15:00Z,2026-07-30T07:15:00+0200,3.155,MW,NL,NL,actual_offshore_wind_generation,Wind Offshore | Actual Consumption,2026-08-17T17:16:10Z
2026-08-17T17:12:16Z,2026-08-17T19:12:16+0200,f372a1fc-a0b6-48c3-b979-dc927b00239d,2026-07-30T05:30:00Z,2026-07-30T07:30:00+0200,697.075,MW,NL,NL,actual_offshore_wind_generation,Wind Offshore | Actual Aggregated,2026-08-17T17:16:10Z
2026-08-17T17:12:16Z,2026-08-17T19:12:16+0200,f372a1fc-a0b6-48c3-b979-dc927b00239d,2026-07-30T05:30:00Z,2026-07-30T07:30:00+0200,3.014,MW,NL,NL,actual_offshore_wind_generation,Wind Offshore | Actual Consumption,2026-08-17T17:16:10Z
2026-08-17T17:12:16Z,2026-08-17T19:12:16+0200,f372a1fc-a0b6-48c3-b979-dc927b00239d,2026-07-30T05:45:00Z,2026-07-30T07:45:00+0200,693.065,MW,NL,NL,actual_offshore_wind_generation,Wind Offshore | Actual Aggregated,2026-08-17T17:16:10Z
2026-08-17T17:12:16Z,2026-08-17T19:12:16+0200,f372a1fc-a0b6-48c3-b979-dc927b00239d,2026-07-30T05:45:00Z,2026-07-30T07:45:00+0200,4.048,MW,NL,NL,actual_offshore_wind_generation,Wind Offshore | Actual Consumption,2026-08-17T17:16:10Z
2026-08-17T17:12:16Z,2026-08-17T19:12:16+0200,f372a1fc-a0b6-48c3-b979-dc927b00239d,2026-07-30T06:00:00Z,2026-07-30T08:00:00+0200,624.965,MW,NL,NL,actual_offshore_wind_generation,Wind Offshore | Actual Aggregated,2026-08-17T17:16:10Z
2026-08-17T17:12:16Z,2026-08-17T19:12:16+0200,f372a1fc-a0b6-48c3-b979-dc927b00239d,2026-07-30T06:00:00Z,2026-07-30T08:00:00+0200,2.466,MW,NL,NL,actual_offshore_wind_generation,Wind Offshore | Actual Consumption,2026-08-17T17:16:10Z
2026-08-17T17:12:16Z,2026-08-17T19:12:16+0200,f372a1fc-a0b6-48c3-b979-dc927b00239d,2026-07-30T06:15:00Z,2026-07-30T08:15:00+0200,579.177,MW,NL,NL,actual_offshore_wind_generation,Wind Offshore | Actual Aggregated,2026-08-17T17:16:10Z
2026-08-17T17:12:16Z,2026-08-17T19:12:16+0200,f372a1fc-a0b6-48c3-b979-dc927b00239d,2026-07-30T06:15:00Z,2026-07-30T08:15:00+0200,1.185,MW,NL,NL,actual_offshore_wind_generation,Wind Offshore | Actual Consumption,2026-08-17T17:16:10Z
2026-08-17T17:12:16Z,2026-08-17T19:12:16+0200,f372a1fc-a0b6-48c3-b979-dc927b00239d,2026-07-30T06:30:00Z,2026-07-30T08:30:00+0200,512.328,MW,NL,NL,actual_offshore_wind_generation,Wind Offshore | Actual Aggregated,2026-08-17T17:16:10Z
2026-08-17T17:12:16Z,2026-08-17T19:12:16+0200,f372a1fc-a0b6-48c3-b979-dc927b00239d,2026-07-30T06:30:00Z,2026-07-30T08:30:00+0200,0.788,MW,NL,NL,actual_offshore_wind_generation,Wind Offshore | Actual Consumption,2026-08-17T17:16:10Z
2026-08-17T17:12:16Z,2026-08-17T19:12:16+0200,f372a1fc-a0b6-48c3-b979-dc927b00239d,2026-07-30T06:45:00Z,2026-07-30T08:45:00+0200,409.709,MW,NL,NL,actual_offshore_wind_generation,Wind Offshore | Actual Aggregated,2026-08-17T17:16:10Z
2026-08-17T17:12:16Z,2026-08-17T19:12:16+0200,f372a1fc-a0b6-48c3-b979-dc927b00239d,2026-07-30T06:45:00Z,2026-07-30T08:45:00+0200,0.911,MW,NL,NL,actual_offshore_wind_generation,Wind Offshore | Actual Consumption,2026-08-17T17:16:10Z
2026-08-17T17:12:16Z,2026-08-17T19:12:16+0200,f372a1fc-a0b6-48c3-b979-dc927b00239d,2026-07-30T07:00:00Z,2026-07-30T09:00:00+0200,417.121,MW,NL,NL,actual_offshore_wind_generation,Wind Offshore | Actual Aggregated,2026-08-17T17:16:10Z
2026-08-17T17:12:16Z,2026-08-17T19:12:16+0200,f372a1fc-a0b6-48c3-b979-dc927b00239d,2026-07-30T07:00:00Z,2026-07-30T09:00:00+0200,0.958,MW,NL,NL,actual_offshore_wind_generation,Wind Offshore | Actual Consumption,2026-08-17T17:16:10Z
2026-08-17T17:12:16Z,2026-08-17T19:12:16+0200,f372a1fc-a0b6-48c3-b979-dc927b00239d,2026-07-30T07:15:00Z,2026-07-30T09:15:00+0200,424.667,MW,NL,NL,actual_offshore_wind_generation,Wind Offshore | Actual Aggregated,2026-08-17T17:16:10Z
2026-08-17T17:12:16Z,2026-08-17T19:12:16+0200,f372a1fc-a0b6-48c3-b979-dc927b00239d,2026-07-30T07:15:00Z,2026-07-30T09:15:00+0200,0.0,MW,NL,NL,actual_offshore_wind_generation,Wind Offshore | Actual Consumption,2026-08-17T17:16:10Z
2026-08-17T17:12:16Z,2026-08-17T19:12:16+0200,f372a1fc-a0b6-48c3-b979-dc927b00239d,2026-07-30T07:30:00Z,2026-07-30T09:30:00+0200,425.661,MW,NL,NL,actual_offshore_wind_generation,Wind Offshore | Actual Aggregated,2026-08-17T17:16:10Z
2026-08-17T17:12:16Z,2026-08-17T19:12:16+0200,f372a1fc-a0b6-48c3-b979-dc927b00239d,2026-07-30T07:30:00Z,2026-07-30T09:30:00+0200,0.0,MW,NL,NL,actual_offshore_wind_generation,Wind Offshore | Actual Consumption,2026-08-17T17:16:10Z
2026-08-17T17:12:16Z,2026-08-17T19:12:16+0200,f372a1fc-a0b6-48c3-b979-dc927b00239d,2026-07-30T07:45:00Z,2026-07-30T09:45:00+0200,439.471,MW,NL,NL,actual_offshore_wind_generation,Wind Offshore | Actual Aggregated,2026-08-17T17:16:10Z
2026-08-17T17:12:16Z,2026-08-17T19:12:16+0200,f372a1fc-a0b6-48c3-b979-dc927b00239d,2026-07-30T07:45:00Z,2026-07-30T09:45:00+0200,1.403,MW,NL,NL,actual_offshore_wind_generation,Wind Offshore | Actual Consumption,2026-08-17T17:16:10Z
2026-08-17T17:12:16Z,2026-08-17T19:12:16+0200,f372a1fc-a0b6-48c3-b979-dc927b00239d,2026-07-30T08:00:00Z,2026-07-30T10:00:00+0200,455.31,MW,NL,NL,actual_offshore_wind_generation,Wind Offshore | Actual Aggregated,2026-08-17T17:16:10Z
2026-08-17T17:12:16Z,2026-08-17T19:12:16+0200,f372a1fc-a0b6-48c3-b979-dc927b00239d,2026-07-30T08:00:00Z,2026-07-30T10:00:00+0200,1.044,MW,NL,NL,actual_offshore_wind_generation,Wind Offshore | Actual Consumption,2026-08-17T17:16:10Z
2026-08-17T17:12:16Z,2026-08-17T19:12:16+0200,f372a1fc-a0b6-48c3-b979-dc927b00239d,2026-07-30T08:15:00Z,2026-07-30T10:15:00+0200,414.636,MW,NL,NL,actual_offshore_wind_generation,Wind Offshore | Actual Aggregated,2026-08-17T17:16:10Z
2026-08-17T17:12:16Z,2026-08-17T19:12:16+0200,f372a1fc-a0b6-48c3-b979-dc927b00239d,2026-07-30T08:15:00Z,2026-07-30T10:15:00+0200,1.094,MW,NL,NL,actual_offshore_wind_generation,Wind Offshore | Actual Consumption,2026-08-17T17:16:10Z
2026-08-17T17:12:16Z,2026-08-17T19:12:16+0200,f372a1fc-a0b6-48c3-b979-dc927b00239d,2026-07-30T08:30:00Z,2026-07-30T10:30:00+0200,405.003,MW,NL,NL,actual_offshore_wind_generation,Wind Offshore | Actual Aggregated,2026-08-17T17:16:10Z
2026-08-17T17:12:16Z,2026-08-17T19:12:16+0200,f372a1fc-a0b6-48c3-b979-dc927b00239d,2026-07-30T08:30:00Z,2026-07-30T10:30:00+0200,1.26,MW,NL,NL,actual_offshore_wind_generation,Wind Offshore | Actual Consumption,2026-08-17T17:16:10Z
2026-08-17T17:12:16Z,2026-08-17T19:12:16+0200,f372a1fc-a0b6-48c3-b979-dc927b00239d,2026-07-30T08:45:00Z,2026-07-30T10:45:00+0200,357.244,MW,NL,NL,actual_offshore_wind_generation,Wind Offshore | Actual Aggregated,2026-08-17T17:16:10Z
2026-08-17T17:12:16Z,2026-08-17T19:12:16+0200,f372a1fc-a0b6-48c3-b979-dc927b00239d,2026-07-30T08:45:00Z,2026-07-30T10:45:00+0200,2.344,MW,NL,NL,actual_offshore_wind_generation,Wind Offshore | Actual Consumption,2026-08-17T17:16:10Z
2026-08-17T17:12:16Z,2026-08-17T19:12:16+0200,f372a1fc-a0b6-48c3-b979-dc927b00239d,2026-07-30T09:00:00Z,2026-07-30T11:00:00+0200,251.653,MW,NL,NL,actual_offshore_wind_generation,Wind Offshore | Actual Aggregated,2026-08-17T17:16:10Z
2026-08-17T17:12:16Z,2026-08-17T19:12:16+0200,f372a1fc-a0b6-48c3-b979-dc927b00239d,2026-07-30T09:00:00Z,2026-07-30T11:00:00+0200,1.419,MW,NL,NL,actual_offshore_wind_generation,Wind Offshore | Actual Consumption,2026-08-17T17:16:10Z
2026-08-17T17:12:16Z,2026-08-17T19:12:16+0200,f372a1fc-a0b6-48c3-b979-dc927b00239d,2026-07-30T09:15:00Z,2026-07-30T11:15:00+0200,205.863,MW,NL,NL,actual_offshore_wind_generation,Wind Offshore | Actual Aggregated,2026-08-17T17:16:10Z
2026-08-17T17:12:16Z,2026-08-17T19:12:16+0200,f372a1fc-a0b6-48c3-b979-dc927b00239d,2026-07-30T09:15:00Z,2026-07-30T11:15:00+0200,1.486,MW,NL,NL,actual_offshore_wind_generation,Wind Offshore | Actual Consumption,2026-08-17T17:16:10Z
2026-08-17T17:12:16Z,2026-08-17T19:12:16+0200,f372a1fc-a0b6-48c3-b979-dc927b00239d,2026-07-30T09:30:00Z,2026-07-30T11:30:00+0200,216.931,MW,NL,NL,actual_offshore_wind_generation,Wind Offshore | Actual Aggregated,2026-08-17T17:16:10Z
2026-08-17T17:12:16Z,2026-08-17T19:12:16+0200,f372a1fc-a0b6-48c3-b979-dc927b00239d,2026-07-30T09:30:00Z,2026-07-30T11:30:00+0200,2.458,MW,NL,NL,actual_offshore_wind_generation,Wind Offshore | Actual Consumption,2026-08-17T17:16:10Z
2026-08-17T17:12:16Z,2026-08-17T19:12:16+0200,f372a1fc-a0b6-48c3-b979-dc927b00239d,2026-07-30T09:45:00Z,2026-07-30T11:45:00+0200,202.866,MW,NL,NL,actual_offshore_wind_generation,Wind Offshore | Actual Aggregated,2026-08-17T17:16:10Z
2026-08-17T17:12:16Z,2026-08-17T19:12:16+0200,f372a1fc-a0b6-48c3-b979-dc927b00239d,2026-07-30T09:45:00Z,2026-07-30T11:45:00+0200,2.227,MW,NL,NL,actual_offshore_wind_generation,Wind Offshore | Actual Consumption,2026-08-17T17:16:10Z
2026-08-17T17:12:16Z,2026-08-17T19:12:16+0200,f372a1fc-a0b6-48c3-b979-dc927b00239d,2026-07-30T10:00:00Z,2026-07-30T12:00:00+0200,284.623,MW,NL,NL,actual_offshore_wind_generation,Wind Offshore | Actual Aggregated,2026-08-17T17:16:10Z
2026-08-17T17:12:16Z,2026-08-17T19:12:16+0200,f372a1fc-a0b6-48c3-b979-dc927b00239d,2026-07-30T10:00:00Z,2026-07-30T12:00:00+0200,1.454,MW,NL,NL,actual_offshore_wind_generation,Wind Offshore | Actual Consumption,2026-08-17T17:16:10Z
2026-08-17T17:12:16Z,2026-08-17T19:12:16+0200,f372a1fc-a0b6-48c3-b979-dc927b00239d,2026-07-30T10:15:00Z,2026-07-30T12:15:00+0200,260.952,MW,NL,NL,actual_offshore_wind_generation,Wind Offshore | Actual Aggregated,2026-08-17T17:16:10Z
2026-08-17T17:12:16Z,2026-08-17T19:12:16+0200,f372a1fc-a0b6-48c3-b979-dc927b00239d,2026-07-30T10:15:00Z,2026-07-30T12:15:00+0200,2.025,MW,NL,NL,actual_offshore_wind_generation,Wind Offshore | Actual Consumption,2026-08-17T17:16:10Z
2026-08-17T17:12:16Z,2026-08-17T19:12:16+0200,f372a1fc-a0b6-48c3-b979-dc927b00239d,2026-07-30T10:30:00Z,2026-07-30T12:30:00+0200,277.631,MW,NL,NL,actual_offshore_wind_generation,Wind Offshore | Actual Aggregated,2026-08-17T17:16:10Z
2026-08-17T17:12:16Z,2026-08-17T19:12:16+0200,f372a1fc-a0b6-48c3-b979-dc927b00239d,2026-07-30T10:30:00Z,2026-07-30T12:30:00+0200,5.58,MW,NL,NL,actual_offshore_wind_generation,Wind Offshore | Actual Consumption,2026-08-17T17:16:10Z
2026-08-17T17:12:16Z,2026-08-17T19:12:16+0200,f372a1fc-a0b6-48c3-b979-dc927b00239d,2026-07-30T10:45:00Z,2026-07-30T12:45:00+0200,299.955,MW,NL,NL,actual_offshore_wind_generation,Wind Offshore | Actual Aggregated,2026-08-17T17:16:10Z
2026-08-17T17:12:16Z,2026-08-17T19:12:16+0200,f372a1fc-a0b6-48c3-b979-dc927b00239d,2026-07-30T10:45:00Z,2026-07-30T12:45:00+0200,7.151,MW,NL,NL,actual_offshore_wind_generation,Wind Offshore | Actual Consumption,2026-08-17T17:16:10Z
2026-08-17T17:12:16Z,2026-08-17T19:12:16+0200,f372a1fc-a0b6-48c3-b979-dc927b00239d,2026-07-30T11:00:00Z,2026-07-30T13:00:00+0200,286.398,MW,NL,NL,actual_offshore_wind_generation,Wind Offshore | Actual Aggregated,2026-08-17T17:16:10Z
2026-08-17T17:12:16Z,2026-08-17T19:12:16+0200,f372a1fc-a0b6-48c3-b979-dc927b00239d,2026-07-30T11:00:00Z,2026-07-30T13:00:00+0200,9.182,MW,NL,NL,actual_offshore_wind_generation,Wind Offshore | Actual Consumption,2026-08-17T17:16:10Z
2026-08-17T17:12:16Z,2026-08-17T19:12:16+0200,f372a1fc-a0b6-48c3-b979-dc927b00239d,2026-07-30T11:15:00Z,2026-07-30T13:15:00+0200,212.384,MW,NL,NL,actual_offshore_wind_generation,Wind Offshore | Actual Aggregated,2026-08-17T17:16:10Z
2026-08-17T17:12:16Z,2026-08-17T19:12:16+0200,f372a1fc-a0b6-48c3-b979-dc927b00239d,2026-07-30T11:15:00Z,2026-07-30T13:15:00+0200,15.02,MW,NL,NL,actual_offshore_wind_generation,Wind Offshore | Actual Consumption,2026-08-17T17:16:10Z
2026-08-17T17:12:16Z,2026-08-17T19:12:16+0200,f372a1fc-a0b6-48c3-b979-dc927b00239d,2026-07-30T11:30:00Z,2026-07-30T13:30:00+0200,206.615,MW,NL,NL,actual_offshore_wind_generation,Wind Offshore | Actual Aggregated,2026-08-17T17:16:10Z
2026-08-17T17:12:16Z,2026-08-17T19:12:16+0200,f372a1fc-a0b6-48c3-b979-dc927b00239d,2026-07-30T11:30:00Z,2026-07-30T13:30:00+0200,14.64,MW,NL,NL,actual_offshore_wind_generation,Wind Offshore | Actual Consumption,2026-08-17T17:16:10Z
2026-08-17T17:12:16Z,2026-08-17T19:12:16+0200,f372a1fc-a0b6-48c3-b979-dc927b00239d,2026-07-30T11:45:00Z,2026-07-30T13:45:00+0200,204.652,MW,NL,NL,actual_offshore_wind_generation,Wind Offshore | Actual Aggregated,2026-08-17T17:16:10Z
2026-08-17T17:12:16Z,2026-08-17T19:12:16+0200,f372a1fc-a0b6-48c3-b979-dc927b00239d,2026-07-30T11:45:00Z,2026-07-30T13:45:00+0200,16.731,MW,NL,NL,actual_offshore_wind_generation,Wind Offshore | Actual Consumption,2026-08-17T17:16:10Z
2026-08-17T17:12:16Z,2026-08-17T19:12:16+0200,f372a1fc-a0b6-48c3-b979-dc927b00239d,2026-07-30T12:00:00Z,2026-07-30T14:00:00+0200,171.528,MW,NL,NL,actual_offshore_wind_generation,Wind Offshore | Actual Aggregated,2026-08-17T17:16:10Z
2026-08-17T17:12:16Z,2026-08-17T19:12:16+0200,f372a1fc-a0b6-48c3-b979-dc927b00239d,2026-07-30T12:00:00Z,2026-07-30T14:00:00+0200,24.426,MW,NL,NL,actual_offshore_wind_generation,Wind Offshore | Actual Consumption,2026-08-17T17:16:10Z
2026-08-17T17:12:16Z,2026-08-17T19:12:16+0200,f372a1fc-a0b6-48c3-b979-dc927b00239d,2026-07-30T12:15:00Z,2026-07-30T14:15:00+0200,158.315,MW,NL,NL,actual_offshore_wind_generation,Wind Offshore | Actual Aggregated,2026-08-17T17:16:10Z
2026-08-17T17:12:16Z,2026-08-17T19:12:16+0200,f372a1fc-a0b6-48c3-b979-dc927b00239d,2026-07-30T12:15:00Z,2026-07-30T14:15:00+0200,30.705,MW,NL,NL,actual_offshore_wind_generation,Wind Offshore | Actual Consumption,2026-08-17T17:16:10Z
2026-08-17T17:12:16Z,2026-08-17T19:12:16+0200,f372a1fc-a0b6-48c3-b979-dc927b00239d,2026-07-30T12:30:00Z,2026-07-30T14:30:00+0200,160.649,MW,NL,NL,actual_offshore_wind_generation,Wind Offshore | Actual Aggregated,2026-08-17T17:16:10Z
2026-08-17T17:12:16Z,2026-08-17T19:12:16+0200,f372a1fc-a0b6-48c3-b979-dc927b00239d,2026-07-30T12:30:00Z,2026-07-30T14:30:00+0200,33.846,MW,NL,NL,actual_offshore_wind_generation,Wind Offshore | Actual Consumption,2026-08-17T17:16:10Z
2026-08-17T17:12:16Z,2026-08-17T19:12:16+0200,f372a1fc-a0b6-48c3-b979-dc927b00239d,2026-07-30T12:45:00Z,2026-07-30T14:45:00+0200,149.449,MW,NL,NL,actual_offshore_wind_generation,Wind Offshore | Actual Aggregated,2026-08-17T17:16:10Z
2026-08-17T17:12:16Z,2026-08-17T19:12:16+0200,f372a1fc-a0b6-48c3-b979-dc927b00239d,2026-07-30T12:45:00Z,2026-07-30T14:45:00+0200,35.508,MW,NL,NL,actual_offshore_wind_generation,Wind Offshore | Actual Consumption,2026-08-17T17:16:10Z
2026-08-17T17:12:16Z,2026-08-17T19:12:16+0200,f372a1fc-a0b6-48c3-b979-dc927b00239d,2026-07-30T13:00:00Z,2026-07-30T15:00:00+0200,148.598,MW,NL,NL,actual_offshore_wind_generation,Wind Offshore | Actual Aggregated,2026-08-17T17:16:10Z
2026-08-17T17:12:16Z,2026-08-17T19:12:16+0200,f372a1fc-a0b6-48c3-b979-dc927b00239d,2026-07-30T13:00:00Z,2026-07-30T15:00:00+0200,27.671,MW,NL,NL,actual_offshore_wind_generation,Wind Offshore | Actual Consumption,2026-08-17T17:16:10Z
2026-08-17T17:12:16Z,2026-08-17T19:12:16+0200,f372a1fc-a0b6-48c3-b979-dc927b00239d,2026-07-30T13:15:00Z,2026-07-30T15:15:00+0200,144.283,MW,NL,NL,actual_offshore_wind_generation,Wind Offshore | Actual Aggregated,2026-08-17T17:16:10Z
2026-08-17T17:12:16Z,2026-08-17T19:12:16+0200,f372a1fc-a0b6-48c3-b979-dc927b00239d,2026-07-30T13:15:00Z,2026-07-30T15:15:00+0200,24.968,MW,NL,NL,actual_offshore_wind_generation,Wind Offshore | Actual Consumption,2026-08-17T17:16:10Z
2026-08-17T17:12:16Z,2026-08-17T19:12:16+0200,f372a1fc-a0b6-48c3-b979-dc927b00239d,2026-07-30T13:30:00Z,2026-07-30T15:30:00+0200,139.159,MW,NL,NL,actual_offshore_wind_generation,Wind Offshore | Actual Aggregated,2026-08-17T17:16:10Z
2026-08-17T17:12:16Z,2026-08-17T19:12:16+0200,f372a1fc-a0b6-48c3-b979-dc927b00239d,2026-07-30T13:30:00Z,2026-07-30T15:30:00+0200,24.155,MW,NL,NL,actual_offshore_wind_generation,Wind Offshore | Actual Consumption,2026-08-17T17:16:10Z
2026-08-17T17:12:16Z,2026-08-17T19:12:16+0200,f372a1fc-a0b6-48c3-b979-dc927b00239d,2026-07-30T13:45:00Z,2026-07-30T15:45:00+0200,133.568,MW,NL,NL,actual_offshore_wind_generation,Wind Offshore | Actual Aggregated,2026-08-17T17:16:10Z
2026-08-17T17:12:16Z,2026-08-17T19:12:16+0200,f372a1fc-a0b6-48c3-b979-dc927b00239d,2026-07-30T13:45:00Z,2026-07-30T15:45:00+0200,30.665,MW,NL,NL,actual_offshore_wind_generation,Wind Offshore | Actual Consumption,2026-08-17T17:16:10Z
2026-08-17T17:12:16Z,2026-08-17T19:12:16+0200,f372a1fc-a0b6-48c3-b979-dc927b00239d,2026-07-30T14:00:00Z,2026-07-30T16:00:00+0200,121.078,MW,NL,NL,actual_offshore_wind_generation,Wind Offshore | Actual Aggregated,2026-08-17T17:16:10Z
2026-08-17T17:12:16Z,2026-08-17T19:12:16+0200,f372a1fc-a0b6-48c3-b979-dc927b00239d,2026-07-30T14:00:00Z,2026-07-30T16:00:00+0200,35.871,MW,NL,NL,actual_offshore_wind_generation,Wind Offshore | Actual Consumption,2026-08-17T17:16:10Z
2026-08-17T17:12:16Z,2026-08-17T19:12:16+0200,f372a1fc-a0b6-48c3-b979-dc927b00239d,2026-07-30T14:15:00Z,2026-07-30T16:15:00+0200,104.77,MW,NL,NL,actual_offshore_wind_generation,Wind Offshore | Actual Aggregated,2026-08-17T17:16:10Z
2026-08-17T17:12:16Z,2026-08-17T19:12:16+0200,f372a1fc-a0b6-48c3-b979-dc927b00239d,2026-07-30T14:15:00Z,2026-07-30T16:15:00+0200,34.521,MW,NL,NL,actual_offshore_wind_generation,Wind Offshore | Actual Consumption,2026-08-17T17:16:10Z
2026-08-17T17:12:16Z,2026-08-17T19:12:16+0200,f372a1fc-a0b6-48c3-b979-dc927b00239d,2026-07-30T14:30:00Z,2026-07-30T16:30:00+0200,70.532,MW,NL,NL,actual_offshore_wind_generation,Wind Offshore | Actual Aggregated,2026-08-17T17:16:10Z
2026-08-17T17:12:16Z,2026-08-17T19:12:16+0200,f372a1fc-a0b6-48c3-b979-dc927b00239d,2026-07-30T14:30:00Z,2026-07-30T16:30:00+0200,34.572,MW,NL,NL,actual_offshore_wind_generation,Wind Offshore | Actual Consumption,2026-08-17T17:16:10Z
2026-08-17T17:12:16Z,2026-08-17T19:12:16+0200,f372a1fc-a0b6-48c3-b979-dc927b00239d,2026-07-30T14:45:00Z,2026-07-30T16:45:00+0200,44.163,MW,NL,NL,actual_offshore_wind_generation,Wind Offshore | Actual Aggregated,2026-08-17T17:16:10Z
2026-08-17T17:12:16Z,2026-08-17T19:12:16+0200,f372a1fc-a0b6-48c3-b979-dc927b00239d,2026-07-30T14:45:00Z,2026-07-30T16:45:00+0200,37.883,MW,NL,NL,actual_offshore_wind_generation,Wind Offshore | Actual Consumption,2026-08-17T17:16:10Z
2026-08-17T17:12:16Z,2026-08-17T19:12:16+0200,f372a1fc-a0b6-48c3-b979-dc927b00239d,2026-07-30T15:00:00Z,2026-07-30T17:00:00+0200,39.732,MW,NL,NL,actual_offshore_wind_generation,Wind Offshore | Actual Aggregated,2026-08-17T17:16:10Z
2026-08-17T17:12:16Z,2026-08-17T19:12:16+0200,f372a1fc-a0b6-48c3-b979-dc927b00239d,2026-07-30T15:00:00Z,2026-07-30T17:00:00+0200,35.496,MW,NL,NL,actual_offshore_wind_generation,Wind Offshore | Actual Consumption,2026-08-17T17:16:10Z
2026-08-17T17:12:16Z,2026-08-17T19:12:16+0200,f372a1fc-a0b6-48c3-b979-dc927b00239d,2026-07-30T15:15:00Z,2026-07-30T17:15:00+0200,33.8,MW,NL,NL,actual_offshore_wind_generation,Wind Offshore | Actual Aggregated,2026-08-17T17:16:10Z
2026-08-17T17:12:16Z,2026-08-17T19:12:16+0200,f372a1fc-a0b6-48c3-b979-dc927b00239d,2026-07-30T15:15:00Z,2026-07-30T17:15:00+0200,35.799,MW,NL,NL,actual_offshore_wind_generation,Wind Offshore | Actual Consumption,2026-08-17T17:16:10Z
2026-08-17T17:12:16Z,2026-08-17T19:12:16+0200,f372a1fc-a0b6-48c3-b979-dc927b00239d,2026-07-30T15:30:00Z,2026-07-30T17:30:00+0200,32.338,MW,NL,NL,actual_offshore_wind_generation,Wind Offshore | Actual Aggregated,2026-08-17T17:16:10Z
2026-08-17T17:12:16Z,2026-08-17T19:12:16+0200,f372a1fc-a0b6-48c3-b979-dc927b00239d,2026-07-30T15:30:00Z,2026-07-30T17:30:00+0200,32.383,MW,NL,NL,actual_offshore_wind_generation,Wind Offshore | Actual Consumption,2026-08-17T17:16:10Z
2026-08-17T17:12:16Z,2026-08-17T19:12:16+0200,f372a1fc-a0b6-48c3-b979-dc927b00239d,2026-07-30T15:45:00Z,2026-07-30T17:45:00+0200,39.06,MW,NL,NL,actual_offshore_wind_generation,Wind Offshore | Actual Aggregated,2026-08-17T17:16:10Z
2026-08-17T17:12:16Z,2026-08-17T19:12:16+0200,f372a1fc-a0b6-48c3-b979-dc927b00239d,2026-07-30T15:45:00Z,2026-07-30T17:45:00+0200,30.962,MW,NL,NL,actual_offshore_wind_generation,Wind Offshore | Actual Consumption,2026-08-17T17:16:10Z
2026-08-17T17:12:16Z,2026-08-17T19:12:16+0200,f372a1fc-a0b6-48c3-b979-dc927b00239d,2026-07-30T16:00:00Z,2026-07-30T18:00:00+0200,42.137,MW,NL,NL,actual_offshore_wind_generation,Wind Offshore | Actual Aggregated,2026-08-17T17:16:10Z
2026-08-17T17:12:16Z,2026-08-17T19:12:16+0200,f372a1fc-a0b6-48c3-b979-dc927b00239d,2026-07-30T16:00:00Z,2026-07-30T18:00:00+0200,26.898,MW,NL,NL,actual_offshore_wind_generation,Wind Offshore | Actual Consumption,2026-08-17T17:16:10Z
2026-08-17T17:12:16Z,2026-08-17T19:12:16+0200,f372a1fc-a0b6-48c3-b979-dc927b00239d,2026-07-30T16:15:00Z,2026-07-30T18:15:00+0200,48.963,MW,NL,NL,actual_offshore_wind_generation,Wind Offshore | Actual Aggregated,2026-08-17T17:16:10Z
2026-08-17T17:12:16Z,2026-08-17T19:12:16+0200,f372a1fc-a0b6-48c3-b979-dc927b00239d,2026-07-30T16:15:00Z,2026-07-30T18:15:00+0200,25.535,MW,NL,NL,actual_offshore_wind_generation,Wind Offshore | Actual Consumption,2026-08-17T17:16:10Z
2026-08-17T17:12:16Z,2026-08-17T19:12:16+0200,f372a1fc-a0b6-48c3-b979-dc927b00239d,2026-07-30T16:30:00Z,2026-07-30T18:30:00+0200,57.729,MW,NL,NL,actual_offshore_wind_generation,Wind Offshore | Actual Aggregated,2026-08-17T17:16:10Z
2026-08-17T17:12:16Z,2026-08-17T19:12:16+0200,f372a1fc-a0b6-48c3-b979-dc927b00239d,2026-07-30T16:30:00Z,2026-07-30T18:30:00+0200,25.888,MW,NL,NL,actual_offshore_wind_generation,Wind Offshore | Actual Consumption,2026-08-17T17:16:10Z
2026-08-17T17:12:16Z,2026-08-17T19:12:16+0200,f372a1fc-a0b6-48c3-b979-dc927b00239d,2026-07-30T16:45:00Z,2026-07-30T18:45:00+0200,43.097,MW,NL,NL,actual_offshore_wind_generation,Wind Offshore | Actual Aggregated,2026-08-17T17:16:10Z
2026-08-17T17:12:16Z,2026-08-17T19:12:16+0200,f372a1fc-a0b6-48c3-b979-dc927b00239d,2026-07-30T16:45:00Z,2026-07-30T18:45:00+0200,24.251,MW,NL,NL,actual_offshore_wind_generation,Wind Offshore | Actual Consumption,2026-08-17T17:16:10Z
2026-08-17T17:12:16Z,2026-08-17T19:12:16+0200,f372a1fc-a0b6-48c3-b979-dc927b00239d,2026-07-30T17:00:00Z,2026-07-30T19:00:00+0200,29.672,MW,NL,NL,actual_offshore_wind_generation,Wind Offshore | Actual Aggregated,2026-08-17T17:16:10Z
2026-08-17T17:12:16Z,2026-08-17T19:12:16+0200,f372a1fc-a0b6-48c3-b979-dc927b00239d,2026-07-30T17:00:00Z,2026-07-30T19:00:00+0200,25.924,MW,NL,NL,actual_offshore_wind_generation,Wind Offshore | Actual Consumption,2026-08-17T17:16:10Z
2026-08-17T17:12:16Z,2026-08-17T19:12:16+0200,f372a1fc-a0b6-48c3-b979-dc927b00239d,2026-07-30T17:15:00Z,2026-07-30T19:15:00+0200,26.717,MW,NL,NL,actual_offshore_wind_generation,Wind Offshore | Actual Aggregated,2026-08-17T17:16:10Z
2026-08-17T17:12:16Z,2026-08-17T19:12:16+0200,f372a1fc-a0b6-48c3-b979-dc927b00239d,2026-07-30T17:15:00Z,2026-07-30T19:15:00+0200,26.733,MW,NL,NL,actual_offshore_wind_generation,Wind Offshore | Actual Consumption,2026-08-17T17:16:10Z
2026-08-17T17:12:16Z,2026-08-17T19:12:16+0200,f372a1fc-a0b6-48c3-b979-dc927b00239d,2026-07-30T17:30:00Z,2026-07-30T19:30:00+0200,42.983,MW,NL,NL,actual_offshore_wind_generation,Wind Offshore | Actual Aggregated,2026-08-17T17:16:10Z
2026-08-17T17:12:16Z,2026-08-17T19:12:16+0200,f372a1fc-a0b6-48c3-b979-dc927b00239d,2026-07-30T17:30:00Z,2026-07-30T19:30:00+0200,25.541,MW,NL,NL,actual_offshore_wind_generation,Wind Offshore | Actual Consumption,2026-08-17T17:16:10Z
2026-08-17T17:12:16Z,2026-08-17T19:12:16+0200,f372a1fc-a0b6-48c3-b979-dc927b00239d,2026-07-30T17:45:00Z,2026-07-30T19:45:00+0200,51.506,MW,NL,NL,actual_offshore_wind_generation,Wind Offshore | Actual Aggregated,2026-08-17T17:16:10Z
2026-08-17T17:12:16Z,2026-08-17T19:12:16+0200,f372a1fc-a0b6-48c3-b979-dc927b00239d,2026-07-30T17:45:00Z,2026-07-30T19:45:00+0200,25.071,MW,NL,NL,actual_offshore_wind_generation,Wind Offshore | Actual Consumption,2026-08-17T17:16:10Z
2026-08-17T17:12:16Z,2026-08-17T19:12:16+0200,f372a1fc-a0b6-48c3-b979-dc927b00239d,2026-07-30T18:00:00Z,2026-07-30T20:00:00+0200,59.653,MW,NL,NL,actual_offshore_wind_generation,Wind Offshore | Actual Aggregated,2026-08-17T17:16:10Z
2026-08-17T17:12:16Z,2026-08-17T19:12:16+0200,f372a1fc-a0b6-48c3-b979-dc927b00239d,2026-07-30T18:00:00Z,2026-07-30T20:00:00+0200,23.867,MW,NL,NL,actual_offshore_wind_generation,Wind Offshore | Actual Consumption,2026-08-17T17:16:10Z
2026-08-17T17:12:16Z,2026-08-17T19:12:16+0200,f372a1fc-a0b6-48c3-b979-dc927b00239d,2026-07-30T18:15:00Z,2026-07-30T20:15:00+0200,76.603,MW,NL,NL,actual_offshore_wind_generation,Wind Offshore | Actual Aggregated,2026-08-17T17:16:10Z
2026-08-17T17:12:16Z,2026-08-17T19:12:16+0200,f372a1fc-a0b6-48c3-b979-dc927b00239d,2026-07-30T18:15:00Z,2026-07-30T20:15:00+0200,23.176,MW,NL,NL,actual_offshore_wind_generation,Wind Offshore | Actual Consumption,2026-08-17T17:16:10Z
2026-08-17T17:12:16Z,2026-08-17T19:12:16+0200,f372a1fc-a0b6-48c3-b979-dc927b00239d,2026-07-30T18:30:00Z,2026-07-30T20:30:00+0200,100.356,MW,NL,NL,actual_offshore_wind_generation,Wind Offshore | Actual Aggregated,2026-08-17T17:16:10Z
2026-08-17T17:12:16Z,2026-08-17T19:12:16+0200,f372a1fc-a0b6-48c3-b979-dc927b00239d,2026-07-30T18:30:00Z,2026-07-30T20:30:00+0200,22.981,MW,NL,NL,actual_offshore_wind_generation,Wind Offshore | Actual Consumption,2026-08-17T17:16:10Z
2026-08-17T17:12:16Z,2026-08-17T19:12:16+0200,f372a1fc-a0b6-48c3-b979-dc927b00239d,2026-07-30T18:45:00Z,2026-07-30T20:45:00+0200,110.15,MW,NL,NL,actual_offshore_wind_generation,Wind Offshore | Actual Aggregated,2026-08-17T17:16:10Z
2026-08-17T17:12:16Z,2026-08-17T19:12:16+0200,f372a1fc-a0b6-48c3-b979-dc927b00239d,2026-07-30T18:45:00Z,2026-07-30T20:45:00+0200,23.263,MW,NL,NL,actual_offshore_wind_generation,Wind Offshore | Actual Consumption,2026-08-17T17:16:10Z
2026-08-17T17:12:16Z,2026-08-17T19:12:16+0200,f372a1fc-a0b6-48c3-b979-dc927b00239d,2026-07-30T19:00:00Z,2026-07-30T21:00:00+0200,124.986,MW,NL,NL,actual_offshore_wind_generation,Wind Offshore | Actual Aggregated,2026-08-17T17:16:10Z
2026-08-17T17:12:16Z,2026-08-17T19:12:16+0200,f372a1fc-a0b6-48c3-b979-dc927b00239d,2026-07-30T19:00:00Z,2026-07-30T21:00:00+0200,24.545,MW,NL,NL,actual_offshore_wind_generation,Wind Offshore | Actual Consumption,2026-08-17T17:16:10Z
2026-08-17T17:12:16Z,2026-08-17T19:12:16+0200,f372a1fc-a0b6-48c3-b979-dc927b00239d,2026-07-30T19:15:00Z,2026-07-30T21:15:00+0200,148.137,MW,NL,NL,actual_offshore_wind_generation,Wind Offshore | Actual Aggregated,2026-08-17T17:16:10Z
2026-08-17T17:12:16Z,2026-08-17T19:12:16+0200,f372a1fc-a0b6-48c3-b979-dc927b00239d,2026-07-30T19:15:00Z,2026-07-30T21:15:00+0200,23.142,MW,NL,NL,actual_offshore_wind_generation,Wind Offshore | Actual Consumption,2026-08-17T17:16:10Z
2026-08-17T17:12:16Z,2026-08-17T19:12:16+0200,f372a1fc-a0b6-48c3-b979-dc927b00239d,2026-07-30T19:30:00Z,2026-07-30T21:30:00+0200,150.396,MW,NL,NL,actual_offshore_wind_generation,Wind Offshore | Actual Aggregated,2026-08-17T17:16:10Z
2026-08-17T17:12:16Z,2026-08-17T19:12:16+0200,f372a1fc-a0b6-48c3-b979-dc927b00239d,2026-07-30T19:30:00Z,2026-07-30T21:30:00+0200,29.447,MW,NL,NL,actual_offshore_wind_generation,Wind Offshore | Actual Consumption,2026-08-17T17:16:10Z
2026-08-17T17:12:16Z,2026-08-17T19:12:16+0200,f372a1fc-a0b6-48c3-b979-dc927b00239d,2026-07-30T19:45:00Z,2026-07-30T21:45:00+0200,157.624,MW,NL,NL,actual_offshore_wind_generation,Wind Offshore | Actual Aggregated,2026-08-17T17:16:10Z
2026-08-17T17:12:16Z,2026-08-17T19:12:16+0200,f372a1fc-a0b6-48c3-b979-dc927b00239d,2026-07-30T19:45:00Z,2026-07-30T21:45:00+0200,31.08,MW,NL,NL,actual_offshore_wind_generation,Wind Offshore | Actual Consumption,2026-08-17T17:16:10Z
2026-08-17T17:12:16Z,2026-08-17T19:12:16+0200,f372a1fc-a0b6-48c3-b979-dc927b00239d,2026-07-30T20:00:00Z,2026-07-30T22:00:00+0200,152.574,MW,NL,NL,actual_offshore_wind_generation,Wind Offshore | Actual Aggregated,2026-08-17T17:16:10Z
2026-08-17T17:12:16Z,2026-08-17T19:12:16+0200,f372a1fc-a0b6-48c3-b979-dc927b00239d,2026-07-30T20:00:00Z,2026-07-30T22:00:00+0200,30.242,MW,NL,NL,actual_offshore_wind_generation,Wind Offshore | Actual Consumption,2026-08-17T17:16:10Z
2026-08-17T17:12:16Z,2026-08-17T19:12:16+0200,f372a1fc-a0b6-48c3-b979-dc927b00239d,2026-07-30T20:15:00Z,2026-07-30T22:15:00+0200,138.735,MW,NL,NL,actual_offshore_wind_generation,Wind Offshore | Actual Aggregated,2026-08-17T17:16:10Z
2026-08-17T17:12:16Z,2026-08-17T19:12:16+0200,f372a1fc-a0b6-48c3-b979-dc927b00239d,2026-07-30T20:15:00Z,2026-07-30T22:15:00+0200,28.27,MW,NL,NL,actual_offshore_wind_generation,Wind Offshore | Actual Consumption,2026-08-17T17:16:10Z
2026-08-17T17:12:16Z,2026-08-17T19:12:16+0200,f372a1fc-a0b6-48c3-b979-dc927b00239d,2026-07-30T20:30:00Z,2026-07-30T22:30:00+0200,113.963,MW,NL,NL,actual_offshore_wind_generation,Wind Offshore | Actual Aggregated,2026-08-17T17:16:10Z
2026-08-17T17:12:16Z,2026-08-17T19:12:16+0200,f372a1fc-a0b6-48c3-b979-dc927b00239d,2026-07-30T20:30:00Z,2026-07-30T22:30:00+0200,26.095,MW,NL,NL,actual_offshore_wind_generation,Wind Offshore | Actual Consumption,2026-08-17T17:16:10Z
2026-08-17T17:12:16Z,2026-08-17T19:12:16+0200,f372a1fc-a0b6-48c3-b979-dc927b00239d,2026-07-30T20:45:00Z,2026-07-30T22:45:00+0200,99.132,MW,NL,NL,actual_offshore_wind_generation,Wind Offshore | Actual Aggregated,2026-08-17T17:16:10Z
2026-08-17T17:12:16Z,2026-08-17T19:12:16+0200,f372a1fc-a0b6-48c3-b979-dc927b00239d,2026-07-30T20:45:00Z,2026-07-30T22:45:00+0200,24.527,MW,NL,NL,actual_offshore_wind_generation,Wind Offshore | Actual Consumption,2026-08-17T17:16:10Z
2026-08-17T17:12:16Z,2026-08-17T19:12:16+0200,f372a1fc-a0b6-48c3-b979-dc927b00239d,2026-07-30T21:00:00Z,2026-07-30T23:00:00+0200,87.393,MW,NL,NL,actual_offshore_wind_generation,Wind Offshore | Actual Aggregated,2026-08-17T17:16:10Z
2026-08-17T17:12:16Z,2026-08-17T19:12:16+0200,f372a1fc-a0b6-48c3-b979-dc927b00239d,2026-07-30T21:00:00Z,2026-07-30T23:00:00+0200,22.168,MW,NL,NL,actual_offshore_wind_generation,Wind Offshore | Actual Consumption,2026-08-17T17:16:10Z
2026-08-17T17:12:16Z,2026-08-17T19:12:16+0200,f372a1fc-a0b6-48c3-b979-dc927b00239d,2026-07-30T21:15:00Z,2026-07-30T23:15:00+0200,85.308,MW,NL,NL,actual_offshore_wind_generation,Wind Offshore | Actual Aggregated,2026-08-17T17:16:10Z
2026-08-17T17:12:16Z,2026-08-17T19:12:16+0200,f372a1fc-a0b6-48c3-b979-dc927b00239d,2026-07-30T21:15:00Z,2026-07-30T23:15:00+0200,14.108,MW,NL,NL,actual_offshore_wind_generation,Wind Offshore | Actual Consumption,2026-08-17T17:16:10Z
2026-08-17T17:12:16Z,2026-08-17T19:12:16+0200,f372a1fc-a0b6-48c3-b979-dc927b00239d,2026-07-30T21:30:00Z,2026-07-30T23:30:00+0200,76.581,MW,NL,NL,actual_offshore_wind_generation,Wind Offshore | Actual Aggregated,2026-08-17T17:16:10Z
2026-08-17T17:12:16Z,2026-08-17T19:12:16+0200,f372a1fc-a0b6-48c3-b979-dc927b00239d,2026-07-30T21:30:00Z,2026-07-30T23:30:00+0200,8.189,MW,NL,NL,actual_offshore_wind_generation,Wind Offshore | Actual Consumption,2026-08-17T17:16:10Z
2026-08-17T17:12:16Z,2026-08-17T19:12:16+0200,f372a1fc-a0b6-48c3-b979-dc927b00239d,2026-07-30T21:45:00Z,2026-07-30T23:45:00+0200,63.976,MW,NL,NL,actual_offshore_wind_generation,Wind Offshore | Actual Aggregated,2026-08-17T17:16:10Z
2026-08-17T17:12:16Z,2026-08-17T19:12:16+0200,f372a1fc-a0b6-48c3-b979-dc927b00239d,2026-07-30T21:45:00Z,2026-07-30T23:45:00+0200,7.356,MW,NL,NL,actual_offshore_wind_generation,Wind Offshore | Actual Consumption,2026-08-17T17:16:10Z
2026-08-17T17:12:16Z,2026-08-17T19:12:16+0200,f372a1fc-a0b6-48c3-b979-dc927b00239d,2026-07-30T22:00:00Z,2026-07-31T00:00:00+0200,47.264,MW,NL,NL,actual_offshore_wind_generation,Wind Offshore | Actual Aggregated,2026-08-17T17:16:10Z
2026-08-17T17:12:16Z,2026-08-17T19:12:16+0200,f372a1fc-a0b6-48c3-b979-dc927b00239d,2026-07-30T22:00:00Z,2026-07-31T00:00:00+0200,14.076,MW,NL,NL,actual_offshore_wind_generation,Wind Offshore | Actual Consumption,2026-08-17T17:16:10Z
2026-08-17T17:12:16Z,2026-08-17T19:12:16+0200,f372a1fc-a0b6-48c3-b979-dc927b00239d,2026-07-30T22:15:00Z,2026-07-31T00:15:00+0200,41.953,MW,NL,NL,actual_offshore_wind_generation,Wind Offshore | Actual Aggregated,2026-08-17T17:16:10Z
2026-08-17T17:12:16Z,2026-08-17T19:12:16+0200,f372a1fc-a0b6-48c3-b979-dc927b00239d,2026-07-30T22:15:00Z,2026-07-31T00:15:00+0200,19.171,MW,NL,NL,actual_offshore_wind_generation,Wind Offshore | Actual Consumption,2026-08-17T17:16:10Z
2026-08-17T17:12:16Z,2026-08-17T19:12:16+0200,f372a1fc-a0b6-48c3-b979-dc927b00239d,2026-07-30T22:30:00Z,2026-07-31T00:30:00+0200,33.412,MW,NL,NL,actual_offshore_wind_generation,Wind Offshore | Actual Aggregated,2026-08-17T17:16:10Z
2026-08-17T17:12:16Z,2026-08-17T19:12:16+0200,f372a1fc-a0b6-48c3-b979-dc927b00239d,2026-07-30T22:30:00Z,2026-07-31T00:30:00+0200,21.432,MW,NL,NL,actual_offshore_wind_generation,Wind Offshore | Actual Consumption,2026-08-17T17:16:10Z
2026-08-17T17:12:16Z,2026-08-17T19:12:16+0200,f372a1fc-a0b6-48c3-b979-dc927b00239d,2026-07-30T22:45:00Z,2026-07-31T00:45:00+0200,24.611,MW,NL,NL,actual_offshore_wind_generation,Wind Offshore | Actual Aggregated,2026-08-17T17:16:10Z
2026-08-17T17:12:16Z,2026-08-17T19:12:16+0200,f372a1fc-a0b6-48c3-b979-dc927b00239d,2026-07-30T22:45:00Z,2026-07-31T00:45:00+0200,25.02,MW,NL,NL,actual_offshore_wind_generation,Wind Offshore | Actual Consumption,2026-08-17T17:16:10Z
2026-08-17T17:12:16Z,2026-08-17T19:12:16+0200,f372a1fc-a0b6-48c3-b979-dc927b00239d,2026-07-30T23:00:00Z,2026-07-31T01:00:00+0200,23.629,MW,NL,NL,actual_offshore_wind_generation,Wind Offshore | Actual Aggregated,2026-08-17T17:16:10Z
2026-08-17T17:12:16Z,2026-08-17T19:12:16+0200,f372a1fc-a0b6-48c3-b979-dc927b00239d,2026-07-30T23:00:00Z,2026-07-31T01:00:00+0200,23.701,MW,NL,NL,actual_offshore_wind_generation,Wind Offshore | Actual Consumption,2026-08-17T17:16:10Z
2026-08-17T17:12:16Z,2026-08-17T19:12:16+0200,f372a1fc-a0b6-48c3-b979-dc927b00239d,2026-07-30T23:15:00Z,2026-07-31T01:15:00+0200,36.961,MW,NL,NL,actual_offshore_wind_generation,Wind Offshore | Actual Aggregated,2026-08-17T17:16:10Z
2026-08-17T17:12:16Z,2026-08-17T19:12:16+0200,f372a1fc-a0b6-48c3-b979-dc927b00239d,2026-07-30T23:15:00Z,2026-07-31T01:15:00+0200,25.536,MW,NL,NL,actual_offshore_wind_generation,Wind Offshore | Actual Consumption,2026-08-17T17:16:10Z
2026-08-17T17:12:16Z,2026-08-17T19:12:16+0200,f372a1fc-a0b6-48c3-b979-dc927b00239d,2026-07-30T23:30:00Z,2026-07-31T01:30:00+0200,60.672,MW,NL,NL,actual_offshore_wind_generation,Wind Offshore | Actual Aggregated,2026-08-17T17:16:10Z
2026-08-17T17:12:16Z,2026-08-17T19:12:16+0200,f372a1fc-a0b6-48c3-b979-dc927b00239d,2026-07-30T23:30:00Z,2026-07-31T01:30:00+0200,26.256,MW,NL,NL,actual_offshore_wind_generation,Wind Offshore | Actual Consumption,2026-08-17T17:16:10Z
2026-08-17T17:12:16Z,2026-08-17T19:12:16+0200,f372a1fc-a0b6-48c3-b979-dc927b00239d,2026-07-30T23:45:00Z,2026-07-31T01:45:00+0200,86.842,MW,NL,NL,actual_offshore_wind_generation,Wind Offshore | Actual Aggregated,2026-08-17T17:16:10Z
2026-08-17T17:12:16Z,2026-08-17T19:12:16+0200,f372a1fc-a0b6-48c3-b979-dc927b00239d,2026-07-30T23:45:00Z,2026-07-31T01:45:00+0200,19.299,MW,NL,NL,actual_offshore_wind_generation,Wind Offshore | Actual Consumption,2026-08-17T17:16:10Z
2026-08-17T17:12:16Z,2026-08-17T19:12:16+0200,f372a1fc-a0b6-48c3-b979-dc927b00239d,2026-07-31T00:00:00Z,2026-07-31T02:00:00+0200,104.615,MW,NL,NL,actual_offshore_wind_generation,Wind Offshore | Actual Aggregated,2026-08-17T17:16:10Z
2026-08-17T17:12:16Z,2026-08-17T19:12:16+0200,f372a1fc-a0b6-48c3-b979-dc927b00239d,2026-07-31T00:00:00Z,2026-07-31T02:00:00+0200,16.172,MW,NL,NL,actual_offshore_wind_generation,Wind Offshore | Actual Consumption,2026-08-17T17:16:10Z
2026-08-17T17:12:16Z,2026-08-17T19:12:16+0200,f372a1fc-a0b6-48c3-b979-dc927b00239d,2026-07-31T00:15:00Z,2026-07-31T02:15:00+0200,104.825,MW,NL,NL,actual_offshore_wind_generation,Wind Offshore | Actual Aggregated,2026-08-17T17:16:10Z
2026-08-17T17:12:16Z,2026-08-17T19:12:16+0200,f372a1fc-a0b6-48c3-b979-dc927b00239d,2026-07-31T00:15:00Z,2026-07-31T02:15:00+0200,8.34,MW,NL,NL,actual_offshore_wind_generation,Wind Offshore | Actual Consumption,2026-08-17T17:16:10Z
2026-08-17T17:12:16Z,2026-08-17T19:12:16+0200,f372a1fc-a0b6-48c3-b979-dc927b00239d,2026-07-31T00:30:00Z,2026-07-31T02:30:00+0200,103.466,MW,NL,NL,actual_offshore_wind_generation,Wind Offshore | Actual Aggregated,2026-08-17T17:16:10Z
2026-08-17T17:12:16Z,2026-08-17T19:12:16+0200,f372a1fc-a0b6-48c3-b979-dc927b00239d,2026-07-31T00:30:00Z,2026-07-31T02:30:00+0200,3.161,MW,NL,NL,actual_offshore_wind_generation,Wind Offshore | Actual Consumption,2026-08-17T17:16:10Z
2026-08-17T17:12:16Z,2026-08-17T19:12:16+0200,f372a1fc-a0b6-48c3-b979-dc927b00239d,2026-07-31T00:45:00Z,2026-07-31T02:45:00+0200,123.747,MW,NL,NL,actual_offshore_wind_generation,Wind Offshore | Actual Aggregated,2026-08-17T17:16:10Z
2026-08-17T17:12:16Z,2026-08-17T19:12:16+0200,f372a1fc-a0b6-48c3-b979-dc927b00239d,2026-07-31T00:45:00Z,2026-07-31T02:45:00+0200,2.648,MW,NL,NL,actual_offshore_wind_generation,Wind Offshore | Actual Consumption,2026-08-17T17:16:10Z
2026-08-17T17:12:16Z,2026-08-17T19:12:16+0200,f372a1fc-a0b6-48c3-b979-dc927b00239d,2026-07-31T01:00:00Z,2026-07-31T03:00:00+0200,134.01,MW,NL,NL,actual_offshore_wind_generation,Wind Offshore | Actual Aggregated,2026-08-17T17:16:10Z
2026-08-17T17:12:16Z,2026-08-17T19:12:16+0200,f372a1fc-a0b6-48c3-b979-dc927b00239d,2026-07-31T01:00:00Z,2026-07-31T03:00:00+0200,5.039,MW,NL,NL,actual_offshore_wind_generation,Wind Offshore | Actual Consumption,2026-08-17T17:16:10Z
2026-08-17T17:12:16Z,2026-08-17T19:12:16+0200,f372a1fc-a0b6-48c3-b979-dc927b00239d,2026-07-31T01:15:00Z,2026-07-31T03:15:00+0200,128.738,MW,NL,NL,actual_offshore_wind_generation,Wind Offshore | Actual Aggregated,2026-08-17T17:16:10Z
2026-08-17T17:12:16Z,2026-08-17T19:12:16+0200,f372a1fc-a0b6-48c3-b979-dc927b00239d,2026-07-31T01:15:00Z,2026-07-31T03:15:00+0200,4.466,MW,NL,NL,actual_offshore_wind_generation,Wind Offshore | Actual Consumption,2026-08-17T17:16:10Z
2026-08-17T17:12:16Z,2026-08-17T19:12:16+0200,f372a1fc-a0b6-48c3-b979-dc927b00239d,2026-07-31T01:30:00Z,2026-07-31T03:30:00+0200,104.65,MW,NL,NL,actual_offshore_wind_generation,Wind Offshore | Actual Aggregated,2026-08-17T17:16:10Z
2026-08-17T17:12:16Z,2026-08-17T19:12:16+0200,f372a1fc-a0b6-48c3-b979-dc927b00239d,2026-07-31T01:30:00Z,2026-07-31T03:30:00+0200,10.258,MW,NL,NL,actual_offshore_wind_generation,Wind Offshore | Actual Consumption,2026-08-17T17:16:10Z
2026-08-17T17:12:16Z,2026-08-17T19:12:16+0200,f372a1fc-a0b6-48c3-b979-dc927b00239d,2026-07-31T01:45:00Z,2026-07-31T03:45:00+0200,97.607,MW,NL,NL,actual_offshore_wind_generation,Wind Offshore | Actual Aggregated,2026-08-17T17:16:10Z
2026-08-17T17:12:16Z,2026-08-17T19:12:16+0200,f372a1fc-a0b6-48c3-b979-dc927b00239d,2026-07-31T01:45:00Z,2026-07-31T03:45:00+0200,13.528,MW,NL,NL,actual_offshore_wind_generation,Wind Offshore | Actual Consumption,2026-08-17T17:16:10Z
2026-08-17T17:12:16Z,2026-08-17T19:12:16+0200,f372a1fc-a0b6-48c3-b979-dc927b00239d,2026-07-31T02:00:00Z,2026-07-31T04:00:00+0200,84.652,MW,NL,NL,actual_offshore_wind_generation,Wind Offshore | Actual Aggregated,2026-08-17T17:16:10Z
2026-08-17T17:12:16Z,2026-08-17T19:12:16+0200,f372a1fc-a0b6-48c3-b979-dc927b00239d,2026-07-31T02:00:00Z,2026-07-31T04:00:00+0200,13.501,MW,NL,NL,actual_offshore_wind_generation,Wind Offshore | Actual Consumption,2026-08-17T17:16:10Z
2026-08-17T17:12:16Z,2026-08-17T19:12:16+0200,f372a1fc-a0b6-48c3-b979-dc927b00239d,2026-07-31T02:15:00Z,2026-07-31T04:15:00+0200,110.159,MW,NL,NL,actual_offshore_wind_generation,Wind Offshore | Actual Aggregated,2026-08-17T17:16:10Z
2026-08-17T17:12:16Z,2026-08-17T19:12:16+0200,f372a1fc-a0b6-48c3-b979-dc927b00239d,2026-07-31T02:15:00Z,2026-07-31T04:15:00+0200,12.349,MW,NL,NL,actual_offshore_wind_generation,Wind Offshore | Actual Consumption,2026-08-17T17:16:10Z
2026-08-17T17:12:16Z,2026-08-17T19:12:16+0200,f372a1fc-a0b6-48c3-b979-dc927b00239d,2026-07-31T02:30:00Z,2026-07-31T04:30:00+0200,127.15,MW,NL,NL,actual_offshore_wind_generation,Wind Offshore | Actual Aggregated,2026-08-17T17:16:10Z
2026-08-17T17:12:16Z,2026-08-17T19:12:16+0200,f372a1fc-a0b6-48c3-b979-dc927b00239d,2026-07-31T02:30:00Z,2026-07-31T04:30:00+0200,10.096,MW,NL,NL,actual_offshore_wind_generation,Wind Offshore | Actual Consumption,2026-08-17T17:16:10Z
2026-08-17T17:12:16Z,2026-08-17T19:12:16+0200,f372a1fc-a0b6-48c3-b979-dc927b00239d,2026-07-31T02:45:00Z,2026-07-31T04:45:00+0200,117.009,MW,NL,NL,actual_offshore_wind_generation,Wind Offshore | Actual Aggregated,2026-08-17T17:16:10Z
2026-08-17T17:12:16Z,2026-08-17T19:12:16+0200,f372a1fc-a0b6-48c3-b979-dc927b00239d,2026-07-31T02:45:00Z,2026-07-31T04:45:00+0200,8.33,MW,NL,NL,actual_offshore_wind_generation,Wind Offshore | Actual Consumption,2026-08-17T17:16:10Z
2026-08-17T17:12:16Z,2026-08-17T19:12:16+0200,f372a1fc-a0b6-48c3-b979-dc927b00239d,2026-07-31T03:00:00Z,2026-07-31T05:00:00+0200,127.201,MW,NL,NL,actual_offshore_wind_generation,Wind Offshore | Actual Aggregated,2026-08-17T17:16:10Z
2026-08-17T17:12:16Z,2026-08-17T19:12:16+0200,f372a1fc-a0b6-48c3-b979-dc927b00239d,2026-07-31T03:00:00Z,2026-07-31T05:00:00+0200,7.701,MW,NL,NL,actual_offshore_wind_generation,Wind Offshore | Actual Consumption,2026-08-17T17:16:10Z
2026-08-17T17:12:16Z,2026-08-17T19:12:16+0200,f372a1fc-a0b6-48c3-b979-dc927b00239d,2026-07-31T03:15:00Z,2026-07-31T05:15:00+0200,157.438,MW,NL,NL,actual_offshore_wind_generation,Wind Offshore | Actual Aggregated,2026-08-17T17:16:10Z
2026-08-17T17:12:16Z,2026-08-17T19:12:16+0200,f372a1fc-a0b6-48c3-b979-dc927b00239d,2026-07-31T03:15:00Z,2026-07-31T05:15:00+0200,5.232,MW,NL,NL,actual_offshore_wind_generation,Wind Offshore | Actual Consumption,2026-08-17T17:16:10Z
2026-08-17T17:12:16Z,2026-08-17T19:12:16+0200,f372a1fc-a0b6-48c3-b979-dc927b00239d,2026-07-31T03:30:00Z,2026-07-31T05:30:00+0200,206.83,MW,NL,NL,actual_offshore_wind_generation,Wind Offshore | Actual Aggregated,2026-08-17T17:16:10Z
2026-08-17T17:12:16Z,2026-08-17T19:12:16+0200,f372a1fc-a0b6-48c3-b979-dc927b00239d,2026-07-31T03:30:00Z,2026-07-31T05:30:00+0200,5.524,MW,NL,NL,actual_offshore_wind_generation,Wind Offshore | Actual Consumption,2026-08-17T17:16:10Z
2026-08-17T17:12:16Z,2026-08-17T19:12:16+0200,f372a1fc-a0b6-48c3-b979-dc927b00239d,2026-07-31T03:45:00Z,2026-07-31T05:45:00+0200,314.147,MW,NL,NL,actual_offshore_wind_generation,Wind Offshore | Actual Aggregated,2026-08-17T17:16:10Z
2026-08-17T17:12:16Z,2026-08-17T19:12:16+0200,f372a1fc-a0b6-48c3-b979-dc927b00239d,2026-07-31T03:45:00Z,2026-07-31T05:45:00+0200,6.346,MW,NL,NL,actual_offshore_wind_generation,Wind Offshore | Actual Consumption,2026-08-17T17:16:10Z
2026-08-17T17:12:16Z,2026-08-17T19:12:16+0200,f372a1fc-a0b6-48c3-b979-dc927b00239d,2026-07-31T04:00:00Z,2026-07-31T06:00:00+0200,363.42,MW,NL,NL,actual_offshore_wind_generation,Wind Offshore | Actual Aggregated,2026-08-17T17:16:10Z
2026-08-17T17:12:16Z,2026-08-17T19:12:16+0200,f372a1fc-a0b6-48c3-b979-dc927b00239d,2026-07-31T04:00:00Z,2026-07-31T06:00:00+0200,7.286,MW,NL,NL,actual_offshore_wind_generation,Wind Offshore | Actual Consumption,2026-08-17T17:16:10Z
2026-08-17T17:12:16Z,2026-08-17T19:12:16+0200,f372a1fc-a0b6-48c3-b979-dc927b00239d,2026-07-31T04:15:00Z,2026-07-31T06:15:00+0200,398.571,MW,NL,NL,actual_offshore_wind_generation,Wind Offshore | Actual Aggregated,2026-08-17T17:16:10Z
2026-08-17T17:12:16Z,2026-08-17T19:12:16+0200,f372a1fc-a0b6-48c3-b979-dc927b00239d,2026-07-31T04:15:00Z,2026-07-31T06:15:00+0200,7.776,MW,NL,NL,actual_offshore_wind_generation,Wind Offshore | Actual Consumption,2026-08-17T17:16:10Z
2026-08-17T17:12:16Z,2026-08-17T19:12:16+0200,f372a1fc-a0b6-48c3-b979-dc927b00239d,2026-07-31T04:30:00Z,2026-07-31T06:30:00+0200,425.807,MW,NL,NL,actual_offshore_wind_generation,Wind Offshore | Actual Aggregated,2026-08-17T17:16:10Z
2026-08-17T17:12:16Z,2026-08-17T19:12:16+0200,f372a1fc-a0b6-48c3-b979-dc927b00239d,2026-07-31T04:30:00Z,2026-07-31T06:30:00+0200,10.069,MW,NL,NL,actual_offshore_wind_generation,Wind Offshore | Actual Consumption,2026-08-17T17:16:10Z
2026-08-17T17:12:16Z,2026-08-17T19:12:16+0200,f372a1fc-a0b6-48c3-b979-dc927b00239d,2026-07-31T04:45:00Z,2026-07-31T06:45:00+0200,476.053,MW,NL,NL,actual_offshore_wind_generation,Wind Offshore | Actual Aggregated,2026-08-17T17:16:10Z
2026-08-17T17:12:16Z,2026-08-17T19:12:16+0200,f372a1fc-a0b6-48c3-b979-dc927b00239d,2026-07-31T04:45:00Z,2026-07-31T06:45:00+0200,11.687,MW,NL,NL,actual_offshore_wind_generation,Wind Offshore | Actual Consumption,2026-08-17T17:16:10Z
2026-08-17T17:12:16Z,2026-08-17T19:12:16+0200,f372a1fc-a0b6-48c3-b979-dc927b00239d,2026-07-31T05:00:00Z,2026-07-31T07:00:00+0200,522.527,MW,NL,NL,actual_offshore_wind_generation,Wind Offshore | Actual Aggregated,2026-08-17T17:16:10Z
2026-08-17T17:12:16Z,2026-08-17T19:12:16+0200,f372a1fc-a0b6-48c3-b979-dc927b00239d,2026-07-31T05:00:00Z,2026-07-31T07:00:00+0200,12.891,MW,NL,NL,actual_offshore_wind_generation,Wind Offshore | Actual Consumption,2026-08-17T17:16:10Z
2026-08-17T17:12:16Z,2026-08-17T19:12:16+0200,f372a1fc-a0b6-48c3-b979-dc927b00239d,2026-07-31T05:15:00Z,2026-07-31T07:15:00+0200,571.595,MW,NL,NL,actual_offshore_wind_generation,Wind Offshore | Actual Aggregated,2026-08-17T17:16:10Z
2026-08-17T17:12:16Z,2026-08-17T19:12:16+0200,f372a1fc-a0b6-48c3-b979-dc927b00239d,2026-07-31T05:15:00Z,2026-07-31T07:15:00+0200,13.184,MW,NL,NL,actual_offshore_wind_generation,Wind Offshore | Actual Consumption,2026-08-17T17:16:10Z
2026-08-17T17:12:16Z,2026-08-17T19:12:16+0200,f372a1fc-a0b6-48c3-b979-dc927b00239d,2026-07-31T05:30:00Z,2026-07-31T07:30:00+0200,574.634,MW,NL,NL,actual_offshore_wind_generation,Wind Offshore | Actual Aggregated,2026-08-17T17:16:10Z
2026-08-17T17:12:16Z,2026-08-17T19:12:16+0200,f372a1fc-a0b6-48c3-b979-dc927b00239d,2026-07-31T05:30:00Z,2026-07-31T07:30:00+0200,14.111,MW,NL,NL,actual_offshore_wind_generation,Wind Offshore | Actual Consumption,2026-08-17T17:16:10Z
2026-08-17T17:12:16Z,2026-08-17T19:12:16+0200,f372a1fc-a0b6-48c3-b979-dc927b00239d,2026-07-31T05:45:00Z,2026-07-31T07:45:00+0200,583.687,MW,NL,NL,actual_offshore_wind_generation,Wind Offshore | Actual Aggregated,2026-08-17T17:16:10Z
2026-08-17T17:12:16Z,2026-08-17T19:12:16+0200,f372a1fc-a0b6-48c3-b979-dc927b00239d,2026-07-31T05:45:00Z,2026-07-31T07:45:00+0200,13.48,MW,NL,NL,actual_offshore_wind_generation,Wind Offshore | Actual Consumption,2026-08-17T17:16:10Z
2026-08-17T17:12:16Z,2026-08-17T19:12:16+0200,f372a1fc-a0b6-48c3-b979-dc927b00239d,2026-07-31T06:00:00Z,2026-07-31T08:00:00+0200,630.547,MW,NL,NL,actual_offshore_wind_generation,Wind Offshore | Actual Aggregated,2026-08-17T17:16:10Z
2026-08-17T17:12:16Z,2026-08-17T19:12:16+0200,f372a1fc-a0b6-48c3-b979-dc927b00239d,2026-07-31T06:00:00Z,2026-07-31T08:00:00+0200,13.631,MW,NL,NL,actual_offshore_wind_generation,Wind Offshore | Actual Consumption,2026-08-17T17:16:10Z
2026-08-17T17:12:16Z,2026-08-17T19:12:16+0200,f372a1fc-a0b6-48c3-b979-dc927b00239d,2026-07-31T06:15:00Z,2026-07-31T08:15:00+0200,619.018,MW,NL,NL,actual_offshore_wind_generation,Wind Offshore | Actual Aggregated,2026-08-17T17:16:10Z
2026-08-17T17:12:16Z,2026-08-17T19:12:16+0200,f372a1fc-a0b6-48c3-b979-dc927b00239d,2026-07-31T06:15:00Z,2026-07-31T08:15:00+0200,13.575,MW,NL,NL,actual_offshore_wind_generation,Wind Offshore | Actual Consumption,2026-08-17T17:16:10Z
2026-08-17T17:12:16Z,2026-08-17T19:12:16+0200,f372a1fc-a0b6-48c3-b979-dc927b00239d,2026-07-31T06:30:00Z,2026-07-31T08:30:00+0200,685.688,MW,NL,NL,actual_offshore_wind_generation,Wind Offshore | Actual Aggregated,2026-08-17T17:16:10Z
2026-08-17T17:12:16Z,2026-08-17T19:12:16+0200,f372a1fc-a0b6-48c3-b979-dc927b00239d,2026-07-31T06:30:00Z,2026-07-31T08:30:00+0200,13.035,MW,NL,NL,actual_offshore_wind_generation,Wind Offshore | Actual Consumption,2026-08-17T17:16:10Z
2026-08-17T17:12:16Z,2026-08-17T19:12:16+0200,f372a1fc-a0b6-48c3-b979-dc927b00239d,2026-07-31T06:45:00Z,2026-07-31T08:45:00+0200,740.276,MW,NL,NL,actual_offshore_wind_generation,Wind Offshore | Actual Aggregated,2026-08-17T17:16:10Z
2026-08-17T17:12:16Z,2026-08-17T19:12:16+0200,f372a1fc-a0b6-48c3-b979-dc927b00239d,2026-07-31T06:45:00Z,2026-07-31T08:45:00+0200,11.665,MW,NL,NL,actual_offshore_wind_generation,Wind Offshore | Actual Consumption,2026-08-17T17:16:10Z
2026-08-17T17:12:16Z,2026-08-17T19:12:16+0200,f372a1fc-a0b6-48c3-b979-dc927b00239d,2026-07-31T07:00:00Z,2026-07-31T09:00:00+0200,648.044,MW,NL,NL,actual_offshore_wind_generation,Wind Offshore | Actual Aggregated,2026-08-17T17:16:10Z
2026-08-17T17:12:16Z,2026-08-17T19:12:16+0200,f372a1fc-a0b6-48c3-b979-dc927b00239d,2026-07-31T07:00:00Z,2026-07-31T09:00:00+0200,10.636,MW,NL,NL,actual_offshore_wind_generation,Wind Offshore | Actual Consumption,2026-08-17T17:16:10Z
2026-08-17T17:12:16Z,2026-08-17T19:12:16+0200,f372a1fc-a0b6-48c3-b979-dc927b00239d,2026-07-31T07:15:00Z,2026-07-31T09:15:00+0200,601.04,MW,NL,NL,actual_offshore_wind_generation,Wind Offshore | Actual Aggregated,2026-08-17T17:16:10Z
2026-08-17T17:12:16Z,2026-08-17T19:12:16+0200,f372a1fc-a0b6-48c3-b979-dc927b00239d,2026-07-31T07:15:00Z,2026-07-31T09:15:00+0200,9.838,MW,NL,NL,actual_offshore_wind_generation,Wind Offshore | Actual Consumption,2026-08-17T17:16:10Z
2026-08-17T17:12:16Z,2026-08-17T19:12:16+0200,f372a1fc-a0b6-48c3-b979-dc927b00239d,2026-07-31T07:30:00Z,2026-07-31T09:30:00+0200,593.638,MW,NL,NL,actual_offshore_wind_generation,Wind Offshore | Actual Aggregated,2026-08-17T17:16:10Z
2026-08-17T17:12:16Z,2026-08-17T19:12:16+0200,f372a1fc-a0b6-48c3-b979-dc927b00239d,2026-07-31T07:30:00Z,2026-07-31T09:30:00+0200,6.963,MW,NL,NL,actual_offshore_wind_generation,Wind Offshore | Actual Consumption,2026-08-17T17:16:10Z
2026-08-17T17:12:16Z,2026-08-17T19:12:16+0200,f372a1fc-a0b6-48c3-b979-dc927b00239d,2026-07-31T07:45:00Z,2026-07-31T09:45:00+0200,613.236,MW,NL,NL,actual_offshore_wind_generation,Wind Offshore | Actual Aggregated,2026-08-17T17:16:10Z
2026-08-17T17:12:16Z,2026-08-17T19:12:16+0200,f372a1fc-a0b6-48c3-b979-dc927b00239d,2026-07-31T07:45:00Z,2026-07-31T09:45:00+0200,5.835,MW,NL,NL,actual_offshore_wind_generation,Wind Offshore | Actual Consumption,2026-08-17T17:16:10Z
2026-08-17T17:12:16Z,2026-08-17T19:12:16+0200,f372a1fc-a0b6-48c3-b979-dc927b00239d,2026-07-31T08:00:00Z,2026-07-31T10:00:00+0200,617.733,MW,NL,NL,actual_offshore_wind_generation,Wind Offshore | Actual Aggregated,2026-08-17T17:16:10Z
2026-08-17T17:12:16Z,2026-08-17T19:12:16+0200,f372a1fc-a0b6-48c3-b979-dc927b00239d,2026-07-31T08:00:00Z,2026-07-31T10:00:00+0200,4.712,MW,NL,NL,actual_offshore_wind_generation,Wind Offshore | Actual Consumption,2026-08-17T17:16:10Z
2026-08-17T17:12:16Z,2026-08-17T19:12:16+0200,f372a1fc-a0b6-48c3-b979-dc927b00239d,2026-07-31T08:15:00Z,2026-07-31T10:15:00+0200,597.531,MW,NL,NL,actual_offshore_wind_generation,Wind Offshore | Actual Aggregated,2026-08-17T17:16:10Z
2026-08-17T17:12:16Z,2026-08-17T19:12:16+0200,f372a1fc-a0b6-48c3-b979-dc927b00239d,2026-07-31T08:15:00Z,2026-07-31T10:15:00+0200,2.13,MW,NL,NL,actual_offshore_wind_generation,Wind Offshore | Actual Consumption,2026-08-17T17:16:10Z
2026-08-17T17:12:16Z,2026-08-17T19:12:16+0200,f372a1fc-a0b6-48c3-b979-dc927b00239d,2026-07-31T08:30:00Z,2026-07-31T10:30:00+0200,577.303,MW,NL,NL,actual_offshore_wind_generation,Wind Offshore | Actual Aggregated,2026-08-17T17:16:10Z
2026-08-17T17:12:16Z,2026-08-17T19:12:16+0200,f372a1fc-a0b6-48c3-b979-dc927b00239d,2026-07-31T08:30:00Z,2026-07-31T10:30:00+0200,3.147,MW,NL,NL,actual_offshore_wind_generation,Wind Offshore | Actual Consumption,2026-08-17T17:16:10Z
2026-08-17T17:12:16Z,2026-08-17T19:12:16+0200,f372a1fc-a0b6-48c3-b979-dc927b00239d,2026-07-31T08:45:00Z,2026-07-31T10:45:00+0200,579.644,MW,NL,NL,actual_offshore_wind_generation,Wind Offshore | Actual Aggregated,2026-08-17T17:16:10Z
2026-08-17T17:12:16Z,2026-08-17T19:12:16+0200,f372a1fc-a0b6-48c3-b979-dc927b00239d,2026-07-31T08:45:00Z,2026-07-31T10:45:00+0200,2.979,MW,NL,NL,actual_offshore_wind_generation,Wind Offshore | Actual Consumption,2026-08-17T17:16:10Z
2026-08-17T17:12:16Z,2026-08-17T19:12:16+0200,f372a1fc-a0b6-48c3-b979-dc927b00239d,2026-07-31T09:00:00Z,2026-07-31T11:00:00+0200,518.58,MW,NL,NL,actual_offshore_wind_generation,Wind Offshore | Actual Aggregated,2026-08-17T17:16:10Z
2026-08-17T17:12:16Z,2026-08-17T19:12:16+0200,f372a1fc-a0b6-48c3-b979-dc927b00239d,2026-07-31T09:00:00Z,2026-07-31T11:00:00+0200,2.183,MW,NL,NL,actual_offshore_wind_generation,Wind Offshore | Actual Consumption,2026-08-17T17:16:10Z
2026-08-17T17:12:16Z,2026-08-17T19:12:16+0200,f372a1fc-a0b6-48c3-b979-dc927b00239d,2026-07-31T09:15:00Z,2026-07-31T11:15:00+0200,478.853,MW,NL,NL,actual_offshore_wind_generation,Wind Offshore | Actual Aggregated,2026-08-17T17:16:10Z
2026-08-17T17:12:16Z,2026-08-17T19:12:16+0200,f372a1fc-a0b6-48c3-b979-dc927b00239d,2026-07-31T09:15:00Z,2026-07-31T11:15:00+0200,1.992,MW,NL,NL,actual_offshore_wind_generation,Wind Offshore | Actual Consumption,2026-08-17T17:16:10Z
2026-08-17T17:12:16Z,2026-08-17T19:12:16+0200,f372a1fc-a0b6-48c3-b979-dc927b00239d,2026-07-31T09:30:00Z,2026-07-31T11:30:00+0200,448.868,MW,NL,NL,actual_offshore_wind_generation,Wind Offshore | Actual Aggregated,2026-08-17T17:16:10Z
2026-08-17T17:12:16Z,2026-08-17T19:12:16+0200,f372a1fc-a0b6-48c3-b979-dc927b00239d,2026-07-31T09:30:00Z,2026-07-31T11:30:00+0200,1.884,MW,NL,NL,actual_offshore_wind_generation,Wind Offshore | Actual Consumption,2026-08-17T17:16:10Z
2026-08-17T17:12:16Z,2026-08-17T19:12:16+0200,f372a1fc-a0b6-48c3-b979-dc927b00239d,2026-07-31T09:45:00Z,2026-07-31T11:45:00+0200,439.084,MW,NL,NL,actual_offshore_wind_generation,Wind Offshore | Actual Aggregated,2026-08-17T17:16:10Z
2026-08-17T17:12:16Z,2026-08-17T19:12:16+0200,f372a1fc-a0b6-48c3-b979-dc927b00239d,2026-07-31T09:45:00Z,2026-07-31T11:45:00+0200,2.637,MW,NL,NL,actual_offshore_wind_generation,Wind Offshore | Actual Consumption,2026-08-17T17:16:10Z
2026-08-17T17:12:16Z,2026-08-17T19:12:16+0200,f372a1fc-a0b6-48c3-b979-dc927b00239d,2026-07-31T10:00:00Z,2026-07-31T12:00:00+0200,449.526,MW,NL,NL,actual_offshore_wind_generation,Wind Offshore | Actual Aggregated,2026-08-17T17:16:10Z
2026-08-17T17:12:16Z,2026-08-17T19:12:16+0200,f372a1fc-a0b6-48c3-b979-dc927b00239d,2026-07-31T10:00:00Z,2026-07-31T12:00:00+0200,4.51,MW,NL,NL,actual_offshore_wind_generation,Wind Offshore | Actual Consumption,2026-08-17T17:16:10Z
2026-08-17T17:12:16Z,2026-08-17T19:12:16+0200,f372a1fc-a0b6-48c3-b979-dc927b00239d,2026-07-31T10:15:00Z,2026-07-31T12:15:00+0200,474.682,MW,NL,NL,actual_offshore_wind_generation,Wind Offshore | Actual Aggregated,2026-08-17T17:16:10Z
2026-08-17T17:12:16Z,2026-08-17T19:12:16+0200,f372a1fc-a0b6-48c3-b979-dc927b00239d,2026-07-31T10:15:00Z,2026-07-31T12:15:00+0200,3.355,MW,NL,NL,actual_offshore_wind_generation,Wind Offshore | Actual Consumption,2026-08-17T17:16:10Z
2026-08-17T17:12:16Z,2026-08-17T19:12:16+0200,f372a1fc-a0b6-48c3-b979-dc927b00239d,2026-07-31T10:30:00Z,2026-07-31T12:30:00+0200,478.988,MW,NL,NL,actual_offshore_wind_generation,Wind Offshore | Actual Aggregated,2026-08-17T17:16:10Z
2026-08-17T17:12:16Z,2026-08-17T19:12:16+0200,f372a1fc-a0b6-48c3-b979-dc927b00239d,2026-07-31T10:30:00Z,2026-07-31T12:30:00+0200,3.192,MW,NL,NL,actual_offshore_wind_generation,Wind Offshore | Actual Consumption,2026-08-17T17:16:10Z
2026-08-17T17:12:16Z,2026-08-17T19:12:16+0200,f372a1fc-a0b6-48c3-b979-dc927b00239d,2026-07-31T10:45:00Z,2026-07-31T12:45:00+0200,492.171,MW,NL,NL,actual_offshore_wind_generation,Wind Offshore | Actual Aggregated,2026-08-17T17:16:10Z
2026-08-17T17:12:16Z,2026-08-17T19:12:16+0200,f372a1fc-a0b6-48c3-b979-dc927b00239d,2026-07-31T10:45:00Z,2026-07-31T12:45:00+0200,4.449,MW,NL,NL,actual_offshore_wind_generation,Wind Offshore | Actual Consumption,2026-08-17T17:16:10Z
2026-08-17T17:12:16Z,2026-08-17T19:12:16+0200,f372a1fc-a0b6-48c3-b979-dc927b00239d,2026-07-31T11:00:00Z,2026-07-31T13:00:00+0200,524.406,MW,NL,NL,actual_offshore_wind_generation,Wind Offshore | Actual Aggregated,2026-08-17T17:16:10Z
2026-08-17T17:12:16Z,2026-08-17T19:12:16+0200,f372a1fc-a0b6-48c3-b979-dc927b00239d,2026-07-31T11:00:00Z,2026-07-31T13:00:00+0200,4.208,MW,NL,NL,actual_offshore_wind_generation,Wind Offshore | Actual Consumption,2026-08-17T17:16:10Z
2026-08-17T17:12:16Z,2026-08-17T19:12:16+0200,f372a1fc-a0b6-48c3-b979-dc927b00239d,2026-07-31T11:15:00Z,2026-07-31T13:15:00+0200,562.548,MW,NL,NL,actual_offshore_wind_generation,Wind Offshore | Actual Aggregated,2026-08-17T17:16:10Z
2026-08-17T17:12:16Z,2026-08-17T19:12:16+0200,f372a1fc-a0b6-48c3-b979-dc927b00239d,2026-07-31T11:15:00Z,2026-07-31T13:15:00+0200,4.098,MW,NL,NL,actual_offshore_wind_generation,Wind Offshore | Actual Consumption,2026-08-17T17:16:10Z
2026-08-17T17:12:16Z,2026-08-17T19:12:16+0200,f372a1fc-a0b6-48c3-b979-dc927b00239d,2026-07-31T11:30:00Z,2026-07-31T13:30:00+0200,569.764,MW,NL,NL,actual_offshore_wind_generation,Wind Offshore | Actual Aggregated,2026-08-17T17:16:10Z
2026-08-17T17:12:16Z,2026-08-17T19:12:16+0200,f372a1fc-a0b6-48c3-b979-dc927b00239d,2026-07-31T11:30:00Z,2026-07-31T13:30:00+0200,4.598,MW,NL,NL,actual_offshore_wind_generation,Wind Offshore | Actual Consumption,2026-08-17T17:16:10Z
2026-08-17T17:12:16Z,2026-08-17T19:12:16+0200,f372a1fc-a0b6-48c3-b979-dc927b00239d,2026-07-31T11:45:00Z,2026-07-31T13:45:00+0200,546.823,MW,NL,NL,actual_offshore_wind_generation,Wind Offshore | Actual Aggregated,2026-08-17T17:16:10Z
2026-08-17T17:12:16Z,2026-08-17T19:12:16+0200,f372a1fc-a0b6-48c3-b979-dc927b00239d,2026-07-31T11:45:00Z,2026-07-31T13:45:00+0200,5.31,MW,NL,NL,actual_offshore_wind_generation,Wind Offshore | Actual Consumption,2026-08-17T17:16:10Z
2026-08-17T17:12:16Z,2026-08-17T19:12:16+0200,f372a1fc-a0b6-48c3-b979-dc927b00239d,2026-07-31T12:00:00Z,2026-07-31T14:00:00+0200,519.301,MW,NL,NL,actual_offshore_wind_generation,Wind Offshore | Actual Aggregated,2026-08-17T17:16:10Z
2026-08-17T17:12:16Z,2026-08-17T19:12:16+0200,f372a1fc-a0b6-48c3-b979-dc927b00239d,2026-07-31T12:00:00Z,2026-07-31T14:00:00+0200,5.116,MW,NL,NL,actual_offshore_wind_generation,Wind Offshore | Actual Consumption,2026-08-17T17:16:10Z
2026-08-17T17:12:16Z,2026-08-17T19:12:16+0200,f372a1fc-a0b6-48c3-b979-dc927b00239d,2026-07-31T12:15:00Z,2026-07-31T14:15:00+0200,504.872,MW,NL,NL,actual_offshore_wind_generation,Wind Offshore | Actual Aggregated,2026-08-17T17:16:10Z
2026-08-17T17:12:16Z,2026-08-17T19:12:16+0200,f372a1fc-a0b6-48c3-b979-dc927b00239d,2026-07-31T12:15:00Z,2026-07-31T14:15:00+0200,4.703,MW,NL,NL,actual_offshore_wind_generation,Wind Offshore | Actual Consumption,2026-08-17T17:16:10Z
2026-08-17T17:12:16Z,2026-08-17T19:12:16+0200,f372a1fc-a0b6-48c3-b979-dc927b00239d,2026-07-31T12:30:00Z,2026-07-31T14:30:00+0200,526.967,MW,NL,NL,actual_offshore_wind_generation,Wind Offshore | Actual Aggregated,2026-08-17T17:16:10Z
2026-08-17T17:12:16Z,2026-08-17T19:12:16+0200,f372a1fc-a0b6-48c3-b979-dc927b00239d,2026-07-31T12:30:00Z,2026-07-31T14:30:00+0200,4.859,MW,NL,NL,actual_offshore_wind_generation,Wind Offshore | Actual Consumption,2026-08-17T17:16:10Z
2026-08-17T17:12:16Z,2026-08-17T19:12:16+0200,f372a1fc-a0b6-48c3-b979-dc927b00239d,2026-07-31T12:45:00Z,2026-07-31T14:45:00+0200,549.272,MW,NL,NL,actual_offshore_wind_generation,Wind Offshore | Actual Aggregated,2026-08-17T17:16:10Z
2026-08-17T17:12:16Z,2026-08-17T19:12:16+0200,f372a1fc-a0b6-48c3-b979-dc927b00239d,2026-07-31T12:45:00Z,2026-07-31T14:45:00+0200,5.399,MW,NL,NL,actual_offshore_wind_generation,Wind Offshore | Actual Consumption,2026-08-17T17:16:10Z
2026-08-17T17:12:16Z,2026-08-17T19:12:16+0200,f372a1fc-a0b6-48c3-b979-dc927b00239d,2026-07-31T13:00:00Z,2026-07-31T15:00:00+0200,563.9,MW,NL,NL,actual_offshore_wind_generation,Wind Offshore | Actual Aggregated,2026-08-17T17:16:10Z
2026-08-17T17:12:16Z,2026-08-17T19:12:16+0200,f372a1fc-a0b6-48c3-b979-dc927b00239d,2026-07-31T13:00:00Z,2026-07-31T15:00:00+0200,3.915,MW,NL,NL,actual_offshore_wind_generation,Wind Offshore | Actual Consumption,2026-08-17T17:16:10Z
2026-08-17T17:12:16Z,2026-08-17T19:12:16+0200,f372a1fc-a0b6-48c3-b979-dc927b00239d,2026-07-31T13:15:00Z,2026-07-31T15:15:00+0200,582.955,MW,NL,NL,actual_offshore_wind_generation,Wind Offshore | Actual Aggregated,2026-08-17T17:16:10Z
2026-08-17T17:12:16Z,2026-08-17T19:12:16+0200,f372a1fc-a0b6-48c3-b979-dc927b00239d,2026-07-31T13:15:00Z,2026-07-31T15:15:00+0200,3.525,MW,NL,NL,actual_offshore_wind_generation,Wind Offshore | Actual Consumption,2026-08-17T17:16:10Z
2026-08-17T17:12:16Z,2026-08-17T19:12:16+0200,f372a1fc-a0b6-48c3-b979-dc927b00239d,2026-07-31T13:30:00Z,2026-07-31T15:30:00+0200,614.388,MW,NL,NL,actual_offshore_wind_generation,Wind Offshore | Actual Aggregated,2026-08-17T17:16:10Z
2026-08-17T17:12:16Z,2026-08-17T19:12:16+0200,f372a1fc-a0b6-48c3-b979-dc927b00239d,2026-07-31T13:30:00Z,2026-07-31T15:30:00+0200,3.33,MW,NL,NL,actual_offshore_wind_generation,Wind Offshore | Actual Consumption,2026-08-17T17:16:10Z
2026-08-17T17:12:16Z,2026-08-17T19:12:16+0200,f372a1fc-a0b6-48c3-b979-dc927b00239d,2026-07-31T13:45:00Z,2026-07-31T15:45:00+0200,639.838,MW,NL,NL,actual_offshore_wind_generation,Wind Offshore | Actual Aggregated,2026-08-17T17:16:10Z
2026-08-17T17:12:16Z,2026-08-17T19:12:16+0200,f372a1fc-a0b6-48c3-b979-dc927b00239d,2026-07-31T13:45:00Z,2026-07-31T15:45:00+0200,3.011,MW,NL,NL,actual_offshore_wind_generation,Wind Offshore | Actual Consumption,2026-08-17T17:16:10Z
2026-08-17T17:12:16Z,2026-08-17T19:12:16+0200,f372a1fc-a0b6-48c3-b979-dc927b00239d,2026-07-31T14:00:00Z,2026-07-31T16:00:00+0200,688.986,MW,NL,NL,actual_offshore_wind_generation,Wind Offshore | Actual Aggregated,2026-08-17T17:16:10Z
2026-08-17T17:12:16Z,2026-08-17T19:12:16+0200,f372a1fc-a0b6-48c3-b979-dc927b00239d,2026-07-31T14:00:00Z,2026-07-31T16:00:00+0200,4.556,MW,NL,NL,actual_offshore_wind_generation,Wind Offshore | Actual Consumption,2026-08-17T17:16:10Z
2026-08-17T17:12:16Z,2026-08-17T19:12:16+0200,f372a1fc-a0b6-48c3-b979-dc927b00239d,2026-07-31T14:15:00Z,2026-07-31T16:15:00+0200,746.805,MW,NL,NL,actual_offshore_wind_generation,Wind Offshore | Actual Aggregated,2026-08-17T17:16:10Z
2026-08-17T17:12:16Z,2026-08-17T19:12:16+0200,f372a1fc-a0b6-48c3-b979-dc927b00239d,2026-07-31T14:15:00Z,2026-07-31T16:15:00+0200,6.5,MW,NL,NL,actual_offshore_wind_generation,Wind Offshore | Actual Consumption,2026-08-17T17:16:10Z
2026-08-17T17:12:16Z,2026-08-17T19:12:16+0200,f372a1fc-a0b6-48c3-b979-dc927b00239d,2026-07-31T14:30:00Z,2026-07-31T16:30:00+0200,754.582,MW,NL,NL,actual_offshore_wind_generation,Wind Offshore | Actual Aggregated,2026-08-17T17:16:10Z
2026-08-17T17:12:16Z,2026-08-17T19:12:16+0200,f372a1fc-a0b6-48c3-b979-dc927b00239d,2026-07-31T14:30:00Z,2026-07-31T16:30:00+0200,8.528,MW,NL,NL,actual_offshore_wind_generation,Wind Offshore | Actual Consumption,2026-08-17T17:16:10Z
2026-08-17T17:12:16Z,2026-08-17T19:12:16+0200,f372a1fc-a0b6-48c3-b979-dc927b00239d,2026-07-31T14:45:00Z,2026-07-31T16:45:00+0200,729.793,MW,NL,NL,actual_offshore_wind_generation,Wind Offshore | Actual Aggregated,2026-08-17T17:16:10Z
2026-08-17T17:12:16Z,2026-08-17T19:12:16+0200,f372a1fc-a0b6-48c3-b979-dc927b00239d,2026-07-31T14:45:00Z,2026-07-31T16:45:00+0200,8.979,MW,NL,NL,actual_offshore_wind_generation,Wind Offshore | Actual Consumption,2026-08-17T17:16:10Z
2026-08-17T17:12:16Z,2026-08-17T19:12:16+0200,f372a1fc-a0b6-48c3-b979-dc927b00239d,2026-07-31T15:00:00Z,2026-07-31T17:00:00+0200,726.239,MW,NL,NL,actual_offshore_wind_generation,Wind Offshore | Actual Aggregated,2026-08-17T17:16:10Z
2026-08-17T17:12:16Z,2026-08-17T19:12:16+0200,f372a1fc-a0b6-48c3-b979-dc927b00239d,2026-07-31T15:00:00Z,2026-07-31T17:00:00+0200,9.094,MW,NL,NL,actual_offshore_wind_generation,Wind Offshore | Actual Consumption,2026-08-17T17:16:10Z
2026-08-17T17:12:16Z,2026-08-17T19:12:16+0200,f372a1fc-a0b6-48c3-b979-dc927b00239d,2026-07-31T15:15:00Z,2026-07-31T17:15:00+0200,735.862,MW,NL,NL,actual_offshore_wind_generation,Wind Offshore | Actual Aggregated,2026-08-17T17:16:10Z
2026-08-17T17:12:16Z,2026-08-17T19:12:16+0200,f372a1fc-a0b6-48c3-b979-dc927b00239d,2026-07-31T15:15:00Z,2026-07-31T17:15:00+0200,9.552,MW,NL,NL,actual_offshore_wind_generation,Wind Offshore | Actual Consumption,2026-08-17T17:16:10Z
2026-08-17T17:12:16Z,2026-08-17T19:12:16+0200,f372a1fc-a0b6-48c3-b979-dc927b00239d,2026-07-31T15:30:00Z,2026-07-31T17:30:00+0200,737.735,MW,NL,NL,actual_offshore_wind_generation,Wind Offshore | Actual Aggregated,2026-08-17T17:16:10Z
2026-08-17T17:12:16Z,2026-08-17T19:12:16+0200,f372a1fc-a0b6-48c3-b979-dc927b00239d,2026-07-31T15:30:00Z,2026-07-31T17:30:00+0200,7.077,MW,NL,NL,actual_offshore_wind_generation,Wind Offshore | Actual Consumption,2026-08-17T17:16:10Z
2026-08-17T17:12:16Z,2026-08-17T19:12:16+0200,f372a1fc-a0b6-48c3-b979-dc927b00239d,2026-07-31T15:45:00Z,2026-07-31T17:45:00+0200,683.158,MW,NL,NL,actual_offshore_wind_generation,Wind Offshore | Actual Aggregated,2026-08-17T17:16:10Z
2026-08-17T17:12:16Z,2026-08-17T19:12:16+0200,f372a1fc-a0b6-48c3-b979-dc927b00239d,2026-07-31T15:45:00Z,2026-07-31T17:45:00+0200,6.813,MW,NL,NL,actual_offshore_wind_generation,Wind Offshore | Actual Consumption,2026-08-17T17:16:10Z
2026-08-17T17:12:16Z,2026-08-17T19:12:16+0200,f372a1fc-a0b6-48c3-b979-dc927b00239d,2026-07-31T16:00:00Z,2026-07-31T18:00:00+0200,653.578,MW,NL,NL,actual_offshore_wind_generation,Wind Offshore | Actual Aggregated,2026-08-17T17:16:10Z
2026-08-17T17:12:16Z,2026-08-17T19:12:16+0200,f372a1fc-a0b6-48c3-b979-dc927b00239d,2026-07-31T16:00:00Z,2026-07-31T18:00:00+0200,8.535,MW,NL,NL,actual_offshore_wind_generation,Wind Offshore | Actual Consumption,2026-08-17T17:16:10Z
2026-08-17T17:12:16Z,2026-08-17T19:12:16+0200,f372a1fc-a0b6-48c3-b979-dc927b00239d,2026-07-31T16:15:00Z,2026-07-31T18:15:00+0200,670.926,MW,NL,NL,actual_offshore_wind_generation,Wind Offshore | Actual Aggregated,2026-08-17T17:16:10Z
2026-08-17T17:12:16Z,2026-08-17T19:12:16+0200,f372a1fc-a0b6-48c3-b979-dc927b00239d,2026-07-31T16:15:00Z,2026-07-31T18:15:00+0200,8.599,MW,NL,NL,actual_offshore_wind_generation,Wind Offshore | Actual Consumption,2026-08-17T17:16:10Z
2026-08-17T17:12:16Z,2026-08-17T19:12:16+0200,f372a1fc-a0b6-48c3-b979-dc927b00239d,2026-07-31T16:30:00Z,2026-07-31T18:30:00+0200,713.057,MW,NL,NL,actual_offshore_wind_generation,Wind Offshore | Actual Aggregated,2026-08-17T17:16:10Z
2026-08-17T17:12:16Z,2026-08-17T19:12:16+0200,f372a1fc-a0b6-48c3-b979-dc927b00239d,2026-07-31T16:30:00Z,2026-07-31T18:30:00+0200,7.1,MW,NL,NL,actual_offshore_wind_generation,Wind Offshore | Actual Consumption,2026-08-17T17:16:10Z
2026-08-17T17:12:16Z,2026-08-17T19:12:16+0200,f372a1fc-a0b6-48c3-b979-dc927b00239d,2026-07-31T16:45:00Z,2026-07-31T18:45:00+0200,744.091,MW,NL,NL,actual_offshore_wind_generation,Wind Offshore | Actual Aggregated,2026-08-17T17:16:10Z
2026-08-17T17:12:16Z,2026-08-17T19:12:16+0200,f372a1fc-a0b6-48c3-b979-dc927b00239d,2026-07-31T16:45:00Z,2026-07-31T18:45:00+0200,9.867,MW,NL,NL,actual_offshore_wind_generation,Wind Offshore | Actual Consumption,2026-08-17T17:16:10Z
2026-08-17T17:12:16Z,2026-08-17T19:12:16+0200,f372a1fc-a0b6-48c3-b979-dc927b00239d,2026-07-31T17:00:00Z,2026-07-31T19:00:00+0200,777.334,MW,NL,NL,actual_offshore_wind_generation,Wind Offshore | Actual Aggregated,2026-08-17T17:16:10Z
2026-08-17T17:12:16Z,2026-08-17T19:12:16+0200,f372a1fc-a0b6-48c3-b979-dc927b00239d,2026-07-31T17:00:00Z,2026-07-31T19:00:00+0200,9.374,MW,NL,NL,actual_offshore_wind_generation,Wind Offshore | Actual Consumption,2026-08-17T17:16:10Z
2026-08-17T17:12:16Z,2026-08-17T19:12:16+0200,f372a1fc-a0b6-48c3-b979-dc927b00239d,2026-07-31T17:15:00Z,2026-07-31T19:15:00+0200,794.553,MW,NL,NL,actual_offshore_wind_generation,Wind Offshore | Actual Aggregated,2026-08-17T17:16:10Z
2026-08-17T17:12:16Z,2026-08-17T19:12:16+0200,f372a1fc-a0b6-48c3-b979-dc927b00239d,2026-07-31T17:15:00Z,2026-07-31T19:15:00+0200,10.4,MW,NL,NL,actual_offshore_wind_generation,Wind Offshore | Actual Consumption,2026-08-17T17:16:10Z
2026-08-17T17:12:16Z,2026-08-17T19:12:16+0200,f372a1fc-a0b6-48c3-b979-dc927b00239d,2026-07-31T17:30:00Z,2026-07-31T19:30:00+0200,767.02,MW,NL,NL,actual_offshore_wind_generation,Wind Offshore | Actual Aggregated,2026-08-17T17:16:10Z
2026-08-17T17:12:16Z,2026-08-17T19:12:16+0200,f372a1fc-a0b6-48c3-b979-dc927b00239d,2026-07-31T17:30:00Z,2026-07-31T19:30:00+0200,10.501,MW,NL,NL,actual_offshore_wind_generation,Wind Offshore | Actual Consumption,2026-08-17T17:16:10Z
2026-08-17T17:12:16Z,2026-08-17T19:12:16+0200,f372a1fc-a0b6-48c3-b979-dc927b00239d,2026-07-31T17:45:00Z,2026-07-31T19:45:00+0200,735.67,MW,NL,NL,actual_offshore_wind_generation,Wind Offshore | Actual Aggregated,2026-08-17T17:16:10Z
2026-08-17T17:12:16Z,2026-08-17T19:12:16+0200,f372a1fc-a0b6-48c3-b979-dc927b00239d,2026-07-31T17:45:00Z,2026-07-31T19:45:00+0200,10.911,MW,NL,NL,actual_offshore_wind_generation,Wind Offshore | Actual Consumption,2026-08-17T17:16:10Z
2026-08-17T17:12:16Z,2026-08-17T19:12:16+0200,f372a1fc-a0b6-48c3-b979-dc927b00239d,2026-07-31T18:00:00Z,2026-07-31T20:00:00+0200,702.778,MW,NL,NL,actual_offshore_wind_generation,Wind Offshore | Actual Aggregated,2026-08-17T17:16:10Z
2026-08-17T17:12:16Z,2026-08-17T19:12:16+0200,f372a1fc-a0b6-48c3-b979-dc927b00239d,2026-07-31T18:00:00Z,2026-07-31T20:00:00+0200,8.769,MW,NL,NL,actual_offshore_wind_generation,Wind Offshore | Actual Consumption,2026-08-17T17:16:10Z
2026-08-17T17:12:16Z,2026-08-17T19:12:16+0200,f372a1fc-a0b6-48c3-b979-dc927b00239d,2026-07-31T18:15:00Z,2026-07-31T20:15:00+0200,731.729,MW,NL,NL,actual_offshore_wind_generation,Wind Offshore | Actual Aggregated,2026-08-17T17:16:10Z
2026-08-17T17:12:16Z,2026-08-17T19:12:16+0200,f372a1fc-a0b6-48c3-b979-dc927b00239d,2026-07-31T18:15:00Z,2026-07-31T20:15:00+0200,8.593,MW,NL,NL,actual_offshore_wind_generation,Wind Offshore | Actual Consumption,2026-08-17T17:16:10Z
2026-08-17T17:12:16Z,2026-08-17T19:12:16+0200,f372a1fc-a0b6-48c3-b979-dc927b00239d,2026-07-31T18:30:00Z,2026-07-31T20:30:00+0200,690.406,MW,NL,NL,actual_offshore_wind_generation,Wind Offshore | Actual Aggregated,2026-08-17T17:16:10Z
2026-08-17T17:12:16Z,2026-08-17T19:12:16+0200,f372a1fc-a0b6-48c3-b979-dc927b00239d,2026-07-31T18:30:00Z,2026-07-31T20:30:00+0200,8.649,MW,NL,NL,actual_offshore_wind_generation,Wind Offshore | Actual Consumption,2026-08-17T17:16:10Z
2026-08-17T17:12:16Z,2026-08-17T19:12:16+0200,f372a1fc-a0b6-48c3-b979-dc927b00239d,2026-07-31T18:45:00Z,2026-07-31T20:45:00+0200,713.711,MW,NL,NL,actual_offshore_wind_generation,Wind Offshore | Actual Aggregated,2026-08-17T17:16:10Z
2026-08-17T17:12:16Z,2026-08-17T19:12:16+0200,f372a1fc-a0b6-48c3-b979-dc927b00239d,2026-07-31T18:45:00Z,2026-07-31T20:45:00+0200,10.526,MW,NL,NL,actual_offshore_wind_generation,Wind Offshore | Actual Consumption,2026-08-17T17:16:10Z
2026-08-17T17:12:16Z,2026-08-17T19:12:16+0200,f372a1fc-a0b6-48c3-b979-dc927b00239d,2026-07-31T19:00:00Z,2026-07-31T21:00:00+0200,636.612,MW,NL,NL,actual_offshore_wind_generation,Wind Offshore | Actual Aggregated,2026-08-17T17:16:10Z
2026-08-17T17:12:16Z,2026-08-17T19:12:16+0200,f372a1fc-a0b6-48c3-b979-dc927b00239d,2026-07-31T19:00:00Z,2026-07-31T21:00:00+0200,10.087,MW,NL,NL,actual_offshore_wind_generation,Wind Offshore | Actual Consumption,2026-08-17T17:16:10Z
2026-08-17T17:12:16Z,2026-08-17T19:12:16+0200,f372a1fc-a0b6-48c3-b979-dc927b00239d,2026-07-31T19:15:00Z,2026-07-31T21:15:00+0200,570.464,MW,NL,NL,actual_offshore_wind_generation,Wind Offshore | Actual Aggregated,2026-08-17T17:16:10Z
2026-08-17T17:12:16Z,2026-08-17T19:12:16+0200,f372a1fc-a0b6-48c3-b979-dc927b00239d,2026-07-31T19:15:00Z,2026-07-31T21:15:00+0200,10.477,MW,NL,NL,actual_offshore_wind_generation,Wind Offshore | Actual Consumption,2026-08-17T17:16:10Z
2026-08-17T17:12:16Z,2026-08-17T19:12:16+0200,f372a1fc-a0b6-48c3-b979-dc927b00239d,2026-07-31T19:30:00Z,2026-07-31T21:30:00+0200,530.704,MW,NL,NL,actual_offshore_wind_generation,Wind Offshore | Actual Aggregated,2026-08-17T17:16:10Z
2026-08-17T17:12:16Z,2026-08-17T19:12:16+0200,f372a1fc-a0b6-48c3-b979-dc927b00239d,2026-07-31T19:30:00Z,2026-07-31T21:30:00+0200,10.206,MW,NL,NL,actual_offshore_wind_generation,Wind Offshore | Actual Consumption,2026-08-17T17:16:10Z
2026-08-17T17:12:16Z,2026-08-17T19:12:16+0200,f372a1fc-a0b6-48c3-b979-dc927b00239d,2026-07-31T19:45:00Z,2026-07-31T21:45:00+0200,490.594,MW,NL,NL,actual_offshore_wind_generation,Wind Offshore | Actual Aggregated,2026-08-17T17:16:10Z
2026-08-17T17:12:16Z,2026-08-17T19:12:16+0200,f372a1fc-a0b6-48c3-b979-dc927b00239d,2026-07-31T19:45:00Z,2026-07-31T21:45:00+0200,10.212,MW,NL,NL,actual_offshore_wind_generation,Wind Offshore | Actual Consumption,2026-08-17T17:16:10Z
2026-08-17T17:12:16Z,2026-08-17T19:12:16+0200,f372a1fc-a0b6-48c3-b979-dc927b00239d,2026-07-31T20:00:00Z,2026-07-31T22:00:00+0200,423.519,MW,NL,NL,actual_offshore_wind_generation,Wind Offshore | Actual Aggregated,2026-08-17T17:16:10Z
2026-08-17T17:12:16Z,2026-08-17T19:12:16+0200,f372a1fc-a0b6-48c3-b979-dc927b00239d,2026-07-31T20:00:00Z,2026-07-31T22:00:00+0200,9.979,MW,NL,NL,actual_offshore_wind_generation,Wind Offshore | Actual Consumption,2026-08-17T17:16:10Z
2026-08-17T17:12:16Z,2026-08-17T19:12:16+0200,f372a1fc-a0b6-48c3-b979-dc927b00239d,2026-07-31T20:15:00Z,2026-07-31T22:15:00+0200,381.737,MW,NL,NL,actual_offshore_wind_generation,Wind Offshore | Actual Aggregated,2026-08-17T17:16:10Z
2026-08-17T17:12:16Z,2026-08-17T19:12:16+0200,f372a1fc-a0b6-48c3-b979-dc927b00239d,2026-07-31T20:15:00Z,2026-07-31T22:15:00+0200,10.005,MW,NL,NL,actual_offshore_wind_generation,Wind Offshore | Actual Consumption,2026-08-17T17:16:10Z
2026-08-17T17:12:16Z,2026-08-17T19:12:16+0200,f372a1fc-a0b6-48c3-b979-dc927b00239d,2026-07-31T20:30:00Z,2026-07-31T22:30:00+0200,328.45,MW,NL,NL,actual_offshore_wind_generation,Wind Offshore | Actual Aggregated,2026-08-17T17:16:10Z
2026-08-17T17:12:16Z,2026-08-17T19:12:16+0200,f372a1fc-a0b6-48c3-b979-dc927b00239d,2026-07-31T20:30:00Z,2026-07-31T22:30:00+0200,10.254,MW,NL,NL,actual_offshore_wind_generation,Wind Offshore | Actual Consumption,2026-08-17T17:16:10Z
2026-08-17T17:12:16Z,2026-08-17T19:12:16+0200,f372a1fc-a0b6-48c3-b979-dc927b00239d,2026-07-31T20:45:00Z,2026-07-31T22:45:00+0200,260.359,MW,NL,NL,actual_offshore_wind_generation,Wind Offshore | Actual Aggregated,2026-08-17T17:16:10Z
2026-08-17T17:12:16Z,2026-08-17T19:12:16+0200,f372a1fc-a0b6-48c3-b979-dc927b00239d,2026-07-31T20:45:00Z,2026-07-31T22:45:00+0200,9.885,MW,NL,NL,actual_offshore_wind_generation,Wind Offshore | Actual Consumption,2026-08-17T17:16:10Z
2026-08-17T17:12:16Z,2026-08-17T19:12:16+0200,f372a1fc-a0b6-48c3-b979-dc927b00239d,2026-07-31T21:00:00Z,2026-07-31T23:00:00+0200,222.188,MW,NL,NL,actual_offshore_wind_generation,Wind Offshore | Actual Aggregated,2026-08-17T17:16:10Z
2026-08-17T17:12:16Z,2026-08-17T19:12:16+0200,f372a1fc-a0b6-48c3-b979-dc927b00239d,2026-07-31T21:00:00Z,2026-07-31T23:00:00+0200,9.446,MW,NL,NL,actual_offshore_wind_generation,Wind Offshore | Actual Consumption,2026-08-17T17:16:10Z
2026-08-17T17:12:16Z,2026-08-17T19:12:16+0200,f372a1fc-a0b6-48c3-b979-dc927b00239d,2026-07-31T21:15:00Z,2026-07-31T23:15:00+0200,209.319,MW,NL,NL,actual_offshore_wind_generation,Wind Offshore | Actual Aggregated,2026-08-17T17:16:10Z
2026-08-17T17:12:16Z,2026-08-17T19:12:16+0200,f372a1fc-a0b6-48c3-b979-dc927b00239d,2026-07-31T21:15:00Z,2026-07-31T23:15:00+0200,9.017,MW,NL,NL,actual_offshore_wind_generation,Wind Offshore | Actual Consumption,2026-08-17T17:16:10Z
2026-08-17T17:12:16Z,2026-08-17T19:12:16+0200,f372a1fc-a0b6-48c3-b979-dc927b00239d,2026-07-31T21:30:00Z,2026-07-31T23:30:00+0200,191.803,MW,NL,NL,actual_offshore_wind_generation,Wind Offshore | Actual Aggregated,2026-08-17T17:16:10Z
2026-08-17T17:12:16Z,2026-08-17T19:12:16+0200,f372a1fc-a0b6-48c3-b979-dc927b00239d,2026-07-31T21:30:00Z,2026-07-31T23:30:00+0200,8.956,MW,NL,NL,actual_offshore_wind_generation,Wind Offshore | Actual Consumption,2026-08-17T17:16:10Z
2026-08-17T17:12:16Z,2026-08-17T19:12:16+0200,f372a1fc-a0b6-48c3-b979-dc927b00239d,2026-07-31T21:45:00Z,2026-07-31T23:45:00+0200,156.856,MW,NL,NL,actual_offshore_wind_generation,Wind Offshore | Actual Aggregated,2026-08-17T17:16:10Z
2026-08-17T17:12:16Z,2026-08-17T19:12:16+0200,f372a1fc-a0b6-48c3-b979-dc927b00239d,2026-07-31T21:45:00Z,2026-07-31T23:45:00+0200,9.245,MW,NL,NL,actual_offshore_wind_generation,Wind Offshore | Actual Consumption,2026-08-17T17:16:10Z
2026-08-17T17:12:16Z,2026-08-17T19:12:16+0200,f372a1fc-a0b6-48c3-b979-dc927b00239d,2026-07-31T22:00:00Z,2026-08-01T00:00:00+0200,118.066,MW,NL,NL,actual_offshore_wind_generation,Wind Offshore | Actual Aggregated,2026-08-17T17:16:10Z
2026-08-17T17:12:16Z,2026-08-17T19:12:16+0200,f372a1fc-a0b6-48c3-b979-dc927b00239d,2026-07-31T22:00:00Z,2026-08-01T00:00:00+0200,12.98,MW,NL,NL,actual_offshore_wind_generation,Wind Offshore | Actual Consumption,2026-08-17T17:16:10Z
2026-08-17T17:12:16Z,2026-08-17T19:12:16+0200,f372a1fc-a0b6-48c3-b979-dc927b00239d,2026-07-31T22:15:00Z,2026-08-01T00:15:00+0200,95.11,MW,NL,NL,actual_offshore_wind_generation,Wind Offshore | Actual Aggregated,2026-08-17T17:16:10Z
2026-08-17T17:12:16Z,2026-08-17T19:12:16+0200,f372a1fc-a0b6-48c3-b979-dc927b00239d,2026-07-31T22:15:00Z,2026-08-01T00:15:00+0200,13.801,MW,NL,NL,actual_offshore_wind_generation,Wind Offshore | Actual Consumption,2026-08-17T17:16:10Z
2026-08-17T17:12:16Z,2026-08-17T19:12:16+0200,f372a1fc-a0b6-48c3-b979-dc927b00239d,2026-07-31T22:30:00Z,2026-08-01T00:30:00+0200,79.087,MW,NL,NL,actual_offshore_wind_generation,Wind Offshore | Actual Aggregated,2026-08-17T17:16:10Z
2026-08-17T17:12:16Z,2026-08-17T19:12:16+0200,f372a1fc-a0b6-48c3-b979-dc927b00239d,2026-07-31T22:30:00Z,2026-08-01T00:30:00+0200,16.377,MW,NL,NL,actual_offshore_wind_generation,Wind Offshore | Actual Consumption,2026-08-17T17:16:10Z
2026-08-17T17:12:16Z,2026-08-17T19:12:16+0200,f372a1fc-a0b6-48c3-b979-dc927b00239d,2026-07-31T22:45:00Z,2026-08-01T00:45:00+0200,74.412,MW,NL,NL,actual_offshore_wind_generation,Wind Offshore | Actual Aggregated,2026-08-17T17:16:10Z
2026-08-17T17:12:16Z,2026-08-17T19:12:16+0200,f372a1fc-a0b6-48c3-b979-dc927b00239d,2026-07-31T22:45:00Z,2026-08-01T00:45:00+0200,20.922,MW,NL,NL,actual_offshore_wind_generation,Wind Offshore | Actual Consumption,2026-08-17T17:16:10Z
2026-08-17T17:12:16Z,2026-08-17T19:12:16+0200,f372a1fc-a0b6-48c3-b979-dc927b00239d,2026-07-31T23:00:00Z,2026-08-01T01:00:00+0200,56.12,MW,NL,NL,actual_offshore_wind_generation,Wind Offshore | Actual Aggregated,2026-08-17T17:16:10Z
2026-08-17T17:12:16Z,2026-08-17T19:12:16+0200,f372a1fc-a0b6-48c3-b979-dc927b00239d,2026-07-31T23:00:00Z,2026-08-01T01:00:00+0200,24.671,MW,NL,NL,actual_offshore_wind_generation,Wind Offshore | Actual Consumption,2026-08-17T17:16:10Z
2026-08-17T17:12:16Z,2026-08-17T19:12:16+0200,f372a1fc-a0b6-48c3-b979-dc927b00239d,2026-07-31T23:15:00Z,2026-08-01T01:15:00+0200,36.279,MW,NL,NL,actual_offshore_wind_generation,Wind Offshore | Actual Aggregated,2026-08-17T17:16:10Z
2026-08-17T17:12:16Z,2026-08-17T19:12:16+0200,f372a1fc-a0b6-48c3-b979-dc927b00239d,2026-07-31T23:15:00Z,2026-08-01T01:15:00+0200,27.597,MW,NL,NL,actual_offshore_wind_generation,Wind Offshore | Actual Consumption,2026-08-17T17:16:10Z
2026-08-17T17:12:16Z,2026-08-17T19:12:16+0200,f372a1fc-a0b6-48c3-b979-dc927b00239d,2026-07-31T23:30:00Z,2026-08-01T01:30:00+0200,20.16,MW,NL,NL,actual_offshore_wind_generation,Wind Offshore | Actual Aggregated,2026-08-17T17:16:10Z
2026-08-17T17:12:16Z,2026-08-17T19:12:16+0200,f372a1fc-a0b6-48c3-b979-dc927b00239d,2026-07-31T23:30:00Z,2026-08-01T01:30:00+0200,32.538,MW,NL,NL,actual_offshore_wind_generation,Wind Offshore | Actual Consumption,2026-08-17T17:16:10Z
2026-08-17T17:12:16Z,2026-08-17T19:12:16+0200,f372a1fc-a0b6-48c3-b979-dc927b00239d,2026-07-31T23:45:00Z,2026-08-01T01:45:00+0200,9.294,MW,NL,NL,actual_offshore_wind_generation,Wind Offshore | Actual Aggregated,2026-08-17T17:16:10Z
2026-08-17T17:12:16Z,2026-08-17T19:12:16+0200,f372a1fc-a0b6-48c3-b979-dc927b00239d,2026-07-31T23:45:00Z,2026-08-01T01:45:00+0200,37.209,MW,NL,NL,actual_offshore_wind_generation,Wind Offshore | Actual Consumption,2026-08-17T17:16:10Z
2026-08-17T17:12:16Z,2026-08-17T19:12:16+0200,f372a1fc-a0b6-48c3-b979-dc927b00239d,2026-08-01T00:00:00Z,2026-08-01T02:00:00+0200,3.383,MW,NL,NL,actual_offshore_wind_generation,Wind Offshore | Actual Aggregated,2026-08-17T17:16:10Z
2026-08-17T17:12:16Z,2026-08-17T19:12:16+0200,f372a1fc-a0b6-48c3-b979-dc927b00239d,2026-08-01T00:00:00Z,2026-08-01T02:00:00+0200,39.717,MW,NL,NL,actual_offshore_wind_generation,Wind Offshore | Actual Consumption,2026-08-17T17:16:10Z
2026-08-17T17:12:16Z,2026-08-17T19:12:16+0200,f372a1fc-a0b6-48c3-b979-dc927b00239d,2026-08-01T00:15:00Z,2026-08-01T02:15:00+0200,3.21,MW,NL,NL,actual_offshore_wind_generation,Wind Offshore | Actual Aggregated,2026-08-17T17:16:10Z
2026-08-17T17:12:16Z,2026-08-17T19:12:16+0200,f372a1fc-a0b6-48c3-b979-dc927b00239d,2026-08-01T00:15:00Z,2026-08-01T02:15:00+0200,39.109,MW,NL,NL,actual_offshore_wind_generation,Wind Offshore | Actual Consumption,2026-08-17T17:16:10Z
2026-08-17T17:12:16Z,2026-08-17T19:12:16+0200,f372a1fc-a0b6-48c3-b979-dc927b00239d,2026-08-01T00:30:00Z,2026-08-01T02:30:00+0200,1.863,MW,NL,NL,actual_offshore_wind_generation,Wind Offshore | Actual Aggregated,2026-08-17T17:16:10Z
2026-08-17T17:12:16Z,2026-08-17T19:12:16+0200,f372a1fc-a0b6-48c3-b979-dc927b00239d,2026-08-01T00:30:00Z,2026-08-01T02:30:00+0200,38.832,MW,NL,NL,actual_offshore_wind_generation,Wind Offshore | Actual Consumption,2026-08-17T17:16:10Z
2026-08-17T17:12:16Z,2026-08-17T19:12:16+0200,f372a1fc-a0b6-48c3-b979-dc927b00239d,2026-08-01T00:45:00Z,2026-08-01T02:45:00+0200,0.149,MW,NL,NL,actual_offshore_wind_generation,Wind Offshore | Actual Aggregated,2026-08-17T17:16:10Z
2026-08-17T17:12:16Z,2026-08-17T19:12:16+0200,f372a1fc-a0b6-48c3-b979-dc927b00239d,2026-08-01T00:45:00Z,2026-08-01T02:45:00+0200,40.896,MW,NL,NL,actual_offshore_wind_generation,Wind Offshore | Actual Consumption,2026-08-17T17:16:10Z
2026-08-17T17:12:16Z,2026-08-17T19:12:16+0200,f372a1fc-a0b6-48c3-b979-dc927b00239d,2026-08-01T01:00:00Z,2026-08-01T03:00:00+0200,0.0,MW,NL,NL,actual_offshore_wind_generation,Wind Offshore | Actual Aggregated,2026-08-17T17:16:10Z
2026-08-17T17:12:16Z,2026-08-17T19:12:16+0200,f372a1fc-a0b6-48c3-b979-dc927b00239d,2026-08-01T01:00:00Z,2026-08-01T03:00:00+0200,42.108,MW,NL,NL,actual_offshore_wind_generation,Wind Offshore | Actual Consumption,2026-08-17T17:16:10Z
2026-08-17T17:12:16Z,2026-08-17T19:12:16+0200,f372a1fc-a0b6-48c3-b979-dc927b00239d,2026-08-01T01:15:00Z,2026-08-01T03:15:00+0200,0.0,MW,NL,NL,actual_offshore_wind_generation,Wind Offshore | Actual Aggregated,2026-08-17T17:16:10Z
2026-08-17T17:12:16Z,2026-08-17T19:12:16+0200,f372a1fc-a0b6-48c3-b979-dc927b00239d,2026-08-01T01:15:00Z,2026-08-01T03:15:00+0200,41.031,MW,NL,NL,actual_offshore_wind_generation,Wind Offshore | Actual Consumption,2026-08-17T17:16:10Z
2026-08-17T17:12:16Z,2026-08-17T19:12:16+0200,f372a1fc-a0b6-48c3-b979-dc927b00239d,2026-08-01T01:30:00Z,2026-08-01T03:30:00+0200,1.003,MW,NL,NL,actual_offshore_wind_generation,Wind Offshore | Actual Aggregated,2026-08-17T17:16:10Z
2026-08-17T17:12:16Z,2026-08-17T19:12:16+0200,f372a1fc-a0b6-48c3-b979-dc927b00239d,2026-08-01T01:30:00Z,2026-08-01T03:30:00+0200,38.458,MW,NL,NL,actual_offshore_wind_generation,Wind Offshore | Actual Consumption,2026-08-17T17:16:10Z
2026-08-17T17:12:16Z,2026-08-17T19:12:16+0200,f372a1fc-a0b6-48c3-b979-dc927b00239d,2026-08-01T01:45:00Z,2026-08-01T03:45:00+0200,0.501,MW,NL,NL,actual_offshore_wind_generation,Wind Offshore | Actual Aggregated,2026-08-17T17:16:10Z
2026-08-17T17:12:16Z,2026-08-17T19:12:16+0200,f372a1fc-a0b6-48c3-b979-dc927b00239d,2026-08-01T01:45:00Z,2026-08-01T03:45:00+0200,39.954,MW,NL,NL,actual_offshore_wind_generation,Wind Offshore | Actual Consumption,2026-08-17T17:16:10Z
2026-08-17T17:12:16Z,2026-08-17T19:12:16+0200,f372a1fc-a0b6-48c3-b979-dc927b00239d,2026-08-01T02:00:00Z,2026-08-01T04:00:00+0200,0.0,MW,NL,NL,actual_offshore_wind_generation,Wind Offshore | Actual Aggregated,2026-08-17T17:16:10Z
2026-08-17T17:12:16Z,2026-08-17T19:12:16+0200,f372a1fc-a0b6-48c3-b979-dc927b00239d,2026-08-01T02:00:00Z,2026-08-01T04:00:00+0200,41.671,MW,NL,NL,actual_offshore_wind_generation,Wind Offshore | Actual Consumption,2026-08-17T17:16:10Z
2026-08-17T17:12:16Z,2026-08-17T19:12:16+0200,f372a1fc-a0b6-48c3-b979-dc927b00239d,2026-08-01T02:15:00Z,2026-08-01T04:15:00+0200,0.0,MW,NL,NL,actual_offshore_wind_generation,Wind Offshore | Actual Aggregated,2026-08-17T17:16:10Z
2026-08-17T17:12:16Z,2026-08-17T19:12:16+0200,f372a1fc-a0b6-48c3-b979-dc927b00239d,2026-08-01T02:15:00Z,2026-08-01T04:15:00+0200,39.651,MW,NL,NL,actual_offshore_wind_generation,Wind Offshore | Actual Consumption,2026-08-17T17:16:10Z
2026-08-17T17:12:16Z,2026-08-17T19:12:16+0200,f372a1fc-a0b6-48c3-b979-dc927b00239d,2026-08-01T02:30:00Z,2026-08-01T04:30:00+0200,1.17,MW,NL,NL,actual_offshore_wind_generation,Wind Offshore | Actual Aggregated,2026-08-17T17:16:10Z
2026-08-17T17:12:16Z,2026-08-17T19:12:16+0200,f372a1fc-a0b6-48c3-b979-dc927b00239d,2026-08-01T02:30:00Z,2026-08-01T04:30:00+0200,38.354,MW,NL,NL,actual_offshore_wind_generation,Wind Offshore | Actual Consumption,2026-08-17T17:16:10Z
2026-08-17T17:12:16Z,2026-08-17T19:12:16+0200,f372a1fc-a0b6-48c3-b979-dc927b00239d,2026-08-01T02:45:00Z,2026-08-01T04:45:00+0200,5.346,MW,NL,NL,actual_offshore_wind_generation,Wind Offshore | Actual Aggregated,2026-08-17T17:16:10Z
2026-08-17T17:12:16Z,2026-08-17T19:12:16+0200,f372a1fc-a0b6-48c3-b979-dc927b00239d,2026-08-01T02:45:00Z,2026-08-01T04:45:00+0200,36.726,MW,NL,NL,actual_offshore_wind_generation,Wind Offshore | Actual Consumption,2026-08-17T17:16:10Z
2026-08-17T17:12:16Z,2026-08-17T19:12:16+0200,f372a1fc-a0b6-48c3-b979-dc927b00239d,2026-08-01T03:00:00Z,2026-08-01T05:00:00+0200,8.187,MW,NL,NL,actual_offshore_wind_generation,Wind Offshore | Actual Aggregated,2026-08-17T17:16:10Z
2026-08-17T17:12:16Z,2026-08-17T19:12:16+0200,f372a1fc-a0b6-48c3-b979-dc927b00239d,2026-08-01T03:00:00Z,2026-08-01T05:00:00+0200,37.731,MW,NL,NL,actual_offshore_wind_generation,Wind Offshore | Actual Consumption,2026-08-17T17:16:10Z
2026-08-17T17:12:16Z,2026-08-17T19:12:16+0200,f372a1fc-a0b6-48c3-b979-dc927b00239d,2026-08-01T03:15:00Z,2026-08-01T05:15:00+0200,15.816,MW,NL,NL,actual_offshore_wind_generation,Wind Offshore | Actual Aggregated,2026-08-17T17:16:10Z
2026-08-17T17:12:16Z,2026-08-17T19:12:16+0200,f372a1fc-a0b6-48c3-b979-dc927b00239d,2026-08-01T03:15:00Z,2026-08-01T05:15:00+0200,36.915,MW,NL,NL,actual_offshore_wind_generation,Wind Offshore | Actual Consumption,2026-08-17T17:16:10Z
2026-08-17T17:12:16Z,2026-08-17T19:12:16+0200,f372a1fc-a0b6-48c3-b979-dc927b00239d,2026-08-01T03:30:00Z,2026-08-01T05:30:00+0200,19.993,MW,NL,NL,actual_offshore_wind_generation,Wind Offshore | Actual Aggregated,2026-08-17T17:16:10Z
2026-08-17T17:12:16Z,2026-08-17T19:12:16+0200,f372a1fc-a0b6-48c3-b979-dc927b00239d,2026-08-01T03:30:00Z,2026-08-01T05:30:00+0200,36.657,MW,NL,NL,actual_offshore_wind_generation,Wind Offshore | Actual Consumption,2026-08-17T17:16:10Z
2026-08-17T17:12:16Z,2026-08-17T19:12:16+0200,f372a1fc-a0b6-48c3-b979-dc927b00239d,2026-08-01T03:45:00Z,2026-08-01T05:45:00+0200,24.783,MW,NL,NL,actual_offshore_wind_generation,Wind Offshore | Actual Aggregated,2026-08-17T17:16:10Z
2026-08-17T17:12:16Z,2026-08-17T19:12:16+0200,f372a1fc-a0b6-48c3-b979-dc927b00239d,2026-08-01T03:45:00Z,2026-08-01T05:45:00+0200,36.858,MW,NL,NL,actual_offshore_wind_generation,Wind Offshore | Actual Consumption,2026-08-17T17:16:10Z
2026-08-17T17:12:16Z,2026-08-17T19:12:16+0200,f372a1fc-a0b6-48c3-b979-dc927b00239d,2026-08-01T04:00:00Z,2026-08-01T06:00:00+0200,26.008,MW,NL,NL,actual_offshore_wind_generation,Wind Offshore | Actual Aggregated,2026-08-17T17:16:10Z
2026-08-17T17:12:16Z,2026-08-17T19:12:16+0200,f372a1fc-a0b6-48c3-b979-dc927b00239d,2026-08-01T04:00:00Z,2026-08-01T06:00:00+0200,36.872,MW,NL,NL,actual_offshore_wind_generation,Wind Offshore | Actual Consumption,2026-08-17T17:16:10Z
2026-08-17T17:12:16Z,2026-08-17T19:12:16+0200,f372a1fc-a0b6-48c3-b979-dc927b00239d,2026-08-01T04:15:00Z,2026-08-01T06:15:00+0200,20.049,MW,NL,NL,actual_offshore_wind_generation,Wind Offshore | Actual Aggregated,2026-08-17T17:16:10Z
2026-08-17T17:12:16Z,2026-08-17T19:12:16+0200,f372a1fc-a0b6-48c3-b979-dc927b00239d,2026-08-01T04:15:00Z,2026-08-01T06:15:00+0200,37.088,MW,NL,NL,actual_offshore_wind_generation,Wind Offshore | Actual Consumption,2026-08-17T17:16:10Z
2026-08-17T17:12:16Z,2026-08-17T19:12:16+0200,f372a1fc-a0b6-48c3-b979-dc927b00239d,2026-08-01T04:30:00Z,2026-08-01T06:30:00+0200,16.986,MW,NL,NL,actual_offshore_wind_generation,Wind Offshore | Actual Aggregated,2026-08-17T17:16:10Z
2026-08-17T17:12:16Z,2026-08-17T19:12:16+0200,f372a1fc-a0b6-48c3-b979-dc927b00239d,2026-08-01T04:30:00Z,2026-08-01T06:30:00+0200,37.153,MW,NL,NL,actual_offshore_wind_generation,Wind Offshore | Actual Consumption,2026-08-17T17:16:10Z
2026-08-17T17:12:16Z,2026-08-17T19:12:16+0200,f372a1fc-a0b6-48c3-b979-dc927b00239d,2026-08-01T04:45:00Z,2026-08-01T06:45:00+0200,14.87,MW,NL,NL,actual_offshore_wind_generation,Wind Offshore | Actual Aggregated,2026-08-17T17:16:10Z
2026-08-17T17:12:16Z,2026-08-17T19:12:16+0200,f372a1fc-a0b6-48c3-b979-dc927b00239d,2026-08-01T04:45:00Z,2026-08-01T06:45:00+0200,37.509,MW,NL,NL,actual_offshore_wind_generation,Wind Offshore | Actual Consumption,2026-08-17T17:16:10Z
2026-08-17T17:12:16Z,2026-08-17T19:12:16+0200,f372a1fc-a0b6-48c3-b979-dc927b00239d,2026-08-01T05:00:00Z,2026-08-01T07:00:00+0200,13.255,MW,NL,NL,actual_offshore_wind_generation,Wind Offshore | Actual Aggregated,2026-08-17T17:16:10Z
2026-08-17T17:12:16Z,2026-08-17T19:12:16+0200,f372a1fc-a0b6-48c3-b979-dc927b00239d,2026-08-01T05:00:00Z,2026-08-01T07:00:00+0200,37.764,MW,NL,NL,actual_offshore_wind_generation,Wind Offshore | Actual Consumption,2026-08-17T17:16:10Z
2026-08-17T17:12:16Z,2026-08-17T19:12:16+0200,f372a1fc-a0b6-48c3-b979-dc927b00239d,2026-08-01T05:15:00Z,2026-08-01T07:15:00+0200,12.475,MW,NL,NL,actual_offshore_wind_generation,Wind Offshore | Actual Aggregated,2026-08-17T17:16:10Z
2026-08-17T17:12:16Z,2026-08-17T19:12:16+0200,f372a1fc-a0b6-48c3-b979-dc927b00239d,2026-08-01T05:15:00Z,2026-08-01T07:15:00+0200,37.617,MW,NL,NL,actual_offshore_wind_generation,Wind Offshore | Actual Consumption,2026-08-17T17:16:10Z
2026-08-17T17:12:16Z,2026-08-17T19:12:16+0200,f372a1fc-a0b6-48c3-b979-dc927b00239d,2026-08-01T05:30:00Z,2026-08-01T07:30:00+0200,5.625,MW,NL,NL,actual_offshore_wind_generation,Wind Offshore | Actual Aggregated,2026-08-17T17:16:10Z
2026-08-17T17:12:16Z,2026-08-17T19:12:16+0200,f372a1fc-a0b6-48c3-b979-dc927b00239d,2026-08-01T05:30:00Z,2026-08-01T07:30:00+0200,38.191,MW,NL,NL,actual_offshore_wind_generation,Wind Offshore | Actual Consumption,2026-08-17T17:16:10Z
2026-08-17T17:12:16Z,2026-08-17T19:12:16+0200,f372a1fc-a0b6-48c3-b979-dc927b00239d,2026-08-01T05:45:00Z,2026-08-01T07:45:00+0200,3.787,MW,NL,NL,actual_offshore_wind_generation,Wind Offshore | Actual Aggregated,2026-08-17T17:16:10Z
2026-08-17T17:12:16Z,2026-08-17T19:12:16+0200,f372a1fc-a0b6-48c3-b979-dc927b00239d,2026-08-01T05:45:00Z,2026-08-01T07:45:00+0200,37.293,MW,NL,NL,actual_offshore_wind_generation,Wind Offshore | Actual Consumption,2026-08-17T17:16:10Z
2026-08-17T17:12:16Z,2026-08-17T19:12:16+0200,f372a1fc-a0b6-48c3-b979-dc927b00239d,2026-08-01T06:00:00Z,2026-08-01T08:00:00+0200,4.233,MW,NL,NL,actual_offshore_wind_generation,Wind Offshore | Actual Aggregated,2026-08-17T17:16:10Z
2026-08-17T17:12:16Z,2026-08-17T19:12:16+0200,f372a1fc-a0b6-48c3-b979-dc927b00239d,2026-08-01T06:00:00Z,2026-08-01T08:00:00+0200,36.952,MW,NL,NL,actual_offshore_wind_generation,Wind Offshore | Actual Consumption,2026-08-17T17:16:10Z
2026-08-17T17:12:16Z,2026-08-17T19:12:16+0200,f372a1fc-a0b6-48c3-b979-dc927b00239d,2026-08-01T06:15:00Z,2026-08-01T08:15:00+0200,2.751,MW,NL,NL,actual_offshore_wind_generation,Wind Offshore | Actual Aggregated,2026-08-17T17:16:10Z
2026-08-17T17:12:16Z,2026-08-17T19:12:16+0200,f372a1fc-a0b6-48c3-b979-dc927b00239d,2026-08-01T06:15:00Z,2026-08-01T08:15:00+0200,37.169,MW,NL,NL,actual_offshore_wind_generation,Wind Offshore | Actual Consumption,2026-08-17T17:16:10Z
2026-08-17T17:12:16Z,2026-08-17T19:12:16+0200,f372a1fc-a0b6-48c3-b979-dc927b00239d,2026-08-01T06:30:00Z,2026-08-01T08:30:00+0200,0.074,MW,NL,NL,actual_offshore_wind_generation,Wind Offshore | Actual Aggregated,2026-08-17T17:16:10Z
2026-08-17T17:12:16Z,2026-08-17T19:12:16+0200,f372a1fc-a0b6-48c3-b979-dc927b00239d,2026-08-01T06:30:00Z,2026-08-01T08:30:00+0200,38.886,MW,NL,NL,actual_offshore_wind_generation,Wind Offshore | Actual Consumption,2026-08-17T17:16:10Z
2026-08-17T17:12:16Z,2026-08-17T19:12:16+0200,f372a1fc-a0b6-48c3-b979-dc927b00239d,2026-08-01T06:45:00Z,2026-08-01T08:45:00+0200,1.402,MW,NL,NL,actual_offshore_wind_generation,Wind Offshore | Actual Aggregated,2026-08-17T17:16:10Z
2026-08-17T17:12:16Z,2026-08-17T19:12:16+0200,f372a1fc-a0b6-48c3-b979-dc927b00239d,2026-08-01T06:45:00Z,2026-08-01T08:45:00+0200,39.941,MW,NL,NL,actual_offshore_wind_generation,Wind Offshore | Actual Consumption,2026-08-17T17:16:10Z
2026-08-17T17:12:16Z,2026-08-17T19:12:16+0200,f372a1fc-a0b6-48c3-b979-dc927b00239d,2026-08-01T07:00:00Z,2026-08-01T09:00:00+0200,2.714,MW,NL,NL,actual_offshore_wind_generation,Wind Offshore | Actual Aggregated,2026-08-17T17:16:10Z
2026-08-17T17:12:16Z,2026-08-17T19:12:16+0200,f372a1fc-a0b6-48c3-b979-dc927b00239d,2026-08-01T07:00:00Z,2026-08-01T09:00:00+0200,37.06,MW,NL,NL,actual_offshore_wind_generation,Wind Offshore | Actual Consumption,2026-08-17T17:16:10Z
2026-08-17T17:12:16Z,2026-08-17T19:12:16+0200,f372a1fc-a0b6-48c3-b979-dc927b00239d,2026-08-01T07:15:00Z,2026-08-01T09:15:00+0200,6.499,MW,NL,NL,actual_offshore_wind_generation,Wind Offshore | Actual Aggregated,2026-08-17T17:16:10Z
2026-08-17T17:12:16Z,2026-08-17T19:12:16+0200,f372a1fc-a0b6-48c3-b979-dc927b00239d,2026-08-01T07:15:00Z,2026-08-01T09:15:00+0200,35.325,MW,NL,NL,actual_offshore_wind_generation,Wind Offshore | Actual Consumption,2026-08-17T17:16:10Z
2026-08-17T17:12:16Z,2026-08-17T19:12:16+0200,f372a1fc-a0b6-48c3-b979-dc927b00239d,2026-08-01T07:30:00Z,2026-08-01T09:30:00+0200,3.185,MW,NL,NL,actual_offshore_wind_generation,Wind Offshore | Actual Aggregated,2026-08-17T17:16:10Z
2026-08-17T17:12:16Z,2026-08-17T19:12:16+0200,f372a1fc-a0b6-48c3-b979-dc927b00239d,2026-08-01T07:30:00Z,2026-08-01T09:30:00+0200,34.325,MW,NL,NL,actual_offshore_wind_generation,Wind Offshore | Actual Consumption,2026-08-17T17:16:10Z
2026-08-17T17:12:16Z,2026-08-17T19:12:16+0200,f372a1fc-a0b6-48c3-b979-dc927b00239d,2026-08-01T07:45:00Z,2026-08-01T09:45:00+0200,1.96,MW,NL,NL,actual_offshore_wind_generation,Wind Offshore | Actual Aggregated,2026-08-17T17:16:10Z
2026-08-17T17:12:16Z,2026-08-17T19:12:16+0200,f372a1fc-a0b6-48c3-b979-dc927b00239d,2026-08-01T07:45:00Z,2026-08-01T09:45:00+0200,35.775,MW,NL,NL,actual_offshore_wind_generation,Wind Offshore | Actual Consumption,2026-08-17T17:16:10Z
2026-08-17T17:12:16Z,2026-08-17T19:12:16+0200,f372a1fc-a0b6-48c3-b979-dc927b00239d,2026-08-01T08:00:00Z,2026-08-01T10:00:00+0200,2.294,MW,NL,NL,actual_offshore_wind_generation,Wind Offshore | Actual Aggregated,2026-08-17T17:16:10Z
2026-08-17T17:12:16Z,2026-08-17T19:12:16+0200,f372a1fc-a0b6-48c3-b979-dc927b00239d,2026-08-01T08:00:00Z,2026-08-01T10:00:00+0200,35.768,MW,NL,NL,actual_offshore_wind_generation,Wind Offshore | Actual Consumption,2026-08-17T17:16:10Z
2026-08-17T17:12:16Z,2026-08-17T19:12:16+0200,f372a1fc-a0b6-48c3-b979-dc927b00239d,2026-08-01T08:15:00Z,2026-08-01T10:15:00+0200,5.1,MW,NL,NL,actual_offshore_wind_generation,Wind Offshore | Actual Aggregated,2026-08-17T17:16:10Z
2026-08-17T17:12:16Z,2026-08-17T19:12:16+0200,f372a1fc-a0b6-48c3-b979-dc927b00239d,2026-08-01T08:15:00Z,2026-08-01T10:15:00+0200,35.104,MW,NL,NL,actual_offshore_wind_generation,Wind Offshore | Actual Consumption,2026-08-17T17:16:10Z
2026-08-17T17:12:16Z,2026-08-17T19:12:16+0200,f372a1fc-a0b6-48c3-b979-dc927b00239d,2026-08-01T08:30:00Z,2026-08-01T10:30:00+0200,14.831,MW,NL,NL,actual_offshore_wind_generation,Wind Offshore | Actual Aggregated,2026-08-17T17:16:10Z
2026-08-17T17:12:16Z,2026-08-17T19:12:16+0200,f372a1fc-a0b6-48c3-b979-dc927b00239d,2026-08-01T08:30:00Z,2026-08-01T10:30:00+0200,33.809,MW,NL,NL,actual_offshore_wind_generation,Wind Offshore | Actual Consumption,2026-08-17T17:16:10Z
2026-08-17T17:12:16Z,2026-08-17T19:12:16+0200,f372a1fc-a0b6-48c3-b979-dc927b00239d,2026-08-01T08:45:00Z,2026-08-01T10:45:00+0200,25.091,MW,NL,NL,actual_offshore_wind_generation,Wind Offshore | Actual Aggregated,2026-08-17T17:16:10Z
2026-08-17T17:12:16Z,2026-08-17T19:12:16+0200,f372a1fc-a0b6-48c3-b979-dc927b00239d,2026-08-01T08:45:00Z,2026-08-01T10:45:00+0200,32.5,MW,NL,NL,actual_offshore_wind_generation,Wind Offshore | Actual Consumption,2026-08-17T17:16:10Z
2026-08-17T17:12:16Z,2026-08-17T19:12:16+0200,f372a1fc-a0b6-48c3-b979-dc927b00239d,2026-08-01T09:00:00Z,2026-08-01T11:00:00+0200,30.48,MW,NL,NL,actual_offshore_wind_generation,Wind Offshore | Actual Aggregated,2026-08-17T17:16:10Z
2026-08-17T17:12:16Z,2026-08-17T19:12:16+0200,f372a1fc-a0b6-48c3-b979-dc927b00239d,2026-08-01T09:00:00Z,2026-08-01T11:00:00+0200,32.258,MW,NL,NL,actual_offshore_wind_generation,Wind Offshore | Actual Consumption,2026-08-17T17:16:10Z
2026-08-17T17:12:16Z,2026-08-17T19:12:16+0200,f372a1fc-a0b6-48c3-b979-dc927b00239d,2026-08-01T09:15:00Z,2026-08-01T11:15:00+0200,33.239,MW,NL,NL,actual_offshore_wind_generation,Wind Offshore | Actual Aggregated,2026-08-17T17:16:10Z
2026-08-17T17:12:16Z,2026-08-17T19:12:16+0200,f372a1fc-a0b6-48c3-b979-dc927b00239d,2026-08-01T09:15:00Z,2026-08-01T11:15:00+0200,31.531,MW,NL,NL,actual_offshore_wind_generation,Wind Offshore | Actual Consumption,2026-08-17T17:16:10Z
2026-08-17T17:12:16Z,2026-08-17T19:12:16+0200,f372a1fc-a0b6-48c3-b979-dc927b00239d,2026-08-01T09:30:00Z,2026-08-01T11:30:00+0200,54.539,MW,NL,NL,actual_offshore_wind_generation,Wind Offshore | Actual Aggregated,2026-08-17T17:16:10Z
2026-08-17T17:12:16Z,2026-08-17T19:12:16+0200,f372a1fc-a0b6-48c3-b979-dc927b00239d,2026-08-01T09:30:00Z,2026-08-01T11:30:00+0200,28.481,MW,NL,NL,actual_offshore_wind_generation,Wind Offshore | Actual Consumption,2026-08-17T17:16:10Z
2026-08-17T17:12:16Z,2026-08-17T19:12:16+0200,f372a1fc-a0b6-48c3-b979-dc927b00239d,2026-08-01T09:45:00Z,2026-08-01T11:45:00+0200,85.561,MW,NL,NL,actual_offshore_wind_generation,Wind Offshore | Actual Aggregated,2026-08-17T17:16:10Z
2026-08-17T17:12:16Z,2026-08-17T19:12:16+0200,f372a1fc-a0b6-48c3-b979-dc927b00239d,2026-08-01T09:45:00Z,2026-08-01T11:45:00+0200,25.821,MW,NL,NL,actual_offshore_wind_generation,Wind Offshore | Actual Consumption,2026-08-17T17:16:10Z
2026-08-17T17:12:16Z,2026-08-17T19:12:16+0200,f372a1fc-a0b6-48c3-b979-dc927b00239d,2026-08-01T10:00:00Z,2026-08-01T12:00:00+0200,99.923,MW,NL,NL,actual_offshore_wind_generation,Wind Offshore | Actual Aggregated,2026-08-17T17:16:10Z
2026-08-17T17:12:16Z,2026-08-17T19:12:16+0200,f372a1fc-a0b6-48c3-b979-dc927b00239d,2026-08-01T10:00:00Z,2026-08-01T12:00:00+0200,24.72,MW,NL,NL,actual_offshore_wind_generation,Wind Offshore | Actual Consumption,2026-08-17T17:16:10Z
2026-08-17T17:12:16Z,2026-08-17T19:12:16+0200,f372a1fc-a0b6-48c3-b979-dc927b00239d,2026-08-01T10:15:00Z,2026-08-01T12:15:00+0200,104.886,MW,NL,NL,actual_offshore_wind_generation,Wind Offshore | Actual Aggregated,2026-08-17T17:16:10Z
2026-08-17T17:12:16Z,2026-08-17T19:12:16+0200,f372a1fc-a0b6-48c3-b979-dc927b00239d,2026-08-01T10:15:00Z,2026-08-01T12:15:00+0200,24.887,MW,NL,NL,actual_offshore_wind_generation,Wind Offshore | Actual Consumption,2026-08-17T17:16:10Z
2026-08-17T17:12:16Z,2026-08-17T19:12:16+0200,f372a1fc-a0b6-48c3-b979-dc927b00239d,2026-08-01T10:30:00Z,2026-08-01T12:30:00+0200,111.478,MW,NL,NL,actual_offshore_wind_generation,Wind Offshore | Actual Aggregated,2026-08-17T17:16:10Z
2026-08-17T17:12:16Z,2026-08-17T19:12:16+0200,f372a1fc-a0b6-48c3-b979-dc927b00239d,2026-08-01T10:30:00Z,2026-08-01T12:30:00+0200,24.859,MW,NL,NL,actual_offshore_wind_generation,Wind Offshore | Actual Consumption,2026-08-17T17:16:10Z
2026-08-17T17:12:16Z,2026-08-17T19:12:16+0200,f372a1fc-a0b6-48c3-b979-dc927b00239d,2026-08-01T10:45:00Z,2026-08-01T12:45:00+0200,109.724,MW,NL,NL,actual_offshore_wind_generation,Wind Offshore | Actual Aggregated,2026-08-17T17:16:10Z
2026-08-17T17:12:16Z,2026-08-17T19:12:16+0200,f372a1fc-a0b6-48c3-b979-dc927b00239d,2026-08-01T10:45:00Z,2026-08-01T12:45:00+0200,26.44,MW,NL,NL,actual_offshore_wind_generation,Wind Offshore | Actual Consumption,2026-08-17T17:16:10Z
2026-08-17T17:12:16Z,2026-08-17T19:12:16+0200,f372a1fc-a0b6-48c3-b979-dc927b00239d,2026-08-01T11:00:00Z,2026-08-01T13:00:00+0200,97.821,MW,NL,NL,actual_offshore_wind_generation,Wind Offshore | Actual Aggregated,2026-08-17T17:16:10Z
2026-08-17T17:12:16Z,2026-08-17T19:12:16+0200,f372a1fc-a0b6-48c3-b979-dc927b00239d,2026-08-01T11:00:00Z,2026-08-01T13:00:00+0200,30.942,MW,NL,NL,actual_offshore_wind_generation,Wind Offshore | Actual Consumption,2026-08-17T17:16:10Z
2026-08-17T17:12:16Z,2026-08-17T19:12:16+0200,f372a1fc-a0b6-48c3-b979-dc927b00239d,2026-08-01T11:15:00Z,2026-08-01T13:15:00+0200,136.672,MW,NL,NL,actual_offshore_wind_generation,Wind Offshore | Actual Aggregated,2026-08-17T17:16:10Z
2026-08-17T17:12:16Z,2026-08-17T19:12:16+0200,f372a1fc-a0b6-48c3-b979-dc927b00239d,2026-08-01T11:15:00Z,2026-08-01T13:15:00+0200,35.117,MW,NL,NL,actual_offshore_wind_generation,Wind Offshore | Actual Consumption,2026-08-17T17:16:10Z
2026-08-17T17:12:16Z,2026-08-17T19:12:16+0200,f372a1fc-a0b6-48c3-b979-dc927b00239d,2026-08-01T11:30:00Z,2026-08-01T13:30:00+0200,225.78,MW,NL,NL,actual_offshore_wind_generation,Wind Offshore | Actual Aggregated,2026-08-17T17:16:10Z
2026-08-17T17:12:16Z,2026-08-17T19:12:16+0200,f372a1fc-a0b6-48c3-b979-dc927b00239d,2026-08-01T11:30:00Z,2026-08-01T13:30:00+0200,36.201,MW,NL,NL,actual_offshore_wind_generation,Wind Offshore | Actual Consumption,2026-08-17T17:16:10Z
2026-08-17T17:12:16Z,2026-08-17T19:12:16+0200,f372a1fc-a0b6-48c3-b979-dc927b00239d,2026-08-01T11:45:00Z,2026-08-01T13:45:00+0200,222.232,MW,NL,NL,actual_offshore_wind_generation,Wind Offshore | Actual Aggregated,2026-08-17T17:16:10Z
2026-08-17T17:12:16Z,2026-08-17T19:12:16+0200,f372a1fc-a0b6-48c3-b979-dc927b00239d,2026-08-01T11:45:00Z,2026-08-01T13:45:00+0200,35.662,MW,NL,NL,actual_offshore_wind_generation,Wind Offshore | Actual Consumption,2026-08-17T17:16:10Z
2026-08-17T17:12:16Z,2026-08-17T19:12:16+0200,f372a1fc-a0b6-48c3-b979-dc927b00239d,2026-08-01T12:00:00Z,2026-08-01T14:00:00+0200,212.283,MW,NL,NL,actual_offshore_wind_generation,Wind Offshore | Actual Aggregated,2026-08-17T17:16:10Z
2026-08-17T17:12:16Z,2026-08-17T19:12:16+0200,f372a1fc-a0b6-48c3-b979-dc927b00239d,2026-08-01T12:00:00Z,2026-08-01T14:00:00+0200,34.308,MW,NL,NL,actual_offshore_wind_generation,Wind Offshore | Actual Consumption,2026-08-17T17:16:10Z
2026-08-17T17:12:16Z,2026-08-17T19:12:16+0200,f372a1fc-a0b6-48c3-b979-dc927b00239d,2026-08-01T12:15:00Z,2026-08-01T14:15:00+0200,167.583,MW,NL,NL,actual_offshore_wind_generation,Wind Offshore | Actual Aggregated,2026-08-17T17:16:10Z
2026-08-17T17:12:16Z,2026-08-17T19:12:16+0200,f372a1fc-a0b6-48c3-b979-dc927b00239d,2026-08-01T12:15:00Z,2026-08-01T14:15:00+0200,33.106,MW,NL,NL,actual_offshore_wind_generation,Wind Offshore | Actual Consumption,2026-08-17T17:16:10Z
2026-08-17T17:12:16Z,2026-08-17T19:12:16+0200,f372a1fc-a0b6-48c3-b979-dc927b00239d,2026-08-01T12:30:00Z,2026-08-01T14:30:00+0200,133.785,MW,NL,NL,actual_offshore_wind_generation,Wind Offshore | Actual Aggregated,2026-08-17T17:16:10Z
2026-08-17T17:12:16Z,2026-08-17T19:12:16+0200,f372a1fc-a0b6-48c3-b979-dc927b00239d,2026-08-01T12:30:00Z,2026-08-01T14:30:00+0200,34.953,MW,NL,NL,actual_offshore_wind_generation,Wind Offshore | Actual Consumption,2026-08-17T17:16:10Z
2026-08-17T17:12:16Z,2026-08-17T19:12:16+0200,f372a1fc-a0b6-48c3-b979-dc927b00239d,2026-08-01T12:45:00Z,2026-08-01T14:45:00+0200,105.395,MW,NL,NL,actual_offshore_wind_generation,Wind Offshore | Actual Aggregated,2026-08-17T17:16:10Z
2026-08-17T17:12:16Z,2026-08-17T19:12:16+0200,f372a1fc-a0b6-48c3-b979-dc927b00239d,2026-08-01T12:45:00Z,2026-08-01T14:45:00+0200,31.466,MW,NL,NL,actual_offshore_wind_generation,Wind Offshore | Actual Consumption,2026-08-17T17:16:10Z
2026-08-17T17:12:16Z,2026-08-17T19:12:16+0200,f372a1fc-a0b6-48c3-b979-dc927b00239d,2026-08-01T13:00:00Z,2026-08-01T15:00:00+0200,103.149,MW,NL,NL,actual_offshore_wind_generation,Wind Offshore | Actual Aggregated,2026-08-17T17:16:10Z
2026-08-17T17:12:16Z,2026-08-17T19:12:16+0200,f372a1fc-a0b6-48c3-b979-dc927b00239d,2026-08-01T13:00:00Z,2026-08-01T15:00:00+0200,31.915,MW,NL,NL,actual_offshore_wind_generation,Wind Offshore | Actual Consumption,2026-08-17T17:16:10Z
2026-08-17T17:12:16Z,2026-08-17T19:12:16+0200,f372a1fc-a0b6-48c3-b979-dc927b00239d,2026-08-01T13:15:00Z,2026-08-01T15:15:00+0200,101.238,MW,NL,NL,actual_offshore_wind_generation,Wind Offshore | Actual Aggregated,2026-08-17T17:16:10Z
2026-08-17T17:12:16Z,2026-08-17T19:12:16+0200,f372a1fc-a0b6-48c3-b979-dc927b00239d,2026-08-01T13:15:00Z,2026-08-01T15:15:00+0200,34.663,MW,NL,NL,actual_offshore_wind_generation,Wind Offshore | Actual Consumption,2026-08-17T17:16:10Z
2026-08-17T17:12:16Z,2026-08-17T19:12:16+0200,f372a1fc-a0b6-48c3-b979-dc927b00239d,2026-08-01T13:30:00Z,2026-08-01T15:30:00+0200,101.18,MW,NL,NL,actual_offshore_wind_generation,Wind Offshore | Actual Aggregated,2026-08-17T17:16:10Z
2026-08-17T17:12:16Z,2026-08-17T19:12:16+0200,f372a1fc-a0b6-48c3-b979-dc927b00239d,2026-08-01T13:30:00Z,2026-08-01T15:30:00+0200,36.511,MW,NL,NL,actual_offshore_wind_generation,Wind Offshore | Actual Consumption,2026-08-17T17:16:10Z
2026-08-17T17:12:16Z,2026-08-17T19:12:16+0200,f372a1fc-a0b6-48c3-b979-dc927b00239d,2026-08-01T13:45:00Z,2026-08-01T15:45:00+0200,112.446,MW,NL,NL,actual_offshore_wind_generation,Wind Offshore | Actual Aggregated,2026-08-17T17:16:10Z
2026-08-17T17:12:16Z,2026-08-17T19:12:16+0200,f372a1fc-a0b6-48c3-b979-dc927b00239d,2026-08-01T13:45:00Z,2026-08-01T15:45:00+0200,35.594,MW,NL,NL,actual_offshore_wind_generation,Wind Offshore | Actual Consumption,2026-08-17T17:16:10Z
2026-08-17T17:12:16Z,2026-08-17T19:12:16+0200,f372a1fc-a0b6-48c3-b979-dc927b00239d,2026-08-01T14:00:00Z,2026-08-01T16:00:00+0200,112.724,MW,NL,NL,actual_offshore_wind_generation,Wind Offshore | Actual Aggregated,2026-08-17T17:16:10Z
2026-08-17T17:12:16Z,2026-08-17T19:12:16+0200,f372a1fc-a0b6-48c3-b979-dc927b00239d,2026-08-01T14:00:00Z,2026-08-01T16:00:00+0200,37.013,MW,NL,NL,actual_offshore_wind_generation,Wind Offshore | Actual Consumption,2026-08-17T17:16:10Z
2026-08-17T17:12:16Z,2026-08-17T19:12:16+0200,f372a1fc-a0b6-48c3-b979-dc927b00239d,2026-08-01T14:15:00Z,2026-08-01T16:15:00+0200,99.753,MW,NL,NL,actual_offshore_wind_generation,Wind Offshore | Actual Aggregated,2026-08-17T17:16:10Z
2026-08-17T17:12:16Z,2026-08-17T19:12:16+0200,f372a1fc-a0b6-48c3-b979-dc927b00239d,2026-08-01T14:15:00Z,2026-08-01T16:15:00+0200,37.505,MW,NL,NL,actual_offshore_wind_generation,Wind Offshore | Actual Consumption,2026-08-17T17:16:10Z
2026-08-17T17:12:16Z,2026-08-17T19:12:16+0200,f372a1fc-a0b6-48c3-b979-dc927b00239d,2026-08-01T14:30:00Z,2026-08-01T16:30:00+0200,95.633,MW,NL,NL,actual_offshore_wind_generation,Wind Offshore | Actual Aggregated,2026-08-17T17:16:10Z
2026-08-17T17:12:16Z,2026-08-17T19:12:16+0200,f372a1fc-a0b6-48c3-b979-dc927b00239d,2026-08-01T14:30:00Z,2026-08-01T16:30:00+0200,35.698,MW,NL,NL,actual_offshore_wind_generation,Wind Offshore | Actual Consumption,2026-08-17T17:16:10Z
2026-08-17T17:12:16Z,2026-08-17T19:12:16+0200,f372a1fc-a0b6-48c3-b979-dc927b00239d,2026-08-01T14:45:00Z,2026-08-01T16:45:00+0200,95.219,MW,NL,NL,actual_offshore_wind_generation,Wind Offshore | Actual Aggregated,2026-08-17T17:16:10Z
2026-08-17T17:12:16Z,2026-08-17T19:12:16+0200,f372a1fc-a0b6-48c3-b979-dc927b00239d,2026-08-01T14:45:00Z,2026-08-01T16:45:00+0200,32.978,MW,NL,NL,actual_offshore_wind_generation,Wind Offshore | Actual Consumption,2026-08-17T17:16:10Z
2026-08-17T17:12:16Z,2026-08-17T19:12:16+0200,f372a1fc-a0b6-48c3-b979-dc927b00239d,2026-08-01T15:00:00Z,2026-08-01T17:00:00+0200,80.214,MW,NL,NL,actual_offshore_wind_generation,Wind Offshore | Actual Aggregated,2026-08-17T17:16:10Z
2026-08-17T17:12:16Z,2026-08-17T19:12:16+0200,f372a1fc-a0b6-48c3-b979-dc927b00239d,2026-08-01T15:00:00Z,2026-08-01T17:00:00+0200,29.983,MW,NL,NL,actual_offshore_wind_generation,Wind Offshore | Actual Consumption,2026-08-17T17:16:10Z
2026-08-17T17:12:16Z,2026-08-17T19:12:16+0200,f372a1fc-a0b6-48c3-b979-dc927b00239d,2026-08-01T15:15:00Z,2026-08-01T17:15:00+0200,81.88,MW,NL,NL,actual_offshore_wind_generation,Wind Offshore | Actual Aggregated,2026-08-17T17:16:10Z
2026-08-17T17:12:16Z,2026-08-17T19:12:16+0200,f372a1fc-a0b6-48c3-b979-dc927b00239d,2026-08-01T15:15:00Z,2026-08-01T17:15:00+0200,28.745,MW,NL,NL,actual_offshore_wind_generation,Wind Offshore | Actual Consumption,2026-08-17T17:16:10Z
2026-08-17T17:12:16Z,2026-08-17T19:12:16+0200,f372a1fc-a0b6-48c3-b979-dc927b00239d,2026-08-01T15:30:00Z,2026-08-01T17:30:00+0200,95.86,MW,NL,NL,actual_offshore_wind_generation,Wind Offshore | Actual Aggregated,2026-08-17T17:16:10Z
2026-08-17T17:12:16Z,2026-08-17T19:12:16+0200,f372a1fc-a0b6-48c3-b979-dc927b00239d,2026-08-01T15:30:00Z,2026-08-01T17:30:00+0200,27.005,MW,NL,NL,actual_offshore_wind_generation,Wind Offshore | Actual Consumption,2026-08-17T17:16:10Z
2026-08-17T17:12:16Z,2026-08-17T19:12:16+0200,f372a1fc-a0b6-48c3-b979-dc927b00239d,2026-08-01T15:45:00Z,2026-08-01T17:45:00+0200,96.895,MW,NL,NL,actual_offshore_wind_generation,Wind Offshore | Actual Aggregated,2026-08-17T17:16:10Z
2026-08-17T17:12:16Z,2026-08-17T19:12:16+0200,f372a1fc-a0b6-48c3-b979-dc927b00239d,2026-08-01T15:45:00Z,2026-08-01T17:45:00+0200,25.058,MW,NL,NL,actual_offshore_wind_generation,Wind Offshore | Actual Consumption,2026-08-17T17:16:10Z
2026-08-17T17:12:16Z,2026-08-17T19:12:16+0200,f372a1fc-a0b6-48c3-b979-dc927b00239d,2026-08-01T16:00:00Z,2026-08-01T18:00:00+0200,89.11,MW,NL,NL,actual_offshore_wind_generation,Wind Offshore | Actual Aggregated,2026-08-17T17:16:10Z
2026-08-17T17:12:16Z,2026-08-17T19:12:16+0200,f372a1fc-a0b6-48c3-b979-dc927b00239d,2026-08-01T16:00:00Z,2026-08-01T18:00:00+0200,24.336,MW,NL,NL,actual_offshore_wind_generation,Wind Offshore | Actual Consumption,2026-08-17T17:16:10Z
2026-08-17T17:12:16Z,2026-08-17T19:12:16+0200,f372a1fc-a0b6-48c3-b979-dc927b00239d,2026-08-01T16:15:00Z,2026-08-01T18:15:00+0200,80.796,MW,NL,NL,actual_offshore_wind_generation,Wind Offshore | Actual Aggregated,2026-08-17T17:16:10Z
2026-08-17T17:12:16Z,2026-08-17T19:12:16+0200,f372a1fc-a0b6-48c3-b979-dc927b00239d,2026-08-01T16:15:00Z,2026-08-01T18:15:00+0200,27.537,MW,NL,NL,actual_offshore_wind_generation,Wind Offshore | Actual Consumption,2026-08-17T17:16:10Z
2026-08-17T17:12:16Z,2026-08-17T19:12:16+0200,f372a1fc-a0b6-48c3-b979-dc927b00239d,2026-08-01T16:30:00Z,2026-08-01T18:30:00+0200,74.375,MW,NL,NL,actual_offshore_wind_generation,Wind Offshore | Actual Aggregated,2026-08-17T17:16:10Z
2026-08-17T17:12:16Z,2026-08-17T19:12:16+0200,f372a1fc-a0b6-48c3-b979-dc927b00239d,2026-08-01T16:30:00Z,2026-08-01T18:30:00+0200,28.559,MW,NL,NL,actual_offshore_wind_generation,Wind Offshore | Actual Consumption,2026-08-17T17:16:10Z
2026-08-17T17:12:16Z,2026-08-17T19:12:16+0200,f372a1fc-a0b6-48c3-b979-dc927b00239d,2026-08-01T16:45:00Z,2026-08-01T18:45:00+0200,68.767,MW,NL,NL,actual_offshore_wind_generation,Wind Offshore | Actual Aggregated,2026-08-17T17:16:10Z
2026-08-17T17:12:16Z,2026-08-17T19:12:16+0200,f372a1fc-a0b6-48c3-b979-dc927b00239d,2026-08-01T16:45:00Z,2026-08-01T18:45:00+0200,29.064,MW,NL,NL,actual_offshore_wind_generation,Wind Offshore | Actual Consumption,2026-08-17T17:16:10Z
2026-08-17T17:12:16Z,2026-08-17T19:12:16+0200,f372a1fc-a0b6-48c3-b979-dc927b00239d,2026-08-01T17:00:00Z,2026-08-01T19:00:00+0200,62.081,MW,NL,NL,actual_offshore_wind_generation,Wind Offshore | Actual Aggregated,2026-08-17T17:16:10Z
2026-08-17T17:12:16Z,2026-08-17T19:12:16+0200,f372a1fc-a0b6-48c3-b979-dc927b00239d,2026-08-01T17:00:00Z,2026-08-01T19:00:00+0200,29.314,MW,NL,NL,actual_offshore_wind_generation,Wind Offshore | Actual Consumption,2026-08-17T17:16:10Z
2026-08-17T17:12:16Z,2026-08-17T19:12:16+0200,f372a1fc-a0b6-48c3-b979-dc927b00239d,2026-08-01T17:15:00Z,2026-08-01T19:15:00+0200,56.167,MW,NL,NL,actual_offshore_wind_generation,Wind Offshore | Actual Aggregated,2026-08-17T17:16:10Z
2026-08-17T17:12:16Z,2026-08-17T19:12:16+0200,f372a1fc-a0b6-48c3-b979-dc927b00239d,2026-08-01T17:15:00Z,2026-08-01T19:15:00+0200,29.912,MW,NL,NL,actual_offshore_wind_generation,Wind Offshore | Actual Consumption,2026-08-17T17:16:10Z
2026-08-17T17:12:16Z,2026-08-17T19:12:16+0200,f372a1fc-a0b6-48c3-b979-dc927b00239d,2026-08-01T17:30:00Z,2026-08-01T19:30:00+0200,49.73,MW,NL,NL,actual_offshore_wind_generation,Wind Offshore | Actual Aggregated,2026-08-17T17:16:10Z
2026-08-17T17:12:16Z,2026-08-17T19:12:16+0200,f372a1fc-a0b6-48c3-b979-dc927b00239d,2026-08-01T17:30:00Z,2026-08-01T19:30:00+0200,29.779,MW,NL,NL,actual_offshore_wind_generation,Wind Offshore | Actual Consumption,2026-08-17T17:16:10Z
2026-08-17T17:12:16Z,2026-08-17T19:12:16+0200,f372a1fc-a0b6-48c3-b979-dc927b00239d,2026-08-01T17:45:00Z,2026-08-01T19:45:00+0200,37.064,MW,NL,NL,actual_offshore_wind_generation,Wind Offshore | Actual Aggregated,2026-08-17T17:16:10Z
2026-08-17T17:12:16Z,2026-08-17T19:12:16+0200,f372a1fc-a0b6-48c3-b979-dc927b00239d,2026-08-01T17:45:00Z,2026-08-01T19:45:00+0200,27.57,MW,NL,NL,actual_offshore_wind_generation,Wind Offshore | Actual Consumption,2026-08-17T17:16:10Z
2026-08-17T17:12:16Z,2026-08-17T19:12:16+0200,f372a1fc-a0b6-48c3-b979-dc927b00239d,2026-08-01T18:00:00Z,2026-08-01T20:00:00+0200,42.171,MW,NL,NL,actual_offshore_wind_generation,Wind Offshore | Actual Aggregated,2026-08-17T17:16:10Z
2026-08-17T17:12:16Z,2026-08-17T19:12:16+0200,f372a1fc-a0b6-48c3-b979-dc927b00239d,2026-08-01T18:00:00Z,2026-08-01T20:00:00+0200,28.409,MW,NL,NL,actual_offshore_wind_generation,Wind Offshore | Actual Consumption,2026-08-17T17:16:10Z
2026-08-17T17:12:16Z,2026-08-17T19:12:16+0200,f372a1fc-a0b6-48c3-b979-dc927b00239d,2026-08-01T18:15:00Z,2026-08-01T20:15:00+0200,52.362,MW,NL,NL,actual_offshore_wind_generation,Wind Offshore | Actual Aggregated,2026-08-17T17:16:10Z
2026-08-17T17:12:16Z,2026-08-17T19:12:16+0200,f372a1fc-a0b6-48c3-b979-dc927b00239d,2026-08-01T18:15:00Z,2026-08-01T20:15:00+0200,29.322,MW,NL,NL,actual_offshore_wind_generation,Wind Offshore | Actual Consumption,2026-08-17T17:16:10Z
2026-08-17T17:12:16Z,2026-08-17T19:12:16+0200,f372a1fc-a0b6-48c3-b979-dc927b00239d,2026-08-01T18:30:00Z,2026-08-01T20:30:00+0200,53.859,MW,NL,NL,actual_offshore_wind_generation,Wind Offshore | Actual Aggregated,2026-08-17T17:16:10Z
2026-08-17T17:12:16Z,2026-08-17T19:12:16+0200,f372a1fc-a0b6-48c3-b979-dc927b00239d,2026-08-01T18:30:00Z,2026-08-01T20:30:00+0200,27.944,MW,NL,NL,actual_offshore_wind_generation,Wind Offshore | Actual Consumption,2026-08-17T17:16:10Z
2026-08-17T17:12:16Z,2026-08-17T19:12:16+0200,f372a1fc-a0b6-48c3-b979-dc927b00239d,2026-08-01T18:45:00Z,2026-08-01T20:45:00+0200,55.267,MW,NL,NL,actual_offshore_wind_generation,Wind Offshore | Actual Aggregated,2026-08-17T17:16:10Z
2026-08-17T17:12:16Z,2026-08-17T19:12:16+0200,f372a1fc-a0b6-48c3-b979-dc927b00239d,2026-08-01T18:45:00Z,2026-08-01T20:45:00+0200,29.431,MW,NL,NL,actual_offshore_wind_generation,Wind Offshore | Actual Consumption,2026-08-17T17:16:10Z
2026-08-17T17:12:16Z,2026-08-17T19:12:16+0200,f372a1fc-a0b6-48c3-b979-dc927b00239d,2026-08-01T19:00:00Z,2026-08-01T21:00:00+0200,50.798,MW,NL,NL,actual_offshore_wind_generation,Wind Offshore | Actual Aggregated,2026-08-17T17:16:10Z
2026-08-17T17:12:16Z,2026-08-17T19:12:16+0200,f372a1fc-a0b6-48c3-b979-dc927b00239d,2026-08-01T19:00:00Z,2026-08-01T21:00:00+0200,30.118,MW,NL,NL,actual_offshore_wind_generation,Wind Offshore | Actual Consumption,2026-08-17T17:16:10Z
2026-08-17T17:12:16Z,2026-08-17T19:12:16+0200,f372a1fc-a0b6-48c3-b979-dc927b00239d,2026-08-01T19:15:00Z,2026-08-01T21:15:00+0200,52.717,MW,NL,NL,actual_offshore_wind_generation,Wind Offshore | Actual Aggregated,2026-08-17T17:16:10Z
2026-08-17T17:12:16Z,2026-08-17T19:12:16+0200,f372a1fc-a0b6-48c3-b979-dc927b00239d,2026-08-01T19:15:00Z,2026-08-01T21:15:00+0200,30.894,MW,NL,NL,actual_offshore_wind_generation,Wind Offshore | Actual Consumption,2026-08-17T17:16:10Z
2026-08-17T17:12:16Z,2026-08-17T19:12:16+0200,f372a1fc-a0b6-48c3-b979-dc927b00239d,2026-08-01T19:30:00Z,2026-08-01T21:30:00+0200,59.647,MW,NL,NL,actual_offshore_wind_generation,Wind Offshore | Actual Aggregated,2026-08-17T17:16:10Z
2026-08-17T17:12:16Z,2026-08-17T19:12:16+0200,f372a1fc-a0b6-48c3-b979-dc927b00239d,2026-08-01T19:30:00Z,2026-08-01T21:30:00+0200,29.762,MW,NL,NL,actual_offshore_wind_generation,Wind Offshore | Actual Consumption,2026-08-17T17:16:10Z
2026-08-17T17:12:16Z,2026-08-17T19:12:16+0200,f372a1fc-a0b6-48c3-b979-dc927b00239d,2026-08-01T19:45:00Z,2026-08-01T21:45:00+0200,65.317,MW,NL,NL,actual_offshore_wind_generation,Wind Offshore | Actual Aggregated,2026-08-17T17:16:10Z
2026-08-17T17:12:16Z,2026-08-17T19:12:16+0200,f372a1fc-a0b6-48c3-b979-dc927b00239d,2026-08-01T19:45:00Z,2026-08-01T21:45:00+0200,26.687,MW,NL,NL,actual_offshore_wind_generation,Wind Offshore | Actual Consumption,2026-08-17T17:16:10Z
2026-08-17T17:12:16Z,2026-08-17T19:12:16+0200,f372a1fc-a0b6-48c3-b979-dc927b00239d,2026-08-01T20:00:00Z,2026-08-01T22:00:00+0200,70.843,MW,NL,NL,actual_offshore_wind_generation,Wind Offshore | Actual Aggregated,2026-08-17T17:16:10Z
2026-08-17T17:12:16Z,2026-08-17T19:12:16+0200,f372a1fc-a0b6-48c3-b979-dc927b00239d,2026-08-01T20:00:00Z,2026-08-01T22:00:00+0200,25.474,MW,NL,NL,actual_offshore_wind_generation,Wind Offshore | Actual Consumption,2026-08-17T17:16:10Z
2026-08-17T17:12:16Z,2026-08-17T19:12:16+0200,f372a1fc-a0b6-48c3-b979-dc927b00239d,2026-08-01T20:15:00Z,2026-08-01T22:15:00+0200,75.879,MW,NL,NL,actual_offshore_wind_generation,Wind Offshore | Actual Aggregated,2026-08-17T17:16:10Z
2026-08-17T17:12:16Z,2026-08-17T19:12:16+0200,f372a1fc-a0b6-48c3-b979-dc927b00239d,2026-08-01T20:15:00Z,2026-08-01T22:15:00+0200,25.348,MW,NL,NL,actual_offshore_wind_generation,Wind Offshore | Actual Consumption,2026-08-17T17:16:10Z
2026-08-17T17:12:16Z,2026-08-17T19:12:16+0200,f372a1fc-a0b6-48c3-b979-dc927b00239d,2026-08-01T20:30:00Z,2026-08-01T22:30:00+0200,75.466,MW,NL,NL,actual_offshore_wind_generation,Wind Offshore | Actual Aggregated,2026-08-17T17:16:10Z
2026-08-17T17:12:16Z,2026-08-17T19:12:16+0200,f372a1fc-a0b6-48c3-b979-dc927b00239d,2026-08-01T20:30:00Z,2026-08-01T22:30:00+0200,26.516,MW,NL,NL,actual_offshore_wind_generation,Wind Offshore | Actual Consumption,2026-08-17T17:16:10Z
2026-08-17T17:12:16Z,2026-08-17T19:12:16+0200,f372a1fc-a0b6-48c3-b979-dc927b00239d,2026-08-01T20:45:00Z,2026-08-01T22:45:00+0200,62.433,MW,NL,NL,actual_offshore_wind_generation,Wind Offshore | Actual Aggregated,2026-08-17T17:16:10Z
2026-08-17T17:12:16Z,2026-08-17T19:12:16+0200,f372a1fc-a0b6-48c3-b979-dc927b00239d,2026-08-01T20:45:00Z,2026-08-01T22:45:00+0200,24.71,MW,NL,NL,actual_offshore_wind_generation,Wind Offshore | Actual Consumption,2026-08-17T17:16:10Z
2026-08-17T17:12:16Z,2026-08-17T19:12:16+0200,f372a1fc-a0b6-48c3-b979-dc927b00239d,2026-08-01T21:00:00Z,2026-08-01T23:00:00+0200,60.185,MW,NL,NL,actual_offshore_wind_generation,Wind Offshore | Actual Aggregated,2026-08-17T17:16:10Z
2026-08-17T17:12:16Z,2026-08-17T19:12:16+0200,f372a1fc-a0b6-48c3-b979-dc927b00239d,2026-08-01T21:00:00Z,2026-08-01T23:00:00+0200,26.584,MW,NL,NL,actual_offshore_wind_generation,Wind Offshore | Actual Consumption,2026-08-17T17:16:10Z
2026-08-17T17:12:16Z,2026-08-17T19:12:16+0200,f372a1fc-a0b6-48c3-b979-dc927b00239d,2026-08-01T21:15:00Z,2026-08-01T23:15:00+0200,60.474,MW,NL,NL,actual_offshore_wind_generation,Wind Offshore | Actual Aggregated,2026-08-17T17:16:10Z
2026-08-17T17:12:16Z,2026-08-17T19:12:16+0200,f372a1fc-a0b6-48c3-b979-dc927b00239d,2026-08-01T21:15:00Z,2026-08-01T23:15:00+0200,24.936,MW,NL,NL,actual_offshore_wind_generation,Wind Offshore | Actual Consumption,2026-08-17T17:16:10Z
2026-08-17T17:12:16Z,2026-08-17T19:12:16+0200,f372a1fc-a0b6-48c3-b979-dc927b00239d,2026-08-01T21:30:00Z,2026-08-01T23:30:00+0200,59.628,MW,NL,NL,actual_offshore_wind_generation,Wind Offshore | Actual Aggregated,2026-08-17T17:16:10Z
2026-08-17T17:12:16Z,2026-08-17T19:12:16+0200,f372a1fc-a0b6-48c3-b979-dc927b00239d,2026-08-01T21:30:00Z,2026-08-01T23:30:00+0200,22.456,MW,NL,NL,actual_offshore_wind_generation,Wind Offshore | Actual Consumption,2026-08-17T17:16:10Z
2026-08-17T17:12:16Z,2026-08-17T19:12:16+0200,f372a1fc-a0b6-48c3-b979-dc927b00239d,2026-08-01T21:45:00Z,2026-08-01T23:45:00+0200,73.457,MW,NL,NL,actual_offshore_wind_generation,Wind Offshore | Actual Aggregated,2026-08-17T17:16:10Z
2026-08-17T17:12:16Z,2026-08-17T19:12:16+0200,f372a1fc-a0b6-48c3-b979-dc927b00239d,2026-08-01T21:45:00Z,2026-08-01T23:45:00+0200,21.947,MW,NL,NL,actual_offshore_wind_generation,Wind Offshore | Actual Consumption,2026-08-17T17:16:10Z
2026-08-17T17:12:16Z,2026-08-17T19:12:16+0200,f372a1fc-a0b6-48c3-b979-dc927b00239d,2026-08-01T22:00:00Z,2026-08-02T00:00:00+0200,75.783,MW,NL,NL,actual_offshore_wind_generation,Wind Offshore | Actual Aggregated,2026-08-17T17:16:10Z
2026-08-17T17:12:16Z,2026-08-17T19:12:16+0200,f372a1fc-a0b6-48c3-b979-dc927b00239d,2026-08-01T22:00:00Z,2026-08-02T00:00:00+0200,20.743,MW,NL,NL,actual_offshore_wind_generation,Wind Offshore | Actual Consumption,2026-08-17T17:16:10Z
2026-08-17T17:12:16Z,2026-08-17T19:12:16+0200,f372a1fc-a0b6-48c3-b979-dc927b00239d,2026-08-01T22:15:00Z,2026-08-02T00:15:00+0200,64.013,MW,NL,NL,actual_offshore_wind_generation,Wind Offshore | Actual Aggregated,2026-08-17T17:16:10Z
2026-08-17T17:12:16Z,2026-08-17T19:12:16+0200,f372a1fc-a0b6-48c3-b979-dc927b00239d,2026-08-01T22:15:00Z,2026-08-02T00:15:00+0200,18.019,MW,NL,NL,actual_offshore_wind_generation,Wind Offshore | Actual Consumption,2026-08-17T17:16:10Z
2026-08-17T17:12:16Z,2026-08-17T19:12:16+0200,f372a1fc-a0b6-48c3-b979-dc927b00239d,2026-08-01T22:30:00Z,2026-08-02T00:30:00+0200,61.811,MW,NL,NL,actual_offshore_wind_generation,Wind Offshore | Actual Aggregated,2026-08-17T17:16:10Z
2026-08-17T17:12:16Z,2026-08-17T19:12:16+0200,f372a1fc-a0b6-48c3-b979-dc927b00239d,2026-08-01T22:30:00Z,2026-08-02T00:30:00+0200,16.125,MW,NL,NL,actual_offshore_wind_generation,Wind Offshore | Actual Consumption,2026-08-17T17:16:10Z
2026-08-17T17:12:16Z,2026-08-17T19:12:16+0200,f372a1fc-a0b6-48c3-b979-dc927b00239d,2026-08-01T22:45:00Z,2026-08-02T00:45:00+0200,71.064,MW,NL,NL,actual_offshore_wind_generation,Wind Offshore | Actual Aggregated,2026-08-17T17:16:10Z
2026-08-17T17:12:16Z,2026-08-17T19:12:16+0200,f372a1fc-a0b6-48c3-b979-dc927b00239d,2026-08-01T22:45:00Z,2026-08-02T00:45:00+0200,13.849,MW,NL,NL,actual_offshore_wind_generation,Wind Offshore | Actual Consumption,2026-08-17T17:16:10Z
2026-08-17T17:12:16Z,2026-08-17T19:12:16+0200,f372a1fc-a0b6-48c3-b979-dc927b00239d,2026-08-01T23:00:00Z,2026-08-02T01:00:00+0200,76.408,MW,NL,NL,actual_offshore_wind_generation,Wind Offshore | Actual Aggregated,2026-08-17T17:16:10Z
2026-08-17T17:12:16Z,2026-08-17T19:12:16+0200,f372a1fc-a0b6-48c3-b979-dc927b00239d,2026-08-01T23:00:00Z,2026-08-02T01:00:00+0200,11.518,MW,NL,NL,actual_offshore_wind_generation,Wind Offshore | Actual Consumption,2026-08-17T17:16:10Z
2026-08-17T17:12:16Z,2026-08-17T19:12:16+0200,f372a1fc-a0b6-48c3-b979-dc927b00239d,2026-08-01T23:15:00Z,2026-08-02T01:15:00+0200,72.146,MW,NL,NL,actual_offshore_wind_generation,Wind Offshore | Actual Aggregated,2026-08-17T17:16:10Z
2026-08-17T17:12:16Z,2026-08-17T19:12:16+0200,f372a1fc-a0b6-48c3-b979-dc927b00239d,2026-08-01T23:15:00Z,2026-08-02T01:15:00+0200,13.494,MW,NL,NL,actual_offshore_wind_generation,Wind Offshore | Actual Consumption,2026-08-17T17:16:10Z
2026-08-17T17:12:16Z,2026-08-17T19:12:16+0200,f372a1fc-a0b6-48c3-b979-dc927b00239d,2026-08-01T23:30:00Z,2026-08-02T01:30:00+0200,82.267,MW,NL,NL,actual_offshore_wind_generation,Wind Offshore | Actual Aggregated,2026-08-17T17:16:10Z
2026-08-17T17:12:16Z,2026-08-17T19:12:16+0200,f372a1fc-a0b6-48c3-b979-dc927b00239d,2026-08-01T23:30:00Z,2026-08-02T01:30:00+0200,11.646,MW,NL,NL,actual_offshore_wind_generation,Wind Offshore | Actual Consumption,2026-08-17T17:16:10Z
2026-08-17T17:12:16Z,2026-08-17T19:12:16+0200,f372a1fc-a0b6-48c3-b979-dc927b00239d,2026-08-01T23:45:00Z,2026-08-02T01:45:00+0200,90.713,MW,NL,NL,actual_offshore_wind_generation,Wind Offshore | Actual Aggregated,2026-08-17T17:16:10Z
2026-08-17T17:12:16Z,2026-08-17T19:12:16+0200,f372a1fc-a0b6-48c3-b979-dc927b00239d,2026-08-01T23:45:00Z,2026-08-02T01:45:00+0200,11.016,MW,NL,NL,actual_offshore_wind_generation,Wind Offshore | Actual Consumption,2026-08-17T17:16:10Z
2026-08-17T17:12:16Z,2026-08-17T19:12:16+0200,f372a1fc-a0b6-48c3-b979-dc927b00239d,2026-08-02T00:00:00Z,2026-08-02T02:00:00+0200,75.343,MW,NL,NL,actual_offshore_wind_generation,Wind Offshore | Actual Aggregated,2026-08-17T17:16:10Z
2026-08-17T17:12:16Z,2026-08-17T19:12:16+0200,f372a1fc-a0b6-48c3-b979-dc927b00239d,2026-08-02T00:00:00Z,2026-08-02T02:00:00+0200,13.808,MW,NL,NL,actual_offshore_wind_generation,Wind Offshore | Actual Consumption,2026-08-17T17:16:10Z
2026-08-17T17:12:16Z,2026-08-17T19:12:16+0200,f372a1fc-a0b6-48c3-b979-dc927b00239d,2026-08-02T00:15:00Z,2026-08-02T02:15:00+0200,68.118,MW,NL,NL,actual_offshore_wind_generation,Wind Offshore | Actual Aggregated,2026-08-17T17:16:10Z
2026-08-17T17:12:16Z,2026-08-17T19:12:16+0200,f372a1fc-a0b6-48c3-b979-dc927b00239d,2026-08-02T00:15:00Z,2026-08-02T02:15:00+0200,13.765,MW,NL,NL,actual_offshore_wind_generation,Wind Offshore | Actual Consumption,2026-08-17T17:16:10Z
2026-08-17T17:12:16Z,2026-08-17T19:12:16+0200,f372a1fc-a0b6-48c3-b979-dc927b00239d,2026-08-02T00:30:00Z,2026-08-02T02:30:00+0200,64.693,MW,NL,NL,actual_offshore_wind_generation,Wind Offshore | Actual Aggregated,2026-08-17T17:16:10Z
2026-08-17T17:12:16Z,2026-08-17T19:12:16+0200,f372a1fc-a0b6-48c3-b979-dc927b00239d,2026-08-02T00:30:00Z,2026-08-02T02:30:00+0200,8.996,MW,NL,NL,actual_offshore_wind_generation,Wind Offshore | Actual Consumption,2026-08-17T17:16:10Z
2026-08-17T17:12:16Z,2026-08-17T19:12:16+0200,f372a1fc-a0b6-48c3-b979-dc927b00239d,2026-08-02T00:45:00Z,2026-08-02T02:45:00+0200,67.204,MW,NL,NL,actual_offshore_wind_generation,Wind Offshore | Actual Aggregated,2026-08-17T17:16:10Z
2026-08-17T17:12:16Z,2026-08-17T19:12:16+0200,f372a1fc-a0b6-48c3-b979-dc927b00239d,2026-08-02T00:45:00Z,2026-08-02T02:45:00+0200,7.551,MW,NL,NL,actual_offshore_wind_generation,Wind Offshore | Actual Consumption,2026-08-17T17:16:10Z
2026-08-17T17:12:16Z,2026-08-17T19:12:16+0200,f372a1fc-a0b6-48c3-b979-dc927b00239d,2026-08-02T01:00:00Z,2026-08-02T03:00:00+0200,69.743,MW,NL,NL,actual_offshore_wind_generation,Wind Offshore | Actual Aggregated,2026-08-17T17:16:10Z
2026-08-17T17:12:16Z,2026-08-17T19:12:16+0200,f372a1fc-a0b6-48c3-b979-dc927b00239d,2026-08-02T01:00:00Z,2026-08-02T03:00:00+0200,9.693,MW,NL,NL,actual_offshore_wind_generation,Wind Offshore | Actual Consumption,2026-08-17T17:16:10Z
2026-08-17T17:12:16Z,2026-08-17T19:12:16+0200,f372a1fc-a0b6-48c3-b979-dc927b00239d,2026-08-02T01:15:00Z,2026-08-02T03:15:00+0200,88.277,MW,NL,NL,actual_offshore_wind_generation,Wind Offshore | Actual Aggregated,2026-08-17T17:16:10Z
2026-08-17T17:12:16Z,2026-08-17T19:12:16+0200,f372a1fc-a0b6-48c3-b979-dc927b00239d,2026-08-02T01:15:00Z,2026-08-02T03:15:00+0200,7.072,MW,NL,NL,actual_offshore_wind_generation,Wind Offshore | Actual Consumption,2026-08-17T17:16:10Z
2026-08-17T17:12:16Z,2026-08-17T19:12:16+0200,f372a1fc-a0b6-48c3-b979-dc927b00239d,2026-08-02T01:30:00Z,2026-08-02T03:30:00+0200,112.864,MW,NL,NL,actual_offshore_wind_generation,Wind Offshore | Actual Aggregated,2026-08-17T17:16:10Z
2026-08-17T17:12:16Z,2026-08-17T19:12:16+0200,f372a1fc-a0b6-48c3-b979-dc927b00239d,2026-08-02T01:30:00Z,2026-08-02T03:30:00+0200,3.656,MW,NL,NL,actual_offshore_wind_generation,Wind Offshore | Actual Consumption,2026-08-17T17:16:10Z
2026-08-17T17:12:16Z,2026-08-17T19:12:16+0200,f372a1fc-a0b6-48c3-b979-dc927b00239d,2026-08-02T01:45:00Z,2026-08-02T03:45:00+0200,121.846,MW,NL,NL,actual_offshore_wind_generation,Wind Offshore | Actual Aggregated,2026-08-17T17:16:10Z
2026-08-17T17:12:16Z,2026-08-17T19:12:16+0200,f372a1fc-a0b6-48c3-b979-dc927b00239d,2026-08-02T01:45:00Z,2026-08-02T03:45:00+0200,2.314,MW,NL,NL,actual_offshore_wind_generation,Wind Offshore | Actual Consumption,2026-08-17T17:16:10Z
2026-08-17T17:12:16Z,2026-08-17T19:12:16+0200,f372a1fc-a0b6-48c3-b979-dc927b00239d,2026-08-02T02:00:00Z,2026-08-02T04:00:00+0200,124.489,MW,NL,NL,actual_offshore_wind_generation,Wind Offshore | Actual Aggregated,2026-08-17T17:16:10Z
2026-08-17T17:12:16Z,2026-08-17T19:12:16+0200,f372a1fc-a0b6-48c3-b979-dc927b00239d,2026-08-02T02:00:00Z,2026-08-02T04:00:00+0200,0.387,MW,NL,NL,actual_offshore_wind_generation,Wind Offshore | Actual Consumption,2026-08-17T17:16:10Z
2026-08-17T17:12:16Z,2026-08-17T19:12:16+0200,f372a1fc-a0b6-48c3-b979-dc927b00239d,2026-08-02T02:15:00Z,2026-08-02T04:15:00+0200,122.957,MW,NL,NL,actual_offshore_wind_generation,Wind Offshore | Actual Aggregated,2026-08-17T17:16:10Z
2026-08-17T17:12:16Z,2026-08-17T19:12:16+0200,f372a1fc-a0b6-48c3-b979-dc927b00239d,2026-08-02T02:15:00Z,2026-08-02T04:15:00+0200,1.492,MW,NL,NL,actual_offshore_wind_generation,Wind Offshore | Actual Consumption,2026-08-17T17:16:10Z
2026-08-17T17:12:16Z,2026-08-17T19:12:16+0200,f372a1fc-a0b6-48c3-b979-dc927b00239d,2026-08-02T02:30:00Z,2026-08-02T04:30:00+0200,120.241,MW,NL,NL,actual_offshore_wind_generation,Wind Offshore | Actual Aggregated,2026-08-17T17:16:10Z
2026-08-17T17:12:16Z,2026-08-17T19:12:16+0200,f372a1fc-a0b6-48c3-b979-dc927b00239d,2026-08-02T02:30:00Z,2026-08-02T04:30:00+0200,0.0,MW,NL,NL,actual_offshore_wind_generation,Wind Offshore | Actual Consumption,2026-08-17T17:16:10Z
2026-08-17T17:12:16Z,2026-08-17T19:12:16+0200,f372a1fc-a0b6-48c3-b979-dc927b00239d,2026-08-02T02:45:00Z,2026-08-02T04:45:00+0200,123.727,MW,NL,NL,actual_offshore_wind_generation,Wind Offshore | Actual Aggregated,2026-08-17T17:16:10Z
2026-08-17T17:12:16Z,2026-08-17T19:12:16+0200,f372a1fc-a0b6-48c3-b979-dc927b00239d,2026-08-02T02:45:00Z,2026-08-02T04:45:00+0200,0.206,MW,NL,NL,actual_offshore_wind_generation,Wind Offshore | Actual Consumption,2026-08-17T17:16:10Z
2026-08-17T17:12:16Z,2026-08-17T19:12:16+0200,f372a1fc-a0b6-48c3-b979-dc927b00239d,2026-08-02T03:00:00Z,2026-08-02T05:00:00+0200,124.068,MW,NL,NL,actual_offshore_wind_generation,Wind Offshore | Actual Aggregated,2026-08-17T17:16:10Z
2026-08-17T17:12:16Z,2026-08-17T19:12:16+0200,f372a1fc-a0b6-48c3-b979-dc927b00239d,2026-08-02T03:00:00Z,2026-08-02T05:00:00+0200,0.291,MW,NL,NL,actual_offshore_wind_generation,Wind Offshore | Actual Consumption,2026-08-17T17:16:10Z
2026-08-17T17:12:16Z,2026-08-17T19:12:16+0200,f372a1fc-a0b6-48c3-b979-dc927b00239d,2026-08-02T03:15:00Z,2026-08-02T05:15:00+0200,122.539,MW,NL,NL,actual_offshore_wind_generation,Wind Offshore | Actual Aggregated,2026-08-17T17:16:10Z
2026-08-17T17:12:16Z,2026-08-17T19:12:16+0200,f372a1fc-a0b6-48c3-b979-dc927b00239d,2026-08-02T03:15:00Z,2026-08-02T05:15:00+0200,0.138,MW,NL,NL,actual_offshore_wind_generation,Wind Offshore | Actual Consumption,2026-08-17T17:16:10Z
2026-08-17T17:12:16Z,2026-08-17T19:12:16+0200,f372a1fc-a0b6-48c3-b979-dc927b00239d,2026-08-02T03:30:00Z,2026-08-02T05:30:00+0200,124.599,MW,NL,NL,actual_offshore_wind_generation,Wind Offshore | Actual Aggregated,2026-08-17T17:16:10Z
2026-08-17T17:12:16Z,2026-08-17T19:12:16+0200,f372a1fc-a0b6-48c3-b979-dc927b00239d,2026-08-02T03:30:00Z,2026-08-02T05:30:00+0200,2.188,MW,NL,NL,actual_offshore_wind_generation,Wind Offshore | Actual Consumption,2026-08-17T17:16:10Z
2026-08-17T17:12:16Z,2026-08-17T19:12:16+0200,f372a1fc-a0b6-48c3-b979-dc927b00239d,2026-08-02T03:45:00Z,2026-08-02T05:45:00+0200,132.816,MW,NL,NL,actual_offshore_wind_generation,Wind Offshore | Actual Aggregated,2026-08-17T17:16:10Z
2026-08-17T17:12:16Z,2026-08-17T19:12:16+0200,f372a1fc-a0b6-48c3-b979-dc927b00239d,2026-08-02T03:45:00Z,2026-08-02T05:45:00+0200,1.899,MW,NL,NL,actual_offshore_wind_generation,Wind Offshore | Actual Consumption,2026-08-17T17:16:10Z
2026-08-17T17:12:16Z,2026-08-17T19:12:16+0200,f372a1fc-a0b6-48c3-b979-dc927b00239d,2026-08-02T04:00:00Z,2026-08-02T06:00:00+0200,143.311,MW,NL,NL,actual_offshore_wind_generation,Wind Offshore | Actual Aggregated,2026-08-17T17:16:10Z
2026-08-17T17:12:16Z,2026-08-17T19:12:16+0200,f372a1fc-a0b6-48c3-b979-dc927b00239d,2026-08-02T04:00:00Z,2026-08-02T06:00:00+0200,1.953,MW,NL,NL,actual_offshore_wind_generation,Wind Offshore | Actual Consumption,2026-08-17T17:16:10Z
2026-08-17T17:12:16Z,2026-08-17T19:12:16+0200,f372a1fc-a0b6-48c3-b979-dc927b00239d,2026-08-02T04:15:00Z,2026-08-02T06:15:00+0200,156.965,MW,NL,NL,actual_offshore_wind_generation,Wind Offshore | Actual Aggregated,2026-08-17T17:16:10Z
2026-08-17T17:12:16Z,2026-08-17T19:12:16+0200,f372a1fc-a0b6-48c3-b979-dc927b00239d,2026-08-02T04:15:00Z,2026-08-02T06:15:00+0200,4.536,MW,NL,NL,actual_offshore_wind_generation,Wind Offshore | Actual Consumption,2026-08-17T17:16:10Z
2026-08-17T17:12:16Z,2026-08-17T19:12:16+0200,f372a1fc-a0b6-48c3-b979-dc927b00239d,2026-08-02T04:30:00Z,2026-08-02T06:30:00+0200,171.416,MW,NL,NL,actual_offshore_wind_generation,Wind Offshore | Actual Aggregated,2026-08-17T17:16:10Z
2026-08-17T17:12:16Z,2026-08-17T19:12:16+0200,f372a1fc-a0b6-48c3-b979-dc927b00239d,2026-08-02T04:30:00Z,2026-08-02T06:30:00+0200,4.592,MW,NL,NL,actual_offshore_wind_generation,Wind Offshore | Actual Consumption,2026-08-17T17:16:10Z
2026-08-17T17:12:16Z,2026-08-17T19:12:16+0200,f372a1fc-a0b6-48c3-b979-dc927b00239d,2026-08-02T04:45:00Z,2026-08-02T06:45:00+0200,172.634,MW,NL,NL,actual_offshore_wind_generation,Wind Offshore | Actual Aggregated,2026-08-17T17:16:10Z
2026-08-17T17:12:16Z,2026-08-17T19:12:16+0200,f372a1fc-a0b6-48c3-b979-dc927b00239d,2026-08-02T04:45:00Z,2026-08-02T06:45:00+0200,2.811,MW,NL,NL,actual_offshore_wind_generation,Wind Offshore | Actual Consumption,2026-08-17T17:16:10Z
2026-08-17T17:12:16Z,2026-08-17T19:12:16+0200,f372a1fc-a0b6-48c3-b979-dc927b00239d,2026-08-02T05:00:00Z,2026-08-02T07:00:00+0200,168.852,MW,NL,NL,actual_offshore_wind_generation,Wind Offshore | Actual Aggregated,2026-08-17T17:16:10Z
2026-08-17T17:12:16Z,2026-08-17T19:12:16+0200,f372a1fc-a0b6-48c3-b979-dc927b00239d,2026-08-02T05:00:00Z,2026-08-02T07:00:00+0200,1.631,MW,NL,NL,actual_offshore_wind_generation,Wind Offshore | Actual Consumption,2026-08-17T17:16:10Z
2026-08-17T17:12:16Z,2026-08-17T19:12:16+0200,f372a1fc-a0b6-48c3-b979-dc927b00239d,2026-08-02T05:15:00Z,2026-08-02T07:15:00+0200,167.935,MW,NL,NL,actual_offshore_wind_generation,Wind Offshore | Actual Aggregated,2026-08-17T17:16:10Z
2026-08-17T17:12:16Z,2026-08-17T19:12:16+0200,f372a1fc-a0b6-48c3-b979-dc927b00239d,2026-08-02T05:15:00Z,2026-08-02T07:15:00+0200,1.087,MW,NL,NL,actual_offshore_wind_generation,Wind Offshore | Actual Consumption,2026-08-17T17:16:10Z
2026-08-17T17:12:16Z,2026-08-17T19:12:16+0200,f372a1fc-a0b6-48c3-b979-dc927b00239d,2026-08-02T05:30:00Z,2026-08-02T07:30:00+0200,183.05,MW,NL,NL,actual_offshore_wind_generation,Wind Offshore | Actual Aggregated,2026-08-17T17:16:10Z
2026-08-17T17:12:16Z,2026-08-17T19:12:16+0200,f372a1fc-a0b6-48c3-b979-dc927b00239d,2026-08-02T05:30:00Z,2026-08-02T07:30:00+0200,0.083,MW,NL,NL,actual_offshore_wind_generation,Wind Offshore | Actual Consumption,2026-08-17T17:16:10Z
2026-08-17T17:12:16Z,2026-08-17T19:12:16+0200,f372a1fc-a0b6-48c3-b979-dc927b00239d,2026-08-02T05:45:00Z,2026-08-02T07:45:00+0200,205.78,MW,NL,NL,actual_offshore_wind_generation,Wind Offshore | Actual Aggregated,2026-08-17T17:16:10Z
2026-08-17T17:12:16Z,2026-08-17T19:12:16+0200,f372a1fc-a0b6-48c3-b979-dc927b00239d,2026-08-02T05:45:00Z,2026-08-02T07:45:00+0200,0.33,MW,NL,NL,actual_offshore_wind_generation,Wind Offshore | Actual Consumption,2026-08-17T17:16:10Z
2026-08-17T17:12:16Z,2026-08-17T19:12:16+0200,f372a1fc-a0b6-48c3-b979-dc927b00239d,2026-08-02T06:00:00Z,2026-08-02T08:00:00+0200,195.708,MW,NL,NL,actual_offshore_wind_generation,Wind Offshore | Actual Aggregated,2026-08-17T17:16:10Z
2026-08-17T17:12:16Z,2026-08-17T19:12:16+0200,f372a1fc-a0b6-48c3-b979-dc927b00239d,2026-08-02T06:00:00Z,2026-08-02T08:00:00+0200,0.386,MW,NL,NL,actual_offshore_wind_generation,Wind Offshore | Actual Consumption,2026-08-17T17:16:10Z
2026-08-17T17:12:16Z,2026-08-17T19:12:16+0200,f372a1fc-a0b6-48c3-b979-dc927b00239d,2026-08-02T06:15:00Z,2026-08-02T08:15:00+0200,178.766,MW,NL,NL,actual_offshore_wind_generation,Wind Offshore | Actual Aggregated,2026-08-17T17:16:10Z
2026-08-17T17:12:16Z,2026-08-17T19:12:16+0200,f372a1fc-a0b6-48c3-b979-dc927b00239d,2026-08-02T06:15:00Z,2026-08-02T08:15:00+0200,1.475,MW,NL,NL,actual_offshore_wind_generation,Wind Offshore | Actual Consumption,2026-08-17T17:16:10Z
2026-08-17T17:12:16Z,2026-08-17T19:12:16+0200,f372a1fc-a0b6-48c3-b979-dc927b00239d,2026-08-02T06:30:00Z,2026-08-02T08:30:00+0200,169.831,MW,NL,NL,actual_offshore_wind_generation,Wind Offshore | Actual Aggregated,2026-08-17T17:16:10Z
2026-08-17T17:12:16Z,2026-08-17T19:12:16+0200,f372a1fc-a0b6-48c3-b979-dc927b00239d,2026-08-02T06:30:00Z,2026-08-02T08:30:00+0200,1.75,MW,NL,NL,actual_offshore_wind_generation,Wind Offshore | Actual Consumption,2026-08-17T17:16:10Z
2026-08-17T17:12:16Z,2026-08-17T19:12:16+0200,f372a1fc-a0b6-48c3-b979-dc927b00239d,2026-08-02T06:45:00Z,2026-08-02T08:45:00+0200,156.004,MW,NL,NL,actual_offshore_wind_generation,Wind Offshore | Actual Aggregated,2026-08-17T17:16:10Z
2026-08-17T17:12:16Z,2026-08-17T19:12:16+0200,f372a1fc-a0b6-48c3-b979-dc927b00239d,2026-08-02T06:45:00Z,2026-08-02T08:45:00+0200,2.568,MW,NL,NL,actual_offshore_wind_generation,Wind Offshore | Actual Consumption,2026-08-17T17:16:10Z
2026-08-17T17:12:16Z,2026-08-17T19:12:16+0200,f372a1fc-a0b6-48c3-b979-dc927b00239d,2026-08-02T07:00:00Z,2026-08-02T09:00:00+0200,154.883,MW,NL,NL,actual_offshore_wind_generation,Wind Offshore | Actual Aggregated,2026-08-17T17:16:10Z
2026-08-17T17:12:16Z,2026-08-17T19:12:16+0200,f372a1fc-a0b6-48c3-b979-dc927b00239d,2026-08-02T07:00:00Z,2026-08-02T09:00:00+0200,7.185,MW,NL,NL,actual_offshore_wind_generation,Wind Offshore | Actual Consumption,2026-08-17T17:16:10Z
2026-08-17T17:12:16Z,2026-08-17T19:12:16+0200,f372a1fc-a0b6-48c3-b979-dc927b00239d,2026-08-02T07:15:00Z,2026-08-02T09:15:00+0200,114.16,MW,NL,NL,actual_offshore_wind_generation,Wind Offshore | Actual Aggregated,2026-08-17T17:16:10Z
2026-08-17T17:12:16Z,2026-08-17T19:12:16+0200,f372a1fc-a0b6-48c3-b979-dc927b00239d,2026-08-02T07:15:00Z,2026-08-02T09:15:00+0200,5.636,MW,NL,NL,actual_offshore_wind_generation,Wind Offshore | Actual Consumption,2026-08-17T17:16:10Z
2026-08-17T17:12:16Z,2026-08-17T19:12:16+0200,f372a1fc-a0b6-48c3-b979-dc927b00239d,2026-08-02T07:30:00Z,2026-08-02T09:30:00+0200,97.992,MW,NL,NL,actual_offshore_wind_generation,Wind Offshore | Actual Aggregated,2026-08-17T17:16:10Z
2026-08-17T17:12:16Z,2026-08-17T19:12:16+0200,f372a1fc-a0b6-48c3-b979-dc927b00239d,2026-08-02T07:30:00Z,2026-08-02T09:30:00+0200,5.214,MW,NL,NL,actual_offshore_wind_generation,Wind Offshore | Actual Consumption,2026-08-17T17:16:10Z
2026-08-17T17:12:16Z,2026-08-17T19:12:16+0200,f372a1fc-a0b6-48c3-b979-dc927b00239d,2026-08-02T07:45:00Z,2026-08-02T09:45:00+0200,67.604,MW,NL,NL,actual_offshore_wind_generation,Wind Offshore | Actual Aggregated,2026-08-17T17:16:10Z
2026-08-17T17:12:16Z,2026-08-17T19:12:16+0200,f372a1fc-a0b6-48c3-b979-dc927b00239d,2026-08-02T07:45:00Z,2026-08-02T09:45:00+0200,9.357,MW,NL,NL,actual_offshore_wind_generation,Wind Offshore | Actual Consumption,2026-08-17T17:16:10Z
2026-08-17T17:12:16Z,2026-08-17T19:12:16+0200,f372a1fc-a0b6-48c3-b979-dc927b00239d,2026-08-02T08:00:00Z,2026-08-02T10:00:00+0200,21.436,MW,NL,NL,actual_offshore_wind_generation,Wind Offshore | Actual Aggregated,2026-08-17T17:16:10Z
2026-08-17T17:12:16Z,2026-08-17T19:12:16+0200,f372a1fc-a0b6-48c3-b979-dc927b00239d,2026-08-02T08:00:00Z,2026-08-02T10:00:00+0200,11.153,MW,NL,NL,actual_offshore_wind_generation,Wind Offshore | Actual Consumption,2026-08-17T17:16:10Z
2026-08-17T17:12:16Z,2026-08-17T19:12:16+0200,f372a1fc-a0b6-48c3-b979-dc927b00239d,2026-08-02T08:15:00Z,2026-08-02T10:15:00+0200,25.46,MW,NL,NL,actual_offshore_wind_generation,Wind Offshore | Actual Aggregated,2026-08-17T17:16:10Z
2026-08-17T17:12:16Z,2026-08-17T19:12:16+0200,f372a1fc-a0b6-48c3-b979-dc927b00239d,2026-08-02T08:15:00Z,2026-08-02T10:15:00+0200,7.869,MW,NL,NL,actual_offshore_wind_generation,Wind Offshore | Actual Consumption,2026-08-17T17:16:10Z
2026-08-17T17:12:16Z,2026-08-17T19:12:16+0200,f372a1fc-a0b6-48c3-b979-dc927b00239d,2026-08-02T08:30:00Z,2026-08-02T10:30:00+0200,26.974,MW,NL,NL,actual_offshore_wind_generation,Wind Offshore | Actual Aggregated,2026-08-17T17:16:10Z
2026-08-17T17:12:16Z,2026-08-17T19:12:16+0200,f372a1fc-a0b6-48c3-b979-dc927b00239d,2026-08-02T08:30:00Z,2026-08-02T10:30:00+0200,4.607,MW,NL,NL,actual_offshore_wind_generation,Wind Offshore | Actual Consumption,2026-08-17T17:16:10Z
2026-08-17T17:12:16Z,2026-08-17T19:12:16+0200,f372a1fc-a0b6-48c3-b979-dc927b00239d,2026-08-02T08:45:00Z,2026-08-02T10:45:00+0200,17.308,MW,NL,NL,actual_offshore_wind_generation,Wind Offshore | Actual Aggregated,2026-08-17T17:16:10Z
2026-08-17T17:12:16Z,2026-08-17T19:12:16+0200,f372a1fc-a0b6-48c3-b979-dc927b00239d,2026-08-02T08:45:00Z,2026-08-02T10:45:00+0200,6.089,MW,NL,NL,actual_offshore_wind_generation,Wind Offshore | Actual Consumption,2026-08-17T17:16:10Z
2026-08-17T17:12:16Z,2026-08-17T19:12:16+0200,f372a1fc-a0b6-48c3-b979-dc927b00239d,2026-08-02T09:00:00Z,2026-08-02T11:00:00+0200,10.047,MW,NL,NL,actual_offshore_wind_generation,Wind Offshore | Actual Aggregated,2026-08-17T17:16:10Z
2026-08-17T17:12:16Z,2026-08-17T19:12:16+0200,f372a1fc-a0b6-48c3-b979-dc927b00239d,2026-08-02T09:00:00Z,2026-08-02T11:00:00+0200,11.7,MW,NL,NL,actual_offshore_wind_generation,Wind Offshore | Actual Consumption,2026-08-17T17:16:10Z
2026-08-17T17:12:16Z,2026-08-17T19:12:16+0200,f372a1fc-a0b6-48c3-b979-dc927b00239d,2026-08-02T09:15:00Z,2026-08-02T11:15:00+0200,12.227,MW,NL,NL,actual_offshore_wind_generation,Wind Offshore | Actual Aggregated,2026-08-17T17:16:10Z
2026-08-17T17:12:16Z,2026-08-17T19:12:16+0200,f372a1fc-a0b6-48c3-b979-dc927b00239d,2026-08-02T09:15:00Z,2026-08-02T11:15:00+0200,14.495,MW,NL,NL,actual_offshore_wind_generation,Wind Offshore | Actual Consumption,2026-08-17T17:16:10Z
2026-08-17T17:12:16Z,2026-08-17T19:12:16+0200,f372a1fc-a0b6-48c3-b979-dc927b00239d,2026-08-02T09:30:00Z,2026-08-02T11:30:00+0200,14.482,MW,NL,NL,actual_offshore_wind_generation,Wind Offshore | Actual Aggregated,2026-08-17T17:16:10Z
2026-08-17T17:12:16Z,2026-08-17T19:12:16+0200,f372a1fc-a0b6-48c3-b979-dc927b00239d,2026-08-02T09:30:00Z,2026-08-02T11:30:00+0200,16.189,MW,NL,NL,actual_offshore_wind_generation,Wind Offshore | Actual Consumption,2026-08-17T17:16:10Z
2026-08-17T17:12:16Z,2026-08-17T19:12:16+0200,f372a1fc-a0b6-48c3-b979-dc927b00239d,2026-08-02T09:45:00Z,2026-08-02T11:45:00+0200,20.399,MW,NL,NL,actual_offshore_wind_generation,Wind Offshore | Actual Aggregated,2026-08-17T17:16:10Z
2026-08-17T17:12:16Z,2026-08-17T19:12:16+0200,f372a1fc-a0b6-48c3-b979-dc927b00239d,2026-08-02T09:45:00Z,2026-08-02T11:45:00+0200,19.047,MW,NL,NL,actual_offshore_wind_generation,Wind Offshore | Actual Consumption,2026-08-17T17:16:10Z
2026-08-17T17:12:16Z,2026-08-17T19:12:16+0200,f372a1fc-a0b6-48c3-b979-dc927b00239d,2026-08-02T10:00:00Z,2026-08-02T12:00:00+0200,22.054,MW,NL,NL,actual_offshore_wind_generation,Wind Offshore | Actual Aggregated,2026-08-17T17:16:10Z
2026-08-17T17:12:16Z,2026-08-17T19:12:16+0200,f372a1fc-a0b6-48c3-b979-dc927b00239d,2026-08-02T10:00:00Z,2026-08-02T12:00:00+0200,21.342,MW,NL,NL,actual_offshore_wind_generation,Wind Offshore | Actual Consumption,2026-08-17T17:16:10Z
2026-08-17T17:12:16Z,2026-08-17T19:12:16+0200,f372a1fc-a0b6-48c3-b979-dc927b00239d,2026-08-02T10:15:00Z,2026-08-02T12:15:00+0200,29.241,MW,NL,NL,actual_offshore_wind_generation,Wind Offshore | Actual Aggregated,2026-08-17T17:16:10Z
2026-08-17T17:12:16Z,2026-08-17T19:12:16+0200,f372a1fc-a0b6-48c3-b979-dc927b00239d,2026-08-02T10:15:00Z,2026-08-02T12:15:00+0200,23.596,MW,NL,NL,actual_offshore_wind_generation,Wind Offshore | Actual Consumption,2026-08-17T17:16:10Z
2026-08-17T17:12:16Z,2026-08-17T19:12:16+0200,f372a1fc-a0b6-48c3-b979-dc927b00239d,2026-08-02T10:30:00Z,2026-08-02T12:30:00+0200,34.186,MW,NL,NL,actual_offshore_wind_generation,Wind Offshore | Actual Aggregated,2026-08-17T17:16:10Z
2026-08-17T17:12:16Z,2026-08-17T19:12:16+0200,f372a1fc-a0b6-48c3-b979-dc927b00239d,2026-08-02T10:30:00Z,2026-08-02T12:30:00+0200,21.934,MW,NL,NL,actual_offshore_wind_generation,Wind Offshore | Actual Consumption,2026-08-17T17:16:10Z
2026-08-17T17:12:16Z,2026-08-17T19:12:16+0200,f372a1fc-a0b6-48c3-b979-dc927b00239d,2026-08-02T10:45:00Z,2026-08-02T12:45:00+0200,31.837,MW,NL,NL,actual_offshore_wind_generation,Wind Offshore | Actual Aggregated,2026-08-17T17:16:10Z
2026-08-17T17:12:16Z,2026-08-17T19:12:16+0200,f372a1fc-a0b6-48c3-b979-dc927b00239d,2026-08-02T10:45:00Z,2026-08-02T12:45:00+0200,22.484,MW,NL,NL,actual_offshore_wind_generation,Wind Offshore | Actual Consumption,2026-08-17T17:16:10Z
2026-08-17T17:12:16Z,2026-08-17T19:12:16+0200,f372a1fc-a0b6-48c3-b979-dc927b00239d,2026-08-02T11:00:00Z,2026-08-02T13:00:00+0200,38.009,MW,NL,NL,actual_offshore_wind_generation,Wind Offshore | Actual Aggregated,2026-08-17T17:16:10Z
2026-08-17T17:12:16Z,2026-08-17T19:12:16+0200,f372a1fc-a0b6-48c3-b979-dc927b00239d,2026-08-02T11:00:00Z,2026-08-02T13:00:00+0200,20.32,MW,NL,NL,actual_offshore_wind_generation,Wind Offshore | Actual Consumption,2026-08-17T17:16:10Z
2026-08-17T17:12:16Z,2026-08-17T19:12:16+0200,f372a1fc-a0b6-48c3-b979-dc927b00239d,2026-08-02T11:15:00Z,2026-08-02T13:15:00+0200,47.306,MW,NL,NL,actual_offshore_wind_generation,Wind Offshore | Actual Aggregated,2026-08-17T17:16:10Z
2026-08-17T17:12:16Z,2026-08-17T19:12:16+0200,f372a1fc-a0b6-48c3-b979-dc927b00239d,2026-08-02T11:15:00Z,2026-08-02T13:15:00+0200,20.099,MW,NL,NL,actual_offshore_wind_generation,Wind Offshore | Actual Consumption,2026-08-17T17:16:10Z
2026-08-17T17:12:16Z,2026-08-17T19:12:16+0200,f372a1fc-a0b6-48c3-b979-dc927b00239d,2026-08-02T11:30:00Z,2026-08-02T13:30:00+0200,56.779,MW,NL,NL,actual_offshore_wind_generation,Wind Offshore | Actual Aggregated,2026-08-17T17:16:10Z
2026-08-17T17:12:16Z,2026-08-17T19:12:16+0200,f372a1fc-a0b6-48c3-b979-dc927b00239d,2026-08-02T11:30:00Z,2026-08-02T13:30:00+0200,19.317,MW,NL,NL,actual_offshore_wind_generation,Wind Offshore | Actual Consumption,2026-08-17T17:16:10Z
2026-08-17T17:12:16Z,2026-08-17T19:12:16+0200,f372a1fc-a0b6-48c3-b979-dc927b00239d,2026-08-02T11:45:00Z,2026-08-02T13:45:00+0200,65.974,MW,NL,NL,actual_offshore_wind_generation,Wind Offshore | Actual Aggregated,2026-08-17T17:16:10Z
2026-08-17T17:12:16Z,2026-08-17T19:12:16+0200,f372a1fc-a0b6-48c3-b979-dc927b00239d,2026-08-02T11:45:00Z,2026-08-02T13:45:00+0200,19.028,MW,NL,NL,actual_offshore_wind_generation,Wind Offshore | Actual Consumption,2026-08-17T17:16:10Z
2026-08-17T17:12:16Z,2026-08-17T19:12:16+0200,f372a1fc-a0b6-48c3-b979-dc927b00239d,2026-08-02T12:00:00Z,2026-08-02T14:00:00+0200,80.458,MW,NL,NL,actual_offshore_wind_generation,Wind Offshore | Actual Aggregated,2026-08-17T17:16:10Z
2026-08-17T17:12:16Z,2026-08-17T19:12:16+0200,f372a1fc-a0b6-48c3-b979-dc927b00239d,2026-08-02T12:00:00Z,2026-08-02T14:00:00+0200,16.826,MW,NL,NL,actual_offshore_wind_generation,Wind Offshore | Actual Consumption,2026-08-17T17:16:10Z
2026-08-17T17:12:16Z,2026-08-17T19:12:16+0200,f372a1fc-a0b6-48c3-b979-dc927b00239d,2026-08-02T12:15:00Z,2026-08-02T14:15:00+0200,97.037,MW,NL,NL,actual_offshore_wind_generation,Wind Offshore | Actual Aggregated,2026-08-17T17:16:10Z
2026-08-17T17:12:16Z,2026-08-17T19:12:16+0200,f372a1fc-a0b6-48c3-b979-dc927b00239d,2026-08-02T12:15:00Z,2026-08-02T14:15:00+0200,12.468,MW,NL,NL,actual_offshore_wind_generation,Wind Offshore | Actual Consumption,2026-08-17T17:16:10Z
2026-08-17T17:12:16Z,2026-08-17T19:12:16+0200,f372a1fc-a0b6-48c3-b979-dc927b00239d,2026-08-02T12:30:00Z,2026-08-02T14:30:00+0200,131.712,MW,NL,NL,actual_offshore_wind_generation,Wind Offshore | Actual Aggregated,2026-08-17T17:16:10Z
2026-08-17T17:12:16Z,2026-08-17T19:12:16+0200,f372a1fc-a0b6-48c3-b979-dc927b00239d,2026-08-02T12:30:00Z,2026-08-02T14:30:00+0200,10.732,MW,NL,NL,actual_offshore_wind_generation,Wind Offshore | Actual Consumption,2026-08-17T17:16:10Z
2026-08-17T17:12:16Z,2026-08-17T19:12:16+0200,f372a1fc-a0b6-48c3-b979-dc927b00239d,2026-08-02T12:45:00Z,2026-08-02T14:45:00+0200,151.992,MW,NL,NL,actual_offshore_wind_generation,Wind Offshore | Actual Aggregated,2026-08-17T17:16:10Z
2026-08-17T17:12:16Z,2026-08-17T19:12:16+0200,f372a1fc-a0b6-48c3-b979-dc927b00239d,2026-08-02T12:45:00Z,2026-08-02T14:45:00+0200,12.295,MW,NL,NL,actual_offshore_wind_generation,Wind Offshore | Actual Consumption,2026-08-17T17:16:10Z
2026-08-17T17:12:16Z,2026-08-17T19:12:16+0200,f372a1fc-a0b6-48c3-b979-dc927b00239d,2026-08-02T13:00:00Z,2026-08-02T15:00:00+0200,169.106,MW,NL,NL,actual_offshore_wind_generation,Wind Offshore | Actual Aggregated,2026-08-17T17:16:10Z
2026-08-17T17:12:16Z,2026-08-17T19:12:16+0200,f372a1fc-a0b6-48c3-b979-dc927b00239d,2026-08-02T13:00:00Z,2026-08-02T15:00:00+0200,13.655,MW,NL,NL,actual_offshore_wind_generation,Wind Offshore | Actual Consumption,2026-08-17T17:16:10Z
2026-08-17T17:12:16Z,2026-08-17T19:12:16+0200,f372a1fc-a0b6-48c3-b979-dc927b00239d,2026-08-02T13:15:00Z,2026-08-02T15:15:00+0200,206.499,MW,NL,NL,actual_offshore_wind_generation,Wind Offshore | Actual Aggregated,2026-08-17T17:16:10Z
2026-08-17T17:12:16Z,2026-08-17T19:12:16+0200,f372a1fc-a0b6-48c3-b979-dc927b00239d,2026-08-02T13:15:00Z,2026-08-02T15:15:00+0200,13.694,MW,NL,NL,actual_offshore_wind_generation,Wind Offshore | Actual Consumption,2026-08-17T17:16:10Z
2026-08-17T17:12:16Z,2026-08-17T19:12:16+0200,f372a1fc-a0b6-48c3-b979-dc927b00239d,2026-08-02T13:30:00Z,2026-08-02T15:30:00+0200,240.391,MW,NL,NL,actual_offshore_wind_generation,Wind Offshore | Actual Aggregated,2026-08-17T17:16:10Z
2026-08-17T17:12:16Z,2026-08-17T19:12:16+0200,f372a1fc-a0b6-48c3-b979-dc927b00239d,2026-08-02T13:30:00Z,2026-08-02T15:30:00+0200,13.034,MW,NL,NL,actual_offshore_wind_generation,Wind Offshore | Actual Consumption,2026-08-17T17:16:10Z
2026-08-17T17:12:16Z,2026-08-17T19:12:16+0200,f372a1fc-a0b6-48c3-b979-dc927b00239d,2026-08-02T13:45:00Z,2026-08-02T15:45:00+0200,262.619,MW,NL,NL,actual_offshore_wind_generation,Wind Offshore | Actual Aggregated,2026-08-17T17:16:10Z
2026-08-17T17:12:16Z,2026-08-17T19:12:16+0200,f372a1fc-a0b6-48c3-b979-dc927b00239d,2026-08-02T13:45:00Z,2026-08-02T15:45:00+0200,13.791,MW,NL,NL,actual_offshore_wind_generation,Wind Offshore | Actual Consumption,2026-08-17T17:16:10Z
2026-08-17T17:12:16Z,2026-08-17T19:12:16+0200,f372a1fc-a0b6-48c3-b979-dc927b00239d,2026-08-02T14:00:00Z,2026-08-02T16:00:00+0200,279.144,MW,NL,NL,actual_offshore_wind_generation,Wind Offshore | Actual Aggregated,2026-08-17T17:16:10Z
2026-08-17T17:12:16Z,2026-08-17T19:12:16+0200,f372a1fc-a0b6-48c3-b979-dc927b00239d,2026-08-02T14:00:00Z,2026-08-02T16:00:00+0200,13.772,MW,NL,NL,actual_offshore_wind_generation,Wind Offshore | Actual Consumption,2026-08-17T17:16:10Z
2026-08-17T17:12:16Z,2026-08-17T19:12:16+0200,f372a1fc-a0b6-48c3-b979-dc927b00239d,2026-08-02T14:15:00Z,2026-08-02T16:15:00+0200,310.167,MW,NL,NL,actual_offshore_wind_generation,Wind Offshore | Actual Aggregated,2026-08-17T17:16:10Z
2026-08-17T17:12:16Z,2026-08-17T19:12:16+0200,f372a1fc-a0b6-48c3-b979-dc927b00239d,2026-08-02T14:15:00Z,2026-08-02T16:15:00+0200,14.443,MW,NL,NL,actual_offshore_wind_generation,Wind Offshore | Actual Consumption,2026-08-17T17:16:10Z
2026-08-17T17:12:16Z,2026-08-17T19:12:16+0200,f372a1fc-a0b6-48c3-b979-dc927b00239d,2026-08-02T14:30:00Z,2026-08-02T16:30:00+0200,508.379,MW,NL,NL,actual_offshore_wind_generation,Wind Offshore | Actual Aggregated,2026-08-17T17:16:10Z
2026-08-17T17:12:16Z,2026-08-17T19:12:16+0200,f372a1fc-a0b6-48c3-b979-dc927b00239d,2026-08-02T14:30:00Z,2026-08-02T16:30:00+0200,13.955,MW,NL,NL,actual_offshore_wind_generation,Wind Offshore | Actual Consumption,2026-08-17T17:16:10Z
2026-08-17T17:12:16Z,2026-08-17T19:12:16+0200,f372a1fc-a0b6-48c3-b979-dc927b00239d,2026-08-02T14:45:00Z,2026-08-02T16:45:00+0200,577.545,MW,NL,NL,actual_offshore_wind_generation,Wind Offshore | Actual Aggregated,2026-08-17T17:16:10Z
2026-08-17T17:12:16Z,2026-08-17T19:12:16+0200,f372a1fc-a0b6-48c3-b979-dc927b00239d,2026-08-02T14:45:00Z,2026-08-02T16:45:00+0200,13.25,MW,NL,NL,actual_offshore_wind_generation,Wind Offshore | Actual Consumption,2026-08-17T17:16:10Z
2026-08-17T17:12:16Z,2026-08-17T19:12:16+0200,f372a1fc-a0b6-48c3-b979-dc927b00239d,2026-08-02T15:00:00Z,2026-08-02T17:00:00+0200,1029.429,MW,NL,NL,actual_offshore_wind_generation,Wind Offshore | Actual Aggregated,2026-08-17T17:16:10Z
2026-08-17T17:12:16Z,2026-08-17T19:12:16+0200,f372a1fc-a0b6-48c3-b979-dc927b00239d,2026-08-02T15:00:00Z,2026-08-02T17:00:00+0200,13.488,MW,NL,NL,actual_offshore_wind_generation,Wind Offshore | Actual Consumption,2026-08-17T17:16:10Z
2026-08-17T17:12:16Z,2026-08-17T19:12:16+0200,f372a1fc-a0b6-48c3-b979-dc927b00239d,2026-08-02T15:15:00Z,2026-08-02T17:15:00+0200,1657.542,MW,NL,NL,actual_offshore_wind_generation,Wind Offshore | Actual Aggregated,2026-08-17T17:16:10Z
2026-08-17T17:12:16Z,2026-08-17T19:12:16+0200,f372a1fc-a0b6-48c3-b979-dc927b00239d,2026-08-02T15:15:00Z,2026-08-02T17:15:00+0200,11.952,MW,NL,NL,actual_offshore_wind_generation,Wind Offshore | Actual Consumption,2026-08-17T17:16:10Z
2026-08-17T17:12:16Z,2026-08-17T19:12:16+0200,f372a1fc-a0b6-48c3-b979-dc927b00239d,2026-08-02T15:30:00Z,2026-08-02T17:30:00+0200,1818.577,MW,NL,NL,actual_offshore_wind_generation,Wind Offshore | Actual Aggregated,2026-08-17T17:16:10Z
2026-08-17T17:12:16Z,2026-08-17T19:12:16+0200,f372a1fc-a0b6-48c3-b979-dc927b00239d,2026-08-02T15:30:00Z,2026-08-02T17:30:00+0200,11.946,MW,NL,NL,actual_offshore_wind_generation,Wind Offshore | Actual Consumption,2026-08-17T17:16:10Z
2026-08-17T17:12:16Z,2026-08-17T19:12:16+0200,f372a1fc-a0b6-48c3-b979-dc927b00239d,2026-08-02T15:45:00Z,2026-08-02T17:45:00+0200,1912.884,MW,NL,NL,actual_offshore_wind_generation,Wind Offshore | Actual Aggregated,2026-08-17T17:16:10Z
2026-08-17T17:12:16Z,2026-08-17T19:12:16+0200,f372a1fc-a0b6-48c3-b979-dc927b00239d,2026-08-02T15:45:00Z,2026-08-02T17:45:00+0200,10.867,MW,NL,NL,actual_offshore_wind_generation,Wind Offshore | Actual Consumption,2026-08-17T17:16:10Z
2026-08-17T17:12:16Z,2026-08-17T19:12:16+0200,f372a1fc-a0b6-48c3-b979-dc927b00239d,2026-08-02T16:00:00Z,2026-08-02T18:00:00+0200,1974.035,MW,NL,NL,actual_offshore_wind_generation,Wind Offshore | Actual Aggregated,2026-08-17T17:16:10Z
2026-08-17T17:12:16Z,2026-08-17T19:12:16+0200,f372a1fc-a0b6-48c3-b979-dc927b00239d,2026-08-02T16:00:00Z,2026-08-02T18:00:00+0200,8.214,MW,NL,NL,actual_offshore_wind_generation,Wind Offshore | Actual Consumption,2026-08-17T17:16:10Z
2026-08-17T17:12:16Z,2026-08-17T19:12:16+0200,f372a1fc-a0b6-48c3-b979-dc927b00239d,2026-08-02T16:15:00Z,2026-08-02T18:15:00+0200,2082.801,MW,NL,NL,actual_offshore_wind_generation,Wind Offshore | Actual Aggregated,2026-08-17T17:16:10Z
2026-08-17T17:12:16Z,2026-08-17T19:12:16+0200,f372a1fc-a0b6-48c3-b979-dc927b00239d,2026-08-02T16:15:00Z,2026-08-02T18:15:00+0200,7.268,MW,NL,NL,actual_offshore_wind_generation,Wind Offshore | Actual Consumption,2026-08-17T17:16:10Z
2026-08-17T17:12:16Z,2026-08-17T19:12:16+0200,f372a1fc-a0b6-48c3-b979-dc927b00239d,2026-08-02T16:30:00Z,2026-08-02T18:30:00+0200,2167.976,MW,NL,NL,actual_offshore_wind_generation,Wind Offshore | Actual Aggregated,2026-08-17T17:16:10Z
2026-08-17T17:12:16Z,2026-08-17T19:12:16+0200,f372a1fc-a0b6-48c3-b979-dc927b00239d,2026-08-02T16:30:00Z,2026-08-02T18:30:00+0200,6.748,MW,NL,NL,actual_offshore_wind_generation,Wind Offshore | Actual Consumption,2026-08-17T17:16:10Z
2026-08-17T17:12:16Z,2026-08-17T19:12:16+0200,f372a1fc-a0b6-48c3-b979-dc927b00239d,2026-08-02T16:45:00Z,2026-08-02T18:45:00+0200,2250.074,MW,NL,NL,actual_offshore_wind_generation,Wind Offshore | Actual Aggregated,2026-08-17T17:16:10Z
2026-08-17T17:12:16Z,2026-08-17T19:12:16+0200,f372a1fc-a0b6-48c3-b979-dc927b00239d,2026-08-02T16:45:00Z,2026-08-02T18:45:00+0200,8.347,MW,NL,NL,actual_offshore_wind_generation,Wind Offshore | Actual Consumption,2026-08-17T17:16:10Z
2026-08-17T17:12:16Z,2026-08-17T19:12:16+0200,f372a1fc-a0b6-48c3-b979-dc927b00239d,2026-08-02T17:00:00Z,2026-08-02T19:00:00+0200,2334.192,MW,NL,NL,actual_offshore_wind_generation,Wind Offshore | Actual Aggregated,2026-08-17T17:16:10Z
2026-08-17T17:12:16Z,2026-08-17T19:12:16+0200,f372a1fc-a0b6-48c3-b979-dc927b00239d,2026-08-02T17:00:00Z,2026-08-02T19:00:00+0200,10.789,MW,NL,NL,actual_offshore_wind_generation,Wind Offshore | Actual Consumption,2026-08-17T17:16:10Z
2026-08-17T17:12:16Z,2026-08-17T19:12:16+0200,f372a1fc-a0b6-48c3-b979-dc927b00239d,2026-08-02T17:15:00Z,2026-08-02T19:15:00+0200,2408.088,MW,NL,NL,actual_offshore_wind_generation,Wind Offshore | Actual Aggregated,2026-08-17T17:16:10Z
2026-08-17T17:12:16Z,2026-08-17T19:12:16+0200,f372a1fc-a0b6-48c3-b979-dc927b00239d,2026-08-02T17:15:00Z,2026-08-02T19:15:00+0200,12.592,MW,NL,NL,actual_offshore_wind_generation,Wind Offshore | Actual Consumption,2026-08-17T17:16:10Z
2026-08-17T17:12:16Z,2026-08-17T19:12:16+0200,f372a1fc-a0b6-48c3-b979-dc927b00239d,2026-08-02T17:30:00Z,2026-08-02T19:30:00+0200,2422.032,MW,NL,NL,actual_offshore_wind_generation,Wind Offshore | Actual Aggregated,2026-08-17T17:16:10Z
2026-08-17T17:12:16Z,2026-08-17T19:12:16+0200,f372a1fc-a0b6-48c3-b979-dc927b00239d,2026-08-02T17:30:00Z,2026-08-02T19:30:00+0200,14.278,MW,NL,NL,actual_offshore_wind_generation,Wind Offshore | Actual Consumption,2026-08-17T17:16:10Z
2026-08-17T17:12:16Z,2026-08-17T19:12:16+0200,f372a1fc-a0b6-48c3-b979-dc927b00239d,2026-08-02T17:45:00Z,2026-08-02T19:45:00+0200,2468.31,MW,NL,NL,actual_offshore_wind_generation,Wind Offshore | Actual Aggregated,2026-08-17T17:16:10Z
2026-08-17T17:12:16Z,2026-08-17T19:12:16+0200,f372a1fc-a0b6-48c3-b979-dc927b00239d,2026-08-02T17:45:00Z,2026-08-02T19:45:00+0200,13.615,MW,NL,NL,actual_offshore_wind_generation,Wind Offshore | Actual Consumption,2026-08-17T17:16:10Z
2026-08-17T17:12:16Z,2026-08-17T19:12:16+0200,f372a1fc-a0b6-48c3-b979-dc927b00239d,2026-08-02T18:00:00Z,2026-08-02T20:00:00+0200,2576.67,MW,NL,NL,actual_offshore_wind_generation,Wind Offshore | Actual Aggregated,2026-08-17T17:16:10Z
2026-08-17T17:12:16Z,2026-08-17T19:12:16+0200,f372a1fc-a0b6-48c3-b979-dc927b00239d,2026-08-02T18:00:00Z,2026-08-02T20:00:00+0200,15.035,MW,NL,NL,actual_offshore_wind_generation,Wind Offshore | Actual Consumption,2026-08-17T17:16:10Z
2026-08-17T17:12:16Z,2026-08-17T19:12:16+0200,f372a1fc-a0b6-48c3-b979-dc927b00239d,2026-08-02T18:15:00Z,2026-08-02T20:15:00+0200,2695.611,MW,NL,NL,actual_offshore_wind_generation,Wind Offshore | Actual Aggregated,2026-08-17T17:16:10Z
2026-08-17T17:12:16Z,2026-08-17T19:12:16+0200,f372a1fc-a0b6-48c3-b979-dc927b00239d,2026-08-02T18:15:00Z,2026-08-02T20:15:00+0200,16.135,MW,NL,NL,actual_offshore_wind_generation,Wind Offshore | Actual Consumption,2026-08-17T17:16:10Z
2026-08-17T17:12:16Z,2026-08-17T19:12:16+0200,f372a1fc-a0b6-48c3-b979-dc927b00239d,2026-08-02T18:30:00Z,2026-08-02T20:30:00+0200,2827.909,MW,NL,NL,actual_offshore_wind_generation,Wind Offshore | Actual Aggregated,2026-08-17T17:16:10Z
2026-08-17T17:12:16Z,2026-08-17T19:12:16+0200,f372a1fc-a0b6-48c3-b979-dc927b00239d,2026-08-02T18:30:00Z,2026-08-02T20:30:00+0200,14.312,MW,NL,NL,actual_offshore_wind_generation,Wind Offshore | Actual Consumption,2026-08-17T17:16:10Z
2026-08-17T17:12:16Z,2026-08-17T19:12:16+0200,f372a1fc-a0b6-48c3-b979-dc927b00239d,2026-08-02T18:45:00Z,2026-08-02T20:45:00+0200,2932.848,MW,NL,NL,actual_offshore_wind_generation,Wind Offshore | Actual Aggregated,2026-08-17T17:16:10Z
2026-08-17T17:12:16Z,2026-08-17T19:12:16+0200,f372a1fc-a0b6-48c3-b979-dc927b00239d,2026-08-02T18:45:00Z,2026-08-02T20:45:00+0200,13.969,MW,NL,NL,actual_offshore_wind_generation,Wind Offshore | Actual Consumption,2026-08-17T17:16:10Z
2026-08-17T17:12:16Z,2026-08-17T19:12:16+0200,f372a1fc-a0b6-48c3-b979-dc927b00239d,2026-08-02T19:00:00Z,2026-08-02T21:00:00+0200,3065.413,MW,NL,NL,actual_offshore_wind_generation,Wind Offshore | Actual Aggregated,2026-08-17T17:16:10Z
2026-08-17T17:12:16Z,2026-08-17T19:12:16+0200,f372a1fc-a0b6-48c3-b979-dc927b00239d,2026-08-02T19:00:00Z,2026-08-02T21:00:00+0200,12.964,MW,NL,NL,actual_offshore_wind_generation,Wind Offshore | Actual Consumption,2026-08-17T17:16:10Z
2026-08-17T17:12:16Z,2026-08-17T19:12:16+0200,f372a1fc-a0b6-48c3-b979-dc927b00239d,2026-08-02T19:15:00Z,2026-08-02T21:15:00+0200,3165.695,MW,NL,NL,actual_offshore_wind_generation,Wind Offshore | Actual Aggregated,2026-08-17T17:16:10Z
2026-08-17T17:12:16Z,2026-08-17T19:12:16+0200,f372a1fc-a0b6-48c3-b979-dc927b00239d,2026-08-02T19:15:00Z,2026-08-02T21:15:00+0200,13.998,MW,NL,NL,actual_offshore_wind_generation,Wind Offshore | Actual Consumption,2026-08-17T17:16:10Z
2026-08-17T17:12:16Z,2026-08-17T19:12:16+0200,f372a1fc-a0b6-48c3-b979-dc927b00239d,2026-08-02T19:30:00Z,2026-08-02T21:30:00+0200,3257.821,MW,NL,NL,actual_offshore_wind_generation,Wind Offshore | Actual Aggregated,2026-08-17T17:16:10Z
2026-08-17T17:12:16Z,2026-08-17T19:12:16+0200,f372a1fc-a0b6-48c3-b979-dc927b00239d,2026-08-02T19:30:00Z,2026-08-02T21:30:00+0200,14.062,MW,NL,NL,actual_offshore_wind_generation,Wind Offshore | Actual Consumption,2026-08-17T17:16:10Z
2026-08-17T17:12:16Z,2026-08-17T19:12:16+0200,f372a1fc-a0b6-48c3-b979-dc927b00239d,2026-08-02T19:45:00Z,2026-08-02T21:45:00+0200,3322.045,MW,NL,NL,actual_offshore_wind_generation,Wind Offshore | Actual Aggregated,2026-08-17T17:16:10Z
2026-08-17T17:12:16Z,2026-08-17T19:12:16+0200,f372a1fc-a0b6-48c3-b979-dc927b00239d,2026-08-02T19:45:00Z,2026-08-02T21:45:00+0200,15.184,MW,NL,NL,actual_offshore_wind_generation,Wind Offshore | Actual Consumption,2026-08-17T17:16:10Z
2026-08-17T17:12:16Z,2026-08-17T19:12:16+0200,f372a1fc-a0b6-48c3-b979-dc927b00239d,2026-08-02T20:00:00Z,2026-08-02T22:00:00+0200,3370.449,MW,NL,NL,actual_offshore_wind_generation,Wind Offshore | Actual Aggregated,2026-08-17T17:16:10Z
2026-08-17T17:12:16Z,2026-08-17T19:12:16+0200,f372a1fc-a0b6-48c3-b979-dc927b00239d,2026-08-02T20:00:00Z,2026-08-02T22:00:00+0200,15.32,MW,NL,NL,actual_offshore_wind_generation,Wind Offshore | Actual Consumption,2026-08-17T17:16:10Z
2026-08-17T17:12:16Z,2026-08-17T19:12:16+0200,f372a1fc-a0b6-48c3-b979-dc927b00239d,2026-08-02T20:15:00Z,2026-08-02T22:15:00+0200,3415.121,MW,NL,NL,actual_offshore_wind_generation,Wind Offshore | Actual Aggregated,2026-08-17T17:16:10Z
2026-08-17T17:12:16Z,2026-08-17T19:12:16+0200,f372a1fc-a0b6-48c3-b979-dc927b00239d,2026-08-02T20:15:00Z,2026-08-02T22:15:00+0200,15.661,MW,NL,NL,actual_offshore_wind_generation,Wind Offshore | Actual Consumption,2026-08-17T17:16:10Z
2026-08-17T17:12:16Z,2026-08-17T19:12:16+0200,f372a1fc-a0b6-48c3-b979-dc927b00239d,2026-08-02T20:30:00Z,2026-08-02T22:30:00+0200,3490.082,MW,NL,NL,actual_offshore_wind_generation,Wind Offshore | Actual Aggregated,2026-08-17T17:16:10Z
2026-08-17T17:12:16Z,2026-08-17T19:12:16+0200,f372a1fc-a0b6-48c3-b979-dc927b00239d,2026-08-02T20:30:00Z,2026-08-02T22:30:00+0200,16.046,MW,NL,NL,actual_offshore_wind_generation,Wind Offshore | Actual Consumption,2026-08-17T17:16:10Z
2026-08-17T17:12:16Z,2026-08-17T19:12:16+0200,f372a1fc-a0b6-48c3-b979-dc927b00239d,2026-08-02T20:45:00Z,2026-08-02T22:45:00+0200,3513.827,MW,NL,NL,actual_offshore_wind_generation,Wind Offshore | Actual Aggregated,2026-08-17T17:16:10Z
2026-08-17T17:12:16Z,2026-08-17T19:12:16+0200,f372a1fc-a0b6-48c3-b979-dc927b00239d,2026-08-02T20:45:00Z,2026-08-02T22:45:00+0200,15.094,MW,NL,NL,actual_offshore_wind_generation,Wind Offshore | Actual Consumption,2026-08-17T17:16:10Z
2026-08-17T17:12:16Z,2026-08-17T19:12:16+0200,f372a1fc-a0b6-48c3-b979-dc927b00239d,2026-08-02T21:00:00Z,2026-08-02T23:00:00+0200,3509.127,MW,NL,NL,actual_offshore_wind_generation,Wind Offshore | Actual Aggregated,2026-08-17T17:16:10Z
2026-08-17T17:12:16Z,2026-08-17T19:12:16+0200,f372a1fc-a0b6-48c3-b979-dc927b00239d,2026-08-02T21:00:00Z,2026-08-02T23:00:00+0200,15.893,MW,NL,NL,actual_offshore_wind_generation,Wind Offshore | Actual Consumption,2026-08-17T17:16:10Z
2026-08-17T17:12:16Z,2026-08-17T19:12:16+0200,f372a1fc-a0b6-48c3-b979-dc927b00239d,2026-08-02T21:15:00Z,2026-08-02T23:15:00+0200,3491.584,MW,NL,NL,actual_offshore_wind_generation,Wind Offshore | Actual Aggregated,2026-08-17T17:16:10Z
2026-08-17T17:12:16Z,2026-08-17T19:12:16+0200,f372a1fc-a0b6-48c3-b979-dc927b00239d,2026-08-02T21:15:00Z,2026-08-02T23:15:00+0200,16.808,MW,NL,NL,actual_offshore_wind_generation,Wind Offshore | Actual Consumption,2026-08-17T17:16:10Z
2026-08-17T17:12:16Z,2026-08-17T19:12:16+0200,f372a1fc-a0b6-48c3-b979-dc927b00239d,2026-08-02T21:30:00Z,2026-08-02T23:30:00+0200,3387.688,MW,NL,NL,actual_offshore_wind_generation,Wind Offshore | Actual Aggregated,2026-08-17T17:16:10Z
2026-08-17T17:12:16Z,2026-08-17T19:12:16+0200,f372a1fc-a0b6-48c3-b979-dc927b00239d,2026-08-02T21:30:00Z,2026-08-02T23:30:00+0200,15.012,MW,NL,NL,actual_offshore_wind_generation,Wind Offshore | Actual Consumption,2026-08-17T17:16:10Z
2026-08-17T17:12:16Z,2026-08-17T19:12:16+0200,f372a1fc-a0b6-48c3-b979-dc927b00239d,2026-08-02T21:45:00Z,2026-08-02T23:45:00+0200,3310.332,MW,NL,NL,actual_offshore_wind_generation,Wind Offshore | Actual Aggregated,2026-08-17T17:16:10Z
2026-08-17T17:12:16Z,2026-08-17T19:12:16+0200,f372a1fc-a0b6-48c3-b979-dc927b00239d,2026-08-02T21:45:00Z,2026-08-02T23:45:00+0200,12.437,MW,NL,NL,actual_offshore_wind_generation,Wind Offshore | Actual Consumption,2026-08-17T17:16:10Z
2026-08-17T17:12:16Z,2026-08-17T19:12:16+0200,f372a1fc-a0b6-48c3-b979-dc927b00239d,2026-08-02T22:00:00Z,2026-08-03T00:00:00+0200,3302.392,MW,NL,NL,actual_offshore_wind_generation,Wind Offshore | Actual Aggregated,2026-08-17T17:16:10Z
2026-08-17T17:12:16Z,2026-08-17T19:12:16+0200,f372a1fc-a0b6-48c3-b979-dc927b00239d,2026-08-02T22:00:00Z,2026-08-03T00:00:00+0200,14.288,MW,NL,NL,actual_offshore_wind_generation,Wind Offshore | Actual Consumption,2026-08-17T17:16:10Z
2026-08-17T17:12:16Z,2026-08-17T19:12:16+0200,f372a1fc-a0b6-48c3-b979-dc927b00239d,2026-08-02T22:15:00Z,2026-08-03T00:15:00+0200,3255.751,MW,NL,NL,actual_offshore_wind_generation,Wind Offshore | Actual Aggregated,2026-08-17T17:16:10Z
2026-08-17T17:12:16Z,2026-08-17T19:12:16+0200,f372a1fc-a0b6-48c3-b979-dc927b00239d,2026-08-02T22:15:00Z,2026-08-03T00:15:00+0200,14.165,MW,NL,NL,actual_offshore_wind_generation,Wind Offshore | Actual Consumption,2026-08-17T17:16:10Z
2026-08-17T17:12:16Z,2026-08-17T19:12:16+0200,f372a1fc-a0b6-48c3-b979-dc927b00239d,2026-08-02T22:30:00Z,2026-08-03T00:30:00+0200,3197.668,MW,NL,NL,actual_offshore_wind_generation,Wind Offshore | Actual Aggregated,2026-08-17T17:16:10Z
2026-08-17T17:12:16Z,2026-08-17T19:12:16+0200,f372a1fc-a0b6-48c3-b979-dc927b00239d,2026-08-02T22:30:00Z,2026-08-03T00:30:00+0200,12.911,MW,NL,NL,actual_offshore_wind_generation,Wind Offshore | Actual Consumption,2026-08-17T17:16:10Z
2026-08-17T17:12:16Z,2026-08-17T19:12:16+0200,f372a1fc-a0b6-48c3-b979-dc927b00239d,2026-08-02T22:45:00Z,2026-08-03T00:45:00+0200,3184.224,MW,NL,NL,actual_offshore_wind_generation,Wind Offshore | Actual Aggregated,2026-08-17T17:16:10Z
2026-08-17T17:12:16Z,2026-08-17T19:12:16+0200,f372a1fc-a0b6-48c3-b979-dc927b00239d,2026-08-02T22:45:00Z,2026-08-03T00:45:00+0200,14.649,MW,NL,NL,actual_offshore_wind_generation,Wind Offshore | Actual Consumption,2026-08-17T17:16:10Z
2026-08-17T17:12:16Z,2026-08-17T19:12:16+0200,f372a1fc-a0b6-48c3-b979-dc927b00239d,2026-08-02T23:00:00Z,2026-08-03T01:00:00+0200,3114.063,MW,NL,NL,actual_offshore_wind_generation,Wind Offshore | Actual Aggregated,2026-08-17T17:16:10Z
2026-08-17T17:12:16Z,2026-08-17T19:12:16+0200,f372a1fc-a0b6-48c3-b979-dc927b00239d,2026-08-02T23:00:00Z,2026-08-03T01:00:00+0200,14.615,MW,NL,NL,actual_offshore_wind_generation,Wind Offshore | Actual Consumption,2026-08-17T17:16:10Z
2026-08-17T17:12:16Z,2026-08-17T19:12:16+0200,f372a1fc-a0b6-48c3-b979-dc927b00239d,2026-08-02T23:15:00Z,2026-08-03T01:15:00+0200,2977.263,MW,NL,NL,actual_offshore_wind_generation,Wind Offshore | Actual Aggregated,2026-08-17T17:16:10Z
2026-08-17T17:12:16Z,2026-08-17T19:12:16+0200,f372a1fc-a0b6-48c3-b979-dc927b00239d,2026-08-02T23:15:00Z,2026-08-03T01:15:00+0200,12.655,MW,NL,NL,actual_offshore_wind_generation,Wind Offshore | Actual Consumption,2026-08-17T17:16:10Z
2026-08-17T17:12:16Z,2026-08-17T19:12:16+0200,f372a1fc-a0b6-48c3-b979-dc927b00239d,2026-08-02T23:30:00Z,2026-08-03T01:30:00+0200,2896.38,MW,NL,NL,actual_offshore_wind_generation,Wind Offshore | Actual Aggregated,2026-08-17T17:16:10Z
2026-08-17T17:12:16Z,2026-08-17T19:12:16+0200,f372a1fc-a0b6-48c3-b979-dc927b00239d,2026-08-02T23:30:00Z,2026-08-03T01:30:00+0200,11.34,MW,NL,NL,actual_offshore_wind_generation,Wind Offshore | Actual Consumption,2026-08-17T17:16:10Z
2026-08-17T17:12:16Z,2026-08-17T19:12:16+0200,f372a1fc-a0b6-48c3-b979-dc927b00239d,2026-08-02T23:45:00Z,2026-08-03T01:45:00+0200,2827.338,MW,NL,NL,actual_offshore_wind_generation,Wind Offshore | Actual Aggregated,2026-08-17T17:16:10Z
2026-08-17T17:12:16Z,2026-08-17T19:12:16+0200,f372a1fc-a0b6-48c3-b979-dc927b00239d,2026-08-02T23:45:00Z,2026-08-03T01:45:00+0200,9.126,MW,NL,NL,actual_offshore_wind_generation,Wind Offshore | Actual Consumption,2026-08-17T17:16:10Z
2026-08-17T17:12:16Z,2026-08-17T19:12:16+0200,f372a1fc-a0b6-48c3-b979-dc927b00239d,2026-08-03T00:00:00Z,2026-08-03T02:00:00+0200,2796.107,MW,NL,NL,actual_offshore_wind_generation,Wind Offshore | Actual Aggregated,2026-08-17T17:16:10Z
2026-08-17T17:12:16Z,2026-08-17T19:12:16+0200,f372a1fc-a0b6-48c3-b979-dc927b00239d,2026-08-03T00:00:00Z,2026-08-03T02:00:00+0200,10.623,MW,NL,NL,actual_offshore_wind_generation,Wind Offshore | Actual Consumption,2026-08-17T17:16:10Z
2026-08-17T17:12:16Z,2026-08-17T19:12:16+0200,f372a1fc-a0b6-48c3-b979-dc927b00239d,2026-08-03T00:15:00Z,2026-08-03T02:15:00+0200,2777.481,MW,NL,NL,actual_offshore_wind_generation,Wind Offshore | Actual Aggregated,2026-08-17T17:16:10Z
2026-08-17T17:12:16Z,2026-08-17T19:12:16+0200,f372a1fc-a0b6-48c3-b979-dc927b00239d,2026-08-03T00:15:00Z,2026-08-03T02:15:00+0200,10.729,MW,NL,NL,actual_offshore_wind_generation,Wind Offshore | Actual Consumption,2026-08-17T17:16:10Z
2026-08-17T17:12:16Z,2026-08-17T19:12:16+0200,f372a1fc-a0b6-48c3-b979-dc927b00239d,2026-08-03T00:30:00Z,2026-08-03T02:30:00+0200,2733.536,MW,NL,NL,actual_offshore_wind_generation,Wind Offshore | Actual Aggregated,2026-08-17T17:16:10Z
2026-08-17T17:12:16Z,2026-08-17T19:12:16+0200,f372a1fc-a0b6-48c3-b979-dc927b00239d,2026-08-03T00:30:00Z,2026-08-03T02:30:00+0200,10.372,MW,NL,NL,actual_offshore_wind_generation,Wind Offshore | Actual Consumption,2026-08-17T17:16:10Z
2026-08-17T17:12:16Z,2026-08-17T19:12:16+0200,f372a1fc-a0b6-48c3-b979-dc927b00239d,2026-08-03T00:45:00Z,2026-08-03T02:45:00+0200,2699.457,MW,NL,NL,actual_offshore_wind_generation,Wind Offshore | Actual Aggregated,2026-08-17T17:16:10Z
2026-08-17T17:12:16Z,2026-08-17T19:12:16+0200,f372a1fc-a0b6-48c3-b979-dc927b00239d,2026-08-03T00:45:00Z,2026-08-03T02:45:00+0200,9.96,MW,NL,NL,actual_offshore_wind_generation,Wind Offshore | Actual Consumption,2026-08-17T17:16:10Z
2026-08-17T17:12:16Z,2026-08-17T19:12:16+0200,f372a1fc-a0b6-48c3-b979-dc927b00239d,2026-08-03T01:00:00Z,2026-08-03T03:00:00+0200,2718.602,MW,NL,NL,actual_offshore_wind_generation,Wind Offshore | Actual Aggregated,2026-08-17T17:16:10Z
2026-08-17T17:12:16Z,2026-08-17T19:12:16+0200,f372a1fc-a0b6-48c3-b979-dc927b00239d,2026-08-03T01:00:00Z,2026-08-03T03:00:00+0200,11.533,MW,NL,NL,actual_offshore_wind_generation,Wind Offshore | Actual Consumption,2026-08-17T17:16:10Z
2026-08-17T17:12:16Z,2026-08-17T19:12:16+0200,f372a1fc-a0b6-48c3-b979-dc927b00239d,2026-08-03T01:15:00Z,2026-08-03T03:15:00+0200,2582.894,MW,NL,NL,actual_offshore_wind_generation,Wind Offshore | Actual Aggregated,2026-08-17T17:16:10Z
2026-08-17T17:12:16Z,2026-08-17T19:12:16+0200,f372a1fc-a0b6-48c3-b979-dc927b00239d,2026-08-03T01:15:00Z,2026-08-03T03:15:00+0200,11.34,MW,NL,NL,actual_offshore_wind_generation,Wind Offshore | Actual Consumption,2026-08-17T17:16:10Z
2026-08-17T17:12:16Z,2026-08-17T19:12:16+0200,f372a1fc-a0b6-48c3-b979-dc927b00239d,2026-08-03T01:30:00Z,2026-08-03T03:30:00+0200,2471.435,MW,NL,NL,actual_offshore_wind_generation,Wind Offshore | Actual Aggregated,2026-08-17T17:16:10Z
2026-08-17T17:12:16Z,2026-08-17T19:12:16+0200,f372a1fc-a0b6-48c3-b979-dc927b00239d,2026-08-03T01:30:00Z,2026-08-03T03:30:00+0200,9.585,MW,NL,NL,actual_offshore_wind_generation,Wind Offshore | Actual Consumption,2026-08-17T17:16:10Z
2026-08-17T17:12:16Z,2026-08-17T19:12:16+0200,f372a1fc-a0b6-48c3-b979-dc927b00239d,2026-08-03T01:45:00Z,2026-08-03T03:45:00+0200,2383.985,MW,NL,NL,actual_offshore_wind_generation,Wind Offshore | Actual Aggregated,2026-08-17T17:16:10Z
2026-08-17T17:12:16Z,2026-08-17T19:12:16+0200,f372a1fc-a0b6-48c3-b979-dc927b00239d,2026-08-03T01:45:00Z,2026-08-03T03:45:00+0200,8.617,MW,NL,NL,actual_offshore_wind_generation,Wind Offshore | Actual Consumption,2026-08-17T17:16:10Z
2026-08-17T17:12:16Z,2026-08-17T19:12:16+0200,f372a1fc-a0b6-48c3-b979-dc927b00239d,2026-08-03T02:00:00Z,2026-08-03T04:00:00+0200,2292.468,MW,NL,NL,actual_offshore_wind_generation,Wind Offshore | Actual Aggregated,2026-08-17T17:16:10Z
2026-08-17T17:12:16Z,2026-08-17T19:12:16+0200,f372a1fc-a0b6-48c3-b979-dc927b00239d,2026-08-03T02:00:00Z,2026-08-03T04:00:00+0200,8.047,MW,NL,NL,actual_offshore_wind_generation,Wind Offshore | Actual Consumption,2026-08-17T17:16:10Z
2026-08-17T17:12:16Z,2026-08-17T19:12:16+0200,f372a1fc-a0b6-48c3-b979-dc927b00239d,2026-08-03T02:15:00Z,2026-08-03T04:15:00+0200,2273.515,MW,NL,NL,actual_offshore_wind_generation,Wind Offshore | Actual Aggregated,2026-08-17T17:16:10Z
2026-08-17T17:12:16Z,2026-08-17T19:12:16+0200,f372a1fc-a0b6-48c3-b979-dc927b00239d,2026-08-03T02:15:00Z,2026-08-03T04:15:00+0200,8.554,MW,NL,NL,actual_offshore_wind_generation,Wind Offshore | Actual Consumption,2026-08-17T17:16:10Z
2026-08-17T17:12:16Z,2026-08-17T19:12:16+0200,f372a1fc-a0b6-48c3-b979-dc927b00239d,2026-08-03T02:30:00Z,2026-08-03T04:30:00+0200,2154.797,MW,NL,NL,actual_offshore_wind_generation,Wind Offshore | Actual Aggregated,2026-08-17T17:16:10Z
2026-08-17T17:12:16Z,2026-08-17T19:12:16+0200,f372a1fc-a0b6-48c3-b979-dc927b00239d,2026-08-03T02:30:00Z,2026-08-03T04:30:00+0200,9.222,MW,NL,NL,actual_offshore_wind_generation,Wind Offshore | Actual Consumption,2026-08-17T17:16:10Z
2026-08-17T17:12:16Z,2026-08-17T19:12:16+0200,f372a1fc-a0b6-48c3-b979-dc927b00239d,2026-08-03T02:45:00Z,2026-08-03T04:45:00+0200,1990.049,MW,NL,NL,actual_offshore_wind_generation,Wind Offshore | Actual Aggregated,2026-08-17T17:16:10Z
2026-08-17T17:12:16Z,2026-08-17T19:12:16+0200,f372a1fc-a0b6-48c3-b979-dc927b00239d,2026-08-03T02:45:00Z,2026-08-03T04:45:00+0200,7.979,MW,NL,NL,actual_offshore_wind_generation,Wind Offshore | Actual Consumption,2026-08-17T17:16:10Z
2026-08-17T17:12:16Z,2026-08-17T19:12:16+0200,f372a1fc-a0b6-48c3-b979-dc927b00239d,2026-08-03T03:00:00Z,2026-08-03T05:00:00+0200,1927.333,MW,NL,NL,actual_offshore_wind_generation,Wind Offshore | Actual Aggregated,2026-08-17T17:16:10Z
2026-08-17T17:12:16Z,2026-08-17T19:12:16+0200,f372a1fc-a0b6-48c3-b979-dc927b00239d,2026-08-03T03:00:00Z,2026-08-03T05:00:00+0200,7.292,MW,NL,NL,actual_offshore_wind_generation,Wind Offshore | Actual Consumption,2026-08-17T17:16:10Z
2026-08-17T17:12:16Z,2026-08-17T19:12:16+0200,f372a1fc-a0b6-48c3-b979-dc927b00239d,2026-08-03T03:15:00Z,2026-08-03T05:15:00+0200,1926.066,MW,NL,NL,actual_offshore_wind_generation,Wind Offshore | Actual Aggregated,2026-08-17T17:16:10Z
2026-08-17T17:12:16Z,2026-08-17T19:12:16+0200,f372a1fc-a0b6-48c3-b979-dc927b00239d,2026-08-03T03:15:00Z,2026-08-03T05:15:00+0200,7.993,MW,NL,NL,actual_offshore_wind_generation,Wind Offshore | Actual Consumption,2026-08-17T17:16:10Z
2026-08-17T17:12:16Z,2026-08-17T19:12:16+0200,f372a1fc-a0b6-48c3-b979-dc927b00239d,2026-08-03T03:30:00Z,2026-08-03T05:30:00+0200,1886.816,MW,NL,NL,actual_offshore_wind_generation,Wind Offshore | Actual Aggregated,2026-08-17T17:16:10Z
2026-08-17T17:12:16Z,2026-08-17T19:12:16+0200,f372a1fc-a0b6-48c3-b979-dc927b00239d,2026-08-03T03:30:00Z,2026-08-03T05:30:00+0200,6.604,MW,NL,NL,actual_offshore_wind_generation,Wind Offshore | Actual Consumption,2026-08-17T17:16:10Z
2026-08-17T17:12:16Z,2026-08-17T19:12:16+0200,f372a1fc-a0b6-48c3-b979-dc927b00239d,2026-08-03T03:45:00Z,2026-08-03T05:45:00+0200,1756.79,MW,NL,NL,actual_offshore_wind_generation,Wind Offshore | Actual Aggregated,2026-08-17T17:16:10Z
2026-08-17T17:12:16Z,2026-08-17T19:12:16+0200,f372a1fc-a0b6-48c3-b979-dc927b00239d,2026-08-03T03:45:00Z,2026-08-03T05:45:00+0200,6.476,MW,NL,NL,actual_offshore_wind_generation,Wind Offshore | Actual Consumption,2026-08-17T17:16:10Z
2026-08-17T17:12:16Z,2026-08-17T19:12:16+0200,f372a1fc-a0b6-48c3-b979-dc927b00239d,2026-08-03T04:00:00Z,2026-08-03T06:00:00+0200,1599.835,MW,NL,NL,actual_offshore_wind_generation,Wind Offshore | Actual Aggregated,2026-08-17T17:16:10Z
2026-08-17T17:12:16Z,2026-08-17T19:12:16+0200,f372a1fc-a0b6-48c3-b979-dc927b00239d,2026-08-03T04:00:00Z,2026-08-03T06:00:00+0200,5.551,MW,NL,NL,actual_offshore_wind_generation,Wind Offshore | Actual Consumption,2026-08-17T17:16:10Z
2026-08-17T17:12:16Z,2026-08-17T19:12:16+0200,f372a1fc-a0b6-48c3-b979-dc927b00239d,2026-08-03T04:15:00Z,2026-08-03T06:15:00+0200,1548.371,MW,NL,NL,actual_offshore_wind_generation,Wind Offshore | Actual Aggregated,2026-08-17T17:16:10Z
2026-08-17T17:12:16Z,2026-08-17T19:12:16+0200,f372a1fc-a0b6-48c3-b979-dc927b00239d,2026-08-03T04:15:00Z,2026-08-03T06:15:00+0200,3.958,MW,NL,NL,actual_offshore_wind_generation,Wind Offshore | Actual Consumption,2026-08-17T17:16:10Z
2026-08-17T17:12:16Z,2026-08-17T19:12:16+0200,f372a1fc-a0b6-48c3-b979-dc927b00239d,2026-08-03T04:30:00Z,2026-08-03T06:30:00+0200,1460.573,MW,NL,NL,actual_offshore_wind_generation,Wind Offshore | Actual Aggregated,2026-08-17T17:16:10Z
2026-08-17T17:12:16Z,2026-08-17T19:12:16+0200,f372a1fc-a0b6-48c3-b979-dc927b00239d,2026-08-03T04:30:00Z,2026-08-03T06:30:00+0200,2.897,MW,NL,NL,actual_offshore_wind_generation,Wind Offshore | Actual Consumption,2026-08-17T17:16:10Z
2026-08-17T17:12:16Z,2026-08-17T19:12:16+0200,f372a1fc-a0b6-48c3-b979-dc927b00239d,2026-08-03T04:45:00Z,2026-08-03T06:45:00+0200,1370.307,MW,NL,NL,actual_offshore_wind_generation,Wind Offshore | Actual Aggregated,2026-08-17T17:16:10Z
2026-08-17T17:12:16Z,2026-08-17T19:12:16+0200,f372a1fc-a0b6-48c3-b979-dc927b00239d,2026-08-03T04:45:00Z,2026-08-03T06:45:00+0200,2.266,MW,NL,NL,actual_offshore_wind_generation,Wind Offshore | Actual Consumption,2026-08-17T17:16:10Z
2026-08-17T17:12:16Z,2026-08-17T19:12:16+0200,f372a1fc-a0b6-48c3-b979-dc927b00239d,2026-08-03T05:00:00Z,2026-08-03T07:00:00+0200,1326.519,MW,NL,NL,actual_offshore_wind_generation,Wind Offshore | Actual Aggregated,2026-08-17T17:16:10Z
2026-08-17T17:12:16Z,2026-08-17T19:12:16+0200,f372a1fc-a0b6-48c3-b979-dc927b00239d,2026-08-03T05:00:00Z,2026-08-03T07:00:00+0200,1.94,MW,NL,NL,actual_offshore_wind_generation,Wind Offshore | Actual Consumption,2026-08-17T17:16:10Z
2026-08-17T17:12:16Z,2026-08-17T19:12:16+0200,f372a1fc-a0b6-48c3-b979-dc927b00239d,2026-08-03T05:15:00Z,2026-08-03T07:15:00+0200,1295.633,MW,NL,NL,actual_offshore_wind_generation,Wind Offshore | Actual Aggregated,2026-08-17T17:16:10Z
2026-08-17T17:12:16Z,2026-08-17T19:12:16+0200,f372a1fc-a0b6-48c3-b979-dc927b00239d,2026-08-03T05:15:00Z,2026-08-03T07:15:00+0200,1.913,MW,NL,NL,actual_offshore_wind_generation,Wind Offshore | Actual Consumption,2026-08-17T17:16:10Z
2026-08-17T17:12:16Z,2026-08-17T19:12:16+0200,f372a1fc-a0b6-48c3-b979-dc927b00239d,2026-08-03T05:30:00Z,2026-08-03T07:30:00+0200,1191.639,MW,NL,NL,actual_offshore_wind_generation,Wind Offshore | Actual Aggregated,2026-08-17T17:16:10Z
2026-08-17T17:12:16Z,2026-08-17T19:12:16+0200,f372a1fc-a0b6-48c3-b979-dc927b00239d,2026-08-03T05:30:00Z,2026-08-03T07:30:00+0200,1.491,MW,NL,NL,actual_offshore_wind_generation,Wind Offshore | Actual Consumption,2026-08-17T17:16:10Z
2026-08-17T17:12:16Z,2026-08-17T19:12:16+0200,f372a1fc-a0b6-48c3-b979-dc927b00239d,2026-08-03T05:45:00Z,2026-08-03T07:45:00+0200,1033.729,MW,NL,NL,actual_offshore_wind_generation,Wind Offshore | Actual Aggregated,2026-08-17T17:16:10Z
2026-08-17T17:12:16Z,2026-08-17T19:12:16+0200,f372a1fc-a0b6-48c3-b979-dc927b00239d,2026-08-03T05:45:00Z,2026-08-03T07:45:00+0200,1.546,MW,NL,NL,actual_offshore_wind_generation,Wind Offshore | Actual Consumption,2026-08-17T17:16:10Z
2026-08-17T17:12:16Z,2026-08-17T19:12:16+0200,f372a1fc-a0b6-48c3-b979-dc927b00239d,2026-08-03T06:00:00Z,2026-08-03T08:00:00+0200,870.475,MW,NL,NL,actual_offshore_wind_generation,Wind Offshore | Actual Aggregated,2026-08-17T17:16:10Z
2026-08-17T17:12:16Z,2026-08-17T19:12:16+0200,f372a1fc-a0b6-48c3-b979-dc927b00239d,2026-08-03T06:00:00Z,2026-08-03T08:00:00+0200,1.044,MW,NL,NL,actual_offshore_wind_generation,Wind Offshore | Actual Consumption,2026-08-17T17:16:10Z
2026-08-17T17:12:16Z,2026-08-17T19:12:16+0200,f372a1fc-a0b6-48c3-b979-dc927b00239d,2026-08-03T06:15:00Z,2026-08-03T08:15:00+0200,711.593,MW,NL,NL,actual_offshore_wind_generation,Wind Offshore | Actual Aggregated,2026-08-17T17:16:10Z
2026-08-17T17:12:16Z,2026-08-17T19:12:16+0200,f372a1fc-a0b6-48c3-b979-dc927b00239d,2026-08-03T06:15:00Z,2026-08-03T08:15:00+0200,0.951,MW,NL,NL,actual_offshore_wind_generation,Wind Offshore | Actual Consumption,2026-08-17T17:16:10Z
2026-08-17T17:12:16Z,2026-08-17T19:12:16+0200,f372a1fc-a0b6-48c3-b979-dc927b00239d,2026-08-03T06:30:00Z,2026-08-03T08:30:00+0200,580.032,MW,NL,NL,actual_offshore_wind_generation,Wind Offshore | Actual Aggregated,2026-08-17T17:16:10Z
2026-08-17T17:12:16Z,2026-08-17T19:12:16+0200,f372a1fc-a0b6-48c3-b979-dc927b00239d,2026-08-03T06:30:00Z,2026-08-03T08:30:00+0200,0.79,MW,NL,NL,actual_offshore_wind_generation,Wind Offshore | Actual Consumption,2026-08-17T17:16:10Z
2026-08-17T17:12:16Z,2026-08-17T19:12:16+0200,f372a1fc-a0b6-48c3-b979-dc927b00239d,2026-08-03T06:45:00Z,2026-08-03T08:45:00+0200,491.503,MW,NL,NL,actual_offshore_wind_generation,Wind Offshore | Actual Aggregated,2026-08-17T17:16:10Z
2026-08-17T17:12:16Z,2026-08-17T19:12:16+0200,f372a1fc-a0b6-48c3-b979-dc927b00239d,2026-08-03T06:45:00Z,2026-08-03T08:45:00+0200,0.194,MW,NL,NL,actual_offshore_wind_generation,Wind Offshore | Actual Consumption,2026-08-17T17:16:10Z
2026-08-17T17:12:16Z,2026-08-17T19:12:16+0200,f372a1fc-a0b6-48c3-b979-dc927b00239d,2026-08-03T07:00:00Z,2026-08-03T09:00:00+0200,467.597,MW,NL,NL,actual_offshore_wind_generation,Wind Offshore | Actual Aggregated,2026-08-17T17:16:10Z
2026-08-17T17:12:16Z,2026-08-17T19:12:16+0200,f372a1fc-a0b6-48c3-b979-dc927b00239d,2026-08-03T07:00:00Z,2026-08-03T09:00:00+0200,0.779,MW,NL,NL,actual_offshore_wind_generation,Wind Offshore | Actual Consumption,2026-08-17T17:16:10Z
2026-08-17T17:12:16Z,2026-08-17T19:12:16+0200,f372a1fc-a0b6-48c3-b979-dc927b00239d,2026-08-03T07:15:00Z,2026-08-03T09:15:00+0200,431.465,MW,NL,NL,actual_offshore_wind_generation,Wind Offshore | Actual Aggregated,2026-08-17T17:16:10Z
2026-08-17T17:12:16Z,2026-08-17T19:12:16+0200,f372a1fc-a0b6-48c3-b979-dc927b00239d,2026-08-03T07:15:00Z,2026-08-03T09:15:00+0200,0.811,MW,NL,NL,actual_offshore_wind_generation,Wind Offshore | Actual Consumption,2026-08-17T17:16:10Z
2026-08-17T17:12:16Z,2026-08-17T19:12:16+0200,f372a1fc-a0b6-48c3-b979-dc927b00239d,2026-08-03T07:30:00Z,2026-08-03T09:30:00+0200,366.409,MW,NL,NL,actual_offshore_wind_generation,Wind Offshore | Actual Aggregated,2026-08-17T17:16:10Z
2026-08-17T17:12:16Z,2026-08-17T19:12:16+0200,f372a1fc-a0b6-48c3-b979-dc927b00239d,2026-08-03T07:30:00Z,2026-08-03T09:30:00+0200,1.403,MW,NL,NL,actual_offshore_wind_generation,Wind Offshore | Actual Consumption,2026-08-17T17:16:10Z
2026-08-17T17:12:16Z,2026-08-17T19:12:16+0200,f372a1fc-a0b6-48c3-b979-dc927b00239d,2026-08-03T07:45:00Z,2026-08-03T09:45:00+0200,327.489,MW,NL,NL,actual_offshore_wind_generation,Wind Offshore | Actual Aggregated,2026-08-17T17:16:10Z
2026-08-17T17:12:16Z,2026-08-17T19:12:16+0200,f372a1fc-a0b6-48c3-b979-dc927b00239d,2026-08-03T07:45:00Z,2026-08-03T09:45:00+0200,0.355,MW,NL,NL,actual_offshore_wind_generation,Wind Offshore | Actual Consumption,2026-08-17T17:16:10Z
2026-08-17T17:12:16Z,2026-08-17T19:12:16+0200,f372a1fc-a0b6-48c3-b979-dc927b00239d,2026-08-03T08:00:00Z,2026-08-03T10:00:00+0200,308.463,MW,NL,NL,actual_offshore_wind_generation,Wind Offshore | Actual Aggregated,2026-08-17T17:16:10Z
2026-08-17T17:12:16Z,2026-08-17T19:12:16+0200,f372a1fc-a0b6-48c3-b979-dc927b00239d,2026-08-03T08:00:00Z,2026-08-03T10:00:00+0200,2.084,MW,NL,NL,actual_offshore_wind_generation,Wind Offshore | Actual Consumption,2026-08-17T17:16:10Z
2026-08-17T17:12:16Z,2026-08-17T19:12:16+0200,f372a1fc-a0b6-48c3-b979-dc927b00239d,2026-08-03T08:15:00Z,2026-08-03T10:15:00+0200,288.289,MW,NL,NL,actual_offshore_wind_generation,Wind Offshore | Actual Aggregated,2026-08-17T17:16:10Z
2026-08-17T17:12:16Z,2026-08-17T19:12:16+0200,f372a1fc-a0b6-48c3-b979-dc927b00239d,2026-08-03T08:15:00Z,2026-08-03T10:15:00+0200,3.173,MW,NL,NL,actual_offshore_wind_generation,Wind Offshore | Actual Consumption,2026-08-17T17:16:10Z
2026-08-17T17:12:16Z,2026-08-17T19:12:16+0200,f372a1fc-a0b6-48c3-b979-dc927b00239d,2026-08-03T08:30:00Z,2026-08-03T10:30:00+0200,238.931,MW,NL,NL,actual_offshore_wind_generation,Wind Offshore | Actual Aggregated,2026-08-17T17:16:10Z
2026-08-17T17:12:16Z,2026-08-17T19:12:16+0200,f372a1fc-a0b6-48c3-b979-dc927b00239d,2026-08-03T08:30:00Z,2026-08-03T10:30:00+0200,4.479,MW,NL,NL,actual_offshore_wind_generation,Wind Offshore | Actual Consumption,2026-08-17T17:16:10Z
2026-08-17T17:12:16Z,2026-08-17T19:12:16+0200,f372a1fc-a0b6-48c3-b979-dc927b00239d,2026-08-03T08:45:00Z,2026-08-03T10:45:00+0200,168.628,MW,NL,NL,actual_offshore_wind_generation,Wind Offshore | Actual Aggregated,2026-08-17T17:16:10Z
2026-08-17T17:12:16Z,2026-08-17T19:12:16+0200,f372a1fc-a0b6-48c3-b979-dc927b00239d,2026-08-03T08:45:00Z,2026-08-03T10:45:00+0200,7.068,MW,NL,NL,actual_offshore_wind_generation,Wind Offshore | Actual Consumption,2026-08-17T17:16:10Z
2026-08-17T17:12:16Z,2026-08-17T19:12:16+0200,f372a1fc-a0b6-48c3-b979-dc927b00239d,2026-08-03T09:00:00Z,2026-08-03T11:00:00+0200,135.019,MW,NL,NL,actual_offshore_wind_generation,Wind Offshore | Actual Aggregated,2026-08-17T17:16:10Z
2026-08-17T17:12:16Z,2026-08-17T19:12:16+0200,f372a1fc-a0b6-48c3-b979-dc927b00239d,2026-08-03T09:00:00Z,2026-08-03T11:00:00+0200,11.697,MW,NL,NL,actual_offshore_wind_generation,Wind Offshore | Actual Consumption,2026-08-17T17:16:10Z
2026-08-17T17:12:16Z,2026-08-17T19:12:16+0200,f372a1fc-a0b6-48c3-b979-dc927b00239d,2026-08-03T09:15:00Z,2026-08-03T11:15:00+0200,119.099,MW,NL,NL,actual_offshore_wind_generation,Wind Offshore | Actual Aggregated,2026-08-17T17:16:10Z
2026-08-17T17:12:16Z,2026-08-17T19:12:16+0200,f372a1fc-a0b6-48c3-b979-dc927b00239d,2026-08-03T09:15:00Z,2026-08-03T11:15:00+0200,17.159,MW,NL,NL,actual_offshore_wind_generation,Wind Offshore | Actual Consumption,2026-08-17T17:16:10Z
2026-08-17T17:12:16Z,2026-08-17T19:12:16+0200,f372a1fc-a0b6-48c3-b979-dc927b00239d,2026-08-03T09:30:00Z,2026-08-03T11:30:00+0200,111.505,MW,NL,NL,actual_offshore_wind_generation,Wind Offshore | Actual Aggregated,2026-08-17T17:16:10Z
2026-08-17T17:12:16Z,2026-08-17T19:12:16+0200,f372a1fc-a0b6-48c3-b979-dc927b00239d,2026-08-03T09:30:00Z,2026-08-03T11:30:00+0200,21.735,MW,NL,NL,actual_offshore_wind_generation,Wind Offshore | Actual Consumption,2026-08-17T17:16:10Z
2026-08-17T17:12:16Z,2026-08-17T19:12:16+0200,f372a1fc-a0b6-48c3-b979-dc927b00239d,2026-08-03T09:45:00Z,2026-08-03T11:45:00+0200,106.715,MW,NL,NL,actual_offshore_wind_generation,Wind Offshore | Actual Aggregated,2026-08-17T17:16:10Z
2026-08-17T17:12:16Z,2026-08-17T19:12:16+0200,f372a1fc-a0b6-48c3-b979-dc927b00239d,2026-08-03T09:45:00Z,2026-08-03T11:45:00+0200,25.164,MW,NL,NL,actual_offshore_wind_generation,Wind Offshore | Actual Consumption,2026-08-17T17:16:10Z
2026-08-17T17:12:16Z,2026-08-17T19:12:16+0200,f372a1fc-a0b6-48c3-b979-dc927b00239d,2026-08-03T10:00:00Z,2026-08-03T12:00:00+0200,63.088,MW,NL,NL,actual_offshore_wind_generation,Wind Offshore | Actual Aggregated,2026-08-17T17:16:10Z
2026-08-17T17:12:16Z,2026-08-17T19:12:16+0200,f372a1fc-a0b6-48c3-b979-dc927b00239d,2026-08-03T10:00:00Z,2026-08-03T12:00:00+0200,20.621,MW,NL,NL,actual_offshore_wind_generation,Wind Offshore | Actual Consumption,2026-08-17T17:16:10Z
2026-08-17T17:12:16Z,2026-08-17T19:12:16+0200,f372a1fc-a0b6-48c3-b979-dc927b00239d,2026-08-03T10:15:00Z,2026-08-03T12:15:00+0200,64.089,MW,NL,NL,actual_offshore_wind_generation,Wind Offshore | Actual Aggregated,2026-08-17T17:16:10Z
2026-08-17T17:12:16Z,2026-08-17T19:12:16+0200,f372a1fc-a0b6-48c3-b979-dc927b00239d,2026-08-03T10:15:00Z,2026-08-03T12:15:00+0200,19.794,MW,NL,NL,actual_offshore_wind_generation,Wind Offshore | Actual Consumption,2026-08-17T17:16:10Z
2026-08-17T17:12:16Z,2026-08-17T19:12:16+0200,f372a1fc-a0b6-48c3-b979-dc927b00239d,2026-08-03T10:30:00Z,2026-08-03T12:30:00+0200,30.902,MW,NL,NL,actual_offshore_wind_generation,Wind Offshore | Actual Aggregated,2026-08-17T17:16:10Z
2026-08-17T17:12:16Z,2026-08-17T19:12:16+0200,f372a1fc-a0b6-48c3-b979-dc927b00239d,2026-08-03T10:30:00Z,2026-08-03T12:30:00+0200,23.451,MW,NL,NL,actual_offshore_wind_generation,Wind Offshore | Actual Consumption,2026-08-17T17:16:10Z
2026-08-17T17:12:16Z,2026-08-17T19:12:16+0200,f372a1fc-a0b6-48c3-b979-dc927b00239d,2026-08-03T10:45:00Z,2026-08-03T12:45:00+0200,24.642,MW,NL,NL,actual_offshore_wind_generation,Wind Offshore | Actual Aggregated,2026-08-17T17:16:10Z
2026-08-17T17:12:16Z,2026-08-17T19:12:16+0200,f372a1fc-a0b6-48c3-b979-dc927b00239d,2026-08-03T10:45:00Z,2026-08-03T12:45:00+0200,28.779,MW,NL,NL,actual_offshore_wind_generation,Wind Offshore | Actual Consumption,2026-08-17T17:16:10Z
2026-08-17T17:12:16Z,2026-08-17T19:12:16+0200,f372a1fc-a0b6-48c3-b979-dc927b00239d,2026-08-03T11:00:00Z,2026-08-03T13:00:00+0200,46.149,MW,NL,NL,actual_offshore_wind_generation,Wind Offshore | Actual Aggregated,2026-08-17T17:16:10Z
2026-08-17T17:12:16Z,2026-08-17T19:12:16+0200,f372a1fc-a0b6-48c3-b979-dc927b00239d,2026-08-03T11:00:00Z,2026-08-03T13:00:00+0200,30.624,MW,NL,NL,actual_offshore_wind_generation,Wind Offshore | Actual Consumption,2026-08-17T17:16:10Z
2026-08-17T17:12:16Z,2026-08-17T19:12:16+0200,f372a1fc-a0b6-48c3-b979-dc927b00239d,2026-08-03T11:15:00Z,2026-08-03T13:15:00+0200,110.557,MW,NL,NL,actual_offshore_wind_generation,Wind Offshore | Actual Aggregated,2026-08-17T17:16:10Z
2026-08-17T17:12:16Z,2026-08-17T19:12:16+0200,f372a1fc-a0b6-48c3-b979-dc927b00239d,2026-08-03T11:15:00Z,2026-08-03T13:15:00+0200,25.807,MW,NL,NL,actual_offshore_wind_generation,Wind Offshore | Actual Consumption,2026-08-17T17:16:10Z
2026-08-17T17:12:16Z,2026-08-17T19:12:16+0200,f372a1fc-a0b6-48c3-b979-dc927b00239d,2026-08-03T11:30:00Z,2026-08-03T13:30:00+0200,106.292,MW,NL,NL,actual_offshore_wind_generation,Wind Offshore | Actual Aggregated,2026-08-17T17:16:10Z
2026-08-17T17:12:16Z,2026-08-17T19:12:16+0200,f372a1fc-a0b6-48c3-b979-dc927b00239d,2026-08-03T11:30:00Z,2026-08-03T13:30:00+0200,23.508,MW,NL,NL,actual_offshore_wind_generation,Wind Offshore | Actual Consumption,2026-08-17T17:16:10Z
2026-08-17T17:12:16Z,2026-08-17T19:12:16+0200,f372a1fc-a0b6-48c3-b979-dc927b00239d,2026-08-03T11:45:00Z,2026-08-03T13:45:00+0200,101.462,MW,NL,NL,actual_offshore_wind_generation,Wind Offshore | Actual Aggregated,2026-08-17T17:16:10Z
2026-08-17T17:12:16Z,2026-08-17T19:12:16+0200,f372a1fc-a0b6-48c3-b979-dc927b00239d,2026-08-03T11:45:00Z,2026-08-03T13:45:00+0200,26.294,MW,NL,NL,actual_offshore_wind_generation,Wind Offshore | Actual Consumption,2026-08-17T17:16:10Z
2026-08-17T17:12:16Z,2026-08-17T19:12:16+0200,f372a1fc-a0b6-48c3-b979-dc927b00239d,2026-08-03T12:00:00Z,2026-08-03T14:00:00+0200,55.0,MW,NL,NL,actual_offshore_wind_generation,Wind Offshore | Actual Aggregated,2026-08-17T17:16:10Z
2026-08-17T17:12:16Z,2026-08-17T19:12:16+0200,f372a1fc-a0b6-48c3-b979-dc927b00239d,2026-08-03T12:00:00Z,2026-08-03T14:00:00+0200,25.903,MW,NL,NL,actual_offshore_wind_generation,Wind Offshore | Actual Consumption,2026-08-17T17:16:10Z
2026-08-17T17:12:16Z,2026-08-17T19:12:16+0200,f372a1fc-a0b6-48c3-b979-dc927b00239d,2026-08-03T12:15:00Z,2026-08-03T14:15:00+0200,118.292,MW,NL,NL,actual_offshore_wind_generation,Wind Offshore | Actual Aggregated,2026-08-17T17:16:10Z
2026-08-17T17:12:16Z,2026-08-17T19:12:16+0200,f372a1fc-a0b6-48c3-b979-dc927b00239d,2026-08-03T12:15:00Z,2026-08-03T14:15:00+0200,25.981,MW,NL,NL,actual_offshore_wind_generation,Wind Offshore | Actual Consumption,2026-08-17T17:16:10Z
2026-08-17T17:12:16Z,2026-08-17T19:12:16+0200,f372a1fc-a0b6-48c3-b979-dc927b00239d,2026-08-03T12:30:00Z,2026-08-03T14:30:00+0200,131.933,MW,NL,NL,actual_offshore_wind_generation,Wind Offshore | Actual Aggregated,2026-08-17T17:16:10Z
2026-08-17T17:12:16Z,2026-08-17T19:12:16+0200,f372a1fc-a0b6-48c3-b979-dc927b00239d,2026-08-03T12:30:00Z,2026-08-03T14:30:00+0200,20.145,MW,NL,NL,actual_offshore_wind_generation,Wind Offshore | Actual Consumption,2026-08-17T17:16:10Z
2026-08-17T17:12:16Z,2026-08-17T19:12:16+0200,f372a1fc-a0b6-48c3-b979-dc927b00239d,2026-08-03T12:45:00Z,2026-08-03T14:45:00+0200,146.113,MW,NL,NL,actual_offshore_wind_generation,Wind Offshore | Actual Aggregated,2026-08-17T17:16:10Z
2026-08-17T17:12:16Z,2026-08-17T19:12:16+0200,f372a1fc-a0b6-48c3-b979-dc927b00239d,2026-08-03T12:45:00Z,2026-08-03T14:45:00+0200,21.568,MW,NL,NL,actual_offshore_wind_generation,Wind Offshore | Actual Consumption,2026-08-17T17:16:10Z
2026-08-17T17:12:16Z,2026-08-17T19:12:16+0200,f372a1fc-a0b6-48c3-b979-dc927b00239d,2026-08-03T13:00:00Z,2026-08-03T15:00:00+0200,156.373,MW,NL,NL,actual_offshore_wind_generation,Wind Offshore | Actual Aggregated,2026-08-17T17:16:10Z
2026-08-17T17:12:16Z,2026-08-17T19:12:16+0200,f372a1fc-a0b6-48c3-b979-dc927b00239d,2026-08-03T13:00:00Z,2026-08-03T15:00:00+0200,28.015,MW,NL,NL,actual_offshore_wind_generation,Wind Offshore | Actual Consumption,2026-08-17T17:16:10Z
2026-08-17T17:12:16Z,2026-08-17T19:12:16+0200,f372a1fc-a0b6-48c3-b979-dc927b00239d,2026-08-03T13:15:00Z,2026-08-03T15:15:00+0200,160.383,MW,NL,NL,actual_offshore_wind_generation,Wind Offshore | Actual Aggregated,2026-08-17T17:16:10Z
2026-08-17T17:12:16Z,2026-08-17T19:12:16+0200,f372a1fc-a0b6-48c3-b979-dc927b00239d,2026-08-03T13:15:00Z,2026-08-03T15:15:00+0200,32.816,MW,NL,NL,actual_offshore_wind_generation,Wind Offshore | Actual Consumption,2026-08-17T17:16:10Z
2026-08-17T17:12:16Z,2026-08-17T19:12:16+0200,f372a1fc-a0b6-48c3-b979-dc927b00239d,2026-08-03T13:30:00Z,2026-08-03T15:30:00+0200,146.317,MW,NL,NL,actual_offshore_wind_generation,Wind Offshore | Actual Aggregated,2026-08-17T17:16:10Z
2026-08-17T17:12:16Z,2026-08-17T19:12:16+0200,f372a1fc-a0b6-48c3-b979-dc927b00239d,2026-08-03T13:30:00Z,2026-08-03T15:30:00+0200,33.346,MW,NL,NL,actual_offshore_wind_generation,Wind Offshore | Actual Consumption,2026-08-17T17:16:10Z
2026-08-17T17:12:16Z,2026-08-17T19:12:16+0200,f372a1fc-a0b6-48c3-b979-dc927b00239d,2026-08-03T13:45:00Z,2026-08-03T15:45:00+0200,144.593,MW,NL,NL,actual_offshore_wind_generation,Wind Offshore | Actual Aggregated,2026-08-17T17:16:10Z
2026-08-17T17:12:16Z,2026-08-17T19:12:16+0200,f372a1fc-a0b6-48c3-b979-dc927b00239d,2026-08-03T13:45:00Z,2026-08-03T15:45:00+0200,34.488,MW,NL,NL,actual_offshore_wind_generation,Wind Offshore | Actual Consumption,2026-08-17T17:16:10Z
2026-08-17T17:12:16Z,2026-08-17T19:12:16+0200,f372a1fc-a0b6-48c3-b979-dc927b00239d,2026-08-03T14:00:00Z,2026-08-03T16:00:00+0200,143.508,MW,NL,NL,actual_offshore_wind_generation,Wind Offshore | Actual Aggregated,2026-08-17T17:16:10Z
2026-08-17T17:12:16Z,2026-08-17T19:12:16+0200,f372a1fc-a0b6-48c3-b979-dc927b00239d,2026-08-03T14:00:00Z,2026-08-03T16:00:00+0200,36.787,MW,NL,NL,actual_offshore_wind_generation,Wind Offshore | Actual Consumption,2026-08-17T17:16:10Z
2026-08-17T17:12:16Z,2026-08-17T19:12:16+0200,f372a1fc-a0b6-48c3-b979-dc927b00239d,2026-08-03T14:15:00Z,2026-08-03T16:15:00+0200,143.174,MW,NL,NL,actual_offshore_wind_generation,Wind Offshore | Actual Aggregated,2026-08-17T17:16:10Z
2026-08-17T17:12:16Z,2026-08-17T19:12:16+0200,f372a1fc-a0b6-48c3-b979-dc927b00239d,2026-08-03T14:15:00Z,2026-08-03T16:15:00+0200,29.933,MW,NL,NL,actual_offshore_wind_generation,Wind Offshore | Actual Consumption,2026-08-17T17:16:10Z
2026-08-17T17:12:16Z,2026-08-17T19:12:16+0200,f372a1fc-a0b6-48c3-b979-dc927b00239d,2026-08-03T14:30:00Z,2026-08-03T16:30:00+0200,143.656,MW,NL,NL,actual_offshore_wind_generation,Wind Offshore | Actual Aggregated,2026-08-17T17:16:10Z
2026-08-17T17:12:16Z,2026-08-17T19:12:16+0200,f372a1fc-a0b6-48c3-b979-dc927b00239d,2026-08-03T14:30:00Z,2026-08-03T16:30:00+0200,25.322,MW,NL,NL,actual_offshore_wind_generation,Wind Offshore | Actual Consumption,2026-08-17T17:16:10Z
2026-08-17T17:12:16Z,2026-08-17T19:12:16+0200,f372a1fc-a0b6-48c3-b979-dc927b00239d,2026-08-03T14:45:00Z,2026-08-03T16:45:00+0200,160.66,MW,NL,NL,actual_offshore_wind_generation,Wind Offshore | Actual Aggregated,2026-08-17T17:16:10Z
2026-08-17T17:12:16Z,2026-08-17T19:12:16+0200,f372a1fc-a0b6-48c3-b979-dc927b00239d,2026-08-03T14:45:00Z,2026-08-03T16:45:00+0200,23.178,MW,NL,NL,actual_offshore_wind_generation,Wind Offshore | Actual Consumption,2026-08-17T17:16:10Z
2026-08-17T17:12:16Z,2026-08-17T19:12:16+0200,f372a1fc-a0b6-48c3-b979-dc927b00239d,2026-08-03T15:00:00Z,2026-08-03T17:00:00+0200,17.655,MW,NL,NL,actual_offshore_wind_generation,Wind Offshore | Actual Aggregated,2026-08-17T17:16:10Z
2026-08-17T17:12:16Z,2026-08-17T19:12:16+0200,f372a1fc-a0b6-48c3-b979-dc927b00239d,2026-08-03T15:00:00Z,2026-08-03T17:00:00+0200,22.368,MW,NL,NL,actual_offshore_wind_generation,Wind Offshore | Actual Consumption,2026-08-17T17:16:10Z
2026-08-17T17:12:16Z,2026-08-17T19:12:16+0200,f372a1fc-a0b6-48c3-b979-dc927b00239d,2026-08-03T15:15:00Z,2026-08-03T17:15:00+0200,35.416,MW,NL,NL,actual_offshore_wind_generation,Wind Offshore | Actual Aggregated,2026-08-17T17:16:10Z
2026-08-17T17:12:16Z,2026-08-17T19:12:16+0200,f372a1fc-a0b6-48c3-b979-dc927b00239d,2026-08-03T15:15:00Z,2026-08-03T17:15:00+0200,13.779,MW,NL,NL,actual_offshore_wind_generation,Wind Offshore | Actual Consumption,2026-08-17T17:16:10Z
2026-08-17T17:12:16Z,2026-08-17T19:12:16+0200,f372a1fc-a0b6-48c3-b979-dc927b00239d,2026-08-03T15:30:00Z,2026-08-03T17:30:00+0200,68.85,MW,NL,NL,actual_offshore_wind_generation,Wind Offshore | Actual Aggregated,2026-08-17T17:16:10Z
2026-08-17T17:12:16Z,2026-08-17T19:12:16+0200,f372a1fc-a0b6-48c3-b979-dc927b00239d,2026-08-03T15:30:00Z,2026-08-03T17:30:00+0200,9.534,MW,NL,NL,actual_offshore_wind_generation,Wind Offshore | Actual Consumption,2026-08-17T17:16:10Z
2026-08-17T17:12:16Z,2026-08-17T19:12:16+0200,f372a1fc-a0b6-48c3-b979-dc927b00239d,2026-08-03T15:45:00Z,2026-08-03T17:45:00+0200,105.408,MW,NL,NL,actual_offshore_wind_generation,Wind Offshore | Actual Aggregated,2026-08-17T17:16:10Z
2026-08-17T17:12:16Z,2026-08-17T19:12:16+0200,f372a1fc-a0b6-48c3-b979-dc927b00239d,2026-08-03T15:45:00Z,2026-08-03T17:45:00+0200,6.574,MW,NL,NL,actual_offshore_wind_generation,Wind Offshore | Actual Consumption,2026-08-17T17:16:10Z
2026-08-17T17:12:16Z,2026-08-17T19:12:16+0200,f372a1fc-a0b6-48c3-b979-dc927b00239d,2026-08-03T16:00:00Z,2026-08-03T18:00:00+0200,435.758,MW,NL,NL,actual_offshore_wind_generation,Wind Offshore | Actual Aggregated,2026-08-17T17:16:10Z
2026-08-17T17:12:16Z,2026-08-17T19:12:16+0200,f372a1fc-a0b6-48c3-b979-dc927b00239d,2026-08-03T16:00:00Z,2026-08-03T18:00:00+0200,3.792,MW,NL,NL,actual_offshore_wind_generation,Wind Offshore | Actual Consumption,2026-08-17T17:16:10Z
2026-08-17T17:12:16Z,2026-08-17T19:12:16+0200,f372a1fc-a0b6-48c3-b979-dc927b00239d,2026-08-03T16:15:00Z,2026-08-03T18:15:00+0200,457.34,MW,NL,NL,actual_offshore_wind_generation,Wind Offshore | Actual Aggregated,2026-08-17T17:16:10Z
2026-08-17T17:12:16Z,2026-08-17T19:12:16+0200,f372a1fc-a0b6-48c3-b979-dc927b00239d,2026-08-03T16:15:00Z,2026-08-03T18:15:00+0200,2.624,MW,NL,NL,actual_offshore_wind_generation,Wind Offshore | Actual Consumption,2026-08-17T17:16:10Z
2026-08-17T17:12:16Z,2026-08-17T19:12:16+0200,f372a1fc-a0b6-48c3-b979-dc927b00239d,2026-08-03T16:30:00Z,2026-08-03T18:30:00+0200,444.311,MW,NL,NL,actual_offshore_wind_generation,Wind Offshore | Actual Aggregated,2026-08-17T17:16:10Z
2026-08-17T17:12:16Z,2026-08-17T19:12:16+0200,f372a1fc-a0b6-48c3-b979-dc927b00239d,2026-08-03T16:30:00Z,2026-08-03T18:30:00+0200,0.284,MW,NL,NL,actual_offshore_wind_generation,Wind Offshore | Actual Consumption,2026-08-17T17:16:10Z
2026-08-17T17:12:16Z,2026-08-17T19:12:16+0200,f372a1fc-a0b6-48c3-b979-dc927b00239d,2026-08-03T16:45:00Z,2026-08-03T18:45:00+0200,450.403,MW,NL,NL,actual_offshore_wind_generation,Wind Offshore | Actual Aggregated,2026-08-17T17:16:10Z
2026-08-17T17:12:16Z,2026-08-17T19:12:16+0200,f372a1fc-a0b6-48c3-b979-dc927b00239d,2026-08-03T16:45:00Z,2026-08-03T18:45:00+0200,0.0,MW,NL,NL,actual_offshore_wind_generation,Wind Offshore | Actual Consumption,2026-08-17T17:16:10Z
2026-08-17T17:12:16Z,2026-08-17T19:12:16+0200,f372a1fc-a0b6-48c3-b979-dc927b00239d,2026-08-03T17:00:00Z,2026-08-03T19:00:00+0200,446.992,MW,NL,NL,actual_offshore_wind_generation,Wind Offshore | Actual Aggregated,2026-08-17T17:16:10Z
2026-08-17T17:12:16Z,2026-08-17T19:12:16+0200,f372a1fc-a0b6-48c3-b979-dc927b00239d,2026-08-03T17:00:00Z,2026-08-03T19:00:00+0200,0.0,MW,NL,NL,actual_offshore_wind_generation,Wind Offshore | Actual Consumption,2026-08-17T17:16:10Z
2026-08-17T17:12:16Z,2026-08-17T19:12:16+0200,f372a1fc-a0b6-48c3-b979-dc927b00239d,2026-08-03T17:15:00Z,2026-08-03T19:15:00+0200,432.05,MW,NL,NL,actual_offshore_wind_generation,Wind Offshore | Actual Aggregated,2026-08-17T17:16:10Z
2026-08-17T17:12:16Z,2026-08-17T19:12:16+0200,f372a1fc-a0b6-48c3-b979-dc927b00239d,2026-08-03T17:15:00Z,2026-08-03T19:15:00+0200,0.0,MW,NL,NL,actual_offshore_wind_generation,Wind Offshore | Actual Consumption,2026-08-17T17:16:10Z
2026-08-17T17:12:16Z,2026-08-17T19:12:16+0200,f372a1fc-a0b6-48c3-b979-dc927b00239d,2026-08-03T17:30:00Z,2026-08-03T19:30:00+0200,420.294,MW,NL,NL,actual_offshore_wind_generation,Wind Offshore | Actual Aggregated,2026-08-17T17:16:10Z
2026-08-17T17:12:16Z,2026-08-17T19:12:16+0200,f372a1fc-a0b6-48c3-b979-dc927b00239d,2026-08-03T17:30:00Z,2026-08-03T19:30:00+0200,0.48,MW,NL,NL,actual_offshore_wind_generation,Wind Offshore | Actual Consumption,2026-08-17T17:16:10Z
2026-08-17T17:12:16Z,2026-08-17T19:12:16+0200,f372a1fc-a0b6-48c3-b979-dc927b00239d,2026-08-03T17:45:00Z,2026-08-03T19:45:00+0200,428.323,MW,NL,NL,actual_offshore_wind_generation,Wind Offshore | Actual Aggregated,2026-08-17T17:16:10Z
2026-08-17T17:12:16Z,2026-08-17T19:12:16+0200,f372a1fc-a0b6-48c3-b979-dc927b00239d,2026-08-03T17:45:00Z,2026-08-03T19:45:00+0200,0.874,MW,NL,NL,actual_offshore_wind_generation,Wind Offshore | Actual Consumption,2026-08-17T17:16:10Z
2026-08-17T17:12:16Z,2026-08-17T19:12:16+0200,f372a1fc-a0b6-48c3-b979-dc927b00239d,2026-08-03T18:00:00Z,2026-08-03T20:00:00+0200,413.665,MW,NL,NL,actual_offshore_wind_generation,Wind Offshore | Actual Aggregated,2026-08-17T17:16:10Z
2026-08-17T17:12:16Z,2026-08-17T19:12:16+0200,f372a1fc-a0b6-48c3-b979-dc927b00239d,2026-08-03T18:00:00Z,2026-08-03T20:00:00+0200,1.035,MW,NL,NL,actual_offshore_wind_generation,Wind Offshore | Actual Consumption,2026-08-17T17:16:10Z
2026-08-17T17:12:16Z,2026-08-17T19:12:16+0200,f372a1fc-a0b6-48c3-b979-dc927b00239d,2026-08-03T18:15:00Z,2026-08-03T20:15:00+0200,378.539,MW,NL,NL,actual_offshore_wind_generation,Wind Offshore | Actual Aggregated,2026-08-17T17:16:10Z
2026-08-17T17:12:16Z,2026-08-17T19:12:16+0200,f372a1fc-a0b6-48c3-b979-dc927b00239d,2026-08-03T18:15:00Z,2026-08-03T20:15:00+0200,2.525,MW,NL,NL,actual_offshore_wind_generation,Wind Offshore | Actual Consumption,2026-08-17T17:16:10Z
2026-08-17T17:12:16Z,2026-08-17T19:12:16+0200,f372a1fc-a0b6-48c3-b979-dc927b00239d,2026-08-03T18:30:00Z,2026-08-03T20:30:00+0200,373.142,MW,NL,NL,actual_offshore_wind_generation,Wind Offshore | Actual Aggregated,2026-08-17T17:16:10Z
2026-08-17T17:12:16Z,2026-08-17T19:12:16+0200,f372a1fc-a0b6-48c3-b979-dc927b00239d,2026-08-03T18:30:00Z,2026-08-03T20:30:00+0200,3.118,MW,NL,NL,actual_offshore_wind_generation,Wind Offshore | Actual Consumption,2026-08-17T17:16:10Z
2026-08-17T17:12:16Z,2026-08-17T19:12:16+0200,f372a1fc-a0b6-48c3-b979-dc927b00239d,2026-08-03T18:45:00Z,2026-08-03T20:45:00+0200,384.463,MW,NL,NL,actual_offshore_wind_generation,Wind Offshore | Actual Aggregated,2026-08-17T17:16:10Z
2026-08-17T17:12:16Z,2026-08-17T19:12:16+0200,f372a1fc-a0b6-48c3-b979-dc927b00239d,2026-08-03T18:45:00Z,2026-08-03T20:45:00+0200,3.558,MW,NL,NL,actual_offshore_wind_generation,Wind Offshore | Actual Consumption,2026-08-17T17:16:10Z
2026-08-17T17:12:16Z,2026-08-17T19:12:16+0200,f372a1fc-a0b6-48c3-b979-dc927b00239d,2026-08-03T19:00:00Z,2026-08-03T21:00:00+0200,398.069,MW,NL,NL,actual_offshore_wind_generation,Wind Offshore | Actual Aggregated,2026-08-17T17:16:10Z
2026-08-17T17:12:16Z,2026-08-17T19:12:16+0200,f372a1fc-a0b6-48c3-b979-dc927b00239d,2026-08-03T19:00:00Z,2026-08-03T21:00:00+0200,4.852,MW,NL,NL,actual_offshore_wind_generation,Wind Offshore | Actual Consumption,2026-08-17T17:16:10Z
2026-08-17T17:12:16Z,2026-08-17T19:12:16+0200,f372a1fc-a0b6-48c3-b979-dc927b00239d,2026-08-03T19:15:00Z,2026-08-03T21:15:00+0200,426.925,MW,NL,NL,actual_offshore_wind_generation,Wind Offshore | Actual Aggregated,2026-08-17T17:16:10Z
2026-08-17T17:12:16Z,2026-08-17T19:12:16+0200,f372a1fc-a0b6-48c3-b979-dc927b00239d,2026-08-03T19:15:00Z,2026-08-03T21:15:00+0200,4.696,MW,NL,NL,actual_offshore_wind_generation,Wind Offshore | Actual Consumption,2026-08-17T17:16:10Z
2026-08-17T17:12:16Z,2026-08-17T19:12:16+0200,f372a1fc-a0b6-48c3-b979-dc927b00239d,2026-08-03T19:30:00Z,2026-08-03T21:30:00+0200,447.861,MW,NL,NL,actual_offshore_wind_generation,Wind Offshore | Actual Aggregated,2026-08-17T17:16:10Z
2026-08-17T17:12:16Z,2026-08-17T19:12:16+0200,f372a1fc-a0b6-48c3-b979-dc927b00239d,2026-08-03T19:30:00Z,2026-08-03T21:30:00+0200,3.752,MW,NL,NL,actual_offshore_wind_generation,Wind Offshore | Actual Consumption,2026-08-17T17:16:10Z
2026-08-17T17:12:16Z,2026-08-17T19:12:16+0200,f372a1fc-a0b6-48c3-b979-dc927b00239d,2026-08-03T19:45:00Z,2026-08-03T21:45:00+0200,438.071,MW,NL,NL,actual_offshore_wind_generation,Wind Offshore | Actual Aggregated,2026-08-17T17:16:10Z
2026-08-17T17:12:16Z,2026-08-17T19:12:16+0200,f372a1fc-a0b6-48c3-b979-dc927b00239d,2026-08-03T19:45:00Z,2026-08-03T21:45:00+0200,5.64,MW,NL,NL,actual_offshore_wind_generation,Wind Offshore | Actual Consumption,2026-08-17T17:16:10Z
2026-08-17T17:12:16Z,2026-08-17T19:12:16+0200,f372a1fc-a0b6-48c3-b979-dc927b00239d,2026-08-03T20:00:00Z,2026-08-03T22:00:00+0200,428.455,MW,NL,NL,actual_offshore_wind_generation,Wind Offshore | Actual Aggregated,2026-08-17T17:16:10Z
2026-08-17T17:12:16Z,2026-08-17T19:12:16+0200,f372a1fc-a0b6-48c3-b979-dc927b00239d,2026-08-03T20:00:00Z,2026-08-03T22:00:00+0200,8.689,MW,NL,NL,actual_offshore_wind_generation,Wind Offshore | Actual Consumption,2026-08-17T17:16:10Z
2026-08-17T17:12:16Z,2026-08-17T19:12:16+0200,f372a1fc-a0b6-48c3-b979-dc927b00239d,2026-08-03T20:15:00Z,2026-08-03T22:15:00+0200,441.852,MW,NL,NL,actual_offshore_wind_generation,Wind Offshore | Actual Aggregated,2026-08-17T17:16:10Z
2026-08-17T17:12:16Z,2026-08-17T19:12:16+0200,f372a1fc-a0b6-48c3-b979-dc927b00239d,2026-08-03T20:15:00Z,2026-08-03T22:15:00+0200,8.839,MW,NL,NL,actual_offshore_wind_generation,Wind Offshore | Actual Consumption,2026-08-17T17:16:10Z
2026-08-17T17:12:16Z,2026-08-17T19:12:16+0200,f372a1fc-a0b6-48c3-b979-dc927b00239d,2026-08-03T20:30:00Z,2026-08-03T22:30:00+0200,429.443,MW,NL,NL,actual_offshore_wind_generation,Wind Offshore | Actual Aggregated,2026-08-17T17:16:10Z
2026-08-17T17:12:16Z,2026-08-17T19:12:16+0200,f372a1fc-a0b6-48c3-b979-dc927b00239d,2026-08-03T20:30:00Z,2026-08-03T22:30:00+0200,11.394,MW,NL,NL,actual_offshore_wind_generation,Wind Offshore | Actual Consumption,2026-08-17T17:16:10Z
2026-08-17T17:12:16Z,2026-08-17T19:12:16+0200,f372a1fc-a0b6-48c3-b979-dc927b00239d,2026-08-03T20:45:00Z,2026-08-03T22:45:00+0200,386.109,MW,NL,NL,actual_offshore_wind_generation,Wind Offshore | Actual Aggregated,2026-08-17T17:16:10Z
2026-08-17T17:12:16Z,2026-08-17T19:12:16+0200,f372a1fc-a0b6-48c3-b979-dc927b00239d,2026-08-03T20:45:00Z,2026-08-03T22:45:00+0200,16.07,MW,NL,NL,actual_offshore_wind_generation,Wind Offshore | Actual Consumption,2026-08-17T17:16:10Z
2026-08-17T17:12:16Z,2026-08-17T19:12:16+0200,f372a1fc-a0b6-48c3-b979-dc927b00239d,2026-08-03T21:00:00Z,2026-08-03T23:00:00+0200,328.607,MW,NL,NL,actual_offshore_wind_generation,Wind Offshore | Actual Aggregated,2026-08-17T17:16:10Z
2026-08-17T17:12:16Z,2026-08-17T19:12:16+0200,f372a1fc-a0b6-48c3-b979-dc927b00239d,2026-08-03T21:00:00Z,2026-08-03T23:00:00+0200,20.426,MW,NL,NL,actual_offshore_wind_generation,Wind Offshore | Actual Consumption,2026-08-17T17:16:10Z
2026-08-17T17:12:16Z,2026-08-17T19:12:16+0200,f372a1fc-a0b6-48c3-b979-dc927b00239d,2026-08-03T21:15:00Z,2026-08-03T23:15:00+0200,328.811,MW,NL,NL,actual_offshore_wind_generation,Wind Offshore | Actual Aggregated,2026-08-17T17:16:10Z
2026-08-17T17:12:16Z,2026-08-17T19:12:16+0200,f372a1fc-a0b6-48c3-b979-dc927b00239d,2026-08-03T21:15:00Z,2026-08-03T23:15:00+0200,22.045,MW,NL,NL,actual_offshore_wind_generation,Wind Offshore | Actual Consumption,2026-08-17T17:16:10Z
2026-08-17T17:12:16Z,2026-08-17T19:12:16+0200,f372a1fc-a0b6-48c3-b979-dc927b00239d,2026-08-03T21:30:00Z,2026-08-03T23:30:00+0200,344.501,MW,NL,NL,actual_offshore_wind_generation,Wind Offshore | Actual Aggregated,2026-08-17T17:16:10Z
2026-08-17T17:12:16Z,2026-08-17T19:12:16+0200,f372a1fc-a0b6-48c3-b979-dc927b00239d,2026-08-03T21:30:00Z,2026-08-03T23:30:00+0200,19.623,MW,NL,NL,actual_offshore_wind_generation,Wind Offshore | Actual Consumption,2026-08-17T17:16:10Z
2026-08-17T17:12:16Z,2026-08-17T19:12:16+0200,f372a1fc-a0b6-48c3-b979-dc927b00239d,2026-08-03T21:45:00Z,2026-08-03T23:45:00+0200,372.662,MW,NL,NL,actual_offshore_wind_generation,Wind Offshore | Actual Aggregated,2026-08-17T17:16:10Z
2026-08-17T17:12:16Z,2026-08-17T19:12:16+0200,f372a1fc-a0b6-48c3-b979-dc927b00239d,2026-08-03T21:45:00Z,2026-08-03T23:45:00+0200,20.874,MW,NL,NL,actual_offshore_wind_generation,Wind Offshore | Actual Consumption,2026-08-17T17:16:10Z
2026-08-17T17:12:16Z,2026-08-17T19:12:16+0200,f372a1fc-a0b6-48c3-b979-dc927b00239d,2026-08-03T22:00:00Z,2026-08-04T00:00:00+0200,341.268,MW,NL,NL,actual_offshore_wind_generation,Wind Offshore | Actual Aggregated,2026-08-17T17:16:10Z
2026-08-17T17:12:16Z,2026-08-17T19:12:16+0200,f372a1fc-a0b6-48c3-b979-dc927b00239d,2026-08-03T22:00:00Z,2026-08-04T00:00:00+0200,22.686,MW,NL,NL,actual_offshore_wind_generation,Wind Offshore | Actual Consumption,2026-08-17T17:16:10Z
2026-08-17T17:12:16Z,2026-08-17T19:12:16+0200,f372a1fc-a0b6-48c3-b979-dc927b00239d,2026-08-03T22:15:00Z,2026-08-04T00:15:00+0200,311.552,MW,NL,NL,actual_offshore_wind_generation,Wind Offshore | Actual Aggregated,2026-08-17T17:16:10Z
2026-08-17T17:12:16Z,2026-08-17T19:12:16+0200,f372a1fc-a0b6-48c3-b979-dc927b00239d,2026-08-03T22:15:00Z,2026-08-04T00:15:00+0200,28.414,MW,NL,NL,actual_offshore_wind_generation,Wind Offshore | Actual Consumption,2026-08-17T17:16:10Z
2026-08-17T17:12:16Z,2026-08-17T19:12:16+0200,f372a1fc-a0b6-48c3-b979-dc927b00239d,2026-08-03T22:30:00Z,2026-08-04T00:30:00+0200,343.994,MW,NL,NL,actual_offshore_wind_generation,Wind Offshore | Actual Aggregated,2026-08-17T17:16:10Z
2026-08-17T17:12:16Z,2026-08-17T19:12:16+0200,f372a1fc-a0b6-48c3-b979-dc927b00239d,2026-08-03T22:30:00Z,2026-08-04T00:30:00+0200,32.469,MW,NL,NL,actual_offshore_wind_generation,Wind Offshore | Actual Consumption,2026-08-17T17:16:10Z
2026-08-17T17:12:16Z,2026-08-17T19:12:16+0200,f372a1fc-a0b6-48c3-b979-dc927b00239d,2026-08-03T22:45:00Z,2026-08-04T00:45:00+0200,447.087,MW,NL,NL,actual_offshore_wind_generation,Wind Offshore | Actual Aggregated,2026-08-17T17:16:10Z
2026-08-17T17:12:16Z,2026-08-17T19:12:16+0200,f372a1fc-a0b6-48c3-b979-dc927b00239d,2026-08-03T22:45:00Z,2026-08-04T00:45:00+0200,27.686,MW,NL,NL,actual_offshore_wind_generation,Wind Offshore | Actual Consumption,2026-08-17T17:16:10Z
2026-08-17T17:12:16Z,2026-08-17T19:12:16+0200,f372a1fc-a0b6-48c3-b979-dc927b00239d,2026-08-03T23:00:00Z,2026-08-04T01:00:00+0200,479.084,MW,NL,NL,actual_offshore_wind_generation,Wind Offshore | Actual Aggregated,2026-08-17T17:16:10Z
2026-08-17T17:12:16Z,2026-08-17T19:12:16+0200,f372a1fc-a0b6-48c3-b979-dc927b00239d,2026-08-03T23:00:00Z,2026-08-04T01:00:00+0200,16.545,MW,NL,NL,actual_offshore_wind_generation,Wind Offshore | Actual Consumption,2026-08-17T17:16:10Z
2026-08-17T17:12:16Z,2026-08-17T19:12:16+0200,f372a1fc-a0b6-48c3-b979-dc927b00239d,2026-08-03T23:15:00Z,2026-08-04T01:15:00+0200,526.123,MW,NL,NL,actual_offshore_wind_generation,Wind Offshore | Actual Aggregated,2026-08-17T17:16:10Z
2026-08-17T17:12:16Z,2026-08-17T19:12:16+0200,f372a1fc-a0b6-48c3-b979-dc927b00239d,2026-08-03T23:15:00Z,2026-08-04T01:15:00+0200,13.455,MW,NL,NL,actual_offshore_wind_generation,Wind Offshore | Actual Consumption,2026-08-17T17:16:10Z
2026-08-17T17:12:16Z,2026-08-17T19:12:16+0200,f372a1fc-a0b6-48c3-b979-dc927b00239d,2026-08-03T23:30:00Z,2026-08-04T01:30:00+0200,551.011,MW,NL,NL,actual_offshore_wind_generation,Wind Offshore | Actual Aggregated,2026-08-17T17:16:10Z
2026-08-17T17:12:16Z,2026-08-17T19:12:16+0200,f372a1fc-a0b6-48c3-b979-dc927b00239d,2026-08-03T23:30:00Z,2026-08-04T01:30:00+0200,5.564,MW,NL,NL,actual_offshore_wind_generation,Wind Offshore | Actual Consumption,2026-08-17T17:16:10Z
2026-08-17T17:12:16Z,2026-08-17T19:12:16+0200,f372a1fc-a0b6-48c3-b979-dc927b00239d,2026-08-03T23:45:00Z,2026-08-04T01:45:00+0200,500.352,MW,NL,NL,actual_offshore_wind_generation,Wind Offshore | Actual Aggregated,2026-08-17T17:16:10Z
2026-08-17T17:12:16Z,2026-08-17T19:12:16+0200,f372a1fc-a0b6-48c3-b979-dc927b00239d,2026-08-03T23:45:00Z,2026-08-04T01:45:00+0200,9.772,MW,NL,NL,actual_offshore_wind_generation,Wind Offshore | Actual Consumption,2026-08-17T17:16:10Z
2026-08-17T17:12:16Z,2026-08-17T19:12:16+0200,f372a1fc-a0b6-48c3-b979-dc927b00239d,2026-08-04T00:00:00Z,2026-08-04T02:00:00+0200,435.358,MW,NL,NL,actual_offshore_wind_generation,Wind Offshore | Actual Aggregated,2026-08-17T17:16:10Z
2026-08-17T17:12:16Z,2026-08-17T19:12:16+0200,f372a1fc-a0b6-48c3-b979-dc927b00239d,2026-08-04T00:00:00Z,2026-08-04T02:00:00+0200,5.044,MW,NL,NL,actual_offshore_wind_generation,Wind Offshore | Actual Consumption,2026-08-17T17:16:10Z
2026-08-17T17:12:16Z,2026-08-17T19:12:16+0200,f372a1fc-a0b6-48c3-b979-dc927b00239d,2026-08-04T00:15:00Z,2026-08-04T02:15:00+0200,408.244,MW,NL,NL,actual_offshore_wind_generation,Wind Offshore | Actual Aggregated,2026-08-17T17:16:10Z
2026-08-17T17:12:16Z,2026-08-17T19:12:16+0200,f372a1fc-a0b6-48c3-b979-dc927b00239d,2026-08-04T00:15:00Z,2026-08-04T02:15:00+0200,5.865,MW,NL,NL,actual_offshore_wind_generation,Wind Offshore | Actual Consumption,2026-08-17T17:16:10Z
2026-08-17T17:12:16Z,2026-08-17T19:12:16+0200,f372a1fc-a0b6-48c3-b979-dc927b00239d,2026-08-04T00:30:00Z,2026-08-04T02:30:00+0200,394.362,MW,NL,NL,actual_offshore_wind_generation,Wind Offshore | Actual Aggregated,2026-08-17T17:16:10Z
2026-08-17T17:12:16Z,2026-08-17T19:12:16+0200,f372a1fc-a0b6-48c3-b979-dc927b00239d,2026-08-04T00:30:00Z,2026-08-04T02:30:00+0200,6.532,MW,NL,NL,actual_offshore_wind_generation,Wind Offshore | Actual Consumption,2026-08-17T17:16:10Z
2026-08-17T17:12:16Z,2026-08-17T19:12:16+0200,f372a1fc-a0b6-48c3-b979-dc927b00239d,2026-08-04T00:45:00Z,2026-08-04T02:45:00+0200,390.634,MW,NL,NL,actual_offshore_wind_generation,Wind Offshore | Actual Aggregated,2026-08-17T17:16:10Z
2026-08-17T17:12:16Z,2026-08-17T19:12:16+0200,f372a1fc-a0b6-48c3-b979-dc927b00239d,2026-08-04T00:45:00Z,2026-08-04T02:45:00+0200,7.226,MW,NL,NL,actual_offshore_wind_generation,Wind Offshore | Actual Consumption,2026-08-17T17:16:10Z
2026-08-17T17:12:16Z,2026-08-17T19:12:16+0200,f372a1fc-a0b6-48c3-b979-dc927b00239d,2026-08-04T01:00:00Z,2026-08-04T03:00:00+0200,376.376,MW,NL,NL,actual_offshore_wind_generation,Wind Offshore | Actual Aggregated,2026-08-17T17:16:10Z
2026-08-17T17:12:16Z,2026-08-17T19:12:16+0200,f372a1fc-a0b6-48c3-b979-dc927b00239d,2026-08-04T01:00:00Z,2026-08-04T03:00:00+0200,7.338,MW,NL,NL,actual_offshore_wind_generation,Wind Offshore | Actual Consumption,2026-08-17T17:16:10Z
2026-08-17T17:12:16Z,2026-08-17T19:12:16+0200,f372a1fc-a0b6-48c3-b979-dc927b00239d,2026-08-04T01:15:00Z,2026-08-04T03:15:00+0200,404.329,MW,NL,NL,actual_offshore_wind_generation,Wind Offshore | Actual Aggregated,2026-08-17T17:16:10Z
2026-08-17T17:12:16Z,2026-08-17T19:12:16+0200,f372a1fc-a0b6-48c3-b979-dc927b00239d,2026-08-04T01:15:00Z,2026-08-04T03:15:00+0200,2.499,MW,NL,NL,actual_offshore_wind_generation,Wind Offshore | Actual Consumption,2026-08-17T17:16:10Z
2026-08-17T17:12:16Z,2026-08-17T19:12:16+0200,f372a1fc-a0b6-48c3-b979-dc927b00239d,2026-08-04T01:30:00Z,2026-08-04T03:30:00+0200,442.312,MW,NL,NL,actual_offshore_wind_generation,Wind Offshore | Actual Aggregated,2026-08-17T17:16:10Z
2026-08-17T17:12:16Z,2026-08-17T19:12:16+0200,f372a1fc-a0b6-48c3-b979-dc927b00239d,2026-08-04T01:30:00Z,2026-08-04T03:30:00+0200,8.791,MW,NL,NL,actual_offshore_wind_generation,Wind Offshore | Actual Consumption,2026-08-17T17:16:10Z
2026-08-17T17:12:16Z,2026-08-17T19:12:16+0200,f372a1fc-a0b6-48c3-b979-dc927b00239d,2026-08-04T01:45:00Z,2026-08-04T03:45:00+0200,452.166,MW,NL,NL,actual_offshore_wind_generation,Wind Offshore | Actual Aggregated,2026-08-17T17:16:10Z
2026-08-17T17:12:16Z,2026-08-17T19:12:16+0200,f372a1fc-a0b6-48c3-b979-dc927b00239d,2026-08-04T01:45:00Z,2026-08-04T03:45:00+0200,7.907,MW,NL,NL,actual_offshore_wind_generation,Wind Offshore | Actual Consumption,2026-08-17T17:16:10Z
2026-08-17T17:12:16Z,2026-08-17T19:12:16+0200,f372a1fc-a0b6-48c3-b979-dc927b00239d,2026-08-04T02:00:00Z,2026-08-04T04:00:00+0200,409.723,MW,NL,NL,actual_offshore_wind_generation,Wind Offshore | Actual Aggregated,2026-08-17T17:16:10Z
2026-08-17T17:12:16Z,2026-08-17T19:12:16+0200,f372a1fc-a0b6-48c3-b979-dc927b00239d,2026-08-04T02:00:00Z,2026-08-04T04:00:00+0200,10.125,MW,NL,NL,actual_offshore_wind_generation,Wind Offshore | Actual Consumption,2026-08-17T17:16:10Z
2026-08-17T17:12:16Z,2026-08-17T19:12:16+0200,f372a1fc-a0b6-48c3-b979-dc927b00239d,2026-08-04T02:15:00Z,2026-08-04T04:15:00+0200,350.293,MW,NL,NL,actual_offshore_wind_generation,Wind Offshore | Actual Aggregated,2026-08-17T17:16:10Z
2026-08-17T17:12:16Z,2026-08-17T19:12:16+0200,f372a1fc-a0b6-48c3-b979-dc927b00239d,2026-08-04T02:15:00Z,2026-08-04T04:15:00+0200,13.745,MW,NL,NL,actual_offshore_wind_generation,Wind Offshore | Actual Consumption,2026-08-17T17:16:10Z
2026-08-17T17:12:16Z,2026-08-17T19:12:16+0200,f372a1fc-a0b6-48c3-b979-dc927b00239d,2026-08-04T02:30:00Z,2026-08-04T04:30:00+0200,278.095,MW,NL,NL,actual_offshore_wind_generation,Wind Offshore | Actual Aggregated,2026-08-17T17:16:10Z
2026-08-17T17:12:16Z,2026-08-17T19:12:16+0200,f372a1fc-a0b6-48c3-b979-dc927b00239d,2026-08-04T02:30:00Z,2026-08-04T04:30:00+0200,14.706,MW,NL,NL,actual_offshore_wind_generation,Wind Offshore | Actual Consumption,2026-08-17T17:16:10Z
2026-08-17T17:12:16Z,2026-08-17T19:12:16+0200,f372a1fc-a0b6-48c3-b979-dc927b00239d,2026-08-04T02:45:00Z,2026-08-04T04:45:00+0200,266.738,MW,NL,NL,actual_offshore_wind_generation,Wind Offshore | Actual Aggregated,2026-08-17T17:16:10Z
2026-08-17T17:12:16Z,2026-08-17T19:12:16+0200,f372a1fc-a0b6-48c3-b979-dc927b00239d,2026-08-04T02:45:00Z,2026-08-04T04:45:00+0200,19.515,MW,NL,NL,actual_offshore_wind_generation,Wind Offshore | Actual Consumption,2026-08-17T17:16:10Z
2026-08-17T17:12:16Z,2026-08-17T19:12:16+0200,f372a1fc-a0b6-48c3-b979-dc927b00239d,2026-08-04T03:00:00Z,2026-08-04T05:00:00+0200,276.907,MW,NL,NL,actual_offshore_wind_generation,Wind Offshore | Actual Aggregated,2026-08-17T17:16:10Z
2026-08-17T17:12:16Z,2026-08-17T19:12:16+0200,f372a1fc-a0b6-48c3-b979-dc927b00239d,2026-08-04T03:00:00Z,2026-08-04T05:00:00+0200,18.55,MW,NL,NL,actual_offshore_wind_generation,Wind Offshore | Actual Consumption,2026-08-17T17:16:10Z
2026-08-17T17:12:16Z,2026-08-17T19:12:16+0200,f372a1fc-a0b6-48c3-b979-dc927b00239d,2026-08-04T03:15:00Z,2026-08-04T05:15:00+0200,259.244,MW,NL,NL,actual_offshore_wind_generation,Wind Offshore | Actual Aggregated,2026-08-17T17:16:10Z
2026-08-17T17:12:16Z,2026-08-17T19:12:16+0200,f372a1fc-a0b6-48c3-b979-dc927b00239d,2026-08-04T03:15:00Z,2026-08-04T05:15:00+0200,17.213,MW,NL,NL,actual_offshore_wind_generation,Wind Offshore | Actual Consumption,2026-08-17T17:16:10Z
2026-08-17T17:12:16Z,2026-08-17T19:12:16+0200,f372a1fc-a0b6-48c3-b979-dc927b00239d,2026-08-04T03:30:00Z,2026-08-04T05:30:00+0200,259.885,MW,NL,NL,actual_offshore_wind_generation,Wind Offshore | Actual Aggregated,2026-08-17T17:16:10Z
2026-08-17T17:12:16Z,2026-08-17T19:12:16+0200,f372a1fc-a0b6-48c3-b979-dc927b00239d,2026-08-04T03:30:00Z,2026-08-04T05:30:00+0200,18.804,MW,NL,NL,actual_offshore_wind_generation,Wind Offshore | Actual Consumption,2026-08-17T17:16:10Z
2026-08-17T17:12:16Z,2026-08-17T19:12:16+0200,f372a1fc-a0b6-48c3-b979-dc927b00239d,2026-08-04T03:45:00Z,2026-08-04T05:45:00+0200,294.997,MW,NL,NL,actual_offshore_wind_generation,Wind Offshore | Actual Aggregated,2026-08-17T17:16:10Z
2026-08-17T17:12:16Z,2026-08-17T19:12:16+0200,f372a1fc-a0b6-48c3-b979-dc927b00239d,2026-08-04T03:45:00Z,2026-08-04T05:45:00+0200,18.269,MW,NL,NL,actual_offshore_wind_generation,Wind Offshore | Actual Consumption,2026-08-17T17:16:10Z
2026-08-17T17:12:16Z,2026-08-17T19:12:16+0200,f372a1fc-a0b6-48c3-b979-dc927b00239d,2026-08-04T04:00:00Z,2026-08-04T06:00:00+0200,346.219,MW,NL,NL,actual_offshore_wind_generation,Wind Offshore | Actual Aggregated,2026-08-17T17:16:10Z
2026-08-17T17:12:16Z,2026-08-17T19:12:16+0200,f372a1fc-a0b6-48c3-b979-dc927b00239d,2026-08-04T04:00:00Z,2026-08-04T06:00:00+0200,13.069,MW,NL,NL,actual_offshore_wind_generation,Wind Offshore | Actual Consumption,2026-08-17T17:16:10Z
2026-08-17T17:12:16Z,2026-08-17T19:12:16+0200,f372a1fc-a0b6-48c3-b979-dc927b00239d,2026-08-04T04:15:00Z,2026-08-04T06:15:00+0200,414.113,MW,NL,NL,actual_offshore_wind_generation,Wind Offshore | Actual Aggregated,2026-08-17T17:16:10Z
2026-08-17T17:12:16Z,2026-08-17T19:12:16+0200,f372a1fc-a0b6-48c3-b979-dc927b00239d,2026-08-04T04:15:00Z,2026-08-04T06:15:00+0200,13.533,MW,NL,NL,actual_offshore_wind_generation,Wind Offshore | Actual Consumption,2026-08-17T17:16:10Z
2026-08-17T17:12:16Z,2026-08-17T19:12:16+0200,f372a1fc-a0b6-48c3-b979-dc927b00239d,2026-08-04T04:30:00Z,2026-08-04T06:30:00+0200,486.578,MW,NL,NL,actual_offshore_wind_generation,Wind Offshore | Actual Aggregated,2026-08-17T17:16:10Z
2026-08-17T17:12:16Z,2026-08-17T19:12:16+0200,f372a1fc-a0b6-48c3-b979-dc927b00239d,2026-08-04T04:30:00Z,2026-08-04T06:30:00+0200,14.211,MW,NL,NL,actual_offshore_wind_generation,Wind Offshore | Actual Consumption,2026-08-17T17:16:10Z
2026-08-17T17:12:16Z,2026-08-17T19:12:16+0200,f372a1fc-a0b6-48c3-b979-dc927b00239d,2026-08-04T04:45:00Z,2026-08-04T06:45:00+0200,511.408,MW,NL,NL,actual_offshore_wind_generation,Wind Offshore | Actual Aggregated,2026-08-17T17:16:10Z
2026-08-17T17:12:16Z,2026-08-17T19:12:16+0200,f372a1fc-a0b6-48c3-b979-dc927b00239d,2026-08-04T04:45:00Z,2026-08-04T06:45:00+0200,13.062,MW,NL,NL,actual_offshore_wind_generation,Wind Offshore | Actual Consumption,2026-08-17T17:16:10Z
2026-08-17T17:12:16Z,2026-08-17T19:12:16+0200,f372a1fc-a0b6-48c3-b979-dc927b00239d,2026-08-04T05:00:00Z,2026-08-04T07:00:00+0200,598.117,MW,NL,NL,actual_offshore_wind_generation,Wind Offshore | Actual Aggregated,2026-08-17T17:16:10Z
2026-08-17T17:12:16Z,2026-08-17T19:12:16+0200,f372a1fc-a0b6-48c3-b979-dc927b00239d,2026-08-04T05:00:00Z,2026-08-04T07:00:00+0200,14.098,MW,NL,NL,actual_offshore_wind_generation,Wind Offshore | Actual Consumption,2026-08-17T17:16:10Z
2026-08-17T17:12:16Z,2026-08-17T19:12:16+0200,f372a1fc-a0b6-48c3-b979-dc927b00239d,2026-08-04T05:15:00Z,2026-08-04T07:15:00+0200,705.779,MW,NL,NL,actual_offshore_wind_generation,Wind Offshore | Actual Aggregated,2026-08-17T17:16:10Z
2026-08-17T17:12:16Z,2026-08-17T19:12:16+0200,f372a1fc-a0b6-48c3-b979-dc927b00239d,2026-08-04T05:15:00Z,2026-08-04T07:15:00+0200,10.579,MW,NL,NL,actual_offshore_wind_generation,Wind Offshore | Actual Consumption,2026-08-17T17:16:10Z
2026-08-17T17:12:16Z,2026-08-17T19:12:16+0200,f372a1fc-a0b6-48c3-b979-dc927b00239d,2026-08-04T05:30:00Z,2026-08-04T07:30:00+0200,770.916,MW,NL,NL,actual_offshore_wind_generation,Wind Offshore | Actual Aggregated,2026-08-17T17:16:10Z
2026-08-17T17:12:16Z,2026-08-17T19:12:16+0200,f372a1fc-a0b6-48c3-b979-dc927b00239d,2026-08-04T05:30:00Z,2026-08-04T07:30:00+0200,7.713,MW,NL,NL,actual_offshore_wind_generation,Wind Offshore | Actual Consumption,2026-08-17T17:16:10Z
2026-08-17T17:12:16Z,2026-08-17T19:12:16+0200,f372a1fc-a0b6-48c3-b979-dc927b00239d,2026-08-04T05:45:00Z,2026-08-04T07:45:00+0200,870.822,MW,NL,NL,actual_offshore_wind_generation,Wind Offshore | Actual Aggregated,2026-08-17T17:16:10Z
2026-08-17T17:12:16Z,2026-08-17T19:12:16+0200,f372a1fc-a0b6-48c3-b979-dc927b00239d,2026-08-04T05:45:00Z,2026-08-04T07:45:00+0200,5.855,MW,NL,NL,actual_offshore_wind_generation,Wind Offshore | Actual Consumption,2026-08-17T17:16:10Z
2026-08-17T17:12:16Z,2026-08-17T19:12:16+0200,f372a1fc-a0b6-48c3-b979-dc927b00239d,2026-08-04T06:00:00Z,2026-08-04T08:00:00+0200,914.675,MW,NL,NL,actual_offshore_wind_generation,Wind Offshore | Actual Aggregated,2026-08-17T17:16:10Z
2026-08-17T17:12:16Z,2026-08-17T19:12:16+0200,f372a1fc-a0b6-48c3-b979-dc927b00239d,2026-08-04T06:00:00Z,2026-08-04T08:00:00+0200,4.325,MW,NL,NL,actual_offshore_wind_generation,Wind Offshore | Actual Consumption,2026-08-17T17:16:10Z
2026-08-17T17:12:16Z,2026-08-17T19:12:16+0200,f372a1fc-a0b6-48c3-b979-dc927b00239d,2026-08-04T06:15:00Z,2026-08-04T08:15:00+0200,931.74,MW,NL,NL,actual_offshore_wind_generation,Wind Offshore | Actual Aggregated,2026-08-17T17:16:10Z
2026-08-17T17:12:16Z,2026-08-17T19:12:16+0200,f372a1fc-a0b6-48c3-b979-dc927b00239d,2026-08-04T06:15:00Z,2026-08-04T08:15:00+0200,4.58,MW,NL,NL,actual_offshore_wind_generation,Wind Offshore | Actual Consumption,2026-08-17T17:16:10Z
2026-08-17T17:12:16Z,2026-08-17T19:12:16+0200,f372a1fc-a0b6-48c3-b979-dc927b00239d,2026-08-04T06:30:00Z,2026-08-04T08:30:00+0200,838.228,MW,NL,NL,actual_offshore_wind_generation,Wind Offshore | Actual Aggregated,2026-08-17T17:16:10Z
2026-08-17T17:12:16Z,2026-08-17T19:12:16+0200,f372a1fc-a0b6-48c3-b979-dc927b00239d,2026-08-04T06:30:00Z,2026-08-04T08:30:00+0200,4.066,MW,NL,NL,actual_offshore_wind_generation,Wind Offshore | Actual Consumption,2026-08-17T17:16:10Z
2026-08-17T17:12:16Z,2026-08-17T19:12:16+0200,f372a1fc-a0b6-48c3-b979-dc927b00239d,2026-08-04T06:45:00Z,2026-08-04T08:45:00+0200,791.172,MW,NL,NL,actual_offshore_wind_generation,Wind Offshore | Actual Aggregated,2026-08-17T17:16:10Z
2026-08-17T17:12:16Z,2026-08-17T19:12:16+0200,f372a1fc-a0b6-48c3-b979-dc927b00239d,2026-08-04T06:45:00Z,2026-08-04T08:45:00+0200,3.326,MW,NL,NL,actual_offshore_wind_generation,Wind Offshore | Actual Consumption,2026-08-17T17:16:10Z
2026-08-17T17:12:16Z,2026-08-17T19:12:16+0200,f372a1fc-a0b6-48c3-b979-dc927b00239d,2026-08-04T07:00:00Z,2026-08-04T09:00:00+0200,786.11,MW,NL,NL,actual_offshore_wind_generation,Wind Offshore | Actual Aggregated,2026-08-17T17:16:10Z
2026-08-17T17:12:16Z,2026-08-17T19:12:16+0200,f372a1fc-a0b6-48c3-b979-dc927b00239d,2026-08-04T07:00:00Z,2026-08-04T09:00:00+0200,3.064,MW,NL,NL,actual_offshore_wind_generation,Wind Offshore | Actual Consumption,2026-08-17T17:16:10Z
2026-08-17T17:12:16Z,2026-08-17T19:12:16+0200,f372a1fc-a0b6-48c3-b979-dc927b00239d,2026-08-04T07:15:00Z,2026-08-04T09:15:00+0200,836.574,MW,NL,NL,actual_offshore_wind_generation,Wind Offshore | Actual Aggregated,2026-08-17T17:16:10Z
2026-08-17T17:12:16Z,2026-08-17T19:12:16+0200,f372a1fc-a0b6-48c3-b979-dc927b00239d,2026-08-04T07:15:00Z,2026-08-04T09:15:00+0200,3.115,MW,NL,NL,actual_offshore_wind_generation,Wind Offshore | Actual Consumption,2026-08-17T17:16:10Z
2026-08-17T17:12:16Z,2026-08-17T19:12:16+0200,f372a1fc-a0b6-48c3-b979-dc927b00239d,2026-08-04T07:30:00Z,2026-08-04T09:30:00+0200,837.47,MW,NL,NL,actual_offshore_wind_generation,Wind Offshore | Actual Aggregated,2026-08-17T17:16:10Z
2026-08-17T17:12:16Z,2026-08-17T19:12:16+0200,f372a1fc-a0b6-48c3-b979-dc927b00239d,2026-08-04T07:30:00Z,2026-08-04T09:30:00+0200,3.048,MW,NL,NL,actual_offshore_wind_generation,Wind Offshore | Actual Consumption,2026-08-17T17:16:10Z
2026-08-17T17:12:16Z,2026-08-17T19:12:16+0200,f372a1fc-a0b6-48c3-b979-dc927b00239d,2026-08-04T07:45:00Z,2026-08-04T09:45:00+0200,812.581,MW,NL,NL,actual_offshore_wind_generation,Wind Offshore | Actual Aggregated,2026-08-17T17:16:10Z
2026-08-17T17:12:16Z,2026-08-17T19:12:16+0200,f372a1fc-a0b6-48c3-b979-dc927b00239d,2026-08-04T07:45:00Z,2026-08-04T09:45:00+0200,2.923,MW,NL,NL,actual_offshore_wind_generation,Wind Offshore | Actual Consumption,2026-08-17T17:16:10Z
2026-08-17T17:12:16Z,2026-08-17T19:12:16+0200,f372a1fc-a0b6-48c3-b979-dc927b00239d,2026-08-04T08:00:00Z,2026-08-04T10:00:00+0200,842.166,MW,NL,NL,actual_offshore_wind_generation,Wind Offshore | Actual Aggregated,2026-08-17T17:16:10Z
2026-08-17T17:12:16Z,2026-08-17T19:12:16+0200,f372a1fc-a0b6-48c3-b979-dc927b00239d,2026-08-04T08:00:00Z,2026-08-04T10:00:00+0200,2.691,MW,NL,NL,actual_offshore_wind_generation,Wind Offshore | Actual Consumption,2026-08-17T17:16:10Z
2026-08-17T17:12:16Z,2026-08-17T19:12:16+0200,f372a1fc-a0b6-48c3-b979-dc927b00239d,2026-08-04T08:15:00Z,2026-08-04T10:15:00+0200,784.316,MW,NL,NL,actual_offshore_wind_generation,Wind Offshore | Actual Aggregated,2026-08-17T17:16:10Z
2026-08-17T17:12:16Z,2026-08-17T19:12:16+0200,f372a1fc-a0b6-48c3-b979-dc927b00239d,2026-08-04T08:15:00Z,2026-08-04T10:15:00+0200,2.502,MW,NL,NL,actual_offshore_wind_generation,Wind Offshore | Actual Consumption,2026-08-17T17:16:10Z
2026-08-17T17:12:16Z,2026-08-17T19:12:16+0200,f372a1fc-a0b6-48c3-b979-dc927b00239d,2026-08-04T08:30:00Z,2026-08-04T10:30:00+0200,780.065,MW,NL,NL,actual_offshore_wind_generation,Wind Offshore | Actual Aggregated,2026-08-17T17:16:10Z
2026-08-17T17:12:16Z,2026-08-17T19:12:16+0200,f372a1fc-a0b6-48c3-b979-dc927b00239d,2026-08-04T08:30:00Z,2026-08-04T10:30:00+0200,1.832,MW,NL,NL,actual_offshore_wind_generation,Wind Offshore | Actual Consumption,2026-08-17T17:16:10Z
2026-08-17T17:12:16Z,2026-08-17T19:12:16+0200,f372a1fc-a0b6-48c3-b979-dc927b00239d,2026-08-04T08:45:00Z,2026-08-04T10:45:00+0200,818.353,MW,NL,NL,actual_offshore_wind_generation,Wind Offshore | Actual Aggregated,2026-08-17T17:16:10Z
2026-08-17T17:12:16Z,2026-08-17T19:12:16+0200,f372a1fc-a0b6-48c3-b979-dc927b00239d,2026-08-04T08:45:00Z,2026-08-04T10:45:00+0200,2.138,MW,NL,NL,actual_offshore_wind_generation,Wind Offshore | Actual Consumption,2026-08-17T17:16:10Z
2026-08-17T17:12:16Z,2026-08-17T19:12:16+0200,f372a1fc-a0b6-48c3-b979-dc927b00239d,2026-08-04T09:00:00Z,2026-08-04T11:00:00+0200,807.379,MW,NL,NL,actual_offshore_wind_generation,Wind Offshore | Actual Aggregated,2026-08-17T17:16:10Z
2026-08-17T17:12:16Z,2026-08-17T19:12:16+0200,f372a1fc-a0b6-48c3-b979-dc927b00239d,2026-08-04T09:00:00Z,2026-08-04T11:00:00+0200,1.846,MW,NL,NL,actual_offshore_wind_generation,Wind Offshore | Actual Consumption,2026-08-17T17:16:10Z
2026-08-17T17:12:16Z,2026-08-17T19:12:16+0200,f372a1fc-a0b6-48c3-b979-dc927b00239d,2026-08-04T09:15:00Z,2026-08-04T11:15:00+0200,792.191,MW,NL,NL,actual_offshore_wind_generation,Wind Offshore | Actual Aggregated,2026-08-17T17:16:10Z
2026-08-17T17:12:16Z,2026-08-17T19:12:16+0200,f372a1fc-a0b6-48c3-b979-dc927b00239d,2026-08-04T09:15:00Z,2026-08-04T11:15:00+0200,1.122,MW,NL,NL,actual_offshore_wind_generation,Wind Offshore | Actual Consumption,2026-08-17T17:16:10Z
2026-08-17T17:12:16Z,2026-08-17T19:12:16+0200,f372a1fc-a0b6-48c3-b979-dc927b00239d,2026-08-04T09:30:00Z,2026-08-04T11:30:00+0200,812.987,MW,NL,NL,actual_offshore_wind_generation,Wind Offshore | Actual Aggregated,2026-08-17T17:16:10Z
2026-08-17T17:12:16Z,2026-08-17T19:12:16+0200,f372a1fc-a0b6-48c3-b979-dc927b00239d,2026-08-04T09:30:00Z,2026-08-04T11:30:00+0200,0.865,MW,NL,NL,actual_offshore_wind_generation,Wind Offshore | Actual Consumption,2026-08-17T17:16:10Z
2026-08-17T17:12:16Z,2026-08-17T19:12:16+0200,f372a1fc-a0b6-48c3-b979-dc927b00239d,2026-08-04T09:45:00Z,2026-08-04T11:45:00+0200,799.047,MW,NL,NL,actual_offshore_wind_generation,Wind Offshore | Actual Aggregated,2026-08-17T17:16:10Z
2026-08-17T17:12:16Z,2026-08-17T19:12:16+0200,f372a1fc-a0b6-48c3-b979-dc927b00239d,2026-08-04T09:45:00Z,2026-08-04T11:45:00+0200,0.0,MW,NL,NL,actual_offshore_wind_generation,Wind Offshore | Actual Consumption,2026-08-17T17:16:10Z
2026-08-17T17:12:16Z,2026-08-17T19:12:16+0200,f372a1fc-a0b6-48c3-b979-dc927b00239d,2026-08-04T10:00:00Z,2026-08-04T12:00:00+0200,764.47,MW,NL,NL,actual_offshore_wind_generation,Wind Offshore | Actual Aggregated,2026-08-17T17:16:10Z
2026-08-17T17:12:16Z,2026-08-17T19:12:16+0200,f372a1fc-a0b6-48c3-b979-dc927b00239d,2026-08-04T10:00:00Z,2026-08-04T12:00:00+0200,0.0,MW,NL,NL,actual_offshore_wind_generation,Wind Offshore | Actual Consumption,2026-08-17T17:16:10Z
2026-08-17T17:12:16Z,2026-08-17T19:12:16+0200,f372a1fc-a0b6-48c3-b979-dc927b00239d,2026-08-04T10:15:00Z,2026-08-04T12:15:00+0200,677.203,MW,NL,NL,actual_offshore_wind_generation,Wind Offshore | Actual Aggregated,2026-08-17T17:16:10Z
2026-08-17T17:12:16Z,2026-08-17T19:12:16+0200,f372a1fc-a0b6-48c3-b979-dc927b00239d,2026-08-04T10:15:00Z,2026-08-04T12:15:00+0200,0.237,MW,NL,NL,actual_offshore_wind_generation,Wind Offshore | Actual Consumption,2026-08-17T17:16:10Z
2026-08-17T17:12:16Z,2026-08-17T19:12:16+0200,f372a1fc-a0b6-48c3-b979-dc927b00239d,2026-08-04T10:30:00Z,2026-08-04T12:30:00+0200,636.415,MW,NL,NL,actual_offshore_wind_generation,Wind Offshore | Actual Aggregated,2026-08-17T17:16:10Z
2026-08-17T17:12:16Z,2026-08-17T19:12:16+0200,f372a1fc-a0b6-48c3-b979-dc927b00239d,2026-08-04T10:30:00Z,2026-08-04T12:30:00+0200,1.231,MW,NL,NL,actual_offshore_wind_generation,Wind Offshore | Actual Consumption,2026-08-17T17:16:10Z
2026-08-17T17:12:16Z,2026-08-17T19:12:16+0200,f372a1fc-a0b6-48c3-b979-dc927b00239d,2026-08-04T10:45:00Z,2026-08-04T12:45:00+0200,687.841,MW,NL,NL,actual_offshore_wind_generation,Wind Offshore | Actual Aggregated,2026-08-17T17:16:10Z
2026-08-17T17:12:16Z,2026-08-17T19:12:16+0200,f372a1fc-a0b6-48c3-b979-dc927b00239d,2026-08-04T10:45:00Z,2026-08-04T12:45:00+0200,1.94,MW,NL,NL,actual_offshore_wind_generation,Wind Offshore | Actual Consumption,2026-08-17T17:16:10Z
2026-08-17T17:12:16Z,2026-08-17T19:12:16+0200,f372a1fc-a0b6-48c3-b979-dc927b00239d,2026-08-04T11:00:00Z,2026-08-04T13:00:00+0200,753.636,MW,NL,NL,actual_offshore_wind_generation,Wind Offshore | Actual Aggregated,2026-08-17T17:16:10Z
2026-08-17T17:12:16Z,2026-08-17T19:12:16+0200,f372a1fc-a0b6-48c3-b979-dc927b00239d,2026-08-04T11:00:00Z,2026-08-04T13:00:00+0200,2.439,MW,NL,NL,actual_offshore_wind_generation,Wind Offshore | Actual Consumption,2026-08-17T17:16:10Z
2026-08-17T17:12:16Z,2026-08-17T19:12:16+0200,f372a1fc-a0b6-48c3-b979-dc927b00239d,2026-08-04T11:15:00Z,2026-08-04T13:15:00+0200,851.002,MW,NL,NL,actual_offshore_wind_generation,Wind Offshore | Actual Aggregated,2026-08-17T17:16:10Z
2026-08-17T17:12:16Z,2026-08-17T19:12:16+0200,f372a1fc-a0b6-48c3-b979-dc927b00239d,2026-08-04T11:15:00Z,2026-08-04T13:15:00+0200,3.135,MW,NL,NL,actual_offshore_wind_generation,Wind Offshore | Actual Consumption,2026-08-17T17:16:10Z
2026-08-17T17:12:16Z,2026-08-17T19:12:16+0200,f372a1fc-a0b6-48c3-b979-dc927b00239d,2026-08-04T11:30:00Z,2026-08-04T13:30:00+0200,943.726,MW,NL,NL,actual_offshore_wind_generation,Wind Offshore | Actual Aggregated,2026-08-17T17:16:10Z
2026-08-17T17:12:16Z,2026-08-17T19:12:16+0200,f372a1fc-a0b6-48c3-b979-dc927b00239d,2026-08-04T11:30:00Z,2026-08-04T13:30:00+0200,3.738,MW,NL,NL,actual_offshore_wind_generation,Wind Offshore | Actual Consumption,2026-08-17T17:16:10Z
2026-08-17T17:12:16Z,2026-08-17T19:12:16+0200,f372a1fc-a0b6-48c3-b979-dc927b00239d,2026-08-04T11:45:00Z,2026-08-04T13:45:00+0200,874.953,MW,NL,NL,actual_offshore_wind_generation,Wind Offshore | Actual Aggregated,2026-08-17T17:16:10Z
2026-08-17T17:12:16Z,2026-08-17T19:12:16+0200,f372a1fc-a0b6-48c3-b979-dc927b00239d,2026-08-04T11:45:00Z,2026-08-04T13:45:00+0200,2.581,MW,NL,NL,actual_offshore_wind_generation,Wind Offshore | Actual Consumption,2026-08-17T17:16:10Z
2026-08-17T17:12:16Z,2026-08-17T19:12:16+0200,f372a1fc-a0b6-48c3-b979-dc927b00239d,2026-08-04T12:00:00Z,2026-08-04T14:00:00+0200,867.001,MW,NL,NL,actual_offshore_wind_generation,Wind Offshore | Actual Aggregated,2026-08-17T17:16:10Z
2026-08-17T17:12:16Z,2026-08-17T19:12:16+0200,f372a1fc-a0b6-48c3-b979-dc927b00239d,2026-08-04T12:00:00Z,2026-08-04T14:00:00+0200,3.103,MW,NL,NL,actual_offshore_wind_generation,Wind Offshore | Actual Consumption,2026-08-17T17:16:10Z
2026-08-17T17:12:16Z,2026-08-17T19:12:16+0200,f372a1fc-a0b6-48c3-b979-dc927b00239d,2026-08-04T12:15:00Z,2026-08-04T14:15:00+0200,886.384,MW,NL,NL,actual_offshore_wind_generation,Wind Offshore | Actual Aggregated,2026-08-17T17:16:10Z
2026-08-17T17:12:16Z,2026-08-17T19:12:16+0200,f372a1fc-a0b6-48c3-b979-dc927b00239d,2026-08-04T12:15:00Z,2026-08-04T14:15:00+0200,2.558,MW,NL,NL,actual_offshore_wind_generation,Wind Offshore | Actual Consumption,2026-08-17T17:16:10Z
2026-08-17T17:12:16Z,2026-08-17T19:12:16+0200,f372a1fc-a0b6-48c3-b979-dc927b00239d,2026-08-04T12:30:00Z,2026-08-04T14:30:00+0200,919.587,MW,NL,NL,actual_offshore_wind_generation,Wind Offshore | Actual Aggregated,2026-08-17T17:16:10Z
2026-08-17T17:12:16Z,2026-08-17T19:12:16+0200,f372a1fc-a0b6-48c3-b979-dc927b00239d,2026-08-04T12:30:00Z,2026-08-04T14:30:00+0200,1.573,MW,NL,NL,actual_offshore_wind_generation,Wind Offshore | Actual Consumption,2026-08-17T17:16:10Z
2026-08-17T17:12:16Z,2026-08-17T19:12:16+0200,f372a1fc-a0b6-48c3-b979-dc927b00239d,2026-08-04T12:45:00Z,2026-08-04T14:45:00+0200,1037.697,MW,NL,NL,actual_offshore_wind_generation,Wind Offshore | Actual Aggregated,2026-08-17T17:16:10Z
2026-08-17T17:12:16Z,2026-08-17T19:12:16+0200,f372a1fc-a0b6-48c3-b979-dc927b00239d,2026-08-04T12:45:00Z,2026-08-04T14:45:00+0200,2.926,MW,NL,NL,actual_offshore_wind_generation,Wind Offshore | Actual Consumption,2026-08-17T17:16:10Z
2026-08-17T17:12:16Z,2026-08-17T19:12:16+0200,f372a1fc-a0b6-48c3-b979-dc927b00239d,2026-08-04T13:00:00Z,2026-08-04T15:00:00+0200,1085.896,MW,NL,NL,actual_offshore_wind_generation,Wind Offshore | Actual Aggregated,2026-08-17T17:16:10Z
2026-08-17T17:12:16Z,2026-08-17T19:12:16+0200,f372a1fc-a0b6-48c3-b979-dc927b00239d,2026-08-04T13:00:00Z,2026-08-04T15:00:00+0200,4.766,MW,NL,NL,actual_offshore_wind_generation,Wind Offshore | Actual Consumption,2026-08-17T17:16:10Z
2026-08-17T17:12:16Z,2026-08-17T19:12:16+0200,f372a1fc-a0b6-48c3-b979-dc927b00239d,2026-08-04T13:15:00Z,2026-08-04T15:15:00+0200,1039.468,MW,NL,NL,actual_offshore_wind_generation,Wind Offshore | Actual Aggregated,2026-08-17T17:16:10Z
2026-08-17T17:12:16Z,2026-08-17T19:12:16+0200,f372a1fc-a0b6-48c3-b979-dc927b00239d,2026-08-04T13:15:00Z,2026-08-04T15:15:00+0200,3.318,MW,NL,NL,actual_offshore_wind_generation,Wind Offshore | Actual Consumption,2026-08-17T17:16:10Z
2026-08-17T17:12:16Z,2026-08-17T19:12:16+0200,f372a1fc-a0b6-48c3-b979-dc927b00239d,2026-08-04T13:30:00Z,2026-08-04T15:30:00+0200,1041.931,MW,NL,NL,actual_offshore_wind_generation,Wind Offshore | Actual Aggregated,2026-08-17T17:16:10Z
2026-08-17T17:12:16Z,2026-08-17T19:12:16+0200,f372a1fc-a0b6-48c3-b979-dc927b00239d,2026-08-04T13:30:00Z,2026-08-04T15:30:00+0200,2.949,MW,NL,NL,actual_offshore_wind_generation,Wind Offshore | Actual Consumption,2026-08-17T17:16:10Z
2026-08-17T17:12:16Z,2026-08-17T19:12:16+0200,f372a1fc-a0b6-48c3-b979-dc927b00239d,2026-08-04T13:45:00Z,2026-08-04T15:45:00+0200,991.294,MW,NL,NL,actual_offshore_wind_generation,Wind Offshore | Actual Aggregated,2026-08-17T17:16:10Z
2026-08-17T17:12:16Z,2026-08-17T19:12:16+0200,f372a1fc-a0b6-48c3-b979-dc927b00239d,2026-08-04T13:45:00Z,2026-08-04T15:45:00+0200,2.567,MW,NL,NL,actual_offshore_wind_generation,Wind Offshore | Actual Consumption,2026-08-17T17:16:10Z
2026-08-17T17:12:16Z,2026-08-17T19:12:16+0200,f372a1fc-a0b6-48c3-b979-dc927b00239d,2026-08-04T14:00:00Z,2026-08-04T16:00:00+0200,1054.159,MW,NL,NL,actual_offshore_wind_generation,Wind Offshore | Actual Aggregated,2026-08-17T17:16:10Z
2026-08-17T17:12:16Z,2026-08-17T19:12:16+0200,f372a1fc-a0b6-48c3-b979-dc927b00239d,2026-08-04T14:00:00Z,2026-08-04T16:00:00+0200,2.109,MW,NL,NL,actual_offshore_wind_generation,Wind Offshore | Actual Consumption,2026-08-17T17:16:10Z
2026-08-17T17:12:16Z,2026-08-17T19:12:16+0200,f372a1fc-a0b6-48c3-b979-dc927b00239d,2026-08-04T14:15:00Z,2026-08-04T16:15:00+0200,1092.758,MW,NL,NL,actual_offshore_wind_generation,Wind Offshore | Actual Aggregated,2026-08-17T17:16:10Z
2026-08-17T17:12:16Z,2026-08-17T19:12:16+0200,f372a1fc-a0b6-48c3-b979-dc927b00239d,2026-08-04T14:15:00Z,2026-08-04T16:15:00+0200,2.419,MW,NL,NL,actual_offshore_wind_generation,Wind Offshore | Actual Consumption,2026-08-17T17:16:10Z
2026-08-17T17:12:16Z,2026-08-17T19:12:16+0200,f372a1fc-a0b6-48c3-b979-dc927b00239d,2026-08-04T14:30:00Z,2026-08-04T16:30:00+0200,1385.121,MW,NL,NL,actual_offshore_wind_generation,Wind Offshore | Actual Aggregated,2026-08-17T17:16:10Z
2026-08-17T17:12:16Z,2026-08-17T19:12:16+0200,f372a1fc-a0b6-48c3-b979-dc927b00239d,2026-08-04T14:30:00Z,2026-08-04T16:30:00+0200,3.388,MW,NL,NL,actual_offshore_wind_generation,Wind Offshore | Actual Consumption,2026-08-17T17:16:10Z
2026-08-17T17:12:16Z,2026-08-17T19:12:16+0200,f372a1fc-a0b6-48c3-b979-dc927b00239d,2026-08-04T14:45:00Z,2026-08-04T16:45:00+0200,1737.316,MW,NL,NL,actual_offshore_wind_generation,Wind Offshore | Actual Aggregated,2026-08-17T17:16:10Z
2026-08-17T17:12:16Z,2026-08-17T19:12:16+0200,f372a1fc-a0b6-48c3-b979-dc927b00239d,2026-08-04T14:45:00Z,2026-08-04T16:45:00+0200,4.004,MW,NL,NL,actual_offshore_wind_generation,Wind Offshore | Actual Consumption,2026-08-17T17:16:10Z
2026-08-17T17:12:16Z,2026-08-17T19:12:16+0200,f372a1fc-a0b6-48c3-b979-dc927b00239d,2026-08-04T15:00:00Z,2026-08-04T17:00:00+0200,1632.244,MW,NL,NL,actual_offshore_wind_generation,Wind Offshore | Actual Aggregated,2026-08-17T17:16:10Z
2026-08-17T17:12:16Z,2026-08-17T19:12:16+0200,f372a1fc-a0b6-48c3-b979-dc927b00239d,2026-08-04T15:00:00Z,2026-08-04T17:00:00+0200,5.133,MW,NL,NL,actual_offshore_wind_generation,Wind Offshore | Actual Consumption,2026-08-17T17:16:10Z
2026-08-17T17:12:16Z,2026-08-17T19:12:16+0200,f372a1fc-a0b6-48c3-b979-dc927b00239d,2026-08-04T15:15:00Z,2026-08-04T17:15:00+0200,1877.628,MW,NL,NL,actual_offshore_wind_generation,Wind Offshore | Actual Aggregated,2026-08-17T17:16:10Z
2026-08-17T17:12:16Z,2026-08-17T19:12:16+0200,f372a1fc-a0b6-48c3-b979-dc927b00239d,2026-08-04T15:15:00Z,2026-08-04T17:15:00+0200,6.561,MW,NL,NL,actual_offshore_wind_generation,Wind Offshore | Actual Consumption,2026-08-17T17:16:10Z
2026-08-17T17:12:16Z,2026-08-17T19:12:16+0200,f372a1fc-a0b6-48c3-b979-dc927b00239d,2026-08-04T15:30:00Z,2026-08-04T17:30:00+0200,2188.442,MW,NL,NL,actual_offshore_wind_generation,Wind Offshore | Actual Aggregated,2026-08-17T17:16:10Z
2026-08-17T17:12:16Z,2026-08-17T19:12:16+0200,f372a1fc-a0b6-48c3-b979-dc927b00239d,2026-08-04T15:30:00Z,2026-08-04T17:30:00+0200,16.895,MW,NL,NL,actual_offshore_wind_generation,Wind Offshore | Actual Consumption,2026-08-17T17:16:10Z
2026-08-17T17:12:16Z,2026-08-17T19:12:16+0200,f372a1fc-a0b6-48c3-b979-dc927b00239d,2026-08-04T15:45:00Z,2026-08-04T17:45:00+0200,2256.73,MW,NL,NL,actual_offshore_wind_generation,Wind Offshore | Actual Aggregated,2026-08-17T17:16:10Z
2026-08-17T17:12:16Z,2026-08-17T19:12:16+0200,f372a1fc-a0b6-48c3-b979-dc927b00239d,2026-08-04T15:45:00Z,2026-08-04T17:45:00+0200,18.725,MW,NL,NL,actual_offshore_wind_generation,Wind Offshore | Actual Consumption,2026-08-17T17:16:10Z
2026-08-17T17:12:16Z,2026-08-17T19:12:16+0200,f372a1fc-a0b6-48c3-b979-dc927b00239d,2026-08-04T16:00:00Z,2026-08-04T18:00:00+0200,2197.393,MW,NL,NL,actual_offshore_wind_generation,Wind Offshore | Actual Aggregated,2026-08-17T17:16:10Z
2026-08-17T17:12:16Z,2026-08-17T19:12:16+0200,f372a1fc-a0b6-48c3-b979-dc927b00239d,2026-08-04T16:00:00Z,2026-08-04T18:00:00+0200,18.759,MW,NL,NL,actual_offshore_wind_generation,Wind Offshore | Actual Consumption,2026-08-17T17:16:10Z
2026-08-17T17:12:16Z,2026-08-17T19:12:16+0200,f372a1fc-a0b6-48c3-b979-dc927b00239d,2026-08-04T16:15:00Z,2026-08-04T18:15:00+0200,2122.546,MW,NL,NL,actual_offshore_wind_generation,Wind Offshore | Actual Aggregated,2026-08-17T17:16:10Z
2026-08-17T17:12:16Z,2026-08-17T19:12:16+0200,f372a1fc-a0b6-48c3-b979-dc927b00239d,2026-08-04T16:15:00Z,2026-08-04T18:15:00+0200,18.819,MW,NL,NL,actual_offshore_wind_generation,Wind Offshore | Actual Consumption,2026-08-17T17:16:10Z
2026-08-17T17:12:16Z,2026-08-17T19:12:16+0200,f372a1fc-a0b6-48c3-b979-dc927b00239d,2026-08-04T16:30:00Z,2026-08-04T18:30:00+0200,2139.717,MW,NL,NL,actual_offshore_wind_generation,Wind Offshore | Actual Aggregated,2026-08-17T17:16:10Z
2026-08-17T17:12:16Z,2026-08-17T19:12:16+0200,f372a1fc-a0b6-48c3-b979-dc927b00239d,2026-08-04T16:30:00Z,2026-08-04T18:30:00+0200,18.77,MW,NL,NL,actual_offshore_wind_generation,Wind Offshore | Actual Consumption,2026-08-17T17:16:10Z
2026-08-17T17:12:16Z,2026-08-17T19:12:16+0200,f372a1fc-a0b6-48c3-b979-dc927b00239d,2026-08-04T16:45:00Z,2026-08-04T18:45:00+0200,2270.944,MW,NL,NL,actual_offshore_wind_generation,Wind Offshore | Actual Aggregated,2026-08-17T17:16:10Z
2026-08-17T17:12:16Z,2026-08-17T19:12:16+0200,f372a1fc-a0b6-48c3-b979-dc927b00239d,2026-08-04T16:45:00Z,2026-08-04T18:45:00+0200,18.747,MW,NL,NL,actual_offshore_wind_generation,Wind Offshore | Actual Consumption,2026-08-17T17:16:10Z
2026-08-17T17:12:16Z,2026-08-17T19:12:16+0200,f372a1fc-a0b6-48c3-b979-dc927b00239d,2026-08-04T17:00:00Z,2026-08-04T19:00:00+0200,2492.034,MW,NL,NL,actual_offshore_wind_generation,Wind Offshore | Actual Aggregated,2026-08-17T17:16:10Z
2026-08-17T17:12:16Z,2026-08-17T19:12:16+0200,f372a1fc-a0b6-48c3-b979-dc927b00239d,2026-08-04T17:00:00Z,2026-08-04T19:00:00+0200,18.765,MW,NL,NL,actual_offshore_wind_generation,Wind Offshore | Actual Consumption,2026-08-17T17:16:10Z
2026-08-17T17:12:16Z,2026-08-17T19:12:16+0200,f372a1fc-a0b6-48c3-b979-dc927b00239d,2026-08-04T17:15:00Z,2026-08-04T19:15:00+0200,2661.12,MW,NL,NL,actual_offshore_wind_generation,Wind Offshore | Actual Aggregated,2026-08-17T17:16:10Z
2026-08-17T17:12:16Z,2026-08-17T19:12:16+0200,f372a1fc-a0b6-48c3-b979-dc927b00239d,2026-08-04T17:15:00Z,2026-08-04T19:15:00+0200,18.701,MW,NL,NL,actual_offshore_wind_generation,Wind Offshore | Actual Consumption,2026-08-17T17:16:10Z
2026-08-17T17:12:16Z,2026-08-17T19:12:16+0200,f372a1fc-a0b6-48c3-b979-dc927b00239d,2026-08-04T17:30:00Z,2026-08-04T19:30:00+0200,2735.846,MW,NL,NL,actual_offshore_wind_generation,Wind Offshore | Actual Aggregated,2026-08-17T17:16:10Z
2026-08-17T17:12:16Z,2026-08-17T19:12:16+0200,f372a1fc-a0b6-48c3-b979-dc927b00239d,2026-08-04T17:30:00Z,2026-08-04T19:30:00+0200,17.615,MW,NL,NL,actual_offshore_wind_generation,Wind Offshore | Actual Consumption,2026-08-17T17:16:10Z
2026-08-17T17:12:16Z,2026-08-17T19:12:16+0200,f372a1fc-a0b6-48c3-b979-dc927b00239d,2026-08-04T17:45:00Z,2026-08-04T19:45:00+0200,2971.815,MW,NL,NL,actual_offshore_wind_generation,Wind Offshore | Actual Aggregated,2026-08-17T17:16:10Z
2026-08-17T17:12:16Z,2026-08-17T19:12:16+0200,f372a1fc-a0b6-48c3-b979-dc927b00239d,2026-08-04T17:45:00Z,2026-08-04T19:45:00+0200,17.339,MW,NL,NL,actual_offshore_wind_generation,Wind Offshore | Actual Consumption,2026-08-17T17:16:10Z
2026-08-17T17:12:16Z,2026-08-17T19:12:16+0200,f372a1fc-a0b6-48c3-b979-dc927b00239d,2026-08-04T18:00:00Z,2026-08-04T20:00:00+0200,3287.141,MW,NL,NL,actual_offshore_wind_generation,Wind Offshore | Actual Aggregated,2026-08-17T17:16:10Z
2026-08-17T17:12:16Z,2026-08-17T19:12:16+0200,f372a1fc-a0b6-48c3-b979-dc927b00239d,2026-08-04T18:00:00Z,2026-08-04T20:00:00+0200,18.726,MW,NL,NL,actual_offshore_wind_generation,Wind Offshore | Actual Consumption,2026-08-17T17:16:10Z
2026-08-17T17:12:16Z,2026-08-17T19:12:16+0200,f372a1fc-a0b6-48c3-b979-dc927b00239d,2026-08-04T18:15:00Z,2026-08-04T20:15:00+0200,3375.764,MW,NL,NL,actual_offshore_wind_generation,Wind Offshore | Actual Aggregated,2026-08-17T17:16:10Z
2026-08-17T17:12:16Z,2026-08-17T19:12:16+0200,f372a1fc-a0b6-48c3-b979-dc927b00239d,2026-08-04T18:15:00Z,2026-08-04T20:15:00+0200,18.598,MW,NL,NL,actual_offshore_wind_generation,Wind Offshore | Actual Consumption,2026-08-17T17:16:10Z
2026-08-17T17:12:16Z,2026-08-17T19:12:16+0200,f372a1fc-a0b6-48c3-b979-dc927b00239d,2026-08-04T18:30:00Z,2026-08-04T20:30:00+0200,3473.109,MW,NL,NL,actual_offshore_wind_generation,Wind Offshore | Actual Aggregated,2026-08-17T17:16:10Z
2026-08-17T17:12:16Z,2026-08-17T19:12:16+0200,f372a1fc-a0b6-48c3-b979-dc927b00239d,2026-08-04T18:30:00Z,2026-08-04T20:30:00+0200,18.79,MW,NL,NL,actual_offshore_wind_generation,Wind Offshore | Actual Consumption,2026-08-17T17:16:10Z
2026-08-17T17:12:16Z,2026-08-17T19:12:16+0200,f372a1fc-a0b6-48c3-b979-dc927b00239d,2026-08-04T18:45:00Z,2026-08-04T20:45:00+0200,3614.481,MW,NL,NL,actual_offshore_wind_generation,Wind Offshore | Actual Aggregated,2026-08-17T17:16:10Z
2026-08-17T17:12:16Z,2026-08-17T19:12:16+0200,f372a1fc-a0b6-48c3-b979-dc927b00239d,2026-08-04T18:45:00Z,2026-08-04T20:45:00+0200,18.606,MW,NL,NL,actual_offshore_wind_generation,Wind Offshore | Actual Consumption,2026-08-17T17:16:10Z
2026-08-17T17:12:16Z,2026-08-17T19:12:16+0200,f372a1fc-a0b6-48c3-b979-dc927b00239d,2026-08-04T19:00:00Z,2026-08-04T21:00:00+0200,3469.575,MW,NL,NL,actual_offshore_wind_generation,Wind Offshore | Actual Aggregated,2026-08-17T17:16:10Z
2026-08-17T17:12:16Z,2026-08-17T19:12:16+0200,f372a1fc-a0b6-48c3-b979-dc927b00239d,2026-08-04T19:00:00Z,2026-08-04T21:00:00+0200,18.381,MW,NL,NL,actual_offshore_wind_generation,Wind Offshore | Actual Consumption,2026-08-17T17:16:10Z
2026-08-17T17:12:16Z,2026-08-17T19:12:16+0200,f372a1fc-a0b6-48c3-b979-dc927b00239d,2026-08-04T19:15:00Z,2026-08-04T21:15:00+0200,3316.247,MW,NL,NL,actual_offshore_wind_generation,Wind Offshore | Actual Aggregated,2026-08-17T17:16:10Z
2026-08-17T17:12:16Z,2026-08-17T19:12:16+0200,f372a1fc-a0b6-48c3-b979-dc927b00239d,2026-08-04T19:15:00Z,2026-08-04T21:15:00+0200,16.704,MW,NL,NL,actual_offshore_wind_generation,Wind Offshore | Actual Consumption,2026-08-17T17:16:10Z
2026-08-17T17:12:16Z,2026-08-17T19:12:16+0200,f372a1fc-a0b6-48c3-b979-dc927b00239d,2026-08-04T19:30:00Z,2026-08-04T21:30:00+0200,3155.878,MW,NL,NL,actual_offshore_wind_generation,Wind Offshore | Actual Aggregated,2026-08-17T17:16:10Z
2026-08-17T17:12:16Z,2026-08-17T19:12:16+0200,f372a1fc-a0b6-48c3-b979-dc927b00239d,2026-08-04T19:30:00Z,2026-08-04T21:30:00+0200,13.854,MW,NL,NL,actual_offshore_wind_generation,Wind Offshore | Actual Consumption,2026-08-17T17:16:10Z
2026-08-17T17:12:16Z,2026-08-17T19:12:16+0200,f372a1fc-a0b6-48c3-b979-dc927b00239d,2026-08-04T19:45:00Z,2026-08-04T21:45:00+0200,3156.287,MW,NL,NL,actual_offshore_wind_generation,Wind Offshore | Actual Aggregated,2026-08-17T17:16:10Z
2026-08-17T17:12:16Z,2026-08-17T19:12:16+0200,f372a1fc-a0b6-48c3-b979-dc927b00239d,2026-08-04T19:45:00Z,2026-08-04T21:45:00+0200,11.451,MW,NL,NL,actual_offshore_wind_generation,Wind Offshore | Actual Consumption,2026-08-17T17:16:10Z
2026-08-17T17:12:16Z,2026-08-17T19:12:16+0200,f372a1fc-a0b6-48c3-b979-dc927b00239d,2026-08-04T20:00:00Z,2026-08-04T22:00:00+0200,3008.055,MW,NL,NL,actual_offshore_wind_generation,Wind Offshore | Actual Aggregated,2026-08-17T17:16:10Z
2026-08-17T17:12:16Z,2026-08-17T19:12:16+0200,f372a1fc-a0b6-48c3-b979-dc927b00239d,2026-08-04T20:00:00Z,2026-08-04T22:00:00+0200,9.345,MW,NL,NL,actual_offshore_wind_generation,Wind Offshore | Actual Consumption,2026-08-17T17:16:10Z
2026-08-17T17:12:16Z,2026-08-17T19:12:16+0200,f372a1fc-a0b6-48c3-b979-dc927b00239d,2026-08-04T20:15:00Z,2026-08-04T22:15:00+0200,3073.534,MW,NL,NL,actual_offshore_wind_generation,Wind Offshore | Actual Aggregated,2026-08-17T17:16:10Z
2026-08-17T17:12:16Z,2026-08-17T19:12:16+0200,f372a1fc-a0b6-48c3-b979-dc927b00239d,2026-08-04T20:15:00Z,2026-08-04T22:15:00+0200,11.429,MW,NL,NL,actual_offshore_wind_generation,Wind Offshore | Actual Consumption,2026-08-17T17:16:10Z
2026-08-17T17:12:16Z,2026-08-17T19:12:16+0200,f372a1fc-a0b6-48c3-b979-dc927b00239d,2026-08-04T20:30:00Z,2026-08-04T22:30:00+0200,3154.872,MW,NL,NL,actual_offshore_wind_generation,Wind Offshore | Actual Aggregated,2026-08-17T17:16:10Z
2026-08-17T17:12:16Z,2026-08-17T19:12:16+0200,f372a1fc-a0b6-48c3-b979-dc927b00239d,2026-08-04T20:30:00Z,2026-08-04T22:30:00+0200,13.602,MW,NL,NL,actual_offshore_wind_generation,Wind Offshore | Actual Consumption,2026-08-17T17:16:10Z
2026-08-17T17:12:16Z,2026-08-17T19:12:16+0200,f372a1fc-a0b6-48c3-b979-dc927b00239d,2026-08-04T20:45:00Z,2026-08-04T22:45:00+0200,3305.168,MW,NL,NL,actual_offshore_wind_generation,Wind Offshore | Actual Aggregated,2026-08-17T17:16:10Z
2026-08-17T17:12:16Z,2026-08-17T19:12:16+0200,f372a1fc-a0b6-48c3-b979-dc927b00239d,2026-08-04T20:45:00Z,2026-08-04T22:45:00+0200,13.646,MW,NL,NL,actual_offshore_wind_generation,Wind Offshore | Actual Consumption,2026-08-17T17:16:10Z
2026-08-17T17:12:16Z,2026-08-17T19:12:16+0200,f372a1fc-a0b6-48c3-b979-dc927b00239d,2026-08-04T21:00:00Z,2026-08-04T23:00:00+0200,3325.017,MW,NL,NL,actual_offshore_wind_generation,Wind Offshore | Actual Aggregated,2026-08-17T17:16:10Z
2026-08-17T17:12:16Z,2026-08-17T19:12:16+0200,f372a1fc-a0b6-48c3-b979-dc927b00239d,2026-08-04T21:00:00Z,2026-08-04T23:00:00+0200,12.67,MW,NL,NL,actual_offshore_wind_generation,Wind Offshore | Actual Consumption,2026-08-17T17:16:10Z
2026-08-17T17:12:16Z,2026-08-17T19:12:16+0200,f372a1fc-a0b6-48c3-b979-dc927b00239d,2026-08-04T21:15:00Z,2026-08-04T23:15:00+0200,3281.29,MW,NL,NL,actual_offshore_wind_generation,Wind Offshore | Actual Aggregated,2026-08-17T17:16:10Z
2026-08-17T17:12:16Z,2026-08-17T19:12:16+0200,f372a1fc-a0b6-48c3-b979-dc927b00239d,2026-08-04T21:15:00Z,2026-08-04T23:15:00+0200,11.865,MW,NL,NL,actual_offshore_wind_generation,Wind Offshore | Actual Consumption,2026-08-17T17:16:10Z
2026-08-17T17:12:16Z,2026-08-17T19:12:16+0200,f372a1fc-a0b6-48c3-b979-dc927b00239d,2026-08-04T21:30:00Z,2026-08-04T23:30:00+0200,3144.233,MW,NL,NL,actual_offshore_wind_generation,Wind Offshore | Actual Aggregated,2026-08-17T17:16:10Z
2026-08-17T17:12:16Z,2026-08-17T19:12:16+0200,f372a1fc-a0b6-48c3-b979-dc927b00239d,2026-08-04T21:30:00Z,2026-08-04T23:30:00+0200,11.836,MW,NL,NL,actual_offshore_wind_generation,Wind Offshore | Actual Consumption,2026-08-17T17:16:10Z
2026-08-17T17:12:16Z,2026-08-17T19:12:16+0200,f372a1fc-a0b6-48c3-b979-dc927b00239d,2026-08-04T21:45:00Z,2026-08-04T23:45:00+0200,3217.255,MW,NL,NL,actual_offshore_wind_generation,Wind Offshore | Actual Aggregated,2026-08-17T17:16:10Z
2026-08-17T17:12:16Z,2026-08-17T19:12:16+0200,f372a1fc-a0b6-48c3-b979-dc927b00239d,2026-08-04T21:45:00Z,2026-08-04T23:45:00+0200,11.691,MW,NL,NL,actual_offshore_wind_generation,Wind Offshore | Actual Consumption,2026-08-17T17:16:10Z
2026-08-17T17:12:16Z,2026-08-17T19:12:16+0200,f372a1fc-a0b6-48c3-b979-dc927b00239d,2026-08-04T22:00:00Z,2026-08-05T00:00:00+0200,3431.047,MW,NL,NL,actual_offshore_wind_generation,Wind Offshore | Actual Aggregated,2026-08-17T17:16:10Z
2026-08-17T17:12:16Z,2026-08-17T19:12:16+0200,f372a1fc-a0b6-48c3-b979-dc927b00239d,2026-08-04T22:00:00Z,2026-08-05T00:00:00+0200,11.426,MW,NL,NL,actual_offshore_wind_generation,Wind Offshore | Actual Consumption,2026-08-17T17:16:10Z
2026-08-17T17:12:16Z,2026-08-17T19:12:16+0200,f372a1fc-a0b6-48c3-b979-dc927b00239d,2026-08-04T22:15:00Z,2026-08-05T00:15:00+0200,3542.406,MW,NL,NL,actual_offshore_wind_generation,Wind Offshore | Actual Aggregated,2026-08-17T17:16:10Z
2026-08-17T17:12:16Z,2026-08-17T19:12:16+0200,f372a1fc-a0b6-48c3-b979-dc927b00239d,2026-08-04T22:15:00Z,2026-08-05T00:15:00+0200,13.648,MW,NL,NL,actual_offshore_wind_generation,Wind Offshore | Actual Consumption,2026-08-17T17:16:10Z
2026-08-17T17:12:16Z,2026-08-17T19:12:16+0200,f372a1fc-a0b6-48c3-b979-dc927b00239d,2026-08-04T22:30:00Z,2026-08-05T00:30:00+0200,3595.945,MW,NL,NL,actual_offshore_wind_generation,Wind Offshore | Actual Aggregated,2026-08-17T17:16:10Z
2026-08-17T17:12:16Z,2026-08-17T19:12:16+0200,f372a1fc-a0b6-48c3-b979-dc927b00239d,2026-08-04T22:30:00Z,2026-08-05T00:30:00+0200,12.359,MW,NL,NL,actual_offshore_wind_generation,Wind Offshore | Actual Consumption,2026-08-17T17:16:10Z
2026-08-17T17:12:16Z,2026-08-17T19:12:16+0200,f372a1fc-a0b6-48c3-b979-dc927b00239d,2026-08-04T22:45:00Z,2026-08-05T00:45:00+0200,3606.784,MW,NL,NL,actual_offshore_wind_generation,Wind Offshore | Actual Aggregated,2026-08-17T17:16:10Z
2026-08-17T17:12:16Z,2026-08-17T19:12:16+0200,f372a1fc-a0b6-48c3-b979-dc927b00239d,2026-08-04T22:45:00Z,2026-08-05T00:45:00+0200,10.974,MW,NL,NL,actual_offshore_wind_generation,Wind Offshore | Actual Consumption,2026-08-17T17:16:10Z
2026-08-17T17:12:16Z,2026-08-17T19:12:16+0200,f372a1fc-a0b6-48c3-b979-dc927b00239d,2026-08-04T23:00:00Z,2026-08-05T01:00:00+0200,3557.341,MW,NL,NL,actual_offshore_wind_generation,Wind Offshore | Actual Aggregated,2026-08-17T17:16:10Z
2026-08-17T17:12:16Z,2026-08-17T19:12:16+0200,f372a1fc-a0b6-48c3-b979-dc927b00239d,2026-08-04T23:00:00Z,2026-08-05T01:00:00+0200,11.093,MW,NL,NL,actual_offshore_wind_generation,Wind Offshore | Actual Consumption,2026-08-17T17:16:10Z
2026-08-17T17:12:16Z,2026-08-17T19:12:16+0200,f372a1fc-a0b6-48c3-b979-dc927b00239d,2026-08-04T23:15:00Z,2026-08-05T01:15:00+0200,3511.992,MW,NL,NL,actual_offshore_wind_generation,Wind Offshore | Actual Aggregated,2026-08-17T17:16:10Z
2026-08-17T17:12:16Z,2026-08-17T19:12:16+0200,f372a1fc-a0b6-48c3-b979-dc927b00239d,2026-08-04T23:15:00Z,2026-08-05T01:15:00+0200,9.941,MW,NL,NL,actual_offshore_wind_generation,Wind Offshore | Actual Consumption,2026-08-17T17:16:10Z
2026-08-17T17:12:16Z,2026-08-17T19:12:16+0200,f372a1fc-a0b6-48c3-b979-dc927b00239d,2026-08-04T23:30:00Z,2026-08-05T01:30:00+0200,3608.806,MW,NL,NL,actual_offshore_wind_generation,Wind Offshore | Actual Aggregated,2026-08-17T17:16:10Z
2026-08-17T17:12:16Z,2026-08-17T19:12:16+0200,f372a1fc-a0b6-48c3-b979-dc927b00239d,2026-08-04T23:30:00Z,2026-08-05T01:30:00+0200,11.148,MW,NL,NL,actual_offshore_wind_generation,Wind Offshore | Actual Consumption,2026-08-17T17:16:10Z
2026-08-17T17:12:16Z,2026-08-17T19:12:16+0200,f372a1fc-a0b6-48c3-b979-dc927b00239d,2026-08-04T23:45:00Z,2026-08-05T01:45:00+0200,3691.975,MW,NL,NL,actual_offshore_wind_generation,Wind Offshore | Actual Aggregated,2026-08-17T17:16:10Z
2026-08-17T17:12:16Z,2026-08-17T19:12:16+0200,f372a1fc-a0b6-48c3-b979-dc927b00239d,2026-08-04T23:45:00Z,2026-08-05T01:45:00+0200,12.514,MW,NL,NL,actual_offshore_wind_generation,Wind Offshore | Actual Consumption,2026-08-17T17:16:10Z
2026-08-17T17:12:16Z,2026-08-17T19:12:16+0200,f372a1fc-a0b6-48c3-b979-dc927b00239d,2026-08-05T00:00:00Z,2026-08-05T02:00:00+0200,3737.955,MW,NL,NL,actual_offshore_wind_generation,Wind Offshore | Actual Aggregated,2026-08-17T17:16:10Z
2026-08-17T17:12:16Z,2026-08-17T19:12:16+0200,f372a1fc-a0b6-48c3-b979-dc927b00239d,2026-08-05T00:00:00Z,2026-08-05T02:00:00+0200,11.821,MW,NL,NL,actual_offshore_wind_generation,Wind Offshore | Actual Consumption,2026-08-17T17:16:10Z
2026-08-17T17:12:16Z,2026-08-17T19:12:16+0200,f372a1fc-a0b6-48c3-b979-dc927b00239d,2026-08-05T00:15:00Z,2026-08-05T02:15:00+0200,3759.707,MW,NL,NL,actual_offshore_wind_generation,Wind Offshore | Actual Aggregated,2026-08-17T17:16:10Z
2026-08-17T17:12:16Z,2026-08-17T19:12:16+0200,f372a1fc-a0b6-48c3-b979-dc927b00239d,2026-08-05T00:15:00Z,2026-08-05T02:15:00+0200,12.62,MW,NL,NL,actual_offshore_wind_generation,Wind Offshore | Actual Consumption,2026-08-17T17:16:10Z
2026-08-17T17:12:16Z,2026-08-17T19:12:16+0200,f372a1fc-a0b6-48c3-b979-dc927b00239d,2026-08-05T00:30:00Z,2026-08-05T02:30:00+0200,3705.095,MW,NL,NL,actual_offshore_wind_generation,Wind Offshore | Actual Aggregated,2026-08-17T17:16:10Z
2026-08-17T17:12:16Z,2026-08-17T19:12:16+0200,f372a1fc-a0b6-48c3-b979-dc927b00239d,2026-08-05T00:30:00Z,2026-08-05T02:30:00+0200,12.689,MW,NL,NL,actual_offshore_wind_generation,Wind Offshore | Actual Consumption,2026-08-17T17:16:10Z
2026-08-17T17:12:16Z,2026-08-17T19:12:16+0200,f372a1fc-a0b6-48c3-b979-dc927b00239d,2026-08-05T00:45:00Z,2026-08-05T02:45:00+0200,3585.795,MW,NL,NL,actual_offshore_wind_generation,Wind Offshore | Actual Aggregated,2026-08-17T17:16:10Z
2026-08-17T17:12:16Z,2026-08-17T19:12:16+0200,f372a1fc-a0b6-48c3-b979-dc927b00239d,2026-08-05T00:45:00Z,2026-08-05T02:45:00+0200,11.441,MW,NL,NL,actual_offshore_wind_generation,Wind Offshore | Actual Consumption,2026-08-17T17:16:10Z
2026-08-17T17:12:16Z,2026-08-17T19:12:16+0200,f372a1fc-a0b6-48c3-b979-dc927b00239d,2026-08-05T01:00:00Z,2026-08-05T03:00:00+0200,3426.907,MW,NL,NL,actual_offshore_wind_generation,Wind Offshore | Actual Aggregated,2026-08-17T17:16:10Z
2026-08-17T17:12:16Z,2026-08-17T19:12:16+0200,f372a1fc-a0b6-48c3-b979-dc927b00239d,2026-08-05T01:00:00Z,2026-08-05T03:00:00+0200,11.51,MW,NL,NL,actual_offshore_wind_generation,Wind Offshore | Actual Consumption,2026-08-17T17:16:10Z
2026-08-17T17:12:16Z,2026-08-17T19:12:16+0200,f372a1fc-a0b6-48c3-b979-dc927b00239d,2026-08-05T01:15:00Z,2026-08-05T03:15:00+0200,3433.375,MW,NL,NL,actual_offshore_wind_generation,Wind Offshore | Actual Aggregated,2026-08-17T17:16:10Z
2026-08-17T17:12:16Z,2026-08-17T19:12:16+0200,f372a1fc-a0b6-48c3-b979-dc927b00239d,2026-08-05T01:15:00Z,2026-08-05T03:15:00+0200,10.944,MW,NL,NL,actual_offshore_wind_generation,Wind Offshore | Actual Consumption,2026-08-17T17:16:10Z
2026-08-17T17:12:16Z,2026-08-17T19:12:16+0200,f372a1fc-a0b6-48c3-b979-dc927b00239d,2026-08-05T01:30:00Z,2026-08-05T03:30:00+0200,3560.246,MW,NL,NL,actual_offshore_wind_generation,Wind Offshore | Actual Aggregated,2026-08-17T17:16:10Z
2026-08-17T17:12:16Z,2026-08-17T19:12:16+0200,f372a1fc-a0b6-48c3-b979-dc927b00239d,2026-08-05T01:30:00Z,2026-08-05T03:30:00+0200,10.808,MW,NL,NL,actual_offshore_wind_generation,Wind Offshore | Actual Consumption,2026-08-17T17:16:10Z
2026-08-17T17:12:16Z,2026-08-17T19:12:16+0200,f372a1fc-a0b6-48c3-b979-dc927b00239d,2026-08-05T01:45:00Z,2026-08-05T03:45:00+0200,3612.154,MW,NL,NL,actual_offshore_wind_generation,Wind Offshore | Actual Aggregated,2026-08-17T17:16:10Z
2026-08-17T17:12:16Z,2026-08-17T19:12:16+0200,f372a1fc-a0b6-48c3-b979-dc927b00239d,2026-08-05T01:45:00Z,2026-08-05T03:45:00+0200,9.652,MW,NL,NL,actual_offshore_wind_generation,Wind Offshore | Actual Consumption,2026-08-17T17:16:10Z
2026-08-17T17:12:16Z,2026-08-17T19:12:16+0200,f372a1fc-a0b6-48c3-b979-dc927b00239d,2026-08-05T02:00:00Z,2026-08-05T04:00:00+0200,3523.378,MW,NL,NL,actual_offshore_wind_generation,Wind Offshore | Actual Aggregated,2026-08-17T17:16:10Z
2026-08-17T17:12:16Z,2026-08-17T19:12:16+0200,f372a1fc-a0b6-48c3-b979-dc927b00239d,2026-08-05T02:00:00Z,2026-08-05T04:00:00+0200,9.764,MW,NL,NL,actual_offshore_wind_generation,Wind Offshore | Actual Consumption,2026-08-17T17:16:10Z
2026-08-17T17:12:16Z,2026-08-17T19:12:16+0200,f372a1fc-a0b6-48c3-b979-dc927b00239d,2026-08-05T02:15:00Z,2026-08-05T04:15:00+0200,3463.082,MW,NL,NL,actual_offshore_wind_generation,Wind Offshore | Actual Aggregated,2026-08-17T17:16:10Z
2026-08-17T17:12:16Z,2026-08-17T19:12:16+0200,f372a1fc-a0b6-48c3-b979-dc927b00239d,2026-08-05T02:15:00Z,2026-08-05T04:15:00+0200,10.537,MW,NL,NL,actual_offshore_wind_generation,Wind Offshore | Actual Consumption,2026-08-17T17:16:10Z
2026-08-17T17:12:16Z,2026-08-17T19:12:16+0200,f372a1fc-a0b6-48c3-b979-dc927b00239d,2026-08-05T02:30:00Z,2026-08-05T04:30:00+0200,3529.085,MW,NL,NL,actual_offshore_wind_generation,Wind Offshore | Actual Aggregated,2026-08-17T17:16:10Z
2026-08-17T17:12:16Z,2026-08-17T19:12:16+0200,f372a1fc-a0b6-48c3-b979-dc927b00239d,2026-08-05T02:30:00Z,2026-08-05T04:30:00+0200,13.263,MW,NL,NL,actual_offshore_wind_generation,Wind Offshore | Actual Consumption,2026-08-17T17:16:10Z
2026-08-17T17:12:16Z,2026-08-17T19:12:16+0200,f372a1fc-a0b6-48c3-b979-dc927b00239d,2026-08-05T02:45:00Z,2026-08-05T04:45:00+0200,3532.652,MW,NL,NL,actual_offshore_wind_generation,Wind Offshore | Actual Aggregated,2026-08-17T17:16:10Z
2026-08-17T17:12:16Z,2026-08-17T19:12:16+0200,f372a1fc-a0b6-48c3-b979-dc927b00239d,2026-08-05T02:45:00Z,2026-08-05T04:45:00+0200,10.984,MW,NL,NL,actual_offshore_wind_generation,Wind Offshore | Actual Consumption,2026-08-17T17:16:10Z
2026-08-17T17:12:16Z,2026-08-17T19:12:16+0200,f372a1fc-a0b6-48c3-b979-dc927b00239d,2026-08-05T03:00:00Z,2026-08-05T05:00:00+0200,3544.84,MW,NL,NL,actual_offshore_wind_generation,Wind Offshore | Actual Aggregated,2026-08-17T17:16:10Z
2026-08-17T17:12:16Z,2026-08-17T19:12:16+0200,f372a1fc-a0b6-48c3-b979-dc927b00239d,2026-08-05T03:00:00Z,2026-08-05T05:00:00+0200,11.209,MW,NL,NL,actual_offshore_wind_generation,Wind Offshore | Actual Consumption,2026-08-17T17:16:10Z
2026-08-17T17:12:16Z,2026-08-17T19:12:16+0200,f372a1fc-a0b6-48c3-b979-dc927b00239d,2026-08-05T03:15:00Z,2026-08-05T05:15:00+0200,3552.646,MW,NL,NL,actual_offshore_wind_generation,Wind Offshore | Actual Aggregated,2026-08-17T17:16:10Z
2026-08-17T17:12:16Z,2026-08-17T19:12:16+0200,f372a1fc-a0b6-48c3-b979-dc927b00239d,2026-08-05T03:15:00Z,2026-08-05T05:15:00+0200,10.084,MW,NL,NL,actual_offshore_wind_generation,Wind Offshore | Actual Consumption,2026-08-17T17:16:10Z
2026-08-17T17:12:16Z,2026-08-17T19:12:16+0200,f372a1fc-a0b6-48c3-b979-dc927b00239d,2026-08-05T03:30:00Z,2026-08-05T05:30:00+0200,3412.487,MW,NL,NL,actual_offshore_wind_generation,Wind Offshore | Actual Aggregated,2026-08-17T17:16:10Z
2026-08-17T17:12:16Z,2026-08-17T19:12:16+0200,f372a1fc-a0b6-48c3-b979-dc927b00239d,2026-08-05T03:30:00Z,2026-08-05T05:30:00+0200,9.627,MW,NL,NL,actual_offshore_wind_generation,Wind Offshore | Actual Consumption,2026-08-17T17:16:10Z
2026-08-17T17:12:16Z,2026-08-17T19:12:16+0200,f372a1fc-a0b6-48c3-b979-dc927b00239d,2026-08-05T03:45:00Z,2026-08-05T05:45:00+0200,3513.36,MW,NL,NL,actual_offshore_wind_generation,Wind Offshore | Actual Aggregated,2026-08-17T17:16:10Z
2026-08-17T17:12:16Z,2026-08-17T19:12:16+0200,f372a1fc-a0b6-48c3-b979-dc927b00239d,2026-08-05T03:45:00Z,2026-08-05T05:45:00+0200,12.832,MW,NL,NL,actual_offshore_wind_generation,Wind Offshore | Actual Consumption,2026-08-17T17:16:10Z
2026-08-17T17:12:16Z,2026-08-17T19:12:16+0200,f372a1fc-a0b6-48c3-b979-dc927b00239d,2026-08-05T04:00:00Z,2026-08-05T06:00:00+0200,3583.318,MW,NL,NL,actual_offshore_wind_generation,Wind Offshore | Actual Aggregated,2026-08-17T17:16:10Z
2026-08-17T17:12:16Z,2026-08-17T19:12:16+0200,f372a1fc-a0b6-48c3-b979-dc927b00239d,2026-08-05T04:00:00Z,2026-08-05T06:00:00+0200,13.525,MW,NL,NL,actual_offshore_wind_generation,Wind Offshore | Actual Consumption,2026-08-17T17:16:10Z
2026-08-17T17:12:16Z,2026-08-17T19:12:16+0200,f372a1fc-a0b6-48c3-b979-dc927b00239d,2026-08-05T04:15:00Z,2026-08-05T06:15:00+0200,3753.128,MW,NL,NL,actual_offshore_wind_generation,Wind Offshore | Actual Aggregated,2026-08-17T17:16:10Z
2026-08-17T17:12:16Z,2026-08-17T19:12:16+0200,f372a1fc-a0b6-48c3-b979-dc927b00239d,2026-08-05T04:15:00Z,2026-08-05T06:15:00+0200,17.544,MW,NL,NL,actual_offshore_wind_generation,Wind Offshore | Actual Consumption,2026-08-17T17:16:10Z
2026-08-17T17:12:16Z,2026-08-17T19:12:16+0200,f372a1fc-a0b6-48c3-b979-dc927b00239d,2026-08-05T04:30:00Z,2026-08-05T06:30:00+0200,3833.344,MW,NL,NL,actual_offshore_wind_generation,Wind Offshore | Actual Aggregated,2026-08-17T17:16:10Z
2026-08-17T17:12:16Z,2026-08-17T19:12:16+0200,f372a1fc-a0b6-48c3-b979-dc927b00239d,2026-08-05T04:30:00Z,2026-08-05T06:30:00+0200,17.517,MW,NL,NL,actual_offshore_wind_generation,Wind Offshore | Actual Consumption,2026-08-17T17:16:10Z
2026-08-17T17:12:16Z,2026-08-17T19:12:16+0200,f372a1fc-a0b6-48c3-b979-dc927b00239d,2026-08-05T04:45:00Z,2026-08-05T06:45:00+0200,3797.938,MW,NL,NL,actual_offshore_wind_generation,Wind Offshore | Actual Aggregated,2026-08-17T17:16:10Z
2026-08-17T17:12:16Z,2026-08-17T19:12:16+0200,f372a1fc-a0b6-48c3-b979-dc927b00239d,2026-08-05T04:45:00Z,2026-08-05T06:45:00+0200,18.354,MW,NL,NL,actual_offshore_wind_generation,Wind Offshore | Actual Consumption,2026-08-17T17:16:10Z
2026-08-17T17:12:16Z,2026-08-17T19:12:16+0200,f372a1fc-a0b6-48c3-b979-dc927b00239d,2026-08-05T05:00:00Z,2026-08-05T07:00:00+0200,3756.359,MW,NL,NL,actual_offshore_wind_generation,Wind Offshore | Actual Aggregated,2026-08-17T17:16:10Z
2026-08-17T17:12:16Z,2026-08-17T19:12:16+0200,f372a1fc-a0b6-48c3-b979-dc927b00239d,2026-08-05T05:00:00Z,2026-08-05T07:00:00+0200,18.08,MW,NL,NL,actual_offshore_wind_generation,Wind Offshore | Actual Consumption,2026-08-17T17:16:10Z
2026-08-17T17:12:16Z,2026-08-17T19:12:16+0200,f372a1fc-a0b6-48c3-b979-dc927b00239d,2026-08-05T05:15:00Z,2026-08-05T07:15:00+0200,3733.435,MW,NL,NL,actual_offshore_wind_generation,Wind Offshore | Actual Aggregated,2026-08-17T17:16:10Z
2026-08-17T17:12:16Z,2026-08-17T19:12:16+0200,f372a1fc-a0b6-48c3-b979-dc927b00239d,2026-08-05T05:15:00Z,2026-08-05T07:15:00+0200,15.321,MW,NL,NL,actual_offshore_wind_generation,Wind Offshore | Actual Consumption,2026-08-17T17:16:10Z
2026-08-17T17:12:16Z,2026-08-17T19:12:16+0200,f372a1fc-a0b6-48c3-b979-dc927b00239d,2026-08-05T05:30:00Z,2026-08-05T07:30:00+0200,3846.875,MW,NL,NL,actual_offshore_wind_generation,Wind Offshore | Actual Aggregated,2026-08-17T17:16:10Z
2026-08-17T17:12:16Z,2026-08-17T19:12:16+0200,f372a1fc-a0b6-48c3-b979-dc927b00239d,2026-08-05T05:30:00Z,2026-08-05T07:30:00+0200,16.911,MW,NL,NL,actual_offshore_wind_generation,Wind Offshore | Actual Consumption,2026-08-17T17:16:10Z
2026-08-17T17:12:16Z,2026-08-17T19:12:16+0200,f372a1fc-a0b6-48c3-b979-dc927b00239d,2026-08-05T05:45:00Z,2026-08-05T07:45:00+0200,3953.263,MW,NL,NL,actual_offshore_wind_generation,Wind Offshore | Actual Aggregated,2026-08-17T17:16:10Z
2026-08-17T17:12:16Z,2026-08-17T19:12:16+0200,f372a1fc-a0b6-48c3-b979-dc927b00239d,2026-08-05T05:45:00Z,2026-08-05T07:45:00+0200,18.505,MW,NL,NL,actual_offshore_wind_generation,Wind Offshore | Actual Consumption,2026-08-17T17:16:10Z
2026-08-17T17:12:16Z,2026-08-17T19:12:16+0200,f372a1fc-a0b6-48c3-b979-dc927b00239d,2026-08-05T06:00:00Z,2026-08-05T08:00:00+0200,3950.454,MW,NL,NL,actual_offshore_wind_generation,Wind Offshore | Actual Aggregated,2026-08-17T17:16:10Z
2026-08-17T17:12:16Z,2026-08-17T19:12:16+0200,f372a1fc-a0b6-48c3-b979-dc927b00239d,2026-08-05T06:00:00Z,2026-08-05T08:00:00+0200,18.033,MW,NL,NL,actual_offshore_wind_generation,Wind Offshore | Actual Consumption,2026-08-17T17:16:10Z
2026-08-17T17:12:16Z,2026-08-17T19:12:16+0200,f372a1fc-a0b6-48c3-b979-dc927b00239d,2026-08-05T06:15:00Z,2026-08-05T08:15:00+0200,3862.275,MW,NL,NL,actual_offshore_wind_generation,Wind Offshore | Actual Aggregated,2026-08-17T17:16:10Z
2026-08-17T17:12:16Z,2026-08-17T19:12:16+0200,f372a1fc-a0b6-48c3-b979-dc927b00239d,2026-08-05T06:15:00Z,2026-08-05T08:15:00+0200,18.719,MW,NL,NL,actual_offshore_wind_generation,Wind Offshore | Actual Consumption,2026-08-17T17:16:10Z
2026-08-17T17:12:16Z,2026-08-17T19:12:16+0200,f372a1fc-a0b6-48c3-b979-dc927b00239d,2026-08-05T06:30:00Z,2026-08-05T08:30:00+0200,3815.256,MW,NL,NL,actual_offshore_wind_generation,Wind Offshore | Actual Aggregated,2026-08-17T17:16:10Z
2026-08-17T17:12:16Z,2026-08-17T19:12:16+0200,f372a1fc-a0b6-48c3-b979-dc927b00239d,2026-08-05T06:30:00Z,2026-08-05T08:30:00+0200,18.448,MW,NL,NL,actual_offshore_wind_generation,Wind Offshore | Actual Consumption,2026-08-17T17:16:10Z
2026-08-17T17:12:16Z,2026-08-17T19:12:16+0200,f372a1fc-a0b6-48c3-b979-dc927b00239d,2026-08-05T06:45:00Z,2026-08-05T08:45:00+0200,3891.126,MW,NL,NL,actual_offshore_wind_generation,Wind Offshore | Actual Aggregated,2026-08-17T17:16:10Z
2026-08-17T17:12:16Z,2026-08-17T19:12:16+0200,f372a1fc-a0b6-48c3-b979-dc927b00239d,2026-08-05T06:45:00Z,2026-08-05T08:45:00+0200,17.555,MW,NL,NL,actual_offshore_wind_generation,Wind Offshore | Actual Consumption,2026-08-17T17:16:10Z
2026-08-17T17:12:16Z,2026-08-17T19:12:16+0200,f372a1fc-a0b6-48c3-b979-dc927b00239d,2026-08-05T07:00:00Z,2026-08-05T09:00:00+0200,3928.364,MW,NL,NL,actual_offshore_wind_generation,Wind Offshore | Actual Aggregated,2026-08-17T17:16:10Z
2026-08-17T17:12:16Z,2026-08-17T19:12:16+0200,f372a1fc-a0b6-48c3-b979-dc927b00239d,2026-08-05T07:00:00Z,2026-08-05T09:00:00+0200,17.258,MW,NL,NL,actual_offshore_wind_generation,Wind Offshore | Actual Consumption,2026-08-17T17:16:10Z
2026-08-17T17:12:16Z,2026-08-17T19:12:16+0200,f372a1fc-a0b6-48c3-b979-dc927b00239d,2026-08-05T07:15:00Z,2026-08-05T09:15:00+0200,3922.416,MW,NL,NL,actual_offshore_wind_generation,Wind Offshore | Actual Aggregated,2026-08-17T17:16:10Z
2026-08-17T17:12:16Z,2026-08-17T19:12:16+0200,f372a1fc-a0b6-48c3-b979-dc927b00239d,2026-08-05T07:15:00Z,2026-08-05T09:15:00+0200,18.405,MW,NL,NL,actual_offshore_wind_generation,Wind Offshore | Actual Consumption,2026-08-17T17:16:10Z
2026-08-17T17:12:16Z,2026-08-17T19:12:16+0200,f372a1fc-a0b6-48c3-b979-dc927b00239d,2026-08-05T07:30:00Z,2026-08-05T09:30:00+0200,3882.036,MW,NL,NL,actual_offshore_wind_generation,Wind Offshore | Actual Aggregated,2026-08-17T17:16:10Z
2026-08-17T17:12:16Z,2026-08-17T19:12:16+0200,f372a1fc-a0b6-48c3-b979-dc927b00239d,2026-08-05T07:30:00Z,2026-08-05T09:30:00+0200,16.505,MW,NL,NL,actual_offshore_wind_generation,Wind Offshore | Actual Consumption,2026-08-17T17:16:10Z
2026-08-17T17:12:16Z,2026-08-17T19:12:16+0200,f372a1fc-a0b6-48c3-b979-dc927b00239d,2026-08-05T07:45:00Z,2026-08-05T09:45:00+0200,3791.806,MW,NL,NL,actual_offshore_wind_generation,Wind Offshore | Actual Aggregated,2026-08-17T17:16:10Z
2026-08-17T17:12:16Z,2026-08-17T19:12:16+0200,f372a1fc-a0b6-48c3-b979-dc927b00239d,2026-08-05T07:45:00Z,2026-08-05T09:45:00+0200,16.046,MW,NL,NL,actual_offshore_wind_generation,Wind Offshore | Actual Consumption,2026-08-17T17:16:10Z
2026-08-17T17:12:16Z,2026-08-17T19:12:16+0200,f372a1fc-a0b6-48c3-b979-dc927b00239d,2026-08-05T08:00:00Z,2026-08-05T10:00:00+0200,3875.521,MW,NL,NL,actual_offshore_wind_generation,Wind Offshore | Actual Aggregated,2026-08-17T17:16:10Z
2026-08-17T17:12:16Z,2026-08-17T19:12:16+0200,f372a1fc-a0b6-48c3-b979-dc927b00239d,2026-08-05T08:00:00Z,2026-08-05T10:00:00+0200,14.973,MW,NL,NL,actual_offshore_wind_generation,Wind Offshore | Actual Consumption,2026-08-17T17:16:10Z
2026-08-17T17:12:16Z,2026-08-17T19:12:16+0200,f372a1fc-a0b6-48c3-b979-dc927b00239d,2026-08-05T08:15:00Z,2026-08-05T10:15:00+0200,3889.71,MW,NL,NL,actual_offshore_wind_generation,Wind Offshore | Actual Aggregated,2026-08-17T17:16:10Z
2026-08-17T17:12:16Z,2026-08-17T19:12:16+0200,f372a1fc-a0b6-48c3-b979-dc927b00239d,2026-08-05T08:15:00Z,2026-08-05T10:15:00+0200,17.559,MW,NL,NL,actual_offshore_wind_generation,Wind Offshore | Actual Consumption,2026-08-17T17:16:10Z
2026-08-17T17:12:16Z,2026-08-17T19:12:16+0200,f372a1fc-a0b6-48c3-b979-dc927b00239d,2026-08-05T08:30:00Z,2026-08-05T10:30:00+0200,3869.453,MW,NL,NL,actual_offshore_wind_generation,Wind Offshore | Actual Aggregated,2026-08-17T17:16:10Z
2026-08-17T17:12:16Z,2026-08-17T19:12:16+0200,f372a1fc-a0b6-48c3-b979-dc927b00239d,2026-08-05T08:30:00Z,2026-08-05T10:30:00+0200,17.672,MW,NL,NL,actual_offshore_wind_generation,Wind Offshore | Actual Consumption,2026-08-17T17:16:10Z
2026-08-17T17:12:16Z,2026-08-17T19:12:16+0200,f372a1fc-a0b6-48c3-b979-dc927b00239d,2026-08-05T08:45:00Z,2026-08-05T10:45:00+0200,3880.096,MW,NL,NL,actual_offshore_wind_generation,Wind Offshore | Actual Aggregated,2026-08-17T17:16:10Z
2026-08-17T17:12:16Z,2026-08-17T19:12:16+0200,f372a1fc-a0b6-48c3-b979-dc927b00239d,2026-08-05T08:45:00Z,2026-08-05T10:45:00+0200,17.506,MW,NL,NL,actual_offshore_wind_generation,Wind Offshore | Actual Consumption,2026-08-17T17:16:10Z
2026-08-17T17:12:16Z,2026-08-17T19:12:16+0200,f372a1fc-a0b6-48c3-b979-dc927b00239d,2026-08-05T09:00:00Z,2026-08-05T11:00:00+0200,3439.89,MW,NL,NL,actual_offshore_wind_generation,Wind Offshore | Actual Aggregated,2026-08-17T17:16:10Z
2026-08-17T17:12:16Z,2026-08-17T19:12:16+0200,f372a1fc-a0b6-48c3-b979-dc927b00239d,2026-08-05T09:00:00Z,2026-08-05T11:00:00+0200,18.35,MW,NL,NL,actual_offshore_wind_generation,Wind Offshore | Actual Consumption,2026-08-17T17:16:10Z
2026-08-17T17:12:16Z,2026-08-17T19:12:16+0200,f372a1fc-a0b6-48c3-b979-dc927b00239d,2026-08-05T09:15:00Z,2026-08-05T11:15:00+0200,3365.115,MW,NL,NL,actual_offshore_wind_generation,Wind Offshore | Actual Aggregated,2026-08-17T17:16:10Z
2026-08-17T17:12:16Z,2026-08-17T19:12:16+0200,f372a1fc-a0b6-48c3-b979-dc927b00239d,2026-08-05T09:15:00Z,2026-08-05T11:15:00+0200,18.752,MW,NL,NL,actual_offshore_wind_generation,Wind Offshore | Actual Consumption,2026-08-17T17:16:10Z
2026-08-17T17:12:16Z,2026-08-17T19:12:16+0200,f372a1fc-a0b6-48c3-b979-dc927b00239d,2026-08-05T09:30:00Z,2026-08-05T11:30:00+0200,2736.255,MW,NL,NL,actual_offshore_wind_generation,Wind Offshore | Actual Aggregated,2026-08-17T17:16:10Z
2026-08-17T17:12:16Z,2026-08-17T19:12:16+0200,f372a1fc-a0b6-48c3-b979-dc927b00239d,2026-08-05T09:30:00Z,2026-08-05T11:30:00+0200,18.744,MW,NL,NL,actual_offshore_wind_generation,Wind Offshore | Actual Consumption,2026-08-17T17:16:10Z
2026-08-17T17:12:16Z,2026-08-17T19:12:16+0200,f372a1fc-a0b6-48c3-b979-dc927b00239d,2026-08-05T09:45:00Z,2026-08-05T11:45:00+0200,2881.519,MW,NL,NL,actual_offshore_wind_generation,Wind Offshore | Actual Aggregated,2026-08-17T17:16:10Z
2026-08-17T17:12:16Z,2026-08-17T19:12:16+0200,f372a1fc-a0b6-48c3-b979-dc927b00239d,2026-08-05T09:45:00Z,2026-08-05T11:45:00+0200,18.79,MW,NL,NL,actual_offshore_wind_generation,Wind Offshore | Actual Consumption,2026-08-17T17:16:10Z
2026-08-17T17:12:16Z,2026-08-17T19:12:16+0200,f372a1fc-a0b6-48c3-b979-dc927b00239d,2026-08-05T10:00:00Z,2026-08-05T12:00:00+0200,3866.236,MW,NL,NL,actual_offshore_wind_generation,Wind Offshore | Actual Aggregated,2026-08-17T17:16:10Z
2026-08-17T17:12:16Z,2026-08-17T19:12:16+0200,f372a1fc-a0b6-48c3-b979-dc927b00239d,2026-08-05T10:00:00Z,2026-08-05T12:00:00+0200,18.39,MW,NL,NL,actual_offshore_wind_generation,Wind Offshore | Actual Consumption,2026-08-17T17:16:10Z
2026-08-17T17:12:16Z,2026-08-17T19:12:16+0200,f372a1fc-a0b6-48c3-b979-dc927b00239d,2026-08-05T10:15:00Z,2026-08-05T12:15:00+0200,3820.316,MW,NL,NL,actual_offshore_wind_generation,Wind Offshore | Actual Aggregated,2026-08-17T17:16:10Z
2026-08-17T17:12:16Z,2026-08-17T19:12:16+0200,f372a1fc-a0b6-48c3-b979-dc927b00239d,2026-08-05T10:15:00Z,2026-08-05T12:15:00+0200,15.513,MW,NL,NL,actual_offshore_wind_generation,Wind Offshore | Actual Consumption,2026-08-17T17:16:10Z
2026-08-17T17:12:16Z,2026-08-17T19:12:16+0200,f372a1fc-a0b6-48c3-b979-dc927b00239d,2026-08-05T10:30:00Z,2026-08-05T12:30:00+0200,3489.166,MW,NL,NL,actual_offshore_wind_generation,Wind Offshore | Actual Aggregated,2026-08-17T17:16:10Z
2026-08-17T17:12:16Z,2026-08-17T19:12:16+0200,f372a1fc-a0b6-48c3-b979-dc927b00239d,2026-08-05T10:30:00Z,2026-08-05T12:30:00+0200,16.772,MW,NL,NL,actual_offshore_wind_generation,Wind Offshore | Actual Consumption,2026-08-17T17:16:10Z
2026-08-17T17:12:16Z,2026-08-17T19:12:16+0200,f372a1fc-a0b6-48c3-b979-dc927b00239d,2026-08-05T10:45:00Z,2026-08-05T12:45:00+0200,3365.693,MW,NL,NL,actual_offshore_wind_generation,Wind Offshore | Actual Aggregated,2026-08-17T17:16:10Z
2026-08-17T17:12:16Z,2026-08-17T19:12:16+0200,f372a1fc-a0b6-48c3-b979-dc927b00239d,2026-08-05T10:45:00Z,2026-08-05T12:45:00+0200,15.411,MW,NL,NL,actual_offshore_wind_generation,Wind Offshore | Actual Consumption,2026-08-17T17:16:10Z
2026-08-17T17:12:16Z,2026-08-17T19:12:16+0200,f372a1fc-a0b6-48c3-b979-dc927b00239d,2026-08-05T11:00:00Z,2026-08-05T13:00:00+0200,3299.738,MW,NL,NL,actual_offshore_wind_generation,Wind Offshore | Actual Aggregated,2026-08-17T17:16:10Z
2026-08-17T17:12:16Z,2026-08-17T19:12:16+0200,f372a1fc-a0b6-48c3-b979-dc927b00239d,2026-08-05T11:00:00Z,2026-08-05T13:00:00+0200,15.971,MW,NL,NL,actual_offshore_wind_generation,Wind Offshore | Actual Consumption,2026-08-17T17:16:10Z
2026-08-17T17:12:16Z,2026-08-17T19:12:16+0200,f372a1fc-a0b6-48c3-b979-dc927b00239d,2026-08-05T11:15:00Z,2026-08-05T13:15:00+0200,3301.721,MW,NL,NL,actual_offshore_wind_generation,Wind Offshore | Actual Aggregated,2026-08-17T17:16:10Z
2026-08-17T17:12:16Z,2026-08-17T19:12:16+0200,f372a1fc-a0b6-48c3-b979-dc927b00239d,2026-08-05T11:15:00Z,2026-08-05T13:15:00+0200,15.234,MW,NL,NL,actual_offshore_wind_generation,Wind Offshore | Actual Consumption,2026-08-17T17:16:10Z
2026-08-17T17:12:16Z,2026-08-17T19:12:16+0200,f372a1fc-a0b6-48c3-b979-dc927b00239d,2026-08-05T11:30:00Z,2026-08-05T13:30:00+0200,3182.417,MW,NL,NL,actual_offshore_wind_generation,Wind Offshore | Actual Aggregated,2026-08-17T17:16:10Z
2026-08-17T17:12:16Z,2026-08-17T19:12:16+0200,f372a1fc-a0b6-48c3-b979-dc927b00239d,2026-08-05T11:30:00Z,2026-08-05T13:30:00+0200,15.184,MW,NL,NL,actual_offshore_wind_generation,Wind Offshore | Actual Consumption,2026-08-17T17:16:10Z
2026-08-17T17:12:16Z,2026-08-17T19:12:16+0200,f372a1fc-a0b6-48c3-b979-dc927b00239d,2026-08-05T11:45:00Z,2026-08-05T13:45:00+0200,3124.145,MW,NL,NL,actual_offshore_wind_generation,Wind Offshore | Actual Aggregated,2026-08-17T17:16:10Z
2026-08-17T17:12:16Z,2026-08-17T19:12:16+0200,f372a1fc-a0b6-48c3-b979-dc927b00239d,2026-08-05T11:45:00Z,2026-08-05T13:45:00+0200,14.517,MW,NL,NL,actual_offshore_wind_generation,Wind Offshore | Actual Consumption,2026-08-17T17:16:10Z
2026-08-17T17:12:16Z,2026-08-17T19:12:16+0200,f372a1fc-a0b6-48c3-b979-dc927b00239d,2026-08-05T12:00:00Z,2026-08-05T14:00:00+0200,2860.172,MW,NL,NL,actual_offshore_wind_generation,Wind Offshore | Actual Aggregated,2026-08-17T17:16:10Z
2026-08-17T17:12:16Z,2026-08-17T19:12:16+0200,f372a1fc-a0b6-48c3-b979-dc927b00239d,2026-08-05T12:00:00Z,2026-08-05T14:00:00+0200,14.102,MW,NL,NL,actual_offshore_wind_generation,Wind Offshore | Actual Consumption,2026-08-17T17:16:10Z
2026-08-17T17:12:16Z,2026-08-17T19:12:16+0200,f372a1fc-a0b6-48c3-b979-dc927b00239d,2026-08-05T12:15:00Z,2026-08-05T14:15:00+0200,2727.808,MW,NL,NL,actual_offshore_wind_generation,Wind Offshore | Actual Aggregated,2026-08-17T17:16:10Z
2026-08-17T17:12:16Z,2026-08-17T19:12:16+0200,f372a1fc-a0b6-48c3-b979-dc927b00239d,2026-08-05T12:15:00Z,2026-08-05T14:15:00+0200,1.988,MW,NL,NL,actual_offshore_wind_generation,Wind Offshore | Actual Consumption,2026-08-17T17:16:10Z
2026-08-17T17:12:16Z,2026-08-17T19:12:16+0200,f372a1fc-a0b6-48c3-b979-dc927b00239d,2026-08-05T12:30:00Z,2026-08-05T14:30:00+0200,2485.441,MW,NL,NL,actual_offshore_wind_generation,Wind Offshore | Actual Aggregated,2026-08-17T17:16:10Z
2026-08-17T17:12:16Z,2026-08-17T19:12:16+0200,f372a1fc-a0b6-48c3-b979-dc927b00239d,2026-08-05T12:30:00Z,2026-08-05T14:30:00+0200,1.992,MW,NL,NL,actual_offshore_wind_generation,Wind Offshore | Actual Consumption,2026-08-17T17:16:10Z
2026-08-17T17:12:16Z,2026-08-17T19:12:16+0200,f372a1fc-a0b6-48c3-b979-dc927b00239d,2026-08-05T12:45:00Z,2026-08-05T14:45:00+0200,2634.114,MW,NL,NL,actual_offshore_wind_generation,Wind Offshore | Actual Aggregated,2026-08-17T17:16:10Z
2026-08-17T17:12:16Z,2026-08-17T19:12:16+0200,f372a1fc-a0b6-48c3-b979-dc927b00239d,2026-08-05T12:45:00Z,2026-08-05T14:45:00+0200,1.989,MW,NL,NL,actual_offshore_wind_generation,Wind Offshore | Actual Consumption,2026-08-17T17:16:10Z
2026-08-17T17:12:16Z,2026-08-17T19:12:16+0200,f372a1fc-a0b6-48c3-b979-dc927b00239d,2026-08-05T13:00:00Z,2026-08-05T15:00:00+0200,3034.055,MW,NL,NL,actual_offshore_wind_generation,Wind Offshore | Actual Aggregated,2026-08-17T17:16:10Z
2026-08-17T17:12:16Z,2026-08-17T19:12:16+0200,f372a1fc-a0b6-48c3-b979-dc927b00239d,2026-08-05T13:00:00Z,2026-08-05T15:00:00+0200,12.034,MW,NL,NL,actual_offshore_wind_generation,Wind Offshore | Actual Consumption,2026-08-17T17:16:10Z
2026-08-17T17:12:16Z,2026-08-17T19:12:16+0200,f372a1fc-a0b6-48c3-b979-dc927b00239d,2026-08-05T13:15:00Z,2026-08-05T15:15:00+0200,3064.119,MW,NL,NL,actual_offshore_wind_generation,Wind Offshore | Actual Aggregated,2026-08-17T17:16:10Z
2026-08-17T17:12:16Z,2026-08-17T19:12:16+0200,f372a1fc-a0b6-48c3-b979-dc927b00239d,2026-08-05T13:15:00Z,2026-08-05T15:15:00+0200,7.664,MW,NL,NL,actual_offshore_wind_generation,Wind Offshore | Actual Consumption,2026-08-17T17:16:10Z
2026-08-17T17:12:16Z,2026-08-17T19:12:16+0200,f372a1fc-a0b6-48c3-b979-dc927b00239d,2026-08-05T13:30:00Z,2026-08-05T15:30:00+0200,3038.947,MW,NL,NL,actual_offshore_wind_generation,Wind Offshore | Actual Aggregated,2026-08-17T17:16:10Z
2026-08-17T17:12:16Z,2026-08-17T19:12:16+0200,f372a1fc-a0b6-48c3-b979-dc927b00239d,2026-08-05T13:30:00Z,2026-08-05T15:30:00+0200,1.999,MW,NL,NL,actual_offshore_wind_generation,Wind Offshore | Actual Consumption,2026-08-17T17:16:10Z
2026-08-17T17:12:16Z,2026-08-17T19:12:16+0200,f372a1fc-a0b6-48c3-b979-dc927b00239d,2026-08-05T13:45:00Z,2026-08-05T15:45:00+0200,2971.294,MW,NL,NL,actual_offshore_wind_generation,Wind Offshore | Actual Aggregated,2026-08-17T17:16:10Z
2026-08-17T17:12:16Z,2026-08-17T19:12:16+0200,f372a1fc-a0b6-48c3-b979-dc927b00239d,2026-08-05T13:45:00Z,2026-08-05T15:45:00+0200,2.337,MW,NL,NL,actual_offshore_wind_generation,Wind Offshore | Actual Consumption,2026-08-17T17:16:10Z
2026-08-17T17:12:16Z,2026-08-17T19:12:16+0200,f372a1fc-a0b6-48c3-b979-dc927b00239d,2026-08-05T14:00:00Z,2026-08-05T16:00:00+0200,3338.345,MW,NL,NL,actual_offshore_wind_generation,Wind Offshore | Actual Aggregated,2026-08-17T17:16:10Z
2026-08-17T17:12:16Z,2026-08-17T19:12:16+0200,f372a1fc-a0b6-48c3-b979-dc927b00239d,2026-08-05T14:00:00Z,2026-08-05T16:00:00+0200,12.437,MW,NL,NL,actual_offshore_wind_generation,Wind Offshore | Actual Consumption,2026-08-17T17:16:10Z
2026-08-17T17:12:16Z,2026-08-17T19:12:16+0200,f372a1fc-a0b6-48c3-b979-dc927b00239d,2026-08-05T14:15:00Z,2026-08-05T16:15:00+0200,3751.659,MW,NL,NL,actual_offshore_wind_generation,Wind Offshore | Actual Aggregated,2026-08-17T17:16:10Z
2026-08-17T17:12:16Z,2026-08-17T19:12:16+0200,f372a1fc-a0b6-48c3-b979-dc927b00239d,2026-08-05T14:15:00Z,2026-08-05T16:15:00+0200,14.109,MW,NL,NL,actual_offshore_wind_generation,Wind Offshore | Actual Consumption,2026-08-17T17:16:10Z
2026-08-17T17:12:16Z,2026-08-17T19:12:16+0200,f372a1fc-a0b6-48c3-b979-dc927b00239d,2026-08-05T14:30:00Z,2026-08-05T16:30:00+0200,3759.998,MW,NL,NL,actual_offshore_wind_generation,Wind Offshore | Actual Aggregated,2026-08-17T17:16:10Z
2026-08-17T17:12:16Z,2026-08-17T19:12:16+0200,f372a1fc-a0b6-48c3-b979-dc927b00239d,2026-08-05T14:30:00Z,2026-08-05T16:30:00+0200,12.912,MW,NL,NL,actual_offshore_wind_generation,Wind Offshore | Actual Consumption,2026-08-17T17:16:10Z
2026-08-17T17:12:16Z,2026-08-17T19:12:16+0200,f372a1fc-a0b6-48c3-b979-dc927b00239d,2026-08-05T14:45:00Z,2026-08-05T16:45:00+0200,3758.905,MW,NL,NL,actual_offshore_wind_generation,Wind Offshore | Actual Aggregated,2026-08-17T17:16:10Z
2026-08-17T17:12:16Z,2026-08-17T19:12:16+0200,f372a1fc-a0b6-48c3-b979-dc927b00239d,2026-08-05T14:45:00Z,2026-08-05T16:45:00+0200,11.91,MW,NL,NL,actual_offshore_wind_generation,Wind Offshore | Actual Consumption,2026-08-17T17:16:10Z
2026-08-17T17:12:16Z,2026-08-17T19:12:16+0200,f372a1fc-a0b6-48c3-b979-dc927b00239d,2026-08-05T15:00:00Z,2026-08-05T17:00:00+0200,3072.415,MW,NL,NL,actual_offshore_wind_generation,Wind Offshore | Actual Aggregated,2026-08-17T17:16:10Z
2026-08-17T17:12:16Z,2026-08-17T19:12:16+0200,f372a1fc-a0b6-48c3-b979-dc927b00239d,2026-08-05T15:00:00Z,2026-08-05T17:00:00+0200,8.603,MW,NL,NL,actual_offshore_wind_generation,Wind Offshore | Actual Consumption,2026-08-17T17:16:10Z
2026-08-17T17:12:16Z,2026-08-17T19:12:16+0200,f372a1fc-a0b6-48c3-b979-dc927b00239d,2026-08-05T15:15:00Z,2026-08-05T17:15:00+0200,3733.535,MW,NL,NL,actual_offshore_wind_generation,Wind Offshore | Actual Aggregated,2026-08-17T17:16:10Z
2026-08-17T17:12:16Z,2026-08-17T19:12:16+0200,f372a1fc-a0b6-48c3-b979-dc927b00239d,2026-08-05T15:15:00Z,2026-08-05T17:15:00+0200,6.687,MW,NL,NL,actual_offshore_wind_generation,Wind Offshore | Actual Consumption,2026-08-17T17:16:10Z
2026-08-17T17:12:16Z,2026-08-17T19:12:16+0200,f372a1fc-a0b6-48c3-b979-dc927b00239d,2026-08-05T15:30:00Z,2026-08-05T17:30:00+0200,3647.685,MW,NL,NL,actual_offshore_wind_generation,Wind Offshore | Actual Aggregated,2026-08-17T17:16:10Z
2026-08-17T17:12:16Z,2026-08-17T19:12:16+0200,f372a1fc-a0b6-48c3-b979-dc927b00239d,2026-08-05T15:30:00Z,2026-08-05T17:30:00+0200,8.176,MW,NL,NL,actual_offshore_wind_generation,Wind Offshore | Actual Consumption,2026-08-17T17:16:10Z
2026-08-17T17:12:16Z,2026-08-17T19:12:16+0200,f372a1fc-a0b6-48c3-b979-dc927b00239d,2026-08-05T15:45:00Z,2026-08-05T17:45:00+0200,3832.179,MW,NL,NL,actual_offshore_wind_generation,Wind Offshore | Actual Aggregated,2026-08-17T17:16:10Z
2026-08-17T17:12:16Z,2026-08-17T19:12:16+0200,f372a1fc-a0b6-48c3-b979-dc927b00239d,2026-08-05T15:45:00Z,2026-08-05T17:45:00+0200,8.297,MW,NL,NL,actual_offshore_wind_generation,Wind Offshore | Actual Consumption,2026-08-17T17:16:10Z
2026-08-17T17:12:16Z,2026-08-17T19:12:16+0200,f372a1fc-a0b6-48c3-b979-dc927b00239d,2026-08-05T16:00:00Z,2026-08-05T18:00:00+0200,3677.155,MW,NL,NL,actual_offshore_wind_generation,Wind Offshore | Actual Aggregated,2026-08-17T17:16:10Z
2026-08-17T17:12:16Z,2026-08-17T19:12:16+0200,f372a1fc-a0b6-48c3-b979-dc927b00239d,2026-08-05T16:00:00Z,2026-08-05T18:00:00+0200,8.576,MW,NL,NL,actual_offshore_wind_generation,Wind Offshore | Actual Consumption,2026-08-17T17:16:10Z
2026-08-17T17:12:16Z,2026-08-17T19:12:16+0200,f372a1fc-a0b6-48c3-b979-dc927b00239d,2026-08-05T16:15:00Z,2026-08-05T18:15:00+0200,3732.992,MW,NL,NL,actual_offshore_wind_generation,Wind Offshore | Actual Aggregated,2026-08-17T17:16:10Z
2026-08-17T17:12:16Z,2026-08-17T19:12:16+0200,f372a1fc-a0b6-48c3-b979-dc927b00239d,2026-08-05T16:15:00Z,2026-08-05T18:15:00+0200,13.41,MW,NL,NL,actual_offshore_wind_generation,Wind Offshore | Actual Consumption,2026-08-17T17:16:10Z
2026-08-17T17:12:16Z,2026-08-17T19:12:16+0200,f372a1fc-a0b6-48c3-b979-dc927b00239d,2026-08-05T16:30:00Z,2026-08-05T18:30:00+0200,3920.279,MW,NL,NL,actual_offshore_wind_generation,Wind Offshore | Actual Aggregated,2026-08-17T17:16:10Z
2026-08-17T17:12:16Z,2026-08-17T19:12:16+0200,f372a1fc-a0b6-48c3-b979-dc927b00239d,2026-08-05T16:30:00Z,2026-08-05T18:30:00+0200,18.829,MW,NL,NL,actual_offshore_wind_generation,Wind Offshore | Actual Consumption,2026-08-17T17:16:10Z
2026-08-17T17:12:16Z,2026-08-17T19:12:16+0200,f372a1fc-a0b6-48c3-b979-dc927b00239d,2026-08-05T16:45:00Z,2026-08-05T18:45:00+0200,3805.944,MW,NL,NL,actual_offshore_wind_generation,Wind Offshore | Actual Aggregated,2026-08-17T17:16:10Z
2026-08-17T17:12:16Z,2026-08-17T19:12:16+0200,f372a1fc-a0b6-48c3-b979-dc927b00239d,2026-08-05T16:45:00Z,2026-08-05T18:45:00+0200,14.823,MW,NL,NL,actual_offshore_wind_generation,Wind Offshore | Actual Consumption,2026-08-17T17:16:10Z
2026-08-17T17:12:16Z,2026-08-17T19:12:16+0200,f372a1fc-a0b6-48c3-b979-dc927b00239d,2026-08-05T17:00:00Z,2026-08-05T19:00:00+0200,3849.236,MW,NL,NL,actual_offshore_wind_generation,Wind Offshore | Actual Aggregated,2026-08-17T17:16:10Z
2026-08-17T17:12:16Z,2026-08-17T19:12:16+0200,f372a1fc-a0b6-48c3-b979-dc927b00239d,2026-08-05T17:00:00Z,2026-08-05T19:00:00+0200,15.532,MW,NL,NL,actual_offshore_wind_generation,Wind Offshore | Actual Consumption,2026-08-17T17:16:10Z
2026-08-17T17:12:16Z,2026-08-17T19:12:16+0200,f372a1fc-a0b6-48c3-b979-dc927b00239d,2026-08-05T17:15:00Z,2026-08-05T19:15:00+0200,3697.155,MW,NL,NL,actual_offshore_wind_generation,Wind Offshore | Actual Aggregated,2026-08-17T17:16:10Z
2026-08-17T17:12:16Z,2026-08-17T19:12:16+0200,f372a1fc-a0b6-48c3-b979-dc927b00239d,2026-08-05T17:15:00Z,2026-08-05T19:15:00+0200,11.755,MW,NL,NL,actual_offshore_wind_generation,Wind Offshore | Actual Consumption,2026-08-17T17:16:10Z
2026-08-17T17:12:16Z,2026-08-17T19:12:16+0200,f372a1fc-a0b6-48c3-b979-dc927b00239d,2026-08-05T17:30:00Z,2026-08-05T19:30:00+0200,4026.309,MW,NL,NL,actual_offshore_wind_generation,Wind Offshore | Actual Aggregated,2026-08-17T17:16:10Z
2026-08-17T17:12:16Z,2026-08-17T19:12:16+0200,f372a1fc-a0b6-48c3-b979-dc927b00239d,2026-08-05T17:30:00Z,2026-08-05T19:30:00+0200,18.765,MW,NL,NL,actual_offshore_wind_generation,Wind Offshore | Actual Consumption,2026-08-17T17:16:10Z
2026-08-17T17:12:16Z,2026-08-17T19:12:16+0200,f372a1fc-a0b6-48c3-b979-dc927b00239d,2026-08-05T17:45:00Z,2026-08-05T19:45:00+0200,3962.866,MW,NL,NL,actual_offshore_wind_generation,Wind Offshore | Actual Aggregated,2026-08-17T17:16:10Z
2026-08-17T17:12:16Z,2026-08-17T19:12:16+0200,f372a1fc-a0b6-48c3-b979-dc927b00239d,2026-08-05T17:45:00Z,2026-08-05T19:45:00+0200,18.772,MW,NL,NL,actual_offshore_wind_generation,Wind Offshore | Actual Consumption,2026-08-17T17:16:10Z
2026-08-17T17:12:16Z,2026-08-17T19:12:16+0200,f372a1fc-a0b6-48c3-b979-dc927b00239d,2026-08-05T18:00:00Z,2026-08-05T20:00:00+0200,4006.542,MW,NL,NL,actual_offshore_wind_generation,Wind Offshore | Actual Aggregated,2026-08-17T17:16:10Z
2026-08-17T17:12:16Z,2026-08-17T19:12:16+0200,f372a1fc-a0b6-48c3-b979-dc927b00239d,2026-08-05T18:00:00Z,2026-08-05T20:00:00+0200,18.713,MW,NL,NL,actual_offshore_wind_generation,Wind Offshore | Actual Consumption,2026-08-17T17:16:10Z
2026-08-17T17:12:16Z,2026-08-17T19:12:16+0200,f372a1fc-a0b6-48c3-b979-dc927b00239d,2026-08-05T18:15:00Z,2026-08-05T20:15:00+0200,4034.038,MW,NL,NL,actual_offshore_wind_generation,Wind Offshore | Actual Aggregated,2026-08-17T17:16:10Z
2026-08-17T17:12:16Z,2026-08-17T19:12:16+0200,f372a1fc-a0b6-48c3-b979-dc927b00239d,2026-08-05T18:15:00Z,2026-08-05T20:15:00+0200,18.803,MW,NL,NL,actual_offshore_wind_generation,Wind Offshore | Actual Consumption,2026-08-17T17:16:10Z
2026-08-17T17:12:16Z,2026-08-17T19:12:16+0200,f372a1fc-a0b6-48c3-b979-dc927b00239d,2026-08-05T18:30:00Z,2026-08-05T20:30:00+0200,3934.958,MW,NL,NL,actual_offshore_wind_generation,Wind Offshore | Actual Aggregated,2026-08-17T17:16:10Z
2026-08-17T17:12:16Z,2026-08-17T19:12:16+0200,f372a1fc-a0b6-48c3-b979-dc927b00239d,2026-08-05T18:30:00Z,2026-08-05T20:30:00+0200,18.671,MW,NL,NL,actual_offshore_wind_generation,Wind Offshore | Actual Consumption,2026-08-17T17:16:10Z
2026-08-17T17:12:16Z,2026-08-17T19:12:16+0200,f372a1fc-a0b6-48c3-b979-dc927b00239d,2026-08-05T18:45:00Z,2026-08-05T20:45:00+0200,3798.292,MW,NL,NL,actual_offshore_wind_generation,Wind Offshore | Actual Aggregated,2026-08-17T17:16:10Z
2026-08-17T17:12:16Z,2026-08-17T19:12:16+0200,f372a1fc-a0b6-48c3-b979-dc927b00239d,2026-08-05T18:45:00Z,2026-08-05T20:45:00+0200,18.675,MW,NL,NL,actual_offshore_wind_generation,Wind Offshore | Actual Consumption,2026-08-17T17:16:10Z
2026-08-17T17:12:16Z,2026-08-17T19:12:16+0200,f372a1fc-a0b6-48c3-b979-dc927b00239d,2026-08-05T19:00:00Z,2026-08-05T21:00:00+0200,3755.875,MW,NL,NL,actual_offshore_wind_generation,Wind Offshore | Actual Aggregated,2026-08-17T17:16:10Z
2026-08-17T17:12:16Z,2026-08-17T19:12:16+0200,f372a1fc-a0b6-48c3-b979-dc927b00239d,2026-08-05T19:00:00Z,2026-08-05T21:00:00+0200,18.894,MW,NL,NL,actual_offshore_wind_generation,Wind Offshore | Actual Consumption,2026-08-17T17:16:10Z
2026-08-17T17:12:16Z,2026-08-17T19:12:16+0200,f372a1fc-a0b6-48c3-b979-dc927b00239d,2026-08-05T19:15:00Z,2026-08-05T21:15:00+0200,3748.664,MW,NL,NL,actual_offshore_wind_generation,Wind Offshore | Actual Aggregated,2026-08-17T17:16:10Z
2026-08-17T17:12:16Z,2026-08-17T19:12:16+0200,f372a1fc-a0b6-48c3-b979-dc927b00239d,2026-08-05T19:15:00Z,2026-08-05T21:15:00+0200,18.691,MW,NL,NL,actual_offshore_wind_generation,Wind Offshore | Actual Consumption,2026-08-17T17:16:10Z
2026-08-17T17:12:16Z,2026-08-17T19:12:16+0200,f372a1fc-a0b6-48c3-b979-dc927b00239d,2026-08-05T19:30:00Z,2026-08-05T21:30:00+0200,3715.111,MW,NL,NL,actual_offshore_wind_generation,Wind Offshore | Actual Aggregated,2026-08-17T17:16:10Z
2026-08-17T17:12:16Z,2026-08-17T19:12:16+0200,f372a1fc-a0b6-48c3-b979-dc927b00239d,2026-08-05T19:30:00Z,2026-08-05T21:30:00+0200,18.802,MW,NL,NL,actual_offshore_wind_generation,Wind Offshore | Actual Consumption,2026-08-17T17:16:10Z
2026-08-17T17:12:16Z,2026-08-17T19:12:16+0200,f372a1fc-a0b6-48c3-b979-dc927b00239d,2026-08-05T19:45:00Z,2026-08-05T21:45:00+0200,3681.612,MW,NL,NL,actual_offshore_wind_generation,Wind Offshore | Actual Aggregated,2026-08-17T17:16:10Z
2026-08-17T17:12:16Z,2026-08-17T19:12:16+0200,f372a1fc-a0b6-48c3-b979-dc927b00239d,2026-08-05T19:45:00Z,2026-08-05T21:45:00+0200,18.782,MW,NL,NL,actual_offshore_wind_generation,Wind Offshore | Actual Consumption,2026-08-17T17:16:10Z
2026-08-17T17:12:16Z,2026-08-17T19:12:16+0200,f372a1fc-a0b6-48c3-b979-dc927b00239d,2026-08-05T20:00:00Z,2026-08-05T22:00:00+0200,3620.335,MW,NL,NL,actual_offshore_wind_generation,Wind Offshore | Actual Aggregated,2026-08-17T17:16:10Z
2026-08-17T17:12:16Z,2026-08-17T19:12:16+0200,f372a1fc-a0b6-48c3-b979-dc927b00239d,2026-08-05T20:00:00Z,2026-08-05T22:00:00+0200,17.824,MW,NL,NL,actual_offshore_wind_generation,Wind Offshore | Actual Consumption,2026-08-17T17:16:10Z
2026-08-17T17:12:16Z,2026-08-17T19:12:16+0200,f372a1fc-a0b6-48c3-b979-dc927b00239d,2026-08-05T20:15:00Z,2026-08-05T22:15:00+0200,3611.842,MW,NL,NL,actual_offshore_wind_generation,Wind Offshore | Actual Aggregated,2026-08-17T17:16:10Z
2026-08-17T17:12:16Z,2026-08-17T19:12:16+0200,f372a1fc-a0b6-48c3-b979-dc927b00239d,2026-08-05T20:15:00Z,2026-08-05T22:15:00+0200,18.615,MW,NL,NL,actual_offshore_wind_generation,Wind Offshore | Actual Consumption,2026-08-17T17:16:10Z
2026-08-17T17:12:16Z,2026-08-17T19:12:16+0200,f372a1fc-a0b6-48c3-b979-dc927b00239d,2026-08-05T20:30:00Z,2026-08-05T22:30:00+0200,3524.517,MW,NL,NL,actual_offshore_wind_generation,Wind Offshore | Actual Aggregated,2026-08-17T17:16:10Z
2026-08-17T17:12:16Z,2026-08-17T19:12:16+0200,f372a1fc-a0b6-48c3-b979-dc927b00239d,2026-08-05T20:30:00Z,2026-08-05T22:30:00+0200,17.568,MW,NL,NL,actual_offshore_wind_generation,Wind Offshore | Actual Consumption,2026-08-17T17:16:10Z
2026-08-17T17:12:16Z,2026-08-17T19:12:16+0200,f372a1fc-a0b6-48c3-b979-dc927b00239d,2026-08-05T20:45:00Z,2026-08-05T22:45:00+0200,3281.036,MW,NL,NL,actual_offshore_wind_generation,Wind Offshore | Actual Aggregated,2026-08-17T17:16:10Z
2026-08-17T17:12:16Z,2026-08-17T19:12:16+0200,f372a1fc-a0b6-48c3-b979-dc927b00239d,2026-08-05T20:45:00Z,2026-08-05T22:45:00+0200,15.143,MW,NL,NL,actual_offshore_wind_generation,Wind Offshore | Actual Consumption,2026-08-17T17:16:10Z
2026-08-17T17:12:16Z,2026-08-17T19:12:16+0200,f372a1fc-a0b6-48c3-b979-dc927b00239d,2026-08-05T21:00:00Z,2026-08-05T23:00:00+0200,3042.075,MW,NL,NL,actual_offshore_wind_generation,Wind Offshore | Actual Aggregated,2026-08-17T17:16:10Z
2026-08-17T17:12:16Z,2026-08-17T19:12:16+0200,f372a1fc-a0b6-48c3-b979-dc927b00239d,2026-08-05T21:00:00Z,2026-08-05T23:00:00+0200,14.578,MW,NL,NL,actual_offshore_wind_generation,Wind Offshore | Actual Consumption,2026-08-17T17:16:10Z
2026-08-17T17:12:16Z,2026-08-17T19:12:16+0200,f372a1fc-a0b6-48c3-b979-dc927b00239d,2026-08-05T21:15:00Z,2026-08-05T23:15:00+0200,2850.986,MW,NL,NL,actual_offshore_wind_generation,Wind Offshore | Actual Aggregated,2026-08-17T17:16:10Z
2026-08-17T17:12:16Z,2026-08-17T19:12:16+0200,f372a1fc-a0b6-48c3-b979-dc927b00239d,2026-08-05T21:15:00Z,2026-08-05T23:15:00+0200,13.582,MW,NL,NL,actual_offshore_wind_generation,Wind Offshore | Actual Consumption,2026-08-17T17:16:10Z
2026-08-17T17:12:16Z,2026-08-17T19:12:16+0200,f372a1fc-a0b6-48c3-b979-dc927b00239d,2026-08-05T21:30:00Z,2026-08-05T23:30:00+0200,2497.981,MW,NL,NL,actual_offshore_wind_generation,Wind Offshore | Actual Aggregated,2026-08-17T17:16:10Z
2026-08-17T17:12:16Z,2026-08-17T19:12:16+0200,f372a1fc-a0b6-48c3-b979-dc927b00239d,2026-08-05T21:30:00Z,2026-08-05T23:30:00+0200,8.192,MW,NL,NL,actual_offshore_wind_generation,Wind Offshore | Actual Consumption,2026-08-17T17:16:10Z
2026-08-17T17:12:16Z,2026-08-17T19:12:16+0200,f372a1fc-a0b6-48c3-b979-dc927b00239d,2026-08-05T21:45:00Z,2026-08-05T23:45:00+0200,2252.264,MW,NL,NL,actual_offshore_wind_generation,Wind Offshore | Actual Aggregated,2026-08-17T17:16:10Z
2026-08-17T17:12:16Z,2026-08-17T19:12:16+0200,f372a1fc-a0b6-48c3-b979-dc927b00239d,2026-08-05T21:45:00Z,2026-08-05T23:45:00+0200,6.681,MW,NL,NL,actual_offshore_wind_generation,Wind Offshore | Actual Consumption,2026-08-17T17:16:10Z
2026-08-17T17:12:16Z,2026-08-17T19:12:16+0200,f372a1fc-a0b6-48c3-b979-dc927b00239d,2026-08-05T22:00:00Z,2026-08-06T00:00:00+0200,1950.944,MW,NL,NL,actual_offshore_wind_generation,Wind Offshore | Actual Aggregated,2026-08-17T17:16:10Z
2026-08-17T17:12:16Z,2026-08-17T19:12:16+0200,f372a1fc-a0b6-48c3-b979-dc927b00239d,2026-08-05T22:00:00Z,2026-08-06T00:00:00+0200,7.104,MW,NL,NL,actual_offshore_wind_generation,Wind Offshore | Actual Consumption,2026-08-17T17:16:10Z
2026-08-17T17:12:16Z,2026-08-17T19:12:16+0200,f372a1fc-a0b6-48c3-b979-dc927b00239d,2026-08-05T22:15:00Z,2026-08-06T00:15:00+0200,1661.858,MW,NL,NL,actual_offshore_wind_generation,Wind Offshore | Actual Aggregated,2026-08-17T17:16:10Z
2026-08-17T17:12:16Z,2026-08-17T19:12:16+0200,f372a1fc-a0b6-48c3-b979-dc927b00239d,2026-08-05T22:15:00Z,2026-08-06T00:15:00+0200,6.843,MW,NL,NL,actual_offshore_wind_generation,Wind Offshore | Actual Consumption,2026-08-17T17:16:10Z
2026-08-17T17:12:16Z,2026-08-17T19:12:16+0200,f372a1fc-a0b6-48c3-b979-dc927b00239d,2026-08-05T22:30:00Z,2026-08-06T00:30:00+0200,1418.592,MW,NL,NL,actual_offshore_wind_generation,Wind Offshore | Actual Aggregated,2026-08-17T17:16:10Z
2026-08-17T17:12:16Z,2026-08-17T19:12:16+0200,f372a1fc-a0b6-48c3-b979-dc927b00239d,2026-08-05T22:30:00Z,2026-08-06T00:30:00+0200,6.443,MW,NL,NL,actual_offshore_wind_generation,Wind Offshore | Actual Consumption,2026-08-17T17:16:10Z
2026-08-17T17:12:16Z,2026-08-17T19:12:16+0200,f372a1fc-a0b6-48c3-b979-dc927b00239d,2026-08-05T22:45:00Z,2026-08-06T00:45:00+0200,1326.665,MW,NL,NL,actual_offshore_wind_generation,Wind Offshore | Actual Aggregated,2026-08-17T17:16:10Z
2026-08-17T17:12:16Z,2026-08-17T19:12:16+0200,f372a1fc-a0b6-48c3-b979-dc927b00239d,2026-08-05T22:45:00Z,2026-08-06T00:45:00+0200,5.358,MW,NL,NL,actual_offshore_wind_generation,Wind Offshore | Actual Consumption,2026-08-17T17:16:10Z
2026-08-17T17:12:16Z,2026-08-17T19:12:16+0200,f372a1fc-a0b6-48c3-b979-dc927b00239d,2026-08-05T23:00:00Z,2026-08-06T01:00:00+0200,1340.664,MW,NL,NL,actual_offshore_wind_generation,Wind Offshore | Actual Aggregated,2026-08-17T17:16:10Z
2026-08-17T17:12:16Z,2026-08-17T19:12:16+0200,f372a1fc-a0b6-48c3-b979-dc927b00239d,2026-08-05T23:00:00Z,2026-08-06T01:00:00+0200,5.139,MW,NL,NL,actual_offshore_wind_generation,Wind Offshore | Actual Consumption,2026-08-17T17:16:10Z
2026-08-17T17:12:16Z,2026-08-17T19:12:16+0200,f372a1fc-a0b6-48c3-b979-dc927b00239d,2026-08-05T23:15:00Z,2026-08-06T01:15:00+0200,1243.629,MW,NL,NL,actual_offshore_wind_generation,Wind Offshore | Actual Aggregated,2026-08-17T17:16:10Z
2026-08-17T17:12:16Z,2026-08-17T19:12:16+0200,f372a1fc-a0b6-48c3-b979-dc927b00239d,2026-08-05T23:15:00Z,2026-08-06T01:15:00+0200,8.89,MW,NL,NL,actual_offshore_wind_generation,Wind Offshore | Actual Consumption,2026-08-17T17:16:10Z
2026-08-17T17:12:16Z,2026-08-17T19:12:16+0200,f372a1fc-a0b6-48c3-b979-dc927b00239d,2026-08-05T23:30:00Z,2026-08-06T01:30:00+0200,1217.285,MW,NL,NL,actual_offshore_wind_generation,Wind Offshore | Actual Aggregated,2026-08-17T17:16:10Z
2026-08-17T17:12:16Z,2026-08-17T19:12:16+0200,f372a1fc-a0b6-48c3-b979-dc927b00239d,2026-08-05T23:30:00Z,2026-08-06T01:30:00+0200,3.685,MW,NL,NL,actual_offshore_wind_generation,Wind Offshore | Actual Consumption,2026-08-17T17:16:10Z
2026-08-17T17:12:16Z,2026-08-17T19:12:16+0200,f372a1fc-a0b6-48c3-b979-dc927b00239d,2026-08-05T23:45:00Z,2026-08-06T01:45:00+0200,1243.877,MW,NL,NL,actual_offshore_wind_generation,Wind Offshore | Actual Aggregated,2026-08-17T17:16:10Z
2026-08-17T17:12:16Z,2026-08-17T19:12:16+0200,f372a1fc-a0b6-48c3-b979-dc927b00239d,2026-08-05T23:45:00Z,2026-08-06T01:45:00+0200,4.863,MW,NL,NL,actual_offshore_wind_generation,Wind Offshore | Actual Consumption,2026-08-17T17:16:10Z
2026-08-17T17:12:16Z,2026-08-17T19:12:16+0200,f372a1fc-a0b6-48c3-b979-dc927b00239d,2026-08-06T00:00:00Z,2026-08-06T02:00:00+0200,1357.384,MW,NL,NL,actual_offshore_wind_generation,Wind Offshore | Actual Aggregated,2026-08-17T17:16:10Z
2026-08-17T17:12:16Z,2026-08-17T19:12:16+0200,f372a1fc-a0b6-48c3-b979-dc927b00239d,2026-08-06T00:00:00Z,2026-08-06T02:00:00+0200,9.413,MW,NL,NL,actual_offshore_wind_generation,Wind Offshore | Actual Consumption,2026-08-17T17:16:10Z
2026-08-17T17:12:16Z,2026-08-17T19:12:16+0200,f372a1fc-a0b6-48c3-b979-dc927b00239d,2026-08-06T00:15:00Z,2026-08-06T02:15:00+0200,1510.087,MW,NL,NL,actual_offshore_wind_generation,Wind Offshore | Actual Aggregated,2026-08-17T17:16:10Z
2026-08-17T17:12:16Z,2026-08-17T19:12:16+0200,f372a1fc-a0b6-48c3-b979-dc927b00239d,2026-08-06T00:15:00Z,2026-08-06T02:15:00+0200,10.252,MW,NL,NL,actual_offshore_wind_generation,Wind Offshore | Actual Consumption,2026-08-17T17:16:10Z
2026-08-17T17:12:16Z,2026-08-17T19:12:16+0200,f372a1fc-a0b6-48c3-b979-dc927b00239d,2026-08-06T00:30:00Z,2026-08-06T02:30:00+0200,1526.408,MW,NL,NL,actual_offshore_wind_generation,Wind Offshore | Actual Aggregated,2026-08-17T17:16:10Z
2026-08-17T17:12:16Z,2026-08-17T19:12:16+0200,f372a1fc-a0b6-48c3-b979-dc927b00239d,2026-08-06T00:30:00Z,2026-08-06T02:30:00+0200,9.795,MW,NL,NL,actual_offshore_wind_generation,Wind Offshore | Actual Consumption,2026-08-17T17:16:10Z
2026-08-17T17:12:16Z,2026-08-17T19:12:16+0200,f372a1fc-a0b6-48c3-b979-dc927b00239d,2026-08-06T00:45:00Z,2026-08-06T02:45:00+0200,1500.595,MW,NL,NL,actual_offshore_wind_generation,Wind Offshore | Actual Aggregated,2026-08-17T17:16:10Z
2026-08-17T17:12:16Z,2026-08-17T19:12:16+0200,f372a1fc-a0b6-48c3-b979-dc927b00239d,2026-08-06T00:45:00Z,2026-08-06T02:45:00+0200,8.411,MW,NL,NL,actual_offshore_wind_generation,Wind Offshore | Actual Consumption,2026-08-17T17:16:10Z
2026-08-17T17:12:16Z,2026-08-17T19:12:16+0200,f372a1fc-a0b6-48c3-b979-dc927b00239d,2026-08-06T01:00:00Z,2026-08-06T03:00:00+0200,1527.722,MW,NL,NL,actual_offshore_wind_generation,Wind Offshore | Actual Aggregated,2026-08-17T17:16:10Z
2026-08-17T17:12:16Z,2026-08-17T19:12:16+0200,f372a1fc-a0b6-48c3-b979-dc927b00239d,2026-08-06T01:00:00Z,2026-08-06T03:00:00+0200,6.309,MW,NL,NL,actual_offshore_wind_generation,Wind Offshore | Actual Consumption,2026-08-17T17:16:10Z
2026-08-17T17:12:16Z,2026-08-17T19:12:16+0200,f372a1fc-a0b6-48c3-b979-dc927b00239d,2026-08-06T01:15:00Z,2026-08-06T03:15:00+0200,1605.045,MW,NL,NL,actual_offshore_wind_generation,Wind Offshore | Actual Aggregated,2026-08-17T17:16:10Z
2026-08-17T17:12:16Z,2026-08-17T19:12:16+0200,f372a1fc-a0b6-48c3-b979-dc927b00239d,2026-08-06T01:15:00Z,2026-08-06T03:15:00+0200,3.893,MW,NL,NL,actual_offshore_wind_generation,Wind Offshore | Actual Consumption,2026-08-17T17:16:10Z
2026-08-17T17:12:16Z,2026-08-17T19:12:16+0200,f372a1fc-a0b6-48c3-b979-dc927b00239d,2026-08-06T01:30:00Z,2026-08-06T03:30:00+0200,1689.834,MW,NL,NL,actual_offshore_wind_generation,Wind Offshore | Actual Aggregated,2026-08-17T17:16:10Z
2026-08-17T17:12:16Z,2026-08-17T19:12:16+0200,f372a1fc-a0b6-48c3-b979-dc927b00239d,2026-08-06T01:30:00Z,2026-08-06T03:30:00+0200,3.491,MW,NL,NL,actual_offshore_wind_generation,Wind Offshore | Actual Consumption,2026-08-17T17:16:10Z
2026-08-17T17:12:16Z,2026-08-17T19:12:16+0200,f372a1fc-a0b6-48c3-b979-dc927b00239d,2026-08-06T01:45:00Z,2026-08-06T03:45:00+0200,1730.438,MW,NL,NL,actual_offshore_wind_generation,Wind Offshore | Actual Aggregated,2026-08-17T17:16:10Z
2026-08-17T17:12:16Z,2026-08-17T19:12:16+0200,f372a1fc-a0b6-48c3-b979-dc927b00239d,2026-08-06T01:45:00Z,2026-08-06T03:45:00+0200,4.436,MW,NL,NL,actual_offshore_wind_generation,Wind Offshore | Actual Consumption,2026-08-17T17:16:10Z
2026-08-17T17:12:16Z,2026-08-17T19:12:16+0200,f372a1fc-a0b6-48c3-b979-dc927b00239d,2026-08-06T02:00:00Z,2026-08-06T04:00:00+0200,1773.823,MW,NL,NL,actual_offshore_wind_generation,Wind Offshore | Actual Aggregated,2026-08-17T17:16:10Z
2026-08-17T17:12:16Z,2026-08-17T19:12:16+0200,f372a1fc-a0b6-48c3-b979-dc927b00239d,2026-08-06T02:00:00Z,2026-08-06T04:00:00+0200,4.696,MW,NL,NL,actual_offshore_wind_generation,Wind Offshore | Actual Consumption,2026-08-17T17:16:10Z
2026-08-17T17:12:16Z,2026-08-17T19:12:16+0200,f372a1fc-a0b6-48c3-b979-dc927b00239d,2026-08-06T02:15:00Z,2026-08-06T04:15:00+0200,1811.284,MW,NL,NL,actual_offshore_wind_generation,Wind Offshore | Actual Aggregated,2026-08-17T17:16:10Z
2026-08-17T17:12:16Z,2026-08-17T19:12:16+0200,f372a1fc-a0b6-48c3-b979-dc927b00239d,2026-08-06T02:15:00Z,2026-08-06T04:15:00+0200,5.864,MW,NL,NL,actual_offshore_wind_generation,Wind Offshore | Actual Consumption,2026-08-17T17:16:10Z
2026-08-17T17:12:16Z,2026-08-17T19:12:16+0200,f372a1fc-a0b6-48c3-b979-dc927b00239d,2026-08-06T02:30:00Z,2026-08-06T04:30:00+0200,1698.757,MW,NL,NL,actual_offshore_wind_generation,Wind Offshore | Actual Aggregated,2026-08-17T17:16:10Z
2026-08-17T17:12:16Z,2026-08-17T19:12:16+0200,f372a1fc-a0b6-48c3-b979-dc927b00239d,2026-08-06T02:30:00Z,2026-08-06T04:30:00+0200,3.452,MW,NL,NL,actual_offshore_wind_generation,Wind Offshore | Actual Consumption,2026-08-17T17:16:10Z
2026-08-17T17:12:16Z,2026-08-17T19:12:16+0200,f372a1fc-a0b6-48c3-b979-dc927b00239d,2026-08-06T02:45:00Z,2026-08-06T04:45:00+0200,1633.771,MW,NL,NL,actual_offshore_wind_generation,Wind Offshore | Actual Aggregated,2026-08-17T17:16:10Z
2026-08-17T17:12:16Z,2026-08-17T19:12:16+0200,f372a1fc-a0b6-48c3-b979-dc927b00239d,2026-08-06T02:45:00Z,2026-08-06T04:45:00+0200,3.057,MW,NL,NL,actual_offshore_wind_generation,Wind Offshore | Actual Consumption,2026-08-17T17:16:10Z
2026-08-17T17:12:16Z,2026-08-17T19:12:16+0200,f372a1fc-a0b6-48c3-b979-dc927b00239d,2026-08-06T03:00:00Z,2026-08-06T05:00:00+0200,1571.798,MW,NL,NL,actual_offshore_wind_generation,Wind Offshore | Actual Aggregated,2026-08-17T17:16:10Z
2026-08-17T17:12:16Z,2026-08-17T19:12:16+0200,f372a1fc-a0b6-48c3-b979-dc927b00239d,2026-08-06T03:00:00Z,2026-08-06T05:00:00+0200,3.874,MW,NL,NL,actual_offshore_wind_generation,Wind Offshore | Actual Consumption,2026-08-17T17:16:10Z
2026-08-17T17:12:16Z,2026-08-17T19:12:16+0200,f372a1fc-a0b6-48c3-b979-dc927b00239d,2026-08-06T03:15:00Z,2026-08-06T05:15:00+0200,1503.803,MW,NL,NL,actual_offshore_wind_generation,Wind Offshore | Actual Aggregated,2026-08-17T17:16:10Z
2026-08-17T17:12:16Z,2026-08-17T19:12:16+0200,f372a1fc-a0b6-48c3-b979-dc927b00239d,2026-08-06T03:15:00Z,2026-08-06T05:15:00+0200,1.917,MW,NL,NL,actual_offshore_wind_generation,Wind Offshore | Actual Consumption,2026-08-17T17:16:10Z
2026-08-17T17:12:16Z,2026-08-17T19:12:16+0200,f372a1fc-a0b6-48c3-b979-dc927b00239d,2026-08-06T03:30:00Z,2026-08-06T05:30:00+0200,1471.737,MW,NL,NL,actual_offshore_wind_generation,Wind Offshore | Actual Aggregated,2026-08-17T17:16:10Z
2026-08-17T17:12:16Z,2026-08-17T19:12:16+0200,f372a1fc-a0b6-48c3-b979-dc927b00239d,2026-08-06T03:30:00Z,2026-08-06T05:30:00+0200,1.967,MW,NL,NL,actual_offshore_wind_generation,Wind Offshore | Actual Consumption,2026-08-17T17:16:10Z
2026-08-17T17:12:16Z,2026-08-17T19:12:16+0200,f372a1fc-a0b6-48c3-b979-dc927b00239d,2026-08-06T03:45:00Z,2026-08-06T05:45:00+0200,1468.982,MW,NL,NL,actual_offshore_wind_generation,Wind Offshore | Actual Aggregated,2026-08-17T17:16:10Z
2026-08-17T17:12:16Z,2026-08-17T19:12:16+0200,f372a1fc-a0b6-48c3-b979-dc927b00239d,2026-08-06T03:45:00Z,2026-08-06T05:45:00+0200,2.368,MW,NL,NL,actual_offshore_wind_generation,Wind Offshore | Actual Consumption,2026-08-17T17:16:10Z
2026-08-17T17:12:16Z,2026-08-17T19:12:16+0200,f372a1fc-a0b6-48c3-b979-dc927b00239d,2026-08-06T04:00:00Z,2026-08-06T06:00:00+0200,1551.483,MW,NL,NL,actual_offshore_wind_generation,Wind Offshore | Actual Aggregated,2026-08-17T17:16:10Z
2026-08-17T17:12:16Z,2026-08-17T19:12:16+0200,f372a1fc-a0b6-48c3-b979-dc927b00239d,2026-08-06T04:00:00Z,2026-08-06T06:00:00+0200,2.342,MW,NL,NL,actual_offshore_wind_generation,Wind Offshore | Actual Consumption,2026-08-17T17:16:10Z
2026-08-17T17:12:16Z,2026-08-17T19:12:16+0200,f372a1fc-a0b6-48c3-b979-dc927b00239d,2026-08-06T04:15:00Z,2026-08-06T06:15:00+0200,1618.52,MW,NL,NL,actual_offshore_wind_generation,Wind Offshore | Actual Aggregated,2026-08-17T17:16:10Z
2026-08-17T17:12:16Z,2026-08-17T19:12:16+0200,f372a1fc-a0b6-48c3-b979-dc927b00239d,2026-08-06T04:15:00Z,2026-08-06T06:15:00+0200,3.658,MW,NL,NL,actual_offshore_wind_generation,Wind Offshore | Actual Consumption,2026-08-17T17:16:10Z
2026-08-17T17:12:16Z,2026-08-17T19:12:16+0200,f372a1fc-a0b6-48c3-b979-dc927b00239d,2026-08-06T04:30:00Z,2026-08-06T06:30:00+0200,1672.313,MW,NL,NL,actual_offshore_wind_generation,Wind Offshore | Actual Aggregated,2026-08-17T17:16:10Z
2026-08-17T17:12:16Z,2026-08-17T19:12:16+0200,f372a1fc-a0b6-48c3-b979-dc927b00239d,2026-08-06T04:30:00Z,2026-08-06T06:30:00+0200,2.717,MW,NL,NL,actual_offshore_wind_generation,Wind Offshore | Actual Consumption,2026-08-17T17:16:10Z
2026-08-17T17:12:16Z,2026-08-17T19:12:16+0200,f372a1fc-a0b6-48c3-b979-dc927b00239d,2026-08-06T04:45:00Z,2026-08-06T06:45:00+0200,1687.699,MW,NL,NL,actual_offshore_wind_generation,Wind Offshore | Actual Aggregated,2026-08-17T17:16:10Z
2026-08-17T17:12:16Z,2026-08-17T19:12:16+0200,f372a1fc-a0b6-48c3-b979-dc927b00239d,2026-08-06T04:45:00Z,2026-08-06T06:45:00+0200,3.821,MW,NL,NL,actual_offshore_wind_generation,Wind Offshore | Actual Consumption,2026-08-17T17:16:10Z
2026-08-17T17:12:16Z,2026-08-17T19:12:16+0200,f372a1fc-a0b6-48c3-b979-dc927b00239d,2026-08-06T05:00:00Z,2026-08-06T07:00:00+0200,1665.303,MW,NL,NL,actual_offshore_wind_generation,Wind Offshore | Actual Aggregated,2026-08-17T17:16:10Z
2026-08-17T17:12:16Z,2026-08-17T19:12:16+0200,f372a1fc-a0b6-48c3-b979-dc927b00239d,2026-08-06T05:00:00Z,2026-08-06T07:00:00+0200,3.105,MW,NL,NL,actual_offshore_wind_generation,Wind Offshore | Actual Consumption,2026-08-17T17:16:10Z
2026-08-17T17:12:16Z,2026-08-17T19:12:16+0200,f372a1fc-a0b6-48c3-b979-dc927b00239d,2026-08-06T05:15:00Z,2026-08-06T07:15:00+0200,1671.181,MW,NL,NL,actual_offshore_wind_generation,Wind Offshore | Actual Aggregated,2026-08-17T17:16:10Z
2026-08-17T17:12:16Z,2026-08-17T19:12:16+0200,f372a1fc-a0b6-48c3-b979-dc927b00239d,2026-08-06T05:15:00Z,2026-08-06T07:15:00+0200,3.36,MW,NL,NL,actual_offshore_wind_generation,Wind Offshore | Actual Consumption,2026-08-17T17:16:10Z
2026-08-17T17:12:16Z,2026-08-17T19:12:16+0200,f372a1fc-a0b6-48c3-b979-dc927b00239d,2026-08-06T05:30:00Z,2026-08-06T07:30:00+0200,1734.015,MW,NL,NL,actual_offshore_wind_generation,Wind Offshore | Actual Aggregated,2026-08-17T17:16:10Z
2026-08-17T17:12:16Z,2026-08-17T19:12:16+0200,f372a1fc-a0b6-48c3-b979-dc927b00239d,2026-08-06T05:30:00Z,2026-08-06T07:30:00+0200,2.646,MW,NL,NL,actual_offshore_wind_generation,Wind Offshore | Actual Consumption,2026-08-17T17:16:10Z
2026-08-17T17:12:16Z,2026-08-17T19:12:16+0200,f372a1fc-a0b6-48c3-b979-dc927b00239d,2026-08-06T05:45:00Z,2026-08-06T07:45:00+0200,1819.928,MW,NL,NL,actual_offshore_wind_generation,Wind Offshore | Actual Aggregated,2026-08-17T17:16:10Z
2026-08-17T17:12:16Z,2026-08-17T19:12:16+0200,f372a1fc-a0b6-48c3-b979-dc927b00239d,2026-08-06T05:45:00Z,2026-08-06T07:45:00+0200,2.693,MW,NL,NL,actual_offshore_wind_generation,Wind Offshore | Actual Consumption,2026-08-17T17:16:10Z
2026-08-17T17:12:16Z,2026-08-17T19:12:16+0200,f372a1fc-a0b6-48c3-b979-dc927b00239d,2026-08-06T06:00:00Z,2026-08-06T08:00:00+0200,1850.416,MW,NL,NL,actual_offshore_wind_generation,Wind Offshore | Actual Aggregated,2026-08-17T17:16:10Z
2026-08-17T17:12:16Z,2026-08-17T19:12:16+0200,f372a1fc-a0b6-48c3-b979-dc927b00239d,2026-08-06T06:00:00Z,2026-08-06T08:00:00+0200,2.264,MW,NL,NL,actual_offshore_wind_generation,Wind Offshore | Actual Consumption,2026-08-17T17:16:10Z
2026-08-17T17:12:16Z,2026-08-17T19:12:16+0200,f372a1fc-a0b6-48c3-b979-dc927b00239d,2026-08-06T06:15:00Z,2026-08-06T08:15:00+0200,1887.75,MW,NL,NL,actual_offshore_wind_generation,Wind Offshore | Actual Aggregated,2026-08-17T17:16:10Z
2026-08-17T17:12:16Z,2026-08-17T19:12:16+0200,f372a1fc-a0b6-48c3-b979-dc927b00239d,2026-08-06T06:15:00Z,2026-08-06T08:15:00+0200,1.918,MW,NL,NL,actual_offshore_wind_generation,Wind Offshore | Actual Consumption,2026-08-17T17:16:10Z
2026-08-17T17:12:16Z,2026-08-17T19:12:16+0200,f372a1fc-a0b6-48c3-b979-dc927b00239d,2026-08-06T06:30:00Z,2026-08-06T08:30:00+0200,1914.222,MW,NL,NL,actual_offshore_wind_generation,Wind Offshore | Actual Aggregated,2026-08-17T17:16:10Z
2026-08-17T17:12:16Z,2026-08-17T19:12:16+0200,f372a1fc-a0b6-48c3-b979-dc927b00239d,2026-08-06T06:30:00Z,2026-08-06T08:30:00+0200,3.083,MW,NL,NL,actual_offshore_wind_generation,Wind Offshore | Actual Consumption,2026-08-17T17:16:10Z
2026-08-17T17:12:16Z,2026-08-17T19:12:16+0200,f372a1fc-a0b6-48c3-b979-dc927b00239d,2026-08-06T06:45:00Z,2026-08-06T08:45:00+0200,1929.194,MW,NL,NL,actual_offshore_wind_generation,Wind Offshore | Actual Aggregated,2026-08-17T17:16:10Z
2026-08-17T17:12:16Z,2026-08-17T19:12:16+0200,f372a1fc-a0b6-48c3-b979-dc927b00239d,2026-08-06T06:45:00Z,2026-08-06T08:45:00+0200,4.293,MW,NL,NL,actual_offshore_wind_generation,Wind Offshore | Actual Consumption,2026-08-17T17:16:10Z
2026-08-17T17:12:16Z,2026-08-17T19:12:16+0200,f372a1fc-a0b6-48c3-b979-dc927b00239d,2026-08-06T07:00:00Z,2026-08-06T09:00:00+0200,1902.388,MW,NL,NL,actual_offshore_wind_generation,Wind Offshore | Actual Aggregated,2026-08-17T17:16:10Z
2026-08-17T17:12:16Z,2026-08-17T19:12:16+0200,f372a1fc-a0b6-48c3-b979-dc927b00239d,2026-08-06T07:00:00Z,2026-08-06T09:00:00+0200,3.512,MW,NL,NL,actual_offshore_wind_generation,Wind Offshore | Actual Consumption,2026-08-17T17:16:10Z
2026-08-17T17:12:16Z,2026-08-17T19:12:16+0200,f372a1fc-a0b6-48c3-b979-dc927b00239d,2026-08-06T07:15:00Z,2026-08-06T09:15:00+0200,1849.967,MW,NL,NL,actual_offshore_wind_generation,Wind Offshore | Actual Aggregated,2026-08-17T17:16:10Z
2026-08-17T17:12:16Z,2026-08-17T19:12:16+0200,f372a1fc-a0b6-48c3-b979-dc927b00239d,2026-08-06T07:15:00Z,2026-08-06T09:15:00+0200,3.374,MW,NL,NL,actual_offshore_wind_generation,Wind Offshore | Actual Consumption,2026-08-17T17:16:10Z
2026-08-17T17:12:16Z,2026-08-17T19:12:16+0200,f372a1fc-a0b6-48c3-b979-dc927b00239d,2026-08-06T07:30:00Z,2026-08-06T09:30:00+0200,1797.605,MW,NL,NL,actual_offshore_wind_generation,Wind Offshore | Actual Aggregated,2026-08-17T17:16:10Z
2026-08-17T17:12:16Z,2026-08-17T19:12:16+0200,f372a1fc-a0b6-48c3-b979-dc927b00239d,2026-08-06T07:30:00Z,2026-08-06T09:30:00+0200,3.448,MW,NL,NL,actual_offshore_wind_generation,Wind Offshore | Actual Consumption,2026-08-17T17:16:10Z
2026-08-17T17:12:16Z,2026-08-17T19:12:16+0200,f372a1fc-a0b6-48c3-b979-dc927b00239d,2026-08-06T07:45:00Z,2026-08-06T09:45:00+0200,1728.922,MW,NL,NL,actual_offshore_wind_generation,Wind Offshore | Actual Aggregated,2026-08-17T17:16:10Z
2026-08-17T17:12:16Z,2026-08-17T19:12:16+0200,f372a1fc-a0b6-48c3-b979-dc927b00239d,2026-08-06T07:45:00Z,2026-08-06T09:45:00+0200,2.626,MW,NL,NL,actual_offshore_wind_generation,Wind Offshore | Actual Consumption,2026-08-17T17:16:10Z
2026-08-17T17:12:16Z,2026-08-17T19:12:16+0200,f372a1fc-a0b6-48c3-b979-dc927b00239d,2026-08-06T08:00:00Z,2026-08-06T10:00:00+0200,1668.379,MW,NL,NL,actual_offshore_wind_generation,Wind Offshore | Actual Aggregated,2026-08-17T17:16:10Z
2026-08-17T17:12:16Z,2026-08-17T19:12:16+0200,f372a1fc-a0b6-48c3-b979-dc927b00239d,2026-08-06T08:00:00Z,2026-08-06T10:00:00+0200,2.286,MW,NL,NL,actual_offshore_wind_generation,Wind Offshore | Actual Consumption,2026-08-17T17:16:10Z
2026-08-17T17:12:16Z,2026-08-17T19:12:16+0200,f372a1fc-a0b6-48c3-b979-dc927b00239d,2026-08-06T08:15:00Z,2026-08-06T10:15:00+0200,1664.357,MW,NL,NL,actual_offshore_wind_generation,Wind Offshore | Actual Aggregated,2026-08-17T17:16:10Z
2026-08-17T17:12:16Z,2026-08-17T19:12:16+0200,f372a1fc-a0b6-48c3-b979-dc927b00239d,2026-08-06T08:15:00Z,2026-08-06T10:15:00+0200,2.557,MW,NL,NL,actual_offshore_wind_generation,Wind Offshore | Actual Consumption,2026-08-17T17:16:10Z
2026-08-17T17:12:16Z,2026-08-17T19:12:16+0200,f372a1fc-a0b6-48c3-b979-dc927b00239d,2026-08-06T08:30:00Z,2026-08-06T10:30:00+0200,1647.769,MW,NL,NL,actual_offshore_wind_generation,Wind Offshore | Actual Aggregated,2026-08-17T17:16:10Z
2026-08-17T17:12:16Z,2026-08-17T19:12:16+0200,f372a1fc-a0b6-48c3-b979-dc927b00239d,2026-08-06T08:30:00Z,2026-08-06T10:30:00+0200,3.464,MW,NL,NL,actual_offshore_wind_generation,Wind Offshore | Actual Consumption,2026-08-17T17:16:10Z
2026-08-17T17:12:16Z,2026-08-17T19:12:16+0200,f372a1fc-a0b6-48c3-b979-dc927b00239d,2026-08-06T08:45:00Z,2026-08-06T10:45:00+0200,1750.199,MW,NL,NL,actual_offshore_wind_generation,Wind Offshore | Actual Aggregated,2026-08-17T17:16:10Z
2026-08-17T17:12:16Z,2026-08-17T19:12:16+0200,f372a1fc-a0b6-48c3-b979-dc927b00239d,2026-08-06T08:45:00Z,2026-08-06T10:45:00+0200,3.841,MW,NL,NL,actual_offshore_wind_generation,Wind Offshore | Actual Consumption,2026-08-17T17:16:10Z
2026-08-17T17:12:16Z,2026-08-17T19:12:16+0200,f372a1fc-a0b6-48c3-b979-dc927b00239d,2026-08-06T09:00:00Z,2026-08-06T11:00:00+0200,1740.324,MW,NL,NL,actual_offshore_wind_generation,Wind Offshore | Actual Aggregated,2026-08-17T17:16:10Z
2026-08-17T17:12:16Z,2026-08-17T19:12:16+0200,f372a1fc-a0b6-48c3-b979-dc927b00239d,2026-08-06T09:00:00Z,2026-08-06T11:00:00+0200,4.609,MW,NL,NL,actual_offshore_wind_generation,Wind Offshore | Actual Consumption,2026-08-17T17:16:10Z
2026-08-17T17:12:16Z,2026-08-17T19:12:16+0200,f372a1fc-a0b6-48c3-b979-dc927b00239d,2026-08-06T09:15:00Z,2026-08-06T11:15:00+0200,1790.921,MW,NL,NL,actual_offshore_wind_generation,Wind Offshore | Actual Aggregated,2026-08-17T17:16:10Z
2026-08-17T17:12:16Z,2026-08-17T19:12:16+0200,f372a1fc-a0b6-48c3-b979-dc927b00239d,2026-08-06T09:15:00Z,2026-08-06T11:15:00+0200,3.915,MW,NL,NL,actual_offshore_wind_generation,Wind Offshore | Actual Consumption,2026-08-17T17:16:10Z
2026-08-17T17:12:16Z,2026-08-17T19:12:16+0200,f372a1fc-a0b6-48c3-b979-dc927b00239d,2026-08-06T09:30:00Z,2026-08-06T11:30:00+0200,1704.285,MW,NL,NL,actual_offshore_wind_generation,Wind Offshore | Actual Aggregated,2026-08-17T17:16:10Z
2026-08-17T17:12:16Z,2026-08-17T19:12:16+0200,f372a1fc-a0b6-48c3-b979-dc927b00239d,2026-08-06T09:30:00Z,2026-08-06T11:30:00+0200,2.885,MW,NL,NL,actual_offshore_wind_generation,Wind Offshore | Actual Consumption,2026-08-17T17:16:10Z
2026-08-17T17:12:16Z,2026-08-17T19:12:16+0200,f372a1fc-a0b6-48c3-b979-dc927b00239d,2026-08-06T09:45:00Z,2026-08-06T11:45:00+0200,1653.328,MW,NL,NL,actual_offshore_wind_generation,Wind Offshore | Actual Aggregated,2026-08-17T17:16:10Z
2026-08-17T17:12:16Z,2026-08-17T19:12:16+0200,f372a1fc-a0b6-48c3-b979-dc927b00239d,2026-08-06T09:45:00Z,2026-08-06T11:45:00+0200,1.872,MW,NL,NL,actual_offshore_wind_generation,Wind Offshore | Actual Consumption,2026-08-17T17:16:10Z
2026-08-17T17:12:16Z,2026-08-17T19:12:16+0200,f372a1fc-a0b6-48c3-b979-dc927b00239d,2026-08-06T10:00:00Z,2026-08-06T12:00:00+0200,1726.68,MW,NL,NL,actual_offshore_wind_generation,Wind Offshore | Actual Aggregated,2026-08-17T17:16:10Z
2026-08-17T17:12:16Z,2026-08-17T19:12:16+0200,f372a1fc-a0b6-48c3-b979-dc927b00239d,2026-08-06T10:00:00Z,2026-08-06T12:00:00+0200,2.319,MW,NL,NL,actual_offshore_wind_generation,Wind Offshore | Actual Consumption,2026-08-17T17:16:10Z
2026-08-17T17:12:16Z,2026-08-17T19:12:16+0200,f372a1fc-a0b6-48c3-b979-dc927b00239d,2026-08-06T10:15:00Z,2026-08-06T12:15:00+0200,1391.736,MW,NL,NL,actual_offshore_wind_generation,Wind Offshore | Actual Aggregated,2026-08-17T17:16:10Z
2026-08-17T17:12:16Z,2026-08-17T19:12:16+0200,f372a1fc-a0b6-48c3-b979-dc927b00239d,2026-08-06T10:15:00Z,2026-08-06T12:15:00+0200,2.344,MW,NL,NL,actual_offshore_wind_generation,Wind Offshore | Actual Consumption,2026-08-17T17:16:10Z
2026-08-17T17:12:16Z,2026-08-17T19:12:16+0200,f372a1fc-a0b6-48c3-b979-dc927b00239d,2026-08-06T10:30:00Z,2026-08-06T12:30:00+0200,1126.202,MW,NL,NL,actual_offshore_wind_generation,Wind Offshore | Actual Aggregated,2026-08-17T17:16:10Z
2026-08-17T17:12:16Z,2026-08-17T19:12:16+0200,f372a1fc-a0b6-48c3-b979-dc927b00239d,2026-08-06T10:30:00Z,2026-08-06T12:30:00+0200,2.498,MW,NL,NL,actual_offshore_wind_generation,Wind Offshore | Actual Consumption,2026-08-17T17:16:10Z
2026-08-17T17:12:16Z,2026-08-17T19:12:16+0200,f372a1fc-a0b6-48c3-b979-dc927b00239d,2026-08-06T10:45:00Z,2026-08-06T12:45:00+0200,1039.154,MW,NL,NL,actual_offshore_wind_generation,Wind Offshore | Actual Aggregated,2026-08-17T17:16:10Z
2026-08-17T17:12:16Z,2026-08-17T19:12:16+0200,f372a1fc-a0b6-48c3-b979-dc927b00239d,2026-08-06T10:45:00Z,2026-08-06T12:45:00+0200,2.318,MW,NL,NL,actual_offshore_wind_generation,Wind Offshore | Actual Consumption,2026-08-17T17:16:10Z
2026-08-17T17:12:16Z,2026-08-17T19:12:16+0200,f372a1fc-a0b6-48c3-b979-dc927b00239d,2026-08-06T11:00:00Z,2026-08-06T13:00:00+0200,958.677,MW,NL,NL,actual_offshore_wind_generation,Wind Offshore | Actual Aggregated,2026-08-17T17:16:10Z
2026-08-17T17:12:16Z,2026-08-17T19:12:16+0200,f372a1fc-a0b6-48c3-b979-dc927b00239d,2026-08-06T11:00:00Z,2026-08-06T13:00:00+0200,2.212,MW,NL,NL,actual_offshore_wind_generation,Wind Offshore | Actual Consumption,2026-08-17T17:16:10Z
2026-08-17T17:12:16Z,2026-08-17T19:12:16+0200,f372a1fc-a0b6-48c3-b979-dc927b00239d,2026-08-06T11:15:00Z,2026-08-06T13:15:00+0200,845.975,MW,NL,NL,actual_offshore_wind_generation,Wind Offshore | Actual Aggregated,2026-08-17T17:16:10Z
2026-08-17T17:12:16Z,2026-08-17T19:12:16+0200,f372a1fc-a0b6-48c3-b979-dc927b00239d,2026-08-06T11:15:00Z,2026-08-06T13:15:00+0200,2.498,MW,NL,NL,actual_offshore_wind_generation,Wind Offshore | Actual Consumption,2026-08-17T17:16:10Z
2026-08-17T17:12:16Z,2026-08-17T19:12:16+0200,f372a1fc-a0b6-48c3-b979-dc927b00239d,2026-08-06T11:30:00Z,2026-08-06T13:30:00+0200,857.641,MW,NL,NL,actual_offshore_wind_generation,Wind Offshore | Actual Aggregated,2026-08-17T17:16:10Z
2026-08-17T17:12:16Z,2026-08-17T19:12:16+0200,f372a1fc-a0b6-48c3-b979-dc927b00239d,2026-08-06T11:30:00Z,2026-08-06T13:30:00+0200,2.601,MW,NL,NL,actual_offshore_wind_generation,Wind Offshore | Actual Consumption,2026-08-17T17:16:10Z
2026-08-17T17:12:16Z,2026-08-17T19:12:16+0200,f372a1fc-a0b6-48c3-b979-dc927b00239d,2026-08-06T11:45:00Z,2026-08-06T13:45:00+0200,836.455,MW,NL,NL,actual_offshore_wind_generation,Wind Offshore | Actual Aggregated,2026-08-17T17:16:10Z
2026-08-17T17:12:16Z,2026-08-17T19:12:16+0200,f372a1fc-a0b6-48c3-b979-dc927b00239d,2026-08-06T11:45:00Z,2026-08-06T13:45:00+0200,2.79,MW,NL,NL,actual_offshore_wind_generation,Wind Offshore | Actual Consumption,2026-08-17T17:16:10Z
2026-08-17T17:12:16Z,2026-08-17T19:12:16+0200,f372a1fc-a0b6-48c3-b979-dc927b00239d,2026-08-06T12:00:00Z,2026-08-06T14:00:00+0200,831.425,MW,NL,NL,actual_offshore_wind_generation,Wind Offshore | Actual Aggregated,2026-08-17T17:16:10Z
2026-08-17T17:12:16Z,2026-08-17T19:12:16+0200,f372a1fc-a0b6-48c3-b979-dc927b00239d,2026-08-06T12:00:00Z,2026-08-06T14:00:00+0200,2.444,MW,NL,NL,actual_offshore_wind_generation,Wind Offshore | Actual Consumption,2026-08-17T17:16:10Z
2026-08-17T17:12:16Z,2026-08-17T19:12:16+0200,f372a1fc-a0b6-48c3-b979-dc927b00239d,2026-08-06T12:15:00Z,2026-08-06T14:15:00+0200,940.73,MW,NL,NL,actual_offshore_wind_generation,Wind Offshore | Actual Aggregated,2026-08-17T17:16:10Z
2026-08-17T17:12:16Z,2026-08-17T19:12:16+0200,f372a1fc-a0b6-48c3-b979-dc927b00239d,2026-08-06T12:15:00Z,2026-08-06T14:15:00+0200,2.117,MW,NL,NL,actual_offshore_wind_generation,Wind Offshore | Actual Consumption,2026-08-17T17:16:10Z
2026-08-17T17:12:16Z,2026-08-17T19:12:16+0200,f372a1fc-a0b6-48c3-b979-dc927b00239d,2026-08-06T12:30:00Z,2026-08-06T14:30:00+0200,868.946,MW,NL,NL,actual_offshore_wind_generation,Wind Offshore | Actual Aggregated,2026-08-17T17:16:10Z
2026-08-17T17:12:16Z,2026-08-17T19:12:16+0200,f372a1fc-a0b6-48c3-b979-dc927b00239d,2026-08-06T12:30:00Z,2026-08-06T14:30:00+0200,2.055,MW,NL,NL,actual_offshore_wind_generation,Wind Offshore | Actual Consumption,2026-08-17T17:16:10Z
2026-08-17T17:12:16Z,2026-08-17T19:12:16+0200,f372a1fc-a0b6-48c3-b979-dc927b00239d,2026-08-06T12:45:00Z,2026-08-06T14:45:00+0200,773.808,MW,NL,NL,actual_offshore_wind_generation,Wind Offshore | Actual Aggregated,2026-08-17T17:16:10Z
2026-08-17T17:12:16Z,2026-08-17T19:12:16+0200,f372a1fc-a0b6-48c3-b979-dc927b00239d,2026-08-06T12:45:00Z,2026-08-06T14:45:00+0200,2.396,MW,NL,NL,actual_offshore_wind_generation,Wind Offshore | Actual Consumption,2026-08-17T17:16:10Z
2026-08-17T17:12:16Z,2026-08-17T19:12:16+0200,f372a1fc-a0b6-48c3-b979-dc927b00239d,2026-08-06T13:00:00Z,2026-08-06T15:00:00+0200,752.701,MW,NL,NL,actual_offshore_wind_generation,Wind Offshore | Actual Aggregated,2026-08-17T17:16:10Z
2026-08-17T17:12:16Z,2026-08-17T19:12:16+0200,f372a1fc-a0b6-48c3-b979-dc927b00239d,2026-08-06T13:00:00Z,2026-08-06T15:00:00+0200,2.755,MW,NL,NL,actual_offshore_wind_generation,Wind Offshore | Actual Consumption,2026-08-17T17:16:10Z
2026-08-17T17:12:16Z,2026-08-17T19:12:16+0200,f372a1fc-a0b6-48c3-b979-dc927b00239d,2026-08-06T13:15:00Z,2026-08-06T15:15:00+0200,788.828,MW,NL,NL,actual_offshore_wind_generation,Wind Offshore | Actual Aggregated,2026-08-17T17:16:10Z
2026-08-17T17:12:16Z,2026-08-17T19:12:16+0200,f372a1fc-a0b6-48c3-b979-dc927b00239d,2026-08-06T13:15:00Z,2026-08-06T15:15:00+0200,2.971,MW,NL,NL,actual_offshore_wind_generation,Wind Offshore | Actual Consumption,2026-08-17T17:16:10Z
2026-08-17T17:12:16Z,2026-08-17T19:12:16+0200,f372a1fc-a0b6-48c3-b979-dc927b00239d,2026-08-06T13:30:00Z,2026-08-06T15:30:00+0200,861.39,MW,NL,NL,actual_offshore_wind_generation,Wind Offshore | Actual Aggregated,2026-08-17T17:16:10Z
2026-08-17T17:12:16Z,2026-08-17T19:12:16+0200,f372a1fc-a0b6-48c3-b979-dc927b00239d,2026-08-06T13:30:00Z,2026-08-06T15:30:00+0200,3.32,MW,NL,NL,actual_offshore_wind_generation,Wind Offshore | Actual Consumption,2026-08-17T17:16:10Z
2026-08-17T17:12:16Z,2026-08-17T19:12:16+0200,f372a1fc-a0b6-48c3-b979-dc927b00239d,2026-08-06T13:45:00Z,2026-08-06T15:45:00+0200,777.326,MW,NL,NL,actual_offshore_wind_generation,Wind Offshore | Actual Aggregated,2026-08-17T17:16:10Z
2026-08-17T17:12:16Z,2026-08-17T19:12:16+0200,f372a1fc-a0b6-48c3-b979-dc927b00239d,2026-08-06T13:45:00Z,2026-08-06T15:45:00+0200,4.082,MW,NL,NL,actual_offshore_wind_generation,Wind Offshore | Actual Consumption,2026-08-17T17:16:10Z
2026-08-17T17:12:16Z,2026-08-17T19:12:16+0200,f372a1fc-a0b6-48c3-b979-dc927b00239d,2026-08-06T14:00:00Z,2026-08-06T16:00:00+0200,807.235,MW,NL,NL,actual_offshore_wind_generation,Wind Offshore | Actual Aggregated,2026-08-17T17:16:10Z
2026-08-17T17:12:16Z,2026-08-17T19:12:16+0200,f372a1fc-a0b6-48c3-b979-dc927b00239d,2026-08-06T14:00:00Z,2026-08-06T16:00:00+0200,2.901,MW,NL,NL,actual_offshore_wind_generation,Wind Offshore | Actual Consumption,2026-08-17T17:16:10Z
2026-08-17T17:12:16Z,2026-08-17T19:12:16+0200,f372a1fc-a0b6-48c3-b979-dc927b00239d,2026-08-06T14:15:00Z,2026-08-06T16:15:00+0200,811.355,MW,NL,NL,actual_offshore_wind_generation,Wind Offshore | Actual Aggregated,2026-08-17T17:16:10Z
2026-08-17T17:12:16Z,2026-08-17T19:12:16+0200,f372a1fc-a0b6-48c3-b979-dc927b00239d,2026-08-06T14:15:00Z,2026-08-06T16:15:00+0200,4.589,MW,NL,NL,actual_offshore_wind_generation,Wind Offshore | Actual Consumption,2026-08-17T17:16:10Z
2026-08-17T17:12:16Z,2026-08-17T19:12:16+0200,f372a1fc-a0b6-48c3-b979-dc927b00239d,2026-08-06T14:30:00Z,2026-08-06T16:30:00+0200,887.167,MW,NL,NL,actual_offshore_wind_generation,Wind Offshore | Actual Aggregated,2026-08-17T17:16:10Z
2026-08-17T17:12:16Z,2026-08-17T19:12:16+0200,f372a1fc-a0b6-48c3-b979-dc927b00239d,2026-08-06T14:30:00Z,2026-08-06T16:30:00+0200,3.331,MW,NL,NL,actual_offshore_wind_generation,Wind Offshore | Actual Consumption,2026-08-17T17:16:10Z
2026-08-17T17:12:16Z,2026-08-17T19:12:16+0200,f372a1fc-a0b6-48c3-b979-dc927b00239d,2026-08-06T14:45:00Z,2026-08-06T16:45:00+0200,874.79,MW,NL,NL,actual_offshore_wind_generation,Wind Offshore | Actual Aggregated,2026-08-17T17:16:10Z
2026-08-17T17:12:16Z,2026-08-17T19:12:16+0200,f372a1fc-a0b6-48c3-b979-dc927b00239d,2026-08-06T14:45:00Z,2026-08-06T16:45:00+0200,2.759,MW,NL,NL,actual_offshore_wind_generation,Wind Offshore | Actual Consumption,2026-08-17T17:16:10Z
2026-08-17T17:12:16Z,2026-08-17T19:12:16+0200,f372a1fc-a0b6-48c3-b979-dc927b00239d,2026-08-06T15:00:00Z,2026-08-06T17:00:00+0200,856.658,MW,NL,NL,actual_offshore_wind_generation,Wind Offshore | Actual Aggregated,2026-08-17T17:16:10Z
2026-08-17T17:12:16Z,2026-08-17T19:12:16+0200,f372a1fc-a0b6-48c3-b979-dc927b00239d,2026-08-06T15:00:00Z,2026-08-06T17:00:00+0200,2.172,MW,NL,NL,actual_offshore_wind_generation,Wind Offshore | Actual Consumption,2026-08-17T17:16:10Z
2026-08-17T17:12:16Z,2026-08-17T19:12:16+0200,f372a1fc-a0b6-48c3-b979-dc927b00239d,2026-08-06T15:15:00Z,2026-08-06T17:15:00+0200,832.831,MW,NL,NL,actual_offshore_wind_generation,Wind Offshore | Actual Aggregated,2026-08-17T17:16:10Z
2026-08-17T17:12:16Z,2026-08-17T19:12:16+0200,f372a1fc-a0b6-48c3-b979-dc927b00239d,2026-08-06T15:15:00Z,2026-08-06T17:15:00+0200,2.293,MW,NL,NL,actual_offshore_wind_generation,Wind Offshore | Actual Consumption,2026-08-17T17:16:10Z
2026-08-17T17:12:16Z,2026-08-17T19:12:16+0200,f372a1fc-a0b6-48c3-b979-dc927b00239d,2026-08-06T15:30:00Z,2026-08-06T17:30:00+0200,932.195,MW,NL,NL,actual_offshore_wind_generation,Wind Offshore | Actual Aggregated,2026-08-17T17:16:10Z
2026-08-17T17:12:16Z,2026-08-17T19:12:16+0200,f372a1fc-a0b6-48c3-b979-dc927b00239d,2026-08-06T15:30:00Z,2026-08-06T17:30:00+0200,2.129,MW,NL,NL,actual_offshore_wind_generation,Wind Offshore | Actual Consumption,2026-08-17T17:16:10Z
2026-08-17T17:12:16Z,2026-08-17T19:12:16+0200,f372a1fc-a0b6-48c3-b979-dc927b00239d,2026-08-06T15:45:00Z,2026-08-06T17:45:00+0200,970.663,MW,NL,NL,actual_offshore_wind_generation,Wind Offshore | Actual Aggregated,2026-08-17T17:16:10Z
2026-08-17T17:12:16Z,2026-08-17T19:12:16+0200,f372a1fc-a0b6-48c3-b979-dc927b00239d,2026-08-06T15:45:00Z,2026-08-06T17:45:00+0200,2.82,MW,NL,NL,actual_offshore_wind_generation,Wind Offshore | Actual Consumption,2026-08-17T17:16:10Z
2026-08-17T17:12:16Z,2026-08-17T19:12:16+0200,f372a1fc-a0b6-48c3-b979-dc927b00239d,2026-08-06T16:00:00Z,2026-08-06T18:00:00+0200,551.184,MW,NL,NL,actual_offshore_wind_generation,Wind Offshore | Actual Aggregated,2026-08-17T17:16:10Z
2026-08-17T17:12:16Z,2026-08-17T19:12:16+0200,f372a1fc-a0b6-48c3-b979-dc927b00239d,2026-08-06T16:00:00Z,2026-08-06T18:00:00+0200,2.258,MW,NL,NL,actual_offshore_wind_generation,Wind Offshore | Actual Consumption,2026-08-17T17:16:10Z
2026-08-17T17:12:16Z,2026-08-17T19:12:16+0200,f372a1fc-a0b6-48c3-b979-dc927b00239d,2026-08-06T16:15:00Z,2026-08-06T18:15:00+0200,764.949,MW,NL,NL,actual_offshore_wind_generation,Wind Offshore | Actual Aggregated,2026-08-17T17:16:10Z
2026-08-17T17:12:16Z,2026-08-17T19:12:16+0200,f372a1fc-a0b6-48c3-b979-dc927b00239d,2026-08-06T16:15:00Z,2026-08-06T18:15:00+0200,2.484,MW,NL,NL,actual_offshore_wind_generation,Wind Offshore | Actual Consumption,2026-08-17T17:16:10Z
2026-08-17T17:12:16Z,2026-08-17T19:12:16+0200,f372a1fc-a0b6-48c3-b979-dc927b00239d,2026-08-06T16:30:00Z,2026-08-06T18:30:00+0200,926.975,MW,NL,NL,actual_offshore_wind_generation,Wind Offshore | Actual Aggregated,2026-08-17T17:16:10Z
2026-08-17T17:12:16Z,2026-08-17T19:12:16+0200,f372a1fc-a0b6-48c3-b979-dc927b00239d,2026-08-06T16:30:00Z,2026-08-06T18:30:00+0200,1.527,MW,NL,NL,actual_offshore_wind_generation,Wind Offshore | Actual Consumption,2026-08-17T17:16:10Z
2026-08-17T17:12:16Z,2026-08-17T19:12:16+0200,f372a1fc-a0b6-48c3-b979-dc927b00239d,2026-08-06T16:45:00Z,2026-08-06T18:45:00+0200,988.447,MW,NL,NL,actual_offshore_wind_generation,Wind Offshore | Actual Aggregated,2026-08-17T17:16:10Z
2026-08-17T17:12:16Z,2026-08-17T19:12:16+0200,f372a1fc-a0b6-48c3-b979-dc927b00239d,2026-08-06T16:45:00Z,2026-08-06T18:45:00+0200,1.563,MW,NL,NL,actual_offshore_wind_generation,Wind Offshore | Actual Consumption,2026-08-17T17:16:10Z
2026-08-17T17:12:16Z,2026-08-17T19:12:16+0200,f372a1fc-a0b6-48c3-b979-dc927b00239d,2026-08-06T17:00:00Z,2026-08-06T19:00:00+0200,909.677,MW,NL,NL,actual_offshore_wind_generation,Wind Offshore | Actual Aggregated,2026-08-17T17:16:10Z
2026-08-17T17:12:16Z,2026-08-17T19:12:16+0200,f372a1fc-a0b6-48c3-b979-dc927b00239d,2026-08-06T17:00:00Z,2026-08-06T19:00:00+0200,1.213,MW,NL,NL,actual_offshore_wind_generation,Wind Offshore | Actual Consumption,2026-08-17T17:16:10Z
2026-08-17T17:12:16Z,2026-08-17T19:12:16+0200,f372a1fc-a0b6-48c3-b979-dc927b00239d,2026-08-06T17:15:00Z,2026-08-06T19:15:00+0200,948.595,MW,NL,NL,actual_offshore_wind_generation,Wind Offshore | Actual Aggregated,2026-08-17T17:16:10Z
2026-08-17T17:12:16Z,2026-08-17T19:12:16+0200,f372a1fc-a0b6-48c3-b979-dc927b00239d,2026-08-06T17:15:00Z,2026-08-06T19:15:00+0200,1.029,MW,NL,NL,actual_offshore_wind_generation,Wind Offshore | Actual Consumption,2026-08-17T17:16:10Z
2026-08-17T17:12:16Z,2026-08-17T19:12:16+0200,f372a1fc-a0b6-48c3-b979-dc927b00239d,2026-08-06T17:30:00Z,2026-08-06T19:30:00+0200,928.83,MW,NL,NL,actual_offshore_wind_generation,Wind Offshore | Actual Aggregated,2026-08-17T17:16:10Z
2026-08-17T17:12:16Z,2026-08-17T19:12:16+0200,f372a1fc-a0b6-48c3-b979-dc927b00239d,2026-08-06T17:30:00Z,2026-08-06T19:30:00+0200,1.964,MW,NL,NL,actual_offshore_wind_generation,Wind Offshore | Actual Consumption,2026-08-17T17:16:10Z
2026-08-17T17:12:16Z,2026-08-17T19:12:16+0200,f372a1fc-a0b6-48c3-b979-dc927b00239d,2026-08-06T17:45:00Z,2026-08-06T19:45:00+0200,797.339,MW,NL,NL,actual_offshore_wind_generation,Wind Offshore | Actual Aggregated,2026-08-17T17:16:10Z
2026-08-17T17:12:16Z,2026-08-17T19:12:16+0200,f372a1fc-a0b6-48c3-b979-dc927b00239d,2026-08-06T17:45:00Z,2026-08-06T19:45:00+0200,0.946,MW,NL,NL,actual_offshore_wind_generation,Wind Offshore | Actual Consumption,2026-08-17T17:16:10Z
2026-08-17T17:12:16Z,2026-08-17T19:12:16+0200,f372a1fc-a0b6-48c3-b979-dc927b00239d,2026-08-06T18:00:00Z,2026-08-06T20:00:00+0200,842.05,MW,NL,NL,actual_offshore_wind_generation,Wind Offshore | Actual Aggregated,2026-08-17T17:16:10Z
2026-08-17T17:12:16Z,2026-08-17T19:12:16+0200,f372a1fc-a0b6-48c3-b979-dc927b00239d,2026-08-06T18:00:00Z,2026-08-06T20:00:00+0200,1.064,MW,NL,NL,actual_offshore_wind_generation,Wind Offshore | Actual Consumption,2026-08-17T17:16:10Z
2026-08-17T17:12:16Z,2026-08-17T19:12:16+0200,f372a1fc-a0b6-48c3-b979-dc927b00239d,2026-08-06T18:15:00Z,2026-08-06T20:15:00+0200,792.87,MW,NL,NL,actual_offshore_wind_generation,Wind Offshore | Actual Aggregated,2026-08-17T17:16:10Z
2026-08-17T17:12:16Z,2026-08-17T19:12:16+0200,f372a1fc-a0b6-48c3-b979-dc927b00239d,2026-08-06T18:15:00Z,2026-08-06T20:15:00+0200,0.881,MW,NL,NL,actual_offshore_wind_generation,Wind Offshore | Actual Consumption,2026-08-17T17:16:10Z
2026-08-17T17:12:16Z,2026-08-17T19:12:16+0200,f372a1fc-a0b6-48c3-b979-dc927b00239d,2026-08-06T18:30:00Z,2026-08-06T20:30:00+0200,798.561,MW,NL,NL,actual_offshore_wind_generation,Wind Offshore | Actual Aggregated,2026-08-17T17:16:10Z
2026-08-17T17:12:16Z,2026-08-17T19:12:16+0200,f372a1fc-a0b6-48c3-b979-dc927b00239d,2026-08-06T18:30:00Z,2026-08-06T20:30:00+0200,0.892,MW,NL,NL,actual_offshore_wind_generation,Wind Offshore | Actual Consumption,2026-08-17T17:16:10Z
2026-08-17T17:12:16Z,2026-08-17T19:12:16+0200,f372a1fc-a0b6-48c3-b979-dc927b00239d,2026-08-06T18:45:00Z,2026-08-06T20:45:00+0200,826.773,MW,NL,NL,actual_offshore_wind_generation,Wind Offshore | Actual Aggregated,2026-08-17T17:16:10Z
2026-08-17T17:12:16Z,2026-08-17T19:12:16+0200,f372a1fc-a0b6-48c3-b979-dc927b00239d,2026-08-06T18:45:00Z,2026-08-06T20:45:00+0200,0.889,MW,NL,NL,actual_offshore_wind_generation,Wind Offshore | Actual Consumption,2026-08-17T17:16:10Z
2026-08-17T17:12:16Z,2026-08-17T19:12:16+0200,f372a1fc-a0b6-48c3-b979-dc927b00239d,2026-08-06T19:00:00Z,2026-08-06T21:00:00+0200,795.299,MW,NL,NL,actual_offshore_wind_generation,Wind Offshore | Actual Aggregated,2026-08-17T17:16:10Z
2026-08-17T17:12:16Z,2026-08-17T19:12:16+0200,f372a1fc-a0b6-48c3-b979-dc927b00239d,2026-08-06T19:00:00Z,2026-08-06T21:00:00+0200,1.61,MW,NL,NL,actual_offshore_wind_generation,Wind Offshore | Actual Consumption,2026-08-17T17:16:10Z
2026-08-17T17:12:16Z,2026-08-17T19:12:16+0200,f372a1fc-a0b6-48c3-b979-dc927b00239d,2026-08-06T19:15:00Z,2026-08-06T21:15:00+0200,737.058,MW,NL,NL,actual_offshore_wind_generation,Wind Offshore | Actual Aggregated,2026-08-17T17:16:10Z
2026-08-17T17:12:16Z,2026-08-17T19:12:16+0200,f372a1fc-a0b6-48c3-b979-dc927b00239d,2026-08-06T19:15:00Z,2026-08-06T21:15:00+0200,2.261,MW,NL,NL,actual_offshore_wind_generation,Wind Offshore | Actual Consumption,2026-08-17T17:16:10Z
2026-08-17T17:12:16Z,2026-08-17T19:12:16+0200,f372a1fc-a0b6-48c3-b979-dc927b00239d,2026-08-06T19:30:00Z,2026-08-06T21:30:00+0200,691.378,MW,NL,NL,actual_offshore_wind_generation,Wind Offshore | Actual Aggregated,2026-08-17T17:16:10Z
2026-08-17T17:12:16Z,2026-08-17T19:12:16+0200,f372a1fc-a0b6-48c3-b979-dc927b00239d,2026-08-06T19:30:00Z,2026-08-06T21:30:00+0200,1.321,MW,NL,NL,actual_offshore_wind_generation,Wind Offshore | Actual Consumption,2026-08-17T17:16:10Z
2026-08-17T17:12:16Z,2026-08-17T19:12:16+0200,f372a1fc-a0b6-48c3-b979-dc927b00239d,2026-08-06T19:45:00Z,2026-08-06T21:45:00+0200,709.935,MW,NL,NL,actual_offshore_wind_generation,Wind Offshore | Actual Aggregated,2026-08-17T17:16:10Z
2026-08-17T17:12:16Z,2026-08-17T19:12:16+0200,f372a1fc-a0b6-48c3-b979-dc927b00239d,2026-08-06T19:45:00Z,2026-08-06T21:45:00+0200,0.901,MW,NL,NL,actual_offshore_wind_generation,Wind Offshore | Actual Consumption,2026-08-17T17:16:10Z
2026-08-17T17:12:16Z,2026-08-17T19:12:16+0200,f372a1fc-a0b6-48c3-b979-dc927b00239d,2026-08-06T20:00:00Z,2026-08-06T22:00:00+0200,703.161,MW,NL,NL,actual_offshore_wind_generation,Wind Offshore | Actual Aggregated,2026-08-17T17:16:10Z
2026-08-17T17:12:16Z,2026-08-17T19:12:16+0200,f372a1fc-a0b6-48c3-b979-dc927b00239d,2026-08-06T20:00:00Z,2026-08-06T22:00:00+0200,1.374,MW,NL,NL,actual_offshore_wind_generation,Wind Offshore | Actual Consumption,2026-08-17T17:16:10Z
2026-08-17T17:12:16Z,2026-08-17T19:12:16+0200,f372a1fc-a0b6-48c3-b979-dc927b00239d,2026-08-06T20:15:00Z,2026-08-06T22:15:00+0200,716.531,MW,NL,NL,actual_offshore_wind_generation,Wind Offshore | Actual Aggregated,2026-08-17T17:16:10Z
2026-08-17T17:12:16Z,2026-08-17T19:12:16+0200,f372a1fc-a0b6-48c3-b979-dc927b00239d,2026-08-06T20:15:00Z,2026-08-06T22:15:00+0200,0.753,MW,NL,NL,actual_offshore_wind_generation,Wind Offshore | Actual Consumption,2026-08-17T17:16:10Z
2026-08-17T17:12:16Z,2026-08-17T19:12:16+0200,f372a1fc-a0b6-48c3-b979-dc927b00239d,2026-08-06T20:30:00Z,2026-08-06T22:30:00+0200,661.656,MW,NL,NL,actual_offshore_wind_generation,Wind Offshore | Actual Aggregated,2026-08-17T17:16:10Z
2026-08-17T17:12:16Z,2026-08-17T19:12:16+0200,f372a1fc-a0b6-48c3-b979-dc927b00239d,2026-08-06T20:30:00Z,2026-08-06T22:30:00+0200,0.563,MW,NL,NL,actual_offshore_wind_generation,Wind Offshore | Actual Consumption,2026-08-17T17:16:10Z
2026-08-17T17:12:16Z,2026-08-17T19:12:16+0200,f372a1fc-a0b6-48c3-b979-dc927b00239d,2026-08-06T20:45:00Z,2026-08-06T22:45:00+0200,605.924,MW,NL,NL,actual_offshore_wind_generation,Wind Offshore | Actual Aggregated,2026-08-17T17:16:10Z
2026-08-17T17:12:16Z,2026-08-17T19:12:16+0200,f372a1fc-a0b6-48c3-b979-dc927b00239d,2026-08-06T20:45:00Z,2026-08-06T22:45:00+0200,4.15,MW,NL,NL,actual_offshore_wind_generation,Wind Offshore | Actual Consumption,2026-08-17T17:16:10Z
2026-08-17T17:12:16Z,2026-08-17T19:12:16+0200,f372a1fc-a0b6-48c3-b979-dc927b00239d,2026-08-06T21:00:00Z,2026-08-06T23:00:00+0200,553.564,MW,NL,NL,actual_offshore_wind_generation,Wind Offshore | Actual Aggregated,2026-08-17T17:16:10Z
2026-08-17T17:12:16Z,2026-08-17T19:12:16+0200,f372a1fc-a0b6-48c3-b979-dc927b00239d,2026-08-06T21:00:00Z,2026-08-06T23:00:00+0200,8.006,MW,NL,NL,actual_offshore_wind_generation,Wind Offshore | Actual Consumption,2026-08-17T17:16:10Z
2026-08-17T17:12:16Z,2026-08-17T19:12:16+0200,f372a1fc-a0b6-48c3-b979-dc927b00239d,2026-08-06T21:15:00Z,2026-08-06T23:15:00+0200,543.192,MW,NL,NL,actual_offshore_wind_generation,Wind Offshore | Actual Aggregated,2026-08-17T17:16:10Z
2026-08-17T17:12:16Z,2026-08-17T19:12:16+0200,f372a1fc-a0b6-48c3-b979-dc927b00239d,2026-08-06T21:15:00Z,2026-08-06T23:15:00+0200,10.609,MW,NL,NL,actual_offshore_wind_generation,Wind Offshore | Actual Consumption,2026-08-17T17:16:10Z
2026-08-17T17:12:16Z,2026-08-17T19:12:16+0200,f372a1fc-a0b6-48c3-b979-dc927b00239d,2026-08-06T21:30:00Z,2026-08-06T23:30:00+0200,562.745,MW,NL,NL,actual_offshore_wind_generation,Wind Offshore | Actual Aggregated,2026-08-17T17:16:10Z
2026-08-17T17:12:16Z,2026-08-17T19:12:16+0200,f372a1fc-a0b6-48c3-b979-dc927b00239d,2026-08-06T21:30:00Z,2026-08-06T23:30:00+0200,10.897,MW,NL,NL,actual_offshore_wind_generation,Wind Offshore | Actual Consumption,2026-08-17T17:16:10Z
2026-08-17T17:12:16Z,2026-08-17T19:12:16+0200,f372a1fc-a0b6-48c3-b979-dc927b00239d,2026-08-06T21:45:00Z,2026-08-06T23:45:00+0200,531.283,MW,NL,NL,actual_offshore_wind_generation,Wind Offshore | Actual Aggregated,2026-08-17T17:16:10Z
2026-08-17T17:12:16Z,2026-08-17T19:12:16+0200,f372a1fc-a0b6-48c3-b979-dc927b00239d,2026-08-06T21:45:00Z,2026-08-06T23:45:00+0200,11.335,MW,NL,NL,actual_offshore_wind_generation,Wind Offshore | Actual Consumption,2026-08-17T17:16:10Z
2026-08-17T17:12:16Z,2026-08-17T19:12:16+0200,f372a1fc-a0b6-48c3-b979-dc927b00239d,2026-08-06T22:00:00Z,2026-08-07T00:00:00+0200,505.588,MW,NL,NL,actual_offshore_wind_generation,Wind Offshore | Actual Aggregated,2026-08-17T17:16:10Z
2026-08-17T17:12:16Z,2026-08-17T19:12:16+0200,f372a1fc-a0b6-48c3-b979-dc927b00239d,2026-08-06T22:00:00Z,2026-08-07T00:00:00+0200,12.324,MW,NL,NL,actual_offshore_wind_generation,Wind Offshore | Actual Consumption,2026-08-17T17:16:10Z
2026-08-17T17:12:16Z,2026-08-17T19:12:16+0200,f372a1fc-a0b6-48c3-b979-dc927b00239d,2026-08-06T22:15:00Z,2026-08-07T00:15:00+0200,511.82,MW,NL,NL,actual_offshore_wind_generation,Wind Offshore | Actual Aggregated,2026-08-17T17:16:10Z
2026-08-17T17:12:16Z,2026-08-17T19:12:16+0200,f372a1fc-a0b6-48c3-b979-dc927b00239d,2026-08-06T22:15:00Z,2026-08-07T00:15:00+0200,13.597,MW,NL,NL,actual_offshore_wind_generation,Wind Offshore | Actual Consumption,2026-08-17T17:16:10Z
2026-08-17T17:12:16Z,2026-08-17T19:12:16+0200,f372a1fc-a0b6-48c3-b979-dc927b00239d,2026-08-06T22:30:00Z,2026-08-07T00:30:00+0200,438.001,MW,NL,NL,actual_offshore_wind_generation,Wind Offshore | Actual Aggregated,2026-08-17T17:16:10Z
2026-08-17T17:12:16Z,2026-08-17T19:12:16+0200,f372a1fc-a0b6-48c3-b979-dc927b00239d,2026-08-06T22:30:00Z,2026-08-07T00:30:00+0200,13.962,MW,NL,NL,actual_offshore_wind_generation,Wind Offshore | Actual Consumption,2026-08-17T17:16:10Z
2026-08-17T17:12:16Z,2026-08-17T19:12:16+0200,f372a1fc-a0b6-48c3-b979-dc927b00239d,2026-08-06T22:45:00Z,2026-08-07T00:45:00+0200,368.583,MW,NL,NL,actual_offshore_wind_generation,Wind Offshore | Actual Aggregated,2026-08-17T17:16:10Z
2026-08-17T17:12:16Z,2026-08-17T19:12:16+0200,f372a1fc-a0b6-48c3-b979-dc927b00239d,2026-08-06T22:45:00Z,2026-08-07T00:45:00+0200,14.467,MW,NL,NL,actual_offshore_wind_generation,Wind Offshore | Actual Consumption,2026-08-17T17:16:10Z
2026-08-17T17:12:16Z,2026-08-17T19:12:16+0200,f372a1fc-a0b6-48c3-b979-dc927b00239d,2026-08-06T23:00:00Z,2026-08-07T01:00:00+0200,315.641,MW,NL,NL,actual_offshore_wind_generation,Wind Offshore | Actual Aggregated,2026-08-17T17:16:10Z
2026-08-17T17:12:16Z,2026-08-17T19:12:16+0200,f372a1fc-a0b6-48c3-b979-dc927b00239d,2026-08-06T23:00:00Z,2026-08-07T01:00:00+0200,13.954,MW,NL,NL,actual_offshore_wind_generation,Wind Offshore | Actual Consumption,2026-08-17T17:16:10Z
2026-08-17T17:12:16Z,2026-08-17T19:12:16+0200,f372a1fc-a0b6-48c3-b979-dc927b00239d,2026-08-06T23:15:00Z,2026-08-07T01:15:00+0200,252.019,MW,NL,NL,actual_offshore_wind_generation,Wind Offshore | Actual Aggregated,2026-08-17T17:16:10Z
2026-08-17T17:12:16Z,2026-08-17T19:12:16+0200,f372a1fc-a0b6-48c3-b979-dc927b00239d,2026-08-06T23:15:00Z,2026-08-07T01:15:00+0200,14.116,MW,NL,NL,actual_offshore_wind_generation,Wind Offshore | Actual Consumption,2026-08-17T17:16:10Z
2026-08-17T17:12:16Z,2026-08-17T19:12:16+0200,f372a1fc-a0b6-48c3-b979-dc927b00239d,2026-08-06T23:30:00Z,2026-08-07T01:30:00+0200,260.888,MW,NL,NL,actual_offshore_wind_generation,Wind Offshore | Actual Aggregated,2026-08-17T17:16:10Z
2026-08-17T17:12:16Z,2026-08-17T19:12:16+0200,f372a1fc-a0b6-48c3-b979-dc927b00239d,2026-08-06T23:30:00Z,2026-08-07T01:30:00+0200,14.139,MW,NL,NL,actual_offshore_wind_generation,Wind Offshore | Actual Consumption,2026-08-17T17:16:10Z
2026-08-17T17:12:16Z,2026-08-17T19:12:16+0200,f372a1fc-a0b6-48c3-b979-dc927b00239d,2026-08-06T23:45:00Z,2026-08-07T01:45:00+0200,284.586,MW,NL,NL,actual_offshore_wind_generation,Wind Offshore | Actual Aggregated,2026-08-17T17:16:10Z
2026-08-17T17:12:16Z,2026-08-17T19:12:16+0200,f372a1fc-a0b6-48c3-b979-dc927b00239d,2026-08-06T23:45:00Z,2026-08-07T01:45:00+0200,14.161,MW,NL,NL,actual_offshore_wind_generation,Wind Offshore | Actual Consumption,2026-08-17T17:16:10Z
2026-08-17T17:12:16Z,2026-08-17T19:12:16+0200,f372a1fc-a0b6-48c3-b979-dc927b00239d,2026-08-07T00:00:00Z,2026-08-07T02:00:00+0200,247.33,MW,NL,NL,actual_offshore_wind_generation,Wind Offshore | Actual Aggregated,2026-08-17T17:16:10Z
2026-08-17T17:12:16Z,2026-08-17T19:12:16+0200,f372a1fc-a0b6-48c3-b979-dc927b00239d,2026-08-07T00:00:00Z,2026-08-07T02:00:00+0200,14.089,MW,NL,NL,actual_offshore_wind_generation,Wind Offshore | Actual Consumption,2026-08-17T17:16:10Z
2026-08-17T17:12:16Z,2026-08-17T19:12:16+0200,f372a1fc-a0b6-48c3-b979-dc927b00239d,2026-08-07T00:15:00Z,2026-08-07T02:15:00+0200,204.587,MW,NL,NL,actual_offshore_wind_generation,Wind Offshore | Actual Aggregated,2026-08-17T17:16:10Z
2026-08-17T17:12:16Z,2026-08-17T19:12:16+0200,f372a1fc-a0b6-48c3-b979-dc927b00239d,2026-08-07T00:15:00Z,2026-08-07T02:15:00+0200,14.086,MW,NL,NL,actual_offshore_wind_generation,Wind Offshore | Actual Consumption,2026-08-17T17:16:10Z
2026-08-17T17:12:16Z,2026-08-17T19:12:16+0200,f372a1fc-a0b6-48c3-b979-dc927b00239d,2026-08-07T00:30:00Z,2026-08-07T02:30:00+0200,183.52,MW,NL,NL,actual_offshore_wind_generation,Wind Offshore | Actual Aggregated,2026-08-17T17:16:10Z
2026-08-17T17:12:16Z,2026-08-17T19:12:16+0200,f372a1fc-a0b6-48c3-b979-dc927b00239d,2026-08-07T00:30:00Z,2026-08-07T02:30:00+0200,14.136,MW,NL,NL,actual_offshore_wind_generation,Wind Offshore | Actual Consumption,2026-08-17T17:16:10Z
2026-08-17T17:12:16Z,2026-08-17T19:12:16+0200,f372a1fc-a0b6-48c3-b979-dc927b00239d,2026-08-07T00:45:00Z,2026-08-07T02:45:00+0200,185.335,MW,NL,NL,actual_offshore_wind_generation,Wind Offshore | Actual Aggregated,2026-08-17T17:16:10Z
2026-08-17T17:12:16Z,2026-08-17T19:12:16+0200,f372a1fc-a0b6-48c3-b979-dc927b00239d,2026-08-07T00:45:00Z,2026-08-07T02:45:00+0200,14.908,MW,NL,NL,actual_offshore_wind_generation,Wind Offshore | Actual Consumption,2026-08-17T17:16:10Z
2026-08-17T17:12:16Z,2026-08-17T19:12:16+0200,f372a1fc-a0b6-48c3-b979-dc927b00239d,2026-08-07T01:00:00Z,2026-08-07T03:00:00+0200,124.799,MW,NL,NL,actual_offshore_wind_generation,Wind Offshore | Actual Aggregated,2026-08-17T17:16:10Z
2026-08-17T17:12:16Z,2026-08-17T19:12:16+0200,f372a1fc-a0b6-48c3-b979-dc927b00239d,2026-08-07T01:00:00Z,2026-08-07T03:00:00+0200,21.174,MW,NL,NL,actual_offshore_wind_generation,Wind Offshore | Actual Consumption,2026-08-17T17:16:10Z
2026-08-17T17:12:16Z,2026-08-17T19:12:16+0200,f372a1fc-a0b6-48c3-b979-dc927b00239d,2026-08-07T01:15:00Z,2026-08-07T03:15:00+0200,84.232,MW,NL,NL,actual_offshore_wind_generation,Wind Offshore | Actual Aggregated,2026-08-17T17:16:10Z
2026-08-17T17:12:16Z,2026-08-17T19:12:16+0200,f372a1fc-a0b6-48c3-b979-dc927b00239d,2026-08-07T01:15:00Z,2026-08-07T03:15:00+0200,24.543,MW,NL,NL,actual_offshore_wind_generation,Wind Offshore | Actual Consumption,2026-08-17T17:16:10Z
2026-08-17T17:12:16Z,2026-08-17T19:12:16+0200,f372a1fc-a0b6-48c3-b979-dc927b00239d,2026-08-07T01:30:00Z,2026-08-07T03:30:00+0200,92.078,MW,NL,NL,actual_offshore_wind_generation,Wind Offshore | Actual Aggregated,2026-08-17T17:16:10Z
2026-08-17T17:12:16Z,2026-08-17T19:12:16+0200,f372a1fc-a0b6-48c3-b979-dc927b00239d,2026-08-07T01:30:00Z,2026-08-07T03:30:00+0200,25.5,MW,NL,NL,actual_offshore_wind_generation,Wind Offshore | Actual Consumption,2026-08-17T17:16:10Z
2026-08-17T17:12:16Z,2026-08-17T19:12:16+0200,f372a1fc-a0b6-48c3-b979-dc927b00239d,2026-08-07T01:45:00Z,2026-08-07T03:45:00+0200,88.029,MW,NL,NL,actual_offshore_wind_generation,Wind Offshore | Actual Aggregated,2026-08-17T17:16:10Z
2026-08-17T17:12:16Z,2026-08-17T19:12:16+0200,f372a1fc-a0b6-48c3-b979-dc927b00239d,2026-08-07T01:45:00Z,2026-08-07T03:45:00+0200,27.086,MW,NL,NL,actual_offshore_wind_generation,Wind Offshore | Actual Consumption,2026-08-17T17:16:10Z
2026-08-17T17:12:16Z,2026-08-17T19:12:16+0200,f372a1fc-a0b6-48c3-b979-dc927b00239d,2026-08-07T02:00:00Z,2026-08-07T04:00:00+0200,70.562,MW,NL,NL,actual_offshore_wind_generation,Wind Offshore | Actual Aggregated,2026-08-17T17:16:10Z
2026-08-17T17:12:16Z,2026-08-17T19:12:16+0200,f372a1fc-a0b6-48c3-b979-dc927b00239d,2026-08-07T02:00:00Z,2026-08-07T04:00:00+0200,26.793,MW,NL,NL,actual_offshore_wind_generation,Wind Offshore | Actual Consumption,2026-08-17T17:16:10Z
2026-08-17T17:12:16Z,2026-08-17T19:12:16+0200,f372a1fc-a0b6-48c3-b979-dc927b00239d,2026-08-07T02:15:00Z,2026-08-07T04:15:00+0200,89.038,MW,NL,NL,actual_offshore_wind_generation,Wind Offshore | Actual Aggregated,2026-08-17T17:16:10Z
2026-08-17T17:12:16Z,2026-08-17T19:12:16+0200,f372a1fc-a0b6-48c3-b979-dc927b00239d,2026-08-07T02:15:00Z,2026-08-07T04:15:00+0200,25.423,MW,NL,NL,actual_offshore_wind_generation,Wind Offshore | Actual Consumption,2026-08-17T17:16:10Z
2026-08-17T17:12:16Z,2026-08-17T19:12:16+0200,f372a1fc-a0b6-48c3-b979-dc927b00239d,2026-08-07T02:30:00Z,2026-08-07T04:30:00+0200,130.692,MW,NL,NL,actual_offshore_wind_generation,Wind Offshore | Actual Aggregated,2026-08-17T17:16:10Z
2026-08-17T17:12:16Z,2026-08-17T19:12:16+0200,f372a1fc-a0b6-48c3-b979-dc927b00239d,2026-08-07T02:30:00Z,2026-08-07T04:30:00+0200,23.127,MW,NL,NL,actual_offshore_wind_generation,Wind Offshore | Actual Consumption,2026-08-17T17:16:10Z
2026-08-17T17:12:16Z,2026-08-17T19:12:16+0200,f372a1fc-a0b6-48c3-b979-dc927b00239d,2026-08-07T02:45:00Z,2026-08-07T04:45:00+0200,168.829,MW,NL,NL,actual_offshore_wind_generation,Wind Offshore | Actual Aggregated,2026-08-17T17:16:10Z
2026-08-17T17:12:16Z,2026-08-17T19:12:16+0200,f372a1fc-a0b6-48c3-b979-dc927b00239d,2026-08-07T02:45:00Z,2026-08-07T04:45:00+0200,16.479,MW,NL,NL,actual_offshore_wind_generation,Wind Offshore | Actual Consumption,2026-08-17T17:16:10Z
2026-08-17T17:12:16Z,2026-08-17T19:12:16+0200,f372a1fc-a0b6-48c3-b979-dc927b00239d,2026-08-07T03:00:00Z,2026-08-07T05:00:00+0200,194.466,MW,NL,NL,actual_offshore_wind_generation,Wind Offshore | Actual Aggregated,2026-08-17T17:16:10Z
2026-08-17T17:12:16Z,2026-08-17T19:12:16+0200,f372a1fc-a0b6-48c3-b979-dc927b00239d,2026-08-07T03:00:00Z,2026-08-07T05:00:00+0200,13.133,MW,NL,NL,actual_offshore_wind_generation,Wind Offshore | Actual Consumption,2026-08-17T17:16:10Z
2026-08-17T17:12:16Z,2026-08-17T19:12:16+0200,f372a1fc-a0b6-48c3-b979-dc927b00239d,2026-08-07T03:15:00Z,2026-08-07T05:15:00+0200,192.263,MW,NL,NL,actual_offshore_wind_generation,Wind Offshore | Actual Aggregated,2026-08-17T17:16:10Z
2026-08-17T17:12:16Z,2026-08-17T19:12:16+0200,f372a1fc-a0b6-48c3-b979-dc927b00239d,2026-08-07T03:15:00Z,2026-08-07T05:15:00+0200,13.061,MW,NL,NL,actual_offshore_wind_generation,Wind Offshore | Actual Consumption,2026-08-17T17:16:10Z
2026-08-17T17:12:16Z,2026-08-17T19:12:16+0200,f372a1fc-a0b6-48c3-b979-dc927b00239d,2026-08-07T03:30:00Z,2026-08-07T05:30:00+0200,218.632,MW,NL,NL,actual_offshore_wind_generation,Wind Offshore | Actual Aggregated,2026-08-17T17:16:10Z
2026-08-17T17:12:16Z,2026-08-17T19:12:16+0200,f372a1fc-a0b6-48c3-b979-dc927b00239d,2026-08-07T03:30:00Z,2026-08-07T05:30:00+0200,13.732,MW,NL,NL,actual_offshore_wind_generation,Wind Offshore | Actual Consumption,2026-08-17T17:16:10Z
2026-08-17T17:12:16Z,2026-08-17T19:12:16+0200,f372a1fc-a0b6-48c3-b979-dc927b00239d,2026-08-07T03:45:00Z,2026-08-07T05:45:00+0200,217.693,MW,NL,NL,actual_offshore_wind_generation,Wind Offshore | Actual Aggregated,2026-08-17T17:16:10Z
2026-08-17T17:12:16Z,2026-08-17T19:12:16+0200,f372a1fc-a0b6-48c3-b979-dc927b00239d,2026-08-07T03:45:00Z,2026-08-07T05:45:00+0200,12.64,MW,NL,NL,actual_offshore_wind_generation,Wind Offshore | Actual Consumption,2026-08-17T17:16:10Z
2026-08-17T17:12:16Z,2026-08-17T19:12:16+0200,f372a1fc-a0b6-48c3-b979-dc927b00239d,2026-08-07T04:00:00Z,2026-08-07T06:00:00+0200,227.886,MW,NL,NL,actual_offshore_wind_generation,Wind Offshore | Actual Aggregated,2026-08-17T17:16:10Z
2026-08-17T17:12:16Z,2026-08-17T19:12:16+0200,f372a1fc-a0b6-48c3-b979-dc927b00239d,2026-08-07T04:00:00Z,2026-08-07T06:00:00+0200,13.674,MW,NL,NL,actual_offshore_wind_generation,Wind Offshore | Actual Consumption,2026-08-17T17:16:10Z
2026-08-17T17:12:16Z,2026-08-17T19:12:16+0200,f372a1fc-a0b6-48c3-b979-dc927b00239d,2026-08-07T04:15:00Z,2026-08-07T06:15:00+0200,241.085,MW,NL,NL,actual_offshore_wind_generation,Wind Offshore | Actual Aggregated,2026-08-17T17:16:10Z
2026-08-17T17:12:16Z,2026-08-17T19:12:16+0200,f372a1fc-a0b6-48c3-b979-dc927b00239d,2026-08-07T04:15:00Z,2026-08-07T06:15:00+0200,16.688,MW,NL,NL,actual_offshore_wind_generation,Wind Offshore | Actual Consumption,2026-08-17T17:16:10Z
2026-08-17T17:12:16Z,2026-08-17T19:12:16+0200,f372a1fc-a0b6-48c3-b979-dc927b00239d,2026-08-07T04:30:00Z,2026-08-07T06:30:00+0200,281.663,MW,NL,NL,actual_offshore_wind_generation,Wind Offshore | Actual Aggregated,2026-08-17T17:16:10Z
2026-08-17T17:12:16Z,2026-08-17T19:12:16+0200,f372a1fc-a0b6-48c3-b979-dc927b00239d,2026-08-07T04:30:00Z,2026-08-07T06:30:00+0200,15.262,MW,NL,NL,actual_offshore_wind_generation,Wind Offshore | Actual Consumption,2026-08-17T17:16:10Z
2026-08-17T17:12:16Z,2026-08-17T19:12:16+0200,f372a1fc-a0b6-48c3-b979-dc927b00239d,2026-08-07T04:45:00Z,2026-08-07T06:45:00+0200,325.692,MW,NL,NL,actual_offshore_wind_generation,Wind Offshore | Actual Aggregated,2026-08-17T17:16:10Z
2026-08-17T17:12:16Z,2026-08-17T19:12:16+0200,f372a1fc-a0b6-48c3-b979-dc927b00239d,2026-08-07T04:45:00Z,2026-08-07T06:45:00+0200,13.718,MW,NL,NL,actual_offshore_wind_generation,Wind Offshore | Actual Consumption,2026-08-17T17:16:10Z
2026-08-17T17:12:16Z,2026-08-17T19:12:16+0200,f372a1fc-a0b6-48c3-b979-dc927b00239d,2026-08-07T05:00:00Z,2026-08-07T07:00:00+0200,300.485,MW,NL,NL,actual_offshore_wind_generation,Wind Offshore | Actual Aggregated,2026-08-17T17:16:10Z
2026-08-17T17:12:16Z,2026-08-17T19:12:16+0200,f372a1fc-a0b6-48c3-b979-dc927b00239d,2026-08-07T05:00:00Z,2026-08-07T07:00:00+0200,13.116,MW,NL,NL,actual_offshore_wind_generation,Wind Offshore | Actual Consumption,2026-08-17T17:16:10Z
2026-08-17T17:12:16Z,2026-08-17T19:12:16+0200,f372a1fc-a0b6-48c3-b979-dc927b00239d,2026-08-07T05:15:00Z,2026-08-07T07:15:00+0200,249.66,MW,NL,NL,actual_offshore_wind_generation,Wind Offshore | Actual Aggregated,2026-08-17T17:16:10Z
2026-08-17T17:12:16Z,2026-08-17T19:12:16+0200,f372a1fc-a0b6-48c3-b979-dc927b00239d,2026-08-07T05:15:00Z,2026-08-07T07:15:00+0200,12.917,MW,NL,NL,actual_offshore_wind_generation,Wind Offshore | Actual Consumption,2026-08-17T17:16:10Z
2026-08-17T17:12:16Z,2026-08-17T19:12:16+0200,f372a1fc-a0b6-48c3-b979-dc927b00239d,2026-08-07T05:30:00Z,2026-08-07T07:30:00+0200,224.005,MW,NL,NL,actual_offshore_wind_generation,Wind Offshore | Actual Aggregated,2026-08-17T17:16:10Z
2026-08-17T17:12:16Z,2026-08-17T19:12:16+0200,f372a1fc-a0b6-48c3-b979-dc927b00239d,2026-08-07T05:30:00Z,2026-08-07T07:30:00+0200,15.068,MW,NL,NL,actual_offshore_wind_generation,Wind Offshore | Actual Consumption,2026-08-17T17:16:10Z
2026-08-17T17:12:16Z,2026-08-17T19:12:16+0200,f372a1fc-a0b6-48c3-b979-dc927b00239d,2026-08-07T05:45:00Z,2026-08-07T07:45:00+0200,207.646,MW,NL,NL,actual_offshore_wind_generation,Wind Offshore | Actual Aggregated,2026-08-17T17:16:10Z
2026-08-17T17:12:16Z,2026-08-17T19:12:16+0200,f372a1fc-a0b6-48c3-b979-dc927b00239d,2026-08-07T05:45:00Z,2026-08-07T07:45:00+0200,19.254,MW,NL,NL,actual_offshore_wind_generation,Wind Offshore | Actual Consumption,2026-08-17T17:16:10Z
2026-08-17T17:12:16Z,2026-08-17T19:12:16+0200,f372a1fc-a0b6-48c3-b979-dc927b00239d,2026-08-07T06:00:00Z,2026-08-07T08:00:00+0200,161.82,MW,NL,NL,actual_offshore_wind_generation,Wind Offshore | Actual Aggregated,2026-08-17T17:16:10Z
2026-08-17T17:12:16Z,2026-08-17T19:12:16+0200,f372a1fc-a0b6-48c3-b979-dc927b00239d,2026-08-07T06:00:00Z,2026-08-07T08:00:00+0200,20.262,MW,NL,NL,actual_offshore_wind_generation,Wind Offshore | Actual Consumption,2026-08-17T17:16:10Z
2026-08-17T17:12:16Z,2026-08-17T19:12:16+0200,f372a1fc-a0b6-48c3-b979-dc927b00239d,2026-08-07T06:15:00Z,2026-08-07T08:15:00+0200,153.836,MW,NL,NL,actual_offshore_wind_generation,Wind Offshore | Actual Aggregated,2026-08-17T17:16:10Z
2026-08-17T17:12:16Z,2026-08-17T19:12:16+0200,f372a1fc-a0b6-48c3-b979-dc927b00239d,2026-08-07T06:15:00Z,2026-08-07T08:15:00+0200,19.797,MW,NL,NL,actual_offshore_wind_generation,Wind Offshore | Actual Consumption,2026-08-17T17:16:10Z
2026-08-17T17:12:16Z,2026-08-17T19:12:16+0200,f372a1fc-a0b6-48c3-b979-dc927b00239d,2026-08-07T06:30:00Z,2026-08-07T08:30:00+0200,149.807,MW,NL,NL,actual_offshore_wind_generation,Wind Offshore | Actual Aggregated,2026-08-17T17:16:10Z
2026-08-17T17:12:16Z,2026-08-17T19:12:16+0200,f372a1fc-a0b6-48c3-b979-dc927b00239d,2026-08-07T06:30:00Z,2026-08-07T08:30:00+0200,18.671,MW,NL,NL,actual_offshore_wind_generation,Wind Offshore | Actual Consumption,2026-08-17T17:16:10Z
2026-08-17T17:12:16Z,2026-08-17T19:12:16+0200,f372a1fc-a0b6-48c3-b979-dc927b00239d,2026-08-07T06:45:00Z,2026-08-07T08:45:00+0200,180.424,MW,NL,NL,actual_offshore_wind_generation,Wind Offshore | Actual Aggregated,2026-08-17T17:16:10Z
2026-08-17T17:12:16Z,2026-08-17T19:12:16+0200,f372a1fc-a0b6-48c3-b979-dc927b00239d,2026-08-07T06:45:00Z,2026-08-07T08:45:00+0200,19.317,MW,NL,NL,actual_offshore_wind_generation,Wind Offshore | Actual Consumption,2026-08-17T17:16:10Z
2026-08-17T17:12:16Z,2026-08-17T19:12:16+0200,f372a1fc-a0b6-48c3-b979-dc927b00239d,2026-08-07T07:00:00Z,2026-08-07T09:00:00+0200,200.178,MW,NL,NL,actual_offshore_wind_generation,Wind Offshore | Actual Aggregated,2026-08-17T17:16:10Z
2026-08-17T17:12:16Z,2026-08-17T19:12:16+0200,f372a1fc-a0b6-48c3-b979-dc927b00239d,2026-08-07T07:00:00Z,2026-08-07T09:00:00+0200,17.884,MW,NL,NL,actual_offshore_wind_generation,Wind Offshore | Actual Consumption,2026-08-17T17:16:10Z
2026-08-17T17:12:16Z,2026-08-17T19:12:16+0200,f372a1fc-a0b6-48c3-b979-dc927b00239d,2026-08-07T07:15:00Z,2026-08-07T09:15:00+0200,218.198,MW,NL,NL,actual_offshore_wind_generation,Wind Offshore | Actual Aggregated,2026-08-17T17:16:10Z
2026-08-17T17:12:16Z,2026-08-17T19:12:16+0200,f372a1fc-a0b6-48c3-b979-dc927b00239d,2026-08-07T07:15:00Z,2026-08-07T09:15:00+0200,16.557,MW,NL,NL,actual_offshore_wind_generation,Wind Offshore | Actual Consumption,2026-08-17T17:16:10Z
2026-08-17T17:12:16Z,2026-08-17T19:12:16+0200,f372a1fc-a0b6-48c3-b979-dc927b00239d,2026-08-07T07:30:00Z,2026-08-07T09:30:00+0200,245.558,MW,NL,NL,actual_offshore_wind_generation,Wind Offshore | Actual Aggregated,2026-08-17T17:16:10Z
2026-08-17T17:12:16Z,2026-08-17T19:12:16+0200,f372a1fc-a0b6-48c3-b979-dc927b00239d,2026-08-07T07:30:00Z,2026-08-07T09:30:00+0200,16.787,MW,NL,NL,actual_offshore_wind_generation,Wind Offshore | Actual Consumption,2026-08-17T17:16:10Z
2026-08-17T17:12:16Z,2026-08-17T19:12:16+0200,f372a1fc-a0b6-48c3-b979-dc927b00239d,2026-08-07T07:45:00Z,2026-08-07T09:45:00+0200,310.134,MW,NL,NL,actual_offshore_wind_generation,Wind Offshore | Actual Aggregated,2026-08-17T17:16:10Z
2026-08-17T17:12:16Z,2026-08-17T19:12:16+0200,f372a1fc-a0b6-48c3-b979-dc927b00239d,2026-08-07T07:45:00Z,2026-08-07T09:45:00+0200,14.568,MW,NL,NL,actual_offshore_wind_generation,Wind Offshore | Actual Consumption,2026-08-17T17:16:10Z
2026-08-17T17:12:16Z,2026-08-17T19:12:16+0200,f372a1fc-a0b6-48c3-b979-dc927b00239d,2026-08-07T08:00:00Z,2026-08-07T10:00:00+0200,331.689,MW,NL,NL,actual_offshore_wind_generation,Wind Offshore | Actual Aggregated,2026-08-17T17:16:10Z
2026-08-17T17:12:16Z,2026-08-17T19:12:16+0200,f372a1fc-a0b6-48c3-b979-dc927b00239d,2026-08-07T08:00:00Z,2026-08-07T10:00:00+0200,13.771,MW,NL,NL,actual_offshore_wind_generation,Wind Offshore | Actual Consumption,2026-08-17T17:16:10Z
2026-08-17T17:12:16Z,2026-08-17T19:12:16+0200,f372a1fc-a0b6-48c3-b979-dc927b00239d,2026-08-07T08:15:00Z,2026-08-07T10:15:00+0200,333.14,MW,NL,NL,actual_offshore_wind_generation,Wind Offshore | Actual Aggregated,2026-08-17T17:16:10Z
2026-08-17T17:12:16Z,2026-08-17T19:12:16+0200,f372a1fc-a0b6-48c3-b979-dc927b00239d,2026-08-07T08:15:00Z,2026-08-07T10:15:00+0200,13.009,MW,NL,NL,actual_offshore_wind_generation,Wind Offshore | Actual Consumption,2026-08-17T17:16:10Z
2026-08-17T17:12:16Z,2026-08-17T19:12:16+0200,f372a1fc-a0b6-48c3-b979-dc927b00239d,2026-08-07T08:30:00Z,2026-08-07T10:30:00+0200,338.049,MW,NL,NL,actual_offshore_wind_generation,Wind Offshore | Actual Aggregated,2026-08-17T17:16:10Z
2026-08-17T17:12:16Z,2026-08-17T19:12:16+0200,f372a1fc-a0b6-48c3-b979-dc927b00239d,2026-08-07T08:30:00Z,2026-08-07T10:30:00+0200,11.135,MW,NL,NL,actual_offshore_wind_generation,Wind Offshore | Actual Consumption,2026-08-17T17:16:10Z
2026-08-17T17:12:16Z,2026-08-17T19:12:16+0200,f372a1fc-a0b6-48c3-b979-dc927b00239d,2026-08-07T08:45:00Z,2026-08-07T10:45:00+0200,367.747,MW,NL,NL,actual_offshore_wind_generation,Wind Offshore | Actual Aggregated,2026-08-17T17:16:10Z
2026-08-17T17:12:16Z,2026-08-17T19:12:16+0200,f372a1fc-a0b6-48c3-b979-dc927b00239d,2026-08-07T08:45:00Z,2026-08-07T10:45:00+0200,9.275,MW,NL,NL,actual_offshore_wind_generation,Wind Offshore | Actual Consumption,2026-08-17T17:16:10Z
2026-08-17T17:12:16Z,2026-08-17T19:12:16+0200,f372a1fc-a0b6-48c3-b979-dc927b00239d,2026-08-07T09:00:00Z,2026-08-07T11:00:00+0200,359.039,MW,NL,NL,actual_offshore_wind_generation,Wind Offshore | Actual Aggregated,2026-08-17T17:16:10Z
2026-08-17T17:12:16Z,2026-08-17T19:12:16+0200,f372a1fc-a0b6-48c3-b979-dc927b00239d,2026-08-07T09:00:00Z,2026-08-07T11:00:00+0200,8.522,MW,NL,NL,actual_offshore_wind_generation,Wind Offshore | Actual Consumption,2026-08-17T17:16:10Z
2026-08-17T17:12:16Z,2026-08-17T19:12:16+0200,f372a1fc-a0b6-48c3-b979-dc927b00239d,2026-08-07T09:15:00Z,2026-08-07T11:15:00+0200,316.939,MW,NL,NL,actual_offshore_wind_generation,Wind Offshore | Actual Aggregated,2026-08-17T17:16:10Z
2026-08-17T17:12:16Z,2026-08-17T19:12:16+0200,f372a1fc-a0b6-48c3-b979-dc927b00239d,2026-08-07T09:15:00Z,2026-08-07T11:15:00+0200,7.314,MW,NL,NL,actual_offshore_wind_generation,Wind Offshore | Actual Consumption,2026-08-17T17:16:10Z
2026-08-17T17:12:16Z,2026-08-17T19:12:16+0200,f372a1fc-a0b6-48c3-b979-dc927b00239d,2026-08-07T09:30:00Z,2026-08-07T11:30:00+0200,262.185,MW,NL,NL,actual_offshore_wind_generation,Wind Offshore | Actual Aggregated,2026-08-17T17:16:10Z
2026-08-17T17:12:16Z,2026-08-17T19:12:16+0200,f372a1fc-a0b6-48c3-b979-dc927b00239d,2026-08-07T09:30:00Z,2026-08-07T11:30:00+0200,6.667,MW,NL,NL,actual_offshore_wind_generation,Wind Offshore | Actual Consumption,2026-08-17T17:16:10Z
2026-08-17T17:12:16Z,2026-08-17T19:12:16+0200,f372a1fc-a0b6-48c3-b979-dc927b00239d,2026-08-07T09:45:00Z,2026-08-07T11:45:00+0200,208.769,MW,NL,NL,actual_offshore_wind_generation,Wind Offshore | Actual Aggregated,2026-08-17T17:16:10Z
2026-08-17T17:12:16Z,2026-08-17T19:12:16+0200,f372a1fc-a0b6-48c3-b979-dc927b00239d,2026-08-07T09:45:00Z,2026-08-07T11:45:00+0200,8.246,MW,NL,NL,actual_offshore_wind_generation,Wind Offshore | Actual Consumption,2026-08-17T17:16:10Z
2026-08-17T17:12:16Z,2026-08-17T19:12:16+0200,f372a1fc-a0b6-48c3-b979-dc927b00239d,2026-08-07T10:00:00Z,2026-08-07T12:00:00+0200,193.905,MW,NL,NL,actual_offshore_wind_generation,Wind Offshore | Actual Aggregated,2026-08-17T17:16:10Z
2026-08-17T17:12:16Z,2026-08-17T19:12:16+0200,f372a1fc-a0b6-48c3-b979-dc927b00239d,2026-08-07T10:00:00Z,2026-08-07T12:00:00+0200,5.792,MW,NL,NL,actual_offshore_wind_generation,Wind Offshore | Actual Consumption,2026-08-17T17:16:10Z
2026-08-17T17:12:16Z,2026-08-17T19:12:16+0200,f372a1fc-a0b6-48c3-b979-dc927b00239d,2026-08-07T10:15:00Z,2026-08-07T12:15:00+0200,196.18,MW,NL,NL,actual_offshore_wind_generation,Wind Offshore | Actual Aggregated,2026-08-17T17:16:10Z
2026-08-17T17:12:16Z,2026-08-17T19:12:16+0200,f372a1fc-a0b6-48c3-b979-dc927b00239d,2026-08-07T10:15:00Z,2026-08-07T12:15:00+0200,6.91,MW,NL,NL,actual_offshore_wind_generation,Wind Offshore | Actual Consumption,2026-08-17T17:16:10Z
2026-08-17T17:12:16Z,2026-08-17T19:12:16+0200,f372a1fc-a0b6-48c3-b979-dc927b00239d,2026-08-07T10:30:00Z,2026-08-07T12:30:00+0200,209.045,MW,NL,NL,actual_offshore_wind_generation,Wind Offshore | Actual Aggregated,2026-08-17T17:16:10Z
2026-08-17T17:12:16Z,2026-08-17T19:12:16+0200,f372a1fc-a0b6-48c3-b979-dc927b00239d,2026-08-07T10:30:00Z,2026-08-07T12:30:00+0200,8.42,MW,NL,NL,actual_offshore_wind_generation,Wind Offshore | Actual Consumption,2026-08-17T17:16:10Z
2026-08-17T17:12:16Z,2026-08-17T19:12:16+0200,f372a1fc-a0b6-48c3-b979-dc927b00239d,2026-08-07T10:45:00Z,2026-08-07T12:45:00+0200,243.245,MW,NL,NL,actual_offshore_wind_generation,Wind Offshore | Actual Aggregated,2026-08-17T17:16:10Z
2026-08-17T17:12:16Z,2026-08-17T19:12:16+0200,f372a1fc-a0b6-48c3-b979-dc927b00239d,2026-08-07T10:45:00Z,2026-08-07T12:45:00+0200,9.719,MW,NL,NL,actual_offshore_wind_generation,Wind Offshore | Actual Consumption,2026-08-17T17:16:10Z
2026-08-17T17:12:16Z,2026-08-17T19:12:16+0200,f372a1fc-a0b6-48c3-b979-dc927b00239d,2026-08-07T11:00:00Z,2026-08-07T13:00:00+0200,247.803,MW,NL,NL,actual_offshore_wind_generation,Wind Offshore | Actual Aggregated,2026-08-17T17:16:10Z
2026-08-17T17:12:16Z,2026-08-17T19:12:16+0200,f372a1fc-a0b6-48c3-b979-dc927b00239d,2026-08-07T11:00:00Z,2026-08-07T13:00:00+0200,11.149,MW,NL,NL,actual_offshore_wind_generation,Wind Offshore | Actual Consumption,2026-08-17T17:16:10Z
2026-08-17T17:12:16Z,2026-08-17T19:12:16+0200,f372a1fc-a0b6-48c3-b979-dc927b00239d,2026-08-07T11:15:00Z,2026-08-07T13:15:00+0200,232.5,MW,NL,NL,actual_offshore_wind_generation,Wind Offshore | Actual Aggregated,2026-08-17T17:16:10Z
2026-08-17T17:12:16Z,2026-08-17T19:12:16+0200,f372a1fc-a0b6-48c3-b979-dc927b00239d,2026-08-07T11:15:00Z,2026-08-07T13:15:00+0200,12.588,MW,NL,NL,actual_offshore_wind_generation,Wind Offshore | Actual Consumption,2026-08-17T17:16:10Z
2026-08-17T17:12:16Z,2026-08-17T19:12:16+0200,f372a1fc-a0b6-48c3-b979-dc927b00239d,2026-08-07T11:30:00Z,2026-08-07T13:30:00+0200,206.676,MW,NL,NL,actual_offshore_wind_generation,Wind Offshore | Actual Aggregated,2026-08-17T17:16:10Z
2026-08-17T17:12:16Z,2026-08-17T19:12:16+0200,f372a1fc-a0b6-48c3-b979-dc927b00239d,2026-08-07T11:30:00Z,2026-08-07T13:30:00+0200,12.531,MW,NL,NL,actual_offshore_wind_generation,Wind Offshore | Actual Consumption,2026-08-17T17:16:10Z
2026-08-17T17:12:16Z,2026-08-17T19:12:16+0200,f372a1fc-a0b6-48c3-b979-dc927b00239d,2026-08-07T11:45:00Z,2026-08-07T13:45:00+0200,189.59,MW,NL,NL,actual_offshore_wind_generation,Wind Offshore | Actual Aggregated,2026-08-17T17:16:10Z
2026-08-17T17:12:16Z,2026-08-17T19:12:16+0200,f372a1fc-a0b6-48c3-b979-dc927b00239d,2026-08-07T11:45:00Z,2026-08-07T13:45:00+0200,13.959,MW,NL,NL,actual_offshore_wind_generation,Wind Offshore | Actual Consumption,2026-08-17T17:16:10Z
2026-08-17T17:12:16Z,2026-08-17T19:12:16+0200,f372a1fc-a0b6-48c3-b979-dc927b00239d,2026-08-07T12:00:00Z,2026-08-07T14:00:00+0200,173.323,MW,NL,NL,actual_offshore_wind_generation,Wind Offshore | Actual Aggregated,2026-08-17T17:16:10Z
2026-08-17T17:12:16Z,2026-08-17T19:12:16+0200,f372a1fc-a0b6-48c3-b979-dc927b00239d,2026-08-07T12:00:00Z,2026-08-07T14:00:00+0200,16.206,MW,NL,NL,actual_offshore_wind_generation,Wind Offshore | Actual Consumption,2026-08-17T17:16:10Z
2026-08-17T17:12:16Z,2026-08-17T19:12:16+0200,f372a1fc-a0b6-48c3-b979-dc927b00239d,2026-08-07T12:15:00Z,2026-08-07T14:15:00+0200,149.418,MW,NL,NL,actual_offshore_wind_generation,Wind Offshore | Actual Aggregated,2026-08-17T17:16:10Z
2026-08-17T17:12:16Z,2026-08-17T19:12:16+0200,f372a1fc-a0b6-48c3-b979-dc927b00239d,2026-08-07T12:15:00Z,2026-08-07T14:15:00+0200,19.503,MW,NL,NL,actual_offshore_wind_generation,Wind Offshore | Actual Consumption,2026-08-17T17:16:10Z
2026-08-17T17:12:16Z,2026-08-17T19:12:16+0200,f372a1fc-a0b6-48c3-b979-dc927b00239d,2026-08-07T12:30:00Z,2026-08-07T14:30:00+0200,136.851,MW,NL,NL,actual_offshore_wind_generation,Wind Offshore | Actual Aggregated,2026-08-17T17:16:10Z
2026-08-17T17:12:16Z,2026-08-17T19:12:16+0200,f372a1fc-a0b6-48c3-b979-dc927b00239d,2026-08-07T12:30:00Z,2026-08-07T14:30:00+0200,19.871,MW,NL,NL,actual_offshore_wind_generation,Wind Offshore | Actual Consumption,2026-08-17T17:16:10Z
2026-08-17T17:12:16Z,2026-08-17T19:12:16+0200,f372a1fc-a0b6-48c3-b979-dc927b00239d,2026-08-07T12:45:00Z,2026-08-07T14:45:00+0200,121.975,MW,NL,NL,actual_offshore_wind_generation,Wind Offshore | Actual Aggregated,2026-08-17T17:16:10Z
2026-08-17T17:12:16Z,2026-08-17T19:12:16+0200,f372a1fc-a0b6-48c3-b979-dc927b00239d,2026-08-07T12:45:00Z,2026-08-07T14:45:00+0200,21.369,MW,NL,NL,actual_offshore_wind_generation,Wind Offshore | Actual Consumption,2026-08-17T17:16:10Z
2026-08-17T17:12:16Z,2026-08-17T19:12:16+0200,f372a1fc-a0b6-48c3-b979-dc927b00239d,2026-08-07T13:00:00Z,2026-08-07T15:00:00+0200,112.847,MW,NL,NL,actual_offshore_wind_generation,Wind Offshore | Actual Aggregated,2026-08-17T17:16:10Z
2026-08-17T17:12:16Z,2026-08-17T19:12:16+0200,f372a1fc-a0b6-48c3-b979-dc927b00239d,2026-08-07T13:00:00Z,2026-08-07T15:00:00+0200,17.887,MW,NL,NL,actual_offshore_wind_generation,Wind Offshore | Actual Consumption,2026-08-17T17:16:10Z
2026-08-17T17:12:16Z,2026-08-17T19:12:16+0200,f372a1fc-a0b6-48c3-b979-dc927b00239d,2026-08-07T13:15:00Z,2026-08-07T15:15:00+0200,101.74,MW,NL,NL,actual_offshore_wind_generation,Wind Offshore | Actual Aggregated,2026-08-17T17:16:10Z
2026-08-17T17:12:16Z,2026-08-17T19:12:16+0200,f372a1fc-a0b6-48c3-b979-dc927b00239d,2026-08-07T13:15:00Z,2026-08-07T15:15:00+0200,19.407,MW,NL,NL,actual_offshore_wind_generation,Wind Offshore | Actual Consumption,2026-08-17T17:16:10Z
2026-08-17T17:12:16Z,2026-08-17T19:12:16+0200,f372a1fc-a0b6-48c3-b979-dc927b00239d,2026-08-07T13:30:00Z,2026-08-07T15:30:00+0200,102.352,MW,NL,NL,actual_offshore_wind_generation,Wind Offshore | Actual Aggregated,2026-08-17T17:16:10Z
2026-08-17T17:12:16Z,2026-08-17T19:12:16+0200,f372a1fc-a0b6-48c3-b979-dc927b00239d,2026-08-07T13:30:00Z,2026-08-07T15:30:00+0200,19.586,MW,NL,NL,actual_offshore_wind_generation,Wind Offshore | Actual Consumption,2026-08-17T17:16:10Z
2026-08-17T17:12:16Z,2026-08-17T19:12:16+0200,f372a1fc-a0b6-48c3-b979-dc927b00239d,2026-08-07T13:45:00Z,2026-08-07T15:45:00+0200,108.724,MW,NL,NL,actual_offshore_wind_generation,Wind Offshore | Actual Aggregated,2026-08-17T17:16:10Z
2026-08-17T17:12:16Z,2026-08-17T19:12:16+0200,f372a1fc-a0b6-48c3-b979-dc927b00239d,2026-08-07T13:45:00Z,2026-08-07T15:45:00+0200,17.963,MW,NL,NL,actual_offshore_wind_generation,Wind Offshore | Actual Consumption,2026-08-17T17:16:10Z
2026-08-17T17:12:16Z,2026-08-17T19:12:16+0200,f372a1fc-a0b6-48c3-b979-dc927b00239d,2026-08-07T14:00:00Z,2026-08-07T16:00:00+0200,106.21,MW,NL,NL,actual_offshore_wind_generation,Wind Offshore | Actual Aggregated,2026-08-17T17:16:10Z
2026-08-17T17:12:16Z,2026-08-17T19:12:16+0200,f372a1fc-a0b6-48c3-b979-dc927b00239d,2026-08-07T14:00:00Z,2026-08-07T16:00:00+0200,17.668,MW,NL,NL,actual_offshore_wind_generation,Wind Offshore | Actual Consumption,2026-08-17T17:16:10Z
2026-08-17T17:12:16Z,2026-08-17T19:12:16+0200,f372a1fc-a0b6-48c3-b979-dc927b00239d,2026-08-07T14:15:00Z,2026-08-07T16:15:00+0200,98.69,MW,NL,NL,actual_offshore_wind_generation,Wind Offshore | Actual Aggregated,2026-08-17T17:16:10Z
2026-08-17T17:12:16Z,2026-08-17T19:12:16+0200,f372a1fc-a0b6-48c3-b979-dc927b00239d,2026-08-07T14:15:00Z,2026-08-07T16:15:00+0200,20.074,MW,NL,NL,actual_offshore_wind_generation,Wind Offshore | Actual Consumption,2026-08-17T17:16:10Z
2026-08-17T17:12:16Z,2026-08-17T19:12:16+0200,f372a1fc-a0b6-48c3-b979-dc927b00239d,2026-08-07T14:30:00Z,2026-08-07T16:30:00+0200,104.178,MW,NL,NL,actual_offshore_wind_generation,Wind Offshore | Actual Aggregated,2026-08-17T17:16:10Z
2026-08-17T17:12:16Z,2026-08-17T19:12:16+0200,f372a1fc-a0b6-48c3-b979-dc927b00239d,2026-08-07T14:30:00Z,2026-08-07T16:30:00+0200,21.315,MW,NL,NL,actual_offshore_wind_generation,Wind Offshore | Actual Consumption,2026-08-17T17:16:10Z
2026-08-17T17:12:16Z,2026-08-17T19:12:16+0200,f372a1fc-a0b6-48c3-b979-dc927b00239d,2026-08-07T14:45:00Z,2026-08-07T16:45:00+0200,87.741,MW,NL,NL,actual_offshore_wind_generation,Wind Offshore | Actual Aggregated,2026-08-17T17:16:10Z
2026-08-17T17:12:16Z,2026-08-17T19:12:16+0200,f372a1fc-a0b6-48c3-b979-dc927b00239d,2026-08-07T14:45:00Z,2026-08-07T16:45:00+0200,23.801,MW,NL,NL,actual_offshore_wind_generation,Wind Offshore | Actual Consumption,2026-08-17T17:16:10Z
2026-08-17T17:12:16Z,2026-08-17T19:12:16+0200,f372a1fc-a0b6-48c3-b979-dc927b00239d,2026-08-07T15:00:00Z,2026-08-07T17:00:00+0200,71.103,MW,NL,NL,actual_offshore_wind_generation,Wind Offshore | Actual Aggregated,2026-08-17T17:16:10Z
2026-08-17T17:12:16Z,2026-08-17T19:12:16+0200,f372a1fc-a0b6-48c3-b979-dc927b00239d,2026-08-07T15:00:00Z,2026-08-07T17:00:00+0200,28.741,MW,NL,NL,actual_offshore_wind_generation,Wind Offshore | Actual Consumption,2026-08-17T17:16:10Z
2026-08-17T17:12:16Z,2026-08-17T19:12:16+0200,f372a1fc-a0b6-48c3-b979-dc927b00239d,2026-08-07T15:15:00Z,2026-08-07T17:15:00+0200,56.024,MW,NL,NL,actual_offshore_wind_generation,Wind Offshore | Actual Aggregated,2026-08-17T17:16:10Z
2026-08-17T17:12:16Z,2026-08-17T19:12:16+0200,f372a1fc-a0b6-48c3-b979-dc927b00239d,2026-08-07T15:15:00Z,2026-08-07T17:15:00+0200,26.978,MW,NL,NL,actual_offshore_wind_generation,Wind Offshore | Actual Consumption,2026-08-17T17:16:10Z
2026-08-17T17:12:16Z,2026-08-17T19:12:16+0200,f372a1fc-a0b6-48c3-b979-dc927b00239d,2026-08-07T15:30:00Z,2026-08-07T17:30:00+0200,41.727,MW,NL,NL,actual_offshore_wind_generation,Wind Offshore | Actual Aggregated,2026-08-17T17:16:10Z
2026-08-17T17:12:16Z,2026-08-17T19:12:16+0200,f372a1fc-a0b6-48c3-b979-dc927b00239d,2026-08-07T15:30:00Z,2026-08-07T17:30:00+0200,29.668,MW,NL,NL,actual_offshore_wind_generation,Wind Offshore | Actual Consumption,2026-08-17T17:16:10Z
2026-08-17T17:12:16Z,2026-08-17T19:12:16+0200,f372a1fc-a0b6-48c3-b979-dc927b00239d,2026-08-07T15:45:00Z,2026-08-07T17:45:00+0200,31.865,MW,NL,NL,actual_offshore_wind_generation,Wind Offshore | Actual Aggregated,2026-08-17T17:16:10Z
2026-08-17T17:12:16Z,2026-08-17T19:12:16+0200,f372a1fc-a0b6-48c3-b979-dc927b00239d,2026-08-07T15:45:00Z,2026-08-07T17:45:00+0200,29.764,MW,NL,NL,actual_offshore_wind_generation,Wind Offshore | Actual Consumption,2026-08-17T17:16:10Z
2026-08-17T17:12:16Z,2026-08-17T19:12:16+0200,f372a1fc-a0b6-48c3-b979-dc927b00239d,2026-08-07T16:00:00Z,2026-08-07T18:00:00+0200,33.822,MW,NL,NL,actual_offshore_wind_generation,Wind Offshore | Actual Aggregated,2026-08-17T17:16:10Z
2026-08-17T17:12:16Z,2026-08-17T19:12:16+0200,f372a1fc-a0b6-48c3-b979-dc927b00239d,2026-08-07T16:00:00Z,2026-08-07T18:00:00+0200,28.359,MW,NL,NL,actual_offshore_wind_generation,Wind Offshore | Actual Consumption,2026-08-17T17:16:10Z
2026-08-17T17:12:16Z,2026-08-17T19:12:16+0200,f372a1fc-a0b6-48c3-b979-dc927b00239d,2026-08-07T16:15:00Z,2026-08-07T18:15:00+0200,31.239,MW,NL,NL,actual_offshore_wind_generation,Wind Offshore | Actual Aggregated,2026-08-17T17:16:10Z
2026-08-17T17:12:16Z,2026-08-17T19:12:16+0200,f372a1fc-a0b6-48c3-b979-dc927b00239d,2026-08-07T16:15:00Z,2026-08-07T18:15:00+0200,27.443,MW,NL,NL,actual_offshore_wind_generation,Wind Offshore | Actual Consumption,2026-08-17T17:16:10Z
2026-08-17T17:12:16Z,2026-08-17T19:12:16+0200,f372a1fc-a0b6-48c3-b979-dc927b00239d,2026-08-07T16:30:00Z,2026-08-07T18:30:00+0200,32.107,MW,NL,NL,actual_offshore_wind_generation,Wind Offshore | Actual Aggregated,2026-08-17T17:16:10Z
2026-08-17T17:12:16Z,2026-08-17T19:12:16+0200,f372a1fc-a0b6-48c3-b979-dc927b00239d,2026-08-07T16:30:00Z,2026-08-07T18:30:00+0200,28.099,MW,NL,NL,actual_offshore_wind_generation,Wind Offshore | Actual Consumption,2026-08-17T17:16:10Z
2026-08-17T17:12:16Z,2026-08-17T19:12:16+0200,f372a1fc-a0b6-48c3-b979-dc927b00239d,2026-08-07T16:45:00Z,2026-08-07T18:45:00+0200,32.67,MW,NL,NL,actual_offshore_wind_generation,Wind Offshore | Actual Aggregated,2026-08-17T17:16:10Z
2026-08-17T17:12:16Z,2026-08-17T19:12:16+0200,f372a1fc-a0b6-48c3-b979-dc927b00239d,2026-08-07T16:45:00Z,2026-08-07T18:45:00+0200,29.733,MW,NL,NL,actual_offshore_wind_generation,Wind Offshore | Actual Consumption,2026-08-17T17:16:10Z
2026-08-17T17:12:16Z,2026-08-17T19:12:16+0200,f372a1fc-a0b6-48c3-b979-dc927b00239d,2026-08-07T17:00:00Z,2026-08-07T19:00:00+0200,30.901,MW,NL,NL,actual_offshore_wind_generation,Wind Offshore | Actual Aggregated,2026-08-17T17:16:10Z
2026-08-17T17:12:16Z,2026-08-17T19:12:16+0200,f372a1fc-a0b6-48c3-b979-dc927b00239d,2026-08-07T17:00:00Z,2026-08-07T19:00:00+0200,28.57,MW,NL,NL,actual_offshore_wind_generation,Wind Offshore | Actual Consumption,2026-08-17T17:16:10Z
2026-08-17T17:12:16Z,2026-08-17T19:12:16+0200,f372a1fc-a0b6-48c3-b979-dc927b00239d,2026-08-07T17:15:00Z,2026-08-07T19:15:00+0200,33.461,MW,NL,NL,actual_offshore_wind_generation,Wind Offshore | Actual Aggregated,2026-08-17T17:16:10Z
2026-08-17T17:12:16Z,2026-08-17T19:12:16+0200,f372a1fc-a0b6-48c3-b979-dc927b00239d,2026-08-07T17:15:00Z,2026-08-07T19:15:00+0200,27.071,MW,NL,NL,actual_offshore_wind_generation,Wind Offshore | Actual Consumption,2026-08-17T17:16:10Z
2026-08-17T17:12:16Z,2026-08-17T19:12:16+0200,f372a1fc-a0b6-48c3-b979-dc927b00239d,2026-08-07T17:30:00Z,2026-08-07T19:30:00+0200,37.405,MW,NL,NL,actual_offshore_wind_generation,Wind Offshore | Actual Aggregated,2026-08-17T17:16:10Z
2026-08-17T17:12:16Z,2026-08-17T19:12:16+0200,f372a1fc-a0b6-48c3-b979-dc927b00239d,2026-08-07T17:30:00Z,2026-08-07T19:30:00+0200,25.223,MW,NL,NL,actual_offshore_wind_generation,Wind Offshore | Actual Consumption,2026-08-17T17:16:10Z
2026-08-17T17:12:16Z,2026-08-17T19:12:16+0200,f372a1fc-a0b6-48c3-b979-dc927b00239d,2026-08-07T17:45:00Z,2026-08-07T19:45:00+0200,40.623,MW,NL,NL,actual_offshore_wind_generation,Wind Offshore | Actual Aggregated,2026-08-17T17:16:10Z
2026-08-17T17:12:16Z,2026-08-17T19:12:16+0200,f372a1fc-a0b6-48c3-b979-dc927b00239d,2026-08-07T17:45:00Z,2026-08-07T19:45:00+0200,22.562,MW,NL,NL,actual_offshore_wind_generation,Wind Offshore | Actual Consumption,2026-08-17T17:16:10Z
2026-08-17T17:12:16Z,2026-08-17T19:12:16+0200,f372a1fc-a0b6-48c3-b979-dc927b00239d,2026-08-07T18:00:00Z,2026-08-07T20:00:00+0200,35.816,MW,NL,NL,actual_offshore_wind_generation,Wind Offshore | Actual Aggregated,2026-08-17T17:16:10Z
2026-08-17T17:12:16Z,2026-08-17T19:12:16+0200,f372a1fc-a0b6-48c3-b979-dc927b00239d,2026-08-07T18:00:00Z,2026-08-07T20:00:00+0200,23.824,MW,NL,NL,actual_offshore_wind_generation,Wind Offshore | Actual Consumption,2026-08-17T17:16:10Z
2026-08-17T17:12:16Z,2026-08-17T19:12:16+0200,f372a1fc-a0b6-48c3-b979-dc927b00239d,2026-08-07T18:15:00Z,2026-08-07T20:15:00+0200,35.058,MW,NL,NL,actual_offshore_wind_generation,Wind Offshore | Actual Aggregated,2026-08-17T17:16:10Z
2026-08-17T17:12:16Z,2026-08-17T19:12:16+0200,f372a1fc-a0b6-48c3-b979-dc927b00239d,2026-08-07T18:15:00Z,2026-08-07T20:15:00+0200,22.721,MW,NL,NL,actual_offshore_wind_generation,Wind Offshore | Actual Consumption,2026-08-17T17:16:10Z
2026-08-17T17:12:16Z,2026-08-17T19:12:16+0200,f372a1fc-a0b6-48c3-b979-dc927b00239d,2026-08-07T18:30:00Z,2026-08-07T20:30:00+0200,35.01,MW,NL,NL,actual_offshore_wind_generation,Wind Offshore | Actual Aggregated,2026-08-17T17:16:10Z
2026-08-17T17:12:16Z,2026-08-17T19:12:16+0200,f372a1fc-a0b6-48c3-b979-dc927b00239d,2026-08-07T18:30:00Z,2026-08-07T20:30:00+0200,23.609,MW,NL,NL,actual_offshore_wind_generation,Wind Offshore | Actual Consumption,2026-08-17T17:16:10Z
2026-08-17T17:12:16Z,2026-08-17T19:12:16+0200,f372a1fc-a0b6-48c3-b979-dc927b00239d,2026-08-07T18:45:00Z,2026-08-07T20:45:00+0200,36.283,MW,NL,NL,actual_offshore_wind_generation,Wind Offshore | Actual Aggregated,2026-08-17T17:16:10Z
2026-08-17T17:12:16Z,2026-08-17T19:12:16+0200,f372a1fc-a0b6-48c3-b979-dc927b00239d,2026-08-07T18:45:00Z,2026-08-07T20:45:00+0200,25.339,MW,NL,NL,actual_offshore_wind_generation,Wind Offshore | Actual Consumption,2026-08-17T17:16:10Z
2026-08-17T17:12:16Z,2026-08-17T19:12:16+0200,f372a1fc-a0b6-48c3-b979-dc927b00239d,2026-08-07T19:00:00Z,2026-08-07T21:00:00+0200,39.06,MW,NL,NL,actual_offshore_wind_generation,Wind Offshore | Actual Aggregated,2026-08-17T17:16:10Z
2026-08-17T17:12:16Z,2026-08-17T19:12:16+0200,f372a1fc-a0b6-48c3-b979-dc927b00239d,2026-08-07T19:00:00Z,2026-08-07T21:00:00+0200,27.706,MW,NL,NL,actual_offshore_wind_generation,Wind Offshore | Actual Consumption,2026-08-17T17:16:10Z
2026-08-17T17:12:16Z,2026-08-17T19:12:16+0200,f372a1fc-a0b6-48c3-b979-dc927b00239d,2026-08-07T19:15:00Z,2026-08-07T21:15:00+0200,38.004,MW,NL,NL,actual_offshore_wind_generation,Wind Offshore | Actual Aggregated,2026-08-17T17:16:10Z
2026-08-17T17:12:16Z,2026-08-17T19:12:16+0200,f372a1fc-a0b6-48c3-b979-dc927b00239d,2026-08-07T19:15:00Z,2026-08-07T21:15:00+0200,28.337,MW,NL,NL,actual_offshore_wind_generation,Wind Offshore | Actual Consumption,2026-08-17T17:16:10Z
2026-08-17T17:12:16Z,2026-08-17T19:12:16+0200,f372a1fc-a0b6-48c3-b979-dc927b00239d,2026-08-07T19:30:00Z,2026-08-07T21:30:00+0200,41.325,MW,NL,NL,actual_offshore_wind_generation,Wind Offshore | Actual Aggregated,2026-08-17T17:16:10Z
2026-08-17T17:12:16Z,2026-08-17T19:12:16+0200,f372a1fc-a0b6-48c3-b979-dc927b00239d,2026-08-07T19:30:00Z,2026-08-07T21:30:00+0200,29.309,MW,NL,NL,actual_offshore_wind_generation,Wind Offshore | Actual Consumption,2026-08-17T17:16:10Z
2026-08-17T17:12:16Z,2026-08-17T19:12:16+0200,f372a1fc-a0b6-48c3-b979-dc927b00239d,2026-08-07T19:45:00Z,2026-08-07T21:45:00+0200,40.801,MW,NL,NL,actual_offshore_wind_generation,Wind Offshore | Actual Aggregated,2026-08-17T17:16:10Z
2026-08-17T17:12:16Z,2026-08-17T19:12:16+0200,f372a1fc-a0b6-48c3-b979-dc927b00239d,2026-08-07T19:45:00Z,2026-08-07T21:45:00+0200,30.346,MW,NL,NL,actual_offshore_wind_generation,Wind Offshore | Actual Consumption,2026-08-17T17:16:10Z
2026-08-17T17:12:16Z,2026-08-17T19:12:16+0200,f372a1fc-a0b6-48c3-b979-dc927b00239d,2026-08-07T20:00:00Z,2026-08-07T22:00:00+0200,37.5,MW,NL,NL,actual_offshore_wind_generation,Wind Offshore | Actual Aggregated,2026-08-17T17:16:10Z
2026-08-17T17:12:16Z,2026-08-17T19:12:16+0200,f372a1fc-a0b6-48c3-b979-dc927b00239d,2026-08-07T20:00:00Z,2026-08-07T22:00:00+0200,29.445,MW,NL,NL,actual_offshore_wind_generation,Wind Offshore | Actual Consumption,2026-08-17T17:16:10Z
2026-08-17T17:12:16Z,2026-08-17T19:12:16+0200,f372a1fc-a0b6-48c3-b979-dc927b00239d,2026-08-07T20:15:00Z,2026-08-07T22:15:00+0200,30.173,MW,NL,NL,actual_offshore_wind_generation,Wind Offshore | Actual Aggregated,2026-08-17T17:16:10Z
2026-08-17T17:12:16Z,2026-08-17T19:12:16+0200,f372a1fc-a0b6-48c3-b979-dc927b00239d,2026-08-07T20:15:00Z,2026-08-07T22:15:00+0200,28.204,MW,NL,NL,actual_offshore_wind_generation,Wind Offshore | Actual Consumption,2026-08-17T17:16:10Z
2026-08-17T17:12:16Z,2026-08-17T19:12:16+0200,f372a1fc-a0b6-48c3-b979-dc927b00239d,2026-08-07T20:30:00Z,2026-08-07T22:30:00+0200,28.678,MW,NL,NL,actual_offshore_wind_generation,Wind Offshore | Actual Aggregated,2026-08-17T17:16:10Z
2026-08-17T17:12:16Z,2026-08-17T19:12:16+0200,f372a1fc-a0b6-48c3-b979-dc927b00239d,2026-08-07T20:30:00Z,2026-08-07T22:30:00+0200,26.414,MW,NL,NL,actual_offshore_wind_generation,Wind Offshore | Actual Consumption,2026-08-17T17:16:10Z
2026-08-17T17:12:16Z,2026-08-17T19:12:16+0200,f372a1fc-a0b6-48c3-b979-dc927b00239d,2026-08-07T20:45:00Z,2026-08-07T22:45:00+0200,28.945,MW,NL,NL,actual_offshore_wind_generation,Wind Offshore | Actual Aggregated,2026-08-17T17:16:10Z
2026-08-17T17:12:16Z,2026-08-17T19:12:16+0200,f372a1fc-a0b6-48c3-b979-dc927b00239d,2026-08-07T20:45:00Z,2026-08-07T22:45:00+0200,24.662,MW,NL,NL,actual_offshore_wind_generation,Wind Offshore | Actual Consumption,2026-08-17T17:16:10Z
2026-08-17T17:12:16Z,2026-08-17T19:12:16+0200,f372a1fc-a0b6-48c3-b979-dc927b00239d,2026-08-07T21:00:00Z,2026-08-07T23:00:00+0200,23.897,MW,NL,NL,actual_offshore_wind_generation,Wind Offshore | Actual Aggregated,2026-08-17T17:16:10Z
2026-08-17T17:12:16Z,2026-08-17T19:12:16+0200,f372a1fc-a0b6-48c3-b979-dc927b00239d,2026-08-07T21:00:00Z,2026-08-07T23:00:00+0200,24.785,MW,NL,NL,actual_offshore_wind_generation,Wind Offshore | Actual Consumption,2026-08-17T17:16:10Z
2026-08-17T17:12:16Z,2026-08-17T19:12:16+0200,f372a1fc-a0b6-48c3-b979-dc927b00239d,2026-08-07T21:15:00Z,2026-08-07T23:15:00+0200,22.138,MW,NL,NL,actual_offshore_wind_generation,Wind Offshore | Actual Aggregated,2026-08-17T17:16:10Z
2026-08-17T17:12:16Z,2026-08-17T19:12:16+0200,f372a1fc-a0b6-48c3-b979-dc927b00239d,2026-08-07T21:15:00Z,2026-08-07T23:15:00+0200,24.357,MW,NL,NL,actual_offshore_wind_generation,Wind Offshore | Actual Consumption,2026-08-17T17:16:10Z
2026-08-17T17:12:16Z,2026-08-17T19:12:16+0200,f372a1fc-a0b6-48c3-b979-dc927b00239d,2026-08-07T21:30:00Z,2026-08-07T23:30:00+0200,15.13,MW,NL,NL,actual_offshore_wind_generation,Wind Offshore | Actual Aggregated,2026-08-17T17:16:10Z
2026-08-17T17:12:16Z,2026-08-17T19:12:16+0200,f372a1fc-a0b6-48c3-b979-dc927b00239d,2026-08-07T21:30:00Z,2026-08-07T23:30:00+0200,25.167,MW,NL,NL,actual_offshore_wind_generation,Wind Offshore | Actual Consumption,2026-08-17T17:16:10Z
2026-08-17T17:12:16Z,2026-08-17T19:12:16+0200,f372a1fc-a0b6-48c3-b979-dc927b00239d,2026-08-07T21:45:00Z,2026-08-07T23:45:00+0200,13.846,MW,NL,NL,actual_offshore_wind_generation,Wind Offshore | Actual Aggregated,2026-08-17T17:16:10Z
2026-08-17T17:12:16Z,2026-08-17T19:12:16+0200,f372a1fc-a0b6-48c3-b979-dc927b00239d,2026-08-07T21:45:00Z,2026-08-07T23:45:00+0200,25.828,MW,NL,NL,actual_offshore_wind_generation,Wind Offshore | Actual Consumption,2026-08-17T17:16:10Z
2026-08-17T17:12:16Z,2026-08-17T19:12:16+0200,f372a1fc-a0b6-48c3-b979-dc927b00239d,2026-08-07T22:00:00Z,2026-08-08T00:00:00+0200,12.27,MW,NL,NL,actual_offshore_wind_generation,Wind Offshore | Actual Aggregated,2026-08-17T17:16:10Z
2026-08-17T17:12:16Z,2026-08-17T19:12:16+0200,f372a1fc-a0b6-48c3-b979-dc927b00239d,2026-08-07T22:00:00Z,2026-08-08T00:00:00+0200,26.679,MW,NL,NL,actual_offshore_wind_generation,Wind Offshore | Actual Consumption,2026-08-17T17:16:10Z
2026-08-17T17:12:16Z,2026-08-17T19:12:16+0200,f372a1fc-a0b6-48c3-b979-dc927b00239d,2026-08-07T22:15:00Z,2026-08-08T00:15:00+0200,16.783,MW,NL,NL,actual_offshore_wind_generation,Wind Offshore | Actual Aggregated,2026-08-17T17:16:10Z
2026-08-17T17:12:16Z,2026-08-17T19:12:16+0200,f372a1fc-a0b6-48c3-b979-dc927b00239d,2026-08-07T22:15:00Z,2026-08-08T00:15:00+0200,26.396,MW,NL,NL,actual_offshore_wind_generation,Wind Offshore | Actual Consumption,2026-08-17T17:16:10Z
2026-08-17T17:12:16Z,2026-08-17T19:12:16+0200,f372a1fc-a0b6-48c3-b979-dc927b00239d,2026-08-07T22:30:00Z,2026-08-08T00:30:00+0200,20.953,MW,NL,NL,actual_offshore_wind_generation,Wind Offshore | Actual Aggregated,2026-08-17T17:16:10Z
2026-08-17T17:12:16Z,2026-08-17T19:12:16+0200,f372a1fc-a0b6-48c3-b979-dc927b00239d,2026-08-07T22:30:00Z,2026-08-08T00:30:00+0200,26.388,MW,NL,NL,actual_offshore_wind_generation,Wind Offshore | Actual Consumption,2026-08-17T17:16:10Z
2026-08-17T17:12:16Z,2026-08-17T19:12:16+0200,f372a1fc-a0b6-48c3-b979-dc927b00239d,2026-08-07T22:45:00Z,2026-08-08T00:45:00+0200,30.124,MW,NL,NL,actual_offshore_wind_generation,Wind Offshore | Actual Aggregated,2026-08-17T17:16:10Z
2026-08-17T17:12:16Z,2026-08-17T19:12:16+0200,f372a1fc-a0b6-48c3-b979-dc927b00239d,2026-08-07T22:45:00Z,2026-08-08T00:45:00+0200,25.539,MW,NL,NL,actual_offshore_wind_generation,Wind Offshore | Actual Consumption,2026-08-17T17:16:10Z
2026-08-17T17:12:16Z,2026-08-17T19:12:16+0200,f372a1fc-a0b6-48c3-b979-dc927b00239d,2026-08-07T23:00:00Z,2026-08-08T01:00:00+0200,39.526,MW,NL,NL,actual_offshore_wind_generation,Wind Offshore | Actual Aggregated,2026-08-17T17:16:10Z
2026-08-17T17:12:16Z,2026-08-17T19:12:16+0200,f372a1fc-a0b6-48c3-b979-dc927b00239d,2026-08-07T23:00:00Z,2026-08-08T01:00:00+0200,23.898,MW,NL,NL,actual_offshore_wind_generation,Wind Offshore | Actual Consumption,2026-08-17T17:16:10Z
2026-08-17T17:12:16Z,2026-08-17T19:12:16+0200,f372a1fc-a0b6-48c3-b979-dc927b00239d,2026-08-07T23:15:00Z,2026-08-08T01:15:00+0200,48.724,MW,NL,NL,actual_offshore_wind_generation,Wind Offshore | Actual Aggregated,2026-08-17T17:16:10Z
2026-08-17T17:12:16Z,2026-08-17T19:12:16+0200,f372a1fc-a0b6-48c3-b979-dc927b00239d,2026-08-07T23:15:00Z,2026-08-08T01:15:00+0200,22.128,MW,NL,NL,actual_offshore_wind_generation,Wind Offshore | Actual Consumption,2026-08-17T17:16:10Z
2026-08-17T17:12:16Z,2026-08-17T19:12:16+0200,f372a1fc-a0b6-48c3-b979-dc927b00239d,2026-08-07T23:30:00Z,2026-08-08T01:30:00+0200,90.259,MW,NL,NL,actual_offshore_wind_generation,Wind Offshore | Actual Aggregated,2026-08-17T17:16:10Z
2026-08-17T17:12:16Z,2026-08-17T19:12:16+0200,f372a1fc-a0b6-48c3-b979-dc927b00239d,2026-08-07T23:30:00Z,2026-08-08T01:30:00+0200,20.643,MW,NL,NL,actual_offshore_wind_generation,Wind Offshore | Actual Consumption,2026-08-17T17:16:10Z
2026-08-17T17:12:16Z,2026-08-17T19:12:16+0200,f372a1fc-a0b6-48c3-b979-dc927b00239d,2026-08-07T23:45:00Z,2026-08-08T01:45:00+0200,134.838,MW,NL,NL,actual_offshore_wind_generation,Wind Offshore | Actual Aggregated,2026-08-17T17:16:10Z
2026-08-17T17:12:16Z,2026-08-17T19:12:16+0200,f372a1fc-a0b6-48c3-b979-dc927b00239d,2026-08-07T23:45:00Z,2026-08-08T01:45:00+0200,21.793,MW,NL,NL,actual_offshore_wind_generation,Wind Offshore | Actual Consumption,2026-08-17T17:16:10Z
2026-08-17T17:12:16Z,2026-08-17T19:12:16+0200,f372a1fc-a0b6-48c3-b979-dc927b00239d,2026-08-08T00:00:00Z,2026-08-08T02:00:00+0200,154.211,MW,NL,NL,actual_offshore_wind_generation,Wind Offshore | Actual Aggregated,2026-08-17T17:16:10Z
2026-08-17T17:12:16Z,2026-08-17T19:12:16+0200,f372a1fc-a0b6-48c3-b979-dc927b00239d,2026-08-08T00:00:00Z,2026-08-08T02:00:00+0200,21.708,MW,NL,NL,actual_offshore_wind_generation,Wind Offshore | Actual Consumption,2026-08-17T17:16:10Z
2026-08-17T17:12:16Z,2026-08-17T19:12:16+0200,f372a1fc-a0b6-48c3-b979-dc927b00239d,2026-08-08T00:15:00Z,2026-08-08T02:15:00+0200,163.972,MW,NL,NL,actual_offshore_wind_generation,Wind Offshore | Actual Aggregated,2026-08-17T17:16:10Z
2026-08-17T17:12:16Z,2026-08-17T19:12:16+0200,f372a1fc-a0b6-48c3-b979-dc927b00239d,2026-08-08T00:15:00Z,2026-08-08T02:15:00+0200,21.875,MW,NL,NL,actual_offshore_wind_generation,Wind Offshore | Actual Consumption,2026-08-17T17:16:10Z
2026-08-17T17:12:16Z,2026-08-17T19:12:16+0200,f372a1fc-a0b6-48c3-b979-dc927b00239d,2026-08-08T00:30:00Z,2026-08-08T02:30:00+0200,166.716,MW,NL,NL,actual_offshore_wind_generation,Wind Offshore | Actual Aggregated,2026-08-17T17:16:10Z
2026-08-17T17:12:16Z,2026-08-17T19:12:16+0200,f372a1fc-a0b6-48c3-b979-dc927b00239d,2026-08-08T00:30:00Z,2026-08-08T02:30:00+0200,22.905,MW,NL,NL,actual_offshore_wind_generation,Wind Offshore | Actual Consumption,2026-08-17T17:16:10Z
2026-08-17T17:12:16Z,2026-08-17T19:12:16+0200,f372a1fc-a0b6-48c3-b979-dc927b00239d,2026-08-08T00:45:00Z,2026-08-08T02:45:00+0200,177.285,MW,NL,NL,actual_offshore_wind_generation,Wind Offshore | Actual Aggregated,2026-08-17T17:16:10Z
2026-08-17T17:12:16Z,2026-08-17T19:12:16+0200,f372a1fc-a0b6-48c3-b979-dc927b00239d,2026-08-08T00:45:00Z,2026-08-08T02:45:00+0200,22.927,MW,NL,NL,actual_offshore_wind_generation,Wind Offshore | Actual Consumption,2026-08-17T17:16:10Z
2026-08-17T17:12:16Z,2026-08-17T19:12:16+0200,f372a1fc-a0b6-48c3-b979-dc927b00239d,2026-08-08T01:00:00Z,2026-08-08T03:00:00+0200,204.633,MW,NL,NL,actual_offshore_wind_generation,Wind Offshore | Actual Aggregated,2026-08-17T17:16:10Z
2026-08-17T17:12:16Z,2026-08-17T19:12:16+0200,f372a1fc-a0b6-48c3-b979-dc927b00239d,2026-08-08T01:00:00Z,2026-08-08T03:00:00+0200,20.407,MW,NL,NL,actual_offshore_wind_generation,Wind Offshore | Actual Consumption,2026-08-17T17:16:10Z
2026-08-17T17:12:16Z,2026-08-17T19:12:16+0200,f372a1fc-a0b6-48c3-b979-dc927b00239d,2026-08-08T01:15:00Z,2026-08-08T03:15:00+0200,228.891,MW,NL,NL,actual_offshore_wind_generation,Wind Offshore | Actual Aggregated,2026-08-17T17:16:10Z
2026-08-17T17:12:16Z,2026-08-17T19:12:16+0200,f372a1fc-a0b6-48c3-b979-dc927b00239d,2026-08-08T01:15:00Z,2026-08-08T03:15:00+0200,17.279,MW,NL,NL,actual_offshore_wind_generation,Wind Offshore | Actual Consumption,2026-08-17T17:16:10Z
2026-08-17T17:12:16Z,2026-08-17T19:12:16+0200,f372a1fc-a0b6-48c3-b979-dc927b00239d,2026-08-08T01:30:00Z,2026-08-08T03:30:00+0200,238.587,MW,NL,NL,actual_offshore_wind_generation,Wind Offshore | Actual Aggregated,2026-08-17T17:16:10Z
2026-08-17T17:12:16Z,2026-08-17T19:12:16+0200,f372a1fc-a0b6-48c3-b979-dc927b00239d,2026-08-08T01:30:00Z,2026-08-08T03:30:00+0200,14.931,MW,NL,NL,actual_offshore_wind_generation,Wind Offshore | Actual Consumption,2026-08-17T17:16:10Z
2026-08-17T17:12:16Z,2026-08-17T19:12:16+0200,f372a1fc-a0b6-48c3-b979-dc927b00239d,2026-08-08T01:45:00Z,2026-08-08T03:45:00+0200,243.041,MW,NL,NL,actual_offshore_wind_generation,Wind Offshore | Actual Aggregated,2026-08-17T17:16:10Z
2026-08-17T17:12:16Z,2026-08-17T19:12:16+0200,f372a1fc-a0b6-48c3-b979-dc927b00239d,2026-08-08T01:45:00Z,2026-08-08T03:45:00+0200,13.628,MW,NL,NL,actual_offshore_wind_generation,Wind Offshore | Actual Consumption,2026-08-17T17:16:10Z
2026-08-17T17:12:16Z,2026-08-17T19:12:16+0200,f372a1fc-a0b6-48c3-b979-dc927b00239d,2026-08-08T02:00:00Z,2026-08-08T04:00:00+0200,232.718,MW,NL,NL,actual_offshore_wind_generation,Wind Offshore | Actual Aggregated,2026-08-17T17:16:10Z
2026-08-17T17:12:16Z,2026-08-17T19:12:16+0200,f372a1fc-a0b6-48c3-b979-dc927b00239d,2026-08-08T02:00:00Z,2026-08-08T04:00:00+0200,13.291,MW,NL,NL,actual_offshore_wind_generation,Wind Offshore | Actual Consumption,2026-08-17T17:16:10Z
2026-08-17T17:12:16Z,2026-08-17T19:12:16+0200,f372a1fc-a0b6-48c3-b979-dc927b00239d,2026-08-08T02:15:00Z,2026-08-08T04:15:00+0200,220.952,MW,NL,NL,actual_offshore_wind_generation,Wind Offshore | Actual Aggregated,2026-08-17T17:16:10Z
2026-08-17T17:12:16Z,2026-08-17T19:12:16+0200,f372a1fc-a0b6-48c3-b979-dc927b00239d,2026-08-08T02:15:00Z,2026-08-08T04:15:00+0200,14.724,MW,NL,NL,actual_offshore_wind_generation,Wind Offshore | Actual Consumption,2026-08-17T17:16:10Z
2026-08-17T17:12:16Z,2026-08-17T19:12:16+0200,f372a1fc-a0b6-48c3-b979-dc927b00239d,2026-08-08T02:30:00Z,2026-08-08T04:30:00+0200,203.425,MW,NL,NL,actual_offshore_wind_generation,Wind Offshore | Actual Aggregated,2026-08-17T17:16:10Z
2026-08-17T17:12:16Z,2026-08-17T19:12:16+0200,f372a1fc-a0b6-48c3-b979-dc927b00239d,2026-08-08T02:30:00Z,2026-08-08T04:30:00+0200,15.842,MW,NL,NL,actual_offshore_wind_generation,Wind Offshore | Actual Consumption,2026-08-17T17:16:10Z
2026-08-17T17:12:16Z,2026-08-17T19:12:16+0200,f372a1fc-a0b6-48c3-b979-dc927b00239d,2026-08-08T02:45:00Z,2026-08-08T04:45:00+0200,179.314,MW,NL,NL,actual_offshore_wind_generation,Wind Offshore | Actual Aggregated,2026-08-17T17:16:10Z
2026-08-17T17:12:16Z,2026-08-17T19:12:16+0200,f372a1fc-a0b6-48c3-b979-dc927b00239d,2026-08-08T02:45:00Z,2026-08-08T04:45:00+0200,13.228,MW,NL,NL,actual_offshore_wind_generation,Wind Offshore | Actual Consumption,2026-08-17T17:16:10Z
2026-08-17T17:12:16Z,2026-08-17T19:12:16+0200,f372a1fc-a0b6-48c3-b979-dc927b00239d,2026-08-08T03:00:00Z,2026-08-08T05:00:00+0200,174.746,MW,NL,NL,actual_offshore_wind_generation,Wind Offshore | Actual Aggregated,2026-08-17T17:16:10Z
2026-08-17T17:12:16Z,2026-08-17T19:12:16+0200,f372a1fc-a0b6-48c3-b979-dc927b00239d,2026-08-08T03:00:00Z,2026-08-08T05:00:00+0200,12.497,MW,NL,NL,actual_offshore_wind_generation,Wind Offshore | Actual Consumption,2026-08-17T17:16:10Z
2026-08-17T17:12:16Z,2026-08-17T19:12:16+0200,f372a1fc-a0b6-48c3-b979-dc927b00239d,2026-08-08T03:15:00Z,2026-08-08T05:15:00+0200,172.819,MW,NL,NL,actual_offshore_wind_generation,Wind Offshore | Actual Aggregated,2026-08-17T17:16:10Z
2026-08-17T17:12:16Z,2026-08-17T19:12:16+0200,f372a1fc-a0b6-48c3-b979-dc927b00239d,2026-08-08T03:15:00Z,2026-08-08T05:15:00+0200,11.837,MW,NL,NL,actual_offshore_wind_generation,Wind Offshore | Actual Consumption,2026-08-17T17:16:10Z
2026-08-17T17:12:16Z,2026-08-17T19:12:16+0200,f372a1fc-a0b6-48c3-b979-dc927b00239d,2026-08-08T03:30:00Z,2026-08-08T05:30:00+0200,188.408,MW,NL,NL,actual_offshore_wind_generation,Wind Offshore | Actual Aggregated,2026-08-17T17:16:10Z
2026-08-17T17:12:16Z,2026-08-17T19:12:16+0200,f372a1fc-a0b6-48c3-b979-dc927b00239d,2026-08-08T03:30:00Z,2026-08-08T05:30:00+0200,10.511,MW,NL,NL,actual_offshore_wind_generation,Wind Offshore | Actual Consumption,2026-08-17T17:16:10Z
2026-08-17T17:12:16Z,2026-08-17T19:12:16+0200,f372a1fc-a0b6-48c3-b979-dc927b00239d,2026-08-08T03:45:00Z,2026-08-08T05:45:00+0200,182.462,MW,NL,NL,actual_offshore_wind_generation,Wind Offshore | Actual Aggregated,2026-08-17T17:16:10Z
2026-08-17T17:12:16Z,2026-08-17T19:12:16+0200,f372a1fc-a0b6-48c3-b979-dc927b00239d,2026-08-08T03:45:00Z,2026-08-08T05:45:00+0200,8.93,MW,NL,NL,actual_offshore_wind_generation,Wind Offshore | Actual Consumption,2026-08-17T17:16:10Z
2026-08-17T17:12:16Z,2026-08-17T19:12:16+0200,f372a1fc-a0b6-48c3-b979-dc927b00239d,2026-08-08T04:00:00Z,2026-08-08T06:00:00+0200,189.776,MW,NL,NL,actual_offshore_wind_generation,Wind Offshore | Actual Aggregated,2026-08-17T17:16:10Z
2026-08-17T17:12:16Z,2026-08-17T19:12:16+0200,f372a1fc-a0b6-48c3-b979-dc927b00239d,2026-08-08T04:00:00Z,2026-08-08T06:00:00+0200,6.598,MW,NL,NL,actual_offshore_wind_generation,Wind Offshore | Actual Consumption,2026-08-17T17:16:10Z
2026-08-17T17:12:16Z,2026-08-17T19:12:16+0200,f372a1fc-a0b6-48c3-b979-dc927b00239d,2026-08-08T04:15:00Z,2026-08-08T06:15:00+0200,196.259,MW,NL,NL,actual_offshore_wind_generation,Wind Offshore | Actual Aggregated,2026-08-17T17:16:10Z
2026-08-17T17:12:16Z,2026-08-17T19:12:16+0200,f372a1fc-a0b6-48c3-b979-dc927b00239d,2026-08-08T04:15:00Z,2026-08-08T06:15:00+0200,4.143,MW,NL,NL,actual_offshore_wind_generation,Wind Offshore | Actual Consumption,2026-08-17T17:16:10Z
2026-08-17T17:12:16Z,2026-08-17T19:12:16+0200,f372a1fc-a0b6-48c3-b979-dc927b00239d,2026-08-08T04:30:00Z,2026-08-08T06:30:00+0200,183.153,MW,NL,NL,actual_offshore_wind_generation,Wind Offshore | Actual Aggregated,2026-08-17T17:16:10Z
2026-08-17T17:12:16Z,2026-08-17T19:12:16+0200,f372a1fc-a0b6-48c3-b979-dc927b00239d,2026-08-08T04:30:00Z,2026-08-08T06:30:00+0200,1.894,MW,NL,NL,actual_offshore_wind_generation,Wind Offshore | Actual Consumption,2026-08-17T17:16:10Z
2026-08-17T17:12:16Z,2026-08-17T19:12:16+0200,f372a1fc-a0b6-48c3-b979-dc927b00239d,2026-08-08T04:45:00Z,2026-08-08T06:45:00+0200,183.753,MW,NL,NL,actual_offshore_wind_generation,Wind Offshore | Actual Aggregated,2026-08-17T17:16:10Z
2026-08-17T17:12:16Z,2026-08-17T19:12:16+0200,f372a1fc-a0b6-48c3-b979-dc927b00239d,2026-08-08T04:45:00Z,2026-08-08T06:45:00+0200,2.649,MW,NL,NL,actual_offshore_wind_generation,Wind Offshore | Actual Consumption,2026-08-17T17:16:10Z
2026-08-17T17:12:16Z,2026-08-17T19:12:16+0200,f372a1fc-a0b6-48c3-b979-dc927b00239d,2026-08-08T05:00:00Z,2026-08-08T07:00:00+0200,176.007,MW,NL,NL,actual_offshore_wind_generation,Wind Offshore | Actual Aggregated,2026-08-17T17:16:10Z
2026-08-17T17:12:16Z,2026-08-17T19:12:16+0200,f372a1fc-a0b6-48c3-b979-dc927b00239d,2026-08-08T05:00:00Z,2026-08-08T07:00:00+0200,4.562,MW,NL,NL,actual_offshore_wind_generation,Wind Offshore | Actual Consumption,2026-08-17T17:16:10Z
2026-08-17T17:12:16Z,2026-08-17T19:12:16+0200,f372a1fc-a0b6-48c3-b979-dc927b00239d,2026-08-08T05:15:00Z,2026-08-08T07:15:00+0200,177.818,MW,NL,NL,actual_offshore_wind_generation,Wind Offshore | Actual Aggregated,2026-08-17T17:16:10Z
2026-08-17T17:12:16Z,2026-08-17T19:12:16+0200,f372a1fc-a0b6-48c3-b979-dc927b00239d,2026-08-08T05:15:00Z,2026-08-08T07:15:00+0200,1.658,MW,NL,NL,actual_offshore_wind_generation,Wind Offshore | Actual Consumption,2026-08-17T17:16:10Z
2026-08-17T17:12:16Z,2026-08-17T19:12:16+0200,f372a1fc-a0b6-48c3-b979-dc927b00239d,2026-08-08T05:30:00Z,2026-08-08T07:30:00+0200,191.873,MW,NL,NL,actual_offshore_wind_generation,Wind Offshore | Actual Aggregated,2026-08-17T17:16:10Z
2026-08-17T17:12:16Z,2026-08-17T19:12:16+0200,f372a1fc-a0b6-48c3-b979-dc927b00239d,2026-08-08T05:30:00Z,2026-08-08T07:30:00+0200,1.687,MW,NL,NL,actual_offshore_wind_generation,Wind Offshore | Actual Consumption,2026-08-17T17:16:10Z
2026-08-17T17:12:16Z,2026-08-17T19:12:16+0200,f372a1fc-a0b6-48c3-b979-dc927b00239d,2026-08-08T05:45:00Z,2026-08-08T07:45:00+0200,188.517,MW,NL,NL,actual_offshore_wind_generation,Wind Offshore | Actual Aggregated,2026-08-17T17:16:10Z
2026-08-17T17:12:16Z,2026-08-17T19:12:16+0200,f372a1fc-a0b6-48c3-b979-dc927b00239d,2026-08-08T05:45:00Z,2026-08-08T07:45:00+0200,1.173,MW,NL,NL,actual_offshore_wind_generation,Wind Offshore | Actual Consumption,2026-08-17T17:16:10Z
2026-08-17T17:12:16Z,2026-08-17T19:12:16+0200,f372a1fc-a0b6-48c3-b979-dc927b00239d,2026-08-08T06:00:00Z,2026-08-08T08:00:00+0200,180.117,MW,NL,NL,actual_offshore_wind_generation,Wind Offshore | Actual Aggregated,2026-08-17T17:16:10Z
2026-08-17T17:12:16Z,2026-08-17T19:12:16+0200,f372a1fc-a0b6-48c3-b979-dc927b00239d,2026-08-08T06:00:00Z,2026-08-08T08:00:00+0200,1.335,MW,NL,NL,actual_offshore_wind_generation,Wind Offshore | Actual Consumption,2026-08-17T17:16:10Z
2026-08-17T17:12:16Z,2026-08-17T19:12:16+0200,f372a1fc-a0b6-48c3-b979-dc927b00239d,2026-08-08T06:15:00Z,2026-08-08T08:15:00+0200,157.588,MW,NL,NL,actual_offshore_wind_generation,Wind Offshore | Actual Aggregated,2026-08-17T17:16:10Z
2026-08-17T17:12:16Z,2026-08-17T19:12:16+0200,f372a1fc-a0b6-48c3-b979-dc927b00239d,2026-08-08T06:15:00Z,2026-08-08T08:15:00+0200,0.876,MW,NL,NL,actual_offshore_wind_generation,Wind Offshore | Actual Consumption,2026-08-17T17:16:10Z
2026-08-17T17:12:16Z,2026-08-17T19:12:16+0200,f372a1fc-a0b6-48c3-b979-dc927b00239d,2026-08-08T06:30:00Z,2026-08-08T08:30:00+0200,144.339,MW,NL,NL,actual_offshore_wind_generation,Wind Offshore | Actual Aggregated,2026-08-17T17:16:10Z
2026-08-17T17:12:16Z,2026-08-17T19:12:16+0200,f372a1fc-a0b6-48c3-b979-dc927b00239d,2026-08-08T06:30:00Z,2026-08-08T08:30:00+0200,0.935,MW,NL,NL,actual_offshore_wind_generation,Wind Offshore | Actual Consumption,2026-08-17T17:16:10Z
2026-08-17T17:12:16Z,2026-08-17T19:12:16+0200,f372a1fc-a0b6-48c3-b979-dc927b00239d,2026-08-08T06:45:00Z,2026-08-08T08:45:00+0200,132.715,MW,NL,NL,actual_offshore_wind_generation,Wind Offshore | Actual Aggregated,2026-08-17T17:16:10Z
2026-08-17T17:12:16Z,2026-08-17T19:12:16+0200,f372a1fc-a0b6-48c3-b979-dc927b00239d,2026-08-08T06:45:00Z,2026-08-08T08:45:00+0200,0.574,MW,NL,NL,actual_offshore_wind_generation,Wind Offshore | Actual Consumption,2026-08-17T17:16:10Z
2026-08-17T17:12:16Z,2026-08-17T19:12:16+0200,f372a1fc-a0b6-48c3-b979-dc927b00239d,2026-08-08T07:00:00Z,2026-08-08T09:00:00+0200,118.878,MW,NL,NL,actual_offshore_wind_generation,Wind Offshore | Actual Aggregated,2026-08-17T17:16:10Z
2026-08-17T17:12:16Z,2026-08-17T19:12:16+0200,f372a1fc-a0b6-48c3-b979-dc927b00239d,2026-08-08T07:00:00Z,2026-08-08T09:00:00+0200,2.189,MW,NL,NL,actual_offshore_wind_generation,Wind Offshore | Actual Consumption,2026-08-17T17:16:10Z
2026-08-17T17:12:16Z,2026-08-17T19:12:16+0200,f372a1fc-a0b6-48c3-b979-dc927b00239d,2026-08-08T07:15:00Z,2026-08-08T09:15:00+0200,114.918,MW,NL,NL,actual_offshore_wind_generation,Wind Offshore | Actual Aggregated,2026-08-17T17:16:10Z
2026-08-17T17:12:16Z,2026-08-17T19:12:16+0200,f372a1fc-a0b6-48c3-b979-dc927b00239d,2026-08-08T07:15:00Z,2026-08-08T09:15:00+0200,1.301,MW,NL,NL,actual_offshore_wind_generation,Wind Offshore | Actual Consumption,2026-08-17T17:16:10Z
2026-08-17T17:12:16Z,2026-08-17T19:12:16+0200,f372a1fc-a0b6-48c3-b979-dc927b00239d,2026-08-08T07:30:00Z,2026-08-08T09:30:00+0200,102.942,MW,NL,NL,actual_offshore_wind_generation,Wind Offshore | Actual Aggregated,2026-08-17T17:16:10Z
2026-08-17T17:12:16Z,2026-08-17T19:12:16+0200,f372a1fc-a0b6-48c3-b979-dc927b00239d,2026-08-08T07:30:00Z,2026-08-08T09:30:00+0200,1.128,MW,NL,NL,actual_offshore_wind_generation,Wind Offshore | Actual Consumption,2026-08-17T17:16:10Z
2026-08-17T17:12:16Z,2026-08-17T19:12:16+0200,f372a1fc-a0b6-48c3-b979-dc927b00239d,2026-08-08T07:45:00Z,2026-08-08T09:45:00+0200,92.744,MW,NL,NL,actual_offshore_wind_generation,Wind Offshore | Actual Aggregated,2026-08-17T17:16:10Z
2026-08-17T17:12:16Z,2026-08-17T19:12:16+0200,f372a1fc-a0b6-48c3-b979-dc927b00239d,2026-08-08T07:45:00Z,2026-08-08T09:45:00+0200,1.888,MW,NL,NL,actual_offshore_wind_generation,Wind Offshore | Actual Consumption,2026-08-17T17:16:10Z
2026-08-17T17:12:16Z,2026-08-17T19:12:16+0200,f372a1fc-a0b6-48c3-b979-dc927b00239d,2026-08-08T08:00:00Z,2026-08-08T10:00:00+0200,74.117,MW,NL,NL,actual_offshore_wind_generation,Wind Offshore | Actual Aggregated,2026-08-17T17:16:10Z
2026-08-17T17:12:16Z,2026-08-17T19:12:16+0200,f372a1fc-a0b6-48c3-b979-dc927b00239d,2026-08-08T08:00:00Z,2026-08-08T10:00:00+0200,7.696,MW,NL,NL,actual_offshore_wind_generation,Wind Offshore | Actual Consumption,2026-08-17T17:16:10Z
2026-08-17T17:12:16Z,2026-08-17T19:12:16+0200,f372a1fc-a0b6-48c3-b979-dc927b00239d,2026-08-08T08:15:00Z,2026-08-08T10:15:00+0200,58.657,MW,NL,NL,actual_offshore_wind_generation,Wind Offshore | Actual Aggregated,2026-08-17T17:16:10Z
2026-08-17T17:12:16Z,2026-08-17T19:12:16+0200,f372a1fc-a0b6-48c3-b979-dc927b00239d,2026-08-08T08:15:00Z,2026-08-08T10:15:00+0200,10.058,MW,NL,NL,actual_offshore_wind_generation,Wind Offshore | Actual Consumption,2026-08-17T17:16:10Z
2026-08-17T17:12:16Z,2026-08-17T19:12:16+0200,f372a1fc-a0b6-48c3-b979-dc927b00239d,2026-08-08T08:30:00Z,2026-08-08T10:30:00+0200,49.211,MW,NL,NL,actual_offshore_wind_generation,Wind Offshore | Actual Aggregated,2026-08-17T17:16:10Z
2026-08-17T17:12:16Z,2026-08-17T19:12:16+0200,f372a1fc-a0b6-48c3-b979-dc927b00239d,2026-08-08T08:30:00Z,2026-08-08T10:30:00+0200,13.959,MW,NL,NL,actual_offshore_wind_generation,Wind Offshore | Actual Consumption,2026-08-17T17:16:10Z
2026-08-17T17:12:16Z,2026-08-17T19:12:16+0200,f372a1fc-a0b6-48c3-b979-dc927b00239d,2026-08-08T08:45:00Z,2026-08-08T10:45:00+0200,37.836,MW,NL,NL,actual_offshore_wind_generation,Wind Offshore | Actual Aggregated,2026-08-17T17:16:10Z
2026-08-17T17:12:16Z,2026-08-17T19:12:16+0200,f372a1fc-a0b6-48c3-b979-dc927b00239d,2026-08-08T08:45:00Z,2026-08-08T10:45:00+0200,15.961,MW,NL,NL,actual_offshore_wind_generation,Wind Offshore | Actual Consumption,2026-08-17T17:16:10Z
2026-08-17T17:12:16Z,2026-08-17T19:12:16+0200,f372a1fc-a0b6-48c3-b979-dc927b00239d,2026-08-08T09:00:00Z,2026-08-08T11:00:00+0200,32.65,MW,NL,NL,actual_offshore_wind_generation,Wind Offshore | Actual Aggregated,2026-08-17T17:16:10Z
2026-08-17T17:12:16Z,2026-08-17T19:12:16+0200,f372a1fc-a0b6-48c3-b979-dc927b00239d,2026-08-08T09:00:00Z,2026-08-08T11:00:00+0200,17.08,MW,NL,NL,actual_offshore_wind_generation,Wind Offshore | Actual Consumption,2026-08-17T17:16:10Z
2026-08-17T17:12:16Z,2026-08-17T19:12:16+0200,f372a1fc-a0b6-48c3-b979-dc927b00239d,2026-08-08T09:15:00Z,2026-08-08T11:15:00+0200,21.972,MW,NL,NL,actual_offshore_wind_generation,Wind Offshore | Actual Aggregated,2026-08-17T17:16:10Z
2026-08-17T17:12:16Z,2026-08-17T19:12:16+0200,f372a1fc-a0b6-48c3-b979-dc927b00239d,2026-08-08T09:15:00Z,2026-08-08T11:15:00+0200,23.602,MW,NL,NL,actual_offshore_wind_generation,Wind Offshore | Actual Consumption,2026-08-17T17:16:10Z
2026-08-17T17:12:16Z,2026-08-17T19:12:16+0200,f372a1fc-a0b6-48c3-b979-dc927b00239d,2026-08-08T09:30:00Z,2026-08-08T11:30:00+0200,19.059,MW,NL,NL,actual_offshore_wind_generation,Wind Offshore | Actual Aggregated,2026-08-17T17:16:10Z
2026-08-17T17:12:16Z,2026-08-17T19:12:16+0200,f372a1fc-a0b6-48c3-b979-dc927b00239d,2026-08-08T09:30:00Z,2026-08-08T11:30:00+0200,27.939,MW,NL,NL,actual_offshore_wind_generation,Wind Offshore | Actual Consumption,2026-08-17T17:16:10Z
2026-08-17T17:12:16Z,2026-08-17T19:12:16+0200,f372a1fc-a0b6-48c3-b979-dc927b00239d,2026-08-08T09:45:00Z,2026-08-08T11:45:00+0200,14.503,MW,NL,NL,actual_offshore_wind_generation,Wind Offshore | Actual Aggregated,2026-08-17T17:16:10Z
2026-08-17T17:12:16Z,2026-08-17T19:12:16+0200,f372a1fc-a0b6-48c3-b979-dc927b00239d,2026-08-08T09:45:00Z,2026-08-08T11:45:00+0200,30.639,MW,NL,NL,actual_offshore_wind_generation,Wind Offshore | Actual Consumption,2026-08-17T17:16:10Z
2026-08-17T17:12:16Z,2026-08-17T19:12:16+0200,f372a1fc-a0b6-48c3-b979-dc927b00239d,2026-08-08T10:00:00Z,2026-08-08T12:00:00+0200,17.112,MW,NL,NL,actual_offshore_wind_generation,Wind Offshore | Actual Aggregated,2026-08-17T17:16:10Z
2026-08-17T17:12:16Z,2026-08-17T19:12:16+0200,f372a1fc-a0b6-48c3-b979-dc927b00239d,2026-08-08T10:00:00Z,2026-08-08T12:00:00+0200,29.4,MW,NL,NL,actual_offshore_wind_generation,Wind Offshore | Actual Consumption,2026-08-17T17:16:10Z
2026-08-17T17:12:16Z,2026-08-17T19:12:16+0200,f372a1fc-a0b6-48c3-b979-dc927b00239d,2026-08-08T10:15:00Z,2026-08-08T12:15:00+0200,15.213,MW,NL,NL,actual_offshore_wind_generation,Wind Offshore | Actual Aggregated,2026-08-17T17:16:10Z
2026-08-17T17:12:16Z,2026-08-17T19:12:16+0200,f372a1fc-a0b6-48c3-b979-dc927b00239d,2026-08-08T10:15:00Z,2026-08-08T12:15:00+0200,29.37,MW,NL,NL,actual_offshore_wind_generation,Wind Offshore | Actual Consumption,2026-08-17T17:16:10Z
2026-08-17T17:12:16Z,2026-08-17T19:12:16+0200,f372a1fc-a0b6-48c3-b979-dc927b00239d,2026-08-08T10:30:00Z,2026-08-08T12:30:00+0200,12.142,MW,NL,NL,actual_offshore_wind_generation,Wind Offshore | Actual Aggregated,2026-08-17T17:16:10Z
2026-08-17T17:12:16Z,2026-08-17T19:12:16+0200,f372a1fc-a0b6-48c3-b979-dc927b00239d,2026-08-08T10:30:00Z,2026-08-08T12:30:00+0200,31.591,MW,NL,NL,actual_offshore_wind_generation,Wind Offshore | Actual Consumption,2026-08-17T17:16:10Z
2026-08-17T17:12:16Z,2026-08-17T19:12:16+0200,f372a1fc-a0b6-48c3-b979-dc927b00239d,2026-08-08T10:45:00Z,2026-08-08T12:45:00+0200,12.773,MW,NL,NL,actual_offshore_wind_generation,Wind Offshore | Actual Aggregated,2026-08-17T17:16:10Z
2026-08-17T17:12:16Z,2026-08-17T19:12:16+0200,f372a1fc-a0b6-48c3-b979-dc927b00239d,2026-08-08T10:45:00Z,2026-08-08T12:45:00+0200,33.107,MW,NL,NL,actual_offshore_wind_generation,Wind Offshore | Actual Consumption,2026-08-17T17:16:10Z
2026-08-17T17:12:16Z,2026-08-17T19:12:16+0200,f372a1fc-a0b6-48c3-b979-dc927b00239d,2026-08-08T11:00:00Z,2026-08-08T13:00:00+0200,12.642,MW,NL,NL,actual_offshore_wind_generation,Wind Offshore | Actual Aggregated,2026-08-17T17:16:10Z
2026-08-17T17:12:16Z,2026-08-17T19:12:16+0200,f372a1fc-a0b6-48c3-b979-dc927b00239d,2026-08-08T11:00:00Z,2026-08-08T13:00:00+0200,33.771,MW,NL,NL,actual_offshore_wind_generation,Wind Offshore | Actual Consumption,2026-08-17T17:16:10Z
2026-08-17T17:12:16Z,2026-08-17T19:12:16+0200,f372a1fc-a0b6-48c3-b979-dc927b00239d,2026-08-08T11:15:00Z,2026-08-08T13:15:00+0200,14.51,MW,NL,NL,actual_offshore_wind_generation,Wind Offshore | Actual Aggregated,2026-08-17T17:16:10Z
2026-08-17T17:12:16Z,2026-08-17T19:12:16+0200,f372a1fc-a0b6-48c3-b979-dc927b00239d,2026-08-08T11:15:00Z,2026-08-08T13:15:00+0200,33.355,MW,NL,NL,actual_offshore_wind_generation,Wind Offshore | Actual Consumption,2026-08-17T17:16:10Z
2026-08-17T17:12:16Z,2026-08-17T19:12:16+0200,f372a1fc-a0b6-48c3-b979-dc927b00239d,2026-08-08T11:30:00Z,2026-08-08T13:30:00+0200,12.794,MW,NL,NL,actual_offshore_wind_generation,Wind Offshore | Actual Aggregated,2026-08-17T17:16:10Z
2026-08-17T17:12:16Z,2026-08-17T19:12:16+0200,f372a1fc-a0b6-48c3-b979-dc927b00239d,2026-08-08T11:30:00Z,2026-08-08T13:30:00+0200,32.977,MW,NL,NL,actual_offshore_wind_generation,Wind Offshore | Actual Consumption,2026-08-17T17:16:10Z
2026-08-17T17:12:16Z,2026-08-17T19:12:16+0200,f372a1fc-a0b6-48c3-b979-dc927b00239d,2026-08-08T11:45:00Z,2026-08-08T13:45:00+0200,11.446,MW,NL,NL,actual_offshore_wind_generation,Wind Offshore | Actual Aggregated,2026-08-17T17:16:10Z
2026-08-17T17:12:16Z,2026-08-17T19:12:16+0200,f372a1fc-a0b6-48c3-b979-dc927b00239d,2026-08-08T11:45:00Z,2026-08-08T13:45:00+0200,30.748,MW,NL,NL,actual_offshore_wind_generation,Wind Offshore | Actual Consumption,2026-08-17T17:16:10Z
2026-08-17T17:12:16Z,2026-08-17T19:12:16+0200,f372a1fc-a0b6-48c3-b979-dc927b00239d,2026-08-08T12:00:00Z,2026-08-08T14:00:00+0200,11.951,MW,NL,NL,actual_offshore_wind_generation,Wind Offshore | Actual Aggregated,2026-08-17T17:16:10Z
2026-08-17T17:12:16Z,2026-08-17T19:12:16+0200,f372a1fc-a0b6-48c3-b979-dc927b00239d,2026-08-08T12:00:00Z,2026-08-08T14:00:00+0200,28.399,MW,NL,NL,actual_offshore_wind_generation,Wind Offshore | Actual Consumption,2026-08-17T17:16:10Z
2026-08-17T17:12:16Z,2026-08-17T19:12:16+0200,f372a1fc-a0b6-48c3-b979-dc927b00239d,2026-08-08T12:15:00Z,2026-08-08T14:15:00+0200,12.658,MW,NL,NL,actual_offshore_wind_generation,Wind Offshore | Actual Aggregated,2026-08-17T17:16:10Z
2026-08-17T17:12:16Z,2026-08-17T19:12:16+0200,f372a1fc-a0b6-48c3-b979-dc927b00239d,2026-08-08T12:15:00Z,2026-08-08T14:15:00+0200,27.203,MW,NL,NL,actual_offshore_wind_generation,Wind Offshore | Actual Consumption,2026-08-17T17:16:10Z
2026-08-17T17:12:16Z,2026-08-17T19:12:16+0200,f372a1fc-a0b6-48c3-b979-dc927b00239d,2026-08-08T12:30:00Z,2026-08-08T14:30:00+0200,16.783,MW,NL,NL,actual_offshore_wind_generation,Wind Offshore | Actual Aggregated,2026-08-17T17:16:10Z
2026-08-17T17:12:16Z,2026-08-17T19:12:16+0200,f372a1fc-a0b6-48c3-b979-dc927b00239d,2026-08-08T12:30:00Z,2026-08-08T14:30:00+0200,26.595,MW,NL,NL,actual_offshore_wind_generation,Wind Offshore | Actual Consumption,2026-08-17T17:16:10Z
2026-08-17T17:12:16Z,2026-08-17T19:12:16+0200,f372a1fc-a0b6-48c3-b979-dc927b00239d,2026-08-08T12:45:00Z,2026-08-08T14:45:00+0200,22.622,MW,NL,NL,actual_offshore_wind_generation,Wind Offshore | Actual Aggregated,2026-08-17T17:16:10Z
2026-08-17T17:12:16Z,2026-08-17T19:12:16+0200,f372a1fc-a0b6-48c3-b979-dc927b00239d,2026-08-08T12:45:00Z,2026-08-08T14:45:00+0200,25.74,MW,NL,NL,actual_offshore_wind_generation,Wind Offshore | Actual Consumption,2026-08-17T17:16:10Z
2026-08-17T17:12:16Z,2026-08-17T19:12:16+0200,f372a1fc-a0b6-48c3-b979-dc927b00239d,2026-08-08T13:00:00Z,2026-08-08T15:00:00+0200,26.859,MW,NL,NL,actual_offshore_wind_generation,Wind Offshore | Actual Aggregated,2026-08-17T17:16:10Z
2026-08-17T17:12:16Z,2026-08-17T19:12:16+0200,f372a1fc-a0b6-48c3-b979-dc927b00239d,2026-08-08T13:00:00Z,2026-08-08T15:00:00+0200,25.28,MW,NL,NL,actual_offshore_wind_generation,Wind Offshore | Actual Consumption,2026-08-17T17:16:10Z
2026-08-17T17:12:16Z,2026-08-17T19:12:16+0200,f372a1fc-a0b6-48c3-b979-dc927b00239d,2026-08-08T13:15:00Z,2026-08-08T15:15:00+0200,31.652,MW,NL,NL,actual_offshore_wind_generation,Wind Offshore | Actual Aggregated,2026-08-17T17:16:10Z
2026-08-17T17:12:16Z,2026-08-17T19:12:16+0200,f372a1fc-a0b6-48c3-b979-dc927b00239d,2026-08-08T13:15:00Z,2026-08-08T15:15:00+0200,22.42,MW,NL,NL,actual_offshore_wind_generation,Wind Offshore | Actual Consumption,2026-08-17T17:16:10Z
2026-08-17T17:12:16Z,2026-08-17T19:12:16+0200,f372a1fc-a0b6-48c3-b979-dc927b00239d,2026-08-08T13:30:00Z,2026-08-08T15:30:00+0200,32.97,MW,NL,NL,actual_offshore_wind_generation,Wind Offshore | Actual Aggregated,2026-08-17T17:16:10Z
2026-08-17T17:12:16Z,2026-08-17T19:12:16+0200,f372a1fc-a0b6-48c3-b979-dc927b00239d,2026-08-08T13:30:00Z,2026-08-08T15:30:00+0200,20.383,MW,NL,NL,actual_offshore_wind_generation,Wind Offshore | Actual Consumption,2026-08-17T17:16:10Z
2026-08-17T17:12:16Z,2026-08-17T19:12:16+0200,f372a1fc-a0b6-48c3-b979-dc927b00239d,2026-08-08T13:45:00Z,2026-08-08T15:45:00+0200,65.136,MW,NL,NL,actual_offshore_wind_generation,Wind Offshore | Actual Aggregated,2026-08-17T17:16:10Z
2026-08-17T17:12:16Z,2026-08-17T19:12:16+0200,f372a1fc-a0b6-48c3-b979-dc927b00239d,2026-08-08T13:45:00Z,2026-08-08T15:45:00+0200,16.611,MW,NL,NL,actual_offshore_wind_generation,Wind Offshore | Actual Consumption,2026-08-17T17:16:10Z
2026-08-17T17:12:16Z,2026-08-17T19:12:16+0200,f372a1fc-a0b6-48c3-b979-dc927b00239d,2026-08-08T14:00:00Z,2026-08-08T16:00:00+0200,98.671,MW,NL,NL,actual_offshore_wind_generation,Wind Offshore | Actual Aggregated,2026-08-17T17:16:10Z
2026-08-17T17:12:16Z,2026-08-17T19:12:16+0200,f372a1fc-a0b6-48c3-b979-dc927b00239d,2026-08-08T14:00:00Z,2026-08-08T16:00:00+0200,13.07,MW,NL,NL,actual_offshore_wind_generation,Wind Offshore | Actual Consumption,2026-08-17T17:16:10Z
2026-08-17T17:12:16Z,2026-08-17T19:12:16+0200,f372a1fc-a0b6-48c3-b979-dc927b00239d,2026-08-08T14:15:00Z,2026-08-08T16:15:00+0200,86.817,MW,NL,NL,actual_offshore_wind_generation,Wind Offshore | Actual Aggregated,2026-08-17T17:16:10Z
2026-08-17T17:12:16Z,2026-08-17T19:12:16+0200,f372a1fc-a0b6-48c3-b979-dc927b00239d,2026-08-08T14:15:00Z,2026-08-08T16:15:00+0200,11.22,MW,NL,NL,actual_offshore_wind_generation,Wind Offshore | Actual Consumption,2026-08-17T17:16:10Z
2026-08-17T17:12:16Z,2026-08-17T19:12:16+0200,f372a1fc-a0b6-48c3-b979-dc927b00239d,2026-08-08T14:30:00Z,2026-08-08T16:30:00+0200,99.046,MW,NL,NL,actual_offshore_wind_generation,Wind Offshore | Actual Aggregated,2026-08-17T17:16:10Z
2026-08-17T17:12:16Z,2026-08-17T19:12:16+0200,f372a1fc-a0b6-48c3-b979-dc927b00239d,2026-08-08T14:30:00Z,2026-08-08T16:30:00+0200,12.923,MW,NL,NL,actual_offshore_wind_generation,Wind Offshore | Actual Consumption,2026-08-17T17:16:10Z
2026-08-17T17:12:16Z,2026-08-17T19:12:16+0200,f372a1fc-a0b6-48c3-b979-dc927b00239d,2026-08-08T14:45:00Z,2026-08-08T16:45:00+0200,136.605,MW,NL,NL,actual_offshore_wind_generation,Wind Offshore | Actual Aggregated,2026-08-17T17:16:10Z
2026-08-17T17:12:16Z,2026-08-17T19:12:16+0200,f372a1fc-a0b6-48c3-b979-dc927b00239d,2026-08-08T14:45:00Z,2026-08-08T16:45:00+0200,13.268,MW,NL,NL,actual_offshore_wind_generation,Wind Offshore | Actual Consumption,2026-08-17T17:16:10Z
2026-08-17T17:12:16Z,2026-08-17T19:12:16+0200,f372a1fc-a0b6-48c3-b979-dc927b00239d,2026-08-08T15:00:00Z,2026-08-08T17:00:00+0200,154.362,MW,NL,NL,actual_offshore_wind_generation,Wind Offshore | Actual Aggregated,2026-08-17T17:16:10Z
2026-08-17T17:12:16Z,2026-08-17T19:12:16+0200,f372a1fc-a0b6-48c3-b979-dc927b00239d,2026-08-08T15:00:00Z,2026-08-08T17:00:00+0200,13.685,MW,NL,NL,actual_offshore_wind_generation,Wind Offshore | Actual Consumption,2026-08-17T17:16:10Z
2026-08-17T17:12:16Z,2026-08-17T19:12:16+0200,f372a1fc-a0b6-48c3-b979-dc927b00239d,2026-08-08T15:15:00Z,2026-08-08T17:15:00+0200,195.611,MW,NL,NL,actual_offshore_wind_generation,Wind Offshore | Actual Aggregated,2026-08-17T17:16:10Z
2026-08-17T17:12:16Z,2026-08-17T19:12:16+0200,f372a1fc-a0b6-48c3-b979-dc927b00239d,2026-08-08T15:15:00Z,2026-08-08T17:15:00+0200,12.529,MW,NL,NL,actual_offshore_wind_generation,Wind Offshore | Actual Consumption,2026-08-17T17:16:10Z
2026-08-17T17:12:16Z,2026-08-17T19:12:16+0200,f372a1fc-a0b6-48c3-b979-dc927b00239d,2026-08-08T15:30:00Z,2026-08-08T17:30:00+0200,228.555,MW,NL,NL,actual_offshore_wind_generation,Wind Offshore | Actual Aggregated,2026-08-17T17:16:10Z
2026-08-17T17:12:16Z,2026-08-17T19:12:16+0200,f372a1fc-a0b6-48c3-b979-dc927b00239d,2026-08-08T15:30:00Z,2026-08-08T17:30:00+0200,10.395,MW,NL,NL,actual_offshore_wind_generation,Wind Offshore | Actual Consumption,2026-08-17T17:16:10Z
2026-08-17T17:12:16Z,2026-08-17T19:12:16+0200,f372a1fc-a0b6-48c3-b979-dc927b00239d,2026-08-08T15:45:00Z,2026-08-08T17:45:00+0200,262.638,MW,NL,NL,actual_offshore_wind_generation,Wind Offshore | Actual Aggregated,2026-08-17T17:16:10Z
2026-08-17T17:12:16Z,2026-08-17T19:12:16+0200,f372a1fc-a0b6-48c3-b979-dc927b00239d,2026-08-08T15:45:00Z,2026-08-08T17:45:00+0200,11.145,MW,NL,NL,actual_offshore_wind_generation,Wind Offshore | Actual Consumption,2026-08-17T17:16:10Z
2026-08-17T17:12:16Z,2026-08-17T19:12:16+0200,f372a1fc-a0b6-48c3-b979-dc927b00239d,2026-08-08T16:00:00Z,2026-08-08T18:00:00+0200,297.715,MW,NL,NL,actual_offshore_wind_generation,Wind Offshore | Actual Aggregated,2026-08-17T17:16:10Z
2026-08-17T17:12:16Z,2026-08-17T19:12:16+0200,f372a1fc-a0b6-48c3-b979-dc927b00239d,2026-08-08T16:00:00Z,2026-08-08T18:00:00+0200,10.505,MW,NL,NL,actual_offshore_wind_generation,Wind Offshore | Actual Consumption,2026-08-17T17:16:10Z
2026-08-17T17:12:16Z,2026-08-17T19:12:16+0200,f372a1fc-a0b6-48c3-b979-dc927b00239d,2026-08-08T16:15:00Z,2026-08-08T18:15:00+0200,317.136,MW,NL,NL,actual_offshore_wind_generation,Wind Offshore | Actual Aggregated,2026-08-17T17:16:10Z
2026-08-17T17:12:16Z,2026-08-17T19:12:16+0200,f372a1fc-a0b6-48c3-b979-dc927b00239d,2026-08-08T16:15:00Z,2026-08-08T18:15:00+0200,10.66,MW,NL,NL,actual_offshore_wind_generation,Wind Offshore | Actual Consumption,2026-08-17T17:16:10Z
2026-08-17T17:12:16Z,2026-08-17T19:12:16+0200,f372a1fc-a0b6-48c3-b979-dc927b00239d,2026-08-08T16:30:00Z,2026-08-08T18:30:00+0200,343.651,MW,NL,NL,actual_offshore_wind_generation,Wind Offshore | Actual Aggregated,2026-08-17T17:16:10Z
2026-08-17T17:12:16Z,2026-08-17T19:12:16+0200,f372a1fc-a0b6-48c3-b979-dc927b00239d,2026-08-08T16:30:00Z,2026-08-08T18:30:00+0200,9.754,MW,NL,NL,actual_offshore_wind_generation,Wind Offshore | Actual Consumption,2026-08-17T17:16:10Z
2026-08-17T17:12:16Z,2026-08-17T19:12:16+0200,f372a1fc-a0b6-48c3-b979-dc927b00239d,2026-08-08T16:45:00Z,2026-08-08T18:45:00+0200,358.843,MW,NL,NL,actual_offshore_wind_generation,Wind Offshore | Actual Aggregated,2026-08-17T17:16:10Z
2026-08-17T17:12:16Z,2026-08-17T19:12:16+0200,f372a1fc-a0b6-48c3-b979-dc927b00239d,2026-08-08T16:45:00Z,2026-08-08T18:45:00+0200,9.226,MW,NL,NL,actual_offshore_wind_generation,Wind Offshore | Actual Consumption,2026-08-17T17:16:10Z
2026-08-17T17:12:16Z,2026-08-17T19:12:16+0200,f372a1fc-a0b6-48c3-b979-dc927b00239d,2026-08-08T17:00:00Z,2026-08-08T19:00:00+0200,390.623,MW,NL,NL,actual_offshore_wind_generation,Wind Offshore | Actual Aggregated,2026-08-17T17:16:10Z
2026-08-17T17:12:16Z,2026-08-17T19:12:16+0200,f372a1fc-a0b6-48c3-b979-dc927b00239d,2026-08-08T17:00:00Z,2026-08-08T19:00:00+0200,9.61,MW,NL,NL,actual_offshore_wind_generation,Wind Offshore | Actual Consumption,2026-08-17T17:16:10Z
2026-08-17T17:12:16Z,2026-08-17T19:12:16+0200,f372a1fc-a0b6-48c3-b979-dc927b00239d,2026-08-08T17:15:00Z,2026-08-08T19:15:00+0200,402.821,MW,NL,NL,actual_offshore_wind_generation,Wind Offshore | Actual Aggregated,2026-08-17T17:16:10Z
2026-08-17T17:12:16Z,2026-08-17T19:12:16+0200,f372a1fc-a0b6-48c3-b979-dc927b00239d,2026-08-08T17:15:00Z,2026-08-08T19:15:00+0200,9.975,MW,NL,NL,actual_offshore_wind_generation,Wind Offshore | Actual Consumption,2026-08-17T17:16:10Z
2026-08-17T17:12:16Z,2026-08-17T19:12:16+0200,f372a1fc-a0b6-48c3-b979-dc927b00239d,2026-08-08T17:30:00Z,2026-08-08T19:30:00+0200,396.011,MW,NL,NL,actual_offshore_wind_generation,Wind Offshore | Actual Aggregated,2026-08-17T17:16:10Z
2026-08-17T17:12:16Z,2026-08-17T19:12:16+0200,f372a1fc-a0b6-48c3-b979-dc927b00239d,2026-08-08T17:30:00Z,2026-08-08T19:30:00+0200,9.128,MW,NL,NL,actual_offshore_wind_generation,Wind Offshore | Actual Consumption,2026-08-17T17:16:10Z
2026-08-17T17:12:16Z,2026-08-17T19:12:16+0200,f372a1fc-a0b6-48c3-b979-dc927b00239d,2026-08-08T17:45:00Z,2026-08-08T19:45:00+0200,368.019,MW,NL,NL,actual_offshore_wind_generation,Wind Offshore | Actual Aggregated,2026-08-17T17:16:10Z
2026-08-17T17:12:16Z,2026-08-17T19:12:16+0200,f372a1fc-a0b6-48c3-b979-dc927b00239d,2026-08-08T17:45:00Z,2026-08-08T19:45:00+0200,9.888,MW,NL,NL,actual_offshore_wind_generation,Wind Offshore | Actual Consumption,2026-08-17T17:16:10Z
2026-08-17T17:12:16Z,2026-08-17T19:12:16+0200,f372a1fc-a0b6-48c3-b979-dc927b00239d,2026-08-08T18:00:00Z,2026-08-08T20:00:00+0200,357.523,MW,NL,NL,actual_offshore_wind_generation,Wind Offshore | Actual Aggregated,2026-08-17T17:16:10Z
2026-08-17T17:12:16Z,2026-08-17T19:12:16+0200,f372a1fc-a0b6-48c3-b979-dc927b00239d,2026-08-08T18:00:00Z,2026-08-08T20:00:00+0200,9.845,MW,NL,NL,actual_offshore_wind_generation,Wind Offshore | Actual Consumption,2026-08-17T17:16:10Z
2026-08-17T17:12:16Z,2026-08-17T19:12:16+0200,f372a1fc-a0b6-48c3-b979-dc927b00239d,2026-08-08T18:15:00Z,2026-08-08T20:15:00+0200,359.673,MW,NL,NL,actual_offshore_wind_generation,Wind Offshore | Actual Aggregated,2026-08-17T17:16:10Z
2026-08-17T17:12:16Z,2026-08-17T19:12:16+0200,f372a1fc-a0b6-48c3-b979-dc927b00239d,2026-08-08T18:15:00Z,2026-08-08T20:15:00+0200,8.882,MW,NL,NL,actual_offshore_wind_generation,Wind Offshore | Actual Consumption,2026-08-17T17:16:10Z
2026-08-17T17:12:16Z,2026-08-17T19:12:16+0200,f372a1fc-a0b6-48c3-b979-dc927b00239d,2026-08-08T18:30:00Z,2026-08-08T20:30:00+0200,358.125,MW,NL,NL,actual_offshore_wind_generation,Wind Offshore | Actual Aggregated,2026-08-17T17:16:10Z
2026-08-17T17:12:16Z,2026-08-17T19:12:16+0200,f372a1fc-a0b6-48c3-b979-dc927b00239d,2026-08-08T18:30:00Z,2026-08-08T20:30:00+0200,5.803,MW,NL,NL,actual_offshore_wind_generation,Wind Offshore | Actual Consumption,2026-08-17T17:16:10Z
2026-08-17T17:12:16Z,2026-08-17T19:12:16+0200,f372a1fc-a0b6-48c3-b979-dc927b00239d,2026-08-08T18:45:00Z,2026-08-08T20:45:00+0200,357.874,MW,NL,NL,actual_offshore_wind_generation,Wind Offshore | Actual Aggregated,2026-08-17T17:16:10Z
2026-08-17T17:12:16Z,2026-08-17T19:12:16+0200,f372a1fc-a0b6-48c3-b979-dc927b00239d,2026-08-08T18:45:00Z,2026-08-08T20:45:00+0200,1.491,MW,NL,NL,actual_offshore_wind_generation,Wind Offshore | Actual Consumption,2026-08-17T17:16:10Z
2026-08-17T17:12:16Z,2026-08-17T19:12:16+0200,f372a1fc-a0b6-48c3-b979-dc927b00239d,2026-08-08T19:00:00Z,2026-08-08T21:00:00+0200,380.948,MW,NL,NL,actual_offshore_wind_generation,Wind Offshore | Actual Aggregated,2026-08-17T17:16:10Z
2026-08-17T17:12:16Z,2026-08-17T19:12:16+0200,f372a1fc-a0b6-48c3-b979-dc927b00239d,2026-08-08T19:00:00Z,2026-08-08T21:00:00+0200,0.943,MW,NL,NL,actual_offshore_wind_generation,Wind Offshore | Actual Consumption,2026-08-17T17:16:10Z
2026-08-17T17:12:16Z,2026-08-17T19:12:16+0200,f372a1fc-a0b6-48c3-b979-dc927b00239d,2026-08-08T19:15:00Z,2026-08-08T21:15:00+0200,437.496,MW,NL,NL,actual_offshore_wind_generation,Wind Offshore | Actual Aggregated,2026-08-17T17:16:10Z
2026-08-17T17:12:16Z,2026-08-17T19:12:16+0200,f372a1fc-a0b6-48c3-b979-dc927b00239d,2026-08-08T19:15:00Z,2026-08-08T21:15:00+0200,1.317,MW,NL,NL,actual_offshore_wind_generation,Wind Offshore | Actual Consumption,2026-08-17T17:16:10Z
2026-08-17T17:12:16Z,2026-08-17T19:12:16+0200,f372a1fc-a0b6-48c3-b979-dc927b00239d,2026-08-08T19:30:00Z,2026-08-08T21:30:00+0200,468.59,MW,NL,NL,actual_offshore_wind_generation,Wind Offshore | Actual Aggregated,2026-08-17T17:16:10Z
2026-08-17T17:12:16Z,2026-08-17T19:12:16+0200,f372a1fc-a0b6-48c3-b979-dc927b00239d,2026-08-08T19:30:00Z,2026-08-08T21:30:00+0200,1.943,MW,NL,NL,actual_offshore_wind_generation,Wind Offshore | Actual Consumption,2026-08-17T17:16:10Z
2026-08-17T17:12:16Z,2026-08-17T19:12:16+0200,f372a1fc-a0b6-48c3-b979-dc927b00239d,2026-08-08T19:45:00Z,2026-08-08T21:45:00+0200,470.81,MW,NL,NL,actual_offshore_wind_generation,Wind Offshore | Actual Aggregated,2026-08-17T17:16:10Z
2026-08-17T17:12:16Z,2026-08-17T19:12:16+0200,f372a1fc-a0b6-48c3-b979-dc927b00239d,2026-08-08T19:45:00Z,2026-08-08T21:45:00+0200,1.547,MW,NL,NL,actual_offshore_wind_generation,Wind Offshore | Actual Consumption,2026-08-17T17:16:10Z
2026-08-17T17:12:16Z,2026-08-17T19:12:16+0200,f372a1fc-a0b6-48c3-b979-dc927b00239d,2026-08-08T20:00:00Z,2026-08-08T22:00:00+0200,471.29,MW,NL,NL,actual_offshore_wind_generation,Wind Offshore | Actual Aggregated,2026-08-17T17:16:10Z
2026-08-17T17:12:16Z,2026-08-17T19:12:16+0200,f372a1fc-a0b6-48c3-b979-dc927b00239d,2026-08-08T20:00:00Z,2026-08-08T22:00:00+0200,1.582,MW,NL,NL,actual_offshore_wind_generation,Wind Offshore | Actual Consumption,2026-08-17T17:16:10Z
2026-08-17T17:12:16Z,2026-08-17T19:12:16+0200,f372a1fc-a0b6-48c3-b979-dc927b00239d,2026-08-08T20:15:00Z,2026-08-08T22:15:00+0200,436.109,MW,NL,NL,actual_offshore_wind_generation,Wind Offshore | Actual Aggregated,2026-08-17T17:16:10Z
2026-08-17T17:12:16Z,2026-08-17T19:12:16+0200,f372a1fc-a0b6-48c3-b979-dc927b00239d,2026-08-08T20:15:00Z,2026-08-08T22:15:00+0200,1.48,MW,NL,NL,actual_offshore_wind_generation,Wind Offshore | Actual Consumption,2026-08-17T17:16:10Z
2026-08-17T17:12:16Z,2026-08-17T19:12:16+0200,f372a1fc-a0b6-48c3-b979-dc927b00239d,2026-08-08T20:30:00Z,2026-08-08T22:30:00+0200,374.845,MW,NL,NL,actual_offshore_wind_generation,Wind Offshore | Actual Aggregated,2026-08-17T17:16:10Z
2026-08-17T17:12:16Z,2026-08-17T19:12:16+0200,f372a1fc-a0b6-48c3-b979-dc927b00239d,2026-08-08T20:30:00Z,2026-08-08T22:30:00+0200,0.741,MW,NL,NL,actual_offshore_wind_generation,Wind Offshore | Actual Consumption,2026-08-17T17:16:10Z
2026-08-17T17:12:16Z,2026-08-17T19:12:16+0200,f372a1fc-a0b6-48c3-b979-dc927b00239d,2026-08-08T20:45:00Z,2026-08-08T22:45:00+0200,345.174,MW,NL,NL,actual_offshore_wind_generation,Wind Offshore | Actual Aggregated,2026-08-17T17:16:10Z
2026-08-17T17:12:16Z,2026-08-17T19:12:16+0200,f372a1fc-a0b6-48c3-b979-dc927b00239d,2026-08-08T20:45:00Z,2026-08-08T22:45:00+0200,0.0,MW,NL,NL,actual_offshore_wind_generation,Wind Offshore | Actual Consumption,2026-08-17T17:16:10Z
2026-08-17T17:12:16Z,2026-08-17T19:12:16+0200,f372a1fc-a0b6-48c3-b979-dc927b00239d,2026-08-08T21:00:00Z,2026-08-08T23:00:00+0200,351.579,MW,NL,NL,actual_offshore_wind_generation,Wind Offshore | Actual Aggregated,2026-08-17T17:16:10Z
2026-08-17T17:12:16Z,2026-08-17T19:12:16+0200,f372a1fc-a0b6-48c3-b979-dc927b00239d,2026-08-08T21:00:00Z,2026-08-08T23:00:00+0200,0.0,MW,NL,NL,actual_offshore_wind_generation,Wind Offshore | Actual Consumption,2026-08-17T17:16:10Z
2026-08-17T17:12:16Z,2026-08-17T19:12:16+0200,f372a1fc-a0b6-48c3-b979-dc927b00239d,2026-08-08T21:15:00Z,2026-08-08T23:15:00+0200,383.363,MW,NL,NL,actual_offshore_wind_generation,Wind Offshore | Actual Aggregated,2026-08-17T17:16:10Z
2026-08-17T17:12:16Z,2026-08-17T19:12:16+0200,f372a1fc-a0b6-48c3-b979-dc927b00239d,2026-08-08T21:15:00Z,2026-08-08T23:15:00+0200,0.0,MW,NL,NL,actual_offshore_wind_generation,Wind Offshore | Actual Consumption,2026-08-17T17:16:10Z
2026-08-17T17:12:16Z,2026-08-17T19:12:16+0200,f372a1fc-a0b6-48c3-b979-dc927b00239d,2026-08-08T21:30:00Z,2026-08-08T23:30:00+0200,406.99,MW,NL,NL,actual_offshore_wind_generation,Wind Offshore | Actual Aggregated,2026-08-17T17:16:10Z
2026-08-17T17:12:16Z,2026-08-17T19:12:16+0200,f372a1fc-a0b6-48c3-b979-dc927b00239d,2026-08-08T21:30:00Z,2026-08-08T23:30:00+0200,0.0,MW,NL,NL,actual_offshore_wind_generation,Wind Offshore | Actual Consumption,2026-08-17T17:16:10Z
2026-08-17T17:12:16Z,2026-08-17T19:12:16+0200,f372a1fc-a0b6-48c3-b979-dc927b00239d,2026-08-08T21:45:00Z,2026-08-08T23:45:00+0200,439.545,MW,NL,NL,actual_offshore_wind_generation,Wind Offshore | Actual Aggregated,2026-08-17T17:16:10Z
2026-08-17T17:12:16Z,2026-08-17T19:12:16+0200,f372a1fc-a0b6-48c3-b979-dc927b00239d,2026-08-08T21:45:00Z,2026-08-08T23:45:00+0200,0.0,MW,NL,NL,actual_offshore_wind_generation,Wind Offshore | Actual Consumption,2026-08-17T17:16:10Z
2026-08-17T17:12:16Z,2026-08-17T19:12:16+0200,f372a1fc-a0b6-48c3-b979-dc927b00239d,2026-08-08T22:00:00Z,2026-08-09T00:00:00+0200,467.307,MW,NL,NL,actual_offshore_wind_generation,Wind Offshore | Actual Aggregated,2026-08-17T17:16:10Z
2026-08-17T17:12:16Z,2026-08-17T19:12:16+0200,f372a1fc-a0b6-48c3-b979-dc927b00239d,2026-08-08T22:00:00Z,2026-08-09T00:00:00+0200,0.919,MW,NL,NL,actual_offshore_wind_generation,Wind Offshore | Actual Consumption,2026-08-17T17:16:10Z
2026-08-17T17:12:16Z,2026-08-17T19:12:16+0200,f372a1fc-a0b6-48c3-b979-dc927b00239d,2026-08-08T22:15:00Z,2026-08-09T00:15:00+0200,480.906,MW,NL,NL,actual_offshore_wind_generation,Wind Offshore | Actual Aggregated,2026-08-17T17:16:10Z
2026-08-17T17:12:16Z,2026-08-17T19:12:16+0200,f372a1fc-a0b6-48c3-b979-dc927b00239d,2026-08-08T22:15:00Z,2026-08-09T00:15:00+0200,1.08,MW,NL,NL,actual_offshore_wind_generation,Wind Offshore | Actual Consumption,2026-08-17T17:16:10Z
2026-08-17T17:12:16Z,2026-08-17T19:12:16+0200,f372a1fc-a0b6-48c3-b979-dc927b00239d,2026-08-08T22:30:00Z,2026-08-09T00:30:00+0200,505.025,MW,NL,NL,actual_offshore_wind_generation,Wind Offshore | Actual Aggregated,2026-08-17T17:16:10Z
2026-08-17T17:12:16Z,2026-08-17T19:12:16+0200,f372a1fc-a0b6-48c3-b979-dc927b00239d,2026-08-08T22:30:00Z,2026-08-09T00:30:00+0200,1.249,MW,NL,NL,actual_offshore_wind_generation,Wind Offshore | Actual Consumption,2026-08-17T17:16:10Z
2026-08-17T17:12:16Z,2026-08-17T19:12:16+0200,f372a1fc-a0b6-48c3-b979-dc927b00239d,2026-08-08T22:45:00Z,2026-08-09T00:45:00+0200,582.028,MW,NL,NL,actual_offshore_wind_generation,Wind Offshore | Actual Aggregated,2026-08-17T17:16:10Z
2026-08-17T17:12:16Z,2026-08-17T19:12:16+0200,f372a1fc-a0b6-48c3-b979-dc927b00239d,2026-08-08T22:45:00Z,2026-08-09T00:45:00+0200,1.371,MW,NL,NL,actual_offshore_wind_generation,Wind Offshore | Actual Consumption,2026-08-17T17:16:10Z
2026-08-17T17:12:16Z,2026-08-17T19:12:16+0200,f372a1fc-a0b6-48c3-b979-dc927b00239d,2026-08-08T23:00:00Z,2026-08-09T01:00:00+0200,644.496,MW,NL,NL,actual_offshore_wind_generation,Wind Offshore | Actual Aggregated,2026-08-17T17:16:10Z
2026-08-17T17:12:16Z,2026-08-17T19:12:16+0200,f372a1fc-a0b6-48c3-b979-dc927b00239d,2026-08-08T23:00:00Z,2026-08-09T01:00:00+0200,1.402,MW,NL,NL,actual_offshore_wind_generation,Wind Offshore | Actual Consumption,2026-08-17T17:16:10Z
2026-08-17T17:12:16Z,2026-08-17T19:12:16+0200,f372a1fc-a0b6-48c3-b979-dc927b00239d,2026-08-08T23:15:00Z,2026-08-09T01:15:00+0200,694.996,MW,NL,NL,actual_offshore_wind_generation,Wind Offshore | Actual Aggregated,2026-08-17T17:16:10Z
2026-08-17T17:12:16Z,2026-08-17T19:12:16+0200,f372a1fc-a0b6-48c3-b979-dc927b00239d,2026-08-08T23:15:00Z,2026-08-09T01:15:00+0200,1.553,MW,NL,NL,actual_offshore_wind_generation,Wind Offshore | Actual Consumption,2026-08-17T17:16:10Z
2026-08-17T17:12:16Z,2026-08-17T19:12:16+0200,f372a1fc-a0b6-48c3-b979-dc927b00239d,2026-08-08T23:30:00Z,2026-08-09T01:30:00+0200,729.996,MW,NL,NL,actual_offshore_wind_generation,Wind Offshore | Actual Aggregated,2026-08-17T17:16:10Z
2026-08-17T17:12:16Z,2026-08-17T19:12:16+0200,f372a1fc-a0b6-48c3-b979-dc927b00239d,2026-08-08T23:30:00Z,2026-08-09T01:30:00+0200,2.689,MW,NL,NL,actual_offshore_wind_generation,Wind Offshore | Actual Consumption,2026-08-17T17:16:10Z
2026-08-17T17:12:16Z,2026-08-17T19:12:16+0200,f372a1fc-a0b6-48c3-b979-dc927b00239d,2026-08-08T23:45:00Z,2026-08-09T01:45:00+0200,768.21,MW,NL,NL,actual_offshore_wind_generation,Wind Offshore | Actual Aggregated,2026-08-17T17:16:10Z
2026-08-17T17:12:16Z,2026-08-17T19:12:16+0200,f372a1fc-a0b6-48c3-b979-dc927b00239d,2026-08-08T23:45:00Z,2026-08-09T01:45:00+0200,3.506,MW,NL,NL,actual_offshore_wind_generation,Wind Offshore | Actual Consumption,2026-08-17T17:16:10Z
2026-08-17T17:12:16Z,2026-08-17T19:12:16+0200,f372a1fc-a0b6-48c3-b979-dc927b00239d,2026-08-09T00:00:00Z,2026-08-09T02:00:00+0200,768.306,MW,NL,NL,actual_offshore_wind_generation,Wind Offshore | Actual Aggregated,2026-08-17T17:16:10Z
2026-08-17T17:12:16Z,2026-08-17T19:12:16+0200,f372a1fc-a0b6-48c3-b979-dc927b00239d,2026-08-09T00:00:00Z,2026-08-09T02:00:00+0200,3.278,MW,NL,NL,actual_offshore_wind_generation,Wind Offshore | Actual Consumption,2026-08-17T17:16:10Z
2026-08-17T17:12:16Z,2026-08-17T19:12:16+0200,f372a1fc-a0b6-48c3-b979-dc927b00239d,2026-08-09T00:15:00Z,2026-08-09T02:15:00+0200,745.561,MW,NL,NL,actual_offshore_wind_generation,Wind Offshore | Actual Aggregated,2026-08-17T17:16:10Z
2026-08-17T17:12:16Z,2026-08-17T19:12:16+0200,f372a1fc-a0b6-48c3-b979-dc927b00239d,2026-08-09T00:15:00Z,2026-08-09T02:15:00+0200,1.025,MW,NL,NL,actual_offshore_wind_generation,Wind Offshore | Actual Consumption,2026-08-17T17:16:10Z
2026-08-17T17:12:16Z,2026-08-17T19:12:16+0200,f372a1fc-a0b6-48c3-b979-dc927b00239d,2026-08-09T00:30:00Z,2026-08-09T02:30:00+0200,702.444,MW,NL,NL,actual_offshore_wind_generation,Wind Offshore | Actual Aggregated,2026-08-17T17:16:10Z
2026-08-17T17:12:16Z,2026-08-17T19:12:16+0200,f372a1fc-a0b6-48c3-b979-dc927b00239d,2026-08-09T00:30:00Z,2026-08-09T02:30:00+0200,1.817,MW,NL,NL,actual_offshore_wind_generation,Wind Offshore | Actual Consumption,2026-08-17T17:16:10Z
2026-08-17T17:12:16Z,2026-08-17T19:12:16+0200,f372a1fc-a0b6-48c3-b979-dc927b00239d,2026-08-09T00:45:00Z,2026-08-09T02:45:00+0200,674.503,MW,NL,NL,actual_offshore_wind_generation,Wind Offshore | Actual Aggregated,2026-08-17T17:16:10Z
2026-08-17T17:12:16Z,2026-08-17T19:12:16+0200,f372a1fc-a0b6-48c3-b979-dc927b00239d,2026-08-09T00:45:00Z,2026-08-09T02:45:00+0200,3.49,MW,NL,NL,actual_offshore_wind_generation,Wind Offshore | Actual Consumption,2026-08-17T17:16:10Z
2026-08-17T17:12:16Z,2026-08-17T19:12:16+0200,f372a1fc-a0b6-48c3-b979-dc927b00239d,2026-08-09T01:00:00Z,2026-08-09T03:00:00+0200,647.2,MW,NL,NL,actual_offshore_wind_generation,Wind Offshore | Actual Aggregated,2026-08-17T17:16:10Z
2026-08-17T17:12:16Z,2026-08-17T19:12:16+0200,f372a1fc-a0b6-48c3-b979-dc927b00239d,2026-08-09T01:00:00Z,2026-08-09T03:00:00+0200,2.643,MW,NL,NL,actual_offshore_wind_generation,Wind Offshore | Actual Consumption,2026-08-17T17:16:10Z
2026-08-17T17:12:16Z,2026-08-17T19:12:16+0200,f372a1fc-a0b6-48c3-b979-dc927b00239d,2026-08-09T01:15:00Z,2026-08-09T03:15:00+0200,593.975,MW,NL,NL,actual_offshore_wind_generation,Wind Offshore | Actual Aggregated,2026-08-17T17:16:10Z
2026-08-17T17:12:16Z,2026-08-17T19:12:16+0200,f372a1fc-a0b6-48c3-b979-dc927b00239d,2026-08-09T01:15:00Z,2026-08-09T03:15:00+0200,1.938,MW,NL,NL,actual_offshore_wind_generation,Wind Offshore | Actual Consumption,2026-08-17T17:16:10Z
2026-08-17T17:12:16Z,2026-08-17T19:12:16+0200,f372a1fc-a0b6-48c3-b979-dc927b00239d,2026-08-09T01:30:00Z,2026-08-09T03:30:00+0200,572.189,MW,NL,NL,actual_offshore_wind_generation,Wind Offshore | Actual Aggregated,2026-08-17T17:16:10Z
2026-08-17T17:12:16Z,2026-08-17T19:12:16+0200,f372a1fc-a0b6-48c3-b979-dc927b00239d,2026-08-09T01:30:00Z,2026-08-09T03:30:00+0200,1.982,MW,NL,NL,actual_offshore_wind_generation,Wind Offshore | Actual Consumption,2026-08-17T17:16:10Z
2026-08-17T17:12:16Z,2026-08-17T19:12:16+0200,f372a1fc-a0b6-48c3-b979-dc927b00239d,2026-08-09T01:45:00Z,2026-08-09T03:45:00+0200,527.748,MW,NL,NL,actual_offshore_wind_generation,Wind Offshore | Actual Aggregated,2026-08-17T17:16:10Z
2026-08-17T17:12:16Z,2026-08-17T19:12:16+0200,f372a1fc-a0b6-48c3-b979-dc927b00239d,2026-08-09T01:45:00Z,2026-08-09T03:45:00+0200,1.454,MW,NL,NL,actual_offshore_wind_generation,Wind Offshore | Actual Consumption,2026-08-17T17:16:10Z
2026-08-17T17:12:16Z,2026-08-17T19:12:16+0200,f372a1fc-a0b6-48c3-b979-dc927b00239d,2026-08-09T02:00:00Z,2026-08-09T04:00:00+0200,486.191,MW,NL,NL,actual_offshore_wind_generation,Wind Offshore | Actual Aggregated,2026-08-17T17:16:10Z
2026-08-17T17:12:16Z,2026-08-17T19:12:16+0200,f372a1fc-a0b6-48c3-b979-dc927b00239d,2026-08-09T02:00:00Z,2026-08-09T04:00:00+0200,1.644,MW,NL,NL,actual_offshore_wind_generation,Wind Offshore | Actual Consumption,2026-08-17T17:16:10Z
2026-08-17T17:12:16Z,2026-08-17T19:12:16+0200,f372a1fc-a0b6-48c3-b979-dc927b00239d,2026-08-09T02:15:00Z,2026-08-09T04:15:00+0200,424.937,MW,NL,NL,actual_offshore_wind_generation,Wind Offshore | Actual Aggregated,2026-08-17T17:16:10Z
2026-08-17T17:12:16Z,2026-08-17T19:12:16+0200,f372a1fc-a0b6-48c3-b979-dc927b00239d,2026-08-09T02:15:00Z,2026-08-09T04:15:00+0200,1.387,MW,NL,NL,actual_offshore_wind_generation,Wind Offshore | Actual Consumption,2026-08-17T17:16:10Z
2026-08-17T17:12:16Z,2026-08-17T19:12:16+0200,f372a1fc-a0b6-48c3-b979-dc927b00239d,2026-08-09T02:30:00Z,2026-08-09T04:30:00+0200,386.394,MW,NL,NL,actual_offshore_wind_generation,Wind Offshore | Actual Aggregated,2026-08-17T17:16:10Z
2026-08-17T17:12:16Z,2026-08-17T19:12:16+0200,f372a1fc-a0b6-48c3-b979-dc927b00239d,2026-08-09T02:30:00Z,2026-08-09T04:30:00+0200,1.057,MW,NL,NL,actual_offshore_wind_generation,Wind Offshore | Actual Consumption,2026-08-17T17:16:10Z
2026-08-17T17:12:16Z,2026-08-17T19:12:16+0200,f372a1fc-a0b6-48c3-b979-dc927b00239d,2026-08-09T02:45:00Z,2026-08-09T04:45:00+0200,377.397,MW,NL,NL,actual_offshore_wind_generation,Wind Offshore | Actual Aggregated,2026-08-17T17:16:10Z
2026-08-17T17:12:16Z,2026-08-17T19:12:16+0200,f372a1fc-a0b6-48c3-b979-dc927b00239d,2026-08-09T02:45:00Z,2026-08-09T04:45:00+0200,0.975,MW,NL,NL,actual_offshore_wind_generation,Wind Offshore | Actual Consumption,2026-08-17T17:16:10Z
2026-08-17T17:12:16Z,2026-08-17T19:12:16+0200,f372a1fc-a0b6-48c3-b979-dc927b00239d,2026-08-09T03:00:00Z,2026-08-09T05:00:00+0200,336.6,MW,NL,NL,actual_offshore_wind_generation,Wind Offshore | Actual Aggregated,2026-08-17T17:16:10Z
2026-08-17T17:12:16Z,2026-08-17T19:12:16+0200,f372a1fc-a0b6-48c3-b979-dc927b00239d,2026-08-09T03:00:00Z,2026-08-09T05:00:00+0200,1.03,MW,NL,NL,actual_offshore_wind_generation,Wind Offshore | Actual Consumption,2026-08-17T17:16:10Z
2026-08-17T17:12:16Z,2026-08-17T19:12:16+0200,f372a1fc-a0b6-48c3-b979-dc927b00239d,2026-08-09T03:15:00Z,2026-08-09T05:15:00+0200,290.152,MW,NL,NL,actual_offshore_wind_generation,Wind Offshore | Actual Aggregated,2026-08-17T17:16:10Z
2026-08-17T17:12:16Z,2026-08-17T19:12:16+0200,f372a1fc-a0b6-48c3-b979-dc927b00239d,2026-08-09T03:15:00Z,2026-08-09T05:15:00+0200,0.677,MW,NL,NL,actual_offshore_wind_generation,Wind Offshore | Actual Consumption,2026-08-17T17:16:10Z
2026-08-17T17:12:16Z,2026-08-17T19:12:16+0200,f372a1fc-a0b6-48c3-b979-dc927b00239d,2026-08-09T03:30:00Z,2026-08-09T05:30:00+0200,255.423,MW,NL,NL,actual_offshore_wind_generation,Wind Offshore | Actual Aggregated,2026-08-17T17:16:10Z
2026-08-17T17:12:16Z,2026-08-17T19:12:16+0200,f372a1fc-a0b6-48c3-b979-dc927b00239d,2026-08-09T03:30:00Z,2026-08-09T05:30:00+0200,0.127,MW,NL,NL,actual_offshore_wind_generation,Wind Offshore | Actual Consumption,2026-08-17T17:16:10Z
2026-08-17T17:12:16Z,2026-08-17T19:12:16+0200,f372a1fc-a0b6-48c3-b979-dc927b00239d,2026-08-09T03:45:00Z,2026-08-09T05:45:00+0200,245.734,MW,NL,NL,actual_offshore_wind_generation,Wind Offshore | Actual Aggregated,2026-08-17T17:16:10Z
2026-08-17T17:12:16Z,2026-08-17T19:12:16+0200,f372a1fc-a0b6-48c3-b979-dc927b00239d,2026-08-09T03:45:00Z,2026-08-09T05:45:00+0200,0.595,MW,NL,NL,actual_offshore_wind_generation,Wind Offshore | Actual Consumption,2026-08-17T17:16:10Z
2026-08-17T17:12:16Z,2026-08-17T19:12:16+0200,f372a1fc-a0b6-48c3-b979-dc927b00239d,2026-08-09T04:00:00Z,2026-08-09T06:00:00+0200,249.563,MW,NL,NL,actual_offshore_wind_generation,Wind Offshore | Actual Aggregated,2026-08-17T17:16:10Z
2026-08-17T17:12:16Z,2026-08-17T19:12:16+0200,f372a1fc-a0b6-48c3-b979-dc927b00239d,2026-08-09T04:00:00Z,2026-08-09T06:00:00+0200,1.391,MW,NL,NL,actual_offshore_wind_generation,Wind Offshore | Actual Consumption,2026-08-17T17:16:10Z
2026-08-17T17:12:16Z,2026-08-17T19:12:16+0200,f372a1fc-a0b6-48c3-b979-dc927b00239d,2026-08-09T04:15:00Z,2026-08-09T06:15:00+0200,223.559,MW,NL,NL,actual_offshore_wind_generation,Wind Offshore | Actual Aggregated,2026-08-17T17:16:10Z
2026-08-17T17:12:16Z,2026-08-17T19:12:16+0200,f372a1fc-a0b6-48c3-b979-dc927b00239d,2026-08-09T04:15:00Z,2026-08-09T06:15:00+0200,1.355,MW,NL,NL,actual_offshore_wind_generation,Wind Offshore | Actual Consumption,2026-08-17T17:16:10Z
2026-08-17T17:12:16Z,2026-08-17T19:12:16+0200,f372a1fc-a0b6-48c3-b979-dc927b00239d,2026-08-09T04:30:00Z,2026-08-09T06:30:00+0200,180.84,MW,NL,NL,actual_offshore_wind_generation,Wind Offshore | Actual Aggregated,2026-08-17T17:16:10Z
2026-08-17T17:12:16Z,2026-08-17T19:12:16+0200,f372a1fc-a0b6-48c3-b979-dc927b00239d,2026-08-09T04:30:00Z,2026-08-09T06:30:00+0200,0.562,MW,NL,NL,actual_offshore_wind_generation,Wind Offshore | Actual Consumption,2026-08-17T17:16:10Z
2026-08-17T17:12:16Z,2026-08-17T19:12:16+0200,f372a1fc-a0b6-48c3-b979-dc927b00239d,2026-08-09T04:45:00Z,2026-08-09T06:45:00+0200,151.488,MW,NL,NL,actual_offshore_wind_generation,Wind Offshore | Actual Aggregated,2026-08-17T17:16:10Z
2026-08-17T17:12:16Z,2026-08-17T19:12:16+0200,f372a1fc-a0b6-48c3-b979-dc927b00239d,2026-08-09T04:45:00Z,2026-08-09T06:45:00+0200,1.081,MW,NL,NL,actual_offshore_wind_generation,Wind Offshore | Actual Consumption,2026-08-17T17:16:10Z
2026-08-17T17:12:16Z,2026-08-17T19:12:16+0200,f372a1fc-a0b6-48c3-b979-dc927b00239d,2026-08-09T05:00:00Z,2026-08-09T07:00:00+0200,144.402,MW,NL,NL,actual_offshore_wind_generation,Wind Offshore | Actual Aggregated,2026-08-17T17:16:10Z
2026-08-17T17:12:16Z,2026-08-17T19:12:16+0200,f372a1fc-a0b6-48c3-b979-dc927b00239d,2026-08-09T05:00:00Z,2026-08-09T07:00:00+0200,2.089,MW,NL,NL,actual_offshore_wind_generation,Wind Offshore | Actual Consumption,2026-08-17T17:16:10Z
2026-08-17T17:12:16Z,2026-08-17T19:12:16+0200,f372a1fc-a0b6-48c3-b979-dc927b00239d,2026-08-09T05:15:00Z,2026-08-09T07:15:00+0200,158.857,MW,NL,NL,actual_offshore_wind_generation,Wind Offshore | Actual Aggregated,2026-08-17T17:16:10Z
2026-08-17T17:12:16Z,2026-08-17T19:12:16+0200,f372a1fc-a0b6-48c3-b979-dc927b00239d,2026-08-09T05:15:00Z,2026-08-09T07:15:00+0200,2.098,MW,NL,NL,actual_offshore_wind_generation,Wind Offshore | Actual Consumption,2026-08-17T17:16:10Z
2026-08-17T17:12:16Z,2026-08-17T19:12:16+0200,f372a1fc-a0b6-48c3-b979-dc927b00239d,2026-08-09T05:30:00Z,2026-08-09T07:30:00+0200,162.775,MW,NL,NL,actual_offshore_wind_generation,Wind Offshore | Actual Aggregated,2026-08-17T17:16:10Z
2026-08-17T17:12:16Z,2026-08-17T19:12:16+0200,f372a1fc-a0b6-48c3-b979-dc927b00239d,2026-08-09T05:30:00Z,2026-08-09T07:30:00+0200,1.091,MW,NL,NL,actual_offshore_wind_generation,Wind Offshore | Actual Consumption,2026-08-17T17:16:10Z
2026-08-17T17:12:16Z,2026-08-17T19:12:16+0200,f372a1fc-a0b6-48c3-b979-dc927b00239d,2026-08-09T05:45:00Z,2026-08-09T07:45:00+0200,154.432,MW,NL,NL,actual_offshore_wind_generation,Wind Offshore | Actual Aggregated,2026-08-17T17:16:10Z
2026-08-17T17:12:16Z,2026-08-17T19:12:16+0200,f372a1fc-a0b6-48c3-b979-dc927b00239d,2026-08-09T05:45:00Z,2026-08-09T07:45:00+0200,1.27,MW,NL,NL,actual_offshore_wind_generation,Wind Offshore | Actual Consumption,2026-08-17T17:16:10Z
2026-08-17T17:12:16Z,2026-08-17T19:12:16+0200,f372a1fc-a0b6-48c3-b979-dc927b00239d,2026-08-09T06:00:00Z,2026-08-09T08:00:00+0200,116.583,MW,NL,NL,actual_offshore_wind_generation,Wind Offshore | Actual Aggregated,2026-08-17T17:16:10Z
2026-08-17T17:12:16Z,2026-08-17T19:12:16+0200,f372a1fc-a0b6-48c3-b979-dc927b00239d,2026-08-09T06:00:00Z,2026-08-09T08:00:00+0200,3.487,MW,NL,NL,actual_offshore_wind_generation,Wind Offshore | Actual Consumption,2026-08-17T17:16:10Z
2026-08-17T17:12:16Z,2026-08-17T19:12:16+0200,f372a1fc-a0b6-48c3-b979-dc927b00239d,2026-08-09T06:15:00Z,2026-08-09T08:15:00+0200,118.624,MW,NL,NL,actual_offshore_wind_generation,Wind Offshore | Actual Aggregated,2026-08-17T17:16:10Z
2026-08-17T17:12:16Z,2026-08-17T19:12:16+0200,f372a1fc-a0b6-48c3-b979-dc927b00239d,2026-08-09T06:15:00Z,2026-08-09T08:15:00+0200,3.636,MW,NL,NL,actual_offshore_wind_generation,Wind Offshore | Actual Consumption,2026-08-17T17:16:10Z
2026-08-17T17:12:16Z,2026-08-17T19:12:16+0200,f372a1fc-a0b6-48c3-b979-dc927b00239d,2026-08-09T06:30:00Z,2026-08-09T08:30:00+0200,115.467,MW,NL,NL,actual_offshore_wind_generation,Wind Offshore | Actual Aggregated,2026-08-17T17:16:10Z
2026-08-17T17:12:16Z,2026-08-17T19:12:16+0200,f372a1fc-a0b6-48c3-b979-dc927b00239d,2026-08-09T06:30:00Z,2026-08-09T08:30:00+0200,3.08,MW,NL,NL,actual_offshore_wind_generation,Wind Offshore | Actual Consumption,2026-08-17T17:16:10Z
2026-08-17T17:12:16Z,2026-08-17T19:12:16+0200,f372a1fc-a0b6-48c3-b979-dc927b00239d,2026-08-09T06:45:00Z,2026-08-09T08:45:00+0200,109.347,MW,NL,NL,actual_offshore_wind_generation,Wind Offshore | Actual Aggregated,2026-08-17T17:16:10Z
2026-08-17T17:12:16Z,2026-08-17T19:12:16+0200,f372a1fc-a0b6-48c3-b979-dc927b00239d,2026-08-09T06:45:00Z,2026-08-09T08:45:00+0200,4.115,MW,NL,NL,actual_offshore_wind_generation,Wind Offshore | Actual Consumption,2026-08-17T17:16:10Z
2026-08-17T17:12:16Z,2026-08-17T19:12:16+0200,f372a1fc-a0b6-48c3-b979-dc927b00239d,2026-08-09T07:00:00Z,2026-08-09T09:00:00+0200,124.296,MW,NL,NL,actual_offshore_wind_generation,Wind Offshore | Actual Aggregated,2026-08-17T17:16:10Z
2026-08-17T17:12:16Z,2026-08-17T19:12:16+0200,f372a1fc-a0b6-48c3-b979-dc927b00239d,2026-08-09T07:00:00Z,2026-08-09T09:00:00+0200,3.384,MW,NL,NL,actual_offshore_wind_generation,Wind Offshore | Actual Consumption,2026-08-17T17:16:10Z
2026-08-17T17:12:16Z,2026-08-17T19:12:16+0200,f372a1fc-a0b6-48c3-b979-dc927b00239d,2026-08-09T07:15:00Z,2026-08-09T09:15:00+0200,113.819,MW,NL,NL,actual_offshore_wind_generation,Wind Offshore | Actual Aggregated,2026-08-17T17:16:10Z
2026-08-17T17:12:16Z,2026-08-17T19:12:16+0200,f372a1fc-a0b6-48c3-b979-dc927b00239d,2026-08-09T07:15:00Z,2026-08-09T09:15:00+0200,2.554,MW,NL,NL,actual_offshore_wind_generation,Wind Offshore | Actual Consumption,2026-08-17T17:16:10Z
2026-08-17T17:12:16Z,2026-08-17T19:12:16+0200,f372a1fc-a0b6-48c3-b979-dc927b00239d,2026-08-09T07:30:00Z,2026-08-09T09:30:00+0200,119.515,MW,NL,NL,actual_offshore_wind_generation,Wind Offshore | Actual Aggregated,2026-08-17T17:16:10Z
2026-08-17T17:12:16Z,2026-08-17T19:12:16+0200,f372a1fc-a0b6-48c3-b979-dc927b00239d,2026-08-09T07:30:00Z,2026-08-09T09:30:00+0200,3.716,MW,NL,NL,actual_offshore_wind_generation,Wind Offshore | Actual Consumption,2026-08-17T17:16:10Z
2026-08-17T17:12:16Z,2026-08-17T19:12:16+0200,f372a1fc-a0b6-48c3-b979-dc927b00239d,2026-08-09T07:45:00Z,2026-08-09T09:45:00+0200,110.316,MW,NL,NL,actual_offshore_wind_generation,Wind Offshore | Actual Aggregated,2026-08-17T17:16:10Z
2026-08-17T17:12:16Z,2026-08-17T19:12:16+0200,f372a1fc-a0b6-48c3-b979-dc927b00239d,2026-08-09T07:45:00Z,2026-08-09T09:45:00+0200,4.234,MW,NL,NL,actual_offshore_wind_generation,Wind Offshore | Actual Consumption,2026-08-17T17:16:10Z
2026-08-17T17:12:16Z,2026-08-17T19:12:16+0200,f372a1fc-a0b6-48c3-b979-dc927b00239d,2026-08-09T08:00:00Z,2026-08-09T10:00:00+0200,108.975,MW,NL,NL,actual_offshore_wind_generation,Wind Offshore | Actual Aggregated,2026-08-17T17:16:10Z
2026-08-17T17:12:16Z,2026-08-17T19:12:16+0200,f372a1fc-a0b6-48c3-b979-dc927b00239d,2026-08-09T08:00:00Z,2026-08-09T10:00:00+0200,3.561,MW,NL,NL,actual_offshore_wind_generation,Wind Offshore | Actual Consumption,2026-08-17T17:16:10Z
2026-08-17T17:12:16Z,2026-08-17T19:12:16+0200,f372a1fc-a0b6-48c3-b979-dc927b00239d,2026-08-09T08:15:00Z,2026-08-09T10:15:00+0200,110.587,MW,NL,NL,actual_offshore_wind_generation,Wind Offshore | Actual Aggregated,2026-08-17T17:16:10Z
2026-08-17T17:12:16Z,2026-08-17T19:12:16+0200,f372a1fc-a0b6-48c3-b979-dc927b00239d,2026-08-09T08:15:00Z,2026-08-09T10:15:00+0200,5.413,MW,NL,NL,actual_offshore_wind_generation,Wind Offshore | Actual Consumption,2026-08-17T17:16:10Z
2026-08-17T17:12:16Z,2026-08-17T19:12:16+0200,f372a1fc-a0b6-48c3-b979-dc927b00239d,2026-08-09T08:30:00Z,2026-08-09T10:30:00+0200,106.516,MW,NL,NL,actual_offshore_wind_generation,Wind Offshore | Actual Aggregated,2026-08-17T17:16:10Z
2026-08-17T17:12:16Z,2026-08-17T19:12:16+0200,f372a1fc-a0b6-48c3-b979-dc927b00239d,2026-08-09T08:30:00Z,2026-08-09T10:30:00+0200,5.545,MW,NL,NL,actual_offshore_wind_generation,Wind Offshore | Actual Consumption,2026-08-17T17:16:10Z
2026-08-17T17:12:16Z,2026-08-17T19:12:16+0200,f372a1fc-a0b6-48c3-b979-dc927b00239d,2026-08-09T08:45:00Z,2026-08-09T10:45:00+0200,95.348,MW,NL,NL,actual_offshore_wind_generation,Wind Offshore | Actual Aggregated,2026-08-17T17:16:10Z
2026-08-17T17:12:16Z,2026-08-17T19:12:16+0200,f372a1fc-a0b6-48c3-b979-dc927b00239d,2026-08-09T08:45:00Z,2026-08-09T10:45:00+0200,4.166,MW,NL,NL,actual_offshore_wind_generation,Wind Offshore | Actual Consumption,2026-08-17T17:16:10Z
2026-08-17T17:12:16Z,2026-08-17T19:12:16+0200,f372a1fc-a0b6-48c3-b979-dc927b00239d,2026-08-09T09:00:00Z,2026-08-09T11:00:00+0200,77.362,MW,NL,NL,actual_offshore_wind_generation,Wind Offshore | Actual Aggregated,2026-08-17T17:16:10Z
2026-08-17T17:12:16Z,2026-08-17T19:12:16+0200,f372a1fc-a0b6-48c3-b979-dc927b00239d,2026-08-09T09:00:00Z,2026-08-09T11:00:00+0200,2.88,MW,NL,NL,actual_offshore_wind_generation,Wind Offshore | Actual Consumption,2026-08-17T17:16:10Z
2026-08-17T17:12:16Z,2026-08-17T19:12:16+0200,f372a1fc-a0b6-48c3-b979-dc927b00239d,2026-08-09T09:15:00Z,2026-08-09T11:15:00+0200,61.986,MW,NL,NL,actual_offshore_wind_generation,Wind Offshore | Actual Aggregated,2026-08-17T17:16:10Z
2026-08-17T17:12:16Z,2026-08-17T19:12:16+0200,f372a1fc-a0b6-48c3-b979-dc927b00239d,2026-08-09T09:15:00Z,2026-08-09T11:15:00+0200,6.752,MW,NL,NL,actual_offshore_wind_generation,Wind Offshore | Actual Consumption,2026-08-17T17:16:10Z
2026-08-17T17:12:16Z,2026-08-17T19:12:16+0200,f372a1fc-a0b6-48c3-b979-dc927b00239d,2026-08-09T09:30:00Z,2026-08-09T11:30:00+0200,58.519,MW,NL,NL,actual_offshore_wind_generation,Wind Offshore | Actual Aggregated,2026-08-17T17:16:10Z
2026-08-17T17:12:16Z,2026-08-17T19:12:16+0200,f372a1fc-a0b6-48c3-b979-dc927b00239d,2026-08-09T09:30:00Z,2026-08-09T11:30:00+0200,6.842,MW,NL,NL,actual_offshore_wind_generation,Wind Offshore | Actual Consumption,2026-08-17T17:16:10Z
2026-08-17T17:12:16Z,2026-08-17T19:12:16+0200,f372a1fc-a0b6-48c3-b979-dc927b00239d,2026-08-09T09:45:00Z,2026-08-09T11:45:00+0200,56.129,MW,NL,NL,actual_offshore_wind_generation,Wind Offshore | Actual Aggregated,2026-08-17T17:16:10Z
2026-08-17T17:12:16Z,2026-08-17T19:12:16+0200,f372a1fc-a0b6-48c3-b979-dc927b00239d,2026-08-09T09:45:00Z,2026-08-09T11:45:00+0200,7.174,MW,NL,NL,actual_offshore_wind_generation,Wind Offshore | Actual Consumption,2026-08-17T17:16:10Z
2026-08-17T17:12:16Z,2026-08-17T19:12:16+0200,f372a1fc-a0b6-48c3-b979-dc927b00239d,2026-08-09T10:00:00Z,2026-08-09T12:00:00+0200,46.695,MW,NL,NL,actual_offshore_wind_generation,Wind Offshore | Actual Aggregated,2026-08-17T17:16:10Z
2026-08-17T17:12:16Z,2026-08-17T19:12:16+0200,f372a1fc-a0b6-48c3-b979-dc927b00239d,2026-08-09T10:00:00Z,2026-08-09T12:00:00+0200,7.805,MW,NL,NL,actual_offshore_wind_generation,Wind Offshore | Actual Consumption,2026-08-17T17:16:10Z
2026-08-17T17:12:16Z,2026-08-17T19:12:16+0200,f372a1fc-a0b6-48c3-b979-dc927b00239d,2026-08-09T10:15:00Z,2026-08-09T12:15:00+0200,55.826,MW,NL,NL,actual_offshore_wind_generation,Wind Offshore | Actual Aggregated,2026-08-17T17:16:10Z
2026-08-17T17:12:16Z,2026-08-17T19:12:16+0200,f372a1fc-a0b6-48c3-b979-dc927b00239d,2026-08-09T10:15:00Z,2026-08-09T12:15:00+0200,7.859,MW,NL,NL,actual_offshore_wind_generation,Wind Offshore | Actual Consumption,2026-08-17T17:16:10Z
2026-08-17T17:12:16Z,2026-08-17T19:12:16+0200,f372a1fc-a0b6-48c3-b979-dc927b00239d,2026-08-09T10:30:00Z,2026-08-09T12:30:00+0200,65.117,MW,NL,NL,actual_offshore_wind_generation,Wind Offshore | Actual Aggregated,2026-08-17T17:16:10Z
2026-08-17T17:12:16Z,2026-08-17T19:12:16+0200,f372a1fc-a0b6-48c3-b979-dc927b00239d,2026-08-09T10:30:00Z,2026-08-09T12:30:00+0200,10.36,MW,NL,NL,actual_offshore_wind_generation,Wind Offshore | Actual Consumption,2026-08-17T17:16:10Z
2026-08-17T17:12:16Z,2026-08-17T19:12:16+0200,f372a1fc-a0b6-48c3-b979-dc927b00239d,2026-08-09T10:45:00Z,2026-08-09T12:45:00+0200,80.968,MW,NL,NL,actual_offshore_wind_generation,Wind Offshore | Actual Aggregated,2026-08-17T17:16:10Z
2026-08-17T17:12:16Z,2026-08-17T19:12:16+0200,f372a1fc-a0b6-48c3-b979-dc927b00239d,2026-08-09T10:45:00Z,2026-08-09T12:45:00+0200,13.979,MW,NL,NL,actual_offshore_wind_generation,Wind Offshore | Actual Consumption,2026-08-17T17:16:10Z
2026-08-17T17:12:16Z,2026-08-17T19:12:16+0200,f372a1fc-a0b6-48c3-b979-dc927b00239d,2026-08-09T11:00:00Z,2026-08-09T13:00:00+0200,84.604,MW,NL,NL,actual_offshore_wind_generation,Wind Offshore | Actual Aggregated,2026-08-17T17:16:10Z
2026-08-17T17:12:16Z,2026-08-17T19:12:16+0200,f372a1fc-a0b6-48c3-b979-dc927b00239d,2026-08-09T11:00:00Z,2026-08-09T13:00:00+0200,14.484,MW,NL,NL,actual_offshore_wind_generation,Wind Offshore | Actual Consumption,2026-08-17T17:16:10Z
2026-08-17T17:12:16Z,2026-08-17T19:12:16+0200,f372a1fc-a0b6-48c3-b979-dc927b00239d,2026-08-09T11:15:00Z,2026-08-09T13:15:00+0200,81.109,MW,NL,NL,actual_offshore_wind_generation,Wind Offshore | Actual Aggregated,2026-08-17T17:16:10Z
2026-08-17T17:12:16Z,2026-08-17T19:12:16+0200,f372a1fc-a0b6-48c3-b979-dc927b00239d,2026-08-09T11:15:00Z,2026-08-09T13:15:00+0200,12.851,MW,NL,NL,actual_offshore_wind_generation,Wind Offshore | Actual Consumption,2026-08-17T17:16:10Z
2026-08-17T17:12:16Z,2026-08-17T19:12:16+0200,f372a1fc-a0b6-48c3-b979-dc927b00239d,2026-08-09T11:30:00Z,2026-08-09T13:30:00+0200,74.032,MW,NL,NL,actual_offshore_wind_generation,Wind Offshore | Actual Aggregated,2026-08-17T17:16:10Z
2026-08-17T17:12:16Z,2026-08-17T19:12:16+0200,f372a1fc-a0b6-48c3-b979-dc927b00239d,2026-08-09T11:30:00Z,2026-08-09T13:30:00+0200,12.488,MW,NL,NL,actual_offshore_wind_generation,Wind Offshore | Actual Consumption,2026-08-17T17:16:10Z
2026-08-17T17:12:16Z,2026-08-17T19:12:16+0200,f372a1fc-a0b6-48c3-b979-dc927b00239d,2026-08-09T11:45:00Z,2026-08-09T13:45:00+0200,81.176,MW,NL,NL,actual_offshore_wind_generation,Wind Offshore | Actual Aggregated,2026-08-17T17:16:10Z
2026-08-17T17:12:16Z,2026-08-17T19:12:16+0200,f372a1fc-a0b6-48c3-b979-dc927b00239d,2026-08-09T11:45:00Z,2026-08-09T13:45:00+0200,14.455,MW,NL,NL,actual_offshore_wind_generation,Wind Offshore | Actual Consumption,2026-08-17T17:16:10Z
2026-08-17T17:12:16Z,2026-08-17T19:12:16+0200,f372a1fc-a0b6-48c3-b979-dc927b00239d,2026-08-09T12:00:00Z,2026-08-09T14:00:00+0200,52.506,MW,NL,NL,actual_offshore_wind_generation,Wind Offshore | Actual Aggregated,2026-08-17T17:16:10Z
2026-08-17T17:12:16Z,2026-08-17T19:12:16+0200,f372a1fc-a0b6-48c3-b979-dc927b00239d,2026-08-09T12:00:00Z,2026-08-09T14:00:00+0200,9.312,MW,NL,NL,actual_offshore_wind_generation,Wind Offshore | Actual Consumption,2026-08-17T17:16:10Z
2026-08-17T17:12:16Z,2026-08-17T19:12:16+0200,f372a1fc-a0b6-48c3-b979-dc927b00239d,2026-08-09T12:15:00Z,2026-08-09T14:15:00+0200,85.861,MW,NL,NL,actual_offshore_wind_generation,Wind Offshore | Actual Aggregated,2026-08-17T17:16:10Z
2026-08-17T17:12:16Z,2026-08-17T19:12:16+0200,f372a1fc-a0b6-48c3-b979-dc927b00239d,2026-08-09T12:15:00Z,2026-08-09T14:15:00+0200,6.526,MW,NL,NL,actual_offshore_wind_generation,Wind Offshore | Actual Consumption,2026-08-17T17:16:10Z
2026-08-17T17:12:16Z,2026-08-17T19:12:16+0200,f372a1fc-a0b6-48c3-b979-dc927b00239d,2026-08-09T12:30:00Z,2026-08-09T14:30:00+0200,98.524,MW,NL,NL,actual_offshore_wind_generation,Wind Offshore | Actual Aggregated,2026-08-17T17:16:10Z
2026-08-17T17:12:16Z,2026-08-17T19:12:16+0200,f372a1fc-a0b6-48c3-b979-dc927b00239d,2026-08-09T12:30:00Z,2026-08-09T14:30:00+0200,7.618,MW,NL,NL,actual_offshore_wind_generation,Wind Offshore | Actual Consumption,2026-08-17T17:16:10Z
2026-08-17T17:12:16Z,2026-08-17T19:12:16+0200,f372a1fc-a0b6-48c3-b979-dc927b00239d,2026-08-09T12:45:00Z,2026-08-09T14:45:00+0200,106.217,MW,NL,NL,actual_offshore_wind_generation,Wind Offshore | Actual Aggregated,2026-08-17T17:16:10Z
2026-08-17T17:12:16Z,2026-08-17T19:12:16+0200,f372a1fc-a0b6-48c3-b979-dc927b00239d,2026-08-09T12:45:00Z,2026-08-09T14:45:00+0200,9.458,MW,NL,NL,actual_offshore_wind_generation,Wind Offshore | Actual Consumption,2026-08-17T17:16:10Z
2026-08-17T17:12:16Z,2026-08-17T19:12:16+0200,f372a1fc-a0b6-48c3-b979-dc927b00239d,2026-08-09T13:00:00Z,2026-08-09T15:00:00+0200,120.728,MW,NL,NL,actual_offshore_wind_generation,Wind Offshore | Actual Aggregated,2026-08-17T17:16:10Z
2026-08-17T17:12:16Z,2026-08-17T19:12:16+0200,f372a1fc-a0b6-48c3-b979-dc927b00239d,2026-08-09T13:00:00Z,2026-08-09T15:00:00+0200,11.662,MW,NL,NL,actual_offshore_wind_generation,Wind Offshore | Actual Consumption,2026-08-17T17:16:10Z
2026-08-17T17:12:16Z,2026-08-17T19:12:16+0200,f372a1fc-a0b6-48c3-b979-dc927b00239d,2026-08-09T13:15:00Z,2026-08-09T15:15:00+0200,133.734,MW,NL,NL,actual_offshore_wind_generation,Wind Offshore | Actual Aggregated,2026-08-17T17:16:10Z
2026-08-17T17:12:16Z,2026-08-17T19:12:16+0200,f372a1fc-a0b6-48c3-b979-dc927b00239d,2026-08-09T13:15:00Z,2026-08-09T15:15:00+0200,11.85,MW,NL,NL,actual_offshore_wind_generation,Wind Offshore | Actual Consumption,2026-08-17T17:16:10Z
2026-08-17T17:12:16Z,2026-08-17T19:12:16+0200,f372a1fc-a0b6-48c3-b979-dc927b00239d,2026-08-09T13:30:00Z,2026-08-09T15:30:00+0200,200.927,MW,NL,NL,actual_offshore_wind_generation,Wind Offshore | Actual Aggregated,2026-08-17T17:16:10Z
2026-08-17T17:12:16Z,2026-08-17T19:12:16+0200,f372a1fc-a0b6-48c3-b979-dc927b00239d,2026-08-09T13:30:00Z,2026-08-09T15:30:00+0200,14.068,MW,NL,NL,actual_offshore_wind_generation,Wind Offshore | Actual Consumption,2026-08-17T17:16:10Z
2026-08-17T17:12:16Z,2026-08-17T19:12:16+0200,f372a1fc-a0b6-48c3-b979-dc927b00239d,2026-08-09T13:45:00Z,2026-08-09T15:45:00+0200,200.331,MW,NL,NL,actual_offshore_wind_generation,Wind Offshore | Actual Aggregated,2026-08-17T17:16:10Z
2026-08-17T17:12:16Z,2026-08-17T19:12:16+0200,f372a1fc-a0b6-48c3-b979-dc927b00239d,2026-08-09T13:45:00Z,2026-08-09T15:45:00+0200,14.366,MW,NL,NL,actual_offshore_wind_generation,Wind Offshore | Actual Consumption,2026-08-17T17:16:10Z
2026-08-17T17:12:16Z,2026-08-17T19:12:16+0200,f372a1fc-a0b6-48c3-b979-dc927b00239d,2026-08-09T14:00:00Z,2026-08-09T16:00:00+0200,170.325,MW,NL,NL,actual_offshore_wind_generation,Wind Offshore | Actual Aggregated,2026-08-17T17:16:10Z
2026-08-17T17:12:16Z,2026-08-17T19:12:16+0200,f372a1fc-a0b6-48c3-b979-dc927b00239d,2026-08-09T14:00:00Z,2026-08-09T16:00:00+0200,5.313,MW,NL,NL,actual_offshore_wind_generation,Wind Offshore | Actual Consumption,2026-08-17T17:16:10Z
2026-08-17T17:12:16Z,2026-08-17T19:12:16+0200,f372a1fc-a0b6-48c3-b979-dc927b00239d,2026-08-09T14:15:00Z,2026-08-09T16:15:00+0200,150.768,MW,NL,NL,actual_offshore_wind_generation,Wind Offshore | Actual Aggregated,2026-08-17T17:16:10Z
2026-08-17T17:12:16Z,2026-08-17T19:12:16+0200,f372a1fc-a0b6-48c3-b979-dc927b00239d,2026-08-09T14:15:00Z,2026-08-09T16:15:00+0200,6.423,MW,NL,NL,actual_offshore_wind_generation,Wind Offshore | Actual Consumption,2026-08-17T17:16:10Z
2026-08-17T17:12:16Z,2026-08-17T19:12:16+0200,f372a1fc-a0b6-48c3-b979-dc927b00239d,2026-08-09T14:30:00Z,2026-08-09T16:30:00+0200,124.842,MW,NL,NL,actual_offshore_wind_generation,Wind Offshore | Actual Aggregated,2026-08-17T17:16:10Z
2026-08-17T17:12:16Z,2026-08-17T19:12:16+0200,f372a1fc-a0b6-48c3-b979-dc927b00239d,2026-08-09T14:30:00Z,2026-08-09T16:30:00+0200,12.563,MW,NL,NL,actual_offshore_wind_generation,Wind Offshore | Actual Consumption,2026-08-17T17:16:10Z
2026-08-17T17:12:16Z,2026-08-17T19:12:16+0200,f372a1fc-a0b6-48c3-b979-dc927b00239d,2026-08-09T14:45:00Z,2026-08-09T16:45:00+0200,106.449,MW,NL,NL,actual_offshore_wind_generation,Wind Offshore | Actual Aggregated,2026-08-17T17:16:10Z
2026-08-17T17:12:16Z,2026-08-17T19:12:16+0200,f372a1fc-a0b6-48c3-b979-dc927b00239d,2026-08-09T14:45:00Z,2026-08-09T16:45:00+0200,14.362,MW,NL,NL,actual_offshore_wind_generation,Wind Offshore | Actual Consumption,2026-08-17T17:16:10Z
2026-08-17T17:12:16Z,2026-08-17T19:12:16+0200,f372a1fc-a0b6-48c3-b979-dc927b00239d,2026-08-09T15:00:00Z,2026-08-09T17:00:00+0200,103.992,MW,NL,NL,actual_offshore_wind_generation,Wind Offshore | Actual Aggregated,2026-08-17T17:16:10Z
2026-08-17T17:12:16Z,2026-08-17T19:12:16+0200,f372a1fc-a0b6-48c3-b979-dc927b00239d,2026-08-09T15:00:00Z,2026-08-09T17:00:00+0200,17.168,MW,NL,NL,actual_offshore_wind_generation,Wind Offshore | Actual Consumption,2026-08-17T17:16:10Z
2026-08-17T17:12:16Z,2026-08-17T19:12:16+0200,f372a1fc-a0b6-48c3-b979-dc927b00239d,2026-08-09T15:15:00Z,2026-08-09T17:15:00+0200,105.751,MW,NL,NL,actual_offshore_wind_generation,Wind Offshore | Actual Aggregated,2026-08-17T17:16:10Z
2026-08-17T17:12:16Z,2026-08-17T19:12:16+0200,f372a1fc-a0b6-48c3-b979-dc927b00239d,2026-08-09T15:15:00Z,2026-08-09T17:15:00+0200,18.582,MW,NL,NL,actual_offshore_wind_generation,Wind Offshore | Actual Consumption,2026-08-17T17:16:10Z
2026-08-17T17:12:16Z,2026-08-17T19:12:16+0200,f372a1fc-a0b6-48c3-b979-dc927b00239d,2026-08-09T15:30:00Z,2026-08-09T17:30:00+0200,119.74,MW,NL,NL,actual_offshore_wind_generation,Wind Offshore | Actual Aggregated,2026-08-17T17:16:10Z
2026-08-17T17:12:16Z,2026-08-17T19:12:16+0200,f372a1fc-a0b6-48c3-b979-dc927b00239d,2026-08-09T15:30:00Z,2026-08-09T17:30:00+0200,15.515,MW,NL,NL,actual_offshore_wind_generation,Wind Offshore | Actual Consumption,2026-08-17T17:16:10Z
2026-08-17T17:12:16Z,2026-08-17T19:12:16+0200,f372a1fc-a0b6-48c3-b979-dc927b00239d,2026-08-09T15:45:00Z,2026-08-09T17:45:00+0200,114.855,MW,NL,NL,actual_offshore_wind_generation,Wind Offshore | Actual Aggregated,2026-08-17T17:16:10Z
2026-08-17T17:12:16Z,2026-08-17T19:12:16+0200,f372a1fc-a0b6-48c3-b979-dc927b00239d,2026-08-09T15:45:00Z,2026-08-09T17:45:00+0200,19.437,MW,NL,NL,actual_offshore_wind_generation,Wind Offshore | Actual Consumption,2026-08-17T17:16:10Z
2026-08-17T17:12:16Z,2026-08-17T19:12:16+0200,f372a1fc-a0b6-48c3-b979-dc927b00239d,2026-08-09T16:00:00Z,2026-08-09T18:00:00+0200,113.532,MW,NL,NL,actual_offshore_wind_generation,Wind Offshore | Actual Aggregated,2026-08-17T17:16:10Z
2026-08-17T17:12:16Z,2026-08-17T19:12:16+0200,f372a1fc-a0b6-48c3-b979-dc927b00239d,2026-08-09T16:00:00Z,2026-08-09T18:00:00+0200,19.6,MW,NL,NL,actual_offshore_wind_generation,Wind Offshore | Actual Consumption,2026-08-17T17:16:10Z
2026-08-17T17:12:16Z,2026-08-17T19:12:16+0200,f372a1fc-a0b6-48c3-b979-dc927b00239d,2026-08-09T16:15:00Z,2026-08-09T18:15:00+0200,103.136,MW,NL,NL,actual_offshore_wind_generation,Wind Offshore | Actual Aggregated,2026-08-17T17:16:10Z
2026-08-17T17:12:16Z,2026-08-17T19:12:16+0200,f372a1fc-a0b6-48c3-b979-dc927b00239d,2026-08-09T16:15:00Z,2026-08-09T18:15:00+0200,21.854,MW,NL,NL,actual_offshore_wind_generation,Wind Offshore | Actual Consumption,2026-08-17T17:16:10Z
2026-08-17T17:12:16Z,2026-08-17T19:12:16+0200,f372a1fc-a0b6-48c3-b979-dc927b00239d,2026-08-09T16:30:00Z,2026-08-09T18:30:00+0200,110.436,MW,NL,NL,actual_offshore_wind_generation,Wind Offshore | Actual Aggregated,2026-08-17T17:16:10Z
2026-08-17T17:12:16Z,2026-08-17T19:12:16+0200,f372a1fc-a0b6-48c3-b979-dc927b00239d,2026-08-09T16:30:00Z,2026-08-09T18:30:00+0200,23.177,MW,NL,NL,actual_offshore_wind_generation,Wind Offshore | Actual Consumption,2026-08-17T17:16:10Z
2026-08-17T17:12:16Z,2026-08-17T19:12:16+0200,f372a1fc-a0b6-48c3-b979-dc927b00239d,2026-08-09T16:45:00Z,2026-08-09T18:45:00+0200,139.557,MW,NL,NL,actual_offshore_wind_generation,Wind Offshore | Actual Aggregated,2026-08-17T17:16:10Z
2026-08-17T17:12:16Z,2026-08-17T19:12:16+0200,f372a1fc-a0b6-48c3-b979-dc927b00239d,2026-08-09T16:45:00Z,2026-08-09T18:45:00+0200,26.275,MW,NL,NL,actual_offshore_wind_generation,Wind Offshore | Actual Consumption,2026-08-17T17:16:10Z
2026-08-17T17:12:16Z,2026-08-17T19:12:16+0200,f372a1fc-a0b6-48c3-b979-dc927b00239d,2026-08-09T17:00:00Z,2026-08-09T19:00:00+0200,137.767,MW,NL,NL,actual_offshore_wind_generation,Wind Offshore | Actual Aggregated,2026-08-17T17:16:10Z
2026-08-17T17:12:16Z,2026-08-17T19:12:16+0200,f372a1fc-a0b6-48c3-b979-dc927b00239d,2026-08-09T17:00:00Z,2026-08-09T19:00:00+0200,25.038,MW,NL,NL,actual_offshore_wind_generation,Wind Offshore | Actual Consumption,2026-08-17T17:16:10Z
2026-08-17T17:12:16Z,2026-08-17T19:12:16+0200,f372a1fc-a0b6-48c3-b979-dc927b00239d,2026-08-09T17:15:00Z,2026-08-09T19:15:00+0200,127.942,MW,NL,NL,actual_offshore_wind_generation,Wind Offshore | Actual Aggregated,2026-08-17T17:16:10Z
2026-08-17T17:12:16Z,2026-08-17T19:12:16+0200,f372a1fc-a0b6-48c3-b979-dc927b00239d,2026-08-09T17:15:00Z,2026-08-09T19:15:00+0200,22.383,MW,NL,NL,actual_offshore_wind_generation,Wind Offshore | Actual Consumption,2026-08-17T17:16:10Z
2026-08-17T17:12:16Z,2026-08-17T19:12:16+0200,f372a1fc-a0b6-48c3-b979-dc927b00239d,2026-08-09T17:30:00Z,2026-08-09T19:30:00+0200,139.179,MW,NL,NL,actual_offshore_wind_generation,Wind Offshore | Actual Aggregated,2026-08-17T17:16:10Z
2026-08-17T17:12:16Z,2026-08-17T19:12:16+0200,f372a1fc-a0b6-48c3-b979-dc927b00239d,2026-08-09T17:30:00Z,2026-08-09T19:30:00+0200,21.416,MW,NL,NL,actual_offshore_wind_generation,Wind Offshore | Actual Consumption,2026-08-17T17:16:10Z
2026-08-17T17:12:16Z,2026-08-17T19:12:16+0200,f372a1fc-a0b6-48c3-b979-dc927b00239d,2026-08-09T17:45:00Z,2026-08-09T19:45:00+0200,150.672,MW,NL,NL,actual_offshore_wind_generation,Wind Offshore | Actual Aggregated,2026-08-17T17:16:10Z
2026-08-17T17:12:16Z,2026-08-17T19:12:16+0200,f372a1fc-a0b6-48c3-b979-dc927b00239d,2026-08-09T17:45:00Z,2026-08-09T19:45:00+0200,17.097,MW,NL,NL,actual_offshore_wind_generation,Wind Offshore | Actual Consumption,2026-08-17T17:16:10Z
2026-08-17T17:12:16Z,2026-08-17T19:12:16+0200,f372a1fc-a0b6-48c3-b979-dc927b00239d,2026-08-09T18:00:00Z,2026-08-09T20:00:00+0200,156.776,MW,NL,NL,actual_offshore_wind_generation,Wind Offshore | Actual Aggregated,2026-08-17T17:16:10Z
2026-08-17T17:12:16Z,2026-08-17T19:12:16+0200,f372a1fc-a0b6-48c3-b979-dc927b00239d,2026-08-09T18:00:00Z,2026-08-09T20:00:00+0200,10.121,MW,NL,NL,actual_offshore_wind_generation,Wind Offshore | Actual Consumption,2026-08-17T17:16:10Z
2026-08-17T17:12:16Z,2026-08-17T19:12:16+0200,f372a1fc-a0b6-48c3-b979-dc927b00239d,2026-08-09T18:15:00Z,2026-08-09T20:15:00+0200,178.828,MW,NL,NL,actual_offshore_wind_generation,Wind Offshore | Actual Aggregated,2026-08-17T17:16:10Z
2026-08-17T17:12:16Z,2026-08-17T19:12:16+0200,f372a1fc-a0b6-48c3-b979-dc927b00239d,2026-08-09T18:15:00Z,2026-08-09T20:15:00+0200,8.021,MW,NL,NL,actual_offshore_wind_generation,Wind Offshore | Actual Consumption,2026-08-17T17:16:10Z
2026-08-17T17:12:16Z,2026-08-17T19:12:16+0200,f372a1fc-a0b6-48c3-b979-dc927b00239d,2026-08-09T18:30:00Z,2026-08-09T20:30:00+0200,206.892,MW,NL,NL,actual_offshore_wind_generation,Wind Offshore | Actual Aggregated,2026-08-17T17:16:10Z
2026-08-17T17:12:16Z,2026-08-17T19:12:16+0200,f372a1fc-a0b6-48c3-b979-dc927b00239d,2026-08-09T18:30:00Z,2026-08-09T20:30:00+0200,3.812,MW,NL,NL,actual_offshore_wind_generation,Wind Offshore | Actual Consumption,2026-08-17T17:16:10Z
2026-08-17T17:12:16Z,2026-08-17T19:12:16+0200,f372a1fc-a0b6-48c3-b979-dc927b00239d,2026-08-09T18:45:00Z,2026-08-09T20:45:00+0200,273.854,MW,NL,NL,actual_offshore_wind_generation,Wind Offshore | Actual Aggregated,2026-08-17T17:16:10Z
2026-08-17T17:12:16Z,2026-08-17T19:12:16+0200,f372a1fc-a0b6-48c3-b979-dc927b00239d,2026-08-09T18:45:00Z,2026-08-09T20:45:00+0200,1.68,MW,NL,NL,actual_offshore_wind_generation,Wind Offshore | Actual Consumption,2026-08-17T17:16:10Z
2026-08-17T17:12:16Z,2026-08-17T19:12:16+0200,f372a1fc-a0b6-48c3-b979-dc927b00239d,2026-08-09T19:00:00Z,2026-08-09T21:00:00+0200,358.131,MW,NL,NL,actual_offshore_wind_generation,Wind Offshore | Actual Aggregated,2026-08-17T17:16:10Z
2026-08-17T17:12:16Z,2026-08-17T19:12:16+0200,f372a1fc-a0b6-48c3-b979-dc927b00239d,2026-08-09T19:00:00Z,2026-08-09T21:00:00+0200,1.385,MW,NL,NL,actual_offshore_wind_generation,Wind Offshore | Actual Consumption,2026-08-17T17:16:10Z
2026-08-17T17:12:16Z,2026-08-17T19:12:16+0200,f372a1fc-a0b6-48c3-b979-dc927b00239d,2026-08-09T19:15:00Z,2026-08-09T21:15:00+0200,418.397,MW,NL,NL,actual_offshore_wind_generation,Wind Offshore | Actual Aggregated,2026-08-17T17:16:10Z
2026-08-17T17:12:16Z,2026-08-17T19:12:16+0200,f372a1fc-a0b6-48c3-b979-dc927b00239d,2026-08-09T19:15:00Z,2026-08-09T21:15:00+0200,2.194,MW,NL,NL,actual_offshore_wind_generation,Wind Offshore | Actual Consumption,2026-08-17T17:16:10Z
2026-08-17T17:12:16Z,2026-08-17T19:12:16+0200,f372a1fc-a0b6-48c3-b979-dc927b00239d,2026-08-09T19:30:00Z,2026-08-09T21:30:00+0200,481.31,MW,NL,NL,actual_offshore_wind_generation,Wind Offshore | Actual Aggregated,2026-08-17T17:16:10Z
2026-08-17T17:12:16Z,2026-08-17T19:12:16+0200,f372a1fc-a0b6-48c3-b979-dc927b00239d,2026-08-09T19:30:00Z,2026-08-09T21:30:00+0200,1.561,MW,NL,NL,actual_offshore_wind_generation,Wind Offshore | Actual Consumption,2026-08-17T17:16:10Z
2026-08-17T17:12:16Z,2026-08-17T19:12:16+0200,f372a1fc-a0b6-48c3-b979-dc927b00239d,2026-08-09T19:45:00Z,2026-08-09T21:45:00+0200,523.437,MW,NL,NL,actual_offshore_wind_generation,Wind Offshore | Actual Aggregated,2026-08-17T17:16:10Z
2026-08-17T17:12:16Z,2026-08-17T19:12:16+0200,f372a1fc-a0b6-48c3-b979-dc927b00239d,2026-08-09T19:45:00Z,2026-08-09T21:45:00+0200,2.367,MW,NL,NL,actual_offshore_wind_generation,Wind Offshore | Actual Consumption,2026-08-17T17:16:10Z
2026-08-17T17:12:16Z,2026-08-17T19:12:16+0200,f372a1fc-a0b6-48c3-b979-dc927b00239d,2026-08-09T20:00:00Z,2026-08-09T22:00:00+0200,621.001,MW,NL,NL,actual_offshore_wind_generation,Wind Offshore | Actual Aggregated,2026-08-17T17:16:10Z
2026-08-17T17:12:16Z,2026-08-17T19:12:16+0200,f372a1fc-a0b6-48c3-b979-dc927b00239d,2026-08-09T20:00:00Z,2026-08-09T22:00:00+0200,2.291,MW,NL,NL,actual_offshore_wind_generation,Wind Offshore | Actual Consumption,2026-08-17T17:16:10Z
2026-08-17T17:12:16Z,2026-08-17T19:12:16+0200,f372a1fc-a0b6-48c3-b979-dc927b00239d,2026-08-09T20:15:00Z,2026-08-09T22:15:00+0200,743.032,MW,NL,NL,actual_offshore_wind_generation,Wind Offshore | Actual Aggregated,2026-08-17T17:16:10Z
2026-08-17T17:12:16Z,2026-08-17T19:12:16+0200,f372a1fc-a0b6-48c3-b979-dc927b00239d,2026-08-09T20:15:00Z,2026-08-09T22:15:00+0200,4.299,MW,NL,NL,actual_offshore_wind_generation,Wind Offshore | Actual Consumption,2026-08-17T17:16:10Z
2026-08-17T17:12:16Z,2026-08-17T19:12:16+0200,f372a1fc-a0b6-48c3-b979-dc927b00239d,2026-08-09T20:30:00Z,2026-08-09T22:30:00+0200,912.269,MW,NL,NL,actual_offshore_wind_generation,Wind Offshore | Actual Aggregated,2026-08-17T17:16:10Z
2026-08-17T17:12:16Z,2026-08-17T19:12:16+0200,f372a1fc-a0b6-48c3-b979-dc927b00239d,2026-08-09T20:30:00Z,2026-08-09T22:30:00+0200,5.186,MW,NL,NL,actual_offshore_wind_generation,Wind Offshore | Actual Consumption,2026-08-17T17:16:10Z
2026-08-17T17:12:16Z,2026-08-17T19:12:16+0200,f372a1fc-a0b6-48c3-b979-dc927b00239d,2026-08-09T20:45:00Z,2026-08-09T22:45:00+0200,1118.806,MW,NL,NL,actual_offshore_wind_generation,Wind Offshore | Actual Aggregated,2026-08-17T17:16:10Z
2026-08-17T17:12:16Z,2026-08-17T19:12:16+0200,f372a1fc-a0b6-48c3-b979-dc927b00239d,2026-08-09T20:45:00Z,2026-08-09T22:45:00+0200,5.0,MW,NL,NL,actual_offshore_wind_generation,Wind Offshore | Actual Consumption,2026-08-17T17:16:10Z
2026-08-17T17:12:16Z,2026-08-17T19:12:16+0200,f372a1fc-a0b6-48c3-b979-dc927b00239d,2026-08-09T21:00:00Z,2026-08-09T23:00:00+0200,1337.848,MW,NL,NL,actual_offshore_wind_generation,Wind Offshore | Actual Aggregated,2026-08-17T17:16:10Z
2026-08-17T17:12:16Z,2026-08-17T19:12:16+0200,f372a1fc-a0b6-48c3-b979-dc927b00239d,2026-08-09T21:00:00Z,2026-08-09T23:00:00+0200,7.025,MW,NL,NL,actual_offshore_wind_generation,Wind Offshore | Actual Consumption,2026-08-17T17:16:10Z
2026-08-17T17:12:16Z,2026-08-17T19:12:16+0200,f372a1fc-a0b6-48c3-b979-dc927b00239d,2026-08-09T21:15:00Z,2026-08-09T23:15:00+0200,1533.209,MW,NL,NL,actual_offshore_wind_generation,Wind Offshore | Actual Aggregated,2026-08-17T17:16:10Z
2026-08-17T17:12:16Z,2026-08-17T19:12:16+0200,f372a1fc-a0b6-48c3-b979-dc927b00239d,2026-08-09T21:15:00Z,2026-08-09T23:15:00+0200,6.505,MW,NL,NL,actual_offshore_wind_generation,Wind Offshore | Actual Consumption,2026-08-17T17:16:10Z
2026-08-17T17:12:16Z,2026-08-17T19:12:16+0200,f372a1fc-a0b6-48c3-b979-dc927b00239d,2026-08-09T21:30:00Z,2026-08-09T23:30:00+0200,1754.504,MW,NL,NL,actual_offshore_wind_generation,Wind Offshore | Actual Aggregated,2026-08-17T17:16:10Z
2026-08-17T17:12:16Z,2026-08-17T19:12:16+0200,f372a1fc-a0b6-48c3-b979-dc927b00239d,2026-08-09T21:30:00Z,2026-08-09T23:30:00+0200,5.755,MW,NL,NL,actual_offshore_wind_generation,Wind Offshore | Actual Consumption,2026-08-17T17:16:10Z
2026-08-17T17:12:16Z,2026-08-17T19:12:16+0200,f372a1fc-a0b6-48c3-b979-dc927b00239d,2026-08-09T21:45:00Z,2026-08-09T23:45:00+0200,1852.033,MW,NL,NL,actual_offshore_wind_generation,Wind Offshore | Actual Aggregated,2026-08-17T17:16:10Z
2026-08-17T17:12:16Z,2026-08-17T19:12:16+0200,f372a1fc-a0b6-48c3-b979-dc927b00239d,2026-08-09T21:45:00Z,2026-08-09T23:45:00+0200,14.652,MW,NL,NL,actual_offshore_wind_generation,Wind Offshore | Actual Consumption,2026-08-17T17:16:10Z
2026-08-17T17:12:16Z,2026-08-17T19:12:16+0200,f372a1fc-a0b6-48c3-b979-dc927b00239d,2026-08-09T22:00:00Z,2026-08-10T00:00:00+0200,1814.713,MW,NL,NL,actual_offshore_wind_generation,Wind Offshore | Actual Aggregated,2026-08-17T17:16:10Z
2026-08-17T17:12:16Z,2026-08-17T19:12:16+0200,f372a1fc-a0b6-48c3-b979-dc927b00239d,2026-08-09T22:00:00Z,2026-08-10T00:00:00+0200,16.411,MW,NL,NL,actual_offshore_wind_generation,Wind Offshore | Actual Consumption,2026-08-17T17:16:10Z
2026-08-17T17:12:16Z,2026-08-17T19:12:16+0200,f372a1fc-a0b6-48c3-b979-dc927b00239d,2026-08-09T22:15:00Z,2026-08-10T00:15:00+0200,1767.584,MW,NL,NL,actual_offshore_wind_generation,Wind Offshore | Actual Aggregated,2026-08-17T17:16:10Z
2026-08-17T17:12:16Z,2026-08-17T19:12:16+0200,f372a1fc-a0b6-48c3-b979-dc927b00239d,2026-08-09T22:15:00Z,2026-08-10T00:15:00+0200,15.759,MW,NL,NL,actual_offshore_wind_generation,Wind Offshore | Actual Consumption,2026-08-17T17:16:10Z
2026-08-17T17:12:16Z,2026-08-17T19:12:16+0200,f372a1fc-a0b6-48c3-b979-dc927b00239d,2026-08-09T22:30:00Z,2026-08-10T00:30:00+0200,1744.381,MW,NL,NL,actual_offshore_wind_generation,Wind Offshore | Actual Aggregated,2026-08-17T17:16:10Z
2026-08-17T17:12:16Z,2026-08-17T19:12:16+0200,f372a1fc-a0b6-48c3-b979-dc927b00239d,2026-08-09T22:30:00Z,2026-08-10T00:30:00+0200,11.179,MW,NL,NL,actual_offshore_wind_generation,Wind Offshore | Actual Consumption,2026-08-17T17:16:10Z
2026-08-17T17:12:16Z,2026-08-17T19:12:16+0200,f372a1fc-a0b6-48c3-b979-dc927b00239d,2026-08-09T22:45:00Z,2026-08-10T00:45:00+0200,1685.844,MW,NL,NL,actual_offshore_wind_generation,Wind Offshore | Actual Aggregated,2026-08-17T17:16:10Z
2026-08-17T17:12:16Z,2026-08-17T19:12:16+0200,f372a1fc-a0b6-48c3-b979-dc927b00239d,2026-08-09T22:45:00Z,2026-08-10T00:45:00+0200,14.947,MW,NL,NL,actual_offshore_wind_generation,Wind Offshore | Actual Consumption,2026-08-17T17:16:10Z
2026-08-17T17:12:16Z,2026-08-17T19:12:16+0200,f372a1fc-a0b6-48c3-b979-dc927b00239d,2026-08-09T23:00:00Z,2026-08-10T01:00:00+0200,1795.766,MW,NL,NL,actual_offshore_wind_generation,Wind Offshore | Actual Aggregated,2026-08-17T17:16:10Z
2026-08-17T17:12:16Z,2026-08-17T19:12:16+0200,f372a1fc-a0b6-48c3-b979-dc927b00239d,2026-08-09T23:00:00Z,2026-08-10T01:00:00+0200,9.589,MW,NL,NL,actual_offshore_wind_generation,Wind Offshore | Actual Consumption,2026-08-17T17:16:10Z
2026-08-17T17:12:16Z,2026-08-17T19:12:16+0200,f372a1fc-a0b6-48c3-b979-dc927b00239d,2026-08-09T23:15:00Z,2026-08-10T01:15:00+0200,1894.181,MW,NL,NL,actual_offshore_wind_generation,Wind Offshore | Actual Aggregated,2026-08-17T17:16:10Z
2026-08-17T17:12:16Z,2026-08-17T19:12:16+0200,f372a1fc-a0b6-48c3-b979-dc927b00239d,2026-08-09T23:15:00Z,2026-08-10T01:15:00+0200,9.862,MW,NL,NL,actual_offshore_wind_generation,Wind Offshore | Actual Consumption,2026-08-17T17:16:10Z
2026-08-17T17:12:16Z,2026-08-17T19:12:16+0200,f372a1fc-a0b6-48c3-b979-dc927b00239d,2026-08-09T23:30:00Z,2026-08-10T01:30:00+0200,1814.813,MW,NL,NL,actual_offshore_wind_generation,Wind Offshore | Actual Aggregated,2026-08-17T17:16:10Z
2026-08-17T17:12:16Z,2026-08-17T19:12:16+0200,f372a1fc-a0b6-48c3-b979-dc927b00239d,2026-08-09T23:30:00Z,2026-08-10T01:30:00+0200,9.219,MW,NL,NL,actual_offshore_wind_generation,Wind Offshore | Actual Consumption,2026-08-17T17:16:10Z
2026-08-17T17:12:16Z,2026-08-17T19:12:16+0200,f372a1fc-a0b6-48c3-b979-dc927b00239d,2026-08-09T23:45:00Z,2026-08-10T01:45:00+0200,1699.821,MW,NL,NL,actual_offshore_wind_generation,Wind Offshore | Actual Aggregated,2026-08-17T17:16:10Z
2026-08-17T17:12:16Z,2026-08-17T19:12:16+0200,f372a1fc-a0b6-48c3-b979-dc927b00239d,2026-08-09T23:45:00Z,2026-08-10T01:45:00+0200,8.087,MW,NL,NL,actual_offshore_wind_generation,Wind Offshore | Actual Consumption,2026-08-17T17:16:10Z
2026-08-17T17:12:16Z,2026-08-17T19:12:16+0200,f372a1fc-a0b6-48c3-b979-dc927b00239d,2026-08-10T00:00:00Z,2026-08-10T02:00:00+0200,1468.972,MW,NL,NL,actual_offshore_wind_generation,Wind Offshore | Actual Aggregated,2026-08-17T17:16:10Z
2026-08-17T17:12:16Z,2026-08-17T19:12:16+0200,f372a1fc-a0b6-48c3-b979-dc927b00239d,2026-08-10T00:00:00Z,2026-08-10T02:00:00+0200,4.553,MW,NL,NL,actual_offshore_wind_generation,Wind Offshore | Actual Consumption,2026-08-17T17:16:10Z
2026-08-17T17:12:16Z,2026-08-17T19:12:16+0200,f372a1fc-a0b6-48c3-b979-dc927b00239d,2026-08-10T00:15:00Z,2026-08-10T02:15:00+0200,1307.077,MW,NL,NL,actual_offshore_wind_generation,Wind Offshore | Actual Aggregated,2026-08-17T17:16:10Z
2026-08-17T17:12:16Z,2026-08-17T19:12:16+0200,f372a1fc-a0b6-48c3-b979-dc927b00239d,2026-08-10T00:15:00Z,2026-08-10T02:15:00+0200,4.744,MW,NL,NL,actual_offshore_wind_generation,Wind Offshore | Actual Consumption,2026-08-17T17:16:10Z
2026-08-17T17:12:16Z,2026-08-17T19:12:16+0200,f372a1fc-a0b6-48c3-b979-dc927b00239d,2026-08-10T00:30:00Z,2026-08-10T02:30:00+0200,1217.775,MW,NL,NL,actual_offshore_wind_generation,Wind Offshore | Actual Aggregated,2026-08-17T17:16:10Z
2026-08-17T17:12:16Z,2026-08-17T19:12:16+0200,f372a1fc-a0b6-48c3-b979-dc927b00239d,2026-08-10T00:30:00Z,2026-08-10T02:30:00+0200,2.925,MW,NL,NL,actual_offshore_wind_generation,Wind Offshore | Actual Consumption,2026-08-17T17:16:10Z
2026-08-17T17:12:16Z,2026-08-17T19:12:16+0200,f372a1fc-a0b6-48c3-b979-dc927b00239d,2026-08-10T00:45:00Z,2026-08-10T02:45:00+0200,1125.071,MW,NL,NL,actual_offshore_wind_generation,Wind Offshore | Actual Aggregated,2026-08-17T17:16:10Z
2026-08-17T17:12:16Z,2026-08-17T19:12:16+0200,f372a1fc-a0b6-48c3-b979-dc927b00239d,2026-08-10T00:45:00Z,2026-08-10T02:45:00+0200,2.492,MW,NL,NL,actual_offshore_wind_generation,Wind Offshore | Actual Consumption,2026-08-17T17:16:10Z
2026-08-17T17:12:16Z,2026-08-17T19:12:16+0200,f372a1fc-a0b6-48c3-b979-dc927b00239d,2026-08-10T01:00:00Z,2026-08-10T03:00:00+0200,1076.164,MW,NL,NL,actual_offshore_wind_generation,Wind Offshore | Actual Aggregated,2026-08-17T17:16:10Z
2026-08-17T17:12:16Z,2026-08-17T19:12:16+0200,f372a1fc-a0b6-48c3-b979-dc927b00239d,2026-08-10T01:00:00Z,2026-08-10T03:00:00+0200,1.962,MW,NL,NL,actual_offshore_wind_generation,Wind Offshore | Actual Consumption,2026-08-17T17:16:10Z
2026-08-17T17:12:16Z,2026-08-17T19:12:16+0200,f372a1fc-a0b6-48c3-b979-dc927b00239d,2026-08-10T01:15:00Z,2026-08-10T03:15:00+0200,1062.906,MW,NL,NL,actual_offshore_wind_generation,Wind Offshore | Actual Aggregated,2026-08-17T17:16:10Z
2026-08-17T17:12:16Z,2026-08-17T19:12:16+0200,f372a1fc-a0b6-48c3-b979-dc927b00239d,2026-08-10T01:15:00Z,2026-08-10T03:15:00+0200,1.428,MW,NL,NL,actual_offshore_wind_generation,Wind Offshore | Actual Consumption,2026-08-17T17:16:10Z
2026-08-17T17:12:16Z,2026-08-17T19:12:16+0200,f372a1fc-a0b6-48c3-b979-dc927b00239d,2026-08-10T01:30:00Z,2026-08-10T03:30:00+0200,1085.045,MW,NL,NL,actual_offshore_wind_generation,Wind Offshore | Actual Aggregated,2026-08-17T17:16:10Z
2026-08-17T17:12:16Z,2026-08-17T19:12:16+0200,f372a1fc-a0b6-48c3-b979-dc927b00239d,2026-08-10T01:30:00Z,2026-08-10T03:30:00+0200,1.047,MW,NL,NL,actual_offshore_wind_generation,Wind Offshore | Actual Consumption,2026-08-17T17:16:10Z
2026-08-17T17:12:16Z,2026-08-17T19:12:16+0200,f372a1fc-a0b6-48c3-b979-dc927b00239d,2026-08-10T01:45:00Z,2026-08-10T03:45:00+0200,1082.32,MW,NL,NL,actual_offshore_wind_generation,Wind Offshore | Actual Aggregated,2026-08-17T17:16:10Z
2026-08-17T17:12:16Z,2026-08-17T19:12:16+0200,f372a1fc-a0b6-48c3-b979-dc927b00239d,2026-08-10T01:45:00Z,2026-08-10T03:45:00+0200,2.383,MW,NL,NL,actual_offshore_wind_generation,Wind Offshore | Actual Consumption,2026-08-17T17:16:10Z
2026-08-17T17:12:16Z,2026-08-17T19:12:16+0200,f372a1fc-a0b6-48c3-b979-dc927b00239d,2026-08-10T02:00:00Z,2026-08-10T04:00:00+0200,987.201,MW,NL,NL,actual_offshore_wind_generation,Wind Offshore | Actual Aggregated,2026-08-17T17:16:10Z
2026-08-17T17:12:16Z,2026-08-17T19:12:16+0200,f372a1fc-a0b6-48c3-b979-dc927b00239d,2026-08-10T02:00:00Z,2026-08-10T04:00:00+0200,3.505,MW,NL,NL,actual_offshore_wind_generation,Wind Offshore | Actual Consumption,2026-08-17T17:16:10Z
2026-08-17T17:12:16Z,2026-08-17T19:12:16+0200,f372a1fc-a0b6-48c3-b979-dc927b00239d,2026-08-10T02:15:00Z,2026-08-10T04:15:00+0200,829.523,MW,NL,NL,actual_offshore_wind_generation,Wind Offshore | Actual Aggregated,2026-08-17T17:16:10Z
2026-08-17T17:12:16Z,2026-08-17T19:12:16+0200,f372a1fc-a0b6-48c3-b979-dc927b00239d,2026-08-10T02:15:00Z,2026-08-10T04:15:00+0200,4.642,MW,NL,NL,actual_offshore_wind_generation,Wind Offshore | Actual Consumption,2026-08-17T17:16:10Z
2026-08-17T17:12:16Z,2026-08-17T19:12:16+0200,f372a1fc-a0b6-48c3-b979-dc927b00239d,2026-08-10T02:30:00Z,2026-08-10T04:30:00+0200,706.209,MW,NL,NL,actual_offshore_wind_generation,Wind Offshore | Actual Aggregated,2026-08-17T17:16:10Z
2026-08-17T17:12:16Z,2026-08-17T19:12:16+0200,f372a1fc-a0b6-48c3-b979-dc927b00239d,2026-08-10T02:30:00Z,2026-08-10T04:30:00+0200,3.131,MW,NL,NL,actual_offshore_wind_generation,Wind Offshore | Actual Consumption,2026-08-17T17:16:10Z
2026-08-17T17:12:16Z,2026-08-17T19:12:16+0200,f372a1fc-a0b6-48c3-b979-dc927b00239d,2026-08-10T02:45:00Z,2026-08-10T04:45:00+0200,681.465,MW,NL,NL,actual_offshore_wind_generation,Wind Offshore | Actual Aggregated,2026-08-17T17:16:10Z
2026-08-17T17:12:16Z,2026-08-17T19:12:16+0200,f372a1fc-a0b6-48c3-b979-dc927b00239d,2026-08-10T02:45:00Z,2026-08-10T04:45:00+0200,3.004,MW,NL,NL,actual_offshore_wind_generation,Wind Offshore | Actual Consumption,2026-08-17T17:16:10Z
2026-08-17T17:12:16Z,2026-08-17T19:12:16+0200,f372a1fc-a0b6-48c3-b979-dc927b00239d,2026-08-10T03:00:00Z,2026-08-10T05:00:00+0200,666.583,MW,NL,NL,actual_offshore_wind_generation,Wind Offshore | Actual Aggregated,2026-08-17T17:16:10Z
2026-08-17T17:12:16Z,2026-08-17T19:12:16+0200,f372a1fc-a0b6-48c3-b979-dc927b00239d,2026-08-10T03:00:00Z,2026-08-10T05:00:00+0200,3.289,MW,NL,NL,actual_offshore_wind_generation,Wind Offshore | Actual Consumption,2026-08-17T17:16:10Z
2026-08-17T17:12:16Z,2026-08-17T19:12:16+0200,f372a1fc-a0b6-48c3-b979-dc927b00239d,2026-08-10T03:15:00Z,2026-08-10T05:15:00+0200,752.039,MW,NL,NL,actual_offshore_wind_generation,Wind Offshore | Actual Aggregated,2026-08-17T17:16:10Z
2026-08-17T17:12:16Z,2026-08-17T19:12:16+0200,f372a1fc-a0b6-48c3-b979-dc927b00239d,2026-08-10T03:15:00Z,2026-08-10T05:15:00+0200,4.154,MW,NL,NL,actual_offshore_wind_generation,Wind Offshore | Actual Consumption,2026-08-17T17:16:10Z
2026-08-17T17:12:16Z,2026-08-17T19:12:16+0200,f372a1fc-a0b6-48c3-b979-dc927b00239d,2026-08-10T03:30:00Z,2026-08-10T05:30:00+0200,780.558,MW,NL,NL,actual_offshore_wind_generation,Wind Offshore | Actual Aggregated,2026-08-17T17:16:10Z
2026-08-17T17:12:16Z,2026-08-17T19:12:16+0200,f372a1fc-a0b6-48c3-b979-dc927b00239d,2026-08-10T03:30:00Z,2026-08-10T05:30:00+0200,7.552,MW,NL,NL,actual_offshore_wind_generation,Wind Offshore | Actual Consumption,2026-08-17T17:16:10Z
2026-08-17T17:12:16Z,2026-08-17T19:12:16+0200,f372a1fc-a0b6-48c3-b979-dc927b00239d,2026-08-10T03:45:00Z,2026-08-10T05:45:00+0200,837.227,MW,NL,NL,actual_offshore_wind_generation,Wind Offshore | Actual Aggregated,2026-08-17T17:16:10Z
2026-08-17T17:12:16Z,2026-08-17T19:12:16+0200,f372a1fc-a0b6-48c3-b979-dc927b00239d,2026-08-10T03:45:00Z,2026-08-10T05:45:00+0200,6.31,MW,NL,NL,actual_offshore_wind_generation,Wind Offshore | Actual Consumption,2026-08-17T17:16:10Z
2026-08-17T17:12:16Z,2026-08-17T19:12:16+0200,f372a1fc-a0b6-48c3-b979-dc927b00239d,2026-08-10T04:00:00Z,2026-08-10T06:00:00+0200,908.161,MW,NL,NL,actual_offshore_wind_generation,Wind Offshore | Actual Aggregated,2026-08-17T17:16:10Z
2026-08-17T17:12:16Z,2026-08-17T19:12:16+0200,f372a1fc-a0b6-48c3-b979-dc927b00239d,2026-08-10T04:00:00Z,2026-08-10T06:00:00+0200,5.669,MW,NL,NL,actual_offshore_wind_generation,Wind Offshore | Actual Consumption,2026-08-17T17:16:10Z
2026-08-17T17:12:16Z,2026-08-17T19:12:16+0200,f372a1fc-a0b6-48c3-b979-dc927b00239d,2026-08-10T04:15:00Z,2026-08-10T06:15:00+0200,1025.975,MW,NL,NL,actual_offshore_wind_generation,Wind Offshore | Actual Aggregated,2026-08-17T17:16:10Z
2026-08-17T17:12:16Z,2026-08-17T19:12:16+0200,f372a1fc-a0b6-48c3-b979-dc927b00239d,2026-08-10T04:15:00Z,2026-08-10T06:15:00+0200,4.893,MW,NL,NL,actual_offshore_wind_generation,Wind Offshore | Actual Consumption,2026-08-17T17:16:10Z
2026-08-17T17:12:16Z,2026-08-17T19:12:16+0200,f372a1fc-a0b6-48c3-b979-dc927b00239d,2026-08-10T04:30:00Z,2026-08-10T06:30:00+0200,985.06,MW,NL,NL,actual_offshore_wind_generation,Wind Offshore | Actual Aggregated,2026-08-17T17:16:10Z
2026-08-17T17:12:16Z,2026-08-17T19:12:16+0200,f372a1fc-a0b6-48c3-b979-dc927b00239d,2026-08-10T04:30:00Z,2026-08-10T06:30:00+0200,6.283,MW,NL,NL,actual_offshore_wind_generation,Wind Offshore | Actual Consumption,2026-08-17T17:16:10Z
2026-08-17T17:12:16Z,2026-08-17T19:12:16+0200,f372a1fc-a0b6-48c3-b979-dc927b00239d,2026-08-10T04:45:00Z,2026-08-10T06:45:00+0200,939.456,MW,NL,NL,actual_offshore_wind_generation,Wind Offshore | Actual Aggregated,2026-08-17T17:16:10Z
2026-08-17T17:12:16Z,2026-08-17T19:12:16+0200,f372a1fc-a0b6-48c3-b979-dc927b00239d,2026-08-10T04:45:00Z,2026-08-10T06:45:00+0200,5.73,MW,NL,NL,actual_offshore_wind_generation,Wind Offshore | Actual Consumption,2026-08-17T17:16:10Z
2026-08-17T17:12:16Z,2026-08-17T19:12:16+0200,f372a1fc-a0b6-48c3-b979-dc927b00239d,2026-08-10T05:00:00Z,2026-08-10T07:00:00+0200,957.815,MW,NL,NL,actual_offshore_wind_generation,Wind Offshore | Actual Aggregated,2026-08-17T17:16:10Z
2026-08-17T17:12:16Z,2026-08-17T19:12:16+0200,f372a1fc-a0b6-48c3-b979-dc927b00239d,2026-08-10T05:00:00Z,2026-08-10T07:00:00+0200,7.482,MW,NL,NL,actual_offshore_wind_generation,Wind Offshore | Actual Consumption,2026-08-17T17:16:10Z
2026-08-17T17:12:16Z,2026-08-17T19:12:16+0200,f372a1fc-a0b6-48c3-b979-dc927b00239d,2026-08-10T05:15:00Z,2026-08-10T07:15:00+0200,895.768,MW,NL,NL,actual_offshore_wind_generation,Wind Offshore | Actual Aggregated,2026-08-17T17:16:10Z
2026-08-17T17:12:16Z,2026-08-17T19:12:16+0200,f372a1fc-a0b6-48c3-b979-dc927b00239d,2026-08-10T05:15:00Z,2026-08-10T07:15:00+0200,7.269,MW,NL,NL,actual_offshore_wind_generation,Wind Offshore | Actual Consumption,2026-08-17T17:16:10Z
2026-08-17T17:12:16Z,2026-08-17T19:12:16+0200,f372a1fc-a0b6-48c3-b979-dc927b00239d,2026-08-10T05:30:00Z,2026-08-10T07:30:00+0200,909.88,MW,NL,NL,actual_offshore_wind_generation,Wind Offshore | Actual Aggregated,2026-08-17T17:16:10Z
2026-08-17T17:12:16Z,2026-08-17T19:12:16+0200,f372a1fc-a0b6-48c3-b979-dc927b00239d,2026-08-10T05:30:00Z,2026-08-10T07:30:00+0200,5.04,MW,NL,NL,actual_offshore_wind_generation,Wind Offshore | Actual Consumption,2026-08-17T17:16:10Z
2026-08-17T17:12:16Z,2026-08-17T19:12:16+0200,f372a1fc-a0b6-48c3-b979-dc927b00239d,2026-08-10T05:45:00Z,2026-08-10T07:45:00+0200,971.04,MW,NL,NL,actual_offshore_wind_generation,Wind Offshore | Actual Aggregated,2026-08-17T17:16:10Z
2026-08-17T17:12:16Z,2026-08-17T19:12:16+0200,f372a1fc-a0b6-48c3-b979-dc927b00239d,2026-08-10T05:45:00Z,2026-08-10T07:45:00+0200,5.568,MW,NL,NL,actual_offshore_wind_generation,Wind Offshore | Actual Consumption,2026-08-17T17:16:10Z
2026-08-17T17:12:16Z,2026-08-17T19:12:16+0200,f372a1fc-a0b6-48c3-b979-dc927b00239d,2026-08-10T06:00:00Z,2026-08-10T08:00:00+0200,1017.693,MW,NL,NL,actual_offshore_wind_generation,Wind Offshore | Actual Aggregated,2026-08-17T17:16:10Z
2026-08-17T17:12:16Z,2026-08-17T19:12:16+0200,f372a1fc-a0b6-48c3-b979-dc927b00239d,2026-08-10T06:00:00Z,2026-08-10T08:00:00+0200,5.486,MW,NL,NL,actual_offshore_wind_generation,Wind Offshore | Actual Consumption,2026-08-17T17:16:10Z
2026-08-17T17:12:16Z,2026-08-17T19:12:16+0200,f372a1fc-a0b6-48c3-b979-dc927b00239d,2026-08-10T06:15:00Z,2026-08-10T08:15:00+0200,1009.441,MW,NL,NL,actual_offshore_wind_generation,Wind Offshore | Actual Aggregated,2026-08-17T17:16:10Z
2026-08-17T17:12:16Z,2026-08-17T19:12:16+0200,f372a1fc-a0b6-48c3-b979-dc927b00239d,2026-08-10T06:15:00Z,2026-08-10T08:15:00+0200,4.803,MW,NL,NL,actual_offshore_wind_generation,Wind Offshore | Actual Consumption,2026-08-17T17:16:10Z
2026-08-17T17:12:16Z,2026-08-17T19:12:16+0200,f372a1fc-a0b6-48c3-b979-dc927b00239d,2026-08-10T06:30:00Z,2026-08-10T08:30:00+0200,1064.88,MW,NL,NL,actual_offshore_wind_generation,Wind Offshore | Actual Aggregated,2026-08-17T17:16:10Z
2026-08-17T17:12:16Z,2026-08-17T19:12:16+0200,f372a1fc-a0b6-48c3-b979-dc927b00239d,2026-08-10T06:30:00Z,2026-08-10T08:30:00+0200,4.252,MW,NL,NL,actual_offshore_wind_generation,Wind Offshore | Actual Consumption,2026-08-17T17:16:10Z
2026-08-17T17:12:16Z,2026-08-17T19:12:16+0200,f372a1fc-a0b6-48c3-b979-dc927b00239d,2026-08-10T06:45:00Z,2026-08-10T08:45:00+0200,1185.998,MW,NL,NL,actual_offshore_wind_generation,Wind Offshore | Actual Aggregated,2026-08-17T17:16:10Z
2026-08-17T17:12:16Z,2026-08-17T19:12:16+0200,f372a1fc-a0b6-48c3-b979-dc927b00239d,2026-08-10T06:45:00Z,2026-08-10T08:45:00+0200,3.691,MW,NL,NL,actual_offshore_wind_generation,Wind Offshore | Actual Consumption,2026-08-17T17:16:10Z
2026-08-17T17:12:16Z,2026-08-17T19:12:16+0200,f372a1fc-a0b6-48c3-b979-dc927b00239d,2026-08-10T07:00:00Z,2026-08-10T09:00:00+0200,1143.426,MW,NL,NL,actual_offshore_wind_generation,Wind Offshore | Actual Aggregated,2026-08-17T17:16:10Z
2026-08-17T17:12:16Z,2026-08-17T19:12:16+0200,f372a1fc-a0b6-48c3-b979-dc927b00239d,2026-08-10T07:00:00Z,2026-08-10T09:00:00+0200,3.806,MW,NL,NL,actual_offshore_wind_generation,Wind Offshore | Actual Consumption,2026-08-17T17:16:10Z
2026-08-17T17:12:16Z,2026-08-17T19:12:16+0200,f372a1fc-a0b6-48c3-b979-dc927b00239d,2026-08-10T07:15:00Z,2026-08-10T09:15:00+0200,955.249,MW,NL,NL,actual_offshore_wind_generation,Wind Offshore | Actual Aggregated,2026-08-17T17:16:10Z
2026-08-17T17:12:16Z,2026-08-17T19:12:16+0200,f372a1fc-a0b6-48c3-b979-dc927b00239d,2026-08-10T07:15:00Z,2026-08-10T09:15:00+0200,3.705,MW,NL,NL,actual_offshore_wind_generation,Wind Offshore | Actual Consumption,2026-08-17T17:16:10Z
2026-08-17T17:12:16Z,2026-08-17T19:12:16+0200,f372a1fc-a0b6-48c3-b979-dc927b00239d,2026-08-10T07:30:00Z,2026-08-10T09:30:00+0200,868.699,MW,NL,NL,actual_offshore_wind_generation,Wind Offshore | Actual Aggregated,2026-08-17T17:16:10Z
2026-08-17T17:12:16Z,2026-08-17T19:12:16+0200,f372a1fc-a0b6-48c3-b979-dc927b00239d,2026-08-10T07:30:00Z,2026-08-10T09:30:00+0200,4.339,MW,NL,NL,actual_offshore_wind_generation,Wind Offshore | Actual Consumption,2026-08-17T17:16:10Z
2026-08-17T17:12:16Z,2026-08-17T19:12:16+0200,f372a1fc-a0b6-48c3-b979-dc927b00239d,2026-08-10T07:45:00Z,2026-08-10T09:45:00+0200,768.763,MW,NL,NL,actual_offshore_wind_generation,Wind Offshore | Actual Aggregated,2026-08-17T17:16:10Z
2026-08-17T17:12:16Z,2026-08-17T19:12:16+0200,f372a1fc-a0b6-48c3-b979-dc927b00239d,2026-08-10T07:45:00Z,2026-08-10T09:45:00+0200,2.34,MW,NL,NL,actual_offshore_wind_generation,Wind Offshore | Actual Consumption,2026-08-17T17:16:10Z
2026-08-17T17:12:16Z,2026-08-17T19:12:16+0200,f372a1fc-a0b6-48c3-b979-dc927b00239d,2026-08-10T08:00:00Z,2026-08-10T10:00:00+0200,880.329,MW,NL,NL,actual_offshore_wind_generation,Wind Offshore | Actual Aggregated,2026-08-17T17:16:10Z
2026-08-17T17:12:16Z,2026-08-17T19:12:16+0200,f372a1fc-a0b6-48c3-b979-dc927b00239d,2026-08-10T08:00:00Z,2026-08-10T10:00:00+0200,1.878,MW,NL,NL,actual_offshore_wind_generation,Wind Offshore | Actual Consumption,2026-08-17T17:16:10Z
2026-08-17T17:12:16Z,2026-08-17T19:12:16+0200,f372a1fc-a0b6-48c3-b979-dc927b00239d,2026-08-10T08:15:00Z,2026-08-10T10:15:00+0200,968.964,MW,NL,NL,actual_offshore_wind_generation,Wind Offshore | Actual Aggregated,2026-08-17T17:16:10Z
2026-08-17T17:12:16Z,2026-08-17T19:12:16+0200,f372a1fc-a0b6-48c3-b979-dc927b00239d,2026-08-10T08:15:00Z,2026-08-10T10:15:00+0200,2.061,MW,NL,NL,actual_offshore_wind_generation,Wind Offshore | Actual Consumption,2026-08-17T17:16:10Z
2026-08-17T17:12:16Z,2026-08-17T19:12:16+0200,f372a1fc-a0b6-48c3-b979-dc927b00239d,2026-08-10T08:30:00Z,2026-08-10T10:30:00+0200,1095.184,MW,NL,NL,actual_offshore_wind_generation,Wind Offshore | Actual Aggregated,2026-08-17T17:16:10Z
2026-08-17T17:12:16Z,2026-08-17T19:12:16+0200,f372a1fc-a0b6-48c3-b979-dc927b00239d,2026-08-10T08:30:00Z,2026-08-10T10:30:00+0200,3.158,MW,NL,NL,actual_offshore_wind_generation,Wind Offshore | Actual Consumption,2026-08-17T17:16:10Z
2026-08-17T17:12:16Z,2026-08-17T19:12:16+0200,f372a1fc-a0b6-48c3-b979-dc927b00239d,2026-08-10T08:45:00Z,2026-08-10T10:45:00+0200,1141.918,MW,NL,NL,actual_offshore_wind_generation,Wind Offshore | Actual Aggregated,2026-08-17T17:16:10Z
2026-08-17T17:12:16Z,2026-08-17T19:12:16+0200,f372a1fc-a0b6-48c3-b979-dc927b00239d,2026-08-10T08:45:00Z,2026-08-10T10:45:00+0200,3.712,MW,NL,NL,actual_offshore_wind_generation,Wind Offshore | Actual Consumption,2026-08-17T17:16:10Z
2026-08-17T17:12:16Z,2026-08-17T19:12:16+0200,f372a1fc-a0b6-48c3-b979-dc927b00239d,2026-08-10T09:00:00Z,2026-08-10T11:00:00+0200,1087.217,MW,NL,NL,actual_offshore_wind_generation,Wind Offshore | Actual Aggregated,2026-08-17T17:16:10Z
2026-08-17T17:12:16Z,2026-08-17T19:12:16+0200,f372a1fc-a0b6-48c3-b979-dc927b00239d,2026-08-10T09:00:00Z,2026-08-10T11:00:00+0200,3.85,MW,NL,NL,actual_offshore_wind_generation,Wind Offshore | Actual Consumption,2026-08-17T17:16:10Z
2026-08-17T17:12:16Z,2026-08-17T19:12:16+0200,f372a1fc-a0b6-48c3-b979-dc927b00239d,2026-08-10T09:15:00Z,2026-08-10T11:15:00+0200,1135.855,MW,NL,NL,actual_offshore_wind_generation,Wind Offshore | Actual Aggregated,2026-08-17T17:16:10Z
2026-08-17T17:12:16Z,2026-08-17T19:12:16+0200,f372a1fc-a0b6-48c3-b979-dc927b00239d,2026-08-10T09:15:00Z,2026-08-10T11:15:00+0200,3.47,MW,NL,NL,actual_offshore_wind_generation,Wind Offshore | Actual Consumption,2026-08-17T17:16:10Z
2026-08-17T17:12:16Z,2026-08-17T19:12:16+0200,f372a1fc-a0b6-48c3-b979-dc927b00239d,2026-08-10T09:30:00Z,2026-08-10T11:30:00+0200,1113.144,MW,NL,NL,actual_offshore_wind_generation,Wind Offshore | Actual Aggregated,2026-08-17T17:16:10Z
2026-08-17T17:12:16Z,2026-08-17T19:12:16+0200,f372a1fc-a0b6-48c3-b979-dc927b00239d,2026-08-10T09:30:00Z,2026-08-10T11:30:00+0200,4.132,MW,NL,NL,actual_offshore_wind_generation,Wind Offshore | Actual Consumption,2026-08-17T17:16:10Z
2026-08-17T17:12:16Z,2026-08-17T19:12:16+0200,f372a1fc-a0b6-48c3-b979-dc927b00239d,2026-08-10T09:45:00Z,2026-08-10T11:45:00+0200,955.343,MW,NL,NL,actual_offshore_wind_generation,Wind Offshore | Actual Aggregated,2026-08-17T17:16:10Z
2026-08-17T17:12:16Z,2026-08-17T19:12:16+0200,f372a1fc-a0b6-48c3-b979-dc927b00239d,2026-08-10T09:45:00Z,2026-08-10T11:45:00+0200,4.405,MW,NL,NL,actual_offshore_wind_generation,Wind Offshore | Actual Consumption,2026-08-17T17:16:10Z
2026-08-17T17:12:16Z,2026-08-17T19:12:16+0200,f372a1fc-a0b6-48c3-b979-dc927b00239d,2026-08-10T10:00:00Z,2026-08-10T12:00:00+0200,1197.477,MW,NL,NL,actual_offshore_wind_generation,Wind Offshore | Actual Aggregated,2026-08-17T17:16:10Z
2026-08-17T17:12:16Z,2026-08-17T19:12:16+0200,f372a1fc-a0b6-48c3-b979-dc927b00239d,2026-08-10T10:00:00Z,2026-08-10T12:00:00+0200,4.551,MW,NL,NL,actual_offshore_wind_generation,Wind Offshore | Actual Consumption,2026-08-17T17:16:10Z
2026-08-17T17:12:16Z,2026-08-17T19:12:16+0200,f372a1fc-a0b6-48c3-b979-dc927b00239d,2026-08-10T10:15:00Z,2026-08-10T12:15:00+0200,1213.491,MW,NL,NL,actual_offshore_wind_generation,Wind Offshore | Actual Aggregated,2026-08-17T17:16:10Z
2026-08-17T17:12:16Z,2026-08-17T19:12:16+0200,f372a1fc-a0b6-48c3-b979-dc927b00239d,2026-08-10T10:15:00Z,2026-08-10T12:15:00+0200,4.391,MW,NL,NL,actual_offshore_wind_generation,Wind Offshore | Actual Consumption,2026-08-17T17:16:10Z
2026-08-17T17:12:16Z,2026-08-17T19:12:16+0200,f372a1fc-a0b6-48c3-b979-dc927b00239d,2026-08-10T10:30:00Z,2026-08-10T12:30:00+0200,1370.562,MW,NL,NL,actual_offshore_wind_generation,Wind Offshore | Actual Aggregated,2026-08-17T17:16:10Z
2026-08-17T17:12:16Z,2026-08-17T19:12:16+0200,f372a1fc-a0b6-48c3-b979-dc927b00239d,2026-08-10T10:30:00Z,2026-08-10T12:30:00+0200,4.412,MW,NL,NL,actual_offshore_wind_generation,Wind Offshore | Actual Consumption,2026-08-17T17:16:10Z
2026-08-17T17:12:16Z,2026-08-17T19:12:16+0200,f372a1fc-a0b6-48c3-b979-dc927b00239d,2026-08-10T10:45:00Z,2026-08-10T12:45:00+0200,1443.916,MW,NL,NL,actual_offshore_wind_generation,Wind Offshore | Actual Aggregated,2026-08-17T17:16:10Z
2026-08-17T17:12:16Z,2026-08-17T19:12:16+0200,f372a1fc-a0b6-48c3-b979-dc927b00239d,2026-08-10T10:45:00Z,2026-08-10T12:45:00+0200,4.364,MW,NL,NL,actual_offshore_wind_generation,Wind Offshore | Actual Consumption,2026-08-17T17:16:10Z
2026-08-17T17:12:16Z,2026-08-17T19:12:16+0200,f372a1fc-a0b6-48c3-b979-dc927b00239d,2026-08-10T11:00:00Z,2026-08-10T13:00:00+0200,1464.556,MW,NL,NL,actual_offshore_wind_generation,Wind Offshore | Actual Aggregated,2026-08-17T17:16:10Z
2026-08-17T17:12:16Z,2026-08-17T19:12:16+0200,f372a1fc-a0b6-48c3-b979-dc927b00239d,2026-08-10T11:00:00Z,2026-08-10T13:00:00+0200,5.696,MW,NL,NL,actual_offshore_wind_generation,Wind Offshore | Actual Consumption,2026-08-17T17:16:10Z
2026-08-17T17:12:16Z,2026-08-17T19:12:16+0200,f372a1fc-a0b6-48c3-b979-dc927b00239d,2026-08-10T11:15:00Z,2026-08-10T13:15:00+0200,1416.874,MW,NL,NL,actual_offshore_wind_generation,Wind Offshore | Actual Aggregated,2026-08-17T17:16:10Z
2026-08-17T17:12:16Z,2026-08-17T19:12:16+0200,f372a1fc-a0b6-48c3-b979-dc927b00239d,2026-08-10T11:15:00Z,2026-08-10T13:15:00+0200,4.581,MW,NL,NL,actual_offshore_wind_generation,Wind Offshore | Actual Consumption,2026-08-17T17:16:10Z
2026-08-17T17:12:16Z,2026-08-17T19:12:16+0200,f372a1fc-a0b6-48c3-b979-dc927b00239d,2026-08-10T11:30:00Z,2026-08-10T13:30:00+0200,1348.126,MW,NL,NL,actual_offshore_wind_generation,Wind Offshore | Actual Aggregated,2026-08-17T17:16:10Z
2026-08-17T17:12:16Z,2026-08-17T19:12:16+0200,f372a1fc-a0b6-48c3-b979-dc927b00239d,2026-08-10T11:30:00Z,2026-08-10T13:30:00+0200,3.649,MW,NL,NL,actual_offshore_wind_generation,Wind Offshore | Actual Consumption,2026-08-17T17:16:10Z
2026-08-17T17:12:16Z,2026-08-17T19:12:16+0200,f372a1fc-a0b6-48c3-b979-dc927b00239d,2026-08-10T11:45:00Z,2026-08-10T13:45:00+0200,1281.413,MW,NL,NL,actual_offshore_wind_generation,Wind Offshore | Actual Aggregated,2026-08-17T17:16:10Z
2026-08-17T17:12:16Z,2026-08-17T19:12:16+0200,f372a1fc-a0b6-48c3-b979-dc927b00239d,2026-08-10T11:45:00Z,2026-08-10T13:45:00+0200,2.856,MW,NL,NL,actual_offshore_wind_generation,Wind Offshore | Actual Consumption,2026-08-17T17:16:10Z
2026-08-17T17:12:16Z,2026-08-17T19:12:16+0200,f372a1fc-a0b6-48c3-b979-dc927b00239d,2026-08-10T12:00:00Z,2026-08-10T14:00:00+0200,1084.866,MW,NL,NL,actual_offshore_wind_generation,Wind Offshore | Actual Aggregated,2026-08-17T17:16:10Z
2026-08-17T17:12:16Z,2026-08-17T19:12:16+0200,f372a1fc-a0b6-48c3-b979-dc927b00239d,2026-08-10T12:00:00Z,2026-08-10T14:00:00+0200,2.11,MW,NL,NL,actual_offshore_wind_generation,Wind Offshore | Actual Consumption,2026-08-17T17:16:10Z
2026-08-17T17:12:16Z,2026-08-17T19:12:16+0200,f372a1fc-a0b6-48c3-b979-dc927b00239d,2026-08-10T12:15:00Z,2026-08-10T14:15:00+0200,1018.904,MW,NL,NL,actual_offshore_wind_generation,Wind Offshore | Actual Aggregated,2026-08-17T17:16:10Z
2026-08-17T17:12:16Z,2026-08-17T19:12:16+0200,f372a1fc-a0b6-48c3-b979-dc927b00239d,2026-08-10T12:15:00Z,2026-08-10T14:15:00+0200,2.041,MW,NL,NL,actual_offshore_wind_generation,Wind Offshore | Actual Consumption,2026-08-17T17:16:10Z
2026-08-17T17:12:16Z,2026-08-17T19:12:16+0200,f372a1fc-a0b6-48c3-b979-dc927b00239d,2026-08-10T12:30:00Z,2026-08-10T14:30:00+0200,1057.696,MW,NL,NL,actual_offshore_wind_generation,Wind Offshore | Actual Aggregated,2026-08-17T17:16:10Z
2026-08-17T17:12:16Z,2026-08-17T19:12:16+0200,f372a1fc-a0b6-48c3-b979-dc927b00239d,2026-08-10T12:30:00Z,2026-08-10T14:30:00+0200,1.266,MW,NL,NL,actual_offshore_wind_generation,Wind Offshore | Actual Consumption,2026-08-17T17:16:10Z
2026-08-17T17:12:16Z,2026-08-17T19:12:16+0200,f372a1fc-a0b6-48c3-b979-dc927b00239d,2026-08-10T12:45:00Z,2026-08-10T14:45:00+0200,1075.074,MW,NL,NL,actual_offshore_wind_generation,Wind Offshore | Actual Aggregated,2026-08-17T17:16:10Z
2026-08-17T17:12:16Z,2026-08-17T19:12:16+0200,f372a1fc-a0b6-48c3-b979-dc927b00239d,2026-08-10T12:45:00Z,2026-08-10T14:45:00+0200,2.622,MW,NL,NL,actual_offshore_wind_generation,Wind Offshore | Actual Consumption,2026-08-17T17:16:10Z
2026-08-17T17:12:16Z,2026-08-17T19:12:16+0200,f372a1fc-a0b6-48c3-b979-dc927b00239d,2026-08-10T13:00:00Z,2026-08-10T15:00:00+0200,1098.984,MW,NL,NL,actual_offshore_wind_generation,Wind Offshore | Actual Aggregated,2026-08-17T17:16:10Z
2026-08-17T17:12:16Z,2026-08-17T19:12:16+0200,f372a1fc-a0b6-48c3-b979-dc927b00239d,2026-08-10T13:00:00Z,2026-08-10T15:00:00+0200,2.457,MW,NL,NL,actual_offshore_wind_generation,Wind Offshore | Actual Consumption,2026-08-17T17:16:10Z
2026-08-17T17:12:16Z,2026-08-17T19:12:16+0200,f372a1fc-a0b6-48c3-b979-dc927b00239d,2026-08-10T13:15:00Z,2026-08-10T15:15:00+0200,1072.924,MW,NL,NL,actual_offshore_wind_generation,Wind Offshore | Actual Aggregated,2026-08-17T17:16:10Z
2026-08-17T17:12:16Z,2026-08-17T19:12:16+0200,f372a1fc-a0b6-48c3-b979-dc927b00239d,2026-08-10T13:15:00Z,2026-08-10T15:15:00+0200,2.284,MW,NL,NL,actual_offshore_wind_generation,Wind Offshore | Actual Consumption,2026-08-17T17:16:10Z
2026-08-17T17:12:16Z,2026-08-17T19:12:16+0200,f372a1fc-a0b6-48c3-b979-dc927b00239d,2026-08-10T13:30:00Z,2026-08-10T15:30:00+0200,1010.976,MW,NL,NL,actual_offshore_wind_generation,Wind Offshore | Actual Aggregated,2026-08-17T17:16:10Z
2026-08-17T17:12:16Z,2026-08-17T19:12:16+0200,f372a1fc-a0b6-48c3-b979-dc927b00239d,2026-08-10T13:30:00Z,2026-08-10T15:30:00+0200,1.779,MW,NL,NL,actual_offshore_wind_generation,Wind Offshore | Actual Consumption,2026-08-17T17:16:10Z
2026-08-17T17:12:16Z,2026-08-17T19:12:16+0200,f372a1fc-a0b6-48c3-b979-dc927b00239d,2026-08-10T13:45:00Z,2026-08-10T15:45:00+0200,949.227,MW,NL,NL,actual_offshore_wind_generation,Wind Offshore | Actual Aggregated,2026-08-17T17:16:10Z
2026-08-17T17:12:16Z,2026-08-17T19:12:16+0200,f372a1fc-a0b6-48c3-b979-dc927b00239d,2026-08-10T13:45:00Z,2026-08-10T15:45:00+0200,1.724,MW,NL,NL,actual_offshore_wind_generation,Wind Offshore | Actual Consumption,2026-08-17T17:16:10Z
2026-08-17T17:12:16Z,2026-08-17T19:12:16+0200,f372a1fc-a0b6-48c3-b979-dc927b00239d,2026-08-10T14:00:00Z,2026-08-10T16:00:00+0200,902.917,MW,NL,NL,actual_offshore_wind_generation,Wind Offshore | Actual Aggregated,2026-08-17T17:16:10Z
2026-08-17T17:12:16Z,2026-08-17T19:12:16+0200,f372a1fc-a0b6-48c3-b979-dc927b00239d,2026-08-10T14:00:00Z,2026-08-10T16:00:00+0200,1.034,MW,NL,NL,actual_offshore_wind_generation,Wind Offshore | Actual Consumption,2026-08-17T17:16:10Z
2026-08-17T17:12:16Z,2026-08-17T19:12:16+0200,f372a1fc-a0b6-48c3-b979-dc927b00239d,2026-08-10T14:15:00Z,2026-08-10T16:15:00+0200,839.61,MW,NL,NL,actual_offshore_wind_generation,Wind Offshore | Actual Aggregated,2026-08-17T17:16:10Z
2026-08-17T17:12:16Z,2026-08-17T19:12:16+0200,f372a1fc-a0b6-48c3-b979-dc927b00239d,2026-08-10T14:15:00Z,2026-08-10T16:15:00+0200,1.125,MW,NL,NL,actual_offshore_wind_generation,Wind Offshore | Actual Consumption,2026-08-17T17:16:10Z
2026-08-17T17:12:16Z,2026-08-17T19:12:16+0200,f372a1fc-a0b6-48c3-b979-dc927b00239d,2026-08-10T14:30:00Z,2026-08-10T16:30:00+0200,781.557,MW,NL,NL,actual_offshore_wind_generation,Wind Offshore | Actual Aggregated,2026-08-17T17:16:10Z
2026-08-17T17:12:16Z,2026-08-17T19:12:16+0200,f372a1fc-a0b6-48c3-b979-dc927b00239d,2026-08-10T14:30:00Z,2026-08-10T16:30:00+0200,1.011,MW,NL,NL,actual_offshore_wind_generation,Wind Offshore | Actual Consumption,2026-08-17T17:16:10Z
2026-08-17T17:12:16Z,2026-08-17T19:12:16+0200,f372a1fc-a0b6-48c3-b979-dc927b00239d,2026-08-10T14:45:00Z,2026-08-10T16:45:00+0200,752.416,MW,NL,NL,actual_offshore_wind_generation,Wind Offshore | Actual Aggregated,2026-08-17T17:16:10Z
2026-08-17T17:12:16Z,2026-08-17T19:12:16+0200,f372a1fc-a0b6-48c3-b979-dc927b00239d,2026-08-10T14:45:00Z,2026-08-10T16:45:00+0200,1.485,MW,NL,NL,actual_offshore_wind_generation,Wind Offshore | Actual Consumption,2026-08-17T17:16:10Z
2026-08-17T17:12:16Z,2026-08-17T19:12:16+0200,f372a1fc-a0b6-48c3-b979-dc927b00239d,2026-08-10T15:00:00Z,2026-08-10T17:00:00+0200,751.678,MW,NL,NL,actual_offshore_wind_generation,Wind Offshore | Actual Aggregated,2026-08-17T17:16:10Z
2026-08-17T17:12:16Z,2026-08-17T19:12:16+0200,f372a1fc-a0b6-48c3-b979-dc927b00239d,2026-08-10T15:00:00Z,2026-08-10T17:00:00+0200,1.737,MW,NL,NL,actual_offshore_wind_generation,Wind Offshore | Actual Consumption,2026-08-17T17:16:10Z
2026-08-17T17:12:16Z,2026-08-17T19:12:16+0200,f372a1fc-a0b6-48c3-b979-dc927b00239d,2026-08-10T15:15:00Z,2026-08-10T17:15:00+0200,734.102,MW,NL,NL,actual_offshore_wind_generation,Wind Offshore | Actual Aggregated,2026-08-17T17:16:10Z
2026-08-17T17:12:16Z,2026-08-17T19:12:16+0200,f372a1fc-a0b6-48c3-b979-dc927b00239d,2026-08-10T15:15:00Z,2026-08-10T17:15:00+0200,1.255,MW,NL,NL,actual_offshore_wind_generation,Wind Offshore | Actual Consumption,2026-08-17T17:16:10Z
2026-08-17T17:12:16Z,2026-08-17T19:12:16+0200,f372a1fc-a0b6-48c3-b979-dc927b00239d,2026-08-10T15:30:00Z,2026-08-10T17:30:00+0200,728.725,MW,NL,NL,actual_offshore_wind_generation,Wind Offshore | Actual Aggregated,2026-08-17T17:16:10Z
2026-08-17T17:12:16Z,2026-08-17T19:12:16+0200,f372a1fc-a0b6-48c3-b979-dc927b00239d,2026-08-10T15:30:00Z,2026-08-10T17:30:00+0200,1.09,MW,NL,NL,actual_offshore_wind_generation,Wind Offshore | Actual Consumption,2026-08-17T17:16:10Z
2026-08-17T17:12:16Z,2026-08-17T19:12:16+0200,f372a1fc-a0b6-48c3-b979-dc927b00239d,2026-08-10T15:45:00Z,2026-08-10T17:45:00+0200,781.087,MW,NL,NL,actual_offshore_wind_generation,Wind Offshore | Actual Aggregated,2026-08-17T17:16:10Z
2026-08-17T17:12:16Z,2026-08-17T19:12:16+0200,f372a1fc-a0b6-48c3-b979-dc927b00239d,2026-08-10T15:45:00Z,2026-08-10T17:45:00+0200,1.347,MW,NL,NL,actual_offshore_wind_generation,Wind Offshore | Actual Consumption,2026-08-17T17:16:10Z
2026-08-17T17:12:16Z,2026-08-17T19:12:16+0200,f372a1fc-a0b6-48c3-b979-dc927b00239d,2026-08-10T16:00:00Z,2026-08-10T18:00:00+0200,883.251,MW,NL,NL,actual_offshore_wind_generation,Wind Offshore | Actual Aggregated,2026-08-17T17:16:10Z
2026-08-17T17:12:16Z,2026-08-17T19:12:16+0200,f372a1fc-a0b6-48c3-b979-dc927b00239d,2026-08-10T16:00:00Z,2026-08-10T18:00:00+0200,1.402,MW,NL,NL,actual_offshore_wind_generation,Wind Offshore | Actual Consumption,2026-08-17T17:16:10Z
2026-08-17T17:12:16Z,2026-08-17T19:12:16+0200,f372a1fc-a0b6-48c3-b979-dc927b00239d,2026-08-10T16:15:00Z,2026-08-10T18:15:00+0200,904.152,MW,NL,NL,actual_offshore_wind_generation,Wind Offshore | Actual Aggregated,2026-08-17T17:16:10Z
2026-08-17T17:12:16Z,2026-08-17T19:12:16+0200,f372a1fc-a0b6-48c3-b979-dc927b00239d,2026-08-10T16:15:00Z,2026-08-10T18:15:00+0200,1.555,MW,NL,NL,actual_offshore_wind_generation,Wind Offshore | Actual Consumption,2026-08-17T17:16:10Z
2026-08-17T17:12:16Z,2026-08-17T19:12:16+0200,f372a1fc-a0b6-48c3-b979-dc927b00239d,2026-08-10T16:30:00Z,2026-08-10T18:30:00+0200,818.856,MW,NL,NL,actual_offshore_wind_generation,Wind Offshore | Actual Aggregated,2026-08-17T17:16:10Z
2026-08-17T17:12:16Z,2026-08-17T19:12:16+0200,f372a1fc-a0b6-48c3-b979-dc927b00239d,2026-08-10T16:30:00Z,2026-08-10T18:30:00+0200,1.327,MW,NL,NL,actual_offshore_wind_generation,Wind Offshore | Actual Consumption,2026-08-17T17:16:10Z
2026-08-17T17:12:16Z,2026-08-17T19:12:16+0200,f372a1fc-a0b6-48c3-b979-dc927b00239d,2026-08-10T16:45:00Z,2026-08-10T18:45:00+0200,926.189,MW,NL,NL,actual_offshore_wind_generation,Wind Offshore | Actual Aggregated,2026-08-17T17:16:10Z
2026-08-17T17:12:16Z,2026-08-17T19:12:16+0200,f372a1fc-a0b6-48c3-b979-dc927b00239d,2026-08-10T16:45:00Z,2026-08-10T18:45:00+0200,1.073,MW,NL,NL,actual_offshore_wind_generation,Wind Offshore | Actual Consumption,2026-08-17T17:16:10Z
2026-08-17T17:12:16Z,2026-08-17T19:12:16+0200,f372a1fc-a0b6-48c3-b979-dc927b00239d,2026-08-10T17:00:00Z,2026-08-10T19:00:00+0200,918.56,MW,NL,NL,actual_offshore_wind_generation,Wind Offshore | Actual Aggregated,2026-08-17T17:16:10Z
2026-08-17T17:12:16Z,2026-08-17T19:12:16+0200,f372a1fc-a0b6-48c3-b979-dc927b00239d,2026-08-10T17:00:00Z,2026-08-10T19:00:00+0200,1.256,MW,NL,NL,actual_offshore_wind_generation,Wind Offshore | Actual Consumption,2026-08-17T17:16:10Z
2026-08-17T17:12:16Z,2026-08-17T19:12:16+0200,f372a1fc-a0b6-48c3-b979-dc927b00239d,2026-08-10T17:15:00Z,2026-08-10T19:15:00+0200,982.079,MW,NL,NL,actual_offshore_wind_generation,Wind Offshore | Actual Aggregated,2026-08-17T17:16:10Z
2026-08-17T17:12:16Z,2026-08-17T19:12:16+0200,f372a1fc-a0b6-48c3-b979-dc927b00239d,2026-08-10T17:15:00Z,2026-08-10T19:15:00+0200,1.328,MW,NL,NL,actual_offshore_wind_generation,Wind Offshore | Actual Consumption,2026-08-17T17:16:10Z
2026-08-17T17:12:16Z,2026-08-17T19:12:16+0200,f372a1fc-a0b6-48c3-b979-dc927b00239d,2026-08-10T17:30:00Z,2026-08-10T19:30:00+0200,977.305,MW,NL,NL,actual_offshore_wind_generation,Wind Offshore | Actual Aggregated,2026-08-17T17:16:10Z
2026-08-17T17:12:16Z,2026-08-17T19:12:16+0200,f372a1fc-a0b6-48c3-b979-dc927b00239d,2026-08-10T17:30:00Z,2026-08-10T19:30:00+0200,2.343,MW,NL,NL,actual_offshore_wind_generation,Wind Offshore | Actual Consumption,2026-08-17T17:16:10Z
2026-08-17T17:12:16Z,2026-08-17T19:12:16+0200,f372a1fc-a0b6-48c3-b979-dc927b00239d,2026-08-10T17:45:00Z,2026-08-10T19:45:00+0200,1167.057,MW,NL,NL,actual_offshore_wind_generation,Wind Offshore | Actual Aggregated,2026-08-17T17:16:10Z
2026-08-17T17:12:16Z,2026-08-17T19:12:16+0200,f372a1fc-a0b6-48c3-b979-dc927b00239d,2026-08-10T17:45:00Z,2026-08-10T19:45:00+0200,1.821,MW,NL,NL,actual_offshore_wind_generation,Wind Offshore | Actual Consumption,2026-08-17T17:16:10Z
2026-08-17T17:12:16Z,2026-08-17T19:12:16+0200,f372a1fc-a0b6-48c3-b979-dc927b00239d,2026-08-10T18:00:00Z,2026-08-10T20:00:00+0200,1226.728,MW,NL,NL,actual_offshore_wind_generation,Wind Offshore | Actual Aggregated,2026-08-17T17:16:10Z
2026-08-17T17:12:16Z,2026-08-17T19:12:16+0200,f372a1fc-a0b6-48c3-b979-dc927b00239d,2026-08-10T18:00:00Z,2026-08-10T20:00:00+0200,2.13,MW,NL,NL,actual_offshore_wind_generation,Wind Offshore | Actual Consumption,2026-08-17T17:16:10Z
2026-08-17T17:12:16Z,2026-08-17T19:12:16+0200,f372a1fc-a0b6-48c3-b979-dc927b00239d,2026-08-10T18:15:00Z,2026-08-10T20:15:00+0200,1311.812,MW,NL,NL,actual_offshore_wind_generation,Wind Offshore | Actual Aggregated,2026-08-17T17:16:10Z
2026-08-17T17:12:16Z,2026-08-17T19:12:16+0200,f372a1fc-a0b6-48c3-b979-dc927b00239d,2026-08-10T18:15:00Z,2026-08-10T20:15:00+0200,2.587,MW,NL,NL,actual_offshore_wind_generation,Wind Offshore | Actual Consumption,2026-08-17T17:16:10Z
2026-08-17T17:12:16Z,2026-08-17T19:12:16+0200,f372a1fc-a0b6-48c3-b979-dc927b00239d,2026-08-10T18:30:00Z,2026-08-10T20:30:00+0200,1275.538,MW,NL,NL,actual_offshore_wind_generation,Wind Offshore | Actual Aggregated,2026-08-17T17:16:10Z
2026-08-17T17:12:16Z,2026-08-17T19:12:16+0200,f372a1fc-a0b6-48c3-b979-dc927b00239d,2026-08-10T18:30:00Z,2026-08-10T20:30:00+0200,2.416,MW,NL,NL,actual_offshore_wind_generation,Wind Offshore | Actual Consumption,2026-08-17T17:16:10Z
2026-08-17T17:12:16Z,2026-08-17T19:12:16+0200,f372a1fc-a0b6-48c3-b979-dc927b00239d,2026-08-10T18:45:00Z,2026-08-10T20:45:00+0200,1257.677,MW,NL,NL,actual_offshore_wind_generation,Wind Offshore | Actual Aggregated,2026-08-17T17:16:10Z
2026-08-17T17:12:16Z,2026-08-17T19:12:16+0200,f372a1fc-a0b6-48c3-b979-dc927b00239d,2026-08-10T18:45:00Z,2026-08-10T20:45:00+0200,3.046,MW,NL,NL,actual_offshore_wind_generation,Wind Offshore | Actual Consumption,2026-08-17T17:16:10Z
2026-08-17T17:12:16Z,2026-08-17T19:12:16+0200,f372a1fc-a0b6-48c3-b979-dc927b00239d,2026-08-10T19:00:00Z,2026-08-10T21:00:00+0200,1184.272,MW,NL,NL,actual_offshore_wind_generation,Wind Offshore | Actual Aggregated,2026-08-17T17:16:10Z
2026-08-17T17:12:16Z,2026-08-17T19:12:16+0200,f372a1fc-a0b6-48c3-b979-dc927b00239d,2026-08-10T19:00:00Z,2026-08-10T21:00:00+0200,2.003,MW,NL,NL,actual_offshore_wind_generation,Wind Offshore | Actual Consumption,2026-08-17T17:16:10Z
2026-08-17T17:12:16Z,2026-08-17T19:12:16+0200,f372a1fc-a0b6-48c3-b979-dc927b00239d,2026-08-10T19:15:00Z,2026-08-10T21:15:00+0200,1131.926,MW,NL,NL,actual_offshore_wind_generation,Wind Offshore | Actual Aggregated,2026-08-17T17:16:10Z
2026-08-17T17:12:16Z,2026-08-17T19:12:16+0200,f372a1fc-a0b6-48c3-b979-dc927b00239d,2026-08-10T19:15:00Z,2026-08-10T21:15:00+0200,1.667,MW,NL,NL,actual_offshore_wind_generation,Wind Offshore | Actual Consumption,2026-08-17T17:16:10Z
2026-08-17T17:12:16Z,2026-08-17T19:12:16+0200,f372a1fc-a0b6-48c3-b979-dc927b00239d,2026-08-10T19:30:00Z,2026-08-10T21:30:00+0200,1090.353,MW,NL,NL,actual_offshore_wind_generation,Wind Offshore | Actual Aggregated,2026-08-17T17:16:10Z
2026-08-17T17:12:16Z,2026-08-17T19:12:16+0200,f372a1fc-a0b6-48c3-b979-dc927b00239d,2026-08-10T19:30:00Z,2026-08-10T21:30:00+0200,2.438,MW,NL,NL,actual_offshore_wind_generation,Wind Offshore | Actual Consumption,2026-08-17T17:16:10Z
2026-08-17T17:12:16Z,2026-08-17T19:12:16+0200,f372a1fc-a0b6-48c3-b979-dc927b00239d,2026-08-10T19:45:00Z,2026-08-10T21:45:00+0200,1076.939,MW,NL,NL,actual_offshore_wind_generation,Wind Offshore | Actual Aggregated,2026-08-17T17:16:10Z
2026-08-17T17:12:16Z,2026-08-17T19:12:16+0200,f372a1fc-a0b6-48c3-b979-dc927b00239d,2026-08-10T19:45:00Z,2026-08-10T21:45:00+0200,3.206,MW,NL,NL,actual_offshore_wind_generation,Wind Offshore | Actual Consumption,2026-08-17T17:16:10Z
2026-08-17T17:12:16Z,2026-08-17T19:12:16+0200,f372a1fc-a0b6-48c3-b979-dc927b00239d,2026-08-10T20:00:00Z,2026-08-10T22:00:00+0200,1055.024,MW,NL,NL,actual_offshore_wind_generation,Wind Offshore | Actual Aggregated,2026-08-17T17:16:10Z
2026-08-17T17:12:16Z,2026-08-17T19:12:16+0200,f372a1fc-a0b6-48c3-b979-dc927b00239d,2026-08-10T20:00:00Z,2026-08-10T22:00:00+0200,3.614,MW,NL,NL,actual_offshore_wind_generation,Wind Offshore | Actual Consumption,2026-08-17T17:16:10Z
2026-08-17T17:12:16Z,2026-08-17T19:12:16+0200,f372a1fc-a0b6-48c3-b979-dc927b00239d,2026-08-10T20:15:00Z,2026-08-10T22:15:00+0200,1079.874,MW,NL,NL,actual_offshore_wind_generation,Wind Offshore | Actual Aggregated,2026-08-17T17:16:10Z
2026-08-17T17:12:16Z,2026-08-17T19:12:16+0200,f372a1fc-a0b6-48c3-b979-dc927b00239d,2026-08-10T20:15:00Z,2026-08-10T22:15:00+0200,3.736,MW,NL,NL,actual_offshore_wind_generation,Wind Offshore | Actual Consumption,2026-08-17T17:16:10Z
2026-08-17T17:12:16Z,2026-08-17T19:12:16+0200,f372a1fc-a0b6-48c3-b979-dc927b00239d,2026-08-10T20:30:00Z,2026-08-10T22:30:00+0200,1218.917,MW,NL,NL,actual_offshore_wind_generation,Wind Offshore | Actual Aggregated,2026-08-17T17:16:10Z
2026-08-17T17:12:16Z,2026-08-17T19:12:16+0200,f372a1fc-a0b6-48c3-b979-dc927b00239d,2026-08-10T20:30:00Z,2026-08-10T22:30:00+0200,4.671,MW,NL,NL,actual_offshore_wind_generation,Wind Offshore | Actual Consumption,2026-08-17T17:16:10Z
2026-08-17T17:12:16Z,2026-08-17T19:12:16+0200,f372a1fc-a0b6-48c3-b979-dc927b00239d,2026-08-10T20:45:00Z,2026-08-10T22:45:00+0200,1342.825,MW,NL,NL,actual_offshore_wind_generation,Wind Offshore | Actual Aggregated,2026-08-17T17:16:10Z
2026-08-17T17:12:16Z,2026-08-17T19:12:16+0200,f372a1fc-a0b6-48c3-b979-dc927b00239d,2026-08-10T20:45:00Z,2026-08-10T22:45:00+0200,4.506,MW,NL,NL,actual_offshore_wind_generation,Wind Offshore | Actual Consumption,2026-08-17T17:16:10Z
2026-08-17T17:12:16Z,2026-08-17T19:12:16+0200,f372a1fc-a0b6-48c3-b979-dc927b00239d,2026-08-10T21:00:00Z,2026-08-10T23:00:00+0200,1466.244,MW,NL,NL,actual_offshore_wind_generation,Wind Offshore | Actual Aggregated,2026-08-17T17:16:10Z
2026-08-17T17:12:16Z,2026-08-17T19:12:16+0200,f372a1fc-a0b6-48c3-b979-dc927b00239d,2026-08-10T21:00:00Z,2026-08-10T23:00:00+0200,8.226,MW,NL,NL,actual_offshore_wind_generation,Wind Offshore | Actual Consumption,2026-08-17T17:16:10Z
2026-08-17T17:12:16Z,2026-08-17T19:12:16+0200,f372a1fc-a0b6-48c3-b979-dc927b00239d,2026-08-10T21:15:00Z,2026-08-10T23:15:00+0200,1527.423,MW,NL,NL,actual_offshore_wind_generation,Wind Offshore | Actual Aggregated,2026-08-17T17:16:10Z
2026-08-17T17:12:16Z,2026-08-17T19:12:16+0200,f372a1fc-a0b6-48c3-b979-dc927b00239d,2026-08-10T21:15:00Z,2026-08-10T23:15:00+0200,6.582,MW,NL,NL,actual_offshore_wind_generation,Wind Offshore | Actual Consumption,2026-08-17T17:16:10Z
2026-08-17T17:12:16Z,2026-08-17T19:12:16+0200,f372a1fc-a0b6-48c3-b979-dc927b00239d,2026-08-10T21:30:00Z,2026-08-10T23:30:00+0200,1600.508,MW,NL,NL,actual_offshore_wind_generation,Wind Offshore | Actual Aggregated,2026-08-17T17:16:10Z
2026-08-17T17:12:16Z,2026-08-17T19:12:16+0200,f372a1fc-a0b6-48c3-b979-dc927b00239d,2026-08-10T21:30:00Z,2026-08-10T23:30:00+0200,7.531,MW,NL,NL,actual_offshore_wind_generation,Wind Offshore | Actual Consumption,2026-08-17T17:16:10Z
2026-08-17T17:12:16Z,2026-08-17T19:12:16+0200,f372a1fc-a0b6-48c3-b979-dc927b00239d,2026-08-10T21:45:00Z,2026-08-10T23:45:00+0200,1575.819,MW,NL,NL,actual_offshore_wind_generation,Wind Offshore | Actual Aggregated,2026-08-17T17:16:10Z
2026-08-17T17:12:16Z,2026-08-17T19:12:16+0200,f372a1fc-a0b6-48c3-b979-dc927b00239d,2026-08-10T21:45:00Z,2026-08-10T23:45:00+0200,6.122,MW,NL,NL,actual_offshore_wind_generation,Wind Offshore | Actual Consumption,2026-08-17T17:16:10Z
2026-08-17T17:12:16Z,2026-08-17T19:12:16+0200,f372a1fc-a0b6-48c3-b979-dc927b00239d,2026-08-10T22:00:00Z,2026-08-11T00:00:00+0200,1493.998,MW,NL,NL,actual_offshore_wind_generation,Wind Offshore | Actual Aggregated,2026-08-17T17:16:10Z
2026-08-17T17:12:16Z,2026-08-17T19:12:16+0200,f372a1fc-a0b6-48c3-b979-dc927b00239d,2026-08-10T22:00:00Z,2026-08-11T00:00:00+0200,5.594,MW,NL,NL,actual_offshore_wind_generation,Wind Offshore | Actual Consumption,2026-08-17T17:16:10Z
2026-08-17T17:12:16Z,2026-08-17T19:12:16+0200,f372a1fc-a0b6-48c3-b979-dc927b00239d,2026-08-10T22:15:00Z,2026-08-11T00:15:00+0200,1418.028,MW,NL,NL,actual_offshore_wind_generation,Wind Offshore | Actual Aggregated,2026-08-17T17:16:10Z
2026-08-17T17:12:16Z,2026-08-17T19:12:16+0200,f372a1fc-a0b6-48c3-b979-dc927b00239d,2026-08-10T22:15:00Z,2026-08-11T00:15:00+0200,6.656,MW,NL,NL,actual_offshore_wind_generation,Wind Offshore | Actual Consumption,2026-08-17T17:16:10Z
2026-08-17T17:12:16Z,2026-08-17T19:12:16+0200,f372a1fc-a0b6-48c3-b979-dc927b00239d,2026-08-10T22:30:00Z,2026-08-11T00:30:00+0200,1337.847,MW,NL,NL,actual_offshore_wind_generation,Wind Offshore | Actual Aggregated,2026-08-17T17:16:10Z
2026-08-17T17:12:16Z,2026-08-17T19:12:16+0200,f372a1fc-a0b6-48c3-b979-dc927b00239d,2026-08-10T22:30:00Z,2026-08-11T00:30:00+0200,5.059,MW,NL,NL,actual_offshore_wind_generation,Wind Offshore | Actual Consumption,2026-08-17T17:16:10Z
2026-08-17T17:12:16Z,2026-08-17T19:12:16+0200,f372a1fc-a0b6-48c3-b979-dc927b00239d,2026-08-10T22:45:00Z,2026-08-11T00:45:00+0200,1268.797,MW,NL,NL,actual_offshore_wind_generation,Wind Offshore | Actual Aggregated,2026-08-17T17:16:10Z
2026-08-17T17:12:16Z,2026-08-17T19:12:16+0200,f372a1fc-a0b6-48c3-b979-dc927b00239d,2026-08-10T22:45:00Z,2026-08-11T00:45:00+0200,5.339,MW,NL,NL,actual_offshore_wind_generation,Wind Offshore | Actual Consumption,2026-08-17T17:16:10Z
2026-08-17T17:12:16Z,2026-08-17T19:12:16+0200,f372a1fc-a0b6-48c3-b979-dc927b00239d,2026-08-10T23:00:00Z,2026-08-11T01:00:00+0200,1199.474,MW,NL,NL,actual_offshore_wind_generation,Wind Offshore | Actual Aggregated,2026-08-17T17:16:10Z
2026-08-17T17:12:16Z,2026-08-17T19:12:16+0200,f372a1fc-a0b6-48c3-b979-dc927b00239d,2026-08-10T23:00:00Z,2026-08-11T01:00:00+0200,4.925,MW,NL,NL,actual_offshore_wind_generation,Wind Offshore | Actual Consumption,2026-08-17T17:16:10Z
2026-08-17T17:12:16Z,2026-08-17T19:12:16+0200,f372a1fc-a0b6-48c3-b979-dc927b00239d,2026-08-10T23:15:00Z,2026-08-11T01:15:00+0200,1154.153,MW,NL,NL,actual_offshore_wind_generation,Wind Offshore | Actual Aggregated,2026-08-17T17:16:10Z
2026-08-17T17:12:16Z,2026-08-17T19:12:16+0200,f372a1fc-a0b6-48c3-b979-dc927b00239d,2026-08-10T23:15:00Z,2026-08-11T01:15:00+0200,3.439,MW,NL,NL,actual_offshore_wind_generation,Wind Offshore | Actual Consumption,2026-08-17T17:16:10Z
2026-08-17T17:12:16Z,2026-08-17T19:12:16+0200,f372a1fc-a0b6-48c3-b979-dc927b00239d,2026-08-10T23:30:00Z,2026-08-11T01:30:00+0200,1129.873,MW,NL,NL,actual_offshore_wind_generation,Wind Offshore | Actual Aggregated,2026-08-17T17:16:10Z
2026-08-17T17:12:16Z,2026-08-17T19:12:16+0200,f372a1fc-a0b6-48c3-b979-dc927b00239d,2026-08-10T23:30:00Z,2026-08-11T01:30:00+0200,3.301,MW,NL,NL,actual_offshore_wind_generation,Wind Offshore | Actual Consumption,2026-08-17T17:16:10Z
2026-08-17T17:12:16Z,2026-08-17T19:12:16+0200,f372a1fc-a0b6-48c3-b979-dc927b00239d,2026-08-10T23:45:00Z,2026-08-11T01:45:00+0200,1081.703,MW,NL,NL,actual_offshore_wind_generation,Wind Offshore | Actual Aggregated,2026-08-17T17:16:10Z
2026-08-17T17:12:16Z,2026-08-17T19:12:16+0200,f372a1fc-a0b6-48c3-b979-dc927b00239d,2026-08-10T23:45:00Z,2026-08-11T01:45:00+0200,3.211,MW,NL,NL,actual_offshore_wind_generation,Wind Offshore | Actual Consumption,2026-08-17T17:16:10Z
2026-08-17T17:12:16Z,2026-08-17T19:12:16+0200,f372a1fc-a0b6-48c3-b979-dc927b00239d,2026-08-11T00:00:00Z,2026-08-11T02:00:00+0200,1035.173,MW,NL,NL,actual_offshore_wind_generation,Wind Offshore | Actual Aggregated,2026-08-17T17:16:10Z
2026-08-17T17:12:16Z,2026-08-17T19:12:16+0200,f372a1fc-a0b6-48c3-b979-dc927b00239d,2026-08-11T00:00:00Z,2026-08-11T02:00:00+0200,3.375,MW,NL,NL,actual_offshore_wind_generation,Wind Offshore | Actual Consumption,2026-08-17T17:16:10Z
2026-08-17T17:12:16Z,2026-08-17T19:12:16+0200,f372a1fc-a0b6-48c3-b979-dc927b00239d,2026-08-11T00:15:00Z,2026-08-11T02:15:00+0200,995.627,MW,NL,NL,actual_offshore_wind_generation,Wind Offshore | Actual Aggregated,2026-08-17T17:16:10Z
2026-08-17T17:12:16Z,2026-08-17T19:12:16+0200,f372a1fc-a0b6-48c3-b979-dc927b00239d,2026-08-11T00:15:00Z,2026-08-11T02:15:00+0200,3.142,MW,NL,NL,actual_offshore_wind_generation,Wind Offshore | Actual Consumption,2026-08-17T17:16:10Z
2026-08-17T17:12:16Z,2026-08-17T19:12:16+0200,f372a1fc-a0b6-48c3-b979-dc927b00239d,2026-08-11T00:30:00Z,2026-08-11T02:30:00+0200,974.317,MW,NL,NL,actual_offshore_wind_generation,Wind Offshore | Actual Aggregated,2026-08-17T17:16:10Z
2026-08-17T17:12:16Z,2026-08-17T19:12:16+0200,f372a1fc-a0b6-48c3-b979-dc927b00239d,2026-08-11T00:30:00Z,2026-08-11T02:30:00+0200,3.32,MW,NL,NL,actual_offshore_wind_generation,Wind Offshore | Actual Consumption,2026-08-17T17:16:10Z
2026-08-17T17:12:16Z,2026-08-17T19:12:16+0200,f372a1fc-a0b6-48c3-b979-dc927b00239d,2026-08-11T00:45:00Z,2026-08-11T02:45:00+0200,913.266,MW,NL,NL,actual_offshore_wind_generation,Wind Offshore | Actual Aggregated,2026-08-17T17:16:10Z
2026-08-17T17:12:16Z,2026-08-17T19:12:16+0200,f372a1fc-a0b6-48c3-b979-dc927b00239d,2026-08-11T00:45:00Z,2026-08-11T02:45:00+0200,3.507,MW,NL,NL,actual_offshore_wind_generation,Wind Offshore | Actual Consumption,2026-08-17T17:16:10Z
2026-08-17T17:12:16Z,2026-08-17T19:12:16+0200,f372a1fc-a0b6-48c3-b979-dc927b00239d,2026-08-11T01:00:00Z,2026-08-11T03:00:00+0200,845.296,MW,NL,NL,actual_offshore_wind_generation,Wind Offshore | Actual Aggregated,2026-08-17T17:16:10Z
2026-08-17T17:12:16Z,2026-08-17T19:12:16+0200,f372a1fc-a0b6-48c3-b979-dc927b00239d,2026-08-11T01:00:00Z,2026-08-11T03:00:00+0200,3.504,MW,NL,NL,actual_offshore_wind_generation,Wind Offshore | Actual Consumption,2026-08-17T17:16:10Z
2026-08-17T17:12:16Z,2026-08-17T19:12:16+0200,f372a1fc-a0b6-48c3-b979-dc927b00239d,2026-08-11T01:15:00Z,2026-08-11T03:15:00+0200,791.639,MW,NL,NL,actual_offshore_wind_generation,Wind Offshore | Actual Aggregated,2026-08-17T17:16:10Z
2026-08-17T17:12:16Z,2026-08-17T19:12:16+0200,f372a1fc-a0b6-48c3-b979-dc927b00239d,2026-08-11T01:15:00Z,2026-08-11T03:15:00+0200,3.285,MW,NL,NL,actual_offshore_wind_generation,Wind Offshore | Actual Consumption,2026-08-17T17:16:10Z
2026-08-17T17:12:16Z,2026-08-17T19:12:16+0200,f372a1fc-a0b6-48c3-b979-dc927b00239d,2026-08-11T01:30:00Z,2026-08-11T03:30:00+0200,744.737,MW,NL,NL,actual_offshore_wind_generation,Wind Offshore | Actual Aggregated,2026-08-17T17:16:10Z
2026-08-17T17:12:16Z,2026-08-17T19:12:16+0200,f372a1fc-a0b6-48c3-b979-dc927b00239d,2026-08-11T01:30:00Z,2026-08-11T03:30:00+0200,2.984,MW,NL,NL,actual_offshore_wind_generation,Wind Offshore | Actual Consumption,2026-08-17T17:16:10Z
2026-08-17T17:12:16Z,2026-08-17T19:12:16+0200,f372a1fc-a0b6-48c3-b979-dc927b00239d,2026-08-11T01:45:00Z,2026-08-11T03:45:00+0200,731.689,MW,NL,NL,actual_offshore_wind_generation,Wind Offshore | Actual Aggregated,2026-08-17T17:16:10Z
2026-08-17T17:12:16Z,2026-08-17T19:12:16+0200,f372a1fc-a0b6-48c3-b979-dc927b00239d,2026-08-11T01:45:00Z,2026-08-11T03:45:00+0200,2.384,MW,NL,NL,actual_offshore_wind_generation,Wind Offshore | Actual Consumption,2026-08-17T17:16:10Z
2026-08-17T17:12:16Z,2026-08-17T19:12:16+0200,f372a1fc-a0b6-48c3-b979-dc927b00239d,2026-08-11T02:00:00Z,2026-08-11T04:00:00+0200,707.13,MW,NL,NL,actual_offshore_wind_generation,Wind Offshore | Actual Aggregated,2026-08-17T17:16:10Z
2026-08-17T17:12:16Z,2026-08-17T19:12:16+0200,f372a1fc-a0b6-48c3-b979-dc927b00239d,2026-08-11T02:00:00Z,2026-08-11T04:00:00+0200,2.129,MW,NL,NL,actual_offshore_wind_generation,Wind Offshore | Actual Consumption,2026-08-17T17:16:10Z
2026-08-17T17:12:16Z,2026-08-17T19:12:16+0200,f372a1fc-a0b6-48c3-b979-dc927b00239d,2026-08-11T02:15:00Z,2026-08-11T04:15:00+0200,684.375,MW,NL,NL,actual_offshore_wind_generation,Wind Offshore | Actual Aggregated,2026-08-17T17:16:10Z
2026-08-17T17:12:16Z,2026-08-17T19:12:16+0200,f372a1fc-a0b6-48c3-b979-dc927b00239d,2026-08-11T02:15:00Z,2026-08-11T04:15:00+0200,2.033,MW,NL,NL,actual_offshore_wind_generation,Wind Offshore | Actual Consumption,2026-08-17T17:16:10Z
2026-08-17T17:12:16Z,2026-08-17T19:12:16+0200,f372a1fc-a0b6-48c3-b979-dc927b00239d,2026-08-11T02:30:00Z,2026-08-11T04:30:00+0200,659.564,MW,NL,NL,actual_offshore_wind_generation,Wind Offshore | Actual Aggregated,2026-08-17T17:16:10Z
2026-08-17T17:12:16Z,2026-08-17T19:12:16+0200,f372a1fc-a0b6-48c3-b979-dc927b00239d,2026-08-11T02:30:00Z,2026-08-11T04:30:00+0200,1.699,MW,NL,NL,actual_offshore_wind_generation,Wind Offshore | Actual Consumption,2026-08-17T17:16:10Z
2026-08-17T17:12:16Z,2026-08-17T19:12:16+0200,f372a1fc-a0b6-48c3-b979-dc927b00239d,2026-08-11T02:45:00Z,2026-08-11T04:45:00+0200,646.396,MW,NL,NL,actual_offshore_wind_generation,Wind Offshore | Actual Aggregated,2026-08-17T17:16:10Z
2026-08-17T17:12:16Z,2026-08-17T19:12:16+0200,f372a1fc-a0b6-48c3-b979-dc927b00239d,2026-08-11T02:45:00Z,2026-08-11T04:45:00+0200,1.467,MW,NL,NL,actual_offshore_wind_generation,Wind Offshore | Actual Consumption,2026-08-17T17:16:10Z
2026-08-17T17:12:16Z,2026-08-17T19:12:16+0200,f372a1fc-a0b6-48c3-b979-dc927b00239d,2026-08-11T03:00:00Z,2026-08-11T05:00:00+0200,682.588,MW,NL,NL,actual_offshore_wind_generation,Wind Offshore | Actual Aggregated,2026-08-17T17:16:10Z
2026-08-17T17:12:16Z,2026-08-17T19:12:16+0200,f372a1fc-a0b6-48c3-b979-dc927b00239d,2026-08-11T03:00:00Z,2026-08-11T05:00:00+0200,1.95,MW,NL,NL,actual_offshore_wind_generation,Wind Offshore | Actual Consumption,2026-08-17T17:16:10Z
2026-08-17T17:12:16Z,2026-08-17T19:12:16+0200,f372a1fc-a0b6-48c3-b979-dc927b00239d,2026-08-11T03:15:00Z,2026-08-11T05:15:00+0200,687.556,MW,NL,NL,actual_offshore_wind_generation,Wind Offshore | Actual Aggregated,2026-08-17T17:16:10Z
2026-08-17T17:12:16Z,2026-08-17T19:12:16+0200,f372a1fc-a0b6-48c3-b979-dc927b00239d,2026-08-11T03:15:00Z,2026-08-11T05:15:00+0200,2.065,MW,NL,NL,actual_offshore_wind_generation,Wind Offshore | Actual Consumption,2026-08-17T17:16:10Z
2026-08-17T17:12:16Z,2026-08-17T19:12:16+0200,f372a1fc-a0b6-48c3-b979-dc927b00239d,2026-08-11T03:30:00Z,2026-08-11T05:30:00+0200,695.885,MW,NL,NL,actual_offshore_wind_generation,Wind Offshore | Actual Aggregated,2026-08-17T17:16:10Z
2026-08-17T17:12:16Z,2026-08-17T19:12:16+0200,f372a1fc-a0b6-48c3-b979-dc927b00239d,2026-08-11T03:30:00Z,2026-08-11T05:30:00+0200,1.929,MW,NL,NL,actual_offshore_wind_generation,Wind Offshore | Actual Consumption,2026-08-17T17:16:10Z
2026-08-17T17:12:16Z,2026-08-17T19:12:16+0200,f372a1fc-a0b6-48c3-b979-dc927b00239d,2026-08-11T03:45:00Z,2026-08-11T05:45:00+0200,724.843,MW,NL,NL,actual_offshore_wind_generation,Wind Offshore | Actual Aggregated,2026-08-17T17:16:10Z
2026-08-17T17:12:16Z,2026-08-17T19:12:16+0200,f372a1fc-a0b6-48c3-b979-dc927b00239d,2026-08-11T03:45:00Z,2026-08-11T05:45:00+0200,2.241,MW,NL,NL,actual_offshore_wind_generation,Wind Offshore | Actual Consumption,2026-08-17T17:16:10Z
2026-08-17T17:12:16Z,2026-08-17T19:12:16+0200,f372a1fc-a0b6-48c3-b979-dc927b00239d,2026-08-11T04:00:00Z,2026-08-11T06:00:00+0200,755.477,MW,NL,NL,actual_offshore_wind_generation,Wind Offshore | Actual Aggregated,2026-08-17T17:16:10Z
2026-08-17T17:12:16Z,2026-08-17T19:12:16+0200,f372a1fc-a0b6-48c3-b979-dc927b00239d,2026-08-11T04:00:00Z,2026-08-11T06:00:00+0200,2.384,MW,NL,NL,actual_offshore_wind_generation,Wind Offshore | Actual Consumption,2026-08-17T17:16:10Z
2026-08-17T17:12:16Z,2026-08-17T19:12:16+0200,f372a1fc-a0b6-48c3-b979-dc927b00239d,2026-08-11T04:15:00Z,2026-08-11T06:15:00+0200,802.785,MW,NL,NL,actual_offshore_wind_generation,Wind Offshore | Actual Aggregated,2026-08-17T17:16:10Z
2026-08-17T17:12:16Z,2026-08-17T19:12:16+0200,f372a1fc-a0b6-48c3-b979-dc927b00239d,2026-08-11T04:15:00Z,2026-08-11T06:15:00+0200,2.417,MW,NL,NL,actual_offshore_wind_generation,Wind Offshore | Actual Consumption,2026-08-17T17:16:10Z
2026-08-17T17:12:16Z,2026-08-17T19:12:16+0200,f372a1fc-a0b6-48c3-b979-dc927b00239d,2026-08-11T04:30:00Z,2026-08-11T06:30:00+0200,863.995,MW,NL,NL,actual_offshore_wind_generation,Wind Offshore | Actual Aggregated,2026-08-17T17:16:10Z
2026-08-17T17:12:16Z,2026-08-17T19:12:16+0200,f372a1fc-a0b6-48c3-b979-dc927b00239d,2026-08-11T04:30:00Z,2026-08-11T06:30:00+0200,2.478,MW,NL,NL,actual_offshore_wind_generation,Wind Offshore | Actual Consumption,2026-08-17T17:16:10Z
2026-08-17T17:12:16Z,2026-08-17T19:12:16+0200,f372a1fc-a0b6-48c3-b979-dc927b00239d,2026-08-11T04:45:00Z,2026-08-11T06:45:00+0200,901.858,MW,NL,NL,actual_offshore_wind_generation,Wind Offshore | Actual Aggregated,2026-08-17T17:16:10Z
2026-08-17T17:12:16Z,2026-08-17T19:12:16+0200,f372a1fc-a0b6-48c3-b979-dc927b00239d,2026-08-11T04:45:00Z,2026-08-11T06:45:00+0200,4.111,MW,NL,NL,actual_offshore_wind_generation,Wind Offshore | Actual Consumption,2026-08-17T17:16:10Z
2026-08-17T17:12:16Z,2026-08-17T19:12:16+0200,f372a1fc-a0b6-48c3-b979-dc927b00239d,2026-08-11T05:00:00Z,2026-08-11T07:00:00+0200,948.291,MW,NL,NL,actual_offshore_wind_generation,Wind Offshore | Actual Aggregated,2026-08-17T17:16:10Z
2026-08-17T17:12:16Z,2026-08-17T19:12:16+0200,f372a1fc-a0b6-48c3-b979-dc927b00239d,2026-08-11T05:00:00Z,2026-08-11T07:00:00+0200,3.784,MW,NL,NL,actual_offshore_wind_generation,Wind Offshore | Actual Consumption,2026-08-17T17:16:10Z
2026-08-17T17:12:16Z,2026-08-17T19:12:16+0200,f372a1fc-a0b6-48c3-b979-dc927b00239d,2026-08-11T05:15:00Z,2026-08-11T07:15:00+0200,980.013,MW,NL,NL,actual_offshore_wind_generation,Wind Offshore | Actual Aggregated,2026-08-17T17:16:10Z
2026-08-17T17:12:16Z,2026-08-17T19:12:16+0200,f372a1fc-a0b6-48c3-b979-dc927b00239d,2026-08-11T05:15:00Z,2026-08-11T07:15:00+0200,4.878,MW,NL,NL,actual_offshore_wind_generation,Wind Offshore | Actual Consumption,2026-08-17T17:16:10Z
2026-08-17T17:12:16Z,2026-08-17T19:12:16+0200,f372a1fc-a0b6-48c3-b979-dc927b00239d,2026-08-11T05:30:00Z,2026-08-11T07:30:00+0200,952.276,MW,NL,NL,actual_offshore_wind_generation,Wind Offshore | Actual Aggregated,2026-08-17T17:16:10Z
2026-08-17T17:12:16Z,2026-08-17T19:12:16+0200,f372a1fc-a0b6-48c3-b979-dc927b00239d,2026-08-11T05:30:00Z,2026-08-11T07:30:00+0200,3.759,MW,NL,NL,actual_offshore_wind_generation,Wind Offshore | Actual Consumption,2026-08-17T17:16:10Z
2026-08-17T17:12:16Z,2026-08-17T19:12:16+0200,f372a1fc-a0b6-48c3-b979-dc927b00239d,2026-08-11T05:45:00Z,2026-08-11T07:45:00+0200,942.592,MW,NL,NL,actual_offshore_wind_generation,Wind Offshore | Actual Aggregated,2026-08-17T17:16:10Z
2026-08-17T17:12:16Z,2026-08-17T19:12:16+0200,f372a1fc-a0b6-48c3-b979-dc927b00239d,2026-08-11T05:45:00Z,2026-08-11T07:45:00+0200,4.346,MW,NL,NL,actual_offshore_wind_generation,Wind Offshore | Actual Consumption,2026-08-17T17:16:10Z
2026-08-17T17:12:16Z,2026-08-17T19:12:16+0200,f372a1fc-a0b6-48c3-b979-dc927b00239d,2026-08-11T06:00:00Z,2026-08-11T08:00:00+0200,948.511,MW,NL,NL,actual_offshore_wind_generation,Wind Offshore | Actual Aggregated,2026-08-17T17:16:10Z
2026-08-17T17:12:16Z,2026-08-17T19:12:16+0200,f372a1fc-a0b6-48c3-b979-dc927b00239d,2026-08-11T06:00:00Z,2026-08-11T08:00:00+0200,4.429,MW,NL,NL,actual_offshore_wind_generation,Wind Offshore | Actual Consumption,2026-08-17T17:16:10Z
2026-08-17T17:12:16Z,2026-08-17T19:12:16+0200,f372a1fc-a0b6-48c3-b979-dc927b00239d,2026-08-11T06:15:00Z,2026-08-11T08:15:00+0200,919.524,MW,NL,NL,actual_offshore_wind_generation,Wind Offshore | Actual Aggregated,2026-08-17T17:16:10Z
2026-08-17T17:12:16Z,2026-08-17T19:12:16+0200,f372a1fc-a0b6-48c3-b979-dc927b00239d,2026-08-11T06:15:00Z,2026-08-11T08:15:00+0200,4.394,MW,NL,NL,actual_offshore_wind_generation,Wind Offshore | Actual Consumption,2026-08-17T17:16:10Z
2026-08-17T17:12:16Z,2026-08-17T19:12:16+0200,f372a1fc-a0b6-48c3-b979-dc927b00239d,2026-08-11T06:30:00Z,2026-08-11T08:30:00+0200,854.557,MW,NL,NL,actual_offshore_wind_generation,Wind Offshore | Actual Aggregated,2026-08-17T17:16:10Z
2026-08-17T17:12:16Z,2026-08-17T19:12:16+0200,f372a1fc-a0b6-48c3-b979-dc927b00239d,2026-08-11T06:30:00Z,2026-08-11T08:30:00+0200,3.59,MW,NL,NL,actual_offshore_wind_generation,Wind Offshore | Actual Consumption,2026-08-17T17:16:10Z
2026-08-17T17:12:16Z,2026-08-17T19:12:16+0200,f372a1fc-a0b6-48c3-b979-dc927b00239d,2026-08-11T06:45:00Z,2026-08-11T08:45:00+0200,875.846,MW,NL,NL,actual_offshore_wind_generation,Wind Offshore | Actual Aggregated,2026-08-17T17:16:10Z
2026-08-17T17:12:16Z,2026-08-17T19:12:16+0200,f372a1fc-a0b6-48c3-b979-dc927b00239d,2026-08-11T06:45:00Z,2026-08-11T08:45:00+0200,3.868,MW,NL,NL,actual_offshore_wind_generation,Wind Offshore | Actual Consumption,2026-08-17T17:16:10Z
2026-08-17T17:12:16Z,2026-08-17T19:12:16+0200,f372a1fc-a0b6-48c3-b979-dc927b00239d,2026-08-11T07:00:00Z,2026-08-11T09:00:00+0200,818.359,MW,NL,NL,actual_offshore_wind_generation,Wind Offshore | Actual Aggregated,2026-08-17T17:16:10Z
2026-08-17T17:12:16Z,2026-08-17T19:12:16+0200,f372a1fc-a0b6-48c3-b979-dc927b00239d,2026-08-11T07:00:00Z,2026-08-11T09:00:00+0200,3.5,MW,NL,NL,actual_offshore_wind_generation,Wind Offshore | Actual Consumption,2026-08-17T17:16:10Z
2026-08-17T17:12:16Z,2026-08-17T19:12:16+0200,f372a1fc-a0b6-48c3-b979-dc927b00239d,2026-08-11T07:15:00Z,2026-08-11T09:15:00+0200,769.374,MW,NL,NL,actual_offshore_wind_generation,Wind Offshore | Actual Aggregated,2026-08-17T17:16:10Z
2026-08-17T17:12:16Z,2026-08-17T19:12:16+0200,f372a1fc-a0b6-48c3-b979-dc927b00239d,2026-08-11T07:15:00Z,2026-08-11T09:15:00+0200,2.729,MW,NL,NL,actual_offshore_wind_generation,Wind Offshore | Actual Consumption,2026-08-17T17:16:10Z
2026-08-17T17:12:16Z,2026-08-17T19:12:16+0200,f372a1fc-a0b6-48c3-b979-dc927b00239d,2026-08-11T07:30:00Z,2026-08-11T09:30:00+0200,717.874,MW,NL,NL,actual_offshore_wind_generation,Wind Offshore | Actual Aggregated,2026-08-17T17:16:10Z
2026-08-17T17:12:16Z,2026-08-17T19:12:16+0200,f372a1fc-a0b6-48c3-b979-dc927b00239d,2026-08-11T07:30:00Z,2026-08-11T09:30:00+0200,2.461,MW,NL,NL,actual_offshore_wind_generation,Wind Offshore | Actual Consumption,2026-08-17T17:16:10Z
2026-08-17T17:12:16Z,2026-08-17T19:12:16+0200,f372a1fc-a0b6-48c3-b979-dc927b00239d,2026-08-11T07:45:00Z,2026-08-11T09:45:00+0200,690.631,MW,NL,NL,actual_offshore_wind_generation,Wind Offshore | Actual Aggregated,2026-08-17T17:16:10Z
2026-08-17T17:12:16Z,2026-08-17T19:12:16+0200,f372a1fc-a0b6-48c3-b979-dc927b00239d,2026-08-11T07:45:00Z,2026-08-11T09:45:00+0200,2.545,MW,NL,NL,actual_offshore_wind_generation,Wind Offshore | Actual Consumption,2026-08-17T17:16:10Z
2026-08-17T17:12:16Z,2026-08-17T19:12:16+0200,f372a1fc-a0b6-48c3-b979-dc927b00239d,2026-08-11T08:00:00Z,2026-08-11T10:00:00+0200,675.594,MW,NL,NL,actual_offshore_wind_generation,Wind Offshore | Actual Aggregated,2026-08-17T17:16:10Z
2026-08-17T17:12:16Z,2026-08-17T19:12:16+0200,f372a1fc-a0b6-48c3-b979-dc927b00239d,2026-08-11T08:00:00Z,2026-08-11T10:00:00+0200,2.926,MW,NL,NL,actual_offshore_wind_generation,Wind Offshore | Actual Consumption,2026-08-17T17:16:10Z
2026-08-17T17:12:16Z,2026-08-17T19:12:16+0200,f372a1fc-a0b6-48c3-b979-dc927b00239d,2026-08-11T08:15:00Z,2026-08-11T10:15:00+0200,682.668,MW,NL,NL,actual_offshore_wind_generation,Wind Offshore | Actual Aggregated,2026-08-17T17:16:10Z
2026-08-17T17:12:16Z,2026-08-17T19:12:16+0200,f372a1fc-a0b6-48c3-b979-dc927b00239d,2026-08-11T08:15:00Z,2026-08-11T10:15:00+0200,2.869,MW,NL,NL,actual_offshore_wind_generation,Wind Offshore | Actual Consumption,2026-08-17T17:16:10Z
2026-08-17T17:12:16Z,2026-08-17T19:12:16+0200,f372a1fc-a0b6-48c3-b979-dc927b00239d,2026-08-11T08:30:00Z,2026-08-11T10:30:00+0200,616.513,MW,NL,NL,actual_offshore_wind_generation,Wind Offshore | Actual Aggregated,2026-08-17T17:16:10Z
2026-08-17T17:12:16Z,2026-08-17T19:12:16+0200,f372a1fc-a0b6-48c3-b979-dc927b00239d,2026-08-11T08:30:00Z,2026-08-11T10:30:00+0200,2.975,MW,NL,NL,actual_offshore_wind_generation,Wind Offshore | Actual Consumption,2026-08-17T17:16:10Z
2026-08-17T17:12:16Z,2026-08-17T19:12:16+0200,f372a1fc-a0b6-48c3-b979-dc927b00239d,2026-08-11T08:45:00Z,2026-08-11T10:45:00+0200,416.253,MW,NL,NL,actual_offshore_wind_generation,Wind Offshore | Actual Aggregated,2026-08-17T17:16:10Z
2026-08-17T17:12:16Z,2026-08-17T19:12:16+0200,f372a1fc-a0b6-48c3-b979-dc927b00239d,2026-08-11T08:45:00Z,2026-08-11T10:45:00+0200,3.18,MW,NL,NL,actual_offshore_wind_generation,Wind Offshore | Actual Consumption,2026-08-17T17:16:10Z
2026-08-17T17:12:16Z,2026-08-17T19:12:16+0200,f372a1fc-a0b6-48c3-b979-dc927b00239d,2026-08-11T09:00:00Z,2026-08-11T11:00:00+0200,328.896,MW,NL,NL,actual_offshore_wind_generation,Wind Offshore | Actual Aggregated,2026-08-17T17:16:10Z
2026-08-17T17:12:16Z,2026-08-17T19:12:16+0200,f372a1fc-a0b6-48c3-b979-dc927b00239d,2026-08-11T09:00:00Z,2026-08-11T11:00:00+0200,4.02,MW,NL,NL,actual_offshore_wind_generation,Wind Offshore | Actual Consumption,2026-08-17T17:16:10Z
2026-08-17T17:12:16Z,2026-08-17T19:12:16+0200,f372a1fc-a0b6-48c3-b979-dc927b00239d,2026-08-11T09:15:00Z,2026-08-11T11:15:00+0200,331.348,MW,NL,NL,actual_offshore_wind_generation,Wind Offshore | Actual Aggregated,2026-08-17T17:16:10Z
2026-08-17T17:12:16Z,2026-08-17T19:12:16+0200,f372a1fc-a0b6-48c3-b979-dc927b00239d,2026-08-11T09:15:00Z,2026-08-11T11:15:00+0200,4.943,MW,NL,NL,actual_offshore_wind_generation,Wind Offshore | Actual Consumption,2026-08-17T17:16:10Z
2026-08-17T17:12:16Z,2026-08-17T19:12:16+0200,f372a1fc-a0b6-48c3-b979-dc927b00239d,2026-08-11T09:30:00Z,2026-08-11T11:30:00+0200,328.391,MW,NL,NL,actual_offshore_wind_generation,Wind Offshore | Actual Aggregated,2026-08-17T17:16:10Z
2026-08-17T17:12:16Z,2026-08-17T19:12:16+0200,f372a1fc-a0b6-48c3-b979-dc927b00239d,2026-08-11T09:30:00Z,2026-08-11T11:30:00+0200,5.112,MW,NL,NL,actual_offshore_wind_generation,Wind Offshore | Actual Consumption,2026-08-17T17:16:10Z
2026-08-17T17:12:16Z,2026-08-17T19:12:16+0200,f372a1fc-a0b6-48c3-b979-dc927b00239d,2026-08-11T09:45:00Z,2026-08-11T11:45:00+0200,344.686,MW,NL,NL,actual_offshore_wind_generation,Wind Offshore | Actual Aggregated,2026-08-17T17:16:10Z
2026-08-17T17:12:16Z,2026-08-17T19:12:16+0200,f372a1fc-a0b6-48c3-b979-dc927b00239d,2026-08-11T09:45:00Z,2026-08-11T11:45:00+0200,6.269,MW,NL,NL,actual_offshore_wind_generation,Wind Offshore | Actual Consumption,2026-08-17T17:16:10Z
2026-08-17T17:12:16Z,2026-08-17T19:12:16+0200,f372a1fc-a0b6-48c3-b979-dc927b00239d,2026-08-11T10:00:00Z,2026-08-11T12:00:00+0200,372.694,MW,NL,NL,actual_offshore_wind_generation,Wind Offshore | Actual Aggregated,2026-08-17T17:16:10Z
2026-08-17T17:12:16Z,2026-08-17T19:12:16+0200,f372a1fc-a0b6-48c3-b979-dc927b00239d,2026-08-11T10:00:00Z,2026-08-11T12:00:00+0200,5.582,MW,NL,NL,actual_offshore_wind_generation,Wind Offshore | Actual Consumption,2026-08-17T17:16:10Z
2026-08-17T17:12:16Z,2026-08-17T19:12:16+0200,f372a1fc-a0b6-48c3-b979-dc927b00239d,2026-08-11T10:15:00Z,2026-08-11T12:15:00+0200,409.945,MW,NL,NL,actual_offshore_wind_generation,Wind Offshore | Actual Aggregated,2026-08-17T17:16:10Z
2026-08-17T17:12:16Z,2026-08-17T19:12:16+0200,f372a1fc-a0b6-48c3-b979-dc927b00239d,2026-08-11T10:15:00Z,2026-08-11T12:15:00+0200,6.77,MW,NL,NL,actual_offshore_wind_generation,Wind Offshore | Actual Consumption,2026-08-17T17:16:10Z
2026-08-17T17:12:16Z,2026-08-17T19:12:16+0200,f372a1fc-a0b6-48c3-b979-dc927b00239d,2026-08-11T10:30:00Z,2026-08-11T12:30:00+0200,379.078,MW,NL,NL,actual_offshore_wind_generation,Wind Offshore | Actual Aggregated,2026-08-17T17:16:10Z
2026-08-17T17:12:16Z,2026-08-17T19:12:16+0200,f372a1fc-a0b6-48c3-b979-dc927b00239d,2026-08-11T10:30:00Z,2026-08-11T12:30:00+0200,6.587,MW,NL,NL,actual_offshore_wind_generation,Wind Offshore | Actual Consumption,2026-08-17T17:16:10Z
2026-08-17T17:12:16Z,2026-08-17T19:12:16+0200,f372a1fc-a0b6-48c3-b979-dc927b00239d,2026-08-11T10:45:00Z,2026-08-11T12:45:00+0200,388.732,MW,NL,NL,actual_offshore_wind_generation,Wind Offshore | Actual Aggregated,2026-08-17T17:16:10Z
2026-08-17T17:12:16Z,2026-08-17T19:12:16+0200,f372a1fc-a0b6-48c3-b979-dc927b00239d,2026-08-11T10:45:00Z,2026-08-11T12:45:00+0200,5.287,MW,NL,NL,actual_offshore_wind_generation,Wind Offshore | Actual Consumption,2026-08-17T17:16:10Z
2026-08-17T17:12:16Z,2026-08-17T19:12:16+0200,f372a1fc-a0b6-48c3-b979-dc927b00239d,2026-08-11T11:00:00Z,2026-08-11T13:00:00+0200,264.545,MW,NL,NL,actual_offshore_wind_generation,Wind Offshore | Actual Aggregated,2026-08-17T17:16:10Z
2026-08-17T17:12:16Z,2026-08-17T19:12:16+0200,f372a1fc-a0b6-48c3-b979-dc927b00239d,2026-08-11T11:00:00Z,2026-08-11T13:00:00+0200,5.371,MW,NL,NL,actual_offshore_wind_generation,Wind Offshore | Actual Consumption,2026-08-17T17:16:10Z
2026-08-17T17:12:16Z,2026-08-17T19:12:16+0200,f372a1fc-a0b6-48c3-b979-dc927b00239d,2026-08-11T11:15:00Z,2026-08-11T13:15:00+0200,391.956,MW,NL,NL,actual_offshore_wind_generation,Wind Offshore | Actual Aggregated,2026-08-17T17:16:10Z
2026-08-17T17:12:16Z,2026-08-17T19:12:16+0200,f372a1fc-a0b6-48c3-b979-dc927b00239d,2026-08-11T11:15:00Z,2026-08-11T13:15:00+0200,5.107,MW,NL,NL,actual_offshore_wind_generation,Wind Offshore | Actual Consumption,2026-08-17T17:16:10Z
2026-08-17T17:12:16Z,2026-08-17T19:12:16+0200,f372a1fc-a0b6-48c3-b979-dc927b00239d,2026-08-11T11:30:00Z,2026-08-11T13:30:00+0200,339.496,MW,NL,NL,actual_offshore_wind_generation,Wind Offshore | Actual Aggregated,2026-08-17T17:16:10Z
2026-08-17T17:12:16Z,2026-08-17T19:12:16+0200,f372a1fc-a0b6-48c3-b979-dc927b00239d,2026-08-11T11:30:00Z,2026-08-11T13:30:00+0200,5.904,MW,NL,NL,actual_offshore_wind_generation,Wind Offshore | Actual Consumption,2026-08-17T17:16:10Z
2026-08-17T17:12:16Z,2026-08-17T19:12:16+0200,f372a1fc-a0b6-48c3-b979-dc927b00239d,2026-08-11T11:45:00Z,2026-08-11T13:45:00+0200,332.263,MW,NL,NL,actual_offshore_wind_generation,Wind Offshore | Actual Aggregated,2026-08-17T17:16:10Z
2026-08-17T17:12:16Z,2026-08-17T19:12:16+0200,f372a1fc-a0b6-48c3-b979-dc927b00239d,2026-08-11T11:45:00Z,2026-08-11T13:45:00+0200,5.017,MW,NL,NL,actual_offshore_wind_generation,Wind Offshore | Actual Consumption,2026-08-17T17:16:10Z
2026-08-17T17:12:16Z,2026-08-17T19:12:16+0200,f372a1fc-a0b6-48c3-b979-dc927b00239d,2026-08-11T12:00:00Z,2026-08-11T14:00:00+0200,326.097,MW,NL,NL,actual_offshore_wind_generation,Wind Offshore | Actual Aggregated,2026-08-17T17:16:10Z
2026-08-17T17:12:16Z,2026-08-17T19:12:16+0200,f372a1fc-a0b6-48c3-b979-dc927b00239d,2026-08-11T12:00:00Z,2026-08-11T14:00:00+0200,4.039,MW,NL,NL,actual_offshore_wind_generation,Wind Offshore | Actual Consumption,2026-08-17T17:16:10Z
2026-08-17T17:12:16Z,2026-08-17T19:12:16+0200,f372a1fc-a0b6-48c3-b979-dc927b00239d,2026-08-11T12:15:00Z,2026-08-11T14:15:00+0200,341.798,MW,NL,NL,actual_offshore_wind_generation,Wind Offshore | Actual Aggregated,2026-08-17T17:16:10Z
2026-08-17T17:12:16Z,2026-08-17T19:12:16+0200,f372a1fc-a0b6-48c3-b979-dc927b00239d,2026-08-11T12:15:00Z,2026-08-11T14:15:00+0200,6.289,MW,NL,NL,actual_offshore_wind_generation,Wind Offshore | Actual Consumption,2026-08-17T17:16:10Z
2026-08-17T17:12:16Z,2026-08-17T19:12:16+0200,f372a1fc-a0b6-48c3-b979-dc927b00239d,2026-08-11T12:30:00Z,2026-08-11T14:30:00+0200,340.847,MW,NL,NL,actual_offshore_wind_generation,Wind Offshore | Actual Aggregated,2026-08-17T17:16:10Z
2026-08-17T17:12:16Z,2026-08-17T19:12:16+0200,f372a1fc-a0b6-48c3-b979-dc927b00239d,2026-08-11T12:30:00Z,2026-08-11T14:30:00+0200,2.368,MW,NL,NL,actual_offshore_wind_generation,Wind Offshore | Actual Consumption,2026-08-17T17:16:10Z
2026-08-17T17:12:16Z,2026-08-17T19:12:16+0200,f372a1fc-a0b6-48c3-b979-dc927b00239d,2026-08-11T12:45:00Z,2026-08-11T14:45:00+0200,455.959,MW,NL,NL,actual_offshore_wind_generation,Wind Offshore | Actual Aggregated,2026-08-17T17:16:10Z
2026-08-17T17:12:16Z,2026-08-17T19:12:16+0200,f372a1fc-a0b6-48c3-b979-dc927b00239d,2026-08-11T12:45:00Z,2026-08-11T14:45:00+0200,2.028,MW,NL,NL,actual_offshore_wind_generation,Wind Offshore | Actual Consumption,2026-08-17T17:16:10Z
2026-08-17T17:12:16Z,2026-08-17T19:12:16+0200,f372a1fc-a0b6-48c3-b979-dc927b00239d,2026-08-11T13:00:00Z,2026-08-11T15:00:00+0200,672.43,MW,NL,NL,actual_offshore_wind_generation,Wind Offshore | Actual Aggregated,2026-08-17T17:16:10Z
2026-08-17T17:12:16Z,2026-08-17T19:12:16+0200,f372a1fc-a0b6-48c3-b979-dc927b00239d,2026-08-11T13:00:00Z,2026-08-11T15:00:00+0200,2.016,MW,NL,NL,actual_offshore_wind_generation,Wind Offshore | Actual Consumption,2026-08-17T17:16:10Z
2026-08-17T17:12:16Z,2026-08-17T19:12:16+0200,f372a1fc-a0b6-48c3-b979-dc927b00239d,2026-08-11T13:15:00Z,2026-08-11T15:15:00+0200,679.267,MW,NL,NL,actual_offshore_wind_generation,Wind Offshore | Actual Aggregated,2026-08-17T17:16:10Z
2026-08-17T17:12:16Z,2026-08-17T19:12:16+0200,f372a1fc-a0b6-48c3-b979-dc927b00239d,2026-08-11T13:15:00Z,2026-08-11T15:15:00+0200,2.748,MW,NL,NL,actual_offshore_wind_generation,Wind Offshore | Actual Consumption,2026-08-17T17:16:10Z
2026-08-17T17:12:16Z,2026-08-17T19:12:16+0200,f372a1fc-a0b6-48c3-b979-dc927b00239d,2026-08-11T13:30:00Z,2026-08-11T15:30:00+0200,863.843,MW,NL,NL,actual_offshore_wind_generation,Wind Offshore | Actual Aggregated,2026-08-17T17:16:10Z
2026-08-17T17:12:16Z,2026-08-17T19:12:16+0200,f372a1fc-a0b6-48c3-b979-dc927b00239d,2026-08-11T13:30:00Z,2026-08-11T15:30:00+0200,3.685,MW,NL,NL,actual_offshore_wind_generation,Wind Offshore | Actual Consumption,2026-08-17T17:16:10Z
2026-08-17T17:12:16Z,2026-08-17T19:12:16+0200,f372a1fc-a0b6-48c3-b979-dc927b00239d,2026-08-11T13:45:00Z,2026-08-11T15:45:00+0200,866.266,MW,NL,NL,actual_offshore_wind_generation,Wind Offshore | Actual Aggregated,2026-08-17T17:16:10Z
2026-08-17T17:12:16Z,2026-08-17T19:12:16+0200,f372a1fc-a0b6-48c3-b979-dc927b00239d,2026-08-11T13:45:00Z,2026-08-11T15:45:00+0200,3.678,MW,NL,NL,actual_offshore_wind_generation,Wind Offshore | Actual Consumption,2026-08-17T17:16:10Z
2026-08-17T17:12:16Z,2026-08-17T19:12:16+0200,f372a1fc-a0b6-48c3-b979-dc927b00239d,2026-08-11T14:00:00Z,2026-08-11T16:00:00+0200,872.816,MW,NL,NL,actual_offshore_wind_generation,Wind Offshore | Actual Aggregated,2026-08-17T17:16:10Z
2026-08-17T17:12:16Z,2026-08-17T19:12:16+0200,f372a1fc-a0b6-48c3-b979-dc927b00239d,2026-08-11T14:00:00Z,2026-08-11T16:00:00+0200,4.426,MW,NL,NL,actual_offshore_wind_generation,Wind Offshore | Actual Consumption,2026-08-17T17:16:10Z
2026-08-17T17:12:16Z,2026-08-17T19:12:16+0200,f372a1fc-a0b6-48c3-b979-dc927b00239d,2026-08-11T14:15:00Z,2026-08-11T16:15:00+0200,928.099,MW,NL,NL,actual_offshore_wind_generation,Wind Offshore | Actual Aggregated,2026-08-17T17:16:10Z
2026-08-17T17:12:16Z,2026-08-17T19:12:16+0200,f372a1fc-a0b6-48c3-b979-dc927b00239d,2026-08-11T14:15:00Z,2026-08-11T16:15:00+0200,4.751,MW,NL,NL,actual_offshore_wind_generation,Wind Offshore | Actual Consumption,2026-08-17T17:16:10Z
2026-08-17T17:12:16Z,2026-08-17T19:12:16+0200,f372a1fc-a0b6-48c3-b979-dc927b00239d,2026-08-11T14:30:00Z,2026-08-11T16:30:00+0200,963.445,MW,NL,NL,actual_offshore_wind_generation,Wind Offshore | Actual Aggregated,2026-08-17T17:16:10Z
2026-08-17T17:12:16Z,2026-08-17T19:12:16+0200,f372a1fc-a0b6-48c3-b979-dc927b00239d,2026-08-11T14:30:00Z,2026-08-11T16:30:00+0200,5.018,MW,NL,NL,actual_offshore_wind_generation,Wind Offshore | Actual Consumption,2026-08-17T17:16:10Z
2026-08-17T17:12:16Z,2026-08-17T19:12:16+0200,f372a1fc-a0b6-48c3-b979-dc927b00239d,2026-08-11T14:45:00Z,2026-08-11T16:45:00+0200,1012.144,MW,NL,NL,actual_offshore_wind_generation,Wind Offshore | Actual Aggregated,2026-08-17T17:16:10Z
2026-08-17T17:12:16Z,2026-08-17T19:12:16+0200,f372a1fc-a0b6-48c3-b979-dc927b00239d,2026-08-11T14:45:00Z,2026-08-11T16:45:00+0200,5.035,MW,NL,NL,actual_offshore_wind_generation,Wind Offshore | Actual Consumption,2026-08-17T17:16:10Z
2026-08-17T17:12:16Z,2026-08-17T19:12:16+0200,f372a1fc-a0b6-48c3-b979-dc927b00239d,2026-08-11T15:00:00Z,2026-08-11T17:00:00+0200,1061.406,MW,NL,NL,actual_offshore_wind_generation,Wind Offshore | Actual Aggregated,2026-08-17T17:16:10Z
2026-08-17T17:12:16Z,2026-08-17T19:12:16+0200,f372a1fc-a0b6-48c3-b979-dc927b00239d,2026-08-11T15:00:00Z,2026-08-11T17:00:00+0200,4.528,MW,NL,NL,actual_offshore_wind_generation,Wind Offshore | Actual Consumption,2026-08-17T17:16:10Z
2026-08-17T17:12:16Z,2026-08-17T19:12:16+0200,f372a1fc-a0b6-48c3-b979-dc927b00239d,2026-08-11T15:15:00Z,2026-08-11T17:15:00+0200,1131.561,MW,NL,NL,actual_offshore_wind_generation,Wind Offshore | Actual Aggregated,2026-08-17T17:16:10Z
2026-08-17T17:12:16Z,2026-08-17T19:12:16+0200,f372a1fc-a0b6-48c3-b979-dc927b00239d,2026-08-11T15:15:00Z,2026-08-11T17:15:00+0200,6.267,MW,NL,NL,actual_offshore_wind_generation,Wind Offshore | Actual Consumption,2026-08-17T17:16:10Z
2026-08-17T17:12:16Z,2026-08-17T19:12:16+0200,f372a1fc-a0b6-48c3-b979-dc927b00239d,2026-08-11T15:30:00Z,2026-08-11T17:30:00+0200,1228.466,MW,NL,NL,actual_offshore_wind_generation,Wind Offshore | Actual Aggregated,2026-08-17T17:16:10Z
2026-08-17T17:12:16Z,2026-08-17T19:12:16+0200,f372a1fc-a0b6-48c3-b979-dc927b00239d,2026-08-11T15:30:00Z,2026-08-11T17:30:00+0200,6.275,MW,NL,NL,actual_offshore_wind_generation,Wind Offshore | Actual Consumption,2026-08-17T17:16:10Z
2026-08-17T17:12:16Z,2026-08-17T19:12:16+0200,f372a1fc-a0b6-48c3-b979-dc927b00239d,2026-08-11T15:45:00Z,2026-08-11T17:45:00+0200,1311.083,MW,NL,NL,actual_offshore_wind_generation,Wind Offshore | Actual Aggregated,2026-08-17T17:16:10Z
2026-08-17T17:12:16Z,2026-08-17T19:12:16+0200,f372a1fc-a0b6-48c3-b979-dc927b00239d,2026-08-11T15:45:00Z,2026-08-11T17:45:00+0200,6.777,MW,NL,NL,actual_offshore_wind_generation,Wind Offshore | Actual Consumption,2026-08-17T17:16:10Z
2026-08-17T17:12:16Z,2026-08-17T19:12:16+0200,f372a1fc-a0b6-48c3-b979-dc927b00239d,2026-08-11T16:00:00Z,2026-08-11T18:00:00+0200,1302.288,MW,NL,NL,actual_offshore_wind_generation,Wind Offshore | Actual Aggregated,2026-08-17T17:16:10Z
2026-08-17T17:12:16Z,2026-08-17T19:12:16+0200,f372a1fc-a0b6-48c3-b979-dc927b00239d,2026-08-11T16:00:00Z,2026-08-11T18:00:00+0200,6.702,MW,NL,NL,actual_offshore_wind_generation,Wind Offshore | Actual Consumption,2026-08-17T17:16:10Z
2026-08-17T17:12:16Z,2026-08-17T19:12:16+0200,f372a1fc-a0b6-48c3-b979-dc927b00239d,2026-08-11T16:15:00Z,2026-08-11T18:15:00+0200,1526.061,MW,NL,NL,actual_offshore_wind_generation,Wind Offshore | Actual Aggregated,2026-08-17T17:16:10Z
2026-08-17T17:12:16Z,2026-08-17T19:12:16+0200,f372a1fc-a0b6-48c3-b979-dc927b00239d,2026-08-11T16:15:00Z,2026-08-11T18:15:00+0200,6.822,MW,NL,NL,actual_offshore_wind_generation,Wind Offshore | Actual Consumption,2026-08-17T17:16:10Z
2026-08-17T17:12:16Z,2026-08-17T19:12:16+0200,f372a1fc-a0b6-48c3-b979-dc927b00239d,2026-08-11T16:30:00Z,2026-08-11T18:30:00+0200,1654.722,MW,NL,NL,actual_offshore_wind_generation,Wind Offshore | Actual Aggregated,2026-08-17T17:16:10Z
2026-08-17T17:12:16Z,2026-08-17T19:12:16+0200,f372a1fc-a0b6-48c3-b979-dc927b00239d,2026-08-11T16:30:00Z,2026-08-11T18:30:00+0200,7.509,MW,NL,NL,actual_offshore_wind_generation,Wind Offshore | Actual Consumption,2026-08-17T17:16:10Z
2026-08-17T17:12:16Z,2026-08-17T19:12:16+0200,f372a1fc-a0b6-48c3-b979-dc927b00239d,2026-08-11T16:45:00Z,2026-08-11T18:45:00+0200,1851.823,MW,NL,NL,actual_offshore_wind_generation,Wind Offshore | Actual Aggregated,2026-08-17T17:16:10Z
2026-08-17T17:12:16Z,2026-08-17T19:12:16+0200,f372a1fc-a0b6-48c3-b979-dc927b00239d,2026-08-11T16:45:00Z,2026-08-11T18:45:00+0200,8.686,MW,NL,NL,actual_offshore_wind_generation,Wind Offshore | Actual Consumption,2026-08-17T17:16:10Z
2026-08-17T17:12:16Z,2026-08-17T19:12:16+0200,f372a1fc-a0b6-48c3-b979-dc927b00239d,2026-08-11T17:00:00Z,2026-08-11T19:00:00+0200,2019.363,MW,NL,NL,actual_offshore_wind_generation,Wind Offshore | Actual Aggregated,2026-08-17T17:16:10Z
2026-08-17T17:12:16Z,2026-08-17T19:12:16+0200,f372a1fc-a0b6-48c3-b979-dc927b00239d,2026-08-11T17:00:00Z,2026-08-11T19:00:00+0200,9.101,MW,NL,NL,actual_offshore_wind_generation,Wind Offshore | Actual Consumption,2026-08-17T17:16:10Z
2026-08-17T17:12:16Z,2026-08-17T19:12:16+0200,f372a1fc-a0b6-48c3-b979-dc927b00239d,2026-08-11T17:15:00Z,2026-08-11T19:15:00+0200,2114.468,MW,NL,NL,actual_offshore_wind_generation,Wind Offshore | Actual Aggregated,2026-08-17T17:16:10Z
2026-08-17T17:12:16Z,2026-08-17T19:12:16+0200,f372a1fc-a0b6-48c3-b979-dc927b00239d,2026-08-11T17:15:00Z,2026-08-11T19:15:00+0200,9.687,MW,NL,NL,actual_offshore_wind_generation,Wind Offshore | Actual Consumption,2026-08-17T17:16:10Z
2026-08-17T17:12:16Z,2026-08-17T19:12:16+0200,f372a1fc-a0b6-48c3-b979-dc927b00239d,2026-08-11T17:30:00Z,2026-08-11T19:30:00+0200,2163.33,MW,NL,NL,actual_offshore_wind_generation,Wind Offshore | Actual Aggregated,2026-08-17T17:16:10Z
2026-08-17T17:12:16Z,2026-08-17T19:12:16+0200,f372a1fc-a0b6-48c3-b979-dc927b00239d,2026-08-11T17:30:00Z,2026-08-11T19:30:00+0200,11.239,MW,NL,NL,actual_offshore_wind_generation,Wind Offshore | Actual Consumption,2026-08-17T17:16:10Z
2026-08-17T17:12:16Z,2026-08-17T19:12:16+0200,f372a1fc-a0b6-48c3-b979-dc927b00239d,2026-08-11T17:45:00Z,2026-08-11T19:45:00+0200,2245.018,MW,NL,NL,actual_offshore_wind_generation,Wind Offshore | Actual Aggregated,2026-08-17T17:16:10Z
2026-08-17T17:12:16Z,2026-08-17T19:12:16+0200,f372a1fc-a0b6-48c3-b979-dc927b00239d,2026-08-11T17:45:00Z,2026-08-11T19:45:00+0200,12.799,MW,NL,NL,actual_offshore_wind_generation,Wind Offshore | Actual Consumption,2026-08-17T17:16:10Z
2026-08-17T17:12:16Z,2026-08-17T19:12:16+0200,f372a1fc-a0b6-48c3-b979-dc927b00239d,2026-08-11T18:00:00Z,2026-08-11T20:00:00+0200,2312.71,MW,NL,NL,actual_offshore_wind_generation,Wind Offshore | Actual Aggregated,2026-08-17T17:16:10Z
2026-08-17T17:12:16Z,2026-08-17T19:12:16+0200,f372a1fc-a0b6-48c3-b979-dc927b00239d,2026-08-11T18:00:00Z,2026-08-11T20:00:00+0200,12.5,MW,NL,NL,actual_offshore_wind_generation,Wind Offshore | Actual Consumption,2026-08-17T17:16:10Z
2026-08-17T17:12:16Z,2026-08-17T19:12:16+0200,f372a1fc-a0b6-48c3-b979-dc927b00239d,2026-08-11T18:15:00Z,2026-08-11T20:15:00+0200,2406.026,MW,NL,NL,actual_offshore_wind_generation,Wind Offshore | Actual Aggregated,2026-08-17T17:16:10Z
2026-08-17T17:12:16Z,2026-08-17T19:12:16+0200,f372a1fc-a0b6-48c3-b979-dc927b00239d,2026-08-11T18:15:00Z,2026-08-11T20:15:00+0200,15.126,MW,NL,NL,actual_offshore_wind_generation,Wind Offshore | Actual Consumption,2026-08-17T17:16:10Z
2026-08-17T17:12:16Z,2026-08-17T19:12:16+0200,f372a1fc-a0b6-48c3-b979-dc927b00239d,2026-08-11T18:30:00Z,2026-08-11T20:30:00+0200,2528.199,MW,NL,NL,actual_offshore_wind_generation,Wind Offshore | Actual Aggregated,2026-08-17T17:16:10Z
2026-08-17T17:12:16Z,2026-08-17T19:12:16+0200,f372a1fc-a0b6-48c3-b979-dc927b00239d,2026-08-11T18:30:00Z,2026-08-11T20:30:00+0200,15.112,MW,NL,NL,actual_offshore_wind_generation,Wind Offshore | Actual Consumption,2026-08-17T17:16:10Z
2026-08-17T17:12:16Z,2026-08-17T19:12:16+0200,f372a1fc-a0b6-48c3-b979-dc927b00239d,2026-08-11T18:45:00Z,2026-08-11T20:45:00+0200,2661.03,MW,NL,NL,actual_offshore_wind_generation,Wind Offshore | Actual Aggregated,2026-08-17T17:16:10Z
2026-08-17T17:12:16Z,2026-08-17T19:12:16+0200,f372a1fc-a0b6-48c3-b979-dc927b00239d,2026-08-11T18:45:00Z,2026-08-11T20:45:00+0200,16.041,MW,NL,NL,actual_offshore_wind_generation,Wind Offshore | Actual Consumption,2026-08-17T17:16:10Z
2026-08-17T17:12:16Z,2026-08-17T19:12:16+0200,f372a1fc-a0b6-48c3-b979-dc927b00239d,2026-08-11T19:00:00Z,2026-08-11T21:00:00+0200,2771.32,MW,NL,NL,actual_offshore_wind_generation,Wind Offshore | Actual Aggregated,2026-08-17T17:16:10Z
2026-08-17T17:12:16Z,2026-08-17T19:12:16+0200,f372a1fc-a0b6-48c3-b979-dc927b00239d,2026-08-11T19:00:00Z,2026-08-11T21:00:00+0200,15.808,MW,NL,NL,actual_offshore_wind_generation,Wind Offshore | Actual Consumption,2026-08-17T17:16:10Z
2026-08-17T17:12:16Z,2026-08-17T19:12:16+0200,f372a1fc-a0b6-48c3-b979-dc927b00239d,2026-08-11T19:15:00Z,2026-08-11T21:15:00+0200,2894.068,MW,NL,NL,actual_offshore_wind_generation,Wind Offshore | Actual Aggregated,2026-08-17T17:16:10Z
2026-08-17T17:12:16Z,2026-08-17T19:12:16+0200,f372a1fc-a0b6-48c3-b979-dc927b00239d,2026-08-11T19:15:00Z,2026-08-11T21:15:00+0200,16.306,MW,NL,NL,actual_offshore_wind_generation,Wind Offshore | Actual Consumption,2026-08-17T17:16:10Z
2026-08-17T17:12:16Z,2026-08-17T19:12:16+0200,f372a1fc-a0b6-48c3-b979-dc927b00239d,2026-08-11T19:30:00Z,2026-08-11T21:30:00+0200,2952.631,MW,NL,NL,actual_offshore_wind_generation,Wind Offshore | Actual Aggregated,2026-08-17T17:16:10Z
2026-08-17T17:12:16Z,2026-08-17T19:12:16+0200,f372a1fc-a0b6-48c3-b979-dc927b00239d,2026-08-11T19:30:00Z,2026-08-11T21:30:00+0200,16.677,MW,NL,NL,actual_offshore_wind_generation,Wind Offshore | Actual Consumption,2026-08-17T17:16:10Z
2026-08-17T17:12:16Z,2026-08-17T19:12:16+0200,f372a1fc-a0b6-48c3-b979-dc927b00239d,2026-08-11T19:45:00Z,2026-08-11T21:45:00+0200,2945.427,MW,NL,NL,actual_offshore_wind_generation,Wind Offshore | Actual Aggregated,2026-08-17T17:16:10Z
2026-08-17T17:12:16Z,2026-08-17T19:12:16+0200,f372a1fc-a0b6-48c3-b979-dc927b00239d,2026-08-11T19:45:00Z,2026-08-11T21:45:00+0200,13.523,MW,NL,NL,actual_offshore_wind_generation,Wind Offshore | Actual Consumption,2026-08-17T17:16:10Z
2026-08-17T17:12:16Z,2026-08-17T19:12:16+0200,f372a1fc-a0b6-48c3-b979-dc927b00239d,2026-08-11T20:00:00Z,2026-08-11T22:00:00+0200,2961.032,MW,NL,NL,actual_offshore_wind_generation,Wind Offshore | Actual Aggregated,2026-08-17T17:16:10Z
2026-08-17T17:12:16Z,2026-08-17T19:12:16+0200,f372a1fc-a0b6-48c3-b979-dc927b00239d,2026-08-11T20:00:00Z,2026-08-11T22:00:00+0200,13.457,MW,NL,NL,actual_offshore_wind_generation,Wind Offshore | Actual Consumption,2026-08-17T17:16:10Z
2026-08-17T17:12:16Z,2026-08-17T19:12:16+0200,f372a1fc-a0b6-48c3-b979-dc927b00239d,2026-08-11T20:15:00Z,2026-08-11T22:15:00+0200,2967.245,MW,NL,NL,actual_offshore_wind_generation,Wind Offshore | Actual Aggregated,2026-08-17T17:16:10Z
2026-08-17T17:12:16Z,2026-08-17T19:12:16+0200,f372a1fc-a0b6-48c3-b979-dc927b00239d,2026-08-11T20:15:00Z,2026-08-11T22:15:00+0200,13.98,MW,NL,NL,actual_offshore_wind_generation,Wind Offshore | Actual Consumption,2026-08-17T17:16:10Z
2026-08-17T17:12:16Z,2026-08-17T19:12:16+0200,f372a1fc-a0b6-48c3-b979-dc927b00239d,2026-08-11T20:30:00Z,2026-08-11T22:30:00+0200,3019.911,MW,NL,NL,actual_offshore_wind_generation,Wind Offshore | Actual Aggregated,2026-08-17T17:16:10Z
2026-08-17T17:12:16Z,2026-08-17T19:12:16+0200,f372a1fc-a0b6-48c3-b979-dc927b00239d,2026-08-11T20:30:00Z,2026-08-11T22:30:00+0200,15.202,MW,NL,NL,actual_offshore_wind_generation,Wind Offshore | Actual Consumption,2026-08-17T17:16:10Z
2026-08-17T17:12:16Z,2026-08-17T19:12:16+0200,f372a1fc-a0b6-48c3-b979-dc927b00239d,2026-08-11T20:45:00Z,2026-08-11T22:45:00+0200,3039.955,MW,NL,NL,actual_offshore_wind_generation,Wind Offshore | Actual Aggregated,2026-08-17T17:16:10Z
2026-08-17T17:12:16Z,2026-08-17T19:12:16+0200,f372a1fc-a0b6-48c3-b979-dc927b00239d,2026-08-11T20:45:00Z,2026-08-11T22:45:00+0200,15.515,MW,NL,NL,actual_offshore_wind_generation,Wind Offshore | Actual Consumption,2026-08-17T17:16:10Z
2026-08-17T17:12:16Z,2026-08-17T19:12:16+0200,f372a1fc-a0b6-48c3-b979-dc927b00239d,2026-08-11T21:00:00Z,2026-08-11T23:00:00+0200,3047.681,MW,NL,NL,actual_offshore_wind_generation,Wind Offshore | Actual Aggregated,2026-08-17T17:16:10Z
2026-08-17T17:12:16Z,2026-08-17T19:12:16+0200,f372a1fc-a0b6-48c3-b979-dc927b00239d,2026-08-11T21:00:00Z,2026-08-11T23:00:00+0200,17.04,MW,NL,NL,actual_offshore_wind_generation,Wind Offshore | Actual Consumption,2026-08-17T17:16:10Z
2026-08-17T17:12:16Z,2026-08-17T19:12:16+0200,f372a1fc-a0b6-48c3-b979-dc927b00239d,2026-08-11T21:15:00Z,2026-08-11T23:15:00+0200,3027.401,MW,NL,NL,actual_offshore_wind_generation,Wind Offshore | Actual Aggregated,2026-08-17T17:16:10Z
2026-08-17T17:12:16Z,2026-08-17T19:12:16+0200,f372a1fc-a0b6-48c3-b979-dc927b00239d,2026-08-11T21:15:00Z,2026-08-11T23:15:00+0200,16.642,MW,NL,NL,actual_offshore_wind_generation,Wind Offshore | Actual Consumption,2026-08-17T17:16:10Z
2026-08-17T17:12:16Z,2026-08-17T19:12:16+0200,f372a1fc-a0b6-48c3-b979-dc927b00239d,2026-08-11T21:30:00Z,2026-08-11T23:30:00+0200,2998.427,MW,NL,NL,actual_offshore_wind_generation,Wind Offshore | Actual Aggregated,2026-08-17T17:16:10Z
2026-08-17T17:12:16Z,2026-08-17T19:12:16+0200,f372a1fc-a0b6-48c3-b979-dc927b00239d,2026-08-11T21:30:00Z,2026-08-11T23:30:00+0200,15.665,MW,NL,NL,actual_offshore_wind_generation,Wind Offshore | Actual Consumption,2026-08-17T17:16:10Z
2026-08-17T17:12:16Z,2026-08-17T19:12:16+0200,f372a1fc-a0b6-48c3-b979-dc927b00239d,2026-08-11T21:45:00Z,2026-08-11T23:45:00+0200,2904.114,MW,NL,NL,actual_offshore_wind_generation,Wind Offshore | Actual Aggregated,2026-08-17T17:16:10Z
2026-08-17T17:12:16Z,2026-08-17T19:12:16+0200,f372a1fc-a0b6-48c3-b979-dc927b00239d,2026-08-11T21:45:00Z,2026-08-11T23:45:00+0200,14.871,MW,NL,NL,actual_offshore_wind_generation,Wind Offshore | Actual Consumption,2026-08-17T17:16:10Z
2026-08-17T17:12:16Z,2026-08-17T19:12:16+0200,f372a1fc-a0b6-48c3-b979-dc927b00239d,2026-08-11T22:00:00Z,2026-08-12T00:00:00+0200,2888.827,MW,NL,NL,actual_offshore_wind_generation,Wind Offshore | Actual Aggregated,2026-08-17T17:16:10Z
2026-08-17T17:12:16Z,2026-08-17T19:12:16+0200,f372a1fc-a0b6-48c3-b979-dc927b00239d,2026-08-11T22:00:00Z,2026-08-12T00:00:00+0200,13.682,MW,NL,NL,actual_offshore_wind_generation,Wind Offshore | Actual Consumption,2026-08-17T17:16:10Z
2026-08-17T17:12:16Z,2026-08-17T19:12:16+0200,f372a1fc-a0b6-48c3-b979-dc927b00239d,2026-08-11T22:15:00Z,2026-08-12T00:15:00+0200,2883.096,MW,NL,NL,actual_offshore_wind_generation,Wind Offshore | Actual Aggregated,2026-08-17T17:16:10Z
2026-08-17T17:12:16Z,2026-08-17T19:12:16+0200,f372a1fc-a0b6-48c3-b979-dc927b00239d,2026-08-11T22:15:00Z,2026-08-12T00:15:00+0200,13.102,MW,NL,NL,actual_offshore_wind_generation,Wind Offshore | Actual Consumption,2026-08-17T17:16:10Z
2026-08-17T17:12:16Z,2026-08-17T19:12:16+0200,f372a1fc-a0b6-48c3-b979-dc927b00239d,2026-08-11T22:30:00Z,2026-08-12T00:30:00+0200,2830.152,MW,NL,NL,actual_offshore_wind_generation,Wind Offshore | Actual Aggregated,2026-08-17T17:16:10Z
2026-08-17T17:12:16Z,2026-08-17T19:12:16+0200,f372a1fc-a0b6-48c3-b979-dc927b00239d,2026-08-11T22:30:00Z,2026-08-12T00:30:00+0200,14.109,MW,NL,NL,actual_offshore_wind_generation,Wind Offshore | Actual Consumption,2026-08-17T17:16:10Z
2026-08-17T17:12:16Z,2026-08-17T19:12:16+0200,f372a1fc-a0b6-48c3-b979-dc927b00239d,2026-08-11T22:45:00Z,2026-08-12T00:45:00+0200,2715.902,MW,NL,NL,actual_offshore_wind_generation,Wind Offshore | Actual Aggregated,2026-08-17T17:16:10Z
2026-08-17T17:12:16Z,2026-08-17T19:12:16+0200,f372a1fc-a0b6-48c3-b979-dc927b00239d,2026-08-11T22:45:00Z,2026-08-12T00:45:00+0200,14.46,MW,NL,NL,actual_offshore_wind_generation,Wind Offshore | Actual Consumption,2026-08-17T17:16:10Z
2026-08-17T17:12:16Z,2026-08-17T19:12:16+0200,f372a1fc-a0b6-48c3-b979-dc927b00239d,2026-08-11T23:00:00Z,2026-08-12T01:00:00+0200,2649.331,MW,NL,NL,actual_offshore_wind_generation,Wind Offshore | Actual Aggregated,2026-08-17T17:16:10Z
2026-08-17T17:12:16Z,2026-08-17T19:12:16+0200,f372a1fc-a0b6-48c3-b979-dc927b00239d,2026-08-11T23:00:00Z,2026-08-12T01:00:00+0200,13.774,MW,NL,NL,actual_offshore_wind_generation,Wind Offshore | Actual Consumption,2026-08-17T17:16:10Z
2026-08-17T17:12:16Z,2026-08-17T19:12:16+0200,f372a1fc-a0b6-48c3-b979-dc927b00239d,2026-08-11T23:15:00Z,2026-08-12T01:15:00+0200,2634.811,MW,NL,NL,actual_offshore_wind_generation,Wind Offshore | Actual Aggregated,2026-08-17T17:16:10Z
2026-08-17T17:12:16Z,2026-08-17T19:12:16+0200,f372a1fc-a0b6-48c3-b979-dc927b00239d,2026-08-11T23:15:00Z,2026-08-12T01:15:00+0200,14.78,MW,NL,NL,actual_offshore_wind_generation,Wind Offshore | Actual Consumption,2026-08-17T17:16:10Z
2026-08-17T17:12:16Z,2026-08-17T19:12:16+0200,f372a1fc-a0b6-48c3-b979-dc927b00239d,2026-08-11T23:30:00Z,2026-08-12T01:30:00+0200,2577.4,MW,NL,NL,actual_offshore_wind_generation,Wind Offshore | Actual Aggregated,2026-08-17T17:16:10Z
2026-08-17T17:12:16Z,2026-08-17T19:12:16+0200,f372a1fc-a0b6-48c3-b979-dc927b00239d,2026-08-11T23:30:00Z,2026-08-12T01:30:00+0200,14.539,MW,NL,NL,actual_offshore_wind_generation,Wind Offshore | Actual Consumption,2026-08-17T17:16:10Z
2026-08-17T17:12:16Z,2026-08-17T19:12:16+0200,f372a1fc-a0b6-48c3-b979-dc927b00239d,2026-08-11T23:45:00Z,2026-08-12T01:45:00+0200,2466.458,MW,NL,NL,actual_offshore_wind_generation,Wind Offshore | Actual Aggregated,2026-08-17T17:16:10Z
2026-08-17T17:12:16Z,2026-08-17T19:12:16+0200,f372a1fc-a0b6-48c3-b979-dc927b00239d,2026-08-11T23:45:00Z,2026-08-12T01:45:00+0200,13.716,MW,NL,NL,actual_offshore_wind_generation,Wind Offshore | Actual Consumption,2026-08-17T17:16:10Z
2026-08-17T17:12:16Z,2026-08-17T19:12:16+0200,f372a1fc-a0b6-48c3-b979-dc927b00239d,2026-08-12T00:00:00Z,2026-08-12T02:00:00+0200,2325.292,MW,NL,NL,actual_offshore_wind_generation,Wind Offshore | Actual Aggregated,2026-08-17T17:16:10Z
2026-08-17T17:12:16Z,2026-08-17T19:12:16+0200,f372a1fc-a0b6-48c3-b979-dc927b00239d,2026-08-12T00:00:00Z,2026-08-12T02:00:00+0200,14.857,MW,NL,NL,actual_offshore_wind_generation,Wind Offshore | Actual Consumption,2026-08-17T17:16:10Z
2026-08-17T17:12:16Z,2026-08-17T19:12:16+0200,f372a1fc-a0b6-48c3-b979-dc927b00239d,2026-08-12T00:15:00Z,2026-08-12T02:15:00+0200,2239.966,MW,NL,NL,actual_offshore_wind_generation,Wind Offshore | Actual Aggregated,2026-08-17T17:16:10Z
2026-08-17T17:12:16Z,2026-08-17T19:12:16+0200,f372a1fc-a0b6-48c3-b979-dc927b00239d,2026-08-12T00:15:00Z,2026-08-12T02:15:00+0200,13.155,MW,NL,NL,actual_offshore_wind_generation,Wind Offshore | Actual Consumption,2026-08-17T17:16:10Z
2026-08-17T17:12:16Z,2026-08-17T19:12:16+0200,f372a1fc-a0b6-48c3-b979-dc927b00239d,2026-08-12T00:30:00Z,2026-08-12T02:30:00+0200,2214.728,MW,NL,NL,actual_offshore_wind_generation,Wind Offshore | Actual Aggregated,2026-08-17T17:16:10Z
2026-08-17T17:12:16Z,2026-08-17T19:12:16+0200,f372a1fc-a0b6-48c3-b979-dc927b00239d,2026-08-12T00:30:00Z,2026-08-12T02:30:00+0200,14.458,MW,NL,NL,actual_offshore_wind_generation,Wind Offshore | Actual Consumption,2026-08-17T17:16:10Z
2026-08-17T17:12:16Z,2026-08-17T19:12:16+0200,f372a1fc-a0b6-48c3-b979-dc927b00239d,2026-08-12T00:45:00Z,2026-08-12T02:45:00+0200,2153.335,MW,NL,NL,actual_offshore_wind_generation,Wind Offshore | Actual Aggregated,2026-08-17T17:16:10Z
2026-08-17T17:12:16Z,2026-08-17T19:12:16+0200,f372a1fc-a0b6-48c3-b979-dc927b00239d,2026-08-12T00:45:00Z,2026-08-12T02:45:00+0200,14.884,MW,NL,NL,actual_offshore_wind_generation,Wind Offshore | Actual Consumption,2026-08-17T17:16:10Z
2026-08-17T17:12:16Z,2026-08-17T19:12:16+0200,f372a1fc-a0b6-48c3-b979-dc927b00239d,2026-08-12T01:00:00Z,2026-08-12T03:00:00+0200,2093.792,MW,NL,NL,actual_offshore_wind_generation,Wind Offshore | Actual Aggregated,2026-08-17T17:16:10Z
2026-08-17T17:12:16Z,2026-08-17T19:12:16+0200,f372a1fc-a0b6-48c3-b979-dc927b00239d,2026-08-12T01:00:00Z,2026-08-12T03:00:00+0200,10.507,MW,NL,NL,actual_offshore_wind_generation,Wind Offshore | Actual Consumption,2026-08-17T17:16:10Z
2026-08-17T17:12:16Z,2026-08-17T19:12:16+0200,f372a1fc-a0b6-48c3-b979-dc927b00239d,2026-08-12T01:15:00Z,2026-08-12T03:15:00+0200,2017.686,MW,NL,NL,actual_offshore_wind_generation,Wind Offshore | Actual Aggregated,2026-08-17T17:16:10Z
2026-08-17T17:12:16Z,2026-08-17T19:12:16+0200,f372a1fc-a0b6-48c3-b979-dc927b00239d,2026-08-12T01:15:00Z,2026-08-12T03:15:00+0200,11.283,MW,NL,NL,actual_offshore_wind_generation,Wind Offshore | Actual Consumption,2026-08-17T17:16:10Z
2026-08-17T17:12:16Z,2026-08-17T19:12:16+0200,f372a1fc-a0b6-48c3-b979-dc927b00239d,2026-08-12T01:30:00Z,2026-08-12T03:30:00+0200,1974.362,MW,NL,NL,actual_offshore_wind_generation,Wind Offshore | Actual Aggregated,2026-08-17T17:16:10Z
2026-08-17T17:12:16Z,2026-08-17T19:12:16+0200,f372a1fc-a0b6-48c3-b979-dc927b00239d,2026-08-12T01:30:00Z,2026-08-12T03:30:00+0200,10.726,MW,NL,NL,actual_offshore_wind_generation,Wind Offshore | Actual Consumption,2026-08-17T17:16:10Z
2026-08-17T17:12:16Z,2026-08-17T19:12:16+0200,f372a1fc-a0b6-48c3-b979-dc927b00239d,2026-08-12T01:45:00Z,2026-08-12T03:45:00+0200,1891.789,MW,NL,NL,actual_offshore_wind_generation,Wind Offshore | Actual Aggregated,2026-08-17T17:16:10Z
2026-08-17T17:12:16Z,2026-08-17T19:12:16+0200,f372a1fc-a0b6-48c3-b979-dc927b00239d,2026-08-12T01:45:00Z,2026-08-12T03:45:00+0200,10.369,MW,NL,NL,actual_offshore_wind_generation,Wind Offshore | Actual Consumption,2026-08-17T17:16:10Z
2026-08-17T17:12:16Z,2026-08-17T19:12:16+0200,f372a1fc-a0b6-48c3-b979-dc927b00239d,2026-08-12T02:00:00Z,2026-08-12T04:00:00+0200,1843.682,MW,NL,NL,actual_offshore_wind_generation,Wind Offshore | Actual Aggregated,2026-08-17T17:16:10Z
2026-08-17T17:12:16Z,2026-08-17T19:12:16+0200,f372a1fc-a0b6-48c3-b979-dc927b00239d,2026-08-12T02:00:00Z,2026-08-12T04:00:00+0200,9.133,MW,NL,NL,actual_offshore_wind_generation,Wind Offshore | Actual Consumption,2026-08-17T17:16:10Z
2026-08-17T17:12:16Z,2026-08-17T19:12:16+0200,f372a1fc-a0b6-48c3-b979-dc927b00239d,2026-08-12T02:15:00Z,2026-08-12T04:15:00+0200,1811.567,MW,NL,NL,actual_offshore_wind_generation,Wind Offshore | Actual Aggregated,2026-08-17T17:16:10Z
2026-08-17T17:12:16Z,2026-08-17T19:12:16+0200,f372a1fc-a0b6-48c3-b979-dc927b00239d,2026-08-12T02:15:00Z,2026-08-12T04:15:00+0200,6.706,MW,NL,NL,actual_offshore_wind_generation,Wind Offshore | Actual Consumption,2026-08-17T17:16:10Z
2026-08-17T17:12:16Z,2026-08-17T19:12:16+0200,f372a1fc-a0b6-48c3-b979-dc927b00239d,2026-08-12T02:30:00Z,2026-08-12T04:30:00+0200,1756.818,MW,NL,NL,actual_offshore_wind_generation,Wind Offshore | Actual Aggregated,2026-08-17T17:16:10Z
2026-08-17T17:12:16Z,2026-08-17T19:12:16+0200,f372a1fc-a0b6-48c3-b979-dc927b00239d,2026-08-12T02:30:00Z,2026-08-12T04:30:00+0200,6.426,MW,NL,NL,actual_offshore_wind_generation,Wind Offshore | Actual Consumption,2026-08-17T17:16:10Z
2026-08-17T17:12:16Z,2026-08-17T19:12:16+0200,f372a1fc-a0b6-48c3-b979-dc927b00239d,2026-08-12T02:45:00Z,2026-08-12T04:45:00+0200,1707.894,MW,NL,NL,actual_offshore_wind_generation,Wind Offshore | Actual Aggregated,2026-08-17T17:16:10Z
2026-08-17T17:12:16Z,2026-08-17T19:12:16+0200,f372a1fc-a0b6-48c3-b979-dc927b00239d,2026-08-12T02:45:00Z,2026-08-12T04:45:00+0200,6.407,MW,NL,NL,actual_offshore_wind_generation,Wind Offshore | Actual Consumption,2026-08-17T17:16:10Z
2026-08-17T17:12:16Z,2026-08-17T19:12:16+0200,f372a1fc-a0b6-48c3-b979-dc927b00239d,2026-08-12T03:00:00Z,2026-08-12T05:00:00+0200,1710.112,MW,NL,NL,actual_offshore_wind_generation,Wind Offshore | Actual Aggregated,2026-08-17T17:16:10Z
2026-08-17T17:12:16Z,2026-08-17T19:12:16+0200,f372a1fc-a0b6-48c3-b979-dc927b00239d,2026-08-12T03:00:00Z,2026-08-12T05:00:00+0200,6.025,MW,NL,NL,actual_offshore_wind_generation,Wind Offshore | Actual Consumption,2026-08-17T17:16:10Z
2026-08-17T17:12:16Z,2026-08-17T19:12:16+0200,f372a1fc-a0b6-48c3-b979-dc927b00239d,2026-08-12T03:15:00Z,2026-08-12T05:15:00+0200,1688.74,MW,NL,NL,actual_offshore_wind_generation,Wind Offshore | Actual Aggregated,2026-08-17T17:16:10Z
2026-08-17T17:12:16Z,2026-08-17T19:12:16+0200,f372a1fc-a0b6-48c3-b979-dc927b00239d,2026-08-12T03:15:00Z,2026-08-12T05:15:00+0200,5.541,MW,NL,NL,actual_offshore_wind_generation,Wind Offshore | Actual Consumption,2026-08-17T17:16:10Z
2026-08-17T17:12:16Z,2026-08-17T19:12:16+0200,f372a1fc-a0b6-48c3-b979-dc927b00239d,2026-08-12T03:30:00Z,2026-08-12T05:30:00+0200,1646.429,MW,NL,NL,actual_offshore_wind_generation,Wind Offshore | Actual Aggregated,2026-08-17T17:16:10Z
2026-08-17T17:12:16Z,2026-08-17T19:12:16+0200,f372a1fc-a0b6-48c3-b979-dc927b00239d,2026-08-12T03:30:00Z,2026-08-12T05:30:00+0200,5.843,MW,NL,NL,actual_offshore_wind_generation,Wind Offshore | Actual Consumption,2026-08-17T17:16:10Z
2026-08-17T17:12:16Z,2026-08-17T19:12:16+0200,f372a1fc-a0b6-48c3-b979-dc927b00239d,2026-08-12T03:45:00Z,2026-08-12T05:45:00+0200,1643.956,MW,NL,NL,actual_offshore_wind_generation,Wind Offshore | Actual Aggregated,2026-08-17T17:16:10Z
2026-08-17T17:12:16Z,2026-08-17T19:12:16+0200,f372a1fc-a0b6-48c3-b979-dc927b00239d,2026-08-12T03:45:00Z,2026-08-12T05:45:00+0200,5.555,MW,NL,NL,actual_offshore_wind_generation,Wind Offshore | Actual Consumption,2026-08-17T17:16:10Z
2026-08-17T17:12:16Z,2026-08-17T19:12:16+0200,f372a1fc-a0b6-48c3-b979-dc927b00239d,2026-08-12T04:00:00Z,2026-08-12T06:00:00+0200,1646.917,MW,NL,NL,actual_offshore_wind_generation,Wind Offshore | Actual Aggregated,2026-08-17T17:16:10Z
2026-08-17T17:12:16Z,2026-08-17T19:12:16+0200,f372a1fc-a0b6-48c3-b979-dc927b00239d,2026-08-12T04:00:00Z,2026-08-12T06:00:00+0200,5.675,MW,NL,NL,actual_offshore_wind_generation,Wind Offshore | Actual Consumption,2026-08-17T17:16:10Z
2026-08-17T17:12:16Z,2026-08-17T19:12:16+0200,f372a1fc-a0b6-48c3-b979-dc927b00239d,2026-08-12T04:15:00Z,2026-08-12T06:15:00+0200,1605.014,MW,NL,NL,actual_offshore_wind_generation,Wind Offshore | Actual Aggregated,2026-08-17T17:16:10Z
2026-08-17T17:12:16Z,2026-08-17T19:12:16+0200,f372a1fc-a0b6-48c3-b979-dc927b00239d,2026-08-12T04:15:00Z,2026-08-12T06:15:00+0200,5.234,MW,NL,NL,actual_offshore_wind_generation,Wind Offshore | Actual Consumption,2026-08-17T17:16:10Z
2026-08-17T17:12:16Z,2026-08-17T19:12:16+0200,f372a1fc-a0b6-48c3-b979-dc927b00239d,2026-08-12T04:30:00Z,2026-08-12T06:30:00+0200,1536.176,MW,NL,NL,actual_offshore_wind_generation,Wind Offshore | Actual Aggregated,2026-08-17T17:16:10Z
2026-08-17T17:12:16Z,2026-08-17T19:12:16+0200,f372a1fc-a0b6-48c3-b979-dc927b00239d,2026-08-12T04:30:00Z,2026-08-12T06:30:00+0200,5.455,MW,NL,NL,actual_offshore_wind_generation,Wind Offshore | Actual Consumption,2026-08-17T17:16:10Z
2026-08-17T17:12:16Z,2026-08-17T19:12:16+0200,f372a1fc-a0b6-48c3-b979-dc927b00239d,2026-08-12T04:45:00Z,2026-08-12T06:45:00+0200,1436.895,MW,NL,NL,actual_offshore_wind_generation,Wind Offshore | Actual Aggregated,2026-08-17T17:16:10Z
2026-08-17T17:12:16Z,2026-08-17T19:12:16+0200,f372a1fc-a0b6-48c3-b979-dc927b00239d,2026-08-12T04:45:00Z,2026-08-12T06:45:00+0200,5.057,MW,NL,NL,actual_offshore_wind_generation,Wind Offshore | Actual Consumption,2026-08-17T17:16:10Z
2026-08-17T17:12:16Z,2026-08-17T19:12:16+0200,f372a1fc-a0b6-48c3-b979-dc927b00239d,2026-08-12T05:00:00Z,2026-08-12T07:00:00+0200,1350.198,MW,NL,NL,actual_offshore_wind_generation,Wind Offshore | Actual Aggregated,2026-08-17T17:16:10Z
2026-08-17T17:12:16Z,2026-08-17T19:12:16+0200,f372a1fc-a0b6-48c3-b979-dc927b00239d,2026-08-12T05:00:00Z,2026-08-12T07:00:00+0200,4.346,MW,NL,NL,actual_offshore_wind_generation,Wind Offshore | Actual Consumption,2026-08-17T17:16:10Z
2026-08-17T17:12:16Z,2026-08-17T19:12:16+0200,f372a1fc-a0b6-48c3-b979-dc927b00239d,2026-08-12T05:15:00Z,2026-08-12T07:15:00+0200,1327.624,MW,NL,NL,actual_offshore_wind_generation,Wind Offshore | Actual Aggregated,2026-08-17T17:16:10Z
2026-08-17T17:12:16Z,2026-08-17T19:12:16+0200,f372a1fc-a0b6-48c3-b979-dc927b00239d,2026-08-12T05:15:00Z,2026-08-12T07:15:00+0200,4.505,MW,NL,NL,actual_offshore_wind_generation,Wind Offshore | Actual Consumption,2026-08-17T17:16:10Z
2026-08-17T17:12:16Z,2026-08-17T19:12:16+0200,f372a1fc-a0b6-48c3-b979-dc927b00239d,2026-08-12T05:30:00Z,2026-08-12T07:30:00+0200,1299.097,MW,NL,NL,actual_offshore_wind_generation,Wind Offshore | Actual Aggregated,2026-08-17T17:16:10Z
2026-08-17T17:12:16Z,2026-08-17T19:12:16+0200,f372a1fc-a0b6-48c3-b979-dc927b00239d,2026-08-12T05:30:00Z,2026-08-12T07:30:00+0200,4.326,MW,NL,NL,actual_offshore_wind_generation,Wind Offshore | Actual Consumption,2026-08-17T17:16:10Z
2026-08-17T17:12:16Z,2026-08-17T19:12:16+0200,f372a1fc-a0b6-48c3-b979-dc927b00239d,2026-08-12T05:45:00Z,2026-08-12T07:45:00+0200,1337.248,MW,NL,NL,actual_offshore_wind_generation,Wind Offshore | Actual Aggregated,2026-08-17T17:16:10Z
2026-08-17T17:12:16Z,2026-08-17T19:12:16+0200,f372a1fc-a0b6-48c3-b979-dc927b00239d,2026-08-12T05:45:00Z,2026-08-12T07:45:00+0200,4.306,MW,NL,NL,actual_offshore_wind_generation,Wind Offshore | Actual Consumption,2026-08-17T17:16:10Z
2026-08-17T17:12:16Z,2026-08-17T19:12:16+0200,f372a1fc-a0b6-48c3-b979-dc927b00239d,2026-08-12T06:00:00Z,2026-08-12T08:00:00+0200,1269.813,MW,NL,NL,actual_offshore_wind_generation,Wind Offshore | Actual Aggregated,2026-08-17T17:16:10Z
2026-08-17T17:12:16Z,2026-08-17T19:12:16+0200,f372a1fc-a0b6-48c3-b979-dc927b00239d,2026-08-12T06:00:00Z,2026-08-12T08:00:00+0200,4.478,MW,NL,NL,actual_offshore_wind_generation,Wind Offshore | Actual Consumption,2026-08-17T17:16:10Z
2026-08-17T17:12:16Z,2026-08-17T19:12:16+0200,f372a1fc-a0b6-48c3-b979-dc927b00239d,2026-08-12T06:15:00Z,2026-08-12T08:15:00+0200,1185.641,MW,NL,NL,actual_offshore_wind_generation,Wind Offshore | Actual Aggregated,2026-08-17T17:16:10Z
2026-08-17T17:12:16Z,2026-08-17T19:12:16+0200,f372a1fc-a0b6-48c3-b979-dc927b00239d,2026-08-12T06:15:00Z,2026-08-12T08:15:00+0200,5.134,MW,NL,NL,actual_offshore_wind_generation,Wind Offshore | Actual Consumption,2026-08-17T17:16:10Z
2026-08-17T17:12:16Z,2026-08-17T19:12:16+0200,f372a1fc-a0b6-48c3-b979-dc927b00239d,2026-08-12T06:30:00Z,2026-08-12T08:30:00+0200,1116.556,MW,NL,NL,actual_offshore_wind_generation,Wind Offshore | Actual Aggregated,2026-08-17T17:16:10Z
2026-08-17T17:12:16Z,2026-08-17T19:12:16+0200,f372a1fc-a0b6-48c3-b979-dc927b00239d,2026-08-12T06:30:00Z,2026-08-12T08:30:00+0200,5.915,MW,NL,NL,actual_offshore_wind_generation,Wind Offshore | Actual Consumption,2026-08-17T17:16:10Z
2026-08-17T17:12:16Z,2026-08-17T19:12:16+0200,f372a1fc-a0b6-48c3-b979-dc927b00239d,2026-08-12T06:45:00Z,2026-08-12T08:45:00+0200,1042.647,MW,NL,NL,actual_offshore_wind_generation,Wind Offshore | Actual Aggregated,2026-08-17T17:16:10Z
2026-08-17T17:12:16Z,2026-08-17T19:12:16+0200,f372a1fc-a0b6-48c3-b979-dc927b00239d,2026-08-12T06:45:00Z,2026-08-12T08:45:00+0200,5.657,MW,NL,NL,actual_offshore_wind_generation,Wind Offshore | Actual Consumption,2026-08-17T17:16:10Z
2026-08-17T17:12:16Z,2026-08-17T19:12:16+0200,f372a1fc-a0b6-48c3-b979-dc927b00239d,2026-08-12T07:00:00Z,2026-08-12T09:00:00+0200,981.004,MW,NL,NL,actual_offshore_wind_generation,Wind Offshore | Actual Aggregated,2026-08-17T17:16:10Z
2026-08-17T17:12:16Z,2026-08-17T19:12:16+0200,f372a1fc-a0b6-48c3-b979-dc927b00239d,2026-08-12T07:00:00Z,2026-08-12T09:00:00+0200,7.145,MW,NL,NL,actual_offshore_wind_generation,Wind Offshore | Actual Consumption,2026-08-17T17:16:10Z
2026-08-17T17:12:16Z,2026-08-17T19:12:16+0200,f372a1fc-a0b6-48c3-b979-dc927b00239d,2026-08-12T07:15:00Z,2026-08-12T09:15:00+0200,921.765,MW,NL,NL,actual_offshore_wind_generation,Wind Offshore | Actual Aggregated,2026-08-17T17:16:10Z
2026-08-17T17:12:16Z,2026-08-17T19:12:16+0200,f372a1fc-a0b6-48c3-b979-dc927b00239d,2026-08-12T07:15:00Z,2026-08-12T09:15:00+0200,7.2,MW,NL,NL,actual_offshore_wind_generation,Wind Offshore | Actual Consumption,2026-08-17T17:16:10Z
2026-08-17T17:12:16Z,2026-08-17T19:12:16+0200,f372a1fc-a0b6-48c3-b979-dc927b00239d,2026-08-12T07:30:00Z,2026-08-12T09:30:00+0200,852.939,MW,NL,NL,actual_offshore_wind_generation,Wind Offshore | Actual Aggregated,2026-08-17T17:16:10Z
2026-08-17T17:12:16Z,2026-08-17T19:12:16+0200,f372a1fc-a0b6-48c3-b979-dc927b00239d,2026-08-12T07:30:00Z,2026-08-12T09:30:00+0200,5.779,MW,NL,NL,actual_offshore_wind_generation,Wind Offshore | Actual Consumption,2026-08-17T17:16:10Z
2026-08-17T17:12:16Z,2026-08-17T19:12:16+0200,f372a1fc-a0b6-48c3-b979-dc927b00239d,2026-08-12T07:45:00Z,2026-08-12T09:45:00+0200,782.781,MW,NL,NL,actual_offshore_wind_generation,Wind Offshore | Actual Aggregated,2026-08-17T17:16:10Z
2026-08-17T17:12:16Z,2026-08-17T19:12:16+0200,f372a1fc-a0b6-48c3-b979-dc927b00239d,2026-08-12T07:45:00Z,2026-08-12T09:45:00+0200,4.836,MW,NL,NL,actual_offshore_wind_generation,Wind Offshore | Actual Consumption,2026-08-17T17:16:10Z
2026-08-17T17:12:16Z,2026-08-17T19:12:16+0200,f372a1fc-a0b6-48c3-b979-dc927b00239d,2026-08-12T08:00:00Z,2026-08-12T10:00:00+0200,738.337,MW,NL,NL,actual_offshore_wind_generation,Wind Offshore | Actual Aggregated,2026-08-17T17:16:10Z
2026-08-17T17:12:16Z,2026-08-17T19:12:16+0200,f372a1fc-a0b6-48c3-b979-dc927b00239d,2026-08-12T08:00:00Z,2026-08-12T10:00:00+0200,5.039,MW,NL,NL,actual_offshore_wind_generation,Wind Offshore | Actual Consumption,2026-08-17T17:16:10Z
2026-08-17T17:12:16Z,2026-08-17T19:12:16+0200,f372a1fc-a0b6-48c3-b979-dc927b00239d,2026-08-12T08:15:00Z,2026-08-12T10:15:00+0200,686.314,MW,NL,NL,actual_offshore_wind_generation,Wind Offshore | Actual Aggregated,2026-08-17T17:16:10Z
2026-08-17T17:12:16Z,2026-08-17T19:12:16+0200,f372a1fc-a0b6-48c3-b979-dc927b00239d,2026-08-12T08:15:00Z,2026-08-12T10:15:00+0200,4.711,MW,NL,NL,actual_offshore_wind_generation,Wind Offshore | Actual Consumption,2026-08-17T17:16:10Z
2026-08-17T17:12:16Z,2026-08-17T19:12:16+0200,f372a1fc-a0b6-48c3-b979-dc927b00239d,2026-08-12T08:30:00Z,2026-08-12T10:30:00+0200,627.847,MW,NL,NL,actual_offshore_wind_generation,Wind Offshore | Actual Aggregated,2026-08-17T17:16:10Z
2026-08-17T17:12:16Z,2026-08-17T19:12:16+0200,f372a1fc-a0b6-48c3-b979-dc927b00239d,2026-08-12T08:30:00Z,2026-08-12T10:30:00+0200,4.838,MW,NL,NL,actual_offshore_wind_generation,Wind Offshore | Actual Consumption,2026-08-17T17:16:10Z
2026-08-17T17:12:16Z,2026-08-17T19:12:16+0200,f372a1fc-a0b6-48c3-b979-dc927b00239d,2026-08-12T08:45:00Z,2026-08-12T10:45:00+0200,571.444,MW,NL,NL,actual_offshore_wind_generation,Wind Offshore | Actual Aggregated,2026-08-17T17:16:10Z
2026-08-17T17:12:16Z,2026-08-17T19:12:16+0200,f372a1fc-a0b6-48c3-b979-dc927b00239d,2026-08-12T08:45:00Z,2026-08-12T10:45:00+0200,3.853,MW,NL,NL,actual_offshore_wind_generation,Wind Offshore | Actual Consumption,2026-08-17T17:16:10Z
2026-08-17T17:12:16Z,2026-08-17T19:12:16+0200,f372a1fc-a0b6-48c3-b979-dc927b00239d,2026-08-12T09:00:00Z,2026-08-12T11:00:00+0200,510.583,MW,NL,NL,actual_offshore_wind_generation,Wind Offshore | Actual Aggregated,2026-08-17T17:16:10Z
2026-08-17T17:12:16Z,2026-08-17T19:12:16+0200,f372a1fc-a0b6-48c3-b979-dc927b00239d,2026-08-12T09:00:00Z,2026-08-12T11:00:00+0200,3.731,MW,NL,NL,actual_offshore_wind_generation,Wind Offshore | Actual Consumption,2026-08-17T17:16:10Z
2026-08-17T17:12:16Z,2026-08-17T19:12:16+0200,f372a1fc-a0b6-48c3-b979-dc927b00239d,2026-08-12T09:15:00Z,2026-08-12T11:15:00+0200,487.804,MW,NL,NL,actual_offshore_wind_generation,Wind Offshore | Actual Aggregated,2026-08-17T17:16:10Z
2026-08-17T17:12:16Z,2026-08-17T19:12:16+0200,f372a1fc-a0b6-48c3-b979-dc927b00239d,2026-08-12T09:15:00Z,2026-08-12T11:15:00+0200,3.157,MW,NL,NL,actual_offshore_wind_generation,Wind Offshore | Actual Consumption,2026-08-17T17:16:10Z
2026-08-17T17:12:16Z,2026-08-17T19:12:16+0200,f372a1fc-a0b6-48c3-b979-dc927b00239d,2026-08-12T09:30:00Z,2026-08-12T11:30:00+0200,471.32,MW,NL,NL,actual_offshore_wind_generation,Wind Offshore | Actual Aggregated,2026-08-17T17:16:10Z
2026-08-17T17:12:16Z,2026-08-17T19:12:16+0200,f372a1fc-a0b6-48c3-b979-dc927b00239d,2026-08-12T09:30:00Z,2026-08-12T11:30:00+0200,2.812,MW,NL,NL,actual_offshore_wind_generation,Wind Offshore | Actual Consumption,2026-08-17T17:16:10Z
2026-08-17T17:12:16Z,2026-08-17T19:12:16+0200,f372a1fc-a0b6-48c3-b979-dc927b00239d,2026-08-12T09:45:00Z,2026-08-12T11:45:00+0200,451.224,MW,NL,NL,actual_offshore_wind_generation,Wind Offshore | Actual Aggregated,2026-08-17T17:16:10Z
2026-08-17T17:12:16Z,2026-08-17T19:12:16+0200,f372a1fc-a0b6-48c3-b979-dc927b00239d,2026-08-12T09:45:00Z,2026-08-12T11:45:00+0200,2.7,MW,NL,NL,actual_offshore_wind_generation,Wind Offshore | Actual Consumption,2026-08-17T17:16:10Z
2026-08-17T17:12:16Z,2026-08-17T19:12:16+0200,f372a1fc-a0b6-48c3-b979-dc927b00239d,2026-08-12T10:00:00Z,2026-08-12T12:00:00+0200,422.783,MW,NL,NL,actual_offshore_wind_generation,Wind Offshore | Actual Aggregated,2026-08-17T17:16:10Z
2026-08-17T17:12:16Z,2026-08-17T19:12:16+0200,f372a1fc-a0b6-48c3-b979-dc927b00239d,2026-08-12T10:00:00Z,2026-08-12T12:00:00+0200,2.299,MW,NL,NL,actual_offshore_wind_generation,Wind Offshore | Actual Consumption,2026-08-17T17:16:10Z
2026-08-17T17:12:16Z,2026-08-17T19:12:16+0200,f372a1fc-a0b6-48c3-b979-dc927b00239d,2026-08-12T10:15:00Z,2026-08-12T12:15:00+0200,391.407,MW,NL,NL,actual_offshore_wind_generation,Wind Offshore | Actual Aggregated,2026-08-17T17:16:10Z
2026-08-17T17:12:16Z,2026-08-17T19:12:16+0200,f372a1fc-a0b6-48c3-b979-dc927b00239d,2026-08-12T10:15:00Z,2026-08-12T12:15:00+0200,2.16,MW,NL,NL,actual_offshore_wind_generation,Wind Offshore | Actual Consumption,2026-08-17T17:16:10Z
2026-08-17T17:12:16Z,2026-08-17T19:12:16+0200,f372a1fc-a0b6-48c3-b979-dc927b00239d,2026-08-12T10:30:00Z,2026-08-12T12:30:00+0200,302.413,MW,NL,NL,actual_offshore_wind_generation,Wind Offshore | Actual Aggregated,2026-08-17T17:16:10Z
2026-08-17T17:12:16Z,2026-08-17T19:12:16+0200,f372a1fc-a0b6-48c3-b979-dc927b00239d,2026-08-12T10:30:00Z,2026-08-12T12:30:00+0200,1.812,MW,NL,NL,actual_offshore_wind_generation,Wind Offshore | Actual Consumption,2026-08-17T17:16:10Z
2026-08-17T17:12:16Z,2026-08-17T19:12:16+0200,f372a1fc-a0b6-48c3-b979-dc927b00239d,2026-08-12T10:45:00Z,2026-08-12T12:45:00+0200,267.523,MW,NL,NL,actual_offshore_wind_generation,Wind Offshore | Actual Aggregated,2026-08-17T17:16:10Z
2026-08-17T17:12:16Z,2026-08-17T19:12:16+0200,f372a1fc-a0b6-48c3-b979-dc927b00239d,2026-08-12T10:45:00Z,2026-08-12T12:45:00+0200,2.245,MW,NL,NL,actual_offshore_wind_generation,Wind Offshore | Actual Consumption,2026-08-17T17:16:10Z
2026-08-17T17:12:16Z,2026-08-17T19:12:16+0200,f372a1fc-a0b6-48c3-b979-dc927b00239d,2026-08-12T11:00:00Z,2026-08-12T13:00:00+0200,110.679,MW,NL,NL,actual_offshore_wind_generation,Wind Offshore | Actual Aggregated,2026-08-17T17:16:10Z
2026-08-17T17:12:16Z,2026-08-17T19:12:16+0200,f372a1fc-a0b6-48c3-b979-dc927b00239d,2026-08-12T11:00:00Z,2026-08-12T13:00:00+0200,2.892,MW,NL,NL,actual_offshore_wind_generation,Wind Offshore | Actual Consumption,2026-08-17T17:16:10Z
2026-08-17T17:12:16Z,2026-08-17T19:12:16+0200,f372a1fc-a0b6-48c3-b979-dc927b00239d,2026-08-12T11:15:00Z,2026-08-12T13:15:00+0200,137.532,MW,NL,NL,actual_offshore_wind_generation,Wind Offshore | Actual Aggregated,2026-08-17T17:16:10Z
2026-08-17T17:12:16Z,2026-08-17T19:12:16+0200,f372a1fc-a0b6-48c3-b979-dc927b00239d,2026-08-12T11:15:00Z,2026-08-12T13:15:00+0200,3.475,MW,NL,NL,actual_offshore_wind_generation,Wind Offshore | Actual Consumption,2026-08-17T17:16:10Z
2026-08-17T17:12:16Z,2026-08-17T19:12:16+0200,f372a1fc-a0b6-48c3-b979-dc927b00239d,2026-08-12T11:30:00Z,2026-08-12T13:30:00+0200,175.09,MW,NL,NL,actual_offshore_wind_generation,Wind Offshore | Actual Aggregated,2026-08-17T17:16:10Z
2026-08-17T17:12:16Z,2026-08-17T19:12:16+0200,f372a1fc-a0b6-48c3-b979-dc927b00239d,2026-08-12T11:30:00Z,2026-08-12T13:30:00+0200,3.312,MW,NL,NL,actual_offshore_wind_generation,Wind Offshore | Actual Consumption,2026-08-17T17:16:10Z
2026-08-17T17:12:16Z,2026-08-17T19:12:16+0200,f372a1fc-a0b6-48c3-b979-dc927b00239d,2026-08-12T11:45:00Z,2026-08-12T13:45:00+0200,164.36,MW,NL,NL,actual_offshore_wind_generation,Wind Offshore | Actual Aggregated,2026-08-17T17:16:10Z
2026-08-17T17:12:16Z,2026-08-17T19:12:16+0200,f372a1fc-a0b6-48c3-b979-dc927b00239d,2026-08-12T11:45:00Z,2026-08-12T13:45:00+0200,3.671,MW,NL,NL,actual_offshore_wind_generation,Wind Offshore | Actual Consumption,2026-08-17T17:16:10Z
2026-08-17T17:12:16Z,2026-08-17T19:12:16+0200,f372a1fc-a0b6-48c3-b979-dc927b00239d,2026-08-12T12:00:00Z,2026-08-12T14:00:00+0200,222.203,MW,NL,NL,actual_offshore_wind_generation,Wind Offshore | Actual Aggregated,2026-08-17T17:16:10Z
2026-08-17T17:12:16Z,2026-08-17T19:12:16+0200,f372a1fc-a0b6-48c3-b979-dc927b00239d,2026-08-12T12:00:00Z,2026-08-12T14:00:00+0200,3.761,MW,NL,NL,actual_offshore_wind_generation,Wind Offshore | Actual Consumption,2026-08-17T17:16:10Z
2026-08-17T17:12:16Z,2026-08-17T19:12:16+0200,f372a1fc-a0b6-48c3-b979-dc927b00239d,2026-08-12T12:15:00Z,2026-08-12T14:15:00+0200,234.299,MW,NL,NL,actual_offshore_wind_generation,Wind Offshore | Actual Aggregated,2026-08-17T17:16:10Z
2026-08-17T17:12:16Z,2026-08-17T19:12:16+0200,f372a1fc-a0b6-48c3-b979-dc927b00239d,2026-08-12T12:15:00Z,2026-08-12T14:15:00+0200,2.713,MW,NL,NL,actual_offshore_wind_generation,Wind Offshore | Actual Consumption,2026-08-17T17:16:10Z
2026-08-17T17:12:16Z,2026-08-17T19:12:16+0200,f372a1fc-a0b6-48c3-b979-dc927b00239d,2026-08-12T12:30:00Z,2026-08-12T14:30:00+0200,241.278,MW,NL,NL,actual_offshore_wind_generation,Wind Offshore | Actual Aggregated,2026-08-17T17:16:10Z
2026-08-17T17:12:16Z,2026-08-17T19:12:16+0200,f372a1fc-a0b6-48c3-b979-dc927b00239d,2026-08-12T12:30:00Z,2026-08-12T14:30:00+0200,2.317,MW,NL,NL,actual_offshore_wind_generation,Wind Offshore | Actual Consumption,2026-08-17T17:16:10Z
2026-08-17T17:12:16Z,2026-08-17T19:12:16+0200,f372a1fc-a0b6-48c3-b979-dc927b00239d,2026-08-12T12:45:00Z,2026-08-12T14:45:00+0200,237.293,MW,NL,NL,actual_offshore_wind_generation,Wind Offshore | Actual Aggregated,2026-08-17T17:16:10Z
2026-08-17T17:12:16Z,2026-08-17T19:12:16+0200,f372a1fc-a0b6-48c3-b979-dc927b00239d,2026-08-12T12:45:00Z,2026-08-12T14:45:00+0200,2.456,MW,NL,NL,actual_offshore_wind_generation,Wind Offshore | Actual Consumption,2026-08-17T17:16:10Z
2026-08-17T17:12:16Z,2026-08-17T19:12:16+0200,f372a1fc-a0b6-48c3-b979-dc927b00239d,2026-08-12T13:00:00Z,2026-08-12T15:00:00+0200,265.362,MW,NL,NL,actual_offshore_wind_generation,Wind Offshore | Actual Aggregated,2026-08-17T17:16:10Z
2026-08-17T17:12:16Z,2026-08-17T19:12:16+0200,f372a1fc-a0b6-48c3-b979-dc927b00239d,2026-08-12T13:00:00Z,2026-08-12T15:00:00+0200,1.959,MW,NL,NL,actual_offshore_wind_generation,Wind Offshore | Actual Consumption,2026-08-17T17:16:10Z
2026-08-17T17:12:16Z,2026-08-17T19:12:16+0200,f372a1fc-a0b6-48c3-b979-dc927b00239d,2026-08-12T13:15:00Z,2026-08-12T15:15:00+0200,269.86,MW,NL,NL,actual_offshore_wind_generation,Wind Offshore | Actual Aggregated,2026-08-17T17:16:10Z
2026-08-17T17:12:16Z,2026-08-17T19:12:16+0200,f372a1fc-a0b6-48c3-b979-dc927b00239d,2026-08-12T13:15:00Z,2026-08-12T15:15:00+0200,1.644,MW,NL,NL,actual_offshore_wind_generation,Wind Offshore | Actual Consumption,2026-08-17T17:16:10Z
2026-08-17T17:12:16Z,2026-08-17T19:12:16+0200,f372a1fc-a0b6-48c3-b979-dc927b00239d,2026-08-12T13:30:00Z,2026-08-12T15:30:00+0200,295.148,MW,NL,NL,actual_offshore_wind_generation,Wind Offshore | Actual Aggregated,2026-08-17T17:16:10Z
2026-08-17T17:12:16Z,2026-08-17T19:12:16+0200,f372a1fc-a0b6-48c3-b979-dc927b00239d,2026-08-12T13:30:00Z,2026-08-12T15:30:00+0200,1.133,MW,NL,NL,actual_offshore_wind_generation,Wind Offshore | Actual Consumption,2026-08-17T17:16:10Z
2026-08-17T17:12:16Z,2026-08-17T19:12:16+0200,f372a1fc-a0b6-48c3-b979-dc927b00239d,2026-08-12T13:45:00Z,2026-08-12T15:45:00+0200,281.384,MW,NL,NL,actual_offshore_wind_generation,Wind Offshore | Actual Aggregated,2026-08-17T17:16:10Z
2026-08-17T17:12:16Z,2026-08-17T19:12:16+0200,f372a1fc-a0b6-48c3-b979-dc927b00239d,2026-08-12T13:45:00Z,2026-08-12T15:45:00+0200,0.912,MW,NL,NL,actual_offshore_wind_generation,Wind Offshore | Actual Consumption,2026-08-17T17:16:10Z
2026-08-17T17:12:16Z,2026-08-17T19:12:16+0200,f372a1fc-a0b6-48c3-b979-dc927b00239d,2026-08-12T14:00:00Z,2026-08-12T16:00:00+0200,256.184,MW,NL,NL,actual_offshore_wind_generation,Wind Offshore | Actual Aggregated,2026-08-17T17:16:10Z
2026-08-17T17:12:16Z,2026-08-17T19:12:16+0200,f372a1fc-a0b6-48c3-b979-dc927b00239d,2026-08-12T14:00:00Z,2026-08-12T16:00:00+0200,1.248,MW,NL,NL,actual_offshore_wind_generation,Wind Offshore | Actual Consumption,2026-08-17T17:16:10Z
2026-08-17T17:12:16Z,2026-08-17T19:12:16+0200,f372a1fc-a0b6-48c3-b979-dc927b00239d,2026-08-12T14:15:00Z,2026-08-12T16:15:00+0200,266.585,MW,NL,NL,actual_offshore_wind_generation,Wind Offshore | Actual Aggregated,2026-08-17T17:16:10Z
2026-08-17T17:12:16Z,2026-08-17T19:12:16+0200,f372a1fc-a0b6-48c3-b979-dc927b00239d,2026-08-12T14:15:00Z,2026-08-12T16:15:00+0200,1.569,MW,NL,NL,actual_offshore_wind_generation,Wind Offshore | Actual Consumption,2026-08-17T17:16:10Z
2026-08-17T17:12:16Z,2026-08-17T19:12:16+0200,f372a1fc-a0b6-48c3-b979-dc927b00239d,2026-08-12T14:30:00Z,2026-08-12T16:30:00+0200,287.934,MW,NL,NL,actual_offshore_wind_generation,Wind Offshore | Actual Aggregated,2026-08-17T17:16:10Z
2026-08-17T17:12:16Z,2026-08-17T19:12:16+0200,f372a1fc-a0b6-48c3-b979-dc927b00239d,2026-08-12T14:30:00Z,2026-08-12T16:30:00+0200,1.369,MW,NL,NL,actual_offshore_wind_generation,Wind Offshore | Actual Consumption,2026-08-17T17:16:10Z
2026-08-17T17:12:16Z,2026-08-17T19:12:16+0200,f372a1fc-a0b6-48c3-b979-dc927b00239d,2026-08-12T14:45:00Z,2026-08-12T16:45:00+0200,321.501,MW,NL,NL,actual_offshore_wind_generation,Wind Offshore | Actual Aggregated,2026-08-17T17:16:10Z
2026-08-17T17:12:16Z,2026-08-17T19:12:16+0200,f372a1fc-a0b6-48c3-b979-dc927b00239d,2026-08-12T14:45:00Z,2026-08-12T16:45:00+0200,0.98,MW,NL,NL,actual_offshore_wind_generation,Wind Offshore | Actual Consumption,2026-08-17T17:16:10Z
2026-08-17T17:12:16Z,2026-08-17T19:12:16+0200,f372a1fc-a0b6-48c3-b979-dc927b00239d,2026-08-12T15:00:00Z,2026-08-12T17:00:00+0200,358.257,MW,NL,NL,actual_offshore_wind_generation,Wind Offshore | Actual Aggregated,2026-08-17T17:16:10Z
2026-08-17T17:12:16Z,2026-08-17T19:12:16+0200,f372a1fc-a0b6-48c3-b979-dc927b00239d,2026-08-12T15:00:00Z,2026-08-12T17:00:00+0200,1.044,MW,NL,NL,actual_offshore_wind_generation,Wind Offshore | Actual Consumption,2026-08-17T17:16:10Z
2026-08-17T17:12:16Z,2026-08-17T19:12:16+0200,f372a1fc-a0b6-48c3-b979-dc927b00239d,2026-08-12T15:15:00Z,2026-08-12T17:15:00+0200,413.903,MW,NL,NL,actual_offshore_wind_generation,Wind Offshore | Actual Aggregated,2026-08-17T17:16:10Z
2026-08-17T17:12:16Z,2026-08-17T19:12:16+0200,f372a1fc-a0b6-48c3-b979-dc927b00239d,2026-08-12T15:15:00Z,2026-08-12T17:15:00+0200,1.339,MW,NL,NL,actual_offshore_wind_generation,Wind Offshore | Actual Consumption,2026-08-17T17:16:10Z
2026-08-17T17:12:16Z,2026-08-17T19:12:16+0200,f372a1fc-a0b6-48c3-b979-dc927b00239d,2026-08-12T15:30:00Z,2026-08-12T17:30:00+0200,441.495,MW,NL,NL,actual_offshore_wind_generation,Wind Offshore | Actual Aggregated,2026-08-17T17:16:10Z
2026-08-17T17:12:16Z,2026-08-17T19:12:16+0200,f372a1fc-a0b6-48c3-b979-dc927b00239d,2026-08-12T15:30:00Z,2026-08-12T17:30:00+0200,1.826,MW,NL,NL,actual_offshore_wind_generation,Wind Offshore | Actual Consumption,2026-08-17T17:16:10Z
2026-08-17T17:12:16Z,2026-08-17T19:12:16+0200,f372a1fc-a0b6-48c3-b979-dc927b00239d,2026-08-12T15:45:00Z,2026-08-12T17:45:00+0200,453.701,MW,NL,NL,actual_offshore_wind_generation,Wind Offshore | Actual Aggregated,2026-08-17T17:16:10Z
2026-08-17T17:12:16Z,2026-08-17T19:12:16+0200,f372a1fc-a0b6-48c3-b979-dc927b00239d,2026-08-12T15:45:00Z,2026-08-12T17:45:00+0200,1.989,MW,NL,NL,actual_offshore_wind_generation,Wind Offshore | Actual Consumption,2026-08-17T17:16:10Z
2026-08-17T17:12:16Z,2026-08-17T19:12:16+0200,f372a1fc-a0b6-48c3-b979-dc927b00239d,2026-08-12T16:00:00Z,2026-08-12T18:00:00+0200,468.406,MW,NL,NL,actual_offshore_wind_generation,Wind Offshore | Actual Aggregated,2026-08-17T17:16:10Z
2026-08-17T17:12:16Z,2026-08-17T19:12:16+0200,f372a1fc-a0b6-48c3-b979-dc927b00239d,2026-08-12T16:00:00Z,2026-08-12T18:00:00+0200,2.501,MW,NL,NL,actual_offshore_wind_generation,Wind Offshore | Actual Consumption,2026-08-17T17:16:10Z
2026-08-17T17:12:16Z,2026-08-17T19:12:16+0200,f372a1fc-a0b6-48c3-b979-dc927b00239d,2026-08-12T16:15:00Z,2026-08-12T18:15:00+0200,507.629,MW,NL,NL,actual_offshore_wind_generation,Wind Offshore | Actual Aggregated,2026-08-17T17:16:10Z
2026-08-17T17:12:16Z,2026-08-17T19:12:16+0200,f372a1fc-a0b6-48c3-b979-dc927b00239d,2026-08-12T16:15:00Z,2026-08-12T18:15:00+0200,2.639,MW,NL,NL,actual_offshore_wind_generation,Wind Offshore | Actual Consumption,2026-08-17T17:16:10Z
2026-08-17T17:12:16Z,2026-08-17T19:12:16+0200,f372a1fc-a0b6-48c3-b979-dc927b00239d,2026-08-12T16:30:00Z,2026-08-12T18:30:00+0200,562.349,MW,NL,NL,actual_offshore_wind_generation,Wind Offshore | Actual Aggregated,2026-08-17T17:16:10Z
2026-08-17T17:12:16Z,2026-08-17T19:12:16+0200,f372a1fc-a0b6-48c3-b979-dc927b00239d,2026-08-12T16:30:00Z,2026-08-12T18:30:00+0200,2.831,MW,NL,NL,actual_offshore_wind_generation,Wind Offshore | Actual Consumption,2026-08-17T17:16:10Z
2026-08-17T17:12:16Z,2026-08-17T19:12:16+0200,f372a1fc-a0b6-48c3-b979-dc927b00239d,2026-08-12T16:45:00Z,2026-08-12T18:45:00+0200,618.214,MW,NL,NL,actual_offshore_wind_generation,Wind Offshore | Actual Aggregated,2026-08-17T17:16:10Z
2026-08-17T17:12:16Z,2026-08-17T19:12:16+0200,f372a1fc-a0b6-48c3-b979-dc927b00239d,2026-08-12T16:45:00Z,2026-08-12T18:45:00+0200,2.79,MW,NL,NL,actual_offshore_wind_generation,Wind Offshore | Actual Consumption,2026-08-17T17:16:10Z
2026-08-17T17:12:16Z,2026-08-17T19:12:16+0200,f372a1fc-a0b6-48c3-b979-dc927b00239d,2026-08-12T17:00:00Z,2026-08-12T19:00:00+0200,622.427,MW,NL,NL,actual_offshore_wind_generation,Wind Offshore | Actual Aggregated,2026-08-17T17:16:10Z
2026-08-17T17:12:16Z,2026-08-17T19:12:16+0200,f372a1fc-a0b6-48c3-b979-dc927b00239d,2026-08-12T17:00:00Z,2026-08-12T19:00:00+0200,3.179,MW,NL,NL,actual_offshore_wind_generation,Wind Offshore | Actual Consumption,2026-08-17T17:16:10Z
2026-08-17T17:12:16Z,2026-08-17T19:12:16+0200,f372a1fc-a0b6-48c3-b979-dc927b00239d,2026-08-12T17:15:00Z,2026-08-12T19:15:00+0200,654.853,MW,NL,NL,actual_offshore_wind_generation,Wind Offshore | Actual Aggregated,2026-08-17T17:16:10Z
2026-08-17T17:12:16Z,2026-08-17T19:12:16+0200,f372a1fc-a0b6-48c3-b979-dc927b00239d,2026-08-12T17:15:00Z,2026-08-12T19:15:00+0200,3.513,MW,NL,NL,actual_offshore_wind_generation,Wind Offshore | Actual Consumption,2026-08-17T17:16:10Z
2026-08-17T17:12:16Z,2026-08-17T19:12:16+0200,f372a1fc-a0b6-48c3-b979-dc927b00239d,2026-08-12T17:30:00Z,2026-08-12T19:30:00+0200,775.058,MW,NL,NL,actual_offshore_wind_generation,Wind Offshore | Actual Aggregated,2026-08-17T17:16:10Z
2026-08-17T17:12:16Z,2026-08-17T19:12:16+0200,f372a1fc-a0b6-48c3-b979-dc927b00239d,2026-08-12T17:30:00Z,2026-08-12T19:30:00+0200,3.355,MW,NL,NL,actual_offshore_wind_generation,Wind Offshore | Actual Consumption,2026-08-17T17:16:10Z
2026-08-17T17:12:16Z,2026-08-17T19:12:16+0200,f372a1fc-a0b6-48c3-b979-dc927b00239d,2026-08-12T17:45:00Z,2026-08-12T19:45:00+0200,867.605,MW,NL,NL,actual_offshore_wind_generation,Wind Offshore | Actual Aggregated,2026-08-17T17:16:10Z
2026-08-17T17:12:16Z,2026-08-17T19:12:16+0200,f372a1fc-a0b6-48c3-b979-dc927b00239d,2026-08-12T17:45:00Z,2026-08-12T19:45:00+0200,2.998,MW,NL,NL,actual_offshore_wind_generation,Wind Offshore | Actual Consumption,2026-08-17T17:16:10Z
2026-08-17T17:12:16Z,2026-08-17T19:12:16+0200,f372a1fc-a0b6-48c3-b979-dc927b00239d,2026-08-12T18:00:00Z,2026-08-12T20:00:00+0200,899.714,MW,NL,NL,actual_offshore_wind_generation,Wind Offshore | Actual Aggregated,2026-08-17T17:16:10Z
2026-08-17T17:12:16Z,2026-08-17T19:12:16+0200,f372a1fc-a0b6-48c3-b979-dc927b00239d,2026-08-12T18:00:00Z,2026-08-12T20:00:00+0200,2.841,MW,NL,NL,actual_offshore_wind_generation,Wind Offshore | Actual Consumption,2026-08-17T17:16:10Z
2026-08-17T17:12:16Z,2026-08-17T19:12:16+0200,f372a1fc-a0b6-48c3-b979-dc927b00239d,2026-08-12T18:15:00Z,2026-08-12T20:15:00+0200,918.646,MW,NL,NL,actual_offshore_wind_generation,Wind Offshore | Actual Aggregated,2026-08-17T17:16:10Z
2026-08-17T17:12:16Z,2026-08-17T19:12:16+0200,f372a1fc-a0b6-48c3-b979-dc927b00239d,2026-08-12T18:15:00Z,2026-08-12T20:15:00+0200,2.897,MW,NL,NL,actual_offshore_wind_generation,Wind Offshore | Actual Consumption,2026-08-17T17:16:10Z
2026-08-17T17:12:16Z,2026-08-17T19:12:16+0200,f372a1fc-a0b6-48c3-b979-dc927b00239d,2026-08-12T18:30:00Z,2026-08-12T20:30:00+0200,941.309,MW,NL,NL,actual_offshore_wind_generation,Wind Offshore | Actual Aggregated,2026-08-17T17:16:10Z
2026-08-17T17:12:16Z,2026-08-17T19:12:16+0200,f372a1fc-a0b6-48c3-b979-dc927b00239d,2026-08-12T18:30:00Z,2026-08-12T20:30:00+0200,3.4,MW,NL,NL,actual_offshore_wind_generation,Wind Offshore | Actual Consumption,2026-08-17T17:16:10Z
2026-08-17T17:12:16Z,2026-08-17T19:12:16+0200,f372a1fc-a0b6-48c3-b979-dc927b00239d,2026-08-12T18:45:00Z,2026-08-12T20:45:00+0200,1127.565,MW,NL,NL,actual_offshore_wind_generation,Wind Offshore | Actual Aggregated,2026-08-17T17:16:10Z
2026-08-17T17:12:16Z,2026-08-17T19:12:16+0200,f372a1fc-a0b6-48c3-b979-dc927b00239d,2026-08-12T18:45:00Z,2026-08-12T20:45:00+0200,3.428,MW,NL,NL,actual_offshore_wind_generation,Wind Offshore | Actual Consumption,2026-08-17T17:16:10Z
2026-08-17T17:12:16Z,2026-08-17T19:12:16+0200,f372a1fc-a0b6-48c3-b979-dc927b00239d,2026-08-12T19:00:00Z,2026-08-12T21:00:00+0200,1161.749,MW,NL,NL,actual_offshore_wind_generation,Wind Offshore | Actual Aggregated,2026-08-17T17:16:10Z
2026-08-17T17:12:16Z,2026-08-17T19:12:16+0200,f372a1fc-a0b6-48c3-b979-dc927b00239d,2026-08-12T19:00:00Z,2026-08-12T21:00:00+0200,3.303,MW,NL,NL,actual_offshore_wind_generation,Wind Offshore | Actual Consumption,2026-08-17T17:16:10Z
2026-08-17T17:12:16Z,2026-08-17T19:12:16+0200,f372a1fc-a0b6-48c3-b979-dc927b00239d,2026-08-12T19:15:00Z,2026-08-12T21:15:00+0200,1197.925,MW,NL,NL,actual_offshore_wind_generation,Wind Offshore | Actual Aggregated,2026-08-17T17:16:10Z
2026-08-17T17:12:16Z,2026-08-17T19:12:16+0200,f372a1fc-a0b6-48c3-b979-dc927b00239d,2026-08-12T19:15:00Z,2026-08-12T21:15:00+0200,4.077,MW,NL,NL,actual_offshore_wind_generation,Wind Offshore | Actual Consumption,2026-08-17T17:16:10Z
2026-08-17T17:12:16Z,2026-08-17T19:12:16+0200,f372a1fc-a0b6-48c3-b979-dc927b00239d,2026-08-12T19:30:00Z,2026-08-12T21:30:00+0200,1248.71,MW,NL,NL,actual_offshore_wind_generation,Wind Offshore | Actual Aggregated,2026-08-17T17:16:10Z
2026-08-17T17:12:16Z,2026-08-17T19:12:16+0200,f372a1fc-a0b6-48c3-b979-dc927b00239d,2026-08-12T19:30:00Z,2026-08-12T21:30:00+0200,4.424,MW,NL,NL,actual_offshore_wind_generation,Wind Offshore | Actual Consumption,2026-08-17T17:16:10Z
2026-08-17T17:12:16Z,2026-08-17T19:12:16+0200,f372a1fc-a0b6-48c3-b979-dc927b00239d,2026-08-12T19:45:00Z,2026-08-12T21:45:00+0200,1348.281,MW,NL,NL,actual_offshore_wind_generation,Wind Offshore | Actual Aggregated,2026-08-17T17:16:10Z
2026-08-17T17:12:16Z,2026-08-17T19:12:16+0200,f372a1fc-a0b6-48c3-b979-dc927b00239d,2026-08-12T19:45:00Z,2026-08-12T21:45:00+0200,5.253,MW,NL,NL,actual_offshore_wind_generation,Wind Offshore | Actual Consumption,2026-08-17T17:16:10Z
2026-08-17T17:12:16Z,2026-08-17T19:12:16+0200,f372a1fc-a0b6-48c3-b979-dc927b00239d,2026-08-12T20:00:00Z,2026-08-12T22:00:00+0200,1557.924,MW,NL,NL,actual_offshore_wind_generation,Wind Offshore | Actual Aggregated,2026-08-17T17:16:10Z
2026-08-17T17:12:16Z,2026-08-17T19:12:16+0200,f372a1fc-a0b6-48c3-b979-dc927b00239d,2026-08-12T20:00:00Z,2026-08-12T22:00:00+0200,5.553,MW,NL,NL,actual_offshore_wind_generation,Wind Offshore | Actual Consumption,2026-08-17T17:16:10Z
2026-08-17T17:12:16Z,2026-08-17T19:12:16+0200,f372a1fc-a0b6-48c3-b979-dc927b00239d,2026-08-12T20:15:00Z,2026-08-12T22:15:00+0200,1677.418,MW,NL,NL,actual_offshore_wind_generation,Wind Offshore | Actual Aggregated,2026-08-17T17:16:10Z
2026-08-17T17:12:16Z,2026-08-17T19:12:16+0200,f372a1fc-a0b6-48c3-b979-dc927b00239d,2026-08-12T20:15:00Z,2026-08-12T22:15:00+0200,5.875,MW,NL,NL,actual_offshore_wind_generation,Wind Offshore | Actual Consumption,2026-08-17T17:16:10Z
2026-08-17T17:12:16Z,2026-08-17T19:12:16+0200,f372a1fc-a0b6-48c3-b979-dc927b00239d,2026-08-12T20:30:00Z,2026-08-12T22:30:00+0200,1772.01,MW,NL,NL,actual_offshore_wind_generation,Wind Offshore | Actual Aggregated,2026-08-17T17:16:10Z
2026-08-17T17:12:16Z,2026-08-17T19:12:16+0200,f372a1fc-a0b6-48c3-b979-dc927b00239d,2026-08-12T20:30:00Z,2026-08-12T22:30:00+0200,6.283,MW,NL,NL,actual_offshore_wind_generation,Wind Offshore | Actual Consumption,2026-08-17T17:16:10Z
2026-08-17T17:12:16Z,2026-08-17T19:12:16+0200,f372a1fc-a0b6-48c3-b979-dc927b00239d,2026-08-12T20:45:00Z,2026-08-12T22:45:00+0200,1737.923,MW,NL,NL,actual_offshore_wind_generation,Wind Offshore | Actual Aggregated,2026-08-17T17:16:10Z
2026-08-17T17:12:16Z,2026-08-17T19:12:16+0200,f372a1fc-a0b6-48c3-b979-dc927b00239d,2026-08-12T20:45:00Z,2026-08-12T22:45:00+0200,6.336,MW,NL,NL,actual_offshore_wind_generation,Wind Offshore | Actual Consumption,2026-08-17T17:16:10Z
2026-08-17T17:12:16Z,2026-08-17T19:12:16+0200,f372a1fc-a0b6-48c3-b979-dc927b00239d,2026-08-12T21:00:00Z,2026-08-12T23:00:00+0200,1868.921,MW,NL,NL,actual_offshore_wind_generation,Wind Offshore | Actual Aggregated,2026-08-17T17:16:10Z
2026-08-17T17:12:16Z,2026-08-17T19:12:16+0200,f372a1fc-a0b6-48c3-b979-dc927b00239d,2026-08-12T21:00:00Z,2026-08-12T23:00:00+0200,6.477,MW,NL,NL,actual_offshore_wind_generation,Wind Offshore | Actual Consumption,2026-08-17T17:16:10Z
2026-08-17T17:12:16Z,2026-08-17T19:12:16+0200,f372a1fc-a0b6-48c3-b979-dc927b00239d,2026-08-12T21:15:00Z,2026-08-12T23:15:00+0200,1877.106,MW,NL,NL,actual_offshore_wind_generation,Wind Offshore | Actual Aggregated,2026-08-17T17:16:10Z
2026-08-17T17:12:16Z,2026-08-17T19:12:16+0200,f372a1fc-a0b6-48c3-b979-dc927b00239d,2026-08-12T21:15:00Z,2026-08-12T23:15:00+0200,5.88,MW,NL,NL,actual_offshore_wind_generation,Wind Offshore | Actual Consumption,2026-08-17T17:16:10Z
2026-08-17T17:12:16Z,2026-08-17T19:12:16+0200,f372a1fc-a0b6-48c3-b979-dc927b00239d,2026-08-12T21:30:00Z,2026-08-12T23:30:00+0200,1930.455,MW,NL,NL,actual_offshore_wind_generation,Wind Offshore | Actual Aggregated,2026-08-17T17:16:10Z
2026-08-17T17:12:16Z,2026-08-17T19:12:16+0200,f372a1fc-a0b6-48c3-b979-dc927b00239d,2026-08-12T21:30:00Z,2026-08-12T23:30:00+0200,5.448,MW,NL,NL,actual_offshore_wind_generation,Wind Offshore | Actual Consumption,2026-08-17T17:16:10Z
2026-08-17T17:12:16Z,2026-08-17T19:12:16+0200,f372a1fc-a0b6-48c3-b979-dc927b00239d,2026-08-12T21:45:00Z,2026-08-12T23:45:00+0200,1953.064,MW,NL,NL,actual_offshore_wind_generation,Wind Offshore | Actual Aggregated,2026-08-17T17:16:10Z
2026-08-17T17:12:16Z,2026-08-17T19:12:16+0200,f372a1fc-a0b6-48c3-b979-dc927b00239d,2026-08-12T21:45:00Z,2026-08-12T23:45:00+0200,5.381,MW,NL,NL,actual_offshore_wind_generation,Wind Offshore | Actual Consumption,2026-08-17T17:16:10Z
2026-08-17T17:12:16Z,2026-08-17T19:12:16+0200,f372a1fc-a0b6-48c3-b979-dc927b00239d,2026-08-12T22:00:00Z,2026-08-13T00:00:00+0200,1888.021,MW,NL,NL,actual_offshore_wind_generation,Wind Offshore | Actual Aggregated,2026-08-17T17:16:10Z
2026-08-17T17:12:16Z,2026-08-17T19:12:16+0200,f372a1fc-a0b6-48c3-b979-dc927b00239d,2026-08-12T22:00:00Z,2026-08-13T00:00:00+0200,4.467,MW,NL,NL,actual_offshore_wind_generation,Wind Offshore | Actual Consumption,2026-08-17T17:16:10Z
2026-08-17T17:12:16Z,2026-08-17T19:12:16+0200,f372a1fc-a0b6-48c3-b979-dc927b00239d,2026-08-12T22:15:00Z,2026-08-13T00:15:00+0200,1768.693,MW,NL,NL,actual_offshore_wind_generation,Wind Offshore | Actual Aggregated,2026-08-17T17:16:10Z
2026-08-17T17:12:16Z,2026-08-17T19:12:16+0200,f372a1fc-a0b6-48c3-b979-dc927b00239d,2026-08-12T22:15:00Z,2026-08-13T00:15:00+0200,4.483,MW,NL,NL,actual_offshore_wind_generation,Wind Offshore | Actual Consumption,2026-08-17T17:16:10Z
2026-08-17T17:12:16Z,2026-08-17T19:12:16+0200,f372a1fc-a0b6-48c3-b979-dc927b00239d,2026-08-12T22:30:00Z,2026-08-13T00:30:00+0200,1656.625,MW,NL,NL,actual_offshore_wind_generation,Wind Offshore | Actual Aggregated,2026-08-17T17:16:10Z
2026-08-17T17:12:16Z,2026-08-17T19:12:16+0200,f372a1fc-a0b6-48c3-b979-dc927b00239d,2026-08-12T22:30:00Z,2026-08-13T00:30:00+0200,4.419,MW,NL,NL,actual_offshore_wind_generation,Wind Offshore | Actual Consumption,2026-08-17T17:16:10Z
2026-08-17T17:12:16Z,2026-08-17T19:12:16+0200,f372a1fc-a0b6-48c3-b979-dc927b00239d,2026-08-12T22:45:00Z,2026-08-13T00:45:00+0200,1564.803,MW,NL,NL,actual_offshore_wind_generation,Wind Offshore | Actual Aggregated,2026-08-17T17:16:10Z
2026-08-17T17:12:16Z,2026-08-17T19:12:16+0200,f372a1fc-a0b6-48c3-b979-dc927b00239d,2026-08-12T22:45:00Z,2026-08-13T00:45:00+0200,4.175,MW,NL,NL,actual_offshore_wind_generation,Wind Offshore | Actual Consumption,2026-08-17T17:16:10Z
2026-08-17T17:12:16Z,2026-08-17T19:12:16+0200,f372a1fc-a0b6-48c3-b979-dc927b00239d,2026-08-12T23:00:00Z,2026-08-13T01:00:00+0200,1512.663,MW,NL,NL,actual_offshore_wind_generation,Wind Offshore | Actual Aggregated,2026-08-17T17:16:10Z
2026-08-17T17:12:16Z,2026-08-17T19:12:16+0200,f372a1fc-a0b6-48c3-b979-dc927b00239d,2026-08-12T23:00:00Z,2026-08-13T01:00:00+0200,4.368,MW,NL,NL,actual_offshore_wind_generation,Wind Offshore | Actual Consumption,2026-08-17T17:16:10Z
2026-08-17T17:12:16Z,2026-08-17T19:12:16+0200,f372a1fc-a0b6-48c3-b979-dc927b00239d,2026-08-12T23:15:00Z,2026-08-13T01:15:00+0200,1454.401,MW,NL,NL,actual_offshore_wind_generation,Wind Offshore | Actual Aggregated,2026-08-17T17:16:10Z
2026-08-17T17:12:16Z,2026-08-17T19:12:16+0200,f372a1fc-a0b6-48c3-b979-dc927b00239d,2026-08-12T23:15:00Z,2026-08-13T01:15:00+0200,4.968,MW,NL,NL,actual_offshore_wind_generation,Wind Offshore | Actual Consumption,2026-08-17T17:16:10Z
2026-08-17T17:12:16Z,2026-08-17T19:12:16+0200,f372a1fc-a0b6-48c3-b979-dc927b00239d,2026-08-12T23:30:00Z,2026-08-13T01:30:00+0200,1363.612,MW,NL,NL,actual_offshore_wind_generation,Wind Offshore | Actual Aggregated,2026-08-17T17:16:10Z
2026-08-17T17:12:16Z,2026-08-17T19:12:16+0200,f372a1fc-a0b6-48c3-b979-dc927b00239d,2026-08-12T23:30:00Z,2026-08-13T01:30:00+0200,2.851,MW,NL,NL,actual_offshore_wind_generation,Wind Offshore | Actual Consumption,2026-08-17T17:16:10Z
2026-08-17T17:12:16Z,2026-08-17T19:12:16+0200,f372a1fc-a0b6-48c3-b979-dc927b00239d,2026-08-12T23:45:00Z,2026-08-13T01:45:00+0200,1263.258,MW,NL,NL,actual_offshore_wind_generation,Wind Offshore | Actual Aggregated,2026-08-17T17:16:10Z
2026-08-17T17:12:16Z,2026-08-17T19:12:16+0200,f372a1fc-a0b6-48c3-b979-dc927b00239d,2026-08-12T23:45:00Z,2026-08-13T01:45:00+0200,2.944,MW,NL,NL,actual_offshore_wind_generation,Wind Offshore | Actual Consumption,2026-08-17T17:16:10Z
2026-08-17T17:12:16Z,2026-08-17T19:12:16+0200,f372a1fc-a0b6-48c3-b979-dc927b00239d,2026-08-13T00:00:00Z,2026-08-13T02:00:00+0200,1143.277,MW,NL,NL,actual_offshore_wind_generation,Wind Offshore | Actual Aggregated,2026-08-17T17:16:10Z
2026-08-17T17:12:16Z,2026-08-17T19:12:16+0200,f372a1fc-a0b6-48c3-b979-dc927b00239d,2026-08-13T00:00:00Z,2026-08-13T02:00:00+0200,3.613,MW,NL,NL,actual_offshore_wind_generation,Wind Offshore | Actual Consumption,2026-08-17T17:16:10Z
2026-08-17T17:12:16Z,2026-08-17T19:12:16+0200,f372a1fc-a0b6-48c3-b979-dc927b00239d,2026-08-13T00:15:00Z,2026-08-13T02:15:00+0200,1040.935,MW,NL,NL,actual_offshore_wind_generation,Wind Offshore | Actual Aggregated,2026-08-17T17:16:10Z
2026-08-17T17:12:16Z,2026-08-17T19:12:16+0200,f372a1fc-a0b6-48c3-b979-dc927b00239d,2026-08-13T00:15:00Z,2026-08-13T02:15:00+0200,2.721,MW,NL,NL,actual_offshore_wind_generation,Wind Offshore | Actual Consumption,2026-08-17T17:16:10Z
2026-08-17T17:12:16Z,2026-08-17T19:12:16+0200,f372a1fc-a0b6-48c3-b979-dc927b00239d,2026-08-13T00:30:00Z,2026-08-13T02:30:00+0200,981.768,MW,NL,NL,actual_offshore_wind_generation,Wind Offshore | Actual Aggregated,2026-08-17T17:16:10Z
2026-08-17T17:12:16Z,2026-08-17T19:12:16+0200,f372a1fc-a0b6-48c3-b979-dc927b00239d,2026-08-13T00:30:00Z,2026-08-13T02:30:00+0200,1.954,MW,NL,NL,actual_offshore_wind_generation,Wind Offshore | Actual Consumption,2026-08-17T17:16:10Z
2026-08-17T17:12:16Z,2026-08-17T19:12:16+0200,f372a1fc-a0b6-48c3-b979-dc927b00239d,2026-08-13T00:45:00Z,2026-08-13T02:45:00+0200,943.163,MW,NL,NL,actual_offshore_wind_generation,Wind Offshore | Actual Aggregated,2026-08-17T17:16:10Z
2026-08-17T17:12:16Z,2026-08-17T19:12:16+0200,f372a1fc-a0b6-48c3-b979-dc927b00239d,2026-08-13T00:45:00Z,2026-08-13T02:45:00+0200,1.635,MW,NL,NL,actual_offshore_wind_generation,Wind Offshore | Actual Consumption,2026-08-17T17:16:10Z
2026-08-17T17:12:16Z,2026-08-17T19:12:16+0200,f372a1fc-a0b6-48c3-b979-dc927b00239d,2026-08-13T01:00:00Z,2026-08-13T03:00:00+0200,895.079,MW,NL,NL,actual_offshore_wind_generation,Wind Offshore | Actual Aggregated,2026-08-17T17:16:10Z
2026-08-17T17:12:16Z,2026-08-17T19:12:16+0200,f372a1fc-a0b6-48c3-b979-dc927b00239d,2026-08-13T01:00:00Z,2026-08-13T03:00:00+0200,1.512,MW,NL,NL,actual_offshore_wind_generation,Wind Offshore | Actual Consumption,2026-08-17T17:16:10Z
2026-08-17T17:12:16Z,2026-08-17T19:12:16+0200,f372a1fc-a0b6-48c3-b979-dc927b00239d,2026-08-13T01:15:00Z,2026-08-13T03:15:00+0200,890.91,MW,NL,NL,actual_offshore_wind_generation,Wind Offshore | Actual Aggregated,2026-08-17T17:16:10Z
2026-08-17T17:12:16Z,2026-08-17T19:12:16+0200,f372a1fc-a0b6-48c3-b979-dc927b00239d,2026-08-13T01:15:00Z,2026-08-13T03:15:00+0200,1.628,MW,NL,NL,actual_offshore_wind_generation,Wind Offshore | Actual Consumption,2026-08-17T17:16:10Z
2026-08-17T17:12:16Z,2026-08-17T19:12:16+0200,f372a1fc-a0b6-48c3-b979-dc927b00239d,2026-08-13T01:30:00Z,2026-08-13T03:30:00+0200,857.696,MW,NL,NL,actual_offshore_wind_generation,Wind Offshore | Actual Aggregated,2026-08-17T17:16:10Z
2026-08-17T17:12:16Z,2026-08-17T19:12:16+0200,f372a1fc-a0b6-48c3-b979-dc927b00239d,2026-08-13T01:30:00Z,2026-08-13T03:30:00+0200,1.873,MW,NL,NL,actual_offshore_wind_generation,Wind Offshore | Actual Consumption,2026-08-17T17:16:10Z
2026-08-17T17:12:16Z,2026-08-17T19:12:16+0200,f372a1fc-a0b6-48c3-b979-dc927b00239d,2026-08-13T01:45:00Z,2026-08-13T03:45:00+0200,799.693,MW,NL,NL,actual_offshore_wind_generation,Wind Offshore | Actual Aggregated,2026-08-17T17:16:10Z
2026-08-17T17:12:16Z,2026-08-17T19:12:16+0200,f372a1fc-a0b6-48c3-b979-dc927b00239d,2026-08-13T01:45:00Z,2026-08-13T03:45:00+0200,2.285,MW,NL,NL,actual_offshore_wind_generation,Wind Offshore | Actual Consumption,2026-08-17T17:16:10Z
2026-08-17T17:12:16Z,2026-08-17T19:12:16+0200,f372a1fc-a0b6-48c3-b979-dc927b00239d,2026-08-13T02:00:00Z,2026-08-13T04:00:00+0200,744.709,MW,NL,NL,actual_offshore_wind_generation,Wind Offshore | Actual Aggregated,2026-08-17T17:16:10Z
2026-08-17T17:12:16Z,2026-08-17T19:12:16+0200,f372a1fc-a0b6-48c3-b979-dc927b00239d,2026-08-13T02:00:00Z,2026-08-13T04:00:00+0200,2.484,MW,NL,NL,actual_offshore_wind_generation,Wind Offshore | Actual Consumption,2026-08-17T17:16:10Z
2026-08-17T17:12:16Z,2026-08-17T19:12:16+0200,f372a1fc-a0b6-48c3-b979-dc927b00239d,2026-08-13T02:15:00Z,2026-08-13T04:15:00+0200,685.579,MW,NL,NL,actual_offshore_wind_generation,Wind Offshore | Actual Aggregated,2026-08-17T17:16:10Z
2026-08-17T17:12:16Z,2026-08-17T19:12:16+0200,f372a1fc-a0b6-48c3-b979-dc927b00239d,2026-08-13T02:15:00Z,2026-08-13T04:15:00+0200,1.916,MW,NL,NL,actual_offshore_wind_generation,Wind Offshore | Actual Consumption,2026-08-17T17:16:10Z
2026-08-17T17:12:16Z,2026-08-17T19:12:16+0200,f372a1fc-a0b6-48c3-b979-dc927b00239d,2026-08-13T02:30:00Z,2026-08-13T04:30:00+0200,609.536,MW,NL,NL,actual_offshore_wind_generation,Wind Offshore | Actual Aggregated,2026-08-17T17:16:10Z
2026-08-17T17:12:16Z,2026-08-17T19:12:16+0200,f372a1fc-a0b6-48c3-b979-dc927b00239d,2026-08-13T02:30:00Z,2026-08-13T04:30:00+0200,1.333,MW,NL,NL,actual_offshore_wind_generation,Wind Offshore | Actual Consumption,2026-08-17T17:16:10Z
2026-08-17T17:12:16Z,2026-08-17T19:12:16+0200,f372a1fc-a0b6-48c3-b979-dc927b00239d,2026-08-13T02:45:00Z,2026-08-13T04:45:00+0200,563.868,MW,NL,NL,actual_offshore_wind_generation,Wind Offshore | Actual Aggregated,2026-08-17T17:16:10Z
2026-08-17T17:12:16Z,2026-08-17T19:12:16+0200,f372a1fc-a0b6-48c3-b979-dc927b00239d,2026-08-13T02:45:00Z,2026-08-13T04:45:00+0200,1.521,MW,NL,NL,actual_offshore_wind_generation,Wind Offshore | Actual Consumption,2026-08-17T17:16:10Z
2026-08-17T17:12:16Z,2026-08-17T19:12:16+0200,f372a1fc-a0b6-48c3-b979-dc927b00239d,2026-08-13T03:00:00Z,2026-08-13T05:00:00+0200,526.388,MW,NL,NL,actual_offshore_wind_generation,Wind Offshore | Actual Aggregated,2026-08-17T17:16:10Z
2026-08-17T17:12:16Z,2026-08-17T19:12:16+0200,f372a1fc-a0b6-48c3-b979-dc927b00239d,2026-08-13T03:00:00Z,2026-08-13T05:00:00+0200,2.043,MW,NL,NL,actual_offshore_wind_generation,Wind Offshore | Actual Consumption,2026-08-17T17:16:10Z
2026-08-17T17:12:16Z,2026-08-17T19:12:16+0200,f372a1fc-a0b6-48c3-b979-dc927b00239d,2026-08-13T03:15:00Z,2026-08-13T05:15:00+0200,521.104,MW,NL,NL,actual_offshore_wind_generation,Wind Offshore | Actual Aggregated,2026-08-17T17:16:10Z
2026-08-17T17:12:16Z,2026-08-17T19:12:16+0200,f372a1fc-a0b6-48c3-b979-dc927b00239d,2026-08-13T03:15:00Z,2026-08-13T05:15:00+0200,2.196,MW,NL,NL,actual_offshore_wind_generation,Wind Offshore | Actual Consumption,2026-08-17T17:16:10Z
2026-08-17T17:12:16Z,2026-08-17T19:12:16+0200,f372a1fc-a0b6-48c3-b979-dc927b00239d,2026-08-13T03:30:00Z,2026-08-13T05:30:00+0200,505.19,MW,NL,NL,actual_offshore_wind_generation,Wind Offshore | Actual Aggregated,2026-08-17T17:16:10Z
2026-08-17T17:12:16Z,2026-08-17T19:12:16+0200,f372a1fc-a0b6-48c3-b979-dc927b00239d,2026-08-13T03:30:00Z,2026-08-13T05:30:00+0200,1.832,MW,NL,NL,actual_offshore_wind_generation,Wind Offshore | Actual Consumption,2026-08-17T17:16:10Z
2026-08-17T17:12:16Z,2026-08-17T19:12:16+0200,f372a1fc-a0b6-48c3-b979-dc927b00239d,2026-08-13T03:45:00Z,2026-08-13T05:45:00+0200,496.048,MW,NL,NL,actual_offshore_wind_generation,Wind Offshore | Actual Aggregated,2026-08-17T17:16:10Z
2026-08-17T17:12:16Z,2026-08-17T19:12:16+0200,f372a1fc-a0b6-48c3-b979-dc927b00239d,2026-08-13T03:45:00Z,2026-08-13T05:45:00+0200,1.674,MW,NL,NL,actual_offshore_wind_generation,Wind Offshore | Actual Consumption,2026-08-17T17:16:10Z
2026-08-17T17:12:16Z,2026-08-17T19:12:16+0200,f372a1fc-a0b6-48c3-b979-dc927b00239d,2026-08-13T04:00:00Z,2026-08-13T06:00:00+0200,509.446,MW,NL,NL,actual_offshore_wind_generation,Wind Offshore | Actual Aggregated,2026-08-17T17:16:10Z
2026-08-17T17:12:16Z,2026-08-17T19:12:16+0200,f372a1fc-a0b6-48c3-b979-dc927b00239d,2026-08-13T04:00:00Z,2026-08-13T06:00:00+0200,1.417,MW,NL,NL,actual_offshore_wind_generation,Wind Offshore | Actual Consumption,2026-08-17T17:16:10Z
2026-08-17T17:12:16Z,2026-08-17T19:12:16+0200,f372a1fc-a0b6-48c3-b979-dc927b00239d,2026-08-13T04:15:00Z,2026-08-13T06:15:00+0200,507.011,MW,NL,NL,actual_offshore_wind_generation,Wind Offshore | Actual Aggregated,2026-08-17T17:16:10Z
2026-08-17T17:12:16Z,2026-08-17T19:12:16+0200,f372a1fc-a0b6-48c3-b979-dc927b00239d,2026-08-13T04:15:00Z,2026-08-13T06:15:00+0200,1.067,MW,NL,NL,actual_offshore_wind_generation,Wind Offshore | Actual Consumption,2026-08-17T17:16:10Z
2026-08-17T17:12:16Z,2026-08-17T19:12:16+0200,f372a1fc-a0b6-48c3-b979-dc927b00239d,2026-08-13T04:30:00Z,2026-08-13T06:30:00+0200,495.11,MW,NL,NL,actual_offshore_wind_generation,Wind Offshore | Actual Aggregated,2026-08-17T17:16:10Z
2026-08-17T17:12:16Z,2026-08-17T19:12:16+0200,f372a1fc-a0b6-48c3-b979-dc927b00239d,2026-08-13T04:30:00Z,2026-08-13T06:30:00+0200,0.872,MW,NL,NL,actual_offshore_wind_generation,Wind Offshore | Actual Consumption,2026-08-17T17:16:10Z
2026-08-17T17:12:16Z,2026-08-17T19:12:16+0200,f372a1fc-a0b6-48c3-b979-dc927b00239d,2026-08-13T04:45:00Z,2026-08-13T06:45:00+0200,465.64,MW,NL,NL,actual_offshore_wind_generation,Wind Offshore | Actual Aggregated,2026-08-17T17:16:10Z
2026-08-17T17:12:16Z,2026-08-17T19:12:16+0200,f372a1fc-a0b6-48c3-b979-dc927b00239d,2026-08-13T04:45:00Z,2026-08-13T06:45:00+0200,0.0,MW,NL,NL,actual_offshore_wind_generation,Wind Offshore | Actual Consumption,2026-08-17T17:16:10Z
2026-08-17T17:12:16Z,2026-08-17T19:12:16+0200,f372a1fc-a0b6-48c3-b979-dc927b00239d,2026-08-13T05:00:00Z,2026-08-13T07:00:00+0200,449.391,MW,NL,NL,actual_offshore_wind_generation,Wind Offshore | Actual Aggregated,2026-08-17T17:16:10Z
2026-08-17T17:12:16Z,2026-08-17T19:12:16+0200,f372a1fc-a0b6-48c3-b979-dc927b00239d,2026-08-13T05:00:00Z,2026-08-13T07:00:00+0200,0.616,MW,NL,NL,actual_offshore_wind_generation,Wind Offshore | Actual Consumption,2026-08-17T17:16:10Z
2026-08-17T17:12:16Z,2026-08-17T19:12:16+0200,f372a1fc-a0b6-48c3-b979-dc927b00239d,2026-08-13T05:15:00Z,2026-08-13T07:15:00+0200,448.425,MW,NL,NL,actual_offshore_wind_generation,Wind Offshore | Actual Aggregated,2026-08-17T17:16:10Z
2026-08-17T17:12:16Z,2026-08-17T19:12:16+0200,f372a1fc-a0b6-48c3-b979-dc927b00239d,2026-08-13T05:15:00Z,2026-08-13T07:15:00+0200,0.0,MW,NL,NL,actual_offshore_wind_generation,Wind Offshore | Actual Consumption,2026-08-17T17:16:10Z
2026-08-17T17:12:16Z,2026-08-17T19:12:16+0200,f372a1fc-a0b6-48c3-b979-dc927b00239d,2026-08-13T05:30:00Z,2026-08-13T07:30:00+0200,442.462,MW,NL,NL,actual_offshore_wind_generation,Wind Offshore | Actual Aggregated,2026-08-17T17:16:10Z
2026-08-17T17:12:16Z,2026-08-17T19:12:16+0200,f372a1fc-a0b6-48c3-b979-dc927b00239d,2026-08-13T05:30:00Z,2026-08-13T07:30:00+0200,0.068,MW,NL,NL,actual_offshore_wind_generation,Wind Offshore | Actual Consumption,2026-08-17T17:16:10Z
2026-08-17T17:12:16Z,2026-08-17T19:12:16+0200,f372a1fc-a0b6-48c3-b979-dc927b00239d,2026-08-13T05:45:00Z,2026-08-13T07:45:00+0200,408.651,MW,NL,NL,actual_offshore_wind_generation,Wind Offshore | Actual Aggregated,2026-08-17T17:16:10Z
2026-08-17T17:12:16Z,2026-08-17T19:12:16+0200,f372a1fc-a0b6-48c3-b979-dc927b00239d,2026-08-13T05:45:00Z,2026-08-13T07:45:00+0200,0.533,MW,NL,NL,actual_offshore_wind_generation,Wind Offshore | Actual Consumption,2026-08-17T17:16:10Z
2026-08-17T17:12:16Z,2026-08-17T19:12:16+0200,f372a1fc-a0b6-48c3-b979-dc927b00239d,2026-08-13T06:00:00Z,2026-08-13T08:00:00+0200,395.846,MW,NL,NL,actual_offshore_wind_generation,Wind Offshore | Actual Aggregated,2026-08-17T17:16:10Z
2026-08-17T17:12:16Z,2026-08-17T19:12:16+0200,f372a1fc-a0b6-48c3-b979-dc927b00239d,2026-08-13T06:00:00Z,2026-08-13T08:00:00+0200,1.488,MW,NL,NL,actual_offshore_wind_generation,Wind Offshore | Actual Consumption,2026-08-17T17:16:10Z
2026-08-17T17:12:16Z,2026-08-17T19:12:16+0200,f372a1fc-a0b6-48c3-b979-dc927b00239d,2026-08-13T06:15:00Z,2026-08-13T08:15:00+0200,411.253,MW,NL,NL,actual_offshore_wind_generation,Wind Offshore | Actual Aggregated,2026-08-17T17:16:10Z
2026-08-17T17:12:16Z,2026-08-17T19:12:16+0200,f372a1fc-a0b6-48c3-b979-dc927b00239d,2026-08-13T06:15:00Z,2026-08-13T08:15:00+0200,1.174,MW,NL,NL,actual_offshore_wind_generation,Wind Offshore | Actual Consumption,2026-08-17T17:16:10Z
2026-08-17T17:12:16Z,2026-08-17T19:12:16+0200,f372a1fc-a0b6-48c3-b979-dc927b00239d,2026-08-13T06:30:00Z,2026-08-13T08:30:00+0200,390.151,MW,NL,NL,actual_offshore_wind_generation,Wind Offshore | Actual Aggregated,2026-08-17T17:16:10Z
2026-08-17T17:12:16Z,2026-08-17T19:12:16+0200,f372a1fc-a0b6-48c3-b979-dc927b00239d,2026-08-13T06:30:00Z,2026-08-13T08:30:00+0200,0.963,MW,NL,NL,actual_offshore_wind_generation,Wind Offshore | Actual Consumption,2026-08-17T17:16:10Z
2026-08-17T17:12:16Z,2026-08-17T19:12:16+0200,f372a1fc-a0b6-48c3-b979-dc927b00239d,2026-08-13T06:45:00Z,2026-08-13T08:45:00+0200,369.482,MW,NL,NL,actual_offshore_wind_generation,Wind Offshore | Actual Aggregated,2026-08-17T17:16:10Z
2026-08-17T17:12:16Z,2026-08-17T19:12:16+0200,f372a1fc-a0b6-48c3-b979-dc927b00239d,2026-08-13T06:45:00Z,2026-08-13T08:45:00+0200,4.241,MW,NL,NL,actual_offshore_wind_generation,Wind Offshore | Actual Consumption,2026-08-17T17:16:10Z
2026-08-17T17:12:16Z,2026-08-17T19:12:16+0200,f372a1fc-a0b6-48c3-b979-dc927b00239d,2026-08-13T07:00:00Z,2026-08-13T09:00:00+0200,342.655,MW,NL,NL,actual_offshore_wind_generation,Wind Offshore | Actual Aggregated,2026-08-17T17:16:10Z
2026-08-17T17:12:16Z,2026-08-17T19:12:16+0200,f372a1fc-a0b6-48c3-b979-dc927b00239d,2026-08-13T07:00:00Z,2026-08-13T09:00:00+0200,3.86,MW,NL,NL,actual_offshore_wind_generation,Wind Offshore | Actual Consumption,2026-08-17T17:16:10Z
2026-08-17T17:12:16Z,2026-08-17T19:12:16+0200,f372a1fc-a0b6-48c3-b979-dc927b00239d,2026-08-13T07:15:00Z,2026-08-13T09:15:00+0200,316.596,MW,NL,NL,actual_offshore_wind_generation,Wind Offshore | Actual Aggregated,2026-08-17T17:16:10Z
2026-08-17T17:12:16Z,2026-08-17T19:12:16+0200,f372a1fc-a0b6-48c3-b979-dc927b00239d,2026-08-13T07:15:00Z,2026-08-13T09:15:00+0200,2.756,MW,NL,NL,actual_offshore_wind_generation,Wind Offshore | Actual Consumption,2026-08-17T17:16:10Z
2026-08-17T17:12:16Z,2026-08-17T19:12:16+0200,f372a1fc-a0b6-48c3-b979-dc927b00239d,2026-08-13T07:30:00Z,2026-08-13T09:30:00+0200,287.003,MW,NL,NL,actual_offshore_wind_generation,Wind Offshore | Actual Aggregated,2026-08-17T17:16:10Z
2026-08-17T17:12:16Z,2026-08-17T19:12:16+0200,f372a1fc-a0b6-48c3-b979-dc927b00239d,2026-08-13T07:30:00Z,2026-08-13T09:30:00+0200,2.425,MW,NL,NL,actual_offshore_wind_generation,Wind Offshore | Actual Consumption,2026-08-17T17:16:10Z
2026-08-17T17:12:16Z,2026-08-17T19:12:16+0200,f372a1fc-a0b6-48c3-b979-dc927b00239d,2026-08-13T07:45:00Z,2026-08-13T09:45:00+0200,266.916,MW,NL,NL,actual_offshore_wind_generation,Wind Offshore | Actual Aggregated,2026-08-17T17:16:10Z
2026-08-17T17:12:16Z,2026-08-17T19:12:16+0200,f372a1fc-a0b6-48c3-b979-dc927b00239d,2026-08-13T07:45:00Z,2026-08-13T09:45:00+0200,2.534,MW,NL,NL,actual_offshore_wind_generation,Wind Offshore | Actual Consumption,2026-08-17T17:16:10Z
2026-08-17T17:12:16Z,2026-08-17T19:12:16+0200,f372a1fc-a0b6-48c3-b979-dc927b00239d,2026-08-13T08:00:00Z,2026-08-13T10:00:00+0200,250.646,MW,NL,NL,actual_offshore_wind_generation,Wind Offshore | Actual Aggregated,2026-08-17T17:16:10Z
2026-08-17T17:12:16Z,2026-08-17T19:12:16+0200,f372a1fc-a0b6-48c3-b979-dc927b00239d,2026-08-13T08:00:00Z,2026-08-13T10:00:00+0200,2.752,MW,NL,NL,actual_offshore_wind_generation,Wind Offshore | Actual Consumption,2026-08-17T17:16:10Z
2026-08-17T17:12:16Z,2026-08-17T19:12:16+0200,f372a1fc-a0b6-48c3-b979-dc927b00239d,2026-08-13T08:15:00Z,2026-08-13T10:15:00+0200,235.299,MW,NL,NL,actual_offshore_wind_generation,Wind Offshore | Actual Aggregated,2026-08-17T17:16:10Z
2026-08-17T17:12:16Z,2026-08-17T19:12:16+0200,f372a1fc-a0b6-48c3-b979-dc927b00239d,2026-08-13T08:15:00Z,2026-08-13T10:15:00+0200,2.836,MW,NL,NL,actual_offshore_wind_generation,Wind Offshore | Actual Consumption,2026-08-17T17:16:10Z
2026-08-17T17:12:16Z,2026-08-17T19:12:16+0200,f372a1fc-a0b6-48c3-b979-dc927b00239d,2026-08-13T08:30:00Z,2026-08-13T10:30:00+0200,229.205,MW,NL,NL,actual_offshore_wind_generation,Wind Offshore | Actual Aggregated,2026-08-17T17:16:10Z
2026-08-17T17:12:16Z,2026-08-17T19:12:16+0200,f372a1fc-a0b6-48c3-b979-dc927b00239d,2026-08-13T08:30:00Z,2026-08-13T10:30:00+0200,1.385,MW,NL,NL,actual_offshore_wind_generation,Wind Offshore | Actual Consumption,2026-08-17T17:16:10Z
2026-08-17T17:12:16Z,2026-08-17T19:12:16+0200,f372a1fc-a0b6-48c3-b979-dc927b00239d,2026-08-13T08:45:00Z,2026-08-13T10:45:00+0200,224.573,MW,NL,NL,actual_offshore_wind_generation,Wind Offshore | Actual Aggregated,2026-08-17T17:16:10Z
2026-08-17T17:12:16Z,2026-08-17T19:12:16+0200,f372a1fc-a0b6-48c3-b979-dc927b00239d,2026-08-13T08:45:00Z,2026-08-13T10:45:00+0200,3.331,MW,NL,NL,actual_offshore_wind_generation,Wind Offshore | Actual Consumption,2026-08-17T17:16:10Z
2026-08-17T17:12:16Z,2026-08-17T19:12:16+0200,f372a1fc-a0b6-48c3-b979-dc927b00239d,2026-08-13T09:00:00Z,2026-08-13T11:00:00+0200,225.868,MW,NL,NL,actual_offshore_wind_generation,Wind Offshore | Actual Aggregated,2026-08-17T17:16:10Z
2026-08-17T17:12:16Z,2026-08-17T19:12:16+0200,f372a1fc-a0b6-48c3-b979-dc927b00239d,2026-08-13T09:00:00Z,2026-08-13T11:00:00+0200,5.203,MW,NL,NL,actual_offshore_wind_generation,Wind Offshore | Actual Consumption,2026-08-17T17:16:10Z
2026-08-17T17:12:16Z,2026-08-17T19:12:16+0200,f372a1fc-a0b6-48c3-b979-dc927b00239d,2026-08-13T09:15:00Z,2026-08-13T11:15:00+0200,214.983,MW,NL,NL,actual_offshore_wind_generation,Wind Offshore | Actual Aggregated,2026-08-17T17:16:10Z
2026-08-17T17:12:16Z,2026-08-17T19:12:16+0200,f372a1fc-a0b6-48c3-b979-dc927b00239d,2026-08-13T09:15:00Z,2026-08-13T11:15:00+0200,6.075,MW,NL,NL,actual_offshore_wind_generation,Wind Offshore | Actual Consumption,2026-08-17T17:16:10Z
2026-08-17T17:12:16Z,2026-08-17T19:12:16+0200,f372a1fc-a0b6-48c3-b979-dc927b00239d,2026-08-13T09:30:00Z,2026-08-13T11:30:00+0200,226.93,MW,NL,NL,actual_offshore_wind_generation,Wind Offshore | Actual Aggregated,2026-08-17T17:16:10Z
2026-08-17T17:12:16Z,2026-08-17T19:12:16+0200,f372a1fc-a0b6-48c3-b979-dc927b00239d,2026-08-13T09:30:00Z,2026-08-13T11:30:00+0200,6.662,MW,NL,NL,actual_offshore_wind_generation,Wind Offshore | Actual Consumption,2026-08-17T17:16:10Z
2026-08-17T17:12:16Z,2026-08-17T19:12:16+0200,f372a1fc-a0b6-48c3-b979-dc927b00239d,2026-08-13T09:45:00Z,2026-08-13T11:45:00+0200,189.896,MW,NL,NL,actual_offshore_wind_generation,Wind Offshore | Actual Aggregated,2026-08-17T17:16:10Z
2026-08-17T17:12:16Z,2026-08-17T19:12:16+0200,f372a1fc-a0b6-48c3-b979-dc927b00239d,2026-08-13T09:45:00Z,2026-08-13T11:45:00+0200,8.237,MW,NL,NL,actual_offshore_wind_generation,Wind Offshore | Actual Consumption,2026-08-17T17:16:10Z
2026-08-17T17:12:16Z,2026-08-17T19:12:16+0200,f372a1fc-a0b6-48c3-b979-dc927b00239d,2026-08-13T10:00:00Z,2026-08-13T12:00:00+0200,128.989,MW,NL,NL,actual_offshore_wind_generation,Wind Offshore | Actual Aggregated,2026-08-17T17:16:10Z
2026-08-17T17:12:16Z,2026-08-17T19:12:16+0200,f372a1fc-a0b6-48c3-b979-dc927b00239d,2026-08-13T10:00:00Z,2026-08-13T12:00:00+0200,7.859,MW,NL,NL,actual_offshore_wind_generation,Wind Offshore | Actual Consumption,2026-08-17T17:16:10Z
2026-08-17T17:12:16Z,2026-08-17T19:12:16+0200,f372a1fc-a0b6-48c3-b979-dc927b00239d,2026-08-13T10:15:00Z,2026-08-13T12:15:00+0200,93.757,MW,NL,NL,actual_offshore_wind_generation,Wind Offshore | Actual Aggregated,2026-08-17T17:16:10Z
2026-08-17T17:12:16Z,2026-08-17T19:12:16+0200,f372a1fc-a0b6-48c3-b979-dc927b00239d,2026-08-13T10:15:00Z,2026-08-13T12:15:00+0200,7.226,MW,NL,NL,actual_offshore_wind_generation,Wind Offshore | Actual Consumption,2026-08-17T17:16:10Z
2026-08-17T17:12:16Z,2026-08-17T19:12:16+0200,f372a1fc-a0b6-48c3-b979-dc927b00239d,2026-08-13T10:30:00Z,2026-08-13T12:30:00+0200,161.525,MW,NL,NL,actual_offshore_wind_generation,Wind Offshore | Actual Aggregated,2026-08-17T17:16:10Z
2026-08-17T17:12:16Z,2026-08-17T19:12:16+0200,f372a1fc-a0b6-48c3-b979-dc927b00239d,2026-08-13T10:30:00Z,2026-08-13T12:30:00+0200,6.15,MW,NL,NL,actual_offshore_wind_generation,Wind Offshore | Actual Consumption,2026-08-17T17:16:10Z
2026-08-17T17:12:16Z,2026-08-17T19:12:16+0200,f372a1fc-a0b6-48c3-b979-dc927b00239d,2026-08-13T10:45:00Z,2026-08-13T12:45:00+0200,124.944,MW,NL,NL,actual_offshore_wind_generation,Wind Offshore | Actual Aggregated,2026-08-17T17:16:10Z
2026-08-17T17:12:16Z,2026-08-17T19:12:16+0200,f372a1fc-a0b6-48c3-b979-dc927b00239d,2026-08-13T10:45:00Z,2026-08-13T12:45:00+0200,7.356,MW,NL,NL,actual_offshore_wind_generation,Wind Offshore | Actual Consumption,2026-08-17T17:16:10Z
2026-08-17T17:12:16Z,2026-08-17T19:12:16+0200,f372a1fc-a0b6-48c3-b979-dc927b00239d,2026-08-13T11:00:00Z,2026-08-13T13:00:00+0200,177.579,MW,NL,NL,actual_offshore_wind_generation,Wind Offshore | Actual Aggregated,2026-08-17T17:16:10Z
2026-08-17T17:12:16Z,2026-08-17T19:12:16+0200,f372a1fc-a0b6-48c3-b979-dc927b00239d,2026-08-13T11:00:00Z,2026-08-13T13:00:00+0200,7.583,MW,NL,NL,actual_offshore_wind_generation,Wind Offshore | Actual Consumption,2026-08-17T17:16:10Z
2026-08-17T17:12:16Z,2026-08-17T19:12:16+0200,f372a1fc-a0b6-48c3-b979-dc927b00239d,2026-08-13T11:15:00Z,2026-08-13T13:15:00+0200,209.272,MW,NL,NL,actual_offshore_wind_generation,Wind Offshore | Actual Aggregated,2026-08-17T17:16:10Z
2026-08-17T17:12:16Z,2026-08-17T19:12:16+0200,f372a1fc-a0b6-48c3-b979-dc927b00239d,2026-08-13T11:15:00Z,2026-08-13T13:15:00+0200,8.397,MW,NL,NL,actual_offshore_wind_generation,Wind Offshore | Actual Consumption,2026-08-17T17:16:10Z
2026-08-17T17:12:16Z,2026-08-17T19:12:16+0200,f372a1fc-a0b6-48c3-b979-dc927b00239d,2026-08-13T11:30:00Z,2026-08-13T13:30:00+0200,239.961,MW,NL,NL,actual_offshore_wind_generation,Wind Offshore | Actual Aggregated,2026-08-17T17:16:10Z
2026-08-17T17:12:16Z,2026-08-17T19:12:16+0200,f372a1fc-a0b6-48c3-b979-dc927b00239d,2026-08-13T11:30:00Z,2026-08-13T13:30:00+0200,8.112,MW,NL,NL,actual_offshore_wind_generation,Wind Offshore | Actual Consumption,2026-08-17T17:16:10Z
2026-08-17T17:12:16Z,2026-08-17T19:12:16+0200,f372a1fc-a0b6-48c3-b979-dc927b00239d,2026-08-13T11:45:00Z,2026-08-13T13:45:00+0200,197.976,MW,NL,NL,actual_offshore_wind_generation,Wind Offshore | Actual Aggregated,2026-08-17T17:16:10Z
2026-08-17T17:12:16Z,2026-08-17T19:12:16+0200,f372a1fc-a0b6-48c3-b979-dc927b00239d,2026-08-13T11:45:00Z,2026-08-13T13:45:00+0200,8.575,MW,NL,NL,actual_offshore_wind_generation,Wind Offshore | Actual Consumption,2026-08-17T17:16:10Z
2026-08-17T17:12:16Z,2026-08-17T19:12:16+0200,f372a1fc-a0b6-48c3-b979-dc927b00239d,2026-08-13T12:00:00Z,2026-08-13T14:00:00+0200,235.0,MW,NL,NL,actual_offshore_wind_generation,Wind Offshore | Actual Aggregated,2026-08-17T17:16:10Z
2026-08-17T17:12:16Z,2026-08-17T19:12:16+0200,f372a1fc-a0b6-48c3-b979-dc927b00239d,2026-08-13T12:00:00Z,2026-08-13T14:00:00+0200,10.286,MW,NL,NL,actual_offshore_wind_generation,Wind Offshore | Actual Consumption,2026-08-17T17:16:10Z
2026-08-17T17:12:16Z,2026-08-17T19:12:16+0200,f372a1fc-a0b6-48c3-b979-dc927b00239d,2026-08-13T12:15:00Z,2026-08-13T14:15:00+0200,225.021,MW,NL,NL,actual_offshore_wind_generation,Wind Offshore | Actual Aggregated,2026-08-17T17:16:10Z
2026-08-17T17:12:16Z,2026-08-17T19:12:16+0200,f372a1fc-a0b6-48c3-b979-dc927b00239d,2026-08-13T12:15:00Z,2026-08-13T14:15:00+0200,13.408,MW,NL,NL,actual_offshore_wind_generation,Wind Offshore | Actual Consumption,2026-08-17T17:16:10Z
2026-08-17T17:12:16Z,2026-08-17T19:12:16+0200,f372a1fc-a0b6-48c3-b979-dc927b00239d,2026-08-13T12:30:00Z,2026-08-13T14:30:00+0200,248.438,MW,NL,NL,actual_offshore_wind_generation,Wind Offshore | Actual Aggregated,2026-08-17T17:16:10Z
2026-08-17T17:12:16Z,2026-08-17T19:12:16+0200,f372a1fc-a0b6-48c3-b979-dc927b00239d,2026-08-13T12:30:00Z,2026-08-13T14:30:00+0200,13.676,MW,NL,NL,actual_offshore_wind_generation,Wind Offshore | Actual Consumption,2026-08-17T17:16:10Z
2026-08-17T17:12:16Z,2026-08-17T19:12:16+0200,f372a1fc-a0b6-48c3-b979-dc927b00239d,2026-08-13T12:45:00Z,2026-08-13T14:45:00+0200,272.82,MW,NL,NL,actual_offshore_wind_generation,Wind Offshore | Actual Aggregated,2026-08-17T17:16:10Z
2026-08-17T17:12:16Z,2026-08-17T19:12:16+0200,f372a1fc-a0b6-48c3-b979-dc927b00239d,2026-08-13T12:45:00Z,2026-08-13T14:45:00+0200,12.555,MW,NL,NL,actual_offshore_wind_generation,Wind Offshore | Actual Consumption,2026-08-17T17:16:10Z
2026-08-17T17:12:16Z,2026-08-17T19:12:16+0200,f372a1fc-a0b6-48c3-b979-dc927b00239d,2026-08-13T13:00:00Z,2026-08-13T15:00:00+0200,243.019,MW,NL,NL,actual_offshore_wind_generation,Wind Offshore | Actual Aggregated,2026-08-17T17:16:10Z
2026-08-17T17:12:16Z,2026-08-17T19:12:16+0200,f372a1fc-a0b6-48c3-b979-dc927b00239d,2026-08-13T13:00:00Z,2026-08-13T15:00:00+0200,12.982,MW,NL,NL,actual_offshore_wind_generation,Wind Offshore | Actual Consumption,2026-08-17T17:16:10Z
2026-08-17T17:12:16Z,2026-08-17T19:12:16+0200,f372a1fc-a0b6-48c3-b979-dc927b00239d,2026-08-13T13:15:00Z,2026-08-13T15:15:00+0200,277.251,MW,NL,NL,actual_offshore_wind_generation,Wind Offshore | Actual Aggregated,2026-08-17T17:16:10Z
2026-08-17T17:12:16Z,2026-08-17T19:12:16+0200,f372a1fc-a0b6-48c3-b979-dc927b00239d,2026-08-13T13:15:00Z,2026-08-13T15:15:00+0200,13.142,MW,NL,NL,actual_offshore_wind_generation,Wind Offshore | Actual Consumption,2026-08-17T17:16:10Z
2026-08-17T17:12:16Z,2026-08-17T19:12:16+0200,f372a1fc-a0b6-48c3-b979-dc927b00239d,2026-08-13T13:30:00Z,2026-08-13T15:30:00+0200,257.853,MW,NL,NL,actual_offshore_wind_generation,Wind Offshore | Actual Aggregated,2026-08-17T17:16:10Z
2026-08-17T17:12:16Z,2026-08-17T19:12:16+0200,f372a1fc-a0b6-48c3-b979-dc927b00239d,2026-08-13T13:30:00Z,2026-08-13T15:30:00+0200,11.403,MW,NL,NL,actual_offshore_wind_generation,Wind Offshore | Actual Consumption,2026-08-17T17:16:10Z
2026-08-17T17:12:16Z,2026-08-17T19:12:16+0200,f372a1fc-a0b6-48c3-b979-dc927b00239d,2026-08-13T13:45:00Z,2026-08-13T15:45:00+0200,240.06,MW,NL,NL,actual_offshore_wind_generation,Wind Offshore | Actual Aggregated,2026-08-17T17:16:10Z
2026-08-17T17:12:16Z,2026-08-17T19:12:16+0200,f372a1fc-a0b6-48c3-b979-dc927b00239d,2026-08-13T13:45:00Z,2026-08-13T15:45:00+0200,9.799,MW,NL,NL,actual_offshore_wind_generation,Wind Offshore | Actual Consumption,2026-08-17T17:16:10Z
2026-08-17T17:12:16Z,2026-08-17T19:12:16+0200,f372a1fc-a0b6-48c3-b979-dc927b00239d,2026-08-13T14:00:00Z,2026-08-13T16:00:00+0200,194.299,MW,NL,NL,actual_offshore_wind_generation,Wind Offshore | Actual Aggregated,2026-08-17T17:16:10Z
2026-08-17T17:12:16Z,2026-08-17T19:12:16+0200,f372a1fc-a0b6-48c3-b979-dc927b00239d,2026-08-13T14:00:00Z,2026-08-13T16:00:00+0200,9.081,MW,NL,NL,actual_offshore_wind_generation,Wind Offshore | Actual Consumption,2026-08-17T17:16:10Z
2026-08-17T17:12:16Z,2026-08-17T19:12:16+0200,f372a1fc-a0b6-48c3-b979-dc927b00239d,2026-08-13T14:15:00Z,2026-08-13T16:15:00+0200,174.752,MW,NL,NL,actual_offshore_wind_generation,Wind Offshore | Actual Aggregated,2026-08-17T17:16:10Z
2026-08-17T17:12:16Z,2026-08-17T19:12:16+0200,f372a1fc-a0b6-48c3-b979-dc927b00239d,2026-08-13T14:15:00Z,2026-08-13T16:15:00+0200,11.445,MW,NL,NL,actual_offshore_wind_generation,Wind Offshore | Actual Consumption,2026-08-17T17:16:10Z
2026-08-17T17:12:16Z,2026-08-17T19:12:16+0200,f372a1fc-a0b6-48c3-b979-dc927b00239d,2026-08-13T14:30:00Z,2026-08-13T16:30:00+0200,151.712,MW,NL,NL,actual_offshore_wind_generation,Wind Offshore | Actual Aggregated,2026-08-17T17:16:10Z
2026-08-17T17:12:16Z,2026-08-17T19:12:16+0200,f372a1fc-a0b6-48c3-b979-dc927b00239d,2026-08-13T14:30:00Z,2026-08-13T16:30:00+0200,13.951,MW,NL,NL,actual_offshore_wind_generation,Wind Offshore | Actual Consumption,2026-08-17T17:16:10Z
2026-08-17T17:12:16Z,2026-08-17T19:12:16+0200,f372a1fc-a0b6-48c3-b979-dc927b00239d,2026-08-13T14:45:00Z,2026-08-13T16:45:00+0200,148.244,MW,NL,NL,actual_offshore_wind_generation,Wind Offshore | Actual Aggregated,2026-08-17T17:16:10Z
2026-08-17T17:12:16Z,2026-08-17T19:12:16+0200,f372a1fc-a0b6-48c3-b979-dc927b00239d,2026-08-13T14:45:00Z,2026-08-13T16:45:00+0200,20.032,MW,NL,NL,actual_offshore_wind_generation,Wind Offshore | Actual Consumption,2026-08-17T17:16:10Z
2026-08-17T17:12:16Z,2026-08-17T19:12:16+0200,f372a1fc-a0b6-48c3-b979-dc927b00239d,2026-08-13T15:00:00Z,2026-08-13T17:00:00+0200,127.283,MW,NL,NL,actual_offshore_wind_generation,Wind Offshore | Actual Aggregated,2026-08-17T17:16:10Z
2026-08-17T17:12:16Z,2026-08-17T19:12:16+0200,f372a1fc-a0b6-48c3-b979-dc927b00239d,2026-08-13T15:00:00Z,2026-08-13T17:00:00+0200,20.461,MW,NL,NL,actual_offshore_wind_generation,Wind Offshore | Actual Consumption,2026-08-17T17:16:10Z
2026-08-17T17:12:16Z,2026-08-17T19:12:16+0200,f372a1fc-a0b6-48c3-b979-dc927b00239d,2026-08-13T15:15:00Z,2026-08-13T17:15:00+0200,107.749,MW,NL,NL,actual_offshore_wind_generation,Wind Offshore | Actual Aggregated,2026-08-17T17:16:10Z
2026-08-17T17:12:16Z,2026-08-17T19:12:16+0200,f372a1fc-a0b6-48c3-b979-dc927b00239d,2026-08-13T15:15:00Z,2026-08-13T17:15:00+0200,22.602,MW,NL,NL,actual_offshore_wind_generation,Wind Offshore | Actual Consumption,2026-08-17T17:16:10Z
2026-08-17T17:12:16Z,2026-08-17T19:12:16+0200,f372a1fc-a0b6-48c3-b979-dc927b00239d,2026-08-13T15:30:00Z,2026-08-13T17:30:00+0200,84.298,MW,NL,NL,actual_offshore_wind_generation,Wind Offshore | Actual Aggregated,2026-08-17T17:16:10Z
2026-08-17T17:12:16Z,2026-08-17T19:12:16+0200,f372a1fc-a0b6-48c3-b979-dc927b00239d,2026-08-13T15:30:00Z,2026-08-13T17:30:00+0200,24.283,MW,NL,NL,actual_offshore_wind_generation,Wind Offshore | Actual Consumption,2026-08-17T17:16:10Z
2026-08-17T17:12:16Z,2026-08-17T19:12:16+0200,f372a1fc-a0b6-48c3-b979-dc927b00239d,2026-08-13T15:45:00Z,2026-08-13T17:45:00+0200,74.922,MW,NL,NL,actual_offshore_wind_generation,Wind Offshore | Actual Aggregated,2026-08-17T17:16:10Z
2026-08-17T17:12:16Z,2026-08-17T19:12:16+0200,f372a1fc-a0b6-48c3-b979-dc927b00239d,2026-08-13T15:45:00Z,2026-08-13T17:45:00+0200,26.345,MW,NL,NL,actual_offshore_wind_generation,Wind Offshore | Actual Consumption,2026-08-17T17:16:10Z
2026-08-17T17:12:16Z,2026-08-17T19:12:16+0200,f372a1fc-a0b6-48c3-b979-dc927b00239d,2026-08-13T16:00:00Z,2026-08-13T18:00:00+0200,65.367,MW,NL,NL,actual_offshore_wind_generation,Wind Offshore | Actual Aggregated,2026-08-17T17:16:10Z
2026-08-17T17:12:16Z,2026-08-17T19:12:16+0200,f372a1fc-a0b6-48c3-b979-dc927b00239d,2026-08-13T16:00:00Z,2026-08-13T18:00:00+0200,25.771,MW,NL,NL,actual_offshore_wind_generation,Wind Offshore | Actual Consumption,2026-08-17T17:16:10Z
2026-08-17T17:12:16Z,2026-08-17T19:12:16+0200,f372a1fc-a0b6-48c3-b979-dc927b00239d,2026-08-13T16:15:00Z,2026-08-13T18:15:00+0200,63.127,MW,NL,NL,actual_offshore_wind_generation,Wind Offshore | Actual Aggregated,2026-08-17T17:16:10Z
2026-08-17T17:12:16Z,2026-08-17T19:12:16+0200,f372a1fc-a0b6-48c3-b979-dc927b00239d,2026-08-13T16:15:00Z,2026-08-13T18:15:00+0200,24.331,MW,NL,NL,actual_offshore_wind_generation,Wind Offshore | Actual Consumption,2026-08-17T17:16:10Z
2026-08-17T17:12:16Z,2026-08-17T19:12:16+0200,f372a1fc-a0b6-48c3-b979-dc927b00239d,2026-08-13T16:30:00Z,2026-08-13T18:30:00+0200,53.781,MW,NL,NL,actual_offshore_wind_generation,Wind Offshore | Actual Aggregated,2026-08-17T17:16:10Z
2026-08-17T17:12:16Z,2026-08-17T19:12:16+0200,f372a1fc-a0b6-48c3-b979-dc927b00239d,2026-08-13T16:30:00Z,2026-08-13T18:30:00+0200,23.162,MW,NL,NL,actual_offshore_wind_generation,Wind Offshore | Actual Consumption,2026-08-17T17:16:10Z
2026-08-17T17:12:16Z,2026-08-17T19:12:16+0200,f372a1fc-a0b6-48c3-b979-dc927b00239d,2026-08-13T16:45:00Z,2026-08-13T18:45:00+0200,56.399,MW,NL,NL,actual_offshore_wind_generation,Wind Offshore | Actual Aggregated,2026-08-17T17:16:10Z
2026-08-17T17:12:16Z,2026-08-17T19:12:16+0200,f372a1fc-a0b6-48c3-b979-dc927b00239d,2026-08-13T16:45:00Z,2026-08-13T18:45:00+0200,21.693,MW,NL,NL,actual_offshore_wind_generation,Wind Offshore | Actual Consumption,2026-08-17T17:16:10Z
2026-08-17T17:12:16Z,2026-08-17T19:12:16+0200,f372a1fc-a0b6-48c3-b979-dc927b00239d,2026-08-13T17:00:00Z,2026-08-13T19:00:00+0200,56.992,MW,NL,NL,actual_offshore_wind_generation,Wind Offshore | Actual Aggregated,2026-08-17T17:16:10Z
2026-08-17T17:12:16Z,2026-08-17T19:12:16+0200,f372a1fc-a0b6-48c3-b979-dc927b00239d,2026-08-13T17:00:00Z,2026-08-13T19:00:00+0200,20.553,MW,NL,NL,actual_offshore_wind_generation,Wind Offshore | Actual Consumption,2026-08-17T17:16:10Z
2026-08-17T17:12:16Z,2026-08-17T19:12:16+0200,f372a1fc-a0b6-48c3-b979-dc927b00239d,2026-08-13T17:15:00Z,2026-08-13T19:15:00+0200,62.275,MW,NL,NL,actual_offshore_wind_generation,Wind Offshore | Actual Aggregated,2026-08-17T17:16:10Z
2026-08-17T17:12:16Z,2026-08-17T19:12:16+0200,f372a1fc-a0b6-48c3-b979-dc927b00239d,2026-08-13T17:15:00Z,2026-08-13T19:15:00+0200,16.183,MW,NL,NL,actual_offshore_wind_generation,Wind Offshore | Actual Consumption,2026-08-17T17:16:10Z
2026-08-17T17:12:16Z,2026-08-17T19:12:16+0200,f372a1fc-a0b6-48c3-b979-dc927b00239d,2026-08-13T17:30:00Z,2026-08-13T19:30:00+0200,83.178,MW,NL,NL,actual_offshore_wind_generation,Wind Offshore | Actual Aggregated,2026-08-17T17:16:10Z
2026-08-17T17:12:16Z,2026-08-17T19:12:16+0200,f372a1fc-a0b6-48c3-b979-dc927b00239d,2026-08-13T17:30:00Z,2026-08-13T19:30:00+0200,13.044,MW,NL,NL,actual_offshore_wind_generation,Wind Offshore | Actual Consumption,2026-08-17T17:16:10Z
2026-08-17T17:12:16Z,2026-08-17T19:12:16+0200,f372a1fc-a0b6-48c3-b979-dc927b00239d,2026-08-13T17:45:00Z,2026-08-13T19:45:00+0200,97.693,MW,NL,NL,actual_offshore_wind_generation,Wind Offshore | Actual Aggregated,2026-08-17T17:16:10Z
2026-08-17T17:12:16Z,2026-08-17T19:12:16+0200,f372a1fc-a0b6-48c3-b979-dc927b00239d,2026-08-13T17:45:00Z,2026-08-13T19:45:00+0200,11.239,MW,NL,NL,actual_offshore_wind_generation,Wind Offshore | Actual Consumption,2026-08-17T17:16:10Z
2026-08-17T17:12:16Z,2026-08-17T19:12:16+0200,f372a1fc-a0b6-48c3-b979-dc927b00239d,2026-08-13T18:00:00Z,2026-08-13T20:00:00+0200,111.338,MW,NL,NL,actual_offshore_wind_generation,Wind Offshore | Actual Aggregated,2026-08-17T17:16:10Z
2026-08-17T17:12:16Z,2026-08-17T19:12:16+0200,f372a1fc-a0b6-48c3-b979-dc927b00239d,2026-08-13T18:00:00Z,2026-08-13T20:00:00+0200,11.493,MW,NL,NL,actual_offshore_wind_generation,Wind Offshore | Actual Consumption,2026-08-17T17:16:10Z
2026-08-17T17:12:16Z,2026-08-17T19:12:16+0200,f372a1fc-a0b6-48c3-b979-dc927b00239d,2026-08-13T18:15:00Z,2026-08-13T20:15:00+0200,122.216,MW,NL,NL,actual_offshore_wind_generation,Wind Offshore | Actual Aggregated,2026-08-17T17:16:10Z
2026-08-17T17:12:16Z,2026-08-17T19:12:16+0200,f372a1fc-a0b6-48c3-b979-dc927b00239d,2026-08-13T18:15:00Z,2026-08-13T20:15:00+0200,9.358,MW,NL,NL,actual_offshore_wind_generation,Wind Offshore | Actual Consumption,2026-08-17T17:16:10Z
2026-08-17T17:12:16Z,2026-08-17T19:12:16+0200,f372a1fc-a0b6-48c3-b979-dc927b00239d,2026-08-13T18:30:00Z,2026-08-13T20:30:00+0200,120.987,MW,NL,NL,actual_offshore_wind_generation,Wind Offshore | Actual Aggregated,2026-08-17T17:16:10Z
2026-08-17T17:12:16Z,2026-08-17T19:12:16+0200,f372a1fc-a0b6-48c3-b979-dc927b00239d,2026-08-13T18:30:00Z,2026-08-13T20:30:00+0200,10.509,MW,NL,NL,actual_offshore_wind_generation,Wind Offshore | Actual Consumption,2026-08-17T17:16:10Z
2026-08-17T17:12:16Z,2026-08-17T19:12:16+0200,f372a1fc-a0b6-48c3-b979-dc927b00239d,2026-08-13T18:45:00Z,2026-08-13T20:45:00+0200,123.506,MW,NL,NL,actual_offshore_wind_generation,Wind Offshore | Actual Aggregated,2026-08-17T17:16:10Z
2026-08-17T17:12:16Z,2026-08-17T19:12:16+0200,f372a1fc-a0b6-48c3-b979-dc927b00239d,2026-08-13T18:45:00Z,2026-08-13T20:45:00+0200,12.356,MW,NL,NL,actual_offshore_wind_generation,Wind Offshore | Actual Consumption,2026-08-17T17:16:10Z
2026-08-17T17:12:16Z,2026-08-17T19:12:16+0200,f372a1fc-a0b6-48c3-b979-dc927b00239d,2026-08-13T19:00:00Z,2026-08-13T21:00:00+0200,137.699,MW,NL,NL,actual_offshore_wind_generation,Wind Offshore | Actual Aggregated,2026-08-17T17:16:10Z
2026-08-17T17:12:16Z,2026-08-17T19:12:16+0200,f372a1fc-a0b6-48c3-b979-dc927b00239d,2026-08-13T19:00:00Z,2026-08-13T21:00:00+0200,12.968,MW,NL,NL,actual_offshore_wind_generation,Wind Offshore | Actual Consumption,2026-08-17T17:16:10Z
2026-08-17T17:12:16Z,2026-08-17T19:12:16+0200,f372a1fc-a0b6-48c3-b979-dc927b00239d,2026-08-13T19:15:00Z,2026-08-13T21:15:00+0200,153.433,MW,NL,NL,actual_offshore_wind_generation,Wind Offshore | Actual Aggregated,2026-08-17T17:16:10Z
2026-08-17T17:12:16Z,2026-08-17T19:12:16+0200,f372a1fc-a0b6-48c3-b979-dc927b00239d,2026-08-13T19:15:00Z,2026-08-13T21:15:00+0200,11.392,MW,NL,NL,actual_offshore_wind_generation,Wind Offshore | Actual Consumption,2026-08-17T17:16:10Z
2026-08-17T17:12:16Z,2026-08-17T19:12:16+0200,f372a1fc-a0b6-48c3-b979-dc927b00239d,2026-08-13T19:30:00Z,2026-08-13T21:30:00+0200,166.131,MW,NL,NL,actual_offshore_wind_generation,Wind Offshore | Actual Aggregated,2026-08-17T17:16:10Z
2026-08-17T17:12:16Z,2026-08-17T19:12:16+0200,f372a1fc-a0b6-48c3-b979-dc927b00239d,2026-08-13T19:30:00Z,2026-08-13T21:30:00+0200,11.472,MW,NL,NL,actual_offshore_wind_generation,Wind Offshore | Actual Consumption,2026-08-17T17:16:10Z
2026-08-17T17:12:16Z,2026-08-17T19:12:16+0200,f372a1fc-a0b6-48c3-b979-dc927b00239d,2026-08-13T19:45:00Z,2026-08-13T21:45:00+0200,162.859,MW,NL,NL,actual_offshore_wind_generation,Wind Offshore | Actual Aggregated,2026-08-17T17:16:10Z
2026-08-17T17:12:16Z,2026-08-17T19:12:16+0200,f372a1fc-a0b6-48c3-b979-dc927b00239d,2026-08-13T19:45:00Z,2026-08-13T21:45:00+0200,14.608,MW,NL,NL,actual_offshore_wind_generation,Wind Offshore | Actual Consumption,2026-08-17T17:16:10Z
2026-08-17T17:12:16Z,2026-08-17T19:12:16+0200,f372a1fc-a0b6-48c3-b979-dc927b00239d,2026-08-13T20:00:00Z,2026-08-13T22:00:00+0200,193.864,MW,NL,NL,actual_offshore_wind_generation,Wind Offshore | Actual Aggregated,2026-08-17T17:16:10Z
2026-08-17T17:12:16Z,2026-08-17T19:12:16+0200,f372a1fc-a0b6-48c3-b979-dc927b00239d,2026-08-13T20:00:00Z,2026-08-13T22:00:00+0200,11.119,MW,NL,NL,actual_offshore_wind_generation,Wind Offshore | Actual Consumption,2026-08-17T17:16:10Z
2026-08-17T17:12:16Z,2026-08-17T19:12:16+0200,f372a1fc-a0b6-48c3-b979-dc927b00239d,2026-08-13T20:15:00Z,2026-08-13T22:15:00+0200,200.54,MW,NL,NL,actual_offshore_wind_generation,Wind Offshore | Actual Aggregated,2026-08-17T17:16:10Z
2026-08-17T17:12:16Z,2026-08-17T19:12:16+0200,f372a1fc-a0b6-48c3-b979-dc927b00239d,2026-08-13T20:15:00Z,2026-08-13T22:15:00+0200,14.031,MW,NL,NL,actual_offshore_wind_generation,Wind Offshore | Actual Consumption,2026-08-17T17:16:10Z
2026-08-17T17:12:16Z,2026-08-17T19:12:16+0200,f372a1fc-a0b6-48c3-b979-dc927b00239d,2026-08-13T20:30:00Z,2026-08-13T22:30:00+0200,214.619,MW,NL,NL,actual_offshore_wind_generation,Wind Offshore | Actual Aggregated,2026-08-17T17:16:10Z
2026-08-17T17:12:16Z,2026-08-17T19:12:16+0200,f372a1fc-a0b6-48c3-b979-dc927b00239d,2026-08-13T20:30:00Z,2026-08-13T22:30:00+0200,14.874,MW,NL,NL,actual_offshore_wind_generation,Wind Offshore | Actual Consumption,2026-08-17T17:16:10Z
2026-08-17T17:12:16Z,2026-08-17T19:12:16+0200,f372a1fc-a0b6-48c3-b979-dc927b00239d,2026-08-13T20:45:00Z,2026-08-13T22:45:00+0200,247.72,MW,NL,NL,actual_offshore_wind_generation,Wind Offshore | Actual Aggregated,2026-08-17T17:16:10Z
2026-08-17T17:12:16Z,2026-08-17T19:12:16+0200,f372a1fc-a0b6-48c3-b979-dc927b00239d,2026-08-13T20:45:00Z,2026-08-13T22:45:00+0200,13.503,MW,NL,NL,actual_offshore_wind_generation,Wind Offshore | Actual Consumption,2026-08-17T17:16:10Z
2026-08-17T17:12:16Z,2026-08-17T19:12:16+0200,f372a1fc-a0b6-48c3-b979-dc927b00239d,2026-08-13T21:00:00Z,2026-08-13T23:00:00+0200,276.244,MW,NL,NL,actual_offshore_wind_generation,Wind Offshore | Actual Aggregated,2026-08-17T17:16:10Z
2026-08-17T17:12:16Z,2026-08-17T19:12:16+0200,f372a1fc-a0b6-48c3-b979-dc927b00239d,2026-08-13T21:00:00Z,2026-08-13T23:00:00+0200,12.76,MW,NL,NL,actual_offshore_wind_generation,Wind Offshore | Actual Consumption,2026-08-17T17:16:10Z
2026-08-17T17:12:16Z,2026-08-17T19:12:16+0200,f372a1fc-a0b6-48c3-b979-dc927b00239d,2026-08-13T21:15:00Z,2026-08-13T23:15:00+0200,317.234,MW,NL,NL,actual_offshore_wind_generation,Wind Offshore | Actual Aggregated,2026-08-17T17:16:10Z
2026-08-17T17:12:16Z,2026-08-17T19:12:16+0200,f372a1fc-a0b6-48c3-b979-dc927b00239d,2026-08-13T21:15:00Z,2026-08-13T23:15:00+0200,12.992,MW,NL,NL,actual_offshore_wind_generation,Wind Offshore | Actual Consumption,2026-08-17T17:16:10Z
2026-08-17T17:12:16Z,2026-08-17T19:12:16+0200,f372a1fc-a0b6-48c3-b979-dc927b00239d,2026-08-13T21:30:00Z,2026-08-13T23:30:00+0200,348.764,MW,NL,NL,actual_offshore_wind_generation,Wind Offshore | Actual Aggregated,2026-08-17T17:16:10Z
2026-08-17T17:12:16Z,2026-08-17T19:12:16+0200,f372a1fc-a0b6-48c3-b979-dc927b00239d,2026-08-13T21:30:00Z,2026-08-13T23:30:00+0200,13.071,MW,NL,NL,actual_offshore_wind_generation,Wind Offshore | Actual Consumption,2026-08-17T17:16:10Z
2026-08-17T17:12:16Z,2026-08-17T19:12:16+0200,f372a1fc-a0b6-48c3-b979-dc927b00239d,2026-08-13T21:45:00Z,2026-08-13T23:45:00+0200,351.336,MW,NL,NL,actual_offshore_wind_generation,Wind Offshore | Actual Aggregated,2026-08-17T17:16:10Z
2026-08-17T17:12:16Z,2026-08-17T19:12:16+0200,f372a1fc-a0b6-48c3-b979-dc927b00239d,2026-08-13T21:45:00Z,2026-08-13T23:45:00+0200,14.01,MW,NL,NL,actual_offshore_wind_generation,Wind Offshore | Actual Consumption,2026-08-17T17:16:10Z
2026-08-17T17:12:16Z,2026-08-17T19:12:16+0200,f372a1fc-a0b6-48c3-b979-dc927b00239d,2026-08-13T22:00:00Z,2026-08-14T00:00:00+0200,334.849,MW,NL,NL,actual_offshore_wind_generation,Wind Offshore | Actual Aggregated,2026-08-17T17:16:10Z
2026-08-17T17:12:16Z,2026-08-17T19:12:16+0200,f372a1fc-a0b6-48c3-b979-dc927b00239d,2026-08-13T22:00:00Z,2026-08-14T00:00:00+0200,11.608,MW,NL,NL,actual_offshore_wind_generation,Wind Offshore | Actual Consumption,2026-08-17T17:16:10Z
2026-08-17T17:12:16Z,2026-08-17T19:12:16+0200,f372a1fc-a0b6-48c3-b979-dc927b00239d,2026-08-13T22:15:00Z,2026-08-14T00:15:00+0200,282.93,MW,NL,NL,actual_offshore_wind_generation,Wind Offshore | Actual Aggregated,2026-08-17T17:16:10Z
2026-08-17T17:12:16Z,2026-08-17T19:12:16+0200,f372a1fc-a0b6-48c3-b979-dc927b00239d,2026-08-13T22:15:00Z,2026-08-14T00:15:00+0200,10.426,MW,NL,NL,actual_offshore_wind_generation,Wind Offshore | Actual Consumption,2026-08-17T17:16:10Z
2026-08-17T17:12:16Z,2026-08-17T19:12:16+0200,f372a1fc-a0b6-48c3-b979-dc927b00239d,2026-08-13T22:30:00Z,2026-08-14T00:30:00+0200,251.444,MW,NL,NL,actual_offshore_wind_generation,Wind Offshore | Actual Aggregated,2026-08-17T17:16:10Z
2026-08-17T17:12:16Z,2026-08-17T19:12:16+0200,f372a1fc-a0b6-48c3-b979-dc927b00239d,2026-08-13T22:30:00Z,2026-08-14T00:30:00+0200,10.464,MW,NL,NL,actual_offshore_wind_generation,Wind Offshore | Actual Consumption,2026-08-17T17:16:10Z
2026-08-17T17:12:16Z,2026-08-17T19:12:16+0200,f372a1fc-a0b6-48c3-b979-dc927b00239d,2026-08-13T22:45:00Z,2026-08-14T00:45:00+0200,234.789,MW,NL,NL,actual_offshore_wind_generation,Wind Offshore | Actual Aggregated,2026-08-17T17:16:10Z
2026-08-17T17:12:16Z,2026-08-17T19:12:16+0200,f372a1fc-a0b6-48c3-b979-dc927b00239d,2026-08-13T22:45:00Z,2026-08-14T00:45:00+0200,11.814,MW,NL,NL,actual_offshore_wind_generation,Wind Offshore | Actual Consumption,2026-08-17T17:16:10Z
2026-08-17T17:12:16Z,2026-08-17T19:12:16+0200,f372a1fc-a0b6-48c3-b979-dc927b00239d,2026-08-13T23:00:00Z,2026-08-14T01:00:00+0200,224.669,MW,NL,NL,actual_offshore_wind_generation,Wind Offshore | Actual Aggregated,2026-08-17T17:16:10Z
2026-08-17T17:12:16Z,2026-08-17T19:12:16+0200,f372a1fc-a0b6-48c3-b979-dc927b00239d,2026-08-13T23:00:00Z,2026-08-14T01:00:00+0200,13.422,MW,NL,NL,actual_offshore_wind_generation,Wind Offshore | Actual Consumption,2026-08-17T17:16:10Z
2026-08-17T17:12:16Z,2026-08-17T19:12:16+0200,f372a1fc-a0b6-48c3-b979-dc927b00239d,2026-08-13T23:15:00Z,2026-08-14T01:15:00+0200,238.816,MW,NL,NL,actual_offshore_wind_generation,Wind Offshore | Actual Aggregated,2026-08-17T17:16:10Z
2026-08-17T17:12:16Z,2026-08-17T19:12:16+0200,f372a1fc-a0b6-48c3-b979-dc927b00239d,2026-08-13T23:15:00Z,2026-08-14T01:15:00+0200,12.605,MW,NL,NL,actual_offshore_wind_generation,Wind Offshore | Actual Consumption,2026-08-17T17:16:10Z
2026-08-17T17:12:16Z,2026-08-17T19:12:16+0200,f372a1fc-a0b6-48c3-b979-dc927b00239d,2026-08-13T23:30:00Z,2026-08-14T01:30:00+0200,257.622,MW,NL,NL,actual_offshore_wind_generation,Wind Offshore | Actual Aggregated,2026-08-17T17:16:10Z
2026-08-17T17:12:16Z,2026-08-17T19:12:16+0200,f372a1fc-a0b6-48c3-b979-dc927b00239d,2026-08-13T23:30:00Z,2026-08-14T01:30:00+0200,12.936,MW,NL,NL,actual_offshore_wind_generation,Wind Offshore | Actual Consumption,2026-08-17T17:16:10Z
2026-08-17T17:12:16Z,2026-08-17T19:12:16+0200,f372a1fc-a0b6-48c3-b979-dc927b00239d,2026-08-13T23:45:00Z,2026-08-14T01:45:00+0200,265.242,MW,NL,NL,actual_offshore_wind_generation,Wind Offshore | Actual Aggregated,2026-08-17T17:16:10Z
2026-08-17T17:12:16Z,2026-08-17T19:12:16+0200,f372a1fc-a0b6-48c3-b979-dc927b00239d,2026-08-13T23:45:00Z,2026-08-14T01:45:00+0200,8.256,MW,NL,NL,actual_offshore_wind_generation,Wind Offshore | Actual Consumption,2026-08-17T17:16:10Z
2026-08-17T17:12:16Z,2026-08-17T19:12:16+0200,f372a1fc-a0b6-48c3-b979-dc927b00239d,2026-08-14T00:00:00Z,2026-08-14T02:00:00+0200,277.87,MW,NL,NL,actual_offshore_wind_generation,Wind Offshore | Actual Aggregated,2026-08-17T17:16:10Z
2026-08-17T17:12:16Z,2026-08-17T19:12:16+0200,f372a1fc-a0b6-48c3-b979-dc927b00239d,2026-08-14T00:00:00Z,2026-08-14T02:00:00+0200,8.902,MW,NL,NL,actual_offshore_wind_generation,Wind Offshore | Actual Consumption,2026-08-17T17:16:10Z
2026-08-17T17:12:16Z,2026-08-17T19:12:16+0200,f372a1fc-a0b6-48c3-b979-dc927b00239d,2026-08-14T00:15:00Z,2026-08-14T02:15:00+0200,279.684,MW,NL,NL,actual_offshore_wind_generation,Wind Offshore | Actual Aggregated,2026-08-17T17:16:10Z
2026-08-17T17:12:16Z,2026-08-17T19:12:16+0200,f372a1fc-a0b6-48c3-b979-dc927b00239d,2026-08-14T00:15:00Z,2026-08-14T02:15:00+0200,9.842,MW,NL,NL,actual_offshore_wind_generation,Wind Offshore | Actual Consumption,2026-08-17T17:16:10Z
2026-08-17T17:12:16Z,2026-08-17T19:12:16+0200,f372a1fc-a0b6-48c3-b979-dc927b00239d,2026-08-14T00:30:00Z,2026-08-14T02:30:00+0200,284.034,MW,NL,NL,actual_offshore_wind_generation,Wind Offshore | Actual Aggregated,2026-08-17T17:16:10Z
2026-08-17T17:12:16Z,2026-08-17T19:12:16+0200,f372a1fc-a0b6-48c3-b979-dc927b00239d,2026-08-14T00:30:00Z,2026-08-14T02:30:00+0200,11.311,MW,NL,NL,actual_offshore_wind_generation,Wind Offshore | Actual Consumption,2026-08-17T17:16:10Z
2026-08-17T17:12:16Z,2026-08-17T19:12:16+0200,f372a1fc-a0b6-48c3-b979-dc927b00239d,2026-08-14T00:45:00Z,2026-08-14T02:45:00+0200,288.111,MW,NL,NL,actual_offshore_wind_generation,Wind Offshore | Actual Aggregated,2026-08-17T17:16:10Z
2026-08-17T17:12:16Z,2026-08-17T19:12:16+0200,f372a1fc-a0b6-48c3-b979-dc927b00239d,2026-08-14T00:45:00Z,2026-08-14T02:45:00+0200,12.028,MW,NL,NL,actual_offshore_wind_generation,Wind Offshore | Actual Consumption,2026-08-17T17:16:10Z
2026-08-17T17:12:16Z,2026-08-17T19:12:16+0200,f372a1fc-a0b6-48c3-b979-dc927b00239d,2026-08-14T01:00:00Z,2026-08-14T03:00:00+0200,290.339,MW,NL,NL,actual_offshore_wind_generation,Wind Offshore | Actual Aggregated,2026-08-17T17:16:10Z
2026-08-17T17:12:16Z,2026-08-17T19:12:16+0200,f372a1fc-a0b6-48c3-b979-dc927b00239d,2026-08-14T01:00:00Z,2026-08-14T03:00:00+0200,15.455,MW,NL,NL,actual_offshore_wind_generation,Wind Offshore | Actual Consumption,2026-08-17T17:16:10Z
2026-08-17T17:12:16Z,2026-08-17T19:12:16+0200,f372a1fc-a0b6-48c3-b979-dc927b00239d,2026-08-14T01:15:00Z,2026-08-14T03:15:00+0200,260.568,MW,NL,NL,actual_offshore_wind_generation,Wind Offshore | Actual Aggregated,2026-08-17T17:16:10Z
2026-08-17T17:12:16Z,2026-08-17T19:12:16+0200,f372a1fc-a0b6-48c3-b979-dc927b00239d,2026-08-14T01:15:00Z,2026-08-14T03:15:00+0200,22.123,MW,NL,NL,actual_offshore_wind_generation,Wind Offshore | Actual Consumption,2026-08-17T17:16:10Z
2026-08-17T17:12:16Z,2026-08-17T19:12:16+0200,f372a1fc-a0b6-48c3-b979-dc927b00239d,2026-08-14T01:30:00Z,2026-08-14T03:30:00+0200,225.001,MW,NL,NL,actual_offshore_wind_generation,Wind Offshore | Actual Aggregated,2026-08-17T17:16:10Z
2026-08-17T17:12:16Z,2026-08-17T19:12:16+0200,f372a1fc-a0b6-48c3-b979-dc927b00239d,2026-08-14T01:30:00Z,2026-08-14T03:30:00+0200,21.805,MW,NL,NL,actual_offshore_wind_generation,Wind Offshore | Actual Consumption,2026-08-17T17:16:10Z
2026-08-17T17:12:16Z,2026-08-17T19:12:16+0200,f372a1fc-a0b6-48c3-b979-dc927b00239d,2026-08-14T01:45:00Z,2026-08-14T03:45:00+0200,202.528,MW,NL,NL,actual_offshore_wind_generation,Wind Offshore | Actual Aggregated,2026-08-17T17:16:10Z
2026-08-17T17:12:16Z,2026-08-17T19:12:16+0200,f372a1fc-a0b6-48c3-b979-dc927b00239d,2026-08-14T01:45:00Z,2026-08-14T03:45:00+0200,28.68,MW,NL,NL,actual_offshore_wind_generation,Wind Offshore | Actual Consumption,2026-08-17T17:16:10Z
2026-08-17T17:12:16Z,2026-08-17T19:12:16+0200,f372a1fc-a0b6-48c3-b979-dc927b00239d,2026-08-14T02:00:00Z,2026-08-14T04:00:00+0200,194.569,MW,NL,NL,actual_offshore_wind_generation,Wind Offshore | Actual Aggregated,2026-08-17T17:16:10Z
2026-08-17T17:12:16Z,2026-08-17T19:12:16+0200,f372a1fc-a0b6-48c3-b979-dc927b00239d,2026-08-14T02:00:00Z,2026-08-14T04:00:00+0200,36.702,MW,NL,NL,actual_offshore_wind_generation,Wind Offshore | Actual Consumption,2026-08-17T17:16:10Z
2026-08-17T17:12:16Z,2026-08-17T19:12:16+0200,f372a1fc-a0b6-48c3-b979-dc927b00239d,2026-08-14T02:15:00Z,2026-08-14T04:15:00+0200,184.832,MW,NL,NL,actual_offshore_wind_generation,Wind Offshore | Actual Aggregated,2026-08-17T17:16:10Z
2026-08-17T17:12:16Z,2026-08-17T19:12:16+0200,f372a1fc-a0b6-48c3-b979-dc927b00239d,2026-08-14T02:15:00Z,2026-08-14T04:15:00+0200,37.96,MW,NL,NL,actual_offshore_wind_generation,Wind Offshore | Actual Consumption,2026-08-17T17:16:10Z
2026-08-17T17:12:16Z,2026-08-17T19:12:16+0200,f372a1fc-a0b6-48c3-b979-dc927b00239d,2026-08-14T02:30:00Z,2026-08-14T04:30:00+0200,188.264,MW,NL,NL,actual_offshore_wind_generation,Wind Offshore | Actual Aggregated,2026-08-17T17:16:10Z
2026-08-17T17:12:16Z,2026-08-17T19:12:16+0200,f372a1fc-a0b6-48c3-b979-dc927b00239d,2026-08-14T02:30:00Z,2026-08-14T04:30:00+0200,35.985,MW,NL,NL,actual_offshore_wind_generation,Wind Offshore | Actual Consumption,2026-08-17T17:16:10Z
2026-08-17T17:12:16Z,2026-08-17T19:12:16+0200,f372a1fc-a0b6-48c3-b979-dc927b00239d,2026-08-14T02:45:00Z,2026-08-14T04:45:00+0200,183.36,MW,NL,NL,actual_offshore_wind_generation,Wind Offshore | Actual Aggregated,2026-08-17T17:16:10Z
2026-08-17T17:12:16Z,2026-08-17T19:12:16+0200,f372a1fc-a0b6-48c3-b979-dc927b00239d,2026-08-14T02:45:00Z,2026-08-14T04:45:00+0200,33.715,MW,NL,NL,actual_offshore_wind_generation,Wind Offshore | Actual Consumption,2026-08-17T17:16:10Z
2026-08-17T17:12:16Z,2026-08-17T19:12:16+0200,f372a1fc-a0b6-48c3-b979-dc927b00239d,2026-08-14T03:00:00Z,2026-08-14T05:00:00+0200,159.035,MW,NL,NL,actual_offshore_wind_generation,Wind Offshore | Actual Aggregated,2026-08-17T17:16:10Z
2026-08-17T17:12:16Z,2026-08-17T19:12:16+0200,f372a1fc-a0b6-48c3-b979-dc927b00239d,2026-08-14T03:00:00Z,2026-08-14T05:00:00+0200,34.15,MW,NL,NL,actual_offshore_wind_generation,Wind Offshore | Actual Consumption,2026-08-17T17:16:10Z
2026-08-17T17:12:16Z,2026-08-17T19:12:16+0200,f372a1fc-a0b6-48c3-b979-dc927b00239d,2026-08-14T03:15:00Z,2026-08-14T05:15:00+0200,143.462,MW,NL,NL,actual_offshore_wind_generation,Wind Offshore | Actual Aggregated,2026-08-17T17:16:10Z
2026-08-17T17:12:16Z,2026-08-17T19:12:16+0200,f372a1fc-a0b6-48c3-b979-dc927b00239d,2026-08-14T03:15:00Z,2026-08-14T05:15:00+0200,32.686,MW,NL,NL,actual_offshore_wind_generation,Wind Offshore | Actual Consumption,2026-08-17T17:16:10Z
2026-08-17T17:12:16Z,2026-08-17T19:12:16+0200,f372a1fc-a0b6-48c3-b979-dc927b00239d,2026-08-14T03:30:00Z,2026-08-14T05:30:00+0200,138.23,MW,NL,NL,actual_offshore_wind_generation,Wind Offshore | Actual Aggregated,2026-08-17T17:16:10Z
2026-08-17T17:12:16Z,2026-08-17T19:12:16+0200,f372a1fc-a0b6-48c3-b979-dc927b00239d,2026-08-14T03:30:00Z,2026-08-14T05:30:00+0200,30.304,MW,NL,NL,actual_offshore_wind_generation,Wind Offshore | Actual Consumption,2026-08-17T17:16:10Z
2026-08-17T17:12:16Z,2026-08-17T19:12:16+0200,f372a1fc-a0b6-48c3-b979-dc927b00239d,2026-08-14T03:45:00Z,2026-08-14T05:45:00+0200,136.236,MW,NL,NL,actual_offshore_wind_generation,Wind Offshore | Actual Aggregated,2026-08-17T17:16:10Z
2026-08-17T17:12:16Z,2026-08-17T19:12:16+0200,f372a1fc-a0b6-48c3-b979-dc927b00239d,2026-08-14T03:45:00Z,2026-08-14T05:45:00+0200,26.226,MW,NL,NL,actual_offshore_wind_generation,Wind Offshore | Actual Consumption,2026-08-17T17:16:10Z
2026-08-17T17:12:16Z,2026-08-17T19:12:16+0200,f372a1fc-a0b6-48c3-b979-dc927b00239d,2026-08-14T04:00:00Z,2026-08-14T06:00:00+0200,138.416,MW,NL,NL,actual_offshore_wind_generation,Wind Offshore | Actual Aggregated,2026-08-17T17:16:10Z
2026-08-17T17:12:16Z,2026-08-17T19:12:16+0200,f372a1fc-a0b6-48c3-b979-dc927b00239d,2026-08-14T04:00:00Z,2026-08-14T06:00:00+0200,20.907,MW,NL,NL,actual_offshore_wind_generation,Wind Offshore | Actual Consumption,2026-08-17T17:16:10Z
2026-08-17T17:12:16Z,2026-08-17T19:12:16+0200,f372a1fc-a0b6-48c3-b979-dc927b00239d,2026-08-14T04:15:00Z,2026-08-14T06:15:00+0200,124.857,MW,NL,NL,actual_offshore_wind_generation,Wind Offshore | Actual Aggregated,2026-08-17T17:16:10Z
2026-08-17T17:12:16Z,2026-08-17T19:12:16+0200,f372a1fc-a0b6-48c3-b979-dc927b00239d,2026-08-14T04:15:00Z,2026-08-14T06:15:00+0200,19.474,MW,NL,NL,actual_offshore_wind_generation,Wind Offshore | Actual Consumption,2026-08-17T17:16:10Z
2026-08-17T17:12:16Z,2026-08-17T19:12:16+0200,f372a1fc-a0b6-48c3-b979-dc927b00239d,2026-08-14T04:30:00Z,2026-08-14T06:30:00+0200,92.7,MW,NL,NL,actual_offshore_wind_generation,Wind Offshore | Actual Aggregated,2026-08-17T17:16:10Z
2026-08-17T17:12:16Z,2026-08-17T19:12:16+0200,f372a1fc-a0b6-48c3-b979-dc927b00239d,2026-08-14T04:30:00Z,2026-08-14T06:30:00+0200,17.252,MW,NL,NL,actual_offshore_wind_generation,Wind Offshore | Actual Consumption,2026-08-17T17:16:10Z
2026-08-17T17:12:16Z,2026-08-17T19:12:16+0200,f372a1fc-a0b6-48c3-b979-dc927b00239d,2026-08-14T04:45:00Z,2026-08-14T06:45:00+0200,77.059,MW,NL,NL,actual_offshore_wind_generation,Wind Offshore | Actual Aggregated,2026-08-17T17:16:10Z
2026-08-17T17:12:16Z,2026-08-17T19:12:16+0200,f372a1fc-a0b6-48c3-b979-dc927b00239d,2026-08-14T04:45:00Z,2026-08-14T06:45:00+0200,17.418,MW,NL,NL,actual_offshore_wind_generation,Wind Offshore | Actual Consumption,2026-08-17T17:16:10Z
2026-08-17T17:12:16Z,2026-08-17T19:12:16+0200,f372a1fc-a0b6-48c3-b979-dc927b00239d,2026-08-14T05:00:00Z,2026-08-14T07:00:00+0200,65.702,MW,NL,NL,actual_offshore_wind_generation,Wind Offshore | Actual Aggregated,2026-08-17T17:16:10Z
2026-08-17T17:12:16Z,2026-08-17T19:12:16+0200,f372a1fc-a0b6-48c3-b979-dc927b00239d,2026-08-14T05:00:00Z,2026-08-14T07:00:00+0200,18.789,MW,NL,NL,actual_offshore_wind_generation,Wind Offshore | Actual Consumption,2026-08-17T17:16:10Z
2026-08-17T17:12:16Z,2026-08-17T19:12:16+0200,f372a1fc-a0b6-48c3-b979-dc927b00239d,2026-08-14T05:15:00Z,2026-08-14T07:15:00+0200,67.041,MW,NL,NL,actual_offshore_wind_generation,Wind Offshore | Actual Aggregated,2026-08-17T17:16:10Z
2026-08-17T17:12:16Z,2026-08-17T19:12:16+0200,f372a1fc-a0b6-48c3-b979-dc927b00239d,2026-08-14T05:15:00Z,2026-08-14T07:15:00+0200,17.713,MW,NL,NL,actual_offshore_wind_generation,Wind Offshore | Actual Consumption,2026-08-17T17:16:10Z
2026-08-17T17:12:16Z,2026-08-17T19:12:16+0200,f372a1fc-a0b6-48c3-b979-dc927b00239d,2026-08-14T05:30:00Z,2026-08-14T07:30:00+0200,83.034,MW,NL,NL,actual_offshore_wind_generation,Wind Offshore | Actual Aggregated,2026-08-17T17:16:10Z
2026-08-17T17:12:16Z,2026-08-17T19:12:16+0200,f372a1fc-a0b6-48c3-b979-dc927b00239d,2026-08-14T05:30:00Z,2026-08-14T07:30:00+0200,17.455,MW,NL,NL,actual_offshore_wind_generation,Wind Offshore | Actual Consumption,2026-08-17T17:16:10Z
2026-08-17T17:12:16Z,2026-08-17T19:12:16+0200,f372a1fc-a0b6-48c3-b979-dc927b00239d,2026-08-14T05:45:00Z,2026-08-14T07:45:00+0200,105.461,MW,NL,NL,actual_offshore_wind_generation,Wind Offshore | Actual Aggregated,2026-08-17T17:16:10Z
2026-08-17T17:12:16Z,2026-08-17T19:12:16+0200,f372a1fc-a0b6-48c3-b979-dc927b00239d,2026-08-14T05:45:00Z,2026-08-14T07:45:00+0200,16.669,MW,NL,NL,actual_offshore_wind_generation,Wind Offshore | Actual Consumption,2026-08-17T17:16:10Z
2026-08-17T17:12:16Z,2026-08-17T19:12:16+0200,f372a1fc-a0b6-48c3-b979-dc927b00239d,2026-08-14T06:00:00Z,2026-08-14T08:00:00+0200,134.189,MW,NL,NL,actual_offshore_wind_generation,Wind Offshore | Actual Aggregated,2026-08-17T17:16:10Z
2026-08-17T17:12:16Z,2026-08-17T19:12:16+0200,f372a1fc-a0b6-48c3-b979-dc927b00239d,2026-08-14T06:00:00Z,2026-08-14T08:00:00+0200,14.231,MW,NL,NL,actual_offshore_wind_generation,Wind Offshore | Actual Consumption,2026-08-17T17:16:10Z
2026-08-17T17:12:16Z,2026-08-17T19:12:16+0200,f372a1fc-a0b6-48c3-b979-dc927b00239d,2026-08-14T06:15:00Z,2026-08-14T08:15:00+0200,137.294,MW,NL,NL,actual_offshore_wind_generation,Wind Offshore | Actual Aggregated,2026-08-17T17:16:10Z
2026-08-17T17:12:16Z,2026-08-17T19:12:16+0200,f372a1fc-a0b6-48c3-b979-dc927b00239d,2026-08-14T06:15:00Z,2026-08-14T08:15:00+0200,15.463,MW,NL,NL,actual_offshore_wind_generation,Wind Offshore | Actual Consumption,2026-08-17T17:16:10Z
2026-08-17T17:12:16Z,2026-08-17T19:12:16+0200,f372a1fc-a0b6-48c3-b979-dc927b00239d,2026-08-14T06:30:00Z,2026-08-14T08:30:00+0200,115.93,MW,NL,NL,actual_offshore_wind_generation,Wind Offshore | Actual Aggregated,2026-08-17T17:16:10Z
2026-08-17T17:12:16Z,2026-08-17T19:12:16+0200,f372a1fc-a0b6-48c3-b979-dc927b00239d,2026-08-14T06:30:00Z,2026-08-14T08:30:00+0200,15.479,MW,NL,NL,actual_offshore_wind_generation,Wind Offshore | Actual Consumption,2026-08-17T17:16:10Z
2026-08-17T17:12:16Z,2026-08-17T19:12:16+0200,f372a1fc-a0b6-48c3-b979-dc927b00239d,2026-08-14T06:45:00Z,2026-08-14T08:45:00+0200,78.147,MW,NL,NL,actual_offshore_wind_generation,Wind Offshore | Actual Aggregated,2026-08-17T17:16:10Z
2026-08-17T17:12:16Z,2026-08-17T19:12:16+0200,f372a1fc-a0b6-48c3-b979-dc927b00239d,2026-08-14T06:45:00Z,2026-08-14T08:45:00+0200,15.886,MW,NL,NL,actual_offshore_wind_generation,Wind Offshore | Actual Consumption,2026-08-17T17:16:10Z
2026-08-17T17:12:16Z,2026-08-17T19:12:16+0200,f372a1fc-a0b6-48c3-b979-dc927b00239d,2026-08-14T07:00:00Z,2026-08-14T09:00:00+0200,36.962,MW,NL,NL,actual_offshore_wind_generation,Wind Offshore | Actual Aggregated,2026-08-17T17:16:10Z
2026-08-17T17:12:16Z,2026-08-17T19:12:16+0200,f372a1fc-a0b6-48c3-b979-dc927b00239d,2026-08-14T07:00:00Z,2026-08-14T09:00:00+0200,19.963,MW,NL,NL,actual_offshore_wind_generation,Wind Offshore | Actual Consumption,2026-08-17T17:16:10Z
2026-08-17T17:12:16Z,2026-08-17T19:12:16+0200,f372a1fc-a0b6-48c3-b979-dc927b00239d,2026-08-14T07:15:00Z,2026-08-14T09:15:00+0200,18.316,MW,NL,NL,actual_offshore_wind_generation,Wind Offshore | Actual Aggregated,2026-08-17T17:16:10Z
2026-08-17T17:12:16Z,2026-08-17T19:12:16+0200,f372a1fc-a0b6-48c3-b979-dc927b00239d,2026-08-14T07:15:00Z,2026-08-14T09:15:00+0200,31.466,MW,NL,NL,actual_offshore_wind_generation,Wind Offshore | Actual Consumption,2026-08-17T17:16:10Z
2026-08-17T17:12:16Z,2026-08-17T19:12:16+0200,f372a1fc-a0b6-48c3-b979-dc927b00239d,2026-08-14T07:30:00Z,2026-08-14T09:30:00+0200,14.849,MW,NL,NL,actual_offshore_wind_generation,Wind Offshore | Actual Aggregated,2026-08-17T17:16:10Z
2026-08-17T17:12:16Z,2026-08-17T19:12:16+0200,f372a1fc-a0b6-48c3-b979-dc927b00239d,2026-08-14T07:30:00Z,2026-08-14T09:30:00+0200,36.352,MW,NL,NL,actual_offshore_wind_generation,Wind Offshore | Actual Consumption,2026-08-17T17:16:10Z
2026-08-17T17:12:16Z,2026-08-17T19:12:16+0200,f372a1fc-a0b6-48c3-b979-dc927b00239d,2026-08-14T07:45:00Z,2026-08-14T09:45:00+0200,11.306,MW,NL,NL,actual_offshore_wind_generation,Wind Offshore | Actual Aggregated,2026-08-17T17:16:10Z
2026-08-17T17:12:16Z,2026-08-17T19:12:16+0200,f372a1fc-a0b6-48c3-b979-dc927b00239d,2026-08-14T07:45:00Z,2026-08-14T09:45:00+0200,36.894,MW,NL,NL,actual_offshore_wind_generation,Wind Offshore | Actual Consumption,2026-08-17T17:16:10Z
2026-08-17T17:12:16Z,2026-08-17T19:12:16+0200,f372a1fc-a0b6-48c3-b979-dc927b00239d,2026-08-14T08:00:00Z,2026-08-14T10:00:00+0200,8.911,MW,NL,NL,actual_offshore_wind_generation,Wind Offshore | Actual Aggregated,2026-08-17T17:16:10Z
2026-08-17T17:12:16Z,2026-08-17T19:12:16+0200,f372a1fc-a0b6-48c3-b979-dc927b00239d,2026-08-14T08:00:00Z,2026-08-14T10:00:00+0200,38.349,MW,NL,NL,actual_offshore_wind_generation,Wind Offshore | Actual Consumption,2026-08-17T17:16:10Z
2026-08-17T17:12:16Z,2026-08-17T19:12:16+0200,f372a1fc-a0b6-48c3-b979-dc927b00239d,2026-08-14T08:15:00Z,2026-08-14T10:15:00+0200,4.622,MW,NL,NL,actual_offshore_wind_generation,Wind Offshore | Actual Aggregated,2026-08-17T17:16:10Z
2026-08-17T17:12:16Z,2026-08-17T19:12:16+0200,f372a1fc-a0b6-48c3-b979-dc927b00239d,2026-08-14T08:15:00Z,2026-08-14T10:15:00+0200,39.068,MW,NL,NL,actual_offshore_wind_generation,Wind Offshore | Actual Consumption,2026-08-17T17:16:10Z
2026-08-17T17:12:16Z,2026-08-17T19:12:16+0200,f372a1fc-a0b6-48c3-b979-dc927b00239d,2026-08-14T08:30:00Z,2026-08-14T10:30:00+0200,3.174,MW,NL,NL,actual_offshore_wind_generation,Wind Offshore | Actual Aggregated,2026-08-17T17:16:10Z
2026-08-17T17:12:16Z,2026-08-17T19:12:16+0200,f372a1fc-a0b6-48c3-b979-dc927b00239d,2026-08-14T08:30:00Z,2026-08-14T10:30:00+0200,38.164,MW,NL,NL,actual_offshore_wind_generation,Wind Offshore | Actual Consumption,2026-08-17T17:16:10Z
2026-08-17T17:12:16Z,2026-08-17T19:12:16+0200,f372a1fc-a0b6-48c3-b979-dc927b00239d,2026-08-14T08:45:00Z,2026-08-14T10:45:00+0200,5.736,MW,NL,NL,actual_offshore_wind_generation,Wind Offshore | Actual Aggregated,2026-08-17T17:16:10Z
2026-08-17T17:12:16Z,2026-08-17T19:12:16+0200,f372a1fc-a0b6-48c3-b979-dc927b00239d,2026-08-14T08:45:00Z,2026-08-14T10:45:00+0200,38.12,MW,NL,NL,actual_offshore_wind_generation,Wind Offshore | Actual Consumption,2026-08-17T17:16:10Z
2026-08-17T17:12:16Z,2026-08-17T19:12:16+0200,f372a1fc-a0b6-48c3-b979-dc927b00239d,2026-08-14T09:00:00Z,2026-08-14T11:00:00+0200,5.959,MW,NL,NL,actual_offshore_wind_generation,Wind Offshore | Actual Aggregated,2026-08-17T17:16:10Z
2026-08-17T17:12:16Z,2026-08-17T19:12:16+0200,f372a1fc-a0b6-48c3-b979-dc927b00239d,2026-08-14T09:00:00Z,2026-08-14T11:00:00+0200,36.777,MW,NL,NL,actual_offshore_wind_generation,Wind Offshore | Actual Consumption,2026-08-17T17:16:10Z
2026-08-17T17:12:16Z,2026-08-17T19:12:16+0200,f372a1fc-a0b6-48c3-b979-dc927b00239d,2026-08-14T09:15:00Z,2026-08-14T11:15:00+0200,1.95,MW,NL,NL,actual_offshore_wind_generation,Wind Offshore | Actual Aggregated,2026-08-17T17:16:10Z
2026-08-17T17:12:16Z,2026-08-17T19:12:16+0200,f372a1fc-a0b6-48c3-b979-dc927b00239d,2026-08-14T09:15:00Z,2026-08-14T11:15:00+0200,36.771,MW,NL,NL,actual_offshore_wind_generation,Wind Offshore | Actual Consumption,2026-08-17T17:16:10Z
2026-08-17T17:12:16Z,2026-08-17T19:12:16+0200,f372a1fc-a0b6-48c3-b979-dc927b00239d,2026-08-14T09:30:00Z,2026-08-14T11:30:00+0200,0.501,MW,NL,NL,actual_offshore_wind_generation,Wind Offshore | Actual Aggregated,2026-08-17T17:16:10Z
2026-08-17T17:12:16Z,2026-08-17T19:12:16+0200,f372a1fc-a0b6-48c3-b979-dc927b00239d,2026-08-14T09:30:00Z,2026-08-14T11:30:00+0200,39.12,MW,NL,NL,actual_offshore_wind_generation,Wind Offshore | Actual Consumption,2026-08-17T17:16:10Z
2026-08-17T17:12:16Z,2026-08-17T19:12:16+0200,f372a1fc-a0b6-48c3-b979-dc927b00239d,2026-08-14T09:45:00Z,2026-08-14T11:45:00+0200,10.001,MW,NL,NL,actual_offshore_wind_generation,Wind Offshore | Actual Aggregated,2026-08-17T17:16:10Z
2026-08-17T17:12:16Z,2026-08-17T19:12:16+0200,f372a1fc-a0b6-48c3-b979-dc927b00239d,2026-08-14T09:45:00Z,2026-08-14T11:45:00+0200,34.701,MW,NL,NL,actual_offshore_wind_generation,Wind Offshore | Actual Consumption,2026-08-17T17:16:10Z
2026-08-17T17:12:16Z,2026-08-17T19:12:16+0200,f372a1fc-a0b6-48c3-b979-dc927b00239d,2026-08-14T10:00:00Z,2026-08-14T12:00:00+0200,20.418,MW,NL,NL,actual_offshore_wind_generation,Wind Offshore | Actual Aggregated,2026-08-17T17:16:10Z
2026-08-17T17:12:16Z,2026-08-17T19:12:16+0200,f372a1fc-a0b6-48c3-b979-dc927b00239d,2026-08-14T10:00:00Z,2026-08-14T12:00:00+0200,32.681,MW,NL,NL,actual_offshore_wind_generation,Wind Offshore | Actual Consumption,2026-08-17T17:16:10Z
2026-08-17T17:12:16Z,2026-08-17T19:12:16+0200,f372a1fc-a0b6-48c3-b979-dc927b00239d,2026-08-14T10:15:00Z,2026-08-14T12:15:00+0200,26.442,MW,NL,NL,actual_offshore_wind_generation,Wind Offshore | Actual Aggregated,2026-08-17T17:16:10Z
2026-08-17T17:12:16Z,2026-08-17T19:12:16+0200,f372a1fc-a0b6-48c3-b979-dc927b00239d,2026-08-14T10:15:00Z,2026-08-14T12:15:00+0200,32.386,MW,NL,NL,actual_offshore_wind_generation,Wind Offshore | Actual Consumption,2026-08-17T17:16:10Z
2026-08-17T17:12:16Z,2026-08-17T19:12:16+0200,f372a1fc-a0b6-48c3-b979-dc927b00239d,2026-08-14T10:30:00Z,2026-08-14T12:30:00+0200,38.075,MW,NL,NL,actual_offshore_wind_generation,Wind Offshore | Actual Aggregated,2026-08-17T17:16:10Z
2026-08-17T17:12:16Z,2026-08-17T19:12:16+0200,f372a1fc-a0b6-48c3-b979-dc927b00239d,2026-08-14T10:30:00Z,2026-08-14T12:30:00+0200,28.656,MW,NL,NL,actual_offshore_wind_generation,Wind Offshore | Actual Consumption,2026-08-17T17:16:10Z
2026-08-17T17:12:16Z,2026-08-17T19:12:16+0200,f372a1fc-a0b6-48c3-b979-dc927b00239d,2026-08-14T10:45:00Z,2026-08-14T12:45:00+0200,40.88,MW,NL,NL,actual_offshore_wind_generation,Wind Offshore | Actual Aggregated,2026-08-17T17:16:10Z
2026-08-17T17:12:16Z,2026-08-17T19:12:16+0200,f372a1fc-a0b6-48c3-b979-dc927b00239d,2026-08-14T10:45:00Z,2026-08-14T12:45:00+0200,20.079,MW,NL,NL,actual_offshore_wind_generation,Wind Offshore | Actual Consumption,2026-08-17T17:16:10Z
2026-08-17T17:12:16Z,2026-08-17T19:12:16+0200,f372a1fc-a0b6-48c3-b979-dc927b00239d,2026-08-14T11:00:00Z,2026-08-14T13:00:00+0200,76.719,MW,NL,NL,actual_offshore_wind_generation,Wind Offshore | Actual Aggregated,2026-08-17T17:16:10Z
2026-08-17T17:12:16Z,2026-08-17T19:12:16+0200,f372a1fc-a0b6-48c3-b979-dc927b00239d,2026-08-14T11:00:00Z,2026-08-14T13:00:00+0200,12.017,MW,NL,NL,actual_offshore_wind_generation,Wind Offshore | Actual Consumption,2026-08-17T17:16:10Z
2026-08-17T17:12:16Z,2026-08-17T19:12:16+0200,f372a1fc-a0b6-48c3-b979-dc927b00239d,2026-08-14T11:15:00Z,2026-08-14T13:15:00+0200,116.373,MW,NL,NL,actual_offshore_wind_generation,Wind Offshore | Actual Aggregated,2026-08-17T17:16:10Z
2026-08-17T17:12:16Z,2026-08-17T19:12:16+0200,f372a1fc-a0b6-48c3-b979-dc927b00239d,2026-08-14T11:15:00Z,2026-08-14T13:15:00+0200,10.159,MW,NL,NL,actual_offshore_wind_generation,Wind Offshore | Actual Consumption,2026-08-17T17:16:10Z
2026-08-17T17:12:16Z,2026-08-17T19:12:16+0200,f372a1fc-a0b6-48c3-b979-dc927b00239d,2026-08-14T11:30:00Z,2026-08-14T13:30:00+0200,129.71,MW,NL,NL,actual_offshore_wind_generation,Wind Offshore | Actual Aggregated,2026-08-17T17:16:10Z
2026-08-17T17:12:16Z,2026-08-17T19:12:16+0200,f372a1fc-a0b6-48c3-b979-dc927b00239d,2026-08-14T11:30:00Z,2026-08-14T13:30:00+0200,10.192,MW,NL,NL,actual_offshore_wind_generation,Wind Offshore | Actual Consumption,2026-08-17T17:16:10Z
2026-08-17T17:12:16Z,2026-08-17T19:12:16+0200,f372a1fc-a0b6-48c3-b979-dc927b00239d,2026-08-14T11:45:00Z,2026-08-14T13:45:00+0200,129.947,MW,NL,NL,actual_offshore_wind_generation,Wind Offshore | Actual Aggregated,2026-08-17T17:16:10Z
2026-08-17T17:12:16Z,2026-08-17T19:12:16+0200,f372a1fc-a0b6-48c3-b979-dc927b00239d,2026-08-14T11:45:00Z,2026-08-14T13:45:00+0200,10.53,MW,NL,NL,actual_offshore_wind_generation,Wind Offshore | Actual Consumption,2026-08-17T17:16:10Z
2026-08-17T17:12:16Z,2026-08-17T19:12:16+0200,f372a1fc-a0b6-48c3-b979-dc927b00239d,2026-08-14T12:00:00Z,2026-08-14T14:00:00+0200,104.296,MW,NL,NL,actual_offshore_wind_generation,Wind Offshore | Actual Aggregated,2026-08-17T17:16:10Z
2026-08-17T17:12:16Z,2026-08-17T19:12:16+0200,f372a1fc-a0b6-48c3-b979-dc927b00239d,2026-08-14T12:00:00Z,2026-08-14T14:00:00+0200,9.77,MW,NL,NL,actual_offshore_wind_generation,Wind Offshore | Actual Consumption,2026-08-17T17:16:10Z
2026-08-17T17:12:16Z,2026-08-17T19:12:16+0200,f372a1fc-a0b6-48c3-b979-dc927b00239d,2026-08-14T12:15:00Z,2026-08-14T14:15:00+0200,84.547,MW,NL,NL,actual_offshore_wind_generation,Wind Offshore | Actual Aggregated,2026-08-17T17:16:10Z
2026-08-17T17:12:16Z,2026-08-17T19:12:16+0200,f372a1fc-a0b6-48c3-b979-dc927b00239d,2026-08-14T12:15:00Z,2026-08-14T14:15:00+0200,14.608,MW,NL,NL,actual_offshore_wind_generation,Wind Offshore | Actual Consumption,2026-08-17T17:16:10Z
2026-08-17T17:12:16Z,2026-08-17T19:12:16+0200,f372a1fc-a0b6-48c3-b979-dc927b00239d,2026-08-14T12:30:00Z,2026-08-14T14:30:00+0200,73.908,MW,NL,NL,actual_offshore_wind_generation,Wind Offshore | Actual Aggregated,2026-08-17T17:16:10Z
2026-08-17T17:12:16Z,2026-08-17T19:12:16+0200,f372a1fc-a0b6-48c3-b979-dc927b00239d,2026-08-14T12:30:00Z,2026-08-14T14:30:00+0200,14.445,MW,NL,NL,actual_offshore_wind_generation,Wind Offshore | Actual Consumption,2026-08-17T17:16:10Z
2026-08-17T17:12:16Z,2026-08-17T19:12:16+0200,f372a1fc-a0b6-48c3-b979-dc927b00239d,2026-08-14T12:45:00Z,2026-08-14T14:45:00+0200,61.78,MW,NL,NL,actual_offshore_wind_generation,Wind Offshore | Actual Aggregated,2026-08-17T17:16:10Z
2026-08-17T17:12:16Z,2026-08-17T19:12:16+0200,f372a1fc-a0b6-48c3-b979-dc927b00239d,2026-08-14T12:45:00Z,2026-08-14T14:45:00+0200,14.479,MW,NL,NL,actual_offshore_wind_generation,Wind Offshore | Actual Consumption,2026-08-17T17:16:10Z
2026-08-17T17:12:16Z,2026-08-17T19:12:16+0200,f372a1fc-a0b6-48c3-b979-dc927b00239d,2026-08-14T13:00:00Z,2026-08-14T15:00:00+0200,71.633,MW,NL,NL,actual_offshore_wind_generation,Wind Offshore | Actual Aggregated,2026-08-17T17:16:10Z
2026-08-17T17:12:16Z,2026-08-17T19:12:16+0200,f372a1fc-a0b6-48c3-b979-dc927b00239d,2026-08-14T13:00:00Z,2026-08-14T15:00:00+0200,10.193,MW,NL,NL,actual_offshore_wind_generation,Wind Offshore | Actual Consumption,2026-08-17T17:16:10Z
2026-08-17T17:12:16Z,2026-08-17T19:12:16+0200,f372a1fc-a0b6-48c3-b979-dc927b00239d,2026-08-14T13:15:00Z,2026-08-14T15:15:00+0200,89.708,MW,NL,NL,actual_offshore_wind_generation,Wind Offshore | Actual Aggregated,2026-08-17T17:16:10Z
2026-08-17T17:12:16Z,2026-08-17T19:12:16+0200,f372a1fc-a0b6-48c3-b979-dc927b00239d,2026-08-14T13:15:00Z,2026-08-14T15:15:00+0200,7.42,MW,NL,NL,actual_offshore_wind_generation,Wind Offshore | Actual Consumption,2026-08-17T17:16:10Z
2026-08-17T17:12:16Z,2026-08-17T19:12:16+0200,f372a1fc-a0b6-48c3-b979-dc927b00239d,2026-08-14T13:30:00Z,2026-08-14T15:30:00+0200,98.073,MW,NL,NL,actual_offshore_wind_generation,Wind Offshore | Actual Aggregated,2026-08-17T17:16:10Z
2026-08-17T17:12:16Z,2026-08-17T19:12:16+0200,f372a1fc-a0b6-48c3-b979-dc927b00239d,2026-08-14T13:30:00Z,2026-08-14T15:30:00+0200,13.034,MW,NL,NL,actual_offshore_wind_generation,Wind Offshore | Actual Consumption,2026-08-17T17:16:10Z
2026-08-17T17:12:16Z,2026-08-17T19:12:16+0200,f372a1fc-a0b6-48c3-b979-dc927b00239d,2026-08-14T13:45:00Z,2026-08-14T15:45:00+0200,101.219,MW,NL,NL,actual_offshore_wind_generation,Wind Offshore | Actual Aggregated,2026-08-17T17:16:10Z
2026-08-17T17:12:16Z,2026-08-17T19:12:16+0200,f372a1fc-a0b6-48c3-b979-dc927b00239d,2026-08-14T13:45:00Z,2026-08-14T15:45:00+0200,15.103,MW,NL,NL,actual_offshore_wind_generation,Wind Offshore | Actual Consumption,2026-08-17T17:16:10Z
2026-08-17T17:12:16Z,2026-08-17T19:12:16+0200,f372a1fc-a0b6-48c3-b979-dc927b00239d,2026-08-14T14:00:00Z,2026-08-14T16:00:00+0200,110.15,MW,NL,NL,actual_offshore_wind_generation,Wind Offshore | Actual Aggregated,2026-08-17T17:16:10Z
2026-08-17T17:12:16Z,2026-08-17T19:12:16+0200,f372a1fc-a0b6-48c3-b979-dc927b00239d,2026-08-14T14:00:00Z,2026-08-14T16:00:00+0200,12.459,MW,NL,NL,actual_offshore_wind_generation,Wind Offshore | Actual Consumption,2026-08-17T17:16:10Z
2026-08-17T17:12:16Z,2026-08-17T19:12:16+0200,f372a1fc-a0b6-48c3-b979-dc927b00239d,2026-08-14T14:15:00Z,2026-08-14T16:15:00+0200,99.956,MW,NL,NL,actual_offshore_wind_generation,Wind Offshore | Actual Aggregated,2026-08-17T17:16:10Z
2026-08-17T17:12:16Z,2026-08-17T19:12:16+0200,f372a1fc-a0b6-48c3-b979-dc927b00239d,2026-08-14T14:15:00Z,2026-08-14T16:15:00+0200,13.489,MW,NL,NL,actual_offshore_wind_generation,Wind Offshore | Actual Consumption,2026-08-17T17:16:10Z
2026-08-17T17:12:16Z,2026-08-17T19:12:16+0200,f372a1fc-a0b6-48c3-b979-dc927b00239d,2026-08-14T14:30:00Z,2026-08-14T16:30:00+0200,108.683,MW,NL,NL,actual_offshore_wind_generation,Wind Offshore | Actual Aggregated,2026-08-17T17:16:10Z
2026-08-17T17:12:16Z,2026-08-17T19:12:16+0200,f372a1fc-a0b6-48c3-b979-dc927b00239d,2026-08-14T14:30:00Z,2026-08-14T16:30:00+0200,9.154,MW,NL,NL,actual_offshore_wind_generation,Wind Offshore | Actual Consumption,2026-08-17T17:16:10Z
2026-08-17T17:12:16Z,2026-08-17T19:12:16+0200,f372a1fc-a0b6-48c3-b979-dc927b00239d,2026-08-14T14:45:00Z,2026-08-14T16:45:00+0200,133.949,MW,NL,NL,actual_offshore_wind_generation,Wind Offshore | Actual Aggregated,2026-08-17T17:16:10Z
2026-08-17T17:12:16Z,2026-08-17T19:12:16+0200,f372a1fc-a0b6-48c3-b979-dc927b00239d,2026-08-14T14:45:00Z,2026-08-14T16:45:00+0200,5.935,MW,NL,NL,actual_offshore_wind_generation,Wind Offshore | Actual Consumption,2026-08-17T17:16:10Z
2026-08-17T17:12:16Z,2026-08-17T19:12:16+0200,f372a1fc-a0b6-48c3-b979-dc927b00239d,2026-08-14T15:00:00Z,2026-08-14T17:00:00+0200,175.419,MW,NL,NL,actual_offshore_wind_generation,Wind Offshore | Actual Aggregated,2026-08-17T17:16:10Z
2026-08-17T17:12:16Z,2026-08-17T19:12:16+0200,f372a1fc-a0b6-48c3-b979-dc927b00239d,2026-08-14T15:00:00Z,2026-08-14T17:00:00+0200,1.532,MW,NL,NL,actual_offshore_wind_generation,Wind Offshore | Actual Consumption,2026-08-17T17:16:10Z
2026-08-17T17:12:16Z,2026-08-17T19:12:16+0200,f372a1fc-a0b6-48c3-b979-dc927b00239d,2026-08-14T15:15:00Z,2026-08-14T17:15:00+0200,223.198,MW,NL,NL,actual_offshore_wind_generation,Wind Offshore | Actual Aggregated,2026-08-17T17:16:10Z
2026-08-17T17:12:16Z,2026-08-17T19:12:16+0200,f372a1fc-a0b6-48c3-b979-dc927b00239d,2026-08-14T15:15:00Z,2026-08-14T17:15:00+0200,0.0,MW,NL,NL,actual_offshore_wind_generation,Wind Offshore | Actual Consumption,2026-08-17T17:16:10Z
2026-08-17T17:12:16Z,2026-08-17T19:12:16+0200,f372a1fc-a0b6-48c3-b979-dc927b00239d,2026-08-14T15:30:00Z,2026-08-14T17:30:00+0200,271.546,MW,NL,NL,actual_offshore_wind_generation,Wind Offshore | Actual Aggregated,2026-08-17T17:16:10Z
2026-08-17T17:12:16Z,2026-08-17T19:12:16+0200,f372a1fc-a0b6-48c3-b979-dc927b00239d,2026-08-14T15:30:00Z,2026-08-14T17:30:00+0200,0.0,MW,NL,NL,actual_offshore_wind_generation,Wind Offshore | Actual Consumption,2026-08-17T17:16:10Z
2026-08-17T17:12:16Z,2026-08-17T19:12:16+0200,f372a1fc-a0b6-48c3-b979-dc927b00239d,2026-08-14T15:45:00Z,2026-08-14T17:45:00+0200,336.039,MW,NL,NL,actual_offshore_wind_generation,Wind Offshore | Actual Aggregated,2026-08-17T17:16:10Z
2026-08-17T17:12:16Z,2026-08-17T19:12:16+0200,f372a1fc-a0b6-48c3-b979-dc927b00239d,2026-08-14T15:45:00Z,2026-08-14T17:45:00+0200,1.006,MW,NL,NL,actual_offshore_wind_generation,Wind Offshore | Actual Consumption,2026-08-17T17:16:10Z
2026-08-17T17:12:16Z,2026-08-17T19:12:16+0200,f372a1fc-a0b6-48c3-b979-dc927b00239d,2026-08-14T16:00:00Z,2026-08-14T18:00:00+0200,389.324,MW,NL,NL,actual_offshore_wind_generation,Wind Offshore | Actual Aggregated,2026-08-17T17:16:10Z
2026-08-17T17:12:16Z,2026-08-17T19:12:16+0200,f372a1fc-a0b6-48c3-b979-dc927b00239d,2026-08-14T16:00:00Z,2026-08-14T18:00:00+0200,1.558,MW,NL,NL,actual_offshore_wind_generation,Wind Offshore | Actual Consumption,2026-08-17T17:16:10Z
2026-08-17T17:12:16Z,2026-08-17T19:12:16+0200,f372a1fc-a0b6-48c3-b979-dc927b00239d,2026-08-14T16:15:00Z,2026-08-14T18:15:00+0200,420.5,MW,NL,NL,actual_offshore_wind_generation,Wind Offshore | Actual Aggregated,2026-08-17T17:16:10Z
2026-08-17T17:12:16Z,2026-08-17T19:12:16+0200,f372a1fc-a0b6-48c3-b979-dc927b00239d,2026-08-14T16:15:00Z,2026-08-14T18:15:00+0200,1.466,MW,NL,NL,actual_offshore_wind_generation,Wind Offshore | Actual Consumption,2026-08-17T17:16:10Z
2026-08-17T17:12:16Z,2026-08-17T19:12:16+0200,f372a1fc-a0b6-48c3-b979-dc927b00239d,2026-08-14T16:30:00Z,2026-08-14T18:30:00+0200,435.331,MW,NL,NL,actual_offshore_wind_generation,Wind Offshore | Actual Aggregated,2026-08-17T17:16:10Z
2026-08-17T17:12:16Z,2026-08-17T19:12:16+0200,f372a1fc-a0b6-48c3-b979-dc927b00239d,2026-08-14T16:30:00Z,2026-08-14T18:30:00+0200,1.401,MW,NL,NL,actual_offshore_wind_generation,Wind Offshore | Actual Consumption,2026-08-17T17:16:10Z
2026-08-17T17:12:16Z,2026-08-17T19:12:16+0200,f372a1fc-a0b6-48c3-b979-dc927b00239d,2026-08-14T16:45:00Z,2026-08-14T18:45:00+0200,468.342,MW,NL,NL,actual_offshore_wind_generation,Wind Offshore | Actual Aggregated,2026-08-17T17:16:10Z
2026-08-17T17:12:16Z,2026-08-17T19:12:16+0200,f372a1fc-a0b6-48c3-b979-dc927b00239d,2026-08-14T16:45:00Z,2026-08-14T18:45:00+0200,1.543,MW,NL,NL,actual_offshore_wind_generation,Wind Offshore | Actual Consumption,2026-08-17T17:16:10Z
2026-08-17T17:12:16Z,2026-08-17T19:12:16+0200,f372a1fc-a0b6-48c3-b979-dc927b00239d,2026-08-14T17:00:00Z,2026-08-14T19:00:00+0200,484.326,MW,NL,NL,actual_offshore_wind_generation,Wind Offshore | Actual Aggregated,2026-08-17T17:16:10Z
2026-08-17T17:12:16Z,2026-08-17T19:12:16+0200,f372a1fc-a0b6-48c3-b979-dc927b00239d,2026-08-14T17:00:00Z,2026-08-14T19:00:00+0200,1.511,MW,NL,NL,actual_offshore_wind_generation,Wind Offshore | Actual Consumption,2026-08-17T17:16:10Z
2026-08-17T17:12:16Z,2026-08-17T19:12:16+0200,f372a1fc-a0b6-48c3-b979-dc927b00239d,2026-08-14T17:15:00Z,2026-08-14T19:15:00+0200,577.683,MW,NL,NL,actual_offshore_wind_generation,Wind Offshore | Actual Aggregated,2026-08-17T17:16:10Z
2026-08-17T17:12:16Z,2026-08-17T19:12:16+0200,f372a1fc-a0b6-48c3-b979-dc927b00239d,2026-08-14T17:15:00Z,2026-08-14T19:15:00+0200,1.507,MW,NL,NL,actual_offshore_wind_generation,Wind Offshore | Actual Consumption,2026-08-17T17:16:10Z
2026-08-17T17:12:16Z,2026-08-17T19:12:16+0200,f372a1fc-a0b6-48c3-b979-dc927b00239d,2026-08-14T17:30:00Z,2026-08-14T19:30:00+0200,571.741,MW,NL,NL,actual_offshore_wind_generation,Wind Offshore | Actual Aggregated,2026-08-17T17:16:10Z
2026-08-17T17:12:16Z,2026-08-17T19:12:16+0200,f372a1fc-a0b6-48c3-b979-dc927b00239d,2026-08-14T17:30:00Z,2026-08-14T19:30:00+0200,1.812,MW,NL,NL,actual_offshore_wind_generation,Wind Offshore | Actual Consumption,2026-08-17T17:16:10Z
2026-08-17T17:12:16Z,2026-08-17T19:12:16+0200,f372a1fc-a0b6-48c3-b979-dc927b00239d,2026-08-14T17:45:00Z,2026-08-14T19:45:00+0200,671.044,MW,NL,NL,actual_offshore_wind_generation,Wind Offshore | Actual Aggregated,2026-08-17T17:16:10Z
2026-08-17T17:12:16Z,2026-08-17T19:12:16+0200,f372a1fc-a0b6-48c3-b979-dc927b00239d,2026-08-14T17:45:00Z,2026-08-14T19:45:00+0200,1.709,MW,NL,NL,actual_offshore_wind_generation,Wind Offshore | Actual Consumption,2026-08-17T17:16:10Z
2026-08-17T17:12:16Z,2026-08-17T19:12:16+0200,f372a1fc-a0b6-48c3-b979-dc927b00239d,2026-08-14T18:00:00Z,2026-08-14T20:00:00+0200,729.781,MW,NL,NL,actual_offshore_wind_generation,Wind Offshore | Actual Aggregated,2026-08-17T17:16:10Z
2026-08-17T17:12:16Z,2026-08-17T19:12:16+0200,f372a1fc-a0b6-48c3-b979-dc927b00239d,2026-08-14T18:00:00Z,2026-08-14T20:00:00+0200,2.053,MW,NL,NL,actual_offshore_wind_generation,Wind Offshore | Actual Consumption,2026-08-17T17:16:10Z
2026-08-17T17:12:16Z,2026-08-17T19:12:16+0200,f372a1fc-a0b6-48c3-b979-dc927b00239d,2026-08-14T18:15:00Z,2026-08-14T20:15:00+0200,769.766,MW,NL,NL,actual_offshore_wind_generation,Wind Offshore | Actual Aggregated,2026-08-17T17:16:10Z
2026-08-17T17:12:16Z,2026-08-17T19:12:16+0200,f372a1fc-a0b6-48c3-b979-dc927b00239d,2026-08-14T18:15:00Z,2026-08-14T20:15:00+0200,1.722,MW,NL,NL,actual_offshore_wind_generation,Wind Offshore | Actual Consumption,2026-08-17T17:16:10Z
2026-08-17T17:12:16Z,2026-08-17T19:12:16+0200,f372a1fc-a0b6-48c3-b979-dc927b00239d,2026-08-14T18:30:00Z,2026-08-14T20:30:00+0200,776.459,MW,NL,NL,actual_offshore_wind_generation,Wind Offshore | Actual Aggregated,2026-08-17T17:16:10Z
2026-08-17T17:12:16Z,2026-08-17T19:12:16+0200,f372a1fc-a0b6-48c3-b979-dc927b00239d,2026-08-14T18:30:00Z,2026-08-14T20:30:00+0200,2.328,MW,NL,NL,actual_offshore_wind_generation,Wind Offshore | Actual Consumption,2026-08-17T17:16:10Z
2026-08-17T17:12:16Z,2026-08-17T19:12:16+0200,f372a1fc-a0b6-48c3-b979-dc927b00239d,2026-08-14T18:45:00Z,2026-08-14T20:45:00+0200,790.181,MW,NL,NL,actual_offshore_wind_generation,Wind Offshore | Actual Aggregated,2026-08-17T17:16:10Z
2026-08-17T17:12:16Z,2026-08-17T19:12:16+0200,f372a1fc-a0b6-48c3-b979-dc927b00239d,2026-08-14T18:45:00Z,2026-08-14T20:45:00+0200,3.208,MW,NL,NL,actual_offshore_wind_generation,Wind Offshore | Actual Consumption,2026-08-17T17:16:10Z
2026-08-17T17:12:16Z,2026-08-17T19:12:16+0200,f372a1fc-a0b6-48c3-b979-dc927b00239d,2026-08-14T19:00:00Z,2026-08-14T21:00:00+0200,724.432,MW,NL,NL,actual_offshore_wind_generation,Wind Offshore | Actual Aggregated,2026-08-17T17:16:10Z
2026-08-17T17:12:16Z,2026-08-17T19:12:16+0200,f372a1fc-a0b6-48c3-b979-dc927b00239d,2026-08-14T19:00:00Z,2026-08-14T21:00:00+0200,2.676,MW,NL,NL,actual_offshore_wind_generation,Wind Offshore | Actual Consumption,2026-08-17T17:16:10Z
2026-08-17T17:12:16Z,2026-08-17T19:12:16+0200,f372a1fc-a0b6-48c3-b979-dc927b00239d,2026-08-14T19:15:00Z,2026-08-14T21:15:00+0200,692.58,MW,NL,NL,actual_offshore_wind_generation,Wind Offshore | Actual Aggregated,2026-08-17T17:16:10Z
2026-08-17T17:12:16Z,2026-08-17T19:12:16+0200,f372a1fc-a0b6-48c3-b979-dc927b00239d,2026-08-14T19:15:00Z,2026-08-14T21:15:00+0200,2.158,MW,NL,NL,actual_offshore_wind_generation,Wind Offshore | Actual Consumption,2026-08-17T17:16:10Z
2026-08-17T17:12:16Z,2026-08-17T19:12:16+0200,f372a1fc-a0b6-48c3-b979-dc927b00239d,2026-08-14T19:30:00Z,2026-08-14T21:30:00+0200,637.661,MW,NL,NL,actual_offshore_wind_generation,Wind Offshore | Actual Aggregated,2026-08-17T17:16:10Z
2026-08-17T17:12:16Z,2026-08-17T19:12:16+0200,f372a1fc-a0b6-48c3-b979-dc927b00239d,2026-08-14T19:30:00Z,2026-08-14T21:30:00+0200,2.159,MW,NL,NL,actual_offshore_wind_generation,Wind Offshore | Actual Consumption,2026-08-17T17:16:10Z
2026-08-17T17:12:16Z,2026-08-17T19:12:16+0200,f372a1fc-a0b6-48c3-b979-dc927b00239d,2026-08-14T19:45:00Z,2026-08-14T21:45:00+0200,652.041,MW,NL,NL,actual_offshore_wind_generation,Wind Offshore | Actual Aggregated,2026-08-17T17:16:10Z
2026-08-17T17:12:16Z,2026-08-17T19:12:16+0200,f372a1fc-a0b6-48c3-b979-dc927b00239d,2026-08-14T19:45:00Z,2026-08-14T21:45:00+0200,1.907,MW,NL,NL,actual_offshore_wind_generation,Wind Offshore | Actual Consumption,2026-08-17T17:16:10Z
2026-08-17T17:12:16Z,2026-08-17T19:12:16+0200,f372a1fc-a0b6-48c3-b979-dc927b00239d,2026-08-14T20:00:00Z,2026-08-14T22:00:00+0200,659.603,MW,NL,NL,actual_offshore_wind_generation,Wind Offshore | Actual Aggregated,2026-08-17T17:16:10Z
2026-08-17T17:12:16Z,2026-08-17T19:12:16+0200,f372a1fc-a0b6-48c3-b979-dc927b00239d,2026-08-14T20:00:00Z,2026-08-14T22:00:00+0200,2.883,MW,NL,NL,actual_offshore_wind_generation,Wind Offshore | Actual Consumption,2026-08-17T17:16:10Z
2026-08-17T17:12:16Z,2026-08-17T19:12:16+0200,f372a1fc-a0b6-48c3-b979-dc927b00239d,2026-08-14T20:15:00Z,2026-08-14T22:15:00+0200,633.426,MW,NL,NL,actual_offshore_wind_generation,Wind Offshore | Actual Aggregated,2026-08-17T17:16:10Z
2026-08-17T17:12:16Z,2026-08-17T19:12:16+0200,f372a1fc-a0b6-48c3-b979-dc927b00239d,2026-08-14T20:15:00Z,2026-08-14T22:15:00+0200,2.843,MW,NL,NL,actual_offshore_wind_generation,Wind Offshore | Actual Consumption,2026-08-17T17:16:10Z
2026-08-17T17:12:16Z,2026-08-17T19:12:16+0200,f372a1fc-a0b6-48c3-b979-dc927b00239d,2026-08-14T20:30:00Z,2026-08-14T22:30:00+0200,630.083,MW,NL,NL,actual_offshore_wind_generation,Wind Offshore | Actual Aggregated,2026-08-17T17:16:10Z
2026-08-17T17:12:16Z,2026-08-17T19:12:16+0200,f372a1fc-a0b6-48c3-b979-dc927b00239d,2026-08-14T20:30:00Z,2026-08-14T22:30:00+0200,2.514,MW,NL,NL,actual_offshore_wind_generation,Wind Offshore | Actual Consumption,2026-08-17T17:16:10Z
2026-08-17T17:12:16Z,2026-08-17T19:12:16+0200,f372a1fc-a0b6-48c3-b979-dc927b00239d,2026-08-14T20:45:00Z,2026-08-14T22:45:00+0200,653.594,MW,NL,NL,actual_offshore_wind_generation,Wind Offshore | Actual Aggregated,2026-08-17T17:16:10Z
2026-08-17T17:12:16Z,2026-08-17T19:12:16+0200,f372a1fc-a0b6-48c3-b979-dc927b00239d,2026-08-14T20:45:00Z,2026-08-14T22:45:00+0200,2.642,MW,NL,NL,actual_offshore_wind_generation,Wind Offshore | Actual Consumption,2026-08-17T17:16:10Z
2026-08-17T17:12:16Z,2026-08-17T19:12:16+0200,f372a1fc-a0b6-48c3-b979-dc927b00239d,2026-08-14T21:00:00Z,2026-08-14T23:00:00+0200,625.857,MW,NL,NL,actual_offshore_wind_generation,Wind Offshore | Actual Aggregated,2026-08-17T17:16:10Z
2026-08-17T17:12:16Z,2026-08-17T19:12:16+0200,f372a1fc-a0b6-48c3-b979-dc927b00239d,2026-08-14T21:00:00Z,2026-08-14T23:00:00+0200,2.096,MW,NL,NL,actual_offshore_wind_generation,Wind Offshore | Actual Consumption,2026-08-17T17:16:10Z
2026-08-17T17:12:16Z,2026-08-17T19:12:16+0200,f372a1fc-a0b6-48c3-b979-dc927b00239d,2026-08-14T21:15:00Z,2026-08-14T23:15:00+0200,599.357,MW,NL,NL,actual_offshore_wind_generation,Wind Offshore | Actual Aggregated,2026-08-17T17:16:10Z
2026-08-17T17:12:16Z,2026-08-17T19:12:16+0200,f372a1fc-a0b6-48c3-b979-dc927b00239d,2026-08-14T21:15:00Z,2026-08-14T23:15:00+0200,1.846,MW,NL,NL,actual_offshore_wind_generation,Wind Offshore | Actual Consumption,2026-08-17T17:16:10Z
2026-08-17T17:12:16Z,2026-08-17T19:12:16+0200,f372a1fc-a0b6-48c3-b979-dc927b00239d,2026-08-14T21:30:00Z,2026-08-14T23:30:00+0200,586.177,MW,NL,NL,actual_offshore_wind_generation,Wind Offshore | Actual Aggregated,2026-08-17T17:16:10Z
2026-08-17T17:12:16Z,2026-08-17T19:12:16+0200,f372a1fc-a0b6-48c3-b979-dc927b00239d,2026-08-14T21:30:00Z,2026-08-14T23:30:00+0200,1.904,MW,NL,NL,actual_offshore_wind_generation,Wind Offshore | Actual Consumption,2026-08-17T17:16:10Z
2026-08-17T17:12:16Z,2026-08-17T19:12:16+0200,f372a1fc-a0b6-48c3-b979-dc927b00239d,2026-08-14T21:45:00Z,2026-08-14T23:45:00+0200,574.248,MW,NL,NL,actual_offshore_wind_generation,Wind Offshore | Actual Aggregated,2026-08-17T17:16:10Z
2026-08-17T17:12:16Z,2026-08-17T19:12:16+0200,f372a1fc-a0b6-48c3-b979-dc927b00239d,2026-08-14T21:45:00Z,2026-08-14T23:45:00+0200,1.592,MW,NL,NL,actual_offshore_wind_generation,Wind Offshore | Actual Consumption,2026-08-17T17:16:10Z
2026-08-17T17:12:16Z,2026-08-17T19:12:16+0200,f372a1fc-a0b6-48c3-b979-dc927b00239d,2026-08-14T22:00:00Z,2026-08-15T00:00:00+0200,542.662,MW,NL,NL,actual_offshore_wind_generation,Wind Offshore | Actual Aggregated,2026-08-17T17:16:10Z
2026-08-17T17:12:16Z,2026-08-17T19:12:16+0200,f372a1fc-a0b6-48c3-b979-dc927b00239d,2026-08-14T22:00:00Z,2026-08-15T00:00:00+0200,2.048,MW,NL,NL,actual_offshore_wind_generation,Wind Offshore | Actual Consumption,2026-08-17T17:16:10Z
2026-08-17T17:12:16Z,2026-08-17T19:12:16+0200,f372a1fc-a0b6-48c3-b979-dc927b00239d,2026-08-14T22:15:00Z,2026-08-15T00:15:00+0200,519.528,MW,NL,NL,actual_offshore_wind_generation,Wind Offshore | Actual Aggregated,2026-08-17T17:16:10Z
2026-08-17T17:12:16Z,2026-08-17T19:12:16+0200,f372a1fc-a0b6-48c3-b979-dc927b00239d,2026-08-14T22:15:00Z,2026-08-15T00:15:00+0200,1.757,MW,NL,NL,actual_offshore_wind_generation,Wind Offshore | Actual Consumption,2026-08-17T17:16:10Z
2026-08-17T17:12:16Z,2026-08-17T19:12:16+0200,f372a1fc-a0b6-48c3-b979-dc927b00239d,2026-08-14T22:30:00Z,2026-08-15T00:30:00+0200,545.457,MW,NL,NL,actual_offshore_wind_generation,Wind Offshore | Actual Aggregated,2026-08-17T17:16:10Z
2026-08-17T17:12:16Z,2026-08-17T19:12:16+0200,f372a1fc-a0b6-48c3-b979-dc927b00239d,2026-08-14T22:30:00Z,2026-08-15T00:30:00+0200,1.762,MW,NL,NL,actual_offshore_wind_generation,Wind Offshore | Actual Consumption,2026-08-17T17:16:10Z
2026-08-17T17:12:16Z,2026-08-17T19:12:16+0200,f372a1fc-a0b6-48c3-b979-dc927b00239d,2026-08-14T22:45:00Z,2026-08-15T00:45:00+0200,557.708,MW,NL,NL,actual_offshore_wind_generation,Wind Offshore | Actual Aggregated,2026-08-17T17:16:10Z
2026-08-17T17:12:16Z,2026-08-17T19:12:16+0200,f372a1fc-a0b6-48c3-b979-dc927b00239d,2026-08-14T22:45:00Z,2026-08-15T00:45:00+0200,2.089,MW,NL,NL,actual_offshore_wind_generation,Wind Offshore | Actual Consumption,2026-08-17T17:16:10Z
2026-08-17T17:12:16Z,2026-08-17T19:12:16+0200,f372a1fc-a0b6-48c3-b979-dc927b00239d,2026-08-14T23:00:00Z,2026-08-15T01:00:00+0200,529.836,MW,NL,NL,actual_offshore_wind_generation,Wind Offshore | Actual Aggregated,2026-08-17T17:16:10Z
2026-08-17T17:12:16Z,2026-08-17T19:12:16+0200,f372a1fc-a0b6-48c3-b979-dc927b00239d,2026-08-14T23:00:00Z,2026-08-15T01:00:00+0200,1.902,MW,NL,NL,actual_offshore_wind_generation,Wind Offshore | Actual Consumption,2026-08-17T17:16:10Z
2026-08-17T17:12:16Z,2026-08-17T19:12:16+0200,f372a1fc-a0b6-48c3-b979-dc927b00239d,2026-08-14T23:15:00Z,2026-08-15T01:15:00+0200,506.931,MW,NL,NL,actual_offshore_wind_generation,Wind Offshore | Actual Aggregated,2026-08-17T17:16:10Z
2026-08-17T17:12:16Z,2026-08-17T19:12:16+0200,f372a1fc-a0b6-48c3-b979-dc927b00239d,2026-08-14T23:15:00Z,2026-08-15T01:15:00+0200,1.416,MW,NL,NL,actual_offshore_wind_generation,Wind Offshore | Actual Consumption,2026-08-17T17:16:10Z
2026-08-17T17:12:16Z,2026-08-17T19:12:16+0200,f372a1fc-a0b6-48c3-b979-dc927b00239d,2026-08-14T23:30:00Z,2026-08-15T01:30:00+0200,504.739,MW,NL,NL,actual_offshore_wind_generation,Wind Offshore | Actual Aggregated,2026-08-17T17:16:10Z
2026-08-17T17:12:16Z,2026-08-17T19:12:16+0200,f372a1fc-a0b6-48c3-b979-dc927b00239d,2026-08-14T23:30:00Z,2026-08-15T01:30:00+0200,1.244,MW,NL,NL,actual_offshore_wind_generation,Wind Offshore | Actual Consumption,2026-08-17T17:16:10Z
2026-08-17T17:12:16Z,2026-08-17T19:12:16+0200,f372a1fc-a0b6-48c3-b979-dc927b00239d,2026-08-14T23:45:00Z,2026-08-15T01:45:00+0200,537.608,MW,NL,NL,actual_offshore_wind_generation,Wind Offshore | Actual Aggregated,2026-08-17T17:16:10Z
2026-08-17T17:12:16Z,2026-08-17T19:12:16+0200,f372a1fc-a0b6-48c3-b979-dc927b00239d,2026-08-14T23:45:00Z,2026-08-15T01:45:00+0200,1.3,MW,NL,NL,actual_offshore_wind_generation,Wind Offshore | Actual Consumption,2026-08-17T17:16:10Z
2026-08-17T17:12:16Z,2026-08-17T19:12:16+0200,f372a1fc-a0b6-48c3-b979-dc927b00239d,2026-08-15T00:00:00Z,2026-08-15T02:00:00+0200,540.917,MW,NL,NL,actual_offshore_wind_generation,Wind Offshore | Actual Aggregated,2026-08-17T17:16:10Z
2026-08-17T17:12:16Z,2026-08-17T19:12:16+0200,f372a1fc-a0b6-48c3-b979-dc927b00239d,2026-08-15T00:00:00Z,2026-08-15T02:00:00+0200,0.933,MW,NL,NL,actual_offshore_wind_generation,Wind Offshore | Actual Consumption,2026-08-17T17:16:10Z
2026-08-17T17:12:16Z,2026-08-17T19:12:16+0200,f372a1fc-a0b6-48c3-b979-dc927b00239d,2026-08-15T00:15:00Z,2026-08-15T02:15:00+0200,574.509,MW,NL,NL,actual_offshore_wind_generation,Wind Offshore | Actual Aggregated,2026-08-17T17:16:10Z
2026-08-17T17:12:16Z,2026-08-17T19:12:16+0200,f372a1fc-a0b6-48c3-b979-dc927b00239d,2026-08-15T00:15:00Z,2026-08-15T02:15:00+0200,0.732,MW,NL,NL,actual_offshore_wind_generation,Wind Offshore | Actual Consumption,2026-08-17T17:16:10Z
2026-08-17T17:12:16Z,2026-08-17T19:12:16+0200,f372a1fc-a0b6-48c3-b979-dc927b00239d,2026-08-15T00:30:00Z,2026-08-15T02:30:00+0200,559.194,MW,NL,NL,actual_offshore_wind_generation,Wind Offshore | Actual Aggregated,2026-08-17T17:16:10Z
2026-08-17T17:12:16Z,2026-08-17T19:12:16+0200,f372a1fc-a0b6-48c3-b979-dc927b00239d,2026-08-15T00:30:00Z,2026-08-15T02:30:00+0200,1.389,MW,NL,NL,actual_offshore_wind_generation,Wind Offshore | Actual Consumption,2026-08-17T17:16:10Z
2026-08-17T17:12:16Z,2026-08-17T19:12:16+0200,f372a1fc-a0b6-48c3-b979-dc927b00239d,2026-08-15T00:45:00Z,2026-08-15T02:45:00+0200,569.83,MW,NL,NL,actual_offshore_wind_generation,Wind Offshore | Actual Aggregated,2026-08-17T17:16:10Z
2026-08-17T17:12:16Z,2026-08-17T19:12:16+0200,f372a1fc-a0b6-48c3-b979-dc927b00239d,2026-08-15T00:45:00Z,2026-08-15T02:45:00+0200,1.688,MW,NL,NL,actual_offshore_wind_generation,Wind Offshore | Actual Consumption,2026-08-17T17:16:10Z
2026-08-17T17:12:16Z,2026-08-17T19:12:16+0200,f372a1fc-a0b6-48c3-b979-dc927b00239d,2026-08-15T01:00:00Z,2026-08-15T03:00:00+0200,675.955,MW,NL,NL,actual_offshore_wind_generation,Wind Offshore | Actual Aggregated,2026-08-17T17:16:10Z
2026-08-17T17:12:16Z,2026-08-17T19:12:16+0200,f372a1fc-a0b6-48c3-b979-dc927b00239d,2026-08-15T01:00:00Z,2026-08-15T03:00:00+0200,1.47,MW,NL,NL,actual_offshore_wind_generation,Wind Offshore | Actual Consumption,2026-08-17T17:16:10Z
2026-08-17T17:12:16Z,2026-08-17T19:12:16+0200,f372a1fc-a0b6-48c3-b979-dc927b00239d,2026-08-15T01:15:00Z,2026-08-15T03:15:00+0200,725.904,MW,NL,NL,actual_offshore_wind_generation,Wind Offshore | Actual Aggregated,2026-08-17T17:16:10Z
2026-08-17T17:12:16Z,2026-08-17T19:12:16+0200,f372a1fc-a0b6-48c3-b979-dc927b00239d,2026-08-15T01:15:00Z,2026-08-15T03:15:00+0200,0.825,MW,NL,NL,actual_offshore_wind_generation,Wind Offshore | Actual Consumption,2026-08-17T17:16:10Z
2026-08-17T17:12:16Z,2026-08-17T19:12:16+0200,f372a1fc-a0b6-48c3-b979-dc927b00239d,2026-08-15T01:30:00Z,2026-08-15T03:30:00+0200,701.226,MW,NL,NL,actual_offshore_wind_generation,Wind Offshore | Actual Aggregated,2026-08-17T17:16:10Z
2026-08-17T17:12:16Z,2026-08-17T19:12:16+0200,f372a1fc-a0b6-48c3-b979-dc927b00239d,2026-08-15T01:30:00Z,2026-08-15T03:30:00+0200,1.058,MW,NL,NL,actual_offshore_wind_generation,Wind Offshore | Actual Consumption,2026-08-17T17:16:10Z
2026-08-17T17:12:16Z,2026-08-17T19:12:16+0200,f372a1fc-a0b6-48c3-b979-dc927b00239d,2026-08-15T01:45:00Z,2026-08-15T03:45:00+0200,669.312,MW,NL,NL,actual_offshore_wind_generation,Wind Offshore | Actual Aggregated,2026-08-17T17:16:10Z
2026-08-17T17:12:16Z,2026-08-17T19:12:16+0200,f372a1fc-a0b6-48c3-b979-dc927b00239d,2026-08-15T01:45:00Z,2026-08-15T03:45:00+0200,1.422,MW,NL,NL,actual_offshore_wind_generation,Wind Offshore | Actual Consumption,2026-08-17T17:16:10Z
2026-08-17T17:12:16Z,2026-08-17T19:12:16+0200,f372a1fc-a0b6-48c3-b979-dc927b00239d,2026-08-15T02:00:00Z,2026-08-15T04:00:00+0200,658.196,MW,NL,NL,actual_offshore_wind_generation,Wind Offshore | Actual Aggregated,2026-08-17T17:16:10Z
2026-08-17T17:12:16Z,2026-08-17T19:12:16+0200,f372a1fc-a0b6-48c3-b979-dc927b00239d,2026-08-15T02:00:00Z,2026-08-15T04:00:00+0200,1.44,MW,NL,NL,actual_offshore_wind_generation,Wind Offshore | Actual Consumption,2026-08-17T17:16:10Z
2026-08-17T17:12:16Z,2026-08-17T19:12:16+0200,f372a1fc-a0b6-48c3-b979-dc927b00239d,2026-08-15T02:15:00Z,2026-08-15T04:15:00+0200,693.308,MW,NL,NL,actual_offshore_wind_generation,Wind Offshore | Actual Aggregated,2026-08-17T17:16:10Z
2026-08-17T17:12:16Z,2026-08-17T19:12:16+0200,f372a1fc-a0b6-48c3-b979-dc927b00239d,2026-08-15T02:15:00Z,2026-08-15T04:15:00+0200,1.615,MW,NL,NL,actual_offshore_wind_generation,Wind Offshore | Actual Consumption,2026-08-17T17:16:10Z
2026-08-17T17:12:16Z,2026-08-17T19:12:16+0200,f372a1fc-a0b6-48c3-b979-dc927b00239d,2026-08-15T02:30:00Z,2026-08-15T04:30:00+0200,650.413,MW,NL,NL,actual_offshore_wind_generation,Wind Offshore | Actual Aggregated,2026-08-17T17:16:10Z
2026-08-17T17:12:16Z,2026-08-17T19:12:16+0200,f372a1fc-a0b6-48c3-b979-dc927b00239d,2026-08-15T02:30:00Z,2026-08-15T04:30:00+0200,1.57,MW,NL,NL,actual_offshore_wind_generation,Wind Offshore | Actual Consumption,2026-08-17T17:16:10Z
2026-08-17T17:12:16Z,2026-08-17T19:12:16+0200,f372a1fc-a0b6-48c3-b979-dc927b00239d,2026-08-15T02:45:00Z,2026-08-15T04:45:00+0200,659.19,MW,NL,NL,actual_offshore_wind_generation,Wind Offshore | Actual Aggregated,2026-08-17T17:16:10Z
2026-08-17T17:12:16Z,2026-08-17T19:12:16+0200,f372a1fc-a0b6-48c3-b979-dc927b00239d,2026-08-15T02:45:00Z,2026-08-15T04:45:00+0200,0.88,MW,NL,NL,actual_offshore_wind_generation,Wind Offshore | Actual Consumption,2026-08-17T17:16:10Z
2026-08-17T17:12:16Z,2026-08-17T19:12:16+0200,f372a1fc-a0b6-48c3-b979-dc927b00239d,2026-08-15T03:00:00Z,2026-08-15T05:00:00+0200,650.892,MW,NL,NL,actual_offshore_wind_generation,Wind Offshore | Actual Aggregated,2026-08-17T17:16:10Z
2026-08-17T17:12:16Z,2026-08-17T19:12:16+0200,f372a1fc-a0b6-48c3-b979-dc927b00239d,2026-08-15T03:00:00Z,2026-08-15T05:00:00+0200,1.727,MW,NL,NL,actual_offshore_wind_generation,Wind Offshore | Actual Consumption,2026-08-17T17:16:10Z
2026-08-17T17:12:16Z,2026-08-17T19:12:16+0200,f372a1fc-a0b6-48c3-b979-dc927b00239d,2026-08-15T03:15:00Z,2026-08-15T05:15:00+0200,696.974,MW,NL,NL,actual_offshore_wind_generation,Wind Offshore | Actual Aggregated,2026-08-17T17:16:10Z
2026-08-17T17:12:16Z,2026-08-17T19:12:16+0200,f372a1fc-a0b6-48c3-b979-dc927b00239d,2026-08-15T03:15:00Z,2026-08-15T05:15:00+0200,1.141,MW,NL,NL,actual_offshore_wind_generation,Wind Offshore | Actual Consumption,2026-08-17T17:16:10Z
2026-08-17T17:12:16Z,2026-08-17T19:12:16+0200,f372a1fc-a0b6-48c3-b979-dc927b00239d,2026-08-15T03:30:00Z,2026-08-15T05:30:00+0200,796.299,MW,NL,NL,actual_offshore_wind_generation,Wind Offshore | Actual Aggregated,2026-08-17T17:16:10Z
2026-08-17T17:12:16Z,2026-08-17T19:12:16+0200,f372a1fc-a0b6-48c3-b979-dc927b00239d,2026-08-15T03:30:00Z,2026-08-15T05:30:00+0200,0.881,MW,NL,NL,actual_offshore_wind_generation,Wind Offshore | Actual Consumption,2026-08-17T17:16:10Z
2026-08-17T17:12:16Z,2026-08-17T19:12:16+0200,f372a1fc-a0b6-48c3-b979-dc927b00239d,2026-08-15T03:45:00Z,2026-08-15T05:45:00+0200,837.137,MW,NL,NL,actual_offshore_wind_generation,Wind Offshore | Actual Aggregated,2026-08-17T17:16:10Z
2026-08-17T17:12:16Z,2026-08-17T19:12:16+0200,f372a1fc-a0b6-48c3-b979-dc927b00239d,2026-08-15T03:45:00Z,2026-08-15T05:45:00+0200,2.575,MW,NL,NL,actual_offshore_wind_generation,Wind Offshore | Actual Consumption,2026-08-17T17:16:10Z
2026-08-17T17:12:16Z,2026-08-17T19:12:16+0200,f372a1fc-a0b6-48c3-b979-dc927b00239d,2026-08-15T04:00:00Z,2026-08-15T06:00:00+0200,949.404,MW,NL,NL,actual_offshore_wind_generation,Wind Offshore | Actual Aggregated,2026-08-17T17:16:10Z
2026-08-17T17:12:16Z,2026-08-17T19:12:16+0200,f372a1fc-a0b6-48c3-b979-dc927b00239d,2026-08-15T04:00:00Z,2026-08-15T06:00:00+0200,4.224,MW,NL,NL,actual_offshore_wind_generation,Wind Offshore | Actual Consumption,2026-08-17T17:16:10Z
2026-08-17T17:12:16Z,2026-08-17T19:12:16+0200,f372a1fc-a0b6-48c3-b979-dc927b00239d,2026-08-15T04:15:00Z,2026-08-15T06:15:00+0200,1022.039,MW,NL,NL,actual_offshore_wind_generation,Wind Offshore | Actual Aggregated,2026-08-17T17:16:10Z
2026-08-17T17:12:16Z,2026-08-17T19:12:16+0200,f372a1fc-a0b6-48c3-b979-dc927b00239d,2026-08-15T04:15:00Z,2026-08-15T06:15:00+0200,2.716,MW,NL,NL,actual_offshore_wind_generation,Wind Offshore | Actual Consumption,2026-08-17T17:16:10Z
2026-08-17T17:12:16Z,2026-08-17T19:12:16+0200,f372a1fc-a0b6-48c3-b979-dc927b00239d,2026-08-15T04:30:00Z,2026-08-15T06:30:00+0200,968.006,MW,NL,NL,actual_offshore_wind_generation,Wind Offshore | Actual Aggregated,2026-08-17T17:16:10Z
2026-08-17T17:12:16Z,2026-08-17T19:12:16+0200,f372a1fc-a0b6-48c3-b979-dc927b00239d,2026-08-15T04:30:00Z,2026-08-15T06:30:00+0200,1.218,MW,NL,NL,actual_offshore_wind_generation,Wind Offshore | Actual Consumption,2026-08-17T17:16:10Z
2026-08-17T17:12:16Z,2026-08-17T19:12:16+0200,f372a1fc-a0b6-48c3-b979-dc927b00239d,2026-08-15T04:45:00Z,2026-08-15T06:45:00+0200,746.582,MW,NL,NL,actual_offshore_wind_generation,Wind Offshore | Actual Aggregated,2026-08-17T17:16:10Z
2026-08-17T17:12:16Z,2026-08-17T19:12:16+0200,f372a1fc-a0b6-48c3-b979-dc927b00239d,2026-08-15T04:45:00Z,2026-08-15T06:45:00+0200,1.03,MW,NL,NL,actual_offshore_wind_generation,Wind Offshore | Actual Consumption,2026-08-17T17:16:10Z
2026-08-17T17:12:16Z,2026-08-17T19:12:16+0200,f372a1fc-a0b6-48c3-b979-dc927b00239d,2026-08-15T05:00:00Z,2026-08-15T07:00:00+0200,705.914,MW,NL,NL,actual_offshore_wind_generation,Wind Offshore | Actual Aggregated,2026-08-17T17:16:10Z
2026-08-17T17:12:16Z,2026-08-17T19:12:16+0200,f372a1fc-a0b6-48c3-b979-dc927b00239d,2026-08-15T05:00:00Z,2026-08-15T07:00:00+0200,1.137,MW,NL,NL,actual_offshore_wind_generation,Wind Offshore | Actual Consumption,2026-08-17T17:16:10Z
2026-08-17T17:12:16Z,2026-08-17T19:12:16+0200,f372a1fc-a0b6-48c3-b979-dc927b00239d,2026-08-15T05:15:00Z,2026-08-15T07:15:00+0200,685.294,MW,NL,NL,actual_offshore_wind_generation,Wind Offshore | Actual Aggregated,2026-08-17T17:16:10Z
2026-08-17T17:12:16Z,2026-08-17T19:12:16+0200,f372a1fc-a0b6-48c3-b979-dc927b00239d,2026-08-15T05:15:00Z,2026-08-15T07:15:00+0200,2.53,MW,NL,NL,actual_offshore_wind_generation,Wind Offshore | Actual Consumption,2026-08-17T17:16:10Z
2026-08-17T17:12:16Z,2026-08-17T19:12:16+0200,f372a1fc-a0b6-48c3-b979-dc927b00239d,2026-08-15T05:30:00Z,2026-08-15T07:30:00+0200,773.428,MW,NL,NL,actual_offshore_wind_generation,Wind Offshore | Actual Aggregated,2026-08-17T17:16:10Z
2026-08-17T17:12:16Z,2026-08-17T19:12:16+0200,f372a1fc-a0b6-48c3-b979-dc927b00239d,2026-08-15T05:30:00Z,2026-08-15T07:30:00+0200,5.145,MW,NL,NL,actual_offshore_wind_generation,Wind Offshore | Actual Consumption,2026-08-17T17:16:10Z
2026-08-17T17:12:16Z,2026-08-17T19:12:16+0200,f372a1fc-a0b6-48c3-b979-dc927b00239d,2026-08-15T05:45:00Z,2026-08-15T07:45:00+0200,819.029,MW,NL,NL,actual_offshore_wind_generation,Wind Offshore | Actual Aggregated,2026-08-17T17:16:10Z
2026-08-17T17:12:16Z,2026-08-17T19:12:16+0200,f372a1fc-a0b6-48c3-b979-dc927b00239d,2026-08-15T05:45:00Z,2026-08-15T07:45:00+0200,1.329,MW,NL,NL,actual_offshore_wind_generation,Wind Offshore | Actual Consumption,2026-08-17T17:16:10Z
2026-08-17T17:12:16Z,2026-08-17T19:12:16+0200,f372a1fc-a0b6-48c3-b979-dc927b00239d,2026-08-15T06:00:00Z,2026-08-15T08:00:00+0200,710.245,MW,NL,NL,actual_offshore_wind_generation,Wind Offshore | Actual Aggregated,2026-08-17T17:16:10Z
2026-08-17T17:12:16Z,2026-08-17T19:12:16+0200,f372a1fc-a0b6-48c3-b979-dc927b00239d,2026-08-15T06:00:00Z,2026-08-15T08:00:00+0200,1.883,MW,NL,NL,actual_offshore_wind_generation,Wind Offshore | Actual Consumption,2026-08-17T17:16:10Z
2026-08-17T17:12:16Z,2026-08-17T19:12:16+0200,f372a1fc-a0b6-48c3-b979-dc927b00239d,2026-08-15T06:15:00Z,2026-08-15T08:15:00+0200,765.036,MW,NL,NL,actual_offshore_wind_generation,Wind Offshore | Actual Aggregated,2026-08-17T17:16:10Z
2026-08-17T17:12:16Z,2026-08-17T19:12:16+0200,f372a1fc-a0b6-48c3-b979-dc927b00239d,2026-08-15T06:15:00Z,2026-08-15T08:15:00+0200,3.245,MW,NL,NL,actual_offshore_wind_generation,Wind Offshore | Actual Consumption,2026-08-17T17:16:10Z
2026-08-17T17:12:16Z,2026-08-17T19:12:16+0200,f372a1fc-a0b6-48c3-b979-dc927b00239d,2026-08-15T06:30:00Z,2026-08-15T08:30:00+0200,758.267,MW,NL,NL,actual_offshore_wind_generation,Wind Offshore | Actual Aggregated,2026-08-17T17:16:10Z
2026-08-17T17:12:16Z,2026-08-17T19:12:16+0200,f372a1fc-a0b6-48c3-b979-dc927b00239d,2026-08-15T06:30:00Z,2026-08-15T08:30:00+0200,2.188,MW,NL,NL,actual_offshore_wind_generation,Wind Offshore | Actual Consumption,2026-08-17T17:16:10Z
2026-08-17T17:12:16Z,2026-08-17T19:12:16+0200,f372a1fc-a0b6-48c3-b979-dc927b00239d,2026-08-15T06:45:00Z,2026-08-15T08:45:00+0200,618.434,MW,NL,NL,actual_offshore_wind_generation,Wind Offshore | Actual Aggregated,2026-08-17T17:16:10Z
2026-08-17T17:12:16Z,2026-08-17T19:12:16+0200,f372a1fc-a0b6-48c3-b979-dc927b00239d,2026-08-15T06:45:00Z,2026-08-15T08:45:00+0200,0.976,MW,NL,NL,actual_offshore_wind_generation,Wind Offshore | Actual Consumption,2026-08-17T17:16:10Z
2026-08-17T17:12:16Z,2026-08-17T19:12:16+0200,f372a1fc-a0b6-48c3-b979-dc927b00239d,2026-08-15T07:00:00Z,2026-08-15T09:00:00+0200,661.141,MW,NL,NL,actual_offshore_wind_generation,Wind Offshore | Actual Aggregated,2026-08-17T17:16:10Z
2026-08-17T17:12:16Z,2026-08-17T19:12:16+0200,f372a1fc-a0b6-48c3-b979-dc927b00239d,2026-08-15T07:00:00Z,2026-08-15T09:00:00+0200,0.839,MW,NL,NL,actual_offshore_wind_generation,Wind Offshore | Actual Consumption,2026-08-17T17:16:10Z
2026-08-17T17:12:16Z,2026-08-17T19:12:16+0200,f372a1fc-a0b6-48c3-b979-dc927b00239d,2026-08-15T07:15:00Z,2026-08-15T09:15:00+0200,564.462,MW,NL,NL,actual_offshore_wind_generation,Wind Offshore | Actual Aggregated,2026-08-17T17:16:10Z
2026-08-17T17:12:16Z,2026-08-17T19:12:16+0200,f372a1fc-a0b6-48c3-b979-dc927b00239d,2026-08-15T07:15:00Z,2026-08-15T09:15:00+0200,0.0,MW,NL,NL,actual_offshore_wind_generation,Wind Offshore | Actual Consumption,2026-08-17T17:16:10Z
2026-08-17T17:12:16Z,2026-08-17T19:12:16+0200,f372a1fc-a0b6-48c3-b979-dc927b00239d,2026-08-15T07:30:00Z,2026-08-15T09:30:00+0200,572.522,MW,NL,NL,actual_offshore_wind_generation,Wind Offshore | Actual Aggregated,2026-08-17T17:16:10Z
2026-08-17T17:12:16Z,2026-08-17T19:12:16+0200,f372a1fc-a0b6-48c3-b979-dc927b00239d,2026-08-15T07:30:00Z,2026-08-15T09:30:00+0200,0.975,MW,NL,NL,actual_offshore_wind_generation,Wind Offshore | Actual Consumption,2026-08-17T17:16:10Z
2026-08-17T17:12:16Z,2026-08-17T19:12:16+0200,f372a1fc-a0b6-48c3-b979-dc927b00239d,2026-08-15T07:45:00Z,2026-08-15T09:45:00+0200,541.476,MW,NL,NL,actual_offshore_wind_generation,Wind Offshore | Actual Aggregated,2026-08-17T17:16:10Z
2026-08-17T17:12:16Z,2026-08-17T19:12:16+0200,f372a1fc-a0b6-48c3-b979-dc927b00239d,2026-08-15T07:45:00Z,2026-08-15T09:45:00+0200,0.913,MW,NL,NL,actual_offshore_wind_generation,Wind Offshore | Actual Consumption,2026-08-17T17:16:10Z
2026-08-17T17:12:16Z,2026-08-17T19:12:16+0200,f372a1fc-a0b6-48c3-b979-dc927b00239d,2026-08-15T08:00:00Z,2026-08-15T10:00:00+0200,532.444,MW,NL,NL,actual_offshore_wind_generation,Wind Offshore | Actual Aggregated,2026-08-17T17:16:10Z
2026-08-17T17:12:16Z,2026-08-17T19:12:16+0200,f372a1fc-a0b6-48c3-b979-dc927b00239d,2026-08-15T08:00:00Z,2026-08-15T10:00:00+0200,1.829,MW,NL,NL,actual_offshore_wind_generation,Wind Offshore | Actual Consumption,2026-08-17T17:16:10Z
2026-08-17T17:12:16Z,2026-08-17T19:12:16+0200,f372a1fc-a0b6-48c3-b979-dc927b00239d,2026-08-15T08:15:00Z,2026-08-15T10:15:00+0200,555.308,MW,NL,NL,actual_offshore_wind_generation,Wind Offshore | Actual Aggregated,2026-08-17T17:16:10Z
2026-08-17T17:12:16Z,2026-08-17T19:12:16+0200,f372a1fc-a0b6-48c3-b979-dc927b00239d,2026-08-15T08:15:00Z,2026-08-15T10:15:00+0200,2.989,MW,NL,NL,actual_offshore_wind_generation,Wind Offshore | Actual Consumption,2026-08-17T17:16:10Z
2026-08-17T17:12:16Z,2026-08-17T19:12:16+0200,f372a1fc-a0b6-48c3-b979-dc927b00239d,2026-08-15T08:30:00Z,2026-08-15T10:30:00+0200,636.331,MW,NL,NL,actual_offshore_wind_generation,Wind Offshore | Actual Aggregated,2026-08-17T17:16:10Z
2026-08-17T17:12:16Z,2026-08-17T19:12:16+0200,f372a1fc-a0b6-48c3-b979-dc927b00239d,2026-08-15T08:30:00Z,2026-08-15T10:30:00+0200,1.9,MW,NL,NL,actual_offshore_wind_generation,Wind Offshore | Actual Consumption,2026-08-17T17:16:10Z
2026-08-17T17:12:16Z,2026-08-17T19:12:16+0200,f372a1fc-a0b6-48c3-b979-dc927b00239d,2026-08-15T08:45:00Z,2026-08-15T10:45:00+0200,686.533,MW,NL,NL,actual_offshore_wind_generation,Wind Offshore | Actual Aggregated,2026-08-17T17:16:10Z
2026-08-17T17:12:16Z,2026-08-17T19:12:16+0200,f372a1fc-a0b6-48c3-b979-dc927b00239d,2026-08-15T08:45:00Z,2026-08-15T10:45:00+0200,2.108,MW,NL,NL,actual_offshore_wind_generation,Wind Offshore | Actual Consumption,2026-08-17T17:16:10Z
2026-08-17T17:12:16Z,2026-08-17T19:12:16+0200,f372a1fc-a0b6-48c3-b979-dc927b00239d,2026-08-15T09:00:00Z,2026-08-15T11:00:00+0200,745.589,MW,NL,NL,actual_offshore_wind_generation,Wind Offshore | Actual Aggregated,2026-08-17T17:16:10Z
2026-08-17T17:12:16Z,2026-08-17T19:12:16+0200,f372a1fc-a0b6-48c3-b979-dc927b00239d,2026-08-15T09:00:00Z,2026-08-15T11:00:00+0200,4.607,MW,NL,NL,actual_offshore_wind_generation,Wind Offshore | Actual Consumption,2026-08-17T17:16:10Z
2026-08-17T17:12:16Z,2026-08-17T19:12:16+0200,f372a1fc-a0b6-48c3-b979-dc927b00239d,2026-08-15T09:15:00Z,2026-08-15T11:15:00+0200,843.223,MW,NL,NL,actual_offshore_wind_generation,Wind Offshore | Actual Aggregated,2026-08-17T17:16:10Z
2026-08-17T17:12:16Z,2026-08-17T19:12:16+0200,f372a1fc-a0b6-48c3-b979-dc927b00239d,2026-08-15T09:15:00Z,2026-08-15T11:15:00+0200,6.704,MW,NL,NL,actual_offshore_wind_generation,Wind Offshore | Actual Consumption,2026-08-17T17:16:10Z
2026-08-17T17:12:16Z,2026-08-17T19:12:16+0200,f372a1fc-a0b6-48c3-b979-dc927b00239d,2026-08-15T09:30:00Z,2026-08-15T11:30:00+0200,921.256,MW,NL,NL,actual_offshore_wind_generation,Wind Offshore | Actual Aggregated,2026-08-17T17:16:10Z
2026-08-17T17:12:16Z,2026-08-17T19:12:16+0200,f372a1fc-a0b6-48c3-b979-dc927b00239d,2026-08-15T09:30:00Z,2026-08-15T11:30:00+0200,6.31,MW,NL,NL,actual_offshore_wind_generation,Wind Offshore | Actual Consumption,2026-08-17T17:16:10Z
2026-08-17T17:12:16Z,2026-08-17T19:12:16+0200,f372a1fc-a0b6-48c3-b979-dc927b00239d,2026-08-15T09:45:00Z,2026-08-15T11:45:00+0200,1031.118,MW,NL,NL,actual_offshore_wind_generation,Wind Offshore | Actual Aggregated,2026-08-17T17:16:10Z
2026-08-17T17:12:16Z,2026-08-17T19:12:16+0200,f372a1fc-a0b6-48c3-b979-dc927b00239d,2026-08-15T09:45:00Z,2026-08-15T11:45:00+0200,7.157,MW,NL,NL,actual_offshore_wind_generation,Wind Offshore | Actual Consumption,2026-08-17T17:16:10Z
2026-08-17T17:12:16Z,2026-08-17T19:12:16+0200,f372a1fc-a0b6-48c3-b979-dc927b00239d,2026-08-15T10:00:00Z,2026-08-15T12:00:00+0200,1138.888,MW,NL,NL,actual_offshore_wind_generation,Wind Offshore | Actual Aggregated,2026-08-17T17:16:10Z
2026-08-17T17:12:16Z,2026-08-17T19:12:16+0200,f372a1fc-a0b6-48c3-b979-dc927b00239d,2026-08-15T10:00:00Z,2026-08-15T12:00:00+0200,5.907,MW,NL,NL,actual_offshore_wind_generation,Wind Offshore | Actual Consumption,2026-08-17T17:16:10Z
2026-08-17T17:12:16Z,2026-08-17T19:12:16+0200,f372a1fc-a0b6-48c3-b979-dc927b00239d,2026-08-15T10:15:00Z,2026-08-15T12:15:00+0200,1314.151,MW,NL,NL,actual_offshore_wind_generation,Wind Offshore | Actual Aggregated,2026-08-17T17:16:10Z
2026-08-17T17:12:16Z,2026-08-17T19:12:16+0200,f372a1fc-a0b6-48c3-b979-dc927b00239d,2026-08-15T10:15:00Z,2026-08-15T12:15:00+0200,6.78,MW,NL,NL,actual_offshore_wind_generation,Wind Offshore | Actual Consumption,2026-08-17T17:16:10Z
2026-08-17T17:12:16Z,2026-08-17T19:12:16+0200,f372a1fc-a0b6-48c3-b979-dc927b00239d,2026-08-15T10:30:00Z,2026-08-15T12:30:00+0200,1493.771,MW,NL,NL,actual_offshore_wind_generation,Wind Offshore | Actual Aggregated,2026-08-17T17:16:10Z
2026-08-17T17:12:16Z,2026-08-17T19:12:16+0200,f372a1fc-a0b6-48c3-b979-dc927b00239d,2026-08-15T10:30:00Z,2026-08-15T12:30:00+0200,7.26,MW,NL,NL,actual_offshore_wind_generation,Wind Offshore | Actual Consumption,2026-08-17T17:16:10Z
2026-08-17T17:12:16Z,2026-08-17T19:12:16+0200,f372a1fc-a0b6-48c3-b979-dc927b00239d,2026-08-15T10:45:00Z,2026-08-15T12:45:00+0200,1631.734,MW,NL,NL,actual_offshore_wind_generation,Wind Offshore | Actual Aggregated,2026-08-17T17:16:10Z
2026-08-17T17:12:16Z,2026-08-17T19:12:16+0200,f372a1fc-a0b6-48c3-b979-dc927b00239d,2026-08-15T10:45:00Z,2026-08-15T12:45:00+0200,7.992,MW,NL,NL,actual_offshore_wind_generation,Wind Offshore | Actual Consumption,2026-08-17T17:16:10Z
2026-08-17T17:12:16Z,2026-08-17T19:12:16+0200,f372a1fc-a0b6-48c3-b979-dc927b00239d,2026-08-15T11:00:00Z,2026-08-15T13:00:00+0200,1671.663,MW,NL,NL,actual_offshore_wind_generation,Wind Offshore | Actual Aggregated,2026-08-17T17:16:10Z
2026-08-17T17:12:16Z,2026-08-17T19:12:16+0200,f372a1fc-a0b6-48c3-b979-dc927b00239d,2026-08-15T11:00:00Z,2026-08-15T13:00:00+0200,8.868,MW,NL,NL,actual_offshore_wind_generation,Wind Offshore | Actual Consumption,2026-08-17T17:16:10Z
2026-08-17T17:12:16Z,2026-08-17T19:12:16+0200,f372a1fc-a0b6-48c3-b979-dc927b00239d,2026-08-15T11:15:00Z,2026-08-15T13:15:00+0200,1629.205,MW,NL,NL,actual_offshore_wind_generation,Wind Offshore | Actual Aggregated,2026-08-17T17:16:10Z
2026-08-17T17:12:16Z,2026-08-17T19:12:16+0200,f372a1fc-a0b6-48c3-b979-dc927b00239d,2026-08-15T11:15:00Z,2026-08-15T13:15:00+0200,7.629,MW,NL,NL,actual_offshore_wind_generation,Wind Offshore | Actual Consumption,2026-08-17T17:16:10Z
2026-08-17T17:12:16Z,2026-08-17T19:12:16+0200,f372a1fc-a0b6-48c3-b979-dc927b00239d,2026-08-15T11:30:00Z,2026-08-15T13:30:00+0200,1591.577,MW,NL,NL,actual_offshore_wind_generation,Wind Offshore | Actual Aggregated,2026-08-17T17:16:10Z
2026-08-17T17:12:16Z,2026-08-17T19:12:16+0200,f372a1fc-a0b6-48c3-b979-dc927b00239d,2026-08-15T11:30:00Z,2026-08-15T13:30:00+0200,7.755,MW,NL,NL,actual_offshore_wind_generation,Wind Offshore | Actual Consumption,2026-08-17T17:16:10Z
2026-08-17T17:12:16Z,2026-08-17T19:12:16+0200,f372a1fc-a0b6-48c3-b979-dc927b00239d,2026-08-15T11:45:00Z,2026-08-15T13:45:00+0200,1605.625,MW,NL,NL,actual_offshore_wind_generation,Wind Offshore | Actual Aggregated,2026-08-17T17:16:10Z
2026-08-17T17:12:16Z,2026-08-17T19:12:16+0200,f372a1fc-a0b6-48c3-b979-dc927b00239d,2026-08-15T11:45:00Z,2026-08-15T13:45:00+0200,8.106,MW,NL,NL,actual_offshore_wind_generation,Wind Offshore | Actual Consumption,2026-08-17T17:16:10Z
2026-08-17T17:12:16Z,2026-08-17T19:12:16+0200,f372a1fc-a0b6-48c3-b979-dc927b00239d,2026-08-15T12:00:00Z,2026-08-15T14:00:00+0200,1586.018,MW,NL,NL,actual_offshore_wind_generation,Wind Offshore | Actual Aggregated,2026-08-17T17:16:10Z
2026-08-17T17:12:16Z,2026-08-17T19:12:16+0200,f372a1fc-a0b6-48c3-b979-dc927b00239d,2026-08-15T12:00:00Z,2026-08-15T14:00:00+0200,8.999,MW,NL,NL,actual_offshore_wind_generation,Wind Offshore | Actual Consumption,2026-08-17T17:16:10Z
2026-08-17T17:12:16Z,2026-08-17T19:12:16+0200,f372a1fc-a0b6-48c3-b979-dc927b00239d,2026-08-15T12:15:00Z,2026-08-15T14:15:00+0200,1551.773,MW,NL,NL,actual_offshore_wind_generation,Wind Offshore | Actual Aggregated,2026-08-17T17:16:10Z
2026-08-17T17:12:16Z,2026-08-17T19:12:16+0200,f372a1fc-a0b6-48c3-b979-dc927b00239d,2026-08-15T12:15:00Z,2026-08-15T14:15:00+0200,8.708,MW,NL,NL,actual_offshore_wind_generation,Wind Offshore | Actual Consumption,2026-08-17T17:16:10Z
2026-08-17T17:12:16Z,2026-08-17T19:12:16+0200,f372a1fc-a0b6-48c3-b979-dc927b00239d,2026-08-15T12:30:00Z,2026-08-15T14:30:00+0200,1440.663,MW,NL,NL,actual_offshore_wind_generation,Wind Offshore | Actual Aggregated,2026-08-17T17:16:10Z
2026-08-17T17:12:16Z,2026-08-17T19:12:16+0200,f372a1fc-a0b6-48c3-b979-dc927b00239d,2026-08-15T12:30:00Z,2026-08-15T14:30:00+0200,8.561,MW,NL,NL,actual_offshore_wind_generation,Wind Offshore | Actual Consumption,2026-08-17T17:16:10Z
2026-08-17T17:12:16Z,2026-08-17T19:12:16+0200,f372a1fc-a0b6-48c3-b979-dc927b00239d,2026-08-15T12:45:00Z,2026-08-15T14:45:00+0200,1305.916,MW,NL,NL,actual_offshore_wind_generation,Wind Offshore | Actual Aggregated,2026-08-17T17:16:10Z
2026-08-17T17:12:16Z,2026-08-17T19:12:16+0200,f372a1fc-a0b6-48c3-b979-dc927b00239d,2026-08-15T12:45:00Z,2026-08-15T14:45:00+0200,7.357,MW,NL,NL,actual_offshore_wind_generation,Wind Offshore | Actual Consumption,2026-08-17T17:16:10Z
2026-08-17T17:12:16Z,2026-08-17T19:12:16+0200,f372a1fc-a0b6-48c3-b979-dc927b00239d,2026-08-15T13:00:00Z,2026-08-15T15:00:00+0200,1212.07,MW,NL,NL,actual_offshore_wind_generation,Wind Offshore | Actual Aggregated,2026-08-17T17:16:10Z
2026-08-17T17:12:16Z,2026-08-17T19:12:16+0200,f372a1fc-a0b6-48c3-b979-dc927b00239d,2026-08-15T13:00:00Z,2026-08-15T15:00:00+0200,7.482,MW,NL,NL,actual_offshore_wind_generation,Wind Offshore | Actual Consumption,2026-08-17T17:16:10Z
2026-08-17T17:12:16Z,2026-08-17T19:12:16+0200,f372a1fc-a0b6-48c3-b979-dc927b00239d,2026-08-15T13:15:00Z,2026-08-15T15:15:00+0200,1087.129,MW,NL,NL,actual_offshore_wind_generation,Wind Offshore | Actual Aggregated,2026-08-17T17:16:10Z
2026-08-17T17:12:16Z,2026-08-17T19:12:16+0200,f372a1fc-a0b6-48c3-b979-dc927b00239d,2026-08-15T13:15:00Z,2026-08-15T15:15:00+0200,6.395,MW,NL,NL,actual_offshore_wind_generation,Wind Offshore | Actual Consumption,2026-08-17T17:16:10Z
2026-08-17T17:12:16Z,2026-08-17T19:12:16+0200,f372a1fc-a0b6-48c3-b979-dc927b00239d,2026-08-15T13:30:00Z,2026-08-15T15:30:00+0200,969.287,MW,NL,NL,actual_offshore_wind_generation,Wind Offshore | Actual Aggregated,2026-08-17T17:16:10Z
2026-08-17T17:12:16Z,2026-08-17T19:12:16+0200,f372a1fc-a0b6-48c3-b979-dc927b00239d,2026-08-15T13:30:00Z,2026-08-15T15:30:00+0200,4.859,MW,NL,NL,actual_offshore_wind_generation,Wind Offshore | Actual Consumption,2026-08-17T17:16:10Z
2026-08-17T17:12:16Z,2026-08-17T19:12:16+0200,f372a1fc-a0b6-48c3-b979-dc927b00239d,2026-08-15T13:45:00Z,2026-08-15T15:45:00+0200,859.819,MW,NL,NL,actual_offshore_wind_generation,Wind Offshore | Actual Aggregated,2026-08-17T17:16:10Z
2026-08-17T17:12:16Z,2026-08-17T19:12:16+0200,f372a1fc-a0b6-48c3-b979-dc927b00239d,2026-08-15T13:45:00Z,2026-08-15T15:45:00+0200,6.789,MW,NL,NL,actual_offshore_wind_generation,Wind Offshore | Actual Consumption,2026-08-17T17:16:10Z
2026-08-17T17:12:16Z,2026-08-17T19:12:16+0200,f372a1fc-a0b6-48c3-b979-dc927b00239d,2026-08-15T14:00:00Z,2026-08-15T16:00:00+0200,822.111,MW,NL,NL,actual_offshore_wind_generation,Wind Offshore | Actual Aggregated,2026-08-17T17:16:10Z
2026-08-17T17:12:16Z,2026-08-17T19:12:16+0200,f372a1fc-a0b6-48c3-b979-dc927b00239d,2026-08-15T14:00:00Z,2026-08-15T16:00:00+0200,8.162,MW,NL,NL,actual_offshore_wind_generation,Wind Offshore | Actual Consumption,2026-08-17T17:16:10Z
2026-08-17T17:12:16Z,2026-08-17T19:12:16+0200,f372a1fc-a0b6-48c3-b979-dc927b00239d,2026-08-15T14:15:00Z,2026-08-15T16:15:00+0200,799.172,MW,NL,NL,actual_offshore_wind_generation,Wind Offshore | Actual Aggregated,2026-08-17T17:16:10Z
2026-08-17T17:12:16Z,2026-08-17T19:12:16+0200,f372a1fc-a0b6-48c3-b979-dc927b00239d,2026-08-15T14:15:00Z,2026-08-15T16:15:00+0200,8.348,MW,NL,NL,actual_offshore_wind_generation,Wind Offshore | Actual Consumption,2026-08-17T17:16:10Z
2026-08-17T17:12:16Z,2026-08-17T19:12:16+0200,f372a1fc-a0b6-48c3-b979-dc927b00239d,2026-08-15T14:30:00Z,2026-08-15T16:30:00+0200,738.888,MW,NL,NL,actual_offshore_wind_generation,Wind Offshore | Actual Aggregated,2026-08-17T17:16:10Z
2026-08-17T17:12:16Z,2026-08-17T19:12:16+0200,f372a1fc-a0b6-48c3-b979-dc927b00239d,2026-08-15T14:30:00Z,2026-08-15T16:30:00+0200,5.98,MW,NL,NL,actual_offshore_wind_generation,Wind Offshore | Actual Consumption,2026-08-17T17:16:10Z
2026-08-17T17:12:16Z,2026-08-17T19:12:16+0200,f372a1fc-a0b6-48c3-b979-dc927b00239d,2026-08-15T14:45:00Z,2026-08-15T16:45:00+0200,672.844,MW,NL,NL,actual_offshore_wind_generation,Wind Offshore | Actual Aggregated,2026-08-17T17:16:10Z
2026-08-17T17:12:16Z,2026-08-17T19:12:16+0200,f372a1fc-a0b6-48c3-b979-dc927b00239d,2026-08-15T14:45:00Z,2026-08-15T16:45:00+0200,3.533,MW,NL,NL,actual_offshore_wind_generation,Wind Offshore | Actual Consumption,2026-08-17T17:16:10Z
2026-08-17T17:12:16Z,2026-08-17T19:12:16+0200,f372a1fc-a0b6-48c3-b979-dc927b00239d,2026-08-15T15:00:00Z,2026-08-15T17:00:00+0200,617.871,MW,NL,NL,actual_offshore_wind_generation,Wind Offshore | Actual Aggregated,2026-08-17T17:16:10Z
2026-08-17T17:12:16Z,2026-08-17T19:12:16+0200,f372a1fc-a0b6-48c3-b979-dc927b00239d,2026-08-15T15:00:00Z,2026-08-15T17:00:00+0200,2.086,MW,NL,NL,actual_offshore_wind_generation,Wind Offshore | Actual Consumption,2026-08-17T17:16:10Z
2026-08-17T17:12:16Z,2026-08-17T19:12:16+0200,f372a1fc-a0b6-48c3-b979-dc927b00239d,2026-08-15T15:15:00Z,2026-08-15T17:15:00+0200,596.721,MW,NL,NL,actual_offshore_wind_generation,Wind Offshore | Actual Aggregated,2026-08-17T17:16:10Z
2026-08-17T17:12:16Z,2026-08-17T19:12:16+0200,f372a1fc-a0b6-48c3-b979-dc927b00239d,2026-08-15T15:15:00Z,2026-08-15T17:15:00+0200,1.819,MW,NL,NL,actual_offshore_wind_generation,Wind Offshore | Actual Consumption,2026-08-17T17:16:10Z
2026-08-17T17:12:16Z,2026-08-17T19:12:16+0200,f372a1fc-a0b6-48c3-b979-dc927b00239d,2026-08-15T15:30:00Z,2026-08-15T17:30:00+0200,568.431,MW,NL,NL,actual_offshore_wind_generation,Wind Offshore | Actual Aggregated,2026-08-17T17:16:10Z
2026-08-17T17:12:16Z,2026-08-17T19:12:16+0200,f372a1fc-a0b6-48c3-b979-dc927b00239d,2026-08-15T15:30:00Z,2026-08-15T17:30:00+0200,1.536,MW,NL,NL,actual_offshore_wind_generation,Wind Offshore | Actual Consumption,2026-08-17T17:16:10Z
2026-08-17T17:12:16Z,2026-08-17T19:12:16+0200,f372a1fc-a0b6-48c3-b979-dc927b00239d,2026-08-15T15:45:00Z,2026-08-15T17:45:00+0200,645.041,MW,NL,NL,actual_offshore_wind_generation,Wind Offshore | Actual Aggregated,2026-08-17T17:16:10Z
2026-08-17T17:12:16Z,2026-08-17T19:12:16+0200,f372a1fc-a0b6-48c3-b979-dc927b00239d,2026-08-15T15:45:00Z,2026-08-15T17:45:00+0200,3.015,MW,NL,NL,actual_offshore_wind_generation,Wind Offshore | Actual Consumption,2026-08-17T17:16:10Z
2026-08-17T17:12:16Z,2026-08-17T19:12:16+0200,f372a1fc-a0b6-48c3-b979-dc927b00239d,2026-08-15T16:00:00Z,2026-08-15T18:00:00+0200,770.001,MW,NL,NL,actual_offshore_wind_generation,Wind Offshore | Actual Aggregated,2026-08-17T17:16:10Z
2026-08-17T17:12:16Z,2026-08-17T19:12:16+0200,f372a1fc-a0b6-48c3-b979-dc927b00239d,2026-08-15T16:00:00Z,2026-08-15T18:00:00+0200,4.993,MW,NL,NL,actual_offshore_wind_generation,Wind Offshore | Actual Consumption,2026-08-17T17:16:10Z
2026-08-17T17:12:16Z,2026-08-17T19:12:16+0200,f372a1fc-a0b6-48c3-b979-dc927b00239d,2026-08-15T16:15:00Z,2026-08-15T18:15:00+0200,903.923,MW,NL,NL,actual_offshore_wind_generation,Wind Offshore | Actual Aggregated,2026-08-17T17:16:10Z
2026-08-17T17:12:16Z,2026-08-17T19:12:16+0200,f372a1fc-a0b6-48c3-b979-dc927b00239d,2026-08-15T16:15:00Z,2026-08-15T18:15:00+0200,6.552,MW,NL,NL,actual_offshore_wind_generation,Wind Offshore | Actual Consumption,2026-08-17T17:16:10Z
2026-08-17T17:12:16Z,2026-08-17T19:12:16+0200,f372a1fc-a0b6-48c3-b979-dc927b00239d,2026-08-15T16:30:00Z,2026-08-15T18:30:00+0200,971.27,MW,NL,NL,actual_offshore_wind_generation,Wind Offshore | Actual Aggregated,2026-08-17T17:16:10Z
2026-08-17T17:12:16Z,2026-08-17T19:12:16+0200,f372a1fc-a0b6-48c3-b979-dc927b00239d,2026-08-15T16:30:00Z,2026-08-15T18:30:00+0200,8.754,MW,NL,NL,actual_offshore_wind_generation,Wind Offshore | Actual Consumption,2026-08-17T17:16:10Z
2026-08-17T17:12:16Z,2026-08-17T19:12:16+0200,f372a1fc-a0b6-48c3-b979-dc927b00239d,2026-08-15T16:45:00Z,2026-08-15T18:45:00+0200,1071.853,MW,NL,NL,actual_offshore_wind_generation,Wind Offshore | Actual Aggregated,2026-08-17T17:16:10Z
2026-08-17T17:12:16Z,2026-08-17T19:12:16+0200,f372a1fc-a0b6-48c3-b979-dc927b00239d,2026-08-15T16:45:00Z,2026-08-15T18:45:00+0200,6.961,MW,NL,NL,actual_offshore_wind_generation,Wind Offshore | Actual Consumption,2026-08-17T17:16:10Z
2026-08-17T17:12:16Z,2026-08-17T19:12:16+0200,f372a1fc-a0b6-48c3-b979-dc927b00239d,2026-08-15T17:00:00Z,2026-08-15T19:00:00+0200,1211.954,MW,NL,NL,actual_offshore_wind_generation,Wind Offshore | Actual Aggregated,2026-08-17T17:16:10Z
2026-08-17T17:12:16Z,2026-08-17T19:12:16+0200,f372a1fc-a0b6-48c3-b979-dc927b00239d,2026-08-15T17:00:00Z,2026-08-15T19:00:00+0200,6.534,MW,NL,NL,actual_offshore_wind_generation,Wind Offshore | Actual Consumption,2026-08-17T17:16:10Z
2026-08-17T17:12:16Z,2026-08-17T19:12:16+0200,f372a1fc-a0b6-48c3-b979-dc927b00239d,2026-08-15T17:15:00Z,2026-08-15T19:15:00+0200,1305.832,MW,NL,NL,actual_offshore_wind_generation,Wind Offshore | Actual Aggregated,2026-08-17T17:16:10Z
2026-08-17T17:12:16Z,2026-08-17T19:12:16+0200,f372a1fc-a0b6-48c3-b979-dc927b00239d,2026-08-15T17:15:00Z,2026-08-15T19:15:00+0200,7.535,MW,NL,NL,actual_offshore_wind_generation,Wind Offshore | Actual Consumption,2026-08-17T17:16:10Z
2026-08-17T17:12:16Z,2026-08-17T19:12:16+0200,f372a1fc-a0b6-48c3-b979-dc927b00239d,2026-08-15T17:30:00Z,2026-08-15T19:30:00+0200,1312.401,MW,NL,NL,actual_offshore_wind_generation,Wind Offshore | Actual Aggregated,2026-08-17T17:16:10Z
2026-08-17T17:12:16Z,2026-08-17T19:12:16+0200,f372a1fc-a0b6-48c3-b979-dc927b00239d,2026-08-15T17:30:00Z,2026-08-15T19:30:00+0200,6.562,MW,NL,NL,actual_offshore_wind_generation,Wind Offshore | Actual Consumption,2026-08-17T17:16:10Z
2026-08-17T17:12:16Z,2026-08-17T19:12:16+0200,f372a1fc-a0b6-48c3-b979-dc927b00239d,2026-08-15T17:45:00Z,2026-08-15T19:45:00+0200,1286.286,MW,NL,NL,actual_offshore_wind_generation,Wind Offshore | Actual Aggregated,2026-08-17T17:16:10Z
2026-08-17T17:12:16Z,2026-08-17T19:12:16+0200,f372a1fc-a0b6-48c3-b979-dc927b00239d,2026-08-15T17:45:00Z,2026-08-15T19:45:00+0200,7.282,MW,NL,NL,actual_offshore_wind_generation,Wind Offshore | Actual Consumption,2026-08-17T17:16:10Z
2026-08-17T17:12:16Z,2026-08-17T19:12:16+0200,f372a1fc-a0b6-48c3-b979-dc927b00239d,2026-08-15T18:00:00Z,2026-08-15T20:00:00+0200,1306.537,MW,NL,NL,actual_offshore_wind_generation,Wind Offshore | Actual Aggregated,2026-08-17T17:16:10Z
2026-08-17T17:12:16Z,2026-08-17T19:12:16+0200,f372a1fc-a0b6-48c3-b979-dc927b00239d,2026-08-15T18:00:00Z,2026-08-15T20:00:00+0200,7.039,MW,NL,NL,actual_offshore_wind_generation,Wind Offshore | Actual Consumption,2026-08-17T17:16:10Z
2026-08-17T17:12:16Z,2026-08-17T19:12:16+0200,f372a1fc-a0b6-48c3-b979-dc927b00239d,2026-08-15T18:15:00Z,2026-08-15T20:15:00+0200,1292.597,MW,NL,NL,actual_offshore_wind_generation,Wind Offshore | Actual Aggregated,2026-08-17T17:16:10Z
2026-08-17T17:12:16Z,2026-08-17T19:12:16+0200,f372a1fc-a0b6-48c3-b979-dc927b00239d,2026-08-15T18:15:00Z,2026-08-15T20:15:00+0200,8.053,MW,NL,NL,actual_offshore_wind_generation,Wind Offshore | Actual Consumption,2026-08-17T17:16:10Z
2026-08-17T17:12:16Z,2026-08-17T19:12:16+0200,f372a1fc-a0b6-48c3-b979-dc927b00239d,2026-08-15T18:30:00Z,2026-08-15T20:30:00+0200,1255.038,MW,NL,NL,actual_offshore_wind_generation,Wind Offshore | Actual Aggregated,2026-08-17T17:16:10Z
2026-08-17T17:12:16Z,2026-08-17T19:12:16+0200,f372a1fc-a0b6-48c3-b979-dc927b00239d,2026-08-15T18:30:00Z,2026-08-15T20:30:00+0200,7.501,MW,NL,NL,actual_offshore_wind_generation,Wind Offshore | Actual Consumption,2026-08-17T17:16:10Z
2026-08-17T17:12:16Z,2026-08-17T19:12:16+0200,f372a1fc-a0b6-48c3-b979-dc927b00239d,2026-08-15T18:45:00Z,2026-08-15T20:45:00+0200,1239.419,MW,NL,NL,actual_offshore_wind_generation,Wind Offshore | Actual Aggregated,2026-08-17T17:16:10Z
2026-08-17T17:12:16Z,2026-08-17T19:12:16+0200,f372a1fc-a0b6-48c3-b979-dc927b00239d,2026-08-15T18:45:00Z,2026-08-15T20:45:00+0200,6.633,MW,NL,NL,actual_offshore_wind_generation,Wind Offshore | Actual Consumption,2026-08-17T17:16:10Z
2026-08-17T17:12:16Z,2026-08-17T19:12:16+0200,f372a1fc-a0b6-48c3-b979-dc927b00239d,2026-08-15T19:00:00Z,2026-08-15T21:00:00+0200,1251.96,MW,NL,NL,actual_offshore_wind_generation,Wind Offshore | Actual Aggregated,2026-08-17T17:16:10Z
2026-08-17T17:12:16Z,2026-08-17T19:12:16+0200,f372a1fc-a0b6-48c3-b979-dc927b00239d,2026-08-15T19:00:00Z,2026-08-15T21:00:00+0200,6.54,MW,NL,NL,actual_offshore_wind_generation,Wind Offshore | Actual Consumption,2026-08-17T17:16:10Z
2026-08-17T17:12:16Z,2026-08-17T19:12:16+0200,f372a1fc-a0b6-48c3-b979-dc927b00239d,2026-08-15T19:15:00Z,2026-08-15T21:15:00+0200,1246.244,MW,NL,NL,actual_offshore_wind_generation,Wind Offshore | Actual Aggregated,2026-08-17T17:16:10Z
2026-08-17T17:12:16Z,2026-08-17T19:12:16+0200,f372a1fc-a0b6-48c3-b979-dc927b00239d,2026-08-15T19:15:00Z,2026-08-15T21:15:00+0200,6.958,MW,NL,NL,actual_offshore_wind_generation,Wind Offshore | Actual Consumption,2026-08-17T17:16:10Z
2026-08-17T17:12:16Z,2026-08-17T19:12:16+0200,f372a1fc-a0b6-48c3-b979-dc927b00239d,2026-08-15T19:30:00Z,2026-08-15T21:30:00+0200,1265.436,MW,NL,NL,actual_offshore_wind_generation,Wind Offshore | Actual Aggregated,2026-08-17T17:16:10Z
2026-08-17T17:12:16Z,2026-08-17T19:12:16+0200,f372a1fc-a0b6-48c3-b979-dc927b00239d,2026-08-15T19:30:00Z,2026-08-15T21:30:00+0200,7.638,MW,NL,NL,actual_offshore_wind_generation,Wind Offshore | Actual Consumption,2026-08-17T17:16:10Z
2026-08-17T17:12:16Z,2026-08-17T19:12:16+0200,f372a1fc-a0b6-48c3-b979-dc927b00239d,2026-08-15T19:45:00Z,2026-08-15T21:45:00+0200,1250.699,MW,NL,NL,actual_offshore_wind_generation,Wind Offshore | Actual Aggregated,2026-08-17T17:16:10Z
2026-08-17T17:12:16Z,2026-08-17T19:12:16+0200,f372a1fc-a0b6-48c3-b979-dc927b00239d,2026-08-15T19:45:00Z,2026-08-15T21:45:00+0200,7.953,MW,NL,NL,actual_offshore_wind_generation,Wind Offshore | Actual Consumption,2026-08-17T17:16:10Z
2026-08-17T17:12:16Z,2026-08-17T19:12:16+0200,f372a1fc-a0b6-48c3-b979-dc927b00239d,2026-08-15T20:00:00Z,2026-08-15T22:00:00+0200,1259.46,MW,NL,NL,actual_offshore_wind_generation,Wind Offshore | Actual Aggregated,2026-08-17T17:16:10Z
2026-08-17T17:12:16Z,2026-08-17T19:12:16+0200,f372a1fc-a0b6-48c3-b979-dc927b00239d,2026-08-15T20:00:00Z,2026-08-15T22:00:00+0200,7.389,MW,NL,NL,actual_offshore_wind_generation,Wind Offshore | Actual Consumption,2026-08-17T17:16:10Z
2026-08-17T17:12:16Z,2026-08-17T19:12:16+0200,f372a1fc-a0b6-48c3-b979-dc927b00239d,2026-08-15T20:15:00Z,2026-08-15T22:15:00+0200,1262.638,MW,NL,NL,actual_offshore_wind_generation,Wind Offshore | Actual Aggregated,2026-08-17T17:16:10Z
2026-08-17T17:12:16Z,2026-08-17T19:12:16+0200,f372a1fc-a0b6-48c3-b979-dc927b00239d,2026-08-15T20:15:00Z,2026-08-15T22:15:00+0200,7.927,MW,NL,NL,actual_offshore_wind_generation,Wind Offshore | Actual Consumption,2026-08-17T17:16:10Z
2026-08-17T17:12:16Z,2026-08-17T19:12:16+0200,f372a1fc-a0b6-48c3-b979-dc927b00239d,2026-08-15T20:30:00Z,2026-08-15T22:30:00+0200,1232.941,MW,NL,NL,actual_offshore_wind_generation,Wind Offshore | Actual Aggregated,2026-08-17T17:16:10Z
2026-08-17T17:12:16Z,2026-08-17T19:12:16+0200,f372a1fc-a0b6-48c3-b979-dc927b00239d,2026-08-15T20:30:00Z,2026-08-15T22:30:00+0200,6.477,MW,NL,NL,actual_offshore_wind_generation,Wind Offshore | Actual Consumption,2026-08-17T17:16:10Z
2026-08-17T17:12:16Z,2026-08-17T19:12:16+0200,f372a1fc-a0b6-48c3-b979-dc927b00239d,2026-08-15T20:45:00Z,2026-08-15T22:45:00+0200,1231.463,MW,NL,NL,actual_offshore_wind_generation,Wind Offshore | Actual Aggregated,2026-08-17T17:16:10Z
2026-08-17T17:12:16Z,2026-08-17T19:12:16+0200,f372a1fc-a0b6-48c3-b979-dc927b00239d,2026-08-15T20:45:00Z,2026-08-15T22:45:00+0200,7.098,MW,NL,NL,actual_offshore_wind_generation,Wind Offshore | Actual Consumption,2026-08-17T17:16:10Z
2026-08-17T17:12:16Z,2026-08-17T19:12:16+0200,f372a1fc-a0b6-48c3-b979-dc927b00239d,2026-08-15T21:00:00Z,2026-08-15T23:00:00+0200,1258.174,MW,NL,NL,actual_offshore_wind_generation,Wind Offshore | Actual Aggregated,2026-08-17T17:16:10Z
2026-08-17T17:12:16Z,2026-08-17T19:12:16+0200,f372a1fc-a0b6-48c3-b979-dc927b00239d,2026-08-15T21:00:00Z,2026-08-15T23:00:00+0200,8.184,MW,NL,NL,actual_offshore_wind_generation,Wind Offshore | Actual Consumption,2026-08-17T17:16:10Z
2026-08-17T17:12:16Z,2026-08-17T19:12:16+0200,f372a1fc-a0b6-48c3-b979-dc927b00239d,2026-08-15T21:15:00Z,2026-08-15T23:15:00+0200,1132.061,MW,NL,NL,actual_offshore_wind_generation,Wind Offshore | Actual Aggregated,2026-08-17T17:16:10Z
2026-08-17T17:12:16Z,2026-08-17T19:12:16+0200,f372a1fc-a0b6-48c3-b979-dc927b00239d,2026-08-15T21:15:00Z,2026-08-15T23:15:00+0200,8.996,MW,NL,NL,actual_offshore_wind_generation,Wind Offshore | Actual Consumption,2026-08-17T17:16:10Z
2026-08-17T17:12:16Z,2026-08-17T19:12:16+0200,f372a1fc-a0b6-48c3-b979-dc927b00239d,2026-08-15T21:30:00Z,2026-08-15T23:30:00+0200,1004.849,MW,NL,NL,actual_offshore_wind_generation,Wind Offshore | Actual Aggregated,2026-08-17T17:16:10Z
2026-08-17T17:12:16Z,2026-08-17T19:12:16+0200,f372a1fc-a0b6-48c3-b979-dc927b00239d,2026-08-15T21:30:00Z,2026-08-15T23:30:00+0200,12.485,MW,NL,NL,actual_offshore_wind_generation,Wind Offshore | Actual Consumption,2026-08-17T17:16:10Z
2026-08-17T17:12:16Z,2026-08-17T19:12:16+0200,f372a1fc-a0b6-48c3-b979-dc927b00239d,2026-08-15T21:45:00Z,2026-08-15T23:45:00+0200,906.675,MW,NL,NL,actual_offshore_wind_generation,Wind Offshore | Actual Aggregated,2026-08-17T17:16:10Z
2026-08-17T17:12:16Z,2026-08-17T19:12:16+0200,f372a1fc-a0b6-48c3-b979-dc927b00239d,2026-08-15T21:45:00Z,2026-08-15T23:45:00+0200,12.782,MW,NL,NL,actual_offshore_wind_generation,Wind Offshore | Actual Consumption,2026-08-17T17:16:10Z
2026-08-17T17:12:16Z,2026-08-17T19:12:16+0200,f372a1fc-a0b6-48c3-b979-dc927b00239d,2026-08-15T22:00:00Z,2026-08-16T00:00:00+0200,858.285,MW,NL,NL,actual_offshore_wind_generation,Wind Offshore | Actual Aggregated,2026-08-17T17:16:10Z
2026-08-17T17:12:16Z,2026-08-17T19:12:16+0200,f372a1fc-a0b6-48c3-b979-dc927b00239d,2026-08-15T22:00:00Z,2026-08-16T00:00:00+0200,12.013,MW,NL,NL,actual_offshore_wind_generation,Wind Offshore | Actual Consumption,2026-08-17T17:16:10Z
2026-08-17T17:12:16Z,2026-08-17T19:12:16+0200,f372a1fc-a0b6-48c3-b979-dc927b00239d,2026-08-15T22:15:00Z,2026-08-16T00:15:00+0200,798.706,MW,NL,NL,actual_offshore_wind_generation,Wind Offshore | Actual Aggregated,2026-08-17T17:16:10Z
2026-08-17T17:12:16Z,2026-08-17T19:12:16+0200,f372a1fc-a0b6-48c3-b979-dc927b00239d,2026-08-15T22:15:00Z,2026-08-16T00:15:00+0200,8.271,MW,NL,NL,actual_offshore_wind_generation,Wind Offshore | Actual Consumption,2026-08-17T17:16:10Z
2026-08-17T17:12:16Z,2026-08-17T19:12:16+0200,f372a1fc-a0b6-48c3-b979-dc927b00239d,2026-08-15T22:30:00Z,2026-08-16T00:30:00+0200,719.31,MW,NL,NL,actual_offshore_wind_generation,Wind Offshore | Actual Aggregated,2026-08-17T17:16:10Z
2026-08-17T17:12:16Z,2026-08-17T19:12:16+0200,f372a1fc-a0b6-48c3-b979-dc927b00239d,2026-08-15T22:30:00Z,2026-08-16T00:30:00+0200,7.822,MW,NL,NL,actual_offshore_wind_generation,Wind Offshore | Actual Consumption,2026-08-17T17:16:10Z
2026-08-17T17:12:16Z,2026-08-17T19:12:16+0200,f372a1fc-a0b6-48c3-b979-dc927b00239d,2026-08-15T22:45:00Z,2026-08-16T00:45:00+0200,651.983,MW,NL,NL,actual_offshore_wind_generation,Wind Offshore | Actual Aggregated,2026-08-17T17:16:10Z
2026-08-17T17:12:16Z,2026-08-17T19:12:16+0200,f372a1fc-a0b6-48c3-b979-dc927b00239d,2026-08-15T22:45:00Z,2026-08-16T00:45:00+0200,9.879,MW,NL,NL,actual_offshore_wind_generation,Wind Offshore | Actual Consumption,2026-08-17T17:16:10Z
2026-08-17T17:12:16Z,2026-08-17T19:12:16+0200,f372a1fc-a0b6-48c3-b979-dc927b00239d,2026-08-15T23:00:00Z,2026-08-16T01:00:00+0200,586.634,MW,NL,NL,actual_offshore_wind_generation,Wind Offshore | Actual Aggregated,2026-08-17T17:16:10Z
2026-08-17T17:12:16Z,2026-08-17T19:12:16+0200,f372a1fc-a0b6-48c3-b979-dc927b00239d,2026-08-15T23:00:00Z,2026-08-16T01:00:00+0200,11.137,MW,NL,NL,actual_offshore_wind_generation,Wind Offshore | Actual Consumption,2026-08-17T17:16:10Z
2026-08-17T17:12:16Z,2026-08-17T19:12:16+0200,f372a1fc-a0b6-48c3-b979-dc927b00239d,2026-08-15T23:15:00Z,2026-08-16T01:15:00+0200,536.198,MW,NL,NL,actual_offshore_wind_generation,Wind Offshore | Actual Aggregated,2026-08-17T17:16:10Z
2026-08-17T17:12:16Z,2026-08-17T19:12:16+0200,f372a1fc-a0b6-48c3-b979-dc927b00239d,2026-08-15T23:15:00Z,2026-08-16T01:15:00+0200,10.08,MW,NL,NL,actual_offshore_wind_generation,Wind Offshore | Actual Consumption,2026-08-17T17:16:10Z
2026-08-17T17:12:16Z,2026-08-17T19:12:16+0200,f372a1fc-a0b6-48c3-b979-dc927b00239d,2026-08-15T23:30:00Z,2026-08-16T01:30:00+0200,506.412,MW,NL,NL,actual_offshore_wind_generation,Wind Offshore | Actual Aggregated,2026-08-17T17:16:10Z
2026-08-17T17:12:16Z,2026-08-17T19:12:16+0200,f372a1fc-a0b6-48c3-b979-dc927b00239d,2026-08-15T23:30:00Z,2026-08-16T01:30:00+0200,7.738,MW,NL,NL,actual_offshore_wind_generation,Wind Offshore | Actual Consumption,2026-08-17T17:16:10Z
2026-08-17T17:12:16Z,2026-08-17T19:12:16+0200,f372a1fc-a0b6-48c3-b979-dc927b00239d,2026-08-15T23:45:00Z,2026-08-16T01:45:00+0200,475.947,MW,NL,NL,actual_offshore_wind_generation,Wind Offshore | Actual Aggregated,2026-08-17T17:16:10Z
2026-08-17T17:12:16Z,2026-08-17T19:12:16+0200,f372a1fc-a0b6-48c3-b979-dc927b00239d,2026-08-15T23:45:00Z,2026-08-16T01:45:00+0200,5.748,MW,NL,NL,actual_offshore_wind_generation,Wind Offshore | Actual Consumption,2026-08-17T17:16:10Z
2026-08-17T17:12:16Z,2026-08-17T19:12:16+0200,f372a1fc-a0b6-48c3-b979-dc927b00239d,2026-08-16T00:00:00Z,2026-08-16T02:00:00+0200,440.914,MW,NL,NL,actual_offshore_wind_generation,Wind Offshore | Actual Aggregated,2026-08-17T17:16:10Z
2026-08-17T17:12:16Z,2026-08-17T19:12:16+0200,f372a1fc-a0b6-48c3-b979-dc927b00239d,2026-08-16T00:00:00Z,2026-08-16T02:00:00+0200,3.751,MW,NL,NL,actual_offshore_wind_generation,Wind Offshore | Actual Consumption,2026-08-17T17:16:10Z
2026-08-17T17:12:16Z,2026-08-17T19:12:16+0200,f372a1fc-a0b6-48c3-b979-dc927b00239d,2026-08-16T00:15:00Z,2026-08-16T02:15:00+0200,408.009,MW,NL,NL,actual_offshore_wind_generation,Wind Offshore | Actual Aggregated,2026-08-17T17:16:10Z
2026-08-17T17:12:16Z,2026-08-17T19:12:16+0200,f372a1fc-a0b6-48c3-b979-dc927b00239d,2026-08-16T00:15:00Z,2026-08-16T02:15:00+0200,4.094,MW,NL,NL,actual_offshore_wind_generation,Wind Offshore | Actual Consumption,2026-08-17T17:16:10Z
2026-08-17T17:12:16Z,2026-08-17T19:12:16+0200,f372a1fc-a0b6-48c3-b979-dc927b00239d,2026-08-16T00:30:00Z,2026-08-16T02:30:00+0200,374.002,MW,NL,NL,actual_offshore_wind_generation,Wind Offshore | Actual Aggregated,2026-08-17T17:16:10Z
2026-08-17T17:12:16Z,2026-08-17T19:12:16+0200,f372a1fc-a0b6-48c3-b979-dc927b00239d,2026-08-16T00:30:00Z,2026-08-16T02:30:00+0200,5.072,MW,NL,NL,actual_offshore_wind_generation,Wind Offshore | Actual Consumption,2026-08-17T17:16:10Z
2026-08-17T17:12:16Z,2026-08-17T19:12:16+0200,f372a1fc-a0b6-48c3-b979-dc927b00239d,2026-08-16T00:45:00Z,2026-08-16T02:45:00+0200,345.372,MW,NL,NL,actual_offshore_wind_generation,Wind Offshore | Actual Aggregated,2026-08-17T17:16:10Z
2026-08-17T17:12:16Z,2026-08-17T19:12:16+0200,f372a1fc-a0b6-48c3-b979-dc927b00239d,2026-08-16T00:45:00Z,2026-08-16T02:45:00+0200,5.009,MW,NL,NL,actual_offshore_wind_generation,Wind Offshore | Actual Consumption,2026-08-17T17:16:10Z
2026-08-17T17:12:16Z,2026-08-17T19:12:16+0200,f372a1fc-a0b6-48c3-b979-dc927b00239d,2026-08-16T01:00:00Z,2026-08-16T03:00:00+0200,281.942,MW,NL,NL,actual_offshore_wind_generation,Wind Offshore | Actual Aggregated,2026-08-17T17:16:10Z
2026-08-17T17:12:16Z,2026-08-17T19:12:16+0200,f372a1fc-a0b6-48c3-b979-dc927b00239d,2026-08-16T01:00:00Z,2026-08-16T03:00:00+0200,5.386,MW,NL,NL,actual_offshore_wind_generation,Wind Offshore | Actual Consumption,2026-08-17T17:16:10Z
2026-08-17T17:12:16Z,2026-08-17T19:12:16+0200,f372a1fc-a0b6-48c3-b979-dc927b00239d,2026-08-16T01:15:00Z,2026-08-16T03:15:00+0200,247.839,MW,NL,NL,actual_offshore_wind_generation,Wind Offshore | Actual Aggregated,2026-08-17T17:16:10Z
2026-08-17T17:12:16Z,2026-08-17T19:12:16+0200,f372a1fc-a0b6-48c3-b979-dc927b00239d,2026-08-16T01:15:00Z,2026-08-16T03:15:00+0200,5.874,MW,NL,NL,actual_offshore_wind_generation,Wind Offshore | Actual Consumption,2026-08-17T17:16:10Z
2026-08-17T17:12:16Z,2026-08-17T19:12:16+0200,f372a1fc-a0b6-48c3-b979-dc927b00239d,2026-08-16T01:30:00Z,2026-08-16T03:30:00+0200,225.41,MW,NL,NL,actual_offshore_wind_generation,Wind Offshore | Actual Aggregated,2026-08-17T17:16:10Z
2026-08-17T17:12:16Z,2026-08-17T19:12:16+0200,f372a1fc-a0b6-48c3-b979-dc927b00239d,2026-08-16T01:30:00Z,2026-08-16T03:30:00+0200,7.4,MW,NL,NL,actual_offshore_wind_generation,Wind Offshore | Actual Consumption,2026-08-17T17:16:10Z
2026-08-17T17:12:16Z,2026-08-17T19:12:16+0200,f372a1fc-a0b6-48c3-b979-dc927b00239d,2026-08-16T01:45:00Z,2026-08-16T03:45:00+0200,190.802,MW,NL,NL,actual_offshore_wind_generation,Wind Offshore | Actual Aggregated,2026-08-17T17:16:10Z
2026-08-17T17:12:16Z,2026-08-17T19:12:16+0200,f372a1fc-a0b6-48c3-b979-dc927b00239d,2026-08-16T01:45:00Z,2026-08-16T03:45:00+0200,9.385,MW,NL,NL,actual_offshore_wind_generation,Wind Offshore | Actual Consumption,2026-08-17T17:16:10Z
2026-08-17T17:12:16Z,2026-08-17T19:12:16+0200,f372a1fc-a0b6-48c3-b979-dc927b00239d,2026-08-16T02:00:00Z,2026-08-16T04:00:00+0200,156.095,MW,NL,NL,actual_offshore_wind_generation,Wind Offshore | Actual Aggregated,2026-08-17T17:16:10Z
2026-08-17T17:12:16Z,2026-08-17T19:12:16+0200,f372a1fc-a0b6-48c3-b979-dc927b00239d,2026-08-16T02:00:00Z,2026-08-16T04:00:00+0200,12.232,MW,NL,NL,actual_offshore_wind_generation,Wind Offshore | Actual Consumption,2026-08-17T17:16:10Z
2026-08-17T17:12:16Z,2026-08-17T19:12:16+0200,f372a1fc-a0b6-48c3-b979-dc927b00239d,2026-08-16T02:15:00Z,2026-08-16T04:15:00+0200,149.56,MW,NL,NL,actual_offshore_wind_generation,Wind Offshore | Actual Aggregated,2026-08-17T17:16:10Z
2026-08-17T17:12:16Z,2026-08-17T19:12:16+0200,f372a1fc-a0b6-48c3-b979-dc927b00239d,2026-08-16T02:15:00Z,2026-08-16T04:15:00+0200,14.293,MW,NL,NL,actual_offshore_wind_generation,Wind Offshore | Actual Consumption,2026-08-17T17:16:10Z
2026-08-17T17:12:16Z,2026-08-17T19:12:16+0200,f372a1fc-a0b6-48c3-b979-dc927b00239d,2026-08-16T02:30:00Z,2026-08-16T04:30:00+0200,139.314,MW,NL,NL,actual_offshore_wind_generation,Wind Offshore | Actual Aggregated,2026-08-17T17:16:10Z
2026-08-17T17:12:16Z,2026-08-17T19:12:16+0200,f372a1fc-a0b6-48c3-b979-dc927b00239d,2026-08-16T02:30:00Z,2026-08-16T04:30:00+0200,13.518,MW,NL,NL,actual_offshore_wind_generation,Wind Offshore | Actual Consumption,2026-08-17T17:16:10Z
2026-08-17T17:12:16Z,2026-08-17T19:12:16+0200,f372a1fc-a0b6-48c3-b979-dc927b00239d,2026-08-16T02:45:00Z,2026-08-16T04:45:00+0200,140.39,MW,NL,NL,actual_offshore_wind_generation,Wind Offshore | Actual Aggregated,2026-08-17T17:16:10Z
2026-08-17T17:12:16Z,2026-08-17T19:12:16+0200,f372a1fc-a0b6-48c3-b979-dc927b00239d,2026-08-16T02:45:00Z,2026-08-16T04:45:00+0200,11.869,MW,NL,NL,actual_offshore_wind_generation,Wind Offshore | Actual Consumption,2026-08-17T17:16:10Z
2026-08-17T17:12:16Z,2026-08-17T19:12:16+0200,f372a1fc-a0b6-48c3-b979-dc927b00239d,2026-08-16T03:00:00Z,2026-08-16T05:00:00+0200,137.085,MW,NL,NL,actual_offshore_wind_generation,Wind Offshore | Actual Aggregated,2026-08-17T17:16:10Z
2026-08-17T17:12:16Z,2026-08-17T19:12:16+0200,f372a1fc-a0b6-48c3-b979-dc927b00239d,2026-08-16T03:00:00Z,2026-08-16T05:00:00+0200,11.85,MW,NL,NL,actual_offshore_wind_generation,Wind Offshore | Actual Consumption,2026-08-17T17:16:10Z
2026-08-17T17:12:16Z,2026-08-17T19:12:16+0200,f372a1fc-a0b6-48c3-b979-dc927b00239d,2026-08-16T03:15:00Z,2026-08-16T05:15:00+0200,138.537,MW,NL,NL,actual_offshore_wind_generation,Wind Offshore | Actual Aggregated,2026-08-17T17:16:10Z
2026-08-17T17:12:16Z,2026-08-17T19:12:16+0200,f372a1fc-a0b6-48c3-b979-dc927b00239d,2026-08-16T03:15:00Z,2026-08-16T05:15:00+0200,16.243,MW,NL,NL,actual_offshore_wind_generation,Wind Offshore | Actual Consumption,2026-08-17T17:16:10Z
2026-08-17T17:12:16Z,2026-08-17T19:12:16+0200,f372a1fc-a0b6-48c3-b979-dc927b00239d,2026-08-16T03:30:00Z,2026-08-16T05:30:00+0200,121.084,MW,NL,NL,actual_offshore_wind_generation,Wind Offshore | Actual Aggregated,2026-08-17T17:16:10Z
2026-08-17T17:12:16Z,2026-08-17T19:12:16+0200,f372a1fc-a0b6-48c3-b979-dc927b00239d,2026-08-16T03:30:00Z,2026-08-16T05:30:00+0200,21.887,MW,NL,NL,actual_offshore_wind_generation,Wind Offshore | Actual Consumption,2026-08-17T17:16:10Z
2026-08-17T17:12:16Z,2026-08-17T19:12:16+0200,f372a1fc-a0b6-48c3-b979-dc927b00239d,2026-08-16T03:45:00Z,2026-08-16T05:45:00+0200,107.343,MW,NL,NL,actual_offshore_wind_generation,Wind Offshore | Actual Aggregated,2026-08-17T17:16:10Z
2026-08-17T17:12:16Z,2026-08-17T19:12:16+0200,f372a1fc-a0b6-48c3-b979-dc927b00239d,2026-08-16T03:45:00Z,2026-08-16T05:45:00+0200,24.12,MW,NL,NL,actual_offshore_wind_generation,Wind Offshore | Actual Consumption,2026-08-17T17:16:10Z
2026-08-17T17:12:16Z,2026-08-17T19:12:16+0200,f372a1fc-a0b6-48c3-b979-dc927b00239d,2026-08-16T04:00:00Z,2026-08-16T06:00:00+0200,102.199,MW,NL,NL,actual_offshore_wind_generation,Wind Offshore | Actual Aggregated,2026-08-17T17:16:10Z
2026-08-17T17:12:16Z,2026-08-17T19:12:16+0200,f372a1fc-a0b6-48c3-b979-dc927b00239d,2026-08-16T04:00:00Z,2026-08-16T06:00:00+0200,24.468,MW,NL,NL,actual_offshore_wind_generation,Wind Offshore | Actual Consumption,2026-08-17T17:16:10Z
2026-08-17T17:12:16Z,2026-08-17T19:12:16+0200,f372a1fc-a0b6-48c3-b979-dc927b00239d,2026-08-16T04:15:00Z,2026-08-16T06:15:00+0200,86.843,MW,NL,NL,actual_offshore_wind_generation,Wind Offshore | Actual Aggregated,2026-08-17T17:16:10Z
2026-08-17T17:12:16Z,2026-08-17T19:12:16+0200,f372a1fc-a0b6-48c3-b979-dc927b00239d,2026-08-16T04:15:00Z,2026-08-16T06:15:00+0200,25.476,MW,NL,NL,actual_offshore_wind_generation,Wind Offshore | Actual Consumption,2026-08-17T17:16:10Z
2026-08-17T17:12:16Z,2026-08-17T19:12:16+0200,f372a1fc-a0b6-48c3-b979-dc927b00239d,2026-08-16T04:30:00Z,2026-08-16T06:30:00+0200,87.343,MW,NL,NL,actual_offshore_wind_generation,Wind Offshore | Actual Aggregated,2026-08-17T17:16:10Z
2026-08-17T17:12:16Z,2026-08-17T19:12:16+0200,f372a1fc-a0b6-48c3-b979-dc927b00239d,2026-08-16T04:30:00Z,2026-08-16T06:30:00+0200,24.131,MW,NL,NL,actual_offshore_wind_generation,Wind Offshore | Actual Consumption,2026-08-17T17:16:10Z
2026-08-17T17:12:16Z,2026-08-17T19:12:16+0200,f372a1fc-a0b6-48c3-b979-dc927b00239d,2026-08-16T04:45:00Z,2026-08-16T06:45:00+0200,100.171,MW,NL,NL,actual_offshore_wind_generation,Wind Offshore | Actual Aggregated,2026-08-17T17:16:10Z
2026-08-17T17:12:16Z,2026-08-17T19:12:16+0200,f372a1fc-a0b6-48c3-b979-dc927b00239d,2026-08-16T04:45:00Z,2026-08-16T06:45:00+0200,21.43,MW,NL,NL,actual_offshore_wind_generation,Wind Offshore | Actual Consumption,2026-08-17T17:16:10Z
2026-08-17T17:12:16Z,2026-08-17T19:12:16+0200,f372a1fc-a0b6-48c3-b979-dc927b00239d,2026-08-16T05:00:00Z,2026-08-16T07:00:00+0200,111.237,MW,NL,NL,actual_offshore_wind_generation,Wind Offshore | Actual Aggregated,2026-08-17T17:16:10Z
2026-08-17T17:12:16Z,2026-08-17T19:12:16+0200,f372a1fc-a0b6-48c3-b979-dc927b00239d,2026-08-16T05:00:00Z,2026-08-16T07:00:00+0200,18.731,MW,NL,NL,actual_offshore_wind_generation,Wind Offshore | Actual Consumption,2026-08-17T17:16:10Z
2026-08-17T17:12:16Z,2026-08-17T19:12:16+0200,f372a1fc-a0b6-48c3-b979-dc927b00239d,2026-08-16T05:15:00Z,2026-08-16T07:15:00+0200,125.16,MW,NL,NL,actual_offshore_wind_generation,Wind Offshore | Actual Aggregated,2026-08-17T17:16:10Z
2026-08-17T17:12:16Z,2026-08-17T19:12:16+0200,f372a1fc-a0b6-48c3-b979-dc927b00239d,2026-08-16T05:15:00Z,2026-08-16T07:15:00+0200,13.966,MW,NL,NL,actual_offshore_wind_generation,Wind Offshore | Actual Consumption,2026-08-17T17:16:10Z
2026-08-17T17:12:16Z,2026-08-17T19:12:16+0200,f372a1fc-a0b6-48c3-b979-dc927b00239d,2026-08-16T05:30:00Z,2026-08-16T07:30:00+0200,105.36,MW,NL,NL,actual_offshore_wind_generation,Wind Offshore | Actual Aggregated,2026-08-17T17:16:10Z
2026-08-17T17:12:16Z,2026-08-17T19:12:16+0200,f372a1fc-a0b6-48c3-b979-dc927b00239d,2026-08-16T05:30:00Z,2026-08-16T07:30:00+0200,10.572,MW,NL,NL,actual_offshore_wind_generation,Wind Offshore | Actual Consumption,2026-08-17T17:16:10Z
2026-08-17T17:12:16Z,2026-08-17T19:12:16+0200,f372a1fc-a0b6-48c3-b979-dc927b00239d,2026-08-16T05:45:00Z,2026-08-16T07:45:00+0200,107.608,MW,NL,NL,actual_offshore_wind_generation,Wind Offshore | Actual Aggregated,2026-08-17T17:16:10Z
2026-08-17T17:12:16Z,2026-08-17T19:12:16+0200,f372a1fc-a0b6-48c3-b979-dc927b00239d,2026-08-16T05:45:00Z,2026-08-16T07:45:00+0200,8.922,MW,NL,NL,actual_offshore_wind_generation,Wind Offshore | Actual Consumption,2026-08-17T17:16:10Z
2026-08-17T17:12:16Z,2026-08-17T19:12:16+0200,f372a1fc-a0b6-48c3-b979-dc927b00239d,2026-08-16T06:00:00Z,2026-08-16T08:00:00+0200,94.039,MW,NL,NL,actual_offshore_wind_generation,Wind Offshore | Actual Aggregated,2026-08-17T17:16:10Z
2026-08-17T17:12:16Z,2026-08-17T19:12:16+0200,f372a1fc-a0b6-48c3-b979-dc927b00239d,2026-08-16T06:00:00Z,2026-08-16T08:00:00+0200,12.101,MW,NL,NL,actual_offshore_wind_generation,Wind Offshore | Actual Consumption,2026-08-17T17:16:10Z
2026-08-17T17:12:16Z,2026-08-17T19:12:16+0200,f372a1fc-a0b6-48c3-b979-dc927b00239d,2026-08-16T06:15:00Z,2026-08-16T08:15:00+0200,77.211,MW,NL,NL,actual_offshore_wind_generation,Wind Offshore | Actual Aggregated,2026-08-17T17:16:10Z
2026-08-17T17:12:16Z,2026-08-17T19:12:16+0200,f372a1fc-a0b6-48c3-b979-dc927b00239d,2026-08-16T06:15:00Z,2026-08-16T08:15:00+0200,18.21,MW,NL,NL,actual_offshore_wind_generation,Wind Offshore | Actual Consumption,2026-08-17T17:16:10Z
2026-08-17T17:12:16Z,2026-08-17T19:12:16+0200,f372a1fc-a0b6-48c3-b979-dc927b00239d,2026-08-16T06:30:00Z,2026-08-16T08:30:00+0200,62.906,MW,NL,NL,actual_offshore_wind_generation,Wind Offshore | Actual Aggregated,2026-08-17T17:16:10Z
2026-08-17T17:12:16Z,2026-08-17T19:12:16+0200,f372a1fc-a0b6-48c3-b979-dc927b00239d,2026-08-16T06:30:00Z,2026-08-16T08:30:00+0200,19.794,MW,NL,NL,actual_offshore_wind_generation,Wind Offshore | Actual Consumption,2026-08-17T17:16:10Z
2026-08-17T17:12:16Z,2026-08-17T19:12:16+0200,f372a1fc-a0b6-48c3-b979-dc927b00239d,2026-08-16T06:45:00Z,2026-08-16T08:45:00+0200,50.521,MW,NL,NL,actual_offshore_wind_generation,Wind Offshore | Actual Aggregated,2026-08-17T17:16:10Z
2026-08-17T17:12:16Z,2026-08-17T19:12:16+0200,f372a1fc-a0b6-48c3-b979-dc927b00239d,2026-08-16T06:45:00Z,2026-08-16T08:45:00+0200,19.927,MW,NL,NL,actual_offshore_wind_generation,Wind Offshore | Actual Consumption,2026-08-17T17:16:10Z
2026-08-17T17:12:16Z,2026-08-17T19:12:16+0200,f372a1fc-a0b6-48c3-b979-dc927b00239d,2026-08-16T07:00:00Z,2026-08-16T09:00:00+0200,56.458,MW,NL,NL,actual_offshore_wind_generation,Wind Offshore | Actual Aggregated,2026-08-17T17:16:10Z
2026-08-17T17:12:16Z,2026-08-17T19:12:16+0200,f372a1fc-a0b6-48c3-b979-dc927b00239d,2026-08-16T07:00:00Z,2026-08-16T09:00:00+0200,18.14,MW,NL,NL,actual_offshore_wind_generation,Wind Offshore | Actual Consumption,2026-08-17T17:16:10Z
2026-08-17T17:12:16Z,2026-08-17T19:12:16+0200,f372a1fc-a0b6-48c3-b979-dc927b00239d,2026-08-16T07:15:00Z,2026-08-16T09:15:00+0200,68.774,MW,NL,NL,actual_offshore_wind_generation,Wind Offshore | Actual Aggregated,2026-08-17T17:16:10Z
2026-08-17T17:12:16Z,2026-08-17T19:12:16+0200,f372a1fc-a0b6-48c3-b979-dc927b00239d,2026-08-16T07:15:00Z,2026-08-16T09:15:00+0200,18.437,MW,NL,NL,actual_offshore_wind_generation,Wind Offshore | Actual Consumption,2026-08-17T17:16:10Z
2026-08-17T17:12:16Z,2026-08-17T19:12:16+0200,f372a1fc-a0b6-48c3-b979-dc927b00239d,2026-08-16T07:30:00Z,2026-08-16T09:30:00+0200,73.405,MW,NL,NL,actual_offshore_wind_generation,Wind Offshore | Actual Aggregated,2026-08-17T17:16:10Z
2026-08-17T17:12:16Z,2026-08-17T19:12:16+0200,f372a1fc-a0b6-48c3-b979-dc927b00239d,2026-08-16T07:30:00Z,2026-08-16T09:30:00+0200,15.37,MW,NL,NL,actual_offshore_wind_generation,Wind Offshore | Actual Consumption,2026-08-17T17:16:10Z
2026-08-17T17:12:16Z,2026-08-17T19:12:16+0200,f372a1fc-a0b6-48c3-b979-dc927b00239d,2026-08-16T07:45:00Z,2026-08-16T09:45:00+0200,72.517,MW,NL,NL,actual_offshore_wind_generation,Wind Offshore | Actual Aggregated,2026-08-17T17:16:10Z
2026-08-17T17:12:16Z,2026-08-17T19:12:16+0200,f372a1fc-a0b6-48c3-b979-dc927b00239d,2026-08-16T07:45:00Z,2026-08-16T09:45:00+0200,14.404,MW,NL,NL,actual_offshore_wind_generation,Wind Offshore | Actual Consumption,2026-08-17T17:16:10Z
2026-08-17T17:12:16Z,2026-08-17T19:12:16+0200,f372a1fc-a0b6-48c3-b979-dc927b00239d,2026-08-16T08:00:00Z,2026-08-16T10:00:00+0200,72.392,MW,NL,NL,actual_offshore_wind_generation,Wind Offshore | Actual Aggregated,2026-08-17T17:16:10Z
2026-08-17T17:12:16Z,2026-08-17T19:12:16+0200,f372a1fc-a0b6-48c3-b979-dc927b00239d,2026-08-16T08:00:00Z,2026-08-16T10:00:00+0200,12.745,MW,NL,NL,actual_offshore_wind_generation,Wind Offshore | Actual Consumption,2026-08-17T17:16:10Z
2026-08-17T17:12:16Z,2026-08-17T19:12:16+0200,f372a1fc-a0b6-48c3-b979-dc927b00239d,2026-08-16T08:15:00Z,2026-08-16T10:15:00+0200,65.724,MW,NL,NL,actual_offshore_wind_generation,Wind Offshore | Actual Aggregated,2026-08-17T17:16:10Z
2026-08-17T17:12:16Z,2026-08-17T19:12:16+0200,f372a1fc-a0b6-48c3-b979-dc927b00239d,2026-08-16T08:15:00Z,2026-08-16T10:15:00+0200,14.493,MW,NL,NL,actual_offshore_wind_generation,Wind Offshore | Actual Consumption,2026-08-17T17:16:10Z
2026-08-17T17:12:16Z,2026-08-17T19:12:16+0200,f372a1fc-a0b6-48c3-b979-dc927b00239d,2026-08-16T08:30:00Z,2026-08-16T10:30:00+0200,28.509,MW,NL,NL,actual_offshore_wind_generation,Wind Offshore | Actual Aggregated,2026-08-17T17:16:10Z
2026-08-17T17:12:16Z,2026-08-17T19:12:16+0200,f372a1fc-a0b6-48c3-b979-dc927b00239d,2026-08-16T08:30:00Z,2026-08-16T10:30:00+0200,16.009,MW,NL,NL,actual_offshore_wind_generation,Wind Offshore | Actual Consumption,2026-08-17T17:16:10Z
2026-08-17T17:12:16Z,2026-08-17T19:12:16+0200,f372a1fc-a0b6-48c3-b979-dc927b00239d,2026-08-16T08:45:00Z,2026-08-16T10:45:00+0200,27.967,MW,NL,NL,actual_offshore_wind_generation,Wind Offshore | Actual Aggregated,2026-08-17T17:16:10Z
2026-08-17T17:12:16Z,2026-08-17T19:12:16+0200,f372a1fc-a0b6-48c3-b979-dc927b00239d,2026-08-16T08:45:00Z,2026-08-16T10:45:00+0200,14.568,MW,NL,NL,actual_offshore_wind_generation,Wind Offshore | Actual Consumption,2026-08-17T17:16:10Z
2026-08-17T17:12:16Z,2026-08-17T19:12:16+0200,f372a1fc-a0b6-48c3-b979-dc927b00239d,2026-08-16T09:00:00Z,2026-08-16T11:00:00+0200,41.552,MW,NL,NL,actual_offshore_wind_generation,Wind Offshore | Actual Aggregated,2026-08-17T17:16:10Z
2026-08-17T17:12:16Z,2026-08-17T19:12:16+0200,f372a1fc-a0b6-48c3-b979-dc927b00239d,2026-08-16T09:00:00Z,2026-08-16T11:00:00+0200,13.237,MW,NL,NL,actual_offshore_wind_generation,Wind Offshore | Actual Consumption,2026-08-17T17:16:10Z
2026-08-17T17:12:16Z,2026-08-17T19:12:16+0200,f372a1fc-a0b6-48c3-b979-dc927b00239d,2026-08-16T09:15:00Z,2026-08-16T11:15:00+0200,24.84,MW,NL,NL,actual_offshore_wind_generation,Wind Offshore | Actual Aggregated,2026-08-17T17:16:10Z
2026-08-17T17:12:16Z,2026-08-17T19:12:16+0200,f372a1fc-a0b6-48c3-b979-dc927b00239d,2026-08-16T09:15:00Z,2026-08-16T11:15:00+0200,18.636,MW,NL,NL,actual_offshore_wind_generation,Wind Offshore | Actual Consumption,2026-08-17T17:16:10Z
2026-08-17T17:12:16Z,2026-08-17T19:12:16+0200,f372a1fc-a0b6-48c3-b979-dc927b00239d,2026-08-16T09:30:00Z,2026-08-16T11:30:00+0200,8.068,MW,NL,NL,actual_offshore_wind_generation,Wind Offshore | Actual Aggregated,2026-08-17T17:16:10Z
2026-08-17T17:12:16Z,2026-08-17T19:12:16+0200,f372a1fc-a0b6-48c3-b979-dc927b00239d,2026-08-16T09:30:00Z,2026-08-16T11:30:00+0200,27.703,MW,NL,NL,actual_offshore_wind_generation,Wind Offshore | Actual Consumption,2026-08-17T17:16:10Z
2026-08-17T17:12:16Z,2026-08-17T19:12:16+0200,f372a1fc-a0b6-48c3-b979-dc927b00239d,2026-08-16T09:45:00Z,2026-08-16T11:45:00+0200,5.015,MW,NL,NL,actual_offshore_wind_generation,Wind Offshore | Actual Aggregated,2026-08-17T17:16:10Z
2026-08-17T17:12:16Z,2026-08-17T19:12:16+0200,f372a1fc-a0b6-48c3-b979-dc927b00239d,2026-08-16T09:45:00Z,2026-08-16T11:45:00+0200,35.001,MW,NL,NL,actual_offshore_wind_generation,Wind Offshore | Actual Consumption,2026-08-17T17:16:10Z
2026-08-17T17:12:16Z,2026-08-17T19:12:16+0200,f372a1fc-a0b6-48c3-b979-dc927b00239d,2026-08-16T10:00:00Z,2026-08-16T12:00:00+0200,15.69,MW,NL,NL,actual_offshore_wind_generation,Wind Offshore | Actual Aggregated,2026-08-17T17:16:10Z
2026-08-17T17:12:16Z,2026-08-17T19:12:16+0200,f372a1fc-a0b6-48c3-b979-dc927b00239d,2026-08-16T10:00:00Z,2026-08-16T12:00:00+0200,31.568,MW,NL,NL,actual_offshore_wind_generation,Wind Offshore | Actual Consumption,2026-08-17T17:16:10Z
2026-08-17T17:12:16Z,2026-08-17T19:12:16+0200,f372a1fc-a0b6-48c3-b979-dc927b00239d,2026-08-16T10:15:00Z,2026-08-16T12:15:00+0200,21.664,MW,NL,NL,actual_offshore_wind_generation,Wind Offshore | Actual Aggregated,2026-08-17T17:16:10Z
2026-08-17T17:12:16Z,2026-08-17T19:12:16+0200,f372a1fc-a0b6-48c3-b979-dc927b00239d,2026-08-16T10:15:00Z,2026-08-16T12:15:00+0200,30.58,MW,NL,NL,actual_offshore_wind_generation,Wind Offshore | Actual Consumption,2026-08-17T17:16:10Z
2026-08-17T17:12:16Z,2026-08-17T19:12:16+0200,f372a1fc-a0b6-48c3-b979-dc927b00239d,2026-08-16T10:30:00Z,2026-08-16T12:30:00+0200,16.098,MW,NL,NL,actual_offshore_wind_generation,Wind Offshore | Actual Aggregated,2026-08-17T17:16:10Z
2026-08-17T17:12:16Z,2026-08-17T19:12:16+0200,f372a1fc-a0b6-48c3-b979-dc927b00239d,2026-08-16T10:30:00Z,2026-08-16T12:30:00+0200,31.106,MW,NL,NL,actual_offshore_wind_generation,Wind Offshore | Actual Consumption,2026-08-17T17:16:10Z
2026-08-17T17:12:16Z,2026-08-17T19:12:16+0200,f372a1fc-a0b6-48c3-b979-dc927b00239d,2026-08-16T10:45:00Z,2026-08-16T12:45:00+0200,11.871,MW,NL,NL,actual_offshore_wind_generation,Wind Offshore | Actual Aggregated,2026-08-17T17:16:10Z
2026-08-17T17:12:16Z,2026-08-17T19:12:16+0200,f372a1fc-a0b6-48c3-b979-dc927b00239d,2026-08-16T10:45:00Z,2026-08-16T12:45:00+0200,28.579,MW,NL,NL,actual_offshore_wind_generation,Wind Offshore | Actual Consumption,2026-08-17T17:16:10Z
2026-08-17T17:12:16Z,2026-08-17T19:12:16+0200,f372a1fc-a0b6-48c3-b979-dc927b00239d,2026-08-16T11:00:00Z,2026-08-16T13:00:00+0200,8.528,MW,NL,NL,actual_offshore_wind_generation,Wind Offshore | Actual Aggregated,2026-08-17T17:16:10Z
2026-08-17T17:12:16Z,2026-08-17T19:12:16+0200,f372a1fc-a0b6-48c3-b979-dc927b00239d,2026-08-16T11:00:00Z,2026-08-16T13:00:00+0200,26.579,MW,NL,NL,actual_offshore_wind_generation,Wind Offshore | Actual Consumption,2026-08-17T17:16:10Z
2026-08-17T17:12:16Z,2026-08-17T19:12:16+0200,f372a1fc-a0b6-48c3-b979-dc927b00239d,2026-08-16T11:15:00Z,2026-08-16T13:15:00+0200,5.825,MW,NL,NL,actual_offshore_wind_generation,Wind Offshore | Actual Aggregated,2026-08-17T17:16:10Z
2026-08-17T17:12:16Z,2026-08-17T19:12:16+0200,f372a1fc-a0b6-48c3-b979-dc927b00239d,2026-08-16T11:15:00Z,2026-08-16T13:15:00+0200,25.52,MW,NL,NL,actual_offshore_wind_generation,Wind Offshore | Actual Consumption,2026-08-17T17:16:10Z
2026-08-17T17:12:16Z,2026-08-17T19:12:16+0200,f372a1fc-a0b6-48c3-b979-dc927b00239d,2026-08-16T11:30:00Z,2026-08-16T13:30:00+0200,12.83,MW,NL,NL,actual_offshore_wind_generation,Wind Offshore | Actual Aggregated,2026-08-17T17:16:10Z
2026-08-17T17:12:16Z,2026-08-17T19:12:16+0200,f372a1fc-a0b6-48c3-b979-dc927b00239d,2026-08-16T11:30:00Z,2026-08-16T13:30:00+0200,25.047,MW,NL,NL,actual_offshore_wind_generation,Wind Offshore | Actual Consumption,2026-08-17T17:16:10Z
2026-08-17T17:12:16Z,2026-08-17T19:12:16+0200,f372a1fc-a0b6-48c3-b979-dc927b00239d,2026-08-16T11:45:00Z,2026-08-16T13:45:00+0200,35.702,MW,NL,NL,actual_offshore_wind_generation,Wind Offshore | Actual Aggregated,2026-08-17T17:16:10Z
2026-08-17T17:12:16Z,2026-08-17T19:12:16+0200,f372a1fc-a0b6-48c3-b979-dc927b00239d,2026-08-16T11:45:00Z,2026-08-16T13:45:00+0200,16.18,MW,NL,NL,actual_offshore_wind_generation,Wind Offshore | Actual Consumption,2026-08-17T17:16:10Z
2026-08-17T17:12:16Z,2026-08-17T19:12:16+0200,f372a1fc-a0b6-48c3-b979-dc927b00239d,2026-08-16T12:00:00Z,2026-08-16T14:00:00+0200,93.711,MW,NL,NL,actual_offshore_wind_generation,Wind Offshore | Actual Aggregated,2026-08-17T17:16:10Z
2026-08-17T17:12:16Z,2026-08-17T19:12:16+0200,f372a1fc-a0b6-48c3-b979-dc927b00239d,2026-08-16T12:00:00Z,2026-08-16T14:00:00+0200,12.218,MW,NL,NL,actual_offshore_wind_generation,Wind Offshore | Actual Consumption,2026-08-17T17:16:10Z
2026-08-17T17:12:16Z,2026-08-17T19:12:16+0200,f372a1fc-a0b6-48c3-b979-dc927b00239d,2026-08-16T12:15:00Z,2026-08-16T14:15:00+0200,161.926,MW,NL,NL,actual_offshore_wind_generation,Wind Offshore | Actual Aggregated,2026-08-17T17:16:10Z
2026-08-17T17:12:16Z,2026-08-17T19:12:16+0200,f372a1fc-a0b6-48c3-b979-dc927b00239d,2026-08-16T12:15:00Z,2026-08-16T14:15:00+0200,10.654,MW,NL,NL,actual_offshore_wind_generation,Wind Offshore | Actual Consumption,2026-08-17T17:16:10Z
2026-08-17T17:12:16Z,2026-08-17T19:12:16+0200,f372a1fc-a0b6-48c3-b979-dc927b00239d,2026-08-16T12:30:00Z,2026-08-16T14:30:00+0200,195.826,MW,NL,NL,actual_offshore_wind_generation,Wind Offshore | Actual Aggregated,2026-08-17T17:16:10Z
2026-08-17T17:12:16Z,2026-08-17T19:12:16+0200,f372a1fc-a0b6-48c3-b979-dc927b00239d,2026-08-16T12:30:00Z,2026-08-16T14:30:00+0200,11.868,MW,NL,NL,actual_offshore_wind_generation,Wind Offshore | Actual Consumption,2026-08-17T17:16:10Z
2026-08-17T17:12:16Z,2026-08-17T19:12:16+0200,f372a1fc-a0b6-48c3-b979-dc927b00239d,2026-08-16T12:45:00Z,2026-08-16T14:45:00+0200,145.66,MW,NL,NL,actual_offshore_wind_generation,Wind Offshore | Actual Aggregated,2026-08-17T17:16:10Z
2026-08-17T17:12:16Z,2026-08-17T19:12:16+0200,f372a1fc-a0b6-48c3-b979-dc927b00239d,2026-08-16T12:45:00Z,2026-08-16T14:45:00+0200,14.412,MW,NL,NL,actual_offshore_wind_generation,Wind Offshore | Actual Consumption,2026-08-17T17:16:10Z
2026-08-17T17:12:16Z,2026-08-17T19:12:16+0200,f372a1fc-a0b6-48c3-b979-dc927b00239d,2026-08-16T13:00:00Z,2026-08-16T15:00:00+0200,180.078,MW,NL,NL,actual_offshore_wind_generation,Wind Offshore | Actual Aggregated,2026-08-17T17:16:10Z
2026-08-17T17:12:16Z,2026-08-17T19:12:16+0200,f372a1fc-a0b6-48c3-b979-dc927b00239d,2026-08-16T13:00:00Z,2026-08-16T15:00:00+0200,13.473,MW,NL,NL,actual_offshore_wind_generation,Wind Offshore | Actual Consumption,2026-08-17T17:16:10Z
2026-08-17T17:12:16Z,2026-08-17T19:12:16+0200,f372a1fc-a0b6-48c3-b979-dc927b00239d,2026-08-16T13:15:00Z,2026-08-16T15:15:00+0200,120.392,MW,NL,NL,actual_offshore_wind_generation,Wind Offshore | Actual Aggregated,2026-08-17T17:16:10Z
2026-08-17T17:12:16Z,2026-08-17T19:12:16+0200,f372a1fc-a0b6-48c3-b979-dc927b00239d,2026-08-16T13:15:00Z,2026-08-16T15:15:00+0200,13.603,MW,NL,NL,actual_offshore_wind_generation,Wind Offshore | Actual Consumption,2026-08-17T17:16:10Z
2026-08-17T17:12:16Z,2026-08-17T19:12:16+0200,f372a1fc-a0b6-48c3-b979-dc927b00239d,2026-08-16T13:30:00Z,2026-08-16T15:30:00+0200,108.467,MW,NL,NL,actual_offshore_wind_generation,Wind Offshore | Actual Aggregated,2026-08-17T17:16:10Z
2026-08-17T17:12:16Z,2026-08-17T19:12:16+0200,f372a1fc-a0b6-48c3-b979-dc927b00239d,2026-08-16T13:30:00Z,2026-08-16T15:30:00+0200,14.094,MW,NL,NL,actual_offshore_wind_generation,Wind Offshore | Actual Consumption,2026-08-17T17:16:10Z
2026-08-17T17:12:16Z,2026-08-17T19:12:16+0200,f372a1fc-a0b6-48c3-b979-dc927b00239d,2026-08-16T13:45:00Z,2026-08-16T15:45:00+0200,134.279,MW,NL,NL,actual_offshore_wind_generation,Wind Offshore | Actual Aggregated,2026-08-17T17:16:10Z
2026-08-17T17:12:16Z,2026-08-17T19:12:16+0200,f372a1fc-a0b6-48c3-b979-dc927b00239d,2026-08-16T13:45:00Z,2026-08-16T15:45:00+0200,18.446,MW,NL,NL,actual_offshore_wind_generation,Wind Offshore | Actual Consumption,2026-08-17T17:16:10Z
2026-08-17T17:12:16Z,2026-08-17T19:12:16+0200,f372a1fc-a0b6-48c3-b979-dc927b00239d,2026-08-16T14:00:00Z,2026-08-16T16:00:00+0200,112.785,MW,NL,NL,actual_offshore_wind_generation,Wind Offshore | Actual Aggregated,2026-08-17T17:16:10Z
2026-08-17T17:12:16Z,2026-08-17T19:12:16+0200,f372a1fc-a0b6-48c3-b979-dc927b00239d,2026-08-16T14:00:00Z,2026-08-16T16:00:00+0200,22.347,MW,NL,NL,actual_offshore_wind_generation,Wind Offshore | Actual Consumption,2026-08-17T17:16:10Z
2026-08-17T17:12:16Z,2026-08-17T19:12:16+0200,f372a1fc-a0b6-48c3-b979-dc927b00239d,2026-08-16T14:15:00Z,2026-08-16T16:15:00+0200,93.741,MW,NL,NL,actual_offshore_wind_generation,Wind Offshore | Actual Aggregated,2026-08-17T17:16:10Z
2026-08-17T17:12:16Z,2026-08-17T19:12:16+0200,f372a1fc-a0b6-48c3-b979-dc927b00239d,2026-08-16T14:15:00Z,2026-08-16T16:15:00+0200,23.149,MW,NL,NL,actual_offshore_wind_generation,Wind Offshore | Actual Consumption,2026-08-17T17:16:10Z
2026-08-17T17:12:16Z,2026-08-17T19:12:16+0200,f372a1fc-a0b6-48c3-b979-dc927b00239d,2026-08-16T14:30:00Z,2026-08-16T16:30:00+0200,80.197,MW,NL,NL,actual_offshore_wind_generation,Wind Offshore | Actual Aggregated,2026-08-17T17:16:10Z
2026-08-17T17:12:16Z,2026-08-17T19:12:16+0200,f372a1fc-a0b6-48c3-b979-dc927b00239d,2026-08-16T14:30:00Z,2026-08-16T16:30:00+0200,24.455,MW,NL,NL,actual_offshore_wind_generation,Wind Offshore | Actual Consumption,2026-08-17T17:16:10Z
2026-08-17T17:12:16Z,2026-08-17T19:12:16+0200,f372a1fc-a0b6-48c3-b979-dc927b00239d,2026-08-16T14:45:00Z,2026-08-16T16:45:00+0200,85.247,MW,NL,NL,actual_offshore_wind_generation,Wind Offshore | Actual Aggregated,2026-08-17T17:16:10Z
2026-08-17T17:12:16Z,2026-08-17T19:12:16+0200,f372a1fc-a0b6-48c3-b979-dc927b00239d,2026-08-16T14:45:00Z,2026-08-16T16:45:00+0200,22.908,MW,NL,NL,actual_offshore_wind_generation,Wind Offshore | Actual Consumption,2026-08-17T17:16:10Z
2026-08-17T17:12:16Z,2026-08-17T19:12:16+0200,f372a1fc-a0b6-48c3-b979-dc927b00239d,2026-08-16T15:00:00Z,2026-08-16T17:00:00+0200,66.171,MW,NL,NL,actual_offshore_wind_generation,Wind Offshore | Actual Aggregated,2026-08-17T17:16:10Z
2026-08-17T17:12:16Z,2026-08-17T19:12:16+0200,f372a1fc-a0b6-48c3-b979-dc927b00239d,2026-08-16T15:00:00Z,2026-08-16T17:00:00+0200,25.496,MW,NL,NL,actual_offshore_wind_generation,Wind Offshore | Actual Consumption,2026-08-17T17:16:10Z
2026-08-17T17:12:16Z,2026-08-17T19:12:16+0200,f372a1fc-a0b6-48c3-b979-dc927b00239d,2026-08-16T15:15:00Z,2026-08-16T17:15:00+0200,27.095,MW,NL,NL,actual_offshore_wind_generation,Wind Offshore | Actual Aggregated,2026-08-17T17:16:10Z
2026-08-17T17:12:16Z,2026-08-17T19:12:16+0200,f372a1fc-a0b6-48c3-b979-dc927b00239d,2026-08-16T15:15:00Z,2026-08-16T17:15:00+0200,31.091,MW,NL,NL,actual_offshore_wind_generation,Wind Offshore | Actual Consumption,2026-08-17T17:16:10Z
2026-08-17T17:12:16Z,2026-08-17T19:12:16+0200,f372a1fc-a0b6-48c3-b979-dc927b00239d,2026-08-16T15:30:00Z,2026-08-16T17:30:00+0200,11.334,MW,NL,NL,actual_offshore_wind_generation,Wind Offshore | Actual Aggregated,2026-08-17T17:16:10Z
2026-08-17T17:12:16Z,2026-08-17T19:12:16+0200,f372a1fc-a0b6-48c3-b979-dc927b00239d,2026-08-16T15:30:00Z,2026-08-16T17:30:00+0200,28.11,MW,NL,NL,actual_offshore_wind_generation,Wind Offshore | Actual Consumption,2026-08-17T17:16:10Z
2026-08-17T17:12:16Z,2026-08-17T19:12:16+0200,f372a1fc-a0b6-48c3-b979-dc927b00239d,2026-08-16T15:45:00Z,2026-08-16T17:45:00+0200,10.034,MW,NL,NL,actual_offshore_wind_generation,Wind Offshore | Actual Aggregated,2026-08-17T17:16:10Z
2026-08-17T17:12:16Z,2026-08-17T19:12:16+0200,f372a1fc-a0b6-48c3-b979-dc927b00239d,2026-08-16T15:45:00Z,2026-08-16T17:45:00+0200,33.29,MW,NL,NL,actual_offshore_wind_generation,Wind Offshore | Actual Consumption,2026-08-17T17:16:10Z
2026-08-17T17:12:16Z,2026-08-17T19:12:16+0200,f372a1fc-a0b6-48c3-b979-dc927b00239d,2026-08-16T16:00:00Z,2026-08-16T18:00:00+0200,7.714,MW,NL,NL,actual_offshore_wind_generation,Wind Offshore | Actual Aggregated,2026-08-17T17:16:10Z
2026-08-17T17:12:16Z,2026-08-17T19:12:16+0200,f372a1fc-a0b6-48c3-b979-dc927b00239d,2026-08-16T16:00:00Z,2026-08-16T18:00:00+0200,40.893,MW,NL,NL,actual_offshore_wind_generation,Wind Offshore | Actual Consumption,2026-08-17T17:16:10Z
2026-08-17T17:12:16Z,2026-08-17T19:12:16+0200,f372a1fc-a0b6-48c3-b979-dc927b00239d,2026-08-16T16:15:00Z,2026-08-16T18:15:00+0200,0.214,MW,NL,NL,actual_offshore_wind_generation,Wind Offshore | Actual Aggregated,2026-08-17T17:16:10Z
2026-08-17T17:12:16Z,2026-08-17T19:12:16+0200,f372a1fc-a0b6-48c3-b979-dc927b00239d,2026-08-16T16:15:00Z,2026-08-16T18:15:00+0200,45.303,MW,NL,NL,actual_offshore_wind_generation,Wind Offshore | Actual Consumption,2026-08-17T17:16:10Z
2026-08-17T17:12:16Z,2026-08-17T19:12:16+0200,f372a1fc-a0b6-48c3-b979-dc927b00239d,2026-08-16T16:30:00Z,2026-08-16T18:30:00+0200,0.274,MW,NL,NL,actual_offshore_wind_generation,Wind Offshore | Actual Aggregated,2026-08-17T17:16:10Z
2026-08-17T17:12:16Z,2026-08-17T19:12:16+0200,f372a1fc-a0b6-48c3-b979-dc927b00239d,2026-08-16T16:30:00Z,2026-08-16T18:30:00+0200,43.766,MW,NL,NL,actual_offshore_wind_generation,Wind Offshore | Actual Consumption,2026-08-17T17:16:10Z
2026-08-17T17:12:16Z,2026-08-17T19:12:16+0200,f372a1fc-a0b6-48c3-b979-dc927b00239d,2026-08-16T16:45:00Z,2026-08-16T18:45:00+0200,4.415,MW,NL,NL,actual_offshore_wind_generation,Wind Offshore | Actual Aggregated,2026-08-17T17:16:10Z
2026-08-17T17:12:16Z,2026-08-17T19:12:16+0200,f372a1fc-a0b6-48c3-b979-dc927b00239d,2026-08-16T16:45:00Z,2026-08-16T18:45:00+0200,35.363,MW,NL,NL,actual_offshore_wind_generation,Wind Offshore | Actual Consumption,2026-08-17T17:16:10Z
2026-08-17T17:12:16Z,2026-08-17T19:12:16+0200,f372a1fc-a0b6-48c3-b979-dc927b00239d,2026-08-16T17:00:00Z,2026-08-16T19:00:00+0200,10.56,MW,NL,NL,actual_offshore_wind_generation,Wind Offshore | Actual Aggregated,2026-08-17T17:16:10Z
2026-08-17T17:12:16Z,2026-08-17T19:12:16+0200,f372a1fc-a0b6-48c3-b979-dc927b00239d,2026-08-16T17:00:00Z,2026-08-16T19:00:00+0200,33.1,MW,NL,NL,actual_offshore_wind_generation,Wind Offshore | Actual Consumption,2026-08-17T17:16:10Z
2026-08-17T17:12:16Z,2026-08-17T19:12:16+0200,f372a1fc-a0b6-48c3-b979-dc927b00239d,2026-08-16T17:15:00Z,2026-08-16T19:15:00+0200,0.634,MW,NL,NL,actual_offshore_wind_generation,Wind Offshore | Actual Aggregated,2026-08-17T17:16:10Z
2026-08-17T17:12:16Z,2026-08-17T19:12:16+0200,f372a1fc-a0b6-48c3-b979-dc927b00239d,2026-08-16T17:15:00Z,2026-08-16T19:15:00+0200,38.905,MW,NL,NL,actual_offshore_wind_generation,Wind Offshore | Actual Consumption,2026-08-17T17:16:10Z
2026-08-17T17:12:16Z,2026-08-17T19:12:16+0200,f372a1fc-a0b6-48c3-b979-dc927b00239d,2026-08-16T17:30:00Z,2026-08-16T19:30:00+0200,0.0,MW,NL,NL,actual_offshore_wind_generation,Wind Offshore | Actual Aggregated,2026-08-17T17:16:10Z
2026-08-17T17:12:16Z,2026-08-17T19:12:16+0200,f372a1fc-a0b6-48c3-b979-dc927b00239d,2026-08-16T17:30:00Z,2026-08-16T19:30:00+0200,41.723,MW,NL,NL,actual_offshore_wind_generation,Wind Offshore | Actual Consumption,2026-08-17T17:16:10Z
2026-08-17T17:12:16Z,2026-08-17T19:12:16+0200,f372a1fc-a0b6-48c3-b979-dc927b00239d,2026-08-16T17:45:00Z,2026-08-16T19:45:00+0200,0.0,MW,NL,NL,actual_offshore_wind_generation,Wind Offshore | Actual Aggregated,2026-08-17T17:16:10Z
2026-08-17T17:12:16Z,2026-08-17T19:12:16+0200,f372a1fc-a0b6-48c3-b979-dc927b00239d,2026-08-16T17:45:00Z,2026-08-16T19:45:00+0200,42.367,MW,NL,NL,actual_offshore_wind_generation,Wind Offshore | Actual Consumption,2026-08-17T17:16:10Z
2026-08-17T17:12:16Z,2026-08-17T19:12:16+0200,f372a1fc-a0b6-48c3-b979-dc927b00239d,2026-08-16T18:00:00Z,2026-08-16T20:00:00+0200,0.0,MW,NL,NL,actual_offshore_wind_generation,Wind Offshore | Actual Aggregated,2026-08-17T17:16:10Z
2026-08-17T17:12:16Z,2026-08-17T19:12:16+0200,f372a1fc-a0b6-48c3-b979-dc927b00239d,2026-08-16T18:00:00Z,2026-08-16T20:00:00+0200,41.193,MW,NL,NL,actual_offshore_wind_generation,Wind Offshore | Actual Consumption,2026-08-17T17:16:10Z
2026-08-17T17:12:16Z,2026-08-17T19:12:16+0200,f372a1fc-a0b6-48c3-b979-dc927b00239d,2026-08-16T18:15:00Z,2026-08-16T20:15:00+0200,0.0,MW,NL,NL,actual_offshore_wind_generation,Wind Offshore | Actual Aggregated,2026-08-17T17:16:10Z
2026-08-17T17:12:16Z,2026-08-17T19:12:16+0200,f372a1fc-a0b6-48c3-b979-dc927b00239d,2026-08-16T18:15:00Z,2026-08-16T20:15:00+0200,44.026,MW,NL,NL,actual_offshore_wind_generation,Wind Offshore | Actual Consumption,2026-08-17T17:16:10Z
2026-08-17T17:12:16Z,2026-08-17T19:12:16+0200,f372a1fc-a0b6-48c3-b979-dc927b00239d,2026-08-16T18:30:00Z,2026-08-16T20:30:00+0200,0.0,MW,NL,NL,actual_offshore_wind_generation,Wind Offshore | Actual Aggregated,2026-08-17T17:16:10Z
2026-08-17T17:12:16Z,2026-08-17T19:12:16+0200,f372a1fc-a0b6-48c3-b979-dc927b00239d,2026-08-16T18:30:00Z,2026-08-16T20:30:00+0200,43.811,MW,NL,NL,actual_offshore_wind_generation,Wind Offshore | Actual Consumption,2026-08-17T17:16:10Z
2026-08-17T17:12:16Z,2026-08-17T19:12:16+0200,f372a1fc-a0b6-48c3-b979-dc927b00239d,2026-08-16T18:45:00Z,2026-08-16T20:45:00+0200,0.0,MW,NL,NL,actual_offshore_wind_generation,Wind Offshore | Actual Aggregated,2026-08-17T17:16:10Z
2026-08-17T17:12:16Z,2026-08-17T19:12:16+0200,f372a1fc-a0b6-48c3-b979-dc927b00239d,2026-08-16T18:45:00Z,2026-08-16T20:45:00+0200,43.926,MW,NL,NL,actual_offshore_wind_generation,Wind Offshore | Actual Consumption,2026-08-17T17:16:10Z
2026-08-17T17:12:16Z,2026-08-17T19:12:16+0200,f372a1fc-a0b6-48c3-b979-dc927b00239d,2026-08-16T19:00:00Z,2026-08-16T21:00:00+0200,0.0,MW,NL,NL,actual_offshore_wind_generation,Wind Offshore | Actual Aggregated,2026-08-17T17:16:10Z
2026-08-17T17:12:16Z,2026-08-17T19:12:16+0200,f372a1fc-a0b6-48c3-b979-dc927b00239d,2026-08-16T19:00:00Z,2026-08-16T21:00:00+0200,43.322,MW,NL,NL,actual_offshore_wind_generation,Wind Offshore | Actual Consumption,2026-08-17T17:16:10Z
2026-08-17T17:12:16Z,2026-08-17T19:12:16+0200,f372a1fc-a0b6-48c3-b979-dc927b00239d,2026-08-16T19:15:00Z,2026-08-16T21:15:00+0200,0.0,MW,NL,NL,actual_offshore_wind_generation,Wind Offshore | Actual Aggregated,2026-08-17T17:16:10Z
2026-08-17T17:12:16Z,2026-08-17T19:12:16+0200,f372a1fc-a0b6-48c3-b979-dc927b00239d,2026-08-16T19:15:00Z,2026-08-16T21:15:00+0200,43.321,MW,NL,NL,actual_offshore_wind_generation,Wind Offshore | Actual Consumption,2026-08-17T17:16:10Z
2026-08-17T17:12:16Z,2026-08-17T19:12:16+0200,f372a1fc-a0b6-48c3-b979-dc927b00239d,2026-08-16T19:30:00Z,2026-08-16T21:30:00+0200,0.0,MW,NL,NL,actual_offshore_wind_generation,Wind Offshore | Actual Aggregated,2026-08-17T17:16:10Z
2026-08-17T17:12:16Z,2026-08-17T19:12:16+0200,f372a1fc-a0b6-48c3-b979-dc927b00239d,2026-08-16T19:30:00Z,2026-08-16T21:30:00+0200,40.908,MW,NL,NL,actual_offshore_wind_generation,Wind Offshore | Actual Consumption,2026-08-17T17:16:10Z
2026-08-17T17:12:16Z,2026-08-17T19:12:16+0200,f372a1fc-a0b6-48c3-b979-dc927b00239d,2026-08-16T19:45:00Z,2026-08-16T21:45:00+0200,0.0,MW,NL,NL,actual_offshore_wind_generation,Wind Offshore | Actual Aggregated,2026-08-17T17:16:10Z
2026-08-17T17:12:16Z,2026-08-17T19:12:16+0200,f372a1fc-a0b6-48c3-b979-dc927b00239d,2026-08-16T19:45:00Z,2026-08-16T21:45:00+0200,39.384,MW,NL,NL,actual_offshore_wind_generation,Wind Offshore | Actual Consumption,2026-08-17T17:16:10Z
2026-08-17T17:12:16Z,2026-08-17T19:12:16+0200,f372a1fc-a0b6-48c3-b979-dc927b00239d,2026-08-16T20:00:00Z,2026-08-16T22:00:00+0200,6.054,MW,NL,NL,actual_offshore_wind_generation,Wind Offshore | Actual Aggregated,2026-08-17T17:16:10Z
2026-08-17T17:12:16Z,2026-08-17T19:12:16+0200,f372a1fc-a0b6-48c3-b979-dc927b00239d,2026-08-16T20:00:00Z,2026-08-16T22:00:00+0200,31.818,MW,NL,NL,actual_offshore_wind_generation,Wind Offshore | Actual Consumption,2026-08-17T17:16:10Z
2026-08-17T17:12:16Z,2026-08-17T19:12:16+0200,f372a1fc-a0b6-48c3-b979-dc927b00239d,2026-08-16T20:15:00Z,2026-08-16T22:15:00+0200,7.282,MW,NL,NL,actual_offshore_wind_generation,Wind Offshore | Actual Aggregated,2026-08-17T17:16:10Z
2026-08-17T17:12:16Z,2026-08-17T19:12:16+0200,f372a1fc-a0b6-48c3-b979-dc927b00239d,2026-08-16T20:15:00Z,2026-08-16T22:15:00+0200,31.815,MW,NL,NL,actual_offshore_wind_generation,Wind Offshore | Actual Consumption,2026-08-17T17:16:10Z
2026-08-17T17:12:16Z,2026-08-17T19:12:16+0200,f372a1fc-a0b6-48c3-b979-dc927b00239d,2026-08-16T20:30:00Z,2026-08-16T22:30:00+0200,0.0,MW,NL,NL,actual_offshore_wind_generation,Wind Offshore | Actual Aggregated,2026-08-17T17:16:10Z
2026-08-17T17:12:16Z,2026-08-17T19:12:16+0200,f372a1fc-a0b6-48c3-b979-dc927b00239d,2026-08-16T20:30:00Z,2026-08-16T22:30:00+0200,38.908,MW,NL,NL,actual_offshore_wind_generation,Wind Offshore | Actual Consumption,2026-08-17T17:16:10Z
2026-08-17T17:12:16Z,2026-08-17T19:12:16+0200,f372a1fc-a0b6-48c3-b979-dc927b00239d,2026-08-16T20:45:00Z,2026-08-16T22:45:00+0200,1.253,MW,NL,NL,actual_offshore_wind_generation,Wind Offshore | Actual Aggregated,2026-08-17T17:16:10Z
2026-08-17T17:12:16Z,2026-08-17T19:12:16+0200,f372a1fc-a0b6-48c3-b979-dc927b00239d,2026-08-16T20:45:00Z,2026-08-16T22:45:00+0200,38.049,MW,NL,NL,actual_offshore_wind_generation,Wind Offshore | Actual Consumption,2026-08-17T17:16:10Z
2026-08-17T17:12:16Z,2026-08-17T19:12:16+0200,f372a1fc-a0b6-48c3-b979-dc927b00239d,2026-08-16T21:00:00Z,2026-08-16T23:00:00+0200,7.815,MW,NL,NL,actual_offshore_wind_generation,Wind Offshore | Actual Aggregated,2026-08-17T17:16:10Z
2026-08-17T17:12:16Z,2026-08-17T19:12:16+0200,f372a1fc-a0b6-48c3-b979-dc927b00239d,2026-08-16T21:00:00Z,2026-08-16T23:00:00+0200,32.61,MW,NL,NL,actual_offshore_wind_generation,Wind Offshore | Actual Consumption,2026-08-17T17:16:10Z
2026-08-17T17:12:16Z,2026-08-17T19:12:16+0200,f372a1fc-a0b6-48c3-b979-dc927b00239d,2026-08-16T21:15:00Z,2026-08-16T23:15:00+0200,22.157,MW,NL,NL,actual_offshore_wind_generation,Wind Offshore | Actual Aggregated,2026-08-17T17:16:10Z
2026-08-17T17:12:16Z,2026-08-17T19:12:16+0200,f372a1fc-a0b6-48c3-b979-dc927b00239d,2026-08-16T21:15:00Z,2026-08-16T23:15:00+0200,29.064,MW,NL,NL,actual_offshore_wind_generation,Wind Offshore | Actual Consumption,2026-08-17T17:16:10Z
2026-08-17T17:12:16Z,2026-08-17T19:12:16+0200,f372a1fc-a0b6-48c3-b979-dc927b00239d,2026-08-16T21:30:00Z,2026-08-16T23:30:00+0200,182.811,MW,NL,NL,actual_offshore_wind_generation,Wind Offshore | Actual Aggregated,2026-08-17T17:16:10Z
2026-08-17T17:12:16Z,2026-08-17T19:12:16+0200,f372a1fc-a0b6-48c3-b979-dc927b00239d,2026-08-16T21:30:00Z,2026-08-16T23:30:00+0200,25.82,MW,NL,NL,actual_offshore_wind_generation,Wind Offshore | Actual Consumption,2026-08-17T17:16:10Z
2026-08-17T17:12:16Z,2026-08-17T19:12:16+0200,f372a1fc-a0b6-48c3-b979-dc927b00239d,2026-08-16T21:45:00Z,2026-08-16T23:45:00+0200,294.754,MW,NL,NL,actual_offshore_wind_generation,Wind Offshore | Actual Aggregated,2026-08-17T17:16:10Z
2026-08-17T17:12:16Z,2026-08-17T19:12:16+0200,f372a1fc-a0b6-48c3-b979-dc927b00239d,2026-08-16T21:45:00Z,2026-08-16T23:45:00+0200,25.995,MW,NL,NL,actual_offshore_wind_generation,Wind Offshore | Actual Consumption,2026-08-17T17:16:10Z
2026-08-17T17:12:16Z,2026-08-17T19:12:16+0200,f372a1fc-a0b6-48c3-b979-dc927b00239d,2026-08-16T22:00:00Z,2026-08-17T00:00:00+0200,299.379,MW,NL,NL,actual_offshore_wind_generation,Wind Offshore | Actual Aggregated,2026-08-17T17:16:10Z
2026-08-17T17:12:16Z,2026-08-17T19:12:16+0200,f372a1fc-a0b6-48c3-b979-dc927b00239d,2026-08-16T22:00:00Z,2026-08-17T00:00:00+0200,26.028,MW,NL,NL,actual_offshore_wind_generation,Wind Offshore | Actual Consumption,2026-08-17T17:16:10Z
2026-08-17T17:12:16Z,2026-08-17T19:12:16+0200,f372a1fc-a0b6-48c3-b979-dc927b00239d,2026-08-16T22:15:00Z,2026-08-17T00:15:00+0200,165.059,MW,NL,NL,actual_offshore_wind_generation,Wind Offshore | Actual Aggregated,2026-08-17T17:16:10Z
2026-08-17T17:12:16Z,2026-08-17T19:12:16+0200,f372a1fc-a0b6-48c3-b979-dc927b00239d,2026-08-16T22:15:00Z,2026-08-17T00:15:00+0200,23.386,MW,NL,NL,actual_offshore_wind_generation,Wind Offshore | Actual Consumption,2026-08-17T17:16:10Z
2026-08-17T17:12:16Z,2026-08-17T19:12:16+0200,f372a1fc-a0b6-48c3-b979-dc927b00239d,2026-08-16T22:30:00Z,2026-08-17T00:30:00+0200,59.633,MW,NL,NL,actual_offshore_wind_generation,Wind Offshore | Actual Aggregated,2026-08-17T17:16:10Z
2026-08-17T17:12:16Z,2026-08-17T19:12:16+0200,f372a1fc-a0b6-48c3-b979-dc927b00239d,2026-08-16T22:30:00Z,2026-08-17T00:30:00+0200,19.902,MW,NL,NL,actual_offshore_wind_generation,Wind Offshore | Actual Consumption,2026-08-17T17:16:10Z
2026-08-17T17:12:16Z,2026-08-17T19:12:16+0200,f372a1fc-a0b6-48c3-b979-dc927b00239d,2026-08-16T22:45:00Z,2026-08-17T00:45:00+0200,50.668,MW,NL,NL,actual_offshore_wind_generation,Wind Offshore | Actual Aggregated,2026-08-17T17:16:10Z
2026-08-17T17:12:16Z,2026-08-17T19:12:16+0200,f372a1fc-a0b6-48c3-b979-dc927b00239d,2026-08-16T22:45:00Z,2026-08-17T00:45:00+0200,18.136,MW,NL,NL,actual_offshore_wind_generation,Wind Offshore | Actual Consumption,2026-08-17T17:16:10Z
2026-08-17T17:12:16Z,2026-08-17T19:12:16+0200,f372a1fc-a0b6-48c3-b979-dc927b00239d,2026-08-16T23:00:00Z,2026-08-17T01:00:00+0200,66.664,MW,NL,NL,actual_offshore_wind_generation,Wind Offshore | Actual Aggregated,2026-08-17T17:16:10Z
2026-08-17T17:12:16Z,2026-08-17T19:12:16+0200,f372a1fc-a0b6-48c3-b979-dc927b00239d,2026-08-16T23:00:00Z,2026-08-17T01:00:00+0200,20.961,MW,NL,NL,actual_offshore_wind_generation,Wind Offshore | Actual Consumption,2026-08-17T17:16:10Z
2026-08-17T17:12:16Z,2026-08-17T19:12:16+0200,f372a1fc-a0b6-48c3-b979-dc927b00239d,2026-08-16T23:15:00Z,2026-08-17T01:15:00+0200,94.228,MW,NL,NL,actual_offshore_wind_generation,Wind Offshore | Actual Aggregated,2026-08-17T17:16:10Z
2026-08-17T17:12:16Z,2026-08-17T19:12:16+0200,f372a1fc-a0b6-48c3-b979-dc927b00239d,2026-08-16T23:15:00Z,2026-08-17T01:15:00+0200,19.665,MW,NL,NL,actual_offshore_wind_generation,Wind Offshore | Actual Consumption,2026-08-17T17:16:10Z
2026-08-17T17:12:16Z,2026-08-17T19:12:16+0200,f372a1fc-a0b6-48c3-b979-dc927b00239d,2026-08-16T23:30:00Z,2026-08-17T01:30:00+0200,113.167,MW,NL,NL,actual_offshore_wind_generation,Wind Offshore | Actual Aggregated,2026-08-17T17:16:10Z
2026-08-17T17:12:16Z,2026-08-17T19:12:16+0200,f372a1fc-a0b6-48c3-b979-dc927b00239d,2026-08-16T23:30:00Z,2026-08-17T01:30:00+0200,21.968,MW,NL,NL,actual_offshore_wind_generation,Wind Offshore | Actual Consumption,2026-08-17T17:16:10Z
2026-08-17T17:12:16Z,2026-08-17T19:12:16+0200,f372a1fc-a0b6-48c3-b979-dc927b00239d,2026-08-16T23:45:00Z,2026-08-17T01:45:00+0200,126.156,MW,NL,NL,actual_offshore_wind_generation,Wind Offshore | Actual Aggregated,2026-08-17T17:16:10Z
2026-08-17T17:12:16Z,2026-08-17T19:12:16+0200,f372a1fc-a0b6-48c3-b979-dc927b00239d,2026-08-16T23:45:00Z,2026-08-17T01:45:00+0200,19.97,MW,NL,NL,actual_offshore_wind_generation,Wind Offshore | Actual Consumption,2026-08-17T17:16:10Z
2026-08-17T17:12:16Z,2026-08-17T19:12:16+0200,f372a1fc-a0b6-48c3-b979-dc927b00239d,2026-08-17T00:00:00Z,2026-08-17T02:00:00+0200,148.997,MW,NL,NL,actual_offshore_wind_generation,Wind Offshore | Actual Aggregated,2026-08-17T17:16:10Z
2026-08-17T17:12:16Z,2026-08-17T19:12:16+0200,f372a1fc-a0b6-48c3-b979-dc927b00239d,2026-08-17T00:00:00Z,2026-08-17T02:00:00+0200,16.743,MW,NL,NL,actual_offshore_wind_generation,Wind Offshore | Actual Consumption,2026-08-17T17:16:10Z
2026-08-17T17:12:16Z,2026-08-17T19:12:16+0200,f372a1fc-a0b6-48c3-b979-dc927b00239d,2026-08-17T00:15:00Z,2026-08-17T02:15:00+0200,165.464,MW,NL,NL,actual_offshore_wind_generation,Wind Offshore | Actual Aggregated,2026-08-17T17:16:10Z
2026-08-17T17:12:16Z,2026-08-17T19:12:16+0200,f372a1fc-a0b6-48c3-b979-dc927b00239d,2026-08-17T00:15:00Z,2026-08-17T02:15:00+0200,14.685,MW,NL,NL,actual_offshore_wind_generation,Wind Offshore | Actual Consumption,2026-08-17T17:16:10Z
2026-08-17T17:12:16Z,2026-08-17T19:12:16+0200,f372a1fc-a0b6-48c3-b979-dc927b00239d,2026-08-17T00:30:00Z,2026-08-17T02:30:00+0200,177.153,MW,NL,NL,actual_offshore_wind_generation,Wind Offshore | Actual Aggregated,2026-08-17T17:16:10Z
2026-08-17T17:12:16Z,2026-08-17T19:12:16+0200,f372a1fc-a0b6-48c3-b979-dc927b00239d,2026-08-17T00:30:00Z,2026-08-17T02:30:00+0200,14.895,MW,NL,NL,actual_offshore_wind_generation,Wind Offshore | Actual Consumption,2026-08-17T17:16:10Z
2026-08-17T17:12:16Z,2026-08-17T19:12:16+0200,f372a1fc-a0b6-48c3-b979-dc927b00239d,2026-08-17T00:45:00Z,2026-08-17T02:45:00+0200,248.117,MW,NL,NL,actual_offshore_wind_generation,Wind Offshore | Actual Aggregated,2026-08-17T17:16:10Z
2026-08-17T17:12:16Z,2026-08-17T19:12:16+0200,f372a1fc-a0b6-48c3-b979-dc927b00239d,2026-08-17T00:45:00Z,2026-08-17T02:45:00+0200,13.604,MW,NL,NL,actual_offshore_wind_generation,Wind Offshore | Actual Consumption,2026-08-17T17:16:10Z
2026-08-17T17:12:16Z,2026-08-17T19:12:16+0200,f372a1fc-a0b6-48c3-b979-dc927b00239d,2026-08-17T01:00:00Z,2026-08-17T03:00:00+0200,391.487,MW,NL,NL,actual_offshore_wind_generation,Wind Offshore | Actual Aggregated,2026-08-17T17:16:10Z
2026-08-17T17:12:16Z,2026-08-17T19:12:16+0200,f372a1fc-a0b6-48c3-b979-dc927b00239d,2026-08-17T01:00:00Z,2026-08-17T03:00:00+0200,12.568,MW,NL,NL,actual_offshore_wind_generation,Wind Offshore | Actual Consumption,2026-08-17T17:16:10Z
2026-08-17T17:12:16Z,2026-08-17T19:12:16+0200,f372a1fc-a0b6-48c3-b979-dc927b00239d,2026-08-17T01:15:00Z,2026-08-17T03:15:00+0200,561.663,MW,NL,NL,actual_offshore_wind_generation,Wind Offshore | Actual Aggregated,2026-08-17T17:16:10Z
2026-08-17T17:12:16Z,2026-08-17T19:12:16+0200,f372a1fc-a0b6-48c3-b979-dc927b00239d,2026-08-17T01:15:00Z,2026-08-17T03:15:00+0200,9.838,MW,NL,NL,actual_offshore_wind_generation,Wind Offshore | Actual Consumption,2026-08-17T17:16:10Z
2026-08-17T17:12:16Z,2026-08-17T19:12:16+0200,f372a1fc-a0b6-48c3-b979-dc927b00239d,2026-08-17T01:30:00Z,2026-08-17T03:30:00+0200,859.866,MW,NL,NL,actual_offshore_wind_generation,Wind Offshore | Actual Aggregated,2026-08-17T17:16:10Z
2026-08-17T17:12:16Z,2026-08-17T19:12:16+0200,f372a1fc-a0b6-48c3-b979-dc927b00239d,2026-08-17T01:30:00Z,2026-08-17T03:30:00+0200,3.66,MW,NL,NL,actual_offshore_wind_generation,Wind Offshore | Actual Consumption,2026-08-17T17:16:10Z
2026-08-17T17:12:16Z,2026-08-17T19:12:16+0200,f372a1fc-a0b6-48c3-b979-dc927b00239d,2026-08-17T01:45:00Z,2026-08-17T03:45:00+0200,1108.644,MW,NL,NL,actual_offshore_wind_generation,Wind Offshore | Actual Aggregated,2026-08-17T17:16:10Z
2026-08-17T17:12:16Z,2026-08-17T19:12:16+0200,f372a1fc-a0b6-48c3-b979-dc927b00239d,2026-08-17T01:45:00Z,2026-08-17T03:45:00+0200,1.744,MW,NL,NL,actual_offshore_wind_generation,Wind Offshore | Actual Consumption,2026-08-17T17:16:10Z
2026-08-17T17:12:16Z,2026-08-17T19:12:16+0200,f372a1fc-a0b6-48c3-b979-dc927b00239d,2026-08-17T02:00:00Z,2026-08-17T04:00:00+0200,1135.999,MW,NL,NL,actual_offshore_wind_generation,Wind Offshore | Actual Aggregated,2026-08-17T17:16:10Z
2026-08-17T17:12:16Z,2026-08-17T19:12:16+0200,f372a1fc-a0b6-48c3-b979-dc927b00239d,2026-08-17T02:00:00Z,2026-08-17T04:00:00+0200,2.975,MW,NL,NL,actual_offshore_wind_generation,Wind Offshore | Actual Consumption,2026-08-17T17:16:10Z
2026-08-17T17:12:16Z,2026-08-17T19:12:16+0200,f372a1fc-a0b6-48c3-b979-dc927b00239d,2026-08-17T02:15:00Z,2026-08-17T04:15:00+0200,1211.735,MW,NL,NL,actual_offshore_wind_generation,Wind Offshore | Actual Aggregated,2026-08-17T17:16:10Z
2026-08-17T17:12:16Z,2026-08-17T19:12:16+0200,f372a1fc-a0b6-48c3-b979-dc927b00239d,2026-08-17T02:15:00Z,2026-08-17T04:15:00+0200,3.667,MW,NL,NL,actual_offshore_wind_generation,Wind Offshore | Actual Consumption,2026-08-17T17:16:10Z
2026-08-17T17:12:16Z,2026-08-17T19:12:16+0200,f372a1fc-a0b6-48c3-b979-dc927b00239d,2026-08-17T02:30:00Z,2026-08-17T04:30:00+0200,922.679,MW,NL,NL,actual_offshore_wind_generation,Wind Offshore | Actual Aggregated,2026-08-17T17:16:10Z
2026-08-17T17:12:16Z,2026-08-17T19:12:16+0200,f372a1fc-a0b6-48c3-b979-dc927b00239d,2026-08-17T02:30:00Z,2026-08-17T04:30:00+0200,3.143,MW,NL,NL,actual_offshore_wind_generation,Wind Offshore | Actual Consumption,2026-08-17T17:16:10Z
2026-08-17T17:12:16Z,2026-08-17T19:12:16+0200,f372a1fc-a0b6-48c3-b979-dc927b00239d,2026-08-17T02:45:00Z,2026-08-17T04:45:00+0200,817.698,MW,NL,NL,actual_offshore_wind_generation,Wind Offshore | Actual Aggregated,2026-08-17T17:16:10Z
2026-08-17T17:12:16Z,2026-08-17T19:12:16+0200,f372a1fc-a0b6-48c3-b979-dc927b00239d,2026-08-17T02:45:00Z,2026-08-17T04:45:00+0200,5.808,MW,NL,NL,actual_offshore_wind_generation,Wind Offshore | Actual Consumption,2026-08-17T17:16:10Z
2026-08-17T17:12:16Z,2026-08-17T19:12:16+0200,f372a1fc-a0b6-48c3-b979-dc927b00239d,2026-08-17T03:00:00Z,2026-08-17T05:00:00+0200,1031.055,MW,NL,NL,actual_offshore_wind_generation,Wind Offshore | Actual Aggregated,2026-08-17T17:16:10Z
2026-08-17T17:12:16Z,2026-08-17T19:12:16+0200,f372a1fc-a0b6-48c3-b979-dc927b00239d,2026-08-17T03:00:00Z,2026-08-17T05:00:00+0200,9.324,MW,NL,NL,actual_offshore_wind_generation,Wind Offshore | Actual Consumption,2026-08-17T17:16:10Z
2026-08-17T17:12:16Z,2026-08-17T19:12:16+0200,f372a1fc-a0b6-48c3-b979-dc927b00239d,2026-08-17T03:15:00Z,2026-08-17T05:15:00+0200,1221.038,MW,NL,NL,actual_offshore_wind_generation,Wind Offshore | Actual Aggregated,2026-08-17T17:16:10Z
2026-08-17T17:12:16Z,2026-08-17T19:12:16+0200,f372a1fc-a0b6-48c3-b979-dc927b00239d,2026-08-17T03:15:00Z,2026-08-17T05:15:00+0200,12.137,MW,NL,NL,actual_offshore_wind_generation,Wind Offshore | Actual Consumption,2026-08-17T17:16:10Z
2026-08-17T17:12:16Z,2026-08-17T19:12:16+0200,f372a1fc-a0b6-48c3-b979-dc927b00239d,2026-08-17T03:30:00Z,2026-08-17T05:30:00+0200,951.765,MW,NL,NL,actual_offshore_wind_generation,Wind Offshore | Actual Aggregated,2026-08-17T17:16:10Z
2026-08-17T17:12:16Z,2026-08-17T19:12:16+0200,f372a1fc-a0b6-48c3-b979-dc927b00239d,2026-08-17T03:30:00Z,2026-08-17T05:30:00+0200,9.434,MW,NL,NL,actual_offshore_wind_generation,Wind Offshore | Actual Consumption,2026-08-17T17:16:10Z
2026-08-17T17:12:16Z,2026-08-17T19:12:16+0200,f372a1fc-a0b6-48c3-b979-dc927b00239d,2026-08-17T03:45:00Z,2026-08-17T05:45:00+0200,694.43,MW,NL,NL,actual_offshore_wind_generation,Wind Offshore | Actual Aggregated,2026-08-17T17:16:10Z
2026-08-17T17:12:16Z,2026-08-17T19:12:16+0200,f372a1fc-a0b6-48c3-b979-dc927b00239d,2026-08-17T03:45:00Z,2026-08-17T05:45:00+0200,5.487,MW,NL,NL,actual_offshore_wind_generation,Wind Offshore | Actual Consumption,2026-08-17T17:16:10Z
2026-08-17T17:12:16Z,2026-08-17T19:12:16+0200,f372a1fc-a0b6-48c3-b979-dc927b00239d,2026-08-17T04:00:00Z,2026-08-17T06:00:00+0200,638.123,MW,NL,NL,actual_offshore_wind_generation,Wind Offshore | Actual Aggregated,2026-08-17T17:16:10Z
2026-08-17T17:12:16Z,2026-08-17T19:12:16+0200,f372a1fc-a0b6-48c3-b979-dc927b00239d,2026-08-17T04:00:00Z,2026-08-17T06:00:00+0200,3.874,MW,NL,NL,actual_offshore_wind_generation,Wind Offshore | Actual Consumption,2026-08-17T17:16:10Z
2026-08-17T17:12:16Z,2026-08-17T19:12:16+0200,f372a1fc-a0b6-48c3-b979-dc927b00239d,2026-08-17T04:15:00Z,2026-08-17T06:15:00+0200,577.752,MW,NL,NL,actual_offshore_wind_generation,Wind Offshore | Actual Aggregated,2026-08-17T17:16:10Z
2026-08-17T17:12:16Z,2026-08-17T19:12:16+0200,f372a1fc-a0b6-48c3-b979-dc927b00239d,2026-08-17T04:15:00Z,2026-08-17T06:15:00+0200,3.156,MW,NL,NL,actual_offshore_wind_generation,Wind Offshore | Actual Consumption,2026-08-17T17:16:10Z
2026-08-17T17:12:16Z,2026-08-17T19:12:16+0200,f372a1fc-a0b6-48c3-b979-dc927b00239d,2026-08-17T04:30:00Z,2026-08-17T06:30:00+0200,470.218,MW,NL,NL,actual_offshore_wind_generation,Wind Offshore | Actual Aggregated,2026-08-17T17:16:10Z
2026-08-17T17:12:16Z,2026-08-17T19:12:16+0200,f372a1fc-a0b6-48c3-b979-dc927b00239d,2026-08-17T04:30:00Z,2026-08-17T06:30:00+0200,4.157,MW,NL,NL,actual_offshore_wind_generation,Wind Offshore | Actual Consumption,2026-08-17T17:16:10Z
2026-08-17T17:12:16Z,2026-08-17T19:12:16+0200,f372a1fc-a0b6-48c3-b979-dc927b00239d,2026-08-17T04:45:00Z,2026-08-17T06:45:00+0200,464.019,MW,NL,NL,actual_offshore_wind_generation,Wind Offshore | Actual Aggregated,2026-08-17T17:16:10Z
2026-08-17T17:12:16Z,2026-08-17T19:12:16+0200,f372a1fc-a0b6-48c3-b979-dc927b00239d,2026-08-17T04:45:00Z,2026-08-17T06:45:00+0200,3.558,MW,NL,NL,actual_offshore_wind_generation,Wind Offshore | Actual Consumption,2026-08-17T17:16:10Z
2026-08-17T17:12:16Z,2026-08-17T19:12:16+0200,f372a1fc-a0b6-48c3-b979-dc927b00239d,2026-08-17T05:00:00Z,2026-08-17T07:00:00+0200,509.685,MW,NL,NL,actual_offshore_wind_generation,Wind Offshore | Actual Aggregated,2026-08-17T17:16:10Z
2026-08-17T17:12:16Z,2026-08-17T19:12:16+0200,f372a1fc-a0b6-48c3-b979-dc927b00239d,2026-08-17T05:00:00Z,2026-08-17T07:00:00+0200,4.002,MW,NL,NL,actual_offshore_wind_generation,Wind Offshore | Actual Consumption,2026-08-17T17:16:10Z
2026-08-17T17:12:16Z,2026-08-17T19:12:16+0200,f372a1fc-a0b6-48c3-b979-dc927b00239d,2026-08-17T05:15:00Z,2026-08-17T07:15:00+0200,474.864,MW,NL,NL,actual_offshore_wind_generation,Wind Offshore | Actual Aggregated,2026-08-17T17:16:10Z
2026-08-17T17:12:16Z,2026-08-17T19:12:16+0200,f372a1fc-a0b6-48c3-b979-dc927b00239d,2026-08-17T05:15:00Z,2026-08-17T07:15:00+0200,3.92,MW,NL,NL,actual_offshore_wind_generation,Wind Offshore | Actual Consumption,2026-08-17T17:16:10Z
2026-08-17T17:12:16Z,2026-08-17T19:12:16+0200,f372a1fc-a0b6-48c3-b979-dc927b00239d,2026-08-17T05:30:00Z,2026-08-17T07:30:00+0200,412.017,MW,NL,NL,actual_offshore_wind_generation,Wind Offshore | Actual Aggregated,2026-08-17T17:16:10Z
2026-08-17T17:12:16Z,2026-08-17T19:12:16+0200,f372a1fc-a0b6-48c3-b979-dc927b00239d,2026-08-17T05:30:00Z,2026-08-17T07:30:00+0200,5.024,MW,NL,NL,actual_offshore_wind_generation,Wind Offshore | Actual Consumption,2026-08-17T17:16:10Z
2026-08-17T17:12:16Z,2026-08-17T19:12:16+0200,f372a1fc-a0b6-48c3-b979-dc927b00239d,2026-08-17T05:45:00Z,2026-08-17T07:45:00+0200,372.73,MW,NL,NL,actual_offshore_wind_generation,Wind Offshore | Actual Aggregated,2026-08-17T17:16:10Z
2026-08-17T17:12:16Z,2026-08-17T19:12:16+0200,f372a1fc-a0b6-48c3-b979-dc927b00239d,2026-08-17T05:45:00Z,2026-08-17T07:45:00+0200,5.049,MW,NL,NL,actual_offshore_wind_generation,Wind Offshore | Actual Consumption,2026-08-17T17:16:10Z
2026-08-17T17:12:16Z,2026-08-17T19:12:16+0200,f372a1fc-a0b6-48c3-b979-dc927b00239d,2026-08-17T06:00:00Z,2026-08-17T08:00:00+0200,349.258,MW,NL,NL,actual_offshore_wind_generation,Wind Offshore | Actual Aggregated,2026-08-17T17:16:10Z
2026-08-17T17:12:16Z,2026-08-17T19:12:16+0200,f372a1fc-a0b6-48c3-b979-dc927b00239d,2026-08-17T06:00:00Z,2026-08-17T08:00:00+0200,0.69,MW,NL,NL,actual_offshore_wind_generation,Wind Offshore | Actual Consumption,2026-08-17T17:16:10Z
2026-08-17T17:12:16Z,2026-08-17T19:12:16+0200,f372a1fc-a0b6-48c3-b979-dc927b00239d,2026-08-17T06:15:00Z,2026-08-17T08:15:00+0200,343.081,MW,NL,NL,actual_offshore_wind_generation,Wind Offshore | Actual Aggregated,2026-08-17T17:16:10Z
2026-08-17T17:12:16Z,2026-08-17T19:12:16+0200,f372a1fc-a0b6-48c3-b979-dc927b00239d,2026-08-17T06:15:00Z,2026-08-17T08:15:00+0200,0.0,MW,NL,NL,actual_offshore_wind_generation,Wind Offshore | Actual Consumption,2026-08-17T17:16:10Z
2026-08-17T17:12:16Z,2026-08-17T19:12:16+0200,f372a1fc-a0b6-48c3-b979-dc927b00239d,2026-08-17T06:30:00Z,2026-08-17T08:30:00+0200,335.261,MW,NL,NL,actual_offshore_wind_generation,Wind Offshore | Actual Aggregated,2026-08-17T17:16:10Z
2026-08-17T17:12:16Z,2026-08-17T19:12:16+0200,f372a1fc-a0b6-48c3-b979-dc927b00239d,2026-08-17T06:30:00Z,2026-08-17T08:30:00+0200,0.548,MW,NL,NL,actual_offshore_wind_generation,Wind Offshore | Actual Consumption,2026-08-17T17:16:10Z
2026-08-17T17:12:16Z,2026-08-17T19:12:16+0200,f372a1fc-a0b6-48c3-b979-dc927b00239d,2026-08-17T06:45:00Z,2026-08-17T08:45:00+0200,363.508,MW,NL,NL,actual_offshore_wind_generation,Wind Offshore | Actual Aggregated,2026-08-17T17:16:10Z
2026-08-17T17:12:16Z,2026-08-17T19:12:16+0200,f372a1fc-a0b6-48c3-b979-dc927b00239d,2026-08-17T06:45:00Z,2026-08-17T08:45:00+0200,1.044,MW,NL,NL,actual_offshore_wind_generation,Wind Offshore | Actual Consumption,2026-08-17T17:16:10Z
2026-08-17T17:12:16Z,2026-08-17T19:12:16+0200,f372a1fc-a0b6-48c3-b979-dc927b00239d,2026-08-17T07:00:00Z,2026-08-17T09:00:00+0200,361.954,MW,NL,NL,actual_offshore_wind_generation,Wind Offshore | Actual Aggregated,2026-08-17T17:16:10Z
2026-08-17T17:12:16Z,2026-08-17T19:12:16+0200,f372a1fc-a0b6-48c3-b979-dc927b00239d,2026-08-17T07:00:00Z,2026-08-17T09:00:00+0200,0.691,MW,NL,NL,actual_offshore_wind_generation,Wind Offshore | Actual Consumption,2026-08-17T17:16:10Z
2026-08-17T17:12:16Z,2026-08-17T19:12:16+0200,f372a1fc-a0b6-48c3-b979-dc927b00239d,2026-08-17T07:15:00Z,2026-08-17T09:15:00+0200,352.655,MW,NL,NL,actual_offshore_wind_generation,Wind Offshore | Actual Aggregated,2026-08-17T17:16:10Z
2026-08-17T17:12:16Z,2026-08-17T19:12:16+0200,f372a1fc-a0b6-48c3-b979-dc927b00239d,2026-08-17T07:15:00Z,2026-08-17T09:15:00+0200,2.575,MW,NL,NL,actual_offshore_wind_generation,Wind Offshore | Actual Consumption,2026-08-17T17:16:10Z
2026-08-17T17:12:16Z,2026-08-17T19:12:16+0200,f372a1fc-a0b6-48c3-b979-dc927b00239d,2026-08-17T07:30:00Z,2026-08-17T09:30:00+0200,349.028,MW,NL,NL,actual_offshore_wind_generation,Wind Offshore | Actual Aggregated,2026-08-17T17:16:10Z
2026-08-17T17:12:16Z,2026-08-17T19:12:16+0200,f372a1fc-a0b6-48c3-b979-dc927b00239d,2026-08-17T07:30:00Z,2026-08-17T09:30:00+0200,2.774,MW,NL,NL,actual_offshore_wind_generation,Wind Offshore | Actual Consumption,2026-08-17T17:16:10Z
2026-08-17T17:12:16Z,2026-08-17T19:12:16+0200,f372a1fc-a0b6-48c3-b979-dc927b00239d,2026-08-17T07:45:00Z,2026-08-17T09:45:00+0200,358.872,MW,NL,NL,actual_offshore_wind_generation,Wind Offshore | Actual Aggregated,2026-08-17T17:16:10Z
2026-08-17T17:12:16Z,2026-08-17T19:12:16+0200,f372a1fc-a0b6-48c3-b979-dc927b00239d,2026-08-17T07:45:00Z,2026-08-17T09:45:00+0200,4.385,MW,NL,NL,actual_offshore_wind_generation,Wind Offshore | Actual Consumption,2026-08-17T17:16:10Z
2026-08-17T17:12:16Z,2026-08-17T19:12:16+0200,f372a1fc-a0b6-48c3-b979-dc927b00239d,2026-08-17T08:00:00Z,2026-08-17T10:00:00+0200,416.997,MW,NL,NL,actual_offshore_wind_generation,Wind Offshore | Actual Aggregated,2026-08-17T17:16:10Z
2026-08-17T17:12:16Z,2026-08-17T19:12:16+0200,f372a1fc-a0b6-48c3-b979-dc927b00239d,2026-08-17T08:00:00Z,2026-08-17T10:00:00+0200,2.487,MW,NL,NL,actual_offshore_wind_generation,Wind Offshore | Actual Consumption,2026-08-17T17:16:10Z
2026-08-17T17:12:16Z,2026-08-17T19:12:16+0200,f372a1fc-a0b6-48c3-b979-dc927b00239d,2026-08-17T08:15:00Z,2026-08-17T10:15:00+0200,408.48,MW,NL,NL,actual_offshore_wind_generation,Wind Offshore | Actual Aggregated,2026-08-17T17:16:10Z
2026-08-17T17:12:16Z,2026-08-17T19:12:16+0200,f372a1fc-a0b6-48c3-b979-dc927b00239d,2026-08-17T08:15:00Z,2026-08-17T10:15:00+0200,1.522,MW,NL,NL,actual_offshore_wind_generation,Wind Offshore | Actual Consumption,2026-08-17T17:16:10Z
2026-08-17T17:12:16Z,2026-08-17T19:12:16+0200,f372a1fc-a0b6-48c3-b979-dc927b00239d,2026-08-17T08:30:00Z,2026-08-17T10:30:00+0200,411.181,MW,NL,NL,actual_offshore_wind_generation,Wind Offshore | Actual Aggregated,2026-08-17T17:16:10Z
2026-08-17T17:12:16Z,2026-08-17T19:12:16+0200,f372a1fc-a0b6-48c3-b979-dc927b00239d,2026-08-17T08:30:00Z,2026-08-17T10:30:00+0200,2.624,MW,NL,NL,actual_offshore_wind_generation,Wind Offshore | Actual Consumption,2026-08-17T17:16:10Z
2026-08-17T17:12:16Z,2026-08-17T19:12:16+0200,f372a1fc-a0b6-48c3-b979-dc927b00239d,2026-08-17T08:45:00Z,2026-08-17T10:45:00+0200,428.452,MW,NL,NL,actual_offshore_wind_generation,Wind Offshore | Actual Aggregated,2026-08-17T17:16:10Z
2026-08-17T17:12:16Z,2026-08-17T19:12:16+0200,f372a1fc-a0b6-48c3-b979-dc927b00239d,2026-08-17T08:45:00Z,2026-08-17T10:45:00+0200,2.851,MW,NL,NL,actual_offshore_wind_generation,Wind Offshore | Actual Consumption,2026-08-17T17:16:10Z
2026-08-17T17:12:16Z,2026-08-17T19:12:16+0200,f372a1fc-a0b6-48c3-b979-dc927b00239d,2026-08-17T09:00:00Z,2026-08-17T11:00:00+0200,404.073,MW,NL,NL,actual_offshore_wind_generation,Wind Offshore | Actual Aggregated,2026-08-17T17:16:10Z
2026-08-17T17:12:16Z,2026-08-17T19:12:16+0200,f372a1fc-a0b6-48c3-b979-dc927b00239d,2026-08-17T09:00:00Z,2026-08-17T11:00:00+0200,0.415,MW,NL,NL,actual_offshore_wind_generation,Wind Offshore | Actual Consumption,2026-08-17T17:16:10Z
2026-08-17T17:12:16Z,2026-08-17T19:12:16+0200,f372a1fc-a0b6-48c3-b979-dc927b00239d,2026-08-17T09:15:00Z,2026-08-17T11:15:00+0200,389.542,MW,NL,NL,actual_offshore_wind_generation,Wind Offshore | Actual Aggregated,2026-08-17T17:16:10Z
2026-08-17T17:12:16Z,2026-08-17T19:12:16+0200,f372a1fc-a0b6-48c3-b979-dc927b00239d,2026-08-17T09:15:00Z,2026-08-17T11:15:00+0200,1.115,MW,NL,NL,actual_offshore_wind_generation,Wind Offshore | Actual Consumption,2026-08-17T17:16:10Z
2026-08-17T17:12:16Z,2026-08-17T19:12:16+0200,f372a1fc-a0b6-48c3-b979-dc927b00239d,2026-08-17T09:30:00Z,2026-08-17T11:30:00+0200,367.271,MW,NL,NL,actual_offshore_wind_generation,Wind Offshore | Actual Aggregated,2026-08-17T17:16:10Z
2026-08-17T17:12:16Z,2026-08-17T19:12:16+0200,f372a1fc-a0b6-48c3-b979-dc927b00239d,2026-08-17T09:30:00Z,2026-08-17T11:30:00+0200,5.744,MW,NL,NL,actual_offshore_wind_generation,Wind Offshore | Actual Consumption,2026-08-17T17:16:10Z
2026-08-17T17:12:16Z,2026-08-17T19:12:16+0200,f372a1fc-a0b6-48c3-b979-dc927b00239d,2026-08-17T09:45:00Z,2026-08-17T11:45:00+0200,361.53,MW,NL,NL,actual_offshore_wind_generation,Wind Offshore | Actual Aggregated,2026-08-17T17:16:10Z
2026-08-17T17:12:16Z,2026-08-17T19:12:16+0200,f372a1fc-a0b6-48c3-b979-dc927b00239d,2026-08-17T09:45:00Z,2026-08-17T11:45:00+0200,9.443,MW,NL,NL,actual_offshore_wind_generation,Wind Offshore | Actual Consumption,2026-08-17T17:16:10Z
2026-08-17T17:12:16Z,2026-08-17T19:12:16+0200,f372a1fc-a0b6-48c3-b979-dc927b00239d,2026-08-17T10:00:00Z,2026-08-17T12:00:00+0200,337.796,MW,NL,NL,actual_offshore_wind_generation,Wind Offshore | Actual Aggregated,2026-08-17T17:16:10Z
2026-08-17T17:12:16Z,2026-08-17T19:12:16+0200,f372a1fc-a0b6-48c3-b979-dc927b00239d,2026-08-17T10:00:00Z,2026-08-17T12:00:00+0200,11.07,MW,NL,NL,actual_offshore_wind_generation,Wind Offshore | Actual Consumption,2026-08-17T17:16:10Z
2026-08-17T17:12:16Z,2026-08-17T19:12:16+0200,f372a1fc-a0b6-48c3-b979-dc927b00239d,2026-08-17T10:15:00Z,2026-08-17T12:15:00+0200,306.405,MW,NL,NL,actual_offshore_wind_generation,Wind Offshore | Actual Aggregated,2026-08-17T17:16:10Z
2026-08-17T17:12:16Z,2026-08-17T19:12:16+0200,f372a1fc-a0b6-48c3-b979-dc927b00239d,2026-08-17T10:15:00Z,2026-08-17T12:15:00+0200,12.514,MW,NL,NL,actual_offshore_wind_generation,Wind Offshore | Actual Consumption,2026-08-17T17:16:10Z
2026-08-17T17:12:16Z,2026-08-17T19:12:16+0200,f372a1fc-a0b6-48c3-b979-dc927b00239d,2026-08-17T10:30:00Z,2026-08-17T12:30:00+0200,265.843,MW,NL,NL,actual_offshore_wind_generation,Wind Offshore | Actual Aggregated,2026-08-17T17:16:10Z
2026-08-17T17:12:16Z,2026-08-17T19:12:16+0200,f372a1fc-a0b6-48c3-b979-dc927b00239d,2026-08-17T10:30:00Z,2026-08-17T12:30:00+0200,13.239,MW,NL,NL,actual_offshore_wind_generation,Wind Offshore | Actual Consumption,2026-08-17T17:16:10Z
2026-08-17T17:12:16Z,2026-08-17T19:12:16+0200,f372a1fc-a0b6-48c3-b979-dc927b00239d,2026-08-17T10:45:00Z,2026-08-17T12:45:00+0200,262.643,MW,NL,NL,actual_offshore_wind_generation,Wind Offshore | Actual Aggregated,2026-08-17T17:16:10Z
2026-08-17T17:12:16Z,2026-08-17T19:12:16+0200,f372a1fc-a0b6-48c3-b979-dc927b00239d,2026-08-17T10:45:00Z,2026-08-17T12:45:00+0200,13.964,MW,NL,NL,actual_offshore_wind_generation,Wind Offshore | Actual Consumption,2026-08-17T17:16:10Z
2026-08-17T17:12:16Z,2026-08-17T19:12:16+0200,f372a1fc-a0b6-48c3-b979-dc927b00239d,2026-08-17T11:00:00Z,2026-08-17T13:00:00+0200,255.641,MW,NL,NL,actual_offshore_wind_generation,Wind Offshore | Actual Aggregated,2026-08-17T17:16:10Z
2026-08-17T17:12:16Z,2026-08-17T19:12:16+0200,f372a1fc-a0b6-48c3-b979-dc927b00239d,2026-08-17T11:00:00Z,2026-08-17T13:00:00+0200,14.216,MW,NL,NL,actual_offshore_wind_generation,Wind Offshore | Actual Consumption,2026-08-17T17:16:10Z
2026-08-17T17:12:16Z,2026-08-17T19:12:16+0200,f372a1fc-a0b6-48c3-b979-dc927b00239d,2026-08-17T11:15:00Z,2026-08-17T13:15:00+0200,255.174,MW,NL,NL,actual_offshore_wind_generation,Wind Offshore | Actual Aggregated,2026-08-17T17:16:10Z
2026-08-17T17:12:16Z,2026-08-17T19:12:16+0200,f372a1fc-a0b6-48c3-b979-dc927b00239d,2026-08-17T11:15:00Z,2026-08-17T13:15:00+0200,14.155,MW,NL,NL,actual_offshore_wind_generation,Wind Offshore | Actual Consumption,2026-08-17T17:16:10Z
2026-08-17T17:12:16Z,2026-08-17T19:12:16+0200,f372a1fc-a0b6-48c3-b979-dc927b00239d,2026-08-17T11:30:00Z,2026-08-17T13:30:00+0200,270.061,MW,NL,NL,actual_offshore_wind_generation,Wind Offshore | Actual Aggregated,2026-08-17T17:16:10Z
2026-08-17T17:12:16Z,2026-08-17T19:12:16+0200,f372a1fc-a0b6-48c3-b979-dc927b00239d,2026-08-17T11:30:00Z,2026-08-17T13:30:00+0200,13.867,MW,NL,NL,actual_offshore_wind_generation,Wind Offshore | Actual Consumption,2026-08-17T17:16:10Z
2026-08-17T17:12:16Z,2026-08-17T19:12:16+0200,f372a1fc-a0b6-48c3-b979-dc927b00239d,2026-08-17T11:45:00Z,2026-08-17T13:45:00+0200,255.629,MW,NL,NL,actual_offshore_wind_generation,Wind Offshore | Actual Aggregated,2026-08-17T17:16:10Z
2026-08-17T17:12:16Z,2026-08-17T19:12:16+0200,f372a1fc-a0b6-48c3-b979-dc927b00239d,2026-08-17T11:45:00Z,2026-08-17T13:45:00+0200,13.839,MW,NL,NL,actual_offshore_wind_generation,Wind Offshore | Actual Consumption,2026-08-17T17:16:10Z
2026-08-17T17:12:16Z,2026-08-17T19:12:16+0200,f372a1fc-a0b6-48c3-b979-dc927b00239d,2026-08-17T12:00:00Z,2026-08-17T14:00:00+0200,242.621,MW,NL,NL,actual_offshore_wind_generation,Wind Offshore | Actual Aggregated,2026-08-17T17:16:10Z
2026-08-17T17:12:16Z,2026-08-17T19:12:16+0200,f372a1fc-a0b6-48c3-b979-dc927b00239d,2026-08-17T12:00:00Z,2026-08-17T14:00:00+0200,13.864,MW,NL,NL,actual_offshore_wind_generation,Wind Offshore | Actual Consumption,2026-08-17T17:16:10Z
2026-08-17T17:12:16Z,2026-08-17T19:12:16+0200,f372a1fc-a0b6-48c3-b979-dc927b00239d,2026-08-17T12:15:00Z,2026-08-17T14:15:00+0200,245.071,MW,NL,NL,actual_offshore_wind_generation,Wind Offshore | Actual Aggregated,2026-08-17T17:16:10Z
2026-08-17T17:12:16Z,2026-08-17T19:12:16+0200,f372a1fc-a0b6-48c3-b979-dc927b00239d,2026-08-17T12:15:00Z,2026-08-17T14:15:00+0200,13.484,MW,NL,NL,actual_offshore_wind_generation,Wind Offshore | Actual Consumption,2026-08-17T17:16:10Z
2026-08-17T17:12:16Z,2026-08-17T19:12:16+0200,f372a1fc-a0b6-48c3-b979-dc927b00239d,2026-08-17T12:30:00Z,2026-08-17T14:30:00+0200,275.713,MW,NL,NL,actual_offshore_wind_generation,Wind Offshore | Actual Aggregated,2026-08-17T17:16:10Z
2026-08-17T17:12:16Z,2026-08-17T19:12:16+0200,f372a1fc-a0b6-48c3-b979-dc927b00239d,2026-08-17T12:30:00Z,2026-08-17T14:30:00+0200,13.17,MW,NL,NL,actual_offshore_wind_generation,Wind Offshore | Actual Consumption,2026-08-17T17:16:10Z
2026-08-17T17:12:16Z,2026-08-17T19:12:16+0200,f372a1fc-a0b6-48c3-b979-dc927b00239d,2026-08-17T12:45:00Z,2026-08-17T14:45:00+0200,276.987,MW,NL,NL,actual_offshore_wind_generation,Wind Offshore | Actual Aggregated,2026-08-17T17:16:10Z
2026-08-17T17:12:16Z,2026-08-17T19:12:16+0200,f372a1fc-a0b6-48c3-b979-dc927b00239d,2026-08-17T12:45:00Z,2026-08-17T14:45:00+0200,11.354,MW,NL,NL,actual_offshore_wind_generation,Wind Offshore | Actual Consumption,2026-08-17T17:16:10Z
2026-08-17T17:12:16Z,2026-08-17T19:12:16+0200,f372a1fc-a0b6-48c3-b979-dc927b00239d,2026-08-17T13:00:00Z,2026-08-17T15:00:00+0200,271.211,MW,NL,NL,actual_offshore_wind_generation,Wind Offshore | Actual Aggregated,2026-08-17T17:16:10Z
2026-08-17T17:12:16Z,2026-08-17T19:12:16+0200,f372a1fc-a0b6-48c3-b979-dc927b00239d,2026-08-17T13:00:00Z,2026-08-17T15:00:00+0200,12.759,MW,NL,NL,actual_offshore_wind_generation,Wind Offshore | Actual Consumption,2026-08-17T17:16:10Z
2026-08-17T17:12:16Z,2026-08-17T19:12:16+0200,f372a1fc-a0b6-48c3-b979-dc927b00239d,2026-08-17T13:15:00Z,2026-08-17T15:15:00+0200,276.052,MW,NL,NL,actual_offshore_wind_generation,Wind Offshore | Actual Aggregated,2026-08-17T17:16:10Z
2026-08-17T17:12:16Z,2026-08-17T19:12:16+0200,f372a1fc-a0b6-48c3-b979-dc927b00239d,2026-08-17T13:15:00Z,2026-08-17T15:15:00+0200,13.716,MW,NL,NL,actual_offshore_wind_generation,Wind Offshore | Actual Consumption,2026-08-17T17:16:10Z
2026-08-17T17:12:16Z,2026-08-17T19:12:16+0200,f372a1fc-a0b6-48c3-b979-dc927b00239d,2026-08-17T13:30:00Z,2026-08-17T15:30:00+0200,258.748,MW,NL,NL,actual_offshore_wind_generation,Wind Offshore | Actual Aggregated,2026-08-17T17:16:10Z
2026-08-17T17:12:16Z,2026-08-17T19:12:16+0200,f372a1fc-a0b6-48c3-b979-dc927b00239d,2026-08-17T13:30:00Z,2026-08-17T15:30:00+0200,14.089,MW,NL,NL,actual_offshore_wind_generation,Wind Offshore | Actual Consumption,2026-08-17T17:16:10Z
2026-08-17T17:12:16Z,2026-08-17T19:12:16+0200,f372a1fc-a0b6-48c3-b979-dc927b00239d,2026-08-17T13:45:00Z,2026-08-17T15:45:00+0200,250.198,MW,NL,NL,actual_offshore_wind_generation,Wind Offshore | Actual Aggregated,2026-08-17T17:16:10Z
2026-08-17T17:12:16Z,2026-08-17T19:12:16+0200,f372a1fc-a0b6-48c3-b979-dc927b00239d,2026-08-17T13:45:00Z,2026-08-17T15:45:00+0200,12.059,MW,NL,NL,actual_offshore_wind_generation,Wind Offshore | Actual Consumption,2026-08-17T17:16:10Z
2026-08-17T17:12:16Z,2026-08-17T19:12:16+0200,f372a1fc-a0b6-48c3-b979-dc927b00239d,2026-08-17T14:00:00Z,2026-08-17T16:00:00+0200,242.988,MW,NL,NL,actual_offshore_wind_generation,Wind Offshore | Actual Aggregated,2026-08-17T17:16:10Z
2026-08-17T17:12:16Z,2026-08-17T19:12:16+0200,f372a1fc-a0b6-48c3-b979-dc927b00239d,2026-08-17T14:00:00Z,2026-08-17T16:00:00+0200,11.004,MW,NL,NL,actual_offshore_wind_generation,Wind Offshore | Actual Consumption,2026-08-17T17:16:10Z
2026-08-17T17:12:16Z,2026-08-17T19:12:16+0200,f372a1fc-a0b6-48c3-b979-dc927b00239d,2026-08-17T14:15:00Z,2026-08-17T16:15:00+0200,270.746,MW,NL,NL,actual_offshore_wind_generation,Wind Offshore | Actual Aggregated,2026-08-17T17:16:10Z
2026-08-17T17:12:16Z,2026-08-17T19:12:16+0200,f372a1fc-a0b6-48c3-b979-dc927b00239d,2026-08-17T14:15:00Z,2026-08-17T16:15:00+0200,11.69,MW,NL,NL,actual_offshore_wind_generation,Wind Offshore | Actual Consumption,2026-08-17T17:16:10Z
2026-08-17T17:12:16Z,2026-08-17T19:12:16+0200,f372a1fc-a0b6-48c3-b979-dc927b00239d,2026-08-17T14:30:00Z,2026-08-17T16:30:00+0200,270.555,MW,NL,NL,actual_offshore_wind_generation,Wind Offshore | Actual Aggregated,2026-08-17T17:16:10Z
2026-08-17T17:12:16Z,2026-08-17T19:12:16+0200,f372a1fc-a0b6-48c3-b979-dc927b00239d,2026-08-17T14:30:00Z,2026-08-17T16:30:00+0200,12.396,MW,NL,NL,actual_offshore_wind_generation,Wind Offshore | Actual Consumption,2026-08-17T17:16:10Z
2026-08-17T17:12:16Z,2026-08-17T19:12:16+0200,f372a1fc-a0b6-48c3-b979-dc927b00239d,2026-08-17T14:45:00Z,2026-08-17T16:45:00+0200,258.617,MW,NL,NL,actual_offshore_wind_generation,Wind Offshore | Actual Aggregated,2026-08-17T17:16:10Z
2026-08-17T17:12:16Z,2026-08-17T19:12:16+0200,f372a1fc-a0b6-48c3-b979-dc927b00239d,2026-08-17T14:45:00Z,2026-08-17T16:45:00+0200,13.42,MW,NL,NL,actual_offshore_wind_generation,Wind Offshore | Actual Consumption,2026-08-17T17:16:10Z
2026-08-17T17:12:16Z,2026-08-17T19:12:16+0200,f372a1fc-a0b6-48c3-b979-dc927b00239d,2026-08-17T15:00:00Z,2026-08-17T17:00:00+0200,247.985,MW,NL,NL,actual_offshore_wind_generation,Wind Offshore | Actual Aggregated,2026-08-17T17:16:10Z
2026-08-17T17:12:16Z,2026-08-17T19:12:16+0200,f372a1fc-a0b6-48c3-b979-dc927b00239d,2026-08-17T15:00:00Z,2026-08-17T17:00:00+0200,13.29,MW,NL,NL,actual_offshore_wind_generation,Wind Offshore | Actual Consumption,2026-08-17T17:16:10Z
2026-08-17T17:12:16Z,2026-08-17T19:12:16+0200,f372a1fc-a0b6-48c3-b979-dc927b00239d,2026-08-17T15:15:00Z,2026-08-17T17:15:00+0200,250.832,MW,NL,NL,actual_offshore_wind_generation,Wind Offshore | Actual Aggregated,2026-08-17T17:16:10Z
2026-08-17T17:12:16Z,2026-08-17T19:12:16+0200,f372a1fc-a0b6-48c3-b979-dc927b00239d,2026-08-17T15:15:00Z,2026-08-17T17:15:00+0200,13.591,MW,NL,NL,actual_offshore_wind_generation,Wind Offshore | Actual Consumption,2026-08-17T17:16:10Z
2026-08-17T17:12:16Z,2026-08-17T19:12:16+0200,f372a1fc-a0b6-48c3-b979-dc927b00239d,2026-08-17T15:30:00Z,2026-08-17T17:30:00+0200,247.172,MW,NL,NL,actual_offshore_wind_generation,Wind Offshore | Actual Aggregated,2026-08-17T17:16:10Z
2026-08-17T17:12:16Z,2026-08-17T19:12:16+0200,f372a1fc-a0b6-48c3-b979-dc927b00239d,2026-08-17T15:30:00Z,2026-08-17T17:30:00+0200,11.618,MW,NL,NL,actual_offshore_wind_generation,Wind Offshore | Actual Consumption,2026-08-17T17:16:10Z
2026-08-17T17:12:16Z,2026-08-17T19:12:16+0200,f372a1fc-a0b6-48c3-b979-dc927b00239d,2026-08-17T15:45:00Z,2026-08-17T17:45:00+0200,257.98,MW,NL,NL,actual_offshore_wind_generation,Wind Offshore | Actual Aggregated,2026-08-17T17:16:10Z
2026-08-17T17:12:16Z,2026-08-17T19:12:16+0200,f372a1fc-a0b6-48c3-b979-dc927b00239d,2026-08-17T15:45:00Z,2026-08-17T17:45:00+0200,12.226,MW,NL,NL,actual_offshore_wind_generation,Wind Offshore | Actual Consumption,2026-08-17T17:16:10Z
2026-08-17T17:12:16Z,2026-08-17T19:12:16+0200,f372a1fc-a0b6-48c3-b979-dc927b00239d,2026-08-17T16:00:00Z,2026-08-17T18:00:00+0200,293.916,MW,NL,NL,actual_offshore_wind_generation,Wind Offshore | Actual Aggregated,2026-08-17T17:16:10Z
2026-08-17T17:12:16Z,2026-08-17T19:12:16+0200,f372a1fc-a0b6-48c3-b979-dc927b00239d,2026-08-17T16:00:00Z,2026-08-17T18:00:00+0200,11.942,MW,NL,NL,actual_offshore_wind_generation,Wind Offshore | Actual Consumption,2026-08-17T17:16:10Z
2026-08-17T17:12:16Z,2026-08-17T19:12:16+0200,f372a1fc-a0b6-48c3-b979-dc927b00239d,2026-08-17T16:15:00Z,2026-08-17T18:15:00+0200,266.679,MW,NL,NL,actual_offshore_wind_generation,Wind Offshore | Actual Aggregated,2026-08-17T17:16:10Z
2026-08-17T17:12:16Z,2026-08-17T19:12:16+0200,f372a1fc-a0b6-48c3-b979-dc927b00239d,2026-08-17T16:15:00Z,2026-08-17T18:15:00+0200,12.502,MW,NL,NL,actual_offshore_wind_generation,Wind Offshore | Actual Consumption,2026-08-17T17:16:10Z
